Area,Item,Element,Unit,2000,2001,2002,2003,2004,2005,2006,2007,2008,2009,2010,2011,2012,2013,2014,2015,2016,2017,2018,2019,2020
Afghanistan,Crop Residues,Direct emissions (N2O),kilotonnes,0.52,0.5267,0.82,0.9988,0.8225,1.1821,1.0277,1.2426,0.8869,1.392,1.2742,1.0321,1.3726,1.4018,1.4584,1.2424,1.194,1.0617,0.8988,1.2176,1.317
Afghanistan,Crop Residues,Indirect emissions (N2O),kilotonnes,0.117,0.1185,0.1845,0.2247,0.1851,0.266,0.2312,0.2796,0.1996,0.3132,0.2867,0.2322,0.3088,0.3154,0.3281,0.2795,0.2687,0.2389,0.2022,0.274,0.2963
Afghanistan,Crop Residues,Emissions (N2O),kilotonnes,0.637,0.6452,1.0045,1.2235,1.0075,1.4481,1.2589,1.5222,1.0865,1.7051,1.5609,1.2643,1.6815,1.7173,1.7865,1.522,1.4627,1.3005,1.1011,1.4916,1.6133
Afghanistan,Crop Residues,Emissions (CO2eq) from N2O (AR5),kilotonnes,168.807,170.9884,266.1975,324.2195,266.9995,383.7498,333.6093,403.3749,287.9099,451.8647,413.6467,335.0379,445.5958,455.0727,473.4174,403.3181,387.613,344.6447,291.7838,395.2689,427.5284
Afghanistan,Crop Residues,Emissions (CO2eq) (AR5),kilotonnes,168.807,170.9884,266.1975,324.2195,266.9995,383.7498,333.6093,403.3749,287.9099,451.8647,413.6467,335.0379,445.5958,455.0727,473.4174,403.3181,387.613,344.6447,291.7838,395.2689,427.5284
Afghanistan,Rice Cultivation,Emissions (CH4),kilotonnes,18.2,16.94,18.9,20.3,27.3,22.4,22.4,23.8,26.6,28,29.12,29.4,28.7,28.7,30.8,22.96,16.66,15.3233,16.4555,17.8542,20.6577
Afghanistan,Rice Cultivation,Emissions (CO2eq) from CH4 (AR5),kilotonnes,509.6,474.32,529.2,568.4,764.4,627.2,627.2,666.4,744.8,784,815.36,823.2,803.6,803.6,862.4,642.88,466.48,429.0518,460.7529,499.9176,578.4156
Afghanistan,Rice Cultivation,Emissions (CO2eq) (AR5),kilotonnes,509.6,474.32,529.2,568.4,764.4,627.2,627.2,666.4,744.8,784,815.36,823.2,803.6,803.6,862.4,642.88,466.48,429.0518,460.7529,499.9176,578.4156
Afghanistan,Burning - Crop residues,Emissions (CH4),kilotonnes,2.6471,2.3205,2.3553,3.4017,3.0089,3.4752,3.2535,3.2921,2.9674,3.4614,3.3507,3.2219,3.4035,3.4506,3.5413,2.9452,3.0734,2.7997,2.139,2.9693,3.4826
Afghanistan,Burning - Crop residues,Emissions (CH4),kilotonnes,,,,,,10.07,,,,,,,,5,,,,,,,
Afghanistan,Burning - Crop residues,Emissions (N2O),kilotonnes,0.0686,0.0602,0.0611,0.0882,0.078,0.0901,0.0844,0.0854,0.0769,0.0897,0.0869,0.0835,0.0882,0.0895,0.0918,0.0764,0.0797,0.0726,0.0555,0.077,0.0903
Afghanistan,Burning - Crop residues,Emissions (N2O),kilotonnes,,,,,,0.021,,,,,,,,,,,,,,,
Afghanistan,Burning - Crop residues,Emissions (CO2eq) from CH4 (AR5),kilotonnes,74.1182,64.9744,65.9497,95.2481,84.2486,97.3048,91.0984,92.1795,83.0882,96.9194,93.8207,90.2137,95.2987,96.6172,99.1558,82.4646,86.0555,78.391,59.8924,83.1393,97.513
Afghanistan,Burning - Crop residues,Emissions (CO2eq) from CH4 (AR5),kilotonnes,,,,,,281.96,,,,,,,,140,,,,,,,
Afghanistan,Burning - Crop residues,Emissions (CO2eq) from N2O (AR5),kilotonnes,18.1864,15.9428,16.1821,23.3711,20.6721,23.8757,22.3528,22.6181,20.3874,23.7811,23.0208,22.1358,23.3835,23.707,24.3299,20.2344,21.1155,19.2348,14.6958,20.3999,23.9268
Afghanistan,Burning - Crop residues,Emissions (CO2eq) from N2O (AR5),kilotonnes,,,,,,5.565,,,,,,,,,,,,,,,
Afghanistan,Burning - Crop residues,Emissions (CO2eq) (AR5),kilotonnes,92.3047,80.9172,82.1318,118.6191,104.9208,121.1805,113.4512,114.7976,103.4756,120.7005,116.8416,112.3495,118.6822,120.3242,123.4857,102.6989,107.171,97.6259,74.5882,103.5392,121.4398
Afghanistan,Burning - Crop residues,Emissions (CO2eq) (AR5),kilotonnes,,,,,,287.525,,,,,,,,140,,,,,,,
Afghanistan,Enteric Fermentation,Emissions (CH4),kilotonnes,272.14,225.403,287.893,293.626,285.598,295.401,300.807,304.225,339.559,345.658,401.068,402.513,396.921,393.093,398.287,382.694,380.2907,370.8133,378.9994,363.9018,378.5858
Afghanistan,Enteric Fermentation,Emissions (CH4),kilotonnes,,,,,,309.03,,,,,,,,414,,,,,,,
Afghanistan,Enteric Fermentation,Emissions (CO2eq) from CH4 (AR5),kilotonnes,7619.92,6311.284,8061.004,8221.528,7996.744,8271.228,8422.596,8518.3,9507.652,9678.424,11229.904,11270.364,11113.788,11006.604,11152.036,10715.4312,10648.1387,10382.7732,10611.9842,10189.2498,10600.4026
Afghanistan,Enteric Fermentation,Emissions (CO2eq) from CH4 (AR5),kilotonnes,,,,,,8652.84,,,,,,,,11592,,,,,,,
Afghanistan,Enteric Fermentation,Emissions (CO2eq) (AR5),kilotonnes,7619.92,6311.284,8061.004,8221.528,7996.744,8271.228,8422.596,8518.3,9507.652,9678.424,11229.904,11270.364,11113.788,11006.604,11152.036,10715.4312,10648.1387,10382.7732,10611.9842,10189.2498,10600.4026
Afghanistan,Enteric Fermentation,Emissions (CO2eq) (AR5),kilotonnes,,,,,,8652.84,,,,,,,,11592,,,,,,,
Afghanistan,Manure Management,Emissions (CH4),kilotonnes,15.0621,12.1998,18.3753,18.6686,17.5698,18.49,19.5214,20.5011,22.421,22.5567,26.5669,26.1599,26.0913,26.0859,26.3682,24.762,24.6335,23.6543,24.3787,24.0501,24.2306
Afghanistan,Manure Management,Emissions (CH4),kilotonnes,,,,,,99.59,,,,,,,,40,,,,,,,
Afghanistan,Manure Management,Emissions (N2O),kilotonnes,0.3613,0.3193,0.2945,0.3033,0.3173,0.3285,0.3005,0.2771,0.3326,0.3542,0.398,0.4177,0.4013,0.3868,0.3932,0.3946,0.3932,0.4014,0.4028,0.3513,0.4033
Afghanistan,Manure Management,Emissions (CO2eq) from CH4 (AR5),kilotonnes,421.7377,341.5936,514.5073,522.7211,491.9558,517.7189,546.5998,574.0322,627.7872,631.5865,743.8726,732.4766,730.5556,730.4049,738.3107,693.3371,689.739,662.3203,682.6043,673.4015,678.4564
Afghanistan,Manure Management,Emissions (CO2eq) from CH4 (AR5),kilotonnes,,,,,,2788.52,,,,,,,,1120,,,,,,,
Afghanistan,Manure Management,Emissions (CO2eq) from N2O (AR5),kilotonnes,95.7551,84.6123,78.054,80.3814,84.0816,87.0479,79.643,73.4362,88.1474,93.8549,105.4627,110.6942,106.3533,102.4912,104.193,104.5636,104.1987,106.3599,106.7321,93.0997,106.8751
Afghanistan,Manure Management,Emissions (CO2eq) (AR5),kilotonnes,517.4928,426.2058,592.5613,603.1024,576.0374,604.7668,626.2428,647.4684,715.9345,725.4414,849.3353,843.1709,836.9089,832.8961,842.5037,797.9007,793.9377,768.6802,789.3364,766.5012,785.3315
Afghanistan,Manure Management,Emissions (CO2eq) (AR5),kilotonnes,,,,,,2788.52,,,,,,,,1120,,,,,,,
Afghanistan,Manure left on Pasture,Direct emissions (N2O),kilotonnes,6.2178,5.1754,6.0466,6.1595,6.213,6.2571,6.0699,5.8292,6.6444,6.8031,7.7697,8.0296,7.9278,7.7774,7.8589,7.678,7.6066,7.5549,7.6663,7.2406,7.7306
Afghanistan,Manure left on Pasture,Indirect emissions (N2O),kilotonnes,2.2615,1.8957,2.0719,2.1145,2.1754,2.1576,2.0421,1.9071,2.1979,2.2671,2.5605,2.6884,2.6335,2.5663,2.5957,2.583,2.5555,2.5615,2.5862,2.4101,2.6226
Afghanistan,Manure left on Pasture,Emissions (N2O),kilotonnes,8.4794,7.0711,8.1185,8.2741,8.3884,8.4148,8.1119,7.7363,8.8423,9.0702,10.3302,10.718,10.5613,10.3438,10.4546,10.261,10.1621,10.1164,10.2525,9.6507,10.3532
Afghanistan,Manure left on Pasture,Emissions (CO2eq) from N2O (AR5),kilotonnes,2247.0318,1873.8501,2151.399,2192.6235,2222.9262,2229.9178,2149.6659,2050.1299,2343.2058,2403.6078,2737.4933,2840.266,2798.7363,2741.0994,2770.4672,2719.1528,2692.957,2680.8381,2716.9079,2557.4329,2743.5945
Afghanistan,Manure left on Pasture,Emissions (CO2eq) (AR5),kilotonnes,2247.0318,1873.8501,2151.399,2192.6235,2222.9262,2229.9178,2149.6659,2050.1299,2343.2058,2403.6078,2737.4933,2840.266,2798.7363,2741.0994,2770.4672,2719.1528,2692.957,2680.8381,2716.9079,2557.4329,2743.5945
Afghanistan,Manure applied to Soils,Direct emissions (N2O),kilotonnes,0.9093,0.7871,0.831,0.8498,0.8585,0.8989,0.8629,0.8344,0.9729,1.0157,1.1602,1.1903,1.1701,1.144,1.1589,1.1215,1.1173,1.1186,1.1321,1.0273,1.1293
Afghanistan,Manure applied to Soils,Indirect emissions (N2O),kilotonnes,0.3865,0.3345,0.3532,0.3612,0.3649,0.382,0.3667,0.3546,0.4135,0.4317,0.4931,0.5059,0.4973,0.4862,0.4925,0.4766,0.4749,0.4754,0.4811,0.4366,0.4799
Afghanistan,Manure applied to Soils,Emissions (N2O),kilotonnes,1.2958,1.1216,1.1842,1.211,1.2234,1.2809,1.2296,1.189,1.3863,1.4474,1.6533,1.6961,1.6674,1.6302,1.6514,1.5981,1.5922,1.594,1.6132,1.464,1.6092
Afghanistan,Manure applied to Soils,Emissions (CO2eq) from N2O (AR5),kilotonnes,343.3925,297.2256,313.8126,320.9031,324.1949,339.4386,325.8497,315.0754,367.3777,383.5555,438.1226,449.4714,441.8546,432.0026,437.6203,423.5038,421.9268,422.4022,427.5072,387.95,426.4361
Afghanistan,Manure applied to Soils,Emissions (CO2eq) (AR5),kilotonnes,343.3925,297.2256,313.8126,320.9031,324.1949,339.4386,325.8497,315.0754,367.3777,383.5555,438.1226,449.4714,441.8546,432.0026,437.6203,423.5038,421.9268,422.4022,427.5072,387.95,426.4361
Afghanistan,Synthetic Fertilizers,Direct emissions (N2O),kilotonnes,0.0786,0.2891,0.3854,0.3207,0.3511,0.3216,0.3216,0.2574,0.2268,0.2224,0.2032,0.361,0.2682,0.5485,1.1609,1.4538,1.5191,2.2122,0.7325,0.9382,0.6779
Afghanistan,Synthetic Fertilizers,Indirect emissions (N2O),kilotonnes,0.0255,0.094,0.1252,0.1042,0.1141,0.1045,0.1045,0.0836,0.0737,0.0723,0.066,0.1173,0.0872,0.1783,0.3773,0.4725,0.4937,0.719,0.2381,0.3049,0.2203
Afghanistan,Synthetic Fertilizers,Emissions (N2O),kilotonnes,0.1041,0.3831,0.5106,0.4249,0.4651,0.4261,0.4261,0.341,0.3005,0.2947,0.2692,0.4783,0.3553,0.7267,1.5381,1.9263,2.0128,2.9312,0.9706,1.2431,0.8983
Afghanistan,Synthetic Fertilizers,Emissions (CO2eq) from N2O (AR5),kilotonnes,27.5884,101.5253,135.313,112.5994,123.2632,112.9256,112.9095,90.3646,79.6313,78.1076,71.3381,126.7445,94.1605,192.5879,407.6066,510.4734,533.3987,776.7559,257.1983,329.4215,238.0417
Afghanistan,Synthetic Fertilizers,Emissions (CO2eq) (AR5),kilotonnes,27.5884,101.5253,135.313,112.5994,123.2632,112.9256,112.9095,90.3646,79.6313,78.1076,71.3381,126.7445,94.1605,192.5879,407.6066,510.4734,533.3987,776.7559,257.1983,329.4215,238.0417
Afghanistan,Drained organic soils,Emissions (CO2eq) (AR5),kilotonnes,0,0,0,0,0,0,0,0,0,0,0,0,0,0,0,0,0,0,0,0,0
Afghanistan,Drained organic soils (CO2),Emissions (CO2),kilotonnes,0,0,0,0,0,0,0,0,0,0,0,0,0,0,0,0,0,0,0,0,0
Afghanistan,Drained organic soils (CO2),Emissions (CO2eq) (AR5),kilotonnes,0,0,0,0,0,0,0,0,0,0,0,0,0,0,0,0,0,0,0,0,0
Afghanistan,Drained organic soils (N2O),Emissions (N2O),kilotonnes,0,0,0,0,0,0,0,0,0,0,0,0,0,0,0,0,0,0,0,0,0
Afghanistan,Drained organic soils (N2O),Emissions (CO2eq) from N2O (AR5),kilotonnes,0,0,0,0,0,0,0,0,0,0,0,0,0,0,0,0,0,0,0,0,0
Afghanistan,Drained organic soils (N2O),Emissions (CO2eq) (AR5),kilotonnes,0,0,0,0,0,0,0,0,0,0,0,0,0,0,0,0,0,0,0,0,0
Afghanistan,On-farm energy use,Emissions (CH4),kilotonnes,0.0021,0.0046,0.0029,0.0049,0.0042,0.0047,0.008,0.0765,0.1169,0.178,0.2316,0.4201,0.2564,0.2441,0.1946,0.1091,0.0894,0.0888,0.0872,0.0657,0.0657
Afghanistan,On-farm energy use,Emissions (N2O),kilotonnes,0.0079,0.0091,0.0103,0.0112,0.0143,0.0187,0.0356,0.0187,0.0426,0.0734,0.1027,0.1023,0.1107,0.0704,0.0589,0.0768,0.059,0.0399,0.04,0.0362,0.0362
Afghanistan,On-farm energy use,Emissions (CO2),kilotonnes,25.0585,28.5361,37.477,38.7123,41.6129,54.7141,98.5999,76.4629,149.2237,245.4437,336.6644,393.0081,363.2833,256.0833,211.6509,231.8452,181.6056,132.7927,132.8417,117.0798,117.0798
Afghanistan,On-farm energy use,Emissions (CO2eq) from CH4 (AR5),kilotonnes,0.0594,0.1275,0.0824,0.1361,0.1187,0.1326,0.2232,2.1428,3.2741,4.9848,6.4851,11.7641,7.1798,6.8354,5.4478,3.054,2.5041,2.4852,2.441,1.8396,1.8396
Afghanistan,On-farm energy use,Emissions (CO2eq) from N2O (AR5),kilotonnes,2.0975,2.4132,2.7356,2.9556,3.7778,4.9681,9.4333,4.9604,11.2953,19.4434,27.2198,27.1184,29.3431,18.6473,15.6044,20.3541,15.6463,10.5656,10.6006,9.5998,9.5998
Afghanistan,On-farm energy use,Emissions (CO2eq) (AR5),kilotonnes,27.2153,31.0767,40.2951,41.804,45.5094,59.8148,108.2564,83.5662,163.793,269.8719,370.3694,431.8906,399.8062,281.566,232.7031,255.2532,199.7561,145.8434,145.8832,128.5193,128.5193
Afghanistan,Forestland,Emissions (CO2),kilotonnes,-2388.803,121.9016,121.9016,121.9016,121.9016,121.9016,121.9016,121.9016,121.9016,121.9016,121.9016,-246.2191,-246.2191,-246.2191,-246.2191,-246.2191,154.6574,154.6574,154.6574,154.6574,154.6574
Afghanistan,Forestland,Emissions (CO2eq) (AR5),kilotonnes,-2388.803,121.9016,121.9016,121.9016,121.9016,121.9016,121.9016,121.9016,121.9016,121.9016,121.9016,-246.2191,-246.2191,-246.2191,-246.2191,-246.2191,154.6574,154.6574,154.6574,154.6574,154.6574
Afghanistan,Net Forest conversion,Emissions (CO2),kilotonnes,0,0,0,0,0,0,0,0,0,0,0,0,0,0,0,0,0,0,0,0,0
Afghanistan,Net Forest conversion,Emissions (CO2eq) (AR5),kilotonnes,0,0,0,0,0,0,0,0,0,0,0,0,0,0,0,0,0,0,0,0,0
Afghanistan,Savanna fires,Emissions (CH4),kilotonnes,0.4365,0.0043,0.1735,1.0692,0.2294,0.102,0.0845,0.0541,0.5319,0.0502,0.4753,0.0353,0.0555,0.0605,0.0513,0.0162,0.0317,0.0077,0.0038,0.1361,0.2077
Afghanistan,Savanna fires,Emissions (N2O),kilotonnes,0.0398,0.0004,0.0158,0.0976,0.0209,0.0093,0.0077,0.0049,0.0486,0.0046,0.0434,0.0032,0.0051,0.0055,0.0047,0.0015,0.0029,0.0007,0.0004,0.0124,0.019
Afghanistan,Savanna fires,Emissions (CO2eq) from CH4 (AR5),kilotonnes,12.2208,0.119,4.8582,29.9363,6.4244,2.857,2.3647,1.5148,14.8929,1.4046,13.3098,0.9877,1.5533,1.6949,1.4375,0.4535,0.8882,0.2154,0.1077,3.8114,5.8165
Afghanistan,Savanna fires,Emissions (CO2eq) from N2O (AR5),kilotonnes,10.5602,0.1029,4.1981,25.8689,5.5515,2.4689,2.0434,1.309,12.8694,1.2137,11.5014,0.8535,1.3422,1.4646,1.2422,0.3919,0.7675,0.1861,0.0931,3.2936,5.0262
Afghanistan,Savanna fires,Emissions (CO2eq) (AR5),kilotonnes,22.781,0.2219,9.0562,55.8052,11.9759,5.3259,4.4081,2.8238,27.7623,2.6183,24.8111,1.8412,2.8955,3.1595,2.6796,0.8454,1.6558,0.4015,0.2008,7.105,10.8427
Afghanistan,Fires in organic soils,Emissions (CH4),kilotonnes,0,0,0,0,0,0,0,0,0,0,0,0,0,0,0,0,0,0,0,0,0
Afghanistan,Fires in organic soils,Emissions (CO2),kilotonnes,0,0,0,0,0,0,0,0,0,0,0,0,0,0,0,0,0,0,0,0,0
Afghanistan,Fires in organic soils,Emissions (CO2eq) from CH4 (AR5),kilotonnes,0,0,0,0,0,0,0,0,0,0,0,0,0,0,0,0,0,0,0,0,0
Afghanistan,Fires in organic soils,Emissions (CO2eq) (AR5),kilotonnes,0,0,0,0,0,0,0,0,0,0,0,0,0,0,0,0,0,0,0,0,0
Afghanistan,Forest fires,Emissions (CH4),kilotonnes,0.0167,0,0,0,0,0,0,0,0,0,0,0,0,0,0,0,0,0,0,0,0
Afghanistan,Forest fires,Emissions (N2O),kilotonnes,0.0009,0,0,0,0,0,0,0,0,0,0,0,0,0,0,0,0,0,0,0,0
Afghanistan,Forest fires,Emissions (CO2eq) from CH4 (AR5),kilotonnes,0.4668,0,0,0,0,0,0,0,0,0,0,0,0,0,0,0,0,0,0,0,0
Afghanistan,Forest fires,Emissions (CO2eq) from N2O (AR5),kilotonnes,0.2443,0,0,0,0,0,0,0,0,0,0,0,0,0,0,0,0,0,0,0,0
Afghanistan,Forest fires,Emissions (CO2eq) (AR5),kilotonnes,0.7111,0,0,0,0,0,0,0,0,0,0,0,0,0,0,0,0,0,0,0,0
Afghanistan,Fires in humid tropical forests,Emissions (CH4),kilotonnes,0,0,0,0,0,0,0,0,0,0,0,0,0,0,0,0,0,0,0,0,0
Afghanistan,Fires in humid tropical forests,Emissions (N2O),kilotonnes,0,0,0,0,0,0,0,0,0,0,0,0,0,0,0,0,0,0,0,0,0
Afghanistan,Fires in humid tropical forests,Emissions (CO2eq) from CH4 (AR5),kilotonnes,0,0,0,0,0,0,0,0,0,0,0,0,0,0,0,0,0,0,0,0,0
Afghanistan,Fires in humid tropical forests,Emissions (CO2eq) from N2O (AR5),kilotonnes,0,0,0,0,0,0,0,0,0,0,0,0,0,0,0,0,0,0,0,0,0
Afghanistan,Fires in humid tropical forests,Emissions (CO2eq) (AR5),kilotonnes,0,0,0,0,0,0,0,0,0,0,0,0,0,0,0,0,0,0,0,0,0
Afghanistan,Waste - agri-food systems,Emissions (CH4),kilotonnes,29.946,30.8044,40.2395,45.954,51.4873,57.22,62.3728,67.3723,72.1664,76.7999,81.4689,86.0858,90.636,95.0417,98.8771,102.9378,106.7268,110.3551,113.7916,117.0614,120.2471
Afghanistan,Waste - agri-food systems,Emissions (N2O),kilotonnes,0.3727,0.3661,0.4416,0.4597,0.4749,0.4773,0.4899,0.5254,0.5471,0.5685,0.5882,0.6149,0.6357,0.6503,0.6441,0.6466,0.6639,0.6767,0.6944,0.7118,0.7294
Afghanistan,Waste - agri-food systems,Emissions (CO2),kilotonnes,0,0,34.4786,34.6461,34.8741,35.1425,35.3229,35.8454,35.9022,36.2225,36.6037,36.7843,36.9582,36.9768,37.0037,36.8965,36.8113,36.8652,36.8059,36.869,36.9745
Afghanistan,Waste - agri-food systems,Emissions (CO2eq) from CH4 (AR5),kilotonnes,838.4871,862.523,1126.7069,1286.7122,1441.6448,1602.1595,1746.4371,1886.4256,2020.6595,2150.3975,2281.128,2410.4026,2537.8092,2661.1682,2768.5587,2882.2571,2988.3505,3089.9415,3186.1638,3277.7186,3366.9197
Afghanistan,Waste - agri-food systems,Emissions (CO2eq) from N2O (AR5),kilotonnes,98.7604,97.0262,117.0249,121.8109,125.8558,126.4792,129.8111,139.2442,144.9866,150.6504,155.875,162.9455,168.4698,172.3313,170.6899,171.3532,175.9342,179.3125,184.0239,188.6163,193.2905
Afghanistan,Waste - agri-food systems,Emissions (CO2eq) (AR5),kilotonnes,937.2475,959.5492,1278.2103,1443.1692,1602.3747,1763.7812,1911.5711,2061.5152,2201.5483,2337.2704,2473.6066,2610.1324,2743.2372,2870.4764,2976.2523,3090.5068,3201.096,3306.1192,3406.9936,3503.2038,3597.1847
Afghanistan,Fertilizers Manufacturing,Emissions (CO2),kilotonnes,35.7872,35.4204,44.5876,31.3226,36.4378,29.1263,33.9886,31.4764,28.5988,26.4955,22.3799,32.4927,29.4433,29.9814,28.6394,27.2354,27.8469,25.2837,24.2826,23.2331,23.0557
Afghanistan,Fertilizers Manufacturing,Emissions (CO2eq) (AR5),kilotonnes,35.7872,35.4204,44.5876,31.3226,36.4378,29.1263,33.9886,31.4764,28.5988,26.4955,22.3799,32.4927,29.4433,29.9814,28.6394,27.2354,27.8469,25.2837,24.2826,23.2331,23.0557
Afghanistan,On-farm electricity use,Emissions (CH4),kilotonnes,0.012,0.012,0.018,0.018,0.024,0.024,0.072,0.12,0.12,0.12,0.12,0.12,0.12,0.12,0.132,0.1329,0.1276,0.1314,0.138,0.1392,0.1392
Afghanistan,On-farm electricity use,Emissions (N2O),kilotonnes,0.0001,0.0001,0.0001,0.0001,0.0001,0.0001,0.0004,0.0006,0.0006,0.0006,0.0006,0.0006,0.0006,0.0006,0.0006,0.0007,0.0007,0.0006,0.0007,0.0007,0.0007
Afghanistan,On-farm electricity use,Emissions (CO2),kilotonnes,2.7774,3.2371,5.1501,5.4767,8.1217,8.2136,21.4152,32.6876,31.0674,31.558,31.4779,31.5036,31.5232,34.3698,37.8067,38.0816,36.535,37.6348,39.5252,39.869,39.869
Afghanistan,On-farm electricity use,Emissions (CO2eq) from CH4 (AR5),kilotonnes,0.336,0.336,0.504,0.504,0.672,0.672,2.016,3.36,3.36,3.36,3.36,3.36,3.36,3.36,3.696,3.7212,3.5728,3.6792,3.864,3.8976,3.8976
Afghanistan,On-farm electricity use,Emissions (CO2eq) from N2O (AR5),kilotonnes,0.0265,0.0265,0.0265,0.0265,0.0265,0.0265,0.106,0.159,0.159,0.159,0.159,0.159,0.159,0.159,0.159,0.1855,0.1855,0.159,0.1855,0.1855,0.1855
Afghanistan,On-farm electricity use,Emissions (CO2eq) (AR5),kilotonnes,3.1399,3.5996,5.6806,6.0072,8.8202,8.9121,23.5372,36.2066,34.5864,35.077,34.9969,35.0226,35.0422,37.8888,41.6617,41.9883,40.2933,41.473,43.5747,43.9521,43.9521
Afghanistan,Food Processing,Emissions (CH4),kilotonnes,0.9714,0.9635,1.0761,1.1388,1.1365,1.2502,1.2905,1.1782,1.2948,1.5834,1.8619,2.6735,2.2481,0.1933,0.218,0.1788,0.1745,0.1864,0.1875,0.225,0.2334
Afghanistan,Food Processing,Emissions (N2O),kilotonnes,0.0005,0.0005,0.0005,0.0006,0.0005,0.0006,0.0006,0.001,0.0015,0.0019,0.002,0.0034,0.0026,0.0004,0.0003,0.0004,0.0003,0.0004,0.0004,0.0004,0.0004
Afghanistan,Food Processing,Emissions (CO2),kilotonnes,10.5259,11.212,14.8957,17.02,12.7357,18.8725,22.1871,51.3405,99.3855,152.6062,157.0495,241.896,209.7859,71.0095,66.3401,66.9964,57.343,53.5748,52.1563,72.6639,72.1092
Afghanistan,Food Processing,Emissions (CO2eq) from CH4 (AR5),kilotonnes,27.1992,26.978,30.1308,31.8864,31.822,35.0056,36.134,32.9896,36.2544,44.3352,52.1332,74.858,62.9468,5.4124,6.104,5.0064,4.886,5.2192,5.25,6.3,6.5357
Afghanistan,Food Processing,Emissions (CO2eq) from N2O (AR5),kilotonnes,0.1325,0.1325,0.1325,0.159,0.1325,0.159,0.159,0.265,0.3975,0.5035,0.53,0.901,0.689,0.106,0.0795,0.106,0.0795,0.106,0.106,0.106,0.1106
Afghanistan,Food Processing,Emissions (CO2eq) (AR5),kilotonnes,37.8576,38.3225,45.159,49.0654,44.6902,54.0371,58.4801,84.5951,136.0374,197.4449,209.7127,317.655,273.4217,76.5279,72.5236,72.1088,62.3085,58.9,57.5123,79.0699,78.7554
Afghanistan,Food Packaging,Emissions (CH4),kilotonnes,0.0006,0.0005,0.0006,0.0005,0.0005,0.0005,0.0005,0.0007,0.0007,0.0007,0.0007,0.0012,0.0011,0.0038,0.0042,0.0032,0.0033,0.0035,0.0035,0.0029,0.003
Afghanistan,Food Packaging,Emissions (N2O),kilotonnes,0,0,0,0,0,0,0,0,0,0,0,0.0001,0,0,0,0,0,0,0,0,0
Afghanistan,Food Packaging,Emissions (CO2),kilotonnes,1.5922,1.4973,1.9442,2.1223,1.5023,1.9834,2.2763,3.6906,6.2353,9.4377,10.9338,17.4054,14.0508,11.6875,10.763,10.5717,8.7649,8.0683,10.8451,12.1045,12.0121
Afghanistan,Food Packaging,Emissions (CO2eq) from CH4 (AR5),kilotonnes,0.0168,0.014,0.0168,0.014,0.014,0.014,0.014,0.0196,0.0196,0.0196,0.0196,0.0336,0.0308,0.1064,0.1176,0.0896,0.0924,0.098,0.098,0.0812,0.0842
Afghanistan,Food Packaging,Emissions (CO2eq) from N2O (AR5),kilotonnes,0,0,0,0,0,0,0,0,0,0,0,0.0265,0,0,0,0,0,0,0,0,0
Afghanistan,Food Packaging,Emissions (CO2eq) (AR5),kilotonnes,1.609,1.5113,1.961,2.1363,1.5163,1.9974,2.2903,3.7102,6.2549,9.4573,10.9534,17.4655,14.0816,11.7939,10.8806,10.6613,8.8573,8.1663,10.9431,12.1857,12.0963
Afghanistan,Food Retail,Emissions (CH4),kilotonnes,0.0045,0.0045,0.0055,0.0062,0.0062,0.0062,0.0125,0.0156,0.0156,0.0156,0.0156,0.0156,0.0451,0.0367,0.049,0.0494,0.0474,0.0488,0.0512,0.0414,0.0429
Afghanistan,Food Retail,Emissions (N2O),kilotonnes,0,0,0,0,0,0,0.0001,0.0001,0.0001,0.0001,0.0001,0.0001,0.0002,0.0002,0.0002,0.0002,0.0002,0.0002,0.0003,0.0002,0.0002
Afghanistan,Food Retail,Emissions (CO2),kilotonnes,1.0471,1.2204,1.5622,1.8986,2.1116,2.1355,3.712,4.2494,4.0388,4.1025,4.0921,4.0955,11.8433,10.5178,14.0476,14.1459,13.5695,13.9761,14.6553,11.7543,11.6646
Afghanistan,Food Retail,Emissions (CO2eq) from CH4 (AR5),kilotonnes,0.126,0.126,0.154,0.1736,0.1736,0.1736,0.35,0.4368,0.4368,0.4368,0.4368,0.4368,1.2628,1.0276,1.372,1.3832,1.3272,1.3664,1.4336,1.1592,1.2026
Afghanistan,Food Retail,Emissions (CO2eq) from N2O (AR5),kilotonnes,0,0,0,0,0,0,0.0265,0.0265,0.0265,0.0265,0.0265,0.0265,0.053,0.053,0.053,0.053,0.053,0.053,0.0795,0.053,0.0553
Afghanistan,Food Retail,Emissions (CO2eq) (AR5),kilotonnes,1.1731,1.3464,1.7162,2.0722,2.2852,2.3091,4.0885,4.7127,4.5021,4.5658,4.5554,4.5588,13.1591,11.5984,15.4726,15.5821,14.9497,15.3955,16.1684,12.9665,12.9224
Afghanistan,Food Household Consumption,Emissions (CH4),kilotonnes,0.0511,0.05,0.0638,0.0689,0.0788,0.0802,0.1584,0.1555,0.1571,0.1704,0.7169,0.8331,0.9853,0.9913,1.128,1.1337,1.3944,1.4411,1.5082,1.5406,1.5982
Afghanistan,Food Household Consumption,Emissions (N2O),kilotonnes,0.0004,0.0004,0.0004,0.0004,0.0005,0.0005,0.0012,0.0009,0.001,0.0018,0.0041,0.0045,0.0052,0.0052,0.0057,0.0057,0.007,0.0075,0.0076,0.0076,0.0079
Afghanistan,Food Household Consumption,Emissions (CO2),kilotonnes,12.075,13.4863,18.3789,21.3559,41.9606,52.964,84.345,59.0926,69.0754,164.7553,252.5457,265.1593,292.3777,317.3458,344.9223,332.1633,411.5902,458.7671,447.2549,441.2589,437.8905
Afghanistan,Food Household Consumption,Emissions (CO2eq) from CH4 (AR5),kilotonnes,1.4308,1.4,1.7864,1.9292,2.2064,2.2456,4.4352,4.354,4.3988,4.7712,20.0732,23.3268,27.5884,27.7564,31.584,31.7436,39.0432,40.3508,42.2296,43.1368,44.7504
Afghanistan,Food Household Consumption,Emissions (CO2eq) from N2O (AR5),kilotonnes,0.106,0.106,0.106,0.106,0.1325,0.1325,0.318,0.2385,0.265,0.477,1.0865,1.1925,1.378,1.378,1.5105,1.5105,1.855,1.9875,2.014,2.014,2.1007
Afghanistan,Food Household Consumption,Emissions (CO2eq) (AR5),kilotonnes,13.6118,14.9923,20.2713,23.3911,44.2995,55.3421,89.0982,63.6851,73.7392,170.0035,273.7054,289.6786,321.3441,346.4802,378.0168,365.4174,452.4884,501.1054,491.4985,486.4097,484.7416
Afghanistan,Food Transport,Emissions (CH4),kilotonnes,0.0072,0.0074,0.0059,0.0087,0.0073,0.0125,0.0157,0.0149,0.0525,0.1098,0.1456,0.2645,0.194,0.123,0.0839,0.1131,0.0706,0.0961,0.0989,0.1289,0.1337
Afghanistan,Food Transport,Emissions (N2O),kilotonnes,0.0003,0.0003,0.0002,0.0003,0.0003,0.0005,0.0006,0.0006,0.0019,0.0039,0.0054,0.0106,0.0085,0.0053,0.0039,0.0053,0.0035,0.0047,0.0049,0.0057,0.0059
Afghanistan,Food Transport,Emissions (CO2),kilotonnes,13.7445,12.9455,10.449,15.2185,13.9375,22.362,29.809,24.854,81.9535,169.468,241.406,484.62,400.31,252.375,186.58,258.13,170.8975,233.265,240.165,269.5374,267.4799
Afghanistan,Food Transport,Emissions (CO2eq) from CH4 (AR5),kilotonnes,0.2016,0.2072,0.1652,0.2436,0.2044,0.35,0.4396,0.4172,1.47,3.0744,4.0768,7.406,5.432,3.444,2.3492,3.1668,1.9768,2.6908,2.7692,3.6092,3.7442
Afghanistan,Food Transport,Emissions (CO2eq) from N2O (AR5),kilotonnes,0.0795,0.0795,0.053,0.0795,0.0795,0.1325,0.159,0.159,0.5035,1.0335,1.431,2.809,2.2525,1.4045,1.0335,1.4045,0.9275,1.2455,1.2985,1.5105,1.5755
Afghanistan,Food Transport,Emissions (CO2eq) (AR5),kilotonnes,14.0256,13.2322,10.6672,15.5416,14.2214,22.8445,30.4076,25.4302,83.927,173.5759,246.9138,494.835,407.9945,257.2235,189.9627,262.7013,173.8018,237.2013,244.2327,274.6571,272.7996
Afghanistan,Energy,Emissions (CH4),kilotonnes,13.7,13.4,14.2,14.6,15.1,16,15.9,19.5,21.1,23.4,27.8,43,39.1,38.5,39.5,31.2,29.7,31.8,30.8,40.1,41.6
Afghanistan,Energy,Emissions (N2O),kilotonnes,0.0743,0.0774,0.0785,0.0831,0.0846,0.0897,0.0935,0.106,0.132,0.163,0.187,0.36,0.302,0.258,0.219,0.233,0.202,0.247,0.251,0.302,0.315
Afghanistan,Energy,Emissions (CO2),kilotonnes,751,795,1070,1200,907,1330,1660,2290,4220,6770,8440,12200,10300,8470,7820,7930,6740,7930,8390,9170,9100
Afghanistan,Energy,Emissions (CO2eq) from CH4 (AR5),kilotonnes,383.6,375.2,397.6,408.8,422.8,448,445.2,546,590.8,655.2,778.4,1204,1094.8,1078,1106,873.6,831.6,890.4,862.4,1122.8,1164.8
Afghanistan,Energy,Emissions (CO2eq) from N2O (AR5),kilotonnes,19.6895,20.511,20.8025,22.0215,22.419,23.7705,24.7775,28.09,34.98,43.195,49.555,95.4,80.03,68.37,58.035,61.745,53.53,65.455,66.515,80.03,83.475
Afghanistan,Energy,Emissions (CO2eq) (AR5),kilotonnes,1154.2895,1190.711,1488.4025,1630.8215,1352.219,1801.7705,2129.9775,2864.09,4845.78,7468.395,9267.955,13499.4,11474.83,9616.37,8984.035,8865.345,7625.13,8885.855,9318.915,10372.83,10348.275
Afghanistan,IPPU,Emissions (N2O),kilotonnes,0.0061,0.0063,0.0066,0.007,0.0073,0.0076,0.0078,0.008,0.0082,0.0084,0.0087,0.009,0.0093,0.0096,0.0099,0.0102,0.0104,0.0107,0.011,0.0112,0.0115
Afghanistan,IPPU,Emissions (CO2),kilotonnes,163,150,156,157,159,159,166,168,175,177,190,190,264,331,280,254,300,271,296,306,338
Afghanistan,IPPU,Emissions (CO2eq) from N2O (AR5),kilotonnes,1.6033,1.6748,1.7543,1.8418,1.9266,2.0008,2.067,2.1253,2.1783,2.2366,2.3002,2.3718,2.4512,2.5334,2.6156,2.703,2.756,2.8355,2.915,2.968,3.0475
Afghanistan,IPPU,Emissions (CO2eq) (AR5),kilotonnes,164.6033,151.6748,157.7543,158.8417,160.9265,161.0008,168.067,170.1253,177.1783,179.2366,192.3002,192.3717,266.4513,333.5334,282.6155,256.703,302.756,273.8355,298.915,308.968,341.0475
Afghanistan,Waste,Emissions (CH4),kilotonnes,96.9,101,106,112,117,122,126,130,133,139,143,148,154,159,165,170,175,180,183,189,194
Afghanistan,Waste,Emissions (N2O),kilotonnes,0.521,0.544,0.57,0.607,0.658,0.684,0.701,0.726,0.758,0.796,0.829,0.866,0.899,0.929,0.948,0.954,0.955,0.969,0.992,1.05,1.07
Afghanistan,Waste,Emissions (CO2eq) from CH4 (AR5),kilotonnes,2713.2,2828,2968,3136,3276,3416,3528,3640,3724,3892,4004,4144,4312,4452,4620,4760,4900,5040,5124,5292,5432
Afghanistan,Waste,Emissions (CO2eq) from N2O (AR5),kilotonnes,138.065,144.16,151.05,160.855,174.37,181.26,185.765,192.39,200.87,210.94,219.685,229.49,238.235,246.185,251.22,252.81,253.075,256.785,262.88,278.25,283.55
Afghanistan,Waste,Emissions (CO2eq) (AR5),kilotonnes,2851.265,2972.16,3119.05,3296.855,3450.37,3597.26,3713.765,3832.39,3924.87,4102.94,4223.685,4373.49,4550.235,4698.185,4871.22,5012.81,5153.075,5296.785,5386.88,5570.25,5715.55
Afghanistan,Other,Emissions (N2O),kilotonnes,0.0578,0.0608,0.0601,0.0674,0.0673,0.0772,0.0842,0.0924,0.14,0.198,0.247,0.413,0.36,0.276,0.24,0.264,0.208,0.258,0.263,0.336,0.352
Afghanistan,Other,Emissions (CO2eq) from N2O (AR5),kilotonnes,15.317,16.112,15.9265,17.861,17.8345,20.458,22.313,24.486,37.1,52.47,65.455,109.445,95.4,73.14,63.6,69.96,55.12,68.37,69.695,89.04,93.28
Afghanistan,Other,Emissions (CO2eq) (AR5),kilotonnes,15.317,16.112,15.9265,17.861,17.8345,20.458,22.313,24.486,37.1,52.47,65.455,109.445,95.4,73.14,63.6,69.96,55.12,68.37,69.695,89.04,93.28
Afghanistan,Farm-gate emissions,Emissions (CH4),kilotonnes,308.4877,256.8721,327.7001,337.0703,333.7104,339.8729,346.0744,351.9489,392.1962,399.9043,460.8126,461.7502,455.4277,451.6342,459.2424,433.4864,424.7788,412.687,422.0637,408.9771,427.2301
Afghanistan,Farm-gate emissions,Direct emissions (N2O),kilotonnes,7.7258,6.7784,8.083,8.3287,8.2451,8.6598,8.282,8.1635,8.731,9.4332,10.4073,10.6129,10.7387,10.8718,11.6369,11.4957,11.437,11.9473,10.4297,10.4238,10.8548
Afghanistan,Farm-gate emissions,Indirect emissions (N2O),kilotonnes,2.7905,2.4427,2.7349,2.8046,2.8394,2.9102,2.7445,2.625,2.8846,3.0843,3.4063,3.5438,3.5268,3.5462,3.7937,3.8117,3.7928,3.9947,3.5076,3.4255,3.6191
Afghanistan,Farm-gate emissions,Emissions (N2O),kilotonnes,10.994,9.61,11.1996,11.6337,11.515,12.0166,11.4547,11.1746,12.1163,13.0394,14.4445,14.7635,14.8708,14.9701,15.9792,15.8566,15.7646,16.4566,14.4359,14.3263,15.0227
Afghanistan,Farm-gate emissions,Emissions (CO2),kilotonnes,25.0585,28.5361,37.477,38.7123,41.6129,54.7141,98.5999,76.4629,149.2237,245.4437,336.6644,393.0081,363.2833,256.0833,211.6509,231.8452,181.6056,132.7927,132.8417,117.0798,117.0798
Afghanistan,Farm-gate emissions,Emissions (CO2eq) from CH4 (AR5),kilotonnes,8637.6561,7192.4185,9175.6015,9437.9695,9343.8915,9516.4413,9690.082,9854.5693,10981.4943,11197.3192,12902.7523,12929.0061,12751.9754,12645.7564,12858.7878,12137.6203,11893.8056,11555.237,11817.7824,11451.3592,11962.4438
Afghanistan,Farm-gate emissions,Emissions (CO2eq) from N2O (AR5),kilotonnes,2913.419,2546.6605,2967.8918,3082.9223,3051.4668,3184.3924,3035.5069,2961.2685,3210.8241,3455.4288,3827.8055,3912.3217,3940.7693,3967.0727,4234.481,4201.9921,4177.6235,4360.9874,3825.5188,3796.4663,3981.0285
Afghanistan,Farm-gate emissions,Emissions (CO2eq) (AR5),kilotonnes,11576.1335,9767.615,12180.9704,12559.6042,12436.9712,12755.5478,12824.1888,12892.3007,14341.5421,14898.1916,17067.2222,17234.3359,17056.028,16868.9124,17304.9196,16571.4575,16253.0347,16049.0171,15776.1429,15364.9054,16060.5521
Afghanistan,Land Use change,Emissions (CH4),kilotonnes,0,0,0,0,0,0,0,0,0,0,0,0,0,0,0,0,0,0,0,0,0
Afghanistan,Land Use change,Emissions (N2O),kilotonnes,0,0,0,0,0,0,0,0,0,0,0,0,0,0,0,0,0,0,0,0,0
Afghanistan,Land Use change,Emissions (CO2),kilotonnes,0,0,0,0,0,0,0,0,0,0,0,0,0,0,0,0,0,0,0,0,0
Afghanistan,Land Use change,Emissions (CO2eq) from CH4 (AR5),kilotonnes,0,0,0,0,0,0,0,0,0,0,0,0,0,0,0,0,0,0,0,0,0
Afghanistan,Land Use change,Emissions (CO2eq) from N2O (AR5),kilotonnes,0,0,0,0,0,0,0,0,0,0,0,0,0,0,0,0,0,0,0,0,0
Afghanistan,Land Use change,Emissions (CO2eq) (AR5),kilotonnes,0,0,0,0,0,0,0,0,0,0,0,0,0,0,0,0,0,0,0,0,0
Afghanistan,Emissions on agricultural land,Emissions (CH4),kilotonnes,308.4877,256.8721,327.7001,337.0703,333.7104,339.8729,346.0744,351.9489,392.1962,399.9043,460.8126,461.7502,455.4277,451.6342,459.2424,433.4864,424.7788,412.687,422.0637,408.9771,427.2301
Afghanistan,Emissions on agricultural land,Emissions (N2O),kilotonnes,10.994,9.61,11.1996,11.6337,11.515,12.0166,11.4547,11.1746,12.1163,13.0394,14.4445,14.7635,14.8708,14.9701,15.9792,15.8566,15.7646,16.4566,14.4359,14.3263,15.0227
Afghanistan,Emissions on agricultural land,Emissions (CO2),kilotonnes,25.0585,28.5361,37.477,38.7123,41.6129,54.7141,98.5999,76.4629,149.2237,245.4437,336.6644,393.0081,363.2833,256.0833,211.6509,231.8452,181.6056,132.7927,132.8417,117.0798,117.0798
Afghanistan,Emissions on agricultural land,Emissions (CO2eq) from CH4 (AR5),kilotonnes,8637.6561,7192.4185,9175.6015,9437.9695,9343.8915,9516.4413,9690.082,9854.5693,10981.4943,11197.3192,12902.7523,12929.0061,12751.9754,12645.7564,12858.7878,12137.6203,11893.8056,11555.237,11817.7824,11451.3592,11962.4438
Afghanistan,Emissions on agricultural land,Emissions (CO2eq) from N2O (AR5),kilotonnes,2913.419,2546.6605,2967.8918,3082.9223,3051.4668,3184.3924,3035.5069,2961.2685,3210.8241,3455.4288,3827.8055,3912.3217,3940.7693,3967.0727,4234.481,4201.9921,4177.6235,4360.9874,3825.5188,3796.4663,3981.0285
Afghanistan,Emissions on agricultural land,Emissions (CO2eq) (AR5),kilotonnes,11576.1335,9767.615,12180.9704,12559.6042,12436.9712,12755.5478,12824.1888,12892.3007,14341.5421,14898.1916,17067.2222,17234.3359,17056.028,16868.9124,17304.9196,16571.4575,16253.0347,16049.0171,15776.1429,15364.9054,16060.5521
Afghanistan,Pre- and post- production,Emissions (CH4),kilotonnes,30.9928,31.8423,41.4094,47.1951,52.7406,58.5936,63.9224,68.8572,73.8071,78.7998,84.3296,89.9937,94.2296,96.5098,100.4922,104.5489,108.5446,112.2624,115.7789,119.1394,122.3977
Afghanistan,Pre- and post- production,Emissions (N2O),kilotonnes,0.374,0.3674,0.4428,0.4611,0.4763,0.479,0.4928,0.5286,0.5522,0.5768,0.6004,0.6342,0.6528,0.662,0.6548,0.6589,0.6756,0.6901,0.7083,0.7264,0.7446
Afghanistan,Pre- and post- production,Emissions (CO2),kilotonnes,77.5493,79.019,131.4463,129.0607,151.6813,170.7998,233.0561,243.2365,356.2569,594.6457,756.4886,1113.9568,1026.2924,764.2636,726.1028,784.2208,763.3583,867.435,865.6903,907.2901,901.0555
Afghanistan,Pre- and post- production,Emissions (CO2eq) from CH4 (AR5),kilotonnes,867.7975,891.5842,1159.4641,1321.463,1476.7372,1640.6203,1789.8259,1928.0028,2066.5991,2206.3947,2361.2276,2519.8238,2638.43,2702.275,2813.7815,2927.3679,3039.2489,3143.3459,3241.8082,3335.9026,3427.1343
Afghanistan,Pre- and post- production,Emissions (CO2eq) from N2O (AR5),kilotonnes,99.1049,97.3707,117.3429,122.1819,126.2268,126.9297,130.5796,140.0922,146.3381,152.8499,159.108,168.06,173.0013,175.4318,173.5254,174.6127,179.0347,182.8635,187.7074,192.4853,197.3181
Afghanistan,Pre- and post- production,Emissions (CO2eq) (AR5),kilotonnes,1044.4517,1067.9739,1408.2532,1572.7056,1754.6453,1938.3498,2153.4616,2311.3315,2569.1941,2953.8903,3276.8241,3801.8406,3837.7237,3641.9705,3713.4097,3886.2014,3981.6419,4193.6444,4295.2059,4435.6779,4525.5079
Afghanistan,Agri-food systems,Emissions (CH4),kilotonnes,339.4805,288.7144,369.1095,384.2654,386.451,398.4665,409.9967,420.8061,466.0033,478.7041,545.1421,551.7439,549.6573,548.144,559.7346,538.0353,533.3234,524.9494,537.8425,528.1165,549.6278
Afghanistan,Agri-food systems,Emissions (N2O),kilotonnes,11.368,9.9775,11.6424,12.0947,11.9913,12.4956,11.9475,11.7032,12.6685,13.6161,15.045,15.3977,15.5237,15.6321,16.634,16.5155,16.4402,17.1466,15.1442,15.0526,15.7673
Afghanistan,Agri-food systems,Emissions (CO2),kilotonnes,102.6078,107.5551,168.9233,167.773,193.2942,225.514,331.656,319.6995,505.4805,840.0894,1093.153,1506.9649,1389.5757,1020.3469,937.7537,1016.066,944.9639,1000.2276,998.532,1024.3699,1018.1354
Afghanistan,Agri-food systems,Emissions (CO2eq) from CH4 (AR5),kilotonnes,9505.4536,8084.0027,10335.0656,10759.4325,10820.6287,11157.0616,11479.9079,11782.5721,13048.0934,13403.7139,15263.9798,15448.83,15390.4054,15348.0314,15672.5694,15064.9882,14933.0545,14698.5829,15059.5906,14787.2618,15389.5781
Afghanistan,Agri-food systems,Emissions (CO2eq) from N2O (AR5),kilotonnes,3012.5239,2644.0311,3085.2347,3205.1042,3177.6936,3311.322,3166.0866,3101.3607,3357.1623,3608.2787,3986.9135,4080.3817,4113.7706,4142.5046,4408.0063,4376.6048,4356.6582,4543.851,4013.2262,3988.9516,4178.3466
Afghanistan,Agri-food systems,Emissions (CO2eq) (AR5),kilotonnes,12620.5852,10835.5889,13589.2236,14132.3098,14191.6165,14693.8976,14977.6505,15203.6322,16910.7361,17852.0819,20344.0463,21036.1766,20893.7517,20510.8829,21018.3294,20457.6589,20234.6766,20242.6615,20071.3488,19800.5834,20586.06
Afghanistan,IPCC Agriculture,Emissions (CH4),kilotonnes,308.4856,256.8675,327.6971,337.0655,333.7062,339.8682,346.0664,351.8724,392.0793,399.7262,460.581,461.3301,455.1713,451.39,459.0479,433.3774,424.6893,412.5983,421.9765,408.9114,427.1644
Afghanistan,IPCC Agriculture,Emissions (CH4),kilotonnes,,,,,,442.69,,,,,,,,488,,,,,,,
Afghanistan,IPCC Agriculture,Direct emissions (N2O),kilotonnes,7.7258,6.7784,8.083,8.3287,8.2451,8.6598,8.282,8.1635,8.731,9.4332,10.4073,10.6129,10.7387,10.8718,11.6369,11.4957,11.437,11.9473,10.4297,10.4238,10.8548
Afghanistan,IPCC Agriculture,Indirect emissions (N2O),kilotonnes,2.7905,2.4427,2.7349,2.8046,2.8394,2.9102,2.7445,2.625,2.8846,3.0843,3.4063,3.5438,3.5268,3.5462,3.7937,3.8117,3.7928,3.9947,3.5076,3.4255,3.6191
Afghanistan,IPCC Agriculture,Emissions (N2O),kilotonnes,10.9861,9.6009,11.1893,11.6225,11.5007,11.9978,11.4191,11.1559,12.0737,12.966,14.3418,14.6611,14.7601,14.8997,15.9203,15.7798,15.7056,16.4167,14.3959,14.2901,14.9865
Afghanistan,IPCC Agriculture,Emissions (N2O),kilotonnes,,,,,,18.751,,,,,,,,72,,,,,,,
Afghanistan,IPCC Agriculture,Emissions (CO2eq) from CH4 (AR5),kilotonnes,8637.5967,7192.291,9175.5191,9437.8335,9343.7729,9516.3087,9689.8588,9852.4265,10978.2202,11192.3344,12896.2671,12917.2421,12744.7956,12638.921,12853.34,12134.5663,11891.3015,11552.7518,11815.3414,11449.5197,11960.6042
Afghanistan,IPCC Agriculture,Emissions (CO2eq) from CH4 (AR5),kilotonnes,,,,,,12395.32,,,,,,,,13664,,,,,,,
Afghanistan,IPCC Agriculture,Emissions (CO2eq) from N2O (AR5),kilotonnes,2911.3215,2544.2473,2965.1562,3079.9667,3047.689,3179.4243,3026.0736,2956.3081,3199.5289,3435.9853,3800.5857,3885.2033,3911.4262,3948.4254,4218.8765,4181.638,4161.9772,4350.4218,3814.9182,3786.8665,3971.4287
Afghanistan,IPCC Agriculture,Emissions (CO2eq) from N2O (AR5),kilotonnes,,,,,,4969.015,,,,,,,,19080,,,,,,,
Afghanistan,IPCC Agriculture,Emissions (CO2eq) (AR5),kilotonnes,11548.9182,9736.5383,12140.6753,12517.8002,12391.4618,12695.733,12715.9324,12808.7345,14177.7491,14628.3197,16696.8528,16802.4454,16656.2218,16587.3464,17072.2165,16316.2043,16053.2786,15903.1737,15630.2597,15236.3862,15932.0329
Afghanistan,IPCC Agriculture,Emissions (CO2eq) (AR5),kilotonnes,,,,,,17364.335,,,,,,,,32744,,,,,,,
Afghanistan,Agricultural Soils,Direct emissions (N2O),kilotonnes,7.7258,6.7784,8.083,8.3287,8.2451,8.6598,8.282,8.1635,8.731,9.4332,10.4073,10.6129,10.7387,10.8718,11.6369,11.4957,11.437,11.9473,10.4297,10.4238,10.8548
Afghanistan,Agricultural Soils,Indirect emissions (N2O),kilotonnes,2.7905,2.4427,2.7349,2.8046,2.8394,2.9102,2.7445,2.625,2.8846,3.0843,3.4063,3.5438,3.5268,3.5462,3.7937,3.8117,3.7928,3.9947,3.5076,3.4255,3.6191
Afghanistan,Agricultural Soils,Emissions (N2O),kilotonnes,10.5163,9.2211,10.8178,11.1334,11.0845,11.5699,11.0265,10.7885,11.6156,12.5175,13.8136,14.1567,14.2655,14.418,15.4306,15.3074,15.2298,15.942,13.9373,13.8493,14.474
Afghanistan,Agricultural Soils,Emissions (N2O),kilotonnes,,,,,,18.73,,,,,,,,72,,,,,,,
Afghanistan,Agricultural Soils,Emissions (CO2eq) from N2O (AR5),kilotonnes,2786.8197,2443.5894,2866.722,2950.3454,2937.3838,3066.0318,2922.0343,2858.9448,3078.1247,3317.1356,3660.6008,3751.5198,3780.3472,3820.7626,4089.1115,4056.4482,4035.8955,4224.641,3693.3972,3670.0733,3835.6006
Afghanistan,Agricultural Soils,Emissions (CO2eq) from N2O (AR5),kilotonnes,,,,,,4963.45,,,,,,,,19080,,,,,,,
Afghanistan,Agricultural Soils,Emissions (CO2eq) (AR5),kilotonnes,2786.8197,2443.5894,2866.722,2950.3454,2937.3838,3066.0318,2922.0343,2858.9448,3078.1247,3317.1356,3660.6008,3751.5198,3780.3472,3820.7626,4089.1115,4056.4482,4035.8955,4224.641,3693.3972,3670.0733,3835.6006
Afghanistan,Agricultural Soils,Emissions (CO2eq) (AR5),kilotonnes,,,,,,4963.45,,,,,,,,19080,,,,,,,
Afghanistan,LULUCF,Emissions (CH4),kilotonnes,0.0167,0,0,0,0,0,0,0,0,0,0,0,0,0,0,0,0,0,0,0,0
Afghanistan,LULUCF,Emissions (CH4),kilotonnes,,,,,,3.84,,,,,,,,22,,,,,,,
Afghanistan,LULUCF,Emissions (N2O),kilotonnes,0.0009,0,0,0,0,0,0,0,0,0,0,0,0,0,0,0,0,0,0,0,0
Afghanistan,LULUCF,Emissions (N2O),kilotonnes,,,,,,0.03,,,,,,,,,,,,,,,
Afghanistan,LULUCF,Emissions (CO2),kilotonnes,-2388.803,121.9016,121.9016,121.9016,121.9016,121.9016,121.9016,121.9016,121.9016,121.9016,121.9016,-246.2191,-246.2191,-246.2191,-246.2191,-246.2191,154.6574,154.6574,154.6574,154.6574,154.6574
Afghanistan,LULUCF,Emissions (CO2),kilotonnes,,,,,,9341.13,,,,,,,,10546,,,,,,,
Afghanistan,LULUCF,Emissions (CO2eq) from CH4 (AR5),kilotonnes,0.4668,0,0,0,0,0,0,0,0,0,0,0,0,0,0,0,0,0,0,0,0
Afghanistan,LULUCF,Emissions (CO2eq) from N2O (AR5),kilotonnes,0.2443,0,0,0,0,0,0,0,0,0,0,0,0,0,0,0,0,0,0,0,0
Afghanistan,LULUCF,Emissions (CO2eq) (AR5),kilotonnes,-2388.0919,121.9016,121.9016,121.9016,121.9016,121.9016,121.9016,121.9016,121.9016,121.9016,121.9016,-246.2191,-246.2191,-246.2191,-246.2191,-246.2191,154.6574,154.6574,154.6574,154.6574,154.6574
Afghanistan,LULUCF,Emissions (CO2eq) (AR5),kilotonnes,,,,,,9341.13,,,,,,,,10546,,,,,,,
Afghanistan,AFOLU,Emissions (CH4),kilotonnes,308.5023,256.8675,327.6971,337.0655,333.7062,339.8682,346.0664,351.8724,392.0793,399.7262,460.581,461.3301,455.1713,451.39,459.0479,433.3774,424.6893,412.5983,421.9765,408.9114,427.1644
Afghanistan,AFOLU,Emissions (N2O),kilotonnes,10.987,9.6009,11.1893,11.6225,11.5007,11.9978,11.4191,11.1559,12.0737,12.966,14.3418,14.6611,14.7601,14.8997,15.9203,15.7798,15.7056,16.4167,14.3959,14.2901,14.9865
Afghanistan,AFOLU,Emissions (CO2),kilotonnes,-2388.803,121.9016,121.9016,121.9016,121.9016,121.9016,121.9016,121.9016,121.9016,121.9016,121.9016,-246.2191,-246.2191,-246.2191,-246.2191,-246.2191,154.6574,154.6574,154.6574,154.6574,154.6574
Afghanistan,AFOLU,Emissions (CO2eq) from CH4 (AR5),kilotonnes,8638.0635,7192.291,9175.5191,9437.8335,9343.7729,9516.3087,9689.8588,9852.4265,10978.2202,11192.3344,12896.2671,12917.2421,12744.7956,12638.921,12853.34,12134.5663,11891.3015,11552.7518,11815.3414,11449.5197,11960.6042
Afghanistan,AFOLU,Emissions (CO2eq) from N2O (AR5),kilotonnes,2911.5658,2544.2473,2965.1562,3079.9667,3047.689,3179.4243,3026.0736,2956.3081,3199.5289,3435.9853,3800.5857,3885.2033,3911.4262,3948.4254,4218.8765,4181.638,4161.9772,4350.4218,3814.9182,3786.8665,3971.4287
Afghanistan,AFOLU,Emissions (CO2eq) (AR5),kilotonnes,9160.8263,9858.44,12262.5769,12639.7018,12513.3635,12817.6346,12837.8341,12930.6362,14299.6507,14750.2214,16818.7544,16556.2263,16410.0027,16341.1274,16825.9975,16069.9852,16207.9361,16057.8311,15784.9171,15391.0436,16086.6903
Afghanistan,All sectors with LULUCF,Emissions (CH4),kilotonnes,419.1023,371.2675,447.8971,463.6655,465.8062,477.8682,487.9664,501.3724,546.1793,562.1262,631.381,652.3301,648.2713,648.89,663.5479,634.5774,629.3893,624.3983,635.7765,638.0114,662.7644
Afghanistan,All sectors with LULUCF,Emissions (N2O),kilotonnes,11.6462,10.2895,11.9045,12.387,12.3179,12.8563,12.3056,12.0883,13.1119,14.1314,15.6135,16.3091,16.3303,16.3723,17.3372,17.241,17.081,17.9014,15.9129,15.9893,16.735
Afghanistan,All sectors with LULUCF,Emissions (CO2),kilotonnes,-1474.803,1066.9016,1347.9016,1478.9016,1187.9016,1610.9016,1947.9016,2579.9016,4516.9016,7068.9016,8751.9016,12143.7809,10317.7809,8554.7809,7853.7809,7937.7809,7194.6574,8355.6574,8840.6574,9630.6574,9592.6574
Afghanistan,All sectors with LULUCF,Emissions (CO2eq) from CH4 (AR5),kilotonnes,11734.8635,10395.491,12541.1191,12982.6335,13042.5729,13380.3087,13663.0588,14038.4265,15293.0202,15739.5344,17678.6671,18265.2421,18151.5956,18168.921,18579.34,17768.1663,17622.9015,17483.1518,17801.7414,17864.3197,18557.4042
Afghanistan,All sectors with LULUCF,Emissions (CO2eq) from N2O (AR5),kilotonnes,3086.2405,2726.7051,3154.6895,3282.546,3264.239,3406.9135,3260.9961,3203.3994,3474.6572,3744.8269,4137.5809,4321.9101,4327.5425,4338.6538,4594.3471,4568.856,4526.4582,4743.8673,4216.9232,4237.1545,4434.7812
Afghanistan,All sectors with LULUCF,Emissions (CO2eq) (AR5),kilotonnes,13346.301,14189.0978,17043.7102,17744.081,17494.7135,18398.1239,18871.9566,19821.7275,23284.579,26553.263,30568.1496,34730.9331,32796.919,31062.3558,31027.468,30274.8032,29344.0171,30582.6766,30859.3221,31732.1316,32584.8428
Afghanistan,All sectors without LULUCF,Emissions (CH4),kilotonnes,419.0856,371.2675,447.8971,463.6655,465.8062,477.8682,487.9664,501.3724,546.1793,562.1262,631.381,652.3301,648.2713,648.89,663.5479,634.5774,629.3893,624.3983,635.7765,638.0114,662.7644
Afghanistan,All sectors without LULUCF,Emissions (N2O),kilotonnes,11.6453,10.2895,11.9045,12.387,12.3179,12.8563,12.3056,12.0883,13.1119,14.1314,15.6135,16.3091,16.3303,16.3723,17.3372,17.241,17.081,17.9014,15.9129,15.9893,16.735
Afghanistan,All sectors without LULUCF,Emissions (CO2),kilotonnes,914,945,1226,1357,1066,1489,1826,2458,4395,6947,8630,12390,10564,8801,8100,8184,7040,8201,8686,9476,9438
Afghanistan,All sectors without LULUCF,Emissions (CO2eq) from CH4 (AR5),kilotonnes,11734.3967,10395.491,12541.1191,12982.6335,13042.5729,13380.3087,13663.0588,14038.4265,15293.0202,15739.5344,17678.6671,18265.2421,18151.5956,18168.921,18579.34,17768.1663,17622.9015,17483.1518,17801.7414,17864.3197,18557.4042
Afghanistan,All sectors without LULUCF,Emissions (CO2eq) from N2O (AR5),kilotonnes,3085.9962,2726.7051,3154.6895,3282.546,3264.239,3406.9135,3260.9961,3203.3994,3474.6572,3744.8269,4137.5809,4321.9101,4327.5425,4338.6538,4594.3471,4568.856,4526.4582,4743.8673,4216.9232,4237.1545,4434.7812
Afghanistan,All sectors without LULUCF,Emissions (CO2eq) (AR5),kilotonnes,15734.3929,14067.1961,16921.8086,17622.1794,17372.8119,18276.2222,18750.0549,19699.8258,23162.6774,26431.3613,30446.248,34977.1521,33043.138,31308.5748,31273.6871,30521.0223,29189.3596,30428.0192,30704.6647,31577.4742,32430.1854
Albania,Crop Residues,Direct emissions (N2O),kilotonnes,0.1125,0.0997,0.1019,0.095,0.0958,0.0981,0.0948,0.0929,0.1143,0.1167,0.1218,0.1235,0.1232,0.1234,0.1228,0.1219,0.1222,0.1224,0.1174,0.1151,0.117
Albania,Crop Residues,Indirect emissions (N2O),kilotonnes,0.0253,0.0224,0.0229,0.0214,0.0216,0.0221,0.0213,0.0209,0.0257,0.0262,0.0274,0.0278,0.0277,0.0278,0.0276,0.0274,0.0275,0.0275,0.0264,0.0259,0.0263
Albania,Crop Residues,Emissions (N2O),kilotonnes,0.1378,0.1221,0.1249,0.1164,0.1174,0.1201,0.1162,0.1138,0.1401,0.1429,0.1492,0.1513,0.1509,0.1512,0.1504,0.1494,0.1497,0.1499,0.1438,0.141,0.1434
Albania,Crop Residues,Emissions (CO2eq) from N2O (AR5),kilotonnes,36.5125,32.3623,33.0862,30.8372,31.1048,31.8313,30.7903,30.1526,37.119,37.8726,39.5498,40.0999,39.986,40.0653,39.8578,39.5799,39.6772,39.7309,38.106,37.3719,37.9949
Albania,Crop Residues,Emissions (CO2eq) (AR5),kilotonnes,36.5125,32.3623,33.0862,30.8372,31.1048,31.8313,30.7903,30.1526,37.119,37.8726,39.5498,40.0999,39.986,40.0653,39.8578,39.5799,39.6772,39.7309,38.106,37.3719,37.9949
Albania,Rice Cultivation,Emissions (CH4),kilotonnes,,,,,,,,,,,,,,,,,,,,,
Albania,Rice Cultivation,Emissions (CO2eq) from CH4 (AR5),kilotonnes,,,,,,,,,,,,,,,,,,,,,
Albania,Rice Cultivation,Emissions (CO2eq) (AR5),kilotonnes,,,,,,,,,,,,,,,,,,,,,
Albania,Burning - Crop residues,Emissions (CH4),kilotonnes,0.2641,0.2484,0.2359,0.2286,0.2143,0.2196,0.2132,0.2007,0.2224,0.2179,0.2262,0.24,0.2233,0.2213,0.2241,0.2226,0.2342,0.2303,0.2164,0.2108,0.2114
Albania,Burning - Crop residues,Emissions (CH4),kilotonnes,0.04,0.03,0.03,0.03,0.03,0.03,0.03,0.03,0.04,0.04,,,,,,,,,,,
Albania,Burning - Crop residues,Emissions (N2O),kilotonnes,0.0068,0.0064,0.0061,0.0059,0.0056,0.0057,0.0055,0.0052,0.0058,0.0057,0.0059,0.0062,0.0058,0.0057,0.0058,0.0058,0.0061,0.006,0.0056,0.0055,0.0055
Albania,Burning - Crop residues,Emissions (N2O),kilotonnes,,,,,,0.0005,,,,,,,,,,,,,,,
Albania,Burning - Crop residues,Emissions (CO2eq) from CH4 (AR5),kilotonnes,7.3937,6.9552,6.6044,6.3994,5.9996,6.1479,5.9702,5.6183,6.2264,6.1024,6.3323,6.7199,6.2521,6.1977,6.2747,6.2325,6.557,6.4485,6.0589,5.9028,5.9199
Albania,Burning - Crop residues,Emissions (CO2eq) from CH4 (AR5),kilotonnes,1.12,0.84,0.84,0.84,0.84,0.84,0.84,0.84,1.12,1.12,,,,,,,,,,,
Albania,Burning - Crop residues,Emissions (CO2eq) from N2O (AR5),kilotonnes,1.8142,1.7066,1.6205,1.5702,1.4721,1.5085,1.4649,1.3786,1.5278,1.4974,1.5537,1.6489,1.5341,1.5207,1.5396,1.5293,1.6089,1.5823,1.4867,1.4484,1.4526
Albania,Burning - Crop residues,Emissions (CO2eq) from N2O (AR5),kilotonnes,,,,,,0.1325,,,,,,,,,,,,,,,
Albania,Burning - Crop residues,Emissions (CO2eq) (AR5),kilotonnes,9.2079,8.6618,8.2249,7.9697,7.4717,7.6564,7.4351,6.9969,7.7542,7.5998,7.886,8.3688,7.7862,7.7184,7.8144,7.7617,8.1659,8.0308,7.5455,7.3512,7.3725
Albania,Burning - Crop residues,Emissions (CO2eq) (AR5),kilotonnes,1.12,0.84,0.84,0.84,0.84,0.9725,0.84,0.84,1.12,1.12,,,,,,,,,,,
Albania,Enteric Fermentation,Emissions (CH4),kilotonnes,92.1131,89.8613,87.3346,88.2756,84.6953,84.0611,82.6406,77.6681,72.6591,68.913,69.2366,68.5353,69.8533,70.3232,71.0741,71.5909,71.3074,69.5266,68.1115,62.4582,56.9296
Albania,Enteric Fermentation,Emissions (CH4),kilotonnes,69.88,67.97,65.88,66.37,65.88,63.07,61.81,57.67,54.11,50.75,,,,,,,,,,,
Albania,Enteric Fermentation,Emissions (CO2eq) from CH4 (AR5),kilotonnes,2579.1668,2516.1164,2445.3688,2471.7168,2371.467,2353.7108,2313.9368,2174.7068,2034.4548,1929.5654,1938.6248,1918.9884,1955.8932,1969.0488,1990.0737,2004.5446,1996.6077,1946.7457,1907.122,1748.8297,1594.0283
Albania,Enteric Fermentation,Emissions (CO2eq) from CH4 (AR5),kilotonnes,1956.64,1903.16,1844.64,1858.36,1844.64,1765.96,1730.68,1614.76,1515.08,1421,,,,,,,,,,,
Albania,Enteric Fermentation,Emissions (CO2eq) (AR5),kilotonnes,2579.1668,2516.1164,2445.3688,2471.7168,2371.467,2353.7108,2313.9368,2174.7068,2034.4548,1929.5654,1938.6248,1918.9884,1955.8932,1969.0488,1990.0737,2004.5446,1996.6077,1946.7457,1907.122,1748.8297,1594.0283
Albania,Enteric Fermentation,Emissions (CO2eq) (AR5),kilotonnes,1956.64,1903.16,1844.64,1858.36,1844.64,1765.96,1730.68,1614.76,1515.08,1421,,,,,,,,,,,
Albania,Manure Management,Emissions (CH4),kilotonnes,14.8536,14.6605,14.4644,14.7518,14.5012,14.4036,14.0914,13.2793,12.5527,12.1104,12.2491,12.2287,12.415,12.2925,12.5127,12.4838,12.4019,12.1719,12.0291,11.1863,10.3047
Albania,Manure Management,Emissions (CH4),kilotonnes,3.86,3.77,3.67,3.72,3.67,3.56,3.48,3.26,3.06,2.91,,,,,,,,,,,
Albania,Manure Management,Emissions (N2O),kilotonnes,0.6563,0.6438,0.6346,0.6416,0.6266,0.6235,0.6087,0.5771,0.5455,0.5227,0.5259,0.5269,0.5275,0.5245,0.5316,0.528,0.5188,0.5078,0.4983,0.4582,0.4175
Albania,Manure Management,Emissions (N2O),kilotonnes,0.0004,0.0004,0.0004,0.0004,0.0004,0.0004,0.0004,0.0003,0.0003,0.0002,,,,,,,,,,,
Albania,Manure Management,Emissions (CO2eq) from CH4 (AR5),kilotonnes,415.9002,410.4947,405.0039,413.0507,406.0333,403.3008,394.5589,371.8201,351.4761,339.0908,342.9751,342.4043,347.6186,344.1901,350.3564,349.5474,347.2541,340.8124,336.8154,313.2169,288.5323
Albania,Manure Management,Emissions (CO2eq) from CH4 (AR5),kilotonnes,108.08,105.56,102.76,104.16,102.76,99.68,97.44,91.28,85.68,81.48,,,,,,,,,,,
Albania,Manure Management,Emissions (CO2eq) from N2O (AR5),kilotonnes,173.9213,170.6091,168.1558,170.0125,166.046,165.2311,161.2997,152.9308,144.5687,138.5045,139.3675,139.6275,139.7779,139.0021,140.8846,139.9158,137.486,134.5745,132.0408,121.4267,110.6254
Albania,Manure Management,Emissions (CO2eq) from N2O (AR5),kilotonnes,0.106,0.106,0.106,0.106,0.106,0.106,0.106,0.0795,0.0795,0.053,,,,,,,,,,,
Albania,Manure Management,Emissions (CO2eq) (AR5),kilotonnes,589.8215,581.1037,573.1597,583.0632,572.0793,568.5319,555.8587,524.7509,496.0448,477.5953,482.3426,482.0319,487.3965,483.1922,491.2409,489.4632,484.7401,475.3869,468.8562,434.6436,399.1576
Albania,Manure Management,Emissions (CO2eq) (AR5),kilotonnes,108.186,105.666,102.866,104.266,102.866,99.786,97.546,91.3595,85.7595,81.533,,,,,,,,,,,
Albania,Manure left on Pasture,Direct emissions (N2O),kilotonnes,1.1994,1.1602,1.1078,1.1388,1.0765,1.0654,1.0633,1.015,0.9628,0.9145,0.9212,0.903,0.9336,0.956,0.976,0.9896,0.9971,0.9751,0.9527,0.8856,0.8145
Albania,Manure left on Pasture,Indirect emissions (N2O),kilotonnes,0.4161,0.4018,0.3816,0.3952,0.3721,0.3675,0.3692,0.3555,0.3383,0.323,0.3259,0.3183,0.3306,0.3402,0.3484,0.3538,0.3584,0.3511,0.3427,0.3206,0.2968
Albania,Manure left on Pasture,Emissions (N2O),kilotonnes,1.6155,1.562,1.4894,1.534,1.4487,1.4329,1.4325,1.3704,1.301,1.2375,1.2471,1.2213,1.2642,1.2962,1.3243,1.3434,1.3555,1.3262,1.2954,1.2063,1.1113
Albania,Manure left on Pasture,Emissions (CO2eq) from N2O (AR5),kilotonnes,428.1167,413.9378,394.7005,406.497,383.9029,379.7148,379.62,363.1646,344.7775,327.9446,330.4915,323.6477,335.0031,343.4951,350.9466,355.9964,359.21,351.4309,343.2868,319.6594,294.4972
Albania,Manure left on Pasture,Emissions (CO2eq) (AR5),kilotonnes,428.1167,413.9378,394.7005,406.497,383.9029,379.7148,379.62,363.1646,344.7775,327.9446,330.4915,323.6477,335.0031,343.4951,350.9466,355.9964,359.21,351.4309,343.2868,319.6594,294.4972
Albania,Manure applied to Soils,Direct emissions (N2O),kilotonnes,0.641,0.6295,0.623,0.6314,0.6198,0.6174,0.6033,0.5818,0.5613,0.54,0.5447,0.5482,0.544,0.5395,0.55,0.5417,0.5291,0.5189,0.5085,0.4708,0.4296
Albania,Manure applied to Soils,Indirect emissions (N2O),kilotonnes,0.2724,0.2675,0.2648,0.2683,0.2634,0.2624,0.2564,0.2473,0.2386,0.2295,0.2315,0.233,0.2312,0.2293,0.2338,0.2302,0.2249,0.2205,0.2161,0.2001,0.1826
Albania,Manure applied to Soils,Emissions (N2O),kilotonnes,0.9134,0.897,0.8877,0.8997,0.8832,0.8797,0.8597,0.829,0.7999,0.7695,0.7762,0.7812,0.7753,0.7688,0.7838,0.772,0.754,0.7394,0.7246,0.6709,0.6121
Albania,Manure applied to Soils,Emissions (CO2eq) from N2O (AR5),kilotonnes,242.0615,237.7039,235.2513,238.4207,234.0604,233.1291,227.8128,219.6977,211.9634,203.9135,205.6973,207.0069,205.4466,203.7271,207.7,204.5757,199.8006,195.9435,192.0098,177.7985,162.2118
Albania,Manure applied to Soils,Emissions (CO2eq) (AR5),kilotonnes,242.0615,237.7039,235.2513,238.4207,234.0604,233.1291,227.8128,219.6977,211.9634,203.9135,205.6973,207.0069,205.4466,203.7271,207.7,204.5757,199.8006,195.9435,192.0098,177.7985,162.2118
Albania,Synthetic Fertilizers,Direct emissions (N2O),kilotonnes,0.1901,0.1681,0.6006,0.5874,0.5676,0.5847,0.4767,0.4947,0.4517,0.5333,0.4917,0.5797,0.5491,0.4826,0.4826,0.5783,0.6741,0.6158,0.3892,0.6023,0.512
Albania,Synthetic Fertilizers,Indirect emissions (N2O),kilotonnes,0.0618,0.0546,0.1952,0.1909,0.1845,0.19,0.1549,0.1608,0.1468,0.1733,0.1598,0.1884,0.1785,0.1569,0.1568,0.188,0.2191,0.2001,0.1265,0.1958,0.1664
Albania,Synthetic Fertilizers,Emissions (N2O),kilotonnes,0.2519,0.2228,0.7957,0.7783,0.7521,0.7748,0.6316,0.6555,0.5985,0.7067,0.6516,0.7682,0.7276,0.6395,0.6395,0.7663,0.8932,0.8159,0.5157,0.7981,0.6783
Albania,Synthetic Fertilizers,Emissions (CO2eq) from N2O (AR5),kilotonnes,66.7639,59.0392,210.869,206.2415,199.297,205.3164,167.3726,173.7176,158.6045,187.271,172.6616,203.5621,192.8104,169.4585,169.4576,203.0722,236.6868,216.2098,136.6678,211.4902,179.7588
Albania,Synthetic Fertilizers,Emissions (CO2eq) (AR5),kilotonnes,66.7639,59.0392,210.869,206.2415,199.297,205.3164,167.3726,173.7176,158.6045,187.271,172.6616,203.5621,192.8104,169.4585,169.4576,203.0722,236.6868,216.2098,136.6678,211.4902,179.7588
Albania,Drained organic soils,Emissions (CO2eq) (AR5),kilotonnes,130.538,130.4933,130.4933,130.4399,130.4133,130.4133,130.4133,130.4133,130.4133,130.4133,129.6399,129.6805,129.6805,128.907,128.907,128.7778,128.5333,128.5979,127.05,125.0077,124.8365
Albania,Drained organic soils (CO2),Emissions (CO2),kilotonnes,110.5335,110.4958,110.4958,110.4506,110.4274,110.4274,110.4274,110.4274,110.4274,110.4274,109.774,109.8112,109.8112,109.1577,109.1577,109.0486,108.8386,108.8931,107.5854,105.776,105.631
Albania,Drained organic soils (CO2),Emissions (CO2eq) (AR5),kilotonnes,110.5335,110.4958,110.4958,110.4506,110.4274,110.4274,110.4274,110.4274,110.4274,110.4274,109.774,109.8112,109.8112,109.1577,109.1577,109.0486,108.8386,108.8931,107.5854,105.776,105.631
Albania,Drained organic soils (N2O),Emissions (N2O),kilotonnes,0.0755,0.0755,0.0755,0.0754,0.0754,0.0754,0.0754,0.0754,0.0754,0.0754,0.075,0.075,0.075,0.0745,0.0745,0.0745,0.0743,0.0744,0.0735,0.0726,0.0725
Albania,Drained organic soils (N2O),Emissions (CO2eq) from N2O (AR5),kilotonnes,20.0045,19.9975,19.9975,19.9894,19.9859,19.9859,19.9859,19.9859,19.9859,19.9859,19.8659,19.8693,19.8693,19.7493,19.7493,19.7293,19.6948,19.7048,19.4646,19.2317,19.2055
Albania,Drained organic soils (N2O),Emissions (CO2eq) (AR5),kilotonnes,20.0045,19.9975,19.9975,19.9894,19.9859,19.9859,19.9859,19.9859,19.9859,19.9859,19.8659,19.8693,19.8693,19.7493,19.7493,19.7293,19.6948,19.7048,19.4646,19.2317,19.2055
Albania,On-farm energy use,Emissions (CH4),kilotonnes,0.0265,0.0251,0.0318,0.0208,0.0372,0.0347,0.0424,0.0322,0.0262,0.023,0.0266,0.0289,0.0235,0.0528,0.0811,0.0932,0.0538,0.0747,0.1066,0.1117,0.1117
Albania,On-farm energy use,Emissions (N2O),kilotonnes,0.0803,0.0828,0.083,0.0177,0.0844,0.0794,0.153,0.0805,0.0669,0.0766,0.0718,0.0902,0.0796,0.0863,0.0911,0.0905,0.0927,0.1043,0.1034,0.1058,0.1058
Albania,On-farm energy use,Emissions (CO2),kilotonnes,226.0438,234.3212,260.4061,72.9502,274.2112,251.255,419.1017,237.3833,221.0501,215.7642,215.6763,265.563,222.8433,251.0721,284.6735,277.2587,270.9307,309.3101,315.8057,322.5184,322.5184
Albania,On-farm energy use,Emissions (CO2eq) from CH4 (AR5),kilotonnes,0.7432,0.7034,0.8897,0.5828,1.0422,0.971,1.1877,0.9006,0.7324,0.6431,0.7457,0.8095,0.6589,1.4786,2.2699,2.609,1.5053,2.091,2.9843,3.129,3.129
Albania,On-farm energy use,Emissions (CO2eq) from N2O (AR5),kilotonnes,21.288,21.9324,22.0029,4.6968,22.3709,21.0435,40.5481,21.3293,17.734,20.2864,19.0223,23.9119,21.1005,22.8727,24.1544,23.9776,24.5766,27.6521,27.399,28.0489,28.0489
Albania,On-farm energy use,Emissions (CO2eq) (AR5),kilotonnes,248.075,256.957,283.2987,78.2299,297.6243,273.2694,460.8375,259.6132,239.5165,236.6937,235.4443,290.2845,244.6028,275.4234,311.0978,303.8452,297.0126,339.0533,346.189,353.6963,353.6963
Albania,Forestland,Emissions (CO2),kilotonnes,72.8581,-1233.2859,-1233.2859,-1233.2859,-1233.2859,-1233.2859,-1233.2859,-1233.2859,-1233.2859,-1233.2859,-1233.2859,-961.0391,-961.0391,-961.0391,-961.0391,-961.0391,-352.0139,-352.0139,-352.0139,-352.0139,-352.0139
Albania,Forestland,Emissions (CO2eq) (AR5),kilotonnes,72.8581,-1233.2859,-1233.2859,-1233.2859,-1233.2859,-1233.2859,-1233.2859,-1233.2859,-1233.2859,-1233.2859,-1233.2859,-961.0391,-961.0391,-961.0391,-961.0391,-961.0391,-352.0139,-352.0139,-352.0139,-352.0139,-352.0139
Albania,Net Forest conversion,Emissions (CO2),kilotonnes,0,0,0,0,0,0,0,0,0,0,0,0,0,0,0,0,0,0,0,0,0
Albania,Net Forest conversion,Emissions (CO2eq) (AR5),kilotonnes,0,0,0,0,0,0,0,0,0,0,0,0,0,0,0,0,0,0,0,0,0
Albania,Savanna fires,Emissions (CH4),kilotonnes,0.0699,0.0374,0,0.1049,0.0045,0.0505,0.0116,0.9309,0.0874,0.0326,0.0463,0.2672,0.3989,0.0056,0.0022,0.0431,0.0184,0.2133,0.0281,0.0251,0.0493
Albania,Savanna fires,Emissions (N2O),kilotonnes,0.0064,0.0034,0,0.0096,0.0004,0.0046,0.0011,0.085,0.008,0.003,0.0042,0.0244,0.0364,0.0005,0.0002,0.0039,0.0017,0.0195,0.0026,0.0023,0.0045
Albania,Savanna fires,Emissions (CO2eq) from CH4 (AR5),kilotonnes,1.9586,1.0475,0,2.9386,0.1248,1.414,0.3235,26.0642,2.4483,0.9126,1.2951,7.4825,11.1681,0.1556,0.0624,1.2081,0.5164,5.9725,0.787,0.7039,1.3804
Albania,Savanna fires,Emissions (CO2eq) from N2O (AR5),kilotonnes,1.6926,0.9051,0,2.5393,0.1079,1.2219,0.2795,22.5229,2.1156,0.7886,1.1192,6.4659,9.6507,0.1344,0.0539,1.044,0.4463,5.1611,0.6801,0.6083,1.1928
Albania,Savanna fires,Emissions (CO2eq) (AR5),kilotonnes,3.6511,1.9526,0,5.4779,0.2327,2.6359,0.603,48.5872,4.5639,1.7011,2.4143,13.9484,20.8187,0.29,0.1164,2.2521,0.9627,11.1336,1.4671,1.3122,2.5732
Albania,Fires in organic soils,Emissions (CH4),kilotonnes,0,0,0,0,0,0,0,0,0,0,0,0,0,0,0,0,0,0,0,0,0
Albania,Fires in organic soils,Emissions (CO2),kilotonnes,0,0,0,0,0,0,0,0,0,0,0,0,0,0,0,0,0,0,0,0,0
Albania,Fires in organic soils,Emissions (CO2eq) from CH4 (AR5),kilotonnes,0,0,0,0,0,0,0,0,0,0,0,0,0,0,0,0,0,0,0,0,0
Albania,Fires in organic soils,Emissions (CO2eq) (AR5),kilotonnes,0,0,0,0,0,0,0,0,0,0,0,0,0,0,0,0,0,0,0,0,0
Albania,Forest fires,Emissions (CH4),kilotonnes,1.8175,0,0,0.0199,0,0,0,0.1246,0,0.0249,0,0.0473,0.0772,0,0,0.0075,0.0125,0.0498,0,0,0
Albania,Forest fires,Emissions (N2O),kilotonnes,0.1005,0,0,0.0018,0,0,0,0.0114,0,0.0023,0,0.0043,0.0071,0,0,0.0007,0.0011,0.0045,0,0,0
Albania,Forest fires,Emissions (CO2eq) from CH4 (AR5),kilotonnes,50.8896,0,0,0.5581,0,0,0,3.4884,0,0.6975,0,1.3255,2.1625,0,0,0.2093,0.3488,1.3951,0,0,0
Albania,Forest fires,Emissions (CO2eq) from N2O (AR5),kilotonnes,26.6436,0,0,0.4822,0,0,0,3.0144,0,0.6027,0,1.1454,1.8687,0,0,0.1809,0.3014,1.2055,0,0,0
Albania,Forest fires,Emissions (CO2eq) (AR5),kilotonnes,77.5332,0,0,1.0403,0,0,0,6.5028,0,1.3002,0,2.471,4.0312,0,0,0.3902,0.6502,2.6006,0,0,0
Albania,Fires in humid tropical forests,Emissions (CH4),kilotonnes,0,0,0,0,0,0,0,0,0,0,0,0,0,0,0,0,0,0,0,0,0
Albania,Fires in humid tropical forests,Emissions (N2O),kilotonnes,0,0,0,0,0,0,0,0,0,0,0,0,0,0,0,0,0,0,0,0,0
Albania,Fires in humid tropical forests,Emissions (CO2eq) from CH4 (AR5),kilotonnes,0,0,0,0,0,0,0,0,0,0,0,0,0,0,0,0,0,0,0,0,0
Albania,Fires in humid tropical forests,Emissions (CO2eq) from N2O (AR5),kilotonnes,0,0,0,0,0,0,0,0,0,0,0,0,0,0,0,0,0,0,0,0,0
Albania,Fires in humid tropical forests,Emissions (CO2eq) (AR5),kilotonnes,0,0,0,0,0,0,0,0,0,0,0,0,0,0,0,0,0,0,0,0,0
Albania,Waste - agri-food systems,Emissions (CH4),kilotonnes,15.6008,16.3251,16.2858,16.3632,17.0897,17.4266,17.3092,18.7522,19.087,18.8387,20.3539,19.5224,20.2159,22.1101,21.8816,23.3029,24.48,23.8359,23.207,22.5477,21.8732
Albania,Waste - agri-food systems,Emissions (N2O),kilotonnes,0.1253,0.1342,0.1351,0.1283,0.1338,0.1388,0.1466,0.1386,0.1425,0.1408,0.1467,0.1476,0.1511,0.1538,0.1741,0.1712,0.178,0.1765,0.1721,0.1674,0.1624
Albania,Waste - agri-food systems,Emissions (CO2),kilotonnes,30.0914,30.2551,30.3963,30.7457,31.0842,31.2403,31.3768,31.6268,31.8838,31.7918,31.7784,31.8848,31.8228,31.8726,31.9202,31.7149,31.7708,31.8984,32.1066,32.1286,32.1043
Albania,Waste - agri-food systems,Emissions (CO2eq) from CH4 (AR5),kilotonnes,436.8219,457.1026,456.0017,458.1699,478.5128,487.9454,484.6575,525.0606,534.4364,527.4845,569.9085,546.6285,566.0466,619.084,612.6849,652.4807,685.4406,667.404,649.797,631.3342,612.4498
Albania,Waste - agri-food systems,Emissions (CO2eq) from N2O (AR5),kilotonnes,33.2016,35.5561,35.7935,34.0007,35.4675,36.7709,38.8571,36.7321,37.7592,37.3202,38.8706,39.1249,40.0506,40.7507,46.1356,45.36,47.1671,46.7595,45.6076,44.3551,43.0464
Albania,Waste - agri-food systems,Emissions (CO2eq) (AR5),kilotonnes,500.1149,522.9138,522.1916,522.9163,545.0645,555.9565,554.8914,593.4195,604.0794,596.5965,640.5574,617.6382,637.92,691.7073,690.7406,729.5557,764.3785,746.062,727.5111,707.8179,687.6006
Albania,Fertilizers Manufacturing,Emissions (N2O),kilotonnes,0,0,0,0,0,0,0,0,0,0,0,0,0,0,0,0,0,0,0,0,0
Albania,Fertilizers Manufacturing,Emissions (CO2),kilotonnes,0,0,0,0,0,0,0,0,0,0,0,0,0,0,0,0,0,0,0,0,0
Albania,Fertilizers Manufacturing,Emissions (CO2eq) from N2O (AR5),kilotonnes,0,0,0,0,0,0,0,0,0,0,0,0,0,0,0,0,0,0,0,0,0
Albania,Fertilizers Manufacturing,Emissions (CO2eq) (AR5),kilotonnes,0,0,0,0,0,0,0,0,0,0,0,0,0,0,0,0,0,0,0,0,0
Albania,On-farm electricity use,Emissions (CH4),kilotonnes,0.21,0.1872,0.2376,0.1536,0.0564,0.0204,0.0276,0.0274,0.1144,0.1145,0.1256,0.1449,0.1675,0.2009,0.2219,0.1056,0.0984,0.0924,0.1524,0.1385,0.1385
Albania,On-farm electricity use,Emissions (N2O),kilotonnes,0.0011,0.001,0.0013,0.0008,0.0003,0.0001,0.0001,0.0001,0.0008,0.0007,0.0007,0.0008,0.0011,0.0011,0.0012,0.0005,0.0006,0.0005,0.0008,0.0008,0.0008
Albania,On-farm electricity use,Emissions (CO2),kilotonnes,7.4985,8.3446,9.4964,4.3784,1.387,0.4402,0.5868,0.7113,2.9638,0.1063,0.2006,0.843,0.9745,2.6145,2.8888,1.3746,1.2809,1.2025,1.9835,1.8023,1.8023
Albania,On-farm electricity use,Emissions (CO2eq) from CH4 (AR5),kilotonnes,5.88,5.2416,6.6528,4.3008,1.5792,0.5712,0.7728,0.7672,3.2032,3.206,3.5168,4.0572,4.69,5.6252,6.2132,2.9568,2.7552,2.5872,4.2672,3.878,3.878
Albania,On-farm electricity use,Emissions (CO2eq) from N2O (AR5),kilotonnes,0.2915,0.265,0.3445,0.212,0.0795,0.0265,0.0265,0.0265,0.212,0.1855,0.1855,0.212,0.2915,0.2915,0.318,0.1325,0.159,0.1325,0.212,0.212,0.212
Albania,On-farm electricity use,Emissions (CO2eq) (AR5),kilotonnes,13.67,13.8512,16.4937,8.8912,3.0457,1.0379,1.3861,1.505,6.379,3.4978,3.9029,5.1122,5.956,8.5312,9.42,4.4639,4.1951,3.9222,6.4627,5.8923,5.8923
Albania,Food Processing,Emissions (CH4),kilotonnes,0,0,0,0,0,0,0,0.0039,0.2431,0.2332,0.2615,0.268,0.3069,0.3527,0.3744,0.3731,0.3629,0.3631,0.2811,0.294,0.294
Albania,Food Processing,Emissions (N2O),kilotonnes,0,0,0,0,0,0,0,0.0008,0.0021,0.0017,0.0019,0.002,0.0023,0.0022,0.0024,0.0023,0.0021,0.0023,0.0016,0.0019,0.0019
Albania,Food Processing,Emissions (CO2),kilotonnes,0,0,0,0,0,0,0,113.9319,84.9128,33.5661,56.6952,80.6564,79.6141,70.3155,88.8431,74.8776,48.6176,83.0238,40.3546,71.1224,68.9314
Albania,Food Processing,Emissions (CO2eq) from CH4 (AR5),kilotonnes,0,0,0,0,0,0,0,0.1092,6.8068,6.5296,7.322,7.504,8.5932,9.8756,10.4832,10.4468,10.1612,10.1668,7.8708,8.232,8.232
Albania,Food Processing,Emissions (CO2eq) from N2O (AR5),kilotonnes,0,0,0,0,0,0,0,0.212,0.5565,0.4505,0.5035,0.53,0.6095,0.583,0.636,0.6095,0.5565,0.6095,0.424,0.5035,0.4926
Albania,Food Processing,Emissions (CO2eq) (AR5),kilotonnes,0,0,0,0,0,0,0,114.2531,92.2761,40.5462,64.5207,88.6904,88.8168,80.7741,99.9623,85.9339,59.3353,93.8001,48.6494,79.8579,77.656
Albania,Food Packaging,Emissions (CH4),kilotonnes,0.0078,0.0077,0.0087,0.0075,0.0084,0.0084,0.0085,0.0086,0.0233,0.0252,0.0272,0.0267,0.0299,0.0347,0.0375,0.0422,0.039,0.0394,0.0358,0.0345,0.0345
Albania,Food Packaging,Emissions (N2O),kilotonnes,0.0001,0.0001,0.0001,0.0001,0.0001,0.0001,0.0001,0.0001,0.0002,0.0002,0.0002,0.0002,0.0002,0.0002,0.0002,0.0008,0.0002,0.0006,0.0009,0.0004,0.0004
Albania,Food Packaging,Emissions (CO2),kilotonnes,5.4731,5.8889,6.8466,7.2745,6.4248,6.2907,8.0601,7.9452,7.4259,4.2759,3.226,3.2688,3.0894,3.3605,6.8307,38.4345,4.0763,25.2409,50.2651,18.1994,17.6388
Albania,Food Packaging,Emissions (CO2eq) from CH4 (AR5),kilotonnes,0.2184,0.2156,0.2436,0.21,0.2352,0.2352,0.238,0.2408,0.6524,0.7056,0.7616,0.7476,0.8372,0.9716,1.05,1.1816,1.092,1.1032,1.0024,0.966,0.966
Albania,Food Packaging,Emissions (CO2eq) from N2O (AR5),kilotonnes,0.0265,0.0265,0.0265,0.0265,0.0265,0.0265,0.0265,0.0265,0.053,0.053,0.053,0.053,0.053,0.053,0.053,0.212,0.053,0.159,0.2385,0.106,0.1037
Albania,Food Packaging,Emissions (CO2eq) (AR5),kilotonnes,5.718,6.131,7.1167,7.511,6.6865,6.5524,8.3246,8.2125,8.1313,5.0345,4.0406,4.0694,3.9796,4.3851,7.9337,39.8281,5.2213,26.5031,51.506,19.2714,18.7085
Albania,Food Retail,Emissions (CH4),kilotonnes,0.0106,0.009,0.0115,0.0158,0.0132,0.2218,0.0998,0.0998,0.1963,0.2439,0.2566,0.2343,0.0007,0.196,0.1821,0.1818,0.1529,0.1929,0.1979,0.1987,0.1987
Albania,Food Retail,Emissions (N2O),kilotonnes,0.0001,0,0.0001,0.0001,0.0001,0.0011,0.0004,0.0005,0.0015,0.0016,0.0015,0.0013,0.0001,0.0012,0.0011,0.001,0.0009,0.0011,0.0011,0.0012,0.0012
Albania,Food Retail,Emissions (CO2),kilotonnes,0.3771,0.4001,0.459,0.4515,0.3246,4.7852,2.1217,13.928,25.7279,9.0928,11.3771,12.6047,9.3389,17.8248,19.424,18.0792,17.2194,21.064,23.2305,19.1034,18.5149
Albania,Food Retail,Emissions (CO2eq) from F-gases (AR5),kilotonnes,19.2215,24.936,33.7675,44.677,57.6645,64.418,73.2495,82.081,83.12,83.6395,84.159,84.159,84.159,84.6785,84.6785,84.6785,91.9515,94.0295,96.1075,98.1855,102.7405
Albania,Food Retail,Emissions (CO2eq) from CH4 (AR5),kilotonnes,0.2968,0.252,0.322,0.4424,0.3696,6.2104,2.7944,2.7944,5.4964,6.8292,7.1848,6.5604,0.0196,5.488,5.0988,5.0904,4.2812,5.4012,5.5412,5.5636,5.5636
Albania,Food Retail,Emissions (CO2eq) from N2O (AR5),kilotonnes,0.0265,0,0.0265,0.0265,0.0265,0.2915,0.106,0.1325,0.3975,0.424,0.3975,0.3445,0.0265,0.318,0.2915,0.265,0.2385,0.2915,0.2915,0.318,0.3111
Albania,Food Retail,Emissions (CO2eq) (AR5),kilotonnes,19.9219,25.5881,34.575,45.5974,58.3852,75.7051,78.2716,98.9359,114.7418,99.9855,103.1184,103.6686,93.544,108.3093,109.4928,108.1131,113.6906,120.7862,125.1707,123.1705,127.1301
Albania,Food Household Consumption,Emissions (CH4),kilotonnes,1.0991,1.0737,1.3695,1.3607,1.2859,1.2423,0.9071,0.879,1.0399,1.1746,1.1678,1.2222,1.3689,1.7261,1.572,1.4349,1.1672,1.3223,1.4168,1.4049,1.4049
Albania,Food Household Consumption,Emissions (N2O),kilotonnes,0.006,0.006,0.0077,0.0073,0.0071,0.0064,0.0035,0.0035,0.0068,0.0074,0.0069,0.0067,0.0086,0.0093,0.0085,0.0078,0.0064,0.0072,0.0077,0.0076,0.0074
Albania,Food Household Consumption,Emissions (CO2),kilotonnes,88.4067,100.3615,112.3585,104.0906,110.5288,82.498,100.8722,92.8165,108.0064,93.2042,105.2874,99.4146,98.7826,116.7691,122.3721,122.5409,123.4693,136.5224,139.9597,139.8051,135.4983
Albania,Food Household Consumption,Emissions (CO2eq) from CH4 (AR5),kilotonnes,30.7748,30.0636,38.346,38.0996,36.0052,34.7844,25.3988,24.612,29.1172,32.8888,32.6984,34.2216,38.3292,48.3308,44.016,40.1772,32.6816,37.0244,39.6704,39.3372,39.3372
Albania,Food Household Consumption,Emissions (CO2eq) from N2O (AR5),kilotonnes,1.59,1.59,2.0405,1.9345,1.8815,1.696,0.9275,0.9275,1.802,1.961,1.8285,1.7755,2.279,2.4645,2.2525,2.067,1.696,1.908,2.0405,2.014,1.9702
Albania,Food Household Consumption,Emissions (CO2eq) (AR5),kilotonnes,120.7715,132.0151,152.745,144.1247,148.4155,118.9784,127.1985,118.356,138.9256,128.054,139.8143,135.4117,139.3908,167.5644,168.6406,164.7851,157.8469,175.4548,181.6706,181.1563,176.8057
Albania,Food Transport,Emissions (CH4),kilotonnes,0.0225,0.0226,0.0271,0.0272,0.0291,0.0293,0.0255,0.0227,0.0174,0.018,0.0185,0.0189,0.0179,0.0198,0.0198,0.02,0.0187,0.0186,0.0163,0.0214,0.0214
Albania,Food Transport,Emissions (N2O),kilotonnes,0.0094,0.0091,0.0098,0.01,0.0091,0.0094,0.0085,0.0094,0.0108,0.0055,0.0056,0.0057,0.0054,0.0059,0.0057,0.0056,0.0053,0.0053,0.0047,0.0081,0.0079
Albania,Food Transport,Emissions (CO2),kilotonnes,163.6635,170.7985,193.4325,211.886,250.5345,258.8645,208.4745,229.2735,249.1,253.2204,245.3174,255.5864,246.3454,266.9694,268.0665,264.5565,248.0719,249.6215,218.847,310.8444,301.2686
Albania,Food Transport,Emissions (CO2eq) from CH4 (AR5),kilotonnes,0.63,0.6328,0.7588,0.7616,0.8148,0.8204,0.714,0.6356,0.4872,0.504,0.518,0.5292,0.5012,0.5544,0.5544,0.56,0.5236,0.5208,0.4564,0.5992,0.5992
Albania,Food Transport,Emissions (CO2eq) from N2O (AR5),kilotonnes,2.491,2.4115,2.597,2.65,2.4115,2.491,2.2525,2.491,2.862,1.4575,1.484,1.5105,1.431,1.5635,1.5105,1.484,1.4045,1.4045,1.2455,2.1465,2.0998
Albania,Food Transport,Emissions (CO2eq) (AR5),kilotonnes,166.7845,173.8428,196.7883,215.2976,253.7608,262.1759,211.441,232.4001,252.4492,255.1819,247.3194,257.6261,248.2776,269.0873,270.1314,266.6005,250,251.5468,220.5489,313.5901,303.9677
Albania,Energy,Emissions (CH4),kilotonnes,9.26,9.12,10.1,9.3,10.4,10.3,10.4,10.5,10.3,10.3,10.6,9.12,9.5,10.2,11.3,11.5,10.3,11,11.5,11,11
Albania,Energy,Emissions (N2O),kilotonnes,0.202,0.204,0.213,0.211,0.142,0.184,0.251,0.175,0.177,0.141,0.142,0.159,0.143,0.15,0.155,0.154,0.148,0.153,0.145,0.138,0.135
Albania,Energy,Emissions (CO2),kilotonnes,2940,3230,3750,4010,3880,4010,3640,3490,3920,3830,3950,4340,3820,4170,4970,3800,3790,4660,4200,4220,4090
Albania,Energy,Emissions (CO2eq) from CH4 (AR5),kilotonnes,259.28,255.36,282.8,260.4,291.2,288.4,291.2,294,288.4,288.4,296.8,255.36,266,285.6,316.4,322,288.4,308,322,308,308
Albania,Energy,Emissions (CO2eq) from N2O (AR5),kilotonnes,53.53,54.06,56.445,55.915,37.63,48.76,66.515,46.375,46.905,37.365,37.63,42.135,37.895,39.75,41.075,40.81,39.22,40.545,38.425,36.57,35.775
Albania,Energy,Emissions (CO2eq) (AR5),kilotonnes,3252.81,3539.42,4089.245,4326.315,4208.83,4347.16,3997.715,3830.375,4255.305,4155.765,4284.43,4637.495,4123.895,4495.35,5327.475,4162.81,4117.62,5008.545,4560.425,4564.57,4433.775
Albania,IPPU,Emissions (CH4),kilotonnes,0.0138,0.0131,0.0243,0.0416,0.0381,0.0378,0.0187,0.0155,0.0131,0.0083,0.0256,0.0316,0.0264,0.0272,0.0384,0.0418,0.0428,0.0483,0.0458,0.0437,0.0453
Albania,IPPU,Emissions (N2O),kilotonnes,0.0344,0.0344,0.0343,0.0343,0.0341,0.0339,0.0336,0.0333,0.0329,0.0326,0.0324,0.0322,0.0321,0.0321,0.0322,0.0322,0.0322,0.0323,0.0323,0.0316,0.0315
Albania,IPPU,Emissions (CO2),kilotonnes,219,127,138,464,460,417,415,589,621,699,978,1130,1190,1270,1200,1090,1020,1150,1160,1190,1180
Albania,IPPU,Emissions (CO2eq) from F-gases (AR5),kilotonnes,17.0057,23.7108,30.3187,40.3278,53.6409,69.0918,76.5743,87.1664,97.1755,106.893,116.6105,119.5258,128.2716,137.0174,145.7632,154.509,163.2548,172.0006,180.7464,188.5204,197.2662
Albania,IPPU,Emissions (CO2eq) from CH4 (AR5),kilotonnes,0.3864,0.3668,0.6804,1.1648,1.0668,1.0584,0.5236,0.434,0.3668,0.2327,0.7168,0.8848,0.7392,0.7616,1.0752,1.1704,1.1984,1.3524,1.2824,1.2236,1.2684
Albania,IPPU,Emissions (CO2eq) from N2O (AR5),kilotonnes,9.116,9.116,9.0895,9.0895,9.0365,8.9835,8.904,8.8245,8.7185,8.639,8.586,8.533,8.5065,8.5065,8.533,8.533,8.533,8.5595,8.5595,8.374,8.3475
Albania,IPPU,Emissions (CO2eq) (AR5),kilotonnes,245.5081,160.1936,178.0886,514.5821,523.7442,496.1337,501.0019,685.4249,727.2608,814.7647,1103.9133,1258.9436,1327.5173,1416.2855,1355.3714,1254.2124,1192.9862,1331.9125,1350.5883,1388.118,1386.8821
Albania,Waste,Emissions (CH4),kilotonnes,11.8,12.1,12.4,12.7,13.1,13.3,13.6,13.9,14.2,14.4,14.7,14.9,15.2,15.5,15.9,16.2,16.5,16.7,17,17.3,17.6
Albania,Waste,Emissions (N2O),kilotonnes,0.183,0.183,0.183,0.186,0.187,0.187,0.186,0.186,0.186,0.186,0.192,0.195,0.201,0.204,0.207,0.207,0.211,0.215,0.22,0.218,0.22
Albania,Waste,Emissions (CO2),kilotonnes,1.67,1.76,1.83,1.92,2.02,2.12,2.19,2.25,2.32,2.39,2.46,2.53,2.6,2.6,2.6,2.6,2.6,2.64,2.69,2.8,2.85
Albania,Waste,Emissions (CO2eq) from CH4 (AR5),kilotonnes,330.4,338.8,347.2,355.6,366.8,372.4,380.8,389.2,397.6,403.2,411.6,417.2,425.6,434,445.2,453.6,462,467.6,476,484.4,492.8
Albania,Waste,Emissions (CO2eq) from N2O (AR5),kilotonnes,48.495,48.495,48.495,49.29,49.555,49.555,49.29,49.29,49.29,49.29,50.88,51.675,53.265,54.06,54.855,54.855,55.915,56.975,58.3,57.77,58.3
Albania,Waste,Emissions (CO2eq) (AR5),kilotonnes,380.565,389.055,397.525,406.81,418.375,424.075,432.28,440.74,449.21,454.88,464.94,471.405,481.465,490.66,502.655,511.055,520.515,527.215,536.99,544.97,553.95
Albania,Other,Emissions (CH4),kilotonnes,0,0,0,0,0,0,0,0,0,0,0,0,0,0,0,0,0,0,0,0,0
Albania,Other,Emissions (N2O),kilotonnes,0.11,0.112,0.124,0.123,0.14,0.135,0.119,0.116,0.123,0.118,0.114,0.126,0.111,0.119,0.127,0.127,0.121,0.132,0.135,0.125,0.125
Albania,Other,Emissions (CO2),kilotonnes,0,0,0,0,0,0,0,0,0,0,0,0,0,0,0,0,0,0,0,0,0
Albania,Other,Emissions (CO2eq) from CH4 (AR5),kilotonnes,0,0,0,0,0,0,0,0,0,0,0,0,0,0,0,0,0,0,0,0,0
Albania,Other,Emissions (CO2eq) from N2O (AR5),kilotonnes,29.15,29.68,32.86,32.595,37.1,35.775,31.535,30.74,32.595,31.27,30.21,33.39,29.415,31.535,33.655,33.655,32.065,34.98,35.775,33.125,33.125
Albania,Other,Emissions (CO2eq) (AR5),kilotonnes,29.15,29.68,32.86,32.595,37.1,35.775,31.535,30.74,32.595,31.27,30.21,33.39,29.415,31.535,33.655,33.655,32.065,34.98,35.775,33.125,33.125
Albania,Farm-gate emissions,Emissions (CH4),kilotonnes,107.3272,104.8328,102.0667,103.3817,99.4524,98.7694,96.9992,92.1111,85.5478,81.2969,81.7848,81.3002,82.914,82.8954,83.8942,84.4336,84.0157,82.2168,80.4917,73.9922,67.6068
Albania,Farm-gate emissions,Direct emissions (N2O),kilotonnes,2.1431,2.0576,2.4333,2.4525,2.3598,2.3656,2.2381,2.1844,2.0901,2.1045,2.0795,2.1545,2.1499,2.1016,2.1314,2.2316,2.3225,2.2321,1.9678,2.0739,1.8731
Albania,Farm-gate emissions,Indirect emissions (N2O),kilotonnes,0.7756,0.7464,0.8645,0.8758,0.8416,0.842,0.8019,0.7844,0.7493,0.7521,0.7446,0.7674,0.768,0.7541,0.7666,0.7994,0.8299,0.7993,0.7117,0.7424,0.6721
Albania,Farm-gate emissions,Emissions (N2O),kilotonnes,3.7441,3.6158,4.0969,4.0785,3.9938,3.9962,3.8837,3.792,3.5411,3.5399,3.5069,3.6447,3.6422,3.5473,3.6013,3.7337,3.846,3.7434,3.3628,3.4607,3.1509
Albania,Farm-gate emissions,Emissions (CO2),kilotonnes,336.5773,344.817,370.9019,183.4008,384.6386,361.6824,529.5291,347.8107,331.4776,326.1916,325.4503,375.3742,332.6545,360.2298,393.8312,386.3072,379.7693,418.2033,423.3912,428.2944,428.1494
Albania,Farm-gate emissions,Emissions (CO2eq) from CH4 (AR5),kilotonnes,3005.1624,2935.3171,2857.8669,2894.6884,2784.6669,2765.5445,2715.9771,2579.1101,2395.3379,2276.3143,2289.973,2276.4047,2321.5909,2321.0707,2349.0371,2364.1416,2352.4405,2302.0703,2253.7676,2071.7824,1892.9898
Albania,Farm-gate emissions,Emissions (CO2eq) from N2O (AR5),kilotonnes,992.1751,958.1938,1085.6837,1080.8045,1058.3478,1058.9824,1029.1738,1004.8799,938.3964,938.0646,929.3287,965.8401,965.1786,940.0253,954.3438,989.4201,1019.1871,991.9898,891.1415,917.084,834.9877
Albania,Farm-gate emissions,Emissions (CO2eq) (AR5),kilotonnes,4333.9148,4238.328,4314.4524,4158.8937,4227.6534,4186.2092,4274.68,3931.8007,3665.2119,3540.5704,3544.752,3617.619,3619.4241,3621.3258,3697.2121,3739.8689,3751.3969,3712.2633,3568.3002,3417.1608,3156.127
Albania,Land Use change,Emissions (CH4),kilotonnes,0,0,0,0,0,0,0,0,0,0,0,0,0,0,0,0,0,0,0,0,0
Albania,Land Use change,Emissions (N2O),kilotonnes,0,0,0,0,0,0,0,0,0,0,0,0,0,0,0,0,0,0,0,0,0
Albania,Land Use change,Emissions (CO2),kilotonnes,0,0,0,0,0,0,0,0,0,0,0,0,0,0,0,0,0,0,0,0,0
Albania,Land Use change,Emissions (CO2eq) from CH4 (AR5),kilotonnes,0,0,0,0,0,0,0,0,0,0,0,0,0,0,0,0,0,0,0,0,0
Albania,Land Use change,Emissions (CO2eq) from N2O (AR5),kilotonnes,0,0,0,0,0,0,0,0,0,0,0,0,0,0,0,0,0,0,0,0,0
Albania,Land Use change,Emissions (CO2eq) (AR5),kilotonnes,0,0,0,0,0,0,0,0,0,0,0,0,0,0,0,0,0,0,0,0,0
Albania,Emissions on agricultural land,Emissions (CH4),kilotonnes,107.3272,104.8328,102.0667,103.3817,99.4524,98.7694,96.9992,92.1111,85.5478,81.2969,81.7848,81.3002,82.914,82.8954,83.8942,84.4336,84.0157,82.2168,80.4917,73.9922,67.6068
Albania,Emissions on agricultural land,Emissions (N2O),kilotonnes,3.7441,3.6158,4.0969,4.0785,3.9938,3.9962,3.8837,3.792,3.5411,3.5399,3.5069,3.6447,3.6422,3.5473,3.6013,3.7337,3.846,3.7434,3.3628,3.4607,3.1509
Albania,Emissions on agricultural land,Emissions (CO2),kilotonnes,336.5773,344.817,370.9019,183.4008,384.6386,361.6824,529.5291,347.8107,331.4776,326.1916,325.4503,375.3742,332.6545,360.2298,393.8312,386.3072,379.7693,418.2033,423.3912,428.2944,428.1494
Albania,Emissions on agricultural land,Emissions (CO2eq) from CH4 (AR5),kilotonnes,3005.1624,2935.3171,2857.8669,2894.6884,2784.6669,2765.5445,2715.9771,2579.1101,2395.3379,2276.3143,2289.973,2276.4047,2321.5909,2321.0707,2349.0371,2364.1416,2352.4405,2302.0703,2253.7676,2071.7824,1892.9898
Albania,Emissions on agricultural land,Emissions (CO2eq) from N2O (AR5),kilotonnes,992.1751,958.1938,1085.6837,1080.8045,1058.3478,1058.9824,1029.1738,1004.8799,938.3964,938.0646,929.3287,965.8401,965.1786,940.0253,954.3438,989.4201,1019.1871,991.9898,891.1415,917.084,834.9877
Albania,Emissions on agricultural land,Emissions (CO2eq) (AR5),kilotonnes,4333.9148,4238.328,4314.4524,4158.8937,4227.6534,4186.2092,4274.68,3931.8007,3665.2119,3540.5704,3544.752,3617.619,3619.4241,3621.3258,3697.2121,3739.8689,3751.3969,3712.2633,3568.3002,3417.1608,3156.127
Albania,Pre- and post- production,Emissions (CH4),kilotonnes,16.9508,17.6253,17.9402,17.928,18.4827,18.9488,18.3777,19.7936,20.7214,20.6481,22.2111,21.4374,22.1077,24.6403,24.2893,25.4605,26.3191,25.8646,25.3073,24.6397,23.9652
Albania,Pre- and post- production,Emissions (N2O),kilotonnes,0.142,0.1504,0.1541,0.1466,0.1505,0.1559,0.1592,0.153,0.1647,0.1579,0.1635,0.1643,0.1688,0.1737,0.1932,0.1892,0.1935,0.1935,0.1889,0.1874,0.182
Albania,Pre- and post- production,Emissions (CO2),kilotonnes,295.5103,316.0487,352.9893,358.8267,400.2839,384.1189,351.4921,490.2332,510.0206,425.2575,453.8821,484.2587,469.9677,509.7264,540.3454,551.5782,474.5062,548.5735,506.747,593.0056,575.7587
Albania,Pre- and post- production,Emissions (CO2eq) from F-gases (AR5),kilotonnes,19.2215,24.936,33.7675,44.677,57.6645,64.418,73.2495,82.081,83.12,83.6395,84.159,84.159,84.159,84.6785,84.6785,84.6785,91.9515,94.0295,96.1075,98.1855,102.7405
Albania,Pre- and post- production,Emissions (CO2eq) from CH4 (AR5),kilotonnes,474.6219,493.5082,502.3249,501.9843,517.5168,530.567,514.5755,554.2198,580.1996,578.1477,621.9101,600.2485,619.017,689.9296,680.1005,712.8935,736.9354,724.2076,708.6054,689.9102,671.0258
Albania,Pre- and post- production,Emissions (CO2eq) from N2O (AR5),kilotonnes,37.6271,39.8491,40.8285,38.8502,39.893,41.3024,42.1961,40.5481,43.6422,41.8517,43.3226,43.5504,44.7411,46.0242,51.1971,50.13,51.2746,51.2645,50.0596,49.6551,48.2358
Albania,Pre- and post- production,Emissions (CO2eq) (AR5),kilotonnes,826.9808,874.342,929.9103,944.3382,1015.3582,1020.4062,981.5132,1167.0821,1216.9824,1128.8964,1203.2737,1212.2166,1217.8848,1330.3587,1356.3214,1399.2803,1354.6677,1418.0752,1361.5194,1430.7564,1397.7608
Albania,Agri-food systems,Emissions (CH4),kilotonnes,124.278,122.458,120.0069,121.3097,117.9351,117.7183,115.3769,111.9046,106.2692,101.9451,103.9958,102.7376,105.0217,107.5357,108.1835,109.8941,110.3349,108.0814,105.799,98.6319,91.572
Albania,Agri-food systems,Emissions (N2O),kilotonnes,3.886,3.7662,4.251,4.2251,4.1443,4.152,4.0429,3.945,3.7058,3.6978,3.6704,3.809,3.811,3.7209,3.7945,3.9228,4.0395,3.9368,3.5517,3.6481,3.3329
Albania,Agri-food systems,Emissions (CO2),kilotonnes,632.0876,660.8657,723.8912,542.2275,784.9225,745.8012,881.0212,838.0439,841.4981,751.449,779.3323,859.6329,802.6222,869.9561,934.1766,937.8854,854.2755,966.7768,930.1381,1021.3,1003.9081
Albania,Agri-food systems,Emissions (CO2eq) from F-gases (AR5),kilotonnes,19.2215,24.936,33.7675,44.677,57.6645,64.418,73.2495,82.081,83.12,83.6395,84.159,84.159,84.159,84.6785,84.6785,84.6785,91.9515,94.0295,96.1075,98.1855,102.7405
Albania,Agri-food systems,Emissions (CO2eq) from CH4 (AR5),kilotonnes,3479.7843,3428.8254,3360.1918,3396.6727,3302.1837,3296.1115,3230.5526,3133.3299,2975.5375,2854.462,2911.8831,2876.6532,2940.6079,3011.0003,3029.1376,3077.0352,3089.3759,3026.2778,2962.373,2761.6926,2564.0156
Albania,Agri-food systems,Emissions (CO2eq) from N2O (AR5),kilotonnes,1029.8022,998.0429,1126.5122,1119.6547,1098.2409,1100.2847,1071.3699,1045.428,982.0386,979.9162,972.6513,1009.3905,1009.9198,986.0495,1005.5408,1039.5501,1070.4618,1043.2543,941.2011,966.739,883.2235
Albania,Agri-food systems,Emissions (CO2eq) (AR5),kilotonnes,5160.8956,5112.67,5244.3627,5103.2319,5243.0115,5206.6154,5256.1932,5098.8827,4882.1943,4669.4668,4748.0257,4829.8356,4837.3089,4951.6844,5053.5335,5139.1492,5106.0646,5130.3384,4929.8197,4847.9171,4553.8878
Albania,IPCC Agriculture,Emissions (CH4),kilotonnes,107.3007,104.8076,102.0349,103.3609,99.4152,98.7348,96.9568,92.0789,85.5216,81.274,81.7581,81.2713,82.8904,82.8426,83.8131,84.3405,83.962,82.1421,80.3851,73.8805,67.495
Albania,IPCC Agriculture,Emissions (CH4),kilotonnes,73.78,71.77,69.58,70.12,69.58,66.66,65.32,60.96,57.21,53.7,,,,,,,,,,,
Albania,IPCC Agriculture,Direct emissions (N2O),kilotonnes,2.1431,2.0576,2.4333,2.4525,2.3598,2.3656,2.2381,2.1844,2.0901,2.1045,2.0795,2.1545,2.1499,2.1016,2.1314,2.2316,2.3225,2.2321,1.9678,2.0739,1.8731
Albania,IPCC Agriculture,Indirect emissions (N2O),kilotonnes,0.7756,0.7464,0.8645,0.8758,0.8416,0.842,0.8019,0.7844,0.7493,0.7521,0.7446,0.7674,0.768,0.7541,0.7666,0.7994,0.8299,0.7993,0.7117,0.7424,0.6721
Albania,IPCC Agriculture,Emissions (N2O),kilotonnes,3.6637,3.5331,4.0139,4.0608,3.9093,3.9168,3.7307,3.7115,3.4742,3.4633,3.4351,3.5544,3.5626,3.461,3.5101,3.6432,3.7532,3.639,3.2594,3.3548,3.0451
Albania,IPCC Agriculture,Emissions (N2O),kilotonnes,0.0104,0.0104,0.0104,0.0104,0.0104,0.0109,0.0104,0.0103,0.0103,0.0102,,,,,,,,,,,
Albania,IPCC Agriculture,Emissions (CO2eq) from CH4 (AR5),kilotonnes,3004.4192,2934.6137,2856.9771,2894.1055,2783.6247,2764.5734,2714.7894,2578.2094,2394.6056,2275.6712,2289.2273,2275.5951,2320.9321,2319.5921,2346.7673,2361.5326,2350.9352,2299.9792,2250.7833,2068.6534,1889.8609
Albania,IPCC Agriculture,Emissions (CO2eq) from CH4 (AR5),kilotonnes,2065.84,2009.56,1948.24,1963.36,1948.24,1866.48,1828.96,1706.88,1601.88,1503.6,,,,,,,,,,,
Albania,IPCC Agriculture,Emissions (CO2eq) from N2O (AR5),kilotonnes,970.8871,936.2614,1063.6808,1076.1077,1035.9769,1037.9389,988.6257,983.5506,920.6625,917.7781,910.3064,941.9282,944.0781,917.1526,930.1894,965.4425,994.6105,964.3376,863.7425,889.0351,806.9388
Albania,IPCC Agriculture,Emissions (CO2eq) from N2O (AR5),kilotonnes,2.756,2.756,2.756,2.756,2.756,2.8885,2.756,2.7295,2.7295,2.703,,,,,,,,,,,
Albania,IPCC Agriculture,Emissions (CO2eq) (AR5),kilotonnes,3975.3063,3870.8751,3920.6579,3970.2132,3819.6016,3802.5123,3703.4151,3561.7601,3315.268,3193.4493,3199.5337,3217.5233,3265.0102,3236.7448,3276.9567,3326.9751,3345.5457,3264.3169,3114.5258,2957.6885,2696.7997
Albania,IPCC Agriculture,Emissions (CO2eq) (AR5),kilotonnes,2068.596,2012.316,1950.996,1966.116,1950.996,1869.3685,1831.716,1709.6095,1604.6095,1506.303,,,,,,,,,,,
Albania,Agricultural Soils,Direct emissions (N2O),kilotonnes,2.1431,2.0576,2.4333,2.4525,2.3598,2.3656,2.2381,2.1844,2.0901,2.1045,2.0795,2.1545,2.1499,2.1016,2.1314,2.2316,2.3225,2.2321,1.9678,2.0739,1.8731
Albania,Agricultural Soils,Indirect emissions (N2O),kilotonnes,0.7756,0.7464,0.8645,0.8758,0.8416,0.842,0.8019,0.7844,0.7493,0.7521,0.7446,0.7674,0.768,0.7541,0.7666,0.7994,0.8299,0.7993,0.7117,0.7424,0.6721
Albania,Agricultural Soils,Emissions (N2O),kilotonnes,2.9942,2.8794,3.3732,3.4037,3.2768,3.2829,3.1154,3.0442,2.9149,2.932,2.8991,2.9969,2.9929,2.9302,2.9725,3.1055,3.2267,3.1057,2.753,2.8889,2.6176
Albania,Agricultural Soils,Emissions (N2O),kilotonnes,0.01,0.01,0.01,0.01,0.01,0.01,0.01,0.01,0.01,0.01,,,,,,,,,,,
Albania,Agricultural Soils,Emissions (CO2eq) from N2O (AR5),kilotonnes,793.4591,763.0406,893.9045,901.9856,868.3509,869.9774,825.5816,806.7184,772.4504,776.9877,768.266,794.1859,793.1155,776.4953,787.7113,822.9535,855.0693,823.0198,729.5349,765.5517,693.6681
Albania,Agricultural Soils,Emissions (CO2eq) from N2O (AR5),kilotonnes,2.65,2.65,2.65,2.65,2.65,2.65,2.65,2.65,2.65,2.65,,,,,,,,,,,
Albania,Agricultural Soils,Emissions (CO2eq) (AR5),kilotonnes,793.4591,763.0406,893.9045,901.9856,868.3509,869.9774,825.5816,806.7184,772.4504,776.9877,768.266,794.1859,793.1155,776.4953,787.7113,822.9535,855.0693,823.0198,729.5349,765.5517,693.6681
Albania,Agricultural Soils,Emissions (CO2eq) (AR5),kilotonnes,2.65,2.65,2.65,2.65,2.65,2.65,2.65,2.65,2.65,2.65,,,,,,,,,,,
Albania,LULUCF,Emissions (CH4),kilotonnes,1.8175,0,0,0.0199,0,0,0,0.1246,0,0.0249,0,0.0473,0.0772,0,0,0.0075,0.0125,0.0498,0,0,0
Albania,LULUCF,Emissions (CH4),kilotonnes,,,,,,,,,,,,,,,,,,,,,
Albania,LULUCF,Emissions (N2O),kilotonnes,0.1005,0,0,0.0018,0,0,0,0.0114,0,0.0023,0,0.0043,0.0071,0,0,0.0007,0.0011,0.0045,0,0,0
Albania,LULUCF,Emissions (CO2),kilotonnes,183.3916,-1122.79,-1122.79,-1122.8353,-1122.8584,-1122.8584,-1122.8584,-1122.8584,-1122.8584,-1122.8584,-1123.5119,-851.2279,-851.2279,-851.8815,-851.8815,-851.9905,-243.1753,-243.1208,-244.4284,-246.2379,-246.3828
Albania,LULUCF,Emissions (CO2),kilotonnes,3303,2507,2056,1719,1789,1715,1638,1618,1179,911,,,,,,,,,,,
Albania,LULUCF,Emissions (CO2eq) from CH4 (AR5),kilotonnes,50.8896,0,0,0.5581,0,0,0,3.4884,0,0.6975,0,1.3255,2.1625,0,0,0.2093,0.3488,1.3951,0,0,0
Albania,LULUCF,Emissions (CO2eq) from N2O (AR5),kilotonnes,26.6436,0,0,0.4822,0,0,0,3.0144,0,0.6027,0,1.1454,1.8687,0,0,0.1809,0.3014,1.2055,0,0,0
Albania,LULUCF,Emissions (CO2eq) (AR5),kilotonnes,260.9248,-1122.79,-1122.79,-1121.795,-1122.8584,-1122.8584,-1122.8584,-1116.3557,-1122.8584,-1121.5583,-1123.5119,-848.757,-847.1967,-851.8815,-851.8815,-851.6003,-242.5251,-240.5201,-244.4284,-246.2379,-246.3828
Albania,LULUCF,Emissions (CO2eq) (AR5),kilotonnes,3303,2507,2056,1719,1789,1715,1638,1618,1179,911,,,,,,,,,,,
Albania,AFOLU,Emissions (CH4),kilotonnes,109.1182,104.8076,102.0349,103.3808,99.4152,98.7348,96.9568,92.2035,85.5216,81.2989,81.7581,81.3186,82.9677,82.8426,83.8131,84.3479,83.9744,82.1919,80.3851,73.8805,67.495
Albania,AFOLU,Emissions (N2O),kilotonnes,3.7643,3.5331,4.0139,4.0626,3.9093,3.9168,3.7307,3.7229,3.4742,3.4656,3.4351,3.5588,3.5696,3.461,3.5101,3.6439,3.7544,3.6436,3.2594,3.3548,3.0451
Albania,AFOLU,Emissions (CO2),kilotonnes,183.3916,-1122.79,-1122.79,-1122.8353,-1122.8584,-1122.8584,-1122.8584,-1122.8584,-1122.8584,-1122.8584,-1123.5119,-851.2279,-851.2279,-851.8815,-851.8815,-851.9905,-243.1753,-243.1208,-244.4284,-246.2379,-246.3828
Albania,AFOLU,Emissions (CO2eq) from CH4 (AR5),kilotonnes,3055.3089,2934.6137,2856.9771,2894.6636,2783.6247,2764.5734,2714.7894,2581.6978,2394.6056,2276.3686,2289.2273,2276.9207,2323.0946,2319.5921,2346.7673,2361.742,2351.284,2301.3743,2250.7833,2068.6534,1889.8609
Albania,AFOLU,Emissions (CO2eq) from N2O (AR5),kilotonnes,997.5307,936.2614,1063.6808,1076.5899,1035.9769,1037.9389,988.6257,986.565,920.6625,918.3808,910.3064,943.0736,945.9468,917.1526,930.1894,965.6234,994.9119,965.5432,863.7425,889.0351,806.9388
Albania,AFOLU,Emissions (CO2eq) (AR5),kilotonnes,4236.2312,2748.0851,2797.8679,2848.4182,2696.7432,2679.6539,2580.5567,2445.4044,2192.4096,2071.891,2076.0218,2368.7663,2417.8135,2384.8633,2425.0752,2475.3748,3103.0206,3023.7967,2870.0974,2711.4506,2450.4168
Albania,All sectors with LULUCF,Emissions (CH4),kilotonnes,130.192,126.0407,124.5592,125.4224,122.9533,122.3726,120.9755,116.619,110.0347,106.0072,107.0837,105.3702,107.6941,108.5698,111.0515,112.0897,110.8172,109.9402,108.9309,102.2242,96.1403
Albania,All sectors with LULUCF,Emissions (N2O),kilotonnes,4.2937,4.0665,4.5682,4.6169,4.4124,4.4567,4.3203,4.2332,3.9931,3.9432,3.9155,4.071,4.0567,3.9661,4.0313,4.1641,4.2666,4.1759,3.7917,3.8674,3.5566
Albania,All sectors with LULUCF,Emissions (CO2),kilotonnes,3344.0616,2235.97,2767.04,3353.0847,3219.1616,3306.2616,2934.3316,2958.3916,3420.4616,3408.5316,3806.9481,4621.3021,4161.3721,4590.7185,5320.7185,4040.6095,4569.4247,5569.5192,5118.2616,5166.5621,5026.4672
Albania,All sectors with LULUCF,Emissions (CO2eq) from F-gases (AR5),kilotonnes,17.0057,23.7108,30.3187,40.3278,53.6409,69.0918,76.5743,87.1664,97.1755,106.893,116.6105,119.5258,128.2716,137.0174,145.7632,154.509,163.2548,172.0006,180.7464,188.5204,197.2662
Albania,All sectors with LULUCF,Emissions (CO2eq) from CH4 (AR5),kilotonnes,3645.3753,3529.1405,3487.6575,3511.8284,3442.6915,3426.4318,3387.313,3265.3318,3080.9724,2968.2013,2998.3441,2950.3655,3015.4338,3039.9537,3109.4425,3138.5124,3102.8824,3078.3267,3050.0657,2862.277,2691.9293
Albania,All sectors with LULUCF,Emissions (CO2eq) from N2O (AR5),kilotonnes,1137.8217,1077.6124,1210.5703,1223.4794,1169.2984,1181.0124,1144.8697,1121.7945,1058.171,1044.9448,1037.6124,1078.8066,1075.0283,1051.0041,1068.3074,1103.4764,1130.6449,1106.6027,1004.802,1024.8741,942.4863
Albania,All sectors with LULUCF,Emissions (CO2eq) (AR5),kilotonnes,8144.2643,6866.4337,7495.5865,8128.7203,7884.7923,7982.7975,7543.0885,7432.6843,7656.7803,7528.5707,7959.5152,8770,8380.1058,8818.6938,9644.2316,8437.1072,8966.2068,9926.4492,9353.8756,9242.2336,8858.1489
Albania,All sectors without LULUCF,Emissions (CH4),kilotonnes,128.3745,126.0407,124.5592,125.4025,122.9533,122.3726,120.9755,116.4944,110.0347,105.9823,107.0837,105.3229,107.6168,108.5698,111.0515,112.0823,110.8048,109.8904,108.9309,102.2242,96.1403
Albania,All sectors without LULUCF,Emissions (N2O),kilotonnes,4.1931,4.0665,4.5682,4.6151,4.4124,4.4567,4.3203,4.2218,3.9931,3.9409,3.9155,4.0666,4.0497,3.9661,4.0313,4.1634,4.2654,4.1713,3.7917,3.8674,3.5566
Albania,All sectors without LULUCF,Emissions (CO2),kilotonnes,3160.67,3358.76,3889.83,4475.92,4342.02,4429.12,4057.19,4081.25,4543.32,4531.39,4930.46,5472.53,5012.6,5442.6,6172.6,4892.6,4812.6,5812.64,5362.69,5412.8,5272.85
Albania,All sectors without LULUCF,Emissions (CO2eq) from F-gases (AR5),kilotonnes,17.0057,23.7108,30.3187,40.3278,53.6409,69.0918,76.5743,87.1664,97.1755,106.893,116.6105,119.5258,128.2716,137.0174,145.7632,154.509,163.2548,172.0006,180.7464,188.5204,197.2662
Albania,All sectors without LULUCF,Emissions (CO2eq) from CH4 (AR5),kilotonnes,3594.4856,3529.1405,3487.6575,3511.2703,3442.6915,3426.4318,3387.313,3261.8434,3080.9724,2967.5038,2998.3441,2949.0399,3013.2713,3039.9537,3109.4425,3138.303,3102.5336,3076.9316,3050.0657,2862.277,2691.9293
Albania,All sectors without LULUCF,Emissions (CO2eq) from N2O (AR5),kilotonnes,1111.1781,1077.6124,1210.5703,1222.9972,1169.2984,1181.0124,1144.8697,1118.7801,1058.171,1044.3421,1037.6124,1077.6612,1073.1596,1051.0041,1068.3074,1103.2955,1130.3435,1105.3971,1004.802,1024.8741,942.4863
Albania,All sectors without LULUCF,Emissions (CO2eq) (AR5),kilotonnes,7883.3394,7989.2237,8618.3766,9250.5153,9007.6508,9105.656,8665.947,8549.04,8779.6388,8650.129,9083.0271,9618.7569,9227.3025,9670.5752,10496.1131,9288.7075,9208.7319,10166.9693,9598.3041,9488.4715,9104.5317
Algeria,Crop Residues,Direct emissions (N2O),kilotonnes,0.2829,0.6768,0.521,1.0201,0.9881,0.8588,0.9685,0.892,0.4434,1.2302,1.0412,1.0437,1.2429,1.1963,0.9159,0.9816,0.9823,0.9941,1.4212,1.3625,1.1121
Algeria,Crop Residues,Indirect emissions (N2O),kilotonnes,0.0637,0.1523,0.1172,0.2295,0.2223,0.1932,0.2179,0.2007,0.0998,0.2768,0.2343,0.2348,0.2796,0.2692,0.2061,0.2209,0.221,0.2237,0.3198,0.3066,0.2502
Algeria,Crop Residues,Emissions (N2O),kilotonnes,0.3466,0.8291,0.6383,1.2497,1.2105,1.0521,1.1864,1.0927,0.5431,1.507,1.2755,1.2786,1.5225,1.4654,1.1219,1.2025,1.2033,1.2177,1.7409,1.669,1.3623
Algeria,Crop Residues,Emissions (CO2eq) from N2O (AR5),kilotonnes,91.8452,219.7063,169.1395,331.1605,320.7696,278.8021,314.399,289.5742,143.9271,399.3435,338.0018,338.82,403.4676,388.3338,297.3121,318.6653,318.8821,322.6943,461.3507,442.2946,361.0129
Algeria,Crop Residues,Emissions (CO2eq) (AR5),kilotonnes,91.8452,219.7063,169.1395,331.1605,320.7696,278.8021,314.399,289.5742,143.9271,399.3435,338.0018,338.82,403.4676,388.3338,297.3121,318.6653,318.8821,322.6943,461.3507,442.2946,361.0129
Algeria,Rice Cultivation,Emissions (CH4),kilotonnes,0.0935,0.0946,0.086,0.0924,0.0899,0.0837,0.0787,0.0728,0.0669,0.0613,0.0568,0.0557,0.0504,0.0504,0.0504,0.0437,0.0482,0.0476,0.0465,0.0473,0.047
Algeria,Rice Cultivation,Emissions (CO2eq) from CH4 (AR5),kilotonnes,2.6186,2.6499,2.4069,2.5872,2.5166,2.3442,2.203,2.0384,1.8738,1.717,1.5915,1.5602,1.4112,1.4112,1.4112,1.223,1.3485,1.3328,1.3014,1.325,1.3171
Algeria,Rice Cultivation,Emissions (CO2eq) (AR5),kilotonnes,2.6186,2.6499,2.4069,2.5872,2.5166,2.3442,2.203,2.0384,1.8738,1.717,1.5915,1.5602,1.4112,1.4112,1.4112,1.223,1.3485,1.3328,1.3014,1.325,1.3171
Algeria,Burning - Crop residues,Emissions (CH4),kilotonnes,0.8948,1.9849,1.5115,2.2128,2.1725,1.7334,1.928,1.9664,1.0881,1.9973,1.8969,1.8072,2.1036,1.8667,1.7863,1.9621,2.2296,2.2937,2.1079,2.1374,1.9976
Algeria,Burning - Crop residues,Emissions (CH4),kilotonnes,0.19,,,,,,,,,,,,,,,,,,,,
Algeria,Burning - Crop residues,Emissions (N2O),kilotonnes,0.0232,0.0515,0.0392,0.0574,0.0563,0.0449,0.05,0.051,0.0282,0.0518,0.0492,0.0469,0.0545,0.0484,0.0463,0.0509,0.0578,0.0595,0.0546,0.0554,0.0518
Algeria,Burning - Crop residues,Emissions (CO2eq) from CH4 (AR5),kilotonnes,25.0549,55.5773,42.3211,61.9579,60.8301,48.5353,53.9828,55.0584,30.4658,55.9241,53.1122,50.6012,58.8996,52.2673,50.0174,54.9375,62.4292,64.2227,59.0204,59.8465,55.9331
Algeria,Burning - Crop residues,Emissions (CO2eq) from CH4 (AR5),kilotonnes,5.32,,,,,,,,,,,,,,,,,,,,
Algeria,Burning - Crop residues,Emissions (CO2eq) from N2O (AR5),kilotonnes,6.1477,13.637,10.3843,15.2026,14.9259,11.9091,13.2458,13.5097,7.4754,13.7221,13.0322,12.416,14.4522,12.8248,12.2728,13.48,15.3183,15.7583,14.4819,14.6846,13.7243
Algeria,Burning - Crop residues,Emissions (CO2eq) (AR5),kilotonnes,31.2026,69.2144,52.7054,77.1606,75.756,60.4444,67.2286,68.5681,37.9412,69.6462,66.1443,63.0172,73.3518,65.0921,62.2902,68.4175,77.7475,79.981,73.5023,74.5311,69.6574
Algeria,Burning - Crop residues,Emissions (CO2eq) (AR5),kilotonnes,5.32,,,,,,,,,,,,,,,,,,,,
Algeria,Enteric Fermentation,Emissions (CH4),kilotonnes,179.9363,181.5865,176.1129,180.563,189.1724,191.0504,196.6906,199.3094,198.3995,208.3025,220.6887,228.8808,238.8018,250.0674,263.2347,267.7436,265.4547,261.4209,259.6542,262.0253,268.5419
Algeria,Enteric Fermentation,Emissions (CH4),kilotonnes,184.03,,,,,,,,,,,,,,,,,,,,
Algeria,Enteric Fermentation,Emissions (CO2eq) from CH4 (AR5),kilotonnes,5038.2177,5084.4214,4931.1612,5055.7636,5296.8275,5349.4122,5507.336,5580.6636,5555.185,5832.4707,6179.2847,6408.663,6686.4505,7001.8865,7370.5729,7496.8206,7432.7324,7319.7853,7270.3168,7336.7081,7519.1745
Algeria,Enteric Fermentation,Emissions (CO2eq) from CH4 (AR5),kilotonnes,5152.84,,,,,,,,,,,,,,,,,,,,
Algeria,Enteric Fermentation,Emissions (CO2eq) (AR5),kilotonnes,5038.2177,5084.4214,4931.1612,5055.7636,5296.8275,5349.4122,5507.336,5580.6636,5555.185,5832.4707,6179.2847,6408.663,6686.4505,7001.8865,7370.5729,7496.8206,7432.7324,7319.7853,7270.3168,7336.7081,7519.1745
Algeria,Enteric Fermentation,Emissions (CO2eq) (AR5),kilotonnes,5152.84,,,,,,,,,,,,,,,,,,,,
Algeria,Manure Management,Emissions (CH4),kilotonnes,7.6799,7.6921,7.7844,8.0166,8.2309,8.3072,8.5347,8.6251,8.5859,8.8973,9.2681,9.5338,9.8658,10.2211,10.599,10.7977,10.7582,10.6585,10.6448,10.7414,10.9693
Algeria,Manure Management,Emissions (CH4),kilotonnes,,,,,,,,,,,,,,,,,,,,,
Algeria,Manure Management,Emissions (N2O),kilotonnes,0.167,0.168,0.1706,0.1759,0.1814,0.1825,0.1848,0.1861,0.1855,0.1914,0.1993,0.205,0.2119,0.2202,0.2279,0.2318,0.2305,0.23,0.2274,0.2296,0.2342
Algeria,Manure Management,Emissions (N2O),kilotonnes,6.29,,,,,,,,,,,,,,,,,,,,
Algeria,Manure Management,Emissions (CO2eq) from CH4 (AR5),kilotonnes,215.0378,215.3789,217.9621,224.4661,230.4647,232.6019,238.9705,241.502,240.4043,249.1251,259.5073,266.946,276.2425,286.1918,296.7707,302.3368,301.23,298.4387,298.0539,300.7606,307.1401
Algeria,Manure Management,Emissions (CO2eq) from CH4 (AR5),kilotonnes,,,,,,,,,,,,,,,,,,,,,
Algeria,Manure Management,Emissions (CO2eq) from N2O (AR5),kilotonnes,44.2576,44.5247,45.2,46.6009,48.0815,48.353,48.9611,49.3206,49.1669,50.7335,52.813,54.3139,56.1484,58.3414,60.3901,61.4234,61.0866,60.9522,60.2587,60.8314,62.063
Algeria,Manure Management,Emissions (CO2eq) from N2O (AR5),kilotonnes,1666.85,,,,,,,,,,,,,,,,,,,,
Algeria,Manure Management,Emissions (CO2eq) (AR5),kilotonnes,259.2954,259.9036,263.1621,271.067,278.5461,280.955,287.9316,290.8226,289.5712,299.8586,312.3203,321.26,332.3908,344.5332,357.1608,363.7602,362.3166,359.3909,358.3126,361.592,369.2031
Algeria,Manure Management,Emissions (CO2eq) (AR5),kilotonnes,1666.85,,,,,,,,,,,,,,,,,,,,
Algeria,Manure left on Pasture,Direct emissions (N2O),kilotonnes,7.5966,7.6361,7.5625,7.7723,8.0685,8.156,8.3683,8.4695,8.4232,8.7996,9.2666,9.5843,9.9624,10.4167,10.9037,11.0814,10.9809,10.84,10.7345,10.8323,11.0631
Algeria,Manure left on Pasture,Indirect emissions (N2O),kilotonnes,2.5106,2.5132,2.4957,2.5607,2.6621,2.7112,2.8049,2.8418,2.8193,2.9684,3.1421,3.261,3.4003,3.5668,3.7308,3.7743,3.7516,3.7347,3.7236,3.7719,3.8821
Algeria,Manure left on Pasture,Emissions (N2O),kilotonnes,10.1073,10.1492,10.0582,10.333,10.7306,10.8672,11.1732,11.3113,11.2426,11.768,12.4087,12.8453,13.3627,13.9835,14.6345,14.8556,14.7325,14.5747,14.4581,14.6042,14.9452
Algeria,Manure left on Pasture,Emissions (CO2eq) from N2O (AR5),kilotonnes,2678.4228,2689.5492,2665.4277,2738.2321,2843.5966,2879.8072,2960.8902,2997.4983,2979.282,3118.5266,3288.2985,3404.009,3541.1182,3705.6336,3878.1551,3936.7351,3904.1029,3862.3064,3831.3895,3870.1023,3960.4686
Algeria,Manure left on Pasture,Emissions (CO2eq) (AR5),kilotonnes,2678.4228,2689.5492,2665.4277,2738.2321,2843.5966,2879.8072,2960.8902,2997.4983,2979.282,3118.5266,3288.2985,3404.009,3541.1182,3705.6336,3878.1551,3936.7351,3904.1029,3862.3064,3831.3895,3870.1023,3960.4686
Algeria,Manure applied to Soils,Direct emissions (N2O),kilotonnes,0.2904,0.2978,0.3005,0.3096,0.3221,0.3208,0.3182,0.3193,0.3192,0.326,0.3394,0.3479,0.3586,0.3721,0.3846,0.3902,0.3871,0.3892,0.379,0.3815,0.3859
Algeria,Manure applied to Soils,Indirect emissions (N2O),kilotonnes,0.1234,0.1266,0.1277,0.1316,0.1369,0.1364,0.1352,0.1357,0.1357,0.1386,0.1442,0.1479,0.1524,0.1581,0.1635,0.1658,0.1645,0.1654,0.1611,0.1621,0.164
Algeria,Manure applied to Soils,Emissions (N2O),kilotonnes,0.4138,0.4243,0.4282,0.4412,0.459,0.4572,0.4534,0.4551,0.4549,0.4646,0.4836,0.4958,0.511,0.5303,0.5481,0.556,0.5516,0.5546,0.5401,0.5437,0.55
Algeria,Manure applied to Soils,Emissions (CO2eq) from N2O (AR5),kilotonnes,109.6543,112.4498,113.4703,116.9154,121.6281,121.1519,120.1641,120.5905,120.5421,123.109,128.1632,131.3832,135.424,140.5191,145.2425,147.3375,146.1611,146.9564,143.1185,144.0745,145.7414
Algeria,Manure applied to Soils,Emissions (CO2eq) (AR5),kilotonnes,109.6543,112.4498,113.4703,116.9154,121.6281,121.1519,120.1641,120.5905,120.5421,123.109,128.1632,131.3832,135.424,140.5191,145.2425,147.3375,146.1611,146.9564,143.1185,144.0745,145.7414
Algeria,Synthetic Fertilizers,Direct emissions (N2O),kilotonnes,0.6961,0.7119,0.4406,0.2683,1.6456,0.0642,0.689,0.5756,0.363,0.583,0.9444,0.8847,1.1409,1.0057,1.2021,1.1691,1.1031,1.1031,1.1031,1.1031,1.1031
Algeria,Synthetic Fertilizers,Indirect emissions (N2O),kilotonnes,0.2262,0.2314,0.1432,0.0872,0.5348,0.0209,0.2239,0.1871,0.118,0.1895,0.3069,0.2875,0.3708,0.3269,0.3907,0.38,0.3585,0.3585,0.3585,0.3585,0.3585
Algeria,Synthetic Fertilizers,Emissions (N2O),kilotonnes,0.9224,0.9432,0.5837,0.3555,2.1804,0.0851,0.913,0.7626,0.481,0.7725,1.2514,1.1722,1.5116,1.3326,1.5928,1.5491,1.4617,1.4617,1.4617,1.4617,1.4617
Algeria,Synthetic Fertilizers,Emissions (CO2eq) from N2O (AR5),kilotonnes,244.4332,249.9508,154.6936,94.2199,577.7947,22.5452,241.9337,202.0905,127.4694,204.7059,331.6125,310.6453,400.5835,353.1314,422.1024,410.5153,387.341,387.341,387.341,387.341,387.341
Algeria,Synthetic Fertilizers,Emissions (CO2eq) (AR5),kilotonnes,244.4332,249.9508,154.6936,94.2199,577.7947,22.5452,241.9337,202.0905,127.4694,204.7059,331.6125,310.6453,400.5835,353.1314,422.1024,410.5153,387.341,387.341,387.341,387.341,387.341
Algeria,Drained organic soils,Emissions (CO2eq) (AR5),kilotonnes,0,0,0,0,0,0,0,0,0,0,0,0,0,0,0,0,0,0,0,0,0
Algeria,Drained organic soils (CO2),Emissions (CO2),kilotonnes,0,0,0,0,0,0,0,0,0,0,0,0,0,0,0,0,0,0,0,0,0
Algeria,Drained organic soils (CO2),Emissions (CO2eq) (AR5),kilotonnes,0,0,0,0,0,0,0,0,0,0,0,0,0,0,0,0,0,0,0,0,0
Algeria,Drained organic soils (N2O),Emissions (N2O),kilotonnes,0,0,0,0,0,0,0,0,0,0,0,0,0,0,0,0,0,0,0,0,0
Algeria,Drained organic soils (N2O),Emissions (CO2eq) from N2O (AR5),kilotonnes,0,0,0,0,0,0,0,0,0,0,0,0,0,0,0,0,0,0,0,0,0
Algeria,Drained organic soils (N2O),Emissions (CO2eq) (AR5),kilotonnes,0,0,0,0,0,0,0,0,0,0,0,0,0,0,0,0,0,0,0,0,0
Algeria,On-farm energy use,Emissions (CH4),kilotonnes,0.0995,0.0969,0.0994,0.1042,0.1055,0.1095,0.0968,0.1149,0.1199,0.1303,0.1488,0.166,0.1846,0.2067,0.225,0.2386,0.2299,0.2259,0.2138,0.2115,0.2115
Algeria,On-farm energy use,Emissions (N2O),kilotonnes,0.0217,0.0181,0.0205,0.0219,0.0222,0.0282,0.0276,0.0304,0.032,0.0363,0.0319,0.0347,0.0279,0.0284,0.0301,0.0329,0.0253,0.024,0.0249,0.0239,0.0239
Algeria,On-farm energy use,Emissions (CO2),kilotonnes,184.7488,180.5325,191.9051,203.8346,194.1059,214.3588,210.3119,236.031,242.8878,267.9593,284.6777,306.6956,305.8818,337.0858,401.9888,393.7252,380.7262,387.1334,360.4781,352.1759,352.1759
Algeria,On-farm energy use,Emissions (CO2eq) from CH4 (AR5),kilotonnes,2.7859,2.712,2.7831,2.9165,2.9537,3.0651,2.7102,3.2164,3.3568,3.6486,4.1675,4.6469,5.1685,5.7866,6.3011,6.6796,6.4362,6.3251,5.985,5.9218,5.9218
Algeria,On-farm energy use,Emissions (CO2eq) from N2O (AR5),kilotonnes,5.7522,4.7989,5.4222,5.7903,5.8757,7.4616,7.3103,8.0524,8.4894,9.6216,8.4438,9.2065,7.3814,7.5262,7.9668,8.7092,6.7018,6.3492,6.5961,6.3219,6.3219
Algeria,On-farm energy use,Emissions (CO2eq) (AR5),kilotonnes,193.2869,188.0434,200.1104,212.5414,202.9353,224.8855,220.3323,247.2998,254.734,281.2294,297.2891,320.5489,318.4317,350.3986,416.2567,409.114,393.8641,399.8077,373.0592,364.4197,364.4197
Algeria,Forestland,Emissions (CO2),kilotonnes,-111.1403,-2405.4983,-2405.4983,-2405.4983,-2405.4983,-2405.4983,-2405.4983,-2405.4983,-2405.4983,-2405.4983,-2405.4983,-901.736,-901.736,-901.736,-901.736,-901.736,-440.7773,-440.7773,-440.7773,-440.7773,-440.7773
Algeria,Forestland,Emissions (CO2eq) (AR5),kilotonnes,-111.1403,-2405.4983,-2405.4983,-2405.4983,-2405.4983,-2405.4983,-2405.4983,-2405.4983,-2405.4983,-2405.4983,-2405.4983,-901.736,-901.736,-901.736,-901.736,-901.736,-440.7773,-440.7773,-440.7773,-440.7773,-440.7773
Algeria,Net Forest conversion,Emissions (CO2),kilotonnes,684.9333,0,0,0,0,0,0,0,0,0,0,276.32,276.32,276.32,276.32,276.32,637.8973,637.8973,637.8973,637.8973,637.8973
Algeria,Net Forest conversion,Emissions (CO2eq) (AR5),kilotonnes,684.9333,0,0,0,0,0,0,0,0,0,0,276.32,276.32,276.32,276.32,276.32,637.8973,637.8973,637.8973,637.8973,637.8973
Algeria,Savanna fires,Emissions (CH4),kilotonnes,1.6488,0.8298,0.3096,1.1786,1.0191,0.9533,0.4117,1.7491,0.665,1.8156,1.0385,0.4336,2.9929,0.2645,1.9041,0.8947,0.4484,0.7368,0.0128,0.493,0.7877
Algeria,Savanna fires,Emissions (N2O),kilotonnes,0.1505,0.0758,0.0283,0.1076,0.0931,0.087,0.0376,0.1597,0.0607,0.1658,0.0948,0.0396,0.2733,0.0242,0.1738,0.0817,0.0409,0.0673,0.0012,0.045,0.0719
Algeria,Savanna fires,Emissions (CO2eq) from CH4 (AR5),kilotonnes,46.1664,23.2344,8.67,33.0003,28.5361,26.6935,11.5264,48.9748,18.6204,50.8368,29.0772,12.1421,83.8002,7.4065,53.3138,25.0508,12.5549,20.6306,0.358,13.8035,22.0551
Algeria,Savanna fires,Emissions (CO2eq) from N2O (AR5),kilotonnes,39.8936,20.0776,7.492,28.5166,24.6589,23.0666,9.9603,42.3206,16.0905,43.9297,25.1265,10.4924,72.4143,6.4002,46.0701,21.6472,10.8491,17.8275,0.3093,11.928,19.0585
Algeria,Savanna fires,Emissions (CO2eq) (AR5),kilotonnes,86.06,43.312,16.1619,61.517,53.195,49.7601,21.4867,91.2955,34.7109,94.7665,54.2036,22.6345,156.2145,13.8068,99.3839,46.6979,23.404,38.4581,0.6673,25.7315,41.1136
Algeria,Fires in organic soils,Emissions (CH4),kilotonnes,0,0,0,0,0,0,0,0,0,0,0,0,0,0,0,0,0,0,0,0,0
Algeria,Fires in organic soils,Emissions (CO2),kilotonnes,0,0,0,0,0,0,0,0,0,0,0,0,0,0,0,0,0,0,0,0,0
Algeria,Fires in organic soils,Emissions (CO2eq) from CH4 (AR5),kilotonnes,0,0,0,0,0,0,0,0,0,0,0,0,0,0,0,0,0,0,0,0,0
Algeria,Fires in organic soils,Emissions (CO2eq) (AR5),kilotonnes,0,0,0,0,0,0,0,0,0,0,0,0,0,0,0,0,0,0,0,0,0
Algeria,Forest fires,Emissions (CH4),kilotonnes,9.6267,0.1095,0.5775,1.2122,0.2365,0.8463,1.0305,3.6042,1.9514,0.448,0.1842,1.6727,3.5444,0.224,0.4779,0.0672,0.789,5.4685,0,0.6123,2.0535
Algeria,Forest fires,Emissions (N2O),kilotonnes,0.5325,0.01,0.0527,0.1107,0.0216,0.0773,0.0941,0.3291,0.1782,0.0409,0.0168,0.1527,0.3236,0.0205,0.0436,0.0061,0.072,0.4993,0,0.0559,0.1875
Algeria,Forest fires,Emissions (CO2eq) from CH4 (AR5),kilotonnes,269.5465,3.0667,16.1689,33.9424,6.621,23.696,28.8542,100.9171,54.6403,12.5448,5.1573,46.8355,99.2444,6.2725,13.3811,1.8817,22.0929,153.1188,0,17.1444,57.4973
Algeria,Forest fires,Emissions (CO2eq) from N2O (AR5),kilotonnes,141.1228,2.65,13.972,29.3307,5.7214,20.4764,24.9338,87.2055,47.2163,10.8404,4.4565,40.4719,85.7601,5.4202,11.563,1.626,19.0912,132.3146,0,14.815,49.6852
Algeria,Forest fires,Emissions (CO2eq) (AR5),kilotonnes,410.6693,5.7166,30.1409,63.273,12.3424,44.1725,53.788,188.1226,101.8566,23.3852,9.6138,87.3074,185.0045,11.6927,24.9442,3.5077,41.1841,285.4333,0,31.9595,107.1825
Algeria,Fires in humid tropical forests,Emissions (CH4),kilotonnes,0,0,0,0,0,0,0,0,0,0,0,0,0,0,0,0,0,0,0,0,0
Algeria,Fires in humid tropical forests,Emissions (N2O),kilotonnes,0,0,0,0,0,0,0,0,0,0,0,0,0,0,0,0,0,0,0,0,0
Algeria,Fires in humid tropical forests,Emissions (CO2eq) from CH4 (AR5),kilotonnes,0,0,0,0,0,0,0,0,0,0,0,0,0,0,0,0,0,0,0,0,0
Algeria,Fires in humid tropical forests,Emissions (CO2eq) from N2O (AR5),kilotonnes,0,0,0,0,0,0,0,0,0,0,0,0,0,0,0,0,0,0,0,0,0
Algeria,Fires in humid tropical forests,Emissions (CO2eq) (AR5),kilotonnes,0,0,0,0,0,0,0,0,0,0,0,0,0,0,0,0,0,0,0,0,0
Algeria,Waste - agri-food systems,Emissions (CH4),kilotonnes,262.8981,266.8782,270.1387,272.5291,277.0447,280.0674,283.5678,287.0697,291.0436,294.061,296.9916,300.9235,303.9617,307.0469,309.1579,311.7814,314.7627,317.6716,320.4642,323.0879,325.4322
Algeria,Waste - agri-food systems,Emissions (N2O),kilotonnes,0.8762,0.8999,0.9269,0.9393,0.9781,0.9883,0.9951,1.0108,1.0358,1.0884,1.0987,1.1822,1.2139,1.2625,1.3404,1.3566,1.3564,1.384,1.405,1.4252,1.4445
Algeria,Waste - agri-food systems,Emissions (CO2),kilotonnes,0,0,0,0,0,0,0,0,0,0,0,0,0,0,0,0,0,0,0,0,0
Algeria,Waste - agri-food systems,Emissions (CO2eq) from CH4 (AR5),kilotonnes,7361.1461,7472.5899,7563.8845,7630.8136,7757.2507,7841.888,7939.899,8037.9514,8149.2222,8233.7076,8315.7655,8425.8592,8510.9273,8597.3124,8656.4225,8729.8787,8813.3559,8894.8036,8972.9975,9046.4607,9112.1005
Algeria,Waste - agri-food systems,Emissions (CO2eq) from N2O (AR5),kilotonnes,232.1956,238.4849,245.6268,248.9216,259.195,261.8874,263.6977,267.8587,274.4989,288.413,291.1445,313.2723,321.6858,334.5738,355.1946,359.4916,359.4558,366.7599,372.3132,377.6691,382.801
Algeria,Waste - agri-food systems,Emissions (CO2eq) (AR5),kilotonnes,7593.3417,7711.0748,7809.5113,7879.7352,8016.4457,8103.7755,8203.5967,8305.8101,8423.7211,8522.1206,8606.91,8739.1315,8832.6131,8931.8862,9011.6171,9089.3704,9172.8117,9261.5635,9345.3108,9424.1298,9494.9016
Algeria,Fertilizers Manufacturing,Emissions (N2O),kilotonnes,0.7483,0.7457,0.8467,1.1797,1.2036,0.8097,0.7282,0.7374,0.0302,0.0787,0.0564,0.1899,0.6478,0.9248,0.9558,0.9089,0.9293,0.6109,0.5932,0.574,0.5996
Algeria,Fertilizers Manufacturing,Emissions (CO2),kilotonnes,0,0,183.7924,256.0715,284.0626,263.5411,96.9485,317.2749,58.3224,19.8705,97.0227,94.0348,2291.3829,1810.6709,2998.5145,3249.0138,3600.7867,2991.647,3175.0409,3339.3358,3124.5247
Algeria,Fertilizers Manufacturing,Emissions (CO2eq) from N2O (AR5),kilotonnes,198.2995,197.6105,224.3755,312.6205,318.954,214.5705,192.973,195.411,8.003,20.8555,14.946,50.3235,171.667,245.072,253.287,240.8585,246.2645,161.8885,157.198,152.11,158.892
Algeria,Fertilizers Manufacturing,Emissions (CO2eq) (AR5),kilotonnes,198.2995,197.6105,408.1679,568.692,603.0166,478.1116,289.9215,512.6859,66.3254,40.726,111.9687,144.3583,2463.0499,2055.7429,3251.8015,3489.8723,3847.0512,3153.5355,3332.2389,3491.4458,3283.4167
Algeria,On-farm electricity use,Emissions (CH4),kilotonnes,0.1664,0.1697,0.1732,0.1766,0.18,0.186,0.3,0.414,0.528,0.642,1.2059,1.3175,1.4939,0.8723,1.6764,1.6499,1.7027,1.8251,1.4447,1.3984,1.3984
Algeria,On-farm electricity use,Emissions (N2O),kilotonnes,0.0009,0.0009,0.0009,0.0009,0.001,0.001,0.0016,0.0022,0.0029,0.0034,0.0064,0.007,0.008,0.0047,0.009,0.0088,0.0091,0.0098,0.0077,0.0075,0.0075
Algeria,On-farm electricity use,Emissions (CO2),kilotonnes,87.5314,89.3259,91.1204,92.9148,94.7409,93.9052,151.46,209.0148,266.5696,341.064,548.4988,610.3813,683.755,427.2122,820.929,808.001,833.8569,893.7959,707.515,684.8323,684.8323
Algeria,On-farm electricity use,Emissions (CO2eq) from CH4 (AR5),kilotonnes,4.6592,4.7516,4.8496,4.9448,5.04,5.208,8.4,11.592,14.784,17.976,33.7652,36.89,41.8292,24.4244,46.9392,46.1972,47.6756,51.1028,40.4516,39.1552,39.1552
Algeria,On-farm electricity use,Emissions (CO2eq) from N2O (AR5),kilotonnes,0.2385,0.2385,0.2385,0.2385,0.265,0.265,0.424,0.583,0.7685,0.901,1.696,1.855,2.12,1.2455,2.385,2.332,2.4115,2.597,2.0405,1.9875,1.9875
Algeria,On-farm electricity use,Emissions (CO2eq) (AR5),kilotonnes,92.4291,94.316,96.2085,98.0981,100.0459,99.3782,160.284,221.1898,282.1221,359.941,583.96,649.1263,727.7042,452.8821,870.2532,856.5302,883.944,947.4957,750.0071,725.975,725.975
Algeria,Food Processing,Emissions (CH4),kilotonnes,0,0,0,0,0,0,0,0,0,1.2304,1.4407,1.4974,1.5738,1.7573,1.9392,2.1181,2.222,2.3579,2.4408,2.4408,2.4296
Algeria,Food Processing,Emissions (N2O),kilotonnes,0,0,0,0,0,0,0,0,0,0.0077,0.0083,0.0094,0.0101,0.0112,0.0122,0.0133,0.0139,0.0148,0.0152,0.0152,0.0159
Algeria,Food Processing,Emissions (CO2),kilotonnes,0,0,0,0,0,0,0,0,0,1341.3589,1036.7045,1555.7534,1693.6146,1891.9167,2023.0054,2182.7935,2270.7739,2421.9485,2401.8219,2401.8219,2247.3187
Algeria,Food Processing,Emissions (CO2eq) from CH4 (AR5),kilotonnes,0,0,0,0,0,0,0,0,0,34.4512,40.3396,41.9272,44.0664,49.2044,54.2976,59.3068,62.216,66.0212,68.3424,68.3424,68.0289
Algeria,Food Processing,Emissions (CO2eq) from N2O (AR5),kilotonnes,0,0,0,0,0,0,0,0,0,2.0405,2.1995,2.491,2.6765,2.968,3.233,3.5245,3.6835,3.922,4.028,4.028,4.2076
Algeria,Food Processing,Emissions (CO2eq) (AR5),kilotonnes,0,0,0,0,0,0,0,0,0,1377.8506,1079.2436,1600.1716,1740.3575,1944.0891,2080.536,2245.6248,2336.6734,2491.8917,2474.1923,2474.1923,2319.5552
Algeria,Food Packaging,Emissions (CH4),kilotonnes,0.2131,0.2,0.1905,0.2069,0.1943,0.2,0.2093,0.1968,0.2124,0.2149,0.2606,0.2575,0.2884,2.07,2.3012,2.4979,2.8841,3.007,3.3189,2.0307,2.0214
Algeria,Food Packaging,Emissions (N2O),kilotonnes,0.0003,0.0006,0.0006,0.0006,0.0004,0.0004,0.0004,0.0004,0.0005,0.0015,0.0017,0.0017,0.0017,0.0041,0.0043,0.0046,0.0048,0.0052,0.0057,0.004,0.0042
Algeria,Food Packaging,Emissions (CO2),kilotonnes,86.1603,235.8531,245.2221,242.987,85.7844,96.4527,95.3587,98.0818,107.9934,722.7412,733.7055,739.2199,740.6723,1025.8972,1093.5828,1179.5082,1216.4238,1341.8818,1484.3757,1141.7233,1068.2791
Algeria,Food Packaging,Emissions (CO2eq) from CH4 (AR5),kilotonnes,5.9668,5.6,5.334,5.7932,5.4404,5.6,5.8604,5.5104,5.9472,6.0172,7.2968,7.21,8.0752,57.96,64.4336,69.9412,80.7548,84.196,92.9292,56.8596,56.5988
Algeria,Food Packaging,Emissions (CO2eq) from N2O (AR5),kilotonnes,0.0795,0.159,0.159,0.159,0.106,0.106,0.106,0.106,0.1325,0.3975,0.4505,0.4505,0.4505,1.0865,1.1395,1.219,1.272,1.378,1.5105,1.06,1.1073
Algeria,Food Packaging,Emissions (CO2eq) (AR5),kilotonnes,92.2066,241.6121,250.7151,248.9392,91.3308,102.1587,101.3251,103.6982,114.0731,729.1559,741.4528,746.8804,749.198,1084.9437,1159.1559,1250.6684,1298.4506,1427.4558,1578.8154,1199.6429,1125.9851
Algeria,Food Retail,Emissions (CH4),kilotonnes,0,0,0,0,0,0,0,0,0,0,0,0,0,0,0,0,0,0,0,0,0
Algeria,Food Retail,Emissions (N2O),kilotonnes,0,0,0,0,0,0,0,0,0,0,0,0,0,0,0,0,0,0,0,0,0
Algeria,Food Retail,Emissions (CO2),kilotonnes,1.4472,1.3501,1.4422,1.464,1.3987,1.6918,1.5829,1.7085,1.7085,1.8928,1.7436,1.9714,2.3012,0,0,0,0,0,0,0,0
Algeria,Food Retail,Emissions (CO2eq) from F-gases (AR5),kilotonnes,67.0155,85.198,108.056,131.4335,158.4475,178.1885,200.0075,221.307,224.424,225.9825,227.0215,227.541,227.541,228.0605,228.0605,228.0605,247.282,252.477,257.672,262.867,269.0667
Algeria,Food Retail,Emissions (CO2eq) from CH4 (AR5),kilotonnes,0,0,0,0,0,0,0,0,0,0,0,0,0,0,0,0,0,0,0,0,0
Algeria,Food Retail,Emissions (CO2eq) from N2O (AR5),kilotonnes,0,0,0,0,0,0,0,0,0,0,0,0,0,0,0,0,0,0,0,0,0
Algeria,Food Retail,Emissions (CO2eq) (AR5),kilotonnes,68.4627,86.5481,109.4982,132.8975,159.8462,179.8803,201.5904,223.0155,226.1325,227.8753,228.7651,229.5124,229.8422,228.0605,228.0605,228.0605,247.282,252.477,257.672,262.867,269.0667
Algeria,Food Household Consumption,Emissions (CH4),kilotonnes,5.7572,6.1107,6.53,7.2272,7.5761,8.2281,8.1386,8.7102,9.7292,5.2055,5.9235,6.5133,7.4533,8.6226,8.8356,9.8743,10.1272,10.8945,12.4105,12.4105,12.3536
Algeria,Food Household Consumption,Emissions (N2O),kilotonnes,0.0446,0.0474,0.0516,0.0557,0.0608,0.0732,0.0501,0.054,0.0594,0.0346,0.0383,0.0422,0.0487,0.0557,0.0573,0.0638,0.0652,0.07,0.0802,0.0802,0.0838
Algeria,Food Household Consumption,Emissions (CO2),kilotonnes,7835.5623,8238.6839,8942.3768,9281.8347,10064.9094,11755.0341,8890.3364,9758.1142,10226.9484,8026.7098,7894.4696,8776.5679,10061.7343,11353.5026,11751.2019,12983.1201,13132.7288,13938.4037,16253.0811,16253.0811,15207.5613
Algeria,Food Household Consumption,Emissions (CO2eq) from CH4 (AR5),kilotonnes,161.2016,171.0996,182.84,202.3616,212.1308,230.3868,227.8808,243.8856,272.4176,145.754,165.858,182.3724,208.6924,241.4328,247.3968,276.4804,283.5616,305.046,347.494,347.494,345.9
Algeria,Food Household Consumption,Emissions (CO2eq) from N2O (AR5),kilotonnes,11.819,12.561,13.674,14.7605,16.112,19.398,13.2765,14.31,15.741,9.169,10.1495,11.183,12.9055,14.7605,15.1845,16.907,17.278,18.55,21.253,21.253,22.2006
Algeria,Food Household Consumption,Emissions (CO2eq) (AR5),kilotonnes,8008.5829,8422.3445,9138.8908,9498.9568,10293.1522,12004.8189,9131.4937,10016.3098,10515.107,8181.6328,8070.4771,8970.1233,10283.3322,11609.6959,12013.7832,13276.5075,13433.5684,14261.9997,16621.8281,16621.8281,15575.6618
Algeria,Food Transport,Emissions (CH4),kilotonnes,0.2585,0.2519,0.2937,0.3025,0.3047,0.3014,0.2926,0.2827,0.2783,0.2805,0.2806,0.3047,0.3311,0.3465,0.3598,0.3715,0.3821,0.4097,0.4197,0.3538,0.3522
Algeria,Food Transport,Emissions (N2O),kilotonnes,0.0386,0.0384,0.0393,0.0402,0.0414,0.0415,0.0402,0.0488,0.0502,0.0574,0.0643,0.0627,0.0723,0.0799,0.1018,0.1131,0.1145,0.1053,0.1077,0.0974,0.1017
Algeria,Food Transport,Emissions (CO2),kilotonnes,1683,1738,1948.355,2046.3985,2233,2354,2464,2739,2918.8841,3112.845,3321.31,3586.0479,4070.239,4268.925,4639.885,4928,4774.56,4713.795,4813.915,4715.5714,4412.2305
Algeria,Food Transport,Emissions (CO2eq) from CH4 (AR5),kilotonnes,7.238,7.0532,8.2236,8.47,8.5316,8.4392,8.1928,7.9156,7.7924,7.854,7.8568,8.5316,9.2708,9.702,10.0744,10.402,10.6988,11.4716,11.7516,9.9064,9.861
Algeria,Food Transport,Emissions (CO2eq) from N2O (AR5),kilotonnes,10.229,10.176,10.4145,10.653,10.971,10.9975,10.653,12.932,13.303,15.211,17.0395,16.6155,19.1595,21.1735,26.977,29.9715,30.3425,27.9045,28.5405,25.811,26.9618
Algeria,Food Transport,Emissions (CO2eq) (AR5),kilotonnes,1700.467,1755.2292,1966.9931,2065.5215,2252.5026,2373.4367,2482.8458,2759.8476,2939.9795,3135.91,3346.2063,3611.195,4098.6693,4299.8005,4676.9364,4968.3735,4815.6013,4753.1711,4854.2071,4751.2888,4449.0533
Algeria,Energy,Emissions (CH4),kilotonnes,2560,2220,2080,2320,2210,2260,2380,2200,2310,2040,2150,2110,2130,2050,2120,2120,2270,2270,2310,2180,2170
Algeria,Energy,Emissions (N2O),kilotonnes,0.727,0.677,0.674,0.713,0.702,0.709,0.728,0.79,0.818,0.874,0.927,0.988,1.14,1.25,1.34,1.46,1.44,1.38,1.41,1.57,1.64
Algeria,Energy,Emissions (CO2),kilotonnes,86400,80600,86100,87400,83500,101000,94500,102000,102000,113000,110000,112000,121000,136000,146000,154000,153000,157000,165000,171000,160000
Algeria,Energy,Emissions (CO2eq) from CH4 (AR5),kilotonnes,71680,62160,58240,64960,61880,63280,66640,61600,64680,57120,60200,59080,59640,57400,59360,59360,63560,63560,64680,61040,60760
Algeria,Energy,Emissions (CO2eq) from N2O (AR5),kilotonnes,192.655,179.405,178.61,188.945,186.03,187.885,192.92,209.35,216.77,231.61,245.655,261.82,302.1,331.25,355.1,386.9,381.6,365.7,373.65,416.05,434.6
Algeria,Energy,Emissions (CO2eq) (AR5),kilotonnes,158272.655,142939.405,144518.61,152548.945,145566.03,164467.885,161332.92,163809.35,166896.77,170351.61,170445.655,171341.82,180942.1,193731.25,205715.1,213746.9,216941.6,220925.7,230053.65,232456.05,221194.6
Algeria,IPPU,Emissions (CH4),kilotonnes,0.289,0.298,0.299,0.294,0.344,0.318,0.355,0.344,0.25,0.311,0.304,0.343,0.333,0.25,0.317,0.319,0.306,0.319,0.315,0.303,0.301
Algeria,IPPU,Emissions (N2O),kilotonnes,2.12,2.71,2.31,2.43,2.5,2.5,0.899,4.07,4.08,4.08,4.08,4.08,4.08,4.09,4.09,4.09,4.09,4.1,4.1,4.72,4.85
Algeria,IPPU,Emissions (CO2),kilotonnes,5670,5650,6210,6200,7050,7880,8610,9250,9680,10300,10600,10500,10400,9580,11700,12900,15000,14100,16300,15400,15500
Algeria,IPPU,Emissions (CO2eq) from F-gases (AR5),kilotonnes,513.0864,418.8262,469.3575,315.8202,343.0294,301.2439,354.6904,410.0804,465.4704,520.8605,575.2787,506.2841,519.8887,534.465,548.0696,562.6459,576.2505,589.855,604.4314,618.0359,632.6122
Algeria,IPPU,Emissions (CO2eq) from CH4 (AR5),kilotonnes,8.092,8.344,8.372,8.232,9.632,8.904,9.94,9.632,7,8.708,8.512,9.604,9.324,7,8.876,8.932,8.568,8.932,8.82,8.484,8.428
Algeria,IPPU,Emissions (CO2eq) from N2O (AR5),kilotonnes,561.8,718.15,612.15,643.95,662.5,662.5,238.235,1078.55,1081.2,1081.2,1081.2,1081.2,1081.2,1083.85,1083.85,1083.85,1083.85,1086.5,1086.5,1250.8,1285.25
Algeria,IPPU,Emissions (CO2eq) (AR5),kilotonnes,6752.9784,6795.3202,7299.8795,7168.0022,8065.1614,8852.6479,9212.8654,10748.2624,11233.6704,11910.7685,12264.9907,12097.0881,12010.4127,11205.315,13340.7956,14555.4279,16668.6685,15785.287,17999.7514,17277.3199,17426.2902
Algeria,Waste,Emissions (CH4),kilotonnes,403,414,428,442,456,470,483,498,513,527,545,563,582,600,626,648,669,675,696,712,729
Algeria,Waste,Emissions (N2O),kilotonnes,1.52,1.54,1.55,1.62,1.69,1.74,1.78,1.8,1.83,1.88,1.93,2.02,2.1,2.19,2.27,2.35,2.4,2.42,2.44,2.54,2.6
Algeria,Waste,Emissions (CO2),kilotonnes,1.29,1.33,1.36,1.4,1.43,1.47,1.51,1.55,1.6,1.64,1.69,1.74,1.79,1.85,1.9,1.96,2.01,2.06,2.11,2.15,2.2
Algeria,Waste,Emissions (CO2eq) from CH4 (AR5),kilotonnes,11284,11592,11984,12376,12768,13160,13524,13944,14364,14756,15260,15764,16296,16800,17528,18144,18732,18900,19488,19936,20412
Algeria,Waste,Emissions (CO2eq) from N2O (AR5),kilotonnes,402.8,408.1,410.75,429.3,447.85,461.1,471.7,477,484.95,498.2,511.45,535.3,556.5,580.35,601.55,622.75,636,641.3,646.6,673.1,689
Algeria,Waste,Emissions (CO2eq) (AR5),kilotonnes,11688.09,12001.43,12396.11,12806.7,13217.28,13622.57,13997.21,14422.55,14850.55,15255.84,15773.14,16301.04,16854.29,17382.2,18131.45,18768.71,19370.01,19543.36,20136.71,20611.25,21103.2
Algeria,Other,Emissions (N2O),kilotonnes,1.04,1.05,1.16,1.18,1.23,1.28,1.31,1.41,1.47,1.52,1.54,1.64,1.81,1.84,2.01,2.16,2.11,2.12,2.2,2.32,2.4
Algeria,Other,Emissions (CO2eq) from N2O (AR5),kilotonnes,275.6,278.25,307.4,312.7,325.95,339.2,347.15,373.65,389.55,402.8,408.1,434.6,479.65,487.6,532.65,572.4,559.15,561.8,583,614.8,636
Algeria,Other,Emissions (CO2eq) (AR5),kilotonnes,275.6,278.25,307.4,312.7,325.95,339.2,347.15,373.65,389.55,402.8,408.1,434.6,479.65,487.6,532.65,572.4,559.15,561.8,583,614.8,636
Algeria,Farm-gate emissions,Emissions (CH4),kilotonnes,190.3529,192.2848,185.9037,192.1676,200.7903,202.2376,207.7403,211.8376,208.9252,221.2044,233.0979,240.8771,253.999,262.6768,277.7995,281.6803,279.169,275.3834,272.6798,275.6559,282.5551
Algeria,Farm-gate emissions,Direct emissions (N2O),kilotonnes,8.8661,9.3225,8.8246,9.3704,11.0242,9.3999,10.344,10.2564,9.5488,10.9388,11.5916,11.8607,12.7048,12.9908,13.4063,13.6223,13.4534,13.3264,13.6378,13.6794,13.6643
Algeria,Farm-gate emissions,Indirect emissions (N2O),kilotonnes,2.924,3.0234,2.8839,3.009,3.5561,3.0616,3.382,3.3653,3.1727,3.5732,3.8275,3.9313,4.2031,4.321,4.4911,4.5409,4.4956,4.4823,4.563,4.5991,4.6548
Algeria,Farm-gate emissions,Emissions (N2O),kilotonnes,12.1525,12.6592,11.9669,12.742,14.9333,12.8041,14.0259,14.0489,13.0281,14.9573,15.7943,16.1181,17.4754,17.6329,18.3755,18.5604,18.3036,18.1894,18.5089,18.6324,18.7009
Algeria,Farm-gate emissions,Emissions (CO2),kilotonnes,184.7488,180.5325,191.9051,203.8346,194.1059,214.3588,210.3119,236.031,242.8878,267.9593,284.6777,306.6956,305.8818,337.0858,401.9888,393.7252,380.7262,387.1334,360.4781,352.1759,352.1759
Algeria,Farm-gate emissions,Emissions (CO2eq) from CH4 (AR5),kilotonnes,5329.8812,5383.974,5205.3043,5380.6917,5622.1286,5662.6521,5816.7289,5931.4537,5849.906,6193.7222,6526.7404,6744.5593,7111.9725,7354.9499,7778.3871,7887.0484,7816.7311,7710.7351,7635.0356,7718.3654,7911.5418
Algeria,Farm-gate emissions,Emissions (CO2eq) from N2O (AR5),kilotonnes,3220.4067,3354.6942,3171.2296,3376.6384,3957.3309,3393.0969,3716.8644,3722.9567,3452.4429,3963.6919,4185.4914,4271.2863,4630.9896,4672.7106,4869.5119,4918.5129,4850.4429,4820.1853,4904.8458,4937.5782,4955.7317
Algeria,Farm-gate emissions,Emissions (CO2eq) (AR5),kilotonnes,8735.0366,8919.2008,8568.4391,8961.1647,9773.5655,9270.1078,9743.9052,9890.4414,9545.2367,10425.3734,10996.9095,11322.5412,12048.8439,12364.7463,13049.8878,13199.2865,13047.9001,12918.0538,12900.3595,13008.1196,13219.4494
Algeria,Land Use change,Emissions (CH4),kilotonnes,0,0,0,0,0,0,0,0,0,0,0,0,0,0,0,0,0,0,0,0,0
Algeria,Land Use change,Emissions (N2O),kilotonnes,0,0,0,0,0,0,0,0,0,0,0,0,0,0,0,0,0,0,0,0,0
Algeria,Land Use change,Emissions (CO2),kilotonnes,684.9333,0,0,0,0,0,0,0,0,0,0,276.32,276.32,276.32,276.32,276.32,637.8973,637.8973,637.8973,637.8973,637.8973
Algeria,Land Use change,Emissions (CO2eq) from CH4 (AR5),kilotonnes,0,0,0,0,0,0,0,0,0,0,0,0,0,0,0,0,0,0,0,0,0
Algeria,Land Use change,Emissions (CO2eq) from N2O (AR5),kilotonnes,0,0,0,0,0,0,0,0,0,0,0,0,0,0,0,0,0,0,0,0,0
Algeria,Land Use change,Emissions (CO2eq) (AR5),kilotonnes,684.9333,0,0,0,0,0,0,0,0,0,0,276.32,276.32,276.32,276.32,276.32,637.8973,637.8973,637.8973,637.8973,637.8973
Algeria,Emissions on agricultural land,Emissions (CH4),kilotonnes,190.3529,192.2848,185.9037,192.1676,200.7903,202.2376,207.7403,211.8376,208.9252,221.2044,233.0979,240.8771,253.999,262.6768,277.7995,281.6803,279.169,275.3834,272.6798,275.6559,282.5551
Algeria,Emissions on agricultural land,Emissions (N2O),kilotonnes,12.1525,12.6592,11.9669,12.742,14.9333,12.8041,14.0259,14.0489,13.0281,14.9573,15.7943,16.1181,17.4754,17.6329,18.3755,18.5604,18.3036,18.1894,18.5089,18.6324,18.7009
Algeria,Emissions on agricultural land,Emissions (CO2),kilotonnes,869.6821,180.5325,191.9051,203.8346,194.1059,214.3588,210.3119,236.031,242.8878,267.9593,284.6777,583.0156,582.2018,613.4058,678.3088,670.0452,1018.6235,1025.0307,998.3754,990.0733,990.0733
Algeria,Emissions on agricultural land,Emissions (CO2eq) from CH4 (AR5),kilotonnes,5329.8812,5383.974,5205.3043,5380.6917,5622.1286,5662.6521,5816.7289,5931.4537,5849.906,6193.7222,6526.7404,6744.5593,7111.9725,7354.9499,7778.3871,7887.0484,7816.7311,7710.7351,7635.0356,7718.3654,7911.5418
Algeria,Emissions on agricultural land,Emissions (CO2eq) from N2O (AR5),kilotonnes,3220.4067,3354.6942,3171.2296,3376.6384,3957.3309,3393.0969,3716.8644,3722.9567,3452.4429,3963.6919,4185.4914,4271.2863,4630.9896,4672.7106,4869.5119,4918.5129,4850.4429,4820.1853,4904.8458,4937.5782,4955.7317
Algeria,Emissions on agricultural land,Emissions (CO2eq) (AR5),kilotonnes,9419.97,8919.2008,8568.4391,8961.1647,9773.5655,9270.1078,9743.9052,9890.4414,9545.2367,10425.3734,10996.9095,11598.8612,12325.1639,12641.0663,13326.2078,13475.6065,13685.7975,13555.9511,13538.2568,13646.0169,13857.3467
Algeria,Pre- and post- production,Emissions (CH4),kilotonnes,269.2933,273.6105,277.3261,280.4423,285.2998,288.9829,292.5083,296.6734,301.7915,301.6343,306.1029,310.8139,315.1022,320.7156,324.2701,328.2931,332.0808,336.1658,340.4988,341.7221,343.9873
Algeria,Pre- and post- production,Emissions (N2O),kilotonnes,1.7089,1.7329,1.866,2.2164,2.2853,1.9141,1.8156,1.8536,1.179,1.2717,1.2741,1.4951,2.0025,2.3429,2.4808,2.4691,2.4932,2.2,2.2147,2.2035,2.2572
Algeria,Pre- and post- production,Emissions (CO2),kilotonnes,9693.7012,10303.213,11412.3089,11921.6705,12763.896,14564.6249,11699.6865,13123.1942,13580.4264,13566.4822,13633.4547,15363.9766,19543.6993,20778.1246,23327.1186,25330.4366,25829.1301,26301.4719,28835.7496,28536.3658,26744.7467
Algeria,Pre- and post- production,Emissions (CO2eq) from F-gases (AR5),kilotonnes,67.0155,85.198,108.056,131.4335,158.4475,178.1885,200.0075,221.307,224.424,225.9825,227.0215,227.541,227.541,228.0605,228.0605,228.0605,247.282,252.477,257.672,262.867,269.0667
Algeria,Pre- and post- production,Emissions (CO2eq) from CH4 (AR5),kilotonnes,7540.2117,7661.0943,7765.1317,7852.3832,7988.3935,8091.522,8190.233,8306.855,8450.1634,8445.76,8570.8819,8702.7904,8822.8613,8980.036,9079.5641,9192.2063,9298.2627,9412.6412,9533.9663,9568.2183,9631.6444
Algeria,Pre- and post- production,Emissions (CO2eq) from N2O (AR5),kilotonnes,452.8611,459.2299,494.4883,587.3531,605.603,507.2244,481.1302,491.2007,312.4469,336.9875,337.6255,396.1908,530.6648,620.8798,657.4006,654.3041,660.7078,582.9999,586.8837,583.9186,598.1578
Algeria,Pre- and post- production,Emissions (CO2eq) (AR5),kilotonnes,17753.7895,18508.7352,19779.9849,20492.8402,21516.34,23341.5599,20571.0572,22142.5569,22567.4608,22575.2122,22768.9836,24690.4988,29124.7664,30607.1009,33292.1438,35405.0076,36035.3826,36549.59,39214.2717,38951.3697,37243.6155
Algeria,Agri-food systems,Emissions (CH4),kilotonnes,459.6462,465.8953,463.2299,472.6098,486.0901,491.2205,500.2486,508.511,510.7168,522.8387,539.2008,551.6911,569.1012,583.3924,602.0697,609.9734,611.2498,611.5492,613.1786,617.378,626.5424
Algeria,Agri-food systems,Emissions (N2O),kilotonnes,13.8614,14.3922,13.8329,14.9585,17.2186,14.7182,15.8415,15.9025,14.2071,16.229,17.0684,17.6131,19.4779,19.9758,20.8563,21.0295,20.7968,20.3894,20.7235,20.8358,20.9581
Algeria,Agri-food systems,Emissions (CO2),kilotonnes,10563.3834,10483.7455,11604.214,12125.505,12958.0019,14778.9837,11909.9984,13359.2252,13823.3143,13834.4415,13918.1324,15946.9922,20125.9011,21391.5304,24005.4274,26000.4818,26847.7536,27326.5026,29834.125,29526.4391,27734.8199
Algeria,Agri-food systems,Emissions (CO2eq) from F-gases (AR5),kilotonnes,67.0155,85.198,108.056,131.4335,158.4475,178.1885,200.0075,221.307,224.424,225.9825,227.0215,227.541,227.541,228.0605,228.0605,228.0605,247.282,252.477,257.672,262.867,269.0667
Algeria,Agri-food systems,Emissions (CO2eq) from CH4 (AR5),kilotonnes,12870.0929,13045.0683,12970.436,13233.0749,13610.5221,13754.1741,14006.962,14238.3087,14300.0694,14639.4822,15097.6222,15447.3497,15934.8339,16334.9859,16857.9512,17079.2547,17114.9938,17123.3763,17169.0019,17286.5838,17543.1861
Algeria,Agri-food systems,Emissions (CO2eq) from N2O (AR5),kilotonnes,3673.2678,3813.9242,3665.7179,3963.9915,4562.934,3900.3213,4197.9946,4214.1574,3764.8898,4300.6794,4523.1169,4667.4772,5161.6544,5293.5904,5526.9126,5572.817,5511.1507,5403.1853,5491.7295,5521.4969,5553.8894
Algeria,Agri-food systems,Emissions (CO2eq) (AR5),kilotonnes,27173.7595,27427.936,28348.4239,29454.0049,31289.9055,32611.6677,30314.9624,32032.9984,32112.6975,33000.5856,33765.8931,36289.36,41449.9304,43248.1672,46618.3516,48880.6141,49721.1801,50105.5412,52752.5285,52597.3867,51100.9622
Algeria,IPCC Agriculture,Emissions (CH4),kilotonnes,190.2534,192.1879,185.8043,192.0634,200.6848,202.1281,207.6435,211.7228,208.8053,221.0741,232.949,240.7112,253.8144,262.4701,277.5745,281.4417,278.9391,275.1575,272.4661,275.4444,282.3436
Algeria,IPCC Agriculture,Emissions (CH4),kilotonnes,184.22,,,,,,,,,,,,,,,,,,,,
Algeria,IPCC Agriculture,Direct emissions (N2O),kilotonnes,8.8661,9.3225,8.8246,9.3704,11.0242,9.3999,10.344,10.2564,9.5488,10.9388,11.5916,11.8607,12.7048,12.9908,13.4063,13.6223,13.4534,13.3264,13.6378,13.6794,13.6643
Algeria,IPCC Agriculture,Indirect emissions (N2O),kilotonnes,2.924,3.0234,2.8839,3.009,3.5561,3.0616,3.382,3.3653,3.1727,3.5732,3.8275,3.9313,4.2031,4.321,4.4911,4.5409,4.4956,4.4823,4.563,4.5991,4.6548
Algeria,IPCC Agriculture,Emissions (N2O),kilotonnes,12.1308,12.6411,11.9464,12.7202,14.9112,12.776,13.9983,14.0185,12.9961,14.921,15.7624,16.0833,17.4476,17.6045,18.3455,18.5276,18.2783,18.1654,18.484,18.6085,18.677
Algeria,IPCC Agriculture,Emissions (N2O),kilotonnes,8.6,,,,,,,,,,,,,,,,,,,,
Algeria,IPCC Agriculture,Emissions (CO2eq) from CH4 (AR5),kilotonnes,5327.0953,5381.262,5202.5212,5377.7751,5619.1749,5659.587,5814.0187,5928.2373,5846.5493,6190.0737,6522.5729,6739.9125,7106.804,7349.1633,7772.0861,7880.3687,7810.2949,7704.41,7629.0506,7712.4436,7905.62
Algeria,IPCC Agriculture,Emissions (CO2eq) from CH4 (AR5),kilotonnes,5158.16,,,,,,,,,,,,,,,,,,,,
Algeria,IPCC Agriculture,Emissions (CO2eq) from N2O (AR5),kilotonnes,3214.6544,3349.8953,3165.8075,3370.8481,3951.4553,3385.6353,3709.5541,3714.9043,3443.9535,3954.0703,4177.0476,4262.0799,4623.6082,4665.1844,4861.5451,4909.8038,4843.7411,4813.8361,4898.2497,4931.2563,4949.4098
Algeria,IPCC Agriculture,Emissions (CO2eq) from N2O (AR5),kilotonnes,2279,,,,,,,,,,,,,,,,,,,,
Algeria,IPCC Agriculture,Emissions (CO2eq) (AR5),kilotonnes,8541.7498,8731.1574,8368.3287,8748.6233,9570.6302,9045.2223,9523.5729,9643.1416,9290.5027,10144.144,10699.6205,11001.9923,11730.4122,12014.3477,12633.6312,12790.1725,12654.036,12518.2461,12527.3003,12643.6999,12855.0297
Algeria,IPCC Agriculture,Emissions (CO2eq) (AR5),kilotonnes,7437.16,,,,,,,,,,,,,,,,,,,,
Algeria,Agricultural Soils,Direct emissions (N2O),kilotonnes,8.8661,9.3225,8.8246,9.3704,11.0242,9.3999,10.344,10.2564,9.5488,10.9388,11.5916,11.8607,12.7048,12.9908,13.4063,13.6223,13.4534,13.3264,13.6378,13.6794,13.6643
Algeria,Agricultural Soils,Indirect emissions (N2O),kilotonnes,2.924,3.0234,2.8839,3.009,3.5561,3.0616,3.382,3.3653,3.1727,3.5732,3.8275,3.9313,4.2031,4.321,4.4911,4.5409,4.4956,4.4823,4.563,4.5991,4.6548
Algeria,Agricultural Soils,Emissions (N2O),kilotonnes,11.79,12.3459,11.7084,12.3794,14.5803,12.4615,13.726,13.6217,12.7216,14.512,15.4192,15.7919,16.9079,17.3118,17.8974,18.1632,17.949,17.8087,18.2008,18.2785,18.3191
Algeria,Agricultural Soils,Emissions (N2O),kilotonnes,2.31,,,,,,,,,,,,,,,,,,,,
Algeria,Agricultural Soils,Emissions (CO2eq) from N2O (AR5),kilotonnes,3124.3555,3271.656,3102.7311,3280.5279,3863.789,3302.3065,3637.3869,3609.7534,3371.2207,3845.685,4086.076,4184.8576,4480.5933,4587.6179,4742.8121,4813.2532,4756.4871,4719.2981,4823.1998,4843.8123,4854.5639
Algeria,Agricultural Soils,Emissions (CO2eq) from N2O (AR5),kilotonnes,612.15,,,,,,,,,,,,,,,,,,,,
Algeria,Agricultural Soils,Emissions (CO2eq) (AR5),kilotonnes,3124.3555,3271.656,3102.7311,3280.5279,3863.789,3302.3065,3637.3869,3609.7534,3371.2207,3845.685,4086.076,4184.8576,4480.5933,4587.6179,4742.8121,4813.2532,4756.4871,4719.2981,4823.1998,4843.8123,4854.5639
Algeria,Agricultural Soils,Emissions (CO2eq) (AR5),kilotonnes,612.15,,,,,,,,,,,,,,,,,,,,
Algeria,LULUCF,Emissions (CH4),kilotonnes,9.6267,0.1095,0.5775,1.2122,0.2365,0.8463,1.0305,3.6042,1.9514,0.448,0.1842,1.6727,3.5444,0.224,0.4779,0.0672,0.789,5.4685,0,0.6123,2.0535
Algeria,LULUCF,Emissions (CH4),kilotonnes,11.6,,,,,,,,,,,,,,,,,,,,
Algeria,LULUCF,Emissions (N2O),kilotonnes,0.5325,0.01,0.0527,0.1107,0.0216,0.0773,0.0941,0.3291,0.1782,0.0409,0.0168,0.1527,0.3236,0.0205,0.0436,0.0061,0.072,0.4993,0,0.0559,0.1875
Algeria,LULUCF,Emissions (N2O),kilotonnes,0.08,,,,,,,,,,,,,,,,,,,,
Algeria,LULUCF,Emissions (CO2),kilotonnes,573.793,-2405.4983,-2405.4983,-2405.4983,-2405.4983,-2405.4983,-2405.4983,-2405.4983,-2405.4983,-2405.4983,-2405.4983,-625.416,-625.416,-625.416,-625.416,-625.416,197.12,197.12,197.12,197.12,197.12
Algeria,LULUCF,Emissions (CO2),kilotonnes,-8148.2,,,,,,,,,,,,,,,,,,,,
Algeria,LULUCF,Emissions (CO2eq) from CH4 (AR5),kilotonnes,269.5465,3.0667,16.1689,33.9424,6.621,23.696,28.8542,100.9171,54.6403,12.5448,5.1573,46.8355,99.2444,6.2725,13.3811,1.8817,22.0929,153.1188,0,17.1444,57.4973
Algeria,LULUCF,Emissions (CO2eq) from N2O (AR5),kilotonnes,141.1228,2.65,13.972,29.3307,5.7214,20.4764,24.9338,87.2055,47.2163,10.8404,4.4565,40.4719,85.7601,5.4202,11.563,1.626,19.0912,132.3146,0,14.815,49.6852
Algeria,LULUCF,Emissions (CO2eq) (AR5),kilotonnes,984.4623,-2399.7817,-2375.3574,-2342.2253,-2393.1559,-2361.3259,-2351.7103,-2217.3758,-2303.6418,-2382.1131,-2395.8845,-538.1086,-440.4115,-613.7233,-600.4718,-621.9083,238.3041,482.5533,197.12,229.0795,304.3025
Algeria,LULUCF,Emissions (CO2eq) (AR5),kilotonnes,-8148.2,,,,,,,,,,,,,,,,,,,,
Algeria,AFOLU,Emissions (CH4),kilotonnes,199.8801,192.2975,186.3818,193.2756,200.9213,202.9744,208.674,215.3269,210.7568,221.5221,233.1332,242.3839,257.3589,262.6941,278.0524,281.5089,279.7281,280.626,272.4661,276.0567,284.397
Algeria,AFOLU,Emissions (N2O),kilotonnes,12.6633,12.6511,11.9992,12.8309,14.9327,12.8533,14.0924,14.3476,13.1742,14.9619,15.7793,16.236,17.7712,17.6249,18.3891,18.5337,18.3503,18.6647,18.484,18.6644,18.8645
Algeria,AFOLU,Emissions (CO2),kilotonnes,573.793,-2405.4983,-2405.4983,-2405.4983,-2405.4983,-2405.4983,-2405.4983,-2405.4983,-2405.4983,-2405.4983,-2405.4983,-625.416,-625.416,-625.416,-625.416,-625.416,197.12,197.12,197.12,197.12,197.12
Algeria,AFOLU,Emissions (CO2eq) from CH4 (AR5),kilotonnes,5596.6418,5384.3287,5218.6901,5411.7175,5625.7959,5683.283,5842.8729,6029.1543,5901.1895,6202.6185,6527.7302,6786.7479,7206.0484,7355.4358,7785.4672,7882.2504,7832.3878,7857.5287,7629.0506,7729.588,7963.1172
Algeria,AFOLU,Emissions (CO2eq) from N2O (AR5),kilotonnes,3355.7773,3352.5453,3179.7795,3400.1788,3957.1767,3406.1118,3734.4879,3802.1098,3491.1698,3964.9107,4181.5041,4302.5518,4709.3683,4670.6046,4873.1082,4911.4298,4862.8323,4946.1507,4898.2497,4946.0713,4999.0949
Algeria,AFOLU,Emissions (CO2eq) (AR5),kilotonnes,9526.2121,6331.3757,5992.9713,6406.398,7177.4743,6683.8965,7171.8625,7425.7658,6986.861,7762.0308,8303.7359,10463.8837,11290.0007,11400.6244,12033.1594,12168.2642,12892.3401,13000.7995,12724.4203,12872.7794,13159.3322
Algeria,All sectors with LULUCF,Emissions (CH4),kilotonnes,3163.1691,2826.5955,2694.6808,2955.5696,2867.2653,2933.2924,3072.029,2913.6709,3034.0068,2788.8331,2928.4372,2915.7269,2969.6919,2912.9441,3024.3694,3049.8279,3219.0341,3225.945,3278.7811,3168.3597,3183.698
Algeria,All sectors with LULUCF,Emissions (N2O),kilotonnes,18.0703,18.6281,17.6932,18.7739,21.0547,19.0823,18.8094,22.4176,21.3722,23.3159,24.2563,24.964,26.9012,26.9949,28.0991,28.5937,28.3903,28.6847,28.634,29.8144,30.3545
Algeria,All sectors with LULUCF,Emissions (CO2),kilotonnes,92645.083,83845.8317,89905.8617,91195.9017,88145.9317,106475.9717,100706.0117,108846.0517,109276.1017,120896.1417,118196.1917,121876.324,130776.374,144956.434,157076.484,166276.544,168199.13,171299.18,181499.23,186599.27,175699.32
Algeria,All sectors with LULUCF,Emissions (CO2eq) from F-gases (AR5),kilotonnes,513.0864,418.8262,469.3575,315.8202,343.0294,301.2439,354.6904,410.0804,465.4704,520.8605,575.2787,506.2841,519.8887,534.465,548.0696,562.6459,576.2505,589.855,604.4314,618.0359,632.6122
Algeria,All sectors with LULUCF,Emissions (CO2eq) from CH4 (AR5),kilotonnes,88568.7338,79144.6727,75451.0621,82755.9495,80283.4279,82132.187,86016.8129,81582.7863,84952.1895,78087.3265,81996.2422,81640.3519,83151.3724,81562.4358,84682.3432,85395.1824,90132.9558,90326.4607,91805.8706,88714.072,89143.5452
Algeria,All sectors with LULUCF,Emissions (CO2eq) from N2O (AR5),kilotonnes,4788.6323,4936.4503,4688.6895,4975.0738,5579.5067,5056.7968,4984.4929,5940.6598,5663.6398,6178.7207,6427.9091,6615.4718,7128.8183,7153.6546,7446.2582,7577.3298,7523.4323,7601.4507,7587.9997,7900.8213,8043.9449
Algeria,All sectors with LULUCF,Emissions (CO2eq) (AR5),kilotonnes,186515.5355,168345.7809,170514.9707,179242.7452,174351.8957,193966.1994,192062.008,196779.5783,200357.4014,205683.0493,207195.6217,210638.4319,221576.4534,234206.9894,249753.155,259811.7021,266431.7686,269816.9465,281497.5316,283832.1993,273519.4224
Algeria,All sectors without LULUCF,Emissions (CH4),kilotonnes,3153.5424,2826.4859,2694.1033,2954.3574,2867.0288,2932.4461,3070.9985,2910.0668,3032.0553,2788.3851,2928.253,2914.0542,2966.1474,2912.7201,3023.8915,3049.7607,3218.2451,3220.4765,3278.7811,3167.7474,3181.6446
Algeria,All sectors without LULUCF,Emissions (N2O),kilotonnes,17.5378,18.6181,17.6404,18.6632,21.0332,19.005,18.7153,22.0885,21.1941,23.275,24.2394,24.8113,26.5776,26.9745,28.0555,28.5876,28.3183,28.1854,28.634,29.7585,30.167
Algeria,All sectors without LULUCF,Emissions (CO2),kilotonnes,92071.29,86251.33,92311.36,93601.4,90551.43,108881.47,103111.51,111251.55,111681.6,123301.64,120601.69,122501.74,131401.79,145581.85,157701.9,166901.96,168002.01,171102.06,181302.11,186402.15,175502.2
Algeria,All sectors without LULUCF,Emissions (CO2eq) from F-gases (AR5),kilotonnes,513.0864,418.8262,469.3575,315.8202,343.0294,301.2439,354.6904,410.0804,465.4704,520.8605,575.2787,506.2841,519.8887,534.465,548.0696,562.6459,576.2505,589.855,604.4314,618.0359,632.6122
Algeria,All sectors without LULUCF,Emissions (CO2eq) from CH4 (AR5),kilotonnes,88299.1873,79141.606,75434.8932,82722.0071,80276.8069,82108.491,85987.9587,81481.8693,84897.5493,78074.7817,81991.0849,81593.5165,83052.128,81556.1633,84668.9621,85393.3007,90110.8629,90173.342,91805.8706,88696.9276,89086.048
Algeria,All sectors without LULUCF,Emissions (CO2eq) from N2O (AR5),kilotonnes,4647.5094,4933.8003,4674.7175,4945.7431,5573.7853,5036.3203,4959.5591,5853.4543,5616.4235,6167.8803,6423.4526,6574.9999,7043.0582,7148.2344,7434.6951,7575.7038,7504.3411,7469.1361,7587.9997,7886.0063,7994.2598
Algeria,All sectors without LULUCF,Emissions (CO2eq) (AR5),kilotonnes,185531.0732,170745.5626,172890.3282,181584.9705,176745.0516,196327.5253,194413.7183,198996.9541,202661.0432,208065.1624,209591.5062,211176.5405,222016.8649,234820.7127,250353.6268,260433.6104,266193.4645,269334.3932,281300.4116,283603.1198,273215.1199
American Samoa,Burning - Crop residues,Emissions (CH4),kilotonnes,,,,,,,,,,,,,,,,,,,,,
American Samoa,Burning - Crop residues,Emissions (N2O),kilotonnes,,,,,,,,,,,,,,,,,,,,,
American Samoa,Burning - Crop residues,Emissions (CO2eq) from CH4 (AR5),kilotonnes,,,,,,,,,,,,,,,,,,,,,
American Samoa,Burning - Crop residues,Emissions (CO2eq) from N2O (AR5),kilotonnes,,,,,,,,,,,,,,,,,,,,,
American Samoa,Burning - Crop residues,Emissions (CO2eq) (AR5),kilotonnes,,,,,,,,,,,,,,,,,,,,,
American Samoa,Drained organic soils,Emissions (CO2eq) (AR5),kilotonnes,0,0,0,0,0,0,0,0,0,0,0,0,0,0,0,0,0,0,0,0,0
American Samoa,Drained organic soils (CO2),Emissions (CO2),kilotonnes,0,0,0,0,0,0,0,0,0,0,0,0,0,0,0,0,0,0,0,0,0
American Samoa,Drained organic soils (CO2),Emissions (CO2eq) (AR5),kilotonnes,0,0,0,0,0,0,0,0,0,0,0,0,0,0,0,0,0,0,0,0,0
American Samoa,Drained organic soils (N2O),Emissions (N2O),kilotonnes,0,0,0,0,0,0,0,0,0,0,0,0,0,0,0,0,0,0,0,0,0
American Samoa,Drained organic soils (N2O),Emissions (CO2eq) from N2O (AR5),kilotonnes,0,0,0,0,0,0,0,0,0,0,0,0,0,0,0,0,0,0,0,0,0
American Samoa,Drained organic soils (N2O),Emissions (CO2eq) (AR5),kilotonnes,0,0,0,0,0,0,0,0,0,0,0,0,0,0,0,0,0,0,0,0,0
American Samoa,Forestland,Emissions (CO2),kilotonnes,-58.8991,-47.4212,-47.4212,-47.4212,-47.4212,-47.4212,-47.4212,-47.4212,-47.4212,-47.4212,-47.4212,-44.7322,-44.7322,-44.7322,-44.7322,-44.7322,-50.3736,-50.3736,-50.3736,-50.3736,-50.3736
American Samoa,Forestland,Emissions (CO2eq) (AR5),kilotonnes,-58.8991,-47.4212,-47.4212,-47.4212,-47.4212,-47.4212,-47.4212,-47.4212,-47.4212,-47.4212,-47.4212,-44.7322,-44.7322,-44.7322,-44.7322,-44.7322,-50.3736,-50.3736,-50.3736,-50.3736,-50.3736
American Samoa,Net Forest conversion,Emissions (CO2),kilotonnes,7.9612,8.0212,8.0212,8.0212,8.0212,8.0212,8.0212,8.0212,8.0212,8.0212,8.0212,8.8374,8.8374,8.8374,8.8374,8.8374,9.2257,9.2257,9.2257,9.2257,9.2257
American Samoa,Net Forest conversion,Emissions (CO2eq) (AR5),kilotonnes,7.9612,8.0212,8.0212,8.0212,8.0212,8.0212,8.0212,8.0212,8.0212,8.0212,8.0212,8.8374,8.8374,8.8374,8.8374,8.8374,9.2257,9.2257,9.2257,9.2257,9.2257
American Samoa,Savanna fires,Emissions (CH4),kilotonnes,0,0,0,0,0,0,0,0,0,0,0,0,0,0,0,0,0,0,0,0,0
American Samoa,Savanna fires,Emissions (N2O),kilotonnes,0,0,0,0,0,0,0,0,0,0,0,0,0,0,0,0,0,0,0,0,0
American Samoa,Savanna fires,Emissions (CO2eq) from CH4 (AR5),kilotonnes,0,0,0,0,0,0,0,0,0,0,0,0,0,0,0,0,0,0,0,0,0
American Samoa,Savanna fires,Emissions (CO2eq) from N2O (AR5),kilotonnes,0,0,0,0,0,0,0,0,0,0,0,0,0,0,0,0,0,0,0,0,0
American Samoa,Savanna fires,Emissions (CO2eq) (AR5),kilotonnes,0,0,0,0,0,0,0,0,0,0,0,0,0,0,0,0,0,0,0,0,0
American Samoa,Fires in organic soils,Emissions (CH4),kilotonnes,0,0,0,0,0,0,0,0,0,0,0,0,0,0,0,0,0,0,0,0,0
American Samoa,Fires in organic soils,Emissions (CO2),kilotonnes,0,0,0,0,0,0,0,0,0,0,0,0,0,0,0,0,0,0,0,0,0
American Samoa,Fires in organic soils,Emissions (CO2eq) from CH4 (AR5),kilotonnes,0,0,0,0,0,0,0,0,0,0,0,0,0,0,0,0,0,0,0,0,0
American Samoa,Fires in organic soils,Emissions (CO2eq) (AR5),kilotonnes,0,0,0,0,0,0,0,0,0,0,0,0,0,0,0,0,0,0,0,0,0
American Samoa,Forest fires,Emissions (CH4),kilotonnes,0,0,0,0,0,0,0,0,0,0,0,0,0,0,0,0,0,0,0,0,0
American Samoa,Forest fires,Emissions (N2O),kilotonnes,0,0,0,0,0,0,0,0,0,0,0,0,0,0,0,0,0,0,0,0,0
American Samoa,Forest fires,Emissions (CO2eq) from CH4 (AR5),kilotonnes,0,0,0,0,0,0,0,0,0,0,0,0,0,0,0,0,0,0,0,0,0
American Samoa,Forest fires,Emissions (CO2eq) from N2O (AR5),kilotonnes,0,0,0,0,0,0,0,0,0,0,0,0,0,0,0,0,0,0,0,0,0
American Samoa,Forest fires,Emissions (CO2eq) (AR5),kilotonnes,0,0,0,0,0,0,0,0,0,0,0,0,0,0,0,0,0,0,0,0,0
American Samoa,Fires in humid tropical forests,Emissions (CH4),kilotonnes,0,0,0,0,0,0,0,0,0,0,0,0,0,0,0,0,0,0,0,0,0
American Samoa,Fires in humid tropical forests,Emissions (N2O),kilotonnes,0,0,0,0,0,0,0,0,0,0,0,0,0,0,0,0,0,0,0,0,0
American Samoa,Fires in humid tropical forests,Emissions (CO2eq) from CH4 (AR5),kilotonnes,0,0,0,0,0,0,0,0,0,0,0,0,0,0,0,0,0,0,0,0,0
American Samoa,Fires in humid tropical forests,Emissions (CO2eq) from N2O (AR5),kilotonnes,0,0,0,0,0,0,0,0,0,0,0,0,0,0,0,0,0,0,0,0,0
American Samoa,Fires in humid tropical forests,Emissions (CO2eq) (AR5),kilotonnes,0,0,0,0,0,0,0,0,0,0,0,0,0,0,0,0,0,0,0,0,0
American Samoa,Waste - agri-food systems,Emissions (CH4),kilotonnes,0.0739,0.0747,0.0762,0.0767,0.0769,0.0767,0.0761,0.0751,0.074,0.0729,0.0721,0.0717,0.0715,0.0716,0.0716,0.0724,0.073,0.0736,0.0741,0.0746,0.0752
American Samoa,Waste - agri-food systems,Emissions (N2O),kilotonnes,0,0,0,0,0,0,0,0,0,0,0,0,0,0,0,0,0,0,0,0,0
American Samoa,Waste - agri-food systems,Emissions (CO2),kilotonnes,0,0,0,0,0,0,0,0,0,0,0,0,0,0,0,0,0,0,0,0,0
American Samoa,Waste - agri-food systems,Emissions (CO2eq) from CH4 (AR5),kilotonnes,2.068,2.0923,2.1339,2.148,2.1539,2.1484,2.1315,2.104,2.0718,2.0417,2.0197,2.007,2.0031,2.0039,2.0056,2.0262,2.0439,2.0597,2.0742,2.0889,2.1049
American Samoa,Waste - agri-food systems,Emissions (CO2eq) from N2O (AR5),kilotonnes,0,0,0.0016,0.0016,0.0015,0.0014,0.0013,0.0013,0.0012,0.0011,0.0011,0.001,0.0009,0.0008,0.0008,0.0007,0.0006,0.0006,0.0005,0.0004,0.0004
American Samoa,Waste - agri-food systems,Emissions (CO2eq) (AR5),kilotonnes,2.068,2.0923,2.1356,2.1495,2.1553,2.1498,2.1328,2.1053,2.073,2.0429,2.0208,2.008,2.004,2.0047,2.0064,2.0269,2.0446,2.0602,2.0747,2.0893,2.1052
American Samoa,Farm-gate emissions,Emissions (CH4),kilotonnes,0,0,0,0,0,0,0,0,0,0,0,0,0,0,0,0,0,0,0,0,0
American Samoa,Farm-gate emissions,Emissions (N2O),kilotonnes,0,0,0,0,0,0,0,0,0,0,0,0,0,0,0,0,0,0,0,0,0
American Samoa,Farm-gate emissions,Emissions (CO2),kilotonnes,0,0,0,0,0,0,0,0,0,0,0,0,0,0,0,0,0,0,0,0,0
American Samoa,Farm-gate emissions,Emissions (CO2eq) from CH4 (AR5),kilotonnes,0,0,0,0,0,0,0,0,0,0,0,0,0,0,0,0,0,0,0,0,0
American Samoa,Farm-gate emissions,Emissions (CO2eq) from N2O (AR5),kilotonnes,0,0,0,0,0,0,0,0,0,0,0,0,0,0,0,0,0,0,0,0,0
American Samoa,Farm-gate emissions,Emissions (CO2eq) (AR5),kilotonnes,0,0,0,0,0,0,0,0,0,0,0,0,0,0,0,0,0,0,0,0,0
American Samoa,Land Use change,Emissions (CH4),kilotonnes,0,0,0,0,0,0,0,0,0,0,0,0,0,0,0,0,0,0,0,0,0
American Samoa,Land Use change,Emissions (N2O),kilotonnes,0,0,0,0,0,0,0,0,0,0,0,0,0,0,0,0,0,0,0,0,0
American Samoa,Land Use change,Emissions (CO2),kilotonnes,7.9612,8.0212,8.0212,8.0212,8.0212,8.0212,8.0212,8.0212,8.0212,8.0212,8.0212,8.8374,8.8374,8.8374,8.8374,8.8374,9.2257,9.2257,9.2257,9.2257,9.2257
American Samoa,Land Use change,Emissions (CO2eq) from CH4 (AR5),kilotonnes,0,0,0,0,0,0,0,0,0,0,0,0,0,0,0,0,0,0,0,0,0
American Samoa,Land Use change,Emissions (CO2eq) from N2O (AR5),kilotonnes,0,0,0,0,0,0,0,0,0,0,0,0,0,0,0,0,0,0,0,0,0
American Samoa,Land Use change,Emissions (CO2eq) (AR5),kilotonnes,7.9612,8.0212,8.0212,8.0212,8.0212,8.0212,8.0212,8.0212,8.0212,8.0212,8.0212,8.8374,8.8374,8.8374,8.8374,8.8374,9.2257,9.2257,9.2257,9.2257,9.2257
American Samoa,Emissions on agricultural land,Emissions (CH4),kilotonnes,0,0,0,0,0,0,0,0,0,0,0,0,0,0,0,0,0,0,0,0,0
American Samoa,Emissions on agricultural land,Emissions (N2O),kilotonnes,0,0,0,0,0,0,0,0,0,0,0,0,0,0,0,0,0,0,0,0,0
American Samoa,Emissions on agricultural land,Emissions (CO2),kilotonnes,7.9612,8.0212,8.0212,8.0212,8.0212,8.0212,8.0212,8.0212,8.0212,8.0212,8.0212,8.8374,8.8374,8.8374,8.8374,8.8374,9.2257,9.2257,9.2257,9.2257,9.2257
American Samoa,Emissions on agricultural land,Emissions (CO2eq) from CH4 (AR5),kilotonnes,0,0,0,0,0,0,0,0,0,0,0,0,0,0,0,0,0,0,0,0,0
American Samoa,Emissions on agricultural land,Emissions (CO2eq) from N2O (AR5),kilotonnes,0,0,0,0,0,0,0,0,0,0,0,0,0,0,0,0,0,0,0,0,0
American Samoa,Emissions on agricultural land,Emissions (CO2eq) (AR5),kilotonnes,7.9612,8.0212,8.0212,8.0212,8.0212,8.0212,8.0212,8.0212,8.0212,8.0212,8.0212,8.8374,8.8374,8.8374,8.8374,8.8374,9.2257,9.2257,9.2257,9.2257,9.2257
American Samoa,Pre- and post- production,Emissions (CH4),kilotonnes,0.0739,0.0747,0.0762,0.0767,0.0769,0.0767,0.0761,0.0751,0.074,0.0729,0.0721,0.0717,0.0715,0.0716,0.0716,0.0724,0.073,0.0736,0.0741,0.0746,0.0752
American Samoa,Pre- and post- production,Emissions (N2O),kilotonnes,0,0,0,0,0,0,0,0,0,0,0,0,0,0,0,0,0,0,0,0,0
American Samoa,Pre- and post- production,Emissions (CO2),kilotonnes,0,0,0,0,0,0,0,0,0,0,0,0,0,0,0,0,0,0,0,0,0
American Samoa,Pre- and post- production,Emissions (CO2eq) from CH4 (AR5),kilotonnes,2.068,2.0923,2.1339,2.148,2.1539,2.1484,2.1315,2.104,2.0718,2.0417,2.0197,2.007,2.0031,2.0039,2.0056,2.0262,2.0439,2.0597,2.0742,2.0889,2.1049
American Samoa,Pre- and post- production,Emissions (CO2eq) from N2O (AR5),kilotonnes,0,0,0.0016,0.0016,0.0015,0.0014,0.0013,0.0013,0.0012,0.0011,0.0011,0.001,0.0009,0.0008,0.0008,0.0007,0.0006,0.0006,0.0005,0.0004,0.0004
American Samoa,Pre- and post- production,Emissions (CO2eq) (AR5),kilotonnes,2.068,2.0923,2.1356,2.1495,2.1553,2.1498,2.1328,2.1053,2.073,2.0429,2.0208,2.008,2.004,2.0047,2.0064,2.0269,2.0446,2.0602,2.0747,2.0893,2.1052
American Samoa,Agri-food systems,Emissions (CH4),kilotonnes,0.0739,0.0747,0.0762,0.0767,0.0769,0.0767,0.0761,0.0751,0.074,0.0729,0.0721,0.0717,0.0715,0.0716,0.0716,0.0724,0.073,0.0736,0.0741,0.0746,0.0752
American Samoa,Agri-food systems,Emissions (N2O),kilotonnes,0,0,0,0,0,0,0,0,0,0,0,0,0,0,0,0,0,0,0,0,0
American Samoa,Agri-food systems,Emissions (CO2),kilotonnes,7.9612,8.0212,8.0212,8.0212,8.0212,8.0212,8.0212,8.0212,8.0212,8.0212,8.0212,8.8374,8.8374,8.8374,8.8374,8.8374,9.2257,9.2257,9.2257,9.2257,9.2257
American Samoa,Agri-food systems,Emissions (CO2eq) from CH4 (AR5),kilotonnes,2.068,2.0923,2.1339,2.148,2.1539,2.1484,2.1315,2.104,2.0718,2.0417,2.0197,2.007,2.0031,2.0039,2.0056,2.0262,2.0439,2.0597,2.0742,2.0889,2.1049
American Samoa,Agri-food systems,Emissions (CO2eq) from N2O (AR5),kilotonnes,0,0,0.0016,0.0016,0.0015,0.0014,0.0013,0.0013,0.0012,0.0011,0.0011,0.001,0.0009,0.0008,0.0008,0.0007,0.0006,0.0006,0.0005,0.0004,0.0004
American Samoa,Agri-food systems,Emissions (CO2eq) (AR5),kilotonnes,10.0292,10.1135,10.1568,10.1707,10.1765,10.171,10.154,10.1265,10.0942,10.0641,10.042,10.8454,10.8414,10.8421,10.8438,10.8643,11.2703,11.2859,11.3004,11.315,11.3309
American Samoa,IPCC Agriculture,Emissions (CH4),kilotonnes,0,0,0,0,0,0,0,0,0,0,0,0,0,0,0,0,0,0,0,0,0
American Samoa,IPCC Agriculture,Emissions (N2O),kilotonnes,0,0,0,0,0,0,0,0,0,0,0,0,0,0,0,0,0,0,0,0,0
American Samoa,IPCC Agriculture,Emissions (CO2eq) from CH4 (AR5),kilotonnes,0,0,0,0,0,0,0,0,0,0,0,0,0,0,0,0,0,0,0,0,0
American Samoa,IPCC Agriculture,Emissions (CO2eq) from N2O (AR5),kilotonnes,0,0,0,0,0,0,0,0,0,0,0,0,0,0,0,0,0,0,0,0,0
American Samoa,IPCC Agriculture,Emissions (CO2eq) (AR5),kilotonnes,0,0,0,0,0,0,0,0,0,0,0,0,0,0,0,0,0,0,0,0,0
American Samoa,Agricultural Soils,Emissions (N2O),kilotonnes,0,0,0,0,0,0,0,0,0,0,0,0,0,0,0,0,0,0,0,0,0
American Samoa,Agricultural Soils,Emissions (CO2eq) from N2O (AR5),kilotonnes,0,0,0,0,0,0,0,0,0,0,0,0,0,0,0,0,0,0,0,0,0
American Samoa,Agricultural Soils,Emissions (CO2eq) (AR5),kilotonnes,0,0,0,0,0,0,0,0,0,0,0,0,0,0,0,0,0,0,0,0,0
American Samoa,LULUCF,Emissions (CH4),kilotonnes,0,0,0,0,0,0,0,0,0,0,0,0,0,0,0,0,0,0,0,0,0
American Samoa,LULUCF,Emissions (N2O),kilotonnes,0,0,0,0,0,0,0,0,0,0,0,0,0,0,0,0,0,0,0,0,0
American Samoa,LULUCF,Emissions (CO2),kilotonnes,-50.9378,-39.4,-39.4,-39.4,-39.4,-39.4,-39.4,-39.4,-39.4,-39.4,-39.4,-35.8948,-35.8948,-35.8948,-35.8948,-35.8948,-41.1479,-41.1479,-41.1479,-41.1479,-41.1479
American Samoa,LULUCF,Emissions (CO2eq) from CH4 (AR5),kilotonnes,0,0,0,0,0,0,0,0,0,0,0,0,0,0,0,0,0,0,0,0,0
American Samoa,LULUCF,Emissions (CO2eq) from N2O (AR5),kilotonnes,0,0,0,0,0,0,0,0,0,0,0,0,0,0,0,0,0,0,0,0,0
American Samoa,LULUCF,Emissions (CO2eq) (AR5),kilotonnes,-50.9378,-39.4,-39.4,-39.4,-39.4,-39.4,-39.4,-39.4,-39.4,-39.4,-39.4,-35.8948,-35.8948,-35.8948,-35.8948,-35.8948,-41.1479,-41.1479,-41.1479,-41.1479,-41.1479
American Samoa,AFOLU,Emissions (CH4),kilotonnes,0,0,0,0,0,0,0,0,0,0,0,0,0,0,0,0,0,0,0,0,0
American Samoa,AFOLU,Emissions (N2O),kilotonnes,0,0,0,0,0,0,0,0,0,0,0,0,0,0,0,0,0,0,0,0,0
American Samoa,AFOLU,Emissions (CO2),kilotonnes,-50.9378,-39.4,-39.4,-39.4,-39.4,-39.4,-39.4,-39.4,-39.4,-39.4,-39.4,-35.8948,-35.8948,-35.8948,-35.8948,-35.8948,-41.1479,-41.1479,-41.1479,-41.1479,-41.1479
American Samoa,AFOLU,Emissions (CO2eq) from CH4 (AR5),kilotonnes,0,0,0,0,0,0,0,0,0,0,0,0,0,0,0,0,0,0,0,0,0
American Samoa,AFOLU,Emissions (CO2eq) from N2O (AR5),kilotonnes,0,0,0,0,0,0,0,0,0,0,0,0,0,0,0,0,0,0,0,0,0
American Samoa,AFOLU,Emissions (CO2eq) (AR5),kilotonnes,-50.9378,-39.4,-39.4,-39.4,-39.4,-39.4,-39.4,-39.4,-39.4,-39.4,-39.4,-35.8948,-35.8948,-35.8948,-35.8948,-35.8948,-41.1479,-41.1479,-41.1479,-41.1479,-41.1479
American Samoa,All sectors with LULUCF,Emissions (CH4),kilotonnes,0,0,0,0,0,0,0,0,0,0,0,0,0,0,0,0,0,0,0,0,0
American Samoa,All sectors with LULUCF,Emissions (N2O),kilotonnes,0,0,0,0,0,0,0,0,0,0,0,0,0,0,0,0,0,0,0,0,0
American Samoa,All sectors with LULUCF,Emissions (CO2),kilotonnes,-50.9378,-39.4,-39.4,-39.4,-39.4,-39.4,-39.4,-39.4,-39.4,-39.4,-39.4,-35.8948,-35.8948,-35.8948,-35.8948,-35.8948,-41.1479,-41.1479,-41.1479,-41.1479,-41.1479
American Samoa,All sectors with LULUCF,Emissions (CO2eq) from CH4 (AR5),kilotonnes,0,0,0,0,0,0,0,0,0,0,0,0,0,0,0,0,0,0,0,0,0
American Samoa,All sectors with LULUCF,Emissions (CO2eq) from N2O (AR5),kilotonnes,0,0,0,0,0,0,0,0,0,0,0,0,0,0,0,0,0,0,0,0,0
American Samoa,All sectors with LULUCF,Emissions (CO2eq) (AR5),kilotonnes,-50.9378,-39.4,-39.4,-39.4,-39.4,-39.4,-39.4,-39.4,-39.4,-39.4,-39.4,-35.8948,-35.8948,-35.8948,-35.8948,-35.8948,-41.1479,-41.1479,-41.1479,-41.1479,-41.1479
American Samoa,All sectors without LULUCF,Emissions (CH4),kilotonnes,0,0,0,0,0,0,0,0,0,0,0,0,0,0,0,0,0,0,0,0,0
American Samoa,All sectors without LULUCF,Emissions (N2O),kilotonnes,0,0,0,0,0,0,0,0,0,0,0,0,0,0,0,0,0,0,0,0,0
American Samoa,All sectors without LULUCF,Emissions (CO2eq) from CH4 (AR5),kilotonnes,0,0,0,0,0,0,0,0,0,0,0,0,0,0,0,0,0,0,0,0,0
American Samoa,All sectors without LULUCF,Emissions (CO2eq) from N2O (AR5),kilotonnes,0,0,0,0,0,0,0,0,0,0,0,0,0,0,0,0,0,0,0,0,0
American Samoa,All sectors without LULUCF,Emissions (CO2eq) (AR5),kilotonnes,0,0,0,0,0,0,0,0,0,0,0,0,0,0,0,0,0,0,0,0,0
Andorra,Drained organic soils,Emissions (CO2eq) (AR5),kilotonnes,0,0,0,0,0,0,0,0,0,0,0,0,0,0,0,0,0,0,0,0,0
Andorra,Drained organic soils (CO2),Emissions (CO2),kilotonnes,0,0,0,0,0,0,0,0,0,0,0,0,0,0,0,0,0,0,0,0,0
Andorra,Drained organic soils (CO2),Emissions (CO2eq) (AR5),kilotonnes,0,0,0,0,0,0,0,0,0,0,0,0,0,0,0,0,0,0,0,0,0
Andorra,Drained organic soils (N2O),Emissions (N2O),kilotonnes,0,0,0,0,0,0,0,0,0,0,0,0,0,0,0,0,0,0,0,0,0
Andorra,Drained organic soils (N2O),Emissions (CO2eq) from N2O (AR5),kilotonnes,0,0,0,0,0,0,0,0,0,0,0,0,0,0,0,0,0,0,0,0,0
Andorra,Drained organic soils (N2O),Emissions (CO2eq) (AR5),kilotonnes,0,0,0,0,0,0,0,0,0,0,0,0,0,0,0,0,0,0,0,0,0
Andorra,On-farm energy use,Emissions (CH4),kilotonnes,0.0024,0.0023,0.0023,0.0022,0.0023,0.0022,0.0021,0.002,0.002,0.0018,0.0018,0.0016,0.0016,0.0016,0.0015,0.0015,0.0016,0.0016,0.0016,0.0016,0.0016
Andorra,On-farm energy use,Emissions (N2O),kilotonnes,0,0,0,0,0,0,0,0,0,0,0,0,0,0,0,0,0,0,0,0,0
Andorra,On-farm energy use,Emissions (CO2),kilotonnes,30.2426,29.5064,28.9707,27.9497,28.5189,27.8389,26.0971,24.9554,24.7427,22.8546,22.3767,20.1011,19.6815,19.7989,19.1505,19.4042,19.7583,19.7597,20.4521,20.7124,20.7124
Andorra,On-farm energy use,Emissions (CO2eq) from CH4 (AR5),kilotonnes,0.0671,0.0655,0.0643,0.062,0.0633,0.0618,0.0579,0.0554,0.0549,0.0507,0.0496,0.0446,0.0437,0.0439,0.0425,0.0431,0.0438,0.0438,0.0454,0.046,0.046
Andorra,On-farm energy use,Emissions (CO2eq) from N2O (AR5),kilotonnes,0.0127,0.0124,0.0122,0.0117,0.012,0.0117,0.011,0.0105,0.0104,0.0096,0.0094,0.0084,0.0083,0.0083,0.008,0.0081,0.0083,0.0083,0.0086,0.0087,0.0087
Andorra,On-farm energy use,Emissions (CO2eq) (AR5),kilotonnes,30.3224,29.5843,29.0472,28.0234,28.5942,27.9124,26.166,25.0212,24.808,22.9149,22.4358,20.1542,19.7334,19.8512,19.2011,19.4554,19.8104,19.8118,20.506,20.767,20.767
Andorra,Forestland,Emissions (CO2),kilotonnes,0,0,0,0,0,0,0,0,0,0,0,0,0,0,0,0,0,0,0,0,0
Andorra,Forestland,Emissions (CO2eq) (AR5),kilotonnes,0,0,0,0,0,0,0,0,0,0,0,0,0,0,0,0,0,0,0,0,0
Andorra,Net Forest conversion,Emissions (CO2),kilotonnes,0,0,0,0,0,0,0,0,0,0,0,0,0,0,0,0,0,0,0,0,0
Andorra,Net Forest conversion,Emissions (CO2eq) (AR5),kilotonnes,0,0,0,0,0,0,0,0,0,0,0,0,0,0,0,0,0,0,0,0,0
Andorra,Savanna fires,Emissions (CH4),kilotonnes,0,0,0,0,0,0,0,0,0,0,0,0,0,0,0,0,0,0,0,0,0
Andorra,Savanna fires,Emissions (N2O),kilotonnes,0,0,0,0,0,0,0,0,0,0,0,0,0,0,0,0,0,0,0,0,0
Andorra,Savanna fires,Emissions (CO2eq) from CH4 (AR5),kilotonnes,0,0,0,0,0,0,0,0,0,0,0,0,0,0,0,0,0,0,0,0,0
Andorra,Savanna fires,Emissions (CO2eq) from N2O (AR5),kilotonnes,0,0,0,0,0,0,0,0,0,0,0,0,0,0,0,0,0,0,0,0,0
Andorra,Savanna fires,Emissions (CO2eq) (AR5),kilotonnes,0,0,0,0,0,0,0,0,0,0,0,0,0,0,0,0,0,0,0,0,0
Andorra,Fires in organic soils,Emissions (CH4),kilotonnes,0,0,0,0,0,0,0,0,0,0,0,0,0,0,0,0,0,0,0,0,0
Andorra,Fires in organic soils,Emissions (CO2),kilotonnes,0,0,0,0,0,0,0,0,0,0,0,0,0,0,0,0,0,0,0,0,0
Andorra,Fires in organic soils,Emissions (CO2eq) from CH4 (AR5),kilotonnes,0,0,0,0,0,0,0,0,0,0,0,0,0,0,0,0,0,0,0,0,0
Andorra,Fires in organic soils,Emissions (CO2eq) (AR5),kilotonnes,0,0,0,0,0,0,0,0,0,0,0,0,0,0,0,0,0,0,0,0,0
Andorra,Forest fires,Emissions (CH4),kilotonnes,0,0,0,0,0,0,0,0,0,0,0,0,0,0,0,0,0,0,0,0,0
Andorra,Forest fires,Emissions (N2O),kilotonnes,0,0,0,0,0,0,0,0,0,0,0,0,0,0,0,0,0,0,0,0,0
Andorra,Forest fires,Emissions (CO2eq) from CH4 (AR5),kilotonnes,0,0,0,0,0,0,0,0,0,0,0,0,0,0,0,0,0,0,0,0,0
Andorra,Forest fires,Emissions (CO2eq) from N2O (AR5),kilotonnes,0,0,0,0,0,0,0,0,0,0,0,0,0,0,0,0,0,0,0,0,0
Andorra,Forest fires,Emissions (CO2eq) (AR5),kilotonnes,0,0,0,0,0,0,0,0,0,0,0,0,0,0,0,0,0,0,0,0,0
Andorra,Fires in humid tropical forests,Emissions (CH4),kilotonnes,0,0,0,0,0,0,0,0,0,0,0,0,0,0,0,0,0,0,0,0,0
Andorra,Fires in humid tropical forests,Emissions (N2O),kilotonnes,0,0,0,0,0,0,0,0,0,0,0,0,0,0,0,0,0,0,0,0,0
Andorra,Fires in humid tropical forests,Emissions (CO2eq) from CH4 (AR5),kilotonnes,0,0,0,0,0,0,0,0,0,0,0,0,0,0,0,0,0,0,0,0,0
Andorra,Fires in humid tropical forests,Emissions (CO2eq) from N2O (AR5),kilotonnes,0,0,0,0,0,0,0,0,0,0,0,0,0,0,0,0,0,0,0,0,0
Andorra,Fires in humid tropical forests,Emissions (CO2eq) (AR5),kilotonnes,0,0,0,0,0,0,0,0,0,0,0,0,0,0,0,0,0,0,0,0,0
Andorra,Waste - agri-food systems,Emissions (CH4),kilotonnes,0.4486,0.454,0.4607,0.4686,0.4765,0.4834,0.4893,0.4945,0.4985,0.5008,0.5017,0.5015,0.4997,0.4972,0.495,0.4928,0.4916,0.4912,0.4915,0.4919,0.4919
Andorra,Waste - agri-food systems,Emissions (N2O),kilotonnes,0,0,0,0,0,0,0,0,0,0,0,0,0,0,0,0,0,0,0,0,0
Andorra,Waste - agri-food systems,Emissions (CO2),kilotonnes,2.1323,2.1403,2.1532,2.1831,2.2037,2.2126,2.2217,2.2352,2.2386,2.2279,2.2215,2.2266,2.2135,2.2137,2.2161,2.2,2.2038,2.2073,2.2144,2.2124,2.2036
Andorra,Waste - agri-food systems,Emissions (CO2eq) from CH4 (AR5),kilotonnes,12.5603,12.712,12.8991,13.1206,13.3421,13.5356,13.701,13.8455,13.9571,14.0228,14.0489,14.0423,13.9909,13.9228,13.8597,13.7972,13.7643,13.7529,13.7614,13.7724,13.7745
Andorra,Waste - agri-food systems,Emissions (CO2eq) from N2O (AR5),kilotonnes,0,0,0,0,0,0,0,0,0,0,0,0,0,0,0,0,0,0,0,0,0
Andorra,Waste - agri-food systems,Emissions (CO2eq) (AR5),kilotonnes,14.6926,14.8523,15.0523,15.3037,15.5458,15.7482,15.9226,16.0807,16.1956,16.2507,16.2704,16.2688,16.2044,16.1364,16.0758,15.9972,15.9681,15.9603,15.9758,15.9848,15.9781
Andorra,On-farm electricity use,Emissions (CH4),kilotonnes,0,0,0,0,0,0,0,0,0,0,0,0,0,0,0,0,0,0,0,0,0
Andorra,On-farm electricity use,Emissions (N2O),kilotonnes,0,0,0,0,0,0,0,0,0,0,0,0,0,0,0,0,0,0,0,0,0
Andorra,On-farm electricity use,Emissions (CO2),kilotonnes,0,0,0,0,0,0,0,0,0,0,0,0,0,0,0,0,0,0,0,0,0
Andorra,On-farm electricity use,Emissions (CO2eq) from CH4 (AR5),kilotonnes,0,0,0,0,0,0,0,0,0,0,0,0,0,0,0,0,0,0,0,0,0
Andorra,On-farm electricity use,Emissions (CO2eq) from N2O (AR5),kilotonnes,0,0,0,0,0,0,0,0,0,0,0,0,0,0,0,0,0,0,0,0,0
Andorra,On-farm electricity use,Emissions (CO2eq) (AR5),kilotonnes,0,0,0,0,0,0,0,0,0,0,0,0,0,0,0,0,0,0,0,0,0
Andorra,Energy,Emissions (CH4),kilotonnes,0.362,0.367,0.363,0.386,0.393,0.392,0.385,0.382,0.389,0.385,0.392,0.351,0.357,0.362,0.332,0.332,0.334,0.329,0.329,0.319,0.314
Andorra,Energy,Emissions (N2O),kilotonnes,0.0123,0.0124,0.0128,0.0135,0.0142,0.0145,0.0144,0.0146,0.0149,0.0149,0.0151,0.0144,0.0143,0.0145,0.0136,0.0136,0.013,0.013,0.0127,0.0131,0.0129
Andorra,Energy,Emissions (CO2),kilotonnes,525,527,535,537,563,578,548,542,542,519,519,494,490,479,464,468,472,468,456,438,429
Andorra,Energy,Emissions (CO2eq) from CH4 (AR5),kilotonnes,10.136,10.276,10.164,10.808,11.004,10.976,10.78,10.696,10.892,10.78,10.976,9.828,9.996,10.136,9.296,9.296,9.352,9.212,9.212,8.932,8.792
Andorra,Energy,Emissions (CO2eq) from N2O (AR5),kilotonnes,3.2595,3.286,3.392,3.5775,3.763,3.8425,3.816,3.869,3.9485,3.9485,4.0015,3.816,3.7895,3.8425,3.604,3.604,3.445,3.445,3.3655,3.4715,3.4185
Andorra,Energy,Emissions (CO2eq) (AR5),kilotonnes,538.3955,540.562,548.556,551.3855,577.767,592.8185,562.596,556.565,556.8405,533.7285,533.9775,507.644,503.7855,492.9785,476.9,480.9,484.797,480.657,468.5775,450.4035,441.2105
Andorra,IPPU,Emissions (CH4),kilotonnes,0.0032,0.0031,0.0033,0.0034,0.0031,0.0033,0.0034,0.0036,0.0032,0.0025,0.003,0.0029,0.0027,0.0025,0.0027,0.0024,0.0025,0.0026,0.0024,0.0023,0.0022
Andorra,IPPU,Emissions (N2O),kilotonnes,0.0243,0.022,0.0212,0.022,0.0198,0.0191,0.0153,0.0138,0.013,0.012,0.0118,0.0106,0.0105,0.0097,0.0091,0.0092,0.009,0.0089,0.009,0.0062,0.0055
Andorra,IPPU,Emissions (CO2),kilotonnes,21.2,21.8,21.1,21.9,21.5,22.1,21.3,22.3,20.7,18.4,20.5,20,19.2,18.3,18.3,17.2,17.4,17.9,17.2,16.5,16.2
Andorra,IPPU,Emissions (CO2eq) from F-gases (AR5),kilotonnes,1.1564,1.5645,2.099,2.7209,3.4011,4.1008,4.8685,5.7431,6.6565,7.57,8.4251,11.5639,12.1469,12.5356,13.4102,13.1187,14.0904,15.0622,16.617,17.5888,18.4633
Andorra,IPPU,Emissions (CO2eq) from CH4 (AR5),kilotonnes,0.0899,0.0871,0.093,0.0941,0.0874,0.091,0.0952,0.0997,0.0882,0.0697,0.0851,0.0806,0.0759,0.0711,0.0759,0.068,0.0689,0.0731,0.0678,0.0644,0.0624
Andorra,IPPU,Emissions (CO2eq) from N2O (AR5),kilotonnes,6.4395,5.83,5.618,5.83,5.247,5.0615,4.0545,3.657,3.445,3.18,3.127,2.809,2.7825,2.5811,2.4089,2.438,2.3956,2.3638,2.3718,1.6457,1.4522
Andorra,IPPU,Emissions (CO2eq) (AR5),kilotonnes,28.8858,29.2816,28.9099,30.545,30.2355,31.3533,30.3182,31.7997,30.8897,29.2197,32.1372,34.4535,34.2053,33.4879,34.1949,32.8247,33.9549,35.3991,36.2565,35.7988,36.178
Andorra,Waste,Emissions (CH4),kilotonnes,1.03,1.06,1.11,1.15,1.19,1.21,1.21,1.22,1.22,1.17,1.17,1.13,1.07,1.02,0.971,0.895,0.896,0.895,0.895,0.851,0.823
Andorra,Waste,Emissions (N2O),kilotonnes,0.0061,0.0062,0.0065,0.0068,0.007,0.0072,0.0073,0.0073,0.0075,0.0076,0.0077,0.0077,0.0076,0.0075,0.0074,0.0073,0.0073,0.0073,0.0074,0.0075,0.0075
Andorra,Waste,Emissions (CO2),kilotonnes,1.88,1.99,2.2,2.27,2.36,2.46,2.48,2.55,2.61,2.32,2.53,2.64,2.77,2.38,2.4,2.43,2.3,2.35,2.39,2.41,2.4
Andorra,Waste,Emissions (CO2eq) from CH4 (AR5),kilotonnes,28.84,29.68,31.08,32.2,33.32,33.88,33.88,34.16,34.16,32.76,32.76,31.64,29.96,28.56,27.188,25.06,25.088,25.06,25.06,23.828,23.044
Andorra,Waste,Emissions (CO2eq) from N2O (AR5),kilotonnes,1.6112,1.6536,1.7199,1.7994,1.8577,1.8974,1.9213,1.9451,1.9849,2.0008,2.0352,2.0272,2.0193,1.9769,1.9557,1.9345,1.9213,1.9372,1.9504,1.9769,1.9796
Andorra,Waste,Emissions (CO2eq) (AR5),kilotonnes,32.3312,33.3236,34.9999,36.2693,37.5376,38.2374,38.2812,38.6551,38.7548,37.0808,37.3252,36.3072,34.7493,32.9169,31.5437,29.4245,29.3093,29.3472,29.4004,28.2149,27.4235
Andorra,Other,Emissions (N2O),kilotonnes,0.0075,0.0076,0.0075,0.0075,0.0075,0.0074,0.007,0.0068,0.0065,0.0061,0.0059,0.0056,0.0053,0.005,0.0045,0.0043,0.0043,0.0041,0.0039,0.0034,0.0031
Andorra,Other,Emissions (CO2eq) from N2O (AR5),kilotonnes,1.9981,2.0061,1.9902,1.9928,1.9796,1.9531,1.8656,1.7914,1.7199,1.6218,1.5741,1.4867,1.4098,1.3197,1.1872,1.1501,1.1262,1.0865,1.0229,0.8984,0.8268
Andorra,Other,Emissions (CO2eq) (AR5),kilotonnes,1.9981,2.0061,1.9902,1.9928,1.9796,1.9531,1.8656,1.7914,1.7199,1.6218,1.5741,1.4867,1.4098,1.3197,1.1872,1.1501,1.1262,1.0865,1.0229,0.8984,0.8268
Andorra,Farm-gate emissions,Emissions (CH4),kilotonnes,0.0024,0.0023,0.0023,0.0022,0.0023,0.0022,0.0021,0.002,0.002,0.0018,0.0018,0.0016,0.0016,0.0016,0.0015,0.0015,0.0016,0.0016,0.0016,0.0016,0.0016
Andorra,Farm-gate emissions,Emissions (N2O),kilotonnes,0,0,0,0,0,0,0,0,0,0,0,0,0,0,0,0,0,0,0,0,0
Andorra,Farm-gate emissions,Emissions (CO2),kilotonnes,30.2426,29.5064,28.9707,27.9497,28.5189,27.8389,26.0971,24.9554,24.7427,22.8546,22.3767,20.1011,19.6815,19.7989,19.1505,19.4042,19.7583,19.7597,20.4521,20.7124,20.7124
Andorra,Farm-gate emissions,Emissions (CO2eq) from CH4 (AR5),kilotonnes,0.0671,0.0655,0.0643,0.062,0.0633,0.0618,0.0579,0.0554,0.0549,0.0507,0.0496,0.0446,0.0437,0.0439,0.0425,0.0431,0.0438,0.0438,0.0454,0.046,0.046
Andorra,Farm-gate emissions,Emissions (CO2eq) from N2O (AR5),kilotonnes,0.0127,0.0124,0.0122,0.0117,0.012,0.0117,0.011,0.0105,0.0104,0.0096,0.0094,0.0084,0.0083,0.0083,0.008,0.0081,0.0083,0.0083,0.0086,0.0087,0.0087
Andorra,Farm-gate emissions,Emissions (CO2eq) (AR5),kilotonnes,30.3224,29.5843,29.0472,28.0234,28.5942,27.9124,26.166,25.0212,24.808,22.9149,22.4358,20.1542,19.7334,19.8512,19.2011,19.4554,19.8104,19.8118,20.506,20.767,20.767
Andorra,Land Use change,Emissions (CH4),kilotonnes,0,0,0,0,0,0,0,0,0,0,0,0,0,0,0,0,0,0,0,0,0
Andorra,Land Use change,Emissions (N2O),kilotonnes,0,0,0,0,0,0,0,0,0,0,0,0,0,0,0,0,0,0,0,0,0
Andorra,Land Use change,Emissions (CO2),kilotonnes,0,0,0,0,0,0,0,0,0,0,0,0,0,0,0,0,0,0,0,0,0
Andorra,Land Use change,Emissions (CO2eq) from CH4 (AR5),kilotonnes,0,0,0,0,0,0,0,0,0,0,0,0,0,0,0,0,0,0,0,0,0
Andorra,Land Use change,Emissions (CO2eq) from N2O (AR5),kilotonnes,0,0,0,0,0,0,0,0,0,0,0,0,0,0,0,0,0,0,0,0,0
Andorra,Land Use change,Emissions (CO2eq) (AR5),kilotonnes,0,0,0,0,0,0,0,0,0,0,0,0,0,0,0,0,0,0,0,0,0
Andorra,Emissions on agricultural land,Emissions (CH4),kilotonnes,0.0024,0.0023,0.0023,0.0022,0.0023,0.0022,0.0021,0.002,0.002,0.0018,0.0018,0.0016,0.0016,0.0016,0.0015,0.0015,0.0016,0.0016,0.0016,0.0016,0.0016
Andorra,Emissions on agricultural land,Emissions (N2O),kilotonnes,0,0,0,0,0,0,0,0,0,0,0,0,0,0,0,0,0,0,0,0,0
Andorra,Emissions on agricultural land,Emissions (CO2),kilotonnes,30.2426,29.5064,28.9707,27.9497,28.5189,27.8389,26.0971,24.9554,24.7427,22.8546,22.3767,20.1011,19.6815,19.7989,19.1505,19.4042,19.7583,19.7597,20.4521,20.7124,20.7124
Andorra,Emissions on agricultural land,Emissions (CO2eq) from CH4 (AR5),kilotonnes,0.0671,0.0655,0.0643,0.062,0.0633,0.0618,0.0579,0.0554,0.0549,0.0507,0.0496,0.0446,0.0437,0.0439,0.0425,0.0431,0.0438,0.0438,0.0454,0.046,0.046
Andorra,Emissions on agricultural land,Emissions (CO2eq) from N2O (AR5),kilotonnes,0.0127,0.0124,0.0122,0.0117,0.012,0.0117,0.011,0.0105,0.0104,0.0096,0.0094,0.0084,0.0083,0.0083,0.008,0.0081,0.0083,0.0083,0.0086,0.0087,0.0087
Andorra,Emissions on agricultural land,Emissions (CO2eq) (AR5),kilotonnes,30.3224,29.5843,29.0472,28.0234,28.5942,27.9124,26.166,25.0212,24.808,22.9149,22.4358,20.1542,19.7334,19.8512,19.2011,19.4554,19.8104,19.8118,20.506,20.767,20.767
Andorra,Pre- and post- production,Emissions (CH4),kilotonnes,0.4486,0.454,0.4607,0.4686,0.4765,0.4834,0.4893,0.4945,0.4985,0.5008,0.5017,0.5015,0.4997,0.4972,0.495,0.4928,0.4916,0.4912,0.4915,0.4919,0.4919
Andorra,Pre- and post- production,Emissions (N2O),kilotonnes,0,0,0,0,0,0,0,0,0,0,0,0,0,0,0,0,0,0,0,0,0
Andorra,Pre- and post- production,Emissions (CO2),kilotonnes,2.1323,2.1403,2.1532,2.1831,2.2037,2.2126,2.2217,2.2352,2.2386,2.2279,2.2215,2.2266,2.2135,2.2137,2.2161,2.2,2.2038,2.2073,2.2144,2.2124,2.2036
Andorra,Pre- and post- production,Emissions (CO2eq) from CH4 (AR5),kilotonnes,12.5603,12.712,12.8991,13.1206,13.3421,13.5356,13.701,13.8455,13.9571,14.0228,14.0489,14.0423,13.9909,13.9228,13.8597,13.7972,13.7643,13.7529,13.7614,13.7724,13.7745
Andorra,Pre- and post- production,Emissions (CO2eq) from N2O (AR5),kilotonnes,0,0,0,0,0,0,0,0,0,0,0,0,0,0,0,0,0,0,0,0,0
Andorra,Pre- and post- production,Emissions (CO2eq) (AR5),kilotonnes,14.6926,14.8523,15.0523,15.3037,15.5458,15.7482,15.9226,16.0807,16.1956,16.2507,16.2704,16.2688,16.2044,16.1364,16.0758,15.9972,15.9681,15.9603,15.9758,15.9848,15.9781
Andorra,Agri-food systems,Emissions (CH4),kilotonnes,0.451,0.4563,0.463,0.4708,0.4788,0.4856,0.4914,0.4965,0.5004,0.5026,0.5035,0.5031,0.5012,0.4988,0.4965,0.4943,0.4931,0.4927,0.4931,0.4935,0.4936
Andorra,Agri-food systems,Emissions (N2O),kilotonnes,0,0,0,0,0,0,0,0,0,0,0,0,0,0,0,0,0,0,0,0,0
Andorra,Agri-food systems,Emissions (CO2),kilotonnes,32.375,31.6467,31.1239,30.1328,30.7226,30.0515,28.3188,27.1906,26.9813,25.0825,24.5982,22.3277,21.895,22.0126,21.3666,21.6042,21.9621,21.967,22.6665,22.9248,22.916
Andorra,Agri-food systems,Emissions (CO2eq) from CH4 (AR5),kilotonnes,12.6274,12.7774,12.9634,13.1826,13.4054,13.5974,13.7589,13.9009,14.012,14.0735,14.0986,14.0868,14.0346,13.9667,13.9022,13.8403,13.8081,13.7968,13.8068,13.8184,13.8205
Andorra,Agri-food systems,Emissions (CO2eq) from N2O (AR5),kilotonnes,0.0127,0.0124,0.0122,0.0117,0.012,0.0117,0.011,0.0105,0.0104,0.0096,0.0094,0.0084,0.0083,0.0083,0.008,0.0081,0.0083,0.0083,0.0086,0.0087,0.0087
Andorra,Agri-food systems,Emissions (CO2eq) (AR5),kilotonnes,45.0151,44.4366,44.0994,43.3272,44.14,43.6606,42.0886,41.102,41.0037,39.1656,38.7062,36.423,35.9378,35.9876,35.2769,35.4526,35.7785,35.7721,36.4819,36.7519,36.7451
Andorra,IPCC Agriculture,Emissions (CH4),kilotonnes,0,0,0,0,0,0,0,0,0,0,0,0,0,0,0,0,0,0,0,0,0
Andorra,IPCC Agriculture,Emissions (N2O),kilotonnes,0,0,0,0,0,0,0,0,0,0,0,0,0,0,0,0,0,0,0,0,0
Andorra,IPCC Agriculture,Emissions (CO2eq) from CH4 (AR5),kilotonnes,0,0,0,0,0,0,0,0,0,0,0,0,0,0,0,0,0,0,0,0,0
Andorra,IPCC Agriculture,Emissions (CO2eq) from N2O (AR5),kilotonnes,0,0,0,0,0,0,0,0,0,0,0,0,0,0,0,0,0,0,0,0,0
Andorra,IPCC Agriculture,Emissions (CO2eq) (AR5),kilotonnes,0,0,0,0,0,0,0,0,0,0,0,0,0,0,0,0,0,0,0,0,0
Andorra,Agricultural Soils,Emissions (N2O),kilotonnes,0,0,0,0,0,0,0,0,0,0,0,0,0,0,0,0,0,0,0,0,0
Andorra,Agricultural Soils,Emissions (CO2eq) from N2O (AR5),kilotonnes,0,0,0,0,0,0,0,0,0,0,0,0,0,0,0,0,0,0,0,0,0
Andorra,Agricultural Soils,Emissions (CO2eq) (AR5),kilotonnes,0,0,0,0,0,0,0,0,0,0,0,0,0,0,0,0,0,0,0,0,0
Andorra,LULUCF,Emissions (CH4),kilotonnes,0,0,0,0,0,0,0,0,0,0,0,0,0,0,0,0,0,0,0,0,0
Andorra,LULUCF,Emissions (N2O),kilotonnes,0,0,0,0,0,0,0,0,0,0,0,0,0,0,0,0,0,0,0,0,0
Andorra,LULUCF,Emissions (CO2),kilotonnes,0,0,0,0,0,0,0,0,0,0,0,0,0,0,0,0,0,0,0,0,0
Andorra,LULUCF,Emissions (CO2eq) from CH4 (AR5),kilotonnes,0,0,0,0,0,0,0,0,0,0,0,0,0,0,0,0,0,0,0,0,0
Andorra,LULUCF,Emissions (CO2eq) from N2O (AR5),kilotonnes,0,0,0,0,0,0,0,0,0,0,0,0,0,0,0,0,0,0,0,0,0
Andorra,LULUCF,Emissions (CO2eq) (AR5),kilotonnes,0,0,0,0,0,0,0,0,0,0,0,0,0,0,0,0,0,0,0,0,0
Andorra,AFOLU,Emissions (CH4),kilotonnes,0,0,0,0,0,0,0,0,0,0,0,0,0,0,0,0,0,0,0,0,0
Andorra,AFOLU,Emissions (N2O),kilotonnes,0,0,0,0,0,0,0,0,0,0,0,0,0,0,0,0,0,0,0,0,0
Andorra,AFOLU,Emissions (CO2),kilotonnes,0,0,0,0,0,0,0,0,0,0,0,0,0,0,0,0,0,0,0,0,0
Andorra,AFOLU,Emissions (CO2eq) from CH4 (AR5),kilotonnes,0,0,0,0,0,0,0,0,0,0,0,0,0,0,0,0,0,0,0,0,0
Andorra,AFOLU,Emissions (CO2eq) from N2O (AR5),kilotonnes,0,0,0,0,0,0,0,0,0,0,0,0,0,0,0,0,0,0,0,0,0
Andorra,AFOLU,Emissions (CO2eq) (AR5),kilotonnes,0,0,0,0,0,0,0,0,0,0,0,0,0,0,0,0,0,0,0,0,0
Andorra,All sectors with LULUCF,Emissions (CH4),kilotonnes,1.3952,1.4301,1.4763,1.5394,1.5861,1.6052,1.5984,1.6056,1.6122,1.5575,1.565,1.4839,1.4297,1.3845,1.3057,1.2294,1.2325,1.2266,1.2264,1.1723,1.1392
Andorra,All sectors with LULUCF,Emissions (N2O),kilotonnes,0.0502,0.0482,0.048,0.0498,0.0485,0.0481,0.044,0.0425,0.0419,0.0406,0.0405,0.0383,0.0377,0.0367,0.0346,0.0344,0.0335,0.0333,0.0329,0.0302,0.029
Andorra,All sectors with LULUCF,Emissions (CO2),kilotonnes,548.08,550.79,558.3,561.17,586.86,602.56,571.78,566.85,565.31,539.72,542.03,516.64,511.97,499.68,484.7,487.63,491.7,488.25,475.59,456.91,447.6
Andorra,All sectors with LULUCF,Emissions (CO2eq) from F-gases (AR5),kilotonnes,1.1564,1.5645,2.099,2.7209,3.4011,4.1008,4.8685,5.7431,6.6565,7.57,8.4251,11.5639,12.1469,12.5356,13.4102,13.1187,14.0904,15.0622,16.617,17.5888,18.4633
Andorra,All sectors with LULUCF,Emissions (CO2eq) from CH4 (AR5),kilotonnes,39.0659,40.0431,41.337,43.1021,44.4114,44.947,44.7552,44.9557,45.1402,43.6097,43.8211,41.5486,40.0319,38.7671,36.5599,34.424,34.5089,34.3451,34.3398,32.8244,31.8984
Andorra,All sectors with LULUCF,Emissions (CO2eq) from N2O (AR5),kilotonnes,13.3083,12.7757,12.72,13.1997,12.8472,12.7545,11.6574,11.2625,11.0982,10.751,10.7378,10.1389,10.0011,9.7202,9.1558,9.1266,8.8881,8.8325,8.7105,7.9924,7.677
Andorra,All sectors with LULUCF,Emissions (CO2eq) (AR5),kilotonnes,601.6106,605.1733,614.4559,620.1926,647.5197,664.3623,633.061,628.8112,628.2049,601.6507,605.014,579.8914,574.1499,560.703,543.8258,544.2993,549.1874,546.4897,535.2573,515.3156,505.6388
Andorra,All sectors without LULUCF,Emissions (CH4),kilotonnes,1.3952,1.4301,1.4763,1.5394,1.5861,1.6052,1.5984,1.6056,1.6122,1.5575,1.565,1.4839,1.4297,1.3845,1.3057,1.2294,1.2325,1.2266,1.2264,1.1723,1.1392
Andorra,All sectors without LULUCF,Emissions (N2O),kilotonnes,0.0502,0.0482,0.048,0.0498,0.0485,0.0481,0.044,0.0425,0.0419,0.0406,0.0405,0.0383,0.0377,0.0367,0.0346,0.0344,0.0335,0.0333,0.0329,0.0302,0.029
Andorra,All sectors without LULUCF,Emissions (CO2),kilotonnes,548.08,550.79,558.3,561.17,586.86,602.56,571.78,566.85,565.31,539.72,542.03,516.64,511.97,499.68,484.7,487.63,491.7,488.25,475.59,456.91,447.6
Andorra,All sectors without LULUCF,Emissions (CO2eq) from F-gases (AR5),kilotonnes,1.1564,1.5645,2.099,2.7209,3.4011,4.1008,4.8685,5.7431,6.6565,7.57,8.4251,11.5639,12.1469,12.5356,13.4102,13.1187,14.0904,15.0622,16.617,17.5888,18.4633
Andorra,All sectors without LULUCF,Emissions (CO2eq) from CH4 (AR5),kilotonnes,39.0659,40.0431,41.337,43.1021,44.4114,44.947,44.7552,44.9557,45.1402,43.6097,43.8211,41.5486,40.0319,38.7671,36.5599,34.424,34.5089,34.3451,34.3398,32.8244,31.8984
Andorra,All sectors without LULUCF,Emissions (CO2eq) from N2O (AR5),kilotonnes,13.3083,12.7756,12.72,13.1997,12.8472,12.7544,11.6574,11.2625,11.0982,10.751,10.7378,10.1389,10.0011,9.7202,9.1557,9.1266,8.8881,8.8324,8.7105,7.9924,7.677
Andorra,All sectors without LULUCF,Emissions (CO2eq) (AR5),kilotonnes,601.6106,605.1733,614.4559,620.1926,647.5197,664.3623,633.061,628.8112,628.2049,601.6507,605.014,579.8914,574.1499,560.703,543.8258,544.2993,549.1874,546.4897,535.2573,515.3156,505.6388
Angola,Crop Residues,Direct emissions (N2O),kilotonnes,0.1549,0.189,0.2164,0.2227,0.2765,0.3115,0.2634,0.3094,0.2592,0.408,0.4269,0.4921,0.2516,0.5187,0.545,0.5684,0.6461,0.6603,0.7074,0.7259,0.6613
Angola,Crop Residues,Indirect emissions (N2O),kilotonnes,0.0349,0.0425,0.0487,0.0501,0.0622,0.0701,0.0593,0.0696,0.0583,0.0918,0.096,0.1107,0.0566,0.1167,0.1226,0.1279,0.1454,0.1486,0.1592,0.1633,0.1488
Angola,Crop Residues,Emissions (N2O),kilotonnes,0.1898,0.2316,0.2651,0.2728,0.3387,0.3816,0.3227,0.379,0.3175,0.4997,0.5229,0.6028,0.3082,0.6354,0.6676,0.6963,0.7914,0.8089,0.8666,0.8892,0.8101
Angola,Crop Residues,Emissions (CO2eq) from N2O (AR5),kilotonnes,50.2997,61.3657,70.2597,72.2813,89.7456,101.1133,85.5185,100.4229,84.1363,132.4308,138.5767,159.7463,81.6681,168.3772,176.9086,184.5187,209.7244,214.3591,229.6555,235.6331,214.678
Angola,Crop Residues,Emissions (CO2eq) (AR5),kilotonnes,50.2997,61.3657,70.2597,72.2813,89.7456,101.1133,85.5185,100.4229,84.1363,132.4308,138.5767,159.7463,81.6681,168.3772,176.9086,184.5187,209.7244,214.3591,229.6555,235.6331,214.678
Angola,Rice Cultivation,Emissions (CH4),kilotonnes,1.202,1.0903,1.0374,2.2028,3.1422,3.4712,2.1683,2.5234,4.6343,6.638,6.6934,7.2906,7.8126,8.2628,8.419,8.4221,4.499,3.0554,2.3568,2.3708,2.3587
Angola,Rice Cultivation,Emissions (CO2eq) from CH4 (AR5),kilotonnes,33.6571,30.529,29.0472,61.6773,87.9805,97.1925,60.713,70.6541,129.7598,185.8629,187.4152,204.1379,218.7517,231.3584,235.7331,235.8194,125.9731,85.5501,65.9893,66.3813,66.0442
Angola,Rice Cultivation,Emissions (CO2eq) (AR5),kilotonnes,33.6571,30.529,29.0472,61.6773,87.9805,97.1925,60.713,70.6541,129.7598,185.8629,187.4152,204.1379,218.7517,231.3584,235.7331,235.8194,125.9731,85.5501,65.9893,66.3813,66.0442
Angola,Burning - Crop residues,Emissions (CH4),kilotonnes,1.8799,2.037,2.2266,2.2412,2.919,2.982,3.0675,3.3071,2.4392,4.0229,4.0849,4.6855,1.6476,4.4875,4.4559,4.5818,6.2268,7.2396,7.1715,7.1851,5.7982
Angola,Burning - Crop residues,Emissions (N2O),kilotonnes,0.0487,0.0528,0.0577,0.0581,0.0757,0.0773,0.0795,0.0857,0.0632,0.1043,0.1059,0.1215,0.0427,0.1163,0.1155,0.1188,0.1614,0.1877,0.1859,0.1863,0.1503
Angola,Burning - Crop residues,Emissions (CO2eq) from CH4 (AR5),kilotonnes,52.6375,57.0361,62.3454,62.7542,81.7334,83.4969,85.8903,92.5997,68.2986,112.6425,114.3777,131.1942,46.1321,125.6494,124.7655,128.2893,174.3492,202.7076,200.8018,201.1836,162.3504
Angola,Burning - Crop residues,Emissions (CO2eq) from N2O (AR5),kilotonnes,12.9157,13.995,15.2977,15.398,20.0549,20.4877,21.0749,22.7212,16.7585,27.6391,28.0649,32.1912,11.3195,30.8306,30.6137,31.4784,42.7801,49.7384,49.2708,49.3645,39.836
Angola,Burning - Crop residues,Emissions (CO2eq) (AR5),kilotonnes,65.5532,71.0311,77.6431,78.1522,101.7883,103.9846,106.9652,115.3209,85.0571,140.2816,142.4426,163.3854,57.4516,156.48,155.3792,159.7677,217.1293,252.446,250.0727,250.5481,202.1864
Angola,Enteric Fermentation,Emissions (CH4),kilotonnes,144.725,145.0612,143.7185,142.3152,139.9085,152.7708,156.3148,159.9831,163.6292,166.297,171.2008,174.2041,178.234,182.4235,186.7122,191.8971,194.0373,194.3777,196.2448,196.3741,198.5589
Angola,Enteric Fermentation,Emissions (CO2eq) from CH4 (AR5),kilotonnes,4052.3,4061.7129,4024.1193,3984.8255,3917.438,4277.5828,4376.8143,4479.5257,4581.6169,4656.3161,4793.6227,4877.7135,4990.5515,5107.8586,5227.9402,5373.1199,5433.0432,5442.5743,5494.855,5498.4758,5559.6484
Angola,Enteric Fermentation,Emissions (CO2eq) (AR5),kilotonnes,4052.3,4061.7129,4024.1193,3984.8255,3917.438,4277.5828,4376.8143,4479.5257,4581.6169,4656.3161,4793.6227,4877.7135,4990.5515,5107.8586,5227.9402,5373.1199,5433.0432,5442.5743,5494.855,5498.4758,5559.6484
Angola,Manure Management,Emissions (CH4),kilotonnes,5.4017,5.4746,5.5437,5.552,5.5657,5.9744,6.2413,6.5314,6.8475,7.193,7.5718,7.9505,8.3625,8.8115,9.3013,9.7637,9.5723,9.8212,10.1197,10.464,10.7883
Angola,Manure Management,Emissions (N2O),kilotonnes,0.4228,0.4399,0.4873,0.5083,0.5512,0.5648,0.6239,0.6899,0.7633,0.8441,0.9365,1.027,1.1279,1.2394,1.3625,1.4841,1.3693,1.4695,1.5684,1.6648,1.7559
Angola,Manure Management,Emissions (CO2eq) from CH4 (AR5),kilotonnes,151.2473,153.2885,155.2233,155.4557,155.8393,167.2821,174.7558,182.8781,191.7293,201.4042,212.0095,222.6141,234.1501,246.7233,260.4357,273.3827,268.0247,274.9929,283.3521,292.993,302.0722
Angola,Manure Management,Emissions (CO2eq) from N2O (AR5),kilotonnes,112.0521,116.5678,129.126,134.7048,146.0573,149.6824,165.3434,182.8229,202.2781,223.6861,248.1844,272.1645,298.9056,328.4348,361.0649,393.2857,362.8696,389.4242,415.6296,441.1615,465.3011
Angola,Manure Management,Emissions (CO2eq) (AR5),kilotonnes,263.2994,269.8563,284.3493,290.1605,301.8966,316.9645,340.0993,365.7011,394.0074,425.0903,460.1939,494.7786,533.0557,575.1581,621.5006,666.6684,630.8943,664.4171,698.9817,734.1546,767.3734
Angola,Manure left on Pasture,Direct emissions (N2O),kilotonnes,5.6822,5.7138,5.6681,5.6221,5.526,6.0266,6.1745,6.3297,6.4878,6.6227,6.8251,6.9742,7.1569,7.3496,7.5511,7.769,7.857,7.8735,7.9519,8.0145,8.1223
Angola,Manure left on Pasture,Indirect emissions (N2O),kilotonnes,1.3284,1.3564,1.3631,1.3696,1.3581,1.4813,1.5183,1.557,1.5964,1.6311,1.6803,1.7182,1.7634,1.8109,1.8604,1.9132,1.9274,1.9352,1.9581,1.9775,2.0065
Angola,Manure left on Pasture,Emissions (N2O),kilotonnes,7.0105,7.0702,7.0312,6.9917,6.8841,7.5079,7.6927,7.8867,8.0843,8.2538,8.5055,8.6924,8.9203,9.1605,9.4115,9.6822,9.7845,9.8087,9.9099,9.992,10.1287
Angola,Manure left on Pasture,Emissions (CO2eq) from N2O (AR5),kilotonnes,1857.7906,1873.5993,1863.2582,1852.7923,1824.2952,1989.5849,2038.5785,2089.9701,2142.3265,2187.2577,2253.9466,2303.4885,2363.8809,2427.5304,2494.0475,2565.7703,2592.882,2599.3007,2626.1326,2647.8675,2684.117
Angola,Manure left on Pasture,Emissions (CO2eq) (AR5),kilotonnes,1857.7906,1873.5993,1863.2582,1852.7923,1824.2952,1989.5849,2038.5785,2089.9701,2142.3265,2187.2577,2253.9466,2303.4885,2363.8809,2427.5304,2494.0475,2565.7703,2592.882,2599.3007,2626.1326,2647.8675,2684.117
Angola,Manure applied to Soils,Direct emissions (N2O),kilotonnes,0.2665,0.274,0.2986,0.3098,0.3327,0.3445,0.3764,0.4121,0.4514,0.4902,0.5444,0.5895,0.6441,0.7049,0.7721,0.8432,0.7852,0.837,0.8889,0.9435,0.9928
Angola,Manure applied to Soils,Indirect emissions (N2O),kilotonnes,0.1133,0.1164,0.1269,0.1317,0.1414,0.1464,0.16,0.1751,0.1918,0.2083,0.2314,0.2505,0.2738,0.2996,0.3281,0.3584,0.3337,0.3557,0.3778,0.401,0.422
Angola,Manure applied to Soils,Emissions (N2O),kilotonnes,0.3798,0.3904,0.4255,0.4415,0.4742,0.491,0.5363,0.5873,0.6433,0.6985,0.7757,0.84,0.9179,1.0044,1.1002,1.2016,1.1189,1.1928,1.2666,1.3444,1.4148
Angola,Manure applied to Soils,Emissions (CO2eq) from N2O (AR5),kilotonnes,100.6551,103.4574,112.7597,117.0031,125.6534,130.1091,142.1277,155.6252,170.4642,185.1139,205.5649,222.5933,243.2459,266.1702,291.5643,318.4187,296.5135,316.0885,335.6575,356.2781,374.9228
Angola,Manure applied to Soils,Emissions (CO2eq) (AR5),kilotonnes,100.6551,103.4574,112.7597,117.0031,125.6534,130.1091,142.1277,155.6252,170.4642,185.1139,205.5649,222.5933,243.2459,266.1702,291.5643,318.4187,296.5135,316.0885,335.6575,356.2781,374.9228
Angola,Synthetic Fertilizers,Direct emissions (N2O),kilotonnes,0.022,,0.0433,0.0281,0.1129,0.0579,0.1044,0.0877,0.1284,0.1645,0.2729,0.2574,0.3052,0.3212,0.4339,0.4006,0.3265,0.4198,0.3448,0.2688,0.3753
Angola,Synthetic Fertilizers,Indirect emissions (N2O),kilotonnes,0.0071,,0.0141,0.0091,0.0367,0.0188,0.0339,0.0285,0.0417,0.0535,0.0887,0.0837,0.0992,0.1044,0.141,0.1302,0.1061,0.1364,0.1121,0.0874,0.122
Angola,Synthetic Fertilizers,Emissions (N2O),kilotonnes,0.0291,,0.0574,0.0372,0.1496,0.0767,0.1383,0.1163,0.1702,0.218,0.3616,0.3411,0.4044,0.4256,0.5749,0.5308,0.4326,0.5562,0.4569,0.3562,0.4972
Angola,Synthetic Fertilizers,Emissions (CO2eq) from N2O (AR5),kilotonnes,7.7247,,15.2122,9.8601,39.6556,20.3161,36.6429,30.8107,45.0905,57.7591,95.8366,90.3851,107.1704,112.779,152.357,140.6692,114.6396,147.4036,121.0715,94.3902,131.7681
Angola,Synthetic Fertilizers,Emissions (CO2eq) (AR5),kilotonnes,7.7247,,15.2122,9.8601,39.6556,20.3161,36.6429,30.8107,45.0905,57.7591,95.8366,90.3851,107.1704,112.779,152.357,140.6692,114.6396,147.4036,121.0715,94.3902,131.7681
Angola,Drained organic soils,Emissions (CO2eq) (AR5),kilotonnes,360.4346,358.4229,357.849,358.8257,357.9434,353.949,351.0749,351.0749,349.6436,347.7752,347.8837,346.6711,346.6711,347.5747,347.5402,346.6579,344.8934,345.9796,346.862,329.3489,329.8156
Angola,Drained organic soils (CO2),Emissions (CO2),kilotonnes,345.4496,343.539,342.9971,343.9351,343.0877,339.2544,336.4981,336.4981,335.1331,333.3506,333.4484,332.2895,332.2895,333.1566,333.1261,332.2788,330.5841,331.6273,332.4748,315.6785,316.1237
Angola,Drained organic soils (CO2),Emissions (CO2eq) (AR5),kilotonnes,345.4496,343.539,342.9971,343.9351,343.0877,339.2544,336.4981,336.4981,335.1331,333.3506,333.4484,332.2895,332.2895,333.1566,333.1261,332.2788,330.5841,331.6273,332.4748,315.6785,316.1237
Angola,Drained organic soils (N2O),Emissions (N2O),kilotonnes,0.0565,0.0562,0.056,0.0562,0.0561,0.0555,0.055,0.055,0.0548,0.0544,0.0545,0.0543,0.0543,0.0544,0.0544,0.0543,0.054,0.0542,0.0543,0.0516,0.0517
Angola,Drained organic soils (N2O),Emissions (CO2eq) from N2O (AR5),kilotonnes,14.985,14.8839,14.8519,14.8906,14.8557,14.6947,14.5768,14.5768,14.5105,14.4247,14.4354,14.3816,14.3816,14.4181,14.414,14.3791,14.3093,14.3523,14.3872,13.6704,13.6919
Angola,Drained organic soils (N2O),Emissions (CO2eq) (AR5),kilotonnes,14.985,14.8839,14.8519,14.8906,14.8557,14.6947,14.5768,14.5768,14.5105,14.4247,14.4354,14.3816,14.3816,14.4181,14.414,14.3791,14.3093,14.3523,14.3872,13.6704,13.6919
Angola,On-farm energy use,Emissions (CH4),kilotonnes,0.0096,0.0108,0.0126,0.0171,0.0203,0.0222,0.0258,0.0303,0.0388,0.0471,0.0535,0.059,0.0564,0.0553,0.0612,0.055,0.0566,0.0426,0.0453,0.0421,0.0421
Angola,On-farm energy use,Emissions (N2O),kilotonnes,0.0015,0.0015,0.0028,0.0053,0.003,0.003,0.0055,0.0058,0.0085,0.0099,0.0113,0.0127,0.0125,0.0162,0.014,0.0137,0.0128,0.0122,0.0099,0.0091,0.0091
Angola,On-farm energy use,Emissions (CO2),kilotonnes,41.5929,51.1476,58.5592,70.8961,64.4785,70.748,79.5775,111.803,136.7912,161.0186,164.8406,172.3792,163.4885,174.8946,178.4511,161.9565,218.0189,173.4847,186.8427,188.521,188.521
Angola,On-farm energy use,Emissions (CO2eq) from CH4 (AR5),kilotonnes,0.2678,0.3033,0.3522,0.4784,0.5694,0.6223,0.7223,0.849,1.0869,1.3195,1.4993,1.6511,1.5792,1.5485,1.7123,1.5406,1.5859,1.1939,1.2687,1.1799,1.1799
Angola,On-farm energy use,Emissions (CO2eq) from N2O (AR5),kilotonnes,0.3892,0.3999,0.7328,1.4113,0.7826,0.796,1.4696,1.5282,2.2435,2.6326,3.0044,3.3669,3.3044,4.2832,3.6997,3.6279,3.394,3.2331,2.6343,2.4212,2.4212
Angola,On-farm energy use,Emissions (CO2eq) (AR5),kilotonnes,42.2499,51.8507,59.6442,72.7858,65.8306,72.1663,81.7694,114.1802,140.1217,164.9707,169.3443,177.3973,168.3721,180.7262,183.8632,167.125,222.9988,177.9117,190.7457,192.1222,192.1222
Angola,Forestland,Emissions (CO2),kilotonnes,0,0,0,0,0,0,0,0,0,0,0,0,0,0,0,0,0,0,0,0,0
Angola,Forestland,Emissions (CO2eq) (AR5),kilotonnes,0,0,0,0,0,0,0,0,0,0,0,0,0,0,0,0,0,0,0,0,0
Angola,Net Forest conversion,Emissions (CO2),kilotonnes,9847.2211,35168.665,35168.665,35168.665,35168.665,35168.665,35168.665,35168.665,35168.665,35168.665,35168.665,35168.7283,35168.7283,35168.7283,35168.7283,35168.7283,35168.7283,35168.7283,35168.7283,35168.7283,35168.7283
Angola,Net Forest conversion,Emissions (CO2eq) (AR5),kilotonnes,9847.2211,35168.665,35168.665,35168.665,35168.665,35168.665,35168.665,35168.665,35168.665,35168.665,35168.665,35168.7283,35168.7283,35168.7283,35168.7283,35168.7283,35168.7283,35168.7283,35168.7283,35168.7283,35168.7283
Angola,Savanna fires,Emissions (CH4),kilotonnes,422.5287,433.543,475.6157,559.9456,561.732,543.7191,489.4183,527.4411,489.2232,485.1618,510.6031,526.8016,490.8632,501.4668,473.5205,493.8964,495.9721,506.3872,433.3222,505.0865,464.5023
Angola,Savanna fires,Emissions (N2O),kilotonnes,38.5787,39.5844,43.4258,51.1255,51.2886,49.6439,44.686,48.1577,44.6682,44.2974,46.6203,48.0993,44.8179,45.7861,43.2345,45.0949,45.2844,46.2354,39.5642,46.1166,42.4111
Angola,Savanna fires,Emissions (CO2eq) from CH4 (AR5),kilotonnes,11830.8026,12139.2028,13317.2405,15678.4781,15728.4949,15224.1351,13703.7125,14768.3506,13698.2485,13584.531,14296.8876,14750.4442,13744.1702,14041.069,13258.5735,13829.0979,13887.218,14178.8409,12133.0208,14142.4229,13006.0649
Angola,Savanna fires,Emissions (CO2eq) from N2O (AR5),kilotonnes,10223.3563,10489.8546,11507.8328,13548.2501,13591.4712,13155.6385,11841.7951,12761.7813,11837.0734,11738.8066,12354.3757,12746.3078,11876.7558,12133.3151,11457.1369,11950.1444,12000.3677,12252.3679,10484.5125,12220.898,11238.9365
Angola,Savanna fires,Emissions (CO2eq) (AR5),kilotonnes,22054.1589,22629.0575,24825.0733,29226.7282,29319.9661,28379.7735,25545.5076,27530.1319,25535.3219,25323.3376,26651.2633,27496.752,25620.926,26174.3841,24715.7104,25779.2423,25887.5857,26431.2088,22617.5333,26363.3209,24245.0015
Angola,Fires in organic soils,Emissions (CH4),kilotonnes,0,0,0,0,0,0,0,0,0,0,0,0,0,0,0,0,0,0,0,0,0
Angola,Fires in organic soils,Emissions (CO2),kilotonnes,0,0,0,0,0,0,0,0,0,0,0,0,0,0,0,0,0,0,0,0,0
Angola,Fires in organic soils,Emissions (CO2eq) from CH4 (AR5),kilotonnes,0,0,0,0,0,0,0,0,0,0,0,0,0,0,0,0,0,0,0,0,0
Angola,Fires in organic soils,Emissions (CO2eq) (AR5),kilotonnes,0,0,0,0,0,0,0,0,0,0,0,0,0,0,0,0,0,0,0,0,0
Angola,Forest fires,Emissions (CH4),kilotonnes,396.7457,199.2485,227.5709,250.1488,282.0177,299.4401,275.5021,277.7001,285.5355,317.8089,333.4272,290.8023,309.6985,277.9936,290.9143,313.6014,293.4733,355.7913,226.6192,302.6415,251.7417
Angola,Forest fires,Emissions (N2O),kilotonnes,11.669,18.1923,20.7782,22.8397,25.7494,27.3402,25.1545,25.3552,26.0706,29.0173,30.4434,26.5515,28.2768,25.382,26.5617,28.6332,26.7954,32.4853,20.6913,27.6325,22.9851
Angola,Forest fires,Emissions (CO2eq) from CH4 (AR5),kilotonnes,11108.8807,5578.9581,6371.9843,7004.1673,7896.4964,8384.3218,7714.0576,7775.602,7994.9938,8898.6492,9335.962,8142.4653,8671.5571,7783.8197,8145.6,8780.8403,8217.2515,9962.1576,6345.3376,8473.9609,7048.767
Angola,Forest fires,Emissions (CO2eq) from N2O (AR5),kilotonnes,3092.2829,4820.9475,5506.2256,6052.5141,6823.6028,7245.1476,6665.952,6719.1343,6908.7175,7689.5936,8067.4889,7036.1521,7493.3564,6726.2355,7038.8609,7587.7913,7100.7771,8608.6036,5483.1993,7322.6075,6091.0541
Angola,Forest fires,Emissions (CO2eq) (AR5),kilotonnes,14201.1636,10399.9055,11878.2099,13056.6814,14720.0992,15629.4694,14380.0096,14494.7364,14903.7113,16588.2428,17403.4509,15178.6174,16164.9135,14510.0552,15184.4608,16368.6316,15318.0287,18570.7612,11828.5369,15796.5685,13139.8211
Angola,Fires in humid tropical forests,Emissions (CH4),kilotonnes,392.2371,196.7031,221.5705,244.9835,275.6055,290.6344,268.6201,270.2153,279.9072,308.5721,329.3345,286.0905,304.273,271.1508,285.1747,305.282,288.1423,351.7064,222.9782,297.1116,244.0422
Angola,Fires in humid tropical forests,Emissions (N2O),kilotonnes,11.5364,17.9598,20.2303,22.3681,25.164,26.5362,24.5262,24.6718,25.5567,28.174,30.0697,26.1213,27.7815,24.7573,26.0377,27.8736,26.3086,32.1123,20.3589,27.1276,22.2821
Angola,Fires in humid tropical forests,Emissions (CO2eq) from CH4 (AR5),kilotonnes,10982.6382,5507.6865,6203.9726,6859.5392,7716.9539,8137.7623,7521.3622,7566.0273,7837.4017,8640.0183,9221.3672,8010.5347,8519.6453,7592.2238,7984.8917,8547.8952,8067.9848,9847.7798,6243.39,8319.1241,6833.1826
Angola,Fires in humid tropical forests,Emissions (CO2eq) from N2O (AR5),kilotonnes,3057.1418,4759.3596,5361.0415,5927.5366,6668.4547,7032.088,6499.438,6538.0345,6772.5373,7466.1027,7968.4641,6922.1468,7362.0848,6560.6716,6899.9879,7386.4964,6971.7912,8509.7663,5395.1034,7188.8083,5904.761
Angola,Fires in humid tropical forests,Emissions (CO2eq) (AR5),kilotonnes,14039.7799,10267.0461,11565.0141,12787.0759,14385.4086,15169.8503,14020.8001,14104.0618,14609.939,16106.121,17189.8313,14932.6814,15881.7301,14152.8954,14884.8796,15934.3915,15039.776,18357.5461,11638.4934,15507.9324,12737.9436
Angola,Waste - agri-food systems,Emissions (CH4),kilotonnes,62.0911,63.4144,64.931,66.4232,68.4587,69.9475,70.7747,71.5924,73.3488,75.1062,76.7785,78.5139,80.2743,82.0253,83.3282,84.21,85.5113,86.8764,88.2574,89.5319,90.7716
Angola,Waste - agri-food systems,Emissions (N2O),kilotonnes,0.2804,0.2934,0.3207,0.335,0.3536,0.3723,0.3608,0.3559,0.3947,0.4121,0.4441,0.4816,0.496,0.5292,0.5594,0.5428,0.5312,0.5657,0.5834,0.6009,0.6188
Angola,Waste - agri-food systems,Emissions (CO2),kilotonnes,0,0,0,0,0,0,0,0,0,0,0,0,0,0,0,0,0,0,0,0,0
Angola,Waste - agri-food systems,Emissions (CO2eq) from CH4 (AR5),kilotonnes,1738.5511,1775.6038,1818.0672,1859.8508,1916.8424,1958.5289,1981.692,2004.5859,2053.7673,2102.9729,2149.7969,2198.3901,2247.6797,2296.7074,2333.1889,2357.8789,2394.3157,2432.5381,2471.2065,2506.8918,2541.6047
Angola,Waste - agri-food systems,Emissions (CO2eq) from N2O (AR5),kilotonnes,74.319,77.7619,84.9894,88.7766,93.6979,98.6501,95.6184,94.3035,104.5936,109.2167,117.6852,127.6262,131.4281,140.2494,148.237,143.8506,140.7806,149.9016,154.613,159.2416,163.9943
Angola,Waste - agri-food systems,Emissions (CO2eq) (AR5),kilotonnes,1812.8701,1853.3657,1903.0566,1948.6274,2010.5403,2057.179,2077.3105,2098.8894,2158.3609,2212.1896,2267.4821,2326.0163,2379.1078,2436.9567,2481.4259,2501.7295,2535.0963,2582.4397,2625.8194,2666.1334,2705.599
Angola,On-farm electricity use,Emissions (CH4),kilotonnes,0,0,0,0,0,0,0,0,0,0,0,0,0,0,0,0,0,0,0,0,0
Angola,On-farm electricity use,Emissions (N2O),kilotonnes,0,0,0,0,0,0,0,0,0,0,0,0,0,0,0,0,0,0,0,0,0
Angola,On-farm electricity use,Emissions (CO2),kilotonnes,0,0,0,0,0,0,0,0,0,0,0,0,0,0,0,0,0,0,0,0,0
Angola,On-farm electricity use,Emissions (CO2eq) from CH4 (AR5),kilotonnes,0,0,0,0,0,0,0,0,0,0,0,0,0,0,0,0,0,0,0,0,0
Angola,On-farm electricity use,Emissions (CO2eq) from N2O (AR5),kilotonnes,0,0,0,0,0,0,0,0,0,0,0,0,0,0,0,0,0,0,0,0,0
Angola,On-farm electricity use,Emissions (CO2eq) (AR5),kilotonnes,0,0,0,0,0,0,0,0,0,0,0,0,0,0,0,0,0,0,0,0,0
Angola,Food Processing,Emissions (CH4),kilotonnes,0.1974,0.1939,0.208,0.1901,0.2115,0.2351,0.4664,0.4807,0.44,0.4843,0.6222,0.6459,0.4617,0.4746,0.4522,0.4093,0.3929,0.3911,0.4315,0.4385,0.4385
Angola,Food Processing,Emissions (N2O),kilotonnes,0.0019,0.0019,0.0017,0.0015,0.0014,0.0012,0.001,0.0009,0.0009,0.001,0.0012,0.0014,0.0016,0.0014,0.0016,0.0015,0.0014,0.0012,0.0012,0.0012,0.0012
Angola,Food Processing,Emissions (CO2),kilotonnes,5.6911,5.5447,6.0497,6.2294,6.0411,6.295,28.5144,46.3054,45.6484,62.1791,74.9951,89.4274,185.0679,163.218,243.6317,179.7464,153.181,135.6071,113.6441,129.8034,123.5536
Angola,Food Processing,Emissions (CO2eq) from CH4 (AR5),kilotonnes,5.5272,5.4292,5.824,5.3228,5.922,6.5828,13.0592,13.4596,12.32,13.5604,17.4216,18.0852,12.9276,13.2888,12.6616,11.4604,11.0012,10.9508,12.082,12.278,12.278
Angola,Food Processing,Emissions (CO2eq) from N2O (AR5),kilotonnes,0.5035,0.5035,0.4505,0.3975,0.371,0.318,0.265,0.2385,0.2385,0.265,0.318,0.371,0.424,0.371,0.424,0.3975,0.371,0.318,0.318,0.318,0.3234
Angola,Food Processing,Emissions (CO2eq) (AR5),kilotonnes,11.7218,11.4774,12.3242,11.9497,12.3341,13.1958,41.8386,60.0035,58.2069,76.0045,92.7347,107.8836,198.4195,176.8778,256.7173,191.6043,164.5532,146.8759,126.0441,142.3994,136.155
Angola,Food Packaging,Emissions (CH4),kilotonnes,0.4775,0.7138,0.7155,2.0191,2.7353,2.877,2.5871,2.6678,2.9747,2.9747,4.7046,4.5705,4.3629,4.7879,5.4133,6.0582,6.6952,6.5017,6.5964,6.4164,6.4164
Angola,Food Packaging,Emissions (N2O),kilotonnes,0.0003,0.0003,0.0003,0.0007,0.001,0.0009,0.0009,0.001,0.001,0.0011,0.0014,0.0018,0.0018,0.0017,0.0022,0.0023,0.0027,0.0025,0.0025,0.0024,0.0024
Angola,Food Packaging,Emissions (CO2),kilotonnes,39.5218,46.1157,48.2737,97.3055,109.1023,108.3911,125.6854,133.7372,149.4026,161.1741,194.3778,165.1342,156.1987,121.5202,332.0621,237.9039,212.5584,220.0173,192.4732,238.1376,226.6717
Angola,Food Packaging,Emissions (CO2eq) from CH4 (AR5),kilotonnes,13.37,19.9864,20.034,56.5348,76.5884,80.556,72.4388,74.6984,83.2916,83.2916,131.7288,127.974,122.1612,134.0612,151.5724,169.6296,187.4656,182.0476,184.6992,179.6592,179.6592
Angola,Food Packaging,Emissions (CO2eq) from N2O (AR5),kilotonnes,0.0795,0.0795,0.0795,0.1855,0.265,0.2385,0.2385,0.265,0.265,0.2915,0.371,0.477,0.477,0.4505,0.583,0.6095,0.7155,0.6625,0.6625,0.636,0.6468
Angola,Food Packaging,Emissions (CO2eq) (AR5),kilotonnes,52.9713,66.1816,68.3872,154.0258,185.9557,189.1856,198.3627,208.7006,232.9592,244.7572,326.4776,293.5852,278.8369,256.0319,484.2175,408.143,400.7395,402.7274,377.8349,418.4328,406.9777
Angola,Food Retail,Emissions (CH4),kilotonnes,0.0001,0.0001,0.0001,0.0001,0.0001,0.0001,0.0001,0.0061,0.0106,0.0126,0.014,0.0151,0.0158,0.02,0.0171,0.0172,0.0154,0.0144,0.0114,0.0184,0.0184
Angola,Food Retail,Emissions (N2O),kilotonnes,0,0,0,0,0,0,0,0.0012,0.0021,0.0025,0.0028,0.003,0.0031,0.004,0.0034,0.0034,0.0031,0.0029,0.0023,0.0037,0.0038
Angola,Food Retail,Emissions (CO2),kilotonnes,2.8457,2.7942,2.8114,3.1028,2.7771,2.6057,2.8971,151.0524,263.1013,311.963,344.3761,373.5342,391.2081,495.1658,423.3122,427.6189,382.3732,358.5519,283.9575,457.1134,435.1042
Angola,Food Retail,Emissions (CO2eq) from F-gases (AR5),kilotonnes,1.5585,3.6365,5.7145,9.8705,18.1825,18.1825,21.2995,24.936,24.936,24.936,25.4555,25.4555,25.4555,25.4555,25.4555,25.4555,27.5335,28.5725,29.092,29.6115,31.0451
Angola,Food Retail,Emissions (CO2eq) from CH4 (AR5),kilotonnes,0.0029,0.0028,0.0027,0.0026,0.0027,0.0027,0.0025,0.1708,0.2968,0.3528,0.392,0.4228,0.4424,0.56,0.4788,0.4816,0.4312,0.4032,0.3192,0.5152,0.5152
Angola,Food Retail,Emissions (CO2eq) from N2O (AR5),kilotonnes,0,0,0,0,0,0,0,0.318,0.5565,0.6625,0.742,0.795,0.8215,1.06,0.901,0.901,0.8215,0.7685,0.6095,0.9805,0.9971
Angola,Food Retail,Emissions (CO2eq) (AR5),kilotonnes,4.4071,6.4335,8.5286,12.9759,20.9623,20.7909,24.1991,176.4772,288.8906,337.9143,370.9656,400.2075,417.9275,522.2413,450.1475,454.457,411.1594,388.2961,313.9782,488.2206,467.6617
Angola,Food Household Consumption,Emissions (CH4),kilotonnes,0.3824,0.4356,0.4704,0.5342,0.5919,0.6905,0.9005,0.8643,1.1645,1.3287,1.4991,1.5619,1.7197,2.2694,2.5913,2.6698,2.8211,2.9209,3.1773,3.1838,3.1838
Angola,Food Household Consumption,Emissions (N2O),kilotonnes,0.0029,0.0033,0.0037,0.0042,0.0044,0.0048,0.0061,0.0054,0.0078,0.0091,0.0106,0.0108,0.0124,0.0156,0.0167,0.0171,0.0176,0.018,0.0188,0.0189,0.0192
Angola,Food Household Consumption,Emissions (CO2),kilotonnes,122.4674,155.0127,182.5796,214.589,179.5936,174.3615,282.3313,340.0336,477.143,578.8854,607.1402,654.1842,796.7329,935.7896,840.5078,877.7183,831.3651,912.1148,818.7676,900.7534,857.3838
Angola,Food Household Consumption,Emissions (CO2eq) from CH4 (AR5),kilotonnes,10.7072,12.1968,13.1712,14.9576,16.5732,19.334,25.214,24.2004,32.606,37.2036,41.9748,43.7332,48.1516,63.5432,72.5564,74.7544,78.9908,81.7852,88.9644,89.1464,89.1464
Angola,Food Household Consumption,Emissions (CO2eq) from N2O (AR5),kilotonnes,0.7685,0.8745,0.9805,1.113,1.166,1.272,1.6165,1.431,2.067,2.4115,2.809,2.862,3.286,4.134,4.4255,4.5315,4.664,4.77,4.982,5.0085,5.0934
Angola,Food Household Consumption,Emissions (CO2eq) (AR5),kilotonnes,133.9431,168.084,196.7313,230.6596,197.3328,194.9675,309.1618,365.665,511.816,618.5005,651.924,700.7794,848.1705,1003.4668,917.4897,957.0042,915.0199,998.67,912.714,994.9083,951.6236
Angola,Food Transport,Emissions (CH4),kilotonnes,0.0211,0.0237,0.0282,0.0264,0.0645,0.0454,0.0529,0.0722,0.0973,0.118,0.1389,0.1566,0.1566,0.1556,0.1699,0.1599,0.1423,0.1147,0.1136,0.1584,0.1584
Angola,Food Transport,Emissions (N2O),kilotonnes,0.0021,0.0024,0.0028,0.0032,0.0069,0.0049,0.0055,0.0068,0.0091,0.0111,0.013,0.0145,0.0144,0.0145,0.0157,0.0148,0.0131,0.0105,0.0105,0.0149,0.0152
Angola,Food Transport,Emissions (CO2),kilotonnes,117.7,132,162.8,185.19,264.572,192.749,291.552,357.56,469.075,559.838,636.122,709.3,720.984,825.541,852.996,860.994,856.014,723.954,719.528,839.7648,799.3317
Angola,Food Transport,Emissions (CO2eq) from CH4 (AR5),kilotonnes,0.5908,0.6636,0.7896,0.7392,1.806,1.2712,1.4812,2.0216,2.7244,3.304,3.8892,4.3848,4.3848,4.3568,4.7572,4.4772,3.9844,3.2116,3.1808,4.4352,4.4352
Angola,Food Transport,Emissions (CO2eq) from N2O (AR5),kilotonnes,0.5565,0.636,0.742,0.848,1.8285,1.2985,1.4575,1.802,2.4115,2.9415,3.445,3.8425,3.816,3.8425,4.1605,3.922,3.4715,2.7825,2.7825,3.9485,4.0154
Angola,Food Transport,Emissions (CO2eq) (AR5),kilotonnes,118.8473,133.2996,164.3316,186.7772,268.2065,195.3187,294.4907,361.3836,474.2109,566.0835,643.4562,717.5273,729.1848,833.7403,861.9137,869.3932,863.4699,729.9481,725.4913,848.1485,807.7823
Angola,Energy,Emissions (CH4),kilotonnes,1450,1370,1340,1310,1350,1360,1220,1160,1220,1180,1340,1240,1280,1290,1250,1320,1290,1250,1260,1270,1270
Angola,Energy,Emissions (N2O),kilotonnes,0.828,0.83,0.834,0.874,0.907,0.876,0.884,0.903,0.954,0.984,1.04,1.07,1.05,1.09,1.13,1.15,1.15,1.1,1.07,1.18,1.2
Angola,Energy,Emissions (CO2),kilotonnes,16600,16300,16400,18100,16200,15200,16900,17400,18500,20300,22800,23900,25300,24700,35900,27000,28500,29400,25600,27000,25700
Angola,Energy,Emissions (CO2eq) from CH4 (AR5),kilotonnes,40600,38360,37520,36680,37800,38080,34160,32480,34160,33040,37520,34720,35840,36120,35000,36960,36120,35000,35280,35560,35560
Angola,Energy,Emissions (CO2eq) from N2O (AR5),kilotonnes,219.42,219.95,221.01,231.61,240.355,232.14,234.26,239.295,252.81,260.76,275.6,283.55,278.25,288.85,299.45,304.75,304.75,291.5,283.55,312.7,318
Angola,Energy,Emissions (CO2eq) (AR5),kilotonnes,57419.42,54879.95,54141.01,55011.61,54240.355,53512.14,51294.26,50119.295,52912.81,53600.76,60595.6,58903.55,61418.25,61108.85,71199.45,64264.75,64924.75,64691.5,61163.55,62872.7,61578
Angola,IPPU,Emissions (N2O),kilotonnes,0.331,0.342,0.354,0.367,0.38,0.394,0.408,0.423,0.439,0.454,0.471,0.488,0.506,0.524,0.543,0.562,0.581,0.6,0.62,0.631,0.648
Angola,IPPU,Emissions (CO2),kilotonnes,125,266,285,327,348,571,590,595,739,747,633,820,1210,1620,2040,2090,1560,1060,1110,1190,1190
Angola,IPPU,Emissions (CO2eq) from F-gases (AR5),kilotonnes,0.724,1.9532,4.402,6.8703,11.5639,21.573,21.7673,25.6543,29.6385,32.2623,34.9832,35.5662,38.3843,41.2024,44.0205,46.8386,49.7538,52.5719,55.39,58.2081,61.0262
Angola,IPPU,Emissions (CO2eq) from N2O (AR5),kilotonnes,87.715,90.63,93.81,97.255,100.7,104.41,108.12,112.095,116.335,120.31,124.815,129.32,134.09,138.86,143.895,148.93,153.965,159,164.3,167.215,171.72
Angola,IPPU,Emissions (CO2eq) (AR5),kilotonnes,213.439,358.5832,383.212,431.1253,460.2639,696.983,719.8873,732.7493,884.9735,899.5723,792.7982,984.8862,1382.4743,1800.0624,2227.9155,2285.7686,1763.7188,1271.5719,1329.69,1415.4231,1422.7462
Angola,Waste,Emissions (CH4),kilotonnes,96.4,100,105,109,257,257,126,132,140,146,152,159,166,173,181,187,194,201,207,181,181
Angola,Waste,Emissions (N2O),kilotonnes,0.419,0.433,0.448,0.479,0.504,0.531,0.559,0.602,0.655,0.707,0.763,0.816,0.866,0.919,0.963,0.995,0.998,1.01,1.04,1.13,1.18
Angola,Waste,Emissions (CO2eq) from CH4 (AR5),kilotonnes,2699.2,2800,2940,3052,7196,7196,3528,3696,3920,4088,4256,4452,4648,4844,5068,5236,5432,5628,5796,5068,5068
Angola,Waste,Emissions (CO2eq) from N2O (AR5),kilotonnes,111.035,114.745,118.72,126.935,133.56,140.715,148.135,159.53,173.575,187.355,202.195,216.24,229.49,243.535,255.195,263.675,264.47,267.65,275.6,299.45,312.7
Angola,Waste,Emissions (CO2eq) (AR5),kilotonnes,2810.235,2914.745,3058.72,3178.935,7329.56,7336.715,3676.135,3855.53,4093.575,4275.355,4458.195,4668.24,4877.49,5087.535,5323.195,5499.675,5696.47,5895.65,6071.6,5367.45,5380.7
Angola,Other,Emissions (N2O),kilotonnes,0.617,0.636,0.659,0.722,0.73,0.69,0.748,0.796,0.877,0.962,1.02,1.06,1.12,1.25,1.37,1.42,1.44,1.31,1.31,1.53,1.58
Angola,Other,Emissions (CO2eq) from N2O (AR5),kilotonnes,163.505,168.54,174.635,191.33,193.45,182.85,198.22,210.94,232.405,254.93,270.3,280.9,296.8,331.25,363.05,376.3,381.6,347.15,347.15,405.45,418.7
Angola,Other,Emissions (CO2eq) (AR5),kilotonnes,163.505,168.54,174.635,191.33,193.45,182.85,198.22,210.94,232.405,254.93,270.3,280.9,296.8,331.25,363.05,376.3,381.6,347.15,347.15,405.45,418.7
Angola,Farm-gate emissions,Emissions (CH4),kilotonnes,575.7469,587.2169,628.1546,712.2739,713.2877,708.9397,657.236,699.8163,666.8121,669.3599,700.2076,720.9913,686.9762,705.5074,682.47,708.6161,710.3641,720.9236,649.2603,721.5227,682.0486
Angola,Farm-gate emissions,Direct emissions (N2O),kilotonnes,6.1256,6.1768,6.2265,6.1826,6.2482,6.7405,6.9186,7.1389,7.3268,7.6853,8.0693,8.3132,8.3578,8.8943,9.3021,9.5812,9.6148,9.7907,9.893,9.9526,10.1517
Angola,Farm-gate emissions,Indirect emissions (N2O),kilotonnes,1.4837,1.5154,1.5527,1.5605,1.5984,1.7166,1.7714,1.8302,1.8883,1.9847,2.0964,2.1631,2.193,2.3315,2.4522,2.5296,2.5126,2.5759,2.6071,2.6292,2.6992
Angola,Farm-gate emissions,Emissions (N2O),kilotonnes,46.7176,47.8269,51.8088,59.4966,59.821,58.8016,54.1401,57.9632,54.7731,54.9802,57.8943,59.791,56.6062,58.4383,56.5351,58.8766,59.0094,60.3255,53.8828,60.6101,57.229
Angola,Farm-gate emissions,Emissions (CO2),kilotonnes,387.0425,394.6865,401.5563,414.8312,407.5663,410.0023,416.0756,448.3011,471.9244,494.3692,498.289,504.6687,495.778,508.0511,511.5772,494.2353,548.603,505.112,519.3175,504.1995,504.6447
Angola,Farm-gate emissions,Emissions (CO2eq) from CH4 (AR5),kilotonnes,16120.9123,16442.0726,17588.3278,19943.6691,19972.0555,19850.3117,18402.6082,19594.8572,18670.74,18742.0761,19605.812,20187.7551,19235.3348,19754.2072,19109.1603,19841.2497,19890.194,20185.8597,18179.2877,20202.6365,19097.3601
Angola,Farm-gate emissions,Emissions (CO2eq) from N2O (AR5),kilotonnes,12380.1685,12674.1236,13729.3311,15766.5917,15852.5716,15582.4225,14347.1274,15360.2594,14514.8814,14569.7506,15341.9895,15844.6252,15000.6323,15486.1386,14981.8067,15602.2923,15637.4801,15986.2679,14278.9516,16061.6846,15165.6726
Angola,Farm-gate emissions,Emissions (CO2eq) (AR5),kilotonnes,28888.1233,29510.8827,31719.2152,36125.092,36232.1934,35842.7366,33165.8112,35403.4177,33657.5458,33806.1959,35446.0905,36537.049,34731.7451,35748.3969,34602.5442,35937.7774,36076.2771,36677.2396,32977.5568,36768.5205,34767.6774
Angola,Land Use change,Emissions (CH4),kilotonnes,392.2371,196.7031,221.5705,244.9835,275.6055,290.6344,268.6201,270.2153,279.9072,308.5721,329.3345,286.0905,304.273,271.1508,285.1747,305.282,288.1423,351.7064,222.9782,297.1116,244.0422
Angola,Land Use change,Emissions (N2O),kilotonnes,11.5364,17.9598,20.2303,22.3681,25.164,26.5362,24.5262,24.6718,25.5567,28.174,30.0697,26.1213,27.7815,24.7573,26.0377,27.8736,26.3086,32.1123,20.3589,27.1276,22.2821
Angola,Land Use change,Emissions (CO2),kilotonnes,9847.2211,35168.665,35168.665,35168.665,35168.665,35168.665,35168.665,35168.665,35168.665,35168.665,35168.665,35168.7283,35168.7283,35168.7283,35168.7283,35168.7283,35168.7283,35168.7283,35168.7283,35168.7283,35168.7283
Angola,Land Use change,Emissions (CO2eq) from CH4 (AR5),kilotonnes,10982.6382,5507.6865,6203.9726,6859.5392,7716.9539,8137.7623,7521.3622,7566.0273,7837.4017,8640.0183,9221.3672,8010.5347,8519.6453,7592.2238,7984.8917,8547.8952,8067.9848,9847.7798,6243.39,8319.1241,6833.1826
Angola,Land Use change,Emissions (CO2eq) from N2O (AR5),kilotonnes,3057.1418,4759.3596,5361.0415,5927.5366,6668.4547,7032.088,6499.438,6538.0345,6772.5373,7466.1027,7968.4641,6922.1468,7362.0848,6560.6716,6899.9879,7386.4964,6971.7912,8509.7663,5395.1034,7188.8083,5904.761
Angola,Land Use change,Emissions (CO2eq) (AR5),kilotonnes,23887.001,45435.7111,46733.6791,47955.7408,49554.0736,50338.5152,49189.4651,49272.7268,49778.604,51274.786,52358.4962,50101.4098,51050.4584,49321.6238,50053.6079,51103.1199,50208.5043,53526.2744,46807.2217,50676.6607,47906.6719
Angola,Emissions on agricultural land,Emissions (CH4),kilotonnes,967.9839,783.92,849.725,957.2574,988.8932,999.5741,925.8561,970.0316,946.7193,977.9319,1029.5421,1007.0818,991.2493,976.6582,967.6447,1013.898,998.5064,1072.63,872.2385,1018.6343,926.0908
Angola,Emissions on agricultural land,Emissions (N2O),kilotonnes,58.254,65.7867,72.0391,81.8646,84.985,85.3378,78.6663,82.6351,80.3299,83.1542,87.964,85.9123,84.3876,83.1955,82.5728,86.7501,85.318,92.4379,74.2417,87.7377,79.5111
Angola,Emissions on agricultural land,Emissions (CO2),kilotonnes,10234.2636,35563.3515,35570.2213,35583.4962,35576.2312,35578.6673,35584.7406,35616.9661,35640.5893,35663.0342,35666.954,35673.3971,35664.5063,35676.7794,35680.3055,35662.9636,35717.3314,35673.8403,35688.0458,35672.9278,35673.373
Angola,Emissions on agricultural land,Emissions (CO2eq) from CH4 (AR5),kilotonnes,27103.5505,21949.7591,23792.3005,26803.2083,27689.0095,27988.074,25923.9703,27160.8845,26508.1417,27382.0944,28827.1793,28198.2897,27754.9801,27346.431,27094.052,28389.1449,27958.1788,30033.6396,24422.6778,28521.7606,25930.5427
Angola,Emissions on agricultural land,Emissions (CO2eq) from N2O (AR5),kilotonnes,15437.3102,17433.4831,19090.3726,21694.1283,22521.0263,22614.5106,20846.5653,21898.2938,21287.4188,22035.8534,23310.4535,22766.772,22362.7171,22046.8102,21881.7946,22988.7887,22609.2713,24496.0341,19674.055,23250.4929,21070.4336
Angola,Emissions on agricultural land,Emissions (CO2eq) (AR5),kilotonnes,52775.1243,74946.5937,78452.8943,84080.8328,85786.267,86181.2518,82355.2763,84676.1444,83436.1498,85080.9819,87804.5868,86638.4588,85782.2035,85070.0206,84656.1522,87040.8972,86284.7814,90203.514,79784.7785,87445.1812,82674.3493
Angola,Pre- and post- production,Emissions (CH4),kilotonnes,63.1696,64.7815,66.3532,69.1931,72.062,73.7956,74.7817,75.6835,78.0359,80.0245,83.7573,85.4639,86.991,89.7328,91.972,93.5244,95.5782,96.8192,98.5876,99.7474,100.9871
Angola,Pre- and post- production,Emissions (N2O),kilotonnes,0.2876,0.3013,0.3292,0.3446,0.3673,0.3841,0.3743,0.3712,0.4156,0.4369,0.4731,0.5131,0.5293,0.5664,0.599,0.5819,0.5691,0.6008,0.6187,0.642,0.6606
Angola,Pre- and post- production,Emissions (CO2),kilotonnes,288.226,341.4673,402.5144,506.4167,562.0861,484.4023,730.9802,1028.6886,1404.3703,1674.0396,1857.0112,1991.58,2250.1916,2541.2346,2692.5098,2583.9815,2435.4917,2350.2451,2128.3704,2565.5726,2442.045
Angola,Pre- and post- production,Emissions (CO2eq) from F-gases (AR5),kilotonnes,1.5585,3.6365,5.7145,9.8705,18.1825,18.1825,21.2995,24.936,24.936,24.936,25.4555,25.4555,25.4555,25.4555,25.4555,25.4555,27.5335,28.5725,29.092,29.6115,31.0451
Angola,Pre- and post- production,Emissions (CO2eq) from CH4 (AR5),kilotonnes,1768.7492,1813.8825,1857.8887,1937.4078,2017.7347,2066.2757,2093.8877,2119.1367,2185.0061,2240.6853,2345.2033,2392.9901,2435.7473,2512.5174,2575.2153,2618.6821,2676.1889,2710.9365,2760.4521,2792.9258,2827.6387
Angola,Pre- and post- production,Emissions (CO2eq) from N2O (AR5),kilotonnes,76.227,79.8554,87.2419,91.3206,97.3284,101.7771,99.1959,98.358,110.1321,115.7887,125.3702,135.9737,140.2526,150.1074,158.731,154.2121,150.8241,159.2031,163.9675,170.1331,175.0704
Angola,Pre- and post- production,Emissions (CO2eq) (AR5),kilotonnes,2134.7607,2238.8418,2353.3595,2545.0156,2695.3317,2670.6375,2945.3633,3271.1193,3724.4445,4055.4496,4353.0402,4545.9993,4851.647,5229.3148,5451.9116,5382.3312,5290.0382,5248.9572,5081.8819,5558.243,5475.7992
Angola,Agri-food systems,Emissions (CH4),kilotonnes,1031.1536,848.7015,916.0782,1026.4506,1060.9551,1073.3696,1000.6378,1045.715,1024.7553,1057.9564,1113.2994,1092.5457,1078.2403,1066.391,1059.6167,1107.4224,1094.0846,1169.4491,970.8261,1118.3817,1027.0779
Angola,Agri-food systems,Emissions (N2O),kilotonnes,58.5417,66.0881,72.3684,82.2092,85.3523,85.7218,79.0406,83.0062,80.7455,83.5911,88.4371,86.4255,84.9169,83.762,83.1718,87.3321,85.8872,93.0386,74.8605,88.3797,80.1717
Angola,Agri-food systems,Emissions (CO2),kilotonnes,10522.4896,35904.8188,35972.7357,36089.9129,36138.3173,36063.0696,36315.7208,36645.6547,37044.9596,37337.0738,37523.9652,37664.9771,37914.6979,38218.014,38372.8153,38246.9451,38152.8231,38024.0854,37816.4162,38238.5004,38115.4181
Angola,Agri-food systems,Emissions (CO2eq) from F-gases (AR5),kilotonnes,1.5585,3.6365,5.7145,9.8705,18.1825,18.1825,21.2995,24.936,24.936,24.936,25.4555,25.4555,25.4555,25.4555,25.4555,25.4555,27.5335,28.5725,29.092,29.6115,31.0451
Angola,Agri-food systems,Emissions (CO2eq) from CH4 (AR5),kilotonnes,28872.2997,23763.6417,25650.1891,28740.6161,29706.7441,30054.3497,28017.858,29280.0212,28693.1478,29622.7797,31172.3826,30591.2798,30190.7274,29858.9483,29669.2674,31007.827,30634.3677,32744.5761,27183.1298,31314.6864,28758.1813
Angola,Agri-food systems,Emissions (CO2eq) from N2O (AR5),kilotonnes,15513.5373,17513.3386,19177.6145,21785.4489,22618.3547,22716.2876,20945.7613,21996.6518,21397.5509,22151.6421,23435.8237,22902.7457,22502.9697,22196.9176,22040.5256,23143.0008,22760.0954,24655.2372,19838.0225,23420.6259,21245.504
Angola,Agri-food systems,Emissions (CO2eq) (AR5),kilotonnes,54909.885,77185.4355,80806.2538,86625.8484,88481.5987,88851.8894,85300.6396,87947.2637,87160.5943,89136.4316,92157.6269,91184.4581,90633.8505,90299.3355,90108.0638,92423.2284,91574.8196,95452.4712,84866.6605,93003.4243,88150.1485
Angola,IPCC Agriculture,Emissions (CH4),kilotonnes,575.7373,587.206,628.142,712.2568,713.2674,708.9175,657.2102,699.786,666.7733,669.3127,700.154,720.9323,686.9198,705.4521,682.4089,708.561,710.3074,720.8809,649.215,721.4806,682.0064
Angola,IPCC Agriculture,Emissions (CH4),kilotonnes,424.35,,,,,425.2,,,,,,,,,,,,,,,
Angola,IPCC Agriculture,Direct emissions (N2O),kilotonnes,6.1256,6.1768,6.2265,6.1826,6.2482,6.7405,6.9186,7.1389,7.3268,7.6853,8.0693,8.3132,8.3578,8.8943,9.3021,9.5812,9.6148,9.7907,9.893,9.9526,10.1517
Angola,IPCC Agriculture,Indirect emissions (N2O),kilotonnes,1.4837,1.5154,1.5527,1.5605,1.5984,1.7166,1.7714,1.8302,1.8883,1.9847,2.0964,2.1631,2.193,2.3315,2.4522,2.5296,2.5126,2.5759,2.6071,2.6292,2.6992
Angola,IPCC Agriculture,Emissions (N2O),kilotonnes,46.7161,47.8254,51.806,59.4912,59.8181,58.7986,54.1346,57.9575,54.7647,54.9703,57.883,59.7783,56.5937,58.4221,56.5212,58.8629,58.9966,60.3133,53.8729,60.601,57.2198
Angola,IPCC Agriculture,Emissions (N2O),kilotonnes,44.45,,,,,44.02,,,,,,,,,,,,,,,
Angola,IPCC Agriculture,Emissions (CO2eq) from CH4 (AR5),kilotonnes,16120.6445,16441.7693,17587.9756,19943.1907,19971.4861,19849.6894,18401.8859,19594.0082,18669.6531,18740.7566,19604.3127,20186.1039,19233.7556,19752.6587,19107.448,19839.7092,19888.6081,20184.6658,18178.019,20201.4566,19096.1802
Angola,IPCC Agriculture,Emissions (CO2eq) from CH4 (AR5),kilotonnes,11881.8,,,,,11905.6,,,,,,,,,,,,,,,
Angola,IPCC Agriculture,Emissions (CO2eq) from N2O (AR5),kilotonnes,12379.7792,12673.7237,13728.5983,15765.1804,15851.7889,15581.6265,14345.6578,15358.7312,14512.6379,14567.118,15338.9851,15841.2583,14997.3278,15481.8554,14978.1069,15598.6644,15634.0861,15983.0348,14276.3173,16059.2633,15163.2513
Angola,IPCC Agriculture,Emissions (CO2eq) from N2O (AR5),kilotonnes,11779.25,,,,,11665.3,,,,,,,,,,,,,,,
Angola,IPCC Agriculture,Emissions (CO2eq) (AR5),kilotonnes,28500.4238,29115.493,31316.5739,35708.3711,35823.275,35431.3159,32747.5436,34952.7394,33182.291,33307.8746,34943.2978,36027.3622,34231.0834,35234.5141,34085.5549,35438.3736,35522.6942,36167.7006,32454.3364,36260.7199,34259.4315
Angola,IPCC Agriculture,Emissions (CO2eq) (AR5),kilotonnes,23661.05,,,,,23570.9,,,,,,,,,,,,,,,
Angola,Agricultural Soils,Direct emissions (N2O),kilotonnes,6.1256,6.1768,6.2265,6.1826,6.2482,6.7405,6.9186,7.1389,7.3268,7.6853,8.0693,8.3132,8.3578,8.8943,9.3021,9.5812,9.6148,9.7907,9.893,9.9526,10.1517
Angola,Agricultural Soils,Indirect emissions (N2O),kilotonnes,1.4837,1.5154,1.5527,1.5605,1.5984,1.7166,1.7714,1.8302,1.8883,1.9847,2.0964,2.1631,2.193,2.3315,2.4522,2.5296,2.5126,2.5759,2.6071,2.6292,2.6992
Angola,Agricultural Soils,Emissions (N2O),kilotonnes,7.6659,7.7483,7.8353,7.7993,7.9027,8.5125,8.7451,9.0242,9.2699,9.7245,10.2202,10.5305,10.6051,11.2803,11.8086,12.1651,12.1814,12.4208,12.5544,12.6334,12.9026
Angola,Agricultural Soils,Emissions (CO2eq) from N2O (AR5),kilotonnes,2031.4551,2053.3063,2076.3418,2066.8274,2094.2055,2255.818,2317.4443,2391.4058,2456.5279,2576.9862,2708.3601,2790.5948,2810.347,2989.2749,3129.2914,3223.756,3228.0687,3291.5042,3326.9044,3347.8393,3419.1777
Angola,Agricultural Soils,Emissions (CO2eq) (AR5),kilotonnes,2031.4551,2053.3063,2076.3418,2066.8274,2094.2055,2255.818,2317.4443,2391.4058,2456.5279,2576.9862,2708.3601,2790.5948,2810.347,2989.2749,3129.2914,3223.756,3228.0687,3291.5042,3326.9044,3347.8393,3419.1777
Angola,LULUCF,Emissions (CH4),kilotonnes,396.7457,199.2485,227.5709,250.1488,282.0177,299.4401,275.5021,277.7001,285.5355,317.8089,333.4272,290.8023,309.6985,277.9936,290.9143,313.6014,293.4733,355.7913,226.6192,302.6415,251.7417
Angola,LULUCF,Emissions (CH4),kilotonnes,1.07,,,,,10.77,,,,,,,,,,,,,,,
Angola,LULUCF,Emissions (N2O),kilotonnes,11.669,18.1923,20.7782,22.8397,25.7494,27.3402,25.1545,25.3552,26.0706,29.0173,30.4434,26.5515,28.2768,25.382,26.5617,28.6332,26.7954,32.4853,20.6913,27.6325,22.9851
Angola,LULUCF,Emissions (N2O),kilotonnes,0.01,,,,,0.74,,,,,,,,,,,,,,,
Angola,LULUCF,Emissions (CO2),kilotonnes,10192.6707,35512.2039,35511.662,35512.6001,35511.7527,35507.9193,35505.1631,35505.1631,35503.7981,35502.0155,35502.1133,35501.0178,35501.0178,35501.8849,35501.8545,35501.0071,35499.3125,35500.3556,35501.2031,35484.4068,35484.852
Angola,LULUCF,Emissions (CO2),kilotonnes,-3074,,,,,1452,,,,,,,,,,,,,,,
Angola,LULUCF,Emissions (CO2eq) from CH4 (AR5),kilotonnes,11108.8807,5578.9581,6371.9843,7004.1673,7896.4964,8384.3218,7714.0576,7775.602,7994.9938,8898.6492,9335.962,8142.4653,8671.5571,7783.8197,8145.6,8780.8403,8217.2515,9962.1576,6345.3376,8473.9609,7048.767
Angola,LULUCF,Emissions (CO2eq) from N2O (AR5),kilotonnes,3092.2829,4820.9475,5506.2256,6052.5141,6823.6028,7245.1476,6665.952,6719.1343,6908.7175,7689.5936,8067.4889,7036.1521,7493.3564,6726.2355,7038.8609,7587.7913,7100.7771,8608.6036,5483.1993,7322.6075,6091.0541
Angola,LULUCF,Emissions (CO2eq) (AR5),kilotonnes,24393.8343,45912.1094,47389.8719,48569.2814,50231.8519,51137.3887,49885.1726,49999.8994,50407.5094,52090.2583,52905.5643,50679.6353,51665.9314,50011.94,50686.3153,51869.6387,50817.3411,54071.1168,47329.74,51280.9752,48624.6731
Angola,LULUCF,Emissions (CO2eq) (AR5),kilotonnes,-3074,,,,,1452,,,,,,,,,,,,,,,
Angola,AFOLU,Emissions (CH4),kilotonnes,972.483,786.4545,855.7129,962.4056,995.2851,1008.3575,932.7123,977.4861,952.3088,987.1216,1033.5812,1011.7346,996.6183,983.4457,973.3231,1022.1625,1003.7807,1076.6723,875.8342,1024.1221,933.7481
Angola,AFOLU,Emissions (N2O),kilotonnes,58.3851,66.0176,72.5842,82.3309,85.5675,86.1388,79.2891,83.3127,80.8353,83.9876,88.3263,86.3299,84.8705,83.8041,83.0829,87.4961,85.7919,92.7986,74.5642,88.2335,80.2049
Angola,AFOLU,Emissions (CO2),kilotonnes,10192.6707,35512.2039,35511.662,35512.6001,35511.7527,35507.9193,35505.1631,35505.1631,35503.7981,35502.0155,35502.1133,35501.0178,35501.0178,35501.8849,35501.8545,35501.0071,35499.3125,35500.3556,35501.2031,35484.4068,35484.852
Angola,AFOLU,Emissions (CO2eq) from CH4 (AR5),kilotonnes,27229.5252,22020.7274,23959.96,26947.358,27867.9825,28234.0112,26115.9435,27369.6102,26664.6469,27639.4058,28940.2747,28328.5693,27905.3127,27536.4783,27253.048,28620.5495,28105.8596,30146.8234,24523.3566,28675.4175,26144.9472
Angola,AFOLU,Emissions (CO2eq) from N2O (AR5),kilotonnes,15472.0621,17494.6712,19234.8239,21817.6945,22675.3918,22826.7741,21011.6097,22077.8655,21421.3554,22256.7116,23406.474,22877.4104,22490.6843,22208.0909,22016.9678,23186.4558,22734.8633,24591.6384,19759.5167,23381.8709,21254.3054
Angola,AFOLU,Emissions (CO2eq) (AR5),kilotonnes,52894.2581,75027.6025,78706.4459,84277.6525,86055.1269,86568.7047,82632.7163,84952.6388,83589.8004,85398.1329,87848.8621,86706.9975,85897.0148,85246.4541,84771.8702,87308.0123,86340.0353,90238.8174,79784.0764,87541.6951,82884.1047
Angola,All sectors with LULUCF,Emissions (CH4),kilotonnes,2518.883,2256.4545,2300.7129,2381.4056,2602.2851,2625.3575,2278.7123,2269.4861,2312.3088,2313.1216,2525.5812,2410.7346,2442.6183,2446.4457,2404.3231,2529.1625,2487.7807,2527.6723,2342.8342,2475.1221,2384.7481
Angola,All sectors with LULUCF,Emissions (N2O),kilotonnes,60.5801,68.2586,74.8792,84.7729,88.0885,88.6298,81.8881,86.0367,83.7603,87.0946,91.6203,89.7639,88.4125,87.5871,87.0889,91.6231,89.9609,96.8186,78.6042,92.7045,84.8129
Angola,All sectors with LULUCF,Emissions (CO2),kilotonnes,26917.6707,52078.2039,52196.662,53939.6001,52059.7527,51278.9193,52995.1631,53500.1631,54742.7981,56549.0155,58935.1133,60221.0178,62011.0178,61821.8849,73441.8545,64591.0071,65559.3125,65960.3556,62211.2031,63674.4068,62374.852
Angola,All sectors with LULUCF,Emissions (CO2eq) from F-gases (AR5),kilotonnes,0.724,1.9532,4.402,6.8703,11.5639,21.573,21.7673,25.6543,29.6385,32.2623,34.9832,35.5662,38.3843,41.2024,44.0205,46.8386,49.7538,52.5719,55.39,58.2081,61.0262
Angola,All sectors with LULUCF,Emissions (CO2eq) from CH4 (AR5),kilotonnes,70528.7252,63180.7274,64419.96,66679.358,72863.9825,73510.0112,63803.9435,63545.6102,64744.6469,64767.4058,70716.2747,67500.5693,68393.3127,68500.4783,67321.048,70816.5495,69657.8596,70774.8234,65599.3566,69303.4175,66772.9472
Angola,All sectors with LULUCF,Emissions (CO2eq) from N2O (AR5),kilotonnes,16053.7371,18088.5362,19842.9989,22464.8245,23343.4568,23486.8891,21700.3447,22799.7255,22196.4804,23080.0666,24279.384,23787.4204,23429.3143,23210.5859,23078.5578,24280.1108,23839.6483,25656.9384,20830.1167,24566.6859,22475.4254
Angola,All sectors with LULUCF,Emissions (CO2eq) (AR5),kilotonnes,113500.857,133349.4207,136464.0229,143090.6528,148278.7558,148297.3926,138521.2186,139871.1531,141713.5639,144428.7502,153965.7553,151544.5737,153872.0291,153574.1515,163885.4807,159734.5059,159106.5742,162444.6894,148696.0664,157602.7182,151684.2509
Angola,All sectors without LULUCF,Emissions (CH4),kilotonnes,2122.1373,2057.206,2073.142,2131.2568,2320.2674,2325.9175,2003.2102,1991.786,2026.7733,1995.3127,2192.154,2119.9323,2132.9198,2168.4521,2113.4089,2215.561,2194.3074,2171.8809,2116.215,2172.4806,2133.0064
Angola,All sectors without LULUCF,Emissions (N2O),kilotonnes,48.9111,50.0664,54.101,61.9332,62.3391,61.2896,56.7336,60.6815,57.6897,58.0773,61.177,63.2123,60.1357,62.2051,60.5272,62.9899,63.1656,64.3333,57.9129,65.072,61.8278
Angola,All sectors without LULUCF,Emissions (CO2),kilotonnes,16725,16566,16685,18427,16548,15771,17490,17995,19239,21047,23433,24720,26510,26320,37940,29090,30060,30460,26710,28190,26890
Angola,All sectors without LULUCF,Emissions (CO2eq) from F-gases (AR5),kilotonnes,0.724,1.9532,4.402,6.8703,11.5639,21.573,21.7673,25.6543,29.6385,32.2623,34.9832,35.5662,38.3843,41.2024,44.0205,46.8386,49.7538,52.5719,55.39,58.2081,61.0262
Angola,All sectors without LULUCF,Emissions (CO2eq) from CH4 (AR5),kilotonnes,59419.8445,57601.7693,58047.9756,59675.1907,64967.4861,65125.6894,56089.8859,55770.0082,56749.6531,55868.7566,61380.3127,59358.1039,59721.7556,60716.6587,59175.448,62035.7092,61440.6081,60812.6658,59254.019,60829.4566,59724.1802
Angola,All sectors without LULUCF,Emissions (CO2eq) from N2O (AR5),kilotonnes,12961.4542,13267.5887,14336.7733,16412.3104,16519.8539,16241.7415,15034.3928,16080.5912,15287.7629,15390.473,16211.8951,16751.2683,15935.9578,16484.3504,16039.6969,16692.3194,16738.8711,17048.3348,15346.9173,17244.0783,16384.3713
Angola,All sectors without LULUCF,Emissions (CO2eq) (AR5),kilotonnes,89107.0227,87437.3113,89074.151,94521.3714,98046.9039,97160.0039,88636.0459,89871.2537,91306.0545,92338.4919,101060.191,100864.9384,102206.0977,103562.2115,113199.1654,107864.8672,108289.2331,108373.5725,101366.3264,106321.743,103059.5777
Anguilla,Drained organic soils,Emissions (CO2eq) (AR5),kilotonnes,0,0,0,0,0,0,0,0,0,0,0,0,0,0,0,0,0,0,0,0,0
Anguilla,Drained organic soils (CO2),Emissions (CO2),kilotonnes,0,0,0,0,0,0,0,0,0,0,0,0,0,0,0,0,0,0,0,0,0
Anguilla,Drained organic soils (CO2),Emissions (CO2eq) (AR5),kilotonnes,0,0,0,0,0,0,0,0,0,0,0,0,0,0,0,0,0,0,0,0,0
Anguilla,Drained organic soils (N2O),Emissions (N2O),kilotonnes,0,0,0,0,0,0,0,0,0,0,0,0,0,0,0,0,0,0,0,0,0
Anguilla,Drained organic soils (N2O),Emissions (CO2eq) from N2O (AR5),kilotonnes,0,0,0,0,0,0,0,0,0,0,0,0,0,0,0,0,0,0,0,0,0
Anguilla,Drained organic soils (N2O),Emissions (CO2eq) (AR5),kilotonnes,0,0,0,0,0,0,0,0,0,0,0,0,0,0,0,0,0,0,0,0,0
Anguilla,On-farm energy use,Emissions (CH4),kilotonnes,0.0108,0.0116,0.0107,0.0128,0.0167,0.017,0.0228,0.0214,0.0203,0.0178,0.0159,0.0134,0.0113,0.0095,0.0111,0.0123,0.0113,0.0107,0.0116,0.0117,0.0117
Anguilla,On-farm energy use,Emissions (N2O),kilotonnes,0.0001,0.0001,0.0001,0.0001,0.0001,0.0001,0.0001,0.0001,0.0001,0.0001,0.0001,0.0001,0.0001,0,0.0001,0.0001,0.0001,0.0001,0.0001,0.0001,0.0001
Anguilla,On-farm energy use,Emissions (CO2),kilotonnes,3.4123,3.6649,3.383,4.0327,5.2642,5.3457,7.1811,6.7547,6.4001,5.6153,5.0076,4.2398,3.5642,3.0051,3.512,3.8762,3.5759,3.3825,3.6581,3.6874,3.6874
Anguilla,On-farm energy use,Emissions (CO2eq) from CH4 (AR5),kilotonnes,0.303,0.3254,0.3004,0.3581,0.4674,0.4747,0.6376,0.5998,0.5683,0.4986,0.4446,0.3765,0.3165,0.2668,0.3118,0.3442,0.3175,0.3003,0.3248,0.3274,0.3274
Anguilla,On-farm energy use,Emissions (CO2eq) from N2O (AR5),kilotonnes,0.0143,0.0154,0.0142,0.0169,0.0221,0.0225,0.0302,0.0284,0.0269,0.0236,0.021,0.0178,0.015,0.0126,0.0148,0.0163,0.015,0.0142,0.0154,0.0155,0.0155
Anguilla,On-farm energy use,Emissions (CO2eq) (AR5),kilotonnes,3.7296,4.0057,3.6976,4.4077,5.7537,5.8428,7.849,7.3829,6.9952,6.1375,5.4733,4.6341,3.8956,3.2845,3.8386,4.2367,3.9084,3.697,3.9983,4.0303,4.0303
Anguilla,Savanna fires,Emissions (CH4),kilotonnes,0,0,0,0,0,0,0,0,0,0,0,0,0,0,0,0,0,0,0,0,0
Anguilla,Savanna fires,Emissions (N2O),kilotonnes,0,0,0,0,0,0,0,0,0,0,0,0,0,0,0,0,0,0,0,0,0
Anguilla,Savanna fires,Emissions (CO2eq) from CH4 (AR5),kilotonnes,0,0,0,0,0,0,0,0,0,0,0,0,0,0,0,0,0,0,0,0,0
Anguilla,Savanna fires,Emissions (CO2eq) from N2O (AR5),kilotonnes,0,0,0,0,0,0,0,0,0,0,0,0,0,0,0,0,0,0,0,0,0
Anguilla,Savanna fires,Emissions (CO2eq) (AR5),kilotonnes,0,0,0,0,0,0,0,0,0,0,0,0,0,0,0,0,0,0,0,0,0
Anguilla,Fires in organic soils,Emissions (CH4),kilotonnes,0,0,0,0,0,0,0,0,0,0,0,0,0,0,0,0,0,0,0,0,0
Anguilla,Fires in organic soils,Emissions (CO2),kilotonnes,0,0,0,0,0,0,0,0,0,0,0,0,0,0,0,0,0,0,0,0,0
Anguilla,Fires in organic soils,Emissions (CO2eq) from CH4 (AR5),kilotonnes,0,0,0,0,0,0,0,0,0,0,0,0,0,0,0,0,0,0,0,0,0
Anguilla,Fires in organic soils,Emissions (CO2eq) (AR5),kilotonnes,0,0,0,0,0,0,0,0,0,0,0,0,0,0,0,0,0,0,0,0,0
Anguilla,Forest fires,Emissions (CH4),kilotonnes,0,0,0,0,0,0,0,0,0,0,0,0,0,0,0,0,0,0,0,0,0
Anguilla,Forest fires,Emissions (N2O),kilotonnes,0,0,0,0,0,0,0,0,0,0,0,0,0,0,0,0,0,0,0,0,0
Anguilla,Forest fires,Emissions (CO2eq) from CH4 (AR5),kilotonnes,0,0,0,0,0,0,0,0,0,0,0,0,0,0,0,0,0,0,0,0,0
Anguilla,Forest fires,Emissions (CO2eq) from N2O (AR5),kilotonnes,0,0,0,0,0,0,0,0,0,0,0,0,0,0,0,0,0,0,0,0,0
Anguilla,Forest fires,Emissions (CO2eq) (AR5),kilotonnes,0,0,0,0,0,0,0,0,0,0,0,0,0,0,0,0,0,0,0,0,0
Anguilla,Fires in humid tropical forests,Emissions (CH4),kilotonnes,0,0,0,0,0,0,0,0,0,0,0,0,0,0,0,0,0,0,0,0,0
Anguilla,Fires in humid tropical forests,Emissions (N2O),kilotonnes,0,0,0,0,0,0,0,0,0,0,0,0,0,0,0,0,0,0,0,0,0
Anguilla,Fires in humid tropical forests,Emissions (CO2eq) from CH4 (AR5),kilotonnes,0,0,0,0,0,0,0,0,0,0,0,0,0,0,0,0,0,0,0,0,0
Anguilla,Fires in humid tropical forests,Emissions (CO2eq) from N2O (AR5),kilotonnes,0,0,0,0,0,0,0,0,0,0,0,0,0,0,0,0,0,0,0,0,0
Anguilla,Fires in humid tropical forests,Emissions (CO2eq) (AR5),kilotonnes,0,0,0,0,0,0,0,0,0,0,0,0,0,0,0,0,0,0,0,0,0
Anguilla,On-farm electricity use,Emissions (CH4),kilotonnes,0,0,0,0,0,0,0,0,0,0,0,0,0,0,0,0,0,0,0,0,0
Anguilla,On-farm electricity use,Emissions (N2O),kilotonnes,0,0,0,0,0,0,0,0,0,0,0,0,0,0,0,0,0,0,0,0,0
Anguilla,On-farm electricity use,Emissions (CO2),kilotonnes,0,0,0,0,0,0,0,0,0,0,0,0,0,0,0,0,0,0,0,0,0
Anguilla,On-farm electricity use,Emissions (CO2eq) from CH4 (AR5),kilotonnes,0,0,0,0,0,0,0,0,0,0,0,0,0,0,0,0,0,0,0,0,0
Anguilla,On-farm electricity use,Emissions (CO2eq) from N2O (AR5),kilotonnes,0,0,0,0,0,0,0,0,0,0,0,0,0,0,0,0,0,0,0,0,0
Anguilla,On-farm electricity use,Emissions (CO2eq) (AR5),kilotonnes,0,0,0,0,0,0,0,0,0,0,0,0,0,0,0,0,0,0,0,0,0
Anguilla,Food Processing,Emissions (CH4),kilotonnes,0,0,0,0,0,0,0,0,0,0,0,0.0001,0.0001,0.0001,0.0001,0.0001,0.0001,0.0001,0.0002,0.0002,0.0002
Anguilla,Food Processing,Emissions (N2O),kilotonnes,0,0,0,0,0,0,0,0,0,0,0,0,0,0,0,0,0,0,0,0,0
Anguilla,Food Processing,Emissions (CO2),kilotonnes,1.2677,1.4446,0.8498,0.9752,1.3687,0.9799,1.0431,1.1515,0.7218,0.7415,0.8372,3.1771,3.2696,3.4162,3.2156,3.4341,3.8663,4.0098,5.1236,5.1178,4.5117
Anguilla,Food Processing,Emissions (CO2eq) from CH4 (AR5),kilotonnes,0,0,0,0,0,0,0,0,0,0,0,0.0028,0.0028,0.0028,0.0028,0.0028,0.0028,0.0028,0.0056,0.0056,0.0058
Anguilla,Food Processing,Emissions (CO2eq) from N2O (AR5),kilotonnes,0,0,0,0,0,0,0,0,0,0,0,0,0,0,0,0,0,0,0,0,0
Anguilla,Food Processing,Emissions (CO2eq) (AR5),kilotonnes,1.2677,1.4446,0.8498,0.9752,1.3687,0.9799,1.0431,1.1515,0.7218,0.7415,0.8372,3.1799,3.2724,3.419,3.2184,3.4369,3.8691,4.0126,5.1292,5.1234,4.5176
Anguilla,Food Packaging,Emissions (CH4),kilotonnes,0,0,0,0,0,0,0,0,0,0,0,0,0,0,0,0,0,0,0,0,0
Anguilla,Food Packaging,Emissions (N2O),kilotonnes,0,0,0,0,0,0,0,0,0,0,0,0,0,0,0,0,0,0,0,0,0
Anguilla,Food Packaging,Emissions (CO2),kilotonnes,0,0,0,0,0,0,0,0,0,0,0,0.0443,0.0448,0.0425,0.0412,0.0468,0.0477,0.0466,0.0479,0.0408,0.036
Anguilla,Food Packaging,Emissions (CO2eq) from CH4 (AR5),kilotonnes,0,0,0,0,0,0,0,0,0,0,0,0,0,0,0,0,0,0,0,0,0
Anguilla,Food Packaging,Emissions (CO2eq) from N2O (AR5),kilotonnes,0,0,0,0,0,0,0,0,0,0,0,0,0,0,0,0,0,0,0,0,0
Anguilla,Food Packaging,Emissions (CO2eq) (AR5),kilotonnes,0,0,0,0,0,0,0,0,0,0,0,0.0443,0.0448,0.0425,0.0412,0.0468,0.0477,0.0466,0.0479,0.0408,0.036
Anguilla,Food Retail,Emissions (CH4),kilotonnes,0.0063,0.0076,0.0079,0.0083,0.009,0.0104,0.0114,0.0128,0.0128,0.0129,0.0141,0.0135,0.0127,0.0125,0.0126,0.013,0.0145,0.0108,0.0114,0.0156,0.0163
Anguilla,Food Retail,Emissions (N2O),kilotonnes,0,0,0,0,0,0.0001,0.0001,0.0001,0.0001,0.0001,0.0001,0.0001,0.0001,0.0001,0.0001,0.0001,0.0001,0.0001,0.0001,0.0001,0.0001
Anguilla,Food Retail,Emissions (CO2),kilotonnes,3.1837,3.8547,4.0604,4.2827,4.6419,5.3816,5.7324,6.4245,6.1256,6.5151,7.0549,6.597,5.9815,6.1274,6.1832,6.3506,7.1095,5.2903,5.5805,7.6702,6.7619
Anguilla,Food Retail,Emissions (CO2eq) from CH4 (AR5),kilotonnes,0.1764,0.2128,0.2212,0.2324,0.252,0.2912,0.3192,0.3584,0.3584,0.3612,0.3948,0.378,0.3556,0.35,0.3528,0.364,0.406,0.3024,0.3192,0.4368,0.4551
Anguilla,Food Retail,Emissions (CO2eq) from N2O (AR5),kilotonnes,0,0,0,0,0,0.0265,0.0265,0.0265,0.0265,0.0265,0.0265,0.0265,0.0265,0.0265,0.0265,0.0265,0.0265,0.0265,0.0265,0.0265,0.0277
Anguilla,Food Retail,Emissions (CO2eq) (AR5),kilotonnes,3.3601,4.0675,4.2816,4.5151,4.8939,5.6993,6.0781,6.8094,6.5105,6.9028,7.4762,7.0015,6.3636,6.5039,6.5625,6.7411,7.542,5.6192,5.9262,8.1335,7.2447
Anguilla,Food Household Consumption,Emissions (CH4),kilotonnes,0.0047,0.0048,0.0054,0.0057,0.0062,0.0067,0.0078,0.0087,0.0087,0.0088,0.0096,0.0092,0.0088,0.0086,0.0086,0.0095,0.0106,0.0082,0.0094,0.0103,0.0107
Anguilla,Food Household Consumption,Emissions (N2O),kilotonnes,0,0,0,0,0,0,0,0.0001,0.0001,0.0001,0.0001,0.0001,0.0001,0.0001,0.0001,0.0001,0.0001,0.0001,0.0001,0.0001,0.0001
Anguilla,Food Household Consumption,Emissions (CO2),kilotonnes,6.0241,6.242,6.1611,6.1336,6.8461,6.6025,7.3782,8.2734,8.2593,8.7881,9.4983,9.1126,8.914,8.7223,9.1931,12.5763,13.1112,11.5172,12.1605,12.6968,11.1932
Anguilla,Food Household Consumption,Emissions (CO2eq) from CH4 (AR5),kilotonnes,0.1316,0.1344,0.1512,0.1596,0.1736,0.1876,0.2184,0.2436,0.2436,0.2464,0.2688,0.2576,0.2464,0.2408,0.2408,0.266,0.2968,0.2296,0.2632,0.2884,0.3005
Anguilla,Food Household Consumption,Emissions (CO2eq) from N2O (AR5),kilotonnes,0,0,0,0,0,0,0,0.0265,0.0265,0.0265,0.0265,0.0265,0.0265,0.0265,0.0265,0.0265,0.0265,0.0265,0.0265,0.0265,0.0277
Anguilla,Food Household Consumption,Emissions (CO2eq) (AR5),kilotonnes,6.1557,6.3764,6.3123,6.2932,7.0197,6.7901,7.5966,8.5435,8.5294,9.061,9.7936,9.3967,9.1869,8.9896,9.4604,12.8688,13.4345,11.7733,12.4502,13.0117,11.5214
Anguilla,Food Transport,Emissions (CH4),kilotonnes,0.0002,0.0002,0.0001,0.0002,0.0001,0.0001,0.0001,0.0001,0.0002,0.0002,0.0003,0.0003,0.0003,0.0003,0.0003,0.0003,0.0003,0.0003,0.0003,0.0003,0.0003
Anguilla,Food Transport,Emissions (N2O),kilotonnes,0,0,0,0,0,0,0,0,0.0001,0.0001,0.0001,0.0001,0.0001,0.0001,0.0001,0.0001,0.0001,0.0001,0.0001,0.0001,0.0001
Anguilla,Food Transport,Emissions (CO2),kilotonnes,1.463,1.507,0.9636,1.232,1.155,1.21,1.199,1.0681,1.397,1.969,2.431,2.596,2.596,2.794,2.783,2.794,2.871,2.937,2.86,2.874,2.5337
Anguilla,Food Transport,Emissions (CO2eq) from CH4 (AR5),kilotonnes,0.0056,0.0056,0.0028,0.0056,0.0028,0.0028,0.0028,0.0028,0.0056,0.0056,0.0084,0.0084,0.0084,0.0084,0.0084,0.0084,0.0084,0.0084,0.0084,0.0084,0.0088
Anguilla,Food Transport,Emissions (CO2eq) from N2O (AR5),kilotonnes,0,0,0,0,0,0,0,0,0.0265,0.0265,0.0265,0.0265,0.0265,0.0265,0.0265,0.0265,0.0265,0.0265,0.0265,0.0265,0.0277
Anguilla,Food Transport,Emissions (CO2eq) (AR5),kilotonnes,1.4686,1.5126,0.9664,1.2376,1.1578,1.2128,1.2018,1.0709,1.4291,2.0011,2.4659,2.6309,2.6309,2.8289,2.8179,2.8289,2.9059,2.9719,2.8949,2.9089,2.5701
Anguilla,Energy,Emissions (CH4),kilotonnes,0.0019,0.002,0.0013,0.0015,0.0013,0.0013,0.0012,0.0011,0.0015,0.0021,0.0024,0.0026,0.0026,0.0028,0.0028,0.0028,0.0028,0.0029,0.0028,0.0033,0.0035
Anguilla,Energy,Emissions (N2O),kilotonnes,0.0004,0.0004,0.0003,0.0003,0.0003,0.0003,0.0003,0.0004,0.0005,0.0007,0.0008,0.0008,0.0008,0.0009,0.0009,0.0009,0.0009,0.001,0.0009,0.0011,0.0012
Anguilla,Energy,Emissions (CO2),kilotonnes,88,95.3,95.3,103,122,129,144,151,151,147,151,143,143,118,140,154,154,143,147,152,134
Anguilla,Energy,Emissions (CO2eq) from CH4 (AR5),kilotonnes,0.0535,0.0563,0.035,0.0423,0.0358,0.0367,0.0328,0.0308,0.0412,0.0574,0.0672,0.0717,0.0717,0.077,0.077,0.0773,0.0792,0.0812,0.079,0.0935,0.0974
Anguilla,Energy,Emissions (CO2eq) from N2O (AR5),kilotonnes,0.0954,0.1049,0.0697,0.0906,0.0822,0.0922,0.0893,0.0951,0.1283,0.1797,0.208,0.2223,0.2223,0.2388,0.2385,0.2393,0.2454,0.2517,0.2446,0.2968,0.3101
Anguilla,Energy,Emissions (CO2eq) (AR5),kilotonnes,88.1489,95.4612,95.4047,103.1329,122.118,129.1289,144.1221,151.1259,151.1694,147.2371,151.2752,143.294,143.294,118.3158,140.3155,154.3166,154.3246,143.333,147.3236,152.3903,134.4075
Anguilla,IPPU,Emissions (N2O),kilotonnes,0,0,0,0,0,0,0,0,0,0,0,0,0,0,0,0,0,0,0,0,0
Anguilla,IPPU,Emissions (CO2),kilotonnes,0,0,0,0,0,0,0,0,0,0,0,0,0,0,0,0,0,0,0,0,0
Anguilla,IPPU,Emissions (CO2eq) from N2O (AR5),kilotonnes,0,0,0,0,0,0,0,0,0,0,0,0,0,0,0,0,0,0,0,0,0
Anguilla,IPPU,Emissions (CO2eq) (AR5),kilotonnes,0,0,0,0,0,0,0,0,0,0,0,0,0,0,0,0,0,0,0,0,0
Anguilla,Waste,Emissions (CH4),kilotonnes,0.113,0.116,0.119,0.122,0.125,0.129,0.131,0.134,0.136,0.138,0.14,0.142,0.144,0.145,0.147,0.149,0.149,0.15,0.151,0.155,0.157
Anguilla,Waste,Emissions (CO2eq) from CH4 (AR5),kilotonnes,3.164,3.248,3.332,3.416,3.5,3.612,3.668,3.752,3.808,3.864,3.92,3.976,4.032,4.06,4.116,4.172,4.172,4.2,4.228,4.34,4.396
Anguilla,Waste,Emissions (CO2eq) (AR5),kilotonnes,3.164,3.248,3.332,3.416,3.5,3.612,3.668,3.752,3.808,3.864,3.92,3.976,4.032,4.06,4.116,4.172,4.172,4.2,4.228,4.34,4.396
Anguilla,Other,Emissions (N2O),kilotonnes,0.0005,0.0005,0.0003,0.0004,0.0003,0.0003,0.0003,0.0003,0.0003,0.0005,0.0006,0.0006,0.0006,0.0007,0.0007,0.0007,0.0007,0.0007,0.0007,0.0008,0.0008
Anguilla,Other,Emissions (CO2eq) from N2O (AR5),kilotonnes,0.1397,0.1349,0.0835,0.0978,0.0859,0.0845,0.0806,0.0705,0.0898,0.1235,0.1508,0.1611,0.1614,0.173,0.1728,0.1736,0.1781,0.1826,0.1773,0.2088,0.2176
Anguilla,Other,Emissions (CO2eq) (AR5),kilotonnes,0.1397,0.1349,0.0835,0.0978,0.0859,0.0845,0.0806,0.0705,0.0898,0.1235,0.1508,0.1611,0.1614,0.173,0.1728,0.1736,0.1781,0.1826,0.1773,0.2088,0.2176
Anguilla,Farm-gate emissions,Emissions (CH4),kilotonnes,0.0108,0.0116,0.0107,0.0128,0.0167,0.017,0.0228,0.0214,0.0203,0.0178,0.0159,0.0134,0.0113,0.0095,0.0111,0.0123,0.0113,0.0107,0.0116,0.0117,0.0117
Anguilla,Farm-gate emissions,Emissions (N2O),kilotonnes,0.0001,0.0001,0.0001,0.0001,0.0001,0.0001,0.0001,0.0001,0.0001,0.0001,0.0001,0.0001,0.0001,0,0.0001,0.0001,0.0001,0.0001,0.0001,0.0001,0.0001
Anguilla,Farm-gate emissions,Emissions (CO2),kilotonnes,3.4123,3.6649,3.383,4.0327,5.2642,5.3457,7.1811,6.7547,6.4001,5.6153,5.0076,4.2398,3.5642,3.0051,3.512,3.8762,3.5759,3.3825,3.6581,3.6874,3.6874
Anguilla,Farm-gate emissions,Emissions (CO2eq) from CH4 (AR5),kilotonnes,0.303,0.3254,0.3004,0.3581,0.4674,0.4747,0.6376,0.5998,0.5683,0.4986,0.4446,0.3765,0.3165,0.2668,0.3118,0.3442,0.3175,0.3003,0.3248,0.3274,0.3274
Anguilla,Farm-gate emissions,Emissions (CO2eq) from N2O (AR5),kilotonnes,0.0143,0.0154,0.0142,0.0169,0.0221,0.0225,0.0302,0.0284,0.0269,0.0236,0.021,0.0178,0.015,0.0126,0.0148,0.0163,0.015,0.0142,0.0154,0.0155,0.0155
Anguilla,Farm-gate emissions,Emissions (CO2eq) (AR5),kilotonnes,3.7296,4.0057,3.6976,4.4077,5.7537,5.8428,7.849,7.3829,6.9952,6.1375,5.4733,4.6341,3.8956,3.2845,3.8386,4.2367,3.9084,3.697,3.9983,4.0303,4.0303
Anguilla,Land Use change,Emissions (CH4),kilotonnes,0,0,0,0,0,0,0,0,0,0,0,0,0,0,0,0,0,0,0,0,0
Anguilla,Land Use change,Emissions (N2O),kilotonnes,0,0,0,0,0,0,0,0,0,0,0,0,0,0,0,0,0,0,0,0,0
Anguilla,Land Use change,Emissions (CO2),kilotonnes,0,0,0,0,0,0,0,0,0,0,0,0,0,0,0,0,0,0,0,0,0
Anguilla,Land Use change,Emissions (CO2eq) from CH4 (AR5),kilotonnes,0,0,0,0,0,0,0,0,0,0,0,0,0,0,0,0,0,0,0,0,0
Anguilla,Land Use change,Emissions (CO2eq) from N2O (AR5),kilotonnes,0,0,0,0,0,0,0,0,0,0,0,0,0,0,0,0,0,0,0,0,0
Anguilla,Land Use change,Emissions (CO2eq) (AR5),kilotonnes,0,0,0,0,0,0,0,0,0,0,0,0,0,0,0,0,0,0,0,0,0
Anguilla,Emissions on agricultural land,Emissions (CH4),kilotonnes,0.0108,0.0116,0.0107,0.0128,0.0167,0.017,0.0228,0.0214,0.0203,0.0178,0.0159,0.0134,0.0113,0.0095,0.0111,0.0123,0.0113,0.0107,0.0116,0.0117,0.0117
Anguilla,Emissions on agricultural land,Emissions (N2O),kilotonnes,0.0001,0.0001,0.0001,0.0001,0.0001,0.0001,0.0001,0.0001,0.0001,0.0001,0.0001,0.0001,0.0001,0,0.0001,0.0001,0.0001,0.0001,0.0001,0.0001,0.0001
Anguilla,Emissions on agricultural land,Emissions (CO2),kilotonnes,3.4123,3.6649,3.383,4.0327,5.2642,5.3457,7.1811,6.7547,6.4001,5.6153,5.0076,4.2398,3.5642,3.0051,3.512,3.8762,3.5759,3.3825,3.6581,3.6874,3.6874
Anguilla,Emissions on agricultural land,Emissions (CO2eq) from CH4 (AR5),kilotonnes,0.303,0.3254,0.3004,0.3581,0.4674,0.4747,0.6376,0.5998,0.5683,0.4986,0.4446,0.3765,0.3165,0.2668,0.3118,0.3442,0.3175,0.3003,0.3248,0.3274,0.3274
Anguilla,Emissions on agricultural land,Emissions (CO2eq) from N2O (AR5),kilotonnes,0.0143,0.0154,0.0142,0.0169,0.0221,0.0225,0.0302,0.0284,0.0269,0.0236,0.021,0.0178,0.015,0.0126,0.0148,0.0163,0.015,0.0142,0.0154,0.0155,0.0155
Anguilla,Emissions on agricultural land,Emissions (CO2eq) (AR5),kilotonnes,3.7296,4.0057,3.6976,4.4077,5.7537,5.8428,7.849,7.3829,6.9952,6.1375,5.4733,4.6341,3.8956,3.2845,3.8386,4.2367,3.9084,3.697,3.9983,4.0303,4.0303
Anguilla,Pre- and post- production,Emissions (CH4),kilotonnes,0.0112,0.0126,0.0134,0.0142,0.0153,0.0172,0.0193,0.0216,0.0217,0.0219,0.024,0.0231,0.0219,0.0215,0.0216,0.0229,0.0255,0.0194,0.0213,0.0264,0.0275
Anguilla,Pre- and post- production,Emissions (N2O),kilotonnes,0,0,0,0,0,0.0001,0.0001,0.0002,0.0003,0.0003,0.0003,0.0003,0.0003,0.0003,0.0003,0.0003,0.0003,0.0003,0.0003,0.0003,0.0003
Anguilla,Pre- and post- production,Emissions (CO2),kilotonnes,11.9385,13.0483,12.0349,12.6235,14.0117,14.174,15.3527,16.9175,16.5037,18.0137,19.8214,21.527,20.8059,21.1024,21.4161,25.2018,27.0057,23.8009,25.7725,28.3996,25.0365
Anguilla,Pre- and post- production,Emissions (CO2eq) from CH4 (AR5),kilotonnes,0.3136,0.3528,0.3752,0.3976,0.4284,0.4816,0.5404,0.6048,0.6076,0.6132,0.672,0.6468,0.6132,0.602,0.6048,0.6412,0.714,0.5432,0.5964,0.7392,0.7702
Anguilla,Pre- and post- production,Emissions (CO2eq) from N2O (AR5),kilotonnes,0,0,0,0,0,0.0265,0.0265,0.053,0.0795,0.0795,0.0795,0.0795,0.0795,0.0795,0.0795,0.0795,0.0795,0.0795,0.0795,0.0795,0.083
Anguilla,Pre- and post- production,Emissions (CO2eq) (AR5),kilotonnes,12.2521,13.4011,12.4101,13.0211,14.4401,14.6821,15.9196,17.5753,17.1908,18.7064,20.5729,22.2533,21.4986,21.7839,22.1004,25.9225,27.7992,24.4236,26.4484,29.2183,25.8897
Anguilla,Agri-food systems,Emissions (CH4),kilotonnes,0.022,0.0242,0.0241,0.027,0.032,0.0342,0.0421,0.043,0.042,0.0397,0.0399,0.0365,0.0332,0.031,0.0327,0.0352,0.0368,0.0301,0.0329,0.0381,0.0392
Anguilla,Agri-food systems,Emissions (N2O),kilotonnes,0.0001,0.0001,0.0001,0.0001,0.0001,0.0002,0.0002,0.0003,0.0004,0.0004,0.0004,0.0004,0.0004,0.0003,0.0004,0.0004,0.0004,0.0004,0.0004,0.0004,0.0004
Anguilla,Agri-food systems,Emissions (CO2),kilotonnes,15.3508,16.7132,15.4179,16.6562,19.2759,19.5197,22.5338,23.6722,22.9038,23.629,24.829,25.7668,24.3701,24.1075,24.9281,29.078,30.5816,27.1834,29.4306,32.087,28.7238
Anguilla,Agri-food systems,Emissions (CO2eq) from CH4 (AR5),kilotonnes,0.6166,0.6782,0.6756,0.7557,0.8958,0.9563,1.178,1.2046,1.1759,1.1118,1.1166,1.0233,0.9297,0.8688,0.9166,0.9854,1.0315,0.8435,0.9212,1.0666,1.0976
Anguilla,Agri-food systems,Emissions (CO2eq) from N2O (AR5),kilotonnes,0.0143,0.0154,0.0142,0.0169,0.0221,0.049,0.0567,0.0814,0.1064,0.1031,0.1005,0.0973,0.0945,0.0921,0.0943,0.0958,0.0945,0.0937,0.0949,0.095,0.0985
Anguilla,Agri-food systems,Emissions (CO2eq) (AR5),kilotonnes,15.9817,17.4068,16.1077,17.4288,20.1938,20.5249,23.7686,24.9582,24.186,24.8439,26.0462,26.8874,25.3942,25.0684,25.939,30.1592,31.7076,28.1206,30.4467,33.2486,29.92
Anguilla,IPCC Agriculture,Emissions (CH4),kilotonnes,0,0,0,0,0,0,0,0,0,0,0,0,0,0,0,0,0,0,0,0,0
Anguilla,IPCC Agriculture,Emissions (N2O),kilotonnes,0,0,0,0,0,0,0,0,0,0,0,0,0,0,0,0,0,0,0,0,0
Anguilla,IPCC Agriculture,Emissions (CO2eq) from CH4 (AR5),kilotonnes,0,0,0,0,0,0,0,0,0,0,0,0,0,0,0,0,0,0,0,0,0
Anguilla,IPCC Agriculture,Emissions (CO2eq) from N2O (AR5),kilotonnes,0,0,0,0,0,0,0,0,0,0,0,0,0,0,0,0,0,0,0,0,0
Anguilla,IPCC Agriculture,Emissions (CO2eq) (AR5),kilotonnes,0,0,0,0,0,0,0,0,0,0,0,0,0,0,0,0,0,0,0,0,0
Anguilla,Agricultural Soils,Emissions (N2O),kilotonnes,0,0,0,0,0,0,0,0,0,0,0,0,0,0,0,0,0,0,0,0,0
Anguilla,Agricultural Soils,Emissions (CO2eq) from N2O (AR5),kilotonnes,0,0,0,0,0,0,0,0,0,0,0,0,0,0,0,0,0,0,0,0,0
Anguilla,Agricultural Soils,Emissions (CO2eq) (AR5),kilotonnes,0,0,0,0,0,0,0,0,0,0,0,0,0,0,0,0,0,0,0,0,0
Anguilla,LULUCF,Emissions (CH4),kilotonnes,0,0,0,0,0,0,0,0,0,0,0,0,0,0,0,0,0,0,0,0,0
Anguilla,LULUCF,Emissions (N2O),kilotonnes,0,0,0,0,0,0,0,0,0,0,0,0,0,0,0,0,0,0,0,0,0
Anguilla,LULUCF,Emissions (CO2),kilotonnes,0,0,0,0,0,0,0,0,0,0,0,0,0,0,0,0,0,0,0,0,0
Anguilla,LULUCF,Emissions (CO2eq) from CH4 (AR5),kilotonnes,0,0,0,0,0,0,0,0,0,0,0,0,0,0,0,0,0,0,0,0,0
Anguilla,LULUCF,Emissions (CO2eq) from N2O (AR5),kilotonnes,0,0,0,0,0,0,0,0,0,0,0,0,0,0,0,0,0,0,0,0,0
Anguilla,LULUCF,Emissions (CO2eq) (AR5),kilotonnes,0,0,0,0,0,0,0,0,0,0,0,0,0,0,0,0,0,0,0,0,0
Anguilla,AFOLU,Emissions (CH4),kilotonnes,0,0,0,0,0,0,0,0,0,0,0,0,0,0,0,0,0,0,0,0,0
Anguilla,AFOLU,Emissions (N2O),kilotonnes,0,0,0,0,0,0,0,0,0,0,0,0,0,0,0,0,0,0,0,0,0
Anguilla,AFOLU,Emissions (CO2),kilotonnes,0,0,0,0,0,0,0,0,0,0,0,0,0,0,0,0,0,0,0,0,0
Anguilla,AFOLU,Emissions (CO2eq) from CH4 (AR5),kilotonnes,0,0,0,0,0,0,0,0,0,0,0,0,0,0,0,0,0,0,0,0,0
Anguilla,AFOLU,Emissions (CO2eq) from N2O (AR5),kilotonnes,0,0,0,0,0,0,0,0,0,0,0,0,0,0,0,0,0,0,0,0,0
Anguilla,AFOLU,Emissions (CO2eq) (AR5),kilotonnes,0,0,0,0,0,0,0,0,0,0,0,0,0,0,0,0,0,0,0,0,0
Anguilla,All sectors with LULUCF,Emissions (CH4),kilotonnes,0.1149,0.118,0.1203,0.1235,0.1263,0.1303,0.1322,0.1351,0.1375,0.1401,0.1424,0.1446,0.1466,0.1478,0.1498,0.1518,0.1518,0.1529,0.1538,0.1583,0.1605
Anguilla,All sectors with LULUCF,Emissions (N2O),kilotonnes,0.0009,0.0009,0.0006,0.0007,0.0006,0.0007,0.0006,0.0006,0.0008,0.0011,0.0014,0.0014,0.0014,0.0016,0.0016,0.0016,0.0016,0.0016,0.0016,0.0019,0.002
Anguilla,All sectors with LULUCF,Emissions (CO2),kilotonnes,88,95.3,95.3,103,122,129,144,151,151,147,151,143,143,118,140,154,154,143,147,152,134
Anguilla,All sectors with LULUCF,Emissions (CO2eq) from CH4 (AR5),kilotonnes,3.2175,3.3043,3.367,3.4583,3.5358,3.6487,3.7008,3.7828,3.8492,3.9214,3.9872,4.0477,4.1037,4.137,4.193,4.2493,4.2512,4.2812,4.307,4.4335,4.4934
Anguilla,All sectors with LULUCF,Emissions (CO2eq) from N2O (AR5),kilotonnes,0.2351,0.2399,0.1532,0.1884,0.168,0.1768,0.1699,0.1657,0.2181,0.3032,0.3589,0.3835,0.3838,0.4119,0.4113,0.4129,0.4235,0.4344,0.4219,0.5057,0.5277
Anguilla,All sectors with LULUCF,Emissions (CO2eq) (AR5),kilotonnes,91.4526,98.8441,98.8202,106.6467,125.7039,132.8255,147.8707,154.9485,155.0673,151.2246,155.3461,147.4312,147.4874,122.5489,144.6043,158.6622,158.6748,147.7156,151.7289,156.9392,139.0211
Anguilla,All sectors without LULUCF,Emissions (CH4),kilotonnes,0.1149,0.118,0.1203,0.1235,0.1263,0.1303,0.1322,0.1351,0.1375,0.1401,0.1424,0.1446,0.1466,0.1478,0.1498,0.1518,0.1518,0.1529,0.1538,0.1583,0.1605
Anguilla,All sectors without LULUCF,Emissions (N2O),kilotonnes,0.0009,0.0009,0.0006,0.0007,0.0006,0.0007,0.0006,0.0006,0.0008,0.0011,0.0014,0.0014,0.0014,0.0016,0.0016,0.0016,0.0016,0.0016,0.0016,0.0019,0.002
Anguilla,All sectors without LULUCF,Emissions (CO2),kilotonnes,88,95.3,95.3,103,122,129,144,151,151,147,151,143,143,118,140,154,154,143,147,152,134
Anguilla,All sectors without LULUCF,Emissions (CO2eq) from CH4 (AR5),kilotonnes,3.2175,3.3043,3.367,3.4583,3.5358,3.6487,3.7008,3.7828,3.8492,3.9214,3.9872,4.0477,4.1037,4.137,4.193,4.2493,4.2512,4.2812,4.307,4.4335,4.4934
Anguilla,All sectors without LULUCF,Emissions (CO2eq) from N2O (AR5),kilotonnes,0.2351,0.2399,0.1532,0.1884,0.168,0.1768,0.1699,0.1657,0.2181,0.3032,0.3589,0.3835,0.3838,0.4119,0.4113,0.4129,0.4235,0.4344,0.4219,0.5057,0.5277
Anguilla,All sectors without LULUCF,Emissions (CO2eq) (AR5),kilotonnes,91.4526,98.8441,98.8202,106.6467,125.7039,132.8255,147.8707,154.9485,155.0673,151.2246,155.3461,147.4312,147.4874,122.5489,144.6043,158.6622,158.6748,147.7156,151.7289,156.9392,139.0211
Antigua and Barbuda,Crop Residues,Direct emissions (N2O),kilotonnes,0,0,0,0,0,0,0,0,0,0,0,0,0,0,0,0,0,0,0,0,0
Antigua and Barbuda,Crop Residues,Indirect emissions (N2O),kilotonnes,0,0,0,0,0,0,0,0,0,0,0,0,0,0,0,0,0,0,0,0,0
Antigua and Barbuda,Crop Residues,Emissions (N2O),kilotonnes,0,0,0,0,0,0,0,0,0,0,0,0,0,0,0,0,0,0,0,0,0
Antigua and Barbuda,Crop Residues,Emissions (CO2eq) from N2O (AR5),kilotonnes,0.0025,0.0026,0.0026,0.0028,0.0031,0.0031,0.0033,0.0033,0.0035,0.0034,0.0033,0.0037,0.0036,0.0037,0.0037,0.0039,0.0032,0.0028,0.0026,0.0023,0.0005
Antigua and Barbuda,Crop Residues,Emissions (CO2eq) (AR5),kilotonnes,0.0025,0.0026,0.0026,0.0028,0.0031,0.0031,0.0033,0.0033,0.0035,0.0034,0.0033,0.0037,0.0036,0.0037,0.0037,0.0039,0.0032,0.0028,0.0026,0.0023,0.0005
Antigua and Barbuda,Burning - Crop residues,Emissions (CH4),kilotonnes,0.0001,0.0001,0.0001,0.0001,0.0001,0.0001,0.0001,0.0001,0.0001,0.0001,0.0001,0.0001,0.0001,0.0001,0.0001,0.0001,0.0001,0.0001,0.0001,0.0001,0
Antigua and Barbuda,Burning - Crop residues,Emissions (N2O),kilotonnes,0,0,0,0,0,0,0,0,0,0,0,0,0,0,0,0,0,0,0,0,0
Antigua and Barbuda,Burning - Crop residues,Emissions (CO2eq) from CH4 (AR5),kilotonnes,0.0023,0.0023,0.0024,0.0026,0.0029,0.0029,0.003,0.003,0.0032,0.0032,0.003,0.0034,0.0033,0.0034,0.0035,0.0036,0.0026,0.0021,0.0018,0.0015,0.0002
Antigua and Barbuda,Burning - Crop residues,Emissions (CO2eq) from N2O (AR5),kilotonnes,0.0006,0.0006,0.0006,0.0006,0.0007,0.0007,0.0007,0.0007,0.0008,0.0008,0.0007,0.0008,0.0008,0.0008,0.0009,0.0009,0.0006,0.0005,0.0004,0.0004,0.0001
Antigua and Barbuda,Burning - Crop residues,Emissions (CO2eq) (AR5),kilotonnes,0.0028,0.0029,0.003,0.0033,0.0036,0.0036,0.0038,0.0038,0.004,0.004,0.0038,0.0042,0.0041,0.0042,0.0043,0.0044,0.0033,0.0026,0.0023,0.0019,0.0003
Antigua and Barbuda,Enteric Fermentation,Emissions (CH4),kilotonnes,1.1235,1.1552,1.1733,1.1896,1.2136,1.2135,1.2187,1.2078,1.2044,1.1978,0.5675,0.572,0.572,0.5704,0.572,0.5727,0.5702,0.572,0.5602,0.5165,0.5027
Antigua and Barbuda,Enteric Fermentation,Emissions (CH4),kilotonnes,1.13,,,,,,,,,,,,,,,,,,,,
Antigua and Barbuda,Enteric Fermentation,Emissions (CO2eq) from CH4 (AR5),kilotonnes,31.4578,32.3452,32.8525,33.3087,33.9816,33.9783,34.1247,33.8184,33.7232,33.5384,15.8906,16.016,16.016,15.9712,16.016,16.0368,15.966,16.0173,15.6861,14.4616,14.0763
Antigua and Barbuda,Enteric Fermentation,Emissions (CO2eq) from CH4 (AR5),kilotonnes,31.64,,,,,,,,,,,,,,,,,,,,
Antigua and Barbuda,Enteric Fermentation,Emissions (CO2eq) (AR5),kilotonnes,31.4578,32.3452,32.8525,33.3087,33.9816,33.9783,34.1247,33.8184,33.7232,33.5384,15.8906,16.016,16.016,15.9712,16.016,16.0368,15.966,16.0173,15.6861,14.4616,14.0763
Antigua and Barbuda,Enteric Fermentation,Emissions (CO2eq) (AR5),kilotonnes,31.64,,,,,,,,,,,,,,,,,,,,
Antigua and Barbuda,Manure Management,Emissions (CH4),kilotonnes,0.0405,0.0417,0.0423,0.0432,0.0441,0.0443,0.0445,0.0435,0.0438,0.0434,0.0331,0.0336,0.0336,0.0333,0.0334,0.0332,0.0332,0.0336,0.0333,0.0321,0.0319
Antigua and Barbuda,Manure Management,Emissions (CH4),kilotonnes,,,,,,,,,,,,,,,,,,,,,
Antigua and Barbuda,Manure Management,Emissions (N2O),kilotonnes,0.0014,0.0015,0.0015,0.0015,0.0016,0.0016,0.0016,0.0015,0.0016,0.0016,0.0019,0.002,0.002,0.002,0.002,0.0019,0.0019,0.002,0.002,0.002,0.0021
Antigua and Barbuda,Manure Management,Emissions (N2O),kilotonnes,0.08,,,,,,,,,,,,,,,,,,,,
Antigua and Barbuda,Manure Management,Emissions (CO2eq) from CH4 (AR5),kilotonnes,1.1345,1.169,1.1848,1.2098,1.2348,1.2403,1.2462,1.2176,1.2257,1.2162,0.9267,0.9401,0.9401,0.9317,0.9345,0.9294,0.9305,0.9397,0.9317,0.8997,0.8921
Antigua and Barbuda,Manure Management,Emissions (CO2eq) from CH4 (AR5),kilotonnes,,,,,,,,,,,,,,,,,,,,,
Antigua and Barbuda,Manure Management,Emissions (CO2eq) from N2O (AR5),kilotonnes,0.3731,0.3886,0.3908,0.4047,0.415,0.4194,0.4218,0.4037,0.4216,0.4193,0.5164,0.5254,0.5254,0.5179,0.5189,0.5129,0.5146,0.5233,0.5325,0.5427,0.557
Antigua and Barbuda,Manure Management,Emissions (CO2eq) from N2O (AR5),kilotonnes,21.2,,,,,,,,,,,,,,,,,,,,
Antigua and Barbuda,Manure Management,Emissions (CO2eq) (AR5),kilotonnes,1.5075,1.5576,1.5755,1.6145,1.6498,1.6597,1.668,1.6213,1.6473,1.6355,1.443,1.4655,1.4655,1.4496,1.4534,1.4423,1.4451,1.463,1.4642,1.4424,1.4491
Antigua and Barbuda,Manure Management,Emissions (CO2eq) (AR5),kilotonnes,21.2,,,,,,,,,,,,,,,,,,,,
Antigua and Barbuda,Manure left on Pasture,Direct emissions (N2O),kilotonnes,0.0262,0.0269,0.0273,0.0277,0.0283,0.0283,0.0285,0.0294,0.0287,0.0285,0.0155,0.0154,0.0154,0.0154,0.0153,0.0155,0.0154,0.0154,0.0152,0.0137,0.0132
Antigua and Barbuda,Manure left on Pasture,Indirect emissions (N2O),kilotonnes,0.0081,0.0083,0.0084,0.0086,0.0087,0.0087,0.0088,0.009,0.0087,0.0086,0.0054,0.0054,0.0054,0.0054,0.0053,0.0054,0.0054,0.0054,0.0053,0.0047,0.0045
Antigua and Barbuda,Manure left on Pasture,Emissions (N2O),kilotonnes,0.0343,0.0352,0.0358,0.0363,0.037,0.037,0.0374,0.0384,0.0375,0.0371,0.0208,0.0207,0.0207,0.0207,0.0206,0.0209,0.0207,0.0207,0.0205,0.0184,0.0178
Antigua and Barbuda,Manure left on Pasture,Emissions (CO2eq) from N2O (AR5),kilotonnes,9.0903,9.3188,9.4755,9.6204,9.8055,9.8171,9.8991,10.1824,9.9279,9.8372,5.5206,5.4951,5.4951,5.4891,5.4722,5.5376,5.4953,5.4881,5.4438,4.869,4.7067
Antigua and Barbuda,Manure left on Pasture,Emissions (CO2eq) (AR5),kilotonnes,9.0903,9.3188,9.4755,9.6204,9.8055,9.8171,9.8991,10.1824,9.9279,9.8372,5.5206,5.4951,5.4951,5.4891,5.4722,5.5376,5.4953,5.4881,5.4438,4.869,4.7067
Antigua and Barbuda,Manure applied to Soils,Direct emissions (N2O),kilotonnes,0.0046,0.0048,0.0048,0.0049,0.005,0.0051,0.0051,0.0044,0.0046,0.0045,0.0035,0.0037,0.0037,0.0036,0.0037,0.0036,0.0036,0.0037,0.0037,0.0038,0.0038
Antigua and Barbuda,Manure applied to Soils,Indirect emissions (N2O),kilotonnes,0.002,0.002,0.0021,0.0021,0.0021,0.0022,0.0022,0.0019,0.0019,0.0019,0.0015,0.0016,0.0016,0.0015,0.0016,0.0015,0.0015,0.0016,0.0016,0.0016,0.0016
Antigua and Barbuda,Manure applied to Soils,Emissions (N2O),kilotonnes,0.0066,0.0068,0.0069,0.007,0.0072,0.0072,0.0072,0.0063,0.0065,0.0064,0.005,0.0053,0.0053,0.0052,0.0052,0.0051,0.0052,0.0053,0.0053,0.0054,0.0055
Antigua and Barbuda,Manure applied to Soils,Emissions (CO2eq) from N2O (AR5),kilotonnes,1.7455,1.8053,1.8244,1.864,1.8996,1.9128,1.9202,1.6584,1.7228,1.7006,1.3328,1.4024,1.4024,1.3653,1.3838,1.3428,1.3654,1.3963,1.4037,1.4198,1.4503
Antigua and Barbuda,Manure applied to Soils,Emissions (CO2eq) (AR5),kilotonnes,1.7455,1.8053,1.8244,1.864,1.8996,1.9128,1.9202,1.6584,1.7228,1.7006,1.3328,1.4024,1.4024,1.3653,1.3838,1.3428,1.3654,1.3963,1.4037,1.4198,1.4503
Antigua and Barbuda,Synthetic Fertilizers,Direct emissions (N2O),kilotonnes,,,0.0002,0.0005,0,0.0003,0.0001,0,0.0001,0.0004,0.0001,0.0001,0.0004,0.0005,0.0003,0.0001,0.001,0.0001,0.0001,0.0004,0
Antigua and Barbuda,Synthetic Fertilizers,Indirect emissions (N2O),kilotonnes,,,0.0001,0.0002,0,0.0001,0,0,0,0.0001,0,0,0.0001,0.0002,0.0001,0,0.0003,0,0,0.0001,0
Antigua and Barbuda,Synthetic Fertilizers,Emissions (N2O),kilotonnes,,,0.0002,0.0007,0,0.0004,0.0002,0,0.0002,0.0005,0.0001,0.0001,0.0006,0.0007,0.0004,0.0002,0.0013,0.0002,0.0002,0.0006,0
Antigua and Barbuda,Synthetic Fertilizers,Emissions (CO2eq) from N2O (AR5),kilotonnes,,,0.0552,0.1821,0,0.0938,0.0497,0.011,0.0497,0.1269,0.0221,0.0221,0.1473,0.1788,0.1138,0.0423,0.3375,0.0496,0.0474,0.1491,0.009
Antigua and Barbuda,Synthetic Fertilizers,Emissions (CO2eq) (AR5),kilotonnes,,,0.0552,0.1821,0,0.0938,0.0497,0.011,0.0497,0.1269,0.0221,0.0221,0.1473,0.1788,0.1138,0.0423,0.3375,0.0496,0.0474,0.1491,0.009
Antigua and Barbuda,Drained organic soils,Emissions (CO2eq) (AR5),kilotonnes,0,0,0,0,0,0,0,0,0,0,0,0,0,0,0,0,0,0,0,0,0
Antigua and Barbuda,Drained organic soils (CO2),Emissions (CO2),kilotonnes,0,0,0,0,0,0,0,0,0,0,0,0,0,0,0,0,0,0,0,0,0
Antigua and Barbuda,Drained organic soils (CO2),Emissions (CO2eq) (AR5),kilotonnes,0,0,0,0,0,0,0,0,0,0,0,0,0,0,0,0,0,0,0,0,0
Antigua and Barbuda,Drained organic soils (N2O),Emissions (N2O),kilotonnes,0,0,0,0,0,0,0,0,0,0,0,0,0,0,0,0,0,0,0,0,0
Antigua and Barbuda,Drained organic soils (N2O),Emissions (CO2eq) from N2O (AR5),kilotonnes,0,0,0,0,0,0,0,0,0,0,0,0,0,0,0,0,0,0,0,0,0
Antigua and Barbuda,Drained organic soils (N2O),Emissions (CO2eq) (AR5),kilotonnes,0,0,0,0,0,0,0,0,0,0,0,0,0,0,0,0,0,0,0,0,0
Antigua and Barbuda,On-farm energy use,Emissions (CH4),kilotonnes,0.0003,0.0003,0.0003,0.0003,0.0003,0.0003,0.0003,0.0003,0.0003,0.0004,0.0003,0.0002,0.0002,0.0002,0.0002,0.0002,0.0003,0.0002,0.0003,0.0003,0.0003
Antigua and Barbuda,On-farm energy use,Emissions (N2O),kilotonnes,0,0,0,0,0,0,0,0,0,0,0,0,0,0,0,0,0,0,0,0,0
Antigua and Barbuda,On-farm energy use,Emissions (CO2),kilotonnes,3.8786,3.7262,3.8266,3.8895,3.8736,3.7976,3.8774,4.0809,3.8981,4.6537,3.309,2.8871,3.0141,2.9853,2.9395,3.1149,3.2008,3.1309,3.3876,3.4772,3.4772
Antigua and Barbuda,On-farm energy use,Emissions (CO2eq) from CH4 (AR5),kilotonnes,0.0086,0.0083,0.0085,0.0086,0.0086,0.0084,0.0086,0.0091,0.0086,0.0103,0.0073,0.0064,0.0067,0.0066,0.0065,0.0069,0.0071,0.0069,0.0075,0.0077,0.0077
Antigua and Barbuda,On-farm energy use,Emissions (CO2eq) from N2O (AR5),kilotonnes,0.0016,0.0016,0.0016,0.0016,0.0016,0.0016,0.0016,0.0017,0.0016,0.002,0.0014,0.0012,0.0013,0.0013,0.0012,0.0013,0.0013,0.0013,0.0014,0.0015,0.0015
Antigua and Barbuda,On-farm energy use,Emissions (CO2eq) (AR5),kilotonnes,3.8888,3.7361,3.8367,3.8998,3.8838,3.8076,3.8876,4.0916,3.9084,4.666,3.3177,2.8947,3.0221,2.9932,2.9472,3.1231,3.2092,3.1391,3.3965,3.4863,3.4863
Antigua and Barbuda,Forestland,Emissions (CO2),kilotonnes,,,,,,,,,,,,,,,,-59.8433,,,,,
Antigua and Barbuda,Forestland,Emissions (CO2eq) (AR5),kilotonnes,,,,,,,,,,,,,,,,-59.8433,,,,,
Antigua and Barbuda,Net Forest conversion,Emissions (CO2),kilotonnes,,,,,,,,,,,,,,,,7.4696,,,,,
Antigua and Barbuda,Net Forest conversion,Emissions (CO2eq) (AR5),kilotonnes,,,,,,,,,,,,,,,,7.4696,,,,,
Antigua and Barbuda,Savanna fires,Emissions (CH4),kilotonnes,0,0,0,0,0,0,0,0,0,0,0,0,0,0,0,0,0,0,0,0,0
Antigua and Barbuda,Savanna fires,Emissions (N2O),kilotonnes,0,0,0,0,0,0,0,0,0,0,0,0,0,0,0,0,0,0,0,0,0
Antigua and Barbuda,Savanna fires,Emissions (CO2eq) from CH4 (AR5),kilotonnes,0,0,0,0,0,0,0,0,0,0,0,0,0,0,0,0,0,0,0,0,0
Antigua and Barbuda,Savanna fires,Emissions (CO2eq) from N2O (AR5),kilotonnes,0,0,0,0,0,0,0,0,0,0,0,0,0,0,0,0,0,0,0,0,0
Antigua and Barbuda,Savanna fires,Emissions (CO2eq) (AR5),kilotonnes,0,0,0,0,0,0,0,0,0,0,0,0,0,0,0,0,0,0,0,0,0
Antigua and Barbuda,Fires in organic soils,Emissions (CH4),kilotonnes,0,0,0,0,0,0,0,0,0,0,0,0,0,0,0,0,0,0,0,0,0
Antigua and Barbuda,Fires in organic soils,Emissions (CO2),kilotonnes,0,0,0,0,0,0,0,0,0,0,0,0,0,0,0,0,0,0,0,0,0
Antigua and Barbuda,Fires in organic soils,Emissions (CO2eq) from CH4 (AR5),kilotonnes,0,0,0,0,0,0,0,0,0,0,0,0,0,0,0,0,0,0,0,0,0
Antigua and Barbuda,Fires in organic soils,Emissions (CO2eq) (AR5),kilotonnes,0,0,0,0,0,0,0,0,0,0,0,0,0,0,0,0,0,0,0,0,0
Antigua and Barbuda,Forest fires,Emissions (CH4),kilotonnes,0,0,0,0,0,0,0,0,0,0,0,0,0,0,0,0,0,0,0,0,0
Antigua and Barbuda,Forest fires,Emissions (N2O),kilotonnes,0,0,0,0,0,0,0,0,0,0,0,0,0,0,0,0,0,0,0,0,0
Antigua and Barbuda,Forest fires,Emissions (CO2eq) from CH4 (AR5),kilotonnes,0,0,0,0,0,0,0,0,0,0,0,0,0,0,0,0,0,0,0,0,0
Antigua and Barbuda,Forest fires,Emissions (CO2eq) from N2O (AR5),kilotonnes,0,0,0,0,0,0,0,0,0,0,0,0,0,0,0,0,0,0,0,0,0
Antigua and Barbuda,Forest fires,Emissions (CO2eq) (AR5),kilotonnes,0,0,0,0,0,0,0,0,0,0,0,0,0,0,0,0,0,0,0,0,0
Antigua and Barbuda,Fires in humid tropical forests,Emissions (CH4),kilotonnes,0,0,0,0,0,0,0,0,0,0,0,0,0,0,0,0,0,0,0,0,0
Antigua and Barbuda,Fires in humid tropical forests,Emissions (N2O),kilotonnes,0,0,0,0,0,0,0,0,0,0,0,0,0,0,0,0,0,0,0,0,0
Antigua and Barbuda,Fires in humid tropical forests,Emissions (CO2eq) from CH4 (AR5),kilotonnes,0,0,0,0,0,0,0,0,0,0,0,0,0,0,0,0,0,0,0,0,0
Antigua and Barbuda,Fires in humid tropical forests,Emissions (CO2eq) from N2O (AR5),kilotonnes,0,0,0,0,0,0,0,0,0,0,0,0,0,0,0,0,0,0,0,0,0
Antigua and Barbuda,Fires in humid tropical forests,Emissions (CO2eq) (AR5),kilotonnes,0,0,0,0,0,0,0,0,0,0,0,0,0,0,0,0,0,0,0,0,0
Antigua and Barbuda,Waste - agri-food systems,Emissions (CH4),kilotonnes,0.9985,1.0017,1.0043,1.0074,1.0109,1.0155,1.021,1.0271,1.0322,1.034,1.0331,1.0341,1.036,1.0374,1.0395,1.0424,1.0458,1.0487,1.0524,1.0558,1.055
Antigua and Barbuda,Waste - agri-food systems,Emissions (N2O),kilotonnes,0.0018,0.0018,0.0019,0.0019,0.0019,0.0023,0.0023,0.0024,0.0025,0.0025,0.0024,0.0026,0.0024,0.0026,0.0026,0.0026,0.0025,0.0026,0.0026,0.0027,0.0027
Antigua and Barbuda,Waste - agri-food systems,Emissions (CO2),kilotonnes,4.2281,4.2215,4.225,4.2354,4.2501,4.272,4.2975,4.3234,4.3322,4.3097,4.2959,4.2939,4.3049,4.3017,4.3132,4.3271,4.3419,4.3464,4.3649,4.3751,4.3322
Antigua and Barbuda,Waste - agri-food systems,Emissions (CO2eq) from CH4 (AR5),kilotonnes,27.9567,28.0465,28.1209,28.2074,28.3047,28.4341,28.5875,28.758,28.9027,28.951,28.9268,28.9551,29.0072,29.0482,29.1052,29.188,29.2826,29.3641,29.4684,29.5611,29.5398
Antigua and Barbuda,Waste - agri-food systems,Emissions (CO2eq) from N2O (AR5),kilotonnes,0.4882,0.4841,0.4909,0.5051,0.5091,0.614,0.6114,0.6353,0.6574,0.6521,0.6424,0.6769,0.6394,0.6847,0.6839,0.688,0.6501,0.6944,0.7008,0.7065,0.7121
Antigua and Barbuda,Waste - agri-food systems,Emissions (CO2eq) (AR5),kilotonnes,32.6729,32.7521,32.8369,32.948,33.064,33.3201,33.4964,33.7167,33.8922,33.9128,33.8651,33.9259,33.9514,34.0345,34.1024,34.2031,34.2746,34.4048,34.5341,34.6427,34.5841
Antigua and Barbuda,On-farm electricity use,Emissions (CH4),kilotonnes,0,0,0,0,0,0,0,0,0,0,0,0,0,0,0,0,0,0,0,0,0
Antigua and Barbuda,On-farm electricity use,Emissions (N2O),kilotonnes,0,0,0,0,0,0,0,0,0,0,0,0,0,0,0,0,0,0,0,0,0
Antigua and Barbuda,On-farm electricity use,Emissions (CO2),kilotonnes,0,0,0,0,0,0,0,0,0,0,0,0,0,0,0,0,0,0,0,0,0
Antigua and Barbuda,On-farm electricity use,Emissions (CO2eq) from CH4 (AR5),kilotonnes,0,0,0,0,0,0,0,0,0,0,0,0,0,0,0,0,0,0,0,0,0
Antigua and Barbuda,On-farm electricity use,Emissions (CO2eq) from N2O (AR5),kilotonnes,0,0,0,0,0,0,0,0,0,0,0,0,0,0,0,0,0,0,0,0,0
Antigua and Barbuda,On-farm electricity use,Emissions (CO2eq) (AR5),kilotonnes,0,0,0,0,0,0,0,0,0,0,0,0,0,0,0,0,0,0,0,0,0
Antigua and Barbuda,Food Processing,Emissions (CH4),kilotonnes,0.0002,0.0002,0,0,0,0,0,0,0.0001,0.0001,0.0001,0.0015,0.0016,0.002,0.0016,0.0017,0.0017,0.0015,0.0023,0.0028,0.0028
Antigua and Barbuda,Food Processing,Emissions (N2O),kilotonnes,0,0,0,0,0,0,0,0,0,0,0,0.0001,0.0002,0.0002,0.0002,0.0002,0.0002,0.0002,0.0003,0.0004,0.0004
Antigua and Barbuda,Food Processing,Emissions (CO2),kilotonnes,4.221,4.5022,2.9425,3.3329,4.1173,2.8408,2.7889,3.1037,1.998,2.2395,2.5226,9.8647,10.4719,13.3754,10.6115,10.7038,12.3269,13.9921,17.8288,17.8288,15.7175
Antigua and Barbuda,Food Processing,Emissions (CO2eq) from CH4 (AR5),kilotonnes,0.0056,0.0056,0,0,0,0,0,0,0.0028,0.0028,0.0028,0.042,0.0448,0.056,0.0448,0.0476,0.0476,0.042,0.0644,0.0784,0.0795
Antigua and Barbuda,Food Processing,Emissions (CO2eq) from N2O (AR5),kilotonnes,0,0,0,0,0,0,0,0,0,0,0,0.0265,0.053,0.053,0.053,0.053,0.053,0.053,0.0795,0.106,0.1092
Antigua and Barbuda,Food Processing,Emissions (CO2eq) (AR5),kilotonnes,4.2266,4.5078,2.9425,3.3329,4.1173,2.8408,2.7889,3.1037,2.0008,2.2423,2.5254,9.9332,10.5697,13.4844,10.7093,10.8044,12.4275,14.0871,17.9727,18.0132,15.9061
Antigua and Barbuda,Food Packaging,Emissions (CH4),kilotonnes,0,0,0,0,0,0,0,0,0,0,0,0,0,0,0,0,0,0,0,0,0
Antigua and Barbuda,Food Packaging,Emissions (N2O),kilotonnes,0,0,0,0,0,0,0,0,0,0,0,0,0,0,0,0,0,0,0,0,0
Antigua and Barbuda,Food Packaging,Emissions (CO2),kilotonnes,0,0,0,0,0,0,0,0,0,0,0,0.1375,0.1435,0.1663,0.136,0.1457,0.1521,0.1637,0.1683,0.137,0.1208
Antigua and Barbuda,Food Packaging,Emissions (CO2eq) from CH4 (AR5),kilotonnes,0,0,0,0,0,0,0,0,0,0,0,0,0,0,0,0,0,0,0,0,0
Antigua and Barbuda,Food Packaging,Emissions (CO2eq) from N2O (AR5),kilotonnes,0,0,0,0,0,0,0,0,0,0,0,0,0,0,0,0,0,0,0,0,0
Antigua and Barbuda,Food Packaging,Emissions (CO2eq) (AR5),kilotonnes,0,0,0,0,0,0,0,0,0,0,0,0.1375,0.1435,0.1663,0.136,0.1457,0.1521,0.1637,0.1683,0.137,0.1208
Antigua and Barbuda,Food Retail,Emissions (CH4),kilotonnes,0.0139,0.016,0.0178,0.0198,0.021,0.0228,0.0253,0.0274,0.0276,0.028,0.0249,0.0262,0.0337,0.0308,0.0315,0.0319,0.0319,0.0319,0.0365,0.0373,0.0378
Antigua and Barbuda,Food Retail,Emissions (N2O),kilotonnes,0.0001,0.0001,0.0001,0.0001,0.0001,0.0001,0.0001,0.0001,0.0001,0.0001,0.0001,0.0001,0.0002,0.0002,0.0002,0.0002,0.0002,0.0002,0.0002,0.0002,0.0002
Antigua and Barbuda,Food Retail,Emissions (CO2),kilotonnes,7.0621,8.1029,9.1008,10.2361,10.8115,11.7503,12.7258,13.7667,13.2356,14.1334,12.4231,12.772,15.8366,15.0673,15.4021,15.6253,15.6253,15.6253,17.8575,18.3358,16.1645
Antigua and Barbuda,Food Retail,Emissions (CO2eq) from F-gases (AR5),kilotonnes,2.5975,3.117,4.156,4.6755,5.7145,6.234,6.7535,7.7925,7.7925,7.7925,7.7925,7.7925,7.7925,7.7925,7.7925,7.7925,8.312,8.8315,8.8315,8.8315,9.224
Antigua and Barbuda,Food Retail,Emissions (CO2eq) from CH4 (AR5),kilotonnes,0.3892,0.448,0.4984,0.5544,0.588,0.6384,0.7084,0.7672,0.7728,0.784,0.6972,0.7336,0.9436,0.8624,0.882,0.8932,0.8932,0.8932,1.022,1.0444,1.0584
Antigua and Barbuda,Food Retail,Emissions (CO2eq) from N2O (AR5),kilotonnes,0.0265,0.0265,0.0265,0.0265,0.0265,0.0265,0.0265,0.0265,0.0265,0.0265,0.0265,0.0265,0.053,0.053,0.053,0.053,0.053,0.053,0.053,0.053,0.0546
Antigua and Barbuda,Food Retail,Emissions (CO2eq) (AR5),kilotonnes,10.0753,11.6944,13.7817,15.4925,17.1405,18.6492,20.2142,22.3529,21.8274,22.7364,20.9393,21.3246,24.6257,23.7752,24.1296,24.364,24.8835,25.403,27.764,28.2647,26.5015
Antigua and Barbuda,Food Household Consumption,Emissions (CH4),kilotonnes,0.017,0.0185,0.0203,0.0221,0.0232,0.0258,0.0273,0.0295,0.031,0.0324,0.0441,0.043,0.0335,0.0346,0.035,0.0368,0.0372,0.0379,0.0419,0.0423,0.0429
Antigua and Barbuda,Food Household Consumption,Emissions (N2O),kilotonnes,0.0001,0.0001,0.0001,0.0001,0.0001,0.0001,0.0002,0.0002,0.0002,0.0002,0.0002,0.0002,0.0002,0.0002,0.0002,0.0002,0.0002,0.0002,0.0002,0.0002,0.0002
Antigua and Barbuda,Food Household Consumption,Emissions (CO2),kilotonnes,11.2751,12.0136,13.0192,14.0449,14.5948,15.9074,17.2265,18.335,18.4425,20.0987,25.5221,24.6128,19.5007,20.7051,20.974,21.956,22.2249,22.5815,24.6334,24.8117,21.8735
Antigua and Barbuda,Food Household Consumption,Emissions (CO2eq) from CH4 (AR5),kilotonnes,0.476,0.518,0.5684,0.6188,0.6496,0.7224,0.7644,0.826,0.868,0.9072,1.2348,1.204,0.938,0.9688,0.98,1.0304,1.0416,1.0612,1.1732,1.1844,1.2003
Antigua and Barbuda,Food Household Consumption,Emissions (CO2eq) from N2O (AR5),kilotonnes,0.0265,0.0265,0.0265,0.0265,0.0265,0.0265,0.053,0.053,0.053,0.053,0.053,0.053,0.053,0.053,0.053,0.053,0.053,0.053,0.053,0.053,0.0546
Antigua and Barbuda,Food Household Consumption,Emissions (CO2eq) (AR5),kilotonnes,11.7776,12.5581,13.6141,14.6902,15.2709,16.6563,18.0439,19.214,19.3635,21.0589,26.8099,25.8698,20.4917,21.7269,22.007,23.0394,23.3195,23.6957,25.8596,26.0491,23.1284
Antigua and Barbuda,Food Transport,Emissions (CH4),kilotonnes,0.0025,0.0024,0.0021,0.0022,0.0021,0.0021,0.002,0.0019,0.0019,0.0023,0.0022,0.0025,0.0024,0.0026,0.0027,0.0026,0.0025,0.0024,0.0023,0.0026,0.0026
Antigua and Barbuda,Food Transport,Emissions (N2O),kilotonnes,0.0004,0.0005,0.0004,0.0005,0.0005,0.0006,0.0006,0.0006,0.0006,0.0007,0.0007,0.0008,0.0008,0.0009,0.0009,0.0009,0.0008,0.0008,0.0008,0.001,0.001
Antigua and Barbuda,Food Transport,Emissions (CO2),kilotonnes,13.7333,13.7309,12.7508,14.6252,15.8428,16.583,16.8203,17.1485,17.4837,20.4621,20.4631,20.243,22.2188,23.4307,24.3405,23.6683,23.1287,22.2438,21.6901,26.0984,23.0078
Antigua and Barbuda,Food Transport,Emissions (CO2eq) from CH4 (AR5),kilotonnes,0.07,0.0672,0.0588,0.0616,0.0588,0.0588,0.056,0.0532,0.0532,0.0644,0.0616,0.07,0.0672,0.0728,0.0756,0.0728,0.07,0.0672,0.0644,0.0728,0.0738
Antigua and Barbuda,Food Transport,Emissions (CO2eq) from N2O (AR5),kilotonnes,0.106,0.1325,0.106,0.1325,0.1325,0.159,0.159,0.159,0.159,0.1855,0.1855,0.212,0.212,0.2385,0.2385,0.2385,0.212,0.212,0.212,0.265,0.2729
Antigua and Barbuda,Food Transport,Emissions (CO2eq) (AR5),kilotonnes,13.9093,13.9306,12.9156,14.8193,16.0341,16.8008,17.0353,17.3607,17.6959,20.712,20.7102,20.525,22.498,23.742,24.6546,23.9796,23.4107,22.523,21.9665,26.4362,23.3545
Antigua and Barbuda,Energy,Emissions (CH4),kilotonnes,0.0389,0.0377,0.0355,0.0388,0.0373,0.0358,0.0345,0.0338,0.0337,0.0398,0.0335,0.0398,0.0428,0.0482,0.047,0.0455,0.0443,0.0387,0.0376,0.0447,0.0453
Antigua and Barbuda,Energy,Emissions (N2O),kilotonnes,0.0123,0.0124,0.0118,0.0129,0.0137,0.0135,0.0124,0.0136,0.0138,0.0158,0.0145,0.0187,0.0207,0.0202,0.0216,0.0208,0.0224,0.0207,0.0201,0.0234,0.0241
Antigua and Barbuda,Energy,Emissions (CO2),kilotonnes,293,297,330,352,367,374,385,407,418,444,455,444,458,462,462,480,491,500,515,532,469
Antigua and Barbuda,Energy,Emissions (CO2eq) from CH4 (AR5),kilotonnes,1.0892,1.0556,0.994,1.0864,1.0444,1.0024,0.966,0.9464,0.9436,1.1144,0.938,1.1144,1.1984,1.3496,1.316,1.274,1.2404,1.0836,1.0528,1.2516,1.2684
Antigua and Barbuda,Energy,Emissions (CO2eq) from N2O (AR5),kilotonnes,3.2595,3.286,3.127,3.4185,3.6305,3.5775,3.286,3.604,3.657,4.187,3.8425,4.9555,5.4855,5.353,5.724,5.512,5.936,5.4855,5.3265,6.201,6.3865
Antigua and Barbuda,Energy,Emissions (CO2eq) (AR5),kilotonnes,297.3487,301.3416,334.121,356.5049,371.6749,378.5799,389.252,411.5504,422.6006,449.3014,459.7805,450.0699,464.6839,468.7026,469.04,486.786,498.1764,506.5691,521.3793,539.4526,476.6549
Antigua and Barbuda,IPPU,Emissions (N2O),kilotonnes,0,0,0,0,0,0,0,0,0,0,0,0,0,0,0,0,0,0,0,0,0
Antigua and Barbuda,IPPU,Emissions (CO2),kilotonnes,2.52,2.63,2.68,2.79,2.82,3.04,3.05,3.05,3.07,3.34,3.24,3.15,3.08,3.15,3.18,3.16,3.15,3.13,3.14,3.22,3.23
Antigua and Barbuda,IPPU,Emissions (CO2eq) from F-gases (AR5),kilotonnes,3.0222,3.5566,4.1591,4.9268,5.9569,6.9966,7.7352,8.5514,9.3774,10.2034,10.9808,11.4667,12.2441,12.9243,13.7017,14.4791,15.2565,15.9368,16.7142,17.4916,18.269
Antigua and Barbuda,IPPU,Emissions (CO2eq) from N2O (AR5),kilotonnes,0.0002,0.0002,0.0003,0.0003,0.0003,0.0003,0.0003,0.0003,0.0003,0.0003,0.0003,0.0003,0.0003,0.0003,0.0003,0.0003,0.0003,0.0003,0.0003,0.0003,0.0003
Antigua and Barbuda,IPPU,Emissions (CO2eq) (AR5),kilotonnes,5.5424,6.1869,6.8394,7.7171,8.7771,10.0369,10.7854,11.6017,12.4477,13.5437,14.2211,14.617,15.3244,16.0746,16.882,17.6394,18.4068,19.0671,19.8545,20.7119,21.4993
Antigua and Barbuda,Waste,Emissions (CH4),kilotonnes,1.85,1.83,1.82,1.82,1.81,1.81,1.82,1.82,1.81,1.76,1.71,1.7,1.7,1.71,1.71,1.71,1.74,1.75,1.78,1.71,1.7
Antigua and Barbuda,Waste,Emissions (N2O),kilotonnes,0.0037,0.0037,0.0038,0.0038,0.0039,0.0042,0.0044,0.0048,0.0048,0.0049,0.005,0.005,0.005,0.0051,0.0051,0.0052,0.0051,0.0051,0.0052,0.0054,0.0055
Antigua and Barbuda,Waste,Emissions (CO2eq) from CH4 (AR5),kilotonnes,51.8,51.24,50.96,50.96,50.68,50.68,50.96,50.96,50.68,49.28,47.88,47.6,47.6,47.88,47.88,47.88,48.72,49,49.84,47.88,47.6
Antigua and Barbuda,Waste,Emissions (CO2eq) from N2O (AR5),kilotonnes,0.9699,0.9858,0.9991,1.0123,1.0229,1.1051,1.174,1.2588,1.2826,1.3091,1.3144,1.325,1.317,1.3409,1.3436,1.3754,1.3515,1.3595,1.3727,1.4416,1.4628
Antigua and Barbuda,Waste,Emissions (CO2eq) (AR5),kilotonnes,52.7699,52.2258,51.959,51.9723,51.7029,51.785,52.1339,52.2188,51.9626,50.5891,49.1944,48.925,48.9171,49.2209,49.2235,49.2553,50.0715,50.3595,51.2127,49.3216,49.0628
Antigua and Barbuda,Other,Emissions (N2O),kilotonnes,0.0196,0.0194,0.0199,0.0252,0.0264,0.0263,0.0261,0.0267,0.0279,0.0316,0.035,0.0377,0.0391,0.0403,0.0405,0.0411,0.04,0.0267,0.026,0.0381,0.0387
Antigua and Barbuda,Other,Emissions (CO2eq) from N2O (AR5),kilotonnes,5.194,5.141,5.2735,6.678,6.996,6.9695,6.9165,7.0755,7.3935,8.374,9.275,9.9905,10.3615,10.6795,10.7325,10.8915,10.6,7.0755,6.89,10.0965,10.2555
Antigua and Barbuda,Other,Emissions (CO2eq) (AR5),kilotonnes,5.194,5.141,5.2735,6.678,6.996,6.9695,6.9165,7.0755,7.3935,8.374,9.275,9.9905,10.3615,10.6795,10.7325,10.8915,10.6,7.0755,6.89,10.0965,10.2555
Antigua and Barbuda,Farm-gate emissions,Emissions (CH4),kilotonnes,1.1644,1.1973,1.216,1.2332,1.2581,1.2582,1.2637,1.2517,1.2486,1.2417,0.601,0.6059,0.6059,0.604,0.6057,0.6063,0.6038,0.6059,0.5938,0.5489,0.5349
Antigua and Barbuda,Farm-gate emissions,Direct emissions (N2O),kilotonnes,0.0308,0.0317,0.0323,0.0332,0.0333,0.0337,0.0338,0.0338,0.0335,0.0334,0.0191,0.0192,0.0195,0.0195,0.0193,0.0192,0.02,0.0192,0.0191,0.0179,0.0171
Antigua and Barbuda,Farm-gate emissions,Indirect emissions (N2O),kilotonnes,0.0101,0.0103,0.0106,0.0108,0.0109,0.011,0.011,0.0109,0.0107,0.0106,0.0069,0.007,0.0071,0.0071,0.007,0.0069,0.0072,0.007,0.0069,0.0065,0.0062
Antigua and Barbuda,Farm-gate emissions,Emissions (N2O),kilotonnes,0.0423,0.0435,0.0443,0.0456,0.0458,0.0462,0.0464,0.0463,0.0458,0.0456,0.0279,0.0281,0.0286,0.0285,0.0283,0.0281,0.0291,0.0282,0.028,0.0264,0.0254
Antigua and Barbuda,Farm-gate emissions,Emissions (CO2),kilotonnes,3.8786,3.7262,3.8266,3.8895,3.8736,3.7976,3.8774,4.0809,3.8981,4.6537,3.309,2.8871,3.0141,2.9853,2.9395,3.1149,3.2008,3.1309,3.3876,3.4772,3.4772
Antigua and Barbuda,Farm-gate emissions,Emissions (CO2eq) from CH4 (AR5),kilotonnes,32.6032,33.5248,34.0482,34.5298,35.2279,35.23,35.3826,35.0481,34.9607,34.7681,16.8276,16.9659,16.9661,16.9129,16.9605,16.9766,16.9063,16.966,16.6272,15.3705,14.9763
Antigua and Barbuda,Farm-gate emissions,Emissions (CO2eq) from N2O (AR5),kilotonnes,11.2135,11.5174,11.7507,12.0763,12.1255,12.2485,12.2964,12.2614,12.1279,12.0902,7.3972,7.4507,7.5759,7.5569,7.4946,7.4417,7.718,7.4619,7.4318,6.9846,6.7251
Antigua and Barbuda,Farm-gate emissions,Emissions (CO2eq) (AR5),kilotonnes,47.6953,48.7685,49.6254,50.4956,51.227,51.2761,51.5564,51.3904,50.9868,51.512,27.5338,27.3037,27.5562,27.4551,27.3946,27.5333,27.8251,27.5588,27.4466,25.8324,25.1785
Antigua and Barbuda,Land Use change,Emissions (CH4),kilotonnes,0,0,0,0,0,0,0,0,0,0,0,0,0,0,0,0,0,0,0,0,0
Antigua and Barbuda,Land Use change,Emissions (N2O),kilotonnes,0,0,0,0,0,0,0,0,0,0,0,0,0,0,0,0,0,0,0,0,0
Antigua and Barbuda,Land Use change,Emissions (CO2),kilotonnes,0,0,0,0,0,0,0,0,0,0,0,0,0,0,0,0,0,0,0,0,0
Antigua and Barbuda,Land Use change,Emissions (CO2eq) from CH4 (AR5),kilotonnes,0,0,0,0,0,0,0,0,0,0,0,0,0,0,0,0,0,0,0,0,0
Antigua and Barbuda,Land Use change,Emissions (CO2eq) from N2O (AR5),kilotonnes,0,0,0,0,0,0,0,0,0,0,0,0,0,0,0,0,0,0,0,0,0
Antigua and Barbuda,Land Use change,Emissions (CO2eq) (AR5),kilotonnes,0,0,0,0,0,0,0,0,0,0,0,0,0,0,0,0,0,0,0,0,0
Antigua and Barbuda,Emissions on agricultural land,Emissions (CH4),kilotonnes,1.1644,1.1973,1.216,1.2332,1.2581,1.2582,1.2637,1.2517,1.2486,1.2417,0.601,0.6059,0.6059,0.604,0.6057,0.6063,0.6038,0.6059,0.5938,0.5489,0.5349
Antigua and Barbuda,Emissions on agricultural land,Emissions (N2O),kilotonnes,0.0423,0.0435,0.0443,0.0456,0.0458,0.0462,0.0464,0.0463,0.0458,0.0456,0.0279,0.0281,0.0286,0.0285,0.0283,0.0281,0.0291,0.0282,0.028,0.0264,0.0254
Antigua and Barbuda,Emissions on agricultural land,Emissions (CO2),kilotonnes,3.8786,3.7262,3.8266,3.8895,3.8736,3.7976,3.8774,4.0809,3.8981,4.6537,3.309,2.8871,3.0141,2.9853,2.9395,3.1149,3.2008,3.1309,3.3876,3.4772,3.4772
Antigua and Barbuda,Emissions on agricultural land,Emissions (CO2eq) from CH4 (AR5),kilotonnes,32.6032,33.5248,34.0482,34.5298,35.2279,35.23,35.3826,35.0481,34.9607,34.7681,16.8276,16.9659,16.9661,16.9129,16.9605,16.9766,16.9063,16.966,16.6272,15.3705,14.9763
Antigua and Barbuda,Emissions on agricultural land,Emissions (CO2eq) from N2O (AR5),kilotonnes,11.2135,11.5174,11.7507,12.0763,12.1255,12.2485,12.2964,12.2614,12.1279,12.0902,7.3972,7.4507,7.5759,7.5569,7.4946,7.4417,7.718,7.4619,7.4318,6.9846,6.7251
Antigua and Barbuda,Emissions on agricultural land,Emissions (CO2eq) (AR5),kilotonnes,47.6953,48.7685,49.6254,50.4956,51.227,51.2761,51.5564,51.3904,50.9868,51.512,27.5338,27.3037,27.5562,27.4551,27.3946,27.5333,27.8251,27.5588,27.4466,25.8324,25.1785
Antigua and Barbuda,Pre- and post- production,Emissions (CH4),kilotonnes,1.0321,1.0388,1.0445,1.0515,1.0572,1.0662,1.0756,1.0859,1.0928,1.0968,1.1044,1.1073,1.1072,1.1074,1.1103,1.1154,1.1191,1.1224,1.1354,1.1408,1.1411
Antigua and Barbuda,Pre- and post- production,Emissions (N2O),kilotonnes,0.0024,0.0025,0.0025,0.0026,0.0026,0.0031,0.0032,0.0033,0.0034,0.0035,0.0034,0.0038,0.0038,0.0041,0.0041,0.0041,0.0039,0.004,0.0041,0.0045,0.0045
Antigua and Barbuda,Pre- and post- production,Emissions (CO2),kilotonnes,40.5196,42.5711,42.0383,46.4745,49.6165,51.3535,53.859,56.6773,55.492,61.2434,65.2268,71.9239,72.4764,77.0465,75.7773,76.4262,77.7998,78.9528,86.543,91.5868,81.2162
Antigua and Barbuda,Pre- and post- production,Emissions (CO2eq) from F-gases (AR5),kilotonnes,2.5975,3.117,4.156,4.6755,5.7145,6.234,6.7535,7.7925,7.7925,7.7925,7.7925,7.7925,7.7925,7.7925,7.7925,7.7925,8.312,8.8315,8.8315,8.8315,9.224
Antigua and Barbuda,Pre- and post- production,Emissions (CO2eq) from CH4 (AR5),kilotonnes,28.8975,29.0853,29.2465,29.4422,29.6011,29.8537,30.1163,30.4044,30.5995,30.7094,30.9232,31.0047,31.0008,31.0082,31.0876,31.232,31.335,31.4277,31.7924,31.9411,31.9517
Antigua and Barbuda,Pre- and post- production,Emissions (CO2eq) from N2O (AR5),kilotonnes,0.6472,0.6696,0.6499,0.6906,0.6946,0.826,0.8499,0.8738,0.8959,0.9171,0.9074,0.9949,1.0104,1.0822,1.0814,1.0855,1.0211,1.0654,1.0983,1.1835,1.2034
Antigua and Barbuda,Pre- and post- production,Emissions (CO2eq) (AR5),kilotonnes,72.6617,75.443,76.0908,81.2829,85.6268,88.2672,91.5787,95.748,94.7798,100.6624,104.8499,111.716,112.28,116.9293,115.7389,116.5362,118.4679,120.2773,128.2652,133.5429,123.5953
Antigua and Barbuda,Agri-food systems,Emissions (CH4),kilotonnes,2.1965,2.2361,2.2605,2.2847,2.3153,2.3244,2.3392,2.3376,2.3414,2.3385,1.7054,1.7132,1.7131,1.7115,1.716,1.7217,1.7229,1.7283,1.7293,1.6897,1.676
Antigua and Barbuda,Agri-food systems,Emissions (N2O),kilotonnes,0.0448,0.046,0.0468,0.0482,0.0484,0.0493,0.0496,0.0496,0.0491,0.0491,0.0313,0.0319,0.0324,0.0326,0.0324,0.0322,0.033,0.0322,0.0322,0.0308,0.0299
Antigua and Barbuda,Agri-food systems,Emissions (CO2),kilotonnes,44.3981,46.2973,45.8649,50.364,53.4901,55.1511,57.7364,60.7581,59.3901,65.8971,68.5357,74.811,75.4905,80.0318,78.7168,79.5411,81.0006,82.0836,89.9305,95.064,84.6934
Antigua and Barbuda,Agri-food systems,Emissions (CO2eq) from F-gases (AR5),kilotonnes,2.5975,3.117,4.156,4.6755,5.7145,6.234,6.7535,7.7925,7.7925,7.7925,7.7925,7.7925,7.7925,7.7925,7.7925,7.7925,8.312,8.8315,8.8315,8.8315,9.224
Antigua and Barbuda,Agri-food systems,Emissions (CO2eq) from CH4 (AR5),kilotonnes,61.5006,62.6101,63.2947,63.972,64.829,65.0836,65.4988,65.4525,65.5602,65.4775,47.7508,47.9706,47.9669,47.9211,48.0481,48.2086,48.2413,48.3937,48.4196,47.3116,46.928
Antigua and Barbuda,Agri-food systems,Emissions (CO2eq) from N2O (AR5),kilotonnes,11.8608,12.187,12.4006,12.7669,12.8202,13.0746,13.1463,13.1352,13.0238,13.0073,8.3047,8.4456,8.5863,8.639,8.576,8.5273,8.7391,8.5272,8.5301,8.1682,7.9285
Antigua and Barbuda,Agri-food systems,Emissions (CO2eq) (AR5),kilotonnes,120.357,124.2115,125.7162,131.7785,136.8538,139.5433,143.135,147.1384,145.7665,152.1743,132.3837,139.0197,139.8362,144.3844,143.1335,144.0695,146.293,147.8361,155.7118,159.3753,148.7738
Antigua and Barbuda,IPCC Agriculture,Emissions (CH4),kilotonnes,1.1641,1.197,1.2157,1.2329,1.2578,1.2579,1.2634,1.2514,1.2483,1.2413,0.6007,0.6057,0.6057,0.6038,0.6055,0.6061,0.6035,0.6057,0.5936,0.5487,0.5346
Antigua and Barbuda,IPCC Agriculture,Emissions (CH4),kilotonnes,1.13,,,,,,,,,,,,,,,,,,,,
Antigua and Barbuda,IPCC Agriculture,Direct emissions (N2O),kilotonnes,0.0308,0.0317,0.0323,0.0332,0.0333,0.0337,0.0338,0.0338,0.0335,0.0334,0.0191,0.0192,0.0195,0.0195,0.0193,0.0192,0.02,0.0192,0.0191,0.0179,0.0171
Antigua and Barbuda,IPCC Agriculture,Indirect emissions (N2O),kilotonnes,0.0101,0.0103,0.0106,0.0108,0.0109,0.011,0.011,0.0109,0.0107,0.0106,0.0069,0.007,0.0071,0.0071,0.007,0.0069,0.0072,0.007,0.0069,0.0065,0.0062
Antigua and Barbuda,IPCC Agriculture,Emissions (N2O),kilotonnes,0.0423,0.0435,0.0443,0.0456,0.0458,0.0462,0.0464,0.0463,0.0458,0.0456,0.0279,0.0281,0.0286,0.0285,0.0283,0.0281,0.0291,0.0282,0.028,0.0264,0.0254
Antigua and Barbuda,IPCC Agriculture,Emissions (N2O),kilotonnes,0.26,,,,,,,,,,,,,,,,,,,,
Antigua and Barbuda,IPCC Agriculture,Emissions (CO2eq) from CH4 (AR5),kilotonnes,32.5946,33.5165,34.0397,34.5211,35.2193,35.2215,35.374,35.039,34.9521,34.7578,16.8202,16.9595,16.9594,16.9063,16.954,16.9697,16.8992,16.9591,16.6197,15.3628,14.9686
Antigua and Barbuda,IPCC Agriculture,Emissions (CO2eq) from CH4 (AR5),kilotonnes,31.64,,,,,,,,,,,,,,,,,,,,
Antigua and Barbuda,IPCC Agriculture,Emissions (CO2eq) from N2O (AR5),kilotonnes,11.2119,11.5159,11.749,12.0747,12.1239,12.2469,12.2948,12.2597,12.1263,12.0882,7.3958,7.4495,7.5747,7.5556,7.4934,7.4404,7.7167,7.4606,7.4304,6.9832,6.7236
Antigua and Barbuda,IPCC Agriculture,Emissions (CO2eq) from N2O (AR5),kilotonnes,68.9,,,,,,,,,,,,,,,,,,,,
Antigua and Barbuda,IPCC Agriculture,Emissions (CO2eq) (AR5),kilotonnes,43.8065,45.0324,45.7887,46.5958,47.3432,47.4685,47.6688,47.2988,47.0783,46.846,24.2161,24.409,24.5341,24.4619,24.4473,24.4101,24.6159,24.4197,24.0501,22.346,21.6922
Antigua and Barbuda,IPCC Agriculture,Emissions (CO2eq) (AR5),kilotonnes,100.54,,,,,,,,,,,,,,,,,,,,
Antigua and Barbuda,Agricultural Soils,Direct emissions (N2O),kilotonnes,0.0308,0.0317,0.0323,0.0332,0.0333,0.0337,0.0338,0.0338,0.0335,0.0334,0.0191,0.0192,0.0195,0.0195,0.0193,0.0192,0.02,0.0192,0.0191,0.0179,0.0171
Antigua and Barbuda,Agricultural Soils,Indirect emissions (N2O),kilotonnes,0.0101,0.0103,0.0106,0.0108,0.0109,0.011,0.011,0.0109,0.0107,0.0106,0.0069,0.007,0.0071,0.0071,0.007,0.0069,0.0072,0.007,0.0069,0.0065,0.0062
Antigua and Barbuda,Agricultural Soils,Emissions (N2O),kilotonnes,0.0409,0.042,0.0429,0.044,0.0442,0.0446,0.0448,0.0447,0.0442,0.044,0.026,0.0261,0.0266,0.0266,0.0263,0.0261,0.0272,0.0262,0.026,0.0243,0.0233
Antigua and Barbuda,Agricultural Soils,Emissions (N2O),kilotonnes,0.18,,,,,,,,,,,,,,,,,,,,
Antigua and Barbuda,Agricultural Soils,Emissions (CO2eq) from N2O (AR5),kilotonnes,10.8383,11.1267,11.3577,11.6694,11.7082,11.8268,11.8722,11.8553,11.7039,11.6681,6.8787,6.9233,7.0484,7.0369,6.9736,6.9266,7.2014,6.9368,6.8975,6.4401,6.1665
Antigua and Barbuda,Agricultural Soils,Emissions (CO2eq) from N2O (AR5),kilotonnes,47.7,,,,,,,,,,,,,,,,,,,,
Antigua and Barbuda,Agricultural Soils,Emissions (CO2eq) (AR5),kilotonnes,10.8383,11.1267,11.3577,11.6694,11.7082,11.8268,11.8722,11.8553,11.7039,11.6681,6.8787,6.9233,7.0484,7.0369,6.9736,6.9266,7.2014,6.9368,6.8975,6.4401,6.1665
Antigua and Barbuda,Agricultural Soils,Emissions (CO2eq) (AR5),kilotonnes,47.7,,,,,,,,,,,,,,,,,,,,
Antigua and Barbuda,LULUCF,Emissions (CH4),kilotonnes,0,0,0,0,0,0,0,0,0,0,0,0,0,0,0,0,0,0,0,0,0
Antigua and Barbuda,LULUCF,Emissions (N2O),kilotonnes,0,0,0,0,0,0,0,0,0,0,0,0,0,0,0,0,0,0,0,0,0
Antigua and Barbuda,LULUCF,Emissions (CO2),kilotonnes,0,0,0,0,0,0,0,0,0,0,0,0,0,0,0,0,0,0,0,0,0
Antigua and Barbuda,LULUCF,Emissions (CO2),kilotonnes,11.2,,,,,,,,,,,,,,,,,,,,
Antigua and Barbuda,LULUCF,Emissions (CO2eq) from CH4 (AR5),kilotonnes,0,0,0,0,0,0,0,0,0,0,0,0,0,0,0,0,0,0,0,0,0
Antigua and Barbuda,LULUCF,Emissions (CO2eq) from N2O (AR5),kilotonnes,0,0,0,0,0,0,0,0,0,0,0,0,0,0,0,0,0,0,0,0,0
Antigua and Barbuda,LULUCF,Emissions (CO2eq) (AR5),kilotonnes,0,0,0,0,0,0,0,0,0,0,0,0,0,0,0,0,0,0,0,0,0
Antigua and Barbuda,LULUCF,Emissions (CO2eq) (AR5),kilotonnes,11.2,,,,,,,,,,,,,,,,,,,,
Antigua and Barbuda,AFOLU,Emissions (CH4),kilotonnes,1.1641,1.197,1.2157,1.2329,1.2578,1.2579,1.2634,1.2514,1.2483,1.2413,0.6007,0.6057,0.6057,0.6038,0.6055,0.6061,0.6035,0.6057,0.5936,0.5487,0.5346
Antigua and Barbuda,AFOLU,Emissions (N2O),kilotonnes,0.0423,0.0435,0.0443,0.0456,0.0458,0.0462,0.0464,0.0463,0.0458,0.0456,0.0279,0.0281,0.0286,0.0285,0.0283,0.0281,0.0291,0.0282,0.028,0.0264,0.0254
Antigua and Barbuda,AFOLU,Emissions (CO2),kilotonnes,0,0,0,0,0,0,0,0,0,0,0,0,0,0,0,0,0,0,0,0,0
Antigua and Barbuda,AFOLU,Emissions (CO2eq) from CH4 (AR5),kilotonnes,32.5946,33.5165,34.0397,34.5211,35.2193,35.2215,35.374,35.039,34.9521,34.7578,16.8202,16.9595,16.9594,16.9063,16.954,16.9697,16.8992,16.9591,16.6197,15.3628,14.9686
Antigua and Barbuda,AFOLU,Emissions (CO2eq) from N2O (AR5),kilotonnes,11.2119,11.5159,11.749,12.0747,12.1239,12.2469,12.2948,12.2597,12.1263,12.0882,7.3958,7.4495,7.5747,7.5556,7.4934,7.4404,7.7167,7.4606,7.4304,6.9832,6.7236
Antigua and Barbuda,AFOLU,Emissions (CO2eq) (AR5),kilotonnes,43.8065,45.0324,45.7887,46.5958,47.3432,47.4685,47.6688,47.2988,47.0783,46.846,24.2161,24.409,24.5341,24.4619,24.4473,24.4101,24.6159,24.4197,24.0501,22.346,21.6922
Antigua and Barbuda,All sectors with LULUCF,Emissions (CH4),kilotonnes,3.053,3.0647,3.0712,3.0917,3.1051,3.1037,3.1179,3.1052,3.092,3.0411,2.3442,2.3455,2.3485,2.362,2.3625,2.3616,2.3878,2.3944,2.4112,2.3034,2.2799
Antigua and Barbuda,All sectors with LULUCF,Emissions (N2O),kilotonnes,0.0779,0.079,0.0798,0.0875,0.0897,0.0902,0.0893,0.0913,0.0923,0.098,0.0824,0.0895,0.0934,0.0941,0.0954,0.0952,0.0966,0.0807,0.0793,0.0933,0.0937
Antigua and Barbuda,All sectors with LULUCF,Emissions (CO2),kilotonnes,295.52,299.63,332.68,354.79,369.82,377.04,388.05,410.05,421.07,447.34,458.24,447.15,461.08,465.15,465.18,483.16,494.15,503.13,518.14,535.22,472.23
Antigua and Barbuda,All sectors with LULUCF,Emissions (CO2eq) from F-gases (AR5),kilotonnes,3.0222,3.5566,4.1591,4.9268,5.9569,6.9966,7.7352,8.5514,9.3774,10.2034,10.9808,11.4667,12.2441,12.9243,13.7017,14.4791,15.2565,15.9368,16.7142,17.4916,18.269
Antigua and Barbuda,All sectors with LULUCF,Emissions (CO2eq) from CH4 (AR5),kilotonnes,85.4838,85.8121,85.9937,86.5675,86.9437,86.9039,87.3,86.9454,86.5757,85.1522,65.6382,65.6739,65.7578,66.1359,66.15,66.1237,66.8596,67.0427,67.5125,64.4944,63.837
Antigua and Barbuda,All sectors with LULUCF,Emissions (CO2eq) from N2O (AR5),kilotonnes,20.6356,20.9289,21.1488,23.1837,23.7736,23.8993,23.6715,24.1982,24.4596,25.9586,21.828,23.7208,24.739,24.9293,25.2937,25.2196,25.6045,21.3813,21.0199,24.7226,24.8287
Antigua and Barbuda,All sectors with LULUCF,Emissions (CO2eq) (AR5),kilotonnes,404.6615,409.9277,443.9817,469.4681,486.4941,494.8398,506.7566,529.7451,541.4827,568.6542,556.6871,548.0114,563.8209,569.1395,570.3254,588.9824,601.8706,607.4908,623.3865,641.9286,579.1646
Antigua and Barbuda,All sectors without LULUCF,Emissions (CH4),kilotonnes,3.053,3.0647,3.0712,3.0917,3.1051,3.1037,3.1179,3.1052,3.092,3.0411,2.3442,2.3455,2.3485,2.362,2.3625,2.3616,2.3878,2.3944,2.4112,2.3034,2.2799
Antigua and Barbuda,All sectors without LULUCF,Emissions (N2O),kilotonnes,0.0779,0.079,0.0798,0.0875,0.0897,0.0902,0.0893,0.0913,0.0923,0.098,0.0824,0.0895,0.0934,0.0941,0.0954,0.0952,0.0966,0.0807,0.0793,0.0933,0.0937
Antigua and Barbuda,All sectors without LULUCF,Emissions (CO2),kilotonnes,295.52,299.63,332.68,354.79,369.82,377.04,388.05,410.05,421.07,447.34,458.24,447.15,461.08,465.15,465.18,483.16,494.15,503.13,518.14,535.22,472.23
Antigua and Barbuda,All sectors without LULUCF,Emissions (CO2eq) from F-gases (AR5),kilotonnes,3.0222,3.5566,4.1591,4.9268,5.9569,6.9966,7.7352,8.5514,9.3774,10.2034,10.9808,11.4667,12.2441,12.9243,13.7017,14.4791,15.2565,15.9368,16.7142,17.4916,18.269
Antigua and Barbuda,All sectors without LULUCF,Emissions (CO2eq) from CH4 (AR5),kilotonnes,85.4838,85.8121,85.9937,86.5675,86.9437,86.9039,87.3,86.9454,86.5757,85.1522,65.6382,65.6739,65.7578,66.1359,66.15,66.1237,66.8596,67.0427,67.5125,64.4944,63.837
Antigua and Barbuda,All sectors without LULUCF,Emissions (CO2eq) from N2O (AR5),kilotonnes,20.6356,20.9289,21.1488,23.1837,23.7736,23.8993,23.6715,24.1982,24.4596,25.9586,21.828,23.7208,24.739,24.9293,25.2937,25.2196,25.6045,21.3813,21.0199,24.7226,24.8287
Antigua and Barbuda,All sectors without LULUCF,Emissions (CO2eq) (AR5),kilotonnes,404.6615,409.9277,443.9817,469.4681,486.4941,494.8398,506.7566,529.7451,541.4827,568.6542,556.6871,548.0114,563.8209,569.1395,570.3254,588.9824,601.8706,607.4908,623.3865,641.9286,579.1646
Argentina,Crop Residues,Direct emissions (N2O),kilotonnes,10.8122,11.9138,12.2684,12.5527,12.7659,14.6985,13.7861,16.2586,16.7278,11.7659,16.7276,18.4023,16.545,17.9884,18.5304,20.6633,20.8447,22.2681,19.1916,23.3075,22.8118
Argentina,Crop Residues,Indirect emissions (N2O),kilotonnes,2.4327,2.6806,2.7604,2.8244,2.8723,3.3072,3.1019,3.6582,3.7638,2.6473,3.7637,4.1405,3.7226,4.0474,4.1693,4.6492,4.6901,5.0103,4.3181,5.2442,5.1327
Argentina,Crop Residues,Emissions (N2O),kilotonnes,13.2449,14.5944,15.0288,15.3771,15.6383,18.0057,16.8879,19.9167,20.4916,14.4132,20.4913,22.5429,20.2677,22.0358,22.6997,25.3126,25.5347,27.2784,23.5097,28.5517,27.9445
Argentina,Crop Residues,Emissions (CO2eq) from N2O (AR5),kilotonnes,3509.9086,3867.5141,3982.6313,4074.9288,4144.1416,4771.5106,4475.2982,5277.9343,5430.2776,3819.4946,5430.1978,5973.8591,5370.9338,5839.4947,6015.4175,6707.8321,6766.7044,7228.7766,6230.0679,7566.1906,7405.2933
Argentina,Crop Residues,Emissions (CO2eq) (AR5),kilotonnes,3509.9086,3867.5141,3982.6313,4074.9288,4144.1416,4771.5106,4475.2982,5277.9343,5430.2776,3819.4946,5430.1978,5973.8591,5370.9338,5839.4947,6015.4175,6707.8321,6766.7044,7228.7766,6230.0679,7566.1906,7405.2933
Argentina,Rice Cultivation,Emissions (CH4),kilotonnes,52.934,42.5236,34.7228,37.2092,47.3698,44.5026,47.327,46.0978,51.0888,54.264,60.3876,72.0846,65.9042,65.156,68.096,65.1252,58.1672,57.148,55.4876,51.3198,51.884
Argentina,Rice Cultivation,Emissions (CO2eq) from CH4 (AR5),kilotonnes,1482.152,1190.6608,972.2384,1041.8576,1326.3555,1246.0739,1325.156,1290.7384,1430.4864,1519.392,1690.8528,2018.3688,1845.3165,1824.368,1906.688,1823.5056,1628.6816,1600.144,1553.6528,1436.9544,1452.752
Argentina,Rice Cultivation,Emissions (CO2eq) (AR5),kilotonnes,1482.152,1190.6608,972.2384,1041.8576,1326.3555,1246.0739,1325.156,1290.7384,1430.4864,1519.392,1690.8528,2018.3688,1845.3165,1824.368,1906.688,1823.5056,1628.6816,1600.144,1553.6528,1436.9544,1452.752
Argentina,Burning - Crop residues,Emissions (CH4),kilotonnes,15.8325,15.3336,14.6735,13.5636,13.3048,14.8643,12.8416,14.5052,16.4138,11.9284,12.2358,15.9863,15.8864,17.4322,17.8085,18.8675,19.6878,24.691,26.6579,27.165,29.296
Argentina,Burning - Crop residues,Emissions (CH4),kilotonnes,7.5379,,,,,,,,,,6.5276,,6.49,,,,,,,,
Argentina,Burning - Crop residues,Emissions (N2O),kilotonnes,0.4105,0.3975,0.3804,0.3516,0.3449,0.3854,0.3329,0.3761,0.4255,0.3093,0.3172,0.4145,0.4119,0.4519,0.4617,0.4892,0.5104,0.6401,0.6911,0.7043,0.7595
Argentina,Burning - Crop residues,Emissions (N2O),kilotonnes,0.1299,,,,,,,,,,0.1075,,0.107,,,,,,,,
Argentina,Burning - Crop residues,Emissions (CO2eq) from CH4 (AR5),kilotonnes,443.3097,429.3408,410.8571,379.7803,372.5345,416.2003,359.5639,406.1469,459.5861,333.9953,342.6034,447.6169,444.8183,488.1012,498.6376,528.2909,551.2582,691.3486,746.4221,760.6204,820.2871
Argentina,Burning - Crop residues,Emissions (CO2eq) from CH4 (AR5),kilotonnes,211.0612,,,,,,,,,,182.7728,,181.72,,,,,,,,
Argentina,Burning - Crop residues,Emissions (CO2eq) from N2O (AR5),kilotonnes,108.7751,105.3475,100.8122,93.1868,91.4089,102.1232,88.2263,99.6564,112.7688,81.9525,84.0647,109.8319,109.1452,119.7656,122.3509,129.6269,135.2624,169.6365,183.1499,186.6337,201.2742
Argentina,Burning - Crop residues,Emissions (CO2eq) from N2O (AR5),kilotonnes,34.4235,,,,,,,,,,28.4875,,28.355,,,,,,,,
Argentina,Burning - Crop residues,Emissions (CO2eq) (AR5),kilotonnes,552.0847,534.6883,511.6692,472.9671,463.9434,518.3235,447.7902,505.8033,572.3549,415.9478,426.6681,557.4489,553.9635,607.8668,620.9885,657.9178,686.5206,860.9851,929.5719,947.2542,1021.5613
Argentina,Burning - Crop residues,Emissions (CO2eq) (AR5),kilotonnes,245.4847,,,,,,,,,,211.2603,,210.075,,,,,,,,
Argentina,Enteric Fermentation,Emissions (CH4),kilotonnes,2919.5254,2928.5614,3098.45,3321.3078,3382.1651,3396.4126,3472.222,3497.128,3431.5847,3252.5568,2940.9036,2886.811,2995.1601,3057.8476,3090.4086,3084.4557,3124.6657,3245.0728,3239.8358,3255.3446,3225.4757
Argentina,Enteric Fermentation,Emissions (CH4),kilotonnes,2739.312,,,,,,,,,,2190.2205,,2245.5905,,,,,,,,
Argentina,Enteric Fermentation,Emissions (CO2eq) from CH4 (AR5),kilotonnes,81746.7112,81999.7192,86756.6,92996.618,94700.6234,95099.5519,97222.2173,97919.5853,96084.3722,91071.5913,82345.3009,80830.707,83864.484,85619.7324,86531.4399,86364.7604,87490.6397,90862.0381,90715.4027,91149.6499,90313.3192
Argentina,Enteric Fermentation,Emissions (CO2eq) from CH4 (AR5),kilotonnes,76700.736,,,,,,,,,,61326.174,,62876.534,,,,,,,,
Argentina,Enteric Fermentation,Emissions (CO2eq) (AR5),kilotonnes,81746.7112,81999.7192,86756.6,92996.618,94700.6234,95099.5519,97222.2173,97919.5853,96084.3722,91071.5913,82345.3009,80830.707,83864.484,85619.7324,86531.4399,86364.7604,87490.6397,90862.0381,90715.4027,91149.6499,90313.3192
Argentina,Enteric Fermentation,Emissions (CO2eq) (AR5),kilotonnes,76700.736,,,,,,,,,,61326.174,,62876.534,,,,,,,,
Argentina,Manure Management,Emissions (CH4),kilotonnes,60.6776,60.7976,63.4348,67.584,68.7646,69.3416,71.0726,71.6327,70.4668,67.2481,62.4891,61.7898,64.2544,65.7657,66.8911,65.3802,66.5667,68.8903,68.7908,69.1639,68.9128
Argentina,Manure Management,Emissions (CH4),kilotonnes,57.3189,,,,,,,,,,37.7062,,39.211,,,,,,,,
Argentina,Manure Management,Emissions (N2O),kilotonnes,1.0404,1.037,0.958,0.9463,0.9502,1.0503,1.1913,1.1889,1.1821,1.1692,1.4159,1.4944,1.6185,1.7384,1.8603,2.0483,1.9695,1.9864,1.991,1.984,2.0537
Argentina,Manure Management,Emissions (N2O),kilotonnes,0.5189,,,,,,,,,,4.26,,4.4905,,,,,,,,
Argentina,Manure Management,Emissions (CO2eq) from CH4 (AR5),kilotonnes,1698.9726,1702.3329,1776.1755,1892.3527,1925.4077,1941.564,1990.0325,2005.7153,1973.0703,1882.9456,1749.696,1730.1151,1799.1222,1841.4399,1872.9505,1830.6456,1863.8675,1928.9285,1926.1425,1936.589,1929.5575
Argentina,Manure Management,Emissions (CO2eq) from CH4 (AR5),kilotonnes,1604.9292,,,,,,,,,,1055.7736,,1097.908,,,,,,,,
Argentina,Manure Management,Emissions (CO2eq) from N2O (AR5),kilotonnes,275.7026,274.7939,253.8623,250.7623,251.8017,278.3225,315.6941,315.0509,313.2677,309.832,375.2059,396.0167,428.912,460.6829,492.9792,542.8111,521.9254,526.3972,527.603,525.7511,544.2266
Argentina,Manure Management,Emissions (CO2eq) from N2O (AR5),kilotonnes,137.5085,,,,,,,,,,1128.9,,1189.9825,,,,,,,,
Argentina,Manure Management,Emissions (CO2eq) (AR5),kilotonnes,1974.6752,1977.1268,2030.0378,2143.115,2177.2094,2219.8865,2305.7266,2320.7661,2286.338,2192.7777,2124.9019,2126.1319,2228.0341,2302.1228,2365.9296,2373.4567,2385.7929,2455.3256,2453.7455,2462.3401,2473.7841
Argentina,Manure Management,Emissions (CO2eq) (AR5),kilotonnes,1742.4377,,,,,,,,,,2184.6736,,2287.8905,,,,,,,,
Argentina,Manure left on Pasture,Direct emissions (N2O),kilotonnes,65.9389,66.153,70.0587,75.319,76.7867,77.0367,78.5915,79.2647,77.8312,73.8309,66.8408,65.6133,68.0274,69.4131,70.3327,68.8054,71.0283,73.8047,73.7009,74.107,73.4152
Argentina,Manure left on Pasture,Indirect emissions (N2O),kilotonnes,15.222,15.2599,16.083,17.269,17.634,17.7006,18.044,18.2071,17.8948,17.0164,15.4998,15.238,15.761,16.0479,16.2403,15.7881,16.2554,16.8507,16.7991,16.9116,16.7651
Argentina,Manure left on Pasture,Emissions (N2O),kilotonnes,81.1609,81.413,86.1417,92.588,94.4206,94.7374,96.6355,97.4719,95.726,90.8474,82.3406,80.8513,83.7883,85.461,86.573,84.5936,87.2837,90.6554,90.5,91.0186,90.1803
Argentina,Manure left on Pasture,Emissions (CO2eq) from N2O (AR5),kilotonnes,21507.648,21574.4318,22827.5421,24535.8166,25021.4704,25105.4042,25608.413,25830.0517,25367.393,24074.5556,21820.2543,21425.5822,22203.9114,22647.1668,22941.8352,22417.2919,23130.1873,24023.6816,23982.5057,24119.9185,23897.7836
Argentina,Manure left on Pasture,Emissions (CO2eq) (AR5),kilotonnes,21507.648,21574.4318,22827.5421,24535.8166,25021.4704,25105.4042,25608.413,25830.0517,25367.393,24074.5556,21820.2543,21425.5822,22203.9114,22647.1668,22941.8352,22417.2919,23130.1873,24023.6816,23982.5057,24119.9185,23897.7836
Argentina,Manure applied to Soils,Direct emissions (N2O),kilotonnes,2.4996,2.5098,2.2617,2.2102,2.2214,2.3474,2.566,2.5163,2.4822,2.4356,2.6198,2.7099,2.8461,2.9488,2.9321,3.8196,2.9321,2.9438,2.8771,2.8923,2.9592
Argentina,Manure applied to Soils,Indirect emissions (N2O),kilotonnes,1.0623,1.0667,0.9612,0.9393,0.9441,0.9976,1.0905,1.0694,1.0549,1.0351,1.1134,1.1517,1.2096,1.2532,1.2461,1.6233,1.2461,1.2511,1.2228,1.2292,1.2577
Argentina,Manure applied to Soils,Emissions (N2O),kilotonnes,3.562,3.5764,3.2229,3.1495,3.1655,3.345,3.6565,3.5858,3.5371,3.4707,3.7333,3.8616,4.0557,4.202,4.1782,5.4429,4.1783,4.195,4.0998,4.1215,4.2169
Argentina,Manure applied to Soils,Emissions (CO2eq) from N2O (AR5),kilotonnes,943.926,947.7568,854.0582,834.622,838.8682,886.4219,968.9719,950.2264,937.3302,919.7246,989.3124,1023.3128,1074.764,1113.5375,1107.2349,1442.3609,1107.2384,1111.669,1086.4565,1092.1867,1117.4751
Argentina,Manure applied to Soils,Emissions (CO2eq) (AR5),kilotonnes,943.926,947.7568,854.0582,834.622,838.8682,886.4219,968.9719,950.2264,937.3302,919.7246,989.3124,1023.3128,1074.764,1113.5375,1107.2349,1442.3609,1107.2384,1111.669,1086.4565,1092.1867,1117.4751
Argentina,Synthetic Fertilizers,Direct emissions (N2O),kilotonnes,7.8292,7.8021,8.4007,11.6389,12.5152,10.0635,12.3778,15.4212,11.9736,7.4967,12.1196,13.4701,11.5483,12.3853,12.3214,9.4833,14.51,15.3347,18.2367,20.0907,22.006
Argentina,Synthetic Fertilizers,Indirect emissions (N2O),kilotonnes,2.5445,2.5357,2.7302,3.7827,4.0674,3.2706,4.0228,5.0119,3.8914,2.4364,3.9389,4.3778,3.7532,4.0252,4.0045,3.0821,4.7157,4.9838,5.9269,6.5295,7.1519
Argentina,Synthetic Fertilizers,Emissions (N2O),kilotonnes,10.3737,10.3378,11.131,15.4216,16.5827,13.3342,16.4006,20.4331,15.8651,9.9331,16.0584,17.8479,15.3015,16.4105,16.3259,12.5653,19.2257,20.3184,24.1637,26.6202,29.1579
Argentina,Synthetic Fertilizers,Emissions (CO2eq) from N2O (AR5),kilotonnes,2749.0344,2739.5274,2949.7068,4086.7183,4394.4061,3533.5545,4346.1485,5414.7794,4204.2448,2632.2693,4255.482,4729.6989,4054.8868,4348.7804,4326.365,3329.8159,5094.8138,5384.3885,6403.3736,7054.3455,7726.8546
Argentina,Synthetic Fertilizers,Emissions (CO2eq) (AR5),kilotonnes,2749.0344,2739.5274,2949.7068,4086.7183,4394.4061,3533.5545,4346.1485,5414.7794,4204.2448,2632.2693,4255.482,4729.6989,4054.8868,4348.7804,4326.365,3329.8159,5094.8138,5384.3885,6403.3736,7054.3455,7726.8546
Argentina,Drained organic soils,Emissions (CO2eq) (AR5),kilotonnes,5729.7736,5748.6081,5783.3952,5792.1596,5787.6317,5773.5692,5775.3628,5774.0318,5789.6327,5787.3901,5792.3872,5801.665,5800.9051,5797.1182,5790.8265,5790.4466,5801.232,5802.9696,5812.0539,5818.3692,5801.1533
Argentina,Drained organic soils (CO2),Emissions (CO2),kilotonnes,5154.3491,5172.8819,5205.6978,5214.1013,5210.0713,5197.0239,5198.8975,5198.0361,5212.2518,5210.3648,5214.6131,5223.3922,5222.7532,5219.5236,5213.9434,5213.624,5222.7425,5224.2033,5230.2714,5231.4007,5215.7866
Argentina,Drained organic soils (CO2),Emissions (CO2eq) (AR5),kilotonnes,5154.3491,5172.8819,5205.6978,5214.1013,5210.0713,5197.0239,5198.8975,5198.0361,5212.2518,5210.3648,5214.6131,5223.3922,5222.7532,5219.5236,5213.9434,5213.624,5222.7425,5224.2033,5230.2714,5231.4007,5215.7866
Argentina,Drained organic soils (N2O),Emissions (N2O),kilotonnes,2.1714,2.1726,2.18,2.1814,2.1795,2.1756,2.1753,2.1736,2.1788,2.1775,2.1803,2.1822,2.1817,2.1796,2.1769,2.1767,2.183,2.184,2.1954,2.215,2.2089
Argentina,Drained organic soils (N2O),Emissions (CO2eq) from N2O (AR5),kilotonnes,575.4245,575.7262,577.6973,578.0583,577.5604,576.5454,576.4653,575.9957,577.3809,577.0253,577.7741,578.2728,578.1518,577.5946,576.8831,576.8226,578.4895,578.7663,581.7826,586.9685,585.3667
Argentina,Drained organic soils (N2O),Emissions (CO2eq) (AR5),kilotonnes,575.4245,575.7262,577.6973,578.0583,577.5604,576.5454,576.4653,575.9957,577.3809,577.0253,577.7741,578.2728,578.1518,577.5946,576.8831,576.8226,578.4895,578.7663,581.7826,586.9685,585.3667
Argentina,On-farm energy use,Emissions (CH4),kilotonnes,1.0786,0.9848,0.9949,1.1027,1.235,1.3365,1.0425,0.9197,1.0233,0.8908,0.7724,0.6443,0.6521,0.8616,0.7985,0.8379,0.8013,0.8072,0.8342,0.8413,0.8413
Argentina,On-farm energy use,Emissions (N2O),kilotonnes,2.9503,2.7816,2.7979,3.2791,3.9174,5.4734,3.9138,3.4287,4.8439,4.6186,3.778,3.3027,3.3126,4.585,4.1975,4.4032,4.3536,4.5138,4.3673,4.4013,4.4013
Argentina,On-farm energy use,Emissions (CO2),kilotonnes,13999.7833,12876.1869,13007.6073,14758.7518,16726.9712,19579.7549,14813.3889,12930.7019,15439.8244,13716.8428,11555.2634,9804.6963,9960.7445,13404.7293,12344.6434,12981.0122,12635.3279,12897.4086,12626.5871,12682.9759,12682.9759
Argentina,On-farm energy use,Emissions (CO2eq) from CH4 (AR5),kilotonnes,30.1997,27.5755,27.8572,30.8751,34.5794,37.4222,29.1891,25.7505,28.651,24.943,21.6277,18.0403,18.2576,24.1259,22.3582,23.4625,22.4354,22.6011,23.3575,23.5574,23.5574
Argentina,On-farm energy use,Emissions (CO2eq) from N2O (AR5),kilotonnes,781.8221,737.1178,741.456,868.9563,1038.1239,1450.4387,1037.1589,908.6106,1283.6365,1223.9262,1001.1652,875.2081,877.8313,1215.0158,1112.3297,1166.858,1153.7123,1196.152,1157.3443,1166.3472,1166.3472
Argentina,On-farm energy use,Emissions (CO2eq) (AR5),kilotonnes,14811.8052,13640.8803,13776.9205,15658.5833,17799.6745,21067.6158,15879.7368,13865.063,16752.1119,14965.712,12578.0563,10697.9448,10856.8334,14643.8711,13479.3313,14171.3328,13811.4756,14116.1617,13807.289,13872.8805,13872.8805
Argentina,Forestland,Emissions (CO2),kilotonnes,-40102.7293,-35904.11,-35904.11,-35904.11,-35904.11,-35904.11,-35904.11,-35904.11,-35904.11,-35904.11,-35904.11,-34737.0613,-34737.0613,-34737.0613,-34737.0613,-34737.0613,-27952.2907,-27952.2907,-27952.2907,-27952.2907,-27952.2907
Argentina,Forestland,Emissions (CO2eq) (AR5),kilotonnes,-40102.7293,-35904.11,-35904.11,-35904.11,-35904.11,-35904.11,-35904.11,-35904.11,-35904.11,-35904.11,-35904.11,-34737.0613,-34737.0613,-34737.0613,-34737.0613,-34737.0613,-27952.2907,-27952.2907,-27952.2907,-27952.2907,-27952.2907
Argentina,Net Forest conversion,Emissions (CO2),kilotonnes,81523.288,127768.6667,127768.6667,127768.6667,127768.6667,127768.6667,127768.6667,127768.6667,127768.6667,127768.6667,127768.6667,97341.75,97341.75,97341.75,97341.75,97341.75,54702.45,54702.45,54702.45,54702.45,54702.45
Argentina,Net Forest conversion,Emissions (CO2eq) (AR5),kilotonnes,81523.288,127768.6667,127768.6667,127768.6667,127768.6667,127768.6667,127768.6667,127768.6667,127768.6667,127768.6667,127768.6667,97341.75,97341.75,97341.75,97341.75,97341.75,54702.45,54702.45,54702.45,54702.45,54702.45
Argentina,Savanna fires,Emissions (CH4),kilotonnes,130.6328,106.4444,65.5753,86.3827,54.6077,40.5737,41.993,41.5874,53.0148,37.2706,29.5906,38.4857,35.407,32.3376,26.0534,28.4442,44.1219,67.9082,42.8015,27.5016,68.3801
Argentina,Savanna fires,Emissions (N2O),kilotonnes,11.9273,9.7188,5.9873,7.8871,4.9859,3.7046,3.8341,3.7971,4.8405,3.403,2.7018,3.5139,3.2328,2.9526,2.3788,2.5971,4.0285,6.2003,3.908,2.511,6.2434
Argentina,Savanna fires,Emissions (CO2eq) from CH4 (AR5),kilotonnes,3657.7174,2980.4426,1836.1075,2418.7157,1529.0161,1136.0636,1175.8043,1164.4483,1484.4135,1043.5774,828.5376,1077.5995,991.3971,905.4542,729.4955,796.4382,1235.4128,1901.43,1198.4427,770.0456,1914.6433
Argentina,Savanna fires,Emissions (CO2eq) from N2O (AR5),kilotonnes,3160.7451,2575.4912,1586.6364,2090.0858,1321.2693,981.7072,1016.0483,1006.2352,1282.7269,901.787,715.9645,931.1865,856.6964,782.4305,630.3792,688.2265,1067.5578,1643.0835,1035.6108,665.4199,1654.5016
Argentina,Savanna fires,Emissions (CO2eq) (AR5),kilotonnes,6818.4625,5555.9338,3422.744,4508.8015,2850.2854,2117.7708,2191.8526,2170.6834,2767.1404,1945.3645,1544.5021,2008.786,1848.0935,1687.8847,1359.8747,1484.6647,2302.9706,3544.5135,2234.0535,1435.4655,3569.1449
Argentina,Fires in organic soils,Emissions (CH4),kilotonnes,0,0,0,0,0,0,0,0,0,0,0,0,0,0,0,0,0,0,0,0,0
Argentina,Fires in organic soils,Emissions (CO2),kilotonnes,0,0,0,0,0,0,0,0,0,0,0,0,0,0,0,0,0,0,0,0,0
Argentina,Fires in organic soils,Emissions (CO2eq) from CH4 (AR5),kilotonnes,0,0,0,0,0,0,0,0,0,0,0,0,0,0,0,0,0,0,0,0,0
Argentina,Fires in organic soils,Emissions (CO2eq) (AR5),kilotonnes,0,0,0,0,0,0,0,0,0,0,0,0,0,0,0,0,0,0,0,0,0
Argentina,Forest fires,Emissions (CH4),kilotonnes,63.6074,7.0685,7.0909,10.3149,13.2262,11.1878,9.8766,9.6801,11.0014,14.165,8.5556,5.4487,6.9256,21.8827,1.9904,4.8868,4.0564,15.7655,3.2781,3.0101,26.0966
Argentina,Forest fires,Emissions (N2O),kilotonnes,2.1155,0.6454,0.6474,0.9418,1.2076,1.0215,0.9018,0.8838,1.0045,1.2933,0.7812,0.4975,0.6323,1.998,0.1817,0.4462,0.3704,1.4395,0.2993,0.2748,2.3827
Argentina,Forest fires,Emissions (CO2eq) from CH4 (AR5),kilotonnes,1781.0075,197.9178,198.5441,288.8178,370.3332,313.2572,276.5458,271.0439,308.0397,396.6213,239.5575,152.5633,193.9173,612.7147,55.7302,136.8317,113.5799,441.4333,91.7882,84.2838,730.7035
Argentina,Forest fires,Emissions (CO2eq) from N2O (AR5),kilotonnes,560.6168,171.0268,171.568,249.5762,320.0162,270.6951,238.9716,234.2173,266.1865,342.7326,207.0089,131.8346,167.5699,529.4654,48.1582,118.2405,98.1479,381.4559,79.317,72.8322,631.4231
Argentina,Forest fires,Emissions (CO2eq) (AR5),kilotonnes,2341.6242,368.9446,370.1122,538.394,690.3494,583.9524,515.5174,505.2612,574.2262,739.3539,446.5663,284.398,361.4872,1142.18,103.8884,255.0722,211.7278,822.8892,171.1052,157.116,1362.1267
Argentina,Fires in humid tropical forests,Emissions (CH4),kilotonnes,28.753,4.1827,2.799,5.5365,5.7051,4.8238,3.0733,4.7367,2.9907,5.7402,4.6502,1.9004,3.3744,17.1469,0.9995,1.0847,1.9296,13.6495,1.8899,1.5674,11.5587
Argentina,Fires in humid tropical forests,Emissions (N2O),kilotonnes,0.8457,0.3819,0.2556,0.5055,0.5209,0.4404,0.2806,0.4325,0.2731,0.5241,0.4246,0.1735,0.3081,1.5656,0.0913,0.099,0.1762,1.2463,0.1726,0.1431,1.0554
Argentina,Fires in humid tropical forests,Emissions (CO2eq) from CH4 (AR5),kilotonnes,805.0837,117.1152,78.3731,155.0212,159.7417,135.0665,86.0517,132.6278,83.7402,160.7246,130.2057,53.2124,94.4836,480.1143,27.9857,30.3722,54.0283,382.1854,52.9159,43.8865,323.6435
Argentina,Fires in humid tropical forests,Emissions (CO2eq) from N2O (AR5),kilotonnes,224.1041,101.2028,67.7245,133.9586,138.0377,116.7151,74.3599,114.6077,72.3624,138.887,112.5147,45.9825,81.6461,414.8814,24.1833,26.2455,46.6875,330.2581,45.7262,37.9237,279.6702
Argentina,Fires in humid tropical forests,Emissions (CO2eq) (AR5),kilotonnes,1029.1878,218.3179,146.0976,288.9798,297.7794,251.7815,160.4116,247.2355,156.1026,299.6116,242.7205,99.1949,176.1297,894.9957,52.169,56.6177,100.7158,712.4435,98.6421,81.8102,603.3137
Argentina,Waste - agri-food systems,Emissions (CH4),kilotonnes,363.629,368.1244,369.8114,373.756,376.7884,380.6139,382.417,388.3383,392.7329,395.0542,395.3539,396.446,399.697,401.1939,396.9098,393.7844,395.1347,397.1972,398.7145,399.0444,399.113
Argentina,Waste - agri-food systems,Emissions (N2O),kilotonnes,1.4729,1.4442,1.333,1.3807,1.3909,1.4628,1.5113,1.5606,1.6003,1.6132,1.6198,1.6589,1.6888,1.6994,1.6516,1.7229,1.7037,1.7413,1.7749,1.8072,1.8392
Argentina,Waste - agri-food systems,Emissions (CO2),kilotonnes,3.8549,3.8467,3.6988,3.7378,3.7751,3.8026,3.8255,3.8566,3.89,3.878,3.9132,3.946,3.9503,3.9519,3.9449,3.9628,3.9533,3.9743,3.9445,3.9229,3.901
Argentina,Waste - agri-food systems,Emissions (CO2eq) from CH4 (AR5),kilotonnes,10181.6124,10307.4844,10354.7188,10465.1673,10550.0738,10657.1903,10707.6767,10873.473,10996.5213,11061.5167,11069.9082,11100.4884,11191.5149,11233.428,11113.474,11025.9636,11063.7714,11121.5206,11164.0056,11173.242,11175.1636
Argentina,Waste - agri-food systems,Emissions (CO2eq) from N2O (AR5),kilotonnes,390.317,382.7188,353.2323,365.8894,368.5973,387.6395,400.4981,413.5551,424.0828,427.5019,429.2452,439.597,447.5331,450.3457,437.6802,456.5702,451.4771,461.4544,470.3563,478.9022,487.3961
Argentina,Waste - agri-food systems,Emissions (CO2eq) (AR5),kilotonnes,10575.7843,10694.0498,10711.6499,10834.7945,10922.4462,11048.6324,11112.0004,11290.8847,11424.494,11492.8967,11503.0666,11544.0314,11642.9983,11687.7257,11555.0991,11486.4966,11519.2018,11586.9494,11638.3064,11656.0671,11666.4607
Argentina,Fertilizers Manufacturing,Emissions (N2O),kilotonnes,0.1958,0.2012,0.2075,0.2151,0.2127,0.216,0.2278,0.2235,0.2292,0.2437,0.2372,0.2488,0.2493,0.2464,0.2444,0.2131,0.274,0.3156,0.2188,0.2503,0.2526
Argentina,Fertilizers Manufacturing,Emissions (CO2),kilotonnes,948.7835,953.1996,961.8076,975.5093,1089.9084,993.0363,1177.8032,806.3824,702.462,928.4767,747.5961,948.2078,949.6623,1093.8136,860.6136,753.7131,965.3688,1108.5953,778.3184,886.4727,840.3556
Argentina,Fertilizers Manufacturing,Emissions (CO2eq) from N2O (AR5),kilotonnes,51.887,53.318,54.9875,57.0015,56.3655,57.24,60.367,59.2275,60.738,64.5805,62.858,65.932,66.0645,65.296,64.766,56.4715,72.61,83.634,57.982,66.3295,66.9456
Argentina,Fertilizers Manufacturing,Emissions (CO2eq) (AR5),kilotonnes,1000.6705,1006.5176,1016.7951,1032.5108,1146.2739,1050.2763,1238.1702,865.6099,763.2,993.0572,810.4541,1014.1398,1015.7268,1159.1096,925.3796,810.1846,1037.9788,1192.2293,836.3004,952.8022,907.3012
Argentina,On-farm electricity use,Emissions (CH4),kilotonnes,0.5712,0.5688,0.5868,0.7068,0.9024,0.9384,1.0872,0.9564,0.8772,0.9912,1.0452,1.098,1.2563,1.278,1.2504,1.158,1.104,1.1292,1.0992,1.069,1.069
Argentina,On-farm electricity use,Emissions (N2O),kilotonnes,0.003,0.003,0.0031,0.0038,0.0048,0.005,0.0058,0.0051,0.0047,0.0053,0.0056,0.0059,0.0067,0.0068,0.0067,0.0062,0.0059,0.006,0.0059,0.0057,0.0057
Argentina,On-farm electricity use,Emissions (CO2),kilotonnes,161.108,126.6323,126.2353,161.7926,238.3111,240.2626,299.0702,300.5187,265.7431,296.5425,312.7515,350.4251,415.8416,369.317,361.3411,334.6393,319.0344,326.3167,317.6473,308.9085,308.9085
Argentina,On-farm electricity use,Emissions (CO2eq) from CH4 (AR5),kilotonnes,15.9936,15.9264,16.4304,19.7904,25.2672,26.2752,30.4416,26.7792,24.5616,27.7536,29.2656,30.744,35.1764,35.784,35.0112,32.424,30.912,31.6176,30.7776,29.932,29.932
Argentina,On-farm electricity use,Emissions (CO2eq) from N2O (AR5),kilotonnes,0.795,0.795,0.8215,1.007,1.272,1.325,1.537,1.3515,1.2455,1.4045,1.484,1.5635,1.7755,1.802,1.7755,1.643,1.5635,1.59,1.5635,1.5105,1.5105
Argentina,On-farm electricity use,Emissions (CO2eq) (AR5),kilotonnes,177.8966,143.3537,143.4872,182.59,264.8503,267.8628,331.0488,328.6494,291.5502,325.7006,343.5011,382.7326,452.7935,406.903,398.1278,368.7063,351.5099,359.5243,349.9884,340.351,340.351
Argentina,Food Processing,Emissions (CH4),kilotonnes,0,0,0,0,0,0,0,0.0636,0.0641,0.0683,0.0681,0.0727,0.0677,0.0677,0.0677,0.0677,0.0677,0.0677,0.0677,0.0677,0.0673
Argentina,Food Processing,Emissions (N2O),kilotonnes,0,0,0,0,0,0,0,0.0064,0.0064,0.0068,0.0068,0.0073,0.0068,0.0068,0.0068,0.0068,0.0068,0.0068,0.0068,0.0068,0.0069
Argentina,Food Processing,Emissions (CO2),kilotonnes,0,0,0,0,0,0,0,3570.3162,3596.0661,3833.4252,3821.4759,4079.7603,3795.165,3795.165,3795.165,3795.165,3795.165,3795.165,3795.165,3795.165,3597.7287
Argentina,Food Processing,Emissions (CO2eq) from CH4 (AR5),kilotonnes,0,0,0,0,0,0,0,1.7808,1.7948,1.9124,1.9068,2.0356,1.8956,1.8956,1.8956,1.8956,1.8956,1.8956,1.8956,1.8956,1.8844
Argentina,Food Processing,Emissions (CO2eq) from N2O (AR5),kilotonnes,0,0,0,0,0,0,0,1.696,1.696,1.802,1.802,1.9345,1.802,1.802,1.802,1.802,1.802,1.802,1.802,1.802,1.8187
Argentina,Food Processing,Emissions (CO2eq) (AR5),kilotonnes,0,0,0,0,0,0,0,3573.793,3599.5569,3837.1396,3825.1847,4083.7304,3798.8626,3798.8626,3798.8626,3798.8626,3798.8626,3798.8626,3798.8626,3798.8626,3601.4318
Argentina,Food Packaging,Emissions (CH4),kilotonnes,0.0075,0.0075,0.0075,0.0078,0.0079,0.008,0.0082,0.0079,0.0081,0.0086,0.0099,0.0104,0.0092,0.009,0.0091,0.0092,0.0094,0.0093,0.0094,0.0108,0.0107
Argentina,Food Packaging,Emissions (N2O),kilotonnes,0.0007,0.0007,0.0007,0.0008,0.0008,0.0008,0.0009,0.0008,0.0008,0.0009,0.0011,0.0011,0.001,0.001,0.0011,0.0011,0.0011,0.0011,0.0011,0.0012,0.0012
Argentina,Food Packaging,Emissions (CO2),kilotonnes,396.2912,384.4078,371.8348,385.8887,418.225,424.5184,444.8267,438.7663,436.4487,460.5299,511.925,530.685,499.3056,495.9731,495.9731,499.3056,497.6393,492.6406,489.3081,569.1926,539.5814
Argentina,Food Packaging,Emissions (CO2eq) from CH4 (AR5),kilotonnes,0.21,0.21,0.21,0.2184,0.2212,0.224,0.2296,0.2212,0.2268,0.2408,0.2772,0.2912,0.2576,0.252,0.2548,0.2576,0.2632,0.2604,0.2632,0.3024,0.3006
Argentina,Food Packaging,Emissions (CO2eq) from N2O (AR5),kilotonnes,0.1855,0.1855,0.1855,0.212,0.212,0.212,0.2385,0.212,0.212,0.2385,0.2915,0.2915,0.265,0.265,0.2915,0.2915,0.2915,0.2915,0.2915,0.318,0.321
Argentina,Food Packaging,Emissions (CO2eq) (AR5),kilotonnes,396.6867,384.8033,372.2303,386.3191,418.6582,424.9544,445.2948,439.1995,436.8875,461.0092,512.4937,531.2677,499.8282,496.4901,496.5194,499.8547,498.194,493.1925,489.8628,569.813,540.203
Argentina,Food Retail,Emissions (CH4),kilotonnes,0.6303,0.6132,0.6395,0.6423,0.0016,0.0017,0.0018,5.1467,6.139,6.1802,6.5461,6.3248,6.6356,6.9099,6.7093,7.3043,7.3561,7.3704,7.3271,7.8403,7.7941
Argentina,Food Retail,Emissions (N2O),kilotonnes,0.0037,0.0036,0.0037,0.0038,0.0003,0.0003,0.0004,0.0289,0.0351,0.0349,0.0369,0.0354,0.0369,0.0391,0.0379,0.0412,0.041,0.0413,0.041,0.0441,0.0445
Argentina,Food Retail,Emissions (CO2),kilotonnes,223.8479,177.3047,175.9831,187.2188,40.5616,42.9832,43.5886,2267.1457,2623.5595,2577.2795,2684.2224,2659.5626,2882.3344,2886.0149,2808.8389,2984.1106,2833.2173,2944.985,2895.418,3231.4449,3063.335
Argentina,Food Retail,Emissions (CO2eq) from CH4 (AR5),kilotonnes,17.6484,17.1696,17.906,17.9844,0.0448,0.0476,0.0504,144.1076,171.892,173.0456,183.2908,177.0944,185.7968,193.4772,187.8604,204.5204,205.9708,206.3712,205.1588,219.5284,218.2355
Argentina,Food Retail,Emissions (CO2eq) from N2O (AR5),kilotonnes,0.9805,0.954,0.9805,1.007,0.0795,0.0795,0.106,7.6585,9.3015,9.2485,9.7785,9.381,9.7785,10.3615,10.0435,10.918,10.865,10.9445,10.865,11.6865,11.795
Argentina,Food Retail,Emissions (CO2eq) (AR5),kilotonnes,242.4768,195.4283,194.8696,206.2102,40.6859,43.1103,43.745,2418.9118,2804.753,2759.5736,2877.2917,2846.038,3077.9097,3089.8536,3006.7428,3199.549,3050.0531,3162.3007,3111.4418,3462.6598,3293.3656
Argentina,Food Household Consumption,Emissions (CH4),kilotonnes,6.3712,6.5289,6.2604,6.3698,6.6389,7.1718,7.833,8.442,9.2212,9.4888,10.0588,10.6115,11.2936,11.7146,12.7507,12.6103,12.9989,12.9779,12.862,12.4864,12.4129
Argentina,Food Household Consumption,Emissions (N2O),kilotonnes,0.0395,0.0402,0.0383,0.0396,0.0408,0.0446,0.0496,0.0534,0.0577,0.0592,0.0629,0.0658,0.0695,0.0707,0.0759,0.0753,0.0777,0.0768,0.0757,0.0735,0.0742
Argentina,Food Household Consumption,Emissions (CO2),kilotonnes,5992.6403,5507.9812,5114.7494,5429.8311,5806.8525,6213.3993,7018.5207,7864.6511,7968.3421,7988.1651,8579.6627,8811.3944,9474.941,9387.6374,9470.5747,9495.999,9906.1429,9293.5576,8917.8557,8629.8192,8180.8691
Argentina,Food Household Consumption,Emissions (CO2eq) from CH4 (AR5),kilotonnes,178.3936,182.8092,175.2912,178.3544,185.8892,200.8104,219.324,236.376,258.1936,265.6864,281.6464,297.122,316.2208,328.0088,357.0196,353.0884,363.9692,363.3812,360.136,349.6192,347.5602
Argentina,Food Household Consumption,Emissions (CO2eq) from N2O (AR5),kilotonnes,10.4675,10.653,10.1495,10.494,10.812,11.819,13.144,14.151,15.2905,15.688,16.6685,17.437,18.4175,18.7355,20.1135,19.9545,20.5905,20.352,20.0605,19.4775,19.6584
Argentina,Food Household Consumption,Emissions (CO2eq) (AR5),kilotonnes,6181.5014,5701.4434,5300.1901,5618.6795,6003.5537,6426.0287,7250.9887,8115.1781,8241.8262,8269.5395,8877.9776,9125.9534,9809.5793,9734.3817,9847.7078,9869.0419,10290.7026,9677.2908,9298.0522,8998.9159,8548.0877
Argentina,Food Transport,Emissions (CH4),kilotonnes,1.1128,1.0897,1.098,1.2888,1.433,1.4877,1.489,1.4654,1.469,1.4231,1.47,1.5712,1.6039,1.591,1.6131,1.6792,1.6246,1.5573,1.524,1.7774,1.7669
Argentina,Food Transport,Emissions (N2O),kilotonnes,0.0875,0.0843,0.0801,0.0865,0.0941,0.0997,0.1049,0.1083,0.1141,0.1092,0.1154,0.1282,0.1314,0.1276,0.1265,0.132,0.13,0.1307,0.1262,0.135,0.1363
Argentina,Food Transport,Emissions (CO2),kilotonnes,4030.67,3666.38,3428.7,3510.445,3755.62,3939.18,4151.02,4222.46,4493.46,4022.27,4337.0755,4976.85,4907.8,4569.3,4504.65,4670.15,4621.2,4694.95,4504.54,4836.7518,4585.1289
Argentina,Food Transport,Emissions (CO2eq) from CH4 (AR5),kilotonnes,31.1584,30.5116,30.744,36.0864,40.124,41.6556,41.692,41.0312,41.132,39.8468,41.16,43.9936,44.9092,44.548,45.1668,47.0176,45.4888,43.6044,42.672,49.7672,49.4741
Argentina,Food Transport,Emissions (CO2eq) from N2O (AR5),kilotonnes,23.1875,22.3395,21.2265,22.9225,24.9365,26.4205,27.7985,28.6995,30.2365,28.938,30.581,33.973,34.821,33.814,33.5225,34.98,34.45,34.6355,33.443,35.775,36.1073
Argentina,Food Transport,Emissions (CO2eq) (AR5),kilotonnes,4085.0159,3719.2311,3480.6705,3569.4539,3820.6805,4007.2561,4220.5105,4292.1907,4564.8285,4091.0548,4408.8165,5054.8166,4987.5302,4647.662,4583.3393,4752.1476,4701.1388,4773.1899,4580.655,4922.294,4670.7103
Argentina,Energy,Emissions (CH4),kilotonnes,835,846,842,894,924,925,922,901,906,891,871,868,864,830,842,859,887,880,883,849,844
Argentina,Energy,Emissions (N2O),kilotonnes,4.62,4.41,4.34,4.94,5.51,5.78,5.6,5.29,6.7,6.42,5.68,5.35,5.43,5.76,6.31,6.49,6.42,6.58,6.35,6.46,6.52
Argentina,Energy,Emissions (CO2),kilotonnes,140000,132000,124000,133000,155000,159000,172000,171000,186000,176000,183000,187000,190000,187000,187000,190000,188000,185000,183000,173000,164000
Argentina,Energy,Emissions (CO2eq) from CH4 (AR5),kilotonnes,23380,23688,23576,25032,25872,25900,25816,25228,25368,24948,24388,24304,24192,23240,23576,24052,24836,24640,24724,23772,23632
Argentina,Energy,Emissions (CO2eq) from N2O (AR5),kilotonnes,1224.3,1168.65,1150.1,1309.1,1460.15,1531.7,1484,1401.85,1775.5,1701.3,1505.2,1417.75,1438.95,1526.4,1672.15,1719.85,1701.3,1743.7,1682.75,1711.9,1727.8
Argentina,Energy,Emissions (CO2eq) (AR5),kilotonnes,164604.3,156856.65,148726.1,159341.1,182332.15,186431.7,199300,197629.85,213143.5,202649.3,208893.2,212721.75,215630.95,211766.4,212248.15,215771.85,214537.3,211383.7,209406.75,198483.9,189359.8
Argentina,IPPU,Emissions (CH4),kilotonnes,0.425,0.466,0.781,1.52,1.52,1.46,1.39,1.35,1.39,1.18,1.41,1.42,1.43,1.31,1.43,1.46,1.39,1.21,1.54,1.38,1.37
Argentina,IPPU,Emissions (N2O),kilotonnes,0.498,0.652,0.636,0.661,0.679,0.68,0.764,0.579,0.518,0.625,0.614,0.615,0.616,0.618,0.619,0.62,0.622,0.623,0.624,0.6,0.596
Argentina,IPPU,Emissions (CO2),kilotonnes,5720,6220,5690,6890,7320,7720,8410,8360,8260,8310,8730,9490,9110,9580,9270,9350,8950,9390,9740,9320,8740
Argentina,IPPU,Emissions (CO2eq) from F-gases (AR5),kilotonnes,274.0348,236.1364,307.0744,436.3178,584.0245,428.5438,316.792,783.2342,609.2901,658.8496,712.2961,774.4884,951.3477,1389.6091,2089.2724,2477.9742,2740.3479,3022.1568,3187.355,3061.0269,3265.0954
Argentina,IPPU,Emissions (CO2eq) from CH4 (AR5),kilotonnes,11.9,13.048,21.868,42.56,42.56,40.88,38.92,37.8,38.92,33.04,39.48,39.76,40.04,36.68,40.04,40.88,38.92,33.88,43.12,38.64,38.36
Argentina,IPPU,Emissions (CO2eq) from N2O (AR5),kilotonnes,131.97,172.78,168.54,175.165,179.935,180.2,202.46,153.435,137.27,165.625,162.71,162.975,163.24,163.77,164.035,164.3,164.83,165.095,165.36,159,157.94
Argentina,IPPU,Emissions (CO2eq) (AR5),kilotonnes,6137.9048,6641.9644,6187.4824,7544.0428,8126.5195,8369.6238,8968.172,9334.4692,9045.4801,9167.5146,9644.4861,10467.2234,10264.6277,11170.0591,11563.3474,12033.1542,11894.0979,12611.1318,13135.835,12578.6669,12201.3954
Argentina,Waste,Emissions (CH4),kilotonnes,639,645,649,672,695,644,659,554,515,508,509,513,524,534,544,550,559,565,572,514,508
Argentina,Waste,Emissions (N2O),kilotonnes,2.31,2.33,2.36,2.29,2.23,2.31,2.38,2.46,2.52,2.54,2.58,2.61,2.67,2.72,2.76,2.82,2.85,2.89,2.92,3,3.04
Argentina,Waste,Emissions (CO2),kilotonnes,8.95,9.07,9.19,9.31,9.43,9.55,9.67,9.79,9.9,10,10.1,10.3,10.6,10.7,10.9,11,11.1,11.2,11.4,11.5,11.7
Argentina,Waste,Emissions (CO2eq) from CH4 (AR5),kilotonnes,17892,18060,18172,18816,19460,18032,18452,15512,14420,14224,14252,14364,14672,14952,15232,15400,15652,15820,16016,14392,14224
Argentina,Waste,Emissions (CO2eq) from N2O (AR5),kilotonnes,612.15,617.45,625.4,606.85,590.95,612.15,630.7,651.9,667.8,673.1,683.7,691.65,707.55,720.8,731.4,747.3,755.25,765.85,773.8,795,805.6
Argentina,Waste,Emissions (CO2eq) (AR5),kilotonnes,18513.1,18686.52,18806.59,19432.16,20060.38,18653.7,19092.37,16173.69,15097.7,14907.1,14945.8,15065.95,15390.15,15683.5,15974.3,16158.3,16418.35,16597.05,16801.2,15198.5,15041.3
Argentina,Other,Emissions (N2O),kilotonnes,3.05,2.84,2.61,2.74,2.88,2.94,3.15,3.23,3.41,3.19,3.41,3.72,3.78,3.58,3.65,3.74,3.69,3.6,3.53,3.87,3.92
Argentina,Other,Emissions (CO2eq) from N2O (AR5),kilotonnes,808.25,752.6,691.65,726.1,763.2,779.1,834.75,855.95,903.65,845.35,903.65,985.8,1001.7,948.7,967.25,991.1,977.85,954,935.45,1025.55,1038.8
Argentina,Other,Emissions (CO2eq) (AR5),kilotonnes,808.25,752.6,691.65,726.1,763.2,779.1,834.75,855.95,903.65,845.35,903.65,985.8,1001.7,948.7,967.25,991.1,977.85,954,935.45,1025.55,1038.8
Argentina,Farm-gate emissions,Emissions (CH4),kilotonnes,3180.6808,3154.6454,3277.8513,3527.15,3567.447,3567.0313,3646.4987,3671.8709,3623.5921,3424.1587,3106.3792,3075.8017,3177.2641,3239.4008,3270.0561,3263.1108,3314.0105,3464.5175,3434.4079,3431.3363,3444.7899
Argentina,Farm-gate emissions,Direct emissions (N2O),kilotonnes,87.08,88.3787,92.9895,101.7208,104.2893,104.1461,107.3213,113.4609,109.0148,95.529,98.3078,100.1956,98.9668,102.7356,104.1166,102.7716,109.3151,114.3513,114.0063,120.3974,121.1923
Argentina,Farm-gate emissions,Indirect emissions (N2O),kilotonnes,21.2616,21.5429,22.5348,24.8154,25.5179,25.2761,26.2592,27.9467,26.605,23.1353,24.3158,24.908,24.4464,25.3737,25.6602,25.1428,26.9074,28.0959,28.2669,29.9144,30.3074
Argentina,Farm-gate emissions,Emissions (N2O),kilotonnes,126.8415,126.0291,127.8279,141.1816,142.1851,142.2114,145.028,152.3719,149.0907,130.3418,133.0167,136.0112,134.1707,140.0169,140.852,139.6289,149.2675,157.9719,155.426,162.1274,167.1665
Argentina,Farm-gate emissions,Emissions (CO2),kilotonnes,19154.1324,18049.0687,18213.3051,19972.8531,21937.0425,24776.7787,20012.2864,18128.738,20652.0762,18927.2076,16769.8764,15028.0885,15183.4977,18624.2529,17558.5868,18194.6362,17858.0705,18121.6119,17856.8585,17914.3766,17898.7625
Argentina,Farm-gate emissions,Emissions (CO2eq) from CH4 (AR5),kilotonnes,89059.0626,88330.0718,91779.8357,98760.1994,99888.5165,99876.876,102101.9631,102812.3847,101460.5795,95876.4446,86978.6184,86122.4477,88963.3956,90703.2216,91561.5697,91367.1032,92792.295,97006.4902,96163.4203,96077.4168,96454.1166
Argentina,Farm-gate emissions,Emissions (CO2eq) from N2O (AR5),kilotonnes,33612.9865,33397.7067,33874.4025,37413.1352,37679.0505,37686.0281,38432.4244,40378.5405,39509.0265,34540.5672,35249.421,36042.9691,35555.2327,37104.4688,37325.7747,37001.646,39555.8913,41862.5511,41187.8942,42963.7618,44299.1229
Argentina,Farm-gate emissions,Emissions (CO2eq) (AR5),kilotonnes,141826.1815,139776.8473,143867.5434,156146.1877,159504.6095,162339.6829,160546.6739,161319.6631,161621.6822,149344.2194,138997.9158,137193.5052,139702.1261,146431.9433,146445.9311,146563.3853,150206.2568,156990.6532,155208.173,156955.5552,158652.0019
Argentina,Land Use change,Emissions (CH4),kilotonnes,28.753,4.1827,2.799,5.5365,5.7051,4.8238,3.0733,4.7367,2.9907,5.7402,4.6502,1.9004,3.3744,17.1469,0.9995,1.0847,1.9296,13.6495,1.8899,1.5674,11.5587
Argentina,Land Use change,Emissions (N2O),kilotonnes,0.8457,0.3819,0.2556,0.5055,0.5209,0.4404,0.2806,0.4325,0.2731,0.5241,0.4246,0.1735,0.3081,1.5656,0.0913,0.099,0.1762,1.2463,0.1726,0.1431,1.0554
Argentina,Land Use change,Emissions (CO2),kilotonnes,81523.288,127768.6667,127768.6667,127768.6667,127768.6667,127768.6667,127768.6667,127768.6667,127768.6667,127768.6667,127768.6667,97341.75,97341.75,97341.75,97341.75,97341.75,54702.45,54702.45,54702.45,54702.45,54702.45
Argentina,Land Use change,Emissions (CO2eq) from CH4 (AR5),kilotonnes,805.0837,117.1152,78.3731,155.0212,159.7417,135.0665,86.0517,132.6278,83.7402,160.7246,130.2057,53.2124,94.4836,480.1143,27.9857,30.3722,54.0283,382.1854,52.9159,43.8865,323.6435
Argentina,Land Use change,Emissions (CO2eq) from N2O (AR5),kilotonnes,224.1041,101.2028,67.7245,133.9586,138.0377,116.7151,74.3599,114.6077,72.3624,138.887,112.5147,45.9825,81.6461,414.8814,24.1833,26.2455,46.6875,330.2581,45.7262,37.9237,279.6702
Argentina,Land Use change,Emissions (CO2eq) (AR5),kilotonnes,82552.4758,127986.9846,127914.7643,128057.6465,128066.4461,128020.4482,127929.0783,128015.9022,127924.7693,128068.2783,128011.3872,97440.9449,97517.8797,98236.7457,97393.919,97398.3677,54803.1658,55414.8935,54801.0921,54784.2602,55305.7637
Argentina,Emissions on agricultural land,Emissions (CH4),kilotonnes,3209.4338,3158.8281,3280.6503,3532.6865,3573.1521,3571.8551,3649.572,3676.6076,3626.5828,3429.8989,3111.0294,3077.7021,3180.6385,3256.5477,3271.0555,3264.1955,3315.9401,3478.167,3436.2977,3432.9037,3456.3486
Argentina,Emissions on agricultural land,Emissions (N2O),kilotonnes,127.6871,126.411,128.0835,141.6871,142.706,142.6519,145.3086,152.8043,149.3637,130.8659,133.4413,136.1847,134.4788,141.5825,140.9432,139.7279,149.4437,159.2181,155.5986,162.2705,168.2219
Argentina,Emissions on agricultural land,Emissions (CO2),kilotonnes,100677.4204,145817.7354,145981.9718,147741.5198,149705.7092,152545.4454,147780.953,145897.4046,148420.7429,146695.8743,144538.5431,112369.8385,112525.2477,115966.0029,114900.3368,115536.3862,72560.5205,72824.0619,72559.3085,72616.8266,72601.2125
Argentina,Emissions on agricultural land,Emissions (CO2eq) from CH4 (AR5),kilotonnes,89864.1463,88447.187,91858.2088,98915.2206,100048.2582,100011.9425,102188.0148,102945.0125,101544.3197,96037.1692,87108.8241,86175.6601,89057.8792,91183.3359,91589.5554,91397.4754,92846.3234,97388.6756,96216.3362,96121.3033,96777.7601
Argentina,Emissions on agricultural land,Emissions (CO2eq) from N2O (AR5),kilotonnes,33837.0906,33498.9095,33942.1271,37547.0938,37817.0882,37802.7432,38506.7843,40493.1482,39581.3889,34679.4542,35361.9358,36088.9515,35636.8789,37519.3502,37349.958,37027.8915,39602.5788,42192.8091,41233.6204,43001.6855,44578.7931
Argentina,Emissions on agricultural land,Emissions (CO2eq) (AR5),kilotonnes,224378.6573,267763.8319,271782.3076,284203.8342,287571.0556,290360.1311,288475.7522,289335.5653,289546.4515,277412.4977,267009.303,234634.4501,237220.0058,244668.689,243839.8501,243961.7531,205009.4226,212405.5467,210009.2651,211739.8154,213957.7656
Argentina,Pre- and post- production,Emissions (CH4),kilotonnes,372.322,376.9325,378.4036,382.7715,385.7722,390.2215,392.8362,404.4203,410.5115,413.2144,414.552,416.1346,420.5633,422.7641,419.3101,416.6131,418.2954,420.309,421.6039,422.296,422.2339
Argentina,Pre- and post- production,Emissions (N2O),kilotonnes,1.8031,1.7772,1.6664,1.7303,1.7444,1.8292,1.9007,1.987,2.0483,2.0732,2.0857,2.1514,2.1904,2.1978,2.1509,2.1986,2.2402,2.3196,2.2504,2.3238,2.3606
Argentina,Pre- and post- production,Emissions (CO2),kilotonnes,11757.1958,10819.7523,10183.009,10654.4233,11353.2537,11857.1824,13138.6549,19474.097,20089.9715,20110.5669,20998.6223,22360.8312,22929.0002,22601.1729,22301.1013,22537.0454,22941.721,22660.1845,21702.197,22261.6776,21119.8082
Argentina,Pre- and post- production,Emissions (CO2eq) from CH4 (AR5),kilotonnes,10425.0164,10554.1112,10595.3004,10717.6013,10801.6202,10926.2031,10999.4143,11323.769,11494.3221,11570.0023,11607.455,11651.7692,11775.7713,11837.3936,11740.6824,11665.1672,11712.271,11768.651,11804.9088,11824.2868,11822.5505
Argentina,Pre- and post- production,Emissions (CO2eq) from N2O (AR5),kilotonnes,477.82,470.9638,441.5833,458.5334,462.2748,484.7355,503.6891,526.5511,542.8028,549.4019,552.7087,570.1095,580.4571,582.4217,569.9947,582.6307,593.6496,614.7039,596.3638,615.8012,625.5526
Argentina,Pre- and post- production,Emissions (CO2eq) (AR5),kilotonnes,22660.0322,21844.8272,21219.8927,21830.558,22617.1487,23268.121,24641.7584,31324.4171,32127.0963,32229.9712,33158.786,34582.7099,35285.2286,35020.9883,34611.7784,34784.8433,35247.6416,35043.5395,34103.4696,34701.7656,33567.9113
Argentina,Agri-food systems,Emissions (CH4),kilotonnes,3581.7558,3535.7606,3659.0539,3915.4579,3958.9242,3962.0766,4042.4082,4081.0279,4037.0943,3843.1133,3525.5814,3493.8368,3601.2018,3679.3118,3690.3656,3680.8087,3734.2355,3898.476,3857.9016,3855.1996,3878.5825
Argentina,Agri-food systems,Emissions (N2O),kilotonnes,129.4902,128.1882,129.7499,143.4175,144.4504,144.4811,147.2093,154.7913,151.412,132.9391,135.527,138.3361,136.6692,143.7803,143.0942,141.9265,151.6839,161.5378,157.849,164.5943,170.5824
Argentina,Agri-food systems,Emissions (CO2),kilotonnes,112434.6162,156637.4877,156164.9808,158395.943,161058.9628,164402.6278,160919.608,165371.5016,168510.7144,166806.4412,165537.1654,134730.6697,135454.2479,138567.1758,137201.4381,138073.4316,95502.2415,95484.2465,94261.5055,94878.5042,93721.0206
Argentina,Agri-food systems,Emissions (CO2eq) from CH4 (AR5),kilotonnes,100289.1627,99001.2981,102453.5092,109632.8219,110849.8784,110938.1456,113187.4291,114268.7815,113038.6418,107607.1716,98716.2791,97827.4293,100833.6505,103020.7295,103330.2377,103062.6426,104558.5944,109157.3266,108021.245,107945.59,108600.3106
Argentina,Agri-food systems,Emissions (CO2eq) from N2O (AR5),kilotonnes,34314.9106,33969.8733,34383.7103,38005.6272,38279.363,38287.4787,39010.4734,41019.6993,40124.1917,35228.8561,35914.6445,36659.061,36217.3359,38101.7719,37919.9527,37610.5222,40196.2284,42807.5131,41829.9842,43617.4867,45204.3457
Argentina,Agri-food systems,Emissions (CO2eq) (AR5),kilotonnes,247038.6895,289608.6591,293002.2004,306034.3921,310188.2043,313628.2521,313117.5105,320659.9824,321673.5478,309642.4689,300168.089,269217.16,272505.2344,279689.6773,278451.6285,278746.5964,240257.0642,247449.0862,244112.7347,246441.5809,247525.6769
Argentina,IPCC Agriculture,Emissions (CH4),kilotonnes,3179.6022,3153.6606,3276.8564,3526.0473,3566.212,3565.6948,3645.4562,3670.9512,3622.5689,3423.2679,3105.6068,3075.1574,3176.6121,3238.5391,3269.2576,3262.2729,3313.2093,3463.7103,3433.5737,3430.495,3443.9485
Argentina,IPCC Agriculture,Emissions (CH4),kilotonnes,2834.9152,,,,,,,,,,2298.2862,,2351.1495,,,,,,,,
Argentina,IPCC Agriculture,Direct emissions (N2O),kilotonnes,87.08,88.3787,92.9895,101.7208,104.2893,104.1461,107.3213,113.4609,109.0148,95.529,98.3078,100.1956,98.9668,102.7356,104.1166,102.7716,109.3151,114.3513,114.0063,120.3974,121.1923
Argentina,IPCC Agriculture,Indirect emissions (N2O),kilotonnes,21.2616,21.5429,22.5348,24.8154,25.5179,25.2761,26.2592,27.9467,26.605,23.1353,24.3158,24.908,24.4464,25.3737,25.6602,25.1428,26.9074,28.0959,28.2669,29.9144,30.3074
Argentina,IPCC Agriculture,Emissions (N2O),kilotonnes,123.8912,123.2475,125.03,137.9026,138.2676,136.7381,141.1142,148.9431,144.2468,125.7232,129.2387,132.7085,130.8581,135.4319,136.6545,135.2256,144.9139,153.4581,151.0587,157.7261,162.7652
Argentina,IPCC Agriculture,Emissions (N2O),kilotonnes,210.9231,,,,,,,,,,233.3087,,226.2081,,,,,,,,
Argentina,IPCC Agriculture,Emissions (CO2eq) from CH4 (AR5),kilotonnes,89028.8629,88302.4963,91751.9786,98729.3242,99853.9371,99839.4538,102072.774,102786.6342,101431.9285,95851.5017,86956.9906,86104.4073,88945.138,90679.0957,91539.2115,91343.6406,92769.8597,96983.8891,96140.0628,96053.8594,96430.5592
Argentina,IPCC Agriculture,Emissions (CO2eq) from CH4 (AR5),kilotonnes,79377.6256,,,,,,,,,,64352.0136,,65832.186,,,,,,,,
Argentina,IPCC Agriculture,Emissions (CO2eq) from N2O (AR5),kilotonnes,32831.1643,32660.5889,33132.9465,36544.1789,36640.9266,36235.5895,37395.2656,39469.9299,38225.3899,33316.641,34248.2558,35167.7609,34677.4014,35889.453,36213.445,35834.788,38402.179,40666.3991,40030.5499,41797.4145,43132.7756
Argentina,IPCC Agriculture,Emissions (CO2eq) from N2O (AR5),kilotonnes,55894.6215,,,,,,,,,,61826.8055,,59945.1465,,,,,,,,
Argentina,IPCC Agriculture,Emissions (CO2eq) (AR5),kilotonnes,121860.0272,120963.0852,124884.9251,135273.5031,136494.8637,136075.0432,139468.0396,142256.5641,139657.3184,129168.1427,121205.2465,121272.1683,123622.5394,126568.5487,127752.6564,127178.4286,131172.0387,137650.2882,136170.6126,137851.2739,139563.3348
Argentina,IPCC Agriculture,Emissions (CO2eq) (AR5),kilotonnes,135272.2471,,,,,,,,,,126178.8191,,125777.3325,,,,,,,,
Argentina,Agricultural Soils,Direct emissions (N2O),kilotonnes,87.08,88.3787,92.9895,101.7208,104.2893,104.1461,107.3213,113.4609,109.0148,95.529,98.3078,100.1956,98.9668,102.7356,104.1166,102.7716,109.3151,114.3513,114.0063,120.3974,121.1923
Argentina,Agricultural Soils,Indirect emissions (N2O),kilotonnes,21.2616,21.5429,22.5348,24.8154,25.5179,25.2761,26.2592,27.9467,26.605,23.1353,24.3158,24.908,24.4464,25.3737,25.6602,25.1428,26.9074,28.0959,28.2669,29.9144,30.3074
Argentina,Agricultural Soils,Emissions (N2O),kilotonnes,110.513,112.0942,117.7043,128.7175,131.9866,131.5979,135.7558,143.5811,137.7986,120.8418,124.8039,127.2858,125.5949,130.289,131.9537,130.091,138.4054,144.6313,144.4686,152.5268,153.7086
Argentina,Agricultural Soils,Emissions (N2O),kilotonnes,210.2743,,,,,,,,,,228.7884,,221.4458,,,,,,,,
Argentina,Agricultural Soils,Emissions (CO2eq) from N2O (AR5),kilotonnes,29285.9416,29704.9563,31191.6356,34110.1439,34976.4467,34873.4366,35975.2968,38048.9875,36516.6266,32023.0694,33073.0207,33730.7257,33282.6478,34526.574,34967.7357,34474.1234,36677.4333,38327.282,38284.1862,40419.6098,40732.7733
Argentina,Agricultural Soils,Emissions (CO2eq) from N2O (AR5),kilotonnes,55722.6895,,,,,,,,,,60628.926,,58683.137,,,,,,,,
Argentina,Agricultural Soils,Emissions (CO2eq) (AR5),kilotonnes,29285.9416,29704.9563,31191.6356,34110.1439,34976.4467,34873.4366,35975.2968,38048.9875,36516.6266,32023.0694,33073.0207,33730.7257,33282.6478,34526.574,34967.7357,34474.1234,36677.4333,38327.282,38284.1862,40419.6098,40732.7733
Argentina,Agricultural Soils,Emissions (CO2eq) (AR5),kilotonnes,55722.6895,,,,,,,,,,60628.926,,58683.137,,,,,,,,
Argentina,LULUCF,Emissions (CH4),kilotonnes,63.6074,7.0685,7.0909,10.3149,13.2262,11.1878,9.8766,9.6801,11.0014,14.165,8.5556,5.4487,6.9256,21.8827,1.9904,4.8868,4.0564,15.7655,3.2781,3.0101,26.0966
Argentina,LULUCF,Emissions (CH4),kilotonnes,27.7992,,,,,,,,,,298.51,,226.5,,,,,,,,
Argentina,LULUCF,Emissions (N2O),kilotonnes,2.1155,0.6454,0.6474,0.9418,1.2076,1.0215,0.9018,0.8838,1.0045,1.2933,0.7812,0.4975,0.6323,1.998,0.1817,0.4462,0.3704,1.4395,0.2993,0.2748,2.3827
Argentina,LULUCF,Emissions (N2O),kilotonnes,0.1911,,,,,,,,,,2.05,,1.56,,,,,,,,
Argentina,LULUCF,Emissions (CO2),kilotonnes,46574.9078,97037.4385,97070.2545,97078.658,97074.628,97061.5805,97063.4542,97062.5927,97076.8085,97074.9215,97079.1697,67828.0808,67827.4419,67824.2123,67818.632,67818.3126,31972.9019,31974.3627,31980.4307,31981.5601,31965.9459
Argentina,LULUCF,Emissions (CO2),kilotonnes,-43940.8839,,,,,,,,,,108240.06,,85275,,,,,,,,
Argentina,LULUCF,Emissions (CO2eq) from CH4 (AR5),kilotonnes,1781.0075,197.9178,198.5441,288.8178,370.3332,313.2572,276.5458,271.0439,308.0397,396.6213,239.5575,152.5633,193.9173,612.7147,55.7302,136.8317,113.5799,441.4333,91.7882,84.2838,730.7035
Argentina,LULUCF,Emissions (CO2eq) from N2O (AR5),kilotonnes,560.6168,171.0268,171.568,249.5762,320.0162,270.6951,238.9716,234.2173,266.1865,342.7326,207.0089,131.8346,167.5699,529.4654,48.1582,118.2405,98.1479,381.4559,79.317,72.8322,631.4231
Argentina,LULUCF,Emissions (CO2eq) (AR5),kilotonnes,48916.532,97406.3831,97440.3667,97617.052,97764.9773,97645.5329,97578.9716,97567.854,97651.0347,97814.2754,97525.7361,68112.4788,68188.9291,68966.3923,67922.5205,68073.3848,32184.6297,32797.2518,32151.5359,32138.6761,33328.0726
Argentina,LULUCF,Emissions (CO2eq) (AR5),kilotonnes,-43940.8839,,,,,,,,,,108240.06,,85275,,,,,,,,
Argentina,AFOLU,Emissions (CH4),kilotonnes,3243.2097,3160.7291,3283.9472,3536.3622,3579.4382,3576.8825,3655.3328,3680.6314,3633.5703,3437.433,3114.1624,3080.6061,3183.5377,3260.4218,3271.2479,3267.1597,3317.2657,3479.4758,3436.8518,3433.5051,3470.0451
Argentina,AFOLU,Emissions (N2O),kilotonnes,126.0067,123.8929,125.6774,138.8444,139.4753,137.7596,142.016,149.827,145.2512,127.0165,130.0199,133.206,131.4905,137.4299,136.8362,135.6718,145.2843,154.8976,151.358,158.0009,165.1479
Argentina,AFOLU,Emissions (CO2),kilotonnes,46574.9078,97037.4385,97070.2545,97078.658,97074.628,97061.5805,97063.4542,97062.5927,97076.8085,97074.9215,97079.1697,67828.0808,67827.4419,67824.2123,67818.632,67818.3126,31972.9019,31974.3627,31980.4307,31981.5601,31965.9459
Argentina,AFOLU,Emissions (CO2eq) from CH4 (AR5),kilotonnes,90809.8703,88500.4141,91950.5227,99018.142,100224.2703,100152.711,102349.3198,103057.6781,101739.9682,96248.123,87196.5481,86256.9707,89139.0553,91291.8103,91594.9417,91480.4724,92883.4396,97425.3224,96231.851,96138.1432,97161.2627
Argentina,AFOLU,Emissions (CO2eq) from N2O (AR5),kilotonnes,33391.7811,32831.6157,33304.5145,36793.7551,36960.9428,36506.2846,37634.2372,39704.1472,38491.5764,33659.3736,34455.2647,35299.5955,34844.9713,36418.9184,36261.6032,35953.0284,38500.3268,41047.855,40109.8668,41870.2468,43764.1988
Argentina,AFOLU,Emissions (CO2eq) (AR5),kilotonnes,170776.5592,218369.4683,222325.2917,232890.5551,234259.8411,233720.5761,237047.0111,239824.418,237308.3531,226982.418,218730.9825,189384.6471,191811.4685,195534.941,195675.1769,195251.8134,163356.6683,170447.5401,168322.1485,169989.95,172891.4074
Argentina,All sectors with LULUCF,Emissions (CH4),kilotonnes,4717.6347,4652.1951,4775.7282,5103.8822,5199.9582,5147.3425,5237.7228,5136.9814,5055.9603,4837.613,4495.5724,4463.0261,4572.9677,4625.7318,4658.6779,4677.6197,4764.6557,4925.6858,4893.3918,4797.8851,4823.4151
Argentina,All sectors with LULUCF,Emissions (N2O),kilotonnes,136.4847,134.1249,135.6234,149.4754,150.7743,149.4696,153.91,161.386,158.3992,139.7915,142.3039,145.501,143.9865,150.1079,150.1752,149.3418,158.8663,168.5906,164.782,171.9309,179.2239
Argentina,All sectors with LULUCF,Emissions (CO2),kilotonnes,192303.8578,235266.5085,226769.4445,236977.968,259404.058,263791.1305,277483.1242,276432.3827,291346.7085,281394.9215,288819.2697,264328.3808,266948.0419,264414.9123,264099.532,267179.3126,228934.0019,226375.5627,224731.8307,214313.0601,204717.6459
Argentina,All sectors with LULUCF,Emissions (CO2eq) from F-gases (AR5),kilotonnes,274.0348,236.1364,307.0744,436.3178,584.0245,428.5438,316.792,783.2342,609.2901,658.8496,712.2961,774.4884,951.3477,1389.6091,2089.2724,2477.9742,2740.3479,3022.1568,3187.355,3061.0269,3265.0954
Argentina,All sectors with LULUCF,Emissions (CO2eq) from CH4 (AR5),kilotonnes,132093.7703,130261.4621,133720.3907,142908.702,145598.8303,144125.591,146656.2398,143835.4781,141566.8882,135453.163,125876.0281,124964.7307,128043.0953,129520.4903,130442.9817,130973.3524,133410.3596,137919.2024,137014.971,134340.7832,135055.6227
Argentina,All sectors with LULUCF,Emissions (CO2eq) from N2O (AR5),kilotonnes,36168.4511,35543.0957,35940.2045,39610.9701,39955.1778,39609.4346,40786.1472,42767.2822,41975.7964,37044.7486,37710.5247,38557.7705,38156.4113,39778.5884,39796.4382,39575.5784,42099.5568,44676.5,43667.2268,45561.6968,47494.3388
Argentina,All sectors with LULUCF,Emissions (CO2eq) (AR5),kilotonnes,360840.114,401307.2027,396737.1142,419933.9579,445542.0906,447954.6999,465242.3031,463818.3772,475498.6832,454551.6826,453118.1186,428625.3705,434098.8962,435103.6,436428.2243,440206.2176,407184.2662,411993.4218,408601.3835,397276.5669,390532.7028
Argentina,All sectors without LULUCF,Emissions (CH4),kilotonnes,4654.0272,4645.1266,4768.6374,5093.5673,5186.732,5136.1548,5227.8462,5127.3012,5044.9589,4823.4479,4487.0168,4457.5774,4566.0421,4603.8491,4656.6876,4672.7329,4760.5993,4909.9203,4890.1137,4794.875,4797.3185
Argentina,All sectors without LULUCF,Emissions (N2O),kilotonnes,134.3692,133.4795,134.976,148.5336,149.5666,148.4481,153.0082,160.5021,157.3948,138.4982,141.5227,145.0035,143.3541,148.1099,149.9935,148.8956,158.4959,167.1511,164.4827,171.6561,176.8412
Argentina,All sectors without LULUCF,Emissions (CO2),kilotonnes,145728.95,138229.07,129699.19,139899.31,162329.43,166729.55,180419.67,179369.79,194269.9,184320,191740.1,196500.3,199120.6,196590.7,196280.9,199361,196961.1,194401.2,192751.4,182331.5,172751.7
Argentina,All sectors without LULUCF,Emissions (CO2eq) from F-gases (AR5),kilotonnes,274.0348,236.1364,307.0744,436.3178,584.0245,428.5438,316.792,783.2342,609.2901,658.8496,712.2961,774.4884,951.3477,1389.6091,2089.2724,2477.9742,2740.3479,3022.1568,3187.355,3061.0269,3265.0954
Argentina,All sectors without LULUCF,Emissions (CO2eq) from CH4 (AR5),kilotonnes,130312.7629,130063.5443,133521.8466,142619.8842,145228.4971,143812.3338,146379.694,143564.4342,141258.8485,135056.5417,125636.4706,124812.1673,127849.178,128907.7757,130387.2515,130836.5206,133296.7797,137477.7691,136923.1828,134256.4994,134324.9192
Argentina,All sectors without LULUCF,Emissions (CO2eq) from N2O (AR5),kilotonnes,35607.8343,35372.0689,35768.6365,39361.3939,39635.1616,39338.7395,40547.1756,42533.0649,41709.6099,36702.016,37503.5158,38425.9359,37988.8414,39249.123,39748.28,39457.338,42001.409,44295.0441,43587.9099,45488.8645,46862.9156
Argentina,All sectors without LULUCF,Emissions (CO2eq) (AR5),kilotonnes,311923.582,303900.8195,299296.7475,322316.9059,347777.1132,350309.167,367663.3316,366250.5233,377847.6486,356737.4073,355592.3826,360512.8917,365909.9672,366137.2077,368505.7038,372132.8328,374999.6366,379196.17,376449.8477,365137.8909,357204.6302
Armenia,Crop Residues,Direct emissions (N2O),kilotonnes,0.066,0.0943,0.1017,0.0857,0.1131,0.1025,0.067,0.1088,0.1035,0.0949,0.084,0.1039,0.1089,0.1255,0.1314,0.1343,0.1343,0.0781,0.0801,0.0548,0.0634
Armenia,Crop Residues,Indirect emissions (N2O),kilotonnes,0.0148,0.0212,0.0229,0.0193,0.0254,0.0231,0.0151,0.0245,0.0233,0.0214,0.0189,0.0234,0.0245,0.0282,0.0296,0.0302,0.0302,0.0176,0.018,0.0123,0.0143
Armenia,Crop Residues,Emissions (N2O),kilotonnes,0.0808,0.1155,0.1246,0.105,0.1386,0.1256,0.0821,0.1333,0.1267,0.1163,0.1029,0.1273,0.1334,0.1537,0.161,0.1645,0.1645,0.0956,0.0981,0.0671,0.0777
Armenia,Crop Residues,Emissions (CO2eq) from N2O (AR5),kilotonnes,21.4222,30.6093,33.0206,27.8305,36.718,33.2756,21.7643,35.3323,33.5849,30.8173,27.2563,33.7229,35.3638,40.7277,42.6604,43.5891,43.5874,25.3456,25.9973,17.7881,20.5825
Armenia,Crop Residues,Emissions (CO2eq) (AR5),kilotonnes,21.4222,30.6093,33.0206,27.8305,36.718,33.2756,21.7643,35.3323,33.5849,30.8173,27.2563,33.7229,35.3638,40.7277,42.6604,43.5891,43.5874,25.3456,25.9973,17.7881,20.5825
Armenia,Burning - Crop residues,Emissions (CH4),kilotonnes,0.122,0.1243,0.1375,0.1451,0.1429,0.1463,0.115,0.1158,0.1109,0.1027,0.1009,0.0935,0.1093,0.116,0.1209,0.1257,0.1256,0.0932,0.0754,0.0652,0.0666
Armenia,Burning - Crop residues,Emissions (CH4),kilotonnes,0.042,,,,,,0.042,,,,0.042,,,,,,,,,,
Armenia,Burning - Crop residues,Emissions (N2O),kilotonnes,0.0032,0.0032,0.0036,0.0038,0.0037,0.0038,0.003,0.003,0.0029,0.0027,0.0026,0.0024,0.0028,0.003,0.0031,0.0033,0.0033,0.0024,0.002,0.0017,0.0017
Armenia,Burning - Crop residues,Emissions (N2O),kilotonnes,0.005,,,,,,0.005,,,,0.005,,,,,,,,,,
Armenia,Burning - Crop residues,Emissions (CO2eq) from CH4 (AR5),kilotonnes,3.4159,3.4794,3.8512,4.0638,4.0016,4.0968,3.221,3.2433,3.1062,2.8765,2.8243,2.6193,3.0592,3.2482,3.385,3.5192,3.5161,2.6098,2.1118,1.8267,1.8651
Armenia,Burning - Crop residues,Emissions (CO2eq) from CH4 (AR5),kilotonnes,1.176,,,,,,1.176,,,,1.176,,,,,,,,,,
Armenia,Burning - Crop residues,Emissions (CO2eq) from N2O (AR5),kilotonnes,0.8382,0.8537,0.945,0.9971,0.9819,1.0052,0.7903,0.7958,0.7622,0.7058,0.693,0.6427,0.7506,0.797,0.8306,0.8635,0.8628,0.6404,0.5182,0.4482,0.4576
Armenia,Burning - Crop residues,Emissions (CO2eq) from N2O (AR5),kilotonnes,1.325,,,,,,1.325,,,,1.325,,,,,,,,,,
Armenia,Burning - Crop residues,Emissions (CO2eq) (AR5),kilotonnes,4.2541,4.3331,4.7962,5.0609,4.9835,5.102,4.0114,4.0391,3.8683,3.5823,3.5173,3.262,3.8098,4.0452,4.2156,4.3827,4.3789,3.2502,2.63,2.2749,2.3228
Armenia,Burning - Crop residues,Emissions (CO2eq) (AR5),kilotonnes,2.501,,,,,,2.501,,,,2.501,,,,,,,,,,
Armenia,Enteric Fermentation,Emissions (CH4),kilotonnes,21.7373,22.4631,23.3734,24.2637,25.447,25.536,26.2183,27.4738,27.7424,25.5387,24.7331,24.8245,26.13,28.8216,29.6644,30.2039,30.8638,28.8316,26.0156,25.173,25.5262
Armenia,Enteric Fermentation,Emissions (CH4),kilotonnes,34.455,,,,,,42.199,,,,40.917,,,,,,,,,,
Armenia,Enteric Fermentation,Emissions (CO2eq) from CH4 (AR5),kilotonnes,608.6436,628.9674,654.4544,679.3828,712.5165,715.0088,734.1117,769.2662,776.7876,715.0839,692.5267,695.0857,731.6395,807.0061,830.6028,845.7099,864.1867,807.2835,728.4357,704.8445,714.7345
Armenia,Enteric Fermentation,Emissions (CO2eq) from CH4 (AR5),kilotonnes,964.74,,,,,,1181.572,,,,1145.676,,,,,,,,,,
Armenia,Enteric Fermentation,Emissions (CO2eq) (AR5),kilotonnes,608.6436,628.9674,654.4544,679.3828,712.5165,715.0088,734.1117,769.2662,776.7876,715.0839,692.5267,695.0857,731.6395,807.0061,830.6028,845.7099,864.1867,807.2835,728.4357,704.8445,714.7345
Armenia,Enteric Fermentation,Emissions (CO2eq) (AR5),kilotonnes,964.74,,,,,,1181.572,,,,1145.676,,,,,,,,,,
Armenia,Manure Management,Emissions (CH4),kilotonnes,0.9177,0.944,1.0041,1.0542,1.075,1.0807,1.1549,1.2047,1.1497,1.0682,1.0663,1.0621,1.1053,1.2338,1.2602,1.2804,1.3315,1.2562,1.1513,1.1467,1.1828
Armenia,Manure Management,Emissions (CH4),kilotonnes,3.015,,,,,,3.663,,,,3.304,,3.8655,4.403,4.6186,,,,,,
Armenia,Manure Management,Emissions (N2O),kilotonnes,0.0449,0.0444,0.0557,0.062,0.0541,0.0555,0.0743,0.0797,0.055,0.0532,0.0632,0.0633,0.0622,0.0778,0.0764,0.0777,0.0901,0.089,0.0844,0.0954,0.1053
Armenia,Manure Management,Emissions (N2O),kilotonnes,0.191,,,,,,0.231,,,,0.213,,0.241,0.268,0.2775,,,,,,
Armenia,Manure Management,Emissions (CO2eq) from CH4 (AR5),kilotonnes,25.6963,26.4322,28.1149,29.5171,30.0997,30.2607,32.3383,33.7321,32.1906,29.9098,29.8577,29.7392,30.9481,34.5472,35.2857,35.8522,37.282,35.1741,32.2377,32.1083,33.1176
Armenia,Manure Management,Emissions (CO2eq) from CH4 (AR5),kilotonnes,84.42,,,,,,102.564,,,,92.512,,108.234,123.284,129.3208,,,,,,
Armenia,Manure Management,Emissions (CO2eq) from N2O (AR5),kilotonnes,11.9001,11.7666,14.7618,16.4186,14.344,14.7047,19.6886,21.1275,14.5809,14.1104,16.7566,16.7632,16.4699,20.6183,20.2582,20.5887,23.8886,23.5943,22.3627,25.2805,27.909
Armenia,Manure Management,Emissions (CO2eq) from N2O (AR5),kilotonnes,50.615,,,,,,61.215,,,,56.445,,63.865,71.02,73.5375,,,,,,
Armenia,Manure Management,Emissions (CO2eq) (AR5),kilotonnes,37.5964,38.1988,42.8767,45.9357,44.4436,44.9654,52.0269,54.8595,46.7715,44.0202,46.6143,46.5023,47.418,55.1655,55.5439,56.4409,61.1706,58.7684,54.6003,57.3888,61.0266
Armenia,Manure Management,Emissions (CO2eq) (AR5),kilotonnes,135.035,,,,,,163.779,,,,148.957,,172.099,194.304,202.8583,,,,,,
Armenia,Manure left on Pasture,Direct emissions (N2O),kilotonnes,0.969,0.9964,1.0327,1.0778,1.1394,1.142,1.1706,1.2124,1.2257,1.1349,1.0997,1.0952,1.1569,1.2707,1.3073,1.3296,1.3555,1.2676,1.1522,1.1138,1.1295
Armenia,Manure left on Pasture,Indirect emissions (N2O),kilotonnes,0.2303,0.2358,0.2457,0.2558,0.2699,0.2693,0.275,0.2855,0.2884,0.2657,0.2562,0.2559,0.2713,0.299,0.3086,0.3144,0.3211,0.3003,0.2729,0.2639,0.2683
Armenia,Manure left on Pasture,Emissions (N2O),kilotonnes,1.1993,1.2322,1.2785,1.3335,1.4093,1.4113,1.4456,1.498,1.5141,1.4006,1.3559,1.3512,1.4283,1.5697,1.616,1.644,1.6766,1.5679,1.4251,1.3777,1.3979
Armenia,Manure left on Pasture,Emissions (CO2eq) from N2O (AR5),kilotonnes,317.8122,326.5295,338.7942,353.3788,373.4589,373.9958,383.0759,396.9628,401.2255,371.1699,359.313,358.0582,378.4875,415.9788,428.2268,435.6623,444.3047,415.4925,377.6415,365.103,370.4351
Armenia,Manure left on Pasture,Emissions (CO2eq) (AR5),kilotonnes,317.8122,326.5295,338.7942,353.3788,373.4589,373.9958,383.0759,396.9628,401.2255,371.1699,359.313,358.0582,378.4875,415.9788,428.2268,435.6623,444.3047,415.4925,377.6415,365.103,370.4351
Armenia,Manure applied to Soils,Direct emissions (N2O),kilotonnes,0.0433,0.0429,0.0495,0.0545,0.0522,0.0528,0.0639,0.066,0.0523,0.0505,0.0557,0.0545,0.0555,0.0658,0.0656,0.0665,0.0737,0.0718,0.0684,0.0739,0.0799
Armenia,Manure applied to Soils,Indirect emissions (N2O),kilotonnes,0.0184,0.0182,0.021,0.0232,0.0222,0.0225,0.0272,0.0281,0.0222,0.0215,0.0237,0.0232,0.0236,0.0279,0.0279,0.0283,0.0313,0.0305,0.0291,0.0314,0.034
Armenia,Manure applied to Soils,Emissions (N2O),kilotonnes,0.0617,0.0611,0.0706,0.0777,0.0744,0.0753,0.0911,0.0941,0.0745,0.072,0.0794,0.0777,0.0791,0.0937,0.0935,0.0948,0.105,0.1024,0.0975,0.1053,0.1139
Armenia,Manure applied to Soils,Emissions (CO2eq) from N2O (AR5),kilotonnes,16.3575,16.1895,18.6964,20.5857,19.7213,19.9528,24.133,24.9356,19.7331,19.0769,21.0279,20.5959,20.9548,24.8321,24.7824,25.1149,27.8208,27.1245,25.8351,27.9112,30.1735
Armenia,Manure applied to Soils,Emissions (CO2eq) (AR5),kilotonnes,16.3575,16.1895,18.6964,20.5857,19.7213,19.9528,24.133,24.9356,19.7331,19.0769,21.0279,20.5959,20.9548,24.8321,24.7824,25.1149,27.8208,27.1245,25.8351,27.9112,30.1735
Armenia,Synthetic Fertilizers,Direct emissions (N2O),kilotonnes,0.11,0.0786,0.2467,0.1642,0.2072,0.1611,0.9099,0.4213,0.3823,0.6214,0.4649,0.5649,0.9027,0.9208,0.7643,0.9944,2.2989,1.416,1.416,1.416,1.416
Armenia,Synthetic Fertilizers,Indirect emissions (N2O),kilotonnes,0.0357,0.0255,0.0802,0.0534,0.0673,0.0524,0.2957,0.1369,0.1243,0.2019,0.1511,0.1836,0.2934,0.2992,0.2484,0.3232,0.7471,0.4602,0.4602,0.4602,0.4602
Armenia,Synthetic Fertilizers,Emissions (N2O),kilotonnes,0.1458,0.1041,0.3269,0.2176,0.2746,0.2134,1.2056,0.5582,0.5066,0.8233,0.6161,0.7485,1.1961,1.22,1.0127,1.3176,3.046,1.8761,1.8761,1.8761,1.8761
Armenia,Synthetic Fertilizers,Emissions (CO2eq) from N2O (AR5),kilotonnes,38.6237,27.5884,86.6276,57.6597,72.7616,56.5617,319.4736,147.9179,134.2506,218.1795,163.2538,198.3434,316.973,323.3023,268.3562,349.1697,807.1933,497.1776,497.1776,497.1776,497.1776
Armenia,Synthetic Fertilizers,Emissions (CO2eq) (AR5),kilotonnes,38.6237,27.5884,86.6276,57.6597,72.7616,56.5617,319.4736,147.9179,134.2506,218.1795,163.2538,198.3434,316.973,323.3023,268.3562,349.1697,807.1933,497.1776,497.1776,497.1776,497.1776
Armenia,Drained organic soils,Emissions (CO2eq) (AR5),kilotonnes,0,0,0,0,0,0,0,0,0,0,0,0,0,0,0,0,0,0,0,0,0
Armenia,Drained organic soils (CO2),Emissions (CO2),kilotonnes,0,0,0,0,0,0,0,0,0,0,0,0,0,0,0,0,0,0,0,0,0
Armenia,Drained organic soils (CO2),Emissions (CO2eq) (AR5),kilotonnes,0,0,0,0,0,0,0,0,0,0,0,0,0,0,0,0,0,0,0,0,0
Armenia,Drained organic soils (N2O),Emissions (N2O),kilotonnes,0,0,0,0,0,0,0,0,0,0,0,0,0,0,0,0,0,0,0,0,0
Armenia,Drained organic soils (N2O),Emissions (CO2eq) from N2O (AR5),kilotonnes,0,0,0,0,0,0,0,0,0,0,0,0,0,0,0,0,0,0,0,0,0
Armenia,Drained organic soils (N2O),Emissions (CO2eq) (AR5),kilotonnes,0,0,0,0,0,0,0,0,0,0,0,0,0,0,0,0,0,0,0,0,0
Armenia,On-farm energy use,Emissions (CH4),kilotonnes,0.0446,0.0575,0.0706,0.096,0.0808,0.0659,0.0482,0.0551,0.0577,0.05,0.0539,0.0583,0.0546,0.0508,0.0493,0.0488,0.0494,0.0491,0.05,0.0505,0.0505
Armenia,On-farm energy use,Emissions (N2O),kilotonnes,0.0189,0.0182,0.0223,0.0297,0.0295,0.0317,0.0309,0.0331,0.0353,0.0324,0.0359,0.037,0.0406,0.0378,0.0354,0.033,0.0329,0.0272,0.0229,0.0204,0.0204
Armenia,On-farm energy use,Emissions (CO2),kilotonnes,190.7936,209.1459,239.3433,299.2292,334.1068,382.8959,396.2489,425.2839,451.2719,408.4992,407.5457,425.7229,444.7475,421.1208,412.8005,403.8736,406.5651,397.4356,403.1047,403.7964,403.7964
Armenia,On-farm energy use,Emissions (CO2eq) from CH4 (AR5),kilotonnes,1.2493,1.6104,1.9762,2.6888,2.2627,1.8464,1.3486,1.5437,1.617,1.4004,1.5084,1.6332,1.5278,1.4231,1.3815,1.3669,1.3824,1.3739,1.3991,1.415,1.415
Armenia,On-farm energy use,Emissions (CO2eq) from N2O (AR5),kilotonnes,4.9996,4.8357,5.9003,7.8836,7.8305,8.3924,8.1882,8.7771,9.3541,8.5958,9.5065,9.8153,10.7473,10.0257,9.3794,8.7354,8.7115,7.2114,6.06,5.4016,5.4016
Armenia,On-farm energy use,Emissions (CO2eq) (AR5),kilotonnes,197.0425,215.592,247.2198,309.8016,344.2,393.1347,405.7858,435.6047,462.243,418.4954,418.5605,437.1714,457.0226,432.5695,423.5614,413.9759,416.6589,406.0209,410.5638,410.613,410.613
Armenia,Forestland,Emissions (CO2),kilotonnes,76.3667,-84.0142,-84.0142,-84.0142,-84.0142,-84.0142,-84.0142,-84.0142,-84.0142,-84.0142,-84.0142,-113.5746,-113.5746,-113.5746,-113.5746,-113.5746,0,0,0,0,0
Armenia,Forestland,Emissions (CO2),kilotonnes,,,,,,,,,,,,,,-536.117,-539.78,,,,,,
Armenia,Forestland,Emissions (CO2eq) (AR5),kilotonnes,76.3667,-84.0142,-84.0142,-84.0142,-84.0142,-84.0142,-84.0142,-84.0142,-84.0142,-84.0142,-84.0142,-113.5746,-113.5746,-113.5746,-113.5746,-113.5746,0,0,0,0,0
Armenia,Forestland,Emissions (CO2eq) (AR5),kilotonnes,,,,,,,,,,,,,,-536.117,-539.78,,,,,,
Armenia,Net Forest conversion,Emissions (CO2),kilotonnes,54.2254,207.196,207.196,207.196,207.196,207.196,207.196,207.196,207.196,207.196,207.196,35.3649,35.3649,35.3649,35.3649,35.3649,36.0668,36.0668,36.0668,36.0668,36.0668
Armenia,Net Forest conversion,Emissions (CO2),kilotonnes,,,,,,,,,,,,,,1.151,,,,,,,
Armenia,Net Forest conversion,Emissions (CO2eq) (AR5),kilotonnes,54.2254,207.196,207.196,207.196,207.196,207.196,207.196,207.196,207.196,207.196,207.196,35.3649,35.3649,35.3649,35.3649,35.3649,36.0668,36.0668,36.0668,36.0668,36.0668
Armenia,Net Forest conversion,Emissions (CO2eq) (AR5),kilotonnes,,,,,,,,,,,,,,1.151,,,,,,,
Armenia,Savanna fires,Emissions (CH4),kilotonnes,0.0335,0.0687,0.0061,0.0061,0.1045,0.0837,0.1546,0.006,0.0824,0.001,0.6126,0.0332,0.0332,0.1055,0.0312,0.0779,0.0693,0.1479,0.0896,0.1315,0.0142
Armenia,Savanna fires,Emissions (N2O),kilotonnes,0.0031,0.0063,0.0006,0.0006,0.0095,0.0076,0.0141,0.0005,0.0075,0.0001,0.0559,0.003,0.003,0.0096,0.0028,0.0071,0.0063,0.0135,0.0082,0.012,0.0013
Armenia,Savanna fires,Emissions (CO2eq) from CH4 (AR5),kilotonnes,0.939,1.9233,0.1702,0.1702,2.9274,2.3437,4.3289,0.168,2.3064,0.0284,17.1539,0.9307,0.9283,2.9526,0.8738,2.1823,1.9403,4.142,2.5079,3.6812,0.3975
Armenia,Savanna fires,Emissions (CO2eq) from N2O (AR5),kilotonnes,0.8114,1.662,0.1471,0.1471,2.5297,2.0253,3.7407,0.1452,1.9931,0.0245,14.8232,0.8042,0.8022,2.5515,0.7551,1.8858,1.6767,3.5792,2.1671,3.1811,0.3435
Armenia,Savanna fires,Emissions (CO2eq) (AR5),kilotonnes,1.7504,3.5852,0.3173,0.3173,5.457,4.3689,8.0697,0.3132,4.2995,0.0529,31.977,1.7349,1.7305,5.5041,1.6289,4.0681,3.617,7.7212,4.675,6.8623,0.7411
Armenia,Fires in organic soils,Emissions (CH4),kilotonnes,0,0,0,0,0,0,0,0,0,0,0,0,0,0,0,0,0,0,0,0,0
Armenia,Fires in organic soils,Emissions (CO2),kilotonnes,0,0,0,0,0,0,0,0,0,0,0,0,0,0,0,0,0,0,0,0,0
Armenia,Fires in organic soils,Emissions (CO2eq) from CH4 (AR5),kilotonnes,0,0,0,0,0,0,0,0,0,0,0,0,0,0,0,0,0,0,0,0,0
Armenia,Fires in organic soils,Emissions (CO2eq) (AR5),kilotonnes,0,0,0,0,0,0,0,0,0,0,0,0,0,0,0,0,0,0,0,0,0
Armenia,Forest fires,Emissions (CH4),kilotonnes,0,0.0149,0,0,0.0075,0,0.0573,0.005,0.0075,0,0.0772,0,0.0199,0,0,0.0075,0,0.0025,0.0398,0.0125,0.0971
Armenia,Forest fires,Emissions (N2O),kilotonnes,0,0.0014,0,0,0.0007,0,0.0052,0.0005,0.0007,0,0.0071,0,0.0018,0,0,0.0007,0,0.0002,0.0036,0.0011,0.0089
Armenia,Forest fires,Emissions (CO2eq) from CH4 (AR5),kilotonnes,0,0.4184,0,0,0.2092,0,1.6044,0.1395,0.2093,0,2.1624,0,0.5579,0,0,0.2092,0,0.0697,1.1158,0.3488,2.7196
Armenia,Forest fires,Emissions (CO2eq) from N2O (AR5),kilotonnes,0,0.3616,0,0,0.1808,0,1.3864,0.1205,0.1808,0,1.8686,0,0.4821,0,0,0.1808,0,0.0603,0.9642,0.3014,2.3501
Armenia,Forest fires,Emissions (CO2eq) (AR5),kilotonnes,0,0.78,0,0,0.39,0,2.9908,0.26,0.3901,0,4.031,0,1.0399,0,0,0.39,0,0.13,2.0799,0.6503,5.0696
Armenia,Fires in humid tropical forests,Emissions (CH4),kilotonnes,0,0,0,0,0,0,0,0,0,0,0,0,0,0,0,0,0,0,0,0,0
Armenia,Fires in humid tropical forests,Emissions (N2O),kilotonnes,0,0,0,0,0,0,0,0,0,0,0,0,0,0,0,0,0,0,0,0,0
Armenia,Fires in humid tropical forests,Emissions (CO2eq) from CH4 (AR5),kilotonnes,0,0,0,0,0,0,0,0,0,0,0,0,0,0,0,0,0,0,0,0,0
Armenia,Fires in humid tropical forests,Emissions (CO2eq) from N2O (AR5),kilotonnes,0,0,0,0,0,0,0,0,0,0,0,0,0,0,0,0,0,0,0,0,0
Armenia,Fires in humid tropical forests,Emissions (CO2eq) (AR5),kilotonnes,0,0,0,0,0,0,0,0,0,0,0,0,0,0,0,0,0,0,0,0,0
Armenia,Waste - agri-food systems,Emissions (CH4),kilotonnes,11.644,11.802,12.2103,12.9827,13.3355,13.4389,13.6206,14.0316,14.4076,14.7741,16.1748,17.1122,18.099,18.8362,19.5631,18.3133,17.346,17.1075,16.8634,16.6157,16.3565
Armenia,Waste - agri-food systems,Emissions (N2O),kilotonnes,0.0733,0.0708,0.0712,0.0759,0.0812,0.0825,0.0837,0.084,0.0877,0.0848,0.0843,0.0856,0.0918,0.0918,0.1021,0.0997,0.0994,0.1,0.0997,0.0993,0.0989
Armenia,Waste - agri-food systems,Emissions (CO2),kilotonnes,3.2747,3.2904,3.308,3.3335,3.3707,3.4189,3.4594,3.5155,3.5518,3.5059,3.5164,3.5304,3.5374,3.5445,3.5511,3.5365,3.5363,3.55,3.5619,3.5755,3.5641
Armenia,Waste - agri-food systems,Emissions (CO2eq) from CH4 (AR5),kilotonnes,326.0316,330.4568,341.8895,363.5163,373.3927,376.2896,381.3768,392.8855,403.4114,413.6737,452.8947,479.1427,506.7708,527.4129,547.7666,512.7716,485.6878,479.0107,472.176,465.2393,457.9825
Armenia,Waste - agri-food systems,Emissions (CO2eq) from N2O (AR5),kilotonnes,19.4265,18.7533,18.876,20.1173,21.5075,21.8706,22.1901,22.273,23.2494,22.4648,22.3513,22.6792,24.3364,24.3177,27.0476,26.411,26.3433,26.492,26.4081,26.3161,26.2202
Armenia,Waste - agri-food systems,Emissions (CO2eq) (AR5),kilotonnes,348.7328,352.5005,364.0735,386.9671,398.2709,401.5792,407.0264,418.6741,430.2126,439.6445,478.7624,505.3523,534.6447,555.2751,578.3653,542.719,515.5675,509.0526,502.146,495.131,487.7668
Armenia,Fertilizers Manufacturing,Emissions (N2O),kilotonnes,0,0,0,0,0,0,0,0,0,0,0,0,0,0,0,0,0,0,0,0,0
Armenia,Fertilizers Manufacturing,Emissions (CO2),kilotonnes,0,0,0,0,0,0,0,0,0,0,0,0,0,0,0,0,0,0,0,0,0
Armenia,Fertilizers Manufacturing,Emissions (CO2eq) from N2O (AR5),kilotonnes,0,0,0,0,0,0,0,0,0,0,0,0,0,0,0,0,0,0,0,0,0
Armenia,Fertilizers Manufacturing,Emissions (CO2eq) (AR5),kilotonnes,0,0,0,0,0,0,0,0,0,0,0,0,0,0,0,0,0,0,0,0,0
Armenia,On-farm electricity use,Emissions (CH4),kilotonnes,0.5712,0.4704,0.276,0.2676,0.3132,0.2748,0.2724,0.2172,0.2676,0.1488,0.1512,0.1452,0.1656,0.1812,0.2064,0.1944,0.138,0.19,0.2044,0.204,0.204
Armenia,On-farm electricity use,Emissions (N2O),kilotonnes,0.003,0.0025,0.0015,0.0014,0.0017,0.0015,0.0015,0.0012,0.0014,0.0008,0.0008,0.0008,0.0009,0.001,0.0011,0.001,0.0007,0.001,0.0011,0.0011,0.0011
Armenia,On-farm electricity use,Emissions (CO2),kilotonnes,113.0688,96.0149,34.0175,31.7888,29.7146,30.1034,29.5815,28.3315,35.5538,12.7055,11.6229,14.9305,24.3595,20.0641,22.8546,21.5258,15.2806,21.0474,22.6317,22.5871,22.5871
Armenia,On-farm electricity use,Emissions (CO2eq) from CH4 (AR5),kilotonnes,15.9936,13.1712,7.728,7.4928,8.7696,7.6944,7.6272,6.0816,7.4928,4.1664,4.2336,4.0656,4.6368,5.0736,5.7792,5.4432,3.864,5.32,5.7232,5.712,5.712
Armenia,On-farm electricity use,Emissions (CO2eq) from N2O (AR5),kilotonnes,0.795,0.6625,0.3975,0.371,0.4505,0.3975,0.3975,0.318,0.371,0.212,0.212,0.212,0.2385,0.265,0.2915,0.265,0.1855,0.265,0.2915,0.2915,0.2915
Armenia,On-farm electricity use,Emissions (CO2eq) (AR5),kilotonnes,129.8574,109.8486,42.143,39.6526,38.9347,38.1953,37.6062,34.7311,43.4176,17.0839,16.0685,19.2081,29.2348,25.4027,28.9253,27.234,19.3301,26.6324,28.6464,28.5906,28.5906
Armenia,Food Processing,Emissions (CH4),kilotonnes,0,0,0,0.0001,0.0001,0.0001,0.0001,0.2159,0.2207,0.206,0.2173,0.2371,0.2581,0.2639,0.3382,0.3413,0.3227,0.3127,0.3015,0.3015,0.3075
Armenia,Food Processing,Emissions (N2O),kilotonnes,0,0,0,0,0,0,0,0.002,0.0021,0.0018,0.0015,0.0017,0.0019,0.0019,0.0022,0.0021,0.002,0.0019,0.0019,0.0019,0.002
Armenia,Food Processing,Emissions (CO2),kilotonnes,1.0156,0.9837,1.2068,1.5891,1.5891,2.4906,2.2498,491.4581,561.4514,398.3957,221.1107,262.9864,309.5259,291.8576,223.1775,198.8138,161.2843,149.4325,201.9545,201.9545,193.1455
Armenia,Food Processing,Emissions (CO2eq) from CH4 (AR5),kilotonnes,0,0,0,0.0028,0.0028,0.0028,0.0028,6.0452,6.1796,5.768,6.0844,6.6388,7.2268,7.3892,9.4696,9.5564,9.0356,8.7556,8.442,8.442,8.61
Armenia,Food Processing,Emissions (CO2eq) from N2O (AR5),kilotonnes,0,0,0,0,0,0,0,0.53,0.5565,0.477,0.3975,0.4505,0.5035,0.5035,0.583,0.5565,0.53,0.5035,0.5035,0.5035,0.5336
Armenia,Food Processing,Emissions (CO2eq) (AR5),kilotonnes,1.0156,0.9837,1.2068,1.5919,1.5919,2.4934,2.2526,498.0333,568.1875,404.6407,227.5926,270.0757,317.2562,299.7503,233.2301,208.9267,170.8499,158.6916,210.9,210.9,202.2891
Armenia,Food Packaging,Emissions (CH4),kilotonnes,0.0223,0.0204,0.0182,0.0173,0.0196,0.0211,0.0243,0.0447,0.0434,0.0362,0.0385,0.0391,0.0423,0.0452,0.0532,0.0557,0.0541,0.0615,0.063,0.0597,0.0609
Armenia,Food Packaging,Emissions (N2O),kilotonnes,0.0001,0.0001,0.0001,0.0001,0.0001,0.0001,0.0001,0.0004,0.0004,0.0003,0.0003,0.0003,0.0003,0.0003,0.0004,0.0004,0.0004,0.0004,0.0004,0.0004,0.0004
Armenia,Food Packaging,Emissions (CO2),kilotonnes,13.2702,13.1795,10.3525,11.3657,12.0116,14.3206,14.6862,98.5647,115.1781,79.0858,45.6249,53.7093,63.2327,60.6297,47.8493,40.6342,36.6481,46.9492,48.5417,65.8965,63.0222
Armenia,Food Packaging,Emissions (CO2eq) from CH4 (AR5),kilotonnes,0.6244,0.5712,0.5096,0.4844,0.5488,0.5908,0.6804,1.2516,1.2152,1.0136,1.078,1.0948,1.1844,1.2656,1.4896,1.5596,1.5148,1.722,1.764,1.6716,1.7049
Armenia,Food Packaging,Emissions (CO2eq) from N2O (AR5),kilotonnes,0.0265,0.0265,0.0265,0.0265,0.0265,0.0265,0.0265,0.106,0.106,0.0795,0.0795,0.0795,0.0795,0.0795,0.106,0.106,0.106,0.106,0.106,0.106,0.1123
Armenia,Food Packaging,Emissions (CO2eq) (AR5),kilotonnes,13.9211,13.7772,10.8886,11.8766,12.5869,14.9379,15.3931,99.9223,116.4993,80.1789,46.7824,54.8836,64.4966,61.9748,49.4449,42.2998,38.2689,48.7772,50.4117,67.6741,64.8394
Armenia,Food Retail,Emissions (CH4),kilotonnes,0.031,0.0306,0.0385,0.0397,0.0425,0.0412,0.0417,0.0435,0.0429,0.0414,0.0409,0.0436,0.0435,0.0437,0.0434,0.0421,0.0402,0.0312,0.0391,0.0317,0.0323
Armenia,Food Retail,Emissions (N2O),kilotonnes,0.0002,0.0002,0.0002,0.0002,0.0002,0.0002,0.0002,0.0003,0.0003,0.0002,0.0003,0.0003,0.0003,0.0003,0.0003,0.0003,0.0002,0.0002,0.0002,0.0002,0.0002
Armenia,Food Retail,Emissions (CO2),kilotonnes,6.1896,6.3,4.7999,4.7691,4.0818,5.5162,5.2849,13.8082,15.593,12.3948,41.2916,49.2857,56.7504,52.9661,16.9304,17.0319,17.9035,17.3095,15.7835,29.03,27.7637
Armenia,Food Retail,Emissions (CO2eq) from F-gases (AR5),kilotonnes,56.6255,90.393,142.8625,208.3195,315.856,338.1945,393.2615,448.3285,454.043,457.16,458.7185,459.7575,460.277,460.7965,460.7965,460.7965,504.4345,515.8635,527.2925,538.7215,564.1329
Armenia,Food Retail,Emissions (CO2eq) from CH4 (AR5),kilotonnes,0.868,0.8568,1.078,1.1116,1.19,1.1536,1.1676,1.218,1.2012,1.1592,1.1452,1.2208,1.218,1.2236,1.2152,1.1788,1.1256,0.8736,1.0948,0.8876,0.9053
Armenia,Food Retail,Emissions (CO2eq) from N2O (AR5),kilotonnes,0.053,0.053,0.053,0.053,0.053,0.053,0.053,0.0795,0.0795,0.053,0.0795,0.0795,0.0795,0.0795,0.0795,0.0795,0.053,0.053,0.053,0.053,0.0562
Armenia,Food Retail,Emissions (CO2eq) (AR5),kilotonnes,63.7361,97.6028,148.7934,214.2532,321.1808,344.9173,399.767,463.4342,470.9167,470.767,501.2348,510.3435,518.3249,515.0657,479.0216,479.0867,523.5166,534.0996,544.2238,568.6921,592.8581
Armenia,Food Household Consumption,Emissions (CH4),kilotonnes,0.2268,0.2155,0.2352,0.2593,0.2429,0.2506,0.2541,0.2662,0.271,0.2587,0.262,0.2869,0.3003,0.3049,0.2998,0.2819,0.2796,0.2881,0.2754,0.2754,0.2809
Armenia,Food Household Consumption,Emissions (N2O),kilotonnes,0.0012,0.0012,0.0013,0.0014,0.0014,0.0015,0.0015,0.0016,0.0016,0.0016,0.0015,0.0018,0.0018,0.0018,0.0018,0.0017,0.0017,0.0018,0.0017,0.0017,0.0018
Armenia,Food Household Consumption,Emissions (CO2),kilotonnes,82.9849,86.1395,76.7736,89.239,104.0019,118.3638,120.8759,167.9489,183.4472,160.9191,138.5921,167.333,200.5847,185.4512,162.2854,168.5222,179.6964,191.0198,171.7727,171.7727,164.2802
Armenia,Food Household Consumption,Emissions (CO2eq) from CH4 (AR5),kilotonnes,6.3504,6.034,6.5856,7.2604,6.8012,7.0168,7.1148,7.4536,7.588,7.2436,7.336,8.0332,8.4084,8.5372,8.3944,7.8932,7.8288,8.0668,7.7112,7.7112,7.8647
Armenia,Food Household Consumption,Emissions (CO2eq) from N2O (AR5),kilotonnes,0.318,0.318,0.3445,0.371,0.371,0.3975,0.3975,0.424,0.424,0.424,0.3975,0.477,0.477,0.477,0.477,0.4505,0.4505,0.477,0.4505,0.4505,0.4775
Armenia,Food Household Consumption,Emissions (CO2eq) (AR5),kilotonnes,89.6533,92.4915,83.7037,96.8704,111.1741,125.7781,128.3882,175.8265,191.4592,168.5867,146.3256,175.8432,209.4701,194.4654,171.1568,176.8659,187.9757,199.5636,179.9344,179.9344,172.6223
Armenia,Food Transport,Emissions (CH4),kilotonnes,0.0167,0.0145,0.0119,0.0105,0.0133,0.0257,0.0315,0.1037,0.1243,0.11,0.1287,0.1474,0.1628,0.1617,0.1243,0.1408,0.1694,0.1738,0.1837,0.1604,0.1636
Armenia,Food Transport,Emissions (N2O),kilotonnes,0.0011,0.0011,0.0011,0.0012,0.0013,0.0018,0.0022,0.0045,0.0054,0.0049,0.0056,0.006,0.0063,0.0062,0.0053,0.0058,0.0067,0.0069,0.0072,0.0065,0.0069
Armenia,Food Transport,Emissions (CO2),kilotonnes,62.7,62.37,59.73,64.35,66.77,73.92,73.15,116.6,138.6,125.4,138.6,141.9,143,140.8,159.5,160.6,173.8,183.7,185.9,134.5025,128.6357
Armenia,Food Transport,Emissions (CO2eq) from CH4 (AR5),kilotonnes,0.4676,0.406,0.3332,0.294,0.3724,0.7196,0.882,2.9036,3.4804,3.08,3.6036,4.1272,4.5584,4.5276,3.4804,3.9424,4.7432,4.8664,5.1436,4.4912,4.5806
Armenia,Food Transport,Emissions (CO2eq) from N2O (AR5),kilotonnes,0.2915,0.2915,0.2915,0.318,0.3445,0.477,0.583,1.1925,1.431,1.2985,1.484,1.59,1.6695,1.643,1.4045,1.537,1.7755,1.8285,1.908,1.7225,1.8256
Armenia,Food Transport,Emissions (CO2eq) (AR5),kilotonnes,63.4591,63.0675,60.3547,64.962,67.4869,75.1166,74.615,120.6961,143.5114,129.7785,143.6876,147.6172,149.2279,146.9706,164.3849,166.0794,180.3187,190.3949,192.9516,140.7162,135.0419
Armenia,Energy,Emissions (CH4),kilotonnes,12.8,12.1,12.8,13.6,13.6,14.8,15.2,16,16.4,16.3,16.7,17.1,17.4,17.4,17.4,18.6,19.5,19.7,19.5,20.1,20.5
Armenia,Energy,Emissions (N2O),kilotonnes,0.0185,0.0183,0.0181,0.0205,0.0215,0.026,0.0305,0.0518,0.0605,0.0539,0.0597,0.0646,0.0691,0.0678,0.0637,0.14,0.177,0.182,0.153,0.167,0.177
Armenia,Energy,Emissions (CO2),kilotonnes,3360,3390,2870,3240,3400,4050,4070,4690,5170,4130,3970,4710,5470,5280,5320,4830,5010,5340,6590,6190,5920
Armenia,Energy,Emissions (CO2eq) from CH4 (AR5),kilotonnes,358.4,338.8,358.4,380.8,380.8,414.4,425.6,448,459.2,456.4,467.6,478.8,487.2,487.2,487.2,520.8,546,551.6,546,562.8,574
Armenia,Energy,Emissions (CO2eq) from N2O (AR5),kilotonnes,4.9025,4.8495,4.7965,5.4325,5.6975,6.89,8.0825,13.727,16.0325,14.2835,15.8205,17.119,18.3115,17.967,16.8805,37.1,46.905,48.23,40.545,44.255,46.905
Armenia,Energy,Emissions (CO2eq) (AR5),kilotonnes,3723.3025,3733.6495,3233.1965,3626.2325,3786.4975,4471.29,4503.6825,5151.727,5645.2325,4600.6835,4453.4205,5205.919,5975.5115,5785.167,5824.0805,5387.9,5602.905,5939.83,7176.545,6797.055,6540.905
Armenia,IPPU,Emissions (CH4),kilotonnes,0,0,0,0,0,0,0,0,0,0,0,0,0,0,0,0,0,0,0,0,0
Armenia,IPPU,Emissions (N2O),kilotonnes,0.0377,0.0375,0.0373,0.0371,0.0369,0.0366,0.0363,0.036,0.0357,0.0355,0.0353,0.0353,0.0354,0.0355,0.0357,0.0358,0.0359,0.036,0.036,0.0355,0.0355
Armenia,IPPU,Emissions (CO2),kilotonnes,269,273,339,347,430,465,471,541,545,373,420,396,410,388,372,371,283,335,444,469,469
Armenia,IPPU,Emissions (CO2eq) from F-gases (AR5),kilotonnes,46.3527,68.5087,107.8648,168.1135,245.8539,371.2103,397.4476,461.5834,526.691,578.194,629.697,637.471,686.0587,735.6182,784.2059,832.7937,882.3532,930.9409,981.4721,1030.0599,1078.6476
Armenia,IPPU,Emissions (CO2eq) from CH4 (AR5),kilotonnes,0,0,0,0,0,0,0,0,0,0,0,0,0,0,0,0,0,0,0,0,0
Armenia,IPPU,Emissions (CO2eq) from N2O (AR5),kilotonnes,9.9905,9.9375,9.8845,9.8315,9.7785,9.699,9.6195,9.54,9.4605,9.4075,9.3545,9.3545,9.381,9.4075,9.4605,9.487,9.5135,9.54,9.54,9.4075,9.4075
Armenia,IPPU,Emissions (CO2eq) (AR5),kilotonnes,325.3432,351.4462,456.7493,524.945,685.6324,845.9093,878.0671,1012.1234,1081.1515,960.6015,1059.0515,1042.8255,1105.4397,1133.0257,1165.6664,1213.2807,1174.8667,1275.4809,1435.0121,1508.4674,1557.0551
Armenia,Waste,Emissions (CH4),kilotonnes,19.2,19.4,19.8,20.3,20.6,21,21.4,15.6,15.9,15.4,15.3,15.4,15.6,15.8,15.9,15.9,16.1,16.3,16.4,14.5,14.2
Armenia,Waste,Emissions (N2O),kilotonnes,0.127,0.126,0.125,0.128,0.133,0.139,0.144,0.148,0.152,0.154,0.154,0.153,0.155,0.16,0.168,0.175,0.179,0.179,0.179,0.184,0.187
Armenia,Waste,Emissions (CO2eq) from CH4 (AR5),kilotonnes,537.6,543.2,554.4,568.4,576.8,588,599.2,436.8,445.2,431.2,428.4,431.2,436.8,442.4,445.2,445.2,450.8,456.4,459.2,406,397.6
Armenia,Waste,Emissions (CO2eq) from N2O (AR5),kilotonnes,33.655,33.39,33.125,33.92,35.245,36.835,38.16,39.22,40.28,40.81,40.81,40.545,41.075,42.4,44.52,46.375,47.435,47.435,47.435,48.76,49.555
Armenia,Waste,Emissions (CO2eq) (AR5),kilotonnes,571.255,576.59,587.525,602.32,612.045,624.835,637.36,476.02,485.48,472.01,469.21,471.745,477.875,484.8,489.72,491.575,498.235,503.835,506.635,454.76,447.155
Armenia,Other,Emissions (CH4),kilotonnes,0,0,0,0,0,0,0,0,0,0,0,0,0,0,0,0,0,0,0,0,0
Armenia,Other,Emissions (N2O),kilotonnes,0.0417,0.0404,0.0343,0.0365,0.0381,0.0458,0.0474,0.0731,0.0824,0.0688,0.0711,0.081,0.0908,0.0888,0.0953,0.0995,0.112,0.119,0.121,0.126,0.132
Armenia,Other,Emissions (CO2),kilotonnes,0,0,0,0,0,0,0,0,0,0,0,0,0,0,0,0,0,0,0,0,0
Armenia,Other,Emissions (CO2eq) from CH4 (AR5),kilotonnes,0,0,0,0,0,0,0,0,0,0,0,0,0,0,0,0,0,0,0,0,0
Armenia,Other,Emissions (CO2eq) from N2O (AR5),kilotonnes,11.0505,10.706,9.0895,9.6725,10.0965,12.137,12.561,19.3715,21.836,18.232,18.8415,21.465,24.062,23.532,25.2545,26.3675,29.68,31.535,32.065,33.39,34.98
Armenia,Other,Emissions (CO2eq) (AR5),kilotonnes,11.0505,10.706,9.0895,9.6725,10.0965,12.137,12.561,19.3715,21.836,18.232,18.8415,21.465,24.062,23.532,25.2545,26.3675,29.68,31.535,32.065,33.39,34.98
Armenia,Farm-gate emissions,Emissions (CH4),kilotonnes,22.8551,23.6576,24.5917,25.5651,26.8503,26.9127,27.691,28.8555,29.1431,26.7607,26.5668,26.0717,27.4322,30.3278,31.126,31.7368,32.4396,30.378,27.3819,26.567,26.8403
Armenia,Farm-gate emissions,Direct emissions (N2O),kilotonnes,1.1883,1.2121,1.4307,1.3822,1.512,1.4584,2.2114,1.8086,1.7638,1.9017,1.7043,1.8185,2.2241,2.3827,2.2687,2.5248,3.8623,2.8335,2.7166,2.6585,2.6888
Armenia,Farm-gate emissions,Indirect emissions (N2O),kilotonnes,0.2993,0.3008,0.3698,0.3516,0.3849,0.3672,0.6129,0.475,0.4581,0.5105,0.4499,0.4861,0.6128,0.6544,0.6145,0.6961,1.1298,0.8085,0.7802,0.7679,0.7767
Armenia,Farm-gate emissions,Emissions (N2O),kilotonnes,1.5576,1.585,1.8826,1.8298,1.9938,1.9242,2.9466,2.4,2.3226,2.5007,2.3118,2.4104,2.9455,3.1654,3.0009,3.3419,5.1247,3.7742,3.6142,3.5558,3.5943
Armenia,Farm-gate emissions,Emissions (CO2),kilotonnes,190.7936,209.1459,239.3433,299.2292,334.1068,382.8959,396.2489,425.2839,451.2719,408.4992,407.5457,425.7229,444.7475,421.1208,412.8005,403.8736,406.5651,397.4356,403.1047,403.7964,403.7964
Armenia,Farm-gate emissions,Emissions (CO2eq) from CH4 (AR5),kilotonnes,639.9442,662.4127,688.5668,715.8227,751.8079,753.5563,775.3485,807.9532,816.0077,749.299,743.8709,730.0079,768.1029,849.1772,871.5288,888.6305,908.3076,850.5833,766.6921,743.8756,751.5297
Armenia,Farm-gate emissions,Emissions (CO2eq) from N2O (AR5),kilotonnes,412.765,420.0347,498.8929,484.9013,528.3458,509.9136,780.8548,635.9943,615.4844,662.6801,612.6303,638.7459,780.549,838.8334,795.249,885.6095,1358.0457,1000.1654,957.7594,942.2913,952.4804
Armenia,Farm-gate emissions,Emissions (CO2eq) (AR5),kilotonnes,1243.5027,1291.5933,1426.803,1499.9532,1614.2605,1646.3658,1952.4523,1869.2314,1882.764,1820.4783,1764.0469,1794.4768,1993.3995,2109.1314,2079.5784,2178.1136,2672.9184,2248.1843,2127.5562,2089.9633,2107.8065
Armenia,Land Use change,Emissions (CH4),kilotonnes,0,0,0,0,0,0,0,0,0,0,0,0,0,0,0,0,0,0,0,0,0
Armenia,Land Use change,Emissions (N2O),kilotonnes,0,0,0,0,0,0,0,0,0,0,0,0,0,0,0,0,0,0,0,0,0
Armenia,Land Use change,Emissions (CO2),kilotonnes,54.2254,207.196,207.196,207.196,207.196,207.196,207.196,207.196,207.196,207.196,207.196,35.3649,35.3649,35.3649,35.3649,35.3649,36.0668,36.0668,36.0668,36.0668,36.0668
Armenia,Land Use change,Emissions (CO2eq) from CH4 (AR5),kilotonnes,0,0,0,0,0,0,0,0,0,0,0,0,0,0,0,0,0,0,0,0,0
Armenia,Land Use change,Emissions (CO2eq) from N2O (AR5),kilotonnes,0,0,0,0,0,0,0,0,0,0,0,0,0,0,0,0,0,0,0,0,0
Armenia,Land Use change,Emissions (CO2eq) (AR5),kilotonnes,54.2254,207.196,207.196,207.196,207.196,207.196,207.196,207.196,207.196,207.196,207.196,35.3649,35.3649,35.3649,35.3649,35.3649,36.0668,36.0668,36.0668,36.0668,36.0668
Armenia,Emissions on agricultural land,Emissions (CH4),kilotonnes,22.8551,23.6576,24.5917,25.5651,26.8503,26.9127,27.691,28.8555,29.1431,26.7607,26.5668,26.0717,27.4322,30.3278,31.126,31.7368,32.4396,30.378,27.3819,26.567,26.8403
Armenia,Emissions on agricultural land,Emissions (N2O),kilotonnes,1.5576,1.585,1.8826,1.8298,1.9938,1.9242,2.9466,2.4,2.3226,2.5007,2.3118,2.4104,2.9455,3.1654,3.0009,3.3419,5.1247,3.7742,3.6142,3.5558,3.5943
Armenia,Emissions on agricultural land,Emissions (CO2),kilotonnes,245.019,416.3419,446.5393,506.4252,541.3028,590.0919,603.4449,632.4799,658.4679,615.6952,614.7417,461.0877,480.1124,456.4856,448.1654,439.2385,442.6319,433.5024,439.1715,439.8632,439.8632
Armenia,Emissions on agricultural land,Emissions (CO2eq) from CH4 (AR5),kilotonnes,639.9442,662.4127,688.5668,715.8227,751.8079,753.5563,775.3485,807.9532,816.0077,749.299,743.8709,730.0079,768.1029,849.1772,871.5288,888.6305,908.3076,850.5833,766.6921,743.8756,751.5297
Armenia,Emissions on agricultural land,Emissions (CO2eq) from N2O (AR5),kilotonnes,412.765,420.0347,498.8929,484.9013,528.3458,509.9136,780.8548,635.9943,615.4844,662.6801,612.6303,638.7459,780.549,838.8334,795.249,885.6095,1358.0457,1000.1654,957.7594,942.2913,952.4804
Armenia,Emissions on agricultural land,Emissions (CO2eq) (AR5),kilotonnes,1297.7281,1498.7893,1633.999,1707.1492,1821.4565,1853.5618,2159.6483,2076.4274,2089.96,2027.6743,1971.2429,1829.8416,2028.7643,2144.4962,2114.9432,2213.4785,2708.9852,2284.2511,2163.623,2126.0301,2143.8733
Armenia,Pre- and post- production,Emissions (CH4),kilotonnes,12.512,12.5534,12.7901,13.5772,13.9671,14.0524,14.2447,14.9228,15.3775,15.5752,17.0134,18.0115,19.0716,19.8368,20.6284,19.3695,18.35,18.1648,17.9305,17.6484,17.4057
Armenia,Pre- and post- production,Emissions (N2O),kilotonnes,0.0789,0.0759,0.0754,0.0802,0.0859,0.0876,0.0892,0.094,0.0989,0.0944,0.0943,0.0965,0.1033,0.1033,0.1132,0.111,0.1111,0.1122,0.1122,0.1111,0.1114
Armenia,Pre- and post- production,Emissions (CO2),kilotonnes,282.5038,268.278,190.1883,206.4352,221.5397,248.1335,249.2877,920.2269,1053.3753,792.4068,600.3586,693.6753,800.9906,755.3132,636.1483,610.6644,588.1492,613.0084,650.146,629.3188,602.9985
Armenia,Pre- and post- production,Emissions (CO2eq) from F-gases (AR5),kilotonnes,56.6255,90.393,142.8625,208.3195,315.856,338.1945,393.2615,448.3285,454.043,457.16,458.7185,459.7575,460.277,460.7965,460.7965,460.7965,504.4345,515.8635,527.2925,538.7215,564.1329
Armenia,Pre- and post- production,Emissions (CO2eq) from CH4 (AR5),kilotonnes,350.3356,351.496,358.1239,380.1623,391.0775,393.4676,398.8516,417.8391,430.5686,436.1045,476.3755,504.3231,534.0036,555.4297,577.595,542.3452,513.7998,508.6151,502.0548,494.1549,487.3599
Armenia,Pre- and post- production,Emissions (CO2eq) from N2O (AR5),kilotonnes,20.9105,20.1048,19.989,21.2568,22.753,23.2221,23.6476,24.923,26.2174,25.0088,25.0013,25.5677,27.3839,27.3652,29.9891,29.4055,29.4438,29.725,29.7206,29.4431,29.517
Armenia,Pre- and post- production,Emissions (CO2eq) (AR5),kilotonnes,710.3754,730.2718,711.1637,816.1738,951.2262,1003.0178,1065.0485,1811.3176,1964.2043,1710.6802,1560.4539,1683.3236,1822.6552,1798.9046,1704.5289,1643.2115,1635.8274,1667.2119,1709.2139,1691.6384,1684.0083
Armenia,Agri-food systems,Emissions (CH4),kilotonnes,35.3671,36.211,37.3818,39.1423,40.8173,40.9651,41.9357,43.7783,44.5206,42.3358,43.5802,44.0833,46.5038,50.1645,51.7544,51.1063,50.7895,48.5428,45.3124,44.2154,44.2461
Armenia,Agri-food systems,Emissions (N2O),kilotonnes,1.6365,1.6609,1.958,1.91,2.0796,2.0118,3.0359,2.494,2.4215,2.5951,2.4062,2.5068,3.0488,3.2687,3.1141,3.4529,5.2358,3.8864,3.7263,3.6669,3.7057
Armenia,Agri-food systems,Emissions (CO2),kilotonnes,527.5227,684.6199,636.7276,712.8604,762.8425,838.2254,852.7327,1552.7069,1711.8432,1408.102,1215.1003,1154.763,1281.103,1211.7988,1084.3137,1049.9028,1030.7811,1046.5108,1089.3175,1069.182,1042.8617
Armenia,Agri-food systems,Emissions (CO2eq) from F-gases (AR5),kilotonnes,56.6255,90.393,142.8625,208.3195,315.856,338.1945,393.2615,448.3285,454.043,457.16,458.7185,459.7575,460.277,460.7965,460.7965,460.7965,504.4345,515.8635,527.2925,538.7215,564.1329
Armenia,Agri-food systems,Emissions (CO2eq) from CH4 (AR5),kilotonnes,990.2798,1013.9087,1046.6907,1095.985,1142.8854,1147.024,1174.2001,1225.7923,1246.5764,1185.4035,1220.2465,1234.3311,1302.1065,1404.6069,1449.1238,1430.9757,1422.1074,1359.1984,1268.747,1238.0306,1238.8896
Armenia,Agri-food systems,Emissions (CO2eq) from N2O (AR5),kilotonnes,433.6755,440.1395,518.8818,506.1581,551.0988,533.1357,804.5025,660.9173,641.7018,687.6889,637.6315,664.3137,807.933,866.1986,825.2381,915.015,1387.4895,1029.8904,987.48,971.7344,981.9974
Armenia,Agri-food systems,Emissions (CO2eq) (AR5),kilotonnes,2008.1035,2229.0611,2345.1627,2523.323,2772.6827,2856.5796,3224.6967,3887.745,4054.1643,3738.3545,3531.6969,3513.1652,3851.4195,3943.4008,3819.4721,3856.69,4344.8125,3951.463,3872.8369,3817.6685,3827.8816
Armenia,IPCC Agriculture,Emissions (CH4),kilotonnes,22.8105,23.6001,24.5211,25.4691,26.7695,26.8468,27.6429,28.8003,29.0854,26.7107,26.5129,26.0134,27.3777,30.2769,31.0767,31.688,32.3902,30.3289,27.3319,26.5165,26.7898
Armenia,IPCC Agriculture,Emissions (CH4),kilotonnes,37.512,,,,,,45.904,,,,44.263,,,60.672,62.217,,,,,,
Armenia,IPCC Agriculture,Direct emissions (N2O),kilotonnes,1.1883,1.2121,1.4307,1.3822,1.512,1.4584,2.2114,1.8086,1.7638,1.9017,1.7043,1.8185,2.2241,2.3827,2.2687,2.5248,3.8623,2.8335,2.7166,2.6585,2.6888
Armenia,IPCC Agriculture,Indirect emissions (N2O),kilotonnes,0.2993,0.3008,0.3698,0.3516,0.3849,0.3672,0.6129,0.475,0.4581,0.5105,0.4499,0.4861,0.6128,0.6544,0.6145,0.6961,1.1298,0.8085,0.7802,0.7679,0.7767
Armenia,IPCC Agriculture,Emissions (N2O),kilotonnes,1.5387,1.5668,1.8603,1.8001,1.9642,1.8925,2.9157,2.3669,2.2873,2.4682,2.2759,2.3733,2.9049,3.1276,2.9655,3.309,5.0918,3.747,3.5913,3.5354,3.5739
Armenia,IPCC Agriculture,Emissions (N2O),kilotonnes,1.321,,,,,,1.94,,,,1.2665,,,2.4,2.389,,,,,,
Armenia,IPCC Agriculture,Emissions (CO2eq) from CH4 (AR5),kilotonnes,638.6948,660.8023,686.5907,713.1339,749.5452,751.7099,773.9999,806.4095,814.3908,747.8986,742.3626,728.3747,766.5751,847.7542,870.1473,887.2636,906.9252,849.2094,765.293,742.4607,750.1147
Armenia,IPCC Agriculture,Emissions (CO2eq) from CH4 (AR5),kilotonnes,1050.336,,,,,,1285.312,,,,1239.364,,,1698.816,1742.076,,,,,,
Armenia,IPCC Agriculture,Emissions (CO2eq) from N2O (AR5),kilotonnes,407.7654,415.199,492.9926,477.0177,520.5153,501.5212,772.6666,627.2171,606.1303,654.0843,603.1238,628.9306,769.8018,828.8077,785.8696,876.8741,1349.3342,992.954,951.6994,936.8897,947.0788
Armenia,IPCC Agriculture,Emissions (CO2eq) from N2O (AR5),kilotonnes,350.065,,,,,,514.1,,,,335.6225,,,636,633.085,,,,,,
Armenia,IPCC Agriculture,Emissions (CO2eq) (AR5),kilotonnes,1046.4603,1076.0013,1179.5833,1190.1516,1270.0605,1253.2311,1546.6665,1433.6267,1420.521,1401.9829,1345.4864,1357.3053,1536.3769,1676.5619,1656.0169,1764.1377,2256.2594,1842.1635,1716.9924,1679.3504,1697.1935
Armenia,IPCC Agriculture,Emissions (CO2eq) (AR5),kilotonnes,1400.401,,,,,,1799.412,,,,1574.9865,,,2334.816,2375.161,,,,,,
Armenia,Agricultural Soils,Direct emissions (N2O),kilotonnes,1.1883,1.2121,1.4307,1.3822,1.512,1.4584,2.2114,1.8086,1.7638,1.9017,1.7043,1.8185,2.2241,2.3827,2.2687,2.5248,3.8623,2.8335,2.7166,2.6585,2.6888
Armenia,Agricultural Soils,Indirect emissions (N2O),kilotonnes,0.2993,0.3008,0.3698,0.3516,0.3849,0.3672,0.6129,0.475,0.4581,0.5105,0.4499,0.4861,0.6128,0.6544,0.6145,0.6961,1.1298,0.8085,0.7802,0.7679,0.7767
Armenia,Agricultural Soils,Emissions (N2O),kilotonnes,1.4876,1.5129,1.8005,1.7338,1.8968,1.8256,2.8243,2.2836,2.2219,2.4122,2.1542,2.3046,2.8369,3.0371,2.8831,3.2209,4.9921,3.642,3.4968,3.4263,3.4655
Armenia,Agricultural Soils,Emissions (N2O),kilotonnes,1.125,,,,,,1.704,,,,1.0485,,,,,,,,,,
Armenia,Agricultural Soils,Emissions (CO2eq) from N2O (AR5),kilotonnes,394.2157,400.9167,477.1388,459.4548,502.6598,483.7859,748.4469,605.1487,588.7942,639.2437,570.851,610.7205,751.7791,804.8409,764.0258,853.5361,1322.9063,965.1402,926.6514,907.9799,918.3686
Armenia,Agricultural Soils,Emissions (CO2eq) from N2O (AR5),kilotonnes,298.125,,,,,,451.56,,,,277.8525,,,,,,,,,,
Armenia,Agricultural Soils,Emissions (CO2eq) (AR5),kilotonnes,394.2157,400.9167,477.1388,459.4548,502.6598,483.7859,748.4469,605.1487,588.7942,639.2437,570.851,610.7205,751.7791,804.8409,764.0258,853.5361,1322.9063,965.1402,926.6514,907.9799,918.3686
Armenia,Agricultural Soils,Emissions (CO2eq) (AR5),kilotonnes,298.125,,,,,,451.56,,,,277.8525,,,,,,,,,,
Armenia,LULUCF,Emissions (CH4),kilotonnes,0,0.0149,0,0,0.0075,0,0.0573,0.005,0.0075,0,0.0772,0,0.0199,0,0,0.0075,0,0.0025,0.0398,0.0125,0.0971
Armenia,LULUCF,Emissions (N2O),kilotonnes,0,0.0014,0,0,0.0007,0,0.0052,0.0005,0.0007,0,0.0071,0,0.0018,0,0,0.0007,0,0.0002,0.0036,0.0011,0.0089
Armenia,LULUCF,Emissions (CO2),kilotonnes,130.5921,123.1818,123.1818,123.1818,123.1818,123.1818,123.1818,123.1818,123.1818,123.1818,123.1818,-78.2097,-78.2097,-78.2097,-78.2097,-78.2097,36.0668,36.0668,36.0668,36.0668,36.0668
Armenia,LULUCF,Emissions (CO2),kilotonnes,-456.69,,,,,,-509.067,,,,-538.574,,,,,,,,,,
Armenia,LULUCF,Emissions (CO2eq) from CH4 (AR5),kilotonnes,0,0.4184,0,0,0.2092,0,1.6044,0.1395,0.2093,0,2.1624,0,0.5579,0,0,0.2092,0,0.0697,1.1158,0.3488,2.7196
Armenia,LULUCF,Emissions (CO2eq) from N2O (AR5),kilotonnes,0,0.3616,0,0,0.1808,0,1.3864,0.1205,0.1808,0,1.8686,0,0.4821,0,0,0.1808,0,0.0603,0.9642,0.3014,2.3501
Armenia,LULUCF,Emissions (CO2eq) (AR5),kilotonnes,130.5921,123.9618,123.1818,123.1818,123.5718,123.1818,126.1726,123.4418,123.5719,123.1818,127.2128,-78.2097,-77.1698,-78.2097,-78.2097,-77.8197,36.0668,36.1968,38.1467,36.7171,41.1364
Armenia,LULUCF,Emissions (CO2eq) (AR5),kilotonnes,-456.69,,,,,,-509.067,,,,-538.574,,,,,,,,,,
Armenia,AFOLU,Emissions (CH4),kilotonnes,22.8105,23.615,24.5211,25.4691,26.7769,26.8468,27.7002,28.8053,29.0929,26.7107,26.5902,26.0134,27.3976,30.2769,31.0767,31.6955,32.3902,30.3314,27.3717,26.5289,26.8869
Armenia,AFOLU,Emissions (N2O),kilotonnes,1.5387,1.5682,1.8603,1.8001,1.9649,1.8925,2.921,2.3673,2.288,2.4682,2.283,2.3733,2.9067,3.1276,2.9655,3.3096,5.0918,3.7472,3.595,3.5366,3.5828
Armenia,AFOLU,Emissions (CO2),kilotonnes,130.5921,123.1818,123.1818,123.1818,123.1818,123.1818,123.1818,123.1818,123.1818,123.1818,123.1818,-78.2097,-78.2097,-78.2097,-78.2097,-78.2097,36.0668,36.0668,36.0668,36.0668,36.0668
Armenia,AFOLU,Emissions (CO2eq) from CH4 (AR5),kilotonnes,638.6948,661.2207,686.5907,713.1339,749.7544,751.7099,775.6043,806.549,814.6,747.8986,744.525,728.3747,767.133,847.7542,870.1473,887.4728,906.9252,849.2792,766.4088,742.8095,752.8343
Armenia,AFOLU,Emissions (CO2eq) from N2O (AR5),kilotonnes,407.7654,415.5606,492.9926,477.0177,520.6961,501.5212,774.053,627.3377,606.3111,654.0843,604.9924,628.9306,770.2838,828.8077,785.8696,877.0549,1349.3342,993.0143,952.6636,937.1911,949.4289
Armenia,AFOLU,Emissions (CO2eq) (AR5),kilotonnes,1177.0524,1199.9631,1302.7651,1313.3334,1393.6323,1376.4129,1672.8391,1557.0685,1544.093,1525.1647,1472.6992,1279.0956,1459.2071,1598.3522,1577.8072,1686.318,2292.3262,1878.3603,1755.1391,1716.0674,1738.33
Armenia,All sectors with LULUCF,Emissions (CH4),kilotonnes,54.8105,55.115,57.1211,59.3691,60.9769,62.6468,64.3002,60.4053,61.3929,58.4107,58.5902,58.5134,60.3976,63.4769,64.3767,66.1955,67.9902,66.3314,63.2717,61.1289,61.5869
Armenia,All sectors with LULUCF,Emissions (N2O),kilotonnes,1.7636,1.7904,2.075,2.0222,2.1944,2.1399,3.1792,2.6762,2.6186,2.7804,2.6031,2.7072,3.257,3.4797,3.3282,3.7599,5.5957,4.2632,4.084,4.0491,4.1143
Armenia,All sectors with LULUCF,Emissions (CO2),kilotonnes,3759.5921,3786.1818,3332.1818,3710.1818,3953.1818,4638.1818,4664.1818,5354.1818,5838.1818,4626.1818,4513.1818,5027.7903,5801.7903,5589.7903,5613.7903,5122.7903,5329.0668,5711.0668,7070.0668,6695.0668,6425.0668
Armenia,All sectors with LULUCF,Emissions (CO2eq) from F-gases (AR5),kilotonnes,46.3527,68.5087,107.8648,168.1135,245.8539,371.2103,397.4476,461.5834,526.691,578.194,629.697,637.471,686.0587,735.6182,784.2059,832.7937,882.3532,930.9409,981.4721,1030.0599,1078.6476
Armenia,All sectors with LULUCF,Emissions (CO2eq) from CH4 (AR5),kilotonnes,1534.6948,1543.2207,1599.3907,1662.3339,1707.3544,1754.1099,1800.4043,1691.349,1719,1635.4986,1640.525,1638.3747,1691.133,1777.3542,1802.5473,1853.4728,1903.7252,1857.2792,1771.6088,1711.6095,1724.4343
Armenia,All sectors with LULUCF,Emissions (CO2eq) from N2O (AR5),kilotonnes,467.3639,474.4436,549.8881,535.8742,581.5136,567.0822,842.476,709.1962,693.9201,736.8173,689.8189,717.4141,863.1133,922.1142,881.9851,996.3844,1482.8677,1129.7543,1082.2486,1073.0036,1090.2764
Armenia,All sectors with LULUCF,Emissions (CO2eq) (AR5),kilotonnes,5808.0036,5872.3548,5589.3253,6076.5034,6487.9037,7330.5842,7704.5098,8216.3104,8777.793,7576.6917,7473.2227,8021.0501,9042.0953,9024.8769,9082.5287,8805.4412,9598.0129,9629.0412,10905.3963,10509.7398,10318.425
Armenia,All sectors without LULUCF,Emissions (CH4),kilotonnes,54.8105,55.1001,57.1211,59.3691,60.9695,62.6468,64.2429,60.4003,61.3854,58.4107,58.5129,58.5134,60.3777,63.4769,64.3767,66.188,67.9902,66.3289,63.2319,61.1165,61.4898
Armenia,All sectors without LULUCF,Emissions (N2O),kilotonnes,1.7636,1.789,2.075,2.0222,2.1937,2.1399,3.1739,2.6758,2.6179,2.7804,2.596,2.7072,3.2552,3.4797,3.3282,3.7593,5.5957,4.263,4.0803,4.0479,4.1054
Armenia,All sectors without LULUCF,Emissions (CO2),kilotonnes,3629,3663,3209,3587,3830,4515,4541,5231,5715,4503,4390,5106,5880,5668,5692,5201,5293,5675,7034,6659,6389
Armenia,All sectors without LULUCF,Emissions (CO2eq) from F-gases (AR5),kilotonnes,46.3527,68.5087,107.8648,168.1135,245.8539,371.2103,397.4476,461.5834,526.691,578.194,629.697,637.471,686.0587,735.6182,784.2059,832.7937,882.3532,930.9409,981.4721,1030.0599,1078.6476
Armenia,All sectors without LULUCF,Emissions (CO2eq) from CH4 (AR5),kilotonnes,1534.6948,1542.8023,1599.3907,1662.3339,1707.1452,1754.1099,1798.7999,1691.2095,1718.7908,1635.4986,1638.3626,1638.3747,1690.5751,1777.3542,1802.5473,1853.2636,1903.7252,1857.2094,1770.493,1711.2607,1721.7147
Armenia,All sectors without LULUCF,Emissions (CO2eq) from N2O (AR5),kilotonnes,467.3639,474.082,549.8881,535.8742,581.3328,567.0822,841.0896,709.0756,693.7393,736.8173,687.9503,717.4141,862.6313,922.1142,881.9851,996.2036,1482.8677,1129.694,1081.2844,1072.7022,1087.9263
Armenia,All sectors without LULUCF,Emissions (CO2eq) (AR5),kilotonnes,5677.4115,5748.393,5466.1435,5953.3216,6364.3319,7207.4024,7578.3371,8092.8686,8654.221,7453.5099,7346.0099,8099.2598,9119.2651,9103.0866,9160.7384,8883.2609,9561.9461,9592.8444,10867.2495,10473.0227,10277.2886
Aruba,Drained organic soils,Emissions (CO2eq) (AR5),kilotonnes,0,0,0,0,0,0,0,0,0,0,0,0,0,0,0,0,0,0,0,0,0
Aruba,Drained organic soils (CO2),Emissions (CO2),kilotonnes,0,0,0,0,0,0,0,0,0,0,0,0,0,0,0,0,0,0,0,0,0
Aruba,Drained organic soils (CO2),Emissions (CO2eq) (AR5),kilotonnes,0,0,0,0,0,0,0,0,0,0,0,0,0,0,0,0,0,0,0,0,0
Aruba,Drained organic soils (N2O),Emissions (N2O),kilotonnes,0,0,0,0,0,0,0,0,0,0,0,0,0,0,0,0,0,0,0,0,0
Aruba,Drained organic soils (N2O),Emissions (CO2eq) from N2O (AR5),kilotonnes,0,0,0,0,0,0,0,0,0,0,0,0,0,0,0,0,0,0,0,0,0
Aruba,Drained organic soils (N2O),Emissions (CO2eq) (AR5),kilotonnes,0,0,0,0,0,0,0,0,0,0,0,0,0,0,0,0,0,0,0,0,0
Aruba,On-farm energy use,Emissions (CH4),kilotonnes,0.0286,0.0287,0.0281,0.0274,0.0265,0.0269,0.0264,0.0259,0.0256,0.0244,0.0226,0.0219,0.0213,0.0211,0.0206,0.02,0.0194,0.0195,0.0198,0.0196,0.0196
Aruba,On-farm energy use,Emissions (N2O),kilotonnes,0.0001,0.0001,0.0001,0.0001,0.0001,0.0001,0.0001,0.0001,0.0001,0.0001,0.0001,0.0001,0.0001,0.0001,0.0001,0.0001,0.0001,0.0001,0.0001,0.0001,0.0001
Aruba,On-farm energy use,Emissions (CO2),kilotonnes,9.0158,9.0399,8.8645,8.6481,8.3539,8.4862,8.3267,8.1716,8.081,7.7012,7.1138,6.9124,6.7023,6.6467,6.5057,6.3173,6.1222,6.158,6.247,6.1952,6.1952
Aruba,On-farm energy use,Emissions (CO2eq) from CH4 (AR5),kilotonnes,0.8006,0.8027,0.7871,0.7679,0.7418,0.7535,0.7394,0.7256,0.7176,0.6838,0.6317,0.6138,0.5951,0.5902,0.5777,0.5609,0.5436,0.5468,0.5547,0.5501,0.5501
Aruba,On-farm energy use,Emissions (CO2eq) from N2O (AR5),kilotonnes,0.0379,0.038,0.0372,0.0363,0.0351,0.0357,0.035,0.0343,0.034,0.0324,0.0299,0.029,0.0282,0.0279,0.0273,0.0265,0.0257,0.0259,0.0262,0.026,0.026
Aruba,On-farm energy use,Emissions (CO2eq) (AR5),kilotonnes,9.8543,9.8806,9.6889,9.4523,9.1308,9.2754,9.1011,8.9315,8.8325,8.4174,7.7754,7.5552,7.3256,7.2649,7.1107,6.9048,6.6915,6.7307,6.8279,6.7714,6.7714
Aruba,Forestland,Emissions (CO2),kilotonnes,0.0016,-0.0923,-0.0923,-0.0923,-0.0923,-0.0923,-0.0923,-0.0923,-0.0923,-0.0923,-0.0923,-0.0565,-0.0565,-0.0565,-0.0565,-0.0565,-0.1222,-0.1222,-0.1222,-0.1222,-0.1222
Aruba,Forestland,Emissions (CO2eq) (AR5),kilotonnes,0.0016,-0.0923,-0.0923,-0.0923,-0.0923,-0.0923,-0.0923,-0.0923,-0.0923,-0.0923,-0.0923,-0.0565,-0.0565,-0.0565,-0.0565,-0.0565,-0.1222,-0.1222,-0.1222,-0.1222,-0.1222
Aruba,Net Forest conversion,Emissions (CO2),kilotonnes,0,0,0,0,0,0,0,0,0,0,0,0,0,0,0,0,0,0,0,0,0
Aruba,Net Forest conversion,Emissions (CO2eq) (AR5),kilotonnes,0,0,0,0,0,0,0,0,0,0,0,0,0,0,0,0,0,0,0,0,0
Aruba,Savanna fires,Emissions (CH4),kilotonnes,0,0,0,0,0,0,0,0,0,0,0,0,0,0,0,0,0,0,0,0,0
Aruba,Savanna fires,Emissions (N2O),kilotonnes,0,0,0,0,0,0,0,0,0,0,0,0,0,0,0,0,0,0,0,0,0
Aruba,Savanna fires,Emissions (CO2eq) from CH4 (AR5),kilotonnes,0,0,0,0,0,0,0,0,0,0,0,0,0,0,0,0,0,0,0,0,0
Aruba,Savanna fires,Emissions (CO2eq) from N2O (AR5),kilotonnes,0,0,0,0,0,0,0,0,0,0,0,0,0,0,0,0,0,0,0,0,0
Aruba,Savanna fires,Emissions (CO2eq) (AR5),kilotonnes,0,0,0,0,0,0,0,0,0,0,0,0,0,0,0,0,0,0,0,0,0
Aruba,Fires in organic soils,Emissions (CH4),kilotonnes,0,0,0,0,0,0,0,0,0,0,0,0,0,0,0,0,0,0,0,0,0
Aruba,Fires in organic soils,Emissions (CO2),kilotonnes,0,0,0,0,0,0,0,0,0,0,0,0,0,0,0,0,0,0,0,0,0
Aruba,Fires in organic soils,Emissions (CO2eq) from CH4 (AR5),kilotonnes,0,0,0,0,0,0,0,0,0,0,0,0,0,0,0,0,0,0,0,0,0
Aruba,Fires in organic soils,Emissions (CO2eq) (AR5),kilotonnes,0,0,0,0,0,0,0,0,0,0,0,0,0,0,0,0,0,0,0,0,0
Aruba,Forest fires,Emissions (CH4),kilotonnes,0,0,0,0,0,0,0,0,0,0,0,0,0,0,0,0,0,0,0,0,0
Aruba,Forest fires,Emissions (N2O),kilotonnes,0,0,0,0,0,0,0,0,0,0,0,0,0,0,0,0,0,0,0,0,0
Aruba,Forest fires,Emissions (CO2eq) from CH4 (AR5),kilotonnes,0,0,0,0,0,0,0,0,0,0,0,0,0,0,0,0,0,0,0,0,0
Aruba,Forest fires,Emissions (CO2eq) from N2O (AR5),kilotonnes,0,0,0,0,0,0,0,0,0,0,0,0,0,0,0,0,0,0,0,0,0
Aruba,Forest fires,Emissions (CO2eq) (AR5),kilotonnes,0,0,0,0,0,0,0,0,0,0,0,0,0,0,0,0,0,0,0,0,0
Aruba,Fires in humid tropical forests,Emissions (CH4),kilotonnes,0,0,0,0,0,0,0,0,0,0,0,0,0,0,0,0,0,0,0,0,0
Aruba,Fires in humid tropical forests,Emissions (N2O),kilotonnes,0,0,0,0,0,0,0,0,0,0,0,0,0,0,0,0,0,0,0,0,0
Aruba,Fires in humid tropical forests,Emissions (CO2eq) from CH4 (AR5),kilotonnes,0,0,0,0,0,0,0,0,0,0,0,0,0,0,0,0,0,0,0,0,0
Aruba,Fires in humid tropical forests,Emissions (CO2eq) from N2O (AR5),kilotonnes,0,0,0,0,0,0,0,0,0,0,0,0,0,0,0,0,0,0,0,0,0
Aruba,Fires in humid tropical forests,Emissions (CO2eq) (AR5),kilotonnes,0,0,0,0,0,0,0,0,0,0,0,0,0,0,0,0,0,0,0,0,0
Aruba,Waste - agri-food systems,Emissions (CH4),kilotonnes,2.427,2.437,2.446,2.4543,2.464,2.4721,2.4792,2.4867,2.4937,2.4941,2.4933,2.496,2.4976,2.5006,2.5037,2.5082,2.5115,2.5153,2.5193,2.5233,2.5153
Aruba,Waste - agri-food systems,Emissions (N2O),kilotonnes,0,0,0,0,0,0,0,0,0,0,0,0,0,0,0,0,0,0,0,0,0
Aruba,Waste - agri-food systems,Emissions (CO2),kilotonnes,11.2023,11.2088,11.2266,11.2481,11.2995,11.3234,11.3473,11.3897,11.4212,11.3648,11.3439,11.3819,11.3773,11.3995,11.4115,11.4429,11.4465,11.4652,11.4836,11.501,11.353
Aruba,Waste - agri-food systems,Emissions (CO2eq) from CH4 (AR5),kilotonnes,67.9548,68.2364,68.4872,68.7192,68.9907,69.2196,69.4169,69.6279,69.8237,69.8355,69.8131,69.8873,69.932,70.0171,70.1034,70.2295,70.3228,70.4284,70.5399,70.6528,70.4282
Aruba,Waste - agri-food systems,Emissions (CO2eq) from N2O (AR5),kilotonnes,0,0,0,0,0,0,0,0,0,0,0,0,0,0,0,0,0,0,0,0,0
Aruba,Waste - agri-food systems,Emissions (CO2eq) (AR5),kilotonnes,79.1571,79.4451,79.7138,79.9673,80.2903,80.543,80.7642,81.0176,81.2449,81.2003,81.1569,81.2692,81.3093,81.4166,81.5149,81.6724,81.7693,81.8937,82.0234,82.1538,81.7812
Aruba,On-farm electricity use,Emissions (CH4),kilotonnes,0,0,0,0,0,0,0,0,0,0,0,0,0,0,0,0,0,0,0,0,0
Aruba,On-farm electricity use,Emissions (N2O),kilotonnes,0,0,0,0,0,0,0,0,0,0,0,0,0,0,0,0,0,0,0,0,0
Aruba,On-farm electricity use,Emissions (CO2),kilotonnes,0,0,0,0,0,0,0,0,0,0,0,0,0,0,0,0,0,0,0,0,0
Aruba,On-farm electricity use,Emissions (CO2eq) from CH4 (AR5),kilotonnes,0,0,0,0,0,0,0,0,0,0,0,0,0,0,0,0,0,0,0,0,0
Aruba,On-farm electricity use,Emissions (CO2eq) from N2O (AR5),kilotonnes,0,0,0,0,0,0,0,0,0,0,0,0,0,0,0,0,0,0,0,0,0
Aruba,On-farm electricity use,Emissions (CO2eq) (AR5),kilotonnes,0,0,0,0,0,0,0,0,0,0,0,0,0,0,0,0,0,0,0,0,0
Aruba,Food Processing,Emissions (CH4),kilotonnes,0.0094,0.0087,0.0004,0.0004,0.0005,0.0004,0.0002,0.0002,0.0023,0.0019,0.0015,0.0368,0.0074,0.023,0.0148,0.0121,0.0079,0.0035,0.0037,0.0038,0.0037
Aruba,Food Processing,Emissions (N2O),kilotonnes,0.0001,0.0001,0,0.0001,0.0001,0.0001,0.0001,0.0001,0,0.0001,0.0001,0.0002,0.0003,0.0003,0.0003,0.0003,0.0003,0.0003,0.0004,0.0005,0.0005
Aruba,Food Processing,Emissions (CO2),kilotonnes,34.2865,36.5328,21.7568,24.2392,29.3932,20.6606,19.7035,21.5048,12.7148,13.2658,13.916,55.5444,30.8671,24.9559,20.0516,20.0473,22.1934,26.1336,33.3035,33.2827,29.2941
Aruba,Food Processing,Emissions (CO2eq) from CH4 (AR5),kilotonnes,0.2632,0.2436,0.0112,0.0112,0.014,0.0112,0.0056,0.0056,0.0644,0.0532,0.042,1.0304,0.2072,0.644,0.4144,0.3388,0.2212,0.098,0.1036,0.1064,0.105
Aruba,Food Processing,Emissions (CO2eq) from N2O (AR5),kilotonnes,0.0265,0.0265,0,0.0265,0.0265,0.0265,0.0265,0.0265,0,0.0265,0.0265,0.053,0.0795,0.0795,0.0795,0.0795,0.0795,0.0795,0.106,0.1325,0.1341
Aruba,Food Processing,Emissions (CO2eq) (AR5),kilotonnes,34.5762,36.8029,21.768,24.2769,29.4337,20.6983,19.7356,21.5369,12.7792,13.3455,13.9845,56.6278,31.1538,25.6794,20.5455,20.4656,22.4941,26.3111,33.5131,33.5216,29.5332
Aruba,Food Packaging,Emissions (CH4),kilotonnes,0,0,0,0,0,0,0,0,0,0,0,0.0006,0.0001,0.0004,0.0002,0.0002,0.0001,0.0001,0,0.0002,0.0002
Aruba,Food Packaging,Emissions (N2O),kilotonnes,0,0,0,0,0,0,0,0,0,0,0,0,0,0,0,0,0,0,0,0,0
Aruba,Food Packaging,Emissions (CO2),kilotonnes,0.0003,0.0003,0.0003,0.0003,0.0003,0.0003,0.0003,0.0003,0.0003,0.0003,0.0002,0.7741,0.4231,0.3103,0.257,0.273,0.2738,0.3053,0.3137,0.3141,0.2765
Aruba,Food Packaging,Emissions (CO2eq) from CH4 (AR5),kilotonnes,0,0,0,0,0,0,0,0,0,0,0,0.0168,0.0028,0.0112,0.0056,0.0056,0.0028,0.0028,0,0.0056,0.0055
Aruba,Food Packaging,Emissions (CO2eq) from N2O (AR5),kilotonnes,0,0,0,0,0,0,0,0,0,0,0,0,0,0,0,0,0,0,0,0,0
Aruba,Food Packaging,Emissions (CO2eq) (AR5),kilotonnes,0.0003,0.0003,0.0003,0.0003,0.0003,0.0003,0.0003,0.0003,0.0003,0.0003,0.0002,0.7909,0.4259,0.3215,0.2626,0.2786,0.2766,0.3081,0.3137,0.3197,0.282
Aruba,Food Retail,Emissions (CH4),kilotonnes,0.1201,0.092,0.0987,0.0984,0.102,0.1051,0.107,0.1114,0.1108,0.1117,0.1132,0.1114,0.1097,0.1116,0.1115,0.1115,0.113,0.1174,0.1179,0.117,0.1154
Aruba,Food Retail,Emissions (N2O),kilotonnes,0.0006,0.0005,0.0005,0.0005,0.0005,0.0006,0.0006,0.0006,0.0006,0.0006,0.0006,0.0006,0.0006,0.0006,0.0006,0.0006,0.0006,0.0006,0.0006,0.0006,0.0006
Aruba,Food Retail,Emissions (CO2),kilotonnes,60.9653,46.719,50.4979,50.7568,52.5886,54.1453,53.781,56.0763,53.172,56.2921,56.5877,54.2867,51.4795,54.6217,54.5993,54.5659,55.2913,57.4789,57.7021,56.3655,49.6107
Aruba,Food Retail,Emissions (CO2eq) from CH4 (AR5),kilotonnes,3.3628,2.576,2.7636,2.7552,2.856,2.9428,2.996,3.1192,3.1024,3.1276,3.1696,3.1192,3.0716,3.1248,3.122,3.122,3.164,3.2872,3.3012,3.276,3.2322
Aruba,Food Retail,Emissions (CO2eq) from N2O (AR5),kilotonnes,0.159,0.1325,0.1325,0.1325,0.1325,0.159,0.159,0.159,0.159,0.159,0.159,0.159,0.159,0.159,0.159,0.159,0.159,0.159,0.159,0.159,0.1609
Aruba,Food Retail,Emissions (CO2eq) (AR5),kilotonnes,64.4871,49.4275,53.394,53.6445,55.5771,57.2471,56.936,59.3545,56.4334,59.5787,59.9163,57.5649,54.7101,57.9055,57.8803,57.8469,58.6143,60.9251,61.1623,59.8005,53.0038
Aruba,Food Household Consumption,Emissions (CH4),kilotonnes,0.0629,0.0986,0.0949,0.0987,0.1031,0.109,0.1068,0.1067,0.1016,0.1037,0.107,0.1033,0.104,0.1058,0.1057,0.1057,0.1071,0.1089,0.1094,0.111,0.1095
Aruba,Food Household Consumption,Emissions (N2O),kilotonnes,0.0003,0.0005,0.0005,0.0005,0.0005,0.0006,0.0006,0.0006,0.0005,0.0006,0.0006,0.0006,0.0006,0.0006,0.0006,0.0006,0.0006,0.0006,0.0006,0.0006,0.0006
Aruba,Food Household Consumption,Emissions (CO2),kilotonnes,34.8361,52.8904,51.4782,53.8019,56.0405,59.0752,56.6055,56.595,51.666,55.2746,56.3635,53.2897,51.6433,54.5776,54.5419,54.5425,55.2288,56.2381,56.5148,57.3265,50.4566
Aruba,Food Household Consumption,Emissions (CO2eq) from CH4 (AR5),kilotonnes,1.7612,2.7608,2.6572,2.7636,2.8868,3.052,2.9904,2.9876,2.8448,2.9036,2.996,2.8924,2.912,2.9624,2.9596,2.9596,2.9988,3.0492,3.0632,3.108,3.0665
Aruba,Food Household Consumption,Emissions (CO2eq) from N2O (AR5),kilotonnes,0.0795,0.1325,0.1325,0.1325,0.1325,0.159,0.159,0.159,0.1325,0.159,0.159,0.159,0.159,0.159,0.159,0.159,0.159,0.159,0.159,0.159,0.1609
Aruba,Food Household Consumption,Emissions (CO2eq) (AR5),kilotonnes,36.6768,55.7837,54.2679,56.698,59.0598,62.2862,59.7549,59.7416,54.6433,58.3372,59.5185,56.3411,54.7143,57.699,57.6605,57.6611,58.3866,59.4463,59.737,60.5935,53.6839
Aruba,Food Transport,Emissions (CH4),kilotonnes,0.0053,0.0051,0.0043,0.0049,0.0046,0.0049,0.0045,0.0041,0.0039,0.0043,0.0038,0.0035,0.0042,0.0043,0.0044,0.0042,0.0039,0.0039,0.0038,0.0046,0.0045
Aruba,Food Transport,Emissions (N2O),kilotonnes,0.0009,0.001,0.0009,0.0011,0.0011,0.0013,0.0014,0.0014,0.0013,0.0014,0.0013,0.0012,0.0014,0.0014,0.0015,0.0014,0.0013,0.0013,0.0012,0.0017,0.0017
Aruba,Food Transport,Emissions (CO2),kilotonnes,28.3528,29.4552,26.2775,31.91,34.7879,38.8037,38.1771,38.1682,35.6313,39.2644,36.3918,28.2078,37.916,38.3507,39.2765,38.4886,36.4085,36.0766,34.9702,45.7214,40.2422
Aruba,Food Transport,Emissions (CO2eq) from CH4 (AR5),kilotonnes,0.1484,0.1428,0.1204,0.1372,0.1288,0.1372,0.126,0.1148,0.1092,0.1204,0.1064,0.098,0.1176,0.1204,0.1232,0.1176,0.1092,0.1092,0.1064,0.1288,0.1271
Aruba,Food Transport,Emissions (CO2eq) from N2O (AR5),kilotonnes,0.2385,0.265,0.2385,0.2915,0.2915,0.3445,0.371,0.371,0.3445,0.371,0.3445,0.318,0.371,0.371,0.3975,0.371,0.3445,0.3445,0.318,0.4505,0.4558
Aruba,Food Transport,Emissions (CO2eq) (AR5),kilotonnes,28.7397,29.863,26.6364,32.3387,35.2082,39.2854,38.6741,38.654,36.085,39.7558,36.8427,28.6238,38.4046,38.8421,39.7972,38.9772,36.8622,36.5303,35.3946,46.3007,40.8251
Aruba,Energy,Emissions (CH4),kilotonnes,2.09,1.88,1.87,2,2.23,2.25,1.28,1.28,1.14,1.05,0.386,0.991,0.191,0.563,0.446,0.328,0.209,0.0892,0.0593,0.0599,0.0591
Aruba,Energy,Emissions (N2O),kilotonnes,0.025,0.026,0.0238,0.0275,0.0292,0.0306,0.0272,0.0294,0.0274,0.0294,0.0249,0.0254,0.0345,0.032,0.0342,0.033,0.0345,0.0331,0.032,0.0339,0.0343
Aruba,Energy,Emissions (CO2),kilotonnes,2380,2410,2440,2560,2620,2720,2720,2820,2660,2630,2510,2500,1350,862,873,899,884,933,961,993,874
Aruba,Energy,Emissions (CO2eq) from CH4 (AR5),kilotonnes,58.52,52.64,52.36,56,62.44,63,35.84,35.84,31.92,29.4,10.808,27.748,5.348,15.764,12.488,9.184,5.852,2.4976,1.6604,1.6772,1.6548
Aruba,Energy,Emissions (CO2eq) from N2O (AR5),kilotonnes,6.625,6.89,6.307,7.2875,7.738,8.109,7.208,7.791,7.261,7.791,6.5985,6.731,9.1425,8.48,9.063,8.745,9.1425,8.7715,8.48,8.9835,9.0895
Aruba,Energy,Emissions (CO2eq) (AR5),kilotonnes,2445.145,2469.53,2498.667,2623.2875,2690.178,2791.109,2763.048,2863.631,2699.181,2667.191,2527.4065,2534.479,1364.4905,886.244,894.551,916.929,898.9945,944.2691,971.1404,1003.6607,884.7443
Aruba,IPPU,Emissions (N2O),kilotonnes,0,0,0,0,0,0,0,0,0,0,0,0,0,0,0,0,0,0,0,0,0
Aruba,IPPU,Emissions (CO2),kilotonnes,3.3,3.52,3.57,3.85,3.92,4.5,4.42,4.36,4.26,4.66,4.35,3.85,3.99,4.04,4.07,4.05,3.99,3.99,3.98,3.93,3.9
Aruba,IPPU,Emissions (CO2eq) from N2O (AR5),kilotonnes,0.0003,0.0003,0.0003,0.0003,0.0003,0.0003,0.0003,0.0003,0.0003,0.0003,0.0003,0.0003,0.0003,0.0003,0.0003,0.0003,0.0003,0.0003,0.0003,0.0003,0.0003
Aruba,IPPU,Emissions (CO2eq) (AR5),kilotonnes,3.3003,3.5203,3.5703,3.8503,3.9203,4.5003,4.4203,4.3603,4.2603,4.6603,4.3503,3.8503,3.9903,4.0403,4.0703,4.0503,3.9903,3.9903,3.9803,3.9303,3.9003
Aruba,Waste,Emissions (CH4),kilotonnes,0.965,0.975,0.983,0.995,1.01,1.02,1.02,1.02,1.01,1,0.993,0.997,0.999,1.01,1.01,1.02,1.02,1.03,1.03,1.02,1.02
Aruba,Waste,Emissions (N2O),kilotonnes,0.0023,0.0024,0.0024,0.0025,0.0026,0.0027,0.0027,0.0028,0.0029,0.003,0.003,0.003,0.003,0.0031,0.0031,0.0031,0.0032,0.0032,0.0033,0.0033,0.0034
Aruba,Waste,Emissions (CO2eq) from CH4 (AR5),kilotonnes,27.02,27.3,27.524,27.86,28.28,28.56,28.56,28.56,28.28,28,27.804,27.916,27.972,28.28,28.28,28.56,28.56,28.84,28.84,28.56,28.56
Aruba,Waste,Emissions (CO2eq) from N2O (AR5),kilotonnes,0.6148,0.6281,0.6439,0.6625,0.681,0.7023,0.7261,0.7526,0.7712,0.7871,0.795,0.7924,0.7924,0.8083,0.8189,0.8268,0.8348,0.8533,0.8639,0.8798,0.8904
Aruba,Waste,Emissions (CO2eq) (AR5),kilotonnes,27.6348,27.928,28.168,28.5225,28.9611,29.2623,29.2861,29.3126,29.0511,28.7871,28.599,28.7083,28.7644,29.0883,29.0989,29.3868,29.3948,29.6933,29.7039,29.4398,29.4504
Aruba,Other,Emissions (N2O),kilotonnes,0.0186,0.0187,0.0175,0.0205,0.0214,0.0221,0.0212,0.0209,0.0198,0.0212,0.0213,0.0176,0.0234,0.0235,0.0234,0.0235,0.0222,0.018,0.0175,0.0206,0.0205
Aruba,Other,Emissions (CO2eq) from N2O (AR5),kilotonnes,4.929,4.9555,4.6375,5.4325,5.671,5.8565,5.618,5.5385,5.247,5.618,5.6445,4.664,6.201,6.2275,6.201,6.2275,5.883,4.77,4.6375,5.459,5.4325
Aruba,Other,Emissions (CO2eq) (AR5),kilotonnes,4.929,4.9555,4.6375,5.4325,5.671,5.8565,5.618,5.5385,5.247,5.618,5.6445,4.664,6.201,6.2275,6.201,6.2275,5.883,4.77,4.6375,5.459,5.4325
Aruba,Farm-gate emissions,Emissions (CH4),kilotonnes,0.0286,0.0287,0.0281,0.0274,0.0265,0.0269,0.0264,0.0259,0.0256,0.0244,0.0226,0.0219,0.0213,0.0211,0.0206,0.02,0.0194,0.0195,0.0198,0.0196,0.0196
Aruba,Farm-gate emissions,Emissions (N2O),kilotonnes,0.0001,0.0001,0.0001,0.0001,0.0001,0.0001,0.0001,0.0001,0.0001,0.0001,0.0001,0.0001,0.0001,0.0001,0.0001,0.0001,0.0001,0.0001,0.0001,0.0001,0.0001
Aruba,Farm-gate emissions,Emissions (CO2),kilotonnes,9.0158,9.0399,8.8645,8.6481,8.3539,8.4862,8.3267,8.1716,8.081,7.7012,7.1138,6.9124,6.7023,6.6467,6.5057,6.3173,6.1222,6.158,6.247,6.1952,6.1952
Aruba,Farm-gate emissions,Emissions (CO2eq) from CH4 (AR5),kilotonnes,0.8006,0.8027,0.7871,0.7679,0.7418,0.7535,0.7394,0.7256,0.7176,0.6838,0.6317,0.6138,0.5951,0.5902,0.5777,0.5609,0.5436,0.5468,0.5547,0.5501,0.5501
Aruba,Farm-gate emissions,Emissions (CO2eq) from N2O (AR5),kilotonnes,0.0379,0.038,0.0372,0.0363,0.0351,0.0357,0.035,0.0343,0.034,0.0324,0.0299,0.029,0.0282,0.0279,0.0273,0.0265,0.0257,0.0259,0.0262,0.026,0.026
Aruba,Farm-gate emissions,Emissions (CO2eq) (AR5),kilotonnes,9.8543,9.8806,9.6889,9.4523,9.1308,9.2754,9.1011,8.9315,8.8325,8.4174,7.7754,7.5552,7.3256,7.2649,7.1107,6.9048,6.6915,6.7307,6.8279,6.7714,6.7714
Aruba,Land Use change,Emissions (CH4),kilotonnes,0,0,0,0,0,0,0,0,0,0,0,0,0,0,0,0,0,0,0,0,0
Aruba,Land Use change,Emissions (N2O),kilotonnes,0,0,0,0,0,0,0,0,0,0,0,0,0,0,0,0,0,0,0,0,0
Aruba,Land Use change,Emissions (CO2),kilotonnes,0,0,0,0,0,0,0,0,0,0,0,0,0,0,0,0,0,0,0,0,0
Aruba,Land Use change,Emissions (CO2eq) from CH4 (AR5),kilotonnes,0,0,0,0,0,0,0,0,0,0,0,0,0,0,0,0,0,0,0,0,0
Aruba,Land Use change,Emissions (CO2eq) from N2O (AR5),kilotonnes,0,0,0,0,0,0,0,0,0,0,0,0,0,0,0,0,0,0,0,0,0
Aruba,Land Use change,Emissions (CO2eq) (AR5),kilotonnes,0,0,0,0,0,0,0,0,0,0,0,0,0,0,0,0,0,0,0,0,0
Aruba,Emissions on agricultural land,Emissions (CH4),kilotonnes,0.0286,0.0287,0.0281,0.0274,0.0265,0.0269,0.0264,0.0259,0.0256,0.0244,0.0226,0.0219,0.0213,0.0211,0.0206,0.02,0.0194,0.0195,0.0198,0.0196,0.0196
Aruba,Emissions on agricultural land,Emissions (N2O),kilotonnes,0.0001,0.0001,0.0001,0.0001,0.0001,0.0001,0.0001,0.0001,0.0001,0.0001,0.0001,0.0001,0.0001,0.0001,0.0001,0.0001,0.0001,0.0001,0.0001,0.0001,0.0001
Aruba,Emissions on agricultural land,Emissions (CO2),kilotonnes,9.0158,9.0399,8.8645,8.6481,8.3539,8.4862,8.3267,8.1716,8.081,7.7012,7.1138,6.9124,6.7023,6.6467,6.5057,6.3173,6.1222,6.158,6.247,6.1952,6.1952
Aruba,Emissions on agricultural land,Emissions (CO2eq) from CH4 (AR5),kilotonnes,0.8006,0.8027,0.7871,0.7679,0.7418,0.7535,0.7394,0.7256,0.7176,0.6838,0.6317,0.6138,0.5951,0.5902,0.5777,0.5609,0.5436,0.5468,0.5547,0.5501,0.5501
Aruba,Emissions on agricultural land,Emissions (CO2eq) from N2O (AR5),kilotonnes,0.0379,0.038,0.0372,0.0363,0.0351,0.0357,0.035,0.0343,0.034,0.0324,0.0299,0.029,0.0282,0.0279,0.0273,0.0265,0.0257,0.0259,0.0262,0.026,0.026
Aruba,Emissions on agricultural land,Emissions (CO2eq) (AR5),kilotonnes,9.8543,9.8806,9.6889,9.4523,9.1308,9.2754,9.1011,8.9315,8.8325,8.4174,7.7754,7.5552,7.3256,7.2649,7.1107,6.9048,6.6915,6.7307,6.8279,6.7714,6.7714
Aruba,Pre- and post- production,Emissions (CH4),kilotonnes,2.6247,2.6414,2.6443,2.6567,2.6742,2.6915,2.6977,2.7091,2.7123,2.7157,2.7188,2.7516,2.723,2.7457,2.7403,2.7419,2.7435,2.7491,2.7541,2.7599,2.7487
Aruba,Pre- and post- production,Emissions (N2O),kilotonnes,0.0019,0.0021,0.0019,0.0022,0.0022,0.0026,0.0027,0.0027,0.0024,0.0027,0.0026,0.0026,0.0029,0.0029,0.003,0.0029,0.0028,0.0028,0.0028,0.0034,0.0034
Aruba,Pre- and post- production,Emissions (CO2),kilotonnes,169.6433,176.8065,161.2373,171.9563,184.11,184.0085,179.6147,183.7343,164.6056,175.462,174.6031,203.4846,183.7063,184.2157,180.1378,179.3602,180.8423,187.6977,194.2879,204.5112,181.2331
Aruba,Pre- and post- production,Emissions (CO2eq) from CH4 (AR5),kilotonnes,73.4904,73.9596,74.0396,74.3864,74.8763,75.3628,75.5349,75.8551,75.9445,76.0403,76.1271,77.0441,76.2432,76.8799,76.7282,76.7731,76.8188,76.9748,77.1143,77.2776,76.9645
Aruba,Pre- and post- production,Emissions (CO2eq) from N2O (AR5),kilotonnes,0.5035,0.5565,0.5035,0.583,0.583,0.689,0.7155,0.7155,0.636,0.7155,0.689,0.689,0.7685,0.7685,0.795,0.7685,0.742,0.742,0.742,0.901,0.9116
Aruba,Pre- and post- production,Emissions (CO2eq) (AR5),kilotonnes,243.6372,251.3225,235.7804,246.9257,259.5694,260.0603,255.8651,260.3049,241.1861,252.2178,251.4191,281.2177,260.718,261.8641,257.661,256.9018,258.4031,265.4146,272.1441,282.6898,259.1092
Aruba,Agri-food systems,Emissions (CH4),kilotonnes,2.6532,2.6701,2.6724,2.6841,2.7006,2.7184,2.7241,2.735,2.7379,2.7401,2.7414,2.7735,2.7442,2.7668,2.7609,2.7619,2.7629,2.7686,2.7739,2.7796,2.7684
Aruba,Agri-food systems,Emissions (N2O),kilotonnes,0.002,0.0022,0.002,0.0023,0.0023,0.0027,0.0028,0.0028,0.0025,0.0028,0.0027,0.0027,0.003,0.003,0.0031,0.003,0.0029,0.0029,0.0029,0.0035,0.0035
Aruba,Agri-food systems,Emissions (CO2),kilotonnes,178.6591,185.8464,170.1017,180.6044,192.464,192.4947,187.9415,191.9059,172.6865,183.1632,181.7169,210.397,190.4087,190.8624,186.6435,185.6775,186.9645,193.8557,200.5349,210.7064,187.4283
Aruba,Agri-food systems,Emissions (CO2eq) from CH4 (AR5),kilotonnes,74.291,74.7623,74.8267,75.1543,75.6181,76.1163,76.2743,76.5807,76.6621,76.7241,76.7587,77.6579,76.8383,77.4701,77.3059,77.3341,77.3625,77.5216,77.669,77.8277,77.5146
Aruba,Agri-food systems,Emissions (CO2eq) from N2O (AR5),kilotonnes,0.5414,0.5945,0.5407,0.6193,0.6181,0.7247,0.7505,0.7498,0.67,0.7479,0.7189,0.718,0.7967,0.7964,0.8223,0.795,0.7677,0.7679,0.7682,0.927,0.9377
Aruba,Agri-food systems,Emissions (CO2eq) (AR5),kilotonnes,253.4915,261.2031,245.4692,256.378,268.7002,269.3357,264.9662,269.2364,250.0186,260.6352,259.1945,288.7729,268.0437,269.1289,264.7717,263.8066,265.0947,272.1452,278.9721,289.4611,265.8806
Aruba,IPCC Agriculture,Emissions (CH4),kilotonnes,0,0,0,0,0,0,0,0,0,0,0,0,0,0,0,0,0,0,0,0,0
Aruba,IPCC Agriculture,Emissions (N2O),kilotonnes,0,0,0,0,0,0,0,0,0,0,0,0,0,0,0,0,0,0,0,0,0
Aruba,IPCC Agriculture,Emissions (CO2eq) from CH4 (AR5),kilotonnes,0,0,0,0,0,0,0,0,0,0,0,0,0,0,0,0,0,0,0,0,0
Aruba,IPCC Agriculture,Emissions (CO2eq) from N2O (AR5),kilotonnes,0,0,0,0,0,0,0,0,0,0,0,0,0,0,0,0,0,0,0,0,0
Aruba,IPCC Agriculture,Emissions (CO2eq) (AR5),kilotonnes,0,0,0,0,0,0,0,0,0,0,0,0,0,0,0,0,0,0,0,0,0
Aruba,Agricultural Soils,Emissions (N2O),kilotonnes,0,0,0,0,0,0,0,0,0,0,0,0,0,0,0,0,0,0,0,0,0
Aruba,Agricultural Soils,Emissions (CO2eq) from N2O (AR5),kilotonnes,0,0,0,0,0,0,0,0,0,0,0,0,0,0,0,0,0,0,0,0,0
Aruba,Agricultural Soils,Emissions (CO2eq) (AR5),kilotonnes,0,0,0,0,0,0,0,0,0,0,0,0,0,0,0,0,0,0,0,0,0
Aruba,LULUCF,Emissions (CH4),kilotonnes,0,0,0,0,0,0,0,0,0,0,0,0,0,0,0,0,0,0,0,0,0
Aruba,LULUCF,Emissions (N2O),kilotonnes,0,0,0,0,0,0,0,0,0,0,0,0,0,0,0,0,0,0,0,0,0
Aruba,LULUCF,Emissions (CO2),kilotonnes,0.0016,-0.0923,-0.0923,-0.0923,-0.0923,-0.0923,-0.0923,-0.0923,-0.0923,-0.0923,-0.0923,-0.0565,-0.0565,-0.0565,-0.0565,-0.0565,-0.1222,-0.1222,-0.1222,-0.1222,-0.1222
Aruba,LULUCF,Emissions (CO2eq) from CH4 (AR5),kilotonnes,0,0,0,0,0,0,0,0,0,0,0,0,0,0,0,0,0,0,0,0,0
Aruba,LULUCF,Emissions (CO2eq) from N2O (AR5),kilotonnes,0,0,0,0,0,0,0,0,0,0,0,0,0,0,0,0,0,0,0,0,0
Aruba,LULUCF,Emissions (CO2eq) (AR5),kilotonnes,0.0016,-0.0923,-0.0923,-0.0923,-0.0923,-0.0923,-0.0923,-0.0923,-0.0923,-0.0923,-0.0923,-0.0565,-0.0565,-0.0565,-0.0565,-0.0565,-0.1222,-0.1222,-0.1222,-0.1222,-0.1222
Aruba,AFOLU,Emissions (CH4),kilotonnes,0,0,0,0,0,0,0,0,0,0,0,0,0,0,0,0,0,0,0,0,0
Aruba,AFOLU,Emissions (N2O),kilotonnes,0,0,0,0,0,0,0,0,0,0,0,0,0,0,0,0,0,0,0,0,0
Aruba,AFOLU,Emissions (CO2),kilotonnes,0.0016,-0.0923,-0.0923,-0.0923,-0.0923,-0.0923,-0.0923,-0.0923,-0.0923,-0.0923,-0.0923,-0.0565,-0.0565,-0.0565,-0.0565,-0.0565,-0.1222,-0.1222,-0.1222,-0.1222,-0.1222
Aruba,AFOLU,Emissions (CO2eq) from CH4 (AR5),kilotonnes,0,0,0,0,0,0,0,0,0,0,0,0,0,0,0,0,0,0,0,0,0
Aruba,AFOLU,Emissions (CO2eq) from N2O (AR5),kilotonnes,0,0,0,0,0,0,0,0,0,0,0,0,0,0,0,0,0,0,0,0,0
Aruba,AFOLU,Emissions (CO2eq) (AR5),kilotonnes,0.0016,-0.0923,-0.0923,-0.0923,-0.0923,-0.0923,-0.0923,-0.0923,-0.0923,-0.0923,-0.0923,-0.0565,-0.0565,-0.0565,-0.0565,-0.0565,-0.1222,-0.1222,-0.1222,-0.1222,-0.1222
Aruba,All sectors with LULUCF,Emissions (CH4),kilotonnes,3.055,2.855,2.853,2.995,3.24,3.27,2.3,2.3,2.15,2.05,1.379,1.988,1.19,1.573,1.456,1.348,1.229,1.1192,1.0893,1.0799,1.0791
Aruba,All sectors with LULUCF,Emissions (N2O),kilotonnes,0.0459,0.0471,0.0437,0.0505,0.0532,0.0554,0.0511,0.0531,0.0501,0.0536,0.0492,0.046,0.0609,0.0586,0.0607,0.0596,0.0599,0.0543,0.0528,0.0578,0.0582
Aruba,All sectors with LULUCF,Emissions (CO2),kilotonnes,2383.3016,2413.4277,2443.4777,2563.7577,2623.8277,2724.4077,2724.3277,2824.2677,2664.1677,2634.5677,2514.2577,2503.7935,1353.9335,865.9835,877.0135,902.9935,887.8678,936.8678,964.8578,996.8078,877.7778
Aruba,All sectors with LULUCF,Emissions (CO2eq) from CH4 (AR5),kilotonnes,85.54,79.94,79.884,83.86,90.72,91.56,64.4,64.4,60.2,57.4,38.612,55.664,33.32,44.044,40.768,37.744,34.412,31.3376,30.5004,30.2372,30.2148
Aruba,All sectors with LULUCF,Emissions (CO2eq) from N2O (AR5),kilotonnes,12.1691,12.4738,11.5887,13.3828,14.0903,14.668,13.5524,14.0824,13.2794,14.1963,13.0383,12.1876,16.1361,15.5161,16.0832,15.7996,15.8606,14.3951,13.9817,15.3226,15.4127
Aruba,All sectors with LULUCF,Emissions (CO2eq) (AR5),kilotonnes,2481.0106,2505.8415,2534.9504,2661.0005,2728.6381,2830.6358,2802.2801,2902.7501,2737.6472,2706.1641,2565.908,2571.6451,1403.3896,925.5436,933.8647,956.5371,938.1404,982.6005,1009.3399,1042.3676,923.4053
Aruba,All sectors without LULUCF,Emissions (CH4),kilotonnes,3.055,2.855,2.853,2.995,3.24,3.27,2.3,2.3,2.15,2.05,1.379,1.988,1.19,1.573,1.456,1.348,1.229,1.1192,1.0893,1.0799,1.0791
Aruba,All sectors without LULUCF,Emissions (N2O),kilotonnes,0.0459,0.0471,0.0437,0.0505,0.0532,0.0554,0.0511,0.0531,0.0501,0.0536,0.0492,0.046,0.0609,0.0586,0.0607,0.0596,0.0599,0.0543,0.0528,0.0578,0.0582
Aruba,All sectors without LULUCF,Emissions (CO2),kilotonnes,2383.3,2413.52,2443.57,2563.85,2623.92,2724.5,2724.42,2824.36,2664.26,2634.66,2514.35,2503.85,1353.99,866.04,877.07,903.05,887.99,936.99,964.98,996.93,877.9
Aruba,All sectors without LULUCF,Emissions (CO2eq) from CH4 (AR5),kilotonnes,85.54,79.94,79.884,83.86,90.72,91.56,64.4,64.4,60.2,57.4,38.612,55.664,33.32,44.044,40.768,37.744,34.412,31.3376,30.5004,30.2372,30.2148
Aruba,All sectors without LULUCF,Emissions (CO2eq) from N2O (AR5),kilotonnes,12.1691,12.4738,11.5887,13.3828,14.0903,14.668,13.5524,14.0824,13.2794,14.1963,13.0383,12.1876,16.1361,15.5161,16.0832,15.7996,15.8606,14.3951,13.9817,15.3226,15.4127
Aruba,All sectors without LULUCF,Emissions (CO2eq) (AR5),kilotonnes,2481.0091,2505.9338,2535.0427,2661.0928,2728.7303,2830.728,2802.3724,2902.8424,2737.7394,2706.2563,2566.0003,2571.7016,1403.4461,925.6001,933.9212,956.5936,938.2626,982.7227,1009.4621,1042.4898,923.5275
Australia,Crop Residues,Direct emissions (N2O),kilotonnes,7.0925,7.148,7.828,4.1832,8.6637,7.3306,8.278,4.3488,5.9134,7.341,7.2051,8.2987,8.9262,7.4557,7.9982,7.7802,7.3575,10.1058,7.1145,6.3238,5.8184
Australia,Crop Residues,Direct emissions (N2O),kilotonnes,12.0664,11.1849,12.0617,8.6087,12.6441,11.775,12.8325,8.7829,10.504,11.7883,12.1369,13.3646,14.2286,13.0748,13.502,13.1792,12.791,16.7977,13.5092,11.8661,11.2789
Australia,Crop Residues,Indirect emissions (N2O),kilotonnes,1.5958,1.6083,1.7613,0.9412,1.9493,1.6494,1.8626,0.9785,1.3305,1.6517,1.6211,1.8672,2.0084,1.6775,1.7996,1.7506,1.6554,2.2738,1.6008,1.4229,1.3091
Australia,Crop Residues,Emissions (N2O),kilotonnes,8.6883,8.7563,9.5893,5.1244,10.6131,8.98,10.1406,5.3273,7.2439,8.9928,8.8262,10.1659,10.9346,9.1332,9.7978,9.5308,9.013,12.3796,8.7153,7.7467,7.1275
Australia,Crop Residues,Emissions (N2O),kilotonnes,12.0664,11.1849,12.0617,8.6087,12.6441,11.775,12.8325,8.7829,10.504,11.7883,12.1369,13.3646,14.2286,13.0748,13.502,13.1792,12.791,16.7977,13.5092,11.8661,11.2789
Australia,Crop Residues,Emissions (CO2eq) from N2O (AR5),kilotonnes,2302.3993,2320.408,2541.1622,1357.9604,2812.4597,2379.7,2687.2598,1411.7364,1919.6407,2383.0856,2338.9542,2693.9505,2897.6757,2420.2907,2596.4259,2525.6565,2388.435,3280.5963,2309.5559,2052.8691,1888.7887
Australia,Crop Residues,Emissions (CO2eq) from N2O (AR5),kilotonnes,3197.608,2963.9869,3196.351,2281.307,3350.686,3120.3748,3400.6013,2327.4741,2783.5644,3123.8922,3216.2733,3541.6142,3770.5672,3464.8336,3578.0334,3492.4859,3389.6247,4451.3972,3579.948,3144.5166,2988.8961
Australia,Crop Residues,Emissions (CO2eq) (AR5),kilotonnes,2302.3993,2320.408,2541.1622,1357.9604,2812.4597,2379.7,2687.2598,1411.7364,1919.6407,2383.0856,2338.9542,2693.9505,2897.6757,2420.2907,2596.4259,2525.6565,2388.435,3280.5963,2309.5559,2052.8691,1888.7887
Australia,Crop Residues,Emissions (CO2eq) (AR5),kilotonnes,3197.608,2963.9869,3196.351,2281.307,3350.686,3120.3748,3400.6013,2327.4741,2783.5644,3123.8922,3216.2733,3541.6142,3770.5672,3464.8336,3578.0334,3492.4859,3389.6247,4451.3972,3579.948,3144.5166,2988.8961
Australia,Rice Cultivation,Emissions (CH4),kilotonnes,41.9895,55.6214,45.4762,14.439,20.9147,16.133,32.1703,6.208,0.7302,2.2661,5.9633,23.8716,32.4812,35.796,24.158,21.9442,8.3869,25.8943,19.2626,2.4003,1.5772
Australia,Rice Cultivation,Emissions (CH4),kilotonnes,20.8159,28.1007,22.9712,7.2902,10.5999,8.2177,16.2178,3.1597,0.3292,1.1431,3.0081,12.0421,16.385,18.0571,12.1864,11.0696,4.4148,13.6691,10.1613,1.2608,0.8271
Australia,Rice Cultivation,Emissions (CO2eq) from CH4 (AR5),kilotonnes,1175.706,1557.4003,1273.3346,404.2912,585.6127,451.7251,900.769,173.8246,20.4448,63.4511,166.9714,668.4061,909.4743,1002.2872,676.4234,614.4365,234.8325,725.0393,539.3518,67.2084,44.1617
Australia,Rice Cultivation,Emissions (CO2eq) from CH4 (AR5),kilotonnes,582.8452,786.8184,643.1941,204.1257,296.7959,230.0948,454.0976,88.4718,9.2187,32.0075,84.2278,337.1782,458.7793,505.5993,341.2201,309.9486,123.614,382.7342,284.5161,35.3014,23.158
Australia,Rice Cultivation,Emissions (CO2eq) (AR5),kilotonnes,1175.706,1557.4003,1273.3346,404.2912,585.6127,451.7251,900.769,173.8246,20.4448,63.4511,166.9714,668.4061,909.4743,1002.2872,676.4234,614.4365,234.8325,725.0393,539.3518,67.2084,44.1617
Australia,Rice Cultivation,Emissions (CO2eq) (AR5),kilotonnes,582.8452,786.8184,643.1941,204.1257,296.7959,230.0948,454.0976,88.4718,9.2187,32.0075,84.2278,337.1782,458.7793,505.5993,341.2201,309.9486,123.614,382.7342,284.5161,35.3014,23.158
Australia,Burning - Crop residues,Emissions (CH4),kilotonnes,14.2677,14.2832,13.6369,13.0523,15.186,15.5044,14.4693,13.62,14.4395,15.4844,15.8624,15.4031,15.9499,14.9767,14.536,14.2995,13.153,14.2673,12.8034,12.0989,11.4046
Australia,Burning - Crop residues,Emissions (CH4),kilotonnes,13.6521,13.8028,14.2206,6.7006,13.7642,9.1034,11.5338,5.1213,6.3482,7.8678,6.8465,10.0716,10.17,9.5058,8.8515,8.4614,7.7017,12.4009,8.618,5.4581,5.726
Australia,Burning - Crop residues,Emissions (N2O),kilotonnes,0.3699,0.3703,0.3535,0.3384,0.3937,0.402,0.3751,0.3531,0.3744,0.4014,0.4112,0.3993,0.4135,0.3883,0.3769,0.3707,0.341,0.3699,0.3319,0.3137,0.2957
Australia,Burning - Crop residues,Emissions (N2O),kilotonnes,0.569,0.5724,0.591,0.2721,0.568,0.3713,0.4745,0.1996,0.263,0.3241,0.2813,0.416,0.4245,0.4059,0.3721,0.3546,0.3191,0.5297,0.3692,0.2271,0.2408
Australia,Burning - Crop residues,Emissions (CO2eq) from CH4 (AR5),kilotonnes,399.4951,399.9284,381.8325,365.4653,425.2079,434.1236,405.1409,381.3606,404.3051,433.5625,444.1485,431.2871,446.5964,419.3483,407.0093,400.3864,368.2845,399.4855,358.496,338.768,319.3294
Australia,Burning - Crop residues,Emissions (CO2eq) from CH4 (AR5),kilotonnes,382.26,386.4798,398.1773,187.6156,385.3978,254.895,322.9474,143.3965,177.7494,220.2988,191.7013,282.0048,284.7587,266.1626,247.8418,236.9182,215.6477,347.2263,241.303,152.8263,160.3282
Australia,Burning - Crop residues,Emissions (CO2eq) from N2O (AR5),kilotonnes,98.0243,98.1306,93.6904,89.6744,104.3334,106.5211,99.4096,93.5746,99.2045,106.3834,108.9809,105.8251,109.5815,102.8956,99.868,98.243,90.3661,98.0219,87.9643,83.1236,78.354
Australia,Burning - Crop residues,Emissions (CO2eq) from N2O (AR5),kilotonnes,150.7752,151.6755,156.6216,72.1033,150.5209,98.3972,125.7437,52.8977,69.7024,85.8855,74.5442,110.252,112.4923,107.5657,98.6116,93.9777,84.5543,140.3739,97.8274,60.1801,63.8088
Australia,Burning - Crop residues,Emissions (CO2eq) (AR5),kilotonnes,497.5194,498.059,475.5229,455.1397,529.5413,540.6446,504.5505,474.9352,503.5096,539.9459,553.1294,537.1122,556.178,522.2439,506.8774,498.6294,458.6506,497.5074,446.4603,421.8916,397.6834
Australia,Burning - Crop residues,Emissions (CO2eq) (AR5),kilotonnes,533.0352,538.1553,554.7989,259.7188,535.9187,353.2922,448.6911,196.2942,247.4518,306.1843,266.2454,392.2568,397.2509,373.7283,346.4535,330.896,300.2019,487.6002,339.1305,213.0063,224.1371
Australia,Enteric Fermentation,Emissions (CH4),kilotonnes,2686.0975,2634.542,2607.358,2475.9754,2541.3301,2558.9849,2513.479,2442.9603,2325.7896,2331.6978,2220.8519,2368.4404,2379.6363,2438.2014,2402.6685,2289.0499,2112.0831,2219.6916,2217.3798,2078.3193,1987.4818
Australia,Enteric Fermentation,Emissions (CH4),kilotonnes,2396.1967,2341.2672,2326.078,2214.412,2271.8295,2294.6802,2230.901,2170.8874,2086.3217,2070.6619,1973.6232,2090.8196,2124.3232,2139.533,2118.308,2032.0161,1999.2612,2061.7113,2066.7318,1928.3745,1849.8426
Australia,Enteric Fermentation,Emissions (CO2eq) from CH4 (AR5),kilotonnes,75210.73,73767.176,73006.024,69327.3106,71157.2422,71651.5761,70377.4114,68402.8873,65122.1091,65287.5385,62183.8534,66316.3322,66629.8152,68269.6379,67274.7194,64093.3969,59138.3279,62151.3654,62086.6358,58192.9393,55649.4892
Australia,Enteric Fermentation,Emissions (CO2eq) from CH4 (AR5),kilotonnes,67093.5081,65555.4806,65130.1835,62003.5357,63611.2251,64251.0443,62465.2275,60784.8477,58417.0065,57978.5337,55261.4501,58542.9484,59481.0503,59906.9229,59312.6235,56896.4521,55979.3122,57727.916,57868.4916,53994.4858,51795.5922
Australia,Enteric Fermentation,Emissions (CO2eq) (AR5),kilotonnes,75210.73,73767.176,73006.024,69327.3106,71157.2422,71651.5761,70377.4114,68402.8873,65122.1091,65287.5385,62183.8534,66316.3322,66629.8152,68269.6379,67274.7194,64093.3969,59138.3279,62151.3654,62086.6358,58192.9393,55649.4892
Australia,Enteric Fermentation,Emissions (CO2eq) (AR5),kilotonnes,67093.5081,65555.4806,65130.1835,62003.5357,63611.2251,64251.0443,62465.2275,60784.8477,58417.0065,57978.5337,55261.4501,58542.9484,59481.0503,59906.9229,59312.6235,56896.4521,55979.3122,57727.916,57868.4916,53994.4858,51795.5922
Australia,Manure Management,Emissions (CH4),kilotonnes,185.2473,186.9877,187.2067,176.8648,177.2118,175.0315,175.0089,168.7177,157.7166,157.3614,149.9677,155.991,157.4415,158.5011,159.1339,155.7799,146.8362,152.1946,153.538,141.6296,137.9255
Australia,Manure Management,Emissions (CH4),kilotonnes,235.3665,245.5428,249.9138,234.4782,238.9163,256.4405,255.1049,248.1981,238.0694,235.8891,235.7804,239.3661,246.2922,246.0237,250.5943,244.8069,238.2001,246.4967,250.0064,232.0757,223.5521
Australia,Manure Management,Emissions (N2O),kilotonnes,5.7383,5.8038,5.8396,5.5784,5.7226,5.7728,5.9833,5.9269,5.7512,5.8626,5.6073,5.9723,5.9553,6.1181,6.1081,5.7471,5.2861,5.5632,5.6224,5.3195,5.0405
Australia,Manure Management,Emissions (N2O),kilotonnes,1.3358,1.4544,1.5273,1.5088,1.484,1.6959,1.7609,1.7793,1.5211,1.5349,1.5337,1.6395,1.6308,1.6534,1.7033,1.8559,1.8801,1.9128,1.9871,2.0509,2.0627
Australia,Manure Management,Emissions (CO2eq) from CH4 (AR5),kilotonnes,5186.9241,5235.6542,5241.7868,4952.2158,4961.9292,4900.883,4900.2487,4724.0957,4416.0661,4406.1204,4199.0954,4367.7469,4408.362,4438.0306,4455.7485,4361.8375,4111.4125,4261.4481,4299.0635,3965.6299,3861.9154
Australia,Manure Management,Emissions (CO2eq) from CH4 (AR5),kilotonnes,6590.2621,6875.1992,6997.5876,6565.3896,6689.6554,7180.3334,7142.9376,6949.5463,6665.9419,6604.8951,6601.8514,6702.2522,6896.1829,6888.6634,7016.6397,6854.5931,6669.6039,6901.9084,7000.1803,6498.1193,6259.459
Australia,Manure Management,Emissions (CO2eq) from N2O (AR5),kilotonnes,1520.6547,1538.0064,1547.4892,1478.289,1516.4917,1529.7898,1585.5711,1570.6396,1524.0649,1553.5886,1485.9441,1582.6675,1578.1441,1621.2875,1618.634,1522.975,1400.8236,1474.2527,1489.9465,1409.6801,1335.7433
Australia,Manure Management,Emissions (CO2eq) from N2O (AR5),kilotonnes,353.9937,385.4272,404.7423,399.8205,393.2559,449.414,466.6414,471.5077,403.0952,406.7384,406.4357,434.468,432.1685,438.1414,451.3844,491.8088,498.2362,506.8949,526.5915,543.497,546.6049
Australia,Manure Management,Emissions (CO2eq) (AR5),kilotonnes,6707.5788,6773.6606,6789.276,6430.5047,6478.4209,6430.6729,6485.8198,6294.7353,5940.1311,5959.709,5685.0396,5950.4144,5986.5061,6059.3181,6074.3825,5884.8124,5512.2362,5735.7008,5789.01,5375.31,5197.6587
Australia,Manure Management,Emissions (CO2eq) (AR5),kilotonnes,6944.2559,7260.6264,7402.3299,6965.2102,7082.9113,7629.7473,7609.579,7421.054,7069.0371,7011.6336,7008.2871,7136.7202,7328.3514,7326.8048,7468.0241,7346.4019,7167.84,7408.8033,7526.7718,7041.6163,6806.064
Australia,Manure left on Pasture,Direct emissions (N2O),kilotonnes,85.9837,83.8836,82.8304,78.4966,80.6102,81.2605,79.1274,76.5815,72.6165,72.5316,69.0506,73.6913,74.095,75.8556,74.6092,71.1792,65.9066,69.3956,69.1421,64.9554,62.1423
Australia,Manure left on Pasture,Indirect emissions (N2O),kilotonnes,26.348,25.4062,24.9068,23.5094,24.1151,24.28,23.1506,22.2021,20.7862,20.5339,19.4901,20.8114,21.0096,21.4393,20.98,20.1397,18.7977,19.8411,19.6514,18.4904,17.7415
Australia,Manure left on Pasture,Emissions (N2O),kilotonnes,112.3317,109.2898,107.7372,102.0061,104.7253,105.5405,102.2779,98.7836,93.4027,93.0655,88.5407,94.5026,95.1046,97.2949,95.5892,91.3188,84.7043,89.2367,88.7935,83.4457,79.8838
Australia,Manure left on Pasture,Emissions (CO2eq) from N2O (AR5),kilotonnes,29767.8978,28961.8052,28550.3656,27031.6071,27752.1935,27968.2349,27103.6458,26177.6663,24751.7202,24662.3527,23463.2836,25043.2006,25202.7271,25783.1462,25331.129,24199.4942,22446.6477,23647.7278,23530.2873,22113.1189,21169.203
Australia,Manure left on Pasture,Emissions (CO2eq) (AR5),kilotonnes,29767.8978,28961.8052,28550.3656,27031.6071,27752.1935,27968.2349,27103.6458,26177.6663,24751.7202,24662.3527,23463.2836,25043.2006,25202.7271,25783.1462,25331.129,24199.4942,22446.6477,23647.7278,23530.2873,22113.1189,21169.203
Australia,Manure applied to Soils,Direct emissions (N2O),kilotonnes,2.375,2.4297,2.4086,2.3142,2.3412,2.3065,2.4742,2.4758,2.3486,2.3974,2.2521,2.3891,2.438,2.4683,2.4712,2.3426,2.2118,2.3173,2.3619,2.305,2.1762
Australia,Manure applied to Soils,Direct emissions (N2O),kilotonnes,1.1485,1.1994,1.228,1.2046,1.197,1.2953,1.2905,1.2902,1.1679,1.2099,1.2167,1.3159,1.3411,1.3462,1.3668,1.4347,1.4309,1.4466,1.4733,1.4553,1.4677
Australia,Manure applied to Soils,Indirect emissions (N2O),kilotonnes,1.0094,1.0326,1.0236,0.9835,0.995,0.9803,1.0515,1.0522,0.9982,1.0189,0.9572,1.0154,1.0361,1.049,1.0503,0.9956,0.94,0.9849,1.0038,0.9796,0.9249
Australia,Manure applied to Soils,Emissions (N2O),kilotonnes,3.3843,3.4623,3.4322,3.2977,3.3362,3.2868,3.5258,3.5281,3.3468,3.4164,3.2093,3.4045,3.4741,3.5173,3.5215,3.3382,3.1518,3.3022,3.3657,3.2846,3.1011
Australia,Manure applied to Soils,Emissions (N2O),kilotonnes,1.1485,1.1994,1.228,1.2046,1.197,1.2953,1.2905,1.2902,1.1679,1.2099,1.2167,1.3159,1.3411,1.3462,1.3668,1.4347,1.4309,1.4466,1.4733,1.4553,1.4677
Australia,Manure applied to Soils,Emissions (CO2eq) from N2O (AR5),kilotonnes,896.8464,917.5039,909.5337,873.897,884.0925,870.9934,934.324,934.9356,886.8897,905.3362,850.4658,902.1915,920.6463,932.0787,933.1938,884.6216,835.2282,875.0869,891.9024,870.4309,821.7866
Australia,Manure applied to Soils,Emissions (CO2eq) from N2O (AR5),kilotonnes,304.3546,317.8438,325.4275,319.2276,317.1964,343.2618,341.9844,341.9014,309.4825,320.6165,322.4222,348.7124,355.3916,356.7347,362.1933,380.2062,379.1983,383.3548,390.4153,385.6463,388.9348
Australia,Manure applied to Soils,Emissions (CO2eq) (AR5),kilotonnes,896.8464,917.5039,909.5337,873.897,884.0925,870.9934,934.324,934.9356,886.8897,905.3362,850.4658,902.1915,920.6463,932.0787,933.1938,884.6216,835.2282,875.0869,891.9024,870.4309,821.7866
Australia,Manure applied to Soils,Emissions (CO2eq) (AR5),kilotonnes,304.3546,317.8438,325.4275,319.2276,317.1964,343.2618,341.9844,341.9014,309.4825,320.6165,322.4222,348.7124,355.3916,356.7347,362.1933,380.2062,379.1983,383.3548,390.4153,385.6463,388.9348
Australia,Synthetic Fertilizers,Direct emissions (N2O),kilotonnes,14.9443,16.2486,15.2785,14.66,16.6026,14.9627,13.4845,13.3258,13.1217,13.3538,15.4281,17.2688,17.6724,19.204,22.0721,20.472,23.1646,23.4741,22.1763,21.0193,21.0193
Australia,Synthetic Fertilizers,Direct emissions (N2O),kilotonnes,7.6285,7.8292,7.6226,6.7259,7.0841,6.8207,6.5453,5.9485,5.4788,5.8343,5.7848,7.0639,7.0725,7.5071,8.4962,8.021,8.6986,8.8853,8.1734,7.4418,8.1171
Australia,Synthetic Fertilizers,Indirect emissions (N2O),kilotonnes,4.8569,5.2808,4.9655,4.7645,5.3958,4.8629,4.3825,4.3309,4.2646,4.34,5.0141,5.6123,5.7435,6.2413,7.1734,6.6534,7.5285,7.6291,7.2073,6.8313,6.8313
Australia,Synthetic Fertilizers,Emissions (N2O),kilotonnes,19.8012,21.5294,20.244,19.4245,21.9984,19.8256,17.8669,17.6567,17.3863,17.6937,20.4422,22.8811,23.4159,25.4453,29.2455,27.1254,30.6932,31.1032,29.3835,27.8506,27.8506
Australia,Synthetic Fertilizers,Emissions (N2O),kilotonnes,7.6285,7.8292,7.6226,6.7259,7.0841,6.8207,6.5453,5.9485,5.4788,5.8343,5.7848,7.0639,7.0725,7.5071,8.4962,8.021,8.6986,8.8853,8.1734,7.4418,8.1171
Australia,Synthetic Fertilizers,Emissions (CO2eq) from N2O (AR5),kilotonnes,5247.3123,5705.2796,5364.6513,5147.503,5829.5764,5253.7901,4734.7365,4679.0245,4607.3609,4688.8405,5417.1851,6063.4929,6205.2199,6743.017,7750.0651,7188.222,8133.6872,8242.3579,7786.6363,7380.4082,7380.4082
Australia,Synthetic Fertilizers,Emissions (CO2eq) from N2O (AR5),kilotonnes,2021.5417,2074.7307,2019.9806,1782.3559,1877.2943,1807.4931,1734.5121,1576.3422,1451.8945,1546.0921,1532.9769,1871.9403,1874.2185,1989.3823,2251.4904,2125.5597,2305.1224,2354.5971,2165.939,1972.0771,2151.0447
Australia,Synthetic Fertilizers,Emissions (CO2eq) (AR5),kilotonnes,5247.3123,5705.2796,5364.6513,5147.503,5829.5764,5253.7901,4734.7365,4679.0245,4607.3609,4688.8405,5417.1851,6063.4929,6205.2199,6743.017,7750.0651,7188.222,8133.6872,8242.3579,7786.6363,7380.4082,7380.4082
Australia,Synthetic Fertilizers,Emissions (CO2eq) (AR5),kilotonnes,2021.5417,2074.7307,2019.9806,1782.3559,1877.2943,1807.4931,1734.5121,1576.3422,1451.8945,1546.0921,1532.9769,1871.9403,1874.2185,1989.3823,2251.4904,2125.5597,2305.1224,2354.5971,2165.939,1972.0771,2151.0447
Australia,Drained organic soils,Emissions (CO2eq) (AR5),kilotonnes,3321.3442,3317.332,3311.677,3306.2085,3295.7225,3296.4392,3291.7518,3289.0357,3285.4032,3286.748,3286.1811,3284.3763,3284.3792,3282.6231,3278.8312,3278.8312,3276.6087,3276.644,3276.9093,3278.5065,3278.311
Australia,Drained organic soils,Emissions (CO2eq) (AR5),kilotonnes,23.32,23.32,23.32,23.32,23.32,23.32,23.32,23.32,23.32,23.32,23.32,23.32,23.32,23.32,23.32,23.32,23.32,23.32,23.32,23.32,23.32
Australia,Drained organic soils (CO2),Emissions (CO2),kilotonnes,2894.5414,2891.1045,2886.2596,2881.4786,2872.1954,2872.4862,2868.5064,2866.1285,2863.058,2864.3396,2863.8312,2862.2868,2862.27,2860.7299,2857.4043,2857.4043,2855.4204,2855.4577,2855.6433,2857.3235,2857.1293
Australia,Drained organic soils (CO2),Emissions (CO2eq) (AR5),kilotonnes,2894.5414,2891.1045,2886.2596,2881.4786,2872.1954,2872.4862,2868.5064,2866.1285,2863.058,2864.3396,2863.8312,2862.2868,2862.27,2860.7299,2857.4043,2857.4043,2855.4204,2855.4577,2855.6433,2857.3235,2857.1293
Australia,Drained organic soils (N2O),Emissions (N2O),kilotonnes,1.6106,1.6084,1.6053,1.6028,1.5982,1.5998,1.5972,1.5959,1.5938,1.594,1.5938,1.5928,1.5929,1.592,1.5903,1.5903,1.5894,1.5894,1.5897,1.5894,1.5894
Australia,Drained organic soils (N2O),Emissions (N2O),kilotonnes,0.088,0.088,0.088,0.088,0.088,0.088,0.088,0.088,0.088,0.088,0.088,0.088,0.088,0.088,0.088,0.088,0.088,0.088,0.088,0.088,0.088
Australia,Drained organic soils (N2O),Emissions (CO2eq) from N2O (AR5),kilotonnes,426.8027,426.2275,425.4174,424.73,423.5271,423.953,423.2453,422.9073,422.3452,422.4084,422.3499,422.0895,422.1092,421.8932,421.4269,421.4269,421.1883,421.1863,421.2661,421.183,421.1816
Australia,Drained organic soils (N2O),Emissions (CO2eq) from N2O (AR5),kilotonnes,23.32,23.32,23.32,23.32,23.32,23.32,23.32,23.32,23.32,23.32,23.32,23.32,23.32,23.32,23.32,23.32,23.32,23.32,23.32,23.32,23.32
Australia,Drained organic soils (N2O),Emissions (CO2eq) (AR5),kilotonnes,426.8027,426.2275,425.4174,424.73,423.5271,423.953,423.2453,422.9073,422.3452,422.4084,422.3499,422.0895,422.1092,421.8932,421.4269,421.4269,421.1883,421.1863,421.2661,421.183,421.1816
Australia,Drained organic soils (N2O),Emissions (CO2eq) (AR5),kilotonnes,23.32,23.32,23.32,23.32,23.32,23.32,23.32,23.32,23.32,23.32,23.32,23.32,23.32,23.32,23.32,23.32,23.32,23.32,23.32,23.32,23.32
Australia,On-farm energy use,Emissions (CH4),kilotonnes,1.4673,1.294,1.0609,1.1569,1.1857,1.1424,1.4384,1.5462,1.5846,1.5018,1.5202,1.2856,1.2075,1.1935,1.1323,1.1259,1.1684,1.199,1.2548,1.2909,1.2909
Australia,On-farm energy use,Emissions (N2O),kilotonnes,1.6288,1.6336,1.8376,2.2622,2.2619,2.3932,2.2094,2.173,2.1982,2.1861,2.2336,2.1824,2.2115,2.2366,2.2088,2.334,2.4742,2.6605,2.6979,2.7964,2.7964
Australia,On-farm energy use,Emissions (CO2),kilotonnes,5124.9441,5048.991,5447.0395,6615.7186,6872.9178,7365.842,7509.4743,7745.8705,8025.8605,7757.187,8215.2149,7745.849,7633.3123,7439.3748,7005.506,6905.4437,7208.066,7658.3606,7746.1425,7983.9912,7983.9912
Australia,On-farm energy use,Emissions (CO2eq) from CH4 (AR5),kilotonnes,41.0834,36.2314,29.7042,32.3945,33.1995,31.9869,40.2746,43.2923,44.368,42.0501,42.5645,35.9965,33.8087,33.4182,31.704,31.5239,32.7141,33.5709,35.1343,36.1449,36.1449
Australia,On-farm energy use,Emissions (CO2eq) from N2O (AR5),kilotonnes,431.6396,432.903,486.9595,599.496,599.3978,634.1987,585.495,575.8357,582.5131,579.3251,591.8992,578.3304,586.0433,592.7004,585.3392,618.4997,655.6714,705.0229,714.9478,741.0538,741.0538
Australia,On-farm energy use,Emissions (CO2eq) (AR5),kilotonnes,5597.667,5518.1254,5963.7032,7247.6091,7505.5151,8032.0276,8135.244,8364.9985,8652.7416,8378.5623,8849.6786,8360.1758,8253.1643,8065.4934,7622.5491,7555.4673,7896.4515,8396.9544,8496.2245,8761.1899,8761.1899
Australia,Forestland,Emissions (CO2),kilotonnes,-10689.5925,-41464.6137,-41464.6137,-41464.6137,-41464.6137,-41464.6137,-41464.6137,-41464.6137,-41464.6137,-41464.6137,-41464.6137,-31963.9195,-31963.9195,-31963.9195,-31963.9195,-31963.9195,-1585.0912,-1585.0912,-1585.0912,-1585.0912,-1585.0912
Australia,Forestland,Emissions (CO2),kilotonnes,-28019.5265,-30526.8952,-32350.9548,-30241.0999,-38747.9859,-42448.6321,-41494.356,-34598.2462,-24827.1113,-22936.4455,-25011.492,-32310.4685,-47186.4778,-52646.9511,-55816.6751,-59968.0583,-79079.5164,-82394.3833,-84317.2047,-71124.5887,-79908.4231
Australia,Forestland,Emissions (CO2eq) (AR5),kilotonnes,-10689.5925,-41464.6137,-41464.6137,-41464.6137,-41464.6137,-41464.6137,-41464.6137,-41464.6137,-41464.6137,-41464.6137,-41464.6137,-31963.9195,-31963.9195,-31963.9195,-31963.9195,-31963.9195,-1585.0912,-1585.0912,-1585.0912,-1585.0912,-1585.0912
Australia,Forestland,Emissions (CO2eq) (AR5),kilotonnes,-28019.5265,-30526.8952,-32350.9548,-30241.0999,-38747.9859,-42448.6321,-41494.356,-34598.2462,-24827.1113,-22936.4455,-25011.492,-32310.4685,-47186.4778,-52646.9511,-55816.6751,-59968.0583,-79079.5164,-82394.3833,-84317.2047,-71124.5887,-79908.4231
Australia,Net Forest conversion,Emissions (CO2),kilotonnes,58561.2819,68313.3939,68313.3939,68313.3939,68313.3939,68313.3939,68313.3939,68313.3939,68313.3939,68313.3939,68313.3939,0,0,0,0,0,1256.3833,1256.3833,1256.3833,1256.3833,1256.3833
Australia,Net Forest conversion,Emissions (CO2),kilotonnes,74988.5344,87959.3725,83344.9401,77587.985,74990.8892,92220.8155,89539.1535,91283.1863,70600.2173,58256.0419,63241.4912,50669.9385,46835.9037,47340.2544,50749.336,41751.4411,42337.9081,41380.5979,46674.9457,32239.6613,37393.6198
Australia,Net Forest conversion,Emissions (CO2eq) (AR5),kilotonnes,58561.2819,68313.3939,68313.3939,68313.3939,68313.3939,68313.3939,68313.3939,68313.3939,68313.3939,68313.3939,68313.3939,0,0,0,0,0,1256.3833,1256.3833,1256.3833,1256.3833,1256.3833
Australia,Net Forest conversion,Emissions (CO2eq) (AR5),kilotonnes,74988.5344,87959.3725,83344.9401,77587.985,74990.8892,92220.8155,89539.1535,91283.1863,70600.2173,58256.0419,63241.4912,50669.9385,46835.9037,47340.2544,50749.336,41751.4411,42337.9081,41380.5979,46674.9457,32239.6613,37393.6198
Australia,Savanna fires,Emissions (CH4),kilotonnes,1773.8759,2152.9346,1905.0845,539.2445,1288.6352,474.8455,1231.823,1140.578,599.9511,720.6292,337.5535,2195.8994,2153.0723,558.4223,986.1056,924.1742,439.8707,1154.6231,1119.5327,652.9265,256.839
Australia,Savanna fires,Emissions (CH4),kilotonnes,377.8742,372.3924,375.3851,379.2288,336.4139,350.1166,380.1038,384.4927,328.3,320.5156,313.6601,294.0891,275.3774,283.0628,292.5353,259.7707,248.9305,246.4113,222.4757,210.1188,202.1139
Australia,Savanna fires,Emissions (N2O),kilotonnes,161.9626,196.5723,173.9425,49.2354,117.658,43.3555,112.4708,104.1397,54.7781,65.7966,30.8201,200.4952,196.5849,50.9864,90.0357,84.3811,40.1621,105.4221,102.2182,59.615,23.4505
Australia,Savanna fires,Emissions (N2O),kilotonnes,10.7496,10.5083,10.426,10.8131,9.106,9.2324,10.1459,10.383,8.9216,8.9477,9.0369,8.8736,8.4536,8.7746,9.0111,7.7385,7.2288,7.274,6.3435,5.9596,5.835
Australia,Savanna fires,Emissions (CO2eq) from CH4 (AR5),kilotonnes,49668.5258,60282.1698,53342.366,15098.8447,36081.7855,13295.673,34491.045,31936.1839,16798.6296,20177.6175,9451.4987,61485.1831,60286.0247,15635.8235,27610.9578,25876.8773,12316.3804,32329.4481,31346.9149,18281.9406,7191.4931
Australia,Savanna fires,Emissions (CO2eq) from CH4 (AR5),kilotonnes,10580.4774,10426.9885,10510.784,10618.4062,9419.5883,9803.2656,10642.9068,10765.7959,9192.4003,8974.4376,8782.4828,8234.4953,7710.5676,7925.7574,8190.9883,7273.5784,6970.0542,6899.5155,6229.3195,5883.3276,5659.188
Australia,Savanna fires,Emissions (CO2eq) from N2O (AR5),kilotonnes,42920.085,52091.6576,46094.7619,13047.3713,31179.369,11489.1957,29804.7617,27597.0284,14516.2071,17436.0934,8167.3277,53131.218,52094.9888,13511.3909,23859.469,22360.9972,10642.9592,27936.8601,27087.8232,15797.9813,6214.388
Australia,Savanna fires,Emissions (CO2eq) from N2O (AR5),kilotonnes,2848.6366,2784.6867,2762.8916,2865.4712,2413.1019,2446.5736,2688.6522,2751.49,2364.2283,2371.145,2394.7705,2351.505,2240.2172,2325.2778,2387.9478,2050.7031,1915.6396,1927.6134,1681.0284,1579.2932,1546.2837
Australia,Savanna fires,Emissions (CO2eq) (AR5),kilotonnes,92588.6108,112373.8273,99437.1279,28146.216,67261.1546,24784.8688,64295.8067,59533.2123,31314.8366,37613.7109,17618.8264,114616.4011,112381.0135,29147.2144,51470.4268,48237.8745,22959.3396,60266.3082,58434.738,34079.9219,13405.8811
Australia,Savanna fires,Emissions (CO2eq) (AR5),kilotonnes,13429.114,13211.6752,13273.6757,13483.8774,11832.6901,12249.8392,13331.5591,13517.2859,11556.6287,11345.5826,11177.2533,10586.0003,9950.7848,10251.0352,10578.936,9324.2815,8885.6938,8827.1289,7910.3478,7462.6208,7205.4717
Australia,Fires in organic soils,Emissions (CH4),kilotonnes,0,0,0,0,0,0,0,0,0,0,0,0,0,0,0,0,0,0,0,0,0
Australia,Fires in organic soils,Emissions (CO2),kilotonnes,0,0,0,0,0,0,0,0,0,0,0,0,0,0,0,0,0,0,0,0,0
Australia,Fires in organic soils,Emissions (CO2eq) from CH4 (AR5),kilotonnes,0,0,0,0,0,0,0,0,0,0,0,0,0,0,0,0,0,0,0,0,0
Australia,Fires in organic soils,Emissions (CO2eq) (AR5),kilotonnes,0,0,0,0,0,0,0,0,0,0,0,0,0,0,0,0,0,0,0,0,0
Australia,Forest fires,Emissions (CH4),kilotonnes,88.0945,42.8431,82.675,145.1051,14.5091,13.6329,111.5747,40.2889,9.0272,65.245,10.3842,20.7521,32.1011,54.4025,41.9968,26.0312,33.8845,21.4566,34.7825,386.1977,210.4629
Australia,Forest fires,Emissions (CH4),kilotonnes,243.5977,225.8592,242.3647,252.8147,243.7567,234.0093,256.4363,285.2577,327.4444,325.7511,318.9683,346.5507,308.3527,295.8955,312.0715,323.2514,295.1367,290.1483,241.8453,242.3317,214.2434
Australia,Forest fires,Emissions (N2O),kilotonnes,3.8255,3.9118,7.5486,13.2487,1.3247,1.2447,10.1873,3.6786,0.8242,5.9572,0.9481,1.8948,2.931,4.9672,3.8345,2.3768,3.0938,1.9591,3.1758,35.2615,19.2162
Australia,Forest fires,Emissions (N2O),kilotonnes,4.1208,3.8231,4.1316,4.1905,3.9903,3.8922,4.1706,4.405,5.0377,4.9945,4.9433,5.32,4.8751,4.6669,4.9685,4.9595,4.4371,4.388,3.7941,3.7992,3.4965
Australia,Forest fires,Emissions (CO2),kilotonnes,42.3201,126.1179,29.4082,34.0669,33.3752,75.5013,-2.3366,75.1952,73.4549,65.018,50.6607,89.3282,83.4748,181.8548,271.5682,297.3307,210.281,81.6538,757.3047,510.1461,585.4087
Australia,Forest fires,Emissions (CO2eq) from CH4 (AR5),kilotonnes,2466.6456,1199.6079,2314.899,4062.944,406.2537,381.7205,3124.0912,1128.0905,252.7614,1826.8601,290.7576,581.0588,898.8308,1523.2713,1175.9105,728.8724,948.7646,600.7837,973.9095,10813.5354,5892.9603
Australia,Forest fires,Emissions (CO2eq) from CH4 (AR5),kilotonnes,6820.7363,6324.0581,6786.2123,7078.8114,6825.1868,6552.2602,7180.2154,7987.217,9168.4434,9121.0307,8931.113,9703.4199,8633.8763,8285.0752,8738.0025,9051.0392,8263.8265,8124.153,6771.6684,6785.2863,5998.8163
Australia,Forest fires,Emissions (CO2eq) from N2O (AR5),kilotonnes,1013.7686,1036.6177,2000.3746,3510.9136,351.0562,329.8563,2699.6223,974.8173,218.4188,1578.6454,251.2525,502.1106,776.707,1316.3051,1016.1401,629.8409,819.8564,519.1555,841.5849,9344.305,5092.2864
Australia,Forest fires,Emissions (CO2eq) from N2O (AR5),kilotonnes,1092.0054,1013.1273,1094.8665,1110.4756,1057.439,1031.4247,1105.2147,1167.3288,1334.9879,1323.533,1309.9806,1409.7872,1291.9019,1236.7407,1316.6492,1314.2764,1175.8375,1162.8262,1005.4286,1006.7976,926.5848
Australia,Forest fires,Emissions (CO2eq) (AR5),kilotonnes,3480.4142,2236.2255,4315.2736,7573.8576,757.3099,711.5768,5823.7134,2102.9078,471.1802,3405.5055,542.0101,1083.1693,1675.5378,2839.5764,2192.0506,1358.7133,1768.621,1119.9392,1815.4944,20157.8404,10985.2467
Australia,Forest fires,Emissions (CO2eq) (AR5),kilotonnes,7955.0618,7463.3033,7910.487,8223.354,7916.001,7659.1862,8283.0935,9229.7409,10576.8862,10509.5816,10291.7543,11202.5352,10009.253,9703.6706,10326.2199,10662.6463,9649.9449,9368.6331,8534.4016,8302.2299,7510.8098
Australia,Fires in humid tropical forests,Emissions (CH4),kilotonnes,3.6162,1.6538,2.9635,2.0563,1.1774,3.3634,0.261,0.8174,1.5261,3.9598,0.0293,3.2859,4.1142,2.5591,3.52,2.0082,2.2238,1.5556,10.3417,1.6751,1.3607
Australia,Fires in humid tropical forests,Emissions (N2O),kilotonnes,0.1064,0.151,0.2706,0.1877,0.1075,0.3071,0.0238,0.0746,0.1393,0.3615,0.0027,0.3,0.3756,0.2337,0.3214,0.1834,0.203,0.142,0.9442,0.1529,0.1242
Australia,Fires in humid tropical forests,Emissions (CO2eq) from CH4 (AR5),kilotonnes,101.2539,46.3069,82.9784,57.576,32.967,94.1759,7.3081,22.8881,42.7311,110.8742,0.8206,92.006,115.1979,71.6558,98.5606,56.2296,62.2656,43.5573,289.5683,46.9024,38.1006
Australia,Fires in humid tropical forests,Emissions (CO2eq) from N2O (AR5),kilotonnes,28.1851,40.0152,71.7042,49.7532,28.4878,81.3803,6.3151,19.7783,36.9252,95.8098,0.7091,79.5052,99.546,61.92,85.1692,48.5897,53.8056,37.6392,250.2248,40.5298,32.9239
Australia,Fires in humid tropical forests,Emissions (CO2eq) (AR5),kilotonnes,129.439,86.3221,154.6826,107.3292,61.4548,175.5562,13.6232,42.6664,79.6563,206.684,1.5297,171.5113,214.7438,133.5757,183.7297,104.8192,116.0712,81.1965,539.7931,87.4322,71.0245
Australia,Waste - agri-food systems,Emissions (CH4),kilotonnes,152.1614,153.064,156.8083,158.4227,160.6338,163.0344,165.0176,166.0184,167.489,169.3521,170.6045,171.986,175.3987,179.1679,175.1806,171.9894,172.9078,173.5115,174.9117,175.5212,175.9847
Australia,Waste - agri-food systems,Emissions (N2O),kilotonnes,1.0365,1.0483,1.0922,1.138,1.0824,1.1282,1.1478,1.1934,1.1981,1.1999,1.2308,1.2773,1.2958,1.3522,1.3487,1.3726,1.3911,1.4171,1.4494,1.4756,1.4992
Australia,Waste - agri-food systems,Emissions (CO2),kilotonnes,129.6127,129.1674,129.3709,130.182,131.5051,132.1046,132.4573,133.102,134.1269,133.5051,134.5338,135.4898,135.9792,136.0718,135.7251,135.3227,134.7771,135.2371,135.5948,135.4691,135.2406
Australia,Waste - agri-food systems,Emissions (CO2eq) from CH4 (AR5),kilotonnes,4260.5205,4285.7915,4390.6315,4435.8356,4497.7468,4564.9636,4620.4915,4648.5138,4689.691,4741.8586,4776.927,4815.6072,4911.1642,5016.7009,4905.0568,4815.7022,4841.4171,4858.3231,4897.529,4914.5944,4927.5704
Australia,Waste - agri-food systems,Emissions (CO2eq) from N2O (AR5),kilotonnes,274.6685,277.8083,289.4199,301.5679,286.8239,298.9705,304.1767,316.2521,317.5049,317.968,326.1694,338.485,343.3865,358.3251,357.4175,363.7456,368.6464,375.5444,384.0857,391.0312,397.2991
Australia,Waste - agri-food systems,Emissions (CO2eq) (AR5),kilotonnes,4664.8017,4692.7672,4809.4224,4867.5855,4916.0759,4996.0387,5057.1255,5097.8679,5141.3227,5193.3317,5237.6302,5289.582,5390.5299,5511.0977,5398.1994,5314.7705,5344.8406,5369.1046,5417.2094,5441.0947,5460.1101
Australia,Fertilizers Manufacturing,Emissions (CO2),kilotonnes,1152.5299,1033.0921,916.3147,970.1991,440.2422,456.3813,533.1813,274.7342,152.16,29.0658,0,0,0,0,0,0,0,0,0,0,0
Australia,Fertilizers Manufacturing,Emissions (CO2eq) (AR5),kilotonnes,1152.5299,1033.0921,916.3147,970.1991,440.2422,456.3813,533.1813,274.7342,152.16,29.0658,0,0,0,0,0,0,0,0,0,0,0
Australia,On-farm electricity use,Emissions (CH4),kilotonnes,3.4594,3.4966,1.9859,3.2879,3.1955,2.8739,2.9987,3.0755,3.0263,2.7719,2.8019,2.6795,2.7851,2.6687,2.9531,3.0634,2.1071,2.3663,2.5451,2.4635,2.4635
Australia,On-farm electricity use,Emissions (N2O),kilotonnes,0.0185,0.0187,0.0106,0.0176,0.0171,0.0153,0.016,0.0164,0.0162,0.0148,0.0149,0.0143,0.0148,0.0143,0.0158,0.0163,0.0113,0.0126,0.0136,0.0132,0.0132
Australia,On-farm electricity use,Emissions (CO2),kilotonnes,2411.4242,2379.6158,1447.8903,2276.7772,2244.7892,2064.5587,2150.5082,2179.2966,2144.6836,2013.809,1886.903,1760.7035,1854.2513,1860.2474,2058.4841,2135.4369,1468.7924,1649.464,1774.0938,1717.2158,1717.2158
Australia,On-farm electricity use,Emissions (CO2eq) from CH4 (AR5),kilotonnes,96.8632,97.9048,55.6052,92.0612,89.474,80.4692,83.9636,86.114,84.7364,77.6132,78.4532,75.026,77.9828,74.7236,82.6868,85.7752,58.9988,66.2564,71.2628,68.978,68.978
Australia,On-farm electricity use,Emissions (CO2eq) from N2O (AR5),kilotonnes,4.9025,4.9555,2.809,4.664,4.5315,4.0545,4.24,4.346,4.293,3.922,3.9485,3.7895,3.922,3.7895,4.187,4.3195,2.9945,3.339,3.604,3.498,3.498
Australia,On-farm electricity use,Emissions (CO2eq) (AR5),kilotonnes,2513.1899,2482.4761,1506.3045,2373.5024,2338.7947,2149.0824,2238.7118,2269.7566,2233.713,2095.3442,1969.3047,1839.519,1936.1561,1938.7605,2145.3579,2225.5316,1530.7857,1719.0594,1848.9606,1789.6918,1789.6918
Australia,Food Processing,Emissions (CH4),kilotonnes,7.0024,6.9272,7.775,6.6773,6.7786,6.561,6.7612,6.9441,6.9883,6.6665,6.7569,6.9443,7.1299,7.1351,7.3674,7.6134,7.7315,7.1613,7.1034,7.1034,7.1572
Australia,Food Processing,Emissions (N2O),kilotonnes,0.0784,0.0792,0.0618,0.08,0.0755,0.0789,0.0797,0.08,0.0819,0.0797,0.0775,0.0816,0.075,0.0757,0.0759,0.0742,0.0755,0.0693,0.0676,0.0676,0.0671
Australia,Food Processing,Emissions (CO2),kilotonnes,9097.8552,9065.4647,8165.4158,8849.9798,8711.6212,9002.058,9092.7727,9122.6348,9261.5047,9176.2529,8711.9298,9104.3644,8947.8675,9137.2716,9249.8893,9345.3505,9405.9157,8686.837,8588.6927,8588.6927,7986.7897
Australia,Food Processing,Emissions (CO2eq) from CH4 (AR5),kilotonnes,196.0672,193.9616,217.7,186.9644,189.8008,183.708,189.3136,194.4348,195.6724,186.662,189.1932,194.4404,199.6372,199.7828,206.2872,213.1752,216.482,200.5164,198.8952,198.8952,200.402
Australia,Food Processing,Emissions (CO2eq) from N2O (AR5),kilotonnes,20.776,20.988,16.377,21.2,20.0075,20.9085,21.1205,21.2,21.7035,21.1205,20.5375,21.624,19.875,20.0605,20.1135,19.663,20.0075,18.3645,17.914,17.914,17.7842
Australia,Food Processing,Emissions (CO2eq) (AR5),kilotonnes,9314.6984,9280.4143,8399.4928,9058.1442,8921.4295,9206.6745,9303.2068,9338.2696,9478.8806,9384.0354,8921.6605,9320.4288,9167.3797,9357.1149,9476.29,9578.1887,9642.4052,8905.7179,8805.5019,8805.5019,8204.9759
Australia,Food Packaging,Emissions (CH4),kilotonnes,8.5345,8.7836,9.1038,7.9347,7.9646,8.191,8.1221,9.3389,9.2196,10.7303,14.9687,6.8725,4.9904,4.973,4.8357,4.4597,4.3682,4.1587,4.2291,6.6705,6.721
Australia,Food Packaging,Emissions (N2O),kilotonnes,0.079,0.0733,0.0735,0.0651,0.0658,0.0688,0.0686,0.0775,0.0789,0.089,0.1192,0.0542,0.0399,0.0415,0.0411,0.0381,0.0403,0.0401,0.0411,0.0532,0.0528
Australia,Food Packaging,Emissions (CO2),kilotonnes,9602.0781,9135.3926,9541.7915,8375.7013,8549.0927,9028.676,9019.6859,10130.5503,10158.7689,11592.9553,14758.2667,6760.2369,5065.6228,5347.2727,5251.396,4797.9151,4838.4763,4738.9156,4813.2473,6914.9409,6430.3359
Australia,Food Packaging,Emissions (CO2eq) from CH4 (AR5),kilotonnes,238.966,245.9408,254.9064,222.1716,223.0088,229.348,227.4188,261.4892,258.1488,300.4484,419.1236,192.43,139.7312,139.244,135.3996,124.8716,122.3096,116.4436,118.4148,186.774,188.189
Australia,Food Packaging,Emissions (CO2eq) from N2O (AR5),kilotonnes,20.935,19.4245,19.4775,17.2515,17.437,18.232,18.179,20.5375,20.9085,23.585,31.588,14.363,10.5735,10.9975,10.8915,10.0965,10.6795,10.6265,10.8915,14.098,13.9958
Australia,Food Packaging,Emissions (CO2eq) (AR5),kilotonnes,9861.9791,9400.7579,9816.1754,8615.1244,8789.5385,9276.256,9265.2837,10412.577,10437.8262,11916.9887,15208.9783,6967.0299,5215.9275,5497.5142,5397.6871,4932.8832,4971.4654,4865.9857,4942.5536,7115.8129,6632.5207
Australia,Food Retail,Emissions (CH4),kilotonnes,4.0145,3.9487,4.6501,5.1211,5.2463,5.2406,5.3013,5.6599,5.7242,5.8824,5.876,5.91,5.8637,6.0584,6.0891,6.4558,6.4758,6.6409,6.7459,7.1553,7.2095
Australia,Food Retail,Emissions (N2O),kilotonnes,0.0224,0.0222,0.0263,0.0291,0.0297,0.0296,0.03,0.0319,0.0323,0.0331,0.033,0.0333,0.0329,0.034,0.0343,0.0363,0.0365,0.0375,0.0381,0.0401,0.0398
Australia,Food Retail,Emissions (CO2),kilotonnes,3108.9292,3010.7642,3713.6314,3884.5824,4027.1502,4110.5156,4152.1665,4362.0927,4412.4485,4643.5136,4330.5662,4269.3282,4291.242,4615.3155,4664.6016,4931.0188,4957.6585,5090.6807,5181.5135,5434.8287,5053.9512
Australia,Food Retail,Emissions (CO2eq) from F-gases (AR5),kilotonnes,2785.559,3337.7875,3871.314,4369.5145,4881.7415,5556.572,6095.813,6635.054,6999.2235,7349.3665,7708.341,8091.2125,8124.98,8157.7085,8157.7085,8157.7085,9090.7305,9387.8845,9685.0385,9981.673,10110.4688
Australia,Food Retail,Emissions (CO2eq) from CH4 (AR5),kilotonnes,112.406,110.5636,130.2028,143.3908,146.8964,146.7368,148.4364,158.4772,160.2776,164.7072,164.528,165.48,164.1836,169.6352,170.4948,180.7624,181.3224,185.9452,188.8852,200.3484,201.8662
Australia,Food Retail,Emissions (CO2eq) from N2O (AR5),kilotonnes,5.936,5.883,6.9695,7.7115,7.8705,7.844,7.95,8.4535,8.5595,8.7715,8.745,8.8245,8.7185,9.01,9.0895,9.6195,9.6725,9.9375,10.0965,10.6265,10.5495
Australia,Food Retail,Emissions (CO2eq) (AR5),kilotonnes,6012.8302,6464.9983,7722.1177,8405.1992,9063.6586,9821.6684,10404.3659,11164.0774,11580.5091,12166.3588,12212.1802,12534.8452,12589.1241,12951.6692,13001.8944,13279.1092,14239.3839,14674.4479,15065.5337,15627.4766,15376.8357
Australia,Food Household Consumption,Emissions (CH4),kilotonnes,8.942,9.1001,9.402,9.804,10.1734,10.0538,10.2051,10.5178,10.6456,11.004,11.1122,11.4564,11.2653,11.0994,10.6482,10.8764,10.8641,10.8707,10.8746,10.8746,10.957
Australia,Food Household Consumption,Emissions (N2O),kilotonnes,0.0496,0.0505,0.052,0.0543,0.0562,0.0553,0.0562,0.0579,0.0588,0.0607,0.0613,0.0633,0.0621,0.0614,0.059,0.0603,0.0602,0.0602,0.0602,0.0602,0.0598
Australia,Food Household Consumption,Emissions (CO2),kilotonnes,7309.1959,7289.1683,7970.8523,7917.5289,8264.0488,8362.7212,8480.4711,8652.2246,8750.6763,9267.3295,8783.8661,8868.3394,8858.2872,9126.2416,8842.2357,9023.824,9054.7285,9040.7808,9043.571,9043.571,8409.7897
Australia,Food Household Consumption,Emissions (CO2eq) from CH4 (AR5),kilotonnes,250.376,254.8028,263.256,274.512,284.8552,281.5064,285.7428,294.4984,298.0768,308.112,311.1416,320.7792,315.4284,310.7832,298.1496,304.5392,304.1948,304.3796,304.4888,304.4888,306.7955
Australia,Food Household Consumption,Emissions (CO2eq) from N2O (AR5),kilotonnes,13.144,13.3825,13.78,14.3895,14.893,14.6545,14.893,15.3435,15.582,16.0855,16.2445,16.7745,16.4565,16.271,15.635,15.9795,15.953,15.953,15.953,15.953,15.8374
Australia,Food Household Consumption,Emissions (CO2eq) (AR5),kilotonnes,7572.7159,7557.3536,8247.8883,8206.4304,8563.797,8658.8821,8781.1069,8962.0665,9064.3351,9591.527,9111.2522,9205.8931,9190.1721,9453.2958,9156.0203,9344.3427,9374.8763,9361.1134,9364.0128,9364.0128,8732.4227
Australia,Food Transport,Emissions (CH4),kilotonnes,1.5233,1.4241,1.3197,1.2494,1.195,1.0552,1.1508,1.0579,1.0342,0.9298,0.9886,0.9876,0.9769,0.9781,0.9739,0.9835,0.9474,0.8948,0.9166,0.5668,0.5711
Australia,Food Transport,Emissions (N2O),kilotonnes,0.4706,0.4608,0.4575,0.4691,0.5021,0.4969,0.4675,0.4588,0.459,0.4428,0.4213,0.4282,0.4399,0.4519,0.452,0.4684,0.4759,0.4924,0.5038,0.5224,0.5186
Australia,Food Transport,Emissions (CO2),kilotonnes,7632.8,7493.95,7740.7,7782.3,8196.45,8209.45,8242.65,8437.5,8559.05,8494.8,8776.25,8948.1,9010.65,9121.7,9128.95,9363.65,9472.3,9714.15,9950.45,9921.0844,9225.8062
Australia,Food Transport,Emissions (CO2eq) from CH4 (AR5),kilotonnes,42.6524,39.8748,36.9516,34.9832,33.46,29.5456,32.2224,29.6212,28.9576,26.0344,27.6808,27.6528,27.3532,27.3868,27.2692,27.538,26.5272,25.0544,25.6648,15.8704,15.9906
Australia,Food Transport,Emissions (CO2eq) from N2O (AR5),kilotonnes,124.709,122.112,121.2375,124.3115,133.0565,131.6785,123.8875,121.582,121.635,117.342,111.6445,113.473,116.5735,119.7535,119.78,124.126,126.1135,130.486,133.507,138.436,137.4328
Australia,Food Transport,Emissions (CO2eq) (AR5),kilotonnes,7800.1614,7655.9368,7898.8891,7941.5947,8362.9665,8370.6741,8398.7599,8588.7032,8709.6426,8638.1764,8915.5753,9089.2258,9154.5767,9268.8403,9275.9992,9515.314,9624.9407,9869.6904,10109.6218,10075.3908,9379.2297
Australia,Energy,Emissions (CH4),kilotonnes,1230,1320,1350,1330,1340,1400,1410,1460,1450,1490,1610,1550,1590,1350,1340,1520,1440,1340,1370,1320,1330
Australia,Energy,Emissions (N2O),kilotonnes,10.6,10.7,11.1,12,12.6,13,12.4,12.3,12.4,12.3,12.1,12.2,12.7,13,12.8,13.1,13.5,14,14.1,13.8,13.7
Australia,Energy,Emissions (CO2),kilotonnes,328000,323000,340000,334000,341000,348000,363000,370000,383000,392000,392000,390000,384000,373000,363000,367000,370000,367000,366000,371000,345000
Australia,Energy,Emissions (CO2eq) from CH4 (AR5),kilotonnes,34440,36960,37800,37240,37520,39200,39480,40880,40600,41720,45080,43400,44520,37800,37520,42560,40320,37520,38360,36960,37240
Australia,Energy,Emissions (CO2eq) from N2O (AR5),kilotonnes,2809,2835.5,2941.5,3180,3339,3445,3286,3259.5,3286,3259.5,3206.5,3233,3365.5,3445,3392,3471.5,3577.5,3710,3736.5,3657,3630.5
Australia,Energy,Emissions (CO2eq) (AR5),kilotonnes,365249,362795.5,380741.5,374420,381859,390645,405766,414139.5,426886,436979.5,440286.5,436633,431885.5,414245,403912,413031.5,413897.5,408230,408096.5,411617,385870.5
Australia,IPPU,Emissions (CH4),kilotonnes,0.988,0.974,1.04,1.05,1.06,1.11,1.12,1.12,1.12,0.908,1.08,1.02,0.817,0.874,0.902,0.918,0.935,0.973,1.02,0.996,0.99
Australia,IPPU,Emissions (N2O),kilotonnes,5.29,6.39,6.89,7.23,7.3,8.21,8.73,9.44,10.3,11.5,12.1,11.9,12.1,12.5,13.7,14.4,14.4,14.5,17.2,21,18.4
Australia,IPPU,Emissions (CO2),kilotonnes,12100,12400,12500,13000,12900,12900,14000,14100,14000,13500,13700,13500,13100,12900,12700,12600,12500,12400,12300,12000,11800
Australia,IPPU,Emissions (CO2eq) from F-gases (AR5),kilotonnes,4285.4377,4625.5518,5023.9712,5607.0239,6209.5118,6802.2821,7579.6857,8191.8911,8794.379,9338.5615,9649.523,10592.125,11078.0022,11369.5286,12244.1077,12924.336,13507.3887,13798.9151,13798.9151,15062.196,15256.547
Australia,IPPU,Emissions (CO2eq) from CH4 (AR5),kilotonnes,27.664,27.272,29.12,29.4,29.68,31.08,31.36,31.36,31.36,25.424,30.24,28.56,22.876,24.472,25.256,25.704,26.18,27.244,28.56,27.888,27.72
Australia,IPPU,Emissions (CO2eq) from N2O (AR5),kilotonnes,1401.85,1693.35,1825.85,1915.95,1934.5,2175.65,2313.45,2501.6,2729.5,3047.5,3206.5,3153.5,3206.5,3312.5,3630.5,3816,3816,3842.5,4558,5565,4876
Australia,IPPU,Emissions (CO2eq) (AR5),kilotonnes,17814.9517,18746.1738,19378.9412,20552.3739,21073.6918,21909.0121,23924.4957,24824.8511,25555.239,25911.4855,26586.263,27274.185,27407.3782,27606.5006,28599.8637,29366.04,29849.5687,30068.6591,30685.4751,32655.084,31960.267
Australia,Waste,Emissions (CH4),kilotonnes,581,586,598,561,543,539,532,545,566,561,576,563,514,514,488,470,483,480,489,474,468
Australia,Waste,Emissions (N2O),kilotonnes,1.89,1.97,2.03,2.13,2.21,2.28,2.35,2.46,2.58,2.65,2.81,3.05,3.11,3.17,3.23,3.29,3.37,3.42,3.36,3.41,3.5
Australia,Waste,Emissions (CO2),kilotonnes,13.5,13.6,13.7,13.8,13.9,14,14.2,14.4,14.8,15.1,14.9,15,15.1,15.4,15.7,15.5,15.6,15.7,6.02,6.01,6.03
Australia,Waste,Emissions (CO2eq) from CH4 (AR5),kilotonnes,16268,16408,16744,15708,15204,15092,14896,15260,15848,15708,16128,15764,14392,14392,13664,13160,13524,13440,13692,13272,13104
Australia,Waste,Emissions (CO2eq) from N2O (AR5),kilotonnes,500.85,522.05,537.95,564.45,585.65,604.2,622.75,651.9,683.7,702.25,744.65,808.25,824.15,840.05,855.95,871.85,893.05,906.3,890.4,903.65,927.5
Australia,Waste,Emissions (CO2eq) (AR5),kilotonnes,16782.35,16943.65,17295.65,16286.25,15803.55,15710.2,15532.95,15926.3,16546.5,16425.35,16887.55,16587.25,15231.25,15247.45,14535.65,14047.35,14432.65,14362,14588.42,14181.66,14037.53
Australia,Other,Emissions (CH4),kilotonnes,0.6,0.6,0.6,0.6,0.6,0.6,0.6,0.6,0.6,0.6,0.6,0.6,0.6,0.6,0.6,0.6,0.6,0.6,0.6,0.6,0.6
Australia,Other,Emissions (N2O),kilotonnes,6.13,6.18,6.21,5.87,5.99,5.97,5.96,6.05,6.2,6.24,6.27,6.27,6.28,6.34,6.2,6.38,6.42,6.36,6.34,6.47,6.5
Australia,Other,Emissions (CO2),kilotonnes,189,189,189,189,189,189,189,189,189,189,189,189,189,189,189,189,189,189,189,189,189
Australia,Other,Emissions (CO2eq) from CH4 (AR5),kilotonnes,16.8,16.8,16.8,16.8,16.8,16.8,16.8,16.8,16.8,16.8,16.8,16.8,16.8,16.8,16.8,16.8,16.8,16.8,16.8,16.8,16.8
Australia,Other,Emissions (CO2eq) from N2O (AR5),kilotonnes,1624.45,1637.7,1645.65,1555.55,1587.35,1582.05,1579.4,1603.25,1643,1653.6,1661.55,1661.55,1664.2,1680.1,1643,1690.7,1701.3,1685.4,1680.1,1714.55,1722.5
Australia,Other,Emissions (CO2eq) (AR5),kilotonnes,1830.25,1843.5,1851.45,1761.35,1793.15,1787.85,1785.2,1809.05,1848.8,1859.4,1867.35,1867.35,1870,1885.9,1848.8,1896.5,1907.1,1891.2,1885.9,1920.35,1928.3
Australia,Farm-gate emissions,Emissions (CH4),kilotonnes,4702.9452,5045.6629,4759.8231,3220.7329,4044.4635,3241.6417,3968.3889,3773.6302,3100.2115,3228.9407,2731.719,4760.8911,4739.7886,3207.0909,3587.7344,3406.3735,2721.4983,3567.8699,3523.7713,2888.6654,2396.5191
Australia,Farm-gate emissions,Direct emissions (N2O),kilotonnes,110.3954,109.7098,108.3454,99.654,108.2177,105.8604,103.3641,96.732,94.0002,95.6239,93.9359,101.6478,103.1316,104.9836,107.1507,101.774,98.6406,105.2929,100.7948,94.6035,91.1562
Australia,Farm-gate emissions,Indirect emissions (N2O),kilotonnes,33.8101,33.3279,32.6573,30.1987,32.4552,31.7725,30.4471,28.5637,27.3794,27.5445,27.0826,29.3063,29.7977,30.4071,31.0033,29.5392,28.9217,30.7289,29.4632,27.7241,26.8068
Australia,Farm-gate emissions,Emissions (N2O),kilotonnes,315.5157,349.0261,324.5812,188.8699,268.3073,191.1561,256.447,239.4843,186.0753,199.0091,161.6845,341.5961,339.6873,196.7121,238.4738,225.7364,177.4151,251.6268,242.7182,191.9617,151.1355
Australia,Farm-gate emissions,Emissions (CO2),kilotonnes,8019.4855,7940.0954,8333.2991,9497.1971,9745.1132,10238.3282,10377.9807,10611.999,10888.9185,10621.5267,11079.0461,10608.1358,10495.5823,10300.1048,9862.9102,9762.848,10063.4864,10513.8183,10601.7858,10841.3147,10841.1206
Australia,Farm-gate emissions,Emissions (CO2eq) from CH4 (AR5),kilotonnes,131682.4644,141278.56,133275.048,90180.5221,113244.977,90765.9677,111114.8896,105661.6443,86805.9227,90410.3401,76488.1319,133304.9519,132714.0814,89798.5456,100456.5625,95378.4584,76201.9519,99900.3573,98665.5963,80882.6311,67102.5337
Australia,Farm-gate emissions,Emissions (CO2eq) from N2O (AR5),kilotonnes,83611.6622,92491.9217,86014.0311,50050.528,71101.4411,50656.3767,67958.4489,63463.3483,49309.9464,52737.4139,42846.3905,90522.9659,90017.1359,52128.7003,63195.5509,59820.136,47015.0067,66681.1128,64320.3297,50869.849,40050.9073
Australia,Farm-gate emissions,Emissions (CO2eq) (AR5),kilotonnes,223313.6121,241710.5772,227622.3783,149728.2472,194091.5313,151660.6726,189451.3192,179736.9916,147004.7876,153769.2807,130413.5684,234436.0535,233226.7996,152227.3507,173515.0236,164961.4424,133280.4451,177095.2884,173587.7118,142593.7947,117994.5616
Australia,Land Use change,Emissions (CH4),kilotonnes,3.6162,1.6538,2.9635,2.0563,1.1774,3.3634,0.261,0.8174,1.5261,3.9598,0.0293,3.2859,4.1142,2.5591,3.52,2.0082,2.2238,1.5556,10.3417,1.6751,1.3607
Australia,Land Use change,Emissions (N2O),kilotonnes,0.1064,0.151,0.2706,0.1877,0.1075,0.3071,0.0238,0.0746,0.1393,0.3615,0.0027,0.3,0.3756,0.2337,0.3214,0.1834,0.203,0.142,0.9442,0.1529,0.1242
Australia,Land Use change,Emissions (CO2),kilotonnes,58561.2819,68313.3939,68313.3939,68313.3939,68313.3939,68313.3939,68313.3939,68313.3939,68313.3939,68313.3939,68313.3939,0,0,0,0,0,1256.3833,1256.3833,1256.3833,1256.3833,1256.3833
Australia,Land Use change,Emissions (CO2eq) from CH4 (AR5),kilotonnes,101.2539,46.3069,82.9784,57.576,32.967,94.1759,7.3081,22.8881,42.7311,110.8742,0.8206,92.006,115.1979,71.6558,98.5606,56.2296,62.2656,43.5573,289.5683,46.9024,38.1006
Australia,Land Use change,Emissions (CO2eq) from N2O (AR5),kilotonnes,28.1851,40.0152,71.7042,49.7532,28.4878,81.3803,6.3151,19.7783,36.9252,95.8098,0.7091,79.5052,99.546,61.92,85.1692,48.5897,53.8056,37.6392,250.2248,40.5298,32.9239
Australia,Land Use change,Emissions (CO2eq) (AR5),kilotonnes,58690.7209,68399.716,68468.0765,68420.7231,68374.8486,68488.95,68327.0171,68356.0603,68393.0502,68520.0779,68314.9235,171.5113,214.7438,133.5757,183.7297,104.8192,1372.4545,1337.5798,1796.1764,1343.8156,1327.4078
Australia,Emissions on agricultural land,Emissions (CH4),kilotonnes,4706.5614,5047.3167,4762.7867,3222.7892,4045.6409,3245.0051,3968.6499,3774.4476,3101.7376,3232.9005,2731.7483,4764.1771,4743.9028,3209.65,3591.2544,3408.3817,2723.7221,3569.4255,3534.113,2890.3405,2397.8798
Australia,Emissions on agricultural land,Emissions (N2O),kilotonnes,315.6221,349.1771,324.8518,189.0577,268.4148,191.4632,256.4708,239.559,186.2146,199.3707,161.6872,341.8961,340.063,196.9457,238.7952,225.9197,177.6182,251.7689,243.6625,192.1146,151.2597
Australia,Emissions on agricultural land,Emissions (CO2),kilotonnes,66580.7674,76253.4893,76646.693,77810.591,78058.5071,78551.7221,78691.3746,78925.3929,79202.3123,78934.9205,79392.4399,10608.1358,10495.5823,10300.1048,9862.9102,9762.848,11319.8697,11770.2016,11858.1691,12097.698,12097.5039
Australia,Emissions on agricultural land,Emissions (CO2eq) from CH4 (AR5),kilotonnes,131783.7183,141324.8669,133358.0265,90238.0981,113277.944,90860.1436,111122.1977,105684.5324,86848.6538,90521.2144,76488.9525,133396.9579,132829.2792,89870.2014,100555.123,95434.688,76264.2175,99943.9146,98955.1646,80929.5335,67140.6343
Australia,Emissions on agricultural land,Emissions (CO2eq) from N2O (AR5),kilotonnes,83639.8473,92531.9369,86085.7353,50100.2812,71129.9289,50737.757,67964.764,63483.1266,49346.8717,52833.2237,42847.0996,90602.4711,90116.6819,52190.6203,63280.7201,59868.7256,47068.8123,66718.752,64570.5545,50910.3788,40083.8312
Australia,Emissions on agricultural land,Emissions (CO2eq) (AR5),kilotonnes,282004.333,310110.2931,296090.4548,218148.9704,262466.3799,220149.6226,257778.3362,248093.0519,215397.8378,222289.3586,198728.4919,234607.5648,233441.5434,152360.9265,173698.7533,165066.2616,134652.8996,178432.8682,175383.8882,143937.6103,119321.9694
Australia,Pre- and post- production,Emissions (CH4),kilotonnes,185.6375,186.7443,191.0448,192.4971,195.1872,197.0099,199.5568,202.6125,204.1272,207.337,213.1088,206.8363,208.41,212.0806,208.048,205.4416,205.4019,205.6042,207.3264,210.3553,211.064
Australia,Pre- and post- production,Emissions (N2O),kilotonnes,1.755,1.753,1.7739,1.8532,1.8288,1.873,1.8658,1.9159,1.9252,1.92,1.958,1.9522,1.9604,2.031,2.0268,2.0662,2.0908,2.1292,2.1738,2.2323,2.2506
Australia,Pre- and post- production,Emissions (CO2),kilotonnes,40444.4252,39536.6151,39625.9669,40187.2507,40564.8994,41366.4654,41803.893,43292.1352,43573.4189,45351.2312,47382.3156,39846.5622,38163.9,39344.1206,39331.2818,39732.518,39332.6485,39056.0652,39487.1631,41755.8026,38959.1292
Australia,Pre- and post- production,Emissions (CO2eq) from F-gases (AR5),kilotonnes,2785.559,3337.7875,3871.314,4369.5145,4881.7415,5556.572,6095.813,6635.054,6999.2235,7349.3665,7708.341,8091.2125,8124.98,8157.7085,8157.7085,8157.7085,9090.7305,9387.8845,9685.0385,9981.673,10110.4688
Australia,Pre- and post- production,Emissions (CO2eq) from CH4 (AR5),kilotonnes,5197.8513,5228.8399,5349.2535,5389.9188,5465.242,5516.2776,5587.5891,5673.1486,5715.5606,5805.4358,5967.0474,5791.4156,5835.4806,5938.2565,5825.344,5752.3638,5751.2519,5756.9187,5805.1406,5889.9492,5909.7917
Australia,Pre- and post- production,Emissions (CO2eq) from N2O (AR5),kilotonnes,465.071,464.5538,470.0704,491.0959,484.6199,496.3425,494.4467,507.7146,510.1864,508.7945,518.8774,517.3335,519.5055,538.2071,537.114,547.5496,554.0669,564.2509,576.0517,591.5567,596.3968
Australia,Pre- and post- production,Emissions (CO2eq) (AR5),kilotonnes,48892.9065,48567.7963,49316.6049,50437.7799,51396.5029,52935.6575,53981.7418,56108.0524,56798.3893,59014.828,61576.5814,54246.5238,52643.8661,53978.2926,53851.4483,54190.1399,54728.6978,54765.1193,55553.3938,58218.9815,55575.7865
Australia,Agri-food systems,Emissions (CH4),kilotonnes,4892.1989,5234.061,4953.8314,3415.2863,4240.8281,3442.015,4168.2067,3977.06,3305.8648,3440.2375,2944.8571,4971.0133,4952.3129,3421.7306,3799.3024,3613.8233,2929.1239,3775.0298,3741.4395,3100.6958,2608.9438
Australia,Agri-food systems,Emissions (N2O),kilotonnes,317.3771,350.9302,326.6257,190.9109,270.2436,193.3362,258.3366,241.4749,188.1398,201.2906,163.6452,343.8483,342.0233,198.9767,240.822,227.9859,179.709,253.8981,245.8362,194.3469,153.5103
Australia,Agri-food systems,Emissions (CO2),kilotonnes,107025.1926,115790.1044,116272.6599,117997.8417,118623.4064,119918.1875,120495.2676,122217.528,122775.7312,124286.1517,126774.7556,50454.6979,48659.4823,49644.2254,49194.1921,49495.366,50652.5182,50826.2668,51345.3321,53853.5006,51056.6332
Australia,Agri-food systems,Emissions (CO2eq) from F-gases (AR5),kilotonnes,2785.559,3337.7875,3871.314,4369.5145,4881.7415,5556.572,6095.813,6635.054,6999.2235,7349.3665,7708.341,8091.2125,8124.98,8157.7085,8157.7085,8157.7085,9090.7305,9387.8845,9685.0385,9981.673,10110.4688
Australia,Agri-food systems,Emissions (CO2eq) from CH4 (AR5),kilotonnes,136981.5696,146553.7069,138707.28,95628.0169,118743.186,96376.4212,116709.7867,111357.681,92564.2143,96326.6502,82455.9998,139188.3735,138664.7598,95808.4578,106380.467,101187.0518,82015.4694,105700.8333,104760.3052,86819.4826,73050.4259
Australia,Agri-food systems,Emissions (CO2eq) from N2O (AR5),kilotonnes,84104.9184,92996.4907,86555.8058,50591.3771,71614.5488,51234.0994,68459.2107,63990.8412,49857.058,53342.0182,43365.977,91119.8047,90636.1874,52728.8273,63817.8341,60416.2753,47622.8793,67283.0029,65146.6062,51501.9355,40680.228
Australia,Agri-food systems,Emissions (CO2eq) (AR5),kilotonnes,330897.2395,358678.0894,345407.0597,268586.7502,313862.8828,273085.2802,311760.078,304201.1043,272196.2271,281304.1866,260305.0734,288854.0886,286085.4095,206339.219,227550.2016,219256.4015,189381.5974,233197.9876,230937.282,202156.5918,174897.7559
Australia,IPCC Agriculture,Emissions (CH4),kilotonnes,4701.4779,5044.3689,4758.7623,3219.576,4043.2778,3240.4993,3966.9505,3772.084,3098.627,3227.4389,2730.1988,4759.6056,4738.5812,3205.8974,3586.6021,3405.2477,2720.3299,3566.6709,3522.5165,2887.3745,2395.2282
Australia,IPCC Agriculture,Emissions (CH4),kilotonnes,2666.0313,2628.7135,2613.1837,2462.881,2535.1098,2568.4417,2513.7575,2427.3665,2331.0684,2315.562,2219.2582,2352.2994,2397.1704,2413.1196,2389.9402,2296.354,2249.5778,2334.278,2335.5175,2167.169,2079.9478
Australia,IPCC Agriculture,Direct emissions (N2O),kilotonnes,110.3954,109.7098,108.3454,99.654,108.2177,105.8604,103.3641,96.732,94.0002,95.6239,93.9359,101.6478,103.1316,104.9836,107.1507,101.774,98.6406,105.2929,100.7948,94.6035,91.1562
Australia,IPCC Agriculture,Indirect emissions (N2O),kilotonnes,33.8101,33.3279,32.6573,30.1987,32.4552,31.7725,30.4471,28.5637,27.3794,27.5445,27.0826,29.3063,29.7977,30.4071,31.0033,29.5392,28.9217,30.7289,29.4632,27.7241,26.8068
Australia,IPCC Agriculture,Emissions (N2O),kilotonnes,313.8869,347.3925,322.7437,186.6077,266.0454,188.7629,254.2376,237.3114,183.8771,196.823,159.4509,339.4137,337.4758,194.4755,236.2649,223.4024,174.9409,248.9664,240.0203,189.1653,148.3391
Australia,IPCC Agriculture,Emissions (N2O),kilotonnes,46.6647,46.0661,46.5534,40.8307,46.1611,45.6334,45.5291,39.647,39.4455,41.3852,40.6491,44.7808,46.3278,45.6405,47.6181,45.6961,46.0978,51.4556,47.2689,43.316,43.7435
Australia,IPCC Agriculture,Emissions (CO2),kilotonnes,1701.1214,1818.6434,1930.4128,1925.9237,2035.0701,1963.4524,1829.6911,1815.7873,1830.3825,1943.1837,2189.1388,2200.5508,2045.0737,2038.1124,2490.9097,2532.9696,2663.2503,2861.7397,2674.7142,2665.3845,2796.5452
Australia,IPCC Agriculture,Emissions (CO2eq) from CH4 (AR5),kilotonnes,131641.381,141242.3287,133245.3438,90148.1276,113211.7775,90733.9808,111074.615,105618.352,86761.5547,90368.29,76445.5674,133268.9554,132680.2726,89765.1274,100424.8585,95346.9345,76169.2379,99866.7864,98630.462,80846.4861,67066.3888
Australia,IPCC Agriculture,Emissions (CO2eq) from CH4 (AR5),kilotonnes,74648.8754,73603.9779,73169.1426,68960.6666,70983.0741,71916.3675,70385.2101,67966.2623,65269.9165,64835.7351,62139.2306,65864.3836,67120.7711,67567.3482,66918.3252,64297.912,62988.1777,65359.7849,65394.491,60680.7328,58238.5374
Australia,IPCC Agriculture,Emissions (CO2eq) from N2O (AR5),kilotonnes,83180.0226,92059.0186,85527.0717,49451.032,70502.0433,50022.178,67372.9539,62887.5126,48727.4333,52158.0887,42254.4913,89944.6355,89431.0926,51535.9999,62610.2117,59201.6363,46359.3353,65976.0899,63605.3819,50128.7952,39309.8535
Australia,IPCC Agriculture,Emissions (CO2eq) from N2O (AR5),kilotonnes,12366.1572,12207.5208,12336.6508,10820.1306,12232.7034,12092.8574,12065.2157,10506.4428,10453.0532,10967.0759,10772.0041,11866.9198,12276.8704,12094.7335,12618.8035,12109.4787,12215.9153,13635.727,12526.2716,11478.7364,11592.0334
Australia,IPCC Agriculture,Emissions (CO2eq) (AR5),kilotonnes,214821.4036,233301.3473,218772.4155,139599.1596,183713.8209,140756.1588,178447.5688,168505.8646,135488.988,142526.3788,118700.0587,223213.5909,222111.3653,141301.1273,163035.0702,154548.5708,122528.5732,165842.8763,162235.844,130975.2813,106376.2423
Australia,IPCC Agriculture,Emissions (CO2eq) (AR5),kilotonnes,88716.1541,87630.142,87436.2062,81706.721,85250.8476,85972.6772,84280.1169,80288.4924,77553.3522,77745.9947,75100.3734,79931.8541,81442.7152,81700.1941,82028.0384,78940.3603,77867.3433,81857.2516,80595.4769,74824.8537,72627.1159
Australia,Agricultural Soils,Direct emissions (N2O),kilotonnes,110.3954,109.7098,108.3454,99.654,108.2177,105.8604,103.3641,96.732,94.0002,95.6239,93.9359,101.6478,103.1316,104.9836,107.1507,101.774,98.6406,105.2929,100.7948,94.6035,91.1562
Australia,Agricultural Soils,Direct emissions (N2O),kilotonnes,33.9052,33.0317,33.6003,28.8758,33.4666,32.8621,33.0134,28.0431,28.5756,30.3037,29.6842,32.7455,33.971,33.1773,34.5785,33.2701,33.3721,37.8858,34.099,30.991,30.9552
Australia,Agricultural Soils,Indirect emissions (N2O),kilotonnes,33.8101,33.3279,32.6573,30.1987,32.4552,31.7725,30.4471,28.5637,27.3794,27.5445,27.0826,29.3063,29.7977,30.4071,31.0033,29.5392,28.9217,30.7289,29.4632,27.7241,26.8068
Australia,Agricultural Soils,Indirect emissions (N2O),kilotonnes,10.8548,11.0076,10.8347,10.1741,10.6426,10.7041,10.2803,9.625,9.0858,9.2225,9.1498,9.9798,10.3015,10.4039,10.9641,10.2155,10.5265,11.1272,10.8136,10.047,10.4848
Australia,Agricultural Soils,Emissions (N2O),kilotonnes,145.8161,144.6461,142.608,131.4555,142.2711,139.2327,135.4083,126.8916,122.9734,124.7624,122.6122,132.5469,134.5222,136.9827,139.7443,132.9035,129.1516,137.6112,131.8477,123.917,119.5523
Australia,Agricultural Soils,Emissions (N2O),kilotonnes,44.76,44.0393,44.435,39.0498,44.1092,43.5662,43.2937,37.6681,37.6613,39.5262,38.8341,42.7253,44.2725,43.5812,45.5427,43.4856,43.8986,49.013,44.9127,41.038,41.4401
Australia,Agricultural Soils,Emissions (CO2eq) from N2O (AR5),kilotonnes,38641.2587,38331.2241,37791.1301,34835.6974,37701.8492,36896.6714,35883.2115,33626.27,32587.9568,33062.0234,32492.2386,35124.9249,35648.3782,36300.4258,37032.2407,35219.4211,34225.1864,36466.9553,34939.648,32838.0102,31681.3682
Australia,Agricultural Soils,Emissions (CO2eq) from N2O (AR5),kilotonnes,11861.3883,11670.418,11775.287,10348.2068,11688.9265,11545.0462,11472.8306,9982.0375,9980.2556,10474.4519,10291.0242,11322.1998,11732.2096,11549.0264,12068.8075,11523.6921,11633.1249,12988.4582,11901.8526,10875.0593,10981.6196
Australia,Agricultural Soils,Emissions (CO2eq) (AR5),kilotonnes,38641.2587,38331.2241,37791.1301,34835.6974,37701.8492,36896.6714,35883.2115,33626.27,32587.9568,33062.0234,32492.2386,35124.9249,35648.3782,36300.4258,37032.2407,35219.4211,34225.1864,36466.9553,34939.648,32838.0102,31681.3682
Australia,Agricultural Soils,Emissions (CO2eq) (AR5),kilotonnes,11861.3883,11670.418,11775.287,10348.2068,11688.9265,11545.0462,11472.8306,9982.0375,9980.2556,10474.4519,10291.0242,11322.1998,11732.2096,11549.0264,12068.8075,11523.6921,11633.1249,12988.4582,11901.8526,10875.0593,10981.6196
Australia,LULUCF,Emissions (CH4),kilotonnes,88.0945,42.8431,82.675,145.1051,14.5091,13.6329,111.5747,40.2889,9.0272,65.245,10.3842,20.7521,32.1011,54.4025,41.9968,26.0312,33.8845,21.4566,34.7825,386.1977,210.4629
Australia,LULUCF,Emissions (CH4),kilotonnes,730.7705,705.997,706.3929,706.2415,663.9886,666.3048,707.3853,730.3835,719.12,704.6551,693.5193,703.1617,647.82,638.1712,661.7922,639.216,609.422,616.0822,548.5077,527.0558,
Australia,LULUCF,Emissions (N2O),kilotonnes,3.8255,3.9118,7.5486,13.2487,1.3247,1.2447,10.1873,3.6786,0.8242,5.9572,0.9481,1.8948,2.931,4.9672,3.8345,2.3768,3.0938,1.9591,3.1758,35.2615,19.2162
Australia,LULUCF,Emissions (N2O),kilotonnes,14.2829,13.9884,13.9983,14.9251,13.1418,13.8037,14.2259,14.7587,14.5211,15.0617,16.1562,16.8226,15.6432,14.6302,14.4773,13.2618,12.2178,12.2865,11.1845,10.84,
Australia,LULUCF,Emissions (CO2),kilotonnes,50766.2309,29739.8847,29735.0398,29730.2588,29720.9756,29721.2664,29717.2866,29714.9087,29711.8382,29713.1198,29712.6114,-29101.6327,-29101.6495,-29103.1896,-29106.5153,-29106.5153,2526.7126,2526.7498,2526.9354,2528.6156,2528.4215
Australia,LULUCF,Emissions (CO2),kilotonnes,31954.9787,55697.9282,45938.0576,57668.0072,44161.7896,67066.7817,62601.8405,75196.3924,58740.3278,56273.5412,42620.6894,12976.2454,72.8283,-3161.504,-9760.9337,-19404.8275,-42249.0298,-52857.9652,-39554.2861,-42693.6797,
Australia,LULUCF,Emissions (CO2eq) from CH4 (AR5),kilotonnes,2466.6456,1199.6079,2314.899,4062.944,406.2537,381.7205,3124.0912,1128.0905,252.7614,1826.8601,290.7576,581.0588,898.8308,1523.2713,1175.9105,728.8724,948.7646,600.7837,973.9095,10813.5354,5892.9603
Australia,LULUCF,Emissions (CO2eq) from N2O (AR5),kilotonnes,1013.7686,1036.6177,2000.3746,3510.9136,351.0562,329.8563,2699.6223,974.8173,218.4188,1578.6454,251.2525,502.1106,776.707,1316.3051,1016.1401,629.8409,819.8564,519.1555,841.5849,9344.305,5092.2864
Australia,LULUCF,Emissions (CO2eq) (AR5),kilotonnes,54246.6451,31976.1102,34050.3134,37304.1163,30478.2855,30432.8432,35541.0001,31817.8164,30183.0184,33118.6254,30254.6215,-28018.4634,-27426.1117,-26263.6132,-26914.4647,-27747.802,4295.3336,3646.689,4342.4298,22686.456,13513.6682
Australia,LULUCF,Emissions (CO2eq) (AR5),kilotonnes,31954.9787,55697.9282,45938.0576,57668.0072,44161.7896,67066.7817,62601.8405,75196.3924,58740.3278,56273.5412,42620.6894,12976.2454,72.8283,-3161.504,-9760.9337,-19404.8275,-42249.0298,-52857.9652,-39554.2861,-42693.6797,
Australia,AFOLU,Emissions (CH4),kilotonnes,4789.5724,5087.212,4841.4372,3364.6811,4057.7868,3254.1322,4078.5252,3812.3729,3107.6541,3292.6839,2740.583,4780.3576,4770.6823,3260.3,3628.5989,3431.2788,2754.2144,3588.1275,3557.299,3273.5722,2605.691
Australia,AFOLU,Emissions (N2O),kilotonnes,317.7124,351.3043,330.2923,199.8564,267.3702,190.0077,264.4248,240.9899,184.7013,202.7801,160.399,341.3085,340.4068,199.4427,240.0994,225.7792,178.0347,250.9255,243.1961,224.4268,167.5552
Australia,AFOLU,Emissions (CO2),kilotonnes,50766.2309,29739.8847,29735.0398,29730.2588,29720.9756,29721.2664,29717.2866,29714.9087,29711.8382,29713.1198,29712.6114,-29101.6327,-29101.6495,-29103.1896,-29106.5153,-29106.5153,2526.7126,2526.7498,2526.9354,2528.6156,2528.4215
Australia,AFOLU,Emissions (CO2eq) from CH4 (AR5),kilotonnes,134108.0266,142441.9365,135560.2428,94211.0716,113618.0313,91115.7013,114198.7061,106746.4425,87014.3161,92195.1501,76736.325,133850.0142,133579.1034,91288.3987,101600.769,96075.8069,77118.0025,100467.5701,99604.3716,91660.0215,72959.3491
Australia,AFOLU,Emissions (CO2eq) from N2O (AR5),kilotonnes,84193.7912,93095.6363,87527.4463,52961.9456,70853.0995,50352.0343,70072.5761,63862.33,48945.8521,53736.7342,42505.7438,90446.7461,90207.7997,52852.305,63626.3518,59831.4771,47179.1917,66495.2454,64446.9668,59473.1002,44402.1399
Australia,AFOLU,Emissions (CO2eq) (AR5),kilotonnes,269068.0487,265277.4575,252822.7289,176903.2759,214192.1064,171189.002,213988.5689,200323.6811,165672.0063,175645.0042,148954.6802,195195.1275,194685.2536,115037.5141,136120.6056,126800.7688,126823.9067,169489.5653,166578.2737,153661.7373,119889.9104
Australia,All sectors with LULUCF,Emissions (CH4),kilotonnes,6602.1604,6994.786,6791.0772,5257.3311,5942.4468,5194.8422,6022.2452,5819.0929,5125.3741,5345.1919,4928.263,6894.9776,6876.0993,5125.774,5458.1009,5422.7968,4678.7494,5409.7005,5417.919,5069.1682,4405.281
Australia,All sectors with LULUCF,Emissions (N2O),kilotonnes,341.6224,376.5443,356.5223,227.0864,295.4702,219.4677,293.8648,271.2399,216.1813,235.4701,193.679,374.7285,374.5968,234.4527,276.0294,262.9492,215.7247,289.2055,284.1961,269.1068,209.6552
Australia,All sectors with LULUCF,Emissions (CO2),kilotonnes,391068.7309,365342.4847,382437.7398,376933.0588,383823.8756,390824.2664,406920.4866,414018.3087,426915.6382,435417.2198,435616.5114,374602.3673,368202.4505,357001.2104,346798.1847,350697.9847,385231.3126,382131.4498,381021.9554,385723.6256,359523.4515
Australia,All sectors with LULUCF,Emissions (CO2eq) from F-gases (AR5),kilotonnes,4285.4377,4625.5518,5023.9712,5607.0239,6209.5118,6802.2821,7579.6857,8191.8911,8794.379,9338.5615,9649.523,10592.125,11078.0022,11369.5286,12244.1077,12924.336,13507.3887,13798.9151,13798.9151,15062.196,15256.547
Australia,All sectors with LULUCF,Emissions (CO2eq) from CH4 (AR5),kilotonnes,184860.4906,195854.0085,190150.1628,147205.2716,166388.5113,145455.5813,168622.8661,162934.6025,143510.4761,149665.3741,137991.365,193059.3742,192530.7794,143521.6707,152826.825,151838.3109,131004.9825,151471.6141,151701.7316,141936.7095,123347.8691
Australia,All sectors with LULUCF,Emissions (CO2eq) from N2O (AR5),kilotonnes,90529.9412,99784.2363,94478.3963,60177.8956,78299.5995,58158.9343,77874.1761,71878.58,57288.0521,62399.5842,51324.9438,99303.0461,99268.1497,62129.955,73147.8018,69681.5271,57167.0417,76639.4454,75311.9668,71313.3002,55558.6399
Australia,All sectors with LULUCF,Emissions (CO2eq) (AR5),kilotonnes,670744.6004,665606.2813,672090.2701,589923.2498,634721.4982,601241.0641,660997.2146,657023.3822,636508.5453,656820.7397,634582.3432,677556.9124,671079.3818,574022.3647,585016.9193,585142.1587,586910.7254,624041.4244,621834.5688,614035.8313,553686.5074
Australia,All sectors without LULUCF,Emissions (CH4),kilotonnes,6514.0659,6951.9429,6708.4023,5112.226,5927.9378,5181.2093,5910.6705,5778.804,5116.347,5279.9469,4917.8788,6874.2256,6843.9982,5071.3714,5416.1041,5396.7657,4644.8649,5388.2439,5383.1365,4682.9705,4194.8182
Australia,All sectors without LULUCF,Emissions (N2O),kilotonnes,337.7969,372.6325,348.9737,213.8377,294.1454,218.2229,283.6776,267.5614,215.3571,229.513,192.7309,372.8337,371.6658,229.4855,272.1949,260.5724,212.6309,287.2464,281.0203,233.8453,190.4391
Australia,All sectors without LULUCF,Emissions (CO2),kilotonnes,340302.5,335602.6,352702.7,347202.8,354102.9,361103,377203.2,384303.4,397203.8,405704.1,405903.9,403704,397304.1,386104.4,375904.7,379804.5,382704.6,379604.7,378495.02,383195.01,356995.03
Australia,All sectors without LULUCF,Emissions (CO2eq) from F-gases (AR5),kilotonnes,4285.4377,4625.5518,5023.9712,5607.0239,6209.5118,6802.2821,7579.6857,8191.8911,8794.379,9338.5615,9649.523,10592.125,11078.0022,11369.5286,12244.1077,12924.336,13507.3887,13798.9151,13798.9151,15062.196,15256.547
Australia,All sectors without LULUCF,Emissions (CO2eq) from CH4 (AR5),kilotonnes,182393.845,194654.4007,187835.2638,143142.3276,165982.2575,145073.8608,165498.775,161806.512,143257.7147,147838.514,137700.6074,192478.3154,191631.9486,141998.3994,151650.9145,151109.4385,130056.2179,150870.8304,150727.822,131123.1741,117454.9088
Australia,All sectors without LULUCF,Emissions (CO2eq) from N2O (AR5),kilotonnes,89516.1726,98747.6186,92478.0217,56666.982,77948.5433,57829.078,75174.5539,70903.7626,57069.6333,60820.9387,51073.6913,98800.9355,98491.4426,60813.6499,72131.6617,69051.6863,56347.1853,76120.2899,74470.3819,61968.9952,50466.3535
Australia,All sectors without LULUCF,Emissions (CO2eq) (AR5),kilotonnes,616497.9553,633630.1711,638039.9567,552619.1335,604243.2127,570808.2209,625456.2146,625205.5658,606325.527,623702.1143,604327.7217,705575.3759,698505.4935,600285.9779,611931.384,612889.9607,582615.3919,620394.7354,617492.139,591349.3754,540172.8392
Austria,Crop Residues,Direct emissions (N2O),kilotonnes,0.7277,0.7854,0.7589,0.6829,0.8449,0.7783,0.7307,0.7519,0.8927,0.8063,0.7671,0.8998,0.7568,0.7435,0.8934,0.786,0.9041,0.7772,0.7617,0.8559,0.8897
Austria,Crop Residues,Direct emissions (N2O),kilotonnes,1.1528,1.2162,1.2159,1.1242,1.3113,1.2577,1.2047,1.179,1.3337,1.2475,1.2062,1.3576,1.2004,1.1743,1.3585,1.1862,1.3494,1.1867,1.1614,1.2565,1.3053
Austria,Crop Residues,Indirect emissions (N2O),kilotonnes,0.1637,0.1767,0.1708,0.1536,0.1901,0.1751,0.1644,0.1692,0.2008,0.1814,0.1726,0.2025,0.1703,0.1673,0.201,0.1768,0.2034,0.1749,0.1714,0.1926,0.2002
Austria,Crop Residues,Emissions (N2O),kilotonnes,0.8914,0.9621,0.9297,0.8365,1.0351,0.9534,0.8952,0.9211,1.0935,0.9877,0.9397,1.1023,0.9271,0.9108,1.0945,0.9628,1.1075,0.952,0.9331,1.0485,1.0899
Austria,Crop Residues,Emissions (N2O),kilotonnes,1.1528,1.2162,1.2159,1.1242,1.3113,1.2577,1.2047,1.179,1.3337,1.2475,1.2062,1.3576,1.2004,1.1743,1.3585,1.1862,1.3494,1.1867,1.1614,1.2565,1.3053
Austria,Crop Residues,Emissions (CO2eq) from N2O (AR5),kilotonnes,236.2187,254.9694,246.3695,221.682,274.2895,252.66,237.2162,244.0904,289.7788,261.7292,249.0218,292.1121,245.6692,241.3685,290.0347,255.1408,293.494,252.2825,247.2812,277.8471,288.8322
Austria,Crop Residues,Emissions (CO2eq) from N2O (AR5),kilotonnes,305.5035,322.2958,322.2115,297.9171,347.4915,333.2854,319.2408,312.4359,353.4382,330.5897,319.6417,359.7732,318.0941,311.1913,360.003,314.3557,357.6032,314.4759,307.7601,332.9855,345.9176
Austria,Crop Residues,Emissions (CO2eq) (AR5),kilotonnes,236.2187,254.9694,246.3695,221.682,274.2895,252.66,237.2162,244.0904,289.7788,261.7292,249.0218,292.1121,245.6692,241.3685,290.0347,255.1408,293.494,252.2825,247.2812,277.8471,288.8322
Austria,Crop Residues,Emissions (CO2eq) (AR5),kilotonnes,305.5035,322.2958,322.2115,297.9171,347.4915,333.2854,319.2408,312.4359,353.4382,330.5897,319.6417,359.7732,318.0941,311.1913,360.003,314.3557,357.6032,314.4759,307.7601,332.9855,345.9176
Austria,Burning - Crop residues,Emissions (CH4),kilotonnes,0.8244,0.837,0.8409,0.8241,0.8573,0.8241,0.7966,0.8386,0.9047,0.8745,0.8702,0.9149,0.926,0.8662,0.9131,0.8368,0.8675,0.8842,0.8846,0.8965,0.8754
Austria,Burning - Crop residues,Emissions (CH4),kilotonnes,0.047,0.0509,0.0488,0.0461,0.0671,0.0436,0.0407,0.0418,0.0409,0.0389,0.0375,0.03,0.0242,0.0228,0.0248,0.0223,0.0225,0.0207,0.0197,0.0195,0.0168
Austria,Burning - Crop residues,Emissions (N2O),kilotonnes,0.0214,0.0217,0.0218,0.0214,0.0222,0.0214,0.0207,0.0217,0.0235,0.0227,0.0226,0.0237,0.024,0.0225,0.0237,0.0217,0.0225,0.0229,0.0229,0.0232,0.0227
Austria,Burning - Crop residues,Emissions (N2O),kilotonnes,0.0009,0.001,0.001,0.0009,0.0015,0.0009,0.0008,0.0008,0.0008,0.0008,0.0007,0.0005,0.0004,0.0003,0.0004,0.0003,0.0003,0.0003,0.0003,0.0002,0.0002
Austria,Burning - Crop residues,Emissions (CO2eq) from CH4 (AR5),kilotonnes,23.0825,23.4371,23.5439,23.0738,24.0046,23.0747,22.304,23.4821,25.3308,24.4861,24.3642,25.6158,25.9288,24.2549,25.566,23.4295,24.2893,24.7581,24.7678,25.1012,24.5101
Austria,Burning - Crop residues,Emissions (CO2eq) from CH4 (AR5),kilotonnes,1.3147,1.4247,1.3651,1.2915,1.8801,1.2217,1.1389,1.171,1.1461,1.088,1.0502,0.8406,0.6782,0.6373,0.6942,0.625,0.6289,0.5794,0.5517,0.5474,0.4702
Austria,Burning - Crop residues,Emissions (CO2eq) from N2O (AR5),kilotonnes,5.6638,5.7508,5.777,5.6616,5.89,5.6618,5.4727,5.7618,6.2154,6.0082,5.9783,6.2854,6.3622,5.9514,6.2731,5.7489,5.9599,6.0749,6.0773,6.1591,6.0141
Austria,Burning - Crop residues,Emissions (CO2eq) from N2O (AR5),kilotonnes,0.2474,0.2758,0.2625,0.2458,0.3908,0.2297,0.2099,0.2183,0.2127,0.1989,0.1897,0.1383,0.0985,0.0884,0.1024,0.0855,0.0862,0.0738,0.0668,0.0656,0.0464
Austria,Burning - Crop residues,Emissions (CO2eq) (AR5),kilotonnes,28.7463,29.1879,29.3208,28.7355,29.8946,28.7366,27.7768,29.2439,31.5463,30.4942,30.3425,31.9012,32.291,30.2063,31.8391,29.1784,30.2492,30.833,30.845,31.2602,30.5242
Austria,Burning - Crop residues,Emissions (CO2eq) (AR5),kilotonnes,1.5621,1.7005,1.6277,1.5374,2.2709,1.4515,1.3488,1.3892,1.3588,1.2869,1.2399,0.9788,0.7767,0.7258,0.7966,0.7105,0.7151,0.6533,0.6185,0.6129,0.5166
Austria,Enteric Fermentation,Emissions (CH4),kilotonnes,169.6716,168.7151,165.8512,161.3984,158.5957,158.3253,155.7742,154.7704,155.2297,154.8829,156.8384,156.0985,153.5972,152.3007,152.7942,153.0964,152.8566,153.1071,150.5374,148.1236,146.774
Austria,Enteric Fermentation,Emissions (CH4),kilotonnes,167.6385,164.8553,161.5989,159.7146,159.4764,157.396,156.1672,156.2657,155.5058,157.1369,156.5163,154.4628,153.1428,153.525,154.1573,154.1968,154.5711,154.807,152.7752,150.5471,149.3241
Austria,Enteric Fermentation,Emissions (CO2eq) from CH4 (AR5),kilotonnes,4750.8034,4724.024,4643.8337,4519.1549,4440.6793,4433.1086,4361.6775,4333.5712,4346.4304,4336.72,4391.4758,4370.7572,4300.7225,4264.4186,4278.2364,4286.6978,4279.984,4286.9993,4215.0478,4147.461,4109.6728
Austria,Enteric Fermentation,Emissions (CO2eq) from CH4 (AR5),kilotonnes,4693.8767,4615.9498,4524.7698,4472.0092,4465.3387,4407.0872,4372.6829,4375.4399,4354.1611,4399.8324,4382.4562,4324.9589,4287.9997,4298.7013,4316.4036,4317.5111,4327.99,4334.5949,4277.7063,4215.3198,4181.0747
Austria,Enteric Fermentation,Emissions (CO2eq) (AR5),kilotonnes,4750.8034,4724.024,4643.8337,4519.1549,4440.6793,4433.1086,4361.6775,4333.5712,4346.4304,4336.72,4391.4758,4370.7572,4300.7225,4264.4186,4278.2364,4286.6978,4279.984,4286.9993,4215.0478,4147.461,4109.6728
Austria,Enteric Fermentation,Emissions (CO2eq) (AR5),kilotonnes,4693.8767,4615.9498,4524.7698,4472.0092,4465.3387,4407.0872,4372.6829,4375.4399,4354.1611,4399.8324,4382.4562,4324.9589,4287.9997,4298.7013,4316.4036,4317.5111,4327.99,4334.5949,4277.7063,4215.3198,4181.0747
Austria,Manure Management,Emissions (CH4),kilotonnes,45.2416,44.4934,44.7006,43.1464,42.2131,41.4756,41.4993,41.1559,42.1095,40.72,41.4331,41.3859,40.3133,40.0455,39.6477,39.5662,39.4864,39.2383,38.7733,38.4234,38.4963
Austria,Manure Management,Emissions (CH4),kilotonnes,19.4099,19.1997,18.6925,18.3824,18.0551,17.9312,18.2297,18.8352,18.9077,19.5817,19.9022,20.2798,20.5362,21.0008,21.5266,22.0182,22.405,22.9676,22.5718,22.2966,22.1567
Austria,Manure Management,Emissions (N2O),kilotonnes,1.6365,1.6145,1.6023,1.5529,1.522,1.5127,1.5046,1.488,1.5028,1.4854,1.5094,1.5042,1.4741,1.465,1.4631,1.4647,1.4627,1.4605,1.4377,1.4184,1.4119
Austria,Manure Management,Emissions (N2O),kilotonnes,1.7027,1.6941,1.6506,1.6433,1.6287,1.6206,1.6249,1.6584,1.641,1.6818,1.6903,1.6922,1.6999,1.7124,1.7345,1.7582,1.7783,1.8113,1.787,1.7699,1.7614
Austria,Manure Management,Emissions (CO2eq) from CH4 (AR5),kilotonnes,1266.7656,1245.8144,1251.6179,1208.0995,1181.9663,1161.3171,1161.9812,1152.366,1179.0653,1140.1599,1160.1256,1158.8057,1128.7722,1121.2727,1110.1364,1107.8545,1105.6206,1098.6733,1085.6534,1075.8553,1077.8954
Austria,Manure Management,Emissions (CO2eq) from CH4 (AR5),kilotonnes,543.476,537.5929,523.3904,514.7061,505.5433,502.0725,510.4304,527.3853,529.4154,548.2876,557.2622,567.8334,575.0149,588.0227,602.7458,616.5093,627.3405,643.094,632.0095,624.3038,620.3874
Austria,Manure Management,Emissions (CO2eq) from N2O (AR5),kilotonnes,433.6745,427.8476,424.5971,411.5186,403.341,400.869,398.7065,394.3199,398.2453,393.6218,399.9851,398.6248,390.6437,388.2346,387.7263,388.1442,387.6237,387.0244,380.9915,375.8736,374.1582
Austria,Manure Management,Emissions (CO2eq) from N2O (AR5),kilotonnes,451.2186,448.926,437.408,435.4846,431.5964,429.4527,430.5931,439.4692,434.8739,445.6793,447.9306,448.4287,450.4671,453.7989,459.6538,465.9165,471.2422,480.0012,473.5535,469.0209,466.776
Austria,Manure Management,Emissions (CO2eq) (AR5),kilotonnes,1700.4401,1673.6621,1676.215,1619.6181,1585.3073,1562.186,1560.6877,1546.6859,1577.3106,1533.7818,1560.1107,1557.4305,1519.4159,1509.5073,1497.8627,1495.9987,1493.2443,1485.6976,1466.6449,1451.7289,1452.0536
Austria,Manure Management,Emissions (CO2eq) (AR5),kilotonnes,994.6946,986.5189,960.7983,950.1907,937.1397,931.5252,941.0235,966.8545,964.2893,993.9669,1005.1928,1016.2621,1025.482,1041.8216,1062.3996,1082.4258,1098.5827,1123.0951,1105.563,1093.3247,1087.1634
Austria,Manure left on Pasture,Direct emissions (N2O),kilotonnes,1.3267,1.3128,1.2877,1.2672,1.2556,1.2582,1.2376,1.2294,1.2372,1.2333,1.2516,1.2501,1.2317,1.2219,1.223,1.2239,1.2245,1.2314,1.2182,1.2007,1.1868
Austria,Manure left on Pasture,Indirect emissions (N2O),kilotonnes,0.31,0.3043,0.298,0.2957,0.2934,0.2946,0.2903,0.2879,0.2915,0.29,0.2945,0.2953,0.2916,0.2897,0.2897,0.2896,0.2902,0.2934,0.2925,0.2889,0.2856
Austria,Manure left on Pasture,Emissions (N2O),kilotonnes,1.6368,1.617,1.5857,1.5629,1.549,1.5528,1.5279,1.5173,1.5287,1.5233,1.5461,1.5454,1.5233,1.5116,1.5127,1.5135,1.5147,1.5248,1.5107,1.4896,1.4724
Austria,Manure left on Pasture,Emissions (CO2eq) from N2O (AR5),kilotonnes,433.7458,428.5082,420.2099,414.164,410.4734,411.5032,404.8905,402.088,405.1082,403.6842,409.7038,409.5291,403.6701,400.5833,400.8618,401.0759,401.3941,404.0661,400.3359,394.7435,390.1849
Austria,Manure left on Pasture,Emissions (CO2eq) (AR5),kilotonnes,433.7458,428.5082,420.2099,414.164,410.4734,411.5032,404.8905,402.088,405.1082,403.6842,409.7038,409.5291,403.6701,400.5833,400.8618,401.0759,401.3941,404.0661,400.3359,394.7435,390.1849
Austria,Manure applied to Soils,Direct emissions (N2O),kilotonnes,1.7221,1.6896,1.684,1.6352,1.6085,1.5987,1.5999,1.5775,1.5985,1.5735,1.6042,1.6014,1.5664,1.559,1.552,1.5526,1.5521,1.5483,1.5263,1.5082,1.5024
Austria,Manure applied to Soils,Direct emissions (N2O),kilotonnes,2.2755,2.2607,2.2098,2.198,2.1795,2.1674,2.1526,2.1718,2.1342,2.1651,2.1545,2.1266,2.1117,2.1048,2.1083,2.1088,2.1134,2.1202,2.0935,2.0726,2.0648
Austria,Manure applied to Soils,Indirect emissions (N2O),kilotonnes,0.7319,0.7181,0.7157,0.695,0.6836,0.6795,0.68,0.6705,0.6793,0.6687,0.6818,0.6806,0.6657,0.6626,0.6596,0.6599,0.6597,0.658,0.6487,0.641,0.6385
Austria,Manure applied to Soils,Emissions (N2O),kilotonnes,2.454,2.4076,2.3997,2.3302,2.2921,2.2782,2.2798,2.248,2.2778,2.2422,2.286,2.2821,2.2321,2.2215,2.2116,2.2125,2.2118,2.2064,2.175,2.1492,2.1409
Austria,Manure applied to Soils,Emissions (N2O),kilotonnes,2.2755,2.2607,2.2098,2.198,2.1795,2.1674,2.1526,2.1718,2.1342,2.1651,2.1545,2.1266,2.1117,2.1048,2.1083,2.1088,2.1134,2.1202,2.0935,2.0726,2.0648
Austria,Manure applied to Soils,Emissions (CO2eq) from N2O (AR5),kilotonnes,650.3192,638.021,635.908,617.5109,607.4139,603.7241,604.1589,595.7159,603.6204,594.1957,605.7964,604.7448,591.5083,588.7079,586.0856,586.319,586.1247,584.6866,576.3836,569.5274,567.3351
Austria,Manure applied to Soils,Emissions (CO2eq) from N2O (AR5),kilotonnes,603.0007,599.0736,585.5878,582.4705,577.5769,574.3609,570.452,575.5175,565.5564,573.7639,570.9299,563.5413,559.6073,557.7727,558.691,558.8263,560.0504,561.8638,554.7887,549.2463,547.1707
Austria,Manure applied to Soils,Emissions (CO2eq) (AR5),kilotonnes,650.3192,638.021,635.908,617.5109,607.4139,603.7241,604.1589,595.7159,603.6204,594.1957,605.7964,604.7448,591.5083,588.7079,586.0856,586.319,586.1247,584.6866,576.3836,569.5274,567.3351
Austria,Manure applied to Soils,Emissions (CO2eq) (AR5),kilotonnes,603.0007,599.0736,585.5878,582.4705,577.5769,574.3609,570.452,575.5175,565.5564,573.7639,570.9299,563.5413,559.6073,557.7727,558.691,558.8263,560.0504,561.8638,554.7887,549.2463,547.1707
Austria,Synthetic Fertilizers,Direct emissions (N2O),kilotonnes,1.9115,1.84,2.0049,1.484,1.5838,1.5667,1.6294,1.6227,2.1117,1.3554,1.4243,1.8347,1.5356,1.7601,1.7539,2.0468,1.9269,1.8496,1.7778,1.5437,1.6733
Austria,Synthetic Fertilizers,Direct emissions (N2O),kilotonnes,1.8944,1.8755,1.9226,1.7443,1.5337,1.5754,1.5981,1.6264,1.8676,1.7341,1.3902,1.6294,1.6851,1.6478,1.757,1.9004,1.9869,1.8883,1.8137,1.6608,1.6807
Austria,Synthetic Fertilizers,Indirect emissions (N2O),kilotonnes,0.6213,0.598,0.6516,0.4823,0.5147,0.5092,0.5296,0.5274,0.6863,0.4405,0.4629,0.5963,0.4991,0.572,0.57,0.6652,0.6263,0.6011,0.5778,0.5017,0.5438
Austria,Synthetic Fertilizers,Emissions (N2O),kilotonnes,2.5328,2.438,2.6565,1.9663,2.0986,2.0759,2.159,2.1501,2.798,1.7959,1.8872,2.4309,2.0347,2.3321,2.324,2.712,2.5532,2.4508,2.3557,2.0454,2.2171
Austria,Synthetic Fertilizers,Emissions (N2O),kilotonnes,1.8944,1.8755,1.9226,1.7443,1.5337,1.5754,1.5981,1.6264,1.8676,1.7341,1.3902,1.6294,1.6851,1.6478,1.757,1.9004,1.9869,1.8883,1.8137,1.6608,1.6807
Austria,Synthetic Fertilizers,Emissions (CO2eq) from N2O (AR5),kilotonnes,671.1925,646.0815,703.973,521.062,556.1213,550.1236,572.1391,569.7665,741.4767,475.9218,500.1169,644.1945,539.1931,618.0076,615.8557,718.69,676.593,649.4518,624.2474,542.0241,587.5379
Austria,Synthetic Fertilizers,Emissions (CO2eq) from N2O (AR5),kilotonnes,502.0046,497.0075,509.5004,462.2357,406.4343,417.4696,423.5079,431.0036,494.9254,459.5289,368.3915,431.7948,446.5613,436.6795,465.6088,503.6021,526.5219,500.3943,480.6412,440.1025,445.3924
Austria,Synthetic Fertilizers,Emissions (CO2eq) (AR5),kilotonnes,671.1925,646.0815,703.973,521.062,556.1213,550.1236,572.1391,569.7665,741.4767,475.9218,500.1169,644.1945,539.1931,618.0076,615.8557,718.69,676.593,649.4518,624.2474,542.0241,587.5379
Austria,Synthetic Fertilizers,Emissions (CO2eq) (AR5),kilotonnes,502.0046,497.0075,509.5004,462.2357,406.4343,417.4696,423.5079,431.0036,494.9254,459.5289,368.3915,431.7948,446.5613,436.6795,465.6088,503.6021,526.5219,500.3943,480.6412,440.1025,445.3924
Austria,Drained organic soils,Emissions (CO2eq) (AR5),kilotonnes,328.7252,329.469,330.6543,327.8216,332.9184,337.2667,335.7566,335.7566,335.7566,337.5462,338.9954,338.9954,339.1591,341.3418,341.504,341.504,341.504,341.5217,341.001,341.8048,341.8225
Austria,Drained organic soils,Emissions (CO2eq) (AR5),kilotonnes,44.2342,44.2342,44.2342,44.2342,44.2342,44.2342,44.2342,44.2342,44.2342,44.2342,44.2342,44.2342,44.2342,44.2342,44.2342,44.2342,44.2342,44.2342,44.2342,44.2342,44.2342
Austria,Drained organic soils (CO2),Emissions (CO2),kilotonnes,276.7119,277.3331,278.2993,275.9122,280.1978,283.854,282.5817,282.5817,282.5817,284.0864,285.305,285.305,285.4424,287.2777,287.4143,287.4143,287.4143,287.4292,286.9881,287.6655,287.6804
Austria,Drained organic soils (CO2),Emissions (CO2eq) (AR5),kilotonnes,276.7119,277.3331,278.2993,275.9122,280.1978,283.854,282.5817,282.5817,282.5817,284.0864,285.305,285.305,285.4424,287.2777,287.4143,287.4143,287.4143,287.4292,286.9881,287.6655,287.6804
Austria,Drained organic soils (N2O),Emissions (N2O),kilotonnes,0.1963,0.1967,0.1976,0.1959,0.1989,0.2016,0.2007,0.2007,0.2007,0.2017,0.2026,0.2026,0.2027,0.204,0.2041,0.2041,0.2041,0.2041,0.2038,0.2043,0.2043
Austria,Drained organic soils (N2O),Emissions (N2O),kilotonnes,0.1669,0.1669,0.1669,0.1669,0.1669,0.1669,0.1669,0.1669,0.1669,0.1669,0.1669,0.1669,0.1669,0.1669,0.1669,0.1669,0.1669,0.1669,0.1669,0.1669,0.1669
Austria,Drained organic soils (N2O),Emissions (CO2eq) from N2O (AR5),kilotonnes,52.0133,52.136,52.355,51.9094,52.7206,53.4127,53.1749,53.1749,53.1749,53.4597,53.6904,53.6904,53.7168,54.0642,54.0897,54.0897,54.0897,54.0925,54.0129,54.1393,54.1421
Austria,Drained organic soils (N2O),Emissions (CO2eq) from N2O (AR5),kilotonnes,44.2342,44.2342,44.2342,44.2342,44.2342,44.2342,44.2342,44.2342,44.2342,44.2342,44.2342,44.2342,44.2342,44.2342,44.2342,44.2342,44.2342,44.2342,44.2342,44.2342,44.2342
Austria,Drained organic soils (N2O),Emissions (CO2eq) (AR5),kilotonnes,52.0133,52.136,52.355,51.9094,52.7206,53.4127,53.1749,53.1749,53.1749,53.4597,53.6904,53.6904,53.7168,54.0642,54.0897,54.0897,54.0897,54.0925,54.0129,54.1393,54.1421
Austria,Drained organic soils (N2O),Emissions (CO2eq) (AR5),kilotonnes,44.2342,44.2342,44.2342,44.2342,44.2342,44.2342,44.2342,44.2342,44.2342,44.2342,44.2342,44.2342,44.2342,44.2342,44.2342,44.2342,44.2342,44.2342,44.2342,44.2342,44.2342
Austria,On-farm energy use,Emissions (CH4),kilotonnes,0.2172,0.2166,0.2206,0.2251,0.2215,0.208,0.2022,0.1952,0.1909,0.1814,0.1791,0.1682,0.1669,0.1653,0.1622,0.164,0.1656,0.1601,0.1616,0.1618,0.1618
Austria,On-farm energy use,Emissions (N2O),kilotonnes,0.3025,0.3013,0.3013,0.3003,0.2989,0.297,0.2968,0.2965,0.294,0.29,0.2912,0.2896,0.2896,0.2921,0.2896,0.2883,0.2872,0.2845,0.2845,0.2835,0.2835
Austria,On-farm energy use,Emissions (CO2),kilotonnes,1124.7622,1122.7427,1094.2954,1117.4066,1104.9455,1032.0644,1014.3604,988.0637,984.9416,937.8226,939.7294,911.6952,898.5636,914.4516,908.592,904.3346,917.9009,901.943,894.766,894.4637,894.4637
Austria,On-farm energy use,Emissions (CO2eq) from CH4 (AR5),kilotonnes,6.0809,6.0652,6.1761,6.3036,6.2009,5.8227,5.6613,5.4648,5.3453,5.0795,5.0161,4.709,4.6724,4.6275,4.5415,4.5918,4.6363,4.4838,4.5238,4.5292,4.5292
Austria,On-farm energy use,Emissions (CO2eq) from N2O (AR5),kilotonnes,80.1571,79.8343,79.8328,79.5729,79.2177,78.7078,78.6414,78.5766,77.9052,76.8473,77.1555,76.7532,76.7453,77.3959,76.7315,76.404,76.0998,75.3887,75.3964,75.1345,75.1345
Austria,On-farm energy use,Emissions (CO2eq) (AR5),kilotonnes,1211.0002,1208.6422,1180.3043,1203.2832,1190.3642,1116.5949,1098.6631,1072.1051,1068.192,1019.7495,1021.901,993.1574,979.9813,996.4749,989.8649,985.3305,998.6369,981.8154,974.6862,974.1273,974.1273
Austria,Forestland,Emissions (CO2),kilotonnes,-15381.5567,-6414.842,-6414.842,-6414.842,-6414.842,-6414.842,-6414.842,-6414.842,-6414.842,-6414.842,-6414.842,-7516.8522,-7516.8522,-7516.8522,-7516.8522,-7516.8522,-7440.2896,-7440.2896,-7440.2896,-7440.2896,-7440.2896
Austria,Forestland,Emissions (CO2),kilotonnes,-16020.8896,-17973.1816,-12280.9239,-2289.6927,-7371.3553,-8823.1906,-3008.5261,-1980.324,-1085.4561,-2653.8686,-2620.9771,-2588.0856,-2555.1941,-2522.1175,-2489.0408,-2482.433,-2475.8251,-2469.2172,-2462.6093,-2456.0015,-2449.3936
Austria,Forestland,Emissions (CO2eq) (AR5),kilotonnes,-15381.5567,-6414.842,-6414.842,-6414.842,-6414.842,-6414.842,-6414.842,-6414.842,-6414.842,-6414.842,-6414.842,-7516.8522,-7516.8522,-7516.8522,-7516.8522,-7516.8522,-7440.2896,-7440.2896,-7440.2896,-7440.2896,-7440.2896
Austria,Forestland,Emissions (CO2eq) (AR5),kilotonnes,-16020.8896,-17973.1816,-12280.9239,-2289.6927,-7371.3553,-8823.1906,-3008.5261,-1980.324,-1085.4561,-2653.8686,-2620.9771,-2588.0856,-2555.1941,-2522.1175,-2489.0408,-2482.433,-2475.8251,-2469.2172,-2462.6093,-2456.0015,-2449.3936
Austria,Net Forest conversion,Emissions (CO2),kilotonnes,1810.7327,156.2675,156.2675,156.2675,156.2675,156.2675,156.2675,156.2675,156.2675,156.2675,156.2675,354.288,354.288,354.288,354.288,354.288,225.94,225.94,225.94,225.94,225.94
Austria,Net Forest conversion,Emissions (CO2),kilotonnes,766.036,766.9177,1042.1104,1043.2122,1035.2913,1027.3701,1019.0011,1010.6322,1002.2632,529.5844,520.4652,511.346,502.2268,493.859,485.4911,480.9554,476.4197,471.884,467.3483,462.8126,458.2769
Austria,Net Forest conversion,Emissions (CO2eq) (AR5),kilotonnes,1810.7327,156.2675,156.2675,156.2675,156.2675,156.2675,156.2675,156.2675,156.2675,156.2675,156.2675,354.288,354.288,354.288,354.288,354.288,225.94,225.94,225.94,225.94,225.94
Austria,Net Forest conversion,Emissions (CO2eq) (AR5),kilotonnes,766.036,766.9177,1042.1104,1043.2122,1035.2913,1027.3701,1019.0011,1010.6322,1002.2632,529.5844,520.4652,511.346,502.2268,493.859,485.4911,480.9554,476.4197,471.884,467.3483,462.8126,458.2769
Austria,Savanna fires,Emissions (CH4),kilotonnes,0,0.0006,0.001,0.0007,0.0022,0.0085,0.0004,0,0.0009,0,0,0.0004,0.0002,0,0.0076,0,0.0002,0.004,0,0,0.0012
Austria,Savanna fires,Emissions (N2O),kilotonnes,0,0.0001,0.0001,0.0001,0.0002,0.0008,0,0,0.0001,0,0,0,0,0,0.0007,0,0,0.0004,0,0,0.0001
Austria,Savanna fires,Emissions (CO2eq) from CH4 (AR5),kilotonnes,0,0.0171,0.0273,0.0183,0.0625,0.2373,0.0114,0,0.0262,0,0,0.0103,0.0046,0,0.2117,0,0.0057,0.1115,0,0,0.033
Austria,Savanna fires,Emissions (CO2eq) from N2O (AR5),kilotonnes,0,0.0147,0.0236,0.0158,0.054,0.205,0.0098,0,0.0226,0,0,0.0089,0.004,0,0.1829,0,0.0049,0.0963,0,0,0.0285
Austria,Savanna fires,Emissions (CO2eq) (AR5),kilotonnes,0,0.0318,0.0509,0.0341,0.1166,0.4423,0.0212,0,0.0489,0,0,0.0191,0.0085,0,0.3946,0,0.0106,0.2078,0,0,0.0615
Austria,Fires in organic soils,Emissions (CH4),kilotonnes,0,0,0,0,0,0,0,0,0,0,0,0,0,0,0,0,0,0,0,0,0
Austria,Fires in organic soils,Emissions (CO2),kilotonnes,0,0,0,0,0,0,0,0,0,0,0,0,0,0,0,0,0,0,0,0,0
Austria,Fires in organic soils,Emissions (CO2eq) from CH4 (AR5),kilotonnes,0,0,0,0,0,0,0,0,0,0,0,0,0,0,0,0,0,0,0,0,0
Austria,Fires in organic soils,Emissions (CO2eq) (AR5),kilotonnes,0,0,0,0,0,0,0,0,0,0,0,0,0,0,0,0,0,0,0,0,0
Austria,Forest fires,Emissions (CH4),kilotonnes,0.0021,0,0.0025,0.0125,0,0.0624,0,0.0025,0,0.0075,0,0,0.0075,0.02,0.025,0,0.0075,0.0125,0.0324,0.0075,0.0025
Austria,Forest fires,Emissions (N2O),kilotonnes,0.0001,0,0.0002,0.0011,0,0.0057,0,0.0002,0,0.0007,0,0,0.0007,0.0018,0.0023,0,0.0007,0.0011,0.003,0.0007,0.0002
Austria,Forest fires,Emissions (CO2eq) from CH4 (AR5),kilotonnes,0.0592,0,0.0699,0.3493,0,1.7472,0,0.0699,0,0.2096,0,0,0.2096,0.5589,0.6987,0,0.2096,0.3493,0.9082,0.2096,0.0699
Austria,Forest fires,Emissions (CO2eq) from N2O (AR5),kilotonnes,0.031,0,0.0604,0.3018,0,1.5098,0,0.0604,0,0.1811,0,0,0.1811,0.483,0.6037,0,0.1811,0.3019,0.7848,0.1811,0.0604
Austria,Forest fires,Emissions (CO2eq) (AR5),kilotonnes,0.0902,0,0.1303,0.6511,0,3.257,0,0.1303,0,0.3907,0,0,0.3907,1.0419,1.3024,0,0.3908,0.6512,1.6931,0.3907,0.1302
Austria,Fires in humid tropical forests,Emissions (CH4),kilotonnes,0,0,0,0,0,0,0,0,0,0,0,0,0,0,0,0,0,0,0,0,0
Austria,Fires in humid tropical forests,Emissions (N2O),kilotonnes,0,0,0,0,0,0,0,0,0,0,0,0,0,0,0,0,0,0,0,0,0
Austria,Fires in humid tropical forests,Emissions (CO2eq) from CH4 (AR5),kilotonnes,0,0,0,0,0,0,0,0,0,0,0,0,0,0,0,0,0,0,0,0,0
Austria,Fires in humid tropical forests,Emissions (CO2eq) from N2O (AR5),kilotonnes,0,0,0,0,0,0,0,0,0,0,0,0,0,0,0,0,0,0,0,0,0
Austria,Fires in humid tropical forests,Emissions (CO2eq) (AR5),kilotonnes,0,0,0,0,0,0,0,0,0,0,0,0,0,0,0,0,0,0,0,0,0
Austria,Waste - agri-food systems,Emissions (CH4),kilotonnes,42.7921,43.4494,47.3029,48.9839,48.1542,47.7431,47.1315,46.7509,46.9251,46.2652,45.7364,45.3492,44.5966,44.2041,43.3078,41.2462,40.2689,39.5688,39.1947,38.963,38.7258
Austria,Waste - agri-food systems,Emissions (N2O),kilotonnes,0.439,0.4436,0.4439,0.432,0.4398,0.4678,0.4808,0.5066,0.5256,0.5446,0.56,0.5814,0.5995,0.628,0.6638,0.6593,0.6772,0.6922,0.7103,0.7295,0.7485
Austria,Waste - agri-food systems,Emissions (CO2),kilotonnes,180.3478,180.3555,180.9244,182.3221,183.2877,183.6164,184.0457,185.0589,185.7834,185.2794,185.1137,185.7775,185.41,185.7535,185.9505,184.9291,185.1764,185.5419,186.1449,185.9884,185.8028
Austria,Waste - agri-food systems,Emissions (CO2eq) from CH4 (AR5),kilotonnes,1198.1797,1216.5823,1324.4806,1371.5486,1348.3172,1336.8081,1319.6826,1309.025,1313.9038,1295.4246,1280.6197,1269.7785,1248.7039,1237.7146,1212.6183,1154.8932,1127.5284,1107.926,1097.4524,1090.9635,1084.3233
Austria,Waste - agri-food systems,Emissions (CO2eq) from N2O (AR5),kilotonnes,116.33,117.5411,117.6383,114.4721,116.5486,123.9709,127.4006,134.2511,139.2734,144.3242,148.3961,154.0816,158.8787,166.4203,175.9019,174.712,179.4586,183.4332,188.231,193.3115,198.3603
Austria,Waste - agri-food systems,Emissions (CO2eq) (AR5),kilotonnes,1494.8575,1514.479,1623.0433,1668.3428,1648.1535,1644.3953,1631.1289,1628.335,1638.9606,1625.0281,1614.1295,1609.6377,1592.9926,1589.8884,1574.4707,1514.5344,1492.1634,1476.9011,1471.8282,1470.2633,1468.4863
Austria,On-farm electricity use,Emissions (CH4),kilotonnes,1.0176,1.0176,1.0584,1.0596,1.0572,1.1184,1.1784,1.2396,1.2996,1.3608,1.3944,1.3632,1.3872,1.398,1.3176,1.3656,1.4208,1.4232,1.3992,1.4155,1.4155
Austria,On-farm electricity use,Emissions (N2O),kilotonnes,0.0054,0.0054,0.0057,0.0057,0.0056,0.0059,0.0063,0.0067,0.0069,0.0072,0.0073,0.0073,0.0074,0.0074,0.007,0.0073,0.0075,0.0076,0.0075,0.0076,0.0076
Austria,On-farm electricity use,Emissions (CO2),kilotonnes,144.3439,161.3961,167.6893,209.1103,198.0358,203.8058,213.4494,210.5615,202.4031,184.8738,224.9012,238.4363,190.4985,235.2862,221.7547,229.8332,239.1235,239.5274,235.4882,238.2348,238.2348
Austria,On-farm electricity use,Emissions (CO2eq) from CH4 (AR5),kilotonnes,28.4928,28.4928,29.6352,29.6688,29.6016,31.3152,32.9952,34.7088,36.3888,38.1024,39.0432,38.1696,38.8416,39.144,36.8928,38.2368,39.7824,39.8496,39.1776,39.634,39.634
Austria,On-farm electricity use,Emissions (CO2eq) from N2O (AR5),kilotonnes,1.431,1.431,1.5105,1.5105,1.484,1.5635,1.6695,1.7755,1.8285,1.908,1.9345,1.9345,1.961,1.961,1.855,1.9345,1.9875,2.014,1.9875,2.014,2.014
Austria,On-farm electricity use,Emissions (CO2eq) (AR5),kilotonnes,174.2677,191.3199,198.835,240.2896,229.1214,236.6845,248.1141,247.0458,240.6204,224.8842,265.8789,278.5404,231.3011,276.3912,260.5025,270.0045,280.8934,281.391,276.6533,279.8828,279.8828
Austria,Food Processing,Emissions (CH4),kilotonnes,1.5558,1.6264,1.6785,1.8825,2.1927,2.2466,2.3875,2.3547,2.2765,2.575,2.7173,2.754,2.8105,2.368,2.7671,2.5197,2.5984,2.6357,2.7218,2.7218,2.6378
Austria,Food Processing,Emissions (N2O),kilotonnes,0.011,0.0117,0.0122,0.0133,0.0149,0.0153,0.016,0.0156,0.0149,0.0166,0.0174,0.0176,0.0178,0.0148,0.0169,0.0156,0.0158,0.0159,0.0162,0.0162,0.0153
Austria,Food Processing,Emissions (CO2),kilotonnes,1118.6493,1192.8312,1397.0958,1330.6198,1359.5731,1387.5979,1387.2169,1299.9788,1258.1431,1276.2211,1430.414,1463.3127,1359.1781,1307.3611,1329.5126,1340.2381,1277.0602,1266.2986,1257.4808,1257.4808,1105.4325
Austria,Food Processing,Emissions (CO2eq) from CH4 (AR5),kilotonnes,43.5624,45.5392,46.998,52.71,61.3956,62.9048,66.85,65.9316,63.742,72.1,76.0844,77.112,78.694,66.304,77.4788,70.5516,72.7552,73.7996,76.2104,76.2104,73.8592
Austria,Food Processing,Emissions (CO2eq) from N2O (AR5),kilotonnes,2.915,3.1005,3.233,3.5245,3.9485,4.0545,4.24,4.134,3.9485,4.399,4.611,4.664,4.717,3.922,4.4785,4.134,4.187,4.2135,4.293,4.293,4.0461
Austria,Food Processing,Emissions (CO2eq) (AR5),kilotonnes,1165.1267,1241.4709,1447.3268,1386.8543,1424.9172,1454.5572,1458.3069,1370.0444,1325.8336,1352.7201,1511.1094,1545.0887,1442.5891,1377.5871,1411.4699,1414.9237,1354.0024,1344.3117,1337.9842,1337.9842,1183.3378
Austria,Food Packaging,Emissions (CH4),kilotonnes,0.7907,0.7983,0.8104,0.7878,0.849,0.823,0.8433,0.9011,0.8384,0.8596,0.9502,0.9438,0.9844,1.0211,1.0419,1.0605,1.1112,1.0933,1.1336,1.2019,1.1648
Austria,Food Packaging,Emissions (N2O),kilotonnes,0.0057,0.0057,0.006,0.0058,0.0061,0.0057,0.0059,0.0061,0.0056,0.0058,0.0064,0.0064,0.0067,0.0071,0.0072,0.0076,0.0082,0.0077,0.0079,0.0083,0.0078
Austria,Food Packaging,Emissions (CO2),kilotonnes,370.951,389.1516,395.4641,433.5136,423.9862,400.1172,402.3747,407.4025,375.2016,395.9727,457.2999,460.817,432.424,481.274,484.7144,517.4515,555.8078,527.5721,555.2985,573.515,504.1684
Austria,Food Packaging,Emissions (CO2eq) from CH4 (AR5),kilotonnes,22.1396,22.3524,22.6912,22.0584,23.772,23.044,23.6124,25.2308,23.4752,24.0688,26.6056,26.4264,27.5632,28.5908,29.1732,29.694,31.1136,30.6124,31.7408,33.6532,32.615
Austria,Food Packaging,Emissions (CO2eq) from N2O (AR5),kilotonnes,1.5105,1.5105,1.59,1.537,1.6165,1.5105,1.5635,1.6165,1.484,1.537,1.696,1.696,1.7755,1.8815,1.908,2.014,2.173,2.0405,2.0935,2.1995,2.073
Austria,Food Packaging,Emissions (CO2eq) (AR5),kilotonnes,394.6011,413.0145,419.7453,457.109,449.3747,424.6717,427.5506,434.2498,400.1608,421.5785,485.6015,488.9394,461.7627,511.7463,515.7956,549.1595,589.0944,560.225,589.1328,609.3677,538.8564
Austria,Food Retail,Emissions (CH4),kilotonnes,1.847,1.8678,1.84,1.9099,1.7962,2.1118,2.1568,2.0841,2.2776,2.0636,2.1507,2.1407,2.1797,2.1458,2.1308,2.1439,2.084,2.1872,2.1409,2.3186,2.2471
Austria,Food Retail,Emissions (N2O),kilotonnes,0.0117,0.0123,0.0122,0.013,0.0118,0.0137,0.0139,0.0128,0.0137,0.0122,0.0122,0.0121,0.0123,0.012,0.012,0.012,0.0117,0.0124,0.0121,0.0131,0.0123
Austria,Food Retail,Emissions (CO2),kilotonnes,605.8509,755.3316,735.2629,896.6361,844.0116,776.1441,781.1494,650.1973,671.3441,538.7643,549.6329,552.3185,461.2091,520.4745,508.7776,520.067,498.5905,540.1837,514.8581,575.2994,505.7371
Austria,Food Retail,Emissions (CO2eq) from F-gases (AR5),kilotonnes,1116.4055,1310.6985,1487.848,1671.2315,1848.381,2088.39,2278.0075,2467.1055,2499.834,2516.9775,2526.3285,2532.5625,2536.7185,2540.355,2540.355,2540.355,2726.8555,2775.6885,2824.5215,2873.3545,2615.6545
Austria,Food Retail,Emissions (CO2eq) from CH4 (AR5),kilotonnes,51.716,52.2984,51.52,53.4772,50.2936,59.1304,60.3904,58.3548,63.7728,57.7808,60.2196,59.9396,61.0316,60.0824,59.6624,60.0292,58.352,61.2416,59.9452,64.9208,62.9179
Austria,Food Retail,Emissions (CO2eq) from N2O (AR5),kilotonnes,3.1005,3.2595,3.233,3.445,3.127,3.6305,3.6835,3.392,3.6305,3.233,3.233,3.2065,3.2595,3.18,3.18,3.18,3.1005,3.286,3.2065,3.4715,3.2718
Austria,Food Retail,Emissions (CO2eq) (AR5),kilotonnes,1777.0729,2121.588,2277.8639,2624.7898,2745.8132,2927.295,3123.2308,3179.0496,3238.5814,3116.7556,3139.414,3148.0271,3062.2187,3124.0919,3111.975,3123.6312,3286.8985,3380.3998,3402.5313,3517.0462,3187.5813
Austria,Food Household Consumption,Emissions (CH4),kilotonnes,2.4568,2.6322,2.6617,2.7205,2.69,2.5596,2.5578,2.5246,2.5407,2.5927,2.6712,2.6055,2.6313,2.6397,2.4857,2.5702,2.6657,2.6892,2.6427,2.6427,2.5612
Austria,Food Household Consumption,Emissions (N2O),kilotonnes,0.0174,0.0184,0.0187,0.019,0.0184,0.018,0.0179,0.0172,0.0173,0.0174,0.0183,0.0174,0.0175,0.0176,0.0164,0.017,0.0175,0.0177,0.0171,0.0171,0.0161
Austria,Food Household Consumption,Emissions (CO2),kilotonnes,1279.5811,1376.5081,1342.4874,1459.1711,1395.3723,1483.1734,1448.5238,1296.2612,1282.5132,1225.7061,1388.1351,1299.28,1181.0854,1292.4775,1157.2964,1220.0353,1277.5917,1280.8065,1199.871,1199.871,1054.7886
Austria,Food Household Consumption,Emissions (CO2eq) from CH4 (AR5),kilotonnes,68.7904,73.7016,74.5276,76.174,75.32,71.6688,71.6184,70.6888,71.1396,72.5956,74.7936,72.954,73.6764,73.9116,69.5996,71.9656,74.6396,75.2976,73.9956,73.9956,71.7128
Austria,Food Household Consumption,Emissions (CO2eq) from N2O (AR5),kilotonnes,4.611,4.876,4.9555,5.035,4.876,4.77,4.7435,4.558,4.5845,4.611,4.8495,4.611,4.6375,4.664,4.346,4.505,4.6375,4.6905,4.5315,4.5315,4.2708
Austria,Food Household Consumption,Emissions (CO2eq) (AR5),kilotonnes,1352.9825,1455.0857,1421.9705,1540.3801,1475.5683,1559.6122,1524.8857,1371.508,1358.2373,1302.9127,1467.7782,1376.845,1259.3993,1371.0531,1231.242,1296.5059,1356.8688,1360.7946,1278.3981,1278.3981,1130.7722
Austria,Food Transport,Emissions (CH4),kilotonnes,0.1514,0.1461,0.1499,0.1461,0.1354,0.1263,0.1155,0.1108,0.1016,0.0954,0.0923,0.0836,0.0813,0.0804,0.0755,0.0733,0.0718,0.0699,0.0674,0.03,0.0291
Austria,Food Transport,Emissions (N2O),kilotonnes,0.0627,0.0647,0.0696,0.0729,0.0727,0.0744,0.0703,0.0697,0.0662,0.0637,0.0646,0.0623,0.0631,0.0642,0.0661,0.0686,0.071,0.0733,0.073,0.0695,0.0655
Austria,Food Transport,Emissions (CO2),kilotonnes,1408.993,1509.06,1671.176,1787.593,1811.563,1867.166,1766.732,1781.992,1704.851,1642.706,1703.68,1630.683,1638.9935,1713.0385,1699.11,1736.4005,1783.206,1829.9965,1822.1315,1945.2889,1710.0742
Austria,Food Transport,Emissions (CO2eq) from CH4 (AR5),kilotonnes,4.2392,4.0908,4.1972,4.0908,3.7912,3.5364,3.234,3.1024,2.8448,2.6712,2.5844,2.3408,2.2764,2.2512,2.114,2.0524,2.0104,1.9572,1.8872,0.84,0.8141
Austria,Food Transport,Emissions (CO2eq) from N2O (AR5),kilotonnes,16.6155,17.1455,18.444,19.3185,19.2655,19.716,18.6295,18.4705,17.543,16.8805,17.119,16.5095,16.7215,17.013,17.5165,18.179,18.815,19.4245,19.345,18.4175,17.3581
Austria,Food Transport,Emissions (CO2eq) (AR5),kilotonnes,1429.8477,1530.2963,1693.8172,1811.0023,1834.6197,1890.4184,1788.5955,1803.5649,1725.2388,1662.2577,1723.3834,1649.5333,1657.9914,1732.3027,1718.7405,1756.6319,1804.0314,1851.3782,1843.3637,1964.5464,1728.2464
Austria,Energy,Emissions (CH4),kilotonnes,84.1,86.4,88.2,87.8,84.6,82.1,84.5,85.4,86.5,89.2,93.1,92.7,95.4,99.8,98.2,101,99,100,98.5,94,91.1
Austria,Energy,Emissions (N2O),kilotonnes,1.81,1.9,1.93,2.02,2.04,2.08,2.06,2.07,2.05,2.01,2.12,2.1,2.11,2.2,2.17,2.2,2.22,2.25,2.24,2.26,2.13
Austria,Energy,Emissions (CO2),kilotonnes,60800,64400,65500,70400,70400,72000,70100,67100,66800,61100,65900,63000,60100,60500,57000,59000,59300,61900,59700,61200,53800
Austria,Energy,Emissions (CO2eq) from CH4 (AR5),kilotonnes,2354.8,2419.2,2469.6,2458.4,2368.8,2298.8,2366,2391.2,2422,2497.6,2606.8,2595.6,2671.2,2794.4,2749.6,2828,2772,2800,2758,2632,2550.8
Austria,Energy,Emissions (CO2eq) from N2O (AR5),kilotonnes,479.65,503.5,511.45,535.3,540.6,551.2,545.9,548.55,543.25,532.65,561.8,556.5,559.15,583,575.05,583,588.3,596.25,593.6,598.9,564.45
Austria,Energy,Emissions (CO2eq) (AR5),kilotonnes,63634.45,67322.7,68481.05,73393.7,73309.4,74850,73011.9,70039.75,69765.25,64130.25,69068.6,66152.1,63330.35,63877.4,60324.65,62411,62660.3,65296.25,63051.6,64430.9,56915.25
Austria,IPPU,Emissions (CH4),kilotonnes,0.478,0.489,0.504,0.515,0.529,0.565,0.619,0.646,0.646,0.52,0.617,0.634,0.63,0.664,0.663,0.649,0.634,0.676,0.587,0.629,0.602
Austria,IPPU,Emissions (N2O),kilotonnes,3.42,3.47,3.5,3.65,1.57,1.51,1.53,1.37,1.46,1.33,1.4,1.39,1.38,1.29,1.42,1.44,1.39,1.42,1.4,1.83,1.33
Austria,IPPU,Emissions (CO2),kilotonnes,5060,5120,5230,5260,5140,5300,5940,6060,5970,4990,5180,5250,5340,5360,5330,5380,5380,5280,5320,5850,5800
Austria,IPPU,Emissions (CO2eq) from F-gases (AR5),kilotonnes,4003.6289,4023.064,5053.1238,6637.0838,6870.3049,6646.8013,7375.6173,8055.8455,8774.9439,18657.688,25459.9701,24876.9173,20698.3726,20504.0217,21767.3027,21378.6008,23224.9345,22156.0045,19823.7935,21670.1272,19726.618
Austria,IPPU,Emissions (CO2eq) from CH4 (AR5),kilotonnes,13.384,13.692,14.112,14.42,14.812,15.82,17.332,18.088,18.088,14.56,17.276,17.752,17.64,18.592,18.564,18.172,17.752,18.928,16.436,17.612,16.856
Austria,IPPU,Emissions (CO2eq) from N2O (AR5),kilotonnes,906.3,919.55,927.5,967.25,416.05,400.15,405.45,363.05,386.9,352.45,371,368.35,365.7,341.85,376.3,381.6,368.35,376.3,371,484.95,352.45
Austria,IPPU,Emissions (CO2eq) (AR5),kilotonnes,9983.3129,10076.306,11224.7358,12878.7538,12441.1669,12362.7713,13738.3993,14496.9835,15149.9319,24014.698,31028.2461,30513.0193,26421.7126,26224.4637,27492.1667,27158.3728,28991.0365,27831.2325,25531.2295,28022.6892,25895.924
Austria,Waste,Emissions (CH4),kilotonnes,159,155,157,184,154,150,145,137,134,127,127,123,117,120,117,99.5,105,105,97.9,92.7,87.9
Austria,Waste,Emissions (N2O),kilotonnes,0.746,0.776,0.806,0.825,0.875,0.888,0.89,0.901,0.899,0.903,0.907,0.92,0.933,0.929,0.955,0.967,0.988,0.986,0.988,1,1.01
Austria,Waste,Emissions (CO2),kilotonnes,1.1,1.12,1.13,1.15,1.16,1.17,0.963,0.77,0.578,0.385,0.193,0.193,0.193,0.193,0.193,0.193,0.193,0.193,0.193,0.193,0.193
Austria,Waste,Emissions (CO2eq) from CH4 (AR5),kilotonnes,4452,4340,4396,5152,4312,4200,4060,3836,3752,3556,3556,3444,3276,3360,3276,2786,2940,2940,2741.2,2595.6,2461.2
Austria,Waste,Emissions (CO2eq) from N2O (AR5),kilotonnes,197.69,205.64,213.59,218.625,231.875,235.32,235.85,238.765,238.235,239.295,240.355,243.8,247.245,246.185,253.075,256.255,261.82,261.29,261.82,265,267.65
Austria,Waste,Emissions (CO2eq) (AR5),kilotonnes,4650.79,4546.76,4610.72,5371.775,4545.035,4436.49,4296.813,4075.535,3990.813,3795.68,3796.548,3687.993,3523.438,3606.378,3529.268,3042.448,3202.013,3201.483,3003.213,2860.793,2729.043
Austria,Other,Emissions (N2O),kilotonnes,1.23,1.27,1.28,1.32,1.3,1.32,1.24,1.18,1.11,1.03,1.03,0.945,0.905,0.931,0.882,0.844,0.823,0.795,0.742,0.677,0.636
Austria,Other,Emissions (CO2eq) from N2O (AR5),kilotonnes,325.95,336.55,339.2,349.8,344.5,349.8,328.6,312.7,294.15,272.95,272.95,250.425,239.825,246.715,233.73,223.66,218.095,210.675,196.63,179.405,168.54
Austria,Other,Emissions (CO2eq) (AR5),kilotonnes,325.95,336.55,339.2,349.8,344.5,349.8,328.6,312.7,294.15,272.95,272.95,250.425,239.825,246.715,233.73,223.66,218.095,210.675,196.63,179.405,168.54
Austria,Farm-gate emissions,Emissions (CH4),kilotonnes,215.9547,214.2628,211.6142,205.5946,201.8898,200.8414,198.2727,196.9601,198.4356,196.6588,199.3208,198.5678,195.0036,193.3776,193.5247,193.6633,193.3763,193.3938,190.3569,187.6052,186.3086
Austria,Farm-gate emissions,Direct emissions (N2O),kilotonnes,5.6881,5.6278,5.7355,5.0693,5.2929,5.202,5.1977,5.1815,5.84,4.9685,5.0472,5.586,5.0905,5.2845,5.4225,5.6093,5.6077,5.4065,5.2841,5.1084,5.2522
Austria,Farm-gate emissions,Indirect emissions (N2O),kilotonnes,1.8269,1.797,1.836,1.6266,1.6818,1.6584,1.6642,1.6549,1.858,1.5807,1.6118,1.7747,1.6267,1.6916,1.7203,1.7915,1.7795,1.7274,1.6904,1.6242,1.6681
Austria,Farm-gate emissions,Emissions (N2O),kilotonnes,9.6716,9.5591,9.6945,8.7664,9.0171,8.8938,8.8846,8.8434,9.719,8.5489,8.6847,9.3809,8.7076,8.9597,9.1239,9.3797,9.3637,9.1063,8.9235,8.6621,8.8429
Austria,Farm-gate emissions,Emissions (CO2),kilotonnes,1401.4741,1400.0757,1372.5946,1393.3188,1385.1433,1315.9184,1296.9421,1270.6454,1267.5233,1221.9091,1225.0344,1197.0002,1184.006,1201.7293,1196.0062,1191.7489,1205.3152,1189.3722,1181.7541,1182.1292,1182.1441
Austria,Farm-gate emissions,Emissions (CO2eq) from CH4 (AR5),kilotonnes,6046.7324,5999.3579,5925.1989,5756.6502,5652.9137,5623.5603,5551.6354,5514.8841,5556.198,5506.4456,5580.9817,5559.8979,5460.1005,5414.5736,5418.6919,5422.5736,5414.5358,5415.0258,5329.9928,5252.9466,5216.6405
Austria,Farm-gate emissions,Emissions (CO2eq) from N2O (AR5),kilotonnes,2562.9849,2533.1635,2569.046,2323.0973,2389.5215,2356.8672,2354.4101,2343.494,2575.5476,2265.468,2301.4481,2485.943,2307.5126,2374.3132,2417.8414,2485.6127,2481.3837,2413.1639,2364.7261,2295.4485,2343.3674
Austria,Farm-gate emissions,Emissions (CO2eq) (AR5),kilotonnes,10011.1914,9932.5971,9866.8395,9473.0663,9427.5784,9296.3459,9202.9876,9129.0235,9399.2689,8993.8226,9107.4643,9242.8412,8951.6191,8990.6161,9032.5395,9099.9352,9101.2347,9017.5619,8876.473,8730.5243,8742.152
Austria,Land Use change,Emissions (CH4),kilotonnes,0,0,0,0,0,0,0,0,0,0,0,0,0,0,0,0,0,0,0,0,0
Austria,Land Use change,Emissions (N2O),kilotonnes,0,0,0,0,0,0,0,0,0,0,0,0,0,0,0,0,0,0,0,0,0
Austria,Land Use change,Emissions (CO2),kilotonnes,1810.7327,156.2675,156.2675,156.2675,156.2675,156.2675,156.2675,156.2675,156.2675,156.2675,156.2675,354.288,354.288,354.288,354.288,354.288,225.94,225.94,225.94,225.94,225.94
Austria,Land Use change,Emissions (CO2eq) from CH4 (AR5),kilotonnes,0,0,0,0,0,0,0,0,0,0,0,0,0,0,0,0,0,0,0,0,0
Austria,Land Use change,Emissions (CO2eq) from N2O (AR5),kilotonnes,0,0,0,0,0,0,0,0,0,0,0,0,0,0,0,0,0,0,0,0,0
Austria,Land Use change,Emissions (CO2eq) (AR5),kilotonnes,1810.7327,156.2675,156.2675,156.2675,156.2675,156.2675,156.2675,156.2675,156.2675,156.2675,156.2675,354.288,354.288,354.288,354.288,354.288,225.94,225.94,225.94,225.94,225.94
Austria,Emissions on agricultural land,Emissions (CH4),kilotonnes,215.9547,214.2628,211.6142,205.5946,201.8898,200.8414,198.2727,196.9601,198.4356,196.6588,199.3208,198.5678,195.0036,193.3776,193.5247,193.6633,193.3763,193.3938,190.3569,187.6052,186.3086
Austria,Emissions on agricultural land,Emissions (N2O),kilotonnes,9.6716,9.5591,9.6945,8.7664,9.0171,8.8938,8.8846,8.8434,9.719,8.5489,8.6847,9.3809,8.7076,8.9597,9.1239,9.3797,9.3637,9.1063,8.9235,8.6621,8.8429
Austria,Emissions on agricultural land,Emissions (CO2),kilotonnes,3212.2068,1556.3432,1528.8621,1549.5863,1541.4107,1472.1859,1453.2095,1426.9129,1423.7907,1378.1765,1381.3019,1551.2882,1538.294,1556.0173,1550.2942,1546.0369,1431.2552,1415.3122,1407.6941,1408.0692,1408.0841
Austria,Emissions on agricultural land,Emissions (CO2eq) from CH4 (AR5),kilotonnes,6046.7324,5999.3579,5925.1989,5756.6502,5652.9137,5623.5603,5551.6354,5514.8841,5556.198,5506.4456,5580.9817,5559.8979,5460.1005,5414.5736,5418.6919,5422.5736,5414.5358,5415.0258,5329.9928,5252.9466,5216.6405
Austria,Emissions on agricultural land,Emissions (CO2eq) from N2O (AR5),kilotonnes,2562.9849,2533.1635,2569.046,2323.0973,2389.5215,2356.8672,2354.4101,2343.494,2575.5476,2265.468,2301.4481,2485.943,2307.5126,2374.3132,2417.8414,2485.6127,2481.3837,2413.1639,2364.7261,2295.4485,2343.3674
Austria,Emissions on agricultural land,Emissions (CO2eq) (AR5),kilotonnes,11821.9241,10088.8646,10023.107,9629.3337,9583.8459,9452.6134,9359.255,9285.291,9555.5363,9150.0901,9263.7318,9597.1292,9305.9071,9344.9041,9386.8275,9454.2232,9327.1747,9243.5019,9102.413,8956.4643,8968.092
Austria,Pre- and post- production,Emissions (CH4),kilotonnes,50.6114,51.5378,55.5018,57.4903,56.8747,56.7288,56.3708,55.9658,56.2595,55.8123,55.7125,55.24,54.671,53.8571,53.1264,50.9794,50.2208,49.6673,49.3003,49.2935,48.7813
Austria,Pre- and post- production,Emissions (N2O),kilotonnes,0.5529,0.5618,0.5683,0.5617,0.5693,0.6008,0.6111,0.6347,0.6502,0.6675,0.6862,0.7045,0.7243,0.7511,0.7894,0.7874,0.8089,0.8268,0.8441,0.8613,0.8732
Austria,Pre- and post- production,Emissions (CO2),kilotonnes,5108.717,5564.6341,5890.0999,6298.966,6215.8297,6301.6208,6183.4919,5831.4522,5680.2395,5449.5234,5939.1768,5830.625,5448.7986,5735.6653,5587.1162,5748.9547,5816.5561,5869.9267,5771.273,5975.6783,5304.2383
Austria,Pre- and post- production,Emissions (CO2eq) from F-gases (AR5),kilotonnes,1116.4055,1310.6985,1487.848,1671.2315,1848.381,2088.39,2278.0075,2467.1055,2499.834,2516.9775,2526.3285,2532.5625,2536.7185,2540.355,2540.355,2540.355,2726.8555,2775.6885,2824.5215,2873.3545,2615.6545
Austria,Pre- and post- production,Emissions (CO2eq) from CH4 (AR5),kilotonnes,1417.1201,1443.0575,1554.0498,1609.7278,1592.4912,1588.4077,1578.383,1567.0422,1575.267,1562.7434,1559.9505,1546.7209,1530.7871,1507.9986,1487.5391,1427.4228,1406.1816,1390.684,1380.4092,1380.2175,1365.8762
Austria,Pre- and post- production,Emissions (CO2eq) from N2O (AR5),kilotonnes,146.5135,148.8641,150.6043,148.8426,150.8661,159.2159,161.9301,168.1976,172.2924,176.8927,181.8391,186.7031,191.9507,199.0418,209.1859,208.6585,214.3591,219.1022,223.688,228.2385,231.3941
Austria,Pre- and post- production,Emissions (CO2eq) (AR5),kilotonnes,7788.7561,8467.2543,9082.602,9728.7679,9807.568,10137.6343,10201.8125,10033.7975,9927.6329,9706.1369,10207.2949,10096.6116,9708.2549,9983.0607,9824.1962,9925.3911,10163.9523,10255.4014,10199.8916,10457.4887,9517.1631
Austria,Agri-food systems,Emissions (CH4),kilotonnes,266.5662,265.8006,267.116,263.0849,258.7645,257.5703,254.6435,252.9259,254.6952,252.471,255.0333,253.8078,249.6746,247.2347,246.6511,244.6427,243.597,243.0611,239.6572,236.8987,235.0899
Austria,Agri-food systems,Emissions (N2O),kilotonnes,10.2245,10.1209,10.2628,9.3281,9.5864,9.4947,9.4956,9.4781,10.3692,9.2165,9.3709,10.0855,9.4319,9.7108,9.9133,10.1671,10.1726,9.9331,9.7676,9.5233,9.7161
Austria,Agri-food systems,Emissions (CO2),kilotonnes,8320.9238,7120.9773,7418.962,7848.5523,7757.2404,7773.8066,7636.7014,7258.3651,7104.0303,6827.6999,7320.4787,7381.9133,6987.0926,7291.6826,7137.4104,7294.9916,7247.8113,7285.2389,7178.9671,7383.7475,6712.3224
Austria,Agri-food systems,Emissions (CO2eq) from F-gases (AR5),kilotonnes,1116.4055,1310.6985,1487.848,1671.2315,1848.381,2088.39,2278.0075,2467.1055,2499.834,2516.9775,2526.3285,2532.5625,2536.7185,2540.355,2540.355,2540.355,2726.8555,2775.6885,2824.5215,2873.3545,2615.6545
Austria,Agri-food systems,Emissions (CO2eq) from CH4 (AR5),kilotonnes,7463.8526,7442.4154,7479.2487,7366.3779,7245.4049,7211.9681,7130.0184,7081.9262,7131.465,7069.1889,7140.9322,7106.6188,6990.8875,6922.5722,6906.231,6849.9965,6820.7174,6805.7099,6710.4019,6633.1641,6582.5167
Austria,Agri-food systems,Emissions (CO2eq) from N2O (AR5),kilotonnes,2709.4983,2682.0277,2719.6503,2471.9399,2540.3876,2516.083,2516.3403,2511.6916,2747.84,2442.3607,2483.2872,2672.6462,2499.4633,2573.355,2627.0273,2694.2712,2695.7429,2632.2661,2588.4141,2523.687,2574.7615
Austria,Agri-food systems,Emissions (CO2eq) (AR5),kilotonnes,19610.6803,18556.1189,19105.709,19358.1016,19391.4139,19590.2477,19561.0675,19319.0884,19483.1693,18856.227,19471.0266,19693.7408,19014.162,19327.9648,19211.0237,19379.6142,19491.127,19498.9034,19302.3046,19413.953,18485.2551
Austria,IPCC Agriculture,Emissions (CH4),kilotonnes,215.7376,214.0462,211.3937,205.3695,201.6683,200.6335,198.0705,196.765,198.2447,196.4774,199.1416,198.3996,194.8367,193.2124,193.3625,193.4993,193.2107,193.2336,190.1953,187.4435,186.1468
Austria,IPCC Agriculture,Emissions (CH4),kilotonnes,187.0953,184.106,180.3402,178.1431,177.5986,175.3708,174.4376,175.1427,174.4544,176.7574,176.456,174.7726,173.7033,174.5486,175.7087,176.2373,176.9985,177.7953,175.3667,172.8633,171.4976
Austria,IPCC Agriculture,Direct emissions (N2O),kilotonnes,5.6881,5.6278,5.7355,5.0693,5.2929,5.202,5.1977,5.1815,5.84,4.9685,5.0472,5.586,5.0905,5.2845,5.4225,5.6093,5.6077,5.4065,5.2841,5.1084,5.2522
Austria,IPCC Agriculture,Indirect emissions (N2O),kilotonnes,1.8269,1.797,1.836,1.6266,1.6818,1.6584,1.6642,1.6549,1.858,1.5807,1.6118,1.7747,1.6267,1.6916,1.7203,1.7915,1.7795,1.7274,1.6904,1.6242,1.6681
Austria,IPCC Agriculture,Emissions (N2O),kilotonnes,9.3692,9.2578,9.3933,8.4661,8.7181,8.5968,8.5878,8.5469,9.4251,8.2589,8.3936,9.0913,8.418,8.6676,8.8344,9.0914,9.0765,8.8218,8.639,8.3785,8.5594
Austria,IPCC Agriculture,Emissions (N2O),kilotonnes,8.7548,8.7529,8.6741,8.3403,8.2645,8.2147,8.1796,8.2607,8.6506,8.4982,8.0617,8.4796,8.3633,8.2935,8.6604,8.6696,8.9925,8.7451,8.5588,8.4307,8.4828
Austria,IPCC Agriculture,Emissions (CO2),kilotonnes,89.3332,92.168,96.5315,93.9354,90.5687,95.5429,103.0398,109.9187,124.6721,126.083,112.3497,125.9925,133.665,127.2098,132.7765,145.4852,151.6068,150.7071,154.8252,150.7764,148.9447
Austria,IPCC Agriculture,Emissions (CO2eq) from CH4 (AR5),kilotonnes,6040.6516,5993.2927,5919.0228,5750.3465,5646.7128,5617.7376,5545.9741,5509.4193,5550.8528,5501.366,5575.9656,5555.1889,5455.4281,5409.9461,5414.1504,5417.9818,5409.8995,5410.5421,5325.469,5248.4175,5212.1113
Austria,IPCC Agriculture,Emissions (CO2eq) from CH4 (AR5),kilotonnes,5238.6673,5154.9674,5049.5253,4988.0069,4972.7621,4910.3814,4884.2522,4903.9962,4884.7226,4949.208,4940.7686,4893.6329,4863.6928,4887.3613,4919.8435,4934.6454,4955.9594,4978.2683,4910.2676,4840.171,4801.9322
Austria,IPCC Agriculture,Emissions (CO2eq) from N2O (AR5),kilotonnes,2482.8277,2453.3292,2489.2132,2243.5244,2310.3037,2278.1594,2275.7687,2264.9174,2497.6424,2188.6207,2224.2926,2409.1899,2230.7673,2296.9174,2341.1099,2409.2086,2405.284,2337.7752,2289.3297,2220.314,2268.233
Austria,IPCC Agriculture,Emissions (CO2eq) from N2O (AR5),kilotonnes,2320.0177,2319.5118,2298.6396,2210.1685,2190.0949,2176.9003,2167.5861,2189.0741,2292.4059,2252.027,2136.3499,2247.0959,2216.2724,2197.7649,2295.0136,2297.4501,2383.0236,2317.4639,2268.0728,2234.1419,2247.9354
Austria,IPCC Agriculture,Emissions (CO2eq) (AR5),kilotonnes,8523.4793,8446.6219,8408.2359,7993.8709,7957.0165,7895.897,7821.7428,7774.3367,8048.4952,7689.9867,7800.2583,7964.3788,7686.1954,7706.8635,7755.2603,7827.1904,7815.1835,7748.3173,7614.7987,7468.7315,7480.3443
Austria,IPCC Agriculture,Emissions (CO2eq) (AR5),kilotonnes,7648.0182,7566.6472,7444.6964,7292.1107,7253.4256,7182.8246,7154.8781,7202.9889,7301.8005,7327.318,7189.4681,7266.7213,7213.6302,7212.3359,7347.6336,7377.5807,7490.5898,7446.4393,7333.1656,7225.0893,7198.8124
Austria,Agricultural Soils,Direct emissions (N2O),kilotonnes,5.6881,5.6278,5.7355,5.0693,5.2929,5.202,5.1977,5.1815,5.84,4.9685,5.0472,5.586,5.0905,5.2845,5.4225,5.6093,5.6077,5.4065,5.2841,5.1084,5.2522
Austria,Agricultural Soils,Direct emissions (N2O),kilotonnes,5.9285,5.9411,5.9159,5.6271,5.5787,5.5429,5.5042,5.5382,5.9011,5.7197,5.3295,5.7007,5.5855,5.5116,5.8124,5.7924,6.0551,5.8026,5.6683,5.5819,5.639
Austria,Agricultural Soils,Indirect emissions (N2O),kilotonnes,1.8269,1.797,1.836,1.6266,1.6818,1.6584,1.6642,1.6549,1.858,1.5807,1.6118,1.7747,1.6267,1.6916,1.7203,1.7915,1.7795,1.7274,1.6904,1.6242,1.6681
Austria,Agricultural Soils,Indirect emissions (N2O),kilotonnes,1.1227,1.1167,1.1066,1.0689,1.0556,1.0504,1.0497,1.0633,1.1077,1.0959,1.0412,1.0863,1.0776,1.0691,1.1131,1.1187,1.1588,1.131,1.1033,1.0787,1.0822
Austria,Agricultural Soils,Emissions (N2O),kilotonnes,7.7113,7.6216,7.7691,6.8918,7.1737,7.062,7.0626,7.0371,7.8987,6.7509,6.8616,7.5633,6.9198,7.1801,7.3469,7.605,7.5913,7.338,7.1783,6.9369,7.1246
Austria,Agricultural Soils,Emissions (N2O),kilotonnes,7.0511,7.0578,7.0225,6.696,6.6344,6.5933,6.5539,6.6015,7.0088,6.8157,6.3707,6.7869,6.663,6.5807,6.9255,6.9111,7.2139,6.9335,6.7715,6.6606,6.7212
Austria,Agricultural Soils,Emissions (CO2eq) from N2O (AR5),kilotonnes,2043.4895,2019.7161,2058.8155,1826.3283,1901.0187,1871.4235,1871.5796,1864.8357,2093.159,1788.9907,1818.3292,2004.2708,1833.7574,1902.7314,1946.9276,2015.3155,2011.6955,1944.5796,1902.2609,1838.2813,1888.0322
Austria,Agricultural Soils,Emissions (CO2eq) from N2O (AR5),kilotonnes,1868.5516,1870.31,1860.9691,1774.438,1758.1077,1747.2179,1736.7832,1749.3866,1857.3193,1806.1488,1688.2296,1798.5289,1765.7068,1743.8775,1835.2574,1831.4481,1911.6952,1837.3889,1794.4525,1765.0554,1781.113
Austria,Agricultural Soils,Emissions (CO2eq) (AR5),kilotonnes,2043.4895,2019.7161,2058.8155,1826.3283,1901.0187,1871.4235,1871.5796,1864.8357,2093.159,1788.9907,1818.3292,2004.2708,1833.7574,1902.7314,1946.9276,2015.3155,2011.6955,1944.5796,1902.2609,1838.2813,1888.0322
Austria,Agricultural Soils,Emissions (CO2eq) (AR5),kilotonnes,1868.5516,1870.31,1860.9691,1774.438,1758.1077,1747.2179,1736.7832,1749.3866,1857.3193,1806.1488,1688.2296,1798.5289,1765.7068,1743.8775,1835.2574,1831.4481,1911.6952,1837.3889,1794.4525,1765.0554,1781.113
Austria,LULUCF,Emissions (CH4),kilotonnes,0.0021,0,0.0025,0.0125,0,0.0624,0,0.0025,0,0.0075,0,0,0.0075,0.02,0.025,0,0.0075,0.0125,0.0324,0.0075,0.0025
Austria,LULUCF,Emissions (CH4),kilotonnes,0.9554,0.9537,0.9693,0.9685,0.9531,0.9544,0.9584,0.9549,0.9561,0.9567,0.956,0.9556,0.9566,0.9599,0.9567,0.9644,0.9533,0.9548,0.9579,0.9553,
Austria,LULUCF,Emissions (N2O),kilotonnes,0.0001,0,0.0002,0.0011,0,0.0057,0,0.0002,0,0.0007,0,0,0.0007,0.0018,0.0023,0,0.0007,0.0011,0.003,0.0007,0.0002
Austria,LULUCF,Emissions (N2O),kilotonnes,0.3735,0.3682,0.3683,0.3674,0.3625,0.3593,0.3609,0.3614,0.3666,0.3669,0.3685,0.3765,0.3861,0.3907,0.4027,0.4186,0.4253,0.4271,0.4272,0.4305,
Austria,LULUCF,Emissions (CO2),kilotonnes,-13294.1121,-5981.2415,-5980.2753,-5982.6623,-5978.3768,-5974.7205,-5975.9928,-5975.9928,-5975.9928,-5974.4881,-5973.2695,-6877.2592,-6877.1218,-6875.2865,-6875.1499,-6875.1499,-6926.9354,-6926.9204,-6927.3615,-6926.6841,-6926.6692
Austria,LULUCF,Emissions (CO2),kilotonnes,-16762.4026,-19601.7641,-14561.1731,-5162.6918,-9501.7593,-10964.0402,-5206.3448,-5433.1119,-4142.1231,-4499.4097,-5858.1091,-6238.97,-5590.3259,-4623.8699,-4494.4166,-4311.4662,-4164.2132,-4896.3095,-5278.0597,-4788.484,
Austria,LULUCF,Emissions (CO2eq) from CH4 (AR5),kilotonnes,0.0592,0,0.0699,0.3493,0,1.7472,0,0.0699,0,0.2096,0,0,0.2096,0.5589,0.6987,0,0.2096,0.3493,0.9082,0.2096,0.0699
Austria,LULUCF,Emissions (CO2eq) from N2O (AR5),kilotonnes,0.031,0,0.0604,0.3018,0,1.5098,0,0.0604,0,0.1811,0,0,0.1811,0.483,0.6037,0,0.1811,0.3019,0.7848,0.1811,0.0604
Austria,LULUCF,Emissions (CO2eq) (AR5),kilotonnes,-13294.0219,-5981.2415,-5980.145,-5982.0112,-5978.3768,-5971.4636,-5975.9928,-5975.8625,-5975.9928,-5974.0974,-5973.2695,-6877.2592,-6876.7312,-6874.2446,-6873.8475,-6875.1499,-6926.5446,-6926.2692,-6925.6684,-6926.2934,-6926.539
Austria,LULUCF,Emissions (CO2eq) (AR5),kilotonnes,-16762.4026,-19601.7641,-14561.1731,-5162.6918,-9501.7593,-10964.0402,-5206.3448,-5433.1119,-4142.1231,-4499.4097,-5858.1091,-6238.97,-5590.3259,-4623.8699,-4494.4166,-4311.4662,-4164.2132,-4896.3095,-5278.0597,-4788.484,
Austria,AFOLU,Emissions (CH4),kilotonnes,215.7397,214.0462,211.3962,205.382,201.6683,200.6959,198.0705,196.7675,198.2447,196.4848,199.1416,198.3996,194.8442,193.2323,193.3875,193.4993,193.2182,193.2461,190.2278,187.451,186.1493
Austria,AFOLU,Emissions (N2O),kilotonnes,9.3693,9.2578,9.3935,8.4673,8.7181,8.6025,8.5878,8.5471,9.4251,8.2596,8.3936,9.0913,8.4187,8.6694,8.8367,9.0914,9.0772,8.8229,8.6419,8.3792,8.5596
Austria,AFOLU,Emissions (CO2),kilotonnes,-13294.1121,-5981.2415,-5980.2753,-5982.6623,-5978.3768,-5974.7205,-5975.9928,-5975.9928,-5975.9928,-5974.4881,-5973.2695,-6877.2592,-6877.1218,-6875.2865,-6875.1499,-6875.1499,-6926.9354,-6926.9204,-6927.3615,-6926.6841,-6926.6692
Austria,AFOLU,Emissions (CO2eq) from CH4 (AR5),kilotonnes,6040.7108,5993.2927,5919.0927,5750.6958,5646.7128,5619.4848,5545.9741,5509.4892,5550.8528,5501.5756,5575.9656,5555.1889,5455.6377,5410.5051,5414.8491,5417.9818,5410.1092,5410.8914,5326.3772,5248.6271,5212.1812
Austria,AFOLU,Emissions (CO2eq) from N2O (AR5),kilotonnes,2482.8587,2453.3292,2489.2736,2243.8262,2310.3037,2279.6692,2275.7687,2264.9778,2497.6424,2188.8018,2224.2926,2409.1899,2230.9484,2297.4004,2341.7136,2409.2086,2405.4651,2338.0771,2290.1145,2220.4951,2268.2933
Austria,AFOLU,Emissions (CO2eq) (AR5),kilotonnes,-4770.5426,2465.3804,2428.091,2011.8597,1978.6397,1924.4335,1845.7499,1798.4741,2072.5023,1715.8893,1826.9887,1087.1196,809.4642,832.6189,881.4128,952.0405,888.6389,822.0481,689.1303,542.4381,553.8053
Austria,All sectors with LULUCF,Emissions (CH4),kilotonnes,459.3177,455.9352,457.1002,477.697,440.7973,433.3609,428.1895,419.8135,419.3907,413.2048,419.8586,414.7336,407.8742,413.6963,409.2505,394.6483,397.8522,398.9221,387.2148,374.78,365.7513
Austria,All sectors with LULUCF,Emissions (N2O),kilotonnes,16.5753,16.6738,16.9095,16.2823,14.5031,14.4005,14.3078,14.0681,14.9441,13.5326,13.8506,14.4463,13.7467,14.0194,14.2637,14.5424,14.4982,14.2739,14.0119,14.1462,13.6656
Austria,All sectors with LULUCF,Emissions (CO2),kilotonnes,52566.9879,63539.8785,64750.8547,69678.4877,69562.7832,71326.4495,70064.9702,67184.7772,66794.5852,60115.8969,65106.9235,61372.9338,58563.0712,58984.9065,55455.0431,57505.0431,57753.2576,60253.2726,58092.8315,60123.5089,52673.5238
Austria,All sectors with LULUCF,Emissions (CO2eq) from F-gases (AR5),kilotonnes,4003.6289,4023.064,5053.1238,6637.0838,6870.3049,6646.8013,7375.6173,8055.8455,8774.9439,18657.688,25459.9701,24876.9173,20698.3726,20504.0217,21767.3027,21378.6008,23224.9345,22156.0045,19823.7935,21670.1272,19726.618
Austria,All sectors with LULUCF,Emissions (CO2eq) from CH4 (AR5),kilotonnes,12860.8948,12766.1847,12798.8047,13375.5158,12342.3248,12134.1048,11989.3061,11754.7772,11742.9408,11569.7356,11756.0416,11612.5409,11420.4777,11583.4971,11459.0131,11050.1538,11139.8612,11169.8194,10842.0132,10493.8391,10241.0372
Austria,All sectors with LULUCF,Emissions (CO2eq) from N2O (AR5),kilotonnes,4392.4487,4418.5692,4481.0136,4314.8012,3843.3287,3816.1392,3791.5687,3728.0428,3960.1774,3586.1468,3670.3976,3828.2649,3642.8684,3715.1504,3779.8686,3853.7236,3842.0301,3782.5921,3713.1645,3748.7501,3621.3833
Austria,All sectors with LULUCF,Emissions (CO2eq) (AR5),kilotonnes,73823.9603,84747.6964,87083.7968,94005.8885,92618.7416,93923.4948,93221.4622,90723.4426,91272.6472,93929.4673,105993.3328,101690.6569,94324.7898,94787.5756,92461.2275,93787.5213,95960.0835,97361.6885,92471.8027,96036.2253,86262.5623
Austria,All sectors without LULUCF,Emissions (CH4),kilotonnes,459.3156,455.9352,457.0977,477.6845,440.7973,433.2985,428.1895,419.811,419.3907,413.1974,419.8586,414.7336,407.8667,413.6764,409.2255,394.6483,397.8447,398.9096,387.1823,374.7725,365.7488
Austria,All sectors without LULUCF,Emissions (N2O),kilotonnes,16.5752,16.6738,16.9093,16.2811,14.5031,14.3948,14.3078,14.0679,14.9441,13.5319,13.8506,14.4463,13.746,14.0176,14.2614,14.5424,14.4975,14.2728,14.009,14.1455,13.6654
Austria,All sectors without LULUCF,Emissions (CO2),kilotonnes,65861.1,69521.12,70731.13,75661.15,75541.16,77301.17,76040.963,73160.77,72770.578,66090.385,71080.193,68250.193,65440.193,65860.193,62330.193,64380.193,64680.193,67180.193,65020.193,67050.193,59600.193
Austria,All sectors without LULUCF,Emissions (CO2eq) from F-gases (AR5),kilotonnes,4003.6289,4023.064,5053.1238,6637.0838,6870.3049,6646.8013,7375.6173,8055.8455,8774.9439,18657.688,25459.9701,24876.9173,20698.3726,20504.0217,21767.3027,21378.6008,23224.9345,22156.0045,19823.7935,21670.1272,19726.618
Austria,All sectors without LULUCF,Emissions (CO2eq) from CH4 (AR5),kilotonnes,12860.8356,12766.1847,12798.7348,13375.1665,12342.3248,12132.3576,11989.3061,11754.7073,11742.9408,11569.526,11756.0416,11612.5409,11420.2681,11582.9381,11458.3144,11050.1538,11139.6515,11169.4701,10841.105,10493.6295,10240.9673
Austria,All sectors without LULUCF,Emissions (CO2eq) from N2O (AR5),kilotonnes,4392.4177,4418.5692,4480.9532,4314.4994,3843.3287,3814.6294,3791.5687,3727.9824,3960.1774,3585.9657,3670.3976,3828.2649,3642.6873,3714.6674,3779.2649,3853.7236,3841.849,3782.2902,3712.3797,3748.569,3621.323
Austria,All sectors without LULUCF,Emissions (CO2eq) (AR5),kilotonnes,87117.9822,90728.9379,93063.9418,99987.8997,98597.1184,99894.9584,99197.455,96699.3052,97248.64,99903.5647,111966.6023,108567.9161,101201.521,101661.8202,99335.075,100662.6712,102886.628,104287.9578,99397.4712,102962.5187,93189.1013
Azerbaijan,Crop Residues,Direct emissions (N2O),kilotonnes,0.3322,0.4251,0.463,0.435,0.4591,0.4569,0.445,0.429,0.526,0.627,0.4406,0.5188,0.5823,0.6104,0.501,0.603,0.621,0.5926,0.6617,0.7021,0.6465
Azerbaijan,Crop Residues,Indirect emissions (N2O),kilotonnes,0.0747,0.0957,0.1042,0.0979,0.1033,0.1028,0.1001,0.0965,0.1183,0.1411,0.0991,0.1167,0.131,0.1373,0.1127,0.1357,0.1397,0.1333,0.1489,0.158,0.1455
Azerbaijan,Crop Residues,Emissions (N2O),kilotonnes,0.4069,0.5208,0.5672,0.5329,0.5624,0.5597,0.5451,0.5255,0.6443,0.768,0.5397,0.6355,0.7133,0.7477,0.6138,0.7387,0.7607,0.7259,0.8106,0.8601,0.792
Azerbaijan,Crop Residues,Emissions (CO2eq) from N2O (AR5),kilotonnes,107.8332,138.0117,150.2983,141.2251,149.0381,148.3113,144.4485,139.258,170.7504,203.5256,143.0313,168.4057,189.0175,198.1495,162.6529,195.7459,201.5908,192.3736,214.7998,227.917,209.8803
Azerbaijan,Crop Residues,Emissions (CO2eq) (AR5),kilotonnes,107.8332,138.0117,150.2983,141.2251,149.0381,148.3113,144.4485,139.258,170.7504,203.5256,143.0313,168.4057,189.0175,198.1495,162.6529,195.7459,201.5908,192.3736,214.7998,227.917,209.8803
Azerbaijan,Rice Cultivation,Emissions (CH4),kilotonnes,1.246,1.0604,1.0013,0.9316,0.7204,0.6479,0.336,0.2954,0.3744,0.4822,0.4592,0.4939,0.4718,0.5933,0.3044,0.3349,0.7028,1.4288,1.1295,1.1225,0.8403
Azerbaijan,Rice Cultivation,Emissions (CO2eq) from CH4 (AR5),kilotonnes,34.888,29.6901,28.0358,26.0837,20.1723,18.1418,9.408,8.2712,10.4821,13.5005,12.8576,13.8298,13.2104,16.613,8.5221,9.3766,19.6784,40.0075,31.6266,31.4306,23.5278
Azerbaijan,Rice Cultivation,Emissions (CO2eq) (AR5),kilotonnes,34.888,29.6901,28.0358,26.0837,20.1723,18.1418,9.408,8.2712,10.4821,13.5005,12.8576,13.8298,13.2104,16.613,8.5221,9.3766,19.6784,40.0075,31.6266,31.4306,23.5278
Azerbaijan,Burning - Crop residues,Emissions (CH4),kilotonnes,0.6276,0.7058,0.7872,0.7288,0.7532,0.7279,0.6932,0.6217,0.7439,0.9601,0.7921,0.7995,0.8411,0.8517,0.7559,0.6815,0.7384,0.7476,0.8237,0.818,0.7309
Azerbaijan,Burning - Crop residues,Emissions (CH4),kilotonnes,0.3,0.32,0.31,0.37,0.49,0.66,,0.42,0.32,0.25,0.25,0.21,0.22,,,,,,,,
Azerbaijan,Burning - Crop residues,Emissions (N2O),kilotonnes,0.0163,0.0183,0.0204,0.0189,0.0195,0.0189,0.018,0.0161,0.0193,0.0249,0.0205,0.0207,0.0218,0.0221,0.0196,0.0177,0.0191,0.0194,0.0214,0.0212,0.0189
Azerbaijan,Burning - Crop residues,Emissions (CO2eq) from CH4 (AR5),kilotonnes,17.5732,19.7613,22.0429,20.4054,21.0906,20.381,19.4109,17.4074,20.8281,26.884,22.1783,22.3855,23.5508,23.8475,21.164,19.0807,20.6742,20.9338,23.0631,22.9039,20.4647
Azerbaijan,Burning - Crop residues,Emissions (CO2eq) from CH4 (AR5),kilotonnes,8.4,8.96,8.68,10.36,13.72,18.48,,11.76,8.96,7,7,5.88,6.16,,,,,,,,
Azerbaijan,Burning - Crop residues,Emissions (CO2eq) from N2O (AR5),kilotonnes,4.3119,4.8488,5.4087,5.0069,5.175,5.0009,4.7629,4.2712,5.1106,6.5965,5.4419,5.4927,5.7787,5.8515,5.193,4.6818,5.0728,5.1365,5.659,5.6199,5.0214
Azerbaijan,Burning - Crop residues,Emissions (CO2eq) (AR5),kilotonnes,21.8851,24.6102,27.4516,25.4123,26.2657,25.3819,24.1738,21.6786,25.9387,33.4805,27.6202,27.8782,29.3295,29.699,26.3571,23.7625,25.7471,26.0704,28.7221,28.5239,25.4862
Azerbaijan,Burning - Crop residues,Emissions (CO2eq) (AR5),kilotonnes,8.4,8.96,8.68,10.36,13.72,18.48,,11.76,8.96,7,7,5.88,6.16,,,,,,,,
Azerbaijan,Enteric Fermentation,Emissions (CH4),kilotonnes,110.0727,116.1965,119.5937,124.9371,128.969,132.9005,138.2489,141.6119,145.2511,147.9325,150.0204,150.2239,151.6537,153.1477,154.205,154.3489,153.0588,150.8969,148.9306,147.4804,146.6503
Azerbaijan,Enteric Fermentation,Emissions (CH4),kilotonnes,129.12,135.19,141.19,145.69,150.32,153.68,162.95,167.39,176.58,173.99,175.4,170.6,166.05,176.8085,,,,,,,
Azerbaijan,Enteric Fermentation,Emissions (CO2eq) from CH4 (AR5),kilotonnes,3082.037,3253.5013,3348.6234,3498.2378,3611.1333,3721.2147,3870.9704,3965.1319,4067.032,4142.111,4200.5704,4206.2696,4246.3027,4288.1357,4317.7395,4321.7679,4285.6476,4225.1142,4170.0576,4129.4499,4106.2073
Azerbaijan,Enteric Fermentation,Emissions (CO2eq) from CH4 (AR5),kilotonnes,3615.36,3785.32,3953.32,4079.32,4208.96,4303.04,4562.6,4686.92,4944.24,4871.72,4911.2,4776.8,4649.4,4950.638,,,,,,,
Azerbaijan,Enteric Fermentation,Emissions (CO2eq) (AR5),kilotonnes,3082.037,3253.5013,3348.6234,3498.2378,3611.1333,3721.2147,3870.9704,3965.1319,4067.032,4142.111,4200.5704,4206.2696,4246.3027,4288.1357,4317.7395,4321.7679,4285.6476,4225.1142,4170.0576,4129.4499,4106.2073
Azerbaijan,Enteric Fermentation,Emissions (CO2eq) (AR5),kilotonnes,3615.36,3785.32,3953.32,4079.32,4208.96,4303.04,4562.6,4686.92,4944.24,4871.72,4911.2,4776.8,4649.4,4950.638,,,,,,,
Azerbaijan,Manure Management,Emissions (CH4),kilotonnes,4.4758,4.7486,4.8046,4.9893,5.1302,5.2735,5.5229,5.6421,5.7762,5.8495,5.8791,5.8756,5.9162,5.9704,6.0374,6.0046,5.9074,5.8284,5.7193,5.6608,5.5819
Azerbaijan,Manure Management,Emissions (CH4),kilotonnes,14.59,15.28,15.97,16.56,17.21,17.69,18.12,18.68,20.57,19.52,19.74,20.01,19.37,16.9678,,,,,,,
Azerbaijan,Manure Management,Emissions (N2O),kilotonnes,0.0878,0.0899,0.0926,0.0965,0.1004,0.1033,0.1055,0.1071,0.1101,0.1121,0.1105,0.1109,0.1128,0.1152,0.12,0.1202,0.1187,0.1194,0.1177,0.1183,0.1158
Azerbaijan,Manure Management,Emissions (N2O),kilotonnes,1.95,1.99,2.04,2.07,2.12,2.15,2.17,2.21,2.23,2.24,2.25,2.21,1.98,2.1797,,,,,,,
Azerbaijan,Manure Management,Emissions (CO2eq) from CH4 (AR5),kilotonnes,125.3215,132.9616,134.5276,139.7015,143.646,147.6573,154.6408,157.9801,161.7338,163.7851,164.6155,164.5156,165.6523,167.1711,169.0469,168.1289,165.4081,163.1965,160.1391,158.5021,156.2929
Azerbaijan,Manure Management,Emissions (CO2eq) from CH4 (AR5),kilotonnes,408.52,427.84,447.16,463.68,481.88,495.32,507.36,523.04,575.96,546.56,552.72,560.28,542.36,475.0984,,,,,,,
Azerbaijan,Manure Management,Emissions (CO2eq) from N2O (AR5),kilotonnes,23.2774,23.8284,24.5313,25.5693,26.6059,27.3877,27.9595,28.3733,29.1821,29.6988,29.2699,29.3777,29.9004,30.5299,31.8121,31.8479,31.4546,31.6527,31.1956,31.3472,30.6962
Azerbaijan,Manure Management,Emissions (CO2eq) from N2O (AR5),kilotonnes,516.75,527.35,540.6,548.55,561.8,569.75,575.05,585.65,590.95,593.6,596.25,585.65,524.7,577.6205,,,,,,,
Azerbaijan,Manure Management,Emissions (CO2eq) (AR5),kilotonnes,148.599,156.79,159.059,165.2708,170.2519,175.045,182.6003,186.3534,190.9159,193.4839,193.8854,193.8933,195.5527,197.701,200.859,199.9768,196.8627,194.8492,191.3347,189.8493,186.9892
Azerbaijan,Manure Management,Emissions (CO2eq) (AR5),kilotonnes,925.27,955.19,987.76,1012.23,1043.68,1065.07,1082.41,1108.69,1166.91,1140.16,1148.97,1145.93,1067.06,1052.7189,,,,,,,
Azerbaijan,Manure left on Pasture,Direct emissions (N2O),kilotonnes,4.2184,4.4659,4.6146,4.8342,5.0072,5.1773,5.4059,5.5574,5.7311,5.9006,6.0051,6.0286,6.1082,6.1961,6.3021,6.3327,6.332,6.294,6.2444,6.2239,6.2008
Azerbaijan,Manure left on Pasture,Indirect emissions (N2O),kilotonnes,1.1427,1.2087,1.2598,1.3243,1.3734,1.4178,1.4749,1.5137,1.5607,1.6036,1.6351,1.6367,1.6563,1.6788,1.7041,1.7113,1.7082,1.6929,1.6756,1.6661,1.6566
Azerbaijan,Manure left on Pasture,Emissions (N2O),kilotonnes,5.3611,5.6746,5.8744,6.1584,6.3806,6.5951,6.8808,7.0711,7.2918,7.5041,7.6402,7.6653,7.7645,7.8749,8.0062,8.044,8.0402,7.987,7.92,7.89,7.8575
Azerbaijan,Manure left on Pasture,Emissions (CO2eq) from N2O (AR5),kilotonnes,1420.6979,1503.7818,1556.7076,1631.9861,1690.8691,1747.6981,1823.4062,1873.8413,1932.3178,1988.5932,2024.6512,2031.3127,2057.6021,2086.8546,2121.6302,2131.6537,2130.6512,2116.5469,2098.7961,2090.8493,2082.2343
Azerbaijan,Manure left on Pasture,Emissions (CO2eq) (AR5),kilotonnes,1420.6979,1503.7818,1556.7076,1631.9861,1690.8691,1747.6981,1823.4062,1873.8413,1932.3178,1988.5932,2024.6512,2031.3127,2057.6021,2086.8546,2121.6302,2131.6537,2130.6512,2116.5469,2098.7961,2090.8493,2082.2343
Azerbaijan,Manure applied to Soils,Direct emissions (N2O),kilotonnes,0.1757,0.1791,0.1853,0.1905,0.1957,0.2005,0.2025,0.2049,0.2113,0.2173,0.2145,0.2131,0.2161,0.2194,0.2275,0.2267,0.2201,0.2192,0.2126,0.2118,0.2044
Azerbaijan,Manure applied to Soils,Indirect emissions (N2O),kilotonnes,0.0747,0.0761,0.0787,0.081,0.0832,0.0852,0.0861,0.0871,0.0898,0.0923,0.0912,0.0906,0.0918,0.0932,0.0967,0.0963,0.0936,0.0932,0.0904,0.09,0.0869
Azerbaijan,Manure applied to Soils,Emissions (N2O),kilotonnes,0.2503,0.2553,0.264,0.2715,0.2789,0.2857,0.2886,0.292,0.3011,0.3096,0.3056,0.3037,0.3079,0.3126,0.3242,0.323,0.3137,0.3123,0.303,0.3019,0.2913
Azerbaijan,Manure applied to Soils,Emissions (CO2eq) from N2O (AR5),kilotonnes,66.3351,67.647,69.9581,71.9421,73.8978,75.7059,76.4697,77.3779,79.7986,82.054,80.9903,80.4898,81.5877,82.8386,85.9257,85.5954,83.1228,82.7678,80.2921,79.9922,77.1931
Azerbaijan,Manure applied to Soils,Emissions (CO2eq) (AR5),kilotonnes,66.3351,67.647,69.9581,71.9421,73.8978,75.7059,76.4697,77.3779,79.7986,82.054,80.9903,80.4898,81.5877,82.8386,85.9257,85.5954,83.1228,82.7678,80.2921,79.9922,77.1931
Azerbaijan,Synthetic Fertilizers,Direct emissions (N2O),kilotonnes,0.033,0.1556,0.2475,0.1978,0.3087,0.2762,0.3199,0.2637,0.4662,0.3029,0.2013,0.3538,0.4328,0.399,0.5965,1.4101,1.3606,1.1265,1.869,2.3366,3.3374
Azerbaijan,Synthetic Fertilizers,Indirect emissions (N2O),kilotonnes,0.0107,0.0506,0.0804,0.0643,0.1003,0.0898,0.104,0.0857,0.1515,0.0985,0.0654,0.115,0.1407,0.1297,0.1939,0.4583,0.4422,0.3661,0.6074,0.7594,1.0846
Azerbaijan,Synthetic Fertilizers,Emissions (N2O),kilotonnes,0.0437,0.2061,0.328,0.2621,0.409,0.3659,0.4238,0.3494,0.6178,0.4014,0.2668,0.4687,0.5734,0.5287,0.7903,1.8683,1.8028,1.4927,2.4764,3.096,4.422
Azerbaijan,Synthetic Fertilizers,Emissions (CO2eq) from N2O (AR5),kilotonnes,11.5871,54.625,86.909,69.4455,108.3948,96.9732,112.3179,92.6032,163.7095,106.3643,70.6925,124.214,151.9641,140.0923,209.4362,495.1123,477.7427,395.5569,656.239,820.4512,1171.8356
Azerbaijan,Synthetic Fertilizers,Emissions (CO2eq) (AR5),kilotonnes,11.5871,54.625,86.909,69.4455,108.3948,96.9732,112.3179,92.6032,163.7095,106.3643,70.6925,124.214,151.9641,140.0923,209.4362,495.1123,477.7427,395.5569,656.239,820.4512,1171.8356
Azerbaijan,Drained organic soils,Emissions (CO2eq) (AR5),kilotonnes,0,0,0,0,0,0,0,0,0,0,0,0,0,0,0,0,0,0,0,0,0
Azerbaijan,Drained organic soils (CO2),Emissions (CO2),kilotonnes,0,0,0,0,0,0,0,0,0,0,0,0,0,0,0,0,0,0,0,0,0
Azerbaijan,Drained organic soils (CO2),Emissions (CO2eq) (AR5),kilotonnes,0,0,0,0,0,0,0,0,0,0,0,0,0,0,0,0,0,0,0,0,0
Azerbaijan,Drained organic soils (N2O),Emissions (N2O),kilotonnes,0,0,0,0,0,0,0,0,0,0,0,0,0,0,0,0,0,0,0,0,0
Azerbaijan,Drained organic soils (N2O),Emissions (CO2eq) from N2O (AR5),kilotonnes,0,0,0,0,0,0,0,0,0,0,0,0,0,0,0,0,0,0,0,0,0
Azerbaijan,Drained organic soils (N2O),Emissions (CO2eq) (AR5),kilotonnes,0,0,0,0,0,0,0,0,0,0,0,0,0,0,0,0,0,0,0,0,0
Azerbaijan,On-farm energy use,Emissions (CH4),kilotonnes,0.0411,0.0464,0.0548,0.0488,0.0552,0.0722,0.0536,0.0791,0.0923,0.1126,0.1102,0.1113,0.1117,0.1123,0.1032,0.1021,0.1009,0.0848,0.0885,0.0859,0.0859
Azerbaijan,On-farm energy use,Emissions (N2O),kilotonnes,0.0694,0.0928,0.0745,0.0695,0.0991,0.1975,0.0279,0.2198,0.2729,0.3641,0.3799,0.3935,0.3972,0.4058,0.386,0.3713,0.3259,0.3525,0.377,0.3752,0.3752
Azerbaijan,On-farm energy use,Emissions (CO2),kilotonnes,219.0177,276.5262,352.1765,262.2869,356.8257,610.2574,191.0109,639.1608,795.5834,1036.0204,1073.2285,1118.5945,1149.3204,1185.2115,1139.9895,1115.5923,1035.7704,1066.753,1172.9109,1179.6027,1179.6027
Azerbaijan,On-farm energy use,Emissions (CO2eq) from CH4 (AR5),kilotonnes,1.1519,1.2997,1.5352,1.3659,1.5455,2.0219,1.5019,2.2151,2.5847,3.1539,3.0852,3.1157,3.1274,3.1456,2.8894,2.8596,2.8261,2.3753,2.477,2.404,2.404
Azerbaijan,On-farm energy use,Emissions (CO2eq) from N2O (AR5),kilotonnes,18.3784,24.5835,19.754,18.4243,26.2579,52.3401,7.4045,58.2388,72.3156,96.4736,100.6801,104.2677,105.253,107.5385,102.3005,98.3961,86.3764,93.418,99.8999,99.4202,99.4202
Azerbaijan,On-farm energy use,Emissions (CO2eq) (AR5),kilotonnes,238.548,302.4094,373.4657,282.0771,384.629,664.6195,199.9172,699.6148,870.4837,1135.6479,1176.9938,1225.9779,1257.7007,1295.8956,1245.1794,1216.848,1124.9729,1162.5464,1275.2878,1281.4269,1281.4269
Azerbaijan,Forestland,Emissions (CO2),kilotonnes,-1578.8881,-1995.4258,-1995.4258,-1995.4258,-1995.4258,-1995.4258,-1995.4258,-1995.4258,-1995.4258,-1995.4258,-1995.4258,-2848.35,-2848.35,-2848.35,-2848.35,-2848.35,-2370.8966,-2370.8966,-2370.8966,-2370.8966,-2370.8966
Azerbaijan,Forestland,Emissions (CO2eq) (AR5),kilotonnes,-1578.8881,-1995.4258,-1995.4258,-1995.4258,-1995.4258,-1995.4258,-1995.4258,-1995.4258,-1995.4258,-1995.4258,-1995.4258,-2848.35,-2848.35,-2848.35,-2848.35,-2848.35,-2370.8966,-2370.8966,-2370.8966,-2370.8966,-2370.8966
Azerbaijan,Net Forest conversion,Emissions (CO2),kilotonnes,0,180.7511,180.7511,180.7511,180.7511,180.7511,180.7511,180.7511,180.7511,180.7511,180.7511,0,0,0,0,0,454.8745,454.8745,454.8745,454.8745,454.8745
Azerbaijan,Net Forest conversion,Emissions (CO2eq) (AR5),kilotonnes,0,180.7511,180.7511,180.7511,180.7511,180.7511,180.7511,180.7511,180.7511,180.7511,180.7511,0,0,0,0,0,454.8745,454.8745,454.8745,454.8745,454.8745
Azerbaijan,Savanna fires,Emissions (CH4),kilotonnes,0.2613,0.3457,0.4157,0.652,0.7475,0.2951,1.1698,0.4904,0.2157,0.11,1.0849,0.457,0.4228,0.2562,0.1823,1.1896,0.2131,0.6373,0.4133,0.974,0.1125
Azerbaijan,Savanna fires,Emissions (N2O),kilotonnes,0.0239,0.0316,0.038,0.0595,0.0682,0.0269,0.1068,0.0448,0.0197,0.01,0.0991,0.0417,0.0386,0.0234,0.0166,0.1086,0.0195,0.0582,0.0377,0.0889,0.0103
Azerbaijan,Savanna fires,Emissions (CO2eq) from CH4 (AR5),kilotonnes,7.3167,9.679,11.6391,18.2573,20.929,8.2632,32.7536,13.731,6.0389,3.0806,30.3775,12.7953,11.8373,7.1747,5.1047,33.3102,5.9664,17.8451,11.5729,27.2721,3.151
Azerbaijan,Savanna fires,Emissions (CO2eq) from N2O (AR5),kilotonnes,6.3224,8.3639,10.0577,15.7767,18.0854,7.1405,28.3034,11.8654,5.2184,2.6621,26.2501,11.0568,10.229,6.1998,4.4111,28.7843,5.1558,15.4205,10.0005,23.5666,2.7229
Azerbaijan,Savanna fires,Emissions (CO2eq) (AR5),kilotonnes,13.639,18.0428,21.6968,34.034,39.0145,15.4038,61.0569,25.5964,11.2573,5.7427,56.6277,23.8521,22.0663,13.3745,9.5158,62.0945,11.1222,33.2655,21.5735,50.8387,5.874
Azerbaijan,Fires in organic soils,Emissions (CH4),kilotonnes,0,0,0,0,0,0,0,0,0,0,0,0,0,0,0,0,0,0,0,0,0
Azerbaijan,Fires in organic soils,Emissions (CO2),kilotonnes,0,0,0,0,0,0,0,0,0,0,0,0,0,0,0,0,0,0,0,0,0
Azerbaijan,Fires in organic soils,Emissions (CO2eq) from CH4 (AR5),kilotonnes,0,0,0,0,0,0,0,0,0,0,0,0,0,0,0,0,0,0,0,0,0
Azerbaijan,Fires in organic soils,Emissions (CO2eq) (AR5),kilotonnes,0,0,0,0,0,0,0,0,0,0,0,0,0,0,0,0,0,0,0,0,0
Azerbaijan,Forest fires,Emissions (CH4),kilotonnes,0.6328,0.0025,0.1295,0,0,0.005,0,0.0274,0.005,0,0.0872,0.005,0.005,0.0025,0.0199,0.005,0,0.0897,0.0623,0.0149,0.2068
Azerbaijan,Forest fires,Emissions (N2O),kilotonnes,0.035,0.0002,0.0118,0,0,0.0005,0,0.0025,0.0005,0,0.008,0.0005,0.0005,0.0002,0.0018,0.0005,0,0.0082,0.0057,0.0014,0.0189
Azerbaijan,Forest fires,Emissions (CO2eq) from CH4 (AR5),kilotonnes,17.7188,0.0697,3.6268,0,0,0.1395,0,0.7673,0.1395,0,2.4413,0.1395,0.1395,0.0697,0.558,0.1395,0,2.5111,1.7436,0.4185,5.7892
Azerbaijan,Forest fires,Emissions (CO2eq) from N2O (AR5),kilotonnes,9.2769,0.0603,3.134,0,0,0.1205,0,0.663,0.1205,0,2.1096,0.1206,0.1206,0.0603,0.4822,0.1206,0,2.1699,1.5067,0.3616,5.0027
Azerbaijan,Forest fires,Emissions (CO2eq) (AR5),kilotonnes,26.9957,0.13,6.7609,0,0,0.26,0,1.4303,0.26,0,4.5509,0.2601,0.2601,0.13,1.0402,0.2601,0,4.6811,3.2503,0.7802,10.7919
Azerbaijan,Fires in humid tropical forests,Emissions (CH4),kilotonnes,0,0,0,0,0,0,0,0,0,0,0,0,0,0,0,0,0,0,0,0,0
Azerbaijan,Fires in humid tropical forests,Emissions (N2O),kilotonnes,0,0,0,0,0,0,0,0,0,0,0,0,0,0,0,0,0,0,0,0,0
Azerbaijan,Fires in humid tropical forests,Emissions (CO2eq) from CH4 (AR5),kilotonnes,0,0,0,0,0,0,0,0,0,0,0,0,0,0,0,0,0,0,0,0,0
Azerbaijan,Fires in humid tropical forests,Emissions (CO2eq) from N2O (AR5),kilotonnes,0,0,0,0,0,0,0,0,0,0,0,0,0,0,0,0,0,0,0,0,0
Azerbaijan,Fires in humid tropical forests,Emissions (CO2eq) (AR5),kilotonnes,0,0,0,0,0,0,0,0,0,0,0,0,0,0,0,0,0,0,0,0,0
Azerbaijan,Waste - agri-food systems,Emissions (CH4),kilotonnes,51.5658,53.7227,57.4182,58.6601,60.7948,62.8606,63.8986,65.4908,66.6629,68.0438,69.0755,70.0845,71.3139,72.3859,73.2491,74.9494,75.7059,75.5791,75.443,75.2719,75.0112
Azerbaijan,Waste - agri-food systems,Emissions (N2O),kilotonnes,0.2116,0.2234,0.2632,0.2665,0.2856,0.3168,0.325,0.3316,0.3366,0.3424,0.3442,0.3559,0.3623,0.372,0.3711,0.3954,0.4063,0.4003,0.3934,0.3864,0.379
Azerbaijan,Waste - agri-food systems,Emissions (CO2),kilotonnes,11.1567,11.1962,11.2404,11.3173,11.4052,11.6158,11.8451,12.0715,12.2663,12.2174,12.306,12.4158,12.4433,12.4743,12.4815,12.3076,12.1393,12.1773,12.2482,12.2593,12.1991
Azerbaijan,Waste - agri-food systems,Emissions (CO2eq) from CH4 (AR5),kilotonnes,1443.8426,1504.2346,1607.7098,1642.4823,1702.2547,1760.0964,1789.1614,1833.7436,1866.5619,1905.2274,1934.1143,1962.365,1996.79,2026.805,2050.9761,2098.5818,2119.7652,2116.2145,2112.4043,2107.6135,2100.3145
Azerbaijan,Waste - agri-food systems,Emissions (CO2eq) from N2O (AR5),kilotonnes,56.0867,59.1917,69.7431,70.6105,75.6805,83.9394,86.1225,87.8789,89.2078,90.7487,91.2257,94.3033,96.0136,98.5907,98.33,104.7726,107.6582,106.0763,104.2446,102.4033,100.4382
Azerbaijan,Waste - agri-food systems,Emissions (CO2eq) (AR5),kilotonnes,1511.0861,1574.6226,1688.6933,1724.4101,1789.3404,1855.6516,1887.129,1933.6941,1968.036,2008.1936,2037.646,2069.0841,2105.2469,2137.87,2161.7877,2215.662,2239.5628,2234.4681,2228.8972,2222.2761,2212.9517
Azerbaijan,Fertilizers Manufacturing,Emissions (N2O),kilotonnes,0,0,0,0,0,0,0,0,0,0,0,0,0,0,0,0,0,0,0,0,0
Azerbaijan,Fertilizers Manufacturing,Emissions (CO2),kilotonnes,0,0,0,0,0,0,0,0,0,0,0,0,0,0,0,0,0,0,0,0,0
Azerbaijan,Fertilizers Manufacturing,Emissions (CO2eq) from N2O (AR5),kilotonnes,0,0,0,0,0,0,0,0,0,0,0,0,0,0,0,0,0,0,0,0,0
Azerbaijan,Fertilizers Manufacturing,Emissions (CO2eq) (AR5),kilotonnes,0,0,0,0,0,0,0,0,0,0,0,0,0,0,0,0,0,0,0,0,0
Azerbaijan,On-farm electricity use,Emissions (CH4),kilotonnes,0.9636,0.9924,0.7824,0.8352,0.5844,0.5988,0.612,0.732,0.768,0.7644,0.7992,0.888,1.0656,1.092,1.1712,1.0836,1.1748,1.2316,1.3408,1.3748,1.3748
Azerbaijan,On-farm electricity use,Emissions (N2O),kilotonnes,0.0051,0.0053,0.0042,0.0045,0.0031,0.0032,0.0033,0.0039,0.0041,0.0041,0.0043,0.0047,0.0057,0.0058,0.0063,0.0058,0.0063,0.0066,0.0072,0.0073,0.0073
Azerbaijan,On-farm electricity use,Emissions (CO2),kilotonnes,593.5725,538.2955,385.5933,409.2233,260.4309,267.6602,264.4391,334.8335,331.2317,306.5399,287.084,336.4793,438.3721,464.5308,498.222,460.9574,499.7534,523.8989,570.403,584.8391,584.8391
Azerbaijan,On-farm electricity use,Emissions (CO2eq) from CH4 (AR5),kilotonnes,26.9808,27.7872,21.9072,23.3856,16.3632,16.7664,17.136,20.496,21.504,21.4032,22.3776,24.864,29.8368,30.576,32.7936,30.3408,32.8944,34.4848,37.5424,38.4944,38.4944
Azerbaijan,On-farm electricity use,Emissions (CO2eq) from N2O (AR5),kilotonnes,1.3515,1.4045,1.113,1.1925,0.8215,0.848,0.8745,1.0335,1.0865,1.0865,1.1395,1.2455,1.5105,1.537,1.6695,1.537,1.6695,1.749,1.908,1.9345,1.9345
Azerbaijan,On-farm electricity use,Emissions (CO2eq) (AR5),kilotonnes,621.9048,567.4872,408.6135,433.8014,277.6156,285.2746,282.4496,356.363,353.8222,329.0296,310.6011,362.5888,469.7194,496.6438,532.6851,492.8352,534.3173,560.1327,609.8534,625.268,625.268
Azerbaijan,Food Processing,Emissions (CH4),kilotonnes,0,0,0,0,0,0,0,0.3031,0.2631,0.2697,0.3152,0.3339,0.4337,0.4462,0.4606,0.4561,0.6936,0.7205,0.7691,0.7691,0.7928
Azerbaijan,Food Processing,Emissions (N2O),kilotonnes,0,0,0,0,0,0,0,0.0021,0.0034,0.0033,0.0029,0.0028,0.0039,0.004,0.004,0.004,0.0056,0.0047,0.0048,0.0048,0.005
Azerbaijan,Food Processing,Emissions (CO2),kilotonnes,0,0,0,0,0,0,0,367.8993,757.5062,748.2261,616.8542,633.9281,969.3291,1008.8258,1020.6635,1038.8624,1134.192,708.5687,607.3401,607.3401,590.3753
Azerbaijan,Food Processing,Emissions (CO2eq) from CH4 (AR5),kilotonnes,0,0,0,0,0,0,0,8.4868,7.3668,7.5516,8.8256,9.3492,12.1436,12.4936,12.8968,12.7708,19.4208,20.174,21.5348,21.5348,22.1982
Azerbaijan,Food Processing,Emissions (CO2eq) from N2O (AR5),kilotonnes,0,0,0,0,0,0,0,0.5565,0.901,0.8745,0.7685,0.742,1.0335,1.06,1.06,1.06,1.484,1.2455,1.272,1.272,1.3178
Azerbaijan,Food Processing,Emissions (CO2eq) (AR5),kilotonnes,0,0,0,0,0,0,0,376.9426,765.774,756.6522,626.4483,644.0193,982.5062,1022.3794,1034.6203,1052.6932,1155.0968,729.9882,630.1469,630.1469,613.8913
Azerbaijan,Food Packaging,Emissions (CH4),kilotonnes,0.0611,0.0592,0.0684,0.1034,0.0755,0.1494,0.1493,0.172,0.2006,0.0895,0.0515,0.0701,0.1448,0.1567,0.1665,0.1815,0.1895,0.1707,0.2328,0.181,0.1866
Azerbaijan,Food Packaging,Emissions (N2O),kilotonnes,0.0005,0.0005,0.0005,0.0008,0.0006,0.0012,0.0009,0.0012,0.0014,0.0006,0.0004,0.0005,0.001,0.001,0.0011,0.0012,0.0013,0.0011,0.0014,0.0011,0.0011
Azerbaijan,Food Packaging,Emissions (CO2),kilotonnes,124.0893,146.9293,147.4632,174.3324,147.7196,184.1277,210.4641,216.6249,233.3566,120.0301,80.9221,116.6499,165.1252,172.0796,191.98,194.6806,236.7938,197.0901,196.8839,174.8377,169.954
Azerbaijan,Food Packaging,Emissions (CO2eq) from CH4 (AR5),kilotonnes,1.7108,1.6576,1.9152,2.8952,2.114,4.1832,4.1804,4.816,5.6168,2.506,1.442,1.9628,4.0544,4.3876,4.662,5.082,5.306,4.7796,6.5184,5.068,5.2241
Azerbaijan,Food Packaging,Emissions (CO2eq) from N2O (AR5),kilotonnes,0.1325,0.1325,0.1325,0.212,0.159,0.318,0.2385,0.318,0.371,0.159,0.106,0.1325,0.265,0.265,0.2915,0.318,0.3445,0.2915,0.371,0.2915,0.302
Azerbaijan,Food Packaging,Emissions (CO2eq) (AR5),kilotonnes,125.9326,148.7194,149.5109,177.4396,149.9926,188.6289,214.883,221.7589,239.3444,122.6951,82.4701,118.7452,169.4446,176.7322,196.9335,200.0806,242.4443,202.1612,203.7733,180.1972,175.4801
Azerbaijan,Food Retail,Emissions (CH4),kilotonnes,0.1935,0.1949,0.1797,0.1838,0.1838,0.2253,0.2543,0.4506,0.4984,0.4598,0.4817,0.5401,0.6101,0.6586,0.6741,0.6956,0.6325,0.6693,0.7963,0.7807,0.8048
Azerbaijan,Food Retail,Emissions (N2O),kilotonnes,0.0016,0.0014,0.0012,0.0014,0.0015,0.0024,0.0013,0.0025,0.0028,0.0025,0.0026,0.0029,0.0033,0.0036,0.0037,0.0038,0.0035,0.0037,0.0043,0.0043,0.0045
Azerbaijan,Food Retail,Emissions (CO2),kilotonnes,301.7629,291.2363,289.8327,254.744,265.9724,285.6221,265.2706,238.6032,248.0789,212.0377,198.4203,237.488,292.2378,325.2235,336.1839,352.9365,313.9024,347.989,367.1189,382.9935,372.2954
Azerbaijan,Food Retail,Emissions (CO2eq) from F-gases (AR5),kilotonnes,10.9095,16.1045,22.3385,30.131,52.4695,52.989,61.301,70.1325,70.652,71.1715,71.1715,71.691,71.691,71.691,71.691,71.691,77.925,79.4835,81.042,82.6005,85.3462
Azerbaijan,Food Retail,Emissions (CO2eq) from CH4 (AR5),kilotonnes,5.4183,5.457,5.0312,5.1473,5.1473,6.3084,7.1211,12.6168,13.9552,12.8744,13.4876,15.1228,17.0828,18.4408,18.8748,19.4768,17.71,18.7404,22.2964,21.8596,22.533
Azerbaijan,Food Retail,Emissions (CO2eq) from N2O (AR5),kilotonnes,0.4126,0.3584,0.3255,0.365,0.406,0.6247,0.3567,0.6625,0.742,0.6625,0.689,0.7685,0.8745,0.954,0.9805,1.007,0.9275,0.9805,1.1395,1.1395,1.1805
Azerbaijan,Food Retail,Emissions (CO2eq) (AR5),kilotonnes,318.5033,313.1561,317.5279,290.3873,323.9953,345.5442,334.0495,322.015,333.4281,296.7461,283.7684,325.0703,381.8861,416.3093,427.7302,445.1113,410.4649,447.1934,471.5968,488.5931,481.3551
Azerbaijan,Food Household Consumption,Emissions (CH4),kilotonnes,1.4728,1.5044,1.545,1.7908,1.7708,1.8227,2.0442,1.2557,1.1423,0.9055,0.8943,0.9178,0.9893,1.018,1.1066,1.203,1.2321,1.0892,1.0321,1.0321,1.0639
Azerbaijan,Food Household Consumption,Emissions (N2O),kilotonnes,0.0086,0.0087,0.0091,0.0105,0.0103,0.0107,0.012,0.0076,0.0073,0.0059,0.0059,0.0059,0.0062,0.0063,0.0068,0.0074,0.0077,0.0068,0.0066,0.0066,0.0068
Azerbaijan,Food Household Consumption,Emissions (CO2),kilotonnes,1475.8143,1312.2531,1334.8015,1517.8129,1486.9116,1532.1501,1607.2497,1230.9208,1303.8339,1092.2694,1074.1651,1102.7067,1027.0131,1029.4996,1132.0913,1214.3164,1333.35,1180.0553,1213.2825,1213.2825,1179.3919
Azerbaijan,Food Household Consumption,Emissions (CO2eq) from CH4 (AR5),kilotonnes,41.2384,42.1232,43.26,50.1424,49.5824,51.0356,57.2376,35.1596,31.9844,25.354,25.0404,25.6984,27.7004,28.504,30.9848,33.684,34.4988,30.4976,28.8988,28.8988,29.789
Azerbaijan,Food Household Consumption,Emissions (CO2eq) from N2O (AR5),kilotonnes,2.279,2.3055,2.4115,2.7825,2.7295,2.8355,3.18,2.014,1.9345,1.5635,1.5635,1.5635,1.643,1.6695,1.802,1.961,2.0405,1.802,1.749,1.749,1.812
Azerbaijan,Food Household Consumption,Emissions (CO2eq) (AR5),kilotonnes,1519.3317,1356.6818,1380.473,1570.7378,1539.2235,1586.0212,1667.6673,1268.0944,1337.7528,1119.1869,1100.769,1129.9686,1056.3565,1059.6731,1164.8781,1249.9614,1369.8893,1212.3549,1243.9303,1243.9303,1210.993
Azerbaijan,Food Transport,Emissions (CH4),kilotonnes,0.0497,0.0561,0.0538,0.0583,0.0618,0.0661,0.0743,0.0539,0.0483,0.0458,0.0456,0.0523,0.0568,0.0606,0.0627,0.0584,0.0513,0.0549,0.0519,0.0311,0.0321
Azerbaijan,Food Transport,Emissions (N2O),kilotonnes,0.006,0.0067,0.0068,0.0093,0.0094,0.0127,0.0132,0.0121,0.0142,0.014,0.0134,0.0152,0.0164,0.0182,0.0193,0.0179,0.0165,0.0187,0.0177,0.0164,0.017
Azerbaijan,Food Transport,Emissions (CO2),kilotonnes,244.3635,265.6785,287.5475,310.8535,373.392,413.2025,505.1485,391.914,503.6525,446.3505,512.8134,600.1155,664.2415,748.284,773.7895,704.59,643.278,727.079,685.221,672.0213,653.2498
Azerbaijan,Food Transport,Emissions (CO2eq) from CH4 (AR5),kilotonnes,1.3916,1.5708,1.5064,1.6324,1.7304,1.8508,2.0804,1.5092,1.3524,1.2824,1.2768,1.4644,1.5904,1.6968,1.7556,1.6352,1.4364,1.5372,1.4532,0.8708,0.8976
Azerbaijan,Food Transport,Emissions (CO2eq) from N2O (AR5),kilotonnes,1.59,1.7755,1.802,2.4645,2.491,3.3655,3.498,3.2065,3.763,3.71,3.551,4.028,4.346,4.823,5.1145,4.7435,4.3725,4.9555,4.6905,4.346,4.5025
Azerbaijan,Food Transport,Emissions (CO2eq) (AR5),kilotonnes,247.3451,269.0248,290.8559,314.9504,377.6134,418.4188,510.7269,396.6297,508.7679,451.3429,517.6412,605.6079,670.1779,754.8038,780.6596,710.9687,649.0869,733.5717,691.3647,677.2381,658.6499
Azerbaijan,Energy,Emissions (CH4),kilotonnes,140,141,130,133,133,163,184,326,404,349,357,342,355,363,372,370,361,349,348,422,435
Azerbaijan,Energy,Emissions (N2O),kilotonnes,0.251,0.218,0.198,0.222,0.247,0.38,0.217,0.403,0.483,0.552,0.561,0.602,0.624,0.66,0.648,0.623,0.567,0.612,0.586,0.722,0.748
Azerbaijan,Energy,Emissions (CO2),kilotonnes,43000,41500,41300,36300,37900,40700,37800,34000,36300,31000,29300,31500,32800,32900,33500,34100,34300,33200,34800,35800,34800
Azerbaijan,Energy,Emissions (CO2eq) from CH4 (AR5),kilotonnes,3920,3948,3640,3724,3724,4564,5152,9128,11312,9772,9996,9576,9940,10164,10416,10360,10108,9772,9744,11816,12180
Azerbaijan,Energy,Emissions (CO2eq) from N2O (AR5),kilotonnes,66.515,57.77,52.47,58.83,65.455,100.7,57.505,106.795,127.995,146.28,148.665,159.53,165.36,174.9,171.72,165.095,150.255,162.18,155.29,191.33,198.22
Azerbaijan,Energy,Emissions (CO2eq) (AR5),kilotonnes,46986.515,45505.77,44992.47,40082.83,41689.455,45364.7,43009.505,43234.795,47739.995,40918.28,39444.665,41235.53,42905.36,43238.9,44087.72,44625.095,44558.255,43134.18,44699.29,47807.33,47178.22
Azerbaijan,IPPU,Emissions (CH4),kilotonnes,0.0138,0.0111,0.0187,0.0278,0.0278,0.0328,0.0309,0.0216,0.0216,0.0182,0.018,0.0211,0.0179,0.0258,0.0256,0.0254,0.0252,0.025,0.0248,0.0252,0.0255
Azerbaijan,IPPU,Emissions (N2O),kilotonnes,0.0998,0.101,0.102,0.103,0.104,0.105,0.106,0.107,0.108,0.11,0.111,0.112,0.114,0.115,0.117,0.118,0.119,0.121,0.122,0.123,0.125
Azerbaijan,IPPU,Emissions (CO2),kilotonnes,464,623,811,943,1160,1200,1230,1240,1260,973,930,777,1030,1080,1280,1200,1050,1250,1440,1420,1420
Azerbaijan,IPPU,Emissions (CO2eq) from F-gases (AR5),kilotonnes,46.1583,50.2397,55.6815,163.2548,256.5432,297.3569,298.3287,359.5492,377.0408,309.9897,336.2271,241.9669,168.1135,0.0879,293.4699,305.1309,315.8202,327.4813,339.1423,350.8034,362.4645
Azerbaijan,IPPU,Emissions (CO2eq) from CH4 (AR5),kilotonnes,0.3864,0.3108,0.5236,0.7784,0.7784,0.9184,0.8652,0.6048,0.6048,0.5096,0.504,0.5908,0.5012,0.7224,0.7168,0.7112,0.7056,0.7,0.6944,0.7056,0.714
Azerbaijan,IPPU,Emissions (CO2eq) from N2O (AR5),kilotonnes,26.447,26.765,27.03,27.295,27.56,27.825,28.09,28.355,28.62,29.15,29.415,29.68,30.21,30.475,31.005,31.27,31.535,32.065,32.33,32.595,33.125
Azerbaijan,IPPU,Emissions (CO2eq) (AR5),kilotonnes,536.9917,700.3155,894.2351,1134.3282,1444.8816,1526.1003,1557.2839,1628.509,1666.2656,1312.6493,1296.1461,1049.2377,1228.8247,1111.2853,1605.1917,1537.1121,1398.0608,1610.2463,1812.1667,1804.104,1816.3035
Azerbaijan,Waste,Emissions (CH4),kilotonnes,88.6,90.4,92.4,94.6,96.5,100,105,109,112,115,117,119,121,124,127,128,130,131,133,138,140
Azerbaijan,Waste,Emissions (N2O),kilotonnes,0.35,0.353,0.357,0.371,0.388,0.412,0.44,0.466,0.486,0.497,0.506,0.516,0.526,0.543,0.55,0.554,0.559,0.566,0.576,0.605,0.618
Azerbaijan,Waste,Emissions (CO2eq) from CH4 (AR5),kilotonnes,2480.8,2531.2,2587.2,2648.8,2702,2800,2940,3052,3136,3220,3276,3332,3388,3472,3556,3584,3640,3668,3724,3864,3920
Azerbaijan,Waste,Emissions (CO2eq) from N2O (AR5),kilotonnes,92.75,93.545,94.605,98.315,102.82,109.18,116.6,123.49,128.79,131.705,134.09,136.74,139.39,143.895,145.75,146.81,148.135,149.99,152.64,160.325,163.77
Azerbaijan,Waste,Emissions (CO2eq) (AR5),kilotonnes,2573.55,2624.745,2681.805,2747.115,2804.82,2909.18,3056.6,3175.49,3264.79,3351.705,3410.09,3468.74,3527.39,3615.895,3701.75,3730.81,3788.135,3817.99,3876.64,4024.325,4083.77
Azerbaijan,Other,Emissions (N2O),kilotonnes,0.406,0.341,0.337,0.369,0.366,0.383,0.392,0.333,0.352,0.271,0.27,0.319,0.354,0.381,0.392,0.383,0.377,0.393,0.385,0.378,0.381
Azerbaijan,Other,Emissions (CO2eq) from N2O (AR5),kilotonnes,107.59,90.365,89.305,97.785,96.99,101.495,103.88,88.245,93.28,71.815,71.55,84.535,93.81,100.965,103.88,101.495,99.905,104.145,102.025,100.17,100.965
Azerbaijan,Other,Emissions (CO2eq) (AR5),kilotonnes,107.59,90.365,89.305,97.785,96.99,101.495,103.88,88.245,93.28,71.815,71.55,84.535,93.81,100.965,103.88,101.495,99.905,104.145,102.025,100.17,100.965
Azerbaijan,Farm-gate emissions,Emissions (CH4),kilotonnes,116.7246,123.1033,126.6573,132.2876,136.3756,139.9171,146.0245,148.7406,152.4536,155.447,158.3459,157.9611,159.4172,160.9317,161.5881,162.6616,160.7215,159.624,157.1049,156.1415,154.0017
Azerbaijan,Farm-gate emissions,Direct emissions (N2O),kilotonnes,4.7593,5.2258,5.5104,5.6575,5.9707,6.1108,6.3732,6.455,6.9346,7.0477,6.8615,7.1143,7.3393,7.4248,7.6271,8.5724,8.5337,8.2324,8.9876,9.4745,10.3892
Azerbaijan,Farm-gate emissions,Indirect emissions (N2O),kilotonnes,1.3028,1.431,1.5231,1.5674,1.6602,1.6956,1.765,1.783,1.9204,1.9354,1.8908,1.959,2.0198,2.0391,2.1074,2.4016,2.3837,2.2855,2.5223,2.6735,2.9736
Azerbaijan,Farm-gate emissions,Emissions (N2O),kilotonnes,6.2594,6.8894,7.259,7.4693,7.9182,8.153,8.3965,8.6258,9.277,9.4942,9.3623,9.6401,9.9296,10.0304,10.2768,11.5918,11.4006,11.0674,12.0637,12.7516,13.883
Azerbaijan,Farm-gate emissions,Emissions (CO2),kilotonnes,219.0177,276.5262,352.1765,262.2869,356.8257,610.2574,191.0109,639.1608,795.5834,1036.0204,1073.2285,1118.5945,1149.3204,1185.2115,1139.9895,1115.5923,1035.7704,1066.753,1172.9109,1179.6027,1179.6027
Azerbaijan,Farm-gate emissions,Emissions (CO2eq) from CH4 (AR5),kilotonnes,3268.2883,3446.893,3546.4041,3704.0516,3818.5167,3917.6799,4088.6856,4164.7367,4268.6997,4352.5151,4433.6846,4422.9114,4463.6808,4506.0876,4524.4666,4554.5239,4500.2008,4469.4724,4398.9363,4371.9626,4312.0478
Azerbaijan,Farm-gate emissions,Emissions (CO2eq) from N2O (AR5),kilotonnes,1658.7434,1825.6902,1923.6247,1979.376,2098.324,2160.5577,2225.0726,2285.8291,2458.403,2515.9681,2481.0074,2554.6172,2631.3325,2658.0546,2723.3618,3071.8175,3021.1672,2932.8729,3196.882,3379.1638,3679.0042
Azerbaijan,Farm-gate emissions,Emissions (CO2eq) (AR5),kilotonnes,5146.0494,5549.1094,5822.2053,5945.7146,6273.6664,6688.4951,6504.769,7089.7267,7522.6862,7904.5036,7987.9205,8096.1231,8244.3337,8349.3538,8387.8178,8741.9336,8557.1384,8469.0983,8768.7292,8930.7291,9170.6546
Azerbaijan,Land Use change,Emissions (CH4),kilotonnes,0,0,0,0,0,0,0,0,0,0,0,0,0,0,0,0,0,0,0,0,0
Azerbaijan,Land Use change,Emissions (N2O),kilotonnes,0,0,0,0,0,0,0,0,0,0,0,0,0,0,0,0,0,0,0,0,0
Azerbaijan,Land Use change,Emissions (CO2),kilotonnes,0,180.7511,180.7511,180.7511,180.7511,180.7511,180.7511,180.7511,180.7511,180.7511,180.7511,0,0,0,0,0,454.8745,454.8745,454.8745,454.8745,454.8745
Azerbaijan,Land Use change,Emissions (CO2eq) from CH4 (AR5),kilotonnes,0,0,0,0,0,0,0,0,0,0,0,0,0,0,0,0,0,0,0,0,0
Azerbaijan,Land Use change,Emissions (CO2eq) from N2O (AR5),kilotonnes,0,0,0,0,0,0,0,0,0,0,0,0,0,0,0,0,0,0,0,0,0
Azerbaijan,Land Use change,Emissions (CO2eq) (AR5),kilotonnes,0,180.7511,180.7511,180.7511,180.7511,180.7511,180.7511,180.7511,180.7511,180.7511,180.7511,0,0,0,0,0,454.8745,454.8745,454.8745,454.8745,454.8745
Azerbaijan,Emissions on agricultural land,Emissions (CH4),kilotonnes,116.7246,123.1033,126.6573,132.2876,136.3756,139.9171,146.0245,148.7406,152.4536,155.447,158.3459,157.9611,159.4172,160.9317,161.5881,162.6616,160.7215,159.624,157.1049,156.1415,154.0017
Azerbaijan,Emissions on agricultural land,Emissions (N2O),kilotonnes,6.2594,6.8894,7.259,7.4693,7.9182,8.153,8.3965,8.6258,9.277,9.4942,9.3623,9.6401,9.9296,10.0304,10.2768,11.5918,11.4006,11.0674,12.0637,12.7516,13.883
Azerbaijan,Emissions on agricultural land,Emissions (CO2),kilotonnes,219.0177,457.2773,532.9277,443.038,537.5768,791.0086,371.7621,819.912,976.3345,1216.7715,1253.9796,1118.5945,1149.3204,1185.2115,1139.9895,1115.5923,1490.6449,1521.6275,1627.7854,1634.4772,1634.4772
Azerbaijan,Emissions on agricultural land,Emissions (CO2eq) from CH4 (AR5),kilotonnes,3268.2883,3446.893,3546.4041,3704.0516,3818.5167,3917.6799,4088.6856,4164.7367,4268.6997,4352.5151,4433.6846,4422.9114,4463.6808,4506.0876,4524.4666,4554.5239,4500.2008,4469.4724,4398.9363,4371.9626,4312.0478
Azerbaijan,Emissions on agricultural land,Emissions (CO2eq) from N2O (AR5),kilotonnes,1658.7434,1825.6902,1923.6247,1979.376,2098.324,2160.5577,2225.0726,2285.8291,2458.403,2515.9681,2481.0074,2554.6172,2631.3325,2658.0546,2723.3618,3071.8175,3021.1672,2932.8729,3196.882,3379.1638,3679.0042
Azerbaijan,Emissions on agricultural land,Emissions (CO2eq) (AR5),kilotonnes,5146.0494,5729.8605,6002.9564,6126.4657,6454.4176,6869.2462,6685.5202,7270.4778,7703.4373,8085.2548,8168.6716,8096.1231,8244.3337,8349.3538,8387.8178,8741.9336,9012.0129,8923.9728,9223.6037,9385.6036,9625.5291
Azerbaijan,Pre- and post- production,Emissions (CH4),kilotonnes,54.3065,56.5297,60.0475,61.6316,63.4711,65.7229,67.0327,68.4581,69.5836,70.5785,71.663,72.8867,74.6142,75.818,76.8908,78.6276,79.6797,79.5153,79.666,79.4407,79.2661
Azerbaijan,Pre- and post- production,Emissions (N2O),kilotonnes,0.2334,0.2459,0.285,0.2929,0.3105,0.3469,0.3557,0.361,0.3698,0.3728,0.3737,0.3879,0.3988,0.4109,0.4123,0.4355,0.4472,0.4419,0.4354,0.4269,0.4207
Azerbaijan,Pre- and post- production,Emissions (CO2),kilotonnes,2750.7592,2565.5889,2456.4786,2678.2834,2545.8317,2694.3784,2864.4171,2792.8672,3389.9261,2937.6711,2782.5651,3039.7833,3568.7621,3760.9176,3965.4117,3978.6509,4173.4089,3696.8583,3652.4976,3647.5735,3562.3045
Azerbaijan,Pre- and post- production,Emissions (CO2eq) from F-gases (AR5),kilotonnes,10.9095,16.1045,22.3385,30.131,52.4695,52.989,61.301,70.1325,70.652,71.1715,71.1715,71.691,71.691,71.691,71.691,71.691,77.925,79.4835,81.042,82.6005,85.3462
Azerbaijan,Pre- and post- production,Emissions (CO2eq) from CH4 (AR5),kilotonnes,1520.5825,1582.8304,1681.3299,1725.6852,1777.1921,1840.2408,1876.917,1916.828,1948.3415,1976.199,2006.5643,2040.8266,2089.1984,2122.9038,2152.9437,2201.5714,2231.0316,2226.4281,2230.6483,2224.3399,2219.4509
Azerbaijan,Pre- and post- production,Emissions (CO2eq) from N2O (AR5),kilotonnes,61.8523,65.1681,75.5276,77.627,82.2876,91.931,94.2702,95.6699,98.0058,98.8047,99.0432,102.7833,105.6861,108.8992,109.248,115.3991,118.4967,117.1003,115.3746,113.1358,111.4875
Azerbaijan,Pre- and post- production,Emissions (CO2eq) (AR5),kilotonnes,4344.1035,4229.6919,4235.6745,4511.7266,4457.7808,4679.5392,4896.9053,4875.4977,5506.9254,5083.8464,4959.3441,5255.0842,5835.3376,6064.4116,6299.2945,6367.3124,6600.8623,6119.8702,6079.5626,6067.6497,5978.5891
Azerbaijan,Agri-food systems,Emissions (CH4),kilotonnes,171.0311,179.633,186.7048,193.9192,199.8467,205.64,213.0572,217.1987,222.0372,226.0255,230.0089,230.8478,234.0314,236.7497,238.4789,241.2891,240.4012,239.1393,236.7709,235.5822,233.2678
Azerbaijan,Agri-food systems,Emissions (N2O),kilotonnes,6.4928,7.1353,7.544,7.7623,8.2287,8.5,8.7522,8.9868,9.6468,9.8671,9.736,10.0279,10.3284,10.4413,10.6891,12.0272,11.8478,11.5093,12.4991,13.1785,14.3037
Azerbaijan,Agri-food systems,Emissions (CO2),kilotonnes,2969.7769,3022.8662,2989.4062,3121.3214,3083.4085,3485.387,3236.1792,3612.7792,4366.2606,4154.4427,4036.5447,4158.3779,4718.0825,4946.1291,5105.4012,5094.2432,5664.0538,5218.4858,5280.283,5282.0507,5196.7817
Azerbaijan,Agri-food systems,Emissions (CO2eq) from F-gases (AR5),kilotonnes,10.9095,16.1045,22.3385,30.131,52.4695,52.989,61.301,70.1325,70.652,71.1715,71.1715,71.691,71.691,71.691,71.691,71.691,77.925,79.4835,81.042,82.6005,85.3462
Azerbaijan,Agri-food systems,Emissions (CO2eq) from CH4 (AR5),kilotonnes,4788.8708,5029.7233,5227.734,5429.7369,5595.7088,5757.9207,5965.6025,6081.5648,6217.0412,6328.7141,6440.2489,6463.738,6552.8793,6628.9914,6677.4103,6756.0953,6731.2324,6695.9005,6629.5846,6596.3025,6531.4987
Azerbaijan,Agri-food systems,Emissions (CO2eq) from N2O (AR5),kilotonnes,1720.5957,1890.8583,1999.1522,2057.003,2180.6116,2252.4887,2319.3428,2381.4991,2556.4089,2614.7729,2580.0506,2657.4004,2737.0186,2766.9538,2832.6098,3187.2166,3139.6639,3049.9732,3312.2566,3492.2996,3790.4917
Azerbaijan,Agri-food systems,Emissions (CO2eq) (AR5),kilotonnes,9490.153,9959.5524,10238.6309,10638.1923,10912.1984,11548.7855,11582.4255,12145.9755,13210.3626,13169.1011,13128.0157,13351.2073,14079.6713,14413.7653,14687.1123,15109.246,15612.8751,15043.843,15303.1663,15453.2533,15604.1182
Azerbaijan,IPCC Agriculture,Emissions (CH4),kilotonnes,116.6834,123.0569,126.6025,132.2388,136.3204,139.8449,145.9708,148.6615,152.3612,155.3343,158.2357,157.8498,159.3055,160.8194,161.4849,162.5594,160.6205,159.5392,157.0164,156.0557,153.9158
Azerbaijan,IPCC Agriculture,Emissions (CH4),kilotonnes,144.46,151.17,157.83,162.95,168.28,172.26,181.68,186.6,197.6,193.93,195.55,190.98,185.8,194.5227,,,,,,,
Azerbaijan,IPCC Agriculture,Direct emissions (N2O),kilotonnes,4.7593,5.2258,5.5104,5.6575,5.9707,6.1108,6.3732,6.455,6.9346,7.0477,6.8615,7.1143,7.3393,7.4248,7.6271,8.5724,8.5337,8.2324,8.9876,9.4745,10.3892
Azerbaijan,IPCC Agriculture,Indirect emissions (N2O),kilotonnes,1.3028,1.431,1.5231,1.5674,1.6602,1.6956,1.765,1.783,1.9204,1.9354,1.8908,1.959,2.0198,2.0391,2.1074,2.4016,2.3837,2.2855,2.5223,2.6735,2.9736
Azerbaijan,IPCC Agriculture,Emissions (N2O),kilotonnes,6.1901,6.7966,7.1844,7.3998,7.8191,7.9555,8.3686,8.406,9.0041,9.1302,8.9824,9.2466,9.5324,9.6246,9.8908,11.2205,11.0747,10.7149,11.6867,12.3764,13.5079
Azerbaijan,IPCC Agriculture,Emissions (N2O),kilotonnes,7.56,7.84,8.33,8.56,8.87,9.2,9.27,9.95,9.76,10.3,10.12,9.96,10.1,8.4169,,,,,,,
Azerbaijan,IPCC Agriculture,Emissions (CO2eq) from CH4 (AR5),kilotonnes,3267.1364,3445.5933,3544.8689,3702.6858,3816.9713,3915.658,4087.1837,4162.5216,4266.115,4349.3612,4430.5994,4419.7957,4460.5535,4502.942,4521.5772,4551.6643,4497.3747,4467.0972,4396.4593,4369.5586,4309.6438
Azerbaijan,IPCC Agriculture,Emissions (CO2eq) from CH4 (AR5),kilotonnes,4044.88,4232.76,4419.24,4562.6,4711.84,4823.28,5087.04,5224.8,5532.8,5430.04,5475.4,5347.44,5202.4,5446.6356,,,,,,,
Azerbaijan,IPCC Agriculture,Emissions (CO2eq) from N2O (AR5),kilotonnes,1640.3651,1801.1067,1903.8707,1960.9517,2072.0661,2108.2176,2217.6681,2227.5903,2386.0875,2419.4945,2380.3273,2450.3495,2526.0795,2550.5162,2621.0612,2973.4214,2934.7907,2839.4548,3096.9821,3279.7436,3579.5839
Azerbaijan,IPCC Agriculture,Emissions (CO2eq) from N2O (AR5),kilotonnes,2003.4,2077.6,2207.45,2268.4,2350.55,2438,2456.55,2636.75,2586.4,2729.5,2681.8,2639.4,2676.5,2230.4785,,,,,,,
Azerbaijan,IPCC Agriculture,Emissions (CO2eq) (AR5),kilotonnes,4907.5014,5246.7,5448.7396,5663.6375,5889.0374,6023.8756,6304.8518,6390.1119,6652.2024,6768.8557,6810.9267,6870.1452,6986.633,7053.4582,7142.6384,7525.0856,7432.1654,7306.552,7493.4414,7649.3021,7889.2277
Azerbaijan,IPCC Agriculture,Emissions (CO2eq) (AR5),kilotonnes,6048.28,6310.36,6626.69,6831,7062.39,7261.28,7543.59,7861.55,8119.2,8159.54,8157.2,7986.84,7878.9,7677.1141,,,,,,,
Azerbaijan,Agricultural Soils,Emissions (CH4),kilotonnes,,,,,,,0,,,,,,,,,,,,,,
Azerbaijan,Agricultural Soils,Direct emissions (N2O),kilotonnes,4.7593,5.2258,5.5104,5.6575,5.9707,6.1108,6.3732,6.455,6.9346,7.0477,6.8615,7.1143,7.3393,7.4248,7.6271,8.5724,8.5337,8.2324,8.9876,9.4745,10.3892
Azerbaijan,Agricultural Soils,Indirect emissions (N2O),kilotonnes,1.3028,1.431,1.5231,1.5674,1.6602,1.6956,1.765,1.783,1.9204,1.9354,1.8908,1.959,2.0198,2.0391,2.1074,2.4016,2.3837,2.2855,2.5223,2.6735,2.9736
Azerbaijan,Agricultural Soils,Emissions (N2O),kilotonnes,6.0621,6.6569,7.0335,7.2249,7.6309,7.8064,8.1383,8.238,8.855,8.9832,8.7523,9.0733,9.3591,9.4639,9.7345,10.974,10.9174,10.5179,11.5099,12.148,13.3628
Azerbaijan,Agricultural Soils,Emissions (N2O),kilotonnes,5.6,5.84,6.28,6.48,6.74,7.04,7.09,7.73,7.52,8.06,7.86,7.74,8.11,6.2372,,,,,,,
Azerbaijan,Agricultural Soils,Emissions (CO2eq) from CH4 (AR5),kilotonnes,,,,,,,0,,,,,,,,,,,,,,
Azerbaijan,Agricultural Soils,Emissions (CO2eq) from N2O (AR5),kilotonnes,1606.4533,1764.0656,1863.873,1914.5988,2022.1998,2068.6885,2156.6424,2183.0804,2346.5764,2380.5371,2319.3653,2404.4222,2480.1714,2507.935,2579.645,2908.1073,2893.1075,2787.2451,3050.1269,3219.2098,3541.1433
Azerbaijan,Agricultural Soils,Emissions (CO2eq) from N2O (AR5),kilotonnes,1484,1547.6,1664.2,1717.2,1786.1,1865.6,1878.85,2048.45,1992.8,2135.9,2082.9,2051.1,2149.15,1652.858,,,,,,,
Azerbaijan,Agricultural Soils,Emissions (CO2eq) (AR5),kilotonnes,1606.4533,1764.0656,1863.873,1914.5988,2022.1998,2068.6885,2156.6424,2183.0804,2346.5764,2380.5371,2319.3653,2404.4222,2480.1714,2507.935,2579.645,2908.1073,2893.1075,2787.2451,3050.1269,3219.2098,3541.1433
Azerbaijan,Agricultural Soils,Emissions (CO2eq) (AR5),kilotonnes,1484,1547.6,1664.2,1717.2,1786.1,1865.6,1878.85,2048.45,1992.8,2135.9,2082.9,2051.1,2149.15,1652.858,,,,,,,
Azerbaijan,LULUCF,Emissions (CH4),kilotonnes,0.6328,0.0025,0.1295,0,0,0.005,0,0.0274,0.005,0,0.0872,0.005,0.005,0.0025,0.0199,0.005,0,0.0897,0.0623,0.0149,0.2068
Azerbaijan,LULUCF,Emissions (CH4),kilotonnes,,,,,,,,,,,,,,0.0929,,,,,,,
Azerbaijan,LULUCF,Emissions (N2O),kilotonnes,0.035,0.0002,0.0118,0,0,0.0005,0,0.0025,0.0005,0,0.008,0.0005,0.0005,0.0002,0.0018,0.0005,0,0.0082,0.0057,0.0014,0.0189
Azerbaijan,LULUCF,Emissions (CO2),kilotonnes,-1578.8881,-1814.6747,-1814.6747,-1814.6747,-1814.6747,-1814.6747,-1814.6747,-1814.6747,-1814.6747,-1814.6747,-1814.6747,-2848.35,-2848.35,-2848.35,-2848.35,-2848.35,-1916.0221,-1916.0221,-1916.0221,-1916.0221,-1916.0221
Azerbaijan,LULUCF,Emissions (CO2),kilotonnes,-4870,-4893,-5089,-5225,-5276,-5349,-5353,-5438,-5383,-5360,-5410,-5435,-5442,-6200.0671,,,,,,,
Azerbaijan,LULUCF,Emissions (CO2eq) from CH4 (AR5),kilotonnes,17.7188,0.0697,3.6268,0,0,0.1395,0,0.7673,0.1395,0,2.4413,0.1395,0.1395,0.0697,0.558,0.1395,0,2.5111,1.7436,0.4185,5.7892
Azerbaijan,LULUCF,Emissions (CO2eq) from N2O (AR5),kilotonnes,9.2769,0.0603,3.134,0,0,0.1205,0,0.663,0.1205,0,2.1096,0.1206,0.1206,0.0603,0.4822,0.1206,0,2.1699,1.5067,0.3616,5.0027
Azerbaijan,LULUCF,Emissions (CO2eq) (AR5),kilotonnes,-1551.8924,-1814.5447,-1807.9139,-1814.6747,-1814.6747,-1814.4147,-1814.6747,-1813.2444,-1814.4147,-1814.6747,-1810.1239,-2848.0899,-2848.0899,-2848.22,-2847.3098,-2848.0899,-1916.0221,-1911.341,-1912.7718,-1915.2419,-1905.2302
Azerbaijan,LULUCF,Emissions (CO2eq) (AR5),kilotonnes,-4870,-4893,-5089,-5225,-5276,-5349,-5353,-5438,-5383,-5360,-5410,-5435,-5442,-6200.0671,,,,,,,
Azerbaijan,AFOLU,Emissions (CH4),kilotonnes,117.3163,123.0594,126.732,132.2388,136.3204,139.8499,145.9708,148.6889,152.3662,155.3343,158.3229,157.8548,159.3105,160.8218,161.5048,162.5644,160.6205,159.6289,157.0787,156.0706,154.1226
Azerbaijan,AFOLU,Emissions (N2O),kilotonnes,6.2251,6.7969,7.1962,7.3998,7.8191,7.956,8.3686,8.4085,9.0046,9.1302,8.9903,9.2471,9.5328,9.6248,9.8926,11.2209,11.0747,10.7231,11.6924,12.3778,13.5267
Azerbaijan,AFOLU,Emissions (CO2),kilotonnes,-1578.8881,-1814.6747,-1814.6747,-1814.6747,-1814.6747,-1814.6747,-1814.6747,-1814.6747,-1814.6747,-1814.6747,-1814.6747,-2848.35,-2848.35,-2848.35,-2848.35,-2848.35,-1916.0221,-1916.0221,-1916.0221,-1916.0221,-1916.0221
Azerbaijan,AFOLU,Emissions (CO2eq) from CH4 (AR5),kilotonnes,3284.8552,3445.663,3548.4957,3702.6858,3816.9713,3915.7975,4087.1837,4163.2889,4266.2545,4349.3612,4433.0407,4419.9353,4460.693,4503.0118,4522.1352,4551.8038,4497.3747,4469.6083,4398.2029,4369.9771,4315.433
Azerbaijan,AFOLU,Emissions (CO2eq) from N2O (AR5),kilotonnes,1649.6419,1801.167,1907.0048,1960.9517,2072.0661,2108.3382,2217.6681,2228.2533,2386.208,2419.4945,2382.4369,2450.47,2526.2001,2550.5764,2621.5434,2973.5419,2934.7907,2841.6248,3098.4888,3280.1052,3584.5866
Azerbaijan,AFOLU,Emissions (CO2eq) (AR5),kilotonnes,3355.6091,3432.1553,3640.8257,3848.9628,4074.3627,4209.461,4490.1771,4576.8675,4837.7877,4954.181,5000.8029,4022.0553,4138.543,4205.2382,4295.3286,4676.9957,5516.1433,5395.211,5580.6696,5734.0602,5983.9975
Azerbaijan,All sectors with LULUCF,Emissions (CH4),kilotonnes,345.9301,354.4705,349.1507,359.8666,365.8482,402.8827,435.0017,583.7105,668.3878,619.3525,632.3409,618.8759,635.3284,647.8476,660.5304,660.5898,651.6457,639.6539,638.1035,716.0958,729.1481
Azerbaijan,All sectors with LULUCF,Emissions (N2O),kilotonnes,7.3319,7.8099,8.1902,8.4648,8.9241,9.236,9.5236,9.7175,10.4336,10.5602,10.4383,10.7961,11.1508,11.3238,11.5996,12.8989,12.6967,12.4151,13.3614,14.2058,15.3987
Azerbaijan,All sectors with LULUCF,Emissions (CO2),kilotonnes,41885.1119,40308.3253,40296.3253,35428.3253,37245.3253,40085.3253,37215.3253,33425.3253,35745.3253,30158.3253,28415.3253,29428.65,30981.65,31131.65,31931.65,32451.65,33433.9779,32533.9779,34323.9779,35303.9779,34303.9779
Azerbaijan,All sectors with LULUCF,Emissions (CO2eq) from F-gases (AR5),kilotonnes,46.1583,50.2397,55.6815,163.2548,256.5432,297.3569,298.3287,359.5492,377.0408,309.9897,336.2271,241.9669,168.1135,0.0879,293.4699,305.1309,315.8202,327.4813,339.1423,350.8034,362.4645
Azerbaijan,All sectors with LULUCF,Emissions (CO2eq) from CH4 (AR5),kilotonnes,9686.0416,9925.1738,9776.2193,10076.2642,10243.7497,11280.7159,12180.0489,16343.8937,18714.8593,17341.8708,17705.5447,17328.5261,17789.1942,18139.7342,18494.852,18496.515,18246.0803,17910.3083,17866.8973,20050.6827,20416.147
Azerbaijan,All sectors with LULUCF,Emissions (CO2eq) from N2O (AR5),kilotonnes,1942.9439,2069.612,2170.4148,2243.1767,2364.8911,2447.5382,2523.7431,2575.1383,2764.893,2798.4445,2766.1569,2860.955,2954.9701,3000.8114,3073.8984,3418.2119,3364.6207,3290.0048,3540.7738,3764.5252,4080.6666
Azerbaijan,All sectors with LULUCF,Emissions (CO2eq) (AR5),kilotonnes,53560.2558,52353.3508,52298.6409,47911.0209,50110.5093,54110.9363,52217.4459,52703.9065,57602.1183,50608.6303,49223.2539,49860.098,51893.9278,52272.2836,53793.8703,54671.5078,55360.4992,54061.7723,56070.7914,59469.9892,59163.256
Azerbaijan,All sectors without LULUCF,Emissions (CH4),kilotonnes,345.2972,354.468,349.0212,359.8666,365.8482,402.8777,435.0017,583.6831,668.3828,619.3525,632.2537,618.8709,635.3234,647.8452,660.5105,660.5848,651.6457,639.5642,638.0412,716.0809,728.9413
Azerbaijan,All sectors without LULUCF,Emissions (N2O),kilotonnes,7.2969,7.8096,8.1784,8.4648,8.9241,9.2355,9.5236,9.715,10.4331,10.5602,10.4304,10.7956,11.1504,11.3236,11.5978,12.8985,12.6967,12.4069,13.3557,14.2044,15.3799
Azerbaijan,All sectors without LULUCF,Emissions (CO2),kilotonnes,43464,42123,42111,37243,39060,41900,39030,35240,37560,31973,30230,32277,33830,33980,34780,35300,35350,34450,36240,37220,36220
Azerbaijan,All sectors without LULUCF,Emissions (CO2eq) from F-gases (AR5),kilotonnes,46.1583,50.2397,55.6815,163.2548,256.5432,297.3569,298.3287,359.5492,377.0408,309.9897,336.2271,241.9669,168.1135,0.0879,293.4699,305.1309,315.8202,327.4813,339.1423,350.8034,362.4645
Azerbaijan,All sectors without LULUCF,Emissions (CO2eq) from CH4 (AR5),kilotonnes,9668.3228,9925.1041,9772.5925,10076.2642,10243.7497,11280.5764,12180.0489,16343.1264,18714.7198,17341.8708,17703.1034,17328.3865,17789.0547,18139.6644,18494.294,18496.3755,18246.0803,17907.7972,17865.1537,20050.2642,20410.3578
Azerbaijan,All sectors without LULUCF,Emissions (CO2eq) from N2O (AR5),kilotonnes,1933.6671,2069.5517,2167.2807,2243.1767,2364.8911,2447.4176,2523.7431,2574.4753,2764.7725,2798.4445,2764.0473,2860.8345,2954.8495,3000.7512,3073.4162,3418.0914,3364.6207,3287.8348,3539.2671,3764.1636,4075.6639
Azerbaijan,All sectors without LULUCF,Emissions (CO2eq) (AR5),kilotonnes,55112.1482,54167.8955,54106.5547,49725.6956,51925.184,55925.3509,54032.1207,54517.1509,59416.533,52423.305,51033.3778,52708.1879,54742.0177,55120.5036,56641.1801,57519.5978,57276.5213,55973.1133,57983.5631,61385.2311,61068.4862
Bahamas,Crop Residues,Direct emissions (N2O),kilotonnes,0,0,0,0,0,0,0.0001,0.0001,0.0001,0.0001,0.0001,0.0001,0.0001,0.0001,0.0001,0.0001,0.0001,0.0001,0.0001,0.0001,0.0001
Bahamas,Crop Residues,Indirect emissions (N2O),kilotonnes,0,0,0,0,0,0,0,0,0,0,0,0,0,0,0,0,0,0,0,0,0
Bahamas,Crop Residues,Emissions (N2O),kilotonnes,0.0001,0.0001,0.0001,0.0001,0.0001,0.0001,0.0001,0.0001,0.0001,0.0001,0.0001,0.0001,0.0001,0.0001,0.0001,0.0001,0.0001,0.0001,0.0001,0.0001,0.0001
Bahamas,Crop Residues,Emissions (CO2eq) from N2O (AR5),kilotonnes,0.0146,0.0136,0.0137,0.0151,0.0156,0.0158,0.0166,0.0174,0.0213,0.025,0.0277,0.0281,0.0282,0.0283,0.0281,0.0242,0.0269,0.0264,0.0258,0.0264,0.0262
Bahamas,Crop Residues,Emissions (CO2eq) (AR5),kilotonnes,0.0146,0.0136,0.0137,0.0151,0.0156,0.0158,0.0166,0.0174,0.0213,0.025,0.0277,0.0281,0.0282,0.0283,0.0281,0.0242,0.0269,0.0264,0.0258,0.0264,0.0262
Bahamas,Burning - Crop residues,Emissions (CH4),kilotonnes,0.0047,0.0055,0.0041,0.0038,0.0038,0.0038,0.0043,0.0043,0.0043,0.0043,0.0043,0.0043,0.0043,0.0043,0.0044,0.0044,0.0045,0.0045,0.0045,0.0045,0.0046
Bahamas,Burning - Crop residues,Emissions (N2O),kilotonnes,0.0001,0.0001,0.0001,0.0001,0.0001,0.0001,0.0001,0.0001,0.0001,0.0001,0.0001,0.0001,0.0001,0.0001,0.0001,0.0001,0.0001,0.0001,0.0001,0.0001,0.0001
Bahamas,Burning - Crop residues,Emissions (CO2eq) from CH4 (AR5),kilotonnes,0.1324,0.155,0.1157,0.1058,0.1058,0.1058,0.1206,0.1206,0.121,0.1206,0.1198,0.1201,0.1201,0.1201,0.1239,0.1243,0.1263,0.1268,0.1261,0.127,0.1277
Bahamas,Burning - Crop residues,Emissions (CO2eq) from N2O (AR5),kilotonnes,0.0325,0.038,0.0284,0.026,0.026,0.026,0.0296,0.0296,0.0297,0.0296,0.0294,0.0295,0.0295,0.0295,0.0304,0.0305,0.031,0.0311,0.0309,0.0312,0.0313
Bahamas,Burning - Crop residues,Emissions (CO2eq) (AR5),kilotonnes,0.1649,0.193,0.144,0.1318,0.1318,0.1318,0.1502,0.1502,0.1506,0.1502,0.1492,0.1496,0.1496,0.1495,0.1543,0.1548,0.1573,0.1579,0.157,0.1582,0.159
Bahamas,Enteric Fermentation,Emissions (CH4),kilotonnes,0.1514,0.1537,0.1493,0.1568,0.1632,0.164,0.1632,0.1634,0.1632,0.1634,0.1635,0.1637,0.1668,0.1668,0.1669,0.1659,0.1659,0.1667,0.1675,0.1681,0.1686
Bahamas,Enteric Fermentation,Emissions (CH4),kilotonnes,0.2337,,,,,,,,,,,,,,,,,,,,
Bahamas,Enteric Fermentation,Emissions (CO2eq) from CH4 (AR5),kilotonnes,4.2399,4.3035,4.1804,4.3904,4.5696,4.592,4.5696,4.5741,4.5696,4.5741,4.5786,4.583,4.6715,4.6715,4.6738,4.6453,4.645,4.6682,4.6899,4.7056,4.721
Bahamas,Enteric Fermentation,Emissions (CO2eq) from CH4 (AR5),kilotonnes,6.5436,,,,,,,,,,,,,,,,,,,,
Bahamas,Enteric Fermentation,Emissions (CO2eq) (AR5),kilotonnes,4.2399,4.3035,4.1804,4.3904,4.5696,4.592,4.5696,4.5741,4.5696,4.5741,4.5786,4.583,4.6715,4.6715,4.6738,4.6453,4.645,4.6682,4.6899,4.7056,4.721
Bahamas,Enteric Fermentation,Emissions (CO2eq) (AR5),kilotonnes,6.5436,,,,,,,,,,,,,,,,,,,,
Bahamas,Manure Management,Emissions (CH4),kilotonnes,0.0557,0.0579,0.0587,0.0685,0.0692,0.0692,0.0692,0.0692,0.0692,0.0692,0.0692,0.0692,0.0693,0.0693,0.0693,0.0713,0.0705,0.0714,0.0728,0.073,0.0735
Bahamas,Manure Management,Emissions (N2O),kilotonnes,0.0054,0.0055,0.0056,0.0064,0.0065,0.0065,0.0065,0.0065,0.0065,0.0065,0.0065,0.0065,0.0065,0.0065,0.0065,0.0067,0.0066,0.0067,0.0068,0.0068,0.0068
Bahamas,Manure Management,Emissions (N2O),kilotonnes,0.0012,,,,,,,,,,,,,,,,,,,,
Bahamas,Manure Management,Emissions (CO2eq) from CH4 (AR5),kilotonnes,1.5596,1.6204,1.643,1.9179,1.9373,1.9373,1.9373,1.9373,1.9373,1.9373,1.9373,1.9373,1.9401,1.9401,1.9401,1.9973,1.9749,2.0005,2.0394,2.0432,2.057
Bahamas,Manure Management,Emissions (CO2eq) from N2O (AR5),kilotonnes,1.4185,1.4692,1.4865,1.7063,1.7226,1.7234,1.723,1.7195,1.7194,1.7195,1.7197,1.7257,1.7202,1.7204,1.7203,1.7642,1.7466,1.766,1.7983,1.8011,1.8117
Bahamas,Manure Management,Emissions (CO2eq) from N2O (AR5),kilotonnes,0.318,,,,,,,,,,,,,,,,,,,,
Bahamas,Manure Management,Emissions (CO2eq) (AR5),kilotonnes,2.9781,3.0897,3.1296,3.6242,3.6599,3.6607,3.6603,3.6569,3.6567,3.6569,3.657,3.663,3.6603,3.6605,3.6604,3.7615,3.7215,3.7665,3.8378,3.8444,3.8687
Bahamas,Manure Management,Emissions (CO2eq) (AR5),kilotonnes,0.318,,,,,,,,,,,,,,,,,,,,
Bahamas,Manure left on Pasture,Direct emissions (N2O),kilotonnes,0.0164,0.017,0.0171,0.0195,0.0198,0.0198,0.0198,0.0198,0.0198,0.0198,0.0198,0.0198,0.0199,0.0199,0.0199,0.0204,0.0202,0.0204,0.0208,0.0208,0.021
Bahamas,Manure left on Pasture,Indirect emissions (N2O),kilotonnes,0.0044,0.0046,0.0045,0.0051,0.0052,0.0052,0.0052,0.0052,0.0052,0.0052,0.0052,0.0052,0.0052,0.0052,0.0052,0.0054,0.0053,0.0053,0.0054,0.0054,0.0055
Bahamas,Manure left on Pasture,Emissions (N2O),kilotonnes,0.0208,0.0215,0.0216,0.0246,0.025,0.025,0.025,0.025,0.025,0.025,0.025,0.025,0.0252,0.0252,0.0252,0.0258,0.0255,0.0258,0.0262,0.0263,0.0264
Bahamas,Manure left on Pasture,Emissions (CO2eq) from N2O (AR5),kilotonnes,5.5121,5.71,5.7301,6.5307,6.6316,6.6243,6.6331,6.6188,6.6203,6.6188,6.6174,6.6362,6.6656,6.6664,6.6649,6.8336,6.7701,6.8352,6.9511,6.9663,7.0091
Bahamas,Manure left on Pasture,Emissions (CO2eq) (AR5),kilotonnes,5.5121,5.71,5.7301,6.5307,6.6316,6.6243,6.6331,6.6188,6.6203,6.6188,6.6174,6.6362,6.6656,6.6664,6.6649,6.8336,6.7701,6.8352,6.9511,6.9663,7.0091
Bahamas,Manure applied to Soils,Direct emissions (N2O),kilotonnes,0.0093,0.0097,0.0098,0.0115,0.0116,0.0116,0.0116,0.0116,0.0116,0.0116,0.0116,0.0116,0.0116,0.0116,0.0116,0.0119,0.0118,0.0119,0.0122,0.0122,0.0123
Bahamas,Manure applied to Soils,Indirect emissions (N2O),kilotonnes,0.004,0.0041,0.0042,0.0049,0.0049,0.0049,0.0049,0.0049,0.0049,0.0049,0.0049,0.0049,0.0049,0.0049,0.0049,0.0051,0.005,0.0051,0.0052,0.0052,0.0052
Bahamas,Manure applied to Soils,Emissions (N2O),kilotonnes,0.0133,0.0138,0.014,0.0163,0.0165,0.0166,0.0165,0.0165,0.0165,0.0165,0.0165,0.0166,0.0165,0.0165,0.0165,0.017,0.0168,0.017,0.0173,0.0174,0.0175
Bahamas,Manure applied to Soils,Emissions (CO2eq) from N2O (AR5),kilotonnes,3.5253,3.6522,3.7141,4.3289,4.3767,4.3869,4.3779,4.3696,4.3676,4.3696,4.3716,4.3902,4.3762,4.3768,4.3772,4.4921,4.442,4.4982,4.5895,4.5978,4.6283
Bahamas,Manure applied to Soils,Emissions (CO2eq) (AR5),kilotonnes,3.5253,3.6522,3.7141,4.3289,4.3767,4.3869,4.3779,4.3696,4.3676,4.3696,4.3716,4.3902,4.3762,4.3768,4.3772,4.4921,4.442,4.4982,4.5895,4.5978,4.6283
Bahamas,Synthetic Fertilizers,Direct emissions (N2O),kilotonnes,0.0016,0.0063,,,,,,,,,,,0.0109,0.0077,0.0087,0.0104,0.0201,0.0256,0.0313,0.0313,0.0174
Bahamas,Synthetic Fertilizers,Indirect emissions (N2O),kilotonnes,0.0005,0.002,,,,,,,,,,,0.0036,0.0025,0.0028,0.0034,0.0065,0.0083,0.0102,0.0102,0.0056
Bahamas,Synthetic Fertilizers,Emissions (N2O),kilotonnes,0.0021,0.0083,,,,,,,,,,,0.0145,0.0102,0.0116,0.0138,0.0266,0.0339,0.0414,0.0414,0.023
Bahamas,Synthetic Fertilizers,Emissions (CO2eq) from N2O (AR5),kilotonnes,0.5518,2.2071,,,,,,,,,,,3.8436,2.6984,3.0663,3.6529,7.0597,8.983,10.9754,10.9754,6.1009
Bahamas,Synthetic Fertilizers,Emissions (CO2eq) (AR5),kilotonnes,0.5518,2.2071,,,,,,,,,,,3.8436,2.6984,3.0663,3.6529,7.0597,8.983,10.9754,10.9754,6.1009
Bahamas,Drained organic soils,Emissions (CO2eq) (AR5),kilotonnes,0,0,0,0,0,0,0,0,0,0,0,0,0,0,0,0,0,0,0,0,0
Bahamas,Drained organic soils (CO2),Emissions (CO2),kilotonnes,0,0,0,0,0,0,0,0,0,0,0,0,0,0,0,0,0,0,0,0,0
Bahamas,Drained organic soils (CO2),Emissions (CO2eq) (AR5),kilotonnes,0,0,0,0,0,0,0,0,0,0,0,0,0,0,0,0,0,0,0,0,0
Bahamas,Drained organic soils (N2O),Emissions (N2O),kilotonnes,0,0,0,0,0,0,0,0,0,0,0,0,0,0,0,0,0,0,0,0,0
Bahamas,Drained organic soils (N2O),Emissions (CO2eq) from N2O (AR5),kilotonnes,0,0,0,0,0,0,0,0,0,0,0,0,0,0,0,0,0,0,0,0,0
Bahamas,Drained organic soils (N2O),Emissions (CO2eq) (AR5),kilotonnes,0,0,0,0,0,0,0,0,0,0,0,0,0,0,0,0,0,0,0,0,0
Bahamas,On-farm energy use,Emissions (CH4),kilotonnes,1.1531,0.9543,0.9236,0.8513,0.8469,0.5189,0.2579,0.2475,0.1323,0.1298,0.1394,0.1849,0.2221,0.3046,0.2339,0.2013,0.1593,0.1704,0.1926,0.1843,0.1843
Bahamas,On-farm energy use,Emissions (N2O),kilotonnes,0.0058,0.0048,0.0046,0.0043,0.0042,0.0026,0.0013,0.0012,0.0007,0.0006,0.0007,0.0009,0.0011,0.0015,0.0012,0.001,0.0008,0.0009,0.001,0.0009,0.0009
Bahamas,On-farm energy use,Emissions (CO2),kilotonnes,363.5981,300.9332,291.2527,268.4577,267.0622,163.6386,81.3183,78.0388,41.7322,40.9148,43.9664,58.2982,70.0302,96.0532,73.743,63.4816,50.2323,53.7422,60.725,58.1213,58.1213
Bahamas,On-farm energy use,Emissions (CO2eq) from CH4 (AR5),kilotonnes,32.2857,26.7213,25.8618,23.8377,23.7138,14.5303,7.2207,6.9295,3.7056,3.633,3.904,5.1766,6.2183,8.529,6.548,5.6368,4.4604,4.772,5.3921,5.1609,5.1609
Bahamas,On-farm energy use,Emissions (CO2eq) from N2O (AR5),kilotonnes,1.5278,1.2645,1.2238,1.128,1.1222,0.6876,0.3417,0.3279,0.1754,0.1719,0.1847,0.245,0.2943,0.4036,0.3099,0.2667,0.2111,0.2258,0.2552,0.2442,0.2442
Bahamas,On-farm energy use,Emissions (CO2eq) (AR5),kilotonnes,397.4116,328.919,318.3383,293.4234,291.8981,178.8565,88.8807,85.2962,45.6132,44.7197,48.0551,63.7198,76.5428,104.9858,80.6009,69.3852,54.9037,58.7401,66.3722,63.5264,63.5264
Bahamas,Forestland,Emissions (CO2),kilotonnes,0,0,0,0,0,0,0,0,0,0,0,0,0,0,0,0,0,0,0,0,0
Bahamas,Forestland,Emissions (CO2eq) (AR5),kilotonnes,0,0,0,0,0,0,0,0,0,0,0,0,0,0,0,0,0,0,0,0,0
Bahamas,Net Forest conversion,Emissions (CO2),kilotonnes,0,0,0,0,0,0,0,0,0,0,0,0,0,0,0,0,0,0,0,0,0
Bahamas,Net Forest conversion,Emissions (CO2eq) (AR5),kilotonnes,0,0,0,0,0,0,0,0,0,0,0,0,0,0,0,0,0,0,0,0,0
Bahamas,Savanna fires,Emissions (CH4),kilotonnes,0.1825,0.1247,0.1778,0.0176,0.5122,0.2095,0.143,0.1808,0.4339,0.1836,0.0543,0.4293,0.1143,0.3626,0.0938,0.1631,0.187,0.312,0.035,0.0488,0.2169
Bahamas,Savanna fires,Emissions (N2O),kilotonnes,0.0167,0.0114,0.0162,0.0016,0.0468,0.0191,0.0131,0.0165,0.0396,0.0168,0.005,0.0392,0.0104,0.0331,0.0086,0.0149,0.0171,0.0285,0.0032,0.0045,0.0198
Bahamas,Savanna fires,Emissions (CO2eq) from CH4 (AR5),kilotonnes,5.111,3.492,4.9793,0.4919,14.3424,5.8649,4.004,5.0625,12.1481,5.1406,1.5217,12.0197,3.2009,10.153,2.6256,4.567,5.2363,8.7355,0.979,1.366,6.0729
Bahamas,Savanna fires,Emissions (CO2eq) from N2O (AR5),kilotonnes,4.4165,3.0175,4.3028,0.4251,12.3937,5.068,3.46,4.3747,10.4975,4.4421,1.315,10.3866,2.766,8.7735,2.2689,3.9465,4.5249,7.5486,0.846,1.1804,5.2477
Bahamas,Savanna fires,Emissions (CO2eq) (AR5),kilotonnes,9.5275,6.5095,9.2821,0.917,26.7361,10.9329,7.464,9.4372,22.6456,9.5827,2.8367,22.4063,5.9669,18.9266,4.8945,8.5135,9.7612,16.284,1.825,2.5464,11.3206
Bahamas,Fires in organic soils,Emissions (CH4),kilotonnes,0,0,0,0,0,0,0,0,0,0,0,0,0,0,0,0,0,0,0,0,0
Bahamas,Fires in organic soils,Emissions (CO2),kilotonnes,0,0,0,0,0,0,0,0,0,0,0,0,0,0,0,0,0,0,0,0,0
Bahamas,Fires in organic soils,Emissions (CO2eq) from CH4 (AR5),kilotonnes,0,0,0,0,0,0,0,0,0,0,0,0,0,0,0,0,0,0,0,0,0
Bahamas,Fires in organic soils,Emissions (CO2eq) (AR5),kilotonnes,0,0,0,0,0,0,0,0,0,0,0,0,0,0,0,0,0,0,0,0,0
Bahamas,Forest fires,Emissions (CH4),kilotonnes,3.8547,0.3285,0.3455,0.1066,0.8054,0.7332,0.4661,0.1066,1.0627,0.6709,0.2959,1.1621,0.1813,1.394,0.2912,0.3452,0.8235,1.7573,0.16,0.3252,0.4958
Bahamas,Forest fires,Emissions (N2O),kilotonnes,0.1134,0.03,0.0315,0.0097,0.0735,0.0669,0.0426,0.0097,0.097,0.0613,0.027,0.1061,0.0166,0.1273,0.0266,0.0315,0.0752,0.1604,0.0146,0.0297,0.0453
Bahamas,Forest fires,Emissions (CO2eq) from CH4 (AR5),kilotonnes,107.9319,9.1985,9.673,2.9852,22.5514,20.5284,13.0508,2.9854,29.7555,18.7839,8.2848,32.5382,5.0762,39.0322,8.1523,9.6658,23.0584,49.2039,4.4789,9.1059,13.8825
Bahamas,Forest fires,Emissions (CO2eq) from N2O (AR5),kilotonnes,30.0441,7.9487,8.3587,2.5796,19.4873,17.7392,11.2776,2.5797,25.7126,16.2318,7.1592,28.1173,4.3865,33.7289,7.0446,8.3525,19.9254,42.5186,3.8703,7.8687,11.9963
Bahamas,Forest fires,Emissions (CO2eq) (AR5),kilotonnes,137.976,17.1472,18.0317,5.5647,42.0387,38.2676,24.3285,5.5651,55.4682,35.0157,15.444,60.6555,9.4627,72.7611,15.1969,18.0183,42.9838,91.7225,8.3492,16.9745,25.8788
Bahamas,Fires in humid tropical forests,Emissions (CH4),kilotonnes,1.2543,0.3012,0.3306,0.1066,0.7384,0.5171,0.4611,0.1066,1.0503,0.5144,0.2959,1.0876,0.1813,1.3915,0.2266,0.2186,0.677,1.6554,0.16,0.3252,0.4958
Bahamas,Fires in humid tropical forests,Emissions (N2O),kilotonnes,0.0369,0.0275,0.0302,0.0097,0.0674,0.0472,0.0421,0.0097,0.0959,0.047,0.027,0.0993,0.0166,0.1271,0.0207,0.02,0.0618,0.1511,0.0146,0.0297,0.0453
Bahamas,Fires in humid tropical forests,Emissions (CO2eq) from CH4 (AR5),kilotonnes,35.1207,8.4335,9.2557,2.9852,20.6744,14.4799,12.9118,2.9854,29.4079,14.4039,8.2848,30.4526,5.0762,38.9626,6.3444,6.12,18.9568,46.3526,4.4789,9.1059,13.8825
Bahamas,Fires in humid tropical forests,Emissions (CO2eq) from N2O (AR5),kilotonnes,9.7764,7.2876,7.9981,2.5796,17.8653,12.5126,11.1575,2.5797,25.4122,12.4469,7.1592,26.3151,4.3865,33.6688,5.4824,5.2885,16.3811,40.0547,3.8703,7.8687,11.9963
Bahamas,Fires in humid tropical forests,Emissions (CO2eq) (AR5),kilotonnes,44.8971,15.7211,17.2538,5.5647,38.5397,26.9925,24.0693,5.5651,54.8201,26.8508,15.444,56.7677,9.4627,72.6315,11.8267,11.4084,35.3379,86.4072,8.3492,16.9745,25.8788
Bahamas,Waste - agri-food systems,Emissions (CH4),kilotonnes,7.5293,7.5636,7.5962,7.6226,7.6437,7.6671,7.6904,7.7135,7.7305,7.7387,7.7476,7.7543,7.7673,7.7753,7.7776,7.7948,7.8071,7.8216,7.8365,7.8518,7.8293
Bahamas,Waste - agri-food systems,Emissions (N2O),kilotonnes,0.0094,0.0095,0.0097,0.0093,0.0089,0.009,0.0095,0.0096,0.0097,0.0104,0.0102,0.01,0.0112,0.0109,0.0085,0.0082,0.0081,0.008,0.0081,0.0082,0.0083
Bahamas,Waste - agri-food systems,Emissions (CO2),kilotonnes,36.8608,36.9083,37.0142,37.0122,37.0456,37.1793,37.2328,37.3029,37.2888,37.203,37.2214,37.2173,37.3184,37.2944,37.3856,37.4819,37.4781,37.548,37.5993,37.6537,37.1567
Bahamas,Waste - agri-food systems,Emissions (CO2eq) from CH4 (AR5),kilotonnes,210.8214,211.7801,212.6923,213.4318,214.0233,214.68,215.3301,215.9793,216.4552,216.6838,216.9337,217.1212,217.4848,217.709,217.7739,218.253,218.599,219.005,219.4226,219.8506,219.2199
Bahamas,Waste - agri-food systems,Emissions (CO2eq) from N2O (AR5),kilotonnes,2.48,2.5191,2.5687,2.4546,2.3548,2.3856,2.5145,2.5389,2.5783,2.7602,2.7159,2.6505,2.9811,2.8771,2.2463,2.1823,2.1433,2.127,2.1504,2.1738,2.1967
Bahamas,Waste - agri-food systems,Emissions (CO2eq) (AR5),kilotonnes,250.1622,251.2076,252.2753,252.8986,253.4238,254.2448,255.0773,255.821,256.3223,256.647,256.8709,256.989,257.7843,257.8806,257.4059,257.9172,258.2205,258.68,259.1722,259.6781,258.5732
Bahamas,On-farm electricity use,Emissions (CH4),kilotonnes,0,0,0,0,0,0,0,0,0,0,0,0,0,0,0,0,0,0,0,0,0
Bahamas,On-farm electricity use,Emissions (N2O),kilotonnes,0,0,0,0,0,0,0,0,0,0,0,0,0,0,0,0,0,0,0,0,0
Bahamas,On-farm electricity use,Emissions (CO2),kilotonnes,0,0,0,0,0,0,0,0,0,0,0,0,0,0,0,0,0,0,0,0,0
Bahamas,On-farm electricity use,Emissions (CO2eq) from CH4 (AR5),kilotonnes,0,0,0,0,0,0,0,0,0,0,0,0,0,0,0,0,0,0,0,0,0
Bahamas,On-farm electricity use,Emissions (CO2eq) from N2O (AR5),kilotonnes,0,0,0,0,0,0,0,0,0,0,0,0,0,0,0,0,0,0,0,0,0
Bahamas,On-farm electricity use,Emissions (CO2eq) (AR5),kilotonnes,0,0,0,0,0,0,0,0,0,0,0,0,0,0,0,0,0,0,0,0,0
Bahamas,Food Processing,Emissions (CH4),kilotonnes,0.0014,0.0015,0.0001,0,0,0,0,0,0.0004,0.0004,0.0007,0.0066,0.0081,0.0091,0.0071,0.0073,0.0074,0.0069,0.0106,0.0116,0.0114
Bahamas,Food Processing,Emissions (N2O),kilotonnes,0.0003,0.0004,0.0002,0.0002,0.0002,0.0002,0.0002,0.0002,0.0001,0.0001,0.0002,0.0006,0.0008,0.0009,0.0008,0.0007,0.0008,0.0009,0.0011,0.0014,0.0014
Bahamas,Food Processing,Emissions (CO2),kilotonnes,28.0919,28.347,17.2093,18.6528,22.101,13.9003,12.8942,13.7265,11.2808,8.1209,13.2506,39.992,43.6712,83.3794,54.4355,45.491,44.9392,55.2394,70.6229,70.5793,62.177
Bahamas,Food Processing,Emissions (CO2eq) from CH4 (AR5),kilotonnes,0.0392,0.042,0.0028,0,0,0,0,0,0.0112,0.0112,0.0196,0.1848,0.2268,0.2548,0.1988,0.2044,0.2072,0.1932,0.2968,0.3248,0.3194
Bahamas,Food Processing,Emissions (CO2eq) from N2O (AR5),kilotonnes,0.0795,0.106,0.053,0.053,0.053,0.053,0.053,0.053,0.0265,0.0265,0.053,0.159,0.212,0.2385,0.212,0.1855,0.212,0.2385,0.2915,0.371,0.3755
Bahamas,Food Processing,Emissions (CO2eq) (AR5),kilotonnes,28.2106,28.495,17.2651,18.7058,22.154,13.9533,12.9472,13.7795,11.3185,8.1586,13.3232,40.3358,44.11,83.8727,54.8463,45.8809,45.3584,55.6711,71.2112,71.2751,62.872
Bahamas,Food Packaging,Emissions (CH4),kilotonnes,0,0,0,0,0,0,0,0,0,0,0,0.0001,0.0001,0.0001,0.0001,0.0001,0.0001,0.0001,0.0001,0.0001,0.0001
Bahamas,Food Packaging,Emissions (N2O),kilotonnes,0,0,0,0,0,0,0,0,0,0,0,0,0,0,0,0,0,0,0,0,0
Bahamas,Food Packaging,Emissions (CO2),kilotonnes,0.0002,0.0002,0.0002,0.0002,0.0002,0.0002,0.0002,0.0002,0.0003,0.0002,0.0002,0.5574,0.5986,1.0368,0.6978,0.6194,0.5544,0.6425,0.6596,0.5993,0.528
Bahamas,Food Packaging,Emissions (CO2eq) from CH4 (AR5),kilotonnes,0,0,0,0,0,0,0,0,0,0,0,0.0028,0.0028,0.0028,0.0028,0.0028,0.0028,0.0028,0.0028,0.0028,0.0028
Bahamas,Food Packaging,Emissions (CO2eq) from N2O (AR5),kilotonnes,0,0,0,0,0,0,0,0,0,0,0,0,0,0,0,0,0,0,0,0,0
Bahamas,Food Packaging,Emissions (CO2eq) (AR5),kilotonnes,0.0002,0.0002,0.0002,0.0002,0.0002,0.0002,0.0002,0.0002,0.0003,0.0002,0.0002,0.5602,0.6014,1.0396,0.7006,0.6222,0.5572,0.6453,0.6624,0.6021,0.5307
Bahamas,Food Retail,Emissions (CH4),kilotonnes,0.0031,0.0031,0.0034,0.0033,0.003,0.0033,0.0034,0.0033,0.0033,0.0037,0.0054,0.0114,0.0135,0.0173,0.0056,0.0126,0.0072,0.0061,0.0078,0.0098,0.0096
Bahamas,Food Retail,Emissions (N2O),kilotonnes,0.0002,0.0002,0.0002,0.0002,0.0002,0.0002,0.0002,0.0001,0.0002,0.0002,0.0002,0.0003,0.0006,0.0011,0.0005,0.0004,0.0003,0.0004,0.0005,0.0005,0.0005
Bahamas,Food Retail,Emissions (CO2),kilotonnes,19.6156,19.6155,21.5576,20.3354,17.7948,19.0788,20.2713,17.2681,20.7615,23.1598,22.8488,37.5264,72.9358,126.9654,60.2902,50.7305,40.2194,45.966,63.0851,57.4033,50.5696
Bahamas,Food Retail,Emissions (CO2eq) from CH4 (AR5),kilotonnes,0.0868,0.0868,0.0952,0.0924,0.084,0.0924,0.0952,0.0924,0.0924,0.1036,0.1512,0.3192,0.378,0.4844,0.1568,0.3528,0.2016,0.1708,0.2184,0.2744,0.2699
Bahamas,Food Retail,Emissions (CO2eq) from N2O (AR5),kilotonnes,0.053,0.053,0.053,0.053,0.053,0.053,0.053,0.0265,0.053,0.053,0.053,0.0795,0.159,0.2915,0.1325,0.106,0.0795,0.106,0.1325,0.1325,0.1341
Bahamas,Food Retail,Emissions (CO2eq) (AR5),kilotonnes,19.7554,19.7553,21.7058,20.4808,17.9318,19.2242,20.4195,17.387,20.9069,23.3164,23.053,37.9251,73.4728,127.7413,60.5795,51.1893,40.5005,46.2428,63.436,57.8102,50.9736
Bahamas,Food Household Consumption,Emissions (CH4),kilotonnes,0.2449,0.2625,0.2666,0.2884,0.2857,0.3244,0.2992,0.3119,0.3098,0.2881,0.2796,0.2749,0.2501,0.2434,0.2533,0.2621,0.3162,0.267,0.3204,0.3204,0.3151
Bahamas,Food Household Consumption,Emissions (N2O),kilotonnes,0.0014,0.0015,0.0014,0.0015,0.0015,0.0018,0.0016,0.0017,0.0017,0.0016,0.0015,0.0015,0.0014,0.0013,0.0014,0.0014,0.0017,0.0014,0.0017,0.0017,0.0017
Bahamas,Food Household Consumption,Emissions (CO2),kilotonnes,148.0467,155.1793,156.6051,168.0617,165.6666,183.8229,166.1878,172.7004,161.884,154.9021,149.4464,143.7625,127.2644,131.142,136.5901,142.2231,165.9758,142.0015,170.9315,170.9315,150.5825
Bahamas,Food Household Consumption,Emissions (CO2eq) from CH4 (AR5),kilotonnes,6.8572,7.35,7.4648,8.0752,7.9996,9.0832,8.3776,8.7332,8.6744,8.0668,7.8288,7.6972,7.0028,6.8152,7.0924,7.3388,8.8536,7.476,8.9712,8.9712,8.8233
Bahamas,Food Household Consumption,Emissions (CO2eq) from N2O (AR5),kilotonnes,0.371,0.3975,0.371,0.3975,0.3975,0.477,0.424,0.4505,0.4505,0.424,0.3975,0.3975,0.371,0.3445,0.371,0.371,0.4505,0.371,0.4505,0.4505,0.456
Bahamas,Food Household Consumption,Emissions (CO2eq) (AR5),kilotonnes,155.2749,162.9268,164.4409,176.5344,174.0637,193.3831,174.9894,181.8841,171.0089,163.3929,157.6727,151.8572,134.6382,138.3017,144.0535,149.9329,175.2799,149.8485,180.3532,180.3532,159.8618
Bahamas,Food Transport,Emissions (CH4),kilotonnes,0.0195,0.0189,0.016,0.0113,0.0114,0.0108,0.0116,0.0118,0.0115,0.0098,0.0101,0.0103,0.0114,0.0113,0.0113,0.0101,0.01,0.0099,0.0096,0.0108,0.0106
Bahamas,Food Transport,Emissions (N2O),kilotonnes,0.0034,0.0036,0.0033,0.0025,0.0028,0.0029,0.0035,0.0039,0.0038,0.0033,0.0033,0.0035,0.0038,0.0038,0.0037,0.0034,0.0033,0.0033,0.0032,0.0042,0.0043
Bahamas,Food Transport,Emissions (CO2),kilotonnes,105.7689,107.9656,96.7951,73.5712,85.4192,84.7936,97.048,108.6411,105.4544,88.9256,95.57,83.7395,103.3573,101.6783,101.1239,92.462,93.068,91.9623,89.3057,113.9838,100.4143
Bahamas,Food Transport,Emissions (CO2eq) from CH4 (AR5),kilotonnes,0.546,0.5292,0.448,0.3164,0.3192,0.3024,0.3248,0.3304,0.322,0.2744,0.2828,0.2884,0.3192,0.3164,0.3164,0.2828,0.28,0.2772,0.2688,0.3024,0.2974
Bahamas,Food Transport,Emissions (CO2eq) from N2O (AR5),kilotonnes,0.901,0.954,0.8745,0.6625,0.742,0.7685,0.9275,1.0335,1.007,0.8745,0.8745,0.9275,1.007,1.007,0.9805,0.901,0.8745,0.8745,0.848,1.113,1.1266
Bahamas,Food Transport,Emissions (CO2eq) (AR5),kilotonnes,107.2159,109.4488,98.1176,74.5501,86.4804,85.8645,98.3003,110.005,106.7834,90.0745,96.7273,84.9554,104.6835,103.0017,102.4208,93.6458,94.2225,93.114,90.4225,115.3992,101.8383
Bahamas,Energy,Emissions (CH4),kilotonnes,0.319,0.327,0.303,0.225,0.22,0.201,0.217,0.237,0.221,0.191,0.175,0.177,0.211,0.223,0.213,0.196,0.196,0.175,0.171,0.182,0.179
Bahamas,Energy,Emissions (N2O),kilotonnes,0.0959,0.0985,0.091,0.066,0.0746,0.0698,0.0723,0.0871,0.0843,0.0693,0.0685,0.0781,0.097,0.0879,0.0908,0.0818,0.0907,0.0856,0.0832,0.0903,0.0914
Bahamas,Energy,Emissions (CO2),kilotonnes,1950,1870,1930,1970,1970,1830,1780,1800,2360,1610,2390,1800,1910,2880,2370,2040,1790,1970,2030,2100,1850
Bahamas,Energy,Emissions (CO2eq) from CH4 (AR5),kilotonnes,8.932,9.156,8.484,6.3,6.16,5.628,6.076,6.636,6.188,5.348,4.9,4.956,5.908,6.244,5.964,5.488,5.488,4.9,4.788,5.096,5.012
Bahamas,Energy,Emissions (CO2eq) from N2O (AR5),kilotonnes,25.4135,26.1025,24.115,17.49,19.769,18.497,19.1595,23.0815,22.3395,18.3645,18.1525,20.6965,25.705,23.2935,24.062,21.677,24.0355,22.684,22.048,23.9295,24.221
Bahamas,Energy,Emissions (CO2eq) (AR5),kilotonnes,1984.3455,1905.2585,1962.599,1993.79,1995.929,1854.125,1805.2355,1829.7175,2388.5275,1633.7125,2413.0525,1825.6525,1941.613,2909.5375,2400.026,2067.165,1819.5235,1997.584,2056.836,2129.0255,1879.233
Bahamas,IPPU,Emissions (N2O),kilotonnes,0,0,0,0,0,0,0,0,0,0,0,0,0,0,0,0,0,0,0,0,0
Bahamas,IPPU,Emissions (CO2),kilotonnes,11.4,12.2,12.4,11.5,11.9,12.8,13.3,13.7,13.6,13.5,13.4,12.5,12.6,12.6,12.6,12.3,12.3,12.3,12.3,12.3,12.3
Bahamas,IPPU,Emissions (CO2eq) from N2O (AR5),kilotonnes,0.0009,0.0009,0.0009,0.0009,0.0009,0.001,0.001,0.001,0.001,0.001,0.0011,0.0011,0.0011,0.0011,0.0011,0.0011,0.0011,0.0012,0.0012,0.0012,0.0012
Bahamas,IPPU,Emissions (CO2eq) (AR5),kilotonnes,11.4009,12.2009,12.4009,11.5009,11.9009,12.801,13.301,13.701,13.601,13.501,13.4011,12.5011,12.6011,12.6011,12.6011,12.3011,12.3011,12.3012,12.3012,12.3012,12.3012
Bahamas,Waste,Emissions (CH4),kilotonnes,8.89,9.06,9.26,9.42,9.6,9.8,10,10.2,10.3,10.4,10.6,10.8,11,11.1,11.3,11.4,11.5,11.6,11.8,12,12.1
Bahamas,Waste,Emissions (N2O),kilotonnes,0.0178,0.0182,0.0186,0.0186,0.0182,0.0178,0.018,0.0185,0.0189,0.0196,0.02,0.0201,0.0207,0.0211,0.0202,0.0184,0.0166,0.0162,0.0166,0.0182,0.0181
Bahamas,Waste,Emissions (CO2),kilotonnes,0.675,0.687,0.701,0.717,0.732,0.748,0.763,0.779,0.793,0.807,0.822,0.835,0.848,0.861,0.873,0.885,0.896,0.906,0.916,0.937,0.95
Bahamas,Waste,Emissions (CO2eq) from CH4 (AR5),kilotonnes,248.92,253.68,259.28,263.76,268.8,274.4,280,285.6,288.4,291.2,296.8,302.4,308,310.8,316.4,319.2,322,324.8,330.4,336,338.8
Bahamas,Waste,Emissions (CO2eq) from N2O (AR5),kilotonnes,4.717,4.823,4.929,4.929,4.823,4.717,4.77,4.9025,5.0085,5.194,5.3,5.3265,5.4855,5.5915,5.353,4.876,4.399,4.293,4.399,4.823,4.7965
Bahamas,Waste,Emissions (CO2eq) (AR5),kilotonnes,254.312,259.19,264.91,269.406,274.355,279.865,285.533,291.2815,294.2015,297.201,302.922,308.5615,314.3335,317.2525,322.626,324.961,327.295,329.999,335.715,341.76,344.5465
Bahamas,Other,Emissions (N2O),kilotonnes,0.146,0.15,0.148,0.11,0.124,0.118,0.132,0.148,0.148,0.12,0.141,0.132,0.152,0.145,0.141,0.134,0.135,0.0904,0.0878,0.118,0.116
Bahamas,Other,Emissions (CO2eq) from N2O (AR5),kilotonnes,38.69,39.75,39.22,29.15,32.86,31.27,34.98,39.22,39.22,31.8,37.365,34.98,40.28,38.425,37.365,35.51,35.775,23.956,23.267,31.27,30.74
Bahamas,Other,Emissions (CO2eq) (AR5),kilotonnes,38.69,39.75,39.22,29.15,32.86,31.27,34.98,39.22,39.22,31.8,37.365,34.98,40.28,38.425,37.365,35.51,35.775,23.956,23.267,31.27,30.74
Bahamas,Farm-gate emissions,Emissions (CH4),kilotonnes,1.5474,1.2961,1.3136,1.098,1.5953,0.9654,0.6376,0.6651,0.8029,0.5502,0.4308,0.8513,0.5768,0.9076,0.5683,0.6061,0.5872,0.7251,0.4724,0.4787,0.6478
Bahamas,Farm-gate emissions,Direct emissions (N2O),kilotonnes,0.0273,0.033,0.027,0.031,0.0315,0.0315,0.0315,0.0314,0.0314,0.0314,0.0314,0.0316,0.0425,0.0393,0.0403,0.0428,0.0522,0.058,0.0643,0.0644,0.0507
Bahamas,Farm-gate emissions,Indirect emissions (N2O),kilotonnes,0.0089,0.0107,0.0087,0.01,0.0101,0.0101,0.0101,0.0101,0.0101,0.0101,0.0101,0.0102,0.0137,0.0127,0.013,0.0138,0.0169,0.0187,0.0208,0.0208,0.0163
Bahamas,Farm-gate emissions,Emissions (N2O),kilotonnes,0.0641,0.0656,0.0623,0.0534,0.0992,0.0699,0.0626,0.0659,0.0884,0.0656,0.0538,0.0885,0.0744,0.0932,0.0697,0.0793,0.0936,0.1129,0.0961,0.0974,0.0947
Bahamas,Farm-gate emissions,Emissions (CO2),kilotonnes,363.5981,300.9332,291.2527,268.4577,267.0622,163.6386,81.3183,78.0388,41.7322,40.9148,43.9664,58.2982,70.0302,96.0532,73.743,63.4816,50.2323,53.7422,60.725,58.1213,58.1213
Bahamas,Farm-gate emissions,Emissions (CO2eq) from CH4 (AR5),kilotonnes,43.3285,36.2922,36.7802,30.7438,44.6689,27.0303,17.8522,18.6239,22.4815,15.4056,12.0614,23.8368,16.151,25.4138,15.9114,16.9708,16.4429,20.3029,13.2265,13.4027,18.1395
Bahamas,Farm-gate emissions,Emissions (CO2eq) from N2O (AR5),kilotonnes,16.9991,17.372,16.4994,14.1601,26.2884,18.5321,16.5819,17.4575,23.431,17.3766,14.2655,23.4413,19.7236,24.6969,18.4659,21.0108,24.8123,29.9144,25.4723,25.8228,25.0994
Bahamas,Farm-gate emissions,Emissions (CO2eq) (AR5),kilotonnes,423.9258,354.5974,344.5323,313.3615,338.0195,209.201,115.7524,114.1203,87.6448,73.697,70.2934,105.5763,105.9048,146.1638,108.1204,101.4632,91.4875,103.9595,99.4238,97.3468,101.3602
Bahamas,Land Use change,Emissions (CH4),kilotonnes,1.2543,0.3012,0.3306,0.1066,0.7384,0.5171,0.4611,0.1066,1.0503,0.5144,0.2959,1.0876,0.1813,1.3915,0.2266,0.2186,0.677,1.6554,0.16,0.3252,0.4958
Bahamas,Land Use change,Emissions (N2O),kilotonnes,0.0369,0.0275,0.0302,0.0097,0.0674,0.0472,0.0421,0.0097,0.0959,0.047,0.027,0.0993,0.0166,0.1271,0.0207,0.02,0.0618,0.1511,0.0146,0.0297,0.0453
Bahamas,Land Use change,Emissions (CO2),kilotonnes,0,0,0,0,0,0,0,0,0,0,0,0,0,0,0,0,0,0,0,0,0
Bahamas,Land Use change,Emissions (CO2eq) from CH4 (AR5),kilotonnes,35.1207,8.4335,9.2557,2.9852,20.6744,14.4799,12.9118,2.9854,29.4079,14.4039,8.2848,30.4526,5.0762,38.9626,6.3444,6.12,18.9568,46.3526,4.4789,9.1059,13.8825
Bahamas,Land Use change,Emissions (CO2eq) from N2O (AR5),kilotonnes,9.7764,7.2876,7.9981,2.5796,17.8653,12.5126,11.1575,2.5797,25.4122,12.4469,7.1592,26.3151,4.3865,33.6688,5.4824,5.2885,16.3811,40.0547,3.8703,7.8687,11.9963
Bahamas,Land Use change,Emissions (CO2eq) (AR5),kilotonnes,44.8971,15.7211,17.2538,5.5647,38.5397,26.9925,24.0693,5.5651,54.8201,26.8508,15.444,56.7677,9.4627,72.6315,11.8267,11.4084,35.3379,86.4072,8.3492,16.9745,25.8788
Bahamas,Emissions on agricultural land,Emissions (CH4),kilotonnes,2.8018,1.5973,1.6441,1.2046,2.3337,1.4825,1.0987,0.7718,1.8532,1.0646,0.7267,1.9389,0.7581,2.2992,0.7949,0.8247,1.2643,2.3806,0.6323,0.8039,1.1436
Bahamas,Emissions on agricultural land,Emissions (N2O),kilotonnes,0.101,0.0931,0.0924,0.0632,0.1666,0.1171,0.1047,0.0756,0.1843,0.1125,0.0808,0.1878,0.091,0.2202,0.0904,0.0992,0.1554,0.264,0.1107,0.1271,0.14
Bahamas,Emissions on agricultural land,Emissions (CO2),kilotonnes,363.5981,300.9332,291.2527,268.4577,267.0622,163.6386,81.3183,78.0388,41.7322,40.9148,43.9664,58.2982,70.0302,96.0532,73.743,63.4816,50.2323,53.7422,60.725,58.1213,58.1213
Bahamas,Emissions on agricultural land,Emissions (CO2eq) from CH4 (AR5),kilotonnes,78.4492,44.7257,46.0358,33.7289,65.3433,41.5103,30.764,21.6093,51.8894,29.8095,20.3462,54.2894,21.2272,64.3764,22.2558,23.0908,35.3997,66.6555,17.7054,22.5085,32.022
Bahamas,Emissions on agricultural land,Emissions (CO2eq) from N2O (AR5),kilotonnes,26.7755,24.6597,24.4975,16.7396,44.1537,31.0446,27.7394,20.0372,48.8433,29.8234,21.4247,49.7563,24.1101,58.3657,23.9483,26.2992,41.1934,69.969,29.3427,33.6915,37.0957
Bahamas,Emissions on agricultural land,Emissions (CO2eq) (AR5),kilotonnes,468.8228,370.3185,361.7861,318.9262,376.5592,236.1935,139.8216,119.6854,142.4649,100.5477,85.7373,162.344,115.3675,218.7952,119.9471,112.8717,126.8254,190.3667,107.773,114.3214,127.239
Bahamas,Pre- and post- production,Emissions (CH4),kilotonnes,7.7982,7.8496,7.8823,7.9256,7.9438,8.0056,8.0046,8.0405,8.0555,8.0407,8.0434,8.0576,8.0505,8.0565,8.055,8.087,8.148,8.1116,8.185,8.2045,8.1762
Bahamas,Pre- and post- production,Emissions (N2O),kilotonnes,0.0147,0.0152,0.0148,0.0137,0.0136,0.0141,0.015,0.0155,0.0155,0.0156,0.0154,0.0159,0.0178,0.018,0.0149,0.0141,0.0142,0.014,0.0146,0.016,0.0162
Bahamas,Pre- and post- production,Emissions (CO2),kilotonnes,338.3841,348.0159,329.1815,317.6335,328.0274,338.7751,333.6343,349.6392,336.6698,312.3116,318.3374,342.7951,385.1457,481.4963,390.5231,369.0079,382.2349,373.3597,432.2041,451.1509,401.428
Bahamas,Pre- and post- production,Emissions (CO2eq) from CH4 (AR5),kilotonnes,218.3506,219.7881,220.7031,221.9158,222.4261,224.158,224.1277,225.1353,225.5552,225.1398,225.2161,225.6136,225.4144,225.5826,225.5411,226.4346,228.1442,227.125,229.1806,229.7262,228.9327
Bahamas,Pre- and post- production,Emissions (CO2eq) from N2O (AR5),kilotonnes,3.8845,4.0296,3.9202,3.6206,3.6003,3.7371,3.972,4.1024,4.1153,4.1382,4.0939,4.214,4.7301,4.7586,3.9423,3.7458,3.7598,3.717,3.8729,4.2408,4.2889
Bahamas,Pre- and post- production,Emissions (CO2eq) (AR5),kilotonnes,560.6192,571.8337,553.8049,543.1699,554.0539,566.6701,561.7339,578.8768,566.3403,541.5896,547.6473,572.6227,615.2902,711.8376,620.0066,599.1883,614.139,604.2017,665.2575,685.1179,634.6496
Bahamas,Agri-food systems,Emissions (CH4),kilotonnes,10.6,9.4469,9.5264,9.1302,10.2775,9.4882,9.1033,8.8123,9.9087,9.1053,8.7701,9.9965,8.8086,10.3557,8.8499,8.9116,9.4123,10.4922,8.8174,9.0084,9.3198
Bahamas,Agri-food systems,Emissions (N2O),kilotonnes,0.1157,0.1083,0.1072,0.0768,0.1802,0.1313,0.1197,0.0911,0.1998,0.1282,0.0963,0.2037,0.1088,0.2382,0.1052,0.1134,0.1696,0.2781,0.1253,0.1431,0.1562
Bahamas,Agri-food systems,Emissions (CO2),kilotonnes,701.9822,648.9491,620.4343,586.0912,595.0896,502.4137,414.9526,427.6781,378.402,353.2264,362.3038,401.0933,455.1759,577.5495,464.2662,432.4895,432.4672,427.1019,492.929,509.2722,459.5493
Bahamas,Agri-food systems,Emissions (CO2eq) from CH4 (AR5),kilotonnes,296.7998,264.5138,266.739,255.6447,287.7694,265.6683,254.8916,246.7446,277.4447,254.9493,245.5623,279.903,246.6416,289.959,247.7969,249.5254,263.5439,293.7805,246.886,252.2347,260.9547
Bahamas,Agri-food systems,Emissions (CO2eq) from N2O (AR5),kilotonnes,30.66,28.6893,28.4177,20.3602,47.7541,34.7817,31.7114,24.1396,52.9586,33.9616,25.5186,53.9704,28.8401,63.1243,27.8906,30.0451,44.9532,73.686,33.2155,37.9323,41.3846
Bahamas,Agri-food systems,Emissions (CO2eq) (AR5),kilotonnes,1029.442,942.1522,915.591,862.0961,930.6131,802.8637,701.5556,698.5622,708.8053,642.1373,633.3847,734.9667,730.6576,930.6328,739.9537,712.06,740.9644,794.5684,773.0305,799.4392,761.8886
Bahamas,IPCC Agriculture,Emissions (CH4),kilotonnes,0.3944,0.3418,0.3899,0.2466,0.7484,0.4464,0.3797,0.4177,0.6706,0.4204,0.2913,0.6664,0.3547,0.603,0.3344,0.4048,0.4279,0.5547,0.2798,0.2943,0.4635
Bahamas,IPCC Agriculture,Emissions (CH4),kilotonnes,0.2337,,,,,,,,,,,,,,,,,,,,
Bahamas,IPCC Agriculture,Direct emissions (N2O),kilotonnes,0.0273,0.033,0.027,0.031,0.0315,0.0315,0.0315,0.0314,0.0314,0.0314,0.0314,0.0316,0.0425,0.0393,0.0403,0.0428,0.0522,0.058,0.0643,0.0644,0.0507
Bahamas,IPCC Agriculture,Indirect emissions (N2O),kilotonnes,0.0089,0.0107,0.0087,0.01,0.0101,0.0101,0.0101,0.0101,0.0101,0.0101,0.0101,0.0102,0.0137,0.0127,0.013,0.0138,0.0169,0.0187,0.0208,0.0208,0.0163
Bahamas,IPCC Agriculture,Emissions (N2O),kilotonnes,0.0584,0.0608,0.0576,0.0492,0.095,0.0673,0.0613,0.0646,0.0878,0.0649,0.0531,0.0875,0.0733,0.0917,0.0685,0.0783,0.0928,0.112,0.0952,0.0965,0.0938
Bahamas,IPCC Agriculture,Emissions (N2O),kilotonnes,0.0446,,,,,,,,,,,,,,,,,,,,
Bahamas,IPCC Agriculture,Emissions (CO2eq) from CH4 (AR5),kilotonnes,11.0428,9.5709,10.9184,6.9061,20.9552,12.5,10.6315,11.6945,18.7759,11.7726,8.1574,18.6602,9.9326,16.8847,9.3634,11.334,11.9826,15.5309,7.8345,8.2418,12.9786
Bahamas,IPCC Agriculture,Emissions (CO2eq) from CH4 (AR5),kilotonnes,6.5436,,,,,,,,,,,,,,,,,,,,
Bahamas,IPCC Agriculture,Emissions (CO2eq) from N2O (AR5),kilotonnes,15.4713,16.1076,15.2756,13.032,25.1662,17.8445,16.2402,17.1296,23.2557,17.2047,14.0808,23.1963,19.4293,24.2933,18.156,20.744,24.6012,29.6885,25.2172,25.5786,24.8552
Bahamas,IPCC Agriculture,Emissions (CO2eq) from N2O (AR5),kilotonnes,11.819,,,,,,,,,,,,,,,,,,,,
Bahamas,IPCC Agriculture,Emissions (CO2eq) (AR5),kilotonnes,26.5141,25.6784,26.194,19.9381,46.1214,30.3445,26.8717,28.8241,42.0316,28.9773,22.2382,41.8565,29.362,41.178,27.5195,32.078,36.5838,45.2194,33.0516,33.8204,37.8337
Bahamas,IPCC Agriculture,Emissions (CO2eq) (AR5),kilotonnes,18.3626,,,,,,,,,,,,,,,,,,,,
Bahamas,Agricultural Soils,Direct emissions (N2O),kilotonnes,0.0273,0.033,0.027,0.031,0.0315,0.0315,0.0315,0.0314,0.0314,0.0314,0.0314,0.0316,0.0425,0.0393,0.0403,0.0428,0.0522,0.058,0.0643,0.0644,0.0507
Bahamas,Agricultural Soils,Indirect emissions (N2O),kilotonnes,0.0089,0.0107,0.0087,0.01,0.0101,0.0101,0.0101,0.0101,0.0101,0.0101,0.0101,0.0102,0.0137,0.0127,0.013,0.0138,0.0169,0.0187,0.0208,0.0208,0.0163
Bahamas,Agricultural Soils,Emissions (N2O),kilotonnes,0.0362,0.0437,0.0357,0.041,0.0416,0.0416,0.0416,0.0415,0.0415,0.0416,0.0416,0.0417,0.0563,0.052,0.0533,0.0566,0.0691,0.0768,0.0851,0.0852,0.067
Bahamas,Agricultural Soils,Emissions (N2O),kilotonnes,0.0395,,,,,,,,,,,,,,,,,,,,
Bahamas,Agricultural Soils,Emissions (CO2eq) from N2O (AR5),kilotonnes,9.6038,11.5828,9.4579,10.8747,11.024,11.0271,11.0276,11.0058,11.0091,11.0134,11.0167,11.0545,14.9137,13.7699,14.1365,15.0028,18.2987,20.3429,22.5419,22.5659,17.7644
Bahamas,Agricultural Soils,Emissions (CO2eq) from N2O (AR5),kilotonnes,10.4675,,,,,,,,,,,,,,,,,,,,
Bahamas,Agricultural Soils,Emissions (CO2eq) (AR5),kilotonnes,9.6038,11.5828,9.4579,10.8747,11.024,11.0271,11.0276,11.0058,11.0091,11.0134,11.0167,11.0545,14.9137,13.7699,14.1365,15.0028,18.2987,20.3429,22.5419,22.5659,17.7644
Bahamas,Agricultural Soils,Emissions (CO2eq) (AR5),kilotonnes,10.4675,,,,,,,,,,,,,,,,,,,,
Bahamas,LULUCF,Emissions (CH4),kilotonnes,3.8547,0.3285,0.3455,0.1066,0.8054,0.7332,0.4661,0.1066,1.0627,0.6709,0.2959,1.1621,0.1813,1.394,0.2912,0.3452,0.8235,1.7573,0.16,0.3252,0.4958
Bahamas,LULUCF,Emissions (CH4),kilotonnes,0.5,,,,,,,,,,,,,,,,,,,,
Bahamas,LULUCF,Emissions (N2O),kilotonnes,0.1134,0.03,0.0315,0.0097,0.0735,0.0669,0.0426,0.0097,0.097,0.0613,0.027,0.1061,0.0166,0.1273,0.0266,0.0315,0.0752,0.1604,0.0146,0.0297,0.0453
Bahamas,LULUCF,Emissions (N2O),kilotonnes,0.0001,,,,,,,,,,,,,,,,,,,,
Bahamas,LULUCF,Emissions (CO2),kilotonnes,0,0,0,0,0,0,0,0,0,0,0,0,0,0,0,0,0,0,0,0,0
Bahamas,LULUCF,Emissions (CO2),kilotonnes,-2641.59,,,,,,,,,,,,,,,,,,,,
Bahamas,LULUCF,Emissions (CO2eq) from CH4 (AR5),kilotonnes,107.9319,9.1985,9.673,2.9852,22.5514,20.5284,13.0508,2.9854,29.7555,18.7839,8.2848,32.5382,5.0762,39.0322,8.1523,9.6658,23.0584,49.2039,4.4789,9.1059,13.8825
Bahamas,LULUCF,Emissions (CO2eq) from N2O (AR5),kilotonnes,30.0441,7.9487,8.3587,2.5796,19.4873,17.7392,11.2776,2.5797,25.7126,16.2318,7.1592,28.1173,4.3865,33.7289,7.0446,8.3525,19.9254,42.5186,3.8703,7.8687,11.9963
Bahamas,LULUCF,Emissions (CO2eq) (AR5),kilotonnes,137.976,17.1472,18.0317,5.5647,42.0387,38.2676,24.3285,5.5651,55.4682,35.0157,15.444,60.6555,9.4627,72.7611,15.1969,18.0183,42.9838,91.7225,8.3492,16.9745,25.8788
Bahamas,LULUCF,Emissions (CO2eq) (AR5),kilotonnes,-2641.59,,,,,,,,,,,,,,,,,,,,
Bahamas,AFOLU,Emissions (CH4),kilotonnes,4.2491,0.6703,0.7354,0.3533,1.5538,1.1796,0.8458,0.5243,1.7333,1.0913,0.5872,1.8285,0.536,1.997,0.6256,0.75,1.2515,2.312,0.4398,0.6196,0.9593
Bahamas,AFOLU,Emissions (N2O),kilotonnes,0.1718,0.0908,0.0892,0.0589,0.1685,0.1343,0.1038,0.0744,0.1848,0.1262,0.0802,0.1936,0.0899,0.219,0.0951,0.1098,0.168,0.2725,0.1098,0.1262,0.1391
Bahamas,AFOLU,Emissions (CO2),kilotonnes,0,0,0,0,0,0,0,0,0,0,0,0,0,0,0,0,0,0,0,0,0
Bahamas,AFOLU,Emissions (CO2eq) from CH4 (AR5),kilotonnes,118.9748,18.7694,20.5914,9.8913,43.5066,33.0284,23.6823,14.6798,48.5315,30.5565,16.4422,51.1984,15.0088,55.9169,17.5157,20.9998,35.0409,64.7348,12.3133,17.3477,26.8611
Bahamas,AFOLU,Emissions (CO2eq) from N2O (AR5),kilotonnes,45.5154,24.0563,23.6343,15.6116,44.6536,35.5837,27.5178,19.7093,48.9683,33.4364,21.24,51.3135,23.8158,58.0222,25.2007,29.0965,44.5267,72.2071,29.0875,33.4473,36.8515
Bahamas,AFOLU,Emissions (CO2eq) (AR5),kilotonnes,164.4902,42.8256,44.2257,25.5028,88.1601,68.6121,51.2002,34.3892,97.4998,63.9929,37.6822,102.512,38.8247,113.9391,42.7164,50.0963,79.5676,136.9419,41.4008,50.7949,63.7126
Bahamas,All sectors with LULUCF,Emissions (CH4),kilotonnes,13.4581,10.0573,10.2984,9.9983,11.3738,11.1806,11.0628,10.9613,12.2543,11.6823,11.3622,12.8055,11.747,13.32,12.1386,12.346,12.9475,14.087,12.4108,12.8016,13.2383
Bahamas,All sectors with LULUCF,Emissions (N2O),kilotonnes,0.4315,0.3575,0.3468,0.2535,0.3853,0.3399,0.3261,0.328,0.436,0.3351,0.3097,0.4238,0.3596,0.473,0.3471,0.344,0.4103,0.4647,0.2974,0.3527,0.3646
Bahamas,All sectors with LULUCF,Emissions (CO2),kilotonnes,1962.075,1882.887,1943.101,1982.217,1982.632,1843.548,1794.063,1814.479,2374.393,1624.307,2404.222,1813.335,1923.448,2893.461,2383.473,2053.185,1803.196,1983.206,2043.216,2113.237,1863.25
Bahamas,All sectors with LULUCF,Emissions (CO2eq) from CH4 (AR5),kilotonnes,376.8268,281.6054,288.3554,279.9513,318.4666,313.0564,309.7583,306.9158,343.1195,327.1045,318.1422,358.5544,328.9168,372.9609,339.8797,345.6878,362.5289,394.4348,347.5013,358.4437,370.6731
Bahamas,All sectors with LULUCF,Emissions (CO2eq) from N2O (AR5),kilotonnes,114.3368,94.7327,91.8992,67.1815,102.1065,90.0686,86.4283,86.9143,115.5373,88.796,82.0585,112.3176,95.2874,125.3333,91.9818,91.1607,108.7373,123.1413,78.8027,93.471,96.6102
Bahamas,All sectors with LULUCF,Emissions (CO2eq) (AR5),kilotonnes,2453.2386,2259.225,2323.3556,2329.3498,2403.2051,2246.6731,2190.2497,2208.3092,2833.0498,2040.2075,2804.4227,2284.207,2347.6522,3391.7552,2815.3345,2490.0334,2274.4623,2500.7821,2469.52,2565.1516,2330.5333
Bahamas,All sectors without LULUCF,Emissions (CH4),kilotonnes,9.6034,9.7288,9.9529,9.8916,10.5684,10.4474,10.5967,10.8547,11.1916,11.0114,11.0663,11.6434,11.5657,11.926,11.8474,12.0008,12.1239,12.3297,12.2508,12.4763,12.7425
Bahamas,All sectors without LULUCF,Emissions (N2O),kilotonnes,0.3181,0.3275,0.3152,0.2438,0.3118,0.2729,0.2836,0.3182,0.339,0.2738,0.2826,0.3177,0.343,0.3457,0.3205,0.3125,0.3351,0.3042,0.2828,0.323,0.3193
Bahamas,All sectors without LULUCF,Emissions (CO2),kilotonnes,1962.075,1882.887,1943.101,1982.217,1982.632,1843.548,1794.063,1814.479,2374.393,1624.307,2404.222,1813.335,1923.448,2893.461,2383.473,2053.185,1803.196,1983.206,2043.216,2113.237,1863.25
Bahamas,All sectors without LULUCF,Emissions (CO2eq) from CH4 (AR5),kilotonnes,268.8948,272.4069,278.6824,276.9661,295.9152,292.528,296.7075,303.9305,313.3639,308.3206,309.8574,326.0162,323.8406,333.9287,331.7274,336.022,339.4706,345.2309,343.0225,349.3378,356.7906
Bahamas,All sectors without LULUCF,Emissions (CO2eq) from N2O (AR5),kilotonnes,84.2927,86.7839,83.5405,64.6019,82.6192,72.3294,75.1507,84.3346,89.8247,72.5642,74.8994,84.2004,90.9009,91.6044,84.9372,82.8082,88.8119,80.6227,74.9323,85.6023,84.6139
Bahamas,All sectors without LULUCF,Emissions (CO2eq) (AR5),kilotonnes,2315.2625,2242.0778,2305.3239,2323.785,2361.1663,2208.4055,2165.9212,2202.7441,2777.5816,2005.1918,2788.9788,2223.5516,2338.1896,3318.9941,2800.1376,2472.0152,2231.4784,2409.0596,2461.1708,2548.1771,2304.6545
Bahrain,Crop Residues,Direct emissions (N2O),kilotonnes,0,0,0,0,0,,0,0,0,0,0,0,0,0,0,0,0,0,0,0,
Bahrain,Crop Residues,Indirect emissions (N2O),kilotonnes,0,0,0,0,0,,0,0,0,0,0,0,0,0,0,0,0,0,0,0,
Bahrain,Crop Residues,Emissions (N2O),kilotonnes,0,0,0,0,0,,0,0,0,0,0,0,0,0,0,0,0,0,0,0,
Bahrain,Crop Residues,Emissions (CO2eq) from N2O (AR5),kilotonnes,0.0005,0.0002,0.0002,0.0002,0.0004,,0.0002,0.0002,0.0004,0.0012,0.0012,0.0004,0.0004,0.0004,0.0004,0.0004,0.0005,0.0006,0.0007,0.0003,
Bahrain,Crop Residues,Emissions (CO2eq) (AR5),kilotonnes,0.0005,0.0002,0.0002,0.0002,0.0004,,0.0002,0.0002,0.0004,0.0012,0.0012,0.0004,0.0004,0.0004,0.0004,0.0004,0.0005,0.0006,0.0007,0.0003,
Bahrain,Enteric Fermentation,Emissions (CH4),kilotonnes,0.7133,0.6838,0.9123,0.7938,0.74,0.7322,0.7373,0.7288,0.627,0.6456,0.7451,0.7452,0.7489,0.7645,0.7645,0.7456,0.7519,0.7564,0.7759,0.8017,0.7973
Bahrain,Enteric Fermentation,Emissions (CH4),kilotonnes,,,,,,,,,,,,,,,,,,,,,
Bahrain,Enteric Fermentation,Emissions (CO2eq) from CH4 (AR5),kilotonnes,19.973,19.147,25.545,22.227,20.7194,20.5023,20.6436,20.4058,17.556,18.0755,20.8631,20.8643,20.9678,21.4057,21.407,20.8765,21.0522,21.18,21.7252,22.4479,22.3237
Bahrain,Enteric Fermentation,Emissions (CO2eq) from CH4 (AR5),kilotonnes,,,,,,,,,,,,,,,,,,,,,
Bahrain,Enteric Fermentation,Emissions (CO2eq) (AR5),kilotonnes,19.973,19.147,25.545,22.227,20.7194,20.5023,20.6436,20.4058,17.556,18.0755,20.8631,20.8643,20.9678,21.4057,21.407,20.8765,21.0522,21.18,21.7252,22.4479,22.3237
Bahrain,Enteric Fermentation,Emissions (CO2eq) (AR5),kilotonnes,,,,,,,,,,,,,,,,,,,,,
Bahrain,Manure Management,Emissions (CH4),kilotonnes,0.0447,0.0425,0.0528,0.0474,0.0445,0.0434,0.0436,0.0433,0.0395,0.0405,0.0454,0.0456,0.0459,0.0467,0.0467,0.1031,0.1699,0.2171,0.2298,0.2331,0.2345
Bahrain,Manure Management,Emissions (N2O),kilotonnes,0.0008,0.0008,0.0009,0.0008,0.0007,0.0007,0.0008,0.0008,0.0007,0.0008,0.0008,0.0008,0.0008,0.0009,0.0008,0.0033,0.006,0.0078,0.0084,0.0085,0.0085
Bahrain,Manure Management,Emissions (N2O),kilotonnes,,,,,,,,,,,,,,,,,,,,,
Bahrain,Manure Management,Emissions (CO2eq) from CH4 (AR5),kilotonnes,1.2527,1.1894,1.4786,1.326,1.246,1.2158,1.2209,1.213,1.106,1.1332,1.2707,1.2764,1.2864,1.3085,1.3087,2.887,4.7566,6.0794,6.435,6.5272,6.567
Bahrain,Manure Management,Emissions (CO2eq) from N2O (AR5),kilotonnes,0.215,0.1998,0.2318,0.2093,0.1978,0.1928,0.2008,0.2029,0.196,0.1989,0.2186,0.2211,0.2236,0.2272,0.225,0.8829,1.5784,2.0736,2.2165,2.2453,2.2582
Bahrain,Manure Management,Emissions (CO2eq) from N2O (AR5),kilotonnes,,,,,,,,,,,,,,,,,,,,,
Bahrain,Manure Management,Emissions (CO2eq) (AR5),kilotonnes,1.4676,1.3891,1.7105,1.5353,1.4439,1.4086,1.4218,1.416,1.302,1.3321,1.4892,1.4975,1.51,1.5358,1.5337,3.7699,6.335,8.153,8.6515,8.7725,8.8252
Bahrain,Manure Management,Emissions (CO2eq) (AR5),kilotonnes,,,,,,,,,,,,,,,,,,,,,
Bahrain,Manure left on Pasture,Direct emissions (N2O),kilotonnes,0.034,0.0323,0.042,0.037,0.0347,0.0343,0.0347,0.0344,0.0302,0.031,0.0353,0.0354,0.0356,0.0362,0.0361,0.0599,0.0859,0.1044,0.1106,0.1127,0.1128
Bahrain,Manure left on Pasture,Indirect emissions (N2O),kilotonnes,0.0092,0.009,0.0114,0.0106,0.0103,0.0102,0.0104,0.0102,0.0091,0.0094,0.0102,0.0102,0.0102,0.0103,0.0103,0.0157,0.0216,0.0259,0.0274,0.0279,0.0278
Bahrain,Manure left on Pasture,Emissions (N2O),kilotonnes,0.0432,0.0413,0.0534,0.0476,0.0451,0.0445,0.0451,0.0446,0.0393,0.0404,0.0455,0.0456,0.0458,0.0466,0.0465,0.0756,0.1074,0.1303,0.1381,0.1405,0.1406
Bahrain,Manure left on Pasture,Emissions (CO2eq) from N2O (AR5),kilotonnes,11.4429,10.9385,14.154,12.6188,11.9401,11.7991,11.9479,11.8274,10.402,10.6963,12.0445,12.0747,12.1369,12.3415,12.3154,20.0228,28.4643,34.5295,36.5898,37.2381,37.2643
Bahrain,Manure left on Pasture,Emissions (CO2eq) (AR5),kilotonnes,11.4429,10.9385,14.154,12.6188,11.9401,11.7991,11.9479,11.8274,10.402,10.6963,12.0445,12.0747,12.1369,12.3415,12.3154,20.0228,28.4643,34.5295,36.5898,37.2381,37.2643
Bahrain,Manure applied to Soils,Direct emissions (N2O),kilotonnes,0.0014,0.0013,0.0015,0.0014,0.0013,0.0013,0.0014,0.0014,0.0014,0.0014,0.0015,0.0015,0.0015,0.0015,0.0015,0.0065,0.0118,0.0155,0.0166,0.0168,0.0169
Bahrain,Manure applied to Soils,Indirect emissions (N2O),kilotonnes,0.0006,0.0006,0.0006,0.0006,0.0006,0.0006,0.0006,0.0006,0.0006,0.0006,0.0006,0.0006,0.0006,0.0006,0.0006,0.0028,0.005,0.0066,0.0071,0.0071,0.0072
Bahrain,Manure applied to Soils,Emissions (N2O),kilotonnes,0.002,0.0019,0.0021,0.002,0.0019,0.0018,0.0019,0.002,0.0019,0.002,0.0021,0.0021,0.0022,0.0022,0.0022,0.0093,0.0168,0.0221,0.0237,0.024,0.0241
Bahrain,Manure applied to Soils,Emissions (CO2eq) from N2O (AR5),kilotonnes,0.5375,0.5012,0.56,0.5217,0.5023,0.489,0.5119,0.5178,0.5113,0.5182,0.5558,0.563,0.5701,0.5773,0.5708,2.4562,4.444,5.8632,6.2701,6.3477,6.3832
Bahrain,Manure applied to Soils,Emissions (CO2eq) (AR5),kilotonnes,0.5375,0.5012,0.56,0.5217,0.5023,0.489,0.5119,0.5178,0.5113,0.5182,0.5558,0.563,0.5701,0.5773,0.5708,2.4562,4.444,5.8632,6.2701,6.3477,6.3832
Bahrain,Synthetic Fertilizers,Direct emissions (N2O),kilotonnes,0.0018,0.0016,0.028,0.028,0.028,0.028,0.028,0.0167,0.0359,0.0192,0.04,0.028,0.028,0.028,0.028,0.028,0.028,0.028,0.028,0.028,0.028
Bahrain,Synthetic Fertilizers,Indirect emissions (N2O),kilotonnes,0.0006,0.0005,0.0091,0.0091,0.0091,0.0091,0.0091,0.0054,0.0117,0.0062,0.013,0.0091,0.0091,0.0091,0.0091,0.0091,0.0091,0.0091,0.0091,0.0091,0.0091
Bahrain,Synthetic Fertilizers,Emissions (N2O),kilotonnes,0.0024,0.0021,0.037,0.037,0.037,0.037,0.037,0.0222,0.0475,0.0255,0.053,0.037,0.037,0.037,0.037,0.037,0.037,0.037,0.037,0.037,0.037
Bahrain,Synthetic Fertilizers,Emissions (CO2eq) from N2O (AR5),kilotonnes,0.629,0.5518,9.8148,9.8148,9.8148,9.8148,9.8148,5.8781,12.5904,6.7466,14.044,9.8148,9.8148,9.8148,9.8148,9.8148,9.8148,9.8148,9.8148,9.8148,9.8148
Bahrain,Synthetic Fertilizers,Emissions (CO2eq) (AR5),kilotonnes,0.629,0.5518,9.8148,9.8148,9.8148,9.8148,9.8148,5.8781,12.5904,6.7466,14.044,9.8148,9.8148,9.8148,9.8148,9.8148,9.8148,9.8148,9.8148,9.8148,9.8148
Bahrain,Drained organic soils,Emissions (CO2eq) (AR5),kilotonnes,0,0,0,0,0,0,0,0,0,0,0,0,0,0,0,0,0,0,0,0,0
Bahrain,Drained organic soils (CO2),Emissions (CO2),kilotonnes,0,0,0,0,0,0,0,0,0,0,0,0,0,0,0,0,0,0,0,0,0
Bahrain,Drained organic soils (CO2),Emissions (CO2eq) (AR5),kilotonnes,0,0,0,0,0,0,0,0,0,0,0,0,0,0,0,0,0,0,0,0,0
Bahrain,Drained organic soils (N2O),Emissions (N2O),kilotonnes,0,0,0,0,0,0,0,0,0,0,0,0,0,0,0,0,0,0,0,0,0
Bahrain,Drained organic soils (N2O),Emissions (CO2eq) from N2O (AR5),kilotonnes,0,0,0,0,0,0,0,0,0,0,0,0,0,0,0,0,0,0,0,0,0
Bahrain,Drained organic soils (N2O),Emissions (CO2eq) (AR5),kilotonnes,0,0,0,0,0,0,0,0,0,0,0,0,0,0,0,0,0,0,0,0,0
Bahrain,On-farm energy use,Emissions (CH4),kilotonnes,0.0356,0.0362,0.0398,0.0422,0.0466,0.0529,0.0622,0.0338,0.0371,0.0365,0.0381,0.0358,0.0375,0.0385,0.0371,0.0359,0.0335,0.0307,0.0291,0.0276,0.0276
Bahrain,On-farm energy use,Emissions (N2O),kilotonnes,0.0267,0.0276,0.033,0.0363,0.0433,0.0612,0.0615,0.0724,0.087,0.0793,0.072,0.0657,0.067,0.0536,0.0494,0.0513,0.0518,0.0515,0.0471,0.0467,0.0467
Bahrain,On-farm energy use,Emissions (CO2),kilotonnes,246.5803,260.044,296.6201,316.9151,354.6388,439.0236,534.9568,223.1551,262.9339,244.3592,242.5703,224.0208,215.4439,207.9438,194.5431,189.4088,183.1229,172.4859,164.1293,158.0465,158.0465
Bahrain,On-farm energy use,Emissions (CO2eq) from CH4 (AR5),kilotonnes,0.996,1.0136,1.1153,1.1815,1.304,1.4815,1.741,0.9456,1.039,1.0232,1.066,1.002,1.0508,1.0775,1.0385,1.0046,0.9389,0.8601,0.8162,0.7717,0.7717
Bahrain,On-farm energy use,Emissions (CO2eq) from N2O (AR5),kilotonnes,7.0829,7.3198,8.7389,9.6098,11.4623,16.2212,16.2861,19.1915,23.0661,21.0105,19.091,17.4064,17.7493,14.1924,13.0977,13.5859,13.7388,13.6436,12.4903,12.3689,12.3689
Bahrain,On-farm energy use,Emissions (CO2eq) (AR5),kilotonnes,254.6591,268.3774,306.4743,327.7064,367.4052,456.7262,552.9839,243.2922,287.039,266.3928,262.7274,242.4292,234.244,223.2137,208.6793,203.9993,197.8005,186.9895,177.4358,171.1871,171.1871
Bahrain,Forestland,Emissions (CO2),kilotonnes,-1.8626,-2.2711,-2.2711,-2.2711,-2.2711,-2.2711,-2.2711,-2.2711,-2.2711,-2.2711,-2.2711,-2.8947,-2.8947,-2.8947,-2.8947,-2.8947,-2.8889,-2.8889,-2.8889,-2.8889,-2.8889
Bahrain,Forestland,Emissions (CO2eq) (AR5),kilotonnes,-1.8626,-2.2711,-2.2711,-2.2711,-2.2711,-2.2711,-2.2711,-2.2711,-2.2711,-2.2711,-2.2711,-2.8947,-2.8947,-2.8947,-2.8947,-2.8947,-2.8889,-2.8889,-2.8889,-2.8889,-2.8889
Bahrain,Net Forest conversion,Emissions (CO2),kilotonnes,0,0,0,0,0,0,0,0,0,0,0,0,0,0,0,0,0,0,0,0,0
Bahrain,Net Forest conversion,Emissions (CO2eq) (AR5),kilotonnes,0,0,0,0,0,0,0,0,0,0,0,0,0,0,0,0,0,0,0,0,0
Bahrain,Savanna fires,Emissions (CH4),kilotonnes,0,0,0,0,0,0,0,0,0,0,0,0,0,0,0,0,0,0,0,0,0
Bahrain,Savanna fires,Emissions (N2O),kilotonnes,0,0,0,0,0,0,0,0,0,0,0,0,0,0,0,0,0,0,0,0,0
Bahrain,Savanna fires,Emissions (CO2eq) from CH4 (AR5),kilotonnes,0,0,0,0,0,0,0,0,0,0,0,0,0,0,0,0,0,0,0,0,0
Bahrain,Savanna fires,Emissions (CO2eq) from N2O (AR5),kilotonnes,0,0,0,0,0,0,0,0,0,0,0,0,0,0,0,0,0,0,0,0,0
Bahrain,Savanna fires,Emissions (CO2eq) (AR5),kilotonnes,0,0,0,0,0,0,0,0,0,0,0,0,0,0,0,0,0,0,0,0,0
Bahrain,Fires in organic soils,Emissions (CH4),kilotonnes,0,0,0,0,0,0,0,0,0,0,0,0,0,0,0,0,0,0,0,0,0
Bahrain,Fires in organic soils,Emissions (CO2),kilotonnes,0,0,0,0,0,0,0,0,0,0,0,0,0,0,0,0,0,0,0,0,0
Bahrain,Fires in organic soils,Emissions (CO2eq) from CH4 (AR5),kilotonnes,0,0,0,0,0,0,0,0,0,0,0,0,0,0,0,0,0,0,0,0,0
Bahrain,Fires in organic soils,Emissions (CO2eq) (AR5),kilotonnes,0,0,0,0,0,0,0,0,0,0,0,0,0,0,0,0,0,0,0,0,0
Bahrain,Forest fires,Emissions (CH4),kilotonnes,0,0,0,0,0,0,0,0,0,0,0,0,0,0,0,0,0,0,0,0,0
Bahrain,Forest fires,Emissions (N2O),kilotonnes,0,0,0,0,0,0,0,0,0,0,0,0,0,0,0,0,0,0,0,0,0
Bahrain,Forest fires,Emissions (CO2eq) from CH4 (AR5),kilotonnes,0,0,0,0,0,0,0,0,0,0,0,0,0,0,0,0,0,0,0,0,0
Bahrain,Forest fires,Emissions (CO2eq) from N2O (AR5),kilotonnes,0,0,0,0,0,0,0,0,0,0,0,0,0,0,0,0,0,0,0,0,0
Bahrain,Forest fires,Emissions (CO2eq) (AR5),kilotonnes,0,0,0,0,0,0,0,0,0,0,0,0,0,0,0,0,0,0,0,0,0
Bahrain,Fires in humid tropical forests,Emissions (CH4),kilotonnes,0,0,0,0,0,0,0,0,0,0,0,0,0,0,0,0,0,0,0,0,0
Bahrain,Fires in humid tropical forests,Emissions (N2O),kilotonnes,0,0,0,0,0,0,0,0,0,0,0,0,0,0,0,0,0,0,0,0,0
Bahrain,Fires in humid tropical forests,Emissions (CO2eq) from CH4 (AR5),kilotonnes,0,0,0,0,0,0,0,0,0,0,0,0,0,0,0,0,0,0,0,0,0
Bahrain,Fires in humid tropical forests,Emissions (CO2eq) from N2O (AR5),kilotonnes,0,0,0,0,0,0,0,0,0,0,0,0,0,0,0,0,0,0,0,0,0
Bahrain,Fires in humid tropical forests,Emissions (CO2eq) (AR5),kilotonnes,0,0,0,0,0,0,0,0,0,0,0,0,0,0,0,0,0,0,0,0,0
Bahrain,Waste - agri-food systems,Emissions (CH4),kilotonnes,14.3988,14.6856,14.9626,15.2327,15.5059,15.7934,16.068,16.365,16.6547,16.9081,17.1352,17.3359,17.5026,17.66,17.7903,17.9414,18.1088,18.2925,18.4805,18.7133,18.9175
Bahrain,Waste - agri-food systems,Emissions (N2O),kilotonnes,0.0065,0.0067,0.0069,0.0064,0.0059,0.0062,0.0065,0.0062,0.0068,0.0067,0.0064,0.0067,0.0063,0.0068,0.0066,0.0065,0.0064,0.0059,0.0054,0.0054,0.0054
Bahrain,Waste - agri-food systems,Emissions (CO2),kilotonnes,4.4682,4.4663,4.4793,4.5073,4.5407,4.5786,4.6073,4.6386,4.6714,4.6492,4.6714,4.6933,4.7063,4.7173,4.7223,4.7082,4.7155,4.7341,4.7465,4.7508,4.73
Bahrain,Waste - agri-food systems,Emissions (CO2eq) from CH4 (AR5),kilotonnes,403.1671,411.1972,418.9524,426.5163,434.1657,442.216,449.9034,458.2203,466.3328,473.4267,479.7857,485.4061,490.0736,494.479,498.1295,502.3578,507.0464,512.1911,517.4548,523.9732,529.6894
Bahrain,Waste - agri-food systems,Emissions (CO2eq) from N2O (AR5),kilotonnes,1.7327,1.7846,1.8381,1.6861,1.5527,1.6479,1.7298,1.6547,1.7955,1.7714,1.7086,1.7878,1.6788,1.7933,1.7478,1.7275,1.7062,1.5745,1.4427,1.4341,1.4256
Bahrain,Waste - agri-food systems,Emissions (CO2eq) (AR5),kilotonnes,409.368,417.4481,425.2697,432.7097,440.2591,448.4425,456.2405,464.5136,472.7997,479.8472,486.1658,491.8872,496.4587,500.9895,504.5996,508.7935,513.468,518.4997,523.644,530.1581,535.8449
Bahrain,Fertilizers Manufacturing,Emissions (CO2),kilotonnes,348.9683,357.2593,411.3599,375.1674,326.9481,357.9035,412.1317,371.2538,422.2978,435.9763,400.8506,442.4797,405.2285,431.973,434.1593,412.8743,422.1453,439.1622,436.8764,433.0807,402.5103
Bahrain,Fertilizers Manufacturing,Emissions (CO2eq) (AR5),kilotonnes,348.9683,357.2593,411.3599,375.1674,326.9481,357.9035,412.1317,371.2538,422.2978,435.9763,400.8506,442.4797,405.2285,431.973,434.1593,412.8743,422.1453,439.1622,436.8764,433.0807,402.5103
Bahrain,On-farm electricity use,Emissions (CH4),kilotonnes,0.0408,0.0408,0.0432,0.0408,0.0444,0.0492,0.0516,0.0516,0.0504,0.0528,0.0588,0.0576,0.054,0.0624,0.0576,0.0696,0.0732,0.0708,0.0732,0.0763,0.0763
Bahrain,On-farm electricity use,Emissions (N2O),kilotonnes,0.0002,0.0002,0.0002,0.0002,0.0002,0.0003,0.0003,0.0003,0.0003,0.0003,0.0003,0.0003,0.0003,0.0003,0.0003,0.0003,0.0004,0.0004,0.0004,0.0004,0.0004
Bahrain,On-farm electricity use,Emissions (CO2),kilotonnes,27.7241,27.3476,29.0447,28.0182,28.8747,31.5137,33.923,32.3431,32.1474,34.5102,37.3617,36.8661,33.9624,40.2956,37.1959,44.9451,47.2697,45.7199,47.2697,49.2846,49.2846
Bahrain,On-farm electricity use,Emissions (CO2eq) from CH4 (AR5),kilotonnes,1.1424,1.1424,1.2096,1.1424,1.2432,1.3776,1.4448,1.4448,1.4112,1.4784,1.6464,1.6128,1.512,1.7472,1.6128,1.9488,2.0496,1.9824,2.0496,2.1364,2.1364
Bahrain,On-farm electricity use,Emissions (CO2eq) from N2O (AR5),kilotonnes,0.053,0.053,0.053,0.053,0.053,0.0795,0.0795,0.0795,0.0795,0.0795,0.0795,0.0795,0.0795,0.0795,0.0795,0.0795,0.106,0.106,0.106,0.106,0.106
Bahrain,On-farm electricity use,Emissions (CO2eq) (AR5),kilotonnes,28.9195,28.543,30.3073,29.2136,30.1709,32.9708,35.4473,33.8674,33.6381,36.0681,39.0876,38.5584,35.5539,42.1223,38.8882,46.9734,49.4253,47.8083,49.4253,51.527,51.527
Bahrain,Food Processing,Emissions (CH4),kilotonnes,64.6137,66.8052,62.847,62.2304,55.4368,57.6498,60.0666,35.8521,43.8443,56.9494,60.4504,59.4449,71.4529,79.9912,81.094,74.8291,65.6273,51.1102,51.6273,64.1878,65.9101
Bahrain,Food Processing,Emissions (N2O),kilotonnes,0.0007,0.0007,0.0007,0.0008,0.0007,0.0008,0.0008,0.0013,0.0013,0.0012,0.0012,0.0012,0.0013,0.0015,0.0017,0.0013,0.0013,0.0011,0.0013,0.0012,0.0012
Bahrain,Food Processing,Emissions (CO2),kilotonnes,319.4198,247.0224,274.802,307.7124,307.7368,353.5588,316.9046,811.4683,983.8297,891.1284,750.7654,748.0491,774.0821,980.2615,893.0284,897.7678,838.5093,698.2389,578.7694,589.5208,547.9076
Bahrain,Food Processing,Emissions (CO2eq) from CH4 (AR5),kilotonnes,1809.1836,1870.5456,1759.716,1742.4512,1552.2304,1614.1944,1681.8648,1003.8588,1227.6404,1594.5832,1692.6112,1664.4572,2000.6812,2239.7536,2270.632,2095.2148,1837.5644,1431.0856,1445.5644,1797.2584,1845.4821
Bahrain,Food Processing,Emissions (CO2eq) from N2O (AR5),kilotonnes,0.1855,0.1855,0.1855,0.212,0.1855,0.212,0.212,0.3445,0.3445,0.318,0.318,0.318,0.3445,0.3975,0.4505,0.3445,0.3445,0.2915,0.3445,0.318,0.3255
Bahrain,Food Processing,Emissions (CO2eq) (AR5),kilotonnes,2128.7889,2117.7535,2034.7035,2050.3756,1860.1527,1967.9652,1998.9814,1815.6716,2211.8146,2486.0296,2443.6946,2412.8243,2775.1078,3220.4126,3164.1109,2993.3271,2676.4182,2129.616,2024.6783,2387.0972,2393.7151
Bahrain,Food Packaging,Emissions (CH4),kilotonnes,2.4866,1.8834,1.6077,1.5265,0.6411,0.6044,0.5078,1.4782,1.4267,1.5921,1.1387,1.1477,1.2938,1.238,1.2942,1.3447,1.3548,1.3211,1.4118,0.5746,0.59
Bahrain,Food Packaging,Emissions (N2O),kilotonnes,0.0004,0.0004,0.0004,0.0004,0.0004,0.0005,0.0007,0.0056,0.006,0.0063,0.004,0.0044,0.0047,0.0053,0.005,0.005,0.0051,0.0049,0.0052,0.0058,0.0059
Bahrain,Food Packaging,Emissions (CO2),kilotonnes,210.9765,233.2586,246.4088,231.4366,229.9591,253.3644,358.3681,628.8355,668.6479,743.9971,520.0532,555.9225,543.3272,649.615,612.0026,619.3525,630.1373,608.9568,640.7669,639.0506,593.9411
Bahrain,Food Packaging,Emissions (CO2eq) from CH4 (AR5),kilotonnes,69.6248,52.7352,45.0156,42.742,17.9508,16.9232,14.2184,41.3896,39.9476,44.5788,31.8836,32.1356,36.2264,34.664,36.2376,37.6516,37.9344,36.9908,39.5304,16.0888,16.5205
Bahrain,Food Packaging,Emissions (CO2eq) from N2O (AR5),kilotonnes,0.106,0.106,0.106,0.106,0.106,0.1325,0.1855,1.484,1.59,1.6695,1.06,1.166,1.2455,1.4045,1.325,1.325,1.3515,1.2985,1.378,1.537,1.573
Bahrain,Food Packaging,Emissions (CO2eq) (AR5),kilotonnes,280.7073,286.0998,291.5304,274.2846,248.0159,270.4201,372.772,671.7091,710.1855,790.2454,552.9968,589.2241,580.7991,685.6835,649.5652,658.3291,669.4232,647.2461,681.6753,656.6764,612.0347
Bahrain,Food Retail,Emissions (CH4),kilotonnes,0.0969,0.0989,0.0925,0.0875,0.0865,0.0876,0.341,0.4035,0.419,0.4611,0.623,0.597,0.6007,0.6914,0.7286,0.8106,0.7899,0.6938,0.803,0.8077,0.8294
Bahrain,Food Retail,Emissions (N2O),kilotonnes,0.0005,0.0006,0.0006,0.0006,0.0007,0.0007,0.002,0.0023,0.0025,0.0026,0.0032,0.0031,0.0033,0.0038,0.004,0.0044,0.0043,0.0038,0.0044,0.0045,0.0046
Bahrain,Food Retail,Emissions (CO2),kilotonnes,85.329,64.1073,72.0654,75.6024,80.0236,88.4238,224.1521,252.9306,267.2367,301.3603,395.8815,382.1248,377.8204,446.4903,470.5281,523.4625,510.0797,448.0246,518.5186,518.7665,482.1477
Bahrain,Food Retail,Emissions (CO2eq) from CH4 (AR5),kilotonnes,2.7123,2.7679,2.5892,2.4502,2.4224,2.4542,9.548,11.298,11.732,12.9108,17.444,16.716,16.8196,19.3592,20.4008,22.6968,22.1172,19.4264,22.484,22.6156,23.2224
Bahrain,Food Retail,Emissions (CO2eq) from N2O (AR5),kilotonnes,0.1456,0.1507,0.1604,0.1684,0.1731,0.1901,0.53,0.6095,0.6625,0.689,0.848,0.8215,0.8745,1.007,1.06,1.166,1.1395,1.007,1.166,1.1925,1.2204
Bahrain,Food Retail,Emissions (CO2eq) (AR5),kilotonnes,88.1869,67.0259,74.8151,78.221,82.6191,91.0682,234.2301,264.8381,279.6312,314.9601,414.1735,399.6623,395.5145,466.8565,491.9889,547.3253,533.3364,468.458,542.1686,542.5746,506.5906
Bahrain,Food Household Consumption,Emissions (CH4),kilotonnes,0.4441,0.4701,0.5078,0.5388,0.5668,0.6205,0.7336,0.7469,0.7566,0.7778,0.8583,0.8447,0.9076,0.8579,1.0046,1.0966,1.106,1.2308,1.1981,1.1981,1.2302
Bahrain,Food Household Consumption,Emissions (N2O),kilotonnes,0.0023,0.0024,0.0025,0.0028,0.0027,0.0039,0.0044,0.0045,0.0046,0.0045,0.0045,0.0045,0.0052,0.0048,0.0056,0.0061,0.0062,0.0069,0.0067,0.0067,0.0069
Bahrain,Food Household Consumption,Emissions (CO2),kilotonnes,321.4297,336.4687,362.7707,393.0455,392.4281,421.9456,507.0895,494.051,509.4596,535.9112,573.2619,568.8653,600.0764,584.2456,680.005,740.7626,747.8486,829.8026,809.6757,809.6757,752.5221
Bahrain,Food Household Consumption,Emissions (CO2eq) from CH4 (AR5),kilotonnes,12.4348,13.1628,14.2184,15.0864,15.8704,17.374,20.5408,20.9132,21.1848,21.7784,24.0324,23.6516,25.4128,24.0212,28.1288,30.7048,30.968,34.4624,33.5468,33.5468,34.4469
Bahrain,Food Household Consumption,Emissions (CO2eq) from N2O (AR5),kilotonnes,0.6095,0.636,0.6625,0.742,0.7155,1.0335,1.166,1.1925,1.219,1.1925,1.1925,1.1925,1.378,1.272,1.484,1.6165,1.643,1.8285,1.7755,1.7755,1.8171
Bahrain,Food Household Consumption,Emissions (CO2eq) (AR5),kilotonnes,334.474,350.2675,377.6516,408.8739,409.014,440.3531,528.7963,516.1567,531.8634,558.8821,598.4868,593.7094,626.8672,609.5388,709.6178,773.0839,780.4596,866.0935,844.998,844.998,788.7862
Bahrain,Food Transport,Emissions (CH4),kilotonnes,0.0363,0.0367,0.0382,0.0393,0.0403,0.0419,0.0372,0.0322,0.0298,0.0255,0.0216,0.0205,0.0224,0.0233,0.0245,0.0256,0.026,0.0266,0.0276,0.0242,0.0248
Bahrain,Food Transport,Emissions (N2O),kilotonnes,0.0059,0.0061,0.0066,0.0069,0.0073,0.0078,0.0077,0.0076,0.0075,0.0069,0.0065,0.0062,0.0068,0.0071,0.0075,0.0078,0.0079,0.0081,0.0084,0.0089,0.0091
Bahrain,Food Transport,Emissions (CO2),kilotonnes,168.3,176,196.9,214.5,234.3,275,285.0435,309.2595,338.9595,334.5115,339.1505,318.267,340.362,347.22,360.355,378.925,388.81,401.9385,416.2545,426.6602,396.543
Bahrain,Food Transport,Emissions (CO2eq) from CH4 (AR5),kilotonnes,1.0164,1.0276,1.0696,1.1004,1.1284,1.1732,1.0416,0.9016,0.8344,0.714,0.6048,0.574,0.6272,0.6524,0.686,0.7168,0.728,0.7448,0.7728,0.6776,0.6958
Bahrain,Food Transport,Emissions (CO2eq) from N2O (AR5),kilotonnes,1.5635,1.6165,1.749,1.8285,1.9345,2.067,2.0405,2.014,1.9875,1.8285,1.7225,1.643,1.802,1.8815,1.9875,2.067,2.0935,2.1465,2.226,2.3585,2.4138
Bahrain,Food Transport,Emissions (CO2eq) (AR5),kilotonnes,170.8799,178.6441,199.7186,217.4289,237.3629,278.2402,288.1256,312.1751,341.7814,337.054,341.4778,320.484,342.7912,349.7539,363.0285,381.7088,391.6315,404.8298,419.2533,429.6963,399.6526
Bahrain,Energy,Emissions (CH4),kilotonnes,683,697,652,617,610,618,603,625,693,714,691,696,783,878,905,901,903,883,903,969,995
Bahrain,Energy,Emissions (N2O),kilotonnes,0.0804,0.0832,0.0886,0.093,0.0956,0.105,0.111,0.109,0.109,0.103,0.102,0.0998,0.108,0.117,0.121,0.124,0.125,0.127,0.129,0.128,0.131
Bahrain,Energy,Emissions (CO2),kilotonnes,19300,14500,16300,17100,18100,20000,19600,27000,29800,28100,28900,28400,27100,30900,30800,32300,31200,32600,25200,25500,23700
Bahrain,Energy,Emissions (CO2eq) from CH4 (AR5),kilotonnes,19124,19516,18256,17276,17080,17304,16884,17500,19404,19992,19348,19488,21924,24584,25340,25228,25284,24724,25284,27132,27860
Bahrain,Energy,Emissions (CO2eq) from N2O (AR5),kilotonnes,21.306,22.048,23.479,24.645,25.334,27.825,29.415,28.885,28.885,27.295,27.03,26.447,28.62,31.005,32.065,32.86,33.125,33.655,34.185,33.92,34.715
Bahrain,Energy,Emissions (CO2eq) (AR5),kilotonnes,38445.306,34038.048,34579.479,34400.645,35205.334,37331.825,36513.415,44528.885,49232.885,48119.295,48275.03,47914.447,49052.62,55515.005,56172.065,57560.86,56517.125,57357.655,50518.185,52665.92,51594.715
Bahrain,IPPU,Emissions (CH4),kilotonnes,0.851,0.948,0.92,0.92,0.92,0.864,0.935,0.853,0.944,0.943,0.96,1.02,0.957,1.03,1.04,0.93,1.03,0.999,0.985,1.03,1.04
Bahrain,IPPU,Emissions (N2O),kilotonnes,0.0999,0.105,0.11,0.117,0.125,0.134,0.144,0.156,0.168,0.178,0.186,0.192,0.195,0.198,0.201,0.206,0.214,0.224,0.236,0.241,0.249
Bahrain,IPPU,Emissions (CO2),kilotonnes,1780,1900,1870,1740,1880,2300,2600,2520,2680,2720,2820,2980,2880,3000,3050,2910,3160,3210,3220,3400,3440
Bahrain,IPPU,Emissions (CO2eq) from F-gases (AR5),kilotonnes,266.2608,245.8539,216.7013,222.5318,222.5318,313.8767,364.408,361.4927,361.4927,351.7752,361.4927,340.1141,344.0011,348.8599,352.7469,357.6057,362.4645,366.3515,371.2103,375.0973,379.956
Bahrain,IPPU,Emissions (CO2eq) from CH4 (AR5),kilotonnes,23.828,26.544,25.76,25.76,25.76,24.192,26.18,23.884,26.432,26.404,26.88,28.56,26.796,28.84,29.12,26.04,28.84,27.972,27.58,28.84,29.12
Bahrain,IPPU,Emissions (CO2eq) from N2O (AR5),kilotonnes,26.4735,27.825,29.15,31.005,33.125,35.51,38.16,41.34,44.52,47.17,49.29,50.88,51.675,52.47,53.265,54.59,56.71,59.36,62.54,63.865,65.985
Bahrain,IPPU,Emissions (CO2eq) (AR5),kilotonnes,2096.5623,2200.2229,2141.6113,2019.2968,2161.4168,2673.5787,3028.748,2946.7167,3112.4447,3145.3492,3257.6627,3399.5541,3302.4721,3430.1699,3485.1319,3348.2357,3608.0145,3663.6835,3681.3303,3867.8023,3915.061
Bahrain,Waste,Emissions (CH4),kilotonnes,19.2,20.4,20.9,21,21.9,22.8,24.2,25.4,27.2,28.5,29.4,30.4,30.5,31.4,31.9,32.2,33.7,34.8,35.8,36.9,37.8
Bahrain,Waste,Emissions (N2O),kilotonnes,0.0251,0.0264,0.0278,0.0295,0.0315,0.0338,0.0364,0.0395,0.0423,0.045,0.0473,0.0492,0.0509,0.0523,0.0532,0.0541,0.0553,0.0577,0.0605,0.063,0.065
Bahrain,Waste,Emissions (CO2eq) from CH4 (AR5),kilotonnes,537.6,571.2,585.2,588,613.2,638.4,677.6,711.2,761.6,798,823.2,851.2,854,879.2,893.2,901.6,943.6,974.4,1002.4,1033.2,1058.4
Bahrain,Waste,Emissions (CO2eq) from N2O (AR5),kilotonnes,6.6515,6.996,7.367,7.8175,8.3475,8.957,9.646,10.4675,11.2095,11.925,12.5345,13.038,13.4885,13.8595,14.098,14.3365,14.6545,15.2905,16.0325,16.695,17.225
Bahrain,Waste,Emissions (CO2eq) (AR5),kilotonnes,544.2515,578.196,592.567,595.8175,621.5475,647.357,687.246,721.6675,772.8095,809.925,835.7345,864.238,867.4885,893.0595,907.298,915.9365,958.2545,989.6905,1018.4325,1049.895,1075.625
Bahrain,Other,Emissions (N2O),kilotonnes,0.217,0.221,0.235,0.246,0.244,0.267,0.3,0.28,0.276,0.264,0.258,0.257,0.261,0.285,0.3,0.301,0.3,0.305,0.309,0.306,0.309
Bahrain,Other,Emissions (CO2eq) from N2O (AR5),kilotonnes,57.505,58.565,62.275,65.19,64.66,70.755,79.5,74.2,73.14,69.96,68.37,68.105,69.165,75.525,79.5,79.765,79.5,80.825,81.885,81.09,81.885
Bahrain,Other,Emissions (CO2eq) (AR5),kilotonnes,57.505,58.565,62.275,65.19,64.66,70.755,79.5,74.2,73.14,69.96,68.37,68.105,69.165,75.525,79.5,79.765,79.5,80.825,81.885,81.09,81.885
Bahrain,Farm-gate emissions,Emissions (CH4),kilotonnes,0.7936,0.7625,1.005,0.8834,0.8311,0.8286,0.8431,0.8059,0.7036,0.7226,0.8286,0.8265,0.8323,0.8497,0.8484,0.8846,0.9553,1.0043,1.0349,1.0624,1.0594
Bahrain,Farm-gate emissions,Direct emissions (N2O),kilotonnes,0.0372,0.0352,0.0715,0.0664,0.064,0.0635,0.064,0.0525,0.0674,0.0516,0.0768,0.0648,0.065,0.0657,0.0656,0.0943,0.1256,0.1479,0.1552,0.1574,0.1577
Bahrain,Farm-gate emissions,Indirect emissions (N2O),kilotonnes,0.0104,0.01,0.0211,0.0203,0.02,0.0199,0.02,0.0162,0.0213,0.0162,0.0238,0.0199,0.02,0.0201,0.0201,0.0276,0.0356,0.0416,0.0436,0.0441,0.044
Bahrain,Farm-gate emissions,Emissions (N2O),kilotonnes,0.0751,0.0736,0.1264,0.1237,0.128,0.1453,0.1463,0.142,0.1765,0.1478,0.1734,0.1512,0.1528,0.1402,0.1359,0.1765,0.219,0.2488,0.2543,0.2567,0.2569
Bahrain,Farm-gate emissions,Emissions (CO2),kilotonnes,246.5803,260.044,296.6201,316.9151,354.6388,439.0236,534.9568,223.1551,262.9339,244.3592,242.5703,224.0208,215.4439,207.9438,194.5431,189.4088,183.1229,172.4859,164.1293,158.0465,158.0465
Bahrain,Farm-gate emissions,Emissions (CO2eq) from CH4 (AR5),kilotonnes,22.2216,21.3499,28.1389,24.7345,23.2695,23.1996,23.6055,22.5645,19.701,20.232,23.1998,23.1427,23.305,23.7918,23.7541,24.7681,26.7477,28.1194,28.9764,29.7468,29.6625
Bahrain,Farm-gate emissions,Emissions (CO2eq) from N2O (AR5),kilotonnes,19.9079,19.5113,33.4997,32.7746,33.9177,38.5168,38.7617,37.6179,46.7662,39.1717,45.9551,40.0805,40.4951,37.1536,36.0241,46.7631,58.0408,65.9253,67.3822,68.015,68.0893
Bahrain,Farm-gate emissions,Emissions (CO2eq) (AR5),kilotonnes,288.7097,300.9052,358.2587,374.4241,411.8261,500.7399,597.324,283.3375,329.4012,303.7628,311.7252,287.244,279.2441,268.8892,254.3213,260.94,267.9113,266.5306,260.4878,255.8083,255.7983
Bahrain,Land Use change,Emissions (CH4),kilotonnes,0,0,0,0,0,0,0,0,0,0,0,0,0,0,0,0,0,0,0,0,0
Bahrain,Land Use change,Emissions (N2O),kilotonnes,0,0,0,0,0,0,0,0,0,0,0,0,0,0,0,0,0,0,0,0,0
Bahrain,Land Use change,Emissions (CO2),kilotonnes,0,0,0,0,0,0,0,0,0,0,0,0,0,0,0,0,0,0,0,0,0
Bahrain,Land Use change,Emissions (CO2eq) from CH4 (AR5),kilotonnes,0,0,0,0,0,0,0,0,0,0,0,0,0,0,0,0,0,0,0,0,0
Bahrain,Land Use change,Emissions (CO2eq) from N2O (AR5),kilotonnes,0,0,0,0,0,0,0,0,0,0,0,0,0,0,0,0,0,0,0,0,0
Bahrain,Land Use change,Emissions (CO2eq) (AR5),kilotonnes,0,0,0,0,0,0,0,0,0,0,0,0,0,0,0,0,0,0,0,0,0
Bahrain,Emissions on agricultural land,Emissions (CH4),kilotonnes,0.7936,0.7625,1.005,0.8834,0.8311,0.8286,0.8431,0.8059,0.7036,0.7226,0.8286,0.8265,0.8323,0.8497,0.8484,0.8846,0.9553,1.0043,1.0349,1.0624,1.0594
Bahrain,Emissions on agricultural land,Emissions (N2O),kilotonnes,0.0751,0.0736,0.1264,0.1237,0.128,0.1453,0.1463,0.142,0.1765,0.1478,0.1734,0.1512,0.1528,0.1402,0.1359,0.1765,0.219,0.2488,0.2543,0.2567,0.2569
Bahrain,Emissions on agricultural land,Emissions (CO2),kilotonnes,246.5803,260.044,296.6201,316.9151,354.6388,439.0236,534.9568,223.1551,262.9339,244.3592,242.5703,224.0208,215.4439,207.9438,194.5431,189.4088,183.1229,172.4859,164.1293,158.0465,158.0465
Bahrain,Emissions on agricultural land,Emissions (CO2eq) from CH4 (AR5),kilotonnes,22.2216,21.3499,28.1389,24.7345,23.2695,23.1996,23.6055,22.5645,19.701,20.232,23.1998,23.1427,23.305,23.7918,23.7541,24.7681,26.7477,28.1194,28.9764,29.7468,29.6625
Bahrain,Emissions on agricultural land,Emissions (CO2eq) from N2O (AR5),kilotonnes,19.9079,19.5113,33.4997,32.7746,33.9177,38.5168,38.7617,37.6179,46.7662,39.1717,45.9551,40.0805,40.4951,37.1536,36.0241,46.7631,58.0408,65.9253,67.3822,68.015,68.0893
Bahrain,Emissions on agricultural land,Emissions (CO2eq) (AR5),kilotonnes,288.7097,300.9052,358.2587,374.4241,411.8261,500.7399,597.324,283.3375,329.4012,303.7628,311.7252,287.244,279.2441,268.8892,254.3213,260.94,267.9113,266.5306,260.4878,255.8083,255.7983
Bahrain,Pre- and post- production,Emissions (CH4),kilotonnes,82.1172,84.0207,80.099,79.696,72.3218,74.8469,77.8058,54.9295,63.1815,76.7668,80.286,79.4483,91.834,100.5242,101.9938,96.1176,87.086,72.7458,73.6215,85.582,87.5783
Bahrain,Pre- and post- production,Emissions (N2O),kilotonnes,0.0166,0.0171,0.0179,0.0181,0.0178,0.0202,0.0224,0.0278,0.029,0.0285,0.0261,0.0264,0.0279,0.0296,0.0307,0.0314,0.0316,0.0311,0.0318,0.0329,0.0335
Bahrain,Pre- and post- production,Emissions (CO2),kilotonnes,1486.6156,1445.9302,1597.8308,1629.9897,1604.8111,1786.2884,2142.2198,2904.7804,3227.25,3282.0442,3021.9962,3057.2678,3079.5653,3484.8183,3491.9966,3622.798,3589.5154,3476.5776,3452.8777,3470.7899,3229.5864
Bahrain,Pre- and post- production,Emissions (CO2eq) from CH4 (AR5),kilotonnes,2299.2814,2352.5787,2242.7708,2231.4889,2025.0113,2095.7126,2178.5618,1538.0263,1769.0832,2149.4703,2248.0081,2224.5533,2571.3528,2814.6766,2855.8275,2691.2914,2438.408,2036.8835,2061.4028,2396.2968,2452.1934
Bahrain,Pre- and post- production,Emissions (CO2eq) from N2O (AR5),kilotonnes,4.3958,4.5323,4.7545,4.7961,4.7203,5.3626,5.9433,7.3787,7.6785,7.5484,6.9291,7.0083,7.4028,7.8353,8.1343,8.326,8.3842,8.2525,8.4387,8.7216,8.8814
Bahrain,Pre- and post- production,Emissions (CO2eq) (AR5),kilotonnes,3790.2928,3803.0412,3845.3561,3866.2747,3634.5427,3887.3636,4326.7249,4450.1854,5004.0117,5439.0628,5276.9335,5288.8294,5658.3209,6307.3301,6355.9584,6322.4154,6036.3075,5521.7136,5522.7192,5875.8083,5690.6612
Bahrain,Agri-food systems,Emissions (CH4),kilotonnes,82.9108,84.7832,81.1039,80.5794,73.1529,75.6754,78.6488,55.7354,63.8851,77.4894,81.1146,80.2749,92.6664,101.3739,102.8422,97.0021,88.0413,73.7501,74.6564,86.6444,88.6377
Bahrain,Agri-food systems,Emissions (N2O),kilotonnes,0.0917,0.0907,0.1444,0.1418,0.1458,0.1656,0.1687,0.1698,0.2055,0.1763,0.1996,0.1777,0.1807,0.1698,0.1666,0.2079,0.2507,0.2799,0.2861,0.2896,0.2905
Bahrain,Agri-food systems,Emissions (CO2),kilotonnes,1733.1958,1705.9742,1894.4509,1946.9048,1959.4499,2225.312,2677.1766,3127.9355,3490.1839,3526.4033,3264.5666,3281.2886,3295.0092,3692.7621,3686.5397,3812.2068,3772.6382,3649.0635,3617.007,3628.8364,3387.6329
Bahrain,Agri-food systems,Emissions (CO2eq) from CH4 (AR5),kilotonnes,2321.503,2373.9286,2270.9098,2256.2234,2048.2808,2118.9121,2202.1673,1560.5908,1788.7842,2169.7022,2271.2079,2247.696,2594.6579,2838.4683,2879.5816,2716.0596,2465.1556,2065.0029,2090.3792,2426.0435,2481.8559
Bahrain,Agri-food systems,Emissions (CO2eq) from N2O (AR5),kilotonnes,24.3037,24.0436,38.2542,37.5706,38.6381,43.8794,44.705,44.9967,54.4448,46.7201,52.8842,47.0888,47.8979,44.9889,44.1584,55.089,66.425,74.1779,75.8209,76.7366,76.9707
Bahrain,Agri-food systems,Emissions (CO2eq) (AR5),kilotonnes,4079.0025,4103.9464,4203.6149,4240.6988,4046.3688,4388.1035,4924.0489,4733.5229,5333.4128,5742.8256,5588.6587,5576.0734,5937.565,6576.2193,6610.2797,6583.3554,6304.2189,5788.2442,5783.207,6131.6166,5946.4595
Bahrain,IPCC Agriculture,Emissions (CH4),kilotonnes,0.7581,0.7263,0.9651,0.8412,0.7845,0.7756,0.7809,0.7721,0.6665,0.686,0.7905,0.7907,0.7948,0.8112,0.8113,0.8487,0.9217,0.9735,1.0057,1.0348,1.0318
Bahrain,IPCC Agriculture,Emissions (CH4),kilotonnes,,,,,,,,,,,,,,,,,,,,,
Bahrain,IPCC Agriculture,Direct emissions (N2O),kilotonnes,0.0372,0.0352,0.0715,0.0664,0.064,0.0635,0.064,0.0525,0.0674,0.0516,0.0768,0.0648,0.065,0.0657,0.0656,0.0943,0.1256,0.1479,0.1552,0.1574,0.1577
Bahrain,IPCC Agriculture,Indirect emissions (N2O),kilotonnes,0.0104,0.01,0.0211,0.0203,0.02,0.0199,0.02,0.0162,0.0213,0.0162,0.0238,0.0199,0.02,0.0201,0.0201,0.0276,0.0356,0.0416,0.0436,0.0441,0.044
Bahrain,IPCC Agriculture,Emissions (N2O),kilotonnes,0.0484,0.046,0.0934,0.0874,0.0847,0.0841,0.0848,0.0695,0.0894,0.0685,0.1014,0.0856,0.0858,0.0866,0.0865,0.1252,0.1672,0.1973,0.2071,0.21,0.2103
Bahrain,IPCC Agriculture,Emissions (N2O),kilotonnes,,,,,,,,,,,,,,,,,,,,,
Bahrain,IPCC Agriculture,Emissions (CO2eq) from CH4 (AR5),kilotonnes,21.2256,20.3363,27.0236,23.553,21.9655,21.7181,21.8645,21.6189,18.662,19.2088,22.1337,22.1407,22.2542,22.7143,22.7157,23.7636,25.8088,27.2594,28.1602,28.9751,28.8907
Bahrain,IPCC Agriculture,Emissions (CO2eq) from CH4 (AR5),kilotonnes,,,,,,,,,,,,,,,,,,,,,
Bahrain,IPCC Agriculture,Emissions (CO2eq) from N2O (AR5),kilotonnes,12.825,12.1915,24.7608,23.1648,22.4554,22.2956,22.4756,18.4264,23.7001,18.1612,26.8641,22.674,22.7458,22.9612,22.9264,33.1771,44.302,52.2818,54.8919,55.6462,55.7205
Bahrain,IPCC Agriculture,Emissions (CO2eq) from N2O (AR5),kilotonnes,,,,,,,,,,,,,,,,,,,,,
Bahrain,IPCC Agriculture,Emissions (CO2eq) (AR5),kilotonnes,34.0506,32.5278,51.7844,46.7178,44.4209,44.0137,44.3401,40.0453,42.3622,37.37,48.9978,44.8147,45,45.6755,45.642,56.9407,70.1108,79.5411,83.0521,84.6212,84.6112
Bahrain,IPCC Agriculture,Emissions (CO2eq) (AR5),kilotonnes,,,,,,,,,,,,,,,,,,,,,
Bahrain,Agricultural Soils,Direct emissions (N2O),kilotonnes,0.0372,0.0352,0.0715,0.0664,0.064,0.0635,0.064,0.0525,0.0674,0.0516,0.0768,0.0648,0.065,0.0657,0.0656,0.0943,0.1256,0.1479,0.1552,0.1574,0.1577
Bahrain,Agricultural Soils,Indirect emissions (N2O),kilotonnes,0.0104,0.01,0.0211,0.0203,0.02,0.0199,0.02,0.0162,0.0213,0.0162,0.0238,0.0199,0.02,0.0201,0.0201,0.0276,0.0356,0.0416,0.0436,0.0441,0.044
Bahrain,Agricultural Soils,Emissions (N2O),kilotonnes,0.0476,0.0453,0.0926,0.0866,0.084,0.0834,0.0841,0.0688,0.0887,0.0678,0.1005,0.0847,0.085,0.0858,0.0857,0.1219,0.1612,0.1895,0.1988,0.2015,0.2017
Bahrain,Agricultural Soils,Emissions (N2O),kilotonnes,,,,,,,,,,,,,,,,,,,,,
Bahrain,Agricultural Soils,Emissions (CO2eq) from N2O (AR5),kilotonnes,12.61,11.9917,24.529,22.9555,22.2576,22.1028,22.2748,18.2235,23.5041,17.9623,26.6455,22.4529,22.5222,22.7339,22.7014,32.2942,42.7235,50.2081,52.6754,53.4009,53.4623
Bahrain,Agricultural Soils,Emissions (CO2eq) from N2O (AR5),kilotonnes,,,,,,,,,,,,,,,,,,,,,
Bahrain,Agricultural Soils,Emissions (CO2eq) (AR5),kilotonnes,12.61,11.9917,24.529,22.9555,22.2576,22.1028,22.2748,18.2235,23.5041,17.9623,26.6455,22.4529,22.5222,22.7339,22.7014,32.2942,42.7235,50.2081,52.6754,53.4009,53.4623
Bahrain,Agricultural Soils,Emissions (CO2eq) (AR5),kilotonnes,,,,,,,,,,,,,,,,,,,,,
Bahrain,LULUCF,Emissions (CH4),kilotonnes,0,0,0,0,0,0,0,0,0,0,0,0,0,0,0,0,0,0,0,0,0
Bahrain,LULUCF,Emissions (N2O),kilotonnes,0,0,0,0,0,0,0,0,0,0,0,0,0,0,0,0,0,0,0,0,0
Bahrain,LULUCF,Emissions (CO2),kilotonnes,-1.8626,-2.2711,-2.2711,-2.2711,-2.2711,-2.2711,-2.2711,-2.2711,-2.2711,-2.2711,-2.2711,-2.8947,-2.8947,-2.8947,-2.8947,-2.8947,-2.8889,-2.8889,-2.8889,-2.8889,-2.8889
Bahrain,LULUCF,Emissions (CO2eq) from CH4 (AR5),kilotonnes,0,0,0,0,0,0,0,0,0,0,0,0,0,0,0,0,0,0,0,0,0
Bahrain,LULUCF,Emissions (CO2eq) from N2O (AR5),kilotonnes,0,0,0,0,0,0,0,0,0,0,0,0,0,0,0,0,0,0,0,0,0
Bahrain,LULUCF,Emissions (CO2eq) (AR5),kilotonnes,-1.8626,-2.2711,-2.2711,-2.2711,-2.2711,-2.2711,-2.2711,-2.2711,-2.2711,-2.2711,-2.2711,-2.8947,-2.8947,-2.8947,-2.8947,-2.8947,-2.8889,-2.8889,-2.8889,-2.8889,-2.8889
Bahrain,AFOLU,Emissions (CH4),kilotonnes,0.7581,0.7263,0.9651,0.8412,0.7845,0.7756,0.7809,0.7721,0.6665,0.686,0.7905,0.7907,0.7948,0.8112,0.8113,0.8487,0.9217,0.9735,1.0057,1.0348,1.0318
Bahrain,AFOLU,Emissions (N2O),kilotonnes,0.0484,0.046,0.0934,0.0874,0.0847,0.0841,0.0848,0.0695,0.0894,0.0685,0.1014,0.0856,0.0858,0.0866,0.0865,0.1252,0.1672,0.1973,0.2071,0.21,0.2103
Bahrain,AFOLU,Emissions (CO2),kilotonnes,-1.8626,-2.2711,-2.2711,-2.2711,-2.2711,-2.2711,-2.2711,-2.2711,-2.2711,-2.2711,-2.2711,-2.8947,-2.8947,-2.8947,-2.8947,-2.8947,-2.8889,-2.8889,-2.8889,-2.8889,-2.8889
Bahrain,AFOLU,Emissions (CO2eq) from CH4 (AR5),kilotonnes,21.2256,20.3363,27.0236,23.553,21.9655,21.7181,21.8645,21.6189,18.662,19.2088,22.1337,22.1407,22.2542,22.7143,22.7157,23.7636,25.8088,27.2594,28.1602,28.9751,28.8907
Bahrain,AFOLU,Emissions (CO2eq) from N2O (AR5),kilotonnes,12.825,12.1915,24.7608,23.1648,22.4554,22.2956,22.4756,18.4264,23.7001,18.1612,26.8641,22.674,22.7458,22.9612,22.9264,33.1771,44.302,52.2818,54.8919,55.6462,55.7205
Bahrain,AFOLU,Emissions (CO2eq) (AR5),kilotonnes,32.1879,30.2567,49.5132,44.4466,42.1498,41.7426,42.0689,37.7741,40.091,35.0988,46.7266,41.9201,42.1053,42.7808,42.7474,54.046,67.2219,76.6523,80.1632,81.7324,81.7223
Bahrain,All sectors with LULUCF,Emissions (CH4),kilotonnes,703.8091,719.0743,674.7851,639.7612,633.6045,642.4396,628.9159,652.0251,721.8105,744.129,722.1505,728.2107,815.2518,911.2412,938.7513,934.9787,938.6517,919.7725,940.7907,1007.9648,1034.8718
Bahrain,All sectors with LULUCF,Emissions (N2O),kilotonnes,0.4708,0.4816,0.5548,0.5729,0.5808,0.6239,0.6762,0.654,0.6847,0.6585,0.6947,0.6836,0.7007,0.7389,0.7617,0.8103,0.8615,0.911,0.9416,0.948,0.9643
Bahrain,All sectors with LULUCF,Emissions (CO2),kilotonnes,21078.1374,16397.7289,18167.7289,18837.7289,19977.7289,22297.7289,22197.7289,29517.7289,32477.7289,30817.7289,31717.7289,31377.1053,29977.1053,33897.1053,33847.1053,35207.1053,34357.1111,35807.1111,28417.1111,28897.1111,27137.1111
Bahrain,All sectors with LULUCF,Emissions (CO2eq) from F-gases (AR5),kilotonnes,266.2608,245.8539,216.7013,222.5318,222.5318,313.8767,364.408,361.4927,361.4927,351.7752,361.4927,340.1141,344.0011,348.8599,352.7469,357.6057,362.4645,366.3515,371.2103,375.0973,379.956
Bahrain,All sectors with LULUCF,Emissions (CO2eq) from CH4 (AR5),kilotonnes,19706.6536,20134.0803,18893.9836,17913.313,17740.9255,17988.3101,17609.6445,18256.7029,20210.694,20835.6128,20220.2137,20389.9007,22827.0502,25514.7543,26285.0357,26179.4036,26282.2488,25753.6314,26342.1402,28223.0151,28976.4107
Bahrain,All sectors with LULUCF,Emissions (CO2eq) from N2O (AR5),kilotonnes,124.761,127.6255,147.0318,151.8223,153.9219,165.3426,179.1966,173.3189,181.4546,174.5112,184.0886,181.144,185.6943,195.8207,201.8544,214.7286,228.2915,241.4123,249.5344,251.2162,255.5305
Bahrain,All sectors with LULUCF,Emissions (CO2eq) (AR5),kilotonnes,41175.8127,36905.2886,37425.4455,37125.3959,38095.1081,40765.2583,40350.9779,48309.2433,53231.3702,52179.628,52483.5239,52288.2642,53333.851,59956.5402,60686.7423,61958.8432,61230.1158,62168.5062,55379.9959,57746.4396,56749.0084
Bahrain,All sectors without LULUCF,Emissions (CH4),kilotonnes,703.8091,719.0743,674.7851,639.7612,633.6045,642.4396,628.9159,652.0251,721.8105,744.129,722.1505,728.2107,815.2518,911.2412,938.7513,934.9787,938.6517,919.7725,940.7907,1007.9648,1034.8718
Bahrain,All sectors without LULUCF,Emissions (N2O),kilotonnes,0.4708,0.4816,0.5548,0.5729,0.5808,0.6239,0.6762,0.654,0.6847,0.6585,0.6947,0.6836,0.7007,0.7389,0.7617,0.8103,0.8615,0.911,0.9416,0.948,0.9643
Bahrain,All sectors without LULUCF,Emissions (CO2),kilotonnes,21080,16400,18170,18840,19980,22300,22200,29520,32480,30820,31720,31380,29980,33900,33850,35210,34360,35810,28420,28900,27140
Bahrain,All sectors without LULUCF,Emissions (CO2eq) from F-gases (AR5),kilotonnes,266.2608,245.8539,216.7013,222.5318,222.5318,313.8767,364.408,361.4927,361.4927,351.7752,361.4927,340.1141,344.0011,348.8599,352.7469,357.6057,362.4645,366.3515,371.2103,375.0973,379.956
Bahrain,All sectors without LULUCF,Emissions (CO2eq) from CH4 (AR5),kilotonnes,19706.6536,20134.0803,18893.9836,17913.313,17740.9255,17988.3101,17609.6445,18256.7029,20210.694,20835.6128,20220.2137,20389.9007,22827.0502,25514.7543,26285.0357,26179.4036,26282.2488,25753.6314,26342.1402,28223.0151,28976.4107
Bahrain,All sectors without LULUCF,Emissions (CO2eq) from N2O (AR5),kilotonnes,124.761,127.6255,147.0318,151.8223,153.9219,165.3426,179.1966,173.3189,181.4546,174.5112,184.0886,181.144,185.6943,195.8207,201.8544,214.7286,228.2915,241.4123,249.5344,251.2162,255.5305
Bahrain,All sectors without LULUCF,Emissions (CO2eq) (AR5),kilotonnes,41177.6753,36907.5597,37427.7167,37127.6671,38097.3792,40767.5294,40353.2491,48311.5145,53233.6414,52181.8991,52485.795,52291.1589,53336.7456,59959.4348,60689.637,61961.7379,61233.0047,62171.3951,55382.8848,57749.3285,56751.8972
Bangladesh,Crop Residues,Direct emissions (N2O),kilotonnes,8.3592,8.1296,8.3089,8.3774,7.9538,8.4694,8.6067,8.9302,9.6922,9.7853,10.1603,10.27,10.2487,10.4539,10.605,10.6254,10.3752,11.0943,11.0696,11.1086,11.1699
Bangladesh,Crop Residues,Indirect emissions (N2O),kilotonnes,1.8808,1.8292,1.8695,1.8849,1.7896,1.9056,1.9365,2.0093,2.1808,2.2017,2.2861,2.3107,2.306,2.3521,2.3861,2.3907,2.3344,2.4962,2.4907,2.4994,2.5132
Bangladesh,Crop Residues,Emissions (N2O),kilotonnes,10.24,9.9588,10.1784,10.2623,9.7434,10.375,10.5432,10.9395,11.873,11.987,12.4464,12.5807,12.5547,12.8061,12.9911,13.0162,12.7096,13.5905,13.5603,13.6081,13.6831
Bangladesh,Crop Residues,Emissions (CO2eq) from N2O (AR5),kilotonnes,2713.6003,2639.0688,2697.289,2719.5105,2581.9879,2749.3692,2793.9355,2898.9586,3146.3448,3176.5639,3298.2899,3333.8987,3326.9831,3393.6102,3442.6402,3449.2818,3368.05,3601.4814,3593.4801,3606.1391,3626.0271
Bangladesh,Crop Residues,Emissions (CO2eq) (AR5),kilotonnes,2713.6003,2639.0688,2697.289,2719.5105,2581.9879,2749.3692,2793.9355,2898.9586,3146.3448,3176.5639,3298.2899,3333.8987,3326.9831,3393.6102,3442.6402,3449.2818,3368.05,3601.4814,3593.4801,3606.1391,3626.0271
Bangladesh,Rice Cultivation,Emissions (CH4),kilotonnes,1073.6407,1059.7034,1070.6374,1066.069,1018.6613,1046.0923,1051.5526,1051.155,1121.1475,1128.5411,1145.9826,1145.8832,1135.4462,1130.3768,1134.7148,1131.2934,1093.4804,1154.531,1144.591,1144.6452,1134.9239
Bangladesh,Rice Cultivation,Emissions (CH4),kilotonnes,,,,,,,543.31,552.58,574.28,588.07,587.46,596.97,603.55,,,,,,,,
Bangladesh,Rice Cultivation,Emissions (CO2eq) from CH4 (AR5),kilotonnes,30061.9388,29671.6952,29977.8472,29849.9313,28522.5175,29290.5833,29443.4728,29432.34,31392.1303,31599.1503,32087.5128,32084.7296,31792.4936,31650.5504,31772.0148,31676.2143,30617.4516,32326.868,32048.548,32050.0648,31777.8679
Bangladesh,Rice Cultivation,Emissions (CO2eq) from CH4 (AR5),kilotonnes,,,,,,,15212.68,15472.24,16079.84,16465.96,16448.88,16715.16,16899.4,,,,,,,,
Bangladesh,Rice Cultivation,Emissions (CO2eq) (AR5),kilotonnes,30061.9388,29671.6952,29977.8472,29849.9313,28522.5175,29290.5833,29443.4728,29432.34,31392.1303,31599.1503,32087.5128,32084.7296,31792.4936,31650.5504,31772.0148,31676.2143,30617.4516,32326.868,32048.548,32050.0648,31777.8679
Bangladesh,Rice Cultivation,Emissions (CO2eq) (AR5),kilotonnes,,,,,,,15212.68,15472.24,16079.84,16465.96,16448.88,16715.16,16899.4,,,,,,,,
Bangladesh,Burning - Crop residues,Emissions (CH4),kilotonnes,17.251,17.0166,17.1604,17.0598,16.3341,16.6875,16.7603,16.8054,18,17.8544,18.1436,18.1735,18.0711,18.1626,18.4339,18.4342,17.8936,18.9111,18.7186,18.8014,18.7392
Bangladesh,Burning - Crop residues,Emissions (CH4),kilotonnes,,4.29,,,,4.27,,,,,,,,,,,,,,,
Bangladesh,Burning - Crop residues,Emissions (N2O),kilotonnes,0.4472,0.4412,0.4449,0.4423,0.4235,0.4326,0.4345,0.4357,0.4667,0.4629,0.4704,0.4712,0.4685,0.4709,0.4779,0.4779,0.4639,0.4903,0.4853,0.4874,0.4858
Bangladesh,Burning - Crop residues,Emissions (N2O),kilotonnes,,0.11,,,,0.11,,,,,,,,,,,,,,,
Bangladesh,Burning - Crop residues,Emissions (CO2eq) from CH4 (AR5),kilotonnes,483.0269,476.4657,480.4909,477.6744,457.3549,467.2509,469.2879,470.5511,503.9995,499.9234,508.0196,508.859,505.9896,508.5538,516.1481,516.1572,501.0218,529.5102,524.1208,526.439,524.6965
Bangladesh,Burning - Crop residues,Emissions (CO2eq) from CH4 (AR5),kilotonnes,,120.12,,,,119.56,,,,,,,,,,,,,,,
Bangladesh,Burning - Crop residues,Emissions (CO2eq) from N2O (AR5),kilotonnes,118.5205,116.9106,117.8982,117.2072,112.2213,114.6495,115.1493,115.4593,123.6665,122.6664,124.653,124.8589,124.1549,124.784,126.6474,126.6497,122.9359,129.9261,128.6037,129.1725,128.745
Bangladesh,Burning - Crop residues,Emissions (CO2eq) from N2O (AR5),kilotonnes,,29.15,,,,29.15,,,,,,,,,,,,,,,
Bangladesh,Burning - Crop residues,Emissions (CO2eq) (AR5),kilotonnes,601.5474,593.3763,598.3891,594.8816,569.5762,581.9004,584.4372,586.0103,627.666,622.5898,632.6726,633.7179,630.1444,633.3378,642.7955,642.8069,623.9578,659.4363,652.7245,655.6115,653.4414
Bangladesh,Burning - Crop residues,Emissions (CO2eq) (AR5),kilotonnes,,149.27,,,,148.71,,,,,,,,,,,,,,,
Bangladesh,Enteric Fermentation,Emissions (CH4),kilotonnes,944.66,950.685,969.28,983.98,996.55,1010.97,1027.56,1042.53,1057.002,1072.276,1088.129,1103.066,1116.095,1124.669,1130.291,1135.932,1137.9513,1146.4377,1156.6975,1166.0282,1179.439
Bangladesh,Enteric Fermentation,Emissions (CH4),kilotonnes,,467.77,,,,493.16,,,,,,,,,,,,,,,
Bangladesh,Enteric Fermentation,Emissions (CO2eq) from CH4 (AR5),kilotonnes,26450.48,26619.18,27139.84,27551.44,27903.4,28307.16,28771.68,29190.84,29596.056,30023.728,30467.612,30885.848,31250.66,31490.732,31648.148,31806.096,31862.6364,32100.2563,32387.5287,32648.7893,33024.2914
Bangladesh,Enteric Fermentation,Emissions (CO2eq) from CH4 (AR5),kilotonnes,,13097.56,,,,13808.48,,,,,,,,,,,,,,,
Bangladesh,Enteric Fermentation,Emissions (CO2eq) (AR5),kilotonnes,26450.48,26619.18,27139.84,27551.44,27903.4,28307.16,28771.68,29190.84,29596.056,30023.728,30467.612,30885.848,31250.66,31490.732,31648.148,31806.096,31862.6364,32100.2563,32387.5287,32648.7893,33024.2914
Bangladesh,Enteric Fermentation,Emissions (CO2eq) (AR5),kilotonnes,,13097.56,,,,13808.48,,,,,,,,,,,,,,,
Bangladesh,Manure Management,Emissions (CH4),kilotonnes,70.6058,71.2627,72.4696,73.5462,74.473,75.5325,76.7425,77.8511,78.7709,79.7923,80.7954,81.7572,82.6822,83.3935,83.8911,84.4499,84.718,85.4232,86.2035,86.8268,87.8526
Bangladesh,Manure Management,Emissions (CH4),kilotonnes,,251.9,,,,343.33,,,,,,,,,,,,,,,
Bangladesh,Manure Management,Emissions (N2O),kilotonnes,1.0907,1.1177,1.1604,1.1988,1.231,1.2789,1.3133,1.3521,1.3866,1.407,1.4568,1.4928,1.5441,1.5898,1.6121,1.6357,1.6589,1.687,1.7183,1.6973,1.7997
Bangladesh,Manure Management,Emissions (N2O),kilotonnes,,28.88,,,,33.83,,,,,,,,,,,,,,,
Bangladesh,Manure Management,Emissions (CO2eq) from CH4 (AR5),kilotonnes,1976.9616,1995.3555,2029.1487,2059.2926,2085.2449,2114.91,2148.7906,2179.8321,2205.5844,2234.1845,2262.27,2289.2021,2315.1029,2335.0188,2348.9507,2364.5981,2372.1053,2391.8505,2413.6994,2431.1491,2459.8734
Bangladesh,Manure Management,Emissions (CO2eq) from CH4 (AR5),kilotonnes,,7053.2,,,,9613.24,,,,,,,,,,,,,,,
Bangladesh,Manure Management,Emissions (CO2eq) from N2O (AR5),kilotonnes,289.0227,296.1873,307.5172,317.683,326.2184,338.9051,348.0133,358.3008,367.4428,372.849,386.0402,395.6029,409.1842,421.3002,427.1947,433.4495,439.5983,447.0673,455.3449,449.7968,476.9148
Bangladesh,Manure Management,Emissions (CO2eq) from N2O (AR5),kilotonnes,,7653.2,,,,8964.95,,,,,,,,,,,,,,,
Bangladesh,Manure Management,Emissions (CO2eq) (AR5),kilotonnes,2265.9843,2291.5428,2336.6659,2376.9755,2411.4633,2453.815,2496.8039,2538.1329,2573.0271,2607.0335,2648.3102,2684.805,2724.2871,2756.319,2776.1454,2798.0475,2811.7036,2838.9178,2869.0443,2880.9458,2936.7882
Bangladesh,Manure Management,Emissions (CO2eq) (AR5),kilotonnes,,14706.4,,,,18578.19,,,,,,,,,,,,,,,
Bangladesh,Manure left on Pasture,Direct emissions (N2O),kilotonnes,16.2913,16.4793,17.1813,17.6886,18.1656,18.721,19.2625,19.81,20.36,20.8775,21.5122,22.0754,22.6033,22.9108,23.0746,23.2101,23.2726,23.5314,23.8706,24.0599,24.7117
Bangladesh,Manure left on Pasture,Indirect emissions (N2O),kilotonnes,5.1222,5.1768,5.4467,5.6328,5.8126,6.0139,6.2172,6.4219,6.632,6.84,7.0778,7.2939,7.4833,7.5775,7.6299,7.6664,7.6812,7.767,7.8864,7.9811,8.1833
Bangladesh,Manure left on Pasture,Emissions (N2O),kilotonnes,21.4135,21.6561,22.628,23.3214,23.9782,24.7349,25.4797,26.2319,26.9919,27.7175,28.5899,29.3693,30.0866,30.4883,30.7045,30.8766,30.9538,31.2984,31.7569,32.0409,32.8949
Bangladesh,Manure left on Pasture,Emissions (CO2eq) from N2O (AR5),kilotonnes,5674.5755,5738.8683,5996.4232,6180.1578,6354.2241,6554.7385,6752.1323,6951.462,7152.8606,7345.1359,7576.3351,7782.877,7972.9495,8079.3999,8136.6833,8182.2861,8202.7548,8294.0861,8415.5867,8490.8497,8717.1527
Bangladesh,Manure left on Pasture,Emissions (CO2eq) (AR5),kilotonnes,5674.5755,5738.8683,5996.4232,6180.1578,6354.2241,6554.7385,6752.1323,6951.462,7152.8606,7345.1359,7576.3351,7782.877,7972.9495,8079.3999,8136.6833,8182.2861,8202.7548,8294.0861,8415.5867,8490.8497,8717.1527
Bangladesh,Manure applied to Soils,Direct emissions (N2O),kilotonnes,2.7362,2.7939,2.8837,2.9649,3.0331,3.1329,3.2066,3.2885,3.3615,3.4054,3.5076,3.5825,3.6871,3.781,3.8267,3.8761,3.9178,3.9774,4.0431,4.0044,4.2118
Bangladesh,Manure applied to Soils,Indirect emissions (N2O),kilotonnes,1.1629,1.1874,1.2256,1.2601,1.2891,1.3315,1.3628,1.3976,1.4287,1.4473,1.4907,1.5226,1.567,1.6069,1.6263,1.6473,1.6651,1.6904,1.7183,1.7019,1.79
Bangladesh,Manure applied to Soils,Emissions (N2O),kilotonnes,3.8991,3.9813,4.1093,4.225,4.3222,4.4644,4.5694,4.6861,4.7902,4.8528,4.9983,5.1051,5.2541,5.3879,5.453,5.5234,5.5829,5.6678,5.7614,5.7062,6.0019
Bangladesh,Manure applied to Soils,Emissions (CO2eq) from N2O (AR5),kilotonnes,1033.2683,1055.0469,1088.9753,1119.6229,1145.3779,1183.0561,1210.9007,1241.8183,1269.4005,1285.9813,1324.5618,1352.8469,1392.3373,1427.7844,1445.0416,1463.7045,1479.4567,1501.9591,1526.7672,1512.1452,1590.4972
Bangladesh,Manure applied to Soils,Emissions (CO2eq) (AR5),kilotonnes,1033.2683,1055.0469,1088.9753,1119.6229,1145.3779,1183.0561,1210.9007,1241.8183,1269.4005,1285.9813,1324.5618,1352.8469,1392.3373,1427.7844,1445.0416,1463.7045,1479.4567,1501.9591,1526.7672,1512.1452,1590.4972
Bangladesh,Synthetic Fertilizers,Direct emissions (N2O),kilotonnes,15.6491,16.5667,16.9567,14.9496,14.992,15.6094,17.2683,16.4765,20.2243,18.1679,18.3356,20.0329,17.7537,17.4702,19.3327,20.7576,18.4219,19.4926,20.9091,20.8648,21.4007
Bangladesh,Synthetic Fertilizers,Direct emissions (N2O),kilotonnes,,,,,,,18.04,18.68,18.9,18.34,18.67,16.66,17.62,,,,,,,,
Bangladesh,Synthetic Fertilizers,Indirect emissions (N2O),kilotonnes,5.086,5.3842,5.5109,4.8586,4.8724,5.0731,5.6122,5.3549,6.5729,5.9046,5.9591,6.5107,5.7699,5.6778,6.2831,6.7462,5.9871,6.3351,6.7955,6.7811,6.9552
Bangladesh,Synthetic Fertilizers,Emissions (N2O),kilotonnes,20.7351,21.9509,22.4677,19.8083,19.8645,20.6825,22.8805,21.8314,26.7972,24.0725,24.2947,26.5436,23.5236,23.148,25.6158,27.5039,24.409,25.8277,27.7046,27.6459,28.3559
Bangladesh,Synthetic Fertilizers,Emissions (N2O),kilotonnes,,,,,,,18.04,18.68,18.9,18.34,18.67,16.66,17.62,,,,,,,,
Bangladesh,Synthetic Fertilizers,Emissions (CO2eq) from N2O (AR5),kilotonnes,5494.7912,5816.985,5953.9283,5249.1883,5264.0805,5480.8591,6063.3328,5785.3246,7101.2523,6379.2034,6438.0825,7034.047,6233.7629,6134.224,6788.1792,7288.5223,6468.3746,6844.3492,7341.7128,7326.1529,7514.3057
Bangladesh,Synthetic Fertilizers,Emissions (CO2eq) from N2O (AR5),kilotonnes,,,,,,,4780.6,4950.2,5008.5,4860.1,4947.55,4414.9,4669.3,,,,,,,,
Bangladesh,Synthetic Fertilizers,Emissions (CO2eq) (AR5),kilotonnes,5494.7912,5816.985,5953.9283,5249.1883,5264.0805,5480.8591,6063.3328,5785.3246,7101.2523,6379.2034,6438.0825,7034.047,6233.7629,6134.224,6788.1792,7288.5223,6468.3746,6844.3492,7341.7128,7326.1529,7514.3057
Bangladesh,Synthetic Fertilizers,Emissions (CO2eq) (AR5),kilotonnes,,,,,,,4780.6,4950.2,5008.5,4860.1,4947.55,4414.9,4669.3,,,,,,,,
Bangladesh,Drained organic soils,Emissions (CO2eq) (AR5),kilotonnes,18510.5533,18467.3665,18422.8016,18408.6823,18317.0554,18323.0756,18332.4802,18376.0168,18372.7268,18377.2767,18393.1788,18295.1691,18287.8945,18250.6089,18188.6728,18185.651,18204.7922,18214.3398,18211.8285,18275.9725,18271.352
Bangladesh,Drained organic soils (CO2),Emissions (CO2),kilotonnes,17771.0031,17729.2314,17686.3994,17672.9052,17584.8941,17590.6094,17599.6323,17641.3986,17638.2612,17642.6409,17657.9112,17563.638,17556.6483,17520.8254,17461.3677,17458.4659,17476.8471,17486.0169,17483.538,17545.6899,17541.2199
Bangladesh,Drained organic soils (CO2),Emissions (CO2eq) (AR5),kilotonnes,17771.0031,17729.2314,17686.3994,17672.9052,17584.8941,17590.6094,17599.6323,17641.3986,17638.2612,17642.6409,17657.9112,17563.638,17556.6483,17520.8254,17461.3677,17458.4659,17476.8471,17486.0169,17483.538,17545.6899,17541.2199
Bangladesh,Drained organic soils (N2O),Emissions (N2O),kilotonnes,2.7908,2.7854,2.7789,2.7765,2.7629,2.764,2.7655,2.7721,2.7716,2.7722,2.7746,2.7605,2.7594,2.7539,2.7445,2.7441,2.747,2.7484,2.7483,2.7558,2.7552
Bangladesh,Drained organic soils (N2O),Emissions (CO2eq) from N2O (AR5),kilotonnes,739.5502,738.1351,736.4023,735.7771,732.1613,732.4662,732.8479,734.6181,734.4656,734.6358,735.2676,731.5311,731.2463,729.7835,727.3051,727.1851,727.9451,728.3229,728.2905,730.2827,730.1321
Bangladesh,Drained organic soils (N2O),Emissions (CO2eq) (AR5),kilotonnes,739.5502,738.1351,736.4023,735.7771,732.1613,732.4662,732.8479,734.6181,734.4656,734.6358,735.2676,731.5311,731.2463,729.7835,727.3051,727.1851,727.9451,728.3229,728.2905,730.2827,730.1321
Bangladesh,On-farm energy use,Emissions (CH4),kilotonnes,0.4313,0.4345,0.4318,0.7219,0.7186,0.8597,0.7714,0.7357,0.7594,0.9421,0.9382,0.8235,0.871,0.8071,0.6016,1.1087,0.7023,0.7363,0.6776,0.6929,0.6929
Bangladesh,On-farm energy use,Emissions (N2O),kilotonnes,0.5221,0.7028,0.7249,0.708,0.8197,0.9261,0.9391,0.9377,0.9538,0.9412,1.0506,1.3228,1.3231,1.2109,1.2197,1.0981,1.1637,1.2904,1.3409,1.3651,1.3651
Bangladesh,On-farm energy use,Emissions (CO2),kilotonnes,1507.1989,1973.1451,2035.1423,2083.8617,2355.7676,2668.4301,2675.4762,2661.2406,2706.4805,2724.591,3012.8062,3673.1491,3686.3371,3382.6452,3340.8872,3183.4412,3232.1346,3568.6363,3677.8851,3745.6542,3745.6542
Bangladesh,On-farm energy use,Emissions (CO2eq) from CH4 (AR5),kilotonnes,12.0768,12.1666,12.0904,20.2136,20.12,24.0707,21.5996,20.5993,21.2627,26.3801,26.2702,23.0574,24.3877,22.5994,16.844,31.0435,19.6634,20.6161,18.9733,19.3999,19.3999
Bangladesh,On-farm energy use,Emissions (CO2eq) from N2O (AR5),kilotonnes,138.3598,186.2412,192.1048,187.6119,217.2148,245.408,248.8734,248.4991,252.7634,249.4212,278.4035,350.5495,350.6121,320.8921,323.222,291.0014,308.3755,341.9648,355.337,361.7601,361.7601
Bangladesh,On-farm energy use,Emissions (CO2eq) (AR5),kilotonnes,1657.6355,2171.5529,2239.3374,2291.6871,2593.1024,2937.9088,2945.9492,2930.339,2980.5066,3000.3923,3317.48,4046.756,4061.3369,3726.1367,3680.9531,3505.4861,3560.1735,3931.2172,4052.1953,4126.8143,4126.8143
Bangladesh,Forestland,Emissions (CO2),kilotonnes,0,0,0,0,0,0,0,0,0,0,0,-2749.7611,-2749.7611,-2749.7611,-2749.7611,-2749.7611,0,0,0,0,0
Bangladesh,Forestland,Emissions (CO2eq) (AR5),kilotonnes,0,0,0,0,0,0,0,0,0,0,0,-2749.7611,-2749.7611,-2749.7611,-2749.7611,-2749.7611,0,0,0,0,0
Bangladesh,Net Forest conversion,Emissions (CO2),kilotonnes,0.0304,510.5294,510.5294,510.5294,510.5294,510.5294,510.5294,510.5294,510.5294,510.5294,510.5294,2907.5209,2907.5209,2907.5209,2907.5209,2907.5209,0,0,0,0,0
Bangladesh,Net Forest conversion,Emissions (CO2),kilotonnes,,,,,,,,,,,,,562,,,,,,,,
Bangladesh,Net Forest conversion,Emissions (CO2eq) (AR5),kilotonnes,0.0304,510.5294,510.5294,510.5294,510.5294,510.5294,510.5294,510.5294,510.5294,510.5294,510.5294,2907.5209,2907.5209,2907.5209,2907.5209,2907.5209,0,0,0,0,0
Bangladesh,Net Forest conversion,Emissions (CO2eq) (AR5),kilotonnes,,,,,,,,,,,,,562,,,,,,,,
Bangladesh,Savanna fires,Emissions (CH4),kilotonnes,0.0345,0.8357,0.0171,0.2483,0.1286,0.4427,1.3235,0.4363,0.8211,1.0936,0.1957,0.2003,0.332,0.9793,0.9439,0.211,0.0771,0.019,0.2457,0.2554,0.8439
Bangladesh,Savanna fires,Emissions (N2O),kilotonnes,0.0032,0.0763,0.0016,0.0227,0.0117,0.0404,0.1208,0.0398,0.075,0.0999,0.0179,0.0183,0.0303,0.0894,0.0862,0.0193,0.007,0.0017,0.0224,0.0233,0.077
Bangladesh,Savanna fires,Emissions (CO2eq) from CH4 (AR5),kilotonnes,0.9661,23.3988,0.4787,6.9535,3.6004,12.3958,37.0579,12.2167,22.9916,30.6212,5.4804,5.6074,9.2963,27.4197,26.4282,5.9088,2.1581,0.5322,6.8798,7.1503,23.628
Bangladesh,Savanna fires,Emissions (CO2eq) from N2O (AR5),kilotonnes,0.8348,20.2196,0.4137,6.0087,3.1112,10.7116,32.0229,10.5568,19.8678,26.4607,4.7358,4.8456,8.0332,23.6942,22.8374,5.106,1.8649,0.4599,5.945,6.1788,20.4177
Bangladesh,Savanna fires,Emissions (CO2eq) (AR5),kilotonnes,1.8009,43.6185,0.8924,12.9623,6.7116,23.1073,69.0808,22.7735,42.8594,57.0819,10.2162,10.453,17.3295,51.1139,49.2656,11.0148,4.023,0.9922,12.8248,13.3291,44.0457
Bangladesh,Fires in organic soils,Emissions (CH4),kilotonnes,0,0,0,0,0,0,0,0,0,0,0,0,0,0,0,0,0,0,0,0,0
Bangladesh,Fires in organic soils,Emissions (CO2),kilotonnes,0,0,0,0,0,0,0,0,0,0,0,0,0,0,0,0,0,0,0,0,0
Bangladesh,Fires in organic soils,Emissions (CO2eq) from CH4 (AR5),kilotonnes,0,0,0,0,0,0,0,0,0,0,0,0,0,0,0,0,0,0,0,0,0
Bangladesh,Fires in organic soils,Emissions (CO2eq) (AR5),kilotonnes,0,0,0,0,0,0,0,0,0,0,0,0,0,0,0,0,0,0,0,0,0
Bangladesh,Forest fires,Emissions (CH4),kilotonnes,2.0512,4.4837,0.0799,1.4866,0.6048,1.7317,9.0877,1.2841,3.5567,4.4971,0.6341,0.802,1.5293,6.2049,5.1953,0.7806,0.3303,0.0693,1.0443,0.4529,4.6598
Bangladesh,Forest fires,Emissions (N2O),kilotonnes,0.0603,0.4094,0.0073,0.1357,0.0552,0.1581,0.8297,0.1172,0.3247,0.4106,0.0579,0.0732,0.1396,0.5665,0.4744,0.0713,0.0302,0.0063,0.0954,0.0414,0.4255
Bangladesh,Forest fires,Emissions (CO2eq) from CH4 (AR5),kilotonnes,57.4328,125.5442,2.2379,41.6241,16.9344,48.4879,254.4547,35.9561,99.5876,125.9178,17.7559,22.4548,42.821,173.7376,145.4696,21.8569,9.2498,1.9397,29.2413,12.6808,130.4737
Bangladesh,Forest fires,Emissions (CO2eq) from N2O (AR5),kilotonnes,15.9872,108.4866,1.9338,35.9687,14.6335,41.8999,219.882,31.0708,86.0567,108.8094,15.3434,19.4039,37.0029,150.132,125.7047,18.8872,7.993,1.6762,25.2683,10.9579,112.7463
Bangladesh,Forest fires,Emissions (CO2eq) (AR5),kilotonnes,73.42,234.0308,4.1717,77.5928,31.5679,90.3877,474.3367,67.0269,185.6443,234.7272,33.0993,41.8587,79.8239,323.8696,271.1742,40.7441,17.2428,3.6159,54.5096,23.6387,243.22
Bangladesh,Fires in humid tropical forests,Emissions (CH4),kilotonnes,2.0512,4.4837,0.0799,1.4866,0.6048,1.7317,9.0877,1.2841,3.5567,4.4971,0.6341,0.802,1.5293,6.2049,5.1953,0.7806,0.3303,0.0693,1.0443,0.4529,4.6598
Bangladesh,Fires in humid tropical forests,Emissions (N2O),kilotonnes,0.0603,0.4094,0.0073,0.1357,0.0552,0.1581,0.8297,0.1172,0.3247,0.4106,0.0579,0.0732,0.1396,0.5665,0.4744,0.0713,0.0302,0.0063,0.0954,0.0414,0.4255
Bangladesh,Fires in humid tropical forests,Emissions (CO2eq) from CH4 (AR5),kilotonnes,57.4328,125.5442,2.2379,41.6241,16.9344,48.4879,254.4547,35.9561,99.5876,125.9178,17.7559,22.4548,42.821,173.7376,145.4696,21.8569,9.2498,1.9397,29.2413,12.6808,130.4737
Bangladesh,Fires in humid tropical forests,Emissions (CO2eq) from N2O (AR5),kilotonnes,15.9872,108.4866,1.9338,35.9687,14.6335,41.8999,219.882,31.0708,86.0567,108.8094,15.3434,19.4039,37.0029,150.132,125.7047,18.8872,7.993,1.6762,25.2683,10.9579,112.7463
Bangladesh,Fires in humid tropical forests,Emissions (CO2eq) (AR5),kilotonnes,73.42,234.0308,4.1717,77.5928,31.5679,90.3877,474.3367,67.0269,185.6443,234.7272,33.0993,41.8587,79.8239,323.8696,271.1742,40.7441,17.2428,3.6159,54.5096,23.6387,243.22
Bangladesh,Waste - agri-food systems,Emissions (CH4),kilotonnes,524.8254,528.6267,532.7078,536.4554,540.1899,543.903,547.3549,550.7361,554.1714,557.7431,561.5311,565.4572,568.9847,572.8756,576.0482,579.9534,584.8716,589.353,593.4956,597.4848,601.1743
Bangladesh,Waste - agri-food systems,Emissions (N2O),kilotonnes,1.8983,1.987,2.0702,2.1206,2.2059,2.225,2.2464,2.3553,2.3109,2.4713,2.5268,2.497,2.5311,2.618,2.7589,2.8205,2.8839,2.9473,2.9774,3.0077,3.0375
Bangladesh,Waste - agri-food systems,Emissions (CO2),kilotonnes,47.5511,47.5734,47.5994,47.7817,47.9339,48.0579,48.1227,48.321,48.5917,48.8071,49.0337,49.2448,49.3141,49.5404,49.8139,50.0464,50.6378,50.8344,51.0074,51.1785,51.2988
Bangladesh,Waste - agri-food systems,Emissions (CO2eq) from CH4 (AR5),kilotonnes,14695.1107,14801.5464,14915.8193,15020.7505,15125.3165,15229.285,15325.9368,15420.6108,15516.7998,15616.8064,15722.8699,15832.8012,15931.5708,16040.5168,16129.349,16238.6944,16376.4062,16501.884,16617.8775,16729.5734,16832.8814
Bangladesh,Waste - agri-food systems,Emissions (CO2eq) from N2O (AR5),kilotonnes,503.0395,526.5538,548.6129,561.9499,584.5665,589.6284,595.303,624.162,612.377,654.8893,669.5901,661.7118,670.7462,693.7782,731.116,747.4266,764.2264,781.0257,789.0128,797.0443,804.9489
Bangladesh,Waste - agri-food systems,Emissions (CO2eq) (AR5),kilotonnes,15245.7014,15375.6737,15512.0316,15630.482,15757.8169,15866.9714,15969.3626,16093.0939,16177.7685,16320.5029,16441.4937,16543.7577,16651.6311,16783.8354,16910.2789,17036.1674,17191.2704,17333.7441,17457.8978,17577.7962,17689.1292
Bangladesh,Fertilizers Manufacturing,Emissions (CO2),kilotonnes,1908.9994,1849.2273,1577.6469,1869.3344,1816.6357,1765.4461,1719.4266,1582.8164,1334.7186,1174.3955,946.9846,847.8094,861.683,896.1383,760.5067,764.6755,915.8747,831.7286,681.7324,707.3054,690.7514
Bangladesh,Fertilizers Manufacturing,Emissions (CO2eq) (AR5),kilotonnes,1908.9994,1849.2273,1577.6469,1869.3344,1816.6357,1765.4461,1719.4266,1582.8164,1334.7186,1174.3955,946.9846,847.8094,861.683,896.1383,760.5067,764.6755,915.8747,831.7286,681.7324,707.3054,690.7514
Bangladesh,On-farm electricity use,Emissions (CH4),kilotonnes,0.3828,0.4704,0.4992,0.5352,0.5904,0.6288,0.6864,0.6936,1.1076,1.3091,0.4212,1.3727,1.5287,1.5012,1.7447,0.4644,0.6396,0.6873,0.7397,0.5386,0.5386
Bangladesh,On-farm electricity use,Emissions (N2O),kilotonnes,0.002,0.0025,0.0027,0.0029,0.0032,0.0034,0.0037,0.0037,0.0059,0.007,0.0022,0.0073,0.0081,0.008,0.0093,0.0025,0.0034,0.0037,0.004,0.0029,0.0029
Bangladesh,On-farm electricity use,Emissions (CO2),kilotonnes,176.9932,235.6508,250.5757,255.5223,266.6573,288.6879,324.9539,332.5998,525.4089,620.8719,204.1372,647.8291,732.6982,709.4026,824.5175,219.4554,302.2475,324.8168,349.541,254.5457,254.5457
Bangladesh,On-farm electricity use,Emissions (CO2eq) from CH4 (AR5),kilotonnes,10.7184,13.1712,13.9776,14.9856,16.5312,17.6064,19.2192,19.4208,31.0128,36.6548,11.7936,38.4356,42.8036,42.0336,48.8516,13.0032,17.9088,19.2444,20.7116,15.0808,15.0808
Bangladesh,On-farm electricity use,Emissions (CO2eq) from N2O (AR5),kilotonnes,0.53,0.6625,0.7155,0.7685,0.848,0.901,0.9805,0.9805,1.5635,1.855,0.583,1.9345,2.1465,2.12,2.4645,0.6625,0.901,0.9805,1.06,0.7685,0.7685
Bangladesh,On-farm electricity use,Emissions (CO2eq) (AR5),kilotonnes,188.2416,249.4845,265.2688,271.2764,284.0365,307.1953,345.1536,353.0011,557.9852,659.3817,216.5138,688.1992,777.6483,753.5562,875.8336,233.1211,321.0573,345.0417,371.3126,270.395,270.395
Bangladesh,Food Processing,Emissions (CH4),kilotonnes,18.1518,19.6303,21.4468,23.088,23.408,25.4727,28.6501,22.2949,23.8701,27.8115,28.9336,27.1084,26.0454,2.3845,2.677,2.9226,3.2072,3.2232,3.4515,3.2941,3.3951
Bangladesh,Food Processing,Emissions (N2O),kilotonnes,0.0313,0.0329,0.0329,0.0343,0.0346,0.035,0.0345,0.0528,0.0671,0.0673,0.0668,0.063,0.0576,0.0092,0.0101,0.0108,0.011,0.0113,0.0116,0.0108,0.011
Bangladesh,Food Processing,Emissions (CO2),kilotonnes,361.6084,424.5058,432.9511,462.376,494.2613,525.0256,547.9954,941.6157,1050.3778,1093.2645,993.6545,1108.3597,1224.0905,512.2406,553.9651,609.9803,639.7909,647.4989,659.3487,736.678,719.4366
Bangladesh,Food Processing,Emissions (CO2eq) from CH4 (AR5),kilotonnes,508.2504,549.6484,600.5104,646.464,655.424,713.2356,802.2028,624.2572,668.3628,778.722,810.1408,759.0352,729.2712,66.766,74.956,81.8328,89.8016,90.2496,96.642,92.2348,95.0631
Bangladesh,Food Processing,Emissions (CO2eq) from N2O (AR5),kilotonnes,8.2945,8.7185,8.7185,9.0895,9.169,9.275,9.1425,13.992,17.7815,17.8345,17.702,16.695,15.264,2.438,2.6765,2.862,2.915,2.9945,3.074,2.862,2.9158
Bangladesh,Food Processing,Emissions (CO2eq) (AR5),kilotonnes,878.1533,982.8727,1042.18,1117.9295,1158.8543,1247.5362,1359.3407,1579.8649,1736.5221,1889.821,1821.4973,1884.0899,1968.6257,581.4446,631.5976,694.6751,732.5075,740.743,759.0647,831.7748,817.4155
Bangladesh,Food Packaging,Emissions (CH4),kilotonnes,0.0262,0.0263,0.0264,0.0265,0.0266,0.0267,0.027,0.0271,0.0272,0.0274,0.0276,0.0276,0.0279,0.1112,0.1274,0.1217,0.1258,0.0306,0.0312,0.0737,0.076
Bangladesh,Food Packaging,Emissions (N2O),kilotonnes,0.0008,0.0009,0.0009,0.0009,0.0009,0.0009,0.0009,0.0009,0.0009,0.0009,0.001,0.001,0.001,0.0014,0.0014,0.0012,0.0012,0.0011,0.0011,0.0013,0.0013
Bangladesh,Food Packaging,Emissions (CO2),kilotonnes,201.3485,203.184,203.4443,203.2915,203.3759,203.9625,205.2192,205.5862,206.1011,207.0323,208.4233,208.7557,209.2461,229.1761,229.3579,226.0191,226.8208,211.9165,212.5316,270.332,264.0051
Bangladesh,Food Packaging,Emissions (CO2eq) from CH4 (AR5),kilotonnes,0.7336,0.7364,0.7392,0.742,0.7448,0.7476,0.756,0.7588,0.7616,0.7672,0.7728,0.7728,0.7812,3.1136,3.5672,3.4076,3.5224,0.8568,0.8736,2.0636,2.1269
Bangladesh,Food Packaging,Emissions (CO2eq) from N2O (AR5),kilotonnes,0.212,0.2385,0.2385,0.2385,0.2385,0.2385,0.2385,0.2385,0.2385,0.2385,0.265,0.265,0.265,0.371,0.371,0.318,0.318,0.2915,0.2915,0.3445,0.351
Bangladesh,Food Packaging,Emissions (CO2eq) (AR5),kilotonnes,202.2941,204.1589,204.422,204.272,204.3592,204.9486,206.2137,206.5835,207.1012,208.038,209.4611,209.7935,210.2923,232.6607,233.2961,229.7447,230.6612,213.0648,213.6967,272.7401,266.4829
Bangladesh,Food Retail,Emissions (CH4),kilotonnes,0.0171,0.0183,0.019,0.0198,0.0208,0.0218,0.0007,0.2769,0.259,0.3096,0.4618,0.3854,0.4168,0.431,0.5005,0.5799,0.6808,0.7864,0.8571,0.6614,0.6817
Bangladesh,Food Retail,Emissions (N2O),kilotonnes,0.0001,0.0001,0.0001,0.0001,0.0001,0.0001,0.0001,0.0016,0.0015,0.0017,0.0025,0.0022,0.0023,0.0024,0.0028,0.0032,0.0038,0.0043,0.0047,0.0037,0.0038
Bangladesh,Food Retail,Emissions (CO2),kilotonnes,8.1231,9.4769,9.7917,10.2955,11.0826,11.6493,41.6795,177.4266,174.8858,205.6631,288.3775,249.4497,267.7649,273.8012,307.4813,346.6816,393.6046,440.8098,470.3082,397.4634,388.1611
Bangladesh,Food Retail,Emissions (CO2eq) from CH4 (AR5),kilotonnes,0.48,0.5119,0.5307,0.555,0.5832,0.6113,0.0196,7.7532,7.252,8.6688,12.9304,10.7912,11.6704,12.068,14.014,16.2372,19.0624,22.0192,23.9988,18.5192,19.0871
Bangladesh,Food Retail,Emissions (CO2eq) from N2O (AR5),kilotonnes,0.0277,0.0297,0.0304,0.0307,0.032,0.033,0.0265,0.424,0.3975,0.4505,0.6625,0.583,0.6095,0.636,0.742,0.848,1.007,1.1395,1.2455,0.9805,0.9989
Bangladesh,Food Retail,Emissions (CO2eq) (AR5),kilotonnes,8.6308,10.0185,10.3528,10.8812,11.6978,12.2936,41.7256,185.6038,182.5353,214.7824,301.9704,260.8239,280.0448,286.5052,322.2373,363.7668,413.674,463.9685,495.5525,416.9631,408.2471
Bangladesh,Food Household Consumption,Emissions (CH4),kilotonnes,2.9713,3.3379,3.6571,3.9292,4.3337,4.5786,4.9811,5.0383,4.8344,5.2272,5.9373,6.3271,7.0974,7.5914,8.726,8.9064,10.4344,12.1334,13.2829,13.2829,13.6902
Bangladesh,Food Household Consumption,Emissions (N2O),kilotonnes,0.0219,0.0248,0.0275,0.0296,0.0324,0.0323,0.0341,0.0339,0.0323,0.034,0.038,0.041,0.0448,0.0472,0.0534,0.0545,0.063,0.0721,0.0785,0.0785,0.08
Bangladesh,Food Household Consumption,Emissions (CO2),kilotonnes,2749.0433,3183.115,3518.7557,3803.9944,4094.1882,4132.0956,4445.4195,4612.8817,4562.5976,4783.3801,5454.605,5722.568,6130.992,6274.7688,7075.0261,7550.8646,8799.2823,9877.8053,10526.9685,10526.9685,10280.5926
Bangladesh,Food Household Consumption,Emissions (CO2eq) from CH4 (AR5),kilotonnes,83.1964,93.4612,102.3988,110.0176,121.3436,128.2008,139.4708,141.0724,135.3632,146.3616,166.2444,177.1588,198.7272,212.5592,244.328,249.3792,292.1632,339.7352,371.9212,371.9212,383.3259
Bangladesh,Food Household Consumption,Emissions (CO2eq) from N2O (AR5),kilotonnes,5.8035,6.572,7.2875,7.844,8.586,8.5595,9.0365,8.9835,8.5595,9.01,10.07,10.865,11.872,12.508,14.151,14.4425,16.695,19.1065,20.8025,20.8025,21.1934
Bangladesh,Food Household Consumption,Emissions (CO2eq) (AR5),kilotonnes,2838.0432,3283.1482,3628.442,3921.856,4224.1178,4268.8559,4593.9268,4762.9376,4706.5203,4938.7517,5630.9194,5910.5918,6341.5912,6499.836,7333.5051,7814.6863,9108.1405,10236.647,10919.6922,10919.6922,10685.112
Bangladesh,Food Transport,Emissions (CH4),kilotonnes,0.1025,0.1048,0.1013,0.1144,0.1313,0.1455,0.1756,0.2096,0.3153,0.39,0.4832,0.4904,0.4982,0.4914,0.5224,0.5529,0.589,0.6371,0.6668,0.6114,0.6301
Bangladesh,Food Transport,Emissions (N2O),kilotonnes,0.026,0.0342,0.035,0.0349,0.043,0.0397,0.0429,0.0433,0.0472,0.0492,0.0537,0.0744,0.0753,0.07,0.0761,0.0799,0.0849,0.0937,0.1077,0.0893,0.091
Bangladesh,Food Transport,Emissions (CO2),kilotonnes,329.665,413.42,419.98,428.675,479.605,535.37,560.595,571.935,642.465,678.635,792.895,932.25,942.6,891.13,962.4,1009.41,1068.48,1192.3,1353.25,1145.872,1119.0537
Bangladesh,Food Transport,Emissions (CO2eq) from CH4 (AR5),kilotonnes,2.87,2.9344,2.8364,3.2032,3.6764,4.074,4.9168,5.8688,8.8284,10.92,13.5296,13.7312,13.9496,13.7592,14.6272,15.4812,16.492,17.8388,18.6704,17.1192,17.6441
Bangladesh,Food Transport,Emissions (CO2eq) from N2O (AR5),kilotonnes,6.89,9.063,9.275,9.2485,11.395,10.5205,11.3685,11.4745,12.508,13.038,14.2305,19.716,19.9545,18.55,20.1665,21.1735,22.4985,24.8305,28.5405,23.6645,24.1092
Bangladesh,Food Transport,Emissions (CO2eq) (AR5),kilotonnes,339.425,425.4174,432.0914,441.1267,494.6764,549.9645,576.8803,589.2783,663.8014,702.593,820.6551,965.6972,976.5041,923.4392,997.1937,1046.0647,1107.4705,1234.9693,1400.4609,1186.6557,1160.8071
Bangladesh,Energy,Emissions (CH4),kilotonnes,256,273,283,296,311,326,353,369,389,411,432,436,453,475,485,510,546,550,567,587,605
Bangladesh,Energy,Emissions (N2O),kilotonnes,4.67,5,5.11,5.16,5.39,5.55,5.65,5.7,5.8,5.86,6.1,6.58,6.66,6.58,6.7,6.74,6.86,7.14,7.52,7.45,7.59
Bangladesh,Energy,Emissions (CO2),kilotonnes,25800,30100,31100,32700,35200,37000,41000,42000,44600,48500,53400,55900,60100,61100,65300,72200,75200,78900,84600,94000,91800
Bangladesh,Energy,Emissions (CO2eq) from CH4 (AR5),kilotonnes,7168,7644,7924,8288,8708,9128,9884,10332,10892,11508,12096,12208,12684,13300,13580,14280,15288,15400,15876,16436,16940
Bangladesh,Energy,Emissions (CO2eq) from N2O (AR5),kilotonnes,1237.55,1325,1354.15,1367.4,1428.35,1470.75,1497.25,1510.5,1537,1552.9,1616.5,1743.7,1764.9,1743.7,1775.5,1786.1,1817.9,1892.1,1992.8,1974.25,2011.35
Bangladesh,Energy,Emissions (CO2eq) (AR5),kilotonnes,34205.55,39069,40378.15,42355.4,45336.35,47598.75,52381.25,53842.5,57029,61560.9,67112.5,69851.7,74548.9,76143.7,80655.5,88266.1,92305.9,96192.1,102468.8,112410.25,110751.35
Bangladesh,IPPU,Emissions (CH4),kilotonnes,0.0028,0.0028,0.0028,0.0028,0.0028,0.0028,0.0028,0.0028,0.0028,0.0029,0.0029,0.003,0.003,0.003,0.003,0.003,0.0031,0.0031,0.0031,0.0031,0.0032
Bangladesh,IPPU,Emissions (N2O),kilotonnes,0.0396,0.0404,0.0412,0.0419,0.0426,0.0432,0.0438,0.0443,0.0448,0.0453,0.0458,0.0464,0.0469,0.0475,0.048,0.0486,0.0491,0.0496,0.0501,0.0507,0.0512
Bangladesh,IPPU,Emissions (CO2),kilotonnes,3770,4040,4040,4190,4120,4270,3930,4030,4050,3280,2510,2520,2510,2340,2400,2770,2710,2900,3110,2560,2400
Bangladesh,IPPU,Emissions (CO2eq) from CH4 (AR5),kilotonnes,0.0784,0.0784,0.0784,0.0784,0.0784,0.0784,0.0784,0.0784,0.0784,0.0815,0.082,0.0826,0.0832,0.084,0.0846,0.0851,0.0857,0.0862,0.0868,0.0876,0.0882
Bangladesh,IPPU,Emissions (CO2eq) from N2O (AR5),kilotonnes,10.494,10.706,10.918,11.1035,11.289,11.448,11.607,11.7395,11.872,12.0045,12.137,12.296,12.4285,12.5875,12.72,12.879,13.0115,13.144,13.2765,13.4355,13.568
Bangladesh,IPPU,Emissions (CO2eq) (AR5),kilotonnes,3780.5724,4050.7844,4050.9964,4201.1819,4131.3674,4281.5264,3941.6854,4041.8179,4061.9504,3292.086,2522.219,2532.3786,2522.5117,2352.6715,2412.8046,2782.9641,2723.0972,2913.2302,3123.3633,2573.5231,2413.6562
Bangladesh,Waste,Emissions (CH4),kilotonnes,651,668,685,705,722,739,752,766,783,796,809,826,844,861,878,896,914,932,949,961,977
Bangladesh,Waste,Emissions (N2O),kilotonnes,4.07,4.15,4.22,4.39,4.55,4.68,4.74,4.83,4.88,5.06,5.19,5.31,5.34,5.4,5.6,5.8,6,6.13,6.25,6.28,6.4
Bangladesh,Waste,Emissions (CO2eq) from CH4 (AR5),kilotonnes,18228,18704,19180,19740,20216,20692,21056,21448,21924,22288,22652,23128,23632,24108,24584,25088,25592,26096,26572,26908,27356
Bangladesh,Waste,Emissions (CO2eq) from N2O (AR5),kilotonnes,1078.55,1099.75,1118.3,1163.35,1205.75,1240.2,1256.1,1279.95,1293.2,1340.9,1375.35,1407.15,1415.1,1431,1484,1537,1590,1624.45,1656.25,1664.2,1696
Bangladesh,Waste,Emissions (CO2eq) (AR5),kilotonnes,19306.55,19803.75,20298.3,20903.35,21421.75,21932.2,22312.1,22727.95,23217.2,23628.9,24027.35,24535.15,25047.1,25539,26068,26625,27182,27720.45,28228.25,28572.2,29052
Bangladesh,Other,Emissions (N2O),kilotonnes,1.35,1.47,1.52,1.54,1.67,1.76,1.86,1.96,2.13,2.23,2.42,2.6,2.72,2.79,2.93,3.18,3.2,3.38,3.55,3.65,3.79
Bangladesh,Other,Emissions (CO2eq) from N2O (AR5),kilotonnes,357.75,389.55,402.8,408.1,442.55,466.4,492.9,519.4,564.45,590.95,641.3,689,720.8,739.35,776.45,842.7,848,895.7,940.75,967.25,1004.35
Bangladesh,Other,Emissions (CO2eq) (AR5),kilotonnes,357.75,389.55,402.8,408.1,442.55,466.4,492.9,519.4,564.45,590.95,641.3,689,720.8,739.35,776.45,842.7,848,895.7,940.75,967.25,1004.35
Bangladesh,Farm-gate emissions,Emissions (CH4),kilotonnes,2106.6232,2099.9379,2129.9963,2141.6252,2106.8656,2150.5847,2174.7103,2189.5135,2276.5009,2300.4996,2334.1845,2349.9037,2353.4975,2358.3884,2368.8762,2371.4292,2334.8227,2406.0583,2407.1339,2417.2497,2422.4913
Bangladesh,Farm-gate emissions,Direct emissions (N2O),kilotonnes,43.0358,43.9695,45.3308,43.9805,44.1445,45.9327,48.3441,48.5052,53.638,52.2362,53.5157,55.9608,54.2928,54.6159,56.8389,58.4693,55.9874,58.0957,59.8924,60.0377,61.4941
Bangladesh,Farm-gate emissions,Indirect emissions (N2O),kilotonnes,13.2519,13.5776,14.0527,13.6364,13.7637,14.324,15.1287,15.1837,16.8143,16.3936,16.8136,17.638,17.1262,17.2144,17.9255,18.4507,17.6678,18.2887,18.8908,18.9634,19.4417
Bangladesh,Farm-gate emissions,Emissions (N2O),kilotonnes,61.1416,62.6704,64.4942,62.7652,63.157,65.6987,69.0461,69.2264,76.1059,74.3129,76.0995,79.6644,77.5444,77.9452,80.9047,82.895,79.6957,82.6023,85.0984,85.3301,87.4187
Bangladesh,Farm-gate emissions,Emissions (CO2),kilotonnes,19278.202,19702.3765,19721.5416,19756.7668,19940.6617,20259.0395,20275.1085,20302.6393,20344.7417,20367.232,20670.7174,21236.7871,21242.9854,20903.4706,20802.2549,20641.9071,20708.9817,21054.6532,21161.4231,21291.3441,21286.8741
Bangladesh,Farm-gate emissions,Emissions (CO2eq) from CH4 (AR5),kilotonnes,58985.4502,58798.2619,59639.8959,59965.5054,58992.2377,60216.3706,60891.8888,61306.3791,63742.0245,64413.9875,65357.1651,65797.3035,65897.9301,66034.8741,66328.5338,66400.0179,65375.0367,67369.6333,67399.75,67682.9924,67829.7571
Bangladesh,Farm-gate emissions,Emissions (CO2eq) from N2O (AR5),kilotonnes,16202.5233,16607.6627,17090.952,16632.7674,16736.5975,17410.1632,18297.2081,18344.9977,20168.0644,19692.9175,20166.3694,21111.0576,20549.2634,20655.4725,21439.7509,21967.1863,21119.3557,21889.6169,22551.068,22612.4778,23165.9524
Bangladesh,Farm-gate emissions,Emissions (CO2eq) (AR5),kilotonnes,94466.1755,95108.3012,96452.3895,96355.0396,95669.4969,97885.5733,99464.2054,99954.0161,104254.8306,104474.1369,106194.2519,108145.1482,107690.1789,107593.8171,108570.5396,109009.1113,107203.3741,110313.9034,111112.241,111586.8142,112282.5836
Bangladesh,Land Use change,Emissions (CH4),kilotonnes,2.0512,4.4837,0.0799,1.4866,0.6048,1.7317,9.0877,1.2841,3.5567,4.4971,0.6341,0.802,1.5293,6.2049,5.1953,0.7806,0.3303,0.0693,1.0443,0.4529,4.6598
Bangladesh,Land Use change,Emissions (N2O),kilotonnes,0.0603,0.4094,0.0073,0.1357,0.0552,0.1581,0.8297,0.1172,0.3247,0.4106,0.0579,0.0732,0.1396,0.5665,0.4744,0.0713,0.0302,0.0063,0.0954,0.0414,0.4255
Bangladesh,Land Use change,Emissions (CO2),kilotonnes,0.0304,510.5294,510.5294,510.5294,510.5294,510.5294,510.5294,510.5294,510.5294,510.5294,510.5294,2907.5209,2907.5209,2907.5209,2907.5209,2907.5209,0,0,0,0,0
Bangladesh,Land Use change,Emissions (CO2eq) from CH4 (AR5),kilotonnes,57.4328,125.5442,2.2379,41.6241,16.9344,48.4879,254.4547,35.9561,99.5876,125.9178,17.7559,22.4548,42.821,173.7376,145.4696,21.8569,9.2498,1.9397,29.2413,12.6808,130.4737
Bangladesh,Land Use change,Emissions (CO2eq) from N2O (AR5),kilotonnes,15.9872,108.4866,1.9338,35.9687,14.6335,41.8999,219.882,31.0708,86.0567,108.8094,15.3434,19.4039,37.0029,150.132,125.7047,18.8872,7.993,1.6762,25.2683,10.9579,112.7463
Bangladesh,Land Use change,Emissions (CO2eq) (AR5),kilotonnes,73.4504,744.5601,514.7011,588.1222,542.0973,600.9171,984.8661,577.5563,696.1737,745.2566,543.6287,2949.3796,2987.3448,3231.3905,3178.6952,2948.2651,17.2428,3.6159,54.5096,23.6387,243.22
Bangladesh,Emissions on agricultural land,Emissions (CH4),kilotonnes,2108.6744,2104.4216,2130.0762,2143.1118,2107.4704,2152.3164,2183.798,2190.7977,2280.0576,2304.9966,2334.8186,2350.7057,2355.0268,2364.5933,2374.0715,2372.2098,2335.1531,2406.1276,2408.1783,2417.7026,2427.1511
Bangladesh,Emissions on agricultural land,Emissions (N2O),kilotonnes,61.2019,63.0798,64.5015,62.9009,63.2122,65.8568,69.8758,69.3437,76.4306,74.7235,76.1574,79.7376,77.684,78.5117,81.3791,82.9663,79.7258,82.6087,85.1937,85.3715,87.8441
Bangladesh,Emissions on agricultural land,Emissions (CO2),kilotonnes,19278.2324,20212.9059,20232.071,20267.2962,20451.191,20769.5689,20785.6378,20813.1686,20855.271,20877.7613,21181.2468,24144.308,24150.5063,23810.9915,23709.7759,23549.428,20708.9817,21054.6532,21161.4231,21291.3441,21286.8741
Bangladesh,Emissions on agricultural land,Emissions (CO2eq) from CH4 (AR5),kilotonnes,59042.883,58923.8062,59642.1338,60007.1295,59009.1721,60264.8585,61146.3435,61342.3352,63841.6122,64539.9053,65374.921,65819.7583,65940.7511,66208.6117,66474.0034,66421.8748,65384.2864,67371.5731,67428.9913,67695.6732,67960.2308
Bangladesh,Emissions on agricultural land,Emissions (CO2eq) from N2O (AR5),kilotonnes,16218.5105,16716.1493,17092.8858,16668.7361,16751.231,17452.063,18517.0901,18376.0685,20254.1211,19801.7269,20181.7128,21130.4615,20586.2663,20805.6044,21565.4556,21986.0735,21127.3487,21891.2931,22576.3363,22623.4357,23278.6987
Bangladesh,Emissions on agricultural land,Emissions (CO2eq) (AR5),kilotonnes,94539.6259,95852.8614,96967.0906,96943.1618,96211.5942,98486.4904,100449.0715,100531.5724,104951.0043,105219.3935,106737.8806,111094.5278,110677.5237,110825.2076,111749.2348,111957.3763,107220.6169,110317.5193,111166.7506,111610.4529,112525.8036
Bangladesh,Pre- and post- production,Emissions (CH4),kilotonnes,546.4771,552.2146,558.4576,564.1685,568.7007,574.7772,581.8758,579.2765,584.585,592.8179,597.7958,601.1688,604.5991,585.3863,590.3462,593.5013,600.5484,606.851,612.5248,615.9469,620.186
Bangladesh,Pre- and post- production,Emissions (N2O),kilotonnes,1.9804,2.0824,2.1694,2.2233,2.3201,2.3364,2.3626,2.4915,2.4658,2.6314,2.691,2.6859,2.7202,2.7562,2.912,2.9726,3.0512,3.1335,3.185,3.1942,3.2275
Bangladesh,Pre- and post- production,Emissions (CO2),kilotonnes,5783.332,6366.1532,6460.7448,7081.2708,7413.7399,7510.295,7893.4118,8473.1824,8545.1465,8812.0495,8938.1108,9766.2664,10418.3888,9836.198,10763.0685,10777.1329,12396.7386,13577.7103,14304.6878,14090.3435,13767.8451
Bangladesh,Pre- and post- production,Emissions (CO2eq) from CH4 (AR5),kilotonnes,15301.3596,15462.0099,15636.8124,15796.7179,15923.6197,16093.7607,16292.522,16219.742,16368.3806,16598.9008,16738.2815,16832.726,16928.774,16390.8164,16529.693,16618.0356,16815.3566,16991.828,17150.6951,17246.5122,17365.2094
Bangladesh,Pre- and post- production,Emissions (CO2eq) from N2O (AR5),kilotonnes,524.7972,551.838,574.8782,589.1696,614.835,619.1559,626.096,660.255,653.4255,697.3158,713.1031,711.7703,720.8577,730.4012,771.6875,787.7331,808.5609,830.3687,844.0268,846.4668,855.2858
Bangladesh,Pre- and post- production,Emissions (CO2eq) (AR5),kilotonnes,21609.4888,22380.0012,22672.4354,23467.1582,23952.1946,24223.2116,24812.0299,25353.1795,25566.9526,26108.2662,26389.4954,27310.7626,28068.0205,26957.4156,28064.449,28182.9016,30020.6561,31399.907,32299.4098,32183.3225,31988.3402
Bangladesh,Agri-food systems,Emissions (CH4),kilotonnes,2655.1515,2656.6363,2688.5338,2707.2803,2676.1711,2727.0935,2765.6738,2770.0742,2864.6426,2897.8145,2932.6144,2951.8744,2959.6259,2949.9796,2964.4177,2965.7111,2935.7015,3012.9786,3020.7031,3033.6495,3047.3372
Bangladesh,Agri-food systems,Emissions (N2O),kilotonnes,63.1823,65.1622,66.6708,65.1242,65.5323,68.1933,72.2384,71.8352,78.8964,77.3549,78.8484,82.4235,80.4042,81.2679,84.2911,85.9389,82.777,85.7421,88.3787,88.5657,91.0716
Bangladesh,Agri-food systems,Emissions (CO2),kilotonnes,25061.5644,26579.0591,26692.8158,27348.567,27864.9309,28279.8639,28679.0496,29286.3511,29400.4176,29689.8108,30119.3576,33910.5744,34568.8951,33647.1895,34472.8443,34326.5609,33105.7203,34632.3635,35466.1109,35381.6875,35054.7192
Bangladesh,Agri-food systems,Emissions (CO2eq) from CH4 (AR5),kilotonnes,74344.2426,74385.8161,75278.9461,75803.8474,74932.7918,76358.6192,77438.8656,77562.0772,80209.9927,81138.8061,82113.2025,82652.4843,82869.5251,82599.4281,83003.6964,83039.9104,82199.643,84363.401,84579.6864,84942.1854,85325.4402
Bangladesh,Agri-food systems,Emissions (CO2eq) from N2O (AR5),kilotonnes,16743.3077,17267.9873,17667.764,17257.9057,17366.0661,18071.2189,19143.1862,19036.3235,20907.5466,20499.0428,20894.8159,21842.2317,21307.124,21536.0057,22337.1431,22773.8067,21935.9097,22721.6618,23420.3631,23469.9024,24133.9844
Bangladesh,Agri-food systems,Emissions (CO2eq) (AR5),kilotonnes,116149.1147,118232.8625,119639.526,120410.32,120163.7888,122709.702,125261.1014,125884.7518,130517.9569,131327.6597,133127.376,138405.2904,138745.5442,137782.6232,139813.6838,140140.278,137241.273,141717.4264,143466.1604,143793.7754,144514.1438
Bangladesh,IPCC Agriculture,Emissions (CH4),kilotonnes,2106.1919,2099.5034,2129.5645,2140.9033,2106.1471,2149.725,2173.9389,2188.7779,2275.7415,2299.5574,2333.2462,2349.0802,2352.6265,2357.5812,2368.2746,2370.3205,2334.1205,2405.322,2406.4563,2416.5569,2421.7985
Bangladesh,IPCC Agriculture,Emissions (CH4),kilotonnes,,1104.71,,,,1215.69,,,,,,,1265.45,,,,,,,,
Bangladesh,IPCC Agriculture,Direct emissions (N2O),kilotonnes,43.0358,43.9695,45.3308,43.9805,44.1445,45.9327,48.3441,48.5052,53.638,52.2362,53.5157,55.9608,54.2928,54.6159,56.8389,58.4693,55.9874,58.0957,59.8924,60.0377,61.4941
Bangladesh,IPCC Agriculture,Indirect emissions (N2O),kilotonnes,13.2519,13.5776,14.0527,13.6364,13.7637,14.324,15.1287,15.1837,16.8143,16.3936,16.8136,17.638,17.1262,17.2144,17.9255,18.4507,17.6678,18.2887,18.8908,18.9634,19.4417
Bangladesh,IPCC Agriculture,Emissions (N2O),kilotonnes,60.6195,61.9676,63.7692,62.0572,62.3373,64.7727,68.1069,68.2887,75.1521,73.3717,75.0489,78.3415,76.2213,76.7343,79.685,81.7969,78.532,81.3119,83.7575,83.965,86.0536
Bangladesh,IPCC Agriculture,Emissions (N2O),kilotonnes,,48.69,,,,56.74,,,,,,,47.95,,,,,,,,
Bangladesh,IPCC Agriculture,Emissions (CO2eq) from CH4 (AR5),kilotonnes,58973.3734,58786.0953,59627.8055,59945.2918,58972.1177,60192.2999,60870.2892,61285.7798,63720.7618,64387.6073,65330.8949,65774.2461,65873.5424,66012.2747,66311.6898,66368.9744,65355.3733,67349.0172,67380.7767,67663.5924,67810.3572
Bangladesh,IPCC Agriculture,Emissions (CO2eq) from CH4 (AR5),kilotonnes,,30931.88,,,,34039.32,,,,,,,35432.6,,,,,,,,
Bangladesh,IPCC Agriculture,Emissions (CO2eq) from N2O (AR5),kilotonnes,16064.1635,16421.4215,16898.8471,16445.1555,16519.3827,17164.7552,18048.3347,18096.4986,19915.301,19443.4963,19887.9658,20760.5081,20198.6513,20334.5803,21116.529,21676.1849,20810.9802,21547.652,22195.731,22250.7177,22804.1922
Bangladesh,IPCC Agriculture,Emissions (CO2eq) from N2O (AR5),kilotonnes,,12902.85,,,,15036.1,,,,,,,12706.75,,,,,,,,
Bangladesh,IPCC Agriculture,Emissions (CO2eq) (AR5),kilotonnes,75037.5369,75207.5169,76526.6527,76390.4474,75491.5004,77357.0551,78918.6239,79382.2784,83636.0627,83831.1037,85218.8607,86534.7542,86072.1937,86346.855,87428.2188,88045.1593,86166.3535,88896.6693,89576.5077,89914.3101,90614.5494
Bangladesh,IPCC Agriculture,Emissions (CO2eq) (AR5),kilotonnes,,43834.73,,,,49075.42,,,,,,,48139.35,,,,,,,,
Bangladesh,Agricultural Soils,Direct emissions (N2O),kilotonnes,43.0358,43.9695,45.3308,43.9805,44.1445,45.9327,48.3441,48.5052,53.638,52.2362,53.5157,55.9608,54.2928,54.6159,56.8389,58.4693,55.9874,58.0957,59.8924,60.0377,61.4941
Bangladesh,Agricultural Soils,Indirect emissions (N2O),kilotonnes,13.2519,13.5776,14.0527,13.6364,13.7637,14.324,15.1287,15.1837,16.8143,16.3936,16.8136,17.638,17.1262,17.2144,17.9255,18.4507,17.6678,18.2887,18.8908,18.9634,19.4417
Bangladesh,Agricultural Soils,Emissions (N2O),kilotonnes,59.0784,60.3325,62.1623,60.3934,60.6711,63.0207,66.2383,66.4611,73.2239,71.402,73.1039,76.3592,74.1784,74.5842,77.5089,79.6641,76.4022,79.1328,81.5315,81.7569,83.691
Bangladesh,Agricultural Soils,Emissions (N2O),kilotonnes,,19.7,,,,22.8,,,,,,,,,,,,,,,
Bangladesh,Agricultural Soils,Emissions (CO2eq) from N2O (AR5),kilotonnes,15655.7855,15988.104,16473.0181,16004.2566,16077.8318,16700.489,17553.1492,17612.1817,19404.3239,18921.5203,19372.5369,20235.2007,19657.2791,19764.8019,20539.8495,21110.9798,20246.5811,20970.1987,21605.8373,21665.5696,22178.1148
Bangladesh,Agricultural Soils,Emissions (CO2eq) from N2O (AR5),kilotonnes,,5220.5,,,,6042,,,,,,,,,,,,,,,
Bangladesh,Agricultural Soils,Emissions (CO2eq) (AR5),kilotonnes,15655.7855,15988.104,16473.0181,16004.2566,16077.8318,16700.489,17553.1492,17612.1817,19404.3239,18921.5203,19372.5369,20235.2007,19657.2791,19764.8019,20539.8495,21110.9798,20246.5811,20970.1987,21605.8373,21665.5696,22178.1148
Bangladesh,Agricultural Soils,Emissions (CO2eq) (AR5),kilotonnes,,5220.5,,,,6042,,,,,,,,,,,,,,,
Bangladesh,LULUCF,Emissions (CH4),kilotonnes,2.0512,4.4837,0.0799,1.4866,0.6048,1.7317,9.0877,1.2841,3.5567,4.4971,0.6341,0.802,1.5293,6.2049,5.1953,0.7806,0.3303,0.0693,1.0443,0.4529,4.6598
Bangladesh,LULUCF,Emissions (N2O),kilotonnes,0.0603,0.4094,0.0073,0.1357,0.0552,0.1581,0.8297,0.1172,0.3247,0.4106,0.0579,0.0732,0.1396,0.5665,0.4744,0.0713,0.0302,0.0063,0.0954,0.0414,0.4255
Bangladesh,LULUCF,Emissions (CO2),kilotonnes,17771.0335,18239.7608,18196.9288,18183.4345,18095.4235,18101.1388,18110.1617,18151.928,18148.7906,18153.1703,18168.4406,17721.3979,17714.4081,17678.5852,17619.1276,17616.2258,17476.8471,17486.0169,17483.538,17545.6899,17541.2199
Bangladesh,LULUCF,Emissions (CO2),kilotonnes,,28418.97,,,,18205.52,,,,,,,,,,,,,,,
Bangladesh,LULUCF,Emissions (CO2eq) from CH4 (AR5),kilotonnes,57.4328,125.5442,2.2379,41.6241,16.9344,48.4879,254.4547,35.9561,99.5876,125.9178,17.7559,22.4548,42.821,173.7376,145.4696,21.8569,9.2498,1.9397,29.2413,12.6808,130.4737
Bangladesh,LULUCF,Emissions (CO2eq) from N2O (AR5),kilotonnes,15.9872,108.4866,1.9338,35.9687,14.6335,41.8999,219.882,31.0708,86.0567,108.8094,15.3434,19.4039,37.0029,150.132,125.7047,18.8872,7.993,1.6762,25.2683,10.9579,112.7463
Bangladesh,LULUCF,Emissions (CO2eq) (AR5),kilotonnes,17844.4535,18473.7916,18201.1004,18261.0273,18126.9914,18191.5265,18584.4984,18218.9549,18334.4349,18387.8975,18201.5399,17763.2566,17794.232,18002.4548,17890.3019,17656.9699,17494.0899,17489.6329,17538.0476,17569.3285,17784.4399
Bangladesh,LULUCF,Emissions (CO2eq) (AR5),kilotonnes,,28418.97,,,,18205.52,,,,,,,,,,,,,,,
Bangladesh,AFOLU,Emissions (CH4),kilotonnes,2108.2431,2103.9871,2129.6444,2142.3899,2106.7519,2151.4567,2183.0266,2190.062,2279.2982,2304.0545,2333.8804,2349.8822,2354.1558,2363.7862,2373.47,2371.1011,2334.4508,2405.3913,2407.5006,2417.0098,2426.4582
Bangladesh,AFOLU,Emissions (N2O),kilotonnes,60.6798,62.377,63.7765,62.1929,62.3925,64.9308,68.9367,68.4059,75.4768,73.7823,75.1068,78.4148,76.361,77.3008,80.1594,81.8682,78.5622,81.3182,83.8528,84.0063,86.479
Bangladesh,AFOLU,Emissions (CO2),kilotonnes,17771.0335,18239.7608,18196.9288,18183.4345,18095.4235,18101.1388,18110.1617,18151.928,18148.7906,18153.1703,18168.4406,17721.3979,17714.4081,17678.5852,17619.1276,17616.2258,17476.8471,17486.0169,17483.538,17545.6899,17541.2199
Bangladesh,AFOLU,Emissions (CO2eq) from CH4 (AR5),kilotonnes,59030.8062,58911.6395,59630.0434,59986.916,58989.0521,60240.7878,61124.7439,61321.736,63820.3494,64513.5251,65348.6508,65796.7009,65916.3634,66186.0123,66457.1594,66390.8313,65364.623,67350.957,67410.018,67676.2732,67940.8309
Bangladesh,AFOLU,Emissions (CO2eq) from N2O (AR5),kilotonnes,16080.1507,16529.9081,16900.781,16481.1242,16534.0162,17206.655,18268.2168,18127.5694,20001.3577,19552.3057,19903.3093,20779.912,20235.6542,20484.7123,21242.2337,21695.0721,20818.9732,21549.3282,22220.9993,22261.6755,22916.9385
Bangladesh,AFOLU,Emissions (CO2eq) (AR5),kilotonnes,92881.9904,93681.3084,94727.7531,94651.4747,93618.4918,95548.5816,97503.1223,97601.2334,101970.4977,102219.0012,103420.4006,104298.0107,103866.4257,104349.3098,105318.5206,105702.1292,103660.4434,106386.3021,107114.5553,107483.6386,108398.9893
Bangladesh,All sectors with LULUCF,Emissions (CH4),kilotonnes,3015.2459,3044.9899,3097.6472,3143.3927,3139.7547,3216.4595,3288.0294,3325.0648,3451.301,3511.0574,3574.8833,3611.8851,3651.1588,3699.7892,3736.473,3777.1042,3794.4539,3887.3944,3923.5037,3965.0129,4008.4614
Bangladesh,All sectors with LULUCF,Emissions (N2O),kilotonnes,70.8094,73.0374,74.6677,73.3248,74.0451,76.964,81.2305,80.9402,88.3316,86.9776,88.8626,92.9512,91.1279,92.1183,95.4374,97.6368,94.6713,98.0178,101.2229,101.437,104.3102
Bangladesh,All sectors with LULUCF,Emissions (CO2),kilotonnes,47341.0335,52379.7608,53336.9288,55073.4345,57415.4235,59371.1388,63040.1617,64181.928,66798.7906,69933.1703,74078.4406,76141.3979,80324.4081,81118.5852,85319.1276,92586.2258,95386.8471,99286.0169,105193.538,114105.6899,111741.2199
Bangladesh,All sectors with LULUCF,Emissions (CO2eq) from CH4 (AR5),kilotonnes,84426.8846,85259.7179,86734.1218,88014.9944,87913.1305,90060.8662,92064.8223,93101.8144,96636.4278,98309.6066,100096.7328,101132.7835,102232.4465,103594.0963,104621.2439,105758.9164,106244.7087,108847.0432,109858.1048,111020.3609,112236.9191
Bangladesh,All sectors with LULUCF,Emissions (CO2eq) from N2O (AR5),kilotonnes,18764.4947,19354.9141,19786.949,19431.0777,19621.9552,20395.453,21526.0738,21449.1589,23407.8797,23049.0602,23548.5963,24632.058,24148.8827,24411.3498,25290.9037,25873.7511,25087.8847,25974.7222,26824.0758,26880.811,27642.2065
Bangladesh,All sectors with LULUCF,Emissions (CO2eq) (AR5),kilotonnes,150532.4128,156994.3928,159857.9995,162519.5066,164950.5092,169827.458,176631.0577,178732.9013,186843.0981,191291.8372,197723.7697,201906.2393,206705.7374,209124.0313,215231.2752,224218.8933,226719.4405,234107.7824,241875.7186,252006.8618,251620.3455
Bangladesh,All sectors without LULUCF,Emissions (CH4),kilotonnes,3013.1947,3040.5062,3097.5673,3141.9061,3139.1499,3214.7278,3278.9417,3323.7807,3447.7443,3506.5603,3574.2492,3611.0832,3649.6295,3693.5842,3731.2777,3776.3236,3794.1235,3887.3251,3922.4594,3964.56,4003.8016
Bangladesh,All sectors without LULUCF,Emissions (N2O),kilotonnes,70.7491,72.628,74.6604,73.1891,73.9899,76.8059,80.4007,80.823,88.0069,86.567,88.8047,92.8779,90.9882,91.5518,94.963,97.5655,94.6411,98.0115,101.1276,101.3957,103.8848
Bangladesh,All sectors without LULUCF,Emissions (CO2),kilotonnes,29570,34140,35140,36890,39320,41270,44930,46030,48650,51780,55910,58420,62610,63440,67700,74970,77910,81800,87710,96560,94200
Bangladesh,All sectors without LULUCF,Emissions (CO2eq) from CH4 (AR5),kilotonnes,84369.4518,85134.1737,86731.8839,87973.3702,87896.1961,90012.3783,91810.3676,93065.8582,96536.8402,98183.6888,100078.9769,101110.3287,102189.6255,103420.3587,104475.7743,105737.0595,106235.4589,108845.1035,109828.8635,111007.6801,112106.4454
Bangladesh,All sectors without LULUCF,Emissions (CO2eq) from N2O (AR5),kilotonnes,18748.5075,19246.4275,19785.0151,19395.109,19607.3217,20353.5532,21306.1917,21418.0881,23321.823,22940.2508,23533.2528,24612.6541,24111.8798,24261.2178,25165.199,25854.8639,25079.8917,25973.046,26798.8075,26869.8532,27529.4602
Bangladesh,All sectors without LULUCF,Emissions (CO2eq) (AR5),kilotonnes,132687.9593,138520.6013,141656.8991,144258.4793,146823.5178,151635.9315,158046.5593,160513.9463,168508.6631,172903.9397,179522.2297,184142.9828,188911.5053,191121.5765,197340.9733,206561.9234,209225.3507,216618.1495,224337.671,234437.5332,233835.9056
Barbados,Crop Residues,Direct emissions (N2O),kilotonnes,0.0001,0.0001,0.0001,0.0001,0.0001,0.0001,0.0001,0.0001,0.0001,0.0001,0.0001,0.0001,0.0001,0.0001,0,0,0,0,0,0,0
Barbados,Crop Residues,Indirect emissions (N2O),kilotonnes,0,0,0,0,0,0,0,0,0,0,0,0,0,0,0,0,0,0,0,0,0
Barbados,Crop Residues,Emissions (N2O),kilotonnes,0.0001,0.0001,0.0001,0.0001,0.0001,0.0001,0.0001,0.0001,0.0001,0.0001,0.0001,0.0001,0.0001,0.0001,0,0,0,0,0,0,0
Barbados,Crop Residues,Emissions (CO2eq) from N2O (AR5),kilotonnes,0.025,0.0236,0.023,0.0288,0.0194,0.0232,0.0246,0.021,0.0178,0.0175,0.0191,0.021,0.0215,0.0192,0.0074,0.0097,0.0082,0.0072,0.0089,0.0058,0.0045
Barbados,Crop Residues,Emissions (CO2eq) (AR5),kilotonnes,0.025,0.0236,0.023,0.0288,0.0194,0.0232,0.0246,0.021,0.0178,0.0175,0.0191,0.021,0.0215,0.0192,0.0074,0.0097,0.0082,0.0072,0.0089,0.0058,0.0045
Barbados,Burning - Crop residues,Emissions (CH4),kilotonnes,0.0156,0.0148,0.0142,0.0133,0.0125,0.0127,0.012,0.0113,0.0124,0.0122,0.0099,0.0099,0.0089,0.0078,0.0068,0.0056,0.0031,0.0049,0.0052,0.0052,0.0038
Barbados,Burning - Crop residues,Emissions (N2O),kilotonnes,0.0004,0.0004,0.0004,0.0003,0.0003,0.0003,0.0003,0.0003,0.0003,0.0003,0.0003,0.0003,0.0002,0.0002,0.0002,0.0001,0.0001,0.0001,0.0001,0.0001,0.0001
Barbados,Burning - Crop residues,Emissions (CO2eq) from CH4 (AR5),kilotonnes,0.4362,0.4151,0.397,0.3712,0.3507,0.3561,0.3368,0.3175,0.3465,0.3412,0.2771,0.2761,0.2503,0.2174,0.1901,0.1565,0.0878,0.1374,0.1447,0.1462,0.1064
Barbados,Burning - Crop residues,Emissions (CO2eq) from N2O (AR5),kilotonnes,0.107,0.1019,0.0974,0.0911,0.0861,0.0874,0.0826,0.0779,0.085,0.0837,0.068,0.0677,0.0614,0.0533,0.0466,0.0384,0.0215,0.0337,0.0355,0.0359,0.0261
Barbados,Burning - Crop residues,Emissions (CO2eq) (AR5),kilotonnes,0.5432,0.517,0.4945,0.4623,0.4368,0.4434,0.4194,0.3954,0.4315,0.4249,0.3451,0.3438,0.3117,0.2708,0.2367,0.1949,0.1094,0.1711,0.1802,0.1821,0.1326
Barbados,Enteric Fermentation,Emissions (CH4),kilotonnes,1.4842,1.3755,1.2671,1.1651,1.0583,0.9444,0.8021,0.7185,0.7659,0.8308,0.8479,0.832,0.8483,0.862,0.8544,0.8449,0.8435,0.8867,0.9032,0.9151,0.9032
Barbados,Enteric Fermentation,Emissions (CH4),kilotonnes,,,,,,,,,,,,,,,,,,,,,
Barbados,Enteric Fermentation,Emissions (CO2eq) from CH4 (AR5),kilotonnes,41.5562,38.514,35.4788,32.6242,29.6338,26.4432,22.4574,20.118,21.4452,23.2624,23.7406,23.296,23.7524,24.136,23.9238,23.6571,23.6174,24.8274,25.2903,25.6215,25.2886
Barbados,Enteric Fermentation,Emissions (CO2eq) from CH4 (AR5),kilotonnes,,,,,,,,,,,,,,,,,,,,,
Barbados,Enteric Fermentation,Emissions (CO2eq) (AR5),kilotonnes,41.5562,38.514,35.4788,32.6242,29.6338,26.4432,22.4574,20.118,21.4452,23.2624,23.7406,23.296,23.7524,24.136,23.9238,23.6571,23.6174,24.8274,25.2903,25.6215,25.2886
Barbados,Enteric Fermentation,Emissions (CO2eq) (AR5),kilotonnes,,,,,,,,,,,,,,,,,,,,,
Barbados,Manure Management,Emissions (CH4),kilotonnes,0.1377,0.123,0.1143,0.1183,0.1327,0.1323,0.1328,0.1348,0.1357,0.1385,0.1399,0.1404,0.1419,0.1432,0.1424,0.1482,0.1595,0.1651,0.1495,0.1489,0.1511
Barbados,Manure Management,Emissions (N2O),kilotonnes,0.0117,0.0104,0.0095,0.0104,0.0121,0.0123,0.0127,0.013,0.0129,0.0132,0.0134,0.0135,0.0137,0.0139,0.0138,0.0143,0.0155,0.0154,0.014,0.0139,0.0142
Barbados,Manure Management,Emissions (N2O),kilotonnes,,,,,,,,,,,,,,,,,,,,,
Barbados,Manure Management,Emissions (CO2eq) from CH4 (AR5),kilotonnes,3.8549,3.4429,3.1991,3.3122,3.7169,3.7047,3.7172,3.7739,3.799,3.8792,3.9173,3.9318,3.9729,4.0105,3.9882,4.1493,4.4652,4.6239,4.1871,4.1695,4.231
Barbados,Manure Management,Emissions (CO2eq) from N2O (AR5),kilotonnes,3.0989,2.7689,2.5272,2.7648,3.1953,3.2591,3.356,3.4355,3.4289,3.4879,3.5402,3.5799,3.63,3.6785,3.657,3.7917,4.0972,4.0902,3.7207,3.6733,3.7597
Barbados,Manure Management,Emissions (CO2eq) from N2O (AR5),kilotonnes,,,,,,,,,,,,,,,,,,,,,
Barbados,Manure Management,Emissions (CO2eq) (AR5),kilotonnes,6.9538,6.2118,5.7263,6.077,6.9122,6.9638,7.0731,7.2093,7.2279,7.3671,7.4575,7.5117,7.6029,7.6889,7.6452,7.9409,8.5623,8.7141,7.9078,7.8428,7.9907
Barbados,Manure Management,Emissions (CO2eq) (AR5),kilotonnes,,,,,,,,,,,,,,,,,,,,,
Barbados,Manure left on Pasture,Direct emissions (N2O),kilotonnes,0.0503,0.0451,0.043,0.041,0.0415,0.0395,0.0369,0.0353,0.0363,0.0375,0.0383,0.0385,0.0389,0.0394,0.0392,0.0409,0.0443,0.0463,0.0436,0.0442,0.044
Barbados,Manure left on Pasture,Indirect emissions (N2O),kilotonnes,0.0116,0.0105,0.0101,0.0098,0.01,0.0095,0.009,0.0087,0.0089,0.0092,0.0093,0.0094,0.0095,0.0096,0.0096,0.0099,0.0107,0.0111,0.0106,0.0107,0.0107
Barbados,Manure left on Pasture,Emissions (N2O),kilotonnes,0.0619,0.0555,0.0532,0.0508,0.0515,0.049,0.0459,0.0439,0.0453,0.0467,0.0476,0.0479,0.0484,0.049,0.0488,0.0508,0.055,0.0575,0.0541,0.0549,0.0547
Barbados,Manure left on Pasture,Emissions (CO2eq) from N2O (AR5),kilotonnes,16.3919,14.7183,14.0899,13.4494,13.6421,12.9927,12.155,11.642,11.9944,12.3751,12.6186,12.6829,12.8325,12.9841,12.9224,13.4652,14.5721,15.2291,14.3473,14.5386,14.4863
Barbados,Manure left on Pasture,Emissions (CO2eq) (AR5),kilotonnes,16.3919,14.7183,14.0899,13.4494,13.6421,12.9927,12.155,11.642,11.9944,12.3751,12.6186,12.6829,12.8325,12.9841,12.9224,13.4652,14.5721,15.2291,14.3473,14.5386,14.4863
Barbados,Manure applied to Soils,Direct emissions (N2O),kilotonnes,0.0196,0.0175,0.0165,0.017,0.0193,0.0196,0.0198,0.0206,0.0206,0.0208,0.0209,0.0209,0.0211,0.0213,0.0212,0.0221,0.0245,0.025,0.0226,0.0227,0.0229
Barbados,Manure applied to Soils,Indirect emissions (N2O),kilotonnes,0.0083,0.0074,0.007,0.0072,0.0082,0.0083,0.0084,0.0088,0.0087,0.0088,0.0089,0.0089,0.009,0.0091,0.009,0.0094,0.0104,0.0106,0.0096,0.0096,0.0097
Barbados,Manure applied to Soils,Emissions (N2O),kilotonnes,0.0279,0.0249,0.0235,0.0243,0.0276,0.0279,0.0282,0.0294,0.0293,0.0296,0.0298,0.0297,0.0301,0.0304,0.0303,0.0316,0.0349,0.0356,0.0323,0.0323,0.0327
Barbados,Manure applied to Soils,Emissions (CO2eq) from N2O (AR5),kilotonnes,7.4008,6.6043,6.2254,6.4269,7.3016,7.3879,7.468,7.7961,7.7696,7.8456,7.9038,7.878,7.9721,8.046,8.0234,8.363,9.2552,9.4451,8.5526,8.5592,8.6579
Barbados,Manure applied to Soils,Emissions (CO2eq) (AR5),kilotonnes,7.4008,6.6043,6.2254,6.4269,7.3016,7.3879,7.468,7.7961,7.7696,7.8456,7.9038,7.878,7.9721,8.046,8.0234,8.363,9.2552,9.4451,8.5526,8.5592,8.6579
Barbados,Synthetic Fertilizers,Direct emissions (N2O),kilotonnes,0.0283,0.0283,0.0092,0.0106,0.0433,0.0194,0.0189,0.0177,0.0239,0.0066,0.0068,0.0124,0.0185,0.0192,0.0105,0.0064,0.0044,0.0085,0.0036,0.0023,0.0028
Barbados,Synthetic Fertilizers,Indirect emissions (N2O),kilotonnes,0.0092,0.0092,0.003,0.0034,0.0141,0.0063,0.0061,0.0058,0.0078,0.0022,0.0022,0.004,0.006,0.0062,0.0034,0.0021,0.0014,0.0028,0.0012,0.0008,0.0009
Barbados,Synthetic Fertilizers,Emissions (N2O),kilotonnes,0.0375,0.0375,0.0122,0.014,0.0574,0.0257,0.025,0.0235,0.0317,0.0088,0.0091,0.0165,0.0245,0.0254,0.014,0.0085,0.0059,0.0113,0.0048,0.0031,0.0036
Barbados,Synthetic Fertilizers,Emissions (CO2eq) from N2O (AR5),kilotonnes,9.9318,9.9318,3.2389,3.7134,15.2067,6.7978,6.6212,6.2184,8.4034,2.334,2.4002,4.3645,6.5008,6.7321,3.6988,2.2448,1.5513,2.9904,1.2701,0.8151,0.9666
Barbados,Synthetic Fertilizers,Emissions (CO2eq) (AR5),kilotonnes,9.9318,9.9318,3.2389,3.7134,15.2067,6.7978,6.6212,6.2184,8.4034,2.334,2.4002,4.3645,6.5008,6.7321,3.6988,2.2448,1.5513,2.9904,1.2701,0.8151,0.9666
Barbados,Drained organic soils,Emissions (CO2eq) (AR5),kilotonnes,0,0,0,0,0,0,0,0,0,0,0,0,0,0,0,0,0,0,0,0,0
Barbados,Drained organic soils (CO2),Emissions (CO2),kilotonnes,0,0,0,0,0,0,0,0,0,0,0,0,0,0,0,0,0,0,0,0,0
Barbados,Drained organic soils (CO2),Emissions (CO2eq) (AR5),kilotonnes,0,0,0,0,0,0,0,0,0,0,0,0,0,0,0,0,0,0,0,0,0
Barbados,Drained organic soils (N2O),Emissions (N2O),kilotonnes,0,0,0,0,0,0,0,0,0,0,0,0,0,0,0,0,0,0,0,0,0
Barbados,Drained organic soils (N2O),Emissions (CO2eq) from N2O (AR5),kilotonnes,0,0,0,0,0,0,0,0,0,0,0,0,0,0,0,0,0,0,0,0,0
Barbados,Drained organic soils (N2O),Emissions (CO2eq) (AR5),kilotonnes,0,0,0,0,0,0,0,0,0,0,0,0,0,0,0,0,0,0,0,0,0
Barbados,On-farm energy use,Emissions (CH4),kilotonnes,0.0103,0.0101,0.0096,0.0092,0.0089,0.0087,0.0085,0.008,0.0079,0.0076,0.0071,0.0063,0.0063,0.006,0.0061,0.0052,0.0051,0.0049,0.0046,0.0043,0.0043
Barbados,On-farm energy use,Emissions (N2O),kilotonnes,0.0015,0.0015,0.0012,0.0008,0.0008,0.0009,0.0009,0.0009,0.0016,0.0015,0.0015,0.0017,0.0015,0.0014,0.0014,0.0013,0.0013,0.0014,0.0015,0.0015,0.0015
Barbados,On-farm energy use,Emissions (CO2),kilotonnes,15.1561,14.9939,12.4494,11.9327,11.7761,11.7499,11.6091,11.1177,15.2706,14.9917,13.9673,12.8394,13.3645,12.8909,16.5321,11.1766,11.2044,11.3062,11.4131,10.3894,10.3894
Barbados,On-farm energy use,Emissions (CO2eq) from CH4 (AR5),kilotonnes,0.2891,0.2841,0.2685,0.259,0.2503,0.2447,0.2377,0.2226,0.2218,0.2129,0.1979,0.1772,0.1752,0.167,0.172,0.1445,0.1419,0.1361,0.1283,0.1196,0.1196
Barbados,On-farm energy use,Emissions (CO2eq) from N2O (AR5),kilotonnes,0.3968,0.3956,0.3063,0.221,0.2236,0.2285,0.2302,0.2276,0.4222,0.3848,0.4093,0.4397,0.3908,0.3719,0.3591,0.3488,0.3534,0.3816,0.3865,0.392,0.392
Barbados,On-farm energy use,Emissions (CO2eq) (AR5),kilotonnes,15.8421,15.6736,13.0242,12.4126,12.25,12.2232,12.0771,11.5679,15.9145,15.5893,14.5745,13.4563,13.9306,13.4298,17.0632,11.6699,11.6996,11.8239,11.9279,10.9009,10.9009
Barbados,Forestland,Emissions (CO2),kilotonnes,0.0234,-1.3843,-1.3843,-1.3843,-1.3843,-1.3843,-1.3843,-1.3843,-1.3843,-1.3843,-1.3843,-0.8475,-0.8475,-0.8475,-0.8475,-0.8475,-1.8328,-1.8328,-1.8328,-1.8328,-1.8328
Barbados,Forestland,Emissions (CO2eq) (AR5),kilotonnes,0.0234,-1.3843,-1.3843,-1.3843,-1.3843,-1.3843,-1.3843,-1.3843,-1.3843,-1.3843,-1.3843,-0.8475,-0.8475,-0.8475,-0.8475,-0.8475,-1.8328,-1.8328,-1.8328,-1.8328,-1.8328
Barbados,Net Forest conversion,Emissions (CO2),kilotonnes,0,0,0,0,0,0,0,0,0,0,0,0,0,0,0,0,0,0,0,0,0
Barbados,Net Forest conversion,Emissions (CO2eq) (AR5),kilotonnes,0,0,0,0,0,0,0,0,0,0,0,0,0,0,0,0,0,0,0,0,0
Barbados,Savanna fires,Emissions (CH4),kilotonnes,0,0,0,0,0,0,0,0,0,0,0.006,0,0,0,0.0008,0,0,0,0,0,0
Barbados,Savanna fires,Emissions (N2O),kilotonnes,0,0,0,0,0,0,0,0,0,0,0.0005,0,0,0,0.0001,0,0,0,0,0,0
Barbados,Savanna fires,Emissions (CO2eq) from CH4 (AR5),kilotonnes,0,0,0,0,0,0,0,0,0,0,0.1675,0,0,0,0.0215,0,0,0,0,0,0
Barbados,Savanna fires,Emissions (CO2eq) from N2O (AR5),kilotonnes,0,0,0,0,0,0,0,0,0,0,0.1447,0,0,0,0.0186,0,0,0,0,0,0
Barbados,Savanna fires,Emissions (CO2eq) (AR5),kilotonnes,0,0,0,0,0,0,0,0,0,0,0.3122,0,0,0,0.04,0,0,0,0,0,0
Barbados,Fires in organic soils,Emissions (CH4),kilotonnes,0,0,0,0,0,0,0,0,0,0,0,0,0,0,0,0,0,0,0,0,0
Barbados,Fires in organic soils,Emissions (CO2),kilotonnes,0,0,0,0,0,0,0,0,0,0,0,0,0,0,0,0,0,0,0,0,0
Barbados,Fires in organic soils,Emissions (CO2eq) from CH4 (AR5),kilotonnes,0,0,0,0,0,0,0,0,0,0,0,0,0,0,0,0,0,0,0,0,0
Barbados,Fires in organic soils,Emissions (CO2eq) (AR5),kilotonnes,0,0,0,0,0,0,0,0,0,0,0,0,0,0,0,0,0,0,0,0,0
Barbados,Forest fires,Emissions (CH4),kilotonnes,0,0,0,0,0,0,0,0,0,0,0,0,0,0,0,0,0,0,0,0,0
Barbados,Forest fires,Emissions (N2O),kilotonnes,0,0,0,0,0,0,0,0,0,0,0,0,0,0,0,0,0,0,0,0,0
Barbados,Forest fires,Emissions (CO2eq) from CH4 (AR5),kilotonnes,0,0,0,0,0,0,0,0,0,0,0,0,0,0,0,0,0,0,0,0,0
Barbados,Forest fires,Emissions (CO2eq) from N2O (AR5),kilotonnes,0,0,0,0,0,0,0,0,0,0,0,0,0,0,0,0,0,0,0,0,0
Barbados,Forest fires,Emissions (CO2eq) (AR5),kilotonnes,0,0,0,0,0,0,0,0,0,0,0,0,0,0,0,0,0,0,0,0,0
Barbados,Fires in humid tropical forests,Emissions (CH4),kilotonnes,0,0,0,0,0,0,0,0,0,0,0,0,0,0,0,0,0,0,0,0,0
Barbados,Fires in humid tropical forests,Emissions (N2O),kilotonnes,0,0,0,0,0,0,0,0,0,0,0,0,0,0,0,0,0,0,0,0,0
Barbados,Fires in humid tropical forests,Emissions (CO2eq) from CH4 (AR5),kilotonnes,0,0,0,0,0,0,0,0,0,0,0,0,0,0,0,0,0,0,0,0,0
Barbados,Fires in humid tropical forests,Emissions (CO2eq) from N2O (AR5),kilotonnes,0,0,0,0,0,0,0,0,0,0,0,0,0,0,0,0,0,0,0,0,0
Barbados,Fires in humid tropical forests,Emissions (CO2eq) (AR5),kilotonnes,0,0,0,0,0,0,0,0,0,0,0,0,0,0,0,0,0,0,0,0,0
Barbados,Waste - agri-food systems,Emissions (CH4),kilotonnes,5.2987,5.29,5.2861,5.2572,5.2665,5.2964,5.2971,5.3244,5.3321,5.3329,5.3267,5.3299,5.3361,5.323,5.2992,5.2734,5.3152,5.5565,5.7987,6.0343,6.2584
Barbados,Waste - agri-food systems,Emissions (N2O),kilotonnes,0.0084,0.0089,0.009,0.0092,0.009,0.0097,0.0094,0.0098,0.0095,0.0094,0.0095,0.0095,0.0096,0.0097,0.0095,0.0097,0.0107,0.0115,0.0124,0.0133,0.0142
Barbados,Waste - agri-food systems,Emissions (CO2),kilotonnes,13.0891,13.0882,13.0983,13.1178,13.1602,13.2221,13.2815,13.3431,13.3571,13.3158,13.3243,13.341,13.3348,13.3435,13.3459,13.3496,13.3631,13.3813,13.395,13.4189,13.3451
Barbados,Waste - agri-food systems,Emissions (CO2eq) from CH4 (AR5),kilotonnes,148.363,148.119,148.0106,147.2027,147.4628,148.2983,148.3179,149.0825,149.2982,149.3203,149.1464,149.2377,149.4098,149.0448,148.3765,147.6558,148.8244,155.5823,162.3645,168.9613,175.2348
Barbados,Waste - agri-food systems,Emissions (CO2eq) from N2O (AR5),kilotonnes,2.2264,2.3498,2.3841,2.4374,2.3975,2.561,2.4927,2.5992,2.5183,2.4876,2.5068,2.5043,2.5453,2.5694,2.53,2.5713,2.8268,3.0469,3.2974,3.5299,3.7621
Barbados,Waste - agri-food systems,Emissions (CO2eq) (AR5),kilotonnes,163.6785,163.557,163.493,162.7579,163.0205,164.0814,164.0921,165.0248,165.1736,165.1237,164.9775,165.083,165.29,164.9577,164.2524,163.5766,165.0144,172.0105,179.0569,185.9101,192.342
Barbados,On-farm electricity use,Emissions (CH4),kilotonnes,0.0256,0.0234,0.0207,0.0205,0.021,0.0213,0.0223,0.0252,0.0245,0.0214,0.0184,0.0165,0.0166,0.0152,0.0173,0.0195,0.0207,0.0215,0.0205,0.0211,0.0211
Barbados,On-farm electricity use,Emissions (N2O),kilotonnes,0.0001,0.0001,0.0001,0.0001,0.0002,0.0001,0.0001,0.0001,0.0001,0.0001,0.0001,0,0.0001,0.0001,0,0.0001,0.0001,0.0002,0.0001,0.0001,0.0001
Barbados,On-farm electricity use,Emissions (CO2),kilotonnes,11.6013,11.1396,9.1359,9.0155,9.209,9.3543,9.8093,11.1197,10.7622,9.4339,8.113,7.2444,7.3405,6.7128,7.5925,8.5976,9.1169,9.4768,9.021,9.3067,9.3067
Barbados,On-farm electricity use,Emissions (CO2eq) from CH4 (AR5),kilotonnes,0.7168,0.6552,0.5796,0.574,0.588,0.5964,0.6244,0.7056,0.686,0.5992,0.5152,0.462,0.4648,0.4256,0.4844,0.546,0.5796,0.602,0.574,0.5908,0.5908
Barbados,On-farm electricity use,Emissions (CO2eq) from N2O (AR5),kilotonnes,0.0265,0.0265,0.0265,0.0265,0.053,0.0265,0.0265,0.0265,0.0265,0.0265,0.0265,0,0.0265,0.0265,0,0.0265,0.0265,0.053,0.0265,0.0265,0.0265
Barbados,On-farm electricity use,Emissions (CO2eq) (AR5),kilotonnes,12.3446,11.8213,9.742,9.616,9.85,9.9772,10.4602,11.8518,11.4747,10.0596,8.6547,7.7064,7.8318,7.1649,8.0769,9.1701,9.723,10.1318,9.6215,9.924,9.924
Barbados,Food Processing,Emissions (CH4),kilotonnes,0.0097,0.0079,0.0003,0.0003,0.0003,0.0002,0.0002,0.0002,0.0023,0.0018,0.0034,0.0409,0.0365,0.0381,0.0282,0.0311,0.0318,0.033,0.0511,0.0431,0.0403
Barbados,Food Processing,Emissions (N2O),kilotonnes,0.0001,0.0002,0.0001,0.0001,0.0001,0.0001,0.0001,0.0001,0.0001,0.0001,0.0001,0.0004,0.0004,0.0005,0.0004,0.0004,0.0005,0.0005,0.0006,0.0008,0.0008
Barbados,Food Processing,Emissions (CO2),kilotonnes,14.6942,16.0684,9.3626,10.3206,12.4528,8.8111,8.6203,9.3035,7.0266,7.5156,7.5401,31.5492,31.7817,39.6631,27.3326,26.7594,30.629,30.8443,39.4657,39.4709,34.7879
Barbados,Food Processing,Emissions (CO2eq) from CH4 (AR5),kilotonnes,0.2716,0.2212,0.0084,0.0084,0.0084,0.0056,0.0056,0.0056,0.0644,0.0504,0.0952,1.1452,1.022,1.0668,0.7896,0.8708,0.8904,0.924,1.4308,1.2068,1.1284
Barbados,Food Processing,Emissions (CO2eq) from N2O (AR5),kilotonnes,0.0265,0.053,0.0265,0.0265,0.0265,0.0265,0.0265,0.0265,0.0265,0.0265,0.0265,0.106,0.106,0.1325,0.106,0.106,0.1325,0.1325,0.159,0.212,0.2157
Barbados,Food Processing,Emissions (CO2eq) (AR5),kilotonnes,14.9923,16.3426,9.3975,10.3555,12.4877,8.8432,8.6524,9.3356,7.1175,7.5925,7.6618,32.8004,32.9097,40.8624,28.2282,27.7362,31.6519,31.9008,41.0555,40.8897,36.132
Barbados,Food Packaging,Emissions (CH4),kilotonnes,0,0,0,0,0,0,0,0,0,0,0,0.0006,0.0006,0.0006,0.0004,0.0005,0.0005,0.0005,0.0005,0.0005,0.0005
Barbados,Food Packaging,Emissions (N2O),kilotonnes,0,0,0,0,0,0,0,0,0,0,0,0,0,0,0,0,0,0,0,0,0
Barbados,Food Packaging,Emissions (CO2),kilotonnes,0.0001,0.0001,0.0001,0.0001,0.0001,0.0001,0.0001,0.0001,0.0002,0.0002,0.0001,0.4397,0.4357,0.4932,0.3503,0.3643,0.3778,0.3588,0.37,0.3531,0.3112
Barbados,Food Packaging,Emissions (CO2eq) from CH4 (AR5),kilotonnes,0,0,0,0,0,0,0,0,0,0,0,0.0168,0.0168,0.0168,0.0112,0.014,0.014,0.014,0.014,0.014,0.0131
Barbados,Food Packaging,Emissions (CO2eq) from N2O (AR5),kilotonnes,0,0,0,0,0,0,0,0,0,0,0,0,0,0,0,0,0,0,0,0,0
Barbados,Food Packaging,Emissions (CO2eq) (AR5),kilotonnes,0.0001,0.0001,0.0001,0.0001,0.0001,0.0001,0.0001,0.0001,0.0002,0.0002,0.0001,0.4565,0.4525,0.51,0.3615,0.3783,0.3918,0.3728,0.384,0.3671,0.3243
Barbados,Food Retail,Emissions (CH4),kilotonnes,0.0228,0.0611,0.0652,0.0914,0.0939,0.0976,0.0995,0.1122,0.1094,0.1141,0.1162,0.109,0.1111,0.0783,0.0955,0.0807,0.082,0.0945,0.0943,0.1274,0.1191
Barbados,Food Retail,Emissions (N2O),kilotonnes,0.0002,0.0004,0.0004,0.0005,0.0005,0.0005,0.0006,0.0006,0.0007,0.0007,0.0007,0.0006,0.0006,0.0005,0.0006,0.0005,0.0005,0.0006,0.0006,0.0007,0.0007
Barbados,Food Retail,Emissions (CO2),kilotonnes,17.1117,34.742,34.1629,45.5851,46.8629,48.6906,49.6405,57.5286,60.7459,62.2902,63.7755,59.9046,60.5132,45.662,54.0607,45.6772,46.3963,52.5121,53.302,69.1728,60.9659
Barbados,Food Retail,Emissions (CO2eq) from CH4 (AR5),kilotonnes,0.6384,1.7108,1.8256,2.5592,2.6292,2.7328,2.786,3.1416,3.0632,3.1948,3.2536,3.052,3.1108,2.1924,2.674,2.2596,2.296,2.646,2.6404,3.5672,3.3354
Barbados,Food Retail,Emissions (CO2eq) from N2O (AR5),kilotonnes,0.053,0.106,0.106,0.1325,0.1325,0.1325,0.159,0.159,0.1855,0.1855,0.1855,0.159,0.159,0.1325,0.159,0.1325,0.1325,0.159,0.159,0.1855,0.1887
Barbados,Food Retail,Emissions (CO2eq) (AR5),kilotonnes,17.8031,36.5588,36.0945,48.2768,49.6246,51.5559,52.5855,60.8292,63.9946,65.6705,67.2146,63.1156,63.783,47.9869,56.8937,48.0693,48.8248,55.3171,56.1014,72.9255,64.49
Barbados,Food Household Consumption,Emissions (CH4),kilotonnes,0.171,0.0894,0.0944,0.0952,0.0979,0.1017,0.1037,0.1102,0.1101,0.1129,0.1139,0.1116,0.1113,0.112,0.1138,0.1174,0.125,0.1225,0.1115,0.1115,0.1043
Barbados,Food Household Consumption,Emissions (N2O),kilotonnes,0.0009,0.0005,0.0005,0.0005,0.0005,0.0006,0.0006,0.0006,0.0006,0.0006,0.0006,0.0006,0.0006,0.0006,0.0006,0.0006,0.0007,0.0007,0.0006,0.0006,0.0006
Barbados,Food Household Consumption,Emissions (CO2),kilotonnes,87.0634,52.1459,54.2644,54.2932,55.811,57.9869,59.117,58.7666,58.7351,60.1296,60.6654,56.7993,57.4262,57.012,57.5242,59.2273,62.6741,61.7968,57.1049,57.1049,50.3297
Barbados,Food Household Consumption,Emissions (CO2eq) from CH4 (AR5),kilotonnes,4.788,2.5032,2.6432,2.6656,2.7412,2.8476,2.9036,3.0856,3.0828,3.1612,3.1892,3.1248,3.1164,3.136,3.1864,3.2872,3.5,3.43,3.122,3.122,2.9191
Barbados,Food Household Consumption,Emissions (CO2eq) from N2O (AR5),kilotonnes,0.2385,0.1325,0.1325,0.1325,0.1325,0.159,0.159,0.159,0.159,0.159,0.159,0.159,0.159,0.159,0.159,0.159,0.1855,0.1855,0.159,0.159,0.1618
Barbados,Food Household Consumption,Emissions (CO2eq) (AR5),kilotonnes,92.0899,54.7816,57.0401,57.0913,58.6847,60.9935,62.1796,62.0112,61.9769,63.4498,64.0136,60.0831,60.7016,60.307,60.8696,62.6735,66.3596,65.4123,60.3859,60.3859,53.4106
Barbados,Food Transport,Emissions (CH4),kilotonnes,0.0078,0.0074,0.0062,0.0063,0.0057,0.0058,0.0053,0.0045,0.0054,0.0058,0.0055,0.0066,0.0059,0.0064,0.0057,0.0057,0.0054,0.0053,0.0052,0.0059,0.0055
Barbados,Food Transport,Emissions (N2O),kilotonnes,0.0014,0.0014,0.0013,0.0014,0.0014,0.0015,0.0016,0.0015,0.0018,0.0019,0.0018,0.0022,0.002,0.0021,0.0019,0.0019,0.0018,0.0018,0.0017,0.0023,0.0023
Barbados,Food Transport,Emissions (CO2),kilotonnes,42.0859,42.6326,37.2544,40.9963,43.2078,45.2161,44.5963,41.9296,49.4627,52.205,51.7677,53.9826,53.9446,57.5814,51.1148,51.6501,50.3525,49.7994,48.3604,61.2945,54.0223
Barbados,Food Transport,Emissions (CO2eq) from CH4 (AR5),kilotonnes,0.2184,0.2072,0.1736,0.1764,0.1596,0.1624,0.1484,0.126,0.1512,0.1624,0.154,0.1848,0.1652,0.1792,0.1596,0.1596,0.1512,0.1484,0.1456,0.1652,0.1545
Barbados,Food Transport,Emissions (CO2eq) from N2O (AR5),kilotonnes,0.371,0.371,0.3445,0.371,0.371,0.3975,0.424,0.3975,0.477,0.5035,0.477,0.583,0.53,0.5565,0.5035,0.5035,0.477,0.477,0.4505,0.6095,0.6201
Barbados,Food Transport,Emissions (CO2eq) (AR5),kilotonnes,42.6753,43.2108,37.7725,41.5437,43.7384,45.776,45.1687,42.4531,50.0909,52.8709,52.3987,54.7504,54.6398,58.3171,51.7779,52.3132,50.9807,50.4248,48.9565,62.0692,54.7969
Barbados,Energy,Emissions (CH4),kilotonnes,2.16,1.71,1.4,1.41,1.5,1.52,1.16,1.1,1.15,1,0.88,1.1,0.949,0.931,0.851,0.841,0.842,0.832,0.823,0.677,0.633
Barbados,Energy,Emissions (N2O),kilotonnes,0.0414,0.0417,0.0375,0.039,0.04,0.0396,0.0357,0.0361,0.042,0.0431,0.0397,0.0516,0.0518,0.0509,0.0467,0.0466,0.0499,0.0476,0.0463,0.0516,0.0525
Barbados,Energy,Emissions (CO2),kilotonnes,1020,1060,1050,1090,1110,1160,1190,1220,1470,1490,1360,1420,1390,1370,1190,1200,1220,1100,1140,1180,1040
Barbados,Energy,Emissions (CO2eq) from CH4 (AR5),kilotonnes,60.48,47.88,39.2,39.48,42,42.56,32.48,30.8,32.2,28,24.64,30.8,26.572,26.068,23.828,23.548,23.576,23.296,23.044,18.956,17.724
Barbados,Energy,Emissions (CO2eq) from N2O (AR5),kilotonnes,10.971,11.0505,9.9375,10.335,10.6,10.494,9.4605,9.5665,11.13,11.4215,10.5205,13.674,13.727,13.4885,12.3755,12.349,13.2235,12.614,12.2695,13.674,13.9125
Barbados,Energy,Emissions (CO2eq) (AR5),kilotonnes,1091.451,1118.9305,1099.1375,1139.815,1162.6,1213.054,1231.9405,1260.3665,1513.33,1529.4215,1395.1605,1464.474,1430.299,1409.5565,1226.2035,1235.897,1256.7995,1135.91,1175.3135,1212.63,1071.6365
Barbados,IPPU,Emissions (N2O),kilotonnes,0,0,0,0,0,0,0,0,0,0,0,0,0,0,0,0,0,0,0,0,0
Barbados,IPPU,Emissions (CO2),kilotonnes,143,134,158,164,163,165,163,159,153,123,111,108,87.4,80.5,80.3,80.4,80.4,80.6,80.7,80.1,80.1
Barbados,IPPU,Emissions (CO2eq) from N2O (AR5),kilotonnes,0.0008,0.0008,0.0008,0.0008,0.0008,0.0008,0.0008,0.0008,0.0008,0.0008,0.0008,0.0008,0.0008,0.0008,0.0008,0.0008,0.0008,0.0008,0.0008,0.0008,0.0008
Barbados,IPPU,Emissions (CO2eq) (AR5),kilotonnes,143.0008,134.0008,158.0008,164.0008,163.0008,165.0008,163.0008,159.0008,153.0008,123.0008,111.0008,108.0008,87.4008,80.5008,80.3008,80.4008,80.4008,80.6008,80.7008,80.1008,80.1008
Barbados,Waste,Emissions (CH4),kilotonnes,5.55,5.5,5.47,5.46,5.47,5.49,5.5,5.52,5.5,5.46,5.43,5.43,5.42,5.4,5.39,5.39,5.4,5.42,5.44,5.38,5.38
Barbados,Waste,Emissions (N2O),kilotonnes,0.0142,0.0142,0.0143,0.0146,0.0145,0.0148,0.015,0.0155,0.0154,0.0153,0.0152,0.0152,0.0153,0.0155,0.0157,0.0158,0.016,0.0161,0.0163,0.0162,0.0163
Barbados,Waste,Emissions (CO2eq) from CH4 (AR5),kilotonnes,155.4,154,153.16,152.88,153.16,153.72,154,154.56,154,152.88,152.04,152.04,151.76,151.2,150.92,150.92,151.2,151.76,152.32,150.64,150.64
Barbados,Waste,Emissions (CO2eq) from N2O (AR5),kilotonnes,3.763,3.763,3.7895,3.869,3.8425,3.922,3.975,4.1075,4.081,4.0545,4.028,4.028,4.0545,4.1075,4.1605,4.187,4.24,4.2665,4.3195,4.293,4.3195
Barbados,Waste,Emissions (CO2eq) (AR5),kilotonnes,159.163,157.763,156.9495,156.749,157.0025,157.642,157.975,158.6675,158.081,156.9345,156.068,156.068,155.8145,155.3075,155.0805,155.107,155.44,156.0265,156.6395,154.933,154.9595
Barbados,Other,Emissions (N2O),kilotonnes,0.0598,0.0575,0.0535,0.0575,0.0583,0.0662,0.0641,0.0605,0.0724,0.0739,0.0807,0.0893,0.0849,0.0882,0.0758,0.0794,0.0774,0.0553,0.0539,0.0746,0.0749
Barbados,Other,Emissions (CO2eq) from N2O (AR5),kilotonnes,15.847,15.2375,14.1775,15.2375,15.4495,17.543,16.9865,16.0325,19.186,19.5835,21.3855,23.6645,22.4985,23.373,20.087,21.041,20.511,14.6545,14.2835,19.769,19.8485
Barbados,Other,Emissions (CO2eq) (AR5),kilotonnes,15.847,15.2375,14.1775,15.2375,15.4495,17.543,16.9865,16.0325,19.186,19.5835,21.3855,23.6645,22.4985,23.373,20.087,21.041,20.511,14.6545,14.2835,19.769,19.8485
Barbados,Farm-gate emissions,Emissions (CH4),kilotonnes,1.6477,1.5234,1.4051,1.3059,1.2126,1.0982,0.9553,0.8726,0.9219,0.9891,1.0107,0.9886,1.0054,1.019,1.0106,1.0038,1.0112,1.0616,1.0625,1.0735,1.0623
Barbados,Farm-gate emissions,Direct emissions (N2O),kilotonnes,0.0983,0.0909,0.0688,0.0686,0.1042,0.0785,0.0756,0.0737,0.0809,0.065,0.0661,0.0718,0.0786,0.0799,0.071,0.0694,0.0733,0.0799,0.0699,0.0692,0.0697
Barbados,Farm-gate emissions,Indirect emissions (N2O),kilotonnes,0.0291,0.0271,0.0202,0.0205,0.0323,0.0242,0.0235,0.0232,0.0255,0.0202,0.0205,0.0223,0.0245,0.0249,0.022,0.0214,0.0225,0.0245,0.0214,0.0211,0.0213
Barbados,Farm-gate emissions,Emissions (N2O),kilotonnes,0.141,0.1304,0.1,0.1007,0.1497,0.1161,0.113,0.111,0.1212,0.1001,0.1023,0.1096,0.1185,0.1203,0.1084,0.1066,0.1127,0.1214,0.1069,0.1057,0.1068
Barbados,Farm-gate emissions,Emissions (CO2),kilotonnes,15.1561,14.9939,12.4494,11.9327,11.7761,11.7499,11.6091,11.1177,15.2706,14.9917,13.9673,12.8394,13.3645,12.8909,16.5321,11.1766,11.2044,11.3062,11.4131,10.3894,10.3894
Barbados,Farm-gate emissions,Emissions (CO2eq) from CH4 (AR5),kilotonnes,46.1365,42.6561,39.3434,36.5665,33.9518,30.7487,26.7491,24.432,25.8125,27.6957,28.3004,27.6811,28.1509,28.5309,28.2955,28.1074,28.3122,29.7248,29.7504,30.0568,29.7456
Barbados,Farm-gate emissions,Emissions (CO2eq) from N2O (AR5),kilotonnes,37.3523,34.5443,26.5081,26.6954,39.6748,30.7765,29.9375,29.4185,32.1214,26.5286,27.1039,29.0338,31.4092,31.8852,28.7333,28.2617,29.8588,32.1772,28.3217,28.0198,28.2931
Barbados,Farm-gate emissions,Emissions (CO2eq) (AR5),kilotonnes,98.6449,92.1943,78.3009,75.1946,85.4026,73.2752,68.2958,64.9683,73.2044,69.2159,69.3716,69.5542,72.9245,73.3069,73.5609,67.5457,69.3755,73.2082,69.4852,68.466,68.4281
Barbados,Land Use change,Emissions (CH4),kilotonnes,0,0,0,0,0,0,0,0,0,0,0,0,0,0,0,0,0,0,0,0,0
Barbados,Land Use change,Emissions (N2O),kilotonnes,0,0,0,0,0,0,0,0,0,0,0,0,0,0,0,0,0,0,0,0,0
Barbados,Land Use change,Emissions (CO2),kilotonnes,0,0,0,0,0,0,0,0,0,0,0,0,0,0,0,0,0,0,0,0,0
Barbados,Land Use change,Emissions (CO2eq) from CH4 (AR5),kilotonnes,0,0,0,0,0,0,0,0,0,0,0,0,0,0,0,0,0,0,0,0,0
Barbados,Land Use change,Emissions (CO2eq) from N2O (AR5),kilotonnes,0,0,0,0,0,0,0,0,0,0,0,0,0,0,0,0,0,0,0,0,0
Barbados,Land Use change,Emissions (CO2eq) (AR5),kilotonnes,0,0,0,0,0,0,0,0,0,0,0,0,0,0,0,0,0,0,0,0,0
Barbados,Emissions on agricultural land,Emissions (CH4),kilotonnes,1.6477,1.5234,1.4051,1.3059,1.2126,1.0982,0.9553,0.8726,0.9219,0.9891,1.0107,0.9886,1.0054,1.019,1.0106,1.0038,1.0112,1.0616,1.0625,1.0735,1.0623
Barbados,Emissions on agricultural land,Emissions (N2O),kilotonnes,0.141,0.1304,0.1,0.1007,0.1497,0.1161,0.113,0.111,0.1212,0.1001,0.1023,0.1096,0.1185,0.1203,0.1084,0.1066,0.1127,0.1214,0.1069,0.1057,0.1068
Barbados,Emissions on agricultural land,Emissions (CO2),kilotonnes,15.1561,14.9939,12.4494,11.9327,11.7761,11.7499,11.6091,11.1177,15.2706,14.9917,13.9673,12.8394,13.3645,12.8909,16.5321,11.1766,11.2044,11.3062,11.4131,10.3894,10.3894
Barbados,Emissions on agricultural land,Emissions (CO2eq) from CH4 (AR5),kilotonnes,46.1365,42.6561,39.3434,36.5665,33.9518,30.7487,26.7491,24.432,25.8125,27.6957,28.3004,27.6811,28.1509,28.5309,28.2955,28.1074,28.3122,29.7248,29.7504,30.0568,29.7456
Barbados,Emissions on agricultural land,Emissions (CO2eq) from N2O (AR5),kilotonnes,37.3523,34.5443,26.5081,26.6954,39.6748,30.7765,29.9375,29.4185,32.1214,26.5286,27.1039,29.0338,31.4092,31.8852,28.7333,28.2617,29.8588,32.1772,28.3217,28.0198,28.2931
Barbados,Emissions on agricultural land,Emissions (CO2eq) (AR5),kilotonnes,98.6449,92.1943,78.3009,75.1946,85.4026,73.2752,68.2958,64.9683,73.2044,69.2159,69.3716,69.5542,72.9245,73.3069,73.5609,67.5457,69.3755,73.2082,69.4852,68.466,68.4281
Barbados,Pre- and post- production,Emissions (CH4),kilotonnes,5.5356,5.4792,5.4729,5.4709,5.4853,5.523,5.5281,5.5767,5.5838,5.5889,5.5841,5.6151,5.6181,5.5736,5.5601,5.5283,5.5806,5.8338,6.0818,6.3438,6.5491
Barbados,Pre- and post- production,Emissions (N2O),kilotonnes,0.0111,0.0115,0.0114,0.0118,0.0117,0.0125,0.0124,0.0127,0.0128,0.0128,0.0128,0.0133,0.0133,0.0135,0.013,0.0132,0.0143,0.0153,0.016,0.0178,0.0188
Barbados,Pre- and post- production,Emissions (CO2),kilotonnes,185.6457,169.8168,157.2786,173.3286,180.7038,183.2812,185.065,191.9912,200.0898,204.8903,205.1861,223.2608,224.7767,220.468,211.321,205.6255,212.9097,218.1695,221.019,250.1218,223.0688
Barbados,Pre- and post- production,Emissions (CO2eq) from CH4 (AR5),kilotonnes,154.9962,153.4166,153.241,153.1863,153.5892,154.6431,154.7859,156.1469,156.3458,156.4883,156.3536,157.2233,157.3058,156.0616,155.6817,154.793,156.2556,163.3467,170.2913,177.6273,183.376
Barbados,Pre- and post- production,Emissions (CO2eq) from N2O (AR5),kilotonnes,2.9419,3.0388,3.0201,3.1264,3.113,3.303,3.2877,3.3677,3.3928,3.3886,3.3813,3.5113,3.5258,3.5764,3.4575,3.4988,3.7808,4.0539,4.2514,4.7224,4.975
Barbados,Pre- and post- production,Emissions (CO2eq) (AR5),kilotonnes,343.5838,326.2722,313.5397,329.6413,337.406,341.2273,343.1386,351.5058,359.8284,364.7672,364.921,383.9954,385.6084,380.106,370.4602,363.9172,372.9462,385.5701,395.5617,432.4715,411.4197
Barbados,Agri-food systems,Emissions (CH4),kilotonnes,7.1833,7.0026,6.878,6.7769,6.6979,6.6211,6.4834,6.4492,6.5057,6.578,6.5948,6.6037,6.6235,6.5926,6.5706,6.5322,6.5917,6.8954,7.1443,7.4173,7.6115
Barbados,Agri-food systems,Emissions (N2O),kilotonnes,0.1521,0.1418,0.1114,0.1125,0.1615,0.1286,0.1254,0.1237,0.134,0.1129,0.115,0.1228,0.1318,0.1338,0.1215,0.1199,0.1269,0.1367,0.1229,0.1236,0.1255
Barbados,Agri-food systems,Emissions (CO2),kilotonnes,200.8019,184.8106,169.728,185.2613,192.4799,195.0311,196.6741,203.1089,215.3604,219.8819,219.1534,236.1002,238.1412,233.3589,227.8531,216.8021,224.1141,229.4757,232.4322,260.5111,233.4581
Barbados,Agri-food systems,Emissions (CO2eq) from CH4 (AR5),kilotonnes,201.1326,196.0727,192.5844,189.7528,187.541,185.3918,181.535,180.5789,182.1582,184.184,184.654,184.9044,185.4567,184.5925,183.9771,182.9004,184.5679,193.0715,200.0417,207.6841,213.1217
Barbados,Agri-food systems,Emissions (CO2eq) from N2O (AR5),kilotonnes,40.2942,37.5831,29.5282,29.8218,42.7878,34.0795,33.2252,32.7862,35.5142,29.9172,30.4852,32.5451,34.935,35.4616,32.1909,31.7605,33.6397,36.2312,32.573,32.7422,33.268
Barbados,Agri-food systems,Emissions (CO2eq) (AR5),kilotonnes,442.2287,418.4665,391.8406,404.8359,422.8086,414.5024,411.4344,416.474,433.0329,433.9831,434.2926,453.5496,458.5329,453.4129,444.0212,431.4629,442.3216,458.7783,465.0469,500.9374,479.8478
Barbados,IPCC Agriculture,Emissions (CH4),kilotonnes,1.6374,1.5133,1.3955,1.2967,1.2036,1.0894,0.9468,0.8646,0.914,0.9815,1.0037,0.9823,0.9991,1.013,1.0044,0.9987,1.0061,1.0567,1.0579,1.0692,1.0581
Barbados,IPCC Agriculture,Emissions (CH4),kilotonnes,,,,,,,,,,,,,,,,,,,,,
Barbados,IPCC Agriculture,Direct emissions (N2O),kilotonnes,0.0983,0.0909,0.0688,0.0686,0.1042,0.0785,0.0756,0.0737,0.0809,0.065,0.0661,0.0718,0.0786,0.0799,0.071,0.0694,0.0733,0.0799,0.0699,0.0692,0.0697
Barbados,IPCC Agriculture,Indirect emissions (N2O),kilotonnes,0.0291,0.0271,0.0202,0.0205,0.0323,0.0242,0.0235,0.0232,0.0255,0.0202,0.0205,0.0223,0.0245,0.0249,0.022,0.0214,0.0225,0.0245,0.0214,0.0211,0.0213
Barbados,IPCC Agriculture,Emissions (N2O),kilotonnes,0.1395,0.1289,0.0989,0.0999,0.1489,0.1153,0.1121,0.1102,0.1196,0.0987,0.1007,0.1079,0.1171,0.1189,0.1071,0.1053,0.1113,0.12,0.1054,0.1043,0.1053
Barbados,IPCC Agriculture,Emissions (N2O),kilotonnes,,,,,,,,,,,,,,,,,,,,,
Barbados,IPCC Agriculture,Emissions (CO2eq) from CH4 (AR5),kilotonnes,45.8473,42.3721,39.0749,36.3076,33.7014,30.504,26.5114,24.2094,25.5907,27.4828,28.1025,27.5038,27.9756,28.3639,28.1235,27.9629,28.1704,29.5887,29.6221,29.9372,29.6261
Barbados,IPCC Agriculture,Emissions (CO2eq) from CH4 (AR5),kilotonnes,,,,,,,,,,,,,,,,,,,,,
Barbados,IPCC Agriculture,Emissions (CO2eq) from N2O (AR5),kilotonnes,36.9555,34.1487,26.2018,26.4744,39.4512,30.548,29.7074,29.191,31.6992,26.1438,26.6946,28.594,31.0184,31.5133,28.3743,27.9128,29.5055,31.7956,27.9352,27.6278,27.9011
Barbados,IPCC Agriculture,Emissions (CO2eq) from N2O (AR5),kilotonnes,,,,,,,,,,,,,,,,,,,,,
Barbados,IPCC Agriculture,Emissions (CO2eq) (AR5),kilotonnes,82.8028,76.5207,65.2767,62.782,73.1526,61.052,56.2187,53.4003,57.2899,53.6266,54.7971,56.0979,58.994,59.8771,56.4978,55.8757,57.6758,61.3843,57.5573,57.5651,57.5272
Barbados,IPCC Agriculture,Emissions (CO2eq) (AR5),kilotonnes,,,,,,,,,,,,,,,,,,,,,
Barbados,Agricultural Soils,Direct emissions (N2O),kilotonnes,0.0983,0.0909,0.0688,0.0686,0.1042,0.0785,0.0756,0.0737,0.0809,0.065,0.0661,0.0718,0.0786,0.0799,0.071,0.0694,0.0733,0.0799,0.0699,0.0692,0.0697
Barbados,Agricultural Soils,Indirect emissions (N2O),kilotonnes,0.0291,0.0271,0.0202,0.0205,0.0323,0.0242,0.0235,0.0232,0.0255,0.0202,0.0205,0.0223,0.0245,0.0249,0.022,0.0214,0.0225,0.0245,0.0214,0.0211,0.0213
Barbados,Agricultural Soils,Emissions (N2O),kilotonnes,0.1274,0.118,0.089,0.0891,0.1365,0.1026,0.0991,0.0969,0.1064,0.0852,0.0866,0.0941,0.1031,0.1048,0.093,0.0909,0.0958,0.1044,0.0912,0.0903,0.091
Barbados,Agricultural Soils,Emissions (N2O),kilotonnes,,,,,,,,,,,,,,,,,,,,,
Barbados,Agricultural Soils,Emissions (CO2eq) from N2O (AR5),kilotonnes,33.7496,31.2779,23.5772,23.6185,36.1698,27.2015,26.2688,25.6776,28.1853,22.5722,22.9417,24.9463,27.3269,27.7814,24.652,24.0827,25.3867,27.6717,24.1789,23.9186,24.1153
Barbados,Agricultural Soils,Emissions (CO2eq) from N2O (AR5),kilotonnes,,,,,,,,,,,,,,,,,,,,,
Barbados,Agricultural Soils,Emissions (CO2eq) (AR5),kilotonnes,33.7496,31.2779,23.5772,23.6185,36.1698,27.2015,26.2688,25.6776,28.1853,22.5722,22.9417,24.9463,27.3269,27.7814,24.652,24.0827,25.3867,27.6717,24.1789,23.9186,24.1153
Barbados,Agricultural Soils,Emissions (CO2eq) (AR5),kilotonnes,,,,,,,,,,,,,,,,,,,,,
Barbados,LULUCF,Emissions (CH4),kilotonnes,0,0,0,0,0,0,0,0,0,0,0,0,0,0,0,0,0,0,0,0,0
Barbados,LULUCF,Emissions (N2O),kilotonnes,0,0,0,0,0,0,0,0,0,0,0,0,0,0,0,0,0,0,0,0,0
Barbados,LULUCF,Emissions (CO2),kilotonnes,0.0234,-1.3843,-1.3843,-1.3843,-1.3843,-1.3843,-1.3843,-1.3843,-1.3843,-1.3843,-1.3843,-0.8475,-0.8475,-0.8475,-0.8475,-0.8475,-1.8328,-1.8328,-1.8328,-1.8328,-1.8328
Barbados,LULUCF,Emissions (CO2),kilotonnes,,,,,,,,,,,,,,,,,,,,,
Barbados,LULUCF,Emissions (CO2eq) from CH4 (AR5),kilotonnes,0,0,0,0,0,0,0,0,0,0,0,0,0,0,0,0,0,0,0,0,0
Barbados,LULUCF,Emissions (CO2eq) from N2O (AR5),kilotonnes,0,0,0,0,0,0,0,0,0,0,0,0,0,0,0,0,0,0,0,0,0
Barbados,LULUCF,Emissions (CO2eq) (AR5),kilotonnes,0.0234,-1.3843,-1.3843,-1.3843,-1.3843,-1.3843,-1.3843,-1.3843,-1.3843,-1.3843,-1.3843,-0.8475,-0.8475,-0.8475,-0.8475,-0.8475,-1.8328,-1.8328,-1.8328,-1.8328,-1.8328
Barbados,LULUCF,Emissions (CO2eq) (AR5),kilotonnes,,,,,,,,,,,,,,,,,,,,,
Barbados,AFOLU,Emissions (CH4),kilotonnes,1.6374,1.5133,1.3955,1.2967,1.2036,1.0894,0.9468,0.8646,0.914,0.9815,1.0037,0.9823,0.9991,1.013,1.0044,0.9987,1.0061,1.0567,1.0579,1.0692,1.0581
Barbados,AFOLU,Emissions (N2O),kilotonnes,0.1395,0.1289,0.0989,0.0999,0.1489,0.1153,0.1121,0.1102,0.1196,0.0987,0.1007,0.1079,0.1171,0.1189,0.1071,0.1053,0.1113,0.12,0.1054,0.1043,0.1053
Barbados,AFOLU,Emissions (CO2),kilotonnes,0.0234,-1.3843,-1.3843,-1.3843,-1.3843,-1.3843,-1.3843,-1.3843,-1.3843,-1.3843,-1.3843,-0.8475,-0.8475,-0.8475,-0.8475,-0.8475,-1.8328,-1.8328,-1.8328,-1.8328,-1.8328
Barbados,AFOLU,Emissions (CO2eq) from CH4 (AR5),kilotonnes,45.8473,42.3721,39.0749,36.3076,33.7014,30.504,26.5114,24.2094,25.5907,27.4828,28.1025,27.5038,27.9756,28.3639,28.1235,27.9629,28.1704,29.5887,29.6221,29.9372,29.6261
Barbados,AFOLU,Emissions (CO2eq) from N2O (AR5),kilotonnes,36.9555,34.1487,26.2018,26.4744,39.4512,30.548,29.7074,29.191,31.6992,26.1438,26.6946,28.594,31.0184,31.5133,28.3743,27.9128,29.5055,31.7956,27.9352,27.6278,27.9011
Barbados,AFOLU,Emissions (CO2eq) (AR5),kilotonnes,82.8263,75.1364,63.8924,61.3977,71.7683,59.6677,54.8345,52.016,55.9056,52.2423,53.4128,55.2504,58.1465,59.0296,55.6502,55.0282,55.843,59.5515,55.7245,55.7323,55.6944
Barbados,All sectors with LULUCF,Emissions (CH4),kilotonnes,9.3474,8.7233,8.2655,8.1667,8.1736,8.0994,7.6068,7.4846,7.564,7.4415,7.3137,7.5123,7.3681,7.344,7.2454,7.2297,7.2481,7.3087,7.3209,7.1262,7.0711
Barbados,All sectors with LULUCF,Emissions (N2O),kilotonnes,0.2549,0.2423,0.2042,0.211,0.2617,0.2359,0.2269,0.2223,0.2494,0.231,0.2363,0.264,0.2691,0.2735,0.2453,0.2471,0.2546,0.239,0.2219,0.2467,0.249
Barbados,All sectors with LULUCF,Emissions (CO2),kilotonnes,1163.0234,1192.6157,1206.6157,1252.6157,1271.6157,1323.6157,1351.6157,1377.6157,1621.6157,1611.6157,1469.6157,1527.1525,1476.5525,1449.6525,1269.4525,1279.5525,1298.5672,1178.7672,1218.8672,1258.2672,1118.2672
Barbados,All sectors with LULUCF,Emissions (CO2eq) from CH4 (AR5),kilotonnes,261.7273,244.2521,231.4349,228.6676,228.8614,226.784,212.9914,209.5694,211.7907,208.3628,204.7825,210.3438,206.3076,205.6319,202.8715,202.4309,202.9464,204.6447,204.9861,199.5332,197.9901
Barbados,All sectors with LULUCF,Emissions (CO2eq) from N2O (AR5),kilotonnes,67.5373,64.2005,54.1071,55.9167,69.344,62.5078,60.1302,58.8983,66.097,61.2041,62.6294,69.9614,71.2992,72.4831,64.9981,65.4906,67.4808,63.3315,58.8085,65.3647,65.9824
Barbados,All sectors with LULUCF,Emissions (CO2eq) (AR5),kilotonnes,1492.2881,1501.0682,1492.1577,1537.2,1569.8211,1612.9075,1624.7373,1646.0833,1899.5034,1881.1826,1737.0276,1807.4577,1754.1593,1727.7674,1537.3221,1547.474,1568.9944,1446.7434,1482.6618,1523.1651,1382.2397
Barbados,All sectors without LULUCF,Emissions (CH4),kilotonnes,9.3474,8.7233,8.2655,8.1667,8.1736,8.0994,7.6068,7.4846,7.564,7.4415,7.3137,7.5123,7.3681,7.344,7.2454,7.2297,7.2481,7.3087,7.3209,7.1262,7.0711
Barbados,All sectors without LULUCF,Emissions (N2O),kilotonnes,0.2549,0.2423,0.2042,0.211,0.2617,0.2359,0.2269,0.2223,0.2494,0.231,0.2363,0.264,0.2691,0.2735,0.2453,0.2471,0.2546,0.239,0.2219,0.2467,0.249
Barbados,All sectors without LULUCF,Emissions (CO2),kilotonnes,1163,1194,1208,1254,1273,1325,1353,1379,1623,1613,1471,1528,1477.4,1450.5,1270.3,1280.4,1300.4,1180.6,1220.7,1260.1,1120.1
Barbados,All sectors without LULUCF,Emissions (CO2eq) from CH4 (AR5),kilotonnes,261.7273,244.2521,231.4349,228.6676,228.8614,226.784,212.9914,209.5694,211.7907,208.3628,204.7825,210.3438,206.3076,205.6319,202.8715,202.4309,202.9464,204.6447,204.9861,199.5332,197.9901
Barbados,All sectors without LULUCF,Emissions (CO2eq) from N2O (AR5),kilotonnes,67.5373,64.2005,54.1071,55.9167,69.344,62.5078,60.1302,58.8983,66.097,61.2041,62.6294,69.9614,71.2992,72.4831,64.9981,65.4906,67.4808,63.3315,58.8085,65.3647,65.9824
Barbados,All sectors without LULUCF,Emissions (CO2eq) (AR5),kilotonnes,1492.2646,1502.4525,1493.542,1538.5843,1571.2054,1614.2918,1626.1216,1647.4676,1900.8877,1882.5669,1738.4119,1808.3052,1755.0068,1728.615,1538.1696,1548.3216,1570.8272,1448.5762,1484.4946,1524.9979,1384.0725
Belarus,Crop Residues,Direct emissions (N2O),kilotonnes,1.2501,1.2644,1.2828,1.1412,1.3512,1.2403,1.1953,1.3594,1.546,1.4345,1.299,1.4438,1.517,1.3128,1.5239,1.4087,1.2319,1.3291,1.0907,1.2502,1.4311
Belarus,Crop Residues,Direct emissions (N2O),kilotonnes,2.5226,2.8808,2.3824,2.8812,3.2178,3.2907,3.234,3.2736,3.5657,3.9706,3.7405,3.839,3.6848,3.7353,3.9948,3.8223,5.9391,5.6883,5.3671,5.5572,6.2479
Belarus,Crop Residues,Indirect emissions (N2O),kilotonnes,0.2813,0.2845,0.2886,0.2568,0.304,0.2791,0.2689,0.3059,0.3479,0.3228,0.2923,0.3249,0.3413,0.2954,0.3429,0.317,0.2772,0.299,0.2454,0.2813,0.322
Belarus,Crop Residues,Emissions (N2O),kilotonnes,1.5313,1.5489,1.5714,1.398,1.6553,1.5193,1.4643,1.6652,1.8939,1.7573,1.5913,1.7687,1.8583,1.6081,1.8667,1.7257,1.5091,1.6281,1.3362,1.5315,1.753
Belarus,Crop Residues,Emissions (N2O),kilotonnes,2.5226,2.8808,2.3824,2.8812,3.2178,3.2907,3.234,3.2736,3.5657,3.9706,3.7405,3.839,3.6848,3.7353,3.9948,3.8223,5.9391,5.6883,5.3671,5.5572,6.2479
Belarus,Crop Residues,Emissions (CO2eq) from N2O (AR5),kilotonnes,405.8013,410.4496,416.419,370.4569,438.6491,402.6189,388.0336,441.2909,501.8838,465.6714,421.6929,468.6988,492.4426,426.1519,494.6846,457.2975,399.9148,431.4488,354.0824,405.8395,464.558
Belarus,Crop Residues,Emissions (CO2eq) from N2O (AR5),kilotonnes,668.4937,763.3989,631.3431,763.5171,852.7173,872.045,857.0081,867.5056,944.9195,1052.2067,991.2322,1017.3286,976.4706,989.8614,1058.6334,1012.912,1573.855,1507.3879,1422.2765,1472.6477,1655.703
Belarus,Crop Residues,Emissions (CO2eq) (AR5),kilotonnes,405.8013,410.4496,416.419,370.4569,438.6491,402.6189,388.0336,441.2909,501.8838,465.6714,421.6929,468.6988,492.4426,426.1519,494.6846,457.2975,399.9148,431.4488,354.0824,405.8395,464.558
Belarus,Crop Residues,Emissions (CO2eq) (AR5),kilotonnes,668.4937,763.3989,631.3431,763.5171,852.7173,872.045,857.0081,867.5056,944.9195,1052.2067,991.2322,1017.3286,976.4706,989.8614,1058.6334,1012.912,1573.855,1507.3879,1422.2765,1472.6477,1655.703
Belarus,Burning - Crop residues,Emissions (CH4),kilotonnes,0.5233,0.473,0.4323,0.3738,0.3961,0.484,0.5166,0.7487,0.86,0.862,0.9525,1.1927,1.2811,1.2846,1.1035,0.9274,1.1026,1.1265,1.1841,1.2637,1.3571
Belarus,Burning - Crop residues,Emissions (N2O),kilotonnes,0.0136,0.0123,0.0112,0.0097,0.0103,0.0125,0.0134,0.0194,0.0223,0.0223,0.0247,0.0309,0.0332,0.0333,0.0286,0.024,0.0286,0.0292,0.0307,0.0328,0.0352
Belarus,Burning - Crop residues,Emissions (CO2eq) from CH4 (AR5),kilotonnes,14.6513,13.2451,12.1051,10.4658,11.0895,13.5518,14.4635,20.9625,24.0787,24.1371,26.6704,33.395,35.872,35.9683,30.8985,25.9675,30.872,31.5418,33.1537,35.3849,37.9994
Belarus,Burning - Crop residues,Emissions (CO2eq) from N2O (AR5),kilotonnes,3.595,3.25,2.9702,2.568,2.721,3.3252,3.5489,5.1436,5.9082,5.9225,6.5441,8.1941,8.8019,8.8256,7.5816,6.3717,7.5751,7.7394,8.1349,8.6824,9.3239
Belarus,Burning - Crop residues,Emissions (CO2eq) (AR5),kilotonnes,18.2463,16.4951,15.0753,13.0338,13.8105,16.877,18.0124,26.1061,29.9869,30.0596,33.2145,41.5891,44.6739,44.7938,38.4801,32.3392,38.4471,39.2812,41.2887,44.0673,47.3233
Belarus,Enteric Fermentation,Emissions (CH4),kilotonnes,337.6603,329.4928,318.5139,312.2487,304.8559,305.2153,304.2039,302.2047,301.1211,308.0072,308.8039,310.1074,315.8549,322.8764,322.6832,321.7108,317.7241,321.2175,319.2886,316.4768,315.8657
Belarus,Enteric Fermentation,Emissions (CH4),kilotonnes,285.6601,286.0397,280.6823,274.8296,277.2787,287.687,293.396,291.7796,296.5032,306.1616,309.1197,311.3266,318.7359,324.9299,320.5465,324.2661,324.359,322.8237,321.6038,325.0631,310.4723
Belarus,Enteric Fermentation,Emissions (CO2eq) from CH4 (AR5),kilotonnes,9454.4884,9225.7998,8918.3892,8742.9636,8535.9652,8546.0284,8517.7078,8461.7327,8431.3908,8624.2016,8646.5078,8683.0086,8843.9386,9040.5406,9035.1296,9007.9024,8896.274,8994.0911,8940.0802,8861.3515,8844.2399
Belarus,Enteric Fermentation,Emissions (CO2eq) from CH4 (AR5),kilotonnes,7998.4826,8009.1126,7859.1036,7695.2275,7763.8046,8055.237,8215.0875,8169.8298,8302.0903,8572.5245,8655.3513,8717.144,8924.6055,9098.0367,8975.3033,9079.4521,9082.052,9039.0646,9004.9052,9101.7658,8693.2234
Belarus,Enteric Fermentation,Emissions (CO2eq) (AR5),kilotonnes,9454.4884,9225.7998,8918.3892,8742.9636,8535.9652,8546.0284,8517.7078,8461.7327,8431.3908,8624.2016,8646.5078,8683.0086,8843.9386,9040.5406,9035.1296,9007.9024,8896.274,8994.0911,8940.0802,8861.3515,8844.2399
Belarus,Enteric Fermentation,Emissions (CO2eq) (AR5),kilotonnes,7998.4826,8009.1126,7859.1036,7695.2275,7763.8046,8055.237,8215.0875,8169.8298,8302.0903,8572.5245,8655.3513,8717.144,8924.6055,9098.0367,8975.3033,9079.4521,9082.052,9039.0646,9004.9052,9101.7658,8693.2234
Belarus,Manure Management,Emissions (CH4),kilotonnes,51.8531,50.4819,48.966,47.8912,46.7955,47.1362,48.0247,48.2069,47.9526,49.0856,49.8901,50.9468,52.9832,51.2231,50.8886,51.9711,50.9491,51.2105,50.108,50.0445,49.948
Belarus,Manure Management,Emissions (CH4),kilotonnes,26.0087,25.315,24.8437,24.5284,24.2254,24.6336,25.3912,25.6339,25.4618,26.0801,26.506,27.2811,27.9637,29.4176,27.1462,26.091,27.002,26.9745,27.1572,26.2204,25.2412
Belarus,Manure Management,Emissions (N2O),kilotonnes,3.0545,2.9768,2.8831,2.8277,2.7668,2.7902,2.8163,2.8197,2.814,2.89,2.9175,2.9518,3.0509,3.0037,2.9871,3.0162,2.9802,3.0092,2.9576,2.9408,2.9359
Belarus,Manure Management,Emissions (N2O),kilotonnes,2.8875,2.8312,2.7752,2.7317,2.6908,2.7164,2.7985,2.8119,2.8357,2.9183,2.991,3.0777,3.1547,3.298,3.1901,3.1927,3.2597,3.259,3.2783,3.254,3.053
Belarus,Manure Management,Emissions (CO2eq) from CH4 (AR5),kilotonnes,1451.887,1413.4943,1371.0476,1340.9546,1310.2737,1319.8145,1344.6928,1349.7939,1342.6729,1374.396,1396.9237,1426.5113,1483.5309,1434.2456,1424.8821,1455.1897,1426.576,1433.8952,1403.0229,1401.2457,1398.5444
Belarus,Manure Management,Emissions (CO2eq) from CH4 (AR5),kilotonnes,728.2427,708.8198,695.6234,686.7955,678.3126,689.7406,710.9544,717.7497,712.9302,730.2425,742.167,763.8711,782.9826,823.6936,760.0949,730.5482,756.0574,755.2873,760.4005,734.1711,706.7542
Belarus,Manure Management,Emissions (CO2eq) from N2O (AR5),kilotonnes,809.4519,788.8409,764.0262,749.349,733.1921,739.4073,746.3293,747.2212,745.7147,765.8457,773.1254,782.2305,808.4881,795.98,791.5766,799.2897,789.749,797.4496,783.7744,779.3191,778.0199
Belarus,Manure Management,Emissions (CO2eq) from N2O (AR5),kilotonnes,765.1881,750.2594,735.4294,723.8944,713.0586,719.8401,741.5901,745.1626,751.4713,773.3379,792.6071,815.5961,836.0016,873.9597,845.3895,846.0723,863.8219,863.6361,868.7483,862.3033,809.039
Belarus,Manure Management,Emissions (CO2eq) (AR5),kilotonnes,2261.339,2202.3352,2135.0738,2090.3037,2043.4659,2059.2218,2091.0221,2097.0151,2088.3876,2140.2417,2170.0491,2208.7417,2292.019,2230.2255,2216.4587,2254.4794,2216.325,2231.3448,2186.7973,2180.5648,2176.5643
Belarus,Manure Management,Emissions (CO2eq) (AR5),kilotonnes,1493.4308,1459.0792,1431.0527,1410.6899,1391.3712,1409.5807,1452.5445,1462.9123,1464.4015,1503.5804,1534.7741,1579.4672,1618.9842,1697.6534,1605.4844,1576.6205,1619.8792,1618.9234,1629.1488,1596.4745,1515.7932
Belarus,Manure left on Pasture,Direct emissions (N2O),kilotonnes,1.6837,1.6454,1.5916,1.5569,1.5186,1.5204,1.514,1.5053,1.5024,1.5353,1.5352,1.5303,1.5498,1.5847,1.5822,1.5747,1.5516,1.5667,1.5556,1.5371,1.533
Belarus,Manure left on Pasture,Indirect emissions (N2O),kilotonnes,0.393,0.3845,0.372,0.3632,0.3534,0.3523,0.3492,0.346,0.3443,0.3501,0.3487,0.3459,0.3478,0.3538,0.3525,0.3501,0.3444,0.3466,0.3434,0.3386,0.3372
Belarus,Manure left on Pasture,Emissions (N2O),kilotonnes,2.0767,2.0299,1.9636,1.92,1.8719,1.8727,1.8631,1.8513,1.8467,1.8854,1.8839,1.8762,1.8976,1.9384,1.9347,1.9249,1.896,1.9133,1.899,1.8757,1.8702
Belarus,Manure left on Pasture,Emissions (CO2eq) from N2O (AR5),kilotonnes,550.3328,537.9324,520.3445,508.8119,496.062,496.2779,493.7304,490.5895,489.3802,499.6325,499.231,497.1844,502.8644,513.6886,512.6896,510.0959,502.4418,507.0206,503.234,497.0506,495.5963
Belarus,Manure left on Pasture,Emissions (CO2eq) (AR5),kilotonnes,550.3328,537.9324,520.3445,508.8119,496.062,496.2779,493.7304,490.5895,489.3802,499.6325,499.231,497.1844,502.8644,513.6886,512.6896,510.0959,502.4418,507.0206,503.234,497.0506,495.5963
Belarus,Manure applied to Soils,Direct emissions (N2O),kilotonnes,3.0478,2.972,2.8782,2.8207,2.7613,2.7922,2.8367,2.849,2.8513,2.9364,2.9754,3.0195,3.1314,3.0849,3.0891,3.1247,3.09,3.1186,3.0638,3.047,3.0429
Belarus,Manure applied to Soils,Direct emissions (N2O),kilotonnes,2.1406,2.1076,2.0668,2.0321,2.0012,2.0156,2.0598,2.0655,2.0822,2.1439,2.1932,2.2533,2.3043,2.4054,2.337,2.3518,2.3979,2.4012,2.4175,2.2647,2.1509
Belarus,Manure applied to Soils,Indirect emissions (N2O),kilotonnes,1.2953,1.2631,1.2232,1.1988,1.1736,1.1867,1.2056,1.2108,1.2118,1.248,1.2646,1.2833,1.3309,1.3111,1.3129,1.328,1.3133,1.3254,1.3021,1.295,1.2932
Belarus,Manure applied to Soils,Emissions (N2O),kilotonnes,4.3432,4.2351,4.1015,4.0195,3.9349,3.9788,4.0424,4.0599,4.0631,4.1844,4.24,4.3027,4.4623,4.396,4.402,4.4527,4.4033,4.444,4.3659,4.342,4.3361
Belarus,Manure applied to Soils,Emissions (N2O),kilotonnes,2.1406,2.1076,2.0668,2.0321,2.0012,2.0156,2.0598,2.0655,2.0822,2.1439,2.1932,2.2533,2.3043,2.4054,2.337,2.3518,2.3979,2.4012,2.4175,2.2647,2.1509
Belarus,Manure applied to Soils,Emissions (CO2eq) from N2O (AR5),kilotonnes,1150.9364,1122.313,1086.8856,1065.1606,1042.74,1054.3892,1071.226,1075.8713,1076.7224,1108.8739,1123.5915,1140.2247,1182.5063,1164.939,1166.5375,1179.963,1166.8772,1177.6589,1156.9676,1150.6419,1149.0709
Belarus,Manure applied to Soils,Emissions (CO2eq) from N2O (AR5),kilotonnes,567.2669,558.5165,547.7021,538.5011,530.3094,534.1309,545.8529,547.3663,551.7787,568.1295,581.2009,597.1375,610.6301,637.4269,619.3127,623.2372,635.4377,636.314,640.6286,600.1561,569.9803
Belarus,Manure applied to Soils,Emissions (CO2eq) (AR5),kilotonnes,1150.9364,1122.313,1086.8856,1065.1606,1042.74,1054.3892,1071.226,1075.8713,1076.7224,1108.8739,1123.5915,1140.2247,1182.5063,1164.939,1166.5375,1179.963,1166.8772,1177.6589,1156.9676,1150.6419,1149.0709
Belarus,Manure applied to Soils,Emissions (CO2eq) (AR5),kilotonnes,567.2669,558.5165,547.7021,538.5011,530.3094,534.1309,545.8529,547.3663,551.7787,568.1295,581.2009,597.1375,610.6301,637.4269,619.3127,623.2372,635.4377,636.314,640.6286,600.1561,569.9803
Belarus,Synthetic Fertilizers,Direct emissions (N2O),kilotonnes,4.4,4.5571,3.8846,4.8714,5.4419,6.38,7.5319,7.029,8.2264,8.6994,8.327,9.4459,8.7577,8.4046,7.1668,6.9736,5.4766,6.3933,6.3626,6.3993,7.2578
Belarus,Synthetic Fertilizers,Direct emissions (N2O),kilotonnes,5.238,4.347,3.885,4.871,5.442,6.38,7.532,7.029,8.226,8.699,8.327,9.446,8.756,8.404,7.167,6.972,5.4764,6.3926,6.3627,6.4004,6.787
Belarus,Synthetic Fertilizers,Indirect emissions (N2O),kilotonnes,1.43,1.4811,1.2625,1.5832,1.7686,2.0735,2.4479,2.2844,2.6736,2.8273,2.7063,3.0699,2.8462,2.7315,2.3292,2.2664,1.7799,2.0778,2.0679,2.0798,2.3588
Belarus,Synthetic Fertilizers,Emissions (N2O),kilotonnes,5.83,6.0382,5.1471,6.4546,7.2105,8.4535,9.9797,9.3134,10.9,11.5267,11.0333,12.5158,11.6039,11.136,9.496,9.2401,7.2564,8.4711,8.4305,8.479,9.6165
Belarus,Synthetic Fertilizers,Emissions (N2O),kilotonnes,5.238,4.347,3.885,4.871,5.442,6.38,7.532,7.029,8.226,8.699,8.327,9.446,8.756,8.404,7.167,6.972,5.4764,6.3926,6.3627,6.4004,6.787
Belarus,Synthetic Fertilizers,Emissions (CO2eq) from N2O (AR5),kilotonnes,1544.95,1600.1268,1363.9701,1710.4804,1910.7721,2240.1775,2644.6233,2468.0576,2888.5047,3054.5869,2923.8179,3316.6766,3075.0409,2951.0531,2516.4532,2448.6188,1922.9551,2244.8455,2234.0805,2246.9367,2548.3785
Belarus,Synthetic Fertilizers,Emissions (CO2eq) from N2O (AR5),kilotonnes,1388.07,1151.955,1029.525,1290.815,1442.13,1690.7,1995.98,1862.685,2179.89,2305.235,2206.655,2503.19,2320.34,2227.06,1899.255,1847.58,1451.2536,1694.0314,1686.1193,1696.1136,1798.555
Belarus,Synthetic Fertilizers,Emissions (CO2eq) (AR5),kilotonnes,1544.95,1600.1268,1363.9701,1710.4804,1910.7721,2240.1775,2644.6233,2468.0576,2888.5047,3054.5869,2923.8179,3316.6766,3075.0409,2951.0531,2516.4532,2448.6188,1922.9551,2244.8455,2234.0805,2246.9367,2548.3785
Belarus,Synthetic Fertilizers,Emissions (CO2eq) (AR5),kilotonnes,1388.07,1151.955,1029.525,1290.815,1442.13,1690.7,1995.98,1862.685,2179.89,2305.235,2206.655,2503.19,2320.34,2227.06,1899.255,1847.58,1451.2536,1694.0314,1686.1193,1696.1136,1798.555
Belarus,Drained organic soils,Emissions (CO2eq) (AR5),kilotonnes,51483.8293,51449.0303,51349.6035,51270.6086,51105.305,51070.7669,50994.9479,50938.1431,50686.5543,50591.143,50590.354,50679.7613,50699.6847,50722.1517,50709.7467,50709.309,50262.9979,50083.6933,49996.2676,49804.6025,49810.0449
Belarus,Drained organic soils,Emissions (CO2eq) (AR5),kilotonnes,3710.3453,3691.0696,3671.794,3652.5183,3633.2427,3613.967,3594.6914,3575.4157,3556.1401,3536.8644,3517.5888,3498.3132,3479.0375,3459.7619,3440.4862,3421.2106,3401.9349,3382.6593,3363.3836,3344.088,3344.088
Belarus,Drained organic soils (CO2),Emissions (CO2),kilotonnes,43370.8632,43341.5595,43257.8128,43191.2835,43052.0637,43022.9888,42959.1328,42911.2818,42699.3765,42619.0157,42618.3454,42693.6271,42710.4031,42729.3217,42718.8525,42718.4837,42342.4852,42191.3926,42117.6724,41956.1749,41960.7529
Belarus,Drained organic soils (CO2),Emissions (CO2eq) (AR5),kilotonnes,43370.8632,43341.5595,43257.8128,43191.2835,43052.0637,43022.9888,42959.1328,42911.2818,42699.3765,42619.0157,42618.3454,42693.6271,42710.4031,42729.3217,42718.8525,42718.4837,42342.4852,42191.3926,42117.6724,41956.1749,41960.7529
Belarus,Drained organic soils (N2O),Emissions (N2O),kilotonnes,30.615,30.5942,30.5351,30.488,30.3896,30.369,30.3238,30.29,30.1403,30.0835,30.0831,30.1364,30.1482,30.1616,30.1543,30.1541,29.8887,29.7823,29.7305,29.6167,29.62
Belarus,Drained organic soils (N2O),Emissions (N2O),kilotonnes,14.0013,13.9286,13.8558,13.7831,13.7103,13.6376,13.5649,13.4921,13.4194,13.3467,13.2739,13.2012,13.1284,13.0557,12.983,12.9102,12.8375,12.7648,12.692,12.6192,12.6192
Belarus,Drained organic soils (N2O),Emissions (CO2eq) from N2O (AR5),kilotonnes,8112.9661,8107.4708,8091.7906,8079.3251,8053.2414,8047.7782,8035.8151,8026.8613,7987.1778,7972.1273,7972.0086,7986.1342,7989.2816,7992.83,7990.8942,7990.8253,7920.5127,7892.3007,7878.5952,7848.4275,7849.292
Belarus,Drained organic soils (N2O),Emissions (CO2eq) from N2O (AR5),kilotonnes,3710.3453,3691.0696,3671.794,3652.5183,3633.2427,3613.967,3594.6914,3575.4157,3556.1401,3536.8644,3517.5888,3498.3132,3479.0375,3459.7619,3440.4862,3421.2106,3401.9349,3382.6593,3363.3836,3344.088,3344.088
Belarus,Drained organic soils (N2O),Emissions (CO2eq) (AR5),kilotonnes,8112.9661,8107.4708,8091.7906,8079.3251,8053.2414,8047.7782,8035.8151,8026.8613,7987.1778,7972.1273,7972.0086,7986.1342,7989.2816,7992.83,7990.8942,7990.8253,7920.5127,7892.3007,7878.5952,7848.4275,7849.292
Belarus,Drained organic soils (N2O),Emissions (CO2eq) (AR5),kilotonnes,3710.3453,3691.0696,3671.794,3652.5183,3633.2427,3613.967,3594.6914,3575.4157,3556.1401,3536.8644,3517.5888,3498.3132,3479.0375,3459.7619,3440.4862,3421.2106,3401.9349,3382.6593,3363.3836,3344.088,3344.088
Belarus,On-farm energy use,Emissions (CH4),kilotonnes,0.371,0.271,0.2747,0.2579,0.2455,0.2509,0.2677,0.283,0.2976,0.1702,0.1609,0.1822,0.3017,0.384,0.4708,0.4383,0.4129,0.4381,0.4334,0.4259,0.4259
Belarus,On-farm energy use,Emissions (N2O),kilotonnes,0.7307,0.6694,0.6523,0.6749,0.7153,0.7755,0.8373,0.8782,0.9534,0.726,0.7048,0.7579,0.7631,0.7132,0.727,0.7133,0.7022,0.7995,0.8553,0.881,0.881
Belarus,On-farm energy use,Emissions (CO2),kilotonnes,2156.8725,1932.2114,1883.4543,1915.9875,2023.0723,2178.3189,2377.5892,2540.0273,2800.6888,2179.1236,2091.1223,2276.2748,2319.0409,2240.5398,2236.7171,2178.469,2190.5541,2454.1307,2591.7981,2662.8143,2662.8143
Belarus,On-farm energy use,Emissions (CO2eq) from CH4 (AR5),kilotonnes,10.3879,7.5866,7.6911,7.2217,6.8751,7.0262,7.4965,7.9252,8.3331,4.7657,4.5047,5.1015,8.4465,10.7507,13.1831,12.2738,11.5624,12.2663,12.1342,11.9244,11.9244
Belarus,On-farm energy use,Emissions (CO2eq) from N2O (AR5),kilotonnes,193.6336,177.3836,172.8635,178.8402,189.5505,205.497,221.874,232.7189,252.6491,192.3849,186.7672,200.834,202.2299,188.9955,192.6642,189.0291,186.0821,211.8553,226.6669,233.4675,233.4675
Belarus,On-farm energy use,Emissions (CO2eq) (AR5),kilotonnes,2360.894,2117.1817,2064.0088,2102.0494,2219.4979,2390.8421,2606.9597,2780.6714,3061.671,2376.2742,2282.3942,2482.2103,2529.7173,2440.2859,2442.5643,2379.7719,2388.1986,2678.2523,2830.5992,2908.2062,2908.2062
Belarus,Forestland,Emissions (CO2),kilotonnes,-58360.7156,-47416.71,-47416.71,-47416.71,-47416.71,-47416.71,-47416.71,-47416.71,-47416.71,-47416.71,-47416.71,-42335.4903,-42335.4903,-42335.4903,-42335.4903,-42335.4903,-43554.3753,-43554.3753,-43554.3753,-43554.3753,-43554.3753
Belarus,Forestland,Emissions (CO2),kilotonnes,-51316.3933,-49897.2833,-48767.3267,-45964.8567,-47986.4,-49604.3753,-52078.9793,-54141.0467,-53905.6467,-57925.7433,-60076.1957,-58912.92,-57343.33,-59294.5063,-58499.76,-57555.3,-52222.61,-46730.3467,-49044.93,-45196.2133,-48350.94
Belarus,Forestland,Emissions (CO2eq) (AR5),kilotonnes,-58360.7156,-47416.71,-47416.71,-47416.71,-47416.71,-47416.71,-47416.71,-47416.71,-47416.71,-47416.71,-47416.71,-42335.4903,-42335.4903,-42335.4903,-42335.4903,-42335.4903,-43554.3753,-43554.3753,-43554.3753,-43554.3753,-43554.3753
Belarus,Forestland,Emissions (CO2eq) (AR5),kilotonnes,-51316.3933,-49897.2833,-48767.3267,-45964.8567,-47986.4,-49604.3753,-52078.9793,-54141.0467,-53905.6467,-57925.7433,-60076.1957,-58912.92,-57343.33,-59294.5063,-58499.76,-57555.3,-52222.61,-46730.3467,-49044.93,-45196.2133,-48350.94
Belarus,Net Forest conversion,Emissions (CO2),kilotonnes,2983.1589,0,0,0,0,0,0,0,0,0,0,3516.8203,3516.8203,3516.8203,3516.8203,3516.8203,0,0,0,0,0
Belarus,Net Forest conversion,Emissions (CO2),kilotonnes,-2148.8079,-2148.0418,-2148.5525,-2152.1275,-2150.34,-2136.2955,-2139.1044,-2203.4537,-2224.9035,-2236.6498,-2380.3318,-2248.9654,-2148.388,-2257.86,-2305.754,-2463.12,-2641.012,-2880.482,-2996.796,-3013.2168,-3088.4788
Belarus,Net Forest conversion,Emissions (CO2eq) (AR5),kilotonnes,2983.1589,0,0,0,0,0,0,0,0,0,0,3516.8203,3516.8203,3516.8203,3516.8203,3516.8203,0,0,0,0,0
Belarus,Net Forest conversion,Emissions (CO2eq) (AR5),kilotonnes,-2148.8079,-2148.0418,-2148.5525,-2152.1275,-2150.34,-2136.2955,-2139.1044,-2203.4537,-2224.9035,-2236.6498,-2380.3318,-2248.9654,-2148.388,-2257.86,-2305.754,-2463.12,-2641.012,-2880.482,-2996.796,-3013.2168,-3088.4788
Belarus,Savanna fires,Emissions (CH4),kilotonnes,0.0122,0.1021,1.0231,0.3446,0.0805,0.1405,0.3651,0.0667,0.0596,0.1121,0.0481,0.0241,0.2484,0.0759,0.3323,0.5739,0.045,0.0189,0.2778,0.1556,0.337
Belarus,Savanna fires,Emissions (N2O),kilotonnes,0.0011,0.0093,0.0934,0.0315,0.0073,0.0128,0.0333,0.0061,0.0054,0.0102,0.0044,0.0022,0.0227,0.0069,0.0303,0.0524,0.0041,0.0017,0.0254,0.0142,0.0308
Belarus,Savanna fires,Emissions (CO2eq) from CH4 (AR5),kilotonnes,0.3416,2.8597,28.6457,9.6474,2.2536,3.9349,10.2226,1.8673,1.67,3.1397,1.348,0.6755,6.954,2.124,9.3049,16.07,1.2603,0.5283,7.778,4.3574,9.4367
Belarus,Savanna fires,Emissions (CO2eq) from N2O (AR5),kilotonnes,0.2955,2.4711,24.7536,8.3366,1.9474,3.4003,8.8336,1.6136,1.4431,2.7131,1.1648,0.5837,6.0092,1.8354,8.0407,13.8866,1.0891,0.4565,6.7212,3.7654,8.1545
Belarus,Savanna fires,Emissions (CO2eq) (AR5),kilotonnes,0.6371,5.3308,53.3993,17.9841,4.2009,7.3351,19.0562,3.481,3.113,5.8528,2.5128,1.2592,12.9632,3.9594,17.3456,29.9566,2.3494,0.9848,14.4991,8.1228,17.5912
Belarus,Fires in organic soils,Emissions (CH4),kilotonnes,0,0,0,0,0,0,0,0,0,0,0,0,0,0,0,0,0,0,0,0,0
Belarus,Fires in organic soils,Emissions (CO2),kilotonnes,0,0,0,0,0,0,0,0,0,0,0,0,0,0,0,0,0,0,0,0,0
Belarus,Fires in organic soils,Emissions (CO2eq) from CH4 (AR5),kilotonnes,0,0,0,0,0,0,0,0,0,0,0,0,0,0,0,0,0,0,0,0,0
Belarus,Fires in organic soils,Emissions (CO2eq) (AR5),kilotonnes,0,0,0,0,0,0,0,0,0,0,0,0,0,0,0,0,0,0,0,0,0
Belarus,Forest fires,Emissions (CH4),kilotonnes,0.5061,0.2599,2.7285,1.6539,0.2524,0.1974,0.9294,0.0325,0.1,0.0625,0.0999,0.035,0.5946,0.1024,1.1317,0.3922,0.1574,0.01,1.0674,0.1874,0.5421
Belarus,Forest fires,Emissions (N2O),kilotonnes,0.028,0.0237,0.2491,0.151,0.023,0.018,0.0849,0.003,0.0091,0.0057,0.0091,0.0032,0.0543,0.0094,0.1033,0.0358,0.0144,0.0009,0.0975,0.0171,0.0495
Belarus,Forest fires,Emissions (CO2eq) from CH4 (AR5),kilotonnes,14.171,7.2759,76.3975,46.31,7.0667,5.5262,26.0218,0.9094,2.7991,1.7488,2.7985,0.9795,16.6482,2.8682,31.6886,10.9826,4.4078,0.2799,29.8879,5.2465,15.1781
Belarus,Forest fires,Emissions (CO2eq) from N2O (AR5),kilotonnes,7.4192,6.2873,66.0174,40.0179,6.1065,4.7753,22.4863,0.7859,2.4188,1.5112,2.4182,0.8465,14.3862,2.4785,27.3831,9.4904,3.8089,0.2418,25.8271,4.5337,13.1158
Belarus,Forest fires,Emissions (CO2eq) (AR5),kilotonnes,21.5902,13.5632,142.415,86.3279,13.1732,10.3015,48.5081,1.6953,5.2179,3.2601,5.2167,1.826,31.0343,5.3467,59.0716,20.4729,8.2167,0.5217,55.715,9.7802,28.2939
Belarus,Fires in humid tropical forests,Emissions (CH4),kilotonnes,0,0,0,0,0,0,0,0,0,0,0,0,0,0,0,0,0,0,0,0,0
Belarus,Fires in humid tropical forests,Emissions (N2O),kilotonnes,0,0,0,0,0,0,0,0,0,0,0,0,0,0,0,0,0,0,0,0,0
Belarus,Fires in humid tropical forests,Emissions (CO2eq) from CH4 (AR5),kilotonnes,0,0,0,0,0,0,0,0,0,0,0,0,0,0,0,0,0,0,0,0,0
Belarus,Fires in humid tropical forests,Emissions (CO2eq) from N2O (AR5),kilotonnes,0,0,0,0,0,0,0,0,0,0,0,0,0,0,0,0,0,0,0,0,0
Belarus,Fires in humid tropical forests,Emissions (CO2eq) (AR5),kilotonnes,0,0,0,0,0,0,0,0,0,0,0,0,0,0,0,0,0,0,0,0,0
Belarus,Waste - agri-food systems,Emissions (CH4),kilotonnes,68.0724,68.3898,68.8626,69.8166,70.637,71.2317,71.9235,72.6224,73.5937,74.0881,74.5148,76.0602,76.3096,76.5218,76.2223,75.3039,75.7559,76.2266,76.6992,77.1808,77.5878
Belarus,Waste - agri-food systems,Emissions (N2O),kilotonnes,0.478,0.4722,0.4553,0.4483,0.4576,0.4581,0.4648,0.4703,0.4661,0.4679,0.4773,0.51,0.5155,0.4969,0.4955,0.4866,0.4894,0.5015,0.5054,0.5029,0.4996
Belarus,Waste - agri-food systems,Emissions (CO2),kilotonnes,61.9574,61.8763,62.3199,62.8528,63.5478,64.257,64.7938,65.3347,66.118,65.645,65.9581,66.1612,66.3254,66.6972,66.8106,65.9222,65.4747,65.8394,66.0857,66.2732,66.1496
Belarus,Waste - agri-food systems,Emissions (CO2eq) from CH4 (AR5),kilotonnes,1906.027,1914.9132,1928.1516,1954.8648,1977.8347,1994.4869,2013.857,2033.4264,2060.6234,2074.4678,2086.4138,2129.6869,2136.6678,2142.6109,2134.2245,2108.5082,2121.1646,2134.3439,2147.578,2161.0611,2172.4574
Belarus,Waste - agri-food systems,Emissions (CO2eq) from N2O (AR5),kilotonnes,126.662,125.1334,120.6573,118.7881,121.266,121.4091,123.1766,124.629,123.5207,123.9867,126.4889,135.1415,136.6092,131.6728,131.3098,128.9582,129.6842,132.9075,133.9287,133.2739,132.3877
Belarus,Waste - agri-food systems,Emissions (CO2eq) (AR5),kilotonnes,2094.6465,2101.923,2111.1288,2136.5057,2162.6485,2180.153,2201.8273,2223.39,2250.2621,2264.0995,2278.8608,2330.9896,2339.6024,2340.9809,2332.3449,2303.3886,2316.3235,2333.0907,2347.5923,2360.6082,2370.9947
Belarus,Fertilizers Manufacturing,Emissions (N2O),kilotonnes,1.1808,1.2204,1.2351,1.3807,1.3994,1.4077,1.4642,1.5028,1.5345,1.3321,1.4085,1.5567,1.5577,1.5255,1.5084,1.4338,1.4615,1.4635,1.4498,2.4133,2.3205
Belarus,Fertilizers Manufacturing,Emissions (CO2),kilotonnes,1039.6557,1431.4607,2732.4991,2975.5134,3282.209,3396.4884,3483.0089,3604.268,3598.07,2734.0902,3830.654,4086.4308,3865.9028,6135.4156,7279.6503,7239.386,7205.5352,7692.8601,7793.2462,7910.4538,7274.5652
Belarus,Fertilizers Manufacturing,Emissions (CO2eq) from N2O (AR5),kilotonnes,312.912,323.406,327.3015,365.8855,370.841,373.0405,388.013,398.242,406.6425,353.0065,373.2525,412.5255,412.7905,404.2575,399.726,379.957,387.2975,387.8275,384.197,639.5245,614.9274
Belarus,Fertilizers Manufacturing,Emissions (CO2eq) (AR5),kilotonnes,1352.5677,1754.8667,3059.8006,3341.3989,3653.05,3769.5289,3871.0219,4002.51,4004.7125,3087.0967,4203.9065,4498.9563,4278.6933,6539.6731,7679.3763,7619.343,7592.8327,8080.6876,8177.4432,8549.9783,7889.4926
Belarus,On-farm electricity use,Emissions (CH4),kilotonnes,2.2199,2.0699,1.8923,1.7303,1.6523,1.6955,1.8503,1.7111,1.7195,1.7615,1.8887,1.8839,1.8935,1.9438,1.8743,1.8383,1.8611,1.8983,1.9045,1.9106,1.9106
Belarus,On-farm electricity use,Emissions (N2O),kilotonnes,0.0118,0.0111,0.0101,0.0092,0.0088,0.0091,0.0099,0.0091,0.0092,0.0094,0.0101,0.0101,0.0101,0.0104,0.01,0.0098,0.0099,0.0101,0.0102,0.0102,0.0102
Belarus,On-farm electricity use,Emissions (CO2),kilotonnes,872.7358,791.288,715.0515,638.9757,636.9274,648.0956,710.1843,644.2945,665.3193,682.4606,706.1403,692.7806,670.8364,732.3848,706.1637,692.601,701.1907,715.2055,717.5563,719.8348,719.8348
Belarus,On-farm electricity use,Emissions (CO2eq) from CH4 (AR5),kilotonnes,62.1572,57.9572,52.9844,48.4484,46.2644,47.474,51.8084,47.9108,48.146,49.322,52.8836,52.7492,53.018,54.4264,52.4804,51.4724,52.1108,53.1524,53.326,53.4968,53.4968
Belarus,On-farm electricity use,Emissions (CO2eq) from N2O (AR5),kilotonnes,3.127,2.9415,2.6765,2.438,2.332,2.4115,2.6235,2.4115,2.438,2.491,2.6765,2.6765,2.6765,2.756,2.65,2.597,2.6235,2.6765,2.703,2.703,2.703
Belarus,On-farm electricity use,Emissions (CO2eq) (AR5),kilotonnes,938.02,852.1867,770.7124,689.8621,685.5238,697.9811,764.6162,694.6168,715.9033,734.2736,761.7004,748.2063,726.5309,789.5672,761.2941,746.6704,755.925,771.0344,773.5853,776.0346,776.0346
Belarus,Food Processing,Emissions (CH4),kilotonnes,5.0371,4.8755,4.498,4.4963,4.6748,4.9048,5.0038,5.0125,5.0838,5.191,5.3048,5.6441,5.5941,5.3754,5.2079,4.7961,5.1327,5.1794,5.1762,5.2122,5.1562
Belarus,Food Processing,Emissions (N2O),kilotonnes,0.0275,0.0266,0.0246,0.0243,0.0257,0.0271,0.0276,0.0275,0.0279,0.0286,0.0291,0.0311,0.0306,0.0297,0.0286,0.0263,0.0282,0.0285,0.0291,0.0287,0.0276
Belarus,Food Processing,Emissions (CO2),kilotonnes,2094.6323,1966.065,1817.3461,1772.8211,1944.7687,2025.2986,2072.1641,2050.7228,2151.4966,2250.4689,2254.8104,2370.2974,2245.8678,2326.3274,2237.2385,2060.9197,2223.3825,2240.9027,2343.1678,2284.1422,2100.5295
Belarus,Food Processing,Emissions (CO2eq) from CH4 (AR5),kilotonnes,141.0388,136.514,125.944,125.8964,130.8944,137.3344,140.1064,140.35,142.3464,145.348,148.5344,158.0348,156.6348,150.5112,145.8212,134.2908,143.7156,145.0232,144.9336,145.9416,144.3723
Belarus,Food Processing,Emissions (CO2eq) from N2O (AR5),kilotonnes,7.2875,7.049,6.519,6.4395,6.8105,7.1815,7.314,7.2875,7.3935,7.579,7.7115,8.2415,8.109,7.8705,7.579,6.9695,7.473,7.5525,7.7115,7.6055,7.313
Belarus,Food Processing,Emissions (CO2eq) (AR5),kilotonnes,2242.9586,2109.628,1949.8091,1905.157,2082.4736,2169.8145,2219.5845,2198.3603,2301.2365,2403.3959,2411.0563,2536.5737,2410.6116,2484.7091,2390.6387,2202.18,2374.5711,2393.4784,2495.8129,2437.6893,2252.2148
Belarus,Food Packaging,Emissions (CH4),kilotonnes,0.6668,0.6767,0.6697,0.6794,0.7,0.7139,0.7365,0.7551,0.7756,0.7541,0.846,0.6546,0.6545,0.6505,0.6852,0.6379,0.6267,0.6781,0.817,0.6663,0.6591
Belarus,Food Packaging,Emissions (N2O),kilotonnes,0.0044,0.0045,0.0042,0.0043,0.0046,0.0047,0.0048,0.0049,0.0051,0.0049,0.0054,0.0044,0.0043,0.0042,0.0043,0.0038,0.0037,0.004,0.0047,0.0038,0.0037
Belarus,Food Packaging,Emissions (CO2),kilotonnes,568.9631,581.1547,564.9648,618.2385,685.5644,705.517,715.5578,754.1916,798.2556,751.6381,813.68,724.0144,675.2093,627.4287,581.5011,456.1818,411.0873,455.411,511.6334,567.1202,521.5318
Belarus,Food Packaging,Emissions (CO2eq) from CH4 (AR5),kilotonnes,18.6704,18.9476,18.7516,19.0232,19.6,19.9892,20.622,21.1428,21.7168,21.1148,23.688,18.3288,18.326,18.214,19.1856,17.8612,17.5476,18.9868,22.876,18.6564,18.4558
Belarus,Food Packaging,Emissions (CO2eq) from N2O (AR5),kilotonnes,1.166,1.1925,1.113,1.1395,1.219,1.2455,1.272,1.2985,1.3515,1.2985,1.431,1.166,1.1395,1.113,1.1395,1.007,0.9805,1.06,1.2455,1.007,0.9683
Belarus,Food Packaging,Emissions (CO2eq) (AR5),kilotonnes,588.7995,601.2948,584.8294,638.4012,706.3834,726.7517,737.4518,776.6329,821.3239,774.0514,838.799,743.5092,694.6748,646.7557,601.8262,475.05,429.6154,475.4578,535.7549,586.7836,540.9558
Belarus,Food Retail,Emissions (CH4),kilotonnes,1.5839,1.6367,1.4976,1.6001,1.5954,1.6687,1.6995,1.6063,1.4864,1.7393,1.7824,1.8197,1.9864,1.9948,2.0218,1.933,1.9781,1.9663,1.8361,1.8752,1.855
Belarus,Food Retail,Emissions (N2O),kilotonnes,0.0099,0.0098,0.0087,0.0092,0.009,0.0093,0.0095,0.0088,0.0082,0.0095,0.0098,0.0099,0.0108,0.0109,0.011,0.0105,0.0107,0.0107,0.01,0.0082,0.0079
Belarus,Food Retail,Emissions (CO2),kilotonnes,781.6713,721.4163,646.8859,673.6917,689.9411,694.1071,702.1634,647.6896,623.5089,710.7432,702.8854,701.1533,737.8693,787.2245,792.2438,755.7665,772.7008,772.426,724.3464,536.6826,493.5409
Belarus,Food Retail,Emissions (CO2eq) from F-gases (AR5),kilotonnes,128.836,169.8765,224.424,314.2975,417.678,456.6405,521.0585,585.4765,593.269,596.9055,599.503,600.542,601.581,602.1005,602.1005,602.1005,656.1285,670.155,684.1815,698.208,732.9447
Belarus,Food Retail,Emissions (CO2eq) from CH4 (AR5),kilotonnes,44.3492,45.8276,41.9328,44.8028,44.6712,46.7236,47.586,44.9764,41.6192,48.7004,49.9072,50.9516,55.6192,55.8544,56.6104,54.124,55.3868,55.0564,51.4108,52.5056,51.941
Belarus,Food Retail,Emissions (CO2eq) from N2O (AR5),kilotonnes,2.6235,2.597,2.3055,2.438,2.385,2.4645,2.5175,2.332,2.173,2.5175,2.597,2.6235,2.862,2.8885,2.915,2.7825,2.8355,2.8355,2.65,2.173,2.0894
Belarus,Food Retail,Emissions (CO2eq) (AR5),kilotonnes,957.48,939.7174,915.5482,1035.23,1154.6753,1199.9357,1273.3254,1280.4745,1260.5701,1358.8666,1354.8926,1355.2704,1397.9315,1448.0679,1453.8697,1414.7735,1487.0516,1500.4729,1462.5887,1289.5692,1280.5161
Belarus,Food Household Consumption,Emissions (CH4),kilotonnes,1.4944,1.3775,1.3727,1.3999,1.3619,1.3839,1.3597,1.372,1.3928,1.3882,1.4935,1.3734,1.4058,1.4006,1.3442,1.3412,1.3602,1.3602,1.3575,1.3301,1.3158
Belarus,Food Household Consumption,Emissions (N2O),kilotonnes,0.0083,0.0078,0.0078,0.0079,0.0077,0.0079,0.0077,0.0078,0.008,0.008,0.0086,0.0079,0.0082,0.0081,0.0079,0.0078,0.008,0.008,0.008,0.0078,0.0075
Belarus,Food Household Consumption,Emissions (CO2),kilotonnes,1032.9585,1009.8531,1005.4908,996.6611,998.7288,1015.273,1012.3207,1010.4081,1025.8091,1057.5588,1135.1625,1060.424,1115.4235,1129.2385,1093.9873,1077.0177,1132.9585,1122.022,1123.6767,1113.7567,1024.2264
Belarus,Food Household Consumption,Emissions (CO2eq) from CH4 (AR5),kilotonnes,41.8432,38.57,38.4356,39.1972,38.1332,38.7492,38.0716,38.416,38.9984,38.8696,41.818,38.4552,39.3624,39.2168,37.6376,37.5536,38.0856,38.0856,38.01,37.2428,36.8423
Belarus,Food Household Consumption,Emissions (CO2eq) from N2O (AR5),kilotonnes,2.1995,2.067,2.067,2.0935,2.0405,2.0935,2.0405,2.067,2.12,2.12,2.279,2.0935,2.173,2.1465,2.0935,2.067,2.12,2.12,2.12,2.067,1.9875
Belarus,Food Household Consumption,Emissions (CO2eq) (AR5),kilotonnes,1077.0012,1050.4901,1045.9934,1037.9518,1038.9025,1056.1157,1052.4328,1050.8911,1066.9275,1098.5484,1179.2595,1100.9727,1156.9589,1170.6018,1133.7184,1116.6383,1173.1641,1162.2276,1163.8067,1153.0665,1063.0563
Belarus,Food Transport,Emissions (CH4),kilotonnes,0.1437,0.1312,0.1346,0.1337,0.1319,0.1457,0.1616,0.1631,0.1738,0.1641,0.1645,0.1671,0.1709,0.1677,0.1629,0.1535,0.1598,0.1633,0.1724,0.117,0.1157
Belarus,Food Transport,Emissions (N2O),kilotonnes,0.0531,0.0576,0.0521,0.0546,0.0573,0.0632,0.0689,0.0711,0.086,0.0569,0.06,0.0636,0.0602,0.0615,0.058,0.0529,0.0513,0.0536,0.0564,0.0427,0.0411
Belarus,Food Transport,Emissions (CO2),kilotonnes,709.7433,675.9133,712.71,729.785,745.095,842.705,958.38,957.98,1098.3,1001.745,1083.5883,1160.6383,1231.561,1244.776,1179.189,1051.5063,1091.6763,1144.8813,1206.6055,1076.0206,989.5238
Belarus,Food Transport,Emissions (CO2eq) from CH4 (AR5),kilotonnes,4.0236,3.6736,3.7688,3.7436,3.6932,4.0796,4.5248,4.5668,4.8664,4.5948,4.606,4.6788,4.7852,4.6956,4.5612,4.298,4.4744,4.5724,4.8272,3.276,3.2408
Belarus,Food Transport,Emissions (CO2eq) from N2O (AR5),kilotonnes,14.0715,15.264,13.8065,14.469,15.1845,16.748,18.2585,18.8415,22.79,15.0785,15.9,16.854,15.953,16.2975,15.37,14.0185,13.5945,14.204,14.946,11.3155,10.8803
Belarus,Food Transport,Emissions (CO2eq) (AR5),kilotonnes,727.8384,694.8509,730.2853,747.9976,763.9727,863.5326,981.1633,981.3883,1125.9564,1021.4183,1104.0943,1182.1711,1252.2992,1265.7691,1199.1202,1069.8228,1109.7452,1163.6577,1226.3787,1090.6121,1003.6448
Belarus,Energy,Emissions (CH4),kilotonnes,28.2,28.9,29.7,29.7,30.4,32.1,33.4,32.6,32,31.1,29.6,30.9,31,30.2,29.1,28.4,27.1,27.7,27.7,27.9,27.6
Belarus,Energy,Emissions (N2O),kilotonnes,1.37,1.35,1.3,1.34,1.41,1.53,1.66,1.71,1.89,1.48,1.5,1.57,1.57,1.52,1.5,1.41,1.39,1.52,1.59,1.56,1.5
Belarus,Energy,Emissions (CO2),kilotonnes,53900,53100,53100,53800,57200,58000,60800,59100,61500,58600,60500,61400,60700,60700,60100,56100,56200,56900,61800,62200,57200
Belarus,Energy,Emissions (CO2eq) from CH4 (AR5),kilotonnes,789.6,809.2,831.6,831.6,851.2,898.8,935.2,912.8,896,870.8,828.8,865.2,868,845.6,814.8,795.2,758.8,775.6,775.6,781.2,772.8
Belarus,Energy,Emissions (CO2eq) from N2O (AR5),kilotonnes,363.05,357.75,344.5,355.1,373.65,405.45,439.9,453.15,500.85,392.2,397.5,416.05,416.05,402.8,397.5,373.65,368.35,402.8,421.35,413.4,397.5
Belarus,Energy,Emissions (CO2eq) (AR5),kilotonnes,55052.65,54266.95,54276.1,54986.7,58424.85,59304.25,62175.1,60465.95,62896.85,59863,61726.3,62681.25,61984.05,61948.4,61312.3,57268.85,57327.15,58078.4,62996.95,63394.6,58370.3
Belarus,IPPU,Emissions (CH4),kilotonnes,0.0979,0.181,0.147,0.176,0.187,0.192,0.228,0.208,0.25,0.163,0.255,0.253,0.261,0.23,0.257,0.262,0.212,0.235,0.235,0.295,0.289
Belarus,IPPU,Emissions (N2O),kilotonnes,2.33,2.26,2.25,2.28,2.25,2.28,2.33,2.4,2.36,2.31,2.43,50.6,51.5,51.6,51.6,51.6,51.6,51.6,51.6,59.5,65.5
Belarus,IPPU,Emissions (CO2),kilotonnes,3460,3540,3880,3850,4110,4340,4560,4670,4840,4920,5110,5310,5550,5720,6150,5850,5670,5700,5760,6120,5470
Belarus,IPPU,Emissions (CO2eq) from F-gases (AR5),kilotonnes,163.2548,200.1814,246.8257,309.018,415.911,536.4085,580.1375,654.9626,730.7594,772.5449,850.2853,942.6019,1175.823,1302.1511,1506.2196,1681.1354,1758.8758,1826.8986,1904.639,1953.2267,2050.4022
Belarus,IPPU,Emissions (CO2eq) from CH4 (AR5),kilotonnes,2.7412,5.068,4.116,4.928,5.236,5.376,6.384,5.824,7,4.564,7.14,7.084,7.308,6.44,7.196,7.336,5.936,6.58,6.58,8.26,8.092
Belarus,IPPU,Emissions (CO2eq) from N2O (AR5),kilotonnes,617.45,598.9,596.25,604.2,596.25,604.2,617.45,636,625.4,612.15,643.95,13409,13647.5,13674,13674,13674,13674,13674,13674,15767.5,17357.5
Belarus,IPPU,Emissions (CO2eq) (AR5),kilotonnes,4243.446,4344.1494,4727.1917,4768.146,5127.397,5485.9845,5763.9715,5966.7866,6203.1594,6309.2589,6611.3753,19668.6859,20380.631,20702.5911,21337.4156,21212.4714,21108.8118,21207.4786,21345.219,23848.9867,24885.9942
Belarus,Waste,Emissions (CH4),kilotonnes,106,107,110,119,140,115,123,121,156,163,176,169,171,178,185,194,194,195,196,197,197
Belarus,Waste,Emissions (N2O),kilotonnes,0.544,0.54,0.537,0.531,0.525,0.528,0.536,0.544,0.544,0.545,0.546,0.562,0.578,0.579,0.571,0.557,0.552,0.552,0.559,0.555,0.552
Belarus,Waste,Emissions (CO2),kilotonnes,26.5,29,12.4,36.2,44.8,40.5,38.3,36.4,39.9,46,81.8,72.5,38.8,38.5,41.5,36.3,35.5,40.3,75.8,100,27.3
Belarus,Waste,Emissions (CO2eq) from CH4 (AR5),kilotonnes,2968,2996,3080,3332,3920,3220,3444,3388,4368,4564,4928,4732,4788,4984,5180,5432,5432,5460,5488,5516,5516
Belarus,Waste,Emissions (CO2eq) from N2O (AR5),kilotonnes,144.16,143.1,142.305,140.715,139.125,139.92,142.04,144.16,144.16,144.425,144.69,148.93,153.17,153.435,151.315,147.605,146.28,146.28,148.135,147.075,146.28
Belarus,Waste,Emissions (CO2eq) (AR5),kilotonnes,3138.66,3168.1,3234.705,3508.915,4103.925,3400.42,3624.34,3568.56,4552.06,4754.425,5154.49,4953.43,4979.97,5175.935,5372.815,5615.905,5613.78,5646.58,5711.935,5763.075,5689.58
Belarus,Other,Emissions (N2O),kilotonnes,0.807,0.788,0.786,0.779,0.804,0.829,0.889,0.858,0.921,0.903,0.946,0.907,0.943,0.934,0.906,0.831,0.844,0.866,0.904,0.903,0.905
Belarus,Other,Emissions (CO2eq) from N2O (AR5),kilotonnes,213.855,208.82,208.29,206.435,213.06,219.685,235.585,227.37,244.065,239.295,250.69,240.355,249.895,247.51,240.09,220.215,223.66,229.49,239.56,239.295,239.825
Belarus,Other,Emissions (CO2eq) (AR5),kilotonnes,213.855,208.82,208.29,206.435,213.06,219.685,235.585,227.37,244.065,239.295,250.69,240.355,249.895,247.51,240.09,220.215,223.66,229.49,239.56,239.295,239.825
Belarus,Farm-gate emissions,Emissions (CH4),kilotonnes,390.4199,380.8209,369.21,361.1162,352.3735,353.227,353.378,351.5101,350.2909,358.2371,359.8555,362.4533,370.6694,375.8439,375.4785,375.6215,370.2337,374.0115,371.2918,368.3666,367.9337
Belarus,Farm-gate emissions,Direct emissions (N2O),kilotonnes,10.3816,10.439,9.6371,10.3902,11.073,11.9328,13.0779,12.7428,14.1262,14.6057,14.1366,15.4394,14.9559,14.3869,13.362,13.0818,11.3502,12.4076,12.0728,12.2336,13.2647
Belarus,Farm-gate emissions,Indirect emissions (N2O),kilotonnes,3.3996,3.4132,3.1463,3.4019,3.5995,3.8916,4.2716,4.1471,4.5776,4.7482,4.6118,5.0239,4.8662,4.6917,4.3374,4.2615,3.7147,4.0489,3.9587,3.9946,4.3111
Belarus,Farm-gate emissions,Emissions (N2O),kilotonnes,48.1961,48.1141,46.9586,47.8239,48.5618,49.7844,51.3736,50.9033,52.6392,53.0859,52.4828,54.3425,53.8402,52.9974,51.6269,51.3033,48.6687,50.0784,49.6312,49.7137,51.0787
Belarus,Farm-gate emissions,Emissions (CO2),kilotonnes,45527.7357,45273.771,45141.2671,45107.2711,45075.136,45201.3077,45336.7221,45451.3091,45500.0653,44798.1394,44709.4677,44969.9019,45029.444,44969.8615,44955.5696,44896.9526,44533.0393,44645.5233,44709.4704,44618.9892,44623.5671
Belarus,Farm-gate emissions,Emissions (CO2eq) from CH4 (AR5),kilotonnes,10931.7562,10662.9856,10337.8787,10111.2532,9866.4571,9890.3558,9894.5832,9842.2816,9808.1455,10030.6401,10075.9546,10148.6918,10378.742,10523.6291,10513.3982,10517.4034,10366.5446,10472.3228,10396.1691,10314.264,10302.1448
Belarus,Farm-gate emissions,Emissions (CO2eq) from N2O (AR5),kilotonnes,12771.9627,12750.2381,12444.0233,12673.3287,12868.8755,13192.8715,13614.0143,13489.368,13949.384,14067.7581,13907.9434,14400.7609,14267.6648,14044.299,13681.1221,13595.3776,12897.1969,13270.7752,13152.2571,13174.1306,13535.8616
Belarus,Farm-gate emissions,Emissions (CO2eq) (AR5),kilotonnes,69231.4547,68686.9946,67923.169,67891.8529,67810.4686,68284.5349,68845.3195,68782.9587,69257.5947,68896.5376,68693.3657,69519.3547,69675.8509,69537.7896,69150.0899,69009.7336,67796.7808,68388.6213,68257.8967,68107.3838,68461.5734
Belarus,Land Use change,Emissions (CH4),kilotonnes,0,0,0,0,0,0,0,0,0,0,0,0,0,0,0,0,0,0,0,0,0
Belarus,Land Use change,Emissions (N2O),kilotonnes,0,0,0,0,0,0,0,0,0,0,0,0,0,0,0,0,0,0,0,0,0
Belarus,Land Use change,Emissions (CO2),kilotonnes,2983.1589,0,0,0,0,0,0,0,0,0,0,3516.8203,3516.8203,3516.8203,3516.8203,3516.8203,0,0,0,0,0
Belarus,Land Use change,Emissions (CO2eq) from CH4 (AR5),kilotonnes,0,0,0,0,0,0,0,0,0,0,0,0,0,0,0,0,0,0,0,0,0
Belarus,Land Use change,Emissions (CO2eq) from N2O (AR5),kilotonnes,0,0,0,0,0,0,0,0,0,0,0,0,0,0,0,0,0,0,0,0,0
Belarus,Land Use change,Emissions (CO2eq) (AR5),kilotonnes,2983.1589,0,0,0,0,0,0,0,0,0,0,3516.8203,3516.8203,3516.8203,3516.8203,3516.8203,0,0,0,0,0
Belarus,Emissions on agricultural land,Emissions (CH4),kilotonnes,390.4199,380.8209,369.21,361.1162,352.3735,353.227,353.378,351.5101,350.2909,358.2371,359.8555,362.4533,370.6694,375.8439,375.4785,375.6215,370.2337,374.0115,371.2918,368.3666,367.9337
Belarus,Emissions on agricultural land,Emissions (N2O),kilotonnes,48.1961,48.1141,46.9586,47.8239,48.5618,49.7844,51.3736,50.9033,52.6392,53.0859,52.4828,54.3425,53.8402,52.9974,51.6269,51.3033,48.6687,50.0784,49.6312,49.7137,51.0787
Belarus,Emissions on agricultural land,Emissions (CO2),kilotonnes,48510.8947,45273.771,45141.2671,45107.2711,45075.136,45201.3077,45336.7221,45451.3091,45500.0653,44798.1394,44709.4677,48486.7222,48546.2643,48486.6817,48472.3898,48413.7729,44533.0393,44645.5233,44709.4704,44618.9892,44623.5671
Belarus,Emissions on agricultural land,Emissions (CO2eq) from CH4 (AR5),kilotonnes,10931.7562,10662.9856,10337.8787,10111.2532,9866.4571,9890.3558,9894.5832,9842.2816,9808.1455,10030.6401,10075.9546,10148.6918,10378.742,10523.6291,10513.3982,10517.4034,10366.5446,10472.3228,10396.1691,10314.264,10302.1448
Belarus,Emissions on agricultural land,Emissions (CO2eq) from N2O (AR5),kilotonnes,12771.9627,12750.2381,12444.0233,12673.3287,12868.8755,13192.8715,13614.0143,13489.368,13949.384,14067.7581,13907.9434,14400.7609,14267.6648,14044.299,13681.1221,13595.3776,12897.1969,13270.7752,13152.2571,13174.1306,13535.8616
Belarus,Emissions on agricultural land,Emissions (CO2eq) (AR5),kilotonnes,72214.6136,68686.9946,67923.169,67891.8529,67810.4686,68284.5349,68845.3195,68782.9587,69257.5947,68896.5376,68693.3657,73036.175,73192.6712,73054.6099,72666.9102,72526.5539,67796.7808,68388.6213,68257.8967,68107.3838,68461.5734
Belarus,Pre- and post- production,Emissions (CH4),kilotonnes,79.2182,79.1573,78.9275,79.8563,80.7533,81.7442,82.7349,83.2425,84.2256,85.0863,85.9947,87.603,88.0148,88.0546,87.5186,86.0039,86.8745,87.4722,87.9629,88.2922,88.6002
Belarus,Pre- and post- production,Emissions (N2O),kilotonnes,1.7738,1.81,1.7979,1.9385,1.9701,1.9871,2.0574,2.1023,2.145,1.9173,2.0088,2.1937,2.1974,2.1472,2.1237,2.0315,2.0627,2.0799,2.0736,3.0176,2.9179
Belarus,Pre- and post- production,Emissions (CO2),kilotonnes,7162.3174,7239.0274,8257.2681,8468.5393,9046.7822,9391.7417,9718.573,9734.8893,10026.8775,9254.3498,10592.879,10861.9,10608.9955,13049.4927,13936.7843,13399.3012,13604.006,14209.548,14486.318,14274.2841,13189.902
Belarus,Pre- and post- production,Emissions (CO2eq) from F-gases (AR5),kilotonnes,128.836,169.8765,224.424,314.2975,417.678,456.6405,521.0585,585.4765,593.269,596.9055,599.503,600.542,601.581,602.1005,602.1005,602.1005,656.1285,670.155,684.1815,698.208,732.9447
Belarus,Pre- and post- production,Emissions (CO2eq) from CH4 (AR5),kilotonnes,2218.1094,2216.4032,2209.9688,2235.9764,2261.0911,2288.8369,2316.5762,2330.7892,2358.3166,2382.4174,2407.851,2452.8853,2464.4134,2465.5293,2450.5209,2408.1082,2432.4854,2449.2207,2462.9616,2472.1803,2480.8064
Belarus,Pre- and post- production,Emissions (CO2eq) from N2O (AR5),kilotonnes,470.049,479.6504,476.4463,513.6911,522.0785,526.5941,545.2156,557.109,568.4292,508.0777,532.3364,581.322,582.3127,569.0023,562.7828,538.3567,546.6087,551.1835,549.5017,799.6694,773.2566
Belarus,Pre- and post- production,Emissions (CO2eq) (AR5),kilotonnes,9979.3119,10104.9576,11168.1072,11532.5043,12247.6298,12663.8132,13101.4232,13208.2639,13546.8923,12741.7504,14132.5694,14496.6493,14257.3026,16686.1248,17552.1885,16947.8666,17239.2286,17880.1071,18182.9627,18244.3418,17176.9098
Belarus,Agri-food systems,Emissions (CH4),kilotonnes,469.6381,459.9782,448.1374,440.9725,433.1267,434.9712,436.1128,434.7525,434.5165,443.3235,445.8502,450.0563,458.6841,463.8985,462.9971,461.6254,457.1082,461.4837,459.2547,456.6587,456.534
Belarus,Agri-food systems,Emissions (N2O),kilotonnes,49.9699,49.9241,48.7565,49.7623,50.5319,51.7716,53.4311,53.0056,54.7842,55.0032,54.4916,56.5362,56.0377,55.1445,53.7506,53.3348,50.7313,52.1583,51.7048,52.7313,53.9967
Belarus,Agri-food systems,Emissions (CO2),kilotonnes,55673.2121,52512.7984,53398.5352,53575.8104,54121.9182,54593.0494,55055.295,55186.1984,55526.9428,54052.4892,55302.3468,59348.6222,59155.2598,61536.1744,62409.1742,61813.0741,58137.0454,58855.0713,59195.7885,58893.2733,57813.4691
Belarus,Agri-food systems,Emissions (CO2eq) from F-gases (AR5),kilotonnes,128.836,169.8765,224.424,314.2975,417.678,456.6405,521.0585,585.4765,593.269,596.9055,599.503,600.542,601.581,602.1005,602.1005,602.1005,656.1285,670.155,684.1815,698.208,732.9447
Belarus,Agri-food systems,Emissions (CO2eq) from CH4 (AR5),kilotonnes,13149.8657,12879.3888,12547.8475,12347.2296,12127.5482,12179.1927,12211.1593,12173.0708,12166.462,12413.0575,12483.8055,12601.5771,12843.1554,12989.1584,12963.9191,12925.5116,12799.03,12921.5434,12859.1307,12786.4443,12782.9512
Belarus,Agri-food systems,Emissions (CO2eq) from N2O (AR5),kilotonnes,13242.0117,13229.8885,12920.4696,13187.0197,13390.954,13719.4655,14159.2299,14046.4769,14517.8132,14575.8358,14440.2798,14982.083,14849.9776,14613.3014,14243.905,14133.7344,13443.8056,13821.9587,13701.7588,13973.8,14309.1182
Belarus,Agri-food systems,Emissions (CO2eq) (AR5),kilotonnes,82193.9255,78791.9522,79091.2762,79424.3572,80058.0984,80948.3481,81946.7428,81991.2226,82804.487,81638.288,82825.9351,87532.8243,87449.9738,89740.7347,90219.0987,89474.4205,85036.0095,86268.7284,86440.8594,86351.7256,85638.4832
Belarus,IPCC Agriculture,Emissions (CH4),kilotonnes,390.0489,380.55,368.9353,360.8583,352.1279,352.9761,353.1102,351.227,349.9933,358.0669,359.6946,362.2711,370.3677,375.4599,375.0077,375.1832,369.8208,373.5734,370.8584,367.9407,367.5079
Belarus,IPCC Agriculture,Emissions (CH4),kilotonnes,311.6688,311.3547,305.526,299.358,301.5042,312.3206,318.7872,317.4136,321.965,332.2417,335.6257,338.6077,346.6996,354.3475,347.6928,350.3572,351.3611,349.7983,348.7609,351.2835,335.7135
Belarus,IPCC Agriculture,Direct emissions (N2O),kilotonnes,10.3816,10.439,9.6371,10.3902,11.073,11.9328,13.0779,12.7428,14.1262,14.6057,14.1366,15.4394,14.9559,14.3869,13.362,13.0818,11.3502,12.4076,12.0728,12.2336,13.2647
Belarus,IPCC Agriculture,Indirect emissions (N2O),kilotonnes,3.3996,3.4132,3.1463,3.4019,3.5995,3.8916,4.2716,4.1471,4.5776,4.7482,4.6118,5.0239,4.8662,4.6917,4.3374,4.2615,3.7147,4.0489,3.9587,3.9946,4.3111
Belarus,IPCC Agriculture,Emissions (N2O),kilotonnes,47.4654,47.4447,46.3063,47.149,47.8465,49.009,50.5364,50.0251,51.6858,52.3599,51.778,53.5846,53.0771,52.2842,50.8998,50.59,47.9665,49.2789,48.7758,48.8327,50.1977
Belarus,IPCC Agriculture,Emissions (N2O),kilotonnes,33.3225,32.258,30.7052,32.2981,33.169,34.3746,35.8382,35.0488,36.8822,38.0609,37.3098,38.9797,37.8978,37.7076,36.0421,35.5035,36.0603,36.8184,36.2825,36.219,37.3234
Belarus,IPCC Agriculture,Emissions (CO2),kilotonnes,800.1902,864.8051,967.1295,1295.1393,1313.1983,1496.1386,1393.7557,1373.3727,1318.5341,1178.7673,1319.1493,1206.9574,1299.9756,922.2921,1115.632,967.108,926.872,1047.304,922.472,868.592,858.92
Belarus,IPCC Agriculture,Emissions (CO2eq) from CH4 (AR5),kilotonnes,10921.3683,10655.3989,10330.1876,10104.0315,9859.582,9883.3296,9887.0867,9834.3564,9799.8124,10025.8744,10071.4499,10143.5903,10370.2955,10512.8785,10500.2151,10505.1296,10354.9822,10460.0564,10384.0349,10302.3396,10290.2203
Belarus,IPCC Agriculture,Emissions (CO2eq) from CH4 (AR5),kilotonnes,8726.7253,8717.9324,8554.727,8382.023,8442.1172,8744.9776,8926.0419,8887.5795,9015.0205,9302.767,9397.5183,9481.0152,9707.588,9921.7303,9735.3981,9810.0003,9838.1094,9794.3519,9765.3058,9835.937,9399.9776
Belarus,IPCC Agriculture,Emissions (CO2eq) from N2O (AR5),kilotonnes,12578.3291,12572.8545,12271.1598,12494.4885,12679.325,12987.3744,13392.1403,13256.649,13696.7348,13875.3732,13721.1762,14199.927,14065.435,13855.3035,13488.4579,13406.3485,12711.1147,13058.9199,12925.5902,12940.6631,13302.3941
Belarus,IPCC Agriculture,Emissions (CO2eq) from N2O (AR5),kilotonnes,8830.4508,8548.3664,8136.8772,8558.9874,8789.7885,9109.2595,9497.1164,9287.9227,9773.7731,10086.1374,9887.0934,10329.6105,10042.9251,9992.5162,9551.1594,9408.4154,9555.9725,9756.8806,9614.8624,9598.0284,9890.6974
Belarus,IPCC Agriculture,Emissions (CO2eq) (AR5),kilotonnes,23499.6974,23228.2534,22601.3474,22598.52,22538.907,22870.704,23279.227,23091.0055,23496.5472,23901.2476,23792.6261,24343.5173,24435.7305,24368.182,23988.6731,23911.4781,23066.097,23518.9764,23309.6251,23243.0027,23592.6144
Belarus,IPCC Agriculture,Emissions (CO2eq) (AR5),kilotonnes,18357.3663,18131.1039,17658.7337,18236.1496,18545.104,19350.3757,19816.9141,19548.8749,20107.3276,20567.6717,20603.7611,21017.583,21050.4888,20836.5386,20402.1896,20185.5237,20320.9539,20598.5364,20302.6402,20302.5574,20149.595
Belarus,Agricultural Soils,Direct emissions (N2O),kilotonnes,10.3816,10.439,9.6371,10.3902,11.073,11.9328,13.0779,12.7428,14.1262,14.6057,14.1366,15.4394,14.9559,14.3869,13.362,13.0818,11.3502,12.4076,12.0728,12.2336,13.2647
Belarus,Agricultural Soils,Direct emissions (N2O),kilotonnes,26.6543,25.895,24.7034,25.95,26.6391,27.5097,28.5231,27.8939,29.2571,30.0898,29.4265,30.6047,29.6935,29.4204,28.2474,27.8149,28.3063,28.8365,28.3696,28.3462,29.2739
Belarus,Agricultural Soils,Indirect emissions (N2O),kilotonnes,3.3996,3.4132,3.1463,3.4019,3.5995,3.8916,4.2716,4.1471,4.5776,4.7482,4.6118,5.0239,4.8662,4.6917,4.3374,4.2615,3.7147,4.0489,3.9587,3.9946,4.3111
Belarus,Agricultural Soils,Indirect emissions (N2O),kilotonnes,3.7807,3.5318,3.2266,3.6164,3.8391,4.1485,4.5167,4.3429,4.7893,5.0529,4.8924,5.2972,5.0497,4.9893,4.6045,4.4958,4.4943,4.7229,4.6346,4.6188,4.9965
Belarus,Agricultural Soils,Emissions (N2O),kilotonnes,44.3962,44.4464,43.3185,44.2801,45.0621,46.1934,47.6733,47.1799,48.844,49.4373,48.8315,50.5997,49.9703,49.2402,47.8538,47.4974,44.9536,46.2388,45.7621,45.8449,47.1958
Belarus,Agricultural Soils,Emissions (N2O),kilotonnes,30.435,29.4268,27.93,29.5664,30.4782,31.6582,33.0397,32.2368,34.0464,35.1426,34.3188,35.9019,34.7431,34.4096,32.852,32.3107,32.8006,33.5594,33.0042,32.965,34.2704
Belarus,Agricultural Soils,Emissions (CO2eq) from N2O (AR5),kilotonnes,11764.9867,11778.2925,11479.4098,11734.2348,11941.4645,12241.2417,12633.4285,12502.6706,12943.6689,13100.8918,12940.3419,13408.9186,13242.1358,13048.6626,12681.2591,12586.8006,11912.7016,12253.2745,12126.9597,12148.8962,12506.8957
Belarus,Agricultural Soils,Emissions (CO2eq) from N2O (AR5),kilotonnes,8065.2627,7798.107,7401.4478,7835.093,8076.7298,8389.4194,8755.5263,8542.7601,9022.3017,9312.7996,9094.4863,9514.0144,9206.9235,9118.5565,8705.7699,8562.3431,8692.1506,8893.2445,8746.1141,8735.7251,9081.6584
Belarus,Agricultural Soils,Emissions (CO2eq) (AR5),kilotonnes,11764.9867,11778.2925,11479.4098,11734.2348,11941.4645,12241.2417,12633.4285,12502.6706,12943.6689,13100.8918,12940.3419,13408.9186,13242.1358,13048.6626,12681.2591,12586.8006,11912.7016,12253.2745,12126.9597,12148.8962,12506.8957
Belarus,Agricultural Soils,Emissions (CO2eq) (AR5),kilotonnes,8065.2627,7798.107,7401.4478,7835.093,8076.7298,8389.4194,8755.5263,8542.7601,9022.3017,9312.7996,9094.4863,9514.0144,9206.9235,9118.5565,8705.7699,8562.3431,8692.1506,8893.2445,8746.1141,8735.7251,9081.6584
Belarus,LULUCF,Emissions (CH4),kilotonnes,0.5061,0.2599,2.7285,1.6539,0.2524,0.1974,0.9294,0.0325,0.1,0.0625,0.0999,0.035,0.5946,0.1024,1.1317,0.3922,0.1574,0.01,1.0674,0.1874,0.5421
Belarus,LULUCF,Emissions (CH4),kilotonnes,0.367,0.1473,2.3705,0.7832,0.192,0.1633,0.4599,0.2165,0.209,0.4167,0.2155,0.1993,0.2073,0.215,0.2736,2.2483,0.1869,0.1902,0.4987,1.0435,
Belarus,LULUCF,Emissions (N2O),kilotonnes,0.028,0.0237,0.2491,0.151,0.023,0.018,0.0849,0.003,0.0091,0.0057,0.0091,0.0032,0.0543,0.0094,0.1033,0.0358,0.0144,0.0009,0.0975,0.0171,0.0495
Belarus,LULUCF,Emissions (N2O),kilotonnes,0.0665,0.0469,0.2033,0.0973,0.0569,0.0566,0.077,0.0595,0.058,0.0734,0.0553,0.053,0.0517,0.0515,0.0552,0.1926,0.0547,0.0532,0.0738,0.1089,
Belarus,LULUCF,Emissions (CO2),kilotonnes,-12006.6935,-4075.1505,-4158.8972,-4225.4265,-4364.6463,-4393.7212,-4457.5772,-4505.4282,-4717.3335,-4797.6943,-4798.3646,3874.9571,3891.7331,3910.6517,3900.1825,3899.8137,-1211.8901,-1362.9827,-1436.703,-1598.2004,-1593.6225
Belarus,LULUCF,Emissions (CO2),kilotonnes,-40816.2582,-40172.9593,-38482.2645,-35538.6929,-37882.9547,-39850.4853,-42310.0717,-44504.6759,-44701.5682,-47880.2991,-50287.3253,-49171.5112,-47029.4893,-48957.8848,-47130.449,-45447.5481,-41096.6024,-37084.0994,-39373.3786,-31822.3601,
Belarus,LULUCF,Emissions (CO2eq) from CH4 (AR5),kilotonnes,14.171,7.2759,76.3975,46.31,7.0667,5.5262,26.0218,0.9094,2.7991,1.7488,2.7985,0.9795,16.6482,2.8682,31.6886,10.9826,4.4078,0.2799,29.8879,5.2465,15.1781
Belarus,LULUCF,Emissions (CO2eq) from N2O (AR5),kilotonnes,7.4192,6.2873,66.0174,40.0179,6.1065,4.7753,22.4863,0.7859,2.4188,1.5112,2.4182,0.8465,14.3862,2.4785,27.3831,9.4904,3.8089,0.2418,25.8271,4.5337,13.1158
Belarus,LULUCF,Emissions (CO2eq) (AR5),kilotonnes,-11985.1033,-4061.5873,-4016.4822,-4139.0985,-4351.4731,-4383.4197,-4409.0691,-4503.7329,-4712.1156,-4794.4342,-4793.1479,3876.7831,3922.7675,3915.9985,3959.2541,3920.2866,-1203.6734,-1362.4611,-1380.988,-1588.4202,-1565.3285
Belarus,LULUCF,Emissions (CO2eq) (AR5),kilotonnes,-40816.2582,-40172.9593,-38482.2645,-35538.6929,-37882.9547,-39850.4853,-42310.0717,-44504.6759,-44701.5682,-47880.2991,-50287.3253,-49171.5112,-47029.4893,-48957.8848,-47130.449,-45447.5481,-41096.6024,-37084.0994,-39373.3786,-31822.3601,
Belarus,AFOLU,Emissions (CH4),kilotonnes,390.555,380.8098,371.6638,362.5122,352.3803,353.1734,354.0396,351.2595,350.0933,358.1294,359.7946,362.3061,370.9623,375.5624,376.1394,375.5754,369.9782,373.5834,371.9258,368.1281,368.0499
Belarus,AFOLU,Emissions (N2O),kilotonnes,47.4934,47.4685,46.5554,47.3,47.8696,49.027,50.6212,50.0281,51.6949,52.3656,51.7871,53.5878,53.1314,52.2935,51.0032,50.6258,47.9808,49.2799,48.8733,48.8498,50.2472
Belarus,AFOLU,Emissions (CO2),kilotonnes,-12006.6935,-4075.1505,-4158.8972,-4225.4265,-4364.6463,-4393.7212,-4457.5772,-4505.4282,-4717.3335,-4797.6943,-4798.3646,3874.9571,3891.7331,3910.6517,3900.1825,3899.8137,-1211.8901,-1362.9827,-1436.703,-1598.2004,-1593.6225
Belarus,AFOLU,Emissions (CO2eq) from CH4 (AR5),kilotonnes,10935.5393,10662.6748,10406.5851,10150.3415,9866.6487,9888.8558,9913.1085,9835.2659,9802.6115,10027.6232,10074.2484,10144.5699,10386.9437,10515.7467,10531.9037,10516.1122,10359.39,10460.3363,10413.9228,10307.5861,10305.3984
Belarus,AFOLU,Emissions (CO2eq) from N2O (AR5),kilotonnes,12585.7483,12579.1418,12337.1773,12534.5064,12685.4315,12992.1498,13414.6266,13257.4349,13699.1536,13876.8844,13723.5945,14200.7734,14079.8212,13857.782,13515.841,13415.8389,12714.9236,13059.1618,12951.4172,12945.1968,13315.5099
Belarus,AFOLU,Emissions (CO2eq) (AR5),kilotonnes,11514.5942,19166.6661,18584.8652,18459.4214,18187.4339,18487.2843,18870.1579,18587.2726,18784.4316,19106.8134,18999.4782,28220.3004,28358.4979,28284.1804,27947.9272,27831.7647,21862.4235,22156.5153,21928.6371,21654.5824,22027.2859
Belarus,All sectors with LULUCF,Emissions (CH4),kilotonnes,524.8529,516.8908,511.5108,511.3882,522.9673,500.4654,510.6676,505.0675,538.3433,552.3924,565.6496,562.4591,573.2233,583.9924,590.4964,598.2374,591.2902,596.5184,595.8608,593.3231,592.9389
Belarus,All sectors with LULUCF,Emissions (N2O),kilotonnes,52.5444,52.4065,51.4284,52.23,52.8586,54.194,56.0362,55.5401,57.4099,57.6036,57.2091,107.2268,107.7224,106.9265,105.5802,105.0238,102.3668,103.8179,103.5263,111.3678,118.7042
Belarus,All sectors with LULUCF,Emissions (CO2),kilotonnes,45379.8065,52593.8495,52833.5028,53460.7735,56990.1537,57986.7788,60940.7228,59300.9718,61662.5665,58768.3057,60893.4354,70657.4571,70180.5331,70369.1517,70191.6825,65886.1137,60693.6099,61277.3173,66199.097,66821.7996,61103.6775
Belarus,All sectors with LULUCF,Emissions (CO2eq) from F-gases (AR5),kilotonnes,163.2548,200.1814,246.8257,309.018,415.911,536.4085,580.1375,654.9626,730.7594,772.5449,850.2853,942.6019,1175.823,1302.1511,1506.2196,1681.1354,1758.8758,1826.8986,1904.639,1953.2267,2050.4022
Belarus,All sectors with LULUCF,Emissions (CO2eq) from CH4 (AR5),kilotonnes,14695.8805,14472.9428,14322.3011,14318.8695,14643.0847,14013.0318,14298.6925,14141.8899,15073.6115,15466.9872,15838.1884,15748.8539,16050.2517,16351.7867,16533.8997,16750.6482,16556.126,16702.5163,16684.1028,16613.0461,16602.2904
Belarus,All sectors with LULUCF,Emissions (CO2eq) from N2O (AR5),kilotonnes,13924.2633,13887.7118,13628.5223,13840.9564,14007.5165,14361.4048,14849.6016,14718.1149,15213.6286,15264.9544,15160.4245,28415.1084,28546.4362,28335.527,27978.746,27831.3089,27127.2136,27511.7318,27434.4622,29512.4668,31456.6149
Belarus,All sectors with LULUCF,Emissions (CO2eq) (AR5),kilotonnes,74163.2051,81154.6856,81031.1519,81929.6174,86056.6659,86897.6239,90669.1544,88815.9392,92680.5661,90272.7923,92742.3335,115764.0213,115953.044,116358.6166,116210.5478,112149.2061,106135.8253,107318.4639,112222.3011,114900.5392,111212.985
Belarus,All sectors without LULUCF,Emissions (CH4),kilotonnes,524.3468,516.631,508.7823,509.7343,522.7149,500.2681,509.7382,505.035,538.2433,552.3299,565.5496,562.4241,572.6287,583.8899,589.3647,597.8452,591.1328,596.5084,594.7934,593.1357,592.3969
Belarus,All sectors without LULUCF,Emissions (N2O),kilotonnes,52.5164,52.3827,51.1793,52.079,52.8355,54.176,55.9514,55.5371,57.4008,57.5979,57.2,107.2236,107.6681,106.9172,105.4768,104.988,102.3525,103.8169,103.4288,111.3507,118.6547
Belarus,All sectors without LULUCF,Emissions (CO2),kilotonnes,57386.5,56669,56992.4,57686.2,61354.8,62380.5,65398.3,63806.4,66379.9,63566,65691.8,66782.5,66288.8,66458.5,66291.5,61986.3,61905.5,62640.3,67635.8,68420,62697.3
Belarus,All sectors without LULUCF,Emissions (CO2eq) from F-gases (AR5),kilotonnes,163.2548,200.1814,246.8257,309.018,415.911,536.4085,580.1375,654.9626,730.7594,772.5449,850.2853,942.6019,1175.823,1302.1511,1506.2196,1681.1354,1758.8758,1826.8986,1904.639,1953.2267,2050.4022
Belarus,All sectors without LULUCF,Emissions (CO2eq) from CH4 (AR5),kilotonnes,14681.7095,14465.6669,14245.9036,14272.5595,14636.018,14007.5056,14272.6707,14140.9804,15070.8124,15465.2384,15835.3899,15747.8743,16033.6035,16348.9185,16502.2111,16739.6656,16551.7182,16702.2364,16654.2149,16607.7996,16587.1123
Belarus,All sectors without LULUCF,Emissions (CO2eq) from N2O (AR5),kilotonnes,13916.8441,13881.4245,13562.5048,13800.9385,14001.41,14356.6294,14827.1153,14717.329,15211.2098,15263.4432,15158.0062,28414.262,28532.05,28333.0485,27951.3629,27821.8185,27123.4047,27511.4899,27408.6352,29507.9331,31443.4991
Belarus,All sectors without LULUCF,Emissions (CO2eq) (AR5),kilotonnes,86148.3084,85216.2729,85047.634,86068.7159,90408.139,91281.0436,95078.2235,93319.6721,97392.6817,95067.2265,97535.4814,111887.2382,112030.2765,112442.6181,112251.2937,108228.9195,107339.4988,108680.925,113603.289,116488.9594,112778.3136
Belgium,Crop Residues,Direct emissions (N2O),kilotonnes,0.5062,0.4693,0.52,0.4977,0.5766,0.5411,0.5233,0.5323,0.5917,0.6258,0.5971,0.5852,0.5726,0.5978,0.633,0.6242,0.4793,0.5721,0.5061,0.5876,0.5422
Belgium,Crop Residues,Direct emissions (N2O),kilotonnes,3.2225,3.0968,3.3798,3.4023,3.4191,3.2959,2.8993,3.115,3.1151,3.2666,2.9988,3.1588,2.8875,2.9831,3.2777,3.0418,2.5313,3.3315,2.9595,3.1251,2.9747
Belgium,Crop Residues,Indirect emissions (N2O),kilotonnes,0.1139,0.1056,0.117,0.112,0.1297,0.1218,0.1177,0.1198,0.1331,0.1408,0.1344,0.1317,0.1288,0.1345,0.1424,0.1405,0.1078,0.1287,0.1139,0.1322,0.122
Belgium,Crop Residues,Emissions (N2O),kilotonnes,0.6201,0.5749,0.637,0.6097,0.7064,0.6629,0.6411,0.652,0.7248,0.7667,0.7315,0.7168,0.7015,0.7323,0.7754,0.7647,0.5871,0.7008,0.62,0.7198,0.6642
Belgium,Crop Residues,Emissions (N2O),kilotonnes,3.2225,3.0968,3.3798,3.4023,3.4191,3.2959,2.8993,3.115,3.1151,3.2666,2.9988,3.1588,2.8875,2.9831,3.2777,3.0418,2.5313,3.3315,2.9595,3.1251,2.9747
Belgium,Crop Residues,Emissions (CO2eq) from N2O (AR5),kilotonnes,164.334,152.3468,168.7995,161.5575,187.1831,175.6623,169.8816,172.7851,192.0751,203.1628,193.8421,189.9617,185.8901,194.0567,205.4927,202.6437,155.5908,185.7054,164.3059,190.7446,176.0252
Belgium,Crop Residues,Emissions (CO2eq) from N2O (AR5),kilotonnes,853.9606,820.6481,895.6463,901.6192,906.0565,873.4242,768.3141,825.4668,825.4925,865.6375,794.6722,837.0915,765.1752,790.5325,868.5934,806.0706,670.8015,882.8574,784.2574,828.1593,788.3082
Belgium,Crop Residues,Emissions (CO2eq) (AR5),kilotonnes,164.334,152.3468,168.7995,161.5575,187.1831,175.6623,169.8816,172.7851,192.0751,203.1628,193.8421,189.9617,185.8901,194.0567,205.4927,202.6437,155.5908,185.7054,164.3059,190.7446,176.0252
Belgium,Crop Residues,Emissions (CO2eq) (AR5),kilotonnes,853.9606,820.6481,895.6463,901.6192,906.0565,873.4242,768.3141,825.4668,825.4925,865.6375,794.6722,837.0915,765.1752,790.5325,868.5934,806.0706,670.8015,882.8574,784.2574,828.1593,788.3082
Belgium,Burning - Crop residues,Emissions (CH4),kilotonnes,0.3268,0.3052,0.3466,0.3489,0.3709,0.3773,0.37,0.3596,0.4226,0.3979,0.3951,0.4113,0.4194,0.4183,0.3992,0.3754,0.3634,0.3457,0.3571,0.3514,0.3503
Belgium,Burning - Crop residues,Emissions (N2O),kilotonnes,0.0085,0.0079,0.009,0.009,0.0096,0.0098,0.0096,0.0093,0.011,0.0103,0.0102,0.0107,0.0109,0.0108,0.0104,0.0097,0.0094,0.009,0.0093,0.0091,0.0091
Belgium,Burning - Crop residues,Emissions (CO2eq) from CH4 (AR5),kilotonnes,9.1506,8.5458,9.704,9.7683,10.3865,10.5654,10.3596,10.0697,11.8331,11.1417,11.0636,11.5177,11.7425,11.7112,11.1782,10.5111,10.175,9.68,9.9993,9.8389,9.8086
Belgium,Burning - Crop residues,Emissions (CO2eq) from N2O (AR5),kilotonnes,2.2453,2.0969,2.3811,2.3969,2.5485,2.5924,2.5419,2.4708,2.9035,2.7338,2.7147,2.8261,2.8813,2.8736,2.7428,2.5791,2.4966,2.3752,2.4535,2.4142,2.4068
Belgium,Burning - Crop residues,Emissions (CO2eq) (AR5),kilotonnes,11.3959,10.6427,12.0851,12.1652,12.9351,13.1579,12.9016,12.5405,14.7366,13.8756,13.7783,14.3438,14.6238,14.5848,13.921,13.0902,12.6716,12.0551,12.4528,12.2531,12.2154
Belgium,Enteric Fermentation,Emissions (CH4),kilotonnes,223.0175,222.825,212.9001,203.6008,200.104,196.551,193.9884,192.3512,190.7815,191.0079,189.182,186.7059,182.4565,179.1452,183.553,185.5522,185.1259,177.8036,179.2948,178.3435,176.4172
Belgium,Enteric Fermentation,Emissions (CH4),kilotonnes,179.6295,179.594,173.6885,167.5208,166.3955,164.2359,162.1831,164.9895,163.447,164.1376,164.5875,162.8571,163.9102,162.431,162.9883,165.4367,166.4399,162.7241,163.2894,162.5597,161.4302
Belgium,Enteric Fermentation,Emissions (CO2eq) from CH4 (AR5),kilotonnes,6244.4901,6239.1008,5961.2032,5700.8219,5602.9116,5503.4291,5431.6755,5385.8327,5341.8806,5348.2225,5297.0966,5227.7639,5108.7821,5016.0645,5139.4846,5195.462,5183.5256,4978.5015,5020.2551,4993.6169,4939.6829
Belgium,Enteric Fermentation,Emissions (CO2eq) from CH4 (AR5),kilotonnes,5029.6257,5028.6332,4863.2791,4690.5835,4659.0736,4598.604,4541.1256,4619.7069,4576.5172,4595.8519,4608.4497,4559.9985,4589.4863,4548.0679,4563.6722,4632.2284,4660.3159,4556.2737,4572.1023,4551.6705,4520.0451
Belgium,Enteric Fermentation,Emissions (CO2eq) (AR5),kilotonnes,6244.4901,6239.1008,5961.2032,5700.8219,5602.9116,5503.4291,5431.6755,5385.8327,5341.8806,5348.2225,5297.0966,5227.7639,5108.7821,5016.0645,5139.4846,5195.462,5183.5256,4978.5015,5020.2551,4993.6169,4939.6829
Belgium,Enteric Fermentation,Emissions (CO2eq) (AR5),kilotonnes,5029.6257,5028.6332,4863.2791,4690.5835,4659.0736,4598.604,4541.1256,4619.7069,4576.5172,4595.8519,4608.4497,4559.9985,4589.4863,4548.0679,4563.6722,4632.2284,4660.3159,4556.2737,4572.1023,4551.6705,4520.0451
Belgium,Manure Management,Emissions (CH4),kilotonnes,76.4952,73.2778,71.3983,68.6087,67.1308,66.7994,66.0545,65.0191,65.1404,65.5138,65.8093,66.0681,66.2512,65.4628,64.8985,65.5128,64.3248,62.7994,64.0912,63.111,63.7617
Belgium,Manure Management,Emissions (CH4),kilotonnes,49.4185,48.6876,47.5447,46.1426,45.1974,44.6392,45.3699,45.1137,45.3212,45.8037,46.6752,46.8629,47.0142,46.9137,47.4217,47.7855,47.4787,47.1966,47.3586,47.0544,47.6208
Belgium,Manure Management,Emissions (N2O),kilotonnes,2.4195,2.3753,2.2905,2.182,2.1544,2.1254,2.0916,2.068,2.062,2.0708,2.0652,2.0563,2.0344,2.0051,2.0213,2.0526,2.0127,1.9452,1.9857,1.9619,1.9604
Belgium,Manure Management,Emissions (N2O),kilotonnes,2.712,2.6424,2.5587,2.4661,2.4235,2.3777,2.3185,2.3913,2.3625,2.3675,2.3832,2.3419,2.3274,2.3176,2.2896,2.2947,2.2897,2.2569,2.236,2.1936,2.1722
Belgium,Manure Management,Emissions (CO2eq) from CH4 (AR5),kilotonnes,2141.8657,2051.7797,1999.1533,1921.043,1879.6626,1870.3846,1849.5269,1820.5341,1823.9303,1834.3874,1842.6592,1849.9066,1855.0327,1832.9597,1817.1578,1834.3576,1801.0953,1758.3843,1794.5548,1767.1075,1785.3269
Belgium,Manure Management,Emissions (CO2eq) from CH4 (AR5),kilotonnes,1383.7179,1363.2515,1331.2506,1291.9924,1265.5262,1249.8983,1270.3559,1263.1834,1268.9946,1282.5027,1306.9055,1312.1623,1316.3975,1313.5827,1327.807,1337.9943,1329.4027,1321.5059,1326.0405,1317.5224,1333.3836
Belgium,Manure Management,Emissions (CO2eq) from N2O (AR5),kilotonnes,641.1618,629.4667,606.9849,578.2389,570.9034,563.235,554.2647,548.025,546.4426,548.7739,547.2891,544.9213,539.1241,531.3395,535.6543,543.9468,533.3629,515.4894,526.2105,519.904,519.5174
Belgium,Manure Management,Emissions (CO2eq) from N2O (AR5),kilotonnes,718.6718,700.231,678.064,653.5093,642.2299,630.0881,614.4071,633.684,626.06,627.3803,631.5411,620.5906,616.7679,614.1684,606.7484,608.1055,606.7747,598.0869,592.5362,581.3043,575.636
Belgium,Manure Management,Emissions (CO2eq) (AR5),kilotonnes,2783.0275,2681.2464,2606.1382,2499.2819,2450.566,2433.6196,2403.7916,2368.5591,2370.3729,2383.1613,2389.9483,2394.8279,2394.1568,2364.2992,2352.8121,2378.3045,2334.4582,2273.8738,2320.7653,2287.0115,2304.8444
Belgium,Manure Management,Emissions (CO2eq) (AR5),kilotonnes,2102.3896,2063.4825,2009.3146,1945.5016,1907.7561,1879.9863,1884.763,1896.8673,1895.0546,1909.883,1938.4465,1932.7529,1933.1654,1927.751,1934.5554,1946.0998,1936.1774,1919.5927,1918.5767,1898.8267,1909.0196
Belgium,Manure left on Pasture,Direct emissions (N2O),kilotonnes,1.699,1.706,1.627,1.5622,1.5415,1.5168,1.5021,1.4902,1.467,1.4665,1.4556,1.4383,1.4018,1.3815,1.3999,1.4142,1.4087,1.348,1.3576,1.349,1.3306
Belgium,Manure left on Pasture,Indirect emissions (N2O),kilotonnes,0.371,0.3741,0.3572,0.3435,0.3393,0.3337,0.3314,0.3287,0.3231,0.3232,0.3201,0.3166,0.3094,0.3047,0.3084,0.3111,0.3093,0.2964,0.2986,0.2975,0.2937
Belgium,Manure left on Pasture,Emissions (N2O),kilotonnes,2.07,2.0802,1.9842,1.9057,1.8807,1.8505,1.8335,1.8189,1.7901,1.7896,1.7756,1.7549,1.7112,1.6863,1.7083,1.7253,1.718,1.6445,1.6562,1.6465,1.6242
Belgium,Manure left on Pasture,Emissions (CO2eq) from N2O (AR5),kilotonnes,548.5558,551.2409,525.808,505.0154,498.3955,490.3816,485.8783,482.009,474.3716,474.2569,470.5383,465.0522,453.4598,446.8641,452.6996,457.2008,455.2664,435.7834,438.8915,436.3226,430.4186
Belgium,Manure left on Pasture,Emissions (CO2eq) (AR5),kilotonnes,548.5558,551.2409,525.808,505.0154,498.3955,490.3816,485.8783,482.009,474.3716,474.2569,470.5383,465.0522,453.4598,446.8641,452.6996,457.2008,455.2664,435.7834,438.8915,436.3226,430.4186
Belgium,Manure applied to Soils,Direct emissions (N2O),kilotonnes,2.7162,2.652,2.5644,2.4387,2.4221,2.3976,2.3562,2.3254,2.3156,2.327,2.3323,2.3317,2.3139,2.2891,2.2795,2.3227,2.2539,2.1779,2.2393,2.2018,2.2061
Belgium,Manure applied to Soils,Direct emissions (N2O),kilotonnes,2.4866,2.3493,2.3046,2.1551,2.104,2.0088,1.9853,1.9555,1.8073,1.7921,1.7846,1.7108,1.6445,1.5931,1.568,1.5497,1.5278,1.4774,1.4994,1.4871,1.5022
Belgium,Manure applied to Soils,Indirect emissions (N2O),kilotonnes,1.1544,1.1271,1.0899,1.0364,1.0294,1.019,1.0014,0.9883,0.9841,0.989,0.9912,0.991,0.9834,0.9729,0.9688,0.9872,0.9579,0.9256,0.9517,0.9358,0.9376
Belgium,Manure applied to Soils,Emissions (N2O),kilotonnes,3.8706,3.7792,3.6543,3.4751,3.4515,3.4166,3.3576,3.3137,3.2997,3.316,3.3235,3.3227,3.2974,3.262,3.2483,3.3099,3.2118,3.1036,3.191,3.1376,3.1438
Belgium,Manure applied to Soils,Emissions (N2O),kilotonnes,2.4866,2.3493,2.3046,2.1551,2.104,2.0088,1.9853,1.9555,1.8073,1.7921,1.7846,1.7108,1.6445,1.5931,1.568,1.5497,1.5278,1.4774,1.4994,1.4871,1.5022
Belgium,Manure applied to Soils,Emissions (CO2eq) from N2O (AR5),kilotonnes,1025.7112,1001.4795,968.4003,920.9144,914.6489,905.4103,889.7685,878.127,874.4291,878.7304,880.7291,880.5149,873.8024,864.4312,860.8016,877.1151,851.1165,822.4455,845.6129,831.454,833.0963
Belgium,Manure applied to Soils,Emissions (CO2eq) from N2O (AR5),kilotonnes,658.9604,622.5668,610.7161,571.1146,557.5623,532.3399,526.1177,518.2096,478.9278,474.8986,472.926,453.364,435.7995,422.1801,415.5071,410.6817,404.8543,391.5098,397.3371,394.0703,398.0723
Belgium,Manure applied to Soils,Emissions (CO2eq) (AR5),kilotonnes,1025.7112,1001.4795,968.4003,920.9144,914.6489,905.4103,889.7685,878.127,874.4291,878.7304,880.7291,880.5149,873.8024,864.4312,860.8016,877.1151,851.1165,822.4455,845.6129,831.454,833.0963
Belgium,Manure applied to Soils,Emissions (CO2eq) (AR5),kilotonnes,658.9604,622.5668,610.7161,571.1146,557.5623,532.3399,526.1177,518.2096,478.9278,474.8986,472.926,453.364,435.7995,422.1801,415.5071,410.6817,404.8543,391.5098,397.3371,394.0703,398.0723
Belgium,Synthetic Fertilizers,Direct emissions (N2O),kilotonnes,,,2.3744,2.4058,2.3044,2.275,2.1995,2.3994,2.1477,2.4454,2.6908,2.6173,2.598,2.6308,2.764,2.7845,2.7001,2.7076,2.7468,2.7504,2.7504
Belgium,Synthetic Fertilizers,Direct emissions (N2O),kilotonnes,2.5589,2.3574,2.4471,2.2932,2.3938,2.3223,2.2965,2.2953,2.2137,2.2974,2.3452,2.251,2.2176,2.3253,2.388,2.3876,2.4797,2.3694,2.3262,2.4001,2.4705
Belgium,Synthetic Fertilizers,Indirect emissions (N2O),kilotonnes,,,0.7717,0.7819,0.7489,0.7394,0.7148,0.7798,0.698,0.7948,0.8745,0.8506,0.8443,0.855,0.8983,0.905,0.8775,0.88,0.8927,0.8939,0.8939
Belgium,Synthetic Fertilizers,Emissions (N2O),kilotonnes,,,3.146,3.1877,3.0534,3.0143,2.9143,3.1792,2.8457,3.2401,3.5653,3.4679,3.4423,3.4858,3.6623,3.6895,3.5777,3.5876,3.6395,3.6443,3.6443
Belgium,Synthetic Fertilizers,Emissions (N2O),kilotonnes,2.5589,2.3574,2.4471,2.2932,2.3938,2.3223,2.2965,2.2953,2.2137,2.2974,2.3452,2.251,2.2176,2.3253,2.388,2.3876,2.4797,2.3694,2.3262,2.4001,2.4705
Belgium,Synthetic Fertilizers,Emissions (CO2eq) from N2O (AR5),kilotonnes,,,833.6936,844.729,809.14,798.7943,772.2874,842.4833,754.1066,858.6391,944.8142,918.9914,912.2102,923.7366,970.5155,977.7216,948.0806,950.7134,964.4792,965.7317,965.7317
Belgium,Synthetic Fertilizers,Emissions (CO2eq) from N2O (AR5),kilotonnes,678.1199,624.7136,648.4816,607.6869,634.3578,615.4082,608.575,608.25,586.6318,608.8104,621.482,596.5078,587.6582,616.1925,632.8262,632.7145,657.1141,627.8831,616.4455,636.0375,654.6707
Belgium,Synthetic Fertilizers,Emissions (CO2eq) (AR5),kilotonnes,,,833.6936,844.729,809.14,798.7943,772.2874,842.4833,754.1066,858.6391,944.8142,918.9914,912.2102,923.7366,970.5155,977.7216,948.0806,950.7134,964.4792,965.7317,965.7317
Belgium,Synthetic Fertilizers,Emissions (CO2eq) (AR5),kilotonnes,678.1199,624.7136,648.4816,607.6869,634.3578,615.4082,608.575,608.25,586.6318,608.8104,621.482,596.5078,587.6582,616.1925,632.8262,632.7145,657.1141,627.8831,616.4455,636.0375,654.6707
Belgium,Drained organic soils,Emissions (CO2eq) (AR5),kilotonnes,249.1727,247.3066,242.2014,238.6851,235.868,235.9302,236.492,237.0507,235.7863,235.889,236.4114,236.7686,236.7572,236.7572,236.6848,236.6848,235.6112,234.5568,233.8008,238.9334,238.9851
Belgium,Drained organic soils,Emissions (CO2eq) (AR5),kilotonnes,8.3952,8.3952,8.3952,8.3952,8.3952,8.3952,8.3952,8.3952,8.3952,8.3952,8.3952,8.3952,8.3952,8.3952,8.3952,8.3952,8.3952,8.3952,8.3952,8.3952,8.3952
Belgium,Drained organic soils (CO2),Emissions (CO2),kilotonnes,211.1378,209.562,205.2499,202.2714,199.8819,199.9337,200.4017,200.8713,199.8068,199.8931,200.3325,200.6291,200.6195,200.6195,200.5585,200.5585,199.6415,198.7204,198.0725,202.4537,202.4971
Belgium,Drained organic soils (CO2),Emissions (CO2eq) (AR5),kilotonnes,211.1378,209.562,205.2499,202.2714,199.8819,199.9337,200.4017,200.8713,199.8068,199.8931,200.3325,200.6291,200.6195,200.6195,200.5585,200.5585,199.6415,198.7204,198.0725,202.4537,202.4971
Belgium,Drained organic soils (N2O),Emissions (N2O),kilotonnes,0.1435,0.1424,0.1394,0.1374,0.1358,0.1358,0.1362,0.1365,0.1358,0.1358,0.1361,0.1364,0.1364,0.1364,0.1363,0.1363,0.1357,0.1352,0.1348,0.1377,0.1377
Belgium,Drained organic soils (N2O),Emissions (N2O),kilotonnes,0.0317,0.0317,0.0317,0.0317,0.0317,0.0317,0.0317,0.0317,0.0317,0.0317,0.0317,0.0317,0.0317,0.0317,0.0317,0.0317,0.0317,0.0317,0.0317,0.0317,0.0317
Belgium,Drained organic soils (N2O),Emissions (CO2eq) from N2O (AR5),kilotonnes,38.0349,37.7446,36.9515,36.4137,35.986,35.9965,36.0904,36.1793,35.9796,35.9959,36.0789,36.1395,36.1377,36.1377,36.1263,36.1263,35.9697,35.8364,35.7283,36.4798,36.488
Belgium,Drained organic soils (N2O),Emissions (CO2eq) from N2O (AR5),kilotonnes,8.3952,8.3952,8.3952,8.3952,8.3952,8.3952,8.3952,8.3952,8.3952,8.3952,8.3952,8.3952,8.3952,8.3952,8.3952,8.3952,8.3952,8.3952,8.3952,8.3952,8.3952
Belgium,Drained organic soils (N2O),Emissions (CO2eq) (AR5),kilotonnes,38.0349,37.7446,36.9515,36.4137,35.986,35.9965,36.0904,36.1793,35.9796,35.9959,36.0789,36.1395,36.1377,36.1377,36.1263,36.1263,35.9697,35.8364,35.7283,36.4798,36.488
Belgium,Drained organic soils (N2O),Emissions (CO2eq) (AR5),kilotonnes,8.3952,8.3952,8.3952,8.3952,8.3952,8.3952,8.3952,8.3952,8.3952,8.3952,8.3952,8.3952,8.3952,8.3952,8.3952,8.3952,8.3952,8.3952,8.3952,8.3952,8.3952
Belgium,On-farm energy use,Emissions (CH4),kilotonnes,0.5136,0.4559,0.387,0.4529,0.445,0.4328,0.4319,0.5119,0.5869,0.4444,0.3085,0.2127,0.228,0.2466,0.2331,0.2265,0.2357,0.2423,0.2424,0.2443,0.2443
Belgium,On-farm energy use,Emissions (N2O),kilotonnes,0.5914,0.5998,0.5269,0.6113,0.6303,0.6333,0.5528,0.4568,0.5805,0.4498,0.5118,0.4425,0.4351,0.4746,0.3871,0.3477,0.3823,0.3812,0.3615,0.3564,0.3564
Belgium,On-farm energy use,Emissions (CO2),kilotonnes,2466.6208,2322.4628,1948.6852,2577.6858,2545.5568,2455.7233,2435.4417,2182.4718,2259.8388,2053.7932,1922.7498,1707.1179,1715.2288,1876.8531,1557.9208,1518.4296,1655.2749,1727.9681,1710.6473,1741.1926,1741.1926
Belgium,On-farm energy use,Emissions (CO2eq) from CH4 (AR5),kilotonnes,14.3807,12.7641,10.8363,12.6811,12.4589,12.1171,12.0937,14.3328,16.4327,12.4439,8.6389,5.9564,6.384,6.9034,6.528,6.3408,6.5996,6.7838,6.7879,6.8398,6.8398
Belgium,On-farm energy use,Emissions (CO2eq) from N2O (AR5),kilotonnes,156.727,158.9429,139.6279,161.9978,167.0393,167.8167,146.4892,121.0469,153.8305,119.1888,135.6262,117.2682,115.2993,125.7653,102.592,92.1487,101.2963,101.0061,95.8076,94.4507,94.4507
Belgium,On-farm energy use,Emissions (CO2eq) (AR5),kilotonnes,2637.7285,2494.1698,2099.1494,2752.3647,2725.055,2635.6571,2594.0245,2317.8515,2430.1021,2185.4259,2067.015,1830.3424,1836.9122,2009.5218,1667.0408,1616.9191,1763.1708,1835.758,1813.2428,1842.4832,1842.4832
Belgium,Forestland,Emissions (CO2),kilotonnes,-5183.7034,-3224.3715,-3224.3715,-3224.3715,-3224.3715,-3224.3715,-3224.3715,-3224.3715,-3224.3715,-3224.3715,-3224.3715,-4876.7099,-4876.7099,-4876.7099,-4876.7099,-4876.7099,0,0,0,0,0
Belgium,Forestland,Emissions (CO2),kilotonnes,-2000.1763,-2013.0417,-1900.4054,-1909.6584,-1918.9475,-1928.3696,-1937.8377,-1947.3506,-1956.9088,-1966.5517,-1966.6115,-1966.1048,-1965.6324,-1798.2383,-1767.5179,-1669.9898,-1914.6396,-1941.5376,-1974.5663,-1947.4677,-2001.2507
Belgium,Forestland,Emissions (CO2eq) (AR5),kilotonnes,-5183.7034,-3224.3715,-3224.3715,-3224.3715,-3224.3715,-3224.3715,-3224.3715,-3224.3715,-3224.3715,-3224.3715,-3224.3715,-4876.7099,-4876.7099,-4876.7099,-4876.7099,-4876.7099,0,0,0,0,0
Belgium,Forestland,Emissions (CO2eq) (AR5),kilotonnes,-2000.1763,-2013.0417,-1900.4054,-1909.6584,-1918.9475,-1928.3696,-1937.8377,-1947.3506,-1956.9088,-1966.5517,-1966.6115,-1966.1048,-1965.6324,-1798.2383,-1767.5179,-1669.9898,-1914.6396,-1941.5376,-1974.5663,-1947.4677,-2001.2507
Belgium,Net Forest conversion,Emissions (CO2),kilotonnes,1004.608,50.2151,50.2151,50.2151,50.2151,50.2151,50.2151,50.2151,50.2151,50.2151,50.2151,2355.3288,2355.3288,2355.3288,2355.3288,2355.3288,0,0,0,0,0
Belgium,Net Forest conversion,Emissions (CO2),kilotonnes,276.9321,284.0451,291.0971,298.1554,305.2202,312.3334,319.4582,326.5947,333.7429,336.0867,899.7235,915.8019,931.9243,355.8733,357.642,359.8736,692.0932,702.3609,712.1617,696.1143,705.2345
Belgium,Net Forest conversion,Emissions (CO2eq) (AR5),kilotonnes,1004.608,50.2151,50.2151,50.2151,50.2151,50.2151,50.2151,50.2151,50.2151,50.2151,50.2151,2355.3288,2355.3288,2355.3288,2355.3288,2355.3288,0,0,0,0,0
Belgium,Net Forest conversion,Emissions (CO2eq) (AR5),kilotonnes,276.9321,284.0451,291.0971,298.1554,305.2202,312.3334,319.4582,326.5947,333.7429,336.0867,899.7235,915.8019,931.9243,355.8733,357.642,359.8736,692.0932,702.3609,712.1617,696.1143,705.2345
Belgium,Savanna fires,Emissions (CH4),kilotonnes,0,0,0,0.0002,0.0011,0,0,0.004,0,0.0002,0,0.0083,0,0,0,0,0.001,0,0,0,0.0012
Belgium,Savanna fires,Emissions (CH4),kilotonnes,0,,,0.0001,,,,,,,,0.0344,,,,,,,,,
Belgium,Savanna fires,Emissions (N2O),kilotonnes,0,0,0,0,0.0001,0,0,0.0004,0,0,0,0.0008,0,0,0,0,0.0001,0,0,0,0.0001
Belgium,Savanna fires,Emissions (N2O),kilotonnes,0,,,0,,,,,,,,0.0031,,,,,,,,,
Belgium,Savanna fires,Emissions (CO2),kilotonnes,0.0054,,,0.0396,,,,,,,,24.154,,,,,,,,,
Belgium,Savanna fires,Emissions (CO2eq) from CH4 (AR5),kilotonnes,0.0004,0,0,0.0057,0.0308,0,0,0.1127,0,0.0057,0,0.2321,0,0,0,0,0.0284,0,0,0,0.0341
Belgium,Savanna fires,Emissions (CO2eq) from CH4 (AR5),kilotonnes,0.0002,,,0.0016,,,,,,,,0.9644,,,,,,,,,
Belgium,Savanna fires,Emissions (CO2eq) from N2O (AR5),kilotonnes,0.0003,0,0,0.0049,0.0266,0,0,0.0974,0,0.0049,0,0.2006,0,0,0,0,0.0246,0,0,0,0.0295
Belgium,Savanna fires,Emissions (CO2eq) from N2O (AR5),kilotonnes,0.0002,,,0.0014,,,,,,,,0.8333,,,,,,,,,
Belgium,Savanna fires,Emissions (CO2eq) (AR5),kilotonnes,0.0007,0,0,0.0106,0.0574,0,0,0.21,0,0.0106,0,0.4327,0,0,0,0,0.053,0,0,0,0.0636
Belgium,Savanna fires,Emissions (CO2eq) (AR5),kilotonnes,0.0058,,,0.0426,,,,,,,,25.9517,,,,,,,,,
Belgium,Fires in organic soils,Emissions (CH4),kilotonnes,0,0,0,0,0,0,0,0,0,0,0,0,0,0,0,0,0,0,0,0,0
Belgium,Fires in organic soils,Emissions (CO2),kilotonnes,0,0,0,0,0,0,0,0,0,0,0,0,0,0,0,0,0,0,0,0,0
Belgium,Fires in organic soils,Emissions (CO2eq) from CH4 (AR5),kilotonnes,0,0,0,0,0,0,0,0,0,0,0,0,0,0,0,0,0,0,0,0,0
Belgium,Fires in organic soils,Emissions (CO2eq) (AR5),kilotonnes,0,0,0,0,0,0,0,0,0,0,0,0,0,0,0,0,0,0,0,0,0
Belgium,Forest fires,Emissions (CH4),kilotonnes,0.0053,0,0,0,0.0025,0,0,0,0,0,0,0,0,0,0.01,0,0,0,0,0,0
Belgium,Forest fires,Emissions (N2O),kilotonnes,0.0003,0,0,0,0.0002,0,0,0,0,0,0,0,0,0,0.0009,0,0,0,0,0,0
Belgium,Forest fires,Emissions (CO2eq) from CH4 (AR5),kilotonnes,0.1497,0,0,0,0.0699,0,0,0,0,0,0,0,0,0,0.2796,0,0,0,0,0,0
Belgium,Forest fires,Emissions (CO2eq) from N2O (AR5),kilotonnes,0.0784,0,0,0,0.0604,0,0,0,0,0,0,0,0,0,0.2416,0,0,0,0,0,0
Belgium,Forest fires,Emissions (CO2eq) (AR5),kilotonnes,0.2281,0,0,0,0.1303,0,0,0,0,0,0,0,0,0,0.5213,0,0,0,0,0,0
Belgium,Fires in humid tropical forests,Emissions (CH4),kilotonnes,0,0,0,0,0,0,0,0,0,0,0,0,0,0,0,0,0,0,0,0,0
Belgium,Fires in humid tropical forests,Emissions (N2O),kilotonnes,0,0,0,0,0,0,0,0,0,0,0,0,0,0,0,0,0,0,0,0,0
Belgium,Fires in humid tropical forests,Emissions (CO2eq) from CH4 (AR5),kilotonnes,0,0,0,0,0,0,0,0,0,0,0,0,0,0,0,0,0,0,0,0,0
Belgium,Fires in humid tropical forests,Emissions (CO2eq) from N2O (AR5),kilotonnes,0,0,0,0,0,0,0,0,0,0,0,0,0,0,0,0,0,0,0,0,0
Belgium,Fires in humid tropical forests,Emissions (CO2eq) (AR5),kilotonnes,0,0,0,0,0,0,0,0,0,0,0,0,0,0,0,0,0,0,0,0,0
Belgium,Waste - agri-food systems,Emissions (CH4),kilotonnes,71.6248,75.1453,73.7058,82.3585,77.6001,74.4731,71.1828,68.1436,64.6896,61.7175,57.9813,54.4478,50.3076,46.2685,39.6964,35.2686,30.8668,31.101,31.5972,31.941,32.2733
Belgium,Waste - agri-food systems,Emissions (N2O),kilotonnes,0.5147,0.5362,0.5391,0.529,0.5393,0.5559,0.5761,0.5975,0.6005,0.6072,0.6246,0.6372,0.6581,0.6699,0.6625,0.6799,0.6774,0.6874,0.694,0.6996,0.7049
Belgium,Waste - agri-food systems,Emissions (CO2),kilotonnes,112.8185,112.8176,113.1944,114.0898,114.7319,114.9202,115.1649,115.78,116.1849,115.8914,115.875,116.2346,116.0048,116.2219,116.3327,115.7007,115.8268,116.0619,116.3962,116.3326,116.2209
Belgium,Waste - agri-food systems,Emissions (CO2eq) from CH4 (AR5),kilotonnes,2005.4949,2104.0679,2063.7637,2306.0383,2172.8042,2085.2461,1993.1194,1908.0219,1811.3097,1728.0893,1623.4768,1524.5379,1408.6123,1295.5191,1111.5,987.5203,864.271,870.8285,884.7204,894.3477,903.6535
Belgium,Waste - agri-food systems,Emissions (CO2eq) from N2O (AR5),kilotonnes,136.3914,142.0903,142.8577,140.1876,142.9045,147.3222,152.6578,158.3418,159.1231,160.8977,165.5058,168.8571,174.3928,177.5362,175.5739,180.1633,179.5108,182.1627,183.8992,185.3905,186.801
Belgium,Waste - agri-food systems,Emissions (CO2eq) (AR5),kilotonnes,2254.7049,2358.9758,2319.8158,2560.3157,2430.4406,2347.4886,2260.9421,2182.1437,2086.6176,2004.8784,1904.8575,1809.6295,1699.0099,1589.2772,1403.4066,1283.3844,1159.6086,1169.053,1185.0158,1196.0708,1206.6754
Belgium,On-farm electricity use,Emissions (CH4),kilotonnes,0.3084,0.3168,0.3348,0.336,0.3156,0.4488,1.1004,1.3031,1.2887,1.2335,0.9912,0.948,0.9708,1.7807,1.752,1.8863,1.9944,1.9199,2.0532,2.1134,2.1134
Belgium,On-farm electricity use,Emissions (N2O),kilotonnes,0.0016,0.0017,0.0018,0.0018,0.0017,0.0024,0.0059,0.007,0.0069,0.0066,0.0053,0.0051,0.0057,0.0096,0.0095,0.0102,0.0107,0.0103,0.0111,0.0114,0.0114
Belgium,On-farm electricity use,Emissions (CO2),kilotonnes,74.662,73.1114,75.8879,77.7711,71.4136,103.0289,241.4577,270.8788,268.0834,218.2774,181.4879,154.7991,171.5228,360.1871,354.3621,381.5459,403.3902,388.342,415.2832,427.4674,427.4674
Belgium,On-farm electricity use,Emissions (CO2eq) from CH4 (AR5),kilotonnes,8.6352,8.8704,9.3744,9.408,8.8368,12.5664,30.8112,36.4868,36.0836,34.538,27.7536,26.544,27.1824,49.8596,49.056,52.8164,55.8432,53.7572,57.4896,59.1752,59.1752
Belgium,On-farm electricity use,Emissions (CO2eq) from N2O (AR5),kilotonnes,0.424,0.4505,0.477,0.477,0.4505,0.636,1.5635,1.855,1.8285,1.749,1.4045,1.3515,1.5105,2.544,2.5175,2.703,2.8355,2.7295,2.9415,3.021,3.021
Belgium,On-farm electricity use,Emissions (CO2eq) (AR5),kilotonnes,83.7212,82.4323,85.7393,87.6561,80.7009,116.2313,273.8324,309.2206,305.9955,254.5644,210.646,182.6946,200.2157,412.5907,405.9356,437.0653,462.0689,444.8287,475.7143,489.6636,489.6636
Belgium,Food Processing,Emissions (CH4),kilotonnes,4.7983,4.9074,4.7426,4.8846,4.9817,4.843,5.7055,5.8467,5.6104,5.8751,5.9215,6.127,6.2644,6.8245,7.0555,7.0795,7.2565,7.4951,7.6452,7.6452,7.2602
Belgium,Food Processing,Emissions (N2O),kilotonnes,0.0334,0.0354,0.0339,0.0375,0.0387,0.0336,0.0371,0.0391,0.0369,0.0413,0.041,0.0401,0.0438,0.0435,0.0445,0.0452,0.046,0.0476,0.049,0.049,0.0443
Belgium,Food Processing,Emissions (CO2),kilotonnes,2397.7488,2345.8945,2305.2148,3243.866,3277.5329,2841.7251,3059.3147,3004.7911,2754.9864,2999.8168,3413.6113,3183.174,3378.4981,3590.1712,3568.7354,3707.2412,3845.3373,3969.0061,4143.8122,4143.8122,3592.1726
Belgium,Food Processing,Emissions (CO2eq) from CH4 (AR5),kilotonnes,134.3524,137.4072,132.7928,136.7688,139.4876,135.604,159.754,163.7076,157.0912,164.5028,165.802,171.556,175.4032,191.086,197.554,198.226,203.182,209.8628,214.0656,214.0656,203.2853
Belgium,Food Processing,Emissions (CO2eq) from N2O (AR5),kilotonnes,8.851,9.381,8.9835,9.9375,10.2555,8.904,9.8315,10.3615,9.7785,10.9445,10.865,10.6265,11.607,11.5275,11.7925,11.978,12.19,12.614,12.985,12.985,11.7304
Belgium,Food Processing,Emissions (CO2eq) (AR5),kilotonnes,2540.9522,2492.6827,2446.9911,3390.5723,3427.276,2986.2331,3228.9002,3178.8602,2921.8561,3175.2641,3590.2783,3365.3565,3565.5083,3792.7847,3778.0819,3917.4452,4060.7093,4191.4829,4370.8628,4370.8628,3807.1884
Belgium,Food Packaging,Emissions (CH4),kilotonnes,1.5933,1.572,1.6701,1.6993,1.7173,1.6325,1.6848,1.8027,1.7888,1.6671,1.7768,2.1152,2.3343,2.088,2.1532,2.1694,2.1659,1.8757,1.8793,2.1757,2.0661
Belgium,Food Packaging,Emissions (N2O),kilotonnes,0.0104,0.0105,0.011,0.0116,0.0118,0.0109,0.0113,0.0121,0.0123,0.0124,0.0131,0.015,0.0171,0.0149,0.0156,0.016,0.0162,0.0139,0.0139,0.0163,0.0147
Belgium,Food Packaging,Emissions (CO2),kilotonnes,964.9166,923.1329,935.7489,1090.1518,1103.2363,959.0755,1008.0687,1039.4312,1076.7823,1040.454,1064.2906,1064.922,1127.9242,1134.6618,1210.8428,1246.7821,1283.3088,1152.6429,1162.4701,1234.9426,1070.5425
Belgium,Food Packaging,Emissions (CO2eq) from CH4 (AR5),kilotonnes,44.6124,44.016,46.7628,47.5804,48.0844,45.71,47.1744,50.4756,50.0864,46.6788,49.7504,59.2256,65.3604,58.464,60.2896,60.7432,60.6452,52.5196,52.6204,60.9196,57.8517
Belgium,Food Packaging,Emissions (CO2eq) from N2O (AR5),kilotonnes,2.756,2.7825,2.915,3.074,3.127,2.8885,2.9945,3.2065,3.2595,3.286,3.4715,3.975,4.5315,3.9485,4.134,4.24,4.293,3.6835,3.6835,4.3195,3.9022
Belgium,Food Packaging,Emissions (CO2eq) (AR5),kilotonnes,1012.285,969.9314,985.4267,1140.8062,1154.4477,1007.674,1058.2376,1093.1133,1130.1282,1090.4188,1117.5125,1128.1226,1197.8161,1197.0743,1275.2664,1311.7653,1348.247,1208.846,1218.774,1300.1817,1132.2963
Belgium,Food Retail,Emissions (CH4),kilotonnes,1.6456,1.72,1.6004,1.609,1.6127,1.7142,2.3269,2.4548,2.83,2.9111,3.0132,2.9492,2.9539,3.0173,2.8788,2.9325,2.9486,2.9391,2.9723,3.4168,3.2447
Belgium,Food Retail,Emissions (N2O),kilotonnes,0.0115,0.0123,0.0123,0.0128,0.013,0.0135,0.0163,0.0164,0.019,0.0188,0.0197,0.0187,0.0204,0.0201,0.0185,0.0195,0.0194,0.0194,0.0195,0.022,0.0199
Belgium,Food Retail,Emissions (CO2),kilotonnes,1131.9859,1167.0216,1210.3173,1287.3632,1307.1391,1326.0668,1362.4247,1212.181,1451.681,1313.6522,1450.2745,1224.4399,1292.8093,1491.0736,1275.9047,1393.5669,1397.2003,1396.2389,1396.7527,1434.1131,1243.1987
Belgium,Food Retail,Emissions (CO2eq) from F-gases (AR5),kilotonnes,1059.78,1253.5535,1423.43,1605.255,1772.0145,2008.387,2192.8095,2377.232,2408.9215,2425.5455,2434.8965,2440.611,2444.767,2448.4035,2448.4035,2448.4035,2630.748,2678.0225,2725.8165,2773.6105,2395.9537
Belgium,Food Retail,Emissions (CO2eq) from CH4 (AR5),kilotonnes,46.0768,48.16,44.8112,45.052,45.1556,47.9976,65.1532,68.7344,79.24,81.5108,84.3696,82.5776,82.7092,84.4844,80.6064,82.11,82.5608,82.2948,83.2244,95.6704,90.8525
Belgium,Food Retail,Emissions (CO2eq) from N2O (AR5),kilotonnes,3.0475,3.2595,3.2595,3.392,3.445,3.5775,4.3195,4.346,5.035,4.982,5.2205,4.9555,5.406,5.3265,4.9025,5.1675,5.141,5.141,5.1675,5.83,5.2667
Belgium,Food Retail,Emissions (CO2eq) (AR5),kilotonnes,2240.8902,2471.9946,2681.818,2941.0622,3127.7542,3386.0289,3624.7069,3662.4934,3944.8775,3825.6905,3974.7611,3752.584,3825.6915,4029.288,3809.8171,3929.2479,4115.6501,4161.6972,4210.9611,4309.224,3735.2716
Belgium,Food Household Consumption,Emissions (CH4),kilotonnes,4.3019,4.4575,4.5562,4.4712,4.4958,4.3913,3.872,3.6688,3.5273,3.7983,3.5268,3.3001,3.3906,3.4457,3.1813,3.2097,3.1991,3.1389,3.0916,3.0916,2.9359
Belgium,Food Household Consumption,Emissions (N2O),kilotonnes,0.0339,0.0355,0.0346,0.0354,0.0356,0.0349,0.0308,0.0282,0.0293,0.029,0.0288,0.0258,0.0279,0.0276,0.0245,0.0259,0.0252,0.0249,0.0245,0.0245,0.0221
Belgium,Food Household Consumption,Emissions (CO2),kilotonnes,3483.907,3580.1083,3357.0015,3533.8942,3552.8447,3537.7957,3133.3465,2791.3212,3043.4548,2824.704,3074.4159,2519.5245,2632.2168,2932.0875,2424.3987,2673.1256,2643.6901,2607.146,2570.9071,2570.9071,2228.6585
Belgium,Food Household Consumption,Emissions (CO2eq) from CH4 (AR5),kilotonnes,120.4532,124.81,127.5736,125.1936,125.8824,122.9564,108.416,102.7264,98.7644,106.3524,98.7504,92.4028,94.9368,96.4796,89.0764,89.8716,89.5748,87.8892,86.5648,86.5648,82.2054
Belgium,Food Household Consumption,Emissions (CO2eq) from N2O (AR5),kilotonnes,8.9835,9.4075,9.169,9.381,9.434,9.2485,8.162,7.473,7.7645,7.685,7.632,6.837,7.3935,7.314,6.4925,6.8635,6.678,6.5985,6.4925,6.4925,5.8652
Belgium,Food Household Consumption,Emissions (CO2eq) (AR5),kilotonnes,3613.3437,3714.3258,3493.7441,3668.4688,3688.1611,3670.0006,3249.9245,2901.5206,3149.9837,2938.7414,3180.7983,2618.7643,2734.5471,3035.8811,2519.9676,2769.8607,2739.9429,2701.6337,2663.9644,2663.9644,2316.7291
Belgium,Food Transport,Emissions (CH4),kilotonnes,0.2361,0.2279,0.2103,0.2009,0.1833,0.1629,0.15,0.1387,0.1254,0.1123,0.0981,0.091,0.0833,0.0772,0.0762,0.0769,0.0776,0.0741,0.0706,0,0
Belgium,Food Transport,Emissions (N2O),kilotonnes,0.0735,0.0731,0.0714,0.0725,0.0724,0.07,0.0732,0.0768,0.0772,0.0741,0.0719,0.0724,0.0727,0.0703,0.0703,0.0752,0.0743,0.0726,0.0719,0.0742,0.067
Belgium,Food Transport,Emissions (CO2),kilotonnes,1891.7435,1955.075,1946.8845,1998.8545,2068.438,2011.366,2043.9035,2116.3135,2114.0275,2049.3645,1983.292,1958.1205,1897.491,1855.545,1873.7015,2004.4123,1981.8627,1936.5026,1913.0138,2074.8645,1798.6509
Belgium,Food Transport,Emissions (CO2eq) from CH4 (AR5),kilotonnes,6.6108,6.3812,5.8884,5.6252,5.1324,4.5612,4.2,3.8836,3.5112,3.1444,2.7468,2.548,2.3324,2.1616,2.1336,2.1532,2.1728,2.0748,1.9768,0,0
Belgium,Food Transport,Emissions (CO2eq) from N2O (AR5),kilotonnes,19.4775,19.3715,18.921,19.2125,19.186,18.55,19.398,20.352,20.458,19.6365,19.0535,19.186,19.2655,18.6295,18.6295,19.928,19.6895,19.239,19.0535,19.663,17.7632
Belgium,Food Transport,Emissions (CO2eq) (AR5),kilotonnes,1917.8318,1980.8277,1971.6939,2023.6922,2092.7564,2034.4772,2067.5015,2140.5491,2137.9967,2072.1454,2005.0923,1979.8545,1919.0889,1876.3361,1894.4646,2026.4935,2003.725,1957.8164,1934.0441,2094.5275,1816.4141
Belgium,Energy,Emissions (CH4),kilotonnes,183,187,192,225,251,251,252,256,259,262,265,266,270,274,273,277,275,276,277,278,264
Belgium,Energy,Emissions (N2O),kilotonnes,2.23,2.26,2.07,2.22,2.2,2.18,2.13,2.08,2.28,2.12,2.23,2.14,2.15,2.17,2.02,2.11,2.13,2.09,2.37,2.07,1.87
Belgium,Energy,Emissions (CO2),kilotonnes,111000,110000,104000,110000,108000,105000,103000,99300,101000,100000,108000,97800,92400,94800,90900,95000,92300,93000,98200,95400,82700
Belgium,Energy,Emissions (CO2eq) from CH4 (AR5),kilotonnes,5124,5236,5376,6300,7028,7028,7056,7168,7252,7336,7420,7448,7560,7672,7644,7756,7700,7728,7756,7784,7392
Belgium,Energy,Emissions (CO2eq) from N2O (AR5),kilotonnes,590.95,598.9,548.55,588.3,583,577.7,564.45,551.2,604.2,561.8,590.95,567.1,569.75,575.05,535.3,559.15,564.45,553.85,628.05,548.55,495.55
Belgium,Energy,Emissions (CO2eq) (AR5),kilotonnes,116714.95,115834.9,109924.55,116888.3,115611,112605.7,110620.45,107019.2,108856.2,107897.8,116010.95,105815.1,100529.75,103047.05,99079.3,103315.15,100564.45,101281.85,106584.05,103732.55,90587.55
Belgium,IPPU,Emissions (CH4),kilotonnes,1.96,2.12,2.38,2.4,2.64,2.34,2.28,2.31,2.27,1.83,2.15,2.19,2.18,2.12,1.92,1.76,1.95,1.84,2.02,1.53,1.33
Belgium,IPPU,Emissions (N2O),kilotonnes,18.3,17.8,18.5,15.6,15.6,16.2,16.4,17.4,17.2,15.3,18.8,18.9,18.5,18.7,18.4,18.2,17.8,17.8,17.8,16.5,15.3
Belgium,IPPU,Emissions (CO2),kilotonnes,9170,9420,9520,9800,9930,9370,9280,9320,8840,7610,8510,8990,8750,8760,8560,8140,8310,8100,8380,8230,8180
Belgium,IPPU,Emissions (CO2eq) from F-gases (AR5),kilotonnes,2264.1882,2341.9285,2439.104,2409.9514,2594.5847,2740.3479,3080.462,3381.7059,3682.9499,3731.5376,3721.8201,4139.6745,4149.3921,4256.2851,4353.4605,4460.3535,4547.8114,4839.3378,4907.3606,4353.4605,3760.6902
Belgium,IPPU,Emissions (CO2eq) from CH4 (AR5),kilotonnes,54.88,59.36,66.64,67.2,73.92,65.52,63.84,64.68,63.56,51.24,60.2,61.32,61.04,59.36,53.76,49.28,54.6,51.52,56.56,42.84,37.24
Belgium,IPPU,Emissions (CO2eq) from N2O (AR5),kilotonnes,4849.5,4717,4902.5,4134,4134,4293,4346,4611,4558,4054.5,4982,5008.5,4902.5,4955.5,4876,4823,4717,4717,4717,4372.5,4054.5
Belgium,IPPU,Emissions (CO2eq) (AR5),kilotonnes,16338.5682,16538.2885,16928.244,16411.1514,16732.5047,16468.8679,16770.302,17377.3859,17144.5099,15447.2776,17274.0201,18199.4945,17862.9321,18031.1451,17843.2205,17472.6335,17629.4114,17707.8578,18060.9206,16998.8005,16032.4302
Belgium,Waste,Emissions (CH4),kilotonnes,227,212,211,203,208,202,193,190,183,186,184,186,174,177,174,169,169,170,157,148,134
Belgium,Waste,Emissions (N2O),kilotonnes,0.984,0.968,0.989,1,1.02,1.02,1.04,1.07,1.04,1.05,1.13,1.15,1.14,1.11,1.09,1.11,1.08,1.11,1.08,1.11,1.11
Belgium,Waste,Emissions (CO2),kilotonnes,32.3,38.2,23.9,26.6,15.5,2.47,1.93,1.93,1.32,4.1,1.96,1.52,1.43,16.1,1.55,1.7,3.16,1.67,3.75,3.67,3.32
Belgium,Waste,Emissions (CO2eq) from CH4 (AR5),kilotonnes,6356,5936,5908,5684,5824,5656,5404,5320,5124,5208,5152,5208,4872,4956,4872,4732,4732,4760,4396,4144,3752
Belgium,Waste,Emissions (CO2eq) from N2O (AR5),kilotonnes,260.76,256.52,262.085,265,270.3,270.3,275.6,283.55,275.6,278.25,299.45,304.75,302.1,294.15,288.85,294.15,286.2,294.15,286.2,294.15,294.15
Belgium,Waste,Emissions (CO2eq) (AR5),kilotonnes,6649.06,6230.72,6193.985,5975.6,6109.8,5928.77,5681.53,5605.48,5400.92,5490.35,5453.41,5514.27,5175.53,5266.25,5162.4,5027.85,5021.36,5055.82,4685.95,4441.82,4049.47
Belgium,Other,Emissions (N2O),kilotonnes,1.68,1.7,1.56,1.59,1.56,1.47,1.41,1.36,1.33,1.25,1.26,1.16,1.12,1.11,1.06,1.06,1.03,0.974,0.939,0.873,0.832
Belgium,Other,Emissions (CO2eq) from N2O (AR5),kilotonnes,445.2,450.5,413.4,421.35,413.4,389.55,373.65,360.4,352.45,331.25,333.9,307.4,296.8,294.15,280.9,280.9,272.95,258.11,248.835,231.345,220.48
Belgium,Other,Emissions (CO2eq) (AR5),kilotonnes,445.2,450.5,413.4,421.35,413.4,389.55,373.65,360.4,352.45,331.25,333.9,307.4,296.8,294.15,280.9,280.9,272.95,258.11,248.835,231.345,220.48
Belgium,Farm-gate emissions,Emissions (CH4),kilotonnes,300.3531,296.8639,285.032,273.0114,268.0518,264.1606,260.8448,258.2458,256.9313,257.3643,255.6949,253.4063,249.355,245.2728,249.0839,251.6668,250.0509,241.1911,243.9856,242.0501,240.7747
Belgium,Farm-gate emissions,Direct emissions (N2O),kilotonnes,4.9214,4.8274,7.0858,6.9043,6.8446,6.7305,6.5812,6.7472,6.5219,6.8647,7.0758,6.9725,6.8863,6.8992,7.0765,7.1457,6.842,6.8056,6.8499,6.8888,6.8293
Belgium,Farm-gate emissions,Indirect emissions (N2O),kilotonnes,1.6393,1.6068,2.3357,2.2738,2.2473,2.2138,2.1653,2.2166,2.1384,2.2477,2.3202,2.2899,2.266,2.2671,2.3179,2.3437,2.2525,2.2308,2.2569,2.2593,2.2472
Belgium,Farm-gate emissions,Emissions (N2O),kilotonnes,9.7237,9.5597,12.3873,12.118,12.0222,11.8486,11.5366,11.6348,11.4496,11.7792,12.1194,11.909,11.7691,11.7932,11.9495,12.0358,11.6347,11.507,11.5981,11.6132,11.5402
Belgium,Farm-gate emissions,Emissions (CO2),kilotonnes,2677.7586,2532.0247,2153.935,2779.9572,2745.4387,2655.657,2635.8433,2383.3432,2459.6456,2253.6864,2123.0823,1907.747,1915.8483,2077.4725,1758.4793,1718.988,1854.9164,1926.6885,1908.7198,1943.6463,1943.6897
Belgium,Farm-gate emissions,Emissions (CO2eq) from CH4 (AR5),kilotonnes,8409.8876,8312.1904,7980.8968,7644.32,7505.4504,7396.4962,7303.6557,7230.8819,7194.0767,7206.2012,7159.4582,7095.3766,6981.9414,6867.6389,6974.3486,7046.6715,7001.4239,6753.3496,6831.5971,6777.4031,6741.6924
Belgium,Farm-gate emissions,Emissions (CO2eq) from N2O (AR5),kilotonnes,2576.7702,2533.3184,3282.6469,3211.2685,3185.8713,3139.8892,3057.202,3083.2238,3034.1386,3121.4865,3211.6326,3155.8759,3118.805,3125.2048,3166.6248,3189.4822,3083.2044,3049.3547,3073.4894,3077.5015,3058.1643
Belgium,Farm-gate emissions,Emissions (CO2eq) (AR5),kilotonnes,13664.4164,13377.5336,13417.4788,13635.5458,13436.7604,13192.0424,12996.701,12697.4489,12687.861,12581.3741,12494.1731,12158.9994,12016.5946,12070.3163,11899.4527,11955.1417,11939.5447,11729.3928,11813.8063,11798.5508,11743.5463
Belgium,Land Use change,Emissions (CH4),kilotonnes,0,0,0,0,0,0,0,0,0,0,0,0,0,0,0,0,0,0,0,0,0
Belgium,Land Use change,Emissions (N2O),kilotonnes,0,0,0,0,0,0,0,0,0,0,0,0,0,0,0,0,0,0,0,0,0
Belgium,Land Use change,Emissions (CO2),kilotonnes,1004.608,50.2151,50.2151,50.2151,50.2151,50.2151,50.2151,50.2151,50.2151,50.2151,50.2151,2355.3288,2355.3288,2355.3288,2355.3288,2355.3288,0,0,0,0,0
Belgium,Land Use change,Emissions (CO2eq) from CH4 (AR5),kilotonnes,0,0,0,0,0,0,0,0,0,0,0,0,0,0,0,0,0,0,0,0,0
Belgium,Land Use change,Emissions (CO2eq) from N2O (AR5),kilotonnes,0,0,0,0,0,0,0,0,0,0,0,0,0,0,0,0,0,0,0,0,0
Belgium,Land Use change,Emissions (CO2eq) (AR5),kilotonnes,1004.608,50.2151,50.2151,50.2151,50.2151,50.2151,50.2151,50.2151,50.2151,50.2151,50.2151,2355.3288,2355.3288,2355.3288,2355.3288,2355.3288,0,0,0,0,0
Belgium,Emissions on agricultural land,Emissions (CH4),kilotonnes,300.3531,296.8639,285.032,273.0114,268.0518,264.1606,260.8448,258.2458,256.9313,257.3643,255.6949,253.4063,249.355,245.2728,249.0839,251.6668,250.0509,241.1911,243.9856,242.0501,240.7747
Belgium,Emissions on agricultural land,Emissions (N2O),kilotonnes,9.7237,9.5597,12.3873,12.118,12.0222,11.8486,11.5366,11.6348,11.4496,11.7792,12.1194,11.909,11.7691,11.7932,11.9495,12.0358,11.6347,11.507,11.5981,11.6132,11.5402
Belgium,Emissions on agricultural land,Emissions (CO2),kilotonnes,3682.3666,2582.2399,2204.1502,2830.1723,2795.6538,2705.8721,2686.0584,2433.5583,2509.8607,2303.9015,2173.2974,4263.0758,4271.1771,4432.8013,4113.8081,4074.3168,1854.9164,1926.6885,1908.7198,1943.6463,1943.6897
Belgium,Emissions on agricultural land,Emissions (CO2eq) from CH4 (AR5),kilotonnes,8409.8876,8312.1904,7980.8968,7644.32,7505.4504,7396.4962,7303.6557,7230.8819,7194.0767,7206.2012,7159.4582,7095.3766,6981.9414,6867.6389,6974.3486,7046.6715,7001.4239,6753.3496,6831.5971,6777.4031,6741.6924
Belgium,Emissions on agricultural land,Emissions (CO2eq) from N2O (AR5),kilotonnes,2576.7702,2533.3184,3282.6469,3211.2685,3185.8713,3139.8892,3057.202,3083.2238,3034.1386,3121.4865,3211.6326,3155.8759,3118.805,3125.2048,3166.6248,3189.4822,3083.2044,3049.3547,3073.4894,3077.5015,3058.1643
Belgium,Emissions on agricultural land,Emissions (CO2eq) (AR5),kilotonnes,14669.0244,13427.7487,13467.6939,13685.7609,13486.9755,13242.2575,13046.9161,12747.664,12738.0761,12631.5892,12544.3882,14514.3282,14371.9234,14425.6451,14254.7815,14310.4705,11939.5447,11729.3928,11813.8063,11798.5508,11743.5463
Belgium,Pre- and post- production,Emissions (CH4),kilotonnes,84.5084,88.3469,86.8202,95.5595,90.9065,87.6658,86.0224,83.3584,79.8602,77.3149,73.3089,69.9783,66.3049,63.5019,56.7934,52.6229,48.5089,48.5438,49.3094,50.3837,49.8937
Belgium,Pre- and post- production,Emissions (N2O),kilotonnes,0.679,0.7047,0.7041,0.7006,0.7125,0.7212,0.7507,0.7771,0.7821,0.7894,0.8044,0.8143,0.8457,0.8559,0.8454,0.8719,0.8692,0.8761,0.8839,0.897,0.8843
Belgium,Pre- and post- production,Emissions (CO2),kilotonnes,10057.7823,10157.1613,9944.2493,11345.9906,11495.3365,10893.9782,10963.6807,10550.6968,10825.2003,10562.1603,11283.2472,10221.2146,10616.467,11479.9481,10824.2779,11522.3747,11670.6162,11565.9404,11718.6353,12002.4395,10476.9115
Belgium,Pre- and post- production,Emissions (CO2eq) from F-gases (AR5),kilotonnes,1059.78,1253.5535,1423.43,1605.255,1772.0145,2008.387,2192.8095,2377.232,2408.9215,2425.5455,2434.8965,2440.611,2444.767,2448.4035,2448.4035,2448.4035,2630.748,2678.0225,2725.8165,2773.6105,2395.9537
Belgium,Pre- and post- production,Emissions (CO2eq) from CH4 (AR5),kilotonnes,2366.2357,2473.7127,2430.9669,2675.6663,2545.3834,2454.6417,2408.6282,2334.0363,2236.0865,2164.8165,2052.6496,1959.3919,1856.5367,1778.0543,1590.216,1473.4407,1358.2498,1359.2269,1380.662,1410.7433,1397.0236
Belgium,Pre- and post- production,Emissions (CO2eq) from N2O (AR5),kilotonnes,179.9309,186.7428,186.5827,185.6616,188.8025,191.1267,198.9268,205.9358,207.2471,209.1807,213.1528,215.7886,224.1068,226.8262,224.0424,231.0433,230.3378,232.1682,234.2227,237.7015,234.3496
Belgium,Pre- and post- production,Emissions (CO2eq) (AR5),kilotonnes,13663.729,14071.1703,13985.2289,15812.5735,16001.5369,15548.1337,15764.0452,15467.9009,15677.4553,15361.703,15983.946,14837.006,15141.8775,15933.2321,15086.9398,15675.2623,15889.9518,15835.3579,16059.3365,16424.4948,14504.2384
Belgium,Agri-food systems,Emissions (CH4),kilotonnes,384.8615,385.2108,371.8523,368.5709,358.9584,351.8264,346.8673,341.6042,336.7915,334.6792,329.0038,323.3846,315.6599,308.7748,305.8773,304.2897,298.5598,289.7349,293.295,292.4338,290.6684
Belgium,Agri-food systems,Emissions (N2O),kilotonnes,10.4026,10.2644,13.0914,12.8186,12.7346,12.5699,12.2873,12.4119,12.2316,12.5686,12.9237,12.7233,12.6148,12.6492,12.795,12.9076,12.5039,12.3831,12.4819,12.5102,12.4246
Belgium,Agri-food systems,Emissions (CO2),kilotonnes,13740.1489,12739.4012,12148.3994,14176.1629,14290.9903,13599.8504,13649.7392,12984.2551,13335.0609,12866.0617,13456.5446,14484.2903,14887.6441,15912.7494,14938.086,15596.6916,13525.5326,13492.6289,13627.3552,13946.0857,12420.6011
Belgium,Agri-food systems,Emissions (CO2eq) from F-gases (AR5),kilotonnes,1059.78,1253.5535,1423.43,1605.255,1772.0145,2008.387,2192.8095,2377.232,2408.9215,2425.5455,2434.8965,2440.611,2444.767,2448.4035,2448.4035,2448.4035,2630.748,2678.0225,2725.8165,2773.6105,2395.9537
Belgium,Agri-food systems,Emissions (CO2eq) from CH4 (AR5),kilotonnes,10776.1233,10785.9031,10411.8637,10319.9863,10050.8338,9851.1379,9712.2839,9564.9182,9430.1632,9371.0178,9212.1078,9054.7685,8838.4781,8645.6932,8564.5646,8520.1122,8359.6737,8112.5764,8212.259,8188.1463,8138.716
Belgium,Agri-food systems,Emissions (CO2eq) from N2O (AR5),kilotonnes,2756.7012,2720.0612,3469.2296,3396.9301,3374.6738,3331.0159,3256.1288,3289.1596,3241.3857,3330.6672,3424.7853,3371.6645,3342.9118,3352.031,3390.6672,3420.5255,3313.5423,3281.5229,3307.7121,3315.203,3292.5139
Belgium,Agri-food systems,Emissions (CO2eq) (AR5),kilotonnes,28332.7534,27498.919,27452.9228,29498.3344,29488.5124,28790.3912,28810.9613,28215.565,28415.5314,27993.2922,28528.3342,29351.3343,29513.801,30358.8771,29341.7213,29985.7328,27829.4966,27564.7507,27873.1428,28223.0456,26247.7848
Belgium,IPCC Agriculture,Emissions (CH4),kilotonnes,299.8395,296.4081,284.645,272.5585,267.6068,263.7278,260.4129,257.7339,256.3444,256.9199,255.3864,253.1936,249.127,245.0263,248.8507,251.4404,249.8152,240.9488,243.7432,241.8058,240.5304
Belgium,IPCC Agriculture,Emissions (CH4),kilotonnes,229.048,228.2816,221.2332,213.6634,211.5928,208.8751,207.5529,210.1032,208.7683,209.9412,211.2627,209.72,210.9244,209.3447,210.41,213.2222,213.9185,209.9207,210.648,209.614,209.051
Belgium,IPCC Agriculture,Direct emissions (N2O),kilotonnes,4.9214,4.8274,7.0858,6.9043,6.8446,6.7305,6.5812,6.7472,6.5219,6.8647,7.0758,6.9725,6.8863,6.8992,7.0765,7.1457,6.842,6.8056,6.8499,6.8888,6.8293
Belgium,IPCC Agriculture,Indirect emissions (N2O),kilotonnes,1.6393,1.6068,2.3357,2.2738,2.2473,2.2138,2.1653,2.2166,2.1384,2.2477,2.3202,2.2899,2.266,2.2671,2.3179,2.3437,2.2525,2.2308,2.2569,2.2593,2.2472
Belgium,IPCC Agriculture,Emissions (N2O),kilotonnes,9.1322,8.9599,11.8604,11.5067,11.3918,11.2154,10.9838,11.178,10.8691,11.3294,11.6076,11.4664,11.334,11.3186,11.5624,11.6881,11.2525,11.1258,11.2365,11.2568,11.1838
Belgium,IPCC Agriculture,Emissions (N2O),kilotonnes,16.1137,15.4506,15.6671,15.0898,15.0166,14.5714,13.9147,14.0856,13.7155,13.9808,13.7051,13.584,13.2002,13.3466,13.726,13.4611,12.913,13.5641,13.0381,13.2726,13.1116
Belgium,IPCC Agriculture,Emissions (CO2),kilotonnes,169.6899,168.2546,168.2848,164.9873,165.3712,165.3016,164.1572,164.7281,162.5118,167.5851,172.4868,172.266,170.7857,176.0245,183.8655,185.7202,187.4308,184.6816,183.635,182.8704,184.2248
Belgium,IPCC Agriculture,Emissions (CO2eq) from CH4 (AR5),kilotonnes,8395.5068,8299.4263,7970.0606,7631.6389,7492.9915,7384.3791,7291.562,7216.5491,7177.644,7193.7573,7150.8193,7089.4202,6975.5574,6860.7355,6967.8206,7040.3307,6994.8243,6746.5658,6824.8092,6770.5632,6734.8526
Belgium,IPCC Agriculture,Emissions (CO2eq) from CH4 (AR5),kilotonnes,6413.3436,6391.8847,6194.5297,5982.5759,5924.5998,5848.5022,5811.4815,5882.8902,5845.5118,5878.3546,5915.3551,5872.1608,5905.8838,5861.6506,5891.4792,5970.2227,5989.7186,5877.7796,5898.1429,5869.1929,5853.4287
Belgium,IPCC Agriculture,Emissions (CO2eq) from N2O (AR5),kilotonnes,2420.0432,2374.3755,3143.019,3049.2708,3018.832,2972.0725,2910.7128,2962.1769,2880.3081,3002.2977,3076.0064,3038.6077,3003.5056,2999.4395,3064.0328,3097.3335,2981.9081,2948.3487,2977.6818,2983.0508,2963.7135
Belgium,IPCC Agriculture,Emissions (CO2eq) from N2O (AR5),kilotonnes,4270.1195,4094.397,4151.771,3998.7984,3979.4069,3861.4278,3687.3946,3732.6902,3634.6053,3704.9222,3631.8384,3599.77,3498.046,3536.8432,3637.3982,3567.1915,3421.9483,3594.4917,3455.0984,3517.2308,3474.5821
Belgium,IPCC Agriculture,Emissions (CO2eq) (AR5),kilotonnes,10815.5501,10673.8018,11113.0795,10680.9097,10511.8235,10356.4516,10202.2748,10178.7261,10057.9521,10196.055,10226.8257,10128.0279,9979.063,9860.175,10031.8534,10137.6642,9976.7324,9694.9145,9802.491,9753.614,9698.5661
Belgium,IPCC Agriculture,Emissions (CO2eq) (AR5),kilotonnes,10853.153,10654.5362,10514.5855,10146.3616,10069.3779,9875.2316,9663.0334,9780.3085,9642.6289,9750.8619,9719.6804,9644.1969,9574.7156,9574.5184,9712.7429,9723.1344,9599.0977,9656.9529,9536.8762,9569.2941,9512.2356
Belgium,Agricultural Soils,Direct emissions (N2O),kilotonnes,4.9214,4.8274,7.0858,6.9043,6.8446,6.7305,6.5812,6.7472,6.5219,6.8647,7.0758,6.9725,6.8863,6.8992,7.0765,7.1457,6.842,6.8056,6.8499,6.8888,6.8293
Belgium,Agricultural Soils,Direct emissions (N2O),kilotonnes,10.4855,10.0236,10.2618,9.8993,9.9076,9.5929,9.1026,9.2071,8.9415,9.148,8.9075,8.851,8.5546,8.6836,9.0087,8.7901,8.3436,8.912,8.5043,8.7312,8.6215
Belgium,Agricultural Soils,Indirect emissions (N2O),kilotonnes,1.6393,1.6068,2.3357,2.2738,2.2473,2.2138,2.1653,2.2166,2.1384,2.2477,2.3202,2.2899,2.266,2.2671,2.3179,2.3437,2.2525,2.2308,2.2569,2.2593,2.2472
Belgium,Agricultural Soils,Indirect emissions (N2O),kilotonnes,2.9162,2.7846,2.8465,2.7245,2.6855,2.6008,2.4936,2.4873,2.4115,2.4654,2.4144,2.3912,2.3181,2.3453,2.4277,2.3763,2.2797,2.3952,2.2978,2.3478,2.3179
Belgium,Agricultural Soils,Emissions (N2O),kilotonnes,6.7043,6.5766,9.561,9.3156,9.2277,9.0802,8.8827,9.1003,8.7961,9.2482,9.5321,9.3987,9.2887,9.3027,9.5307,9.6257,9.2303,9.1716,9.2416,9.2858,9.2142
Belgium,Agricultural Soils,Emissions (N2O),kilotonnes,13.4017,12.8082,13.1083,12.6237,12.5931,12.1937,11.5962,11.6944,11.353,11.6134,11.3219,11.2422,10.8727,11.029,11.4364,11.1664,10.6233,11.3072,10.8021,11.079,10.9394
Belgium,Agricultural Soils,Emissions (CO2eq) from N2O (AR5),kilotonnes,1776.6359,1742.8119,2533.653,2468.6301,2445.3534,2406.245,2353.9062,2411.5838,2330.962,2450.785,2526.0026,2490.6598,2461.5003,2465.2264,2525.6357,2550.8075,2446.024,2430.4841,2449.0178,2460.7325,2441.7599
Belgium,Agricultural Soils,Emissions (CO2eq) from N2O (AR5),kilotonnes,3551.4477,3394.166,3473.707,3345.2891,3337.177,3231.3397,3072.9875,3099.0062,3008.5453,3077.5419,3000.2974,2979.1794,2881.2781,2922.6749,3030.6498,2959.086,2815.1736,2996.4049,2862.5622,2935.9266,2898.9461
Belgium,Agricultural Soils,Emissions (CO2eq) (AR5),kilotonnes,1776.6359,1742.8119,2533.653,2468.6301,2445.3534,2406.245,2353.9062,2411.5838,2330.962,2450.785,2526.0026,2490.6598,2461.5003,2465.2264,2525.6357,2550.8075,2446.024,2430.4841,2449.0178,2460.7325,2441.7599
Belgium,Agricultural Soils,Emissions (CO2eq) (AR5),kilotonnes,3551.4477,3394.166,3473.707,3345.2891,3337.177,3231.3397,3072.9875,3099.0062,3008.5453,3077.5419,3000.2974,2979.1794,2881.2781,2922.6749,3030.6498,2959.086,2815.1736,2996.4049,2862.5622,2935.9266,2898.9461
Belgium,LULUCF,Emissions (CH4),kilotonnes,0.0053,0,0,0,0.0025,0,0,0,0,0,0,0,0,0,0.01,0,0,0,0,0,0
Belgium,LULUCF,Emissions (CH4),kilotonnes,0.0001,0.0011,0.0105,0.0064,,0,0.0001,0.0016,,,,0.3506,,,,,,,,,
Belgium,LULUCF,Emissions (N2O),kilotonnes,0.0003,0,0,0,0.0002,0,0,0,0,0,0,0,0,0,0.0009,0,0,0,0,0,0
Belgium,LULUCF,Emissions (N2O),kilotonnes,0.1655,0.1808,0.202,0.214,0.2244,0.2394,0.2545,0.2705,0.2846,0.2998,0.3177,0.5717,0.3438,0.3458,0.3479,0.3501,0.3577,0.3655,0.3735,0.3813,
Belgium,LULUCF,Emissions (CO2),kilotonnes,-3967.9576,-2964.5944,-2968.9065,-2971.885,-2974.2745,-2974.2226,-2973.7547,-2973.285,-2974.3496,-2974.2632,-2973.8239,-2320.752,-2320.7616,-2320.7616,-2320.8226,-2320.8226,199.6415,198.7204,198.0725,202.4537,202.4971
Belgium,LULUCF,Emissions (CO2),kilotonnes,-1972.7558,-1923.9483,-2388.7715,-2349.4892,-2264.5262,-2256.7496,-2250.2683,-2050.222,-1803.5836,-1830.7898,-1258.3442,-1158.3748,-1163.7397,-1881.5073,-1861.9146,-1913.2319,-1588.7684,-1512.8256,-1225.23,-1213.5568,
Belgium,LULUCF,Emissions (CO2eq) from CH4 (AR5),kilotonnes,0.1497,0,0,0,0.0699,0,0,0,0,0,0,0,0,0,0.2796,0,0,0,0,0,0
Belgium,LULUCF,Emissions (CO2eq) from N2O (AR5),kilotonnes,0.0784,0,0,0,0.0604,0,0,0,0,0,0,0,0,0,0.2416,0,0,0,0,0,0
Belgium,LULUCF,Emissions (CO2eq) (AR5),kilotonnes,-3967.7295,-2964.5944,-2968.9065,-2971.885,-2974.1441,-2974.2226,-2973.7547,-2973.285,-2974.3496,-2974.2632,-2973.8239,-2320.752,-2320.7616,-2320.7616,-2320.3013,-2320.8226,199.6415,198.7204,198.0725,202.4537,202.4971
Belgium,LULUCF,Emissions (CO2eq) (AR5),kilotonnes,-1972.7558,-1923.9483,-2388.7715,-2349.4892,-2264.5262,-2256.7496,-2250.2683,-2050.222,-1803.5836,-1830.7898,-1258.3442,-1158.3748,-1163.7397,-1881.5073,-1861.9146,-1913.2319,-1588.7684,-1512.8256,-1225.23,-1213.5568,
Belgium,AFOLU,Emissions (CH4),kilotonnes,299.8449,296.4081,284.645,272.5585,267.6093,263.7278,260.4129,257.7339,256.3444,256.9199,255.3864,253.1936,249.127,245.0263,248.8607,251.4404,249.8152,240.9488,243.7432,241.8058,240.5304
Belgium,AFOLU,Emissions (N2O),kilotonnes,9.1325,8.9599,11.8604,11.5067,11.392,11.2154,10.9838,11.178,10.8691,11.3294,11.6076,11.4664,11.334,11.3186,11.5633,11.6881,11.2525,11.1258,11.2365,11.2568,11.1838
Belgium,AFOLU,Emissions (CO2),kilotonnes,-3967.9576,-2964.5944,-2968.9065,-2971.885,-2974.2745,-2974.2226,-2973.7547,-2973.285,-2974.3496,-2974.2632,-2973.8239,-2320.752,-2320.7616,-2320.7616,-2320.8226,-2320.8226,199.6415,198.7204,198.0725,202.4537,202.4971
Belgium,AFOLU,Emissions (CO2eq) from CH4 (AR5),kilotonnes,8395.6565,8299.4263,7970.0606,7631.6389,7493.0614,7384.3791,7291.562,7216.5491,7177.644,7193.7573,7150.8193,7089.4202,6975.5574,6860.7355,6968.1003,7040.3307,6994.8243,6746.5658,6824.8092,6770.5632,6734.8526
Belgium,AFOLU,Emissions (CO2eq) from N2O (AR5),kilotonnes,2420.1217,2374.3755,3143.019,3049.2708,3018.8924,2972.0725,2910.7128,2962.1769,2880.3081,3002.2977,3076.0064,3038.6077,3003.5056,2999.4395,3064.2745,3097.3335,2981.9081,2948.3487,2977.6818,2983.0508,2963.7135
Belgium,AFOLU,Emissions (CO2eq) (AR5),kilotonnes,6847.8206,7709.2074,8144.173,7709.0247,7537.6794,7382.229,7228.5201,7205.441,7083.6025,7221.7918,7253.0018,7807.276,7658.3014,7539.4134,7711.5521,7816.8416,10176.3739,9893.6349,10000.5635,9956.0677,9901.0632
Belgium,All sectors with LULUCF,Emissions (CH4),kilotonnes,711.8049,697.5281,690.025,702.9585,729.2493,719.0678,707.6929,706.0439,700.6144,706.7499,706.5364,707.3836,695.307,698.1463,697.7807,699.2004,695.7652,688.7888,679.7632,669.3358,639.8604
Belgium,All sectors with LULUCF,Emissions (N2O),kilotonnes,32.3265,31.6879,34.9794,31.9167,31.772,32.0854,31.9638,33.088,32.7191,31.0494,35.0276,34.8164,34.244,34.4086,34.1333,34.1681,33.2925,33.0998,33.4255,31.8098,30.2958
Belgium,All sectors with LULUCF,Emissions (CO2),kilotonnes,116234.3424,116493.6056,110574.9935,116854.715,114971.2255,111398.2474,109308.1753,105648.645,106866.9704,104639.8368,113538.1361,104470.768,98830.6684,101255.3384,97140.7274,100820.8774,100812.8015,101300.3904,106781.8225,103836.1237,91085.8171
Belgium,All sectors with LULUCF,Emissions (CO2eq) from F-gases (AR5),kilotonnes,2264.1882,2341.9285,2439.104,2409.9514,2594.5847,2740.3479,3080.462,3381.7059,3682.9499,3731.5376,3721.8201,4139.6745,4149.3921,4256.2851,4353.4605,4460.3535,4547.8114,4839.3378,4907.3606,4353.4605,3760.6902
Belgium,All sectors with LULUCF,Emissions (CO2eq) from CH4 (AR5),kilotonnes,19930.5365,19530.7863,19320.7006,19682.8389,20418.9814,20133.8991,19815.402,19769.2291,19617.204,19788.9973,19783.0193,19806.7402,19468.5974,19548.0955,19537.8603,19577.6107,19481.4243,19286.0858,19033.3692,18741.4032,17916.0926
Belgium,All sectors with LULUCF,Emissions (CO2eq) from N2O (AR5),kilotonnes,8566.5317,8397.2955,9269.554,8457.9208,8419.5924,8502.6225,8470.4128,8768.3269,8670.5581,8228.0977,9282.3064,9226.3577,9074.6556,9118.2895,9045.3245,9054.5335,8822.5081,8771.4587,8857.7668,8429.5958,8028.3935
Belgium,All sectors with LULUCF,Emissions (CO2eq) (AR5),kilotonnes,146995.5988,146763.616,141604.352,147405.4261,146404.3841,142775.1169,140674.4522,137567.907,138837.6824,136388.4694,146325.2818,137643.5405,131523.3135,134178.0085,130077.3727,133913.3751,133664.5454,134197.2727,139580.3191,135360.5832,120790.9934
Belgium,All sectors without LULUCF,Emissions (CH4),kilotonnes,711.7995,697.5281,690.025,702.9585,729.2468,719.0678,707.6929,706.0439,700.6144,706.7499,706.5364,707.3836,695.307,698.1463,697.7707,699.2004,695.7652,688.7888,679.7632,669.3358,639.8604
Belgium,All sectors without LULUCF,Emissions (N2O),kilotonnes,32.3262,31.6879,34.9794,31.9167,31.7718,32.0854,31.9638,33.088,32.7191,31.0494,35.0276,34.8164,34.244,34.4086,34.1324,34.1681,33.2925,33.0998,33.4255,31.8098,30.2958
Belgium,All sectors without LULUCF,Emissions (CO2),kilotonnes,120202.3,119458.2,113543.9,119826.6,117945.5,114372.47,112281.93,108621.93,109841.32,107614.1,116511.96,106791.52,101151.43,103576.1,99461.55,103141.7,100613.16,101101.67,106583.75,103633.67,90883.32
Belgium,All sectors without LULUCF,Emissions (CO2eq) from F-gases (AR5),kilotonnes,2264.1882,2341.9285,2439.104,2409.9514,2594.5847,2740.3479,3080.462,3381.7059,3682.9499,3731.5376,3721.8201,4139.6745,4149.3921,4256.2851,4353.4605,4460.3535,4547.8114,4839.3378,4907.3606,4353.4605,3760.6902
Belgium,All sectors without LULUCF,Emissions (CO2eq) from CH4 (AR5),kilotonnes,19930.3868,19530.7863,19320.7006,19682.8389,20418.9115,20133.8991,19815.402,19769.2291,19617.204,19788.9973,19783.0193,19806.7402,19468.5974,19548.0955,19537.5806,19577.6107,19481.4243,19286.0858,19033.3692,18741.4032,17916.0926
Belgium,All sectors without LULUCF,Emissions (CO2eq) from N2O (AR5),kilotonnes,8566.4532,8397.2955,9269.554,8457.9208,8419.532,8502.6225,8470.4128,8768.3269,8670.5581,8228.0977,9282.3064,9226.3577,9074.6556,9118.2895,9045.0828,9054.5335,8822.5081,8771.4587,8857.7668,8429.5958,8028.3935
Belgium,All sectors without LULUCF,Emissions (CO2eq) (AR5),kilotonnes,150963.3283,149728.2104,144573.2585,150377.311,149378.5282,145749.3396,143648.2069,140541.192,141812.032,139362.7326,149299.1057,139964.2925,133844.0751,136498.7701,132397.674,136234.1977,133464.9038,133998.5523,139382.2466,135158.1295,120588.4963
Belgium-Luxembourg,Crop Residues,Direct emissions (N2O),kilotonnes,,,,,,,,,,,,,,,,,,,,,
Belgium-Luxembourg,Crop Residues,Indirect emissions (N2O),kilotonnes,,,,,,,,,,,,,,,,,,,,,
Belgium-Luxembourg,Crop Residues,Emissions (N2O),kilotonnes,,,,,,,,,,,,,,,,,,,,,
Belgium-Luxembourg,Crop Residues,Emissions (CO2eq) from N2O (AR5),kilotonnes,,,,,,,,,,,,,,,,,,,,,
Belgium-Luxembourg,Crop Residues,Emissions (CO2eq) (AR5),kilotonnes,,,,,,,,,,,,,,,,,,,,,
Belgium-Luxembourg,Burning - Crop residues,Emissions (CH4),kilotonnes,,,,,,,,,,,,,,,,,,,,,
Belgium-Luxembourg,Burning - Crop residues,Emissions (N2O),kilotonnes,,,,,,,,,,,,,,,,,,,,,
Belgium-Luxembourg,Burning - Crop residues,Emissions (CO2eq) from CH4 (AR5),kilotonnes,,,,,,,,,,,,,,,,,,,,,
Belgium-Luxembourg,Burning - Crop residues,Emissions (CO2eq) from N2O (AR5),kilotonnes,,,,,,,,,,,,,,,,,,,,,
Belgium-Luxembourg,Burning - Crop residues,Emissions (CO2eq) (AR5),kilotonnes,,,,,,,,,,,,,,,,,,,,,
Belgium-Luxembourg,Enteric Fermentation,Emissions (CH4),kilotonnes,,,,,,,,,,,,,,,,,,,,,
Belgium-Luxembourg,Enteric Fermentation,Emissions (CO2eq) from CH4 (AR5),kilotonnes,,,,,,,,,,,,,,,,,,,,,
Belgium-Luxembourg,Enteric Fermentation,Emissions (CO2eq) (AR5),kilotonnes,,,,,,,,,,,,,,,,,,,,,
Belgium-Luxembourg,Manure Management,Emissions (CH4),kilotonnes,,,,,,,,,,,,,,,,,,,,,
Belgium-Luxembourg,Manure Management,Emissions (N2O),kilotonnes,,,,,,,,,,,,,,,,,,,,,
Belgium-Luxembourg,Manure Management,Emissions (CO2eq) from CH4 (AR5),kilotonnes,,,,,,,,,,,,,,,,,,,,,
Belgium-Luxembourg,Manure Management,Emissions (CO2eq) from N2O (AR5),kilotonnes,,,,,,,,,,,,,,,,,,,,,
Belgium-Luxembourg,Manure Management,Emissions (CO2eq) (AR5),kilotonnes,,,,,,,,,,,,,,,,,,,,,
Belgium-Luxembourg,Manure left on Pasture,Direct emissions (N2O),kilotonnes,,,,,,,,,,,,,,,,,,,,,
Belgium-Luxembourg,Manure left on Pasture,Indirect emissions (N2O),kilotonnes,,,,,,,,,,,,,,,,,,,,,
Belgium-Luxembourg,Manure left on Pasture,Emissions (N2O),kilotonnes,,,,,,,,,,,,,,,,,,,,,
Belgium-Luxembourg,Manure left on Pasture,Emissions (CO2eq) from N2O (AR5),kilotonnes,,,,,,,,,,,,,,,,,,,,,
Belgium-Luxembourg,Manure left on Pasture,Emissions (CO2eq) (AR5),kilotonnes,,,,,,,,,,,,,,,,,,,,,
Belgium-Luxembourg,Manure applied to Soils,Direct emissions (N2O),kilotonnes,,,,,,,,,,,,,,,,,,,,,
Belgium-Luxembourg,Manure applied to Soils,Indirect emissions (N2O),kilotonnes,,,,,,,,,,,,,,,,,,,,,
Belgium-Luxembourg,Manure applied to Soils,Emissions (N2O),kilotonnes,,,,,,,,,,,,,,,,,,,,,
Belgium-Luxembourg,Manure applied to Soils,Emissions (CO2eq) from N2O (AR5),kilotonnes,,,,,,,,,,,,,,,,,,,,,
Belgium-Luxembourg,Manure applied to Soils,Emissions (CO2eq) (AR5),kilotonnes,,,,,,,,,,,,,,,,,,,,,
Belgium-Luxembourg,Synthetic Fertilizers,Direct emissions (N2O),kilotonnes,,,,,,,,,,,,,,,,,,,,,
Belgium-Luxembourg,Synthetic Fertilizers,Indirect emissions (N2O),kilotonnes,,,,,,,,,,,,,,,,,,,,,
Belgium-Luxembourg,Synthetic Fertilizers,Emissions (N2O),kilotonnes,,,,,,,,,,,,,,,,,,,,,
Belgium-Luxembourg,Synthetic Fertilizers,Emissions (CO2eq) from N2O (AR5),kilotonnes,,,,,,,,,,,,,,,,,,,,,
Belgium-Luxembourg,Synthetic Fertilizers,Emissions (CO2eq) (AR5),kilotonnes,,,,,,,,,,,,,,,,,,,,,
Belgium-Luxembourg,Drained organic soils,Emissions (CO2eq) (AR5),kilotonnes,,,,,,,,,,,,,,,,,,,,,
Belgium-Luxembourg,Drained organic soils (CO2),Emissions (CO2),kilotonnes,,,,,,,,,,,,,,,,,,,,,
Belgium-Luxembourg,Drained organic soils (CO2),Emissions (CO2eq) (AR5),kilotonnes,,,,,,,,,,,,,,,,,,,,,
Belgium-Luxembourg,Drained organic soils (N2O),Emissions (N2O),kilotonnes,,,,,,,,,,,,,,,,,,,,,
Belgium-Luxembourg,Drained organic soils (N2O),Emissions (CO2eq) from N2O (AR5),kilotonnes,,,,,,,,,,,,,,,,,,,,,
Belgium-Luxembourg,Drained organic soils (N2O),Emissions (CO2eq) (AR5),kilotonnes,,,,,,,,,,,,,,,,,,,,,
Belgium-Luxembourg,Forestland,Emissions (CO2),kilotonnes,,,,,,,,,,,,,,,,,,,,,
Belgium-Luxembourg,Forestland,Emissions (CO2eq) (AR5),kilotonnes,,,,,,,,,,,,,,,,,,,,,
Belgium-Luxembourg,Net Forest conversion,Emissions (CO2),kilotonnes,,,,,,,,,,,,,,,,,,,,,
Belgium-Luxembourg,Net Forest conversion,Emissions (CO2eq) (AR5),kilotonnes,,,,,,,,,,,,,,,,,,,,,
Belgium-Luxembourg,Savanna fires,Emissions (CH4),kilotonnes,,,,,,,,,,,,,,,,,,,,,
Belgium-Luxembourg,Savanna fires,Emissions (N2O),kilotonnes,,,,,,,,,,,,,,,,,,,,,
Belgium-Luxembourg,Savanna fires,Emissions (CO2eq) from CH4 (AR5),kilotonnes,,,,,,,,,,,,,,,,,,,,,
Belgium-Luxembourg,Savanna fires,Emissions (CO2eq) from N2O (AR5),kilotonnes,,,,,,,,,,,,,,,,,,,,,
Belgium-Luxembourg,Savanna fires,Emissions (CO2eq) (AR5),kilotonnes,,,,,,,,,,,,,,,,,,,,,
Belgium-Luxembourg,Fires in organic soils,Emissions (CH4),kilotonnes,,,,,,,,,,,,,,,,,,,,,
Belgium-Luxembourg,Fires in organic soils,Emissions (CO2),kilotonnes,,,,,,,,,,,,,,,,,,,,,
Belgium-Luxembourg,Fires in organic soils,Emissions (CO2eq) from CH4 (AR5),kilotonnes,,,,,,,,,,,,,,,,,,,,,
Belgium-Luxembourg,Fires in organic soils,Emissions (CO2eq) (AR5),kilotonnes,,,,,,,,,,,,,,,,,,,,,
Belgium-Luxembourg,Forest fires,Emissions (CH4),kilotonnes,,,,,,,,,,,,,,,,,,,,,
Belgium-Luxembourg,Forest fires,Emissions (N2O),kilotonnes,,,,,,,,,,,,,,,,,,,,,
Belgium-Luxembourg,Forest fires,Emissions (CO2eq) from CH4 (AR5),kilotonnes,,,,,,,,,,,,,,,,,,,,,
Belgium-Luxembourg,Forest fires,Emissions (CO2eq) from N2O (AR5),kilotonnes,,,,,,,,,,,,,,,,,,,,,
Belgium-Luxembourg,Forest fires,Emissions (CO2eq) (AR5),kilotonnes,,,,,,,,,,,,,,,,,,,,,
Belgium-Luxembourg,Fires in humid tropical forests,Emissions (CH4),kilotonnes,,,,,,,,,,,,,,,,,,,,,
Belgium-Luxembourg,Fires in humid tropical forests,Emissions (N2O),kilotonnes,,,,,,,,,,,,,,,,,,,,,
Belgium-Luxembourg,Fires in humid tropical forests,Emissions (CO2eq) from CH4 (AR5),kilotonnes,,,,,,,,,,,,,,,,,,,,,
Belgium-Luxembourg,Fires in humid tropical forests,Emissions (CO2eq) from N2O (AR5),kilotonnes,,,,,,,,,,,,,,,,,,,,,
Belgium-Luxembourg,Fires in humid tropical forests,Emissions (CO2eq) (AR5),kilotonnes,,,,,,,,,,,,,,,,,,,,,
Belgium-Luxembourg,Waste - agri-food systems,Emissions (CH4),kilotonnes,,,,,,,,,,,,,,,,,,,,,
Belgium-Luxembourg,Waste - agri-food systems,Emissions (N2O),kilotonnes,,,,,,,,,,,,,,,,,,,,,
Belgium-Luxembourg,Waste - agri-food systems,Emissions (CO2),kilotonnes,,,,,,,,,,,,,,,,,,,,,
Belgium-Luxembourg,Waste - agri-food systems,Emissions (CO2eq) from CH4 (AR5),kilotonnes,,,,,,,,,,,,,,,,,,,,,
Belgium-Luxembourg,Waste - agri-food systems,Emissions (CO2eq) from N2O (AR5),kilotonnes,,,,,,,,,,,,,,,,,,,,,
Belgium-Luxembourg,Waste - agri-food systems,Emissions (CO2eq) (AR5),kilotonnes,,,,,,,,,,,,,,,,,,,,,
Belgium-Luxembourg,Energy,Emissions (CH4),kilotonnes,,,,,,,,,,,,,,,,,,,,,
Belgium-Luxembourg,Energy,Emissions (N2O),kilotonnes,,,,,,,,,,,,,,,,,,,,,
Belgium-Luxembourg,Energy,Emissions (CO2),kilotonnes,,,,,,,,,,,,,,,,,,,,,
Belgium-Luxembourg,Energy,Emissions (CO2eq) from CH4 (AR5),kilotonnes,,,,,,,,,,,,,,,,,,,,,
Belgium-Luxembourg,Energy,Emissions (CO2eq) from N2O (AR5),kilotonnes,,,,,,,,,,,,,,,,,,,,,
Belgium-Luxembourg,Energy,Emissions (CO2eq) (AR5),kilotonnes,,,,,,,,,,,,,,,,,,,,,
Belgium-Luxembourg,IPPU,Emissions (CH4),kilotonnes,,,,,,,,,,,,,,,,,,,,,
Belgium-Luxembourg,IPPU,Emissions (N2O),kilotonnes,,,,,,,,,,,,,,,,,,,,,
Belgium-Luxembourg,IPPU,Emissions (CO2),kilotonnes,,,,,,,,,,,,,,,,,,,,,
Belgium-Luxembourg,IPPU,Emissions (CO2eq) from F-gases (AR5),kilotonnes,,,,,,,,,,,,,,,,,,,,,
Belgium-Luxembourg,IPPU,Emissions (CO2eq) from CH4 (AR5),kilotonnes,,,,,,,,,,,,,,,,,,,,,
Belgium-Luxembourg,IPPU,Emissions (CO2eq) from N2O (AR5),kilotonnes,,,,,,,,,,,,,,,,,,,,,
Belgium-Luxembourg,IPPU,Emissions (CO2eq) (AR5),kilotonnes,,,,,,,,,,,,,,,,,,,,,
Belgium-Luxembourg,Waste,Emissions (CH4),kilotonnes,,,,,,,,,,,,,,,,,,,,,
Belgium-Luxembourg,Waste,Emissions (N2O),kilotonnes,,,,,,,,,,,,,,,,,,,,,
Belgium-Luxembourg,Waste,Emissions (CO2),kilotonnes,,,,,,,,,,,,,,,,,,,,,
Belgium-Luxembourg,Waste,Emissions (CO2eq) from CH4 (AR5),kilotonnes,,,,,,,,,,,,,,,,,,,,,
Belgium-Luxembourg,Waste,Emissions (CO2eq) from N2O (AR5),kilotonnes,,,,,,,,,,,,,,,,,,,,,
Belgium-Luxembourg,Waste,Emissions (CO2eq) (AR5),kilotonnes,,,,,,,,,,,,,,,,,,,,,
Belgium-Luxembourg,Other,Emissions (N2O),kilotonnes,,,,,,,,,,,,,,,,,,,,,
Belgium-Luxembourg,Other,Emissions (CO2eq) from N2O (AR5),kilotonnes,,,,,,,,,,,,,,,,,,,,,
Belgium-Luxembourg,Other,Emissions (CO2eq) (AR5),kilotonnes,,,,,,,,,,,,,,,,,,,,,
Belgium-Luxembourg,Farm-gate emissions,Emissions (CH4),kilotonnes,,,,,,,,,,,,,,,,,,,,,
Belgium-Luxembourg,Farm-gate emissions,Direct emissions (N2O),kilotonnes,,,,,,,,,,,,,,,,,,,,,
Belgium-Luxembourg,Farm-gate emissions,Indirect emissions (N2O),kilotonnes,,,,,,,,,,,,,,,,,,,,,
Belgium-Luxembourg,Farm-gate emissions,Emissions (N2O),kilotonnes,,,,,,,,,,,,,,,,,,,,,
Belgium-Luxembourg,Farm-gate emissions,Emissions (CO2),kilotonnes,,,,,,,,,,,,,,,,,,,,,
Belgium-Luxembourg,Farm-gate emissions,Emissions (CO2eq) from CH4 (AR5),kilotonnes,,,,,,,,,,,,,,,,,,,,,
Belgium-Luxembourg,Farm-gate emissions,Emissions (CO2eq) from N2O (AR5),kilotonnes,,,,,,,,,,,,,,,,,,,,,
Belgium-Luxembourg,Farm-gate emissions,Emissions (CO2eq) (AR5),kilotonnes,,,,,,,,,,,,,,,,,,,,,
Belgium-Luxembourg,Land Use change,Emissions (CH4),kilotonnes,,,,,,,,,,,,,,,,,,,,,
Belgium-Luxembourg,Land Use change,Emissions (N2O),kilotonnes,,,,,,,,,,,,,,,,,,,,,
Belgium-Luxembourg,Land Use change,Emissions (CO2),kilotonnes,,,,,,,,,,,,,,,,,,,,,
Belgium-Luxembourg,Land Use change,Emissions (CO2eq) from CH4 (AR5),kilotonnes,,,,,,,,,,,,,,,,,,,,,
Belgium-Luxembourg,Land Use change,Emissions (CO2eq) from N2O (AR5),kilotonnes,,,,,,,,,,,,,,,,,,,,,
Belgium-Luxembourg,Land Use change,Emissions (CO2eq) (AR5),kilotonnes,,,,,,,,,,,,,,,,,,,,,
Belgium-Luxembourg,Emissions on agricultural land,Emissions (CH4),kilotonnes,,,,,,,,,,,,,,,,,,,,,
Belgium-Luxembourg,Emissions on agricultural land,Emissions (N2O),kilotonnes,,,,,,,,,,,,,,,,,,,,,
Belgium-Luxembourg,Emissions on agricultural land,Emissions (CO2),kilotonnes,,,,,,,,,,,,,,,,,,,,,
Belgium-Luxembourg,Emissions on agricultural land,Emissions (CO2eq) from CH4 (AR5),kilotonnes,,,,,,,,,,,,,,,,,,,,,
Belgium-Luxembourg,Emissions on agricultural land,Emissions (CO2eq) from N2O (AR5),kilotonnes,,,,,,,,,,,,,,,,,,,,,
Belgium-Luxembourg,Emissions on agricultural land,Emissions (CO2eq) (AR5),kilotonnes,,,,,,,,,,,,,,,,,,,,,
Belgium-Luxembourg,Pre- and post- production,Emissions (CH4),kilotonnes,,,,,,,,,,,,,,,,,,,,,
Belgium-Luxembourg,Pre- and post- production,Emissions (N2O),kilotonnes,,,,,,,,,,,,,,,,,,,,,
Belgium-Luxembourg,Pre- and post- production,Emissions (CO2),kilotonnes,,,,,,,,,,,,,,,,,,,,,
Belgium-Luxembourg,Pre- and post- production,Emissions (CO2eq) from CH4 (AR5),kilotonnes,,,,,,,,,,,,,,,,,,,,,
Belgium-Luxembourg,Pre- and post- production,Emissions (CO2eq) from N2O (AR5),kilotonnes,,,,,,,,,,,,,,,,,,,,,
Belgium-Luxembourg,Pre- and post- production,Emissions (CO2eq) (AR5),kilotonnes,,,,,,,,,,,,,,,,,,,,,
Belgium-Luxembourg,Agri-food systems,Emissions (CH4),kilotonnes,,,,,,,,,,,,,,,,,,,,,
Belgium-Luxembourg,Agri-food systems,Emissions (N2O),kilotonnes,,,,,,,,,,,,,,,,,,,,,
Belgium-Luxembourg,Agri-food systems,Emissions (CO2),kilotonnes,,,,,,,,,,,,,,,,,,,,,
Belgium-Luxembourg,Agri-food systems,Emissions (CO2eq) from CH4 (AR5),kilotonnes,,,,,,,,,,,,,,,,,,,,,
Belgium-Luxembourg,Agri-food systems,Emissions (CO2eq) from N2O (AR5),kilotonnes,,,,,,,,,,,,,,,,,,,,,
Belgium-Luxembourg,Agri-food systems,Emissions (CO2eq) (AR5),kilotonnes,,,,,,,,,,,,,,,,,,,,,
Belgium-Luxembourg,IPCC Agriculture,Emissions (CH4),kilotonnes,,,,,,,,,,,,,,,,,,,,,
Belgium-Luxembourg,IPCC Agriculture,Direct emissions (N2O),kilotonnes,,,,,,,,,,,,,,,,,,,,,
Belgium-Luxembourg,IPCC Agriculture,Indirect emissions (N2O),kilotonnes,,,,,,,,,,,,,,,,,,,,,
Belgium-Luxembourg,IPCC Agriculture,Emissions (N2O),kilotonnes,,,,,,,,,,,,,,,,,,,,,
Belgium-Luxembourg,IPCC Agriculture,Emissions (CO2eq) from CH4 (AR5),kilotonnes,,,,,,,,,,,,,,,,,,,,,
Belgium-Luxembourg,IPCC Agriculture,Emissions (CO2eq) from N2O (AR5),kilotonnes,,,,,,,,,,,,,,,,,,,,,
Belgium-Luxembourg,IPCC Agriculture,Emissions (CO2eq) (AR5),kilotonnes,,,,,,,,,,,,,,,,,,,,,
Belgium-Luxembourg,Agricultural Soils,Direct emissions (N2O),kilotonnes,,,,,,,,,,,,,,,,,,,,,
Belgium-Luxembourg,Agricultural Soils,Indirect emissions (N2O),kilotonnes,,,,,,,,,,,,,,,,,,,,,
Belgium-Luxembourg,Agricultural Soils,Emissions (N2O),kilotonnes,,,,,,,,,,,,,,,,,,,,,
Belgium-Luxembourg,Agricultural Soils,Emissions (CO2eq) from N2O (AR5),kilotonnes,,,,,,,,,,,,,,,,,,,,,
Belgium-Luxembourg,Agricultural Soils,Emissions (CO2eq) (AR5),kilotonnes,,,,,,,,,,,,,,,,,,,,,
Belgium-Luxembourg,LULUCF,Emissions (CH4),kilotonnes,,,,,,,,,,,,,,,,,,,,,
Belgium-Luxembourg,LULUCF,Emissions (N2O),kilotonnes,,,,,,,,,,,,,,,,,,,,,
Belgium-Luxembourg,LULUCF,Emissions (CO2),kilotonnes,,,,,,,,,,,,,,,,,,,,,
Belgium-Luxembourg,LULUCF,Emissions (CO2eq) from CH4 (AR5),kilotonnes,,,,,,,,,,,,,,,,,,,,,
Belgium-Luxembourg,LULUCF,Emissions (CO2eq) from N2O (AR5),kilotonnes,,,,,,,,,,,,,,,,,,,,,
Belgium-Luxembourg,LULUCF,Emissions (CO2eq) (AR5),kilotonnes,,,,,,,,,,,,,,,,,,,,,
Belgium-Luxembourg,AFOLU,Emissions (CH4),kilotonnes,,,,,,,,,,,,,,,,,,,,,
Belgium-Luxembourg,AFOLU,Emissions (N2O),kilotonnes,,,,,,,,,,,,,,,,,,,,,
Belgium-Luxembourg,AFOLU,Emissions (CO2),kilotonnes,,,,,,,,,,,,,,,,,,,,,
Belgium-Luxembourg,AFOLU,Emissions (CO2eq) from CH4 (AR5),kilotonnes,,,,,,,,,,,,,,,,,,,,,
Belgium-Luxembourg,AFOLU,Emissions (CO2eq) from N2O (AR5),kilotonnes,,,,,,,,,,,,,,,,,,,,,
Belgium-Luxembourg,AFOLU,Emissions (CO2eq) (AR5),kilotonnes,,,,,,,,,,,,,,,,,,,,,
Belgium-Luxembourg,All sectors with LULUCF,Emissions (CH4),kilotonnes,,,,,,,,,,,,,,,,,,,,,
Belgium-Luxembourg,All sectors with LULUCF,Emissions (N2O),kilotonnes,,,,,,,,,,,,,,,,,,,,,
Belgium-Luxembourg,All sectors with LULUCF,Emissions (CO2),kilotonnes,,,,,,,,,,,,,,,,,,,,,
Belgium-Luxembourg,All sectors with LULUCF,Emissions (CO2eq) from F-gases (AR5),kilotonnes,,,,,,,,,,,,,,,,,,,,,
Belgium-Luxembourg,All sectors with LULUCF,Emissions (CO2eq) from CH4 (AR5),kilotonnes,,,,,,,,,,,,,,,,,,,,,
Belgium-Luxembourg,All sectors with LULUCF,Emissions (CO2eq) from N2O (AR5),kilotonnes,,,,,,,,,,,,,,,,,,,,,
Belgium-Luxembourg,All sectors with LULUCF,Emissions (CO2eq) (AR5),kilotonnes,,,,,,,,,,,,,,,,,,,,,
Belgium-Luxembourg,All sectors without LULUCF,Emissions (CH4),kilotonnes,,,,,,,,,,,,,,,,,,,,,
Belgium-Luxembourg,All sectors without LULUCF,Emissions (N2O),kilotonnes,,,,,,,,,,,,,,,,,,,,,
Belgium-Luxembourg,All sectors without LULUCF,Emissions (CO2),kilotonnes,,,,,,,,,,,,,,,,,,,,,
Belgium-Luxembourg,All sectors without LULUCF,Emissions (CO2eq) from F-gases (AR5),kilotonnes,,,,,,,,,,,,,,,,,,,,,
Belgium-Luxembourg,All sectors without LULUCF,Emissions (CO2eq) from CH4 (AR5),kilotonnes,,,,,,,,,,,,,,,,,,,,,
Belgium-Luxembourg,All sectors without LULUCF,Emissions (CO2eq) from N2O (AR5),kilotonnes,,,,,,,,,,,,,,,,,,,,,
Belgium-Luxembourg,All sectors without LULUCF,Emissions (CO2eq) (AR5),kilotonnes,,,,,,,,,,,,,,,,,,,,,
Belize,Crop Residues,Direct emissions (N2O),kilotonnes,0.0094,0.0106,0.0111,0.0114,0.01,0.0125,0.0097,0.0121,0.0109,0.0153,0.0173,0.0158,0.016,0.0197,0.0168,0.0165,0.017,0.0218,0.019,0.0167,0.0217
Belize,Crop Residues,Indirect emissions (N2O),kilotonnes,0.0021,0.0024,0.0025,0.0026,0.0023,0.0028,0.0022,0.0027,0.0025,0.0034,0.0039,0.0035,0.0036,0.0044,0.0038,0.0037,0.0038,0.0049,0.0043,0.0037,0.0049
Belize,Crop Residues,Emissions (N2O),kilotonnes,0.0115,0.013,0.0136,0.014,0.0123,0.0154,0.0119,0.0148,0.0134,0.0187,0.0212,0.0193,0.0197,0.0242,0.0206,0.0202,0.0208,0.0267,0.0233,0.0204,0.0266
Belize,Crop Residues,Emissions (CO2eq) from N2O (AR5),kilotonnes,3.0376,3.457,3.5924,3.7008,3.2564,4.0701,3.1404,3.9264,3.5415,4.9563,5.6309,5.1214,5.2091,6.403,5.4595,5.3486,5.5146,7.0728,6.1658,5.4103,7.0584
Belize,Crop Residues,Emissions (CO2eq) (AR5),kilotonnes,3.0376,3.457,3.5924,3.7008,3.2564,4.0701,3.1404,3.9264,3.5415,4.9563,5.6309,5.1214,5.2091,6.403,5.4595,5.3486,5.5146,7.0728,6.1658,5.4103,7.0584
Belize,Rice Cultivation,Emissions (CH4),kilotonnes,0.1015,0.1126,0.1337,0.127,0.0878,0.1058,0.0816,0.104,0.0949,0.1282,0.129,0.1247,0.0759,0.1099,0.0983,0.0836,0.095,0.1112,0.0761,0.0677,0.0863
Belize,Rice Cultivation,Emissions (CO2eq) from CH4 (AR5),kilotonnes,2.8412,3.1532,3.7428,3.5547,2.4586,2.9635,2.2838,2.911,2.6578,3.5899,3.6127,3.4927,2.1254,3.078,2.7526,2.3402,2.6601,3.114,2.1309,1.8949,2.4155
Belize,Rice Cultivation,Emissions (CO2eq) (AR5),kilotonnes,2.8412,3.1532,3.7428,3.5547,2.4586,2.9635,2.2838,2.911,2.6578,3.5899,3.6127,3.4927,2.1254,3.078,2.7526,2.3402,2.6601,3.114,2.1309,1.8949,2.4155
Belize,Burning - Crop residues,Emissions (CH4),kilotonnes,0.0844,0.0797,0.088,0.0855,0.0912,0.0985,0.0857,0.0948,0.0937,0.1104,0.103,0.1018,0.0935,0.1049,0.1039,0.1114,0.1243,0.1243,0.1244,0.1316,0.1375
Belize,Burning - Crop residues,Emissions (CH4),kilotonnes,0.052,,,0.02,,,0.03,,,0.02,,,,,,,,,,,
Belize,Burning - Crop residues,Emissions (N2O),kilotonnes,0.0022,0.0021,0.0023,0.0022,0.0024,0.0026,0.0022,0.0025,0.0024,0.0029,0.0027,0.0026,0.0024,0.0027,0.0027,0.0029,0.0032,0.0032,0.0032,0.0034,0.0036
Belize,Burning - Crop residues,Emissions (N2O),kilotonnes,0.0016,,,,,,,,,,,,,,,,,,,,
Belize,Burning - Crop residues,Emissions (CO2eq) from CH4 (AR5),kilotonnes,2.3631,2.2312,2.4638,2.3947,2.5546,2.7567,2.3997,2.6538,2.6239,3.09,2.8849,2.8495,2.617,2.9373,2.9098,3.1199,3.4802,3.4803,3.484,3.6836,3.8504
Belize,Burning - Crop residues,Emissions (CO2eq) from CH4 (AR5),kilotonnes,1.456,,,0.56,,,0.84,,,0.56,,,,,,,,,,,
Belize,Burning - Crop residues,Emissions (CO2eq) from N2O (AR5),kilotonnes,0.5798,0.5475,0.6045,0.5876,0.6268,0.6764,0.5888,0.6512,0.6438,0.7582,0.7079,0.6992,0.6421,0.7207,0.714,0.7655,0.8539,0.854,0.8549,0.9038,0.9448
Belize,Burning - Crop residues,Emissions (CO2eq) from N2O (AR5),kilotonnes,0.424,,,,,,,,,,,,,,,,,,,,
Belize,Burning - Crop residues,Emissions (CO2eq) (AR5),kilotonnes,2.943,2.7787,3.0683,2.9823,3.1814,3.4331,2.9885,3.305,3.2677,3.8482,3.5927,3.5486,3.2591,3.6581,3.6237,3.8855,4.3342,4.3343,4.3389,4.5874,4.7952
Belize,Burning - Crop residues,Emissions (CO2eq) (AR5),kilotonnes,1.88,,,0.56,,,0.84,,,0.56,,,,,,,,,,,
Belize,Enteric Fermentation,Emissions (CH4),kilotonnes,3.1565,3.4671,3.4386,3.4855,3.487,3.4748,4.0298,4.3433,4.8204,5.3933,5.483,5.7997,6.0329,6.6562,5.6284,5.7538,5.8122,6.1349,6.2299,6.3268,6.4271
Belize,Enteric Fermentation,Emissions (CH4),kilotonnes,2.7385,,,3.14,,,4.07,,,5.07,,,,,,,,,,,
Belize,Enteric Fermentation,Emissions (CO2eq) from CH4 (AR5),kilotonnes,88.382,97.0775,96.2814,97.5927,97.6353,97.2939,112.8336,121.6112,134.9723,151.012,153.5246,162.3912,168.9205,186.3736,157.5952,161.1074,162.7411,171.7781,174.437,177.1502,179.9598
Belize,Enteric Fermentation,Emissions (CO2eq) from CH4 (AR5),kilotonnes,76.678,,,87.92,,,113.96,,,141.96,,,,,,,,,,,
Belize,Enteric Fermentation,Emissions (CO2eq) (AR5),kilotonnes,88.382,97.0775,96.2814,97.5927,97.6353,97.2939,112.8336,121.6112,134.9723,151.012,153.5246,162.3912,168.9205,186.3736,157.5952,161.1074,162.7411,171.7781,174.437,177.1502,179.9598
Belize,Enteric Fermentation,Emissions (CO2eq) (AR5),kilotonnes,76.678,,,87.92,,,113.96,,,141.96,,,,,,,,,,,
Belize,Manure Management,Emissions (CH4),kilotonnes,0.1115,0.1301,0.1298,0.1247,0.1267,0.1192,0.1284,0.1324,0.1418,0.1566,0.1593,0.1673,0.1757,0.1859,0.1687,0.1711,0.1722,0.1793,0.1828,0.1854,0.1882
Belize,Manure Management,Emissions (CH4),kilotonnes,0.2488,,,,,,,,,,,,,,,,,,,,
Belize,Manure Management,Emissions (N2O),kilotonnes,0.0092,0.011,0.0103,0.0094,0.0096,0.0079,0.0077,0.0072,0.0074,0.0086,0.0088,0.0094,0.0105,0.0103,0.0104,0.0105,0.0106,0.0109,0.0113,0.0115,0.0116
Belize,Manure Management,Emissions (N2O),kilotonnes,,,,0.93,,,0.93,,,0.93,,,,,,,,,,,
Belize,Manure Management,Emissions (CO2eq) from CH4 (AR5),kilotonnes,3.1208,3.642,3.6354,3.4929,3.5465,3.3384,3.5957,3.7064,3.9703,4.3838,4.4611,4.6846,4.9189,5.204,4.7237,4.7913,4.8207,5.0213,5.1198,5.1917,5.2699
Belize,Manure Management,Emissions (CO2eq) from CH4 (AR5),kilotonnes,6.9664,,,,,,,,,,,,,,,,,,,,
Belize,Manure Management,Emissions (CO2eq) from N2O (AR5),kilotonnes,2.4254,2.9225,2.7355,2.502,2.5417,2.1029,2.0298,1.8978,1.9583,2.2876,2.3293,2.4905,2.7885,2.7238,2.7582,2.7745,2.8007,2.8828,2.9853,3.0406,3.0752
Belize,Manure Management,Emissions (CO2eq) from N2O (AR5),kilotonnes,,,,246.45,,,246.45,,,246.45,,,,,,,,,,,
Belize,Manure Management,Emissions (CO2eq) (AR5),kilotonnes,5.5463,6.5645,6.3709,5.9949,6.0883,5.4413,5.6255,5.6042,5.9286,6.6714,6.7904,7.175,7.7074,7.9278,7.4819,7.5658,7.6214,7.9041,8.1051,8.2323,8.3451
Belize,Manure Management,Emissions (CO2eq) (AR5),kilotonnes,6.9664,,,246.45,,,246.45,,,246.45,,,,,,,,,,,
Belize,Manure left on Pasture,Direct emissions (N2O),kilotonnes,0.076,0.0856,0.0855,0.0854,0.0859,0.086,0.0985,0.105,0.116,0.129,0.1311,0.1381,0.1425,0.1565,0.1338,0.1362,0.1383,0.1447,0.1473,0.1495,0.1515
Belize,Manure left on Pasture,Indirect emissions (N2O),kilotonnes,0.0173,0.0194,0.0194,0.0194,0.0195,0.0196,0.0223,0.0237,0.0261,0.029,0.0295,0.031,0.0319,0.0349,0.0301,0.0306,0.0311,0.0325,0.0331,0.0335,0.034
Belize,Manure left on Pasture,Emissions (N2O),kilotonnes,0.0933,0.105,0.105,0.1048,0.1054,0.1056,0.1208,0.1287,0.1421,0.158,0.1606,0.1691,0.1745,0.1914,0.1639,0.1668,0.1694,0.1772,0.1804,0.1831,0.1855
Belize,Manure left on Pasture,Emissions (CO2eq) from N2O (AR5),kilotonnes,24.7323,27.8188,27.8189,27.7784,27.938,27.9882,32.0024,34.1174,37.6571,41.8649,42.5608,44.8118,46.2344,50.7276,43.4356,44.1917,44.8932,46.9483,47.809,48.5087,49.1443
Belize,Manure left on Pasture,Emissions (CO2eq) (AR5),kilotonnes,24.7323,27.8188,27.8189,27.7784,27.938,27.9882,32.0024,34.1174,37.6571,41.8649,42.5608,44.8118,46.2344,50.7276,43.4356,44.1917,44.8932,46.9483,47.809,48.5087,49.1443
Belize,Manure applied to Soils,Direct emissions (N2O),kilotonnes,0.0111,0.0135,0.0143,0.0131,0.0134,0.0115,0.0116,0.0117,0.0118,0.0131,0.0133,0.0139,0.0153,0.0151,0.0152,0.0157,0.0159,0.0166,0.0167,0.0169,0.017
Belize,Manure applied to Soils,Indirect emissions (N2O),kilotonnes,0.0047,0.0058,0.0061,0.0056,0.0057,0.0049,0.0049,0.005,0.005,0.0056,0.0056,0.0059,0.0065,0.0064,0.0065,0.0067,0.0068,0.0071,0.0071,0.0072,0.0072
Belize,Manure applied to Soils,Emissions (N2O),kilotonnes,0.0158,0.0193,0.0204,0.0187,0.0191,0.0165,0.0166,0.0167,0.0168,0.0186,0.0189,0.0197,0.0217,0.0216,0.0217,0.0224,0.0227,0.0237,0.0238,0.0241,0.0242
Belize,Manure applied to Soils,Emissions (CO2eq) from N2O (AR5),kilotonnes,4.1901,5.1151,5.4152,4.9601,5.0734,4.3607,4.392,4.4279,4.4545,4.9378,5.0137,5.2319,5.7624,5.7193,5.7374,5.9247,6.0158,6.2775,6.2982,6.3847,6.4261
Belize,Manure applied to Soils,Emissions (CO2eq) (AR5),kilotonnes,4.1901,5.1151,5.4152,4.9601,5.0734,4.3607,4.392,4.4279,4.4545,4.9378,5.0137,5.2319,5.7624,5.7193,5.7374,5.9247,6.0158,6.2775,6.2982,6.3847,6.4261
Belize,Synthetic Fertilizers,Direct emissions (N2O),kilotonnes,0.0446,0.0299,0.1908,0.3252,0.0408,0.0646,0.045,0.0408,0.0262,0.0921,0.0358,0.0896,0.0958,0.2151,0.2795,0.2766,0.2642,0.2134,0.1682,0.2599,0.2614
Belize,Synthetic Fertilizers,Indirect emissions (N2O),kilotonnes,0.0145,0.0097,0.062,0.1057,0.0132,0.021,0.0146,0.0132,0.0085,0.0299,0.0116,0.0291,0.0311,0.0699,0.0908,0.0899,0.0859,0.0693,0.0547,0.0845,0.085
Belize,Synthetic Fertilizers,Emissions (N2O),kilotonnes,0.0591,0.0396,0.2528,0.4309,0.054,0.0856,0.0596,0.054,0.0347,0.122,0.0475,0.1187,0.1269,0.285,0.3703,0.3665,0.35,0.2827,0.2229,0.3444,0.3464
Belize,Synthetic Fertilizers,Emissions (CO2eq) from N2O (AR5),kilotonnes,15.6702,10.4836,66.9846,114.1828,14.3129,22.6721,15.7861,14.3129,9.2035,32.3226,12.5803,31.4563,33.6349,75.5137,98.1378,97.1325,92.7612,74.9231,59.0633,91.2727,91.7876
Belize,Synthetic Fertilizers,Emissions (CO2eq) (AR5),kilotonnes,15.6702,10.4836,66.9846,114.1828,14.3129,22.6721,15.7861,14.3129,9.2035,32.3226,12.5803,31.4563,33.6349,75.5137,98.1378,97.1325,92.7612,74.9231,59.0633,91.2727,91.7876
Belize,Drained organic soils,Emissions (CO2eq) (AR5),kilotonnes,144.1939,143.1388,143.3773,139.4104,140.6781,142.9532,145.3579,149.534,157.4653,162.3444,162.4752,162.9538,162.9105,163.2164,162.1008,162.1008,166.0808,173.1452,177.0571,180.8117,182.4525
Belize,Drained organic soils (CO2),Emissions (CO2),kilotonnes,137.3326,136.3031,136.5416,132.7453,133.9533,136.1088,138.3939,142.3479,149.8864,154.5093,154.6402,155.0846,155.0157,155.3045,154.2401,154.2401,158.0237,164.738,168.4535,172.0101,173.5741
Belize,Drained organic soils (CO2),Emissions (CO2eq) (AR5),kilotonnes,137.3326,136.3031,136.5416,132.7453,133.9533,136.1088,138.3939,142.3479,149.8864,154.5093,154.6402,155.0846,155.0157,155.3045,154.2401,154.2401,158.0237,164.738,168.4535,172.0101,173.5741
Belize,Drained organic soils (N2O),Emissions (N2O),kilotonnes,0.0259,0.0258,0.0258,0.0252,0.0254,0.0258,0.0263,0.0271,0.0286,0.0296,0.0296,0.0297,0.0298,0.0299,0.0297,0.0297,0.0304,0.0317,0.0325,0.0332,0.0335
Belize,Drained organic soils (N2O),Emissions (CO2eq) from N2O (AR5),kilotonnes,6.8613,6.8357,6.8357,6.6651,6.7248,6.8444,6.964,7.1861,7.5788,7.8351,7.835,7.8692,7.8948,7.9119,7.8607,7.8607,8.0571,8.4073,8.6036,8.8016,8.8784
Belize,Drained organic soils (N2O),Emissions (CO2eq) (AR5),kilotonnes,6.8613,6.8357,6.8357,6.6651,6.7248,6.8444,6.964,7.1861,7.5788,7.8351,7.835,7.8692,7.8948,7.9119,7.8607,7.8607,8.0571,8.4073,8.6036,8.8016,8.8784
Belize,On-farm energy use,Emissions (CH4),kilotonnes,0.0059,0.0065,0.0062,0.0056,0.0051,0.0054,0.0064,0.0059,0.0054,0.006,0.0065,0.0082,0.0061,0.0062,0.0069,0.009,0.0081,0.007,0.006,0.0058,0.0058
Belize,On-farm energy use,Emissions (N2O),kilotonnes,0.0198,0.0255,0.0265,0.0208,0.0167,0.0181,0.0237,0.0192,0.0152,0.0183,0.0205,0.0193,0.0209,0.0218,0.0246,0.0289,0.0279,0.0253,0.0223,0.0218,0.0218
Belize,On-farm energy use,Emissions (CO2),kilotonnes,54.5433,69.1847,71.4883,57.053,46.8037,50.5997,65.2627,53.994,43.7599,51.7651,57.6663,56.2906,58.3999,60.6808,68.2776,81.1156,78.2691,71.1565,62.8596,61.7952,61.7952
Belize,On-farm energy use,Emissions (CO2eq) from CH4 (AR5),kilotonnes,0.1665,0.1806,0.1736,0.1566,0.143,0.1515,0.1788,0.1656,0.1519,0.1667,0.1823,0.2292,0.1703,0.1746,0.1926,0.2528,0.2271,0.1961,0.1667,0.1616,0.1616
Belize,On-farm energy use,Emissions (CO2eq) from N2O (AR5),kilotonnes,5.248,6.7549,7.0232,5.5098,4.4358,4.8046,6.2837,5.0823,4.0207,4.858,5.4263,5.1251,5.5328,5.7797,6.5302,7.6465,7.4004,6.7145,5.8995,5.7734,5.7734
Belize,On-farm energy use,Emissions (CO2eq) (AR5),kilotonnes,59.9579,76.1202,78.6851,62.7193,51.3825,55.5558,71.7252,59.2419,47.9325,56.7898,63.2748,61.6448,64.103,66.6351,75.0004,89.0149,85.8965,78.0671,68.9258,67.7302,67.7302
Belize,Forestland,Emissions (CO2),kilotonnes,-4.961,-4.961,-4.961,-4.961,-4.961,-4.961,-4.961,-4.961,-4.961,-4.961,-4.961,-4.51,-4.51,-4.51,-4.51,-4.51,-5.412,-5.412,-5.412,-5.412,-5.412
Belize,Forestland,Emissions (CO2eq) (AR5),kilotonnes,-4.961,-4.961,-4.961,-4.961,-4.961,-4.961,-4.961,-4.961,-4.961,-4.961,-4.961,-4.51,-4.51,-4.51,-4.51,-4.51,-5.412,-5.412,-5.412,-5.412,-5.412
Belize,Net Forest conversion,Emissions (CO2),kilotonnes,6351.884,3067.702,3067.702,3067.702,3067.702,3067.702,3067.702,3067.702,3067.702,3067.702,3067.702,5286.622,5286.622,5286.622,5286.622,5286.622,5036.768,5036.768,5036.768,5036.768,5036.768
Belize,Net Forest conversion,Emissions (CO2eq) (AR5),kilotonnes,6351.884,3067.702,3067.702,3067.702,3067.702,3067.702,3067.702,3067.702,3067.702,3067.702,3067.702,5286.622,5286.622,5286.622,5286.622,5286.622,5036.768,5036.768,5036.768,5036.768,5036.768
Belize,Savanna fires,Emissions (CH4),kilotonnes,0.0919,0.1079,0.1709,0.522,0.0733,0.3403,0.1359,0.4615,0.3496,0.1346,0.2797,0.6618,0.0463,0.6249,0.1335,0.3078,0.2986,0.2622,0.2135,0.4429,0.3612
Belize,Savanna fires,Emissions (N2O),kilotonnes,0.0084,0.0099,0.0156,0.0477,0.0067,0.0311,0.0124,0.0421,0.0319,0.0123,0.0255,0.0604,0.0042,0.0571,0.0122,0.0281,0.0273,0.0239,0.0195,0.0404,0.033
Belize,Savanna fires,Emissions (CO2eq) from CH4 (AR5),kilotonnes,2.5734,3.0209,4.7849,14.6165,2.0515,9.5272,3.8053,12.9209,9.7891,3.768,7.832,18.5308,1.2965,17.4976,3.7389,8.6179,8.3602,7.341,5.9774,12.4025,10.1143
Belize,Savanna fires,Emissions (CO2eq) from N2O (AR5),kilotonnes,2.2236,2.6105,4.1348,12.6305,1.7728,8.2328,3.2883,11.1654,8.459,3.2561,6.7679,16.013,1.1204,15.1202,3.2309,7.4469,7.2243,6.3436,5.1653,10.7174,8.7401
Belize,Savanna fires,Emissions (CO2eq) (AR5),kilotonnes,4.797,5.6314,8.9197,27.247,3.8243,17.76,7.0935,24.0863,18.2481,7.0241,14.5999,34.5439,2.4169,32.6179,6.9699,16.0648,15.5846,13.6846,11.1427,23.1199,18.8544
Belize,Fires in organic soils,Emissions (CH4),kilotonnes,0,0,0,0,0,0,0,0,0,0,0,0,0,0,0,0,0,0,0,0,0
Belize,Fires in organic soils,Emissions (CO2),kilotonnes,0,0,0,0,0,0,0,0,0,0,0,0,0,0,0,0,0,0,0,0,0
Belize,Fires in organic soils,Emissions (CO2eq) from CH4 (AR5),kilotonnes,0,0,0,0,0,0,0,0,0,0,0,0,0,0,0,0,0,0,0,0,0
Belize,Fires in organic soils,Emissions (CO2eq) (AR5),kilotonnes,0,0,0,0,0,0,0,0,0,0,0,0,0,0,0,0,0,0,0,0,0
Belize,Forest fires,Emissions (CH4),kilotonnes,3.2911,0.8572,1.5253,5.5157,0.0426,1.93,0.5004,2.5769,1.1766,0.5191,1.0781,7.8055,0.2236,2.505,0.3008,1.0915,0.9131,1.954,0.5271,1.8076,3.4554
Belize,Forest fires,Emissions (N2O),kilotonnes,0.0968,0.0783,0.1393,0.5036,0.0039,0.1762,0.0457,0.2353,0.1074,0.0474,0.0984,0.7127,0.0204,0.2287,0.0275,0.0997,0.0834,0.1784,0.0481,0.165,0.3155
Belize,Forest fires,Emissions (CO2eq) from CH4 (AR5),kilotonnes,92.1505,24.0012,42.7083,154.4383,1.1926,54.0402,14.0125,72.152,32.9459,14.5349,30.1868,218.5548,6.2612,70.1411,8.423,30.5608,25.5673,54.7108,14.7584,50.612,96.7508
Belize,Forest fires,Emissions (CO2eq) from N2O (AR5),kilotonnes,25.6512,20.7402,36.9055,133.4548,1.0306,46.6978,12.1086,62.3487,28.4695,12.56,26.0853,188.8599,5.4105,60.6111,7.2786,26.4085,22.0934,47.2773,12.7531,43.7354,83.6053
Belize,Forest fires,Emissions (CO2eq) (AR5),kilotonnes,117.8018,44.7414,79.6138,287.8931,2.2232,100.738,26.1211,134.5007,61.4154,27.0949,56.2721,407.4147,11.6717,130.7522,15.7016,56.9693,47.6607,101.988,27.5115,94.3474,180.3561
Belize,Fires in humid tropical forests,Emissions (CH4),kilotonnes,3.2911,0.8572,1.5253,5.5157,0.0426,1.93,0.5004,2.5769,1.1766,0.5191,1.0781,7.8055,0.2236,2.505,0.3008,1.0915,0.9131,1.954,0.5271,1.8076,3.4554
Belize,Fires in humid tropical forests,Emissions (N2O),kilotonnes,0.0968,0.0783,0.1393,0.5036,0.0039,0.1762,0.0457,0.2353,0.1074,0.0474,0.0984,0.7127,0.0204,0.2287,0.0275,0.0997,0.0834,0.1784,0.0481,0.165,0.3155
Belize,Fires in humid tropical forests,Emissions (CO2eq) from CH4 (AR5),kilotonnes,92.1505,24.0012,42.7083,154.4383,1.1926,54.0402,14.0125,72.152,32.9459,14.5349,30.1868,218.5548,6.2612,70.1411,8.423,30.5608,25.5673,54.7108,14.7584,50.612,96.7508
Belize,Fires in humid tropical forests,Emissions (CO2eq) from N2O (AR5),kilotonnes,25.6512,20.7402,36.9055,133.4548,1.0306,46.6978,12.1086,62.3487,28.4695,12.56,26.0853,188.8599,5.4105,60.6111,7.2786,26.4085,22.0934,47.2773,12.7531,43.7354,83.6053
Belize,Fires in humid tropical forests,Emissions (CO2eq) (AR5),kilotonnes,117.8018,44.7414,79.6138,287.8931,2.2232,100.738,26.1211,134.5007,61.4154,27.0949,56.2721,407.4147,11.6717,130.7522,15.7016,56.9693,47.6607,101.988,27.5115,94.3474,180.3561
Belize,Waste - agri-food systems,Emissions (CH4),kilotonnes,10.2429,10.0383,9.8578,9.5077,9.3106,9.0557,8.8697,8.6325,8.3738,8.1584,7.9649,7.7494,7.5664,7.3338,7.1462,6.8578,6.6651,6.4777,6.2891,6.1445,5.9877
Belize,Waste - agri-food systems,Emissions (N2O),kilotonnes,0.0061,0.0073,0.0077,0.0075,0.0076,0.0077,0.0077,0.0079,0.0078,0.0081,0.0086,0.0087,0.009,0.0094,0.0095,0.0103,0.0112,0.0118,0.0126,0.0138,0.015
Belize,Waste - agri-food systems,Emissions (CO2),kilotonnes,0,0,0,0,0,0,0,0,0,0,0,0,0,0,0,0,0,0,0,0,0
Belize,Waste - agri-food systems,Emissions (CO2eq) from CH4 (AR5),kilotonnes,286.8014,281.0717,276.0173,266.2163,260.6974,253.5603,248.3526,241.7095,234.4674,228.4351,223.0173,216.9821,211.8585,205.3464,200.0925,192.0176,186.6228,181.3747,176.0947,172.0457,167.6556
Belize,Waste - agri-food systems,Emissions (CO2eq) from N2O (AR5),kilotonnes,1.6052,1.9228,2.0517,1.984,2.0254,2.0468,2.0402,2.0946,2.0583,2.1355,2.2675,2.2961,2.3759,2.4832,2.5137,2.7337,2.9787,3.1247,3.341,3.6537,3.9663
Belize,Waste - agri-food systems,Emissions (CO2eq) (AR5),kilotonnes,288.4066,282.9946,278.0689,268.2003,262.7228,255.6071,250.3928,243.8041,236.5257,230.5705,225.2849,219.2783,214.2344,207.8297,202.6063,194.7513,189.6015,184.4994,179.4356,175.6993,171.6219
Belize,On-farm electricity use,Emissions (CH4),kilotonnes,0,0,0,0,0,0,0,0,0,0,0,0,0,0,0,0,0,0,0,0,0
Belize,On-farm electricity use,Emissions (N2O),kilotonnes,0,0,0,0,0,0,0,0,0,0,0,0,0,0,0,0,0,0,0,0,0
Belize,On-farm electricity use,Emissions (CO2),kilotonnes,0,0,0,0,0,0,0,0,0,0,0,0,0,0,0,0,0,0,0,0,0
Belize,On-farm electricity use,Emissions (CO2eq) from CH4 (AR5),kilotonnes,0,0,0,0,0,0,0,0,0,0,0,0,0,0,0,0,0,0,0,0,0
Belize,On-farm electricity use,Emissions (CO2eq) from N2O (AR5),kilotonnes,0,0,0,0,0,0,0,0,0,0,0,0,0,0,0,0,0,0,0,0,0
Belize,On-farm electricity use,Emissions (CO2eq) (AR5),kilotonnes,0,0,0,0,0,0,0,0,0,0,0,0,0,0,0,0,0,0,0,0,0
Belize,Food Processing,Emissions (CH4),kilotonnes,0.0036,0.0041,0.0029,0.0028,0.0032,0.2717,0.1601,0.2217,0.2494,0.2581,0.0997,0.1851,0.1203,0.087,0.0669,0.0636,0.0721,0.0756,0.0646,0.0237,0.0091
Belize,Food Processing,Emissions (N2O),kilotonnes,0.0001,0.0001,0,0,0,0.0002,0.0002,0.0002,0.0002,0.0002,0.0002,0.0002,0.0002,0.0002,0.0002,0.0002,0.0002,0.0002,0.0002,0.0002,0.0002
Belize,Food Processing,Emissions (CO2),kilotonnes,3.9907,4.4797,4.218,4.0949,3.658,18.0544,18.5367,19.4745,16.3168,17.0883,17.8829,17.7979,15.4869,14.459,13.2874,20.0132,19.1758,18.961,17.1526,17.0535,14.4459
Belize,Food Processing,Emissions (CO2eq) from CH4 (AR5),kilotonnes,0.1008,0.1148,0.0812,0.0784,0.0896,7.6076,4.4828,6.2076,6.9832,7.2268,2.7916,5.1828,3.3684,2.436,1.8732,1.7808,2.0188,2.1168,1.8088,0.6636,0.254
Belize,Food Processing,Emissions (CO2eq) from N2O (AR5),kilotonnes,0.0265,0.0265,0,0,0,0.053,0.053,0.053,0.053,0.053,0.053,0.053,0.053,0.053,0.053,0.053,0.053,0.053,0.053,0.053,0.0548
Belize,Food Processing,Emissions (CO2eq) (AR5),kilotonnes,4.118,4.621,4.2992,4.1733,3.7476,25.715,23.0725,25.7351,23.353,24.3681,20.7275,23.0337,18.9083,16.948,15.2136,21.847,21.2476,21.1308,19.0144,17.7701,14.7547
Belize,Food Packaging,Emissions (CH4),kilotonnes,0.0079,0.0072,0.0037,0.0043,0.0032,0.0027,0.0016,0.0022,0.0024,0.0025,0.0017,0.0032,0.002,0.0014,0.0011,0.001,0.0012,0.0012,0.0011,0.0024,0.0009
Belize,Food Packaging,Emissions (N2O),kilotonnes,0,0,0,0,0,0,0,0,0,0,0,0,0,0,0,0,0,0,0,0,0
Belize,Food Packaging,Emissions (CO2),kilotonnes,0.3895,0.3929,0.2948,0.2627,0.2802,0.2325,0.2445,0.2702,0.2243,0.2399,0.2812,0.2917,0.2296,0.2495,0.2301,0.2835,0.2628,0.2762,0.2831,0.2364,0.2003
Belize,Food Packaging,Emissions (CO2eq) from CH4 (AR5),kilotonnes,0.2212,0.2016,0.1036,0.1204,0.0896,0.0756,0.0448,0.0616,0.0672,0.07,0.0476,0.0896,0.056,0.0392,0.0308,0.028,0.0336,0.0336,0.0308,0.0672,0.0257
Belize,Food Packaging,Emissions (CO2eq) from N2O (AR5),kilotonnes,0,0,0,0,0,0,0,0,0,0,0,0,0,0,0,0,0,0,0,0,0
Belize,Food Packaging,Emissions (CO2eq) (AR5),kilotonnes,0.6107,0.5945,0.3984,0.3831,0.3698,0.3081,0.2893,0.3318,0.2915,0.3099,0.3288,0.3813,0.2856,0.2887,0.2609,0.3115,0.2964,0.3098,0.3139,0.3036,0.226
Belize,Food Retail,Emissions (CH4),kilotonnes,0.0036,0.0043,0.0047,0.0049,0.0054,0.0052,0.0052,0.0052,0.0054,0.0328,0.031,0.0298,0.0342,0.0368,0.0357,0.0413,0.0403,0.0521,0.0533,0.0428,0.0164
Belize,Food Retail,Emissions (N2O),kilotonnes,0,0,0,0,0,0,0,0,0,0.0002,0.0002,0.0001,0.0002,0.0002,0.0002,0.0002,0.0002,0.0003,0.0003,0.0002,0.0002
Belize,Food Retail,Emissions (CO2),kilotonnes,1.0272,1.2356,1.3527,1.4043,1.4794,1.3998,1.4233,1.4374,2.5678,9.8904,9.1009,8.3398,9.4056,10.1029,9.7989,12.1906,12.0743,15.339,15.751,12.5221,10.6074
Belize,Food Retail,Emissions (CO2eq) from CH4 (AR5),kilotonnes,0.1008,0.1204,0.1316,0.1372,0.1512,0.1456,0.1456,0.1456,0.1512,0.9184,0.868,0.8344,0.9576,1.0304,0.9996,1.1564,1.1284,1.4588,1.4924,1.1984,0.4587
Belize,Food Retail,Emissions (CO2eq) from N2O (AR5),kilotonnes,0,0,0,0,0,0,0,0,0,0.053,0.053,0.0265,0.053,0.053,0.053,0.053,0.053,0.0795,0.0795,0.053,0.0548
Belize,Food Retail,Emissions (CO2eq) (AR5),kilotonnes,1.128,1.356,1.4843,1.5415,1.6306,1.5454,1.5689,1.583,2.719,10.8618,10.0219,9.2007,10.4162,11.1863,10.8515,13.4,13.2557,16.8773,17.3229,13.7735,11.1209
Belize,Food Household Consumption,Emissions (CH4),kilotonnes,0.06,0.0699,0.0925,0.1017,0.1097,0.1172,0.1178,0.1243,0.1296,0.1356,0.1397,0.1426,0.1455,0.1383,0.1514,0.1563,0.1529,0.1972,0.2019,0.2019,0.0773
Belize,Food Household Consumption,Emissions (N2O),kilotonnes,0.0003,0.0004,0.0005,0.0005,0.0006,0.0006,0.0006,0.0007,0.0007,0.0007,0.0007,0.0007,0.0007,0.0007,0.0007,0.0008,0.0008,0.001,0.001,0.001,0.001
Belize,Food Household Consumption,Emissions (CO2),kilotonnes,36.7009,42.5836,44.7056,47.7885,49.7231,52.0766,53.4736,57.0107,52.2755,53.825,53.0251,53.867,50.4479,42.9054,46.1924,65.9496,67.9173,82.2142,85.2401,85.2401,72.2064
Belize,Food Household Consumption,Emissions (CO2eq) from CH4 (AR5),kilotonnes,1.68,1.9572,2.59,2.8476,3.0716,3.2816,3.2984,3.4804,3.6288,3.7968,3.9116,3.9928,4.074,3.8724,4.2392,4.3764,4.2812,5.5216,5.6532,5.6532,2.1637
Belize,Food Household Consumption,Emissions (CO2eq) from N2O (AR5),kilotonnes,0.0795,0.106,0.1325,0.1325,0.159,0.159,0.159,0.1855,0.1855,0.1855,0.1855,0.1855,0.1855,0.1855,0.1855,0.212,0.212,0.265,0.265,0.265,0.2741
Belize,Food Household Consumption,Emissions (CO2eq) (AR5),kilotonnes,38.4604,44.6468,47.4281,50.7686,52.9537,55.5172,56.931,60.6766,56.0898,57.8073,57.1222,58.0453,54.7074,46.9633,50.6171,70.538,72.4105,88.0008,91.1583,91.1583,74.6443
Belize,Food Transport,Emissions (CH4),kilotonnes,0.0025,0.0024,0.0019,0.002,0.0016,0.0018,0.0017,0.0014,0.0013,0.0016,0.0017,0.0016,0.0017,0.0019,0.0019,0.0021,0.0019,0.0019,0.0018,0.002,0.0008
Belize,Food Transport,Emissions (N2O),kilotonnes,0.0004,0.0005,0.0004,0.0004,0.0004,0.0005,0.0005,0.0005,0.0004,0.0005,0.0006,0.0005,0.0006,0.0006,0.0006,0.0007,0.0006,0.0006,0.0006,0.0007,0.0007
Belize,Food Transport,Emissions (CO2),kilotonnes,13.4009,13.9526,11.5311,12.7417,12.4084,13.8189,14.2751,12.7229,11.5083,14.2683,16.1496,12.9426,15.1443,17.4623,17.1489,19.1334,18.1488,17.7061,17.1532,19.8171,16.787
Belize,Food Transport,Emissions (CO2eq) from CH4 (AR5),kilotonnes,0.07,0.0672,0.0532,0.056,0.0448,0.0504,0.0476,0.0392,0.0364,0.0448,0.0476,0.0448,0.0476,0.0532,0.0532,0.0588,0.0532,0.0532,0.0504,0.056,0.0214
Belize,Food Transport,Emissions (CO2eq) from N2O (AR5),kilotonnes,0.106,0.1325,0.106,0.106,0.106,0.1325,0.1325,0.1325,0.106,0.1325,0.159,0.1325,0.159,0.159,0.159,0.1855,0.159,0.159,0.159,0.1855,0.1919
Belize,Food Transport,Emissions (CO2eq) (AR5),kilotonnes,13.5769,14.1523,11.6903,12.9037,12.5592,14.0018,14.4552,12.8946,11.6507,14.4456,16.3562,13.1199,15.3509,17.6745,17.3611,19.3777,18.361,17.9183,17.3626,20.0586,17.0003
Belize,Energy,Emissions (CH4),kilotonnes,3.36,3.7,2.05,2.06,2.22,2.56,1.64,1.97,2.11,2.04,1.19,1.98,1.12,0.834,0.619,0.57,0.569,0.566,0.499,0.168,0.0643
Belize,Energy,Emissions (N2O),kilotonnes,0.016,0.0158,0.0141,0.0146,0.0141,0.0144,0.0147,0.0131,0.0115,0.0135,0.0142,0.02,0.022,0.0187,0.0191,0.0205,0.0221,0.0224,0.0209,0.0232,0.024
Belize,Energy,Emissions (CO2),kilotonnes,396,447,433,433,392,422,444,477,437,517,536,561,451,477,466,642,609,616,592,654,554
Belize,Energy,Emissions (CO2eq) from CH4 (AR5),kilotonnes,94.08,103.6,57.4,57.68,62.16,71.68,45.92,55.16,59.08,57.12,33.32,55.44,31.36,23.352,17.332,15.96,15.932,15.848,13.972,4.704,1.8004
Belize,Energy,Emissions (CO2eq) from N2O (AR5),kilotonnes,4.24,4.187,3.7365,3.869,3.7365,3.816,3.8955,3.4715,3.0475,3.5775,3.763,5.3,5.83,4.9555,5.0615,5.4325,5.8565,5.936,5.5385,6.148,6.36
Belize,Energy,Emissions (CO2eq) (AR5),kilotonnes,494.32,554.787,494.1365,494.549,457.8965,497.496,493.8155,535.6315,499.1275,577.6975,573.083,621.74,488.19,505.3075,488.3935,663.3925,630.7885,637.784,611.5105,664.852,562.1604
Belize,IPPU,Emissions (N2O),kilotonnes,0,0,0,0,0,0,0,0,0,0,0,0,0,0,0,0,0,0,0,0,0
Belize,IPPU,Emissions (CO2),kilotonnes,2.3,2.45,2.46,2.55,2.54,2.77,2.81,2.75,2.73,2.95,2.97,2.78,2.77,2.87,2.87,2.94,2.92,2.92,2.95,2.98,3
Belize,IPPU,Emissions (CO2eq) from N2O (AR5),kilotonnes,0.0007,0.0007,0.0008,0.0008,0.0008,0.0008,0.0008,0.0009,0.0009,0.0009,0.0009,0.001,0.001,0.001,0.001,0.001,0.0011,0.0011,0.0011,0.0011,0.0012
Belize,IPPU,Emissions (CO2eq) (AR5),kilotonnes,2.3007,2.4507,2.4608,2.5508,2.5408,2.7708,2.8108,2.7509,2.7309,2.9509,2.9709,2.781,2.771,2.871,2.871,2.941,2.9211,2.9211,2.9511,2.9811,3.0012
Belize,Waste,Emissions (CH4),kilotonnes,6.2,6.38,6.6,6.82,7.04,7.15,7.37,7.49,7.59,7.78,7.95,8.14,8.38,8.54,8.76,9,9.18,9.45,9.68,9.75,9.93
Belize,Waste,Emissions (N2O),kilotonnes,0.0116,0.0119,0.0123,0.013,0.0135,0.0138,0.0138,0.0139,0.0138,0.0139,0.0142,0.0147,0.0152,0.0156,0.0157,0.0158,0.0158,0.0161,0.0164,0.0166,0.0168
Belize,Waste,Emissions (CO2eq) from CH4 (AR5),kilotonnes,173.6,178.64,184.8,190.96,197.12,200.2,206.36,209.72,212.52,217.84,222.6,227.92,234.64,239.12,245.28,252,257.04,264.6,271.04,273,278.04
Belize,Waste,Emissions (CO2eq) from N2O (AR5),kilotonnes,3.074,3.1535,3.2595,3.445,3.5775,3.657,3.657,3.6835,3.657,3.6835,3.763,3.8955,4.028,4.134,4.1605,4.187,4.187,4.2665,4.346,4.399,4.452
Belize,Waste,Emissions (CO2eq) (AR5),kilotonnes,176.674,181.7935,188.0595,194.405,200.6975,203.857,210.017,213.4035,216.177,221.5235,226.363,231.8155,238.668,243.254,249.4405,256.187,261.227,268.8665,275.386,277.399,282.492
Belize,Other,Emissions (N2O),kilotonnes,0.0316,0.0316,0.023,0.0249,0.0236,0.0246,0.0263,0.0224,0.0203,0.0239,0.0296,0.0343,0.0367,0.0337,0.0324,0.0366,0.0363,0.0289,0.0267,0.0353,0.0361
Belize,Other,Emissions (CO2eq) from N2O (AR5),kilotonnes,8.374,8.374,6.095,6.5985,6.254,6.519,6.9695,5.936,5.3795,6.3335,7.844,9.0895,9.7255,8.9305,8.586,9.699,9.6195,7.6585,7.0755,9.3545,9.5665
Belize,Other,Emissions (CO2eq) (AR5),kilotonnes,8.374,8.374,6.095,6.5985,6.254,6.519,6.9695,5.936,5.3795,6.3335,7.844,9.0895,9.7255,8.9305,8.586,9.699,9.6195,7.6585,7.0755,9.3545,9.5665
Belize,Farm-gate emissions,Emissions (CH4),kilotonnes,3.5517,3.9038,3.9672,4.3503,3.8711,4.144,4.4677,5.1417,5.5059,5.9289,6.1606,6.8635,6.4303,7.688,6.1397,6.4368,6.5103,6.819,6.8327,7.1602,7.2061
Belize,Farm-gate emissions,Direct emissions (N2O),kilotonnes,0.1411,0.1397,0.3017,0.4351,0.1501,0.1747,0.1648,0.1696,0.1649,0.2494,0.1976,0.2574,0.2696,0.4065,0.4453,0.445,0.4354,0.3965,0.3512,0.443,0.4516
Belize,Farm-gate emissions,Indirect emissions (N2O),kilotonnes,0.0386,0.0372,0.09,0.1333,0.0407,0.0483,0.044,0.0447,0.0421,0.0679,0.0507,0.0695,0.0732,0.1157,0.1311,0.1309,0.1275,0.1138,0.0991,0.129,0.1311
Belize,Farm-gate emissions,Emissions (N2O),kilotonnes,0.2452,0.2511,0.4722,0.6736,0.2516,0.3085,0.281,0.3123,0.2925,0.389,0.3353,0.4484,0.4106,0.6438,0.6561,0.6758,0.6623,0.6054,0.539,0.6823,0.6861
Belize,Farm-gate emissions,Emissions (CO2),kilotonnes,191.8759,205.4878,208.0298,189.7983,180.757,186.7085,203.6566,196.3419,193.6463,206.2743,212.3065,211.3752,213.4156,215.9853,222.5178,235.3557,236.2928,235.8944,231.313,233.8053,235.3692
Belize,Farm-gate emissions,Emissions (CO2eq) from CH4 (AR5),kilotonnes,99.4472,109.3055,111.082,121.8081,108.3895,116.0312,125.0969,143.9689,154.1653,166.0105,172.4975,192.1779,180.0486,215.2651,171.9128,180.2295,182.2894,190.9309,191.3159,200.4846,201.7716
Belize,Farm-gate emissions,Emissions (CO2eq) from N2O (AR5),kilotonnes,64.9685,66.5454,125.1448,178.5171,66.6827,81.7522,74.4754,82.7674,77.5172,103.0765,88.8521,118.8184,108.8195,170.6201,173.8642,179.0916,175.5213,160.4238,142.8448,180.8133,181.8283
Belize,Farm-gate emissions,Emissions (CO2eq) (AR5),kilotonnes,356.2916,381.3387,444.2567,490.1235,355.8292,384.4918,403.2289,423.0781,425.3288,475.3613,473.656,522.3715,502.2836,601.8705,568.2947,594.6768,594.1034,587.2492,565.4738,615.1031,618.9691
Belize,Land Use change,Emissions (CH4),kilotonnes,3.2911,0.8572,1.5253,5.5157,0.0426,1.93,0.5004,2.5769,1.1766,0.5191,1.0781,7.8055,0.2236,2.505,0.3008,1.0915,0.9131,1.954,0.5271,1.8076,3.4554
Belize,Land Use change,Emissions (N2O),kilotonnes,0.0968,0.0783,0.1393,0.5036,0.0039,0.1762,0.0457,0.2353,0.1074,0.0474,0.0984,0.7127,0.0204,0.2287,0.0275,0.0997,0.0834,0.1784,0.0481,0.165,0.3155
Belize,Land Use change,Emissions (CO2),kilotonnes,6351.884,3067.702,3067.702,3067.702,3067.702,3067.702,3067.702,3067.702,3067.702,3067.702,3067.702,5286.622,5286.622,5286.622,5286.622,5286.622,5036.768,5036.768,5036.768,5036.768,5036.768
Belize,Land Use change,Emissions (CO2eq) from CH4 (AR5),kilotonnes,92.1505,24.0012,42.7083,154.4383,1.1926,54.0402,14.0125,72.152,32.9459,14.5349,30.1868,218.5548,6.2612,70.1411,8.423,30.5608,25.5673,54.7108,14.7584,50.612,96.7508
Belize,Land Use change,Emissions (CO2eq) from N2O (AR5),kilotonnes,25.6512,20.7402,36.9055,133.4548,1.0306,46.6978,12.1086,62.3487,28.4695,12.56,26.0853,188.8599,5.4105,60.6111,7.2786,26.4085,22.0934,47.2773,12.7531,43.7354,83.6053
Belize,Land Use change,Emissions (CO2eq) (AR5),kilotonnes,6469.6858,3112.4434,3147.3158,3355.5951,3069.9252,3168.44,3093.8231,3202.2027,3129.1174,3094.7969,3123.9741,5694.0367,5298.2937,5417.3742,5302.3236,5343.5913,5084.4287,5138.756,5064.2795,5131.1154,5217.1241
Belize,Emissions on agricultural land,Emissions (CH4),kilotonnes,6.8428,4.761,5.4925,9.8659,3.9136,6.074,4.9682,7.7186,6.6825,6.448,7.2387,14.669,6.6539,10.1931,6.4406,7.5282,7.4235,8.7729,7.3598,8.9677,10.6615
Belize,Emissions on agricultural land,Emissions (N2O),kilotonnes,0.342,0.3294,0.6115,1.1773,0.2555,0.4847,0.3267,0.5476,0.3999,0.4364,0.4337,1.161,0.4311,0.8726,0.6836,0.7755,0.7457,0.7838,0.5872,0.8474,1.0016
Belize,Emissions on agricultural land,Emissions (CO2),kilotonnes,6543.7599,3273.1898,3275.7318,3257.5003,3248.459,3254.4105,3271.3586,3264.0439,3261.3483,3273.9763,3280.0085,5497.9972,5500.0376,5502.6073,5509.1398,5521.9777,5273.0608,5272.6624,5268.081,5270.5733,5272.1372
Belize,Emissions on agricultural land,Emissions (CO2eq) from CH4 (AR5),kilotonnes,191.5977,133.3067,153.7903,276.2463,109.5822,170.0714,139.1094,216.1208,187.1112,180.5454,202.6842,410.7327,186.3098,285.4062,180.3358,210.7902,207.8566,245.6417,206.0743,251.0966,298.5224
Belize,Emissions on agricultural land,Emissions (CO2eq) from N2O (AR5),kilotonnes,90.6197,87.2856,162.0504,311.9719,67.7133,128.45,86.584,145.1161,105.9867,115.6366,114.9374,307.6782,114.23,231.2311,181.1428,205.5001,197.6147,207.7011,155.598,224.5486,265.4336
Belize,Emissions on agricultural land,Emissions (CO2eq) (AR5),kilotonnes,6825.9774,3493.7821,3591.5725,3845.7185,3425.7544,3552.9318,3497.052,3625.2808,3554.4462,3570.1583,3597.6301,6216.4081,5800.5774,6019.2446,5870.6183,5938.268,5678.5321,5726.0052,5629.7533,5746.2185,5836.0932
Belize,Pre- and post- production,Emissions (CH4),kilotonnes,10.3205,10.1262,9.9635,9.6234,9.4337,9.4543,9.1561,8.9873,8.7619,8.589,8.2387,8.1117,7.8701,7.5992,7.4032,7.1221,6.9335,6.8057,6.6118,6.4173,6.0921
Belize,Pre- and post- production,Emissions (N2O),kilotonnes,0.0069,0.0083,0.0086,0.0084,0.0086,0.009,0.009,0.0093,0.0091,0.0097,0.0103,0.0102,0.0107,0.0111,0.0112,0.0122,0.013,0.0139,0.0147,0.0159,0.0171
Belize,Pre- and post- production,Emissions (CO2),kilotonnes,55.5092,62.6444,62.1022,66.2921,67.5491,85.5822,87.9532,90.9157,82.8927,95.3119,96.4397,93.239,90.7143,85.1791,86.6577,117.5703,117.579,134.4965,135.58,134.8692,114.247
Belize,Pre- and post- production,Emissions (CO2eq) from CH4 (AR5),kilotonnes,288.9742,283.5329,278.9769,269.4559,264.1442,264.7211,256.3718,251.6439,245.3342,240.4919,230.6837,227.1265,220.3621,212.7776,207.2885,199.418,194.138,190.5587,185.1303,179.6841,170.5791
Belize,Pre- and post- production,Emissions (CO2eq) from N2O (AR5),kilotonnes,1.8172,2.1878,2.2902,2.2225,2.2904,2.3913,2.3847,2.4656,2.4028,2.5595,2.718,2.6936,2.8264,2.9337,2.9642,3.2372,3.4557,3.6812,3.8975,4.2102,4.542
Belize,Pre- and post- production,Emissions (CO2eq) (AR5),kilotonnes,346.3006,348.3652,343.3692,337.9705,333.9837,352.6946,346.7097,345.0252,330.6297,338.3632,329.8415,323.0592,313.9028,300.8905,296.9105,320.2255,315.1727,328.7364,324.6077,318.7634,289.3681
Belize,Agri-food systems,Emissions (CH4),kilotonnes,17.1633,14.8871,15.456,19.4894,13.3474,15.5283,14.1243,16.7059,15.4445,15.037,15.4774,22.7807,14.524,17.7923,13.8437,14.6503,14.357,15.5786,13.9716,15.385,16.7536
Belize,Agri-food systems,Emissions (N2O),kilotonnes,0.3488,0.3376,0.6202,1.1856,0.2642,0.4937,0.3357,0.5569,0.409,0.446,0.444,1.1712,0.4417,0.8836,0.6947,0.7877,0.7588,0.7977,0.6019,0.8632,1.0188
Belize,Agri-food systems,Emissions (CO2),kilotonnes,6599.2691,3335.8342,3337.834,3323.7924,3316.0081,3339.9927,3359.3118,3354.9596,3344.241,3369.2882,3376.4482,5591.2362,5590.7519,5587.7864,5595.7975,5639.548,5390.6398,5407.1589,5403.661,5405.4425,5386.3842
Belize,Agri-food systems,Emissions (CO2eq) from CH4 (AR5),kilotonnes,480.5719,416.8396,432.7672,545.7022,373.7263,434.7925,395.4812,467.7647,432.4454,421.0372,433.368,637.8593,406.6719,498.1839,387.6244,410.2082,401.9946,436.2004,391.2045,430.7807,469.1015
Belize,Agri-food systems,Emissions (CO2eq) from N2O (AR5),kilotonnes,92.4369,89.4734,164.3405,314.1943,70.0037,130.8413,88.9688,147.5816,108.3896,118.1961,117.6554,310.3718,117.0564,234.1649,184.107,208.7373,201.0705,211.3823,159.4955,228.7588,269.9756
Belize,Agri-food systems,Emissions (CO2eq) (AR5),kilotonnes,7172.278,3842.1472,3934.9417,4183.689,3759.7382,3905.6265,3843.7617,3970.306,3885.0759,3908.5215,3927.4715,6539.4673,6114.4802,6320.1351,6167.5288,6258.4936,5993.7048,6054.7416,5954.361,6064.9819,6125.4613
Belize,IPCC Agriculture,Emissions (CH4),kilotonnes,3.5457,3.8973,3.961,4.3447,3.8659,4.1386,4.4614,5.1358,5.5005,5.923,6.1541,6.8553,6.4242,7.6818,6.1329,6.4277,6.5022,6.812,6.8268,7.1544,7.2004
Belize,IPCC Agriculture,Emissions (CH4),kilotonnes,3.3359,,,3.63,,,4.41,,,5.77,,,,,,,,,,,
Belize,IPCC Agriculture,Direct emissions (N2O),kilotonnes,0.1411,0.1397,0.3017,0.4351,0.1501,0.1747,0.1648,0.1696,0.1649,0.2494,0.1976,0.2574,0.2696,0.4065,0.4453,0.445,0.4354,0.3965,0.3512,0.443,0.4516
Belize,IPCC Agriculture,Indirect emissions (N2O),kilotonnes,0.0386,0.0372,0.09,0.1333,0.0407,0.0483,0.044,0.0447,0.0421,0.0679,0.0507,0.0695,0.0732,0.1157,0.1311,0.1309,0.1275,0.1138,0.0991,0.129,0.1311
Belize,IPCC Agriculture,Emissions (N2O),kilotonnes,0.2254,0.2256,0.4457,0.6529,0.2349,0.2904,0.2573,0.2932,0.2773,0.3706,0.3148,0.429,0.3898,0.622,0.6314,0.647,0.6344,0.58,0.5168,0.6605,0.6644
Belize,IPCC Agriculture,Emissions (N2O),kilotonnes,37.5202,,,1.91,,,1.98,,,1.56,,,,,,,,,,,
Belize,IPCC Agriculture,Emissions (CO2eq) from CH4 (AR5),kilotonnes,99.2806,109.1249,110.9084,121.6515,108.2465,115.8797,124.9181,143.8033,154.0134,165.8438,172.3152,191.9487,179.8783,215.0905,171.7202,179.9767,182.0623,190.7348,191.1491,200.3229,201.6099
Belize,IPCC Agriculture,Emissions (CO2eq) from CH4 (AR5),kilotonnes,93.4052,,,101.64,,,123.48,,,161.56,,,,,,,,,,,
Belize,IPCC Agriculture,Emissions (CO2eq) from N2O (AR5),kilotonnes,59.7205,59.7906,118.1216,173.0073,62.2468,76.9476,68.1917,77.685,73.4965,98.2185,83.4258,113.6933,103.2867,164.8404,167.334,171.4451,168.1209,153.7094,136.9453,175.0398,176.0549
Belize,IPCC Agriculture,Emissions (CO2eq) from N2O (AR5),kilotonnes,9942.853,,,506.15,,,524.7,,,413.4,,,,,,,,,,,
Belize,IPCC Agriculture,Emissions (CO2eq) (AR5),kilotonnes,159.0011,168.9154,229.03,294.6588,170.4934,192.8273,193.1098,221.4883,227.5099,264.0623,255.741,305.6421,283.165,379.9309,339.0542,351.4217,350.1832,344.4442,328.0945,375.3628,377.6648
Belize,IPCC Agriculture,Emissions (CO2eq) (AR5),kilotonnes,10036.2582,,,607.79,,,648.18,,,574.96,,,,,,,,,,,
Belize,Agricultural Soils,Direct emissions (N2O),kilotonnes,0.1411,0.1397,0.3017,0.4351,0.1501,0.1747,0.1648,0.1696,0.1649,0.2494,0.1976,0.2574,0.2696,0.4065,0.4453,0.445,0.4354,0.3965,0.3512,0.443,0.4516
Belize,Agricultural Soils,Indirect emissions (N2O),kilotonnes,0.0386,0.0372,0.09,0.1333,0.0407,0.0483,0.044,0.0447,0.0421,0.0679,0.0507,0.0695,0.0732,0.1157,0.1311,0.1309,0.1275,0.1138,0.0991,0.129,0.1311
Belize,Agricultural Soils,Emissions (N2O),kilotonnes,0.2056,0.2027,0.4175,0.5935,0.2162,0.2488,0.235,0.2414,0.2356,0.3469,0.2778,0.3566,0.3726,0.552,0.6062,0.6055,0.5934,0.542,0.4828,0.6052,0.6162
Belize,Agricultural Soils,Emissions (N2O),kilotonnes,37.5187,,,0.98,,,1.05,,,0.63,,,,,,,,,,,
Belize,Agricultural Soils,Emissions (CO2eq) from N2O (AR5),kilotonnes,54.4916,53.7102,110.6468,157.2872,57.3055,65.9355,62.2848,63.9707,62.4354,91.9166,73.6208,94.4906,98.7357,146.2756,160.6309,160.4581,157.242,143.629,127.9398,160.378,163.2948
Belize,Agricultural Soils,Emissions (CO2eq) from N2O (AR5),kilotonnes,9942.4555,,,259.7,,,278.25,,,166.95,,,,,,,,,,,
Belize,Agricultural Soils,Emissions (CO2eq) (AR5),kilotonnes,54.4916,53.7102,110.6468,157.2872,57.3055,65.9355,62.2848,63.9707,62.4354,91.9166,73.6208,94.4906,98.7357,146.2756,160.6309,160.4581,157.242,143.629,127.9398,160.378,163.2948
Belize,Agricultural Soils,Emissions (CO2eq) (AR5),kilotonnes,9942.4555,,,259.7,,,278.25,,,166.95,,,,,,,,,,,
Belize,LULUCF,Emissions (CH4),kilotonnes,3.2911,0.8572,1.5253,5.5157,0.0426,1.93,0.5004,2.5769,1.1766,0.5191,1.0781,7.8055,0.2236,2.505,0.3008,1.0915,0.9131,1.954,0.5271,1.8076,3.4554
Belize,LULUCF,Emissions (CH4),kilotonnes,40,,,43,,,41,,,40,,,,,,,,,,,
Belize,LULUCF,Emissions (N2O),kilotonnes,0.0968,0.0783,0.1393,0.5036,0.0039,0.1762,0.0457,0.2353,0.1074,0.0474,0.0984,0.7127,0.0204,0.2287,0.0275,0.0997,0.0834,0.1784,0.0481,0.165,0.3155
Belize,LULUCF,Emissions (N2O),kilotonnes,,,,0.4,,,,,,,,,,,,,,,,,
Belize,LULUCF,Emissions (CO2),kilotonnes,6484.2556,3199.0441,3199.2826,3195.4863,3196.6943,3198.8498,3201.1349,3205.0889,3212.6274,3217.2503,3217.3812,5437.1966,5437.1277,5437.4165,5436.3521,5436.3521,5189.3797,5196.094,5199.8095,5203.3661,5204.9301
Belize,LULUCF,Emissions (CO2),kilotonnes,8088,,,4283,,,4293,,,4671,,,,,,,,,,,
Belize,LULUCF,Emissions (CO2eq) from CH4 (AR5),kilotonnes,92.1505,24.0012,42.7083,154.4383,1.1926,54.0402,14.0125,72.152,32.9459,14.5349,30.1868,218.5548,6.2612,70.1411,8.423,30.5608,25.5673,54.7108,14.7584,50.612,96.7508
Belize,LULUCF,Emissions (CO2eq) from N2O (AR5),kilotonnes,25.6512,20.7402,36.9055,133.4548,1.0306,46.6978,12.1086,62.3487,28.4695,12.56,26.0853,188.8599,5.4105,60.6111,7.2786,26.4085,22.0934,47.2773,12.7531,43.7354,83.6053
Belize,LULUCF,Emissions (CO2eq) (AR5),kilotonnes,6602.0574,3243.7854,3278.8964,3483.3794,3198.9175,3299.5878,3227.256,3339.5896,3274.0429,3244.3452,3273.6533,5844.6112,5448.7994,5568.1687,5452.0538,5493.3214,5237.0404,5298.082,5227.321,5297.7135,5385.2862
Belize,LULUCF,Emissions (CO2eq) (AR5),kilotonnes,8088,,,4283,,,4293,,,4671,,,,,,,,,,,
Belize,AFOLU,Emissions (CH4),kilotonnes,6.8368,4.7545,5.4863,9.8603,3.9085,6.0686,4.9618,7.7127,6.6771,6.4421,7.2322,14.6608,6.6478,10.1868,6.4337,7.5192,7.4153,8.7659,7.3538,8.962,10.6557
Belize,AFOLU,Emissions (N2O),kilotonnes,0.3222,0.3039,0.585,1.1565,0.2388,0.4666,0.303,0.5284,0.3848,0.418,0.4132,1.1417,0.4102,0.8508,0.6589,0.7466,0.7178,0.7584,0.5649,0.8256,0.9798
Belize,AFOLU,Emissions (CO2),kilotonnes,6484.2556,3199.0441,3199.2826,3195.4863,3196.6943,3198.8498,3201.1349,3205.0889,3212.6274,3217.2503,3217.3812,5437.1966,5437.1277,5437.4165,5436.3521,5436.3521,5189.3797,5196.094,5199.8095,5203.3661,5204.9301
Belize,AFOLU,Emissions (CO2eq) from CH4 (AR5),kilotonnes,191.4312,133.126,153.6167,276.0897,109.4392,169.9199,138.9305,215.9553,186.9592,180.3786,202.502,410.5035,186.1395,285.2316,180.1433,210.5375,207.6296,245.4456,205.9075,250.9349,298.3607
Belize,AFOLU,Emissions (CO2eq) from N2O (AR5),kilotonnes,85.3717,80.5307,155.0271,306.4621,63.2774,123.6454,80.3003,140.0337,101.966,110.7786,109.5111,302.5532,108.6972,225.4514,174.6126,197.8535,190.2144,200.9866,149.6985,218.7752,259.6602
Belize,AFOLU,Emissions (CO2eq) (AR5),kilotonnes,6761.0585,3412.7009,3507.9264,3778.0382,3369.4109,3492.4151,3420.3658,3561.0779,3501.5527,3508.4075,3529.3943,6150.2533,5731.9644,5948.0995,5791.108,5844.7431,5587.2236,5642.5262,5555.4155,5673.0763,5762.951
Belize,All sectors with LULUCF,Emissions (CH4),kilotonnes,16.3968,14.8345,14.1363,18.7403,13.1685,15.7786,13.9718,17.1727,16.3771,16.2621,16.3722,24.7808,16.1478,19.5608,15.8127,17.0892,17.1643,18.7819,17.5328,18.88,20.65
Belize,All sectors with LULUCF,Emissions (N2O),kilotonnes,0.3814,0.3632,0.6344,1.209,0.29,0.5194,0.3578,0.5778,0.4304,0.4693,0.4713,1.2107,0.4841,0.9188,0.7261,0.8195,0.792,0.8258,0.6289,0.9007,1.0568
Belize,All sectors with LULUCF,Emissions (CO2),kilotonnes,6882.5556,3648.4941,3634.7426,3631.0363,3591.2343,3623.6198,3647.9449,3684.8389,3652.3574,3737.2003,3756.3512,6000.9766,5890.8977,5917.2865,5905.2221,6081.2921,5801.2997,5815.014,5794.7595,5860.3461,5761.9301
Belize,All sectors with LULUCF,Emissions (CO2eq) from CH4 (AR5),kilotonnes,459.1112,415.366,395.8167,524.7297,368.7192,441.7999,391.2105,480.8353,458.5592,455.3386,458.422,693.8635,452.1395,547.7036,442.7553,478.4975,480.6016,525.8936,490.9195,528.6389,578.2011
Belize,All sectors with LULUCF,Emissions (CO2eq) from N2O (AR5),kilotonnes,101.0605,96.246,168.1189,320.3754,76.8462,137.6382,94.8232,153.1256,114.0509,124.374,124.882,320.8391,128.2817,243.4724,192.4216,217.1731,209.8784,218.8487,166.6596,238.6779,280.0398
Belize,All sectors with LULUCF,Emissions (CO2eq) (AR5),kilotonnes,7442.7272,4160.1061,4198.6781,4476.1414,4036.7997,4203.0579,4133.9786,4318.7997,4224.9676,4316.9129,4339.6552,7015.6793,6471.3189,6708.4626,6540.399,6776.9627,6491.7797,6559.7563,6452.3386,6627.6629,6620.171
Belize,All sectors without LULUCF,Emissions (CH4),kilotonnes,13.1057,13.9773,12.611,13.2247,13.1259,13.8486,13.4714,14.5958,15.2005,15.743,15.2941,16.9753,15.9242,17.0558,15.5119,15.9977,16.2512,16.828,17.0058,17.0724,17.1947
Belize,All sectors without LULUCF,Emissions (N2O),kilotonnes,0.2846,0.2849,0.4951,0.7054,0.2861,0.3432,0.3121,0.3426,0.3229,0.4219,0.3728,0.498,0.4637,0.69,0.6987,0.7199,0.7086,0.6474,0.5808,0.7356,0.7413
Belize,All sectors without LULUCF,Emissions (CO2),kilotonnes,398.3,449.45,435.46,435.55,394.54,424.77,446.81,479.75,439.73,519.95,538.97,563.78,453.77,479.87,468.87,644.94,611.92,618.92,594.95,656.98,557
Belize,All sectors without LULUCF,Emissions (CO2eq) from CH4 (AR5),kilotonnes,366.9606,391.3649,353.1084,370.2915,367.5265,387.7597,377.1981,408.6833,425.6134,440.8038,428.2352,475.3087,445.8783,477.5625,434.3322,447.9367,455.0343,471.1828,476.1611,478.0269,481.4503
Belize,All sectors without LULUCF,Emissions (CO2eq) from N2O (AR5),kilotonnes,75.4092,75.5058,131.2134,186.9206,75.8156,90.9404,82.7146,90.7769,85.5814,111.8139,98.7967,131.9793,122.8711,182.8614,185.143,190.7646,187.785,171.5714,153.9064,194.9425,196.4345
Belize,All sectors without LULUCF,Emissions (CO2eq) (AR5),kilotonnes,840.6699,916.3206,919.7817,992.762,837.8822,903.4701,906.7226,979.2102,950.9248,1072.5677,1066.0019,1171.068,1022.5195,1140.2939,1088.3452,1283.6413,1254.7393,1261.6743,1225.0176,1329.9494,1234.8848
Benin,Crop Residues,Direct emissions (N2O),kilotonnes,0.2192,0.212,0.2396,0.2255,0.2402,0.2513,0.2333,0.2508,0.2751,0.3066,0.2961,0.3134,0.3312,0.3712,0.3588,0.3708,0.3993,0.4189,0.535,0.5082,0.4977
Benin,Crop Residues,Indirect emissions (N2O),kilotonnes,0.0493,0.0477,0.0539,0.0507,0.054,0.0565,0.0525,0.0564,0.0619,0.069,0.0666,0.0705,0.0745,0.0835,0.0807,0.0834,0.0898,0.0943,0.1204,0.1143,0.112
Benin,Crop Residues,Emissions (N2O),kilotonnes,0.2685,0.2597,0.2935,0.2763,0.2942,0.3079,0.2858,0.3073,0.337,0.3756,0.3628,0.3839,0.4057,0.4548,0.4396,0.4543,0.4891,0.5132,0.6554,0.6225,0.6097
Benin,Crop Residues,Emissions (CO2eq) from N2O (AR5),kilotonnes,71.1481,68.8082,77.7764,73.2174,77.9692,81.5883,75.7258,81.4277,89.2941,99.5335,96.129,101.7448,107.503,120.5101,116.4859,120.3792,129.6076,135.9956,173.6819,164.9637,161.5645
Benin,Crop Residues,Emissions (CO2eq) (AR5),kilotonnes,71.1481,68.8082,77.7764,73.2174,77.9692,81.5883,75.7258,81.4277,89.2941,99.5335,96.129,101.7448,107.503,120.5101,116.4859,120.3792,129.6076,135.9956,173.6819,164.9637,161.5645
Benin,Rice Cultivation,Emissions (CH4),kilotonnes,0.653,0.7421,0.806,0.6563,0.6931,0.8093,0.731,0.7671,0.9322,1.1277,1.3176,1.5623,1.8404,3.0803,2.0884,1.8285,2.3058,2.2111,3.7852,2.8676,2.9284
Benin,Rice Cultivation,Emissions (CO2eq) from CH4 (AR5),kilotonnes,18.2852,20.7791,22.569,18.377,19.4071,22.6607,20.4687,21.4777,26.1025,31.5748,36.8935,43.7448,51.5323,86.2471,58.4754,51.1991,64.5632,61.9117,105.985,80.2934,81.9954
Benin,Rice Cultivation,Emissions (CO2eq) (AR5),kilotonnes,18.2852,20.7791,22.569,18.377,19.4071,22.6607,20.4687,21.4777,26.1025,31.5748,36.8935,43.7448,51.5323,86.2471,58.4754,51.1991,64.5632,61.9117,105.985,80.2934,81.9954
Benin,Burning - Crop residues,Emissions (CH4),kilotonnes,1.8019,1.7256,1.8949,1.8268,1.9683,2.0857,1.9443,1.9282,2.394,2.3889,2.5502,2.2979,2.6334,2.8823,2.7262,2.8082,2.8243,3.0897,3.3279,4.1229,3.5781
Benin,Burning - Crop residues,Emissions (CH4),kilotonnes,4.44,,,,,,,,,,,,,,,,,,,,
Benin,Burning - Crop residues,Emissions (N2O),kilotonnes,0.0467,0.0447,0.0491,0.0474,0.051,0.0541,0.0504,0.05,0.0621,0.0619,0.0661,0.0596,0.0683,0.0747,0.0707,0.0728,0.0732,0.0801,0.0863,0.1069,0.0928
Benin,Burning - Crop residues,Emissions (N2O),kilotonnes,0.12,,,,,,,,,,,,,,,,,,,,
Benin,Burning - Crop residues,Emissions (CO2eq) from CH4 (AR5),kilotonnes,50.4527,48.3159,53.0567,51.15,55.1138,58.4,54.4396,53.9887,67.0334,66.8902,71.4046,64.3413,73.7343,80.7048,76.3342,78.6287,79.0808,86.5103,93.1807,115.4411,100.1868
Benin,Burning - Crop residues,Emissions (CO2eq) from CH4 (AR5),kilotonnes,124.32,,,,,,,,,,,,,,,,,,,,
Benin,Burning - Crop residues,Emissions (CO2eq) from N2O (AR5),kilotonnes,12.3796,11.8553,13.0186,12.5507,13.5233,14.3296,13.3579,13.2472,16.448,16.4129,17.5206,15.7874,18.0922,19.8026,18.7302,19.2932,19.4041,21.2271,22.8638,28.3258,24.5829
Benin,Burning - Crop residues,Emissions (CO2eq) from N2O (AR5),kilotonnes,31.8,,,,,,,,,,,,,,,,,,,,
Benin,Burning - Crop residues,Emissions (CO2eq) (AR5),kilotonnes,62.8322,60.1712,66.0753,63.7007,68.637,72.7296,67.7975,67.236,83.4814,83.303,88.9252,80.1287,91.8266,100.5073,95.0644,97.9219,98.4849,107.7374,116.0445,143.7669,124.7697
Benin,Burning - Crop residues,Emissions (CO2eq) (AR5),kilotonnes,156.12,,,,,,,,,,,,,,,,,,,,
Benin,Enteric Fermentation,Emissions (CH4),kilotonnes,63.1331,65.34,67.0525,68.2842,70.0452,70.4841,73.8226,75.698,77.6123,79.808,81.847,83.9571,86.0807,88.2816,90.5203,92.8355,95.1945,97.6305,100.1103,102.6653,105.2956
Benin,Enteric Fermentation,Emissions (CH4),kilotonnes,57.93,,,,,,,,,,,,,,,,,,,,
Benin,Enteric Fermentation,Emissions (CO2eq) from CH4 (AR5),kilotonnes,1767.7273,1829.519,1877.4701,1911.9568,1961.2663,1973.5548,2067.0321,2119.5446,2173.1452,2234.625,2291.7163,2350.7998,2410.2582,2471.8861,2534.5684,2599.3934,2665.4473,2733.6539,2803.0873,2874.6293,2948.2769
Benin,Enteric Fermentation,Emissions (CO2eq) from CH4 (AR5),kilotonnes,1622.04,,,,,,,,,,,,,,,,,,,,
Benin,Enteric Fermentation,Emissions (CO2eq) (AR5),kilotonnes,1767.7273,1829.519,1877.4701,1911.9568,1961.2663,1973.5548,2067.0321,2119.5446,2173.1452,2234.625,2291.7163,2350.7998,2410.2582,2471.8861,2534.5684,2599.3934,2665.4473,2733.6539,2803.0873,2874.6293,2948.2769
Benin,Enteric Fermentation,Emissions (CO2eq) (AR5),kilotonnes,1622.04,,,,,,,,,,,,,,,,,,,,
Benin,Manure Management,Emissions (CH4),kilotonnes,2.5822,2.8879,2.9894,3.0758,3.1387,3.1955,3.2781,3.3717,3.2303,3.3318,3.4267,3.525,3.6241,3.7274,3.8336,3.943,4.0546,4.1712,4.2895,4.4119,4.5386
Benin,Manure Management,Emissions (CH4),kilotonnes,2.56,,,,,,,,,,,,,,,,,,,,
Benin,Manure Management,Emissions (N2O),kilotonnes,0.1527,0.1672,0.1774,0.1771,0.1862,0.1909,0.1946,0.2019,0.1997,0.2072,0.2147,0.2228,0.2309,0.2394,0.2484,0.2579,0.2671,0.2771,0.2871,0.2977,0.3088
Benin,Manure Management,Emissions (N2O),kilotonnes,0.18,,,,,,,,,,,,,,,,,,,,
Benin,Manure Management,Emissions (CO2eq) from CH4 (AR5),kilotonnes,72.301,80.8601,83.7029,86.1228,87.8843,89.4752,91.7862,94.4087,90.4486,93.2912,95.9489,98.7014,101.4748,104.366,107.3415,110.4033,113.53,116.7934,120.105,123.5344,127.0818
Benin,Manure Management,Emissions (CO2eq) from CH4 (AR5),kilotonnes,71.68,,,,,,,,,,,,,,,,,,,,
Benin,Manure Management,Emissions (CO2eq) from N2O (AR5),kilotonnes,40.4597,44.3049,47.0053,46.938,49.3461,50.5834,51.568,53.4991,52.9134,54.909,56.9073,59.0404,61.1764,63.4434,65.8348,68.3533,70.7687,73.4265,76.0942,78.8916,81.8212
Benin,Manure Management,Emissions (CO2eq) from N2O (AR5),kilotonnes,47.7,,,,,,,,,,,,,,,,,,,,
Benin,Manure Management,Emissions (CO2eq) (AR5),kilotonnes,112.7607,125.1651,130.7082,133.0608,137.2304,140.0586,143.3542,147.9078,143.362,148.2003,152.8562,157.7417,162.6512,167.8094,173.1763,178.7566,184.2987,190.2199,196.1992,202.426,208.903
Benin,Manure Management,Emissions (CO2eq) (AR5),kilotonnes,119.38,,,,,,,,,,,,,,,,,,,,
Benin,Manure left on Pasture,Direct emissions (N2O),kilotonnes,2.5848,2.8163,2.8942,2.9838,3.0344,3.0739,3.1789,3.2612,3.1829,3.2755,3.3599,3.4477,3.5362,3.6278,3.7211,3.8221,3.9157,4.0171,4.1203,4.2267,4.3362
Benin,Manure left on Pasture,Indirect emissions (N2O),kilotonnes,0.6373,0.6883,0.7077,0.7263,0.7397,0.7507,0.7758,0.7954,0.781,0.8054,0.8257,0.8468,0.8681,0.8902,0.9127,0.9368,0.9595,0.9839,1.0087,1.0343,1.0606
Benin,Manure left on Pasture,Emissions (N2O),kilotonnes,3.2222,3.5046,3.6019,3.7101,3.7742,3.8246,3.9547,4.0566,3.9639,4.0808,4.1857,4.2944,4.4043,4.518,4.6338,4.759,4.8753,5.0009,5.1291,5.261,5.3969
Benin,Manure left on Pasture,Emissions (CO2eq) from N2O (AR5),kilotonnes,853.87,928.7071,954.5019,983.1755,1000.1507,1013.5194,1047.9893,1075.0076,1050.4393,1081.4159,1109.2014,1138.0245,1167.1407,1197.2695,1227.9543,1261.124,1291.9437,1325.2481,1359.2016,1394.1571,1430.167
Benin,Manure left on Pasture,Emissions (CO2eq) (AR5),kilotonnes,853.87,928.7071,954.5019,983.1755,1000.1507,1013.5194,1047.9893,1075.0076,1050.4393,1081.4159,1109.2014,1138.0245,1167.1407,1197.2695,1227.9543,1261.124,1291.9437,1325.2481,1359.2016,1394.1571,1430.167
Benin,Manure applied to Soils,Direct emissions (N2O),kilotonnes,0.1252,0.1467,0.1538,0.1581,0.1622,0.1674,0.1684,0.174,0.1607,0.1663,0.1718,0.1776,0.1835,0.1897,0.1961,0.2033,0.2095,0.2166,0.2238,0.2312,0.2391
Benin,Manure applied to Soils,Indirect emissions (N2O),kilotonnes,0.0532,0.0623,0.0654,0.0672,0.0689,0.0711,0.0716,0.074,0.0683,0.0707,0.073,0.0755,0.078,0.0806,0.0833,0.0864,0.089,0.092,0.0951,0.0983,0.1016
Benin,Manure applied to Soils,Emissions (N2O),kilotonnes,0.1785,0.209,0.2192,0.2253,0.2311,0.2385,0.24,0.248,0.229,0.237,0.2448,0.2531,0.2615,0.2703,0.2795,0.2897,0.2985,0.3086,0.3189,0.3295,0.3407
Benin,Manure applied to Soils,Emissions (CO2eq) from N2O (AR5),kilotonnes,47.2922,55.3864,58.0855,59.7043,61.2478,63.2155,63.5912,65.7212,60.6797,62.8051,64.8771,67.0793,69.2919,71.6239,74.0587,76.7634,79.1001,81.7858,84.4958,87.3222,90.2723
Benin,Manure applied to Soils,Emissions (CO2eq) (AR5),kilotonnes,47.2922,55.3864,58.0855,59.7043,61.2478,63.2155,63.5912,65.7212,60.6797,62.8051,64.8771,67.0793,69.2919,71.6239,74.0587,76.7634,79.1001,81.7858,84.4958,87.3222,90.2723
Benin,Synthetic Fertilizers,Direct emissions (N2O),kilotonnes,0.2247,0.2373,0.3702,0.0207,0.0023,0.0065,0.0002,0.0091,0.0056,0.091,0.1898,0.0649,0.1404,0.079,0.232,0.0029,0.2229,0.0007,0.7552,1.184,0.8848
Benin,Synthetic Fertilizers,Indirect emissions (N2O),kilotonnes,0.073,0.0771,0.1203,0.0067,0.0007,0.0021,0.0001,0.0029,0.0018,0.0296,0.0617,0.0211,0.0456,0.0257,0.0754,0.0009,0.0724,0.0002,0.2454,0.3848,0.2876
Benin,Synthetic Fertilizers,Emissions (N2O),kilotonnes,0.2977,0.3144,0.4905,0.0274,0.003,0.0086,0.0002,0.012,0.0074,0.1206,0.2515,0.086,0.1861,0.1047,0.3074,0.0038,0.2953,0.001,1.0007,1.5687,1.1724
Benin,Synthetic Fertilizers,Emissions (CO2eq) from N2O (AR5),kilotonnes,78.9028,83.3169,129.9855,7.2723,0.8001,2.2788,0.0607,3.1782,1.9698,31.9694,66.648,22.788,49.3102,27.7496,81.4642,1.02,78.2606,0.2533,265.1745,415.7151,310.6864
Benin,Synthetic Fertilizers,Emissions (CO2eq) (AR5),kilotonnes,78.9028,83.3169,129.9855,7.2723,0.8001,2.2788,0.0607,3.1782,1.9698,31.9694,66.648,22.788,49.3102,27.7496,81.4642,1.02,78.2606,0.2533,265.1745,415.7151,310.6864
Benin,Drained organic soils,Emissions (CO2eq) (AR5),kilotonnes,0,0,0,0,0,0,0,0,0,0,0,0,0,0,0,0,0,0,0,0,0
Benin,Drained organic soils (CO2),Emissions (CO2),kilotonnes,0,0,0,0,0,0,0,0,0,0,0,0,0,0,0,0,0,0,0,0,0
Benin,Drained organic soils (CO2),Emissions (CO2eq) (AR5),kilotonnes,0,0,0,0,0,0,0,0,0,0,0,0,0,0,0,0,0,0,0,0,0
Benin,Drained organic soils (N2O),Emissions (N2O),kilotonnes,0,0,0,0,0,0,0,0,0,0,0,0,0,0,0,0,0,0,0,0,0
Benin,Drained organic soils (N2O),Emissions (CO2eq) from N2O (AR5),kilotonnes,0,0,0,0,0,0,0,0,0,0,0,0,0,0,0,0,0,0,0,0,0
Benin,Drained organic soils (N2O),Emissions (CO2eq) (AR5),kilotonnes,0,0,0,0,0,0,0,0,0,0,0,0,0,0,0,0,0,0,0,0,0
Benin,On-farm energy use,Emissions (CH4),kilotonnes,0.0488,0.0526,0.0627,0.0726,0.0732,0.0857,0.1022,0.1124,0.1172,0.1254,0.1364,0.1481,0.1602,0.1828,0.2607,0.2508,0.3954,0.3953,0.43,0.4638,0.4638
Benin,On-farm energy use,Emissions (N2O),kilotonnes,0.0034,0.0035,0.004,0.0044,0.0046,0.0042,0.0057,0.0078,0.0077,0.0094,0.0108,0.0115,0.0122,0.0146,0.0158,0.0179,0.0207,0.0233,0.0279,0.0303,0.0303
Benin,On-farm energy use,Emissions (CO2),kilotonnes,51.8191,58.278,69.0389,77.8758,78.6702,98.4356,112.8095,127.5951,131.189,146.1977,159.3901,172.7682,184.7968,204.4927,229.6744,243.7143,344.6286,353.8909,397.4346,430.9867,430.9867
Benin,On-farm energy use,Emissions (CO2eq) from CH4 (AR5),kilotonnes,1.3674,1.4725,1.7554,2.0341,2.0501,2.3988,2.8625,3.1483,3.2829,3.5112,3.82,4.1469,4.487,5.119,7.2992,7.0219,11.0705,11.0672,12.0397,12.9878,12.9878
Benin,On-farm energy use,Emissions (CO2eq) from N2O (AR5),kilotonnes,0.8879,0.9236,1.0583,1.1768,1.217,1.1244,1.5011,2.0571,2.0513,2.4885,2.8588,3.044,3.2454,3.8636,4.183,4.7417,5.485,6.1799,7.3805,8.02,8.02
Benin,On-farm energy use,Emissions (CO2eq) (AR5),kilotonnes,54.0744,60.6741,71.8526,81.0867,81.9372,101.9588,117.1731,132.8004,136.5232,152.1974,166.0689,179.959,192.5292,213.4753,241.1566,255.478,361.184,371.1381,416.8548,451.9945,451.9945
Benin,Forestland,Emissions (CO2),kilotonnes,-64.262,-85.6827,-85.6827,-85.6827,-85.6827,-85.6827,-85.6827,-85.6827,-85.6827,-85.6827,-85.6827,-85.6827,-85.6827,-85.6827,-85.6827,-85.6827,-42.8413,-42.8413,-42.8413,-42.8413,-42.8413
Benin,Forestland,Emissions (CO2eq) (AR5),kilotonnes,-64.262,-85.6827,-85.6827,-85.6827,-85.6827,-85.6827,-85.6827,-85.6827,-85.6827,-85.6827,-85.6827,-85.6827,-85.6827,-85.6827,-85.6827,-85.6827,-42.8413,-42.8413,-42.8413,-42.8413,-42.8413
Benin,Net Forest conversion,Emissions (CO2),kilotonnes,15058.7287,10796.016,10796.016,10796.016,10796.016,10796.016,10796.016,10796.016,10796.016,10796.016,10796.016,10796.016,10796.016,10796.016,10796.016,10796.016,10753.1747,10753.1747,10753.1747,10753.1747,10753.1747
Benin,Net Forest conversion,Emissions (CO2eq) (AR5),kilotonnes,15058.7287,10796.016,10796.016,10796.016,10796.016,10796.016,10796.016,10796.016,10796.016,10796.016,10796.016,10796.016,10796.016,10796.016,10796.016,10796.016,10753.1747,10753.1747,10753.1747,10753.1747,10753.1747
Benin,Savanna fires,Emissions (CH4),kilotonnes,37.0622,17.3539,25.0383,20.2351,16.2013,29.5413,20.1018,21.0506,14.1015,14.3986,13.2155,15.205,14.17,16.7238,12.8069,12.4817,14.4387,12.0027,10.7692,12.5901,11.936
Benin,Savanna fires,Emissions (N2O),kilotonnes,3.3839,1.5845,2.2861,1.8476,1.4792,2.6972,1.8354,1.922,1.2875,1.3147,1.2066,1.3883,1.2938,1.527,1.1693,1.1396,1.3183,1.0959,0.9833,1.1495,1.0898
Benin,Savanna fires,Emissions (CO2eq) from CH4 (AR5),kilotonnes,1037.7405,485.9084,701.0712,566.5834,453.6364,827.1562,562.8509,589.4163,394.8413,403.1595,370.0334,425.7404,396.7591,468.2657,358.5919,349.4883,404.2845,336.0744,301.539,352.522,334.2084
Benin,Savanna fires,Emissions (CO2eq) from N2O (AR5),kilotonnes,896.743,419.8883,605.8169,489.602,392.001,714.7709,486.3766,509.3326,341.1944,348.3824,319.7571,367.8952,342.8516,404.6427,309.8702,302.0034,349.3545,290.4121,260.569,304.625,288.7997
Benin,Savanna fires,Emissions (CO2eq) (AR5),kilotonnes,1934.4835,905.7967,1306.8881,1056.1854,845.6374,1541.9271,1049.2275,1098.7489,736.0357,751.5419,689.7904,793.6356,739.6107,872.9084,668.4621,651.4917,753.639,626.4865,562.108,657.147,623.0081
Benin,Fires in organic soils,Emissions (CH4),kilotonnes,0,0,0,0,0,0,0,0,0,0,0,0,0,0,0,0,0,0,0,0,0
Benin,Fires in organic soils,Emissions (CO2),kilotonnes,0,0,0,0,0,0,0,0,0,0,0,0,0,0,0,0,0,0,0,0,0
Benin,Fires in organic soils,Emissions (CO2eq) from CH4 (AR5),kilotonnes,0,0,0,0,0,0,0,0,0,0,0,0,0,0,0,0,0,0,0,0,0
Benin,Fires in organic soils,Emissions (CO2eq) (AR5),kilotonnes,0,0,0,0,0,0,0,0,0,0,0,0,0,0,0,0,0,0,0,0,0
Benin,Forest fires,Emissions (CH4),kilotonnes,22.8616,2.1305,2.5482,1.3113,0.9442,4.7558,2.455,1.7528,0.8299,1.149,0.1782,0.8804,0.25,0.3325,0.0505,0.2686,0.2926,0.8139,0.7261,2.1439,1.1118
Benin,Forest fires,Emissions (N2O),kilotonnes,0.6724,0.1945,0.2327,0.1197,0.0862,0.4342,0.2242,0.16,0.0758,0.1049,0.0163,0.0804,0.0228,0.0304,0.0046,0.0245,0.0267,0.0743,0.0663,0.1957,0.1015
Benin,Forest fires,Emissions (CO2eq) from CH4 (AR5),kilotonnes,640.1235,59.6547,71.3489,36.7166,26.4388,133.1615,68.7405,49.0787,23.2361,32.1727,4.9898,24.6511,7.0006,9.3094,1.415,7.5218,8.1922,22.7898,20.3321,60.0288,31.1308
Benin,Forest fires,Emissions (CO2eq) from N2O (AR5),kilotonnes,178.1857,51.5495,61.6547,31.7279,22.8466,115.0689,59.4008,42.4104,20.079,27.8014,4.3118,21.3018,6.0494,8.0445,1.2228,6.4998,7.0792,19.6933,17.5696,51.8727,26.901
Benin,Forest fires,Emissions (CO2eq) (AR5),kilotonnes,818.3092,111.2042,133.0036,68.4445,49.2854,248.2303,128.1413,91.4891,43.3152,59.9741,9.3016,45.9529,13.05,17.3538,2.6378,14.0217,15.2714,42.4831,37.9017,111.9016,58.0318
Benin,Fires in humid tropical forests,Emissions (CH4),kilotonnes,15.0286,2.1305,2.5482,1.3113,0.9442,4.7558,2.455,1.7528,0.8299,1.149,0.1782,0.8804,0.25,0.3325,0.0505,0.2686,0.2926,0.8139,0.7261,2.1439,1.1118
Benin,Fires in humid tropical forests,Emissions (N2O),kilotonnes,0.442,0.1945,0.2327,0.1197,0.0862,0.4342,0.2242,0.16,0.0758,0.1049,0.0163,0.0804,0.0228,0.0304,0.0046,0.0245,0.0267,0.0743,0.0663,0.1957,0.1015
Benin,Fires in humid tropical forests,Emissions (CO2eq) from CH4 (AR5),kilotonnes,420.8003,59.6547,71.3489,36.7166,26.4388,133.1615,68.7405,49.0787,23.2361,32.1727,4.9898,24.6511,7.0006,9.3094,1.415,7.5218,8.1922,22.7898,20.3321,60.0288,31.1308
Benin,Fires in humid tropical forests,Emissions (CO2eq) from N2O (AR5),kilotonnes,117.1345,51.5495,61.6547,31.7279,22.8466,115.0689,59.4008,42.4104,20.079,27.8014,4.3118,21.3018,6.0494,8.0445,1.2228,6.4998,7.0792,19.6933,17.5696,51.8727,26.901
Benin,Fires in humid tropical forests,Emissions (CO2eq) (AR5),kilotonnes,537.9348,111.2042,133.0036,68.4445,49.2854,248.2303,128.1413,91.4891,43.3152,59.9741,9.3016,45.9529,13.05,17.3538,2.6378,14.0217,15.2714,42.4831,37.9017,111.9016,58.0318
Benin,Waste - agri-food systems,Emissions (CH4),kilotonnes,18.924,19.3714,19.819,20.2786,20.7386,21.1886,21.6202,22.0629,22.5097,22.9522,23.3913,23.8421,24.2854,24.7261,25.0692,25.4953,25.9301,26.37,26.8166,27.2393,27.6677
Benin,Waste - agri-food systems,Emissions (N2O),kilotonnes,0.1299,0.1302,0.1474,0.1453,0.1554,0.1572,0.1628,0.173,0.1859,0.1928,0.1905,0.2009,0.2138,0.2197,0.2392,0.2402,0.242,0.2446,0.2514,0.2581,0.2649
Benin,Waste - agri-food systems,Emissions (CO2),kilotonnes,0,0,0,0,0,0,0,0,0,0,0,0,0,0,0,0,0,0,0,0,0
Benin,Waste - agri-food systems,Emissions (CO2eq) from CH4 (AR5),kilotonnes,529.8709,542.4004,554.9312,567.8014,580.6799,593.2806,605.3661,617.7606,630.2715,642.6616,654.9555,667.578,679.9921,692.3302,701.9383,713.8693,726.0429,738.3607,750.8635,762.6997,774.695
Benin,Waste - agri-food systems,Emissions (CO2eq) from N2O (AR5),kilotonnes,34.4254,34.4973,39.071,38.5138,41.1839,41.6532,43.132,45.839,49.2651,51.0873,50.4826,53.2347,56.67,58.2299,63.3946,63.6608,64.1362,64.8201,66.6165,68.3939,70.2053
Benin,Waste - agri-food systems,Emissions (CO2eq) (AR5),kilotonnes,564.2963,576.8977,594.0022,606.3152,621.8638,634.9338,648.4982,663.5996,679.5366,693.7489,705.4381,720.8127,736.6622,750.5601,765.3329,777.53,790.1791,803.1808,817.4801,831.0935,844.9003
Benin,On-farm electricity use,Emissions (CH4),kilotonnes,0,0,0,0,0,0,0,0,0,0,0,0,0,0,0,0,0,0,0,0,0
Benin,On-farm electricity use,Emissions (N2O),kilotonnes,0,0,0,0,0,0,0,0,0,0,0,0,0,0,0,0,0,0,0,0,0
Benin,On-farm electricity use,Emissions (CO2),kilotonnes,0,0,0,0,0,0,0,0,0,0,0,0,0,0,0,0,0,0,0,0,0
Benin,On-farm electricity use,Emissions (CO2eq) from CH4 (AR5),kilotonnes,0,0,0,0,0,0,0,0,0,0,0,0,0,0,0,0,0,0,0,0,0
Benin,On-farm electricity use,Emissions (CO2eq) from N2O (AR5),kilotonnes,0,0,0,0,0,0,0,0,0,0,0,0,0,0,0,0,0,0,0,0,0
Benin,On-farm electricity use,Emissions (CO2eq) (AR5),kilotonnes,0,0,0,0,0,0,0,0,0,0,0,0,0,0,0,0,0,0,0,0,0
Benin,Food Processing,Emissions (CH4),kilotonnes,0.0144,0,0,0.0108,0.0132,0.0208,0.0132,0.0196,0.0149,0.0137,0.0293,0.039,0.0438,0.0222,0.0066,0.0341,0.0244,0.0244,0.0256,0.0256,0.0266
Benin,Food Processing,Emissions (N2O),kilotonnes,0.0001,0,0,0.0001,0.0001,0.0002,0.0001,0.0002,0.0002,0.0002,0.0003,0.0003,0.0004,0.0002,0.0001,0.0002,0.0002,0.0002,0.0002,0.0002,0.0002
Benin,Food Processing,Emissions (CO2),kilotonnes,5.0227,0,0,3.6999,4.7183,17.4087,5.1963,16.5526,17.9693,17.5918,23.777,29.7698,31.6597,23.705,17.8765,25.0615,18.3478,18.3478,18.7961,18.7961,19.0153
Benin,Food Processing,Emissions (CO2eq) from CH4 (AR5),kilotonnes,0.4032,0,0,0.3024,0.3696,0.5824,0.3696,0.5488,0.4172,0.3836,0.8204,1.092,1.2264,0.6216,0.1848,0.9548,0.6832,0.6832,0.7168,0.7168,0.7451
Benin,Food Processing,Emissions (CO2eq) from N2O (AR5),kilotonnes,0.0265,0,0,0.0265,0.0265,0.053,0.0265,0.053,0.053,0.053,0.0795,0.0795,0.106,0.053,0.0265,0.053,0.053,0.053,0.053,0.053,0.0547
Benin,Food Processing,Emissions (CO2eq) (AR5),kilotonnes,5.4524,0,0,4.0288,5.1144,18.0441,5.5924,17.1544,18.4395,18.0284,24.6769,30.9413,32.9921,24.3796,18.0878,26.0693,19.084,19.084,19.5659,19.5659,19.8151
Benin,Food Packaging,Emissions (CH4),kilotonnes,0.0123,0.0184,0.0194,0.0526,0.07,0.0754,0.0804,0.0894,0.0975,0.1035,0.1924,0.2078,0.197,0.2431,0.2922,0.2949,0.3463,0.3578,0.3815,0.3102,0.3224
Benin,Food Packaging,Emissions (N2O),kilotonnes,0.0001,0.0001,0.0001,0.0002,0.0003,0.0003,0.0004,0.0004,0.0004,0.0004,0.0005,0.0006,0.0006,0.0006,0.0008,0.0009,0.0012,0.0012,0.0014,0.001,0.001
Benin,Food Packaging,Emissions (CO2),kilotonnes,4.7334,6.0238,7.243,13.5176,17.5565,17.8497,25.3288,30.6285,31.7969,33.6506,39.2999,31.421,27.0929,23.3702,45.3426,49.8709,48.12,54.0745,54.3512,50.4924,51.0812
Benin,Food Packaging,Emissions (CO2eq) from CH4 (AR5),kilotonnes,0.3444,0.5152,0.5432,1.4728,1.96,2.1112,2.2512,2.5032,2.73,2.898,5.3872,5.8184,5.516,6.8068,8.1816,8.2572,9.6964,10.0184,10.682,8.6856,9.0285
Benin,Food Packaging,Emissions (CO2eq) from N2O (AR5),kilotonnes,0.0265,0.0265,0.0265,0.053,0.0795,0.0795,0.106,0.106,0.106,0.106,0.1325,0.159,0.159,0.159,0.212,0.2385,0.318,0.318,0.371,0.265,0.2737
Benin,Food Packaging,Emissions (CO2eq) (AR5),kilotonnes,5.1043,6.5655,7.8127,15.0434,19.596,20.0404,27.686,33.2377,34.6329,36.6546,44.8196,37.3984,32.7679,30.336,53.7362,58.3666,58.1344,64.4109,65.4042,59.443,60.3834
Benin,Food Retail,Emissions (CH4),kilotonnes,0.0227,0.0296,0.0262,0.0316,0.0361,0.0318,0.036,0.0402,0.0476,0.0538,0.0576,0.0592,0.0597,0.0669,0.0663,0.0716,0.0754,0.0832,0.0808,0.0783,0.0814
Benin,Food Retail,Emissions (N2O),kilotonnes,0.0001,0.0002,0.0002,0.0002,0.0002,0.0002,0.0002,0.0003,0.0003,0.0003,0.0003,0.0003,0.0003,0.0003,0.0003,0.0003,0.0003,0.0004,0.0003,0.0004,0.0004
Benin,Food Retail,Emissions (CO2),kilotonnes,7.9107,10.505,9.4449,10.8202,12.911,12.913,14.5708,14.9978,18.8677,21.5412,23.3833,23.0498,24.2689,26.2635,28.2429,28.021,29.0186,31.906,31.4451,31.332,31.6974
Benin,Food Retail,Emissions (CO2eq) from CH4 (AR5),kilotonnes,0.6356,0.8288,0.7336,0.8848,1.0108,0.8904,1.008,1.1256,1.3328,1.5064,1.6128,1.6576,1.6716,1.8732,1.8564,2.0048,2.1112,2.3296,2.2624,2.1924,2.2789
Benin,Food Retail,Emissions (CO2eq) from N2O (AR5),kilotonnes,0.0265,0.053,0.053,0.053,0.053,0.053,0.053,0.0795,0.0795,0.0795,0.0795,0.0795,0.0795,0.0795,0.0795,0.0795,0.0795,0.106,0.0795,0.106,0.1095
Benin,Food Retail,Emissions (CO2eq) (AR5),kilotonnes,8.5728,11.3868,10.2315,11.758,13.9748,13.8564,15.6318,16.2029,20.28,23.1271,25.0756,24.7869,26.02,28.2162,30.1788,30.1053,31.2093,34.3416,33.787,33.6304,34.0858
Benin,Food Household Consumption,Emissions (CH4),kilotonnes,0.1241,0.1486,0.195,0.1819,0.2028,0.2462,0.2495,0.2607,0.2864,0.2975,0.3069,0.2912,0.2792,0.2591,0.255,0.254,0.2495,0.2447,0.2458,0.2458,0.2555
Benin,Food Household Consumption,Emissions (N2O),kilotonnes,0.0019,0.003,0.0036,0.0038,0.0044,0.0051,0.0056,0.0059,0.006,0.0063,0.0064,0.0051,0.0037,0.0021,0.0017,0.0013,0.0013,0.0013,0.0014,0.0014,0.0014
Benin,Food Household Consumption,Emissions (CO2),kilotonnes,193.9453,320.468,383.5591,417.6323,487.267,556.8855,618.2067,636.2071,661.2689,682.4956,707.9818,546.7595,392.5709,230.8067,184.9731,140.2395,144.7494,138.3458,151.0774,151.0774,152.8392
Benin,Food Household Consumption,Emissions (CO2eq) from CH4 (AR5),kilotonnes,3.4748,4.1608,5.46,5.0932,5.6784,6.8936,6.986,7.2996,8.0192,8.33,8.5932,8.1536,7.8176,7.2548,7.14,7.112,6.986,6.8516,6.8824,6.8824,7.1541
Benin,Food Household Consumption,Emissions (CO2eq) from N2O (AR5),kilotonnes,0.5035,0.795,0.954,1.007,1.166,1.3515,1.484,1.5635,1.59,1.6695,1.696,1.3515,0.9805,0.5565,0.4505,0.3445,0.3445,0.3445,0.371,0.371,0.3832
Benin,Food Household Consumption,Emissions (CO2eq) (AR5),kilotonnes,197.9236,325.4238,389.9731,423.7325,494.1114,565.1306,626.6767,645.0702,670.8781,692.4951,718.271,556.2646,401.369,238.618,192.5636,147.696,152.0799,145.5419,158.3308,158.3308,160.3765
Benin,Food Transport,Emissions (CH4),kilotonnes,0.0311,0.0334,0.0402,0.0474,0.0481,0.0551,0.067,0.0734,0.0752,0.081,0.0886,0.091,0.0936,0.1036,0.11,0.121,0.1738,0.1793,0.2002,0.155,0.1611
Benin,Food Transport,Emissions (N2O),kilotonnes,0.003,0.0034,0.0041,0.0046,0.0047,0.0054,0.0066,0.0074,0.0076,0.0084,0.0089,0.0092,0.0094,0.0104,0.0111,0.0121,0.0175,0.0182,0.0204,0.0157,0.0162
Benin,Food Transport,Emissions (CO2),kilotonnes,100.98,108.7344,129.1944,150.7,154,169.4,215.6,267.3,269.5,309.5944,348.7,360.8,376.2,422.4,447.7,503.8,638,659.3479,738.6022,587.7332,594.5872
Benin,Food Transport,Emissions (CO2eq) from CH4 (AR5),kilotonnes,0.8708,0.9352,1.1256,1.3272,1.3468,1.5428,1.876,2.0552,2.1056,2.268,2.4808,2.548,2.6208,2.9008,3.08,3.388,4.8664,5.0204,5.6056,4.34,4.5113
Benin,Food Transport,Emissions (CO2eq) from N2O (AR5),kilotonnes,0.795,0.901,1.0865,1.219,1.2455,1.431,1.749,1.961,2.014,2.226,2.3585,2.438,2.491,2.756,2.9415,3.2065,4.6375,4.823,5.406,4.1605,4.2973
Benin,Food Transport,Emissions (CO2eq) (AR5),kilotonnes,102.6458,110.5706,131.4065,153.2462,156.5923,172.3738,219.225,271.3162,273.6196,314.0884,353.5393,365.786,381.3118,428.0568,453.7215,510.3945,647.5039,669.1913,749.6138,596.2337,603.3959
Benin,Energy,Emissions (CH4),kilotonnes,30.2,31.3,31.7,32.3,33.3,34.3,37,38.2,39.5,40.6,54.3,55.9,57.2,64.6,66.7,63.4,65.5,67.5,69.1,76,79
Benin,Energy,Emissions (N2O),kilotonnes,0.231,0.241,0.253,0.265,0.273,0.286,0.323,0.338,0.347,0.36,0.342,0.35,0.356,0.395,0.412,0.423,0.498,0.511,0.535,0.517,0.534
Benin,Energy,Emissions (CO2),kilotonnes,1470,1690,1950,2230,2380,2270,3130,3720,3740,4000,4440,4330,4110,4330,4680,5380,6050,6650,6730,6860,6940
Benin,Energy,Emissions (CO2eq) from CH4 (AR5),kilotonnes,845.6,876.4,887.6,904.4,932.4,960.4,1036,1069.6,1106,1136.8,1520.4,1565.2,1601.6,1808.8,1867.6,1775.2,1834,1890,1934.8,2128,2212
Benin,Energy,Emissions (CO2eq) from N2O (AR5),kilotonnes,61.215,63.865,67.045,70.225,72.345,75.79,85.595,89.57,91.955,95.4,90.63,92.75,94.34,104.675,109.18,112.095,131.97,135.415,141.775,137.005,141.51
Benin,Energy,Emissions (CO2eq) (AR5),kilotonnes,2376.815,2630.265,2904.645,3204.625,3384.745,3306.19,4251.595,4879.17,4937.955,5232.2,6051.03,5987.95,5805.94,6243.475,6656.78,7267.295,8015.97,8675.415,8806.575,9125.005,9293.51
Benin,IPPU,Emissions (N2O),kilotonnes,0.0001,0.0001,0.0001,0.0001,0.0001,0.0001,0.0001,0.0001,0.0001,0.0001,0.0001,0.0001,0.0001,0.0001,0.0001,0.0001,0.0001,0.0001,0.0001,0.0001,0.0001
Benin,IPPU,Emissions (CO2),kilotonnes,38.3,39.5,198,208,256,267,272,260,231,273,292,283,286,263,266,264,260,263,443,440,440
Benin,IPPU,Emissions (CO2eq) from N2O (AR5),kilotonnes,0.02,0.0206,0.0213,0.0219,0.0226,0.0233,0.024,0.0246,0.0254,0.0261,0.0268,0.0276,0.0284,0.0292,0.0299,0.0307,0.0318,0.0326,0.0334,0.0339,0.0347
Benin,IPPU,Emissions (CO2eq) (AR5),kilotonnes,38.32,39.5206,198.0213,208.0219,256.0226,267.0233,272.024,260.0246,231.0254,273.0261,292.0268,283.0276,286.0284,263.0292,266.0299,264.0307,260.0318,263.0326,443.0334,440.0339,440.0347
Benin,Waste,Emissions (CH4),kilotonnes,39.2,40.6,42,43.5,44.9,46.4,47.9,49.5,51.2,52.9,54.6,56.4,58.2,60.3,62.4,64.3,66.3,68.5,70.8,71.8,73.7
Benin,Waste,Emissions (N2O),kilotonnes,0.241,0.249,0.256,0.266,0.282,0.287,0.299,0.312,0.329,0.348,0.358,0.368,0.381,0.4,0.425,0.441,0.455,0.459,0.472,0.491,0.505
Benin,Waste,Emissions (CO2),kilotonnes,0.171,0.178,0.185,0.194,0.202,0.211,0.22,0.229,0.238,0.248,0.258,0.268,0.279,0.291,0.303,0.315,0.327,0.341,0.354,0.359,0.369
Benin,Waste,Emissions (CO2eq) from CH4 (AR5),kilotonnes,1097.6,1136.8,1176,1218,1257.2,1299.2,1341.2,1386,1433.6,1481.2,1528.8,1579.2,1629.6,1688.4,1747.2,1800.4,1856.4,1918,1982.4,2010.4,2063.6
Benin,Waste,Emissions (CO2eq) from N2O (AR5),kilotonnes,63.865,65.985,67.84,70.49,74.73,76.055,79.235,82.68,87.185,92.22,94.87,97.52,100.965,106,112.625,116.865,120.575,121.635,125.08,130.115,133.825
Benin,Waste,Emissions (CO2eq) (AR5),kilotonnes,1161.636,1202.963,1244.025,1288.684,1332.132,1375.466,1420.655,1468.909,1521.023,1573.668,1623.928,1676.988,1730.844,1794.691,1860.128,1917.58,1977.302,2039.976,2107.834,2140.874,2197.794
Benin,Other,Emissions (N2O),kilotonnes,0.184,0.193,0.206,0.218,0.224,0.237,0.274,0.309,0.316,0.335,0.373,0.387,0.394,0.443,0.475,0.493,0.568,0.58,0.621,0.624,0.651
Benin,Other,Emissions (CO2eq) from N2O (AR5),kilotonnes,48.76,51.145,54.59,57.77,59.36,62.805,72.61,81.885,83.74,88.775,98.845,102.555,104.41,117.395,125.875,130.645,150.52,153.7,164.565,165.36,172.515
Benin,Other,Emissions (CO2eq) (AR5),kilotonnes,48.76,51.145,54.59,57.77,59.36,62.805,72.61,81.885,83.74,88.775,98.845,102.555,104.41,117.395,125.875,130.645,150.52,153.7,164.565,165.36,172.515
Benin,Farm-gate emissions,Emissions (CH4),kilotonnes,105.2812,88.102,97.8438,94.1509,92.1199,106.2016,99.98,102.928,98.3876,101.1804,102.4935,106.6955,108.5088,114.8782,112.2361,114.1477,119.2134,119.5004,122.712,127.1217,128.7406
Benin,Farm-gate emissions,Direct emissions (N2O),kilotonnes,3.1539,3.4122,3.6578,3.3882,3.4391,3.4991,3.5807,3.6951,3.6243,3.8394,4.0177,4.0036,4.1913,4.2677,4.5081,4.3991,4.7474,4.6533,5.6343,6.15,5.9578
Benin,Farm-gate emissions,Indirect emissions (N2O),kilotonnes,0.8129,0.8754,0.9473,0.851,0.8634,0.8805,0.8999,0.9288,0.913,0.9746,1.027,1.0139,1.0663,1.08,1.1522,1.1076,1.2108,1.1704,1.4697,1.6317,1.5618
Benin,Farm-gate emissions,Emissions (N2O),kilotonnes,7.5535,6.0875,7.1217,6.3156,6.0236,7.3261,6.5667,6.8055,6.0943,6.4072,6.543,6.6996,6.8627,7.2034,7.1645,6.995,7.6374,7.3001,8.4885,9.3661,9.0412
Benin,Farm-gate emissions,Emissions (CO2),kilotonnes,51.8191,58.278,69.0389,77.8758,78.6702,98.4356,112.8095,127.5951,131.189,146.1977,159.3901,172.7682,184.7968,204.4927,229.6744,243.7143,344.6286,353.8909,397.4346,430.9867,430.9867
Benin,Farm-gate emissions,Emissions (CO2eq) from CH4 (AR5),kilotonnes,2947.874,2466.8551,2739.6253,2636.224,2579.358,2973.6457,2799.44,2881.9843,2754.8539,2833.0519,2869.8166,2987.4745,3038.2457,3216.5886,3142.6106,3196.1347,3337.9763,3346.011,3435.9367,3559.4079,3604.737
Benin,Farm-gate emissions,Emissions (CO2eq) from N2O (AR5),kilotonnes,2001.6834,1613.1908,1887.2483,1673.637,1596.2551,1941.4104,1740.1706,1803.4706,1614.9902,1697.9167,1733.8992,1775.4037,1818.6115,1908.9054,1898.5813,1853.6782,2023.9242,1934.5284,2249.4614,2482.0206,2395.9139
Benin,Farm-gate emissions,Emissions (CO2eq) (AR5),kilotonnes,5001.3765,4138.324,4695.9126,4387.7368,4254.2833,5013.4917,4652.4201,4813.0499,4501.0331,4677.1662,4763.106,4935.6464,5041.654,5329.9867,5270.8663,5293.5273,5706.5291,5634.4303,6082.8326,6472.4152,6431.6377
Benin,Land Use change,Emissions (CH4),kilotonnes,15.0286,2.1305,2.5482,1.3113,0.9442,4.7558,2.455,1.7528,0.8299,1.149,0.1782,0.8804,0.25,0.3325,0.0505,0.2686,0.2926,0.8139,0.7261,2.1439,1.1118
Benin,Land Use change,Emissions (N2O),kilotonnes,0.442,0.1945,0.2327,0.1197,0.0862,0.4342,0.2242,0.16,0.0758,0.1049,0.0163,0.0804,0.0228,0.0304,0.0046,0.0245,0.0267,0.0743,0.0663,0.1957,0.1015
Benin,Land Use change,Emissions (CO2),kilotonnes,15058.7287,10796.016,10796.016,10796.016,10796.016,10796.016,10796.016,10796.016,10796.016,10796.016,10796.016,10796.016,10796.016,10796.016,10796.016,10796.016,10753.1747,10753.1747,10753.1747,10753.1747,10753.1747
Benin,Land Use change,Emissions (CO2eq) from CH4 (AR5),kilotonnes,420.8003,59.6547,71.3489,36.7166,26.4388,133.1615,68.7405,49.0787,23.2361,32.1727,4.9898,24.6511,7.0006,9.3094,1.415,7.5218,8.1922,22.7898,20.3321,60.0288,31.1308
Benin,Land Use change,Emissions (CO2eq) from N2O (AR5),kilotonnes,117.1345,51.5495,61.6547,31.7279,22.8466,115.0689,59.4008,42.4104,20.079,27.8014,4.3118,21.3018,6.0494,8.0445,1.2228,6.4998,7.0792,19.6933,17.5696,51.8727,26.901
Benin,Land Use change,Emissions (CO2eq) (AR5),kilotonnes,15596.6634,10907.2202,10929.0196,10864.4605,10845.3014,11044.2463,10924.1573,10887.5051,10839.3312,10855.9901,10805.3176,10841.9689,10809.066,10813.3698,10798.6538,10810.0377,10768.4461,10795.6578,10791.0764,10865.0762,10811.2065
Benin,Emissions on agricultural land,Emissions (CH4),kilotonnes,120.3098,90.2325,100.3919,95.4622,93.0642,110.9574,102.435,104.6808,99.2175,102.3295,102.6717,107.5759,108.7588,115.2106,112.2866,114.4163,119.506,120.3143,123.4382,129.2656,129.8524
Benin,Emissions on agricultural land,Emissions (N2O),kilotonnes,7.9955,6.282,7.3544,6.4353,6.1098,7.7603,6.7908,6.9656,6.1701,6.5121,6.5593,6.78,6.8855,7.2338,7.1691,7.0195,7.6642,7.3744,8.5548,9.5619,9.1427
Benin,Emissions on agricultural land,Emissions (CO2),kilotonnes,15110.5478,10854.294,10865.0549,10873.8918,10874.6862,10894.4516,10908.8255,10923.6111,10927.205,10942.2137,10955.4061,10968.7842,10980.8128,11000.5087,11025.6904,11039.7303,11097.8033,11107.0656,11150.6093,11184.1613,11184.1613
Benin,Emissions on agricultural land,Emissions (CO2eq) from CH4 (AR5),kilotonnes,3368.6743,2526.5099,2810.9742,2672.9405,2605.7968,3106.8072,2868.1806,2931.063,2778.09,2865.2246,2874.8064,3012.1257,3045.2463,3225.8979,3144.0257,3203.6565,3346.1685,3368.8007,3456.2688,3619.4368,3635.8678
Benin,Emissions on agricultural land,Emissions (CO2eq) from N2O (AR5),kilotonnes,2118.8179,1664.7403,1948.903,1705.3649,1619.1017,2056.4792,1799.5714,1845.881,1635.0692,1725.7181,1738.2111,1796.7054,1824.6609,1916.9499,1899.804,1860.1781,2031.0034,1954.2217,2267.031,2533.8934,2422.815
Benin,Emissions on agricultural land,Emissions (CO2eq) (AR5),kilotonnes,20598.0399,15045.5442,15624.9321,15252.1973,15099.5847,16057.738,15576.5774,15700.555,15340.3643,15533.1564,15568.4236,15777.6153,15850.72,16143.3565,16069.5201,16103.5649,16474.9751,16430.088,16873.909,17337.4915,17242.8441
Benin,Pre- and post- production,Emissions (CH4),kilotonnes,19.1286,19.6014,20.0998,20.6029,21.1088,21.6179,22.0663,22.5462,23.0313,23.5017,24.0661,24.5303,24.9587,25.421,25.7993,26.2709,26.7995,27.2594,27.7505,28.0542,28.5147
Benin,Pre- and post- production,Emissions (N2O),kilotonnes,0.1351,0.1369,0.1554,0.1542,0.1651,0.1684,0.1757,0.1872,0.2004,0.2084,0.2069,0.2164,0.2282,0.2333,0.2532,0.255,0.2625,0.2659,0.2751,0.2768,0.2842
Benin,Pre- and post- production,Emissions (CO2),kilotonnes,312.5921,445.7312,529.4414,596.37,676.4528,774.4569,878.9026,965.686,999.4028,1064.8736,1143.142,991.8001,851.7924,726.5454,724.1351,746.9929,878.2358,902.022,994.272,839.4311,849.2204
Benin,Pre- and post- production,Emissions (CO2eq) from CH4 (AR5),kilotonnes,535.5997,548.8404,562.7936,576.8818,591.0455,605.301,617.8569,631.293,644.8763,658.0476,673.8499,686.8476,698.8445,711.7874,722.3811,735.5861,750.3861,763.2639,777.0127,785.5169,798.4129
Benin,Pre- and post- production,Emissions (CO2eq) from N2O (AR5),kilotonnes,35.8034,36.2728,41.191,40.8723,43.7544,44.6212,46.5505,49.602,53.1076,55.2213,54.8286,57.3422,60.486,61.8339,67.1046,67.5828,69.5687,70.4646,72.897,73.3494,75.3237
Benin,Pre- and post- production,Emissions (CO2eq) (AR5),kilotonnes,883.9952,1030.8444,1133.426,1214.1241,1311.2527,1424.3791,1543.3101,1646.581,1697.3867,1778.1425,1871.8205,1735.9899,1611.123,1500.1667,1513.6208,1550.1617,1698.1906,1735.7505,1844.1818,1698.2973,1722.957
Benin,Agri-food systems,Emissions (CH4),kilotonnes,139.4384,109.8339,120.4917,116.0651,114.1729,132.5753,124.5013,127.227,122.2488,125.8312,126.7377,132.1062,133.7175,140.6316,138.086,140.6872,146.3055,147.5737,151.1886,157.3198,158.3672
Benin,Agri-food systems,Emissions (N2O),kilotonnes,8.1306,6.4189,7.5098,6.5896,6.2749,7.9287,6.9665,7.1528,6.3705,6.7205,6.7662,6.9964,7.1138,7.4671,7.4223,7.2746,7.9267,7.6403,8.8299,9.8387,9.4269
Benin,Agri-food systems,Emissions (CO2),kilotonnes,15423.1399,11300.0252,11394.4963,11470.2618,11551.139,11668.9085,11787.7281,11889.2971,11926.6078,12007.0873,12098.5481,11960.5843,11832.6052,11727.0541,11749.8255,11786.7232,11976.0391,12009.0876,12144.8813,12023.5924,12033.3817
Benin,Agri-food systems,Emissions (CO2eq) from CH4 (AR5),kilotonnes,3904.274,3075.3503,3373.7678,3249.8223,3196.8423,3712.1082,3486.0375,3562.356,3422.9663,3523.2722,3548.6563,3698.9733,3744.0909,3937.6853,3866.4068,3939.2426,4096.5546,4132.0646,4233.2815,4404.9536,4434.2807
Benin,Agri-food systems,Emissions (CO2eq) from N2O (AR5),kilotonnes,2154.6212,1701.013,1990.094,1746.2372,1662.8561,2101.1004,1846.1219,1895.483,1688.1768,1780.9394,1793.0397,1854.0477,1885.1469,1978.7838,1966.9086,1927.7609,2100.572,2024.6863,2339.928,2607.2427,2498.1387
Benin,Agri-food systems,Emissions (CO2eq) (AR5),kilotonnes,21482.0351,16076.3885,16758.3581,16466.3214,16410.8374,17482.1172,17119.8875,17347.136,17037.751,17311.2989,17440.2441,17513.6052,17461.843,17643.5232,17583.1409,17653.7267,18173.1657,18165.8385,18718.0908,19035.7888,18965.8011
Benin,IPCC Agriculture,Emissions (CH4),kilotonnes,105.2324,88.0494,97.7811,94.0782,92.0467,106.116,99.8778,102.8156,98.2704,101.055,102.357,106.5474,108.3485,114.6953,111.9754,113.8969,118.8181,119.1051,122.282,126.6579,128.2768
Benin,IPCC Agriculture,Emissions (CH4),kilotonnes,87.6,,,,,,,,,,,,,,,,,,,,
Benin,IPCC Agriculture,Direct emissions (N2O),kilotonnes,3.1539,3.4122,3.6578,3.3882,3.4391,3.4991,3.5807,3.6951,3.6243,3.8394,4.0177,4.0036,4.1913,4.2677,4.5081,4.3991,4.7474,4.6533,5.6343,6.15,5.9578
Benin,IPCC Agriculture,Indirect emissions (N2O),kilotonnes,0.8129,0.8754,0.9473,0.851,0.8634,0.8805,0.8999,0.9288,0.913,0.9746,1.027,1.0139,1.0663,1.08,1.1522,1.1076,1.2108,1.1704,1.4697,1.6317,1.5618
Benin,IPCC Agriculture,Emissions (N2O),kilotonnes,7.5502,6.084,7.1177,6.3112,6.019,7.3218,6.561,6.7978,6.0866,6.3978,6.5322,6.6881,6.8504,7.1888,7.1487,6.9771,7.6168,7.2768,8.4607,9.3359,9.0109
Benin,IPCC Agriculture,Emissions (N2O),kilotonnes,7.74,,,,,,,,,,,,,,,,,,,,
Benin,IPCC Agriculture,Emissions (CO2eq) from CH4 (AR5),kilotonnes,2946.5066,2465.3826,2737.8699,2634.1899,2577.3079,2971.2469,2796.5775,2878.836,2751.5711,2829.5407,2865.9966,2983.3276,3033.7588,3211.4696,3135.3114,3189.1127,3326.9058,3334.9437,3423.897,3546.4202,3591.7493
Benin,IPCC Agriculture,Emissions (CO2eq) from CH4 (AR5),kilotonnes,2452.8,,,,,,,,,,,,,,,,,,,,
Benin,IPCC Agriculture,Emissions (CO2eq) from N2O (AR5),kilotonnes,2000.7955,1612.2672,1886.19,1672.4602,1595.0381,1940.286,1738.6695,1801.4135,1612.9388,1695.4281,1731.0405,1772.3597,1815.366,1905.0418,1894.3983,1848.9365,2018.4392,1928.3485,2242.0808,2474.0006,2387.8939
Benin,IPCC Agriculture,Emissions (CO2eq) from N2O (AR5),kilotonnes,2051.1,,,,,,,,,,,,,,,,,,,,
Benin,IPCC Agriculture,Emissions (CO2eq) (AR5),kilotonnes,4947.3021,4077.6498,4624.0599,4306.6501,4172.346,4911.5329,4535.247,4680.2495,4364.5099,4524.9688,4597.037,4755.6874,4849.1248,5116.5114,5029.7097,5038.0493,5345.3451,5263.2922,5665.9778,6020.4207,5979.6432
Benin,IPCC Agriculture,Emissions (CO2eq) (AR5),kilotonnes,4503.9,,,,,,,,,,,,,,,,,,,,
Benin,Agricultural Soils,Direct emissions (N2O),kilotonnes,3.1539,3.4122,3.6578,3.3882,3.4391,3.4991,3.5807,3.6951,3.6243,3.8394,4.0177,4.0036,4.1913,4.2677,4.5081,4.3991,4.7474,4.6533,5.6343,6.15,5.9578
Benin,Agricultural Soils,Indirect emissions (N2O),kilotonnes,0.8129,0.8754,0.9473,0.851,0.8634,0.8805,0.8999,0.9288,0.913,0.9746,1.027,1.0139,1.0663,1.08,1.1522,1.1076,1.2108,1.1704,1.4697,1.6317,1.5618
Benin,Agricultural Soils,Emissions (N2O),kilotonnes,3.9668,4.2876,4.6051,4.2391,4.3025,4.3796,4.4806,4.6239,4.5373,4.8141,5.0447,5.0175,5.2575,5.3477,5.6602,5.5067,5.9582,5.8237,7.104,7.7817,7.5196
Benin,Agricultural Soils,Emissions (N2O),kilotonnes,7.27,,,,,,,,,,,,,,,,,,,,
Benin,Agricultural Soils,Emissions (CO2eq) from N2O (AR5),kilotonnes,1051.2132,1136.2187,1220.3492,1123.3695,1140.1678,1160.6021,1187.367,1225.3346,1202.383,1275.7239,1336.8555,1329.6366,1393.2458,1417.1531,1499.9631,1459.2866,1578.9119,1543.2828,1882.5538,2062.1582,1992.6902
Benin,Agricultural Soils,Emissions (CO2eq) from N2O (AR5),kilotonnes,1926.55,,,,,,,,,,,,,,,,,,,,
Benin,Agricultural Soils,Emissions (CO2eq) (AR5),kilotonnes,1051.2132,1136.2187,1220.3492,1123.3695,1140.1678,1160.6021,1187.367,1225.3346,1202.383,1275.7239,1336.8555,1329.6366,1393.2458,1417.1531,1499.9631,1459.2866,1578.9119,1543.2828,1882.5538,2062.1582,1992.6902
Benin,Agricultural Soils,Emissions (CO2eq) (AR5),kilotonnes,1926.55,,,,,,,,,,,,,,,,,,,,
Benin,LULUCF,Emissions (CH4),kilotonnes,22.8616,2.1305,2.5482,1.3113,0.9442,4.7558,2.455,1.7528,0.8299,1.149,0.1782,0.8804,0.25,0.3325,0.0505,0.2686,0.2926,0.8139,0.7261,2.1439,1.1118
Benin,LULUCF,Emissions (CH4),kilotonnes,143.15,,,,,,,,,,,,,,,,,,,,
Benin,LULUCF,Emissions (N2O),kilotonnes,0.6724,0.1945,0.2327,0.1197,0.0862,0.4342,0.2242,0.16,0.0758,0.1049,0.0163,0.0804,0.0228,0.0304,0.0046,0.0245,0.0267,0.0743,0.0663,0.1957,0.1015
Benin,LULUCF,Emissions (N2O),kilotonnes,0.99,,,,,,,,,,,,,,,,,,,,
Benin,LULUCF,Emissions (CO2),kilotonnes,14994.4667,10710.3333,10710.3333,10710.3333,10710.3333,10710.3333,10710.3333,10710.3333,10710.3333,10710.3333,10710.3333,10710.3333,10710.3333,10710.3333,10710.3333,10710.3333,10710.3333,10710.3333,10710.3333,10710.3333,10710.3333
Benin,LULUCF,Emissions (CO2),kilotonnes,-14646.19,,,,,,,,,,,,,,,,,,,,
Benin,LULUCF,Emissions (CO2eq) from CH4 (AR5),kilotonnes,640.1235,59.6547,71.3489,36.7166,26.4388,133.1615,68.7405,49.0787,23.2361,32.1727,4.9898,24.6511,7.0006,9.3094,1.415,7.5218,8.1922,22.7898,20.3321,60.0288,31.1308
Benin,LULUCF,Emissions (CO2eq) from N2O (AR5),kilotonnes,178.1857,51.5495,61.6547,31.7279,22.8466,115.0689,59.4008,42.4104,20.079,27.8014,4.3118,21.3018,6.0494,8.0445,1.2228,6.4998,7.0792,19.6933,17.5696,51.8727,26.901
Benin,LULUCF,Emissions (CO2eq) (AR5),kilotonnes,15812.7759,10821.5375,10843.3369,10778.7778,10759.6187,10958.5637,10838.4747,10801.8224,10753.6485,10770.3075,10719.635,10756.2862,10723.3833,10727.6872,10712.9711,10724.355,10725.6047,10752.8164,10748.235,10822.2349,10768.3651
Benin,LULUCF,Emissions (CO2eq) (AR5),kilotonnes,-14646.19,,,,,,,,,,,,,,,,,,,,
Benin,AFOLU,Emissions (CH4),kilotonnes,128.0939,90.1799,100.3292,95.3895,92.991,110.8717,102.3328,104.5684,99.1003,102.2041,102.5352,107.4278,108.5985,115.0278,112.0259,114.1655,119.1106,119.9191,123.0082,128.8017,129.3886
Benin,AFOLU,Emissions (N2O),kilotonnes,8.2226,6.2786,7.3504,6.4309,6.1052,7.7561,6.7852,6.9578,6.1623,6.5028,6.5485,6.7685,6.8733,7.2192,7.1533,7.0016,7.6435,7.3511,8.527,9.5316,9.1124
Benin,AFOLU,Emissions (CO2),kilotonnes,14994.4667,10710.3333,10710.3333,10710.3333,10710.3333,10710.3333,10710.3333,10710.3333,10710.3333,10710.3333,10710.3333,10710.3333,10710.3333,10710.3333,10710.3333,10710.3333,10710.3333,10710.3333,10710.3333,10710.3333,10710.3333
Benin,AFOLU,Emissions (CO2eq) from CH4 (AR5),kilotonnes,3586.6301,2525.0374,2809.2188,2670.9065,2603.7467,3104.4084,2865.318,2927.9147,2774.8072,2861.7134,2870.9864,3007.9788,3040.7593,3220.779,3136.7264,3196.6346,3335.0981,3357.7335,3444.2291,3606.449,3622.88
Benin,AFOLU,Emissions (CO2eq) from N2O (AR5),kilotonnes,2178.9812,1663.8167,1947.8447,1704.1881,1617.8847,2055.3548,1798.0703,1843.8239,1633.0179,1723.2296,1735.3523,1793.6615,1821.4155,1913.0862,1895.621,1855.4364,2025.5184,1948.0418,2259.6504,2525.8733,2414.795
Benin,AFOLU,Emissions (CO2eq) (AR5),kilotonnes,20760.078,14899.1873,15467.3968,15085.4279,14931.9647,15870.0966,15373.7217,15482.072,15118.1584,15295.2763,15316.672,15511.9736,15572.5082,15844.1986,15742.6808,15762.4043,16070.9498,16016.1086,16414.2129,16842.6557,16748.0083
Benin,All sectors with LULUCF,Emissions (CH4),kilotonnes,197.4939,162.0799,174.0292,171.1895,171.191,191.5717,187.2328,192.2684,189.8003,195.7041,211.4352,219.7278,223.9985,239.9278,241.1259,241.8655,250.9106,255.9191,262.9082,276.6017,282.0886
Benin,All sectors with LULUCF,Emissions (N2O),kilotonnes,8.8786,6.9616,8.0654,7.18,6.8843,8.5661,7.6813,7.9169,7.1544,7.5459,7.6216,7.8736,8.0044,8.4573,8.4654,8.3588,9.1646,8.9012,10.1551,11.1637,10.8026
Benin,All sectors with LULUCF,Emissions (CO2),kilotonnes,16502.9377,12440.0113,12858.5183,13148.5273,13346.5353,13247.5443,14112.5533,14690.5623,14681.5713,14983.5813,15442.5913,15323.6013,15106.6123,15303.6243,15656.6363,16354.6483,17020.6603,17623.6743,17883.6873,18010.6923,18090.7023
Benin,All sectors with LULUCF,Emissions (CO2eq) from CH4 (AR5),kilotonnes,5529.8301,4538.2374,4872.8188,4793.3065,4793.3467,5364.0084,5242.518,5383.5147,5314.4072,5479.7134,5920.1864,6152.3788,6271.9593,6717.979,6751.5264,6772.2346,7025.4981,7165.7335,7361.4291,7744.849,7898.48
Benin,All sectors with LULUCF,Emissions (CO2eq) from N2O (AR5),kilotonnes,2352.8412,1844.8323,2137.341,1902.695,1824.3423,2270.0281,2035.5343,2097.9836,1895.9232,1999.6506,2019.7241,2086.514,2121.1588,2241.1854,2243.331,2215.0721,2428.6152,2358.8244,2691.1038,2958.3873,2862.6797
Benin,All sectors with LULUCF,Emissions (CO2eq) (AR5),kilotonnes,24385.609,18823.081,19868.6781,19844.5288,19964.2243,20881.5809,21390.6056,22172.0606,21891.9017,22462.9454,23382.5018,23562.4941,23499.7305,24262.7887,24651.4938,25341.955,26474.7736,27148.2322,27936.2202,28713.9286,28851.862
Benin,All sectors without LULUCF,Emissions (CH4),kilotonnes,174.6324,159.9494,171.4811,169.8782,170.2467,186.816,184.7778,190.5156,188.9704,194.555,211.257,218.8474,223.7485,239.5953,241.0754,241.5969,250.6181,255.1051,262.182,274.4579,280.9768
Benin,All sectors without LULUCF,Emissions (N2O),kilotonnes,8.2062,6.7671,7.8328,7.0603,6.7981,8.1319,7.4571,7.7569,7.0787,7.4409,7.6053,7.7933,7.9815,8.4269,8.4608,8.3342,9.1379,8.8269,10.0888,10.968,10.7011
Benin,All sectors without LULUCF,Emissions (CO2),kilotonnes,1508.471,1729.678,2148.185,2438.194,2636.202,2537.211,3402.22,3980.229,3971.238,4273.248,4732.258,4613.268,4396.279,4593.291,4946.303,5644.315,6310.327,6913.341,7173.354,7300.359,7380.369
Benin,All sectors without LULUCF,Emissions (CO2eq) from CH4 (AR5),kilotonnes,4889.7066,4478.5826,4801.4699,4756.5899,4766.9079,5230.8469,5173.7775,5334.436,5291.1711,5447.5407,5915.1966,6127.7276,6264.9588,6708.6696,6750.1114,6764.7127,7017.3058,7142.9437,7341.097,7684.8202,7867.3493
Benin,All sectors without LULUCF,Emissions (CO2eq) from N2O (AR5),kilotonnes,2174.6555,1793.2828,2075.6863,1870.9671,1801.4957,2154.9592,1976.1335,2055.5732,1875.8442,1971.8492,2015.4122,2065.2123,2115.1094,2233.1409,2242.1082,2208.5723,2421.536,2339.1311,2673.5342,2906.5145,2835.7786
Benin,All sectors without LULUCF,Emissions (CO2eq) (AR5),kilotonnes,8572.8331,8001.5434,9025.3412,9065.751,9204.6056,9923.0172,10552.131,11370.2382,11138.2532,11692.6379,12662.8668,12806.2079,12776.3472,13535.1015,13938.5226,14617.6,15749.1689,16395.4158,17187.9852,17891.6937,18083.4969
Bermuda,Crop Residues,Direct emissions (N2O),kilotonnes,,,,,,,,,,,,,,,,,,,,,
Bermuda,Crop Residues,Indirect emissions (N2O),kilotonnes,,,,,,,,,,,,,,,,,,,,,
Bermuda,Crop Residues,Emissions (N2O),kilotonnes,,,,,,,,,,,,,,,,,,,,,
Bermuda,Crop Residues,Emissions (CO2eq) from N2O (AR5),kilotonnes,,,,,,,,,,,,,,,,,,,,,
Bermuda,Crop Residues,Emissions (CO2eq) (AR5),kilotonnes,,,,,,,,,,,,,,,,,,,,,
Bermuda,Synthetic Fertilizers,Direct emissions (N2O),kilotonnes,0.0016,0.0016,,,,,,,,,,,,0.0008,0.0007,0.0006,0.0003,0.0006,0.0012,0.0007,0.0006
Bermuda,Synthetic Fertilizers,Indirect emissions (N2O),kilotonnes,0.0005,0.0005,,,,,,,,,,,,0.0003,0.0002,0.0002,0.0001,0.0002,0.0004,0.0002,0.0002
Bermuda,Synthetic Fertilizers,Emissions (N2O),kilotonnes,0.0021,0.0021,,,,,,,,,,,,0.0011,0.0009,0.0009,0.0005,0.0008,0.0016,0.001,0.0008
Bermuda,Synthetic Fertilizers,Emissions (CO2eq) from N2O (AR5),kilotonnes,0.5518,0.5518,,,,,,,,,,,,0.2939,0.2439,0.227,0.1228,0.2207,0.4249,0.2538,0.2034
Bermuda,Synthetic Fertilizers,Emissions (CO2eq) (AR5),kilotonnes,0.5518,0.5518,,,,,,,,,,,,0.2939,0.2439,0.227,0.1228,0.2207,0.4249,0.2538,0.2034
Bermuda,Drained organic soils,Emissions (CO2eq) (AR5),kilotonnes,0,0,0,0,0,0,0,0,0,0,0,0,0,0,0,0,0,0,0,0,0
Bermuda,Drained organic soils (CO2),Emissions (CO2),kilotonnes,0,0,0,0,0,0,0,0,0,0,0,0,0,0,0,0,0,0,0,0,0
Bermuda,Drained organic soils (CO2),Emissions (CO2eq) (AR5),kilotonnes,0,0,0,0,0,0,0,0,0,0,0,0,0,0,0,0,0,0,0,0,0
Bermuda,Drained organic soils (N2O),Emissions (N2O),kilotonnes,0,0,0,0,0,0,0,0,0,0,0,0,0,0,0,0,0,0,0,0,0
Bermuda,Drained organic soils (N2O),Emissions (CO2eq) from N2O (AR5),kilotonnes,0,0,0,0,0,0,0,0,0,0,0,0,0,0,0,0,0,0,0,0,0
Bermuda,Drained organic soils (N2O),Emissions (CO2eq) (AR5),kilotonnes,0,0,0,0,0,0,0,0,0,0,0,0,0,0,0,0,0,0,0,0,0
Bermuda,On-farm energy use,Emissions (CH4),kilotonnes,0.0981,0.0964,0.1072,0.1049,0.1081,0.1203,0.1446,0.1276,0.1213,0.1235,0.1236,0.1098,0.1059,0.1058,0.1129,0.0982,0.1466,0.0945,0.1287,0.1319,0.1319
Bermuda,On-farm energy use,Emissions (N2O),kilotonnes,0.0005,0.0005,0.0005,0.0005,0.0005,0.0006,0.0007,0.0006,0.0006,0.0006,0.0006,0.0005,0.0005,0.0005,0.0006,0.0005,0.0007,0.0005,0.0006,0.0007,0.0007
Bermuda,On-farm energy use,Emissions (CO2),kilotonnes,30.9324,30.3841,33.8044,33.0919,34.0996,37.9325,45.5841,40.2424,38.2591,38.9575,38.9624,34.6098,33.3973,33.349,35.5874,30.978,46.2174,29.7983,40.5892,41.5896,41.5896
Bermuda,On-farm energy use,Emissions (CO2eq) from CH4 (AR5),kilotonnes,2.7466,2.698,3.0017,2.9384,3.0279,3.3682,4.0476,3.5733,3.3972,3.4592,3.4597,3.0732,2.9655,2.9612,3.16,2.7507,4.1039,2.6459,3.6041,3.6929,3.6929
Bermuda,On-farm energy use,Emissions (CO2eq) from N2O (AR5),kilotonnes,0.13,0.1277,0.142,0.139,0.1433,0.1594,0.1915,0.1691,0.1608,0.1637,0.1637,0.1454,0.1403,0.1401,0.1495,0.1302,0.1942,0.1252,0.1706,0.1748,0.1748
Bermuda,On-farm energy use,Emissions (CO2eq) (AR5),kilotonnes,33.809,33.2098,36.9481,36.1694,37.2708,41.4601,49.8232,43.9848,41.8171,42.5805,42.5858,37.8285,36.5032,36.4503,38.8969,33.8589,50.5155,32.5694,44.3639,45.4573,45.4573
Bermuda,Savanna fires,Emissions (CH4),kilotonnes,0,0,0,0,0,0,0,0,0,0,0,0,0,0,0,0,0,0,0,0,0
Bermuda,Savanna fires,Emissions (N2O),kilotonnes,0,0,0,0,0,0,0,0,0,0,0,0,0,0,0,0,0,0,0,0,0
Bermuda,Savanna fires,Emissions (CO2eq) from CH4 (AR5),kilotonnes,0,0,0,0,0,0,0,0,0,0,0,0,0,0,0,0,0,0,0,0,0
Bermuda,Savanna fires,Emissions (CO2eq) from N2O (AR5),kilotonnes,0,0,0,0,0,0,0,0,0,0,0,0,0,0,0,0,0,0,0,0,0
Bermuda,Savanna fires,Emissions (CO2eq) (AR5),kilotonnes,0,0,0,0,0,0,0,0,0,0,0,0,0,0,0,0,0,0,0,0,0
Bermuda,Fires in organic soils,Emissions (CH4),kilotonnes,0,0,0,0,0,0,0,0,0,0,0,0,0,0,0,0,0,0,0,0,0
Bermuda,Fires in organic soils,Emissions (CO2),kilotonnes,0,0,0,0,0,0,0,0,0,0,0,0,0,0,0,0,0,0,0,0,0
Bermuda,Fires in organic soils,Emissions (CO2eq) from CH4 (AR5),kilotonnes,0,0,0,0,0,0,0,0,0,0,0,0,0,0,0,0,0,0,0,0,0
Bermuda,Fires in organic soils,Emissions (CO2eq) (AR5),kilotonnes,0,0,0,0,0,0,0,0,0,0,0,0,0,0,0,0,0,0,0,0,0
Bermuda,Forest fires,Emissions (CH4),kilotonnes,0,0,0,0,0,0,0,0,0,0,0,0,0,0,0,0,0,0,0,0,0
Bermuda,Forest fires,Emissions (N2O),kilotonnes,0,0,0,0,0,0,0,0,0,0,0,0,0,0,0,0,0,0,0,0,0
Bermuda,Forest fires,Emissions (CO2eq) from CH4 (AR5),kilotonnes,0,0,0,0,0,0,0,0,0,0,0,0,0,0,0,0,0,0,0,0,0
Bermuda,Forest fires,Emissions (CO2eq) from N2O (AR5),kilotonnes,0,0,0,0,0,0,0,0,0,0,0,0,0,0,0,0,0,0,0,0,0
Bermuda,Forest fires,Emissions (CO2eq) (AR5),kilotonnes,0,0,0,0,0,0,0,0,0,0,0,0,0,0,0,0,0,0,0,0,0
Bermuda,Fires in humid tropical forests,Emissions (CH4),kilotonnes,0,0,0,0,0,0,0,0,0,0,0,0,0,0,0,0,0,0,0,0,0
Bermuda,Fires in humid tropical forests,Emissions (N2O),kilotonnes,0,0,0,0,0,0,0,0,0,0,0,0,0,0,0,0,0,0,0,0,0
Bermuda,Fires in humid tropical forests,Emissions (CO2eq) from CH4 (AR5),kilotonnes,0,0,0,0,0,0,0,0,0,0,0,0,0,0,0,0,0,0,0,0,0
Bermuda,Fires in humid tropical forests,Emissions (CO2eq) from N2O (AR5),kilotonnes,0,0,0,0,0,0,0,0,0,0,0,0,0,0,0,0,0,0,0,0,0
Bermuda,Fires in humid tropical forests,Emissions (CO2eq) (AR5),kilotonnes,0,0,0,0,0,0,0,0,0,0,0,0,0,0,0,0,0,0,0,0,0
Bermuda,Waste - agri-food systems,Emissions (CH4),kilotonnes,0.096,0.0964,0.0967,0.097,0.0973,0.0976,0.0982,0.0987,0.0991,0.0993,0.0994,0.0994,0.0995,0.0995,0.0992,0.0993,0.0994,0.0995,0.0996,0.1001,0.1004
Bermuda,Waste - agri-food systems,Emissions (N2O),kilotonnes,0.0022,0.0021,0.0021,0.002,0.0019,0.002,0.0022,0.0022,0.0024,0.0024,0.0023,0.0024,0.0023,0.0024,0.0024,0.0024,0.0024,0.0024,0.0024,0.0024,0.0024
Bermuda,Waste - agri-food systems,Emissions (CO2),kilotonnes,3.6254,3.6347,3.6458,3.6559,3.6673,3.6808,3.7192,3.7351,3.7403,3.7324,3.7319,3.7237,3.7254,3.7276,3.7263,3.7324,3.7384,3.7441,3.746,3.7504,3.7379
Bermuda,Waste - agri-food systems,Emissions (CO2eq) from CH4 (AR5),kilotonnes,2.6884,2.6979,2.7075,2.7151,2.7236,2.7322,2.7487,2.7638,2.7754,2.7806,2.7836,2.7838,2.7854,2.7866,2.7774,2.7794,2.7822,2.7856,2.7883,2.8016,2.8106
Bermuda,Waste - agri-food systems,Emissions (CO2eq) from N2O (AR5),kilotonnes,0.5727,0.5678,0.5678,0.5319,0.5113,0.5416,0.578,0.5926,0.6326,0.6374,0.6005,0.6438,0.6205,0.6375,0.6385,0.64,0.634,0.628,0.629,0.6303,0.6314
Bermuda,Waste - agri-food systems,Emissions (CO2eq) (AR5),kilotonnes,6.8865,6.9004,6.921,6.9029,6.9021,6.9546,7.0459,7.0915,7.1483,7.1504,7.1159,7.1513,7.1314,7.1516,7.1422,7.1518,7.1546,7.1577,7.1633,7.1823,7.1799
Bermuda,On-farm electricity use,Emissions (CH4),kilotonnes,0,0,0,0,0,0,0,0,0,0,0,0,0,0,0,0,0,0,0,0,0
Bermuda,On-farm electricity use,Emissions (N2O),kilotonnes,0,0,0,0,0,0,0,0,0,0,0,0,0,0,0,0,0,0,0,0,0
Bermuda,On-farm electricity use,Emissions (CO2),kilotonnes,0,0,0,0,0,0,0,0,0,0,0,0,0,0,0,0,0,0,0,0,0
Bermuda,On-farm electricity use,Emissions (CO2eq) from CH4 (AR5),kilotonnes,0,0,0,0,0,0,0,0,0,0,0,0,0,0,0,0,0,0,0,0,0
Bermuda,On-farm electricity use,Emissions (CO2eq) from N2O (AR5),kilotonnes,0,0,0,0,0,0,0,0,0,0,0,0,0,0,0,0,0,0,0,0,0
Bermuda,On-farm electricity use,Emissions (CO2eq) (AR5),kilotonnes,0,0,0,0,0,0,0,0,0,0,0,0,0,0,0,0,0,0,0,0,0
Bermuda,Farm-gate emissions,Emissions (CH4),kilotonnes,0.0981,0.0964,0.1072,0.1049,0.1081,0.1203,0.1446,0.1276,0.1213,0.1235,0.1236,0.1098,0.1059,0.1058,0.1129,0.0982,0.1466,0.0945,0.1287,0.1319,0.1319
Bermuda,Farm-gate emissions,Direct emissions (N2O),kilotonnes,0.0016,0.0016,,,,,,,,,,,,0.0008,0.0007,0.0006,0.0003,0.0006,0.0012,0.0007,0.0006
Bermuda,Farm-gate emissions,Indirect emissions (N2O),kilotonnes,0.0005,0.0005,,,,,,,,,,,,0.0003,0.0002,0.0002,0.0001,0.0002,0.0004,0.0002,0.0002
Bermuda,Farm-gate emissions,Emissions (N2O),kilotonnes,0.0026,0.0026,0.0005,0.0005,0.0005,0.0006,0.0007,0.0006,0.0006,0.0006,0.0006,0.0005,0.0005,0.0016,0.0015,0.0013,0.0012,0.0013,0.0022,0.0016,0.0014
Bermuda,Farm-gate emissions,Emissions (CO2),kilotonnes,30.9324,30.3841,33.8044,33.0919,34.0996,37.9325,45.5841,40.2424,38.2591,38.9575,38.9624,34.6098,33.3973,33.349,35.5874,30.978,46.2174,29.7983,40.5892,41.5896,41.5896
Bermuda,Farm-gate emissions,Emissions (CO2eq) from CH4 (AR5),kilotonnes,2.7466,2.698,3.0017,2.9384,3.0279,3.3682,4.0476,3.5733,3.3972,3.4592,3.4597,3.0732,2.9655,2.9612,3.16,2.7507,4.1039,2.6459,3.6041,3.6929,3.6929
Bermuda,Farm-gate emissions,Emissions (CO2eq) from N2O (AR5),kilotonnes,0.6817,0.6794,0.142,0.139,0.1433,0.1594,0.1915,0.1691,0.1608,0.1637,0.1637,0.1454,0.1403,0.434,0.3935,0.3571,0.317,0.3459,0.5954,0.4286,0.3781
Bermuda,Farm-gate emissions,Emissions (CO2eq) (AR5),kilotonnes,34.3608,33.7615,36.9481,36.1694,37.2708,41.4601,49.8232,43.9848,41.8171,42.5805,42.5858,37.8285,36.5032,36.7442,39.1408,34.0858,50.6383,32.7901,44.7888,45.7111,45.6607
Bermuda,Land Use change,Emissions (CH4),kilotonnes,0,0,0,0,0,0,0,0,0,0,0,0,0,0,0,0,0,0,0,0,0
Bermuda,Land Use change,Emissions (N2O),kilotonnes,0,0,0,0,0,0,0,0,0,0,0,0,0,0,0,0,0,0,0,0,0
Bermuda,Land Use change,Emissions (CO2),kilotonnes,0,0,0,0,0,0,0,0,0,0,0,0,0,0,0,0,0,0,0,0,0
Bermuda,Land Use change,Emissions (CO2eq) from CH4 (AR5),kilotonnes,0,0,0,0,0,0,0,0,0,0,0,0,0,0,0,0,0,0,0,0,0
Bermuda,Land Use change,Emissions (CO2eq) from N2O (AR5),kilotonnes,0,0,0,0,0,0,0,0,0,0,0,0,0,0,0,0,0,0,0,0,0
Bermuda,Land Use change,Emissions (CO2eq) (AR5),kilotonnes,0,0,0,0,0,0,0,0,0,0,0,0,0,0,0,0,0,0,0,0,0
Bermuda,Emissions on agricultural land,Emissions (CH4),kilotonnes,0.0981,0.0964,0.1072,0.1049,0.1081,0.1203,0.1446,0.1276,0.1213,0.1235,0.1236,0.1098,0.1059,0.1058,0.1129,0.0982,0.1466,0.0945,0.1287,0.1319,0.1319
Bermuda,Emissions on agricultural land,Emissions (N2O),kilotonnes,0.0026,0.0026,0.0005,0.0005,0.0005,0.0006,0.0007,0.0006,0.0006,0.0006,0.0006,0.0005,0.0005,0.0016,0.0015,0.0013,0.0012,0.0013,0.0022,0.0016,0.0014
Bermuda,Emissions on agricultural land,Emissions (CO2),kilotonnes,30.9324,30.3841,33.8044,33.0919,34.0996,37.9325,45.5841,40.2424,38.2591,38.9575,38.9624,34.6098,33.3973,33.349,35.5874,30.978,46.2174,29.7983,40.5892,41.5896,41.5896
Bermuda,Emissions on agricultural land,Emissions (CO2eq) from CH4 (AR5),kilotonnes,2.7466,2.698,3.0017,2.9384,3.0279,3.3682,4.0476,3.5733,3.3972,3.4592,3.4597,3.0732,2.9655,2.9612,3.16,2.7507,4.1039,2.6459,3.6041,3.6929,3.6929
Bermuda,Emissions on agricultural land,Emissions (CO2eq) from N2O (AR5),kilotonnes,0.6817,0.6794,0.142,0.139,0.1433,0.1594,0.1915,0.1691,0.1608,0.1637,0.1637,0.1454,0.1403,0.434,0.3935,0.3571,0.317,0.3459,0.5954,0.4286,0.3781
Bermuda,Emissions on agricultural land,Emissions (CO2eq) (AR5),kilotonnes,34.3608,33.7615,36.9481,36.1694,37.2708,41.4601,49.8232,43.9848,41.8171,42.5805,42.5858,37.8285,36.5032,36.7442,39.1408,34.0858,50.6383,32.7901,44.7888,45.7111,45.6607
Bermuda,Pre- and post- production,Emissions (CH4),kilotonnes,0.096,0.0964,0.0967,0.097,0.0973,0.0976,0.0982,0.0987,0.0991,0.0993,0.0994,0.0994,0.0995,0.0995,0.0992,0.0993,0.0994,0.0995,0.0996,0.1001,0.1004
Bermuda,Pre- and post- production,Emissions (N2O),kilotonnes,0.0022,0.0021,0.0021,0.002,0.0019,0.002,0.0022,0.0022,0.0024,0.0024,0.0023,0.0024,0.0023,0.0024,0.0024,0.0024,0.0024,0.0024,0.0024,0.0024,0.0024
Bermuda,Pre- and post- production,Emissions (CO2),kilotonnes,3.6254,3.6347,3.6458,3.6559,3.6673,3.6808,3.7192,3.7351,3.7403,3.7324,3.7319,3.7237,3.7254,3.7276,3.7263,3.7324,3.7384,3.7441,3.746,3.7504,3.7379
Bermuda,Pre- and post- production,Emissions (CO2eq) from CH4 (AR5),kilotonnes,2.6884,2.6979,2.7075,2.7151,2.7236,2.7322,2.7487,2.7638,2.7754,2.7806,2.7836,2.7838,2.7854,2.7866,2.7774,2.7794,2.7822,2.7856,2.7883,2.8016,2.8106
Bermuda,Pre- and post- production,Emissions (CO2eq) from N2O (AR5),kilotonnes,0.5727,0.5678,0.5678,0.5319,0.5113,0.5416,0.578,0.5926,0.6326,0.6374,0.6005,0.6438,0.6205,0.6375,0.6385,0.64,0.634,0.628,0.629,0.6303,0.6314
Bermuda,Pre- and post- production,Emissions (CO2eq) (AR5),kilotonnes,6.8865,6.9004,6.921,6.9029,6.9021,6.9546,7.0459,7.0915,7.1483,7.1504,7.1159,7.1513,7.1314,7.1516,7.1422,7.1518,7.1546,7.1577,7.1633,7.1823,7.1799
Bermuda,Agri-food systems,Emissions (CH4),kilotonnes,0.1941,0.1927,0.2039,0.2019,0.2054,0.2179,0.2427,0.2263,0.2205,0.2229,0.223,0.2092,0.2054,0.2053,0.212,0.1975,0.2459,0.194,0.2283,0.2319,0.2323
Bermuda,Agri-food systems,Emissions (N2O),kilotonnes,0.0047,0.0047,0.0027,0.0025,0.0025,0.0026,0.0029,0.0029,0.003,0.003,0.0029,0.003,0.0029,0.004,0.0039,0.0038,0.0036,0.0037,0.0046,0.004,0.0038
Bermuda,Agri-food systems,Emissions (CO2),kilotonnes,34.5578,34.0188,37.4502,36.7478,37.7669,41.6133,49.3033,43.9776,41.9994,42.6899,42.6943,38.3335,37.1227,37.0766,39.3137,34.7104,49.9558,33.5423,44.3352,45.3401,45.3275
Bermuda,Agri-food systems,Emissions (CO2eq) from CH4 (AR5),kilotonnes,5.435,5.3959,5.7091,5.6535,5.7515,6.1004,6.7963,6.3371,6.1727,6.2398,6.2432,5.8569,5.751,5.7478,5.9374,5.5301,6.8861,5.4315,6.3924,6.4945,6.5035
Bermuda,Agri-food systems,Emissions (CO2eq) from N2O (AR5),kilotonnes,1.2544,1.2472,0.7098,0.6709,0.6546,0.701,0.7695,0.7617,0.7933,0.8011,0.7642,0.7893,0.7609,1.0715,1.032,0.9971,0.9511,0.974,1.2244,1.0588,1.0095
Bermuda,Agri-food systems,Emissions (CO2eq) (AR5),kilotonnes,41.2473,40.662,43.8691,43.0722,44.1729,48.4148,56.8691,51.0764,48.9654,49.7309,49.7017,44.9797,43.6345,43.8959,46.283,41.2376,57.7929,39.9478,51.9521,52.8934,52.8406
Bermuda,IPCC Agriculture,Emissions (CH4),kilotonnes,0,0,0,0,0,0,0,0,0,0,0,0,0,0,0,0,0,0,0,0,0
Bermuda,IPCC Agriculture,Direct emissions (N2O),kilotonnes,0.0016,0.0016,,,,,,,,,,,,0.0008,0.0007,0.0006,0.0003,0.0006,0.0012,0.0007,0.0006
Bermuda,IPCC Agriculture,Indirect emissions (N2O),kilotonnes,0.0005,0.0005,,,,,,,,,,,,0.0003,0.0002,0.0002,0.0001,0.0002,0.0004,0.0002,0.0002
Bermuda,IPCC Agriculture,Emissions (N2O),kilotonnes,0.0021,0.0021,0,0,0,0,0,0,0,0,0,0,0,0.0011,0.0009,0.0009,0.0005,0.0008,0.0016,0.001,0.0008
Bermuda,IPCC Agriculture,Emissions (CO2eq) from CH4 (AR5),kilotonnes,0,0,0,0,0,0,0,0,0,0,0,0,0,0,0,0,0,0,0,0,0
Bermuda,IPCC Agriculture,Emissions (CO2eq) from N2O (AR5),kilotonnes,0.5518,0.5518,0,0,0,0,0,0,0,0,0,0,0,0.2939,0.2439,0.227,0.1228,0.2207,0.4249,0.2538,0.2034
Bermuda,IPCC Agriculture,Emissions (CO2eq) (AR5),kilotonnes,0.5518,0.5518,0,0,0,0,0,0,0,0,0,0,0,0.2939,0.2439,0.227,0.1228,0.2207,0.4249,0.2538,0.2034
Bermuda,Agricultural Soils,Direct emissions (N2O),kilotonnes,0.0016,0.0016,,,,,,,,,,,,0.0008,0.0007,0.0006,0.0003,0.0006,0.0012,0.0007,0.0006
Bermuda,Agricultural Soils,Indirect emissions (N2O),kilotonnes,0.0005,0.0005,,,,,,,,,,,,0.0003,0.0002,0.0002,0.0001,0.0002,0.0004,0.0002,0.0002
Bermuda,Agricultural Soils,Emissions (N2O),kilotonnes,0.0021,0.0021,0,0,0,0,0,0,0,0,0,0,0,0.0011,0.0009,0.0009,0.0005,0.0008,0.0016,0.001,0.0008
Bermuda,Agricultural Soils,Emissions (CO2eq) from N2O (AR5),kilotonnes,0.5518,0.5518,0,0,0,0,0,0,0,0,0,0,0,0.2939,0.2439,0.227,0.1228,0.2207,0.4249,0.2538,0.2034
Bermuda,Agricultural Soils,Emissions (CO2eq) (AR5),kilotonnes,0.5518,0.5518,0,0,0,0,0,0,0,0,0,0,0,0.2939,0.2439,0.227,0.1228,0.2207,0.4249,0.2538,0.2034
Bermuda,LULUCF,Emissions (CH4),kilotonnes,0,0,0,0,0,0,0,0,0,0,0,0,0,0,0,0,0,0,0,0,0
Bermuda,LULUCF,Emissions (N2O),kilotonnes,0,0,0,0,0,0,0,0,0,0,0,0,0,0,0,0,0,0,0,0,0
Bermuda,LULUCF,Emissions (CO2),kilotonnes,0,0,0,0,0,0,0,0,0,0,0,0,0,0,0,0,0,0,0,0,0
Bermuda,LULUCF,Emissions (CO2eq) from CH4 (AR5),kilotonnes,0,0,0,0,0,0,0,0,0,0,0,0,0,0,0,0,0,0,0,0,0
Bermuda,LULUCF,Emissions (CO2eq) from N2O (AR5),kilotonnes,0,0,0,0,0,0,0,0,0,0,0,0,0,0,0,0,0,0,0,0,0
Bermuda,LULUCF,Emissions (CO2eq) (AR5),kilotonnes,0,0,0,0,0,0,0,0,0,0,0,0,0,0,0,0,0,0,0,0,0
Bermuda,AFOLU,Emissions (CH4),kilotonnes,0,0,0,0,0,0,0,0,0,0,0,0,0,0,0,0,0,0,0,0,0
Bermuda,AFOLU,Emissions (N2O),kilotonnes,0.0021,0.0021,0,0,0,0,0,0,0,0,0,0,0,0.0011,0.0009,0.0009,0.0005,0.0008,0.0016,0.001,0.0008
Bermuda,AFOLU,Emissions (CO2),kilotonnes,0,0,0,0,0,0,0,0,0,0,0,0,0,0,0,0,0,0,0,0,0
Bermuda,AFOLU,Emissions (CO2eq) from CH4 (AR5),kilotonnes,0,0,0,0,0,0,0,0,0,0,0,0,0,0,0,0,0,0,0,0,0
Bermuda,AFOLU,Emissions (CO2eq) from N2O (AR5),kilotonnes,0.5518,0.5518,0,0,0,0,0,0,0,0,0,0,0,0.2939,0.2439,0.227,0.1228,0.2207,0.4249,0.2538,0.2034
Bermuda,AFOLU,Emissions (CO2eq) (AR5),kilotonnes,0.5518,0.5518,0,0,0,0,0,0,0,0,0,0,0,0.2939,0.2439,0.227,0.1228,0.2207,0.4249,0.2538,0.2034
Bermuda,All sectors with LULUCF,Emissions (CH4),kilotonnes,0,0,0,0,0,0,0,0,0,0,0,0,0,0,0,0,0,0,0,0,0
Bermuda,All sectors with LULUCF,Emissions (N2O),kilotonnes,0.0021,0.0021,0,0,0,0,0,0,0,0,0,0,0,0.0011,0.0009,0.0009,0.0005,0.0008,0.0016,0.001,0.0008
Bermuda,All sectors with LULUCF,Emissions (CO2),kilotonnes,0,0,0,0,0,0,0,0,0,0,0,0,0,0,0,0,0,0,0,0,0
Bermuda,All sectors with LULUCF,Emissions (CO2eq) from CH4 (AR5),kilotonnes,0,0,0,0,0,0,0,0,0,0,0,0,0,0,0,0,0,0,0,0,0
Bermuda,All sectors with LULUCF,Emissions (CO2eq) from N2O (AR5),kilotonnes,0.5518,0.5518,0,0,0,0,0,0,0,0,0,0,0,0.2939,0.2439,0.227,0.1228,0.2207,0.4249,0.2538,0.2034
Bermuda,All sectors with LULUCF,Emissions (CO2eq) (AR5),kilotonnes,0.5518,0.5518,0,0,0,0,0,0,0,0,0,0,0,0.2939,0.2439,0.227,0.1228,0.2207,0.4249,0.2538,0.2034
Bermuda,All sectors without LULUCF,Emissions (CH4),kilotonnes,0,0,0,0,0,0,0,0,0,0,0,0,0,0,0,0,0,0,0,0,0
Bermuda,All sectors without LULUCF,Emissions (N2O),kilotonnes,0.0021,0.0021,0,0,0,0,0,0,0,0,0,0,0,0.0011,0.0009,0.0009,0.0005,0.0008,0.0016,0.001,0.0008
Bermuda,All sectors without LULUCF,Emissions (CO2eq) from CH4 (AR5),kilotonnes,0,0,0,0,0,0,0,0,0,0,0,0,0,0,0,0,0,0,0,0,0
Bermuda,All sectors without LULUCF,Emissions (CO2eq) from N2O (AR5),kilotonnes,0.5518,0.5518,0,0,0,0,0,0,0,0,0,0,0,0.2939,0.2439,0.227,0.1228,0.2207,0.4249,0.2538,0.2034
Bermuda,All sectors without LULUCF,Emissions (CO2eq) (AR5),kilotonnes,0.5518,0.5518,0,0,0,0,0,0,0,0,0,0,0,0.2939,0.2439,0.227,0.1228,0.2207,0.4249,0.2538,0.2034
Bhutan,Crop Residues,Direct emissions (N2O),kilotonnes,0.0248,0.0254,0.0208,0.0229,0.028,0.037,0.0366,0.0384,0.031,0.0292,0.0282,0.0345,0.0309,0.0293,0.0307,0.0313,0.0322,0.0343,0.023,0.0192,0.0191
Bhutan,Crop Residues,Indirect emissions (N2O),kilotonnes,0.0056,0.0057,0.0047,0.0052,0.0063,0.0083,0.0082,0.0086,0.007,0.0066,0.0063,0.0078,0.0069,0.0066,0.0069,0.007,0.0072,0.0077,0.0052,0.0043,0.0043
Bhutan,Crop Residues,Emissions (N2O),kilotonnes,0.0304,0.0311,0.0255,0.0281,0.0342,0.0453,0.0448,0.047,0.038,0.0358,0.0345,0.0423,0.0378,0.0359,0.0377,0.0383,0.0394,0.042,0.0281,0.0235,0.0234
Bhutan,Crop Residues,Emissions (CO2eq) from N2O (AR5),kilotonnes,8.0555,8.2407,6.7475,7.4335,9.0745,11.9965,11.8702,12.4514,10.0711,9.4951,9.1549,11.1968,10.015,9.5249,9.9775,10.1577,10.4469,11.1242,7.4573,6.2285,6.188
Bhutan,Crop Residues,Emissions (CO2eq) (AR5),kilotonnes,8.0555,8.2407,6.7475,7.4335,9.0745,11.9965,11.8702,12.4514,10.0711,9.4951,9.1549,11.1968,10.015,9.5249,9.9775,10.1577,10.4469,11.1242,7.4573,6.2285,6.188
Bhutan,Rice Cultivation,Emissions (CH4),kilotonnes,2.9921,2.6468,2.1529,2.2594,2.1695,2.9088,3.0388,3.1675,2.2275,2.7295,2.6256,2.7979,2.4335,2.4497,2.3429,2.2981,2.4719,2.4399,1.7356,1.4124,1.4597
Bhutan,Rice Cultivation,Emissions (CO2eq) from CH4 (AR5),kilotonnes,83.7782,74.1115,60.2817,63.2622,60.7457,81.4453,85.0865,88.6889,62.3697,76.4251,73.5154,78.3423,68.1375,68.5918,65.6016,64.3481,69.2137,68.3179,48.5978,39.5466,40.8709
Bhutan,Rice Cultivation,Emissions (CO2eq) (AR5),kilotonnes,83.7782,74.1115,60.2817,63.2622,60.7457,81.4453,85.0865,88.6889,62.3697,76.4251,73.5154,78.3423,68.1375,68.5918,65.6016,64.3481,69.2137,68.3179,48.5978,39.5466,40.8709
Bhutan,Burning - Crop residues,Emissions (CH4),kilotonnes,0.128,0.1423,0.1034,0.106,0.0909,0.1307,0.1289,0.1539,0.1095,0.1165,0.1043,0.1162,0.104,0.102,0.0993,0.0939,0.0954,0.106,0.066,0.06,0.0505
Bhutan,Burning - Crop residues,Emissions (CH4),kilotonnes,0.02,,,,,,,,,,,,,,,,,,,,
Bhutan,Burning - Crop residues,Emissions (N2O),kilotonnes,0.0033,0.0037,0.0027,0.0027,0.0024,0.0034,0.0033,0.004,0.0028,0.003,0.0027,0.003,0.0027,0.0026,0.0026,0.0024,0.0025,0.0027,0.0017,0.0016,0.0013
Bhutan,Burning - Crop residues,Emissions (CO2eq) from CH4 (AR5),kilotonnes,3.584,3.9854,2.8956,2.9675,2.544,3.6601,3.6086,4.308,3.0657,3.2616,2.919,3.2549,2.9116,2.8568,2.7806,2.6291,2.6719,2.9682,1.8473,1.6811,1.414
Bhutan,Burning - Crop residues,Emissions (CO2eq) from CH4 (AR5),kilotonnes,0.56,,,,,,,,,,,,,,,,,,,,
Bhutan,Burning - Crop residues,Emissions (CO2eq) from N2O (AR5),kilotonnes,0.8794,0.9779,0.7105,0.7281,0.6242,0.8981,0.8854,1.0571,0.7522,0.8003,0.7162,0.7986,0.7144,0.701,0.6823,0.6451,0.6556,0.7283,0.4533,0.4125,0.347
Bhutan,Burning - Crop residues,Emissions (CO2eq) (AR5),kilotonnes,4.4634,4.9633,3.606,3.6956,3.1682,4.5582,4.494,5.365,3.8179,4.0618,3.6353,4.0535,3.626,3.5577,3.4629,3.2742,3.3275,3.6966,2.3006,2.0935,1.761
Bhutan,Burning - Crop residues,Emissions (CO2eq) (AR5),kilotonnes,0.56,,,,,,,,,,,,,,,,,,,,
Bhutan,Enteric Fermentation,Emissions (CH4),kilotonnes,15.8039,14.3764,14.8013,14.6646,14.8524,16.5937,15.8813,16.0224,14.3195,15.0811,15.1142,14.7458,14.7417,15.0152,13.8089,13.2824,13.2378,13.2435,13.1413,13.3146,12.4046
Bhutan,Enteric Fermentation,Emissions (CH4),kilotonnes,19.13,,,,,,,,,,,,,,,,,,,,
Bhutan,Enteric Fermentation,Emissions (CO2eq) from CH4 (AR5),kilotonnes,442.5094,402.5405,414.436,410.6092,415.8674,464.6243,444.6758,448.6262,400.9467,422.2718,423.1976,412.8837,412.768,420.4259,386.6492,371.9062,370.6571,370.8174,367.957,372.8096,347.328
Bhutan,Enteric Fermentation,Emissions (CO2eq) from CH4 (AR5),kilotonnes,535.64,,,,,,,,,,,,,,,,,,,,
Bhutan,Enteric Fermentation,Emissions (CO2eq) (AR5),kilotonnes,442.5094,402.5405,414.436,410.6092,415.8674,464.6243,444.6758,448.6262,400.9467,422.2718,423.1976,412.8837,412.768,420.4259,386.6492,371.9062,370.6571,370.8174,367.957,372.8096,347.328
Bhutan,Enteric Fermentation,Emissions (CO2eq) (AR5),kilotonnes,535.64,,,,,,,,,,,,,,,,,,,,
Bhutan,Manure Management,Emissions (CH4),kilotonnes,1.3396,1.2267,1.2673,1.2446,1.2541,1.3842,1.3261,1.3366,1.192,1.2475,1.2449,1.216,1.2393,1.2311,1.1386,1.0966,1.0975,1.1045,1.1009,1.112,1.0363
Bhutan,Manure Management,Emissions (CH4),kilotonnes,3.8,,,,,,,,,,,,,,,,,,,,
Bhutan,Manure Management,Emissions (N2O),kilotonnes,0.0113,0.0105,0.0104,0.0105,0.0104,0.0107,0.0101,0.0103,0.0093,0.0096,0.0097,0.0096,0.0104,0.0099,0.0088,0.0091,0.0099,0.0102,0.0103,0.0109,0.0105
Bhutan,Manure Management,Emissions (N2O),kilotonnes,0.29,,,,,,,,,,,,,,,,,,,,
Bhutan,Manure Management,Emissions (CO2eq) from CH4 (AR5),kilotonnes,37.5093,34.3464,35.4851,34.849,35.1156,38.7568,37.1294,37.4259,33.3753,34.9293,34.8571,34.0476,34.7004,34.4719,31.8797,30.7044,30.7297,30.9265,30.826,31.1351,29.0172
Bhutan,Manure Management,Emissions (CO2eq) from CH4 (AR5),kilotonnes,106.4,,,,,,,,,,,,,,,,,,,,
Bhutan,Manure Management,Emissions (CO2eq) from N2O (AR5),kilotonnes,2.9959,2.7947,2.7446,2.7888,2.7535,2.8395,2.6646,2.7225,2.4697,2.5511,2.5721,2.5557,2.7674,2.6148,2.3296,2.4102,2.6189,2.71,2.7353,2.8808,2.7882
Bhutan,Manure Management,Emissions (CO2eq) from N2O (AR5),kilotonnes,76.85,,,,,,,,,,,,,,,,,,,,
Bhutan,Manure Management,Emissions (CO2eq) (AR5),kilotonnes,40.5052,37.1412,38.2296,37.6378,37.8691,41.5963,39.7941,40.1484,35.845,37.4803,37.4291,36.6033,37.4679,37.0867,34.2093,33.1147,33.3487,33.6365,33.5613,34.0159,31.8055
Bhutan,Manure Management,Emissions (CO2eq) (AR5),kilotonnes,183.25,,,,,,,,,,,,,,,,,,,,
Bhutan,Manure left on Pasture,Direct emissions (N2O),kilotonnes,0.2052,0.1846,0.1923,0.1883,0.1908,0.2084,0.1997,0.2013,0.1849,0.1905,0.1923,0.1899,0.1887,0.1941,0.1865,0.1743,0.1757,0.1764,0.1767,0.1811,0.1706
Bhutan,Manure left on Pasture,Indirect emissions (N2O),kilotonnes,0.0516,0.0459,0.0474,0.0469,0.0474,0.0507,0.0482,0.0489,0.046,0.0466,0.0472,0.0467,0.0461,0.0479,0.0466,0.0429,0.0429,0.0431,0.0437,0.0449,0.0421
Bhutan,Manure left on Pasture,Emissions (N2O),kilotonnes,0.2568,0.2305,0.2397,0.2352,0.2382,0.259,0.248,0.2502,0.2309,0.2371,0.2395,0.2367,0.2348,0.242,0.2332,0.2173,0.2187,0.2195,0.2204,0.226,0.2127
Bhutan,Manure left on Pasture,Emissions (CO2eq) from N2O (AR5),kilotonnes,68.0457,61.0827,63.5303,62.3218,63.1317,68.6458,65.7149,66.2944,61.1848,62.83,63.4664,62.7156,62.2218,64.1327,61.7867,57.5745,57.9446,58.1589,58.4047,59.8784,56.3663
Bhutan,Manure left on Pasture,Emissions (CO2eq) (AR5),kilotonnes,68.0457,61.0827,63.5303,62.3218,63.1317,68.6458,65.7149,66.2944,61.1848,62.83,63.4664,62.7156,62.2218,64.1327,61.7867,57.5745,57.9446,58.1589,58.4047,59.8784,56.3663
Bhutan,Manure applied to Soils,Direct emissions (N2O),kilotonnes,0.0355,0.0326,0.0334,0.033,0.0332,0.0364,0.0348,0.0351,0.0314,0.033,0.0334,0.0331,0.0338,0.0339,0.0315,0.0309,0.0325,0.0329,0.0326,0.034,0.0326
Bhutan,Manure applied to Soils,Indirect emissions (N2O),kilotonnes,0.0151,0.0139,0.0142,0.014,0.0141,0.0155,0.0148,0.0149,0.0134,0.014,0.0142,0.0141,0.0144,0.0144,0.0134,0.0131,0.0138,0.014,0.0139,0.0145,0.0139
Bhutan,Manure applied to Soils,Emissions (N2O),kilotonnes,0.0506,0.0465,0.0476,0.0471,0.0474,0.0518,0.0496,0.05,0.0448,0.047,0.0475,0.0472,0.0482,0.0483,0.0449,0.044,0.0463,0.0468,0.0465,0.0485,0.0465
Bhutan,Manure applied to Soils,Emissions (CO2eq) from N2O (AR5),kilotonnes,13.4203,12.3167,12.621,12.478,12.5545,13.7337,13.1435,13.2436,11.8753,12.4583,12.5953,12.4948,12.7693,12.8002,11.8885,11.6607,12.2597,12.4112,12.3201,12.8479,12.3236
Bhutan,Manure applied to Soils,Emissions (CO2eq) (AR5),kilotonnes,13.4203,12.3167,12.621,12.478,12.5545,13.7337,13.1435,13.2436,11.8753,12.4583,12.5953,12.4948,12.7693,12.8002,11.8885,11.6607,12.2597,12.4112,12.3201,12.8479,12.3236
Bhutan,Synthetic Fertilizers,Direct emissions (N2O),kilotonnes,,,0.0123,0.0124,0.0129,0.0139,0.0121,0.0126,0.0122,0.0253,0.0108,0.0133,0.0122,0.0119,0.014,0.0145,0.0134,0.0124,0.0237,0.0126,0.0126
Bhutan,Synthetic Fertilizers,Indirect emissions (N2O),kilotonnes,,,0.004,0.004,0.0042,0.0045,0.0039,0.0041,0.004,0.0082,0.0035,0.0043,0.004,0.0039,0.0045,0.0047,0.0044,0.004,0.0077,0.0041,0.0041
Bhutan,Synthetic Fertilizers,Emissions (N2O),kilotonnes,,,0.0163,0.0164,0.017,0.0185,0.016,0.0167,0.0161,0.0335,0.0143,0.0176,0.0162,0.0158,0.0185,0.0192,0.0178,0.0165,0.0314,0.0167,0.0167
Bhutan,Synthetic Fertilizers,Emissions (CO2eq) from N2O (AR5),kilotonnes,,,4.3203,4.3424,4.5135,4.8942,4.2376,4.4141,4.2707,8.8724,3.7851,4.6624,4.2826,4.1835,4.9037,5.0782,4.7104,4.3607,8.3207,4.423,4.423
Bhutan,Synthetic Fertilizers,Emissions (CO2eq) (AR5),kilotonnes,,,4.3203,4.3424,4.5135,4.8942,4.2376,4.4141,4.2707,8.8724,3.7851,4.6624,4.2826,4.1835,4.9037,5.0782,4.7104,4.3607,8.3207,4.423,4.423
Bhutan,Drained organic soils,Emissions (CO2eq) (AR5),kilotonnes,0,0,0,0,0,0,0,0,0,0,0,0,0,0,0,0,0,0,0,0,0
Bhutan,Drained organic soils (CO2),Emissions (CO2),kilotonnes,0,0,0,0,0,0,0,0,0,0,0,0,0,0,0,0,0,0,0,0,0
Bhutan,Drained organic soils (CO2),Emissions (CO2eq) (AR5),kilotonnes,0,0,0,0,0,0,0,0,0,0,0,0,0,0,0,0,0,0,0,0,0
Bhutan,Drained organic soils (N2O),Emissions (N2O),kilotonnes,0,0,0,0,0,0,0,0,0,0,0,0,0,0,0,0,0,0,0,0,0
Bhutan,Drained organic soils (N2O),Emissions (CO2eq) from N2O (AR5),kilotonnes,0,0,0,0,0,0,0,0,0,0,0,0,0,0,0,0,0,0,0,0,0
Bhutan,Drained organic soils (N2O),Emissions (CO2eq) (AR5),kilotonnes,0,0,0,0,0,0,0,0,0,0,0,0,0,0,0,0,0,0,0,0,0
Bhutan,On-farm energy use,Emissions (CH4),kilotonnes,0.0353,0.0258,0.0294,0.0186,0.0043,0.0161,0.0141,0.013,0.0167,0.0086,0.0107,0.0115,0.014,0.0178,0.0163,0.0102,0.0121,0.0121,0.0136,0.013,0.013
Bhutan,On-farm energy use,Emissions (N2O),kilotonnes,0.0014,0.0014,0.0016,0.0017,0.0017,0.0017,0.0017,0.0019,0.0019,0.0021,0.0028,0.0035,0.0042,0.0042,0.004,0.0041,0.0043,0.0048,0.0053,0.0056,0.0056
Bhutan,On-farm energy use,Emissions (CO2),kilotonnes,15.2652,12.3123,13.9295,10.9721,6.6697,10.551,9.9945,10.1562,11.5625,9.6981,12.3437,14.5885,17.1111,17.8776,16.6388,14.8387,15.4758,16.0545,17.9151,18.286,18.286
Bhutan,On-farm energy use,Emissions (CO2eq) from CH4 (AR5),kilotonnes,0.9887,0.7217,0.8229,0.5213,0.1202,0.4508,0.3945,0.3642,0.4674,0.2414,0.3004,0.3225,0.3923,0.498,0.4555,0.285,0.3399,0.3388,0.3802,0.3654,0.3654
Bhutan,On-farm energy use,Emissions (CO2eq) from N2O (AR5),kilotonnes,0.3729,0.3603,0.4122,0.4408,0.4413,0.4621,0.4533,0.4928,0.5141,0.5638,0.7495,0.9376,1.103,1.1129,1.0649,1.0996,1.1501,1.2663,1.4121,1.4816,1.4816
Bhutan,On-farm energy use,Emissions (CO2eq) (AR5),kilotonnes,16.6268,13.3943,15.1646,11.9343,7.2312,11.4639,10.8424,11.0131,12.544,10.5032,13.3936,15.8486,18.6064,19.4885,18.1592,16.2233,16.9659,17.6597,19.7075,20.133,20.133
Bhutan,Forestland,Emissions (CO2),kilotonnes,-6609.6322,-6610.2979,-6610.2979,-6610.2979,-6610.2979,-6610.2979,-6610.2979,-6610.2979,-6610.2979,-6610.2979,-6610.2979,-1316.8667,-1316.8667,-1316.8667,-1316.8667,-1316.8667,-1318.1982,-1318.1982,-1318.1982,-1318.1982,-1318.1982
Bhutan,Forestland,Emissions (CO2eq) (AR5),kilotonnes,-6609.6322,-6610.2979,-6610.2979,-6610.2979,-6610.2979,-6610.2979,-6610.2979,-6610.2979,-6610.2979,-6610.2979,-6610.2979,-1316.8667,-1316.8667,-1316.8667,-1316.8667,-1316.8667,-1318.1982,-1318.1982,-1318.1982,-1318.1982,-1318.1982
Bhutan,Net Forest conversion,Emissions (CO2),kilotonnes,0,0,0,0,0,0,0,0,0,0,0,0,0,0,0,0,0,0,0,0,0
Bhutan,Net Forest conversion,Emissions (CO2eq) (AR5),kilotonnes,0,0,0,0,0,0,0,0,0,0,0,0,0,0,0,0,0,0,0,0,0
Bhutan,Savanna fires,Emissions (CH4),kilotonnes,0.0188,0.0324,0.0158,0.0095,0.0084,0.0308,0.0201,0.0288,0.0191,0.0043,0.0638,0.0373,0.0807,0.0169,0.061,0.0436,0.0206,0.043,0.0173,0.023,0.0035
Bhutan,Savanna fires,Emissions (N2O),kilotonnes,0.0017,0.003,0.0014,0.0009,0.0008,0.0028,0.0018,0.0026,0.0017,0.0004,0.0058,0.0034,0.0074,0.0015,0.0056,0.004,0.0019,0.0039,0.0016,0.0021,0.0003
Bhutan,Savanna fires,Emissions (CO2eq) from CH4 (AR5),kilotonnes,0.5262,0.907,0.4434,0.266,0.2352,0.8626,0.5623,0.8075,0.5335,0.1196,1.7875,1.0437,2.2594,0.473,1.7077,1.2215,0.5781,1.2035,0.485,0.6435,0.0978
Bhutan,Savanna fires,Emissions (CO2eq) from N2O (AR5),kilotonnes,0.4547,0.7838,0.3832,0.2298,0.2032,0.7454,0.4859,0.6978,0.4611,0.1034,1.5446,0.9019,1.9524,0.4087,1.4757,1.0556,0.4996,1.0399,0.4191,0.5561,0.0846
Bhutan,Savanna fires,Emissions (CO2eq) (AR5),kilotonnes,0.981,1.6908,0.8266,0.4958,0.4384,1.6079,1.0481,1.5053,0.9946,0.223,3.3322,1.9455,4.2117,0.8817,3.1834,2.2771,1.0777,2.2434,0.9041,1.1997,0.1824
Bhutan,Fires in organic soils,Emissions (CH4),kilotonnes,0,0,0,0,0,0,0,0,0,0,0,0,0,0,0,0,0,0,0,0,0
Bhutan,Fires in organic soils,Emissions (CO2),kilotonnes,0,0,0,0,0,0,0,0,0,0,0,0,0,0,0,0,0,0,0,0,0
Bhutan,Fires in organic soils,Emissions (CO2eq) from CH4 (AR5),kilotonnes,0,0,0,0,0,0,0,0,0,0,0,0,0,0,0,0,0,0,0,0,0
Bhutan,Fires in organic soils,Emissions (CO2eq) (AR5),kilotonnes,0,0,0,0,0,0,0,0,0,0,0,0,0,0,0,0,0,0,0,0,0
Bhutan,Forest fires,Emissions (CH4),kilotonnes,0.658,0.3254,0.0948,0.0396,0.245,0.214,0.2562,1.5562,0.1851,0.1698,0.9621,0.448,1.5358,0.2141,0.6676,0.809,0.3761,0.2135,0.1197,0.0524,0.1165
Bhutan,Forest fires,Emissions (N2O),kilotonnes,0.0195,0.0297,0.0087,0.0036,0.0224,0.0195,0.0234,0.1421,0.0169,0.0155,0.0878,0.0409,0.1402,0.0195,0.061,0.0739,0.0343,0.0195,0.0109,0.0048,0.0106
Bhutan,Forest fires,Emissions (CO2eq) from CH4 (AR5),kilotonnes,18.4247,9.1121,2.6534,1.1097,6.861,5.9921,7.1732,43.5739,5.183,4.7558,26.938,12.5445,43.0023,5.994,18.6928,22.6519,10.5305,5.9786,3.3508,1.4658,3.2609
Bhutan,Forest fires,Emissions (CO2eq) from N2O (AR5),kilotonnes,5.1643,7.874,2.2929,0.9589,5.9288,5.178,6.1985,37.6535,4.4787,4.1096,23.2779,10.8401,37.1596,5.1796,16.153,19.5742,9.0998,5.1663,2.8955,1.2667,2.8178
Bhutan,Forest fires,Emissions (CO2eq) (AR5),kilotonnes,23.589,16.9861,4.9462,2.0686,12.7898,11.1701,13.3717,81.2274,9.6617,8.8654,50.2159,23.3846,80.1618,11.1735,34.8458,42.2261,19.6303,11.145,6.2464,2.7325,6.0787
Bhutan,Fires in humid tropical forests,Emissions (CH4),kilotonnes,0.3429,0,0.0053,0.0347,0.096,0.0053,0.0773,0.416,0.0187,0.1227,0.0827,0.0853,0.6266,0.0427,0.136,0.3146,0.0507,0.0347,0.0427,0.0027,0.032
Bhutan,Fires in humid tropical forests,Emissions (N2O),kilotonnes,0.0101,0,0.0005,0.0032,0.0088,0.0005,0.0071,0.038,0.0017,0.0112,0.0075,0.0078,0.0572,0.0039,0.0124,0.0287,0.0046,0.0032,0.0039,0.0002,0.0029
Bhutan,Fires in humid tropical forests,Emissions (CO2eq) from CH4 (AR5),kilotonnes,9.6001,0,0.1493,0.9706,2.6877,0.1493,2.1651,11.6473,0.5226,3.4342,2.3144,2.3891,17.5446,1.1946,3.8076,8.8101,1.4186,0.9705,1.1945,0.0747,0.8959
Bhutan,Fires in humid tropical forests,Emissions (CO2eq) from N2O (AR5),kilotonnes,2.6723,0,0.129,0.8387,2.3225,0.129,1.8709,10.0648,0.4516,2.9676,1.9999,2.0645,15.1608,1.0323,3.2902,7.613,1.2258,0.8387,1.0322,0.0645,0.7742
Bhutan,Fires in humid tropical forests,Emissions (CO2eq) (AR5),kilotonnes,12.2723,0,0.2784,1.8092,5.0101,0.2783,4.036,21.7121,0.9742,6.4018,4.3143,4.4536,32.7054,2.2269,7.0978,16.4231,2.6444,1.8092,2.2268,0.1392,1.67
Bhutan,Waste - agri-food systems,Emissions (CH4),kilotonnes,3.0564,3.1272,3.1959,3.2621,3.3257,3.3851,3.4426,3.4982,3.5488,3.5991,3.649,3.6979,3.7463,3.7968,3.826,3.8705,3.9134,3.9564,3.9948,4.0336,4.0696
Bhutan,Waste - agri-food systems,Emissions (N2O),kilotonnes,0.0008,0.0008,0.0008,0.0008,0.0008,0.0007,0.0007,0.0007,0.0007,0.0007,0.0006,0.0006,0.0006,0.0006,0.0005,0.0005,0.0004,0.0004,0.0004,0.0004,0.0004
Bhutan,Waste - agri-food systems,Emissions (CO2),kilotonnes,0.6987,0.7017,0.7059,0.7111,0.7154,0.7209,0.7242,0.7343,0.7361,0.7363,0.7442,0.7491,0.7492,0.7487,0.7516,0.7533,0.7559,0.7604,0.7603,0.7616,0.7584
Bhutan,Waste - agri-food systems,Emissions (CO2eq) from CH4 (AR5),kilotonnes,85.5797,87.5611,89.4841,91.3399,93.1207,94.7828,96.3929,97.9494,99.3677,100.7758,102.171,103.5402,104.897,106.3117,107.1279,108.3754,109.5761,110.7805,111.8537,112.9406,113.9494
Bhutan,Waste - agri-food systems,Emissions (CO2eq) from N2O (AR5),kilotonnes,0.2219,0.216,0.2099,0.2059,0.2011,0.1935,0.1899,0.185,0.1769,0.1735,0.1683,0.162,0.1586,0.157,0.1245,0.1208,0.1161,0.113,0.1038,0.0991,0.0943
Bhutan,Waste - agri-food systems,Emissions (CO2eq) (AR5),kilotonnes,86.5004,88.4787,90.3999,92.2569,94.0373,95.6972,97.3069,98.8688,100.2806,101.6855,103.0835,104.4513,105.8047,107.2173,108.004,109.2495,110.4482,111.6539,112.7179,113.8012,114.8021
Bhutan,On-farm electricity use,Emissions (CH4),kilotonnes,0.0005,0.0005,0.0006,0.0007,0.0007,0.0007,0.0009,0.0011,0.0014,0.0017,0.0022,0.0019,0.0023,0.0022,0.0025,0.0028,0.0028,0.0027,0.0027,0.0028,0.0028
Bhutan,On-farm electricity use,Emissions (N2O),kilotonnes,0,0,0,0,0,0,0,0,0,0,0,0,0,0,0,0,0,0,0,0,0
Bhutan,On-farm electricity use,Emissions (CO2),kilotonnes,0.119,0.1458,0.1642,0.1672,0.1844,0.1827,0.2279,0.2951,0.3586,0.4465,0.5751,0.4882,0.5957,0.5892,0.6586,0.7436,0.7247,0.7169,0.7169,0.7285,0.7285
Bhutan,On-farm electricity use,Emissions (CO2eq) from CH4 (AR5),kilotonnes,0.014,0.014,0.0168,0.0196,0.0196,0.0196,0.0252,0.0308,0.0392,0.0476,0.0616,0.0532,0.0644,0.0616,0.07,0.0784,0.0784,0.0756,0.0756,0.0784,0.0784
Bhutan,On-farm electricity use,Emissions (CO2eq) from N2O (AR5),kilotonnes,0,0,0,0,0,0,0,0,0,0,0,0,0,0,0,0,0,0,0,0,0
Bhutan,On-farm electricity use,Emissions (CO2eq) (AR5),kilotonnes,0.133,0.1598,0.181,0.1868,0.204,0.2023,0.2531,0.3259,0.3978,0.4941,0.6367,0.5414,0.6601,0.6508,0.7286,0.822,0.8031,0.7925,0.7925,0.8069,0.8069
Bhutan,Food Processing,Emissions (CH4),kilotonnes,0.8438,0.8916,0.97,0.9828,0.9333,1.0314,1.0957,0.8338,0.8468,0.927,0.9109,0.8269,0.7647,0.0653,0.0745,0.0745,0.0758,0.0768,0.0791,0.0735,0.0735
Bhutan,Food Processing,Emissions (N2O),kilotonnes,0.001,0.001,0.001,0.0011,0.0011,0.0011,0.001,0.0016,0.002,0.002,0.002,0.0017,0.0015,0.0003,0.0003,0.0003,0.0003,0.0003,0.0003,0.0003,0.0003
Bhutan,Food Processing,Emissions (CO2),kilotonnes,4.5271,4.3579,4.7054,4.2124,3.1453,4.4272,4.0766,6.8379,7.7954,6.8075,7.2384,9.1802,11.8132,5.3571,5.8281,5.6098,6.7382,7.3871,7.1929,7.1583,7.5521
Bhutan,Food Processing,Emissions (CO2eq) from CH4 (AR5),kilotonnes,23.6264,24.9648,27.16,27.5184,26.1324,28.8792,30.6796,23.3464,23.7104,25.956,25.5052,23.1532,21.4116,1.8284,2.086,2.086,2.1224,2.1504,2.2148,2.058,2.058
Bhutan,Food Processing,Emissions (CO2eq) from N2O (AR5),kilotonnes,0.265,0.265,0.265,0.2915,0.2915,0.2915,0.265,0.424,0.53,0.53,0.53,0.4505,0.3975,0.0795,0.0795,0.0795,0.0795,0.0795,0.0795,0.0795,0.0799
Bhutan,Food Processing,Emissions (CO2eq) (AR5),kilotonnes,28.4185,29.5877,32.1304,32.0223,29.5692,33.5979,35.0212,30.6083,32.0358,33.2935,33.2736,32.7839,33.6223,7.265,7.9936,7.7753,8.9401,9.617,9.4872,9.2958,9.69
Bhutan,Food Packaging,Emissions (CH4),kilotonnes,0.0005,0.0005,0.0005,0.0005,0.0005,0.0005,0.0004,0.0005,0.0004,0.0004,0.0004,0.0004,0.0004,0.0013,0.0014,0.0013,0.0014,0.0014,0.0015,0.0012,0.0012
Bhutan,Food Packaging,Emissions (N2O),kilotonnes,0,0,0,0,0,0,0,0,0,0,0,0,0,0,0,0,0,0,0,0,0
Bhutan,Food Packaging,Emissions (CO2),kilotonnes,0.6848,0.582,0.6142,0.5253,0.371,0.4653,0.4182,0.4915,0.4891,0.421,0.5039,0.6605,0.7912,0.8817,0.9455,0.8852,1.0299,1.1007,1.074,1.0025,1.0577
Bhutan,Food Packaging,Emissions (CO2eq) from CH4 (AR5),kilotonnes,0.014,0.014,0.014,0.014,0.014,0.014,0.0112,0.014,0.0112,0.0112,0.0112,0.0112,0.0112,0.0364,0.0392,0.0364,0.0392,0.0392,0.042,0.0336,0.0336
Bhutan,Food Packaging,Emissions (CO2eq) from N2O (AR5),kilotonnes,0,0,0,0,0,0,0,0,0,0,0,0,0,0,0,0,0,0,0,0,0
Bhutan,Food Packaging,Emissions (CO2eq) (AR5),kilotonnes,0.6988,0.596,0.6282,0.5393,0.385,0.4793,0.4294,0.5055,0.5003,0.4322,0.5151,0.6717,0.8024,0.9181,0.9847,0.9216,1.0691,1.1399,1.116,1.0361,1.0913
Bhutan,Food Retail,Emissions (CH4),kilotonnes,0,0.0001,0.0001,0.0001,0.0002,0.0002,0.0004,0.0003,0.0005,0.0004,0.0004,0.0072,0.0075,0.0078,0.0086,0.0088,0.0095,0.0108,0.0105,0.0082,0.0082
Bhutan,Food Retail,Emissions (N2O),kilotonnes,0,0,0,0,0,0,0,0,0,0,0,0,0,0,0,0,0.0001,0.0001,0.0001,0,0
Bhutan,Food Retail,Emissions (CO2),kilotonnes,0,0.017,0.0389,0.0339,0.043,0.0512,0.0925,0.0835,0.1425,0.1057,0.1114,1.8849,1.9673,2.0486,2.2575,2.2988,2.4996,2.838,2.7598,2.1628,2.2818
Bhutan,Food Retail,Emissions (CO2eq) from CH4 (AR5),kilotonnes,0,0.0028,0.0028,0.0028,0.0056,0.0056,0.0112,0.0084,0.014,0.0112,0.0112,0.2016,0.21,0.2184,0.2408,0.2464,0.266,0.3024,0.294,0.2296,0.2296
Bhutan,Food Retail,Emissions (CO2eq) from N2O (AR5),kilotonnes,0,0,0,0,0,0,0,0,0,0,0,0,0,0,0,0,0.0265,0.0265,0.0265,0,0
Bhutan,Food Retail,Emissions (CO2eq) (AR5),kilotonnes,0,0.0198,0.0417,0.0367,0.0486,0.0568,0.1037,0.0919,0.1565,0.1169,0.1226,2.0865,2.1773,2.267,2.4983,2.5452,2.7921,3.1669,3.0803,2.3924,2.5114
Bhutan,Food Household Consumption,Emissions (CH4),kilotonnes,0.0172,0.0345,0.0385,0.0412,0.0481,0.0521,0.0609,0.0673,0.0713,0.0768,0.0803,0.0833,0.0945,0.1,0.1092,0.1152,0.1227,0.125,0.1248,0.1699,0.1699
Bhutan,Food Household Consumption,Emissions (N2O),kilotonnes,0.0002,0.0003,0.0003,0.0003,0.0003,0.0004,0.0005,0.0004,0.0004,0.0005,0.0005,0.0005,0.0006,0.0006,0.0006,0.0007,0.0007,0.0007,0.0007,0.0009,0.0009
Bhutan,Food Household Consumption,Emissions (CO2),kilotonnes,19.2955,24.1022,24.3633,25.963,27.9084,32.4232,37.1508,35.0723,31.2146,33.3844,35.4649,36.9911,39.8064,40.5606,43.9873,45.1765,48.1225,48.9002,47.1954,58.6773,61.9055
Bhutan,Food Household Consumption,Emissions (CO2eq) from CH4 (AR5),kilotonnes,0.4816,0.966,1.078,1.1536,1.3468,1.4588,1.7052,1.8844,1.9964,2.1504,2.2484,2.3324,2.646,2.8,3.0576,3.2256,3.4356,3.5,3.4944,4.7572,4.7572
Bhutan,Food Household Consumption,Emissions (CO2eq) from N2O (AR5),kilotonnes,0.053,0.0795,0.0795,0.0795,0.0795,0.106,0.1325,0.106,0.106,0.1325,0.1325,0.1325,0.159,0.159,0.159,0.1855,0.1855,0.1855,0.1855,0.2385,0.2397
Bhutan,Food Household Consumption,Emissions (CO2eq) (AR5),kilotonnes,19.8301,25.1477,25.5208,27.1961,29.3347,33.988,38.9885,37.0627,33.317,35.6673,37.8458,39.456,42.6114,43.5196,47.2039,48.5876,51.7436,52.5857,50.8753,63.673,66.9024
Bhutan,Food Transport,Emissions (CH4),kilotonnes,0.0019,0.0021,0.002,0.0022,0.002,0.0024,0.0025,0.0023,0.0035,0.0047,0.0067,0.011,0.0103,0.0097,0.0079,0.0095,0.0083,0.0066,0.0068,0.0088,0.0088
Bhutan,Food Transport,Emissions (N2O),kilotonnes,0.0001,0.0001,0.0001,0.0001,0.0001,0.0001,0.0001,0.0001,0.0002,0.0002,0.0003,0.0006,0.0006,0.0005,0.0005,0.0006,0.0005,0.0004,0.0004,0.0005,0.0005
Bhutan,Food Transport,Emissions (CO2),kilotonnes,3.6954,3.8243,3.7717,4.3366,4.4692,5.1467,5.51,4.5026,6.3234,8.3498,12.7999,23.3178,24.6582,23.058,20.2725,24.8955,23.2095,18.4765,19.056,22.0094,23.2203
Bhutan,Food Transport,Emissions (CO2eq) from CH4 (AR5),kilotonnes,0.0532,0.0588,0.056,0.0616,0.056,0.0672,0.07,0.0644,0.098,0.1316,0.1876,0.308,0.2884,0.2716,0.2212,0.266,0.2324,0.1848,0.1904,0.2464,0.2464
Bhutan,Food Transport,Emissions (CO2eq) from N2O (AR5),kilotonnes,0.0265,0.0265,0.0265,0.0265,0.0265,0.0265,0.0265,0.0265,0.053,0.053,0.0795,0.159,0.159,0.1325,0.1325,0.159,0.1325,0.106,0.106,0.1325,0.1332
Bhutan,Food Transport,Emissions (CO2eq) (AR5),kilotonnes,3.7751,3.9096,3.8542,4.4247,4.5517,5.2404,5.6065,4.5935,6.4744,8.5344,13.067,23.7848,25.1056,23.4621,20.6262,25.3205,23.5744,18.7673,19.3524,22.3883,23.5999
Bhutan,Energy,Emissions (CH4),kilotonnes,11.9,12.4,12.8,12.6,12.4,13.2,13.5,13.8,13.8,13.7,13.6,13.3,13.3,13,13.5,13,12.9,13.1,13,13.1,13.1
Bhutan,Energy,Emissions (N2O),kilotonnes,0.155,0.158,0.161,0.163,0.164,0.168,0.17,0.17,0.173,0.176,0.179,0.179,0.179,0.181,0.183,0.186,0.184,0.187,0.187,0.191,0.192
Bhutan,Energy,Emissions (CO2),kilotonnes,323,309,338,297,224,312,305,305,331,302,389,463,580,639,687,664,792,899,924,927,978
Bhutan,Energy,Emissions (CO2eq) from CH4 (AR5),kilotonnes,333.2,347.2,358.4,352.8,347.2,369.6,378,386.4,386.4,383.6,380.8,372.4,372.4,364,378,364,361.2,366.8,364,366.8,366.8
Bhutan,Energy,Emissions (CO2eq) from N2O (AR5),kilotonnes,41.075,41.87,42.665,43.195,43.46,44.52,45.05,45.05,45.845,46.64,47.435,47.435,47.435,47.965,48.495,49.29,48.76,49.555,49.555,50.615,50.88
Bhutan,Energy,Emissions (CO2eq) (AR5),kilotonnes,697.275,698.07,739.065,692.995,614.66,726.12,728.05,736.45,763.245,732.24,817.235,882.835,999.835,1050.965,1113.495,1077.29,1201.96,1315.355,1337.555,1344.415,1395.68
Bhutan,IPPU,Emissions (CH4),kilotonnes,0.0165,0.0176,0.0231,0.0231,0.0233,0.022,0.022,0.0231,0.0339,0.0999,0.107,0.106,0.0903,0.0905,0.0874,0.115,0.117,0.132,0.125,0.146,0.155
Bhutan,IPPU,Emissions (N2O),kilotonnes,0.0002,0.0002,0.0002,0.0002,0.0002,0.0002,0.0002,0.0002,0.0002,0.0002,0.0002,0.0002,0.0002,0.0002,0.0002,0.0002,0.0002,0.0002,0.0002,0.0003,0.0003
Bhutan,IPPU,Emissions (CO2),kilotonnes,136,144,161,162,167,164,169,173,209,421,455,584,528,554,593,724,784,817,815,980,1010
Bhutan,IPPU,Emissions (CO2eq) from CH4 (AR5),kilotonnes,0.462,0.4928,0.6468,0.6468,0.6524,0.616,0.616,0.6468,0.9492,2.7972,2.996,2.968,2.5284,2.534,2.4472,3.22,3.276,3.696,3.5,4.088,4.34
Bhutan,IPPU,Emissions (CO2eq) from N2O (AR5),kilotonnes,0.0458,0.0472,0.0485,0.0498,0.0511,0.0525,0.0538,0.0549,0.0559,0.057,0.058,0.0591,0.0602,0.0612,0.062,0.0628,0.0636,0.0644,0.0652,0.0668,0.0678
Bhutan,IPPU,Emissions (CO2eq) (AR5),kilotonnes,136.5078,144.54,161.6953,162.6966,167.7035,164.6685,169.6698,173.7017,210.0051,423.8542,458.054,587.0271,530.5886,556.5952,595.5092,727.2828,787.3396,820.7604,818.5652,984.1548,1014.4078
Bhutan,Waste,Emissions (CH4),kilotonnes,3.48,3.66,3.86,4.07,4.27,4.49,4.68,4.92,5.11,5.31,5.54,5.75,5.95,6.14,6.35,6.57,6.77,6.95,7.13,7.38,7.58
Bhutan,Waste,Emissions (CO2eq) from CH4 (AR5),kilotonnes,97.44,102.48,108.08,113.96,119.56,125.72,131.04,137.76,143.08,148.68,155.12,161,166.6,171.92,177.8,183.96,189.56,194.6,199.64,206.64,212.24
Bhutan,Waste,Emissions (CO2eq) (AR5),kilotonnes,97.44,102.48,108.08,113.96,119.56,125.72,131.04,137.76,143.08,148.68,155.12,161,166.6,171.92,177.8,183.96,189.56,194.6,199.64,206.64,212.24
Bhutan,Other,Emissions (N2O),kilotonnes,0.0815,0.0837,0.0867,0.0881,0.0886,0.0932,0.0934,0.092,0.0942,0.096,0.101,0.105,0.107,0.107,0.108,0.112,0.11,0.108,0.109,0.115,0.117
Bhutan,Other,Emissions (CO2eq) from N2O (AR5),kilotonnes,21.5975,22.1805,22.9755,23.3465,23.479,24.698,24.751,24.38,24.963,25.44,26.765,27.825,28.355,28.355,28.62,29.68,29.15,28.62,28.885,30.475,31.005
Bhutan,Other,Emissions (CO2eq) (AR5),kilotonnes,21.5975,22.1805,22.9755,23.3465,23.479,24.698,24.751,24.38,24.963,25.44,26.765,27.825,28.355,28.355,28.62,29.68,29.15,28.62,28.885,30.475,31.005
Bhutan,Farm-gate emissions,Emissions (CH4),kilotonnes,20.3177,18.4504,18.3702,18.3027,18.3796,21.0643,20.4092,20.7222,17.8842,19.1875,19.1635,18.9248,18.6132,18.8328,17.4669,16.8248,16.9354,16.949,16.0748,15.935,14.9676
Bhutan,Farm-gate emissions,Direct emissions (N2O),kilotonnes,0.2656,0.2426,0.2588,0.2566,0.2648,0.2956,0.2832,0.2873,0.2595,0.278,0.2646,0.2708,0.2656,0.2692,0.2627,0.251,0.2538,0.2559,0.256,0.2469,0.2348
Bhutan,Farm-gate emissions,Indirect emissions (N2O),kilotonnes,0.0722,0.0654,0.0703,0.0701,0.072,0.079,0.0752,0.0765,0.0703,0.0754,0.0712,0.0729,0.0713,0.0728,0.0715,0.0678,0.0683,0.0688,0.0705,0.0677,0.0644
Bhutan,Farm-gate emissions,Emissions (N2O),kilotonnes,0.3556,0.3266,0.3452,0.3425,0.3521,0.3933,0.3753,0.3825,0.3457,0.3686,0.3569,0.3633,0.3616,0.3603,0.3551,0.3384,0.3407,0.3464,0.3454,0.3348,0.317
Bhutan,Farm-gate emissions,Emissions (CO2),kilotonnes,15.2652,12.3123,13.9295,10.9721,6.6697,10.551,9.9945,10.1562,11.5625,9.6981,12.3437,14.5885,17.1111,17.8776,16.6388,14.8387,15.4758,16.0545,17.9151,18.286,18.286
Bhutan,Farm-gate emissions,Emissions (CO2eq) from CH4 (AR5),kilotonnes,568.8958,516.6126,514.3646,512.4751,514.6281,589.8,571.4571,580.2207,500.7583,537.2488,536.577,529.8946,521.1691,527.3173,489.0743,471.0944,474.1905,474.5723,450.0933,446.1812,419.0934
Bhutan,Farm-gate emissions,Emissions (CO2eq) from N2O (AR5),kilotonnes,94.2246,86.5568,91.4697,90.7633,93.2964,104.2152,99.4555,101.3737,91.599,97.6743,94.5842,96.2635,95.8259,95.4786,94.109,89.6815,90.2858,91.7997,91.5227,88.7088,84.0024
Bhutan,Farm-gate emissions,Emissions (CO2eq) (AR5),kilotonnes,678.3856,615.4816,619.7637,614.2105,614.5941,704.5662,680.907,691.7506,603.9198,644.6212,643.5049,640.7466,634.1061,640.6735,599.822,575.6147,579.9521,582.4265,559.5311,553.1761,521.3818
Bhutan,Land Use change,Emissions (CH4),kilotonnes,0.3429,0,0.0053,0.0347,0.096,0.0053,0.0773,0.416,0.0187,0.1227,0.0827,0.0853,0.6266,0.0427,0.136,0.3146,0.0507,0.0347,0.0427,0.0027,0.032
Bhutan,Land Use change,Emissions (N2O),kilotonnes,0.0101,0,0.0005,0.0032,0.0088,0.0005,0.0071,0.038,0.0017,0.0112,0.0075,0.0078,0.0572,0.0039,0.0124,0.0287,0.0046,0.0032,0.0039,0.0002,0.0029
Bhutan,Land Use change,Emissions (CO2),kilotonnes,0,0,0,0,0,0,0,0,0,0,0,0,0,0,0,0,0,0,0,0,0
Bhutan,Land Use change,Emissions (CO2eq) from CH4 (AR5),kilotonnes,9.6001,0,0.1493,0.9706,2.6877,0.1493,2.1651,11.6473,0.5226,3.4342,2.3144,2.3891,17.5446,1.1946,3.8076,8.8101,1.4186,0.9705,1.1945,0.0747,0.8959
Bhutan,Land Use change,Emissions (CO2eq) from N2O (AR5),kilotonnes,2.6723,0,0.129,0.8387,2.3225,0.129,1.8709,10.0648,0.4516,2.9676,1.9999,2.0645,15.1608,1.0323,3.2902,7.613,1.2258,0.8387,1.0322,0.0645,0.7742
Bhutan,Land Use change,Emissions (CO2eq) (AR5),kilotonnes,12.2723,0,0.2784,1.8092,5.0101,0.2783,4.036,21.7121,0.9742,6.4018,4.3143,4.4536,32.7054,2.2269,7.0978,16.4231,2.6444,1.8092,2.2268,0.1392,1.67
Bhutan,Emissions on agricultural land,Emissions (CH4),kilotonnes,20.6606,18.4504,18.3755,18.3373,18.4756,21.0696,20.4865,21.1381,17.9029,19.3101,19.2461,19.0101,19.2398,18.8754,17.6029,17.1394,16.986,16.9837,16.1174,15.9377,14.9996
Bhutan,Emissions on agricultural land,Emissions (N2O),kilotonnes,0.3656,0.3266,0.3457,0.3457,0.3608,0.3938,0.3824,0.4205,0.3474,0.3798,0.3645,0.371,0.4188,0.3642,0.3675,0.3671,0.3453,0.3496,0.3493,0.335,0.3199
Bhutan,Emissions on agricultural land,Emissions (CO2),kilotonnes,15.2652,12.3123,13.9295,10.9721,6.6697,10.551,9.9945,10.1562,11.5625,9.6981,12.3437,14.5885,17.1111,17.8776,16.6388,14.8387,15.4758,16.0545,17.9151,18.286,18.286
Bhutan,Emissions on agricultural land,Emissions (CO2eq) from CH4 (AR5),kilotonnes,578.4959,516.6126,514.5139,513.4456,517.3157,589.9493,573.6221,591.868,501.2809,540.6831,538.8914,532.2837,538.7138,528.5119,492.8818,479.9045,475.6091,475.5428,451.2878,446.2559,419.9893
Bhutan,Emissions on agricultural land,Emissions (CO2eq) from N2O (AR5),kilotonnes,96.8969,86.5568,91.5987,91.602,95.6188,104.3442,101.3264,111.4384,92.0506,100.642,96.5842,98.328,110.9867,96.5109,97.3992,97.2946,91.5117,92.6384,92.555,88.7734,84.7766
Bhutan,Emissions on agricultural land,Emissions (CO2eq) (AR5),kilotonnes,690.658,615.4816,620.0421,616.0197,619.6043,704.8445,684.943,713.4626,604.894,651.0231,647.8193,645.2002,666.8115,642.9004,606.9198,592.0378,582.5966,584.2357,561.7579,553.3153,523.0519
Bhutan,Pre- and post- production,Emissions (CH4),kilotonnes,3.9203,4.0565,4.2076,4.2896,4.3105,4.4724,4.6034,4.4035,4.4727,4.6101,4.6499,4.6286,4.626,3.9831,4.0301,4.0826,4.1339,4.1797,4.2202,4.298,4.334
Bhutan,Pre- and post- production,Emissions (N2O),kilotonnes,0.0021,0.0022,0.0022,0.0023,0.0023,0.0023,0.0023,0.0028,0.0033,0.0034,0.0034,0.0034,0.0033,0.002,0.0019,0.0021,0.002,0.0019,0.0019,0.0021,0.0021
Bhutan,Pre- and post- production,Emissions (CO2),kilotonnes,29.0205,33.7309,34.3636,35.9495,36.8367,43.4172,48.2002,48.0172,47.0597,50.2512,57.4378,73.2718,80.3812,73.2439,74.7011,80.3627,83.0803,80.1798,78.7553,92.5004,97.5042
Bhutan,Pre- and post- production,Emissions (CO2eq) from CH4 (AR5),kilotonnes,109.7689,113.5815,117.8117,120.1099,120.6951,125.2272,128.8953,123.2978,125.2369,129.0838,130.1962,129.5998,129.5286,111.5281,112.8427,114.3142,115.7501,117.0329,118.1649,120.3438,121.3526
Bhutan,Pre- and post- production,Emissions (CO2eq) from N2O (AR5),kilotonnes,0.5664,0.587,0.5809,0.6034,0.5986,0.6175,0.6139,0.7415,0.8659,0.889,0.9103,0.904,0.8741,0.528,0.4955,0.5448,0.5401,0.5105,0.5013,0.5496,0.5471
Bhutan,Pre- and post- production,Emissions (CO2eq) (AR5),kilotonnes,139.3559,147.8993,152.7562,156.6628,158.1305,169.2619,177.7093,172.0566,173.1624,180.2239,188.5443,203.7756,210.7838,185.2999,188.0393,195.2217,199.3706,197.7232,197.4216,213.3937,219.404
Bhutan,Agri-food systems,Emissions (CH4),kilotonnes,24.5809,22.5069,22.5831,22.627,22.7861,25.542,25.0899,25.5416,22.3756,23.9202,23.896,23.6387,23.8658,22.8586,21.633,21.2221,21.12,21.1634,20.3376,20.2357,19.3336
Bhutan,Agri-food systems,Emissions (N2O),kilotonnes,0.3678,0.3288,0.3478,0.3479,0.3631,0.3961,0.3847,0.4233,0.3506,0.3831,0.3679,0.3745,0.4221,0.3662,0.3694,0.3692,0.3474,0.3515,0.3512,0.3371,0.322
Bhutan,Agri-food systems,Emissions (CO2),kilotonnes,44.2858,46.0431,48.2931,46.9217,43.5064,53.9682,58.1947,58.1734,58.6222,59.9492,69.7815,87.8603,97.4923,91.1214,91.3399,95.2014,98.5562,96.2343,96.6705,110.7864,115.7903
Bhutan,Agri-food systems,Emissions (CO2eq) from CH4 (AR5),kilotonnes,688.2648,630.1941,632.3256,633.5555,638.0109,715.1765,702.5174,715.1658,626.5178,669.7669,669.0876,661.8835,668.2423,640.04,605.7245,594.2187,591.3591,592.5757,569.4528,566.5996,541.3419
Bhutan,Agri-food systems,Emissions (CO2eq) from N2O (AR5),kilotonnes,97.4633,87.1438,92.1796,92.2054,96.2175,104.9617,101.9403,112.18,92.9164,101.5309,97.4945,99.232,111.8608,97.0389,97.8947,97.8394,92.0518,93.1489,93.0563,89.3229,85.3237
Bhutan,Agri-food systems,Emissions (CO2eq) (AR5),kilotonnes,830.0138,763.381,772.7983,772.6825,777.7348,874.1065,862.6524,885.5192,778.0564,831.247,836.3636,848.9758,877.5953,828.2003,794.9591,787.2595,781.9671,781.9589,759.1796,766.709,742.4558
Bhutan,IPCC Agriculture,Emissions (CH4),kilotonnes,20.2824,18.4247,18.3408,18.2841,18.3753,21.0482,20.3951,20.7092,17.8675,19.1788,19.1527,18.9133,18.5992,18.815,17.4507,16.8146,16.9232,16.9369,16.0612,15.922,14.9546
Bhutan,IPCC Agriculture,Emissions (CH4),kilotonnes,25.86,,,,,,,,,,,,,,,,,,,,
Bhutan,IPCC Agriculture,Direct emissions (N2O),kilotonnes,0.2656,0.2426,0.2588,0.2566,0.2648,0.2956,0.2832,0.2873,0.2595,0.278,0.2646,0.2708,0.2656,0.2692,0.2627,0.251,0.2538,0.2559,0.256,0.2469,0.2348
Bhutan,IPCC Agriculture,Indirect emissions (N2O),kilotonnes,0.0722,0.0654,0.0703,0.0701,0.072,0.079,0.0752,0.0765,0.0703,0.0754,0.0712,0.0729,0.0713,0.0728,0.0715,0.0678,0.0683,0.0688,0.0705,0.0677,0.0644
Bhutan,IPCC Agriculture,Emissions (N2O),kilotonnes,0.3542,0.3253,0.3436,0.3408,0.3504,0.3915,0.3736,0.3807,0.3437,0.3665,0.3541,0.3597,0.3574,0.3561,0.3511,0.3343,0.3364,0.3416,0.34,0.3292,0.3114
Bhutan,IPCC Agriculture,Emissions (N2O),kilotonnes,1.49,,,,,,,,,,,,,,,,,,,,
Bhutan,IPCC Agriculture,Emissions (CO2eq) from CH4 (AR5),kilotonnes,567.9072,515.8909,513.5417,511.9538,514.5079,589.3491,571.0625,579.8565,500.2909,537.0074,536.2766,529.5721,520.7768,526.8193,488.6188,470.8094,473.8506,474.2335,449.7131,445.8158,418.728
Bhutan,IPCC Agriculture,Emissions (CO2eq) from CH4 (AR5),kilotonnes,724.08,,,,,,,,,,,,,,,,,,,,
Bhutan,IPCC Agriculture,Emissions (CO2eq) from N2O (AR5),kilotonnes,93.8517,86.1965,91.0574,90.3224,92.8551,103.7531,99.0022,100.8809,91.0849,97.1106,93.8348,95.3259,94.7228,94.3657,93.044,88.5819,89.1357,90.5334,90.1106,87.2272,82.5208
Bhutan,IPCC Agriculture,Emissions (CO2eq) from N2O (AR5),kilotonnes,394.85,,,,,,,,,,,,,,,,,,,,
Bhutan,IPCC Agriculture,Emissions (CO2eq) (AR5),kilotonnes,661.7588,602.0873,604.5992,602.2763,607.3629,693.1023,670.0647,680.7374,591.3758,634.118,630.1114,624.898,615.4997,621.185,581.6628,559.3913,562.9863,564.7668,539.8237,533.043,501.2488
Bhutan,IPCC Agriculture,Emissions (CO2eq) (AR5),kilotonnes,1118.93,,,,,,,,,,,,,,,,,,,,
Bhutan,Agricultural Soils,Direct emissions (N2O),kilotonnes,0.2656,0.2426,0.2588,0.2566,0.2648,0.2956,0.2832,0.2873,0.2595,0.278,0.2646,0.2708,0.2656,0.2692,0.2627,0.251,0.2538,0.2559,0.256,0.2469,0.2348
Bhutan,Agricultural Soils,Indirect emissions (N2O),kilotonnes,0.0722,0.0654,0.0703,0.0701,0.072,0.079,0.0752,0.0765,0.0703,0.0754,0.0712,0.0729,0.0713,0.0728,0.0715,0.0678,0.0683,0.0688,0.0705,0.0677,0.0644
Bhutan,Agricultural Soils,Emissions (N2O),kilotonnes,0.3378,0.3081,0.3291,0.3267,0.3369,0.3746,0.3584,0.3638,0.3298,0.3534,0.3359,0.3437,0.3369,0.342,0.3342,0.3188,0.3221,0.3247,0.3264,0.3146,0.2992
Bhutan,Agricultural Soils,Emissions (N2O),kilotonnes,1.2,,,,,,,,,,,,,,,,,,,,
Bhutan,Agricultural Soils,Emissions (CO2eq) from N2O (AR5),kilotonnes,89.5216,81.6401,87.2192,86.5757,89.2742,99.2702,94.9662,96.4035,87.4019,93.6558,89.0018,91.0696,89.2886,90.6412,88.5564,84.471,85.3616,86.055,86.5029,83.3778,79.301
Bhutan,Agricultural Soils,Emissions (CO2eq) from N2O (AR5),kilotonnes,318,,,,,,,,,,,,,,,,,,,,
Bhutan,Agricultural Soils,Emissions (CO2eq) (AR5),kilotonnes,89.5216,81.6401,87.2192,86.5757,89.2742,99.2702,94.9662,96.4035,87.4019,93.6558,89.0018,91.0696,89.2886,90.6412,88.5564,84.471,85.3616,86.055,86.5029,83.3778,79.301
Bhutan,Agricultural Soils,Emissions (CO2eq) (AR5),kilotonnes,318,,,,,,,,,,,,,,,,,,,,
Bhutan,LULUCF,Emissions (CH4),kilotonnes,0.658,0.3254,0.0948,0.0396,0.245,0.214,0.2562,1.5562,0.1851,0.1698,0.9621,0.448,1.5358,0.2141,0.6676,0.809,0.3761,0.2135,0.1197,0.0524,0.1165
Bhutan,LULUCF,Emissions (CH4),kilotonnes,,,,,,,,,,,,,,,,3.515,,,,,
Bhutan,LULUCF,Emissions (N2O),kilotonnes,0.0195,0.0297,0.0087,0.0036,0.0224,0.0195,0.0234,0.1421,0.0169,0.0155,0.0878,0.0409,0.1402,0.0195,0.061,0.0739,0.0343,0.0195,0.0109,0.0048,0.0106
Bhutan,LULUCF,Emissions (N2O),kilotonnes,,,,,,,,,,,,,,,,0.194,,,,,
Bhutan,LULUCF,Emissions (CO2),kilotonnes,-6609.6322,-6610.2979,-6610.2979,-6610.2979,-6610.2979,-6610.2979,-6610.2979,-6610.2979,-6610.2979,-6610.2979,-6610.2979,-1316.8667,-1316.8667,-1316.8667,-1316.8667,-1316.8667,-1318.1982,-1318.1982,-1318.1982,-1318.1982,-1318.1982
Bhutan,LULUCF,Emissions (CO2),kilotonnes,-6309.63,,,,,,,,,,,,,,,-7976.5327,,,,,
Bhutan,LULUCF,Emissions (CO2eq) from CH4 (AR5),kilotonnes,18.4247,9.1121,2.6534,1.1097,6.861,5.9921,7.1732,43.5739,5.183,4.7558,26.938,12.5445,43.0023,5.994,18.6928,22.6519,10.5305,5.9786,3.3508,1.4658,3.2609
Bhutan,LULUCF,Emissions (CO2eq) from N2O (AR5),kilotonnes,5.1643,7.874,2.2929,0.9589,5.9288,5.178,6.1985,37.6535,4.4787,4.1096,23.2779,10.8401,37.1596,5.1796,16.153,19.5742,9.0998,5.1663,2.8955,1.2667,2.8178
Bhutan,LULUCF,Emissions (CO2eq) (AR5),kilotonnes,-6586.0431,-6593.3119,-6605.3517,-6608.2294,-6597.5082,-6599.1278,-6596.9262,-6529.0705,-6600.6362,-6601.4326,-6560.082,-1293.482,-1236.7049,-1305.6932,-1282.0209,-1274.6406,-1298.5679,-1307.0532,-1311.9518,-1315.4657,-1312.1195
Bhutan,LULUCF,Emissions (CO2eq) (AR5),kilotonnes,-6309.63,,,,,,,,,,,,,,,-7976.5327,,,,,
Bhutan,AFOLU,Emissions (CH4),kilotonnes,20.9404,18.7501,18.4355,18.3237,18.6203,21.2622,20.6513,22.2654,18.0526,19.3487,20.1148,19.3613,20.135,19.029,18.1183,17.6236,17.2993,17.1504,16.1809,15.9743,15.071
Bhutan,AFOLU,Emissions (N2O),kilotonnes,0.3736,0.355,0.3523,0.3445,0.3728,0.4111,0.397,0.5228,0.3606,0.382,0.4419,0.4006,0.4977,0.3756,0.4121,0.4081,0.3707,0.3611,0.351,0.3339,0.322
Bhutan,AFOLU,Emissions (CO2),kilotonnes,-6609.6322,-6610.2979,-6610.2979,-6610.2979,-6610.2979,-6610.2979,-6610.2979,-6610.2979,-6610.2979,-6610.2979,-6610.2979,-1316.8667,-1316.8667,-1316.8667,-1316.8667,-1316.8667,-1318.1982,-1318.1982,-1318.1982,-1318.1982,-1318.1982
Bhutan,AFOLU,Emissions (CO2eq) from CH4 (AR5),kilotonnes,586.3319,525.0029,516.1951,513.0635,521.3689,595.3413,578.2357,623.4305,505.4738,541.7632,563.2146,542.1166,563.7791,532.8133,507.3116,493.4613,484.3811,480.2121,453.0639,447.2817,421.9889
Bhutan,AFOLU,Emissions (CO2eq) from N2O (AR5),kilotonnes,99.016,94.0705,93.3503,91.2813,98.7839,108.9311,105.2007,138.5344,95.5636,101.2202,117.1127,106.166,131.8824,99.5453,109.197,108.1561,98.2355,95.6997,93.0061,88.4939,85.3386
Bhutan,AFOLU,Emissions (CO2eq) (AR5),kilotonnes,-5924.2843,-5991.2246,-6000.7525,-6005.9531,-5990.1452,-5906.0256,-5926.8615,-5848.3331,-6009.2605,-5967.3146,-5929.9706,-668.5841,-621.2052,-684.5082,-700.358,-715.2492,-735.5816,-742.2864,-772.1282,-782.4227,-810.8707
Bhutan,All sectors with LULUCF,Emissions (CH4),kilotonnes,36.3369,34.8277,35.1186,35.0168,35.3136,38.9742,38.8533,41.0085,36.9965,38.4586,39.3618,38.5173,39.4753,38.2595,38.0557,37.3086,37.0863,37.3324,36.4359,36.6003,35.906
Bhutan,All sectors with LULUCF,Emissions (N2O),kilotonnes,0.6103,0.5969,0.6001,0.5957,0.6256,0.6725,0.6606,0.785,0.628,0.6542,0.7222,0.6848,0.7839,0.6639,0.7033,0.7064,0.6649,0.6564,0.6472,0.6402,0.6313
Bhutan,All sectors with LULUCF,Emissions (CO2),kilotonnes,-6150.6322,-6157.2979,-6111.2979,-6151.2979,-6219.2979,-6134.2979,-6136.2979,-6132.2979,-6070.2979,-5887.2979,-5766.2979,-269.8667,-208.8667,-123.8667,-36.8667,71.1333,257.8018,397.8018,420.8018,588.8018,669.8018
Bhutan,All sectors with LULUCF,Emissions (CO2eq) from CH4 (AR5),kilotonnes,1017.4339,975.1757,983.3219,980.4703,988.7813,1091.2773,1087.8917,1148.2373,1035.903,1076.8404,1102.1306,1078.4846,1105.3075,1071.2673,1065.5588,1044.6413,1038.4171,1045.3081,1020.2039,1024.8097,1005.3689
Bhutan,All sectors with LULUCF,Emissions (CO2eq) from N2O (AR5),kilotonnes,161.7343,158.1681,159.0393,157.8726,165.774,178.2016,175.0555,208.0193,166.4275,173.3572,191.3707,181.4851,207.7326,175.9265,186.3741,187.189,176.2091,173.9391,171.5113,169.6506,167.2914
Bhutan,All sectors with LULUCF,Emissions (CO2eq) (AR5),kilotonnes,-4971.464,-5023.9541,-4968.9368,-5012.955,-5064.7427,-4864.8191,-4873.3507,-4776.0414,-4867.9674,-4637.1004,-4472.7966,990.103,1104.1733,1123.3271,1215.0662,1302.9636,1472.428,1617.049,1612.517,1783.2621,1842.4621
Bhutan,All sectors without LULUCF,Emissions (CH4),kilotonnes,35.6789,34.5023,35.0239,34.9772,35.0686,38.7602,38.5971,39.4523,36.8114,38.2887,38.3997,38.0693,37.9395,38.0455,37.3881,36.4996,36.7102,37.1189,36.3162,36.548,35.7896
Bhutan,All sectors without LULUCF,Emissions (N2O),kilotonnes,0.5908,0.5671,0.5915,0.5921,0.6032,0.6529,0.6372,0.6429,0.6111,0.6387,0.6343,0.6439,0.6437,0.6443,0.6423,0.6325,0.6306,0.6369,0.6363,0.6354,0.6207
Bhutan,All sectors without LULUCF,Emissions (CO2),kilotonnes,459,453,499,459,391,476,474,478,540,723,844,1047,1108,1193,1280,1388,1576,1716,1739,1907,1988
Bhutan,All sectors without LULUCF,Emissions (CO2eq) from CH4 (AR5),kilotonnes,999.0092,966.0637,980.6685,979.3606,981.9203,1085.2851,1080.7185,1104.6633,1030.7201,1072.0846,1075.1926,1065.9401,1062.3052,1065.2733,1046.866,1021.9894,1027.8866,1039.3295,1016.8531,1023.3438,1002.108
Bhutan,All sectors without LULUCF,Emissions (CO2eq) from N2O (AR5),kilotonnes,156.57,150.2941,156.7464,156.9137,159.8452,173.0236,168.857,170.3657,161.9488,169.2476,168.0928,170.645,170.573,170.7469,170.2211,167.6147,167.1093,168.7727,168.6158,168.384,164.4736
Bhutan,All sectors without LULUCF,Emissions (CO2eq) (AR5),kilotonnes,1614.5792,1569.3578,1636.415,1595.2744,1532.7655,1734.3087,1723.5755,1753.0291,1732.6689,1964.3322,2087.2854,2283.5851,2340.8782,2429.0202,2497.0871,2577.6041,2770.9959,2924.1022,2924.4689,3098.7278,3154.5816
Bolivia (Plurinational State of),Crop Residues,Direct emissions (N2O),kilotonnes,0.5775,0.5775,0.5946,0.6721,0.6758,0.7806,0.7966,0.7885,0.7493,0.9178,0.8976,0.9159,1.0578,1.1767,1.1455,1.2655,1.2451,1.1065,1.3074,1.2811,1.2627
Bolivia (Plurinational State of),Crop Residues,Indirect emissions (N2O),kilotonnes,0.1299,0.1299,0.1338,0.1512,0.1521,0.1756,0.1792,0.1774,0.1686,0.2065,0.202,0.2061,0.238,0.2648,0.2577,0.2847,0.2802,0.249,0.2942,0.2882,0.2841
Bolivia (Plurinational State of),Crop Residues,Emissions (N2O),kilotonnes,0.7074,0.7074,0.7284,0.8234,0.8279,0.9563,0.9758,0.966,0.9178,1.1243,1.0995,1.122,1.2958,1.4414,1.4033,1.5503,1.5253,1.3555,1.6016,1.5693,1.5467
Bolivia (Plurinational State of),Crop Residues,Emissions (CO2eq) from N2O (AR5),kilotonnes,187.4602,187.465,193.031,218.1891,219.3934,253.4069,258.5814,255.9829,243.2264,297.9476,291.3779,297.3219,343.382,381.9797,371.8705,410.826,404.1998,359.202,424.4173,415.8773,409.8884
Bolivia (Plurinational State of),Crop Residues,Emissions (CO2eq) (AR5),kilotonnes,187.4602,187.465,193.031,218.1891,219.3934,253.4069,258.5814,255.9829,243.2264,297.9476,291.3779,297.3219,343.382,381.9797,371.8705,410.826,404.1998,359.202,424.4173,415.8773,409.8884
Bolivia (Plurinational State of),Rice Cultivation,Emissions (CH4),kilotonnes,10.9418,10.2276,9.0919,9.8823,10.6535,13.1867,11.7879,11.9003,10.8781,13.0763,13.5966,12.4791,11.0251,11.6409,12.2447,11.645,11.4733,12.0977,11.8843,13.1097,12.3561
Bolivia (Plurinational State of),Rice Cultivation,Emissions (CO2eq) from CH4 (AR5),kilotonnes,306.3715,286.3717,254.5726,276.703,298.2983,369.2287,330.062,333.2098,304.586,366.1358,380.7045,349.4151,308.7039,325.946,342.853,326.0597,321.2518,338.735,332.761,367.0708,345.9714
Bolivia (Plurinational State of),Rice Cultivation,Emissions (CO2eq) (AR5),kilotonnes,306.3715,286.3717,254.5726,276.703,298.2983,369.2287,330.062,333.2098,304.586,366.1358,380.7045,349.4151,308.7039,325.946,342.853,326.0597,321.2518,338.735,332.761,367.0708,345.9714
Bolivia (Plurinational State of),Burning - Crop residues,Emissions (CH4),kilotonnes,1.338,1.3178,1.3561,1.3165,1.379,1.5138,1.5194,1.6556,1.8484,1.8456,1.7016,1.7247,1.6708,1.8791,1.9341,1.9064,1.8125,1.8679,2.0107,2.0619,1.9408
Bolivia (Plurinational State of),Burning - Crop residues,Emissions (CH4),kilotonnes,1.06,,1.17,,1.3,,,,,,,,,,,,,,,,
Bolivia (Plurinational State of),Burning - Crop residues,Emissions (N2O),kilotonnes,0.0347,0.0342,0.0352,0.0341,0.0358,0.0392,0.0394,0.0429,0.0479,0.0478,0.0441,0.0447,0.0433,0.0487,0.0501,0.0494,0.047,0.0484,0.0521,0.0535,0.0503
Bolivia (Plurinational State of),Burning - Crop residues,Emissions (N2O),kilotonnes,0.03,,0.04,,0.04,,,,,,,,,,,,,,,,
Bolivia (Plurinational State of),Burning - Crop residues,Emissions (CO2eq) from CH4 (AR5),kilotonnes,37.4654,36.8995,37.9697,36.862,38.6133,42.3851,42.5421,46.3555,51.7559,51.6779,47.644,48.2927,46.7822,52.615,54.1554,53.378,50.75,52.301,56.3,57.7342,54.3415
Bolivia (Plurinational State of),Burning - Crop residues,Emissions (CO2eq) from CH4 (AR5),kilotonnes,29.68,,32.76,,36.4,,,,,,,,,,,,,,,,
Bolivia (Plurinational State of),Burning - Crop residues,Emissions (CO2eq) from N2O (AR5),kilotonnes,9.1929,9.054,9.3166,9.0449,9.4746,10.4,10.4386,11.3743,12.6994,12.6802,11.6904,11.8496,11.479,12.9102,13.2881,13.0974,12.4525,12.8331,13.8143,14.1663,13.3338
Bolivia (Plurinational State of),Burning - Crop residues,Emissions (CO2eq) from N2O (AR5),kilotonnes,7.95,,10.6,,10.6,,,,,,,,,,,,,,,,
Bolivia (Plurinational State of),Burning - Crop residues,Emissions (CO2eq) (AR5),kilotonnes,46.6582,45.9535,47.2863,45.9069,48.0879,52.7852,52.9806,57.7297,64.4552,64.3581,59.3344,60.1423,58.2612,65.5251,67.4435,66.4754,63.2025,65.1342,70.1143,71.9004,67.6753
Bolivia (Plurinational State of),Burning - Crop residues,Emissions (CO2eq) (AR5),kilotonnes,37.63,,43.36,,47,,,,,,,,,,,,,,,,
Bolivia (Plurinational State of),Enteric Fermentation,Emissions (CH4),kilotonnes,510.3491,489.5634,505.0773,517.909,531.2043,544.5425,557.6768,570.5988,583.0873,605.5392,612.535,638.3402,654.5658,671.23,659.707,665.6963,674.2642,681.7968,695.6427,706.6531,730.0964
Bolivia (Plurinational State of),Enteric Fermentation,Emissions (CH4),kilotonnes,470.37,,412.7167,,428.3959,,,,,,,,,,,,,,,,
Bolivia (Plurinational State of),Enteric Fermentation,Emissions (CO2eq) from CH4 (AR5),kilotonnes,14289.7745,13707.7755,14142.1648,14501.451,14873.7202,15247.1905,15614.9502,15976.7664,16326.4454,16955.0978,17150.9799,17873.5246,18327.8418,18794.4389,18471.7956,18639.4972,18879.3977,19090.3107,19477.9942,19786.2874,20442.699
Bolivia (Plurinational State of),Enteric Fermentation,Emissions (CO2eq) from CH4 (AR5),kilotonnes,13170.36,,11556.0676,,11995.0852,,,,,,,,,,,,,,,,
Bolivia (Plurinational State of),Enteric Fermentation,Emissions (CO2eq) (AR5),kilotonnes,14289.7745,13707.7755,14142.1648,14501.451,14873.7202,15247.1905,15614.9502,15976.7664,16326.4454,16955.0978,17150.9799,17873.5246,18327.8418,18794.4389,18471.7956,18639.4972,18879.3977,19090.3107,19477.9942,19786.2874,20442.699
Bolivia (Plurinational State of),Enteric Fermentation,Emissions (CO2eq) (AR5),kilotonnes,13170.36,,11556.0676,,11995.0852,,,,,,,,,,,,,,,,
Bolivia (Plurinational State of),Manure Management,Emissions (CH4),kilotonnes,15.3672,15.1143,15.62,16.0858,16.6684,17.5101,18.2706,19.0052,19.566,20.3599,21.1231,21.97,22.2571,22.7649,22.4603,22.6273,22.9198,23.4007,23.8225,24.1902,24.8474
Bolivia (Plurinational State of),Manure Management,Emissions (CH4),kilotonnes,18.6,,12.19,,21.58,,,,,,,,,,,,,,,,
Bolivia (Plurinational State of),Manure Management,Emissions (N2O),kilotonnes,0.6619,0.6788,0.7106,0.743,0.7855,0.8505,0.9061,0.9645,1.0152,1.0427,1.1207,1.1419,1.1517,1.1798,1.1675,1.1912,1.2159,1.2608,1.2978,1.3184,1.3597
Bolivia (Plurinational State of),Manure Management,Emissions (N2O),kilotonnes,0.06,,0.0642,,0.0639,,,,,,,,,,,,,,,,
Bolivia (Plurinational State of),Manure Management,Emissions (CO2eq) from CH4 (AR5),kilotonnes,430.2815,423.2016,437.3614,450.4033,466.7153,490.2836,511.5775,532.1464,547.8474,570.0772,591.447,615.1612,623.1996,637.4181,628.888,633.5656,641.7558,655.2202,667.0293,677.3246,695.7269
Bolivia (Plurinational State of),Manure Management,Emissions (CO2eq) from CH4 (AR5),kilotonnes,520.8,,341.32,,604.24,,,,,,,,,,,,,,,,
Bolivia (Plurinational State of),Manure Management,Emissions (CO2eq) from N2O (AR5),kilotonnes,175.4157,179.8712,188.2967,196.9073,208.1633,225.3707,240.109,255.6037,269.0357,276.3139,296.9827,302.599,305.1902,312.6598,309.3992,315.6712,322.2119,334.1161,343.9141,349.3726,360.3263
Bolivia (Plurinational State of),Manure Management,Emissions (CO2eq) from N2O (AR5),kilotonnes,15.9,,17.013,,16.9335,,,,,,,,,,,,,,,,
Bolivia (Plurinational State of),Manure Management,Emissions (CO2eq) (AR5),kilotonnes,605.6972,603.0728,625.6581,647.3106,674.8787,715.6543,751.6864,787.7501,816.8831,846.3911,888.4297,917.7601,928.3898,950.0779,938.2872,949.2368,963.9677,989.3363,1010.9435,1026.6972,1056.0532
Bolivia (Plurinational State of),Manure Management,Emissions (CO2eq) (AR5),kilotonnes,536.7,,358.333,,621.1735,,,,,,,,,,,,,,,,
Bolivia (Plurinational State of),Manure left on Pasture,Direct emissions (N2O),kilotonnes,11.8416,11.3932,11.6667,11.9766,12.3094,12.7051,13.1097,13.4714,13.8151,14.2272,14.632,15.0753,15.3892,15.7612,15.3268,15.5229,15.761,16.058,16.4049,16.6766,17.2243
Bolivia (Plurinational State of),Manure left on Pasture,Indirect emissions (N2O),kilotonnes,3.1297,3.0467,3.1222,3.2027,3.2861,3.3832,3.4826,3.5723,3.6548,3.7745,3.8572,3.9903,4.0738,4.1695,3.9956,4.034,4.083,4.1407,4.2165,4.2781,4.3988
Bolivia (Plurinational State of),Manure left on Pasture,Emissions (N2O),kilotonnes,14.9713,14.4399,14.7889,15.1794,15.5956,16.0884,16.5923,17.0437,17.4699,18.0017,18.4892,19.0656,19.463,19.9307,19.3224,19.5569,19.8439,20.1987,20.6214,20.9547,21.6231
Bolivia (Plurinational State of),Manure left on Pasture,Emissions (CO2eq) from N2O (AR5),kilotonnes,3967.3943,3826.5673,3919.0715,4022.5348,4132.8274,4263.4181,4396.9602,4516.5786,4629.5303,4770.4632,4899.629,5052.3904,5157.6884,5281.6421,5120.4385,5182.5749,5258.6464,5352.6463,5464.6685,5553.0035,5730.1217
Bolivia (Plurinational State of),Manure left on Pasture,Emissions (CO2eq) (AR5),kilotonnes,3967.3943,3826.5673,3919.0715,4022.5348,4132.8274,4263.4181,4396.9602,4516.5786,4629.5303,4770.4632,4899.629,5052.3904,5157.6884,5281.6421,5120.4385,5182.5749,5258.6464,5352.6463,5464.6685,5553.0035,5730.1217
Bolivia (Plurinational State of),Manure applied to Soils,Direct emissions (N2O),kilotonnes,0.7868,0.7854,0.848,0.8844,0.9411,1.0404,1.102,1.1843,1.2467,1.2835,1.4167,1.4358,1.4327,1.4678,1.4638,1.4963,1.5253,1.6009,1.6325,1.6605,1.7095
Bolivia (Plurinational State of),Manure applied to Soils,Indirect emissions (N2O),kilotonnes,0.3344,0.3338,0.3604,0.3759,0.4,0.4422,0.4683,0.5033,0.5299,0.5455,0.6021,0.6102,0.6089,0.6238,0.6221,0.6359,0.6483,0.6804,0.6938,0.7057,0.7265
Bolivia (Plurinational State of),Manure applied to Soils,Emissions (N2O),kilotonnes,1.1212,1.1191,1.2084,1.2603,1.3411,1.4825,1.5703,1.6877,1.7766,1.8289,2.0188,2.046,2.0416,2.0916,2.0858,2.1322,2.1736,2.2813,2.3263,2.3662,2.436
Bolivia (Plurinational State of),Manure applied to Soils,Emissions (CO2eq) from N2O (AR5),kilotonnes,297.1195,296.5738,320.2162,333.9766,355.3957,392.867,416.1248,447.2311,470.7919,484.6656,534.9866,542.1929,541.0189,554.2732,552.7501,565.0333,576.0049,604.5554,616.4816,627.0302,645.5382
Bolivia (Plurinational State of),Manure applied to Soils,Emissions (CO2eq) (AR5),kilotonnes,297.1195,296.5738,320.2162,333.9766,355.3957,392.867,416.1248,447.2311,470.7919,484.6656,534.9866,542.1929,541.0189,554.2732,552.7501,565.0333,576.0049,604.5554,616.4816,627.0302,645.5382
Bolivia (Plurinational State of),Synthetic Fertilizers,Direct emissions (N2O),kilotonnes,0.0506,0.0844,0.0949,0.0974,0.0984,0.1916,0.1369,0.1867,0.2117,0.2172,0.2823,0.321,0.3028,0.3777,0.3743,0.3633,0.313,0.321,0.2893,0.2293,0.3547
Bolivia (Plurinational State of),Synthetic Fertilizers,Indirect emissions (N2O),kilotonnes,0.0164,0.0274,0.0308,0.0317,0.032,0.0623,0.0445,0.0607,0.0688,0.0706,0.0917,0.1043,0.0984,0.1228,0.1217,0.1181,0.1017,0.1043,0.094,0.0745,0.1153
Bolivia (Plurinational State of),Synthetic Fertilizers,Emissions (N2O),kilotonnes,0.067,0.1118,0.1258,0.1291,0.1303,0.2539,0.1813,0.2474,0.2805,0.2879,0.374,0.4253,0.4012,0.5005,0.496,0.4814,0.4147,0.4253,0.3834,0.3039,0.47
Bolivia (Plurinational State of),Synthetic Fertilizers,Emissions (CO2eq) from N2O (AR5),kilotonnes,17.7559,29.6244,33.3268,34.1986,34.5407,67.2715,48.0535,65.5666,74.3397,76.2819,99.1085,112.7041,106.3069,132.6317,131.4295,127.5677,109.8888,112.7094,101.5972,80.5246,124.5506
Bolivia (Plurinational State of),Synthetic Fertilizers,Emissions (CO2eq) (AR5),kilotonnes,17.7559,29.6244,33.3268,34.1986,34.5407,67.2715,48.0535,65.5666,74.3397,76.2819,99.1085,112.7041,106.3069,132.6317,131.4295,127.5677,109.8888,112.7094,101.5972,80.5246,124.5506
Bolivia (Plurinational State of),Drained organic soils,Emissions (CO2eq) (AR5),kilotonnes,0,0,0,0,0,0,0,0,0,0,0,0,0,0,0,0,0,0,0,0,0
Bolivia (Plurinational State of),Drained organic soils (CO2),Emissions (CO2),kilotonnes,0,0,0,0,0,0,0,0,0,0,0,0,0,0,0,0,0,0,0,0,0
Bolivia (Plurinational State of),Drained organic soils (CO2),Emissions (CO2eq) (AR5),kilotonnes,0,0,0,0,0,0,0,0,0,0,0,0,0,0,0,0,0,0,0,0,0
Bolivia (Plurinational State of),Drained organic soils (N2O),Emissions (N2O),kilotonnes,0,0,0,0,0,0,0,0,0,0,0,0,0,0,0,0,0,0,0,0,0
Bolivia (Plurinational State of),Drained organic soils (N2O),Emissions (CO2eq) from N2O (AR5),kilotonnes,0,0,0,0,0,0,0,0,0,0,0,0,0,0,0,0,0,0,0,0,0
Bolivia (Plurinational State of),Drained organic soils (N2O),Emissions (CO2eq) (AR5),kilotonnes,0,0,0,0,0,0,0,0,0,0,0,0,0,0,0,0,0,0,0,0,0
Bolivia (Plurinational State of),On-farm energy use,Emissions (CH4),kilotonnes,0.0828,0.0807,0.0826,0.0879,0.0959,0.0962,0.0645,0.0686,0.0732,0.0737,0.0742,0.0749,0.0744,0.0752,0.0761,0.0794,0.084,0.0897,0.0909,0.0938,0.0938
Bolivia (Plurinational State of),On-farm energy use,Emissions (N2O),kilotonnes,0.2324,0.2323,0.2409,0.268,0.2988,0.3197,0.0898,0.096,0.0986,0.1011,0.106,0.1146,0.1219,0.1342,0.1427,0.1416,0.1441,0.1516,0.159,0.1622,0.1622
Bolivia (Plurinational State of),On-farm energy use,Emissions (CO2),kilotonnes,764.7689,761.8324,799.5109,882.6565,984.1148,1028.8274,432.6633,430.0785,407.1546,374.4021,383.5845,407.1663,423.7514,459.8499,482.4794,487.5917,500.4786,528.0108,553.209,567.355,567.355
Bolivia (Plurinational State of),On-farm energy use,Emissions (CO2eq) from CH4 (AR5),kilotonnes,2.3174,2.2591,2.3115,2.4601,2.6848,2.6943,1.8052,1.9201,2.0502,2.0631,2.0789,2.0971,2.0832,2.1067,2.1303,2.2224,2.3529,2.5124,2.5444,2.6272,2.6272
Bolivia (Plurinational State of),On-farm energy use,Emissions (CO2eq) from N2O (AR5),kilotonnes,61.579,61.5654,63.8489,71.0262,79.1949,84.7182,23.7864,25.4399,26.1243,26.7818,28.0849,30.3592,32.3043,35.5564,37.8242,37.5179,38.1979,40.1728,42.1335,42.9953,42.9953
Bolivia (Plurinational State of),On-farm energy use,Emissions (CO2eq) (AR5),kilotonnes,828.6652,825.6569,865.6713,956.1428,1065.9945,1116.2399,458.255,457.4385,435.3291,403.2471,413.7483,439.6225,458.1389,497.513,522.4339,527.332,541.0294,570.696,597.8869,612.9775,612.9775
Bolivia (Plurinational State of),Forestland,Emissions (CO2),kilotonnes,-425.1388,-425.4211,-425.4211,-425.4211,-425.4211,-425.4211,-425.4211,-425.4211,-425.4211,-425.4211,-425.4211,-385.0527,-385.0527,-385.0527,-385.0527,-385.0527,-318.9952,-318.9952,-318.9952,-318.9952,-318.9952
Bolivia (Plurinational State of),Forestland,Emissions (CO2eq) (AR5),kilotonnes,-425.1388,-425.4211,-425.4211,-425.4211,-425.4211,-425.4211,-425.4211,-425.4211,-425.4211,-425.4211,-425.4211,-385.0527,-385.0527,-385.0527,-385.0527,-385.0527,-318.9952,-318.9952,-318.9952,-318.9952,-318.9952
Bolivia (Plurinational State of),Net Forest conversion,Emissions (CO2),kilotonnes,76739.2436,57318.9267,57318.9267,57318.9267,57318.9267,57318.9267,57318.9267,57318.9267,57318.9267,57318.9267,57318.9267,60163.6302,60163.6302,60163.6302,60163.6302,60163.6302,67700.9512,67700.9512,67700.9512,67700.9512,67700.9512
Bolivia (Plurinational State of),Net Forest conversion,Emissions (CO2eq) (AR5),kilotonnes,76739.2436,57318.9267,57318.9267,57318.9267,57318.9267,57318.9267,57318.9267,57318.9267,57318.9267,57318.9267,57318.9267,60163.6302,60163.6302,60163.6302,60163.6302,60163.6302,67700.9512,67700.9512,67700.9512,67700.9512,67700.9512
Bolivia (Plurinational State of),Savanna fires,Emissions (CH4),kilotonnes,21.2198,25.336,51.5938,34.0572,59.3411,68.8615,49.4746,40.97,34.9357,25.0844,84.148,36.9227,31.1963,21.4288,12.7317,26.8169,41.8557,31.8642,20.5217,47.9521,44.4415
Bolivia (Plurinational State of),Savanna fires,Emissions (N2O),kilotonnes,1.9375,2.3133,4.7107,3.1096,5.4181,6.2874,4.5172,3.7407,3.1898,2.2903,7.6831,3.3712,2.8484,1.9565,1.1625,2.4485,3.8216,2.9093,1.8737,4.3782,4.0577
Bolivia (Plurinational State of),Savanna fires,Emissions (CO2eq) from CH4 (AR5),kilotonnes,594.1536,709.4093,1444.6253,953.6015,1661.5501,1928.1234,1385.2898,1147.1597,978.1995,702.3644,2356.1432,1033.8346,873.4967,600.0063,356.4875,750.8743,1171.9602,892.1976,574.6071,1342.6599,1244.3612
Bolivia (Plurinational State of),Savanna fires,Emissions (CO2eq) from N2O (AR5),kilotonnes,513.4264,613.0221,1248.3447,824.036,1435.796,1666.1501,1197.0711,991.2956,845.292,606.9345,2036.015,893.3679,754.8151,518.4837,308.0517,648.8533,1012.7265,770.9751,496.5355,1160.2333,1075.2904
Bolivia (Plurinational State of),Savanna fires,Emissions (CO2eq) (AR5),kilotonnes,1107.58,1322.4314,2692.9701,1777.6375,3097.3461,3594.2735,2582.3609,2138.4553,1823.4915,1309.2989,4392.1582,1927.2026,1628.3119,1118.4901,664.5392,1399.7276,2184.6867,1663.1727,1071.1426,2502.8931,2319.6517
Bolivia (Plurinational State of),Fires in organic soils,Emissions (CH4),kilotonnes,0,0,0,0,0,0,0,0,0,0,0,0,0,0,0,0,0,0,0,0,0
Bolivia (Plurinational State of),Fires in organic soils,Emissions (CO2),kilotonnes,0,0,0,0,0,0,0,0,0,0,0,0,0,0,0,0,0,0,0,0,0
Bolivia (Plurinational State of),Fires in organic soils,Emissions (CO2eq) from CH4 (AR5),kilotonnes,0,0,0,0,0,0,0,0,0,0,0,0,0,0,0,0,0,0,0,0,0
Bolivia (Plurinational State of),Fires in organic soils,Emissions (CO2eq) (AR5),kilotonnes,0,0,0,0,0,0,0,0,0,0,0,0,0,0,0,0,0,0,0,0,0
Bolivia (Plurinational State of),Forest fires,Emissions (CH4),kilotonnes,88.3651,47.0311,123.9116,46.3907,283.9842,129.0318,155.456,243.88,94.0869,38.4386,438.2902,93.4967,69.6119,28.7894,17.9916,57.0845,77.7392,39.6626,47.2546,258.3259,169.4473
Bolivia (Plurinational State of),Forest fires,Emissions (N2O),kilotonnes,2.599,4.2941,11.3137,4.2357,25.929,11.7812,14.1938,22.2673,8.5905,3.5096,40.0178,8.5367,6.3559,2.6286,1.6427,5.2121,7.0979,3.6214,4.3146,23.5863,15.4713
Bolivia (Plurinational State of),Forest fires,Emissions (CO2eq) from CH4 (AR5),kilotonnes,2474.2217,1316.8697,3469.5249,1298.939,7951.5582,3612.8903,4352.7681,6828.6409,2634.433,1076.2797,12272.1248,2617.9071,1949.1318,806.1026,503.7651,1598.3653,2176.6985,1110.554,1323.1295,7233.1246,4744.5251
Bolivia (Plurinational State of),Forest fires,Emissions (CO2eq) from N2O (AR5),kilotonnes,688.7276,1137.9472,2998.122,1122.4527,6871.1834,3122.0085,3761.3594,5900.8364,2276.4937,930.046,10604.7166,2262.2132,1684.3041,696.5778,435.3188,1381.1961,1880.9514,959.6635,1143.3565,6250.3631,4099.8886
Bolivia (Plurinational State of),Forest fires,Emissions (CO2eq) (AR5),kilotonnes,3162.9493,2454.817,6467.6469,2421.3917,14822.7416,6734.8988,8114.1276,12729.4773,4910.9268,2006.3257,22876.8414,4880.1204,3633.436,1502.6803,939.0839,2979.5615,4057.6499,2070.2174,2466.486,13483.4877,8844.4137
Bolivia (Plurinational State of),Fires in humid tropical forests,Emissions (CH4),kilotonnes,86.3754,42.1568,113.7486,40.3801,279.0132,125.3161,146.8661,229.4706,83.9736,36.5557,420.7423,90.706,64.4347,27.3653,17.3367,56.5735,75.3781,37.7055,44.6701,224.0633,154.9624
Bolivia (Plurinational State of),Fires in humid tropical forests,Emissions (N2O),kilotonnes,2.5405,3.8491,10.3857,3.6869,25.4751,11.4419,13.4095,20.9517,7.6672,3.3377,38.4156,8.2818,5.8832,2.4986,1.5829,5.1654,6.8823,3.4427,4.0786,20.458,14.1487
Bolivia (Plurinational State of),Fires in humid tropical forests,Emissions (CO2eq) from CH4 (AR5),kilotonnes,2418.5124,1180.3902,3184.9608,1130.6416,7812.3707,3508.8513,4112.2513,6425.1781,2351.26,1023.5606,11780.7842,2539.7673,1804.1724,766.2276,485.4284,1584.0587,2110.5865,1055.7536,1250.763,6273.7728,4338.9465
Bolivia (Plurinational State of),Fires in humid tropical forests,Emissions (CO2eq) from N2O (AR5),kilotonnes,673.2203,1020.0111,2752.2215,977.0218,6750.9073,3032.1052,3553.5215,5552.1919,2031.7954,884.4899,10180.1342,2194.6902,1559.0402,662.1206,419.4734,1368.8333,1823.822,912.3088,1080.8224,5421.358,3749.4157
Bolivia (Plurinational State of),Fires in humid tropical forests,Emissions (CO2eq) (AR5),kilotonnes,3091.7327,2200.4013,5937.1823,2107.6634,14563.278,6540.9566,7665.7727,11977.37,4383.0554,1908.0505,21960.9183,4734.4574,3363.2126,1428.3482,904.9018,2952.892,3934.4086,1968.0624,2331.5854,11695.1308,8088.3621
Bolivia (Plurinational State of),Waste - agri-food systems,Emissions (CH4),kilotonnes,55.5927,56.711,57.4688,58.0743,58.894,59.0969,59.9392,60.7051,61.292,61.5575,62.2138,62.6494,63.8525,64.5483,64.2794,64.7795,65.4028,66.1207,66.7259,67.2738,67.7774
Bolivia (Plurinational State of),Waste - agri-food systems,Emissions (N2O),kilotonnes,0.1853,0.1894,0.1936,0.1963,0.1932,0.2017,0.2129,0.2239,0.2262,0.224,0.233,0.2374,0.2449,0.2549,0.2538,0.2714,0.2791,0.285,0.292,0.2985,0.3051
Bolivia (Plurinational State of),Waste - agri-food systems,Emissions (CO2),kilotonnes,0.4594,0.4588,0.4582,0.4586,0.4603,0.462,0.4656,0.4683,0.4732,0.4739,0.4765,0.4805,0.4829,0.4854,0.4869,0.4869,0.4875,0.4895,0.4909,0.4912,0.489
Bolivia (Plurinational State of),Waste - agri-food systems,Emissions (CO2eq) from CH4 (AR5),kilotonnes,1556.5953,1587.9085,1609.127,1626.0808,1649.0323,1654.7129,1678.2985,1699.7421,1716.1757,1723.6088,1741.9878,1754.183,1787.8711,1807.3515,1799.8241,1813.8253,1831.2784,1851.3786,1868.3264,1883.6665,1897.7662
Bolivia (Plurinational State of),Waste - agri-food systems,Emissions (CO2eq) from N2O (AR5),kilotonnes,49.1061,50.202,51.2943,52.0082,51.1881,53.4582,56.4148,59.3356,59.933,59.3679,61.7366,62.8993,64.8943,67.5497,67.2648,71.9107,73.9617,75.5373,77.3764,79.1157,80.8548
Bolivia (Plurinational State of),Waste - agri-food systems,Emissions (CO2eq) (AR5),kilotonnes,1606.1608,1638.5692,1660.8795,1678.5476,1700.6806,1708.6331,1735.1789,1759.5461,1776.5819,1783.4506,1804.2009,1817.5627,1853.2483,1875.3866,1867.5757,1886.2229,1905.7276,1927.4054,1946.1937,1963.2734,1979.11
Bolivia (Plurinational State of),Fertilizers Manufacturing,Emissions (CO2),kilotonnes,76.2388,58.9052,71.9234,77.6772,75.5195,83.4311,103.5696,84.1503,89.9042,92.0619,99.9735,110.762,125.8659,123.7082,132.339,130.1813,138.8121,146.7237,143.1275,219.1585,202.5556
Bolivia (Plurinational State of),Fertilizers Manufacturing,Emissions (CO2eq) (AR5),kilotonnes,76.2388,58.9052,71.9234,77.6772,75.5195,83.4311,103.5696,84.1503,89.9042,92.0619,99.9735,110.762,125.8659,123.7082,132.339,130.1813,138.8121,146.7237,143.1275,219.1585,202.5556
Bolivia (Plurinational State of),On-farm electricity use,Emissions (CH4),kilotonnes,0.4464,0.4824,0.51,0.4632,0.4176,0.5076,0.5364,0.7248,0.9552,0.9732,1.1243,1.0164,1.0692,1.0584,0.9864,1.0512,1.0824,1.0824,1.032,1.0411,1.0411
Bolivia (Plurinational State of),On-farm electricity use,Emissions (N2O),kilotonnes,0.0024,0.0026,0.0027,0.0025,0.0023,0.0027,0.0029,0.0039,0.005,0.0052,0.006,0.0054,0.0058,0.0057,0.0053,0.0056,0.0059,0.0058,0.0055,0.0056,0.0056
Bolivia (Plurinational State of),On-farm electricity use,Emissions (CO2),kilotonnes,116.7253,102.3643,110.0111,122.9253,102.7163,124.8534,131.9373,201.8716,298.4777,318.8663,392.4364,367.1737,379.8136,330.1539,307.6945,327.908,337.6404,337.6404,321.9188,324.7636,324.7636
Bolivia (Plurinational State of),On-farm electricity use,Emissions (CO2eq) from CH4 (AR5),kilotonnes,12.4992,13.5072,14.28,12.9696,11.6928,14.2128,15.0192,20.2944,26.7456,27.2496,31.4804,28.4592,29.9376,29.6352,27.6192,29.4336,30.3072,30.3072,28.896,29.1508,29.1508
Bolivia (Plurinational State of),On-farm electricity use,Emissions (CO2eq) from N2O (AR5),kilotonnes,0.636,0.689,0.7155,0.6625,0.6095,0.7155,0.7685,1.0335,1.325,1.378,1.59,1.431,1.537,1.5105,1.4045,1.484,1.5635,1.537,1.4575,1.484,1.484
Bolivia (Plurinational State of),On-farm electricity use,Emissions (CO2eq) (AR5),kilotonnes,129.8605,116.5605,125.0066,136.5574,115.0186,139.7817,147.725,223.1995,326.5483,347.4939,425.5068,397.0639,411.2882,361.2996,336.7182,358.8256,369.5111,369.4846,352.2723,355.3984,355.3984
Bolivia (Plurinational State of),Food Processing,Emissions (CH4),kilotonnes,0.7887,0.6985,0.5506,0.6449,0.7104,10.5159,9.6565,0.7913,1.9689,1.7085,1.8327,2.0213,1.5236,0.7488,0.6818,0.6784,1.9496,1.8934,1.7583,1.9364,1.9899
Bolivia (Plurinational State of),Food Processing,Emissions (N2O),kilotonnes,0.0015,0.0017,0.0015,0.0017,0.0019,0.0047,0.0049,0.0032,0.0073,0.0072,0.0094,0.0099,0.007,0.0122,0.0103,0.0097,0.0099,0.0123,0.0121,0.0118,0.0123
Bolivia (Plurinational State of),Food Processing,Emissions (CO2),kilotonnes,155.586,126.5762,128.8018,141.9102,145.4883,277.2689,338.8947,194.0042,253.6861,299.2707,322.124,309.6303,238.0801,381.1474,345.2802,333.7796,326.7083,392.0506,370.8478,360.8854,333.5456
Bolivia (Plurinational State of),Food Processing,Emissions (CO2eq) from CH4 (AR5),kilotonnes,22.0836,19.558,15.4168,18.0572,19.8912,294.4452,270.382,22.1564,55.1292,47.838,51.3156,56.5964,42.6608,20.9664,19.0904,18.9952,54.5888,53.0152,49.2324,54.2192,55.717
Bolivia (Plurinational State of),Food Processing,Emissions (CO2eq) from N2O (AR5),kilotonnes,0.3975,0.4505,0.3975,0.4505,0.5035,1.2455,1.2985,0.848,1.9345,1.908,2.491,2.6235,1.855,3.233,2.7295,2.5705,2.6235,3.2595,3.2065,3.127,3.2529
Bolivia (Plurinational State of),Food Processing,Emissions (CO2eq) (AR5),kilotonnes,178.0671,146.5847,144.6161,160.4179,165.883,572.9596,610.5752,217.0086,310.7498,349.0167,375.9306,368.8502,282.5959,405.3468,367.1001,355.3453,383.9206,448.3253,423.2867,418.2316,392.5155
Bolivia (Plurinational State of),Food Packaging,Emissions (CH4),kilotonnes,0.2478,0.2379,0.3021,0.3494,0.4164,0.4458,0.5717,0.6735,0.7189,0.6909,0.6976,0.8117,1.0948,1.1671,1.1183,1.172,1.3285,1.2009,1.3494,1.1832,1.2159
Bolivia (Plurinational State of),Food Packaging,Emissions (N2O),kilotonnes,0.0007,0.0007,0.0008,0.0008,0.0009,0.0008,0.0011,0.0012,0.0013,0.0013,0.0015,0.0017,0.0017,0.0024,0.0024,0.0024,0.0025,0.0027,0.003,0.0026,0.0027
Bolivia (Plurinational State of),Food Packaging,Emissions (CO2),kilotonnes,38.0499,28.9148,36.3879,39.2592,39.5566,42.1867,54.2029,47.5174,56.0602,61.2374,57.545,62.1801,86.8665,86.3806,88.1696,85.1338,94.9548,112.0729,112.7977,99.3977,91.8676
Bolivia (Plurinational State of),Food Packaging,Emissions (CO2eq) from CH4 (AR5),kilotonnes,6.9384,6.6612,8.4588,9.7832,11.6592,12.4824,16.0076,18.858,20.1292,19.3452,19.5328,22.7276,30.6544,32.6788,31.3124,32.816,37.198,33.6252,37.7832,33.1296,34.0448
Bolivia (Plurinational State of),Food Packaging,Emissions (CO2eq) from N2O (AR5),kilotonnes,0.1855,0.1855,0.212,0.212,0.2385,0.212,0.2915,0.318,0.3445,0.3445,0.3975,0.4505,0.4505,0.636,0.636,0.636,0.6625,0.7155,0.795,0.689,0.7167
Bolivia (Plurinational State of),Food Packaging,Emissions (CO2eq) (AR5),kilotonnes,45.1738,35.7615,45.0587,49.2544,51.4543,54.8811,70.502,66.6934,76.5339,80.9271,77.4753,85.3582,117.9714,119.6954,120.118,118.5858,132.8153,146.4136,151.3759,133.2163,126.6291
Bolivia (Plurinational State of),Food Retail,Emissions (CH4),kilotonnes,0.1825,0.185,0.1951,0.1992,0.206,0.22,0.2339,0.2431,0.2552,0.2712,0.2985,0.3248,0.3395,0.3646,0.399,0.4326,0.4584,0.4783,0.502,0.4555,0.4681
Bolivia (Plurinational State of),Food Retail,Emissions (N2O),kilotonnes,0.001,0.001,0.001,0.0011,0.0011,0.0012,0.0013,0.0013,0.0014,0.0015,0.0016,0.0018,0.0019,0.002,0.0022,0.0024,0.0025,0.0026,0.0028,0.0025,0.0026
Bolivia (Plurinational State of),Food Retail,Emissions (CO2),kilotonnes,52.444,45.2787,48.8592,60.3887,59.1021,63.5143,69.1693,80.2506,94.0198,104.8322,121.6752,137.7813,142.2169,137.856,150.1089,162.2394,172.57,180.1965,189.8231,174.1588,160.965
Bolivia (Plurinational State of),Food Retail,Emissions (CO2eq) from CH4 (AR5),kilotonnes,5.11,5.18,5.4628,5.5776,5.768,6.16,6.5492,6.8068,7.1456,7.5936,8.358,9.0944,9.506,10.2088,11.172,12.1128,12.8352,13.3924,14.056,12.754,13.1063
Bolivia (Plurinational State of),Food Retail,Emissions (CO2eq) from N2O (AR5),kilotonnes,0.265,0.265,0.265,0.2915,0.2915,0.318,0.3445,0.3445,0.371,0.3975,0.424,0.477,0.5035,0.53,0.583,0.636,0.6625,0.689,0.742,0.6625,0.6892
Bolivia (Plurinational State of),Food Retail,Emissions (CO2eq) (AR5),kilotonnes,57.819,50.7237,54.587,66.2578,65.1616,69.9923,76.063,87.4019,101.5364,112.8233,130.4572,147.3527,152.2264,148.5948,161.8639,174.9882,186.0677,194.2779,204.6211,187.5753,174.7604
Bolivia (Plurinational State of),Food Household Consumption,Emissions (CH4),kilotonnes,0.6318,0.6376,0.6588,0.6777,0.7078,0.7509,0.7949,0.8346,0.8536,0.8929,0.976,1.053,1.1084,1.1771,1.269,1.3527,1.4265,1.4583,1.501,1.501,1.5425
Bolivia (Plurinational State of),Food Household Consumption,Emissions (N2O),kilotonnes,0.0038,0.0038,0.004,0.0041,0.0043,0.0046,0.0048,0.005,0.005,0.0053,0.0058,0.0062,0.0066,0.0069,0.0074,0.0079,0.0084,0.0085,0.0088,0.0088,0.0092
Bolivia (Plurinational State of),Food Household Consumption,Emissions (CO2),kilotonnes,450.5677,433.7119,458.5128,507.4801,533.8183,559.7952,584.5929,630.6159,667.6725,708.4803,766.3214,824.5523,852.1136,842.4476,897.0821,949.8197,992.4099,1021.2347,1053.4608,1053.4608,973.6532
Bolivia (Plurinational State of),Food Household Consumption,Emissions (CO2eq) from CH4 (AR5),kilotonnes,17.6904,17.8528,18.4464,18.9756,19.8184,21.0252,22.2572,23.3688,23.9008,25.0012,27.328,29.484,31.0352,32.9588,35.532,37.8756,39.942,40.8324,42.028,42.028,43.189
Bolivia (Plurinational State of),Food Household Consumption,Emissions (CO2eq) from N2O (AR5),kilotonnes,1.007,1.007,1.06,1.0865,1.1395,1.219,1.272,1.325,1.325,1.4045,1.537,1.643,1.749,1.8285,1.961,2.0935,2.226,2.2525,2.332,2.332,2.4259
Bolivia (Plurinational State of),Food Household Consumption,Emissions (CO2eq) (AR5),kilotonnes,469.2651,452.5717,478.0192,527.5422,554.7762,582.0394,608.1221,655.3097,692.8983,734.886,795.1864,855.6793,884.8978,877.2349,934.5751,989.7888,1034.5779,1064.3196,1097.8208,1097.8208,1019.2681
Bolivia (Plurinational State of),Food Transport,Emissions (CH4),kilotonnes,0.057,0.0595,0.064,0.068,0.0757,0.0837,0.1005,0.1254,0.1551,0.1738,0.2024,0.2288,0.2486,0.2761,0.2926,0.3047,0.3168,0.3344,0.3399,0.3098,0.3184
Bolivia (Plurinational State of),Food Transport,Emissions (N2O),kilotonnes,0.0062,0.0062,0.0065,0.007,0.0078,0.0083,0.0097,0.0118,0.014,0.0153,0.0171,0.0189,0.0204,0.0225,0.024,0.0253,0.0268,0.0284,0.0292,0.0245,0.0255
Bolivia (Plurinational State of),Food Transport,Emissions (CO2),kilotonnes,295.005,291.565,295.995,315.845,346.66,359.525,403.555,460.645,515.69,539.925,566.405,621.435,668.59,734.83,781.22,816.52,857.33,909.155,936.715,840.3798,776.7147
Bolivia (Plurinational State of),Food Transport,Emissions (CO2eq) from CH4 (AR5),kilotonnes,1.596,1.666,1.792,1.904,2.1196,2.3436,2.814,3.5112,4.3428,4.8664,5.6672,6.4064,6.9608,7.7308,8.1928,8.5316,8.8704,9.3632,9.5172,8.6744,8.914
Bolivia (Plurinational State of),Food Transport,Emissions (CO2eq) from N2O (AR5),kilotonnes,1.643,1.643,1.7225,1.855,2.067,2.1995,2.5705,3.127,3.71,4.0545,4.5315,5.0085,5.406,5.9625,6.36,6.7045,7.102,7.526,7.738,6.4925,6.7539
Bolivia (Plurinational State of),Food Transport,Emissions (CO2eq) (AR5),kilotonnes,298.244,294.874,299.5095,319.604,350.8466,364.0681,408.9395,467.2832,523.7428,548.8459,576.6037,632.8499,680.9568,748.5233,795.7728,831.7561,873.3024,926.0442,953.9702,855.5467,792.3826
Bolivia (Plurinational State of),Energy,Emissions (CH4),kilotonnes,175,151,173,193,215,235,233,237,246,224,248,265,299,334,351,347,334,322,326,362,372
Bolivia (Plurinational State of),Energy,Emissions (N2O),kilotonnes,0.469,0.466,0.479,0.512,0.552,0.576,0.625,0.674,0.709,0.718,0.93,1,1.07,1.16,1.21,1.24,1.28,1.33,1.37,1.49,1.55
Bolivia (Plurinational State of),Energy,Emissions (CO2),kilotonnes,10600,8190,10000,10800,10500,11600,14400,11700,12500,12800,13900,15400,17500,17200,18400,18100,19300,20400,19900,19800,18300
Bolivia (Plurinational State of),Energy,Emissions (CO2eq) from CH4 (AR5),kilotonnes,4900,4228,4844,5404,6020,6580,6524,6636,6888,6272,6944,7420,8372,9352,9828,9716,9352,9016,9128,10136,10416
Bolivia (Plurinational State of),Energy,Emissions (CO2eq) from N2O (AR5),kilotonnes,124.285,123.49,126.935,135.68,146.28,152.64,165.625,178.61,187.885,190.27,246.45,265,283.55,307.4,320.65,328.6,339.2,352.45,363.05,394.85,410.75
Bolivia (Plurinational State of),Energy,Emissions (CO2eq) (AR5),kilotonnes,15624.285,12541.49,14970.935,16339.68,16666.28,18332.64,21089.625,18514.61,19575.885,19262.27,21090.45,23085,26155.55,26859.4,28548.65,28144.6,28991.2,29768.45,29391.05,30330.85,29126.75
Bolivia (Plurinational State of),IPPU,Emissions (N2O),kilotonnes,0.025,0.0255,0.026,0.0264,0.0269,0.0274,0.0279,0.0283,0.0288,0.0293,0.0298,0.0302,0.0307,0.0312,0.0317,0.0322,0.0327,0.0332,0.0337,0.0341,0.0346
Bolivia (Plurinational State of),IPPU,Emissions (CO2),kilotonnes,528,485,494,546,603,661,752,780,862,970,1020,1110,1120,1270,1390,1440,1480,1490,1550,1610,1340
Bolivia (Plurinational State of),IPPU,Emissions (CO2eq) from F-gases (AR5),kilotonnes,25071.2682,17102.8807,11078.0022,14284.7924,23905.1627,27792.1811,29638.5148,31484.8485,33331.1822,35177.5159,36926.6741,38773.0079,40619.3416,42465.6753,44312.009,46158.3427,48004.6764,49851.0101,51697.3438,53543.6775,55390.0112
Bolivia (Plurinational State of),IPPU,Emissions (CO2eq) from N2O (AR5),kilotonnes,6.625,6.7575,6.89,6.996,7.1285,7.261,7.3935,7.4995,7.632,7.7645,7.897,8.003,8.1355,8.268,8.4005,8.533,8.6655,8.798,8.9305,9.0365,9.169
Bolivia (Plurinational State of),IPPU,Emissions (CO2eq) (AR5),kilotonnes,25605.8932,17594.6382,11578.8922,14837.7884,24515.2912,28460.4421,30397.9083,32272.348,34200.8142,36155.2804,37954.5711,39891.0109,41747.4771,43743.9433,45710.4095,47606.8757,49493.3419,51349.8081,53256.2743,55162.714,56739.1802
Bolivia (Plurinational State of),Waste,Emissions (CH4),kilotonnes,50.8,51.9,53.1,54.1,55.4,56.6,56.7,58.2,59.6,60.4,61.6,62.9,66.2,65.3,66.4,67.9,68.9,70.6,71.8,72.8,74
Bolivia (Plurinational State of),Waste,Emissions (N2O),kilotonnes,0.294,0.3,0.305,0.312,0.318,0.325,0.337,0.359,0.377,0.387,0.395,0.406,0.419,0.43,0.439,0.452,0.463,0.475,0.483,0.5,0.512
Bolivia (Plurinational State of),Waste,Emissions (CO2),kilotonnes,1.57,1.61,1.65,1.7,1.74,1.78,1.83,1.87,1.92,1.96,2.01,2.05,2.1,2.14,2.19,2.24,2.28,2.33,2.37,2.42,2.46
Bolivia (Plurinational State of),Waste,Emissions (CO2eq) from CH4 (AR5),kilotonnes,1422.4,1453.2,1486.8,1514.8,1551.2,1584.8,1587.6,1629.6,1668.8,1691.2,1724.8,1761.2,1853.6,1828.4,1859.2,1901.2,1929.2,1976.8,2010.4,2038.4,2072
Bolivia (Plurinational State of),Waste,Emissions (CO2eq) from N2O (AR5),kilotonnes,77.91,79.5,80.825,82.68,84.27,86.125,89.305,95.135,99.905,102.555,104.675,107.59,111.035,113.95,116.335,119.78,122.695,125.875,127.995,132.5,135.68
Bolivia (Plurinational State of),Waste,Emissions (CO2eq) (AR5),kilotonnes,1501.88,1534.31,1569.275,1599.18,1637.21,1672.705,1678.735,1726.605,1770.625,1795.715,1831.485,1870.84,1966.735,1944.49,1977.725,2023.22,2054.175,2105.005,2140.765,2173.32,2210.14
Bolivia (Plurinational State of),Other,Emissions (N2O),kilotonnes,0.256,0.251,0.255,0.266,0.276,0.287,0.311,0.339,0.368,0.389,0.425,0.455,0.49,0.513,0.549,0.57,0.599,0.613,0.624,0.671,0.699
Bolivia (Plurinational State of),Other,Emissions (CO2eq) from N2O (AR5),kilotonnes,67.84,66.515,67.575,70.49,73.14,76.055,82.415,89.835,97.52,103.085,112.625,120.575,129.85,135.945,145.485,151.05,158.735,162.445,165.36,177.815,185.235
Bolivia (Plurinational State of),Other,Emissions (CO2eq) (AR5),kilotonnes,67.84,66.515,67.575,70.49,73.14,76.055,82.415,89.835,97.52,103.085,112.625,120.575,129.85,135.945,145.485,151.05,158.735,162.445,165.36,177.815,185.235
Bolivia (Plurinational State of),Farm-gate emissions,Emissions (CH4),kilotonnes,559.2987,541.6399,582.8216,579.3386,619.3422,645.7109,638.7938,644.1985,650.3887,665.9792,733.1785,711.5116,720.7896,729.019,709.1539,728.7713,752.4096,751.117,753.9727,794.0609,813.776
Bolivia (Plurinational State of),Farm-gate emissions,Direct emissions (N2O),kilotonnes,13.2564,12.8404,13.2043,13.6306,14.0248,14.7177,15.145,15.631,16.0228,16.6458,17.2286,17.748,18.1825,18.7834,18.3104,18.6481,18.8444,19.0865,19.6342,19.8475,20.5511
Bolivia (Plurinational State of),Farm-gate emissions,Indirect emissions (N2O),kilotonnes,3.6105,3.5378,3.6472,3.7615,3.8701,4.0633,4.1747,4.3137,4.4221,4.5971,4.7529,4.9109,5.019,5.1808,4.9971,5.0727,5.1131,5.1743,5.2985,5.3466,5.5247
Bolivia (Plurinational State of),Farm-gate emissions,Emissions (N2O),kilotonnes,19.7334,19.6368,22.5489,21.5468,24.4332,26.2777,24.8722,24.789,24.7964,24.7248,30.9354,27.3313,27.3667,27.2835,25.8304,27.5515,29.1861,28.631,28.3153,31.1064,31.7058
Bolivia (Plurinational State of),Farm-gate emissions,Emissions (CO2),kilotonnes,764.7689,761.8324,799.5109,882.6565,984.1148,1028.8274,432.6633,430.0785,407.1546,374.4021,383.5845,407.1663,423.7514,459.8499,482.4794,487.5917,500.4786,528.0108,553.209,567.355,567.355
Bolivia (Plurinational State of),Farm-gate emissions,Emissions (CO2eq) from CH4 (AR5),kilotonnes,15660.3638,15165.9165,16319.0053,16221.4808,17341.582,18079.9056,17886.2267,18037.5579,18210.8843,18647.4163,20528.9974,19922.3252,20182.1075,20412.5311,19856.3097,20405.5972,21067.4684,21031.277,21111.236,22233.704,22785.7273
Bolivia (Plurinational State of),Farm-gate emissions,Emissions (CO2eq) from N2O (AR5),kilotonnes,5229.3439,5203.7434,5975.4524,5709.9136,6474.786,6963.6025,6591.1249,6569.0727,6571.0396,6552.0688,8197.875,7242.785,7252.1849,7230.1367,6845.0518,7301.1416,7734.3286,7587.2103,7503.562,8243.2031,8402.0446
Bolivia (Plurinational State of),Farm-gate emissions,Emissions (CO2eq) (AR5),kilotonnes,21654.4765,21131.4923,23093.9686,22814.0509,24800.4828,26072.3355,24910.015,25036.7091,25189.0785,25573.8872,29110.457,27572.2765,27858.0438,28102.5177,27183.841,28194.3305,29302.2756,29146.498,29168.007,31044.262,31755.1269
Bolivia (Plurinational State of),Land Use change,Emissions (CH4),kilotonnes,86.3754,42.1568,113.7486,40.3801,279.0132,125.3161,146.8661,229.4706,83.9736,36.5557,420.7423,90.706,64.4347,27.3653,17.3367,56.5735,75.3781,37.7055,44.6701,224.0633,154.9624
Bolivia (Plurinational State of),Land Use change,Emissions (N2O),kilotonnes,2.5405,3.8491,10.3857,3.6869,25.4751,11.4419,13.4095,20.9517,7.6672,3.3377,38.4156,8.2818,5.8832,2.4986,1.5829,5.1654,6.8823,3.4427,4.0786,20.458,14.1487
Bolivia (Plurinational State of),Land Use change,Emissions (CO2),kilotonnes,76739.2436,57318.9267,57318.9267,57318.9267,57318.9267,57318.9267,57318.9267,57318.9267,57318.9267,57318.9267,57318.9267,60163.6302,60163.6302,60163.6302,60163.6302,60163.6302,67700.9512,67700.9512,67700.9512,67700.9512,67700.9512
Bolivia (Plurinational State of),Land Use change,Emissions (CO2eq) from CH4 (AR5),kilotonnes,2418.5124,1180.3902,3184.9608,1130.6416,7812.3707,3508.8513,4112.2513,6425.1781,2351.26,1023.5606,11780.7842,2539.7673,1804.1724,766.2276,485.4284,1584.0587,2110.5865,1055.7536,1250.763,6273.7728,4338.9465
Bolivia (Plurinational State of),Land Use change,Emissions (CO2eq) from N2O (AR5),kilotonnes,673.2203,1020.0111,2752.2215,977.0218,6750.9073,3032.1052,3553.5215,5552.1919,2031.7954,884.4899,10180.1342,2194.6902,1559.0402,662.1206,419.4734,1368.8333,1823.822,912.3088,1080.8224,5421.358,3749.4157
Bolivia (Plurinational State of),Land Use change,Emissions (CO2eq) (AR5),kilotonnes,79830.9763,59519.328,63256.109,59426.5901,71882.2047,63859.8833,64984.6994,69296.2967,61701.9821,59226.9772,79279.845,64898.0876,63526.8428,61591.9784,61068.532,63116.5222,71635.3598,69669.0136,70032.5366,79396.082,75789.3133
Bolivia (Plurinational State of),Emissions on agricultural land,Emissions (CH4),kilotonnes,645.6742,583.7967,696.5702,619.7187,898.3555,771.027,785.6599,873.6691,734.3623,702.5349,1153.9208,802.2176,785.2243,756.3842,726.4906,785.3449,827.7877,788.8225,798.6428,1018.1242,968.7383
Bolivia (Plurinational State of),Emissions on agricultural land,Emissions (N2O),kilotonnes,22.2738,23.4859,32.9346,25.2337,49.9083,37.7197,38.2817,45.7406,32.4635,28.0625,69.351,35.6131,33.2499,29.7821,27.4133,32.7169,36.0685,32.0737,32.3939,51.5644,45.8546
Bolivia (Plurinational State of),Emissions on agricultural land,Emissions (CO2),kilotonnes,77504.0124,58080.7591,58118.4376,58201.5832,58303.0415,58347.7541,57751.59,57749.0052,57726.0813,57693.3288,57702.5112,60570.7965,60587.3816,60623.4801,60646.1096,60651.2219,68201.4297,68228.962,68254.1602,68268.3062,68268.3062
Bolivia (Plurinational State of),Emissions on agricultural land,Emissions (CO2eq) from CH4 (AR5),kilotonnes,18078.8762,16346.3067,19503.9661,17352.1224,25153.9527,21588.7569,21998.478,24462.736,20562.1443,19670.9769,32309.7816,22462.0925,21986.2799,21178.7587,20341.7381,21989.6558,23178.055,22087.0306,22361.999,28507.4768,27124.6737
Bolivia (Plurinational State of),Emissions on agricultural land,Emissions (CO2eq) from N2O (AR5),kilotonnes,5902.5642,6223.7545,8727.6739,6686.9354,13225.6933,9995.7078,10144.6464,12121.2646,8602.835,7436.5587,18378.0092,9437.4752,8811.2251,7892.2573,7264.5253,8669.975,9558.1506,8499.519,8584.3844,13664.5611,12151.4603
Bolivia (Plurinational State of),Emissions on agricultural land,Emissions (CO2eq) (AR5),kilotonnes,101485.4528,80650.8203,86350.0775,82240.6411,96682.6875,89932.2188,89894.7144,94333.0058,86891.0606,84800.8644,108390.302,92470.3641,91384.8866,89694.4961,88252.373,91310.8527,100937.6354,98815.5116,99200.5436,110440.344,107544.4402
Bolivia (Plurinational State of),Pre- and post- production,Emissions (CH4),kilotonnes,57.9469,59.0119,59.7494,60.4767,61.4279,71.6208,71.8331,64.0978,66.1989,66.268,67.3453,68.1054,69.2366,69.3404,69.0265,69.7711,71.965,72.5684,73.2085,73.7008,74.3531
Bolivia (Plurinational State of),Pre- and post- production,Emissions (N2O),kilotonnes,0.2009,0.2054,0.2101,0.2135,0.2115,0.224,0.2376,0.2503,0.2602,0.2598,0.2744,0.2813,0.2883,0.3066,0.3054,0.3247,0.3351,0.3453,0.3534,0.3543,0.3629
Bolivia (Plurinational State of),Pre- and post- production,Emissions (CO2),kilotonnes,1185.076,1087.7749,1150.9493,1265.9443,1303.3214,1511.0366,1686.3874,1699.5234,1975.9837,2125.1478,2326.9569,2433.9951,2494.0295,2637.0091,2702.3812,2806.0687,2920.9129,3099.5632,3129.1816,3072.6958,2864.5541
Bolivia (Plurinational State of),Pre- and post- production,Emissions (CO2eq) from CH4 (AR5),kilotonnes,1622.5129,1652.3337,1672.9838,1693.348,1719.9815,2005.3821,2011.3277,1794.7377,1853.5689,1855.5028,1885.6698,1906.951,1938.6259,1941.5303,1932.7429,1953.5901,2015.02,2031.9142,2049.8392,2063.6225,2081.8881
Bolivia (Plurinational State of),Pre- and post- production,Emissions (CO2eq) from N2O (AR5),kilotonnes,53.2401,54.442,55.6668,56.5662,56.0376,59.3677,62.9603,66.3316,68.943,68.8549,72.7076,74.5328,76.3953,81.2502,80.9388,86.0352,88.8017,91.5168,93.6474,93.9027,96.1775
Bolivia (Plurinational State of),Pre- and post- production,Emissions (CO2eq) (AR5),kilotonnes,2860.8291,2794.5505,2879.6,3015.8585,3079.3404,3575.7864,3760.6754,3560.5927,3898.4956,4049.5054,4285.3343,4415.4789,4509.0507,4659.7896,4716.0628,4845.694,5024.7347,5222.9942,5272.6682,5230.221,5042.6197
Bolivia (Plurinational State of),Agri-food systems,Emissions (CH4),kilotonnes,703.621,642.8086,756.3196,680.1954,959.7834,842.6478,857.4931,937.7669,800.5612,768.8028,1221.2661,870.323,854.4609,825.7246,795.5172,855.1159,899.7527,861.3909,871.8514,1091.825,1043.0915
Bolivia (Plurinational State of),Agri-food systems,Emissions (N2O),kilotonnes,22.4747,23.6913,33.1447,25.4472,50.1197,37.9437,38.5193,45.9909,32.7237,28.3223,69.6253,35.8944,33.5382,30.0887,27.7187,33.0415,36.4036,32.419,32.7473,51.9187,46.2175
Bolivia (Plurinational State of),Agri-food systems,Emissions (CO2),kilotonnes,78689.0885,59168.534,59269.3869,59467.5276,59606.3629,59858.7907,59437.9774,59448.5285,59702.0649,59818.4765,60029.4681,63004.7916,63081.4111,63260.4892,63348.4908,63457.2906,71122.3427,71328.5252,71383.3418,71341.002,71132.8603
Bolivia (Plurinational State of),Agri-food systems,Emissions (CO2eq) from CH4 (AR5),kilotonnes,19701.3892,17998.6404,21176.9499,19045.4704,26873.9342,23594.139,24009.8057,26257.4737,22415.7132,21526.4797,34195.4513,24369.0435,23924.9058,23120.289,22274.481,23943.246,25193.075,24118.9448,24411.8382,30571.0993,29206.5618
Bolivia (Plurinational State of),Agri-food systems,Emissions (CO2eq) from N2O (AR5),kilotonnes,5955.8043,6278.1965,8783.3407,6743.5016,13281.7309,10055.0755,10207.6067,12187.5962,8671.778,7505.4136,18450.7168,9512.0079,8887.6204,7973.5075,7345.464,8756.0101,9646.9524,8591.0358,8678.0318,13758.4638,12247.6378
Bolivia (Plurinational State of),Agri-food systems,Emissions (CO2eq) (AR5),kilotonnes,104346.2819,83445.3708,89229.6775,85256.4996,99762.028,93508.0052,93655.3898,97893.5985,90789.5561,88850.3699,112675.6363,96885.8431,95893.9373,94354.2857,92968.4358,96156.5467,105962.3701,104038.5058,104473.2119,115670.565,112587.0599
Bolivia (Plurinational State of),IPCC Agriculture,Emissions (CH4),kilotonnes,559.2159,541.5592,582.7391,579.2507,619.2463,645.6147,638.7293,644.1299,650.3155,665.9055,733.1042,711.4367,720.7152,728.9437,709.0778,728.692,752.3256,751.0273,753.8818,793.967,813.6821
Bolivia (Plurinational State of),IPCC Agriculture,Emissions (CH4),kilotonnes,516.38,,454.0767,,496.1459,,,,,,,,,,,,,,,,
Bolivia (Plurinational State of),IPCC Agriculture,Direct emissions (N2O),kilotonnes,13.2564,12.8404,13.2043,13.6306,14.0248,14.7177,15.145,15.631,16.0228,16.6458,17.2286,17.748,18.1825,18.7834,18.3104,18.6481,18.8444,19.0865,19.6342,19.8475,20.5511
Bolivia (Plurinational State of),IPCC Agriculture,Indirect emissions (N2O),kilotonnes,3.6105,3.5378,3.6472,3.7615,3.8701,4.0633,4.1747,4.3137,4.4221,4.5971,4.7529,4.9109,5.019,5.1808,4.9971,5.0727,5.1131,5.1743,5.2985,5.3466,5.5247
Bolivia (Plurinational State of),IPCC Agriculture,Emissions (N2O),kilotonnes,19.501,19.4044,22.3079,21.2788,24.1343,25.9581,24.7824,24.693,24.6978,24.6237,30.8294,27.2167,27.2448,27.1494,25.6877,27.4099,29.042,28.4794,28.1563,30.9442,31.5436
Bolivia (Plurinational State of),IPCC Agriculture,Emissions (N2O),kilotonnes,2.25,,3.4742,,3.9939,,,,,,,,,,,,,,,,
Bolivia (Plurinational State of),IPCC Agriculture,Emissions (CO2eq) from CH4 (AR5),kilotonnes,15658.0465,15163.6574,16316.6938,16219.0208,17338.8973,18077.2113,17884.4215,18035.6378,18208.8341,18645.3532,20526.9185,19920.2282,20180.0244,20410.4244,19854.1795,20403.3748,21065.1155,21028.7646,21108.6916,22231.0768,22783.1001
Bolivia (Plurinational State of),IPCC Agriculture,Emissions (CO2eq) from CH4 (AR5),kilotonnes,14458.64,,12714.1476,,13892.0852,,,,,,,,,,,,,,,,
Bolivia (Plurinational State of),IPCC Agriculture,Emissions (CO2eq) from N2O (AR5),kilotonnes,5167.7648,5142.178,5911.6035,5638.8873,6395.5911,6878.8843,6567.3385,6543.6328,6544.9153,6525.287,8169.7902,7212.4258,7219.8806,7194.5803,6807.2276,7263.6238,7696.1307,7547.0375,7461.4286,8200.2077,8359.0493
Bolivia (Plurinational State of),IPCC Agriculture,Emissions (CO2eq) from N2O (AR5),kilotonnes,596.25,,920.663,,1058.3835,,,,,,,,,,,,,,,,
Bolivia (Plurinational State of),IPCC Agriculture,Emissions (CO2eq) (AR5),kilotonnes,20825.8113,20305.8354,22228.2972,21857.9081,23734.4884,24956.0956,24451.7601,24579.2706,24753.7494,25170.6402,28696.7087,27132.654,27399.9049,27605.0047,26661.4071,27666.9985,28761.2462,28575.802,28570.1202,30431.2845,31142.1494
Bolivia (Plurinational State of),IPCC Agriculture,Emissions (CO2eq) (AR5),kilotonnes,15054.89,,13634.8106,,14950.4687,,,,,,,,,,,,,,,,
Bolivia (Plurinational State of),Agricultural Soils,Direct emissions (N2O),kilotonnes,13.2564,12.8404,13.2043,13.6306,14.0248,14.7177,15.145,15.631,16.0228,16.6458,17.2286,17.748,18.1825,18.7834,18.3104,18.6481,18.8444,19.0865,19.6342,19.8475,20.5511
Bolivia (Plurinational State of),Agricultural Soils,Indirect emissions (N2O),kilotonnes,3.6105,3.5378,3.6472,3.7615,3.8701,4.0633,4.1747,4.3137,4.4221,4.5971,4.7529,4.9109,5.019,5.1808,4.9971,5.0727,5.1131,5.1743,5.2985,5.3466,5.5247
Bolivia (Plurinational State of),Agricultural Soils,Emissions (N2O),kilotonnes,16.8669,16.3782,16.8515,17.3921,17.8949,18.781,19.3197,19.9448,20.4449,21.2429,21.9815,22.6589,23.2015,23.9643,23.3075,23.7208,23.9575,24.2608,24.9327,25.1941,26.0758
Bolivia (Plurinational State of),Agricultural Soils,Emissions (N2O),kilotonnes,1.85,,3.18,,3.56,,,,,,,,,,,,,,,,
Bolivia (Plurinational State of),Agricultural Soils,Emissions (CO2eq) from N2O (AR5),kilotonnes,4469.7299,4340.2306,4465.6455,4608.8991,4742.1572,4976.9635,5119.7199,5285.3592,5417.8883,5629.3583,5825.102,6004.6093,6148.3963,6350.5267,6176.4886,6286.0019,6348.7398,6429.1132,6607.1646,6676.4357,6910.0988
Bolivia (Plurinational State of),Agricultural Soils,Emissions (CO2eq) from N2O (AR5),kilotonnes,490.25,,842.7,,943.4,,,,,,,,,,,,,,,,
Bolivia (Plurinational State of),Agricultural Soils,Emissions (CO2eq) (AR5),kilotonnes,4469.7299,4340.2306,4465.6455,4608.8991,4742.1572,4976.9635,5119.7199,5285.3592,5417.8883,5629.3583,5825.102,6004.6093,6148.3963,6350.5267,6176.4886,6286.0019,6348.7398,6429.1132,6607.1646,6676.4357,6910.0988
Bolivia (Plurinational State of),Agricultural Soils,Emissions (CO2eq) (AR5),kilotonnes,490.25,,842.7,,943.4,,,,,,,,,,,,,,,,
Bolivia (Plurinational State of),LULUCF,Emissions (CH4),kilotonnes,88.3651,47.0311,123.9116,46.3907,283.9842,129.0318,155.456,243.88,94.0869,38.4386,438.2902,93.4967,69.6119,28.7894,17.9916,57.0845,77.7392,39.6626,47.2546,258.3259,169.4473
Bolivia (Plurinational State of),LULUCF,Emissions (CH4),kilotonnes,98.15,,194.1429,,411.9635,,,,,,,,,,,,,,,,
Bolivia (Plurinational State of),LULUCF,Emissions (N2O),kilotonnes,2.599,4.2941,11.3137,4.2357,25.929,11.7812,14.1938,22.2673,8.5905,3.5096,40.0178,8.5367,6.3559,2.6286,1.6427,5.2121,7.0979,3.6214,4.3146,23.5863,15.4713
Bolivia (Plurinational State of),LULUCF,Emissions (N2O),kilotonnes,0.67,,4.8536,,10.2991,,,,,,,,,,,,,,,,
Bolivia (Plurinational State of),LULUCF,Emissions (CO2),kilotonnes,76314.1048,56893.5056,56893.5056,56893.5056,56893.5056,56893.5056,56893.5056,56893.5056,56893.5056,56893.5056,56893.5056,59778.5775,59778.5775,59778.5775,59778.5775,59778.5775,67381.956,67381.956,67381.956,67381.956,67381.956
Bolivia (Plurinational State of),LULUCF,Emissions (CO2),kilotonnes,26209.17,,31950.43,,36203.36,,,,,,,,,,,,,,,,
Bolivia (Plurinational State of),LULUCF,Emissions (CO2eq) from CH4 (AR5),kilotonnes,2474.2217,1316.8697,3469.5249,1298.939,7951.5582,3612.8903,4352.7681,6828.6409,2634.433,1076.2797,12272.1248,2617.9071,1949.1318,806.1026,503.7651,1598.3653,2176.6985,1110.554,1323.1295,7233.1246,4744.5251
Bolivia (Plurinational State of),LULUCF,Emissions (CO2eq) from N2O (AR5),kilotonnes,688.7276,1137.9472,2998.122,1122.4527,6871.1834,3122.0085,3761.3594,5900.8364,2276.4937,930.046,10604.7166,2262.2132,1684.3041,696.5778,435.3188,1381.1961,1880.9514,959.6635,1143.3565,6250.3631,4099.8886
Bolivia (Plurinational State of),LULUCF,Emissions (CO2eq) (AR5),kilotonnes,79477.0541,59348.3226,63361.1525,59314.8973,71716.2472,63628.4044,65007.6332,69622.9829,61804.4324,58899.8314,79770.347,64658.6979,63412.0135,61281.2579,60717.6614,62758.139,71439.6059,69452.1734,69848.4419,80865.4437,76226.3697
Bolivia (Plurinational State of),LULUCF,Emissions (CO2eq) (AR5),kilotonnes,26209.17,,31950.43,,36203.36,,,,,,,,,,,,,,,,
Bolivia (Plurinational State of),AFOLU,Emissions (CH4),kilotonnes,647.581,588.5903,706.6507,625.6414,903.2306,774.6465,794.1853,888.01,744.4024,704.344,1171.3944,804.9334,790.327,757.7331,727.0694,785.7764,830.0648,790.6899,801.1365,1052.2929,983.1295
Bolivia (Plurinational State of),AFOLU,Emissions (N2O),kilotonnes,22.1,23.6986,33.6216,25.5145,50.0633,37.7392,38.9762,46.9603,33.2883,28.1333,70.8472,35.7534,33.6007,29.778,27.3304,32.622,36.1399,32.1008,32.4709,54.5305,47.0149
Bolivia (Plurinational State of),AFOLU,Emissions (CO2),kilotonnes,76314.1048,56893.5056,56893.5056,56893.5056,56893.5056,56893.5056,56893.5056,56893.5056,56893.5056,56893.5056,56893.5056,59778.5775,59778.5775,59778.5775,59778.5775,59778.5775,67381.956,67381.956,67381.956,67381.956,67381.956
Bolivia (Plurinational State of),AFOLU,Emissions (CO2eq) from CH4 (AR5),kilotonnes,18132.2682,16480.5272,19786.2186,17517.9598,25290.4554,21690.1016,22237.1897,24864.2787,20843.2671,19721.6329,32799.0434,22538.1353,22129.1562,21216.527,20357.9446,22001.7401,23241.814,22139.3185,22431.8211,29464.2014,27527.6252
Bolivia (Plurinational State of),AFOLU,Emissions (CO2eq) from N2O (AR5),kilotonnes,5856.4924,6280.1252,8909.7255,6761.34,13266.7745,10000.8928,10328.6979,12444.4692,8821.409,7455.333,18774.5067,9474.6391,8904.1847,7891.1581,7242.5464,8644.8199,9577.0821,8506.701,8604.7851,14450.5709,12458.9379
Bolivia (Plurinational State of),AFOLU,Emissions (CO2eq) (AR5),kilotonnes,100302.8654,79654.158,85589.4497,81172.8054,95450.7355,88584.5,89459.3932,94202.2535,86558.1818,84070.4715,108467.0557,91791.3519,90811.9185,88886.2626,87379.0685,90425.1376,100200.8521,98027.9755,98418.5621,111296.7282,107368.5191
Bolivia (Plurinational State of),All sectors with LULUCF,Emissions (CH4),kilotonnes,873.381,791.4903,932.7507,872.7414,1173.6306,1066.2465,1083.8853,1183.21,1050.0024,988.744,1480.9944,1132.8334,1155.527,1157.0331,1144.4694,1200.6764,1232.9648,1183.2899,1198.9365,1487.0929,1429.1295
Bolivia (Plurinational State of),All sectors with LULUCF,Emissions (N2O),kilotonnes,23.144,24.7411,34.6866,26.6309,51.2362,38.9546,40.2771,48.3606,34.7711,29.6566,72.627,37.6446,35.6104,31.9122,29.5601,34.9162,38.5146,34.552,34.9816,57.2256,49.8105
Bolivia (Plurinational State of),All sectors with LULUCF,Emissions (CO2),kilotonnes,87443.6748,65570.1156,67389.1556,68241.2056,67998.2456,69156.2856,72047.3356,69375.3756,70257.4256,70665.4656,71815.5156,76290.6275,78400.6775,78250.7175,79570.7675,79320.8175,88164.236,89274.286,88834.326,88794.376,87024.416
Bolivia (Plurinational State of),All sectors with LULUCF,Emissions (CO2eq) from F-gases (AR5),kilotonnes,25071.2682,17102.8807,11078.0022,14284.7924,23905.1627,27792.1811,29638.5148,31484.8485,33331.1822,35177.5159,36926.6741,38773.0079,40619.3416,42465.6753,44312.009,46158.3427,48004.6764,49851.0101,51697.3438,53543.6775,55390.0112
Bolivia (Plurinational State of),All sectors with LULUCF,Emissions (CO2eq) from CH4 (AR5),kilotonnes,24454.6682,22161.7272,26117.0186,24436.7598,32861.6554,29854.9016,30348.7897,33129.8787,29400.0671,27684.8329,41467.8434,31719.3353,32354.7562,32396.927,32045.1446,33618.9401,34523.014,33132.1185,33570.2211,41638.6014,40015.6252
Bolivia (Plurinational State of),All sectors with LULUCF,Emissions (CO2eq) from N2O (AR5),kilotonnes,6133.1524,6556.3877,9191.9505,7057.186,13577.593,10322.9738,10673.4364,12815.5487,9214.351,7859.0075,19246.1537,9975.8071,9436.7552,8456.7211,7833.4169,9252.7829,10206.3776,9156.269,9270.1206,15164.7724,13199.7719
Bolivia (Plurinational State of),All sectors with LULUCF,Emissions (CO2eq) (AR5),kilotonnes,143102.7636,111391.1112,113776.127,114019.9438,138342.6568,137126.3421,142708.0765,146805.6515,142203.026,141386.8219,169456.1868,156758.7778,160811.5305,161570.0409,163761.338,168350.8833,180898.304,181413.6836,183372.0114,199141.4272,195629.8243
Bolivia (Plurinational State of),All sectors without LULUCF,Emissions (CH4),kilotonnes,785.0159,744.4592,808.8391,826.3507,889.6463,937.2147,928.4293,939.3299,955.9155,950.3055,1042.7042,1039.3367,1085.9152,1128.2437,1126.4778,1143.592,1155.2256,1143.6273,1151.6818,1228.767,1259.6821
Bolivia (Plurinational State of),All sectors without LULUCF,Emissions (N2O),kilotonnes,20.545,20.4469,23.3729,22.3952,25.3072,27.1735,26.0833,26.0933,26.1806,26.147,32.6092,29.1079,29.2545,29.2836,27.9174,29.7041,31.4167,30.9306,30.667,33.6393,34.3392
Bolivia (Plurinational State of),All sectors without LULUCF,Emissions (CO2),kilotonnes,11129.57,8676.61,10495.65,11347.7,11104.74,12262.78,15153.83,12481.87,13363.92,13771.96,14922.01,16512.05,18622.1,18472.14,19792.19,19542.24,20782.28,21892.33,21452.37,21412.42,19642.46
Bolivia (Plurinational State of),All sectors without LULUCF,Emissions (CO2eq) from F-gases (AR5),kilotonnes,25071.2682,17102.8807,11078.0022,14284.7924,23905.1627,27792.1811,29638.5148,31484.8485,33331.1822,35177.5159,36926.6741,38773.0079,40619.3416,42465.6753,44312.009,46158.3427,48004.6764,49851.0101,51697.3438,53543.6775,55390.0112
Bolivia (Plurinational State of),All sectors without LULUCF,Emissions (CO2eq) from CH4 (AR5),kilotonnes,21980.4465,20844.8574,22647.4938,23137.8208,24910.0973,26242.0113,25996.0215,26301.2378,26765.6341,26608.5532,29195.7185,29101.4282,30405.6244,31590.8244,31541.3795,32020.5748,32346.3155,32021.5646,32247.0916,34405.4768,35271.1001
Bolivia (Plurinational State of),All sectors without LULUCF,Emissions (CO2eq) from N2O (AR5),kilotonnes,5444.4248,5418.4405,6193.8285,5934.7333,6706.4096,7200.9653,6912.077,6914.7123,6937.8573,6928.9615,8641.4372,7713.5938,7752.4511,7760.1433,7398.0981,7871.5868,8325.4262,8196.6055,8126.7641,8914.4092,9099.8833
Bolivia (Plurinational State of),All sectors without LULUCF,Emissions (CO2eq) (AR5),kilotonnes,63625.7096,52042.7886,50414.9745,54705.0465,66626.4096,73497.9377,77700.4433,77182.6686,80398.5936,82486.9906,89685.8398,92100.0799,97399.517,100288.783,103043.6766,105592.7442,109458.6981,111961.5102,113523.5695,118275.9835,119403.4546
Bosnia and Herzegovina,Crop Residues,Direct emissions (N2O),kilotonnes,0.1826,0.203,0.2238,0.1509,0.2422,0.2259,0.2235,0.1836,0.2277,0.2224,0.1794,0.1864,0.1613,0.2011,0.1748,0.1878,0.2577,0.1966,0.2668,0.2553,0.2973
Bosnia and Herzegovina,Crop Residues,Indirect emissions (N2O),kilotonnes,0.0411,0.0457,0.0504,0.034,0.0545,0.0508,0.0503,0.0413,0.0512,0.05,0.0404,0.042,0.0363,0.0452,0.0393,0.0422,0.058,0.0442,0.06,0.0574,0.0669
Bosnia and Herzegovina,Crop Residues,Emissions (N2O),kilotonnes,0.2237,0.2487,0.2742,0.1848,0.2967,0.2767,0.2738,0.2249,0.279,0.2724,0.2198,0.2284,0.1976,0.2463,0.2142,0.23,0.3156,0.2408,0.3268,0.3127,0.3642
Bosnia and Herzegovina,Crop Residues,Emissions (CO2eq) from N2O (AR5),kilotonnes,59.2872,65.8959,72.6571,48.9832,78.6314,73.3382,72.5621,59.5981,73.9322,72.1992,58.2402,60.5255,52.3714,65.2826,56.7502,60.9532,83.6405,63.8243,86.5973,82.8779,96.5054
Bosnia and Herzegovina,Crop Residues,Emissions (CO2eq) (AR5),kilotonnes,59.2872,65.8959,72.6571,48.9832,78.6314,73.3382,72.5621,59.5981,73.9322,72.1992,58.2402,60.5255,52.3714,65.2826,56.7502,60.9532,83.6405,63.8243,86.5973,82.8779,96.5054
Bosnia and Herzegovina,Burning - Crop residues,Emissions (CH4),kilotonnes,0.6737,0.6537,0.6346,0.6042,0.6149,0.6179,0.6091,0.6129,0.6211,0.5827,0.5686,0.5922,0.5961,0.5848,0.5232,0.5854,0.5947,0.6002,0.5968,0.5925,0.617
Bosnia and Herzegovina,Burning - Crop residues,Emissions (N2O),kilotonnes,0.0175,0.0169,0.0165,0.0157,0.0159,0.016,0.0158,0.0159,0.0161,0.0151,0.0147,0.0154,0.0155,0.0152,0.0136,0.0152,0.0154,0.0156,0.0155,0.0154,0.016
Bosnia and Herzegovina,Burning - Crop residues,Emissions (CO2eq) from CH4 (AR5),kilotonnes,18.8646,18.3027,17.7681,16.9179,17.2185,17.3024,17.0541,17.1625,17.3897,16.3142,15.9215,16.5813,16.6917,16.3754,14.6489,16.3917,16.6529,16.8047,16.7116,16.5886,17.2753
Bosnia and Herzegovina,Burning - Crop residues,Emissions (CO2eq) from N2O (AR5),kilotonnes,4.6288,4.4909,4.3598,4.1512,4.2249,4.2455,4.1846,4.2112,4.2669,4.003,3.9067,4.0686,4.0956,4.018,3.5944,4.022,4.0861,4.1234,4.1005,4.0704,4.2389
Bosnia and Herzegovina,Burning - Crop residues,Emissions (CO2eq) (AR5),kilotonnes,23.4934,22.7936,22.1279,21.0691,21.4434,21.5479,21.2387,21.3737,21.6566,20.3173,19.8281,20.6499,20.7873,20.3935,18.2433,20.4138,20.739,20.9281,20.8122,20.659,21.5142
Bosnia and Herzegovina,Enteric Fermentation,Emissions (CH4),kilotonnes,50.9034,49.0175,46.234,49.859,52.1968,53.1616,58.0561,54.9627,53.7401,53.647,52.92,51.4443,49.8663,50.1472,49.7635,50.4491,50.134,48.8821,48.1242,46.7561,46.3613
Bosnia and Herzegovina,Enteric Fermentation,Emissions (CH4),kilotonnes,,,,,,,,,,,,,,39,38,,,,,,
Bosnia and Herzegovina,Enteric Fermentation,Emissions (CO2eq) from CH4 (AR5),kilotonnes,1425.2951,1372.49,1294.552,1396.052,1461.5104,1488.5238,1625.5704,1538.9561,1504.7223,1502.1159,1481.7603,1440.4402,1396.256,1404.1205,1393.3774,1412.5746,1403.7531,1368.699,1347.4777,1309.1715,1298.1176
Bosnia and Herzegovina,Enteric Fermentation,Emissions (CO2eq) from CH4 (AR5),kilotonnes,,,,,,,,,,,,,,1092,1064,,,,,,
Bosnia and Herzegovina,Enteric Fermentation,Emissions (CO2eq) (AR5),kilotonnes,1425.2951,1372.49,1294.552,1396.052,1461.5104,1488.5238,1625.5704,1538.9561,1504.7223,1502.1159,1481.7603,1440.4402,1396.256,1404.1205,1393.3774,1412.5746,1403.7531,1368.699,1347.4777,1309.1715,1298.1176
Bosnia and Herzegovina,Enteric Fermentation,Emissions (CO2eq) (AR5),kilotonnes,,,,,,,,,,,,,,1092,1064,,,,,,
Bosnia and Herzegovina,Manure Management,Emissions (CH4),kilotonnes,10.9822,10.8779,10.5488,11.298,11.7754,12.3467,13.3115,11.9383,11.5398,11.7389,11.9367,11.5115,11.123,11.1273,10.9876,11.1896,10.9593,10.7783,10.6124,10.4024,10.3209
Bosnia and Herzegovina,Manure Management,Emissions (CH4),kilotonnes,,,,,,,,,,,,,,5,5,,,,,,
Bosnia and Herzegovina,Manure Management,Emissions (N2O),kilotonnes,0.461,0.448,0.4289,0.4545,0.4703,0.4868,0.5335,0.5013,0.4916,0.4995,0.5036,0.4825,0.4698,0.4852,0.4703,0.4636,0.4575,0.4503,0.4437,0.4329,0.4292
Bosnia and Herzegovina,Manure Management,Emissions (N2O),kilotonnes,,,,,,,,,,,,,,1,1,,,,,,
Bosnia and Herzegovina,Manure Management,Emissions (CO2eq) from CH4 (AR5),kilotonnes,307.5016,304.5812,295.3672,316.3429,329.7114,345.7072,372.7206,334.2724,323.1146,328.6896,334.2284,322.3223,311.4427,311.5647,307.6528,313.3098,306.86,301.7928,297.1463,291.2675,288.9857
Bosnia and Herzegovina,Manure Management,Emissions (CO2eq) from CH4 (AR5),kilotonnes,,,,,,,,,,,,,,140,140,,,,,,
Bosnia and Herzegovina,Manure Management,Emissions (CO2eq) from N2O (AR5),kilotonnes,122.1686,118.7109,113.6596,120.4293,124.6306,128.9929,141.3692,132.8419,130.2836,132.3632,133.4526,127.8735,124.508,128.5682,124.6314,122.8558,121.2383,119.3232,117.5816,114.7309,113.7353
Bosnia and Herzegovina,Manure Management,Emissions (CO2eq) from N2O (AR5),kilotonnes,,,,,,,,,,,,,,265,265,,,,,,
Bosnia and Herzegovina,Manure Management,Emissions (CO2eq) (AR5),kilotonnes,429.6702,423.2921,409.0269,436.7722,454.342,474.7001,514.0898,467.1143,453.3982,461.0528,467.681,450.1958,435.9508,440.1329,432.2843,436.1655,428.0983,421.116,414.7279,405.9984,402.7211
Bosnia and Herzegovina,Manure Management,Emissions (CO2eq) (AR5),kilotonnes,,,,,,,,,,,,,,405,405,,,,,,
Bosnia and Herzegovina,Manure left on Pasture,Direct emissions (N2O),kilotonnes,0.4516,0.4431,0.4246,0.459,0.4957,0.5025,0.5546,0.5342,0.5266,0.53,0.526,0.5146,0.5038,0.51,0.5089,0.5119,0.5107,0.5034,0.4977,0.4911,0.4891
Bosnia and Herzegovina,Manure left on Pasture,Indirect emissions (N2O),kilotonnes,0.1317,0.1309,0.1269,0.1377,0.1517,0.1536,0.1691,0.1656,0.1636,0.1652,0.1634,0.1599,0.1568,0.159,0.1592,0.1595,0.1591,0.1574,0.1559,0.1544,0.154
Bosnia and Herzegovina,Manure left on Pasture,Emissions (N2O),kilotonnes,0.5833,0.574,0.5515,0.5967,0.6474,0.6561,0.7237,0.6998,0.6902,0.6952,0.6894,0.6745,0.6606,0.669,0.6681,0.6714,0.6698,0.6608,0.6536,0.6456,0.643
Bosnia and Herzegovina,Manure left on Pasture,Emissions (CO2eq) from N2O (AR5),kilotonnes,154.5777,152.1227,146.1456,158.1304,171.5519,173.8774,191.7791,185.4578,182.9046,184.239,182.6836,178.7458,175.0657,177.2931,177.047,177.9277,177.4945,175.1232,173.2044,171.0754,170.3967
Bosnia and Herzegovina,Manure left on Pasture,Emissions (CO2eq) (AR5),kilotonnes,154.5777,152.1227,146.1456,158.1304,171.5519,173.8774,191.7791,185.4578,182.9046,184.239,182.6836,178.7458,175.0657,177.2931,177.047,177.9277,177.4945,175.1232,173.2044,171.0754,170.3967
Bosnia and Herzegovina,Manure applied to Soils,Direct emissions (N2O),kilotonnes,0.4658,0.4578,0.446,0.4666,0.4844,0.5056,0.5613,0.5296,0.5236,0.5407,0.5561,0.5295,0.5208,0.5499,0.5253,0.5055,0.498,0.496,0.4902,0.4837,0.4806
Bosnia and Herzegovina,Manure applied to Soils,Indirect emissions (N2O),kilotonnes,0.198,0.1946,0.1895,0.1983,0.2059,0.2149,0.2385,0.2251,0.2225,0.2298,0.2363,0.225,0.2213,0.2337,0.2232,0.2148,0.2117,0.2108,0.2083,0.2056,0.2042
Bosnia and Herzegovina,Manure applied to Soils,Emissions (N2O),kilotonnes,0.6638,0.6524,0.6355,0.6649,0.6903,0.7205,0.7998,0.7546,0.7461,0.7705,0.7924,0.7546,0.7422,0.7836,0.7485,0.7203,0.7097,0.7068,0.6985,0.6893,0.6848
Bosnia and Herzegovina,Manure applied to Soils,Emissions (CO2eq) from N2O (AR5),kilotonnes,175.9113,172.8816,168.4034,176.1958,182.9404,190.9264,211.9561,199.9731,197.7248,204.1759,209.997,199.9621,196.6759,207.6451,198.3538,190.8884,188.0662,187.3111,185.0955,182.6645,181.4678
Bosnia and Herzegovina,Manure applied to Soils,Emissions (CO2eq) (AR5),kilotonnes,175.9113,172.8816,168.4034,176.1958,182.9404,190.9264,211.9561,199.9731,197.7248,204.1759,209.997,199.9621,196.6759,207.6451,198.3538,190.8884,188.0662,187.3111,185.0955,182.6645,181.4678
Bosnia and Herzegovina,Synthetic Fertilizers,Direct emissions (N2O),kilotonnes,0.4369,0.2923,0.2923,0.1692,0.526,0.558,0.361,0.3315,0.665,0.9985,0.9633,1.3224,1.5942,1.3361,1.6453,1.7622,1.3605,1.4011,1.0914,1.0914,1.0914
Bosnia and Herzegovina,Synthetic Fertilizers,Indirect emissions (N2O),kilotonnes,0.142,0.095,0.095,0.055,0.1709,0.1814,0.1173,0.1077,0.2161,0.3245,0.3131,0.4298,0.5181,0.4342,0.5347,0.5727,0.4421,0.4554,0.3547,0.3547,0.3547
Bosnia and Herzegovina,Synthetic Fertilizers,Emissions (N2O),kilotonnes,0.5788,0.3873,0.3873,0.2242,0.6969,0.7394,0.4783,0.4393,0.8812,1.323,1.2764,1.7522,2.1124,1.7703,2.1801,2.3349,1.8026,1.8565,1.4461,1.4461,1.4461
Bosnia and Herzegovina,Synthetic Fertilizers,Emissions (CO2eq) from N2O (AR5),kilotonnes,153.3915,102.6288,102.6288,59.4144,184.6909,195.937,126.7391,116.4063,233.5071,350.6078,338.2558,464.3237,559.7763,469.1353,577.7148,618.7523,477.6898,491.9749,383.2172,383.2172,383.2172
Bosnia and Herzegovina,Synthetic Fertilizers,Emissions (CO2eq) (AR5),kilotonnes,153.3915,102.6288,102.6288,59.4144,184.6909,195.937,126.7391,116.4063,233.5071,350.6078,338.2558,464.3237,559.7763,469.1353,577.7148,618.7523,477.6898,491.9749,383.2172,383.2172,383.2172
Bosnia and Herzegovina,Drained organic soils,Emissions (CO2eq) (AR5),kilotonnes,143.048,143.048,143.048,143.048,143.048,143.048,143.048,143.2815,143.2815,142.6701,142.6701,142.6701,142.6701,140.2227,139.1461,139.1461,139.1461,139.1461,139.1461,124.7015,124.7015
Bosnia and Herzegovina,Drained organic soils (CO2),Emissions (CO2),kilotonnes,120.7101,120.7101,120.7101,120.7101,120.7101,120.7101,120.7101,120.9238,120.9238,120.3916,120.3916,120.3916,120.3916,118.3299,117.4247,117.4247,117.4247,117.4247,117.4247,105.2068,105.2068
Bosnia and Herzegovina,Drained organic soils (CO2),Emissions (CO2eq) (AR5),kilotonnes,120.7101,120.7101,120.7101,120.7101,120.7101,120.7101,120.7101,120.9238,120.9238,120.3916,120.3916,120.3916,120.3916,118.3299,117.4247,117.4247,117.4247,117.4247,117.4247,105.2068,105.2068
Bosnia and Herzegovina,Drained organic soils (N2O),Emissions (N2O),kilotonnes,0.0843,0.0843,0.0843,0.0843,0.0843,0.0843,0.0843,0.0844,0.0844,0.0841,0.0841,0.0841,0.0841,0.0826,0.082,0.082,0.082,0.082,0.082,0.0736,0.0736
Bosnia and Herzegovina,Drained organic soils (N2O),Emissions (CO2eq) from N2O (AR5),kilotonnes,22.338,22.338,22.338,22.338,22.338,22.338,22.338,22.3577,22.3577,22.2785,22.2785,22.2785,22.2785,21.8927,21.7214,21.7214,21.7214,21.7214,21.7214,19.4946,19.4946
Bosnia and Herzegovina,Drained organic soils (N2O),Emissions (CO2eq) (AR5),kilotonnes,22.338,22.338,22.338,22.338,22.338,22.338,22.338,22.3577,22.3577,22.2785,22.2785,22.2785,22.2785,21.8927,21.7214,21.7214,21.7214,21.7214,21.7214,19.4946,19.4946
Bosnia and Herzegovina,On-farm energy use,Emissions (CH4),kilotonnes,0.0159,0.0163,0.0138,0.0123,0.0141,0.0136,0.0099,0.0107,0.013,0.0206,0.0231,0.0285,0.0276,0.0237,0.0259,0.0145,0.0207,0.03,0.0512,0.0562,0.0562
Bosnia and Herzegovina,On-farm energy use,Emissions (N2O),kilotonnes,0.0052,0.0056,0.0056,0.0057,0.0069,0.0067,0.0084,0.009,0.0106,0.0111,0.0112,0.0116,0.0112,0.0113,0.0089,0.0125,0.0125,0.0151,0.0387,0.0446,0.0446
Bosnia and Herzegovina,On-farm energy use,Emissions (CO2),kilotonnes,92.9026,95.8259,82.8999,73.1323,88.924,88.0065,58.9988,65.5928,86.0974,75.5051,83.7784,84.8985,81.1171,53.5382,48.3473,54.5988,57.4145,69.8121,146.5216,166.1564,166.1564
Bosnia and Herzegovina,On-farm energy use,Emissions (CO2eq) from CH4 (AR5),kilotonnes,0.4439,0.4553,0.3877,0.3451,0.3934,0.3803,0.2774,0.3001,0.363,0.5761,0.6461,0.799,0.7728,0.6641,0.7245,0.4046,0.5786,0.8392,1.4325,1.5741,1.5741
Bosnia and Herzegovina,On-farm energy use,Emissions (CO2eq) from N2O (AR5),kilotonnes,1.3825,1.4755,1.4964,1.5083,1.8347,1.7663,2.2182,2.3742,2.801,2.929,2.9658,3.0795,2.9569,2.9995,2.3501,3.3105,3.3193,3.9884,10.2505,11.8305,11.8305
Bosnia and Herzegovina,On-farm energy use,Emissions (CO2eq) (AR5),kilotonnes,94.729,97.7566,84.784,74.9857,91.1521,90.1531,61.4944,68.2671,89.2614,79.0102,87.3902,88.777,84.8467,57.2019,51.4219,58.3139,61.3124,74.6397,158.2045,179.561,179.561
Bosnia and Herzegovina,Forestland,Emissions (CO2),kilotonnes,3203.3578,292.8133,292.8133,292.8133,292.8133,292.8133,292.8133,292.8133,292.8133,292.8133,292.8133,-3767.8133,-3767.8133,-3767.8133,-3767.8133,-3767.8133,-1785.5422,-1785.5422,-1785.5422,-1785.5422,-1785.5422
Bosnia and Herzegovina,Forestland,Emissions (CO2eq) (AR5),kilotonnes,3203.3578,292.8133,292.8133,292.8133,292.8133,292.8133,292.8133,292.8133,292.8133,292.8133,292.8133,-3767.8133,-3767.8133,-3767.8133,-3767.8133,-3767.8133,-1785.5422,-1785.5422,-1785.5422,-1785.5422,-1785.5422
Bosnia and Herzegovina,Net Forest conversion,Emissions (CO2),kilotonnes,0,0,0,0,0,0,0,0,0,0,0,0,0,0,0,0,0,0,0,0,0
Bosnia and Herzegovina,Net Forest conversion,Emissions (CO2eq) (AR5),kilotonnes,0,0,0,0,0,0,0,0,0,0,0,0,0,0,0,0,0,0,0,0,0
Bosnia and Herzegovina,Savanna fires,Emissions (CH4),kilotonnes,0.3055,0.0926,0.0144,0.4021,0.0575,0.0092,0.0548,0.3984,0.1124,0.0106,0.0201,0.206,0.4114,0.0174,0.0164,0.0607,0.0705,0.4467,0.0059,0.0672,0.2341
Bosnia and Herzegovina,Savanna fires,Emissions (N2O),kilotonnes,0.0279,0.0085,0.0013,0.0367,0.0052,0.0008,0.005,0.0364,0.0103,0.001,0.0018,0.0188,0.0376,0.0016,0.0015,0.0055,0.0064,0.0408,0.0005,0.0061,0.0214
Bosnia and Herzegovina,Savanna fires,Emissions (CO2eq) from CH4 (AR5),kilotonnes,8.5549,2.5929,0.4044,11.2597,1.609,0.2578,1.5354,11.1562,3.1482,0.2974,0.5619,5.7689,11.518,0.4877,0.4592,1.6998,1.974,12.5086,0.1659,1.8821,6.5554
Bosnia and Herzegovina,Savanna fires,Emissions (CO2eq) from N2O (AR5),kilotonnes,7.3927,2.2406,0.3494,9.7299,1.3904,0.2228,1.3268,9.6404,2.7204,0.257,0.4856,4.9851,9.953,0.4214,0.3968,1.4689,1.7058,10.809,0.1434,1.6264,5.6648
Bosnia and Herzegovina,Savanna fires,Emissions (CO2eq) (AR5),kilotonnes,15.9476,4.8335,0.7538,20.9896,2.9995,0.4806,2.8621,20.7967,5.8686,0.5544,1.0475,10.7541,21.471,0.9091,0.856,3.1687,3.6798,23.3176,0.3093,3.5084,12.2202
Bosnia and Herzegovina,Fires in organic soils,Emissions (CH4),kilotonnes,0,0,0,0,0,0,0,0,0,0,0,0,0,0,0,0,0,0,0,0,0
Bosnia and Herzegovina,Fires in organic soils,Emissions (CO2),kilotonnes,0,0,0,0,0,0,0,0,0,0,0,0,0,0,0,0,0,0,0,0,0
Bosnia and Herzegovina,Fires in organic soils,Emissions (CO2eq) from CH4 (AR5),kilotonnes,0,0,0,0,0,0,0,0,0,0,0,0,0,0,0,0,0,0,0,0,0
Bosnia and Herzegovina,Fires in organic soils,Emissions (CO2eq) (AR5),kilotonnes,0,0,0,0,0,0,0,0,0,0,0,0,0,0,0,0,0,0,0,0,0
Bosnia and Herzegovina,Forest fires,Emissions (CH4),kilotonnes,3.4126,0.0573,0.0524,0.5211,0.192,0.0349,0.2119,0.0075,0.2095,0.0224,0.0549,0.4139,0.3117,0.0374,0.0698,0.0224,0.0075,0.0873,0.0199,0.0848,0.3715
Bosnia and Herzegovina,Forest fires,Emissions (N2O),kilotonnes,0.1888,0.0052,0.0048,0.0476,0.0175,0.0032,0.0194,0.0007,0.0191,0.002,0.005,0.0378,0.0285,0.0034,0.0064,0.002,0.0007,0.008,0.0018,0.0077,0.0339
Bosnia and Herzegovina,Forest fires,Emissions (CO2eq) from CH4 (AR5),kilotonnes,95.5521,1.6053,1.4663,14.5916,5.3765,0.9775,5.9342,0.2095,5.8653,0.6284,1.5361,11.5898,8.7265,1.0473,1.9547,0.6283,0.2094,2.4434,0.5585,2.3738,10.4024
Bosnia and Herzegovina,Forest fires,Emissions (CO2eq) from N2O (AR5),kilotonnes,50.027,1.3872,1.2671,12.609,4.646,0.8447,5.128,0.181,5.0684,0.543,1.3274,10.0151,7.5409,0.905,1.6891,0.5429,0.181,2.1114,0.4826,2.0513,8.989
Bosnia and Herzegovina,Forest fires,Emissions (CO2eq) (AR5),kilotonnes,145.5791,2.9926,2.7334,27.2006,10.0226,1.8222,11.0622,0.3905,10.9337,1.1714,2.8634,21.6048,16.2674,1.9523,3.6437,1.1712,0.3904,4.5549,1.0411,4.4252,19.3914
Bosnia and Herzegovina,Fires in humid tropical forests,Emissions (CH4),kilotonnes,0,0,0,0,0,0,0,0,0,0,0,0,0,0,0,0,0,0,0,0,0
Bosnia and Herzegovina,Fires in humid tropical forests,Emissions (N2O),kilotonnes,0,0,0,0,0,0,0,0,0,0,0,0,0,0,0,0,0,0,0,0,0
Bosnia and Herzegovina,Fires in humid tropical forests,Emissions (CO2eq) from CH4 (AR5),kilotonnes,0,0,0,0,0,0,0,0,0,0,0,0,0,0,0,0,0,0,0,0,0
Bosnia and Herzegovina,Fires in humid tropical forests,Emissions (CO2eq) from N2O (AR5),kilotonnes,0,0,0,0,0,0,0,0,0,0,0,0,0,0,0,0,0,0,0,0,0
Bosnia and Herzegovina,Fires in humid tropical forests,Emissions (CO2eq) (AR5),kilotonnes,0,0,0,0,0,0,0,0,0,0,0,0,0,0,0,0,0,0,0,0,0
Bosnia and Herzegovina,Waste - agri-food systems,Emissions (CH4),kilotonnes,21.5669,22.5345,23.3677,24.276,24.9472,25.5049,26.0043,26.4893,26.8927,27.1801,27.4066,27.5301,27.6258,27.7002,28.248,27.8545,28.4152,28.4315,28.4646,28.4907,28.5079
Bosnia and Herzegovina,Waste - agri-food systems,Emissions (N2O),kilotonnes,0.1283,0.1313,0.1361,0.136,0.1487,0.1465,0.1454,0.1491,0.1531,0.1516,0.1493,0.1501,0.1458,0.147,0.1578,0.1525,0.1637,0.1542,0.1526,0.1511,0.1497
Bosnia and Herzegovina,Waste - agri-food systems,Emissions (CO2),kilotonnes,29.2108,29.2642,29.4574,29.7613,29.9935,30.1233,30.301,30.5668,30.8163,30.71,30.6773,30.784,30.6807,30.7506,30.7782,30.6027,30.6573,30.7439,30.8869,30.8884,30.8725
Bosnia and Herzegovina,Waste - agri-food systems,Emissions (CO2eq) from CH4 (AR5),kilotonnes,603.8725,630.9661,654.2957,679.7292,698.5212,714.1372,728.1211,741.7002,752.9966,761.0442,767.3845,770.8435,773.5225,775.6043,790.9433,779.9256,795.6245,796.0831,797.0097,797.7382,798.221
Bosnia and Herzegovina,Waste - agri-food systems,Emissions (CO2eq) from N2O (AR5),kilotonnes,33.9965,34.7848,36.0668,36.0275,39.4152,38.8227,38.5206,39.5024,40.5637,40.1754,39.5599,39.7716,38.6263,38.9521,41.8206,40.4109,43.3814,40.8657,40.4453,40.04,39.664
Bosnia and Herzegovina,Waste - agri-food systems,Emissions (CO2eq) (AR5),kilotonnes,667.0797,695.0151,719.8198,745.518,767.9298,783.0832,796.9427,811.7693,824.3766,831.9295,837.6217,841.3991,842.8295,845.3071,863.542,850.9392,869.6632,867.6928,868.3419,868.6667,868.7575
Bosnia and Herzegovina,Fertilizers Manufacturing,Emissions (N2O),kilotonnes,0.0585,0.0582,0.0593,0.0624,0.0628,0.0641,0.0713,0.0748,0.082,0.0807,0.0552,0.1359,0.1005,0.0734,0.0907,0.1253,0.1134,0.0848,0.0784,0.098,0.1005
Bosnia and Herzegovina,Fertilizers Manufacturing,Emissions (CO2),kilotonnes,73.5702,70.8454,75.7501,76.84,83.3796,86.6494,93.7339,94.2789,107.903,112.2627,76.8194,211.869,156.2762,117.4618,161.9524,176.3424,159.9077,120.0835,110.6044,147.8521,143.764
Bosnia and Herzegovina,Fertilizers Manufacturing,Emissions (CO2eq) from N2O (AR5),kilotonnes,15.49,15.4322,15.7212,16.5304,16.646,16.9928,18.9002,19.8249,21.7323,21.3855,14.628,36.0135,26.6325,19.451,24.0355,33.2045,30.051,22.472,20.776,25.97,26.6193
Bosnia and Herzegovina,Fertilizers Manufacturing,Emissions (CO2eq) (AR5),kilotonnes,89.0603,86.2776,91.4713,93.3704,100.0256,103.6422,112.6341,114.1038,129.6353,133.6482,91.4474,247.8825,182.9087,136.9128,185.9879,209.5469,189.9587,142.5555,131.3804,173.8221,170.3833
Bosnia and Herzegovina,On-farm electricity use,Emissions (CH4),kilotonnes,0.0373,0.0403,0.0433,0.0459,0.0471,0.0492,0.0495,0.0494,0.0636,0.0804,0.1068,0.1128,0.108,0.0588,0.0636,0.0684,0.0804,0.0576,0.0744,0.0766,0.0766
Bosnia and Herzegovina,On-farm electricity use,Emissions (N2O),kilotonnes,0.0002,0.0002,0.0003,0.0002,0.0002,0.0002,0.0002,0.0002,0.0003,0.0004,0.0006,0.0006,0.0006,0.0003,0.0003,0.0004,0.0004,0.0003,0.0004,0.0004,0.0004
Bosnia and Herzegovina,On-farm electricity use,Emissions (CO2),kilotonnes,25.8176,27.9323,29.9061,31.7609,32.576,34.0739,34.2193,34.1621,43.9868,53.9494,64.3121,91.5763,87.6431,42.1968,45.6414,49.086,57.6976,41.3356,53.3918,54.9419,54.9419
Bosnia and Herzegovina,On-farm electricity use,Emissions (CO2eq) from CH4 (AR5),kilotonnes,1.0444,1.1284,1.2124,1.2852,1.3188,1.3776,1.386,1.3832,1.7808,2.2512,2.9904,3.1584,3.024,1.6464,1.7808,1.9152,2.2512,1.6128,2.0832,2.1448,2.1448
Bosnia and Herzegovina,On-farm electricity use,Emissions (CO2eq) from N2O (AR5),kilotonnes,0.053,0.053,0.0795,0.053,0.053,0.053,0.053,0.053,0.0795,0.106,0.159,0.159,0.159,0.0795,0.0795,0.106,0.106,0.0795,0.106,0.106,0.106
Bosnia and Herzegovina,On-farm electricity use,Emissions (CO2eq) (AR5),kilotonnes,26.915,29.1137,31.198,33.0991,33.9478,35.5045,35.6583,35.5983,45.8471,56.3066,67.4615,94.8937,90.8261,43.9227,47.5017,51.1072,60.0548,43.0279,55.581,57.1927,57.1927
Bosnia and Herzegovina,Food Processing,Emissions (CH4),kilotonnes,0.0014,0.0014,0.0014,0.0014,0.0014,0.0014,0.0014,0.0014,0.323,0.1982,0.2294,0.2438,0.2942,0.2354,0.2617,0.2797,0.3123,0.322,0.3248,0.3248,0.3371
Bosnia and Herzegovina,Food Processing,Emissions (N2O),kilotonnes,0.0003,0.0003,0.0003,0.0003,0.0003,0.0003,0.0003,0.0003,0.0018,0.0013,0.0016,0.0016,0.0019,0.0015,0.0022,0.0025,0.0027,0.0025,0.0026,0.0026,0.0027
Bosnia and Herzegovina,Food Processing,Emissions (CO2),kilotonnes,35.3599,35.3599,35.3599,35.3599,35.3599,35.3599,35.3599,35.3599,257.7837,167.4152,172.6554,232.1515,272.9701,203.2858,272.1543,315.6009,351.0634,345.4656,357.7572,357.7572,347.8653
Bosnia and Herzegovina,Food Processing,Emissions (CO2eq) from CH4 (AR5),kilotonnes,0.0392,0.0392,0.0392,0.0392,0.0392,0.0392,0.0392,0.0392,9.044,5.5496,6.4232,6.8264,8.2376,6.5912,7.3276,7.8316,8.7444,9.016,9.0944,9.0944,9.4376
Bosnia and Herzegovina,Food Processing,Emissions (CO2eq) from N2O (AR5),kilotonnes,0.0795,0.0795,0.0795,0.0795,0.0795,0.0795,0.0795,0.0795,0.477,0.3445,0.424,0.424,0.5035,0.3975,0.583,0.6625,0.7155,0.6625,0.689,0.689,0.7062
Bosnia and Herzegovina,Food Processing,Emissions (CO2eq) (AR5),kilotonnes,35.4786,35.4786,35.4786,35.4786,35.4786,35.4786,35.4786,35.4786,267.3047,173.3093,179.5026,239.4019,281.7112,210.2745,280.0649,324.095,360.5233,355.1441,367.5406,367.5406,358.0091
Bosnia and Herzegovina,Food Packaging,Emissions (CH4),kilotonnes,0.1503,0.1873,0.2247,0.2581,0.2715,0.2763,0.2807,0.3511,0.3283,0.2763,0.312,0.2994,0.2953,0.278,0.2569,0.2652,0.2487,0.2708,0.2693,0.355,0.3684
Bosnia and Herzegovina,Food Packaging,Emissions (N2O),kilotonnes,0.0007,0.0009,0.0011,0.0012,0.0013,0.0013,0.0013,0.0017,0.0015,0.0014,0.0018,0.0016,0.0017,0.0015,0.0017,0.0018,0.0015,0.0017,0.0018,0.0021,0.0022
Bosnia and Herzegovina,Food Packaging,Emissions (CO2),kilotonnes,106.5342,130.1428,157.2359,174.6482,186.8819,189.817,192.7909,242.3413,227.0293,197.12,203.1634,259.4686,257.0922,219.1432,227.1933,241.2728,221.2884,244.3155,251.8037,300.0612,291.7646
Bosnia and Herzegovina,Food Packaging,Emissions (CO2eq) from CH4 (AR5),kilotonnes,4.2084,5.2444,6.2916,7.2268,7.602,7.7364,7.8596,9.8308,9.1924,7.7364,8.736,8.3832,8.2684,7.784,7.1932,7.4256,6.9636,7.5824,7.5404,9.94,10.3151
Bosnia and Herzegovina,Food Packaging,Emissions (CO2eq) from N2O (AR5),kilotonnes,0.1855,0.2385,0.2915,0.318,0.3445,0.3445,0.3445,0.4505,0.3975,0.371,0.477,0.424,0.4505,0.3975,0.4505,0.477,0.3975,0.4505,0.477,0.5565,0.5704
Bosnia and Herzegovina,Food Packaging,Emissions (CO2eq) (AR5),kilotonnes,110.9281,135.6257,163.819,182.193,194.8284,197.8979,200.995,252.6226,236.6192,205.2274,212.3764,268.2758,265.8111,227.3247,234.837,249.1754,228.6495,252.3484,259.8211,310.5577,302.6501
Bosnia and Herzegovina,Food Retail,Emissions (CH4),kilotonnes,0.1322,0.1348,0.1365,0.1459,0.1522,0.1664,0.166,0.1657,0,0.0001,0.0001,0.0001,0.0001,0.0225,0.2773,0.2604,0.3068,0.3125,0.327,0.2028,0.2105
Bosnia and Herzegovina,Food Retail,Emissions (N2O),kilotonnes,0.0006,0.0006,0.0006,0.0007,0.0007,0.0008,0.0008,0.0008,0,0,0,0,0,0.0001,0.0016,0.0015,0.0017,0.0017,0.0018,0.0011,0.0011
Bosnia and Herzegovina,Food Retail,Emissions (CO2),kilotonnes,92.5942,94.4632,95.6068,102.7058,106.7917,117.1525,116.8786,116.696,2.1228,6.9177,7.0905,7.4793,6.7758,22.8121,220.1398,207.1286,242.9144,241.6413,246.5579,161.0191,156.567
Bosnia and Herzegovina,Food Retail,Emissions (CO2eq) from F-gases (AR5),kilotonnes,99.2245,148.0575,212.995,303.388,390.1445,441.575,508.071,574.567,581.84,585.996,588.074,589.6325,590.152,591.191,591.191,591.191,648.336,663.4015,677.9475,693.013,720.5499
Bosnia and Herzegovina,Food Retail,Emissions (CO2eq) from CH4 (AR5),kilotonnes,3.7016,3.7744,3.822,4.0852,4.2616,4.6592,4.648,4.6396,0,0.0028,0.0028,0.0028,0.0028,0.63,7.7644,7.2912,8.5904,8.75,9.156,5.6784,5.8927
Bosnia and Herzegovina,Food Retail,Emissions (CO2eq) from N2O (AR5),kilotonnes,0.159,0.159,0.159,0.1855,0.1855,0.212,0.212,0.212,0,0,0,0,0,0.0265,0.424,0.3975,0.4505,0.4505,0.477,0.2915,0.2988
Bosnia and Herzegovina,Food Retail,Emissions (CO2eq) (AR5),kilotonnes,195.6793,246.4541,312.5828,410.3645,501.3833,563.5987,629.8096,696.1146,583.9628,592.9165,595.1673,597.1146,596.9306,614.6596,819.5192,806.0083,900.2913,914.2433,934.1384,860.002,883.3084
Bosnia and Herzegovina,Food Household Consumption,Emissions (CH4),kilotonnes,0.4993,0.5091,0.5156,0.5269,0.5257,0.5542,0.5598,0.5588,0.5912,0.7436,0.7923,0.7893,0.7736,0.7136,0.718,0.7335,0.7644,0.8151,0.7629,0.7629,0.7917
Bosnia and Herzegovina,Food Household Consumption,Emissions (N2O),kilotonnes,0.0024,0.0024,0.0024,0.0025,0.0025,0.0026,0.0027,0.0027,0.0028,0.0037,0.0044,0.0042,0.0042,0.0039,0.004,0.004,0.0042,0.0043,0.004,0.004,0.0041
Bosnia and Herzegovina,Food Household Consumption,Emissions (CO2),kilotonnes,354.5117,361.0287,364.7965,374.4693,373.9466,395.7861,399.6457,398.9741,421.3597,468.3979,443.3756,572.21,568.9021,515.8016,516.7455,527.6557,540.8443,546.5594,519.0018,519.0018,504.6515
Bosnia and Herzegovina,Food Household Consumption,Emissions (CO2eq) from CH4 (AR5),kilotonnes,13.9804,14.2548,14.4368,14.7532,14.7196,15.5176,15.6744,15.6464,16.5536,20.8208,22.1844,22.1004,21.6608,19.9808,20.104,20.538,21.4032,22.8228,21.3612,21.3612,22.1673
Bosnia and Herzegovina,Food Household Consumption,Emissions (CO2eq) from N2O (AR5),kilotonnes,0.636,0.636,0.636,0.6625,0.6625,0.689,0.7155,0.7155,0.742,0.9805,1.166,1.113,1.113,1.0335,1.06,1.06,1.113,1.1395,1.06,1.06,1.0865
Bosnia and Herzegovina,Food Household Consumption,Emissions (CO2eq) (AR5),kilotonnes,369.1281,375.9195,379.8693,389.885,389.3287,411.9927,416.0356,415.336,438.6553,490.1992,466.726,595.4234,591.6759,536.8159,537.9095,549.2537,563.3605,570.5217,541.423,541.423,527.9053
Bosnia and Herzegovina,Food Transport,Emissions (CH4),kilotonnes,0.0591,0.058,0.0514,0.0505,0.0552,0.0531,0.057,0.0542,0.0498,0.0449,0.0362,0.0333,0.0294,0.0384,0.0389,0.0403,0.0454,0.0493,0.0474,0.0463,0.048
Bosnia and Herzegovina,Food Transport,Emissions (N2O),kilotonnes,0.0062,0.0062,0.0058,0.0057,0.0065,0.0063,0.0078,0.0083,0.0094,0.0099,0.0099,0.0099,0.0092,0.008,0.0084,0.0088,0.0102,0.0106,0.0102,0.0107,0.011
Bosnia and Herzegovina,Food Transport,Emissions (CO2),kilotonnes,229.9,234.3,224.4,226.6,262.9,253,316.8,335.5,371.8,383.9,374,375.1,350.9,310.2,326.7,341,397.1,414.7,398.2,424.5253,412.7873
Bosnia and Herzegovina,Food Transport,Emissions (CO2eq) from CH4 (AR5),kilotonnes,1.6548,1.624,1.4392,1.414,1.5456,1.4868,1.596,1.5176,1.3944,1.2572,1.0136,0.9324,0.8232,1.0752,1.0892,1.1284,1.2712,1.3804,1.3272,1.2964,1.3453
Bosnia and Herzegovina,Food Transport,Emissions (CO2eq) from N2O (AR5),kilotonnes,1.643,1.643,1.537,1.5105,1.7225,1.6695,2.067,2.1995,2.491,2.6235,2.6235,2.6235,2.438,2.12,2.226,2.332,2.703,2.809,2.703,2.8355,2.9064
Bosnia and Herzegovina,Food Transport,Emissions (CO2eq) (AR5),kilotonnes,233.1978,237.567,227.3762,229.5245,266.1681,256.1563,320.463,339.2171,375.6854,387.7807,377.6371,378.6559,354.1612,313.3952,330.0152,344.4604,401.0742,418.8894,402.2302,428.6572,417.039
Bosnia and Herzegovina,Energy,Emissions (CH4),kilotonnes,37.4,38.2,39.5,46.8,46.9,49.1,53.1,52.4,59.3,58,57.1,64.6,61.8,59.8,87.2,90.7,99.6,101,113,106,110
Bosnia and Herzegovina,Energy,Emissions (N2O),kilotonnes,0.268,0.267,0.272,0.286,0.288,0.294,0.327,0.343,0.376,0.37,0.371,0.415,0.387,0.403,0.401,0.428,0.476,0.451,0.447,0.48,0.492
Bosnia and Herzegovina,Energy,Emissions (CO2),kilotonnes,13500,13000,13900,14100,15300,15900,17200,17300,19800,20600,21400,24100,22400,22100,19500,18600,21800,22000,21600,21700,21100
Bosnia and Herzegovina,Energy,Emissions (CO2eq) from CH4 (AR5),kilotonnes,1047.2,1069.6,1106,1310.4,1313.2,1374.8,1486.8,1467.2,1660.4,1624,1598.8,1808.8,1730.4,1674.4,2441.6,2539.6,2788.8,2828,3164,2968,3080
Bosnia and Herzegovina,Energy,Emissions (CO2eq) from N2O (AR5),kilotonnes,71.02,70.755,72.08,75.79,76.32,77.91,86.655,90.895,99.64,98.05,98.315,109.975,102.555,106.795,106.265,113.42,126.14,119.515,118.455,127.2,130.38
Bosnia and Herzegovina,Energy,Emissions (CO2eq) (AR5),kilotonnes,14618.22,14140.355,15078.08,15486.19,16689.52,17352.71,18773.455,18858.095,21560.04,22322.05,23097.115,26018.775,24232.955,23881.195,22047.865,21253.02,24714.94,24947.515,24882.455,24795.2,24310.38
Bosnia and Herzegovina,IPPU,Emissions (CH4),kilotonnes,0.0034,0.0038,0.0033,0.0043,0.0027,0.0028,0.0016,0.0016,0.0299,0.0498,0.0622,0.0463,0.0498,0.0513,0.0562,0.0581,0.0572,0.0537,0.0534,0.0737,0.0781
Bosnia and Herzegovina,IPPU,Emissions (N2O),kilotonnes,0.0415,0.0415,0.0416,0.0416,0.0416,0.0416,0.0416,0.0416,0.0414,0.0412,0.041,0.0406,0.0402,0.0397,0.0393,0.0389,0.0387,0.0386,0.0386,0.0382,0.0379
Bosnia and Herzegovina,IPPU,Emissions (CO2),kilotonnes,521,551,635,643,712,743,823,865,974,808,867,815,776,792,743,713,704,753,790,805,808
Bosnia and Herzegovina,IPPU,Emissions (CO2eq) from F-gases (AR5),kilotonnes,468.3857,377.0408,311.9332,399.3911,522.804,639.4145,706.4656,768.6579,849.3135,888.1837,991.1897,991.1897,1049.4949,1107.8002,1175.823,1234.1283,1292.4336,1350.7389,1409.0441,1467.3494,1525.6547
Bosnia and Herzegovina,IPPU,Emissions (CO2eq) from CH4 (AR5),kilotonnes,0.0955,0.1056,0.0932,0.1212,0.0753,0.077,0.0448,0.0448,0.8372,1.3944,1.7416,1.2964,1.3944,1.4364,1.5736,1.6268,1.6016,1.5036,1.4952,2.0636,2.1868
Bosnia and Herzegovina,IPPU,Emissions (CO2eq) from N2O (AR5),kilotonnes,10.9975,10.9975,11.024,11.024,11.024,11.024,11.024,11.024,10.971,10.918,10.865,10.759,10.653,10.5205,10.4145,10.3085,10.2555,10.229,10.229,10.123,10.0435
Bosnia and Herzegovina,IPPU,Emissions (CO2eq) (AR5),kilotonnes,1000.4787,939.1438,958.0505,1053.5364,1245.9033,1393.5155,1540.5344,1644.7267,1835.1217,1708.4961,1870.7963,1818.2451,1837.5423,1911.7571,1930.8111,1959.0636,2008.2907,2115.4715,2210.7683,2284.536,2345.885
Bosnia and Herzegovina,Waste,Emissions (CH4),kilotonnes,25.6,26,26.3,26.6,27,27.5,27.9,27.4,28.7,30,28.8,29.8,29.6,29.6,30.4,30,29.8,30.8,32,31.5,31.8
Bosnia and Herzegovina,Waste,Emissions (N2O),kilotonnes,0.19,0.19,0.19,0.193,0.201,0.206,0.209,0.208,0.21,0.212,0.212,0.21,0.206,0.205,0.206,0.21,0.215,0.214,0.214,0.213,0.214
Bosnia and Herzegovina,Waste,Emissions (CO2),kilotonnes,2.44,2.56,2.68,2.8,2.93,3.04,3.14,3.23,3.32,3.41,3.49,3.58,3.67,3.67,3.67,3.67,3.67,3.69,3.71,3.9,3.96
Bosnia and Herzegovina,Waste,Emissions (CO2eq) from CH4 (AR5),kilotonnes,716.8,728,736.4,744.8,756,770,781.2,767.2,803.6,840,806.4,834.4,828.8,828.8,851.2,840,834.4,862.4,896,882,890.4
Bosnia and Herzegovina,Waste,Emissions (CO2eq) from N2O (AR5),kilotonnes,50.35,50.35,50.35,51.145,53.265,54.59,55.385,55.12,55.65,56.18,56.18,55.65,54.59,54.325,54.59,55.65,56.975,56.71,56.71,56.445,56.71
Bosnia and Herzegovina,Waste,Emissions (CO2eq) (AR5),kilotonnes,769.59,780.91,789.43,798.745,812.195,827.63,839.725,825.55,862.57,899.59,866.07,893.63,887.06,886.795,909.46,899.32,895.045,922.8,956.42,942.345,951.07
Bosnia and Herzegovina,Other,Emissions (N2O),kilotonnes,0.262,0.26,0.271,0.246,0.266,0.27,0.301,0.304,0.322,0.307,0.294,0.332,0.308,0.314,0.23,0.24,0.266,0.27,0.268,0.267,0.265
Bosnia and Herzegovina,Other,Emissions (CO2eq) from N2O (AR5),kilotonnes,69.43,68.9,71.815,65.19,70.49,71.55,79.765,80.56,85.33,81.355,77.91,87.98,81.62,83.21,60.95,63.6,70.49,71.55,71.02,70.755,70.225
Bosnia and Herzegovina,Other,Emissions (CO2eq) (AR5),kilotonnes,69.43,68.9,71.815,65.19,70.49,71.55,79.765,80.56,85.33,81.355,77.91,87.98,81.62,83.21,60.95,63.6,70.49,71.55,71.02,70.755,70.225
Bosnia and Herzegovina,Farm-gate emissions,Emissions (CH4),kilotonnes,62.8807,60.6579,57.4457,62.1756,64.6587,66.149,72.0413,67.9231,66.0264,65.9998,65.4685,63.7826,62.0243,61.9004,61.3165,62.2993,61.7792,60.7373,59.3905,57.8744,57.5896
Bosnia and Herzegovina,Farm-gate emissions,Direct emissions (N2O),kilotonnes,1.5369,1.3962,1.3867,1.2457,1.7483,1.7921,1.7003,1.5789,1.9429,2.2916,2.2248,2.5529,2.7802,2.5971,2.8543,2.9674,2.6268,2.5972,2.346,2.3215,2.3583
Bosnia and Herzegovina,Farm-gate emissions,Indirect emissions (N2O),kilotonnes,0.5128,0.4662,0.4618,0.4249,0.583,0.6007,0.5753,0.5398,0.6535,0.7696,0.7532,0.8567,0.9326,0.8722,0.9565,0.9893,0.8709,0.8679,0.7789,0.7722,0.7798
Bosnia and Herzegovina,Farm-gate emissions,Emissions (N2O),kilotonnes,2.6456,2.4256,2.385,2.2675,2.9141,2.9873,2.9225,2.7655,3.2094,3.6719,3.5935,4.022,4.3309,4.0651,4.387,4.5355,4.0716,4.0687,3.7053,3.6664,3.7228
Bosnia and Herzegovina,Farm-gate emissions,Emissions (CO2),kilotonnes,213.6127,216.5359,203.6099,193.8424,209.6341,208.7166,179.7088,186.5166,207.0212,195.8967,204.17,205.2901,201.5087,171.8682,165.772,172.0235,174.8392,187.2368,263.9463,271.3633,271.3633
Bosnia and Herzegovina,Farm-gate emissions,Emissions (CO2eq) from CH4 (AR5),kilotonnes,1760.6601,1698.4221,1608.4794,1740.9176,1810.4429,1852.1714,2017.1578,1901.8474,1848.7378,1847.9933,1833.1182,1785.9118,1736.6811,1733.2124,1716.8629,1744.3805,1729.8185,1700.6443,1662.934,1620.4838,1612.5081
Bosnia and Herzegovina,Farm-gate emissions,Emissions (CO2eq) from N2O (AR5),kilotonnes,701.0783,642.7851,632.0381,600.8803,772.2332,791.6444,774.4731,732.8607,850.4983,973.0526,952.2654,1065.8423,1147.6813,1077.2562,1162.5599,1201.9002,1078.9618,1078.1988,981.9118,971.5879,986.5513
Bosnia and Herzegovina,Farm-gate emissions,Emissions (CO2eq) (AR5),kilotonnes,2675.3511,2557.7431,2444.1274,2535.6403,2792.3101,2852.5324,2971.3397,2821.2247,2906.2573,3016.9425,2989.5536,3057.0441,3085.8712,2982.3367,3045.1948,3118.3042,2983.6195,2966.0799,2908.7921,2863.4349,2870.4227
Bosnia and Herzegovina,Land Use change,Emissions (CH4),kilotonnes,0,0,0,0,0,0,0,0,0,0,0,0,0,0,0,0,0,0,0,0,0
Bosnia and Herzegovina,Land Use change,Emissions (N2O),kilotonnes,0,0,0,0,0,0,0,0,0,0,0,0,0,0,0,0,0,0,0,0,0
Bosnia and Herzegovina,Land Use change,Emissions (CO2),kilotonnes,0,0,0,0,0,0,0,0,0,0,0,0,0,0,0,0,0,0,0,0,0
Bosnia and Herzegovina,Land Use change,Emissions (CO2eq) from CH4 (AR5),kilotonnes,0,0,0,0,0,0,0,0,0,0,0,0,0,0,0,0,0,0,0,0,0
Bosnia and Herzegovina,Land Use change,Emissions (CO2eq) from N2O (AR5),kilotonnes,0,0,0,0,0,0,0,0,0,0,0,0,0,0,0,0,0,0,0,0,0
Bosnia and Herzegovina,Land Use change,Emissions (CO2eq) (AR5),kilotonnes,0,0,0,0,0,0,0,0,0,0,0,0,0,0,0,0,0,0,0,0,0
Bosnia and Herzegovina,Emissions on agricultural land,Emissions (CH4),kilotonnes,62.8807,60.6579,57.4457,62.1756,64.6587,66.149,72.0413,67.9231,66.0264,65.9998,65.4685,63.7826,62.0243,61.9004,61.3165,62.2993,61.7792,60.7373,59.3905,57.8744,57.5896
Bosnia and Herzegovina,Emissions on agricultural land,Emissions (N2O),kilotonnes,2.6456,2.4256,2.385,2.2675,2.9141,2.9873,2.9225,2.7655,3.2094,3.6719,3.5935,4.022,4.3309,4.0651,4.387,4.5355,4.0716,4.0687,3.7053,3.6664,3.7228
Bosnia and Herzegovina,Emissions on agricultural land,Emissions (CO2),kilotonnes,213.6127,216.5359,203.6099,193.8424,209.6341,208.7166,179.7088,186.5166,207.0212,195.8967,204.17,205.2901,201.5087,171.8682,165.772,172.0235,174.8392,187.2368,263.9463,271.3633,271.3633
Bosnia and Herzegovina,Emissions on agricultural land,Emissions (CO2eq) from CH4 (AR5),kilotonnes,1760.6601,1698.4221,1608.4794,1740.9176,1810.4429,1852.1714,2017.1578,1901.8474,1848.7378,1847.9933,1833.1182,1785.9118,1736.6811,1733.2124,1716.8629,1744.3805,1729.8185,1700.6443,1662.934,1620.4838,1612.5081
Bosnia and Herzegovina,Emissions on agricultural land,Emissions (CO2eq) from N2O (AR5),kilotonnes,701.0783,642.7851,632.0381,600.8803,772.2332,791.6444,774.4731,732.8607,850.4983,973.0526,952.2654,1065.8423,1147.6813,1077.2562,1162.5599,1201.9002,1078.9618,1078.1988,981.9118,971.5879,986.5513
Bosnia and Herzegovina,Emissions on agricultural land,Emissions (CO2eq) (AR5),kilotonnes,2675.3511,2557.7431,2444.1274,2535.6403,2792.3101,2852.5324,2971.3397,2821.2247,2906.2573,3016.9425,2989.5536,3057.0441,3085.8712,2982.3367,3045.1948,3118.3042,2983.6195,2966.0799,2908.7921,2863.4349,2870.4227
Bosnia and Herzegovina,Pre- and post- production,Emissions (CH4),kilotonnes,22.4465,23.4654,24.3406,25.3047,26.0003,26.6055,27.1187,27.6699,28.2486,28.5236,28.8834,29.0088,29.1264,29.0469,29.8644,29.502,30.1732,30.2588,30.2704,30.2591,30.3401
Bosnia and Herzegovina,Pre- and post- production,Emissions (N2O),kilotonnes,0.1971,0.2001,0.2059,0.2089,0.2231,0.2221,0.2298,0.2379,0.2509,0.249,0.2228,0.3039,0.2639,0.2357,0.2667,0.2968,0.2978,0.2601,0.2518,0.27,0.2715
Bosnia and Herzegovina,Pre- and post- production,Emissions (CO2),kilotonnes,947.4986,983.3365,1012.5127,1052.1454,1111.8291,1141.9621,1219.7293,1287.8791,1462.8016,1420.6729,1372.0937,1780.6387,1731.2402,1461.6519,1801.3049,1888.6891,2001.4731,1984.8448,1968.2037,1996.047,1943.214
Bosnia and Herzegovina,Pre- and post- production,Emissions (CO2eq) from F-gases (AR5),kilotonnes,99.2245,148.0575,212.995,303.388,390.1445,441.575,508.071,574.567,581.84,585.996,588.074,589.6325,590.152,591.191,591.191,591.191,648.336,663.4015,677.9475,693.013,720.5499
Bosnia and Herzegovina,Pre- and post- production,Emissions (CO2eq) from CH4 (AR5),kilotonnes,628.5013,657.0313,681.5369,708.5328,728.008,744.954,759.3243,774.757,790.9618,798.6622,808.7349,812.2471,815.5393,813.3119,836.2025,826.0556,844.8485,847.2475,847.5721,847.2534,849.5238
Bosnia and Herzegovina,Pre- and post- production,Emissions (CO2eq) from N2O (AR5),kilotonnes,52.2425,53.026,54.5705,55.3669,59.1087,58.863,60.8922,63.0373,66.483,65.9864,59.0374,80.5286,69.9228,62.4576,70.6791,78.6504,78.9179,68.9292,66.7333,71.5485,71.9576
Bosnia and Herzegovina,Pre- and post- production,Emissions (CO2eq) (AR5),kilotonnes,1727.4669,1841.4513,1961.6151,2119.4331,2289.0903,2387.354,2548.0169,2700.2404,2902.0864,2871.3174,2827.94,3263.0469,3206.8543,2928.6125,3299.3774,3384.5861,3573.5755,3564.4231,3560.4566,3607.862,3585.2453
Bosnia and Herzegovina,Agri-food systems,Emissions (CH4),kilotonnes,85.3272,84.1233,81.7863,87.4804,90.659,92.7545,99.1601,95.593,94.275,94.5234,94.3519,92.7914,91.1507,90.9473,91.1809,91.8013,91.9524,90.9961,89.6609,88.1335,87.9297
Bosnia and Herzegovina,Agri-food systems,Emissions (N2O),kilotonnes,2.8427,2.6257,2.591,2.4764,3.1371,3.2095,3.1523,3.0034,3.4603,3.9209,3.8162,4.3259,4.5947,4.3008,4.6537,4.8323,4.3694,4.3288,3.9572,3.9364,3.9944
Bosnia and Herzegovina,Agri-food systems,Emissions (CO2),kilotonnes,1161.1112,1199.8724,1216.1226,1245.9878,1321.4632,1350.6786,1399.4381,1474.3957,1669.8228,1616.5696,1576.2637,1985.9289,1932.7489,1633.5201,1967.0769,2060.7126,2176.3123,2172.0816,2232.15,2267.4103,2214.5773
Bosnia and Herzegovina,Agri-food systems,Emissions (CO2eq) from F-gases (AR5),kilotonnes,99.2245,148.0575,212.995,303.388,390.1445,441.575,508.071,574.567,581.84,585.996,588.074,589.6325,590.152,591.191,591.191,591.191,648.336,663.4015,677.9475,693.013,720.5499
Bosnia and Herzegovina,Agri-food systems,Emissions (CO2eq) from CH4 (AR5),kilotonnes,2389.1614,2355.4534,2290.0163,2449.4504,2538.4508,2597.1255,2776.4821,2676.6043,2639.6997,2646.6554,2641.8531,2598.1588,2552.2205,2546.5243,2553.0653,2570.4362,2574.667,2547.8918,2510.5061,2467.7372,2462.0319
Bosnia and Herzegovina,Agri-food systems,Emissions (CO2eq) from N2O (AR5),kilotonnes,753.3208,695.8111,686.6086,656.2472,831.3419,850.5074,835.3653,795.898,916.9813,1039.0389,1011.3028,1146.3709,1217.6041,1139.7138,1233.239,1280.5506,1157.8797,1147.128,1048.6451,1043.1363,1058.5088
Bosnia and Herzegovina,Agri-food systems,Emissions (CO2eq) (AR5),kilotonnes,4402.818,4399.1944,4405.7425,4655.0734,5081.4004,5239.8864,5519.3566,5521.465,5808.3437,5888.26,5817.4936,6320.0911,6292.7254,5910.9492,6344.5722,6502.8903,6557.195,6530.5029,6469.2488,6471.2968,6455.6679
Bosnia and Herzegovina,IPCC Agriculture,Emissions (CH4),kilotonnes,62.8649,60.6417,57.4318,62.1633,64.6446,66.1354,72.0314,67.9124,66.0134,65.9792,65.4454,63.754,61.9967,61.8767,61.2907,62.2849,61.7586,60.7073,59.3393,57.8182,57.5334
Bosnia and Herzegovina,IPCC Agriculture,Emissions (CH4),kilotonnes,40.68,40.83,,,,,,,,,,,,44,43,,,,,,
Bosnia and Herzegovina,IPCC Agriculture,Direct emissions (N2O),kilotonnes,1.5369,1.3962,1.3867,1.2457,1.7483,1.7921,1.7003,1.5789,1.9429,2.2916,2.2248,2.5529,2.7802,2.5971,2.8543,2.9674,2.6268,2.5972,2.346,2.3215,2.3583
Bosnia and Herzegovina,IPCC Agriculture,Indirect emissions (N2O),kilotonnes,0.5128,0.4662,0.4618,0.4249,0.583,0.6007,0.5753,0.5398,0.6535,0.7696,0.7532,0.8567,0.9326,0.8722,0.9565,0.9893,0.8709,0.8679,0.7789,0.7722,0.7798
Bosnia and Herzegovina,IPCC Agriculture,Emissions (N2O),kilotonnes,2.6404,2.42,2.3794,2.2618,2.9072,2.9807,2.9142,2.7566,3.1989,3.6608,3.5823,4.0104,4.3197,4.0538,4.3782,4.523,4.059,4.0536,3.6666,3.6217,3.6782
Bosnia and Herzegovina,IPCC Agriculture,Emissions (N2O),kilotonnes,3.78,4.34,,,,,,,,,,,,6,5,,,,,,
Bosnia and Herzegovina,IPCC Agriculture,Emissions (CO2eq) from CH4 (AR5),kilotonnes,1760.2162,1697.9668,1608.0917,1740.5725,1810.0494,1851.7912,2016.8804,1901.5473,1848.3748,1847.4172,1832.4721,1785.1127,1735.9084,1732.5483,1716.1384,1743.9759,1729.2399,1699.8051,1661.5016,1618.9097,1610.9341
Bosnia and Herzegovina,IPCC Agriculture,Emissions (CO2eq) from CH4 (AR5),kilotonnes,1139.04,1143.24,,,,,,,,,,,,1232,1204,,,,,,
Bosnia and Herzegovina,IPCC Agriculture,Emissions (CO2eq) from N2O (AR5),kilotonnes,699.6958,641.3096,630.5416,599.372,770.3985,789.8781,772.2549,730.4865,847.6973,970.1236,949.2997,1062.7628,1144.7244,1074.2566,1160.2099,1198.5897,1075.6425,1074.2104,971.6613,959.7573,974.7207
Bosnia and Herzegovina,IPCC Agriculture,Emissions (CO2eq) from N2O (AR5),kilotonnes,1001.7,1150.1,,,,,,,,,,,,1590,1325,,,,,,
Bosnia and Herzegovina,IPCC Agriculture,Emissions (CO2eq) (AR5),kilotonnes,2459.912,2339.2764,2238.6333,2339.9445,2580.4479,2641.6693,2789.1353,2632.0338,2696.0721,2817.5407,2781.7718,2847.8755,2880.6328,2806.8049,2876.3482,2942.5656,2804.8825,2774.0155,2633.1629,2578.667,2585.6548
Bosnia and Herzegovina,IPCC Agriculture,Emissions (CO2eq) (AR5),kilotonnes,2140.74,2293.34,,,,,,,,,,,,2822,2529,,,,,,
Bosnia and Herzegovina,Agricultural Soils,Direct emissions (N2O),kilotonnes,1.5369,1.3962,1.3867,1.2457,1.7483,1.7921,1.7003,1.5789,1.9429,2.2916,2.2248,2.5529,2.7802,2.5971,2.8543,2.9674,2.6268,2.5972,2.346,2.3215,2.3583
Bosnia and Herzegovina,Agricultural Soils,Indirect emissions (N2O),kilotonnes,0.5128,0.4662,0.4618,0.4249,0.583,0.6007,0.5753,0.5398,0.6535,0.7696,0.7532,0.8567,0.9326,0.8722,0.9565,0.9893,0.8709,0.8679,0.7789,0.7722,0.7798
Bosnia and Herzegovina,Agricultural Soils,Emissions (N2O),kilotonnes,2.134,1.9467,1.9327,1.7549,2.4157,2.477,2.3599,2.203,2.6809,3.1453,3.0621,3.4937,3.7969,3.5519,3.8928,4.0387,3.5797,3.547,3.2069,3.1673,3.2116
Bosnia and Herzegovina,Agricultural Soils,Emissions (N2O),kilotonnes,,,,,,,,,,,,,,5,4,,,,,,
Bosnia and Herzegovina,Agricultural Soils,Emissions (CO2eq) from N2O (AR5),kilotonnes,565.5057,515.8671,512.1728,465.0617,640.1526,656.4169,625.3743,583.793,710.4263,833.5004,811.4549,925.8356,1006.1677,941.2489,1031.5872,1070.243,948.6123,939.9548,849.8358,839.3297,851.0818
Bosnia and Herzegovina,Agricultural Soils,Emissions (CO2eq) from N2O (AR5),kilotonnes,,,,,,,,,,,,,,1325,1060,,,,,,
Bosnia and Herzegovina,Agricultural Soils,Emissions (CO2eq) (AR5),kilotonnes,565.5057,515.8671,512.1728,465.0617,640.1526,656.4169,625.3743,583.793,710.4263,833.5004,811.4549,925.8356,1006.1677,941.2489,1031.5872,1070.243,948.6123,939.9548,849.8358,839.3297,851.0818
Bosnia and Herzegovina,Agricultural Soils,Emissions (CO2eq) (AR5),kilotonnes,,,,,,,,,,,,,,1325,1060,,,,,,
Bosnia and Herzegovina,LULUCF,Emissions (CH4),kilotonnes,3.4126,0.0573,0.0524,0.5211,0.192,0.0349,0.2119,0.0075,0.2095,0.0224,0.0549,0.4139,0.3117,0.0374,0.0698,0.0224,0.0075,0.0873,0.0199,0.0848,0.3715
Bosnia and Herzegovina,LULUCF,Emissions (N2O),kilotonnes,0.1888,0.0052,0.0048,0.0476,0.0175,0.0032,0.0194,0.0007,0.0191,0.002,0.005,0.0378,0.0285,0.0034,0.0064,0.002,0.0007,0.008,0.0018,0.0077,0.0339
Bosnia and Herzegovina,LULUCF,Emissions (CO2),kilotonnes,3324.0679,413.5233,413.5233,413.5233,413.5233,413.5233,413.5233,413.7371,413.7371,413.2049,413.2049,-3647.4216,-3647.4216,-3649.4833,-3650.3886,-3650.3886,-1668.1175,-1668.1175,-1668.1175,-1680.3354,-1680.3354
Bosnia and Herzegovina,LULUCF,Emissions (CO2),kilotonnes,-7302,-7212,,,,,,,,,,,,-6141,-6398,,,,,,
Bosnia and Herzegovina,LULUCF,Emissions (CO2eq) from CH4 (AR5),kilotonnes,95.5521,1.6053,1.4663,14.5916,5.3765,0.9775,5.9342,0.2095,5.8653,0.6284,1.5361,11.5898,8.7265,1.0473,1.9547,0.6283,0.2094,2.4434,0.5585,2.3738,10.4024
Bosnia and Herzegovina,LULUCF,Emissions (CO2eq) from N2O (AR5),kilotonnes,50.027,1.3872,1.2671,12.609,4.646,0.8447,5.128,0.181,5.0684,0.543,1.3274,10.0151,7.5409,0.905,1.6891,0.5429,0.181,2.1114,0.4826,2.0513,8.989
Bosnia and Herzegovina,LULUCF,Emissions (CO2eq) (AR5),kilotonnes,3469.647,416.5159,416.2567,440.724,423.5459,415.3456,424.5855,414.1275,424.6708,414.3763,416.0684,-3625.8168,-3631.1543,-3647.531,-3646.7448,-3649.2174,-1667.7271,-1663.5626,-1667.0764,-1675.9102,-1660.944
Bosnia and Herzegovina,LULUCF,Emissions (CO2eq) (AR5),kilotonnes,-7302,-7212,,,,,,,,,,,,-6141,-6398,,,,,,
Bosnia and Herzegovina,AFOLU,Emissions (CH4),kilotonnes,66.2774,60.699,57.4842,62.6844,64.8366,66.1703,72.2434,67.9199,66.2229,66.0016,65.5003,64.1679,62.3084,61.9141,61.3605,62.3073,61.766,60.7946,59.3593,57.903,57.9049
Bosnia and Herzegovina,AFOLU,Emissions (N2O),kilotonnes,2.8291,2.4253,2.3842,2.3094,2.9247,2.9839,2.9335,2.7572,3.218,3.6629,3.5873,4.0482,4.3482,4.0572,4.3845,4.525,4.0597,4.0616,3.6685,3.6295,3.7121
Bosnia and Herzegovina,AFOLU,Emissions (CO2),kilotonnes,3324.0679,413.5233,413.5233,413.5233,413.5233,413.5233,413.5233,413.7371,413.7371,413.2049,413.2049,-3647.4216,-3647.4216,-3649.4833,-3650.3886,-3650.3886,-1668.1175,-1668.1175,-1668.1175,-1680.3354,-1680.3354
Bosnia and Herzegovina,AFOLU,Emissions (CO2eq) from CH4 (AR5),kilotonnes,1855.7683,1699.5721,1609.558,1755.1641,1815.426,1852.7687,2022.8146,1901.7568,1854.2401,1848.0456,1834.0081,1796.7025,1744.6349,1733.5956,1718.093,1744.6042,1729.4494,1702.2486,1662.0601,1621.2836,1621.3364
Bosnia and Herzegovina,AFOLU,Emissions (CO2eq) from N2O (AR5),kilotonnes,749.7228,642.6968,631.8087,611.9811,775.0445,790.7228,777.3828,730.6675,852.7657,970.6666,950.6271,1072.7778,1152.2653,1075.1616,1161.899,1199.1326,1075.8235,1076.3218,972.144,961.8086,983.7097
Bosnia and Herzegovina,AFOLU,Emissions (CO2eq) (AR5),kilotonnes,5929.559,2755.7923,2654.8901,2780.6685,3003.9938,3057.0149,3213.7208,3046.1613,3120.7429,3231.9171,3197.8401,-777.9413,-750.5215,-840.7261,-770.3966,-706.6519,1137.1554,1110.4528,966.0865,902.7568,924.7108
Bosnia and Herzegovina,All sectors with LULUCF,Emissions (CH4),kilotonnes,129.2808,124.9028,123.2875,136.0888,138.7393,142.7731,153.245,147.7215,154.2528,154.0514,151.4625,158.6142,153.7582,151.3654,179.0167,183.0654,191.2232,192.6483,204.4127,195.4767,199.783
Bosnia and Herzegovina,All sectors with LULUCF,Emissions (N2O),kilotonnes,3.5906,3.1838,3.1588,3.076,3.7213,3.7955,3.8121,3.6538,4.1674,4.5931,4.5053,5.0458,5.2894,5.0189,5.2608,5.4419,5.0554,5.0352,4.6361,4.6277,4.721
Bosnia and Herzegovina,All sectors with LULUCF,Emissions (CO2),kilotonnes,17347.5079,13967.0833,14951.2033,15159.3233,16428.4533,17059.5633,18439.6633,18581.9671,21191.0571,21824.6149,22683.6949,21271.1584,19532.2484,19246.1867,16596.2814,15666.2814,20839.5525,21088.5725,20725.5925,20828.5646,20231.6246
Bosnia and Herzegovina,All sectors with LULUCF,Emissions (CO2eq) from F-gases (AR5),kilotonnes,468.3857,377.0408,311.9332,399.3911,522.804,639.4145,706.4656,768.6579,849.3135,888.1837,991.1897,991.1897,1049.4949,1107.8002,1175.823,1234.1283,1292.4336,1350.7389,1409.0441,1467.3494,1525.6547
Bosnia and Herzegovina,All sectors with LULUCF,Emissions (CO2eq) from CH4 (AR5),kilotonnes,3619.8638,3497.2777,3452.0512,3810.4853,3884.7013,3997.6457,4290.8594,4136.2016,4319.0773,4313.44,4240.9497,4441.1989,4305.2293,4238.232,5012.4666,5125.831,5354.251,5394.1522,5723.5553,5473.3472,5593.9232
Bosnia and Herzegovina,All sectors with LULUCF,Emissions (CO2eq) from N2O (AR5),kilotonnes,951.5203,843.6993,837.0777,815.1301,986.1435,1005.7968,1010.2118,968.2665,1104.3567,1217.1696,1193.8971,1337.1418,1401.6833,1330.0121,1394.1185,1442.1111,1339.684,1334.3258,1228.558,1226.3316,1251.0682
Bosnia and Herzegovina,All sectors with LULUCF,Emissions (CO2eq) (AR5),kilotonnes,22387.2777,18685.1011,19552.2655,20184.3299,21822.1021,22702.4204,24447.2002,24455.093,27463.8046,28243.4082,29109.7314,28040.6887,26288.6559,25922.2311,24178.6895,23468.3518,28825.9211,29167.7893,29086.7499,28995.5928,28602.2708
Bosnia and Herzegovina,All sectors without LULUCF,Emissions (CH4),kilotonnes,125.8683,124.8454,123.2352,135.5676,138.5473,142.7381,153.033,147.714,154.0433,154.029,151.4076,158.2003,153.4465,151.328,178.9469,183.043,191.2158,192.561,204.3927,195.3919,199.4115
Bosnia and Herzegovina,All sectors without LULUCF,Emissions (N2O),kilotonnes,3.4019,3.1785,3.154,3.0284,3.7038,3.7923,3.7928,3.6532,4.1483,4.591,4.5003,5.008,5.2609,5.0155,5.2545,5.4399,5.0547,5.0272,4.6342,4.6199,4.6871
Bosnia and Herzegovina,All sectors without LULUCF,Emissions (CO2),kilotonnes,14023.44,13553.56,14537.68,14745.8,16014.93,16646.04,18026.14,18168.23,20777.32,21411.41,22270.49,24918.58,23179.67,22895.67,20246.67,19316.67,22507.67,22756.69,22393.71,22508.9,21911.96
Bosnia and Herzegovina,All sectors without LULUCF,Emissions (CO2eq) from F-gases (AR5),kilotonnes,468.3857,377.0408,311.9332,399.3911,522.804,639.4145,706.4656,768.6579,849.3135,888.1837,991.1897,991.1897,1049.4949,1107.8002,1175.823,1234.1283,1292.4336,1350.7389,1409.0441,1467.3494,1525.6547
Bosnia and Herzegovina,All sectors without LULUCF,Emissions (CO2eq) from CH4 (AR5),kilotonnes,3524.3117,3495.6724,3450.5849,3795.8937,3879.3247,3996.6682,4284.9252,4135.9921,4313.212,4312.8116,4239.4137,4429.6091,4296.5028,4237.1847,5010.512,5125.2027,5354.0415,5391.7087,5722.9968,5470.9733,5583.5209
Bosnia and Herzegovina,All sectors without LULUCF,Emissions (CO2eq) from N2O (AR5),kilotonnes,901.4933,842.3121,835.8106,802.521,981.4975,1004.9521,1005.0839,968.0855,1099.2883,1216.6266,1192.5697,1327.1268,1394.1424,1329.1071,1392.4294,1441.5682,1339.503,1332.2144,1228.0753,1224.2803,1242.0792
Bosnia and Herzegovina,All sectors without LULUCF,Emissions (CO2eq) (AR5),kilotonnes,18917.6307,18268.5852,19136.0088,19743.6059,21398.5562,22287.0748,24022.6147,24040.9655,27039.1338,27829.0318,28693.663,31666.5056,29919.8101,29569.762,27825.4344,27117.5692,30493.6482,30831.352,30753.8263,30671.503,30263.2148
Botswana,Crop Residues,Direct emissions (N2O),kilotonnes,0.0196,0.0061,0.0135,0.0074,0.0139,0.0103,0.0172,0.0088,0.0142,0.0211,0.0192,0.0229,0.0134,0.0101,0.0206,0.0097,0.014,0.0087,0.0236,0.0125,0.0332
Botswana,Crop Residues,Indirect emissions (N2O),kilotonnes,0.0044,0.0014,0.003,0.0017,0.0031,0.0023,0.0039,0.002,0.0032,0.0048,0.0043,0.0052,0.003,0.0023,0.0046,0.0022,0.0032,0.002,0.0053,0.0028,0.0075
Botswana,Crop Residues,Emissions (N2O),kilotonnes,0.024,0.0075,0.0165,0.0091,0.017,0.0126,0.0211,0.0108,0.0174,0.0259,0.0235,0.028,0.0165,0.0124,0.0252,0.0118,0.0172,0.0107,0.0289,0.0153,0.0407
Botswana,Crop Residues,Emissions (CO2eq) from N2O (AR5),kilotonnes,6.3689,1.9898,4.3802,2.4181,4.512,3.3313,5.5818,2.8661,4.6141,6.8618,6.2227,7.433,4.3593,3.2917,6.6846,3.1361,4.5453,2.8226,7.6636,4.043,10.7882
Botswana,Crop Residues,Emissions (CO2eq) (AR5),kilotonnes,6.3689,1.9898,4.3802,2.4181,4.512,3.3313,5.5818,2.8661,4.6141,6.8618,6.2227,7.433,4.3593,3.2917,6.6846,3.1361,4.5453,2.8226,7.6636,4.043,10.7882
Botswana,Burning - Crop residues,Emissions (CH4),kilotonnes,0.2251,0.0678,0.1509,0.0208,0.1169,0.1892,0.1632,0.0479,0.1314,0.2233,0.1765,0.2738,0.1513,0.1222,0.2813,0.0401,0.1629,0.1378,0.2078,0.0975,0.2516
Botswana,Burning - Crop residues,Emissions (CH4),kilotonnes,,,,,,,,,,,,,,,,0.0006,,,,,
Botswana,Burning - Crop residues,Emissions (N2O),kilotonnes,0.0058,0.0018,0.0039,0.0005,0.003,0.0049,0.0042,0.0012,0.0034,0.0058,0.0046,0.0071,0.0039,0.0032,0.0073,0.001,0.0042,0.0036,0.0054,0.0025,0.0065
Botswana,Burning - Crop residues,Emissions (N2O),kilotonnes,,,,,,,,,,,,,,,,0,,,,,
Botswana,Burning - Crop residues,Emissions (CO2eq) from CH4 (AR5),kilotonnes,6.3026,1.8988,4.2257,0.5823,3.2727,5.2977,4.5696,1.3409,3.6806,6.2529,4.9433,7.6677,4.2375,3.4222,7.8773,1.1232,4.5602,3.8579,5.8191,2.7299,7.044
Botswana,Burning - Crop residues,Emissions (CO2eq) from CH4 (AR5),kilotonnes,,,,,,,,,,,,,,,,0.0168,,,,,
Botswana,Burning - Crop residues,Emissions (CO2eq) from N2O (AR5),kilotonnes,1.5465,0.4659,1.0369,0.1429,0.803,1.2999,1.1212,0.329,0.9031,1.5343,1.2129,1.8814,1.0397,0.8397,1.9329,0.2756,1.1189,0.9466,1.4278,0.6698,1.7284
Botswana,Burning - Crop residues,Emissions (CO2eq) from N2O (AR5),kilotonnes,,,,,,,,,,,,,,,,0,,,,,
Botswana,Burning - Crop residues,Emissions (CO2eq) (AR5),kilotonnes,7.8491,2.3648,5.2626,0.7252,4.0758,6.5975,5.6909,1.6699,4.5837,7.7871,6.1563,9.5492,5.2772,4.2619,9.8101,1.3988,5.6791,4.8045,7.2469,3.3998,8.7723
Botswana,Burning - Crop residues,Emissions (CO2eq) (AR5),kilotonnes,,,,,,,,,,,,,,,,0.0168,,,,,
Botswana,Enteric Fermentation,Emissions (CH4),kilotonnes,100.774,96.422,79.7718,79.016,80.626,84.879,85.531,84.7647,88.3824,94.8105,102.4606,98.6967,87.9347,82.3829,65.0498,67.3805,60.3157,45.4718,46.1183,41.2565,44.7273
Botswana,Enteric Fermentation,Emissions (CH4),kilotonnes,81.368,,,,,,,,,,,,,,,96.8777,,,,,
Botswana,Enteric Fermentation,Emissions (CO2eq) from CH4 (AR5),kilotonnes,2821.672,2699.816,2233.6096,2212.448,2257.528,2376.612,2394.868,2373.4108,2474.7062,2654.6939,2868.8961,2763.5085,2462.1721,2306.7203,1821.394,1886.6536,1688.8409,1273.2112,1291.3135,1155.1828,1252.3655
Botswana,Enteric Fermentation,Emissions (CO2eq) from CH4 (AR5),kilotonnes,2278.304,,,,,,,,,,,,,,,2712.5756,,,,,
Botswana,Enteric Fermentation,Emissions (CO2eq) (AR5),kilotonnes,2821.672,2699.816,2233.6096,2212.448,2257.528,2376.612,2394.868,2373.4108,2474.7062,2654.6939,2868.8961,2763.5085,2462.1721,2306.7203,1821.394,1886.6536,1688.8409,1273.2112,1291.3135,1155.1828,1252.3655
Botswana,Enteric Fermentation,Emissions (CO2eq) (AR5),kilotonnes,2278.304,,,,,,,,,,,,,,,2712.5756,,,,,
Botswana,Manure Management,Emissions (CH4),kilotonnes,3.4009,3.2731,2.7719,2.7367,2.7941,2.9366,2.9744,2.9273,3.0565,3.2833,3.4333,3.3198,2.9204,2.7525,2.179,2.2215,2.0148,1.5096,1.5321,1.3718,1.4796
Botswana,Manure Management,Emissions (CH4),kilotonnes,3.3218,,,,,,,,,,,,,,,,,,,,
Botswana,Manure Management,Emissions (N2O),kilotonnes,0.0509,0.0491,0.0423,0.041,0.0428,0.0458,0.0472,0.0492,0.0494,0.0523,0.0498,0.0488,0.0429,0.0406,0.0322,0.034,0.0302,0.022,0.0231,0.021,0.0223
Botswana,Manure Management,Emissions (N2O),kilotonnes,,,,,,,,,,,,,,,,29.9963,,,,,
Botswana,Manure Management,Emissions (CO2eq) from CH4 (AR5),kilotonnes,95.2244,91.6457,77.614,76.6282,78.2354,82.2254,83.2824,81.9632,85.5822,91.9311,96.1319,92.9557,81.7699,77.0691,61.0133,62.2023,56.4151,42.2679,42.898,38.4103,41.4276
Botswana,Manure Management,Emissions (CO2eq) from CH4 (AR5),kilotonnes,93.0104,,,,,,,,,,,,,,,,,,,,
Botswana,Manure Management,Emissions (CO2eq) from N2O (AR5),kilotonnes,13.4901,13.016,11.2003,10.8597,11.338,12.136,12.5058,13.0469,13.0978,13.87,13.1865,12.9237,11.3631,10.7548,8.5334,9.0126,8.0053,5.8395,6.1247,5.5622,5.9144
Botswana,Manure Management,Emissions (CO2eq) from N2O (AR5),kilotonnes,,,,,,,,,,,,,,,,7949.0195,,,,,
Botswana,Manure Management,Emissions (CO2eq) (AR5),kilotonnes,108.7144,104.6617,88.8144,87.4879,89.5734,94.3613,95.7881,95.01,98.68,105.8011,109.3184,105.8794,93.1329,87.8239,69.5467,71.2149,64.4204,48.1074,49.0228,43.9725,47.342
Botswana,Manure Management,Emissions (CO2eq) (AR5),kilotonnes,93.0104,,,,,,,,,,,,,,,7949.0195,,,,,
Botswana,Manure left on Pasture,Direct emissions (N2O),kilotonnes,3.9533,3.7893,3.146,3.1034,3.1763,3.3554,3.3873,3.3434,3.4878,3.7354,4.0047,3.8509,3.427,3.205,2.5525,2.6253,2.3606,1.7881,1.8186,1.6202,1.7591
Botswana,Manure left on Pasture,Indirect emissions (N2O),kilotonnes,0.9757,0.9392,0.7911,0.7637,0.7884,0.8446,0.8516,0.828,0.8754,0.9297,0.9882,0.9487,0.8476,0.7954,0.6512,0.6446,0.596,0.4611,0.4734,0.4287,0.4603
Botswana,Manure left on Pasture,Emissions (N2O),kilotonnes,4.929,4.7285,3.9371,3.8671,3.9648,4.2,4.2389,4.1714,4.3632,4.6652,4.993,4.7996,4.2746,4.0004,3.2037,3.2699,2.9566,2.2493,2.292,2.0489,2.2194
Botswana,Manure left on Pasture,Emissions (CO2eq) from N2O (AR5),kilotonnes,1306.1862,1253.0561,1043.334,1024.792,1050.66,1112.987,1123.2992,1105.4236,1156.2434,1236.2713,1323.1361,1271.8832,1132.7677,1060.1187,848.9889,866.5232,783.5022,596.0514,607.3879,542.9459,588.149
Botswana,Manure left on Pasture,Emissions (CO2eq) (AR5),kilotonnes,1306.1862,1253.0561,1043.334,1024.792,1050.66,1112.987,1123.2992,1105.4236,1156.2434,1236.2713,1323.1361,1271.8832,1132.7677,1060.1187,848.9889,866.5232,783.5022,596.0514,607.3879,542.9459,588.149
Botswana,Manure applied to Soils,Direct emissions (N2O),kilotonnes,0.0684,0.0671,0.0576,0.0569,0.0592,0.0628,0.0634,0.063,0.0657,0.0688,0.0668,0.0644,0.0596,0.0576,0.0458,0.0453,0.0423,0.0319,0.0334,0.0336,0.0341
Botswana,Manure applied to Soils,Indirect emissions (N2O),kilotonnes,0.0291,0.0285,0.0245,0.0242,0.0252,0.0267,0.0269,0.0268,0.0279,0.0292,0.0284,0.0274,0.0253,0.0245,0.0195,0.0192,0.018,0.0135,0.0142,0.0143,0.0145
Botswana,Manure applied to Soils,Emissions (N2O),kilotonnes,0.0974,0.0957,0.0821,0.0811,0.0844,0.0895,0.0904,0.0897,0.0936,0.098,0.0952,0.0918,0.0849,0.082,0.0653,0.0645,0.0603,0.0454,0.0475,0.0478,0.0487
Botswana,Manure applied to Soils,Emissions (CO2eq) from N2O (AR5),kilotonnes,25.8232,25.3473,21.7444,21.504,22.3547,23.7204,23.9432,23.78,24.8082,25.9643,25.2337,24.337,22.5115,21.7422,17.3027,17.0983,15.9667,12.037,12.5953,12.6765,12.8947
Botswana,Manure applied to Soils,Emissions (CO2eq) (AR5),kilotonnes,25.8232,25.3473,21.7444,21.504,22.3547,23.7204,23.9432,23.78,24.8082,25.9643,25.2337,24.337,22.5115,21.7422,17.3027,17.0983,15.9667,12.037,12.5953,12.6765,12.8947
Botswana,Synthetic Fertilizers,Direct emissions (N2O),kilotonnes,0.0644,0.0644,,,,,,,,0.2142,0.3133,0.1329,0.2381,0.3454,0.3325,0.2062,0.1681,0.0878,0.1987,0.1571,0.1571
Botswana,Synthetic Fertilizers,Indirect emissions (N2O),kilotonnes,0.0209,0.0209,,,,,,,,0.0696,0.1018,0.0432,0.0774,0.1123,0.108,0.067,0.0546,0.0285,0.0646,0.0511,0.0511
Botswana,Synthetic Fertilizers,Emissions (N2O),kilotonnes,0.0854,0.0854,,,,,,,,0.2838,0.4152,0.1761,0.3155,0.4577,0.4405,0.2733,0.2228,0.1164,0.2633,0.2081,0.2081
Botswana,Synthetic Fertilizers,Emissions (CO2eq) from N2O (AR5),kilotonnes,22.6225,22.6225,,,,,,,,75.2115,110.017,46.6796,83.6039,121.2951,116.732,72.415,59.0333,30.841,69.7683,55.1595,55.1595
Botswana,Synthetic Fertilizers,Emissions (CO2eq) (AR5),kilotonnes,22.6225,22.6225,,,,,,,,75.2115,110.017,46.6796,83.6039,121.2951,116.732,72.415,59.0333,30.841,69.7683,55.1595,55.1595
Botswana,Drained organic soils,Emissions (CO2eq) (AR5),kilotonnes,578.3782,578.3782,582.4786,587.6505,615.2438,619.3382,610.7223,614.9966,614.9966,616.9409,616.9409,613.7115,613.7115,610.4771,603.9708,603.9708,612.4685,616.7204,616.7204,652.3195,655.5555
Botswana,Drained organic soils (CO2),Emissions (CO2),kilotonnes,555.629,555.629,559.5696,564.5399,591.0576,594.9924,586.7124,590.8175,590.8175,592.686,592.686,589.5825,589.5825,586.4742,580.2215,580.2215,588.3829,592.4665,592.4665,626.6626,629.7724
Botswana,Drained organic soils (CO2),Emissions (CO2eq) (AR5),kilotonnes,555.629,555.629,559.5696,564.5399,591.0576,594.9924,586.7124,590.8175,590.8175,592.686,592.686,589.5825,589.5825,586.4742,580.2215,580.2215,588.3829,592.4665,592.4665,626.6626,629.7724
Botswana,Drained organic soils (N2O),Emissions (N2O),kilotonnes,0.0858,0.0858,0.0864,0.0872,0.0913,0.0919,0.0906,0.0912,0.0912,0.0915,0.0915,0.0911,0.0911,0.0906,0.0896,0.0896,0.0909,0.0915,0.0915,0.0968,0.0973
Botswana,Drained organic soils (N2O),Emissions (CO2eq) from N2O (AR5),kilotonnes,22.7491,22.7491,22.909,23.1106,24.1862,24.3458,24.0099,24.1791,24.1791,24.2549,24.2549,24.129,24.129,24.0029,23.7493,23.7493,24.0856,24.2539,24.2539,25.657,25.7831
Botswana,Drained organic soils (N2O),Emissions (CO2eq) (AR5),kilotonnes,22.7491,22.7491,22.909,23.1106,24.1862,24.3458,24.0099,24.1791,24.1791,24.2549,24.2549,24.129,24.129,24.0029,23.7493,23.7493,24.0856,24.2539,24.2539,25.657,25.7831
Botswana,On-farm energy use,Emissions (CH4),kilotonnes,0.0351,0.0344,0.0369,0.0487,0.0495,0.1025,0.1055,0.1717,0.1149,0.1133,0.1176,0.1222,0.1264,0.1295,0.1361,0.131,0.1718,0.1905,0.1844,0.1941,0.1941
Botswana,On-farm energy use,Emissions (N2O),kilotonnes,0.0128,0.0251,0.0263,0.0277,0.0093,0.0108,0.0109,0.0114,0.0099,0.0087,0.01,0.0101,0.0115,0.0115,0.0129,0.0116,0.0138,0.0143,0.0154,0.0159,0.0159
Botswana,On-farm energy use,Emissions (CO2),kilotonnes,82.746,109.9955,109.7538,115.2562,66.4722,85.6417,85.4839,113.5722,90.2493,85.3069,93.1045,97.1247,104.3255,106.8091,116.69,108.4713,146.0618,162.9935,163.6545,173.0474,173.0474
Botswana,On-farm energy use,Emissions (CO2eq) from CH4 (AR5),kilotonnes,0.9825,0.964,1.032,1.3644,1.3857,2.8701,2.9553,4.8077,3.2161,3.1717,3.2922,3.4223,3.5383,3.6274,3.8103,3.669,4.8115,5.3348,5.1631,5.4337,5.4337
Botswana,On-farm energy use,Emissions (CO2eq) from N2O (AR5),kilotonnes,3.3851,6.6449,6.9773,7.3324,2.4556,2.8668,2.8873,3.0081,2.632,2.2961,2.6507,2.6815,3.0344,3.0551,3.4247,3.0675,3.6635,3.7883,4.0764,4.2068,4.2068
Botswana,On-farm energy use,Emissions (CO2eq) (AR5),kilotonnes,87.1136,117.6044,117.7631,123.953,70.3135,91.3787,91.3265,121.3879,96.0974,90.7747,99.0475,103.2285,110.8982,113.4917,123.9251,115.2078,154.5368,172.1166,172.8941,182.6879,182.6879
Botswana,Forestland,Emissions (CO2),kilotonnes,0,0,0,0,0,0,0,0,0,0,0,0,0,0,0,0,0,0,0,0,0
Botswana,Forestland,Emissions (CO2eq) (AR5),kilotonnes,0,0,0,0,0,0,0,0,0,0,0,0,0,0,0,0,0,0,0,0,0
Botswana,Net Forest conversion,Emissions (CO2),kilotonnes,40513.8067,40513.8067,40513.8067,40513.8067,40513.8067,40513.8067,40513.8067,40513.8067,40513.8067,40513.8067,40513.8067,40513.8067,40513.8067,40513.8067,40513.8067,40513.8067,40513.8067,40513.8067,40513.8067,40513.8067,40513.8067
Botswana,Net Forest conversion,Emissions (CO2eq) (AR5),kilotonnes,40513.8067,40513.8067,40513.8067,40513.8067,40513.8067,40513.8067,40513.8067,40513.8067,40513.8067,40513.8067,40513.8067,40513.8067,40513.8067,40513.8067,40513.8067,40513.8067,40513.8067,40513.8067,40513.8067,40513.8067,40513.8067
Botswana,Savanna fires,Emissions (CH4),kilotonnes,95.3435,137.7155,154.3343,20.8004,29.6305,46.9664,84.6088,47.3303,209.8894,33.2718,242.3987,329.5527,102.6712,85.44,43.5753,31.6225,21.6359,91.8829,48.881,17.6004,75.6353
Botswana,Savanna fires,Emissions (N2O),kilotonnes,8.7053,12.574,14.0914,1.8992,2.7054,4.2882,7.7252,4.3215,19.1638,3.0379,22.1321,30.0896,9.3743,7.801,3.9786,2.8873,1.9755,8.3893,4.463,1.607,6.9058
Botswana,Savanna fires,Emissions (CO2eq) from CH4 (AR5),kilotonnes,2669.6192,3856.0345,4321.3594,582.4112,829.6532,1315.0583,2369.0476,1325.2471,5876.903,931.6102,6787.1649,9227.4746,2874.793,2392.3203,1220.1085,885.4289,605.8048,2572.7215,1368.6674,492.8124,2117.7872
Botswana,Savanna fires,Emissions (CO2eq) from N2O (AR5),kilotonnes,2306.8992,3332.1168,3734.2182,503.2793,716.9285,1136.3819,2047.1662,1145.1864,5078.4107,805.0328,5864.9958,7973.7417,2484.1961,2067.2768,1054.3329,765.1261,523.4944,2223.1669,1182.7072,425.8542,1830.0444
Botswana,Savanna fires,Emissions (CO2eq) (AR5),kilotonnes,4976.5184,7188.1513,8055.5777,1085.6905,1546.5817,2451.4403,4416.2138,2470.4335,10955.3137,1736.643,12652.1607,17201.2163,5358.9891,4459.5971,2274.4415,1650.5549,1129.2992,4795.8884,2551.3746,918.6666,3947.8316
Botswana,Fires in organic soils,Emissions (CH4),kilotonnes,0,0,0,0,0,0,0,0,0,0,0,0,0,0,0,0,0,0,0,0,0
Botswana,Fires in organic soils,Emissions (CO2),kilotonnes,0,0,0,0,0,0,0,0,0,0,0,0,0,0,0,0,0,0,0,0,0
Botswana,Fires in organic soils,Emissions (CO2eq) from CH4 (AR5),kilotonnes,0,0,0,0,0,0,0,0,0,0,0,0,0,0,0,0,0,0,0,0,0
Botswana,Fires in organic soils,Emissions (CO2eq) (AR5),kilotonnes,0,0,0,0,0,0,0,0,0,0,0,0,0,0,0,0,0,0,0,0,0
Botswana,Forest fires,Emissions (CH4),kilotonnes,1.8996,0.0372,0.0074,0.0248,0,0.0149,0,0,0.0025,0.0074,0,0,0.0025,0,0,0.0099,0.0198,0.0124,0.0099,0.0074,0
Botswana,Forest fires,Emissions (N2O),kilotonnes,0.0559,0.0034,0.0007,0.0023,0,0.0014,0,0,0.0002,0.0007,0,0,0.0002,0,0,0.0009,0.0018,0.0011,0.0009,0.0007,0
Botswana,Forest fires,Emissions (CO2eq) from CH4 (AR5),kilotonnes,53.1897,1.0419,0.2084,0.6946,0,0.4168,0,0,0.0695,0.2084,0,0,0.0695,0,0,0.2778,0.5557,0.3473,0.2778,0.2084,0
Botswana,Forest fires,Emissions (CO2eq) from N2O (AR5),kilotonnes,14.8061,0.9003,0.1801,0.6002,0,0.3601,0,0,0.06,0.1801,0,0,0.06,0,0,0.2401,0.4802,0.3001,0.2401,0.1801,0
Botswana,Forest fires,Emissions (CO2eq) (AR5),kilotonnes,67.9958,1.9422,0.3885,1.2948,0,0.7769,0,0,0.1295,0.3884,0,0,0.1295,0,0,0.5179,1.0359,0.6474,0.5179,0.3884,0
Botswana,Fires in humid tropical forests,Emissions (CH4),kilotonnes,0,0,0,0,0,0,0,0,0,0,0,0,0,0,0,0,0,0,0,0,0
Botswana,Fires in humid tropical forests,Emissions (N2O),kilotonnes,0,0,0,0,0,0,0,0,0,0,0,0,0,0,0,0,0,0,0,0,0
Botswana,Fires in humid tropical forests,Emissions (CO2eq) from CH4 (AR5),kilotonnes,0,0,0,0,0,0,0,0,0,0,0,0,0,0,0,0,0,0,0,0,0
Botswana,Fires in humid tropical forests,Emissions (CO2eq) from N2O (AR5),kilotonnes,0,0,0,0,0,0,0,0,0,0,0,0,0,0,0,0,0,0,0,0,0
Botswana,Fires in humid tropical forests,Emissions (CO2eq) (AR5),kilotonnes,0,0,0,0,0,0,0,0,0,0,0,0,0,0,0,0,0,0,0,0,0
Botswana,Waste - agri-food systems,Emissions (CH4),kilotonnes,4.2727,4.3823,4.4527,4.6047,4.6926,4.7556,4.8193,4.8901,4.9715,5.0485,5.1179,5.1907,5.2247,5.2556,5.2207,5.2602,5.3162,5.3862,5.4468,5.5075,5.5641
Botswana,Waste - agri-food systems,Emissions (N2O),kilotonnes,0.0405,0.0431,0.0429,0.0419,0.0434,0.0422,0.0413,0.0421,0.0445,0.0481,0.0484,0.0492,0.051,0.0505,0.0536,0.0539,0.0536,0.0525,0.0534,0.0543,0.0552
Botswana,Waste - agri-food systems,Emissions (CO2),kilotonnes,0,0,0,0,0,0,0,0,0,0,0,0,0,0,0,0,0,0,0,0,0
Botswana,Waste - agri-food systems,Emissions (CO2eq) from CH4 (AR5),kilotonnes,119.6358,122.7037,124.6765,128.9318,131.3931,133.1558,134.9409,136.9222,139.2022,141.3586,143.3013,145.3396,146.2903,147.1563,146.1794,147.2859,148.8528,150.8136,152.5112,154.2089,155.7943
Botswana,Waste - agri-food systems,Emissions (CO2eq) from N2O (AR5),kilotonnes,10.7352,11.41,11.3706,11.1047,11.4986,11.1898,10.956,11.1512,11.7844,12.7412,12.818,13.033,13.5271,13.3953,14.1916,14.275,14.1989,13.9191,14.1541,14.3936,14.6232
Botswana,Waste - agri-food systems,Emissions (CO2eq) (AR5),kilotonnes,130.371,134.1137,136.0471,140.0365,142.8917,144.3455,145.8969,148.0734,150.9866,154.0998,156.1193,158.3726,159.8174,160.5516,160.371,161.5609,163.0517,164.7327,166.6653,168.6025,170.4175
Botswana,On-farm electricity use,Emissions (CH4),kilotonnes,0.1269,0.1331,0.1391,0.1453,0.1513,0.1575,0.1636,0.1697,0.1757,0.1818,0.188,0.1941,0.2002,0.2063,0.2124,0.2148,0.2304,0.2244,0.228,0.2311,0.2311
Botswana,On-farm electricity use,Emissions (N2O),kilotonnes,0.0006,0.0007,0.0007,0.0007,0.0007,0.0008,0.0008,0.0008,0.0009,0.0009,0.001,0.001,0.0011,0.0012,0.0012,0.0011,0.0013,0.0012,0.0012,0.0012,0.0012
Botswana,On-farm electricity use,Emissions (CO2),kilotonnes,174.3928,182.7827,191.1725,199.5624,207.9523,216.3421,224.732,233.1218,241.5117,249.9015,258.2914,239.6565,246.7046,254.2294,262.0148,264.9754,284.2194,276.8179,281.2588,285.1077,285.1077
Botswana,On-farm electricity use,Emissions (CO2eq) from CH4 (AR5),kilotonnes,3.5532,3.7268,3.8948,4.0684,4.2364,4.41,4.5808,4.7516,4.9196,5.0904,5.264,5.4348,5.6056,5.7764,5.9472,6.0144,6.4512,6.2832,6.384,6.4708,6.4708
Botswana,On-farm electricity use,Emissions (CO2eq) from N2O (AR5),kilotonnes,0.159,0.1855,0.1855,0.1855,0.1855,0.212,0.212,0.212,0.2385,0.2385,0.265,0.265,0.2915,0.318,0.318,0.2915,0.3445,0.318,0.318,0.318,0.318
Botswana,On-farm electricity use,Emissions (CO2eq) (AR5),kilotonnes,178.105,186.695,195.2528,203.8163,212.3742,220.9641,229.5248,238.0854,246.6698,255.2304,263.8204,245.3563,252.6017,260.3238,268.28,271.2813,291.0151,283.4191,287.9608,291.8965,291.8965
Botswana,Food Processing,Emissions (CH4),kilotonnes,0,0.0002,0.0002,0.0002,0.0003,0.0021,0.0021,0.0064,0.0076,0.0071,0.0004,0.0004,0.0004,0.0004,0.1121,0.1132,0.1132,0.1072,0.1084,0.1084,0.1129
Botswana,Food Processing,Emissions (N2O),kilotonnes,0,0,0,0,0,0.0003,0.0003,0.001,0.0011,0.0011,0.0001,0.0001,0.0001,0.0001,0.0007,0.0007,0.0007,0.0007,0.0007,0.0007,0.0007
Botswana,Food Processing,Emissions (CO2),kilotonnes,0,9.1556,9.1556,9.1556,12.1402,22.8919,22.8919,65.8928,82.0173,77.0405,12.3419,12.3419,12.3419,12.3419,153.1969,148.708,151.6926,144.2911,145.7714,145.7714,133.1227
Botswana,Food Processing,Emissions (CO2eq) from CH4 (AR5),kilotonnes,0,0.0056,0.0056,0.0056,0.0084,0.0588,0.0588,0.1792,0.2128,0.1988,0.0112,0.0112,0.0112,0.0112,3.1388,3.1696,3.1696,3.0016,3.0352,3.0352,3.1617
Botswana,Food Processing,Emissions (CO2eq) from N2O (AR5),kilotonnes,0,0,0,0,0,0.0795,0.0795,0.265,0.2915,0.2915,0.0265,0.0265,0.0265,0.0265,0.1855,0.1855,0.1855,0.1855,0.1855,0.1855,0.1906
Botswana,Food Processing,Emissions (CO2eq) (AR5),kilotonnes,0,9.1612,9.1612,9.1612,12.1486,23.0302,23.0302,66.337,82.5216,77.5308,12.3796,12.3796,12.3796,12.3796,156.5212,152.0631,155.0477,147.4782,148.9921,148.9921,136.4749
Botswana,Food Packaging,Emissions (CH4),kilotonnes,0.0154,0.0247,0.0256,0.0674,0.0901,0.0988,0.0986,0.0983,0.1097,0.1014,0.1674,0.1542,0.2167,0.2222,0.2896,0.3584,0.3751,0.4286,0.4497,0.3359,0.3499
Botswana,Food Packaging,Emissions (N2O),kilotonnes,0.0001,0.0001,0.0001,0.0003,0.0004,0.0004,0.0004,0.0004,0.0004,0.0004,0.0005,0.0007,0.0008,0.0008,0.0011,0.0011,0.0013,0.0014,0.0014,0.0012,0.0012
Botswana,Food Packaging,Emissions (CO2),kilotonnes,6.5498,10.9974,12.5083,35.3899,49.3164,55.7748,59.6289,63.5607,72.003,58.8859,75.8829,69.195,76.9979,65.3133,153.7499,117.0522,112.9998,125.0656,122.6598,122.1215,111.5249
Botswana,Food Packaging,Emissions (CO2eq) from CH4 (AR5),kilotonnes,0.4312,0.6916,0.7168,1.8872,2.5228,2.7664,2.7608,2.7524,3.0716,2.8392,4.6872,4.3176,6.0676,6.2216,8.1088,10.0352,10.5028,12.0008,12.5916,9.4052,9.7971
Botswana,Food Packaging,Emissions (CO2eq) from N2O (AR5),kilotonnes,0.0265,0.0265,0.0265,0.0795,0.106,0.106,0.106,0.106,0.106,0.106,0.1325,0.1855,0.212,0.212,0.2915,0.2915,0.3445,0.371,0.371,0.318,0.3267
Botswana,Food Packaging,Emissions (CO2eq) (AR5),kilotonnes,7.0075,11.7155,13.2516,37.3566,51.9452,58.6472,62.4957,66.4191,75.1806,61.8311,80.7026,73.6981,83.2775,71.7469,162.1502,127.3789,123.8471,137.4374,135.6224,131.8447,121.6487
Botswana,Food Retail,Emissions (CH4),kilotonnes,0.0002,0,0,0,0.0002,0.0002,0.1443,0.1515,0.1613,0.1726,0.1916,0.1899,0.2076,0.2128,0.1285,0.1333,0.1381,0.144,0.1504,0.1971,0.2053
Botswana,Food Retail,Emissions (N2O),kilotonnes,0,0,0,0,0,0,0.0008,0.0009,0.0009,0.0009,0.001,0.001,0.0013,0.0013,0.0008,0.0008,0.0008,0.0009,0.0009,0.0012,0.0012
Botswana,Food Retail,Emissions (CO2),kilotonnes,5.7635,1.2818,1.2818,1.6996,5.7426,6.5501,204.5437,222.8597,230.7724,244.6418,271.2193,242.9236,264.695,271.1235,168.1781,172.5941,179.5731,187.2727,195.594,259.9885,237.429
Botswana,Food Retail,Emissions (CO2eq) from CH4 (AR5),kilotonnes,0.0066,0,0,0,0.0056,0.0056,4.0404,4.242,4.5164,4.8328,5.3648,5.3172,5.8128,5.9584,3.598,3.7324,3.8668,4.032,4.2112,5.5188,5.7488
Botswana,Food Retail,Emissions (CO2eq) from N2O (AR5),kilotonnes,0,0,0,0,0,0,0.212,0.2385,0.2385,0.2385,0.265,0.265,0.3445,0.3445,0.212,0.212,0.212,0.2385,0.2385,0.318,0.3267
Botswana,Food Retail,Emissions (CO2eq) (AR5),kilotonnes,5.7701,1.2818,1.2818,1.6996,5.7482,6.5557,208.7961,227.3402,235.5273,249.7131,276.8491,248.5058,270.8523,277.4264,171.9881,176.5385,183.6519,191.5432,200.0437,265.8253,243.5045
Botswana,Food Household Consumption,Emissions (CH4),kilotonnes,0.1319,0.1585,0.1758,0.1987,0.2305,0.2543,0.2754,0.3197,0.3488,0.3597,0.3878,0.4082,0.4111,0.4296,0.4351,0.4386,0.4449,0.4758,0.4958,0.4958,0.5165
Botswana,Food Household Consumption,Emissions (N2O),kilotonnes,0.0007,0.001,0.0011,0.0012,0.0013,0.0014,0.0016,0.0017,0.0019,0.0019,0.0021,0.0022,0.0024,0.0026,0.0026,0.0024,0.0025,0.0026,0.0027,0.0027,0.0028
Botswana,Food Household Consumption,Emissions (CO2),kilotonnes,195.4258,243.8576,268.6158,300.0023,344.0845,382.9096,412.8989,468.8145,505.7318,520.7871,559.3185,532.042,535.5609,560.4932,572.6007,554.4896,561.1229,598.2767,622.9037,622.9037,568.8537
Botswana,Food Household Consumption,Emissions (CO2eq) from CH4 (AR5),kilotonnes,3.6932,4.438,4.9224,5.5636,6.454,7.1204,7.7112,8.9516,9.7664,10.0716,10.8584,11.4296,11.5108,12.0288,12.1828,12.2808,12.4572,13.3224,13.8824,13.8824,14.4608
Botswana,Food Household Consumption,Emissions (CO2eq) from N2O (AR5),kilotonnes,0.1855,0.265,0.2915,0.318,0.3445,0.371,0.424,0.4505,0.5035,0.5035,0.5565,0.583,0.636,0.689,0.689,0.636,0.6625,0.689,0.7155,0.7155,0.7351
Botswana,Food Household Consumption,Emissions (CO2eq) (AR5),kilotonnes,199.3045,248.5606,273.8297,305.8839,350.883,390.401,421.0341,478.2166,516.0017,531.3622,570.7334,544.0546,547.7077,573.211,585.4725,567.4064,574.2426,612.2881,637.5016,637.5016,584.0496
Botswana,Food Transport,Emissions (CH4),kilotonnes,0.03,0.0338,0.0347,0.0365,0.0356,0.0361,0.0391,0.0385,0.0438,0.0407,0.0421,0.0436,0.0433,0.0433,0.0448,0.0509,0.0532,0.0544,0.0569,0.0551,0.0574
Botswana,Food Transport,Emissions (N2O),kilotonnes,0.0064,0.0075,0.0052,0.0054,0.0049,0.0057,0.0063,0.0064,0.0071,0.0065,0.0069,0.0072,0.0072,0.0073,0.0075,0.0083,0.0088,0.009,0.0094,0.0087,0.0089
Botswana,Food Transport,Emissions (CO2),kilotonnes,135.691,144.91,136.2465,146.1465,160.5313,164.7384,178.4344,189.8995,218.4995,202.619,214.0995,223.411,225.611,236.007,244.807,262.407,275.003,280.4086,292.7425,287.2688,262.3422
Botswana,Food Transport,Emissions (CO2eq) from CH4 (AR5),kilotonnes,0.84,0.9464,0.9716,1.022,0.9968,1.0108,1.0948,1.078,1.2264,1.1396,1.1788,1.2208,1.2124,1.2124,1.2544,1.4252,1.4896,1.5232,1.5932,1.5428,1.6071
Botswana,Food Transport,Emissions (CO2eq) from N2O (AR5),kilotonnes,1.696,1.9875,1.378,1.431,1.2985,1.5105,1.6695,1.696,1.8815,1.7225,1.8285,1.908,1.908,1.9345,1.9875,2.1995,2.332,2.385,2.491,2.3055,2.3685
Botswana,Food Transport,Emissions (CO2eq) (AR5),kilotonnes,138.227,147.8439,138.5961,148.5995,162.8266,167.2597,181.1987,192.6735,221.6074,205.4811,217.1068,226.5398,228.7314,239.1539,248.0489,266.0317,278.8246,284.3168,296.8267,291.1171,266.3178
Botswana,Energy,Emissions (CH4),kilotonnes,18.8,19,19.2,17.5,17.8,18.7,18.6,17.1,18,16.1,19.1,16.7,25.4,25.8,28.6,33.5,31,35.5,37.3,36,37.5
Botswana,Energy,Emissions (N2O),kilotonnes,0.191,0.211,0.198,0.196,0.162,0.174,0.176,0.178,0.181,0.174,0.165,0.177,0.195,0.203,0.228,0.237,0.24,0.254,0.261,0.256,0.263
Botswana,Energy,Emissions (CO2),kilotonnes,3790,3860,3990,3840,3910,4100,4150,4240,4510,3760,4450,4030,5090,5670,6860,5440,6350,7080,7010,7030,6420
Botswana,Energy,Emissions (CO2eq) from CH4 (AR5),kilotonnes,526.4,532,537.6,490,498.4,523.6,520.8,478.8,504,450.8,534.8,467.6,711.2,722.4,800.8,938,868,994,1044.4,1008,1050
Botswana,Energy,Emissions (CO2eq) from N2O (AR5),kilotonnes,50.615,55.915,52.47,51.94,42.93,46.11,46.64,47.17,47.965,46.11,43.725,46.905,51.675,53.795,60.42,62.805,63.6,67.31,69.165,67.84,69.695
Botswana,Energy,Emissions (CO2eq) (AR5),kilotonnes,4367.015,4447.915,4580.07,4381.94,4451.33,4669.71,4717.44,4765.97,5061.965,4256.91,5028.525,4544.505,5852.875,6446.195,7721.22,6440.805,7281.6,8141.31,8123.565,8105.84,7539.695
Botswana,IPPU,Emissions (N2O),kilotonnes,0.0348,0.0354,0.0359,0.0364,0.0369,0.0374,0.038,0.0386,0.0392,0.0399,0.0406,0.0413,0.0421,0.0429,0.0437,0.0445,0.0454,0.0462,0.047,0.0474,0.0482
Botswana,IPPU,Emissions (CO2),kilotonnes,39.7,38.7,37.2,34.4,31,32.1,29.6,25.3,22.3,118,123,28.6,29.2,30.6,30.6,30.6,31.8,31.6,26.6,27.8,28.4
Botswana,IPPU,Emissions (CO2eq) from N2O (AR5),kilotonnes,9.222,9.381,9.5135,9.646,9.7785,9.911,10.07,10.229,10.388,10.5735,10.759,10.9445,11.1565,11.3685,11.5805,11.7925,12.031,12.243,12.455,12.561,12.773
Botswana,IPPU,Emissions (CO2eq) (AR5),kilotonnes,48.922,48.081,46.7135,44.046,40.7785,42.011,39.67,35.529,32.688,128.5735,133.759,39.5445,40.3565,41.9685,42.1805,42.3925,43.831,43.843,39.055,40.361,41.173
Botswana,Waste,Emissions (CH4),kilotonnes,13.7,14,14.3,14.6,14.9,15.3,15.8,16.3,16.8,17.2,17.7,18.3,18.8,19.5,20,20.5,21,21.5,22.1,22.6,23.1
Botswana,Waste,Emissions (N2O),kilotonnes,0.0723,0.0734,0.0745,0.074,0.0727,0.0711,0.0705,0.0697,0.0709,0.075,0.0788,0.082,0.084,0.086,0.0903,0.094,0.097,0.0969,0.0977,0.101,0.103
Botswana,Waste,Emissions (CO2eq) from CH4 (AR5),kilotonnes,383.6,392,400.4,408.8,417.2,428.4,442.4,456.4,470.4,481.6,495.6,512.4,526.4,546,560,574,588,602,618.8,632.8,646.8
Botswana,Waste,Emissions (CO2eq) from N2O (AR5),kilotonnes,19.1595,19.451,19.7425,19.61,19.2655,18.8415,18.6825,18.4705,18.7885,19.875,20.882,21.73,22.26,22.79,23.9295,24.91,25.705,25.6785,25.8905,26.765,27.295
Botswana,Waste,Emissions (CO2eq) (AR5),kilotonnes,402.7595,411.451,420.1425,428.41,436.4655,447.2415,461.0825,474.8705,489.1885,501.475,516.482,534.13,548.66,568.79,583.9295,598.91,613.705,627.6785,644.6905,659.565,674.095
Botswana,Other,Emissions (N2O),kilotonnes,0.169,0.172,0.172,0.171,0.17,0.177,0.179,0.18,0.197,0.186,0.166,0.185,0.214,0.231,0.262,0.271,0.265,0.283,0.293,0.292,0.302
Botswana,Other,Emissions (CO2eq) from N2O (AR5),kilotonnes,44.785,45.58,45.58,45.315,45.05,46.905,47.435,47.7,52.205,49.29,43.99,49.025,56.71,61.215,69.43,71.815,70.225,74.995,77.645,77.38,80.03
Botswana,Other,Emissions (CO2eq) (AR5),kilotonnes,44.785,45.58,45.58,45.315,45.05,46.905,47.435,47.7,52.205,49.29,43.99,49.025,56.71,61.215,69.43,71.815,70.225,74.995,77.645,77.38,80.03
Botswana,Farm-gate emissions,Emissions (CH4),kilotonnes,199.7786,237.5128,237.0657,102.6226,113.217,135.0737,173.383,135.2418,301.5746,131.7021,348.5867,431.9653,193.804,170.8271,111.2216,101.3956,84.3012,139.1926,96.9236,60.5203,122.2878
Botswana,Farm-gate emissions,Direct emissions (N2O),kilotonnes,4.1057,3.9269,3.2171,3.1678,3.2494,3.4284,3.4679,3.4152,3.5677,4.0395,4.404,4.0711,3.7382,3.6182,2.9514,2.8865,2.585,1.9165,2.0743,1.8233,1.9836
Botswana,Farm-gate emissions,Indirect emissions (N2O),kilotonnes,1.0301,0.9901,0.8186,0.7896,0.8167,0.8736,0.8824,0.8568,0.9065,1.0333,1.1228,1.0244,0.9533,0.9344,0.7833,0.7331,0.6717,0.5052,0.5575,0.4968,0.5334
Botswana,Farm-gate emissions,Emissions (N2O),kilotonnes,13.9965,17.6529,18.286,6.013,6.9179,8.7437,12.2284,8.7465,23.792,8.269,27.8148,35.3422,14.2151,12.4995,7.8554,6.643,5.3714,10.9424,7.2302,4.0633,9.5648
Botswana,Farm-gate emissions,Emissions (CO2),kilotonnes,638.375,665.6246,669.3234,679.7961,657.5299,680.6342,672.1963,704.3896,681.0668,677.9929,685.7905,686.7072,693.908,693.2833,696.9115,688.6928,734.4447,755.46,756.121,799.71,802.8199
Botswana,Farm-gate emissions,Emissions (CO2eq) from CH4 (AR5),kilotonnes,5593.8007,6650.359,6637.8407,2873.4341,3170.0749,3782.0635,4854.7229,3786.7696,8444.088,3687.6598,9760.4285,12095.0289,5426.5108,4783.1594,3114.2035,2839.0769,2360.4325,3897.3932,2713.8613,1694.5691,3424.058
Botswana,Farm-gate emissions,Emissions (CO2eq) from N2O (AR5),kilotonnes,3709.0707,4678.0084,4845.8002,1593.4389,1833.2381,2317.069,3240.5146,2317.8192,6304.8884,2191.2969,7370.9103,9365.69,3767.0047,3312.3771,2081.6814,1760.4037,1423.4153,2899.7473,1916.0051,1076.7748,2534.6685
Botswana,Farm-gate emissions,Emissions (CO2eq) (AR5),kilotonnes,9941.2465,11993.992,12152.9643,5146.6692,5660.8429,6779.7666,8767.4338,6808.9784,15430.0432,6556.9496,17817.1293,22147.4261,9887.4235,8788.8198,5892.7963,5288.1733,4518.2925,7552.6005,5385.9874,3571.054,6761.5464
Botswana,Land Use change,Emissions (CH4),kilotonnes,0,0,0,0,0,0,0,0,0,0,0,0,0,0,0,0,0,0,0,0,0
Botswana,Land Use change,Emissions (N2O),kilotonnes,0,0,0,0,0,0,0,0,0,0,0,0,0,0,0,0,0,0,0,0,0
Botswana,Land Use change,Emissions (CO2),kilotonnes,40513.8067,40513.8067,40513.8067,40513.8067,40513.8067,40513.8067,40513.8067,40513.8067,40513.8067,40513.8067,40513.8067,40513.8067,40513.8067,40513.8067,40513.8067,40513.8067,40513.8067,40513.8067,40513.8067,40513.8067,40513.8067
Botswana,Land Use change,Emissions (CO2eq) from CH4 (AR5),kilotonnes,0,0,0,0,0,0,0,0,0,0,0,0,0,0,0,0,0,0,0,0,0
Botswana,Land Use change,Emissions (CO2eq) from N2O (AR5),kilotonnes,0,0,0,0,0,0,0,0,0,0,0,0,0,0,0,0,0,0,0,0,0
Botswana,Land Use change,Emissions (CO2eq) (AR5),kilotonnes,40513.8067,40513.8067,40513.8067,40513.8067,40513.8067,40513.8067,40513.8067,40513.8067,40513.8067,40513.8067,40513.8067,40513.8067,40513.8067,40513.8067,40513.8067,40513.8067,40513.8067,40513.8067,40513.8067,40513.8067,40513.8067
Botswana,Emissions on agricultural land,Emissions (CH4),kilotonnes,199.7786,237.5128,237.0657,102.6226,113.217,135.0737,173.383,135.2418,301.5746,131.7021,348.5867,431.9653,193.804,170.8271,111.2216,101.3956,84.3012,139.1926,96.9236,60.5203,122.2878
Botswana,Emissions on agricultural land,Emissions (N2O),kilotonnes,13.9965,17.6529,18.286,6.013,6.9179,8.7437,12.2284,8.7465,23.792,8.269,27.8148,35.3422,14.2151,12.4995,7.8554,6.643,5.3714,10.9424,7.2302,4.0633,9.5648
Botswana,Emissions on agricultural land,Emissions (CO2),kilotonnes,41152.1817,41179.4312,41183.1301,41193.6028,41171.3365,41194.4408,41186.0029,41218.1963,41194.8735,41191.7996,41199.5972,41200.5139,41207.7147,41207.09,41210.7182,41202.4994,41248.2514,41269.2667,41269.9277,41313.5167,41316.6266
Botswana,Emissions on agricultural land,Emissions (CO2eq) from CH4 (AR5),kilotonnes,5593.8007,6650.359,6637.8407,2873.4341,3170.0749,3782.0635,4854.7229,3786.7696,8444.088,3687.6598,9760.4285,12095.0289,5426.5108,4783.1594,3114.2035,2839.0769,2360.4325,3897.3932,2713.8613,1694.5691,3424.058
Botswana,Emissions on agricultural land,Emissions (CO2eq) from N2O (AR5),kilotonnes,3709.0707,4678.0084,4845.8002,1593.4389,1833.2381,2317.069,3240.5146,2317.8192,6304.8884,2191.2969,7370.9103,9365.69,3767.0047,3312.3771,2081.6814,1760.4037,1423.4153,2899.7473,1916.0051,1076.7748,2534.6685
Botswana,Emissions on agricultural land,Emissions (CO2eq) (AR5),kilotonnes,50455.0531,52507.7986,52666.771,45660.4759,46174.6495,47293.5733,49281.2404,47322.7851,55943.8499,47070.7563,58330.936,62661.2328,50401.2302,49302.6265,46406.603,45801.98,45032.0992,48066.4072,45899.794,44084.8606,47275.3531
Botswana,Pre- and post- production,Emissions (CH4),kilotonnes,4.5771,4.7326,4.8281,5.0528,5.2006,5.3046,5.5424,5.6742,5.8184,5.9118,6.0952,6.1811,6.304,6.3702,6.4432,6.5694,6.6711,6.8206,6.936,6.9309,7.0372
Botswana,Pre- and post- production,Emissions (N2O),kilotonnes,0.0483,0.0524,0.05,0.0495,0.0507,0.0508,0.0515,0.0533,0.0568,0.0598,0.06,0.0614,0.0639,0.0638,0.0675,0.0683,0.069,0.0683,0.0697,0.07,0.0713
Botswana,Pre- and post- production,Emissions (CO2),kilotonnes,517.8229,592.9851,618.9805,691.9563,779.7673,849.2069,1103.1298,1244.149,1350.5357,1353.8758,1391.1535,1319.57,1361.9113,1399.5083,1554.5474,1520.2263,1564.6108,1612.1326,1660.9302,1723.1616,1598.3803
Botswana,Pre- and post- production,Emissions (CO2eq) from CH4 (AR5),kilotonnes,128.16,132.5121,135.1877,141.4786,145.6171,148.5278,155.1877,158.877,162.9154,165.531,170.6657,173.0708,176.5107,178.3651,180.4094,183.9435,186.79,190.9768,194.2088,194.0641,197.0405
Botswana,Pre- and post- production,Emissions (CO2eq) from N2O (AR5),kilotonnes,12.8022,13.8745,13.2521,13.1187,13.4331,13.4688,13.659,14.1192,15.0439,15.8417,15.892,16.266,16.9456,16.9198,17.8751,18.091,18.2799,18.1061,18.4736,18.5541,18.8888
Botswana,Pre- and post- production,Emissions (CO2eq) (AR5),kilotonnes,658.7852,739.3717,767.4203,846.5536,938.8175,1011.2034,1271.9765,1417.1452,1528.495,1535.2485,1577.7112,1508.9068,1555.3676,1594.7932,1752.8319,1722.2608,1769.6807,1821.2155,1873.6126,1935.7798,1814.3095
Botswana,Agri-food systems,Emissions (CH4),kilotonnes,204.3557,242.2454,241.8939,107.6755,118.4176,140.3783,178.9254,140.916,307.393,137.614,354.6819,438.1464,200.1079,177.1973,117.6647,107.965,90.9722,146.0132,103.8596,67.4512,129.3249
Botswana,Agri-food systems,Emissions (N2O),kilotonnes,14.0448,17.7052,18.336,6.0625,6.9686,8.7945,12.2799,8.7998,23.8488,8.3288,27.8747,35.4036,14.2791,12.5634,7.9229,6.7113,5.4404,11.0108,7.2999,4.1333,9.6361
Botswana,Agri-food systems,Emissions (CO2),kilotonnes,41670.0046,41772.4163,41802.1106,41885.5591,41951.1038,42043.6477,42289.1327,42462.3453,42545.4092,42545.6754,42590.7507,42520.0839,42569.626,42606.5983,42765.2656,42722.7257,42812.8622,42881.3993,42930.8579,43036.6783,42915.0068
Botswana,Agri-food systems,Emissions (CO2eq) from CH4 (AR5),kilotonnes,5721.9607,6782.8711,6773.0284,3014.9127,3315.692,3930.5913,5009.9106,3945.6467,8607.0034,3853.1908,9931.0942,12268.0997,5603.0215,4961.5245,3294.6128,3023.0203,2547.2224,4088.37,2908.0701,1888.6332,3621.0985
Botswana,Agri-food systems,Emissions (CO2eq) from N2O (AR5),kilotonnes,3721.8729,4691.8829,4859.0524,1606.5577,1846.6712,2330.5378,3254.1736,2331.9383,6319.9323,2207.1386,7386.8024,9381.956,3783.9503,3329.2969,2099.5565,1778.4947,1441.6952,2917.8534,1934.4786,1095.329,2553.5573
Botswana,Agri-food systems,Emissions (CO2eq) (AR5),kilotonnes,51113.8383,53247.1703,53434.1913,46507.0295,47113.467,48304.7768,50553.217,48739.9303,57472.3449,48606.0048,59908.6472,64170.1396,51956.5978,50897.4197,48159.4349,47524.2408,46801.7798,49887.6227,47773.4066,46020.6404,49089.6626
Botswana,IPCC Agriculture,Emissions (CH4),kilotonnes,199.7435,237.4784,237.0289,102.5739,113.1675,134.9712,173.2774,135.0701,301.4597,131.5889,348.4692,431.8431,193.6776,170.6976,111.0855,101.2646,84.1293,139.0021,96.7392,60.3263,122.0937
Botswana,IPCC Agriculture,Emissions (CH4),kilotonnes,84.6898,,,,,,,,,,,,,,,188.3886,,,,,
Botswana,IPCC Agriculture,Direct emissions (N2O),kilotonnes,4.1057,3.9269,3.2171,3.1678,3.2494,3.4284,3.4679,3.4152,3.5677,4.0395,4.404,4.0711,3.7382,3.6182,2.9514,2.8865,2.585,1.9165,2.0743,1.8233,1.9836
Botswana,IPCC Agriculture,Indirect emissions (N2O),kilotonnes,1.0301,0.9901,0.8186,0.7896,0.8167,0.8736,0.8824,0.8568,0.9065,1.0333,1.1228,1.0244,0.9533,0.9344,0.7833,0.7331,0.6717,0.5052,0.5575,0.4968,0.5334
Botswana,IPCC Agriculture,Emissions (N2O),kilotonnes,13.9837,17.6278,18.2597,5.9853,6.9086,8.7328,12.2175,8.7351,23.7821,8.2604,27.8048,35.3321,14.2037,12.488,7.8425,6.6315,5.3576,10.9281,7.2148,4.0474,9.5489
Botswana,IPCC Agriculture,Emissions (N2O),kilotonnes,,,,,,,,,,,,,,,,40.1567,,,,,
Botswana,IPCC Agriculture,Emissions (CO2eq) from CH4 (AR5),kilotonnes,5592.8182,6649.395,6636.8087,2872.0697,3168.6892,3779.1933,4851.7676,3781.9619,8440.872,3684.4881,9757.1362,12091.6066,5422.9725,4779.532,3110.3932,2835.4079,2355.621,3892.0584,2708.6981,1689.1354,3418.6243
Botswana,IPCC Agriculture,Emissions (CO2eq) from CH4 (AR5),kilotonnes,2371.3144,,,,,,,,,,,,,,,5274.8808,,,,,
Botswana,IPCC Agriculture,Emissions (CO2eq) from N2O (AR5),kilotonnes,3705.6856,4671.3635,4838.8229,1586.1066,1830.7825,2314.2022,3237.6274,2314.8111,6302.2564,2189.0008,7368.2596,9363.0085,3763.9703,3309.322,2078.2566,1757.3362,1419.7517,2895.959,1911.9287,1072.5681,2530.4618
Botswana,IPCC Agriculture,Emissions (CO2eq) from N2O (AR5),kilotonnes,,,,,,,,,,,,,,,,10641.5255,,,,,
Botswana,IPCC Agriculture,Emissions (CO2eq) (AR5),kilotonnes,9298.5038,11320.7586,11475.6317,4458.1763,4999.4717,6093.3955,8089.395,6096.773,14743.1283,5873.4889,17125.3958,21454.6151,9186.9427,8088.854,5188.6498,4592.7441,3775.3727,6788.0174,4620.6268,2761.7035,5949.0861
Botswana,IPCC Agriculture,Emissions (CO2eq) (AR5),kilotonnes,2371.3144,,,,,,,,,,,,,,,15916.4063,,,,,
Botswana,Agricultural Soils,Direct emissions (N2O),kilotonnes,4.1057,3.9269,3.2171,3.1678,3.2494,3.4284,3.4679,3.4152,3.5677,4.0395,4.404,4.0711,3.7382,3.6182,2.9514,2.8865,2.585,1.9165,2.0743,1.8233,1.9836
Botswana,Agricultural Soils,Indirect emissions (N2O),kilotonnes,1.0301,0.9901,0.8186,0.7896,0.8167,0.8736,0.8824,0.8568,0.9065,1.0333,1.1228,1.0244,0.9533,0.9344,0.7833,0.7331,0.6717,0.5052,0.5575,0.4968,0.5334
Botswana,Agricultural Soils,Emissions (N2O),kilotonnes,5.2217,5.0029,4.1221,4.0446,4.1574,4.3939,4.4409,4.3632,4.5655,5.1644,5.6184,5.1866,4.7825,4.6432,3.8244,3.7091,3.3477,2.5132,2.7233,2.4169,2.6142
Botswana,Agricultural Soils,Emissions (N2O),kilotonnes,,,,,,,,,,,,,,,,9.7066,,,,,
Botswana,Agricultural Soils,Emissions (CO2eq) from N2O (AR5),kilotonnes,1383.7499,1325.7648,1092.3675,1071.8247,1101.7129,1164.3844,1176.8342,1156.2489,1209.8448,1368.5638,1488.8644,1374.4617,1267.3713,1230.4507,1013.4575,982.9219,887.1331,666.006,721.6689,640.4819,692.7746
Botswana,Agricultural Soils,Emissions (CO2eq) from N2O (AR5),kilotonnes,,,,,,,,,,,,,,,,2572.249,,,,,
Botswana,Agricultural Soils,Emissions (CO2eq) (AR5),kilotonnes,1383.7499,1325.7648,1092.3675,1071.8247,1101.7129,1164.3844,1176.8342,1156.2489,1209.8448,1368.5638,1488.8644,1374.4617,1267.3713,1230.4507,1013.4575,982.9219,887.1331,666.006,721.6689,640.4819,692.7746
Botswana,Agricultural Soils,Emissions (CO2eq) (AR5),kilotonnes,,,,,,,,,,,,,,,,2572.249,,,,,
Botswana,LULUCF,Emissions (CH4),kilotonnes,1.8996,0.0372,0.0074,0.0248,0,0.0149,0,0,0.0025,0.0074,0,0,0.0025,0,0,0.0099,0.0198,0.0124,0.0099,0.0074,0
Botswana,LULUCF,Emissions (CH4),kilotonnes,,,,,,,,,,,,,,,,,,,,,
Botswana,LULUCF,Emissions (N2O),kilotonnes,0.0559,0.0034,0.0007,0.0023,0,0.0014,0,0,0.0002,0.0007,0,0,0.0002,0,0,0.0009,0.0018,0.0011,0.0009,0.0007,0
Botswana,LULUCF,Emissions (N2O),kilotonnes,,,,,,,,,,,,,,,,,,,,,
Botswana,LULUCF,Emissions (CO2),kilotonnes,41069.4357,41069.4357,41073.3762,41078.3466,41104.8643,41108.7991,41100.519,41104.6242,41104.6242,41106.4927,41106.4927,41103.3892,41103.3892,41100.2809,41094.0281,41094.0281,41102.1896,41106.2732,41106.2732,41140.4692,41143.5791
Botswana,LULUCF,Emissions (CO2),kilotonnes,-42941,,,,,,,,,,,,,,,-27520.4946,,,,,
Botswana,LULUCF,Emissions (CO2eq) from CH4 (AR5),kilotonnes,53.1897,1.0419,0.2084,0.6946,0,0.4168,0,0,0.0695,0.2084,0,0,0.0695,0,0,0.2778,0.5557,0.3473,0.2778,0.2084,0
Botswana,LULUCF,Emissions (CO2eq) from N2O (AR5),kilotonnes,14.8061,0.9003,0.1801,0.6002,0,0.3601,0,0,0.06,0.1801,0,0,0.06,0,0,0.2401,0.4802,0.3001,0.2401,0.1801,0
Botswana,LULUCF,Emissions (CO2eq) (AR5),kilotonnes,41137.4315,41071.3779,41073.7647,41079.6414,41104.8643,41109.576,41100.519,41104.6242,41104.7536,41106.8811,41106.4927,41103.3892,41103.5187,41100.2809,41094.0281,41094.5461,41103.2255,41106.9206,41106.7911,41140.8577,41143.5791
Botswana,LULUCF,Emissions (CO2eq) (AR5),kilotonnes,-42941,,,,,,,,,,,,,,,-27520.4946,,,,,
Botswana,AFOLU,Emissions (CH4),kilotonnes,201.6431,237.5156,237.0363,102.5987,113.1675,134.9861,173.2774,135.0701,301.4622,131.5963,348.4692,431.8431,193.6801,170.6976,111.0855,101.2745,84.1492,139.0145,96.7491,60.3337,122.0937
Botswana,AFOLU,Emissions (N2O),kilotonnes,14.0396,17.6312,18.2604,5.9876,6.9086,8.7342,12.2175,8.7351,23.7823,8.2611,27.8048,35.3321,14.2039,12.488,7.8425,6.6324,5.3594,10.9293,7.2157,4.0481,9.5489
Botswana,AFOLU,Emissions (CO2),kilotonnes,41069.4357,41069.4357,41073.3762,41078.3466,41104.8643,41108.7991,41100.519,41104.6242,41104.6242,41106.4927,41106.4927,41103.3892,41103.3892,41100.2809,41094.0281,41094.0281,41102.1896,41106.2732,41106.2732,41140.4692,41143.5791
Botswana,AFOLU,Emissions (CO2eq) from CH4 (AR5),kilotonnes,5646.0079,6650.4369,6637.0171,2872.7643,3168.6892,3779.6101,4851.7676,3781.9619,8440.9414,3684.6964,9757.1362,12091.6066,5423.0419,4779.532,3110.3932,2835.6858,2356.1767,3892.4057,2708.9759,1689.3438,3418.6243
Botswana,AFOLU,Emissions (CO2eq) from N2O (AR5),kilotonnes,3720.4917,4672.2638,4839.003,1586.7068,1830.7825,2314.5623,3237.6274,2314.8111,6302.3164,2189.1809,7368.2596,9363.0085,3764.0303,3309.322,2078.2566,1757.5763,1420.2319,2896.2591,1912.1688,1072.7482,2530.4618
Botswana,AFOLU,Emissions (CO2eq) (AR5),kilotonnes,50435.9353,52392.1365,52549.3964,45537.8177,46104.336,47202.9715,49189.914,47201.3972,55847.882,46980.37,58231.8885,62558.0043,50290.4614,49189.1349,46282.6779,45687.2901,44878.5982,47894.938,45727.4179,43902.5612,47092.6652
Botswana,All sectors with LULUCF,Emissions (CH4),kilotonnes,234.1431,270.5156,270.5363,134.6987,145.8675,168.9861,207.6774,168.4701,336.2622,164.8963,385.2692,466.8431,237.8801,215.9976,159.6855,155.2745,136.1492,196.0145,156.1491,118.9337,182.6937
Botswana,All sectors with LULUCF,Emissions (N2O),kilotonnes,14.5067,18.123,18.7408,6.465,7.3502,9.1937,12.681,9.2014,24.2704,8.736,28.2552,35.8174,14.739,13.0509,8.4665,7.2789,6.0068,11.6094,7.9144,4.7445,10.2651
Botswana,All sectors with LULUCF,Emissions (CO2),kilotonnes,44899.1357,44968.1357,45100.5762,44952.7466,45045.8643,45240.8991,45280.119,45369.9242,45636.9242,44984.4927,45679.4927,45161.9892,46222.5892,46800.8809,47984.6281,46564.6281,47483.9896,48217.8732,48142.8732,48198.2692,47591.9791
Botswana,All sectors with LULUCF,Emissions (CO2eq) from CH4 (AR5),kilotonnes,6556.0079,7574.4369,7575.0171,3771.5643,4084.2892,4731.6101,5814.9676,4717.1619,9415.3414,4617.0964,10787.5362,13071.6066,6660.6419,6047.932,4471.1932,4347.6858,3812.1767,5488.4057,4372.1759,3330.1438,5115.4243
Botswana,All sectors with LULUCF,Emissions (CO2eq) from N2O (AR5),kilotonnes,3844.2732,4802.5908,4966.309,1713.2178,1947.8065,2436.3298,3360.4549,2438.3806,6431.6629,2315.0294,7487.6156,9491.613,3905.8318,3458.4905,2243.6166,1928.8988,1591.7929,3076.4856,2097.3243,1257.2942,2720.2548
Botswana,All sectors with LULUCF,Emissions (CO2eq) (AR5),kilotonnes,55299.4168,57345.1635,57641.9024,50437.5287,51077.96,52408.839,54455.5415,52525.4667,61483.9285,51916.6185,63954.6445,67725.2088,56789.0629,56307.3034,54699.4379,52841.2126,52887.9592,56782.7645,54612.3734,52785.7072,55427.6582
Botswana,All sectors without LULUCF,Emissions (CH4),kilotonnes,232.2435,270.4784,270.5289,134.6739,145.8675,168.9712,207.6774,168.4701,336.2597,164.8889,385.2692,466.8431,237.8776,215.9976,159.6855,155.2646,136.1293,196.0021,156.1392,118.9263,182.6937
Botswana,All sectors without LULUCF,Emissions (N2O),kilotonnes,14.4508,18.1196,18.7401,6.4627,7.3502,9.1923,12.681,9.2014,24.2702,8.7353,28.2552,35.8174,14.7388,13.0509,8.4665,7.278,6.005,11.6082,7.9135,4.7438,10.2651
Botswana,All sectors without LULUCF,Emissions (CO2),kilotonnes,3829.7,3898.7,4027.2,3874.4,3941,4132.1,4179.6,4265.3,4532.3,3878,4573,4058.6,5119.2,5700.6,6890.6,5470.6,6381.8,7111.6,7036.6,7057.8,6448.4
Botswana,All sectors without LULUCF,Emissions (CO2eq) from CH4 (AR5),kilotonnes,6502.8182,7573.395,7574.8087,3770.8697,4084.2892,4731.1933,5814.9676,4717.1619,9415.272,4616.8881,10787.5362,13071.6066,6660.5725,6047.932,4471.1932,4347.4079,3811.621,5488.0584,4371.8981,3329.9354,5115.4243
Botswana,All sectors without LULUCF,Emissions (CO2eq) from N2O (AR5),kilotonnes,3829.4671,4801.6905,4966.1289,1712.6176,1947.8065,2435.9697,3360.4549,2438.3806,6431.6029,2314.8493,7487.6156,9491.613,3905.7718,3458.4905,2243.6166,1928.6587,1591.3127,3076.1855,2097.0842,1257.1141,2720.2548
Botswana,All sectors without LULUCF,Emissions (CO2eq) (AR5),kilotonnes,14161.9853,16273.7856,16568.1377,9357.8873,9973.0957,11299.263,13355.0225,11420.8425,20379.1748,10809.7374,22848.1518,26621.8196,15685.5442,15207.0225,13605.4098,11746.6666,11784.7337,15675.8439,13505.5823,11644.8495,14284.0791
Brazil,Crop Residues,Direct emissions (N2O),kilotonnes,15.5606,17.4281,17.8025,21.8737,21.8289,21.1634,21.2094,22.9829,24.8257,23.477,25.6547,26.9846,27.0668,31.2577,32.6155,34.776,32.1577,38.8465,37.6819,39.524,41.44
Brazil,Crop Residues,Indirect emissions (N2O),kilotonnes,3.5011,3.9213,4.0056,4.9216,4.9115,4.7618,4.7721,5.1711,5.5858,5.2823,5.7723,6.0715,6.09,7.033,7.3385,7.8246,7.2355,8.7405,8.4784,8.8929,9.324
Brazil,Crop Residues,Emissions (N2O),kilotonnes,19.0617,21.3494,21.8081,26.7953,26.7404,25.9252,25.9815,28.154,30.4114,28.7593,31.427,33.0561,33.1569,38.2907,39.954,42.6006,39.3932,47.587,46.1603,48.4169,50.764
Brazil,Crop Residues,Emissions (CO2eq) from N2O (AR5),kilotonnes,5051.363,5657.6035,5779.1403,7100.7616,7086.2002,6870.1741,6885.0932,7460.8157,8059.0313,7621.22,8328.1452,8759.8686,8786.5702,10147.0459,10587.7996,11289.1513,10439.2075,12610.5484,12232.4912,12830.4661,13452.4629
Brazil,Crop Residues,Emissions (CO2eq) (AR5),kilotonnes,5051.363,5657.6035,5779.1403,7100.7616,7086.2002,6870.1741,6885.0932,7460.8157,8059.0313,7621.22,8328.1452,8759.8686,8786.5702,10147.0459,10587.7996,11289.1513,10439.2075,12610.5484,12232.4912,12830.4661,13452.4629
Brazil,Rice Cultivation,Emissions (CH4),kilotonnes,238.0657,204.158,204.1076,206.6286,242.5053,254.3739,192.9908,187.7946,185.18,186.5675,176.8509,178.8278,156.7672,152.8608,152.0634,138.9103,126.2782,130.3229,121.6152,111.0857,108.9837
Brazil,Rice Cultivation,Emissions (CO2eq) from CH4 (AR5),kilotonnes,6665.8387,5716.4234,5715.0137,5785.6008,6790.1482,7122.4703,5403.7433,5258.2475,5185.0412,5223.8888,4951.8262,5007.1784,4389.4813,4280.1011,4257.7762,3889.4875,3535.7899,3649.0407,3405.2253,3110.3994,3051.5441
Brazil,Rice Cultivation,Emissions (CO2eq) (AR5),kilotonnes,6665.8387,5716.4234,5715.0137,5785.6008,6790.1482,7122.4703,5403.7433,5258.2475,5185.0412,5223.8888,4951.8262,5007.1784,4389.4813,4280.1011,4257.7762,3889.4875,3535.7899,3649.0407,3405.2253,3110.3994,3051.5441
Brazil,Burning - Crop residues,Emissions (CH4),kilotonnes,47.2079,48.5389,47.6451,51.9221,51.9681,49.7367,51.3061,55.8935,60.0725,58.8812,56.5615,58.9394,61.0184,64.8964,66.4933,65.1907,63.5895,69.9728,66.1603,69.8165,71.981
Brazil,Burning - Crop residues,Emissions (CH4),kilotonnes,105,112.1,119.2,131.7,136.1,136.3,146.6,152.6,175.5,178.9,185.3,175.6,164.8,175.3,172.5,172.5,,,,,
Brazil,Burning - Crop residues,Emissions (N2O),kilotonnes,1.2239,1.2584,1.2352,1.3461,1.3473,1.2895,1.3302,1.4491,1.5574,1.5265,1.4664,1.5281,1.582,1.6825,1.7239,1.6901,1.6486,1.8141,1.7153,1.8101,1.8662
Brazil,Burning - Crop residues,Emissions (N2O),kilotonnes,2.72,2.91,3.09,3.41,3.53,3.53,3.8,3.96,4.55,4.64,4.8,4.55,4.27,4.54,4.47,4.47,,,,,
Brazil,Burning - Crop residues,Emissions (CO2eq) from CH4 (AR5),kilotonnes,1321.8225,1359.0884,1334.0615,1453.8187,1455.1057,1392.6284,1436.5695,1565.018,1682.0297,1648.6732,1583.7227,1650.3029,1708.514,1817.099,1861.8133,1825.3398,1780.506,1959.2382,1852.4875,1954.8622,2015.4668
Brazil,Burning - Crop residues,Emissions (CO2eq) from CH4 (AR5),kilotonnes,2940,3138.8,3337.6,3687.6,3810.8,3816.4,4104.8,4272.8,4914,5009.2,5188.4,4916.8,4614.4,4908.4,4830,4830,,,,,
Brazil,Burning - Crop residues,Emissions (CO2eq) from N2O (AR5),kilotonnes,324.3361,333.48,327.3392,356.724,357.0398,341.7097,352.4916,384.0091,412.7202,404.5356,388.5986,404.9354,419.2187,445.8623,456.8338,447.8843,436.8834,480.739,454.5455,479.6653,494.5358
Brazil,Burning - Crop residues,Emissions (CO2eq) from N2O (AR5),kilotonnes,720.8,771.15,818.85,903.65,935.45,935.45,1007,1049.4,1205.75,1229.6,1272,1205.75,1131.55,1203.1,1184.55,1184.55,,,,,
Brazil,Burning - Crop residues,Emissions (CO2eq) (AR5),kilotonnes,1646.1586,1692.5684,1661.4007,1810.5427,1812.1455,1734.3381,1789.0611,1949.0271,2094.7499,2053.2088,1972.3213,2055.2384,2127.7327,2262.9613,2318.6472,2273.2242,2217.3894,2439.9772,2307.033,2434.5274,2510.0026
Brazil,Burning - Crop residues,Emissions (CO2eq) (AR5),kilotonnes,3660.8,3909.95,4156.45,4591.25,4746.25,4751.85,5111.8,5322.2,6119.75,6238.8,6460.4,6122.55,5745.95,6111.5,6014.55,6014.55,,,,,
Brazil,Enteric Fermentation,Emissions (CH4),kilotonnes,10142.924,10514.1599,11024.8085,11605.6098,12123.7529,12288.8496,12224.8379,11876.6259,12028.5568,12208.5714,12460.719,12655.8296,12549.6483,12583.5982,12623.7247,12767.0484,12909.8787,12691.8995,12627.1906,12705.6057,12891.2681
Brazil,Enteric Fermentation,Emissions (CH4),kilotonnes,9349.5,9713.3,10050.1,10574.9,11049.3,11213.8,11162,10573,10730.3,10908,11158,11362.6,11287.7,11383.9,11440.8,11620.1,,,,,
Brazil,Enteric Fermentation,Emissions (CO2eq) from CH4 (AR5),kilotonnes,284001.8709,294396.4768,308694.6379,324957.0748,339465.0819,344087.7879,342295.4607,332545.524,336799.5901,341840.0005,348900.1329,354363.2285,351390.1533,352340.7492,353464.2913,357477.3541,361476.6043,355373.1848,353561.336,355756.9585,360955.5064
Brazil,Enteric Fermentation,Emissions (CO2eq) from CH4 (AR5),kilotonnes,261786,271972.4,281402.8,296097.2,309380.4,313986.4,312536,296044,300448.4,305424,312424,318152.8,316055.6,318749.2,320342.4,325362.8,,,,,
Brazil,Enteric Fermentation,Emissions (CO2eq) (AR5),kilotonnes,284001.8709,294396.4768,308694.6379,324957.0748,339465.0819,344087.7879,342295.4607,332545.524,336799.5901,341840.0005,348900.1329,354363.2285,351390.1533,352340.7492,353464.2913,357477.3541,361476.6043,355373.1848,353561.336,355756.9585,360955.5064
Brazil,Enteric Fermentation,Emissions (CO2eq) (AR5),kilotonnes,261786,271972.4,281402.8,296097.2,309380.4,313986.4,312536,296044,300448.4,305424,312424,318152.8,316055.6,318749.2,320342.4,325362.8,,,,,
Brazil,Manure Management,Emissions (CH4),kilotonnes,235.3749,243.7476,251.9172,263.4683,273.7696,278.6737,278.771,275.3799,280.2064,284.8502,290.3574,294.6849,291.5803,290.1634,293.7366,299.0194,302.7161,302.4664,302.4836,303.3309,307.916
Brazil,Manure Management,Emissions (CH4),kilotonnes,479.7,500.5,500.6,519.6,533,543.9,545.6,558,575.4,593.3,608.1,618.6,610.9,603.1,616.2,632.4,,,,,
Brazil,Manure Management,Emissions (N2O),kilotonnes,12.1643,12.5829,12.4842,12.7158,13.0615,13.4754,13.8416,14.2824,14.7108,15.181,15.5106,15.6923,15.497,14.952,15.42,15.84,15.8642,16.1147,16.1102,15.9179,16.124
Brazil,Manure Management,Emissions (N2O),kilotonnes,11.49,11.88,11.8,12.16,11.29,12.82,12.93,13.7,14.31,14.65,14.83,15.16,14.95,14.95,15.52,15.52,,,,,
Brazil,Manure Management,Emissions (CO2eq) from CH4 (AR5),kilotonnes,6590.4977,6824.9319,7053.6822,7377.1119,7665.5495,7802.8635,7805.5886,7710.6386,7845.7789,7975.8057,8130.0067,8251.1759,8164.2472,8124.5746,8224.624,8372.5443,8476.0508,8469.0591,8469.5422,8493.266,8621.6486
Brazil,Manure Management,Emissions (CO2eq) from CH4 (AR5),kilotonnes,13431.6,14014,14016.8,14548.8,14924,15229.2,15276.8,15624,16111.2,16612.4,17026.8,17320.8,17105.2,16886.8,17253.6,17707.2,,,,,
Brazil,Manure Management,Emissions (CO2eq) from N2O (AR5),kilotonnes,3223.5447,3334.4581,3308.3084,3369.6795,3461.3051,3570.9744,3668.0212,3784.8261,3898.3676,4022.9553,4110.2971,4158.4577,4106.6927,3962.2771,4086.2885,4197.5901,4204.0094,4270.3896,4269.1941,4218.2305,4272.8469
Brazil,Manure Management,Emissions (CO2eq) from N2O (AR5),kilotonnes,3044.85,3148.2,3127,3222.4,2991.85,3397.3,3426.45,3630.5,3792.15,3882.25,3929.95,4017.4,3961.75,3961.75,4112.8,4112.8,,,,,
Brazil,Manure Management,Emissions (CO2eq) (AR5),kilotonnes,9814.0424,10159.39,10361.9905,10746.7914,11126.8546,11373.8379,11473.6099,11495.4647,11744.1466,11998.761,12240.3038,12409.6336,12270.9399,12086.8517,12310.9125,12570.1344,12680.0602,12739.4487,12738.7363,12711.4965,12894.4955
Brazil,Manure Management,Emissions (CO2eq) (AR5),kilotonnes,16476.45,17162.2,17143.8,17771.2,17915.85,18626.5,18703.25,19254.5,19903.35,20494.65,20956.75,21338.2,21066.95,20848.55,21366.4,21820,,,,,
Brazil,Manure left on Pasture,Direct emissions (N2O),kilotonnes,219.5215,227.7756,238.4915,251.4888,262.6195,266.1395,264.5842,257.2071,260.6242,264.0698,269.4274,273.7151,271.4441,272.2256,273.4763,278.3964,282.9725,280.5185,279.8582,281.8299,286.3372
Brazil,Manure left on Pasture,Indirect emissions (N2O),kilotonnes,48.6595,50.4127,52.6644,55.452,57.855,58.6389,58.3248,56.6945,57.4191,58.1331,59.3021,60.2253,59.6429,59.8309,60.1336,61.2612,62.2438,61.7453,61.6847,62.191,63.2128
Brazil,Manure left on Pasture,Emissions (N2O),kilotonnes,268.181,278.1883,291.1559,306.9409,320.4745,324.7784,322.909,313.9016,318.0434,322.2029,328.7294,333.9405,331.0869,332.0565,333.6099,339.6577,345.2162,342.2637,341.5429,344.0209,349.55
Brazil,Manure left on Pasture,Emissions (CO2eq) from N2O (AR5),kilotonnes,71067.9526,73719.9009,77156.3181,81339.331,84925.7447,86066.2829,85570.8939,83183.9312,84281.4946,85383.7677,87113.2972,88494.2199,87738.0395,87994.9695,88406.6209,90009.2816,91482.3032,90699.8923,90508.8574,91165.5264,92630.7568
Brazil,Manure left on Pasture,Emissions (CO2eq) (AR5),kilotonnes,71067.9526,73719.9009,77156.3181,81339.331,84925.7447,86066.2829,85570.8939,83183.9312,84281.4946,85383.7677,87113.2972,88494.2199,87738.0395,87994.9695,88406.6209,90009.2816,91482.3032,90699.8923,90508.8574,91165.5264,92630.7568
Brazil,Manure applied to Soils,Direct emissions (N2O),kilotonnes,20.998,21.6082,21.98,22.4155,23.1591,23.9037,24.3899,25.0835,25.8348,26.7098,27.2617,27.6319,27.239,26.9094,27.4722,26.8847,26.2032,25.1316,24.9676,24.793,24.955
Brazil,Manure applied to Soils,Indirect emissions (N2O),kilotonnes,8.9241,9.1835,9.3415,9.5266,9.8426,10.1591,10.3657,10.6605,10.9798,11.3517,11.5862,11.7436,11.5766,11.4365,11.6757,11.426,11.1364,10.6809,10.6112,10.537,10.6059
Brazil,Manure applied to Soils,Emissions (N2O),kilotonnes,29.9221,30.7918,31.3215,31.9421,33.0018,34.0628,34.7555,35.7439,36.8146,38.0615,38.848,39.3755,38.8156,38.3459,39.1479,38.3107,37.3396,35.8125,35.5788,35.33,35.5609
Brazil,Manure applied to Soils,Emissions (CO2eq) from N2O (AR5),kilotonnes,7929.3608,8159.8146,8300.2046,8464.6661,8745.4703,9026.6316,9210.2201,9472.1404,9755.8572,10086.2874,10294.7118,10434.5057,10286.1229,10161.6722,10374.1947,10152.339,9894.9904,9490.3109,9428.3799,9362.4462,9423.6255
Brazil,Manure applied to Soils,Emissions (CO2eq) (AR5),kilotonnes,7929.3608,8159.8146,8300.2046,8464.6661,8745.4703,9026.6316,9210.2201,9472.1404,9755.8572,10086.2874,10294.7118,10434.5057,10286.1229,10161.6722,10374.1947,10152.339,9894.9904,9490.3109,9428.3799,9362.4462,9423.6255
Brazil,Synthetic Fertilizers,Direct emissions (N2O),kilotonnes,26.2114,25.7714,31.0814,35.8181,40.9791,34.5759,36.862,48.6267,44.3419,38.1886,48.5801,60.0752,54.3097,63.9171,71.1822,55.0348,57.0748,71.6024,72.1905,77.1845,92.885
Brazil,Synthetic Fertilizers,Indirect emissions (N2O),kilotonnes,8.5187,8.3757,10.1014,11.6409,13.3182,11.2372,11.9801,15.8037,14.4111,12.4113,15.7885,19.5244,17.6507,20.773,23.1342,17.8863,18.5493,23.2708,23.4619,25.085,30.1876
Brazil,Synthetic Fertilizers,Emissions (N2O),kilotonnes,34.7301,34.1471,41.1828,47.459,54.2973,45.8131,48.8421,64.4304,58.753,50.5998,64.3687,79.5996,71.9604,84.6901,94.3164,72.9211,75.6241,94.8732,95.6524,102.2695,123.0727
Brazil,Synthetic Fertilizers,Emissions (CO2eq) from N2O (AR5),kilotonnes,9203.4879,9048.9929,10913.4423,12576.6414,14388.7818,12140.4624,12943.1654,17074.044,15569.5434,13408.9588,17057.7008,21093.9013,19069.4929,22442.878,24993.8517,19324.0794,20040.3993,25141.4009,25347.885,27101.4237,32614.2588
Brazil,Synthetic Fertilizers,Emissions (CO2eq) (AR5),kilotonnes,9203.4879,9048.9929,10913.4423,12576.6414,14388.7818,12140.4624,12943.1654,17074.044,15569.5434,13408.9588,17057.7008,21093.9013,19069.4929,22442.878,24993.8517,19324.0794,20040.3993,25141.4009,25347.885,27101.4237,32614.2588
Brazil,Drained organic soils,Emissions (CO2eq) (AR5),kilotonnes,417.4561,418.412,420.6459,422.6774,494.9699,494.9699,494.9699,494.9699,494.9699,494.9699,494.9699,494.9699,494.9699,494.9699,494.9699,494.9699,497.5305,513.5399,517.9242,506.2051,506.2051
Brazil,Drained organic soils (CO2),Emissions (CO2),kilotonnes,394.3458,395.2482,397.3661,399.2842,467.9481,467.9481,467.9481,467.9481,467.9481,467.9481,467.9481,467.9481,467.9481,467.9481,467.9481,467.9481,470.3686,485.4838,489.632,478.5922,478.5922
Brazil,Drained organic soils (CO2),Emissions (CO2eq) (AR5),kilotonnes,394.3458,395.2482,397.3661,399.2842,467.9481,467.9481,467.9481,467.9481,467.9481,467.9481,467.9481,467.9481,467.9481,467.9481,467.9481,467.9481,470.3686,485.4838,489.632,478.5922,478.5922
Brazil,Drained organic soils (N2O),Emissions (N2O),kilotonnes,0.0872,0.0874,0.0878,0.0883,0.102,0.102,0.102,0.102,0.102,0.102,0.102,0.102,0.102,0.102,0.102,0.102,0.1025,0.1059,0.1068,0.1042,0.1042
Brazil,Drained organic soils (N2O),Emissions (CO2eq) from N2O (AR5),kilotonnes,23.1104,23.1637,23.2798,23.3933,27.0218,27.0218,27.0218,27.0218,27.0218,27.0218,27.0218,27.0218,27.0218,27.0218,27.0218,27.0218,27.162,28.056,28.2922,27.6129,27.6129
Brazil,Drained organic soils (N2O),Emissions (CO2eq) (AR5),kilotonnes,23.1104,23.1637,23.2798,23.3933,27.0218,27.0218,27.0218,27.0218,27.0218,27.0218,27.0218,27.0218,27.0218,27.0218,27.0218,27.0218,27.162,28.056,28.2922,27.6129,27.6129
Brazil,On-farm energy use,Emissions (CH4),kilotonnes,6.9641,6.3908,6.3209,6.3373,6.0015,5.2159,5.1532,5.412,5.659,4.9984,5.9851,6.4877,6.3944,6.3521,6.4352,6.227,5.4456,6.0484,5.9108,5.8059,5.8059
Brazil,On-farm energy use,Emissions (N2O),kilotonnes,5.6557,6.1783,6.076,6.1435,6.0691,6.0249,6.1039,6.4831,7.2234,7.0055,7.336,7.2016,7.4868,7.4829,7.8534,8.0296,6.6574,8.4597,8.4553,8.5757,8.5757
Brazil,On-farm energy use,Emissions (CO2),kilotonnes,17630.2678,18910.9903,18535.6269,18684.0155,18393.7368,18044.1172,18178.7522,19243.0423,21217.6199,20442.4389,21634.107,21321.9404,22041.9692,21980.6717,22853.1064,23131.6695,19450.9013,24234.2335,24064.7317,24307.0567,24307.0567
Brazil,On-farm energy use,Emissions (CO2eq) from CH4 (AR5),kilotonnes,194.9936,178.9419,176.984,177.4435,168.0429,146.0464,144.2883,151.5358,158.452,139.9551,167.5838,181.6544,179.0439,177.8599,180.1863,174.3555,152.4772,169.3562,165.5024,162.5656,162.5656
Brazil,On-farm energy use,Emissions (CO2eq) from N2O (AR5),kilotonnes,1498.7547,1637.2404,1610.1369,1628.0284,1608.321,1596.6105,1617.535,1718.009,1914.1945,1856.4448,1944.0393,1908.4363,1984.002,1982.9783,2081.1391,2127.85,1764.224,2241.8217,2240.6674,2272.573,2272.573
Brazil,On-farm energy use,Emissions (CO2eq) (AR5),kilotonnes,19324.0161,20727.1726,20322.7477,20489.4874,20170.1007,19786.7741,19940.5755,21112.5871,23290.2664,22438.8387,23745.7302,23412.0311,24205.0151,24141.51,25114.4318,25433.8751,21367.6026,26645.4115,26470.9014,26742.1954,26742.1954
Brazil,Forestland,Emissions (CO2),kilotonnes,-346950.8412,-504292.9573,-504292.9573,-504292.9573,-504292.9573,-504292.9573,-504292.9573,-504292.9573,-504292.9573,-504292.9573,-504292.9573,-519221.8123,-519221.8123,-519221.8123,-519221.8123,-519221.8123,-269412.8448,-269412.8448,-269412.8448,-269412.8448,-269412.8448
Brazil,Forestland,Emissions (CO2),kilotonnes,-393934,,,,,,,,,,-747259,,-774724,,,-774724,,,,,
Brazil,Forestland,Emissions (CO2eq) (AR5),kilotonnes,-346950.8412,-504292.9573,-504292.9573,-504292.9573,-504292.9573,-504292.9573,-504292.9573,-504292.9573,-504292.9573,-504292.9573,-504292.9573,-519221.8123,-519221.8123,-519221.8123,-519221.8123,-519221.8123,-269412.8448,-269412.8448,-269412.8448,-269412.8448,-269412.8448
Brazil,Forestland,Emissions (CO2eq) (AR5),kilotonnes,-393934,,,,,,,,,,-747259,,-774724,,,-774724,,,,,
Brazil,Net Forest conversion,Emissions (CO2),kilotonnes,1385208.677,1605106.096,1605106.096,1605106.096,1605106.096,1605106.096,1605106.096,1605106.096,1605106.096,1605106.096,1605106.096,780902.6977,780902.6977,780902.6977,780902.6977,780902.6977,653402.772,653402.772,653402.772,653402.772,653402.772
Brazil,Net Forest conversion,Emissions (CO2),kilotonnes,979523.8494,908964.5754,1334458.299,1375224.078,1380142.199,1163879.135,576136.7311,609101.4782,669215.0581,373066.4567,362507.0869,285507.7946,236684.1544,301847.8509,273591.6006,287665.2464,,,,,
Brazil,Net Forest conversion,Emissions (CO2eq) (AR5),kilotonnes,1385208.677,1605106.096,1605106.096,1605106.096,1605106.096,1605106.096,1605106.096,1605106.096,1605106.096,1605106.096,1605106.096,780902.6977,780902.6977,780902.6977,780902.6977,780902.6977,653402.772,653402.772,653402.772,653402.772,653402.772
Brazil,Net Forest conversion,Emissions (CO2eq) (AR5),kilotonnes,979523.8494,908964.5754,1334458.299,1375224.078,1380142.199,1163879.135,576136.7311,609101.4782,669215.0581,373066.4567,362507.0869,285507.7946,236684.1544,301847.8509,273591.6006,287665.2464,,,,,
Brazil,Savanna fires,Emissions (CH4),kilotonnes,80.1979,189.2517,283.3205,185.0228,238.719,265.5458,136.4229,450.2927,182.3321,101.0532,448.0158,169.0986,311.5364,117.9466,197.3804,245.3052,187.7066,244.3264,98.0962,230.1073,237.396
Brazil,Savanna fires,Emissions (N2O),kilotonnes,7.3224,17.2795,25.8684,16.8934,21.7961,24.2455,12.456,41.1137,16.6477,9.2266,40.9058,15.4394,28.4446,10.769,18.0217,22.3974,17.1384,22.3081,8.9566,21.0098,21.6753
Brazil,Savanna fires,Emissions (CO2eq) from CH4 (AR5),kilotonnes,2245.5414,5299.0488,7932.9727,5180.6387,6684.1319,7435.2812,3819.8402,12608.1957,5105.2979,2829.4896,12544.4425,4734.7595,8723.0182,3302.5034,5526.6504,6868.5446,5255.7843,6841.1389,2746.6939,6443.0055,6647.087
Brazil,Savanna fires,Emissions (CO2eq) from N2O (AR5),kilotonnes,1940.4408,4579.0693,6855.1231,4476.7476,5775.9618,6425.0528,3300.8402,10895.1257,4411.6433,2445.0481,10840.0346,4091.4497,7537.8255,2853.7937,4775.7468,5935.3184,4541.6832,5911.6364,2373.5018,5567.5971,5743.9501
Brazil,Savanna fires,Emissions (CO2eq) (AR5),kilotonnes,4185.9822,9878.1181,14788.0958,9657.3862,12460.0937,13860.334,7120.6804,23503.3214,9516.9412,5274.5376,23384.4771,8826.2092,16260.8438,6156.2971,10302.3972,12803.863,9797.4675,12752.7753,5120.1957,12010.6026,12391.0371
Brazil,Fires in organic soils,Emissions (CH4),kilotonnes,0,0,0,0,0,0,0,0,0,0,0,0,0,0,0,0,0,0,0,0,0
Brazil,Fires in organic soils,Emissions (CO2),kilotonnes,0,0,0,0,0,0,0,0,0,0,0,0,0,0,0,0,0,0,0,0,0
Brazil,Fires in organic soils,Emissions (CO2eq) from CH4 (AR5),kilotonnes,0,0,0,0,0,0,0,0,0,0,0,0,0,0,0,0,0,0,0,0,0
Brazil,Fires in organic soils,Emissions (CO2eq) (AR5),kilotonnes,0,0,0,0,0,0,0,0,0,0,0,0,0,0,0,0,0,0,0,0,0
Brazil,Forest fires,Emissions (CH4),kilotonnes,87.0089,107.1117,271.136,243.0222,276.6042,349.7135,159.8305,414.6058,128.632,54.5258,415.0607,90.6769,184.3394,53.6599,119.7436,234.7094,195.6842,298.9716,88.7315,250.7446,392.0234
Brazil,Forest fires,Emissions (N2O),kilotonnes,2.5842,9.7798,24.7559,22.189,25.2552,31.9304,14.5932,37.8553,11.7447,4.9784,37.8968,8.2792,16.831,4.8994,10.9331,21.43,17.8668,27.2974,8.1016,22.8941,35.7934
Brazil,Forest fires,Emissions (CO2eq) from CH4 (AR5),kilotonnes,2436.2493,2999.1267,7591.8089,6804.6207,7744.9168,9791.9775,4475.2527,11608.9615,3601.6961,1526.7229,11621.6999,2538.9519,5161.5039,1502.4777,3352.821,6571.864,5479.1574,8371.2051,2484.4813,7020.8494,10976.6554
Brazil,Forest fires,Emissions (CO2eq) from N2O (AR5),kilotonnes,684.8043,2591.6367,6560.3131,5880.0798,6692.6183,8461.5458,3867.202,10031.6569,3112.3353,1319.2877,10042.6646,2193.9856,4460.2126,1298.3367,2897.2746,5678.9477,4734.7067,7233.8131,2146.9159,6066.9297,9485.262
Brazil,Forest fires,Emissions (CO2eq) (AR5),kilotonnes,3121.0536,5590.7634,14152.1221,12684.7005,14437.5351,18253.5232,8342.4547,21640.6184,6714.0314,2846.0107,21664.3645,4732.9376,9621.7165,2800.8144,6250.0956,12250.8116,10213.8641,15605.0183,4631.3973,13087.7791,20461.9174
Brazil,Fires in humid tropical forests,Emissions (CH4),kilotonnes,84.9877,105.2105,266.3732,240.0296,274.9058,344.3464,158.2914,393.789,119.9737,52.5174,402.2609,84.2989,180.0632,53.1614,117.5951,231.095,193.4176,295.9995,87.0505,246.8765,389.5548
Brazil,Fires in humid tropical forests,Emissions (N2O),kilotonnes,2.4996,9.6062,24.321,21.9157,25.1001,31.4403,14.4527,35.9547,10.9541,4.7951,36.7282,7.6969,16.4406,4.8539,10.7369,21.1,17.6599,27.026,7.9481,22.5409,35.568
Brazil,Fires in humid tropical forests,Emissions (CO2eq) from CH4 (AR5),kilotonnes,2379.6543,2945.8943,7458.4507,6720.8291,7697.363,9641.698,4432.1578,11026.0933,3359.2635,1470.486,11263.304,2360.3686,5041.7703,1488.5195,3292.6629,6470.6609,5415.6917,8287.9873,2437.4136,6912.5422,10907.534
Brazil,Fires in humid tropical forests,Emissions (CO2eq) from N2O (AR5),kilotonnes,662.4038,2545.6369,6445.0742,5807.673,6651.5256,8331.6847,3829.9625,9527.9828,2902.8418,1270.6917,9732.9638,2039.6663,4356.7472,1286.275,2845.2902,5591.495,4679.864,7161.902,2106.2433,5973.3381,9425.5321
Brazil,Fires in humid tropical forests,Emissions (CO2eq) (AR5),kilotonnes,3042.0581,5491.5312,13903.5249,12528.502,14348.8886,17973.3827,8262.1203,20554.076,6262.1054,2741.1776,20996.2678,4400.0349,9398.5175,2774.7944,6137.9531,12062.156,10095.5556,15449.8893,4543.6569,12885.8803,20333.0662
Brazil,Waste - agri-food systems,Emissions (CH4),kilotonnes,2555.1673,2573.6018,2372.4064,2389.128,2392.0438,2438.5229,2499.6967,2527.9476,2909.1448,2925.8667,3022.1867,3171.2493,3126.2439,2986.8501,2940.4848,2896.9533,2851.4679,2822.2786,2791.8339,2756.1833,2714.3269
Brazil,Waste - agri-food systems,Emissions (N2O),kilotonnes,5.256,5.374,5.5315,5.8212,5.8076,5.8476,6.0292,6.1984,6.46,6.5074,6.7965,7.0562,7.0872,7.2991,6.9193,6.771,6.8168,7.1114,7.4043,7.6535,7.9007
Brazil,Waste - agri-food systems,Emissions (CO2),kilotonnes,20.7993,20.679,20.6072,20.6766,20.8153,21.0346,21.2004,21.3779,21.526,21.5129,21.7281,21.8574,21.812,21.8144,21.8092,21.5725,21.5698,21.676,21.6197,21.6021,21.4056
Brazil,Waste - agri-food systems,Emissions (CO2eq) from CH4 (AR5),kilotonnes,71544.683,72060.8491,66427.3806,66895.5842,66977.2274,68278.6422,69991.5069,70782.5316,81456.0534,81924.2674,84621.2285,88794.9799,87534.8284,83631.8034,82333.5749,81114.6937,79841.1026,79023.8002,78171.3485,77173.1331,76001.154
Brazil,Waste - agri-food systems,Emissions (CO2eq) from N2O (AR5),kilotonnes,1392.8457,1424.1108,1465.8535,1542.6117,1539.0076,1549.6149,1597.7477,1642.5653,1711.9103,1724.4546,1801.063,1869.8887,1878.1038,1934.249,1833.6177,1794.3084,1806.4464,1884.5175,1962.1524,2028.1837,2093.6902
Brazil,Waste - agri-food systems,Emissions (CO2eq) (AR5),kilotonnes,72958.3281,73505.639,67913.8413,68458.8725,68537.0503,69849.2917,71610.455,72446.4748,83189.4897,83670.2349,86444.0196,90686.726,89434.7443,85587.8668,84189.0017,82930.5747,81669.1187,80929.9937,80155.1206,79222.919,78116.2497
Brazil,Fertilizers Manufacturing,Emissions (N2O),kilotonnes,1.7582,1.7654,1.8638,1.6282,1.5598,1.9068,1.8326,1.7318,1.6861,1.7913,1.6817,1.7747,1.8679,1.5587,1.7899,1.81,1.8773,1.4841,1.7079,1.245,1.2623
Brazil,Fertilizers Manufacturing,Emissions (CO2),kilotonnes,6294.4197,6254.5943,5319.4316,5647.0244,5893.8215,5910.2897,6341.2698,5845.7576,5749.2546,5481.8274,5760.0853,6531.7745,6090.1558,5856.0093,5262.8827,5614.4986,5613.2661,4499.6121,4394.871,2550.1442,2344.303
Brazil,Fertilizers Manufacturing,Emissions (CO2eq) from N2O (AR5),kilotonnes,465.923,467.831,493.907,431.473,413.347,505.302,485.639,458.927,446.8165,474.6945,445.6505,470.2955,494.9935,413.0555,474.3235,479.65,497.4845,393.2865,452.5935,329.925,334.5073
Brazil,Fertilizers Manufacturing,Emissions (CO2eq) (AR5),kilotonnes,6760.3427,6722.4253,5813.3386,6078.4974,6307.1685,6415.5917,6826.9088,6304.6846,6196.0711,5956.5219,6205.7358,7002.07,6585.1493,6269.0648,5737.2062,6094.1486,6110.7506,4892.8986,4847.4645,2880.0692,2678.8103
Brazil,On-farm electricity use,Emissions (CH4),kilotonnes,15.4265,14.8733,15.5057,17.1388,17.8732,18.8212,19.6995,21.0423,22.0754,21.2199,21.2343,25.7509,27.9204,28.542,31.8958,32.1466,33.8889,34.4817,36.4952,37.4151,37.4151
Brazil,On-farm electricity use,Emissions (N2O),kilotonnes,0.0824,0.0794,0.0828,0.0915,0.0954,0.1005,0.1052,0.1124,0.1179,0.1133,0.1134,0.1375,0.1491,0.1525,0.1703,0.1717,0.1811,0.1842,0.195,0.1999,0.1999
Brazil,On-farm electricity use,Emissions (CO2),kilotonnes,1133.8889,1305.051,1105.7019,1120.1957,1271.9496,1321.8471,1336.9102,1274.9566,1659.9797,1137.7656,1530.0351,1456.9366,2284.3103,1925.0814,2151.2902,2168.2052,2285.7205,2325.7016,2461.5078,2523.5514,2523.5514
Brazil,On-farm electricity use,Emissions (CO2eq) from CH4 (AR5),kilotonnes,431.942,416.4524,434.1596,479.8864,500.4496,526.9936,551.586,589.1844,618.1112,594.1572,594.5604,721.0252,781.7712,799.176,893.0824,900.1048,948.8892,965.4876,1021.8656,1047.6228,1047.6228
Brazil,On-farm electricity use,Emissions (CO2eq) from N2O (AR5),kilotonnes,21.836,21.041,21.942,24.2475,25.281,26.6325,27.878,29.786,31.2435,30.0245,30.051,36.4375,39.5115,40.4125,45.1295,45.5005,47.9915,48.813,51.675,52.9735,52.9735
Brazil,On-farm electricity use,Emissions (CO2eq) (AR5),kilotonnes,1587.6669,1742.5444,1561.8035,1624.3296,1797.6802,1875.4732,1916.3742,1893.927,2309.3344,1761.9473,2154.6465,2214.3993,3105.593,2764.6699,3089.5021,3113.8105,3282.6012,3340.0022,3535.0484,3624.1477,3624.1477
Brazil,Food Processing,Emissions (CH4),kilotonnes,0,0,0,0,0,0,0,0,0,0,0,0,0,0,0,0,32.424,33.1039,31.2078,31.5631,31.7556
Brazil,Food Processing,Emissions (N2O),kilotonnes,0,0,0,0,0,0,0,0,0,0,0,0,0,0,0,0,0.1923,0.1952,0.1846,0.1857,0.1883
Brazil,Food Processing,Emissions (CO2),kilotonnes,0,0,0,0,0,0,0,0,0,0,0,0,0,0,0,0,6574.6222,6542.1502,6442.644,6450.966,5930.2602
Brazil,Food Processing,Emissions (CO2eq) from CH4 (AR5),kilotonnes,0,0,0,0,0,0,0,0,0,0,0,0,0,0,0,0,907.872,926.9092,873.8184,883.7668,889.1556
Brazil,Food Processing,Emissions (CO2eq) from N2O (AR5),kilotonnes,0,0,0,0,0,0,0,0,0,0,0,0,0,0,0,0,50.9595,51.728,48.919,49.2105,49.894
Brazil,Food Processing,Emissions (CO2eq) (AR5),kilotonnes,0,0,0,0,0,0,0,0,0,0,0,0,0,0,0,0,7533.4537,7520.7874,7365.3814,7383.9433,6869.3098
Brazil,Food Packaging,Emissions (CH4),kilotonnes,9.3922,8.9524,9.4157,10.2796,11.147,11.8594,11.561,11.6245,12.2753,10.8824,11.3522,11.684,11.8735,11.7608,12.1613,12.2532,13.1755,13.0581,12.6276,13.4357,13.5176
Brazil,Food Packaging,Emissions (N2O),kilotonnes,0.0633,0.0658,0.0677,0.0709,0.0745,0.075,0.0783,0.0826,0.087,0.0854,0.0931,0.0935,0.0979,0.0991,0.1016,0.1013,0.1037,0.1033,0.0961,0.1077,0.1092
Brazil,Food Packaging,Emissions (CO2),kilotonnes,3248.6399,3333.2876,3302.8166,3222.3155,3397.3763,3473.2652,3475.8183,3596.9382,3792.6133,3628.7115,4107.2182,4305.8161,4601.3908,4843.7001,5104.1396,4942.3131,4889.7311,5038.4558,4416.212,5120.7761,4707.4399
Brazil,Food Packaging,Emissions (CO2eq) from CH4 (AR5),kilotonnes,262.9816,250.6672,263.6396,287.8288,312.116,332.0632,323.708,325.486,343.7084,304.7072,317.8616,327.152,332.458,329.3024,340.5164,343.0896,368.914,365.6268,353.5728,376.1996,378.4935
Brazil,Food Packaging,Emissions (CO2eq) from N2O (AR5),kilotonnes,16.7745,17.437,17.9405,18.7885,19.7425,19.875,20.7495,21.889,23.055,22.631,24.6715,24.7775,25.9435,26.2615,26.924,26.8445,27.4805,27.3745,25.4665,28.5405,28.9369
Brazil,Food Packaging,Emissions (CO2eq) (AR5),kilotonnes,3528.396,3601.3918,3584.3967,3528.9328,3729.2348,3825.2034,3820.2758,3944.3132,4159.3767,3956.0497,4449.7513,4657.7456,4959.7923,5199.264,5471.58,5312.2472,5286.1256,5431.4571,4795.2513,5525.5162,5114.8703
Brazil,Food Retail,Emissions (CH4),kilotonnes,17.4891,16.3705,16.7472,17.8019,18.2789,19.658,20.1249,21.0328,22.1259,23.0788,24.3259,25.5867,27.2966,28.6649,31.0278,30.7529,30.1512,30.4383,31.0037,32.2885,32.4854
Brazil,Food Retail,Emissions (N2O),kilotonnes,0.0934,0.0874,0.0894,0.095,0.0976,0.105,0.1075,0.1124,0.1182,0.1232,0.1299,0.1366,0.1458,0.1531,0.1658,0.1643,0.1611,0.1626,0.1656,0.1725,0.1749
Brazil,Food Retail,Emissions (CO2),kilotonnes,1285.4945,1436.4258,1194.2334,1163.5338,1300.818,1380.6177,1365.7779,1274.38,1663.7802,1237.4346,1752.7989,1447.6444,2233.2726,1933.3779,2092.7486,2074.2036,2033.6227,2052.9828,2091.1186,2268.0862,2085.012
Brazil,Food Retail,Emissions (CO2eq) from F-gases (AR5),kilotonnes,327.8045,585.4765,876.916,1303.4255,1759.5465,2003.192,2332.555,2661.3985,2695.6855,2713.868,2723.7385,2729.453,2733.609,2736.726,2736.726,2736.726,3016.7365,3088.947,3161.1575,3233.368,3264.4581
Brazil,Food Retail,Emissions (CO2eq) from CH4 (AR5),kilotonnes,489.6948,458.374,468.9216,498.4532,511.8092,550.424,563.4972,588.9184,619.5252,646.2064,681.1252,716.4276,764.3048,802.6172,868.7784,861.0812,844.2336,852.2724,868.1036,904.078,909.5907
Brazil,Food Retail,Emissions (CO2eq) from N2O (AR5),kilotonnes,24.751,23.161,23.691,25.175,25.864,27.825,28.4875,29.786,31.323,32.648,34.4235,36.199,38.637,40.5715,43.937,43.5395,42.6915,43.089,43.884,45.7125,46.3474
Brazil,Food Retail,Emissions (CO2eq) (AR5),kilotonnes,2127.7448,2503.4373,2563.762,2990.5875,3598.0377,3962.0587,4290.3176,4554.4829,5010.3139,4630.157,5192.0861,4929.724,5769.8234,5513.2926,5742.19,5715.5503,5937.2843,6037.2912,6164.2637,6451.2447,6305.4081
Brazil,Food Household Consumption,Emissions (CH4),kilotonnes,50.4987,44.6411,44.0126,45.9873,47.4507,50.1914,51.7518,54.7932,57.6123,60.6317,65.311,67.4148,70.801,75.1372,79.5503,78.7896,79.9126,80.8391,82.8423,85.6769,86.1993
Brazil,Food Household Consumption,Emissions (N2O),kilotonnes,0.2799,0.2488,0.2452,0.2546,0.2626,0.2772,0.2856,0.3021,0.3174,0.3335,0.3588,0.3702,0.3883,0.4119,0.4354,0.4314,0.4375,0.4425,0.4531,0.4682,0.4747
Brazil,Food Household Consumption,Emissions (CO2),kilotonnes,12113.5191,12383.8425,11339.6655,10673.5503,11203.5275,11219.7621,11222.4213,11283.4574,12488.5058,11523.0841,13219.8094,12457.2695,14472.5176,13955.6561,14255.7188,14214.4709,14385.5217,14518.1534,14587.229,14739.678,13549.9282
Brazil,Food Household Consumption,Emissions (CO2eq) from CH4 (AR5),kilotonnes,1413.9636,1249.9508,1232.3528,1287.6444,1328.6196,1405.3592,1449.0504,1534.2096,1613.1444,1697.6876,1828.708,1887.6144,1982.428,2103.8416,2227.4084,2206.1088,2237.5528,2263.4948,2319.5844,2398.9532,2413.581
Brazil,Food Household Consumption,Emissions (CO2eq) from N2O (AR5),kilotonnes,74.1735,65.932,64.978,67.469,69.589,73.458,75.684,80.0565,84.111,88.3775,95.082,98.103,102.8995,109.1535,115.381,114.321,115.9375,117.2625,120.0715,124.073,125.7962
Brazil,Food Household Consumption,Emissions (CO2eq) (AR5),kilotonnes,13601.6562,13699.7253,12636.9963,12028.6637,12601.7361,12698.5793,12747.1557,12897.7235,14185.7612,13309.1492,15143.5994,14442.9869,16557.8451,16168.6512,16598.5082,16534.9007,16739.012,16898.9107,17026.8849,17262.7042,16089.3054
Brazil,Food Transport,Emissions (CH4),kilotonnes,2.1532,2.1237,2.1788,2.3556,2.4691,2.5358,2.6995,2.7824,2.7859,2.6632,2.9574,3.2995,3.6737,3.6844,3.787,3.4894,3.5941,3.7302,3.5184,3.8593,3.8828
Brazil,Food Transport,Emissions (N2O),kilotonnes,0.3863,0.3948,0.3941,0.4171,0.4366,0.4376,0.4537,0.4666,0.4822,0.4787,0.5814,0.6518,0.7147,0.7219,0.7386,0.6853,0.6939,0.7243,0.6785,0.7389,0.7492
Brazil,Food Transport,Emissions (CO2),kilotonnes,12768.55,13037.95,13257.85,13272.8,14194.85,14205.75,14626.65,15138.6,15628.95,15391.3,17298.9,18982.85,20751.95,21516,21993,20428.05,20583.15,21193.5,19827.4,22107.9154,20323.42
Brazil,Food Transport,Emissions (CO2eq) from CH4 (AR5),kilotonnes,60.2896,59.4636,61.0064,65.9568,69.1348,71.0024,75.586,77.9072,78.0052,74.5696,82.8072,92.386,102.8636,103.1632,106.036,97.7032,100.6348,104.4456,98.5152,108.0604,108.7193
Brazil,Food Transport,Emissions (CO2eq) from N2O (AR5),kilotonnes,102.3695,104.622,104.4365,110.5315,115.699,115.964,120.2305,123.649,127.783,126.8555,154.071,172.727,189.3955,191.3035,195.729,181.6045,183.8835,191.9395,179.8025,195.8085,198.5281
Brazil,Food Transport,Emissions (CO2eq) (AR5),kilotonnes,12931.2091,13202.0356,13423.2929,13449.2883,14379.6838,14392.7164,14822.4665,15340.1562,15834.7382,15592.7251,17535.7782,19247.963,21044.2091,21810.4667,22294.765,20707.3577,20867.6683,21489.8851,20105.7177,22411.7843,20630.6674
Brazil,Energy,Emissions (CH4),kilotonnes,1270,1210,1270,1390,1500,1610,1560,1560,1660,1440,1500,1550,1570,1560,1620,1630,1590,1660,1680,1640,1650
Brazil,Energy,Emissions (N2O),kilotonnes,17.4,18.3,18.8,19.8,20.7,20.9,21.9,23.1,24.5,23.7,25.9,25.9,27.1,27.5,28.2,27.9,26.7,26.5,25.4,28.8,29.2
Brazil,Energy,Emissions (CO2),kilotonnes,311000,320000,315000,307000,323000,331000,330000,343000,365000,344000,394000,412000,439000,472000,502000,476000,462000,467000,448000,446000,410000
Brazil,Energy,Emissions (CO2eq) from CH4 (AR5),kilotonnes,35560,33880,35560,38920,42000,45080,43680,43680,46480,40320,42000,43400,43960,43680,45360,45640,44520,46480,47040,45920,46200
Brazil,Energy,Emissions (CO2eq) from N2O (AR5),kilotonnes,4611,4849.5,4982,5247,5485.5,5538.5,5803.5,6121.5,6492.5,6280.5,6863.5,6863.5,7181.5,7287.5,7473,7393.5,7075.5,7022.5,6731,7632,7738
Brazil,Energy,Emissions (CO2eq) (AR5),kilotonnes,351171,358729.5,355542,351167,370485.5,381618.5,379483.5,392801.5,417972.5,390600.5,442863.5,462263.5,490141.5,522967.5,554833,529033.5,513595.5,520502.5,501771,499552,463938
Brazil,IPPU,Emissions (CH4),kilotonnes,4.72,4.49,4.7,4.94,5.43,5.35,5.49,5.75,5.11,4.17,5.26,5.24,5.39,5.28,5.06,5.09,5,5.18,5.27,5.06,5.04
Brazil,IPPU,Emissions (N2O),kilotonnes,26.4,23.1,9.9,8.93,10,9.66,10.1,10.1,9.49,7.97,7.52,7.66,6.66,6.69,6.56,6.68,6.61,7.09,7.1,5.78,5.5
Brazil,IPPU,Emissions (CO2),kilotonnes,35800,33000,33900,33200,34800,35700,37000,39700,40700,38900,44600,44700,46900,48500,47400,45400,42800,40700,40900,41000,43100
Brazil,IPPU,Emissions (CO2eq) from F-gases (AR5),kilotonnes,4936.5133,4586.6816,5441.8257,6724.5417,7463.0752,8415.3947,9163.6457,9717.5458,10106.2477,9911.8967,10300.5986,8969.2948,9552.3475,9241.3861,8376.5245,8094.7157,8765.2263,9814.7213,9911.8967,10106.2477,10203.4231
Brazil,IPPU,Emissions (CO2eq) from CH4 (AR5),kilotonnes,132.16,125.72,131.6,138.32,152.04,149.8,153.72,161,143.08,116.76,147.28,146.72,150.92,147.84,141.68,142.52,140,145.04,147.56,141.68,141.12
Brazil,IPPU,Emissions (CO2eq) from N2O (AR5),kilotonnes,6996,6121.5,2623.5,2366.45,2650,2559.9,2676.5,2676.5,2514.85,2112.05,1992.8,2029.9,1764.9,1772.85,1738.4,1770.2,1751.65,1878.85,1881.5,1531.7,1457.5
Brazil,IPPU,Emissions (CO2eq) (AR5),kilotonnes,47864.6733,43833.9016,42096.9257,42429.3117,45065.1152,46825.0947,48993.8657,52255.0458,53464.1777,51040.7067,57040.6786,55845.9148,58368.1675,59662.0761,57656.6045,55407.4357,53456.8763,52538.6113,52840.9567,52779.6277,54902.0431
Brazil,Waste,Emissions (CH4),kilotonnes,4080,4170,4300,4490,4620,4440,4620,4620,4570,4650,4820,4780,4840,5030,5100,5250,5350,5420,5600,5520,5600
Brazil,Waste,Emissions (N2O),kilotonnes,8.96,9.09,9.21,9.53,9.79,9.99,10.1,10.3,10.6,10.9,11.3,11.6,11.9,12.2,12.1,12.1,12,12.1,12.2,12.8,13
Brazil,Waste,Emissions (CO2),kilotonnes,225,229,233,237,241,244,248,251,255,258,262,265,269,272,275,279,282,285,288,292,296
Brazil,Waste,Emissions (CO2eq) from CH4 (AR5),kilotonnes,114240,116760,120400,125720,129360,124320,129360,129360,127960,130200,134960,133840,135520,140840,142800,147000,149800,151760,156800,154560,156800
Brazil,Waste,Emissions (CO2eq) from N2O (AR5),kilotonnes,2374.4,2408.85,2440.65,2525.45,2594.35,2647.35,2676.5,2729.5,2809,2888.5,2994.5,3074,3153.5,3233,3206.5,3206.5,3180,3206.5,3233,3392,3445
Brazil,Waste,Emissions (CO2eq) (AR5),kilotonnes,116839.4,119397.85,123073.65,128482.45,132195.35,127211.35,132284.5,132340.5,131024,133346.5,138216.5,137179,138942.5,144345,146281.5,150485.5,153262,155251.5,160321,158244,160541
Brazil,Other,Emissions (N2O),kilotonnes,12.9,13.3,13.8,14,15.1,15.1,15.8,16.9,17.8,16.9,18.6,18.7,19.6,20.3,21,20.3,19.6,19.9,18.8,21.3,21.7
Brazil,Other,Emissions (CO2eq) from N2O (AR5),kilotonnes,3418.5,3524.5,3657,3710,4001.5,4001.5,4187,4478.5,4717,4478.5,4929,4955.5,5194,5379.5,5565,5379.5,5194,5273.5,4982,5644.5,5750.5
Brazil,Other,Emissions (CO2eq) (AR5),kilotonnes,3418.5,3524.5,3657,3710,4001.5,4001.5,4187,4478.5,4717,4478.5,4929,4955.5,5194,5379.5,5565,5379.5,5194,5273.5,4982,5644.5,5750.5
Brazil,Farm-gate emissions,Emissions (CH4),kilotonnes,10750.7345,11206.2468,11818.1197,12318.9889,12936.7164,13142.3956,12889.4818,12851.3986,12742.0068,12844.9219,13438.4898,13363.8678,13376.9449,13215.8174,13339.8336,13521.7009,13595.6147,13445.0364,13221.4567,13425.752,13623.3507
Brazil,Farm-gate emissions,Direct emissions (N2O),kilotonnes,282.2915,292.5834,309.3554,331.5962,348.5866,345.7825,347.0455,353.9001,355.6266,352.4451,370.9239,388.4068,380.0596,394.3098,404.7462,395.0919,398.4083,416.099,414.6981,423.3313,445.6172
Brazil,Farm-gate emissions,Indirect emissions (N2O),kilotonnes,69.6035,71.8932,76.1129,81.5411,85.9273,84.7969,85.4427,88.3298,88.3958,87.1784,92.4491,97.5649,94.9601,99.0734,102.282,98.3981,99.165,104.4374,104.2363,106.7059,113.3303
Brazil,Farm-gate emissions,Emissions (N2O),kilotonnes,378.3485,401.8631,431.22,450.3244,476.89,475.7167,466.3218,505.6601,484.2637,472.6651,528.6938,525.9351,528.132,528.3717,550.149,541.5491,538.9844,569.3388,554.2785,577.4549,607.2929
Brazil,Farm-gate emissions,Emissions (CO2),kilotonnes,18024.6135,19306.2385,18932.993,19083.2996,18861.6849,18512.0653,18646.7003,19710.9904,21685.568,20910.3869,22102.0551,21789.8884,22509.9173,22448.6198,23321.0545,23599.6176,19921.2699,24719.7173,24554.3636,24785.6489,24785.6489
Brazil,Farm-gate emissions,Emissions (CO2eq) from CH4 (AR5),kilotonnes,301020.5649,313774.9111,330907.352,344931.6884,362228.0601,367987.0778,360905.4908,359839.1597,356776.1898,359657.8129,376277.7149,374188.2995,374554.4578,370042.8872,373515.3414,378607.6259,380677.2126,376461.018,370200.7873,375921.0572,381453.8184
Brazil,Farm-gate emissions,Emissions (CO2eq) from N2O (AR5),kilotonnes,100262.3509,106493.7234,114273.2928,119335.9728,126375.8466,126064.9201,123575.2825,133999.9231,128329.874,125256.2394,140103.8465,139372.7966,139954.9863,140018.4988,145789.497,143510.5161,142830.8624,150874.7952,146883.8145,153025.5412,160932.6229
Brazil,Farm-gate emissions,Emissions (CO2eq) (AR5),kilotonnes,419307.5293,439574.873,464113.6377,483350.9609,507465.5916,512564.0632,503127.4735,513550.0731,506791.6318,505824.4392,538483.6165,535350.9845,537019.3614,532510.0059,542625.8929,545717.7595,543429.3449,552055.5305,541638.9654,553732.2473,567172.0902
Brazil,Land Use change,Emissions (CH4),kilotonnes,84.9877,105.2105,266.3732,240.0296,274.9058,344.3464,158.2914,393.789,119.9737,52.5174,402.2609,84.2989,180.0632,53.1614,117.5951,231.095,193.4176,295.9995,87.0505,246.8765,389.5548
Brazil,Land Use change,Emissions (N2O),kilotonnes,2.4996,9.6062,24.321,21.9157,25.1001,31.4403,14.4527,35.9547,10.9541,4.7951,36.7282,7.6969,16.4406,4.8539,10.7369,21.1,17.6599,27.026,7.9481,22.5409,35.568
Brazil,Land Use change,Emissions (CO2),kilotonnes,1385208.677,1605106.096,1605106.096,1605106.096,1605106.096,1605106.096,1605106.096,1605106.096,1605106.096,1605106.096,1605106.096,780902.6977,780902.6977,780902.6977,780902.6977,780902.6977,653402.772,653402.772,653402.772,653402.772,653402.772
Brazil,Land Use change,Emissions (CO2eq) from CH4 (AR5),kilotonnes,2379.6543,2945.8943,7458.4507,6720.8291,7697.363,9641.698,4432.1578,11026.0933,3359.2635,1470.486,11263.304,2360.3686,5041.7703,1488.5195,3292.6629,6470.6609,5415.6917,8287.9873,2437.4136,6912.5422,10907.534
Brazil,Land Use change,Emissions (CO2eq) from N2O (AR5),kilotonnes,662.4038,2545.6369,6445.0742,5807.673,6651.5256,8331.6847,3829.9625,9527.9828,2902.8418,1270.6917,9732.9638,2039.6663,4356.7472,1286.275,2845.2902,5591.495,4679.864,7161.902,2106.2433,5973.3381,9425.5321
Brazil,Land Use change,Emissions (CO2eq) (AR5),kilotonnes,1388250.735,1610597.627,1619009.621,1617634.598,1619454.985,1623079.479,1613368.216,1625660.172,1611368.201,1607847.274,1626102.364,785302.7326,790301.2152,783677.4921,787040.6507,792964.8536,663498.3276,668852.6613,657946.4289,666288.6523,673735.8382
Brazil,Emissions on agricultural land,Emissions (CH4),kilotonnes,10835.7221,11311.4573,12084.493,12559.0185,13211.6223,13486.742,13047.7732,13245.1876,12861.9805,12897.4392,13840.7507,13448.1667,13557.0081,13268.9788,13457.4287,13752.796,13789.0323,13741.0359,13308.5072,13672.6286,14012.9054
Brazil,Emissions on agricultural land,Emissions (N2O),kilotonnes,380.8481,411.4693,455.541,472.2402,501.9901,507.157,480.7745,541.6147,495.2178,477.4601,565.4219,533.6319,544.5726,533.2256,560.886,562.6491,556.6443,596.3649,562.2266,599.9958,642.861
Brazil,Emissions on agricultural land,Emissions (CO2),kilotonnes,1403233.29,1624412.335,1624039.089,1624189.396,1623967.781,1623618.161,1623752.796,1624817.086,1626791.664,1626016.483,1627208.151,802692.5861,803412.6149,803351.3175,804223.7522,804502.3152,673324.0419,678122.4893,677957.1356,678188.4209,678188.4209
Brazil,Emissions on agricultural land,Emissions (CO2eq) from CH4 (AR5),kilotonnes,303400.2192,316720.8054,338365.8027,351652.5175,369925.4231,377628.7758,365337.6486,370865.253,360135.4533,361128.2988,387541.0188,376548.6681,379596.2282,371531.4067,376808.0043,385078.2868,386092.9042,384749.0052,372638.2009,382833.5994,392361.3524
Brazil,Emissions on agricultural land,Emissions (CO2eq) from N2O (AR5),kilotonnes,100924.7547,109039.3604,120718.367,125143.6458,133027.3722,134396.6049,127405.245,143527.9058,131232.7158,126526.9311,149836.8103,141412.4629,144311.7335,141304.7738,148634.7872,149102.0111,147510.7264,158036.6972,148990.0577,158998.8793,170358.1551
Brazil,Emissions on agricultural land,Emissions (CO2eq) (AR5),kilotonnes,1807558.264,2050172.5,2083123.259,2100985.559,2126920.576,2135643.542,2116495.69,2139210.245,2118159.833,2113671.713,2164585.98,1320653.717,1327320.577,1316187.498,1329666.544,1338682.613,1206927.673,1220908.192,1199585.394,1220020.9,1240907.928
Brazil,Pre- and post- production,Emissions (CH4),kilotonnes,2650.127,2660.5628,2460.2664,2482.6912,2489.2627,2541.5887,2605.5334,2639.2228,3026.0196,3044.3427,3147.3675,3304.9852,3267.8091,3134.6394,3098.907,3054.385,3044.6142,3017.9299,2989.5289,2960.4219,2919.5827
Brazil,Pre- and post- production,Emissions (N2O),kilotonnes,7.9195,8.0156,8.2745,8.3785,8.3341,8.7497,8.8921,9.0063,9.2688,9.4328,9.7548,10.2205,10.4509,10.3963,10.3209,10.135,10.4637,10.4076,10.8851,10.7714,11.0591
Brazil,Pre- and post- production,Emissions (CO2),kilotonnes,36865.3114,37771.8302,35540.3062,35120.0963,37283.1582,37532.5664,38390.0479,38435.4677,41004.6096,38421.6361,43690.575,45204.1485,50455.4091,50051.6392,50881.5891,49463.3139,56387.2041,56192.2319,54242.6021,55782.7194,51485.3202
Brazil,Pre- and post- production,Emissions (CO2eq) from F-gases (AR5),kilotonnes,327.8045,585.4765,876.916,1303.4255,1759.5465,2003.192,2332.555,2661.3985,2695.6855,2713.868,2723.7385,2729.453,2733.609,2736.726,2736.726,2736.726,3016.7365,3088.947,3161.1575,3233.368,3264.4581
Brazil,Pre- and post- production,Emissions (CO2eq) from CH4 (AR5),kilotonnes,74203.5546,74495.7571,68887.4606,69515.3538,69699.3566,71164.4846,72954.9345,73898.2372,84728.5478,85241.5954,88126.2909,92539.5851,91498.654,87769.9038,86769.3965,85522.7813,85249.199,84502.0366,83706.8085,82891.8139,81748.3168
Brazil,Pre- and post- production,Emissions (CO2eq) from N2O (AR5),kilotonnes,2098.6732,2124.1348,2192.7485,2220.2962,2208.5301,2318.6714,2356.4162,2386.6588,2456.2423,2499.6856,2585.0125,2708.4282,2769.4843,2755.007,2735.0417,2685.7684,2772.8749,2758.0105,2884.5644,2854.4272,2930.6735
Brazil,Pre- and post- production,Emissions (CO2eq) (AR5),kilotonnes,113495.3438,114977.1987,107497.4313,108159.1718,110950.5914,113018.9144,116033.9536,117381.7622,130885.0852,128876.7851,137125.6169,143181.6148,147457.1565,143313.276,143122.7532,140408.5897,147426.0144,146541.226,143995.1325,144762.3286,139428.7687
Brazil,Agri-food systems,Emissions (CH4),kilotonnes,13485.8491,13972.0201,14544.7594,15041.7097,15700.885,16028.3307,15653.3065,15884.4104,15888,15941.7819,16988.1182,16753.1519,16824.8172,16403.6182,16556.3357,16807.181,16833.6465,16758.9658,16298.036,16633.0505,16932.4882
Brazil,Agri-food systems,Emissions (N2O),kilotonnes,388.7677,419.4849,463.8155,480.6186,510.3242,515.9067,489.6666,550.621,504.4866,486.8929,575.1767,543.8524,555.0235,543.6218,571.2069,572.7841,567.1079,606.7725,573.1118,610.7672,653.9201
Brazil,Agri-food systems,Emissions (CO2),kilotonnes,1440098.602,1662184.165,1659579.395,1659309.492,1661250.939,1661150.728,1662142.844,1663252.554,1667796.274,1664438.119,1670898.726,847896.7347,853868.0241,853402.9567,855105.3412,853965.6292,729711.2459,734314.7213,732199.7378,733971.1403,729673.7411
Brazil,Agri-food systems,Emissions (CO2eq) from F-gases (AR5),kilotonnes,327.8045,585.4765,876.916,1303.4255,1759.5465,2003.192,2332.555,2661.3985,2695.6855,2713.868,2723.7385,2729.453,2733.609,2736.726,2736.726,2736.726,3016.7365,3088.947,3161.1575,3233.368,3264.4581
Brazil,Agri-food systems,Emissions (CO2eq) from CH4 (AR5),kilotonnes,377603.7738,391216.5625,407253.2632,421167.8713,439624.7797,448793.2604,438292.5831,444763.4902,444864.0011,446369.8943,475667.3098,469088.2532,471094.8822,459301.3105,463577.4008,470601.0682,471342.1032,469251.0418,456345.0094,465725.4134,474109.6693
Brazil,Agri-food systems,Emissions (CO2eq) from N2O (AR5),kilotonnes,103023.4279,111163.4952,122911.1155,127363.942,135235.9023,136715.2763,129761.6612,145914.5646,133688.9581,129026.6167,152421.8228,144120.8911,147081.2178,144059.7808,151369.8288,151787.7795,150283.6013,160794.7077,151874.6222,161853.3065,173288.8286
Brazil,Agri-food systems,Emissions (CO2eq) (AR5),kilotonnes,1921053.608,2165149.699,2190620.69,2209144.731,2237871.168,2248662.456,2232529.643,2256592.007,2249044.918,2242548.498,2301711.597,1463835.332,1474777.733,1459500.774,1472789.297,1479091.203,1354353.687,1367449.418,1343580.527,1364783.228,1380336.697
Brazil,IPCC Agriculture,Emissions (CH4),kilotonnes,10743.7704,11199.856,11811.7989,12312.6516,12930.7149,13137.1797,12884.3287,12845.9866,12736.3478,12839.9235,13432.5047,13357.3802,13370.5505,13209.4653,13333.3984,13515.4739,13590.1691,13438.9879,13215.5459,13419.9461,13617.5447
Brazil,IPCC Agriculture,Emissions (CH4),kilotonnes,10382.3,10757.6,11121.3,11666.8,12195.7,12357.7,12293,11707.1,11955.4,12166.2,12415.6,12660.4,12511.7,12613.8,12692,12887.5,,,,,
Brazil,IPCC Agriculture,Direct emissions (N2O),kilotonnes,282.2915,292.5834,309.3554,331.5962,348.5866,345.7825,347.0455,353.9001,355.6266,352.4451,370.9239,388.4068,380.0596,394.3098,404.7462,395.0919,398.4083,416.099,414.6981,423.3313,445.6172
Brazil,IPCC Agriculture,Indirect emissions (N2O),kilotonnes,69.6035,71.8932,76.1129,81.5411,85.9273,84.7969,85.4427,88.3298,88.3958,87.1784,92.4491,97.5649,94.9601,99.0734,102.282,98.3981,99.165,104.4374,104.2363,106.7059,113.3303
Brazil,IPCC Agriculture,Emissions (N2O),kilotonnes,372.6928,395.6848,425.144,444.1809,470.8209,469.6917,460.2179,499.177,477.0403,465.6596,521.3578,518.7334,520.6452,520.8888,542.2957,533.5195,532.3269,560.8791,545.8232,568.8791,598.7172
Brazil,IPCC Agriculture,Emissions (N2O),kilotonnes,355.93,366.75,382.26,412.38,419.86,428.97,433.03,445.43,448.06,453.87,472.08,494.38,491.1,503.48,513.49,510.54,,,,,
Brazil,IPCC Agriculture,Emissions (CO2eq) from CH4 (AR5),kilotonnes,300825.5713,313595.9691,330730.368,344754.2449,362060.0172,367841.0313,360761.2024,359687.6239,356617.7378,359517.8578,376110.131,374006.6451,374375.414,369865.0273,373335.1551,378433.2704,380524.7354,376291.6617,370035.2849,375758.4916,381291.2528
Brazil,IPCC Agriculture,Emissions (CO2eq) from CH4 (AR5),kilotonnes,290704.4,301212.8,311396.4,326670.4,341479.6,346015.6,344204,327798.8,334751.2,340653.6,347636.8,354491.2,350327.6,353186.4,355376,360850,,,,,
Brazil,IPCC Agriculture,Emissions (CO2eq) from N2O (AR5),kilotonnes,98763.5962,104856.483,112663.1559,117707.9444,124767.5256,124468.3097,121957.7475,132281.914,126415.6795,123399.7946,138159.8072,137464.3602,137970.9842,138035.5205,143708.3578,141382.666,141066.6384,148632.9735,144643.1471,150752.9681,158660.0499
Brazil,IPCC Agriculture,Emissions (CO2eq) from N2O (AR5),kilotonnes,94321.45,97188.75,101298.9,109280.7,111262.9,113677.05,114752.95,118038.95,118735.9,120275.55,125101.2,131010.7,130141.5,133422.2,136074.85,135293.1,,,,,
Brazil,IPCC Agriculture,Emissions (CO2eq) (AR5),kilotonnes,399589.1674,418452.4522,443393.5239,462462.1893,486827.5428,492309.341,482718.9499,491969.5379,483033.4173,482917.6524,514269.9382,511471.0053,512346.3982,507900.5478,517043.513,519815.9364,521591.3738,524924.6352,514678.432,526511.4598,539951.3027
Brazil,IPCC Agriculture,Emissions (CO2eq) (AR5),kilotonnes,385025.85,398401.55,412695.3,435951.1,452742.5,459692.65,458956.95,445837.75,453487.1,460929.15,472738,485501.9,480469.1,486608.6,491450.85,496143.1,,,,,
Brazil,Agricultural Soils,Direct emissions (N2O),kilotonnes,282.2915,292.5834,309.3554,331.5962,348.5866,345.7825,347.0455,353.9001,355.6266,352.4451,370.9239,388.4068,380.0596,394.3098,404.7462,395.0919,398.4083,416.099,414.6981,423.3313,445.6172
Brazil,Agricultural Soils,Indirect emissions (N2O),kilotonnes,69.6035,71.8932,76.1129,81.5411,85.9273,84.7969,85.4427,88.3298,88.3958,87.1784,92.4491,97.5649,94.9601,99.0734,102.282,98.3981,99.165,104.4374,104.2363,106.7059,113.3303
Brazil,Agricultural Soils,Emissions (N2O),kilotonnes,351.9822,364.5641,385.5562,413.2256,434.6159,430.6814,432.5902,442.3319,444.1243,439.7255,463.475,486.0737,475.1217,493.4852,507.1301,493.592,497.6757,520.6423,519.0412,530.1414,559.0518
Brazil,Agricultural Soils,Emissions (N2O),kilotonnes,341.72,351.96,367.37,396.81,405.04,412.62,416.3,427.77,429.2,434.58,452.45,474.67,471.88,483.99,493.5,490.55,,,,,
Brazil,Agricultural Soils,Emissions (CO2eq) from N2O (AR5),kilotonnes,93275.2746,96609.4756,102172.3852,109504.7934,115173.2188,114130.5727,114636.3945,117217.9532,117692.9483,116527.2557,122820.8769,128809.5173,125907.2473,130773.5875,134389.4887,130801.8732,131884.0623,137970.2086,137545.9057,140487.4753,148148.717
Brazil,Agricultural Soils,Emissions (CO2eq) from N2O (AR5),kilotonnes,90555.8,93269.4,97353.05,105154.65,107335.6,109344.3,110319.5,113359.05,113738,115163.7,119899.25,125787.55,125048.2,128257.35,130777.5,129995.75,,,,,
Brazil,Agricultural Soils,Emissions (CO2eq) (AR5),kilotonnes,93275.2746,96609.4756,102172.3852,109504.7934,115173.2188,114130.5727,114636.3945,117217.9532,117692.9483,116527.2557,122820.8769,128809.5173,125907.2473,130773.5875,134389.4887,130801.8732,131884.0623,137970.2086,137545.9057,140487.4753,148148.717
Brazil,Agricultural Soils,Emissions (CO2eq) (AR5),kilotonnes,90555.8,93269.4,97353.05,105154.65,107335.6,109344.3,110319.5,113359.05,113738,115163.7,119899.25,125787.55,125048.2,128257.35,130777.5,129995.75,,,,,
Brazil,LULUCF,Emissions (CH4),kilotonnes,87.0089,107.1117,271.136,243.0222,276.6042,349.7135,159.8305,414.6058,128.632,54.5258,415.0607,90.6769,184.3394,53.6599,119.7436,234.7094,195.6842,298.9716,88.7315,250.7446,392.0234
Brazil,LULUCF,Emissions (CH4),kilotonnes,1599.2,1600.6,1869.8,2885,3128.2,2067.4,1415.7,1127.9,1242,659,606.9,539,393.9,567.6,452.4,567.7,672,,,,
Brazil,LULUCF,Emissions (N2O),kilotonnes,2.5842,9.7798,24.7559,22.189,25.2552,31.9304,14.5932,37.8553,11.7447,4.9784,37.8968,8.2792,16.831,4.8994,10.9331,21.43,17.8668,27.2974,8.1016,22.8941,35.7934
Brazil,LULUCF,Emissions (N2O),kilotonnes,58.96,59.05,67.06,108.15,115.42,75.41,55.64,44.39,47.92,26.59,24.83,22.31,17.47,25.2,20.22,24.48,25.14,,,,
Brazil,LULUCF,Emissions (CO2),kilotonnes,1038652.181,1101208.387,1101210.505,1101212.423,1101281.087,1101281.087,1101281.087,1101281.087,1101281.087,1101281.087,1101281.087,262148.8335,262148.8335,262148.8335,262148.8335,262148.8335,384460.2958,384475.411,384479.5592,384468.5194,384468.5194
Brazil,LULUCF,Emissions (CO2),kilotonnes,1134158,1129770,1338747,2217816,2407491,1455561,1064684,781512,881938,295290,260631,176207,48333,231089,103556,213623,268962,,,,
Brazil,LULUCF,Emissions (CO2eq) from CH4 (AR5),kilotonnes,2436.2493,2999.1267,7591.8089,6804.6207,7744.9168,9791.9775,4475.2527,11608.9615,3601.6961,1526.7229,11621.6999,2538.9519,5161.5039,1502.4777,3352.821,6571.864,5479.1574,8371.2051,2484.4813,7020.8494,10976.6554
Brazil,LULUCF,Emissions (CO2eq) from N2O (AR5),kilotonnes,684.8043,2591.6367,6560.3131,5880.0798,6692.6183,8461.5458,3867.202,10031.6569,3112.3353,1319.2877,10042.6646,2193.9856,4460.2126,1298.3367,2897.2746,5678.9477,4734.7067,7233.8131,2146.9159,6066.9297,9485.262
Brazil,LULUCF,Emissions (CO2eq) (AR5),kilotonnes,1041773.235,1106799.15,1115362.627,1113897.123,1115718.622,1119534.61,1109623.542,1122921.705,1107995.118,1104127.097,1122945.451,266881.7711,271770.5499,264949.6479,268398.9291,274399.6451,394674.1599,400080.4293,389110.9565,397556.2985,404930.4368
Brazil,LULUCF,Emissions (CO2eq) (AR5),kilotonnes,1134158,1129770,1338747,2217816,2407491,1455561,1064684,781512,881938,295290,260631,176207,48333,231089,103556,213623,268962,,,,
Brazil,AFOLU,Emissions (CH4),kilotonnes,10830.7793,11306.9677,12082.9349,12555.6738,13207.3191,13486.8932,13044.1591,13260.5923,12864.9798,12894.4493,13847.5654,13448.057,13554.8899,13263.1252,13453.142,13750.1834,13785.8533,13737.9595,13304.2774,13670.6908,14009.5681
Brazil,AFOLU,Emissions (N2O),kilotonnes,375.277,405.4646,449.8999,466.3699,496.076,501.6221,474.8111,537.0323,488.785,470.638,559.2546,527.0126,537.4762,525.7881,553.2288,554.9495,550.1938,588.1766,553.9248,591.7732,634.5106
Brazil,AFOLU,Emissions (CO2),kilotonnes,1038652.181,1101208.387,1101210.505,1101212.423,1101281.087,1101281.087,1101281.087,1101281.087,1101281.087,1101281.087,1101281.087,262148.8335,262148.8335,262148.8335,262148.8335,262148.8335,384460.2958,384475.411,384479.5592,384468.5194,384468.5194
Brazil,AFOLU,Emissions (CO2eq) from CH4 (AR5),kilotonnes,303261.8206,316595.0959,338322.1769,351558.8655,369804.934,377633.0088,365236.4551,371296.5853,360219.4339,361044.5807,387731.8309,376545.597,379536.9179,371367.505,376687.9761,385005.1343,386003.8928,384662.8668,372519.7662,382779.341,392267.9082
Brazil,AFOLU,Emissions (CO2eq) from N2O (AR5),kilotonnes,99448.4004,107448.1197,119223.469,123588.0243,131460.1439,132929.8554,125824.9495,142313.571,129528.0148,124719.0824,148202.4718,139658.3459,142431.1968,139333.8572,146605.6325,147061.6137,145801.3451,155866.7866,146790.063,156819.8978,168145.3119
Brazil,AFOLU,Emissions (CO2eq) (AR5),kilotonnes,1441362.402,1525251.602,1558756.151,1576359.313,1602546.165,1611843.951,1592342.491,1614891.243,1591028.536,1587044.75,1637215.39,778352.7764,784116.9482,772850.1957,785442.4421,794215.5815,916265.5336,925005.0645,903789.3884,924067.7582,944881.7395
Brazil,All sectors with LULUCF,Emissions (CH4),kilotonnes,16185.4993,16691.4577,17657.6349,18440.6138,19332.7491,19542.2432,19229.6491,19446.3423,19100.0898,18988.6193,20172.8254,19783.297,19970.2799,19858.4052,20178.202,20635.2734,20730.8533,20823.1395,20589.5474,20835.7508,21264.6081
Brazil,All sectors with LULUCF,Emissions (N2O),kilotonnes,440.937,469.2546,501.6099,518.6299,551.666,557.2721,532.7111,597.4323,551.175,530.108,622.5746,590.8726,602.7362,592.4781,621.0888,621.9295,615.1038,653.7666,617.4248,660.4532,703.9106
Brazil,All sectors with LULUCF,Emissions (CO2),kilotonnes,1385677.181,1454437.387,1450343.505,1441649.423,1459322.087,1468225.087,1468529.087,1484232.087,1507236.087,1484439.087,1540143.087,719113.8335,748317.8335,782920.8335,811823.8335,783827.8335,889542.2958,892460.411,873667.5592,871760.5194,837864.5194
Brazil,All sectors with LULUCF,Emissions (CO2eq) from F-gases (AR5),kilotonnes,4936.5133,4586.6816,5441.8257,6724.5417,7463.0752,8415.3947,9163.6457,9717.5458,10106.2477,9911.8967,10300.5986,8969.2948,9552.3475,9241.3861,8376.5245,8094.7157,8765.2263,9814.7213,9911.8967,10106.2477,10203.4231
Brazil,All sectors with LULUCF,Emissions (CO2eq) from CH4 (AR5),kilotonnes,453193.9806,467360.8159,494413.7769,516337.1855,541316.974,547182.8088,538430.1751,544497.5853,534802.5139,531681.3407,564839.1109,553932.317,559167.8379,556035.345,564989.6561,577787.6543,580463.8928,583047.9068,576507.3262,583401.021,595409.0282
Brazil,All sectors with LULUCF,Emissions (CO2eq) from N2O (AR5),kilotonnes,116848.3004,124352.4697,132926.619,137436.9243,146191.4939,147677.1054,141168.4495,158319.571,146061.3648,140478.6324,164982.2718,156581.2459,159725.0968,157006.7072,164588.5325,164811.3137,163002.4951,173248.1366,163617.563,175020.0978,186536.3119
Brazil,All sectors with LULUCF,Emissions (CO2eq) (AR5),kilotonnes,1960655.975,2050737.354,2083125.726,2102148.074,2154293.63,2171500.396,2157291.357,2196766.789,2198206.213,2166510.957,2280265.068,1438596.691,1476763.116,1505204.272,1549778.547,1534521.517,1641773.91,1658571.176,1623704.345,1640287.886,1630013.283
Brazil,All sectors without LULUCF,Emissions (CH4),kilotonnes,16098.4904,16584.346,17386.4989,18197.5916,19056.1449,19192.5297,19069.8187,19031.7366,18971.4578,18934.0935,19757.7647,19692.6202,19785.9405,19804.7453,20058.4584,20400.5639,20535.1691,20524.1679,20500.8159,20585.0061,20872.5847
Brazil,All sectors without LULUCF,Emissions (N2O),kilotonnes,438.3528,459.4748,476.854,496.4409,526.4109,525.3417,518.1179,559.577,539.4303,525.1296,584.6778,582.5934,585.9052,587.5788,610.1557,600.4995,597.2369,626.4691,609.3232,637.5591,668.1172
Brazil,All sectors without LULUCF,Emissions (CO2),kilotonnes,347025,353229,349133,340437,358041,366944,367248,382951,405955,383158,438862,456965,486169,520772,549675,521679,505082,507985,489188,487292,453396
Brazil,All sectors without LULUCF,Emissions (CO2eq) from F-gases (AR5),kilotonnes,4936.5133,4586.6816,5441.8257,6724.5417,7463.0752,8415.3947,9163.6457,9717.5458,10106.2477,9911.8967,10300.5986,8969.2948,9552.3475,9241.3861,8376.5245,8094.7157,8765.2263,9814.7213,9911.8967,10106.2477,10203.4231
Brazil,All sectors without LULUCF,Emissions (CO2eq) from CH4 (AR5),kilotonnes,450757.7313,464361.6891,486821.968,509532.5649,533572.0572,537390.8313,533954.9224,532888.6239,531200.8178,530154.6178,553217.411,551393.3651,554006.334,554532.8673,561636.8351,571215.7904,574984.7354,574676.7017,574022.8449,576380.1716,584432.3728
Brazil,All sectors without LULUCF,Emissions (CO2eq) from N2O (AR5),kilotonnes,116163.4962,121760.833,126366.3059,131556.8444,139498.8756,139215.5597,137301.2475,148287.914,142949.0295,139159.3446,154939.6072,154387.2602,155264.8842,155708.3705,161691.2578,159132.366,158267.7884,166014.3235,161470.6471,168953.1681,177051.0499
Brazil,All sectors without LULUCF,Emissions (CO2eq) (AR5),kilotonnes,918882.7407,943938.2038,967763.0995,988250.951,1038575.008,1051965.786,1047667.816,1073845.084,1090211.095,1062383.859,1157319.617,1171714.92,1204992.566,1240254.624,1281379.618,1260121.872,1247099.75,1258490.747,1234593.389,1242731.587,1225082.846
British Virgin Islands,Drained organic soils,Emissions (CO2eq) (AR5),kilotonnes,0,0,0,0,0,0,0,0,0,0,0,0,0,0,0,0,0,0,0,0,0
British Virgin Islands,Drained organic soils (CO2),Emissions (CO2),kilotonnes,0,0,0,0,0,0,0,0,0,0,0,0,0,0,0,0,0,0,0,0,0
British Virgin Islands,Drained organic soils (CO2),Emissions (CO2eq) (AR5),kilotonnes,0,0,0,0,0,0,0,0,0,0,0,0,0,0,0,0,0,0,0,0,0
British Virgin Islands,Drained organic soils (N2O),Emissions (N2O),kilotonnes,0,0,0,0,0,0,0,0,0,0,0,0,0,0,0,0,0,0,0,0,0
British Virgin Islands,Drained organic soils (N2O),Emissions (CO2eq) from N2O (AR5),kilotonnes,0,0,0,0,0,0,0,0,0,0,0,0,0,0,0,0,0,0,0,0,0
British Virgin Islands,Drained organic soils (N2O),Emissions (CO2eq) (AR5),kilotonnes,0,0,0,0,0,0,0,0,0,0,0,0,0,0,0,0,0,0,0,0,0
British Virgin Islands,On-farm energy use,Emissions (CH4),kilotonnes,0.0069,0.0068,0.007,0.0073,0.0076,0.0095,0.01,0.0101,0.0096,0.0089,0.0093,0.0092,0.0083,0.0083,0.0089,0.0086,0.0084,0.0052,0.0046,0.0038,0.0038
British Virgin Islands,On-farm energy use,Emissions (N2O),kilotonnes,0,0,0,0,0,0,0,0.0001,0,0,0,0,0,0,0,0,0,0,0,0,0
British Virgin Islands,On-farm energy use,Emissions (CO2),kilotonnes,2.1727,2.132,2.2092,2.2896,2.3832,2.9945,3.1453,3.1903,3.0171,2.8207,2.9212,2.9065,2.6081,2.6122,2.8026,2.7263,2.6528,1.6485,1.4581,1.1892,1.1892
British Virgin Islands,On-farm energy use,Emissions (CO2eq) from CH4 (AR5),kilotonnes,0.1929,0.1893,0.1962,0.2033,0.2116,0.2659,0.2793,0.2833,0.2679,0.2505,0.2594,0.2581,0.2316,0.232,0.2489,0.2421,0.2356,0.1464,0.1295,0.1056,0.1056
British Virgin Islands,On-farm energy use,Emissions (CO2eq) from N2O (AR5),kilotonnes,0.0091,0.009,0.0093,0.0096,0.01,0.0126,0.0132,0.0134,0.0127,0.0119,0.0123,0.0122,0.011,0.011,0.0118,0.0115,0.0111,0.0069,0.0061,0.005,0.005
British Virgin Islands,On-farm energy use,Emissions (CO2eq) (AR5),kilotonnes,2.3748,2.3303,2.4146,2.5025,2.6049,3.273,3.4379,3.4869,3.2977,3.0831,3.1929,3.1768,2.8506,2.8552,3.0632,2.9798,2.8995,1.8018,1.5937,1.2998,1.2998
British Virgin Islands,Savanna fires,Emissions (CH4),kilotonnes,0,0,0,0,0,0,0,0,0,0,0,0,0,0,0,0,0,0,0,0,0
British Virgin Islands,Savanna fires,Emissions (N2O),kilotonnes,0,0,0,0,0,0,0,0,0,0,0,0,0,0,0,0,0,0,0,0,0
British Virgin Islands,Savanna fires,Emissions (CO2eq) from CH4 (AR5),kilotonnes,0,0,0,0,0,0,0,0,0,0,0,0,0,0,0,0,0,0,0,0,0
British Virgin Islands,Savanna fires,Emissions (CO2eq) from N2O (AR5),kilotonnes,0,0,0,0,0,0,0,0,0,0,0,0,0,0,0,0,0,0,0,0,0
British Virgin Islands,Savanna fires,Emissions (CO2eq) (AR5),kilotonnes,0,0,0,0,0,0,0,0,0,0,0,0,0,0,0,0,0,0,0,0,0
British Virgin Islands,Fires in organic soils,Emissions (CH4),kilotonnes,0,0,0,0,0,0,0,0,0,0,0,0,0,0,0,0,0,0,0,0,0
British Virgin Islands,Fires in organic soils,Emissions (CO2),kilotonnes,0,0,0,0,0,0,0,0,0,0,0,0,0,0,0,0,0,0,0,0,0
British Virgin Islands,Fires in organic soils,Emissions (CO2eq) from CH4 (AR5),kilotonnes,0,0,0,0,0,0,0,0,0,0,0,0,0,0,0,0,0,0,0,0,0
British Virgin Islands,Fires in organic soils,Emissions (CO2eq) (AR5),kilotonnes,0,0,0,0,0,0,0,0,0,0,0,0,0,0,0,0,0,0,0,0,0
British Virgin Islands,Forest fires,Emissions (CH4),kilotonnes,0,0,0,0,0,0.0053,0,0,0,0,0,0,0,0,0,0,0,0,0,0,0
British Virgin Islands,Forest fires,Emissions (N2O),kilotonnes,0,0,0,0,0,0.0005,0,0,0,0,0,0,0,0,0,0,0,0,0,0,0
British Virgin Islands,Forest fires,Emissions (CO2eq) from CH4 (AR5),kilotonnes,0,0,0,0,0,0.1491,0,0,0,0,0,0,0,0,0,0,0,0,0,0,0
British Virgin Islands,Forest fires,Emissions (CO2eq) from N2O (AR5),kilotonnes,0,0,0,0,0,0.1288,0,0,0,0,0,0,0,0,0,0,0,0,0,0,0
British Virgin Islands,Forest fires,Emissions (CO2eq) (AR5),kilotonnes,0,0,0,0,0,0.278,0,0,0,0,0,0,0,0,0,0,0,0,0,0,0
British Virgin Islands,Fires in humid tropical forests,Emissions (CH4),kilotonnes,0,0,0,0,0,0.0053,0,0,0,0,0,0,0,0,0,0,0,0,0,0,0
British Virgin Islands,Fires in humid tropical forests,Emissions (N2O),kilotonnes,0,0,0,0,0,0.0005,0,0,0,0,0,0,0,0,0,0,0,0,0,0,0
British Virgin Islands,Fires in humid tropical forests,Emissions (CO2eq) from CH4 (AR5),kilotonnes,0,0,0,0,0,0.1491,0,0,0,0,0,0,0,0,0,0,0,0,0,0,0
British Virgin Islands,Fires in humid tropical forests,Emissions (CO2eq) from N2O (AR5),kilotonnes,0,0,0,0,0,0.1288,0,0,0,0,0,0,0,0,0,0,0,0,0,0,0
British Virgin Islands,Fires in humid tropical forests,Emissions (CO2eq) (AR5),kilotonnes,0,0,0,0,0,0.278,0,0,0,0,0,0,0,0,0,0,0,0,0,0,0
British Virgin Islands,Waste - agri-food systems,Emissions (CH4),kilotonnes,0.0259,0.0264,0.027,0.0277,0.0285,0.0295,0.0307,0.032,0.0333,0.0345,0.0355,0.0362,0.0366,0.0369,0.037,0.0372,0.0375,0.0378,0.0381,0.0384,0.0386
British Virgin Islands,Waste - agri-food systems,Emissions (N2O),kilotonnes,0,0,0,0,0,0,0,0,0,0,0,0,0,0,0,0,0,0,0,0,0
British Virgin Islands,Waste - agri-food systems,Emissions (CO2),kilotonnes,0,0,0,0,0,0,0,0,0,0,0,0,0,0,0,0,0,0,0,0,0
British Virgin Islands,Waste - agri-food systems,Emissions (CO2eq) from CH4 (AR5),kilotonnes,0.7266,0.7395,0.7557,0.7752,0.7987,0.8265,0.8592,0.896,0.9334,0.967,0.9942,1.0132,1.0249,1.0319,1.0367,1.0426,1.05,1.0576,1.0657,1.0742,1.0815
British Virgin Islands,Waste - agri-food systems,Emissions (CO2eq) from N2O (AR5),kilotonnes,0,0,0,0,0,0,0,0,0,0,0,0,0,0,0,0,0,0,0,0,0
British Virgin Islands,Waste - agri-food systems,Emissions (CO2eq) (AR5),kilotonnes,0.7266,0.7395,0.7557,0.7752,0.7987,0.8265,0.8592,0.896,0.9334,0.967,0.9942,1.0132,1.0249,1.0319,1.0367,1.0426,1.05,1.0576,1.0657,1.0742,1.0815
British Virgin Islands,On-farm electricity use,Emissions (CH4),kilotonnes,0,0,0,0,0,0,0,0,0,0,0,0,0,0,0,0,0,0,0,0,0
British Virgin Islands,On-farm electricity use,Emissions (N2O),kilotonnes,0,0,0,0,0,0,0,0,0,0,0,0,0,0,0,0,0,0,0,0,0
British Virgin Islands,On-farm electricity use,Emissions (CO2),kilotonnes,0,0,0,0,0,0,0,0,0,0,0,0,0,0,0,0,0,0,0,0,0
British Virgin Islands,On-farm electricity use,Emissions (CO2eq) from CH4 (AR5),kilotonnes,0,0,0,0,0,0,0,0,0,0,0,0,0,0,0,0,0,0,0,0,0
British Virgin Islands,On-farm electricity use,Emissions (CO2eq) from N2O (AR5),kilotonnes,0,0,0,0,0,0,0,0,0,0,0,0,0,0,0,0,0,0,0,0,0
British Virgin Islands,On-farm electricity use,Emissions (CO2eq) (AR5),kilotonnes,0,0,0,0,0,0,0,0,0,0,0,0,0,0,0,0,0,0,0,0,0
British Virgin Islands,Food Processing,Emissions (CH4),kilotonnes,0,0,0,0,0,0,0,0,0,0,0,0.0005,0.0005,0.0006,0.0005,0.0005,0.0005,0.0006,0.0009,0.001,0.001
British Virgin Islands,Food Processing,Emissions (N2O),kilotonnes,0,0,0,0,0,0,0,0,0,0,0,0,0,0,0,0,0,0.0001,0.0001,0.0001,0.0001
British Virgin Islands,Food Processing,Emissions (CO2),kilotonnes,1.8008,1.9403,1.2127,1.3919,1.8062,1.3672,1.3256,1.426,0.913,0.9634,1.0978,4.488,4.6186,5.8481,4.8923,4.7498,5.3475,4.7388,6.0237,6.021,5.2851
British Virgin Islands,Food Processing,Emissions (CO2eq) from CH4 (AR5),kilotonnes,0,0,0,0,0,0,0,0,0,0,0,0.014,0.014,0.0168,0.014,0.014,0.014,0.0168,0.0252,0.028,0.0289
British Virgin Islands,Food Processing,Emissions (CO2eq) from N2O (AR5),kilotonnes,0,0,0,0,0,0,0,0,0,0,0,0,0,0,0,0,0,0.0265,0.0265,0.0265,0.0276
British Virgin Islands,Food Processing,Emissions (CO2eq) (AR5),kilotonnes,1.8008,1.9403,1.2127,1.3919,1.8062,1.3672,1.3256,1.426,0.913,0.9634,1.0978,4.502,4.6326,5.8649,4.9063,4.7638,5.3615,4.7821,6.0754,6.0755,5.3416
British Virgin Islands,Food Packaging,Emissions (CH4),kilotonnes,0,0,0,0,0,0,0,0,0,0,0,0,0,0,0,0,0,0,0,0,0
British Virgin Islands,Food Packaging,Emissions (N2O),kilotonnes,0,0,0,0,0,0,0,0,0,0,0,0,0,0,0,0,0,0,0,0,0
British Virgin Islands,Food Packaging,Emissions (CO2),kilotonnes,0,0,0,0,0,0,0,0,0,0,0,0.0625,0.0633,0.0727,0.0627,0.0647,0.066,0.0551,0.0566,0.0561,0.0492
British Virgin Islands,Food Packaging,Emissions (CO2eq) from CH4 (AR5),kilotonnes,0,0,0,0,0,0,0,0,0,0,0,0,0,0,0,0,0,0,0,0,0
British Virgin Islands,Food Packaging,Emissions (CO2eq) from N2O (AR5),kilotonnes,0,0,0,0,0,0,0,0,0,0,0,0,0,0,0,0,0,0,0,0,0
British Virgin Islands,Food Packaging,Emissions (CO2eq) (AR5),kilotonnes,0,0,0,0,0,0,0,0,0,0,0,0.0625,0.0633,0.0727,0.0627,0.0647,0.066,0.0551,0.0566,0.0561,0.0492
British Virgin Islands,Food Retail,Emissions (CH4),kilotonnes,0.0089,0.0093,0.01,0.01,0.0107,0.0182,0.0193,0.0204,0.0209,0.0221,0.0236,0.0228,0.0239,0.0242,0.0255,0.0262,0.0265,0.0182,0.0171,0.0271,0.028
British Virgin Islands,Food Retail,Emissions (N2O),kilotonnes,0,0,0.0001,0.0001,0.0001,0.0001,0.0001,0.0001,0.0001,0.0001,0.0001,0.0001,0.0001,0.0001,0.0001,0.0001,0.0001,0.0001,0.0001,0.0001,0.0001
British Virgin Islands,Food Retail,Emissions (CO2),kilotonnes,4.5151,4.746,5.1338,5.1769,5.5233,9.3767,9.7106,10.2791,10.0087,11.1228,11.8076,11.0839,11.2033,11.8306,12.4668,12.8351,12.9802,8.9288,8.3707,13.3008,11.6751
British Virgin Islands,Food Retail,Emissions (CO2eq) from CH4 (AR5),kilotonnes,0.2492,0.2604,0.28,0.28,0.2996,0.5096,0.5404,0.5712,0.5852,0.6188,0.6608,0.6384,0.6692,0.6776,0.714,0.7336,0.742,0.5096,0.4788,0.7588,0.7838
British Virgin Islands,Food Retail,Emissions (CO2eq) from N2O (AR5),kilotonnes,0,0,0.0265,0.0265,0.0265,0.0265,0.0265,0.0265,0.0265,0.0265,0.0265,0.0265,0.0265,0.0265,0.0265,0.0265,0.0265,0.0265,0.0265,0.0265,0.0276
British Virgin Islands,Food Retail,Emissions (CO2eq) (AR5),kilotonnes,4.7643,5.0064,5.4403,5.4834,5.8494,9.9128,10.2775,10.8768,10.6204,11.7681,12.4949,11.7488,11.899,12.5347,13.2073,13.5952,13.7487,9.4649,8.876,14.0861,12.4865
British Virgin Islands,Food Household Consumption,Emissions (CH4),kilotonnes,0.0103,0.0107,0.0107,0.0112,0.0116,0.0187,0.0198,0.0208,0.0204,0.0205,0.0218,0.0211,0.0211,0.0213,0.0214,0.021,0.0212,0.0139,0.0131,0.0135,0.0139
British Virgin Islands,Food Household Consumption,Emissions (N2O),kilotonnes,0.0001,0.0001,0.0001,0.0001,0.0001,0.0001,0.0001,0.0001,0.0001,0.0001,0.0001,0.0001,0.0001,0.0001,0.0001,0.0001,0.0001,0.0001,0.0001,0.0001,0.0001
British Virgin Islands,Food Household Consumption,Emissions (CO2),kilotonnes,6.1343,6.3185,6.3612,7.5504,7.7314,11.3911,12.6294,13.1306,12.8864,13.5369,14.2834,13.6565,13.2902,13.8129,14.0398,13.8436,13.9328,9.6735,9.1079,9.3818,8.2351
British Virgin Islands,Food Household Consumption,Emissions (CO2eq) from CH4 (AR5),kilotonnes,0.2884,0.2996,0.2996,0.3136,0.3248,0.5236,0.5544,0.5824,0.5712,0.574,0.6104,0.5908,0.5908,0.5964,0.5992,0.588,0.5936,0.3892,0.3668,0.378,0.3904
British Virgin Islands,Food Household Consumption,Emissions (CO2eq) from N2O (AR5),kilotonnes,0.0265,0.0265,0.0265,0.0265,0.0265,0.0265,0.0265,0.0265,0.0265,0.0265,0.0265,0.0265,0.0265,0.0265,0.0265,0.0265,0.0265,0.0265,0.0265,0.0265,0.0276
British Virgin Islands,Food Household Consumption,Emissions (CO2eq) (AR5),kilotonnes,6.4492,6.6446,6.6873,7.8905,8.0827,11.9412,13.2103,13.7395,13.4841,14.1374,14.9203,14.2738,13.9075,14.4358,14.6655,14.4581,14.5529,10.0892,9.5012,9.7863,8.6531
British Virgin Islands,Food Transport,Emissions (CH4),kilotonnes,0.0005,0.0004,0.0004,0.0004,0.0004,0.0004,0.0004,0.0004,0.0005,0.0006,0.0006,0.0007,0.0006,0.0007,0.0007,0.0007,0.0006,0.0008,0.0007,0.0008,0.0008
British Virgin Islands,Food Transport,Emissions (N2O),kilotonnes,0.0001,0.0001,0.0001,0.0001,0.0001,0.0001,0.0001,0.0001,0.0001,0.0001,0.0001,0.0002,0.0002,0.0002,0.0002,0.0002,0.0002,0.0002,0.0002,0.0002,0.0002
British Virgin Islands,Food Transport,Emissions (CO2),kilotonnes,2.8131,2.8791,2.6388,3.0581,3.3791,3.5819,3.8399,3.8721,4.1385,4.8556,5.1435,5.2213,5.5603,5.8797,6.052,5.8065,5.6659,6.9276,6.7284,7.0391,6.1788
British Virgin Islands,Food Transport,Emissions (CO2eq) from CH4 (AR5),kilotonnes,0.014,0.0112,0.0112,0.0112,0.0112,0.0112,0.0112,0.0112,0.014,0.0168,0.0168,0.0196,0.0168,0.0196,0.0196,0.0196,0.0168,0.0224,0.0196,0.0224,0.0231
British Virgin Islands,Food Transport,Emissions (CO2eq) from N2O (AR5),kilotonnes,0.0265,0.0265,0.0265,0.0265,0.0265,0.0265,0.0265,0.0265,0.0265,0.0265,0.0265,0.053,0.053,0.053,0.053,0.053,0.053,0.053,0.053,0.053,0.0552
British Virgin Islands,Food Transport,Emissions (CO2eq) (AR5),kilotonnes,2.8536,2.9168,2.6765,3.0958,3.4168,3.6196,3.8776,3.9098,4.179,4.8989,5.1868,5.2939,5.6301,5.9523,6.1246,5.8791,5.7357,7.003,6.801,7.1145,6.2571
British Virgin Islands,Energy,Emissions (CH4),kilotonnes,0.0088,0.009,0.0087,0.0095,0.0088,0.0087,0.0092,0.0093,0.0096,0.0114,0.0105,0.0122,0.0125,0.0141,0.014,0.0135,0.0131,0.0141,0.0139,0.0152,0.0157
British Virgin Islands,Energy,Emissions (N2O),kilotonnes,0.0026,0.0027,0.0025,0.0027,0.0029,0.0028,0.0027,0.0029,0.003,0.0035,0.0034,0.0045,0.0049,0.0047,0.005,0.0048,0.0052,0.006,0.0059,0.0061,0.0064
British Virgin Islands,Energy,Emissions (CO2),kilotonnes,125,128,136,147,161,180,183,187,191,191,198,202,202,202,213,213,213,169,174,180,158
British Virgin Islands,Energy,Emissions (CO2eq) from CH4 (AR5),kilotonnes,0.247,0.2512,0.2444,0.2668,0.2456,0.2447,0.2568,0.2593,0.2696,0.3192,0.294,0.3416,0.35,0.3948,0.392,0.378,0.3668,0.3948,0.3892,0.4256,0.4396
British Virgin Islands,Energy,Emissions (CO2eq) from N2O (AR5),kilotonnes,0.6943,0.7102,0.6599,0.7208,0.7606,0.742,0.7049,0.7606,0.8056,0.9222,0.8984,1.1846,1.2906,1.2455,1.3356,1.2667,1.3727,1.5953,1.5503,1.6271,1.6933
British Virgin Islands,Energy,Emissions (CO2eq) (AR5),kilotonnes,125.9413,128.9614,136.9043,147.9876,162.0061,180.9867,183.9617,188.0198,192.0752,192.2414,199.1924,203.5262,203.6405,203.6403,214.7276,214.6447,214.7395,170.9901,175.9394,182.0527,160.1329
British Virgin Islands,IPPU,Emissions (N2O),kilotonnes,0,0,0,0,0,0,0,0,0,0,0,0,0,0,0,0,0,0,0,0,0
British Virgin Islands,IPPU,Emissions (CO2),kilotonnes,0.496,0.522,0.532,0.556,0.566,0.615,0.625,0.623,0.637,0.7,0.691,0.672,0.649,0.668,0.679,0.675,0.675,0.725,0.74,0.73,0.738
British Virgin Islands,IPPU,Emissions (CO2eq) from N2O (AR5),kilotonnes,0.0001,0.0001,0.0001,0.0001,0.0001,0.0001,0.0001,0.0001,0.0001,0.0001,0.0001,0.0001,0.0001,0.0001,0.0001,0.0001,0.0001,0.0001,0.0001,0.0001,0.0001
British Virgin Islands,IPPU,Emissions (CO2eq) (AR5),kilotonnes,0.4961,0.5221,0.5321,0.5561,0.5661,0.6151,0.6251,0.6231,0.6371,0.7001,0.6911,0.6721,0.6491,0.6681,0.6791,0.6751,0.6751,0.7251,0.7401,0.7301,0.7381
British Virgin Islands,Waste,Emissions (CH4),kilotonnes,0.157,0.162,0.167,0.169,0.171,0.177,0.185,0.19,0.196,0.203,0.207,0.216,0.217,0.224,0.231,0.232,0.236,0.241,0.242,0.253,0.258
British Virgin Islands,Waste,Emissions (CO2eq) from CH4 (AR5),kilotonnes,4.396,4.536,4.676,4.732,4.788,4.956,5.18,5.32,5.488,5.684,5.796,6.048,6.076,6.272,6.468,6.496,6.608,6.748,6.776,7.084,7.224
British Virgin Islands,Waste,Emissions (CO2eq) (AR5),kilotonnes,4.396,4.536,4.676,4.732,4.788,4.956,5.18,5.32,5.488,5.684,5.796,6.048,6.076,6.272,6.468,6.496,6.608,6.748,6.776,7.084,7.224
British Virgin Islands,Other,Emissions (N2O),kilotonnes,0.0054,0.0055,0.0056,0.0066,0.007,0.0072,0.0076,0.0077,0.0085,0.0096,0.0112,0.0121,0.0119,0.0122,0.0123,0.0123,0.0119,0.0095,0.0092,0.0125,0.0128
British Virgin Islands,Other,Emissions (CO2eq) from N2O (AR5),kilotonnes,1.4204,1.4469,1.4787,1.7384,1.855,1.9027,2.0061,2.0458,2.2525,2.5519,2.968,3.2065,3.1535,3.233,3.2595,3.2595,3.1535,2.5042,2.4327,3.3125,3.392
British Virgin Islands,Other,Emissions (CO2eq) (AR5),kilotonnes,1.4204,1.4469,1.4787,1.7384,1.855,1.9027,2.0061,2.0458,2.2525,2.5519,2.968,3.2065,3.1535,3.233,3.2595,3.2595,3.1535,2.5042,2.4327,3.3125,3.392
British Virgin Islands,Farm-gate emissions,Emissions (CH4),kilotonnes,0.0069,0.0068,0.007,0.0073,0.0076,0.0095,0.01,0.0101,0.0096,0.0089,0.0093,0.0092,0.0083,0.0083,0.0089,0.0086,0.0084,0.0052,0.0046,0.0038,0.0038
British Virgin Islands,Farm-gate emissions,Emissions (N2O),kilotonnes,0,0,0,0,0,0,0,0.0001,0,0,0,0,0,0,0,0,0,0,0,0,0
British Virgin Islands,Farm-gate emissions,Emissions (CO2),kilotonnes,2.1727,2.132,2.2092,2.2896,2.3832,2.9945,3.1453,3.1903,3.0171,2.8207,2.9212,2.9065,2.6081,2.6122,2.8026,2.7263,2.6528,1.6485,1.4581,1.1892,1.1892
British Virgin Islands,Farm-gate emissions,Emissions (CO2eq) from CH4 (AR5),kilotonnes,0.1929,0.1893,0.1962,0.2033,0.2116,0.2659,0.2793,0.2833,0.2679,0.2505,0.2594,0.2581,0.2316,0.232,0.2489,0.2421,0.2356,0.1464,0.1295,0.1056,0.1056
British Virgin Islands,Farm-gate emissions,Emissions (CO2eq) from N2O (AR5),kilotonnes,0.0091,0.009,0.0093,0.0096,0.01,0.0126,0.0132,0.0134,0.0127,0.0119,0.0123,0.0122,0.011,0.011,0.0118,0.0115,0.0111,0.0069,0.0061,0.005,0.005
British Virgin Islands,Farm-gate emissions,Emissions (CO2eq) (AR5),kilotonnes,2.3748,2.3303,2.4146,2.5025,2.6049,3.273,3.4379,3.4869,3.2977,3.0831,3.1929,3.1768,2.8506,2.8552,3.0632,2.9798,2.8995,1.8018,1.5937,1.2998,1.2998
British Virgin Islands,Land Use change,Emissions (CH4),kilotonnes,0,0,0,0,0,0.0053,0,0,0,0,0,0,0,0,0,0,0,0,0,0,0
British Virgin Islands,Land Use change,Emissions (N2O),kilotonnes,0,0,0,0,0,0.0005,0,0,0,0,0,0,0,0,0,0,0,0,0,0,0
British Virgin Islands,Land Use change,Emissions (CO2),kilotonnes,0,0,0,0,0,0,0,0,0,0,0,0,0,0,0,0,0,0,0,0,0
British Virgin Islands,Land Use change,Emissions (CO2eq) from CH4 (AR5),kilotonnes,0,0,0,0,0,0.1491,0,0,0,0,0,0,0,0,0,0,0,0,0,0,0
British Virgin Islands,Land Use change,Emissions (CO2eq) from N2O (AR5),kilotonnes,0,0,0,0,0,0.1288,0,0,0,0,0,0,0,0,0,0,0,0,0,0,0
British Virgin Islands,Land Use change,Emissions (CO2eq) (AR5),kilotonnes,0,0,0,0,0,0.278,0,0,0,0,0,0,0,0,0,0,0,0,0,0,0
British Virgin Islands,Emissions on agricultural land,Emissions (CH4),kilotonnes,0.0069,0.0068,0.007,0.0073,0.0076,0.0148,0.01,0.0101,0.0096,0.0089,0.0093,0.0092,0.0083,0.0083,0.0089,0.0086,0.0084,0.0052,0.0046,0.0038,0.0038
British Virgin Islands,Emissions on agricultural land,Emissions (N2O),kilotonnes,0,0,0,0,0,0.0005,0,0.0001,0,0,0,0,0,0,0,0,0,0,0,0,0
British Virgin Islands,Emissions on agricultural land,Emissions (CO2),kilotonnes,2.1727,2.132,2.2092,2.2896,2.3832,2.9945,3.1453,3.1903,3.0171,2.8207,2.9212,2.9065,2.6081,2.6122,2.8026,2.7263,2.6528,1.6485,1.4581,1.1892,1.1892
British Virgin Islands,Emissions on agricultural land,Emissions (CO2eq) from CH4 (AR5),kilotonnes,0.1929,0.1893,0.1962,0.2033,0.2116,0.415,0.2793,0.2833,0.2679,0.2505,0.2594,0.2581,0.2316,0.232,0.2489,0.2421,0.2356,0.1464,0.1295,0.1056,0.1056
British Virgin Islands,Emissions on agricultural land,Emissions (CO2eq) from N2O (AR5),kilotonnes,0.0091,0.009,0.0093,0.0096,0.01,0.1414,0.0132,0.0134,0.0127,0.0119,0.0123,0.0122,0.011,0.011,0.0118,0.0115,0.0111,0.0069,0.0061,0.005,0.005
British Virgin Islands,Emissions on agricultural land,Emissions (CO2eq) (AR5),kilotonnes,2.3748,2.3303,2.4146,2.5025,2.6049,3.551,3.4379,3.4869,3.2977,3.0831,3.1929,3.1768,2.8506,2.8552,3.0632,2.9798,2.8995,1.8018,1.5937,1.2998,1.2998
British Virgin Islands,Pre- and post- production,Emissions (CH4),kilotonnes,0.0456,0.0468,0.0481,0.0493,0.0512,0.0668,0.0702,0.0736,0.0751,0.0777,0.0815,0.0813,0.0827,0.0837,0.0851,0.0856,0.0863,0.0713,0.0699,0.0808,0.0824
British Virgin Islands,Pre- and post- production,Emissions (N2O),kilotonnes,0.0002,0.0002,0.0003,0.0003,0.0003,0.0003,0.0003,0.0003,0.0003,0.0003,0.0003,0.0004,0.0004,0.0004,0.0004,0.0004,0.0004,0.0005,0.0005,0.0005,0.0005
British Virgin Islands,Pre- and post- production,Emissions (CO2),kilotonnes,15.2633,15.8839,15.3465,17.1773,18.44,25.7169,27.5055,28.7078,27.9466,30.4787,32.3323,34.5122,34.7357,37.444,37.5136,37.2997,37.9924,30.3238,30.2873,35.7988,31.4234
British Virgin Islands,Pre- and post- production,Emissions (CO2eq) from CH4 (AR5),kilotonnes,1.2782,1.3107,1.3465,1.38,1.4343,1.8709,1.9652,2.0608,2.1038,2.1766,2.2822,2.276,2.3157,2.3423,2.3835,2.3978,2.4164,1.9956,1.9561,2.2614,2.3078
British Virgin Islands,Pre- and post- production,Emissions (CO2eq) from N2O (AR5),kilotonnes,0.053,0.053,0.0795,0.0795,0.0795,0.0795,0.0795,0.0795,0.0795,0.0795,0.0795,0.106,0.106,0.106,0.106,0.106,0.106,0.1325,0.1325,0.1325,0.1379
British Virgin Islands,Pre- and post- production,Emissions (CO2eq) (AR5),kilotonnes,16.5945,17.2476,16.7725,18.6368,19.9538,27.6673,29.5502,30.8481,30.1299,32.7348,34.694,36.8942,37.1574,39.8923,40.0031,39.8035,40.5148,32.4519,32.3759,38.1927,33.8691
British Virgin Islands,Agri-food systems,Emissions (CH4),kilotonnes,0.0525,0.0536,0.0551,0.0565,0.0588,0.0816,0.0802,0.0837,0.0847,0.0867,0.0908,0.0905,0.091,0.0919,0.094,0.0943,0.0947,0.0765,0.0745,0.0845,0.0862
British Virgin Islands,Agri-food systems,Emissions (N2O),kilotonnes,0.0002,0.0002,0.0003,0.0003,0.0003,0.0008,0.0003,0.0004,0.0003,0.0003,0.0003,0.0004,0.0004,0.0004,0.0004,0.0004,0.0004,0.0005,0.0005,0.0005,0.0005
British Virgin Islands,Agri-food systems,Emissions (CO2),kilotonnes,17.436,18.0159,17.5557,19.4669,20.8232,28.7114,30.6508,31.8981,30.9637,33.2994,35.2535,37.4187,37.3438,40.0562,40.3162,40.026,40.6452,31.9723,31.7454,36.988,32.6126
British Virgin Islands,Agri-food systems,Emissions (CO2eq) from CH4 (AR5),kilotonnes,1.4711,1.5,1.5427,1.5833,1.6459,2.2859,2.2445,2.3441,2.3717,2.4271,2.5416,2.534,2.5473,2.5743,2.6324,2.6399,2.6519,2.1419,2.0856,2.367,2.4134
British Virgin Islands,Agri-food systems,Emissions (CO2eq) from N2O (AR5),kilotonnes,0.0621,0.062,0.0888,0.0891,0.0895,0.2209,0.0927,0.0929,0.0922,0.0914,0.0918,0.1182,0.117,0.117,0.1178,0.1175,0.1171,0.1394,0.1386,0.1375,0.1429
British Virgin Islands,Agri-food systems,Emissions (CO2eq) (AR5),kilotonnes,18.9692,19.5779,19.1871,21.1393,22.5587,31.2182,32.9881,34.335,33.4276,35.8179,37.8869,40.0709,40.008,42.7475,43.0663,42.7833,43.4142,34.2537,33.9696,39.4925,35.1688
British Virgin Islands,IPCC Agriculture,Emissions (CH4),kilotonnes,0,0,0,0,0,0,0,0,0,0,0,0,0,0,0,0,0,0,0,0,0
British Virgin Islands,IPCC Agriculture,Emissions (N2O),kilotonnes,0,0,0,0,0,0,0,0,0,0,0,0,0,0,0,0,0,0,0,0,0
British Virgin Islands,IPCC Agriculture,Emissions (CO2eq) from CH4 (AR5),kilotonnes,0,0,0,0,0,0,0,0,0,0,0,0,0,0,0,0,0,0,0,0,0
British Virgin Islands,IPCC Agriculture,Emissions (CO2eq) from N2O (AR5),kilotonnes,0,0,0,0,0,0,0,0,0,0,0,0,0,0,0,0,0,0,0,0,0
British Virgin Islands,IPCC Agriculture,Emissions (CO2eq) (AR5),kilotonnes,0,0,0,0,0,0,0,0,0,0,0,0,0,0,0,0,0,0,0,0,0
British Virgin Islands,Agricultural Soils,Emissions (N2O),kilotonnes,0,0,0,0,0,0,0,0,0,0,0,0,0,0,0,0,0,0,0,0,0
British Virgin Islands,Agricultural Soils,Emissions (CO2eq) from N2O (AR5),kilotonnes,0,0,0,0,0,0,0,0,0,0,0,0,0,0,0,0,0,0,0,0,0
British Virgin Islands,Agricultural Soils,Emissions (CO2eq) (AR5),kilotonnes,0,0,0,0,0,0,0,0,0,0,0,0,0,0,0,0,0,0,0,0,0
British Virgin Islands,LULUCF,Emissions (CH4),kilotonnes,0,0,0,0,0,0.0053,0,0,0,0,0,0,0,0,0,0,0,0,0,0,0
British Virgin Islands,LULUCF,Emissions (N2O),kilotonnes,0,0,0,0,0,0.0005,0,0,0,0,0,0,0,0,0,0,0,0,0,0,0
British Virgin Islands,LULUCF,Emissions (CO2),kilotonnes,0,0,0,0,0,0,0,0,0,0,0,0,0,0,0,0,0,0,0,0,0
British Virgin Islands,LULUCF,Emissions (CO2eq) from CH4 (AR5),kilotonnes,0,0,0,0,0,0.1491,0,0,0,0,0,0,0,0,0,0,0,0,0,0,0
British Virgin Islands,LULUCF,Emissions (CO2eq) from N2O (AR5),kilotonnes,0,0,0,0,0,0.1288,0,0,0,0,0,0,0,0,0,0,0,0,0,0,0
British Virgin Islands,LULUCF,Emissions (CO2eq) (AR5),kilotonnes,0,0,0,0,0,0.278,0,0,0,0,0,0,0,0,0,0,0,0,0,0,0
British Virgin Islands,AFOLU,Emissions (CH4),kilotonnes,0,0,0,0,0,0.0053,0,0,0,0,0,0,0,0,0,0,0,0,0,0,0
British Virgin Islands,AFOLU,Emissions (N2O),kilotonnes,0,0,0,0,0,0.0005,0,0,0,0,0,0,0,0,0,0,0,0,0,0,0
British Virgin Islands,AFOLU,Emissions (CO2),kilotonnes,0,0,0,0,0,0,0,0,0,0,0,0,0,0,0,0,0,0,0,0,0
British Virgin Islands,AFOLU,Emissions (CO2eq) from CH4 (AR5),kilotonnes,0,0,0,0,0,0.1491,0,0,0,0,0,0,0,0,0,0,0,0,0,0,0
British Virgin Islands,AFOLU,Emissions (CO2eq) from N2O (AR5),kilotonnes,0,0,0,0,0,0.1288,0,0,0,0,0,0,0,0,0,0,0,0,0,0,0
British Virgin Islands,AFOLU,Emissions (CO2eq) (AR5),kilotonnes,0,0,0,0,0,0.278,0,0,0,0,0,0,0,0,0,0,0,0,0,0,0
British Virgin Islands,All sectors with LULUCF,Emissions (CH4),kilotonnes,0.1658,0.171,0.1757,0.1785,0.1798,0.1911,0.1942,0.1993,0.2056,0.2144,0.2175,0.2282,0.2295,0.2381,0.245,0.2455,0.2491,0.2551,0.2559,0.2682,0.2737
British Virgin Islands,All sectors with LULUCF,Emissions (N2O),kilotonnes,0.008,0.0081,0.0081,0.0093,0.0099,0.0105,0.0102,0.0106,0.0115,0.0131,0.0146,0.0166,0.0168,0.0169,0.0173,0.0171,0.0171,0.0155,0.015,0.0186,0.0192
British Virgin Islands,All sectors with LULUCF,Emissions (CO2),kilotonnes,125.496,128.522,136.532,147.556,161.566,180.615,183.625,187.623,191.637,191.7,198.691,202.672,202.649,202.668,213.679,213.675,213.675,169.725,174.74,180.73,158.738
British Virgin Islands,All sectors with LULUCF,Emissions (CO2eq) from CH4 (AR5),kilotonnes,4.643,4.7872,4.9204,4.9988,5.0336,5.3498,5.4368,5.5793,5.7576,6.0032,6.09,6.3896,6.426,6.6668,6.86,6.874,6.9748,7.1428,7.1652,7.5096,7.6636
British Virgin Islands,All sectors with LULUCF,Emissions (CO2eq) from N2O (AR5),kilotonnes,2.1148,2.1572,2.1386,2.4593,2.6156,2.7736,2.711,2.8064,3.0582,3.4742,3.8664,4.3911,4.4441,4.4786,4.5952,4.5263,4.5263,4.0996,3.983,4.9397,5.0854
British Virgin Islands,All sectors with LULUCF,Emissions (CO2eq) (AR5),kilotonnes,132.2537,135.4663,143.5911,155.0141,169.2152,188.7384,191.7728,196.0087,200.4528,201.1774,208.6474,213.4527,213.5191,213.8134,225.1342,225.0753,225.1761,180.9674,185.8882,193.1793,171.487
British Virgin Islands,All sectors without LULUCF,Emissions (CH4),kilotonnes,0.1658,0.171,0.1757,0.1785,0.1798,0.1857,0.1942,0.1993,0.2056,0.2144,0.2175,0.2282,0.2295,0.2381,0.245,0.2455,0.2491,0.2551,0.2559,0.2682,0.2737
British Virgin Islands,All sectors without LULUCF,Emissions (N2O),kilotonnes,0.008,0.0081,0.0081,0.0093,0.0099,0.01,0.0102,0.0106,0.0115,0.0131,0.0146,0.0166,0.0168,0.0169,0.0173,0.0171,0.0171,0.0155,0.015,0.0186,0.0192
British Virgin Islands,All sectors without LULUCF,Emissions (CO2),kilotonnes,125.496,128.522,136.532,147.556,161.566,180.615,183.625,187.623,191.637,191.7,198.691,202.672,202.649,202.668,213.679,213.675,213.675,169.725,174.74,180.73,158.738
British Virgin Islands,All sectors without LULUCF,Emissions (CO2eq) from CH4 (AR5),kilotonnes,4.643,4.7872,4.9204,4.9988,5.0336,5.2007,5.4368,5.5793,5.7576,6.0032,6.09,6.3896,6.426,6.6668,6.86,6.874,6.9748,7.1428,7.1652,7.5096,7.6636
British Virgin Islands,All sectors without LULUCF,Emissions (CO2eq) from N2O (AR5),kilotonnes,2.1148,2.1572,2.1386,2.4593,2.6156,2.6448,2.711,2.8064,3.0582,3.4742,3.8664,4.3911,4.4441,4.4786,4.5952,4.5263,4.5263,4.0996,3.983,4.9397,5.0854
British Virgin Islands,All sectors without LULUCF,Emissions (CO2eq) (AR5),kilotonnes,132.2537,135.4663,143.5911,155.0141,169.2152,188.4605,191.7728,196.0087,200.4528,201.1774,208.6474,213.4527,213.5191,213.8134,225.1342,225.0753,225.1761,180.9674,185.8882,193.1793,171.487
Brunei Darussalam,Crop Residues,Direct emissions (N2O),kilotonnes,0.0002,0.0002,0.0002,0.0003,0.0003,0.0004,0.0004,0.0005,0.0005,0.0006,0.0007,0.0007,0.0008,0.0005,0.0005,0.0005,0.0005,0.0005,0.0004,0.0004,0.0006
Brunei Darussalam,Crop Residues,Indirect emissions (N2O),kilotonnes,0,0,0,0.0001,0.0001,0.0001,0.0001,0.0001,0.0001,0.0001,0.0002,0.0001,0.0002,0.0001,0.0001,0.0001,0.0001,0.0001,0.0001,0.0001,0.0001
Brunei Darussalam,Crop Residues,Emissions (N2O),kilotonnes,0.0002,0.0002,0.0002,0.0003,0.0004,0.0005,0.0005,0.0006,0.0006,0.0008,0.0008,0.0008,0.0009,0.0007,0.0006,0.0006,0.0006,0.0006,0.0005,0.0005,0.0007
Brunei Darussalam,Crop Residues,Emissions (CO2eq) from N2O (AR5),kilotonnes,0.0566,0.0606,0.0644,0.0888,0.0983,0.1286,0.1417,0.1709,0.1627,0.2039,0.2224,0.2148,0.2445,0.1736,0.1472,0.1684,0.1611,0.15,0.1383,0.1346,0.1823
Brunei Darussalam,Crop Residues,Emissions (CO2eq) (AR5),kilotonnes,0.0566,0.0606,0.0644,0.0888,0.0983,0.1286,0.1417,0.1709,0.1627,0.2039,0.2224,0.2148,0.2445,0.1736,0.1472,0.1684,0.1611,0.15,0.1383,0.1346,0.1823
Brunei Darussalam,Rice Cultivation,Emissions (CH4),kilotonnes,0.0799,0.0833,0.0886,0.1198,0.1314,0.1693,0.1901,0.2353,0.2257,0.3006,0.3209,0.2785,0.312,0.2223,0.165,0.1604,0.1759,0.1598,0.136,0.1342,0.1481
Brunei Darussalam,Rice Cultivation,Emissions (CO2eq) from CH4 (AR5),kilotonnes,2.2365,2.3337,2.4796,3.3548,3.6805,4.7404,5.3239,6.588,6.3206,8.4161,8.9849,7.7986,8.737,6.2233,4.6189,4.4925,4.9252,4.473,3.8069,3.7583,4.1473
Brunei Darussalam,Rice Cultivation,Emissions (CO2eq) (AR5),kilotonnes,2.2365,2.3337,2.4796,3.3548,3.6805,4.7404,5.3239,6.588,6.3206,8.4161,8.9849,7.7986,8.737,6.2233,4.6189,4.4925,4.9252,4.473,3.8069,3.7583,4.1473
Brunei Darussalam,Burning - Crop residues,Emissions (CH4),kilotonnes,0.0007,0.0007,0.0008,0.001,0.0011,0.0014,0.0016,0.002,0.0019,0.0026,0.0027,0.0024,0.0027,0.0019,0.0014,0.0014,0.0015,0.0014,0.0012,0.0011,0.0013
Brunei Darussalam,Burning - Crop residues,Emissions (N2O),kilotonnes,0,0,0,0,0,0,0,0.0001,0.0001,0.0001,0.0001,0.0001,0.0001,0,0,0,0,0,0,0,0
Brunei Darussalam,Burning - Crop residues,Emissions (CO2eq) from CH4 (AR5),kilotonnes,0.0191,0.02,0.0212,0.0287,0.0315,0.0405,0.0455,0.0563,0.0541,0.072,0.0768,0.0667,0.0747,0.0532,0.0395,0.0384,0.0421,0.0383,0.0326,0.0321,0.0355
Brunei Darussalam,Burning - Crop residues,Emissions (CO2eq) from N2O (AR5),kilotonnes,0.0047,0.0049,0.0052,0.007,0.0077,0.0099,0.0112,0.0138,0.0133,0.0177,0.0189,0.0164,0.0183,0.0131,0.0097,0.0094,0.0103,0.0094,0.008,0.0079,0.0087
Brunei Darussalam,Burning - Crop residues,Emissions (CO2eq) (AR5),kilotonnes,0.0238,0.0249,0.0264,0.0357,0.0392,0.0505,0.0567,0.0702,0.0673,0.0896,0.0957,0.0831,0.0931,0.0663,0.0492,0.0478,0.0525,0.0476,0.0405,0.04,0.0442
Brunei Darussalam,Enteric Fermentation,Emissions (CH4),kilotonnes,0.3946,0.4263,0.409,0.4315,0.3484,0.3502,0.3406,0.3388,0.3547,0.3212,0.3238,0.2364,0.2298,0.2249,0.2309,0.259,0.2571,0.2405,0.2156,0.2096,0.2103
Brunei Darussalam,Enteric Fermentation,Emissions (CH4),kilotonnes,,,,,,,,,,,0.3034,,,,,,,,,,
Brunei Darussalam,Enteric Fermentation,Emissions (CO2eq) from CH4 (AR5),kilotonnes,11.0494,11.9351,11.4518,12.0808,9.7546,9.8057,9.5358,9.4851,9.932,8.9939,9.0671,6.6182,6.4333,6.2979,6.4645,7.2508,7.1999,6.7333,6.0358,5.869,5.8881
Brunei Darussalam,Enteric Fermentation,Emissions (CO2eq) from CH4 (AR5),kilotonnes,,,,,,,,,,,8.4952,,,,,,,,,,
Brunei Darussalam,Enteric Fermentation,Emissions (CO2eq) (AR5),kilotonnes,11.0494,11.9351,11.4518,12.0808,9.7546,9.8057,9.5358,9.4851,9.932,8.9939,9.0671,6.6182,6.4333,6.2979,6.4645,7.2508,7.1999,6.7333,6.0358,5.869,5.8881
Brunei Darussalam,Enteric Fermentation,Emissions (CO2eq) (AR5),kilotonnes,,,,,,,,,,,8.4952,,,,,,,,,,
Brunei Darussalam,Manure Management,Emissions (CH4),kilotonnes,0.2216,0.2513,0.2314,0.2606,0.283,0.2564,0.2883,0.3087,0.314,0.3096,0.3262,0.3127,0.3648,0.4039,0.3651,0.3671,0.3764,0.3665,0.3922,0.3603,0.4092
Brunei Darussalam,Manure Management,Emissions (CH4),kilotonnes,,,,,,,,,,,0.3707,,,,,,,,,,
Brunei Darussalam,Manure Management,Emissions (N2O),kilotonnes,0.0207,0.0233,0.0217,0.0242,0.0257,0.0235,0.0261,0.0277,0.0281,0.0274,0.0287,0.027,0.031,0.0339,0.0309,0.0313,0.032,0.0305,0.0323,0.0302,0.034
Brunei Darussalam,Manure Management,Emissions (CO2eq) from CH4 (AR5),kilotonnes,6.2044,7.0358,6.4801,7.298,7.9251,7.1789,8.0729,8.6425,8.793,8.6689,9.1322,8.7551,10.2156,11.3095,10.2229,10.2797,10.5387,10.2633,10.9817,10.0874,11.458
Brunei Darussalam,Manure Management,Emissions (CO2eq) from CH4 (AR5),kilotonnes,,,,,,,,,,,10.3796,,,,,,,,,,
Brunei Darussalam,Manure Management,Emissions (CO2eq) from N2O (AR5),kilotonnes,5.4781,6.1807,5.7403,6.4059,6.7973,6.2233,6.917,7.3392,7.4478,7.2495,7.6145,7.1586,8.2145,8.992,8.1982,8.29,8.4855,8.0872,8.5702,7.9911,9.007
Brunei Darussalam,Manure Management,Emissions (CO2eq) (AR5),kilotonnes,11.6825,13.2165,12.2204,13.7039,14.7223,13.4022,14.9899,15.9817,16.2409,15.9184,16.7468,15.9137,18.4301,20.3015,18.4212,18.5697,19.0242,18.3505,19.5519,18.0785,20.465
Brunei Darussalam,Manure Management,Emissions (CO2eq) (AR5),kilotonnes,,,,,,,,,,,10.3796,,,,,,,,,,
Brunei Darussalam,Manure left on Pasture,Direct emissions (N2O),kilotonnes,0.0579,0.0659,0.0612,0.0689,0.0756,0.0687,0.0773,0.0827,0.0839,0.0832,0.0878,0.0842,0.0976,0.1073,0.0973,0.098,0.1009,0.0961,0.1022,0.0953,0.1079
Brunei Darussalam,Manure left on Pasture,Indirect emissions (N2O),kilotonnes,0.0125,0.0142,0.0132,0.0149,0.0163,0.0148,0.0167,0.0179,0.0181,0.0181,0.0191,0.0183,0.0212,0.0233,0.0211,0.0213,0.022,0.0209,0.0222,0.0207,0.0234
Brunei Darussalam,Manure left on Pasture,Emissions (N2O),kilotonnes,0.0704,0.0801,0.0744,0.0838,0.0919,0.0835,0.094,0.1006,0.102,0.1013,0.1069,0.1025,0.1188,0.1305,0.1184,0.1193,0.1229,0.117,0.1243,0.116,0.1312
Brunei Darussalam,Manure left on Pasture,Emissions (CO2eq) from N2O (AR5),kilotonnes,18.6663,21.2378,19.7279,22.1998,24.3581,22.1303,24.904,26.65,27.0257,26.8529,28.3266,27.1701,31.4829,34.5866,31.3882,31.6014,32.5565,31.0005,32.95,30.7385,34.7783
Brunei Darussalam,Manure left on Pasture,Emissions (CO2eq) (AR5),kilotonnes,18.6663,21.2378,19.7279,22.1998,24.3581,22.1303,24.904,26.65,27.0257,26.8529,28.3266,27.1701,31.4829,34.5866,31.3882,31.6014,32.5565,31.0005,32.95,30.7385,34.7783
Brunei Darussalam,Manure applied to Soils,Direct emissions (N2O),kilotonnes,0.0333,0.0381,0.0352,0.0398,0.0443,0.04,0.0453,0.0485,0.0491,0.0486,0.0513,0.0496,0.0577,0.0636,0.0575,0.0577,0.0594,0.0566,0.0606,0.0565,0.0641
Brunei Darussalam,Manure applied to Soils,Indirect emissions (N2O),kilotonnes,0.0142,0.0162,0.015,0.0169,0.0188,0.017,0.0192,0.0206,0.0209,0.0207,0.0218,0.0211,0.0245,0.027,0.0245,0.0245,0.0252,0.0241,0.0258,0.024,0.0272
Brunei Darussalam,Manure applied to Soils,Emissions (N2O),kilotonnes,0.0475,0.0543,0.0502,0.0567,0.0631,0.057,0.0645,0.0691,0.07,0.0693,0.0731,0.0707,0.0822,0.0906,0.082,0.0823,0.0846,0.0807,0.0864,0.0805,0.0913
Brunei Darussalam,Manure applied to Soils,Emissions (CO2eq) from N2O (AR5),kilotonnes,12.593,14.385,13.3073,15.016,16.7192,15.1016,17.0963,18.3234,18.5525,18.3535,19.3821,18.7259,21.7876,24.0163,21.7259,21.8074,22.4258,21.3907,22.8938,21.3206,24.1962
Brunei Darussalam,Manure applied to Soils,Emissions (CO2eq) (AR5),kilotonnes,12.593,14.385,13.3073,15.016,16.7192,15.1016,17.0963,18.3234,18.5525,18.3535,19.3821,18.7259,21.7876,24.0163,21.7259,21.8074,22.4258,21.3907,22.8938,21.3206,24.1962
Brunei Darussalam,Synthetic Fertilizers,Direct emissions (N2O),kilotonnes,,,0.0003,0.0012,0.0016,0.0047,0.0013,0.0069,0.002,0.0027,0.0095,0.0041,0.0046,0.0011,0.0038,0.0038,0.0038,0.0038,0.0038,0.0038,0.0038
Brunei Darussalam,Synthetic Fertilizers,Indirect emissions (N2O),kilotonnes,,,0.0001,0.0004,0.0005,0.0015,0.0004,0.0023,0.0006,0.0009,0.0031,0.0013,0.0015,0.0004,0.0012,0.0012,0.0012,0.0012,0.0012,0.0012,0.0012
Brunei Darussalam,Synthetic Fertilizers,Emissions (N2O),kilotonnes,,,0.0004,0.0016,0.0021,0.0062,0.0017,0.0092,0.0026,0.0036,0.0126,0.0055,0.0061,0.0015,0.0051,0.0051,0.0051,0.0051,0.0051,0.0051,0.0051
Brunei Darussalam,Synthetic Fertilizers,Emissions (CO2eq) from N2O (AR5),kilotonnes,,,0.1048,0.4304,0.5573,1.6498,0.4524,2.4388,0.6952,0.949,3.3327,1.4511,1.6167,0.3862,1.3408,1.3408,1.3408,1.3408,1.3408,1.3408,1.3408
Brunei Darussalam,Synthetic Fertilizers,Emissions (CO2eq) (AR5),kilotonnes,,,0.1048,0.4304,0.5573,1.6498,0.4524,2.4388,0.6952,0.949,3.3327,1.4511,1.6167,0.3862,1.3408,1.3408,1.3408,1.3408,1.3408,1.3408,1.3408
Brunei Darussalam,Drained organic soils,Emissions (CO2eq) (AR5),kilotonnes,342.2585,314.7719,312.3826,298.0207,295.5546,283.4953,284.8332,274.73,269.6251,268.8246,267.0322,261.7812,260.0522,252.4912,251.2095,251.2095,254.3046,250.7822,253.1842,248.4377,253.3257
Brunei Darussalam,Drained organic soils (CO2),Emissions (CO2),kilotonnes,328.7297,302.3252,300.0291,286.2313,283.8645,272.2806,273.5653,263.856,258.9533,258.1882,256.4668,251.4216,249.76,242.4969,241.2683,241.2683,244.2428,240.8588,243.165,238.596,243.2925
Brunei Darussalam,Drained organic soils (CO2),Emissions (CO2eq) (AR5),kilotonnes,328.7297,302.3252,300.0291,286.2313,283.8645,272.2806,273.5653,263.856,258.9533,258.1882,256.4668,251.4216,249.76,242.4969,241.2683,241.2683,244.2428,240.8588,243.165,238.596,243.2925
Brunei Darussalam,Drained organic soils (N2O),Emissions (N2O),kilotonnes,0.0511,0.047,0.0466,0.0445,0.0441,0.0423,0.0425,0.041,0.0403,0.0401,0.0399,0.0391,0.0388,0.0377,0.0375,0.0375,0.038,0.0374,0.0378,0.0371,0.0379
Brunei Darussalam,Drained organic soils (N2O),Emissions (CO2eq) from N2O (AR5),kilotonnes,13.5288,12.4467,12.3535,11.7894,11.6901,11.2146,11.2678,10.874,10.6718,10.6363,10.5654,10.3596,10.2922,9.9943,9.9411,9.9411,10.0618,9.9234,10.0192,9.8416,10.0333
Brunei Darussalam,Drained organic soils (N2O),Emissions (CO2eq) (AR5),kilotonnes,13.5288,12.4467,12.3535,11.7894,11.6901,11.2146,11.2678,10.874,10.6718,10.6363,10.5654,10.3596,10.2922,9.9943,9.9411,9.9411,10.0618,9.9234,10.0192,9.8416,10.0333
Brunei Darussalam,On-farm energy use,Emissions (CH4),kilotonnes,0.0113,0.0107,0.0099,0.0085,0.0075,0.0075,0.0076,0.0111,0.011,0.0104,0.0093,0.0095,0.0102,0.0103,0.0087,0.0088,0.0085,0.0098,0.0113,0.0118,0.0118
Brunei Darussalam,On-farm energy use,Emissions (N2O),kilotonnes,0.0011,0.0011,0.0012,0.0012,0.0012,0.0014,0.0015,0.0017,0.0018,0.0018,0.002,0.0023,0.0025,0.0023,0.0022,0.0023,0.002,0.0024,0.0024,0.0024,0.0024
Brunei Darussalam,On-farm energy use,Emissions (CO2),kilotonnes,12.4948,12.3101,11.8372,10.755,9.8956,10.2888,10.702,47.0198,44.689,22.9148,13.4355,14.3958,15.1156,14.7238,13.1473,13.2815,12.4471,21.1015,26.2333,28.8505,28.8505
Brunei Darussalam,On-farm energy use,Emissions (CO2eq) from CH4 (AR5),kilotonnes,0.3151,0.2999,0.276,0.238,0.2091,0.2111,0.2136,0.3118,0.309,0.2909,0.2598,0.2668,0.2855,0.2895,0.243,0.2461,0.2389,0.2748,0.3152,0.3296,0.3296
Brunei Darussalam,On-farm energy use,Emissions (CO2eq) from N2O (AR5),kilotonnes,0.2987,0.297,0.3107,0.3249,0.3258,0.363,0.4022,0.4483,0.4692,0.4889,0.5272,0.6177,0.6512,0.6115,0.5947,0.6051,0.5377,0.6285,0.6395,0.6484,0.6484
Brunei Darussalam,On-farm energy use,Emissions (CO2eq) (AR5),kilotonnes,13.1085,12.907,12.4239,11.3179,10.4305,10.8629,11.3178,47.7798,45.4672,23.6946,14.2224,15.2802,16.0522,15.6248,13.985,14.1327,13.2238,22.0048,27.1879,29.8285,29.8285
Brunei Darussalam,Forestland,Emissions (CO2),kilotonnes,-33.7803,-126.676,-126.676,-126.676,-126.676,-126.676,-126.676,-126.676,-126.676,-126.676,-126.676,-145.6774,-145.6774,-145.6774,-145.6774,-145.6774,-17.9458,-17.9458,-17.9458,-17.9458,-17.9458
Brunei Darussalam,Forestland,Emissions (CO2eq) (AR5),kilotonnes,-33.7803,-126.676,-126.676,-126.676,-126.676,-126.676,-126.676,-126.676,-126.676,-126.676,-126.676,-145.6774,-145.6774,-145.6774,-145.6774,-145.6774,-17.9458,-17.9458,-17.9458,-17.9458,-17.9458
Brunei Darussalam,Net Forest conversion,Emissions (CO2),kilotonnes,878.2869,1023.9643,1023.9643,1023.9643,1023.9643,1023.9643,1023.9643,1023.9643,1023.9643,1023.9643,1023.9643,145.6774,145.6774,145.6774,145.6774,145.6774,17.9458,17.9458,17.9458,17.9458,17.9458
Brunei Darussalam,Net Forest conversion,Emissions (CO2eq) (AR5),kilotonnes,878.2869,1023.9643,1023.9643,1023.9643,1023.9643,1023.9643,1023.9643,1023.9643,1023.9643,1023.9643,1023.9643,145.6774,145.6774,145.6774,145.6774,145.6774,17.9458,17.9458,17.9458,17.9458,17.9458
Brunei Darussalam,Savanna fires,Emissions (CH4),kilotonnes,0.0004,0,0,0.0037,0.0033,0.0012,0,0,0,0.0009,0,0,0,0,0.0009,0.0061,0.0012,0,0,0.0008,0.0013
Brunei Darussalam,Savanna fires,Emissions (N2O),kilotonnes,0,0,0,0.0003,0.0003,0.0001,0,0,0,0.0001,0,0,0,0,0.0001,0.0006,0.0001,0,0,0.0001,0.0001
Brunei Darussalam,Savanna fires,Emissions (CO2eq) from CH4 (AR5),kilotonnes,0.0105,0,0,0.1041,0.0914,0.033,0,0,0,0.0248,0,0,0,0,0.0248,0.1694,0.0333,0,0,0.0226,0.0358
Brunei Darussalam,Savanna fires,Emissions (CO2eq) from N2O (AR5),kilotonnes,0.009,0,0,0.0899,0.079,0.0285,0,0,0,0.0214,0,0,0,0,0.0214,0.1464,0.0288,0,0,0.0195,0.0309
Brunei Darussalam,Savanna fires,Emissions (CO2eq) (AR5),kilotonnes,0.0195,0,0,0.194,0.1704,0.0616,0,0,0,0.0462,0,0,0,0,0.0462,0.3158,0.0621,0,0,0.0421,0.0667
Brunei Darussalam,Fires in organic soils,Emissions (CH4),kilotonnes,0.6136,0.507,0,1.4677,0.0634,0.3169,0,0,0,0.2535,0.1109,0,0,0,0.8872,0.512,0.5703,0,0,0.2104,0.6971
Brunei Darussalam,Fires in organic soils,Emissions (CO2),kilotonnes,50.2416,41.065,0,119.5587,5.1331,25.6655,0,0,0,20.5324,8.983,0,0,0,71.8632,41.8134,46.1979,0,0,18.3941,56.464
Brunei Darussalam,Fires in organic soils,Emissions (CO2eq) from CH4 (AR5),kilotonnes,17.1819,14.1953,0,41.0957,1.7744,8.872,0,0,0,7.0976,3.1052,0,0,0,24.8416,14.3374,15.9696,0,0,5.8919,19.5184
Brunei Darussalam,Fires in organic soils,Emissions (CO2eq) (AR5),kilotonnes,67.4235,55.2603,0,160.6543,6.9075,34.5375,0,0,0,27.63,12.0882,0,0,0,96.7048,56.1508,62.1675,0,0,24.2861,75.9824
Brunei Darussalam,Forest fires,Emissions (CH4),kilotonnes,0.1666,0.008,0,0.0425,0.0106,0.0027,0,0.0027,0,0.016,0,0,0,0,0.0425,0.008,0.016,0,0,0,0.016
Brunei Darussalam,Forest fires,Emissions (N2O),kilotonnes,0.0049,0.0007,0,0.0039,0.001,0.0002,0,0.0002,0,0.0015,0,0,0,0,0.0039,0.0007,0.0015,0,0,0,0.0015
Brunei Darussalam,Forest fires,Emissions (CO2eq) from CH4 (AR5),kilotonnes,4.6634,0.2234,0,1.1914,0.2978,0.0745,0,0.0745,0,0.4468,0,0,0,0,1.1914,0.2234,0.4468,0,0,0,0.4468
Brunei Darussalam,Forest fires,Emissions (CO2eq) from N2O (AR5),kilotonnes,1.2982,0.193,0,1.0295,0.2574,0.0643,0,0.0643,0,0.3861,0,0,0,0,1.0295,0.193,0.3861,0,0,0,0.3861
Brunei Darussalam,Forest fires,Emissions (CO2eq) (AR5),kilotonnes,5.9616,0.4164,0,2.2209,0.5552,0.1388,0,0.1388,0,0.8328,0,0,0,0,2.2208,0.4164,0.8328,0,0,0,0.8328
Brunei Darussalam,Fires in humid tropical forests,Emissions (CH4),kilotonnes,0.1666,0.008,0,0.0425,0.0106,0.0027,0,0.0027,0,0.016,0,0,0,0,0.0425,0.008,0.016,0,0,0,0.016
Brunei Darussalam,Fires in humid tropical forests,Emissions (N2O),kilotonnes,0.0049,0.0007,0,0.0039,0.001,0.0002,0,0.0002,0,0.0015,0,0,0,0,0.0039,0.0007,0.0015,0,0,0,0.0015
Brunei Darussalam,Fires in humid tropical forests,Emissions (CO2eq) from CH4 (AR5),kilotonnes,4.6634,0.2234,0,1.1914,0.2978,0.0745,0,0.0745,0,0.4468,0,0,0,0,1.1914,0.2234,0.4468,0,0,0,0.4468
Brunei Darussalam,Fires in humid tropical forests,Emissions (CO2eq) from N2O (AR5),kilotonnes,1.2982,0.193,0,1.0295,0.2574,0.0643,0,0.0643,0,0.3861,0,0,0,0,1.0295,0.193,0.3861,0,0,0,0.3861
Brunei Darussalam,Fires in humid tropical forests,Emissions (CO2eq) (AR5),kilotonnes,5.9616,0.4164,0,2.2209,0.5552,0.1388,0,0.1388,0,0.8328,0,0,0,0,2.2208,0.4164,0.8328,0,0,0,0.8328
Brunei Darussalam,Waste - agri-food systems,Emissions (CH4),kilotonnes,5.464,5.4884,5.5143,5.5395,5.5672,5.5928,5.6507,5.6873,5.7242,5.7267,5.7544,5.8028,5.8365,5.8628,5.8312,5.8172,5.8042,5.7997,5.8109,5.8163,5.8123
Brunei Darussalam,Waste - agri-food systems,Emissions (N2O),kilotonnes,0.0096,0.0105,0.011,0.0111,0.0112,0.0108,0.0111,0.0109,0.0112,0.0112,0.0115,0.012,0.0126,0.0132,0.013,0.0132,0.0133,0.0135,0.0136,0.0137,0.0139
Brunei Darussalam,Waste - agri-food systems,Emissions (CO2),kilotonnes,6.2865,6.2672,6.2791,6.3112,6.3623,6.4157,6.4674,6.4857,6.5307,6.4488,6.5171,6.6012,6.609,6.5946,6.5788,6.5008,6.4657,6.4829,6.5143,6.5122,6.4801
Brunei Darussalam,Waste - agri-food systems,Emissions (CO2eq) from CH4 (AR5),kilotonnes,152.9928,153.6747,154.4011,155.1067,155.8823,156.5997,158.2202,159.2442,160.277,160.3482,161.1239,162.4797,163.4211,164.1598,163.2746,162.8825,162.5169,162.3909,162.7056,162.8572,162.7454
Brunei Darussalam,Waste - agri-food systems,Emissions (CO2eq) from N2O (AR5),kilotonnes,2.5441,2.7742,2.9128,2.9466,2.9753,2.8715,2.9472,2.89,2.9802,2.9733,3.0591,3.1895,3.3428,3.5013,3.4516,3.4896,3.5331,3.567,3.6092,3.6423,3.6741
Brunei Darussalam,Waste - agri-food systems,Emissions (CO2eq) (AR5),kilotonnes,161.8234,162.7162,163.593,164.3646,165.2199,165.8869,167.6348,168.6199,169.7879,169.7703,170.7001,172.2704,173.3729,174.2557,173.305,172.873,172.5157,172.4408,172.8291,173.0117,172.8996
Brunei Darussalam,On-farm electricity use,Emissions (CH4),kilotonnes,0.0909,0.0917,0.0954,0.0979,0.11,0.1108,0.1084,0.0992,0.1005,0.1036,0.1051,0.1106,0.1158,0.1139,0.1211,0.1224,0.1165,0.1123,0.1173,0.1165,0.1165
Brunei Darussalam,On-farm electricity use,Emissions (N2O),kilotonnes,0.0006,0.0006,0.0006,0.0006,0.0007,0.0007,0.0007,0.0006,0.0006,0.0007,0.0006,0.0007,0.0007,0.0007,0.0008,0.0007,0.0008,0.0007,0.0007,0.0008,0.0008
Brunei Darussalam,On-farm electricity use,Emissions (CO2),kilotonnes,74.3952,75.0154,78.0869,80.1247,90.0775,90.6386,88.6599,81.1583,82.2216,84.791,86.0609,90.4909,94.7438,93.1785,99.1443,100.1485,95.305,91.9086,95.9842,95.3522,95.3522
Brunei Darussalam,On-farm electricity use,Emissions (CO2eq) from CH4 (AR5),kilotonnes,2.5452,2.5676,2.6712,2.7412,3.08,3.1024,3.0352,2.7776,2.814,2.9008,2.9428,3.0968,3.2424,3.1892,3.3908,3.4272,3.262,3.1444,3.2844,3.262,3.262
Brunei Darussalam,On-farm electricity use,Emissions (CO2eq) from N2O (AR5),kilotonnes,0.159,0.159,0.159,0.159,0.1855,0.1855,0.1855,0.159,0.159,0.1855,0.159,0.1855,0.1855,0.1855,0.212,0.1855,0.212,0.1855,0.1855,0.212,0.212
Brunei Darussalam,On-farm electricity use,Emissions (CO2eq) (AR5),kilotonnes,77.0994,77.742,80.9171,83.0249,93.343,93.9265,91.8806,84.0949,85.1946,87.8773,89.1627,93.7732,98.1717,96.5532,102.7471,103.7612,98.779,95.2385,99.4541,98.8262,98.8262
Brunei Darussalam,Food Processing,Emissions (CH4),kilotonnes,0.0052,0.0054,0.0045,0.0045,0.0072,0.006,0.0056,1.6409,2.0455,1.545,0.9698,1.6704,1.3037,1.2233,1.3045,1.3452,1.3774,1.5302,1.6014,1.4442,1.4219
Brunei Darussalam,Food Processing,Emissions (N2O),kilotonnes,0,0,0,0,0.0001,0,0,0.0004,0.0005,0.0004,0.0003,0.0003,0.0003,0.0003,0.0003,0.0003,0.0003,0.0003,0.0003,0.0003,0.0003
Brunei Darussalam,Food Processing,Emissions (CO2),kilotonnes,34.9744,31.4433,24.8537,24.3475,41.9945,37.0019,31.947,202.2598,226.0197,184.9541,131.3742,220.1237,230.1745,187.5411,211.036,150.3622,174.6405,201.7735,186.1525,251.6246,242.3052
Brunei Darussalam,Food Processing,Emissions (CO2eq) from CH4 (AR5),kilotonnes,0.1456,0.1512,0.126,0.126,0.2016,0.168,0.1568,45.9452,57.274,43.26,27.1544,46.7712,36.5036,34.2524,36.526,37.6656,38.5672,42.8456,44.8392,40.4376,39.8123
Brunei Darussalam,Food Processing,Emissions (CO2eq) from N2O (AR5),kilotonnes,0,0,0,0,0.0265,0,0,0.106,0.1325,0.106,0.0795,0.0795,0.0795,0.0795,0.0795,0.0795,0.0795,0.0795,0.0795,0.0795,0.0815
Brunei Darussalam,Food Processing,Emissions (CO2eq) (AR5),kilotonnes,35.12,31.5945,24.9797,24.4735,42.2226,37.1699,32.1038,248.311,283.4262,228.3201,158.6081,266.9744,266.7576,221.873,247.6415,188.1073,213.2872,244.6986,231.0712,292.1417,282.1989
Brunei Darussalam,Food Packaging,Emissions (CH4),kilotonnes,0.0135,0.0146,0.0135,0.0143,0.0134,0.0131,0.0155,0.0149,0.0185,0.0151,0.0142,0.016,0.0268,0.0129,0.0155,0.0155,0.0232,0.0251,0.0274,0.0216,0.0213
Brunei Darussalam,Food Packaging,Emissions (N2O),kilotonnes,0,0,0,0,0,0,0,0,0,0,0,0,0,0,0,0,0,0.0001,0.0001,0,0
Brunei Darussalam,Food Packaging,Emissions (CO2),kilotonnes,1.0956,1.1034,1.0046,1.0566,1.1633,1.1841,1.1867,2.1158,2.445,6.7425,6.0125,5.2637,7.0287,4.1542,4.3632,3.4058,3.6406,45.9395,70.7902,19.622,18.8953
Brunei Darussalam,Food Packaging,Emissions (CO2eq) from CH4 (AR5),kilotonnes,0.378,0.4088,0.378,0.4004,0.3752,0.3668,0.434,0.4172,0.518,0.4228,0.3976,0.448,0.7504,0.3612,0.434,0.434,0.6496,0.7028,0.7672,0.6048,0.5954
Brunei Darussalam,Food Packaging,Emissions (CO2eq) from N2O (AR5),kilotonnes,0,0,0,0,0,0,0,0,0,0,0,0,0,0,0,0,0,0.0265,0.0265,0,0
Brunei Darussalam,Food Packaging,Emissions (CO2eq) (AR5),kilotonnes,1.4736,1.5122,1.3826,1.457,1.5385,1.5509,1.6207,2.533,2.963,7.1653,6.4101,5.7117,7.7791,4.5154,4.7972,3.8398,4.2902,46.6688,71.5839,20.2268,19.4907
Brunei Darussalam,Food Retail,Emissions (CH4),kilotonnes,0.0071,0.0071,0.0072,0.0071,0.0071,0.0071,0.0071,0.3197,0.2004,0.2098,0.2236,0.2356,0.2386,0.2343,0.2614,0.2641,0.2461,0.2444,0.2573,0.287,0.2826
Brunei Darussalam,Food Retail,Emissions (N2O),kilotonnes,0,0,0,0,0,0,0,0.002,0.0013,0.0013,0.0014,0.0015,0.0015,0.0015,0.0016,0.0017,0.0015,0.0015,0.0016,0.0018,0.0018
Brunei Darussalam,Food Retail,Emissions (CO2),kilotonnes,5.7741,5.7741,5.892,5.7741,5.7741,5.7741,5.7741,261.6028,164.032,171.6916,183.0041,192.7848,195.2594,191.7242,213.878,216.1169,201.387,199.973,210.5785,234.8894,226.1898
Brunei Darussalam,Food Retail,Emissions (CO2eq) from F-gases (AR5),kilotonnes,103.9,132.4725,162.6035,190.6565,220.268,254.0355,283.1275,312.2195,316.3755,318.4535,320.012,320.5315,321.051,321.5705,321.5705,321.5705,349.104,356.377,363.1305,370.4035,386.6289
Brunei Darussalam,Food Retail,Emissions (CO2eq) from CH4 (AR5),kilotonnes,0.1988,0.1988,0.2016,0.1988,0.1988,0.1988,0.1988,8.9516,5.6112,5.8744,6.2608,6.5968,6.6808,6.5604,7.3192,7.3948,6.8908,6.8432,7.2044,8.036,7.9117
Brunei Darussalam,Food Retail,Emissions (CO2eq) from N2O (AR5),kilotonnes,0,0,0,0,0,0,0,0.53,0.3445,0.3445,0.371,0.3975,0.3975,0.3975,0.424,0.4505,0.3975,0.3975,0.424,0.477,0.4888
Brunei Darussalam,Food Retail,Emissions (CO2eq) (AR5),kilotonnes,109.8729,138.4454,168.6971,196.6294,226.2409,260.0084,289.1004,583.3039,486.3632,496.364,509.6479,520.3106,523.3887,520.2526,543.1917,545.5327,557.7793,563.5907,581.3374,613.8059,621.2192
Brunei Darussalam,Food Household Consumption,Emissions (CH4),kilotonnes,0.2244,0.2504,0.2673,0.2934,0.3216,0.3111,0.2956,0.0958,0.336,0.3406,0.3285,0.3343,0.3718,0.372,0.3719,0.3798,0.3848,0.3559,0.3636,0.3636,0.358
Brunei Darussalam,Food Household Consumption,Emissions (N2O),kilotonnes,0.0014,0.0016,0.0017,0.0019,0.002,0.002,0.0019,0.0006,0.0021,0.0022,0.0021,0.0021,0.0024,0.0024,0.0024,0.0024,0.0024,0.0023,0.0023,0.0023,0.0024
Brunei Darussalam,Food Household Consumption,Emissions (CO2),kilotonnes,198.7769,226.6871,241.3055,260.4725,280.6473,272.1358,258.6322,103.7123,301.558,304.0712,292.1877,297.6616,327.5322,326.4796,324.9968,330.5332,335.0291,312.5705,322.7068,322.7068,310.7547
Brunei Darussalam,Food Household Consumption,Emissions (CO2eq) from CH4 (AR5),kilotonnes,6.2832,7.0112,7.4844,8.2152,9.0048,8.7108,8.2768,2.6824,9.408,9.5368,9.198,9.3604,10.4104,10.416,10.4132,10.6344,10.7744,9.9652,10.1808,10.1808,10.0234
Brunei Darussalam,Food Household Consumption,Emissions (CO2eq) from N2O (AR5),kilotonnes,0.371,0.424,0.4505,0.5035,0.53,0.53,0.5035,0.159,0.5565,0.583,0.5565,0.5565,0.636,0.636,0.636,0.636,0.636,0.6095,0.6095,0.6095,0.6245
Brunei Darussalam,Food Household Consumption,Emissions (CO2eq) (AR5),kilotonnes,205.4311,234.1223,249.2404,269.1912,290.1821,281.3766,267.4125,106.5537,311.5225,314.191,301.9422,307.5785,338.5786,337.5316,336.046,341.8036,346.4395,323.1452,333.4971,333.4971,321.4026
Brunei Darussalam,Food Transport,Emissions (CH4),kilotonnes,0.0267,0.026,0.0257,0.0248,0.0242,0.0223,0.0219,0.0202,0.0193,0.0182,0.0174,0.0183,0.0196,0.0198,0.0204,0.0206,0.0207,0.0207,0.021,0.0173,0.017
Brunei Darussalam,Food Transport,Emissions (N2O),kilotonnes,0.0021,0.0022,0.0023,0.0024,0.0025,0.0025,0.0026,0.003,0.0031,0.0031,0.0033,0.0035,0.0037,0.0038,0.0039,0.0039,0.0039,0.0039,0.004,0.0042,0.0043
Brunei Darussalam,Food Transport,Emissions (CO2),kilotonnes,88.88,92.73,96.91,101.53,107.14,104.72,113.3,124.3,124.3,123.2,129.8,140.8,147.4,146.3,148.5,149.6,147.4,146.3,148.5,159.2312,153.3337
Brunei Darussalam,Food Transport,Emissions (CO2eq) from CH4 (AR5),kilotonnes,0.7476,0.728,0.7196,0.6944,0.6776,0.6244,0.6132,0.5656,0.5404,0.5096,0.4872,0.5124,0.5488,0.5544,0.5712,0.5768,0.5796,0.5796,0.588,0.4844,0.4769
Brunei Darussalam,Food Transport,Emissions (CO2eq) from N2O (AR5),kilotonnes,0.5565,0.583,0.6095,0.636,0.6625,0.6625,0.689,0.795,0.8215,0.8215,0.8745,0.9275,0.9805,1.007,1.0335,1.0335,1.0335,1.0335,1.06,1.113,1.1405
Brunei Darussalam,Food Transport,Emissions (CO2eq) (AR5),kilotonnes,90.1841,94.041,98.2391,102.8604,108.4801,106.0069,114.6022,125.6606,125.6619,124.5311,131.1617,142.2399,148.9293,147.8614,150.1047,151.2103,149.0131,147.9131,150.148,160.8286,154.9511
Brunei Darussalam,Energy,Emissions (CH4),kilotonnes,203,219,202,214,201,197,232,224,275,230,216,228,222,208,201,195,186,196,192,194,191
Brunei Darussalam,Energy,Emissions (N2O),kilotonnes,0.0311,0.0331,0.0323,0.0352,0.0341,0.0336,0.0416,0.0436,0.051,0.0491,0.0484,0.0508,0.0529,0.0526,0.0533,0.053,0.0558,0.057,0.0557,0.0608,0.0623
Brunei Darussalam,Energy,Emissions (CO2),kilotonnes,4180,4200,3770,3940,4450,4540,4510,8190,9050,7560,7920,9550,9390,7690,8880,6970,7750,9360,9710,10800,10400
Brunei Darussalam,Energy,Emissions (CO2eq) from CH4 (AR5),kilotonnes,5684,6132,5656,5992,5628,5516,6496,6272,7700,6440,6048,6384,6216,5824,5628,5460,5208,5488,5376,5432,5348
Brunei Darussalam,Energy,Emissions (CO2eq) from N2O (AR5),kilotonnes,8.2415,8.7715,8.5595,9.328,9.0365,8.904,11.024,11.554,13.515,13.0115,12.826,13.462,14.0185,13.939,14.1245,14.045,14.787,15.105,14.7605,16.112,16.5095
Brunei Darussalam,Energy,Emissions (CO2eq) (AR5),kilotonnes,9872.2415,10340.7715,9434.5595,9941.328,10087.0365,10064.904,11017.024,14473.554,16763.515,14013.0115,13980.826,15947.462,15620.0185,13527.939,14522.1245,12444.045,12972.787,14863.105,15100.7605,16248.112,15764.5095
Brunei Darussalam,IPPU,Emissions (N2O),kilotonnes,0,0,0,0,0,0,0,0,0,0,0,0,0,0,0,0,0,0,0,0,0
Brunei Darussalam,IPPU,Emissions (CO2),kilotonnes,13.2,13.5,13.8,14.2,15,15.3,15.6,15.9,16.9,16.3,17,17.1,17.2,17.3,17.4,17.4,16.9,17.3,17.3,17.9,18.1
Brunei Darussalam,IPPU,Emissions (CO2eq) from F-gases (AR5),kilotonnes,109.8083,139.9327,173.9441,210.8707,248.7692,285.6958,326.5095,363.4362,400.3629,438.2613,476.1597,498.5101,533.4933,568.4764,602.4878,637.471,672.4542,706.4656,741.4487,776.4319,810.4433
Brunei Darussalam,IPPU,Emissions (CO2eq) from N2O (AR5),kilotonnes,0.0007,0.0007,0.0007,0.0007,0.0008,0.0008,0.0008,0.0008,0.0008,0.0008,0.0008,0.0008,0.0008,0.0009,0.0009,0.0009,0.0009,0.0009,0.0009,0.0009,0.0009
Brunei Darussalam,IPPU,Emissions (CO2eq) (AR5),kilotonnes,123.009,153.4334,187.7448,225.0715,263.7699,300.9966,342.1103,379.337,417.2637,454.5621,493.1606,515.6109,550.6941,585.7773,619.8887,654.8719,689.3551,723.7665,758.7497,794.3328,828.5443
Brunei Darussalam,Waste,Emissions (CH4),kilotonnes,3.76,3.86,3.97,4.07,4.16,4.23,4.32,4.39,4.45,4.52,4.6,4.69,4.78,4.86,4.93,5,5.06,5.13,5.22,5.3,5.37
Brunei Darussalam,Waste,Emissions (N2O),kilotonnes,0.0192,0.0196,0.02,0.0209,0.0214,0.0214,0.0214,0.0211,0.0213,0.0213,0.0218,0.0222,0.0232,0.0241,0.0168,0.0092,0.0011,0.0012,0.0012,0.0046,0.0032
Brunei Darussalam,Waste,Emissions (CO2),kilotonnes,1.16,1.2,1.24,1.29,1.33,1.36,1.41,1.45,1.49,1.53,1.57,1.61,1.65,1.65,1.65,1.65,1.65,1.68,1.71,1.77,1.8
Brunei Darussalam,Waste,Emissions (CO2eq) from CH4 (AR5),kilotonnes,105.28,108.08,111.16,113.96,116.48,118.44,120.96,122.92,124.6,126.56,128.8,131.32,133.84,136.08,138.04,140,141.68,143.64,146.16,148.4,150.36
Brunei Darussalam,Waste,Emissions (CO2eq) from N2O (AR5),kilotonnes,5.088,5.194,5.3,5.5385,5.671,5.671,5.671,5.5915,5.6445,5.6445,5.777,5.883,6.148,6.3865,4.452,2.438,0.3021,0.3074,0.3127,1.2322,0.8348
Brunei Darussalam,Waste,Emissions (CO2eq) (AR5),kilotonnes,111.528,114.474,117.7,120.7885,123.481,125.471,128.041,129.9615,131.7345,133.7345,136.147,138.813,141.638,144.1165,144.142,144.088,143.6321,145.6274,148.1827,151.4023,152.9948
Brunei Darussalam,Other,Emissions (N2O),kilotonnes,0.0726,0.0722,0.0728,0.0781,0.0772,0.073,0.104,0.102,0.104,0.0873,0.0757,0.0786,0.0824,0.0785,0.0791,0.0738,0.0767,0.078,0.0811,0.0755,0.0745
Brunei Darussalam,Other,Emissions (CO2eq) from N2O (AR5),kilotonnes,19.239,19.133,19.292,20.6965,20.458,19.345,27.56,27.03,27.56,23.1345,20.0605,20.829,21.836,20.8025,20.9615,19.557,20.3255,20.67,21.4915,20.0075,19.7425
Brunei Darussalam,Other,Emissions (CO2eq) (AR5),kilotonnes,19.239,19.133,19.292,20.6965,20.458,19.345,27.56,27.03,27.56,23.1345,20.0605,20.829,21.836,20.8025,20.9615,19.557,20.3255,20.67,21.4915,20.0075,19.7425
Brunei Darussalam,Farm-gate emissions,Emissions (CH4),kilotonnes,0.7084,0.7723,0.7396,0.8252,0.7747,0.7861,0.8283,0.8958,0.9075,0.9452,0.9829,0.8395,0.9195,0.8633,0.7719,0.8027,0.8206,0.778,0.7561,0.7178,0.7819
Brunei Darussalam,Farm-gate emissions,Direct emissions (N2O),kilotonnes,0.0914,0.1042,0.0969,0.1101,0.1218,0.1138,0.1243,0.1387,0.1355,0.1352,0.1493,0.1386,0.1607,0.1725,0.1591,0.16,0.1646,0.157,0.1671,0.156,0.1763
Brunei Darussalam,Farm-gate emissions,Indirect emissions (N2O),kilotonnes,0.0267,0.0305,0.0284,0.0323,0.0357,0.0335,0.0364,0.0409,0.0398,0.0398,0.0442,0.0409,0.0474,0.0508,0.0469,0.0472,0.0486,0.0463,0.0493,0.046,0.052
Brunei Darussalam,Farm-gate emissions,Emissions (N2O),kilotonnes,0.1911,0.2061,0.1948,0.2126,0.2288,0.2145,0.2309,0.25,0.2454,0.2444,0.2641,0.248,0.2804,0.2973,0.2769,0.2789,0.2853,0.2737,0.2889,0.2719,0.3027
Brunei Darussalam,Farm-gate emissions,Emissions (CO2),kilotonnes,341.2245,314.6353,311.8663,296.9863,293.7601,282.5694,284.2673,310.8757,303.6423,281.103,269.9023,265.8174,264.8756,257.2207,254.4156,254.5499,256.6899,261.9602,269.3983,267.4465,272.143
Brunei Darussalam,Farm-gate emissions,Emissions (CO2eq) from CH4 (AR5),kilotonnes,19.835,21.6245,20.7088,23.1043,21.6921,22.0097,23.1917,25.0837,25.4087,26.4665,27.5209,23.5054,25.746,24.1734,21.6135,22.4768,22.9782,21.7827,21.1721,20.0991,21.8942
Brunei Darussalam,Farm-gate emissions,Emissions (CO2eq) from N2O (AR5),kilotonnes,50.6352,54.6126,51.6141,56.3522,60.6327,56.8497,61.1927,66.2584,65.0382,64.7732,69.9897,65.7142,74.3079,78.7736,73.3673,73.9102,75.6084,72.5304,76.5597,72.043,80.2259
Brunei Darussalam,Farm-gate emissions,Emissions (CO2eq) (AR5),kilotonnes,411.6946,390.8725,384.1892,376.4428,376.0849,361.4288,368.6517,402.2178,394.0891,372.3427,367.4129,355.0369,364.9295,360.1678,349.3964,350.9369,355.2765,356.2733,367.1301,359.5885,374.2631
Brunei Darussalam,Land Use change,Emissions (CH4),kilotonnes,0.7802,0.515,0,1.5103,0.074,0.3195,0,0.0027,0,0.2694,0.1109,0,0,0,0.9297,0.52,0.5863,0,0,0.2104,0.713
Brunei Darussalam,Land Use change,Emissions (N2O),kilotonnes,0.0049,0.0007,0,0.0039,0.001,0.0002,0,0.0002,0,0.0015,0,0,0,0,0.0039,0.0007,0.0015,0,0,0,0.0015
Brunei Darussalam,Land Use change,Emissions (CO2),kilotonnes,928.5286,1065.0293,1023.9643,1143.523,1029.0974,1049.6298,1023.9643,1023.9643,1023.9643,1044.4967,1032.9473,145.6774,145.6774,145.6774,217.5406,187.4908,64.1437,17.9458,17.9458,36.3399,74.4098
Brunei Darussalam,Land Use change,Emissions (CO2eq) from CH4 (AR5),kilotonnes,21.8453,14.4187,0,42.287,2.0722,8.9465,0,0.0745,0,7.5444,3.1052,0,0,0,26.033,14.5608,16.4164,0,0,5.8919,19.9652
Brunei Darussalam,Land Use change,Emissions (CO2eq) from N2O (AR5),kilotonnes,1.2982,0.193,0,1.0295,0.2574,0.0643,0,0.0643,0,0.3861,0,0,0,0,1.0295,0.193,0.3861,0,0,0,0.3861
Brunei Darussalam,Land Use change,Emissions (CO2eq) (AR5),kilotonnes,951.6721,1079.641,1023.9643,1186.8395,1031.427,1058.6406,1023.9643,1024.1031,1023.9643,1052.4271,1036.0526,145.6774,145.6774,145.6774,244.6031,202.2446,80.9461,17.9458,17.9458,42.2318,94.761
Brunei Darussalam,Emissions on agricultural land,Emissions (CH4),kilotonnes,1.4886,1.2873,0.7396,2.3354,0.8487,1.1056,0.8283,0.8985,0.9075,1.2147,1.0938,0.8395,0.9195,0.8633,1.7017,1.3228,1.4069,0.778,0.7561,0.9282,1.495
Brunei Darussalam,Emissions on agricultural land,Emissions (N2O),kilotonnes,0.196,0.2068,0.1948,0.2165,0.2298,0.2148,0.2309,0.2503,0.2454,0.2459,0.2641,0.248,0.2804,0.2973,0.2807,0.2796,0.2868,0.2737,0.2889,0.2719,0.3042
Brunei Darussalam,Emissions on agricultural land,Emissions (CO2),kilotonnes,1269.753,1379.6647,1335.8306,1440.5093,1322.8575,1332.1992,1308.2316,1334.8401,1327.6066,1325.5997,1302.8496,411.4948,410.553,402.8981,471.9563,442.0407,320.8336,279.906,287.3441,303.7864,346.5527
Brunei Darussalam,Emissions on agricultural land,Emissions (CO2eq) from CH4 (AR5),kilotonnes,41.6802,36.0432,20.7088,65.3913,23.7644,30.9562,23.1917,25.1582,25.4087,34.0109,30.6261,23.5054,25.746,24.1734,47.6465,37.0376,39.3946,21.7827,21.1721,25.991,41.8594
Brunei Darussalam,Emissions on agricultural land,Emissions (CO2eq) from N2O (AR5),kilotonnes,51.9334,54.8056,51.6141,57.3817,60.8901,56.914,61.1927,66.3227,65.0382,65.1592,69.9897,65.7142,74.3079,78.7736,74.3967,74.1032,75.9944,72.5304,76.5597,72.043,80.612
Brunei Darussalam,Emissions on agricultural land,Emissions (CO2eq) (AR5),kilotonnes,1363.3667,1470.5135,1408.1535,1563.2823,1407.512,1420.0694,1392.6161,1426.321,1418.0535,1424.7698,1403.4654,500.7143,510.6069,505.8452,593.9995,553.1815,436.2226,374.2191,385.0759,401.8203,469.0241
Brunei Darussalam,Pre- and post- production,Emissions (CH4),kilotonnes,5.8318,5.8836,5.9279,5.9815,6.0507,6.0632,6.1048,7.878,8.4444,7.959,7.413,8.188,7.9128,7.839,7.926,7.9648,7.9729,8.0883,8.1989,8.0665,8.0295
Brunei Darussalam,Pre- and post- production,Emissions (N2O),kilotonnes,0.0137,0.0149,0.0156,0.016,0.0165,0.016,0.0163,0.0175,0.0188,0.0189,0.0192,0.0201,0.0212,0.0219,0.022,0.0222,0.0222,0.0223,0.0226,0.0231,0.0235
Brunei Darussalam,Pre- and post- production,Emissions (CO2),kilotonnes,410.1827,439.0205,454.3318,479.6166,533.159,517.8702,505.9673,781.6347,907.107,881.8992,834.9565,953.7259,1008.7476,955.9722,1008.4971,956.6674,963.8679,1004.948,1041.2265,1089.9384,1053.311
Brunei Darussalam,Pre- and post- production,Emissions (CO2eq) from F-gases (AR5),kilotonnes,103.9,132.4725,162.6035,190.6565,220.268,254.0355,283.1275,312.2195,316.3755,318.4535,320.012,320.5315,321.051,321.5705,321.5705,321.5705,349.104,356.377,363.1305,370.4035,386.6289
Brunei Darussalam,Pre- and post- production,Emissions (CO2eq) from CH4 (AR5),kilotonnes,163.2912,164.7403,165.9819,167.4827,169.4203,169.7709,170.935,220.5838,236.4426,222.8526,207.5647,229.2653,221.5575,219.4934,221.929,223.0153,223.2405,226.4717,229.5696,225.8628,224.8271
Brunei Darussalam,Pre- and post- production,Emissions (CO2eq) from N2O (AR5),kilotonnes,3.6306,3.9402,4.1318,4.2451,4.3798,4.2495,4.3252,4.639,4.9942,5.0138,5.0996,5.336,5.6218,5.8068,5.8366,5.8746,5.8916,5.899,5.9942,6.1333,6.2213
Brunei Darussalam,Pre- and post- production,Emissions (CO2eq) (AR5),kilotonnes,681.0045,740.1736,787.049,842.001,927.2271,945.9261,964.355,1319.077,1464.9193,1428.2191,1367.6328,1508.8587,1556.9779,1502.8429,1557.8332,1507.1279,1542.104,1593.6957,1639.9208,1692.338,1670.9883
Brunei Darussalam,Agri-food systems,Emissions (CH4),kilotonnes,7.3204,7.1708,6.6675,8.3169,6.8995,7.1688,6.9331,8.7765,9.3518,9.1737,8.5068,9.0275,8.8323,8.7024,9.6277,9.2876,9.3798,8.8662,8.9551,8.9948,9.5245
Brunei Darussalam,Agri-food systems,Emissions (N2O),kilotonnes,0.2097,0.2217,0.2104,0.2326,0.2463,0.2308,0.2472,0.2678,0.2643,0.2648,0.2834,0.2681,0.3016,0.3192,0.3028,0.3018,0.309,0.296,0.3115,0.295,0.3277
Brunei Darussalam,Agri-food systems,Emissions (CO2),kilotonnes,1679.9357,1818.6852,1790.1624,1920.1259,1856.0165,1850.0693,1814.1989,2116.4747,2234.7137,2207.4989,2137.8061,1365.2207,1419.3006,1358.8703,1480.4534,1398.7081,1284.7015,1284.854,1328.5705,1393.7248,1399.8637
Brunei Darussalam,Agri-food systems,Emissions (CO2eq) from F-gases (AR5),kilotonnes,103.9,132.4725,162.6035,190.6565,220.268,254.0355,283.1275,312.2195,316.3755,318.4535,320.012,320.5315,321.051,321.5705,321.5705,321.5705,349.104,356.377,363.1305,370.4035,386.6289
Brunei Darussalam,Agri-food systems,Emissions (CO2eq) from CH4 (AR5),kilotonnes,204.9715,200.7836,186.6907,232.874,193.1847,200.7271,194.1268,245.742,261.8513,256.8635,238.1908,252.7707,247.3035,243.6668,269.5755,260.053,262.6351,248.2543,250.7418,251.8538,266.6865
Brunei Darussalam,Agri-food systems,Emissions (CO2eq) from N2O (AR5),kilotonnes,55.564,58.7459,55.7459,61.6268,65.2699,61.1636,65.5179,70.9617,70.0323,70.173,75.0893,71.0502,79.9297,84.5804,80.2333,79.9778,81.8861,78.4294,82.554,78.1762,86.8333
Brunei Darussalam,Agri-food systems,Emissions (CO2eq) (AR5),kilotonnes,2044.3712,2210.6871,2195.2025,2405.2833,2334.7391,2365.9955,2356.9711,2745.398,2882.9728,2852.9889,2771.0983,2009.573,2067.5848,2008.6881,2151.8327,2060.3094,1978.3266,1967.9148,2024.9967,2094.1583,2140.0124
Brunei Darussalam,IPCC Agriculture,Emissions (CH4),kilotonnes,0.6971,0.7616,0.7297,0.8167,0.7673,0.7785,0.8206,0.8847,0.8964,0.9348,0.9736,0.83,0.9093,0.853,0.7632,0.794,0.8121,0.7681,0.7449,0.7061,0.7702
Brunei Darussalam,IPCC Agriculture,Emissions (CH4),kilotonnes,,,,,,,,,,,0.7503,,,,,,,,,,
Brunei Darussalam,IPCC Agriculture,Direct emissions (N2O),kilotonnes,0.0914,0.1042,0.0969,0.1101,0.1218,0.1138,0.1243,0.1387,0.1355,0.1352,0.1493,0.1386,0.1607,0.1725,0.1591,0.16,0.1646,0.157,0.1671,0.156,0.1763
Brunei Darussalam,IPCC Agriculture,Indirect emissions (N2O),kilotonnes,0.0267,0.0305,0.0284,0.0323,0.0357,0.0335,0.0364,0.0409,0.0398,0.0398,0.0442,0.0409,0.0474,0.0508,0.0469,0.0472,0.0486,0.0463,0.0493,0.046,0.052
Brunei Darussalam,IPCC Agriculture,Emissions (N2O),kilotonnes,0.1899,0.205,0.1936,0.2114,0.2276,0.2132,0.2294,0.2483,0.2437,0.2426,0.2621,0.2456,0.2779,0.295,0.2746,0.2766,0.2833,0.2713,0.2865,0.2694,0.3003
Brunei Darussalam,IPCC Agriculture,Emissions (N2O),kilotonnes,,,,,,,,,,,0.0365,,,,,,,,,,
Brunei Darussalam,IPCC Agriculture,Emissions (CO2eq) from CH4 (AR5),kilotonnes,19.5199,21.3246,20.4328,22.8663,21.483,21.7986,22.9781,24.7719,25.0997,26.1756,27.2611,23.2386,25.4606,23.8839,21.3706,22.2308,22.7392,21.5079,20.8569,19.7694,21.5646
Brunei Darussalam,IPCC Agriculture,Emissions (CO2eq) from CH4 (AR5),kilotonnes,,,,,,,,,,,21.0084,,,,,,,,,,
Brunei Darussalam,IPCC Agriculture,Emissions (CO2eq) from N2O (AR5),kilotonnes,50.3365,54.3156,51.3034,56.0273,60.3069,56.4867,60.7905,65.8101,64.569,64.2843,69.4625,65.0965,73.6567,78.1621,72.7725,73.305,75.0706,71.9019,75.9202,71.3945,79.5775
Brunei Darussalam,IPCC Agriculture,Emissions (CO2eq) from N2O (AR5),kilotonnes,,,,,,,,,,,9.6725,,,,,,,,,,
Brunei Darussalam,IPCC Agriculture,Emissions (CO2eq) (AR5),kilotonnes,69.8564,75.6402,71.7362,78.8936,81.7899,78.2853,83.7686,90.582,89.6687,90.4599,96.7236,88.3351,99.1173,102.046,94.1431,95.5358,97.8099,93.4098,96.7771,91.164,101.1421
Brunei Darussalam,IPCC Agriculture,Emissions (CO2eq) (AR5),kilotonnes,,,,,,,,,,,30.6809,,,,,,,,,,
Brunei Darussalam,Agricultural Soils,Direct emissions (N2O),kilotonnes,0.0914,0.1042,0.0969,0.1101,0.1218,0.1138,0.1243,0.1387,0.1355,0.1352,0.1493,0.1386,0.1607,0.1725,0.1591,0.16,0.1646,0.157,0.1671,0.156,0.1763
Brunei Darussalam,Agricultural Soils,Indirect emissions (N2O),kilotonnes,0.0267,0.0305,0.0284,0.0323,0.0357,0.0335,0.0364,0.0409,0.0398,0.0398,0.0442,0.0409,0.0474,0.0508,0.0469,0.0472,0.0486,0.0463,0.0493,0.046,0.052
Brunei Darussalam,Agricultural Soils,Emissions (N2O),kilotonnes,0.1692,0.1816,0.1719,0.1869,0.2016,0.1895,0.2033,0.2206,0.2155,0.2151,0.2333,0.2186,0.2469,0.261,0.2436,0.2448,0.2511,0.2408,0.2541,0.2392,0.2662
Brunei Darussalam,Agricultural Soils,Emissions (N2O),kilotonnes,,,,,,,,,,,0.0365,,,,,,,,,,
Brunei Darussalam,Agricultural Soils,Emissions (CO2eq) from N2O (AR5),kilotonnes,44.8447,48.13,45.558,49.5245,53.423,50.225,53.8623,58.457,57.1079,56.9957,61.8292,57.9215,65.424,69.157,64.5432,64.8591,66.546,63.8053,67.342,63.3761,70.5309
Brunei Darussalam,Agricultural Soils,Emissions (CO2eq) from N2O (AR5),kilotonnes,,,,,,,,,,,9.6725,,,,,,,,,,
Brunei Darussalam,Agricultural Soils,Emissions (CO2eq) (AR5),kilotonnes,44.8447,48.13,45.558,49.5245,53.423,50.225,53.8623,58.457,57.1079,56.9957,61.8292,57.9215,65.424,69.157,64.5432,64.8591,66.546,63.8053,67.342,63.3761,70.5309
Brunei Darussalam,Agricultural Soils,Emissions (CO2eq) (AR5),kilotonnes,,,,,,,,,,,9.6725,,,,,,,,,,
Brunei Darussalam,LULUCF,Emissions (CH4),kilotonnes,0.7802,0.515,0,1.5103,0.074,0.3195,0,0.0027,0,0.2694,0.1109,0,0,0,0.9297,0.52,0.5863,0,0,0.2104,0.713
Brunei Darussalam,LULUCF,Emissions (N2O),kilotonnes,0.0049,0.0007,0,0.0039,0.001,0.0002,0,0.0002,0,0.0015,0,0,0,0,0.0039,0.0007,0.0015,0,0,0,0.0015
Brunei Darussalam,LULUCF,Emissions (CO2),kilotonnes,1223.478,1240.6786,1197.3175,1303.0783,1186.286,1195.2344,1170.8537,1161.1443,1156.2416,1176.0089,1162.7382,251.4216,249.76,242.4969,313.1316,283.0818,290.4407,240.8588,243.165,256.9902,299.7565
Brunei Darussalam,LULUCF,Emissions (CO2),kilotonnes,,,,,,,,,,,-2876.14,,,,,,,,,,
Brunei Darussalam,LULUCF,Emissions (CO2eq) from CH4 (AR5),kilotonnes,21.8453,14.4187,0,42.287,2.0722,8.9465,0,0.0745,0,7.5444,3.1052,0,0,0,26.033,14.5608,16.4164,0,0,5.8919,19.9652
Brunei Darussalam,LULUCF,Emissions (CO2eq) from N2O (AR5),kilotonnes,1.2982,0.193,0,1.0295,0.2574,0.0643,0,0.0643,0,0.3861,0,0,0,0,1.0295,0.193,0.3861,0,0,0,0.3861
Brunei Darussalam,LULUCF,Emissions (CO2eq) (AR5),kilotonnes,1246.6215,1255.2903,1197.3175,1346.3948,1188.6156,1204.2452,1170.8537,1161.2831,1156.2416,1183.9394,1165.8434,251.4216,249.76,242.4969,340.194,297.8356,307.2431,240.8588,243.165,262.8821,320.1077
Brunei Darussalam,LULUCF,Emissions (CO2eq) (AR5),kilotonnes,,,,,,,,,,,-2876.14,,,,,,,,,,
Brunei Darussalam,AFOLU,Emissions (CH4),kilotonnes,1.4773,1.2765,0.7297,2.3269,0.8413,1.098,0.8206,0.8874,0.8964,1.2043,1.0845,0.83,0.9093,0.853,1.693,1.314,1.3984,0.7681,0.7449,0.9165,1.4832
Brunei Darussalam,AFOLU,Emissions (N2O),kilotonnes,0.1948,0.2057,0.1936,0.2153,0.2285,0.2134,0.2294,0.2486,0.2437,0.244,0.2621,0.2456,0.2779,0.295,0.2785,0.2774,0.2847,0.2713,0.2865,0.2694,0.3017
Brunei Darussalam,AFOLU,Emissions (CO2),kilotonnes,1223.478,1240.6786,1197.3175,1303.0783,1186.286,1195.2344,1170.8537,1161.1443,1156.2416,1176.0089,1162.7382,251.4216,249.76,242.4969,313.1316,283.0818,290.4407,240.8588,243.165,256.9902,299.7565
Brunei Darussalam,AFOLU,Emissions (CO2eq) from CH4 (AR5),kilotonnes,41.3652,35.7433,20.4328,65.1533,23.5552,30.7451,22.9781,24.8464,25.0997,33.72,30.3663,23.2386,25.4606,23.8839,47.4036,36.7916,39.1556,21.5079,20.8569,25.6613,41.5298
Brunei Darussalam,AFOLU,Emissions (CO2eq) from N2O (AR5),kilotonnes,51.6347,54.5086,51.3034,57.0568,60.5643,56.5511,60.7905,65.8744,64.569,64.6703,69.4625,65.0965,73.6567,78.1621,73.802,73.4981,75.4567,71.9019,75.9202,71.3945,79.9636
Brunei Darussalam,AFOLU,Emissions (CO2eq) (AR5),kilotonnes,1316.4779,1330.9305,1269.0536,1425.2884,1270.4055,1282.5305,1254.6222,1251.8651,1245.9103,1274.3992,1262.567,339.7567,348.8773,344.5429,434.3371,393.3714,405.053,334.2686,339.9422,354.046,421.2498
Brunei Darussalam,All sectors with LULUCF,Emissions (CH4),kilotonnes,208.2373,224.1365,206.6997,220.3969,206.0013,202.328,237.1406,229.2774,280.3464,235.7243,221.6845,233.52,227.6893,213.713,207.623,201.314,192.4584,201.8981,197.9649,200.2165,197.8532
Brunei Darussalam,All sectors with LULUCF,Emissions (N2O),kilotonnes,0.3178,0.3306,0.3187,0.3495,0.3612,0.3414,0.3964,0.4153,0.42,0.4017,0.408,0.3973,0.4365,0.4502,0.4277,0.4134,0.4184,0.4075,0.4245,0.4104,0.4417
Brunei Darussalam,All sectors with LULUCF,Emissions (CO2),kilotonnes,5417.838,5455.3786,4982.3575,5258.5683,5652.616,5751.8944,5697.8637,9368.4943,10224.6316,8753.8389,9101.3082,9820.1316,9658.61,7951.4469,9212.1816,7272.1318,8058.9907,9619.8388,9972.175,11076.6602,10719.6565
Brunei Darussalam,All sectors with LULUCF,Emissions (CO2eq) from F-gases (AR5),kilotonnes,109.8083,139.9327,173.9441,210.8707,248.7692,285.6958,326.5095,363.4362,400.3629,438.2613,476.1597,498.5101,533.4933,568.4764,602.4878,637.471,672.4542,706.4656,741.4487,776.4319,810.4433
Brunei Darussalam,All sectors with LULUCF,Emissions (CO2eq) from CH4 (AR5),kilotonnes,5830.6452,6275.8233,5787.5928,6171.1133,5768.0352,5665.1851,6639.9381,6419.7664,7849.6997,6600.28,6207.1663,6538.5586,6375.3006,5983.9639,5813.4436,5636.7916,5388.8356,5653.1479,5543.0169,5606.0613,5539.8898
Brunei Darussalam,All sectors with LULUCF,Emissions (CO2eq) from N2O (AR5),kilotonnes,84.2039,87.6078,84.4557,92.6206,95.7306,90.4718,105.0463,110.0507,111.2893,106.4616,108.1269,105.2713,115.6601,119.2909,113.3409,109.5389,110.8722,107.9852,112.4859,108.7472,117.0513
Brunei Darussalam,All sectors with LULUCF,Emissions (CO2eq) (AR5),kilotonnes,11442.4954,11958.7424,11028.3499,11733.1729,11765.151,11793.2472,12769.3576,16261.7476,18585.9835,15898.8419,15892.7611,16962.4716,16683.0639,14623.1782,15741.4538,13655.9333,14231.1527,16087.4374,16369.1265,17567.9006,17187.0408
Brunei Darussalam,All sectors without LULUCF,Emissions (CH4),kilotonnes,207.4571,223.6216,206.6997,218.8867,205.9273,202.0085,237.1406,229.2747,280.3464,235.4548,221.5736,233.52,227.6893,213.713,206.6932,200.794,191.8721,201.8981,197.9649,200.0061,197.1402
Brunei Darussalam,All sectors without LULUCF,Emissions (N2O),kilotonnes,0.3129,0.3299,0.3187,0.3456,0.3603,0.3412,0.3964,0.415,0.42,0.4003,0.408,0.3973,0.4365,0.4502,0.4238,0.4126,0.4169,0.4075,0.4245,0.4104,0.4402
Brunei Darussalam,All sectors without LULUCF,Emissions (CO2),kilotonnes,4194.36,4214.7,3785.04,3955.49,4466.33,4556.66,4527.01,8207.35,9068.39,7577.83,7938.57,9568.71,9408.85,7708.95,8899.05,6989.05,7768.55,9378.98,9729.01,10819.67,10419.9
Brunei Darussalam,All sectors without LULUCF,Emissions (CO2eq) from F-gases (AR5),kilotonnes,109.8083,139.9327,173.9441,210.8707,248.7692,285.6958,326.5095,363.4362,400.3629,438.2613,476.1597,498.5101,533.4933,568.4764,602.4878,637.471,672.4542,706.4656,741.4487,776.4319,810.4433
Brunei Darussalam,All sectors without LULUCF,Emissions (CO2eq) from CH4 (AR5),kilotonnes,5808.7999,6261.4046,5787.5928,6128.8263,5765.963,5656.2386,6639.9381,6419.6919,7849.6997,6592.7356,6204.0611,6538.5586,6375.3006,5983.9639,5787.4106,5622.2308,5372.4192,5653.1479,5543.0169,5600.1694,5519.9246
Brunei Darussalam,All sectors without LULUCF,Emissions (CO2eq) from N2O (AR5),kilotonnes,82.9057,87.4148,84.4557,91.5911,95.4732,90.4075,105.0463,109.9864,111.2893,106.0756,108.1269,105.2713,115.6601,119.2909,112.3114,109.3459,110.4861,107.9852,112.4859,108.7472,116.6652
Brunei Darussalam,All sectors without LULUCF,Emissions (CO2eq) (AR5),kilotonnes,10195.8739,10703.4521,9831.0325,10386.7781,10576.5354,10589.0019,11598.5039,15100.4645,17429.7418,14714.9025,14726.9177,16711.05,16433.3039,14380.6813,15401.2598,13358.0977,13923.9095,15846.5787,16125.9615,17305.0185,16866.9331
Bulgaria,Crop Residues,Direct emissions (N2O),kilotonnes,0.882,1.2003,1.3021,0.7346,1.343,1.0798,1.0121,0.7489,1.3035,1.171,1.279,1.3407,1.2828,1.6144,1.6478,1.5124,1.5651,1.6718,1.7301,1.8852,1.4926
Bulgaria,Crop Residues,Direct emissions (N2O),kilotonnes,1.524,1.8024,2.0862,1.5569,2.4671,2.0743,2.0073,1.4745,2.4521,2.3248,3.3697,2.5796,2.4479,3.2599,3.4248,3.3013,3.9172,4.1894,4.0546,3.9806,3.5023
Bulgaria,Crop Residues,Indirect emissions (N2O),kilotonnes,0.1985,0.2701,0.293,0.1653,0.3022,0.2429,0.2277,0.1685,0.2933,0.2635,0.2878,0.3017,0.2886,0.3632,0.3708,0.3403,0.3522,0.3761,0.3893,0.4242,0.3358
Bulgaria,Crop Residues,Emissions (N2O),kilotonnes,1.0805,1.4703,1.5951,0.8999,1.6451,1.3227,1.2399,0.9174,1.5968,1.4345,1.5668,1.6423,1.5715,1.9777,2.0186,1.8527,1.9173,2.0479,2.1194,2.3094,1.8285
Bulgaria,Crop Residues,Emissions (N2O),kilotonnes,1.524,1.8024,2.0862,1.5569,2.4671,2.0743,2.0073,1.4745,2.4521,2.3248,3.3697,2.5796,2.4479,3.2599,3.4248,3.3013,3.9172,4.1894,4.0546,3.9806,3.5023
Bulgaria,Crop Residues,Emissions (CO2eq) from N2O (AR5),kilotonnes,286.3221,389.6385,422.6923,238.4615,435.9572,350.5159,328.5619,243.1213,423.155,380.1508,415.2044,435.2168,416.439,524.0864,534.9322,490.9775,508.0844,542.6931,561.64,611.9871,484.5497
Bulgaria,Crop Residues,Emissions (CO2eq) from N2O (AR5),kilotonnes,403.8662,477.6304,552.8338,412.5743,653.7857,549.6895,531.9328,390.7301,649.8169,616.0793,892.9604,683.5977,648.6827,863.8609,907.566,874.8411,1038.0532,1110.1884,1074.4588,1054.8702,928.1205
Bulgaria,Crop Residues,Emissions (CO2eq) (AR5),kilotonnes,286.3221,389.6385,422.6923,238.4615,435.9572,350.5159,328.5619,243.1213,423.155,380.1508,415.2044,435.2168,416.439,524.0864,534.9322,490.9775,508.0844,542.6931,561.64,611.9871,484.5497
Bulgaria,Crop Residues,Emissions (CO2eq) (AR5),kilotonnes,403.8662,477.6304,552.8338,412.5743,653.7857,549.6895,531.9328,390.7301,649.8169,616.0793,892.9604,683.5977,648.6827,863.8609,907.566,874.8411,1038.0532,1110.1884,1074.4588,1054.8702,928.1205
Bulgaria,Rice Cultivation,Emissions (CH4),kilotonnes,0.9999,1.0912,1.1665,1.5772,1.5873,1.2603,1.2709,1.8432,2.1806,2.3274,3.3536,3.3015,2.7644,2.8599,3.092,3.4748,3.3566,2.9215,3.08,3.3096,3.458
Bulgaria,Rice Cultivation,Emissions (CH4),kilotonnes,1.2864,1.4039,1.5007,2.0293,2.042,1.6213,1.635,2.3715,2.8056,2.9942,4.3147,4.2478,3.5565,3.6795,3.9782,4.4706,4.3186,3.7588,3.9641,4.2588,4.4486
Bulgaria,Rice Cultivation,Emissions (CO2eq) from CH4 (AR5),kilotonnes,27.9966,30.5525,32.6614,44.1627,44.445,35.2878,35.5858,51.6107,61.0579,65.1661,93.8997,92.4414,77.4043,80.0778,86.5771,97.2944,93.9859,81.8026,86.24,92.6688,96.824
Bulgaria,Rice Cultivation,Emissions (CO2eq) from CH4 (AR5),kilotonnes,36.02,39.3084,42.0207,56.8211,57.1772,45.3968,45.779,66.4016,78.5582,83.8366,120.8119,118.9378,99.5822,103.0268,111.3888,125.1775,120.9208,105.2459,110.9954,119.2464,124.5622
Bulgaria,Rice Cultivation,Emissions (CO2eq) (AR5),kilotonnes,27.9966,30.5525,32.6614,44.1627,44.445,35.2878,35.5858,51.6107,61.0579,65.1661,93.8997,92.4414,77.4043,80.0778,86.5771,97.2944,93.9859,81.8026,86.24,92.6688,96.824
Bulgaria,Rice Cultivation,Emissions (CO2eq) (AR5),kilotonnes,36.02,39.3084,42.0207,56.8211,57.1772,45.3968,45.779,66.4016,78.5582,83.8366,120.8119,118.9378,99.5822,103.0268,111.3888,125.1775,120.9208,105.2459,110.9954,119.2464,124.5622
Bulgaria,Burning - Crop residues,Emissions (CH4),kilotonnes,2.3216,2.4231,2.3053,2.0363,2.166,2.0032,2.0005,1.7636,2.1013,2.1003,2.1242,2.3244,2.5548,2.591,2.4884,2.5592,2.4045,2.3266,2.5258,2.8266,2.8847
Bulgaria,Burning - Crop residues,Emissions (CH4),kilotonnes,0.4884,0.6334,0.7403,0.4606,0.7961,0.6434,0.632,0.3672,0.7761,0.7112,0.8097,0.8142,0.7797,1.0147,1.0658,0.9905,1.0276,1.0904,1.1088,1.1747,0.9696
Bulgaria,Burning - Crop residues,Emissions (N2O),kilotonnes,0.0602,0.0628,0.0598,0.0528,0.0562,0.0519,0.0519,0.0457,0.0545,0.0545,0.0551,0.0603,0.0662,0.0672,0.0645,0.0663,0.0623,0.0603,0.0655,0.0733,0.0748
Bulgaria,Burning - Crop residues,Emissions (N2O),kilotonnes,0.0105,0.0116,0.0149,0.0116,0.0175,0.0143,0.0147,0.0075,0.0163,0.0158,0.0199,0.0182,0.017,0.0233,0.0252,0.0244,0.0242,0.0254,0.0264,0.0274,0.0241
Bulgaria,Burning - Crop residues,Emissions (CO2eq) from CH4 (AR5),kilotonnes,65.0061,67.8479,64.5471,57.0163,60.6468,56.0884,56.0154,49.3809,58.8351,58.8083,59.4774,65.0833,71.5344,72.5482,69.6762,71.6564,67.3272,65.1444,70.7218,79.1444,80.7706
Bulgaria,Burning - Crop residues,Emissions (CO2eq) from CH4 (AR5),kilotonnes,13.6764,17.7356,20.7281,12.8955,22.2909,18.0139,17.6973,10.2812,21.7311,19.9131,22.671,22.7987,21.8308,28.4108,29.842,27.734,28.7732,30.5321,31.0452,32.8925,27.1481
Bulgaria,Burning - Crop residues,Emissions (CO2eq) from N2O (AR5),kilotonnes,15.9506,16.6479,15.8379,13.9901,14.8809,13.7624,13.7445,12.1166,14.4364,14.4298,14.594,15.9695,17.5524,17.8012,17.0965,17.5824,16.5201,15.9845,17.353,19.4197,19.8187
Bulgaria,Burning - Crop residues,Emissions (CO2eq) from N2O (AR5),kilotonnes,2.7838,3.0672,3.9474,3.0847,4.6387,3.7768,3.883,1.9828,4.3299,4.1744,5.268,4.8351,4.5062,6.1804,6.6843,6.4552,6.4165,6.7257,7.001,7.2722,6.3767
Bulgaria,Burning - Crop residues,Emissions (CO2eq) (AR5),kilotonnes,80.9567,84.4957,80.385,71.0064,75.5278,69.8509,69.7599,61.4975,73.2714,73.2381,74.0714,81.0529,89.0868,90.3494,86.7727,89.2387,83.8473,81.1289,88.0749,98.564,100.5893
Bulgaria,Burning - Crop residues,Emissions (CO2eq) (AR5),kilotonnes,16.4602,20.8028,24.6756,15.9802,26.9296,21.7907,21.5803,12.264,26.061,24.0875,27.939,27.6337,26.337,34.5911,36.5263,34.1892,35.1897,37.2578,38.0462,40.1648,33.5248
Bulgaria,Enteric Fermentation,Emissions (CH4),kilotonnes,90.3786,84.0825,73.3256,77.9928,78.9545,76.4603,71.5967,72.1619,68.8963,65.0031,59.7005,60.1267,61.08,57.272,60.7682,58.6452,57.7234,58.1048,56.2181,53.6755,58.5595
Bulgaria,Enteric Fermentation,Emissions (CH4),kilotonnes,84.553,73.9659,76.2187,79.3185,77.7966,74.7858,73.2032,69.2844,67.3117,63.6127,62.6629,62.6214,61.1956,62.3656,62.799,61.4197,60.8746,60.4958,59.1424,57.3931,59.7088
Bulgaria,Enteric Fermentation,Emissions (CO2eq) from CH4 (AR5),kilotonnes,2530.6013,2354.3108,2053.1157,2183.7976,2210.7264,2140.8894,2004.7073,2020.5318,1929.0971,1820.086,1671.6131,1683.5473,1710.24,1603.6165,1701.5095,1642.0645,1616.2561,1626.9339,1574.1078,1502.913,1639.6668
Bulgaria,Enteric Fermentation,Emissions (CO2eq) from CH4 (AR5),kilotonnes,2367.4849,2071.0458,2134.1246,2220.9186,2178.3047,2094.0031,2049.6886,1939.9626,1884.7274,1781.1553,1754.5598,1753.3988,1713.4768,1746.236,1758.3727,1719.7505,1704.4901,1693.8814,1655.988,1607.008,1671.8469
Bulgaria,Enteric Fermentation,Emissions (CO2eq) (AR5),kilotonnes,2530.6013,2354.3108,2053.1157,2183.7976,2210.7264,2140.8894,2004.7073,2020.5318,1929.0971,1820.086,1671.6131,1683.5473,1710.24,1603.6165,1701.5095,1642.0645,1616.2561,1626.9339,1574.1078,1502.913,1639.6668
Bulgaria,Enteric Fermentation,Emissions (CO2eq) (AR5),kilotonnes,2367.4849,2071.0458,2134.1246,2220.9186,2178.3047,2094.0031,2049.6886,1939.9626,1884.7274,1781.1553,1754.5598,1753.3988,1713.4768,1746.236,1758.3727,1719.7505,1704.4901,1693.8814,1655.988,1607.008,1671.8469
Bulgaria,Manure Management,Emissions (CH4),kilotonnes,15.3732,13.6681,12.4519,12.8299,13.1644,12.6053,12.2652,12.796,11.8021,11.027,10.3225,9.9425,9.5594,8.9039,9.4635,9.2733,9.412,9.6121,9.3439,8.7085,9.7425
Bulgaria,Manure Management,Emissions (CH4),kilotonnes,10.0982,9.1766,10.2503,11.6918,12.1986,12.2584,12.8241,12.844,12.6238,12.1811,12.3946,12.3654,11.9787,12.5539,12.99,12.9908,13.0395,12.9633,12.6928,12.1364,12.4864
Bulgaria,Manure Management,Emissions (N2O),kilotonnes,0.7851,0.706,0.6287,0.6958,0.714,0.671,0.6392,0.6549,0.6132,0.5703,0.5383,0.5305,0.5255,0.4932,0.5229,0.5085,0.5103,0.525,0.5222,0.4919,0.5462
Bulgaria,Manure Management,Emissions (N2O),kilotonnes,1.2889,1.1514,1.225,1.353,1.3573,1.2964,1.2798,1.249,1.1739,1.1043,1.0561,1.024,1.0051,0.9991,0.9904,1.0112,0.9943,0.9712,0.984,0.9717,0.9553
Bulgaria,Manure Management,Emissions (CO2eq) from CH4 (AR5),kilotonnes,430.4506,382.707,348.6536,359.2379,368.6041,352.9473,343.4269,358.2869,330.4585,308.755,289.0294,278.39,267.6636,249.309,264.9783,259.651,263.5368,269.1399,261.6295,243.8381,272.789
Bulgaria,Manure Management,Emissions (CO2eq) from CH4 (AR5),kilotonnes,282.7495,256.9462,287.0092,327.3711,341.5616,343.2339,359.0739,359.6321,353.4669,341.0715,347.0487,346.2315,335.4039,351.5097,363.7191,363.7432,365.1068,362.9715,355.3993,339.8188,349.618
Bulgaria,Manure Management,Emissions (CO2eq) from N2O (AR5),kilotonnes,208.0557,187.0998,166.5938,184.3747,189.219,177.8044,169.3954,173.5494,162.4958,151.1405,142.6473,140.5708,139.2443,130.7056,138.5643,134.746,135.2301,139.1336,138.3706,130.3664,144.7542
Bulgaria,Manure Management,Emissions (CO2eq) from N2O (AR5),kilotonnes,341.5711,305.1143,324.6183,358.5497,359.6734,343.5527,339.1389,330.9809,311.071,292.6381,279.8683,271.3574,266.3509,264.7545,262.4644,267.9677,263.4862,257.3668,260.7606,257.4897,253.1592
Bulgaria,Manure Management,Emissions (CO2eq) (AR5),kilotonnes,638.5063,569.8068,515.2473,543.6126,557.8231,530.7517,512.8223,531.8363,492.9542,459.8954,431.6767,418.9608,406.9079,380.0146,403.5426,394.397,398.7669,408.2734,400.0001,374.2045,417.5432
Bulgaria,Manure Management,Emissions (CO2eq) (AR5),kilotonnes,624.3207,562.0605,611.6275,685.9208,701.235,686.7866,698.2128,690.613,664.5379,633.7096,626.917,617.5889,601.7548,616.2641,626.1835,631.7109,628.593,620.3383,616.1599,597.3085,602.7772
Bulgaria,Manure left on Pasture,Direct emissions (N2O),kilotonnes,1.1244,1.0384,0.8209,0.8704,0.8465,0.8451,0.7882,0.7831,0.7455,0.7073,0.6002,0.5959,0.603,0.5594,0.5673,0.5539,0.547,0.545,0.5423,0.5129,0.5466
Bulgaria,Manure left on Pasture,Indirect emissions (N2O),kilotonnes,0.4234,0.39,0.299,0.3161,0.3033,0.3065,0.286,0.2833,0.2693,0.256,0.2126,0.2102,0.2123,0.1963,0.196,0.192,0.1895,0.188,0.188,0.1767,0.1863
Bulgaria,Manure left on Pasture,Emissions (N2O),kilotonnes,1.5477,1.4284,1.1199,1.1865,1.1498,1.1515,1.0742,1.0665,1.0148,0.9633,0.8128,0.8061,0.8153,0.7557,0.7633,0.746,0.7365,0.7329,0.7303,0.6896,0.7329
Bulgaria,Manure left on Pasture,Emissions (CO2eq) from N2O (AR5),kilotonnes,410.1498,378.5386,296.7789,314.4222,304.6964,305.1578,284.6683,282.6108,268.9263,255.2753,215.3833,213.6134,216.0648,200.2529,202.2676,197.6784,195.1716,194.2257,193.5337,182.737,194.2065
Bulgaria,Manure left on Pasture,Emissions (CO2eq) (AR5),kilotonnes,410.1498,378.5386,296.7789,314.4222,304.6964,305.1578,284.6683,282.6108,268.9263,255.2753,215.3833,213.6134,216.0648,200.2529,202.2676,197.6784,195.1716,194.2257,193.5337,182.737,194.2065
Bulgaria,Manure applied to Soils,Direct emissions (N2O),kilotonnes,0.9247,0.8352,0.746,0.8295,0.8435,0.793,0.7582,0.7774,0.7259,0.6773,0.6376,0.6235,0.6147,0.5803,0.6039,0.5936,0.5997,0.6254,0.6318,0.604,0.667
Bulgaria,Manure applied to Soils,Direct emissions (N2O),kilotonnes,0.8669,0.7532,0.7869,0.845,0.8447,0.8139,0.7984,0.7808,0.7383,0.6911,0.6599,0.6451,0.628,0.6245,0.6328,0.6313,0.6252,0.6146,0.6146,0.5995,0.5965
Bulgaria,Manure applied to Soils,Indirect emissions (N2O),kilotonnes,0.393,0.355,0.3171,0.3525,0.3585,0.337,0.3223,0.3304,0.3085,0.2879,0.271,0.265,0.2612,0.2466,0.2567,0.2523,0.2549,0.2658,0.2685,0.2567,0.2835
Bulgaria,Manure applied to Soils,Emissions (N2O),kilotonnes,1.3178,1.1902,1.0631,1.1821,1.2021,1.13,1.0805,1.1078,1.0344,0.9652,0.9086,0.8885,0.8759,0.827,0.8606,0.8459,0.8545,0.8912,0.9003,0.8607,0.9505
Bulgaria,Manure applied to Soils,Emissions (N2O),kilotonnes,0.8669,0.7532,0.7869,0.845,0.8447,0.8139,0.7984,0.7808,0.7383,0.6911,0.6599,0.6451,0.628,0.6245,0.6328,0.6313,0.6252,0.6146,0.6146,0.5995,0.5965
Bulgaria,Manure applied to Soils,Emissions (CO2eq) from N2O (AR5),kilotonnes,349.2059,315.4003,281.7214,313.2435,318.5443,299.4433,286.3302,293.5715,274.1263,255.7649,240.7678,235.4648,232.1221,219.1492,228.0533,224.175,226.4459,236.1558,238.5746,228.089,251.8728
Bulgaria,Manure applied to Soils,Emissions (CO2eq) from N2O (AR5),kilotonnes,229.7351,199.6016,208.5387,223.9163,223.8402,215.672,211.5801,206.9137,195.6499,183.1366,174.8741,170.9544,166.4135,165.4958,167.6861,167.2917,165.6776,162.858,162.8766,158.8784,158.0611
Bulgaria,Manure applied to Soils,Emissions (CO2eq) (AR5),kilotonnes,349.2059,315.4003,281.7214,313.2435,318.5443,299.4433,286.3302,293.5715,274.1263,255.7649,240.7678,235.4648,232.1221,219.1492,228.0533,224.175,226.4459,236.1558,238.5746,228.089,251.8728
Bulgaria,Manure applied to Soils,Emissions (CO2eq) (AR5),kilotonnes,229.7351,199.6016,208.5387,223.9163,223.8402,215.672,211.5801,206.9137,195.6499,183.1366,174.8741,170.9544,166.4135,165.4958,167.6861,167.2917,165.6776,162.858,162.8766,158.8784,158.0611
Bulgaria,Synthetic Fertilizers,Direct emissions (N2O),kilotonnes,2.277,2.7076,4.4559,4.9598,3.7811,2.9849,2.3081,3.1447,3.356,4.3742,4.2449,5.8302,3.85,4.5946,4.6607,5.1786,5.7501,5.5176,5.3323,5.5391,5.7253
Bulgaria,Synthetic Fertilizers,Direct emissions (N2O),kilotonnes,2.2774,2.6394,2.4422,2.2146,2.5922,2.5065,2.4006,2.7961,2.733,2.7901,3.1284,3.0228,3.6989,4.0677,5.0601,5.3681,5.7501,5.5176,5.3323,5.5391,5.7253
Bulgaria,Synthetic Fertilizers,Indirect emissions (N2O),kilotonnes,0.74,0.88,1.4482,1.6119,1.2289,0.9701,0.7501,1.022,1.0907,1.4216,1.3796,1.8948,1.2512,1.4932,1.5147,1.683,1.8688,1.7932,1.733,1.8002,1.8607
Bulgaria,Synthetic Fertilizers,Emissions (N2O),kilotonnes,3.017,3.5876,5.904,6.5717,5.0099,3.9549,3.0583,4.1667,4.4467,5.7959,5.6245,7.7251,5.1013,6.0878,6.1754,6.8616,7.6188,7.3108,7.0653,7.3393,7.586
Bulgaria,Synthetic Fertilizers,Emissions (N2O),kilotonnes,2.2774,2.6394,2.4422,2.2146,2.5922,2.5065,2.4006,2.7961,2.733,2.7901,3.1284,3.0228,3.6989,4.0677,5.0601,5.3681,5.7501,5.5176,5.3323,5.5391,5.7253
Bulgaria,Synthetic Fertilizers,Emissions (CO2eq) from N2O (AR5),kilotonnes,799.5116,950.7071,1564.5709,1741.5118,1327.6307,1048.061,810.4477,1104.1813,1178.3665,1535.901,1490.485,2047.1415,1351.8313,1613.2644,1636.4938,1818.3289,2018.9903,1937.3673,1872.3084,1944.9044,2010.2834
Bulgaria,Synthetic Fertilizers,Emissions (CO2eq) from N2O (AR5),kilotonnes,603.5216,699.4418,647.1758,586.8728,686.9322,664.2286,636.1613,740.9763,724.2401,739.3814,829.0385,801.0295,980.2146,1077.9503,1340.9167,1422.5533,1523.7663,1462.164,1413.0629,1467.8524,1517.195
Bulgaria,Synthetic Fertilizers,Emissions (CO2eq) (AR5),kilotonnes,799.5116,950.7071,1564.5709,1741.5118,1327.6307,1048.061,810.4477,1104.1813,1178.3665,1535.901,1490.485,2047.1415,1351.8313,1613.2644,1636.4938,1818.3289,2018.9903,1937.3673,1872.3084,1944.9044,2010.2834
Bulgaria,Synthetic Fertilizers,Emissions (CO2eq) (AR5),kilotonnes,603.5216,699.4418,647.1758,586.8728,686.9322,664.2286,636.1613,740.9763,724.2401,739.3814,829.0385,801.0295,980.2146,1077.9503,1340.9167,1422.5533,1523.7663,1462.164,1413.0629,1467.8524,1517.195
Bulgaria,Drained organic soils,Emissions (CO2eq) (AR5),kilotonnes,1333.1359,1331.4211,1330.0559,1327.8759,1325.9085,1324.2835,1322.7461,1319.753,1317.0303,1314.9202,1312.4586,1310.5764,1308.8869,1307.1513,1302.8877,1301.9368,1301.0265,1299.9878,1295.8495,1298.0899,1297.0578
Bulgaria,Drained organic soils,Emissions (CO2eq) (AR5),kilotonnes,10.6649,10.6649,10.6649,10.6649,10.6649,10.6649,10.6649,10.6649,10.6649,10.6649,10.6649,10.6649,10.6649,10.6649,10.6649,10.6649,10.6649,10.6649,10.6649,10.6649,10.6649
Bulgaria,Drained organic soils (CO2),Emissions (CO2),kilotonnes,1127.9013,1126.4494,1125.2904,1123.4438,1121.7724,1120.3931,1119.0944,1116.5611,1114.2461,1112.4554,1110.3767,1108.7794,1107.3483,1105.8794,1102.2747,1101.4713,1100.6933,1099.8186,1096.3204,1098.157,1097.2977
Bulgaria,Drained organic soils (CO2),Emissions (CO2eq) (AR5),kilotonnes,1127.9013,1126.4494,1125.2904,1123.4438,1121.7724,1120.3931,1119.0944,1116.5611,1114.2461,1112.4554,1110.3767,1108.7794,1107.3483,1105.8794,1102.2747,1101.4713,1100.6933,1099.8186,1096.3204,1098.157,1097.2977
Bulgaria,Drained organic soils (N2O),Emissions (N2O),kilotonnes,0.7745,0.7735,0.7727,0.7714,0.7703,0.7694,0.7685,0.7668,0.7652,0.764,0.7626,0.7615,0.7605,0.7595,0.757,0.7565,0.756,0.7554,0.7529,0.7545,0.7538
Bulgaria,Drained organic soils (N2O),Emissions (N2O),kilotonnes,0.0402,0.0402,0.0402,0.0402,0.0402,0.0402,0.0402,0.0402,0.0402,0.0402,0.0402,0.0402,0.0402,0.0402,0.0402,0.0402,0.0402,0.0402,0.0402,0.0402,0.0402
Bulgaria,Drained organic soils (N2O),Emissions (CO2eq) from N2O (AR5),kilotonnes,205.2346,204.9717,204.7655,204.4322,204.1361,203.8904,203.6517,203.192,202.7842,202.4649,202.0819,201.797,201.5386,201.2719,200.6131,200.4655,200.3332,200.1691,199.5291,199.933,199.7601
Bulgaria,Drained organic soils (N2O),Emissions (CO2eq) from N2O (AR5),kilotonnes,10.6649,10.6649,10.6649,10.6649,10.6649,10.6649,10.6649,10.6649,10.6649,10.6649,10.6649,10.6649,10.6649,10.6649,10.6649,10.6649,10.6649,10.6649,10.6649,10.6649,10.6649
Bulgaria,Drained organic soils (N2O),Emissions (CO2eq) (AR5),kilotonnes,205.2346,204.9717,204.7655,204.4322,204.1361,203.8904,203.6517,203.192,202.7842,202.4649,202.0819,201.797,201.5386,201.2719,200.6131,200.4655,200.3332,200.1691,199.5291,199.933,199.7601
Bulgaria,Drained organic soils (N2O),Emissions (CO2eq) (AR5),kilotonnes,10.6649,10.6649,10.6649,10.6649,10.6649,10.6649,10.6649,10.6649,10.6649,10.6649,10.6649,10.6649,10.6649,10.6649,10.6649,10.6649,10.6649,10.6649,10.6649,10.6649,10.6649
Bulgaria,On-farm energy use,Emissions (CH4),kilotonnes,0.1968,0.1757,0.1854,0.1838,0.1813,0.2369,0.2767,0.3464,0.2543,0.1943,0.2021,0.2116,0.2215,0.1931,0.2287,0.2307,0.2311,0.2561,0.2295,0.2297,0.2297
Bulgaria,On-farm energy use,Emissions (N2O),kilotonnes,0.3051,0.2799,0.2862,0.2837,0.2665,0.2766,0.283,0.2427,0.1378,0.1509,0.1508,0.163,0.1654,0.1501,0.153,0.1592,0.1444,0.1421,0.1529,0.1529,0.1529
Bulgaria,On-farm energy use,Emissions (CO2),kilotonnes,988.5401,898.2357,911.1357,914.8101,896.1636,963.4167,973.0421,888.9597,599.7448,585.7212,574.4105,611.4769,602.3785,540.0835,568.6209,569.2458,526.4281,530.3529,548.0835,543.976,543.976
Bulgaria,On-farm energy use,Emissions (CO2eq) from CH4 (AR5),kilotonnes,5.5102,4.9206,5.1909,5.1452,5.0753,6.6328,7.7472,9.6978,7.1216,5.4396,5.6592,5.9239,6.2022,5.4075,6.4026,6.4604,6.4697,7.1718,6.427,6.4319,6.4319
Bulgaria,On-farm energy use,Emissions (CO2eq) from N2O (AR5),kilotonnes,80.84,74.1767,75.8388,75.175,70.6193,73.3117,74.9885,64.3203,36.5155,40.0009,39.9712,43.1976,43.8322,39.7885,40.5494,42.1892,38.2538,37.6468,40.5159,40.5092,40.5092
Bulgaria,On-farm energy use,Emissions (CO2eq) (AR5),kilotonnes,1074.8902,977.3331,992.1654,995.1304,971.8582,1043.3611,1055.7779,962.9778,643.3819,631.1616,620.041,660.5985,652.4129,585.2795,615.5729,617.8954,571.1516,575.1716,595.0264,590.9172,590.9172
Bulgaria,Forestland,Emissions (CO2),kilotonnes,-25291.475,-28218.3917,-28218.3917,-28218.3917,-28218.3917,-28218.3917,-28218.3917,-28218.3917,-28218.3917,-28218.3917,-28218.3917,-13293.126,-13293.126,-13293.126,-13293.126,-13293.126,-38226.474,-38226.474,-38226.474,-38226.474,-38226.474
Bulgaria,Forestland,Emissions (CO2),kilotonnes,-15956.8147,-12993.8258,-12970.2253,-12960.3005,-12940.9688,-12954.9167,-10909.0486,-10913.5641,-10906.221,-10911.5046,-10862.8814,-7236.878,-7190.8608,-7146.2279,-7106.9821,-6978.9509,-8882.6768,-8845.8305,-8812.1819,-8768.8023,-8736.1383
Bulgaria,Forestland,Emissions (CO2eq) (AR5),kilotonnes,-25291.475,-28218.3917,-28218.3917,-28218.3917,-28218.3917,-28218.3917,-28218.3917,-28218.3917,-28218.3917,-28218.3917,-28218.3917,-13293.126,-13293.126,-13293.126,-13293.126,-13293.126,-38226.474,-38226.474,-38226.474,-38226.474,-38226.474
Bulgaria,Forestland,Emissions (CO2eq) (AR5),kilotonnes,-15956.8147,-12993.8258,-12970.2253,-12960.3005,-12940.9688,-12954.9167,-10909.0486,-10913.5641,-10906.221,-10911.5046,-10862.8814,-7236.878,-7190.8608,-7146.2279,-7106.9821,-6978.9509,-8882.6768,-8845.8305,-8812.1819,-8768.8023,-8736.1383
Bulgaria,Net Forest conversion,Emissions (CO2),kilotonnes,2323.2,3472.8467,3472.8467,3472.8467,3472.8467,3472.8467,3472.8467,3472.8467,3472.8467,3472.8467,3472.8467,0,0,0,0,0,3247.794,3247.794,3247.794,3247.794,3247.794
Bulgaria,Net Forest conversion,Emissions (CO2),kilotonnes,34.4362,15.2003,42.0186,30.8881,32.89,62.4623,53.8715,92.2018,238.3918,48.5375,111.1069,56.5367,89.0367,158.9742,72.3637,207.9778,174.6807,186.0121,83.0246,239.5348,115.8015
Bulgaria,Net Forest conversion,Emissions (CO2eq) (AR5),kilotonnes,2323.2,3472.8467,3472.8467,3472.8467,3472.8467,3472.8467,3472.8467,3472.8467,3472.8467,3472.8467,3472.8467,0,0,0,0,0,3247.794,3247.794,3247.794,3247.794,3247.794
Bulgaria,Net Forest conversion,Emissions (CO2eq) (AR5),kilotonnes,34.4362,15.2003,42.0186,30.8881,32.89,62.4623,53.8715,92.2018,238.3918,48.5375,111.1069,56.5367,89.0367,158.9742,72.3637,207.9778,174.6807,186.0121,83.0246,239.5348,115.8015
Bulgaria,Savanna fires,Emissions (CH4),kilotonnes,0.093,0.4379,0.0444,0.0778,0.081,0.0405,0.2251,0.5989,0.1446,0.0306,0.0755,0.1422,0.1738,0.0438,0.0099,0.0417,0.0784,0.0679,0.0247,0.0821,0.056
Bulgaria,Savanna fires,Emissions (N2O),kilotonnes,0.0085,0.04,0.0041,0.0071,0.0074,0.0037,0.0206,0.0547,0.0132,0.0028,0.0069,0.013,0.0159,0.004,0.0009,0.0038,0.0072,0.0062,0.0023,0.0075,0.0051
Bulgaria,Savanna fires,Emissions (CO2eq) from CH4 (AR5),kilotonnes,2.6035,12.2621,1.2427,2.1783,2.2667,1.135,6.3027,16.7681,4.0477,0.8579,2.1137,3.9811,4.8652,1.2272,0.2763,1.1668,2.195,1.9005,0.6925,2.2979,1.5672
Bulgaria,Savanna fires,Emissions (CO2eq) from N2O (AR5),kilotonnes,2.2496,10.596,1.0738,1.8824,1.9587,0.9808,5.4464,14.4899,3.4978,0.7413,1.8265,3.4402,4.2042,1.0604,0.2387,1.0083,1.8968,1.6423,0.5984,1.9857,1.3543
Bulgaria,Savanna fires,Emissions (CO2eq) (AR5),kilotonnes,4.8531,22.8581,2.3165,4.0607,4.2254,2.1157,11.7491,31.258,7.5455,1.5992,3.9403,7.4212,9.0694,2.2876,0.515,2.1752,4.0919,3.5428,1.291,4.2836,2.9215
Bulgaria,Fires in organic soils,Emissions (CH4),kilotonnes,0,0,0,0,0,0,0,0,0,0,0,0,0,0,0,0,0,0,0,0,0
Bulgaria,Fires in organic soils,Emissions (CO2),kilotonnes,0,0,0,0,0,0,0,0,0,0,0,0,0,0,0,0,0,0,0,0,0
Bulgaria,Fires in organic soils,Emissions (CO2eq) from CH4 (AR5),kilotonnes,0,0,0,0,0,0,0,0,0,0,0,0,0,0,0,0,0,0,0,0,0
Bulgaria,Fires in organic soils,Emissions (CO2eq) (AR5),kilotonnes,0,0,0,0,0,0,0,0,0,0,0,0,0,0,0,0,0,0,0,0,0
Bulgaria,Forest fires,Emissions (CH4),kilotonnes,0.9068,0,0.015,0.0075,0,0.1271,0.0324,0.4761,0.0698,0.005,0.2219,0.172,0.0199,0.0848,0.0499,0.1022,0.0474,0.0548,0.0125,0.0374,0.0249
Bulgaria,Forest fires,Emissions (N2O),kilotonnes,0.0502,0,0.0014,0.0007,0,0.0116,0.003,0.0435,0.0064,0.0005,0.0203,0.0157,0.0018,0.0077,0.0046,0.0093,0.0043,0.005,0.0011,0.0034,0.0023
Bulgaria,Forest fires,Emissions (CO2eq) from CH4 (AR5),kilotonnes,25.3906,0,0.4189,0.2094,0,3.5596,0.9075,13.3309,1.9545,0.1396,6.2121,4.8161,0.5583,2.3731,1.396,2.8621,1.3259,1.5353,0.349,1.0468,0.6978
Bulgaria,Forest fires,Emissions (CO2eq) from N2O (AR5),kilotonnes,13.2935,0,0.362,0.181,0,3.076,0.7842,11.5196,1.689,0.1206,5.3681,4.1617,0.4825,2.0507,1.2063,2.4732,1.1458,1.3267,0.3016,0.9046,0.603
Bulgaria,Forest fires,Emissions (CO2eq) (AR5),kilotonnes,38.6841,0,0.7808,0.3904,0,6.6356,1.6917,24.8505,3.6435,0.2602,11.5802,8.9778,1.0408,4.4238,2.6023,5.3353,2.4717,2.862,0.6505,1.9514,1.3009
Bulgaria,Fires in humid tropical forests,Emissions (CH4),kilotonnes,0,0,0,0,0,0,0,0,0,0,0,0,0,0,0,0,0,0,0,0,0
Bulgaria,Fires in humid tropical forests,Emissions (N2O),kilotonnes,0,0,0,0,0,0,0,0,0,0,0,0,0,0,0,0,0,0,0,0,0
Bulgaria,Fires in humid tropical forests,Emissions (CO2eq) from CH4 (AR5),kilotonnes,0,0,0,0,0,0,0,0,0,0,0,0,0,0,0,0,0,0,0,0,0
Bulgaria,Fires in humid tropical forests,Emissions (CO2eq) from N2O (AR5),kilotonnes,0,0,0,0,0,0,0,0,0,0,0,0,0,0,0,0,0,0,0,0,0
Bulgaria,Fires in humid tropical forests,Emissions (CO2eq) (AR5),kilotonnes,0,0,0,0,0,0,0,0,0,0,0,0,0,0,0,0,0,0,0,0,0
Bulgaria,Waste - agri-food systems,Emissions (CH4),kilotonnes,42.4523,38.8504,41.7119,45.5128,46.1865,51.6353,54.4464,57.0464,33.3016,33.0879,33.1899,33.1865,33.1588,33.1231,33.1077,32.588,32.6104,33.2876,33.9698,34.6504,35.3376
Bulgaria,Waste - agri-food systems,Emissions (N2O),kilotonnes,0.3537,0.3414,0.3225,0.3125,0.3154,0.3057,0.3128,0.302,0.3119,0.3104,0.3081,0.3102,0.3091,0.3129,0.3221,0.3003,0.3155,0.3308,0.3541,0.3776,0.4013
Bulgaria,Waste - agri-food systems,Emissions (CO2),kilotonnes,6.5077,6.5268,6.5674,6.6383,6.6977,6.7348,6.774,6.8455,6.9024,6.8897,6.8824,6.9185,6.9017,6.9093,6.9156,6.8829,6.8999,6.9258,6.9577,6.9682,6.9721
Bulgaria,Waste - agri-food systems,Emissions (CO2eq) from CH4 (AR5),kilotonnes,1188.6652,1087.811,1167.9329,1274.3576,1293.2211,1445.7872,1524.498,1597.3,932.444,926.46,929.3158,929.223,928.4468,927.4459,927.0162,912.4644,913.0918,932.0525,951.155,970.2112,989.4524
Bulgaria,Waste - agri-food systems,Emissions (CO2eq) from N2O (AR5),kilotonnes,93.7367,90.4779,85.4755,82.8046,83.5929,81.0061,82.8826,80.0314,82.6436,82.2592,81.6343,82.1979,81.9227,82.9107,85.3455,79.5713,83.6159,87.649,93.8442,100.0555,106.3411
Bulgaria,Waste - agri-food systems,Emissions (CO2eq) (AR5),kilotonnes,1288.9097,1184.8157,1259.9758,1363.8005,1383.5117,1533.5281,1614.1547,1684.1769,1021.99,1015.6089,1017.8325,1018.3393,1017.2712,1017.2658,1019.2773,998.9186,1003.6075,1026.6273,1051.9568,1077.2349,1102.7656
Bulgaria,Fertilizers Manufacturing,Emissions (N2O),kilotonnes,0.0032,0.0032,0.0033,0.0033,0.0032,0.0032,0.0033,0.0032,0.0032,0.0033,0.0032,0.0033,0.0032,0.0031,0.0031,0.003,0.0031,0.0031,0.003,0.003,0.0028
Bulgaria,Fertilizers Manufacturing,Emissions (CO2),kilotonnes,0,0,0,0,0,0,0,0,0,0,0,0,0.2987,1.3314,0.5973,0.8202,0.987,1.719,2.0075,2.7117,2.3589
Bulgaria,Fertilizers Manufacturing,Emissions (CO2eq) from N2O (AR5),kilotonnes,0.848,0.848,0.8745,0.8745,0.848,0.848,0.8745,0.848,0.848,0.8745,0.848,0.8745,0.848,0.8215,0.8215,0.795,0.8215,0.8215,0.795,0.795,0.7365
Bulgaria,Fertilizers Manufacturing,Emissions (CO2eq) (AR5),kilotonnes,0.848,0.848,0.8745,0.8745,0.848,0.848,0.8745,0.848,0.848,0.8745,0.848,0.8745,1.1467,2.1529,1.4188,1.6152,1.8085,2.5405,2.8025,3.5067,3.0954
Bulgaria,On-farm electricity use,Emissions (CH4),kilotonnes,0.21,0.1956,0.1992,0.2124,0.1884,0.2268,0.2352,0.2568,0.3432,0.3024,0.2712,0.3396,0.3216,0.3036,0.2892,0.2652,0.2676,0.2664,0.318,0.3238,0.3238
Bulgaria,On-farm electricity use,Emissions (N2O),kilotonnes,0.0011,0.001,0.0011,0.0011,0.001,0.0012,0.0013,0.0014,0.0018,0.0016,0.0014,0.0018,0.0017,0.0017,0.0015,0.0014,0.0014,0.0014,0.0017,0.0017,0.0017
Bulgaria,On-farm electricity use,Emissions (CO2),kilotonnes,83.6494,84.5296,79.1145,94.0829,84.4505,95.5901,96.6868,127.7443,160.0717,134.5533,121.7419,166.9844,142.4941,137.1135,130.6101,119.7711,120.855,120.3131,143.6169,146.2183,146.2183
Bulgaria,On-farm electricity use,Emissions (CO2eq) from CH4 (AR5),kilotonnes,5.88,5.4768,5.5776,5.9472,5.2752,6.3504,6.5856,7.1904,9.6096,8.4672,7.5936,9.5088,9.0048,8.5008,8.0976,7.4256,7.4928,7.4592,8.904,9.0664,9.0664
Bulgaria,On-farm electricity use,Emissions (CO2eq) from N2O (AR5),kilotonnes,0.2915,0.265,0.2915,0.2915,0.265,0.318,0.3445,0.371,0.477,0.424,0.371,0.477,0.4505,0.4505,0.3975,0.371,0.371,0.371,0.4505,0.4505,0.4505
Bulgaria,On-farm electricity use,Emissions (CO2eq) (AR5),kilotonnes,89.8209,90.2714,84.9836,100.3216,89.9907,102.2585,103.6169,135.3057,170.1583,143.4445,129.7065,176.9702,151.9494,146.0648,139.1052,127.5677,128.7188,128.1433,152.9714,155.7352,155.7352
Bulgaria,Food Processing,Emissions (CH4),kilotonnes,0,0,0,0,0,1.6659,1.432,1.3618,1.6493,1.4815,1.4156,1.3713,1.3634,1.4332,1.4581,1.5303,1.5298,1.5848,1.6616,1.6616,1.5905
Bulgaria,Food Processing,Emissions (N2O),kilotonnes,0,0,0,0,0,0.0135,0.013,0.011,0.0118,0.0102,0.0093,0.0083,0.0081,0.0085,0.0085,0.0089,0.0088,0.009,0.0095,0.0095,0.0088
Bulgaria,Food Processing,Emissions (CO2),kilotonnes,0,0,0,0,0,1291.4137,1221.3748,1242.1787,1280.98,1089.1309,1050.7398,1029.0246,928.3477,974.0182,946.4385,980.1742,958.9739,981.6115,1019.6262,1019.6262,886.9708
Bulgaria,Food Processing,Emissions (CO2eq) from CH4 (AR5),kilotonnes,0,0,0,0,0,46.6452,40.096,38.1304,46.1804,41.482,39.6368,38.3964,38.1752,40.1296,40.8268,42.8484,42.8344,44.3744,46.5248,46.5248,44.5335
Bulgaria,Food Processing,Emissions (CO2eq) from N2O (AR5),kilotonnes,0,0,0,0,0,3.5775,3.445,2.915,3.127,2.703,2.4645,2.1995,2.1465,2.2525,2.2525,2.3585,2.332,2.385,2.5175,2.5175,2.3324
Bulgaria,Food Processing,Emissions (CO2eq) (AR5),kilotonnes,0,0,0,0,0,1341.6364,1264.9158,1283.2241,1330.2874,1133.3159,1092.8411,1069.6205,968.6694,1016.4003,989.5178,1025.3811,1004.1403,1028.3709,1068.6685,1068.6685,933.8366
Bulgaria,Food Packaging,Emissions (CH4),kilotonnes,0.337,0.3451,0.3314,0.342,0.3333,0.5146,0.4791,0.5566,0.5736,0.4864,0.482,0.4914,0.4842,0.491,0.5285,0.5237,0.4995,0.4981,0.4618,0.4175,0.3996
Bulgaria,Food Packaging,Emissions (N2O),kilotonnes,0.0034,0.0035,0.0033,0.0033,0.0033,0.0047,0.0041,0.0051,0.0039,0.0032,0.0032,0.0034,0.0033,0.0033,0.0036,0.0036,0.0034,0.0038,0.0038,0.003,0.0028
Bulgaria,Food Packaging,Emissions (CO2),kilotonnes,293.3485,302.9902,270.3735,273.7007,270.3827,455.9688,420.4141,562.85,497.7781,381.048,386.3768,433.1219,392.7826,400.8999,431.9863,448.301,443.5758,477.1571,478.3581,380.7719,331.2327
Bulgaria,Food Packaging,Emissions (CO2eq) from CH4 (AR5),kilotonnes,9.436,9.6628,9.2792,9.576,9.3324,14.4088,13.4148,15.5848,16.0608,13.6192,13.496,13.7592,13.5576,13.748,14.798,14.6636,13.986,13.9468,12.9304,11.69,11.1896
Bulgaria,Food Packaging,Emissions (CO2eq) from N2O (AR5),kilotonnes,0.901,0.9275,0.8745,0.8745,0.8745,1.2455,1.0865,1.3515,1.0335,0.848,0.848,0.901,0.8745,0.8745,0.954,0.954,0.901,1.007,1.007,0.795,0.7365
Bulgaria,Food Packaging,Emissions (CO2eq) (AR5),kilotonnes,303.6855,313.5805,280.5272,284.1512,280.5896,471.6231,434.9154,579.7863,514.8724,395.5152,400.7208,447.7821,407.2147,415.5224,447.7383,463.9186,458.4628,492.1109,492.2955,393.2569,343.1589
Bulgaria,Food Retail,Emissions (CH4),kilotonnes,0.0302,0.0292,0.0305,0.032,0.0302,0.9448,1.0403,1.0235,1.0775,1.075,1.1623,1.2334,1.167,1.133,1.1159,1.1573,1.2413,1.2037,1.2258,1.4459,1.384
Bulgaria,Food Retail,Emissions (N2O),kilotonnes,0.0002,0.0002,0.0002,0.0002,0.0002,0.0052,0.0061,0.0058,0.0059,0.006,0.0062,0.0067,0.0063,0.0062,0.006,0.0063,0.0068,0.0066,0.0066,0.0079,0.0073
Bulgaria,Food Retail,Emissions (CO2),kilotonnes,14.4082,15.3399,14.6744,15.6394,15.2068,428.2305,475.0941,547.9549,551.387,523.8782,563.8833,645.7105,555.2624,545.9657,535.1897,565.9495,604.0712,585.76,591.9878,704.2767,612.6489
Bulgaria,Food Retail,Emissions (CO2eq) from F-gases (AR5),kilotonnes,124.1605,166.7595,213.5145,273.7765,343.909,385.9885,436.8995,488.33,494.564,497.681,499.759,500.798,501.3175,502.3565,502.3565,502.3565,547.0335,558.4625,570.411,581.84,154.7869
Bulgaria,Food Retail,Emissions (CO2eq) from CH4 (AR5),kilotonnes,0.8461,0.8189,0.8541,0.8957,0.8445,26.4544,29.1284,28.658,30.17,30.1,32.5444,34.5352,32.676,31.724,31.2452,32.4044,34.7564,33.7036,34.3224,40.4852,38.7524
Bulgaria,Food Retail,Emissions (CO2eq) from N2O (AR5),kilotonnes,0.0463,0.0471,0.0472,0.0497,0.0487,1.378,1.6165,1.537,1.5635,1.59,1.643,1.7755,1.6695,1.643,1.59,1.6695,1.802,1.749,1.749,2.0935,1.9396
Bulgaria,Food Retail,Emissions (CO2eq) (AR5),kilotonnes,139.4612,182.9654,229.0902,290.3613,360.0091,842.0514,942.7385,1066.4799,1077.6845,1053.2492,1097.8297,1182.8192,1090.9254,1081.6892,1070.3814,1102.3799,1187.6631,1179.6751,1198.4702,1328.6954,808.1277
Bulgaria,Food Household Consumption,Emissions (CH4),kilotonnes,1.9867,1.7823,1.9679,2.0644,1.8148,2.0726,2.1779,2.0724,2.1013,2.0488,2.2103,2.3152,2.3175,2.1605,1.9887,1.9805,2.0284,2.117,1.9908,1.9908,1.9056
Bulgaria,Food Household Consumption,Emissions (N2O),kilotonnes,0.0103,0.0091,0.0106,0.0106,0.0095,0.0108,0.0117,0.011,0.0109,0.0107,0.0113,0.0121,0.0121,0.0113,0.0105,0.0104,0.0107,0.0111,0.0105,0.0105,0.0097
Bulgaria,Food Household Consumption,Emissions (CO2),kilotonnes,760.6176,742.6314,747.8034,844.2675,761.0877,813.5671,840.9319,930.6706,911.8128,873.615,934.1808,1048.457,967.5486,921.4309,867.8518,871.4973,887.7023,926.1433,884.8564,884.8564,769.7348
Bulgaria,Food Household Consumption,Emissions (CO2eq) from CH4 (AR5),kilotonnes,55.6276,49.9044,55.1012,57.8032,50.8144,58.0328,60.9812,58.0272,58.8364,57.3664,61.8884,64.8256,64.89,60.494,55.6836,55.454,56.7952,59.276,55.7424,55.7424,53.3565
Bulgaria,Food Household Consumption,Emissions (CO2eq) from N2O (AR5),kilotonnes,2.7295,2.4115,2.809,2.809,2.5175,2.862,3.1005,2.915,2.8885,2.8355,2.9945,3.2065,3.2065,2.9945,2.7825,2.756,2.8355,2.9415,2.7825,2.7825,2.5779
Bulgaria,Food Household Consumption,Emissions (CO2eq) (AR5),kilotonnes,818.9747,794.9473,805.7136,904.8797,814.4196,874.4619,905.0136,991.6128,973.5377,933.8169,999.0637,1116.4891,1035.6451,984.9194,926.3179,929.7073,947.333,988.3608,943.3813,943.3813,825.6692
Bulgaria,Food Transport,Emissions (CH4),kilotonnes,0.0927,0.0987,0.1071,0.1093,0.1024,0.1148,0.1209,0.1177,0.1133,0.1199,0.1184,0.1106,0.1153,0.1182,0.1289,0.136,0.1405,0.1374,0.1374,0.1299,0.1243
Bulgaria,Food Transport,Emissions (N2O),kilotonnes,0.0202,0.0188,0.0194,0.0198,0.0202,0.0213,0.0227,0.0216,0.0238,0.0217,0.0213,0.0205,0.0216,0.0178,0.0198,0.0225,0.022,0.0225,0.0227,0.0201,0.0186
Bulgaria,Food Transport,Emissions (CO2),kilotonnes,393.1275,404.105,425.214,479.9055,503.962,551.8425,585.8915,562.6245,600.285,591.484,575.961,576.617,601.516,529.8655,599.683,664.8375,672.7125,679.0745,682.973,694.1018,603.7977
Bulgaria,Food Transport,Emissions (CO2eq) from CH4 (AR5),kilotonnes,2.5956,2.7636,2.9988,3.0604,2.8672,3.2144,3.3852,3.2956,3.1724,3.3572,3.3152,3.0968,3.2284,3.3096,3.6092,3.808,3.934,3.8472,3.8472,3.6372,3.4815
Bulgaria,Food Transport,Emissions (CO2eq) from N2O (AR5),kilotonnes,5.353,4.982,5.141,5.247,5.353,5.6445,6.0155,5.724,6.307,5.7505,5.6445,5.4325,5.724,4.717,5.247,5.9625,5.83,5.9625,6.0155,5.3265,4.9348
Bulgaria,Food Transport,Emissions (CO2eq) (AR5),kilotonnes,401.0761,411.8506,433.3538,488.2129,512.1822,560.7014,595.2922,571.6441,609.7644,600.5917,584.9207,585.1463,610.4684,537.8921,608.5392,674.608,682.4765,688.8842,692.8357,703.0655,612.2141
Bulgaria,Energy,Emissions (CH4),kilotonnes,52.9,51.2,53.4,56,52.8,50.7,51,51.8,52.5,48.1,51.2,60,56.1,50.8,50.9,54.5,51.2,54.7,54.1,51.4,49.2
Bulgaria,Energy,Emissions (N2O),kilotonnes,0.979,0.995,0.997,1.05,1.03,1.05,1.09,1.09,0.992,0.932,0.984,1.06,1.02,0.909,0.956,1.01,0.957,0.991,1.02,1.02,0.945
Bulgaria,Energy,Emissions (CO2),kilotonnes,43300,46100,44100,47000,45700,46500,47300,50800,48600,41400,43300,48600,44300,39100,41900,44100,41000,43500,40400,39200,34100
Bulgaria,Energy,Emissions (CO2eq) from CH4 (AR5),kilotonnes,1481.2,1433.6,1495.2,1568,1478.4,1419.6,1428,1450.4,1470,1346.8,1433.6,1680,1570.8,1422.4,1425.2,1526,1433.6,1531.6,1514.8,1439.2,1377.6
Bulgaria,Energy,Emissions (CO2eq) from N2O (AR5),kilotonnes,259.435,263.675,264.205,278.25,272.95,278.25,288.85,288.85,262.88,246.98,260.76,280.9,270.3,240.885,253.34,267.65,253.605,262.615,270.3,270.3,250.425
Bulgaria,Energy,Emissions (CO2eq) (AR5),kilotonnes,45040.635,47797.275,45859.405,48846.25,47451.35,48197.85,49016.85,52539.25,50332.88,42993.78,44994.36,50560.9,46141.1,40763.285,43578.54,45893.65,42687.205,45294.215,42185.1,40909.5,35728.025
Bulgaria,IPPU,Emissions (CH4),kilotonnes,0.332,0.269,0.302,0.339,0.323,0.335,0.331,0.329,0.284,0.263,0.262,0.266,0.263,0.261,0.263,0.261,0.261,0.264,0.264,0.255,0.257
Bulgaria,IPPU,Emissions (N2O),kilotonnes,2.09,2.09,1.73,1.79,2.13,2.3,1.27,1.55,1.47,0.725,0.708,0.627,0.376,0.376,0.375,0.375,0.375,0.374,0.449,0.351,0.332
Bulgaria,IPPU,Emissions (CO2),kilotonnes,3660,3080,2970,3110,3300,3780,3520,3960,3850,2520,2540,2810,2730,2710,2760,3150,3290,3300,3310,2920,2710
Bulgaria,IPPU,Emissions (CO2eq) from F-gases (AR5),kilotonnes,142.8479,180.7464,227.3906,281.8088,353.7187,435.3461,482.962,542.2391,602.4878,688.0022,768.6579,861.9463,935.7997,2341.9285,2672.3251,2963.8515,3478.8814,4849.0554,6296.9697,7122.9611,1894.9214
Bulgaria,IPPU,Emissions (CO2eq) from CH4 (AR5),kilotonnes,9.296,7.532,8.456,9.492,9.044,9.38,9.268,9.212,7.952,7.364,7.336,7.448,7.364,7.308,7.364,7.308,7.308,7.392,7.392,7.14,7.196
Bulgaria,IPPU,Emissions (CO2eq) from N2O (AR5),kilotonnes,553.85,553.85,458.45,474.35,564.45,609.5,336.55,410.75,389.55,192.125,187.62,166.155,99.64,99.64,99.375,99.375,99.375,99.11,118.985,93.015,87.98
Bulgaria,IPPU,Emissions (CO2eq) (AR5),kilotonnes,4365.9939,3822.1284,3664.2966,3875.6508,4227.2127,4834.2261,4348.78,4922.2011,4849.9898,3407.4912,3503.6139,3845.5493,3772.8037,5158.8765,5539.0641,6220.5345,6875.5644,8255.5574,9733.3467,10143.1161,4700.0974
Bulgaria,Waste,Emissions (CH4),kilotonnes,245,243,240,237,237,235,238,236,232,232,228,227,222,209,206,219,217,219,210,201,196
Bulgaria,Waste,Emissions (N2O),kilotonnes,0.434,0.429,0.426,0.412,0.404,0.393,0.392,0.381,0.383,0.382,0.383,0.382,0.383,0.39,0.388,0.414,0.409,0.399,0.362,0.372,0.367
Bulgaria,Waste,Emissions (CO2),kilotonnes,36.3,22.9,22.4,25.2,40.3,31.4,29.5,19.5,24.4,19.1,7.51,5.34,11.4,22.5,6.39,5.7,6.98,8.4,3.78,7.04,6.35
Bulgaria,Waste,Emissions (CO2eq) from CH4 (AR5),kilotonnes,6860,6804,6720,6636,6636,6580,6664,6608,6496,6496,6384,6356,6216,5852,5768,6132,6076,6132,5880,5628,5488
Bulgaria,Waste,Emissions (CO2eq) from N2O (AR5),kilotonnes,115.01,113.685,112.89,109.18,107.06,104.145,103.88,100.965,101.495,101.23,101.495,101.23,101.495,103.35,102.82,109.71,108.385,105.735,95.93,98.58,97.255
Bulgaria,Waste,Emissions (CO2eq) (AR5),kilotonnes,7011.31,6940.585,6855.29,6770.38,6783.36,6715.545,6797.38,6728.465,6621.895,6616.33,6493.005,6462.57,6328.895,5977.85,5877.21,6247.41,6191.365,6246.135,5979.71,5733.62,5591.605
Bulgaria,Other,Emissions (N2O),kilotonnes,0.746,0.816,0.781,0.857,0.853,0.886,0.911,0.951,0.907,0.784,0.785,0.779,0.593,0.55,0.574,0.596,0.587,0.594,0.568,0.487,0.456
Bulgaria,Other,Emissions (CO2eq) from N2O (AR5),kilotonnes,197.69,216.24,206.965,227.105,226.045,234.79,241.415,252.015,240.355,207.76,208.025,206.435,157.145,145.75,152.11,157.94,155.555,157.41,150.52,129.055,120.84
Bulgaria,Other,Emissions (CO2eq) (AR5),kilotonnes,197.69,216.24,206.965,227.105,226.045,234.79,241.415,252.015,240.355,207.76,208.025,206.435,157.145,145.75,152.11,157.94,155.555,157.41,150.52,129.055,120.84
Bulgaria,Farm-gate emissions,Emissions (CH4),kilotonnes,109.3632,101.8786,89.479,94.6978,96.1344,92.6065,87.6352,89.5099,85.3792,80.6826,75.7783,76.0488,76.3539,71.8638,76.0507,74.2248,73.2061,73.289,71.4221,68.8319,74.9303
Bulgaria,Farm-gate emissions,Direct emissions (N2O),kilotonnes,5.2081,5.7815,7.3249,7.3943,6.814,5.7027,4.8667,5.4542,6.1309,6.9299,6.7617,8.3904,6.3505,7.3487,7.4798,7.8386,8.4619,8.3597,8.2365,8.5412,8.4315
Bulgaria,Farm-gate emissions,Indirect emissions (N2O),kilotonnes,1.7549,1.895,2.3572,2.4458,2.1929,1.8565,1.5861,1.8043,1.9618,2.2289,2.1509,2.6716,2.0134,2.2994,2.3381,2.4676,2.6652,2.6231,2.5788,2.6578,2.6663
Bulgaria,Farm-gate emissions,Emissions (N2O),kilotonnes,8.8963,9.5388,11.4335,11.6509,10.8213,9.3318,8.216,9.0232,9.6766,10.7014,10.4263,12.5902,9.8975,11.1222,11.3163,11.8006,12.6073,12.4718,12.311,12.679,12.6306
Bulgaria,Farm-gate emissions,Emissions (CO2),kilotonnes,2116.4414,2024.6852,2036.4261,2038.2539,2017.936,2083.8098,2092.1366,2005.5207,1713.9909,1698.1766,1684.7872,1720.2563,1709.7268,1645.9629,1670.8956,1670.7171,1627.1214,1630.1716,1644.404,1642.133,1641.2738
Bulgaria,Farm-gate emissions,Emissions (CO2eq) from CH4 (AR5),kilotonnes,3062.1683,2852.6008,2505.4113,2651.5381,2691.7643,2592.9807,2453.7853,2506.2763,2390.6179,2259.1128,2121.7925,2129.3671,2137.9098,2012.1862,2129.42,2078.2935,2049.7708,2052.093,1999.8187,1927.2941,2098.0495
Bulgaria,Farm-gate emissions,Emissions (CO2eq) from N2O (AR5),kilotonnes,2357.5198,2527.7766,3029.8733,3087.4935,2867.6427,2472.9276,2177.2346,2391.1531,2564.3037,2835.8693,2762.9614,3336.4116,2622.8287,2947.3805,2998.8089,3127.1512,3340.9263,3305.0182,3262.4238,3359.9315,3347.109
Bulgaria,Farm-gate emissions,Emissions (CO2eq) (AR5),kilotonnes,7536.1296,7405.0626,7571.7108,7777.2855,7577.343,7149.7181,6723.1564,6902.9502,6668.9125,6793.1587,6569.5412,7186.035,6470.4653,6605.5296,6799.1245,6876.1618,7017.8184,6987.2828,6906.6464,6929.3586,7086.4323
Bulgaria,Land Use change,Emissions (CH4),kilotonnes,0,0,0,0,0,0,0,0,0,0,0,0,0,0,0,0,0,0,0,0,0
Bulgaria,Land Use change,Emissions (N2O),kilotonnes,0,0,0,0,0,0,0,0,0,0,0,0,0,0,0,0,0,0,0,0,0
Bulgaria,Land Use change,Emissions (CO2),kilotonnes,2323.2,3472.8467,3472.8467,3472.8467,3472.8467,3472.8467,3472.8467,3472.8467,3472.8467,3472.8467,3472.8467,0,0,0,0,0,3247.794,3247.794,3247.794,3247.794,3247.794
Bulgaria,Land Use change,Emissions (CO2eq) from CH4 (AR5),kilotonnes,0,0,0,0,0,0,0,0,0,0,0,0,0,0,0,0,0,0,0,0,0
Bulgaria,Land Use change,Emissions (CO2eq) from N2O (AR5),kilotonnes,0,0,0,0,0,0,0,0,0,0,0,0,0,0,0,0,0,0,0,0,0
Bulgaria,Land Use change,Emissions (CO2eq) (AR5),kilotonnes,2323.2,3472.8467,3472.8467,3472.8467,3472.8467,3472.8467,3472.8467,3472.8467,3472.8467,3472.8467,3472.8467,0,0,0,0,0,3247.794,3247.794,3247.794,3247.794,3247.794
Bulgaria,Emissions on agricultural land,Emissions (CH4),kilotonnes,109.3632,101.8786,89.479,94.6978,96.1344,92.6065,87.6352,89.5099,85.3792,80.6826,75.7783,76.0488,76.3539,71.8638,76.0507,74.2248,73.2061,73.289,71.4221,68.8319,74.9303
Bulgaria,Emissions on agricultural land,Emissions (N2O),kilotonnes,8.8963,9.5388,11.4335,11.6509,10.8213,9.3318,8.216,9.0232,9.6766,10.7014,10.4263,12.5902,9.8975,11.1222,11.3163,11.8006,12.6073,12.4718,12.311,12.679,12.6306
Bulgaria,Emissions on agricultural land,Emissions (CO2),kilotonnes,4439.6414,5497.5318,5509.2728,5511.1006,5490.7827,5556.6564,5564.9832,5478.3674,5186.8376,5171.0232,5157.6339,1720.2563,1709.7268,1645.9629,1670.8956,1670.7171,4874.9154,4877.9656,4892.198,4889.927,4889.0678
Bulgaria,Emissions on agricultural land,Emissions (CO2eq) from CH4 (AR5),kilotonnes,3062.1683,2852.6008,2505.4113,2651.5381,2691.7643,2592.9807,2453.7853,2506.2763,2390.6179,2259.1128,2121.7925,2129.3671,2137.9098,2012.1862,2129.42,2078.2935,2049.7708,2052.093,1999.8187,1927.2941,2098.0495
Bulgaria,Emissions on agricultural land,Emissions (CO2eq) from N2O (AR5),kilotonnes,2357.5198,2527.7766,3029.8733,3087.4935,2867.6427,2472.9276,2177.2346,2391.1531,2564.3037,2835.8693,2762.9614,3336.4116,2622.8287,2947.3805,2998.8089,3127.1512,3340.9263,3305.0182,3262.4238,3359.9315,3347.109
Bulgaria,Emissions on agricultural land,Emissions (CO2eq) (AR5),kilotonnes,9859.3296,10877.9093,11044.5574,11250.1321,11050.1897,10622.5647,10196.0031,10375.7968,10141.7591,10266.0053,10042.3878,7186.035,6470.4653,6605.5296,6799.1245,6876.1618,10265.6124,10235.0768,10154.4404,10177.1526,10334.2263
Bulgaria,Pre- and post- production,Emissions (CH4),kilotonnes,45.1089,41.3013,44.348,48.2729,48.6555,57.1748,59.9318,62.4352,39.1598,38.6019,38.8497,39.048,38.9278,38.7626,38.617,38.181,38.3175,39.095,39.7652,40.6199,41.0654
Bulgaria,Pre- and post- production,Emissions (N2O),kilotonnes,0.3921,0.3772,0.3604,0.3508,0.3528,0.3656,0.375,0.3611,0.3732,0.3671,0.364,0.3663,0.3654,0.3648,0.3751,0.3564,0.3717,0.3883,0.4119,0.4333,0.453
Bulgaria,Pre- and post- production,Emissions (CO2),kilotonnes,1551.6589,1556.123,1543.7472,1714.2343,1641.7875,3643.3475,3647.1672,3980.8685,4009.217,3600.5991,3639.766,3906.8339,3595.1518,3517.5344,3519.2723,3658.2337,3695.7776,3778.7043,3810.3836,3839.5312,3359.9342
Bulgaria,Pre- and post- production,Emissions (CO2eq) from F-gases (AR5),kilotonnes,124.1605,166.7595,213.5145,273.7765,343.909,385.9885,436.8995,488.33,494.564,497.681,499.759,500.798,501.3175,502.3565,502.3565,502.3565,547.0335,558.4625,570.411,581.84,154.7869
Bulgaria,Pre- and post- production,Emissions (CO2eq) from CH4 (AR5),kilotonnes,1263.0505,1156.4375,1241.7438,1351.6401,1362.3548,1600.8932,1678.0892,1748.1864,1096.4736,1080.852,1087.7902,1093.345,1089.9788,1085.3519,1081.2766,1069.0684,1072.8906,1094.6597,1113.4262,1137.3572,1149.8324
Bulgaria,Pre- and post- production,Emissions (CO2eq) from N2O (AR5),kilotonnes,103.9061,99.959,95.5131,92.9507,93.4996,96.8796,99.3656,95.6929,98.8881,97.2847,96.4478,97.0644,96.8422,96.6642,99.3905,94.4378,98.5089,102.8865,109.1612,114.816,120.0493
Bulgaria,Pre- and post- production,Emissions (CO2eq) (AR5),kilotonnes,3042.776,2979.2789,3094.5187,3432.6017,3441.5509,5727.1088,5861.5216,6313.0778,5699.1427,5276.4168,5323.763,5598.0412,5283.2903,5201.9069,5202.2959,5324.0964,5414.2105,5534.713,5603.3819,5673.5444,4784.6028
Bulgaria,Agri-food systems,Emissions (CH4),kilotonnes,154.4721,143.1799,133.827,142.9707,144.79,149.7812,147.5669,151.9451,124.539,119.2845,114.628,115.0969,115.2817,110.6264,114.6677,112.4058,111.5236,112.384,111.1873,109.4518,115.9958
Bulgaria,Agri-food systems,Emissions (N2O),kilotonnes,9.2884,9.916,11.7939,12.0017,11.1741,9.6974,8.5909,9.3843,10.0498,11.0685,10.7902,12.9565,10.2629,11.487,11.6913,12.1569,12.979,12.86,12.723,13.1123,13.0836
Bulgaria,Agri-food systems,Emissions (CO2),kilotonnes,5991.3004,7053.6548,7053.02,7225.3349,7132.5701,9200.0039,9212.1505,9459.2359,9196.0545,8771.6223,8797.3999,5627.0903,5304.8786,5163.4973,5190.1679,5328.9509,8570.6929,8656.6698,8702.5815,8729.4582,8249.0019
Bulgaria,Agri-food systems,Emissions (CO2eq) from F-gases (AR5),kilotonnes,124.1605,166.7595,213.5145,273.7765,343.909,385.9885,436.8995,488.33,494.564,497.681,499.759,500.798,501.3175,502.3565,502.3565,502.3565,547.0335,558.4625,570.411,581.84,154.7869
Bulgaria,Agri-food systems,Emissions (CO2eq) from CH4 (AR5),kilotonnes,4325.2188,4009.0383,3747.1551,4003.1782,4054.1191,4193.8739,4131.8745,4254.4627,3487.0915,3339.9648,3209.5827,3222.712,3227.8886,3097.5381,3210.6967,3147.3619,3122.6613,3146.7527,3113.2448,3064.6513,3247.8819
Bulgaria,Agri-food systems,Emissions (CO2eq) from N2O (AR5),kilotonnes,2461.4259,2627.7356,3125.3865,3180.4442,2961.1423,2569.8072,2276.6002,2486.846,2663.1918,2933.154,2859.4091,3433.4759,2719.6709,3044.0447,3098.1994,3221.589,3439.4352,3407.9047,3371.585,3474.7475,3467.1583
Bulgaria,Agri-food systems,Emissions (CO2eq) (AR5),kilotonnes,12902.1056,13857.1882,14139.0761,14682.7338,14491.7406,16349.6735,16057.5247,16688.8746,15840.9018,15542.4221,15366.1508,12784.0762,11753.7556,11807.4365,12001.4204,12200.2582,15679.8229,15769.7898,15757.8223,15850.697,15118.8291
Bulgaria,IPCC Agriculture,Emissions (CH4),kilotonnes,109.1664,101.7029,89.2936,94.514,95.9532,92.3696,87.3585,89.1635,85.1249,80.4883,75.5762,75.8373,76.1324,71.6707,75.8221,73.994,72.975,73.0329,71.1926,68.6022,74.7006
Bulgaria,IPCC Agriculture,Emissions (CH4),kilotonnes,96.4261,85.1799,88.7101,93.5002,92.8334,89.3088,88.2942,84.867,83.5173,79.4992,80.1818,80.0488,77.5105,79.6137,80.8329,79.8716,79.2604,78.3082,76.9081,74.9631,77.6134
Bulgaria,IPCC Agriculture,Direct emissions (N2O),kilotonnes,5.2081,5.7815,7.3249,7.3943,6.814,5.7027,4.8667,5.4542,6.1309,6.9299,6.7617,8.3904,6.3505,7.3487,7.4798,7.8386,8.4619,8.3597,8.2365,8.5412,8.4315
Bulgaria,IPCC Agriculture,Indirect emissions (N2O),kilotonnes,1.7549,1.895,2.3572,2.4458,2.1929,1.8565,1.5861,1.8043,1.9618,2.2289,2.1509,2.6716,2.0134,2.2994,2.3381,2.4676,2.6652,2.6231,2.5788,2.6578,2.6663
Bulgaria,IPCC Agriculture,Emissions (N2O),kilotonnes,8.5912,9.2589,11.1473,11.3672,10.5548,9.0552,7.933,8.7805,9.5388,10.5504,10.2754,12.4272,9.7321,10.972,11.1632,11.6414,12.4629,12.3297,12.1581,12.5261,12.4777
Bulgaria,IPCC Agriculture,Emissions (N2O),kilotonnes,8.683,8.9685,9.1686,8.423,9.9808,9.2088,8.9166,8.685,9.6243,9.381,10.961,9.7756,10.4136,11.8539,13.3337,13.5799,14.786,14.7732,14.3894,14.519,14.1417
Bulgaria,IPCC Agriculture,Emissions (CO2),kilotonnes,16.6497,19.2959,17.854,16.1904,18.9508,18.3245,17.1219,15.7527,20.3031,24.8534,18.0539,26.2827,31.3221,37.2086,30.8601,31.2686,35.9333,33.4235,33.7388,33.0449,33.4818
Bulgaria,IPCC Agriculture,Emissions (CO2eq) from CH4 (AR5),kilotonnes,3056.6581,2847.6802,2500.2204,2646.3929,2686.689,2586.3479,2446.038,2496.5785,2383.4962,2253.6732,2116.1333,2123.4432,2131.7075,2006.7787,2123.0175,2071.8331,2043.301,2044.9213,1993.3917,1920.8622,2091.6176
Bulgaria,IPCC Agriculture,Emissions (CO2eq) from CH4 (AR5),kilotonnes,2699.9309,2385.036,2483.8826,2618.0063,2599.3344,2500.6476,2472.2388,2376.2774,2338.4837,2225.9766,2245.0914,2241.3667,2170.2937,2229.1832,2263.3226,2236.4052,2219.291,2192.6309,2153.428,2098.9658,2173.1753
Bulgaria,IPCC Agriculture,Emissions (CO2eq) from N2O (AR5),kilotonnes,2276.6799,2453.5999,2954.0345,3012.3184,2797.0234,2399.6159,2102.2461,2326.8328,2527.7882,2795.8684,2722.9902,3293.2139,2578.9966,2907.592,2958.2595,3084.962,3302.6725,3267.3714,3221.9079,3319.4223,3306.5998
Bulgaria,IPCC Agriculture,Emissions (CO2eq) from N2O (AR5),kilotonnes,2300.9842,2376.6534,2429.6721,2232.0935,2644.922,2440.3387,2362.8967,2301.5173,2550.446,2485.9774,2904.6633,2590.5386,2759.6111,3141.2829,3533.4288,3598.6634,3918.2939,3914.8887,3813.2026,3847.522,3747.5599
Bulgaria,IPCC Agriculture,Emissions (CO2eq) (AR5),kilotonnes,5333.338,5301.2801,5454.2549,5658.7113,5483.7124,4985.9638,4548.2841,4823.4113,4911.2845,5049.5416,4839.1235,5416.6571,4710.7041,4914.3707,5081.277,5156.7951,5345.9735,5312.2926,5215.2995,5240.2845,5398.2174
Bulgaria,IPCC Agriculture,Emissions (CO2eq) (AR5),kilotonnes,5017.5649,4780.9854,4931.4087,4866.2902,5263.2072,4959.3109,4852.2573,4693.5474,4909.2327,4736.8074,5167.8086,4858.188,4961.2269,5407.6747,5827.6115,5866.3372,6173.5182,6140.9431,6000.3694,5979.5327,5954.217
Bulgaria,Agricultural Soils,Direct emissions (N2O),kilotonnes,5.2081,5.7815,7.3249,7.3943,6.814,5.7027,4.8667,5.4542,6.1309,6.9299,6.7617,8.3904,6.3505,7.3487,7.4798,7.8386,8.4619,8.3597,8.2365,8.5412,8.4315
Bulgaria,Agricultural Soils,Direct emissions (N2O),kilotonnes,5.6866,6.0491,6.1546,5.4462,6.6918,6.1252,5.9108,5.7369,6.57,6.4362,7.7544,6.8245,7.33,8.4885,9.6485,9.817,10.7973,10.8201,10.5037,10.611,10.31
Bulgaria,Agricultural Soils,Indirect emissions (N2O),kilotonnes,1.7549,1.895,2.3572,2.4458,2.1929,1.8565,1.5861,1.8043,1.9618,2.2289,2.1509,2.6716,2.0134,2.2994,2.3381,2.4676,2.6652,2.6231,2.5788,2.6578,2.6663
Bulgaria,Agricultural Soils,Indirect emissions (N2O),kilotonnes,1.6969,1.7564,1.7741,1.6121,1.9143,1.773,1.7113,1.6916,1.8641,1.8248,2.1306,1.9088,2.0615,2.343,2.6696,2.7274,2.9702,2.9564,2.8753,2.9088,2.8524
Bulgaria,Agricultural Soils,Emissions (N2O),kilotonnes,7.7374,8.45,10.4548,10.6116,9.7772,8.3286,7.2214,8.0252,8.858,9.9229,9.6752,11.8235,9.1245,10.4076,10.5749,11.0627,11.8831,11.7382,11.5682,11.9534,11.8516
Bulgaria,Agricultural Soils,Emissions (N2O),kilotonnes,7.3835,7.8056,7.9287,7.0583,8.6061,7.8981,7.6222,7.4285,8.4341,8.261,9.885,8.7334,9.3915,10.8315,12.318,12.5443,13.7675,13.7766,13.379,13.5198,13.1624
Bulgaria,Agricultural Soils,Emissions (CO2eq) from N2O (AR5),kilotonnes,2050.424,2239.2562,2770.529,2812.0712,2590.9647,2207.0683,1913.6598,2126.6769,2347.3583,2629.5568,2563.9224,3133.2335,2417.9957,2758.0248,2802.36,2931.6253,3149.0254,3110.611,3065.5858,3167.6505,3140.6726
Bulgaria,Agricultural Soils,Emissions (CO2eq) from N2O (AR5),kilotonnes,1956.6293,2068.472,2101.1063,1870.4592,2280.6099,2093.0092,2019.8748,1968.5535,2235.0451,2189.165,2619.527,2314.3461,2488.754,2870.3481,3264.28,3324.2405,3648.3912,3650.7962,3545.441,3582.7601,3488.0239
Bulgaria,Agricultural Soils,Emissions (CO2eq) (AR5),kilotonnes,2050.424,2239.2562,2770.529,2812.0712,2590.9647,2207.0683,1913.6598,2126.6769,2347.3583,2629.5568,2563.9224,3133.2335,2417.9957,2758.0248,2802.36,2931.6253,3149.0254,3110.611,3065.5858,3167.6505,3140.6726
Bulgaria,Agricultural Soils,Emissions (CO2eq) (AR5),kilotonnes,1956.6293,2068.472,2101.1063,1870.4592,2280.6099,2093.0092,2019.8748,1968.5535,2235.0451,2189.165,2619.527,2314.3461,2488.754,2870.3481,3264.28,3324.2405,3648.3912,3650.7962,3545.441,3582.7601,3488.0239
Bulgaria,LULUCF,Emissions (CH4),kilotonnes,0.9068,0,0.015,0.0075,0,0.1271,0.0324,0.4761,0.0698,0.005,0.2219,0.172,0.0199,0.0848,0.0499,0.1022,0.0474,0.0548,0.0125,0.0374,0.0249
Bulgaria,LULUCF,Emissions (CH4),kilotonnes,5.3896,1.8773,0.6061,0.4751,0.1061,0.1346,0.3449,4.042,0.5062,0.2113,0.6076,0.6667,1.214,0.3087,0.086,0.5109,0.59,0.4252,0.1352,0.5342,
Bulgaria,LULUCF,Emissions (N2O),kilotonnes,0.0502,0,0.0014,0.0007,0,0.0116,0.003,0.0435,0.0064,0.0005,0.0203,0.0157,0.0018,0.0077,0.0046,0.0093,0.0043,0.005,0.0011,0.0034,0.0023
Bulgaria,LULUCF,Emissions (N2O),kilotonnes,0.9083,0.7178,0.653,0.6517,0.6367,0.6575,0.6893,0.9188,0.7761,0.7899,0.9013,0.9745,1.0887,1.1863,1.1784,1.2446,1.2531,1.2432,1.2224,1.2126,
Bulgaria,LULUCF,Emissions (CO2),kilotonnes,-21840.3737,-23619.0956,-23620.2546,-23622.1012,-23623.7726,-23625.1519,-23626.4506,-23628.9839,-23631.2989,-23633.0896,-23635.1683,-12184.3466,-12185.7777,-12187.2466,-12190.8513,-12191.6547,-33877.9867,-33878.8614,-33882.3596,-33880.523,-33881.3823
Bulgaria,LULUCF,Emissions (CO2),kilotonnes,-18212.9307,-14519.9618,-14813.9869,-14431.729,-15185.3109,-16519.5695,-14027.832,-15143.6203,-13386.2574,-13502.6294,-12952.5181,-10285.6406,-9869.8649,-8805.9377,-10095.8017,-9707.4323,-9616.4653,-9685.5968,-9950.9742,-9936.7111,
Bulgaria,LULUCF,Emissions (CO2eq) from CH4 (AR5),kilotonnes,25.3906,0,0.4189,0.2094,0,3.5596,0.9075,13.3309,1.9545,0.1396,6.2121,4.8161,0.5583,2.3731,1.396,2.8621,1.3259,1.5353,0.349,1.0468,0.6978
Bulgaria,LULUCF,Emissions (CO2eq) from N2O (AR5),kilotonnes,13.2935,0,0.362,0.181,0,3.076,0.7842,11.5196,1.689,0.1206,5.3681,4.1617,0.4825,2.0507,1.2063,2.4732,1.1458,1.3267,0.3016,0.9046,0.603
Bulgaria,LULUCF,Emissions (CO2eq) (AR5),kilotonnes,-21801.6896,-23619.0956,-23619.4738,-23621.7109,-23623.7726,-23618.5163,-23624.7588,-23604.1335,-23627.6554,-23632.8294,-23623.5881,-12175.3688,-12184.7369,-12182.8229,-12188.249,-12186.3194,-33875.515,-33875.9994,-33881.709,-33878.5716,-33880.0814
Bulgaria,LULUCF,Emissions (CO2eq) (AR5),kilotonnes,-18212.9307,-14519.9618,-14813.9869,-14431.729,-15185.3109,-16519.5695,-14027.832,-15143.6203,-13386.2574,-13502.6294,-12952.5181,-10285.6406,-9869.8649,-8805.9377,-10095.8017,-9707.4323,-9616.4653,-9685.5968,-9950.9742,-9936.7111,
Bulgaria,AFOLU,Emissions (CH4),kilotonnes,110.0732,101.7029,89.3085,94.5215,95.9532,92.4967,87.3909,89.6396,85.1947,80.4933,75.7981,76.0093,76.1524,71.7554,75.8719,74.0963,73.0224,73.0877,71.205,68.6396,74.7256
Bulgaria,AFOLU,Emissions (N2O),kilotonnes,8.6414,9.2589,11.1487,11.3679,10.5548,9.0668,7.936,8.824,9.5452,10.5509,10.2957,12.4429,9.7339,10.9798,11.1678,11.6507,12.4672,12.3347,12.1593,12.5295,12.48
Bulgaria,AFOLU,Emissions (CO2),kilotonnes,-21840.3737,-23619.0956,-23620.2546,-23622.1012,-23623.7726,-23625.1519,-23626.4506,-23628.9839,-23631.2989,-23633.0896,-23635.1683,-12184.3466,-12185.7777,-12187.2466,-12190.8513,-12191.6547,-33877.9867,-33878.8614,-33882.3596,-33880.523,-33881.3823
Bulgaria,AFOLU,Emissions (CO2eq) from CH4 (AR5),kilotonnes,3082.0488,2847.6802,2500.6393,2646.6023,2686.689,2589.9076,2446.9455,2509.9093,2385.4507,2253.8128,2122.3454,2128.2592,2132.2658,2009.1518,2124.4135,2074.6952,2044.6269,2046.4566,1993.7406,1921.909,2092.3155
Bulgaria,AFOLU,Emissions (CO2eq) from N2O (AR5),kilotonnes,2289.9733,2453.5999,2954.3964,3012.4994,2797.0234,2402.6919,2103.0303,2338.3524,2529.4772,2795.989,2728.3583,3297.3756,2579.479,2909.6427,2959.4658,3087.4352,3303.8183,3268.6981,3222.2094,3320.3269,3307.2028
Bulgaria,AFOLU,Emissions (CO2eq) (AR5),kilotonnes,-16468.3516,-18317.8155,-18165.2188,-17962.9995,-18140.0602,-18632.5524,-19076.4747,-18780.7222,-18716.371,-18583.2878,-18784.4646,-6758.7117,-7474.0328,-7268.4521,-7106.9721,-7029.5243,-28529.5415,-28563.7068,-28666.4095,-28638.2871,-28481.864
Bulgaria,All sectors with LULUCF,Emissions (CH4),kilotonnes,408.3052,396.1719,383.0105,387.8605,386.0762,378.5317,376.7219,377.7686,369.9787,360.8563,355.2601,363.2753,354.5154,331.8164,333.0349,347.8573,341.4834,347.0517,335.569,321.2946,320.1826
Bulgaria,All sectors with LULUCF,Emissions (N2O),kilotonnes,12.8904,13.5889,15.0827,15.4769,14.9718,13.6958,11.599,12.796,13.2972,13.3739,13.1557,15.2909,12.1059,13.2048,13.4608,14.0457,14.7952,14.6927,14.5583,14.7595,14.58
Bulgaria,All sectors with LULUCF,Emissions (CO2),kilotonnes,25155.9263,25583.8044,23472.1454,26513.0988,25416.5274,26686.2481,27223.0494,31150.5161,28843.1011,20306.0104,22212.3417,39230.9934,34855.6223,29645.2534,32475.5387,35064.0453,10418.9933,12929.5386,9831.4204,8246.517,2934.9677
Bulgaria,All sectors with LULUCF,Emissions (CO2eq) from F-gases (AR5),kilotonnes,142.8479,180.7464,227.3906,281.8088,353.7187,435.3461,482.962,542.2391,602.4878,688.0022,768.6579,861.9463,935.7997,2341.9285,2672.3251,2963.8515,3478.8814,4849.0554,6296.9697,7122.9611,1894.9214
Bulgaria,All sectors with LULUCF,Emissions (CO2eq) from CH4 (AR5),kilotonnes,11432.5448,11092.8122,10724.2953,10860.0943,10810.133,10598.8876,10548.2135,10577.5213,10359.4027,10103.9768,9947.2814,10171.7072,9926.4298,9290.8598,9324.9775,9740.0032,9561.5349,9717.4486,9395.9326,8996.249,8965.1115
Bulgaria,All sectors with LULUCF,Emissions (CO2eq) from N2O (AR5),kilotonnes,3415.9583,3601.0499,3996.9064,4101.3844,3967.5284,3629.3769,3073.7253,3390.9324,3523.7572,3544.084,3486.2583,4052.0956,3208.059,3499.2677,3567.1108,3722.1102,3920.7383,3893.5681,3857.9444,3911.2769,3863.7028
Bulgaria,All sectors with LULUCF,Emissions (CO2eq) (AR5),kilotonnes,40147.2774,40458.4128,38420.7377,41756.3863,40547.9075,41349.8586,41327.9503,45661.2088,43328.7489,34642.0735,36414.5393,54316.7426,48925.9108,44777.3094,48039.952,51490.0102,27380.1479,31389.6106,29382.2672,28277.004,17658.7034
Bulgaria,All sectors without LULUCF,Emissions (CH4),kilotonnes,407.3984,396.1719,382.9956,387.853,386.0762,378.4046,376.6895,377.2925,369.9089,360.8513,355.0382,363.1033,354.4954,331.7317,332.9851,347.755,341.436,346.9969,335.5566,321.2572,320.1576
Bulgaria,All sectors without LULUCF,Emissions (N2O),kilotonnes,12.8402,13.5889,15.0813,15.4762,14.9718,13.6842,11.596,12.7525,13.2908,13.3734,13.1354,15.2752,12.1041,13.197,13.4562,14.0364,14.7909,14.6877,14.5571,14.7561,14.5777
Bulgaria,All sectors without LULUCF,Emissions (CO2),kilotonnes,46996.3,49202.9,47092.4,50135.2,49040.3,50311.4,50849.5,54779.5,52474.4,43939.1,45847.51,51415.34,47041.4,41832.5,44666.39,47255.7,44296.98,46808.4,43713.78,42127.04,36816.35
Bulgaria,All sectors without LULUCF,Emissions (CO2eq) from F-gases (AR5),kilotonnes,142.8479,180.7464,227.3906,281.8088,353.7187,435.3461,482.962,542.2391,602.4878,688.0022,768.6579,861.9463,935.7997,2341.9285,2672.3251,2963.8515,3478.8814,4849.0554,6296.9697,7122.9611,1894.9214
Bulgaria,All sectors without LULUCF,Emissions (CO2eq) from CH4 (AR5),kilotonnes,11407.1541,11092.8122,10723.8764,10859.8849,10810.133,10595.3279,10547.306,10564.1905,10357.4482,10103.8372,9941.0693,10166.8912,9925.8715,9288.4867,9323.5815,9737.1411,9560.209,9715.9133,9395.5837,8995.2022,8964.4136
Bulgaria,All sectors without LULUCF,Emissions (CO2eq) from N2O (AR5),kilotonnes,3402.6649,3601.0499,3996.5445,4101.2034,3967.5284,3626.3009,3072.9411,3379.4128,3522.0682,3543.9634,3480.8902,4047.9339,3207.5766,3497.217,3565.9045,3719.637,3919.5925,3892.2414,3857.6429,3910.3723,3863.0998
Bulgaria,All sectors without LULUCF,Emissions (CO2eq) (AR5),kilotonnes,61948.9669,64077.5084,62040.2115,65378.0971,64171.68,64968.3749,64952.7092,69265.3423,66956.4043,58274.9029,60038.1273,66492.1114,61110.6478,56960.1323,60228.2011,63676.3296,61255.6629,65265.61,63263.9762,62155.5756,51538.7849
Burkina Faso,Crop Residues,Direct emissions (N2O),kilotonnes,0.545,0.7103,0.7119,0.8094,0.6738,0.7821,0.7661,0.7321,0.9714,0.8266,1.028,0.8538,1.038,1.0435,0.9354,0.8909,0.9954,0.9222,1.1176,1.0824,1.1073
Burkina Faso,Crop Residues,Indirect emissions (N2O),kilotonnes,0.1226,0.1598,0.1602,0.1821,0.1516,0.176,0.1724,0.1647,0.2186,0.186,0.2313,0.1921,0.2336,0.2348,0.2105,0.2005,0.224,0.2075,0.2515,0.2435,0.2491
Burkina Faso,Crop Residues,Emissions (N2O),kilotonnes,0.6676,0.8702,0.8721,0.9915,0.8254,0.958,0.9385,0.8968,1.1899,1.0126,1.2594,1.0459,1.2716,1.2783,1.1458,1.0914,1.2193,1.1297,1.3691,1.326,1.3564
Burkina Faso,Crop Residues,Emissions (CO2eq) from N2O (AR5),kilotonnes,176.9229,230.5939,231.1137,262.7388,218.7191,253.8755,248.7047,237.6613,315.3349,268.345,333.7279,277.1556,336.9612,338.7566,303.6414,289.2217,323.117,299.3822,362.8026,351.3867,359.4554
Burkina Faso,Crop Residues,Emissions (CO2eq) (AR5),kilotonnes,176.9229,230.5939,231.1137,262.7388,218.7191,253.8755,248.7047,237.6613,315.3349,268.345,333.7279,277.1556,336.9612,338.7566,303.6414,289.2217,323.117,299.3822,362.8026,351.3867,359.4554
Burkina Faso,Rice Cultivation,Emissions (CH4),kilotonnes,10.0054,14.5672,11.6803,11.9005,12.3386,13.0987,11.0146,10.1011,19.9624,22.987,33.3273,33.958,34.1065,34.6019,35.9498,35.5646,42.4034,41.1394,40.1085,44.1722,45.8207
Burkina Faso,Rice Cultivation,Emissions (CO2eq) from CH4 (AR5),kilotonnes,280.1506,407.8826,327.0471,333.2153,345.4819,366.7636,308.4099,282.83,558.9476,643.6348,933.1633,950.8236,954.9822,968.8537,1006.5956,995.8082,1187.2945,1151.9041,1123.0377,1236.8215,1282.9783
Burkina Faso,Rice Cultivation,Emissions (CO2eq) (AR5),kilotonnes,280.1506,407.8826,327.0471,333.2153,345.4819,366.7636,308.4099,282.83,558.9476,643.6348,933.1633,950.8236,954.9822,968.8537,1006.5956,995.8082,1187.2945,1151.9041,1123.0377,1236.8215,1282.9783
Burkina Faso,Burning - Crop residues,Emissions (CH4),kilotonnes,0.7184,0.9978,1.092,1.2545,1.1078,1.2807,1.277,1.3424,1.7695,1.7251,2.3414,2.1037,2.4972,2.6812,2.2472,2.4346,2.7228,2.836,2.9994,3.0121,3.3473
Burkina Faso,Burning - Crop residues,Emissions (CH4),kilotonnes,,,,,,,,,,,,,,,,,,,,,
Burkina Faso,Burning - Crop residues,Emissions (N2O),kilotonnes,0.0186,0.0259,0.0283,0.0325,0.0287,0.0332,0.0331,0.0348,0.0459,0.0447,0.0607,0.0545,0.0647,0.0695,0.0583,0.0631,0.0706,0.0735,0.0778,0.0781,0.0868
Burkina Faso,Burning - Crop residues,Emissions (N2O),kilotonnes,,,,,,,,,,,,,,,,,,,,,
Burkina Faso,Burning - Crop residues,Emissions (CO2eq) from CH4 (AR5),kilotonnes,20.1159,27.9389,30.5771,35.1249,31.0173,35.8595,35.7563,37.5867,49.547,48.3024,65.5597,58.9025,69.9212,75.0749,62.9213,68.17,76.2397,79.4076,83.9831,84.3392,93.7231
Burkina Faso,Burning - Crop residues,Emissions (CO2eq) from CH4 (AR5),kilotonnes,,,,,,,,,,,,,,,,,,,,,
Burkina Faso,Burning - Crop residues,Emissions (CO2eq) from N2O (AR5),kilotonnes,4.9358,6.8554,7.5027,8.6186,7.6107,8.7989,8.7735,9.2227,12.1574,11.852,16.0864,14.4529,17.1566,18.4211,15.439,16.7269,18.707,19.4843,20.607,20.6944,22.9969
Burkina Faso,Burning - Crop residues,Emissions (CO2eq) from N2O (AR5),kilotonnes,,,,,,,,,,,,,,,,,,,,,
Burkina Faso,Burning - Crop residues,Emissions (CO2eq) (AR5),kilotonnes,25.0518,34.7943,38.0798,43.7435,38.628,44.6583,44.5298,46.8093,61.7044,60.1544,81.6461,73.3554,87.0778,93.496,78.3603,84.8969,94.9467,98.8919,104.5901,105.0336,116.7199
Burkina Faso,Burning - Crop residues,Emissions (CO2eq) (AR5),kilotonnes,,,,,,,,,,,,,,,,,,,,,
Burkina Faso,Enteric Fermentation,Emissions (CH4),kilotonnes,246.0408,252.1093,258.4363,337.6797,345.2621,353.0211,360.9612,369.0864,377.3935,385.9111,394.62,403.5331,412.6551,422.0382,432.435,443.3459,455.9769,466.2864,476.69,486.1118,497.6881
Burkina Faso,Enteric Fermentation,Emissions (CH4),kilotonnes,,,,,,,,,,,,,,,,,,,,,
Burkina Faso,Enteric Fermentation,Emissions (CO2eq) from CH4 (AR5),kilotonnes,6889.1424,7059.0609,7236.2167,9455.0324,9667.338,9884.5907,10106.9123,10334.4196,10567.0179,10805.5117,11049.3614,11298.9263,11554.3418,11817.0687,12108.1799,12413.6854,12767.3525,13056.0189,13347.32,13611.1295,13935.2675
Burkina Faso,Enteric Fermentation,Emissions (CO2eq) from CH4 (AR5),kilotonnes,,,,,,,,,,,,,,,,,,,,,
Burkina Faso,Enteric Fermentation,Emissions (CO2eq) (AR5),kilotonnes,6889.1424,7059.0609,7236.2167,9455.0324,9667.338,9884.5907,10106.9123,10334.4196,10567.0179,10805.5117,11049.3614,11298.9263,11554.3418,11817.0687,12108.1799,12413.6854,12767.3525,13056.0189,13347.32,13611.1295,13935.2675
Burkina Faso,Enteric Fermentation,Emissions (CO2eq) (AR5),kilotonnes,,,,,,,,,,,,,,,,,,,,,
Burkina Faso,Manure Management,Emissions (CH4),kilotonnes,12.369,12.9089,13.4982,16.3357,16.7005,17.0991,17.5269,17.9433,18.3945,18.8222,19.2653,19.6976,19.9558,20.4983,20.8678,21.5145,21.8234,22.3181,22.825,23.2765,23.5625
Burkina Faso,Manure Management,Emissions (CH4),kilotonnes,,,,,,,,,,,,,,,,,,,,,
Burkina Faso,Manure Management,Emissions (N2O),kilotonnes,0.7504,0.8157,0.8874,1.0008,1.0213,1.0429,1.0654,1.0879,1.1118,1.135,1.1589,1.1826,1.2018,1.2463,1.2518,1.2838,1.3078,1.3343,1.3616,1.3882,1.3576
Burkina Faso,Manure Management,Emissions (CO2eq) from CH4 (AR5),kilotonnes,346.3312,361.4504,377.9497,457.3985,467.6147,478.7743,490.7545,502.4122,515.0471,527.0227,539.4275,551.533,558.762,573.9531,584.299,602.4072,611.0552,624.9062,639.1011,651.7409,659.7503
Burkina Faso,Manure Management,Emissions (CO2eq) from CH4 (AR5),kilotonnes,,,,,,,,,,,,,,,,,,,,,
Burkina Faso,Manure Management,Emissions (CO2eq) from N2O (AR5),kilotonnes,198.8651,216.17,235.1518,265.2129,270.6382,276.3561,282.3355,288.2864,294.6216,300.7654,307.1162,313.3974,318.4839,330.2756,331.7376,340.1997,346.5682,353.581,360.8184,367.8614,359.7517
Burkina Faso,Manure Management,Emissions (CO2eq) (AR5),kilotonnes,545.1963,577.6203,613.1015,722.6114,738.2529,755.1304,773.09,790.6985,809.6686,827.7881,846.5437,864.9304,877.246,904.2287,916.0366,942.6068,957.6234,978.4871,999.9195,1019.6023,1019.502
Burkina Faso,Manure Management,Emissions (CO2eq) (AR5),kilotonnes,,,,,,,,,,,,,,,,,,,,,
Burkina Faso,Manure left on Pasture,Direct emissions (N2O),kilotonnes,9.8911,10.1319,10.3826,13.4515,13.7582,14.0838,14.4263,14.7671,15.1325,15.4862,15.8532,16.216,16.5022,16.8812,17.283,17.7995,18.1973,18.61,19.037,19.4172,19.8987
Burkina Faso,Manure left on Pasture,Indirect emissions (N2O),kilotonnes,2.8602,2.9352,3.014,3.6936,3.7831,3.8773,3.9758,4.0747,4.1795,4.2828,4.3897,4.4965,4.588,4.7001,4.8178,4.961,5.0799,5.203,5.3302,5.4442,5.5703
Burkina Faso,Manure left on Pasture,Emissions (N2O),kilotonnes,12.7513,13.0671,13.3966,17.1452,17.5413,17.9611,18.4021,18.8418,19.312,19.769,20.2429,20.7125,21.0901,21.5813,22.1008,22.7604,23.2772,23.8131,24.3672,24.8614,25.469
Burkina Faso,Manure left on Pasture,Emissions (CO2eq) from N2O (AR5),kilotonnes,3379.0861,3462.7849,3550.1032,4543.4749,4648.4563,4759.6917,4876.5635,4993.0719,5117.6778,5238.7874,5364.3607,5488.8119,5588.8887,5719.0516,5856.7245,6031.519,6168.4464,6310.4585,6457.304,6588.2707,6749.2896
Burkina Faso,Manure left on Pasture,Emissions (CO2eq) (AR5),kilotonnes,3379.0861,3462.7849,3550.1032,4543.4749,4648.4563,4759.6917,4876.5635,4993.0719,5117.6778,5238.7874,5364.3607,5488.8119,5588.8887,5719.0516,5856.7245,6031.519,6168.4464,6310.4585,6457.304,6588.2707,6749.2896
Burkina Faso,Manure applied to Soils,Direct emissions (N2O),kilotonnes,0.5115,0.548,0.588,0.6756,0.69,0.7062,0.7237,0.7406,0.7597,0.7768,0.7949,0.8119,0.8193,0.8469,0.8578,0.8918,0.9134,0.9322,0.9517,0.9721,0.9575
Burkina Faso,Manure applied to Soils,Indirect emissions (N2O),kilotonnes,0.2174,0.2329,0.2499,0.2871,0.2933,0.3001,0.3076,0.3147,0.3229,0.3302,0.3378,0.3451,0.3482,0.36,0.3646,0.379,0.3882,0.3962,0.4045,0.4131,0.4069
Burkina Faso,Manure applied to Soils,Emissions (N2O),kilotonnes,0.7289,0.781,0.8378,0.9627,0.9833,1.0063,1.0313,1.0553,1.0826,1.107,1.1328,1.157,1.1675,1.2069,1.2224,1.2708,1.3016,1.3285,1.3562,1.3852,1.3644
Burkina Faso,Manure applied to Soils,Emissions (CO2eq) from N2O (AR5),kilotonnes,193.1545,206.9535,222.0256,255.1137,260.5739,266.6681,273.3048,279.6517,286.8805,293.35,300.1872,306.6026,309.3846,319.8268,323.9299,336.7694,344.9225,352.0395,359.398,367.0897,361.5762
Burkina Faso,Manure applied to Soils,Emissions (CO2eq) (AR5),kilotonnes,193.1545,206.9535,222.0256,255.1137,260.5739,266.6681,273.3048,279.6517,286.8805,293.35,300.1872,306.6026,309.3846,319.8268,323.9299,336.7694,344.9225,352.0395,359.398,367.0897,361.5762
Burkina Faso,Synthetic Fertilizers,Direct emissions (N2O),kilotonnes,0.1549,0.0146,0.0316,0.4183,0.457,0.5568,0.4714,0.3705,0.4806,0.4462,0.6462,0.4668,0.7468,0.7964,0.7669,0.8028,1.0629,0.916,0.8903,0.4714,0.793
Burkina Faso,Synthetic Fertilizers,Indirect emissions (N2O),kilotonnes,0.0504,0.0047,0.0103,0.136,0.1485,0.181,0.1532,0.1204,0.1562,0.145,0.21,0.1517,0.2427,0.2588,0.2492,0.2609,0.3454,0.2977,0.2893,0.1532,0.2577
Burkina Faso,Synthetic Fertilizers,Emissions (N2O),kilotonnes,0.2053,0.0193,0.0419,0.5543,0.6055,0.7378,0.6246,0.491,0.6368,0.5912,0.8562,0.6185,0.9895,1.0552,1.0161,1.0637,1.4083,1.2137,1.1796,0.6246,1.0508
Burkina Faso,Synthetic Fertilizers,Emissions (CO2eq) from N2O (AR5),kilotonnes,54.4043,5.1094,11.0905,146.8806,160.4596,195.5189,165.5304,130.1069,168.7527,156.6579,226.898,163.9026,262.2283,279.6359,269.2603,281.874,373.206,321.6373,312.6037,165.5322,278.4559
Burkina Faso,Synthetic Fertilizers,Emissions (CO2eq) (AR5),kilotonnes,54.4043,5.1094,11.0905,146.8806,160.4596,195.5189,165.5304,130.1069,168.7527,156.6579,226.898,163.9026,262.2283,279.6359,269.2603,281.874,373.206,321.6373,312.6037,165.5322,278.4559
Burkina Faso,Drained organic soils,Emissions (CO2eq) (AR5),kilotonnes,0,0,0,0,0,0,0,0,0,0,0,0,0,0,0,0,0,0,0,0,0
Burkina Faso,Drained organic soils (CO2),Emissions (CO2),kilotonnes,0,0,0,0,0,0,0,0,0,0,0,0,0,0,0,0,0,0,0,0,0
Burkina Faso,Drained organic soils (CO2),Emissions (CO2eq) (AR5),kilotonnes,0,0,0,0,0,0,0,0,0,0,0,0,0,0,0,0,0,0,0,0,0
Burkina Faso,Drained organic soils (N2O),Emissions (N2O),kilotonnes,0,0,0,0,0,0,0,0,0,0,0,0,0,0,0,0,0,0,0,0,0
Burkina Faso,Drained organic soils (N2O),Emissions (CO2eq) from N2O (AR5),kilotonnes,0,0,0,0,0,0,0,0,0,0,0,0,0,0,0,0,0,0,0,0,0
Burkina Faso,Drained organic soils (N2O),Emissions (CO2eq) (AR5),kilotonnes,0,0,0,0,0,0,0,0,0,0,0,0,0,0,0,0,0,0,0,0,0
Burkina Faso,On-farm energy use,Emissions (CH4),kilotonnes,0.0242,0.0234,0.0226,0.0234,0.0251,0.0256,0.0321,0.0418,0.0385,0.0385,0.0388,0.0431,0.0583,0.0659,0.0719,0.0808,0.086,0.114,0.1315,0.1434,0.1434
Burkina Faso,On-farm energy use,Emissions (N2O),kilotonnes,0.0122,0.0126,0.0132,0.0126,0.0114,0.0128,0.0136,0.0138,0.0177,0.015,0.0237,0.0241,0.028,0.0326,0.0318,0.0377,0.0403,0.044,0.0474,0.0506,0.0506
Burkina Faso,On-farm energy use,Emissions (CO2),kilotonnes,64.694,59.3042,60.9047,60.4298,62.7962,66.8029,83.3482,109.0005,112.045,105.5599,108.2681,113.3532,147.3502,163.4827,179.6768,218.2115,212.9927,275.8132,318.08,345.7606,345.7606
Burkina Faso,On-farm energy use,Emissions (CO2eq) from CH4 (AR5),kilotonnes,0.6765,0.6547,0.6327,0.6558,0.702,0.7164,0.9001,1.1698,1.0792,1.0769,1.0868,1.2065,1.6328,1.846,2.0125,2.2629,2.4075,3.1924,3.6814,4.0152,4.0152
Burkina Faso,On-farm energy use,Emissions (CO2eq) from N2O (AR5),kilotonnes,3.2357,3.3437,3.489,3.3382,3.0228,3.4032,3.5938,3.6562,4.6995,3.9841,6.2869,6.3975,7.4249,8.647,8.4246,10.0037,10.676,11.6633,12.5733,13.403,13.403
Burkina Faso,On-farm energy use,Emissions (CO2eq) (AR5),kilotonnes,68.6062,63.3026,65.0264,64.4238,66.5211,70.9225,87.8421,113.8265,117.8238,110.6209,115.6418,120.9572,156.4079,173.9757,190.1139,230.478,226.0762,290.6689,334.3347,363.1788,363.1788
Burkina Faso,Forestland,Emissions (CO2),kilotonnes,4535.52,9132.7867,9132.7867,9132.7867,9132.7867,9132.7867,9132.7867,9132.7867,9132.7867,9132.7867,9132.7867,-638.2933,-638.2933,-638.2933,-638.2933,-638.2933,17596.48,17596.48,17596.48,17596.48,17596.48
Burkina Faso,Forestland,Emissions (CO2eq) (AR5),kilotonnes,4535.52,9132.7867,9132.7867,9132.7867,9132.7867,9132.7867,9132.7867,9132.7867,9132.7867,9132.7867,9132.7867,-638.2933,-638.2933,-638.2933,-638.2933,-638.2933,17596.48,17596.48,17596.48,17596.48,17596.48
Burkina Faso,Net Forest conversion,Emissions (CO2),kilotonnes,7724.64,7318.08,7318.08,7318.08,7318.08,7318.08,7318.08,7318.08,7318.08,7318.08,7318.08,6507.3067,6507.3067,6507.3067,6507.3067,6507.3067,6504.96,6504.96,6504.96,6504.96,6504.96
Burkina Faso,Net Forest conversion,Emissions (CO2eq) (AR5),kilotonnes,7724.64,7318.08,7318.08,7318.08,7318.08,7318.08,7318.08,7318.08,7318.08,7318.08,7318.08,6507.3067,6507.3067,6507.3067,6507.3067,6507.3067,6504.96,6504.96,6504.96,6504.96,6504.96
Burkina Faso,Savanna fires,Emissions (CH4),kilotonnes,56.5283,31.5182,39.1113,36.5973,39.8364,42.0224,30.7665,32.1423,26.8948,30.1565,31.7253,30.4299,21.2371,24.3666,22.7306,17.4077,23.6761,21.099,15.6499,16.0003,16.6771
Burkina Faso,Savanna fires,Emissions (N2O),kilotonnes,5.1613,2.8778,3.571,3.3415,3.6372,3.8368,2.8091,2.9347,2.4556,2.7534,2.8967,2.7784,1.939,2.2248,2.0754,1.5894,2.1617,1.9264,1.4289,1.4609,1.5227
Burkina Faso,Savanna fires,Emissions (CO2eq) from CH4 (AR5),kilotonnes,1582.7913,882.511,1095.1161,1024.7231,1115.4205,1176.6272,861.4613,899.9833,753.0533,844.3827,888.3072,852.0366,594.6395,682.2662,636.4554,487.4166,662.9318,590.773,438.1967,448.0078,466.9579
Burkina Faso,Savanna fires,Emissions (CO2eq) from N2O (AR5),kilotonnes,1367.7381,762.6046,946.3231,885.4944,963.8688,1016.7594,744.4149,777.703,650.7363,729.6568,767.6133,736.2707,513.8461,589.567,549.9805,421.1915,572.8596,510.505,378.6591,387.1372,403.5125
Burkina Faso,Savanna fires,Emissions (CO2eq) (AR5),kilotonnes,2950.5295,1645.1156,2041.4392,1910.2176,2079.2894,2193.3866,1605.8762,1677.6863,1403.7896,1574.0394,1655.9205,1588.3073,1108.4855,1271.8332,1186.4359,908.6081,1235.7914,1101.278,816.8558,835.1451,870.4704
Burkina Faso,Fires in organic soils,Emissions (CH4),kilotonnes,0,0,0,0,0,0,0,0,0,0,0,0,0,0,0,0,0,0,0,0,0
Burkina Faso,Fires in organic soils,Emissions (CO2),kilotonnes,0,0,0,0,0,0,0,0,0,0,0,0,0,0,0,0,0,0,0,0,0
Burkina Faso,Fires in organic soils,Emissions (CO2eq) from CH4 (AR5),kilotonnes,0,0,0,0,0,0,0,0,0,0,0,0,0,0,0,0,0,0,0,0,0
Burkina Faso,Fires in organic soils,Emissions (CO2eq) (AR5),kilotonnes,0,0,0,0,0,0,0,0,0,0,0,0,0,0,0,0,0,0,0,0,0
Burkina Faso,Forest fires,Emissions (CH4),kilotonnes,45.4057,0,0.0027,0,0,0,0,0.0027,0,0.0027,0,0,0,0,0,0,0,0,0,0.0074,0.0099
Burkina Faso,Forest fires,Emissions (N2O),kilotonnes,1.3355,0,0.0002,0,0,0,0,0.0002,0,0.0002,0,0,0,0,0,0,0,0,0,0.0007,0.0009
Burkina Faso,Forest fires,Emissions (CO2eq) from CH4 (AR5),kilotonnes,1271.3582,0,0.0745,0,0,0,0,0.0745,0,0.0745,0,0,0,0,0,0,0,0,0,0.2082,0.2776
Burkina Faso,Forest fires,Emissions (CO2eq) from N2O (AR5),kilotonnes,353.8969,0,0.0644,0,0,0,0,0.0644,0,0.0644,0,0,0,0,0,0,0,0,0,0.1799,0.2399
Burkina Faso,Forest fires,Emissions (CO2eq) (AR5),kilotonnes,1625.2551,0,0.1388,0,0,0,0,0.1388,0,0.1389,0,0,0,0,0,0,0,0,0,0.3881,0.5175
Burkina Faso,Fires in humid tropical forests,Emissions (CH4),kilotonnes,6.3784,0,0.0027,0,0,0,0,0.0027,0,0.0027,0,0,0,0,0,0,0,0,0,0,0
Burkina Faso,Fires in humid tropical forests,Emissions (N2O),kilotonnes,0.1876,0,0.0002,0,0,0,0,0.0002,0,0.0002,0,0,0,0,0,0,0,0,0,0,0
Burkina Faso,Fires in humid tropical forests,Emissions (CO2eq) from CH4 (AR5),kilotonnes,178.5953,0,0.0745,0,0,0,0,0.0745,0,0.0745,0,0,0,0,0,0,0,0,0,0,0
Burkina Faso,Fires in humid tropical forests,Emissions (CO2eq) from N2O (AR5),kilotonnes,49.714,0,0.0644,0,0,0,0,0.0644,0,0.0644,0,0,0,0,0,0,0,0,0,0,0
Burkina Faso,Fires in humid tropical forests,Emissions (CO2eq) (AR5),kilotonnes,228.3093,0,0.1388,0,0,0,0,0.1388,0,0.1389,0,0,0,0,0,0,0,0,0,0,0
Burkina Faso,Waste - agri-food systems,Emissions (CH4),kilotonnes,60.7932,62.0071,63.1884,64.3537,65.5274,66.6966,67.8337,68.9653,70.1128,71.2227,72.3157,73.425,74.5153,75.5833,76.6239,77.569,78.5576,79.5586,80.5702,81.5698,82.5807
Burkina Faso,Waste - agri-food systems,Emissions (N2O),kilotonnes,0.2727,0.2806,0.2964,0.3264,0.3322,0.334,0.3541,0.3703,0.3913,0.4106,0.4283,0.435,0.454,0.4611,0.4666,0.4778,0.4915,0.4973,0.5117,0.5264,0.5415
Burkina Faso,Waste - agri-food systems,Emissions (CO2),kilotonnes,0,0,0,0,0,0,0,0,0,0,0,0,0,0,0,0,0,0,0,0,0
Burkina Faso,Waste - agri-food systems,Emissions (CO2eq) from CH4 (AR5),kilotonnes,1702.21,1736.1998,1769.2757,1801.9027,1834.7669,1867.5056,1899.3425,1931.0294,1963.1577,1994.2356,2024.8386,2055.9,2086.4291,2116.3317,2145.4681,2171.9332,2199.6134,2227.6409,2255.9651,2283.9533,2312.2601
Burkina Faso,Waste - agri-food systems,Emissions (CO2eq) from N2O (AR5),kilotonnes,72.2764,74.3698,78.5553,86.4979,88.0461,88.5116,93.8356,98.126,103.7022,108.8009,113.4909,115.263,120.304,122.1858,123.649,126.6198,130.2411,131.7768,135.6003,139.503,143.4871
Burkina Faso,Waste - agri-food systems,Emissions (CO2eq) (AR5),kilotonnes,1774.4864,1810.5696,1847.831,1888.4006,1922.813,1956.0172,1993.178,2029.1555,2066.8599,2103.0366,2138.3294,2171.163,2206.733,2238.5175,2269.1171,2298.553,2329.8545,2359.4176,2391.5653,2423.4563,2455.7472
Burkina Faso,On-farm electricity use,Emissions (CH4),kilotonnes,0.0037,0.0042,0.0055,0.0046,0.0075,0.0015,0.0053,0.0057,0.0051,0.0112,0.0126,0.0134,0.015,0.0165,0.0168,0.0168,0.0189,0.0192,0.0207,0.0216,0.0216
Burkina Faso,On-farm electricity use,Emissions (N2O),kilotonnes,0,0.0001,0,0,0.0001,0.0001,0,0.0001,0.0001,0.0001,0.0001,0.0001,0.0001,0.0001,0,0.0001,0,0.0001,0.0001,0,0
Burkina Faso,On-farm electricity use,Emissions (CO2),kilotonnes,1.2468,1.5481,1.964,1.6234,2.6487,0.5754,2.085,2.207,1.9343,4.3066,4.9201,5.2476,5.861,6.2389,6.3755,6.3755,7.1953,7.2863,7.8783,8.1789,8.1789
Burkina Faso,On-farm electricity use,Emissions (CO2eq) from CH4 (AR5),kilotonnes,0.1036,0.1176,0.154,0.1288,0.21,0.042,0.1484,0.1596,0.1428,0.3136,0.3528,0.3752,0.42,0.462,0.4704,0.4704,0.5292,0.5376,0.5796,0.6048,0.6048
Burkina Faso,On-farm electricity use,Emissions (CO2eq) from N2O (AR5),kilotonnes,0,0.0265,0,0,0.0265,0.0265,0,0.0265,0.0265,0.0265,0.0265,0.0265,0.0265,0.0265,0,0.0265,0,0.0265,0.0265,0,0
Burkina Faso,On-farm electricity use,Emissions (CO2eq) (AR5),kilotonnes,1.3504,1.6922,2.118,1.7522,2.8852,0.6439,2.2334,2.3931,2.1036,4.6467,5.2994,5.6493,6.3075,6.7274,6.8459,6.8724,7.7245,7.8504,8.4844,8.7837,8.7837
Burkina Faso,Food Processing,Emissions (CH4),kilotonnes,0.0149,2.3449,1.8662,0.0139,0.0098,0.0183,0.1316,0.0593,0.0659,0.0877,0.0846,0.0863,0.1044,0.1461,0.1532,0.1888,0.2138,0.1265,0.1407,0.1305,0.1339
Burkina Faso,Food Processing,Emissions (N2O),kilotonnes,0.0001,0.0125,0.01,0.0001,0.0001,0.0002,0.0016,0.0009,0.0009,0.0015,0.0012,0.0013,0.0014,0.0023,0.0021,0.0025,0.0026,0.0019,0.0018,0.0018,0.0018
Burkina Faso,Food Processing,Emissions (CO2),kilotonnes,3.3826,154.0274,144.9541,1.7587,1.3543,4.437,23.0623,14.9179,16.3329,55.7461,47.8989,53.061,54.1398,97.0261,94.7705,106.9071,108.1971,108.0331,74.2063,73.6087,74.6254
Burkina Faso,Food Processing,Emissions (CO2eq) from CH4 (AR5),kilotonnes,0.4172,65.6572,52.2536,0.3892,0.2744,0.5124,3.6848,1.6604,1.8452,2.4556,2.3688,2.4164,2.9232,4.0908,4.2896,5.2864,5.9864,3.542,3.9396,3.654,3.7506
Burkina Faso,Food Processing,Emissions (CO2eq) from N2O (AR5),kilotonnes,0.0265,3.3125,2.65,0.0265,0.0265,0.053,0.424,0.2385,0.2385,0.3975,0.318,0.3445,0.371,0.6095,0.5565,0.6625,0.689,0.5035,0.477,0.477,0.4894
Burkina Faso,Food Processing,Emissions (CO2eq) (AR5),kilotonnes,3.8263,222.9971,199.8577,2.1744,1.6552,5.0024,27.1711,16.8168,18.4166,58.5992,50.5857,55.8219,57.434,101.7264,99.6166,112.856,114.8725,112.0786,78.6229,77.7397,78.8654
Burkina Faso,Food Packaging,Emissions (CH4),kilotonnes,0.0023,0.0027,0.003,0.0034,0.0035,0.0046,0.0029,0.0023,0.0017,0.0015,0.0019,0.0019,0.0022,0.0036,0.0036,0.0046,0.0078,0.0083,0.0255,0.0083,0.0085
Burkina Faso,Food Packaging,Emissions (N2O),kilotonnes,0,0,0,0,0,0.0001,0,0,0,0,0,0,0,0,0,0,0.0001,0.0001,0.0002,0.0001,0.0001
Burkina Faso,Food Packaging,Emissions (CO2),kilotonnes,0.7757,0.6608,0.7081,0.6618,0.6361,0.7483,0.8023,0.7677,0.5632,0.6629,0.4681,0.4996,0.7742,1.0475,0.9911,1.1784,1.3501,1.6593,2.8519,1.5071,1.5279
Burkina Faso,Food Packaging,Emissions (CO2eq) from CH4 (AR5),kilotonnes,0.0644,0.0756,0.084,0.0952,0.098,0.1288,0.0812,0.0644,0.0476,0.042,0.0532,0.0532,0.0616,0.1008,0.1008,0.1288,0.2184,0.2324,0.714,0.2324,0.2385
Burkina Faso,Food Packaging,Emissions (CO2eq) from N2O (AR5),kilotonnes,0,0,0,0,0,0.0265,0,0,0,0,0,0,0,0,0,0,0.0265,0.0265,0.053,0.0265,0.0272
Burkina Faso,Food Packaging,Emissions (CO2eq) (AR5),kilotonnes,0.8401,0.7364,0.7921,0.757,0.7341,0.9036,0.8835,0.8321,0.6108,0.7049,0.5213,0.5528,0.8358,1.1483,1.0919,1.3072,1.595,1.9182,3.6189,1.766,1.7936
Burkina Faso,Food Retail,Emissions (CH4),kilotonnes,0.0006,0.0009,0.0008,0.0008,0.001,0.0012,0.0012,0.0013,0.0014,0.0014,0.0534,0.0582,0.065,0.0722,0.0792,0.083,0.0942,0.0958,0.1034,0.0968,0.0994
Burkina Faso,Food Retail,Emissions (N2O),kilotonnes,0,0,0,0,0,0,0,0,0,0,0.0004,0.0004,0.0005,0.0002,0.0003,0.0003,0.0003,0.0003,0.0003,0.0004,0.0004
Burkina Faso,Food Retail,Emissions (CO2),kilotonnes,0.315,0.3093,0.315,0.3373,0.3468,0.3532,0.4295,0.5027,0.4932,0.5123,20.8415,22.709,25.4107,27.3956,30.067,31.5078,35.7348,36.3405,39.2477,36.9554,37.4658
Burkina Faso,Food Retail,Emissions (CO2eq) from CH4 (AR5),kilotonnes,0.0173,0.0247,0.0223,0.023,0.0273,0.0333,0.0349,0.0365,0.0388,0.0399,1.4952,1.6296,1.82,2.0216,2.2176,2.324,2.6376,2.6824,2.8952,2.7104,2.782
Burkina Faso,Food Retail,Emissions (CO2eq) from N2O (AR5),kilotonnes,0,0,0,0,0,0,0,0,0,0,0.106,0.106,0.1325,0.053,0.0795,0.0795,0.0795,0.0795,0.0795,0.106,0.1088
Burkina Faso,Food Retail,Emissions (CO2eq) (AR5),kilotonnes,0.3323,0.334,0.3373,0.3603,0.3741,0.3865,0.4644,0.5392,0.532,0.5522,22.4427,24.4446,27.3632,29.4702,32.3641,33.9113,38.4519,39.1024,42.2224,39.7718,40.3566
Burkina Faso,Food Household Consumption,Emissions (CH4),kilotonnes,0.0399,0.0429,0.0474,0.0642,0.0683,0.0648,0.0794,0.0883,0.0891,0.0979,0.1075,0.1172,0.1289,0.1404,0.1518,0.1591,0.1804,0.2213,0.2395,0.2395,0.2458
Burkina Faso,Food Household Consumption,Emissions (N2O),kilotonnes,0.0007,0.0008,0.0008,0.001,0.001,0.0009,0.001,0.0011,0.0012,0.0012,0.0012,0.0012,0.0011,0.0007,0.0007,0.0007,0.0008,0.001,0.001,0.001,0.001
Burkina Faso,Food Household Consumption,Emissions (CO2),kilotonnes,73.4081,78.922,82.7674,95.5115,86.2301,76.9382,92.197,102.8539,109.7516,109.0502,114.84,128.29,136.2572,142.2119,153.4151,164.4741,188.1407,214.3617,237.4939,237.4939,240.7742
Burkina Faso,Food Household Consumption,Emissions (CO2eq) from CH4 (AR5),kilotonnes,1.1172,1.2012,1.3272,1.7976,1.9124,1.8144,2.2232,2.4724,2.4948,2.7412,3.01,3.2816,3.6092,3.9312,4.2504,4.4548,5.0512,6.1964,6.706,6.706,6.8832
Burkina Faso,Food Household Consumption,Emissions (CO2eq) from N2O (AR5),kilotonnes,0.1855,0.212,0.212,0.265,0.265,0.2385,0.265,0.2915,0.318,0.318,0.318,0.318,0.2915,0.1855,0.1855,0.1855,0.212,0.265,0.265,0.265,0.2719
Burkina Faso,Food Household Consumption,Emissions (CO2eq) (AR5),kilotonnes,74.7108,80.3352,84.3066,97.5741,88.4075,78.9911,94.6852,105.6178,112.5644,112.1094,118.168,131.8896,140.1579,146.3286,157.851,169.1144,193.4039,220.8231,244.4649,244.4649,247.9293
Burkina Faso,Food Transport,Emissions (CH4),kilotonnes,0.0096,0.0107,0.0111,0.0122,0.0106,0.0111,0.0111,0.015,0.016,0.0156,0.0163,0.0202,0.0248,0.0323,0.0298,0.04,0.0342,0.0405,0.0426,0.0347,0.0356
Burkina Faso,Food Transport,Emissions (N2O),kilotonnes,0.0009,0.001,0.001,0.0011,0.001,0.001,0.001,0.0014,0.0015,0.0015,0.0019,0.0023,0.0028,0.0036,0.0036,0.0048,0.0037,0.0044,0.0046,0.0039,0.004
Burkina Faso,Food Transport,Emissions (CO2),kilotonnes,41.42,46.86,49.935,55.585,48.61,52.77,52.65,74.57,81.38,78.11,82.2995,94.0961,115.7942,149.1484,136.6318,182.3558,153.3381,181.1166,191.1079,162.2333,164.4741
Burkina Faso,Food Transport,Emissions (CO2eq) from CH4 (AR5),kilotonnes,0.2688,0.2996,0.3108,0.3416,0.2968,0.3108,0.3108,0.42,0.448,0.4368,0.4564,0.5656,0.6944,0.9044,0.8344,1.12,0.9576,1.134,1.1928,0.9716,0.9973
Burkina Faso,Food Transport,Emissions (CO2eq) from N2O (AR5),kilotonnes,0.2385,0.265,0.265,0.2915,0.265,0.265,0.265,0.371,0.3975,0.3975,0.5035,0.6095,0.742,0.954,0.954,1.272,0.9805,1.166,1.219,1.0335,1.0605
Burkina Faso,Food Transport,Emissions (CO2eq) (AR5),kilotonnes,41.9273,47.4246,50.5108,56.2181,49.1718,53.3458,53.2258,75.361,82.2255,78.9443,83.2594,95.2712,117.2306,151.0068,138.4202,184.7478,155.2762,183.4166,193.5197,164.2384,166.5318
Burkina Faso,Energy,Emissions (CH4),kilotonnes,31.3,44.8,40.4,41.7,49.4,60.4,63.2,66.1,70.3,72.3,74,75.9,78.8,79.8,80.6,82.9,85.1,89.9,91.3,94.6,97.1
Burkina Faso,Energy,Emissions (N2O),kilotonnes,0.393,0.414,0.349,0.36,0.454,0.584,0.612,0.656,0.703,0.714,0.727,0.745,0.777,0.795,0.791,0.82,0.825,0.859,0.864,0.92,0.944
Burkina Faso,Energy,Emissions (CO2),kilotonnes,990,972,990,1060,1090,1110,1350,1580,1550,1610,1810,1910,2370,2640,2760,3200,3270,3820,3550,3620,3670
Burkina Faso,Energy,Emissions (CO2eq) from CH4 (AR5),kilotonnes,876.4,1254.4,1131.2,1167.6,1383.2,1691.2,1769.6,1850.8,1968.4,2024.4,2072,2125.2,2206.4,2234.4,2256.8,2321.2,2382.8,2517.2,2556.4,2648.8,2718.8
Burkina Faso,Energy,Emissions (CO2eq) from N2O (AR5),kilotonnes,104.145,109.71,92.485,95.4,120.31,154.76,162.18,173.84,186.295,189.21,192.655,197.425,205.905,210.675,209.615,217.3,218.625,227.635,228.96,243.8,250.16
Burkina Faso,Energy,Emissions (CO2eq) (AR5),kilotonnes,1970.545,2336.11,2213.685,2323,2593.51,2955.96,3281.78,3604.64,3704.695,3823.61,4074.655,4232.625,4782.305,5085.075,5226.415,5738.5,5871.425,6564.835,6335.36,6512.6,6638.96
Burkina Faso,IPPU,Emissions (N2O),kilotonnes,0.0001,0.0001,0.0001,0.0001,0.0001,0.0001,0.0002,0.0002,0.0002,0.0002,0.0002,0.0002,0.0002,0.0002,0.0002,0.0002,0.0002,0.0002,0.0002,0.0002,0.0002
Burkina Faso,IPPU,Emissions (CO2),kilotonnes,96.9,78.6,72.5,73,76.5,78.1,80,122,260,300,310,311,341,321,250,616,737,797,868,958,960
Burkina Faso,IPPU,Emissions (CO2eq) from F-gases (AR5),kilotonnes,,,,,,,,,121.4693,146.7349,183.6616,219.6165,259.4585,303.1874,357.6057,410.0804,474.2162,543.2108,557.7871,604.4314,650.1038
Burkina Faso,IPPU,Emissions (CO2eq) from N2O (AR5),kilotonnes,0.0339,0.0347,0.0358,0.0368,0.0379,0.0392,0.0403,0.0416,0.0429,0.0443,0.0456,0.0469,0.0482,0.0498,0.0511,0.0527,0.0543,0.0559,0.0575,0.0583,0.0599
Burkina Faso,IPPU,Emissions (CO2eq) (AR5),kilotonnes,96.9339,78.6347,72.5358,73.0368,76.5379,78.1392,80.0403,122.0416,381.5123,446.7792,493.7072,530.6634,600.5067,624.2372,607.6568,1026.1332,1211.2706,1340.2667,1425.8446,1562.4897,1610.1637
Burkina Faso,Waste,Emissions (CH4),kilotonnes,63.4,65.8,68.2,70.9,73.5,76.4,79.5,82.4,85.8,88.9,92.2,95.8,99.6,103,107,111,115,119,124,126,129
Burkina Faso,Waste,Emissions (N2O),kilotonnes,0.503,0.518,0.533,0.568,0.6,0.627,0.646,0.672,0.708,0.743,0.778,0.805,0.834,0.855,0.872,0.887,0.906,0.929,0.948,0.992,1.02
Burkina Faso,Waste,Emissions (CO2),kilotonnes,0,0,0,0,0,0,0,0,0.12,0.129,0.14,0.15,0.16,0.17,0.19,0.19,0.2,0.2,0.251,0.268,0.286
Burkina Faso,Waste,Emissions (CO2eq) from CH4 (AR5),kilotonnes,1775.2,1842.4,1909.6,1985.2,2058,2139.2,2226,2307.2,2402.4,2489.2,2581.6,2682.4,2788.8,2884,2996,3108,3220,3332,3472,3528,3612
Burkina Faso,Waste,Emissions (CO2eq) from N2O (AR5),kilotonnes,133.295,137.27,141.245,150.52,159,166.155,171.19,178.08,187.62,196.895,206.17,213.325,221.01,226.575,231.08,235.055,240.09,246.185,251.22,262.88,270.3
Burkina Faso,Waste,Emissions (CO2eq) (AR5),kilotonnes,1908.495,1979.67,2050.845,2135.72,2217,2305.355,2397.19,2485.28,2590.14,2686.224,2787.91,2895.875,3009.97,3110.745,3227.27,3343.245,3460.29,3578.385,3723.471,3791.148,3882.586
Burkina Faso,Other,Emissions (N2O),kilotonnes,0.226,0.265,0.236,0.245,0.289,0.359,0.375,0.411,0.441,0.448,0.459,0.484,0.512,0.539,0.531,0.574,0.563,0.602,0.613,0.646,0.667
Burkina Faso,Other,Emissions (CO2eq) from N2O (AR5),kilotonnes,59.89,70.225,62.54,64.925,76.585,95.135,99.375,108.915,116.865,118.72,121.635,128.26,135.68,142.835,140.715,152.11,149.195,159.53,162.445,171.19,176.755
Burkina Faso,Other,Emissions (CO2eq) (AR5),kilotonnes,59.89,70.225,62.54,64.925,76.585,95.135,99.375,108.915,116.865,118.72,121.635,128.26,135.68,142.835,140.715,152.11,149.195,159.53,162.445,171.19,176.755
Burkina Faso,Farm-gate emissions,Emissions (CH4),kilotonnes,325.686,312.1249,323.8407,403.7911,415.2705,426.5476,421.5784,430.6572,444.4533,459.6404,481.3181,489.7653,490.51,504.2522,514.3023,520.3482,546.6886,553.7929,558.4043,572.7162,587.239
Burkina Faso,Farm-gate emissions,Direct emissions (N2O),kilotonnes,11.1025,11.4048,11.7141,15.3548,15.579,16.1289,16.3876,16.6103,17.3442,17.5358,18.3224,18.3485,19.1063,19.5681,19.843,20.385,21.1689,21.3805,21.9966,21.9432,22.7565
Burkina Faso,Farm-gate emissions,Indirect emissions (N2O),kilotonnes,3.2505,3.3327,3.4343,4.2988,4.3765,4.5343,4.609,4.6746,4.8772,4.944,5.1689,5.1854,5.4124,5.5537,5.6421,5.8014,6.0375,6.1044,6.2755,6.2541,6.4841
Burkina Faso,Farm-gate emissions,Emissions (N2O),kilotonnes,20.2956,18.4695,19.6483,24.041,24.6541,25.589,24.9178,25.3561,25.8523,26.4279,27.6312,27.5736,27.7524,28.695,28.9024,29.1604,30.7868,30.8632,31.1878,31.175,32.2583
Burkina Faso,Farm-gate emissions,Emissions (CO2),kilotonnes,64.694,59.3042,60.9047,60.4298,62.7962,66.8029,83.3482,109.0005,112.045,105.5599,108.2681,113.3532,147.3502,163.4827,179.6768,218.2115,212.9927,275.8132,318.08,345.7606,345.7606
Burkina Faso,Farm-gate emissions,Emissions (CO2eq) from CH4 (AR5),kilotonnes,9119.208,8739.4984,9067.5394,11306.1499,11627.5744,11943.3318,11804.1944,12058.4016,12444.6922,12869.9311,13476.9059,13713.4285,13734.2795,14119.0626,14400.4637,14569.7503,15307.2812,15506.2022,15635.3201,16036.0542,16442.6923
Burkina Faso,Farm-gate emissions,Emissions (CO2eq) from N2O (AR5),kilotonnes,5378.3427,4894.4154,5206.7997,6370.8721,6533.3496,6781.0718,6603.2211,6719.3599,6850.8605,7003.3986,7322.2766,7306.9913,7354.3742,7604.1817,7659.1378,7727.5058,8158.5026,8178.751,8264.766,8261.3752,8548.4412
Burkina Faso,Farm-gate emissions,Emissions (CO2eq) (AR5),kilotonnes,14562.2447,13693.218,14335.2438,17737.4519,18223.7202,18791.2064,18490.7638,18886.762,19407.5977,19978.8896,20907.4505,21133.773,21236.004,21886.727,22239.2783,22515.4675,23678.7766,23960.7664,24218.166,24643.1901,25336.8941
Burkina Faso,Land Use change,Emissions (CH4),kilotonnes,6.3784,0,0.0027,0,0,0,0,0.0027,0,0.0027,0,0,0,0,0,0,0,0,0,0,0
Burkina Faso,Land Use change,Emissions (N2O),kilotonnes,0.1876,0,0.0002,0,0,0,0,0.0002,0,0.0002,0,0,0,0,0,0,0,0,0,0,0
Burkina Faso,Land Use change,Emissions (CO2),kilotonnes,7724.64,7318.08,7318.08,7318.08,7318.08,7318.08,7318.08,7318.08,7318.08,7318.08,7318.08,6507.3067,6507.3067,6507.3067,6507.3067,6507.3067,6504.96,6504.96,6504.96,6504.96,6504.96
Burkina Faso,Land Use change,Emissions (CO2eq) from CH4 (AR5),kilotonnes,178.5953,0,0.0745,0,0,0,0,0.0745,0,0.0745,0,0,0,0,0,0,0,0,0,0,0
Burkina Faso,Land Use change,Emissions (CO2eq) from N2O (AR5),kilotonnes,49.714,0,0.0644,0,0,0,0,0.0644,0,0.0644,0,0,0,0,0,0,0,0,0,0,0
Burkina Faso,Land Use change,Emissions (CO2eq) (AR5),kilotonnes,7952.9493,7318.08,7318.2188,7318.08,7318.08,7318.08,7318.08,7318.2188,7318.08,7318.2189,7318.08,6507.3067,6507.3067,6507.3067,6507.3067,6507.3067,6504.96,6504.96,6504.96,6504.96,6504.96
Burkina Faso,Emissions on agricultural land,Emissions (CH4),kilotonnes,332.0644,312.1249,323.8434,403.7911,415.2705,426.5476,421.5784,430.6599,444.4533,459.6431,481.3181,489.7653,490.51,504.2522,514.3023,520.3482,546.6886,553.7929,558.4043,572.7162,587.239
Burkina Faso,Emissions on agricultural land,Emissions (N2O),kilotonnes,20.4832,18.4695,19.6485,24.041,24.6541,25.589,24.9178,25.3563,25.8523,26.4282,27.6312,27.5736,27.7524,28.695,28.9024,29.1604,30.7868,30.8632,31.1878,31.175,32.2583
Burkina Faso,Emissions on agricultural land,Emissions (CO2),kilotonnes,7789.334,7377.3842,7378.9847,7378.5098,7380.8762,7384.8829,7401.4282,7427.0805,7430.125,7423.6399,7426.3481,6620.6599,6654.6569,6670.7893,6686.9835,6725.5181,6717.9527,6780.7732,6823.04,6850.7206,6850.7206
Burkina Faso,Emissions on agricultural land,Emissions (CO2eq) from CH4 (AR5),kilotonnes,9297.8033,8739.4984,9067.6139,11306.1499,11627.5744,11943.3318,11804.1944,12058.4761,12444.6922,12870.0056,13476.9059,13713.4285,13734.2795,14119.0626,14400.4637,14569.7503,15307.2812,15506.2022,15635.3201,16036.0542,16442.6923
Burkina Faso,Emissions on agricultural land,Emissions (CO2eq) from N2O (AR5),kilotonnes,5428.0567,4894.4154,5206.8641,6370.8721,6533.3496,6781.0718,6603.2211,6719.4243,6850.8605,7003.4629,7322.2766,7306.9913,7354.3742,7604.1817,7659.1378,7727.5058,8158.5026,8178.751,8264.766,8261.3752,8548.4412
Burkina Faso,Emissions on agricultural land,Emissions (CO2eq) (AR5),kilotonnes,22515.194,21011.298,21653.4626,25055.5319,25541.8002,26109.2864,25808.8438,26204.9808,26725.6777,27297.1084,28225.5305,27641.0796,27743.3107,28394.0337,28746.585,29022.7741,30183.7366,30465.7264,30723.126,31148.1501,31841.8541
Burkina Faso,Pre- and post- production,Emissions (CH4),kilotonnes,60.8642,64.4134,65.1224,64.4528,65.6281,66.7981,68.0652,69.1372,70.292,71.438,72.592,73.7222,74.8556,75.9944,77.0583,78.0613,79.1069,80.0702,81.1426,82.1012,83.1256
Burkina Faso,Pre- and post- production,Emissions (N2O),kilotonnes,0.2744,0.295,0.3082,0.3286,0.3344,0.3363,0.3577,0.3738,0.395,0.4149,0.4331,0.4403,0.4599,0.468,0.4733,0.4862,0.499,0.5051,0.5197,0.5336,0.5488
Burkina Faso,Pre- and post- production,Emissions (CO2),kilotonnes,120.5482,282.3276,280.6436,155.4777,139.826,135.8221,171.2261,195.8192,210.4552,248.3881,271.2681,303.9033,338.2371,423.0684,422.251,492.7987,493.9561,548.7975,552.786,519.9773,527.0463
Burkina Faso,Pre- and post- production,Emissions (CO2eq) from CH4 (AR5),kilotonnes,1704.1985,1803.5757,1823.4276,1804.6781,1837.5858,1870.3473,1905.8257,1935.8427,1968.1749,2000.2647,2032.575,2064.2216,2095.9575,2127.8425,2157.6313,2185.7176,2214.9938,2241.9657,2271.9923,2298.8325,2327.5165
Burkina Faso,Pre- and post- production,Emissions (CO2eq) from N2O (AR5),kilotonnes,72.7269,78.1858,81.6823,87.0809,88.6291,89.1211,94.7896,99.0535,104.6827,109.9404,114.7629,116.6675,121.8675,124.0143,125.4245,128.8458,132.2286,133.8438,137.7203,141.411,145.4449
Burkina Faso,Pre- and post- production,Emissions (CO2eq) (AR5),kilotonnes,1897.4736,2164.089,2185.7535,2047.2367,2066.0409,2095.2905,2171.8415,2230.7155,2283.3127,2358.5932,2418.6059,2484.7924,2556.062,2674.9252,2705.3068,2807.3621,2841.1785,2924.6069,2962.4985,2960.2208,3000.0078
Burkina Faso,Agri-food systems,Emissions (CH4),kilotonnes,392.9286,376.5384,388.9658,468.2439,480.8986,493.3457,489.6436,499.7971,514.7453,531.0811,553.91,563.4875,565.3656,580.2466,591.3605,598.4096,625.7955,633.8631,639.5469,654.8174,670.3646
Burkina Faso,Agri-food systems,Emissions (N2O),kilotonnes,20.7577,18.7645,19.9568,24.3696,24.9886,25.9253,25.2755,25.7301,26.2473,26.843,28.0643,28.0138,28.2122,29.163,29.3757,29.6466,31.2858,31.3683,31.7075,31.7086,32.8071
Burkina Faso,Agri-food systems,Emissions (CO2),kilotonnes,7909.8822,7659.7118,7659.6283,7533.9875,7520.7023,7520.705,7572.6544,7622.8997,7640.5802,7672.028,7697.6162,6924.5632,6992.894,7093.8577,7109.2345,7218.3168,7211.9088,7329.5707,7375.826,7370.6979,7377.7669
Burkina Faso,Agri-food systems,Emissions (CO2eq) from CH4 (AR5),kilotonnes,11002.0018,10543.0741,10891.0415,13110.8281,13465.1601,13813.6791,13710.0202,13994.3188,14412.8671,14870.2703,15509.4809,15777.6501,15830.237,16246.9051,16558.095,16755.4679,17522.275,17748.1679,17907.3124,18334.8867,18770.2088
Burkina Faso,Agri-food systems,Emissions (CO2eq) from N2O (AR5),kilotonnes,5500.7836,4972.6011,5288.5464,6457.953,6621.9787,6870.1929,6698.0107,6818.4778,6955.5432,7113.4034,7437.0395,7423.6587,7476.2417,7728.196,7784.5623,7856.3516,8290.7312,8312.5948,8402.4862,8402.7863,8693.8861
Burkina Faso,Agri-food systems,Emissions (CO2eq) (AR5),kilotonnes,24412.6676,23175.3871,23839.2162,27102.7686,27607.841,28204.577,27980.6853,28435.6963,29008.9905,29655.7017,30644.1365,30125.872,30299.3727,31068.9589,31451.8918,31830.1363,33024.9151,33390.3333,33685.6246,34108.3709,34841.8619
Burkina Faso,IPCC Agriculture,Emissions (CH4),kilotonnes,325.6618,312.1016,323.8181,403.7676,415.2454,426.522,421.5462,430.6154,444.4147,459.6019,481.2793,489.7222,490.4517,504.1863,514.2304,520.2674,546.6026,553.6789,558.2728,572.5728,587.0956
Burkina Faso,IPCC Agriculture,Emissions (CH4),kilotonnes,,,,,,,,442,,,,,,,,,,,,,
Burkina Faso,IPCC Agriculture,Direct emissions (N2O),kilotonnes,11.1025,11.4048,11.7141,15.3548,15.579,16.1289,16.3876,16.6103,17.3442,17.5358,18.3224,18.3485,19.1063,19.5681,19.843,20.385,21.1689,21.3805,21.9966,21.9432,22.7565
Burkina Faso,IPCC Agriculture,Indirect emissions (N2O),kilotonnes,3.2505,3.3327,3.4343,4.2988,4.3765,4.5343,4.609,4.6746,4.8772,4.944,5.1689,5.1854,5.4124,5.5537,5.6421,5.8014,6.0375,6.1044,6.2755,6.2541,6.4841
Burkina Faso,IPCC Agriculture,Emissions (N2O),kilotonnes,20.2834,18.4569,19.6351,24.0284,24.6427,25.5761,24.9043,25.3423,25.8346,26.4129,27.6075,27.5494,27.7243,28.6624,28.8706,29.1226,30.7465,30.8192,31.1403,31.1244,32.2077
Burkina Faso,IPCC Agriculture,Emissions (N2O),kilotonnes,,,,,,,,28,,,,,,,,,,,,,
Burkina Faso,IPCC Agriculture,Emissions (CO2eq) from CH4 (AR5),kilotonnes,9118.5315,8738.8438,9066.9067,11305.4942,11626.8724,11942.6153,11803.2944,12057.2318,12443.613,12868.8542,13475.8191,13712.222,13732.6468,14117.2166,14398.4512,14567.4873,15304.8737,15503.0098,15631.6387,16032.039,16438.6771
Burkina Faso,IPCC Agriculture,Emissions (CO2eq) from CH4 (AR5),kilotonnes,,,,,,,,12376,,,,,,,,,,,,,
Burkina Faso,IPCC Agriculture,Emissions (CO2eq) from N2O (AR5),kilotonnes,5375.107,4891.0716,5203.3107,6367.534,6530.3268,6777.6686,6599.6273,6715.7038,6846.161,6999.4145,7315.9896,7300.5937,7346.9494,7595.5347,7650.7132,7717.5021,8147.8266,8167.0877,8252.1927,8247.9722,8535.0382
Burkina Faso,IPCC Agriculture,Emissions (CO2eq) from N2O (AR5),kilotonnes,,,,,,,,7420,,,,,,,,,,,,,
Burkina Faso,IPCC Agriculture,Emissions (CO2eq) (AR5),kilotonnes,14493.6385,13629.9154,14270.2174,17673.0281,18157.1991,18720.2839,18402.9217,18772.9355,19289.774,19868.2687,20791.8087,21012.8157,21079.5961,21712.7513,22049.1644,22284.9894,23452.7004,23670.0975,23883.8314,24280.0113,24973.7153
Burkina Faso,IPCC Agriculture,Emissions (CO2eq) (AR5),kilotonnes,,,,,,,,19796,,,,,,,,,,,,,
Burkina Faso,Agricultural Soils,Direct emissions (N2O),kilotonnes,11.1025,11.4048,11.7141,15.3548,15.579,16.1289,16.3876,16.6103,17.3442,17.5358,18.3224,18.3485,19.1063,19.5681,19.843,20.385,21.1689,21.3805,21.9966,21.9432,22.7565
Burkina Faso,Agricultural Soils,Indirect emissions (N2O),kilotonnes,3.2505,3.3327,3.4343,4.2988,4.3765,4.5343,4.609,4.6746,4.8772,4.944,5.1689,5.1854,5.4124,5.5537,5.6421,5.8014,6.0375,6.1044,6.2755,6.2541,6.4841
Burkina Faso,Agricultural Soils,Emissions (N2O),kilotonnes,14.3531,14.7375,15.1484,19.6536,19.9555,20.6632,20.9966,21.2849,22.2213,22.4798,23.4912,23.5339,24.5187,25.1218,25.4851,26.1864,27.2064,27.485,28.2721,28.1973,29.2407
Burkina Faso,Agricultural Soils,Emissions (N2O),kilotonnes,,,,,,,,,,,,,,,,,,,,,
Burkina Faso,Agricultural Soils,Emissions (CO2eq) from N2O (AR5),kilotonnes,3803.5679,3905.4417,4014.333,5208.208,5288.209,5475.7543,5564.1033,5640.4918,5888.6458,5957.1403,6225.1737,6236.4727,6497.4628,6657.271,6753.5561,6939.3841,7209.6919,7283.5175,7492.1082,7472.2793,7748.7771
Burkina Faso,Agricultural Soils,Emissions (CO2eq) from N2O (AR5),kilotonnes,,,,,,,,,,,,,,,,,,,,,
Burkina Faso,Agricultural Soils,Emissions (CO2eq) (AR5),kilotonnes,3803.5679,3905.4417,4014.333,5208.208,5288.209,5475.7543,5564.1033,5640.4918,5888.6458,5957.1403,6225.1737,6236.4727,6497.4628,6657.271,6753.5561,6939.3841,7209.6919,7283.5175,7492.1082,7472.2793,7748.7771
Burkina Faso,Agricultural Soils,Emissions (CO2eq) (AR5),kilotonnes,,,,,,,,,,,,,,,,,,,,,
Burkina Faso,LULUCF,Emissions (CH4),kilotonnes,45.4057,0,0.0027,0,0,0,0,0.0027,0,0.0027,0,0,0,0,0,0,0,0,0,0.0074,0.0099
Burkina Faso,LULUCF,Emissions (CH4),kilotonnes,,,,,,,,0.721,,,,,,,,,,,,,
Burkina Faso,LULUCF,Emissions (N2O),kilotonnes,1.3355,0,0.0002,0,0,0,0,0.0002,0,0.0002,0,0,0,0,0,0,0,0,0,0.0007,0.0009
Burkina Faso,LULUCF,Emissions (N2O),kilotonnes,,,,,,,,,,,,,,,,,,,,,
Burkina Faso,LULUCF,Emissions (CO2),kilotonnes,12260.16,16450.8667,16450.8667,16450.8667,16450.8667,16450.8667,16450.8667,16450.8667,16450.8667,16450.8667,16450.8667,5869.0133,5869.0133,5869.0133,5869.0133,5869.0133,24101.44,24101.44,24101.44,24101.44,24101.44
Burkina Faso,LULUCF,Emissions (CO2),kilotonnes,,,,,,,,-0.485,,,,,,,,,,,,,
Burkina Faso,LULUCF,Emissions (CO2eq) from CH4 (AR5),kilotonnes,1271.3582,0,0.0745,0,0,0,0,0.0745,0,0.0745,0,0,0,0,0,0,0,0,0,0.2082,0.2776
Burkina Faso,LULUCF,Emissions (CO2eq) from N2O (AR5),kilotonnes,353.8969,0,0.0644,0,0,0,0,0.0644,0,0.0644,0,0,0,0,0,0,0,0,0,0.1799,0.2399
Burkina Faso,LULUCF,Emissions (CO2eq) (AR5),kilotonnes,13885.4151,16450.8667,16451.0055,16450.8667,16450.8667,16450.8667,16450.8667,16451.0055,16450.8667,16451.0055,16450.8667,5869.0133,5869.0133,5869.0133,5869.0133,5869.0133,24101.44,24101.44,24101.44,24101.8281,24101.9575
Burkina Faso,LULUCF,Emissions (CO2eq) (AR5),kilotonnes,,,,,,,,-0.485,,,,,,,,,,,,,
Burkina Faso,AFOLU,Emissions (CH4),kilotonnes,371.0675,312.1016,323.8208,403.7676,415.2454,426.522,421.5462,430.6181,444.4147,459.6046,481.2793,489.7222,490.4517,504.1863,514.2304,520.2674,546.6026,553.6789,558.2728,572.5803,587.1055
Burkina Faso,AFOLU,Emissions (N2O),kilotonnes,21.6189,18.4569,19.6354,24.0284,24.6427,25.5761,24.9043,25.3425,25.8346,26.4131,27.6075,27.5494,27.7243,28.6624,28.8706,29.1226,30.7465,30.8192,31.1403,31.1251,32.2086
Burkina Faso,AFOLU,Emissions (CO2),kilotonnes,12260.16,16450.8667,16450.8667,16450.8667,16450.8667,16450.8667,16450.8667,16450.8667,16450.8667,16450.8667,16450.8667,5869.0133,5869.0133,5869.0133,5869.0133,5869.0133,24101.44,24101.44,24101.44,24101.44,24101.44
Burkina Faso,AFOLU,Emissions (CO2eq) from CH4 (AR5),kilotonnes,10389.8897,8738.8438,9066.9812,11305.4942,11626.8724,11942.6153,11803.2944,12057.3062,12443.613,12868.9287,13475.8191,13712.222,13732.6468,14117.2166,14398.4512,14567.4873,15304.8737,15503.0098,15631.6387,16032.2472,16438.9547
Burkina Faso,AFOLU,Emissions (CO2eq) from N2O (AR5),kilotonnes,5729.0039,4891.0716,5203.375,6367.534,6530.3268,6777.6686,6599.6273,6715.7681,6846.161,6999.4788,7315.9896,7300.5937,7346.9494,7595.5347,7650.7132,7717.5021,8147.8266,8167.0877,8252.1927,8248.1521,8535.2781
Burkina Faso,AFOLU,Emissions (CO2eq) (AR5),kilotonnes,28379.0536,30080.7821,30721.2229,34123.8948,34608.0658,35171.1506,34853.7884,35223.941,35740.6406,36319.2742,37242.6754,26881.8291,26948.6095,27581.7646,27918.1777,28154.0028,47554.1404,47771.5375,47985.2714,48381.8393,49075.6727
Burkina Faso,All sectors with LULUCF,Emissions (CH4),kilotonnes,465.7675,422.7016,432.4208,516.3676,538.1454,563.322,564.2462,579.1181,600.5147,620.8046,647.4793,661.4222,668.8517,686.9863,701.8304,714.1674,746.7026,762.5789,773.5728,793.1803,813.2055
Burkina Faso,All sectors with LULUCF,Emissions (N2O),kilotonnes,22.741,19.654,20.7535,25.2016,25.9859,27.1463,26.5374,27.0817,27.6867,28.3183,29.5717,29.5836,29.8475,30.8516,31.0648,31.4038,33.0407,33.2094,33.5656,33.6833,34.8398
Burkina Faso,All sectors with LULUCF,Emissions (CO2),kilotonnes,13347.06,17501.4667,17513.3667,17583.8667,17617.3667,17638.9667,17880.8667,18152.8667,18260.9867,18360.9957,18571.0067,8090.1633,8580.1733,8830.1833,8879.2033,9685.2033,28108.64,28718.64,28519.691,28679.708,28731.726
Burkina Faso,All sectors with LULUCF,Emissions (CO2eq) from F-gases (AR5),kilotonnes,,,,,,,,,121.4693,146.7349,183.6616,219.6165,259.4585,303.1874,357.6057,410.0804,474.2162,543.2108,557.7871,604.4314,650.1038
Burkina Faso,All sectors with LULUCF,Emissions (CO2eq) from CH4 (AR5),kilotonnes,13041.4897,11835.6438,12107.7812,14458.2942,15068.0724,15773.0153,15798.8944,16215.3062,16814.413,17382.5287,18129.4191,18519.822,18727.8468,19235.6166,19651.2512,19996.6873,20907.6737,21352.2098,21660.0387,22209.0472,22769.7547
Burkina Faso,All sectors with LULUCF,Emissions (CO2eq) from N2O (AR5),kilotonnes,6026.3678,5208.3113,5499.6808,6678.4158,6886.2597,7193.7578,7032.4126,7176.6447,7336.9839,7504.3481,7836.4952,7839.6506,7909.5926,8175.6695,8232.1743,8322.0198,8755.791,8800.4936,8894.8752,8926.0804,9232.553
Burkina Faso,All sectors with LULUCF,Emissions (CO2eq) (AR5),kilotonnes,32414.9175,34545.4218,35120.8287,38720.5766,39571.6987,40605.7398,40712.1736,41544.8177,42533.8529,43394.6074,44720.5826,34669.2525,35477.0712,36544.6569,37120.2345,38413.991,58246.3209,59414.5542,59632.392,60419.267,61384.1374
Burkina Faso,All sectors without LULUCF,Emissions (CH4),kilotonnes,420.3618,422.7016,432.4181,516.3676,538.1454,563.322,564.2462,579.1154,600.5147,620.8019,647.4793,661.4222,668.8517,686.9863,701.8304,714.1674,746.7026,762.5789,773.5728,793.1728,813.1956
Burkina Faso,All sectors without LULUCF,Emissions (N2O),kilotonnes,21.4056,19.654,20.7533,25.2016,25.9859,27.1463,26.5374,27.0814,27.6867,28.3181,29.5717,29.5836,29.8475,30.8516,31.0648,31.4038,33.0407,33.2094,33.5656,33.6826,34.8389
Burkina Faso,All sectors without LULUCF,Emissions (CO2),kilotonnes,1086.9,1050.6,1062.5,1133,1166.5,1188.1,1430,1702,1810.12,1910.129,2120.14,2221.15,2711.16,2961.17,3010.19,3816.19,4007.2,4617.2,4418.251,4578.268,4630.286
Burkina Faso,All sectors without LULUCF,Emissions (CO2eq) from F-gases (AR5),kilotonnes,,,,,,,,,121.4693,146.7349,183.6616,219.6165,259.4585,303.1874,357.6057,410.0804,474.2162,543.2108,557.7871,604.4314,650.1038
Burkina Faso,All sectors without LULUCF,Emissions (CO2eq) from CH4 (AR5),kilotonnes,11770.1315,11835.6438,12107.7067,14458.2942,15068.0724,15773.0153,15798.8944,16215.2318,16814.413,17382.4542,18129.4191,18519.822,18727.8468,19235.6166,19651.2512,19996.6873,20907.6737,21352.2098,21660.0387,22208.839,22769.4771
Burkina Faso,All sectors without LULUCF,Emissions (CO2eq) from N2O (AR5),kilotonnes,5672.4709,5208.3113,5499.6164,6678.4158,6886.2597,7193.7578,7032.4126,7176.5804,7336.9839,7504.2837,7836.4952,7839.6506,7909.5926,8175.6695,8232.1743,8322.0198,8755.791,8800.4936,8894.8752,8925.9005,9232.3131
Burkina Faso,All sectors without LULUCF,Emissions (CO2eq) (AR5),kilotonnes,18529.5024,18094.5551,18669.8232,22269.7099,23120.832,24154.8731,24261.307,25093.8121,26082.9862,26943.6019,28269.7159,28800.2392,29608.0578,30675.6436,31251.2212,32544.9776,34144.8809,35313.1142,35530.952,36317.4389,37282.18
Burundi,Crop Residues,Direct emissions (N2O),kilotonnes,0.0944,0.1097,0.1132,0.1087,0.1069,0.1121,0.108,0.1074,0.1055,0.11,0.1148,0.1231,0.12,0.121,0.125,0.1246,0.1988,0.1859,0.2062,0.2923,0.2328
Burundi,Crop Residues,Indirect emissions (N2O),kilotonnes,0.0212,0.0247,0.0255,0.0244,0.0241,0.0252,0.0243,0.0242,0.0237,0.0247,0.0258,0.0277,0.027,0.0272,0.0281,0.028,0.0447,0.0418,0.0464,0.0658,0.0524
Burundi,Crop Residues,Emissions (N2O),kilotonnes,0.1156,0.1344,0.1387,0.1331,0.131,0.1374,0.1323,0.1316,0.1292,0.1347,0.1407,0.1508,0.147,0.1482,0.1532,0.1526,0.2435,0.2277,0.2526,0.358,0.2851
Burundi,Crop Residues,Emissions (CO2eq) from N2O (AR5),kilotonnes,30.6317,35.62,36.7575,35.2706,34.71,36.3988,35.0669,34.8781,34.2344,35.7085,37.2827,39.963,38.9536,39.2809,40.5901,40.4333,64.5298,60.3317,66.9488,94.8788,75.5578
Burundi,Crop Residues,Emissions (CO2eq) (AR5),kilotonnes,30.6317,35.62,36.7575,35.2706,34.71,36.3988,35.0669,34.8781,34.2344,35.7085,37.2827,39.963,38.9536,39.2809,40.5901,40.4333,64.5298,60.3317,66.9488,94.8788,75.5578
Burundi,Rice Cultivation,Emissions (CH4),kilotonnes,1.19,1.33,1.344,1.365,1.372,1.393,1.435,1.47,1.54,1.68,2.0698,2.3834,2.1498,1.5169,1.6611,2.3972,4.4626,3.4651,3.4869,4.1298,3.3029
Burundi,Rice Cultivation,Emissions (CO2eq) from CH4 (AR5),kilotonnes,33.32,37.24,37.632,38.22,38.416,39.004,40.18,41.16,43.12,47.04,57.9552,66.736,60.1936,42.4732,46.5108,67.1222,124.952,97.022,97.6335,115.6341,92.4806
Burundi,Rice Cultivation,Emissions (CO2eq) (AR5),kilotonnes,33.32,37.24,37.632,38.22,38.416,39.004,40.18,41.16,43.12,47.04,57.9552,66.736,60.1936,42.4732,46.5108,67.1222,124.952,97.022,97.6335,115.6341,92.4806
Burundi,Burning - Crop residues,Emissions (CH4),kilotonnes,0.3416,0.353,0.3563,0.3488,0.3506,0.3585,0.3562,0.3515,0.3641,0.3743,0.3837,0.3815,0.3831,0.3784,0.3136,0.3938,0.5659,0.5762,0.6098,0.8312,0.6919
Burundi,Burning - Crop residues,Emissions (CH4),kilotonnes,,,,,,0.0443,,,,,0.0942,,,,,0.0356,,,,,
Burundi,Burning - Crop residues,Emissions (N2O),kilotonnes,0.0089,0.0092,0.0092,0.009,0.0091,0.0093,0.0092,0.0091,0.0094,0.0097,0.0099,0.0099,0.0099,0.0098,0.0081,0.0102,0.0147,0.0149,0.0158,0.0216,0.0179
Burundi,Burning - Crop residues,Emissions (N2O),kilotonnes,,,,,,0.0011,,,,,0.0024,,,,,0.0009,,,,,
Burundi,Burning - Crop residues,Emissions (CO2eq) from CH4 (AR5),kilotonnes,9.5645,9.8847,9.976,9.7675,9.8167,10.0387,9.9729,9.8429,10.1947,10.4803,10.7425,10.6832,10.7275,10.5946,8.7808,11.0269,15.8463,16.133,17.0739,23.2744,19.3728
Burundi,Burning - Crop residues,Emissions (CO2eq) from CH4 (AR5),kilotonnes,,,,,,1.2404,,,,,2.6376,,,,,0.9968,,,,,
Burundi,Burning - Crop residues,Emissions (CO2eq) from N2O (AR5),kilotonnes,2.3468,2.4254,2.4478,2.3966,2.4087,2.4632,2.4471,2.4151,2.5015,2.5716,2.6359,2.6213,2.6322,2.5996,2.1546,2.7057,3.8882,3.9586,4.1894,5.7109,4.7535
Burundi,Burning - Crop residues,Emissions (CO2eq) from N2O (AR5),kilotonnes,,,,,,0.2915,,,,,0.636,,,,,0.2385,,,,,
Burundi,Burning - Crop residues,Emissions (CO2eq) (AR5),kilotonnes,11.9113,12.3102,12.4238,12.1641,12.2254,12.5019,12.42,12.258,12.6962,13.0519,13.3784,13.3046,13.3597,13.1942,10.9354,13.7326,19.7346,20.0915,21.2633,28.9853,24.1264
Burundi,Burning - Crop residues,Emissions (CO2eq) (AR5),kilotonnes,,,,,,1.5319,,,,,3.2736,,,,,1.2353,,,,,
Burundi,Enteric Fermentation,Emissions (CH4),kilotonnes,17.566,18.3244,17.0076,17.7466,19.0829,20.5706,22.6627,24.1509,26.0397,28.8753,32.2347,35.1486,35.2953,43.4501,41.833,40.699,44.7665,56.739,56.4035,46.1222,42.9065
Burundi,Enteric Fermentation,Emissions (CH4),kilotonnes,,,,,,15.357,,,,,19.534,,,,,9.025,,,,,
Burundi,Enteric Fermentation,Emissions (CO2eq) from CH4 (AR5),kilotonnes,491.8474,513.0843,476.2114,496.9048,534.3212,575.977,634.5543,676.2244,729.113,808.5083,902.5709,984.1602,988.2683,1216.603,1171.3234,1139.571,1253.4607,1588.6924,1579.2993,1291.4203,1201.3817
Burundi,Enteric Fermentation,Emissions (CO2eq) from CH4 (AR5),kilotonnes,,,,,,429.996,,,,,546.952,,,,,252.7,,,,,
Burundi,Enteric Fermentation,Emissions (CO2eq) (AR5),kilotonnes,491.8474,513.0843,476.2114,496.9048,534.3212,575.977,634.5543,676.2244,729.113,808.5083,902.5709,984.1602,988.2683,1216.603,1171.3234,1139.571,1253.4607,1588.6924,1579.2993,1291.4203,1201.3817
Burundi,Enteric Fermentation,Emissions (CO2eq) (AR5),kilotonnes,,,,,,429.996,,,,,546.952,,,,,252.7,,,,,
Burundi,Manure Management,Emissions (CH4),kilotonnes,0.816,0.8161,0.73,0.7521,0.8287,0.8324,0.9199,0.9415,1.0074,1.1412,1.2871,1.4399,1.5501,1.7914,1.9151,1.834,1.9883,2.4362,2.5774,2.2713,2.2106
Burundi,Manure Management,Emissions (CH4),kilotonnes,,,,,,0.5116,,,,,0.897,,,,,0.9267,,,,,
Burundi,Manure Management,Emissions (N2O),kilotonnes,0.0954,0.083,0.0609,0.0568,0.0707,0.0838,0.0886,0.0808,0.0851,0.1041,0.1217,0.1465,0.1934,0.1888,0.2674,0.2512,0.2669,0.2961,0.3655,0.3736,0.3907
Burundi,Manure Management,Emissions (N2O),kilotonnes,,,,,,0.0945,,,,,0.1779,,,,,0.1481,,,,,
Burundi,Manure Management,Emissions (CO2eq) from CH4 (AR5),kilotonnes,22.8473,22.8504,20.4402,21.0602,23.2036,23.3077,25.7582,26.3609,28.2081,31.9535,36.0394,40.3164,43.402,50.1585,53.6225,51.3523,55.6727,68.2144,72.1668,63.5958,61.8966
Burundi,Manure Management,Emissions (CO2eq) from CH4 (AR5),kilotonnes,,,,,,14.3248,,,,,25.116,,,,,25.9476,,,,,
Burundi,Manure Management,Emissions (CO2eq) from N2O (AR5),kilotonnes,25.2702,21.9924,16.1322,15.0446,18.7311,22.2038,23.4746,21.4034,22.5614,27.5917,32.2569,38.8331,51.249,50.0449,70.8594,66.5771,70.7341,78.4771,96.8444,99.0005,103.5279
Burundi,Manure Management,Emissions (CO2eq) from N2O (AR5),kilotonnes,,,,,,25.0425,,,,,47.1435,,,,,39.2465,,,,,
Burundi,Manure Management,Emissions (CO2eq) (AR5),kilotonnes,48.1175,44.8428,36.5724,36.1048,41.9347,45.5115,49.2328,47.7643,50.7695,59.5452,68.2962,79.1495,94.651,100.2034,124.482,117.9293,126.4069,146.6915,169.0113,162.5963,165.4245
Burundi,Manure Management,Emissions (CO2eq) (AR5),kilotonnes,,,,,,39.3673,,,,,72.2595,,,,,65.1941,,,,,
Burundi,Manure left on Pasture,Direct emissions (N2O),kilotonnes,0.7405,0.7769,0.7292,0.7608,0.8187,0.8451,0.9372,0.9925,1.0772,1.1893,1.332,1.4532,1.4614,1.8062,1.7081,1.6578,1.8362,2.3229,2.2925,1.888,1.7662
Burundi,Manure left on Pasture,Indirect emissions (N2O),kilotonnes,0.2093,0.2237,0.2124,0.2188,0.2383,0.251,0.281,0.2907,0.3264,0.353,0.4019,0.4353,0.4514,0.5596,0.4975,0.485,0.5628,0.694,0.67,0.5901,0.5718
Burundi,Manure left on Pasture,Emissions (N2O),kilotonnes,0.9497,1.0006,0.9416,0.9795,1.0569,1.096,1.2182,1.2833,1.4037,1.5423,1.7339,1.8885,1.9128,2.3658,2.2056,2.1428,2.399,3.0169,2.9625,2.4781,2.338
Burundi,Manure left on Pasture,Emissions (CO2eq) from N2O (AR5),kilotonnes,251.6826,265.1709,249.5253,259.5763,280.0866,290.444,322.8244,340.0688,371.9674,408.7015,459.4723,500.4487,506.8789,626.9422,584.4718,567.8498,635.7401,799.4896,785.0541,656.6837,619.5695
Burundi,Manure left on Pasture,Emissions (CO2eq) (AR5),kilotonnes,251.6826,265.1709,249.5253,259.5763,280.0866,290.444,322.8244,340.0688,371.9674,408.7015,459.4723,500.4487,506.8789,626.9422,584.4718,567.8498,635.7401,799.4896,785.0541,656.6837,619.5695
Burundi,Manure applied to Soils,Direct emissions (N2O),kilotonnes,0.0603,0.0549,0.0436,0.0409,0.0486,0.0532,0.0559,0.0534,0.0585,0.0684,0.0796,0.0949,0.1188,0.1202,0.1585,0.1494,0.1635,0.1796,0.2148,0.2176,0.2261
Burundi,Manure applied to Soils,Indirect emissions (N2O),kilotonnes,0.0256,0.0233,0.0185,0.0174,0.0207,0.0226,0.0238,0.0227,0.0248,0.0291,0.0338,0.0403,0.0505,0.0511,0.0674,0.0635,0.0695,0.0763,0.0913,0.0925,0.0961
Burundi,Manure applied to Soils,Emissions (N2O),kilotonnes,0.086,0.0782,0.0622,0.0582,0.0693,0.0758,0.0797,0.0761,0.0833,0.0975,0.1134,0.1352,0.1693,0.1713,0.2259,0.2129,0.2329,0.2559,0.3061,0.3101,0.3223
Burundi,Manure applied to Soils,Emissions (CO2eq) from N2O (AR5),kilotonnes,22.7836,20.722,16.4812,15.4291,18.3546,20.0802,21.126,20.1696,22.0788,25.8422,30.0566,35.8389,44.8581,45.3997,59.8553,56.4284,61.7316,67.8201,81.1055,82.18,85.3995
Burundi,Manure applied to Soils,Emissions (CO2eq) (AR5),kilotonnes,22.7836,20.722,16.4812,15.4291,18.3546,20.0802,21.126,20.1696,22.0788,25.8422,30.0566,35.8389,44.8581,45.3997,59.8553,56.4284,61.7316,67.8201,81.1055,82.18,85.3995
Burundi,Synthetic Fertilizers,Direct emissions (N2O),kilotonnes,0.0236,0.0236,0.0081,0.0044,0.0067,0.0173,0.0234,0.0127,0.0157,0.0165,0.0305,0.042,0.0498,0.0619,0.0882,0.0726,0.1271,0.1595,0.2115,0.1082,0.1082
Burundi,Synthetic Fertilizers,Indirect emissions (N2O),kilotonnes,0.0077,0.0077,0.0026,0.0014,0.0022,0.0056,0.0076,0.0041,0.0051,0.0054,0.0099,0.0137,0.0162,0.0201,0.0287,0.0236,0.0413,0.0518,0.0687,0.0352,0.0352
Burundi,Synthetic Fertilizers,Emissions (N2O),kilotonnes,0.0312,0.0312,0.0107,0.0059,0.0089,0.0229,0.031,0.0168,0.0208,0.0218,0.0404,0.0557,0.066,0.082,0.1169,0.0961,0.1684,0.2113,0.2802,0.1434,0.1434
Burundi,Synthetic Fertilizers,Emissions (CO2eq) from N2O (AR5),kilotonnes,8.2765,8.2765,2.8361,1.556,2.3671,6.0584,8.2103,4.4638,5.5011,5.788,10.7153,14.7488,17.4786,21.7331,30.9753,25.479,44.6202,55.9907,74.2495,38.0085,38.0085
Burundi,Synthetic Fertilizers,Emissions (CO2eq) (AR5),kilotonnes,8.2765,8.2765,2.8361,1.556,2.3671,6.0584,8.2103,4.4638,5.5011,5.788,10.7153,14.7488,17.4786,21.7331,30.9753,25.479,44.6202,55.9907,74.2495,38.0085,38.0085
Burundi,Drained organic soils,Emissions (CO2eq) (AR5),kilotonnes,3285.3404,3278.1368,3278.1161,3275.5802,3266.7209,3272.1915,3278.5472,3276.7752,3278.3768,3276.3247,3279.2422,3279.3833,3277.7688,3276.58,3279.1635,3278.8941,3248.6389,3239.898,3228.1711,3188.2993,3179.4016
Burundi,Drained organic soils (CO2),Emissions (CO2),kilotonnes,3131.5611,3124.6486,3124.628,3122.1898,3113.7168,3118.9704,3125.0648,3123.3732,3124.955,3122.9997,3125.8025,3125.9454,3124.3949,3123.2593,3125.7511,3125.4923,3096.4616,3088.1214,3076.8477,3038.3723,3029.9346
Burundi,Drained organic soils (CO2),Emissions (CO2eq) (AR5),kilotonnes,3131.5611,3124.6486,3124.628,3122.1898,3113.7168,3118.9704,3125.0648,3123.3732,3124.955,3122.9997,3125.8025,3125.9454,3124.3949,3123.2593,3125.7511,3125.4923,3096.4616,3088.1214,3076.8477,3038.3723,3029.9346
Burundi,Drained organic soils (N2O),Emissions (N2O),kilotonnes,0.5803,0.5792,0.5792,0.5788,0.5774,0.5782,0.5792,0.5789,0.579,0.5786,0.579,0.579,0.5788,0.5786,0.5789,0.5789,0.5743,0.5727,0.571,0.5658,0.564
Burundi,Drained organic soils (N2O),Emissions (CO2eq) from N2O (AR5),kilotonnes,153.7793,153.4881,153.4881,153.3904,153.0041,153.2211,153.4824,153.402,153.4218,153.325,153.4397,153.4379,153.374,153.3207,153.4124,153.4017,152.1773,151.7766,151.3233,149.927,149.467
Burundi,Drained organic soils (N2O),Emissions (CO2eq) (AR5),kilotonnes,153.7793,153.4881,153.4881,153.3904,153.0041,153.2211,153.4824,153.402,153.4218,153.325,153.4397,153.4379,153.374,153.3207,153.4124,153.4017,152.1773,151.7766,151.3233,149.927,149.467
Burundi,On-farm energy use,Emissions (CH4),kilotonnes,0.0565,0.048,0.0479,0.038,0.0372,0.0356,0.0425,0.0459,0.05,0.0482,0.0762,0.0924,0.0838,0.0818,0.0774,0.0836,0.1023,0.1185,0.1495,0.1639,0.1639
Burundi,On-farm energy use,Emissions (N2O),kilotonnes,0.0003,0.0002,0.0002,0.0002,0.0002,0.0002,0.0002,0.0002,0.0002,0.0002,0.0004,0.0005,0.0004,0.0004,0.0004,0.0004,0.0005,0.0006,0.0007,0.0008,0.0008
Burundi,On-farm energy use,Emissions (CO2),kilotonnes,17.8122,15.1319,15.1043,11.9976,11.746,11.2378,13.388,14.4827,15.7625,15.2005,24.0197,29.135,26.4338,25.7849,24.4177,26.3511,32.2568,37.3793,47.1382,51.6823,51.6823
Burundi,On-farm energy use,Emissions (CO2eq) from CH4 (AR5),kilotonnes,1.5816,1.3436,1.3412,1.0653,1.043,0.9979,1.1888,1.286,1.3996,1.3497,2.1328,2.587,2.3472,2.2896,2.1682,2.3398,2.8642,3.3191,4.1856,4.5891,4.5891
Burundi,On-farm energy use,Emissions (CO2eq) from N2O (AR5),kilotonnes,0.0748,0.0636,0.0635,0.0504,0.0494,0.0472,0.0563,0.0609,0.0662,0.0639,0.1009,0.1224,0.1111,0.1083,0.1026,0.1107,0.1355,0.1571,0.1981,0.2172,0.2172
Burundi,On-farm energy use,Emissions (CO2eq) (AR5),kilotonnes,19.4687,16.5391,16.5089,13.1133,12.8384,12.2828,14.6331,15.8296,17.2283,16.6141,26.2535,31.8444,28.8921,28.1828,26.6885,28.8017,35.2565,40.8554,51.5219,56.4886,56.4886
Burundi,Forestland,Emissions (CO2),kilotonnes,-1.4222,0,0,0,0,0,0,0,0,0,0,-4943.8212,-4943.8212,-4943.8212,-4943.8212,-4943.8212,0,0,0,0,0
Burundi,Forestland,Emissions (CO2eq) (AR5),kilotonnes,-1.4222,0,0,0,0,0,0,0,0,0,0,-4943.8212,-4943.8212,-4943.8212,-4943.8212,-4943.8212,0,0,0,0,0
Burundi,Net Forest conversion,Emissions (CO2),kilotonnes,2077.972,0,0,0,0,0,0,0,0,0,0,0,0,0,0,0,0,0,0,0,0
Burundi,Net Forest conversion,Emissions (CO2eq) (AR5),kilotonnes,2077.972,0,0,0,0,0,0,0,0,0,0,0,0,0,0,0,0,0,0,0,0
Burundi,Savanna fires,Emissions (CH4),kilotonnes,0.5181,0.2194,0.9666,0.9229,0.8051,0.4972,0.395,0.3356,0.5071,0.3978,0.4666,0.3486,0.3752,0.489,0.32,0.4219,0.4765,0.3557,0.4216,0.4356,0.3847
Burundi,Savanna fires,Emissions (N2O),kilotonnes,0.0473,0.02,0.0883,0.0843,0.0735,0.0454,0.0361,0.0306,0.0463,0.0363,0.0426,0.0318,0.0343,0.0447,0.0292,0.0385,0.0435,0.0325,0.0385,0.0398,0.0351
Burundi,Savanna fires,Emissions (CO2eq) from CH4 (AR5),kilotonnes,14.5072,6.1434,27.0651,25.8406,22.543,13.9211,11.0612,9.3956,14.1999,11.137,13.065,9.7619,10.5067,13.6929,8.9608,11.8134,13.3425,9.9588,11.8052,12.198,10.7717
Burundi,Savanna fires,Emissions (CO2eq) from N2O (AR5),kilotonnes,12.5361,5.3087,23.3877,22.3296,19.4801,12.0296,9.5583,8.119,12.2706,9.6238,11.2899,8.4356,9.0791,11.8324,7.7433,10.2084,11.5296,8.6057,10.2012,10.5406,9.3082
Burundi,Savanna fires,Emissions (CO2eq) (AR5),kilotonnes,27.0433,11.452,50.4528,48.1702,42.0231,25.9507,20.6195,17.5146,26.4705,20.7609,24.3549,18.1975,19.5858,25.5253,16.7041,22.0218,24.8721,18.5644,22.0064,22.7386,20.0799
Burundi,Fires in organic soils,Emissions (CH4),kilotonnes,0,0,0,0,0,0,0,0,0,0,0,0,0,0,0,0,0,0,0,0,0
Burundi,Fires in organic soils,Emissions (CO2),kilotonnes,0,0,0,0,0,0,0,0,0,0,0,0,0,0,0,0,0,0,0,0,0
Burundi,Fires in organic soils,Emissions (CO2eq) from CH4 (AR5),kilotonnes,0,0,0,0,0,0,0,0,0,0,0,0,0,0,0,0,0,0,0,0,0
Burundi,Fires in organic soils,Emissions (CO2eq) (AR5),kilotonnes,0,0,0,0,0,0,0,0,0,0,0,0,0,0,0,0,0,0,0,0,0
Burundi,Forest fires,Emissions (CH4),kilotonnes,0.4592,0.0156,0.0455,0.0101,0.0274,0.0124,0.0372,0.0322,0.0124,0.0099,0.3121,0.005,0.0124,0.1363,0,0.0124,0,0,0.0025,0.0173,0.0595
Burundi,Forest fires,Emissions (N2O),kilotonnes,0.0135,0.0014,0.0042,0.0009,0.0025,0.0011,0.0034,0.0029,0.0011,0.0009,0.0285,0.0005,0.0011,0.0124,0,0.0011,0,0,0.0002,0.0016,0.0054
Burundi,Forest fires,Emissions (CO2eq) from CH4 (AR5),kilotonnes,12.8584,0.4366,1.274,0.2826,0.7681,0.3468,1.0405,0.9017,0.3468,0.2775,8.7398,0.1387,0.3468,3.815,0,0.3468,0,0,0.0694,0.4856,1.6647
Burundi,Forest fires,Emissions (CO2eq) from N2O (AR5),kilotonnes,3.5794,0.3773,1.1009,0.2442,0.6637,0.2997,0.8991,0.7792,0.2997,0.2398,7.5523,0.1199,0.2997,3.2967,0,0.2997,0,0,0.0599,0.4196,1.4386
Burundi,Forest fires,Emissions (CO2eq) (AR5),kilotonnes,16.4377,0.8138,2.375,0.5267,1.4318,0.6465,1.9396,1.681,0.6465,0.5172,16.2922,0.2586,0.6465,7.1117,0,0.6465,0,0,0.1293,0.9051,3.1033
Burundi,Fires in humid tropical forests,Emissions (CH4),kilotonnes,0.0504,0.0106,0.0133,0.0027,0.0027,0,0,0,0,0,0,0,0,0,0,0,0,0,0,0,0
Burundi,Fires in humid tropical forests,Emissions (N2O),kilotonnes,0.0015,0.001,0.0012,0.0002,0.0002,0,0,0,0,0,0,0,0,0,0,0,0,0,0,0,0
Burundi,Fires in humid tropical forests,Emissions (CO2eq) from CH4 (AR5),kilotonnes,1.411,0.2978,0.3723,0.0745,0.0745,0,0,0,0,0,0,0,0,0,0,0,0,0,0,0,0
Burundi,Fires in humid tropical forests,Emissions (CO2eq) from N2O (AR5),kilotonnes,0.3927,0.2574,0.3217,0.0643,0.0643,0,0,0,0,0,0,0,0,0,0,0,0,0,0,0,0
Burundi,Fires in humid tropical forests,Emissions (CO2eq) (AR5),kilotonnes,1.8038,0.5552,0.694,0.1388,0.1388,0,0,0,0,0,0,0,0,0,0,0,0,0,0,0,0
Burundi,Waste - agri-food systems,Emissions (CH4),kilotonnes,34.2251,34.962,35.8151,36.452,37.3578,38.0202,38.9132,39.5823,40.4097,41.0905,41.8426,42.5955,43.3462,44.0789,44.8042,45.4964,46.1868,46.8768,47.5582,48.2283,48.8979
Burundi,Waste - agri-food systems,Emissions (N2O),kilotonnes,0.0014,0.0013,0.0014,0.0014,0.0014,0.0015,0.0016,0.0017,0.0016,0.0017,0.0018,0.0018,0.002,0.002,0.0021,0.002,0.002,0.002,0.002,0.0019,0.0019
Burundi,Waste - agri-food systems,Emissions (CO2),kilotonnes,0,0,0,0,0,0,0,0,0,0,0,0,0,0,0,0,0,0,0,0,0
Burundi,Waste - agri-food systems,Emissions (CO2eq) from CH4 (AR5),kilotonnes,958.3033,978.9367,1002.8241,1020.6558,1046.0176,1064.5649,1089.5707,1108.3052,1131.4718,1150.5351,1171.5929,1192.6747,1213.6935,1234.2087,1254.5185,1273.8998,1293.231,1312.5509,1331.6296,1350.3926,1369.1401
Burundi,Waste - agri-food systems,Emissions (CO2eq) from N2O (AR5),kilotonnes,0.3645,0.3575,0.3582,0.3707,0.3669,0.3907,0.423,0.4471,0.4358,0.4594,0.4773,0.4878,0.5311,0.5393,0.5475,0.5411,0.5348,0.5284,0.5221,0.5157,0.5093
Burundi,Waste - agri-food systems,Emissions (CO2eq) (AR5),kilotonnes,958.6677,979.2942,1003.1824,1021.0265,1046.3845,1064.9556,1089.9937,1108.7523,1131.9076,1150.9945,1172.0703,1193.1625,1214.2246,1234.7479,1255.066,1274.4409,1293.7658,1313.0793,1332.1517,1350.9083,1369.6495
Burundi,On-farm electricity use,Emissions (CH4),kilotonnes,0,0,0,0,0,0,0,0,0,0,0,0,0,0,0,0,0,0,0,0,0
Burundi,On-farm electricity use,Emissions (N2O),kilotonnes,0,0,0,0,0,0,0,0,0,0,0,0,0,0,0,0,0,0,0,0,0
Burundi,On-farm electricity use,Emissions (CO2),kilotonnes,0,0,0,0,0,0,0,0,0,0,0,0,0,0,0,0,0,0,0,0,0
Burundi,On-farm electricity use,Emissions (CO2eq) from CH4 (AR5),kilotonnes,0,0,0,0,0,0,0,0,0,0,0,0,0,0,0,0,0,0,0,0,0
Burundi,On-farm electricity use,Emissions (CO2eq) from N2O (AR5),kilotonnes,0,0,0,0,0,0,0,0,0,0,0,0,0,0,0,0,0,0,0,0,0
Burundi,On-farm electricity use,Emissions (CO2eq) (AR5),kilotonnes,0,0,0,0,0,0,0,0,0,0,0,0,0,0,0,0,0,0,0,0,0
Burundi,Food Processing,Emissions (CH4),kilotonnes,1.2986,1.6331,1.469,0.8759,0.0022,0.0029,0.0066,0.0216,0.0215,0.0886,0.1064,0.1115,0.0496,0.0801,0.0715,0.0859,0.0555,0.0545,0.0458,0.055,0.0552
Burundi,Food Processing,Emissions (N2O),kilotonnes,0.009,0.0122,0.0117,0.007,0.0003,0.0004,0.001,0.0009,0.0008,0.0011,0.001,0.0017,0.0008,0.0009,0.0008,0.0011,0.0007,0.0008,0.0007,0.0007,0.0007
Burundi,Food Processing,Emissions (CO2),kilotonnes,37.1635,33.1191,31.1871,14.8082,1.2566,1.125,3.2093,3.2116,3.888,4.2658,4.9664,10.6828,9.2013,8.5278,6.8925,8.9858,7.7336,10.3087,10.8202,11.0751,9.8938
Burundi,Food Processing,Emissions (CO2eq) from CH4 (AR5),kilotonnes,36.3608,45.7268,41.132,24.5252,0.0616,0.0812,0.1848,0.6048,0.602,2.4808,2.9792,3.122,1.3888,2.2428,2.002,2.4052,1.554,1.526,1.2824,1.54,1.5443
Burundi,Food Processing,Emissions (CO2eq) from N2O (AR5),kilotonnes,2.385,3.233,3.1005,1.855,0.0795,0.106,0.265,0.2385,0.212,0.2915,0.265,0.4505,0.212,0.2385,0.212,0.2915,0.1855,0.212,0.1855,0.1855,0.1796
Burundi,Food Processing,Emissions (CO2eq) (AR5),kilotonnes,75.9093,82.0789,75.4196,41.1884,1.3977,1.3122,3.6591,4.0549,4.702,7.0381,8.2106,14.2553,10.8021,11.0091,9.1065,11.6825,9.4731,12.0467,12.2881,12.8006,11.6177
Burundi,Food Packaging,Emissions (CH4),kilotonnes,0,0,0,0,0,0,0,0,0,0,0.0004,0.0004,0.0004,0,0,0,0,0,0,0.0001,0.0001
Burundi,Food Packaging,Emissions (N2O),kilotonnes,0,0,0,0,0,0,0,0,0,0,0.0001,0.0001,0.0001,0,0,0,0,0,0,0,0
Burundi,Food Packaging,Emissions (CO2),kilotonnes,0.0042,0.0032,0.0033,0.0025,0.003,0.0024,0.0028,0.0032,0.0032,0.0026,0.4107,0.3924,0.768,0.0032,0.0068,0.0064,0.0091,0.0118,0.0117,0.1444,0.129
Burundi,Food Packaging,Emissions (CO2eq) from CH4 (AR5),kilotonnes,0,0,0,0,0,0,0,0,0,0,0.0112,0.0112,0.0112,0,0,0,0,0,0,0.0028,0.0028
Burundi,Food Packaging,Emissions (CO2eq) from N2O (AR5),kilotonnes,0,0,0,0,0,0,0,0,0,0,0.0265,0.0265,0.0265,0,0,0,0,0,0,0,0
Burundi,Food Packaging,Emissions (CO2eq) (AR5),kilotonnes,0.0042,0.0032,0.0033,0.0025,0.003,0.0024,0.0028,0.0032,0.0032,0.0026,0.4484,0.4301,0.8057,0.0032,0.0068,0.0064,0.0091,0.0118,0.0117,0.1472,0.1318
Burundi,Food Household Consumption,Emissions (CH4),kilotonnes,0.0203,0.0239,0.0243,0.0217,0.0214,0.0238,0.0257,0.029,0.0295,0.0333,0.0385,0.0353,0.0427,0.043,0.0404,0.0341,0.0384,0.0425,0.0472,0.0498,0.0499
Burundi,Food Household Consumption,Emissions (N2O),kilotonnes,0.0001,0.0001,0.0001,0.0001,0.0001,0.0001,0.0001,0.0002,0.0002,0.0002,0.0002,0.0002,0.0002,0.0002,0.0002,0.0002,0.0002,0.0002,0.0002,0.0003,0.0003
Burundi,Food Household Consumption,Emissions (CO2),kilotonnes,10.2003,12.854,11.1055,9.5449,8.9497,10.2486,10.852,12.0582,12.0642,13.6273,16.4929,15.5867,18.3547,18.7396,14.6378,12.3178,13.7718,15.0886,16.6884,17.5865,15.7106
Burundi,Food Household Consumption,Emissions (CO2eq) from CH4 (AR5),kilotonnes,0.5684,0.6692,0.6804,0.6076,0.5992,0.6664,0.7196,0.812,0.826,0.9324,1.078,0.9884,1.1956,1.204,1.1312,0.9548,1.0752,1.19,1.3216,1.3944,1.3983
Burundi,Food Household Consumption,Emissions (CO2eq) from N2O (AR5),kilotonnes,0.0265,0.0265,0.0265,0.0265,0.0265,0.0265,0.0265,0.053,0.053,0.053,0.053,0.053,0.053,0.053,0.053,0.053,0.053,0.053,0.053,0.0795,0.077
Burundi,Food Household Consumption,Emissions (CO2eq) (AR5),kilotonnes,10.7952,13.5497,11.8124,10.179,9.5754,10.9415,11.5981,12.9232,12.9432,14.6127,17.6239,16.6281,19.6033,19.9966,15.822,13.3256,14.9,16.3316,18.063,19.0604,17.1859
Burundi,Food Transport,Emissions (CH4),kilotonnes,0.003,0.0023,0.0021,0.0016,0.002,0.0016,0.002,0.0032,0.0018,0.0018,0.002,0.0026,0.0024,0.003,0.0024,0.004,0.0051,0.0026,0.0027,0.0023,0.0023
Burundi,Food Transport,Emissions (N2O),kilotonnes,0.0003,0.0002,0.0002,0.0002,0.0002,0.0002,0.0002,0.0003,0.0002,0.0002,0.0003,0.0003,0.0003,0.0004,0.0003,0.0005,0.0006,0.0003,0.0003,0.0004,0.0004
Burundi,Food Transport,Emissions (CO2),kilotonnes,13.8445,10.6885,9.875,7.909,9.789,7.971,9.951,16.6955,9.6855,9.647,10.7297,12.6942,11.6903,14.5809,11.6476,19.3542,24.0014,12.3339,13.0002,14.0836,12.5813
Burundi,Food Transport,Emissions (CO2eq) from CH4 (AR5),kilotonnes,0.084,0.0644,0.0588,0.0448,0.056,0.0448,0.056,0.0896,0.0504,0.0504,0.056,0.0728,0.0672,0.084,0.0672,0.112,0.1428,0.0728,0.0756,0.0644,0.0646
Burundi,Food Transport,Emissions (CO2eq) from N2O (AR5),kilotonnes,0.0795,0.053,0.053,0.053,0.053,0.053,0.053,0.0795,0.053,0.053,0.0795,0.0795,0.0795,0.106,0.0795,0.1325,0.159,0.0795,0.0795,0.106,0.1026
Burundi,Food Transport,Emissions (CO2eq) (AR5),kilotonnes,14.008,10.8059,9.9868,8.0068,9.898,8.0688,10.06,16.8646,9.7889,9.7504,10.8652,12.8465,11.837,14.7709,11.7943,19.5987,24.3032,12.4862,13.1553,14.254,12.7486
Burundi,Energy,Emissions (CH4),kilotonnes,22,31.2,31.8,32.5,33.1,33.8,34.3,35,35.7,36.5,37.2,37.7,24.6,35,34.4,34.8,35.1,36.3,37,35.5,35.6
Burundi,Energy,Emissions (N2O),kilotonnes,0.279,0.403,0.411,0.417,0.428,0.434,0.443,0.458,0.463,0.473,0.483,0.493,0.312,0.338,0.332,0.336,0.34,0.343,0.344,0.316,0.306
Burundi,Energy,Emissions (CO2),kilotonnes,275,209,213,161,198,154,183,205,209,169,297,341,356,359,345,356,403,510,535,525,469
Burundi,Energy,Emissions (CO2eq) from CH4 (AR5),kilotonnes,616,873.6,890.4,910,926.8,946.4,960.4,980,999.6,1022,1041.6,1055.6,688.8,980,963.2,974.4,982.8,1016.4,1036,994,996.8
Burundi,Energy,Emissions (CO2eq) from N2O (AR5),kilotonnes,73.935,106.795,108.915,110.505,113.42,115.01,117.395,121.37,122.695,125.345,127.995,130.645,82.68,89.57,87.98,89.04,90.1,90.895,91.16,83.74,81.09
Burundi,Energy,Emissions (CO2eq) (AR5),kilotonnes,964.935,1189.395,1212.315,1181.505,1238.22,1215.41,1260.795,1306.37,1331.295,1316.345,1466.595,1527.245,1127.48,1428.57,1396.18,1419.44,1475.9,1617.295,1662.16,1602.74,1546.89
Burundi,IPPU,Emissions (N2O),kilotonnes,0.0001,0.0001,0.0001,0.0001,0.0001,0.0001,0.0001,0.0001,0.0001,0.0001,0.0001,0.0001,0.0001,0.0001,0.0001,0.0001,0.0001,0.0001,0.0001,0.0001,0.0001
Burundi,IPPU,Emissions (CO2),kilotonnes,20.9,21.2,21.8,22.2,23.2,23.9,24.8,26,26.9,27.8,27.1,46.2,63.1,80.9,68.2,81.5,84.8,66.7,92.3,81.6,83.8
Burundi,IPPU,Emissions (CO2eq) from N2O (AR5),kilotonnes,0.0187,0.0191,0.0197,0.0203,0.0209,0.0217,0.0224,0.0231,0.0239,0.0248,0.0255,0.0264,0.0273,0.0281,0.0289,0.0297,0.0307,0.0318,0.0326,0.0331,0.0339
Burundi,IPPU,Emissions (CO2eq) (AR5),kilotonnes,20.9187,21.2191,21.8197,22.2203,23.2209,23.9217,24.8224,26.0231,26.9239,27.8248,27.1255,46.2264,63.1273,80.9281,68.2289,81.5297,84.8307,66.7318,92.3326,81.6331,83.8339
Burundi,Waste,Emissions (CH4),kilotonnes,31.3,32,33,33.8,34.9,36,37.4,38.7,40.2,41.6,43.2,44.6,46.3,47.8,49.5,50.9,52.5,54.3,56.1,57.1,58.6
Burundi,Waste,Emissions (N2O),kilotonnes,0.183,0.188,0.193,0.202,0.211,0.221,0.231,0.242,0.25,0.261,0.273,0.288,0.298,0.308,0.32,0.333,0.349,0.361,0.373,0.381,0.393
Burundi,Waste,Emissions (CO2eq) from CH4 (AR5),kilotonnes,876.4,896,924,946.4,977.2,1008,1047.2,1083.6,1125.6,1164.8,1209.6,1248.8,1296.4,1338.4,1386,1425.2,1470,1520.4,1570.8,1598.8,1640.8
Burundi,Waste,Emissions (CO2eq) from N2O (AR5),kilotonnes,48.495,49.82,51.145,53.53,55.915,58.565,61.215,64.13,66.25,69.165,72.345,76.32,78.97,81.62,84.8,88.245,92.485,95.665,98.845,100.965,104.145
Burundi,Waste,Emissions (CO2eq) (AR5),kilotonnes,924.895,945.82,975.145,999.93,1033.115,1066.565,1108.415,1147.73,1191.85,1233.965,1281.945,1325.12,1375.37,1420.02,1470.8,1513.445,1562.485,1616.065,1669.645,1699.765,1744.945
Burundi,Other,Emissions (N2O),kilotonnes,0.151,0.211,0.215,0.217,0.223,0.226,0.232,0.244,0.242,0.248,0.254,0.261,0.169,0.201,0.195,0.202,0.208,0.203,0.206,0.196,0.193
Burundi,Other,Emissions (CO2eq) from N2O (AR5),kilotonnes,40.015,55.915,56.975,57.505,59.095,59.89,61.48,64.66,64.13,65.72,67.31,69.165,44.785,53.265,51.675,53.53,55.12,53.795,54.59,51.94,51.145
Burundi,Other,Emissions (CO2eq) (AR5),kilotonnes,40.015,55.915,56.975,57.505,59.095,59.89,61.48,64.66,64.13,65.72,67.31,69.165,44.785,53.265,51.675,53.53,55.12,53.795,54.59,51.94,51.145
Burundi,Farm-gate emissions,Emissions (CH4),kilotonnes,20.4881,21.0909,20.4524,21.1735,22.4766,23.6874,25.8113,27.2953,29.5084,32.5167,36.5181,39.7945,39.8373,47.7076,46.1202,45.8295,52.3621,63.6907,63.6487,53.954,49.6605
Burundi,Farm-gate emissions,Direct emissions (N2O),kilotonnes,0.9187,0.9651,0.8942,0.9147,0.9809,1.0276,1.1245,1.1661,1.2568,1.3842,1.5569,1.7132,1.7499,2.1093,2.0799,2.0044,2.3256,2.8478,2.9249,2.5061,2.3334
Burundi,Farm-gate emissions,Indirect emissions (N2O),kilotonnes,0.2638,0.2794,0.259,0.262,0.2852,0.3044,0.3367,0.3417,0.3801,0.4122,0.4715,0.517,0.5451,0.6581,0.6216,0.6001,0.7183,0.864,0.8764,0.7835,0.7554
Burundi,Farm-gate emissions,Emissions (N2O),kilotonnes,1.9146,1.9361,1.891,1.9058,1.9969,2.0489,2.1745,2.2075,2.357,2.5253,2.7821,2.9979,3.1118,3.5897,3.5855,3.4838,3.9437,4.6287,4.7929,4.2911,4.0974
Burundi,Farm-gate emissions,Emissions (CO2),kilotonnes,3149.3733,3139.7805,3139.7323,3134.1874,3125.4629,3130.2082,3138.4528,3137.8559,3140.7174,3138.2002,3149.8222,3155.0804,3150.8287,3149.0442,3150.1689,3151.8435,3128.7183,3125.5006,3123.9859,3090.0546,3081.6168
Burundi,Farm-gate emissions,Emissions (CO2eq) from CH4 (AR5),kilotonnes,573.668,590.5464,572.6659,592.8583,629.3434,663.2464,722.7153,764.2697,826.2354,910.4688,1022.5058,1114.2448,1115.4452,1335.8119,1291.3666,1283.2256,1466.1385,1783.3396,1782.1643,1510.7118,1390.4927
Burundi,Farm-gate emissions,Emissions (CO2eq) from N2O (AR5),kilotonnes,507.3815,513.0676,501.1196,505.0436,529.1917,542.9464,576.2462,584.9807,624.6033,669.2163,737.2502,794.4497,824.6145,951.2619,950.1648,923.1942,1045.0865,1226.607,1270.1143,1137.147,1085.8092
Burundi,Farm-gate emissions,Emissions (CO2eq) (AR5),kilotonnes,4230.4229,4243.3946,4213.5177,4232.0894,4283.9981,4336.401,4437.4144,4487.1063,4591.5561,4717.8853,4909.5783,5063.7748,5090.8883,5436.118,5391.7003,5358.2633,5639.9434,6135.4472,6176.2645,5737.9134,5557.9187
Burundi,Land Use change,Emissions (CH4),kilotonnes,0.0504,0.0106,0.0133,0.0027,0.0027,0,0,0,0,0,0,0,0,0,0,0,0,0,0,0,0
Burundi,Land Use change,Emissions (N2O),kilotonnes,0.0015,0.001,0.0012,0.0002,0.0002,0,0,0,0,0,0,0,0,0,0,0,0,0,0,0,0
Burundi,Land Use change,Emissions (CO2),kilotonnes,2077.972,0,0,0,0,0,0,0,0,0,0,0,0,0,0,0,0,0,0,0,0
Burundi,Land Use change,Emissions (CO2eq) from CH4 (AR5),kilotonnes,1.411,0.2978,0.3723,0.0745,0.0745,0,0,0,0,0,0,0,0,0,0,0,0,0,0,0,0
Burundi,Land Use change,Emissions (CO2eq) from N2O (AR5),kilotonnes,0.3927,0.2574,0.3217,0.0643,0.0643,0,0,0,0,0,0,0,0,0,0,0,0,0,0,0,0
Burundi,Land Use change,Emissions (CO2eq) (AR5),kilotonnes,2079.7758,0.5552,0.694,0.1388,0.1388,0,0,0,0,0,0,0,0,0,0,0,0,0,0,0,0
Burundi,Emissions on agricultural land,Emissions (CH4),kilotonnes,20.5385,21.1016,20.4656,21.1762,22.4792,23.6874,25.8113,27.2953,29.5084,32.5167,36.5181,39.7945,39.8373,47.7076,46.1202,45.8295,52.3621,63.6907,63.6487,53.954,49.6605
Burundi,Emissions on agricultural land,Emissions (N2O),kilotonnes,1.9161,1.9371,1.8922,1.9061,1.9972,2.0489,2.1745,2.2075,2.357,2.5253,2.7821,2.9979,3.1118,3.5897,3.5855,3.4838,3.9437,4.6287,4.7929,4.2911,4.0974
Burundi,Emissions on agricultural land,Emissions (CO2),kilotonnes,5227.3453,3139.7805,3139.7323,3134.1874,3125.4629,3130.2082,3138.4528,3137.8559,3140.7174,3138.2002,3149.8222,3155.0804,3150.8287,3149.0442,3150.1689,3151.8435,3128.7183,3125.5006,3123.9859,3090.0546,3081.6168
Burundi,Emissions on agricultural land,Emissions (CO2eq) from CH4 (AR5),kilotonnes,575.0791,590.8442,573.0382,592.9328,629.4179,663.2464,722.7153,764.2697,826.2354,910.4688,1022.5058,1114.2448,1115.4452,1335.8119,1291.3666,1283.2256,1466.1385,1783.3396,1782.1643,1510.7118,1390.4927
Burundi,Emissions on agricultural land,Emissions (CO2eq) from N2O (AR5),kilotonnes,507.7742,513.325,501.4413,505.108,529.2561,542.9464,576.2462,584.9807,624.6033,669.2163,737.2502,794.4497,824.6145,951.2619,950.1648,923.1942,1045.0865,1226.607,1270.1143,1137.147,1085.8092
Burundi,Emissions on agricultural land,Emissions (CO2eq) (AR5),kilotonnes,6310.1987,4243.9498,4214.2117,4232.2282,4284.1369,4336.401,4437.4144,4487.1063,4591.5561,4717.8853,4909.5783,5063.7748,5090.8883,5436.118,5391.7003,5358.2633,5639.9434,6135.4472,6176.2645,5737.9134,5557.9187
Burundi,Pre- and post- production,Emissions (CH4),kilotonnes,35.547,36.6213,37.3105,37.3512,37.3834,38.0485,38.9475,39.6361,40.4625,41.2142,41.9899,42.7453,43.4413,44.205,44.9185,45.6204,46.2858,46.9764,47.6539,48.3355,49.0054
Burundi,Pre- and post- production,Emissions (N2O),kilotonnes,0.0108,0.0138,0.0134,0.0087,0.002,0.0022,0.0029,0.0031,0.0028,0.0032,0.0034,0.0041,0.0034,0.0035,0.0034,0.0038,0.0035,0.0033,0.0032,0.0033,0.0033
Burundi,Pre- and post- production,Emissions (CO2),kilotonnes,61.2125,56.6648,52.1709,32.2646,19.9983,19.347,24.0151,31.9685,25.6409,27.5427,32.5997,39.3561,40.0143,41.8515,33.1847,40.6642,45.5159,37.743,40.5205,42.8896,38.3147
Burundi,Pre- and post- production,Emissions (CO2eq) from CH4 (AR5),kilotonnes,995.3165,1025.3971,1044.6953,1045.8334,1046.7344,1065.3573,1090.5311,1109.8116,1132.9502,1153.9987,1175.7173,1196.8691,1216.3563,1237.7395,1257.7189,1277.3718,1296.003,1315.3397,1334.3092,1353.3942,1372.1502
Burundi,Pre- and post- production,Emissions (CO2eq) from N2O (AR5),kilotonnes,2.8555,3.67,3.5382,2.3052,0.5259,0.5762,0.7675,0.8181,0.7538,0.8569,0.9013,1.0973,0.9021,0.9368,0.892,1.0181,0.9323,0.8729,0.8401,0.8867,0.8686
Burundi,Pre- and post- production,Emissions (CO2eq) (AR5),kilotonnes,1059.3845,1085.7319,1100.4044,1080.4031,1067.2586,1085.2804,1115.3137,1142.5981,1159.3449,1182.3983,1209.2184,1237.3225,1257.2727,1280.5277,1291.7956,1319.0541,1342.4512,1353.9556,1375.6698,1397.1705,1411.3335
Burundi,Agri-food systems,Emissions (CH4),kilotonnes,56.0856,57.7229,57.7762,58.5274,59.8626,61.7358,64.7588,66.9315,69.9709,73.731,78.508,82.5398,83.2786,91.9125,91.0388,91.4499,98.6479,110.6671,111.3026,102.2895,98.6658
Burundi,Agri-food systems,Emissions (N2O),kilotonnes,1.9269,1.9509,1.9056,1.9148,1.9992,2.051,2.1774,2.2106,2.3598,2.5286,2.7855,3.0021,3.1152,3.5932,3.5889,3.4876,3.9472,4.632,4.7961,4.2945,4.1007
Burundi,Agri-food systems,Emissions (CO2),kilotonnes,5288.5579,3196.4453,3191.9032,3166.452,3145.4612,3149.5552,3162.4679,3169.8244,3166.3583,3165.7429,3182.4219,3194.4365,3190.843,3190.8957,3183.3536,3192.5077,3174.2342,3163.2436,3164.5064,3132.9442,3119.9316
Burundi,Agri-food systems,Emissions (CO2eq) from CH4 (AR5),kilotonnes,1570.3956,1616.2413,1617.7335,1638.7662,1676.1523,1728.6037,1813.2464,1874.0812,1959.1857,2064.4675,2198.2232,2311.1139,2331.8015,2573.5513,2549.0855,2560.5974,2762.1415,3098.6793,3116.4735,2864.106,2762.6428
Burundi,Agri-food systems,Emissions (CO2eq) from N2O (AR5),kilotonnes,510.6297,516.995,504.9795,507.4131,529.782,543.5226,577.0137,585.7988,625.357,670.0732,738.1515,795.547,825.5165,952.1987,951.0568,924.2123,1046.0188,1227.4799,1270.9544,1138.0337,1086.6778
Burundi,Agri-food systems,Emissions (CO2eq) (AR5),kilotonnes,7369.5831,5329.6816,5314.6162,5312.6313,5351.3955,5421.6815,5552.7281,5629.7044,5750.901,5900.2837,6118.7967,6301.0973,6348.161,6716.6457,6683.4959,6677.3174,6982.3945,7489.4028,7551.9343,7135.084,6969.2522
Burundi,IPCC Agriculture,Emissions (CH4),kilotonnes,20.4317,21.043,20.4045,21.1355,22.4393,23.6517,25.7688,27.2494,29.4584,32.4685,36.4419,39.7021,39.7535,47.6258,46.0428,45.7459,52.2598,63.5722,63.4992,53.7901,49.4966
Burundi,IPCC Agriculture,Emissions (CH4),kilotonnes,,,,,,19.444,,,,,34.5722,,,,,16.7498,,,,,
Burundi,IPCC Agriculture,Direct emissions (N2O),kilotonnes,0.9187,0.9651,0.8942,0.9147,0.9809,1.0276,1.1245,1.1661,1.2568,1.3842,1.5569,1.7132,1.7499,2.1093,2.0799,2.0044,2.3256,2.8478,2.9249,2.5061,2.3334
Burundi,IPCC Agriculture,Indirect emissions (N2O),kilotonnes,0.2638,0.2794,0.259,0.262,0.2852,0.3044,0.3367,0.3417,0.3801,0.4122,0.4715,0.517,0.5451,0.6581,0.6216,0.6001,0.7183,0.864,0.8764,0.7835,0.7554
Burundi,IPCC Agriculture,Emissions (N2O),kilotonnes,1.9144,1.9359,1.8908,1.9056,1.9968,2.0487,2.1743,2.2072,2.3567,2.5251,2.7817,2.9975,3.1113,3.5893,3.5851,3.4833,3.9432,4.6281,4.7921,4.2903,4.0966
Burundi,IPCC Agriculture,Emissions (N2O),kilotonnes,,,,,,0.0956,,,,,0.1803,,,,,0.149,,,,,
Burundi,IPCC Agriculture,Emissions (CO2eq) from CH4 (AR5),kilotonnes,572.0864,589.2028,571.3247,591.793,628.3005,662.2486,721.5265,762.9837,824.8358,909.1191,1020.373,1111.6578,1113.098,1333.5223,1289.1984,1280.8858,1463.2742,1780.0205,1777.9786,1506.1227,1385.9035
Burundi,IPCC Agriculture,Emissions (CO2eq) from CH4 (AR5),kilotonnes,,,,,,544.432,,,,,968.0216,,,,,468.9944,,,,,
Burundi,IPCC Agriculture,Emissions (CO2eq) from N2O (AR5),kilotonnes,507.3067,513.004,501.0561,504.9932,529.1424,542.8992,576.19,584.9199,624.537,669.1524,737.1493,794.3272,824.5034,951.1536,950.0622,923.0834,1044.951,1226.4499,1269.9163,1136.9299,1085.592
Burundi,IPCC Agriculture,Emissions (CO2eq) from N2O (AR5),kilotonnes,,,,,,25.334,,,,,47.7795,,,,,39.485,,,,,
Burundi,IPCC Agriculture,Emissions (CO2eq) (AR5),kilotonnes,1079.3931,1102.2068,1072.3808,1096.7862,1157.4428,1205.1478,1297.7165,1347.9035,1449.3728,1578.2715,1757.5223,1905.985,1937.6014,2284.6759,2239.2606,2203.9692,2508.2252,3006.4704,3047.8949,2643.0526,2471.4956
Burundi,IPCC Agriculture,Emissions (CO2eq) (AR5),kilotonnes,,,,,,569.766,,,,,1015.8011,,,,,508.4794,,,,,
Burundi,Agricultural Soils,Direct emissions (N2O),kilotonnes,0.9187,0.9651,0.8942,0.9147,0.9809,1.0276,1.1245,1.1661,1.2568,1.3842,1.5569,1.7132,1.7499,2.1093,2.0799,2.0044,2.3256,2.8478,2.9249,2.5061,2.3334
Burundi,Agricultural Soils,Indirect emissions (N2O),kilotonnes,0.2638,0.2794,0.259,0.262,0.2852,0.3044,0.3367,0.3417,0.3801,0.4122,0.4715,0.517,0.5451,0.6581,0.6216,0.6001,0.7183,0.864,0.8764,0.7835,0.7554
Burundi,Agricultural Soils,Emissions (N2O),kilotonnes,1.7628,1.8237,1.7324,1.7556,1.8435,1.9102,2.0404,2.0867,2.2159,2.375,2.6074,2.8092,2.8737,3.3459,3.2804,3.1834,3.6181,4.2846,4.3724,3.8554,3.6528
Burundi,Agricultural Soils,Emissions (N2O),kilotonnes,,,,,,,,,,,,,,,,,,,,,
Burundi,Agricultural Soils,Emissions (CO2eq) from N2O (AR5),kilotonnes,467.1536,483.2775,459.0883,465.2224,488.5224,506.2025,540.71,552.9823,587.2036,629.3653,690.9666,744.4372,761.5431,886.6766,869.3049,843.5923,958.799,1135.4086,1158.6812,1021.6779,968.0024
Burundi,Agricultural Soils,Emissions (CO2eq) from N2O (AR5),kilotonnes,,,,,,,,,,,,,,,,,,,,,
Burundi,Agricultural Soils,Emissions (CO2eq) (AR5),kilotonnes,467.1536,483.2775,459.0883,465.2224,488.5224,506.2025,540.71,552.9823,587.2036,629.3653,690.9666,744.4372,761.5431,886.6766,869.3049,843.5923,958.799,1135.4086,1158.6812,1021.6779,968.0024
Burundi,Agricultural Soils,Emissions (CO2eq) (AR5),kilotonnes,,,,,,,,,,,,,,,,,,,,,
Burundi,LULUCF,Emissions (CH4),kilotonnes,0.4592,0.0156,0.0455,0.0101,0.0274,0.0124,0.0372,0.0322,0.0124,0.0099,0.3121,0.005,0.0124,0.1363,0,0.0124,0,0,0.0025,0.0173,0.0595
Burundi,LULUCF,Emissions (CH4),kilotonnes,,,,,,,,,,,2.6783,,,,,0.6091,,,,,
Burundi,LULUCF,Emissions (N2O),kilotonnes,0.0135,0.0014,0.0042,0.0009,0.0025,0.0011,0.0034,0.0029,0.0011,0.0009,0.0285,0.0005,0.0011,0.0124,0,0.0011,0,0,0.0002,0.0016,0.0054
Burundi,LULUCF,Emissions (N2O),kilotonnes,,,,,,0.0843,,,,,1.7009,,,,,0.1632,,,,,
Burundi,LULUCF,Emissions (CO2),kilotonnes,5208.1109,3124.6486,3124.628,3122.1898,3113.7168,3118.9704,3125.0648,3123.3732,3124.955,3122.9997,3125.8025,-1817.8758,-1819.4264,-1820.5619,-1818.0701,-1818.3289,3096.4616,3088.1214,3076.8477,3038.3723,3029.9346
Burundi,LULUCF,Emissions (CO2),kilotonnes,,,,,,-4371.4757,,,,,-2249.9677,,,,,-1348.3448,,,,,
Burundi,LULUCF,Emissions (CO2eq) from CH4 (AR5),kilotonnes,12.8584,0.4366,1.274,0.2826,0.7681,0.3468,1.0405,0.9017,0.3468,0.2775,8.7398,0.1387,0.3468,3.815,0,0.3468,0,0,0.0694,0.4856,1.6647
Burundi,LULUCF,Emissions (CO2eq) from N2O (AR5),kilotonnes,3.5794,0.3773,1.1009,0.2442,0.6637,0.2997,0.8991,0.7792,0.2997,0.2398,7.5523,0.1199,0.2997,3.2967,0,0.2997,0,0,0.0599,0.4196,1.4386
Burundi,LULUCF,Emissions (CO2eq) (AR5),kilotonnes,5224.5487,3125.4625,3127.003,3122.7165,3115.1487,3119.6169,3127.0044,3125.0542,3125.6015,3123.5169,3142.0947,-1817.6172,-1818.7798,-1813.4503,-1818.0701,-1817.6824,3096.4616,3088.1214,3076.977,3039.2774,3033.0379
Burundi,LULUCF,Emissions (CO2eq) (AR5),kilotonnes,,,,,,-4371.4757,,,,,-2249.9677,,,,,-1348.3448,,,,,
Burundi,AFOLU,Emissions (CH4),kilotonnes,20.8909,21.0585,20.45,21.1456,22.4667,23.6641,25.806,27.2816,29.4708,32.4784,36.754,39.707,39.7659,47.762,46.0428,45.7583,52.2598,63.5722,63.5017,53.8074,49.556
Burundi,AFOLU,Emissions (N2O),kilotonnes,1.9279,1.9373,1.8949,1.9066,1.9993,2.0498,2.1777,2.2102,2.3579,2.526,2.8102,2.9979,3.1125,3.6017,3.5851,3.4845,3.9432,4.6281,4.7924,4.2919,4.102
Burundi,AFOLU,Emissions (CO2),kilotonnes,5208.1109,3124.6486,3124.628,3122.1898,3113.7168,3118.9704,3125.0648,3123.3732,3124.955,3122.9997,3125.8025,-1817.8758,-1819.4264,-1820.5619,-1818.0701,-1818.3289,3096.4616,3088.1214,3076.8477,3038.3723,3029.9346
Burundi,AFOLU,Emissions (CO2eq) from CH4 (AR5),kilotonnes,584.9448,589.6393,572.5987,592.0756,629.0686,662.5954,722.567,763.8854,825.1826,909.3965,1029.1128,1111.7965,1113.4448,1337.3373,1289.1984,1281.2326,1463.2742,1780.0205,1778.048,1506.6082,1387.5683
Burundi,AFOLU,Emissions (CO2eq) from N2O (AR5),kilotonnes,510.886,513.3813,502.157,505.2374,529.8061,543.1989,577.0891,585.6991,624.8367,669.3922,744.7016,794.4471,824.8031,954.4502,950.0622,923.3831,1044.951,1226.4499,1269.9762,1137.3495,1087.0306
Burundi,AFOLU,Emissions (CO2eq) (AR5),kilotonnes,6303.9417,4227.6693,4199.3838,4219.5027,4272.5915,4324.7647,4424.7208,4472.9577,4574.9743,4701.7884,4899.617,88.3678,118.8215,471.2256,421.1905,386.2868,5604.6868,6094.5918,6124.8719,5682.33,5504.5334
Burundi,All sectors with LULUCF,Emissions (CH4),kilotonnes,74.1909,84.2585,85.25,87.4456,90.4667,93.4641,97.506,100.9816,105.3708,110.5784,117.154,122.007,110.6659,130.562,129.9428,131.4583,139.8598,154.1722,156.6017,146.4074,143.756
Burundi,All sectors with LULUCF,Emissions (N2O),kilotonnes,2.5409,2.7394,2.714,2.7426,2.8613,2.9309,3.0838,3.1543,3.313,3.5081,3.8203,4.04,3.8916,4.4488,4.4322,4.3556,4.8403,5.5352,5.7155,5.185,4.9941
Burundi,All sectors with LULUCF,Emissions (CO2),kilotonnes,5504.0109,3354.8486,3359.428,3305.3898,3334.9168,3296.8704,3332.8648,3354.3732,3360.855,3319.7997,3449.9025,-1430.6758,-1400.3264,-1380.6619,-1404.8701,-1380.8289,3584.2616,3664.8214,3704.1477,3644.9723,3582.7346
Burundi,All sectors with LULUCF,Emissions (CO2eq) from CH4 (AR5),kilotonnes,2077.3448,2359.2393,2386.9987,2448.4756,2533.0686,2616.9954,2730.167,2827.4854,2950.3826,3096.1965,3280.3128,3416.1965,3098.6448,3655.7373,3638.3984,3680.8326,3916.0742,4316.8205,4384.848,4099.4082,4025.1683
Burundi,All sectors with LULUCF,Emissions (CO2eq) from N2O (AR5),kilotonnes,673.3497,725.9304,719.2117,726.7976,758.257,776.6855,817.2014,835.8822,877.9357,929.6469,1012.3772,1070.6035,1031.2654,1178.9333,1174.5461,1154.2278,1282.6867,1466.8367,1514.6038,1374.0276,1323.4445
Burundi,All sectors with LULUCF,Emissions (CO2eq) (AR5),kilotonnes,8254.7054,6440.0184,6465.6384,6480.663,6626.2424,6690.5514,6880.2332,7017.7408,7189.1732,7345.6432,7742.5925,3056.1241,2729.5838,3454.0087,3408.0744,3454.2315,8783.0226,9448.4786,9603.5995,9118.4081,8931.3473
Burundi,All sectors without LULUCF,Emissions (CH4),kilotonnes,73.7317,84.243,85.2045,87.4355,90.4393,93.4517,97.4688,100.9494,105.3584,110.5685,116.8419,122.0021,110.6535,130.4258,129.9428,131.4459,139.8598,154.1722,156.5992,146.3901,143.6966
Burundi,All sectors without LULUCF,Emissions (N2O),kilotonnes,2.5274,2.7379,2.7099,2.7417,2.8588,2.9298,3.0804,3.1513,3.3118,3.5072,3.7918,4.0396,3.8904,4.4364,4.4322,4.3544,4.8403,5.5352,5.7153,5.1834,4.9887
Burundi,All sectors without LULUCF,Emissions (CO2),kilotonnes,295.9,230.2,234.8,183.2,221.2,177.9,207.8,231,235.9,196.8,324.1,387.2,419.1,439.9,413.2,437.5,487.8,576.7,627.3,606.6,552.8
Burundi,All sectors without LULUCF,Emissions (CO2eq) from CH4 (AR5),kilotonnes,2064.4864,2358.8028,2385.7247,2448.193,2532.3005,2616.6486,2729.1265,2826.5837,2950.0358,3095.9191,3271.573,3416.0578,3098.298,3651.9223,3638.3984,3680.4858,3916.0742,4316.8205,4384.7786,4098.9227,4023.5035
Burundi,All sectors without LULUCF,Emissions (CO2eq) from N2O (AR5),kilotonnes,669.7703,725.5531,718.1108,726.5535,757.5933,776.3858,816.3023,835.103,877.636,929.4072,1004.8248,1070.4836,1030.9657,1175.6367,1174.5461,1153.9281,1282.6867,1466.8367,1514.5439,1373.608,1322.0059
Burundi,All sectors without LULUCF,Emissions (CO2eq) (AR5),kilotonnes,3030.1567,3314.5559,3338.6355,3357.9465,3511.0938,3570.9344,3753.2289,3892.6867,4063.5717,4222.1262,4600.4978,4873.7414,4548.3637,5267.4589,5226.1445,5271.9139,5686.561,6360.3572,6526.6225,6079.1307,5898.3095
Cabo Verde,Crop Residues,Direct emissions (N2O),kilotonnes,0.005,0.0045,0.003,0.0037,0.003,0.0016,0.0028,0.0025,0.0034,0.0031,0.0031,0.003,0.003,0.0031,0.0023,0.0032,0.0029,0.0022,0.0023,0.002,0.002
Cabo Verde,Crop Residues,Indirect emissions (N2O),kilotonnes,0.0011,0.001,0.0007,0.0008,0.0007,0.0003,0.0006,0.0006,0.0008,0.0007,0.0007,0.0007,0.0007,0.0007,0.0005,0.0007,0.0007,0.0005,0.0005,0.0005,0.0004
Cabo Verde,Crop Residues,Emissions (N2O),kilotonnes,0.0061,0.0055,0.0037,0.0045,0.0037,0.0019,0.0035,0.0031,0.0041,0.0038,0.0038,0.0037,0.0037,0.0038,0.0028,0.004,0.0035,0.0027,0.0029,0.0025,0.0024
Cabo Verde,Crop Residues,Emissions (CO2eq) from N2O (AR5),kilotonnes,1.6244,1.4452,0.969,1.1956,0.982,0.5048,0.9164,0.8143,1.0933,1.0152,1.0142,0.968,0.9753,1.0093,0.7534,1.0481,0.9386,0.7271,0.7623,0.6511,0.6426
Cabo Verde,Crop Residues,Emissions (CO2eq) (AR5),kilotonnes,1.6244,1.4452,0.969,1.1956,0.982,0.5048,0.9164,0.8143,1.0933,1.0152,1.0142,0.968,0.9753,1.0093,0.7534,1.0481,0.9386,0.7271,0.7623,0.6511,0.6426
Cabo Verde,Burning - Crop residues,Emissions (CH4),kilotonnes,0.085,0.0852,0.0946,0.089,0.0725,0.043,0.0816,0.0777,0.0952,0.0886,0.0886,0.0868,0.0848,0.0879,0.0861,0.087,0.0885,0.0897,0.0911,0.08,0.08
Cabo Verde,Burning - Crop residues,Emissions (CH4),kilotonnes,0.004,,,,,,,,,,,,,,,,,,,,
Cabo Verde,Burning - Crop residues,Emissions (N2O),kilotonnes,0.0022,0.0022,0.0025,0.0023,0.0019,0.0011,0.0021,0.002,0.0025,0.0023,0.0023,0.0023,0.0022,0.0023,0.0022,0.0023,0.0023,0.0023,0.0024,0.0021,0.0021
Cabo Verde,Burning - Crop residues,Emissions (CO2eq) from CH4 (AR5),kilotonnes,2.3792,2.3858,2.6474,2.4908,2.0291,1.2028,2.2848,2.176,2.6658,2.4808,2.4804,2.4305,2.3754,2.462,2.41,2.4363,2.4773,2.5116,2.5509,2.2396,2.2396
Cabo Verde,Burning - Crop residues,Emissions (CO2eq) from CH4 (AR5),kilotonnes,0.112,,,,,,,,,,,,,,,,,,,,
Cabo Verde,Burning - Crop residues,Emissions (CO2eq) from N2O (AR5),kilotonnes,0.5838,0.5854,0.6496,0.6112,0.4979,0.2951,0.5606,0.5339,0.6541,0.6087,0.6086,0.5964,0.5829,0.6041,0.5913,0.5978,0.6078,0.6163,0.6259,0.5495,0.5495
Cabo Verde,Burning - Crop residues,Emissions (CO2eq) (AR5),kilotonnes,2.963,2.9712,3.297,3.1019,2.527,1.4979,2.8454,2.7099,3.32,3.0895,3.089,3.0269,2.9582,3.066,3.0013,3.0341,3.0851,3.1278,3.1768,2.7892,2.7892
Cabo Verde,Burning - Crop residues,Emissions (CO2eq) (AR5),kilotonnes,0.112,,,,,,,,,,,,,,,,,,,,
Cabo Verde,Enteric Fermentation,Emissions (CH4),kilotonnes,1.7258,1.6742,1.7237,1.6899,1.92,1.9307,1.8275,1.7432,1.7092,1.8781,1.9829,2.017,2.0455,2.0746,2.1113,2.144,2.1772,1.8754,1.8741,1.889,2.0282
Cabo Verde,Enteric Fermentation,Emissions (CH4),kilotonnes,1.767,,,,,,,,,,,,,,,,,,,,
Cabo Verde,Enteric Fermentation,Emissions (CO2eq) from CH4 (AR5),kilotonnes,48.3216,46.8769,48.2635,47.3168,53.7598,54.0592,51.1704,48.8109,47.8583,52.5855,55.5222,56.4769,57.2748,58.0899,59.1173,60.0309,60.9625,52.5109,52.4746,52.8916,56.7898
Cabo Verde,Enteric Fermentation,Emissions (CO2eq) from CH4 (AR5),kilotonnes,49.476,,,,,,,,,,,,,,,,,,,,
Cabo Verde,Enteric Fermentation,Emissions (CO2eq) (AR5),kilotonnes,48.3216,46.8769,48.2635,47.3168,53.7598,54.0592,51.1704,48.8109,47.8583,52.5855,55.5222,56.4769,57.2748,58.0899,59.1173,60.0309,60.9625,52.5109,52.4746,52.8916,56.7898
Cabo Verde,Enteric Fermentation,Emissions (CO2eq) (AR5),kilotonnes,49.476,,,,,,,,,,,,,,,,,,,,
Cabo Verde,Manure Management,Emissions (CH4),kilotonnes,0.2513,0.2179,0.2129,0.2064,0.2067,0.1978,0.1882,0.177,0.1707,0.1806,0.1813,0.1719,0.1757,0.18,0.1796,0.1823,0.1837,0.1536,0.1536,0.1562,0.162
Cabo Verde,Manure Management,Emissions (CH4),kilotonnes,0.15,,,,,,,,,,,,,,,,,,,,
Cabo Verde,Manure Management,Emissions (N2O),kilotonnes,0.0824,0.0675,0.0652,0.0627,0.0603,0.0572,0.0547,0.05,0.0482,0.0467,0.045,0.0376,0.038,0.0385,0.0388,0.0392,0.0396,0.0307,0.0306,0.0316,0.0322
Cabo Verde,Manure Management,Emissions (CO2eq) from CH4 (AR5),kilotonnes,7.0363,6.1017,5.9617,5.7804,5.7882,5.5396,5.2704,4.9556,4.7799,5.0572,5.0765,4.8137,4.9189,5.0395,5.0283,5.1052,5.1426,4.3021,4.2996,4.3726,4.5352
Cabo Verde,Manure Management,Emissions (CO2eq) from CH4 (AR5),kilotonnes,4.2,,,,,,,,,,,,,,,,,,,,
Cabo Verde,Manure Management,Emissions (CO2eq) from N2O (AR5),kilotonnes,21.8458,17.8977,17.2715,16.6046,15.9757,15.1475,14.4837,13.2371,12.7646,12.3873,11.9336,9.9668,10.0816,10.1987,10.2841,10.3913,10.4893,8.1348,8.1199,8.3675,8.5392
Cabo Verde,Manure Management,Emissions (CO2eq) (AR5),kilotonnes,28.8821,23.9994,23.2332,22.385,21.764,20.6872,19.7541,18.1927,17.5445,17.4446,17.0101,14.7805,15.0005,15.2382,15.3124,15.4966,15.6319,12.4369,12.4195,12.7401,13.0744
Cabo Verde,Manure Management,Emissions (CO2eq) (AR5),kilotonnes,4.2,,,,,,,,,,,,,,,,,,,,
Cabo Verde,Manure left on Pasture,Direct emissions (N2O),kilotonnes,0.0684,0.0676,0.0693,0.068,0.0773,0.076,0.0705,0.0689,0.0664,0.0789,0.0847,0.0896,0.0919,0.0944,0.0948,0.0966,0.0978,0.083,0.0828,0.0835,0.0902
Cabo Verde,Manure left on Pasture,Indirect emissions (N2O),kilotonnes,0.0215,0.0214,0.0218,0.0216,0.0254,0.0242,0.0218,0.0218,0.0203,0.0247,0.0277,0.0297,0.0305,0.0312,0.0316,0.0323,0.0328,0.0248,0.0248,0.0251,0.0278
Cabo Verde,Manure left on Pasture,Emissions (N2O),kilotonnes,0.0899,0.089,0.0911,0.0895,0.1027,0.1003,0.0923,0.0907,0.0868,0.1036,0.1124,0.1193,0.1224,0.1256,0.1264,0.1289,0.1306,0.1079,0.1075,0.1086,0.1181
Cabo Verde,Manure left on Pasture,Emissions (CO2eq) from N2O (AR5),kilotonnes,23.8189,23.5783,24.142,23.7301,27.2208,26.569,24.4556,24.0429,22.9908,27.4512,29.7895,31.6088,32.4258,33.2819,33.5049,34.1641,34.6222,28.5834,28.4971,28.7708,31.2858
Cabo Verde,Manure left on Pasture,Emissions (CO2eq) (AR5),kilotonnes,23.8189,23.5783,24.142,23.7301,27.2208,26.569,24.4556,24.0429,22.9908,27.4512,29.7895,31.6088,32.4258,33.2819,33.5049,34.1641,34.6222,28.5834,28.4971,28.7708,31.2858
Cabo Verde,Manure applied to Soils,Direct emissions (N2O),kilotonnes,0.0435,0.0358,0.0347,0.0333,0.0323,0.0307,0.0291,0.0267,0.0257,0.0255,0.0248,0.0212,0.0216,0.0219,0.022,0.0223,0.0225,0.0176,0.0175,0.018,0.0185
Cabo Verde,Manure applied to Soils,Indirect emissions (N2O),kilotonnes,0.0185,0.0152,0.0148,0.0142,0.0137,0.013,0.0123,0.0114,0.0109,0.0109,0.0105,0.009,0.0092,0.0093,0.0094,0.0095,0.0096,0.0075,0.0075,0.0077,0.0079
Cabo Verde,Manure applied to Soils,Emissions (N2O),kilotonnes,0.062,0.0511,0.0495,0.0475,0.046,0.0437,0.0414,0.0381,0.0367,0.0364,0.0353,0.0303,0.0307,0.0312,0.0314,0.0318,0.032,0.0251,0.025,0.0257,0.0264
Cabo Verde,Manure applied to Soils,Emissions (CO2eq) from N2O (AR5),kilotonnes,16.4313,13.5307,13.1209,12.5772,12.2008,11.5919,10.9704,10.0864,9.713,9.6432,9.3626,8.0201,8.1467,8.2778,8.3222,8.4216,8.4926,6.6432,6.625,6.8131,6.9944
Cabo Verde,Manure applied to Soils,Emissions (CO2eq) (AR5),kilotonnes,16.4313,13.5307,13.1209,12.5772,12.2008,11.5919,10.9704,10.0864,9.713,9.6432,9.3626,8.0201,8.1467,8.2778,8.3222,8.4216,8.4926,6.6432,6.625,6.8131,6.9944
Cabo Verde,Drained organic soils,Emissions (CO2eq) (AR5),kilotonnes,0,0,0,0,0,0,0,0,0,0,0,0,0,0,0,0,0,0,0,0,0
Cabo Verde,Drained organic soils (CO2),Emissions (CO2),kilotonnes,0,0,0,0,0,0,0,0,0,0,0,0,0,0,0,0,0,0,0,0,0
Cabo Verde,Drained organic soils (CO2),Emissions (CO2eq) (AR5),kilotonnes,0,0,0,0,0,0,0,0,0,0,0,0,0,0,0,0,0,0,0,0,0
Cabo Verde,Drained organic soils (N2O),Emissions (N2O),kilotonnes,0,0,0,0,0,0,0,0,0,0,0,0,0,0,0,0,0,0,0,0,0
Cabo Verde,Drained organic soils (N2O),Emissions (CO2eq) from N2O (AR5),kilotonnes,0,0,0,0,0,0,0,0,0,0,0,0,0,0,0,0,0,0,0,0,0
Cabo Verde,Drained organic soils (N2O),Emissions (CO2eq) (AR5),kilotonnes,0,0,0,0,0,0,0,0,0,0,0,0,0,0,0,0,0,0,0,0,0
Cabo Verde,On-farm energy use,Emissions (CH4),kilotonnes,0.0026,0.0029,0.0029,0.0028,0.0029,0.0032,0.0036,0.0034,0.0033,0.0033,0.0032,0.0033,0.0033,0.0033,0.0035,0.0037,0.004,0.0042,0.0044,0.0046,0.0046
Cabo Verde,On-farm energy use,Emissions (N2O),kilotonnes,0.0033,0.0032,0.0033,0.0041,0.0044,0.0075,0.008,0.007,0.0055,0.005,0.0049,0.0051,0.0044,0.004,0.004,0.004,0.0046,0.0051,0.0052,0.0054,0.0054
Cabo Verde,On-farm energy use,Emissions (CO2),kilotonnes,15.4568,15.98,16.4792,18.7739,19.8684,28.2332,29.225,28.3236,24.5877,23.639,23.0709,23.7897,22.0097,21.2376,21.6494,22.2683,24.4379,26.0346,26.715,27.7414,27.7414
Cabo Verde,On-farm energy use,Emissions (CO2eq) from CH4 (AR5),kilotonnes,0.0735,0.0809,0.0814,0.0788,0.081,0.0909,0.1003,0.0965,0.0922,0.0914,0.0902,0.0932,0.0915,0.0928,0.098,0.1035,0.1121,0.1189,0.1237,0.1288,0.1288
Cabo Verde,On-farm energy use,Emissions (CO2eq) from N2O (AR5),kilotonnes,0.8726,0.8401,0.8858,1.0739,1.178,1.9775,2.1082,1.8517,1.4489,1.3321,1.2896,1.3421,1.1633,1.0667,1.0641,1.0648,1.223,1.3583,1.38,1.4432,1.4432
Cabo Verde,On-farm energy use,Emissions (CO2eq) (AR5),kilotonnes,16.403,16.901,17.4465,19.9266,21.1274,30.3017,31.4335,30.2717,26.1288,25.0626,24.4507,25.2251,23.2644,22.3971,22.8114,23.4366,25.773,27.5119,28.2187,29.3135,29.3135
Cabo Verde,Forestland,Emissions (CO2),kilotonnes,-510.4909,-62.92,-62.92,-62.92,-62.92,-62.92,-62.92,-62.92,-62.92,-62.92,-62.92,-62.92,-62.92,-62.92,-62.92,-62.92,-62.92,-62.92,-62.92,-62.92,-62.92
Cabo Verde,Forestland,Emissions (CO2eq) (AR5),kilotonnes,-510.4909,-62.92,-62.92,-62.92,-62.92,-62.92,-62.92,-62.92,-62.92,-62.92,-62.92,-62.92,-62.92,-62.92,-62.92,-62.92,-62.92,-62.92,-62.92,-62.92,-62.92
Cabo Verde,Net Forest conversion,Emissions (CO2),kilotonnes,0,0,0,0,0,0,0,0,0,0,0,0,0,0,0,0,0,0,0,0,0
Cabo Verde,Net Forest conversion,Emissions (CO2eq) (AR5),kilotonnes,0,0,0,0,0,0,0,0,0,0,0,0,0,0,0,0,0,0,0,0,0
Cabo Verde,Savanna fires,Emissions (CH4),kilotonnes,0,0,0,0,0,0,0,0,0,0,0,0,0,0,0,0,0,0,0,0,0
Cabo Verde,Savanna fires,Emissions (N2O),kilotonnes,0,0,0,0,0,0,0,0,0,0,0,0,0,0,0,0,0,0,0,0,0
Cabo Verde,Savanna fires,Emissions (CO2eq) from CH4 (AR5),kilotonnes,0,0,0,0,0,0,0,0,0,0,0,0,0,0,0,0,0,0,0,0,0
Cabo Verde,Savanna fires,Emissions (CO2eq) from N2O (AR5),kilotonnes,0,0,0,0,0,0,0,0,0,0,0,0,0,0,0,0,0,0,0,0,0
Cabo Verde,Savanna fires,Emissions (CO2eq) (AR5),kilotonnes,0,0,0,0,0,0,0,0,0,0,0,0,0,0,0,0,0,0,0,0,0
Cabo Verde,Fires in organic soils,Emissions (CH4),kilotonnes,0,0,0,0,0,0,0,0,0,0,0,0,0,0,0,0,0,0,0,0,0
Cabo Verde,Fires in organic soils,Emissions (CO2),kilotonnes,0,0,0,0,0,0,0,0,0,0,0,0,0,0,0,0,0,0,0,0,0
Cabo Verde,Fires in organic soils,Emissions (CO2eq) from CH4 (AR5),kilotonnes,0,0,0,0,0,0,0,0,0,0,0,0,0,0,0,0,0,0,0,0,0
Cabo Verde,Fires in organic soils,Emissions (CO2eq) (AR5),kilotonnes,0,0,0,0,0,0,0,0,0,0,0,0,0,0,0,0,0,0,0,0,0
Cabo Verde,Forest fires,Emissions (CH4),kilotonnes,0,0,0,0,0,0,0,0,0,0,0,0,0,0,0,0,0,0,0,0,0
Cabo Verde,Forest fires,Emissions (N2O),kilotonnes,0,0,0,0,0,0,0,0,0,0,0,0,0,0,0,0,0,0,0,0,0
Cabo Verde,Forest fires,Emissions (CO2eq) from CH4 (AR5),kilotonnes,0,0,0,0,0,0,0,0,0,0,0,0,0,0,0,0,0,0,0,0,0
Cabo Verde,Forest fires,Emissions (CO2eq) from N2O (AR5),kilotonnes,0,0,0,0,0,0,0,0,0,0,0,0,0,0,0,0,0,0,0,0,0
Cabo Verde,Forest fires,Emissions (CO2eq) (AR5),kilotonnes,0,0,0,0,0,0,0,0,0,0,0,0,0,0,0,0,0,0,0,0,0
Cabo Verde,Fires in humid tropical forests,Emissions (CH4),kilotonnes,0,0,0,0,0,0,0,0,0,0,0,0,0,0,0,0,0,0,0,0,0
Cabo Verde,Fires in humid tropical forests,Emissions (N2O),kilotonnes,0,0,0,0,0,0,0,0,0,0,0,0,0,0,0,0,0,0,0,0,0
Cabo Verde,Fires in humid tropical forests,Emissions (CO2eq) from CH4 (AR5),kilotonnes,0,0,0,0,0,0,0,0,0,0,0,0,0,0,0,0,0,0,0,0,0
Cabo Verde,Fires in humid tropical forests,Emissions (CO2eq) from N2O (AR5),kilotonnes,0,0,0,0,0,0,0,0,0,0,0,0,0,0,0,0,0,0,0,0,0
Cabo Verde,Fires in humid tropical forests,Emissions (CO2eq) (AR5),kilotonnes,0,0,0,0,0,0,0,0,0,0,0,0,0,0,0,0,0,0,0,0,0
Cabo Verde,Waste - agri-food systems,Emissions (CH4),kilotonnes,3.104,3.1609,3.2138,3.2658,3.3166,3.3642,3.4101,3.4575,3.5035,3.5454,3.5846,3.605,3.6382,3.6719,3.6939,3.7203,3.7458,3.7706,3.7951,3.8193,3.8401
Cabo Verde,Waste - agri-food systems,Emissions (N2O),kilotonnes,0.0102,0.0101,0.0102,0.0107,0.0115,0.0117,0.0118,0.0124,0.0127,0.0128,0.0128,0.0132,0.0134,0.0139,0.0131,0.0135,0.0139,0.0138,0.0139,0.0141,0.0143
Cabo Verde,Waste - agri-food systems,Emissions (CO2),kilotonnes,0,0,0,0,0,0,0,0,0,0,0,0,0,0,0,0,0,0,0,0,0
Cabo Verde,Waste - agri-food systems,Emissions (CO2eq) from CH4 (AR5),kilotonnes,86.9118,88.5066,89.9862,91.4411,92.866,94.1982,95.4817,96.8102,98.0971,99.2714,100.37,100.939,101.8691,102.8137,103.4294,104.1676,104.8827,105.5765,106.2616,106.9406,107.5218
Cabo Verde,Waste - agri-food systems,Emissions (CO2eq) from N2O (AR5),kilotonnes,2.6993,2.6854,2.7124,2.8404,3.0485,3.1108,3.1362,3.2987,3.3536,3.4034,3.3975,3.4902,3.5564,3.6799,3.4697,3.5843,3.6843,3.6477,3.6921,3.7389,3.7849
Cabo Verde,Waste - agri-food systems,Emissions (CO2eq) (AR5),kilotonnes,89.6111,91.1919,92.6986,94.2816,95.9145,97.309,98.618,100.109,101.4506,102.6748,103.7675,104.4292,105.4255,106.4937,106.8991,107.7518,108.567,109.2242,109.9538,110.6795,111.3067
Cabo Verde,On-farm electricity use,Emissions (CH4),kilotonnes,0,0,0,0,0,0,0,0,0,0,0,0,0,0,0,0,0,0,0,0,0
Cabo Verde,On-farm electricity use,Emissions (N2O),kilotonnes,0,0,0,0,0,0,0,0,0,0,0,0,0,0,0,0,0,0,0,0,0
Cabo Verde,On-farm electricity use,Emissions (CO2),kilotonnes,0,0,0,0,0,0,0,0,0,0,0,0,0,0,0,0,0,0,0,0,0
Cabo Verde,On-farm electricity use,Emissions (CO2eq) from CH4 (AR5),kilotonnes,0,0,0,0,0,0,0,0,0,0,0,0,0,0,0,0,0,0,0,0,0
Cabo Verde,On-farm electricity use,Emissions (CO2eq) from N2O (AR5),kilotonnes,0,0,0,0,0,0,0,0,0,0,0,0,0,0,0,0,0,0,0,0,0
Cabo Verde,On-farm electricity use,Emissions (CO2eq) (AR5),kilotonnes,0,0,0,0,0,0,0,0,0,0,0,0,0,0,0,0,0,0,0,0,0
Cabo Verde,Food Processing,Emissions (CH4),kilotonnes,0.0006,0.0806,0.0725,0.0003,0.0002,0.0002,0.0017,0.0007,0.0008,0.001,0.0009,0.001,0.0011,0.0015,0.0016,0.0019,0.0022,0.0012,0.0014,0.0012,0.0012
Cabo Verde,Food Processing,Emissions (N2O),kilotonnes,0,0.0005,0.0005,0,0,0,0.0001,0,0,0.0001,0,0,0,0.0001,0.0001,0.0001,0.0001,0.0001,0.0001,0.0001,0.0001
Cabo Verde,Food Processing,Emissions (CO2),kilotonnes,0.738,37.2391,40.265,0.511,0.41,1.7588,8.0803,4.7775,4.942,18.0396,14.7402,17.1129,11.4676,18.1924,16.7565,16.4036,17.8343,16.3464,15.5959,15.5009,15.6651
Cabo Verde,Food Processing,Emissions (CO2eq) from CH4 (AR5),kilotonnes,0.0168,2.2568,2.03,0.0084,0.0056,0.0056,0.0476,0.0196,0.0224,0.028,0.0252,0.028,0.0308,0.042,0.0448,0.0532,0.0616,0.0336,0.0392,0.0336,0.0338
Cabo Verde,Food Processing,Emissions (CO2eq) from N2O (AR5),kilotonnes,0,0.1325,0.1325,0,0,0,0.0265,0,0,0.0265,0,0,0,0.0265,0.0265,0.0265,0.0265,0.0265,0.0265,0.0265,0.0268
Cabo Verde,Food Processing,Emissions (CO2eq) (AR5),kilotonnes,0.7548,39.6284,42.4275,0.5194,0.4156,1.7644,8.1544,4.7971,4.9644,18.0941,14.7654,17.1409,11.4984,18.2609,16.8278,16.4833,17.9224,16.4065,15.6616,15.561,15.7258
Cabo Verde,Food Packaging,Emissions (CH4),kilotonnes,0.0001,0.0001,0.0001,0.0001,0.0001,0.0001,0,0,0,0,0,0,0,0,0,0,0.0001,0.0001,0.0002,0.0001,0.0001
Cabo Verde,Food Packaging,Emissions (N2O),kilotonnes,0,0,0,0,0,0,0,0,0,0,0,0,0,0,0,0,0,0,0,0,0
Cabo Verde,Food Packaging,Emissions (CO2),kilotonnes,0.1692,0.1598,0.1967,0.1923,0.1926,0.2966,0.2811,0.2459,0.1704,0.2145,0.1441,0.1611,0.164,0.1964,0.1752,0.1808,0.2225,0.2528,0.6029,0.3227,0.3261
Cabo Verde,Food Packaging,Emissions (CO2eq) from CH4 (AR5),kilotonnes,0.0028,0.0028,0.0028,0.0028,0.0028,0.0028,0,0,0,0,0,0,0,0,0,0,0.0028,0.0028,0.0056,0.0028,0.0028
Cabo Verde,Food Packaging,Emissions (CO2eq) from N2O (AR5),kilotonnes,0,0,0,0,0,0,0,0,0,0,0,0,0,0,0,0,0,0,0,0,0
Cabo Verde,Food Packaging,Emissions (CO2eq) (AR5),kilotonnes,0.172,0.1626,0.1995,0.1951,0.1954,0.2994,0.2811,0.2459,0.1704,0.2145,0.1441,0.1611,0.164,0.1964,0.1752,0.1808,0.2253,0.2556,0.6085,0.3255,0.3289
Cabo Verde,Food Retail,Emissions (CH4),kilotonnes,0.0007,0.0008,0.0006,0.0009,0.001,0.0009,0.001,0.0036,0,0.0054,0.0059,0.0062,0.0066,0.0064,0.0078,0.008,0.0083,0.0091,0.0093,0.0081,0.0082
Cabo Verde,Food Retail,Emissions (N2O),kilotonnes,0,0,0,0,0,0,0,0,0,0,0,0,0,0,0,0,0,0,0,0,0
Cabo Verde,Food Retail,Emissions (CO2),kilotonnes,0.242,0.2853,0.2107,0.2935,0.3627,0.3491,0.3968,1.3379,2.0642,4.1507,4.358,4.4074,4.3908,4.225,4.8707,5.0707,5.3028,5.65,5.8069,5.3884,5.4455
Cabo Verde,Food Retail,Emissions (CO2eq) from CH4 (AR5),kilotonnes,0.0196,0.0224,0.0168,0.0252,0.028,0.0252,0.028,0.1008,0,0.1512,0.1652,0.1736,0.1848,0.1792,0.2184,0.224,0.2324,0.2548,0.2604,0.2268,0.2283
Cabo Verde,Food Retail,Emissions (CO2eq) from N2O (AR5),kilotonnes,0,0,0,0,0,0,0,0,0,0,0,0,0,0,0,0,0,0,0,0,0
Cabo Verde,Food Retail,Emissions (CO2eq) (AR5),kilotonnes,0.2616,0.3077,0.2275,0.3187,0.3907,0.3743,0.4248,1.4387,2.0642,4.3019,4.5232,4.581,4.5756,4.4042,5.0891,5.2947,5.5352,5.9048,6.0673,5.6152,5.6738
Cabo Verde,Food Household Consumption,Emissions (CH4),kilotonnes,0.0374,0.0426,0.0462,0.0489,0.0508,0.0528,0.0535,0.0529,0.0547,0.0446,0.0552,0.0586,0.0564,0.0608,0.0604,0.0623,0.0645,0.0709,0.0736,0.0736,0.0741
Cabo Verde,Food Household Consumption,Emissions (N2O),kilotonnes,0.0003,0.0003,0.0003,0.0003,0.0003,0.0004,0.0004,0.0004,0.0004,0.0003,0.0003,0.0004,0.0003,0.0003,0.0003,0.0003,0.0003,0.0003,0.0003,0.0003,0.0003
Cabo Verde,Food Household Consumption,Emissions (CO2),kilotonnes,25.453,29.0747,28.9918,30.6401,32.0299,36.1489,34.9007,37.6758,31.1793,27.5707,31.4656,31.5076,30.9344,33.3142,33.2008,34.4347,35.8646,38.2389,39.8217,39.8217,40.2437
Cabo Verde,Food Household Consumption,Emissions (CO2eq) from CH4 (AR5),kilotonnes,1.0472,1.1928,1.2936,1.3692,1.4224,1.4784,1.498,1.4812,1.5316,1.2488,1.5456,1.6408,1.5792,1.7024,1.6912,1.7444,1.806,1.9852,2.0608,2.0608,2.0748
Cabo Verde,Food Household Consumption,Emissions (CO2eq) from N2O (AR5),kilotonnes,0.0795,0.0795,0.0795,0.0795,0.0795,0.106,0.106,0.106,0.106,0.0795,0.0795,0.106,0.0795,0.0795,0.0795,0.0795,0.0795,0.0795,0.0795,0.0795,0.0803
Cabo Verde,Food Household Consumption,Emissions (CO2eq) (AR5),kilotonnes,26.5797,30.347,30.3649,32.0888,33.5318,37.7333,36.5047,39.263,32.8169,28.899,33.0907,33.2544,32.5931,35.0961,34.9715,36.2586,37.7501,40.3036,41.962,41.962,42.3988
Cabo Verde,Food Transport,Emissions (CH4),kilotonnes,0.0031,0.0034,0.0037,0.0037,0.004,0.0061,0.0065,0.0067,0.0068,0.0067,0.007,0.0088,0.0079,0.0083,0.0088,0.009,0.01,0.01,0.0105,0.0108,0.0109
Cabo Verde,Food Transport,Emissions (N2O),kilotonnes,0.0003,0.0004,0.0004,0.0004,0.0004,0.0006,0.0007,0.0007,0.0007,0.0007,0.0009,0.0011,0.001,0.0011,0.0012,0.0012,0.0013,0.0013,0.0013,0.0014,0.0014
Cabo Verde,Food Transport,Emissions (CO2),kilotonnes,14.0665,15.6205,17.4995,17.601,18.9545,30.3925,32.391,35.7275,36.4045,35.2725,37.38,43.6515,39.1897,40.4037,42.7818,43.8556,47.5576,47.7795,50.2248,53.4278,53.9939
Cabo Verde,Food Transport,Emissions (CO2eq) from CH4 (AR5),kilotonnes,0.0868,0.0952,0.1036,0.1036,0.112,0.1708,0.182,0.1876,0.1904,0.1876,0.196,0.2464,0.2212,0.2324,0.2464,0.252,0.28,0.28,0.294,0.3024,0.3045
Cabo Verde,Food Transport,Emissions (CO2eq) from N2O (AR5),kilotonnes,0.0795,0.106,0.106,0.106,0.106,0.159,0.1855,0.1855,0.1855,0.1855,0.2385,0.2915,0.265,0.2915,0.318,0.318,0.3445,0.3445,0.3445,0.371,0.375
Cabo Verde,Food Transport,Emissions (CO2eq) (AR5),kilotonnes,14.2328,15.8217,17.7091,17.8106,19.1725,30.7223,32.7585,36.1006,36.7804,35.6456,37.8145,44.1894,39.6759,40.9276,43.3462,44.4256,48.1821,48.404,50.8633,54.1012,54.6733
Cabo Verde,Energy,Emissions (CH4),kilotonnes,1.36,1.54,1.57,0.768,0.773,0.801,0.806,0.814,0.818,0.819,0.82,0.849,0.852,0.844,0.838,0.843,0.859,0.873,0.88,0.881,0.887
Cabo Verde,Energy,Emissions (N2O),kilotonnes,0.0151,0.0179,0.0192,0.018,0.019,0.0253,0.026,0.0278,0.027,0.0258,0.0262,0.0281,0.0257,0.0254,0.0262,0.0263,0.027,0.0273,0.0282,0.0281,0.0284
Cabo Verde,Energy,Emissions (CO2),kilotonnes,216,235,275,308,330,440,473,506,469,521,557,616,502,495,488,491,539,572,740,755,763
Cabo Verde,Energy,Emissions (CO2eq) from CH4 (AR5),kilotonnes,38.08,43.12,43.96,21.504,21.644,22.428,22.568,22.792,22.904,22.932,22.96,23.772,23.856,23.632,23.464,23.604,24.052,24.444,24.64,24.668,24.836
Cabo Verde,Energy,Emissions (CO2eq) from N2O (AR5),kilotonnes,4.0015,4.7435,5.088,4.77,5.035,6.7045,6.89,7.367,7.155,6.837,6.943,7.4465,6.8105,6.731,6.943,6.9695,7.155,7.2345,7.473,7.4465,7.526
Cabo Verde,Energy,Emissions (CO2eq) (AR5),kilotonnes,258.0815,282.8635,324.048,334.274,356.679,469.1325,502.458,536.159,499.059,550.769,586.903,647.2185,532.6665,525.363,518.407,521.5735,570.207,603.6785,772.113,787.1145,795.362
Cabo Verde,IPPU,Emissions (N2O),kilotonnes,0,0,0,0,0,0,0,0,0,0,0,0,0,0,0,0,0,0,0,0,0
Cabo Verde,IPPU,Emissions (CO2),kilotonnes,1.71,1.82,1.95,1.45,2.09,2.34,2.44,2.83,2.54,2.7,2.9,3.45,3.23,3.62,3.62,3.28,3.25,3.27,3.28,3.71,3.8
Cabo Verde,IPPU,Emissions (CO2eq) from N2O (AR5),kilotonnes,0.0013,0.0013,0.0013,0.0013,0.0014,0.0014,0.0014,0.0014,0.0014,0.0014,0.0015,0.0015,0.0015,0.0015,0.0015,0.0016,0.0016,0.0016,0.0016,0.0016,0.0016
Cabo Verde,IPPU,Emissions (CO2eq) (AR5),kilotonnes,1.7113,1.8213,1.9513,1.4513,2.0914,2.3414,2.4414,2.8314,2.5414,2.7014,2.9015,3.4515,3.2315,3.6215,3.6215,3.2816,3.2516,3.2716,3.2816,3.7116,3.8016
Cabo Verde,Waste,Emissions (CH4),kilotonnes,2.66,2.74,2.82,2.89,2.98,3.05,3.13,3.22,3.3,3.34,3.41,3.45,3.51,3.57,3.61,3.67,3.74,3.8,3.87,3.93,3.99
Cabo Verde,Waste,Emissions (N2O),kilotonnes,0.017,0.0174,0.0177,0.018,0.0188,0.0198,0.0204,0.021,0.0214,0.022,0.0221,0.0224,0.0229,0.0236,0.0236,0.0235,0.0236,0.024,0.0241,0.025,0.0254
Cabo Verde,Waste,Emissions (CO2eq) from CH4 (AR5),kilotonnes,74.48,76.72,78.96,80.92,83.44,85.4,87.64,90.16,92.4,93.52,95.48,96.6,98.28,99.96,101.08,102.76,104.72,106.4,108.36,110.04,111.72
Cabo Verde,Waste,Emissions (CO2eq) from N2O (AR5),kilotonnes,4.505,4.611,4.6905,4.77,4.982,5.247,5.406,5.565,5.671,5.83,5.8565,5.936,6.0685,6.254,6.254,6.2275,6.254,6.36,6.3865,6.625,6.731
Cabo Verde,Waste,Emissions (CO2eq) (AR5),kilotonnes,78.985,81.331,83.6505,85.69,88.422,90.647,93.046,95.725,98.071,99.35,101.3365,102.536,104.3485,106.214,107.334,108.9875,110.974,112.76,114.7465,116.665,118.451
Cabo Verde,Other,Emissions (N2O),kilotonnes,0.0177,0.0204,0.0219,0.0199,0.0213,0.0308,0.0331,0.036,0.0368,0.0356,0.0375,0.0463,0.0397,0.0392,0.0413,0.0417,0.0449,0.0452,0.0472,0.0491,0.0504
Cabo Verde,Other,Emissions (CO2eq) from N2O (AR5),kilotonnes,4.6905,5.406,5.8035,5.2735,5.6445,8.162,8.7715,9.54,9.752,9.434,9.9375,12.2695,10.5205,10.388,10.9445,11.0505,11.8985,11.978,12.508,13.0115,13.356
Cabo Verde,Other,Emissions (CO2eq) (AR5),kilotonnes,4.6905,5.406,5.8035,5.2735,5.6445,8.162,8.7715,9.54,9.752,9.434,9.9375,12.2695,10.5205,10.388,10.9445,11.0505,11.8985,11.978,12.508,13.0115,13.356
Cabo Verde,Farm-gate emissions,Emissions (CH4),kilotonnes,2.0647,1.9802,2.0341,1.9881,2.2021,2.1747,2.1009,2.0014,1.9784,2.1505,2.256,2.2791,2.3093,2.3459,2.3805,2.417,2.4534,2.123,2.1232,2.1297,2.2748
Cabo Verde,Farm-gate emissions,Direct emissions (N2O),kilotonnes,0.1169,0.1079,0.107,0.105,0.1126,0.1083,0.1024,0.0981,0.0955,0.1076,0.1127,0.1138,0.1165,0.1194,0.1192,0.1222,0.1232,0.1029,0.1026,0.1036,0.1107
Cabo Verde,Farm-gate emissions,Indirect emissions (N2O),kilotonnes,0.0411,0.0376,0.0373,0.0366,0.0398,0.0376,0.0348,0.0338,0.032,0.0362,0.0389,0.0394,0.0403,0.0413,0.0415,0.0425,0.043,0.0328,0.0328,0.0332,0.0361
Cabo Verde,Farm-gate emissions,Emissions (N2O),kilotonnes,0.246,0.2184,0.2152,0.2105,0.2191,0.2116,0.2019,0.1908,0.1836,0.1979,0.2038,0.1981,0.2014,0.2054,0.2057,0.2101,0.2127,0.1738,0.1736,0.1758,0.1866
Cabo Verde,Farm-gate emissions,Emissions (CO2),kilotonnes,15.4568,15.98,16.4792,18.7739,19.8684,28.2332,29.225,28.3236,24.5877,23.639,23.0709,23.7897,22.0097,21.2376,21.6494,22.2683,24.4379,26.0346,26.715,27.7414,27.7414
Cabo Verde,Farm-gate emissions,Emissions (CO2eq) from CH4 (AR5),kilotonnes,57.8106,55.4453,56.9541,55.6667,61.6582,60.8925,58.8259,56.0389,55.3962,60.2149,63.1693,63.8144,64.6606,65.6842,66.6536,67.676,68.6943,59.4435,59.4488,59.6327,63.6935
Cabo Verde,Farm-gate emissions,Emissions (CO2eq) from N2O (AR5),kilotonnes,65.1768,57.8774,57.0388,55.7926,58.0552,56.0858,53.4949,50.5663,48.6647,52.4378,53.9981,52.5022,53.3755,54.4384,54.5199,55.6876,56.3736,46.0631,46.0102,46.5951,49.4546
Cabo Verde,Farm-gate emissions,Emissions (CO2eq) (AR5),kilotonnes,138.4442,129.3027,130.4721,130.2331,139.5817,145.2115,141.5458,134.9288,128.6486,136.2917,140.2383,140.1063,140.0458,141.3603,142.8229,145.6318,149.5059,131.5413,132.174,133.9693,140.8896
Cabo Verde,Land Use change,Emissions (CH4),kilotonnes,0,0,0,0,0,0,0,0,0,0,0,0,0,0,0,0,0,0,0,0,0
Cabo Verde,Land Use change,Emissions (N2O),kilotonnes,0,0,0,0,0,0,0,0,0,0,0,0,0,0,0,0,0,0,0,0,0
Cabo Verde,Land Use change,Emissions (CO2),kilotonnes,0,0,0,0,0,0,0,0,0,0,0,0,0,0,0,0,0,0,0,0,0
Cabo Verde,Land Use change,Emissions (CO2eq) from CH4 (AR5),kilotonnes,0,0,0,0,0,0,0,0,0,0,0,0,0,0,0,0,0,0,0,0,0
Cabo Verde,Land Use change,Emissions (CO2eq) from N2O (AR5),kilotonnes,0,0,0,0,0,0,0,0,0,0,0,0,0,0,0,0,0,0,0,0,0
Cabo Verde,Land Use change,Emissions (CO2eq) (AR5),kilotonnes,0,0,0,0,0,0,0,0,0,0,0,0,0,0,0,0,0,0,0,0,0
Cabo Verde,Emissions on agricultural land,Emissions (CH4),kilotonnes,2.0647,1.9802,2.0341,1.9881,2.2021,2.1747,2.1009,2.0014,1.9784,2.1505,2.256,2.2791,2.3093,2.3459,2.3805,2.417,2.4534,2.123,2.1232,2.1297,2.2748
Cabo Verde,Emissions on agricultural land,Emissions (N2O),kilotonnes,0.246,0.2184,0.2152,0.2105,0.2191,0.2116,0.2019,0.1908,0.1836,0.1979,0.2038,0.1981,0.2014,0.2054,0.2057,0.2101,0.2127,0.1738,0.1736,0.1758,0.1866
Cabo Verde,Emissions on agricultural land,Emissions (CO2),kilotonnes,15.4568,15.98,16.4792,18.7739,19.8684,28.2332,29.225,28.3236,24.5877,23.639,23.0709,23.7897,22.0097,21.2376,21.6494,22.2683,24.4379,26.0346,26.715,27.7414,27.7414
Cabo Verde,Emissions on agricultural land,Emissions (CO2eq) from CH4 (AR5),kilotonnes,57.8106,55.4453,56.9541,55.6667,61.6582,60.8925,58.8259,56.0389,55.3962,60.2149,63.1693,63.8144,64.6606,65.6842,66.6536,67.676,68.6943,59.4435,59.4488,59.6327,63.6935
Cabo Verde,Emissions on agricultural land,Emissions (CO2eq) from N2O (AR5),kilotonnes,65.1768,57.8774,57.0388,55.7926,58.0552,56.0858,53.4949,50.5663,48.6647,52.4378,53.9981,52.5022,53.3755,54.4384,54.5199,55.6876,56.3736,46.0631,46.0102,46.5951,49.4546
Cabo Verde,Emissions on agricultural land,Emissions (CO2eq) (AR5),kilotonnes,138.4442,129.3027,130.4721,130.2331,139.5817,145.2115,141.5458,134.9288,128.6486,136.2917,140.2383,140.1063,140.0458,141.3603,142.8229,145.6318,149.5059,131.5413,132.174,133.9693,140.8896
Cabo Verde,Pre- and post- production,Emissions (CH4),kilotonnes,3.1459,3.2884,3.3369,3.3197,3.3727,3.4243,3.4728,3.5214,3.5658,3.6031,3.6536,3.6796,3.7102,3.7489,3.7725,3.8015,3.8309,3.8619,3.8901,3.9131,3.9345
Cabo Verde,Pre- and post- production,Emissions (N2O),kilotonnes,0.0108,0.0113,0.0114,0.0114,0.0122,0.0127,0.013,0.0135,0.0138,0.0139,0.014,0.0147,0.0147,0.0154,0.0147,0.0151,0.0156,0.0155,0.0156,0.0159,0.0161
Cabo Verde,Pre- and post- production,Emissions (CO2),kilotonnes,40.6687,82.3794,87.1637,49.2379,51.9497,68.9459,76.0499,79.7646,74.7604,85.248,88.0879,96.8405,86.1465,96.3317,97.785,99.9454,106.7818,108.2676,112.0522,114.4615,115.6743
Cabo Verde,Pre- and post- production,Emissions (CO2eq) from CH4 (AR5),kilotonnes,88.085,92.0766,93.433,92.9503,94.4368,95.881,97.2373,98.5994,99.8415,100.887,102.302,103.0278,103.8851,104.9697,105.6302,106.4412,107.2655,108.1329,108.9216,109.567,110.1661
Cabo Verde,Pre- and post- production,Emissions (CO2eq) from N2O (AR5),kilotonnes,2.8583,3.0034,3.0304,3.0259,3.234,3.3758,3.4542,3.5902,3.6451,3.6949,3.7155,3.8877,3.9009,4.0774,3.8937,4.0083,4.1348,4.0982,4.1426,4.2159,4.267
Cabo Verde,Pre- and post- production,Emissions (CO2eq) (AR5),kilotonnes,131.612,177.4593,183.6271,145.2142,149.6205,168.2027,176.7415,181.9543,178.2469,189.8299,194.1054,203.756,193.9325,205.3789,207.3089,210.3948,218.1821,220.4987,225.1165,228.2444,230.1074
Cabo Verde,Agri-food systems,Emissions (CH4),kilotonnes,5.2106,5.2686,5.371,5.3077,5.5748,5.5991,5.5737,5.5228,5.5442,5.7536,5.9097,5.9586,6.0195,6.0948,6.153,6.2185,6.2843,5.9849,6.0132,6.0428,6.2093
Cabo Verde,Agri-food systems,Emissions (N2O),kilotonnes,0.2567,0.2297,0.2267,0.222,0.2313,0.2244,0.2149,0.2044,0.1974,0.2118,0.2178,0.2128,0.2161,0.2208,0.2204,0.2253,0.2283,0.1893,0.1893,0.1917,0.2027
Cabo Verde,Agri-food systems,Emissions (CO2),kilotonnes,56.1255,98.3594,103.6429,68.0118,71.8181,97.1791,105.2749,108.0882,99.3481,108.887,111.1588,120.6302,108.1562,117.5693,119.4344,122.2137,131.2197,134.3022,138.7672,142.2029,143.4158
Cabo Verde,Agri-food systems,Emissions (CO2eq) from CH4 (AR5),kilotonnes,145.8956,147.5219,150.3871,148.617,156.095,156.7735,156.0632,154.6384,155.2377,161.1019,165.4713,166.8422,168.5457,170.654,172.2837,174.1171,175.9598,167.5764,168.3704,169.1998,173.8596
Cabo Verde,Agri-food systems,Emissions (CO2eq) from N2O (AR5),kilotonnes,68.0351,60.8807,60.0692,58.8185,61.2892,59.4616,56.9492,54.1565,52.3098,56.1327,57.7136,56.39,57.2764,58.5158,58.4137,59.6959,60.5084,50.1613,50.1528,50.811,53.7216
Cabo Verde,Agri-food systems,Emissions (CO2eq) (AR5),kilotonnes,270.0562,306.762,314.0992,275.4473,289.2022,313.4142,318.2873,316.883,306.8956,326.1216,334.3437,343.8623,333.9783,346.7391,350.1317,356.0267,367.688,352.04,357.2905,362.2137,370.997
Cabo Verde,IPCC Agriculture,Emissions (CH4),kilotonnes,2.062,1.9773,2.0312,1.9853,2.1992,2.1715,2.0973,1.9979,1.9751,2.1473,2.2528,2.2758,2.306,2.3426,2.377,2.4133,2.4494,2.1187,2.1188,2.1251,2.2702
Cabo Verde,IPCC Agriculture,Emissions (CH4),kilotonnes,1.921,,,,,,,,,,,,,,,,,,,,
Cabo Verde,IPCC Agriculture,Direct emissions (N2O),kilotonnes,0.1169,0.1079,0.107,0.105,0.1126,0.1083,0.1024,0.0981,0.0955,0.1076,0.1127,0.1138,0.1165,0.1194,0.1192,0.1222,0.1232,0.1029,0.1026,0.1036,0.1107
Cabo Verde,IPCC Agriculture,Indirect emissions (N2O),kilotonnes,0.0411,0.0376,0.0373,0.0366,0.0398,0.0376,0.0348,0.0338,0.032,0.0362,0.0389,0.0394,0.0403,0.0413,0.0415,0.0425,0.043,0.0328,0.0328,0.0332,0.0361
Cabo Verde,IPCC Agriculture,Emissions (N2O),kilotonnes,0.2427,0.2152,0.2119,0.2065,0.2146,0.2042,0.1939,0.1838,0.1782,0.1929,0.1989,0.1931,0.197,0.2014,0.2017,0.2061,0.2081,0.1687,0.1684,0.1704,0.1812
Cabo Verde,IPCC Agriculture,Emissions (N2O),kilotonnes,0.292,,,,,,,,,,,,,,,,,,,,
Cabo Verde,IPCC Agriculture,Emissions (CO2eq) from CH4 (AR5),kilotonnes,57.7371,55.3644,56.8726,55.5879,61.5772,60.8016,58.7256,55.9425,55.304,60.1235,63.0791,63.7212,64.5691,65.5914,66.5555,67.5724,68.5823,59.3246,59.3251,59.5039,63.5647
Cabo Verde,IPCC Agriculture,Emissions (CO2eq) from CH4 (AR5),kilotonnes,53.788,,,,,,,,,,,,,,,,,,,,
Cabo Verde,IPCC Agriculture,Emissions (CO2eq) from N2O (AR5),kilotonnes,64.3042,57.0373,56.153,54.7187,56.8772,54.1083,51.3868,48.7146,47.2158,51.1056,52.7085,51.1601,52.2122,53.3717,53.4559,54.6228,55.1506,44.7048,44.6302,45.1519,48.0114
Cabo Verde,IPCC Agriculture,Emissions (CO2eq) from N2O (AR5),kilotonnes,77.38,,,,,,,,,,,,,,,,,,,,
Cabo Verde,IPCC Agriculture,Emissions (CO2eq) (AR5),kilotonnes,122.0412,112.4017,113.0256,110.3066,118.4544,114.9099,110.1123,104.6571,102.5198,111.2291,115.7876,114.8813,116.7814,118.9632,120.0114,122.1952,123.7329,104.0294,103.9553,104.6558,111.5761
Cabo Verde,IPCC Agriculture,Emissions (CO2eq) (AR5),kilotonnes,131.168,,,,,,,,,,,,,,,,,,,,
Cabo Verde,Agricultural Soils,Direct emissions (N2O),kilotonnes,0.1169,0.1079,0.107,0.105,0.1126,0.1083,0.1024,0.0981,0.0955,0.1076,0.1127,0.1138,0.1165,0.1194,0.1192,0.1222,0.1232,0.1029,0.1026,0.1036,0.1107
Cabo Verde,Agricultural Soils,Indirect emissions (N2O),kilotonnes,0.0411,0.0376,0.0373,0.0366,0.0398,0.0376,0.0348,0.0338,0.032,0.0362,0.0389,0.0394,0.0403,0.0413,0.0415,0.0425,0.043,0.0328,0.0328,0.0332,0.0361
Cabo Verde,Agricultural Soils,Emissions (N2O),kilotonnes,0.158,0.1455,0.1443,0.1415,0.1525,0.1459,0.1371,0.1319,0.1275,0.1438,0.1516,0.1532,0.1568,0.1606,0.1607,0.1647,0.1662,0.1357,0.1354,0.1367,0.1469
Cabo Verde,Agricultural Soils,Emissions (N2O),kilotonnes,0.292,,,,,,,,,,,,,,,,,,,,
Cabo Verde,Agricultural Soils,Emissions (CO2eq) from N2O (AR5),kilotonnes,41.8746,38.5542,38.2319,37.5029,40.4036,38.6656,36.3424,34.9435,33.7971,38.1096,40.1663,40.5969,41.5478,42.5689,42.5804,43.6337,44.0535,35.9537,35.8844,36.2349,38.9227
Cabo Verde,Agricultural Soils,Emissions (CO2eq) from N2O (AR5),kilotonnes,77.38,,,,,,,,,,,,,,,,,,,,
Cabo Verde,Agricultural Soils,Emissions (CO2eq) (AR5),kilotonnes,41.8746,38.5542,38.2319,37.5029,40.4036,38.6656,36.3424,34.9435,33.7971,38.1096,40.1663,40.5969,41.5478,42.5689,42.5804,43.6337,44.0535,35.9537,35.8844,36.2349,38.9227
Cabo Verde,Agricultural Soils,Emissions (CO2eq) (AR5),kilotonnes,77.38,,,,,,,,,,,,,,,,,,,,
Cabo Verde,LULUCF,Emissions (CH4),kilotonnes,0,0,0,0,0,0,0,0,0,0,0,0,0,0,0,0,0,0,0,0,0
Cabo Verde,LULUCF,Emissions (CH4),kilotonnes,,,,,,,,,,,,,,,,,,,,,
Cabo Verde,LULUCF,Emissions (N2O),kilotonnes,0,0,0,0,0,0,0,0,0,0,0,0,0,0,0,0,0,0,0,0,0
Cabo Verde,LULUCF,Emissions (N2O),kilotonnes,,,,,,,,,,,,,,,,,,,,,
Cabo Verde,LULUCF,Emissions (CO2),kilotonnes,-510.4909,-62.92,-62.92,-62.92,-62.92,-62.92,-62.92,-62.92,-62.92,-62.92,-62.92,-62.92,-62.92,-62.92,-62.92,-62.92,-62.92,-62.92,-62.92,-62.92,-62.92
Cabo Verde,LULUCF,Emissions (CO2),kilotonnes,21.843,,,,,,,,,,,,,,,,,,,,
Cabo Verde,LULUCF,Emissions (CO2eq) from CH4 (AR5),kilotonnes,0,0,0,0,0,0,0,0,0,0,0,0,0,0,0,0,0,0,0,0,0
Cabo Verde,LULUCF,Emissions (CO2eq) from N2O (AR5),kilotonnes,0,0,0,0,0,0,0,0,0,0,0,0,0,0,0,0,0,0,0,0,0
Cabo Verde,LULUCF,Emissions (CO2eq) (AR5),kilotonnes,-510.4909,-62.92,-62.92,-62.92,-62.92,-62.92,-62.92,-62.92,-62.92,-62.92,-62.92,-62.92,-62.92,-62.92,-62.92,-62.92,-62.92,-62.92,-62.92,-62.92,-62.92
Cabo Verde,LULUCF,Emissions (CO2eq) (AR5),kilotonnes,21.843,,,,,,,,,,,,,,,,,,,,
Cabo Verde,AFOLU,Emissions (CH4),kilotonnes,2.062,1.9773,2.0312,1.9853,2.1992,2.1715,2.0973,1.9979,1.9751,2.1473,2.2528,2.2758,2.306,2.3426,2.377,2.4133,2.4494,2.1187,2.1188,2.1251,2.2702
Cabo Verde,AFOLU,Emissions (N2O),kilotonnes,0.2427,0.2152,0.2119,0.2065,0.2146,0.2042,0.1939,0.1838,0.1782,0.1929,0.1989,0.1931,0.197,0.2014,0.2017,0.2061,0.2081,0.1687,0.1684,0.1704,0.1812
Cabo Verde,AFOLU,Emissions (CO2),kilotonnes,-510.4909,-62.92,-62.92,-62.92,-62.92,-62.92,-62.92,-62.92,-62.92,-62.92,-62.92,-62.92,-62.92,-62.92,-62.92,-62.92,-62.92,-62.92,-62.92,-62.92,-62.92
Cabo Verde,AFOLU,Emissions (CO2eq) from CH4 (AR5),kilotonnes,57.7371,55.3644,56.8726,55.5879,61.5772,60.8016,58.7256,55.9425,55.304,60.1235,63.0791,63.7212,64.5691,65.5914,66.5555,67.5724,68.5823,59.3246,59.3251,59.5039,63.5647
Cabo Verde,AFOLU,Emissions (CO2eq) from N2O (AR5),kilotonnes,64.3042,57.0373,56.153,54.7187,56.8772,54.1083,51.3868,48.7146,47.2158,51.1056,52.7085,51.1601,52.2122,53.3717,53.4559,54.6228,55.1506,44.7048,44.6302,45.1519,48.0114
Cabo Verde,AFOLU,Emissions (CO2eq) (AR5),kilotonnes,-388.4497,49.4817,50.1056,47.3866,55.5344,51.9899,47.1923,41.7371,39.5998,48.3091,52.8676,51.9613,53.8614,56.0432,57.0914,59.2752,60.8129,41.1094,41.0353,41.7358,48.6561
Cabo Verde,All sectors with LULUCF,Emissions (CH4),kilotonnes,6.082,6.2573,6.4212,5.6433,5.9522,6.0225,6.0333,6.0319,6.0931,6.3063,6.4828,6.5748,6.668,6.7566,6.825,6.9263,7.0484,6.7917,6.8688,6.9361,7.1472
Cabo Verde,All sectors with LULUCF,Emissions (N2O),kilotonnes,0.2925,0.2709,0.2707,0.2624,0.2737,0.2801,0.2734,0.2686,0.2634,0.2763,0.2847,0.2899,0.2853,0.2896,0.2928,0.2976,0.3036,0.2652,0.2679,0.2726,0.2854
Cabo Verde,All sectors with LULUCF,Emissions (CO2),kilotonnes,-292.7809,173.9,214.03,246.53,269.17,379.42,412.52,445.91,408.62,460.78,496.98,556.53,442.31,435.7,428.7,431.36,479.33,512.35,680.36,695.79,703.88
Cabo Verde,All sectors with LULUCF,Emissions (CO2eq) from CH4 (AR5),kilotonnes,170.2971,175.2044,179.7926,158.0119,166.6612,168.6296,168.9336,168.8945,170.608,176.5755,181.5191,184.0932,186.7051,189.1834,191.0995,193.9364,197.3543,190.1686,192.3251,194.2119,200.1207
Cabo Verde,All sectors with LULUCF,Emissions (CO2eq) from N2O (AR5),kilotonnes,77.5024,71.7991,71.7363,69.5335,72.5401,74.2232,72.4557,71.188,69.7952,73.2081,75.447,76.8135,75.6132,76.7462,77.5989,78.8719,80.4597,70.2789,70.9993,72.2365,75.6261
Cabo Verde,All sectors with LULUCF,Emissions (CO2eq) (AR5),kilotonnes,-44.9815,420.9035,465.5589,474.0754,508.3712,622.2728,653.9092,685.9925,649.0233,710.5636,753.946,817.4367,704.6284,701.6297,697.3985,704.1683,757.144,772.7975,943.6844,962.2384,979.6267
Cabo Verde,All sectors without LULUCF,Emissions (CH4),kilotonnes,6.082,6.2573,6.4212,5.6433,5.9522,6.0225,6.0333,6.0319,6.0931,6.3063,6.4828,6.5748,6.668,6.7566,6.825,6.9263,7.0484,6.7917,6.8688,6.9361,7.1472
Cabo Verde,All sectors without LULUCF,Emissions (N2O),kilotonnes,0.2925,0.2709,0.2707,0.2624,0.2737,0.2801,0.2734,0.2686,0.2634,0.2763,0.2847,0.2899,0.2853,0.2896,0.2928,0.2976,0.3036,0.2652,0.2679,0.2726,0.2854
Cabo Verde,All sectors without LULUCF,Emissions (CO2),kilotonnes,217.71,236.82,276.95,309.45,332.09,442.34,475.44,508.83,471.54,523.7,559.9,619.45,505.23,498.62,491.62,494.28,542.25,575.27,743.28,758.71,766.8
Cabo Verde,All sectors without LULUCF,Emissions (CO2eq) from CH4 (AR5),kilotonnes,170.2971,175.2044,179.7926,158.0119,166.6612,168.6296,168.9336,168.8945,170.608,176.5755,181.5191,184.0932,186.7051,189.1834,191.0995,193.9364,197.3543,190.1686,192.3251,194.2119,200.1207
Cabo Verde,All sectors without LULUCF,Emissions (CO2eq) from N2O (AR5),kilotonnes,77.5024,71.7991,71.7363,69.5335,72.5401,74.2232,72.4557,71.188,69.7952,73.2081,75.447,76.8135,75.6132,76.7462,77.5989,78.8719,80.4597,70.2789,70.9993,72.2365,75.6261
Cabo Verde,All sectors without LULUCF,Emissions (CO2eq) (AR5),kilotonnes,465.5095,483.8235,528.4789,536.9954,571.2912,685.1928,716.8292,748.9125,711.9433,773.4836,816.866,880.3567,767.5484,764.5497,760.3185,767.0883,820.064,835.7175,1006.6044,1025.1584,1042.5467
Cambodia,Crop Residues,Direct emissions (N2O),kilotonnes,1.0973,1.1327,1.1028,1.3146,1.2144,1.5429,1.6078,1.7016,1.7772,1.8949,1.9953,2.0975,2.202,2.208,2.1201,2.0844,2.22,2.3261,2.4542,2.3871,2.3917
Cambodia,Crop Residues,Indirect emissions (N2O),kilotonnes,0.2469,0.2549,0.2481,0.2958,0.2733,0.3471,0.3618,0.3829,0.3999,0.4264,0.4489,0.4719,0.4954,0.4968,0.477,0.469,0.4995,0.5234,0.5522,0.5371,0.5381
Cambodia,Crop Residues,Emissions (N2O),kilotonnes,1.3442,1.3875,1.3509,1.6104,1.4877,1.89,1.9696,2.0845,2.1771,2.3212,2.4443,2.5694,2.6974,2.7048,2.5971,2.5534,2.7195,2.8494,3.0064,2.9242,2.9298
Cambodia,Crop Residues,Emissions (CO2eq) from N2O (AR5),kilotonnes,356.2161,367.6973,357.9972,426.7538,394.2392,500.8601,521.932,552.3821,576.9203,615.1289,647.7303,680.8959,714.8166,716.7669,688.2361,676.647,720.6781,755.103,796.683,774.9187,776.3911
Cambodia,Crop Residues,Emissions (CO2eq) (AR5),kilotonnes,356.2161,367.6973,357.9972,426.7538,394.2392,500.8601,521.932,552.3821,576.9203,615.1289,647.7303,680.8959,714.8166,716.7669,688.2361,676.647,720.6781,755.103,796.683,774.9187,776.3911
Cambodia,Rice Cultivation,Emissions (CH4),kilotonnes,297.0032,309.0409,311.2803,349.8877,329.1341,376.802,392.7067,400.4448,407.8362,417.3932,433.2961,463.2627,469.3515,462.3919,446.1931,436.826,450.9216,463.8376,473.8103,462.6328,455.2822
Cambodia,Rice Cultivation,Emissions (CO2eq) from CH4 (AR5),kilotonnes,8316.0892,8653.1446,8715.8487,9796.8543,9215.7555,10550.4571,10995.7874,11212.4552,11419.4137,11687.0095,12132.2916,12971.3556,13141.8408,12946.9731,12493.4061,12231.1281,12625.8057,12987.4533,13266.6897,12953.7198,12747.9017
Cambodia,Rice Cultivation,Emissions (CO2eq) (AR5),kilotonnes,8316.0892,8653.1446,8715.8487,9796.8543,9215.7555,10550.4571,10995.7874,11212.4552,11419.4137,11687.0095,12132.2916,12971.3556,13141.8408,12946.9731,12493.4061,12231.1281,12625.8057,12987.4533,13266.6897,12953.7198,12747.9017
Cambodia,Burning - Crop residues,Emissions (CH4),kilotonnes,2.9943,3.1358,3.1718,3.571,3.3525,3.7863,4.0357,4.2123,4.3446,4.593,4.7309,4.9175,5.0968,5.0275,4.6615,4.4981,4.8117,4.9836,5.3336,5.0331,4.9719
Cambodia,Burning - Crop residues,Emissions (CH4),kilotonnes,3.09,,,,,,,,,,,,,,,,,,,,
Cambodia,Burning - Crop residues,Emissions (N2O),kilotonnes,0.0776,0.0813,0.0822,0.0926,0.0869,0.0982,0.1046,0.1092,0.1126,0.1191,0.1227,0.1275,0.1321,0.1303,0.1209,0.1166,0.1247,0.1292,0.1383,0.1305,0.1289
Cambodia,Burning - Crop residues,Emissions (N2O),kilotonnes,,,,,,,,,,,,,,,,,,,,,
Cambodia,Burning - Crop residues,Emissions (CO2eq) from CH4 (AR5),kilotonnes,83.8407,87.8017,88.8115,99.9875,93.8696,106.0176,113.0007,117.9434,121.6479,128.6043,132.4645,137.6897,142.7101,140.7706,130.5214,125.9467,134.7266,139.5395,149.3408,140.9264,139.2142
Cambodia,Burning - Crop residues,Emissions (CO2eq) from CH4 (AR5),kilotonnes,86.52,,,,,,,,,,,,,,,,,,,,
Cambodia,Burning - Crop residues,Emissions (CO2eq) from N2O (AR5),kilotonnes,20.572,21.5439,21.7917,24.534,23.0328,26.0136,27.727,28.9398,29.8488,31.5557,32.5029,33.785,35.0168,34.5409,32.0261,30.9036,33.0579,34.2388,36.6438,34.5792,34.159
Cambodia,Burning - Crop residues,Emissions (CO2eq) from N2O (AR5),kilotonnes,,,,,,,,,,,,,,,,,,,,,
Cambodia,Burning - Crop residues,Emissions (CO2eq) (AR5),kilotonnes,104.4127,109.3456,110.6032,124.5215,116.9025,132.0312,140.7277,146.8832,151.4966,160.16,164.9673,171.4747,177.727,175.3115,162.5474,156.8503,167.7845,173.7783,185.9846,175.5055,173.3733
Cambodia,Burning - Crop residues,Emissions (CO2eq) (AR5),kilotonnes,86.52,,,,,,,,,,,,,,,,,,,,
Cambodia,Enteric Fermentation,Emissions (CH4),kilotonnes,183.7257,174.3816,176.9861,181.9573,184.1534,192.7384,203.0921,206.5694,209.217,214.5893,207.8917,203.5576,179.9438,179.068,178.185,177.927,178.1462,175.0472,173.1555,170.7954,171.9864
Cambodia,Enteric Fermentation,Emissions (CH4),kilotonnes,181,,,,,190,,,,,205,,,,,167,168,,,,
Cambodia,Enteric Fermentation,Emissions (CO2eq) from CH4 (AR5),kilotonnes,5144.32,4882.684,4955.6101,5094.8048,5156.2963,5396.6753,5686.5788,5783.943,5858.0764,6008.5001,5820.9689,5699.6131,5038.4258,5013.904,4989.18,4981.9553,4988.094,4901.3229,4848.354,4782.2723,4815.6189
Cambodia,Enteric Fermentation,Emissions (CO2eq) from CH4 (AR5),kilotonnes,5068,,,,,5320,,,,,5740,,,,,4676,4704,,,,
Cambodia,Enteric Fermentation,Emissions (CO2eq) (AR5),kilotonnes,5144.32,4882.684,4955.6101,5094.8048,5156.2963,5396.6753,5686.5788,5783.943,5858.0764,6008.5001,5820.9689,5699.6131,5038.4258,5013.904,4989.18,4981.9553,4988.094,4901.3229,4848.354,4782.2723,4815.6189
Cambodia,Enteric Fermentation,Emissions (CO2eq) (AR5),kilotonnes,5068,,,,,5320,,,,,5740,,,,,4676,4704,,,,
Cambodia,Manure Management,Emissions (CH4),kilotonnes,21.7061,22.7009,22.7286,24.211,25.178,27.3136,28.1086,25.8921,24.8741,24.5526,23.7451,23.8312,23.4585,23.6171,23.8656,23.3504,23.3056,22.9185,22.3598,21.7333,21.2311
Cambodia,Manure Management,Emissions (CH4),kilotonnes,18,,,,,24,,,,,20,,,,,21,21,,,,
Cambodia,Manure Management,Emissions (N2O),kilotonnes,2.6173,2.51,2.5494,2.6328,2.673,2.8085,2.9465,2.9615,2.9871,3.0589,2.9643,2.9101,2.5792,2.5677,2.5561,2.5626,2.5653,2.5231,2.4904,2.4534,2.464
Cambodia,Manure Management,Emissions (N2O),kilotonnes,2.32,,,,,2.5,,,,,2.62,,,,,2.22,2.23,,,,
Cambodia,Manure Management,Emissions (CO2eq) from CH4 (AR5),kilotonnes,607.7698,635.6266,636.4002,677.907,704.9829,764.7797,787.0414,724.9792,696.4749,687.4719,664.8633,667.2736,656.8383,661.2783,668.2378,653.8106,652.5576,641.7175,626.0731,608.532,594.4708
Cambodia,Manure Management,Emissions (CO2eq) from CH4 (AR5),kilotonnes,504,,,,,672,,,,,560,,,,,588,588,,,,
Cambodia,Manure Management,Emissions (CO2eq) from N2O (AR5),kilotonnes,693.58,665.1562,675.5823,697.698,708.332,744.255,780.8242,784.7857,791.5704,810.6113,785.5374,771.1818,683.4987,680.4387,677.3629,679.0787,679.8123,668.6247,659.9649,650.1635,652.952
Cambodia,Manure Management,Emissions (CO2eq) from N2O (AR5),kilotonnes,614.8,,,,,662.5,,,,,694.3,,,,,588.3,590.95,,,,
Cambodia,Manure Management,Emissions (CO2eq) (AR5),kilotonnes,1301.3498,1300.7828,1311.9824,1375.605,1413.315,1509.0347,1567.8656,1509.7649,1488.0453,1498.0832,1450.4008,1438.4553,1340.337,1341.7171,1345.6007,1332.8894,1332.3699,1310.3422,1286.0379,1258.6954,1247.4228
Cambodia,Manure Management,Emissions (CO2eq) (AR5),kilotonnes,1118.8,,,,,1334.5,,,,,1254.3,,,,,1176.3,1178.95,,,,
Cambodia,Manure left on Pasture,Direct emissions (N2O),kilotonnes,2.5469,2.4251,2.472,2.5422,2.5686,2.6803,2.8094,2.8633,2.9058,2.9953,2.9018,2.8449,2.5183,2.5003,2.487,2.4913,2.4955,2.4564,2.4337,2.4054,2.4207
Cambodia,Manure left on Pasture,Indirect emissions (N2O),kilotonnes,0.5445,0.5188,0.5287,0.5438,0.5494,0.5731,0.6006,0.612,0.621,0.6401,0.6202,0.6081,0.5388,0.5351,0.5323,0.5332,0.5341,0.5258,0.521,0.5151,0.5183
Cambodia,Manure left on Pasture,Emissions (N2O),kilotonnes,3.0914,2.9438,3.0008,3.086,3.118,3.2534,3.41,3.4754,3.5268,3.6354,3.522,3.453,3.0571,3.0354,3.0193,3.0245,3.0296,2.9823,2.9548,2.9204,2.939
Cambodia,Manure left on Pasture,Emissions (CO2eq) from N2O (AR5),kilotonnes,819.2307,780.1178,795.1995,817.7861,826.258,862.1593,903.6511,920.9688,934.606,963.3728,933.3397,915.0478,810.1349,804.3839,800.1052,801.4924,802.857,790.2982,783.0145,773.9123,778.8342
Cambodia,Manure left on Pasture,Emissions (CO2eq) (AR5),kilotonnes,819.2307,780.1178,795.1995,817.7861,826.258,862.1593,903.6511,920.9688,934.606,963.3728,933.3397,915.0478,810.1349,804.3839,800.1052,801.4924,802.857,790.2982,783.0145,773.9123,778.8342
Cambodia,Manure applied to Soils,Direct emissions (N2O),kilotonnes,0.9138,0.8905,0.9073,0.9391,0.9541,1.0022,1.0418,1.0404,1.0472,1.0755,1.042,1.0268,0.9312,0.9255,0.9238,0.9191,0.9204,0.9075,0.8968,0.8848,0.8852
Cambodia,Manure applied to Soils,Indirect emissions (N2O),kilotonnes,0.3884,0.3785,0.3856,0.3991,0.4055,0.4259,0.4428,0.4422,0.445,0.4571,0.4428,0.4364,0.3958,0.3933,0.3926,0.3906,0.3912,0.3857,0.3811,0.376,0.3762
Cambodia,Manure applied to Soils,Emissions (N2O),kilotonnes,1.3022,1.2689,1.293,1.3382,1.3595,1.4281,1.4846,1.4825,1.4922,1.5326,1.4848,1.4632,1.327,1.3188,1.3164,1.3098,1.3116,1.2932,1.2779,1.2608,1.2614
Cambodia,Manure applied to Soils,Emissions (CO2eq) from N2O (AR5),kilotonnes,345.0854,336.2685,342.6374,354.6163,360.2739,378.4535,393.4161,392.8696,395.4359,406.1338,393.4671,387.7578,351.6466,349.4889,348.8496,347.0862,347.5707,342.6936,338.6461,334.1118,334.2678
Cambodia,Manure applied to Soils,Emissions (CO2eq) (AR5),kilotonnes,345.0854,336.2685,342.6374,354.6163,360.2739,378.4535,393.4161,392.8696,395.4359,406.1338,393.4671,387.7578,351.6466,349.4889,348.8496,347.0862,347.5707,342.6936,338.6461,334.1118,334.2678
Cambodia,Synthetic Fertilizers,Direct emissions (N2O),kilotonnes,,,0.1275,0.0818,0.1171,0.1737,0.1676,0.1762,0.1975,0.2733,0.356,0.5734,0.8617,0.7927,1.0071,1.2706,0.8745,1.8071,2.0084,1.7619,1.7311
Cambodia,Synthetic Fertilizers,Indirect emissions (N2O),kilotonnes,,,0.0414,0.0266,0.0381,0.0565,0.0545,0.0573,0.0642,0.0888,0.1157,0.1864,0.2801,0.2576,0.3273,0.413,0.2842,0.5873,0.6527,0.5726,0.5626
Cambodia,Synthetic Fertilizers,Emissions (N2O),kilotonnes,,,0.1689,0.1084,0.1551,0.2302,0.222,0.2334,0.2617,0.3621,0.4718,0.7598,1.1418,1.0503,1.3345,1.6836,1.1588,2.3944,2.6611,2.3345,2.2937
Cambodia,Synthetic Fertilizers,Emissions (CO2eq) from N2O (AR5),kilotonnes,,,44.7576,28.7189,41.1106,60.9916,58.8352,61.8633,69.3608,95.9672,125.017,201.3464,302.5808,278.3205,353.6294,446.1505,307.0746,634.5218,705.1922,618.6345,607.8181
Cambodia,Synthetic Fertilizers,Emissions (CO2eq) (AR5),kilotonnes,,,44.7576,28.7189,41.1106,60.9916,58.8352,61.8633,69.3608,95.9672,125.017,201.3464,302.5808,278.3205,353.6294,446.1505,307.0746,634.5218,705.1922,618.6345,607.8181
Cambodia,Drained organic soils,Emissions (CO2eq) (AR5),kilotonnes,0,0,0,0,0,0,0,0,0,0,0,0,0,0,0,0,0,0,0,0,0
Cambodia,Drained organic soils (CO2),Emissions (CO2),kilotonnes,0,0,0,0,0,0,0,0,0,0,0,0,0,0,0,0,0,0,0,0,0
Cambodia,Drained organic soils (CO2),Emissions (CO2eq) (AR5),kilotonnes,0,0,0,0,0,0,0,0,0,0,0,0,0,0,0,0,0,0,0,0,0
Cambodia,Drained organic soils (N2O),Emissions (N2O),kilotonnes,0,0,0,0,0,0,0,0,0,0,0,0,0,0,0,0,0,0,0,0,0
Cambodia,Drained organic soils (N2O),Emissions (CO2eq) from N2O (AR5),kilotonnes,0,0,0,0,0,0,0,0,0,0,0,0,0,0,0,0,0,0,0,0,0
Cambodia,Drained organic soils (N2O),Emissions (CO2eq) (AR5),kilotonnes,0,0,0,0,0,0,0,0,0,0,0,0,0,0,0,0,0,0,0,0,0
Cambodia,On-farm energy use,Emissions (CH4),kilotonnes,0.0087,0.0094,0.0078,0.0068,0.0062,0.0068,0.0073,0.0118,0.0137,0.0175,0.02,0.0207,0.0209,0.0216,0.0202,0.0229,0.0244,0.0265,0.0312,0.0335,0.0335
Cambodia,On-farm energy use,Emissions (N2O),kilotonnes,0.0149,0.0181,0.0151,0.0158,0.0161,0.0176,0.0188,0.0192,0.0194,0.0295,0.0331,0.0355,0.0397,0.0415,0.0462,0.0497,0.057,0.057,0.0625,0.0657,0.0657
Cambodia,On-farm energy use,Emissions (CO2),kilotonnes,44.8581,53.2803,44.8756,45.92,46.6763,51.4463,55.2231,60.8558,63.1145,91.4674,102.9824,110.0725,121.0668,128.5648,135.6307,147.5961,172.2596,169.5136,186.9498,197.2137,197.2137
Cambodia,On-farm energy use,Emissions (CO2eq) from CH4 (AR5),kilotonnes,0.2424,0.2627,0.2188,0.1899,0.1744,0.1898,0.2057,0.3301,0.3825,0.4912,0.5598,0.5796,0.5853,0.6061,0.5647,0.6419,0.6826,0.7433,0.8748,0.9368,0.9368
Cambodia,On-farm energy use,Emissions (CO2eq) from N2O (AR5),kilotonnes,3.9464,4.7878,3.9903,4.1804,4.2755,4.6615,4.9733,5.0899,5.1397,7.8107,8.7749,9.4199,10.5168,10.9923,12.2448,13.1738,15.1094,15.1168,16.5504,17.4115,17.4115
Cambodia,On-farm energy use,Emissions (CO2eq) (AR5),kilotonnes,49.0469,58.3309,49.0847,50.2903,51.1261,56.2976,60.4022,66.2758,68.6367,99.7693,112.3171,120.0721,132.1689,140.1632,148.4401,161.4118,188.0516,185.3737,204.3751,215.5621,215.5621
Cambodia,Forestland,Emissions (CO2),kilotonnes,-607.7215,-1017.5888,-1017.5888,-1017.5888,-1017.5888,-1017.5888,-1017.5888,-1017.5888,-1017.5888,-1017.5888,-1017.5888,-14521.9722,-14521.9722,-14521.9722,-14521.9722,-14521.9722,-2224.4618,-2224.4618,-2224.4618,-2224.4618,-2224.4618
Cambodia,Forestland,Emissions (CO2eq) (AR5),kilotonnes,-607.7215,-1017.5888,-1017.5888,-1017.5888,-1017.5888,-1017.5888,-1017.5888,-1017.5888,-1017.5888,-1017.5888,-1017.5888,-14521.9722,-14521.9722,-14521.9722,-14521.9722,-14521.9722,-2224.4618,-2224.4618,-2224.4618,-2224.4618,-2224.4618
Cambodia,Net Forest conversion,Emissions (CO2),kilotonnes,4777.0038,4590.3278,4590.3278,4590.3278,4590.3278,4590.3278,4590.3278,4590.3278,4590.3278,4590.3278,4590.3278,79445.3304,79445.3304,79445.3304,79445.3304,79445.3304,31230.0278,31230.0278,31230.0278,31230.0278,31230.0278
Cambodia,Net Forest conversion,Emissions (CO2eq) (AR5),kilotonnes,4777.0038,4590.3278,4590.3278,4590.3278,4590.3278,4590.3278,4590.3278,4590.3278,4590.3278,4590.3278,4590.3278,79445.3304,79445.3304,79445.3304,79445.3304,79445.3304,31230.0278,31230.0278,31230.0278,31230.0278,31230.0278
Cambodia,Savanna fires,Emissions (CH4),kilotonnes,21.2102,16.6524,19.7694,20.3716,25.6695,13.8415,21.7774,23.9772,22.1192,23.5431,22.021,26.5453,21.9584,23.5376,20.7148,26.1826,20.7862,25.782,18.7541,22.9671,20.7781
Cambodia,Savanna fires,Emissions (N2O),kilotonnes,1.9366,1.5204,1.805,1.86,2.3437,1.2638,1.9884,2.1892,2.0196,2.1496,2.0106,2.4237,2.0049,2.1491,1.8914,2.3906,1.8979,2.354,1.7123,2.097,1.8971
Cambodia,Savanna fires,Emissions (CO2eq) from CH4 (AR5),kilotonnes,593.8866,466.267,553.5434,570.405,718.7447,387.5612,609.7682,671.3619,619.3386,659.2065,616.5881,743.2687,614.8361,659.0522,580.0145,733.1121,582.0148,721.8961,525.1144,643.0799,581.7855
Cambodia,Savanna fires,Emissions (CO2eq) from N2O (AR5),kilotonnes,513.1956,402.9155,478.3337,492.9043,621.0892,334.9034,526.9192,580.1443,535.1893,569.6404,532.8125,642.2811,531.2986,569.5071,501.2082,633.5044,502.9367,623.8124,453.7673,555.7049,502.7386
Cambodia,Savanna fires,Emissions (CO2eq) (AR5),kilotonnes,1107.0822,869.1825,1031.8771,1063.3093,1339.8338,722.4646,1136.6874,1251.5062,1154.5279,1228.8468,1149.4006,1385.5498,1146.1347,1228.5593,1081.2227,1366.6165,1084.9516,1345.7086,978.8817,1198.7848,1084.5241
Cambodia,Fires in organic soils,Emissions (CH4),kilotonnes,0,0,0,0,0,0,0,0,0,0,0,0,0,0,0,0,0,0,0,0,0
Cambodia,Fires in organic soils,Emissions (CO2),kilotonnes,0,0,0,0,0,0,0,0,0,0,0,0,0,0,0,0,0,0,0,0,0
Cambodia,Fires in organic soils,Emissions (CO2eq) from CH4 (AR5),kilotonnes,0,0,0,0,0,0,0,0,0,0,0,0,0,0,0,0,0,0,0,0,0
Cambodia,Fires in organic soils,Emissions (CO2eq) (AR5),kilotonnes,0,0,0,0,0,0,0,0,0,0,0,0,0,0,0,0,0,0,0,0,0
Cambodia,Forest fires,Emissions (CH4),kilotonnes,83.4315,85.0555,126.7712,146.8726,166.7373,99.8421,143.7405,140.0575,122.61,127.2998,94.429,127.0401,96.7485,98.681,93.8235,104.8993,92.814,87.7132,59.0487,59.9766,66.6367
Cambodia,Forest fires,Emissions (N2O),kilotonnes,2.4539,7.7659,11.5748,13.4101,15.2238,9.116,13.1241,12.7879,11.1948,11.623,8.6218,11.5993,8.8336,9.01,8.5665,9.5778,8.4743,8.0086,5.3914,5.4761,6.0842
Cambodia,Forest fires,Emissions (CO2eq) from CH4 (AR5),kilotonnes,2336.0816,2381.5534,3549.5926,4112.4337,4668.6455,2795.578,4024.7341,3921.6111,3433.0807,3564.3932,2644.0128,3557.1233,2708.959,2763.067,2627.0578,2937.1794,2598.7909,2455.9709,1653.363,1679.3461,1865.8264
Cambodia,Forest fires,Emissions (CO2eq) from N2O (AR5),kilotonnes,650.2748,2057.9728,3067.311,3553.6791,4034.3186,2415.7441,3477.8953,3388.7835,2966.6295,3080.1006,2284.7719,3073.8185,2340.8939,2387.6503,2270.1206,2538.1061,2245.6943,2122.2792,1428.7213,1451.1741,1612.3174
Cambodia,Forest fires,Emissions (CO2eq) (AR5),kilotonnes,2986.3564,4439.5261,6616.9037,7666.1128,8702.9641,5211.3221,7502.6294,7310.3947,6399.7102,6644.4938,4928.7847,6630.9418,5049.853,5150.7173,4897.1784,5475.2856,4844.4852,4578.2502,3082.0843,3130.5202,3478.1438
Cambodia,Fires in humid tropical forests,Emissions (CH4),kilotonnes,30.4349,44.1046,67.0702,76.985,85.5978,41.4125,78.3023,75.237,66.0222,70.4289,53.362,74.3717,54.5486,50.43,54.0405,61.6263,44.464,53.974,35.0895,37.6439,40.2435
Cambodia,Fires in humid tropical forests,Emissions (N2O),kilotonnes,0.8951,4.0269,6.1238,7.0291,7.8155,3.7811,7.1493,6.8695,6.0281,6.4305,4.8722,6.7905,4.9805,4.6045,4.9341,5.6268,4.0598,4.9281,3.2038,3.4371,3.6744
Cambodia,Fires in humid tropical forests,Emissions (CO2eq) from CH4 (AR5),kilotonnes,852.1784,1234.9291,1877.9647,2155.5813,2396.7387,1159.5507,2192.464,2106.6346,1848.6213,1972.0086,1494.1363,2082.4088,1527.3607,1412.0387,1513.1352,1725.5371,1244.991,1511.2709,982.5055,1054.0305,1126.817
Cambodia,Fires in humid tropical forests,Emissions (CO2eq) from N2O (AR5),kilotonnes,237.2134,1067.1398,1622.8065,1862.7034,2071.0949,1002.003,1894.5749,1820.4071,1597.4499,1704.0727,1291.1286,1799.4728,1319.8388,1220.1856,1307.5462,1491.0891,1075.8347,1305.9351,849.0129,910.8199,973.7169
Cambodia,Fires in humid tropical forests,Emissions (CO2eq) (AR5),kilotonnes,1089.3919,2302.0689,3500.7712,4018.2846,4467.8335,2161.5537,4087.0389,3927.0417,3446.0712,3676.0813,2785.2649,3881.8817,2847.1995,2632.2242,2820.6815,3216.6263,2320.8257,2817.206,1831.5183,1964.8504,2100.5338
Cambodia,Waste - agri-food systems,Emissions (CH4),kilotonnes,47.3617,48.1937,48.8452,49.436,49.9823,50.5525,51.0921,51.56,52.0706,52.5066,52.9591,53.4953,53.9842,54.5164,54.7483,55.2215,55.6824,56.1052,56.5256,56.9496,57.2939
Cambodia,Waste - agri-food systems,Emissions (N2O),kilotonnes,0.2112,0.2313,0.2337,0.2369,0.2332,0.2557,0.2786,0.2828,0.2849,0.296,0.303,0.3174,0.3225,0.3324,0.3326,0.3354,0.3421,0.3506,0.3558,0.361,0.3661
Cambodia,Waste - agri-food systems,Emissions (CO2),kilotonnes,30.6,30.7201,30.821,30.9374,31.1267,31.3555,31.5569,31.7958,32.0472,32.0538,32.1618,32.3454,32.4721,32.5835,32.712,32.8198,32.9635,33.106,33.2484,33.384,33.3201
Cambodia,Waste - agri-food systems,Emissions (CO2eq) from CH4 (AR5),kilotonnes,1326.1273,1349.4231,1367.6667,1384.2088,1399.5041,1415.4712,1430.5774,1443.6806,1457.9766,1470.1858,1482.8537,1497.8673,1511.5571,1526.4595,1532.9511,1546.2017,1559.1068,1570.9443,1582.7174,1594.5898,1604.2281
Cambodia,Waste - agri-food systems,Emissions (CO2eq) from N2O (AR5),kilotonnes,55.9577,61.2846,61.9413,62.785,61.7881,67.7502,73.8422,74.9485,75.5054,78.4315,80.296,84.1015,85.4551,88.0856,88.1312,88.8789,90.6438,92.914,94.2875,95.6601,97.0082
Cambodia,Waste - agri-food systems,Emissions (CO2eq) (AR5),kilotonnes,1412.6849,1441.4278,1460.4291,1477.9312,1492.419,1514.5768,1535.9765,1550.4248,1565.5292,1580.6711,1595.3116,1614.3141,1629.4843,1647.1286,1653.7942,1667.9004,1682.7142,1696.9643,1710.2533,1723.634,1734.5565
Cambodia,On-farm electricity use,Emissions (CH4),kilotonnes,0,0,0,0,0,0,0,0,0,0,0,0,0,0,0,0,0,0,0,0,0
Cambodia,On-farm electricity use,Emissions (N2O),kilotonnes,0,0,0,0,0,0,0,0,0,0,0,0,0,0,0,0,0,0,0,0,0
Cambodia,On-farm electricity use,Emissions (CO2),kilotonnes,0,0,0,0,0,0,0,0,0,0,0,0,0,0,0,0,0,0,0,0,0
Cambodia,On-farm electricity use,Emissions (CO2eq) from CH4 (AR5),kilotonnes,0,0,0,0,0,0,0,0,0,0,0,0,0,0,0,0,0,0,0,0,0
Cambodia,On-farm electricity use,Emissions (CO2eq) from N2O (AR5),kilotonnes,0,0,0,0,0,0,0,0,0,0,0,0,0,0,0,0,0,0,0,0,0
Cambodia,On-farm electricity use,Emissions (CO2eq) (AR5),kilotonnes,0,0,0,0,0,0,0,0,0,0,0,0,0,0,0,0,0,0,0,0,0
Cambodia,Food Processing,Emissions (CH4),kilotonnes,0.0017,0.0016,0.0017,0.0017,0.0022,0.0018,0.0014,0.397,0.3979,0.6307,0.4306,0.7546,0.6166,0.6234,0.7009,0.7588,0.8294,0.8978,0.9675,0.9677,1.0049
Cambodia,Food Processing,Emissions (N2O),kilotonnes,0.0006,0.0006,0.0006,0.0006,0.0007,0.0006,0.0006,0.0038,0.0041,0.0062,0.0044,0.0048,0.0042,0.0042,0.0044,0.0046,0.0059,0.0054,0.0054,0.0059,0.0062
Cambodia,Food Processing,Emissions (CO2),kilotonnes,16.4488,16.6857,14.2297,14.2727,23.0171,22.6077,21.0177,85.0835,85.8581,99.6999,77.0968,109.2602,119.7871,124.1297,142.5147,169.9934,206.3111,228.5042,215.1709,291.6558,289.2652
Cambodia,Food Processing,Emissions (CO2eq) from CH4 (AR5),kilotonnes,0.0476,0.0448,0.0476,0.0476,0.0616,0.0504,0.0392,11.116,11.1412,17.6596,12.0568,21.1288,17.2648,17.4552,19.6252,21.2464,23.2232,25.1384,27.09,27.0956,28.1377
Cambodia,Food Processing,Emissions (CO2eq) from N2O (AR5),kilotonnes,0.159,0.159,0.159,0.159,0.1855,0.159,0.159,1.007,1.0865,1.643,1.166,1.272,1.113,1.113,1.166,1.219,1.5635,1.431,1.431,1.5635,1.6339
Cambodia,Food Processing,Emissions (CO2eq) (AR5),kilotonnes,16.6554,16.8895,14.4363,14.4793,23.2642,22.8171,21.2159,97.2065,98.0858,119.0025,90.3196,131.661,138.1649,142.6979,163.3059,192.4588,231.0978,255.0736,243.6919,320.3149,319.0368
Cambodia,Food Packaging,Emissions (CH4),kilotonnes,0.0282,0.0279,0.0345,0.0358,0.0258,0.0252,0.0255,0.0232,0.0204,0.0405,0.0423,0.0391,0.0551,0.05,0.0554,0.056,0.0636,0.0654,0.0685,0.0634,0.0658
Cambodia,Food Packaging,Emissions (N2O),kilotonnes,0.0001,0.0001,0.0001,0.0001,0.0001,0.0001,0.0001,0.0001,0.0002,0.0004,0.0004,0.0004,0.0006,0.0005,0.0006,0.0006,0.0007,0.0007,0.0009,0.0007,0.0007
Cambodia,Food Packaging,Emissions (CO2),kilotonnes,2.4282,2.71,2.6101,2.7175,2.5712,3.2446,3.3564,4.5575,3.8397,5.0297,7.4591,10.396,9.7433,8.9296,10.0877,11.4622,17.9226,28.7177,43.9317,18.7453,18.5917
Cambodia,Food Packaging,Emissions (CO2eq) from CH4 (AR5),kilotonnes,0.7896,0.7812,0.966,1.0024,0.7224,0.7056,0.714,0.6496,0.5712,1.134,1.1844,1.0948,1.5428,1.4,1.5512,1.568,1.7808,1.8312,1.918,1.7752,1.8435
Cambodia,Food Packaging,Emissions (CO2eq) from N2O (AR5),kilotonnes,0.0265,0.0265,0.0265,0.0265,0.0265,0.0265,0.0265,0.0265,0.053,0.106,0.106,0.106,0.159,0.1325,0.159,0.159,0.1855,0.1855,0.2385,0.1855,0.1939
Cambodia,Food Packaging,Emissions (CO2eq) (AR5),kilotonnes,3.2443,3.5177,3.6026,3.7464,3.3201,3.9767,4.0969,5.2336,4.4639,6.2697,8.7495,11.5968,11.4451,10.4621,11.7979,13.1892,19.8889,30.7344,46.0882,20.706,20.629
Cambodia,Food Retail,Emissions (CH4),kilotonnes,0.0644,0.0639,0.0775,0.08,0.061,0.0595,0.0573,0.0541,0.0644,0.0678,0.0783,0.0946,0.1287,0.1397,0.1616,0.1984,0.3823,0.3656,0.4433,0.409,0.4247
Cambodia,Food Retail,Emissions (N2O),kilotonnes,0.0003,0.0003,0.0004,0.0004,0.0003,0.0003,0.0003,0.0003,0.0004,0.0004,0.0004,0.0005,0.0007,0.0008,0.0009,0.0011,0.0021,0.0021,0.0025,0.0023,0.0024
Cambodia,Food Retail,Emissions (CO2),kilotonnes,15.8178,17.9747,17.6552,19.0133,19.5725,22.2088,23.9663,27.3216,32.2802,32.5538,41.2944,47.2437,63.5921,70.3461,81.3695,99.935,230.2198,227.4652,270.8523,243.4372,241.4418
Cambodia,Food Retail,Emissions (CO2eq) from CH4 (AR5),kilotonnes,1.8027,1.7887,2.1688,2.2387,1.7076,1.6657,1.6042,1.5148,1.8032,1.8984,2.1924,2.6488,3.6036,3.9116,4.5248,5.5552,10.7044,10.2368,12.4124,11.452,11.8925
Cambodia,Food Retail,Emissions (CO2eq) from N2O (AR5),kilotonnes,0.0809,0.0829,0.0955,0.0971,0.0795,0.08,0.0802,0.0795,0.106,0.106,0.106,0.1325,0.1855,0.212,0.2385,0.2915,0.5565,0.5565,0.6625,0.6095,0.637
Cambodia,Food Retail,Emissions (CO2eq) (AR5),kilotonnes,17.7013,19.8463,19.9195,21.349,21.3596,23.9545,25.6507,28.9159,34.1894,34.5582,43.5928,50.025,67.3812,74.4697,86.1328,105.7817,241.4807,238.2585,283.9272,255.4987,253.9712
Cambodia,Food Household Consumption,Emissions (CH4),kilotonnes,0.0627,0.0699,0.0788,0.084,0.0968,0.1272,0.1534,0.1857,0.2231,0.2585,0.2918,0.3358,0.4553,0.4943,0.5711,0.7029,0.5229,0.7476,0.9062,0.9062,0.9411
Cambodia,Food Household Consumption,Emissions (N2O),kilotonnes,0.0005,0.0005,0.0007,0.0009,0.0008,0.001,0.0012,0.0012,0.0015,0.0017,0.0018,0.002,0.0026,0.0028,0.0032,0.004,0.0029,0.0041,0.005,0.005,0.0052
Cambodia,Food Household Consumption,Emissions (CO2),kilotonnes,63.6377,67.3437,87.7592,114.0149,101.4355,121.1761,136.9281,146.9866,162.5214,188.1244,217.4496,223.3266,285.086,316.9414,361.5179,460.8582,294.9965,413.4804,496.6468,496.6468,492.5759
Cambodia,Food Household Consumption,Emissions (CO2eq) from CH4 (AR5),kilotonnes,1.7556,1.9572,2.2064,2.352,2.7104,3.5616,4.2952,5.1996,6.2468,7.238,8.1704,9.4024,12.7484,13.8404,15.9908,19.6812,14.6412,20.9328,25.3736,25.3736,26.3495
Cambodia,Food Household Consumption,Emissions (CO2eq) from N2O (AR5),kilotonnes,0.1325,0.1325,0.1855,0.2385,0.212,0.265,0.318,0.318,0.3975,0.4505,0.477,0.53,0.689,0.742,0.848,1.06,0.7685,1.0865,1.325,1.325,1.3847
Cambodia,Food Household Consumption,Emissions (CO2eq) (AR5),kilotonnes,65.5258,69.4334,90.1511,116.6054,104.3579,125.0027,141.5413,152.5042,169.1657,195.8129,226.097,233.259,298.5234,331.5238,378.3567,481.5994,310.4062,435.4997,523.3454,523.3454,520.3101
Cambodia,Food Transport,Emissions (CH4),kilotonnes,0.0274,0.0276,0.0274,0.0261,0.0259,0.0281,0.0303,0.0522,0.062,0.0694,0.0838,0.0874,0.0866,0.0877,0.0956,0.1102,0.1254,0.1377,0.1492,0.1216,0.1263
Cambodia,Food Transport,Emissions (N2O),kilotonnes,0.01,0.0125,0.0108,0.011,0.0123,0.0142,0.016,0.017,0.0162,0.0234,0.0266,0.0284,0.0307,0.0314,0.0344,0.0369,0.0454,0.0408,0.0445,0.0412,0.0431
Cambodia,Food Transport,Emissions (CO2),kilotonnes,147.1875,170.6285,148.9478,150.9845,156.0845,169.1913,181.8213,223.0171,230.2131,303.6368,351.5411,371.2515,392.2965,400.517,437.442,480.432,566.062,586.685,640.345,540.2007,535.7728
Cambodia,Food Transport,Emissions (CO2eq) from CH4 (AR5),kilotonnes,0.7672,0.7728,0.7672,0.7308,0.7252,0.7868,0.8484,1.4616,1.736,1.9432,2.3464,2.4472,2.4248,2.4556,2.6768,3.0856,3.5112,3.8556,4.1776,3.4048,3.5358
Cambodia,Food Transport,Emissions (CO2eq) from N2O (AR5),kilotonnes,2.65,3.3125,2.862,2.915,3.2595,3.763,4.24,4.505,4.293,6.201,7.049,7.526,8.1355,8.321,9.116,9.7785,12.031,10.812,11.7925,10.918,11.4098
Cambodia,Food Transport,Emissions (CO2eq) (AR5),kilotonnes,150.6047,174.7138,152.577,154.6303,160.0692,173.7411,186.9097,228.9837,236.2421,311.781,360.9365,381.2247,402.8568,411.2936,449.2348,493.2961,581.6042,601.3526,656.3151,554.5235,550.7184
Cambodia,Energy,Emissions (CH4),kilotonnes,64.5,64,77.6,80.1,61.1,59.6,57.4,54.2,53.5,93.9,95.9,103,105,106,108,110,112,115,116,130,135
Cambodia,Energy,Emissions (N2O),kilotonnes,0.479,0.491,0.566,0.575,0.471,0.474,0.475,0.471,0.461,0.699,0.721,0.755,0.787,0.808,0.857,0.912,1.06,1.01,1.03,1.11,1.16
Cambodia,Energy,Emissions (CO2),kilotonnes,1980,2250,2210,2380,2450,2780,3000,3420,3510,4210,4730,4770,4970,5070,5990,7880,9120,10600,11200,12200,12100
Cambodia,Energy,Emissions (CO2eq) from CH4 (AR5),kilotonnes,1806,1792,2172.8,2242.8,1710.8,1668.8,1607.2,1517.6,1498,2629.2,2685.2,2884,2940,2968,3024,3080,3136,3220,3248,3640,3780
Cambodia,Energy,Emissions (CO2eq) from N2O (AR5),kilotonnes,126.935,130.115,149.99,152.375,124.815,125.61,125.875,124.815,122.165,185.235,191.065,200.075,208.555,214.12,227.105,241.68,280.9,267.65,272.95,294.15,307.4
Cambodia,Energy,Emissions (CO2eq) (AR5),kilotonnes,3912.935,4172.115,4532.79,4775.175,4285.615,4574.41,4733.075,5062.415,5130.165,7024.435,7606.265,7854.075,8118.555,8252.12,9241.105,11201.68,12536.9,14087.65,14720.95,16134.15,16187.4
Cambodia,IPPU,Emissions (N2O),kilotonnes,0.0001,0.0001,0.0001,0.0001,0.0001,0.0001,0.0001,0.0001,0.0001,0.0001,0.0001,0.0001,0.0001,0.0001,0.0001,0.0001,0.0001,0.0001,0.0001,0.0001,0.0001
Cambodia,IPPU,Emissions (CO2),kilotonnes,32.5,28.8,30.5,32.8,34,35.1,36.3,88.8,410,386,408,469,526,547,550,720,1480,2350,3370,5380,5380
Cambodia,IPPU,Emissions (CO2eq) from N2O (AR5),kilotonnes,0.0258,0.0263,0.0268,0.0273,0.0278,0.0281,0.0286,0.0289,0.0294,0.0299,0.0302,0.0307,0.0313,0.0318,0.0323,0.0329,0.0334,0.0339,0.0344,0.0347,0.0352
Cambodia,IPPU,Emissions (CO2eq) (AR5),kilotonnes,32.5258,28.8263,30.5268,32.8273,34.0278,35.1281,36.3286,88.8289,410.0294,386.0299,408.0302,469.0307,526.0313,547.0318,550.0323,720.0329,1480.0334,2350.0339,3370.0345,5380.0347,5380.0352
Cambodia,Waste,Emissions (CH4),kilotonnes,70.7,72.5,74.2,76,77.8,79.7,81.5,83.2,84.8,86.3,88,89.9,91.9,94.2,96.4,98.5,101,103,105,106,108
Cambodia,Waste,Emissions (N2O),kilotonnes,0.413,0.422,0.43,0.445,0.444,0.46,0.488,0.521,0.538,0.549,0.561,0.582,0.597,0.617,0.631,0.641,0.647,0.658,0.661,0.7,0.716
Cambodia,Waste,Emissions (CO2),kilotonnes,5.07,5.46,5.83,6.28,6.78,7.41,7.75,8.21,8.67,9.14,9.61,10.1,10.6,10.6,10.6,10.6,10.6,10.9,11.3,12,12.3
Cambodia,Waste,Emissions (CO2eq) from CH4 (AR5),kilotonnes,1979.6,2030,2077.6,2128,2178.4,2231.6,2282,2329.6,2374.4,2416.4,2464,2517.2,2573.2,2637.6,2699.2,2758,2828,2884,2940,2968,3024
Cambodia,Waste,Emissions (CO2eq) from N2O (AR5),kilotonnes,109.445,111.83,113.95,117.925,117.66,121.9,129.32,138.065,142.57,145.485,148.665,154.23,158.205,163.505,167.215,169.865,171.455,174.37,175.165,185.5,189.74
Cambodia,Waste,Emissions (CO2eq) (AR5),kilotonnes,2094.115,2147.29,2197.38,2252.205,2302.84,2360.91,2419.07,2475.875,2525.64,2571.025,2622.275,2681.53,2742.005,2811.705,2877.015,2938.465,3010.055,3069.27,3126.465,3165.5,3226.04
Cambodia,Other,Emissions (N2O),kilotonnes,0.385,0.398,0.457,0.47,0.404,0.416,0.427,0.452,0.452,0.609,0.61,0.644,0.658,0.653,0.67,0.711,0.78,0.811,0.825,0.863,0.894
Cambodia,Other,Emissions (CO2eq) from N2O (AR5),kilotonnes,102.025,105.47,121.105,124.55,107.06,110.24,113.155,119.78,119.78,161.385,161.65,170.66,174.37,173.045,177.55,188.415,206.7,214.915,218.625,228.695,236.91
Cambodia,Other,Emissions (CO2eq) (AR5),kilotonnes,102.025,105.47,121.105,124.55,107.06,110.24,113.155,119.78,119.78,161.385,161.65,170.66,174.37,173.045,177.55,188.415,206.7,214.915,218.625,228.695,236.91
Cambodia,Farm-gate emissions,Emissions (CH4),kilotonnes,526.6482,525.9209,533.944,580.0053,567.4937,614.4886,649.7279,661.1076,668.4048,684.6887,691.7049,722.135,699.8299,693.6637,673.6402,668.807,677.9958,692.5954,693.4445,683.1953,674.2831
Cambodia,Farm-gate emissions,Direct emissions (N2O),kilotonnes,4.5581,4.4483,4.6096,4.8777,4.8542,5.3991,5.6266,5.7815,5.9277,6.239,6.2952,6.5426,6.5132,6.4264,6.538,6.7655,6.5105,7.4971,7.793,7.4391,7.4286
Cambodia,Farm-gate emissions,Indirect emissions (N2O),kilotonnes,1.1798,1.1521,1.2039,1.2652,1.2661,1.4027,1.4595,1.4943,1.5301,1.6123,1.6277,1.7029,1.7101,1.6829,1.7292,1.8058,1.709,2.0222,2.1071,2.0008,1.9953
Cambodia,Farm-gate emissions,Emissions (N2O),kilotonnes,10.3842,9.7301,10.2652,10.7441,11.24,10.9898,12.1444,12.5549,12.5965,13.2084,13.0535,13.7423,12.9793,12.9979,12.8817,13.6907,12.8645,14.5827,14.3036,14.1866,13.9795
Cambodia,Farm-gate emissions,Emissions (CO2),kilotonnes,44.8581,53.2803,44.8756,45.92,46.6763,51.4463,55.2231,60.8558,63.1145,91.4674,102.9824,110.0725,121.0668,128.5648,135.6307,147.5961,172.2596,169.5136,186.9498,197.2137,197.2137
Cambodia,Farm-gate emissions,Emissions (CO2eq) from CH4 (AR5),kilotonnes,14746.1487,14725.7866,14950.4326,16240.1485,15889.8235,17205.6808,18192.3821,18511.0128,18715.334,19171.2834,19367.7363,20219.7803,19595.2364,19422.5843,18861.9245,18726.5948,18983.8813,19392.6726,19416.4468,19129.4672,18879.928
Cambodia,Farm-gate emissions,Emissions (CO2eq) from N2O (AR5),kilotonnes,2751.8262,2578.4871,2720.2897,2847.1918,2978.6111,2912.2981,3218.2782,3327.0434,3338.0712,3500.2207,3459.1818,3641.7158,3439.5099,3444.4392,3413.6621,3628.0367,3409.0969,3864.4093,3790.4621,3759.4364,3704.5724
Cambodia,Farm-gate emissions,Emissions (CO2eq) (AR5),kilotonnes,17542.8331,17357.554,17715.598,19133.2604,18915.1108,20169.4252,21465.8834,21898.912,22116.5197,22762.9715,22929.9004,23971.5687,23155.8132,22995.5884,22411.2172,22502.2275,22565.2378,23426.5955,23393.8587,23086.1172,22781.7141
Cambodia,Land Use change,Emissions (CH4),kilotonnes,30.4349,44.1046,67.0702,76.985,85.5978,41.4125,78.3023,75.237,66.0222,70.4289,53.362,74.3717,54.5486,50.43,54.0405,61.6263,44.464,53.974,35.0895,37.6439,40.2435
Cambodia,Land Use change,Emissions (N2O),kilotonnes,0.8951,4.0269,6.1238,7.0291,7.8155,3.7811,7.1493,6.8695,6.0281,6.4305,4.8722,6.7905,4.9805,4.6045,4.9341,5.6268,4.0598,4.9281,3.2038,3.4371,3.6744
Cambodia,Land Use change,Emissions (CO2),kilotonnes,4777.0038,4590.3278,4590.3278,4590.3278,4590.3278,4590.3278,4590.3278,4590.3278,4590.3278,4590.3278,4590.3278,79445.3304,79445.3304,79445.3304,79445.3304,79445.3304,31230.0278,31230.0278,31230.0278,31230.0278,31230.0278
Cambodia,Land Use change,Emissions (CO2eq) from CH4 (AR5),kilotonnes,852.1784,1234.9291,1877.9647,2155.5813,2396.7387,1159.5507,2192.464,2106.6346,1848.6213,1972.0086,1494.1363,2082.4088,1527.3607,1412.0387,1513.1352,1725.5371,1244.991,1511.2709,982.5055,1054.0305,1126.817
Cambodia,Land Use change,Emissions (CO2eq) from N2O (AR5),kilotonnes,237.2134,1067.1398,1622.8065,1862.7034,2071.0949,1002.003,1894.5749,1820.4071,1597.4499,1704.0727,1291.1286,1799.4728,1319.8388,1220.1856,1307.5462,1491.0891,1075.8347,1305.9351,849.0129,910.8199,973.7169
Cambodia,Land Use change,Emissions (CO2eq) (AR5),kilotonnes,5866.3956,6892.3967,8091.099,8608.6125,9058.1614,6751.8815,8677.3668,8517.3696,8036.3991,8266.4092,7375.5927,83327.2121,82292.53,82077.5547,82266.0119,82661.9567,33550.8535,34047.2338,33061.5461,33194.8782,33330.5616
Cambodia,Emissions on agricultural land,Emissions (CH4),kilotonnes,557.0831,570.0256,601.0142,656.9903,653.0915,655.9011,728.0302,736.3446,734.427,755.1176,745.0669,796.5068,754.3785,744.0937,727.6807,730.4333,722.4597,746.5694,728.534,720.8392,714.5266
Cambodia,Emissions on agricultural land,Emissions (N2O),kilotonnes,11.2794,13.7571,16.389,17.7732,19.0555,14.7709,19.2938,19.4243,18.6246,19.6388,17.9257,20.5328,17.9598,17.6024,17.8159,19.3175,16.9243,19.5107,17.5075,17.6236,17.6539
Cambodia,Emissions on agricultural land,Emissions (CO2),kilotonnes,4821.8619,4643.6082,4635.2035,4636.2479,4637.0041,4641.7741,4645.551,4651.1837,4653.4424,4681.7952,4693.3102,79555.403,79566.3972,79573.8952,79580.9611,79592.9265,31402.2873,31399.5414,31416.9776,31427.2414,31427.2414
Cambodia,Emissions on agricultural land,Emissions (CO2eq) from CH4 (AR5),kilotonnes,15598.3272,15960.7157,16828.3973,18395.7298,18286.5622,18365.2315,20384.8461,20617.6474,20563.9553,21143.292,20861.8725,22302.1891,21122.5971,20834.623,20375.0597,20452.1319,20228.8724,20903.9434,20398.9523,20183.4977,20006.745
Cambodia,Emissions on agricultural land,Emissions (CO2eq) from N2O (AR5),kilotonnes,2989.0396,3645.6269,4343.0962,4709.8952,5049.7059,3914.3011,5112.8532,5147.4505,4935.5211,5204.2934,4750.3104,5441.1887,4759.3488,4664.6248,4721.2083,5119.1258,4484.9315,5170.3445,4639.475,4670.2563,4678.2893
Cambodia,Emissions on agricultural land,Emissions (CO2eq) (AR5),kilotonnes,23409.2287,24249.9507,25806.697,27741.8728,27973.2722,26921.3068,30143.2502,30416.2816,30152.9187,31029.3807,30305.4931,107298.7808,105448.3431,105073.143,104677.2291,105164.1842,56116.0913,57473.8293,56455.4048,56280.9954,56112.2757
Cambodia,Pre- and post- production,Emissions (CH4),kilotonnes,47.5461,48.3846,49.0651,49.6636,50.194,50.7943,51.3599,52.2722,52.8384,53.5735,53.8859,54.8068,55.3265,55.9115,56.3329,57.0478,57.606,58.3193,59.0603,59.4175,59.8567
Cambodia,Pre- and post- production,Emissions (N2O),kilotonnes,0.2227,0.2453,0.2463,0.2499,0.2474,0.2719,0.2969,0.3052,0.3073,0.3281,0.3366,0.3535,0.3613,0.3721,0.3761,0.3826,0.3991,0.4037,0.4141,0.4161,0.4237
Cambodia,Pre- and post- production,Emissions (CO2),kilotonnes,276.12,306.0628,302.023,331.9403,333.8075,369.7839,398.6467,518.7621,546.7597,661.0984,727.0028,793.8234,902.9771,953.4473,1065.6438,1255.5006,1348.4755,1517.9585,1700.1951,1624.0698,1610.9675
Cambodia,Pre- and post- production,Emissions (CO2eq) from CH4 (AR5),kilotonnes,1331.2899,1354.7677,1373.8227,1390.5802,1405.4314,1422.2413,1438.0785,1463.6222,1479.475,1500.059,1508.8041,1534.5893,1549.1415,1565.5223,1577.3199,1597.3381,1612.9676,1632.9391,1653.689,1663.691,1675.987
Cambodia,Pre- and post- production,Emissions (CO2eq) from N2O (AR5),kilotonnes,59.0065,64.998,65.2699,66.221,65.5511,72.0437,78.6659,80.8845,81.4414,86.938,89.2,93.668,95.7371,98.6061,99.6587,101.3869,105.7488,106.9855,109.737,110.2616,112.2675
Cambodia,Pre- and post- production,Emissions (CO2eq) (AR5),kilotonnes,1666.4164,1725.8285,1741.1156,1788.7416,1804.79,1864.069,1915.3911,2063.2687,2107.6761,2248.0954,2325.007,2422.0806,2547.8557,2617.5757,2742.6223,2954.2256,3067.192,3257.8831,3463.6211,3398.0225,3399.222
Cambodia,Agri-food systems,Emissions (CH4),kilotonnes,604.6292,618.4101,650.0793,706.6539,703.2855,706.6955,779.3902,788.6168,787.2654,808.6911,798.9527,851.3135,809.705,800.0052,784.0136,787.4811,780.0657,804.8887,787.5943,780.2567,774.3833
Cambodia,Agri-food systems,Emissions (N2O),kilotonnes,11.5021,14.0024,16.6353,18.0231,19.3029,15.0428,19.5906,19.7296,18.9319,19.9669,18.2623,20.8863,18.3211,17.9745,18.192,19.7,17.3233,19.9145,17.9216,18.0397,18.0776
Cambodia,Agri-food systems,Emissions (CO2),kilotonnes,5097.9819,4949.6709,4937.2265,4968.1882,4970.8116,5011.5581,5044.1977,5169.9458,5200.202,5342.8937,5420.313,80349.2263,80469.3743,80527.3426,80646.6049,80848.4271,32750.7629,32917.4998,33117.1727,33051.3112,33038.209
Cambodia,Agri-food systems,Emissions (CO2eq) from CH4 (AR5),kilotonnes,16929.6171,17315.4834,18202.22,19786.31,19691.9935,19787.4728,21822.9246,22081.2696,22043.4303,22643.351,22370.6766,23836.7784,22671.7386,22400.1453,21952.3796,22049.47,21841.84,22536.8825,22052.6413,21847.1887,21682.732
Cambodia,Agri-food systems,Emissions (CO2eq) from N2O (AR5),kilotonnes,3048.0461,3710.6249,4408.366,4776.1162,5115.2571,3986.3448,5191.5191,5228.335,5016.9625,5291.2314,4839.5105,5534.8566,4855.0858,4763.2309,4820.867,5220.5127,4590.6804,5277.33,4749.2119,4780.5179,4790.5567
Cambodia,Agri-food systems,Emissions (CO2eq) (AR5),kilotonnes,25075.6451,25975.7792,27547.8126,29530.6144,29778.0622,28785.3757,32058.6413,32479.5503,32260.5949,33277.4761,32630.5001,109720.8614,107996.1988,107690.7187,107419.8514,108118.4098,59183.2832,60731.7123,59919.026,59679.0179,59511.4977
Cambodia,IPCC Agriculture,Emissions (CH4),kilotonnes,526.6395,525.9116,533.9362,579.9985,567.4875,614.4818,649.7206,661.0958,668.3911,684.6711,691.6849,722.1143,699.809,693.6421,673.62,668.784,677.9714,692.5689,693.4133,683.1618,674.2497
Cambodia,IPCC Agriculture,Emissions (CH4),kilotonnes,442.23,443.48,455.4,480.94,490.49,526.78,553.95,570.92,589.32,611.22,627.28,644.06,660.68,664,640.85,629.41,645.15,,,,
Cambodia,IPCC Agriculture,Direct emissions (N2O),kilotonnes,4.5581,4.4483,4.6096,4.8777,4.8542,5.3991,5.6266,5.7815,5.9277,6.239,6.2952,6.5426,6.5132,6.4264,6.538,6.7655,6.5105,7.4971,7.793,7.4391,7.4286
Cambodia,IPCC Agriculture,Indirect emissions (N2O),kilotonnes,1.1798,1.1521,1.2039,1.2652,1.2661,1.4027,1.4595,1.4943,1.5301,1.6123,1.6277,1.7029,1.7101,1.6829,1.7292,1.8058,1.709,2.0222,2.1071,2.0008,1.9953
Cambodia,IPCC Agriculture,Emissions (N2O),kilotonnes,10.3694,9.7121,10.2502,10.7283,11.2239,10.9722,12.1257,12.5357,12.5771,13.1789,13.0204,13.7068,12.9396,12.9564,12.8355,13.641,12.8075,14.5256,14.2412,14.1208,13.9138
Cambodia,IPCC Agriculture,Emissions (N2O),kilotonnes,6.63,6.38,6.48,6.74,6.89,7.26,7.65,7.73,7.97,8.21,8.13,8.26,8.37,8.59,7.71,7.77,7.56,,,,
Cambodia,IPCC Agriculture,Emissions (CO2eq) from CH4 (AR5),kilotonnes,14745.9063,14725.5238,14950.2138,16239.9586,15889.6491,17205.491,18192.1763,18510.6827,18714.9515,19170.7922,19367.1765,20219.2007,19594.6512,19421.9782,18861.3598,18725.9528,18983.1987,19391.9293,19415.572,19128.5303,18878.9912
Cambodia,IPCC Agriculture,Emissions (CO2eq) from CH4 (AR5),kilotonnes,12382.44,12417.44,12751.2,13466.32,13733.72,14749.84,15510.6,15985.76,16500.96,17114.16,17563.84,18033.68,18499.04,18592,17943.8,17623.48,18064.2,,,,
Cambodia,IPCC Agriculture,Emissions (CO2eq) from N2O (AR5),kilotonnes,2747.8798,2573.6993,2716.2994,2843.0114,2974.3356,2907.6366,3213.3049,3321.9535,3332.9315,3492.41,3450.4069,3632.2959,3428.9931,3433.4469,3401.4173,3614.8629,3393.9874,3849.2925,3773.9117,3742.0249,3687.1608
Cambodia,IPCC Agriculture,Emissions (CO2eq) from N2O (AR5),kilotonnes,1756.95,1690.7,1717.2,1786.1,1825.85,1923.9,2027.25,2048.45,2112.05,2175.65,2154.45,2188.9,2218.05,2276.35,2043.15,2059.05,2003.4,,,,
Cambodia,IPCC Agriculture,Emissions (CO2eq) (AR5),kilotonnes,17493.7861,17299.2231,17666.5133,19082.97,18863.9847,20113.1276,21405.4813,21832.6362,22047.883,22663.2022,22817.5833,23851.4966,23023.6443,22855.4251,22262.7771,22340.8157,22377.1862,23241.2218,23189.4837,22870.5552,22566.152
Cambodia,IPCC Agriculture,Emissions (CO2eq) (AR5),kilotonnes,14139.39,14108.14,14468.4,15252.42,15559.57,16673.74,17537.85,18034.21,18613.01,19289.81,19718.29,20222.58,20717.09,20868.35,19986.95,19682.53,20067.6,,,,
Cambodia,Agricultural Soils,Direct emissions (N2O),kilotonnes,4.5581,4.4483,4.6096,4.8777,4.8542,5.3991,5.6266,5.7815,5.9277,6.239,6.2952,6.5426,6.5132,6.4264,6.538,6.7655,6.5105,7.4971,7.793,7.4391,7.4286
Cambodia,Agricultural Soils,Direct emissions (N2O),kilotonnes,2.56,,,,,2.85,,,,,3.36,,,,,3.27,3.17,,,,
Cambodia,Agricultural Soils,Indirect emissions (N2O),kilotonnes,1.1798,1.1521,1.2039,1.2652,1.2661,1.4027,1.4595,1.4943,1.5301,1.6123,1.6277,1.7029,1.7101,1.6829,1.7292,1.8058,1.709,2.0222,2.1071,2.0008,1.9953
Cambodia,Agricultural Soils,Emissions (N2O),kilotonnes,5.7379,5.6003,5.8136,6.1429,6.1203,6.8018,7.0862,7.2758,7.4578,7.8513,7.9228,8.2455,8.2233,8.1093,8.2672,8.5712,8.2195,9.5193,9.9001,9.4399,9.4238
Cambodia,Agricultural Soils,Emissions (N2O),kilotonnes,7.62,,,,,,,,,,,,,,,,,,,,
Cambodia,Agricultural Soils,Emissions (CO2eq) from N2O (AR5),kilotonnes,1520.5322,1484.0837,1540.5917,1627.8752,1621.8816,1802.4646,1877.8345,1928.0837,1976.323,2080.6027,2099.554,2185.048,2179.179,2148.9602,2190.8202,2271.3761,2178.1805,2522.6166,2623.5357,2501.5773,2497.3113
Cambodia,Agricultural Soils,Emissions (CO2eq) from N2O (AR5),kilotonnes,2019.3,,,,,,,,,,,,,,,,,,,,
Cambodia,Agricultural Soils,Emissions (CO2eq) (AR5),kilotonnes,1520.5322,1484.0837,1540.5917,1627.8752,1621.8816,1802.4646,1877.8345,1928.0837,1976.323,2080.6027,2099.554,2185.048,2179.179,2148.9602,2190.8202,2271.3761,2178.1805,2522.6166,2623.5357,2501.5773,2497.3113
Cambodia,Agricultural Soils,Emissions (CO2eq) (AR5),kilotonnes,2019.3,,,,,,,,,,,,,,,,,,,,
Cambodia,LULUCF,Emissions (CH4),kilotonnes,83.4315,85.0555,126.7712,146.8726,166.7373,99.8421,143.7405,140.0575,122.61,127.2998,94.429,127.0401,96.7485,98.681,93.8235,104.8993,92.814,87.7132,59.0487,59.9766,66.6367
Cambodia,LULUCF,Emissions (CH4),kilotonnes,32.06,,,,,,,,,,,,,,,,,,,,
Cambodia,LULUCF,Emissions (N2O),kilotonnes,2.4539,7.7659,11.5748,13.4101,15.2238,9.116,13.1241,12.7879,11.1948,11.623,8.6218,11.5993,8.8336,9.01,8.5665,9.5778,8.4743,8.0086,5.3914,5.4761,6.0842
Cambodia,LULUCF,Emissions (N2O),kilotonnes,0.22,,,,,,,,,,,,,,,,,,,,
Cambodia,LULUCF,Emissions (CO2),kilotonnes,4169.2823,3572.739,3572.739,3572.739,3572.739,3572.739,3572.739,3572.739,3572.739,3572.739,3572.739,64923.3582,64923.3582,64923.3582,64923.3582,64923.3582,29005.566,29005.566,29005.566,29005.566,29005.566
Cambodia,LULUCF,Emissions (CO2),kilotonnes,-25307.13,,,,,,,,,,,,,,,,,,,,
Cambodia,LULUCF,Emissions (CO2eq) from CH4 (AR5),kilotonnes,2336.0816,2381.5534,3549.5926,4112.4337,4668.6455,2795.578,4024.7341,3921.6111,3433.0807,3564.3932,2644.0128,3557.1233,2708.959,2763.067,2627.0578,2937.1794,2598.7909,2455.9709,1653.363,1679.3461,1865.8264
Cambodia,LULUCF,Emissions (CO2eq) from N2O (AR5),kilotonnes,650.2748,2057.9728,3067.311,3553.6791,4034.3186,2415.7441,3477.8953,3388.7835,2966.6295,3080.1006,2284.7719,3073.8185,2340.8939,2387.6503,2270.1206,2538.1061,2245.6943,2122.2792,1428.7213,1451.1741,1612.3174
Cambodia,LULUCF,Emissions (CO2eq) (AR5),kilotonnes,7155.6387,8012.2652,10189.6427,11238.8518,12275.7031,8784.0611,11075.3684,10883.1337,9972.4492,10217.2328,8501.5238,71554.3,69973.2112,70074.0755,69820.5366,70398.6438,33850.0511,33583.8161,32087.6502,32136.0862,32483.7097
Cambodia,LULUCF,Emissions (CO2eq) (AR5),kilotonnes,-25307.13,,,,,,,,,,,,,,,,,,,,
Cambodia,AFOLU,Emissions (CH4),kilotonnes,610.071,610.967,660.7074,726.8712,734.2248,714.3239,793.4611,801.1534,791.0011,811.9709,786.1139,849.1544,796.5575,792.323,767.4435,773.6833,770.7853,780.2821,752.462,743.1384,740.8863
Cambodia,AFOLU,Emissions (N2O),kilotonnes,12.8232,17.478,21.8249,24.1385,26.4478,20.0882,25.2498,25.3235,23.7719,24.8019,21.6422,25.3061,21.7732,21.9664,21.402,23.2188,21.2818,22.5342,19.6326,19.597,19.998
Cambodia,AFOLU,Emissions (CO2),kilotonnes,4169.2823,3572.739,3572.739,3572.739,3572.739,3572.739,3572.739,3572.739,3572.739,3572.739,3572.739,64923.3582,64923.3582,64923.3582,64923.3582,64923.3582,29005.566,29005.566,29005.566,29005.566,29005.566
Cambodia,AFOLU,Emissions (CO2eq) from CH4 (AR5),kilotonnes,17081.988,17107.0772,18499.8065,20352.3923,20558.2946,20001.069,22216.9105,22432.2938,22148.0322,22735.1854,22011.1893,23776.324,22303.6102,22185.0452,21488.4176,21663.1323,21581.9896,21847.9002,21068.935,20807.8764,20744.8176
Cambodia,AFOLU,Emissions (CO2eq) from N2O (AR5),kilotonnes,3398.1545,4631.6721,5783.6104,6396.6905,7008.6542,5323.3807,6691.2002,6710.7371,6299.561,6572.5106,5735.1788,6706.1144,5769.8871,5821.0972,5671.5379,6152.969,5639.6817,5971.5718,5202.633,5193.199,5299.4782
Cambodia,AFOLU,Emissions (CO2eq) (AR5),kilotonnes,24649.4248,25311.4883,27856.156,30321.8219,31139.6878,28897.1887,32480.8497,32715.7699,32020.3322,32880.435,31319.1071,95405.7966,92996.8555,92929.5007,92083.3138,92739.4595,56227.2373,56825.0379,55277.1339,55006.6414,55049.8618
Cambodia,All sectors with LULUCF,Emissions (CH4),kilotonnes,745.271,747.467,812.5074,882.9712,873.1248,853.6239,932.3611,938.5534,929.3011,992.1709,970.0139,1042.0544,993.4575,992.523,971.8435,982.1833,983.7853,998.2821,973.462,979.1384,983.8863
Cambodia,All sectors with LULUCF,Emissions (N2O),kilotonnes,14.1003,18.7891,23.278,25.6286,27.7669,21.4383,26.6399,26.7676,25.223,26.659,23.5343,27.2872,23.8153,24.0445,23.5602,25.4829,23.7689,25.0134,22.1487,22.2701,22.7682
Cambodia,All sectors with LULUCF,Emissions (CO2),kilotonnes,6186.8523,5856.999,5819.069,5991.819,6063.519,6395.249,6616.789,7089.749,7501.409,8177.879,8720.349,70172.4582,70429.9582,70550.9582,71473.9582,73533.9582,39616.166,41966.466,43586.866,46597.566,46497.866
Cambodia,All sectors with LULUCF,Emissions (CO2eq) from CH4 (AR5),kilotonnes,20867.588,20929.0772,22750.2065,24723.1923,24447.4946,23901.469,26106.1105,26279.4938,26020.4322,27780.7854,27160.3893,29177.524,27816.8102,27790.6452,27211.6176,27501.1323,27545.9896,27951.9002,27256.935,27415.8764,27548.8176
Cambodia,All sectors with LULUCF,Emissions (CO2eq) from N2O (AR5),kilotonnes,3736.5853,4979.1133,6168.6822,6791.5678,7358.2171,5681.1588,7059.5788,7093.426,6684.1054,7064.6456,6236.589,7231.1102,6311.0483,6371.799,6243.4403,6752.9619,6298.7701,6628.5407,5869.4074,5901.5787,6033.5635
Cambodia,All sectors with LULUCF,Emissions (CO2eq) (AR5),kilotonnes,30791.0256,31765.1896,34737.9577,37506.5792,37869.2307,35977.8768,39782.4783,40462.6688,40205.9467,43023.31,42117.3273,106581.0924,104557.8167,104713.4025,104929.0161,107788.0524,73460.9257,76546.9068,76713.2083,79915.0211,80080.247
Cambodia,All sectors without LULUCF,Emissions (CH4),kilotonnes,661.8395,662.4116,685.7362,736.0985,706.3875,753.7818,788.6206,798.4958,806.6911,864.8711,875.5849,915.0143,896.709,893.8421,878.02,877.284,890.9714,910.5689,914.4133,919.1618,917.2497
Cambodia,All sectors without LULUCF,Emissions (N2O),kilotonnes,11.6465,11.0232,11.7033,12.2184,12.543,12.3223,13.5158,13.9798,14.0282,15.036,14.9125,15.6879,14.9817,15.0345,14.9937,15.9051,15.2946,17.0048,16.7573,16.794,16.6839
Cambodia,All sectors without LULUCF,Emissions (CO2),kilotonnes,2017.57,2284.26,2246.33,2419.08,2490.78,2822.51,3044.05,3517.01,3928.67,4605.14,5147.61,5249.1,5506.6,5627.6,6550.6,8610.6,10610.6,12960.9,14581.3,17592,17492.3
Cambodia,All sectors without LULUCF,Emissions (CO2eq) from CH4 (AR5),kilotonnes,18531.5063,18547.5238,19200.6138,20610.7586,19778.8491,21105.891,22081.3763,22357.8827,22587.3515,24216.3922,24516.3765,25620.4007,25107.8512,25027.5782,24584.5598,24563.9528,24947.1987,25495.9293,25603.572,25736.5303,25682.9912
Cambodia,All sectors without LULUCF,Emissions (CO2eq) from N2O (AR5),kilotonnes,3086.3105,2921.1406,3101.3712,3237.8887,3323.8984,3265.4147,3581.6835,3704.6424,3717.4759,3984.5449,3951.8171,4157.2916,3970.1544,3984.1487,3973.3196,4214.8557,4053.0758,4506.2614,4440.6861,4450.4046,4421.2461
Cambodia,All sectors without LULUCF,Emissions (CO2eq) (AR5),kilotonnes,23635.3869,23752.9244,24548.315,26267.7273,25593.5275,27193.8157,28707.1099,29579.5351,30233.4974,32806.0771,33615.8035,35026.7923,34584.6056,34639.3269,35108.4795,37389.4086,39610.8745,42963.0907,44625.5581,47778.9349,47596.5373
Cameroon,Crop Residues,Direct emissions (N2O),kilotonnes,0.283,0.3045,0.3338,0.3572,0.3836,0.4167,0.4573,0.5091,0.5307,0.5932,0.6574,0.6515,0.6795,0.6852,0.6965,0.7793,0.8195,0.7669,0.7899,0.799,0.8026
Cameroon,Crop Residues,Indirect emissions (N2O),kilotonnes,0.0637,0.0685,0.0751,0.0804,0.0863,0.0938,0.1029,0.1145,0.1194,0.1335,0.1479,0.1466,0.1529,0.1542,0.1567,0.1753,0.1844,0.1726,0.1777,0.1798,0.1806
Cameroon,Crop Residues,Emissions (N2O),kilotonnes,0.3466,0.373,0.4089,0.4376,0.4699,0.5105,0.5602,0.6237,0.6502,0.7267,0.8053,0.7981,0.8324,0.8394,0.8532,0.9547,1.0039,0.9395,0.9676,0.9788,0.9832
Cameroon,Crop Residues,Emissions (CO2eq) from N2O (AR5),kilotonnes,91.8527,98.8467,108.3712,115.972,124.5366,135.2763,148.4585,165.2675,172.2904,192.5656,213.4048,211.4905,220.5785,222.4283,226.1042,252.986,266.0385,248.9642,256.4104,259.389,260.5361
Cameroon,Crop Residues,Emissions (CO2eq) (AR5),kilotonnes,91.8527,98.8467,108.3712,115.972,124.5366,135.2763,148.4585,165.2675,172.2904,192.5656,213.4048,211.4905,220.5785,222.4283,226.1042,252.986,266.0385,248.9642,256.4104,259.389,260.5361
Cameroon,Rice Cultivation,Emissions (CH4),kilotonnes,1.4248,1.4353,2.8,2.782,2.8165,3.15,3.5,4.7788,5.0408,3.4308,9.7983,9.0507,8.952,11.6714,8.8831,15.8745,19.3322,13.6842,17.1047,18.7494,19.0539
Cameroon,Rice Cultivation,Emissions (CO2eq) from CH4 (AR5),kilotonnes,39.8938,40.1898,78.4,77.8963,78.8626,88.2,98,133.8053,141.1435,96.0635,274.353,253.4202,250.6566,326.7986,248.726,444.4868,541.303,383.1584,478.9319,524.984,533.5081
Cameroon,Rice Cultivation,Emissions (CO2eq) (AR5),kilotonnes,39.8938,40.1898,78.4,77.8963,78.8626,88.2,98,133.8053,141.1435,96.0635,274.353,253.4202,250.6566,326.7986,248.726,444.4868,541.303,383.1584,478.9319,524.984,533.5081
Cameroon,Burning - Crop residues,Emissions (CH4),kilotonnes,1.0809,1.0851,1.4304,1.5425,1.6757,1.6512,1.7929,2.1414,2.2451,2.5334,2.7488,2.5394,3.156,2.7395,3.4167,3.7878,3.9166,3.6855,3.8137,3.8484,3.8362
Cameroon,Burning - Crop residues,Emissions (CH4),kilotonnes,1,,,,,,,,,,,,,,,,,,,,
Cameroon,Burning - Crop residues,Emissions (N2O),kilotonnes,0.028,0.0281,0.0371,0.04,0.0434,0.0428,0.0465,0.0555,0.0582,0.0657,0.0713,0.0658,0.0818,0.071,0.0886,0.0982,0.1015,0.0955,0.0989,0.0998,0.0995
Cameroon,Burning - Crop residues,Emissions (N2O),kilotonnes,,,,,,,,,,,,,,,,,,,,,
Cameroon,Burning - Crop residues,Emissions (CO2eq) from CH4 (AR5),kilotonnes,30.2657,30.3824,40.0508,43.1899,46.9208,46.2338,50.2024,59.9585,62.8617,70.9362,76.9661,71.1035,88.3689,76.7054,95.6666,106.0572,109.6643,103.1939,106.7823,107.7539,107.4142
Cameroon,Burning - Crop residues,Emissions (CO2eq) from CH4 (AR5),kilotonnes,28,,,,,,,,,,,,,,,,,,,,
Cameroon,Burning - Crop residues,Emissions (CO2eq) from N2O (AR5),kilotonnes,7.4263,7.4549,9.8273,10.5975,11.513,11.3444,12.3182,14.712,15.4244,17.4056,18.8852,17.4467,21.6831,18.8212,23.4737,26.0233,26.9084,25.3207,26.2012,26.4396,26.3563
Cameroon,Burning - Crop residues,Emissions (CO2eq) from N2O (AR5),kilotonnes,,,,,,,,,,,,,,,,,,,,,
Cameroon,Burning - Crop residues,Emissions (CO2eq) (AR5),kilotonnes,37.692,37.8373,49.8781,53.7874,58.4337,57.5782,62.5206,74.6705,78.286,88.3419,95.8514,88.5502,110.052,95.5266,119.1404,132.0805,136.5727,128.5147,132.9835,134.1936,133.7705
Cameroon,Burning - Crop residues,Emissions (CO2eq) (AR5),kilotonnes,28,,,,,,,,,,,,,,,,,,,,
Cameroon,Enteric Fermentation,Emissions (CH4),kilotonnes,229.08,227.1703,220.471,226.746,229.787,233.0145,233.4596,233.5785,203.5255,202.2503,203.3695,210.127,223.2551,233.572,235.323,240.2231,242.1394,238.9234,239.5645,239.4302,240.7456
Cameroon,Enteric Fermentation,Emissions (CH4),kilotonnes,163,,,,,,,,,,,,,,,,,,,,
Cameroon,Enteric Fermentation,Emissions (CO2eq) from CH4 (AR5),kilotonnes,6414.24,6360.7678,6173.188,6348.888,6434.036,6524.405,6536.8685,6540.1974,5698.7146,5663.0074,5694.3454,5883.5568,6251.1441,6540.0166,6589.044,6726.2462,6779.9028,6689.8542,6707.8057,6704.0463,6740.8757
Cameroon,Enteric Fermentation,Emissions (CO2eq) from CH4 (AR5),kilotonnes,4564,,,,,,,,,,,,,,,,,,,,
Cameroon,Enteric Fermentation,Emissions (CO2eq) (AR5),kilotonnes,6414.24,6360.7678,6173.188,6348.888,6434.036,6524.405,6536.8685,6540.1974,5698.7146,5663.0074,5694.3454,5883.5568,6251.1441,6540.0166,6589.044,6726.2462,6779.9028,6689.8542,6707.8057,6704.0463,6740.8757
Cameroon,Enteric Fermentation,Emissions (CO2eq) (AR5),kilotonnes,4564,,,,,,,,,,,,,,,,,,,,
Cameroon,Manure Management,Emissions (CH4),kilotonnes,9.0419,9.1493,8.951,9.151,9.2388,9.4508,9.5717,9.6778,8.8232,8.9073,9.4372,9.8205,9.6804,10.1049,10.2133,10.4505,10.4664,10.421,10.5121,10.5932,10.6675
Cameroon,Manure Management,Emissions (CH4),kilotonnes,8,,,,,,,,,,,,,,,,,,,,
Cameroon,Manure Management,Emissions (N2O),kilotonnes,0.7099,0.716,0.7126,0.7156,0.7171,0.7339,0.7459,0.7691,0.7781,0.8343,1.062,1.1255,0.8695,0.901,0.9275,0.9497,0.9287,0.9485,0.967,0.984,0.9983
Cameroon,Manure Management,Emissions (N2O),kilotonnes,,,,,,,,,,,,,,,,,,,,,
Cameroon,Manure Management,Emissions (CO2eq) from CH4 (AR5),kilotonnes,253.1735,256.1793,250.6274,256.2274,258.6853,264.6226,268.0078,270.9778,247.049,249.4033,264.2425,274.9731,271.0517,282.9364,285.9735,292.6136,293.0594,291.7878,294.3383,296.6107,298.6888
Cameroon,Manure Management,Emissions (CO2eq) from CH4 (AR5),kilotonnes,224,,,,,,,,,,,,,,,,,,,,
Cameroon,Manure Management,Emissions (CO2eq) from N2O (AR5),kilotonnes,188.1352,189.7413,188.8406,189.6231,190.0183,194.4794,197.6648,203.8126,206.1899,221.095,281.4344,298.2499,230.4129,238.7605,245.7818,251.6686,246.1004,251.3636,256.2681,260.7587,264.5442
Cameroon,Manure Management,Emissions (CO2eq) from N2O (AR5),kilotonnes,,,,,,,,,,,,,,,,,,,,,
Cameroon,Manure Management,Emissions (CO2eq) (AR5),kilotonnes,441.3086,445.9206,439.468,445.8505,448.7036,459.102,465.6725,474.7904,453.2389,470.4982,545.677,573.223,501.4646,521.6969,531.7553,544.2822,539.1597,543.1513,550.6064,557.3695,563.233
Cameroon,Manure Management,Emissions (CO2eq) (AR5),kilotonnes,224,,,,,,,,,,,,,,,,,,,,
Cameroon,Manure left on Pasture,Direct emissions (N2O),kilotonnes,9.1775,9.1806,8.9255,9.169,9.2871,9.4474,9.5075,9.5313,8.3878,8.3316,8.3888,8.6864,9.2248,9.6521,9.6591,9.875,9.9619,9.8494,9.8882,9.8999,9.9551
Cameroon,Manure left on Pasture,Indirect emissions (N2O),kilotonnes,2.3222,2.3242,2.2702,2.3219,2.346,2.3802,2.3931,2.3986,2.1557,2.144,2.2037,2.2651,2.3782,2.4854,2.4485,2.5109,2.5246,2.5168,2.5253,2.5202,2.5387
Cameroon,Manure left on Pasture,Emissions (N2O),kilotonnes,11.4997,11.5049,11.1957,11.4908,11.6331,11.8276,11.9006,11.9299,10.5435,10.4756,10.5925,10.9515,11.603,12.1375,12.1076,12.3859,12.4865,12.3661,12.4136,12.4201,12.4938
Cameroon,Manure left on Pasture,Emissions (CO2eq) from N2O (AR5),kilotonnes,3047.4123,3048.7909,2966.8622,3045.0725,3082.7662,3134.3257,3153.6508,3161.4218,2794.0295,2776.0437,2807.0103,2902.1359,3074.7865,3216.4322,3208.515,3282.2728,3308.9271,3277.0275,3289.5979,3291.335,3310.8627
Cameroon,Manure left on Pasture,Emissions (CO2eq) (AR5),kilotonnes,3047.4123,3048.7909,2966.8622,3045.0725,3082.7662,3134.3257,3153.6508,3161.4218,2794.0295,2776.0437,2807.0103,2902.1359,3074.7865,3216.4322,3208.515,3282.2728,3308.9271,3277.0275,3289.5979,3291.335,3310.8627
Cameroon,Manure applied to Soils,Direct emissions (N2O),kilotonnes,0.4376,0.4497,0.4453,0.4476,0.4489,0.4613,0.4733,0.487,0.4887,0.5169,0.6394,0.6748,0.5469,0.5663,0.5767,0.589,0.5788,0.5896,0.6004,0.6107,0.6186
Cameroon,Manure applied to Soils,Indirect emissions (N2O),kilotonnes,0.186,0.1911,0.1892,0.1902,0.1908,0.196,0.2012,0.207,0.2077,0.2197,0.2717,0.2868,0.2325,0.2407,0.2451,0.2503,0.246,0.2506,0.2552,0.2595,0.2629
Cameroon,Manure applied to Soils,Emissions (N2O),kilotonnes,0.6236,0.6408,0.6345,0.6379,0.6397,0.6573,0.6745,0.694,0.6964,0.7365,0.9111,0.9617,0.7794,0.807,0.8218,0.8393,0.8248,0.8402,0.8556,0.8702,0.8815
Cameroon,Manure applied to Soils,Emissions (CO2eq) from N2O (AR5),kilotonnes,165.2672,169.8251,168.1462,169.0367,169.5142,174.1832,178.7437,183.915,184.5359,195.1804,241.4391,254.8377,206.5417,213.8651,217.7833,222.4039,218.5663,222.6514,226.7447,230.6005,233.5945
Cameroon,Manure applied to Soils,Emissions (CO2eq) (AR5),kilotonnes,165.2672,169.8251,168.1462,169.0367,169.5142,174.1832,178.7437,183.915,184.5359,195.1804,241.4391,254.8377,206.5417,213.8651,217.7833,222.4039,218.5663,222.6514,226.7447,230.6005,233.5945
Cameroon,Synthetic Fertilizers,Direct emissions (N2O),kilotonnes,0.3435,0.4019,0.3267,0.3044,0.5212,0.3579,0.3989,0.3504,0.3598,0.3975,0.4,0.5811,0.442,0.5833,0.4087,0.67,0.6248,0.7302,0.7309,0.7309,0.6604
Cameroon,Synthetic Fertilizers,Indirect emissions (N2O),kilotonnes,0.1116,0.1306,0.1062,0.0989,0.1694,0.1163,0.1296,0.1139,0.1169,0.1292,0.13,0.1888,0.1437,0.1896,0.1328,0.2177,0.2031,0.2373,0.2375,0.2375,0.2146
Cameroon,Synthetic Fertilizers,Emissions (N2O),kilotonnes,0.4551,0.5325,0.4329,0.4033,0.6906,0.4742,0.5285,0.4643,0.4767,0.5267,0.5301,0.7699,0.5857,0.7729,0.5416,0.8877,0.8278,0.9676,0.9684,0.9684,0.875
Cameroon,Synthetic Fertilizers,Emissions (CO2eq) from N2O (AR5),kilotonnes,120.6054,141.1201,114.7181,106.8774,183.0048,125.6541,140.0552,123.0387,126.3273,139.5807,140.4635,204.0272,155.2057,204.8068,143.5133,235.2375,219.3757,256.407,256.6226,256.6226,231.878
Cameroon,Synthetic Fertilizers,Emissions (CO2eq) (AR5),kilotonnes,120.6054,141.1201,114.7181,106.8774,183.0048,125.6541,140.0552,123.0387,126.3273,139.5807,140.4635,204.0272,155.2057,204.8068,143.5133,235.2375,219.3757,256.407,256.6226,256.6226,231.878
Cameroon,Drained organic soils,Emissions (CO2eq) (AR5),kilotonnes,1421.9266,1429.4262,1432.0699,1431.7284,1444.0538,1444.0537,1449.5973,1455.2023,1465.832,1504.0067,1528.6495,1547.1189,1565.1664,1577.4767,1571.9616,1571.9616,1638.1833,1634.2901,1619.2907,1592.0806,1602.4039
Cameroon,Drained organic soils (CO2),Emissions (CO2),kilotonnes,1366.0367,1373.2408,1375.7806,1375.4524,1387.2984,1387.2984,1392.6368,1398.0233,1408.2379,1444.9187,1468.5939,1486.3407,1503.6823,1515.5133,1510.2145,1510.2145,1573.8572,1570.1158,1555.7075,1529.5672,1539.4918
Cameroon,Drained organic soils (CO2),Emissions (CO2eq) (AR5),kilotonnes,1366.0367,1373.2408,1375.7806,1375.4524,1387.2984,1387.2984,1392.6368,1398.0233,1408.2379,1444.9187,1468.5939,1486.3407,1503.6823,1515.5133,1510.2145,1510.2145,1573.8572,1570.1158,1555.7075,1529.5672,1539.4918
Cameroon,Drained organic soils (N2O),Emissions (N2O),kilotonnes,0.2109,0.212,0.2124,0.2124,0.2142,0.2142,0.2149,0.2158,0.2173,0.223,0.2266,0.2294,0.232,0.2338,0.233,0.233,0.2427,0.2422,0.2399,0.2359,0.2374
Cameroon,Drained organic soils (N2O),Emissions (CO2eq) from N2O (AR5),kilotonnes,55.8899,56.1854,56.2893,56.276,56.7553,56.7553,56.9605,57.1789,57.5941,59.088,60.0556,60.7782,61.4841,61.9634,61.7471,61.7471,64.3261,64.1743,63.5832,62.5134,62.9121
Cameroon,Drained organic soils (N2O),Emissions (CO2eq) (AR5),kilotonnes,55.8899,56.1854,56.2893,56.276,56.7553,56.7553,56.9605,57.1789,57.5941,59.088,60.0556,60.7782,61.4841,61.9634,61.7471,61.7471,64.3261,64.1743,63.5832,62.5134,62.9121
Cameroon,On-farm energy use,Emissions (CH4),kilotonnes,0.0183,0.0189,0.0189,0.0196,0.0202,0.0199,0.0187,0.0219,0.0229,0.0248,0.025,0.026,0.0268,0.028,0.0304,0.0299,0.0302,0.026,0.0245,0.0233,0.0233
Cameroon,On-farm energy use,Emissions (N2O),kilotonnes,0.0077,0.0075,0.0096,0.0102,0.0114,0.0113,0.0093,0.01,0.0096,0.0111,0.0118,0.0123,0.0122,0.0127,0.0136,0.0117,0.012,0.0123,0.0126,0.0124,0.0124
Cameroon,On-farm energy use,Emissions (CO2),kilotonnes,68.8927,67.8697,78.0006,81.0823,84.1445,80.5562,70.3708,80.5902,83.3347,97.34,102.0381,106.79,107.7813,111.5778,124.3227,90.2777,93.0479,88.2354,88.6769,81.5477,81.5477
Cameroon,On-farm energy use,Emissions (CO2eq) from CH4 (AR5),kilotonnes,0.5112,0.5302,0.5283,0.5492,0.567,0.5558,0.5226,0.6131,0.6412,0.6953,0.6988,0.7271,0.7499,0.7843,0.8499,0.8362,0.8453,0.7286,0.6853,0.6524,0.6524
Cameroon,On-farm energy use,Emissions (CO2eq) from N2O (AR5),kilotonnes,2.0404,1.9989,2.5364,2.7158,3.0109,3.0052,2.4764,2.6594,2.5344,2.9471,3.1357,3.2696,3.2408,3.357,3.6027,3.0948,3.1841,3.2636,3.349,3.2982,3.2982
Cameroon,On-farm energy use,Emissions (CO2eq) (AR5),kilotonnes,71.4443,70.3988,81.0653,84.3473,87.7224,84.1172,73.3698,83.8627,86.5103,100.9825,105.8726,110.7867,111.7721,115.7191,128.7752,94.2087,97.0773,92.2275,92.7111,85.4983,85.4983
Cameroon,Forestland,Emissions (CO2),kilotonnes,-169.917,-1132.78,-1132.78,-1132.78,-1132.78,-1132.78,-1132.78,-1132.78,-1132.78,-1132.78,-1132.78,-1132.78,-1132.78,-1132.78,-1132.78,-1132.78,-1132.78,-1132.78,-1132.78,-1132.78,-1132.78
Cameroon,Forestland,Emissions (CO2eq) (AR5),kilotonnes,-169.917,-1132.78,-1132.78,-1132.78,-1132.78,-1132.78,-1132.78,-1132.78,-1132.78,-1132.78,-1132.78,-1132.78,-1132.78,-1132.78,-1132.78,-1132.78,-1132.78,-1132.78,-1132.78,-1132.78,-1132.78
Cameroon,Net Forest conversion,Emissions (CO2),kilotonnes,51287.1809,40610.7294,40610.7294,40610.7294,40610.7294,40610.7294,40610.7294,40610.7294,40610.7294,40610.7294,40610.7294,32850.62,32850.62,32850.62,32850.62,32850.62,32850.62,32850.62,32850.62,32850.62,32850.62
Cameroon,Net Forest conversion,Emissions (CO2eq) (AR5),kilotonnes,51287.1809,40610.7294,40610.7294,40610.7294,40610.7294,40610.7294,40610.7294,40610.7294,40610.7294,40610.7294,40610.7294,32850.62,32850.62,32850.62,32850.62,32850.62,32850.62,32850.62,32850.62,32850.62,32850.62
Cameroon,Savanna fires,Emissions (CH4),kilotonnes,74.3377,57.2842,58.3753,79.3444,46.2412,73.2296,50.4304,44.5349,51.9,43.4685,46.1143,35.1185,30.6645,27.7807,25.4306,19.6618,26.197,23.2085,22.1926,20.5066,27.5323
Cameroon,Savanna fires,Emissions (N2O),kilotonnes,6.7874,5.2303,5.3299,7.2445,4.222,6.6862,4.6045,4.0662,4.7387,3.9689,4.2104,3.2065,2.7998,2.5365,2.3219,1.7952,2.3919,2.119,2.0263,1.8723,2.5138
Cameroon,Savanna fires,Emissions (CO2eq) from CH4 (AR5),kilotonnes,2081.456,1603.9584,1634.5087,2221.6443,1294.7544,2050.43,1412.0514,1246.9785,1453.2008,1217.1193,1291.2015,983.3193,858.6057,777.8598,712.0555,550.5301,733.5163,649.838,621.3921,574.184,770.9032
Cameroon,Savanna fires,Emissions (CO2eq) from N2O (AR5),kilotonnes,1798.6496,1386.0292,1412.4287,1919.7905,1118.8367,1771.839,1220.1966,1077.5521,1255.755,1051.7498,1115.7665,849.7162,741.9473,672.1724,615.3088,475.7298,633.8537,561.5448,536.9638,496.1699,666.1609
Cameroon,Savanna fires,Emissions (CO2eq) (AR5),kilotonnes,3880.1056,2989.9876,3046.9374,4141.4348,2413.5911,3822.2691,2632.2481,2324.5306,2708.9559,2268.8691,2406.968,1833.0355,1600.553,1450.0322,1327.3643,1026.26,1367.37,1211.3828,1158.3559,1070.3539,1437.0641
Cameroon,Fires in organic soils,Emissions (CH4),kilotonnes,0,0,0,0,0,0,0,0,0,0,0,0,0,0,0,0,0,0,0,0,0
Cameroon,Fires in organic soils,Emissions (CO2),kilotonnes,0,0,0,0,0,0,0,0,0,0,0,0,0,0,0,0,0,0,0,0,0
Cameroon,Fires in organic soils,Emissions (CO2eq) from CH4 (AR5),kilotonnes,0,0,0,0,0,0,0,0,0,0,0,0,0,0,0,0,0,0,0,0,0
Cameroon,Fires in organic soils,Emissions (CO2eq) (AR5),kilotonnes,0,0,0,0,0,0,0,0,0,0,0,0,0,0,0,0,0,0,0,0,0
Cameroon,Forest fires,Emissions (CH4),kilotonnes,67.9887,14.4687,19.7236,53.5501,22.779,49.8242,18.5415,17.102,28.7606,18.0119,22.9449,20.1026,15.0724,18.34,10.5292,11.3724,18.5738,18.0834,12.7075,26.1752,34.378
Cameroon,Forest fires,Emissions (N2O),kilotonnes,1.9997,1.3211,1.8009,4.8894,2.0798,4.5492,1.6929,1.5615,2.626,1.6446,2.095,1.8355,1.3762,1.6745,0.9614,1.0384,1.6959,1.6511,1.1603,2.3899,3.1389
Cameroon,Forest fires,Emissions (CO2eq) from CH4 (AR5),kilotonnes,1903.6823,405.1229,552.2608,1499.4038,637.8133,1395.0788,519.1618,478.8561,805.2959,504.3331,642.4571,562.872,422.026,513.5191,294.8168,318.4281,520.0661,506.3363,355.8106,732.9066,962.5835
Cameroon,Forest fires,Emissions (CO2eq) from N2O (AR5),kilotonnes,529.9118,350.079,477.2253,1295.6805,551.1539,1205.53,448.6235,413.7941,695.8807,435.8096,555.1668,486.3948,364.6855,443.7475,254.7602,275.1635,449.4049,437.5406,307.4668,633.3269,831.7977
Cameroon,Forest fires,Emissions (CO2eq) (AR5),kilotonnes,2433.594,755.2019,1029.4861,2795.0843,1188.9671,2600.6088,967.7852,892.6502,1501.1765,940.1427,1197.6239,1049.2668,786.7114,957.2666,549.5769,593.5916,969.4711,943.877,663.2775,1366.2335,1794.3813
Cameroon,Fires in humid tropical forests,Emissions (CH4),kilotonnes,50.3885,14.3448,19.6369,53.015,22.4371,49.6533,18.2913,16.8766,28.6119,17.9029,22.8681,19.9614,14.9832,18.2087,10.3929,11.204,18.0733,17.9323,12.6456,25.9795,33.6199
Cameroon,Fires in humid tropical forests,Emissions (N2O),kilotonnes,1.482,1.3097,1.7929,4.8405,2.0486,4.5336,1.6701,1.5409,2.6124,1.6346,2.088,1.8226,1.368,1.6625,0.9489,1.023,1.6502,1.6373,1.1546,2.372,3.0696
Cameroon,Fires in humid tropical forests,Emissions (CO2eq) from CH4 (AR5),kilotonnes,1410.8779,401.6543,549.8328,1484.4198,628.24,1390.2922,512.1552,472.5434,801.1335,501.2807,640.3065,558.9179,419.5286,509.8424,291.0014,313.7109,506.0533,502.1048,354.0763,727.4262,941.3563
Cameroon,Fires in humid tropical forests,Emissions (CO2eq) from N2O (AR5),kilotonnes,392.734,347.0817,475.1272,1282.7323,542.8813,1201.3938,442.5689,408.3392,692.2839,433.172,553.3083,482.9779,362.5274,440.5703,251.4632,271.0871,437.2961,433.884,305.9681,628.5912,813.4546
Cameroon,Fires in humid tropical forests,Emissions (CO2eq) (AR5),kilotonnes,1803.6119,748.7361,1024.96,2767.1521,1171.1214,2591.686,954.724,880.8826,1493.4174,934.4527,1193.6148,1041.8958,782.056,950.4127,542.4646,584.7981,943.3494,935.9889,660.0445,1356.0174,1754.8108
Cameroon,Waste - agri-food systems,Emissions (CH4),kilotonnes,62.6629,63.2761,63.9064,64.6404,65.2749,65.9893,66.7193,67.5311,68.3715,69.2563,70.147,71.1329,72.1085,73.1373,74.1983,74.9653,75.909,76.8744,77.8808,78.8692,79.8657
Cameroon,Waste - agri-food systems,Emissions (N2O),kilotonnes,0.2997,0.318,0.3219,0.3365,0.3524,0.3779,0.3973,0.4146,0.4392,0.4643,0.474,0.5111,0.5337,0.5611,0.5784,0.6115,0.6405,0.6409,0.6624,0.6842,0.7061
Cameroon,Waste - agri-food systems,Emissions (CO2),kilotonnes,0,0,0,0,0,0,0,0,0,0,0,0,0,0,0,0,0,0,0,0,0
Cameroon,Waste - agri-food systems,Emissions (CO2eq) from CH4 (AR5),kilotonnes,1754.5611,1771.7297,1789.3796,1809.9298,1827.6981,1847.701,1868.1399,1890.8709,1914.4012,1939.1753,1964.1155,1991.7209,2019.0386,2047.8436,2077.5537,2099.0297,2125.4516,2152.4838,2180.6629,2208.3382,2236.2383
Cameroon,Waste - agri-food systems,Emissions (CO2eq) from N2O (AR5),kilotonnes,79.415,84.2602,85.3008,89.175,93.3766,100.1352,105.2816,109.8601,116.396,123.0437,125.6141,135.4475,141.4243,148.701,153.2845,162.0565,169.7196,169.8357,175.5389,181.3042,187.1282
Cameroon,Waste - agri-food systems,Emissions (CO2eq) (AR5),kilotonnes,1833.976,1855.99,1874.6804,1899.1048,1921.0746,1947.8362,1973.4215,2000.731,2030.7972,2062.219,2089.7296,2127.1683,2160.4629,2196.5445,2230.8382,2261.0862,2295.1712,2322.3194,2356.2018,2389.6424,2423.3664
Cameroon,On-farm electricity use,Emissions (CH4),kilotonnes,0.0538,0.0567,0.0595,0.0624,0.0652,0.0679,0.0708,0.0468,0.0636,0.0612,0.072,0.0804,0.084,0.0876,0.0936,0.0696,0.0624,0.0708,0.0756,0.072,0.072
Cameroon,On-farm electricity use,Emissions (N2O),kilotonnes,0.0004,0.0004,0.0004,0.0005,0.0004,0.0005,0.0004,0.0002,0.0003,0.0003,0.0004,0.0004,0.0005,0.0004,0.0005,0.0003,0.0003,0.0004,0.0004,0.0004,0.0004
Cameroon,On-farm electricity use,Emissions (CO2),kilotonnes,0.5815,0.6119,0.6423,0.6728,0.7031,0.7336,4.8784,6.3272,8.5191,10.008,12.4306,13.8139,14.6016,12.7629,13.6371,10.1404,9.0914,10.3153,11.0146,10.4901,10.4901
Cameroon,On-farm electricity use,Emissions (CO2eq) from CH4 (AR5),kilotonnes,1.5064,1.5876,1.666,1.7472,1.8256,1.9012,1.9824,1.3104,1.7808,1.7136,2.016,2.2512,2.352,2.4528,2.6208,1.9488,1.7472,1.9824,2.1168,2.016,2.016
Cameroon,On-farm electricity use,Emissions (CO2eq) from N2O (AR5),kilotonnes,0.106,0.106,0.106,0.1325,0.106,0.1325,0.106,0.053,0.0795,0.0795,0.106,0.106,0.1325,0.106,0.1325,0.0795,0.0795,0.106,0.106,0.106,0.106
Cameroon,On-farm electricity use,Emissions (CO2eq) (AR5),kilotonnes,2.1939,2.3055,2.4143,2.5525,2.6347,2.7673,6.9668,7.6906,10.3794,11.8011,14.5526,16.1711,17.0861,15.3217,16.3904,12.1687,10.9181,12.4037,13.2374,12.6121,12.6121
Cameroon,Food Processing,Emissions (CH4),kilotonnes,0,0,0,0,0,0,0.1704,0.1692,0.1512,0.1848,0.1956,0.216,0.2256,0.2376,0.252,0.24,0.216,0.2436,0.2604,0.2604,0.265
Cameroon,Food Processing,Emissions (N2O),kilotonnes,0,0,0,0,0,0,0.001,0.0007,0.0007,0.0009,0.0011,0.0011,0.0013,0.0012,0.0013,0.0012,0.0011,0.0012,0.0013,0.0013,0.0013
Cameroon,Food Processing,Emissions (CO2),kilotonnes,0,0,0,0,0,0,11.7412,22.8753,20.253,30.2202,33.7698,37.112,39.2158,34.6173,36.7153,34.9669,31.4702,35.4914,37.9391,37.9391,36.2971
Cameroon,Food Processing,Emissions (CO2eq) from CH4 (AR5),kilotonnes,0,0,0,0,0,0,4.7712,4.7376,4.2336,5.1744,5.4768,6.048,6.3168,6.6528,7.056,6.72,6.048,6.8208,7.2912,7.2912,7.4207
Cameroon,Food Processing,Emissions (CO2eq) from N2O (AR5),kilotonnes,0,0,0,0,0,0,0.265,0.1855,0.1855,0.2385,0.2915,0.2915,0.3445,0.318,0.3445,0.318,0.2915,0.318,0.3445,0.3445,0.3473
Cameroon,Food Processing,Emissions (CO2eq) (AR5),kilotonnes,0,0,0,0,0,0,16.7774,27.7984,24.6721,35.6331,39.5381,43.4515,45.8771,41.5881,44.1158,42.0049,37.8097,42.6302,45.5748,45.5748,44.0651
Cameroon,Food Packaging,Emissions (CH4),kilotonnes,0.3712,0.4441,0.4206,0.777,0.8957,0.9201,0.873,0.8951,1.017,1.1184,1.3471,1.2259,1.179,1.3541,1.732,2.2468,2.4376,2.167,2.2728,2.0048,2.0404
Cameroon,Food Packaging,Emissions (N2O),kilotonnes,0.0013,0.0014,0.0015,0.002,0.0023,0.0023,0.0021,0.0017,0.0019,0.0023,0.0027,0.0021,0.0024,0.0022,0.0028,0.0033,0.0034,0.0035,0.0036,0.0033,0.0033
Cameroon,Food Packaging,Emissions (CO2),kilotonnes,27.2322,29.2483,28.7245,44.1746,50.852,49.9404,52.9385,82.7487,87.685,112.7579,121.3701,80.1213,72.9652,55.4563,103.7192,119.4908,99.493,97.3395,101.4584,113.2128,108.3129
Cameroon,Food Packaging,Emissions (CO2eq) from CH4 (AR5),kilotonnes,10.3936,12.4348,11.7768,21.756,25.0796,25.7628,24.444,25.0628,28.476,31.3152,37.7188,34.3252,33.012,37.9148,48.496,62.9104,68.2528,60.676,63.6384,56.1344,57.1317
Cameroon,Food Packaging,Emissions (CO2eq) from N2O (AR5),kilotonnes,0.3445,0.371,0.3975,0.53,0.6095,0.6095,0.5565,0.4505,0.5035,0.6095,0.7155,0.5565,0.636,0.583,0.742,0.8745,0.901,0.9275,0.954,0.8745,0.8816
Cameroon,Food Packaging,Emissions (CO2eq) (AR5),kilotonnes,37.9703,42.0541,40.8988,66.4606,76.5411,76.3127,77.939,108.262,116.6645,144.6826,159.8044,115.003,106.6132,93.9541,152.9572,183.2757,168.6468,158.943,166.0508,170.2217,166.3263
Cameroon,Food Retail,Emissions (CH4),kilotonnes,0.0551,0.0551,0.0516,0.0515,0.0486,0.0483,0.1353,0.1413,0.1677,0.166,0.1741,0.1811,0.1894,0.1996,0.2114,0.0801,0.0719,0.0813,0.0865,0.153,0.1557
Cameroon,Food Retail,Emissions (N2O),kilotonnes,0.0004,0.0004,0.0005,0.0005,0.0005,0.0005,0.0008,0.0006,0.0008,0.0008,0.001,0.0009,0.0011,0.001,0.0011,0.0004,0.0004,0.0004,0.0004,0.0008,0.0008
Cameroon,Food Retail,Emissions (CO2),kilotonnes,0.5924,0.5846,0.5625,0.6045,0.5957,0.5614,11.4078,20.3552,23.7118,28.3968,31.7203,33.2056,35.4191,32.4213,36.2239,11.6755,10.4761,11.8468,12.6056,27.2052,26.0278
Cameroon,Food Retail,Emissions (CO2eq) from CH4 (AR5),kilotonnes,1.5429,1.5429,1.4455,1.4414,1.3602,1.3521,3.7884,3.9564,4.6956,4.648,4.8748,5.0708,5.3032,5.5888,5.9192,2.2428,2.0132,2.2764,2.422,4.284,4.3601
Cameroon,Food Retail,Emissions (CO2eq) from N2O (AR5),kilotonnes,0.1141,0.1164,0.1229,0.1262,0.1291,0.1323,0.212,0.159,0.212,0.212,0.265,0.2385,0.2915,0.265,0.2915,0.106,0.106,0.106,0.106,0.212,0.2137
Cameroon,Food Retail,Emissions (CO2eq) (AR5),kilotonnes,2.2494,2.2439,2.1309,2.1721,2.085,2.0459,15.4082,24.4706,28.6194,33.2568,36.8601,38.5149,41.0138,38.2751,42.4346,14.0243,12.5953,14.2292,15.1336,31.7012,30.6016
Cameroon,Food Household Consumption,Emissions (CH4),kilotonnes,0.2177,0.2099,0.2384,0.2583,0.2805,0.2636,0.3914,0.4013,0.4319,0.435,0.4733,0.5052,0.5193,0.5341,0.5492,0.6256,0.5641,0.634,0.6739,0.6739,0.6859
Cameroon,Food Household Consumption,Emissions (N2O),kilotonnes,0.0033,0.003,0.0029,0.0031,0.0032,0.0029,0.0031,0.0025,0.0027,0.0028,0.0033,0.0032,0.0036,0.0035,0.0036,0.0041,0.0038,0.0041,0.0044,0.0044,0.0044
Cameroon,Food Household Consumption,Emissions (CO2),kilotonnes,274.1319,232.872,208.4088,224.1251,210.8558,189.9289,178.0061,194.2879,192.9084,204.5268,215.9022,234.77,245.1498,241.2701,256.1288,269.133,262.5735,261.4351,265.1339,265.1339,253.6589
Cameroon,Food Household Consumption,Emissions (CO2eq) from CH4 (AR5),kilotonnes,6.0956,5.8772,6.6752,7.2324,7.854,7.3808,10.9592,11.2364,12.0932,12.18,13.2524,14.1456,14.5404,14.9548,15.3776,17.5168,15.7948,17.752,18.8692,18.8692,19.2044
Cameroon,Food Household Consumption,Emissions (CO2eq) from N2O (AR5),kilotonnes,0.8745,0.795,0.7685,0.8215,0.848,0.7685,0.8215,0.6625,0.7155,0.742,0.8745,0.848,0.954,0.9275,0.954,1.0865,1.007,1.0865,1.166,1.166,1.1755
Cameroon,Food Household Consumption,Emissions (CO2eq) (AR5),kilotonnes,281.102,239.5442,215.8525,232.179,219.5578,198.0782,189.7868,206.1868,205.7171,217.4488,230.0291,249.7636,260.6442,257.1524,272.4604,287.7363,279.3753,280.2736,285.1691,285.1691,274.0388
Cameroon,Food Transport,Emissions (CH4),kilotonnes,0.043,0.0438,0.0441,0.0461,0.0478,0.0476,0.0453,0.0501,0.0521,0.0548,0.0548,0.057,0.0595,0.0628,0.0664,0.0761,0.0765,0.0706,0.0697,0.0688,0.07
Cameroon,Food Transport,Emissions (N2O),kilotonnes,0.0037,0.0038,0.0038,0.004,0.0041,0.0041,0.0066,0.0077,0.0081,0.0086,0.0084,0.0088,0.0092,0.0097,0.0103,0.0077,0.0077,0.0071,0.007,0.0096,0.0097
Cameroon,Food Transport,Emissions (CO2),kilotonnes,204.6,204.6,227.7,231,238.7,232.1,199.8395,231.555,237.5825,273.31,290.4135,302.9925,316.6725,333.59,352.8645,343.2795,348.7318,337.7314,333.3311,347.0095,331.9909
Cameroon,Food Transport,Emissions (CO2eq) from CH4 (AR5),kilotonnes,1.204,1.2264,1.2348,1.2908,1.3384,1.3328,1.2684,1.4028,1.4588,1.5344,1.5344,1.596,1.666,1.7584,1.8592,2.1308,2.142,1.9768,1.9516,1.9264,1.9606
Cameroon,Food Transport,Emissions (CO2eq) from N2O (AR5),kilotonnes,0.9805,1.007,1.007,1.06,1.0865,1.0865,1.749,2.0405,2.1465,2.279,2.226,2.332,2.438,2.5705,2.7295,2.0405,2.0405,1.8815,1.855,2.544,2.5648
Cameroon,Food Transport,Emissions (CO2eq) (AR5),kilotonnes,206.7845,206.8334,229.9418,233.3508,241.1249,234.5193,202.8569,234.9983,241.1878,277.1234,294.1739,306.9205,320.7765,337.9189,357.4532,347.4508,352.9143,341.5897,337.1377,351.4799,336.5163
Cameroon,Energy,Emissions (CH4),kilotonnes,380,380,356,355,335,333,311,302,328,337,305,293,301,322,358,433,431,373,388,394,401
Cameroon,Energy,Emissions (N2O),kilotonnes,0.871,0.888,0.938,0.963,0.985,1.01,0.919,0.774,0.794,0.828,0.824,0.84,0.862,0.888,0.918,0.989,1.01,1.03,1.03,0.98,0.988
Cameroon,Energy,Emissions (CO2),kilotonnes,5360,5290,5090,5470,5390,5080,5140,7010,6980,8190,8200,7690,7200,6180,8130,9270,9420,8590,8810,8780,8400
Cameroon,Energy,Emissions (CO2eq) from CH4 (AR5),kilotonnes,10640,10640,9968,9940,9380,9324,8708,8456,9184,9436,8540,8204,8428,9016,10024,12124,12068,10444,10864,11032,11228
Cameroon,Energy,Emissions (CO2eq) from N2O (AR5),kilotonnes,230.815,235.32,248.57,255.195,261.025,267.65,243.535,205.11,210.41,219.42,218.36,222.6,228.43,235.32,243.27,262.085,267.65,272.95,272.95,259.7,261.82
Cameroon,Energy,Emissions (CO2eq) (AR5),kilotonnes,16230.815,16165.32,15306.57,15665.195,15031.025,14671.65,14091.535,15671.11,16374.41,17845.42,16958.36,16116.6,15856.43,15431.32,18397.27,21656.085,21755.65,19306.95,19946.95,20071.7,19889.82
Cameroon,IPPU,Emissions (N2O),kilotonnes,0.0002,0.0002,0.0002,0.0002,0.0002,0.0002,0.0002,0.0002,0.0002,0.0002,0.0002,0.0002,0.0002,0.0002,0.0002,0.0003,0.0003,0.0003,0.0003,0.0003,0.0003
Cameroon,IPPU,Emissions (CO2),kilotonnes,593,626,597,621,658,652,651,723,673,686,662,719,751,930,860,962,1200,1330,1430,1510,1520
Cameroon,IPPU,Emissions (CO2eq) from F-gases (AR5),kilotonnes,581.1092,482.962,348.8599,401.3346,447.9789,468.3857,457.6964,452.8376,474.2162,379.956,395.5041,305.1309,276.9501,249.7409,222.5318,195.3227,168.1135,139.9327,112.7235,85.5144,58.0137
Cameroon,IPPU,Emissions (CO2eq) from N2O (AR5),kilotonnes,0.0445,0.0456,0.0469,0.0482,0.0496,0.0509,0.0522,0.0535,0.0551,0.0567,0.0583,0.0599,0.0615,0.0631,0.0649,0.0665,0.0684,0.0702,0.0718,0.0731,0.0747
Cameroon,IPPU,Emissions (CO2eq) (AR5),kilotonnes,1174.1538,1109.0076,945.9068,1022.3829,1106.0284,1120.4366,1108.7486,1175.8912,1147.2714,1066.0128,1057.5624,1024.1908,1028.0115,1179.804,1082.5967,1157.3892,1368.1819,1470.0029,1542.7953,1595.5875,1578.0885
Cameroon,Waste,Emissions (CH4),kilotonnes,108,111,115,119,123,127,132,137,141,146,151,156,162,169,175,181,188,193,199,203,208
Cameroon,Waste,Emissions (N2O),kilotonnes,0.537,0.551,0.565,0.587,0.61,0.645,0.682,0.72,0.757,0.797,0.832,0.868,0.901,0.939,0.969,1,1.05,1.07,1.1,1.15,1.18
Cameroon,Waste,Emissions (CO2eq) from CH4 (AR5),kilotonnes,3024,3108,3220,3332,3444,3556,3696,3836,3948,4088,4228,4368,4536,4732,4900,5068,5264,5404,5572,5684,5824
Cameroon,Waste,Emissions (CO2eq) from N2O (AR5),kilotonnes,142.305,146.015,149.725,155.555,161.65,170.925,180.73,190.8,200.605,211.205,220.48,230.02,238.765,248.835,256.785,265,278.25,283.55,291.5,304.75,312.7
Cameroon,Waste,Emissions (CO2eq) (AR5),kilotonnes,3166.305,3254.015,3369.725,3487.555,3605.65,3726.925,3876.73,4026.8,4148.605,4299.205,4448.48,4598.02,4774.765,4980.835,5156.785,5333,5542.25,5687.55,5863.5,5988.75,6136.7
Cameroon,Other,Emissions (N2O),kilotonnes,0.503,0.513,0.548,0.563,0.577,0.591,0.533,0.496,0.5,0.537,0.545,0.554,0.57,0.595,0.622,0.664,0.68,0.69,0.698,0.686,0.698
Cameroon,Other,Emissions (CO2eq) from N2O (AR5),kilotonnes,133.295,135.945,145.22,149.195,152.905,156.615,141.245,131.44,132.5,142.305,144.425,146.81,151.05,157.675,164.83,175.96,180.2,182.85,184.97,181.79,184.97
Cameroon,Other,Emissions (CO2eq) (AR5),kilotonnes,133.295,135.945,145.22,149.195,152.905,156.615,141.245,131.44,132.5,142.305,144.425,146.81,151.05,157.675,164.83,175.96,180.2,182.85,184.97,181.79,184.97
Cameroon,Farm-gate emissions,Emissions (CH4),kilotonnes,314.9836,296.1431,292.0465,319.5855,289.7795,320.516,298.7733,294.7332,271.5575,260.6152,271.4931,266.6821,275.7349,285.8965,283.297,290.0275,302.0818,289.9486,293.212,293.1511,301.8587
Cameroon,Farm-gate emissions,Direct emissions (N2O),kilotonnes,10.2416,10.3368,10.0314,10.2782,10.6408,10.6832,10.837,10.8778,9.767,9.8392,10.0856,10.5938,10.8932,11.4869,11.3411,11.9132,11.985,11.9362,12.0094,12.0405,12.0366
Cameroon,Farm-gate emissions,Indirect emissions (N2O),kilotonnes,2.6835,2.7145,2.6407,2.6914,2.7925,2.7863,2.8268,2.834,2.5997,2.6264,2.7533,2.8873,2.9072,3.0699,2.9831,3.1543,3.158,3.1772,3.1958,3.1971,3.1968
Cameroon,Farm-gate emissions,Emissions (N2O),kilotonnes,20.669,19.2453,18.9737,21.1923,18.6413,21.158,19.285,18.8285,18.1686,17.5685,18.4211,18.1206,17.7958,18.3117,17.9088,18.1553,18.8199,18.531,18.55,18.442,19.0949
Cameroon,Farm-gate emissions,Emissions (CO2),kilotonnes,1434.9294,1441.1105,1453.7812,1456.5347,1471.4429,1467.8545,1463.0076,1478.6135,1491.5726,1542.2587,1570.632,1593.1306,1611.4636,1627.0911,1634.5372,1600.4922,1666.9052,1658.3512,1644.3843,1611.1149,1621.0395
Cameroon,Farm-gate emissions,Emissions (CO2eq) from CH4 (AR5),kilotonnes,8819.5402,8292.0079,8177.3032,8948.3951,8113.826,8974.4473,8365.6527,8252.5306,7603.6108,7297.2251,7601.8073,7467.1,7720.5769,8005.1012,7932.3155,8120.7701,8458.291,8118.5609,8209.9355,8208.2314,8452.0424
Cameroon,Farm-gate emissions,Emissions (CO2eq) from N2O (AR5),kilotonnes,5477.279,5099.9927,5028.0201,5615.9615,4939.9561,5606.8627,5110.5247,4989.5581,4814.6808,4655.656,4881.5951,4801.9519,4715.8807,4852.6069,4745.83,4811.1637,4987.2803,4910.717,4915.7409,4887.127,5060.143
Cameroon,Farm-gate emissions,Emissions (CO2eq) (AR5),kilotonnes,15731.7486,14833.1111,14659.1045,16020.8914,14525.225,16049.1644,14939.185,14720.7022,13909.8642,13495.1398,14054.0344,13862.1825,14047.9213,14484.7991,14312.6827,14532.4261,15112.4765,14687.6291,14770.0607,14706.4733,15133.2248
Cameroon,Land Use change,Emissions (CH4),kilotonnes,50.3885,14.3448,19.6369,53.015,22.4371,49.6533,18.2913,16.8766,28.6119,17.9029,22.8681,19.9614,14.9832,18.2087,10.3929,11.204,18.0733,17.9323,12.6456,25.9795,33.6199
Cameroon,Land Use change,Emissions (N2O),kilotonnes,1.482,1.3097,1.7929,4.8405,2.0486,4.5336,1.6701,1.5409,2.6124,1.6346,2.088,1.8226,1.368,1.6625,0.9489,1.023,1.6502,1.6373,1.1546,2.372,3.0696
Cameroon,Land Use change,Emissions (CO2),kilotonnes,51287.1809,40610.7294,40610.7294,40610.7294,40610.7294,40610.7294,40610.7294,40610.7294,40610.7294,40610.7294,40610.7294,32850.62,32850.62,32850.62,32850.62,32850.62,32850.62,32850.62,32850.62,32850.62,32850.62
Cameroon,Land Use change,Emissions (CO2eq) from CH4 (AR5),kilotonnes,1410.8779,401.6543,549.8328,1484.4198,628.24,1390.2922,512.1552,472.5434,801.1335,501.2807,640.3065,558.9179,419.5286,509.8424,291.0014,313.7109,506.0533,502.1048,354.0763,727.4262,941.3563
Cameroon,Land Use change,Emissions (CO2eq) from N2O (AR5),kilotonnes,392.734,347.0817,475.1272,1282.7323,542.8813,1201.3938,442.5689,408.3392,692.2839,433.172,553.3083,482.9779,362.5274,440.5703,251.4632,271.0871,437.2961,433.884,305.9681,628.5912,813.4546
Cameroon,Land Use change,Emissions (CO2eq) (AR5),kilotonnes,53090.7928,41359.4655,41635.6894,43377.8815,41781.8507,43202.4154,41565.4534,41491.612,42104.1468,41545.1821,41804.3442,33892.5158,33632.676,33801.0327,33393.0846,33435.4181,33793.9694,33786.6089,33510.6645,34206.6374,34605.4308
Cameroon,Emissions on agricultural land,Emissions (CH4),kilotonnes,365.3721,310.4879,311.6834,372.6005,312.2166,370.1693,317.0646,311.6098,300.1694,278.5181,294.3612,286.6435,290.7181,304.1051,293.6899,301.2315,320.1552,307.8809,305.8576,319.1306,335.4785
Cameroon,Emissions on agricultural land,Emissions (N2O),kilotonnes,22.151,20.555,20.7666,26.0328,20.69,25.6915,20.9551,20.3694,20.781,19.2031,20.5091,19.9431,19.1638,19.9743,18.8577,19.1783,20.4701,20.1683,19.7046,20.814,22.1645
Cameroon,Emissions on agricultural land,Emissions (CO2),kilotonnes,52722.1103,42051.8399,42064.5106,42067.2641,42082.1723,42078.5839,42073.737,42089.3429,42102.302,42152.9881,42181.3614,34443.7506,34462.0836,34477.7111,34485.1572,34451.1122,34517.5252,34508.9712,34495.0043,34461.7349,34471.6595
Cameroon,Emissions on agricultural land,Emissions (CO2eq) from CH4 (AR5),kilotonnes,10230.4181,8693.6622,8727.136,10432.8149,8742.066,10364.7395,8877.8078,8725.074,8404.7444,7798.5058,8242.1139,8026.0179,8140.1055,8514.9436,8223.3169,8434.481,8964.3444,8620.6657,8564.0118,8935.6576,9393.3987
Cameroon,Emissions on agricultural land,Emissions (CO2eq) from N2O (AR5),kilotonnes,5870.013,5447.0744,5503.1473,6898.6938,5482.8374,6808.2565,5553.0935,5397.8973,5506.9647,5088.828,5434.9034,5284.9299,5078.4082,5293.1772,4997.2932,5082.2509,5424.5764,5344.601,5221.709,5515.7182,5873.5976
Cameroon,Emissions on agricultural land,Emissions (CO2eq) (AR5),kilotonnes,68822.5414,56192.5765,56294.7939,59398.7729,56307.0758,59251.5799,56504.6384,56212.3142,56014.011,55040.3219,55858.3786,47754.6984,47680.5973,48285.8319,47705.7673,47967.8441,48906.4459,48474.2379,48280.7252,48913.1107,49738.6557
Cameroon,Pre- and post- production,Emissions (CH4),kilotonnes,63.4037,64.0857,64.7206,65.8356,66.6127,67.3368,68.4055,69.2349,70.255,71.2765,72.4639,73.3985,74.3653,75.6131,77.1029,78.3035,79.3375,80.1417,81.3197,82.1021,83.1547
Cameroon,Pre- and post- production,Emissions (N2O),kilotonnes,0.3088,0.327,0.331,0.3466,0.3629,0.3882,0.4113,0.428,0.4537,0.48,0.4909,0.5276,0.5518,0.5791,0.598,0.6285,0.6572,0.6576,0.6795,0.704,0.7261
Cameroon,Pre- and post- production,Emissions (CO2),kilotonnes,507.138,467.9168,466.0381,500.577,501.7066,473.2643,458.8115,558.1493,570.6598,659.2197,705.6065,702.0153,724.024,710.1179,799.2888,788.6861,761.836,754.1595,761.4827,800.9906,766.7776
Cameroon,Pre- and post- production,Emissions (CO2eq) from CH4 (AR5),kilotonnes,1775.3036,1794.3987,1812.1779,1843.3977,1865.1559,1885.4307,1915.3535,1938.5773,1967.1392,1995.7409,2028.9887,2055.1577,2082.229,2117.166,2158.8825,2192.4993,2221.4496,2243.9682,2276.9521,2298.8594,2328.3319
Cameroon,Pre- and post- production,Emissions (CO2eq) from N2O (AR5),kilotonnes,81.8346,86.6556,87.7027,91.8452,96.1556,102.8645,108.9916,113.4111,120.2385,127.2042,130.0926,139.82,146.2208,153.471,158.4785,166.5615,174.1451,174.2612,180.0704,186.5512,192.4171
Cameroon,Pre- and post- production,Emissions (CO2eq) (AR5),kilotonnes,2364.2762,2348.9711,2365.9188,2435.8199,2463.0181,2461.5595,2483.1566,2610.1377,2658.0375,2782.1648,2864.6878,2896.9929,2952.4738,2980.7548,3116.6498,3147.7469,3157.4307,3172.3888,3218.5052,3286.4012,3287.5266
Cameroon,Agri-food systems,Emissions (CH4),kilotonnes,428.7758,374.5736,376.4041,438.4362,378.8294,437.5061,385.47,380.8447,370.4244,349.7945,366.8251,360.042,365.0834,379.7182,370.7928,379.535,399.4926,388.0226,387.1773,401.2327,418.6332
Cameroon,Agri-food systems,Emissions (N2O),kilotonnes,22.4598,20.882,21.0975,26.3794,21.0528,26.0797,21.3664,20.7974,21.2347,19.6831,21,20.4708,19.7156,20.5534,19.4557,19.8068,21.1273,20.8259,20.3841,21.518,22.8906
Cameroon,Agri-food systems,Emissions (CO2),kilotonnes,53229.2483,42519.7567,42530.5487,42567.8411,42583.8789,42551.8482,42532.5485,42647.4922,42672.9618,42812.2078,42886.9679,35145.7659,35186.1076,35187.829,35284.446,35239.7983,35279.3612,35263.1307,35256.487,35262.7255,35238.4371
Cameroon,Agri-food systems,Emissions (CO2eq) from CH4 (AR5),kilotonnes,12005.7217,10488.0609,10539.3139,12276.2126,10607.2219,12250.1701,10793.1613,10663.6513,10371.8836,9794.2467,10271.1026,10081.1756,10222.3346,10632.1096,10382.1994,10626.9803,11185.794,10864.6339,10840.964,11234.517,11721.7305
Cameroon,Agri-food systems,Emissions (CO2eq) from N2O (AR5),kilotonnes,5951.8476,5533.73,5590.85,6990.539,5578.9931,6911.121,5662.0851,5511.3084,5627.2031,5216.0322,5564.996,5424.7498,5224.629,5446.6482,5155.7717,5248.8123,5598.7215,5518.8622,5401.7794,5702.2694,6066.0147
Cameroon,Agri-food systems,Emissions (CO2eq) (AR5),kilotonnes,71186.8176,58541.5476,58660.7127,61834.5927,58770.0939,61713.1394,58987.7949,58822.4519,58672.0485,57822.4867,58723.0664,50651.6913,50633.0711,51266.5867,50822.4172,51115.591,52063.8766,51646.6268,51499.2304,52199.5119,53026.1823
Cameroon,IPCC Agriculture,Emissions (CH4),kilotonnes,314.9653,296.1242,292.0277,319.5659,289.7593,320.4961,298.7546,294.7113,271.5346,260.5903,271.4682,266.6562,275.7081,285.8685,283.2666,289.9976,302.0516,289.9226,293.1875,293.1278,301.8354
Cameroon,IPCC Agriculture,Emissions (CH4),kilotonnes,308,,,,,,,,,,,,,,,,,,,,
Cameroon,IPCC Agriculture,Direct emissions (N2O),kilotonnes,10.2416,10.3368,10.0314,10.2782,10.6408,10.6832,10.837,10.8778,9.767,9.8392,10.0856,10.5938,10.8932,11.4869,11.3411,11.9132,11.985,11.9362,12.0094,12.0405,12.0366
Cameroon,IPCC Agriculture,Indirect emissions (N2O),kilotonnes,2.6835,2.7145,2.6407,2.6914,2.7925,2.7863,2.8268,2.834,2.5997,2.6264,2.7533,2.8873,2.9072,3.0699,2.9831,3.1543,3.158,3.1772,3.1958,3.1971,3.1968
Cameroon,IPCC Agriculture,Emissions (N2O),kilotonnes,20.6613,19.2377,18.9641,21.1821,18.63,21.1466,19.2757,18.8185,18.159,17.5574,18.4093,18.1082,17.7835,18.2991,17.8952,18.1437,18.8079,18.5187,18.5373,18.4295,19.0824
Cameroon,IPCC Agriculture,Emissions (N2O),kilotonnes,50,,,,,,,,,,,,,,,,,,,,
Cameroon,IPCC Agriculture,Emissions (CO2eq) from CH4 (AR5),kilotonnes,8819.029,8291.4777,8176.775,8947.846,8113.259,8973.8914,8365.13,8251.9176,7602.9696,7296.5297,7601.1085,7466.3729,7719.827,8004.3169,7931.4656,8119.9339,8457.4457,8117.8324,8209.2502,8207.579,8451.39
Cameroon,IPCC Agriculture,Emissions (CO2eq) from CH4 (AR5),kilotonnes,8624,,,,,,,,,,,,,,,,,,,,
Cameroon,IPCC Agriculture,Emissions (CO2eq) from N2O (AR5),kilotonnes,5475.2386,5097.9938,5025.4836,5613.2457,4936.9452,5603.8575,5108.0483,4986.8987,4812.1464,4652.7089,4878.4594,4798.6823,4712.6399,4849.2498,4742.2273,4808.0689,4984.0962,4907.4534,4912.3919,4883.8288,5056.8448
Cameroon,IPCC Agriculture,Emissions (CO2eq) from N2O (AR5),kilotonnes,13250,,,,,,,,,,,,,,,,,,,,
Cameroon,IPCC Agriculture,Emissions (CO2eq) (AR5),kilotonnes,14294.2677,13389.4715,13202.2586,14561.0916,13050.2042,14577.7489,13473.1783,13238.8162,12415.116,11949.2386,12479.568,12265.0552,12432.4669,12853.5668,12673.6929,12928.0028,13441.5419,13025.2858,13121.6421,13091.4078,13508.2348
Cameroon,IPCC Agriculture,Emissions (CO2eq) (AR5),kilotonnes,21874,,,,,,,,,,,,,,,,,,,,
Cameroon,Agricultural Soils,Direct emissions (N2O),kilotonnes,10.2416,10.3368,10.0314,10.2782,10.6408,10.6832,10.837,10.8778,9.767,9.8392,10.0856,10.5938,10.8932,11.4869,11.3411,11.9132,11.985,11.9362,12.0094,12.0405,12.0366
Cameroon,Agricultural Soils,Indirect emissions (N2O),kilotonnes,2.6835,2.7145,2.6407,2.6914,2.7925,2.7863,2.8268,2.834,2.5997,2.6264,2.7533,2.8873,2.9072,3.0699,2.9831,3.1543,3.158,3.1772,3.1958,3.1971,3.1968
Cameroon,Agricultural Soils,Emissions (N2O),kilotonnes,13.136,13.2633,12.8845,13.182,13.6475,13.6838,13.8787,13.9276,12.5841,12.6885,13.0656,13.7105,14.0324,14.7906,14.5572,15.3006,15.3858,15.3556,15.4451,15.4734,15.4709
Cameroon,Agricultural Soils,Emissions (N2O),kilotonnes,50,,,,,,,,,,,,,,,,,,,,
Cameroon,Agricultural Soils,Emissions (CO2eq) from N2O (AR5),kilotonnes,3481.0275,3514.7683,3414.387,3493.2346,3616.5772,3626.1946,3677.8687,3690.822,3334.7771,3362.4585,3462.3732,3633.2695,3718.5966,3919.4958,3857.663,4054.6472,4077.2338,4069.2243,4092.9588,4100.4606,4099.7834
Cameroon,Agricultural Soils,Emissions (CO2eq) from N2O (AR5),kilotonnes,13250,,,,,,,,,,,,,,,,,,,,
Cameroon,Agricultural Soils,Emissions (CO2eq) (AR5),kilotonnes,3481.0275,3514.7683,3414.387,3493.2346,3616.5772,3626.1946,3677.8687,3690.822,3334.7771,3362.4585,3462.3732,3633.2695,3718.5966,3919.4958,3857.663,4054.6472,4077.2338,4069.2243,4092.9588,4100.4606,4099.7834
Cameroon,Agricultural Soils,Emissions (CO2eq) (AR5),kilotonnes,13250,,,,,,,,,,,,,,,,,,,,
Cameroon,LULUCF,Emissions (CH4),kilotonnes,67.9887,14.4687,19.7236,53.5501,22.779,49.8242,18.5415,17.102,28.7606,18.0119,22.9449,20.1026,15.0724,18.34,10.5292,11.3724,18.5738,18.0834,12.7075,26.1752,34.378
Cameroon,LULUCF,Emissions (CH4),kilotonnes,1,,,,,,,,,,,,,,,,,,,,
Cameroon,LULUCF,Emissions (N2O),kilotonnes,1.9997,1.3211,1.8009,4.8894,2.0798,4.5492,1.6929,1.5615,2.626,1.6446,2.095,1.8355,1.3762,1.6745,0.9614,1.0384,1.6959,1.6511,1.1603,2.3899,3.1389
Cameroon,LULUCF,Emissions (N2O),kilotonnes,,,,,,,,,,,,,,,,,,,,,
Cameroon,LULUCF,Emissions (CO2),kilotonnes,52483.3006,40851.1902,40853.73,40853.4018,40865.2478,40865.2478,40870.5862,40875.9727,40886.1873,40922.868,40946.5433,33204.1807,33221.5223,33233.3533,33228.0545,33228.0545,33291.6972,33287.9558,33273.5475,33247.4072,33257.3318
Cameroon,LULUCF,Emissions (CO2),kilotonnes,-76602,,,,,,,,,,,,,,,,,,,,
Cameroon,LULUCF,Emissions (CO2eq) from CH4 (AR5),kilotonnes,1903.6823,405.1229,552.2608,1499.4038,637.8133,1395.0788,519.1618,478.8561,805.2959,504.3331,642.4571,562.872,422.026,513.5191,294.8168,318.4281,520.0661,506.3363,355.8106,732.9066,962.5835
Cameroon,LULUCF,Emissions (CO2eq) from N2O (AR5),kilotonnes,529.9118,350.079,477.2253,1295.6805,551.1539,1205.53,448.6235,413.7941,695.8807,435.8096,555.1668,486.3948,364.6855,443.7475,254.7602,275.1635,449.4049,437.5406,307.4668,633.3269,831.7977
Cameroon,LULUCF,Emissions (CO2eq) (AR5),kilotonnes,54916.8946,41606.392,41883.2161,43648.4861,42054.215,43465.8565,41838.3715,41768.6229,42387.3638,41863.0107,42144.1671,34253.4475,34008.2337,34190.6199,33777.6314,33821.6461,34261.1683,34231.8327,33936.8249,34613.6407,35051.7131
Cameroon,LULUCF,Emissions (CO2eq) (AR5),kilotonnes,-76602,,,,,,,,,,,,,,,,,,,,
Cameroon,AFOLU,Emissions (CH4),kilotonnes,382.954,310.5929,311.7513,373.1161,312.5383,370.3204,317.2961,311.8133,300.2952,278.6022,294.4131,286.7587,290.7805,304.2084,293.7958,301.3701,320.6254,308.006,305.895,319.3031,336.2133
Cameroon,AFOLU,Emissions (N2O),kilotonnes,22.6609,20.5588,20.7649,26.0714,20.7098,25.6958,20.9686,20.38,20.785,19.202,20.5042,19.9437,19.1597,19.9736,18.8566,19.182,20.5038,20.1698,19.6976,20.8195,22.2213
Cameroon,AFOLU,Emissions (CO2),kilotonnes,52483.3006,40851.1902,40853.73,40853.4018,40865.2478,40865.2478,40870.5862,40875.9727,40886.1873,40922.868,40946.5433,33204.1807,33221.5223,33233.3533,33228.0545,33228.0545,33291.6972,33287.9558,33273.5475,33247.4072,33257.3318
Cameroon,AFOLU,Emissions (CO2eq) from CH4 (AR5),kilotonnes,10722.7113,8696.6005,8729.0357,10447.2498,8751.0723,10368.9702,8884.2918,8730.7736,8408.2654,7800.8628,8243.5657,8029.2449,8141.8529,8517.836,8226.2824,8438.3621,8977.5118,8624.1687,8565.0608,8940.4856,9413.9735
Cameroon,AFOLU,Emissions (CO2eq) from N2O (AR5),kilotonnes,6005.1504,5448.0728,5502.709,6908.9262,5488.0991,6809.3875,5556.6718,5400.6928,5508.0271,5088.5185,5433.6262,5285.0771,5077.3254,5292.9973,4996.9875,5083.2324,5433.5012,5344.994,5219.8587,5517.1557,5888.6425
Cameroon,AFOLU,Emissions (CO2eq) (AR5),kilotonnes,69211.1623,54995.8635,55085.4747,58209.5778,55104.4192,58043.6054,55311.5498,55007.4391,54802.4798,53812.2493,54623.7351,46518.5027,46440.7006,47044.1866,46451.3244,46749.649,47702.7102,47257.1185,47058.467,47705.0484,48559.9478
Cameroon,All sectors with LULUCF,Emissions (CH4),kilotonnes,870.954,801.5929,782.7513,847.1161,770.5383,830.3204,760.2961,750.8133,769.2952,761.6022,750.4131,735.7587,753.7805,795.2084,826.7958,915.3701,939.6254,874.006,892.895,916.3031,945.2133
Cameroon,All sectors with LULUCF,Emissions (N2O),kilotonnes,24.5721,22.5109,22.8161,28.1846,22.882,27.942,23.1028,22.3702,22.8362,21.3642,22.7055,22.2059,21.493,22.3958,21.3658,21.8353,23.244,22.9601,22.5259,23.6357,25.0876
Cameroon,All sectors with LULUCF,Emissions (CO2),kilotonnes,58436.3006,46767.1902,46540.73,46944.4018,46913.2478,46597.2478,46661.5862,48608.9727,48539.1873,49798.868,49808.5433,41613.1807,41172.5223,40343.3533,42218.0545,43460.0545,43911.6972,43207.9558,43513.5475,43537.4072,43177.3318
Cameroon,All sectors with LULUCF,Emissions (CO2eq) from F-gases (AR5),kilotonnes,581.1092,482.962,348.8599,401.3346,447.9789,468.3857,457.6964,452.8376,474.2162,379.956,395.5041,305.1309,276.9501,249.7409,222.5318,195.3227,168.1135,139.9327,112.7235,85.5144,58.0137
Cameroon,All sectors with LULUCF,Emissions (CO2eq) from CH4 (AR5),kilotonnes,24386.7113,22444.6005,21917.0357,23719.2498,21575.0723,23248.9702,21288.2918,21022.7736,21540.2654,21324.8628,21011.5657,20601.2449,21105.8529,22265.836,23150.2824,25630.3621,26309.5118,24472.1687,25001.0608,25656.4856,26465.9735
Cameroon,All sectors with LULUCF,Emissions (CO2eq) from N2O (AR5),kilotonnes,6511.6099,5965.3984,6046.2709,7468.9194,6063.7286,7404.6284,6122.234,5928.0963,6051.5972,5661.5052,6016.9495,5884.567,5695.6319,5934.8904,5661.9374,5786.3439,6159.6696,6084.4143,5969.3506,6263.4688,6648.2072
Cameroon,All sectors with LULUCF,Emissions (CO2eq) (AR5),kilotonnes,89915.7311,75660.1511,74852.8965,78533.9056,75000.0276,77719.232,74529.8084,76012.6803,76605.2661,77165.1921,77232.5625,68404.1235,68250.9571,68793.8206,71252.8061,75072.0831,76548.9921,73904.4714,74596.6824,75542.876,76349.5263
Cameroon,All sectors without LULUCF,Emissions (CH4),kilotonnes,802.9653,787.1242,763.0277,793.5659,747.7593,780.4961,741.7546,733.7113,740.5346,743.5903,727.4682,715.6562,738.7081,776.8685,816.2666,903.9976,921.0516,855.9226,880.1875,890.1278,910.8354
Cameroon,All sectors without LULUCF,Emissions (N2O),kilotonnes,22.5724,21.1899,21.0153,23.2952,20.8022,23.3928,21.4099,20.8087,20.2103,19.7196,20.6105,20.3705,20.1168,20.7213,20.4044,20.7969,21.5482,21.309,21.3656,21.2458,21.9487
Cameroon,All sectors without LULUCF,Emissions (CO2),kilotonnes,5953,5916,5687,6091,6048,5732,5791,7733,7653,8876,8862,8409,7951,7110,8990,10232,10620,9920,10240,10290,9920
Cameroon,All sectors without LULUCF,Emissions (CO2eq) from F-gases (AR5),kilotonnes,581.1092,482.962,348.8599,401.3346,447.9789,468.3857,457.6964,452.8376,474.2162,379.956,395.5041,305.1309,276.9501,249.7409,222.5318,195.3227,168.1135,139.9327,112.7235,85.5144,58.0137
Cameroon,All sectors without LULUCF,Emissions (CO2eq) from CH4 (AR5),kilotonnes,22483.029,22039.4777,21364.775,22219.846,20937.259,21853.8914,20769.13,20543.9176,20734.9696,20820.5297,20369.1085,20038.3729,20683.827,21752.3169,22855.4656,25311.9339,25789.4457,23965.8324,24645.2502,24923.579,25503.39
Cameroon,All sectors without LULUCF,Emissions (CO2eq) from N2O (AR5),kilotonnes,5981.6981,5615.3194,5569.0455,6173.2389,5512.5748,6199.0984,5673.6105,5514.3022,5355.7165,5225.6956,5461.7827,5398.1722,5330.9464,5491.1429,5407.1773,5511.1805,5710.2646,5646.8736,5661.8837,5630.1419,5816.4095
Cameroon,All sectors without LULUCF,Emissions (CO2eq) (AR5),kilotonnes,34998.8364,34053.7591,32969.6804,34885.4195,32945.8126,34253.3755,32691.4369,34244.0574,34217.9023,35302.1814,35088.3954,34150.676,34242.7234,34603.2008,37475.1746,41250.437,42287.8239,39672.6387,40659.8575,40929.2353,41297.8132
Canada,Crop Residues,Direct emissions (N2O),kilotonnes,10.481,8.8866,7.4915,9.9292,10.2277,10.2681,9.9507,9.5332,11.1605,10.1092,9.2885,9.7478,10.5233,13.1938,10.7737,11.0226,11.9407,11.8249,12.1479,12.4189,13.0807
Canada,Crop Residues,Direct emissions (N2O),kilotonnes,9.278,7.6917,7.054,9.0056,9.7593,9.9639,9.8386,9.553,11.1989,10.4509,10.5454,10.5439,11.187,13.516,11.9217,12.4453,13.8476,13.7735,13.4846,13.212,13.9698
Canada,Crop Residues,Indirect emissions (N2O),kilotonnes,2.3582,1.9995,1.6856,2.2341,2.3012,2.3103,2.2389,2.145,2.5111,2.2746,2.0899,2.1933,2.3678,2.9686,2.4241,2.4801,2.6867,2.6606,2.7333,2.7942,2.9432
Canada,Crop Residues,Emissions (N2O),kilotonnes,12.8392,10.8861,9.1771,12.1633,12.5289,12.5784,12.1896,11.6781,13.6716,12.3837,11.3784,11.9411,12.8911,16.1623,13.1978,13.5027,14.6273,14.4855,14.8812,15.2131,16.0239
Canada,Crop Residues,Emissions (N2O),kilotonnes,9.278,7.6917,7.054,9.0056,9.7593,9.9639,9.8386,9.553,11.1989,10.4509,10.5454,10.5439,11.187,13.516,11.9217,12.4453,13.8476,13.7735,13.4846,13.212,13.9698
Canada,Crop Residues,Emissions (CO2eq) from N2O (AR5),kilotonnes,3402.3804,2884.8149,2431.9201,3223.2657,3320.171,3333.2696,3230.2454,3094.7036,3622.965,3281.6886,3015.2764,3164.3788,3416.1372,4283.0223,3497.4144,3578.2153,3876.2419,3838.6631,3943.5181,4031.4766,4246.3211
Canada,Crop Residues,Emissions (CO2eq) from N2O (AR5),kilotonnes,2458.6694,2038.289,1869.3101,2386.4902,2586.2093,2640.4221,2607.2282,2531.5445,2967.7007,2769.4974,2794.528,2794.1346,2964.5474,3581.7356,3159.2549,3298.0043,3669.6076,3649.9862,3573.4065,3501.1845,3701.9929
Canada,Crop Residues,Emissions (CO2eq) (AR5),kilotonnes,3402.3804,2884.8149,2431.9201,3223.2657,3320.171,3333.2696,3230.2454,3094.7036,3622.965,3281.6886,3015.2764,3164.3788,3416.1372,4283.0223,3497.4144,3578.2153,3876.2419,3838.6631,3943.5181,4031.4766,4246.3211
Canada,Crop Residues,Emissions (CO2eq) (AR5),kilotonnes,2458.6694,2038.289,1869.3101,2386.4902,2586.2093,2640.4221,2607.2282,2531.5445,2967.7007,2769.4974,2794.528,2794.1346,2964.5474,3581.7356,3159.2549,3298.0043,3669.6076,3649.9862,3573.4065,3501.1845,3701.9929
Canada,Burning - Crop residues,Emissions (CH4),kilotonnes,14.7107,14.8762,12.872,14.3421,13.0352,13.0848,13.3208,13.0009,13.9725,13.5166,12.2946,12.6706,14.0879,15.2971,13.6895,13.942,13.5109,13.4987,14.5343,14.3463,14.6214
Canada,Burning - Crop residues,Emissions (CH4),kilotonnes,4.0452,3.5314,3.5556,4.0368,1.0485,1.3013,1.4625,1.2086,1.5566,1.586,1.0443,0.9829,1.1877,1.623,1.5296,1.7184,1.4922,1.5412,1.5071,1.4935,1.6266
Canada,Burning - Crop residues,Emissions (N2O),kilotonnes,0.3814,0.3857,0.3337,0.3718,0.338,0.3392,0.3454,0.3371,0.3623,0.3504,0.3187,0.3285,0.3652,0.3966,0.3549,0.3615,0.3503,0.35,0.3768,0.3719,0.3791
Canada,Burning - Crop residues,Emissions (N2O),kilotonnes,0.1049,0.0916,0.0922,0.1047,0.0272,0.0337,0.0379,0.0313,0.0404,0.0411,0.0271,0.0255,0.0308,0.0421,0.0397,0.0445,0.0387,0.04,0.0391,0.0387,0.0422
Canada,Burning - Crop residues,Emissions (CO2eq) from CH4 (AR5),kilotonnes,411.9006,416.5333,360.4154,401.5796,364.9862,366.3742,372.9817,364.0246,391.23,378.4657,344.2476,354.7757,394.4611,428.3178,383.3071,390.3772,378.3039,377.9637,406.9593,401.6961,409.3982
Canada,Burning - Crop residues,Emissions (CO2eq) from CH4 (AR5),kilotonnes,113.2669,98.8801,99.5577,113.0291,29.3569,36.4368,40.9495,33.8415,43.5852,44.4076,29.2397,27.5225,33.2558,45.445,42.8275,48.1139,41.7811,43.155,42.1999,41.8192,45.5453
Canada,Burning - Crop residues,Emissions (CO2eq) from N2O (AR5),kilotonnes,101.0682,102.2049,88.4353,98.5357,89.5568,89.8974,91.5187,89.3208,95.9963,92.8643,84.4682,87.0514,96.7891,105.0965,94.0522,95.787,92.8246,92.7411,99.8558,98.5643,100.4542
Canada,Burning - Crop residues,Emissions (CO2eq) from N2O (AR5),kilotonnes,27.7924,24.2622,24.4285,27.734,7.2033,8.9405,10.0478,8.3037,10.6945,10.8963,7.1746,6.7532,8.16,11.1509,10.5086,11.8057,10.2518,10.5889,10.3546,10.2612,11.1755
Canada,Burning - Crop residues,Emissions (CO2eq) (AR5),kilotonnes,512.9687,518.7383,448.8507,500.1154,454.543,456.2716,464.5003,453.3454,487.2263,471.33,428.7158,441.8271,491.2502,533.4144,477.3593,486.1642,471.1285,470.7048,506.8151,500.2604,509.8524
Canada,Burning - Crop residues,Emissions (CO2eq) (AR5),kilotonnes,141.0593,123.1423,123.9862,140.7631,36.5603,45.3774,50.9972,42.1452,54.2797,55.3039,36.4142,34.2757,41.4158,56.5958,53.3361,59.9196,52.0329,53.7439,52.5545,52.0804,56.7207
Canada,Enteric Fermentation,Emissions (CH4),kilotonnes,815.2445,839.6553,846.7533,830.6504,887.6936,906.2858,890.0829,859.2971,835.9235,795.6663,776.9049,750.0767,753.8066,754.5342,744.2696,721.5954,720.4403,717.0212,721.1197,717.782,705.296
Canada,Enteric Fermentation,Emissions (CH4),kilotonnes,1116.6889,1148.5884,1149.701,1159.4734,1202.3295,1232.8302,1196.188,1155.027,1120.1306,1055.0494,1011.2436,984.3814,984.8374,982.5651,969.0763,960.3022,968.2651,968.6551,965.6855,960.3418,947.0793
Canada,Enteric Fermentation,Emissions (CO2eq) from CH4 (AR5),kilotonnes,22826.846,23510.347,23709.0924,23258.2112,24855.4208,25376.0024,24922.3212,24060.3188,23405.858,22278.6564,21753.3372,21002.1476,21106.5848,21126.9576,20839.5488,20204.6708,20172.3276,20076.5925,20191.3523,20097.8956,19748.2888
Canada,Enteric Fermentation,Emissions (CO2eq) from CH4 (AR5),kilotonnes,31267.289,32160.4764,32191.6287,32465.2544,33665.2271,34519.2453,33493.2654,32340.7556,31363.6576,29541.3832,28314.82,27562.678,27575.4462,27511.8238,27134.1368,26888.4612,27111.4231,27122.344,27039.1929,26889.5696,26518.2199
Canada,Enteric Fermentation,Emissions (CO2eq) (AR5),kilotonnes,22826.846,23510.347,23709.0924,23258.2112,24855.4208,25376.0024,24922.3212,24060.3188,23405.858,22278.6564,21753.3372,21002.1476,21106.5848,21126.9576,20839.5488,20204.6708,20172.3276,20076.5925,20191.3523,20097.8956,19748.2888
Canada,Enteric Fermentation,Emissions (CO2eq) (AR5),kilotonnes,31267.289,32160.4764,32191.6287,32465.2544,33665.2271,34519.2453,33493.2654,32340.7556,31363.6576,29541.3832,28314.82,27562.678,27575.4462,27511.8238,27134.1368,26888.4612,27111.4231,27122.344,27039.1929,26889.5696,26518.2199
Canada,Manure Management,Emissions (CH4),kilotonnes,212.9814,220.4562,228.9014,231.7504,231.9931,232.7759,234.7403,222.0774,206.0898,201.9183,201.6124,202.7526,204.24,204.1391,204.8785,207.7296,212.736,216.223,220.2192,218.3977,218.3245
Canada,Manure Management,Emissions (CH4),kilotonnes,134.2936,140.556,146.3891,148.7377,152.7323,156.3173,155.9487,150.3573,145.5484,142.8045,143.5078,144.5025,145.4485,147.3388,146.9774,149.6843,153.5284,154.6495,154.4083,155.6208,155.6334
Canada,Manure Management,Emissions (N2O),kilotonnes,6.0263,6.2113,6.3084,6.2396,6.5495,6.6602,6.5924,6.3621,6.1405,5.8964,5.7892,5.6509,5.6859,5.693,5.6448,5.5473,5.5767,5.5867,5.6298,5.6016,5.5364
Canada,Manure Management,Emissions (N2O),kilotonnes,15.3331,15.7956,15.6854,15.756,15.9471,16.1357,15.5887,15.1535,14.7893,14.1107,13.6732,13.3454,13.4283,13.3763,13.2709,13.3422,13.4387,13.3989,13.3231,13.246,13.0902
Canada,Manure Management,Emissions (CO2eq) from CH4 (AR5),kilotonnes,5963.4787,6172.7722,6409.2383,6489.0102,6495.806,6517.7256,6572.7272,6218.1678,5770.5155,5653.7111,5645.1475,5677.0723,5718.7207,5715.8954,5736.5972,5816.4286,5956.6068,6054.2448,6166.1366,6115.137,6113.0864
Canada,Manure Management,Emissions (CO2eq) from CH4 (AR5),kilotonnes,3760.2211,3935.5691,4098.896,4164.6549,4276.5049,4376.884,4366.5623,4210.0037,4075.3545,3998.5257,4018.219,4046.0701,4072.5571,4125.4864,4115.3665,4191.1602,4298.7946,4330.186,4323.4335,4357.3824,4357.7344
Canada,Manure Management,Emissions (CO2eq) from N2O (AR5),kilotonnes,1596.9571,1645.9842,1671.7309,1653.4837,1735.623,1764.9398,1746.9884,1685.9689,1627.2419,1562.5376,1534.141,1497.484,1506.7642,1508.6415,1495.8624,1470.0344,1477.8223,1480.4731,1491.9032,1484.4204,1467.1364
Canada,Manure Management,Emissions (CO2eq) from N2O (AR5),kilotonnes,4063.2586,4185.8449,4156.6331,4175.3311,4225.9892,4275.9611,4130.9998,4015.6699,3919.1672,3739.3462,3623.3979,3536.5345,3558.5102,3544.714,3516.7999,3535.6862,3561.2656,3550.7052,3530.6188,3510.1899,3468.8993
Canada,Manure Management,Emissions (CO2eq) (AR5),kilotonnes,7560.4357,7818.7564,8080.9692,8142.4939,8231.429,8282.6654,8319.7156,7904.1367,7397.7574,7216.2487,7179.2885,7174.5563,7225.4849,7224.5368,7232.4596,7286.463,7434.4291,7534.7179,7658.0399,7599.5574,7580.2227
Canada,Manure Management,Emissions (CO2eq) (AR5),kilotonnes,7823.4797,8121.414,8255.5291,8339.9859,8502.494,8652.8451,8497.5621,8225.6735,7994.5217,7737.8719,7641.6169,7582.6047,7631.0673,7670.2004,7632.1664,7726.8465,7860.0602,7880.8912,7854.0524,7867.5723,7826.6336
Canada,Manure left on Pasture,Direct emissions (N2O),kilotonnes,14.3404,14.8763,14.9975,14.6882,15.9263,16.3526,16.0574,15.4882,15.0693,14.2665,13.8672,13.2926,13.3846,13.3954,13.1795,12.7199,12.686,12.6009,12.6141,12.5367,12.2665
Canada,Manure left on Pasture,Indirect emissions (N2O),kilotonnes,3.1142,3.2423,3.2583,3.1921,3.4556,3.5459,3.4813,3.3602,3.271,3.1003,3.017,2.896,2.9159,2.9184,2.872,2.7725,2.7649,2.7469,2.7499,2.7335,2.6754
Canada,Manure left on Pasture,Emissions (N2O),kilotonnes,17.4546,18.1186,18.2557,17.8804,19.3819,19.8985,19.5387,18.8483,18.3404,17.3667,16.8841,16.1886,16.3005,16.3138,16.0515,15.4923,15.4509,15.3478,15.364,15.2702,14.9419
Canada,Manure left on Pasture,Emissions (CO2eq) from N2O (AR5),kilotonnes,4625.4759,4801.4352,4837.7652,4738.2937,5136.2061,5273.0917,5177.753,4994.8076,4860.193,4602.186,4474.2995,4289.9877,4319.642,4323.1672,4253.6399,4105.4712,4094.4874,4067.1653,4071.4639,4046.6075,3959.5972
Canada,Manure left on Pasture,Emissions (CO2eq) (AR5),kilotonnes,4625.4759,4801.4352,4837.7652,4738.2937,5136.2061,5273.0917,5177.753,4994.8076,4860.193,4602.186,4474.2995,4289.9877,4319.642,4323.1672,4253.6399,4105.4712,4094.4874,4067.1653,4071.4639,4046.6075,3959.5972
Canada,Manure applied to Soils,Direct emissions (N2O),kilotonnes,3.8532,3.9593,4.0127,3.9935,4.0639,4.0931,4.0755,3.9752,3.8497,3.7566,3.7255,3.6979,3.718,3.7283,3.7211,3.7085,3.7436,3.7743,3.8167,3.8087,3.7974
Canada,Manure applied to Soils,Direct emissions (N2O),kilotonnes,4.7991,4.912,4.9827,5.0039,5.0539,5.0899,4.9914,4.8771,4.807,4.7395,4.7532,4.7692,4.8279,4.906,4.905,5.0051,5.1138,5.1155,5.1326,5.1581,5.1186
Canada,Manure applied to Soils,Indirect emissions (N2O),kilotonnes,1.6376,1.6827,1.7054,1.6972,1.7272,1.7396,1.7321,1.6895,1.6361,1.5966,1.5833,1.5716,1.5801,1.5845,1.5815,1.5761,1.591,1.6041,1.6221,1.6187,1.6139
Canada,Manure applied to Soils,Emissions (N2O),kilotonnes,5.4908,5.642,5.7181,5.6907,5.791,5.8327,5.8076,5.6646,5.4858,5.3532,5.3088,5.2695,5.2981,5.3128,5.3026,5.2847,5.3346,5.3783,5.4389,5.4274,5.4113
Canada,Manure applied to Soils,Emissions (N2O),kilotonnes,4.7991,4.912,4.9827,5.0039,5.0539,5.0899,4.9914,4.8771,4.807,4.7395,4.7532,4.7692,4.8279,4.906,4.905,5.0051,5.1138,5.1155,5.1326,5.1581,5.1186
Canada,Manure applied to Soils,Emissions (CO2eq) from N2O (AR5),kilotonnes,1455.0636,1495.1432,1515.2905,1508.0438,1534.6258,1545.6624,1539.0076,1501.1276,1453.7397,1418.6017,1406.8431,1396.4215,1403.9996,1407.905,1405.1827,1400.4404,1413.6602,1425.2513,1441.2979,1438.2606,1434.005
Canada,Manure applied to Soils,Emissions (CO2eq) from N2O (AR5),kilotonnes,1271.7501,1301.6701,1320.4079,1326.0315,1339.2862,1348.8361,1322.7235,1292.4317,1273.8523,1255.9794,1259.5943,1263.8422,1279.3968,1300.0841,1299.8261,1326.3469,1355.167,1355.5948,1360.1383,1366.9023,1356.4259
Canada,Manure applied to Soils,Emissions (CO2eq) (AR5),kilotonnes,1455.0636,1495.1432,1515.2905,1508.0438,1534.6258,1545.6624,1539.0076,1501.1276,1453.7397,1418.6017,1406.8431,1396.4215,1403.9996,1407.905,1405.1827,1400.4404,1413.6602,1425.2513,1441.2979,1438.2606,1434.005
Canada,Manure applied to Soils,Emissions (CO2eq) (AR5),kilotonnes,1271.7501,1301.6701,1320.4079,1326.0315,1339.2862,1348.8361,1322.7235,1292.4317,1273.8523,1255.9794,1259.5943,1263.8422,1279.3968,1300.0841,1299.8261,1326.3469,1355.167,1355.5948,1360.1383,1366.9023,1356.4259
Canada,Synthetic Fertilizers,Direct emissions (N2O),kilotonnes,24.5826,24.2187,25.8184,25.9272,24.1914,27.9193,21.5594,32.4976,30.0024,30.0858,32.2341,39.1362,43.807,38.6729,39.9614,40.5586,38.6729,38.83,43.5129,39.6,48.4471
Canada,Synthetic Fertilizers,Direct emissions (N2O),kilotonnes,18.6212,17.8732,17.7327,18.1761,18.2552,16.7,16.7127,19.4072,20.0688,20.4689,20.8572,21.7144,24.6376,26.3532,26.0265,26.9059,27.3026,24.9677,28.0763,28.3739,32.0674
Canada,Synthetic Fertilizers,Indirect emissions (N2O),kilotonnes,7.9893,7.8711,8.391,8.4263,7.8622,9.0738,7.0068,10.5617,9.7508,9.7779,10.4761,12.7193,14.2373,12.5687,12.9875,13.1815,12.5687,12.6197,14.1417,12.87,15.7453
Canada,Synthetic Fertilizers,Emissions (N2O),kilotonnes,32.572,32.0898,34.2094,34.3535,32.0535,36.9931,28.5662,43.0594,39.7532,39.8637,42.7102,51.8555,58.0442,51.2415,52.9489,53.7401,51.2415,51.4497,57.6545,52.47,64.1925
Canada,Synthetic Fertilizers,Emissions (N2O),kilotonnes,18.6212,17.8732,17.7327,18.1761,18.2552,16.7,16.7127,19.4072,20.0688,20.4689,20.8572,21.7144,24.6376,26.3532,26.0265,26.9059,27.3026,24.9677,28.0763,28.3739,32.0674
Canada,Synthetic Fertilizers,Emissions (CO2eq) from N2O (AR5),kilotonnes,8631.5694,8503.7966,9065.4797,9103.6841,8494.1903,9803.1768,7570.0453,11410.7359,10534.5892,10563.8715,11318.2154,13741.7012,15381.7214,13579.007,14031.4566,14241.1284,13579.007,13634.1837,15278.452,13904.55,17011.003
Canada,Synthetic Fertilizers,Emissions (CO2eq) from N2O (AR5),kilotonnes,4934.6247,4736.388,4699.1632,4816.6562,4837.6179,4425.5125,4428.8764,5142.9092,5318.2304,5424.2669,5527.1506,5754.3081,6528.9762,6983.6019,6897.0311,7130.0615,7235.1772,6616.4379,7440.2143,7519.081,8497.8721
Canada,Synthetic Fertilizers,Emissions (CO2eq) (AR5),kilotonnes,8631.5694,8503.7966,9065.4797,9103.6841,8494.1903,9803.1768,7570.0453,11410.7359,10534.5892,10563.8715,11318.2154,13741.7012,15381.7214,13579.007,14031.4566,14241.1284,13579.007,13634.1837,15278.452,13904.55,17011.003
Canada,Synthetic Fertilizers,Emissions (CO2eq) (AR5),kilotonnes,4934.6247,4736.388,4699.1632,4816.6562,4837.6179,4425.5125,4428.8764,5142.9092,5318.2304,5424.2669,5527.1506,5754.3081,6528.9762,6983.6019,6897.0311,7130.0615,7235.1772,6616.4379,7440.2143,7519.081,8497.8721
Canada,Drained organic soils,Emissions (CO2eq) (AR5),kilotonnes,44581.1987,44704.8743,44789.0169,44813.3122,44883.3514,44777.5574,44663.3497,44513.5224,44448.5545,44446.2169,44484.3769,44536.743,44570.1841,44590.4163,44601.843,44624.2936,44712.5114,44775.5856,45117.632,45282.6748,45365.3267
Canada,Drained organic soils,Emissions (CO2eq) (AR5),kilotonnes,53.8137,53.8137,53.8137,53.8137,53.8137,53.8137,53.8137,53.8137,53.8137,53.8137,53.8137,53.8137,53.8137,53.8137,53.8137,53.8137,53.8137,53.8137,53.8137,53.8137,53.8137
Canada,Drained organic soils (CO2),Emissions (CO2),kilotonnes,37555.224,37659.4271,37730.307,37750.7891,37809.7961,37720.6858,37624.4806,37498.2622,37443.531,37441.549,37473.6678,37517.7646,37545.925,37562.9603,37572.5802,37591.4777,37665.7858,37718.9179,38006.9739,38145.9341,38215.5516
Canada,Drained organic soils (CO2),Emissions (CO2eq) (AR5),kilotonnes,37555.224,37659.4271,37730.307,37750.7891,37809.7961,37720.6858,37624.4806,37498.2622,37443.531,37441.549,37473.6678,37517.7646,37545.925,37562.9603,37572.5802,37591.4777,37665.7858,37718.9179,38006.9739,38145.9341,38215.5516
Canada,Drained organic soils (N2O),Emissions (N2O),kilotonnes,26.5131,26.5866,26.6366,26.651,26.6927,26.6297,26.5618,26.4727,26.4341,26.4327,26.4555,26.4867,26.5066,26.5187,26.5255,26.5389,26.5914,26.6289,26.8327,26.9311,26.9803
Canada,Drained organic soils (N2O),Emissions (N2O),kilotonnes,0.2031,0.2031,0.2031,0.2031,0.2031,0.2031,0.2031,0.2031,0.2031,0.2031,0.2031,0.2031,0.2031,0.2031,0.2031,0.2031,0.2031,0.2031,0.2031,0.2031,0.2031
Canada,Drained organic soils (N2O),Emissions (CO2eq) from N2O (AR5),kilotonnes,7025.9747,7045.4472,7058.7099,7062.5231,7073.5553,7056.8716,7038.8691,7015.2602,7005.0235,7004.6679,7010.7091,7018.9784,7024.2591,7027.456,7029.2628,7032.8159,7046.7256,7056.6677,7110.6581,7136.7407,7149.7752
Canada,Drained organic soils (N2O),Emissions (CO2eq) from N2O (AR5),kilotonnes,53.8137,53.8137,53.8137,53.8137,53.8137,53.8137,53.8137,53.8137,53.8137,53.8137,53.8137,53.8137,53.8137,53.8137,53.8137,53.8137,53.8137,53.8137,53.8137,53.8137,53.8137
Canada,Drained organic soils (N2O),Emissions (CO2eq) (AR5),kilotonnes,7025.9747,7045.4472,7058.7099,7062.5231,7073.5553,7056.8716,7038.8691,7015.2602,7005.0235,7004.6679,7010.7091,7018.9784,7024.2591,7027.456,7029.2628,7032.8159,7046.7256,7056.6677,7110.6581,7136.7407,7149.7752
Canada,Drained organic soils (N2O),Emissions (CO2eq) (AR5),kilotonnes,53.8137,53.8137,53.8137,53.8137,53.8137,53.8137,53.8137,53.8137,53.8137,53.8137,53.8137,53.8137,53.8137,53.8137,53.8137,53.8137,53.8137,53.8137,53.8137,53.8137,53.8137
Canada,On-farm energy use,Emissions (CH4),kilotonnes,4.9483,4.844,4.7487,4.7649,4.7932,4.8725,4.9744,4.6679,4.6948,4.1614,5.1226,5.2775,5.1253,5.424,5.0951,5.1434,5.3575,5.1193,5.1588,5.1715,5.1715
Canada,On-farm energy use,Emissions (N2O),kilotonnes,3.2876,2.8936,2.5299,2.5891,2.5913,3.0275,3.1252,3.3423,3.3991,2.601,3.1095,3.5083,3.3496,3.5425,4.0066,4.1794,4.1647,4.4347,4.6879,4.8242,4.8242
Canada,On-farm energy use,Emissions (CO2),kilotonnes,13777.6768,12609.5392,11596.7179,11793.2836,11772.4137,12940.9159,13212.1122,14002.7051,14195.0522,11894.6289,14243.1973,15895.9457,15591.8107,16331.623,17294.7162,17579.3763,17730.8555,18243.5001,19022.2115,19367.7106,19367.7106
Canada,On-farm energy use,Emissions (CO2eq) from CH4 (AR5),kilotonnes,138.5527,135.6319,132.9645,133.417,134.209,136.4299,139.2823,130.7017,131.4553,116.5201,143.4322,147.7687,143.5086,151.8716,142.664,144.0161,150.0113,143.3399,144.4459,144.8022,144.8022
Canada,On-farm energy use,Emissions (CO2eq) from N2O (AR5),kilotonnes,871.2242,766.7984,670.4146,686.116,686.6922,802.2963,828.1701,885.6993,900.7639,689.2641,824.0058,929.6939,887.6551,938.7553,1061.7443,1107.5436,1103.6579,1175.2074,1242.2975,1278.4081,1278.4081
Canada,On-farm energy use,Emissions (CO2eq) (AR5),kilotonnes,14787.4538,13511.9695,12400.0969,12612.8166,12593.3148,13879.6421,14179.5645,15019.1061,15227.2715,12700.413,15210.6353,16973.4083,16622.9744,17422.2498,18499.1246,18830.936,18984.5247,19562.0474,20408.9549,20790.9209,20790.9209
Canada,Forestland,Emissions (CO2),kilotonnes,-67909.0539,171121.076,171121.076,171121.076,171121.076,171121.076,171121.076,171121.076,171121.076,171121.076,171121.076,22975.7406,22975.7406,22975.7406,22975.7406,22975.7406,-80719.7361,-80719.7361,-80719.7361,-80719.7361,-80719.7361
Canada,Forestland,Emissions (CO2),kilotonnes,-182679.7087,-179024.1517,-168021.247,-158223.586,-150883.6156,-143763.8058,-141217.138,-140142.1493,-142792.5129,-150548.125,-143378.68,-146223.0936,-148233.4071,-147776.8139,-147177.694,-141112.8083,-141908.4681,-141612.974,-139062.9199,-141328.1855,-133626.2995
Canada,Forestland,Emissions (CO2eq) (AR5),kilotonnes,-67909.0539,171121.076,171121.076,171121.076,171121.076,171121.076,171121.076,171121.076,171121.076,171121.076,171121.076,22975.7406,22975.7406,22975.7406,22975.7406,22975.7406,-80719.7361,-80719.7361,-80719.7361,-80719.7361,-80719.7361
Canada,Forestland,Emissions (CO2eq) (AR5),kilotonnes,-182679.7087,-179024.1517,-168021.247,-158223.586,-150883.6156,-143763.8058,-141217.138,-140142.1493,-142792.5129,-150548.125,-143378.68,-146223.0936,-148233.4071,-147776.8139,-147177.694,-141112.8083,-141908.4681,-141612.974,-139062.9199,-141328.1855,-133626.2995
Canada,Net Forest conversion,Emissions (CO2),kilotonnes,113851.7825,110514.6189,110514.6189,110514.6189,110514.6189,110514.6189,110514.6189,110514.6189,110514.6189,110514.6189,110514.6189,92546.3974,92546.3974,92546.3974,92546.3974,92546.3974,96117.2071,96117.2071,96117.2071,96117.2071,96117.2071
Canada,Net Forest conversion,Emissions (CO2),kilotonnes,4513.5597,4519.0464,4544.4237,4636.828,4700.0487,4761.4452,5139.2491,5216.9398,5266.5128,5200.7238,5183.4898,5258.9868,5270.6826,5332.0821,5518.0097,5599.7313,5583.295,5593.8683,5530.687,5534.7246,5526.5019
Canada,Net Forest conversion,Emissions (CO2eq) (AR5),kilotonnes,113851.7825,110514.6189,110514.6189,110514.6189,110514.6189,110514.6189,110514.6189,110514.6189,110514.6189,110514.6189,110514.6189,92546.3974,92546.3974,92546.3974,92546.3974,92546.3974,96117.2071,96117.2071,96117.2071,96117.2071,96117.2071
Canada,Net Forest conversion,Emissions (CO2eq) (AR5),kilotonnes,4513.5597,4519.0464,4544.4237,4636.828,4700.0487,4761.4452,5139.2491,5216.9398,5266.5128,5200.7238,5183.4898,5258.9868,5270.6826,5332.0821,5518.0097,5599.7313,5583.295,5593.8683,5530.687,5534.7246,5526.5019
Canada,Savanna fires,Emissions (CH4),kilotonnes,6.8154,1.9105,21.2497,14.8194,20.2095,12.5296,14.991,11.631,10.7163,4.8607,20.7702,13.0149,12.137,33.616,29.6168,21.2188,6.4706,21.6387,9.5999,7.9144,0.9324
Canada,Savanna fires,Emissions (N2O),kilotonnes,0.6223,0.1744,1.9402,1.3531,1.8452,1.144,1.3687,1.062,0.9784,0.4438,1.8964,1.1883,1.1082,3.0693,2.7041,1.9374,0.5908,1.9757,0.8765,0.7226,0.0851
Canada,Savanna fires,Emissions (CO2eq) from CH4 (AR5),kilotonnes,190.8308,53.4936,594.9922,414.9442,565.8668,350.8291,419.7489,325.6674,300.0552,136.0985,581.5645,364.4165,339.8346,941.2483,829.271,594.1274,181.1763,605.8829,268.7959,221.6044,26.1082
Canada,Savanna fires,Emissions (CO2eq) from N2O (AR5),kilotonnes,164.9026,46.2254,514.1509,358.5659,488.9828,303.1621,362.7178,281.4191,259.2868,117.6068,502.5476,314.9034,293.6615,813.3613,716.5983,513.4036,156.56,523.5619,232.2747,191.4951,22.5609
Canada,Savanna fires,Emissions (CO2eq) (AR5),kilotonnes,355.7334,99.719,1109.1431,773.51,1054.8496,653.9912,782.4668,607.0866,559.342,253.7053,1084.112,679.3199,633.4961,1754.6096,1545.8694,1107.531,337.7363,1129.4447,501.0706,413.0994,48.6691
Canada,Fires in organic soils,Emissions (CH4),kilotonnes,0,0,0,0,0,0,0,0,0,0,0,0,0,0,0,0,0,0,0,0,0
Canada,Fires in organic soils,Emissions (CO2),kilotonnes,0,0,0,0,0,0,0,0,0,0,0,0,0,0,0,0,0,0,0,0,0
Canada,Fires in organic soils,Emissions (CO2eq) from CH4 (AR5),kilotonnes,0,0,0,0,0,0,0,0,0,0,0,0,0,0,0,0,0,0,0,0,0
Canada,Fires in organic soils,Emissions (CO2eq) (AR5),kilotonnes,0,0,0,0,0,0,0,0,0,0,0,0,0,0,0,0,0,0,0,0,0
Canada,Forest fires,Emissions (CH4),kilotonnes,55.0792,1.5068,2.3484,12.2427,7.8962,3.1417,5.7561,2.2285,2.4261,3.9766,7.3484,6.3001,13.0762,11.653,12.0214,29.6145,15.5715,23.9251,62.0066,25.6106,4.2582
Canada,Forest fires,Emissions (N2O),kilotonnes,3.0469,0.1376,0.2144,1.1178,0.721,0.2868,0.5256,0.2035,0.2215,0.3631,0.6709,0.5752,1.1939,1.064,1.0976,2.7039,1.4217,2.1845,5.6615,2.3384,0.3888
Canada,Forest fires,Emissions (CO2eq) from CH4 (AR5),kilotonnes,1542.2174,42.1912,65.754,342.7955,221.0939,87.9669,161.1698,62.3986,67.9308,111.3459,205.7547,176.4032,366.1345,326.2842,336.6003,829.2068,436.002,669.9014,1736.1847,717.0955,119.2294
Canada,Forest fires,Emissions (CO2eq) from N2O (AR5),kilotonnes,807.4375,36.4587,56.82,296.22,191.054,76.0149,139.2718,53.9205,58.7011,96.2173,177.7989,152.4354,316.3879,281.9521,290.8666,716.5428,376.7626,578.8822,1500.29,619.6641,103.0298
Canada,Forest fires,Emissions (CO2eq) (AR5),kilotonnes,2349.6549,78.6499,122.574,639.0155,412.1479,163.9817,300.4416,116.3191,126.6318,207.5632,383.5536,328.8386,682.5224,608.2364,627.4669,1545.7496,812.7646,1248.7836,3236.4746,1336.7596,222.2592
Canada,Fires in humid tropical forests,Emissions (CH4),kilotonnes,0,0,0,0,0,0,0,0,0,0,0,0,0,0,0,0,0,0,0,0,0
Canada,Fires in humid tropical forests,Emissions (N2O),kilotonnes,0,0,0,0,0,0,0,0,0,0,0,0,0,0,0,0,0,0,0,0,0
Canada,Fires in humid tropical forests,Emissions (CO2eq) from CH4 (AR5),kilotonnes,0,0,0,0,0,0,0,0,0,0,0,0,0,0,0,0,0,0,0,0,0
Canada,Fires in humid tropical forests,Emissions (CO2eq) from N2O (AR5),kilotonnes,0,0,0,0,0,0,0,0,0,0,0,0,0,0,0,0,0,0,0,0,0
Canada,Fires in humid tropical forests,Emissions (CO2eq) (AR5),kilotonnes,0,0,0,0,0,0,0,0,0,0,0,0,0,0,0,0,0,0,0,0,0
Canada,Waste - agri-food systems,Emissions (CH4),kilotonnes,182.6336,184.8317,186.858,186.7335,190.4727,192.2241,193.2739,194.9099,195.8517,196.4067,197.6769,198.6244,199.3567,200.3324,194.7041,195.005,195.9701,196.1102,196.204,196.1476,196.0057
Canada,Waste - agri-food systems,Emissions (N2O),kilotonnes,1.6364,1.6719,1.7227,1.7267,1.8039,1.8151,1.8733,1.9298,1.972,1.9931,2.0552,2.0923,2.141,2.2252,2.1851,2.1694,2.2588,2.2914,2.3341,2.3527,2.3673
Canada,Waste - agri-food systems,Emissions (CO2),kilotonnes,21.4343,21.4282,21.4509,21.5789,21.686,21.7906,21.8826,21.9668,22.0105,21.9149,22.0424,22.1234,22.1385,22.1463,22.1288,22.0123,21.9978,22.0577,22.093,22.1006,22.0559
Canada,Waste - agri-food systems,Emissions (CO2eq) from CH4 (AR5),kilotonnes,5113.7409,5175.2889,5232.0228,5228.5384,5333.2354,5382.2751,5411.6685,5457.4771,5483.8477,5499.3873,5534.953,5561.4836,5581.9875,5609.3074,5451.7136,5460.1391,5487.1635,5491.0849,5493.7107,5492.1339,5488.1591
Canada,Waste - agri-food systems,Emissions (CO2eq) from N2O (AR5),kilotonnes,433.6394,443.0453,456.5083,457.5686,478.0327,481.0111,496.4287,511.3959,522.5679,528.1593,544.6318,554.4542,567.3733,589.6714,579.0464,574.8987,598.5794,607.2108,618.5331,623.4648,627.3239
Canada,Waste - agri-food systems,Emissions (CO2eq) (AR5),kilotonnes,5568.8147,5639.7624,5709.9819,5707.6858,5832.9541,5885.0768,5929.9799,5990.8399,6028.4262,6049.4614,6101.6272,6138.0612,6171.4994,6221.125,6052.8887,6057.0501,6107.7407,6120.3534,6134.3368,6137.6993,6137.5389
Canada,Fertilizers Manufacturing,Emissions (N2O),kilotonnes,2.1626,2.3403,2.5308,2.7388,2.8185,2.9686,4.4911,4.0465,3.5041,3.356,3.5255,3.7354,3.0515,3.3629,3.4247,3.5319,5.5779,5.1291,5.5032,5.4158,4.9143
Canada,Fertilizers Manufacturing,Emissions (CO2),kilotonnes,0,0,646.0097,1868.9259,2986.2366,4141.1659,7814.4231,7823.2848,6193.8767,6486.4135,7633.4814,7804.2008,7522.0373,18418.5031,18424.0059,18754.3528,19917.303,19309.3723,14899.248,14963.3137,13550.6932
Canada,Fertilizers Manufacturing,Emissions (CO2eq) from N2O (AR5),kilotonnes,573.089,620.1795,670.662,725.782,746.9025,786.679,1190.1415,1072.3225,928.5865,889.34,934.2575,989.881,808.6475,891.1685,907.5455,935.9535,1478.1435,1359.2115,1458.348,1435.187,1302.2993
Canada,Fertilizers Manufacturing,Emissions (CO2eq) (AR5),kilotonnes,573.089,620.1795,1316.6717,2594.7079,3733.1391,4927.8449,9004.5646,8895.6073,7122.4632,7375.7535,8567.7389,8794.0818,8330.6848,19309.6716,19331.5514,19690.3063,21395.4465,20668.5838,16357.596,16398.5007,14852.9925
Canada,On-farm electricity use,Emissions (CH4),kilotonnes,11.5231,11.6215,11.2363,12.0151,12.1915,12.2971,11.8171,10.8607,11.3311,11.5411,11.4199,11.4762,11.2387,12.1075,11.6923,12.1507,11.4919,11.7415,12.327,12.454,12.454
Canada,On-farm electricity use,Emissions (N2O),kilotonnes,0.0615,0.0621,0.06,0.0642,0.0651,0.0657,0.0631,0.058,0.0605,0.0616,0.061,0.0612,0.0601,0.0646,0.0624,0.0649,0.0614,0.0628,0.0659,0.0665,0.0665
Canada,On-farm electricity use,Emissions (CO2),kilotonnes,2078.8651,2187.6526,1983.7325,2258.9158,2123.2398,2054.2792,1949.6805,1887.4738,1820.906,1652.6138,1698.8274,1602.9044,1413.2254,1920.3263,1854.4758,1927.1779,1822.6923,1862.2788,1955.1549,1975.2907,1975.2907
Canada,On-farm electricity use,Emissions (CO2eq) from CH4 (AR5),kilotonnes,322.6468,325.402,314.6164,336.4228,341.362,344.3188,330.8788,304.0996,317.2708,323.1508,319.7572,321.3336,314.6836,339.01,327.3844,340.2196,321.7732,328.762,345.156,348.712,348.712
Canada,On-farm electricity use,Emissions (CO2eq) from N2O (AR5),kilotonnes,16.2975,16.4565,15.9,17.013,17.2515,17.4105,16.7215,15.37,16.0325,16.324,16.165,16.218,15.9265,17.119,16.536,17.1985,16.271,16.642,17.4635,17.6225,17.6225
Canada,On-farm electricity use,Emissions (CO2eq) (AR5),kilotonnes,2417.8094,2529.5111,2314.2489,2612.3516,2481.8533,2416.0085,2297.2808,2206.9434,2154.2093,1992.0886,2034.7496,1940.456,1743.8355,2276.4553,2198.3962,2284.596,2160.7365,2207.6828,2317.7744,2341.6252,2341.6252
Canada,Food Processing,Emissions (CH4),kilotonnes,0,0,0,0,0,5.8329,6.2004,6.5036,6.9932,7.9295,6.912,6.5034,7.7112,7.5775,8.0342,7.4537,7.0546,7.0553,7.1887,7.1887,4.8846
Canada,Food Processing,Emissions (N2O),kilotonnes,0,0,0,0,0,0.0352,0.0369,0.0386,0.0411,0.0465,0.041,0.0388,0.0455,0.0447,0.0468,0.0435,0.0414,0.0415,0.0422,0.0422,0.0383
Canada,Food Processing,Emissions (CO2),kilotonnes,0,0,0,0,0,3354.9082,3288.8043,3395.0976,3320.7588,3622.1734,3450.5248,3296.161,3531.0394,3706.1197,3547.3973,3338.863,3302.5828,3341.7406,3370.4957,3370.4957,3052.302
Canada,Food Processing,Emissions (CO2eq) from CH4 (AR5),kilotonnes,0,0,0,0,0,163.3212,173.6112,182.1008,195.8096,222.026,193.536,182.0952,215.9136,212.17,224.9576,208.7036,197.5288,197.5484,201.2836,201.2836,136.7696
Canada,Food Processing,Emissions (CO2eq) from N2O (AR5),kilotonnes,0,0,0,0,0,9.328,9.7785,10.229,10.8915,12.3225,10.865,10.282,12.0575,11.8455,12.402,11.5275,10.971,10.9975,11.183,11.183,10.1475
Canada,Food Processing,Emissions (CO2eq) (AR5),kilotonnes,0,0,0,0,0,3527.5574,3472.194,3587.4274,3527.4599,3856.5219,3654.9258,3488.5382,3759.0105,3930.1352,3784.7569,3559.0941,3511.0826,3550.2865,3582.9623,3582.9623,3199.2192
Canada,Food Packaging,Emissions (CH4),kilotonnes,15.3192,15.6805,16.231,16.4125,16.0296,16.0115,16.1949,20.8839,20.9724,17.7463,16.6537,15.9928,14.7388,14.4883,14.6724,14.7737,14.6223,15.6561,15.5735,16.6606,11.3207
Canada,Food Packaging,Emissions (N2O),kilotonnes,0.0916,0.0933,0.0948,0.0952,0.0938,0.0944,0.0945,0.1237,0.1219,0.1027,0.0964,0.0944,0.0878,0.0842,0.085,0.0855,0.0846,0.0913,0.0906,0.0959,0.087
Canada,Food Packaging,Emissions (CO2),kilotonnes,4650.0287,4709.4615,4524.7464,4541.5742,4329.8264,4562.9634,4402.4933,6050.9126,5493.5806,4241.9138,4218.3011,4269.9113,3865.3949,4135.4193,4181.0027,4283.7595,4256.3639,4569.742,4608.8444,4617.2443,4181.3506
Canada,Food Packaging,Emissions (CO2eq) from CH4 (AR5),kilotonnes,428.9376,439.054,454.468,459.55,448.8288,448.322,453.4572,584.7492,587.2272,496.8964,466.3036,447.7984,412.6864,405.6724,410.8272,413.6636,409.4244,438.3708,436.058,466.4968,316.9786
Canada,Food Packaging,Emissions (CO2eq) from N2O (AR5),kilotonnes,24.274,24.7245,25.122,25.228,24.857,25.016,25.0425,32.7805,32.3035,27.2155,25.546,25.016,23.267,22.313,22.525,22.6575,22.419,24.1945,24.009,25.4135,23.0604
Canada,Food Packaging,Emissions (CO2eq) (AR5),kilotonnes,5103.2403,5173.24,5004.3364,5026.3522,4803.5122,5036.3014,4880.993,6668.4423,6113.1113,4766.0257,4710.1507,4742.7257,4301.3483,4563.4047,4614.3549,4720.0806,4688.2073,5032.3073,5068.9114,5109.1546,4521.3896
Canada,Food Retail,Emissions (CH4),kilotonnes,9.0991,8.944,9.3849,9.5436,9.7224,8.4828,8.3689,8.7587,9.0393,9.0148,9.1768,9.3989,9.2886,9.5157,9.8782,9.8988,9.8893,10.5706,10.8306,10.1802,6.9173
Canada,Food Retail,Emissions (N2O),kilotonnes,0.0524,0.0518,0.056,0.0578,0.0585,0.0507,0.0493,0.0514,0.0526,0.0522,0.0528,0.0544,0.0535,0.055,0.0572,0.0571,0.0569,0.0606,0.0621,0.0592,0.0537
Canada,Food Retail,Emissions (CO2),kilotonnes,3559.7088,3586.273,3874.4448,4136.0964,3981.8901,3513.5859,3292.3316,3479.8483,3409.6159,3244.2776,3217.3048,3292.8119,3026.9076,3442.8746,3620.9898,3543.4259,3534.8252,3747.3116,3868.896,3764.7615,3409.347
Canada,Food Retail,Emissions (CO2eq) from F-gases (AR5),kilotonnes,6296.34,7523.9185,8632.012,9769.1975,10747.9355,11862.263,12780.739,13125.1675,13769.3475,13929.3535,14060.787,14150.141,14213.0005,14291.9645,14291.9645,14293.0035,15235.896,15509.153,15782.41,16055.667,15735.3544
Canada,Food Retail,Emissions (CO2eq) from CH4 (AR5),kilotonnes,254.7748,250.432,262.7772,267.2208,272.2272,237.5184,234.3292,245.2436,253.1004,252.4144,256.9504,263.1692,260.0808,266.4396,276.5896,277.1664,276.9004,295.9768,303.2568,285.0456,193.6848
Canada,Food Retail,Emissions (CO2eq) from N2O (AR5),kilotonnes,13.886,13.727,14.84,15.317,15.5025,13.4355,13.0645,13.621,13.939,13.833,13.992,14.416,14.1775,14.575,15.158,15.1315,15.0785,16.059,16.4565,15.688,14.2354
Canada,Food Retail,Emissions (CO2eq) (AR5),kilotonnes,10124.7096,11374.3505,12784.074,14187.8317,15017.5553,15626.8028,16320.4643,16863.8804,17446.0028,17439.8785,17549.0342,17720.5381,17514.1664,18015.8537,18204.7019,18128.7273,19062.7001,19568.5004,19971.0193,20121.1621,19352.6216
Canada,Food Household Consumption,Emissions (CH4),kilotonnes,13.9181,14.0761,14.312,14.849,15.1216,15.1692,14.8602,15.9456,16.1538,16.254,16.1743,16.7277,16.561,17.1953,17.3349,17.084,16.6366,16.8198,17.3178,17.3178,11.7672
Canada,Food Household Consumption,Emissions (N2O),kilotonnes,0.0838,0.084,0.0852,0.0886,0.0891,0.0902,0.088,0.0947,0.0952,0.0954,0.0945,0.0976,0.0958,0.0992,0.1001,0.0983,0.0953,0.0963,0.0995,0.0995,0.0903
Canada,Food Household Consumption,Emissions (CO2),kilotonnes,6203.9955,6080.932,6112.6047,6540.2483,6207.4102,6211.6303,5970.6789,6662.4447,6451.9078,6022.7387,5859.499,6080.4163,5528.5219,6331.0464,6536.6365,6288.2763,5853.7814,6058.4895,6542.997,6542.997,5925.3015
Canada,Food Household Consumption,Emissions (CO2eq) from CH4 (AR5),kilotonnes,389.7068,394.1308,400.736,415.772,423.4048,424.7376,416.0856,446.4768,452.3064,455.112,452.8804,468.3756,463.708,481.4684,485.3772,478.352,465.8248,470.9544,484.8984,484.8984,329.4822
Canada,Food Household Consumption,Emissions (CO2eq) from N2O (AR5),kilotonnes,22.207,22.26,22.578,23.479,23.6115,23.903,23.32,25.0955,25.228,25.281,25.0425,25.864,25.387,26.288,26.5265,26.0495,25.2545,25.5195,26.3675,26.3675,23.9261
Canada,Food Household Consumption,Emissions (CO2eq) (AR5),kilotonnes,6615.9093,6497.3228,6535.9187,6979.4993,6654.4265,6660.2709,6410.0845,7134.017,6929.4422,6503.1317,6337.4219,6574.6559,6017.6169,6838.8028,7048.5402,6792.6778,6344.8607,6554.9634,7054.2629,7054.2629,6278.7098
Canada,Food Transport,Emissions (CH4),kilotonnes,1.2916,1.2601,1.2003,1.1778,1.1606,1.0622,1.0505,1.0942,1.08,1.0445,1.0564,1.045,1.0532,1.0503,1.0306,1.0481,1.0763,1.0703,1.0962,0.7783,0.5288
Canada,Food Transport,Emissions (N2O),kilotonnes,1.8223,1.7616,1.6757,1.6314,1.582,1.4822,1.4858,1.5365,1.5372,1.3816,1.4582,1.4855,1.4911,1.504,1.4982,1.507,1.5076,1.4873,1.5282,1.4404,1.307
Canada,Food Transport,Emissions (CO2),kilotonnes,13947.95,13952.25,14094.2,14469.8,14958.15,14950,15070.3,16047.6,16202.7,16045.45,16705.55,16767.45,16679.25,17052.75,16830.8,16665,16587.8,16375.5,16736.2,17812.3425,16130.7577
Canada,Food Transport,Emissions (CO2eq) from CH4 (AR5),kilotonnes,36.1648,35.2828,33.6084,32.9784,32.4968,29.7416,29.414,30.6376,30.24,29.246,29.5792,29.26,29.4896,29.4084,28.8568,29.3468,30.1364,29.9684,30.6936,21.7924,14.8077
Canada,Food Transport,Emissions (CO2eq) from N2O (AR5),kilotonnes,482.9095,466.824,444.0605,432.321,419.23,392.783,393.737,407.1725,407.358,366.124,386.423,393.6575,395.1415,398.56,397.023,399.355,399.514,394.1345,404.973,381.706,346.3629
Canada,Food Transport,Emissions (CO2eq) (AR5),kilotonnes,14467.0243,14454.3568,14571.8689,14935.0994,15409.8768,15372.5246,15493.451,16485.4101,16640.298,16440.82,17121.5522,17190.3675,17103.8811,17480.7184,17256.6798,17093.7018,17017.4504,16799.6029,17171.8666,18215.8409,16491.9282
Canada,Energy,Emissions (CH4),kilotonnes,2250,2330,2350,2330,2320,2310,2290,2320,2290,2250,2200,2210,2290,2390,2460,2560,2550,2470,2440,2340,1590
Canada,Energy,Emissions (N2O),kilotonnes,24.8,23.6,22.7,22.4,22,21.3,21.2,22,21.5,19.3,20.3,20.7,20.5,20.9,21.3,21.6,21.4,21.4,21.7,21.6,19.6
Canada,Energy,Emissions (CO2),kilotonnes,529000,523000,514000,548000,548000,556000,566000,566000,552000,524000,516000,515000,514000,517000,537000,545000,542000,565000,575000,572000,518000
Canada,Energy,Emissions (CO2eq) from CH4 (AR5),kilotonnes,63000,65240,65800,65240,64960,64680,64120,64960,64120,63000,61600,61880,64120,66920,68880,71680,71400,69160,68320,65520,44520
Canada,Energy,Emissions (CO2eq) from N2O (AR5),kilotonnes,6572,6254,6015.5,5936,5830,5644.5,5618,5830,5697.5,5114.5,5379.5,5485.5,5432.5,5538.5,5644.5,5724,5671,5671,5750.5,5724,5194
Canada,Energy,Emissions (CO2eq) (AR5),kilotonnes,598572,594494,585815.5,619176,618790,626324.5,635738,636790,621817.5,592114.5,582979.5,582365.5,583552.5,589458.5,611524.5,622404,619071,639831,649070.5,643244,567714
Canada,IPPU,Emissions (CH4),kilotonnes,6.44,5.35,6.31,5.87,6.69,6.58,5.66,4.87,3.94,3.55,3.89,4.6,5,5.09,5.33,5.12,5.37,5.53,5.61,5.12,5.3
Canada,IPPU,Emissions (N2O),kilotonnes,11,9.79,9.56,9.32,6.62,5.73,5.95,5.41,4.03,3.84,3.78,4.12,3.82,3.79,3.79,3.86,3.83,3.85,4.17,3.97,3.29
Canada,IPPU,Emissions (CO2),kilotonnes,29600,28500,29700,29600,30900,31200,31200,30500,29700,26200,27600,28300,28700,28500,28300,28900,29700,29400,29900,29700,28200
Canada,IPPU,Emissions (CO2eq) from F-gases (AR5),kilotonnes,19337.9162,18171.8107,19143.5653,20698.3726,21572.9517,22933.4082,24488.2155,25654.321,26626.0756,28278.0584,31290.4976,31776.3749,34497.2877,36732.3232,37023.8496,37412.5514,36732.3232,35760.5686,38481.4815,38967.3588,38189.9551
Canada,IPPU,Emissions (CO2eq) from CH4 (AR5),kilotonnes,180.32,149.8,176.68,164.36,187.32,184.24,158.48,136.36,110.32,99.4,108.92,128.8,140,142.52,149.24,143.36,150.36,154.84,157.08,143.36,148.4
Canada,IPPU,Emissions (CO2eq) from N2O (AR5),kilotonnes,2915,2594.35,2533.4,2469.8,1754.3,1518.45,1576.75,1433.65,1067.95,1017.6,1001.7,1091.8,1012.3,1004.35,1004.35,1022.9,1014.95,1020.25,1105.05,1052.05,871.85
Canada,IPPU,Emissions (CO2eq) (AR5),kilotonnes,52033.2362,49415.9607,51553.6453,52932.5326,54414.5717,55836.0982,57423.4455,57724.331,57504.3456,55595.0584,60001.1176,61296.9749,64349.5877,66379.1932,66477.4396,67478.8114,67597.6332,66335.6586,69643.6115,69862.7688,67410.2051
Canada,Waste,Emissions (CH4),kilotonnes,802,776,808,796,826,809,840,826,770,715,713,708,693,694,742,746,753,758,764,768,773
Canada,Waste,Emissions (N2O),kilotonnes,2.38,2.45,2.51,2.55,2.59,2.65,2.72,2.82,2.92,2.92,2.93,2.98,3.04,3.1,3.15,3.12,3.1,3.11,3.15,3.21,3.22
Canada,Waste,Emissions (CO2),kilotonnes,190,203,209,167,184,179,169,154,168,152,155,146,98.3,103,122,137,133,133,133,128,121
Canada,Waste,Emissions (CO2eq) from CH4 (AR5),kilotonnes,22456,21728,22624,22288,23128,22652,23520,23128,21560,20020,19964,19824,19404,19432,20776,20888,21084,21224,21392,21504,21644
Canada,Waste,Emissions (CO2eq) from N2O (AR5),kilotonnes,630.7,649.25,665.15,675.75,686.35,702.25,720.8,747.3,773.8,773.8,776.45,789.7,805.6,821.5,834.75,826.8,821.5,824.15,834.75,850.65,853.3
Canada,Waste,Emissions (CO2eq) (AR5),kilotonnes,23276.7,22580.25,23498.15,23130.75,23998.35,23533.25,24409.8,24029.3,22501.8,20945.8,20895.45,20759.7,20307.9,20356.5,21732.75,21851.8,22038.5,22181.15,22359.75,22482.65,22618.3
Canada,Other,Emissions (N2O),kilotonnes,10.1,9.64,9.24,9.35,9.37,9.22,8.92,9.33,8.97,8.41,8.66,8.67,8.63,8.69,8.63,8.53,8.26,8.23,8.29,8.14,8.06
Canada,Other,Emissions (CO2eq) from N2O (AR5),kilotonnes,2676.5,2554.6,2448.6,2477.75,2483.05,2443.3,2363.8,2472.45,2377.05,2228.65,2294.9,2297.55,2286.95,2302.85,2286.95,2260.45,2188.9,2180.95,2196.85,2157.1,2135.9
Canada,Other,Emissions (CO2eq) (AR5),kilotonnes,2676.5,2554.6,2448.6,2477.75,2483.05,2443.3,2363.8,2472.45,2377.05,2228.65,2294.9,2297.55,2286.95,2302.85,2286.95,2260.45,2188.9,2180.95,2196.85,2157.1,2135.9
Canada,Farm-gate emissions,Emissions (CH4),kilotonnes,1054.7003,1081.7421,1114.5251,1096.3272,1157.7246,1169.5486,1158.1093,1110.6743,1071.3969,1020.1233,1016.7046,983.7922,989.3968,1013.0104,997.5496,969.6293,958.5152,973.5008,970.6318,963.612,944.3459
Canada,Farm-gate emissions,Direct emissions (N2O),kilotonnes,53.2571,51.941,52.32,54.5381,54.4092,58.6331,51.643,61.4941,60.0819,58.2181,59.1153,65.8745,71.4329,68.9904,67.6358,68.0096,67.0431,67.0301,72.0916,68.3643,77.5917
Canada,Farm-gate emissions,Indirect emissions (N2O),kilotonnes,15.0994,14.7956,15.0402,15.5498,15.3462,16.6695,14.4591,17.7563,17.169,16.7493,17.1663,19.3802,21.1011,20.0402,19.865,20.0102,19.6112,19.6313,21.247,20.0164,22.9778
Canada,Farm-gate emissions,Emissions (N2O),kilotonnes,105.1872,102.9881,105.109,107.2925,107.7721,113.1033,104.0955,116.8266,114.5653,110.6917,113.851,122.4174,129.5495,128.2506,126.7367,126.5843,123.9283,125.6374,131.7423,126.8322,138.3746
Canada,Farm-gate emissions,Emissions (CO2),kilotonnes,51332.9008,50268.9664,49327.0249,49544.0727,49582.2098,50661.6017,50836.5928,51500.9673,51638.5832,49336.1779,51716.8652,53413.7103,53137.7357,53894.5833,54867.2964,55170.854,55396.6413,55962.418,57029.1854,57513.6447,57583.2621
Canada,Farm-gate emissions,Emissions (CO2eq) from CH4 (AR5),kilotonnes,29531.6087,30288.778,31206.7028,30697.1622,32416.2888,32747.3613,32427.0612,31098.8803,29999.114,28563.4517,28467.729,27546.1809,27703.1099,28364.2907,27931.3882,27149.6201,26838.426,27258.0238,27177.69,26981.1352,26441.6838
Canada,Farm-gate emissions,Emissions (CO2eq) from N2O (AR5),kilotonnes,27874.6162,27291.8501,27853.8969,28432.5117,28559.6033,29972.3676,27585.3155,30959.043,30359.7993,29333.2886,30170.506,32440.6004,34330.6291,33986.412,33585.2136,33544.8398,32840.9868,33293.9146,34911.7211,33610.5232,36669.2611
Canada,Farm-gate emissions,Emissions (CO2eq) (AR5),kilotonnes,108739.1256,107849.5944,108387.6245,108673.7466,110558.1019,113381.3306,110848.9695,113558.8907,111997.4965,107232.9182,110355.1001,113400.4916,115171.4746,116245.2861,116383.8983,115865.3139,115076.0542,116514.3563,119118.5965,118105.3031,120694.207
Canada,Land Use change,Emissions (CH4),kilotonnes,0,0,0,0,0,0,0,0,0,0,0,0,0,0,0,0,0,0,0,0,0
Canada,Land Use change,Emissions (N2O),kilotonnes,0,0,0,0,0,0,0,0,0,0,0,0,0,0,0,0,0,0,0,0,0
Canada,Land Use change,Emissions (CO2),kilotonnes,113851.7825,110514.6189,110514.6189,110514.6189,110514.6189,110514.6189,110514.6189,110514.6189,110514.6189,110514.6189,110514.6189,92546.3974,92546.3974,92546.3974,92546.3974,92546.3974,96117.2071,96117.2071,96117.2071,96117.2071,96117.2071
Canada,Land Use change,Emissions (CO2eq) from CH4 (AR5),kilotonnes,0,0,0,0,0,0,0,0,0,0,0,0,0,0,0,0,0,0,0,0,0
Canada,Land Use change,Emissions (CO2eq) from N2O (AR5),kilotonnes,0,0,0,0,0,0,0,0,0,0,0,0,0,0,0,0,0,0,0,0,0
Canada,Land Use change,Emissions (CO2eq) (AR5),kilotonnes,113851.7825,110514.6189,110514.6189,110514.6189,110514.6189,110514.6189,110514.6189,110514.6189,110514.6189,110514.6189,110514.6189,92546.3974,92546.3974,92546.3974,92546.3974,92546.3974,96117.2071,96117.2071,96117.2071,96117.2071,96117.2071
Canada,Emissions on agricultural land,Emissions (CH4),kilotonnes,1054.7003,1081.7421,1114.5251,1096.3272,1157.7246,1169.5486,1158.1093,1110.6743,1071.3969,1020.1233,1016.7046,983.7922,989.3968,1013.0104,997.5496,969.6293,958.5152,973.5008,970.6318,963.612,944.3459
Canada,Emissions on agricultural land,Emissions (N2O),kilotonnes,105.1872,102.9881,105.109,107.2925,107.7721,113.1033,104.0955,116.8266,114.5653,110.6917,113.851,122.4174,129.5495,128.2506,126.7367,126.5843,123.9283,125.6374,131.7423,126.8322,138.3746
Canada,Emissions on agricultural land,Emissions (CO2),kilotonnes,165184.6833,160783.5852,159841.6437,160058.6916,160096.8287,161176.2206,161351.2117,162015.5862,162153.2021,159850.7967,162231.484,145960.1077,145684.1331,146440.9807,147413.6938,147717.2513,151513.8484,152079.6251,153146.3925,153630.8518,153700.4692
Canada,Emissions on agricultural land,Emissions (CO2eq) from CH4 (AR5),kilotonnes,29531.6087,30288.778,31206.7028,30697.1622,32416.2888,32747.3613,32427.0612,31098.8803,29999.114,28563.4517,28467.729,27546.1809,27703.1099,28364.2907,27931.3882,27149.6201,26838.426,27258.0238,27177.69,26981.1352,26441.6838
Canada,Emissions on agricultural land,Emissions (CO2eq) from N2O (AR5),kilotonnes,27874.6162,27291.8501,27853.8969,28432.5117,28559.6033,29972.3676,27585.3155,30959.043,30359.7993,29333.2886,30170.506,32440.6004,34330.6291,33986.412,33585.2136,33544.8398,32840.9868,33293.9146,34911.7211,33610.5232,36669.2611
Canada,Emissions on agricultural land,Emissions (CO2eq) (AR5),kilotonnes,222590.9081,218364.2133,218902.2434,219188.3654,221072.7207,223895.9494,221363.5884,224073.5095,222512.1154,217747.5371,220869.719,205946.889,207717.872,208791.6834,208930.2957,208411.7113,211193.2613,212631.5635,215235.8036,214222.5102,216811.4141
Canada,Pre- and post- production,Emissions (CH4),kilotonnes,233.7847,236.4139,239.2225,240.7315,244.6984,251.0798,251.7659,258.9566,261.4215,259.9369,259.07,259.7684,259.9482,262.267,257.3467,257.414,256.7411,259.0238,260.5378,260.7272,243.8784
Canada,Pre- and post- production,Emissions (N2O),kilotonnes,5.9106,6.065,6.2252,6.4027,6.5109,6.6021,8.182,7.8792,7.3846,7.0891,7.3846,7.6596,7.0263,7.4398,7.4595,7.5576,9.6839,9.2603,9.7258,9.5722,8.9244
Canada,Pre- and post- production,Emissions (CO2),kilotonnes,30461.9824,30537.9973,31257.189,33837.1395,34608.4391,38810.3235,41810.5943,45368.6286,42915.3563,41337.4957,42805.5309,43135.9791,41588.515,55029.1857,55017.4368,54822.8677,55297.3464,55286.4925,52003.929,53068.546,48247.0985
Canada,Pre- and post- production,Emissions (CO2eq) from F-gases (AR5),kilotonnes,6296.34,7523.9185,8632.012,9769.1975,10747.9355,11862.263,12780.739,13125.1675,13769.3475,13929.3535,14060.787,14150.141,14213.0005,14291.9645,14291.9645,14293.0035,15235.896,15509.153,15782.41,16055.667,15735.3544
Canada,Pre- and post- production,Emissions (CO2eq) from CH4 (AR5),kilotonnes,6545.9717,6619.5905,6698.2288,6740.4824,6851.555,7030.2347,7049.4445,7250.7847,7319.8021,7278.2329,7253.9598,7273.5156,7278.5495,7343.4762,7205.7064,7207.5911,7188.7515,7252.6657,7295.0571,7300.3627,6828.5941
Canada,Pre- and post- production,Emissions (CO2eq) from N2O (AR5),kilotonnes,1566.3024,1607.2168,1649.6708,1696.7086,1725.3877,1749.5661,2168.2342,2087.9869,1956.9069,1878.5993,1956.9228,2029.7887,1861.9778,1971.5404,1976.7624,2002.7717,2566.2309,2453.9693,2577.3336,2536.6323,2364.978
Canada,Pre- and post- production,Emissions (CO2eq) (AR5),kilotonnes,44870.5966,46288.7231,48237.1005,52043.5279,53933.3173,59452.3873,63809.0121,67832.5678,65961.4129,64423.6813,66077.2005,66589.4244,64942.0429,78636.1667,78491.87,78326.234,80288.2248,80502.2805,77658.7297,78961.208,73176.025
Canada,Agri-food systems,Emissions (CH4),kilotonnes,1288.485,1318.156,1353.7476,1337.0587,1402.423,1420.6284,1409.8752,1369.6309,1332.8184,1280.0602,1275.7746,1243.5606,1249.345,1275.2774,1254.8962,1227.0433,1215.2563,1232.5246,1231.1695,1224.3392,1188.2242
Canada,Agri-food systems,Emissions (N2O),kilotonnes,111.0978,109.0531,111.3342,113.6952,114.283,119.7054,112.2775,124.7058,121.9498,117.7807,121.2356,130.0769,136.5759,135.6904,134.1961,134.1419,133.6121,134.8977,141.4681,136.4044,147.299
Canada,Agri-food systems,Emissions (CO2),kilotonnes,195646.6657,191321.5826,191098.8327,193895.831,194705.2678,199986.544,203161.806,207384.2148,205068.5584,201188.2924,205037.0149,189096.0867,187272.6481,201470.1664,202431.1306,202540.119,206811.1948,207366.1176,205150.3216,206699.3978,201947.5678
Canada,Agri-food systems,Emissions (CO2eq) from F-gases (AR5),kilotonnes,6296.34,7523.9185,8632.012,9769.1975,10747.9355,11862.263,12780.739,13125.1675,13769.3475,13929.3535,14060.787,14150.141,14213.0005,14291.9645,14291.9645,14293.0035,15235.896,15509.153,15782.41,16055.667,15735.3544
Canada,Agri-food systems,Emissions (CO2eq) from CH4 (AR5),kilotonnes,36077.5804,36908.3685,37904.9316,37437.6445,39267.8438,39777.596,39476.5058,38349.665,37318.9162,35841.6846,35721.6888,34819.6965,34981.6594,35707.7669,35137.0946,34357.2112,34027.1775,34510.6894,34472.7471,34281.4979,33270.2779
Canada,Agri-food systems,Emissions (CO2eq) from N2O (AR5),kilotonnes,29440.9186,28899.0668,29503.5676,30129.2203,30284.9909,31721.9337,29753.5497,33047.0299,32316.7062,31211.8879,32127.4287,34470.3892,36192.6069,35957.9524,35561.976,35547.6115,35407.2177,35747.8839,37489.0546,36147.1555,39034.2391
Canada,Agri-food systems,Emissions (CO2eq) (AR5),kilotonnes,267461.5048,264652.9363,267139.3439,271231.8934,275006.038,283348.3368,285172.6005,291906.0773,288473.5283,282171.2184,286946.9194,272536.3134,272659.9149,287427.8502,287422.1657,286737.9453,291481.4861,293133.844,292894.5333,293183.7182,289987.4392
Canada,IPCC Agriculture,Emissions (CH4),kilotonnes,1049.752,1076.8981,1109.7764,1091.5623,1152.9314,1164.6761,1153.135,1106.0064,1066.7021,1015.9618,1011.582,978.5147,984.2715,1007.5864,992.4544,964.4859,953.1577,968.3816,965.473,958.4405,939.1743
Canada,IPCC Agriculture,Emissions (CH4),kilotonnes,1255.0278,1292.6759,1299.6458,1312.2478,1356.1103,1390.4488,1353.5992,1306.5929,1267.2356,1199.4399,1155.7957,1129.8668,1131.4735,1131.527,1117.5832,1111.7048,1123.2857,1124.8459,1121.6009,1117.4561,1104.3393
Canada,IPCC Agriculture,Direct emissions (N2O),kilotonnes,53.2571,51.941,52.32,54.5381,54.4092,58.6331,51.643,61.4941,60.0819,58.2181,59.1153,65.8745,71.4329,68.9904,67.6358,68.0096,67.0431,67.0301,72.0916,68.3643,77.5917
Canada,IPCC Agriculture,Indirect emissions (N2O),kilotonnes,15.0994,14.7956,15.0402,15.5498,15.3462,16.6695,14.4591,17.7563,17.169,16.7493,17.1663,19.3802,21.1011,20.0402,19.865,20.0102,19.6112,19.6313,21.247,20.0164,22.9778
Canada,IPCC Agriculture,Emissions (N2O),kilotonnes,101.8996,100.0945,102.5792,104.7034,105.1808,110.0757,100.9704,113.4843,111.1662,108.0907,110.7415,118.9091,126.1999,124.7081,122.7301,122.4049,119.7635,121.2027,127.0544,122.008,133.5504
Canada,IPCC Agriculture,Emissions (N2O),kilotonnes,60.4083,59.4269,58.7843,62.219,61.2311,60.3836,60.7962,62.1327,63.7458,62.6524,63.3037,63.8757,68.6392,73.1086,70.0591,73.8797,75.2609,72.0973,75.6399,76.0585,82.2633
Canada,IPCC Agriculture,Emissions (CO2),kilotonnes,1635.6698,1403.1919,1521.9619,1576.8671,1477.0353,1420.8632,1466.8219,1744.4916,1722.1992,1840.0937,1787.5198,2004.4332,2332.6339,2675.6811,2499.5448,2565.9421,2543.9099,2437.3067,2597.0149,2678.1949,3036.7216
Canada,IPCC Agriculture,Emissions (CO2eq) from CH4 (AR5),kilotonnes,29393.056,30153.1461,31073.7384,30563.7452,32282.0798,32610.9314,32287.779,30968.1786,29867.6587,28446.9317,28324.2968,27398.4121,27559.6013,28212.4191,27788.7242,27005.604,26688.4147,27114.6839,27033.2441,26836.333,26296.8816
Canada,IPCC Agriculture,Emissions (CO2eq) from CH4 (AR5),kilotonnes,35140.7771,36194.9256,36390.0824,36742.9383,37971.0888,38932.5661,37900.7772,36584.6008,35482.5972,33584.3166,32362.2786,31636.2706,31681.2591,31682.7552,31292.3308,31127.7353,31451.9988,31495.6849,31404.8263,31288.7712,30921.4996
Canada,IPCC Agriculture,Emissions (CO2eq) from N2O (AR5),kilotonnes,27003.3919,26525.0517,27183.4823,27746.3957,27872.9111,29170.0713,26757.1454,30073.3438,29459.0353,28644.0245,29346.5001,31510.9065,33442.974,33047.6568,32523.4693,32437.2962,31737.3289,32118.7072,33669.4236,32332.1151,35390.853
Canada,IPCC Agriculture,Emissions (CO2eq) from N2O (AR5),kilotonnes,16008.2,15748.1203,15577.8482,16488.0357,16226.2378,16001.6627,16110.9957,16465.174,16892.6416,16602.8902,16775.4761,16927.0687,18189.3789,19373.7752,18565.6643,19578.1303,19944.1346,19105.7897,20044.5809,20155.5153,21799.7732
Canada,IPCC Agriculture,Emissions (CO2eq) (AR5),kilotonnes,56396.4479,56678.1977,58257.2207,58310.1409,60154.9909,61781.0026,59044.9244,61041.5223,59326.6941,57090.9562,57670.7969,58909.3186,61002.5752,61260.0759,60312.1935,59442.9002,58425.7436,59233.3911,60702.6677,59168.448,61687.7345
Canada,IPCC Agriculture,Emissions (CO2eq) (AR5),kilotonnes,52784.6469,53346.2378,53489.8926,54807.8411,55674.362,56355.092,55478.5949,54794.2663,54097.438,52027.3004,50925.2745,50567.7725,52203.2719,53732.2115,52357.5399,53271.8077,53940.0433,53038.7812,54046.4222,54122.4814,55757.9943
Canada,Agricultural Soils,Direct emissions (N2O),kilotonnes,53.2571,51.941,52.32,54.5381,54.4092,58.6331,51.643,61.4941,60.0819,58.2181,59.1153,65.8745,71.4329,68.9904,67.6358,68.0096,67.0431,67.0301,72.0916,68.3643,77.5917
Canada,Agricultural Soils,Direct emissions (N2O),kilotonnes,34.6914,33.7731,33.4512,36.1072,34.7245,33.8866,34.9347,36.2643,37.785,37.615,38.7121,39.4473,43.3296,46.8418,44.4227,47.8365,48.7233,46.0436,49.117,49.5469,55.0562
Canada,Agricultural Soils,Indirect emissions (N2O),kilotonnes,15.0994,14.7956,15.0402,15.5498,15.3462,16.6695,14.4591,17.7563,17.169,16.7493,17.1663,19.3802,21.1011,20.0402,19.865,20.0102,19.6112,19.6313,21.247,20.0164,22.9778
Canada,Agricultural Soils,Indirect emissions (N2O),kilotonnes,10.279,9.7666,9.5556,10.2512,10.5323,10.3276,10.2349,10.6837,11.1311,10.8856,10.8913,11.0575,11.8504,12.8484,12.3258,12.6565,13.0601,12.6149,13.1607,13.2269,14.0748
Canada,Agricultural Soils,Emissions (N2O),kilotonnes,94.8697,93.3232,93.9969,96.7389,96.4481,101.9323,92.6639,105.7232,103.6849,101.4001,102.7371,111.7414,119.0406,115.5493,114.0263,114.5588,113.2457,113.2903,120.1713,115.3118,127.5498
Canada,Agricultural Soils,Emissions (N2O),kilotonnes,44.9704,43.5397,43.0067,46.3584,45.2568,44.2142,45.1696,46.9479,48.9162,48.5006,49.6034,50.5048,55.18,59.6902,56.7485,60.493,61.7835,58.6585,62.2778,62.7738,69.1309
Canada,Agricultural Soils,Emissions (CO2eq) from N2O (AR5),kilotonnes,25140.464,24730.6371,24909.1653,25635.8104,25558.7485,27012.072,24555.9205,28016.6348,27476.5104,26871.0158,27225.3435,29611.4677,31545.7593,30620.5575,30216.9564,30358.0712,30010.1221,30021.9312,31845.3899,30557.6353,33800.7015
Canada,Agricultural Soils,Emissions (CO2eq) from N2O (AR5),kilotonnes,11917.1491,11538.0132,11396.7866,12284.9706,11993.0453,11716.7611,11969.9482,12441.2004,12962.7799,12852.6477,13144.9037,13383.7809,14622.7087,15817.9104,15038.3558,16030.6384,16372.6172,15544.4955,16503.6074,16635.0641,18319.6984
Canada,Agricultural Soils,Emissions (CO2eq) (AR5),kilotonnes,25140.464,24730.6371,24909.1653,25635.8104,25558.7485,27012.072,24555.9205,28016.6348,27476.5104,26871.0158,27225.3435,29611.4677,31545.7593,30620.5575,30216.9564,30358.0712,30010.1221,30021.9312,31845.3899,30557.6353,33800.7015
Canada,Agricultural Soils,Emissions (CO2eq) (AR5),kilotonnes,11917.1491,11538.0132,11396.7866,12284.9706,11993.0453,11716.7611,11969.9482,12441.2004,12962.7799,12852.6477,13144.9037,13383.7809,14622.7087,15817.9104,15038.3558,16030.6384,16372.6172,15544.4955,16503.6074,16635.0641,18319.6984
Canada,LULUCF,Emissions (CH4),kilotonnes,55.0792,1.5068,2.3484,12.2427,7.8962,3.1417,5.7561,2.2285,2.4261,3.9766,7.3484,6.3001,13.0762,11.653,12.0214,29.6145,15.5715,23.9251,62.0066,25.6106,4.2582
Canada,LULUCF,Emissions (CH4),kilotonnes,39.0152,35.5169,39.0061,39.3167,37.4016,41.6808,37.3722,35.0782,30.2091,26.6376,30.6169,30.3771,31.7298,32.063,31.06,34.4168,32.2697,27.4983,26.8389,24.9028,
Canada,LULUCF,Emissions (N2O),kilotonnes,3.0469,0.1376,0.2144,1.1178,0.721,0.2868,0.5256,0.2035,0.2215,0.3631,0.6709,0.5752,1.1939,1.064,1.0976,2.7039,1.4217,2.1845,5.6615,2.3384,0.3888
Canada,LULUCF,Emissions (N2O),kilotonnes,1.7619,1.6096,1.7706,1.7594,1.7052,1.8848,1.7048,1.61,1.4032,1.2384,1.3794,1.4157,1.4414,1.5008,1.4494,1.5883,1.4531,1.3378,1.3122,1.2292,
Canada,LULUCF,Emissions (CO2),kilotonnes,83497.9526,319295.122,319366.0019,319386.484,319445.491,319356.3807,319260.1755,319133.9571,319079.2259,319077.2439,319109.3627,153039.9027,153068.063,153085.0984,153094.7182,153113.6157,53063.2569,53116.3889,53404.4449,53543.4052,53613.0226
Canada,LULUCF,Emissions (CO2),kilotonnes,-23241.4717,-39050.1712,-21775.4572,-25945.7956,2020.597,6585.526,-5302.0511,-9237.7672,-14066.5872,-25346.7506,-8481.3087,-7716.7012,-10658.2944,-5443.0379,-4702.6259,2680.4023,-1144.3376,-389.721,7349.0824,8889.1571,
Canada,LULUCF,Emissions (CO2eq) from CH4 (AR5),kilotonnes,1542.2174,42.1912,65.754,342.7955,221.0939,87.9669,161.1698,62.3986,67.9308,111.3459,205.7547,176.4032,366.1345,326.2842,336.6003,829.2068,436.002,669.9014,1736.1847,717.0955,119.2294
Canada,LULUCF,Emissions (CO2eq) from N2O (AR5),kilotonnes,807.4375,36.4587,56.82,296.22,191.054,76.0149,139.2718,53.9205,58.7011,96.2173,177.7989,152.4354,316.3879,281.9521,290.8666,716.5428,376.7626,578.8822,1500.29,619.6641,103.0298
Canada,LULUCF,Emissions (CO2eq) (AR5),kilotonnes,85847.6075,319373.772,319488.5759,320025.4995,319857.6389,319520.3625,319560.6171,319250.2762,319205.8577,319284.8071,319492.9163,153368.7412,153750.5854,153693.3347,153722.1851,154659.3653,53876.0215,54365.1725,56640.9196,54880.1648,53835.2818
Canada,LULUCF,Emissions (CO2eq) (AR5),kilotonnes,-23241.4717,-39050.1712,-21775.4572,-25945.7956,2020.597,6585.526,-5302.0511,-9237.7672,-14066.5872,-25346.7506,-8481.3087,-7716.7012,-10658.2944,-5443.0379,-4702.6259,2680.4023,-1144.3376,-389.721,7349.0824,8889.1571,
Canada,AFOLU,Emissions (CH4),kilotonnes,1104.8312,1078.4049,1112.1247,1103.805,1160.8276,1167.8178,1158.891,1108.2349,1069.1282,1019.9385,1018.9304,984.8148,997.3477,1019.2394,1004.4759,994.1004,968.7292,992.3066,1027.4796,984.051,943.4325
Canada,AFOLU,Emissions (N2O),kilotonnes,104.9465,100.2321,102.7936,105.8212,105.9018,110.3626,101.4959,113.6878,111.3877,108.4537,111.4124,119.4843,127.3938,125.7721,123.8277,125.1088,121.1853,123.3871,132.7159,124.3463,133.9392
Canada,AFOLU,Emissions (CO2),kilotonnes,83497.9526,319295.122,319366.0019,319386.484,319445.491,319356.3807,319260.1755,319133.9571,319079.2259,319077.2439,319109.3627,153039.9027,153068.063,153085.0984,153094.7182,153113.6157,53063.2569,53116.3889,53404.4449,53543.4052,53613.0226
Canada,AFOLU,Emissions (CO2eq) from CH4 (AR5),kilotonnes,30935.2734,30195.3373,31139.4924,30906.5407,32503.1737,32698.8982,32448.9488,31030.5771,29935.5895,28558.2775,28530.0515,27574.8153,27925.7358,28538.7033,28125.3245,27834.8108,27124.4167,27784.5853,28769.4288,27553.4285,26416.111
Canada,AFOLU,Emissions (CO2eq) from N2O (AR5),kilotonnes,27810.8294,26561.5104,27240.3023,28042.6158,28063.9651,29246.0861,26896.4171,30127.2643,29517.7364,28740.2419,29524.2991,31663.3419,33759.3619,33329.6089,32814.3359,33153.839,32114.0915,32697.5894,35169.7136,32951.7791,35493.8828
Canada,AFOLU,Emissions (CO2eq) (AR5),kilotonnes,142244.0554,376051.9697,377745.7965,378335.6404,380012.6298,381301.3651,378605.5415,380291.7985,378532.5518,376375.7633,377163.7133,212278.0599,214753.1607,214953.4106,214034.3786,214102.2655,112301.7651,113598.5636,117343.5873,114048.6128,115523.0163
Canada,All sectors with LULUCF,Emissions (CH4),kilotonnes,4163.2712,4189.7549,4276.4347,4235.675,4313.5176,4293.3978,4294.551,4259.1049,4133.0682,3988.4885,3935.8204,3907.4148,3985.3477,4108.3294,4211.8059,4305.2204,4277.0992,4225.8366,4237.0896,4097.171,3311.7325
Canada,All sectors with LULUCF,Emissions (N2O),kilotonnes,153.2265,145.7121,146.8036,149.4412,146.4818,149.2626,140.2859,153.2478,148.8077,142.9237,147.0824,155.9543,163.3838,162.2521,160.6977,162.2188,157.7753,159.9771,170.0259,161.2663,168.1092
Canada,All sectors with LULUCF,Emissions (CO2),kilotonnes,642287.9526,870998.122,863275.0019,897153.484,898529.491,906735.3807,916629.1755,915787.9571,900947.2259,869429.2439,862864.3627,696485.9027,695866.363,698688.0984,718516.7182,727150.6157,624896.2569,647649.3889,658437.4449,655371.4052,599934.0226
Canada,All sectors with LULUCF,Emissions (CO2eq) from F-gases (AR5),kilotonnes,19337.9162,18171.8107,19143.5653,20698.3726,21572.9517,22933.4082,24488.2155,25654.321,26626.0756,28278.0584,31290.4976,31776.3749,34497.2877,36732.3232,37023.8496,37412.5514,36732.3232,35760.5686,38481.4815,38967.3588,38189.9551
Canada,All sectors with LULUCF,Emissions (CO2eq) from CH4 (AR5),kilotonnes,116571.5934,117313.1373,119740.1724,118598.9007,120778.4937,120215.1382,120247.4288,119254.9371,115725.9095,111677.6775,110202.9715,109407.6153,111589.7358,115033.2233,117930.5645,120546.1708,119758.7767,118323.4253,118638.5088,114720.7885,92728.511
Canada,All sectors with LULUCF,Emissions (CO2eq) from N2O (AR5),kilotonnes,40605.0294,38613.7104,38902.9523,39601.9158,38817.6651,39554.5861,37175.7671,40610.6643,39434.0364,37874.7919,38976.8491,41327.8919,43296.7119,42996.8089,42584.8859,42987.989,41810.4415,42393.9394,45056.8636,42735.5791,44548.9328
Canada,All sectors with LULUCF,Emissions (CO2eq) (AR5),kilotonnes,818802.4916,1045096.78,1041061.692,1076052.673,1079698.602,1089438.513,1098540.587,1101307.88,1082733.247,1047259.772,1043334.681,878997.7847,885250.0984,893450.4539,916056.0182,928097.3269,823197.7983,844127.3222,860614.2988,851795.1316,775401.4215
Canada,All sectors without LULUCF,Emissions (CH4),kilotonnes,4108.192,4188.2481,4274.0864,4223.4323,4305.6214,4290.2561,4288.795,4256.8764,4130.6421,3984.5118,3928.472,3901.1147,3972.2715,4096.6764,4199.7844,4275.6059,4261.5277,4201.9116,4175.083,4071.5605,3307.4743
Canada,All sectors without LULUCF,Emissions (N2O),kilotonnes,150.1796,145.5745,146.5892,148.3234,145.7608,148.9757,139.7604,153.0443,148.5862,142.5607,146.4115,155.3791,162.1899,161.1881,159.6001,159.5149,156.3535,157.7927,164.3644,158.928,167.7204
Canada,All sectors without LULUCF,Emissions (CO2),kilotonnes,558790,551703,543909,577767,579084,587379,597369,596654,581868,550352,543755,543446,542798.3,545603,565422,574037,571833,594533,605033,601828,546321
Canada,All sectors without LULUCF,Emissions (CO2eq) from F-gases (AR5),kilotonnes,19337.9162,18171.8107,19143.5653,20698.3726,21572.9517,22933.4082,24488.2155,25654.321,26626.0756,28278.0584,31290.4976,31776.3749,34497.2877,36732.3232,37023.8496,37412.5514,36732.3232,35760.5686,38481.4815,38967.3588,38189.9551
Canada,All sectors without LULUCF,Emissions (CO2eq) from CH4 (AR5),kilotonnes,115029.376,117270.9461,119674.4184,118256.1052,120557.3998,120127.1714,120086.259,119192.5386,115657.9787,111566.3317,109997.2168,109231.2121,111223.6013,114706.9391,117593.9642,119716.964,119322.7747,117653.5239,116902.3241,114003.693,92609.2816
Canada,All sectors without LULUCF,Emissions (CO2eq) from N2O (AR5),kilotonnes,39797.5919,38577.2517,38846.1323,39305.6957,38626.6111,39478.5713,37036.4954,40556.7438,39375.3353,37778.5745,38799.0501,41175.4565,42980.324,42714.8568,42294.0193,42271.4462,41433.6789,41815.0572,43556.5736,42115.9151,44445.903
Canada,All sectors without LULUCF,Emissions (CO2eq) (AR5),kilotonnes,732954.8841,725723.0084,721573.116,756027.1735,759840.9626,769918.1508,778979.9699,782057.6033,763527.3896,727974.9645,723841.7645,725629.0435,731499.5129,739757.1191,762333.8331,773437.9616,769321.7768,789762.1497,803973.3792,796914.9668,721566.1396
Cayman Islands,Drained organic soils,Emissions (CO2eq) (AR5),kilotonnes,0,0,0,0,0,0,0,0,0,0,0,0,0,0,0,0,0,0,0,0,0
Cayman Islands,Drained organic soils (CO2),Emissions (CO2),kilotonnes,0,0,0,0,0,0,0,0,0,0,0,0,0,0,0,0,0,0,0,0,0
Cayman Islands,Drained organic soils (CO2),Emissions (CO2eq) (AR5),kilotonnes,0,0,0,0,0,0,0,0,0,0,0,0,0,0,0,0,0,0,0,0,0
Cayman Islands,Drained organic soils (N2O),Emissions (N2O),kilotonnes,0,0,0,0,0,0,0,0,0,0,0,0,0,0,0,0,0,0,0,0,0
Cayman Islands,Drained organic soils (N2O),Emissions (CO2eq) from N2O (AR5),kilotonnes,0,0,0,0,0,0,0,0,0,0,0,0,0,0,0,0,0,0,0,0,0
Cayman Islands,Drained organic soils (N2O),Emissions (CO2eq) (AR5),kilotonnes,0,0,0,0,0,0,0,0,0,0,0,0,0,0,0,0,0,0,0,0,0
Cayman Islands,On-farm energy use,Emissions (CH4),kilotonnes,0.0004,0.0003,0.0003,0.0003,0.0003,0.0004,0.0004,0.0005,0.0005,0.0004,0.0004,0.0004,0.0003,0.0003,0.0003,0.0003,0.0003,0.0003,0.0003,0.0003,0.0003
Cayman Islands,On-farm energy use,Emissions (N2O),kilotonnes,0,0,0,0,0,0,0,0,0,0,0,0,0,0,0,0,0,0,0,0,0
Cayman Islands,On-farm energy use,Emissions (CO2),kilotonnes,4.4568,4.3975,4.2539,4.417,4.3906,4.627,4.9322,5.9377,5.9025,4.9136,4.4345,4.4684,3.628,3.7023,3.6115,3.5116,3.3792,3.5632,3.8818,3.9358,3.9358
Cayman Islands,On-farm energy use,Emissions (CO2eq) from CH4 (AR5),kilotonnes,0.0099,0.0098,0.0094,0.0098,0.0097,0.0103,0.0109,0.0132,0.0131,0.0109,0.0098,0.0099,0.008,0.0082,0.008,0.0078,0.0075,0.0079,0.0086,0.0087,0.0087
Cayman Islands,On-farm energy use,Emissions (CO2eq) from N2O (AR5),kilotonnes,0.0019,0.0018,0.0018,0.0019,0.0018,0.0019,0.0021,0.0025,0.0025,0.0021,0.0019,0.0019,0.0015,0.0016,0.0015,0.0015,0.0014,0.0015,0.0016,0.0017,0.0017
Cayman Islands,On-farm energy use,Emissions (CO2eq) (AR5),kilotonnes,4.4686,4.4091,4.2651,4.4287,4.4022,4.6392,4.9452,5.9533,5.9181,4.9265,4.4462,4.4802,3.6376,3.7121,3.621,3.5209,3.3881,3.5726,3.892,3.9462,3.9462
Cayman Islands,Forestland,Emissions (CO2),kilotonnes,0.0481,-2.795,-2.795,-2.795,-2.795,-2.795,-2.795,-2.795,-2.795,-2.795,-2.795,-1.7112,-1.7112,-1.7112,-1.7112,-1.7112,-3.7005,-3.7005,-3.7005,-3.7005,-3.7005
Cayman Islands,Forestland,Emissions (CO2eq) (AR5),kilotonnes,0.0481,-2.795,-2.795,-2.795,-2.795,-2.795,-2.795,-2.795,-2.795,-2.795,-2.795,-1.7112,-1.7112,-1.7112,-1.7112,-1.7112,-3.7005,-3.7005,-3.7005,-3.7005,-3.7005
Cayman Islands,Net Forest conversion,Emissions (CO2),kilotonnes,4.5012,4.7254,4.7254,4.7254,4.7254,4.7254,4.7254,4.7254,4.7254,4.7254,4.7254,0,0,0,0,0,0,0,0,0,0
Cayman Islands,Net Forest conversion,Emissions (CO2eq) (AR5),kilotonnes,4.5012,4.7254,4.7254,4.7254,4.7254,4.7254,4.7254,4.7254,4.7254,4.7254,4.7254,0,0,0,0,0,0,0,0,0,0
Cayman Islands,Savanna fires,Emissions (CH4),kilotonnes,0,0,0,0,0,0,0,0,0,0,0,0,0,0,0,0,0,0,0,0,0
Cayman Islands,Savanna fires,Emissions (N2O),kilotonnes,0,0,0,0,0,0,0,0,0,0,0,0,0,0,0,0,0,0,0,0,0
Cayman Islands,Savanna fires,Emissions (CO2eq) from CH4 (AR5),kilotonnes,0,0,0,0,0,0,0,0,0,0,0,0,0,0,0,0,0,0,0,0,0
Cayman Islands,Savanna fires,Emissions (CO2eq) from N2O (AR5),kilotonnes,0,0,0,0,0,0,0,0,0,0,0,0,0,0,0,0,0,0,0,0,0
Cayman Islands,Savanna fires,Emissions (CO2eq) (AR5),kilotonnes,0,0,0,0,0,0,0,0,0,0,0,0,0,0,0,0,0,0,0,0,0
Cayman Islands,Fires in organic soils,Emissions (CH4),kilotonnes,0,0,0,0,0,0,0,0,0,0,0,0,0,0,0,0,0,0,0,0,0
Cayman Islands,Fires in organic soils,Emissions (CO2),kilotonnes,0,0,0,0,0,0,0,0,0,0,0,0,0,0,0,0,0,0,0,0,0
Cayman Islands,Fires in organic soils,Emissions (CO2eq) from CH4 (AR5),kilotonnes,0,0,0,0,0,0,0,0,0,0,0,0,0,0,0,0,0,0,0,0,0
Cayman Islands,Fires in organic soils,Emissions (CO2eq) (AR5),kilotonnes,0,0,0,0,0,0,0,0,0,0,0,0,0,0,0,0,0,0,0,0,0
Cayman Islands,Forest fires,Emissions (CH4),kilotonnes,0,0,0,0,0,0,0,0,0,0,0,0,0,0,0,0,0,0,0,0,0
Cayman Islands,Forest fires,Emissions (N2O),kilotonnes,0,0,0,0,0,0,0,0,0,0,0,0,0,0,0,0,0,0,0,0,0
Cayman Islands,Forest fires,Emissions (CO2eq) from CH4 (AR5),kilotonnes,0,0,0,0,0,0,0,0,0,0,0,0,0,0,0,0,0,0,0,0,0
Cayman Islands,Forest fires,Emissions (CO2eq) from N2O (AR5),kilotonnes,0,0,0,0,0,0,0,0,0,0,0,0,0,0,0,0,0,0,0,0,0
Cayman Islands,Forest fires,Emissions (CO2eq) (AR5),kilotonnes,0,0,0,0,0,0,0,0,0,0,0,0,0,0,0,0,0,0,0,0,0
Cayman Islands,Fires in humid tropical forests,Emissions (CH4),kilotonnes,0,0,0,0,0,0,0,0,0,0,0,0,0,0,0,0,0,0,0,0,0
Cayman Islands,Fires in humid tropical forests,Emissions (N2O),kilotonnes,0,0,0,0,0,0,0,0,0,0,0,0,0,0,0,0,0,0,0,0,0
Cayman Islands,Fires in humid tropical forests,Emissions (CO2eq) from CH4 (AR5),kilotonnes,0,0,0,0,0,0,0,0,0,0,0,0,0,0,0,0,0,0,0,0,0
Cayman Islands,Fires in humid tropical forests,Emissions (CO2eq) from N2O (AR5),kilotonnes,0,0,0,0,0,0,0,0,0,0,0,0,0,0,0,0,0,0,0,0,0
Cayman Islands,Fires in humid tropical forests,Emissions (CO2eq) (AR5),kilotonnes,0,0,0,0,0,0,0,0,0,0,0,0,0,0,0,0,0,0,0,0,0
Cayman Islands,Waste - agri-food systems,Emissions (CH4),kilotonnes,0.054,0.0561,0.0579,0.0596,0.0612,0.0629,0.5703,0.8796,1.0882,1.2271,1.3202,1.3833,1.4266,1.4566,1.4779,1.4932,1.5048,1.5142,1.5223,1.5297,1.5336
Cayman Islands,Waste - agri-food systems,Emissions (N2O),kilotonnes,0,0,0,0,0,0,0.0001,0.0001,0.0001,0.0002,0.0002,0.0002,0.0002,0.0002,0.0002,0.0002,0.0002,0.0003,0.0003,0.0003,0.0003
Cayman Islands,Waste - agri-food systems,Emissions (CO2),kilotonnes,0,0,0,0,0,0,1.7174,1.7222,1.7242,1.7189,1.7166,1.7171,1.7191,1.7211,1.7238,1.7263,1.7295,1.7335,1.7387,1.7443,1.7398
Cayman Islands,Waste - agri-food systems,Emissions (CO2eq) from CH4 (AR5),kilotonnes,1.5132,1.5714,1.622,1.6677,1.7133,1.762,15.9686,24.6294,30.4704,34.3596,36.966,38.7321,39.9441,40.7837,41.3799,41.81,42.1356,42.3964,42.6238,42.8308,42.9416
Cayman Islands,Waste - agri-food systems,Emissions (CO2eq) from N2O (AR5),kilotonnes,0,0,0,0,0,0,0.0302,0.0335,0.0368,0.0402,0.0435,0.0468,0.0502,0.0535,0.0568,0.0601,0.0635,0.0668,0.0701,0.0735,0.0768
Cayman Islands,Waste - agri-food systems,Emissions (CO2eq) (AR5),kilotonnes,1.5132,1.5714,1.622,1.6677,1.7133,1.762,17.7162,26.385,32.2314,36.1187,38.7261,40.4961,41.7133,42.5583,43.1605,43.5964,43.9286,44.1967,44.4327,44.6486,44.7583
Cayman Islands,On-farm electricity use,Emissions (CH4),kilotonnes,0,0,0,0,0,0,0,0,0,0,0,0,0,0,0,0,0,0,0,0,0
Cayman Islands,On-farm electricity use,Emissions (N2O),kilotonnes,0,0,0,0,0,0,0,0,0,0,0,0,0,0,0,0,0,0,0,0,0
Cayman Islands,On-farm electricity use,Emissions (CO2),kilotonnes,0,0,0,0,0,0,0,0,0,0,0,0,0,0,0,0,0,0,0,0,0
Cayman Islands,On-farm electricity use,Emissions (CO2eq) from CH4 (AR5),kilotonnes,0,0,0,0,0,0,0,0,0,0,0,0,0,0,0,0,0,0,0,0,0
Cayman Islands,On-farm electricity use,Emissions (CO2eq) from N2O (AR5),kilotonnes,0,0,0,0,0,0,0,0,0,0,0,0,0,0,0,0,0,0,0,0,0
Cayman Islands,On-farm electricity use,Emissions (CO2eq) (AR5),kilotonnes,0,0,0,0,0,0,0,0,0,0,0,0,0,0,0,0,0,0,0,0,0
Cayman Islands,Farm-gate emissions,Emissions (CH4),kilotonnes,0.0004,0.0003,0.0003,0.0003,0.0003,0.0004,0.0004,0.0005,0.0005,0.0004,0.0004,0.0004,0.0003,0.0003,0.0003,0.0003,0.0003,0.0003,0.0003,0.0003,0.0003
Cayman Islands,Farm-gate emissions,Emissions (N2O),kilotonnes,0,0,0,0,0,0,0,0,0,0,0,0,0,0,0,0,0,0,0,0,0
Cayman Islands,Farm-gate emissions,Emissions (CO2),kilotonnes,4.4568,4.3975,4.2539,4.417,4.3906,4.627,4.9322,5.9377,5.9025,4.9136,4.4345,4.4684,3.628,3.7023,3.6115,3.5116,3.3792,3.5632,3.8818,3.9358,3.9358
Cayman Islands,Farm-gate emissions,Emissions (CO2eq) from CH4 (AR5),kilotonnes,0.0099,0.0098,0.0094,0.0098,0.0097,0.0103,0.0109,0.0132,0.0131,0.0109,0.0098,0.0099,0.008,0.0082,0.008,0.0078,0.0075,0.0079,0.0086,0.0087,0.0087
Cayman Islands,Farm-gate emissions,Emissions (CO2eq) from N2O (AR5),kilotonnes,0.0019,0.0018,0.0018,0.0019,0.0018,0.0019,0.0021,0.0025,0.0025,0.0021,0.0019,0.0019,0.0015,0.0016,0.0015,0.0015,0.0014,0.0015,0.0016,0.0017,0.0017
Cayman Islands,Farm-gate emissions,Emissions (CO2eq) (AR5),kilotonnes,4.4686,4.4091,4.2651,4.4287,4.4022,4.6392,4.9452,5.9533,5.9181,4.9265,4.4462,4.4802,3.6376,3.7121,3.621,3.5209,3.3881,3.5726,3.892,3.9462,3.9462
Cayman Islands,Land Use change,Emissions (CH4),kilotonnes,0,0,0,0,0,0,0,0,0,0,0,0,0,0,0,0,0,0,0,0,0
Cayman Islands,Land Use change,Emissions (N2O),kilotonnes,0,0,0,0,0,0,0,0,0,0,0,0,0,0,0,0,0,0,0,0,0
Cayman Islands,Land Use change,Emissions (CO2),kilotonnes,4.5012,4.7254,4.7254,4.7254,4.7254,4.7254,4.7254,4.7254,4.7254,4.7254,4.7254,0,0,0,0,0,0,0,0,0,0
Cayman Islands,Land Use change,Emissions (CO2eq) from CH4 (AR5),kilotonnes,0,0,0,0,0,0,0,0,0,0,0,0,0,0,0,0,0,0,0,0,0
Cayman Islands,Land Use change,Emissions (CO2eq) from N2O (AR5),kilotonnes,0,0,0,0,0,0,0,0,0,0,0,0,0,0,0,0,0,0,0,0,0
Cayman Islands,Land Use change,Emissions (CO2eq) (AR5),kilotonnes,4.5012,4.7254,4.7254,4.7254,4.7254,4.7254,4.7254,4.7254,4.7254,4.7254,4.7254,0,0,0,0,0,0,0,0,0,0
Cayman Islands,Emissions on agricultural land,Emissions (CH4),kilotonnes,0.0004,0.0003,0.0003,0.0003,0.0003,0.0004,0.0004,0.0005,0.0005,0.0004,0.0004,0.0004,0.0003,0.0003,0.0003,0.0003,0.0003,0.0003,0.0003,0.0003,0.0003
Cayman Islands,Emissions on agricultural land,Emissions (N2O),kilotonnes,0,0,0,0,0,0,0,0,0,0,0,0,0,0,0,0,0,0,0,0,0
Cayman Islands,Emissions on agricultural land,Emissions (CO2),kilotonnes,8.958,9.1229,8.9793,9.1424,9.116,9.3525,9.6576,10.6631,10.6279,9.639,9.1599,4.4684,3.628,3.7023,3.6115,3.5116,3.3792,3.5632,3.8818,3.9358,3.9358
Cayman Islands,Emissions on agricultural land,Emissions (CO2eq) from CH4 (AR5),kilotonnes,0.0099,0.0098,0.0094,0.0098,0.0097,0.0103,0.0109,0.0132,0.0131,0.0109,0.0098,0.0099,0.008,0.0082,0.008,0.0078,0.0075,0.0079,0.0086,0.0087,0.0087
Cayman Islands,Emissions on agricultural land,Emissions (CO2eq) from N2O (AR5),kilotonnes,0.0019,0.0018,0.0018,0.0019,0.0018,0.0019,0.0021,0.0025,0.0025,0.0021,0.0019,0.0019,0.0015,0.0016,0.0015,0.0015,0.0014,0.0015,0.0016,0.0017,0.0017
Cayman Islands,Emissions on agricultural land,Emissions (CO2eq) (AR5),kilotonnes,8.9697,9.1345,8.9905,9.1541,9.1276,9.3647,9.6706,10.6788,10.6435,9.652,9.1716,4.4802,3.6376,3.7121,3.621,3.5209,3.3881,3.5726,3.892,3.9462,3.9462
Cayman Islands,Pre- and post- production,Emissions (CH4),kilotonnes,0.054,0.0561,0.0579,0.0596,0.0612,0.0629,0.5703,0.8796,1.0882,1.2271,1.3202,1.3833,1.4266,1.4566,1.4779,1.4932,1.5048,1.5142,1.5223,1.5297,1.5336
Cayman Islands,Pre- and post- production,Emissions (N2O),kilotonnes,0,0,0,0,0,0,0.0001,0.0001,0.0001,0.0002,0.0002,0.0002,0.0002,0.0002,0.0002,0.0002,0.0002,0.0003,0.0003,0.0003,0.0003
Cayman Islands,Pre- and post- production,Emissions (CO2),kilotonnes,0,0,0,0,0,0,1.7174,1.7222,1.7242,1.7189,1.7166,1.7171,1.7191,1.7211,1.7238,1.7263,1.7295,1.7335,1.7387,1.7443,1.7398
Cayman Islands,Pre- and post- production,Emissions (CO2eq) from CH4 (AR5),kilotonnes,1.5132,1.5714,1.622,1.6677,1.7133,1.762,15.9686,24.6294,30.4704,34.3596,36.966,38.7321,39.9441,40.7837,41.3799,41.81,42.1356,42.3964,42.6238,42.8308,42.9416
Cayman Islands,Pre- and post- production,Emissions (CO2eq) from N2O (AR5),kilotonnes,0,0,0,0,0,0,0.0302,0.0335,0.0368,0.0402,0.0435,0.0468,0.0502,0.0535,0.0568,0.0601,0.0635,0.0668,0.0701,0.0735,0.0768
Cayman Islands,Pre- and post- production,Emissions (CO2eq) (AR5),kilotonnes,1.5132,1.5714,1.622,1.6677,1.7133,1.762,17.7162,26.385,32.2314,36.1187,38.7261,40.4961,41.7133,42.5583,43.1605,43.5964,43.9286,44.1967,44.4327,44.6486,44.7583
Cayman Islands,Agri-food systems,Emissions (CH4),kilotonnes,0.0544,0.0565,0.0583,0.0599,0.0615,0.0633,0.5707,0.8801,1.0887,1.2275,1.3206,1.3836,1.4269,1.4569,1.4781,1.4935,1.5051,1.5144,1.5226,1.53,1.5339
Cayman Islands,Agri-food systems,Emissions (N2O),kilotonnes,0,0,0,0,0,0,0.0001,0.0001,0.0001,0.0002,0.0002,0.0002,0.0002,0.0002,0.0002,0.0002,0.0002,0.0003,0.0003,0.0003,0.0003
Cayman Islands,Agri-food systems,Emissions (CO2),kilotonnes,8.958,9.1229,8.9793,9.1424,9.116,9.3525,11.375,12.3853,12.3521,11.3579,10.8765,6.1856,5.3471,5.4234,5.3353,5.2379,5.1087,5.2967,5.6205,5.6802,5.6757
Cayman Islands,Agri-food systems,Emissions (CO2eq) from CH4 (AR5),kilotonnes,1.5231,1.5812,1.6314,1.6775,1.723,1.7722,15.9795,24.6425,30.4835,34.3705,36.9758,38.742,39.9522,40.7919,41.3879,41.8178,42.1431,42.4043,42.6324,42.8396,42.9504
Cayman Islands,Agri-food systems,Emissions (CO2eq) from N2O (AR5),kilotonnes,0.0019,0.0018,0.0018,0.0019,0.0018,0.0019,0.0322,0.036,0.0393,0.0422,0.0453,0.0487,0.0517,0.055,0.0583,0.0616,0.0649,0.0683,0.0718,0.0751,0.0785
Cayman Islands,Agri-food systems,Emissions (CO2eq) (AR5),kilotonnes,10.4829,10.706,10.6125,10.8217,10.8409,11.1266,27.3868,37.0638,42.8749,45.7706,47.8977,44.9763,45.3509,46.2704,46.7815,47.1173,47.3167,47.7693,48.3247,48.5948,48.7045
Cayman Islands,IPCC Agriculture,Emissions (CH4),kilotonnes,0,0,0,0,0,0,0,0,0,0,0,0,0,0,0,0,0,0,0,0,0
Cayman Islands,IPCC Agriculture,Emissions (N2O),kilotonnes,0,0,0,0,0,0,0,0,0,0,0,0,0,0,0,0,0,0,0,0,0
Cayman Islands,IPCC Agriculture,Emissions (CO2eq) from CH4 (AR5),kilotonnes,0,0,0,0,0,0,0,0,0,0,0,0,0,0,0,0,0,0,0,0,0
Cayman Islands,IPCC Agriculture,Emissions (CO2eq) from N2O (AR5),kilotonnes,0,0,0,0,0,0,0,0,0,0,0,0,0,0,0,0,0,0,0,0,0
Cayman Islands,IPCC Agriculture,Emissions (CO2eq) (AR5),kilotonnes,0,0,0,0,0,0,0,0,0,0,0,0,0,0,0,0,0,0,0,0,0
Cayman Islands,Agricultural Soils,Emissions (N2O),kilotonnes,0,0,0,0,0,0,0,0,0,0,0,0,0,0,0,0,0,0,0,0,0
Cayman Islands,Agricultural Soils,Emissions (CO2eq) from N2O (AR5),kilotonnes,0,0,0,0,0,0,0,0,0,0,0,0,0,0,0,0,0,0,0,0,0
Cayman Islands,Agricultural Soils,Emissions (CO2eq) (AR5),kilotonnes,0,0,0,0,0,0,0,0,0,0,0,0,0,0,0,0,0,0,0,0,0
Cayman Islands,LULUCF,Emissions (CH4),kilotonnes,0,0,0,0,0,0,0,0,0,0,0,0,0,0,0,0,0,0,0,0,0
Cayman Islands,LULUCF,Emissions (N2O),kilotonnes,0,0,0,0,0,0,0,0,0,0,0,0,0,0,0,0,0,0,0,0,0
Cayman Islands,LULUCF,Emissions (CO2),kilotonnes,4.5493,1.9305,1.9305,1.9305,1.9305,1.9305,1.9305,1.9305,1.9305,1.9305,1.9305,-1.7112,-1.7112,-1.7112,-1.7112,-1.7112,-3.7005,-3.7005,-3.7005,-3.7005,-3.7005
Cayman Islands,LULUCF,Emissions (CO2eq) from CH4 (AR5),kilotonnes,0,0,0,0,0,0,0,0,0,0,0,0,0,0,0,0,0,0,0,0,0
Cayman Islands,LULUCF,Emissions (CO2eq) from N2O (AR5),kilotonnes,0,0,0,0,0,0,0,0,0,0,0,0,0,0,0,0,0,0,0,0,0
Cayman Islands,LULUCF,Emissions (CO2eq) (AR5),kilotonnes,4.5493,1.9305,1.9305,1.9305,1.9305,1.9305,1.9305,1.9305,1.9305,1.9305,1.9305,-1.7112,-1.7112,-1.7112,-1.7112,-1.7112,-3.7005,-3.7005,-3.7005,-3.7005,-3.7005
Cayman Islands,AFOLU,Emissions (CH4),kilotonnes,0,0,0,0,0,0,0,0,0,0,0,0,0,0,0,0,0,0,0,0,0
Cayman Islands,AFOLU,Emissions (N2O),kilotonnes,0,0,0,0,0,0,0,0,0,0,0,0,0,0,0,0,0,0,0,0,0
Cayman Islands,AFOLU,Emissions (CO2),kilotonnes,4.5493,1.9305,1.9305,1.9305,1.9305,1.9305,1.9305,1.9305,1.9305,1.9305,1.9305,-1.7112,-1.7112,-1.7112,-1.7112,-1.7112,-3.7005,-3.7005,-3.7005,-3.7005,-3.7005
Cayman Islands,AFOLU,Emissions (CO2eq) from CH4 (AR5),kilotonnes,0,0,0,0,0,0,0,0,0,0,0,0,0,0,0,0,0,0,0,0,0
Cayman Islands,AFOLU,Emissions (CO2eq) from N2O (AR5),kilotonnes,0,0,0,0,0,0,0,0,0,0,0,0,0,0,0,0,0,0,0,0,0
Cayman Islands,AFOLU,Emissions (CO2eq) (AR5),kilotonnes,4.5493,1.9305,1.9305,1.9305,1.9305,1.9305,1.9305,1.9305,1.9305,1.9305,1.9305,-1.7112,-1.7112,-1.7112,-1.7112,-1.7112,-3.7005,-3.7005,-3.7005,-3.7005,-3.7005
Cayman Islands,All sectors with LULUCF,Emissions (CH4),kilotonnes,0,0,0,0,0,0,0,0,0,0,0,0,0,0,0,0,0,0,0,0,0
Cayman Islands,All sectors with LULUCF,Emissions (N2O),kilotonnes,0,0,0,0,0,0,0,0,0,0,0,0,0,0,0,0,0,0,0,0,0
Cayman Islands,All sectors with LULUCF,Emissions (CO2),kilotonnes,4.5493,1.9305,1.9305,1.9305,1.9305,1.9305,1.9305,1.9305,1.9305,1.9305,1.9305,-1.7112,-1.7112,-1.7112,-1.7112,-1.7112,-3.7005,-3.7005,-3.7005,-3.7005,-3.7005
Cayman Islands,All sectors with LULUCF,Emissions (CO2eq) from CH4 (AR5),kilotonnes,0,0,0,0,0,0,0,0,0,0,0,0,0,0,0,0,0,0,0,0,0
Cayman Islands,All sectors with LULUCF,Emissions (CO2eq) from N2O (AR5),kilotonnes,0,0,0,0,0,0,0,0,0,0,0,0,0,0,0,0,0,0,0,0,0
Cayman Islands,All sectors with LULUCF,Emissions (CO2eq) (AR5),kilotonnes,4.5493,1.9305,1.9305,1.9305,1.9305,1.9305,1.9305,1.9305,1.9305,1.9305,1.9305,-1.7112,-1.7112,-1.7112,-1.7112,-1.7112,-3.7005,-3.7005,-3.7005,-3.7005,-3.7005
Cayman Islands,All sectors without LULUCF,Emissions (CH4),kilotonnes,0,0,0,0,0,0,0,0,0,0,0,0,0,0,0,0,0,0,0,0,0
Cayman Islands,All sectors without LULUCF,Emissions (N2O),kilotonnes,0,0,0,0,0,0,0,0,0,0,0,0,0,0,0,0,0,0,0,0,0
Cayman Islands,All sectors without LULUCF,Emissions (CO2eq) from CH4 (AR5),kilotonnes,0,0,0,0,0,0,0,0,0,0,0,0,0,0,0,0,0,0,0,0,0
Cayman Islands,All sectors without LULUCF,Emissions (CO2eq) from N2O (AR5),kilotonnes,0,0,0,0,0,0,0,0,0,0,0,0,0,0,0,0,0,0,0,0,0
Cayman Islands,All sectors without LULUCF,Emissions (CO2eq) (AR5),kilotonnes,0,0,0,0,0,0,0,0,0,0,0,0,0,0,0,0,0,0,0,0,0
Central African Republic,Crop Residues,Direct emissions (N2O),kilotonnes,0.0387,0.0419,0.0431,0.0451,0.0472,0.0523,0.0523,0.0549,0.0541,0.058,0.0499,0.0516,0.0479,0.0396,0.0308,0.0304,0.0326,0.0321,0.0322,0.0318,0.031
Central African Republic,Crop Residues,Indirect emissions (N2O),kilotonnes,0.0087,0.0094,0.0097,0.0101,0.0106,0.0118,0.0118,0.0124,0.0122,0.013,0.0112,0.0116,0.0108,0.0089,0.0069,0.0068,0.0073,0.0072,0.0072,0.0072,0.007
Central African Republic,Crop Residues,Emissions (N2O),kilotonnes,0.0474,0.0513,0.0529,0.0552,0.0578,0.0641,0.0641,0.0673,0.0663,0.071,0.0611,0.0632,0.0587,0.0485,0.0378,0.0373,0.0399,0.0393,0.0394,0.039,0.038
Central African Republic,Crop Residues,Emissions (CO2eq) from N2O (AR5),kilotonnes,12.5588,13.5947,14.0056,14.6404,15.3195,16.9745,16.9935,17.8227,17.5726,18.8236,16.2016,16.7438,15.5566,12.8562,10.0107,9.8802,10.5806,10.4102,10.4443,10.3273,10.0646
Central African Republic,Crop Residues,Emissions (CO2eq) (AR5),kilotonnes,12.5588,13.5947,14.0056,14.6404,15.3195,16.9745,16.9935,17.8227,17.5726,18.8236,16.2016,16.7438,15.5566,12.8562,10.0107,9.8802,10.5806,10.4102,10.4443,10.3273,10.0646
Central African Republic,Rice Cultivation,Emissions (CH4),kilotonnes,1.085,1.19,1.288,1.015,1.12,1.61,1.75,1.7544,1.772,1.8251,1.169,1.75,0.98,1.0868,0.6411,0.509,0.5494,0.491,0.488,0.4234,0.2522
Central African Republic,Rice Cultivation,Emissions (CO2eq) from CH4 (AR5),kilotonnes,30.38,33.32,36.064,28.42,31.36,45.08,49,49.1235,49.6154,51.1031,32.732,49,27.44,30.431,17.9516,14.2512,15.3821,13.7474,13.6651,11.8541,7.0619
Central African Republic,Rice Cultivation,Emissions (CO2eq) (AR5),kilotonnes,30.38,33.32,36.064,28.42,31.36,45.08,49,49.1235,49.6154,51.1031,32.732,49,27.44,30.431,17.9516,14.2512,15.3821,13.7474,13.6651,11.8541,7.0619
Central African Republic,Burning - Crop residues,Emissions (CH4),kilotonnes,0.3015,0.3172,0.3598,0.381,0.3967,0.4476,0.4542,0.5044,0.527,0.5421,0.3002,0.3223,0.2996,0.3227,0.3207,0.3172,0.3586,0.3458,0.3552,0.3649,0.3813
Central African Republic,Burning - Crop residues,Emissions (CH4),kilotonnes,,,,0.51,0.51,0.51,0.54,0.54,0.54,0.3,0.3,,,,,,,,,,
Central African Republic,Burning - Crop residues,Emissions (N2O),kilotonnes,0.0078,0.0082,0.0093,0.0099,0.0103,0.0116,0.0118,0.0131,0.0137,0.0141,0.0078,0.0084,0.0078,0.0084,0.0083,0.0082,0.0093,0.009,0.0092,0.0095,0.0099
Central African Republic,Burning - Crop residues,Emissions (N2O),kilotonnes,,,,,,,,,,,,,,,,,,,,,
Central African Republic,Burning - Crop residues,Emissions (CO2eq) from CH4 (AR5),kilotonnes,8.4407,8.8811,10.0733,10.6672,11.1075,12.5326,12.7172,14.1226,14.7547,15.1778,8.4049,9.0231,8.3877,9.0346,8.979,8.8825,10.0399,9.681,9.9461,10.2183,10.6764
Central African Republic,Burning - Crop residues,Emissions (CO2eq) from CH4 (AR5),kilotonnes,,,,14.28,14.28,14.28,15.12,15.12,15.12,8.4,8.4,,,,,,,,,,
Central African Republic,Burning - Crop residues,Emissions (CO2eq) from N2O (AR5),kilotonnes,2.0711,2.1792,2.4717,2.6174,2.7255,3.0751,3.1204,3.4653,3.6204,3.7242,2.0623,2.214,2.0581,2.2168,2.2032,2.1795,2.4635,2.3754,2.4405,2.5073,2.6197
Central African Republic,Burning - Crop residues,Emissions (CO2eq) from N2O (AR5),kilotonnes,,,,,,,,,,,,,,,,,,,,,
Central African Republic,Burning - Crop residues,Emissions (CO2eq) (AR5),kilotonnes,10.5118,11.0603,12.545,13.2846,13.833,15.6077,15.8376,17.5878,18.375,18.902,10.4672,11.237,10.4458,11.2515,11.1822,11.062,12.5034,12.0565,12.3866,12.7256,13.296
Central African Republic,Burning - Crop residues,Emissions (CO2eq) (AR5),kilotonnes,,,,14.28,14.28,14.28,15.12,15.12,15.12,8.4,8.4,,,,,,,,,,
Central African Republic,Enteric Fermentation,Emissions (CH4),kilotonnes,115.4023,118.492,121.7672,125.083,128.118,131.575,135.65,145.162,143.95,148.023,152.22,165.824,168.1,169.65,171.4794,174.853,178.6761,175.928,179.1887,182.846,186.5438
Central African Republic,Enteric Fermentation,Emissions (CH4),kilotonnes,,,,401.91,401.91,401.91,437.76,437.76,437.76,220.44,220.44,,,,,,,,,,
Central African Republic,Enteric Fermentation,Emissions (CO2eq) from CH4 (AR5),kilotonnes,3231.2657,3317.776,3409.4817,3502.324,3587.304,3684.1,3798.2,4064.536,4030.6,4144.644,4262.16,4643.072,4706.8,4750.2,4801.4242,4895.8841,5002.9317,4925.9834,5017.2835,5119.6886,5223.2264
Central African Republic,Enteric Fermentation,Emissions (CO2eq) from CH4 (AR5),kilotonnes,,,,11253.48,11253.48,11253.48,12257.28,12257.28,12257.28,6172.32,6172.32,,,,,,,,,,
Central African Republic,Enteric Fermentation,Emissions (CO2eq) (AR5),kilotonnes,3231.2657,3317.776,3409.4817,3502.324,3587.304,3684.1,3798.2,4064.536,4030.6,4144.644,4262.16,4643.072,4706.8,4750.2,4801.4242,4895.8841,5002.9317,4925.9834,5017.2835,5119.6886,5223.2264
Central African Republic,Enteric Fermentation,Emissions (CO2eq) (AR5),kilotonnes,,,,11253.48,11253.48,11253.48,12257.28,12257.28,12257.28,6172.32,6172.32,,,,,,,,,,
Central African Republic,Manure Management,Emissions (CH4),kilotonnes,4.3681,4.4998,4.6362,4.7772,4.9092,5.0212,5.1587,5.4662,5.6292,5.8077,5.9925,6.3807,6.4302,6.4802,6.5302,6.6528,6.7961,6.7028,6.8259,6.9648,7.1049
Central African Republic,Manure Management,Emissions (N2O),kilotonnes,0.3523,0.3664,0.3815,0.3975,0.4137,0.4131,0.4148,0.4193,0.5046,0.5257,0.5477,0.5293,0.5162,0.5169,0.5179,0.5261,0.537,0.5321,0.5407,0.5506,0.5602
Central African Republic,Manure Management,Emissions (N2O),kilotonnes,,,,,,,,,,,,,,,,,,,,,
Central African Republic,Manure Management,Emissions (CO2eq) from CH4 (AR5),kilotonnes,122.3068,125.9941,129.8128,133.7622,137.4576,140.5936,144.4436,153.0536,157.6182,162.6162,167.7894,178.6596,180.0467,181.4467,182.8467,186.2774,190.2901,187.6798,191.1257,195.0136,198.938
Central African Republic,Manure Management,Emissions (CO2eq) from N2O (AR5),kilotonnes,93.3517,97.0869,101.0905,105.3248,109.6424,109.483,109.93,111.1056,133.7282,139.3147,145.1522,140.2514,136.7806,136.9711,137.2432,139.4077,142.3038,141.0126,143.2867,145.9093,148.452
Central African Republic,Manure Management,Emissions (CO2eq) from N2O (AR5),kilotonnes,,,,,,,,,,,,,,,,,,,,,
Central African Republic,Manure Management,Emissions (CO2eq) (AR5),kilotonnes,215.6585,223.081,230.9033,239.0869,247.1,250.0766,254.3736,264.1592,291.3463,301.9309,312.9416,318.911,316.8273,318.4178,320.0899,325.6851,332.5939,328.6924,334.4124,340.9229,347.39
Central African Republic,Manure Management,Emissions (CO2eq) (AR5),kilotonnes,,,,,,,,,,,,,,,,,,,,,
Central African Republic,Manure left on Pasture,Direct emissions (N2O),kilotonnes,4.567,4.6933,4.8258,4.9607,5.0823,5.2269,5.395,5.7752,5.7425,5.9105,6.0841,6.6489,6.7425,6.8028,6.8713,7.0054,7.1583,7.0536,7.1861,7.3371,7.4899
Central African Republic,Manure left on Pasture,Indirect emissions (N2O),kilotonnes,1.1089,1.1436,1.1801,1.2175,1.249,1.2896,1.3356,1.4294,1.4497,1.4987,1.5493,1.713,1.7362,1.749,1.7636,1.7974,1.8382,1.8154,1.8524,1.8952,1.9392
Central African Republic,Manure left on Pasture,Emissions (N2O),kilotonnes,5.6759,5.8369,6.0059,6.1782,6.3313,6.5165,6.7306,7.2046,7.1923,7.4092,7.6335,8.362,8.4787,8.5518,8.6349,8.8029,8.9965,8.869,9.0385,9.2323,9.4291
Central African Republic,Manure left on Pasture,Emissions (CO2eq) from N2O (AR5),kilotonnes,1504.1179,1546.7657,1591.5667,1637.2168,1677.7943,1726.885,1783.6135,1909.206,1905.9497,1963.4332,2022.8651,2215.9228,2246.8501,2266.2335,2288.2502,2332.7626,2384.0595,2350.295,2395.1983,2446.5624,2498.6983
Central African Republic,Manure left on Pasture,Emissions (CO2eq) (AR5),kilotonnes,1504.1179,1546.7657,1591.5667,1637.2168,1677.7943,1726.885,1783.6135,1909.206,1905.9497,1963.4332,2022.8651,2215.9228,2246.8501,2266.2335,2288.2502,2332.7626,2384.0595,2350.295,2395.1983,2446.5624,2498.6983
Central African Republic,Manure applied to Soils,Direct emissions (N2O),kilotonnes,0.2172,0.2254,0.2346,0.2442,0.2536,0.2549,0.2566,0.2618,0.3069,0.3194,0.3325,0.329,0.3221,0.3226,0.3245,0.3297,0.3364,0.3335,0.3391,0.3457,0.3521
Central African Republic,Manure applied to Soils,Indirect emissions (N2O),kilotonnes,0.0923,0.0958,0.0997,0.1038,0.1078,0.1083,0.1091,0.1113,0.1304,0.1357,0.1413,0.1398,0.1369,0.1371,0.1379,0.1401,0.143,0.1418,0.1441,0.1469,0.1497
Central African Republic,Manure applied to Soils,Emissions (N2O),kilotonnes,0.3095,0.3212,0.3344,0.348,0.3614,0.3632,0.3657,0.3731,0.4373,0.4551,0.4738,0.4688,0.459,0.4597,0.4624,0.4698,0.4794,0.4753,0.4832,0.4926,0.5018
Central African Republic,Manure applied to Soils,Emissions (CO2eq) from N2O (AR5),kilotonnes,82.0081,85.1165,88.6068,92.2203,95.7582,96.2493,96.9044,98.8708,115.8773,120.606,125.5496,124.2276,121.6445,121.8333,122.5409,124.4874,127.0387,125.9521,128.0535,130.5404,132.9745
Central African Republic,Manure applied to Soils,Emissions (CO2eq) (AR5),kilotonnes,82.0081,85.1165,88.6068,92.2203,95.7582,96.2493,96.9044,98.8708,115.8773,120.606,125.5496,124.2276,121.6445,121.8333,122.5409,124.4874,127.0387,125.9521,128.0535,130.5404,132.9745
Central African Republic,Synthetic Fertilizers,Direct emissions (N2O),kilotonnes,0.0031,0.0031,0,0,0.0002,0.0039,0.0047,0.0055,0.0028,0.003,0.0035,0.0063,0.0036,0.0018,0,0.0034,0.0033,0.0014,0.0014,0.0034,0.0034
Central African Republic,Synthetic Fertilizers,Indirect emissions (N2O),kilotonnes,0.001,0.001,0,0,0.0001,0.0013,0.0015,0.0018,0.0009,0.001,0.0011,0.0021,0.0012,0.0006,0,0.0011,0.0011,0.0004,0.0004,0.0011,0.0011
Central African Republic,Synthetic Fertilizers,Emissions (N2O),kilotonnes,0.0042,0.0042,0,0,0.0002,0.0051,0.0063,0.0073,0.0037,0.004,0.0046,0.0084,0.0047,0.0024,0,0.0046,0.0044,0.0018,0.0018,0.0044,0.0044
Central African Republic,Synthetic Fertilizers,Emissions (CO2eq) from N2O (AR5),kilotonnes,1.1035,1.1035,0.0043,0.0004,0.0654,1.3522,1.6598,1.9295,0.9754,1.0487,1.2231,2.222,1.2498,0.6249,0,1.2098,1.1611,0.4755,0.4755,1.178,1.178
Central African Republic,Synthetic Fertilizers,Emissions (CO2eq) (AR5),kilotonnes,1.1035,1.1035,0.0043,0.0004,0.0654,1.3522,1.6598,1.9295,0.9754,1.0487,1.2231,2.222,1.2498,0.6249,0,1.2098,1.1611,0.4755,0.4755,1.178,1.178
Central African Republic,Drained organic soils,Emissions (CO2eq) (AR5),kilotonnes,33.2835,33.2835,33.2835,33.2835,33.2835,33.2835,35.901,37.2475,37.6962,37.6962,37.7758,41.1108,42.0084,42.0084,43.2797,43.2797,46.4212,46.8701,47.3189,57.9075,58.8051
Central African Republic,Drained organic soils (CO2),Emissions (CO2),kilotonnes,31.9646,31.9646,31.9646,31.9646,31.9646,31.9646,34.4782,35.7714,36.2024,36.2024,36.2775,39.4794,40.3414,40.3414,41.562,41.562,44.5792,45.0103,45.4414,55.6081,56.4702
Central African Republic,Drained organic soils (CO2),Emissions (CO2eq) (AR5),kilotonnes,31.9646,31.9646,31.9646,31.9646,31.9646,31.9646,34.4782,35.7714,36.2024,36.2024,36.2775,39.4794,40.3414,40.3414,41.562,41.562,44.5792,45.0103,45.4414,55.6081,56.4702
Central African Republic,Drained organic soils (N2O),Emissions (N2O),kilotonnes,0.005,0.005,0.005,0.005,0.005,0.005,0.0054,0.0056,0.0056,0.0056,0.0057,0.0062,0.0063,0.0063,0.0065,0.0065,0.007,0.007,0.0071,0.0087,0.0088
Central African Republic,Drained organic soils (N2O),Emissions (CO2eq) from N2O (AR5),kilotonnes,1.3189,1.3189,1.3189,1.3189,1.3189,1.3189,1.4228,1.4761,1.4938,1.4938,1.4983,1.6315,1.667,1.667,1.7176,1.7176,1.842,1.8597,1.8775,2.2994,2.3349
Central African Republic,Drained organic soils (N2O),Emissions (CO2eq) (AR5),kilotonnes,1.3189,1.3189,1.3189,1.3189,1.3189,1.3189,1.4228,1.4761,1.4938,1.4938,1.4983,1.6315,1.667,1.667,1.7176,1.7176,1.842,1.8597,1.8775,2.2994,2.3349
Central African Republic,On-farm energy use,Emissions (CH4),kilotonnes,0.0003,0.0003,0.0003,0.0002,0.0002,0.0002,0.0003,0.0003,0.0003,0.0003,0.0003,0.0003,0.0003,0.0002,0.0002,0.0003,0.0003,0.0003,0.0003,0.0004,0.0004
Central African Republic,On-farm energy use,Emissions (N2O),kilotonnes,0,0,0,0,0,0,0,0,0,0,0,0,0,0,0,0,0,0,0,0,0
Central African Republic,On-farm energy use,Emissions (CO2),kilotonnes,3.387,3.4182,3.4674,3.0988,3.137,3.0966,3.5171,3.6301,3.3611,3.2613,3.4324,3.5674,3.5173,2.8534,2.7699,3.555,3.5264,4.1531,4.288,4.5916,4.5916
Central African Republic,On-farm energy use,Emissions (CO2eq) from CH4 (AR5),kilotonnes,0.0075,0.0076,0.0077,0.0069,0.007,0.0069,0.0078,0.0081,0.0075,0.0072,0.0076,0.0079,0.0078,0.0063,0.0061,0.0079,0.0078,0.0092,0.0095,0.0102,0.0102
Central African Republic,On-farm energy use,Emissions (CO2eq) from N2O (AR5),kilotonnes,0.0014,0.0014,0.0015,0.0013,0.0013,0.0013,0.0015,0.0015,0.0014,0.0014,0.0014,0.0015,0.0015,0.0012,0.0012,0.0015,0.0015,0.0017,0.0018,0.0019,0.0019
Central African Republic,On-farm energy use,Emissions (CO2eq) (AR5),kilotonnes,3.3959,3.4273,3.4766,3.107,3.1452,3.1048,3.5264,3.6396,3.37,3.27,3.4415,3.5768,3.5266,2.8609,2.7772,3.5644,3.5357,4.1641,4.2993,4.6038,4.6038
Central African Republic,Forestland,Emissions (CO2),kilotonnes,0,0,0,0,0,0,0,0,0,0,0,0,0,0,0,0,0,0,0,0,0
Central African Republic,Forestland,Emissions (CO2eq) (AR5),kilotonnes,0,0,0,0,0,0,0,0,0,0,0,0,0,0,0,0,0,0,0,0,0
Central African Republic,Net Forest conversion,Emissions (CO2),kilotonnes,13917.2,13917.2,13917.2,13917.2,13917.2,13917.2,13917.2,13917.2,13917.2,13917.2,13917.2,13917.2,13917.2,13917.2,13917.2,13917.2,13917.2,13917.2,13917.2,13917.2,13917.2
Central African Republic,Net Forest conversion,Emissions (CO2eq) (AR5),kilotonnes,13917.2,13917.2,13917.2,13917.2,13917.2,13917.2,13917.2,13917.2,13917.2,13917.2,13917.2,13917.2,13917.2,13917.2,13917.2,13917.2,13917.2,13917.2,13917.2,13917.2,13917.2
Central African Republic,Savanna fires,Emissions (CH4),kilotonnes,320.7894,244.4689,198.4921,293.8339,241.0142,257.6443,256.5688,255.7894,278.3475,187.639,225.4403,238.7479,181.9601,204.7053,194.4292,197.4327,226.0233,194.698,201.6939,166.8127,185.46
Central African Republic,Savanna fires,Emissions (N2O),kilotonnes,29.2895,22.3211,18.1232,26.8283,22.0056,23.524,23.4258,23.3547,25.4143,17.1323,20.5837,21.7987,16.6138,18.6905,17.7522,18.0265,20.6369,17.7768,18.4155,15.2307,16.9333
Central African Republic,Savanna fires,Emissions (CO2eq) from CH4 (AR5),kilotonnes,8982.103,6845.1292,5557.7791,8227.3497,6748.3975,7214.0404,7183.9265,7162.1045,7793.7287,5253.8916,6312.3281,6684.9409,5094.8835,5731.7477,5444.0187,5528.1165,6328.6512,5451.5429,5647.4286,4670.7564,5192.8811
Central African Republic,Savanna fires,Emissions (CO2eq) from N2O (AR5),kilotonnes,7761.7085,5915.0845,4802.6461,7109.5032,5831.4956,6233.8719,6207.8495,6188.9924,6734.7982,4540.0476,5454.6748,5776.6609,4402.6439,4952.9776,4704.3423,4777.0137,5468.7802,4710.8442,4880.1149,4036.1427,4487.3266
Central African Republic,Savanna fires,Emissions (CO2eq) (AR5),kilotonnes,16743.8115,12760.2137,10360.4251,15336.8529,12579.8931,13447.9123,13391.776,13351.0969,14528.5269,9793.9393,11767.0029,12461.6018,9497.5273,10684.7254,10148.361,10305.1303,11797.4314,10162.3871,10527.5435,8706.8991,9680.2078
Central African Republic,Fires in organic soils,Emissions (CH4),kilotonnes,0,0,0,0,0,0,0,0,0,0,0,0,0,0,0,0,0,0,0,0,0
Central African Republic,Fires in organic soils,Emissions (CO2),kilotonnes,0,0,0,0,0,0,0,0,0,0,0,0,0,0,0,0,0,0,0,0,0
Central African Republic,Fires in organic soils,Emissions (CO2eq) from CH4 (AR5),kilotonnes,0,0,0,0,0,0,0,0,0,0,0,0,0,0,0,0,0,0,0,0,0
Central African Republic,Fires in organic soils,Emissions (CO2eq) (AR5),kilotonnes,0,0,0,0,0,0,0,0,0,0,0,0,0,0,0,0,0,0,0,0,0
Central African Republic,Forest fires,Emissions (CH4),kilotonnes,163.276,424.075,376.5324,595.6004,390.2598,520.824,491.6521,538.1429,503.304,351.1489,481.3256,511.0034,465.98,404.0257,344.7049,384.7792,515.644,435.504,422.6332,417.4474,393.18
Central African Republic,Forest fires,Emissions (N2O),kilotonnes,4.8022,38.7199,34.379,54.3809,35.6324,47.5535,44.89,49.1348,45.9538,32.0614,43.9471,46.6568,42.546,36.8893,31.4731,35.132,47.0805,39.7634,38.5882,38.1148,35.899
Central African Republic,Forest fires,Emissions (CO2eq) from CH4 (AR5),kilotonnes,4571.7286,11874.1012,10542.9062,16676.8115,10927.2755,14583.0716,13766.2589,15068.0015,14092.5117,9832.1695,13477.1175,14308.0962,13047.4391,11312.72,9651.7358,10773.8184,14438.0324,12194.113,11833.7298,11688.527,11009.0408
Central African Republic,Forest fires,Emissions (CO2eq) from N2O (AR5),kilotonnes,1272.5925,10260.7722,9110.4461,14410.9403,9442.5913,12601.676,11895.8433,13020.7187,12177.7682,8496.2769,11645.9874,12364.0614,11274.6892,9775.6657,8340.3587,9309.9844,12476.3432,10537.3041,10225.8861,10100.4119,9513.2472
Central African Republic,Forest fires,Emissions (CO2eq) (AR5),kilotonnes,5844.3212,22134.8733,19653.3522,31087.7518,20369.8668,27184.7476,25662.1022,28088.7202,26270.2799,18328.4464,25123.1049,26672.1576,24322.1282,21088.3857,17992.0945,20083.8028,26914.3757,22731.4171,22059.6159,21788.9389,20522.2881
Central African Republic,Fires in humid tropical forests,Emissions (CH4),kilotonnes,133.6721,407.4631,359.2092,576.7162,373.3158,502.3065,473.1421,520.9437,487.5791,336.5044,463.3929,494.2254,447.5418,387.8523,328.6157,368.6579,498.7,420.3342,405.6644,401.6457,375.3142
Central African Republic,Fires in humid tropical forests,Emissions (N2O),kilotonnes,3.9315,37.2031,32.7974,52.6567,34.0854,45.8628,43.1999,47.5644,44.5181,30.7243,42.3098,45.1249,40.8625,35.4126,30.004,33.6601,45.5335,38.3783,37.0389,36.672,34.2678
Central African Republic,Fires in humid tropical forests,Emissions (CO2eq) from CH4 (AR5),kilotonnes,3742.8174,11408.9659,10057.8584,16148.0526,10452.8428,14064.5817,13247.9775,14586.4225,13652.2147,9422.1236,12975.0014,13838.312,12531.1694,10859.8646,9201.2398,10322.4204,13963.5991,11769.3578,11358.6029,11246.0786,10508.7967
Central African Republic,Fires in humid tropical forests,Emissions (CO2eq) from N2O (AR5),kilotonnes,1041.8557,9858.8347,8691.3015,13954.0238,9032.6196,12153.6331,11447.9805,12604.5716,11797.2943,8141.9438,11212.0936,11958.1066,10828.5649,9384.3395,7951.0714,8919.9176,12066.371,10170.2603,9815.3145,9718.0788,9080.971
Central African Republic,Fires in humid tropical forests,Emissions (CO2eq) (AR5),kilotonnes,4784.6731,21267.8005,18749.1599,30102.0764,19485.4623,26218.2149,24695.958,27190.9941,25449.509,17564.0674,24187.095,25796.4186,23359.7343,20244.2041,17152.3112,19242.3381,26029.9701,21939.6181,21173.9174,20964.1573,19589.7677
Central African Republic,Waste - agri-food systems,Emissions (CH4),kilotonnes,18.1712,18.2577,18.3699,18.4678,18.6378,18.7839,18.9359,19.1151,19.2931,19.4325,19.5525,19.68,19.7464,19.7031,19.5021,19.5009,19.5683,19.6732,19.7963,19.9075,20.0296
Central African Republic,Waste - agri-food systems,Emissions (N2O),kilotonnes,0.0625,0.0646,0.0672,0.0666,0.0692,0.0711,0.0744,0.0773,0.0798,0.0822,0.0859,0.0862,0.0851,0.0751,0.0739,0.0733,0.0747,0.0762,0.0773,0.0784,0.0797
Central African Republic,Waste - agri-food systems,Emissions (CO2),kilotonnes,0,0,0,0,0,0,0,0,0,0,0,0,0,0,0,0,0,0,0,0,0
Central African Republic,Waste - agri-food systems,Emissions (CO2eq) from CH4 (AR5),kilotonnes,508.7948,511.2168,514.3569,517.0984,521.8587,525.9487,530.2045,535.2238,540.2062,544.1109,547.4711,551.0393,552.9001,551.6877,546.0578,546.0256,547.9125,550.8489,554.2972,557.4102,560.8283
Central African Republic,Waste - agri-food systems,Emissions (CO2eq) from N2O (AR5),kilotonnes,16.5499,17.1185,17.8104,17.6386,18.3421,18.8486,19.7062,20.4948,21.1399,21.7873,22.7739,22.8397,22.5524,19.8986,19.5706,19.419,19.7891,20.1986,20.4872,20.7872,21.1115
Central African Republic,Waste - agri-food systems,Emissions (CO2eq) (AR5),kilotonnes,525.3446,528.3353,532.1673,534.737,540.2008,544.7973,549.9107,555.7186,561.3461,565.8982,570.245,573.8791,575.4525,571.5863,565.6284,565.4446,567.7016,571.0474,574.7843,578.1974,581.9398
Central African Republic,On-farm electricity use,Emissions (CH4),kilotonnes,0,0,0,0,0,0,0,0,0,0,0,0,0,0,0,0,0,0,0,0,0
Central African Republic,On-farm electricity use,Emissions (N2O),kilotonnes,0,0,0,0,0,0,0,0,0,0,0,0,0,0,0,0,0,0,0,0,0
Central African Republic,On-farm electricity use,Emissions (CO2),kilotonnes,0,0,0,0,0,0,0,0,0,0,0,0,0,0,0,0,0,0,0,0,0
Central African Republic,On-farm electricity use,Emissions (CO2eq) from CH4 (AR5),kilotonnes,0,0,0,0,0,0,0,0,0,0,0,0,0,0,0,0,0,0,0,0,0
Central African Republic,On-farm electricity use,Emissions (CO2eq) from N2O (AR5),kilotonnes,0,0,0,0,0,0,0,0,0,0,0,0,0,0,0,0,0,0,0,0,0
Central African Republic,On-farm electricity use,Emissions (CO2eq) (AR5),kilotonnes,0,0,0,0,0,0,0,0,0,0,0,0,0,0,0,0,0,0,0,0,0
Central African Republic,Food Processing,Emissions (CH4),kilotonnes,0.0011,0.0012,0.0013,0.0012,0.0013,0.0014,0.0032,0.0063,0.0056,0.0064,0.0075,0.0085,0.0061,0.0062,0.0061,0.0054,0.0054,0.0059,0.0065,0.0072,0.0074
Central African Republic,Food Processing,Emissions (N2O),kilotonnes,0.0002,0.0002,0.0002,0.0002,0.0002,0.0002,0.0001,0.0001,0.0001,0.0001,0.0001,0.0002,0.0002,0.0002,0.0002,0.0002,0.0002,0.0001,0.0001,0.0001,0.0001
Central African Republic,Food Processing,Emissions (CO2),kilotonnes,0.0919,0.0837,0.0907,0.0809,0.0876,0.0973,0.4201,0.6733,0.6243,0.7749,0.8684,1.0439,2.1433,1.8899,1.9681,1.9506,1.5963,1.2684,1.2696,1.35,1.2719
Central African Republic,Food Processing,Emissions (CO2eq) from CH4 (AR5),kilotonnes,0.0308,0.0336,0.0364,0.0336,0.0364,0.0392,0.0896,0.1764,0.1568,0.1792,0.21,0.238,0.1708,0.1736,0.1708,0.1512,0.1512,0.1652,0.182,0.2016,0.2084
Central African Republic,Food Processing,Emissions (CO2eq) from N2O (AR5),kilotonnes,0.053,0.053,0.053,0.053,0.053,0.053,0.0265,0.0265,0.0265,0.0265,0.0265,0.053,0.053,0.053,0.053,0.053,0.053,0.0265,0.0265,0.0265,0.0267
Central African Republic,Food Processing,Emissions (CO2eq) (AR5),kilotonnes,0.1757,0.1703,0.1801,0.1675,0.177,0.1895,0.5362,0.8762,0.8076,0.9806,1.1049,1.3349,2.3671,2.1165,2.1919,2.1548,1.8005,1.4601,1.4781,1.5781,1.5069
Central African Republic,Food Packaging,Emissions (CH4),kilotonnes,0,0,0,0,0,0,0,0,0,0,0,0,0,0,0,0,0,0,0,0,0
Central African Republic,Food Packaging,Emissions (N2O),kilotonnes,0,0,0,0,0,0,0,0,0,0,0,0,0,0,0,0,0,0,0,0,0
Central African Republic,Food Packaging,Emissions (CO2),kilotonnes,0,0,0,0,0,0,0,0.0001,0.0001,0.0001,0.0001,0.0001,0.0001,0.0001,0.0002,0.0002,0.0002,0.0002,0.0002,0.0002,0.0002
Central African Republic,Food Packaging,Emissions (CO2eq) from CH4 (AR5),kilotonnes,0,0,0,0,0,0,0,0,0,0,0,0,0,0,0,0,0,0,0,0,0
Central African Republic,Food Packaging,Emissions (CO2eq) from N2O (AR5),kilotonnes,0,0,0,0,0,0,0,0,0,0,0,0,0,0,0,0,0,0,0,0,0
Central African Republic,Food Packaging,Emissions (CO2eq) (AR5),kilotonnes,0,0,0,0,0,0,0,0.0001,0.0001,0.0001,0.0001,0.0001,0.0001,0.0001,0.0002,0.0002,0.0002,0.0002,0.0002,0.0002,0.0002
Central African Republic,Food Retail,Emissions (CH4),kilotonnes,0.0003,0.0005,0.0005,0.0005,0.0007,0.0008,0.0017,0.0017,0.0017,0.0017,0.0017,0.0017,0.0017,0.0017,0.0017,0.0017,0.0017,0.0017,0.0017,0.002,0.0021
Central African Republic,Food Retail,Emissions (N2O),kilotonnes,0,0,0,0,0,0,0,0,0,0,0,0,0,0,0,0,0,0,0,0,0
Central African Republic,Food Retail,Emissions (CO2),kilotonnes,0.0024,0.0036,0.0036,0.0036,0.0048,0.006,0.0608,0.1164,0.1154,0.1402,0.1479,0.1472,0.1489,0.1253,0.1253,0.1253,0.1253,0.1253,0.1253,0.1549,0.1459
Central African Republic,Food Retail,Emissions (CO2eq) from CH4 (AR5),kilotonnes,0.0084,0.014,0.014,0.014,0.0196,0.0224,0.0476,0.0476,0.0476,0.0476,0.0476,0.0476,0.0476,0.0476,0.0476,0.0476,0.0476,0.0476,0.0476,0.056,0.0579
Central African Republic,Food Retail,Emissions (CO2eq) from N2O (AR5),kilotonnes,0,0,0,0,0,0,0,0,0,0,0,0,0,0,0,0,0,0,0,0,0
Central African Republic,Food Retail,Emissions (CO2eq) (AR5),kilotonnes,0.0108,0.0176,0.0176,0.0176,0.0244,0.0284,0.1084,0.164,0.163,0.1878,0.1955,0.1948,0.1965,0.1729,0.1729,0.1729,0.1729,0.1729,0.1729,0.2109,0.2038
Central African Republic,Food Household Consumption,Emissions (CH4),kilotonnes,0.0224,0.0236,0.0236,0.0224,0.0279,0.0298,0.017,0.0162,0.0146,0.0154,0.0144,0.0146,0.0144,0.0136,0.013,0.013,0.013,0.0136,0.0147,0.0158,0.0163
Central African Republic,Food Household Consumption,Emissions (N2O),kilotonnes,0.0003,0.0003,0.0003,0.0003,0.0003,0.0003,0.0003,0.0003,0.0002,0.0002,0.0002,0.0002,0.0002,0.0001,0.0001,0.0001,0.0001,0.0001,0.0002,0.0002,0.0002
Central African Republic,Food Household Consumption,Emissions (CO2),kilotonnes,20.9234,23.3668,23.3668,20.9234,20.963,20.9762,22.5068,24.1226,20.2681,19.3057,15.6689,16.8821,15.6763,13.0285,11.7755,11.7755,11.7755,13.0285,14.3162,15.6038,14.7007
Central African Republic,Food Household Consumption,Emissions (CO2eq) from CH4 (AR5),kilotonnes,0.6272,0.6608,0.6608,0.6272,0.7812,0.8344,0.476,0.4536,0.4088,0.4312,0.4032,0.4088,0.4032,0.3808,0.364,0.364,0.364,0.3808,0.4116,0.4424,0.4572
Central African Republic,Food Household Consumption,Emissions (CO2eq) from N2O (AR5),kilotonnes,0.0795,0.0795,0.0795,0.0795,0.0795,0.0795,0.0795,0.0795,0.053,0.053,0.053,0.053,0.053,0.0265,0.0265,0.0265,0.0265,0.0265,0.053,0.053,0.0534
Central African Republic,Food Household Consumption,Emissions (CO2eq) (AR5),kilotonnes,21.6301,24.1071,24.1071,21.6301,21.8237,21.8901,23.0623,24.6557,20.7299,19.7899,16.1251,17.3439,16.1325,13.4358,12.166,12.166,12.166,13.4358,14.7808,16.0992,15.2113
Central African Republic,Food Transport,Emissions (CH4),kilotonnes,0.0046,0.0047,0.0047,0.0045,0.0043,0.0044,0.0046,0.0044,0.0045,0.0047,0.0047,0.0053,0.0057,0.0061,0.0061,0.0064,0.0068,0.0068,0.0071,0.0069,0.0071
Central African Republic,Food Transport,Emissions (N2O),kilotonnes,0.0002,0.0002,0.0002,0.0002,0.0002,0.0002,0.0002,0.0002,0.0002,0.0002,0.0003,0.0003,0.0003,0.0004,0.0004,0.0004,0.0004,0.0004,0.0004,0.0003,0.0003
Central African Republic,Food Transport,Emissions (CO2),kilotonnes,14.1785,14.6165,15.1575,14.4805,14.1595,14.8065,15.5835,15.6935,16.032,16.468,16.7755,17.4823,18.9265,19.9233,19.712,20.5864,21.446,21.3343,22.4452,22.2175,20.9316
Central African Republic,Food Transport,Emissions (CO2eq) from CH4 (AR5),kilotonnes,0.1288,0.1316,0.1316,0.126,0.1204,0.1232,0.1288,0.1232,0.126,0.1316,0.1316,0.1484,0.1596,0.1708,0.1708,0.1792,0.1904,0.1904,0.1988,0.1932,0.1997
Central African Republic,Food Transport,Emissions (CO2eq) from N2O (AR5),kilotonnes,0.053,0.053,0.053,0.053,0.053,0.053,0.053,0.053,0.053,0.053,0.0795,0.0795,0.0795,0.106,0.106,0.106,0.106,0.106,0.106,0.0795,0.0801
Central African Republic,Food Transport,Emissions (CO2eq) (AR5),kilotonnes,14.3603,14.8011,15.3421,14.6595,14.3329,14.9827,15.7653,15.8697,16.211,16.6526,16.9866,17.7102,19.1656,20.2001,19.9888,20.8716,21.7424,21.6307,22.75,22.4902,21.2114
Central African Republic,Energy,Emissions (CH4),kilotonnes,8.12,8.13,8.14,8.17,8.2,8.25,8.27,15.3,15.6,15.7,16.1,16.4,16.9,16.9,17,17.3,17.6,18.7,19.1,20.9,21.6
Central African Republic,Energy,Emissions (N2O),kilotonnes,0.106,0.106,0.107,0.107,0.107,0.108,0.108,0.119,0.119,0.12,0.12,0.121,0.124,0.123,0.122,0.123,0.124,0.128,0.128,0.131,0.132
Central African Republic,Energy,Emissions (CO2),kilotonnes,268,246,246,235,235,235,249,253,253,253,264,279,293,286,290,293,297,297,308,311,293
Central African Republic,Energy,Emissions (CO2eq) from CH4 (AR5),kilotonnes,227.36,227.64,227.92,228.76,229.6,231,231.56,428.4,436.8,439.6,450.8,459.2,473.2,473.2,476,484.4,492.8,523.6,534.8,585.2,604.8
Central African Republic,Energy,Emissions (CO2eq) from N2O (AR5),kilotonnes,28.09,28.09,28.355,28.355,28.355,28.62,28.62,31.535,31.535,31.8,31.8,32.065,32.86,32.595,32.33,32.595,32.86,33.92,33.92,34.715,34.98
Central African Republic,Energy,Emissions (CO2eq) (AR5),kilotonnes,523.45,501.73,502.275,492.115,492.955,494.62,509.18,712.935,721.335,724.4,746.6,770.265,799.06,791.795,798.33,809.995,822.66,854.52,876.72,930.915,932.78
Central African Republic,IPPU,Emissions (N2O),kilotonnes,0,0,0,0,0,0,0,0,0,0,0,0,0,0,0,0.0001,0.0001,0.0001,0.0001,0.0001,0.0001
Central African Republic,IPPU,Emissions (CO2),kilotonnes,18.9,19.3,19.6,19.3,20,20.2,20.5,20.8,20.9,21.1,21.2,21.3,21.4,21.7,21.6,21.5,21.5,21.5,21.5,22,22.1
Central African Republic,IPPU,Emissions (CO2eq) from N2O (AR5),kilotonnes,0.0109,0.0112,0.0114,0.0116,0.0118,0.012,0.0122,0.0125,0.0127,0.0128,0.013,0.013,0.0131,0.0131,0.0132,0.0133,0.0134,0.0136,0.0138,0.0139,0.014
Central African Republic,IPPU,Emissions (CO2eq) (AR5),kilotonnes,18.9109,19.3112,19.6114,19.3116,20.0118,20.212,20.5122,20.8125,20.9127,21.1128,21.213,21.313,21.4131,21.7131,21.6132,21.5132,21.5134,21.5136,21.5138,22.0139,22.114
Central African Republic,Waste,Emissions (CH4),kilotonnes,24,24.5,25.1,25.3,25.9,26.3,26.9,27.6,28.1,28.7,29.2,29.7,30,28.6,28.5,28.9,29.4,30,30.7,30.7,31
Central African Republic,Waste,Emissions (N2O),kilotonnes,0.111,0.114,0.116,0.118,0.12,0.122,0.127,0.132,0.137,0.142,0.147,0.15,0.15,0.143,0.137,0.131,0.133,0.134,0.138,0.143,0.144
Central African Republic,Waste,Emissions (CO2eq) from CH4 (AR5),kilotonnes,672,686,702.8,708.4,725.2,736.4,753.2,772.8,786.8,803.6,817.6,831.6,840,800.8,798,809.2,823.2,840,859.6,859.6,868
Central African Republic,Waste,Emissions (CO2eq) from N2O (AR5),kilotonnes,29.415,30.21,30.74,31.27,31.8,32.33,33.655,34.98,36.305,37.63,38.955,39.75,39.75,37.895,36.305,34.715,35.245,35.51,36.57,37.895,38.16
Central African Republic,Waste,Emissions (CO2eq) (AR5),kilotonnes,701.415,716.21,733.54,739.67,757,768.73,786.855,807.78,823.105,841.23,856.555,871.35,879.75,838.695,834.305,843.915,858.445,875.51,896.17,897.495,906.16
Central African Republic,Other,Emissions (N2O),kilotonnes,0.0605,0.0612,0.0617,0.0613,0.0615,0.0621,0.063,0.0807,0.0819,0.0826,0.084,0.0864,0.0883,0.0883,0.0881,0.0894,0.0911,0.094,0.0956,0.101,0.103
Central African Republic,Other,Emissions (CO2eq) from N2O (AR5),kilotonnes,16.0325,16.218,16.3505,16.2445,16.2975,16.4565,16.695,21.3855,21.7035,21.889,22.26,22.896,23.3995,23.3995,23.3465,23.691,24.1415,24.91,25.334,26.765,27.295
Central African Republic,Other,Emissions (CO2eq) (AR5),kilotonnes,16.0325,16.218,16.3505,16.2445,16.2975,16.4565,16.695,21.3855,21.7035,21.889,22.26,22.896,23.3995,23.3995,23.3465,23.691,24.1415,24.91,25.334,26.765,27.295
Central African Republic,Farm-gate emissions,Emissions (CH4),kilotonnes,441.9466,368.9681,326.5435,425.0904,375.5583,396.2983,399.582,408.6767,430.2259,343.8371,385.1222,413.0251,357.7702,382.2452,373.4009,379.765,412.4037,378.1659,388.5521,357.4122,379.7426
Central African Republic,Farm-gate emissions,Direct emissions (N2O),kilotonnes,4.826,4.9637,5.1036,5.25,5.3833,5.538,5.7087,6.0974,6.1063,6.2909,6.47,7.0358,7.1161,7.1668,7.2266,7.369,7.5306,7.4205,7.5587,7.718,7.8764
Central African Republic,Farm-gate emissions,Indirect emissions (N2O),kilotonnes,1.2109,1.2498,1.2895,1.3314,1.3674,1.411,1.458,1.5548,1.5932,1.6484,1.703,1.8665,1.8851,1.8957,1.9085,1.9455,1.9896,1.9649,2.0042,2.0504,2.0969
Central African Republic,Farm-gate emissions,Emissions (N2O),kilotonnes,35.6915,28.9142,24.9121,33.8221,29.1854,30.9027,31.0245,31.4448,33.6378,25.617,29.3178,31.2448,26.1451,28.2845,27.42,27.8817,30.7103,27.7103,28.5354,25.5678,27.4855
Central African Republic,Farm-gate emissions,Emissions (CO2),kilotonnes,35.3516,35.3829,35.432,35.0635,35.1016,35.0612,37.9954,39.4015,39.5635,39.4638,39.7099,43.0467,43.8588,43.1948,44.3319,45.1171,48.1056,49.1634,49.7295,60.1998,61.0619
Central African Republic,Farm-gate emissions,Emissions (CO2eq) from CH4 (AR5),kilotonnes,12374.5037,10331.108,9143.2186,11902.5299,10515.6335,11096.3535,11188.2951,11442.9482,12046.3244,9627.4399,10783.422,11564.7035,10017.5657,10702.8664,10455.2264,10633.4196,11547.3028,10588.6438,10879.4586,10007.5413,10632.7939
Central African Republic,Farm-gate emissions,Emissions (CO2eq) from N2O (AR5),kilotonnes,9458.2399,7662.2512,6601.712,8962.8435,7734.1211,8189.2112,8221.4955,8332.8699,8914.0169,6788.4932,7769.2285,8279.8754,6928.452,7495.3816,7266.3092,7388.6601,8138.2308,7343.2265,7561.8929,6775.4687,7283.6506
Central African Republic,Farm-gate emissions,Emissions (CO2eq) (AR5),kilotonnes,21868.0952,18028.7421,15780.3626,20900.4368,18284.8563,19320.6259,19447.786,19815.2195,20999.9048,16455.3969,18592.3605,19887.6257,16989.8764,18241.4428,17765.8675,18067.1968,19733.6392,17981.0338,18491.0809,16843.2098,17977.5064
Central African Republic,Land Use change,Emissions (CH4),kilotonnes,133.6721,407.4631,359.2092,576.7162,373.3158,502.3065,473.1421,520.9437,487.5791,336.5044,463.3929,494.2254,447.5418,387.8523,328.6157,368.6579,498.7,420.3342,405.6644,401.6457,375.3142
Central African Republic,Land Use change,Emissions (N2O),kilotonnes,3.9315,37.2031,32.7974,52.6567,34.0854,45.8628,43.1999,47.5644,44.5181,30.7243,42.3098,45.1249,40.8625,35.4126,30.004,33.6601,45.5335,38.3783,37.0389,36.672,34.2678
Central African Republic,Land Use change,Emissions (CO2),kilotonnes,13917.2,13917.2,13917.2,13917.2,13917.2,13917.2,13917.2,13917.2,13917.2,13917.2,13917.2,13917.2,13917.2,13917.2,13917.2,13917.2,13917.2,13917.2,13917.2,13917.2,13917.2
Central African Republic,Land Use change,Emissions (CO2eq) from CH4 (AR5),kilotonnes,3742.8174,11408.9659,10057.8584,16148.0526,10452.8428,14064.5817,13247.9775,14586.4225,13652.2147,9422.1236,12975.0014,13838.312,12531.1694,10859.8646,9201.2398,10322.4204,13963.5991,11769.3578,11358.6029,11246.0786,10508.7967
Central African Republic,Land Use change,Emissions (CO2eq) from N2O (AR5),kilotonnes,1041.8557,9858.8347,8691.3015,13954.0238,9032.6196,12153.6331,11447.9805,12604.5716,11797.2943,8141.9438,11212.0936,11958.1066,10828.5649,9384.3395,7951.0714,8919.9176,12066.371,10170.2603,9815.3145,9718.0788,9080.971
Central African Republic,Land Use change,Emissions (CO2eq) (AR5),kilotonnes,18701.8731,35185.0005,32666.3599,44019.2764,33402.6623,40135.4149,38613.158,41108.1941,39366.709,31481.2674,38104.295,39713.6186,37276.9343,34161.4041,31069.5112,33159.5381,39947.1701,35856.8181,35091.1174,34881.3573,33506.9677
Central African Republic,Emissions on agricultural land,Emissions (CH4),kilotonnes,575.6186,776.4312,685.7527,1001.8065,748.8742,898.6048,872.724,929.6204,917.805,680.3416,848.5151,907.2506,805.312,770.0975,702.0167,748.4229,911.1036,798.5001,794.2165,759.0579,755.0568
Central African Republic,Emissions on agricultural land,Emissions (N2O),kilotonnes,39.623,66.1173,57.7095,86.4787,63.2707,76.7655,74.2244,79.0092,78.1559,56.3413,71.6276,76.3697,67.0076,63.6971,57.4241,61.5418,76.2438,66.0886,65.5744,62.2398,61.7533
Central African Republic,Emissions on agricultural land,Emissions (CO2),kilotonnes,13952.5516,13952.5829,13952.632,13952.2635,13952.3016,13952.2612,13955.1954,13956.6015,13956.7635,13956.6638,13956.9099,13960.2467,13961.0588,13960.3948,13961.5319,13962.3171,13965.3056,13966.3634,13966.9295,13977.3998,13978.2619
Central African Republic,Emissions on agricultural land,Emissions (CO2eq) from CH4 (AR5),kilotonnes,16117.3212,21740.0739,19201.077,28050.5825,20968.4763,25160.9352,24436.2725,26029.3707,25698.5392,19049.5635,23758.4235,25403.0155,22548.7351,21562.7309,19656.4662,20955.84,25510.9019,22358.0016,22238.0615,21253.6198,21141.5906
Central African Republic,Emissions on agricultural land,Emissions (CO2eq) from N2O (AR5),kilotonnes,10500.0956,17521.0859,15293.0135,22916.8673,16766.7407,20342.8443,19669.476,20937.4415,20711.3111,14930.4369,18981.3221,20237.982,17757.0169,16879.7212,15217.3805,16308.5777,20204.6018,17513.4868,17377.2074,16493.5475,16364.6216
Central African Republic,Emissions on agricultural land,Emissions (CO2eq) (AR5),kilotonnes,40569.9684,53213.7427,48446.7226,64919.7132,51687.5186,59456.0408,58060.9439,60923.4136,60366.6138,47936.6643,56696.6555,59601.2442,54266.8107,52402.8469,48835.3786,51226.7348,59680.8092,53837.8519,53582.1984,51724.5671,51484.4741
Central African Republic,Pre- and post- production,Emissions (CH4),kilotonnes,18.1996,18.2877,18.4,18.4964,18.672,18.8203,18.9624,19.1437,19.3195,19.4607,19.5808,19.7101,19.7743,19.7307,19.529,19.5274,19.5952,19.7012,19.8263,19.9394,20.0626
Central African Republic,Pre- and post- production,Emissions (N2O),kilotonnes,0.0632,0.0653,0.0679,0.0673,0.0699,0.0718,0.075,0.0779,0.0803,0.0827,0.0865,0.0869,0.0858,0.0758,0.0746,0.074,0.0754,0.0768,0.078,0.079,0.0803
Central African Republic,Pre- and post- production,Emissions (CO2),kilotonnes,35.1962,38.0706,38.6186,35.4884,35.2149,35.886,38.5712,40.6059,37.0399,36.6889,33.4608,35.5556,36.8951,34.9671,33.5811,34.438,34.9433,35.7567,38.1565,39.3264,37.0503
Central African Republic,Pre- and post- production,Emissions (CO2eq) from CH4 (AR5),kilotonnes,509.59,512.0568,515.1997,517.8992,522.8163,526.9679,530.9465,536.0246,540.9454,544.9005,548.2635,551.8821,553.6813,552.4605,546.811,546.7676,548.6657,551.6329,555.1372,558.3034,561.7514
Central African Republic,Pre- and post- production,Emissions (CO2eq) from N2O (AR5),kilotonnes,16.7354,17.304,17.9959,17.8241,18.5276,19.0341,19.8652,20.6538,21.2724,21.9198,22.9329,23.0252,22.7379,20.0841,19.7561,19.6045,19.9746,20.3576,20.6727,20.9462,21.2717
Central African Republic,Pre- and post- production,Emissions (CO2eq) (AR5),kilotonnes,561.5215,567.4314,571.8142,571.2117,576.5588,581.888,589.3829,597.2843,599.2577,603.5092,604.6572,610.463,613.3143,607.5117,600.1482,600.8101,603.5836,607.7471,613.9663,618.576,620.0734
Central African Republic,Agri-food systems,Emissions (CH4),kilotonnes,593.8183,794.719,704.1527,1020.3029,767.5462,917.4251,891.6864,948.7641,937.1244,699.8023,868.096,926.9606,825.0863,789.8283,721.5456,767.9503,930.6988,818.2012,814.0428,778.9973,775.1194
Central African Republic,Agri-food systems,Emissions (N2O),kilotonnes,39.6862,66.1826,57.7774,86.546,63.3406,76.8373,74.2994,79.0872,78.2362,56.424,71.7142,76.4566,67.0934,63.7729,57.4986,61.6158,76.3192,66.1655,65.6524,62.3188,61.8336
Central African Republic,Agri-food systems,Emissions (CO2),kilotonnes,13987.7478,13990.6535,13991.2506,13987.7519,13987.5165,13988.1472,13993.7666,13997.2074,13993.8034,13993.3527,13990.3707,13995.8023,13997.9539,13995.3619,13995.113,13996.7551,14000.2489,14002.1201,14005.086,14016.7262,14015.3122
Central African Republic,Agri-food systems,Emissions (CO2eq) from CH4 (AR5),kilotonnes,16626.9111,22252.1307,19716.2767,28568.4817,21491.2926,25687.9031,24967.2191,26565.3953,26239.4846,19594.464,24306.687,25954.8976,23102.4164,22115.1914,20203.2772,21502.6076,26059.5676,22909.6345,22793.1987,21811.9232,21703.342
Central African Republic,Agri-food systems,Emissions (CO2eq) from N2O (AR5),kilotonnes,10516.831,17538.3899,15311.0094,22934.6914,16785.2683,20361.8784,19689.3412,20958.0952,20732.5835,14952.3567,19004.255,20261.0073,17779.7548,16899.8053,15237.1366,16328.1822,20224.5763,17533.8444,17397.88,16514.4937,16385.8933
Central African Republic,Agri-food systems,Emissions (CO2eq) (AR5),kilotonnes,41131.4899,53781.1741,49018.5368,65490.9249,52264.0774,60037.9288,58650.3269,61520.6979,60965.8715,48540.1734,57301.3127,60211.7072,54880.125,53010.3586,49435.5268,51827.5449,60284.3928,54445.599,54196.1647,52343.1431,52104.5475
Central African Republic,IPCC Agriculture,Emissions (CH4),kilotonnes,441.9463,368.9679,326.5432,425.0901,375.5581,396.2981,399.5817,408.6764,430.2256,343.8369,385.1219,413.0248,357.7699,382.245,373.4007,379.7647,412.4034,378.1655,388.5518,357.4118,379.7423
Central African Republic,IPCC Agriculture,Emissions (CH4),kilotonnes,,,,1402.83,1402.83,1402.83,450,450,450,231.76,231.76,,,,,,,,,,
Central African Republic,IPCC Agriculture,Direct emissions (N2O),kilotonnes,4.826,4.9637,5.1036,5.25,5.3833,5.538,5.7087,6.0974,6.1063,6.2909,6.47,7.0358,7.1161,7.1668,7.2266,7.369,7.5306,7.4205,7.5587,7.718,7.8764
Central African Republic,IPCC Agriculture,Indirect emissions (N2O),kilotonnes,1.2109,1.2498,1.2895,1.3314,1.3674,1.411,1.458,1.5548,1.5932,1.6484,1.703,1.8665,1.8851,1.8957,1.9085,1.9455,1.9896,1.9649,2.0042,2.0504,2.0969
Central African Republic,IPCC Agriculture,Emissions (N2O),kilotonnes,35.6915,28.9142,24.9121,33.822,29.1854,30.9027,31.0245,31.4448,33.6378,25.617,29.3178,31.2448,26.1451,28.2845,27.42,27.8817,30.7103,27.7103,28.5354,25.5678,27.4855
Central African Republic,IPCC Agriculture,Emissions (N2O),kilotonnes,,,,8.19,8.19,8.19,,,,,,,,,,,,,,,
Central African Republic,IPCC Agriculture,Emissions (CO2eq) from CH4 (AR5),kilotonnes,12374.4962,10331.1004,9143.2109,11902.523,10515.6266,11096.3466,11188.2873,11442.9401,12046.317,9627.4327,10783.4144,11564.6956,10017.5579,10702.86,10455.2202,10633.4117,11547.295,10588.6346,10879.4491,10007.5311,10632.7837
Central African Republic,IPCC Agriculture,Emissions (CO2eq) from CH4 (AR5),kilotonnes,,,,39279.24,39279.24,39279.24,12600,12600,12600,6489.28,6489.28,,,,,,,,,,
Central African Republic,IPCC Agriculture,Emissions (CO2eq) from N2O (AR5),kilotonnes,9458.2385,7662.2498,6601.7105,8962.8422,7734.1198,8189.2099,8221.494,8332.8683,8914.0155,6788.4918,7769.2271,8279.874,6928.4505,7495.3804,7266.308,7388.6586,8138.2293,7343.2248,7561.8911,6775.4668,7283.6486
Central African Republic,IPCC Agriculture,Emissions (CO2eq) from N2O (AR5),kilotonnes,,,,2170.35,2170.35,2170.35,,,,,,,,,,,,,,,
Central African Republic,IPCC Agriculture,Emissions (CO2eq) (AR5),kilotonnes,21832.7347,17993.3502,15744.9214,20865.3652,18249.7464,19285.5565,19409.7813,19775.8085,20960.3324,16415.9245,18552.6415,19844.5695,16946.0084,18198.2405,17721.5283,18022.0703,19685.5243,17931.8594,18441.3402,16782.9979,17916.4324
Central African Republic,IPCC Agriculture,Emissions (CO2eq) (AR5),kilotonnes,,,,41449.59,41449.59,41449.59,12600,12600,12600,6489.28,6489.28,,,,,,,,,,
Central African Republic,Agricultural Soils,Direct emissions (N2O),kilotonnes,4.826,4.9637,5.1036,5.25,5.3833,5.538,5.7087,6.0974,6.1063,6.2909,6.47,7.0358,7.1161,7.1668,7.2266,7.369,7.5306,7.4205,7.5587,7.718,7.8764
Central African Republic,Agricultural Soils,Indirect emissions (N2O),kilotonnes,1.2109,1.2498,1.2895,1.3314,1.3674,1.411,1.458,1.5548,1.5932,1.6484,1.703,1.8665,1.8851,1.8957,1.9085,1.9455,1.9896,1.9649,2.0042,2.0504,2.0969
Central African Republic,Agricultural Soils,Emissions (N2O),kilotonnes,6.0419,6.2185,6.3981,6.5864,6.7557,6.9539,7.1721,7.6578,7.7052,7.9449,8.1786,8.9085,9.0074,9.0687,9.1416,9.321,9.5271,9.3924,9.57,9.777,9.9821
Central African Republic,Agricultural Soils,Emissions (N2O),kilotonnes,,,,,,,,,,,,,,,,,,,,,
Central African Republic,Agricultural Soils,Emissions (CO2eq) from N2O (AR5),kilotonnes,1601.1072,1647.8993,1695.5023,1745.3968,1790.2563,1842.7799,1900.5941,2029.3051,2041.8688,2105.4052,2167.3378,2360.7476,2386.968,2403.2149,2422.5194,2470.0576,2524.6819,2488.9926,2536.049,2590.9075,2645.2503
Central African Republic,Agricultural Soils,Emissions (CO2eq) from N2O (AR5),kilotonnes,,,,,,,,,,,,,,,,,,,,,
Central African Republic,Agricultural Soils,Emissions (CO2eq) (AR5),kilotonnes,1601.1072,1647.8993,1695.5023,1745.3968,1790.2563,1842.7799,1900.5941,2029.3051,2041.8688,2105.4052,2167.3378,2360.7476,2386.968,2403.2149,2422.5194,2470.0576,2524.6819,2488.9926,2536.049,2590.9075,2645.2503
Central African Republic,Agricultural Soils,Emissions (CO2eq) (AR5),kilotonnes,,,,,,,,,,,,,,,,,,,,,
Central African Republic,LULUCF,Emissions (CH4),kilotonnes,163.276,424.075,376.5324,595.6004,390.2598,520.824,491.6521,538.1429,503.304,351.1489,481.3256,511.0034,465.98,404.0257,344.7049,384.7792,515.644,435.504,422.6332,417.4474,393.18
Central African Republic,LULUCF,Emissions (CH4),kilotonnes,,,,723.84,723.84,723.84,723.84,723.84,723.84,723.84,723.84,,,,,,,,,,
Central African Republic,LULUCF,Emissions (N2O),kilotonnes,4.8022,38.7199,34.379,54.3809,35.6324,47.5535,44.89,49.1348,45.9538,32.0614,43.9471,46.6568,42.546,36.8893,31.4731,35.132,47.0805,39.7634,38.5882,38.1148,35.899
Central African Republic,LULUCF,Emissions (N2O),kilotonnes,,,,17.6,17.6,17.6,17.6,17.6,17.6,17.6,17.6,,,,,,,,,,
Central African Republic,LULUCF,Emissions (CO2),kilotonnes,13949.1646,13949.1646,13949.1646,13949.1646,13949.1646,13949.1646,13951.6782,13952.9714,13953.4024,13953.4024,13953.4775,13956.6794,13957.5414,13957.5414,13958.762,13958.762,13961.7792,13962.2103,13962.6414,13972.8081,13973.6702
Central African Republic,LULUCF,Emissions (CO2),kilotonnes,,,,-1766581.64,-1766581.64,-1766581.64,-1766581.64,-1766581.64,-1766581.64,-1766581.64,-1766581.64,,,,,,,,,,
Central African Republic,LULUCF,Emissions (CO2eq) from CH4 (AR5),kilotonnes,4571.7286,11874.1012,10542.9062,16676.8115,10927.2755,14583.0716,13766.2589,15068.0015,14092.5117,9832.1695,13477.1175,14308.0962,13047.4391,11312.72,9651.7358,10773.8184,14438.0324,12194.113,11833.7298,11688.527,11009.0408
Central African Republic,LULUCF,Emissions (CO2eq) from N2O (AR5),kilotonnes,1272.5925,10260.7722,9110.4461,14410.9403,9442.5913,12601.676,11895.8433,13020.7187,12177.7682,8496.2769,11645.9874,12364.0614,11274.6892,9775.6657,8340.3587,9309.9844,12476.3432,10537.3041,10225.8861,10100.4119,9513.2472
Central African Republic,LULUCF,Emissions (CO2eq) (AR5),kilotonnes,19793.4858,36084.038,33602.5169,45036.9164,34319.0315,41133.9122,39613.7805,42041.6916,40223.6823,32281.8488,39076.5824,40628.837,38279.6697,35045.9271,31950.8565,34042.5648,40876.1549,36693.6275,36022.2573,35761.747,34495.9583
Central African Republic,LULUCF,Emissions (CO2eq) (AR5),kilotonnes,,,,-1766581.64,-1766581.64,-1766581.64,-1766581.64,-1766581.64,-1766581.64,-1766581.64,-1766581.64,,,,,,,,,,
Central African Republic,AFOLU,Emissions (CH4),kilotonnes,605.2223,793.0429,703.0756,1020.6905,765.8179,917.1221,891.2338,946.8193,933.5296,694.9858,866.4476,924.0283,823.7499,786.2707,718.1056,764.5439,928.0474,813.6696,811.185,774.8592,772.9223
Central African Republic,AFOLU,Emissions (N2O),kilotonnes,40.4937,67.634,59.2912,88.203,64.8178,78.4562,75.9145,80.5796,79.5916,57.6784,73.265,77.9016,68.6911,65.1738,58.8931,63.0137,77.7908,67.4737,67.1237,63.6826,63.3845
Central African Republic,AFOLU,Emissions (CO2),kilotonnes,13949.1646,13949.1646,13949.1646,13949.1646,13949.1646,13949.1646,13951.6782,13952.9714,13953.4024,13953.4024,13953.4775,13956.6794,13957.5414,13957.5414,13958.762,13958.762,13961.7792,13962.2103,13962.6414,13972.8081,13973.6702
Central African Republic,AFOLU,Emissions (CO2eq) from CH4 (AR5),kilotonnes,16946.2249,22205.2016,19686.117,28579.3344,21442.9021,25679.4182,24954.5462,26510.9416,26138.8286,19459.6022,24260.5319,25872.7918,23064.997,22015.58,20106.9561,21407.2302,25985.3274,22782.7476,22713.1789,21696.058,21641.8246
Central African Republic,AFOLU,Emissions (CO2eq) from N2O (AR5),kilotonnes,10730.831,17923.022,15712.1566,23373.7826,17176.7111,20790.8859,20117.3373,21353.5871,21091.7837,15284.7687,19415.2145,20643.9354,18203.1397,17271.0461,15606.6667,16698.643,20614.5725,17880.5289,17787.7772,16875.8787,16796.8959
Central African Republic,AFOLU,Emissions (CO2eq) (AR5),kilotonnes,41626.2205,54077.3882,49347.4383,65902.2817,52568.7778,60419.4687,59023.5618,61817.5001,61184.0148,48697.7733,57629.2239,60473.4065,55225.6781,53244.1676,49672.3848,52064.6352,60561.6792,54625.4869,54463.5975,52544.7449,52412.3907
Central African Republic,All sectors with LULUCF,Emissions (CH4),kilotonnes,637.3423,825.6729,736.3156,1054.1605,799.9179,951.6721,926.4038,989.7193,977.2296,739.3858,911.7476,970.1283,870.6499,831.7707,763.6056,810.7439,975.0474,862.3696,860.985,826.4592,825.5223
Central African Republic,All sectors with LULUCF,Emissions (N2O),kilotonnes,40.7712,67.9153,59.5759,88.4893,65.1063,78.7483,76.2125,80.9113,79.9296,58.023,73.616,78.2591,69.0534,65.5281,59.2402,63.3572,78.139,67.8297,67.4853,64.0576,63.7636
Central African Republic,All sectors with LULUCF,Emissions (CO2),kilotonnes,14236.0646,14214.4646,14214.7646,14203.4646,14204.1646,14204.3646,14221.1782,14226.7714,14227.3024,14227.5024,14238.6775,14256.9794,14271.9414,14265.2414,14270.362,14273.262,14280.2792,14280.7103,14292.1414,14305.8081,14288.7702
Central African Republic,All sectors with LULUCF,Emissions (CO2eq) from CH4 (AR5),kilotonnes,17845.5849,23118.8416,20616.837,29516.4944,22397.7021,26646.8182,25939.3062,27712.1416,27362.4286,20702.8022,25528.9319,27163.5918,24378.197,23289.58,21380.9561,22700.8302,27301.3274,24146.3476,24107.5789,23140.858,23114.6246
Central African Republic,All sectors with LULUCF,Emissions (CO2eq) from N2O (AR5),kilotonnes,10804.3795,17997.5512,15787.6135,23449.6637,17253.1754,20868.3044,20196.3196,21441.5,21181.3399,15376.1005,19508.2424,20738.6594,18299.1623,17364.9487,15698.6614,16789.6572,20706.8324,17974.8825,17883.615,16975.2676,16897.3449
Central African Republic,All sectors with LULUCF,Emissions (CO2eq) (AR5),kilotonnes,42886.029,55330.8574,50619.2152,67169.6228,53855.0422,61719.4873,60356.804,63380.4131,62771.0709,50306.4052,59275.8519,62159.2305,56949.3007,54919.7702,51349.9795,53763.7494,62288.4391,56401.9404,56283.3353,54421.9338,54300.7397
Central African Republic,All sectors without LULUCF,Emissions (CH4),kilotonnes,474.0663,401.5979,359.7832,458.5601,409.6581,430.8481,434.7517,451.5764,473.9256,388.2369,430.4219,459.1248,404.6699,427.745,418.9007,425.9647,459.4034,426.8655,438.3518,409.0118,432.3423
Central African Republic,All sectors without LULUCF,Emissions (N2O),kilotonnes,35.969,29.1954,25.1969,34.1084,29.4739,31.1948,31.3226,31.7765,33.9757,25.9616,29.6689,31.6023,26.5074,28.6388,27.7672,28.2252,31.0584,28.0663,28.8971,25.9429,27.8645
Central African Republic,All sectors without LULUCF,Emissions (CO2),kilotonnes,286.9,265.3,265.6,254.3,255,255.2,269.5,273.8,273.9,274.1,285.2,300.3,314.4,307.7,311.6,314.5,318.5,318.5,329.5,333,315.1
Central African Republic,All sectors without LULUCF,Emissions (CO2eq) from CH4 (AR5),kilotonnes,13273.8562,11244.7404,10073.9309,12839.683,11470.4266,12063.7466,12173.0473,12644.1401,13269.917,10870.6327,12051.8144,12855.4956,11330.7579,11976.86,11729.2202,11927.0117,12863.295,11952.2346,12273.8491,11452.3311,12105.5837
Central African Republic,All sectors without LULUCF,Emissions (CO2eq) from N2O (AR5),kilotonnes,9531.7869,7736.779,6677.1674,9038.7233,7810.5841,8266.6284,8300.4763,8420.7813,9003.5716,6879.8236,7862.255,8374.598,7024.4731,7589.2831,7358.3027,7479.6728,8230.4892,7437.5784,7657.7289,6874.8557,7384.0976
Central African Republic,All sectors without LULUCF,Emissions (CO2eq) (AR5),kilotonnes,23092.5431,19246.8194,17016.6983,22132.7063,19536.0107,20585.5751,20743.0236,21338.7214,22547.3886,18024.5563,20199.2695,21530.3936,18669.631,19873.8431,19399.1229,19721.1846,21412.2842,19708.313,20261.078,18660.1868,19804.7814
Chad,Crop Residues,Direct emissions (N2O),kilotonnes,0.2793,0.3578,0.3155,0.3776,0.2891,0.3995,0.4435,0.3955,0.4301,0.3926,0.6283,0.4452,0.664,0.5971,0.6051,0.5644,0.646,0.6193,0.6447,0.635,0.6326
Chad,Crop Residues,Indirect emissions (N2O),kilotonnes,0.0629,0.0805,0.071,0.085,0.0651,0.0899,0.0998,0.089,0.0968,0.0883,0.1414,0.1002,0.1494,0.1343,0.1362,0.127,0.1454,0.1393,0.1451,0.1429,0.1423
Chad,Crop Residues,Emissions (N2O),kilotonnes,0.3422,0.4383,0.3865,0.4626,0.3542,0.4894,0.5433,0.4844,0.5268,0.4809,0.7697,0.5453,0.8134,0.7314,0.7413,0.6914,0.7914,0.7586,0.7898,0.7779,0.7749
Chad,Crop Residues,Emissions (CO2eq) from N2O (AR5),kilotonnes,90.6833,116.1615,102.4303,122.589,93.8622,129.6905,143.965,128.3762,139.6052,127.4328,203.9622,144.5176,215.5632,193.8204,196.4387,183.2323,209.7153,201.0311,209.2933,206.1396,205.3483
Chad,Crop Residues,Emissions (CO2eq) (AR5),kilotonnes,90.6833,116.1615,102.4303,122.589,93.8622,129.6905,143.965,128.3762,139.6052,127.4328,203.9622,144.5176,215.5632,193.8204,196.4387,183.2323,209.7153,201.0311,209.2933,206.1396,205.3483
Chad,Rice Cultivation,Emissions (CH4),kilotonnes,6.2698,6.1018,7.2662,7.4388,6.5694,7.6877,7.6653,5.9637,7.7598,8.7296,9.7118,8.4554,10.1892,15.2438,13.5602,12.0408,12.7683,13.372,13.0077,13.4629,13.2426
Chad,Rice Cultivation,Emissions (CO2eq) from CH4 (AR5),kilotonnes,175.5533,170.8493,203.4539,208.2853,183.9421,215.255,214.6278,166.9842,217.2738,244.4277,271.9304,236.7504,285.2976,426.8272,379.6853,337.1435,357.5118,374.4168,364.217,376.9609,370.7928
Chad,Rice Cultivation,Emissions (CO2eq) (AR5),kilotonnes,175.5533,170.8493,203.4539,208.2853,183.9421,215.255,214.6278,166.9842,217.2738,244.4277,271.9304,236.7504,285.2976,426.8272,379.6853,337.1435,357.5118,374.4168,364.217,376.9609,370.7928
Chad,Burning - Crop residues,Emissions (CH4),kilotonnes,0.3707,0.6774,0.482,0.5174,0.4884,0.6694,0.6371,0.6704,0.8113,0.7698,0.9273,0.8494,1.1274,1.2512,1.0682,1.0873,1.2212,1.1989,1.2079,1.1812,1.2043
Chad,Burning - Crop residues,Emissions (CH4),kilotonnes,0.4,,,,,,,,,,,,,,,,,,,,
Chad,Burning - Crop residues,Emissions (N2O),kilotonnes,0.0096,0.0176,0.0125,0.0134,0.0127,0.0174,0.0165,0.0174,0.021,0.02,0.024,0.022,0.0292,0.0324,0.0277,0.0282,0.0317,0.0311,0.0313,0.0306,0.0312
Chad,Burning - Crop residues,Emissions (N2O),kilotonnes,0.01,,,,,,,,,,,,,,,,,,,,
Chad,Burning - Crop residues,Emissions (CO2eq) from CH4 (AR5),kilotonnes,10.38,18.9669,13.495,14.4865,13.6764,18.7443,17.8382,18.7712,22.7166,21.5543,25.9633,23.7842,31.5675,35.0336,29.9091,30.4439,34.1925,33.5681,33.8209,33.0727,33.7208
Chad,Burning - Crop residues,Emissions (CO2eq) from CH4 (AR5),kilotonnes,11.2,,,,,,,,,,,,,,,,,,,,
Chad,Burning - Crop residues,Emissions (CO2eq) from N2O (AR5),kilotonnes,2.5469,4.6539,3.3113,3.5545,3.3558,4.5993,4.377,4.6059,5.574,5.2888,6.3706,5.8359,7.7457,8.5962,7.3388,7.47,8.3898,8.2366,8.2987,8.1151,8.2741
Chad,Burning - Crop residues,Emissions (CO2eq) from N2O (AR5),kilotonnes,2.65,,,,,,,,,,,,,,,,,,,,
Chad,Burning - Crop residues,Emissions (CO2eq) (AR5),kilotonnes,12.9269,23.6208,16.8062,18.041,17.0322,23.3436,22.2151,23.377,28.2906,26.8431,32.3339,29.6201,39.3133,43.6298,37.2479,37.9139,42.5824,41.8047,42.1196,41.1878,41.9949
Chad,Burning - Crop residues,Emissions (CO2eq) (AR5),kilotonnes,13.85,,,,,,,,,,,,,,,,,,,,
Chad,Enteric Fermentation,Emissions (CH4),kilotonnes,588.8441,623.5607,659.43,697.4322,737.6828,780.1421,825.1432,875.2588,926.0909,979.8918,1038.0617,1097.0623,1160.7508,1228.1713,1299.9884,1413.6521,1494.1088,1582.4877,1676.4088,1774.8845,1880.0218
Chad,Enteric Fermentation,Emissions (CH4),kilotonnes,251.34,,,,,,,,,,,,,,,,,,,,
Chad,Enteric Fermentation,Emissions (CO2eq) from CH4 (AR5),kilotonnes,16487.6346,17459.7001,18464.0387,19528.1026,20655.1177,21843.9786,23104.0108,24507.2468,25930.5463,27436.9717,29065.7286,30717.7442,32501.023,34388.7968,36399.675,39582.2578,41835.0456,44309.6545,46939.4474,49696.7667,52640.6105
Chad,Enteric Fermentation,Emissions (CO2eq) from CH4 (AR5),kilotonnes,7037.52,,,,,,,,,,,,,,,,,,,,
Chad,Enteric Fermentation,Emissions (CO2eq) (AR5),kilotonnes,16487.6346,17459.7001,18464.0387,19528.1026,20655.1177,21843.9786,23104.0108,24507.2468,25930.5463,27436.9717,29065.7286,30717.7442,32501.023,34388.7968,36399.675,39582.2578,41835.0456,44309.6545,46939.4474,49696.7667,52640.6105
Chad,Enteric Fermentation,Emissions (CO2eq) (AR5),kilotonnes,7037.52,,,,,,,,,,,,,,,,,,,,
Chad,Manure Management,Emissions (CH4),kilotonnes,23.1776,24.6363,26.0693,27.589,29.2056,30.895,32.6882,34.898,36.9876,39.1389,41.4341,43.8589,46.4289,49.1525,52.0863,59.2462,62.821,66.5938,70.6096,74.8698,79.3866
Chad,Manure Management,Emissions (CH4),kilotonnes,10.35,,,,,,,,,,,,,,,,,,,,
Chad,Manure Management,Emissions (N2O),kilotonnes,0.2379,0.2541,0.2694,0.2858,0.3033,0.3219,0.3411,0.3665,0.406,0.4202,0.4425,0.4641,0.4874,0.513,0.5447,0.5728,0.609,0.6371,0.6722,0.7081,0.7456
Chad,Manure Management,Emissions (CO2eq) from CH4 (AR5),kilotonnes,648.9728,689.8156,729.9393,772.4927,817.757,865.0612,915.2694,977.1429,1035.6519,1095.8901,1160.1541,1228.0479,1300.0093,1376.2706,1458.4155,1658.894,1758.9885,1864.6258,1977.0682,2096.3543,2222.8239
Chad,Manure Management,Emissions (CO2eq) from CH4 (AR5),kilotonnes,289.8,,,,,,,,,,,,,,,,,,,,
Chad,Manure Management,Emissions (CO2eq) from N2O (AR5),kilotonnes,63.0553,67.3284,71.3841,75.7461,80.3794,85.3024,90.3884,97.1147,107.5796,111.3452,117.2669,122.9929,129.1615,135.9526,144.3448,151.7983,161.3953,168.8236,178.1215,187.6516,197.5723
Chad,Manure Management,Emissions (CO2eq) (AR5),kilotonnes,712.0281,757.144,801.3235,848.2389,898.1364,950.3636,1005.6578,1074.2576,1143.2315,1207.2353,1277.4211,1351.0407,1429.1708,1512.2232,1602.7603,1810.6923,1920.3837,2033.4494,2155.1897,2284.0058,2420.3962
Chad,Manure Management,Emissions (CO2eq) (AR5),kilotonnes,289.8,,,,,,,,,,,,,,,,,,,,
Chad,Manure left on Pasture,Direct emissions (N2O),kilotonnes,20.231,21.4018,22.6083,23.8858,25.2384,26.6626,28.1707,29.8512,31.5494,33.3476,35.2829,37.2567,39.3792,41.6254,44.0147,47.801,50.4838,53.4166,56.5267,59.7897,63.2648
Chad,Manure left on Pasture,Indirect emissions (N2O),kilotonnes,5.5971,5.9374,6.2848,6.6534,7.0447,7.4569,7.8945,8.3945,8.8908,9.4176,9.9831,10.5668,11.1932,11.8573,12.5667,13.8329,14.6496,15.5361,16.4786,17.4726,18.5323
Chad,Manure left on Pasture,Emissions (N2O),kilotonnes,25.8281,27.3391,28.8931,30.5392,32.2831,34.1195,36.0652,38.2457,40.4403,42.7651,45.266,47.8235,50.5723,53.4827,56.5814,61.6339,65.1333,68.9527,73.0053,77.2623,81.7972
Chad,Manure left on Pasture,Emissions (CO2eq) from N2O (AR5),kilotonnes,6844.4363,7244.8737,7656.6735,8092.8783,8555.0259,9041.6713,9557.2751,10135.1099,10716.6695,11332.7627,11995.4875,12673.2227,13401.6694,14172.9098,14994.0715,16332.9845,17260.3286,18272.4707,19346.394,20474.5101,21676.2464
Chad,Manure left on Pasture,Emissions (CO2eq) (AR5),kilotonnes,6844.4363,7244.8737,7656.6735,8092.8783,8555.0259,9041.6713,9557.2751,10135.1099,10716.6695,11332.7627,11995.4875,12673.2227,13401.6694,14172.9098,14994.0715,16332.9845,17260.3286,18272.4707,19346.394,20474.5101,21676.2464
Chad,Manure applied to Soils,Direct emissions (N2O),kilotonnes,0.2894,0.3069,0.3238,0.3419,0.3611,0.3813,0.4025,0.429,0.462,0.4832,0.5141,0.5349,0.5622,0.5917,0.6255,0.6941,0.7232,0.7619,0.806,0.8477,0.8943
Chad,Manure applied to Soils,Indirect emissions (N2O),kilotonnes,0.123,0.1304,0.1376,0.1453,0.1535,0.1621,0.171,0.1823,0.1964,0.2053,0.2185,0.2273,0.239,0.2515,0.2658,0.295,0.3074,0.3238,0.3426,0.3603,0.3801
Chad,Manure applied to Soils,Emissions (N2O),kilotonnes,0.4124,0.4373,0.4614,0.4872,0.5146,0.5434,0.5735,0.6114,0.6584,0.6885,0.7326,0.7623,0.8012,0.8432,0.8913,0.9891,1.0306,1.0857,1.1486,1.2079,1.2744
Chad,Manure applied to Soils,Emissions (CO2eq) from N2O (AR5),kilotonnes,109.2867,115.8803,122.2827,129.1007,136.367,143.9881,151.9792,162.0185,174.4796,182.4498,194.1296,201.9994,212.3156,223.4582,236.188,262.1206,273.1006,287.7129,304.3711,320.1037,337.7224
Chad,Manure applied to Soils,Emissions (CO2eq) (AR5),kilotonnes,109.2867,115.8803,122.2827,129.1007,136.367,143.9881,151.9792,162.0185,174.4796,182.4498,194.1296,201.9994,212.3156,223.4582,236.188,262.1206,273.1006,287.7129,304.3711,320.1037,337.7224
Chad,Drained organic soils,Emissions (CO2eq) (AR5),kilotonnes,0,0,0,0,0,0,0,0,0,0,0,0,0,0,0,0,0,0,0,0,0
Chad,Drained organic soils (CO2),Emissions (CO2),kilotonnes,0,0,0,0,0,0,0,0,0,0,0,0,0,0,0,0,0,0,0,0,0
Chad,Drained organic soils (CO2),Emissions (CO2eq) (AR5),kilotonnes,0,0,0,0,0,0,0,0,0,0,0,0,0,0,0,0,0,0,0,0,0
Chad,Drained organic soils (N2O),Emissions (N2O),kilotonnes,0,0,0,0,0,0,0,0,0,0,0,0,0,0,0,0,0,0,0,0,0
Chad,Drained organic soils (N2O),Emissions (CO2eq) from N2O (AR5),kilotonnes,0,0,0,0,0,0,0,0,0,0,0,0,0,0,0,0,0,0,0,0,0
Chad,Drained organic soils (N2O),Emissions (CO2eq) (AR5),kilotonnes,0,0,0,0,0,0,0,0,0,0,0,0,0,0,0,0,0,0,0,0,0
Chad,On-farm energy use,Emissions (CH4),kilotonnes,0.0602,0.0628,0.0648,0.0691,0.0728,0.0733,0.0746,0.0725,0.0715,0.0688,0.069,0.0716,0.0736,0.0712,0.0695,0.07,0.0724,0.0747,0.0772,0.0791,0.0791
Chad,On-farm energy use,Emissions (N2O),kilotonnes,0.0003,0.0003,0.0003,0.0003,0.0004,0.0004,0.0004,0.0004,0.0004,0.0003,0.0003,0.0004,0.0004,0.0004,0.0003,0.0004,0.0004,0.0004,0.0004,0.0004,0.0004
Chad,On-farm energy use,Emissions (CO2),kilotonnes,18.9717,19.8146,20.4268,21.7959,22.9438,23.1034,23.5274,22.8761,22.5468,21.6798,21.7531,22.5702,23.1948,22.4379,21.9088,22.0874,22.8301,23.5679,24.3459,24.9305,24.9305
Chad,On-farm energy use,Emissions (CO2eq) from CH4 (AR5),kilotonnes,1.6846,1.7594,1.8138,1.9354,2.0373,2.0515,2.0891,2.0313,2.002,1.9251,1.9316,2.0041,2.0596,1.9924,1.9454,1.9612,2.0272,2.0927,2.1618,2.2137,2.2137
Chad,On-farm energy use,Emissions (CO2eq) from N2O (AR5),kilotonnes,0.0797,0.0833,0.0858,0.0916,0.0964,0.0971,0.0989,0.0961,0.0947,0.0911,0.0914,0.0948,0.0975,0.0943,0.0921,0.0928,0.0959,0.099,0.1023,0.1048,0.1048
Chad,On-farm energy use,Emissions (CO2eq) (AR5),kilotonnes,20.736,21.6573,22.3264,23.8228,25.0775,25.2519,25.7154,25.0035,24.6435,23.6959,23.7761,24.6692,25.3519,24.5245,23.9463,24.1414,24.9533,25.7596,26.61,27.249,27.249
Chad,Forestland,Emissions (CO2),kilotonnes,-37.2057,2.471,2.471,2.471,2.471,2.471,2.471,2.471,2.471,2.471,2.471,83.402,83.402,83.402,83.402,83.402,34.474,34.474,34.474,34.474,34.474
Chad,Forestland,Emissions (CO2eq) (AR5),kilotonnes,-37.2057,2.471,2.471,2.471,2.471,2.471,2.471,2.471,2.471,2.471,2.471,83.402,83.402,83.402,83.402,83.402,34.474,34.474,34.474,34.474,34.474
Chad,Net Forest conversion,Emissions (CO2),kilotonnes,7663.3333,16672.7847,16672.7847,16672.7847,16672.7847,16672.7847,16672.7847,16672.7847,16672.7847,16672.7847,16672.7847,25814.0447,25814.0447,25814.0447,25814.0447,25814.0447,23298.8947,23298.8947,23298.8947,23298.8947,23298.8947
Chad,Net Forest conversion,Emissions (CO2eq) (AR5),kilotonnes,7663.3333,16672.7847,16672.7847,16672.7847,16672.7847,16672.7847,16672.7847,16672.7847,16672.7847,16672.7847,16672.7847,25814.0447,25814.0447,25814.0447,25814.0447,25814.0447,23298.8947,23298.8947,23298.8947,23298.8947,23298.8947
Chad,Savanna fires,Emissions (CH4),kilotonnes,175.6924,83.7465,101.3045,109.5553,109.4616,117.5792,105.3925,111.7471,99.7718,79.1677,87.5715,93.444,93.9985,82.6467,76.183,75.7048,95.9891,72.2469,82.8233,62.3749,80.9334
Chad,Savanna fires,Emissions (N2O),kilotonnes,16.0415,7.6464,9.2495,10.0029,9.9943,10.7355,9.6228,10.203,9.1096,7.2284,7.9957,8.5318,8.5825,7.546,6.9558,6.9122,8.7642,6.5965,7.5621,5.6951,7.3896
Chad,Savanna fires,Emissions (CO2eq) from CH4 (AR5),kilotonnes,4919.3862,2344.9023,2836.5255,3067.5497,3064.9248,3292.2181,2950.9893,3128.9196,2793.6116,2216.696,2452.0009,2616.4321,2631.9583,2314.108,2133.1232,2119.7332,2687.6954,2022.9124,2319.051,1746.4981,2266.1347
Chad,Savanna fires,Emissions (CO2eq) from N2O (AR5),kilotonnes,4250.9911,2026.3015,2451.128,2650.7631,2648.4948,2844.9059,2550.0397,2703.7946,2414.0448,1915.5145,2118.8486,2260.9386,2274.3553,1999.6911,1843.2966,1831.7259,2322.5194,1748.0602,2003.9626,1509.2021,1958.2359
Chad,Savanna fires,Emissions (CO2eq) (AR5),kilotonnes,9170.3774,4371.2038,5287.6535,5718.3128,5713.4196,6137.124,5501.0289,5832.7142,5207.6564,4132.2106,4570.8495,4877.3706,4906.3136,4313.7991,3976.4198,3951.4591,5010.2147,3770.9726,4323.0136,3255.7002,4224.3706
Chad,Fires in organic soils,Emissions (CH4),kilotonnes,0,0,0,0,0,0,0,0,0,0,0,0,0,0,0,0,0,0,0,0,0
Chad,Fires in organic soils,Emissions (CO2),kilotonnes,0,0,0,0,0,0,0,0,0,0,0,0,0,0,0,0,0,0,0,0,0
Chad,Fires in organic soils,Emissions (CO2eq) from CH4 (AR5),kilotonnes,0,0,0,0,0,0,0,0,0,0,0,0,0,0,0,0,0,0,0,0,0
Chad,Fires in organic soils,Emissions (CO2eq) (AR5),kilotonnes,0,0,0,0,0,0,0,0,0,0,0,0,0,0,0,0,0,0,0,0,0
Chad,Forest fires,Emissions (CH4),kilotonnes,124.2436,19.6633,24.0694,31.8063,31.6414,22.0459,34.7288,44.1237,28.4734,14.2932,33.0073,31.833,39.8466,24.1135,22.481,24.1274,40.0512,27.6966,25.3698,21.4825,21.1985
Chad,Forest fires,Emissions (N2O),kilotonnes,3.6542,1.7953,2.1976,2.9041,2.889,2.0129,3.1709,4.0287,2.5997,1.305,3.0137,2.9065,3.6382,2.2017,2.0526,2.2029,3.6568,2.5288,2.3164,1.9614,1.9355
Chad,Forest fires,Emissions (CO2eq) from CH4 (AR5),kilotonnes,3478.8218,550.5714,673.9419,890.577,885.9606,617.284,972.4058,1235.4625,797.2555,400.2087,924.2051,891.3247,1115.7053,675.177,629.4666,675.5675,1121.4331,775.5051,710.3547,601.5112,593.5584
Chad,Forest fires,Emissions (CO2eq) from N2O (AR5),kilotonnes,968.3694,475.7655,582.3737,769.5747,765.5855,533.4139,840.2855,1067.6008,688.9327,345.8325,798.6337,770.2208,964.1149,583.441,543.9413,583.7785,969.0645,670.1375,613.8391,519.7841,512.9119
Chad,Forest fires,Emissions (CO2eq) (AR5),kilotonnes,4447.1911,1026.337,1256.3157,1660.1517,1651.5461,1150.6979,1812.6913,2303.0633,1486.1883,746.0411,1722.8388,1661.5455,2079.8202,1258.618,1173.4079,1259.346,2090.4977,1445.6426,1324.1938,1121.2954,1106.4704
Chad,Fires in humid tropical forests,Emissions (CH4),kilotonnes,6.0207,19.4402,23.3953,31.0902,30.7791,21.0497,33.2419,43.0804,27.2468,13.9958,32.0929,30.936,39.5245,23.8211,22.196,23.5525,39.3994,27.5529,24.7627,21.1108,20.5815
Chad,Fires in humid tropical forests,Emissions (N2O),kilotonnes,0.1771,1.775,2.1361,2.8387,2.8103,1.9219,3.0351,3.9334,2.4877,1.2779,2.9302,2.8246,3.6088,2.175,2.0266,2.1504,3.5973,2.5157,2.2609,1.9275,1.8792
Chad,Fires in humid tropical forests,Emissions (CO2eq) from CH4 (AR5),kilotonnes,168.5784,544.3266,655.0689,870.5245,861.8142,589.3907,930.7742,1206.251,762.9095,391.8823,898.6017,866.2069,1106.685,666.9894,621.4872,659.4699,1103.1846,771.4807,693.355,591.1031,576.2812
Chad,Fires in humid tropical forests,Emissions (CO2eq) from N2O (AR5),kilotonnes,46.9257,470.3692,566.065,752.2467,744.7199,509.3104,804.3103,1042.3582,659.2533,338.6374,776.509,748.5158,956.3202,576.3659,537.046,569.868,953.2954,666.6599,599.1492,510.7902,497.9821
Chad,Fires in humid tropical forests,Emissions (CO2eq) (AR5),kilotonnes,215.5041,1014.6958,1221.1338,1622.7711,1606.5341,1098.7011,1735.0845,2248.6093,1422.1628,730.5197,1675.1107,1614.7227,2063.0051,1243.3553,1158.5332,1229.338,2056.4799,1438.1406,1292.5042,1101.8933,1074.2633
Chad,Waste - agri-food systems,Emissions (CH4),kilotonnes,34.236,35.0575,35.8837,36.7152,37.5944,38.5005,39.3798,40.2448,41.1054,41.9404,42.7748,43.6141,44.4625,45.3078,45.9221,46.6697,47.4316,48.2029,48.9831,49.3594,49.7283
Chad,Waste - agri-food systems,Emissions (N2O),kilotonnes,0.1931,0.2055,0.2058,0.2184,0.2239,0.2329,0.2406,0.2425,0.2531,0.2612,0.2739,0.2838,0.2966,0.3068,0.3322,0.369,0.3833,0.389,0.4013,0.4105,0.42
Chad,Waste - agri-food systems,Emissions (CO2),kilotonnes,0,0,0,0,0,0,0,0,0,0,0,0,0,0,0,0,0,0,0,0,0
Chad,Waste - agri-food systems,Emissions (CO2eq) from CH4 (AR5),kilotonnes,958.6078,981.6098,1004.7444,1028.0245,1052.6423,1078.015,1102.6334,1126.8549,1150.9514,1174.3311,1197.6948,1221.1954,1244.9502,1268.6193,1285.8176,1306.7503,1328.0842,1349.6804,1371.5255,1382.062,1392.3911
Chad,Waste - agri-food systems,Emissions (CO2eq) from N2O (AR5),kilotonnes,51.174,54.4513,54.5427,57.8666,59.3293,61.7222,63.7668,64.2676,67.0799,69.2206,72.5766,75.2067,78.601,81.2892,88.0362,97.7936,101.5665,103.0832,106.3501,108.7945,111.304
Chad,Waste - agri-food systems,Emissions (CO2eq) (AR5),kilotonnes,1009.7818,1036.0611,1059.2871,1085.8911,1111.9716,1139.7373,1166.4002,1191.1225,1218.0313,1243.5516,1270.2714,1296.4021,1323.5512,1349.9085,1373.8538,1404.5439,1429.6507,1452.7636,1477.8756,1490.8566,1503.6951
Chad,On-farm electricity use,Emissions (CH4),kilotonnes,0,0,0,0,0,0,0,0,0,0,0,0,0,0,0,0,0,0,0,0,0
Chad,On-farm electricity use,Emissions (N2O),kilotonnes,0,0,0,0,0,0,0,0,0,0,0,0,0,0,0,0,0,0,0,0,0
Chad,On-farm electricity use,Emissions (CO2),kilotonnes,0,0,0,0,0,0,0,0,0,0,0,0,0,0,0,0,0,0,0,0,0
Chad,On-farm electricity use,Emissions (CO2eq) from CH4 (AR5),kilotonnes,0,0,0,0,0,0,0,0,0,0,0,0,0,0,0,0,0,0,0,0,0
Chad,On-farm electricity use,Emissions (CO2eq) from N2O (AR5),kilotonnes,0,0,0,0,0,0,0,0,0,0,0,0,0,0,0,0,0,0,0,0,0
Chad,On-farm electricity use,Emissions (CO2eq) (AR5),kilotonnes,0,0,0,0,0,0,0,0,0,0,0,0,0,0,0,0,0,0,0,0,0
Chad,Food Processing,Emissions (CH4),kilotonnes,0.0062,0.0077,0.0091,0.0069,0.0137,0.0158,0.0331,0.0347,0.0288,0.0321,0.0371,0.0415,0.0284,0.0293,0.0309,0.0273,0.0259,0.0292,0.0328,0.0303,0.0304
Chad,Food Processing,Emissions (N2O),kilotonnes,0.0007,0.0007,0.0007,0.0006,0.0005,0.0005,0.0004,0.0004,0.0004,0.0004,0.0005,0.0005,0.0007,0.0006,0.0006,0.0006,0.0005,0.0005,0.0005,0.0005,0.0005
Chad,Food Processing,Emissions (CO2),kilotonnes,0.1673,0.1721,0.1951,0.307,0.3464,0.3947,1.6653,2.9007,2.6649,3.2774,3.6511,4.6397,5.6764,5.7027,8.483,7.323,7.7397,6.4114,6.0373,6.8536,6.7078
Chad,Food Processing,Emissions (CO2eq) from CH4 (AR5),kilotonnes,0.1736,0.2156,0.2548,0.1932,0.3836,0.4424,0.9268,0.9716,0.8064,0.8988,1.0388,1.162,0.7952,0.8204,0.8652,0.7644,0.7252,0.8176,0.9184,0.8484,0.8513
Chad,Food Processing,Emissions (CO2eq) from N2O (AR5),kilotonnes,0.1855,0.1855,0.1855,0.159,0.1325,0.1325,0.106,0.106,0.106,0.106,0.1325,0.1325,0.1855,0.159,0.159,0.159,0.1325,0.1325,0.1325,0.1325,0.135
Chad,Food Processing,Emissions (CO2eq) (AR5),kilotonnes,0.5264,0.5732,0.6354,0.6592,0.8625,0.9696,2.6981,3.9783,3.5773,4.2822,4.8224,5.9342,6.6571,6.6821,9.5072,8.2464,8.5974,7.3615,7.0882,7.8345,7.6941
Chad,Food Packaging,Emissions (CH4),kilotonnes,0,0,0,0,0,0,0,0,0,0,0,0,0,0,0,0,0,0,0,0,0
Chad,Food Packaging,Emissions (N2O),kilotonnes,0,0,0,0,0,0,0,0,0,0,0,0,0,0,0,0,0,0,0,0,0
Chad,Food Packaging,Emissions (CO2),kilotonnes,0,0,0,0,0,0,0.0001,0.0002,0.0002,0.0003,0.0003,0.0006,0.0004,0.0003,0.0008,0.0007,0.0009,0.0009,0.001,0.0007,0.0007
Chad,Food Packaging,Emissions (CO2eq) from CH4 (AR5),kilotonnes,0,0,0,0,0,0,0,0,0,0,0,0,0,0,0,0,0,0,0,0,0
Chad,Food Packaging,Emissions (CO2eq) from N2O (AR5),kilotonnes,0,0,0,0,0,0,0,0,0,0,0,0,0,0,0,0,0,0,0,0,0
Chad,Food Packaging,Emissions (CO2eq) (AR5),kilotonnes,0,0,0,0,0,0,0.0001,0.0002,0.0002,0.0003,0.0003,0.0006,0.0004,0.0003,0.0008,0.0007,0.0009,0.0009,0.001,0.0007,0.0007
Chad,Food Retail,Emissions (CH4),kilotonnes,0.0008,0.0008,0.0008,0.0008,0.0008,0.0009,0.0009,0.0009,0.0011,0.0013,0.0014,0.0016,0.0015,0.0017,0.0017,0.0017,0.0017,0.0017,0.0017,0.0017,0.0017
Chad,Food Retail,Emissions (N2O),kilotonnes,0,0,0,0,0,0,0,0,0,0,0,0,0,0,0,0,0,0,0,0,0
Chad,Food Retail,Emissions (CO2),kilotonnes,0.006,0.006,0.006,0.006,0.006,0.0067,0.034,0.0652,0.0739,0.1108,0.1272,0.1398,0.131,0.1253,0.1253,0.1253,0.1253,0.1253,0.1253,0.1413,0.1383
Chad,Food Retail,Emissions (CO2eq) from CH4 (AR5),kilotonnes,0.0224,0.0224,0.0224,0.0224,0.0224,0.0252,0.0252,0.0252,0.0308,0.0364,0.0392,0.0448,0.042,0.0476,0.0476,0.0476,0.0476,0.0476,0.0476,0.0476,0.0478
Chad,Food Retail,Emissions (CO2eq) from N2O (AR5),kilotonnes,0,0,0,0,0,0,0,0,0,0,0,0,0,0,0,0,0,0,0,0,0
Chad,Food Retail,Emissions (CO2eq) (AR5),kilotonnes,0.0284,0.0284,0.0284,0.0284,0.0284,0.0319,0.0592,0.0904,0.1047,0.1472,0.1664,0.1846,0.173,0.1729,0.1729,0.1729,0.1729,0.1729,0.1729,0.1889,0.1861
Chad,Food Household Consumption,Emissions (CH4),kilotonnes,0.0211,0.0217,0.0235,0.0255,0.0274,0.029,0.0293,0.0291,0.0336,0.0404,0.0439,0.048,0.0449,0.0492,0.0491,0.051,0.0529,0.0534,0.0544,0.0544,0.0546
Chad,Food Household Consumption,Emissions (N2O),kilotonnes,0.0002,0.0002,0.0002,0.0002,0.0002,0.0002,0.0002,0.0002,0.0002,0.0002,0.0003,0.0003,0.0003,0.0003,0.0003,0.0003,0.0003,0.0003,0.0003,0.0003,0.0003
Chad,Food Household Consumption,Emissions (CO2),kilotonnes,19.8328,20.9908,21.004,22.1719,23.3399,23.3508,25.3004,26.1891,28.0897,28.9577,29.5566,30.0719,31.0132,30.8499,29.817,30.1992,30.4595,31.6488,32.2165,32.2165,31.531
Chad,Food Household Consumption,Emissions (CO2eq) from CH4 (AR5),kilotonnes,0.5908,0.6076,0.658,0.714,0.7672,0.812,0.8204,0.8148,0.9408,1.1312,1.2292,1.344,1.2572,1.3776,1.3748,1.428,1.4812,1.4952,1.5232,1.5232,1.5284
Chad,Food Household Consumption,Emissions (CO2eq) from N2O (AR5),kilotonnes,0.053,0.053,0.053,0.053,0.053,0.053,0.053,0.053,0.053,0.053,0.0795,0.0795,0.0795,0.0795,0.0795,0.0795,0.0795,0.0795,0.0795,0.0795,0.081
Chad,Food Household Consumption,Emissions (CO2eq) (AR5),kilotonnes,20.4766,21.6514,21.715,22.9389,24.1601,24.2158,26.1738,27.0569,29.0835,30.1419,30.8653,31.4954,32.3499,32.307,31.2713,31.7067,32.0202,33.2235,33.8192,33.8192,33.1404
Chad,Food Transport,Emissions (CH4),kilotonnes,0.002,0.0019,0.0019,0.0019,0.0019,0.002,0.0021,0.002,0.002,0.0022,0.0023,0.0026,0.0027,0.0029,0.0029,0.0031,0.0033,0.0032,0.0034,0.003,0.003
Chad,Food Transport,Emissions (N2O),kilotonnes,0.0002,0.0002,0.0002,0.0002,0.0002,0.0002,0.0003,0.0002,0.0002,0.0003,0.0003,0.0004,0.0004,0.0004,0.0005,0.0005,0.0005,0.0004,0.0005,0.0004,0.0004
Chad,Food Transport,Emissions (CO2),kilotonnes,10.7735,10.3095,10.488,10.471,10.882,12.0225,12.2435,12.132,12.247,13.352,14.2977,14.9214,15.5858,16.5852,16.3507,17.23,18.0011,17.5565,18.4453,17.7188,17.3418
Chad,Food Transport,Emissions (CO2eq) from CH4 (AR5),kilotonnes,0.056,0.0532,0.0532,0.0532,0.0532,0.056,0.0588,0.056,0.056,0.0616,0.0644,0.0728,0.0756,0.0812,0.0812,0.0868,0.0924,0.0896,0.0952,0.084,0.0843
Chad,Food Transport,Emissions (CO2eq) from N2O (AR5),kilotonnes,0.053,0.053,0.053,0.053,0.053,0.053,0.0795,0.053,0.053,0.0795,0.0795,0.106,0.106,0.106,0.1325,0.1325,0.1325,0.106,0.1325,0.106,0.108
Chad,Food Transport,Emissions (CO2eq) (AR5),kilotonnes,10.8825,10.4157,10.5942,10.5772,10.9882,12.1315,12.3818,12.241,12.356,13.4931,14.4416,15.1002,15.7674,16.7724,16.5644,17.4493,18.226,17.7521,18.673,17.9088,17.5341
Chad,Energy,Emissions (CH4),kilotonnes,45.4,54.5,58.6,47.7,87.4,91.3,86.5,83.7,79.8,78.1,80,79.6,78.8,79.6,85.4,88.1,85.2,93.3,95.8,87.7,88
Chad,Energy,Emissions (N2O),kilotonnes,0.314,0.321,0.329,0.337,0.346,0.356,0.362,0.372,0.379,0.388,0.396,0.405,0.421,0.428,0.43,0.441,0.452,0.467,0.467,0.479,0.488
Chad,Energy,Emissions (CO2),kilotonnes,488,506,529,892,929,953,987,1090,1080,1070,1110,1240,776,863,1250,1100,1440,1390,1360,1410,1380
Chad,Energy,Emissions (CO2eq) from CH4 (AR5),kilotonnes,1271.2,1526,1640.8,1335.6,2447.2,2556.4,2422,2343.6,2234.4,2186.8,2240,2228.8,2206.4,2228.8,2391.2,2466.8,2385.6,2612.4,2682.4,2455.6,2464
Chad,Energy,Emissions (CO2eq) from N2O (AR5),kilotonnes,83.21,85.065,87.185,89.305,91.69,94.34,95.93,98.58,100.435,102.82,104.94,107.325,111.565,113.42,113.95,116.865,119.78,123.755,123.755,126.935,129.32
Chad,Energy,Emissions (CO2eq) (AR5),kilotonnes,1842.41,2117.065,2256.985,2316.905,3467.89,3603.74,3504.93,3532.18,3414.835,3359.62,3454.94,3576.125,3093.965,3205.22,3755.15,3683.665,3945.38,4126.155,4166.155,3992.535,3973.32
Chad,IPPU,Emissions (N2O),kilotonnes,0.0001,0.0001,0.0001,0.0001,0.0001,0.0001,0.0001,0.0001,0.0001,0.0001,0.0001,0.0001,0.0001,0.0001,0.0001,0.0002,0.0002,0.0002,0.0002,0.0002,0.0002
Chad,IPPU,Emissions (CO2),kilotonnes,34.7,35.9,37.2,38.2,39.9,41.1,42.4,43.7,44.9,45.1,45.4,46.4,99.3,116,124,131,143,182,202,211,211
Chad,IPPU,Emissions (CO2eq) from N2O (AR5),kilotonnes,0.0243,0.0253,0.0262,0.0273,0.0284,0.0294,0.0305,0.0315,0.0323,0.0337,0.0347,0.0358,0.0371,0.0382,0.0395,0.0408,0.0421,0.0435,0.0448,0.0456,0.0466
Chad,IPPU,Emissions (CO2eq) (AR5),kilotonnes,34.7243,35.9253,37.2262,38.2273,39.9284,41.1294,42.4305,43.7315,44.9323,45.1337,45.4347,46.4358,99.3371,116.0382,124.0395,131.0408,143.0421,182.0435,202.0448,211.0456,211.0466
Chad,Waste,Emissions (CH4),kilotonnes,45.6,47.5,49.5,51.7,54.5,57.1,59.1,61.1,63.1,65.3,67.7,70.1,72.7,75.4,78.1,82,84.3,86.6,89.4,91.1,93.6
Chad,Waste,Emissions (N2O),kilotonnes,0.332,0.344,0.358,0.372,0.382,0.396,0.408,0.417,0.429,0.441,0.46,0.479,0.497,0.514,0.543,0.587,0.633,0.665,0.678,0.674,0.695
Chad,Waste,Emissions (CO2eq) from CH4 (AR5),kilotonnes,1276.8,1330,1386,1447.6,1526,1598.8,1654.8,1710.8,1766.8,1828.4,1895.6,1962.8,2035.6,2111.2,2186.8,2296,2360.4,2424.8,2503.2,2550.8,2620.8
Chad,Waste,Emissions (CO2eq) from N2O (AR5),kilotonnes,87.98,91.16,94.87,98.58,101.23,104.94,108.12,110.505,113.685,116.865,121.9,126.935,131.705,136.21,143.895,155.555,167.745,176.225,179.67,178.61,184.175
Chad,Waste,Emissions (CO2eq) (AR5),kilotonnes,1364.78,1421.16,1480.87,1546.18,1627.23,1703.74,1762.92,1821.305,1880.485,1945.265,2017.5,2089.735,2167.305,2247.41,2330.695,2451.555,2528.145,2601.025,2682.87,2729.41,2804.975
Chad,Other,Emissions (N2O),kilotonnes,0.185,0.189,0.193,0.198,0.203,0.211,0.216,0.222,0.227,0.234,0.24,0.246,0.256,0.26,0.262,0.269,0.276,0.287,0.29,0.296,0.302
Chad,Other,Emissions (CO2eq) from N2O (AR5),kilotonnes,49.025,50.085,51.145,52.47,53.795,55.915,57.24,58.83,60.155,62.01,63.6,65.19,67.84,68.9,69.43,71.285,73.14,76.055,76.85,78.44,80.03
Chad,Other,Emissions (CO2eq) (AR5),kilotonnes,49.025,50.085,51.145,52.47,53.795,55.915,57.24,58.83,60.155,62.01,63.6,65.19,67.84,68.9,69.43,71.285,73.14,76.055,76.85,78.44,80.03
Chad,Farm-gate emissions,Emissions (CH4),kilotonnes,794.4147,738.7855,794.6166,842.6019,883.4805,937.0467,971.6009,1028.6106,1071.4929,1107.7666,1177.7753,1243.7415,1312.5684,1376.5367,1442.9555,1561.8012,1666.9808,1735.9739,1844.1345,1926.8524,2054.8677
Chad,Farm-gate emissions,Direct emissions (N2O),kilotonnes,20.7997,22.0665,23.2477,24.6053,25.8887,27.4434,29.0167,30.6757,32.4415,34.2233,36.4252,38.2368,40.6054,42.8142,45.2452,49.0595,51.853,54.7978,57.9774,61.2724,64.7917
Chad,Farm-gate emissions,Indirect emissions (N2O),kilotonnes,5.7829,6.1483,6.4934,6.8836,7.2632,7.7088,8.1653,8.6658,9.1839,9.7112,10.343,10.8943,11.5815,12.2431,12.9687,14.2549,15.1023,15.9993,16.9662,17.9758,19.0548
Chad,Farm-gate emissions,Emissions (N2O),kilotonnes,42.872,36.1331,39.2728,41.7914,43.4626,46.2274,47.1627,49.9287,51.1624,51.6033,55.2308,58.1494,61.2864,63.1491,65.7425,70.828,76.3605,78.062,83.2096,85.6824,92.0132
Chad,Farm-gate emissions,Emissions (CO2),kilotonnes,18.9717,19.8146,20.4268,21.7959,22.9438,23.1034,23.5274,22.8761,22.5468,21.6798,21.7531,22.5702,23.1948,22.4379,21.9088,22.0874,22.8301,23.5679,24.3459,24.9305,24.9305
Chad,Farm-gate emissions,Emissions (CO2eq) from CH4 (AR5),kilotonnes,22243.6115,20685.9936,22249.2661,23592.8521,24737.4553,26237.3088,27204.8246,28801.096,30001.8023,31017.4649,32977.7089,34824.7628,36751.9153,38543.0286,40402.7535,43730.4336,46675.461,48607.2703,51635.7664,53951.8664,57536.2964
Chad,Farm-gate emissions,Emissions (CO2eq) from N2O (AR5),kilotonnes,11361.0794,9575.2825,10407.2957,11074.7233,11517.5816,12250.2545,12498.1232,13231.1159,13558.0474,13674.885,14636.1569,15409.6019,16240.9081,16734.5226,17421.7705,18769.4245,20235.545,20686.4342,22050.5434,22705.8269,24383.5043
Chad,Farm-gate emissions,Emissions (CO2eq) (AR5),kilotonnes,33623.6626,30281.0907,32676.9886,34689.3713,36277.9807,38510.6667,39726.4752,42055.0881,43582.3964,44714.0296,47635.619,50256.9349,53016.0183,55299.9891,57846.4327,62521.9455,66933.8361,69317.2724,73710.6558,76682.6237,81944.7312
Chad,Land Use change,Emissions (CH4),kilotonnes,6.0207,19.4402,23.3953,31.0902,30.7791,21.0497,33.2419,43.0804,27.2468,13.9958,32.0929,30.936,39.5245,23.8211,22.196,23.5525,39.3994,27.5529,24.7627,21.1108,20.5815
Chad,Land Use change,Emissions (N2O),kilotonnes,0.1771,1.775,2.1361,2.8387,2.8103,1.9219,3.0351,3.9334,2.4877,1.2779,2.9302,2.8246,3.6088,2.175,2.0266,2.1504,3.5973,2.5157,2.2609,1.9275,1.8792
Chad,Land Use change,Emissions (CO2),kilotonnes,7663.3333,16672.7847,16672.7847,16672.7847,16672.7847,16672.7847,16672.7847,16672.7847,16672.7847,16672.7847,16672.7847,25814.0447,25814.0447,25814.0447,25814.0447,25814.0447,23298.8947,23298.8947,23298.8947,23298.8947,23298.8947
Chad,Land Use change,Emissions (CO2eq) from CH4 (AR5),kilotonnes,168.5784,544.3266,655.0689,870.5245,861.8142,589.3907,930.7742,1206.251,762.9095,391.8823,898.6017,866.2069,1106.685,666.9894,621.4872,659.4699,1103.1846,771.4807,693.355,591.1031,576.2812
Chad,Land Use change,Emissions (CO2eq) from N2O (AR5),kilotonnes,46.9257,470.3692,566.065,752.2467,744.7199,509.3104,804.3103,1042.3582,659.2533,338.6374,776.509,748.5158,956.3202,576.3659,537.046,569.868,953.2954,666.6599,599.1492,510.7902,497.9821
Chad,Land Use change,Emissions (CO2eq) (AR5),kilotonnes,7878.8374,17687.4805,17893.9185,18295.5558,18279.3188,17771.4858,18407.8692,18921.394,18094.9475,17403.3044,18347.8954,27428.7674,27877.0498,27057.3999,26972.5778,27043.3827,25355.3746,24737.0353,24591.3989,24400.788,24373.158
Chad,Emissions on agricultural land,Emissions (CH4),kilotonnes,800.4354,758.2257,818.012,873.692,914.2596,958.0964,1004.8428,1071.691,1098.7397,1121.7624,1209.8682,1274.6775,1352.0929,1400.3578,1465.1515,1585.3537,1706.3802,1763.5268,1868.8972,1947.9632,2075.4492
Chad,Emissions on agricultural land,Emissions (N2O),kilotonnes,43.0491,37.9081,41.4089,44.6301,46.2728,48.1493,50.1979,53.8622,53.6502,52.8812,58.161,60.974,64.8952,65.3241,67.7691,72.9785,79.9579,80.5777,85.4705,87.6099,93.8924
Chad,Emissions on agricultural land,Emissions (CO2),kilotonnes,7682.305,16692.5993,16693.2115,16694.5806,16695.7285,16695.8881,16696.3121,16695.6608,16695.3315,16694.4645,16694.5378,25836.6149,25837.2395,25836.4826,25835.9535,25836.132,23321.7248,23322.4625,23323.2406,23323.8252,23323.8252
Chad,Emissions on agricultural land,Emissions (CO2eq) from CH4 (AR5),kilotonnes,22412.1899,21230.3202,22904.335,24463.3766,25599.2695,26826.6995,28135.5988,30007.347,30764.7118,31409.3471,33876.3106,35690.9697,37858.6003,39210.018,41024.2407,44389.9036,47778.6456,49378.751,52329.1214,54542.9695,58112.5776
Chad,Emissions on agricultural land,Emissions (CO2eq) from N2O (AR5),kilotonnes,11408.0051,10045.6518,10973.3607,11826.97,12262.3014,12759.5649,13302.4335,14273.4742,14217.3007,14013.5224,15412.666,16158.1177,17197.2283,17310.8885,17958.8164,19339.2925,21188.8403,21353.0941,22649.6926,23216.6171,24881.4864
Chad,Emissions on agricultural land,Emissions (CO2eq) (AR5),kilotonnes,41502.5,47968.5712,50570.9071,52984.9272,54557.2995,56282.1525,58134.3444,60976.482,61677.3439,62117.334,65983.5144,77685.7023,80893.0681,82357.389,84819.0106,89565.3281,92289.2107,94054.3077,98302.0547,101083.4117,106317.8892
Chad,Pre- and post- production,Emissions (CH4),kilotonnes,34.2661,35.0896,35.919,36.7503,37.6382,38.5482,39.4452,40.3115,41.1709,42.0164,42.8595,43.7078,44.54,45.3909,46.0067,46.7528,47.5154,48.2904,49.0754,49.4488,49.818
Chad,Pre- and post- production,Emissions (N2O),kilotonnes,0.1942,0.2066,0.2069,0.2194,0.2248,0.2338,0.2415,0.2433,0.2539,0.2621,0.275,0.285,0.298,0.3081,0.3336,0.3704,0.3846,0.3902,0.4026,0.4117,0.4212
Chad,Pre- and post- production,Emissions (CO2),kilotonnes,30.7796,31.4784,31.6931,32.9559,34.5743,35.7747,39.2433,41.2872,43.0757,45.6982,47.6329,49.7734,52.4068,53.2634,54.7768,54.8782,56.3265,55.7429,56.8254,56.9309,55.7196
Chad,Pre- and post- production,Emissions (CO2eq) from CH4 (AR5),kilotonnes,959.4506,982.5086,1005.7328,1029.0073,1053.8687,1079.3506,1104.4646,1128.7225,1152.7854,1176.4591,1200.0664,1223.819,1247.1202,1270.9461,1288.1864,1309.0771,1330.4306,1352.1304,1374.1099,1384.5652,1394.9029
Chad,Pre- and post- production,Emissions (CO2eq) from N2O (AR5),kilotonnes,51.4655,54.7428,54.8342,58.1316,59.5678,61.9607,64.0053,64.4796,67.2919,69.4591,72.8681,75.5247,78.972,81.6337,88.4072,98.1646,101.911,103.4012,106.6946,109.1125,111.628
Chad,Pre- and post- production,Emissions (CO2eq) (AR5),kilotonnes,1041.6957,1068.7298,1092.2601,1120.0948,1148.0108,1177.0861,1207.7132,1234.4893,1263.153,1291.6163,1320.5674,1349.1171,1378.499,1405.8432,1431.3704,1462.1199,1488.6681,1511.2745,1537.6299,1550.6087,1562.2504
Chad,Agri-food systems,Emissions (CH4),kilotonnes,834.7014,793.3153,853.931,910.4423,951.8978,996.6446,1044.288,1112.0025,1139.9106,1163.7788,1252.7278,1318.3853,1396.6329,1445.7487,1511.1581,1632.1065,1753.8956,1811.8172,1917.9725,1997.412,2125.2672
Chad,Agri-food systems,Emissions (N2O),kilotonnes,43.2433,38.1147,41.6158,44.8494,46.4976,48.3831,50.4394,54.1055,53.9041,53.1433,58.436,61.259,65.1932,65.6322,68.1027,73.3489,80.3425,80.9679,85.8732,88.0216,94.3136
Chad,Agri-food systems,Emissions (CO2),kilotonnes,7713.0846,16724.0777,16724.9046,16727.5365,16730.3028,16731.6628,16735.5554,16736.948,16738.4072,16740.1627,16742.1707,25886.3883,25889.6463,25889.746,25890.7303,25891.0102,23378.0513,23378.2054,23380.066,23380.7561,23379.5448
Chad,Agri-food systems,Emissions (CO2eq) from CH4 (AR5),kilotonnes,23371.6405,22212.8289,23910.0678,25492.3839,26653.1383,27906.0501,29240.0634,31136.0696,31917.4972,32585.8062,35076.377,36914.7887,39105.7205,40480.9641,42312.4271,45698.9806,49109.0762,50730.8815,53703.2313,55927.5347,59507.4805
Chad,Agri-food systems,Emissions (CO2eq) from N2O (AR5),kilotonnes,11459.4706,10100.3946,11028.1949,11885.1016,12321.8692,12821.5257,13366.4387,14337.9537,14284.5927,14082.9815,15485.5341,16233.6423,17276.2003,17392.5222,18047.2236,19437.4571,21290.7513,21456.4953,22756.3872,23325.7296,24993.1143
Chad,Agri-food systems,Emissions (CO2eq) (AR5),kilotonnes,42544.1957,49037.3011,51663.1673,54105.022,55705.3103,57459.2385,59342.0575,62210.9713,62940.497,63408.9503,67304.0819,79034.8193,82271.5671,83763.2322,86250.381,91027.448,93777.8788,95565.5822,99839.6846,102634.0204,107880.1396
Chad,IPCC Agriculture,Emissions (CH4),kilotonnes,794.3545,738.7226,794.5519,842.5327,883.4078,936.9735,971.5263,1028.538,1071.4214,1107.6978,1177.7063,1243.67,1312.4948,1376.4656,1442.886,1561.7312,1666.9084,1735.8992,1844.0573,1926.7733,2054.7887
Chad,IPCC Agriculture,Emissions (CH4),kilotonnes,292.14,297.7,303.37,312.27,,,,,,,,,,,,,,,,,
Chad,IPCC Agriculture,Direct emissions (N2O),kilotonnes,20.7997,22.0665,23.2477,24.6053,25.8887,27.4434,29.0167,30.6757,32.4415,34.2233,36.4252,38.2368,40.6054,42.8142,45.2452,49.0595,51.853,54.7978,57.9774,61.2724,64.7917
Chad,IPCC Agriculture,Indirect emissions (N2O),kilotonnes,5.7829,6.1483,6.4934,6.8836,7.2632,7.7088,8.1653,8.6658,9.1839,9.7112,10.343,10.8943,11.5815,12.2431,12.9687,14.2549,15.1023,15.9993,16.9662,17.9758,19.0548
Chad,IPCC Agriculture,Emissions (N2O),kilotonnes,42.8717,36.1328,39.2725,41.7911,43.4622,46.227,47.1624,49.9284,51.1621,51.603,55.2304,58.1491,61.2861,63.1488,65.7422,70.8277,76.3602,78.0616,83.2092,85.682,92.0128
Chad,IPCC Agriculture,Emissions (N2O),kilotonnes,52.25,56.55,49.97,47.81,,,,,,,,,,,,,,,,,
Chad,IPCC Agriculture,Emissions (CO2eq) from CH4 (AR5),kilotonnes,22241.9269,20684.2342,22247.4523,23590.9168,24735.418,26235.2573,27202.7355,28799.0647,29999.8002,31015.5398,32975.7774,34822.7587,36749.8558,38541.0362,40400.8081,43728.4724,46673.4338,48605.1776,51633.6046,53949.6527,57534.0827
Chad,IPCC Agriculture,Emissions (CO2eq) from CH4 (AR5),kilotonnes,8179.92,8335.6,8494.36,8743.56,,,,,,,,,,,,,,,,,
Chad,IPCC Agriculture,Emissions (CO2eq) from N2O (AR5),kilotonnes,11360.9997,9575.1993,10407.2099,11074.6318,11517.4852,12250.1574,12498.0243,13231.0198,13557.9527,13674.7939,14636.0655,15409.5071,16240.8107,16734.4283,17421.6784,18769.3317,20235.449,20686.3351,22050.4411,22705.7221,24383.3995
Chad,IPCC Agriculture,Emissions (CO2eq) from N2O (AR5),kilotonnes,13846.25,14985.75,13242.05,12669.65,,,,,,,,,,,,,,,,,
Chad,IPCC Agriculture,Emissions (CO2eq) (AR5),kilotonnes,33602.9266,30259.4335,32654.6622,34665.5485,36252.9032,38485.4148,39700.7598,42030.0845,43557.7529,44690.3337,47611.8429,50232.2657,52990.6664,55275.4645,57822.4865,62497.8041,66908.8828,69291.5128,73684.0457,76655.3748,81917.4822
Chad,IPCC Agriculture,Emissions (CO2eq) (AR5),kilotonnes,22026.17,23321.35,21736.41,21413.21,,,,,,,,,,,,,,,,,
Chad,Agricultural Soils,Direct emissions (N2O),kilotonnes,20.7997,22.0665,23.2477,24.6053,25.8887,27.4434,29.0167,30.6757,32.4415,34.2233,36.4252,38.2368,40.6054,42.8142,45.2452,49.0595,51.853,54.7978,57.9774,61.2724,64.7917
Chad,Agricultural Soils,Indirect emissions (N2O),kilotonnes,5.7829,6.1483,6.4934,6.8836,7.2632,7.7088,8.1653,8.6658,9.1839,9.7112,10.343,10.8943,11.5815,12.2431,12.9687,14.2549,15.1023,15.9993,16.9662,17.9758,19.0548
Chad,Agricultural Soils,Emissions (N2O),kilotonnes,26.5827,28.2148,29.7411,31.4889,33.1519,35.1523,37.182,39.3415,41.6255,43.9345,46.7682,49.1311,52.187,55.0573,58.214,63.3145,66.9553,70.797,74.9436,79.2481,83.8465
Chad,Agricultural Soils,Emissions (N2O),kilotonnes,51.95,,,,,,,,,,,,,,,,,,,,
Chad,Agricultural Soils,Emissions (CO2eq) from N2O (AR5),kilotonnes,7044.4064,7476.9155,7881.3865,8344.568,8785.2551,9315.3499,9853.2193,10425.5046,11030.7543,11642.6454,12393.5794,13019.7397,13829.5482,14590.1884,15426.6982,16778.3374,17743.1445,18761.2148,19860.0584,21000.7533,22219.3172
Chad,Agricultural Soils,Emissions (CO2eq) from N2O (AR5),kilotonnes,13766.75,,,,,,,,,,,,,,,,,,,,
Chad,Agricultural Soils,Emissions (CO2eq) (AR5),kilotonnes,7044.4064,7476.9155,7881.3865,8344.568,8785.2551,9315.3499,9853.2193,10425.5046,11030.7543,11642.6454,12393.5794,13019.7397,13829.5482,14590.1884,15426.6982,16778.3374,17743.1445,18761.2148,19860.0584,21000.7533,22219.3172
Chad,Agricultural Soils,Emissions (CO2eq) (AR5),kilotonnes,13766.75,,,,,,,,,,,,,,,,,,,,
Chad,LULUCF,Emissions (CH4),kilotonnes,124.2436,19.6633,24.0694,31.8063,31.6414,22.0459,34.7288,44.1237,28.4734,14.2932,33.0073,31.833,39.8466,24.1135,22.481,24.1274,40.0512,27.6966,25.3698,21.4825,21.1985
Chad,LULUCF,Emissions (CH4),kilotonnes,,,,,,,,,,,,,,,,,,,,,
Chad,LULUCF,Emissions (N2O),kilotonnes,3.6542,1.7953,2.1976,2.9041,2.889,2.0129,3.1709,4.0287,2.5997,1.305,3.0137,2.9065,3.6382,2.2017,2.0526,2.2029,3.6568,2.5288,2.3164,1.9614,1.9355
Chad,LULUCF,Emissions (N2O),kilotonnes,,,,,,,,,,,,,,,,,,,,,
Chad,LULUCF,Emissions (CO2),kilotonnes,7626.1277,16675.2557,16675.2557,16675.2557,16675.2557,16675.2557,16675.2557,16675.2557,16675.2557,16675.2557,16675.2557,25897.4467,25897.4467,25897.4467,25897.4467,25897.4467,23333.3687,23333.3687,23333.3687,23333.3687,23333.3687
Chad,LULUCF,Emissions (CO2),kilotonnes,-45318.95,-44552.24,-43773.02,-37693.87,,,,,,,,,,,,,,,,,
Chad,LULUCF,Emissions (CO2eq) from CH4 (AR5),kilotonnes,3478.8218,550.5714,673.9419,890.577,885.9606,617.284,972.4058,1235.4625,797.2555,400.2087,924.2051,891.3247,1115.7053,675.177,629.4666,675.5675,1121.4331,775.5051,710.3547,601.5112,593.5584
Chad,LULUCF,Emissions (CO2eq) from N2O (AR5),kilotonnes,968.3694,475.7655,582.3737,769.5747,765.5855,533.4139,840.2855,1067.6008,688.9327,345.8325,798.6337,770.2208,964.1149,583.441,543.9413,583.7785,969.0645,670.1375,613.8391,519.7841,512.9119
Chad,LULUCF,Emissions (CO2eq) (AR5),kilotonnes,12073.3188,17701.5926,17931.5713,18335.4074,18326.8018,17825.9535,18487.947,18978.319,18161.4439,17421.2968,18398.0945,27558.9922,27977.2668,27156.0647,27070.8546,27156.7927,25423.8663,24779.0113,24657.5625,24454.664,24439.839
Chad,LULUCF,Emissions (CO2eq) (AR5),kilotonnes,-45318.95,-44552.24,-43773.02,-37693.87,,,,,,,,,,,,,,,,,
Chad,AFOLU,Emissions (CH4),kilotonnes,918.5982,758.3859,818.6212,874.3391,915.0492,959.0193,1006.255,1072.6617,1099.8948,1121.991,1210.7137,1275.503,1352.3415,1400.579,1465.367,1585.8586,1706.9595,1763.5958,1869.4271,1948.2559,2075.9872
Chad,AFOLU,Emissions (N2O),kilotonnes,46.5259,37.9282,41.4701,44.6951,46.3512,48.2399,50.3332,53.9571,53.7618,52.908,58.2441,61.0556,64.9242,65.3505,67.7948,73.0306,80.017,80.5905,85.5256,87.6434,93.9483
Chad,AFOLU,Emissions (CO2),kilotonnes,7626.1277,16675.2557,16675.2557,16675.2557,16675.2557,16675.2557,16675.2557,16675.2557,16675.2557,16675.2557,16675.2557,25897.4467,25897.4467,25897.4467,25897.4467,25897.4467,23333.3687,23333.3687,23333.3687,23333.3687,23333.3687
Chad,AFOLU,Emissions (CO2eq) from CH4 (AR5),kilotonnes,25720.7487,21234.8056,22921.3942,24481.4938,25621.3786,26852.5413,28175.1414,30034.5272,30797.0557,31415.7485,33899.9824,35714.0834,37865.561,39216.2132,41030.2747,44404.0399,47794.867,49380.6827,52343.9593,54551.1639,58127.6412
Chad,AFOLU,Emissions (CO2eq) from N2O (AR5),kilotonnes,12329.3691,10050.9648,10989.5836,11844.2065,12283.0707,12783.5713,13338.3098,14298.6206,14246.8854,14020.6263,15434.6993,16179.7279,17204.9255,17317.8693,17965.6197,19353.1101,21204.5135,21356.4727,22664.2802,23225.5063,24896.3114
Chad,AFOLU,Emissions (CO2eq) (AR5),kilotonnes,45676.2454,47961.0261,50586.2335,53000.9559,54579.705,56311.3683,58188.7068,61008.4035,61719.1968,62111.6305,66009.9374,77791.2579,80967.9332,82431.5292,84893.3411,89654.5967,92332.7492,94070.5241,98341.6082,101110.0388,106357.3213
Chad,All sectors with LULUCF,Emissions (CH4),kilotonnes,1009.5982,860.3859,926.7212,973.7391,1056.9492,1107.4193,1151.855,1217.4617,1242.7948,1265.391,1358.4137,1425.203,1503.8415,1555.579,1628.867,1755.9586,1876.4595,1943.4958,2054.6271,2127.0559,2257.5872
Chad,All sectors with LULUCF,Emissions (N2O),kilotonnes,47.357,38.7823,42.3502,45.6022,47.2823,49.203,51.3194,54.9682,54.797,53.9712,59.3403,62.1857,66.0984,66.5526,69.0299,74.3278,81.3782,82.0096,86.9608,89.0926,95.4335
Chad,All sectors with LULUCF,Emissions (CO2),kilotonnes,8148.8277,17217.1557,17241.4557,17605.4557,17644.1557,17669.3557,17704.6557,17808.9557,17800.1557,17790.3557,17830.6557,27183.8467,26772.7467,26876.4467,27271.4467,27128.4467,24916.3687,24905.3687,24895.3687,24954.3687,24924.3687
Chad,All sectors with LULUCF,Emissions (CO2eq) from CH4 (AR5),kilotonnes,28268.7487,24090.8056,25948.1942,27264.6938,29594.5786,31007.7413,32251.9414,34088.9272,34798.2557,35430.9485,38035.5824,39905.6834,42107.561,43556.2132,45608.2747,49166.8399,52540.867,54417.8827,57529.5593,59557.5639,63212.4412
Chad,All sectors with LULUCF,Emissions (CO2eq) from N2O (AR5),kilotonnes,12549.6084,10277.3001,11222.8099,12084.5888,12529.814,13038.7957,13599.6303,14566.5671,14521.1927,14302.355,15725.174,16479.2137,17516.0726,17636.4375,18292.9341,19696.8559,21565.2207,21732.5511,23044.6,23609.5368,25289.8831
Chad,All sectors with LULUCF,Emissions (CO2eq) (AR5),kilotonnes,48967.1848,51585.2613,54412.4598,56954.7382,59768.5483,61715.8927,63556.2273,66464.45,67119.6041,67523.6591,71591.4121,83568.7437,86396.3803,88069.0974,91172.6555,95992.1425,99022.4563,101055.8025,105469.528,108121.4694,113426.6929
Chad,All sectors without LULUCF,Emissions (CH4),kilotonnes,885.3545,840.7226,902.6519,941.9327,1025.3078,1085.3735,1117.1263,1173.338,1214.3214,1251.0978,1325.4063,1393.37,1463.9948,1531.4656,1606.386,1731.8312,1836.4084,1915.7992,2029.2573,2105.5733,2236.3887
Chad,All sectors without LULUCF,Emissions (N2O),kilotonnes,43.7028,36.9869,40.1526,42.6982,44.3933,47.1901,48.1485,50.9395,52.1972,52.6661,56.3266,59.2792,62.4602,64.3509,66.9773,72.1248,77.7213,79.4808,84.6444,87.1311,93.498
Chad,All sectors without LULUCF,Emissions (CO2),kilotonnes,522.7,541.9,566.2,930.2,968.9,994.1,1029.4,1133.7,1124.9,1115.1,1155.4,1286.4,875.3,979,1374,1231,1583,1572,1562,1621,1591
Chad,All sectors without LULUCF,Emissions (CO2eq) from CH4 (AR5),kilotonnes,24789.9269,23540.2342,25274.2523,26374.1168,28708.618,30390.4573,31279.5355,32853.4647,34001.0002,35030.7398,37111.3774,39014.3587,40991.8558,42881.0362,44978.8081,48491.2724,51419.4338,53642.3776,56819.2046,58956.0527,62618.8827
Chad,All sectors without LULUCF,Emissions (CO2eq) from N2O (AR5),kilotonnes,11581.239,9801.5345,10640.4361,11315.014,11764.2285,12505.3819,12759.3448,13498.9663,13832.26,13956.5225,14926.5403,15708.9928,16551.9578,17052.9965,17748.9929,19113.0775,20596.1562,21062.4136,22430.7609,23089.7527,24776.9711
Chad,All sectors without LULUCF,Emissions (CO2eq) (AR5),kilotonnes,36893.8659,33883.6687,36480.8884,38619.3308,41441.7465,43889.9392,45068.2803,47486.131,48958.1602,50102.3623,53193.3176,56009.7515,58419.1135,60913.0327,64101.801,68835.3499,73598.59,76276.7912,80811.9655,83666.8054,88986.8539
Channel Islands,Drained organic soils,Emissions (CO2eq) (AR5),kilotonnes,0,0,0,0,0,0,0,0,0,0,0,0,0,0,0,0,0,0,0,0,0
Channel Islands,Drained organic soils (CO2),Emissions (CO2),kilotonnes,0,0,0,0,0,0,0,0,0,0,0,0,0,0,0,0,0,0,0,0,0
Channel Islands,Drained organic soils (CO2),Emissions (CO2eq) (AR5),kilotonnes,0,0,0,0,0,0,0,0,0,0,0,0,0,0,0,0,0,0,0,0,0
Channel Islands,Drained organic soils (N2O),Emissions (N2O),kilotonnes,0,0,0,0,0,0,0,0,0,0,0,0,0,0,0,0,0,0,0,0,0
Channel Islands,Drained organic soils (N2O),Emissions (CO2eq) from N2O (AR5),kilotonnes,0,0,0,0,0,0,0,0,0,0,0,0,0,0,0,0,0,0,0,0,0
Channel Islands,Drained organic soils (N2O),Emissions (CO2eq) (AR5),kilotonnes,0,0,0,0,0,0,0,0,0,0,0,0,0,0,0,0,0,0,0,0,0
Channel Islands,On-farm energy use,Emissions (CH4),kilotonnes,,,,,,,0.097,0.0868,0.0896,0.0832,0.0744,0.0723,0.0708,0.0703,0.0698,0.052,0.0498,0.0552,0.0598,0.0578,0.0578
Channel Islands,On-farm energy use,Emissions (N2O),kilotonnes,,,,,,,0.0005,0.0004,0.0004,0.0004,0.0004,0.0004,0.0004,0.0004,0.0003,0.0003,0.0002,0.0003,0.0003,0.0003,0.0003
Channel Islands,On-farm energy use,Emissions (CO2),kilotonnes,,,,,,,30.5912,27.3679,28.2661,26.2392,23.4735,22.8102,22.3319,22.1671,22.0029,16.3862,15.7013,17.4134,18.8641,18.2364,18.2364
Channel Islands,On-farm energy use,Emissions (CO2eq) from CH4 (AR5),kilotonnes,,,,,,,2.7163,2.4301,2.5099,2.3299,2.0843,2.0254,1.983,1.9683,1.9537,1.455,1.3942,1.5462,1.675,1.6193,1.6193
Channel Islands,On-farm energy use,Emissions (CO2eq) from N2O (AR5),kilotonnes,,,,,,,0.1285,0.115,0.1188,0.1103,0.0986,0.0958,0.0938,0.0931,0.0925,0.0689,0.066,0.0732,0.0793,0.0766,0.0766
Channel Islands,On-farm energy use,Emissions (CO2eq) (AR5),kilotonnes,,,,,,,33.4361,29.913,30.8947,28.6794,25.6565,24.9315,24.4087,24.2285,24.0491,17.9101,17.1615,19.0328,20.6184,19.9323,19.9323
Channel Islands,Savanna fires,Emissions (CH4),kilotonnes,0,0,0,0,0,0,0,0,0,0,0,0,0,0,0,0,0,0,0,0,0
Channel Islands,Savanna fires,Emissions (N2O),kilotonnes,0,0,0,0,0,0,0,0,0,0,0,0,0,0,0,0,0,0,0,0,0
Channel Islands,Savanna fires,Emissions (CO2eq) from CH4 (AR5),kilotonnes,0,0,0,0,0,0,0,0,0,0,0,0,0,0,0,0,0,0,0,0,0
Channel Islands,Savanna fires,Emissions (CO2eq) from N2O (AR5),kilotonnes,0,0,0,0,0,0,0,0,0,0,0,0,0,0,0,0,0,0,0,0,0
Channel Islands,Savanna fires,Emissions (CO2eq) (AR5),kilotonnes,0,0,0,0,0,0,0,0,0,0,0,0,0,0,0,0,0,0,0,0,0
Channel Islands,Forest fires,Emissions (CH4),kilotonnes,0,0,0,0,0,0,0,0,0,0,0,0,0,0,0,0,0,0,0,0,0
Channel Islands,Forest fires,Emissions (N2O),kilotonnes,0,0,0,0,0,0,0,0,0,0,0,0,0,0,0,0,0,0,0,0,0
Channel Islands,Forest fires,Emissions (CO2eq) from CH4 (AR5),kilotonnes,0,0,0,0,0,0,0,0,0,0,0,0,0,0,0,0,0,0,0,0,0
Channel Islands,Forest fires,Emissions (CO2eq) from N2O (AR5),kilotonnes,0,0,0,0,0,0,0,0,0,0,0,0,0,0,0,0,0,0,0,0,0
Channel Islands,Forest fires,Emissions (CO2eq) (AR5),kilotonnes,0,0,0,0,0,0,0,0,0,0,0,0,0,0,0,0,0,0,0,0,0
Channel Islands,On-farm electricity use,Emissions (CH4),kilotonnes,,,,,,,0,0,0,0,0,0,0,0,0,0,0,0,0,0,0
Channel Islands,On-farm electricity use,Emissions (N2O),kilotonnes,,,,,,,0,0,0,0,0,0,0,0,0,0,0,0,0,0,0
Channel Islands,On-farm electricity use,Emissions (CO2),kilotonnes,,,,,,,0,0,0,0,0,0,0,0,0,0,0,0,0,0,0
Channel Islands,On-farm electricity use,Emissions (CO2eq) from CH4 (AR5),kilotonnes,,,,,,,0,0,0,0,0,0,0,0,0,0,0,0,0,0,0
Channel Islands,On-farm electricity use,Emissions (CO2eq) from N2O (AR5),kilotonnes,,,,,,,0,0,0,0,0,0,0,0,0,0,0,0,0,0,0
Channel Islands,On-farm electricity use,Emissions (CO2eq) (AR5),kilotonnes,,,,,,,0,0,0,0,0,0,0,0,0,0,0,0,0,0,0
Channel Islands,Farm-gate emissions,Emissions (CH4),kilotonnes,0,0,0,0,0,0,0.097,0.0868,0.0896,0.0832,0.0744,0.0723,0.0708,0.0703,0.0698,0.052,0.0498,0.0552,0.0598,0.0578,0.0578
Channel Islands,Farm-gate emissions,Emissions (N2O),kilotonnes,0,0,0,0,0,0,0.0005,0.0004,0.0004,0.0004,0.0004,0.0004,0.0004,0.0004,0.0003,0.0003,0.0002,0.0003,0.0003,0.0003,0.0003
Channel Islands,Farm-gate emissions,Emissions (CO2),kilotonnes,0,0,0,0,0,0,30.5912,27.3679,28.2661,26.2392,23.4735,22.8102,22.3319,22.1671,22.0029,16.3862,15.7013,17.4134,18.8641,18.2364,18.2364
Channel Islands,Farm-gate emissions,Emissions (CO2eq) from CH4 (AR5),kilotonnes,0,0,0,0,0,0,2.7163,2.4301,2.5099,2.3299,2.0843,2.0254,1.983,1.9683,1.9537,1.455,1.3942,1.5462,1.675,1.6193,1.6193
Channel Islands,Farm-gate emissions,Emissions (CO2eq) from N2O (AR5),kilotonnes,0,0,0,0,0,0,0.1285,0.115,0.1188,0.1103,0.0986,0.0958,0.0938,0.0931,0.0925,0.0689,0.066,0.0732,0.0793,0.0766,0.0766
Channel Islands,Farm-gate emissions,Emissions (CO2eq) (AR5),kilotonnes,0,0,0,0,0,0,33.4361,29.913,30.8947,28.6794,25.6565,24.9315,24.4087,24.2285,24.0491,17.9101,17.1615,19.0328,20.6184,19.9323,19.9323
Channel Islands,Emissions on agricultural land,Emissions (CH4),kilotonnes,0,0,0,0,0,0,0.097,0.0868,0.0896,0.0832,0.0744,0.0723,0.0708,0.0703,0.0698,0.052,0.0498,0.0552,0.0598,0.0578,0.0578
Channel Islands,Emissions on agricultural land,Emissions (N2O),kilotonnes,0,0,0,0,0,0,0.0005,0.0004,0.0004,0.0004,0.0004,0.0004,0.0004,0.0004,0.0003,0.0003,0.0002,0.0003,0.0003,0.0003,0.0003
Channel Islands,Emissions on agricultural land,Emissions (CO2),kilotonnes,0,0,0,0,0,0,30.5912,27.3679,28.2661,26.2392,23.4735,22.8102,22.3319,22.1671,22.0029,16.3862,15.7013,17.4134,18.8641,18.2364,18.2364
Channel Islands,Emissions on agricultural land,Emissions (CO2eq) from CH4 (AR5),kilotonnes,0,0,0,0,0,0,2.7163,2.4301,2.5099,2.3299,2.0843,2.0254,1.983,1.9683,1.9537,1.455,1.3942,1.5462,1.675,1.6193,1.6193
Channel Islands,Emissions on agricultural land,Emissions (CO2eq) from N2O (AR5),kilotonnes,0,0,0,0,0,0,0.1285,0.115,0.1188,0.1103,0.0986,0.0958,0.0938,0.0931,0.0925,0.0689,0.066,0.0732,0.0793,0.0766,0.0766
Channel Islands,Emissions on agricultural land,Emissions (CO2eq) (AR5),kilotonnes,0,0,0,0,0,0,33.4361,29.913,30.8947,28.6794,25.6565,24.9315,24.4087,24.2285,24.0491,17.9101,17.1615,19.0328,20.6184,19.9323,19.9323
Channel Islands,Pre- and post- production,Emissions (CH4),kilotonnes,,,,,,,0,0,0,0,0,0,0,0,0,0,0,0,0,0,0
Channel Islands,Pre- and post- production,Emissions (N2O),kilotonnes,,,,,,,0,0,0,0,0,0,0,0,0,0,0,0,0,0,0
Channel Islands,Pre- and post- production,Emissions (CO2),kilotonnes,,,,,,,0,0,0,0,0,0,0,0,0,0,0,0,0,0,0
Channel Islands,Pre- and post- production,Emissions (CO2eq) from CH4 (AR5),kilotonnes,,,,,,,0,0,0,0,0,0,0,0,0,0,0,0,0,0,0
Channel Islands,Pre- and post- production,Emissions (CO2eq) from N2O (AR5),kilotonnes,,,,,,,0,0,0,0,0,0,0,0,0,0,0,0,0,0,0
Channel Islands,Pre- and post- production,Emissions (CO2eq) (AR5),kilotonnes,,,,,,,0,0,0,0,0,0,0,0,0,0,0,0,0,0,0
Channel Islands,Agri-food systems,Emissions (CH4),kilotonnes,0,0,0,0,0,0,0.097,0.0868,0.0896,0.0832,0.0744,0.0723,0.0708,0.0703,0.0698,0.052,0.0498,0.0552,0.0598,0.0578,0.0578
Channel Islands,Agri-food systems,Emissions (N2O),kilotonnes,0,0,0,0,0,0,0.0005,0.0004,0.0004,0.0004,0.0004,0.0004,0.0004,0.0004,0.0003,0.0003,0.0002,0.0003,0.0003,0.0003,0.0003
Channel Islands,Agri-food systems,Emissions (CO2),kilotonnes,0,0,0,0,0,0,30.5912,27.3679,28.2661,26.2392,23.4735,22.8102,22.3319,22.1671,22.0029,16.3862,15.7013,17.4134,18.8641,18.2364,18.2364
Channel Islands,Agri-food systems,Emissions (CO2eq) from CH4 (AR5),kilotonnes,0,0,0,0,0,0,2.7163,2.4301,2.5099,2.3299,2.0843,2.0254,1.983,1.9683,1.9537,1.455,1.3942,1.5462,1.675,1.6193,1.6193
Channel Islands,Agri-food systems,Emissions (CO2eq) from N2O (AR5),kilotonnes,0,0,0,0,0,0,0.1285,0.115,0.1188,0.1103,0.0986,0.0958,0.0938,0.0931,0.0925,0.0689,0.066,0.0732,0.0793,0.0766,0.0766
Channel Islands,Agri-food systems,Emissions (CO2eq) (AR5),kilotonnes,0,0,0,0,0,0,33.4361,29.913,30.8947,28.6794,25.6565,24.9315,24.4087,24.2285,24.0491,17.9101,17.1615,19.0328,20.6184,19.9323,19.9323
Channel Islands,IPCC Agriculture,Emissions (CH4),kilotonnes,0,0,0,0,0,0,0,0,0,0,0,0,0,0,0,0,0,0,0,0,0
Channel Islands,IPCC Agriculture,Emissions (N2O),kilotonnes,0,0,0,0,0,0,0,0,0,0,0,0,0,0,0,0,0,0,0,0,0
Channel Islands,IPCC Agriculture,Emissions (CO2eq) from CH4 (AR5),kilotonnes,0,0,0,0,0,0,0,0,0,0,0,0,0,0,0,0,0,0,0,0,0
Channel Islands,IPCC Agriculture,Emissions (CO2eq) from N2O (AR5),kilotonnes,0,0,0,0,0,0,0,0,0,0,0,0,0,0,0,0,0,0,0,0,0
Channel Islands,IPCC Agriculture,Emissions (CO2eq) (AR5),kilotonnes,0,0,0,0,0,0,0,0,0,0,0,0,0,0,0,0,0,0,0,0,0
Channel Islands,Agricultural Soils,Emissions (N2O),kilotonnes,0,0,0,0,0,0,0,0,0,0,0,0,0,0,0,0,0,0,0,0,0
Channel Islands,Agricultural Soils,Emissions (CO2eq) from N2O (AR5),kilotonnes,0,0,0,0,0,0,0,0,0,0,0,0,0,0,0,0,0,0,0,0,0
Channel Islands,Agricultural Soils,Emissions (CO2eq) (AR5),kilotonnes,0,0,0,0,0,0,0,0,0,0,0,0,0,0,0,0,0,0,0,0,0
Channel Islands,LULUCF,Emissions (CH4),kilotonnes,0,0,0,0,0,0,0,0,0,0,0,0,0,0,0,0,0,0,0,0,0
Channel Islands,LULUCF,Emissions (N2O),kilotonnes,0,0,0,0,0,0,0,0,0,0,0,0,0,0,0,0,0,0,0,0,0
Channel Islands,LULUCF,Emissions (CO2),kilotonnes,0,0,0,0,0,0,0,0,0,0,0,0,0,0,0,0,0,0,0,0,0
Channel Islands,LULUCF,Emissions (CO2eq) from CH4 (AR5),kilotonnes,0,0,0,0,0,0,0,0,0,0,0,0,0,0,0,0,0,0,0,0,0
Channel Islands,LULUCF,Emissions (CO2eq) from N2O (AR5),kilotonnes,0,0,0,0,0,0,0,0,0,0,0,0,0,0,0,0,0,0,0,0,0
Channel Islands,LULUCF,Emissions (CO2eq) (AR5),kilotonnes,0,0,0,0,0,0,0,0,0,0,0,0,0,0,0,0,0,0,0,0,0
Channel Islands,AFOLU,Emissions (CH4),kilotonnes,0,0,0,0,0,0,0,0,0,0,0,0,0,0,0,0,0,0,0,0,0
Channel Islands,AFOLU,Emissions (N2O),kilotonnes,0,0,0,0,0,0,0,0,0,0,0,0,0,0,0,0,0,0,0,0,0
Channel Islands,AFOLU,Emissions (CO2),kilotonnes,0,0,0,0,0,0,0,0,0,0,0,0,0,0,0,0,0,0,0,0,0
Channel Islands,AFOLU,Emissions (CO2eq) from CH4 (AR5),kilotonnes,0,0,0,0,0,0,0,0,0,0,0,0,0,0,0,0,0,0,0,0,0
Channel Islands,AFOLU,Emissions (CO2eq) from N2O (AR5),kilotonnes,0,0,0,0,0,0,0,0,0,0,0,0,0,0,0,0,0,0,0,0,0
Channel Islands,AFOLU,Emissions (CO2eq) (AR5),kilotonnes,0,0,0,0,0,0,0,0,0,0,0,0,0,0,0,0,0,0,0,0,0
Channel Islands,All sectors with LULUCF,Emissions (CH4),kilotonnes,0,0,0,0,0,0,0,0,0,0,0,0,0,0,0,0,0,0,0,0,0
Channel Islands,All sectors with LULUCF,Emissions (N2O),kilotonnes,0,0,0,0,0,0,0,0,0,0,0,0,0,0,0,0,0,0,0,0,0
Channel Islands,All sectors with LULUCF,Emissions (CO2),kilotonnes,0,0,0,0,0,0,0,0,0,0,0,0,0,0,0,0,0,0,0,0,0
Channel Islands,All sectors with LULUCF,Emissions (CO2eq) from CH4 (AR5),kilotonnes,0,0,0,0,0,0,0,0,0,0,0,0,0,0,0,0,0,0,0,0,0
Channel Islands,All sectors with LULUCF,Emissions (CO2eq) from N2O (AR5),kilotonnes,0,0,0,0,0,0,0,0,0,0,0,0,0,0,0,0,0,0,0,0,0
Channel Islands,All sectors with LULUCF,Emissions (CO2eq) (AR5),kilotonnes,0,0,0,0,0,0,0,0,0,0,0,0,0,0,0,0,0,0,0,0,0
Channel Islands,All sectors without LULUCF,Emissions (CH4),kilotonnes,0,0,0,0,0,0,0,0,0,0,0,0,0,0,0,0,0,0,0,0,0
Channel Islands,All sectors without LULUCF,Emissions (N2O),kilotonnes,0,0,0,0,0,0,0,0,0,0,0,0,0,0,0,0,0,0,0,0,0
Channel Islands,All sectors without LULUCF,Emissions (CO2eq) from CH4 (AR5),kilotonnes,0,0,0,0,0,0,0,0,0,0,0,0,0,0,0,0,0,0,0,0,0
Channel Islands,All sectors without LULUCF,Emissions (CO2eq) from N2O (AR5),kilotonnes,0,0,0,0,0,0,0,0,0,0,0,0,0,0,0,0,0,0,0,0,0
Channel Islands,All sectors without LULUCF,Emissions (CO2eq) (AR5),kilotonnes,0,0,0,0,0,0,0,0,0,0,0,0,0,0,0,0,0,0,0,0,0
Chile,Crop Residues,Direct emissions (N2O),kilotonnes,0.5015,0.5935,0.6289,0.6626,0.7044,0.6915,0.619,0.4811,0.5517,0.5228,0.5977,0.6638,0.5669,0.6533,0.5833,0.615,0.6517,0.5854,0.6067,0.5521,0.4874
Chile,Crop Residues,Indirect emissions (N2O),kilotonnes,0.1128,0.1335,0.1415,0.1491,0.1585,0.1556,0.1393,0.1083,0.1241,0.1176,0.1345,0.1494,0.1276,0.147,0.1312,0.1384,0.1466,0.1317,0.1365,0.1242,0.1097
Chile,Crop Residues,Emissions (N2O),kilotonnes,0.6144,0.7271,0.7704,0.8117,0.8629,0.8471,0.7583,0.5894,0.6758,0.6404,0.7321,0.8132,0.6945,0.8003,0.7146,0.7534,0.7984,0.7171,0.7432,0.6763,0.597
Chile,Crop Residues,Emissions (CO2eq) from N2O (AR5),kilotonnes,162.8126,192.6756,204.1453,215.1006,228.675,224.4863,200.9403,156.1854,179.0911,169.6995,194.0127,215.4928,184.0339,212.0733,189.3621,199.6422,211.5669,190.023,196.9467,179.2192,158.2068
Chile,Crop Residues,Emissions (CO2eq) (AR5),kilotonnes,162.8126,192.6756,204.1453,215.1006,228.675,224.4863,200.9403,156.1854,179.0911,169.6995,194.0127,215.4928,184.0339,212.0733,189.3621,199.6422,211.5669,190.023,196.9467,179.2192,158.2068
Chile,Rice Cultivation,Emissions (CH4),kilotonnes,5.6999,6.3153,6.1892,6.2445,5.5079,5.5366,6.1892,4.8144,4.6364,5.238,5.4254,5.5568,5.3068,4.6452,4.9544,5.2455,5.8706,4.6313,6.5303,5.8047,5.8384
Chile,Rice Cultivation,Emissions (CH4),kilotonnes,,,,,,,,,,,,,,,,,,,5.9,,
Chile,Rice Cultivation,Emissions (CO2eq) from CH4 (AR5),kilotonnes,159.5967,176.8273,173.2969,174.8453,154.2206,155.0258,173.2969,134.8037,129.8179,146.6644,151.9104,155.5894,148.5907,130.0656,138.7243,146.875,164.3781,129.6754,182.8475,162.5325,163.4739
Chile,Rice Cultivation,Emissions (CO2eq) from CH4 (AR5),kilotonnes,,,,,,,,,,,,,,,,,,,165.2,,
Chile,Rice Cultivation,Emissions (CO2eq) (AR5),kilotonnes,159.5967,176.8273,173.2969,174.8453,154.2206,155.0258,173.2969,134.8037,129.8179,146.6644,151.9104,155.5894,148.5907,130.0656,138.7243,146.875,164.3781,129.6754,182.8475,162.5325,163.4739
Chile,Rice Cultivation,Emissions (CO2eq) (AR5),kilotonnes,,,,,,,,,,,,,,,,,,,165.2,,
Chile,Burning - Crop residues,Emissions (CH4),kilotonnes,0.6482,0.7124,0.7374,0.8122,0.8132,0.853,0.7151,0.619,0.6868,0.6844,0.6527,0.6539,0.6765,0.6907,0.6255,0.6575,0.6222,0.5297,0.5396,0.4966,0.435
Chile,Burning - Crop residues,Emissions (CH4),kilotonnes,2.6,,,,,,1.5428,,,,1.5,,,1.4,,,1.1,,,,
Chile,Burning - Crop residues,Emissions (N2O),kilotonnes,0.0168,0.0185,0.0191,0.0211,0.0211,0.0221,0.0185,0.016,0.0178,0.0177,0.0169,0.017,0.0175,0.0179,0.0162,0.017,0.0161,0.0137,0.014,0.0129,0.0113
Chile,Burning - Crop residues,Emissions (N2O),kilotonnes,0.1,,,,,,0.0446,,,,,,,,,,,,,,
Chile,Burning - Crop residues,Emissions (CO2eq) from CH4 (AR5),kilotonnes,18.15,19.9472,20.6463,22.741,22.7688,23.8828,20.0217,17.3332,19.2317,19.164,18.2769,18.3104,18.942,19.3405,17.515,18.4092,17.4225,14.8327,15.1095,13.9061,12.1805
Chile,Burning - Crop residues,Emissions (CO2eq) from CH4 (AR5),kilotonnes,72.8,,,,,,43.1984,,,,42,,,39.2,,,30.8,,,,
Chile,Burning - Crop residues,Emissions (CO2eq) from N2O (AR5),kilotonnes,4.4535,4.8945,5.066,5.58,5.5868,5.8601,4.9127,4.2531,4.7189,4.7023,4.4846,4.4928,4.6478,4.7456,4.2977,4.5171,4.275,3.6395,3.7074,3.4121,2.9887
Chile,Burning - Crop residues,Emissions (CO2eq) from N2O (AR5),kilotonnes,26.5,,,,,,11.819,,,,,,,,,,,,,,
Chile,Burning - Crop residues,Emissions (CO2eq) (AR5),kilotonnes,22.6035,24.8417,25.7123,28.3209,28.3556,29.743,24.9344,21.5863,23.9506,23.8663,22.7616,22.8033,23.5898,24.0861,21.8126,22.9263,21.6974,18.4722,18.8169,17.3182,15.1692
Chile,Burning - Crop residues,Emissions (CO2eq) (AR5),kilotonnes,99.3,,,,,,55.0174,,,,42,,,39.2,,,30.8,,,,
Chile,Enteric Fermentation,Emissions (CH4),kilotonnes,278.2649,273.4826,269.6255,267.5677,270.5488,268.9639,264.4637,248.9067,260.5853,253.5489,260.1291,255.4888,255.4051,209.1336,199.4438,186.5088,191.8376,190.9646,201.9808,202.7158,208.0393
Chile,Enteric Fermentation,Emissions (CH4),kilotonnes,249.8,,,,,,216.368,,,,210,,,211.7,,,187.3,,198.8,,
Chile,Enteric Fermentation,Emissions (CO2eq) from CH4 (AR5),kilotonnes,7791.4185,7657.5121,7549.5136,7491.8969,7575.3672,7530.99,7404.9848,6969.3874,7296.3893,7099.3682,7283.6138,7153.6851,7151.3435,5855.7403,5584.4274,5222.2453,5371.4517,5347.0079,5655.4633,5676.0423,5825.1004
Chile,Enteric Fermentation,Emissions (CO2eq) from CH4 (AR5),kilotonnes,6994.4,,,,,,6058.304,,,,5880,,,5927.6,,,5244.4,,5566.4,,
Chile,Enteric Fermentation,Emissions (CO2eq) (AR5),kilotonnes,7791.4185,7657.5121,7549.5136,7491.8969,7575.3672,7530.99,7404.9848,6969.3874,7296.3893,7099.3682,7283.6138,7153.6851,7151.3435,5855.7403,5584.4274,5222.2453,5371.4517,5347.0079,5655.4633,5676.0423,5825.1004
Chile,Enteric Fermentation,Emissions (CO2eq) (AR5),kilotonnes,6994.4,,,,,,6058.304,,,,5880,,,5927.6,,,5244.4,,5566.4,,
Chile,Manure Management,Emissions (CH4),kilotonnes,7.1996,7.7071,7.6949,7.5326,7.7902,8.0474,8.2689,8.2497,8.1589,8.1188,8.0975,8.1583,8.6508,7.3453,7.3165,7.3847,7.3671,7.3496,7.5524,7.719,7.9465
Chile,Manure Management,Emissions (CH4),kilotonnes,74.8,,,,,,69.3143,,,,73.4,,,74.6,,,69.9,,49.4,,
Chile,Manure Management,Emissions (N2O),kilotonnes,0.7489,0.92,0.9525,0.9275,1.0083,1.0932,1.1744,1.1879,1.1727,1.1149,1.1679,1.2168,1.3565,1.1966,1.1754,1.2417,1.2036,1.1511,1.1834,1.2282,1.2711
Chile,Manure Management,Emissions (N2O),kilotonnes,0.8,,,,,,1.1726,,,,0.9,,,0.9,,,0.9,,0.9,,
Chile,Manure Management,Emissions (CO2eq) from CH4 (AR5),kilotonnes,201.5877,215.7995,215.4583,210.9132,218.127,225.326,231.5282,230.9914,228.4479,227.326,226.7297,228.4314,242.2234,205.6689,204.8616,206.7705,206.28,205.7888,211.4673,216.1308,222.5021
Chile,Manure Management,Emissions (CO2eq) from CH4 (AR5),kilotonnes,2094.4,,,,,,1940.8004,,,,2055.2,,,2088.8,,,1957.2,,1383.2,,
Chile,Manure Management,Emissions (CO2eq) from N2O (AR5),kilotonnes,198.4665,243.798,252.4019,245.7759,267.1955,289.6883,311.2073,314.8045,310.7591,295.4399,309.5013,322.4523,359.4714,317.0877,311.4738,329.0507,318.966,305.0532,313.5905,325.4705,336.8474
Chile,Manure Management,Emissions (CO2eq) from N2O (AR5),kilotonnes,212,,,,,,310.739,,,,238.5,,,238.5,,,238.5,,238.5,,
Chile,Manure Management,Emissions (CO2eq) (AR5),kilotonnes,400.0541,459.5974,467.8602,456.6891,485.3225,515.0143,542.7355,545.7959,539.207,522.7659,536.231,550.8838,601.6948,522.7566,516.3354,535.8212,525.246,510.842,525.0578,541.6013,559.3494
Chile,Manure Management,Emissions (CO2eq) (AR5),kilotonnes,2306.4,,,,,,2251.5394,,,,2293.7,,,2327.3,,,2195.7,,1621.7,,
Chile,Manure left on Pasture,Direct emissions (N2O),kilotonnes,6.5125,6.4164,6.3142,6.2775,6.4345,6.4084,6.3305,6.4532,6.3489,6.6704,6.3518,6.2965,6.281,5.3654,5.3769,5.0409,5.0873,5.2285,5.2226,5.6291,5.7098
Chile,Manure left on Pasture,Indirect emissions (N2O),kilotonnes,1.6456,1.6233,1.5956,1.5702,1.5994,1.5812,1.5666,1.6033,1.5879,1.6547,1.5706,1.554,1.5494,1.3415,1.3224,1.2216,1.2327,1.2559,1.2574,1.334,1.349
Chile,Manure left on Pasture,Emissions (N2O),kilotonnes,8.1581,8.0397,7.9098,7.8478,8.0339,7.9896,7.8971,8.0565,7.9368,8.3252,7.9224,7.8506,7.8304,6.7069,6.6993,6.2625,6.32,6.4844,6.4799,6.9631,7.0589
Chile,Manure left on Pasture,Emissions (CO2eq) from N2O (AR5),kilotonnes,2161.8965,2130.5133,2096.0917,2079.6601,2128.9889,2117.2551,2092.7198,2134.9611,2103.2527,2206.174,2099.4355,2080.3991,2075.055,1777.331,1775.3174,1659.5543,1674.8097,1718.3533,1717.1844,1845.2216,1870.6072
Chile,Manure left on Pasture,Emissions (CO2eq) (AR5),kilotonnes,2161.8965,2130.5133,2096.0917,2079.6601,2128.9889,2117.2551,2092.7198,2134.9611,2103.2527,2206.174,2099.4355,2080.3991,2075.055,1777.331,1775.3174,1659.5543,1674.8097,1718.3533,1717.1844,1845.2216,1870.6072
Chile,Manure applied to Soils,Direct emissions (N2O),kilotonnes,1.3879,1.5178,1.5321,1.5302,1.6466,1.7286,1.7876,1.5754,1.7976,1.4571,1.8198,1.8711,1.9796,1.7715,1.8438,1.8714,1.8365,1.6707,1.8104,1.8104,1.8625
Chile,Manure applied to Soils,Indirect emissions (N2O),kilotonnes,0.5899,0.6451,0.6511,0.6504,0.6998,0.7347,0.7597,0.6695,0.764,0.6193,0.7734,0.7952,0.8413,0.7529,0.7836,0.7953,0.7805,0.7101,0.7694,0.7694,0.7916
Chile,Manure applied to Soils,Emissions (N2O),kilotonnes,1.9777,2.1629,2.1832,2.1806,2.3465,2.4633,2.5473,2.2449,2.5616,2.0764,2.5932,2.6664,2.8209,2.5243,2.6274,2.6667,2.617,2.3808,2.5798,2.5798,2.6541
Chile,Manure applied to Soils,Emissions (CO2eq) from N2O (AR5),kilotonnes,524.1029,573.1676,578.5588,577.8594,621.8146,652.7671,675.0419,594.8972,678.8293,550.2539,687.2043,706.5908,747.5453,668.9474,696.2738,706.6823,693.5117,630.9166,683.6425,683.6555,703.3308
Chile,Manure applied to Soils,Emissions (CO2eq) (AR5),kilotonnes,524.1029,573.1676,578.5588,577.8594,621.8146,652.7671,675.0419,594.8972,678.8293,550.2539,687.2043,706.5908,747.5453,668.9474,696.2738,706.6823,693.5117,630.9166,683.6425,683.6555,703.3308
Chile,Synthetic Fertilizers,Direct emissions (N2O),kilotonnes,3.6929,3.5514,3.8707,3.474,4.5993,3.7826,4.261,5.0976,6.2008,5.5689,5.4755,4.3384,4.2963,4.539,4.3965,5.1694,4.1435,3.3626,3.2296,3.7037,3.8327
Chile,Synthetic Fertilizers,Indirect emissions (N2O),kilotonnes,1.2002,1.1542,1.258,1.1291,1.4948,1.2293,1.3848,1.6567,2.0153,1.8099,1.7796,1.41,1.3963,1.4752,1.4289,1.6801,1.3467,1.0929,1.0496,1.2037,1.2456
Chile,Synthetic Fertilizers,Emissions (N2O),kilotonnes,4.893,4.7056,5.1287,4.6031,6.094,5.0119,5.6458,6.7543,8.2161,7.3788,7.2551,5.7483,5.6926,6.0142,5.8254,6.8495,5.4902,4.4555,4.2793,4.9074,5.0783
Chile,Synthetic Fertilizers,Emissions (CO2eq) from N2O (AR5),kilotonnes,1296.6545,1246.9954,1359.0925,1219.8098,1614.9142,1328.1494,1496.1406,1789.8853,2177.2704,1955.377,1922.602,1523.3097,1508.5499,1593.7649,1543.7251,1815.1121,1454.9036,1180.708,1134.0089,1300.4608,1345.7434
Chile,Synthetic Fertilizers,Emissions (CO2eq) (AR5),kilotonnes,1296.6545,1246.9954,1359.0925,1219.8098,1614.9142,1328.1494,1496.1406,1789.8853,2177.2704,1955.377,1922.602,1523.3097,1508.5499,1593.7649,1543.7251,1815.1121,1454.9036,1180.708,1134.0089,1300.4608,1345.7434
Chile,Drained organic soils,Emissions (CO2eq) (AR5),kilotonnes,1195.0824,1192.0988,1189.4041,1188.2049,1190.1878,1190.4169,1189.8421,1189.4044,1191.9829,1188.6525,1188.2521,1188.5696,1185.5621,1185.6344,1182.0849,1182.0849,1192.9127,1197.9116,1215.3278,1228.9888,1230.3303
Chile,Drained organic soils (CO2),Emissions (CO2),kilotonnes,1005.9547,1003.4412,1001.1744,1000.1643,1001.8337,1002.0263,1001.5417,1001.1736,1003.3443,1000.5421,1000.2056,1000.474,997.941,998.0019,995.014,995.014,1004.1223,1008.3324,1022.9931,1034.4856,1035.6147
Chile,Drained organic soils (CO2),Emissions (CO2eq) (AR5),kilotonnes,1005.9547,1003.4412,1001.1744,1000.1643,1001.8337,1002.0263,1001.5417,1001.1736,1003.3443,1000.5421,1000.2056,1000.474,997.941,998.0019,995.014,995.014,1004.1223,1008.3324,1022.9931,1034.4856,1035.6147
Chile,Drained organic soils (N2O),Emissions (N2O),kilotonnes,0.7137,0.7119,0.7103,0.7096,0.7108,0.7109,0.7106,0.7103,0.7118,0.7099,0.7096,0.7098,0.708,0.708,0.7059,0.7059,0.7124,0.7154,0.7258,0.734,0.7348
Chile,Drained organic soils (N2O),Emissions (CO2eq) from N2O (AR5),kilotonnes,189.1276,188.6576,188.2296,188.0406,188.3541,188.3906,188.3004,188.2308,188.6386,188.1103,188.0465,188.0956,187.621,187.6325,187.0709,187.0709,188.7904,189.5792,192.3348,194.5032,194.7156
Chile,Drained organic soils (N2O),Emissions (CO2eq) (AR5),kilotonnes,189.1276,188.6576,188.2296,188.0406,188.3541,188.3906,188.3004,188.2308,188.6386,188.1103,188.0465,188.0956,187.621,187.6325,187.0709,187.0709,188.7904,189.5792,192.3348,194.5032,194.7156
Chile,On-farm energy use,Emissions (CH4),kilotonnes,0.2831,0.2709,0.3119,0.219,0.663,0.3323,0.3906,0.2155,0.3208,0.2229,0.192,0.1656,0.1371,0.1124,0.0985,0.0999,0.1002,0.1668,0.156,0.1675,0.1675
Chile,On-farm energy use,Emissions (N2O),kilotonnes,0.0705,0.0503,0.0534,0.0263,0.0901,0.0411,0.0351,0.0447,0.0842,0.0768,0.1845,0.2623,0.2338,0.2188,0.1965,0.1777,0.2307,0.2964,0.3209,0.3458,0.3458
Chile,On-farm energy use,Emissions (CO2),kilotonnes,650.3584,531.3972,632.8718,467.2933,773.1392,438.1542,419.417,439.4913,495.759,535.6196,904.4941,1162.7233,896.4392,680.5492,621.4694,681.688,828.2308,1419.6441,1492.1333,1666.266,1666.266
Chile,On-farm energy use,Emissions (CO2eq) from CH4 (AR5),kilotonnes,7.928,7.5843,8.7329,6.131,18.5643,9.3036,10.9357,6.0343,8.9829,6.2425,5.376,4.6369,3.8376,3.1468,2.7568,2.7959,2.8067,4.6699,4.368,4.6903,4.6903
Chile,On-farm energy use,Emissions (CO2eq) from N2O (AR5),kilotonnes,18.6957,13.3322,14.1493,6.9689,23.8728,10.8824,9.2904,11.8382,22.3,20.3615,48.8823,69.4967,61.9441,57.9914,52.0843,47.0793,61.143,78.5458,85.0449,91.637,91.637
Chile,On-farm energy use,Emissions (CO2eq) (AR5),kilotonnes,676.9821,552.3138,655.754,480.3933,815.5763,458.3402,439.6431,457.3638,527.0419,562.2236,958.7523,1236.8569,962.2209,741.6874,676.3105,731.5633,892.1804,1502.8598,1581.5462,1762.5934,1762.5934
Chile,Forestland,Emissions (CO2),kilotonnes,-20763.102,-36480.1254,-36480.1254,-36480.1254,-36480.1254,-36480.1254,-36480.1254,-36480.1254,-36480.1254,-36480.1254,-36480.1254,-81741.4793,-81741.4793,-81741.4793,-81741.4793,-81741.4793,-58269.1025,-58269.1025,-58269.1025,-58269.1025,-58269.1025
Chile,Forestland,Emissions (CO2),kilotonnes,,,,,,,,,,,,,,,,,,,-64184.6,,
Chile,Forestland,Emissions (CO2eq) (AR5),kilotonnes,-20763.102,-36480.1254,-36480.1254,-36480.1254,-36480.1254,-36480.1254,-36480.1254,-36480.1254,-36480.1254,-36480.1254,-36480.1254,-81741.4793,-81741.4793,-81741.4793,-81741.4793,-81741.4793,-58269.1025,-58269.1025,-58269.1025,-58269.1025,-58269.1025
Chile,Forestland,Emissions (CO2eq) (AR5),kilotonnes,,,,,,,,,,,,,,,,,,,-64184.6,,
Chile,Net Forest conversion,Emissions (CO2),kilotonnes,3010.0184,0,0,0,0,0,0,0,0,0,0,0,0,0,0,0,0,0,0,0,0
Chile,Net Forest conversion,Emissions (CO2eq) (AR5),kilotonnes,3010.0184,0,0,0,0,0,0,0,0,0,0,0,0,0,0,0,0,0,0,0,0
Chile,Savanna fires,Emissions (CH4),kilotonnes,0.3375,0.0657,0.2911,0.4489,0.3447,0.7655,0.1733,0.4345,0.3281,0.6052,0.5973,0.5041,0.6797,0.1386,0.7833,1.0284,0.4902,2.9323,0.1697,0.6798,0.4672
Chile,Savanna fires,Emissions (N2O),kilotonnes,0.0308,0.006,0.0266,0.041,0.0315,0.0699,0.0158,0.0397,0.03,0.0553,0.0545,0.046,0.0621,0.0127,0.0715,0.0939,0.0448,0.2677,0.0155,0.0621,0.0427
Chile,Savanna fires,Emissions (CO2eq) from CH4 (AR5),kilotonnes,9.4493,1.8394,8.1512,12.5698,9.651,21.4329,4.8516,12.1667,9.1861,16.9451,16.7243,14.1139,19.0322,3.88,21.9323,28.7948,13.7267,82.1056,4.7526,19.0342,13.0809
Chile,Savanna fires,Emissions (CO2eq) from N2O (AR5),kilotonnes,8.1654,1.5894,7.0437,10.8619,8.3397,18.5208,4.1924,10.5136,7.9379,14.6427,14.452,12.1962,16.4463,3.3528,18.9524,24.8825,11.8616,70.95,4.1069,16.448,11.3036
Chile,Savanna fires,Emissions (CO2eq) (AR5),kilotonnes,17.6147,3.4288,15.1949,23.4317,17.9906,39.9536,9.0441,22.6803,17.124,31.5878,31.1763,26.3101,35.4785,7.2329,40.8847,53.6772,25.5883,153.0556,8.8595,35.4821,24.3844
Chile,Fires in organic soils,Emissions (CH4),kilotonnes,0,0,0,0,0,0,0,0,0,0,0,0,0,0,0,0,0,0,0,0,0
Chile,Fires in organic soils,Emissions (CO2),kilotonnes,0,0,0,0,0,0,0,0,0,0,0,0,0,0,0,0,0,0,0,0,0
Chile,Fires in organic soils,Emissions (CO2eq) from CH4 (AR5),kilotonnes,0,0,0,0,0,0,0,0,0,0,0,0,0,0,0,0,0,0,0,0,0
Chile,Fires in organic soils,Emissions (CO2eq) (AR5),kilotonnes,0,0,0,0,0,0,0,0,0,0,0,0,0,0,0,0,0,0,0,0,0
Chile,Forest fires,Emissions (CH4),kilotonnes,2.3526,0.5602,2.2234,1.6907,1.3545,2.2733,1.4836,1.7153,4.2462,1.9967,1.2224,3.0987,2.5198,0.9738,2.7586,10.411,1.8896,24.6495,0.7744,2.7291,3.7986
Chile,Forest fires,Emissions (N2O),kilotonnes,0.1301,0.0511,0.203,0.1544,0.1237,0.2076,0.1355,0.1566,0.3877,0.1823,0.1116,0.2829,0.2301,0.0889,0.2519,0.9506,0.1725,2.2506,0.0707,0.2492,0.3468
Chile,Forest fires,Emissions (CO2eq) from CH4 (AR5),kilotonnes,65.8729,15.6846,62.2561,47.3402,37.9248,63.6521,41.5396,48.0272,118.8924,55.9083,34.2281,86.7644,70.5534,27.2657,77.24,291.5087,52.9077,690.1855,21.6823,76.4159,106.36
Chile,Forest fires,Emissions (CO2eq) from N2O (AR5),kilotonnes,34.4882,13.5535,53.7974,40.9081,32.772,55.0037,35.8956,41.5018,102.7385,48.3121,29.5775,74.9758,60.9674,23.5611,66.7454,251.9015,45.7191,596.4103,18.7363,66.0333,91.9089
Chile,Forest fires,Emissions (CO2eq) (AR5),kilotonnes,100.361,29.2381,116.0536,88.2483,70.6968,118.6557,77.4352,89.529,221.6309,104.2204,63.8056,161.7402,131.5208,50.8269,143.9854,543.4102,98.6268,1286.5958,40.4186,142.4491,198.269
Chile,Fires in humid tropical forests,Emissions (CH4),kilotonnes,0,0,0,0,0,0,0,0,0,0,0,0,0,0,0,0,0,0,0,0,0
Chile,Fires in humid tropical forests,Emissions (N2O),kilotonnes,0,0,0,0,0,0,0,0,0,0,0,0,0,0,0,0,0,0,0,0,0
Chile,Fires in humid tropical forests,Emissions (CO2eq) from CH4 (AR5),kilotonnes,0,0,0,0,0,0,0,0,0,0,0,0,0,0,0,0,0,0,0,0,0
Chile,Fires in humid tropical forests,Emissions (CO2eq) from N2O (AR5),kilotonnes,0,0,0,0,0,0,0,0,0,0,0,0,0,0,0,0,0,0,0,0,0
Chile,Fires in humid tropical forests,Emissions (CO2eq) (AR5),kilotonnes,0,0,0,0,0,0,0,0,0,0,0,0,0,0,0,0,0,0,0,0,0
Chile,Waste - agri-food systems,Emissions (CH4),kilotonnes,162.9673,184.7342,206.6094,227.9723,249.6768,274.7653,285.1803,236.3632,249.7542,238.0907,243.4082,277.3825,268.6617,181.4048,176.7591,177.244,180.9263,183.2597,186.1746,188.7036,191.0473
Chile,Waste - agri-food systems,Emissions (N2O),kilotonnes,0.4643,0.4729,0.4871,0.5025,0.5222,0.5857,0.5914,0.5927,0.6067,0.5636,0.5826,0.6098,1.0324,0.6162,0.5309,0.5576,0.5987,0.609,0.6214,0.6308,0.6387
Chile,Waste - agri-food systems,Emissions (CO2),kilotonnes,1.22,1.2156,1.2147,1.2189,1.2314,1.2417,1.2528,1.2584,1.2604,1.2581,1.2696,1.2767,1.2797,1.2815,1.2782,1.275,1.2763,1.2813,1.2846,1.2817,1.277
Chile,Waste - agri-food systems,Emissions (CO2eq) from CH4 (AR5),kilotonnes,4563.0841,5172.5584,5785.0645,6383.2232,6990.9501,7693.427,7985.0491,6618.169,6993.1177,6666.54,6815.4303,7766.7101,7522.5275,5079.3332,4949.254,4962.8321,5065.9376,5131.2703,5212.8889,5283.7017,5349.324
Chile,Waste - agri-food systems,Emissions (CO2eq) from N2O (AR5),kilotonnes,123.0304,125.3229,129.0771,133.167,138.3832,155.2228,156.7145,157.0668,160.7852,149.3441,154.3816,161.6026,273.5948,163.292,140.688,147.7586,158.6505,161.3741,164.6601,167.1664,169.2453
Chile,Waste - agri-food systems,Emissions (CO2eq) (AR5),kilotonnes,4687.3344,5299.0968,5915.3564,6517.609,7130.5647,7849.8915,8143.0164,6776.4943,7155.1633,6817.1421,6971.0815,7929.5894,7797.402,5243.9066,5091.2203,5111.8657,5225.8644,5293.9257,5378.8336,5452.1498,5519.8463
Chile,Fertilizers Manufacturing,Emissions (N2O),kilotonnes,1.4367,1.4411,1.4518,1.4701,1.3801,1.4921,1.4136,1.3975,1.403,1.4605,1.393,1.4316,1.406,1.3627,1.3546,1.2851,1.3108,1.3252,1.297,1.2653,1.3123
Chile,Fertilizers Manufacturing,Emissions (CO2),kilotonnes,21.3853,111.8276,204.1245,299.7505,334.9107,557.4338,529.2709,642.9081,736.34,861.5931,912.8218,1032.1941,1106.5771,1162.8649,1246.17,1268.3089,1381.8907,1486.6094,1543.1257,1591.6846,1419.8126
Chile,Fertilizers Manufacturing,Emissions (CO2eq) from N2O (AR5),kilotonnes,380.7255,381.8915,384.727,389.5765,365.7265,395.4065,374.604,370.3375,371.795,387.0325,369.145,379.374,372.59,361.1155,358.969,340.5515,347.362,351.178,343.705,335.3045,347.7651
Chile,Fertilizers Manufacturing,Emissions (CO2eq) (AR5),kilotonnes,402.1108,493.7191,588.8515,689.327,700.6372,952.8403,903.8749,1013.2456,1108.135,1248.6256,1281.9668,1411.5681,1479.1671,1523.9804,1605.139,1608.8604,1729.2527,1837.7874,1886.8307,1926.9891,1767.5777
Chile,On-farm electricity use,Emissions (CH4),kilotonnes,0.1896,0.1704,0.2412,0.2064,0.162,0.1488,0.2172,0.2928,0.2256,0.1956,0.0936,0.1428,0.1584,0.1764,0.1188,0.1248,0.102,2.1984,3.066,3.6555,3.6555
Chile,On-farm electricity use,Emissions (N2O),kilotonnes,0.001,0.0009,0.0013,0.0011,0.0009,0.0008,0.0012,0.0016,0.0012,0.001,0.0005,0.0008,0.0008,0.001,0.0007,0.0006,0.0006,0.0118,0.0165,0.0196,0.0196
Chile,On-farm electricity use,Emissions (CO2),kilotonnes,53.3797,37.9674,54.6197,49.7328,43.4563,39.3978,55.0617,92.4476,75.202,60.5562,31.954,52.5278,63.753,54.6463,36.8026,38.6613,31.5982,681.0339,949.8043,1132.4047,1132.4047
Chile,On-farm electricity use,Emissions (CO2eq) from CH4 (AR5),kilotonnes,5.3088,4.7712,6.7536,5.7792,4.536,4.1664,6.0816,8.1984,6.3168,5.4768,2.6208,3.9984,4.4352,4.9392,3.3264,3.4944,2.856,61.5552,85.848,102.354,102.354
Chile,On-farm electricity use,Emissions (CO2eq) from N2O (AR5),kilotonnes,0.265,0.2385,0.3445,0.2915,0.2385,0.212,0.318,0.424,0.318,0.265,0.1325,0.212,0.212,0.265,0.1855,0.159,0.159,3.127,4.3725,5.194,5.194
Chile,On-farm electricity use,Emissions (CO2eq) (AR5),kilotonnes,58.9535,42.9771,61.7178,55.8035,48.2308,43.7762,61.4613,101.07,81.8368,66.298,34.7073,56.7382,68.4002,59.8505,40.3145,42.3147,34.6132,745.7161,1040.0248,1239.9527,1239.9527
Chile,Food Processing,Emissions (CH4),kilotonnes,0,0,0,0,0,0,0,0,0,0,0,0,0.0016,0.0001,0.0544,0.0545,0.0611,0.0695,0.0488,0.0488,0.0475
Chile,Food Processing,Emissions (N2O),kilotonnes,0,0,0,0,0,0,0,0,0,0,0,0,0.0003,0,0.0082,0.0082,0.0092,0.0104,0.0073,0.0073,0.0076
Chile,Food Processing,Emissions (CO2),kilotonnes,0,0,0,0,0,0,0,0,0,0,0,0,40.6505,4.5295,528.867,530.8866,592.851,675.8908,483.7842,483.7842,431.5446
Chile,Food Processing,Emissions (CO2eq) from CH4 (AR5),kilotonnes,0,0,0,0,0,0,0,0,0,0,0,0,0.0448,0.0028,1.5232,1.526,1.7108,1.946,1.3664,1.3664,1.3311
Chile,Food Processing,Emissions (CO2eq) from N2O (AR5),kilotonnes,0,0,0,0,0,0,0,0,0,0,0,0,0.0795,0,2.173,2.173,2.438,2.756,1.9345,1.9345,2.0064
Chile,Food Processing,Emissions (CO2eq) (AR5),kilotonnes,0,0,0,0,0,0,0,0,0,0,0,0,40.7748,4.5323,532.5632,534.5856,596.9998,680.5928,487.0851,487.0851,434.882
Chile,Food Packaging,Emissions (CH4),kilotonnes,0.9344,1.0993,1.1969,1.141,1.1785,1.1486,1.4647,1.647,1.6761,1.8058,1.5625,1.7595,2.3425,2.5023,1.7597,1.761,2.032,2.0135,2.2575,2.3239,2.2638
Chile,Food Packaging,Emissions (N2O),kilotonnes,0.0065,0.0067,0.0074,0.0069,0.0073,0.0071,0.0092,0.0106,0.0106,0.0113,0.0094,0.011,0.0134,0.0154,0.0113,0.011,0.0131,0.0128,0.0144,0.0145,0.015
Chile,Food Packaging,Emissions (CO2),kilotonnes,449.108,393.4941,448.6363,453.0324,498.6531,480.0417,582.6455,785.3147,776.079,856.5566,736.9096,880.1273,1247.2095,1046.8477,837.6349,808.6735,987.3774,969.3333,1105.6261,1104.6517,985.3701
Chile,Food Packaging,Emissions (CO2eq) from CH4 (AR5),kilotonnes,26.1632,30.7804,33.5132,31.948,32.998,32.1608,41.0116,46.116,46.9308,50.5624,43.75,49.266,65.59,70.0644,49.2716,49.308,56.896,56.378,63.21,65.0692,63.3864
Chile,Food Packaging,Emissions (CO2eq) from N2O (AR5),kilotonnes,1.7225,1.7755,1.961,1.8285,1.9345,1.8815,2.438,2.809,2.809,2.9945,2.491,2.915,3.551,4.081,2.9945,2.915,3.4715,3.392,3.816,3.8425,3.9853
Chile,Food Packaging,Emissions (CO2eq) (AR5),kilotonnes,476.9937,426.05,484.1105,486.8089,533.5856,514.084,626.0951,834.2397,825.8188,910.1135,783.1506,932.3083,1316.3505,1120.9931,889.901,860.8965,1047.7449,1029.1033,1172.6521,1173.5634,1052.7417
Chile,Food Retail,Emissions (CH4),kilotonnes,1.0315,1.1507,1.2136,1.3289,1.5284,1.6199,1.7056,1.7527,1.7491,1.8219,2.0659,2.147,2.1316,2.4957,2.6064,2.6977,2.7237,2.9386,2.7084,3.0232,2.945
Chile,Food Retail,Emissions (N2O),kilotonnes,0.0059,0.0064,0.007,0.0074,0.0094,0.0094,0.0102,0.0104,0.0106,0.0105,0.0128,0.0146,0.0124,0.0148,0.0151,0.016,0.0169,0.0184,0.0172,0.0183,0.019
Chile,Food Retail,Emissions (CO2),kilotonnes,412.768,363.6143,402.3234,478.194,601.6624,597.9901,608.013,755.6545,841.8386,815.7668,1026.5948,1218.217,1176.1898,1064.6747,1054.4223,1121.8452,1250.8531,1382.4963,1311.6696,1362.2167,1215.1229
Chile,Food Retail,Emissions (CO2eq) from CH4 (AR5),kilotonnes,28.882,32.2196,33.9808,37.2092,42.7952,45.3572,47.7568,49.0756,48.9748,51.0132,57.8452,60.116,59.6848,69.8796,72.9792,75.5356,76.2636,82.2808,75.8352,84.6496,82.4604
Chile,Food Retail,Emissions (CO2eq) from N2O (AR5),kilotonnes,1.5635,1.696,1.855,1.961,2.491,2.491,2.703,2.756,2.809,2.7825,3.392,3.869,3.286,3.922,4.0015,4.24,4.4785,4.876,4.558,4.8495,5.0297
Chile,Food Retail,Emissions (CO2eq) (AR5),kilotonnes,443.2135,397.5299,438.1592,517.3642,646.9486,645.8383,658.4728,807.4861,893.6224,869.5625,1087.832,1282.202,1239.1606,1138.4763,1131.403,1201.6208,1331.5952,1469.6531,1392.0628,1451.7158,1302.613
Chile,Food Household Consumption,Emissions (CH4),kilotonnes,2.8767,3.1974,3.3039,3.3648,3.587,3.7304,3.8449,4.0095,3.9347,4.0091,4.2064,4.2996,4.5603,4.8796,5.0901,5.2561,6.0753,5.6346,6.0095,6.0095,5.8541
Chile,Food Household Consumption,Emissions (N2O),kilotonnes,0.018,0.0196,0.0206,0.02,0.0219,0.022,0.0231,0.024,0.0228,0.0227,0.0244,0.0265,0.0252,0.0286,0.0294,0.0306,0.0349,0.0329,0.0348,0.0348,0.0361
Chile,Food Household Consumption,Emissions (CO2),kilotonnes,2080.2666,2045.2413,1999.6976,1914.9436,2149.6198,2146.3278,2142.802,2519.5157,2485.7693,2490.6173,2674.5076,2886.83,3126.2201,2864.6672,2831.1442,2821.9666,3257.4229,3197.2816,3355.6094,3355.6094,2993.2666
Chile,Food Household Consumption,Emissions (CO2eq) from CH4 (AR5),kilotonnes,80.5476,89.5272,92.5092,94.2144,100.436,104.4512,107.6572,112.266,110.1716,112.2548,117.7792,120.3888,127.6884,136.6288,142.5228,147.1708,170.1084,157.7688,168.266,168.266,163.9143
Chile,Food Household Consumption,Emissions (CO2eq) from N2O (AR5),kilotonnes,4.77,5.194,5.459,5.3,5.8035,5.83,6.1215,6.36,6.042,6.0155,6.466,7.0225,6.678,7.579,7.791,8.109,9.2485,8.7185,9.222,9.222,9.5647
Chile,Food Household Consumption,Emissions (CO2eq) (AR5),kilotonnes,2165.5842,2139.9625,2097.6658,2014.458,2255.8593,2256.609,2256.5807,2638.1417,2601.9829,2608.8876,2798.7528,3014.2413,3260.5865,3008.875,2981.458,2977.2464,3436.7798,3363.7689,3533.0974,3533.0974,3166.7456
Chile,Food Transport,Emissions (CH4),kilotonnes,0.2802,0.2546,0.2606,0.2514,0.2537,0.2555,0.2478,0.2578,0.2628,0.2805,0.3013,0.2914,0.3086,0.3387,0.3463,0.3523,0.3688,0.3709,0.3777,0.3534,0.3443
Chile,Food Transport,Emissions (N2O),kilotonnes,0.0387,0.0365,0.0385,0.0389,0.0402,0.043,0.0433,0.0474,0.0535,0.0552,0.0582,0.0569,0.0586,0.0633,0.0664,0.063,0.0684,0.0693,0.0705,0.0703,0.0729
Chile,Food Transport,Emissions (CO2),kilotonnes,1758.5685,1644.5825,1703.9235,1699.165,1735.7425,1878.2375,1866.6735,2002.865,2081.12,2122.76,2199.69,2273.995,2347.385,2562.665,2474.945,2575.037,2719.34,2808.015,2853.875,2833.467,2527.5058
Chile,Food Transport,Emissions (CO2eq) from CH4 (AR5),kilotonnes,7.8456,7.1288,7.2968,7.0392,7.1036,7.154,6.9384,7.2184,7.3584,7.854,8.4364,8.1592,8.6408,9.4836,9.6964,9.8644,10.3264,10.3852,10.5756,9.8952,9.6393
Chile,Food Transport,Emissions (CO2eq) from N2O (AR5),kilotonnes,10.2555,9.6725,10.2025,10.3085,10.653,11.395,11.4745,12.561,14.1775,14.628,15.423,15.0785,15.529,16.7745,17.596,16.695,18.126,18.3645,18.6825,18.6295,19.3218
Chile,Food Transport,Emissions (CO2eq) (AR5),kilotonnes,1776.6696,1661.3838,1721.4228,1716.5127,1753.4991,1896.7865,1885.0864,2022.6444,2102.6559,2145.242,2223.5494,2297.2327,2371.5548,2588.9231,2502.2374,2601.5964,2747.7924,2836.7647,2883.1331,2861.9917,2556.4669
Chile,Energy,Emissions (CH4),kilotonnes,210,211,195,175,166,165,148,139,139,142,136,138,148,166,130,117,115,121,121,116,113
Chile,Energy,Emissions (N2O),kilotonnes,1.38,1.33,1.36,1.32,1.41,1.45,1.52,1.66,1.78,1.79,1.76,1.96,2.59,2.85,2.4,2.4,2.57,2.73,2.72,2.96,3.07
Chile,Energy,Emissions (CO2),kilotonnes,57800,52100,53900,54500,58400,60200,63000,69400,69700,65000,70500,77100,78800,80800,76900,80900,83200,83300,83900,85200,76000
Chile,Energy,Emissions (CO2eq) from CH4 (AR5),kilotonnes,5880,5908,5460,4900,4648,4620,4144,3892,3892,3976,3808,3864,4144,4648,3640,3276,3220,3388,3388,3248,3164
Chile,Energy,Emissions (CO2eq) from N2O (AR5),kilotonnes,365.7,352.45,360.4,349.8,373.65,384.25,402.8,439.9,471.7,474.35,466.4,519.4,686.35,755.25,636,636,681.05,723.45,720.8,784.4,813.55
Chile,Energy,Emissions (CO2eq) (AR5),kilotonnes,64045.7,58360.45,59720.4,59749.8,63421.65,65204.25,67546.8,73731.9,74063.7,69450.35,74774.4,81483.4,83630.35,86203.25,81176,84812,87101.05,87411.45,88008.8,89232.4,79977.55
Chile,IPPU,Emissions (CH4),kilotonnes,3.65,3.73,5.13,6.46,4.83,3.89,3.53,3.16,2.79,2.4,1.94,1.48,0.862,0.406,0.374,0.437,1.02,0.992,1.28,0.0697,0.0679
Chile,IPPU,Emissions (N2O),kilotonnes,2.45,2.61,2.65,2.77,2.85,2.85,2.75,3.8,4.5,1.77,2.23,2.23,2.23,2.23,2.23,2.23,2.23,2.23,2.23,1.93,1.84
Chile,IPPU,Emissions (CO2),kilotonnes,2500,2520,3050,3520,3080,2740,2710,2680,2540,2160,1960,1880,1730,1510,1420,1450,1740,1470,1490,1080,1080
Chile,IPPU,Emissions (CO2eq) from F-gases (AR5),kilotonnes,146.7349,237.1081,254.5997,315.8202,383.8431,475.188,577.2222,722.9854,901.7883,991.1897,1214.6932,1525.6547,1807.4635,2001.8144,2322.4935,2545.997,2905.5462,3206.7901,3731.5376,3566.3393,3799.5604
Chile,IPPU,Emissions (CO2eq) from CH4 (AR5),kilotonnes,102.2,104.44,143.64,180.88,135.24,108.92,98.84,88.48,78.12,67.2,54.32,41.44,24.136,11.368,10.472,12.236,28.56,27.776,35.84,1.9516,1.9012
Chile,IPPU,Emissions (CO2eq) from N2O (AR5),kilotonnes,649.25,691.65,702.25,734.05,755.25,755.25,728.75,1007,1192.5,469.05,590.95,590.95,590.95,590.95,590.95,590.95,590.95,590.95,590.95,511.45,487.6
Chile,IPPU,Emissions (CO2eq) (AR5),kilotonnes,3398.1849,3553.1981,4150.4897,4750.7502,4354.3331,4079.358,4114.8122,4498.4654,4712.4083,3687.4397,3819.9632,4038.0447,4152.5495,4114.1324,4343.9155,4599.183,5265.0562,5295.5161,5848.3276,5159.7409,5369.0616
Chile,Waste,Emissions (CH4),kilotonnes,400,409,417,430,467,462,482,512,514,515,436,487,500,505,510,506,511,520,530,524,528
Chile,Waste,Emissions (N2O),kilotonnes,0.764,0.773,0.782,0.808,0.834,0.856,0.879,0.892,0.901,0.892,0.893,0.902,0.921,0.945,0.956,0.968,0.98,0.995,1,1.01,1.02
Chile,Waste,Emissions (CO2),kilotonnes,0.0164,0.0194,0.0223,0.0253,0.0298,0.0328,0.0357,0.0387,0.0417,0.0462,0.0491,0.0491,0.0491,0.0506,0.0506,0.0506,0.0521,0.0521,0.0521,0.0578,0.0594
Chile,Waste,Emissions (CO2eq) from CH4 (AR5),kilotonnes,11200,11452,11676,12040,13076,12936,13496,14336,14392,14420,12208,13636,14000,14140,14280,14168,14308,14560,14840,14672,14784
Chile,Waste,Emissions (CO2eq) from N2O (AR5),kilotonnes,202.46,204.845,207.23,214.12,221.01,226.84,232.935,236.38,238.765,236.38,236.645,239.03,244.065,250.425,253.34,256.52,259.7,263.675,265,267.65,270.3
Chile,Waste,Emissions (CO2eq) (AR5),kilotonnes,11402.4764,11656.8644,11883.2523,12254.1453,13297.0398,13162.8728,13728.9707,14572.4187,14630.8067,14656.4262,12444.6941,13875.0791,14244.1141,14390.4756,14533.3906,14424.5706,14567.7521,14823.7271,15105.0521,14939.7078,15054.3594
Chile,Other,Emissions (N2O),kilotonnes,1.53,1.4,1.44,1.41,1.56,1.64,1.66,2.03,2.12,2.02,1.99,2.13,2.5,2.6,2.32,2.37,2.5,2.51,2.5,2.72,2.79
Chile,Other,Emissions (CO2eq) from N2O (AR5),kilotonnes,405.45,371,381.6,373.65,413.4,434.6,439.9,537.95,561.8,535.3,527.35,564.45,662.5,689,614.8,628.05,662.5,665.15,662.5,720.8,739.35
Chile,Other,Emissions (CO2eq) (AR5),kilotonnes,405.45,371,381.6,373.65,413.4,434.6,439.9,537.95,561.8,535.3,527.35,564.45,662.5,689,614.8,628.05,662.5,665.15,662.5,720.8,739.35
Chile,Farm-gate emissions,Emissions (CH4),kilotonnes,292.4332,288.5539,284.85,282.8249,285.6678,284.4986,280.2007,263.2399,274.7163,268.4182,275.094,270.5274,270.856,222.0658,213.2221,200.9247,206.2881,206.5743,216.9289,217.5834,222.8939
Chile,Farm-gate emissions,Direct emissions (N2O),kilotonnes,12.0948,12.0792,12.3458,11.9444,13.3849,12.6111,12.9981,13.6072,14.8991,14.2192,14.2448,13.1698,13.1238,12.3292,12.2005,12.6967,11.7191,10.8473,10.8693,11.6952,11.8924
Chile,Farm-gate emissions,Indirect emissions (N2O),kilotonnes,3.5484,3.5561,3.6462,3.4987,3.9525,3.7008,3.8504,4.0378,4.4913,4.2015,4.258,3.9086,3.9146,3.7166,3.6662,3.8354,3.5065,3.1905,3.2129,3.4314,3.4959
Chile,Farm-gate emissions,Emissions (N2O),kilotonnes,17.2241,17.342,17.7539,17.1685,19.199,18.2491,18.8028,19.6437,21.4068,20.3953,20.6363,19.3303,19.4163,18.1997,18.0323,18.7683,17.4333,16.4821,16.3418,17.5095,17.7939
Chile,Farm-gate emissions,Emissions (CO2),kilotonnes,1656.3132,1534.8384,1634.0462,1467.4576,1774.9729,1440.1805,1420.9587,1440.6649,1499.1033,1536.1617,1904.6997,2163.1973,1894.3803,1678.5511,1616.4833,1676.702,1832.3531,2427.9765,2515.1263,2700.7517,2701.8807
Chile,Farm-gate emissions,Emissions (CO2eq) from CH4 (AR5),kilotonnes,8188.1302,8079.5097,7975.7993,7919.0972,7998.6989,7965.9611,7845.6189,7370.7168,7692.0557,7515.7102,7702.6312,7574.7671,7583.9694,6217.8421,5970.2174,5625.8908,5776.0656,5784.0804,6074.0083,6092.336,6241.0279
Chile,Farm-gate emissions,Emissions (CO2eq) from N2O (AR5),kilotonnes,4564.3752,4595.6235,4704.7788,4549.6572,5087.7415,4836.0001,4982.7459,5205.569,5672.7982,5404.7612,5468.6212,5122.526,5145.3147,4822.9266,4778.5574,4973.5914,4619.8278,4367.7685,4330.567,4640.0281,4715.3806
Chile,Farm-gate emissions,Emissions (CO2eq) (AR5),kilotonnes,14408.8186,14209.9716,14314.6243,13936.212,14861.4134,14242.1417,14249.3235,14016.9507,14863.9571,14456.6332,15075.9522,14860.4904,14623.6643,12719.3198,12365.2582,12276.1842,12228.2465,12579.8254,12919.7016,13433.1158,13658.2892
Chile,Land Use change,Emissions (CH4),kilotonnes,0,0,0,0,0,0,0,0,0,0,0,0,0,0,0,0,0,0,0,0,0
Chile,Land Use change,Emissions (N2O),kilotonnes,0,0,0,0,0,0,0,0,0,0,0,0,0,0,0,0,0,0,0,0,0
Chile,Land Use change,Emissions (CO2),kilotonnes,3010.0184,0,0,0,0,0,0,0,0,0,0,0,0,0,0,0,0,0,0,0,0
Chile,Land Use change,Emissions (CO2eq) from CH4 (AR5),kilotonnes,0,0,0,0,0,0,0,0,0,0,0,0,0,0,0,0,0,0,0,0,0
Chile,Land Use change,Emissions (CO2eq) from N2O (AR5),kilotonnes,0,0,0,0,0,0,0,0,0,0,0,0,0,0,0,0,0,0,0,0,0
Chile,Land Use change,Emissions (CO2eq) (AR5),kilotonnes,3010.0184,0,0,0,0,0,0,0,0,0,0,0,0,0,0,0,0,0,0,0,0
Chile,Emissions on agricultural land,Emissions (CH4),kilotonnes,292.4332,288.5539,284.85,282.8249,285.6678,284.4986,280.2007,263.2399,274.7163,268.4182,275.094,270.5274,270.856,222.0658,213.2221,200.9247,206.2881,206.5743,216.9289,217.5834,222.8939
Chile,Emissions on agricultural land,Emissions (N2O),kilotonnes,17.2241,17.342,17.7539,17.1685,19.199,18.2491,18.8028,19.6437,21.4068,20.3953,20.6363,19.3303,19.4163,18.1997,18.0323,18.7683,17.4333,16.4821,16.3418,17.5095,17.7939
Chile,Emissions on agricultural land,Emissions (CO2),kilotonnes,4666.3316,1534.8384,1634.0462,1467.4576,1774.9729,1440.1805,1420.9587,1440.6649,1499.1033,1536.1617,1904.6997,2163.1973,1894.3803,1678.5511,1616.4833,1676.702,1832.3531,2427.9765,2515.1263,2700.7517,2701.8807
Chile,Emissions on agricultural land,Emissions (CO2eq) from CH4 (AR5),kilotonnes,8188.1302,8079.5097,7975.7993,7919.0972,7998.6989,7965.9611,7845.6189,7370.7168,7692.0557,7515.7102,7702.6312,7574.7671,7583.9694,6217.8421,5970.2174,5625.8908,5776.0656,5784.0804,6074.0083,6092.336,6241.0279
Chile,Emissions on agricultural land,Emissions (CO2eq) from N2O (AR5),kilotonnes,4564.3752,4595.6235,4704.7788,4549.6572,5087.7415,4836.0001,4982.7459,5205.569,5672.7982,5404.7612,5468.6212,5122.526,5145.3147,4822.9266,4778.5574,4973.5914,4619.8278,4367.7685,4330.567,4640.0281,4715.3806
Chile,Emissions on agricultural land,Emissions (CO2eq) (AR5),kilotonnes,17418.837,14209.9716,14314.6243,13936.212,14861.4134,14242.1417,14249.3235,14016.9507,14863.9571,14456.6332,15075.9522,14860.4904,14623.6643,12719.3198,12365.2582,12276.1842,12228.2465,12579.8254,12919.7016,13433.1158,13658.2892
Chile,Pre- and post- production,Emissions (CH4),kilotonnes,168.2797,190.6066,212.8256,234.2648,256.3864,281.6685,292.6605,244.323,257.6025,246.2036,251.6379,286.0228,278.1647,191.7976,186.7348,187.4904,192.2892,196.4852,200.6425,204.1179,206.1575
Chile,Pre- and post- production,Emissions (N2O),kilotonnes,1.9711,1.9841,2.0137,2.0469,1.982,2.1601,2.092,2.0842,2.1084,2.1248,2.0809,2.1512,2.5491,2.102,2.0166,1.9721,2.0526,2.0898,2.0791,2.0609,2.1212
Chile,Pre- and post- production,Emissions (CO2),kilotonnes,4776.6961,4597.9428,4814.5397,4896.0372,5365.2762,5700.6704,5785.7194,6799.964,6997.6093,7209.1081,7583.7474,8345.1679,9109.2647,8762.1768,9011.2642,9166.6541,10222.6096,11201.9416,11604.7789,11865.1,10706.3041
Chile,Pre- and post- production,Emissions (CO2eq) from CH4 (AR5),kilotonnes,4711.8313,5336.9856,5959.1181,6559.4132,7178.8189,7886.7166,8194.4947,6841.0434,7212.8701,6893.7012,7045.8619,8008.6385,7788.6115,5370.3316,5228.5736,5249.7313,5384.0988,5501.5843,5617.9901,5715.3021,5772.4094
Chile,Pre- and post- production,Emissions (CO2eq) from N2O (AR5),kilotonnes,522.3324,525.7909,533.6261,542.433,525.2302,572.4388,554.3735,552.3143,558.7357,563.0621,551.4311,570.0736,675.5203,557.029,534.3985,522.6011,543.934,553.7861,550.9506,546.1429,562.1123
Chile,Pre- and post- production,Emissions (CO2eq) (AR5),kilotonnes,10010.8597,10460.7192,11307.284,11997.8833,13069.3253,14159.8258,14534.5876,14193.3218,14769.2151,14665.8713,15181.0404,16923.88,17573.3965,14689.5373,14774.2364,14938.9865,16150.6424,17257.312,17773.7196,18126.545,17040.8259
Chile,Agri-food systems,Emissions (CH4),kilotonnes,460.7129,479.1605,497.6756,517.0897,542.0542,566.1671,572.8612,507.5629,532.3188,514.6218,526.7319,556.5502,549.0207,413.8633,399.9568,388.4151,398.5773,403.0595,417.5714,421.7014,429.0513
Chile,Agri-food systems,Emissions (N2O),kilotonnes,19.1951,19.3261,19.7676,19.2154,21.181,20.4092,20.8948,21.7279,23.5152,22.5201,22.7172,21.4815,21.9654,20.3017,20.0489,20.7403,19.4859,18.5719,18.4208,19.5705,19.9151
Chile,Agri-food systems,Emissions (CO2),kilotonnes,9443.0277,6132.7812,6448.5859,6363.4948,7140.2492,7140.8508,7206.6781,8240.6289,8496.7126,8745.2698,9488.4471,10508.3651,11003.6449,10440.7279,10627.7476,10843.3561,12054.9627,13629.9181,14119.9052,14565.8517,13408.1849
Chile,Agri-food systems,Emissions (CO2eq) from CH4 (AR5),kilotonnes,12899.9614,13416.4953,13934.9174,14478.5104,15177.5178,15852.6777,16040.1136,14211.7602,14904.9258,14409.4114,14748.4932,15583.4056,15372.5809,11588.1736,11198.7911,10875.6221,11160.1644,11285.6647,11691.9984,11807.6382,12013.4374
Chile,Agri-food systems,Emissions (CO2eq) from N2O (AR5),kilotonnes,5086.7076,5121.4144,5238.4049,5092.0901,5612.9717,5408.4389,5537.1194,5757.8834,6231.5339,5967.8233,6020.0524,5692.5996,5820.835,5379.9556,5312.9559,5496.1925,5163.7618,4921.5545,4881.5176,5186.1709,5277.4929
Chile,Agri-food systems,Emissions (CO2eq) (AR5),kilotonnes,27429.6967,24670.6909,25621.9082,25934.0953,27930.7387,28401.9675,28783.9111,28210.2725,29633.1722,29122.5045,30256.9926,31784.3704,32197.0608,27408.8571,27139.4946,27215.1706,28378.8889,29837.1374,30693.4212,31559.6608,30699.1151
Chile,IPCC Agriculture,Emissions (CH4),kilotonnes,292.1501,288.2831,284.5381,282.6059,285.0048,284.1663,279.8101,263.0244,274.3955,268.1953,274.902,270.3618,270.719,221.9534,213.1236,200.8248,206.1878,206.4075,216.7729,217.4159,222.7263
Chile,IPCC Agriculture,Emissions (CH4),kilotonnes,332.4,,,,,,291.9381,,,,289.8,,,291.9,,,263.6,,,,
Chile,IPCC Agriculture,Direct emissions (N2O),kilotonnes,12.0948,12.0792,12.3458,11.9444,13.3849,12.6111,12.9981,13.6072,14.8991,14.2192,14.2448,13.1698,13.1238,12.3292,12.2005,12.6967,11.7191,10.8473,10.8693,11.6952,11.8924
Chile,IPCC Agriculture,Indirect emissions (N2O),kilotonnes,3.5484,3.5561,3.6462,3.4987,3.9525,3.7008,3.8504,4.0378,4.4913,4.2015,4.258,3.9086,3.9146,3.7166,3.6662,3.8354,3.5065,3.1905,3.2129,3.4314,3.4959
Chile,IPCC Agriculture,Emissions (N2O),kilotonnes,17.1535,17.2917,17.7005,17.1422,19.1089,18.208,18.7678,19.599,21.3226,20.3185,20.4518,19.068,19.1825,17.9809,17.8357,18.5906,17.2026,16.1857,16.0208,17.1637,17.4481
Chile,IPCC Agriculture,Emissions (N2O),kilotonnes,17.9,,,,,,23.452,,,,18.5,,,16.8,,,15.9,,16.7,,
Chile,IPCC Agriculture,Emissions (CO2eq) from CH4 (AR5),kilotonnes,8180.2022,8071.9254,7967.0663,7912.9662,7980.1346,7956.6575,7834.6833,7364.6825,7683.0728,7509.4677,7697.2552,7570.1302,7580.1318,6214.6953,5967.4606,5623.0948,5773.2589,5779.4105,6069.6402,6087.6458,6236.3377
Chile,IPCC Agriculture,Emissions (CO2eq) from CH4 (AR5),kilotonnes,9307.2,,,,,,8174.2668,,,,8114.4,,,8173.2,,,7380.8,,,,
Chile,IPCC Agriculture,Emissions (CO2eq) from N2O (AR5),kilotonnes,4545.6795,4582.2913,4690.6295,4542.6882,5063.8688,4825.1177,4973.4555,5193.7309,5650.4982,5384.3998,5419.739,5053.0293,5083.3706,4764.9352,4726.4731,4926.512,4558.6848,4289.2227,4245.5221,4548.391,4623.7435
Chile,IPCC Agriculture,Emissions (CO2eq) from N2O (AR5),kilotonnes,4743.5,,,,,,6214.78,,,,4902.5,,,4452,,,4213.5,,4425.5,,
Chile,IPCC Agriculture,Emissions (CO2eq) (AR5),kilotonnes,12725.8817,12654.2167,12657.6959,12455.6544,13044.0034,12781.7752,12808.1387,12558.4133,13333.571,12893.8675,13116.9942,12623.1595,12663.5024,10979.6304,10693.9337,10549.6069,10331.9438,10068.6332,10315.1623,10636.0368,10860.0812
Chile,IPCC Agriculture,Emissions (CO2eq) (AR5),kilotonnes,14050.7,,,,,,14389.0468,,,,13016.9,,,12625.2,,,11594.3,,4425.5,,
Chile,Agricultural Soils,Direct emissions (N2O),kilotonnes,12.0948,12.0792,12.3458,11.9444,13.3849,12.6111,12.9981,13.6072,14.8991,14.2192,14.2448,13.1698,13.1238,12.3292,12.2005,12.6967,11.7191,10.8473,10.8693,11.6952,11.8924
Chile,Agricultural Soils,Indirect emissions (N2O),kilotonnes,3.5484,3.5561,3.6462,3.4987,3.9525,3.7008,3.8504,4.0378,4.4913,4.2015,4.258,3.9086,3.9146,3.7166,3.6662,3.8354,3.5065,3.1905,3.2129,3.4314,3.4959
Chile,Agricultural Soils,Emissions (N2O),kilotonnes,16.357,16.3472,16.7023,16.1527,18.0481,17.0228,17.559,18.3553,20.1022,19.1306,19.2125,17.7883,17.7464,16.7538,16.5726,17.238,15.938,14.7531,14.808,15.8606,16.123
Chile,Agricultural Soils,Emissions (N2O),kilotonnes,17,,,,,,22.2349,,,,17.6,,,15.9,,,15,,15.8,,
Chile,Agricultural Soils,Emissions (CO2eq) from N2O (AR5),kilotonnes,4334.5941,4332.0094,4426.118,4280.4704,4782.7468,4511.0484,4653.1431,4864.1597,5327.0822,5069.6148,5091.3011,4713.8879,4702.8051,4439.749,4391.7493,4568.0618,4223.5822,3909.58,3924.1173,4203.0603,4272.6039
Chile,Agricultural Soils,Emissions (CO2eq) from N2O (AR5),kilotonnes,4505,,,,,,5892.2485,,,,4664,,,4213.5,,,3975,,4187,,
Chile,Agricultural Soils,Emissions (CO2eq) (AR5),kilotonnes,4334.5941,4332.0094,4426.118,4280.4704,4782.7468,4511.0484,4653.1431,4864.1597,5327.0822,5069.6148,5091.3011,4713.8879,4702.8051,4439.749,4391.7493,4568.0618,4223.5822,3909.58,3924.1173,4203.0603,4272.6039
Chile,Agricultural Soils,Emissions (CO2eq) (AR5),kilotonnes,4505,,,,,,5892.2485,,,,4664,,,4213.5,,,3975,,4187,,
Chile,LULUCF,Emissions (CH4),kilotonnes,2.3526,0.5602,2.2234,1.6907,1.3545,2.2733,1.4836,1.7153,4.2462,1.9967,1.2224,3.0987,2.5198,0.9738,2.7586,10.411,1.8896,24.6495,0.7744,2.7291,3.7986
Chile,LULUCF,Emissions (CH4),kilotonnes,2.2,,,,,,71.2528,,,,6.5,,,1.5,,,5,,4.6,,
Chile,LULUCF,Emissions (N2O),kilotonnes,0.1301,0.0511,0.203,0.1544,0.1237,0.2076,0.1355,0.1566,0.3877,0.1823,0.1116,0.2829,0.2301,0.0889,0.2519,0.9506,0.1725,2.2506,0.0707,0.2492,0.3468
Chile,LULUCF,Emissions (N2O),kilotonnes,0.1,,,,,,1.361,,,,0.4,,,0.1,,,0.3,,0.3,,
Chile,LULUCF,Emissions (CO2),kilotonnes,-16747.1289,-35476.6843,-35478.951,-35479.9611,-35478.2917,-35478.0991,-35478.5838,-35478.9518,-35476.7812,-35479.5833,-35479.9198,-80741.0053,-80743.5383,-80743.4774,-80746.4653,-80746.4653,-57264.9802,-57260.7701,-57246.1094,-57234.6168,-57233.4878
Chile,LULUCF,Emissions (CO2),kilotonnes,-73455.9,,,,,,-21304.1444,,,,-77237.5,,,-77623.2,,,-74907.5,,-64184.7,,
Chile,LULUCF,Emissions (CO2eq) from CH4 (AR5),kilotonnes,65.8729,15.6846,62.2561,47.3402,37.9248,63.6521,41.5396,48.0272,118.8924,55.9083,34.2281,86.7644,70.5534,27.2657,77.24,291.5087,52.9077,690.1855,21.6823,76.4159,106.36
Chile,LULUCF,Emissions (CO2eq) from N2O (AR5),kilotonnes,34.4882,13.5535,53.7974,40.9081,32.772,55.0037,35.8956,41.5018,102.7385,48.3121,29.5775,74.9758,60.9674,23.5611,66.7454,251.9015,45.7191,596.4103,18.7363,66.0333,91.9089
Chile,LULUCF,Emissions (CO2eq) (AR5),kilotonnes,-16646.7678,-35447.4461,-35362.8974,-35391.7128,-35407.595,-35359.4434,-35401.1486,-35389.4228,-35255.1503,-35375.3629,-35416.1143,-80579.2652,-80612.0175,-80692.6506,-80602.4799,-80203.0552,-57166.3533,-55974.1742,-57205.6908,-57092.1677,-57035.2188
Chile,LULUCF,Emissions (CO2eq) (AR5),kilotonnes,-73455.9,,,,,,-21304.1444,,,,-77237.5,,,-77623.2,,,-74907.5,,-64184.7,,
Chile,AFOLU,Emissions (CH4),kilotonnes,294.5027,288.8432,286.7615,284.2967,286.3593,286.4396,281.2937,264.7396,278.6416,270.192,276.1244,273.4605,273.2388,222.9272,215.8822,211.2358,208.0774,231.057,217.5472,220.1451,226.5249
Chile,AFOLU,Emissions (N2O),kilotonnes,17.2837,17.3428,17.9035,17.2966,19.2326,18.4156,18.9032,19.7556,21.7103,20.5008,20.5635,19.351,19.4126,18.0698,18.0876,19.5412,17.3751,18.4364,16.0915,17.4129,17.7949
Chile,AFOLU,Emissions (CO2),kilotonnes,-16747.1289,-35476.6843,-35478.951,-35479.9611,-35478.2917,-35478.0991,-35478.5838,-35478.9518,-35476.7812,-35479.5833,-35479.9198,-80741.0053,-80743.5383,-80743.4774,-80746.4653,-80746.4653,-57264.9802,-57260.7701,-57246.1094,-57234.6168,-57233.4878
Chile,AFOLU,Emissions (CO2eq) from CH4 (AR5),kilotonnes,8246.075,8087.61,8029.3225,7960.3064,8018.0594,8020.3096,7876.2228,7412.7097,7801.9652,7565.376,7731.4833,7656.8946,7650.6852,6241.961,6044.7006,5914.6035,5826.1666,6469.596,6091.3225,6164.0616,6342.6977
Chile,AFOLU,Emissions (CO2eq) from N2O (AR5),kilotonnes,4580.1677,4595.8448,4744.4269,4583.5963,5096.6407,4880.1214,5009.3511,5235.2327,5753.2367,5432.7118,5449.3165,5128.0051,5144.338,4788.4963,4793.2185,5178.4135,4604.404,4885.633,4264.2584,4614.4243,4715.6524
Chile,AFOLU,Emissions (CO2eq) (AR5),kilotonnes,-3920.8861,-22793.2294,-22705.2016,-22936.0585,-22363.5916,-22577.6682,-22593.0098,-22831.0095,-21921.5793,-22481.4955,-22299.12,-67956.1056,-67948.5151,-69713.0201,-69908.5462,-69653.4483,-46834.4096,-45905.5411,-46890.5285,-46456.1309,-46175.1377
Chile,All sectors with LULUCF,Emissions (CH4),kilotonnes,908.1527,912.5732,903.8915,895.7567,924.1893,917.3296,914.8237,918.8996,934.4316,929.592,850.0644,899.9405,922.1008,894.3332,856.2562,834.6728,835.0974,873.049,869.8272,860.2148,867.5928
Chile,All sectors with LULUCF,Emissions (N2O),kilotonnes,23.4077,23.4558,24.1355,23.6046,25.8866,25.2116,25.7122,28.1376,31.0113,26.9728,27.4365,26.573,27.6536,26.6948,25.9936,27.5092,25.6551,26.9014,24.5415,26.0329,26.5149
Chile,All sectors with LULUCF,Emissions (CO2),kilotonnes,43552.8875,19143.3351,21471.0713,22540.0642,26001.7381,27461.9337,30231.4519,36601.0869,36763.2605,31680.4629,36980.1293,-1760.9562,-213.4892,1566.5732,-2426.4147,1603.5853,27675.0719,27509.282,28143.9427,29045.441,19846.5716
Chile,All sectors with LULUCF,Emissions (CO2eq) from F-gases (AR5),kilotonnes,146.7349,237.1081,254.5997,315.8202,383.8431,475.188,577.2222,722.9854,901.7883,991.1897,1214.6932,1525.6547,1807.4635,2001.8144,2322.4935,2545.997,2905.5462,3206.7901,3731.5376,3566.3393,3799.5604
Chile,All sectors with LULUCF,Emissions (CO2eq) from CH4 (AR5),kilotonnes,25428.275,25552.05,25308.9625,25081.1864,25877.2994,25685.2296,25615.0628,25729.1897,26164.0852,26028.576,23801.8033,25198.3346,25818.8212,25041.329,23975.1726,23370.8395,23382.7266,24445.372,24355.1625,24086.0132,24292.5989
Chile,All sectors with LULUCF,Emissions (CO2eq) from N2O (AR5),kilotonnes,6203.0277,6215.7898,6395.9069,6255.2163,6859.9507,6681.0614,6813.7361,7456.4627,8218.0017,7147.7918,7270.6615,7041.8351,7328.203,7074.1213,6888.3085,7289.9335,6798.604,7128.858,6503.5084,6898.7243,7026.4524
Chile,All sectors with LULUCF,Emissions (CO2eq) (AR5),kilotonnes,75330.9252,51148.2831,53430.5404,54192.2871,59122.8313,60303.4126,63237.4731,70509.7246,72047.1356,65848.0204,69267.2873,32004.8682,34740.9985,35683.8379,30759.5599,34810.3553,60761.9488,62290.3022,62734.1512,63596.5178,54965.1834
Chile,All sectors without LULUCF,Emissions (CH4),kilotonnes,905.8001,912.0131,901.6681,894.0659,922.8348,915.0563,913.3401,917.1844,930.1855,927.5953,848.842,896.8418,919.581,893.3594,853.4976,824.2618,833.2078,848.3995,869.0529,857.4856,863.7942
Chile,All sectors without LULUCF,Emissions (N2O),kilotonnes,23.2775,23.4047,23.9325,23.4502,25.7629,25.004,25.5768,27.981,30.6236,26.7905,27.3248,26.29,27.4235,26.6059,25.7417,26.5586,25.4826,24.6507,24.4708,25.7837,26.1681
Chile,All sectors without LULUCF,Emissions (CO2),kilotonnes,60300.0164,54620.0194,56950.0223,58020.0253,61480.0298,62940.0328,65710.0357,72080.0387,72240.0417,67160.0462,72460.0491,78980.0491,80530.0491,82310.0506,78320.0506,82350.0506,84940.0521,84770.0521,85390.0521,86280.0578,77080.0594
Chile,All sectors without LULUCF,Emissions (CO2eq) from F-gases (AR5),kilotonnes,146.7349,237.1081,254.5997,315.8202,383.8431,475.188,577.2222,722.9854,901.7883,991.1897,1214.6932,1525.6547,1807.4635,2001.8144,2322.4935,2545.997,2905.5462,3206.7901,3731.5376,3566.3393,3799.5604
Chile,All sectors without LULUCF,Emissions (CO2eq) from CH4 (AR5),kilotonnes,25362.4022,25536.3654,25246.7063,25033.8462,25839.3746,25621.5775,25573.5233,25681.1625,26045.1928,25972.6677,23767.5752,25111.5702,25748.2678,25014.0633,23897.9326,23079.3308,23329.8189,23755.1865,24333.4802,24009.5974,24186.2389
Chile,All sectors without LULUCF,Emissions (CO2eq) from N2O (AR5),kilotonnes,6168.5395,6202.2363,6342.1095,6214.3082,6827.1788,6626.0577,6777.8405,7414.9609,8115.2632,7099.4798,7241.084,6966.8593,7267.2356,7050.5602,6821.5631,7038.032,6752.8848,6532.4477,6484.7721,6832.691,6934.5435
Chile,All sectors without LULUCF,Emissions (CO2eq) (AR5),kilotonnes,91977.6931,86595.7292,88793.4379,89583.9999,94530.4262,95662.856,98638.6217,105899.1475,107302.2859,101223.3833,104683.4015,112584.1333,115353.016,116376.4885,111362.0398,115013.4105,117928.3021,118264.4764,119939.842,120688.6855,112000.4022
China,Crop Residues,Direct emissions (N2O),kilotonnes,74.6139,72.7435,72.4388,68.6414,74.3962,76.9404,80.0447,80.3606,83.9075,84.7284,86.5971,89.4502,91.9146,93.437,94.3813,102.4598,102.2345,102.8351,101.9767,102.2999,103.1654
China,Crop Residues,Indirect emissions (N2O),kilotonnes,16.7881,16.3673,16.2987,15.4443,16.7391,17.3116,18.0101,18.0811,18.8792,19.0639,19.4843,20.1263,20.6808,21.0233,21.2358,23.0535,23.0028,23.1379,22.9448,23.0175,23.2122
China,Crop Residues,Emissions (N2O),kilotonnes,91.402,89.1108,88.7376,84.0857,91.1354,94.252,98.0548,98.4417,102.7867,103.7923,106.0814,109.5765,112.5954,114.4604,115.6171,125.5132,125.2373,125.973,124.9214,125.3174,126.3776
China,Crop Residues,Emissions (CO2eq) from N2O (AR5),kilotonnes,24221.5312,23614.3509,23515.4511,22282.7126,24150.8733,24976.7757,25984.5242,26087.0518,27238.4651,27504.9544,28111.5779,29037.7769,29837.775,30332.001,30638.5338,33261.0094,33187.878,33382.8569,33104.1788,33209.1044,33490.0741
China,Crop Residues,Emissions (CO2eq) (AR5),kilotonnes,24221.5312,23614.3509,23515.4511,22282.7126,24150.8733,24976.7757,25984.5242,26087.0518,27238.4651,27504.9544,28111.5779,29037.7769,29837.775,30332.001,30638.5338,33261.0094,33187.878,33382.8569,33104.1788,33209.1044,33490.0741
China,Rice Cultivation,Emissions (CH4),kilotonnes,5324.0139,5120.6765,5008.9549,4705.1266,5027.2878,5115.4269,5130.2622,5126.3851,5181.5315,5249.7254,5291.0481,5325.1923,5340.4395,5372.8227,5372.6538,5452.4326,5449.7583,5450.1202,5351.5872,5263.6067,5330.5951
China,Rice Cultivation,Emissions (CH4),kilotonnes,,,,,,,,,,,8729,,8458,,8911,,,,,,
China,Rice Cultivation,Emissions (CO2eq) from CH4 (AR5),kilotonnes,149072.3903,143378.9412,140250.7361,131743.545,140764.0587,143231.9521,143647.3416,143538.7823,145082.883,146992.3109,148149.3475,149105.3857,149532.3059,150439.0351,150434.305,152668.1134,152593.2328,152603.3654,149844.4415,147380.9879,149256.6625
China,Rice Cultivation,Emissions (CO2eq) from CH4 (AR5),kilotonnes,,,,,,,,,,,244412,,236824,,249508,,,,,,
China,Rice Cultivation,Emissions (CO2eq) (AR5),kilotonnes,149072.3903,143378.9412,140250.7361,131743.545,140764.0587,143231.9521,143647.3416,143538.7823,145082.883,146992.3109,148149.3475,149105.3857,149532.3059,150439.0351,150434.305,152668.1134,152593.2328,152603.3654,149844.4415,147380.9879,149256.6625
China,Rice Cultivation,Emissions (CO2eq) (AR5),kilotonnes,,,,,,,,,,,244412,,236824,,249508,,,,,,
China,Burning - Crop residues,Emissions (CH4),kilotonnes,138.263,137.8027,137.234,131.0895,137.0564,141.4751,148.2068,151.3931,153.0659,157.8544,161.6979,164.8748,169.1431,172.7822,174.8196,196.7508,194.5786,189.487,187.7573,184.1141,184.1995
China,Burning - Crop residues,Emissions (N2O),kilotonnes,3.5846,3.5727,3.5579,3.3986,3.5533,3.6679,3.8424,3.925,3.9684,4.0925,4.1922,4.2745,4.3852,4.4795,4.5324,5.1009,5.0446,4.9126,4.8678,4.7733,4.7755
China,Burning - Crop residues,Emissions (CO2eq) from CH4 (AR5),kilotonnes,3871.364,3858.4747,3842.5519,3670.5056,3837.5806,3961.3022,4149.7911,4239.0058,4285.8456,4419.9239,4527.5411,4616.4942,4736.0063,4837.9019,4894.9492,5509.0227,5448.2014,5305.6354,5257.2045,5155.1942,5157.5861
China,Burning - Crop residues,Emissions (CO2eq) from N2O (AR5),kilotonnes,949.918,946.7554,942.8484,900.6333,941.6286,971.9862,1018.2358,1040.1264,1051.6195,1084.5184,1110.9244,1132.7509,1162.0756,1187.0778,1201.0755,1351.7509,1336.8272,1301.8457,1289.9622,1264.9319,1265.5188
China,Burning - Crop residues,Emissions (CO2eq) (AR5),kilotonnes,4821.2821,4805.23,4785.4003,4571.1389,4779.2091,4933.2884,5168.0269,5279.1322,5337.4652,5504.4423,5638.4655,5749.245,5898.0819,6024.9797,6096.0247,6860.7737,6785.0286,6607.4812,6547.1667,6420.1261,6423.1049
China,Enteric Fermentation,Emissions (CH4),kilotonnes,8411.5927,8233.0575,7962.028,7894.1772,7911.8479,7917.2798,7801.9473,7467.2249,7544.9042,7341.4264,7205.7678,6981.6008,6847.583,6780.7287,6788.9451,6841.1377,6901.019,6694.684,6759.5071,6702.5084,6686.1361
China,Enteric Fermentation,Emissions (CO2eq) from CH4 (AR5),kilotonnes,235524.5956,230525.6108,222936.783,221036.9626,221531.7404,221683.834,218454.5251,209082.2964,211257.3178,205559.9385,201761.498,195484.8227,191732.3243,189860.4046,190090.4623,191551.8546,193228.5309,187451.1521,189266.1998,187670.2341,187211.8111
China,Enteric Fermentation,Emissions (CO2eq) (AR5),kilotonnes,235524.5956,230525.6108,222936.783,221036.9626,221531.7404,221683.834,218454.5251,209082.2964,211257.3178,205559.9385,201761.498,195484.8227,191732.3243,189860.4046,190090.4623,191551.8546,193228.5309,187451.1521,189266.1998,187670.2341,187211.8111
China,Manure Management,Emissions (CH4),kilotonnes,1158.8238,1128.5266,1136.3277,1136.8392,1147.2294,1180.3358,1212.2006,1179.3211,1222.2509,1277.9515,1267.6523,1261.2894,1279.0454,1271.8591,1271.7676,1253.1668,1235.4325,1194.2235,1169.9985,937.6263,1122.7536
China,Manure Management,Emissions (N2O),kilotonnes,136.0011,132.6251,129.7883,127.4194,126.3125,125.7022,124.9363,120.1289,123.7407,123.4498,121.8627,117.9928,117.7694,116.5755,116.0556,116.2947,115.6034,113.0219,112.966,102.5502,109.366
China,Manure Management,Emissions (CO2eq) from CH4 (AR5),kilotonnes,32447.0673,31598.745,31817.1749,31831.4976,32122.4224,33049.4029,33941.616,33020.9894,34223.0248,35782.643,35494.2644,35316.1024,35813.2722,35612.0548,35609.4917,35088.6707,34592.1089,33438.2569,32759.9584,26253.5377,31437.1021
China,Manure Management,Emissions (CO2eq) from N2O (AR5),kilotonnes,36040.2784,35145.6472,34393.9079,33766.148,33472.8058,33311.0936,33108.11,31834.1489,32791.2727,32714.2091,32293.6036,31268.0921,31208.8781,30892.5172,30754.7445,30818.0947,30634.9106,29950.7941,29935.993,27175.8126,28981.9945
China,Manure Management,Emissions (CO2eq) (AR5),kilotonnes,68487.3457,66744.3922,66211.0829,65597.6456,65595.2282,66360.4965,67049.726,64855.1383,67014.2974,68496.8521,67787.868,66584.1945,67022.1503,66504.572,66364.2362,65906.7653,65227.0196,63389.0511,62695.9514,53429.3503,60419.0966
China,Manure left on Pasture,Direct emissions (N2O),kilotonnes,175.8297,174.6657,172.1853,170.4159,172.6031,174.1532,171.1418,165.559,169.1935,166.9921,165.2609,157.6658,156.8598,155.4896,154.1758,158.1609,160.9472,158.0675,158.3013,160.2176,157.2724
China,Manure left on Pasture,Indirect emissions (N2O),kilotonnes,50.9137,50.6535,49.8526,49.6636,50.4402,51.1054,50.1288,48.2729,49.1057,48.5218,47.8848,46.185,45.8529,45.5818,45.3021,46.6423,47.4845,46.3276,46.1622,46.7438,46.2315
China,Manure left on Pasture,Emissions (N2O),kilotonnes,226.7435,225.3192,222.0379,220.0795,223.0433,225.2585,221.2706,213.8319,218.2992,215.5139,213.1457,203.8508,202.7127,201.0714,199.4779,204.8032,208.4316,204.3951,204.4635,206.9614,203.5039
China,Manure left on Pasture,Emissions (CO2eq) from N2O (AR5),kilotonnes,60087.0247,59709.596,58840.0562,58321.0638,59106.4715,59693.5151,58636.7104,56665.443,57849.2787,57111.1746,56483.6142,54020.4531,53718.8683,53283.9136,52861.6427,54272.8493,55234.3819,54164.7051,54182.836,54844.7701,53928.5262
China,Manure left on Pasture,Emissions (CO2eq) (AR5),kilotonnes,60087.0247,59709.596,58840.0562,58321.0638,59106.4715,59693.5151,58636.7104,56665.443,57849.2787,57111.1746,56483.6142,54020.4531,53718.8683,53283.9136,52861.6427,54272.8493,55234.3819,54164.7051,54182.836,54844.7701,53928.5262
China,Manure applied to Soils,Direct emissions (N2O),kilotonnes,72.8442,72.0928,72.8681,72.226,73.8451,75.7437,76.3679,74.9935,77.6697,79.0874,79.0871,75.7546,76.686,76.1865,75.5325,76.1772,76.8407,75.7943,75.3643,69.8688,73.5617
China,Manure applied to Soils,Indirect emissions (N2O),kilotonnes,30.9588,30.6394,30.9689,30.6961,31.3842,32.1911,32.4564,31.8722,33.0096,33.6122,33.612,32.1957,32.5915,32.3792,32.1013,32.3753,32.6573,32.2126,32.0298,29.6942,31.2637
China,Manure applied to Soils,Emissions (N2O),kilotonnes,103.8029,102.7322,103.837,102.9221,105.2293,107.9348,108.8243,106.8657,110.6794,112.6996,112.6991,107.9503,109.2775,108.5657,107.6338,108.5526,109.498,108.0069,107.3941,99.5631,104.8254
China,Manure applied to Soils,Emissions (CO2eq) from N2O (AR5),kilotonnes,27507.7803,27224.0316,27516.8065,27274.3562,27885.766,28602.7164,28838.4324,28319.4036,29330.0365,29865.3885,29865.2503,28606.8393,28958.5481,28769.9136,28522.9649,28766.4335,29016.9825,28621.8283,28459.4347,26384.2116,27778.7258
China,Manure applied to Soils,Emissions (CO2eq) (AR5),kilotonnes,27507.7803,27224.0316,27516.8065,27274.3562,27885.766,28602.7164,28838.4324,28319.4036,29330.0365,29865.3885,29865.2503,28606.8393,28958.5481,28769.9136,28522.9649,28766.4335,29016.9825,28621.8283,28459.4347,26384.2116,27778.7258
China,Synthetic Fertilizers,Direct emissions (N2O),kilotonnes,347.9012,352.3569,396.892,398.9016,415.3628,421.5107,431.0655,442.6114,448.8009,457.7594,466.7594,476.075,483.9829,486.5439,489.3344,486.3313,479.9562,466.5752,444.4814,422.287,406.7577
China,Synthetic Fertilizers,Indirect emissions (N2O),kilotonnes,113.0679,114.516,128.9899,129.643,134.9929,136.991,140.0963,143.8487,145.8603,148.7718,151.6968,154.7244,157.2944,158.1268,159.0337,158.0577,155.9858,151.637,144.4565,137.2433,132.1962
China,Synthetic Fertilizers,Emissions (N2O),kilotonnes,460.9691,466.8729,525.8819,528.5447,550.3558,558.5017,571.1618,586.4601,594.6612,606.5312,618.4562,630.7993,641.2773,644.6707,648.3681,644.389,635.942,618.2122,588.9379,559.5303,538.9539
China,Synthetic Fertilizers,Emissions (CO2eq) from N2O (AR5),kilotonnes,122156.8129,123721.3175,139358.6963,140064.3375,145844.2805,148002.9564,151357.8679,155411.9236,157585.2147,160730.7787,163890.8957,167161.8246,169938.4812,170837.7257,171817.5508,170763.083,168524.6235,163826.228,156068.5384,148275.5276,142822.793
China,Synthetic Fertilizers,Emissions (CO2eq) (AR5),kilotonnes,122156.8129,123721.3175,139358.6963,140064.3375,145844.2805,148002.9564,151357.8679,155411.9236,157585.2147,160730.7787,163890.8957,167161.8246,169938.4812,170837.7257,171817.5508,170763.083,168524.6235,163826.228,156068.5384,148275.5276,142822.793
China,Drained organic soils,Emissions (CO2eq) (AR5),kilotonnes,4504.3512,4524.8167,4520.9765,4525.8171,4546.5338,4552.1746,4548.1882,4554.0223,4558.03,4570.4491,4570.4491,4578.819,4581.2692,4575.2937,4575.6192,4575.6192,4581.7833,4579.7159,4579.6328,4647.3772,4651.1286
China,Drained organic soils (CO2),Emissions (CO2),kilotonnes,3793.072,3810.3143,3807.0785,3811.156,3828.6096,3833.3619,3830.0046,3834.9204,3838.2968,3848.7595,3848.7595,3855.811,3857.8746,3852.8405,3853.1141,3853.1141,3858.3072,3856.5655,3856.4955,3913.7395,3916.9002
China,Drained organic soils (CO2),Emissions (CO2eq) (AR5),kilotonnes,3793.072,3810.3143,3807.0785,3811.156,3828.6096,3833.3619,3830.0046,3834.9204,3838.2968,3848.7595,3848.7595,3855.811,3857.8746,3852.8405,3853.1141,3853.1141,3858.3072,3856.5655,3856.4955,3913.7395,3916.9002
China,Drained organic soils (N2O),Emissions (N2O),kilotonnes,2.6841,2.6962,2.694,2.6968,2.7091,2.7125,2.7101,2.7136,2.716,2.7234,2.7234,2.7283,2.7298,2.7262,2.7264,2.7264,2.7301,2.7289,2.7288,2.7684,2.7707
China,Drained organic soils (N2O),Emissions (CO2eq) from N2O (AR5),kilotonnes,711.2792,714.5024,713.898,714.6611,717.9241,718.8127,718.1836,719.102,719.7333,721.6896,721.6896,723.008,723.3946,722.4532,722.5051,722.5051,723.4761,723.1504,723.1373,733.6377,734.2284
China,Drained organic soils (N2O),Emissions (CO2eq) (AR5),kilotonnes,711.2792,714.5024,713.898,714.6611,717.9241,718.8127,718.1836,719.102,719.7333,721.6896,721.6896,723.008,723.3946,722.4532,722.5051,722.5051,723.4761,723.1504,723.1373,733.6377,734.2284
China,On-farm energy use,Emissions (CH4),kilotonnes,136.6082,133.1892,103.2957,119.9355,134.86,147.4982,153.3114,159.8535,164.3099,169.1022,174.4298,179.7523,184.7194,199.3968,210.0426,214.1508,225.7656,230.3679,194.2298,191.0673,191.0673
China,On-farm energy use,Emissions (N2O),kilotonnes,17.7465,18.4196,11.1841,12.7069,14.4798,16.936,17.8822,16.1,14.6237,15.1204,16.0589,16.8851,17.6863,19.0756,19.7534,19.8222,19.9259,20.6055,19.4482,19.3872,19.3872
China,On-farm energy use,Emissions (CO2),kilotonnes,89964.3731,90744.3547,61719.9545,70933.2164,80310.7661,90840.2639,95187.5628,92776.87,90091.5353,92942.2827,96984.9208,101047.6167,104775.1365,112884.8565,118157.3986,119864.2588,123543.2997,126787.0148,113191.194,112198.512,112198.512
China,On-farm energy use,Emissions (CO2eq) from CH4 (AR5),kilotonnes,3825.0284,3729.2966,2892.2796,3358.1936,3776.0804,4129.9509,4292.7178,4475.8983,4600.6784,4734.8629,4884.0354,5033.0652,5172.1431,5583.1091,5881.193,5996.2225,6321.4361,6450.2998,5438.4338,5349.884,5349.884
China,On-farm energy use,Emissions (CO2eq) from N2O (AR5),kilotonnes,4702.8277,4881.1874,2963.789,3367.3221,3837.1525,4488.0508,4738.7904,4266.5108,3875.2713,4006.9034,4255.6096,4474.5473,4686.8584,5055.0235,5234.6509,5252.8958,5280.3687,5460.4682,5153.7767,5137.6031,5137.6031
China,On-farm energy use,Emissions (CO2eq) (AR5),kilotonnes,98492.2292,99354.8387,67576.0232,77658.732,87923.999,99458.2657,104219.071,101519.2791,98567.485,101684.049,106124.5657,110555.2292,114634.1379,123522.989,129273.2424,131113.3771,135145.1046,138697.7828,123783.4045,122685.9991,122685.9991
China,Forestland,Emissions (CO2),kilotonnes,-350983.5047,-333882.5239,-333882.5239,-333882.5239,-333882.5239,-333882.5239,-333882.5239,-333882.5239,-333882.5239,-333882.5239,-333882.5239,-711829.471,-711829.471,-711829.471,-711829.471,-711829.471,-651765.3001,-651765.3001,-651765.3001,-651765.3001,-651765.3001
China,Forestland,Emissions (CO2eq) (AR5),kilotonnes,-350983.5047,-333882.5239,-333882.5239,-333882.5239,-333882.5239,-333882.5239,-333882.5239,-333882.5239,-333882.5239,-333882.5239,-333882.5239,-711829.471,-711829.471,-711829.471,-711829.471,-711829.471,-651765.3001,-651765.3001,-651765.3001,-651765.3001,-651765.3001
China,Net Forest conversion,Emissions (CO2),kilotonnes,0,0,0,0,0,0,0,0,0,0,0,0,0,0,0,0,0,0,0,0,0
China,Net Forest conversion,Emissions (CO2eq) (AR5),kilotonnes,0,0,0,0,0,0,0,0,0,0,0,0,0,0,0,0,0,0,0,0,0
China,Savanna fires,Emissions (CH4),kilotonnes,5.2537,4.0777,4.5958,17.4669,9.6262,6.9991,4.9752,7.4591,14.1887,9.1093,10.8005,4.9839,4.1984,4.458,6.4075,4.8129,3.9181,3.0758,4.01,4.8583,3.1399
China,Savanna fires,Emissions (N2O),kilotonnes,0.4797,0.3723,0.4196,1.5948,0.8789,0.639,0.4543,0.6811,1.2955,0.8317,0.9861,0.455,0.3833,0.407,0.585,0.4394,0.3577,0.2808,0.3661,0.4436,0.2867
China,Savanna fires,Emissions (CO2eq) from CH4 (AR5),kilotonnes,147.103,114.1768,128.6838,489.0741,269.5337,195.9746,139.3064,208.8556,397.2828,255.0617,302.4142,139.5486,117.5549,124.825,179.4111,134.7606,109.7071,86.1235,112.281,136.0326,87.9164
China,Savanna fires,Emissions (CO2eq) from N2O (AR5),kilotonnes,127.116,98.6637,111.1996,422.6238,232.9123,169.3476,120.3789,180.4785,343.3042,220.4066,261.3253,120.5882,101.5828,107.865,155.0346,116.4508,94.8012,74.422,97.0254,117.5499,75.9712
China,Savanna fires,Emissions (CO2eq) (AR5),kilotonnes,274.219,212.8405,239.8833,911.6979,502.446,365.3222,259.6854,389.3341,740.587,475.4682,563.7395,260.1368,219.1377,232.69,334.4457,251.2114,204.5083,160.5455,209.3065,253.5825,163.8876
China,Fires in organic soils,Emissions (CH4),kilotonnes,0,0,0,0,0,0,0,0,0,0,0,0,0,0,0,0,0,0,0,0,0
China,Fires in organic soils,Emissions (CO2),kilotonnes,0,0,0,0,0,0,0,0,0,0,0,0,0,0,0,0,0,0,0,0,0
China,Fires in organic soils,Emissions (CO2eq) from CH4 (AR5),kilotonnes,0,0,0,0,0,0,0,0,0,0,0,0,0,0,0,0,0,0,0,0,0
China,Fires in organic soils,Emissions (CO2eq) (AR5),kilotonnes,0,0,0,0,0,0,0,0,0,0,0,0,0,0,0,0,0,0,0,0,0
China,Forest fires,Emissions (CH4),kilotonnes,39.529,13.7746,7.9956,28.4113,21.5841,10.8127,8.4824,11.9382,33.7599,14.5792,14.8052,8.7122,7.1048,7.5554,11.8794,10.6444,11.1282,5.9036,12.8163,12.5329,11.5683
China,Forest fires,Emissions (N2O),kilotonnes,2.1427,1.2577,0.73,2.5941,1.9707,0.9872,0.7745,1.09,3.0824,1.3311,1.3518,0.7955,0.6487,0.6898,1.0846,0.9719,1.0161,0.539,1.1702,1.1443,1.0562
China,Forest fires,Emissions (CO2eq) from CH4 (AR5),kilotonnes,1106.8128,385.6901,223.8768,795.5177,604.354,302.7542,237.5078,334.2702,945.2779,408.2181,414.5445,243.9417,198.9334,211.5515,332.6225,298.0429,311.5898,165.2995,358.855,350.9207,323.9129
China,Forest fires,Emissions (CO2eq) from N2O (AR5),kilotonnes,567.8282,333.2865,193.4588,687.4311,522.2407,261.6191,205.2377,288.8531,816.8434,352.7537,358.2205,210.7975,171.9044,182.8081,287.4292,257.548,269.2542,142.8403,310.0975,303.2412,279.903
China,Forest fires,Emissions (CO2eq) (AR5),kilotonnes,1674.641,718.9766,417.3356,1482.9488,1126.5947,564.3733,442.7455,623.1233,1762.1213,760.9718,772.7651,454.7392,370.8377,394.3597,620.0518,555.5909,580.844,308.1398,668.9525,654.1619,603.8159
China,Fires in humid tropical forests,Emissions (CH4),kilotonnes,0.0654,0.024,0.1784,0.0932,0.0506,0.0746,0.0426,0.0506,0.0027,0,0.032,0.0053,0.0586,0,0,0.0453,0.0346,0.008,0.0027,0,0
China,Fires in humid tropical forests,Emissions (N2O),kilotonnes,0.0019,0.0022,0.0163,0.0085,0.0046,0.0068,0.0039,0.0046,0.0002,0,0.0029,0.0005,0.0053,0,0,0.0041,0.0032,0.0007,0.0002,0,0
China,Fires in humid tropical forests,Emissions (CO2eq) from CH4 (AR5),kilotonnes,1.8325,0.6711,4.996,2.61,1.4168,2.0878,1.1929,1.4167,0.0746,0,0.8948,0.1491,1.6403,0,0,1.2677,0.9694,0.2237,0.0746,0,0
China,Fires in humid tropical forests,Emissions (CO2eq) from N2O (AR5),kilotonnes,0.5101,0.5799,4.3172,2.2554,1.2243,1.8042,1.0309,1.2242,0.0645,0,0.7733,0.1289,1.4175,0,0,1.0955,0.8377,0.1933,0.0644,0,0
China,Fires in humid tropical forests,Emissions (CO2eq) (AR5),kilotonnes,2.3426,1.251,9.3132,4.8655,2.641,3.892,2.2238,2.6409,0.1391,0,1.6681,0.278,3.0578,0,0,2.3632,1.807,0.417,0.139,0,0
China,Waste - agri-food systems,Emissions (CH4),kilotonnes,6063.673,6117.2635,6169.4093,6197.4488,6245.1169,6304.73,6361.0144,6414.127,6494.5766,6531.9445,6569.2816,6604.8583,6653.4181,6693.5722,6596.7603,6578.7929,6598.9681,6622.0778,6639.5967,6619.6041,6595.3513
China,Waste - agri-food systems,Emissions (N2O),kilotonnes,44.7777,44.9134,45.5693,46.1151,47.0259,47.937,48.3752,49.6937,52.0132,52.5666,53.8951,54.3625,55.5333,56.0962,55.2932,56.3757,56.7623,57.3904,57.4791,57.2345,56.9225
China,Waste - agri-food systems,Emissions (CO2),kilotonnes,10269.7241,10304.7131,10337.1276,10379.1076,10437.4191,10493.6254,10559.9912,10651.0909,10742.2234,10778.4966,10841.7585,10919.0282,10962.9551,11004.198,11036.9995,11057.2542,11063.3735,11096.7108,11140.3302,11149.9918,11158.8227
China,Waste - agri-food systems,Emissions (CO2eq) from CH4 (AR5),kilotonnes,169782.8453,171283.3768,172743.461,173528.5653,174863.2724,176532.4387,178108.4038,179595.5574,181848.1455,182894.4462,183939.8841,184936.0321,186295.7066,187420.022,184709.2884,184206.2001,184771.1062,185418.1776,185908.7066,185348.915,184669.8355
China,Waste - agri-food systems,Emissions (CO2eq) from N2O (AR5),kilotonnes,11866.098,11902.0428,12075.8664,12220.5135,12461.8551,12703.2918,12819.4185,13168.8179,13783.5062,13930.1587,14282.1905,14406.0701,14716.3181,14865.4818,14652.7016,14939.5513,15042.0135,15208.4545,15231.968,15167.142,15084.4574
China,Waste - agri-food systems,Emissions (CO2eq) (AR5),kilotonnes,191918.6674,193490.1327,195156.455,196128.1863,197762.5465,199729.3559,201487.8135,203415.4662,206373.8751,207603.1016,209063.8331,210261.1303,211974.9798,213289.7019,210398.9895,210203.0056,210876.4932,211723.3429,212281.0048,211666.0488,210913.1157
China,Fertilizers Manufacturing,Emissions (N2O),kilotonnes,65.814,67.7534,72.37,81.041,84.1255,81.6577,86.9636,94.2996,93.9476,98.1002,102.752,105.6232,108.2108,107.822,117.7085,114.3961,108.2099,101.9704,93.8515,91.0374,93.1064
China,Fertilizers Manufacturing,Emissions (CO2),kilotonnes,73063.4281,76044.6058,81460.0158,91218.29,95828.4669,94812.6103,101861.9425,109109.1109,108357.8646,116044.5216,124430.1644,129272.9894,129828.3027,128508.7501,139632.7521,136434.5409,131198.3513,121001.2812,110477.1537,107262.3863,108385.0501
China,Fertilizers Manufacturing,Emissions (CO2eq) from N2O (AR5),kilotonnes,17440.719,17954.6413,19178.05,21475.865,22293.2575,21639.2905,23045.354,24989.394,24896.114,25996.553,27229.28,27990.148,28675.862,28572.83,31192.7525,30314.9665,28675.6235,27022.156,24870.6475,24124.911,24673.2044
China,Fertilizers Manufacturing,Emissions (CO2eq) (AR5),kilotonnes,90504.1471,93999.247,100638.0658,112694.155,118121.7244,116451.9008,124907.2965,134098.5049,133253.9786,142041.0746,151659.4444,157263.1374,158504.1647,157081.5801,170825.5046,166749.5074,159873.9748,148023.4372,135347.8012,131387.2973,133058.2545
China,On-farm electricity use,Emissions (CH4),kilotonnes,80.7652,91.4966,72.7586,83.1887,92.275,93.1706,99.2555,105.4858,106.4567,112.7986,117.1893,121.5584,121.5191,123.2349,121.6179,124.7905,131.0399,141.0245,149.1136,154.6128,154.6128
China,On-farm electricity use,Emissions (N2O),kilotonnes,0.4312,0.4885,0.3884,0.4441,0.4926,0.4974,0.5299,0.5632,0.5684,0.6022,0.6257,0.649,0.6488,0.6582,0.6496,0.6666,0.6999,0.7533,0.7965,0.8258,0.8258
China,On-farm electricity use,Emissions (CO2),kilotonnes,59841.9034,65744.2353,53323.4428,62491.0046,67789.0778,67440.0197,71391.409,72326.1807,70739.161,74304.8708,74250.0595,77620.2378,74343.1417,84067.5924,82964.5013,85128.8109,89391.9581,96203.2357,101721.3443,105472.7129,105472.7129
China,On-farm electricity use,Emissions (CO2eq) from CH4 (AR5),kilotonnes,2261.4256,2561.9048,2037.2408,2329.2836,2583.7,2608.7768,2779.154,2953.6024,2980.7876,3158.3608,3281.3004,3403.6352,3402.5348,3450.5772,3405.3012,3494.134,3669.1172,3948.686,4175.1808,4329.1584,4329.1584
China,On-farm electricity use,Emissions (CO2eq) from N2O (AR5),kilotonnes,114.268,129.4525,102.926,117.6865,130.539,131.811,140.4235,149.248,150.626,159.583,165.8105,171.985,171.932,174.423,172.144,176.649,185.4735,199.6245,211.0725,218.837,218.837
China,On-farm electricity use,Emissions (CO2eq) (AR5),kilotonnes,62217.597,68435.5926,55463.6096,64937.9747,70503.3168,70180.6075,74310.9865,75429.0311,73870.5746,77622.8146,77697.1704,81195.858,77917.6085,87692.5926,86541.9465,88799.5939,93246.5488,100351.5462,106107.5976,110020.7083,110020.7083
China,Food Processing,Emissions (CH4),kilotonnes,4.3309,4.3214,4.5037,4.5859,4.6701,4.9799,4.9484,4.986,4.9138,4.9316,5.1256,5.1978,5.3042,5.4345,5.586,5.708,5.8685,5.8636,5.6825,5.7099,5.8434
China,Food Processing,Emissions (N2O),kilotonnes,0.036,0.0339,0.0353,0.0366,0.0369,0.0368,0.0371,0.0368,0.0341,0.0345,0.035,0.036,0.0396,0.0418,0.0787,0.0765,0.0729,0.0677,0.0579,0.0581,0.0585
China,Food Processing,Emissions (CO2),kilotonnes,4015.5299,3773.3461,3860.5872,3785.1715,3805.3329,3862.6944,3693.5949,3867.9016,3585.8813,3622.1661,3818.4109,4011.1628,4352.7846,4120.1054,8630.2633,8367.7049,7977.7466,7373.2757,6280.2367,6282.7776,5994.8132
China,Food Processing,Emissions (CO2eq) from CH4 (AR5),kilotonnes,121.2652,120.9992,126.1036,128.4052,130.7628,139.4372,138.5552,139.608,137.5864,138.0848,143.5168,145.5384,148.5176,152.166,156.408,159.824,164.318,164.1808,159.11,159.8772,163.6147
China,Food Processing,Emissions (CO2eq) from N2O (AR5),kilotonnes,9.54,8.9835,9.3545,9.699,9.7785,9.752,9.8315,9.752,9.0365,9.1425,9.275,9.54,10.494,11.077,20.8555,20.2725,19.3185,17.9405,15.3435,15.3965,15.4899
China,Food Processing,Emissions (CO2eq) (AR5),kilotonnes,4146.3351,3903.3288,3996.0453,3923.2757,3945.8742,4011.8836,3841.9816,4017.2616,3732.5042,3769.3934,3971.2027,4166.2412,4511.7962,4283.3484,8807.5268,8547.8014,8161.3831,7555.397,6454.6902,6458.0513,6173.9178
China,Food Packaging,Emissions (CH4),kilotonnes,23.1772,24.8756,29.5753,33.0221,38.4616,43.5252,48.547,51.7361,53.8454,57.46,64.2567,69.814,72.1338,78.3524,83.5958,85.4218,88.7392,92.7999,98.6169,93.0546,94.893
China,Food Packaging,Emissions (N2O),kilotonnes,0.4536,0.4652,0.4723,0.5028,0.6531,0.7502,0.8042,0.8691,0.9149,0.9926,1.0292,1.0912,1.0367,1.0546,1.048,1.0522,0.9786,0.9555,0.8968,1.1333,1.1573
China,Food Packaging,Emissions (CO2),kilotonnes,39544.0351,40400.4957,42706.133,46680.9563,57893.68,65452.5294,70695.3721,74601.603,77140.7551,82873.5019,86449.134,92888.819,88130.4788,97125.5009,99975.2161,101225.3644,98124.1859,99906.986,99826.3295,107891.0732,108713.135
China,Food Packaging,Emissions (CO2eq) from CH4 (AR5),kilotonnes,648.9616,696.5168,828.1084,924.6188,1076.9248,1218.7056,1359.316,1448.6108,1507.6712,1608.88,1799.1876,1954.792,2019.7464,2193.8672,2340.6824,2391.8104,2484.6976,2598.3972,2761.2732,2605.5288,2657.0034
China,Food Packaging,Emissions (CO2eq) from N2O (AR5),kilotonnes,120.204,123.278,125.1595,133.242,173.0715,198.803,213.113,230.3115,242.4485,263.039,272.738,289.168,274.7255,279.469,277.72,278.833,259.329,253.2075,237.652,300.3245,306.6827
China,Food Packaging,Emissions (CO2eq) (AR5),kilotonnes,40313.2007,41220.2905,43659.4009,47738.8171,59143.6763,66870.038,72267.8011,76280.5253,78890.8748,84745.4209,88521.0596,95132.779,90424.9507,99598.8371,102593.6185,103896.0078,100868.2125,102758.5907,102825.2547,110796.9265,111676.8211
China,Food Retail,Emissions (CH4),kilotonnes,2.5001,2.6298,2.7882,2.9782,3.1876,3.3528,3.4825,3.7315,6.3456,6.4171,6.5314,6.6291,6.7581,6.8252,6.8252,6.9429,6.9899,6.9204,8.4284,4.7092,4.785
China,Food Retail,Emissions (N2O),kilotonnes,0.0767,0.0814,0.0874,0.0992,0.1129,0.132,0.1399,0.1484,0.1638,0.168,0.1712,0.1855,0.1933,0.2029,0.1959,0.202,0.2002,0.1897,0.1939,0.1846,0.1882
China,Food Retail,Emissions (CO2),kilotonnes,6630.7091,7075.6968,7441.8966,8246.3888,9675.0223,10407.472,11045.8307,12050.4349,13607.6539,14141.4896,14972.4842,16138.3939,17059.5597,17511.3799,17275.4881,17977.0739,17960.6139,17655.5093,18560.3186,16492.8987,16272.9688
China,Food Retail,Emissions (CO2eq) from F-gases (AR5),kilotonnes,728.339,824.966,913.281,993.8035,1069.131,1156.407,1232.254,1308.6205,1307.062,1306.023,1304.4645,1303.4255,1301.867,1300.828,1300.828,1300.828,1363.168,1377.714,1392.7795,1407.845,1469.8039
China,Food Retail,Emissions (CO2eq) from CH4 (AR5),kilotonnes,70.0028,73.6344,78.0696,83.3896,89.2528,93.8784,97.51,104.482,177.6768,179.6788,182.8792,185.6148,189.2268,191.1056,191.1056,194.4012,195.7172,193.7712,235.9952,131.8576,133.9796
China,Food Retail,Emissions (CO2eq) from N2O (AR5),kilotonnes,20.3255,21.571,23.161,26.288,29.9185,34.98,37.0735,39.326,43.407,44.52,45.368,49.1575,51.2245,53.7685,51.9135,53.53,53.053,50.2705,51.3835,48.919,49.8735
China,Food Retail,Emissions (CO2eq) (AR5),kilotonnes,7449.3764,7995.8682,8456.4082,9349.8699,10863.3246,11692.7374,12412.6682,13502.8634,15135.7997,15671.7114,16505.1959,17676.5917,18601.878,19057.082,18819.3352,19525.8331,19572.5521,19277.265,20240.4768,18081.5203,17926.6258
China,Food Household Consumption,Emissions (CH4),kilotonnes,304.2175,309.723,323.468,353.0846,388.9569,418.9722,439.4,463.1808,460.5387,480.8208,493.4066,517.039,544.1174,578.7787,586.8889,606.6022,648.3046,670.9554,669.9176,669.9176,683.0325
China,Food Household Consumption,Emissions (N2O),kilotonnes,1.5803,1.6116,1.6905,1.852,2.0466,2.2066,2.3278,2.4682,2.4596,2.5775,2.6582,2.7986,2.95,3.1475,3.1973,3.3091,3.5181,3.6413,3.6527,3.6527,3.7338
China,Food Household Consumption,Emissions (CO2),kilotonnes,145263.5124,149740.3331,154200.1411,172678.8224,192825.5128,211185.8732,228707.6661,248826.6101,249526.6418,263945.3078,271654.8377,292125.1036,304837.8994,351210.8817,361767.5225,379413.2462,409417.4501,431670.8252,449630.4226,449630.4226,453633.4323
China,Food Household Consumption,Emissions (CO2eq) from CH4 (AR5),kilotonnes,8518.09,8672.244,9057.104,9886.3688,10890.7932,11731.2216,12303.2,12969.0624,12895.0836,13462.9824,13815.3848,14477.092,15235.2872,16205.8036,16432.8892,16984.8616,18152.5288,18786.7512,18757.6928,18757.6928,19124.9103
China,Food Household Consumption,Emissions (CO2eq) from N2O (AR5),kilotonnes,418.7795,427.074,447.9825,490.78,542.349,584.749,616.867,654.073,651.794,683.0375,704.423,741.629,781.75,834.0875,847.2845,876.9115,932.2965,964.9445,967.9655,967.9655,989.4674
China,Food Household Consumption,Emissions (CO2eq) (AR5),kilotonnes,154200.3819,158839.6511,163705.2276,183055.9712,204258.655,223501.8438,241627.7331,262449.7455,263073.5194,278091.3277,286174.6455,307343.8246,320854.9366,368250.7728,379047.6962,397275.0193,428502.2754,451422.5209,469356.0809,469356.0809,473747.81
China,Food Transport,Emissions (CH4),kilotonnes,4.4708,4.3057,4.2672,4.4998,4.4557,4.4844,4.7793,4.7719,5.9112,6.3391,6.522,7.6139,8.1782,9.2607,10.3208,11.4468,11.9334,12.7312,13.908,11.3531,11.5775
China,Food Transport,Emissions (N2O),kilotonnes,1.007,1.0484,1.138,1.3591,1.6175,1.7491,1.7799,1.8118,1.8632,1.7657,1.7642,1.7592,1.754,1.7631,1.711,1.6775,1.6936,1.736,1.7803,2.2584,2.3045
China,Food Transport,Emissions (CO2),kilotonnes,17880.587,17879.924,18739.1425,20816.66,23464.2495,25024.3785,26819.0235,28120.006,29282.8945,29749.8353,31800.2023,34171.9878,36889.486,39205.953,40303.799,42401.8605,43034.4515,44593.429,45674.6415,45740.9863,45770.1518
China,Food Transport,Emissions (CO2eq) from CH4 (AR5),kilotonnes,125.1824,120.5596,119.4816,125.9944,124.7596,125.5632,133.8204,133.6132,165.5136,177.4948,182.616,213.1892,228.9896,259.2996,288.9824,320.5104,334.1352,356.4736,389.424,317.8868,324.1689
China,Food Transport,Emissions (CO2eq) from N2O (AR5),kilotonnes,266.855,277.826,301.57,360.1615,428.6375,463.5115,471.6735,480.127,493.748,467.9105,467.513,466.188,464.81,467.2215,453.415,444.5375,448.804,460.04,471.7795,598.476,610.6975
China,Food Transport,Emissions (CO2eq) (AR5),kilotonnes,18272.6244,18278.3096,19160.1941,21302.8159,24017.6466,25613.4532,27424.5174,28733.7462,29942.1561,30395.2406,32450.3313,34851.365,37583.2856,39932.4741,41046.1964,43166.9084,43817.3907,45409.9426,46535.845,46657.3491,46705.0183
China,Energy,Emissions (CH4),kilotonnes,15253.56,15854.026,16454.924,18455.498,20657.022,22554.616,24052.825,24752.072,24749.443,25449.506,26749.906,29550.617,29351.895,29751.911,29753.191,29453.562,27553.934,27852.439,27752.167,30752.719,31353.942
China,Energy,Emissions (N2O),kilotonnes,95.2287,97.1444,106.9664,119.3152,135.5152,147.7883,159.9032,166.0004,167.7969,173.7991,182.8418,196.9476,200.8276,206.841,203.8762,202.8307,201.9267,205.9765,209.8578,224.7988,229.7939
China,Energy,Emissions (CO2),kilotonnes,3428430,3466990,3809520,4470330,5117920,5744230,6306220,6772560,7269430,7596090,8300730,9138890,9376230,9520683,9548090,9499500,9359470,9565820,9794430,9978220,10064000
China,Energy,Emissions (CO2eq) from CH4 (AR5),kilotonnes,427099.68,443912.728,460737.872,516753.944,578396.616,631529.248,673479.1,693058.016,692984.404,712586.168,748997.368,827417.276,821853.06,833053.508,833089.348,824699.736,771510.152,779868.292,777060.676,861076.132,877910.376
China,Energy,Emissions (CO2eq) from N2O (AR5),kilotonnes,25235.6055,25743.266,28346.096,31618.528,35911.528,39163.8995,42374.348,43990.106,44466.1785,46056.7615,48453.077,52191.114,53219.314,54812.865,54027.193,53750.1355,53510.5755,54583.7725,55612.317,59571.682,60895.3835
China,Energy,Emissions (CO2eq) (AR5),kilotonnes,3880765.286,3936645.994,4298603.968,5018702.472,5732228.144,6414923.148,7022073.448,7509608.122,8006880.583,8354732.93,9098180.445,10018498.39,10251302.37,10408549.37,10435206.54,10377949.87,10184490.73,10400272.06,10627102.99,10898867.81,11002805.76
China,IPPU,Emissions (CH4),kilotonnes,25.06,27.88,30.72,36.94,46.89,57.39,72.45,90.84,93.93,103.61,124.14,143.89,160.76,180.24,211.64,217.69,223.76,231.79,246.04,266.86,281.58
China,IPPU,Emissions (N2O),kilotonnes,87.7721,86.8922,88.0222,91.4922,95.6022,116.5822,124.9022,136.8822,119.5122,23.3823,12.4323,12.8723,15.2823,19.8723,23.1023,25.2824,30.5524,34.8724,41.0724,42.1524,42.8824
China,IPPU,Emissions (CO2),kilotonnes,382248.3,417057,456346.1,522719.9,581682.7,640037,733799.5,813589.6,823639.6,900134.6,980168.26,1081747,1111194,1182690,1242545,1191861,1210698.89,1230300.74,1271071,1359657,1418865
China,IPPU,Emissions (CO2eq) from F-gases (AR5),kilotonnes,66402.9059,81231.8808,109442.8881,128744.8494,170934.5464,206973.0368,235251.0952,212335.1786,222458.9179,218852.7366,221378.3268,240159.4276,256230.3049,312968.1397,364682.9751,340599.9813,355776.8444,372031.3833,390036.0522,405493.7523,423527.5739
China,IPPU,Emissions (CO2eq) from CH4 (AR5),kilotonnes,701.68,780.64,860.16,1034.32,1312.92,1606.92,2028.6,2543.52,2630.04,2901.08,3475.92,4028.92,4501.28,5046.72,5925.92,6095.32,6265.28,6490.12,6889.12,7472.08,7884.24
China,IPPU,Emissions (CO2eq) from N2O (AR5),kilotonnes,23259.6168,23026.4229,23325.8764,24245.4274,25334.5809,30894.2843,33099.088,36273.7915,31670.7449,6196.2984,3294.5547,3411.1584,4049.8122,5266.1659,6122.122,6699.8257,8096.3818,9241.1881,10884.1942,11170.3953,11363.8487
China,IPPU,Emissions (CO2eq) (AR5),kilotonnes,472612.5027,522095.9438,589975.0245,676744.4969,779264.7473,879511.2412,1004178.283,1064742.09,1080399.303,1128084.715,1208317.062,1329346.506,1375975.397,1505971.026,1619276.017,1545256.127,1580837.396,1618063.431,1678880.366,1783793.228,1861640.663
China,Waste,Emissions (CH4),kilotonnes,9539.46,9821.5,10055.56,10339.62,10647.69,10955.74,11561.81,12097.88,12393.95,12606.02,12818.1,13309.19,13715.3,14132.38,14638.46,15045.51,15352.58,15654.65,16064.72,16439.82,16805.89
China,Waste,Emissions (N2O),kilotonnes,69.0522,69.4852,69.9292,70.6992,71.6173,72.6133,74.0273,75.6593,77.6703,79.7703,81.6743,83.4783,85.4974,87.2084,88.5114,89.9044,90.9014,92.2174,92.6024,95.9804,97.5914
China,Waste,Emissions (CO2),kilotonnes,571.697,658.896,698.037,674.225,719.619,716.736,1052.052,1382.29,1664.518,1896.922,2219.848,2508.172,2795.697,2872.567,2952.587,3032.597,3112.607,3192.73,3272.853,3863.628,4074.484
China,Waste,Emissions (CO2eq) from CH4 (AR5),kilotonnes,267104.88,275002,281555.68,289509.36,298135.32,306760.72,323730.68,338740.64,347030.6,352968.56,358906.8,372657.32,384028.4,395706.64,409876.88,421274.28,429872.24,438330.2,449812.16,460314.96,470564.92
China,Waste,Emissions (CO2eq) from N2O (AR5),kilotonnes,18298.8375,18413.5836,18531.2462,18735.2994,18978.5758,19242.5179,19617.2311,20049.7142,20582.6327,21139.1353,21643.6985,22121.7612,22656.7993,23110.2143,23455.5093,23824.6543,24088.8593,24437.6009,24539.6273,25434.8028,25861.7197
China,Waste,Emissions (CO2eq) (AR5),kilotonnes,285975.4145,294074.4796,300784.9632,308918.8844,317833.5148,326719.9739,344399.9631,360172.6442,369277.7507,376004.6173,382770.3465,397287.2532,409480.8963,421689.4213,436284.9763,448131.5313,457073.7063,465960.5309,477624.6403,489613.3908,500501.1237
China,Other,Emissions (CH4),kilotonnes,90,90,90,90,90,90,90,90,90,90,90,90,90,90,90,90,90,90,90,90,90
China,Other,Emissions (N2O),kilotonnes,75.8252,76.205,80.166,89.1266,100.8816,92.706,100.0174,104.7458,104.1421,106.9872,110.9779,116.0615,117.8642,119.9265,118.9674,117.0268,115.1486,114.2124,117.0389,123.8874,125.8485
China,Other,Emissions (CO2),kilotonnes,28400,28400,28400,28400,28400,28400,28400,28400,28400,28400,28400,28400,28400,28400,28400,28400,28400,28400,28400,28400,28400
China,Other,Emissions (CO2eq) from CH4 (AR5),kilotonnes,2520,2520,2520,2520,2520,2520,2520,2520,2520,2520,2520,2520,2520,2520,2520,2520,2520,2520,2520,2520,2520
China,Other,Emissions (CO2eq) from N2O (AR5),kilotonnes,20093.678,20194.325,21243.99,23618.549,26733.624,24567.09,26504.611,27757.637,27597.6565,28351.608,29409.1435,30756.2975,31234.013,31780.5225,31526.361,31012.102,30514.379,30266.286,31015.3085,32830.161,33349.8525
China,Other,Emissions (CO2eq) (AR5),kilotonnes,51013.678,51114.325,52163.99,54538.549,57653.624,55487.09,57424.611,58677.637,58517.6565,59271.608,60329.1435,61676.2975,62154.013,62700.5225,62446.361,61932.102,61434.379,61186.286,61935.3085,63750.161,64269.8525
China,Farm-gate emissions,Emissions (CH4),kilotonnes,15174.5553,14757.3302,14352.436,14004.6349,14367.9077,14509.0149,14450.9035,14091.6367,14280.2512,14205.1693,14111.3964,13917.6935,13825.1288,13802.0475,13824.6362,13962.4516,14010.472,13761.9583,13667.09,13283.7811,13517.8915
China,Farm-gate emissions,Direct emissions (N2O),kilotonnes,671.189,671.8588,714.3842,710.185,736.2073,748.348,758.62,763.5244,779.5716,788.5673,797.7044,798.9456,809.4433,811.657,813.424,823.1292,819.9786,803.2722,780.1237,754.6733,740.7572
China,Farm-gate emissions,Indirect emissions (N2O),kilotonnes,211.7285,212.1762,226.1102,225.447,233.5564,237.599,240.6915,242.0749,246.8548,249.9696,252.678,253.2314,256.4197,257.1112,257.6729,260.1288,259.1303,253.3151,245.5933,236.6988,232.9037
China,Farm-gate emissions,Emissions (N2O),kilotonnes,1043.4135,1041.721,1088.1383,1083.4485,1117.6974,1135.6047,1149.1367,1149.1479,1172.7706,1184.7548,1196.2056,1194.5128,1208.8168,1212.032,1214.7498,1227.6418,1222.7708,1198.137,1166.0939,1121.2949,1110.2469
China,Farm-gate emissions,Emissions (CO2),kilotonnes,93757.4451,94554.669,65527.033,74744.3724,84139.3757,94673.6258,99017.5674,96611.7903,93929.8321,96791.0422,100833.6803,104903.4276,108633.0111,116737.697,122010.5127,123717.3729,127401.6069,130643.5803,117047.6895,116112.2515,116115.4122
China,Farm-gate emissions,Emissions (CO2eq) from CH4 (AR5),kilotonnes,424887.5487,413205.2451,401868.2093,392129.7786,402301.4161,406252.4167,404625.2982,394565.8278,399847.0324,397744.7409,395119.1006,389695.4187,387103.6067,386457.3304,387089.8123,390948.6446,392293.2172,385334.8332,382678.519,371945.8705,378500.9621
China,Farm-gate emissions,Emissions (CO2eq) from N2O (AR5),kilotonnes,276504.5683,276056.052,288356.6529,287113.8584,296189.8146,300935.2546,304521.2336,304524.1885,310784.196,313960.0231,316994.4906,316545.8804,320336.4622,321188.4906,321908.7027,325325.0725,324034.2498,317506.2987,309014.8826,297143.1489,294215.4351
China,Farm-gate emissions,Emissions (CO2eq) (AR5),kilotonnes,795149.5621,783815.9662,755751.8952,753988.0094,782630.6064,801861.2971,808164.0992,795701.8066,804561.0605,808495.8063,812947.2715,811144.7268,816073.08,824383.5179,831009.0278,839991.09,843729.0739,833484.7123,808741.091,785201.2709,788831.8094
China,Land Use change,Emissions (CH4),kilotonnes,0.0654,0.024,0.1784,0.0932,0.0506,0.0746,0.0426,0.0506,0.0027,0,0.032,0.0053,0.0586,0,0,0.0453,0.0346,0.008,0.0027,0,0
China,Land Use change,Emissions (N2O),kilotonnes,0.0019,0.0022,0.0163,0.0085,0.0046,0.0068,0.0039,0.0046,0.0002,0,0.0029,0.0005,0.0053,0,0,0.0041,0.0032,0.0007,0.0002,0,0
China,Land Use change,Emissions (CO2),kilotonnes,0,0,0,0,0,0,0,0,0,0,0,0,0,0,0,0,0,0,0,0,0
China,Land Use change,Emissions (CO2eq) from CH4 (AR5),kilotonnes,1.8325,0.6711,4.996,2.61,1.4168,2.0878,1.1929,1.4167,0.0746,0,0.8948,0.1491,1.6403,0,0,1.2677,0.9694,0.2237,0.0746,0,0
China,Land Use change,Emissions (CO2eq) from N2O (AR5),kilotonnes,0.5101,0.5799,4.3172,2.2554,1.2243,1.8042,1.0309,1.2242,0.0645,0,0.7733,0.1289,1.4175,0,0,1.0955,0.8377,0.1933,0.0644,0,0
China,Land Use change,Emissions (CO2eq) (AR5),kilotonnes,2.3426,1.251,9.3132,4.8655,2.641,3.892,2.2238,2.6409,0.1391,0,1.6681,0.278,3.0578,0,0,2.3632,1.807,0.417,0.139,0,0
China,Emissions on agricultural land,Emissions (CH4),kilotonnes,15174.6208,14757.3542,14352.6145,14004.7282,14367.9583,14509.0894,14450.9461,14091.6873,14280.2538,14205.1693,14111.4284,13917.6989,13825.1874,13802.0475,13824.6362,13962.4969,14010.5067,13761.9663,13667.0926,13283.7811,13517.8915
China,Emissions on agricultural land,Emissions (N2O),kilotonnes,1043.4154,1041.7231,1088.1546,1083.457,1117.702,1135.6115,1149.1406,1149.1525,1172.7708,1184.7548,1196.2085,1194.5132,1208.8222,1212.032,1214.7498,1227.6459,1222.7739,1198.1377,1166.0941,1121.2949,1110.2469
China,Emissions on agricultural land,Emissions (CO2),kilotonnes,93757.4451,94554.669,65527.033,74744.3724,84139.3757,94673.6258,99017.5674,96611.7903,93929.8321,96791.0422,100833.6803,104903.4276,108633.0111,116737.697,122010.5127,123717.3729,127401.6069,130643.5803,117047.6895,116112.2515,116115.4122
China,Emissions on agricultural land,Emissions (CO2eq) from CH4 (AR5),kilotonnes,424889.3812,413205.9162,401873.2053,392132.3886,402302.8328,406254.5046,404626.4911,394567.2444,399847.107,397744.7409,395119.9954,389695.5678,387105.2471,386457.3304,387089.8123,390949.9123,392294.1866,385335.0569,382678.5935,371945.8705,378500.9621
China,Emissions on agricultural land,Emissions (CO2eq) from N2O (AR5),kilotonnes,276505.0784,276056.6319,288360.9701,287116.1138,296191.0389,300937.0587,304522.2644,304525.4127,310784.2605,313960.0231,316995.2638,316546.0093,320337.8797,321188.4906,321908.7027,325326.168,324035.0874,317506.492,309014.947,297143.1489,294215.4351
China,Emissions on agricultural land,Emissions (CO2eq) (AR5),kilotonnes,795151.9047,783817.2172,755761.2084,753992.8749,782633.2474,801865.1891,808166.323,795704.4474,804561.1996,808495.8063,812948.9396,811145.0048,816076.1378,824383.5179,831009.0278,839993.4533,843730.8809,833485.1293,808741.23,785201.2709,788831.8094
China,Pre- and post- production,Emissions (CH4),kilotonnes,6483.1347,6554.6156,6606.7703,6678.8081,6777.1238,6873.2151,6961.4271,7048.0191,7132.588,7200.7117,7262.3132,7332.7105,7411.4289,7495.4586,7411.5949,7419.7051,7491.8436,7552.3728,7585.2637,7558.9613,7550.0954
China,Pre- and post- production,Emissions (N2O),kilotonnes,114.1766,116.3957,121.7512,131.4499,136.111,134.9668,140.9576,149.8908,151.9648,156.8073,162.9306,166.5052,170.3665,170.7863,179.8822,177.7557,172.1355,166.7043,158.7087,156.3848,158.297
China,Pre- and post- production,Emissions (CO2),kilotonnes,356509.4291,370963.3498,372068.4866,416296.4011,461718.7613,488679.203,524774.8301,559552.9381,562983.0756,595460.1897,618217.0515,657147.7225,666404.608,732754.3614,761586.5419,782005.8559,808168.1309,829501.2529,843310.7771,849923.2494,855401.0868
China,Pre- and post- production,Emissions (CO2eq) from F-gases (AR5),kilotonnes,728.339,824.966,913.281,993.8035,1069.131,1156.407,1232.254,1308.6205,1307.062,1306.023,1304.4645,1303.4255,1301.867,1300.828,1300.828,1300.828,1363.168,1377.714,1392.7795,1407.845,1469.8039
China,Pre- and post- production,Emissions (CO2eq) from CH4 (AR5),kilotonnes,181527.7729,183529.2356,184989.569,187006.6257,189759.4656,192450.0215,194919.9594,197344.5362,199712.4647,201619.9278,203344.7689,205315.8937,207520.009,209872.8412,207524.6572,207751.7417,209771.6202,211466.4376,212387.3826,211650.9166,211402.6708
China,Pre- and post- production,Emissions (CO2eq) from N2O (AR5),kilotonnes,30256.789,30844.8691,32264.0699,34834.2355,36069.4066,35766.1888,37353.7545,39721.0494,40270.6802,41553.9442,43176.598,44123.8856,45147.1161,45258.3583,47668.7866,47105.2513,45615.9115,44176.638,42057.812,41441.9715,41948.71
China,Pre- and post- production,Emissions (CO2eq) (AR5),kilotonnes,569022.33,586162.4205,590235.4065,639131.0658,688616.7645,718051.8203,758280.798,797927.1442,804273.2825,839940.0848,866042.8829,907890.9272,920373.6001,989186.389,1018080.814,1038163.677,1064918.831,1086522.043,1099148.751,1104423.983,1110222.271
China,Agri-food systems,Emissions (CH4),kilotonnes,21657.7555,21311.9697,20959.3848,20683.5362,21145.0821,21382.3045,21412.3732,21139.7064,21412.8418,21405.881,21373.7416,21250.4093,21236.6163,21297.5061,21236.2311,21382.2019,21502.3502,21314.3391,21252.3563,20842.7424,21067.9869
China,Agri-food systems,Emissions (N2O),kilotonnes,1157.592,1158.1189,1209.9058,1214.907,1253.813,1270.5783,1290.0982,1299.0433,1324.7356,1341.5621,1359.1391,1361.0185,1379.1887,1382.8183,1394.632,1405.4016,1394.9094,1364.842,1324.8029,1277.6797,1268.5439
China,Agri-food systems,Emissions (CO2),kilotonnes,450266.8742,465518.0189,437595.5196,491040.7735,545858.137,583352.8287,623792.3975,656164.7285,656912.9077,692251.2319,719050.7318,762051.1502,775037.6191,849492.0584,883597.0546,905723.2288,935569.7378,960144.8333,960358.4666,966035.5009,971516.499
China,Agri-food systems,Emissions (CO2eq) from F-gases (AR5),kilotonnes,728.339,824.966,913.281,993.8035,1069.131,1156.407,1232.254,1308.6205,1307.062,1306.023,1304.4645,1303.4255,1301.867,1300.828,1300.828,1300.828,1363.168,1377.714,1392.7795,1407.845,1469.8039
China,Agri-food systems,Emissions (CO2eq) from CH4 (AR5),kilotonnes,606417.154,596735.1518,586862.7743,579139.0143,592062.2984,598704.526,599546.4505,591911.7806,599559.5717,599364.6688,598464.7643,595011.4615,594625.2561,596330.1716,594614.4695,598701.654,602065.8068,596801.4945,595065.9762,583596.787,589903.6329
China,Agri-food systems,Emissions (CO2eq) from N2O (AR5),kilotonnes,306761.8674,306901.501,320625.04,321950.3493,332260.4455,336703.2476,341876.019,344246.462,351054.9407,355513.9674,360171.8619,360669.8949,365484.9957,366446.8489,369577.4894,372431.4194,369650.9989,361683.13,351072.759,338585.1204,336164.1451
China,Agri-food systems,Emissions (CO2eq) (AR5),kilotonnes,1364174.235,1369979.638,1345996.615,1393123.941,1471250.012,1519917.009,1566447.121,1593631.592,1608834.482,1648435.891,1678991.822,1719035.932,1736449.738,1813569.907,1849089.842,1878157.13,1908649.712,1920007.172,1907889.981,1889625.253,1899054.081
China,IPCC Agriculture,Emissions (CH4),kilotonnes,15037.9472,14624.141,14249.1403,13884.6995,14233.0477,14361.5166,14297.5922,13931.7832,14115.9412,14036.0671,13936.9666,13737.9412,13640.4094,13602.6508,13614.5935,13748.3008,13784.7065,13531.5905,13472.8602,13092.7138,13326.8242
China,IPCC Agriculture,Emissions (CH4),kilotonnes,,,,,,20523.8095,,,,,22428.5714,,22904.7619,,22238.0952,,,,,,
China,IPCC Agriculture,Direct emissions (N2O),kilotonnes,671.189,671.8588,714.3842,710.185,736.2073,748.348,758.62,763.5244,779.5716,788.5673,797.7044,798.9456,809.4433,811.657,813.424,823.1292,819.9786,803.2722,780.1237,754.6733,740.7572
China,IPCC Agriculture,Indirect emissions (N2O),kilotonnes,211.7285,212.1762,226.1102,225.447,233.5564,237.599,240.6915,242.0749,246.8548,249.9696,252.678,253.2314,256.4197,257.1112,257.6729,260.1288,259.1303,253.3151,245.5933,236.6988,232.9037
China,IPCC Agriculture,Emissions (N2O),kilotonnes,1025.6669,1023.3014,1076.9542,1070.7416,1103.2176,1118.6687,1131.2545,1133.0478,1158.1469,1169.6344,1180.1467,1177.6277,1191.1306,1192.9565,1194.9964,1207.8195,1202.8448,1177.5314,1146.6457,1101.9077,1090.8597
China,IPCC Agriculture,Emissions (N2O),kilotonnes,,,,,,1151.6129,,,,,1154.8387,,1474.1935,,1170.9677,,,,,,
China,IPCC Agriculture,Emissions (CO2eq) from CH4 (AR5),kilotonnes,421062.5203,409475.9485,398975.9297,388771.585,398525.3357,402122.4658,400332.5804,390089.9294,395246.3541,393009.878,390235.0652,384662.3535,381931.4636,380874.2213,381208.6193,384952.4221,385971.7811,378884.5334,377240.0852,366595.9865,373151.0781
China,IPCC Agriculture,Emissions (CO2eq) from CH4 (AR5),kilotonnes,,,,,,574666.6666,,,,,628000,,641333.3332,,622666.6667,,,,,,
China,IPCC Agriculture,Emissions (CO2eq) from N2O (AR5),kilotonnes,271801.7405,271174.8646,285392.8639,283746.5364,292352.6621,296447.2037,299782.4432,300257.6777,306908.9247,309953.1198,312738.881,312071.3331,315649.6038,316133.4671,316674.0519,320072.1767,318753.881,312045.8306,303861.1058,292005.5458,289077.832
China,IPCC Agriculture,Emissions (CO2eq) from N2O (AR5),kilotonnes,,,,,,305177.4193,,,,,306032.2582,,390661.2902,,310306.4516,,,,,,
China,IPCC Agriculture,Emissions (CO2eq) (AR5),kilotonnes,692864.2608,680650.8131,684368.7935,672518.1213,690877.9978,698569.6695,700115.0236,690347.6071,702155.2787,702962.9978,702973.9462,696733.6866,697581.0674,697007.6884,697882.6712,705024.5988,704725.6621,690930.364,681101.191,658601.5323,662228.9101
China,IPCC Agriculture,Emissions (CO2eq) (AR5),kilotonnes,,,,,,879844.0859,,,,,934032.2582,,1031994.623,,932973.1184,,,,,,
China,Agricultural Soils,Direct emissions (N2O),kilotonnes,671.189,671.8588,714.3842,710.185,736.2073,748.348,758.62,763.5244,779.5716,788.5673,797.7044,798.9456,809.4433,811.657,813.424,823.1292,819.9786,803.2722,780.1237,754.6733,740.7572
China,Agricultural Soils,Indirect emissions (N2O),kilotonnes,211.7285,212.1762,226.1102,225.447,233.5564,237.599,240.6915,242.0749,246.8548,249.9696,252.678,253.2314,256.4197,257.1112,257.6729,260.1288,259.1303,253.3151,245.5933,236.6988,232.9037
China,Agricultural Soils,Emissions (N2O),kilotonnes,885.6016,886.7313,943.1883,938.3288,972.4729,988.6595,1002.0216,1008.3129,1029.1424,1041.2603,1053.1058,1054.9053,1068.5927,1071.4944,1073.8234,1085.9845,1081.839,1059.3161,1028.4458,994.1406,976.4315
China,Agricultural Soils,Emissions (CO2eq) from N2O (AR5),kilotonnes,234684.4282,234983.7984,249944.908,248657.1313,257705.3155,261994.7764,265535.7185,267202.9239,272722.7283,275933.9858,279073.0277,279549.9019,283177.0673,283946.007,284563.1973,287785.8804,286687.3419,280718.7687,272538.1252,263447.2515,258754.3475
China,Agricultural Soils,Emissions (CO2eq) (AR5),kilotonnes,234684.4282,234983.7984,249944.908,248657.1313,257705.3155,261994.7764,265535.7185,267202.9239,272722.7283,275933.9858,279073.0277,279549.9019,283177.0673,283946.007,284563.1973,287785.8804,286687.3419,280718.7687,272538.1252,263447.2515,258754.3475
China,LULUCF,Emissions (CH4),kilotonnes,39.529,13.7746,7.9956,28.4113,21.5841,10.8127,8.4824,11.9382,33.7599,14.5792,14.8052,8.7122,7.1048,7.5554,11.8794,10.6444,11.1282,5.9036,12.8163,12.5329,11.5683
China,LULUCF,Emissions (CH4),kilotonnes,,,,,,1761.9048,,,,,1761.9048,,0,,1714.2857,,,,,,
China,LULUCF,Emissions (N2O),kilotonnes,2.1427,1.2577,0.73,2.5941,1.9707,0.9872,0.7745,1.09,3.0824,1.3311,1.3518,0.7955,0.6487,0.6898,1.0846,0.9719,1.0161,0.539,1.1702,1.1443,1.0562
China,LULUCF,Emissions (N2O),kilotonnes,,,,,,,,,,,0,,0,,0,,,,,,
China,LULUCF,Emissions (CO2),kilotonnes,-347190.4326,-330072.2096,-330075.4455,-330071.3679,-330053.9143,-330049.162,-330052.5193,-330047.6035,-330044.2272,-330033.7644,-330033.7644,-707973.66,-707971.5964,-707976.6305,-707976.3569,-707976.3569,-647906.9929,-647908.7346,-647908.8046,-647851.5606,-647848.3999
China,LULUCF,Emissions (CO2),kilotonnes,,,,,,-803000,,,,,-1030000,,-576000,,-1151000,,,,,,
China,LULUCF,Emissions (CO2eq) from CH4 (AR5),kilotonnes,1106.8128,385.6901,223.8768,795.5177,604.354,302.7542,237.5078,334.2702,945.2779,408.2181,414.5445,243.9417,198.9334,211.5515,332.6225,298.0429,311.5898,165.2995,358.855,350.9207,323.9129
China,LULUCF,Emissions (CO2eq) from N2O (AR5),kilotonnes,567.8282,333.2865,193.4588,687.4311,522.2407,261.6191,205.2377,288.8531,816.8434,352.7537,358.2205,210.7975,171.9044,182.8081,287.4292,257.548,269.2542,142.8403,310.0975,303.2412,279.903
China,LULUCF,Emissions (CO2eq) (AR5),kilotonnes,-345515.7917,-329353.2331,-329658.1099,-328588.4191,-328927.3196,-329484.7887,-329609.7738,-329424.4802,-328282.1059,-329272.7926,-329260.9993,-707518.9208,-707600.7587,-707582.2708,-707356.3051,-707420.766,-647326.1489,-647600.5948,-647239.8521,-647197.3987,-647244.5841
China,LULUCF,Emissions (CO2eq) (AR5),kilotonnes,,,,,,-803000,,,,,-1030000,,-576000,,-1151000,,,,,,
China,AFOLU,Emissions (CH4),kilotonnes,15077.4762,14637.9157,14257.1359,13913.1108,14254.6318,14372.3293,14306.0746,13943.7214,14149.7011,14050.6463,13951.7718,13746.6534,13647.5142,13610.2062,13626.4729,13758.9452,13795.8347,13537.494,13485.6764,13105.2467,13338.3925
China,AFOLU,Emissions (N2O),kilotonnes,1027.8097,1024.5591,1077.6842,1073.3357,1105.1883,1119.6559,1132.029,1134.1379,1161.2293,1170.9656,1181.4985,1178.4231,1191.7793,1193.6463,1196.0811,1208.7914,1203.8609,1178.0705,1147.8159,1103.052,1091.916
China,AFOLU,Emissions (CO2),kilotonnes,-347190.4326,-330072.2096,-330075.4455,-330071.3679,-330053.9143,-330049.162,-330052.5193,-330047.6035,-330044.2272,-330033.7644,-330033.7644,-707973.66,-707971.5964,-707976.6305,-707976.3569,-707976.3569,-647906.9929,-647908.7346,-647908.8046,-647851.5606,-647848.3999
China,AFOLU,Emissions (CO2eq) from CH4 (AR5),kilotonnes,422169.333,409861.6386,399199.8065,389567.1027,399129.6897,402425.22,400570.0882,390424.1997,396191.632,393418.0961,390649.6097,384906.2952,382130.397,381085.7728,381541.2418,385250.465,386283.3709,379049.8329,377598.9402,366946.9071,373474.991
China,AFOLU,Emissions (CO2eq) from N2O (AR5),kilotonnes,272369.5688,271508.1511,285586.3226,284433.9675,292874.9028,296708.8229,299987.6809,300546.5308,307725.7681,310305.8734,313097.1016,312282.1306,315821.5082,316316.2752,316961.4811,320329.7247,319023.1352,312188.6709,304171.2034,292308.7871,289357.735
China,AFOLU,Emissions (CO2eq) (AR5),kilotonnes,347348.4692,351297.5801,354710.6836,343929.7023,361950.6782,369084.8809,370505.2498,360923.1269,373873.1729,373690.2052,373712.9469,-10785.2342,-10019.6912,-10574.5824,-9473.6339,-2396.1672,57399.5132,43329.7692,33861.3389,11404.1336,14984.3261
China,All sectors with LULUCF,Emissions (CH4),kilotonnes,39985.5562,40431.3217,40888.3399,42835.1688,45696.2338,48030.0753,50083.1596,50974.5134,51477.0241,52299.7823,53733.9178,56840.3504,56965.4692,57764.7372,58319.7639,58565.7072,57016.1087,57366.373,57638.6034,60654.6457,61869.8045
China,All sectors with LULUCF,Emissions (N2O),kilotonnes,1355.6879,1354.2858,1422.768,1443.9689,1508.8046,1549.3457,1590.8791,1617.4256,1630.3509,1554.9044,1569.4248,1587.7829,1611.2507,1627.4945,1630.5384,1643.8356,1642.3899,1625.3491,1608.3874,1589.871,1588.0322
China,All sectors with LULUCF,Emissions (CO2),kilotonnes,3492459.564,3583033.686,3964888.692,4692052.757,5398668.405,6083334.574,6739419.033,7285884.287,7793089.891,8196487.758,8981484.344,9543571.512,9810648.101,10026668.94,10114011.23,10014817.24,9953774.504,10179804.74,10449265.05,10722289.07,10867491.08
China,All sectors with LULUCF,Emissions (CO2eq) from F-gases (AR5),kilotonnes,66402.9059,81231.8808,109442.8881,128744.8494,170934.5464,206973.0368,235251.0952,212335.1786,222458.9179,218852.7366,221378.3268,240159.4276,256230.3049,312968.1397,364682.9751,340599.9813,355776.8444,372031.3833,390036.0522,405493.7523,423527.5739
China,All sectors with LULUCF,Emissions (CO2eq) from CH4 (AR5),kilotonnes,1119595.573,1132077.007,1144873.519,1199384.727,1279494.546,1344842.108,1402328.468,1427286.376,1441356.676,1464393.904,1504549.698,1591529.811,1595033.137,1617412.641,1632953.39,1639839.801,1596451.043,1606258.445,1613880.896,1698330.079,1732354.527
China,All sectors with LULUCF,Emissions (CO2eq) from N2O (AR5),kilotonnes,359257.3066,358885.7486,377033.5312,382651.7713,399833.2114,410576.6146,421582.959,428617.7795,432042.9807,412049.6766,415897.5753,420762.4617,426981.4467,431286.0429,432092.6664,435616.4422,435233.3308,430717.5184,426222.6503,421315.8282,420828.5394
China,All sectors with LULUCF,Emissions (CO2eq) (AR5),kilotonnes,5037715.35,5155228.322,5596238.629,6402834.105,7248930.708,8045726.333,8798581.555,9354123.62,9888948.465,10291784.08,11123309.94,11796023.21,12088892.99,12388335.76,12543740.26,12430873.46,12341235.72,12588812.08,12879404.65,13247428.73,13444201.72
China,All sectors without LULUCF,Emissions (CH4),kilotonnes,39946.0272,40417.547,40880.3443,42806.7575,45674.6497,48019.2626,50074.6772,50962.5752,51443.2642,52285.2031,53719.1126,56831.6382,56958.3644,57757.1818,58307.8845,58555.0628,57004.9805,57360.4695,57625.7872,60642.1128,61858.2362
China,All sectors without LULUCF,Emissions (N2O),kilotonnes,1353.5452,1353.0282,1422.038,1441.3749,1506.8339,1548.3585,1590.1046,1616.3356,1627.2684,1553.5733,1568.073,1586.9874,1610.602,1626.8047,1629.4537,1642.8638,1641.3739,1624.8101,1607.2172,1588.7267,1586.976
China,All sectors without LULUCF,Emissions (CO2),kilotonnes,3839649.997,3913105.896,4294964.137,5022124.125,5728722.319,6413383.736,7069471.552,7615931.89,8123134.118,8526521.522,9311518.108,10251545.17,10518619.7,10734645.57,10821987.59,10722793.6,10601681.5,10827713.47,11097173.85,11370140.63,11515339.48
China,All sectors without LULUCF,Emissions (CO2eq) from F-gases (AR5),kilotonnes,66402.9059,81231.8808,109442.8881,128744.8494,170934.5464,206973.0368,235251.0952,212335.1786,222458.9179,218852.7366,221378.3268,240159.4276,256230.3049,312968.1397,364682.9751,340599.9813,355776.8444,372031.3833,390036.0522,405493.7523,423527.5739
China,All sectors without LULUCF,Emissions (CO2eq) from CH4 (AR5),kilotonnes,1118488.76,1131691.317,1144649.642,1198589.209,1278890.192,1344539.354,1402090.96,1426952.105,1440411.398,1463985.686,1504135.153,1591285.87,1594834.204,1617201.089,1632620.767,1639541.758,1596139.453,1606093.145,1613522.041,1697979.159,1732030.614
China,All sectors without LULUCF,Emissions (CO2eq) from N2O (AR5),kilotonnes,358689.4784,358552.4621,376840.0725,381964.3402,399310.9708,410314.9954,421377.7213,428328.9264,431226.1373,411696.923,415539.3548,420551.6642,426809.5423,431103.2348,431805.2372,435358.8942,434964.0766,430574.6781,425912.5528,421012.5869,420548.6364
China,All sectors without LULUCF,Emissions (CO2eq) (AR5),kilotonnes,5383231.142,5484581.556,5925896.739,6731422.524,7577858.028,8375211.122,9128191.329,9683548.1,10217230.57,10621056.87,11452570.94,12503542.13,12796493.75,13095918.03,13251096.57,13138294.23,12988561.87,13236412.68,13526644.5,13894626.13,14091446.31
"China, Hong Kong SAR",Crop Residues,Direct emissions (N2O),kilotonnes,,,,,,,,,,,,,,,,,,,,,
"China, Hong Kong SAR",Crop Residues,Indirect emissions (N2O),kilotonnes,,,,,,,,,,,,,,,,,,,,,
"China, Hong Kong SAR",Crop Residues,Emissions (N2O),kilotonnes,,,,,,,,,,,,,,,,,,,,,
"China, Hong Kong SAR",Crop Residues,Emissions (CO2eq) from N2O (AR5),kilotonnes,,,,,,,,,,,,,,,,,,,,,
"China, Hong Kong SAR",Crop Residues,Emissions (CO2eq) (AR5),kilotonnes,,,,,,,,,,,,,,,,,,,,,
"China, Hong Kong SAR",Rice Cultivation,Emissions (CH4),kilotonnes,0,0,0,0,0,0,0,0,0,0,0,0,0,0,0,0,0,0,0,0,0
"China, Hong Kong SAR",Rice Cultivation,Emissions (CO2eq) from CH4 (AR5),kilotonnes,0,0,0,0,0,0,0,0,0,0,0,0,0,0,0,0,0,0,0,0,0
"China, Hong Kong SAR",Rice Cultivation,Emissions (CO2eq) (AR5),kilotonnes,0,0,0,0,0,0,0,0,0,0,0,0,0,0,0,0,0,0,0,0,0
"China, Hong Kong SAR",Burning - Crop residues,Emissions (CH4),kilotonnes,0,0,0,0,0,0,0,0,0,0,0,0,0,0,0,0,0,0,0,0,0
"China, Hong Kong SAR",Burning - Crop residues,Emissions (N2O),kilotonnes,0,0,0,0,0,0,0,0,0,0,0,0,0,0,0,0,0,0,0,0,0
"China, Hong Kong SAR",Burning - Crop residues,Emissions (CO2eq) from CH4 (AR5),kilotonnes,0,0,0,0,0,0,0,0,0,0,0,0,0,0,0,0,0,0,0,0,0
"China, Hong Kong SAR",Burning - Crop residues,Emissions (CO2eq) from N2O (AR5),kilotonnes,0,0,0,0,0,0,0,0,0,0,0,0,0,0,0,0,0,0,0,0,0
"China, Hong Kong SAR",Burning - Crop residues,Emissions (CO2eq) (AR5),kilotonnes,0,0,0,0,0,0,0,0,0,0,0,0,0,0,0,0,0,0,0,0,0
"China, Hong Kong SAR",Enteric Fermentation,Emissions (CH4),kilotonnes,0.3394,0.349,0.3334,0.3092,0.3049,0.3028,0.3096,0.2654,0.2626,0.2778,0.2916,0.2947,0.3023,0.3038,0.3048,0.2975,0.289,0.2828,0.2833,0.2829,0.283
"China, Hong Kong SAR",Enteric Fermentation,Emissions (CO2eq) from CH4 (AR5),kilotonnes,9.5039,9.7721,9.3345,8.6566,8.5383,8.479,8.6695,7.4305,7.3535,7.778,8.1651,8.252,8.4636,8.5056,8.5336,8.329,8.0928,7.9174,7.9336,7.9205,7.9246
"China, Hong Kong SAR",Enteric Fermentation,Emissions (CO2eq) (AR5),kilotonnes,9.5039,9.7721,9.3345,8.6566,8.5383,8.479,8.6695,7.4305,7.3535,7.778,8.1651,8.252,8.4636,8.5056,8.5336,8.329,8.0928,7.9174,7.9336,7.9205,7.9246
"China, Hong Kong SAR",Manure Management,Emissions (CH4),kilotonnes,1.1567,1.2061,1.1306,1.005,0.9807,0.9577,0.9691,0.7347,0.7341,0.8339,0.8852,0.911,0.9111,0.9174,0.9224,0.8996,0.8679,0.8361,0.8363,0.8378,0.836
"China, Hong Kong SAR",Manure Management,Emissions (N2O),kilotonnes,0.0248,0.0257,0.0244,0.0219,0.0215,0.0212,0.0215,0.0173,0.0173,0.0191,0.0201,0.0207,0.0207,0.0209,0.021,0.0205,0.0199,0.0192,0.0193,0.0194,0.0192
"China, Hong Kong SAR",Manure Management,Emissions (CO2eq) from CH4 (AR5),kilotonnes,32.3875,33.7696,31.6567,28.1403,27.46,26.8155,27.1341,20.5726,20.5557,23.3486,24.7851,25.5084,25.5113,25.6861,25.8261,25.189,24.3017,23.4113,23.416,23.4578,23.4092
"China, Hong Kong SAR",Manure Management,Emissions (CO2eq) from N2O (AR5),kilotonnes,6.5806,6.8222,6.4599,5.8143,5.7038,5.6272,5.7097,4.5793,4.5789,5.0518,5.3344,5.4789,5.4913,5.5467,5.5716,5.4418,5.2621,5.1,5.1073,5.1344,5.0979
"China, Hong Kong SAR",Manure Management,Emissions (CO2eq) (AR5),kilotonnes,38.9681,40.5918,38.1166,33.9546,33.1638,32.4427,32.8438,25.1519,25.1346,28.4004,30.1195,30.9873,31.0026,31.2328,31.3977,30.6308,29.5638,28.5112,28.5233,28.5921,28.5071
"China, Hong Kong SAR",Manure left on Pasture,Direct emissions (N2O),kilotonnes,0.0102,0.0101,0.0102,0.01,0.0102,0.0108,0.0111,0.0115,0.0115,0.0113,0.0116,0.0118,0.0118,0.0122,0.0122,0.0121,0.0119,0.0118,0.0119,0.0122,0.0118
"China, Hong Kong SAR",Manure left on Pasture,Indirect emissions (N2O),kilotonnes,0.0024,0.0023,0.0024,0.0023,0.0024,0.0025,0.0026,0.0027,0.0027,0.0026,0.0027,0.0027,0.0027,0.0028,0.0028,0.0028,0.0027,0.0027,0.0027,0.0028,0.0027
"China, Hong Kong SAR",Manure left on Pasture,Emissions (N2O),kilotonnes,0.0126,0.0125,0.0126,0.0123,0.0126,0.0133,0.0137,0.0142,0.0142,0.0139,0.0143,0.0145,0.0146,0.015,0.015,0.0149,0.0146,0.0145,0.0146,0.015,0.0145
"China, Hong Kong SAR",Manure left on Pasture,Emissions (CO2eq) from N2O (AR5),kilotonnes,3.3391,3.3036,3.3422,3.2678,3.3347,3.5267,3.6387,3.7729,3.75,3.695,3.7896,3.845,3.8567,3.9827,3.9827,3.938,3.869,3.8512,3.8723,3.9835,3.8399
"China, Hong Kong SAR",Manure left on Pasture,Emissions (CO2eq) (AR5),kilotonnes,3.3391,3.3036,3.3422,3.2678,3.3347,3.5267,3.6387,3.7729,3.75,3.695,3.7896,3.845,3.8567,3.9827,3.9827,3.938,3.869,3.8512,3.8723,3.9835,3.8399
"China, Hong Kong SAR",Manure applied to Soils,Direct emissions (N2O),kilotonnes,0.0171,0.0176,0.0169,0.0154,0.0152,0.0153,0.0156,0.0133,0.0133,0.0143,0.015,0.0154,0.0154,0.0156,0.0157,0.0154,0.0149,0.0146,0.0146,0.0148,0.0145
"China, Hong Kong SAR",Manure applied to Soils,Indirect emissions (N2O),kilotonnes,0.0073,0.0075,0.0072,0.0065,0.0065,0.0065,0.0066,0.0057,0.0057,0.0061,0.0064,0.0065,0.0065,0.0066,0.0067,0.0065,0.0063,0.0062,0.0062,0.0063,0.0062
"China, Hong Kong SAR",Manure applied to Soils,Emissions (N2O),kilotonnes,0.0244,0.0251,0.024,0.0219,0.0217,0.0218,0.0222,0.019,0.019,0.0204,0.0214,0.0219,0.0219,0.0223,0.0224,0.0219,0.0213,0.0208,0.0208,0.0211,0.0207
"China, Hong Kong SAR",Manure applied to Soils,Emissions (CO2eq) from N2O (AR5),kilotonnes,6.4747,6.6437,6.3708,5.8113,5.7567,5.7784,5.8834,5.0411,5.0378,5.3999,5.661,5.8154,5.7999,5.9055,5.9253,5.8098,5.6399,5.5022,5.5171,5.5976,5.494
"China, Hong Kong SAR",Manure applied to Soils,Emissions (CO2eq) (AR5),kilotonnes,6.4747,6.6437,6.3708,5.8113,5.7567,5.7784,5.8834,5.0411,5.0378,5.3999,5.661,5.8154,5.7999,5.9055,5.9253,5.8098,5.6399,5.5022,5.5171,5.5976,5.494
"China, Hong Kong SAR",Drained organic soils,Emissions (CO2eq) (AR5),kilotonnes,0,0,0,0,0,0,0,0,0,0,0,0,0,0,0,0,0,0,0,0,0
"China, Hong Kong SAR",Drained organic soils (CO2),Emissions (CO2),kilotonnes,0,0,0,0,0,0,0,0,0,0,0,0,0,0,0,0,0,0,0,0,0
"China, Hong Kong SAR",Drained organic soils (CO2),Emissions (CO2eq) (AR5),kilotonnes,0,0,0,0,0,0,0,0,0,0,0,0,0,0,0,0,0,0,0,0,0
"China, Hong Kong SAR",Drained organic soils (N2O),Emissions (N2O),kilotonnes,0,0,0,0,0,0,0,0,0,0,0,0,0,0,0,0,0,0,0,0,0
"China, Hong Kong SAR",Drained organic soils (N2O),Emissions (CO2eq) from N2O (AR5),kilotonnes,0,0,0,0,0,0,0,0,0,0,0,0,0,0,0,0,0,0,0,0,0
"China, Hong Kong SAR",Drained organic soils (N2O),Emissions (CO2eq) (AR5),kilotonnes,0,0,0,0,0,0,0,0,0,0,0,0,0,0,0,0,0,0,0,0,0
"China, Hong Kong SAR",On-farm energy use,Emissions (CH4),kilotonnes,0.1823,0.1533,0.117,0.1056,0.0744,0.0688,0.056,0.0569,0.055,0.0535,0.065,0.0634,0.0623,0.0639,0.0635,0.0683,0.0705,0.0736,0.0704,0.0719,0.0719
"China, Hong Kong SAR",On-farm energy use,Emissions (N2O),kilotonnes,0.8185,0.6989,0.5158,0.4709,0.2761,0.2614,0.1988,0.1876,0.1755,0.2091,0.2287,0.2145,0.2036,0.2111,0.2026,0.2297,0.244,0.271,0.2511,0.2608,0.2608
"China, Hong Kong SAR",On-farm energy use,Emissions (CO2),kilotonnes,2174.6612,1855.8258,1373.4462,1252.7989,745.9041,706.7103,542.9741,520.2205,492.3389,576.3296,635.7022,601.4114,575.5547,597.8108,578.6025,651.7127,691.32,762.7305,713.0743,740.4765,740.4765
"China, Hong Kong SAR",On-farm energy use,Emissions (CO2eq) from CH4 (AR5),kilotonnes,5.1054,4.2924,3.276,2.9558,2.0827,1.9271,1.5686,1.5938,1.5402,1.4993,1.82,1.7752,1.7436,1.7906,1.7768,1.9124,1.9752,2.0621,1.9712,2.0119,2.0119
"China, Hong Kong SAR",On-farm energy use,Emissions (CO2eq) from N2O (AR5),kilotonnes,216.9093,185.2015,136.6924,124.778,73.1621,69.2829,52.6869,49.7227,46.507,55.423,60.5965,56.8518,53.9454,55.9451,53.6826,60.8664,64.6703,71.8242,66.5393,69.1117,69.1117
"China, Hong Kong SAR",On-farm energy use,Emissions (CO2eq) (AR5),kilotonnes,2396.6759,2045.3197,1513.4146,1380.5327,821.1488,777.9203,597.2296,571.537,540.3861,633.2519,698.1186,660.0384,631.2437,655.5465,634.062,714.4916,757.9655,836.6168,781.5848,811.6001,811.6001
"China, Hong Kong SAR",Savanna fires,Emissions (CH4),kilotonnes,0.0004,0,0,0.011,0.0099,0.0009,0.0184,0.0033,0.0175,0.0049,0.0071,0.0021,0.0038,0.0076,0.001,0,0.0166,0,0.0042,0,0
"China, Hong Kong SAR",Savanna fires,Emissions (N2O),kilotonnes,0,0,0,0.001,0.0009,0.0001,0.0017,0.0003,0.0016,0.0004,0.0006,0.0002,0.0003,0.0007,0.0001,0,0.0015,0,0.0004,0,0
"China, Hong Kong SAR",Savanna fires,Emissions (CO2eq) from CH4 (AR5),kilotonnes,0.0102,0,0,0.3067,0.2767,0.0256,0.5165,0.0929,0.4898,0.1372,0.1991,0.0583,0.1062,0.213,0.0272,0,0.4639,0,0.1184,0,0
"China, Hong Kong SAR",Savanna fires,Emissions (CO2eq) from N2O (AR5),kilotonnes,0.0087,0,0,0.265,0.2391,0.0222,0.4464,0.0803,0.4232,0.1186,0.1721,0.0504,0.0917,0.1841,0.0235,0,0.4008,0,0.1024,0,0
"China, Hong Kong SAR",Savanna fires,Emissions (CO2eq) (AR5),kilotonnes,0.0189,0,0,0.5717,0.5159,0.0478,0.9629,0.1732,0.913,0.2558,0.3712,0.1087,0.1979,0.3971,0.0506,0,0.8647,0,0.2208,0,0
"China, Hong Kong SAR",Fires in organic soils,Emissions (CH4),kilotonnes,0,0,0,0,0,0,0,0,0,0,0,0,0,0,0,0,0,0,0,0,0
"China, Hong Kong SAR",Fires in organic soils,Emissions (CO2),kilotonnes,0,0,0,0,0,0,0,0,0,0,0,0,0,0,0,0,0,0,0,0,0
"China, Hong Kong SAR",Fires in organic soils,Emissions (CO2eq) from CH4 (AR5),kilotonnes,0,0,0,0,0,0,0,0,0,0,0,0,0,0,0,0,0,0,0,0,0
"China, Hong Kong SAR",Fires in organic soils,Emissions (CO2eq) (AR5),kilotonnes,0,0,0,0,0,0,0,0,0,0,0,0,0,0,0,0,0,0,0,0,0
"China, Hong Kong SAR",Forest fires,Emissions (CH4),kilotonnes,0.0022,0,0,0.0025,0.0074,0,0,0,0,0.0422,0,0.0025,0,0.0074,0.0174,0,0,0,0,0,0
"China, Hong Kong SAR",Forest fires,Emissions (N2O),kilotonnes,0.0001,0,0,0.0002,0.0007,0,0,0,0,0.0039,0,0.0002,0,0.0007,0.0016,0,0,0,0,0,0
"China, Hong Kong SAR",Forest fires,Emissions (CO2eq) from CH4 (AR5),kilotonnes,0.0614,0,0,0.0695,0.2085,0,0,0,0,1.1815,0,0.0695,0,0.2085,0.4865,0,0,0,0,0,0
"China, Hong Kong SAR",Forest fires,Emissions (CO2eq) from N2O (AR5),kilotonnes,0.0321,0,0,0.0601,0.1802,0,0,0,0,1.0209,0,0.0601,0,0.1802,0.4204,0,0,0,0,0,0
"China, Hong Kong SAR",Forest fires,Emissions (CO2eq) (AR5),kilotonnes,0.0935,0,0,0.1296,0.3887,0,0,0,0,2.2024,0,0.1296,0,0.3887,0.9069,0,0,0,0,0,0
"China, Hong Kong SAR",Fires in humid tropical forests,Emissions (CH4),kilotonnes,0,0,0,0,0,0,0,0,0,0,0,0,0,0,0,0,0,0,0,0,0
"China, Hong Kong SAR",Fires in humid tropical forests,Emissions (N2O),kilotonnes,0,0,0,0,0,0,0,0,0,0,0,0,0,0,0,0,0,0,0,0,0
"China, Hong Kong SAR",Fires in humid tropical forests,Emissions (CO2eq) from CH4 (AR5),kilotonnes,0,0,0,0,0,0,0,0,0,0,0,0,0,0,0,0,0,0,0,0,0
"China, Hong Kong SAR",Fires in humid tropical forests,Emissions (CO2eq) from N2O (AR5),kilotonnes,0,0,0,0,0,0,0,0,0,0,0,0,0,0,0,0,0,0,0,0,0
"China, Hong Kong SAR",Fires in humid tropical forests,Emissions (CO2eq) (AR5),kilotonnes,0,0,0,0,0,0,0,0,0,0,0,0,0,0,0,0,0,0,0,0,0
"China, Hong Kong SAR",Waste - agri-food systems,Emissions (CH4),kilotonnes,82.8985,84.4024,84.2808,84.2645,84.2038,84.1947,84.2255,84.2777,84.2729,84.2594,84.3018,84.3588,84.4815,84.5328,84.598,84.6391,84.6878,84.7698,84.8601,84.8389,84.6323
"China, Hong Kong SAR",Waste - agri-food systems,Emissions (N2O),kilotonnes,0.2825,0.2778,0.2758,0.2804,0.2996,0.3164,0.3154,0.3255,0.344,0.3644,0.3612,0.3788,0.3875,0.3889,0.4108,0.3949,0.4037,0.4269,0.4304,0.4332,0.4313
"China, Hong Kong SAR",Waste - agri-food systems,Emissions (CO2),kilotonnes,508.7157,508.4545,508.0967,507.501,508.4193,509.8185,511.0736,512.8281,513.5295,513.0544,514.3513,515.9906,517.0769,518.0319,519.1252,520.2989,521.015,522.2281,523.3729,523.4446,522.4349
"China, Hong Kong SAR",Waste - agri-food systems,Emissions (CO2eq) from CH4 (AR5),kilotonnes,2321.1589,2363.2662,2359.8617,2359.4065,2357.706,2357.452,2358.3133,2359.7758,2359.641,2359.2632,2360.4507,2362.0469,2365.4829,2366.9186,2368.7447,2369.8946,2371.2571,2373.5558,2376.0831,2375.4881,2369.7042
"China, Hong Kong SAR",Waste - agri-food systems,Emissions (CO2eq) from N2O (AR5),kilotonnes,74.8508,73.6081,73.086,74.2935,79.3834,83.8551,83.5689,86.2665,91.1731,96.5612,95.73,100.3705,102.6991,103.0666,108.85,104.6428,106.9906,113.1379,114.0627,114.8031,114.3029
"China, Hong Kong SAR",Waste - agri-food systems,Emissions (CO2eq) (AR5),kilotonnes,2904.7253,2945.3288,2941.0444,2941.2009,2945.5087,2951.1255,2952.9558,2958.8704,2964.3436,2968.8789,2970.532,2978.408,2985.2589,2988.017,2996.7199,2994.8363,2999.2627,3008.9218,3013.5186,3013.7358,3006.442
"China, Hong Kong SAR",On-farm electricity use,Emissions (CH4),kilotonnes,0.0136,0.014,0.0143,0.0144,0.0147,0.015,0.0151,0.0153,0.0153,0.0156,0.0157,0.0158,0.0161,0.016,0.0164,0.0165,0.0165,0.0165,0.0166,0.0166,0.0166
"China, Hong Kong SAR",On-farm electricity use,Emissions (N2O),kilotonnes,0,0,0,0,0,0,0,0,0,0,0,0,0,0,0,0,0,0,0,0,0
"China, Hong Kong SAR",On-farm electricity use,Emissions (CO2),kilotonnes,9.3865,9.6353,9.8489,9.9438,10.1426,10.356,10.4302,10.5641,10.584,10.7291,10.8253,10.8775,11.1273,11.0045,11.3468,11.3551,11.3851,11.3344,11.4567,11.4787,11.4787
"China, Hong Kong SAR",On-farm electricity use,Emissions (CO2eq) from CH4 (AR5),kilotonnes,0.3808,0.392,0.4004,0.4032,0.4116,0.42,0.4228,0.4284,0.4284,0.4368,0.4396,0.4424,0.4508,0.448,0.4592,0.462,0.462,0.462,0.4648,0.4648,0.4648
"China, Hong Kong SAR",On-farm electricity use,Emissions (CO2eq) from N2O (AR5),kilotonnes,0,0,0,0,0,0,0,0,0,0,0,0,0,0,0,0,0,0,0,0,0
"China, Hong Kong SAR",On-farm electricity use,Emissions (CO2eq) (AR5),kilotonnes,9.7673,10.0273,10.2493,10.347,10.5542,10.776,10.853,10.9925,11.0124,11.1659,11.2649,11.3199,11.5781,11.4525,11.806,11.8171,11.8471,11.7964,11.9215,11.9435,11.9435
"China, Hong Kong SAR",Food Processing,Emissions (CH4),kilotonnes,0.4174,0.4296,0.4569,0.4415,0.4679,0.5521,0.5805,0.5951,0.6335,0.639,0.62,0.6219,0.6202,0.6487,0.5286,0.5361,0.5518,0.5305,0.5306,0.5567,0.5586
"China, Hong Kong SAR",Food Processing,Emissions (N2O),kilotonnes,0.0046,0.0044,0.0042,0.0048,0.0045,0.0045,0.0045,0.0047,0.0045,0.0047,0.004,0.0046,0.0047,0.005,0.0042,0.0037,0.0038,0.0037,0.0036,0.0038,0.0038
"China, Hong Kong SAR",Food Processing,Emissions (CO2),kilotonnes,631.773,590.7039,618.2508,672.0469,643.6432,686.1876,646.5102,665.4975,636.5767,645.7044,592.5123,686.5186,712.3267,678.8303,560.0479,527.6503,546.3455,525.1288,522.4127,513.7803,369.9218
"China, Hong Kong SAR",Food Processing,Emissions (CO2eq) from CH4 (AR5),kilotonnes,11.6872,12.0288,12.7932,12.362,13.1012,15.4588,16.254,16.6628,17.738,17.892,17.36,17.4132,17.3656,18.1636,14.8008,15.0108,15.4504,14.854,14.8568,15.5876,15.6415
"China, Hong Kong SAR",Food Processing,Emissions (CO2eq) from N2O (AR5),kilotonnes,1.219,1.166,1.113,1.272,1.1925,1.1925,1.1925,1.2455,1.1925,1.2455,1.06,1.219,1.2455,1.325,1.113,0.9805,1.007,0.9805,0.954,1.007,1.0119
"China, Hong Kong SAR",Food Processing,Emissions (CO2eq) (AR5),kilotonnes,644.6792,603.8987,632.157,685.6809,657.9369,702.8389,663.9567,683.4058,655.5072,664.8419,610.9323,705.1508,730.9378,698.3189,575.9617,543.6416,562.8029,540.9633,538.2235,530.3749,386.5753
"China, Hong Kong SAR",Food Packaging,Emissions (CH4),kilotonnes,0.1176,0.1199,0.1246,0.1217,0.1281,0.153,0.1627,0.167,0.1663,0.1753,0.1744,0.1757,0.1706,0.1726,0.1762,0.1714,0.1734,0.1711,0.1834,0.2054,0.2061
"China, Hong Kong SAR",Food Packaging,Emissions (N2O),kilotonnes,0.0027,0.0027,0.0024,0.0027,0.0026,0.0028,0.0028,0.003,0.0027,0.003,0.0027,0.0031,0.003,0.0032,0.0033,0.0029,0.0029,0.0028,0.0027,0.0028,0.0028
"China, Hong Kong SAR",Food Packaging,Emissions (CO2),kilotonnes,326.6408,306.1615,308.2004,328.9018,329.0003,358.5402,343.9931,349.7353,320.8324,328.8812,310.6852,344.3865,337.4201,346.2754,350.639,328.2449,329.8861,317.5827,321.1556,356.7083,256.83
"China, Hong Kong SAR",Food Packaging,Emissions (CO2eq) from CH4 (AR5),kilotonnes,3.2928,3.3572,3.4888,3.4076,3.5868,4.284,4.5556,4.676,4.6564,4.9084,4.8832,4.9196,4.7768,4.8328,4.9336,4.7992,4.8552,4.7908,5.1352,5.7512,5.7711
"China, Hong Kong SAR",Food Packaging,Emissions (CO2eq) from N2O (AR5),kilotonnes,0.7155,0.7155,0.636,0.7155,0.689,0.742,0.742,0.795,0.7155,0.795,0.7155,0.8215,0.795,0.848,0.8745,0.7685,0.7685,0.742,0.7155,0.742,0.7456
"China, Hong Kong SAR",Food Packaging,Emissions (CO2eq) (AR5),kilotonnes,330.6491,310.2342,312.3252,333.0249,333.2761,363.5662,349.2907,355.2063,326.2043,334.5846,316.2839,350.1276,342.9919,351.9562,356.4471,333.8126,335.5098,323.1155,327.0063,363.2015,263.3467
"China, Hong Kong SAR",Food Retail,Emissions (CH4),kilotonnes,0.0101,0.0116,0.0117,0.0124,0.0123,0.0115,0.0117,0.0127,2.6172,2.6488,2.6763,2.6811,2.7339,2.7241,2.756,2.7829,2.7789,2.7881,2.841,1.5243,1.5296
"China, Hong Kong SAR",Food Retail,Emissions (N2O),kilotonnes,0.0002,0.0002,0.0003,0.0003,0.0003,0.0002,0.0002,0.0003,0.014,0.0142,0.0141,0.0141,0.014,0.0149,0.0151,0.0153,0.0152,0.0153,0.0156,0.0082,0.0082
"China, Hong Kong SAR",Food Retail,Emissions (CO2),kilotonnes,94.2321,111.5497,128.9712,133.4332,131.8328,81.3356,82.1222,134.0035,1927.3658,1947.559,1968.8984,1972.4987,2007.9835,2001.7873,2023.8829,2041.694,2039.6929,2047.5377,2090.551,1118.9467,805.6416
"China, Hong Kong SAR",Food Retail,Emissions (CO2eq) from CH4 (AR5),kilotonnes,0.2828,0.3248,0.3276,0.3472,0.3444,0.322,0.3276,0.3556,73.2816,74.1664,74.9364,75.0708,76.5492,76.2748,77.168,77.9212,77.8092,78.0668,79.548,42.6804,42.8281
"China, Hong Kong SAR",Food Retail,Emissions (CO2eq) from N2O (AR5),kilotonnes,0.053,0.053,0.0795,0.0795,0.0795,0.053,0.053,0.0795,3.71,3.763,3.7365,3.7365,3.71,3.9485,4.0015,4.0545,4.028,4.0545,4.134,2.173,2.1836
"China, Hong Kong SAR",Food Retail,Emissions (CO2eq) (AR5),kilotonnes,94.5679,111.9275,129.3783,133.8599,132.2567,81.7106,82.5028,134.4386,2004.3574,2025.4884,2047.5713,2051.306,2088.2427,2082.0106,2105.0524,2123.6697,2121.5301,2129.659,2174.233,1163.8001,850.6533
"China, Hong Kong SAR",Food Household Consumption,Emissions (CH4),kilotonnes,2.1907,2.2316,2.2738,2.3408,2.3252,2.4395,2.4137,2.4807,2.5275,2.6978,2.7222,2.7525,2.8385,2.744,2.9786,2.9136,2.9674,2.9043,2.8867,2.8867,2.8967
"China, Hong Kong SAR",Food Household Consumption,Emissions (N2O),kilotonnes,0.0121,0.012,0.0131,0.0138,0.0134,0.0138,0.0142,0.0142,0.0138,0.0171,0.0169,0.0167,0.0167,0.0167,0.0179,0.0179,0.0184,0.0183,0.0178,0.0178,0.0179
"China, Hong Kong SAR",Food Household Consumption,Emissions (CO2),kilotonnes,1706.5842,1767.1428,1821.7216,1883.9814,1873.3089,1965.7514,1951.5754,1997.4784,2040.2581,2453.5278,2462.0668,2447.0429,2490.7304,2351.6078,2518.9252,2506.1987,2566.1482,2542.609,2486.6015,2486.6015,1790.3531
"China, Hong Kong SAR",Food Household Consumption,Emissions (CO2eq) from CH4 (AR5),kilotonnes,61.3396,62.4848,63.6664,65.5424,65.1056,68.306,67.5836,69.4596,70.77,75.5384,76.2216,77.07,79.478,76.832,83.4008,81.5808,83.0872,81.3204,80.8276,80.8276,81.1073
"China, Hong Kong SAR",Food Household Consumption,Emissions (CO2eq) from N2O (AR5),kilotonnes,3.2065,3.18,3.4715,3.657,3.551,3.657,3.763,3.763,3.657,4.5315,4.4785,4.4255,4.4255,4.4255,4.7435,4.7435,4.876,4.8495,4.717,4.717,4.74
"China, Hong Kong SAR",Food Household Consumption,Emissions (CO2eq) (AR5),kilotonnes,1771.1303,1832.8076,1888.8595,1953.1808,1941.9655,2037.7144,2022.922,2070.701,2114.6851,2533.5977,2542.7669,2528.5384,2574.6339,2432.8653,2607.0695,2592.523,2654.1114,2628.7789,2572.1461,2572.1461,1876.2003
"China, Hong Kong SAR",Food Transport,Emissions (CH4),kilotonnes,0.0884,0.0762,0.0578,0.0516,0.0362,0.1219,0.1264,0.1271,0.1321,0.1421,0.1265,0.1287,0.1287,0.1298,0.1353,0.1309,0.1331,0.1243,0.1188,0.1381,0.1386
"China, Hong Kong SAR",Food Transport,Emissions (N2O),kilotonnes,0.0276,0.0249,0.0199,0.0189,0.0143,0.0143,0.0125,0.0123,0.0118,0.0145,0.0135,0.0134,0.0135,0.014,0.0142,0.0156,0.0165,0.0175,0.0166,0.0153,0.0154
"China, Hong Kong SAR",Food Transport,Emissions (CO2),kilotonnes,1276,1111,877.8,851.4,576.4,673.2,596.2,591.8,587.4,785.4318,721.6318,704.0318,693.0795,713.996,721.6795,799.7795,848.1795,915.297,870.192,776.6862,559.2141
"China, Hong Kong SAR",Food Transport,Emissions (CO2eq) from CH4 (AR5),kilotonnes,2.4752,2.1336,1.6184,1.4448,1.0136,3.4132,3.5392,3.5588,3.6988,3.9788,3.542,3.6036,3.6036,3.6344,3.7884,3.6652,3.7268,3.4804,3.3264,3.8668,3.8802
"China, Hong Kong SAR",Food Transport,Emissions (CO2eq) from N2O (AR5),kilotonnes,7.314,6.5985,5.2735,5.0085,3.7895,3.7895,3.3125,3.2595,3.127,3.8425,3.5775,3.551,3.5775,3.71,3.763,4.134,4.3725,4.6375,4.399,4.0545,4.0742
"China, Hong Kong SAR",Food Transport,Emissions (CO2eq) (AR5),kilotonnes,1285.7892,1119.7321,884.6919,857.8533,581.2031,680.4027,603.0517,598.6183,594.2258,793.2531,728.7513,711.1864,700.2606,721.3404,729.2309,807.5787,856.2788,923.4149,877.9174,784.6075,567.1685
"China, Hong Kong SAR",Energy,Emissions (CH4),kilotonnes,5.05,5.12,4.91,4.69,4.81,5.41,5.62,5.58,5.66,5.81,5.53,5.65,5.54,5.58,5.78,5.72,5.71,5.61,5.54,5.78,5.8
"China, Hong Kong SAR",Energy,Emissions (N2O),kilotonnes,0.557,0.572,0.544,0.602,0.558,0.56,0.566,0.597,0.564,0.622,0.54,0.617,0.613,0.637,0.669,0.592,0.601,0.588,0.568,0.616,0.619
"China, Hong Kong SAR",Energy,Emissions (CO2),kilotonnes,39800,37300,39000,42800,41200,43400,41600,43200,42300,41200,39500,42600,42100,43700,44800,41700,42700,41900,42400,40000,28800
"China, Hong Kong SAR",Energy,Emissions (CO2eq) from CH4 (AR5),kilotonnes,141.4,143.36,137.48,131.32,134.68,151.48,157.36,156.24,158.48,162.68,154.84,158.2,155.12,156.24,161.84,160.16,159.88,157.08,155.12,161.84,162.4
"China, Hong Kong SAR",Energy,Emissions (CO2eq) from N2O (AR5),kilotonnes,147.605,151.58,144.16,159.53,147.87,148.4,149.99,158.205,149.46,164.83,143.1,163.505,162.445,168.805,177.285,156.88,159.265,155.82,150.52,163.24,164.035
"China, Hong Kong SAR",Energy,Emissions (CO2eq) (AR5),kilotonnes,40089.005,37594.94,39281.64,43090.85,41482.55,43699.88,41907.35,43514.445,42607.94,41527.51,39797.94,42921.705,42417.565,44025.045,45139.125,42017.04,43019.145,42212.9,42705.64,40325.08,29126.435
"China, Hong Kong SAR",IPPU,Emissions (N2O),kilotonnes,0.002,0.002,0.002,0.002,0.0021,0.0021,0.0021,0.0021,0.0021,0.0021,0.0021,0.0021,0.0021,0.0022,0.0022,0.0022,0.0022,0.0022,0.0022,0.0022,0.0023
"China, Hong Kong SAR",IPPU,Emissions (CO2),kilotonnes,799,709,700,676,641,599,566,562,719,621,763,771,823,863,914,926,892,793,816,795,794
"China, Hong Kong SAR",IPPU,Emissions (CO2eq) from F-gases (AR5),kilotonnes,206.9837,226.4188,246.8257,269.176,294.4416,319.7073,339.1423,356.6339,374.1255,392.5889,411.0522,417.8545,435.3461,451.8659,469.3575,485.8773,503.3689,519.8887,537.3803,553.9001,571.3917
"China, Hong Kong SAR",IPPU,Emissions (CO2eq) from N2O (AR5),kilotonnes,0.5327,0.538,0.5406,0.5406,0.5433,0.5459,0.5486,0.5512,0.5538,0.5565,0.5618,0.5645,0.5671,0.5698,0.5751,0.5777,0.583,0.5883,0.5936,0.5936,0.5962
"China, Hong Kong SAR",IPPU,Emissions (CO2eq) (AR5),kilotonnes,1006.5164,935.9568,947.3663,945.7166,935.9849,919.2532,905.6909,919.1851,1093.6794,1014.1454,1174.614,1189.4189,1258.9132,1315.4356,1383.9325,1412.455,1395.9519,1313.477,1353.9739,1349.4937,1365.9879
"China, Hong Kong SAR",Waste,Emissions (CH4),kilotonnes,158,159,159,160,163,165,167,169,170,171,173,175,176,178,179,180,183,185,187,188,190
"China, Hong Kong SAR",Waste,Emissions (N2O),kilotonnes,0.312,0.315,0.339,0.339,0.347,0.363,0.377,0.389,0.4,0.42,0.434,0.448,0.457,0.468,0.481,0.484,0.491,0.497,0.505,0.53,0.541
"China, Hong Kong SAR",Waste,Emissions (CO2),kilotonnes,8.31,8.4,8.52,8.68,9.02,9.32,9.41,9.62,9.82,10,10.2,10.4,10.6,10.6,10.6,10.6,10.6,10.7,10.8,11.1,11.3
"China, Hong Kong SAR",Waste,Emissions (CO2eq) from CH4 (AR5),kilotonnes,4424,4452,4452,4480,4564,4620,4676,4732,4760,4788,4844,4900,4928,4984,5012,5040,5124,5180,5236,5264,5320
"China, Hong Kong SAR",Waste,Emissions (CO2eq) from N2O (AR5),kilotonnes,82.68,83.475,89.835,89.835,91.955,96.195,99.905,103.085,106,111.3,115.01,118.72,121.105,124.02,127.465,128.26,130.115,131.705,133.825,140.45,143.365
"China, Hong Kong SAR",Waste,Emissions (CO2eq) (AR5),kilotonnes,4514.99,4543.875,4550.355,4578.515,4664.975,4725.515,4785.315,4844.705,4875.82,4909.3,4969.21,5029.12,5059.705,5118.62,5150.065,5178.86,5264.715,5322.405,5380.625,5415.55,5474.665
"China, Hong Kong SAR",Other,Emissions (N2O),kilotonnes,1.19,1.12,1.01,1.06,0.899,0.944,0.927,0.956,0.917,1.03,0.915,0.993,0.975,1,1.04,0.967,0.991,0.992,0.957,1.01,1.01
"China, Hong Kong SAR",Other,Emissions (CO2eq) from N2O (AR5),kilotonnes,315.35,296.8,267.65,280.9,238.235,250.16,245.655,253.34,243.005,272.95,242.475,263.145,258.375,265,275.6,256.255,262.615,262.88,253.605,267.65,267.65
"China, Hong Kong SAR",Other,Emissions (CO2eq) (AR5),kilotonnes,315.35,296.8,267.65,280.9,238.235,250.16,245.655,253.34,243.005,272.95,242.475,263.145,258.375,265,275.6,256.255,262.615,262.88,253.605,267.65,267.65
"China, Hong Kong SAR",Farm-gate emissions,Emissions (CH4),kilotonnes,1.6788,1.7084,1.581,1.4307,1.3699,1.3303,1.3532,1.0604,1.0693,1.1701,1.2489,1.2712,1.2795,1.2927,1.2916,1.2654,1.2441,1.1925,1.1943,1.1925,1.1909
"China, Hong Kong SAR",Farm-gate emissions,Direct emissions (N2O),kilotonnes,0.0274,0.0277,0.0271,0.0254,0.0254,0.0261,0.0267,0.0249,0.0248,0.0256,0.0266,0.0272,0.0272,0.0278,0.0279,0.0275,0.0268,0.0264,0.0265,0.027,0.0263
"China, Hong Kong SAR",Farm-gate emissions,Indirect emissions (N2O),kilotonnes,0.0097,0.0098,0.0095,0.0089,0.0089,0.009,0.0092,0.0084,0.0083,0.0087,0.0091,0.0093,0.0093,0.0095,0.0095,0.0093,0.0091,0.0089,0.009,0.0091,0.0089
"China, Hong Kong SAR",Farm-gate emissions,Emissions (N2O),kilotonnes,0.8804,0.7622,0.5769,0.5281,0.3328,0.3179,0.258,0.2385,0.2275,0.263,0.2851,0.2719,0.2611,0.2701,0.2611,0.287,0.3013,0.3256,0.3062,0.3163,0.3153
"China, Hong Kong SAR",Farm-gate emissions,Emissions (CO2),kilotonnes,2174.6612,1855.8258,1373.4462,1252.7989,745.9041,706.7103,542.9741,520.2205,492.3389,576.3296,635.7022,601.4114,575.5547,597.8108,578.6025,651.7127,691.32,762.7305,713.0743,740.4765,740.4765
"China, Hong Kong SAR",Farm-gate emissions,Emissions (CO2eq) from CH4 (AR5),kilotonnes,47.007,47.8341,44.2672,40.0593,38.3577,37.2472,37.8887,29.6898,29.9392,32.7631,34.9692,35.5939,35.8246,36.1953,36.1636,35.4304,34.8335,33.3908,33.4392,33.3901,33.3457
"China, Hong Kong SAR",Farm-gate emissions,Emissions (CO2eq) from N2O (AR5),kilotonnes,233.3124,201.971,152.8653,139.9364,88.1964,84.2374,68.3651,63.1964,60.297,69.6884,75.5535,72.0415,69.185,71.5642,69.1857,76.056,79.8422,86.2776,81.1384,83.827,83.5435
"China, Hong Kong SAR",Farm-gate emissions,Emissions (CO2eq) (AR5),kilotonnes,2454.9806,2105.6309,1570.5787,1432.7947,872.4581,828.1949,649.2279,613.1068,582.5751,678.781,746.225,709.0469,680.5643,705.5703,683.9519,763.1991,805.9957,882.399,827.6519,857.6937,857.3657
"China, Hong Kong SAR",Land Use change,Emissions (CH4),kilotonnes,0,0,0,0,0,0,0,0,0,0,0,0,0,0,0,0,0,0,0,0,0
"China, Hong Kong SAR",Land Use change,Emissions (N2O),kilotonnes,0,0,0,0,0,0,0,0,0,0,0,0,0,0,0,0,0,0,0,0,0
"China, Hong Kong SAR",Land Use change,Emissions (CO2),kilotonnes,0,0,0,0,0,0,0,0,0,0,0,0,0,0,0,0,0,0,0,0,0
"China, Hong Kong SAR",Land Use change,Emissions (CO2eq) from CH4 (AR5),kilotonnes,0,0,0,0,0,0,0,0,0,0,0,0,0,0,0,0,0,0,0,0,0
"China, Hong Kong SAR",Land Use change,Emissions (CO2eq) from N2O (AR5),kilotonnes,0,0,0,0,0,0,0,0,0,0,0,0,0,0,0,0,0,0,0,0,0
"China, Hong Kong SAR",Land Use change,Emissions (CO2eq) (AR5),kilotonnes,0,0,0,0,0,0,0,0,0,0,0,0,0,0,0,0,0,0,0,0,0
"China, Hong Kong SAR",Emissions on agricultural land,Emissions (CH4),kilotonnes,1.6788,1.7084,1.581,1.4307,1.3699,1.3303,1.3532,1.0604,1.0693,1.1701,1.2489,1.2712,1.2795,1.2927,1.2916,1.2654,1.2441,1.1925,1.1943,1.1925,1.1909
"China, Hong Kong SAR",Emissions on agricultural land,Emissions (N2O),kilotonnes,0.8804,0.7622,0.5769,0.5281,0.3328,0.3179,0.258,0.2385,0.2275,0.263,0.2851,0.2719,0.2611,0.2701,0.2611,0.287,0.3013,0.3256,0.3062,0.3163,0.3153
"China, Hong Kong SAR",Emissions on agricultural land,Emissions (CO2),kilotonnes,2174.6612,1855.8258,1373.4462,1252.7989,745.9041,706.7103,542.9741,520.2205,492.3389,576.3296,635.7022,601.4114,575.5547,597.8108,578.6025,651.7127,691.32,762.7305,713.0743,740.4765,740.4765
"China, Hong Kong SAR",Emissions on agricultural land,Emissions (CO2eq) from CH4 (AR5),kilotonnes,47.007,47.8341,44.2672,40.0593,38.3577,37.2472,37.8887,29.6898,29.9392,32.7631,34.9692,35.5939,35.8246,36.1953,36.1636,35.4304,34.8335,33.3908,33.4392,33.3901,33.3457
"China, Hong Kong SAR",Emissions on agricultural land,Emissions (CO2eq) from N2O (AR5),kilotonnes,233.3124,201.971,152.8653,139.9364,88.1964,84.2374,68.3651,63.1964,60.297,69.6884,75.5535,72.0415,69.185,71.5642,69.1857,76.056,79.8422,86.2776,81.1384,83.827,83.5435
"China, Hong Kong SAR",Emissions on agricultural land,Emissions (CO2eq) (AR5),kilotonnes,2454.9806,2105.6309,1570.5787,1432.7947,872.4581,828.1949,649.2279,613.1068,582.5751,678.781,746.225,709.0469,680.5643,705.5703,683.9519,763.1991,805.9957,882.399,827.6519,857.6937,857.3657
"China, Hong Kong SAR",Pre- and post- production,Emissions (CH4),kilotonnes,85.7363,87.2853,87.2199,87.2469,87.1882,87.4877,87.5356,87.6756,90.3648,90.578,90.6369,90.7345,90.9895,90.968,91.1891,91.1905,91.3089,91.3046,91.4372,90.1667,89.9785
"China, Hong Kong SAR",Pre- and post- production,Emissions (N2O),kilotonnes,0.3297,0.322,0.3157,0.3209,0.3347,0.352,0.3496,0.36,0.3908,0.4179,0.4124,0.4307,0.4394,0.4427,0.4655,0.4503,0.4605,0.4845,0.4867,0.4811,0.4795
"China, Hong Kong SAR",Pre- and post- production,Emissions (CO2),kilotonnes,4553.3323,4404.6477,4272.8896,4387.2081,4072.7471,4285.1893,4141.9047,4261.9069,6036.5465,6684.8877,6580.9711,6681.3466,6769.7444,6621.5332,6705.6465,6735.2214,6862.6523,6881.7177,6825.7424,5787.6463,4315.8741
"China, Hong Kong SAR",Pre- and post- production,Emissions (CO2eq) from CH4 (AR5),kilotonnes,2400.6173,2443.9874,2442.1565,2442.9137,2441.2692,2449.656,2450.9961,2454.917,2530.2142,2536.184,2537.8335,2540.5665,2547.7069,2547.1042,2553.2955,2553.3338,2556.6479,2556.5302,2560.2419,2524.6665,2519.3972
"China, Hong Kong SAR",Pre- and post- production,Emissions (CO2eq) from N2O (AR5),kilotonnes,87.3588,85.3211,83.6595,85.026,88.6849,93.2891,92.6319,95.409,103.5751,110.7387,109.298,114.124,116.4526,117.3236,123.3455,119.3238,122.0426,128.4019,128.9822,127.4966,127.0582
"China, Hong Kong SAR",Pre- and post- production,Emissions (CO2eq) (AR5),kilotonnes,7041.3083,6933.9562,6798.7056,6915.1477,6602.7012,6828.1343,6685.5327,6812.2329,8670.3358,9331.8105,9228.1026,9336.0371,9433.9039,9285.9609,9382.2875,9407.879,9541.3428,9566.6498,9514.9664,8439.8094,6962.3295
"China, Hong Kong SAR",Agri-food systems,Emissions (CH4),kilotonnes,87.4152,88.9936,88.8008,88.6776,88.5581,88.818,88.8887,88.736,91.4341,91.7481,91.8858,92.0057,92.269,92.2607,92.4807,92.4559,92.5529,92.4972,92.6315,91.3592,91.1694
"China, Hong Kong SAR",Agri-food systems,Emissions (N2O),kilotonnes,1.2101,1.0841,0.8925,0.8489,0.6675,0.6699,0.6075,0.5985,0.6184,0.6809,0.6976,0.7025,0.7005,0.7128,0.7265,0.7373,0.7618,0.8101,0.7929,0.7974,0.7947
"China, Hong Kong SAR",Agri-food systems,Emissions (CO2),kilotonnes,6727.9935,6260.4735,5646.3358,5640.007,4818.6512,4991.8996,4684.8788,4782.1274,6528.8854,7261.2173,7216.6733,7282.758,7345.2992,7219.344,7284.249,7386.9341,7553.9723,7644.4481,7538.8167,6528.1228,5056.3506
"China, Hong Kong SAR",Agri-food systems,Emissions (CO2eq) from CH4 (AR5),kilotonnes,2447.6242,2491.8216,2486.4238,2482.973,2479.6268,2486.9031,2488.8848,2484.6069,2560.1534,2568.9472,2572.8027,2576.1604,2583.5315,2583.2994,2589.4591,2588.7643,2591.4814,2589.921,2593.6811,2558.0567,2552.7429
"China, Hong Kong SAR",Agri-food systems,Emissions (CO2eq) from N2O (AR5),kilotonnes,320.6712,287.2921,236.5248,224.9624,176.8812,177.5265,160.997,158.6054,163.872,180.4271,184.8515,186.1656,185.6376,188.8877,192.5312,195.3798,201.8848,214.6796,210.1205,211.3236,210.6017
"China, Hong Kong SAR",Agri-food systems,Emissions (CO2eq) (AR5),kilotonnes,9496.2889,9039.5871,8369.2844,8347.9424,7475.1593,7656.3293,7334.7605,7425.3397,9252.9109,10010.5915,9974.3275,10045.084,10114.4683,9991.5312,10066.2393,10171.0782,10347.3386,10449.0487,10342.6183,9297.5031,7819.6952
"China, Hong Kong SAR",IPCC Agriculture,Emissions (CH4),kilotonnes,1.4965,1.5551,1.464,1.3251,1.2955,1.2614,1.2971,1.0034,1.0143,1.1166,1.1839,1.2078,1.2172,1.2287,1.2281,1.1971,1.1735,1.1189,1.1239,1.1207,1.1191
"China, Hong Kong SAR",IPCC Agriculture,Direct emissions (N2O),kilotonnes,0.0274,0.0277,0.0271,0.0254,0.0254,0.0261,0.0267,0.0249,0.0248,0.0256,0.0266,0.0272,0.0272,0.0278,0.0279,0.0275,0.0268,0.0264,0.0265,0.027,0.0263
"China, Hong Kong SAR",IPCC Agriculture,Indirect emissions (N2O),kilotonnes,0.0097,0.0098,0.0095,0.0089,0.0089,0.009,0.0092,0.0084,0.0083,0.0087,0.0091,0.0093,0.0093,0.0095,0.0095,0.0093,0.0091,0.0089,0.009,0.0091,0.0089
"China, Hong Kong SAR",IPCC Agriculture,Emissions (N2O),kilotonnes,0.0619,0.0633,0.061,0.0572,0.0567,0.0564,0.0592,0.0508,0.052,0.0538,0.0564,0.0573,0.0575,0.0589,0.0585,0.0573,0.0573,0.0545,0.0551,0.0555,0.0545
"China, Hong Kong SAR",IPCC Agriculture,Emissions (CO2eq) from CH4 (AR5),kilotonnes,41.9016,43.5417,40.9912,37.1036,36.275,35.3201,36.3201,28.096,28.3991,31.2638,33.1493,33.8188,34.081,34.4047,34.3868,33.518,32.8584,31.3287,31.468,31.3782,31.3338
"China, Hong Kong SAR",IPCC Agriculture,Emissions (CO2eq) from N2O (AR5),kilotonnes,16.4031,16.7695,16.1729,15.1584,15.0343,14.9545,15.6781,13.4737,13.79,14.2653,14.957,15.1897,15.2396,15.619,15.5031,15.1896,15.1719,14.4534,14.5991,14.7154,14.4318
"China, Hong Kong SAR",IPCC Agriculture,Emissions (CO2eq) (AR5),kilotonnes,58.3047,60.3112,57.1641,52.262,51.3093,50.2746,51.9983,41.5697,42.189,45.5291,48.1063,49.0085,49.3206,50.0237,49.8899,48.7076,48.0302,45.7821,46.0671,46.0936,45.7656
"China, Hong Kong SAR",Agricultural Soils,Direct emissions (N2O),kilotonnes,0.0274,0.0277,0.0271,0.0254,0.0254,0.0261,0.0267,0.0249,0.0248,0.0256,0.0266,0.0272,0.0272,0.0278,0.0279,0.0275,0.0268,0.0264,0.0265,0.027,0.0263
"China, Hong Kong SAR",Agricultural Soils,Indirect emissions (N2O),kilotonnes,0.0097,0.0098,0.0095,0.0089,0.0089,0.009,0.0092,0.0084,0.0083,0.0087,0.0091,0.0093,0.0093,0.0095,0.0095,0.0093,0.0091,0.0089,0.009,0.0091,0.0089
"China, Hong Kong SAR",Agricultural Soils,Emissions (N2O),kilotonnes,0.037,0.0375,0.0367,0.0343,0.0343,0.0351,0.0359,0.0333,0.0332,0.0343,0.0357,0.0365,0.0364,0.0373,0.0374,0.0368,0.0359,0.0353,0.0354,0.0362,0.0352
"China, Hong Kong SAR",Agricultural Soils,Emissions (CO2eq) from N2O (AR5),kilotonnes,9.8138,9.9473,9.713,9.0791,9.0914,9.3051,9.5221,8.8141,8.7878,9.095,9.4505,9.6604,9.6565,9.8883,9.908,9.7477,9.5089,9.3535,9.3894,9.581,9.3339
"China, Hong Kong SAR",Agricultural Soils,Emissions (CO2eq) (AR5),kilotonnes,9.8138,9.9473,9.713,9.0791,9.0914,9.3051,9.5221,8.8141,8.7878,9.095,9.4505,9.6604,9.6565,9.8883,9.908,9.7477,9.5089,9.3535,9.3894,9.581,9.3339
"China, Hong Kong SAR",LULUCF,Emissions (CH4),kilotonnes,0.0022,0,0,0.0025,0.0074,0,0,0,0,0.0422,0,0.0025,0,0.0074,0.0174,0,0,0,0,0,0
"China, Hong Kong SAR",LULUCF,Emissions (N2O),kilotonnes,0.0001,0,0,0.0002,0.0007,0,0,0,0,0.0039,0,0.0002,0,0.0007,0.0016,0,0,0,0,0,0
"China, Hong Kong SAR",LULUCF,Emissions (CO2),kilotonnes,0,0,0,0,0,0,0,0,0,0,0,0,0,0,0,0,0,0,0,0,0
"China, Hong Kong SAR",LULUCF,Emissions (CO2eq) from CH4 (AR5),kilotonnes,0.0614,0,0,0.0695,0.2085,0,0,0,0,1.1815,0,0.0695,0,0.2085,0.4865,0,0,0,0,0,0
"China, Hong Kong SAR",LULUCF,Emissions (CO2eq) from N2O (AR5),kilotonnes,0.0321,0,0,0.0601,0.1802,0,0,0,0,1.0209,0,0.0601,0,0.1802,0.4204,0,0,0,0,0,0
"China, Hong Kong SAR",LULUCF,Emissions (CO2eq) (AR5),kilotonnes,0.0935,0,0,0.1296,0.3887,0,0,0,0,2.2024,0,0.1296,0,0.3887,0.9069,0,0,0,0,0,0
"China, Hong Kong SAR",AFOLU,Emissions (CH4),kilotonnes,1.4987,1.5551,1.464,1.3276,1.303,1.2614,1.2971,1.0034,1.0143,1.1588,1.1839,1.2103,1.2172,1.2362,1.2455,1.1971,1.1735,1.1189,1.1239,1.1207,1.1191
"China, Hong Kong SAR",AFOLU,Emissions (N2O),kilotonnes,0.062,0.0633,0.061,0.0574,0.0574,0.0564,0.0592,0.0508,0.052,0.0577,0.0564,0.0575,0.0575,0.0596,0.0601,0.0573,0.0573,0.0545,0.0551,0.0555,0.0545
"China, Hong Kong SAR",AFOLU,Emissions (CO2),kilotonnes,0,0,0,0,0,0,0,0,0,0,0,0,0,0,0,0,0,0,0,0,0
"China, Hong Kong SAR",AFOLU,Emissions (CO2eq) from CH4 (AR5),kilotonnes,41.963,43.5417,40.9912,37.1731,36.4835,35.3201,36.3201,28.096,28.3991,32.4453,33.1493,33.8883,34.081,34.6132,34.8733,33.518,32.8584,31.3287,31.468,31.3782,31.3338
"China, Hong Kong SAR",AFOLU,Emissions (CO2eq) from N2O (AR5),kilotonnes,16.4351,16.7695,16.1729,15.2185,15.2145,14.9545,15.6781,13.4737,13.79,15.2863,14.957,15.2498,15.2396,15.7992,15.9235,15.1896,15.1719,14.4534,14.5991,14.7154,14.4318
"China, Hong Kong SAR",AFOLU,Emissions (CO2eq) (AR5),kilotonnes,58.3981,60.3112,57.1641,52.3916,51.6979,50.2746,51.9983,41.5697,42.189,47.7315,48.1063,49.138,49.3206,50.4124,50.7968,48.7076,48.0302,45.7821,46.0671,46.0936,45.7656
"China, Hong Kong SAR",All sectors with LULUCF,Emissions (CH4),kilotonnes,164.5487,165.6751,165.374,166.0176,169.113,171.6714,173.9171,175.5834,176.6743,177.9688,179.7139,181.8603,182.7572,184.8162,186.0255,186.9171,189.8835,191.7289,193.6639,194.9007,196.9191
"China, Hong Kong SAR",All sectors with LULUCF,Emissions (N2O),kilotonnes,2.123,2.0723,1.9561,2.0605,1.8635,1.9255,1.9312,1.9949,1.9351,2.1318,1.9476,2.1177,2.1046,2.1668,2.2523,2.1025,2.1425,2.1338,2.0873,2.2138,2.2267
"China, Hong Kong SAR",All sectors with LULUCF,Emissions (CO2),kilotonnes,40607.31,38017.4,39708.52,43484.68,41850.02,44008.32,42175.41,43771.62,43028.82,41831,40273.2,43381.4,42933.6,44573.6,45724.6,42636.6,43602.6,42703.7,43226.8,40806.1,29605.3
"China, Hong Kong SAR",All sectors with LULUCF,Emissions (CO2eq) from F-gases (AR5),kilotonnes,206.9837,226.4188,246.8257,269.176,294.4416,319.7073,339.1423,356.6339,374.1255,392.5889,411.0522,417.8545,435.3461,451.8659,469.3575,485.8773,503.3689,519.8887,537.3803,553.9001,571.3917
"China, Hong Kong SAR",All sectors with LULUCF,Emissions (CO2eq) from CH4 (AR5),kilotonnes,4607.363,4638.9017,4630.4712,4648.4931,4735.1635,4806.8001,4869.6801,4916.336,4946.8791,4983.1253,5031.9893,5092.0883,5117.201,5174.8532,5208.7133,5233.678,5316.7384,5368.4087,5422.588,5457.2182,5513.7338
"China, Hong Kong SAR",All sectors with LULUCF,Emissions (CO2eq) from N2O (AR5),kilotonnes,562.6028,549.1625,518.3585,546.0241,493.8177,510.2554,511.7767,528.6549,512.8088,564.9228,516.1038,561.1842,557.7317,574.194,596.8485,557.1623,567.7499,565.4467,553.1427,586.649,590.0781
"China, Hong Kong SAR",All sectors with LULUCF,Emissions (CO2eq) (AR5),kilotonnes,45984.2595,43431.883,45104.1753,48948.3732,47373.4428,49645.0828,47896.0092,49573.2449,48862.6334,47771.6369,46232.3453,49452.5269,49043.8787,50774.513,51999.5193,48913.3176,49990.4571,49157.4441,49739.911,47403.8673,36280.5035
"China, Hong Kong SAR",All sectors without LULUCF,Emissions (CH4),kilotonnes,164.5465,165.6751,165.374,166.0151,169.1055,171.6714,173.9171,175.5834,176.6743,177.9266,179.7139,181.8578,182.7572,184.8087,186.0081,186.9171,189.8835,191.7289,193.6639,194.9007,196.9191
"China, Hong Kong SAR",All sectors without LULUCF,Emissions (N2O),kilotonnes,2.1229,2.0723,1.9561,2.0602,1.8628,1.9255,1.9312,1.9949,1.9351,2.1279,1.9476,2.1174,2.1046,2.1661,2.2507,2.1025,2.1425,2.1338,2.0873,2.2138,2.2267
"China, Hong Kong SAR",All sectors without LULUCF,Emissions (CO2),kilotonnes,40607.31,38017.4,39708.52,43484.68,41850.02,44008.32,42175.41,43771.62,43028.82,41831,40273.2,43381.4,42933.6,44573.6,45724.6,42636.6,43602.6,42703.7,43226.8,40806.1,29605.3
"China, Hong Kong SAR",All sectors without LULUCF,Emissions (CO2eq) from F-gases (AR5),kilotonnes,206.9837,226.4188,246.8257,269.176,294.4416,319.7073,339.1423,356.6339,374.1255,392.5889,411.0522,417.8545,435.3461,451.8659,469.3575,485.8773,503.3689,519.8887,537.3803,553.9001,571.3917
"China, Hong Kong SAR",All sectors without LULUCF,Emissions (CO2eq) from CH4 (AR5),kilotonnes,4607.3016,4638.9017,4630.4712,4648.4236,4734.955,4806.8001,4869.6801,4916.336,4946.8791,4981.9438,5031.9893,5092.0188,5117.201,5174.6447,5208.2268,5233.678,5316.7384,5368.4087,5422.588,5457.2182,5513.7338
"China, Hong Kong SAR",All sectors without LULUCF,Emissions (CO2eq) from N2O (AR5),kilotonnes,562.5707,549.1625,518.3585,545.964,493.6375,510.2554,511.7767,528.6549,512.8088,563.9018,516.1038,561.1242,557.7317,574.0138,596.4281,557.1623,567.7499,565.4467,553.1427,586.649,590.0781
"China, Hong Kong SAR",All sectors without LULUCF,Emissions (CO2eq) (AR5),kilotonnes,45984.166,43431.883,45104.1753,48948.2436,47373.0542,49645.0828,47896.0092,49573.2449,48862.6334,47769.4345,46232.3453,49452.3974,49043.8787,50774.1243,51998.6124,48913.3176,49990.4571,49157.4441,49739.911,47403.8673,36280.5035
"China, Macao SAR",Manure Management,Emissions (CH4),kilotonnes,0.01,0.012,0.012,0.014,0.012,0.014,0.014,0.0156,0.014,0.014,0.014,0.014,0.015,0.0146,0.0144,0.0149,0.0151,0.0149,0.0151,0.0153,0.0155
"China, Macao SAR",Manure Management,Emissions (N2O),kilotonnes,0.001,0.0011,0.0011,0.0012,0.001,0.0012,0.0012,0.0014,0.0012,0.0012,0.0012,0.0012,0.0012,0.0012,0.0013,0.0013,0.0013,0.0012,0.0013,0.0013,0.0013
"China, Macao SAR",Manure Management,Emissions (CO2eq) from CH4 (AR5),kilotonnes,0.28,0.336,0.336,0.392,0.336,0.392,0.392,0.4368,0.392,0.392,0.392,0.392,0.42,0.4088,0.4032,0.4161,0.4222,0.4172,0.4222,0.4284,0.4334
"China, Macao SAR",Manure Management,Emissions (CO2eq) from N2O (AR5),kilotonnes,0.2568,0.3,0.3,0.325,0.2737,0.32,0.32,0.3682,0.3099,0.3099,0.3099,0.3089,0.3295,0.3222,0.3315,0.3414,0.334,0.3288,0.3333,0.3377,0.3412
"China, Macao SAR",Manure Management,Emissions (CO2eq) (AR5),kilotonnes,0.5368,0.636,0.636,0.717,0.6097,0.712,0.712,0.805,0.7019,0.7019,0.7019,0.7009,0.7495,0.731,0.7347,0.7574,0.7562,0.746,0.7556,0.7661,0.7746
"China, Macao SAR",Manure left on Pasture,Direct emissions (N2O),kilotonnes,0.0031,0.0037,0.0037,0.004,0.0034,0.0039,0.0039,0.0045,0.0038,0.0038,0.0038,0.0038,0.004,0.0039,0.0041,0.0042,0.0041,0.004,0.0041,0.0041,0.0042
"China, Macao SAR",Manure left on Pasture,Indirect emissions (N2O),kilotonnes,0.0007,0.0008,0.0008,0.0008,0.0007,0.0008,0.0008,0.001,0.0008,0.0008,0.0008,0.0008,0.0009,0.0008,0.0009,0.0009,0.0009,0.0009,0.0009,0.0009,0.0009
"China, Macao SAR",Manure left on Pasture,Emissions (N2O),kilotonnes,0.0038,0.0045,0.0045,0.0048,0.0041,0.0048,0.0048,0.0055,0.0046,0.0046,0.0046,0.0046,0.0049,0.0048,0.0049,0.0051,0.005,0.0049,0.005,0.005,0.0051
"China, Macao SAR",Manure left on Pasture,Emissions (CO2eq) from N2O (AR5),kilotonnes,1.0112,1.1816,1.1816,1.2802,1.0779,1.2602,1.2602,1.4499,1.2204,1.2204,1.2204,1.2164,1.2976,1.2691,1.3055,1.3444,1.3152,1.295,1.3129,1.3299,1.3437
"China, Macao SAR",Manure left on Pasture,Emissions (CO2eq) (AR5),kilotonnes,1.0112,1.1816,1.1816,1.2802,1.0779,1.2602,1.2602,1.4499,1.2204,1.2204,1.2204,1.2164,1.2976,1.2691,1.3055,1.3444,1.3152,1.295,1.3129,1.3299,1.3437
"China, Macao SAR",Manure applied to Soils,Direct emissions (N2O),kilotonnes,0.0019,0.0022,0.0022,0.0024,0.002,0.0024,0.0024,0.0027,0.0023,0.0023,0.0023,0.0023,0.0025,0.0024,0.0025,0.0025,0.0025,0.0025,0.0025,0.0025,0.0025
"China, Macao SAR",Manure applied to Soils,Indirect emissions (N2O),kilotonnes,0.0008,0.001,0.001,0.001,0.0009,0.001,0.001,0.0012,0.001,0.001,0.001,0.001,0.001,0.001,0.0011,0.0011,0.0011,0.001,0.0011,0.0011,0.0011
"China, Macao SAR",Manure applied to Soils,Emissions (N2O),kilotonnes,0.0027,0.0032,0.0032,0.0035,0.0029,0.0034,0.0034,0.0039,0.0033,0.0033,0.0033,0.0033,0.0035,0.0034,0.0035,0.0036,0.0036,0.0035,0.0035,0.0036,0.0036
"China, Macao SAR",Manure applied to Soils,Emissions (CO2eq) from N2O (AR5),kilotonnes,0.7241,0.8461,0.8461,0.9167,0.7719,0.9025,0.9025,1.0383,0.8739,0.8739,0.8739,0.8711,0.9292,0.9088,0.9349,0.9628,0.9419,0.9274,0.9402,0.9524,0.9623
"China, Macao SAR",Manure applied to Soils,Emissions (CO2eq) (AR5),kilotonnes,0.7241,0.8461,0.8461,0.9167,0.7719,0.9025,0.9025,1.0383,0.8739,0.8739,0.8739,0.8711,0.9292,0.9088,0.9349,0.9628,0.9419,0.9274,0.9402,0.9524,0.9623
"China, Macao SAR",Drained organic soils,Emissions (CO2eq) (AR5),kilotonnes,0,0,0,0,0,0,0,0,0,0,0,0,0,0,0,0,0,0,0,0,0
"China, Macao SAR",Drained organic soils (CO2),Emissions (CO2),kilotonnes,0,0,0,0,0,0,0,0,0,0,0,0,0,0,0,0,0,0,0,0,0
"China, Macao SAR",Drained organic soils (CO2),Emissions (CO2eq) (AR5),kilotonnes,0,0,0,0,0,0,0,0,0,0,0,0,0,0,0,0,0,0,0,0,0
"China, Macao SAR",Drained organic soils (N2O),Emissions (N2O),kilotonnes,0,0,0,0,0,0,0,0,0,0,0,0,0,0,0,0,0,0,0,0,0
"China, Macao SAR",Drained organic soils (N2O),Emissions (CO2eq) from N2O (AR5),kilotonnes,0,0,0,0,0,0,0,0,0,0,0,0,0,0,0,0,0,0,0,0,0
"China, Macao SAR",Drained organic soils (N2O),Emissions (CO2eq) (AR5),kilotonnes,0,0,0,0,0,0,0,0,0,0,0,0,0,0,0,0,0,0,0,0,0
"China, Macao SAR",On-farm energy use,Emissions (CH4),kilotonnes,0.0058,0.0059,0.0058,0.0055,0.0057,0.006,0.0058,0.0053,0.0051,0.0054,0.0056,0.006,0.0062,0.0066,0.0069,0.0067,0.0066,0.0065,0.0066,0.0065,0.0065
"China, Macao SAR",On-farm energy use,Emissions (N2O),kilotonnes,0.015,0.0154,0.0154,0.0133,0.0147,0.0165,0.0171,0.01,0.0082,0.0081,0.0084,0.0092,0.01,0.011,0.0116,0.0114,0.0109,0.0104,0.0099,0.0096,0.0096
"China, Macao SAR",On-farm energy use,Emissions (CO2),kilotonnes,42.109,43.1529,43.0482,37.6713,41.2831,46.021,47.4388,29.4988,24.7333,24.6456,25.6698,28.0522,30.1141,33.0487,34.8779,33.8183,32.4909,31.2747,30.0802,29.1717,29.1717
"China, Macao SAR",On-farm energy use,Emissions (CO2eq) from CH4 (AR5),kilotonnes,0.1622,0.1653,0.1622,0.1539,0.1604,0.1677,0.1635,0.1481,0.1435,0.1512,0.157,0.167,0.1737,0.1847,0.1934,0.188,0.1852,0.1811,0.1838,0.1821,0.1821
"China, Macao SAR",On-farm energy use,Emissions (CO2eq) from N2O (AR5),kilotonnes,3.9651,4.0718,4.0764,3.5213,3.8944,4.3718,4.5318,2.6514,2.1614,2.1412,2.2285,2.4454,2.6372,2.915,3.0798,3.0136,2.8823,2.7686,2.6344,2.5454,2.5454
"China, Macao SAR",On-farm energy use,Emissions (CO2eq) (AR5),kilotonnes,46.2363,47.39,47.2868,41.3464,45.3378,50.5604,52.1341,32.2983,27.0382,26.938,28.0553,30.6646,32.9251,36.1484,38.1511,37.0199,35.5585,34.2244,32.8984,31.8992,31.8992
"China, Macao SAR",Savanna fires,Emissions (CH4),kilotonnes,0,0,0,0,0,0,0,0,0,0,0,0,0,0,0,0,0,0,0,0,0
"China, Macao SAR",Savanna fires,Emissions (N2O),kilotonnes,0,0,0,0,0,0,0,0,0,0,0,0,0,0,0,0,0,0,0,0,0
"China, Macao SAR",Savanna fires,Emissions (CO2eq) from CH4 (AR5),kilotonnes,0,0,0,0,0,0,0,0,0,0,0,0,0,0,0,0,0,0,0,0,0
"China, Macao SAR",Savanna fires,Emissions (CO2eq) from N2O (AR5),kilotonnes,0,0,0,0,0,0,0,0,0,0,0,0,0,0,0,0,0,0,0,0,0
"China, Macao SAR",Savanna fires,Emissions (CO2eq) (AR5),kilotonnes,0,0,0,0,0,0,0,0,0,0,0,0,0,0,0,0,0,0,0,0,0
"China, Macao SAR",Fires in organic soils,Emissions (CH4),kilotonnes,0,0,0,0,0,0,0,0,0,0,0,0,0,0,0,0,0,0,0,0,0
"China, Macao SAR",Fires in organic soils,Emissions (CO2),kilotonnes,0,0,0,0,0,0,0,0,0,0,0,0,0,0,0,0,0,0,0,0,0
"China, Macao SAR",Fires in organic soils,Emissions (CO2eq) from CH4 (AR5),kilotonnes,0,0,0,0,0,0,0,0,0,0,0,0,0,0,0,0,0,0,0,0,0
"China, Macao SAR",Fires in organic soils,Emissions (CO2eq) (AR5),kilotonnes,0,0,0,0,0,0,0,0,0,0,0,0,0,0,0,0,0,0,0,0,0
"China, Macao SAR",Forest fires,Emissions (CH4),kilotonnes,0,0,0,0,0,0,0,0,0,0,0,0,0,0,0,0,0,0,0,0,0
"China, Macao SAR",Forest fires,Emissions (N2O),kilotonnes,0,0,0,0,0,0,0,0,0,0,0,0,0,0,0,0,0,0,0,0,0
"China, Macao SAR",Forest fires,Emissions (CO2eq) from CH4 (AR5),kilotonnes,0,0,0,0,0,0,0,0,0,0,0,0,0,0,0,0,0,0,0,0,0
"China, Macao SAR",Forest fires,Emissions (CO2eq) from N2O (AR5),kilotonnes,0,0,0,0,0,0,0,0,0,0,0,0,0,0,0,0,0,0,0,0,0
"China, Macao SAR",Forest fires,Emissions (CO2eq) (AR5),kilotonnes,0,0,0,0,0,0,0,0,0,0,0,0,0,0,0,0,0,0,0,0,0
"China, Macao SAR",Fires in humid tropical forests,Emissions (CH4),kilotonnes,0,0,0,0,0,0,0,0,0,0,0,0,0,0,0,0,0,0,0,0,0
"China, Macao SAR",Fires in humid tropical forests,Emissions (N2O),kilotonnes,0,0,0,0,0,0,0,0,0,0,0,0,0,0,0,0,0,0,0,0,0
"China, Macao SAR",Fires in humid tropical forests,Emissions (CO2eq) from CH4 (AR5),kilotonnes,0,0,0,0,0,0,0,0,0,0,0,0,0,0,0,0,0,0,0,0,0
"China, Macao SAR",Fires in humid tropical forests,Emissions (CO2eq) from N2O (AR5),kilotonnes,0,0,0,0,0,0,0,0,0,0,0,0,0,0,0,0,0,0,0,0,0
"China, Macao SAR",Fires in humid tropical forests,Emissions (CO2eq) (AR5),kilotonnes,0,0,0,0,0,0,0,0,0,0,0,0,0,0,0,0,0,0,0,0,0
"China, Macao SAR",Waste - agri-food systems,Emissions (CH4),kilotonnes,6.5566,6.6752,6.7033,6.7061,6.7275,6.7482,6.7748,6.806,6.8334,6.8502,6.8817,6.9218,6.9587,6.9953,7.021,7.0158,7.0099,7.0106,7.0136,7.0142,6.9459
"China, Macao SAR",Waste - agri-food systems,Emissions (N2O),kilotonnes,0.0141,0.0167,0.0185,0.0179,0.0188,0.0196,0.0203,0.0213,0.0216,0.0214,0.022,0.0234,0.024,0.0242,0.0262,0.0265,0.0264,0.0271,0.0274,0.0277,0.028
"China, Macao SAR",Waste - agri-food systems,Emissions (CO2),kilotonnes,1.0803,1.0809,1.0844,1.0897,1.1019,1.1083,1.1179,1.1281,1.1344,1.1356,1.1485,1.1612,1.1687,1.1772,1.1802,1.1708,1.1708,1.1761,1.1805,1.1805,1.1438
"China, Macao SAR",Waste - agri-food systems,Emissions (CO2eq) from CH4 (AR5),kilotonnes,183.5844,186.9062,187.6918,187.7719,188.371,188.9498,189.6934,190.5685,191.336,191.8062,192.6863,193.8108,194.8445,195.8672,196.5884,196.4418,196.2772,196.2972,196.3804,196.3983,194.4847
"China, Macao SAR",Waste - agri-food systems,Emissions (CO2eq) from N2O (AR5),kilotonnes,3.7269,4.4161,4.9009,4.7355,4.9946,5.1972,5.3812,5.6456,5.7174,5.6604,5.8413,6.1968,6.3597,6.4143,6.9409,7.0161,6.9976,7.1788,7.2574,7.3416,7.4268
"China, Macao SAR",Waste - agri-food systems,Emissions (CO2eq) (AR5),kilotonnes,188.3916,192.4033,193.6771,193.5971,194.4675,195.2553,196.1925,197.3422,198.1878,198.6023,199.6761,201.1687,202.373,203.4587,204.7094,204.6286,204.4455,204.6522,204.8183,204.9204,203.0553
"China, Macao SAR",On-farm electricity use,Emissions (CH4),kilotonnes,0,0,0,0,0,0,0,0,0,0,0,0,0,0,0,0,0,0,0,0,0
"China, Macao SAR",On-farm electricity use,Emissions (N2O),kilotonnes,0,0,0,0,0,0,0,0,0,0,0,0,0,0,0,0,0,0,0,0,0
"China, Macao SAR",On-farm electricity use,Emissions (CO2),kilotonnes,0,0,0,0,0,0,0,0,0,0,0,0,0,0,0,0,0,0,0,0,0
"China, Macao SAR",On-farm electricity use,Emissions (CO2eq) from CH4 (AR5),kilotonnes,0,0,0,0,0,0,0,0,0,0,0,0,0,0,0,0,0,0,0,0,0
"China, Macao SAR",On-farm electricity use,Emissions (CO2eq) from N2O (AR5),kilotonnes,0,0,0,0,0,0,0,0,0,0,0,0,0,0,0,0,0,0,0,0,0
"China, Macao SAR",On-farm electricity use,Emissions (CO2eq) (AR5),kilotonnes,0,0,0,0,0,0,0,0,0,0,0,0,0,0,0,0,0,0,0,0,0
"China, Macao SAR",Food Processing,Emissions (CH4),kilotonnes,0.0174,0.0173,0.0199,0.0196,0.0206,0.021,0.0212,0.0205,0.0205,0.0216,0.0197,0.0294,0.0285,0.0269,0.0193,0.0227,0.0216,0.0217,0.0217,0.023,0.0233
"China, Macao SAR",Food Processing,Emissions (N2O),kilotonnes,0.0002,0.0002,0.0002,0.0002,0.0002,0.0002,0.0002,0.0002,0.0002,0.0002,0.0002,0.0004,0.0003,0.0003,0.0002,0.0003,0.0003,0.0003,0.0003,0.0003,0.0003
"China, Macao SAR",Food Processing,Emissions (CO2),kilotonnes,25.8741,26.7638,24.0959,24.0241,26.8705,28.9337,25.1766,20.9508,17.0055,29.6209,18.4504,20.7889,19.1195,15.2698,16.1264,22.7763,22.6471,24.0632,24.4454,35.6187,35.2978
"China, Macao SAR",Food Processing,Emissions (CO2eq) from CH4 (AR5),kilotonnes,0.4872,0.4844,0.5572,0.5488,0.5768,0.588,0.5936,0.574,0.574,0.6048,0.5516,0.8232,0.798,0.7532,0.5404,0.6356,0.6048,0.6076,0.6076,0.644,0.6521
"China, Macao SAR",Food Processing,Emissions (CO2eq) from N2O (AR5),kilotonnes,0.053,0.053,0.053,0.053,0.053,0.053,0.053,0.053,0.053,0.053,0.053,0.106,0.0795,0.0795,0.053,0.0795,0.0795,0.0795,0.0795,0.0795,0.0827
"China, Macao SAR",Food Processing,Emissions (CO2eq) (AR5),kilotonnes,26.4143,27.3012,24.7061,24.6259,27.5003,29.5747,25.8232,21.5778,17.6325,30.2787,19.055,21.7181,19.997,16.1025,16.7198,23.4914,23.3314,24.7503,25.1325,36.3422,36.0326
"China, Macao SAR",Food Packaging,Emissions (CH4),kilotonnes,0.0027,0.0027,0.003,0.0031,0.0033,0.0035,0.0037,0.0037,0.0034,0.0036,0.0035,0.0052,0.0049,0.0045,0.004,0.0045,0.0042,0.0044,0.0048,0.005,0.0051
"China, Macao SAR",Food Packaging,Emissions (N2O),kilotonnes,0.0001,0.0001,0.0001,0.0001,0.0001,0.0001,0.0001,0.0001,0.0001,0.0001,0.0001,0.0001,0.0001,0.0001,0.0001,0.0001,0.0001,0.0001,0.0001,0.0001,0.0001
"China, Macao SAR",Food Packaging,Emissions (CO2),kilotonnes,7.0507,7.3412,6.2524,6.1243,7.2273,7.6988,7.0333,5.9419,4.4599,7.7267,5.0408,5.3566,4.6649,4.0151,5.2977,7.4962,7.1691,7.6088,10.5445,7.163,7.0985
"China, Macao SAR",Food Packaging,Emissions (CO2eq) from CH4 (AR5),kilotonnes,0.0756,0.0756,0.084,0.0868,0.0924,0.098,0.1036,0.1036,0.0952,0.1008,0.098,0.1456,0.1372,0.126,0.112,0.126,0.1176,0.1232,0.1344,0.14,0.1418
"China, Macao SAR",Food Packaging,Emissions (CO2eq) from N2O (AR5),kilotonnes,0.0265,0.0265,0.0265,0.0265,0.0265,0.0265,0.0265,0.0265,0.0265,0.0265,0.0265,0.0265,0.0265,0.0265,0.0265,0.0265,0.0265,0.0265,0.0265,0.0265,0.0276
"China, Macao SAR",Food Packaging,Emissions (CO2eq) (AR5),kilotonnes,7.1528,7.4433,6.3629,6.2376,7.3462,7.8233,7.1634,6.072,4.5816,7.854,5.1653,5.5287,4.8286,4.1676,5.4362,7.6487,7.3132,7.7585,10.7054,7.3295,7.2678
"China, Macao SAR",Food Retail,Emissions (CH4),kilotonnes,0.0012,0,0,0,0,0,0,0.1686,0.1857,0.2344,0.2633,0.2771,0.307,0.3139,0.3232,0.349,0.3671,0.3736,0.4015,0.3918,0.3967
"China, Macao SAR",Food Retail,Emissions (N2O),kilotonnes,0,0,0,0,0,0,0,0.0009,0.001,0.0012,0.0014,0.0014,0.0016,0.0017,0.0018,0.0019,0.002,0.002,0.0022,0.0021,0.0022
"China, Macao SAR",Food Retail,Emissions (CO2),kilotonnes,0.5881,0,0.0125,0.0126,0.0141,0.015,0.0133,83.9771,87.6736,110.0228,129.5752,140.094,162.08,152.4112,157.1543,169.5243,179.2019,183.019,197.0849,192.539,190.8044
"China, Macao SAR",Food Retail,Emissions (CO2eq) from CH4 (AR5),kilotonnes,0.0336,0,0,0,0,0,0,4.7208,5.1996,6.5632,7.3724,7.7588,8.596,8.7892,9.0496,9.772,10.2788,10.4608,11.242,10.9704,11.1081
"China, Macao SAR",Food Retail,Emissions (CO2eq) from N2O (AR5),kilotonnes,0,0,0,0,0,0,0,0.2385,0.265,0.318,0.371,0.371,0.424,0.4505,0.477,0.5035,0.53,0.53,0.583,0.5565,0.5786
"China, Macao SAR",Food Retail,Emissions (CO2eq) (AR5),kilotonnes,0.6217,0,0.0125,0.0126,0.0141,0.015,0.0133,88.9364,93.1382,116.904,137.3186,148.2238,171.1,161.6509,166.6809,179.7998,190.0107,194.0098,208.9099,204.0659,202.4912
"China, Macao SAR",Food Household Consumption,Emissions (CH4),kilotonnes,0.1276,0.1028,0.1082,0.1107,0.1185,0.134,0.1379,0.1505,0.1554,0.1662,0.1698,0.1865,0.1928,0.1941,0.2221,0.2295,0.2516,0.271,0.2767,0.2767,0.2802
"China, Macao SAR",Food Household Consumption,Emissions (N2O),kilotonnes,0.0007,0.0006,0.0006,0.0006,0.0007,0.0007,0.0008,0.0009,0.0008,0.0009,0.0009,0.001,0.001,0.0011,0.0012,0.0013,0.0014,0.0015,0.0015,0.0015,0.0016
"China, Macao SAR",Food Household Consumption,Emissions (CO2),kilotonnes,72.6642,59.3032,64.694,63.5215,65.1223,73.1111,72.5611,83.348,82.1779,86.556,91.5393,101.655,109.15,102.1943,114.7217,118.9387,130.3865,139.837,143.1866,143.1866,141.8966
"China, Macao SAR",Food Household Consumption,Emissions (CO2eq) from CH4 (AR5),kilotonnes,3.5728,2.8784,3.0296,3.0996,3.318,3.752,3.8612,4.214,4.3512,4.6536,4.7544,5.222,5.3984,5.4348,6.2188,6.426,7.0448,7.588,7.7476,7.7476,7.8449
"China, Macao SAR",Food Household Consumption,Emissions (CO2eq) from N2O (AR5),kilotonnes,0.1855,0.159,0.159,0.159,0.1855,0.1855,0.212,0.2385,0.212,0.2385,0.2385,0.265,0.265,0.2915,0.318,0.3445,0.371,0.3975,0.3975,0.3975,0.4133
"China, Macao SAR",Food Household Consumption,Emissions (CO2eq) (AR5),kilotonnes,76.4225,62.3406,67.8826,66.7801,68.6258,77.0486,76.6343,87.8005,86.7411,91.4481,96.5322,107.142,114.8134,107.9206,121.2585,125.7092,137.8023,147.8225,151.3317,151.3317,150.1548
"China, Macao SAR",Food Transport,Emissions (CH4),kilotonnes,0.0072,0.0069,0.0064,0.0062,0.006,0.0058,0.0057,0.0045,0.0054,0.007,0.0059,0.0093,0.0082,0.0072,0.0065,0.0089,0.0075,0.008,0.0082,0.0064,0.0065
"China, Macao SAR",Food Transport,Emissions (N2O),kilotonnes,0.0011,0.0012,0.0012,0.0014,0.0016,0.0018,0.0018,0.0015,0.0017,0.0022,0.0018,0.003,0.0027,0.0024,0.0022,0.003,0.0026,0.0027,0.0028,0.0029,0.003
"China, Macao SAR",Food Transport,Emissions (CO2),kilotonnes,39.212,38.114,38.9125,41.665,48.8175,52.9165,54.857,40.8305,47.144,61.5785,55.6975,94.863,90.9535,79.734,76.833,106.128,94.2385,99.896,102.78,97.0085,96.1345
"China, Macao SAR",Food Transport,Emissions (CO2eq) from CH4 (AR5),kilotonnes,0.2016,0.1932,0.1792,0.1736,0.168,0.1624,0.1596,0.126,0.1512,0.196,0.1652,0.2604,0.2296,0.2016,0.182,0.2492,0.21,0.224,0.2296,0.1792,0.1814
"China, Macao SAR",Food Transport,Emissions (CO2eq) from N2O (AR5),kilotonnes,0.2915,0.318,0.318,0.371,0.424,0.477,0.477,0.3975,0.4505,0.583,0.477,0.795,0.7155,0.636,0.583,0.795,0.689,0.7155,0.742,0.7685,0.7991
"China, Macao SAR",Food Transport,Emissions (CO2eq) (AR5),kilotonnes,39.7051,38.6252,39.4097,42.2096,49.4095,53.5559,55.4936,41.354,47.7457,62.3575,56.3397,95.9184,91.8986,80.5716,77.598,107.1722,95.1375,100.8355,103.7516,97.9562,97.1151
"China, Macao SAR",Energy,Emissions (CH4),kilotonnes,0.21,0.206,0.214,0.208,0.212,0.206,0.205,0.192,0.183,0.196,0.176,0.267,0.255,0.231,0.211,0.242,0.224,0.229,0.227,0.239,0.242
"China, Macao SAR",Energy,Emissions (N2O),kilotonnes,0.0217,0.0224,0.0224,0.0232,0.0272,0.0283,0.0272,0.0234,0.0229,0.0271,0.0218,0.0506,0.0446,0.044,0.0372,0.0487,0.0457,0.0485,0.0498,0.0528,0.0549
"China, Macao SAR",Energy,Emissions (CO2),kilotonnes,1630,1690,1520,1530,1720,1830,1620,1360,1130,1890,1230,1290,1130,983,1290,1800,1770,1920,2030,2220,2200
"China, Macao SAR",Energy,Emissions (CO2eq) from CH4 (AR5),kilotonnes,5.88,5.768,5.992,5.824,5.936,5.768,5.74,5.376,5.124,5.488,4.928,7.476,7.14,6.468,5.908,6.776,6.272,6.412,6.356,6.692,6.776
"China, Macao SAR",Energy,Emissions (CO2eq) from N2O (AR5),kilotonnes,5.7505,5.936,5.936,6.148,7.208,7.4995,7.208,6.201,6.0685,7.1815,5.777,13.409,11.819,11.66,9.858,12.9055,12.1105,12.8525,13.197,13.992,14.5485
"China, Macao SAR",Energy,Emissions (CO2eq) (AR5),kilotonnes,1641.6305,1701.704,1531.928,1541.972,1733.144,1843.2675,1632.948,1371.577,1141.1925,1902.6695,1240.705,1310.885,1148.959,1001.128,1305.766,1819.6815,1788.3825,1939.2645,2049.553,2240.684,2221.3245
"China, Macao SAR",IPPU,Emissions (N2O),kilotonnes,0.0001,0.0001,0.0001,0.0001,0.0001,0.0001,0.0001,0.0002,0.0002,0.0002,0.0002,0.0002,0.0002,0.0002,0.0002,0.0002,0.0002,0.0002,0.0002,0.0002,0.0002
"China, Macao SAR",IPPU,Emissions (CO2),kilotonnes,49.3,48,46.1,43.9,41.7,38,33.5,27.6,20.6,13.6,5.26,176,171,227,231,235,6.89,7.74,155,162,171
"China, Macao SAR",IPPU,Emissions (CO2eq) from N2O (AR5),kilotonnes,0.0342,0.035,0.0358,0.0368,0.0376,0.0384,0.0395,0.0403,0.0411,0.0419,0.0429,0.044,0.0451,0.0461,0.0469,0.048,0.0488,0.0498,0.0506,0.0517,0.0525
"China, Macao SAR",IPPU,Emissions (CO2eq) (AR5),kilotonnes,49.3342,48.035,46.1358,43.9368,41.7376,38.0384,33.5395,27.6403,20.6411,13.6419,5.3029,176.044,171.0451,227.0461,231.0469,235.048,6.9388,7.7898,155.0506,162.0517,171.0525
"China, Macao SAR",Waste,Emissions (CH4),kilotonnes,2.46,2.5,2.56,2.62,2.69,2.74,2.81,2.88,2.95,3.02,3.1,3.19,3.3,3.38,3.46,3.51,3.58,3.65,3.72,3.82,3.89
"China, Macao SAR",Waste,Emissions (N2O),kilotonnes,0.0002,0.0002,0.0002,0.0002,0.0003,0.0003,0.0003,0.0003,0.0003,0.0003,0.0003,0.0003,0.0004,0.0004,0.0004,0.0004,0.0004,0.0004,0.0004,0.0004,0.0004
"China, Macao SAR",Waste,Emissions (CO2),kilotonnes,0.487,0.496,0.517,0.545,0.599,0.616,0.642,0.67,0.698,0.722,0.748,0.772,0.797,0.797,0.797,0.797,0.797,0.81,0.823,0.868,0.884
"China, Macao SAR",Waste,Emissions (CO2eq) from CH4 (AR5),kilotonnes,68.88,70,71.68,73.36,75.32,76.72,78.68,80.64,82.6,84.56,86.8,89.32,92.4,94.64,96.88,98.28,100.24,102.2,104.16,106.96,108.92
"China, Macao SAR",Waste,Emissions (CO2eq) from N2O (AR5),kilotonnes,0.0575,0.0586,0.0612,0.0644,0.0708,0.0729,0.0761,0.0792,0.0827,0.0853,0.0885,0.0912,0.0943,0.0943,0.0943,0.0943,0.0943,0.0959,0.0973,0.1028,0.1047
"China, Macao SAR",Waste,Emissions (CO2eq) (AR5),kilotonnes,69.4245,70.5546,72.2582,73.9694,75.9898,77.4089,79.3981,81.3892,83.3807,85.3673,87.6365,90.1832,93.2913,95.5313,97.7713,99.1713,101.1313,103.1059,105.0803,107.9308,109.9087
"China, Macao SAR",Other,Emissions (N2O),kilotonnes,0.0352,0.035,0.036,0.0366,0.0426,0.042,0.0404,0.0298,0.0251,0.0272,0.0229,0.0385,0.0392,0.0365,0.0374,0.0498,0.0476,0.0504,0.0519,0.0474,0.0485
"China, Macao SAR",Other,Emissions (CO2eq) from N2O (AR5),kilotonnes,9.328,9.275,9.54,9.699,11.289,11.13,10.706,7.897,6.6515,7.208,6.0685,10.2025,10.388,9.6725,9.911,13.197,12.614,13.356,13.7535,12.561,12.8525
"China, Macao SAR",Other,Emissions (CO2eq) (AR5),kilotonnes,9.328,9.275,9.54,9.699,11.289,11.13,10.706,7.897,6.6515,7.208,6.0685,10.2025,10.388,9.6725,9.911,13.197,12.614,13.356,13.7535,12.561,12.8525
"China, Macao SAR",Farm-gate emissions,Emissions (CH4),kilotonnes,0.0158,0.0179,0.0178,0.0195,0.0177,0.02,0.0198,0.0209,0.0191,0.0194,0.0196,0.02,0.0212,0.0212,0.0213,0.0216,0.0217,0.0214,0.0216,0.0218,0.022
"China, Macao SAR",Farm-gate emissions,Direct emissions (N2O),kilotonnes,0.0051,0.0059,0.0059,0.0064,0.0054,0.0063,0.0063,0.0073,0.0061,0.0061,0.0061,0.0061,0.0065,0.0064,0.0065,0.0067,0.0066,0.0065,0.0066,0.0067,0.0067
"China, Macao SAR",Farm-gate emissions,Indirect emissions (N2O),kilotonnes,0.0015,0.0017,0.0017,0.0019,0.0016,0.0018,0.0018,0.0021,0.0018,0.0018,0.0018,0.0018,0.0019,0.0019,0.0019,0.002,0.0019,0.0019,0.0019,0.002,0.002
"China, Macao SAR",Farm-gate emissions,Emissions (N2O),kilotonnes,0.0225,0.0241,0.0242,0.0228,0.0227,0.0259,0.0265,0.0208,0.0172,0.0172,0.0175,0.0183,0.0196,0.0204,0.0213,0.0214,0.0207,0.0201,0.0197,0.0195,0.0196
"China, Macao SAR",Farm-gate emissions,Emissions (CO2),kilotonnes,42.109,43.1529,43.0482,37.6713,41.2831,46.021,47.4388,29.4988,24.7333,24.6456,25.6698,28.0522,30.1141,33.0487,34.8779,33.8183,32.4909,31.2747,30.0802,29.1717,29.1717
"China, Macao SAR",Farm-gate emissions,Emissions (CO2eq) from CH4 (AR5),kilotonnes,0.4422,0.5013,0.4982,0.5459,0.4964,0.5597,0.5555,0.5849,0.5355,0.5432,0.549,0.559,0.5937,0.5935,0.5966,0.6041,0.6075,0.5983,0.6061,0.6105,0.6155
"China, Macao SAR",Farm-gate emissions,Emissions (CO2eq) from N2O (AR5),kilotonnes,5.9572,6.3995,6.4041,6.0432,6.0179,6.8545,7.0145,5.5078,4.5655,4.5454,4.6326,4.8417,5.1935,5.4151,5.6516,5.6621,5.4734,5.3198,5.2207,5.1654,5.1926
"China, Macao SAR",Farm-gate emissions,Emissions (CO2eq) (AR5),kilotonnes,48.5084,50.0537,49.9505,44.2603,47.7974,53.4351,55.0088,35.5915,29.8344,29.7341,30.8515,33.4529,35.9014,39.0573,41.1261,40.0845,38.5718,37.1928,35.907,34.9476,34.9799
"China, Macao SAR",Land Use change,Emissions (CH4),kilotonnes,0,0,0,0,0,0,0,0,0,0,0,0,0,0,0,0,0,0,0,0,0
"China, Macao SAR",Land Use change,Emissions (N2O),kilotonnes,0,0,0,0,0,0,0,0,0,0,0,0,0,0,0,0,0,0,0,0,0
"China, Macao SAR",Land Use change,Emissions (CO2),kilotonnes,0,0,0,0,0,0,0,0,0,0,0,0,0,0,0,0,0,0,0,0,0
"China, Macao SAR",Land Use change,Emissions (CO2eq) from CH4 (AR5),kilotonnes,0,0,0,0,0,0,0,0,0,0,0,0,0,0,0,0,0,0,0,0,0
"China, Macao SAR",Land Use change,Emissions (CO2eq) from N2O (AR5),kilotonnes,0,0,0,0,0,0,0,0,0,0,0,0,0,0,0,0,0,0,0,0,0
"China, Macao SAR",Land Use change,Emissions (CO2eq) (AR5),kilotonnes,0,0,0,0,0,0,0,0,0,0,0,0,0,0,0,0,0,0,0,0,0
"China, Macao SAR",Emissions on agricultural land,Emissions (CH4),kilotonnes,0.0158,0.0179,0.0178,0.0195,0.0177,0.02,0.0198,0.0209,0.0191,0.0194,0.0196,0.02,0.0212,0.0212,0.0213,0.0216,0.0217,0.0214,0.0216,0.0218,0.022
"China, Macao SAR",Emissions on agricultural land,Emissions (N2O),kilotonnes,0.0225,0.0241,0.0242,0.0228,0.0227,0.0259,0.0265,0.0208,0.0172,0.0172,0.0175,0.0183,0.0196,0.0204,0.0213,0.0214,0.0207,0.0201,0.0197,0.0195,0.0196
"China, Macao SAR",Emissions on agricultural land,Emissions (CO2),kilotonnes,42.109,43.1529,43.0482,37.6713,41.2831,46.021,47.4388,29.4988,24.7333,24.6456,25.6698,28.0522,30.1141,33.0487,34.8779,33.8183,32.4909,31.2747,30.0802,29.1717,29.1717
"China, Macao SAR",Emissions on agricultural land,Emissions (CO2eq) from CH4 (AR5),kilotonnes,0.4422,0.5013,0.4982,0.5459,0.4964,0.5597,0.5555,0.5849,0.5355,0.5432,0.549,0.559,0.5937,0.5935,0.5966,0.6041,0.6075,0.5983,0.6061,0.6105,0.6155
"China, Macao SAR",Emissions on agricultural land,Emissions (CO2eq) from N2O (AR5),kilotonnes,5.9572,6.3995,6.4041,6.0432,6.0179,6.8545,7.0145,5.5078,4.5655,4.5454,4.6326,4.8417,5.1935,5.4151,5.6516,5.6621,5.4734,5.3198,5.2207,5.1654,5.1926
"China, Macao SAR",Emissions on agricultural land,Emissions (CO2eq) (AR5),kilotonnes,48.5084,50.0537,49.9505,44.2603,47.7974,53.4351,55.0088,35.5915,29.8344,29.7341,30.8515,33.4529,35.9014,39.0573,41.1261,40.0845,38.5718,37.1928,35.907,34.9476,34.9799
"China, Macao SAR",Pre- and post- production,Emissions (CH4),kilotonnes,6.7127,6.8049,6.8408,6.8457,6.8759,6.9125,6.9433,7.1538,7.2038,7.283,7.3439,7.4293,7.5001,7.5419,7.5961,7.6304,7.6619,7.6893,7.7265,7.7171,7.6576
"China, Macao SAR",Pre- and post- production,Emissions (N2O),kilotonnes,0.0162,0.0188,0.0206,0.0202,0.0214,0.0224,0.0232,0.0249,0.0254,0.026,0.0264,0.0293,0.0297,0.0298,0.0317,0.0331,0.0328,0.0337,0.0343,0.0346,0.0352
"China, Macao SAR",Pre- and post- production,Emissions (CO2),kilotonnes,146.4694,132.6031,135.0517,136.4372,149.1536,163.7834,160.7592,236.1764,239.5953,296.6405,301.4517,363.9187,387.1366,354.8016,371.3133,426.0343,434.8139,455.6001,479.2219,476.6963,472.3756
"China, Macao SAR",Pre- and post- production,Emissions (CO2eq) from CH4 (AR5),kilotonnes,187.9552,190.5378,191.5418,191.6807,192.5262,193.5502,194.4114,200.3069,201.7072,203.9246,205.6279,208.0208,210.0037,211.172,212.6912,213.6506,214.5332,215.3008,216.3416,216.0795,214.413
"China, Macao SAR",Pre- and post- production,Emissions (CO2eq) from N2O (AR5),kilotonnes,4.2834,4.9726,5.4574,5.345,5.6836,5.9392,6.1497,6.5996,6.7244,6.8794,7.0073,7.7603,7.8702,7.8983,8.3984,8.7651,8.6936,8.9278,9.0859,9.1701,9.328
"China, Macao SAR",Pre- and post- production,Emissions (CO2eq) (AR5),kilotonnes,338.708,328.1136,332.0509,333.4629,347.3635,363.2728,361.3203,443.0829,448.0269,507.4446,514.0869,579.6997,605.0106,573.8719,592.4028,648.4499,658.0406,679.8288,704.6494,701.9459,696.1167
"China, Macao SAR",Agri-food systems,Emissions (CH4),kilotonnes,6.7285,6.8228,6.8586,6.8652,6.8937,6.9325,6.9631,7.1747,7.223,7.3024,7.3635,7.4493,7.5213,7.5631,7.6174,7.652,7.6836,7.7107,7.7481,7.7389,7.6796
"China, Macao SAR",Agri-food systems,Emissions (N2O),kilotonnes,0.0386,0.0429,0.0448,0.043,0.0442,0.0483,0.0497,0.0457,0.0426,0.0431,0.0439,0.0476,0.0493,0.0502,0.053,0.0544,0.0535,0.0538,0.054,0.0541,0.0548
"China, Macao SAR",Agri-food systems,Emissions (CO2),kilotonnes,188.5784,175.756,178.0999,174.1085,190.4367,209.8044,208.198,265.6753,264.3286,321.2861,327.1215,391.9708,417.2508,387.8502,406.1912,459.8525,467.3048,486.8749,509.3021,505.868,501.5474
"China, Macao SAR",Agri-food systems,Emissions (CO2eq) from CH4 (AR5),kilotonnes,188.3974,191.0391,192.04,192.2265,193.0226,194.1099,194.9669,200.8918,202.2427,204.4677,206.1769,208.5798,210.5975,211.7655,213.2877,214.2547,215.1406,215.8991,216.9477,216.69,215.0285
"China, Macao SAR",Agri-food systems,Emissions (CO2eq) from N2O (AR5),kilotonnes,10.2406,11.3721,11.8614,11.3882,11.7015,12.7937,13.1642,12.1074,11.2899,11.4249,11.6399,12.602,13.0637,13.3135,14.05,14.4272,14.167,14.2476,14.3066,14.3355,14.5206
"China, Macao SAR",Agri-food systems,Emissions (CO2eq) (AR5),kilotonnes,387.2165,378.1673,382.0013,377.7232,395.1608,416.708,416.3291,478.6745,477.8612,537.1787,544.9384,613.1526,640.912,612.9292,633.5289,688.5344,696.6124,717.0216,740.5564,736.8935,731.0965
"China, Macao SAR",IPCC Agriculture,Emissions (CH4),kilotonnes,0.01,0.012,0.012,0.014,0.012,0.014,0.014,0.0156,0.014,0.014,0.014,0.014,0.015,0.0146,0.0144,0.0149,0.0151,0.0149,0.0151,0.0153,0.0155
"China, Macao SAR",IPCC Agriculture,Direct emissions (N2O),kilotonnes,0.0051,0.0059,0.0059,0.0064,0.0054,0.0063,0.0063,0.0073,0.0061,0.0061,0.0061,0.0061,0.0065,0.0064,0.0065,0.0067,0.0066,0.0065,0.0066,0.0067,0.0067
"China, Macao SAR",IPCC Agriculture,Indirect emissions (N2O),kilotonnes,0.0015,0.0017,0.0017,0.0019,0.0016,0.0018,0.0018,0.0021,0.0018,0.0018,0.0018,0.0018,0.0019,0.0019,0.0019,0.002,0.0019,0.0019,0.0019,0.002,0.002
"China, Macao SAR",IPCC Agriculture,Emissions (N2O),kilotonnes,0.0075,0.0088,0.0088,0.0095,0.008,0.0094,0.0094,0.0108,0.0091,0.0091,0.0091,0.009,0.0096,0.0094,0.0097,0.01,0.0098,0.0096,0.0098,0.0099,0.01
"China, Macao SAR",IPCC Agriculture,Emissions (CO2eq) from CH4 (AR5),kilotonnes,0.28,0.336,0.336,0.392,0.336,0.392,0.392,0.4368,0.392,0.392,0.392,0.392,0.42,0.4088,0.4032,0.4161,0.4222,0.4172,0.4222,0.4284,0.4334
"China, Macao SAR",IPCC Agriculture,Emissions (CO2eq) from N2O (AR5),kilotonnes,1.9921,2.3277,2.3277,2.522,2.1235,2.4827,2.4827,2.8564,2.4042,2.4042,2.4042,2.3963,2.5563,2.5002,2.5718,2.6485,2.5911,2.5513,2.5863,2.62,2.6472
"China, Macao SAR",IPCC Agriculture,Emissions (CO2eq) (AR5),kilotonnes,2.2721,2.6637,2.6637,2.914,2.4595,2.8747,2.8747,3.2932,2.7962,2.7962,2.7962,2.7883,2.9763,2.909,2.975,3.0646,3.0133,2.9685,3.0086,3.0484,3.0806
"China, Macao SAR",Agricultural Soils,Direct emissions (N2O),kilotonnes,0.0051,0.0059,0.0059,0.0064,0.0054,0.0063,0.0063,0.0073,0.0061,0.0061,0.0061,0.0061,0.0065,0.0064,0.0065,0.0067,0.0066,0.0065,0.0066,0.0067,0.0067
"China, Macao SAR",Agricultural Soils,Indirect emissions (N2O),kilotonnes,0.0015,0.0017,0.0017,0.0019,0.0016,0.0018,0.0018,0.0021,0.0018,0.0018,0.0018,0.0018,0.0019,0.0019,0.0019,0.002,0.0019,0.0019,0.0019,0.002,0.002
"China, Macao SAR",Agricultural Soils,Emissions (N2O),kilotonnes,0.0065,0.0077,0.0077,0.0083,0.007,0.0082,0.0082,0.0094,0.0079,0.0079,0.0079,0.0079,0.0084,0.0082,0.0085,0.0087,0.0085,0.0084,0.0085,0.0086,0.0087
"China, Macao SAR",Agricultural Soils,Emissions (CO2eq) from N2O (AR5),kilotonnes,1.7353,2.0277,2.0277,2.1969,1.8498,2.1627,2.1627,2.4882,2.0943,2.0943,2.0943,2.0875,2.2268,2.1779,2.2403,2.3072,2.2571,2.2225,2.253,2.2823,2.306
"China, Macao SAR",Agricultural Soils,Emissions (CO2eq) (AR5),kilotonnes,1.7353,2.0277,2.0277,2.1969,1.8498,2.1627,2.1627,2.4882,2.0943,2.0943,2.0943,2.0875,2.2268,2.1779,2.2403,2.3072,2.2571,2.2225,2.253,2.2823,2.306
"China, Macao SAR",LULUCF,Emissions (CH4),kilotonnes,0,0,0,0,0,0,0,0,0,0,0,0,0,0,0,0,0,0,0,0,0
"China, Macao SAR",LULUCF,Emissions (N2O),kilotonnes,0,0,0,0,0,0,0,0,0,0,0,0,0,0,0,0,0,0,0,0,0
"China, Macao SAR",LULUCF,Emissions (CO2),kilotonnes,0,0,0,0,0,0,0,0,0,0,0,0,0,0,0,0,0,0,0,0,0
"China, Macao SAR",LULUCF,Emissions (CO2eq) from CH4 (AR5),kilotonnes,0,0,0,0,0,0,0,0,0,0,0,0,0,0,0,0,0,0,0,0,0
"China, Macao SAR",LULUCF,Emissions (CO2eq) from N2O (AR5),kilotonnes,0,0,0,0,0,0,0,0,0,0,0,0,0,0,0,0,0,0,0,0,0
"China, Macao SAR",LULUCF,Emissions (CO2eq) (AR5),kilotonnes,0,0,0,0,0,0,0,0,0,0,0,0,0,0,0,0,0,0,0,0,0
"China, Macao SAR",AFOLU,Emissions (CH4),kilotonnes,0.01,0.012,0.012,0.014,0.012,0.014,0.014,0.0156,0.014,0.014,0.014,0.014,0.015,0.0146,0.0144,0.0149,0.0151,0.0149,0.0151,0.0153,0.0155
"China, Macao SAR",AFOLU,Emissions (N2O),kilotonnes,0.0075,0.0088,0.0088,0.0095,0.008,0.0094,0.0094,0.0108,0.0091,0.0091,0.0091,0.009,0.0096,0.0094,0.0097,0.01,0.0098,0.0096,0.0098,0.0099,0.01
"China, Macao SAR",AFOLU,Emissions (CO2),kilotonnes,0,0,0,0,0,0,0,0,0,0,0,0,0,0,0,0,0,0,0,0,0
"China, Macao SAR",AFOLU,Emissions (CO2eq) from CH4 (AR5),kilotonnes,0.28,0.336,0.336,0.392,0.336,0.392,0.392,0.4368,0.392,0.392,0.392,0.392,0.42,0.4088,0.4032,0.4161,0.4222,0.4172,0.4222,0.4284,0.4334
"China, Macao SAR",AFOLU,Emissions (CO2eq) from N2O (AR5),kilotonnes,1.9921,2.3277,2.3277,2.522,2.1235,2.4827,2.4827,2.8564,2.4042,2.4042,2.4042,2.3963,2.5563,2.5002,2.5718,2.6485,2.5911,2.5513,2.5863,2.62,2.6472
"China, Macao SAR",AFOLU,Emissions (CO2eq) (AR5),kilotonnes,2.2721,2.6637,2.6637,2.914,2.4595,2.8747,2.8747,3.2932,2.7962,2.7962,2.7962,2.7883,2.9763,2.909,2.975,3.0646,3.0133,2.9685,3.0086,3.0484,3.0806
"China, Macao SAR",All sectors with LULUCF,Emissions (CH4),kilotonnes,2.68,2.718,2.786,2.842,2.914,2.96,3.029,3.0876,3.147,3.23,3.29,3.471,3.57,3.6256,3.6854,3.7669,3.8191,3.8939,3.9621,4.0743,4.1475
"China, Macao SAR",All sectors with LULUCF,Emissions (N2O),kilotonnes,0.0648,0.0665,0.0675,0.0697,0.0782,0.0801,0.0774,0.0644,0.0575,0.0639,0.0543,0.0987,0.094,0.0905,0.0848,0.109,0.1036,0.1091,0.112,0.1107,0.114
"China, Macao SAR",All sectors with LULUCF,Emissions (CO2),kilotonnes,1679.787,1738.496,1566.617,1574.445,1762.299,1868.616,1654.142,1388.27,1151.298,1904.322,1236.008,1466.772,1301.797,1210.797,1521.797,2035.797,1777.687,1928.55,2185.823,2382.868,2371.884
"China, Macao SAR",All sectors with LULUCF,Emissions (CO2eq) from CH4 (AR5),kilotonnes,75.04,76.104,78.008,79.576,81.592,82.88,84.812,86.4528,88.116,90.44,92.12,97.188,99.96,101.5168,103.1912,105.4721,106.9342,109.0292,110.9382,114.0804,116.1294
"China, Macao SAR",All sectors with LULUCF,Emissions (CO2eq) from N2O (AR5),kilotonnes,17.1623,17.6322,17.9007,18.4702,20.7289,21.2235,20.5122,17.0739,15.2479,16.9209,14.3811,26.143,24.9027,23.9731,22.4821,28.8933,27.4587,28.9055,29.6847,29.3275,30.2053
"China, Macao SAR",All sectors with LULUCF,Emissions (CO2eq) (AR5),kilotonnes,1771.9893,1832.2322,1662.5257,1672.4912,1864.6199,1972.7195,1759.4662,1491.7967,1254.6619,2011.6829,1342.5091,1590.103,1426.6597,1336.2869,1647.4703,2170.1624,1912.0799,2066.4847,2326.446,2526.2759,2518.2188
"China, Macao SAR",All sectors without LULUCF,Emissions (CH4),kilotonnes,2.68,2.718,2.786,2.842,2.914,2.96,3.029,3.0876,3.147,3.23,3.29,3.471,3.57,3.6256,3.6854,3.7669,3.8191,3.8939,3.9621,4.0743,4.1475
"China, Macao SAR",All sectors without LULUCF,Emissions (N2O),kilotonnes,0.0648,0.0665,0.0675,0.0697,0.0782,0.0801,0.0774,0.0644,0.0575,0.0639,0.0543,0.0987,0.094,0.0905,0.0848,0.109,0.1036,0.1091,0.112,0.1107,0.114
"China, Macao SAR",All sectors without LULUCF,Emissions (CO2),kilotonnes,1679.787,1738.496,1566.617,1574.445,1762.299,1868.616,1654.142,1388.27,1151.298,1904.322,1236.008,1466.772,1301.797,1210.797,1521.797,2035.797,1777.687,1928.55,2185.823,2382.868,2371.884
"China, Macao SAR",All sectors without LULUCF,Emissions (CO2eq) from CH4 (AR5),kilotonnes,75.04,76.104,78.008,79.576,81.592,82.88,84.812,86.4528,88.116,90.44,92.12,97.188,99.96,101.5168,103.1912,105.4721,106.9342,109.0292,110.9382,114.0804,116.1294
"China, Macao SAR",All sectors without LULUCF,Emissions (CO2eq) from N2O (AR5),kilotonnes,17.1623,17.6322,17.9007,18.4702,20.7289,21.2235,20.5122,17.0739,15.2479,16.9209,14.3811,26.143,24.9027,23.9731,22.4821,28.8933,27.4587,28.9055,29.6847,29.3275,30.2053
"China, Macao SAR",All sectors without LULUCF,Emissions (CO2eq) (AR5),kilotonnes,1771.9893,1832.2322,1662.5257,1672.4912,1864.6199,1972.7195,1759.4662,1491.7967,1254.6619,2011.6829,1342.5091,1590.103,1426.6597,1336.2869,1647.4703,2170.1624,1912.0799,2066.4847,2326.446,2526.2759,2518.2188
"China, mainland",Crop Residues,Direct emissions (N2O),kilotonnes,74.2504,72.4072,72.0981,68.3323,74.1279,76.6601,79.7561,80.098,83.6358,84.4398,86.3276,89.1504,91.6107,93.1406,94.0623,102.164,101.932,102.5092,101.6288,101.9714,102.8412
"China, mainland",Crop Residues,Indirect emissions (N2O),kilotonnes,16.7063,16.2916,16.2221,15.3748,16.6788,17.2485,17.9451,18.0221,18.8181,18.999,19.4237,20.0588,20.6124,20.9566,21.164,22.9869,22.9347,23.0646,22.8665,22.9436,23.1393
"China, mainland",Crop Residues,Emissions (N2O),kilotonnes,90.9567,88.6989,88.3201,83.707,90.8066,93.9087,97.7012,98.1201,102.4539,103.4388,105.7513,109.2093,112.2231,114.0972,115.2263,125.1509,124.8668,125.5737,124.4953,124.915,125.9804
"China, mainland",Crop Residues,Emissions (CO2eq) from N2O (AR5),kilotonnes,24103.5207,23505.1966,23404.8322,22182.3661,24063.757,24885.7999,25890.8208,26001.8147,27150.2743,27411.2737,28024.0968,28940.4602,29739.1336,30235.7565,30534.9796,33164.9813,33089.6896,33277.0413,32991.2526,33102.4711,33384.8108
"China, mainland",Crop Residues,Emissions (CO2eq) (AR5),kilotonnes,24103.5207,23505.1966,23404.8322,22182.3661,24063.757,24885.7999,25890.8208,26001.8147,27150.2743,27411.2737,28024.0968,28940.4602,29739.1336,30235.7565,30534.9796,33164.9813,33089.6896,33277.0413,32991.2526,33102.4711,33384.8108
"China, mainland",Rice Cultivation,Emissions (CH4),kilotonnes,5262.2067,5060.3218,4953.1173,4655.6,4984.1511,5066.4689,5082.3616,5079.044,5135.6144,5203.39,5246.6652,5278.9179,5292.9806,5323.6527,5323.3225,5406.5939,5399.92,5400.129,5302.1731,5214.4547,5282.9504
"China, mainland",Rice Cultivation,Emissions (CO2eq) from CH4 (AR5),kilotonnes,147341.7887,141689.0107,138687.2833,130356.8011,139556.2303,141861.1281,142306.1254,142213.2312,143797.203,145694.9203,146906.6268,147809.7022,148203.4576,149062.2743,149053.0291,151384.6298,151197.7594,151203.6114,148460.8469,146004.7316,147922.6112
"China, mainland",Rice Cultivation,Emissions (CO2eq) (AR5),kilotonnes,147341.7887,141689.0107,138687.2833,130356.8011,139556.2303,141861.1281,142306.1254,142213.2312,143797.203,145694.9203,146906.6268,147809.7022,148203.4576,149062.2743,149053.0291,151384.6298,151197.7594,151203.6114,148460.8469,146004.7316,147922.6112
"China, mainland",Burning - Crop residues,Emissions (CH4),kilotonnes,137.6099,137.1754,136.6572,130.5787,136.6203,140.9985,147.7435,150.9357,152.6214,157.4026,161.2682,164.4299,168.6935,172.3072,174.3279,196.2819,194.0706,188.98,187.2572,183.6148,183.708
"China, mainland",Burning - Crop residues,Emissions (N2O),kilotonnes,3.5677,3.5564,3.543,3.3854,3.542,3.6555,3.8304,3.9131,3.9569,4.0808,4.181,4.263,4.3735,4.4672,4.5196,5.0888,5.0315,4.8995,4.8548,4.7604,4.7628
"China, mainland",Burning - Crop residues,Emissions (CO2eq) from CH4 (AR5),kilotonnes,3853.0778,3840.9106,3826.4007,3656.2037,3825.3681,3947.9573,4136.8191,4226.1991,4273.4001,4407.2718,4515.5103,4604.0385,4723.4172,4824.6019,4881.1805,5495.8932,5433.9768,5291.4404,5243.2017,5141.2139,5143.8231
"China, mainland",Burning - Crop residues,Emissions (CO2eq) from N2O (AR5),kilotonnes,945.4311,942.4457,938.8854,897.1241,938.632,968.7117,1015.0528,1036.984,1048.5658,1081.4139,1107.9724,1129.6946,1158.9866,1183.8143,1197.6971,1348.5294,1333.3369,1298.3627,1286.5263,1261.5016,1262.1418
"China, mainland",Burning - Crop residues,Emissions (CO2eq) (AR5),kilotonnes,4798.5089,4783.3563,4765.286,4553.3278,4764.0001,4916.6691,5151.872,5263.1831,5321.9659,5488.6857,5623.4827,5733.7332,5882.4038,6008.4162,6078.8775,6844.4226,6767.3137,6589.8031,6529.728,6402.7154,6405.9648
"China, mainland",Enteric Fermentation,Emissions (CH4),kilotonnes,8393.271,8214.795,7944.742,7877.456,7895.214,7900.88,7785.5124,7451.171,7529.261,7326.2297,7190.8669,6966.3076,6832.0339,6765.43,6773.795,6826.3585,6886.0987,6680.0809,6744.8473,6687.6197,6671.1124
"China, mainland",Enteric Fermentation,Emissions (CO2eq) from CH4 (AR5),kilotonnes,235011.588,230014.26,222452.776,220568.768,221065.992,221224.64,217994.3474,208632.788,210819.3082,205134.4327,201344.2726,195056.6128,191296.9492,189432.0411,189666.2611,191138.0386,192810.7625,187042.2664,188855.7242,187253.3506,186791.146
"China, mainland",Enteric Fermentation,Emissions (CO2eq) (AR5),kilotonnes,235011.588,230014.26,222452.776,220568.768,221065.992,221224.64,217994.3474,208632.788,210819.3082,205134.4327,201344.2726,195056.6128,191296.9492,189432.0411,189666.2611,191138.0386,192810.7625,187042.2664,188855.7242,187253.3506,186791.146
"China, mainland",Manure Management,Emissions (CH4),kilotonnes,1117.2257,1085.7192,1095.3061,1097.7807,1108.4888,1141.6146,1171.7697,1139.5667,1184.8622,1241.5473,1232.6612,1225.9767,1243.3381,1237.5296,1238.4169,1221.0817,1203.6676,1162.752,1138.5179,905.6534,1090.7018
"China, mainland",Manure Management,Emissions (N2O),kilotonnes,134.9454,131.5564,128.7607,126.428,125.3309,124.7275,123.9283,119.1296,122.7945,122.5338,120.9732,117.0962,116.8662,115.7064,115.2061,115.4646,114.7837,112.2062,112.1457,101.7142,108.5239
"China, mainland",Manure Management,Emissions (CO2eq) from CH4 (AR5),kilotonnes,31282.3193,30400.137,30668.5694,30737.8585,31037.6861,31965.2082,32809.5529,31907.8668,33176.1429,34763.3246,34514.5145,34327.3484,34813.466,34650.8301,34675.6745,34190.2883,33702.6931,32557.0551,31878.5004,25358.2943,30539.6507
"China, mainland",Manure Management,Emissions (CO2eq) from N2O (AR5),kilotonnes,35760.5275,34862.4561,34121.5933,33503.4135,33212.6909,33052.779,32841.0071,31569.3485,32540.5328,32471.469,32057.9017,31030.4948,30969.5299,30662.1898,30529.6104,30598.1302,30417.6849,29734.6382,29718.6095,26954.274,28758.8308
"China, mainland",Manure Management,Emissions (CO2eq) (AR5),kilotonnes,67042.8468,65262.5931,64790.1627,64241.2719,64250.377,65017.9872,65650.56,63477.2153,65716.6757,67234.7936,66572.4162,65357.8433,65782.9958,65313.0199,65205.2849,64788.4185,64120.378,62291.6933,61597.1098,52312.5682,59298.4815
"China, mainland",Manure left on Pasture,Direct emissions (N2O),kilotonnes,174.8131,173.6882,171.2299,169.4557,171.671,173.2474,170.2274,164.6274,168.3046,166.1487,164.4148,156.8232,156.0282,154.6952,153.3868,157.3524,160.1598,157.2737,157.4908,159.3875,156.426
"China, mainland",Manure left on Pasture,Indirect emissions (N2O),kilotonnes,50.6824,50.432,49.6374,49.4477,50.2299,50.9,49.9214,48.0627,48.9055,48.3324,47.6949,45.9959,45.6668,45.4047,45.1265,46.4627,47.3094,46.1517,45.9828,46.5607,46.0451
"China, mainland",Manure left on Pasture,Emissions (N2O),kilotonnes,225.4955,224.1202,220.8673,218.9034,221.9009,224.1474,220.1487,212.69,217.2102,214.4812,212.1096,202.8191,201.695,200.0999,198.5133,203.8151,207.4692,203.4254,203.4735,205.9482,202.4711
"China, mainland",Manure left on Pasture,Emissions (CO2eq) from N2O (AR5),kilotonnes,59756.3003,59391.8531,58529.8248,58009.4099,58803.7411,59399.0675,58339.4139,56362.8601,57560.6961,56837.5055,56209.0568,53747.0653,53449.1717,53026.4733,52606.0144,54011.0058,54979.3436,53907.7257,53920.4822,54576.2649,53654.8441
"China, mainland",Manure left on Pasture,Emissions (CO2eq) (AR5),kilotonnes,59756.3003,59391.8531,58529.8248,58009.4099,58803.7411,59399.0675,58339.4139,56362.8601,57560.6961,56837.5055,56209.0568,53747.0653,53449.1717,53026.4733,52606.0144,54011.0058,54979.3436,53907.7257,53920.4822,54576.2649,53654.8441
"China, mainland",Manure applied to Soils,Direct emissions (N2O),kilotonnes,71.8823,71.1366,71.9376,71.3121,72.9523,74.8678,75.4679,74.0884,76.8119,78.263,78.2757,74.9425,75.8747,75.4082,74.7667,75.4129,76.092,75.0437,74.6037,69.091,72.7737
"China, mainland",Manure applied to Soils,Indirect emissions (N2O),kilotonnes,30.55,30.2331,30.5735,30.3076,31.0047,31.8188,32.0738,31.4876,32.645,33.2618,33.2672,31.8505,32.2468,32.0485,31.7759,32.0505,32.3391,31.8936,31.7066,29.3637,30.9288
"China, mainland",Manure applied to Soils,Emissions (N2O),kilotonnes,102.4323,101.3697,102.5111,101.6197,103.9571,106.6866,107.5417,105.576,109.4569,111.5248,111.5428,106.793,108.1215,107.4566,106.5426,107.4634,108.4311,106.9373,106.3102,98.4547,103.7025
"China, mainland",Manure applied to Soils,Emissions (CO2eq) from N2O (AR5),kilotonnes,27144.5705,26862.966,27165.4504,26929.2231,27548.6258,28271.9432,28498.5507,27977.628,29006.0759,29554.0748,29558.8534,28300.1434,28652.1872,28476.0061,28233.7863,28477.8026,28734.231,28338.3825,28172.2117,26090.5029,27481.1719
"China, mainland",Manure applied to Soils,Emissions (CO2eq) (AR5),kilotonnes,27144.5705,26862.966,27165.4504,26929.2231,27548.6258,28271.9432,28498.5507,27977.628,29006.0759,29554.0748,29558.8534,28300.1434,28652.1872,28476.0061,28233.7863,28477.8026,28734.231,28338.3825,28172.2117,26090.5029,27481.1719
"China, mainland",Synthetic Fertilizers,Direct emissions (N2O),kilotonnes,347.9012,352.3569,393.5004,395.9737,412.2208,418.5787,428.1274,439.7173,446.1411,455.1067,464.0715,473.489,481.3616,484.0111,486.8548,483.9289,477.5246,464.2784,442.2231,420.1633,404.516
"China, mainland",Synthetic Fertilizers,Indirect emissions (N2O),kilotonnes,113.0679,114.516,127.8876,128.6914,133.9718,136.0381,139.1414,142.9081,144.9959,147.9097,150.8232,153.8839,156.4425,157.3036,158.2278,157.2769,155.1955,150.8905,143.7225,136.5531,131.4677
"China, mainland",Synthetic Fertilizers,Emissions (N2O),kilotonnes,460.9691,466.8729,521.388,524.6651,546.1926,554.6168,567.2689,582.6254,591.137,603.0163,614.8948,627.373,637.8041,641.3147,645.0826,641.2058,632.7201,615.1689,585.9456,556.7164,535.9837
"China, mainland",Synthetic Fertilizers,Emissions (CO2eq) from N2O (AR5),kilotonnes,122156.8129,123721.3175,138167.8212,139036.2561,144741.0317,146973.4569,150326.2496,154395.7217,156651.2925,159799.3283,162947.1177,166253.8333,169018.0829,169948.3855,170946.8783,169919.5435,167670.8357,163019.7637,155275.597,147529.8504,142035.6698
"China, mainland",Synthetic Fertilizers,Emissions (CO2eq) (AR5),kilotonnes,122156.8129,123721.3175,138167.8212,139036.2561,144741.0317,146973.4569,150326.2496,154395.7217,156651.2925,159799.3283,162947.1177,166253.8333,169018.0829,169948.3855,170946.8783,169919.5435,167670.8357,163019.7637,155275.597,147529.8504,142035.6698
"China, mainland",Drained organic soils,Emissions (CO2eq) (AR5),kilotonnes,4504.3512,4524.8167,4520.9765,4525.8171,4546.5338,4552.1746,4548.1882,4554.0223,4558.03,4570.4491,4570.4491,4578.819,4581.2692,4575.2937,4575.6192,4575.6192,4581.7833,4579.7159,4579.6328,4647.3772,4651.1286
"China, mainland",Drained organic soils (CO2),Emissions (CO2),kilotonnes,3793.072,3810.3143,3807.0785,3811.156,3828.6096,3833.3619,3830.0046,3834.9204,3838.2968,3848.7595,3848.7595,3855.811,3857.8746,3852.8405,3853.1141,3853.1141,3858.3072,3856.5655,3856.4955,3913.7395,3916.9002
"China, mainland",Drained organic soils (CO2),Emissions (CO2eq) (AR5),kilotonnes,3793.072,3810.3143,3807.0785,3811.156,3828.6096,3833.3619,3830.0046,3834.9204,3838.2968,3848.7595,3848.7595,3855.811,3857.8746,3852.8405,3853.1141,3853.1141,3858.3072,3856.5655,3856.4955,3913.7395,3916.9002
"China, mainland",Drained organic soils (N2O),Emissions (N2O),kilotonnes,2.6841,2.6962,2.694,2.6968,2.7091,2.7125,2.7101,2.7136,2.716,2.7234,2.7234,2.7283,2.7298,2.7262,2.7264,2.7264,2.7301,2.7289,2.7288,2.7684,2.7707
"China, mainland",Drained organic soils (N2O),Emissions (CO2eq) from N2O (AR5),kilotonnes,711.2792,714.5024,713.898,714.6611,717.9241,718.8127,718.1836,719.102,719.7333,721.6896,721.6896,723.008,723.3946,722.4532,722.5051,722.5051,723.4761,723.1504,723.1373,733.6377,734.2284
"China, mainland",Drained organic soils (N2O),Emissions (CO2eq) (AR5),kilotonnes,711.2792,714.5024,713.898,714.6611,717.9241,718.8127,718.1836,719.102,719.7333,721.6896,721.6896,723.008,723.3946,722.4532,722.5051,722.5051,723.4761,723.1504,723.1373,733.6377,734.2284
"China, mainland",On-farm energy use,Emissions (CH4),kilotonnes,136.42,133.03,103.1729,119.8244,134.7799,147.4234,153.2495,159.7913,164.2498,169.0433,174.3592,179.683,184.6509,199.3262,209.9722,214.0758,225.6884,230.2877,194.1528,190.9889,190.9889
"China, mainland",On-farm energy use,Emissions (N2O),kilotonnes,16.913,17.7053,10.6529,12.2227,14.189,16.6581,17.6663,15.9024,14.44,14.9032,15.8218,16.6613,17.4727,18.8534,19.5392,19.5812,19.671,20.3241,19.1872,19.1168,19.1168
"China, mainland",On-farm energy use,Emissions (CO2),kilotonnes,87747.6029,88845.3761,60303.4601,69642.7462,79523.5789,90087.5326,94597.1499,92227.1506,89574.4631,92341.3076,96323.5487,100418.1531,104169.4676,112253.9969,117543.9182,119178.7278,122819.4888,125993.0096,112448.0395,111428.8638,111428.8638
"China, mainland",On-farm energy use,Emissions (CO2eq) from CH4 (AR5),kilotonnes,3819.7608,3724.8388,2888.8414,3355.084,3773.8374,4127.8562,4290.9857,4474.1564,4598.9947,4733.2124,4882.0584,5031.123,5170.2258,5581.1337,5879.2228,5994.1221,6319.2757,6448.0566,5436.2788,5347.69,5347.69
"China, mainland",On-farm energy use,Emissions (CO2eq) from N2O (AR5),kilotonnes,4481.9533,4691.9141,2823.0203,3239.0229,3760.0961,4414.3961,4681.5717,4214.1367,3826.6029,3949.3391,4192.7846,4415.2501,4630.2757,4996.1634,5177.8884,5189.0158,5212.8161,5385.8754,5084.6031,5065.946,5065.946
"China, mainland",On-farm energy use,Emissions (CO2eq) (AR5),kilotonnes,96049.3169,97262.129,66015.3218,76236.853,87057.5123,98629.7849,103569.7072,100915.4438,98000.0607,101023.8591,105398.3917,109864.5262,113969.9691,122831.2941,128601.0294,130361.8657,134351.5806,137826.9416,122968.9214,121842.4998,121842.4998
"China, mainland",Forestland,Emissions (CO2),kilotonnes,-350983.5047,-333882.5239,-333882.5239,-333882.5239,-333882.5239,-333882.5239,-333882.5239,-333882.5239,-333882.5239,-333882.5239,-333882.5239,-711829.471,-711829.471,-711829.471,-711829.471,-711829.471,-651765.3001,-651765.3001,-651765.3001,-651765.3001,-651765.3001
"China, mainland",Forestland,Emissions (CO2eq) (AR5),kilotonnes,-350983.5047,-333882.5239,-333882.5239,-333882.5239,-333882.5239,-333882.5239,-333882.5239,-333882.5239,-333882.5239,-333882.5239,-333882.5239,-711829.471,-711829.471,-711829.471,-711829.471,-711829.471,-651765.3001,-651765.3001,-651765.3001,-651765.3001,-651765.3001
"China, mainland",Net Forest conversion,Emissions (CO2),kilotonnes,0,0,0,0,0,0,0,0,0,0,0,0,0,0,0,0,0,0,0,0,0
"China, mainland",Net Forest conversion,Emissions (CO2eq) (AR5),kilotonnes,0,0,0,0,0,0,0,0,0,0,0,0,0,0,0,0,0,0,0,0,0
"China, mainland",Savanna fires,Emissions (CH4),kilotonnes,5.2528,4.0771,4.5958,17.4537,9.6163,6.9935,4.9568,7.4558,14.1679,9.1023,10.7895,4.9818,4.1946,4.4478,6.4066,4.8125,3.9015,3.0758,4.0058,4.8581,3.1399
"China, mainland",Savanna fires,Emissions (N2O),kilotonnes,0.4796,0.3723,0.4196,1.5936,0.878,0.6385,0.4526,0.6807,1.2936,0.8311,0.9851,0.4549,0.383,0.4061,0.5849,0.4394,0.3562,0.2808,0.3657,0.4436,0.2867
"China, mainland",Savanna fires,Emissions (CO2eq) from CH4 (AR5),kilotonnes,147.0787,114.1575,128.6838,488.7047,269.257,195.8176,138.7899,208.7627,396.7017,254.865,302.1047,139.4903,117.4487,124.5374,179.384,134.751,109.2432,86.1235,112.1626,136.0254,87.9164
"China, mainland",Savanna fires,Emissions (CO2eq) from N2O (AR5),kilotonnes,127.0953,98.647,111.1996,422.3046,232.6731,169.212,119.9326,180.3982,342.802,220.2366,261.0579,120.5378,101.491,107.6166,155.0111,116.4424,94.4004,74.422,96.9231,117.5437,75.9712
"China, mainland",Savanna fires,Emissions (CO2eq) (AR5),kilotonnes,274.174,212.8045,239.8833,911.0093,501.9301,365.0296,258.7225,389.1608,739.5038,475.1017,563.1626,260.0281,218.9398,232.154,334.3951,251.1934,203.6436,160.5455,209.0857,253.5691,163.8876
"China, mainland",Fires in organic soils,Emissions (CH4),kilotonnes,0,0,0,0,0,0,0,0,0,0,0,0,0,0,0,0,0,0,0,0,0
"China, mainland",Fires in organic soils,Emissions (CO2),kilotonnes,0,0,0,0,0,0,0,0,0,0,0,0,0,0,0,0,0,0,0,0,0
"China, mainland",Fires in organic soils,Emissions (CO2eq) from CH4 (AR5),kilotonnes,0,0,0,0,0,0,0,0,0,0,0,0,0,0,0,0,0,0,0,0,0
"China, mainland",Fires in organic soils,Emissions (CO2eq) (AR5),kilotonnes,0,0,0,0,0,0,0,0,0,0,0,0,0,0,0,0,0,0,0,0,0
"China, mainland",Forest fires,Emissions (CH4),kilotonnes,39.5229,13.7746,7.9956,28.4014,21.4872,10.8127,8.4824,11.9382,33.7599,14.5345,14.8027,8.7097,7.1048,7.5231,11.862,10.6369,11.1282,5.9036,12.8163,12.5329,11.5683
"China, mainland",Forest fires,Emissions (N2O),kilotonnes,2.1424,1.2577,0.73,2.5932,1.9619,0.9872,0.7745,1.09,3.0824,1.3271,1.3515,0.7952,0.6487,0.6869,1.0831,0.9712,1.0161,0.539,1.1702,1.1443,1.0562
"China, mainland",Forest fires,Emissions (CO2eq) from CH4 (AR5),kilotonnes,1106.6413,385.6901,223.8768,795.2396,601.6427,302.7542,237.5078,334.2702,945.2779,406.9671,414.475,243.8722,198.9334,210.6478,332.136,297.8344,311.5898,165.2995,358.855,350.9207,323.9129
"China, mainland",Forest fires,Emissions (CO2eq) from N2O (AR5),kilotonnes,567.7384,333.2865,193.4588,687.1908,519.8977,261.6191,205.2377,288.8531,816.8434,351.6727,358.1605,210.7374,171.9044,182.0272,287.0089,257.3677,269.2542,142.8403,310.0975,303.2412,279.903
"China, mainland",Forest fires,Emissions (CO2eq) (AR5),kilotonnes,1674.3796,718.9766,417.3356,1482.4304,1121.5404,564.3733,442.7455,623.1233,1762.1213,758.6398,772.6355,454.6097,370.8377,392.675,619.1449,555.2021,580.844,308.1398,668.9525,654.1619,603.8159
"China, mainland",Fires in humid tropical forests,Emissions (CH4),kilotonnes,0.0654,0.024,0.1784,0.0932,0.0506,0.0746,0.0426,0.0506,0.0027,0,0.032,0.0053,0.0586,0,0,0.0453,0.0346,0.008,0.0027,0,0
"China, mainland",Fires in humid tropical forests,Emissions (N2O),kilotonnes,0.0019,0.0022,0.0163,0.0085,0.0046,0.0068,0.0039,0.0046,0.0002,0,0.0029,0.0005,0.0053,0,0,0.0041,0.0032,0.0007,0.0002,0,0
"China, mainland",Fires in humid tropical forests,Emissions (CO2eq) from CH4 (AR5),kilotonnes,1.8325,0.6711,4.996,2.61,1.4168,2.0878,1.1929,1.4167,0.0746,0,0.8948,0.1491,1.6403,0,0,1.2677,0.9694,0.2237,0.0746,0,0
"China, mainland",Fires in humid tropical forests,Emissions (CO2eq) from N2O (AR5),kilotonnes,0.5101,0.5799,4.3172,2.2554,1.2243,1.8042,1.0309,1.2242,0.0645,0,0.7733,0.1289,1.4175,0,0,1.0955,0.8377,0.1933,0.0644,0,0
"China, mainland",Fires in humid tropical forests,Emissions (CO2eq) (AR5),kilotonnes,2.3426,1.251,9.3132,4.8655,2.641,3.892,2.2238,2.6409,0.1391,0,1.6681,0.278,3.0578,0,0,2.3632,1.807,0.417,0.139,0,0
"China, mainland",Waste - agri-food systems,Emissions (CH4),kilotonnes,5974.2179,6026.1859,6078.4253,6106.4781,6154.1855,6213.787,6270.0142,6323.0433,6403.4703,6440.8349,6478.0981,6513.5777,6561.9778,6602.0442,6505.1413,6487.138,6507.2704,6530.2973,6547.723,6527.751,6503.7731
"China, mainland",Waste - agri-food systems,Emissions (N2O),kilotonnes,44.4812,44.6189,45.275,45.8169,46.7075,47.6009,48.0395,49.3468,51.6476,52.1809,53.5118,53.9604,55.1217,55.683,54.8563,55.9543,56.3322,56.9364,57.0213,56.7736,56.4631
"China, mainland",Waste - agri-food systems,Emissions (CO2),kilotonnes,9759.9281,9795.1776,9827.9465,9870.5169,9927.8979,9982.6987,10047.7998,10137.1347,10227.5595,10264.3066,10326.2587,10401.8765,10444.7095,10484.989,10516.6941,10535.7845,10541.1877,10573.3066,10615.7768,10625.3668,10635.2441
"China, mainland",Waste - agri-food systems,Emissions (CO2eq) from CH4 (AR5),kilotonnes,167278.102,168733.2044,170195.9075,170981.387,172317.1953,173986.0369,175560.3971,177045.2131,179297.1685,180343.3768,181386.7471,182380.1744,183735.3792,184857.2363,182143.9553,181639.8637,182203.572,182848.3246,183336.2431,182777.0286,182105.6465
"China, mainland",Waste - agri-food systems,Emissions (CO2eq) from N2O (AR5),kilotonnes,11787.5204,11824.0186,11997.8795,12141.4845,12377.4771,12614.2395,12730.4684,13076.9058,13686.6157,13827.937,14180.6193,14299.5027,14607.2593,14756.0009,14536.9108,14827.8925,14928.0252,15088.1377,15110.648,15044.9973,14962.7277
"China, mainland",Waste - agri-food systems,Emissions (CO2eq) (AR5),kilotonnes,188825.5505,190352.4006,192021.7335,192993.3883,194622.5703,196582.9751,198338.6653,200259.2535,203211.3437,204435.6204,205893.6251,207081.5536,208787.3479,210098.2262,207197.5602,207003.5406,207672.7849,208509.7689,209062.6679,208447.3926,207703.6183
"China, mainland",Fertilizers Manufacturing,Emissions (N2O),kilotonnes,65.79,67.7277,72.3423,81.0158,84.1038,81.6389,86.947,94.2864,93.9371,98.0921,102.747,105.6209,108.2108,107.822,117.7085,114.3961,108.2099,101.9704,93.8515,91.0374,93.1064
"China, mainland",Fertilizers Manufacturing,Emissions (CO2),kilotonnes,72809.1746,75789.1806,81191.7022,90838.7191,95356.8062,94239.8876,101162.682,108538.8043,107806.5658,115509.0181,122984.5837,127538.7222,128238.8674,126859.9167,137981.2021,135008.7835,129680.0778,119232.0067,108766.3836,105644.2717,106846.0163
"China, mainland",Fertilizers Manufacturing,Emissions (CO2eq) from N2O (AR5),kilotonnes,17434.35,17947.8405,19170.7095,21469.187,22287.507,21634.3085,23040.955,24985.896,24893.3315,25994.4065,27227.955,27989.5385,28675.862,28572.83,31192.7525,30314.9665,28675.6235,27022.156,24870.6475,24124.911,24673.2044
"China, mainland",Fertilizers Manufacturing,Emissions (CO2eq) (AR5),kilotonnes,90243.5246,93737.0211,100362.4117,112307.9061,117644.3132,115874.1961,124203.637,133524.7003,132699.8973,141503.4246,150212.5387,155528.2607,156914.7294,155432.7467,169173.9546,165323.75,158355.7013,146254.1627,133637.0311,129769.1827,131519.2207
"China, mainland",On-farm electricity use,Emissions (CH4),kilotonnes,80.7516,91.4827,72.7444,83.1743,92.2603,93.1555,99.2404,105.4705,106.4413,112.783,117.1736,121.5426,121.503,123.219,121.6015,124.7741,131.0234,141.0082,149.097,154.5962,154.5962
"China, mainland",On-farm electricity use,Emissions (N2O),kilotonnes,0.4312,0.4885,0.3884,0.4441,0.4926,0.4974,0.5299,0.5632,0.5684,0.6022,0.6257,0.649,0.6488,0.6583,0.6496,0.6665,0.6999,0.7532,0.7964,0.8258,0.8258
"China, mainland",On-farm electricity use,Emissions (CO2),kilotonnes,59832.5169,65734.5999,53313.594,62481.0609,67778.9352,67429.6638,71380.9788,72315.6166,70728.5769,74294.1417,74239.2342,77609.3603,74332.0144,84056.588,82953.1544,85117.4558,89380.573,96191.9013,101709.8876,105461.2342,105461.2342
"China, mainland",On-farm electricity use,Emissions (CO2eq) from CH4 (AR5),kilotonnes,2261.0448,2561.5156,2036.8432,2328.8804,2583.2884,2608.354,2778.7312,2953.174,2980.3564,3157.924,3280.8608,3403.1928,3402.084,3450.132,3404.842,3493.6748,3668.6552,3948.2296,4174.716,4328.6936,4328.6936
"China, mainland",On-farm electricity use,Emissions (CO2eq) from N2O (AR5),kilotonnes,114.268,129.4525,102.926,117.6865,130.539,131.811,140.4235,149.248,150.626,159.583,165.8105,171.985,171.932,174.4495,172.144,176.6225,185.4735,199.598,211.046,218.837,218.837
"China, mainland",On-farm electricity use,Emissions (CO2eq) (AR5),kilotonnes,62207.8297,68425.568,55453.3632,64927.6278,70492.7626,70169.8288,74300.1335,75418.0386,73859.5593,77611.6487,77685.9055,81184.5381,77906.0304,87681.1695,86530.1404,88787.7531,93234.7017,100339.7289,106095.6496,110008.7648,110008.7648
"China, mainland",Food Processing,Emissions (CH4),kilotonnes,0,0,0,0,0,0,0,0,0,0,0,0,0,0,0.1845,0.174,0.1543,0.1311,0.0906,0.0906,0.0924
"China, mainland",Food Processing,Emissions (N2O),kilotonnes,0,0,0,0,0,0,0,0,0,0,0,0,0,0,0.0367,0.0347,0.0307,0.0261,0.018,0.018,0.0184
"China, mainland",Food Processing,Emissions (CO2),kilotonnes,0,0,0,0,0,0,0,0,0,0,0,0,0,0,4544.2187,4274.6794,3799.134,3239.7344,2264.2855,2264.2855,2290.0426
"China, mainland",Food Processing,Emissions (CO2eq) from CH4 (AR5),kilotonnes,0,0,0,0,0,0,0,0,0,0,0,0,0,0,5.166,4.872,4.3204,3.6708,2.5368,2.5368,2.5864
"China, mainland",Food Processing,Emissions (CO2eq) from N2O (AR5),kilotonnes,0,0,0,0,0,0,0,0,0,0,0,0,0,0,9.7255,9.1955,8.1355,6.9165,4.77,4.77,4.8784
"China, mainland",Food Processing,Emissions (CO2eq) (AR5),kilotonnes,0,0,0,0,0,0,0,0,0,0,0,0,0,0,4559.1102,4288.7469,3811.5899,3250.3217,2271.5923,2271.5923,2297.5074
"China, mainland",Food Packaging,Emissions (CH4),kilotonnes,20.991,22.6467,27.1783,30.5229,35.8191,40.5432,45.4246,48.4029,50.7202,54.3756,60.8647,66.3416,68.73,74.8341,80.1057,82.0031,85.3667,89.4099,94.8694,89.0958,90.8371
"China, mainland",Food Packaging,Emissions (N2O),kilotonnes,0.403,0.4146,0.4153,0.4453,0.5935,0.6811,0.7335,0.799,0.8522,0.9312,0.9643,1.0187,0.9667,0.9825,0.9804,0.9861,0.914,0.894,0.8378,1.0622,1.0863
"China, mainland",Food Packaging,Emissions (CO2),kilotonnes,35346.5039,36278.5791,38128.7686,42165.3358,53191.162,60214.4469,65424.8918,69222.5976,72312.1591,78228.9698,81426.5173,87370.0977,82713.5149,91720.7207,94861.216,96250.5369,93218.1907,95195.6459,95221.7433,102528.511,103694.8126
"China, mainland",Food Packaging,Emissions (CO2eq) from CH4 (AR5),kilotonnes,587.748,634.1076,760.9924,854.6412,1002.9348,1135.2096,1271.8888,1355.2812,1420.1656,1522.5168,1704.2116,1857.5648,1924.44,2095.3548,2242.9596,2296.0868,2390.2676,2503.4772,2656.3432,2494.6824,2543.4384
"China, mainland",Food Packaging,Emissions (CO2eq) from N2O (AR5),kilotonnes,106.795,109.869,110.0545,118.0045,157.2775,180.4915,194.3775,211.735,225.833,246.768,255.5395,269.9555,256.1755,260.3625,259.806,261.3165,242.21,236.91,222.017,281.483,287.8803
"China, mainland",Food Packaging,Emissions (CO2eq) (AR5),kilotonnes,36041.0469,37022.5557,38999.8155,43137.9815,54351.3743,61530.148,66891.1581,70789.6138,73958.1577,79998.2546,83386.2684,89497.618,84894.1304,94076.438,97363.9816,98807.9402,95850.6683,97936.0331,98100.1035,105304.6764,106526.1313
"China, mainland",Food Retail,Emissions (CH4),kilotonnes,0.3983,0.4272,0.4597,0.5291,0.6144,0.6608,0.7025,0.7482,0.7583,0.7878,0.8065,0.8994,0.9524,1.0032,0.96,0.9934,0.9841,0.9186,0.8893,1.0044,1.024
"China, mainland",Food Retail,Emissions (N2O),kilotonnes,0.0629,0.0672,0.0716,0.082,0.0955,0.1024,0.1087,0.1157,0.1179,0.1224,0.1256,0.1399,0.148,0.1554,0.1482,0.1536,0.1519,0.1419,0.1373,0.1551,0.1586
"China, mainland",Food Retail,Emissions (CO2),kilotonnes,5111.4682,5451.6132,5712.2018,6446.0219,7870.7438,8316.9211,8921.3455,9659.841,9489.2177,10011.4918,10717.0415,11877.0405,12717.5856,13269.2191,12994.6617,13657.2652,13627.7823,13327.3113,13484.2024,13893.6477,14051.6933
"China, mainland",Food Retail,Emissions (CO2eq) from F-gases (AR5),kilotonnes,728.339,824.966,913.281,993.8035,1069.131,1156.407,1232.254,1308.6205,1307.062,1306.023,1304.4645,1303.4255,1301.867,1300.828,1300.828,1300.828,1363.168,1377.714,1392.7795,1407.845,1469.8039
"China, mainland",Food Retail,Emissions (CO2eq) from CH4 (AR5),kilotonnes,11.1524,11.9616,12.8716,14.8148,17.2032,18.5024,19.67,20.9496,21.2324,22.0584,22.582,25.1832,26.6672,28.0896,26.88,27.8152,27.5548,25.7208,24.9004,28.1232,28.6728
"China, mainland",Food Retail,Emissions (CO2eq) from N2O (AR5),kilotonnes,16.6685,17.808,18.974,21.73,25.3075,27.136,28.8055,30.6605,31.2435,32.436,33.284,37.0735,39.22,41.181,39.273,40.704,40.2535,37.6035,36.3845,41.1015,42.0356
"China, mainland",Food Retail,Emissions (CO2eq) (AR5),kilotonnes,5867.6281,6306.3488,6657.3284,7476.3702,8982.3855,9518.9665,10202.075,11020.0716,10848.7556,11372.0092,12077.372,13242.7227,14085.3398,14639.3177,14361.6427,15026.6124,15058.7586,14768.3496,14938.2668,15370.7174,15592.2057
"China, mainland",Food Household Consumption,Emissions (CH4),kilotonnes,293.4295,298.6515,311.9774,341.065,376.8252,406.0494,426.4635,450.0046,447.4169,467.4254,479.8986,503.2447,530.5217,565.1969,572.6557,592.4967,633.5276,656.1562,655.3069,655.3069,668.1142
"China, mainland",Food Household Consumption,Emissions (N2O),kilotonnes,1.5205,1.552,1.6245,1.7816,1.9771,2.1341,2.2522,2.3929,2.3886,2.5025,2.5843,2.7237,2.8777,3.071,3.1174,3.2295,3.4347,3.5575,3.5704,3.5704,3.6515
"China, mainland",Food Household Consumption,Emissions (CO2),kilotonnes,138137.4456,142523.7961,146573.1951,165109.0672,185379.6763,203300.3051,220991.091,240584.9807,241580.8889,255544.2219,262990.4401,283216.3138,295810.3274,342770.9774,352973.0044,370651.1489,400282.9772,422543.2763,440622.6589,440622.6589,445634.9125
"China, mainland",Food Household Consumption,Emissions (CO2eq) from CH4 (AR5),kilotonnes,8216.026,8362.242,8735.3672,9549.82,10551.1056,11369.3832,11940.978,12600.1288,12527.6732,13087.9112,13437.1608,14090.8516,14854.6076,15825.5132,16034.3596,16589.9076,17738.7728,18372.3736,18348.5932,18348.5932,18707.1976
"China, mainland",Food Household Consumption,Emissions (CO2eq) from N2O (AR5),kilotonnes,402.9325,411.28,430.4925,472.124,523.9315,565.5365,596.833,634.1185,632.979,663.1625,684.8395,721.7805,762.5905,813.815,826.111,855.8175,910.1955,942.7375,946.156,946.156,967.6595
"China, mainland",Food Household Consumption,Emissions (CO2eq) (AR5),kilotonnes,146756.4041,151297.3181,155739.0548,175131.0112,196454.7134,215235.2248,233528.902,253819.228,254741.5411,269295.2956,277112.4404,298028.9459,311427.5255,359410.3056,369833.475,388096.874,418931.9455,441858.3874,459917.4081,459917.4081,465309.7697
"China, mainland",Food Transport,Emissions (CH4),kilotonnes,2.946,2.8664,2.9079,3.207,3.2534,3.2862,3.6432,3.7069,4.9285,5.3736,5.6079,6.6924,7.2729,8.3554,9.4009,10.5085,10.9717,11.793,13.0237,10.438,10.642
"China, mainland",Food Transport,Emissions (N2O),kilotonnes,0.8879,0.9222,1.0032,1.2118,1.458,1.5711,1.6034,1.638,1.695,1.5896,1.5837,1.5766,1.5755,1.5833,1.5294,1.4889,1.4996,1.5443,1.5996,2.042,2.0884
"China, mainland",Food Transport,Emissions (CO2),kilotonnes,12969.5,13126,14052.5,16140.5,18907,20253,22117.5,23577,24938,25150.5,27143,29464,32272.5,34580.5,35620.5,37506.5,37987,39526.2,40894.55,40504.1078,40964.8577
"China, mainland",Food Transport,Emissions (CO2eq) from CH4 (AR5),kilotonnes,82.488,80.2592,81.4212,89.796,91.0952,92.0136,102.0096,103.7932,137.998,150.4608,157.0212,187.3872,203.6412,233.9512,263.2252,294.238,307.2076,330.204,364.6636,292.264,297.976
"China, mainland",Food Transport,Emissions (CO2eq) from N2O (AR5),kilotonnes,235.2935,244.383,265.848,321.127,386.37,416.3415,424.901,434.07,449.175,421.244,419.6805,417.799,417.5075,419.5745,405.291,394.5585,397.394,409.2395,423.894,541.13,553.4284
"China, mainland",Food Transport,Emissions (CO2eq) (AR5),kilotonnes,13287.2815,13450.6422,14399.7692,16551.423,19384.4652,20761.3551,22644.4106,24114.8632,25525.173,25722.2048,27719.7017,30069.1862,32893.6487,35234.0257,36289.0162,38195.2965,38691.6016,40265.6435,41683.1076,41337.5018,41816.2621
"China, mainland",Energy,Emissions (CH4),kilotonnes,15200,15800,16400,18400,20600,22500,24000,24700,24700,25400,26700,29500,29300,29700,29700,29400,27500,27800,27700,30700,31300
"China, mainland",Energy,Emissions (N2O),kilotonnes,91.7,93.4,103,115,131,143,155,161,163,169,178,192,196,202,199,198,197,201,205,220,225
"China, mainland",Energy,Emissions (CO2),kilotonnes,3170000,3210000,3540000,4190000,4830000,5450000,6020000,6460000,6970000,7310000,8000000,8830000,9080000,9220000,9240000,9200000,9050000,9250000,9480000,9670000,9780000
"China, mainland",Energy,Emissions (CO2eq) from CH4 (AR5),kilotonnes,425600,442400,459200,515200,576800,630000,672000,691600,691600,711200,747600,826000,820400,831600,831600,823200,770000,778400,775600,859600,876400
"China, mainland",Energy,Emissions (CO2eq) from N2O (AR5),kilotonnes,24300.5,24751,27295,30475,34715,37895,41075,42665,43195,44785,47170,50880,51940,53530,52735,52470,52205,53265,54325,58300,59625
"China, mainland",Energy,Emissions (CO2eq) (AR5),kilotonnes,3619900.5,3677151,4026495,4735675,5441515,6117895,6733075,7194265,7704795,8065985,8794770,9706880,9952340,10105130,10124335,10075670,9872205,10081665,10309925,10587900,10716025
"China, mainland",IPPU,Emissions (CH4),kilotonnes,22.9,24.8,27.8,33.6,43.1,53.7,68.8,86.3,89.2,98.9,119,139,156,175,206,212,218,226,241,262,277
"China, mainland",IPPU,Emissions (N2O),kilotonnes,86.6,84.3,85.3,89,93.3,114,122,134,117,20.6,9.19,9.87,12.1,16.8,20.4,22.5,27.2,31,37.1,38.7,40.4
"China, mainland",IPPU,Emissions (CO2),kilotonnes,366000,398000,437000,503000,561000,619000,713000,791000,802000,879000,958000,1060000,1090000,1160000,1220000,1170000,1190000,1210000,1250000,1340000,1400000
"China, mainland",IPPU,Emissions (CO2eq) from F-gases (AR5),kilotonnes,59762.9068,75116.6293,102034.2312,120497.5683,162283.0153,199209.6895,226418.8178,203096.7078,212814.2536,210870.7445,212814.2536,230305.8361,247797.4186,301243.9207,353718.6682,330396.5582,346916.3861,363436.214,380927.7965,397447.6244,414939.2069
"China, mainland",IPPU,Emissions (CO2eq) from CH4 (AR5),kilotonnes,641.2,694.4,778.4,940.8,1206.8,1503.6,1926.4,2416.4,2497.6,2769.2,3332,3892,4368,4900,5768,5936,6104,6328,6748,7336,7756
"China, mainland",IPPU,Emissions (CO2eq) from N2O (AR5),kilotonnes,22949,22339.5,22604.5,23585,24724.5,30210,32330,35510,31005,5459,2435.35,2615.55,3206.5,4452,5406,5962.5,7208,8215,9831.5,10255.5,10706
"China, mainland",IPPU,Emissions (CO2eq) (AR5),kilotonnes,449353.1068,496150.5293,562417.1312,648023.3683,749214.3153,849923.2895,973675.2178,1032023.108,1048316.854,1098098.945,1176581.604,1296813.386,1345371.919,1470595.921,1584892.668,1512295.058,1550228.386,1587979.214,1647507.297,1755039.124,1833401.207
"China, mainland",Waste,Emissions (CH4),kilotonnes,9060,9310,9540,9810,10100,10400,11000,11500,11800,12000,12200,12700,13100,13500,14000,14400,14700,15000,15400,15800,16200
"China, mainland",Waste,Emissions (N2O),kilotonnes,67.7,68.1,68.5,69.3,70.2,71.2,72.6,74.2,76.2,78.3,80.2,82,84,85.7,87,88.4,89.4,90.7,91.1,94.4,96
"China, mainland",Waste,Emissions (CO2),kilotonnes,502,523,545,567,590,625,932,1240,1550,1850,2160,2470,2770,2860,2940,3020,3100,3180,3260,3850,4060
"China, mainland",Waste,Emissions (CO2eq) from CH4 (AR5),kilotonnes,253680,260680,267120,274680,282800,291200,308000,322000,330400,336000,341600,355600,366800,378000,392000,403200,411600,420000,431200,442400,453600
"China, mainland",Waste,Emissions (CO2eq) from N2O (AR5),kilotonnes,17940.5,18046.5,18152.5,18364.5,18603,18868,19239,19663,20193,20749.5,21253,21730,22260,22710.5,23055,23426,23691,24035.5,24141.5,25016,25440
"China, mainland",Waste,Emissions (CO2eq) (AR5),kilotonnes,272122.5,279249.5,285817.5,293611.5,301993,310693,328171,342903,352143,358599.5,365013,379800,391830,403570.5,417995,429646,438391,447215.5,458601.5,471266,483100
"China, mainland",Other,Emissions (CH4),kilotonnes,90,90,90,90,90,90,90,90,90,90,90,90,90,90,90,90,90,90,90,90,90
"China, mainland",Other,Emissions (N2O),kilotonnes,70.5,70.9,74.6,83.8,95.5,87.1,94.4,99.2,99,102,106,111,113,115,114,112,110,109,112,119,121
"China, mainland",Other,Emissions (CO2),kilotonnes,28400,28400,28400,28400,28400,28400,28400,28400,28400,28400,28400,28400,28400,28400,28400,28400,28400,28400,28400,28400,28400
"China, mainland",Other,Emissions (CO2eq) from CH4 (AR5),kilotonnes,2520,2520,2520,2520,2520,2520,2520,2520,2520,2520,2520,2520,2520,2520,2520,2520,2520,2520,2520,2520,2520
"China, mainland",Other,Emissions (CO2eq) from N2O (AR5),kilotonnes,18682.5,18788.5,19769,22207,25307.5,23081.5,25016,26288,26235,27030,28090,29415,29945,30475,30210,29680,29150,28885,29680,31535,32065
"China, mainland",Other,Emissions (CO2eq) (AR5),kilotonnes,49602.5,49708.5,50689,53127,56227.5,54001.5,55936,57208,57155,57950,59010,60335,60865,61395,61130,60600,60070,59805,60600,62455,62985
"China, mainland",Farm-gate emissions,Emissions (CH4),kilotonnes,15051.9862,14635.1184,14237.5912,13898.6936,14268.8704,14404.3788,14345.5936,13987.9644,14180.7768,14106.7152,14016.6103,13820.297,13725.8916,13702.6935,13726.2411,13869.2044,13913.3468,13665.3055,13570.9541,13187.1895,13422.6013
"China, mainland",Farm-gate emissions,Direct emissions (N2O),kilotonnes,668.847,669.589,708.7659,705.0737,730.972,743.354,753.5787,758.531,774.8934,783.9582,793.0896,794.4052,804.8752,807.255,809.0706,818.8582,815.7085,799.105,775.9464,750.6133,736.5569
"China, mainland",Farm-gate emissions,Indirect emissions (N2O),kilotonnes,211.0066,211.4727,224.3206,223.8216,231.8852,236.0055,239.0818,240.4804,245.3645,248.5028,251.209,251.7892,254.9685,255.7134,256.2941,258.777,257.7787,252.0003,244.2783,235.421,231.5809
"China, mainland",Farm-gate emissions,Emissions (N2O),kilotonnes,1038.4434,1036.9483,1079.1567,1075.2218,1109.5063,1127.7516,1141.2482,1141.3509,1165.4588,1177.5333,1188.9831,1187.3981,1201.6689,1205.1278,1207.941,1220.9357,1216.0597,1191.5448,1159.507,1114.8377,1103.5985
"China, mainland",Farm-gate emissions,Emissions (CO2),kilotonnes,91540.6749,92655.6903,64110.5386,73453.9022,83352.1885,93920.8945,98427.1545,96062.071,93412.7598,96190.0671,100172.3082,104273.9641,108027.3422,116106.8375,121397.0323,123031.8419,126677.796,129849.5751,116304.535,115342.6033,115345.764
"China, mainland",Farm-gate emissions,Emissions (CO2eq) from CH4 (AR5),kilotonnes,421455.6133,409783.3147,398652.5545,389163.42,399528.3708,403322.6075,401676.6205,391663.0041,397061.7507,394988.0269,392465.0873,386968.3152,384324.9645,383675.4186,384334.7519,388337.7229,389573.7107,382628.5535,379986.7145,369241.3057,375832.8373
"China, mainland",Farm-gate emissions,Emissions (CO2eq) from N2O (AR5),kilotonnes,275187.4907,274791.2984,285976.5253,284933.7812,294019.1719,298854.179,302430.7828,302457.9939,308846.5756,312046.3306,315080.531,314660.4877,318442.2533,319358.8586,320104.3706,323547.9561,322255.8142,315759.362,307269.3428,295431.9923,292453.6149
"China, mainland",Farm-gate emissions,Emissions (CO2eq) (AR5),kilotonnes,788183.779,777230.3035,748739.6183,747551.1033,776899.7311,796097.6809,802534.5578,790183.0689,799321.0862,803224.4245,807717.9265,805902.767,810794.56,819141.1147,825836.1549,834917.5209,838507.321,828237.4906,803560.5923,780015.9013,783632.2161
"China, mainland",Land Use change,Emissions (CH4),kilotonnes,0.0654,0.024,0.1784,0.0932,0.0506,0.0746,0.0426,0.0506,0.0027,0,0.032,0.0053,0.0586,0,0,0.0453,0.0346,0.008,0.0027,0,0
"China, mainland",Land Use change,Emissions (N2O),kilotonnes,0.0019,0.0022,0.0163,0.0085,0.0046,0.0068,0.0039,0.0046,0.0002,0,0.0029,0.0005,0.0053,0,0,0.0041,0.0032,0.0007,0.0002,0,0
"China, mainland",Land Use change,Emissions (CO2),kilotonnes,0,0,0,0,0,0,0,0,0,0,0,0,0,0,0,0,0,0,0,0,0
"China, mainland",Land Use change,Emissions (CO2eq) from CH4 (AR5),kilotonnes,1.8325,0.6711,4.996,2.61,1.4168,2.0878,1.1929,1.4167,0.0746,0,0.8948,0.1491,1.6403,0,0,1.2677,0.9694,0.2237,0.0746,0,0
"China, mainland",Land Use change,Emissions (CO2eq) from N2O (AR5),kilotonnes,0.5101,0.5799,4.3172,2.2554,1.2243,1.8042,1.0309,1.2242,0.0645,0,0.7733,0.1289,1.4175,0,0,1.0955,0.8377,0.1933,0.0644,0,0
"China, mainland",Land Use change,Emissions (CO2eq) (AR5),kilotonnes,2.3426,1.251,9.3132,4.8655,2.641,3.892,2.2238,2.6409,0.1391,0,1.6681,0.278,3.0578,0,0,2.3632,1.807,0.417,0.139,0,0
"China, mainland",Emissions on agricultural land,Emissions (CH4),kilotonnes,15052.0516,14635.1424,14237.7697,13898.7868,14268.921,14404.4534,14345.6362,13988.015,14180.7795,14106.7152,14016.6422,13820.3023,13725.9502,13702.6935,13726.2411,13869.2497,13913.3814,13665.3135,13570.9568,13187.1895,13422.6013
"China, mainland",Emissions on agricultural land,Emissions (N2O),kilotonnes,1038.4453,1036.9505,1079.173,1075.2303,1109.5109,1127.7584,1141.2521,1141.3555,1165.459,1177.5333,1188.9861,1187.3986,1201.6742,1205.1278,1207.941,1220.9398,1216.0628,1191.5455,1159.5072,1114.8377,1103.5985
"China, mainland",Emissions on agricultural land,Emissions (CO2),kilotonnes,91540.6749,92655.6903,64110.5386,73453.9022,83352.1885,93920.8945,98427.1545,96062.071,93412.7598,96190.0671,100172.3082,104273.9641,108027.3422,116106.8375,121397.0323,123031.8419,126677.796,129849.5751,116304.535,115342.6033,115345.764
"China, mainland",Emissions on agricultural land,Emissions (CO2eq) from CH4 (AR5),kilotonnes,421457.4458,409783.9858,398657.5505,389166.03,399529.7876,403324.6953,401677.8134,391664.4207,397061.8254,394988.0269,392465.9822,386968.4643,384326.6048,383675.4186,384334.7519,388338.9906,389574.6801,382628.7772,379986.789,369241.3057,375832.8373
"China, mainland",Emissions on agricultural land,Emissions (CO2eq) from N2O (AR5),kilotonnes,275188.0008,274791.8783,285980.8425,284936.0366,294020.3961,298855.9831,302431.8136,302459.2181,308846.6401,312046.3306,315081.3042,314660.6166,318443.6708,319358.8586,320104.3706,323549.0516,322256.6519,315759.5552,307269.4073,295431.9923,292453.6149
"China, mainland",Emissions on agricultural land,Emissions (CO2eq) (AR5),kilotonnes,788186.1215,777231.5545,748748.9316,747555.9688,776902.3722,796101.5729,802536.7816,790185.7098,799321.2253,803224.4245,807719.5946,805903.045,810797.6178,819141.1147,825836.1549,834919.8841,838509.128,828237.9076,803560.7314,780015.9013,783632.2161
"China, mainland",Pre- and post- production,Emissions (CH4),kilotonnes,6372.7343,6442.2604,6493.693,6564.9764,6662.9579,6757.4821,6845.4884,6931.3764,7013.7355,7081.5803,7142.4494,7212.2984,7290.9578,7374.6528,7290.0496,7298.0878,7369.2982,7429.7143,7460.9999,7438.2829,7429.079
"China, mainland",Pre- and post- production,Emissions (N2O),kilotonnes,113.5767,115.7911,121.1203,130.7975,135.428,134.2259,140.2142,149.142,151.2068,156.0209,162.1424,165.6892,169.5492,169.9555,179.0265,176.9097,171.2729,165.8238,157.8323,155.4845,157.3987
"China, mainland",Pre- and post- production,Emissions (CO2),kilotonnes,333966.5373,348698.9465,348799.9082,393051.2218,438412.2214,463736.9232,500046.2889,534035.9749,537082.9679,569002.6499,589827.0755,627477.411,636529.5192,703742.9109,732444.6514,753002.1542,778516.9227,799829.3825,813579.4881,821544.0836,829578.8133
"China, mainland",Pre- and post- production,Emissions (CO2eq) from F-gases (AR5),kilotonnes,728.339,824.966,913.281,993.8035,1069.131,1156.407,1232.254,1308.6205,1307.062,1306.023,1304.4645,1303.4255,1301.867,1300.828,1300.828,1300.828,1363.168,1377.714,1392.7795,1407.845,1469.8039
"China, mainland",Pre- and post- production,Emissions (CO2eq) from CH4 (AR5),kilotonnes,178436.5612,180383.2904,181823.4031,183819.3394,186562.8225,189209.4997,191673.6747,194078.5399,196384.5941,198284.248,199988.5835,201944.354,204146.8192,206490.2771,204121.3877,204346.4581,206340.3504,208032.0006,208907.9963,208271.9218,208014.2114
"China, mainland",Pre- and post- production,Emissions (CO2eq) from N2O (AR5),kilotonnes,30097.8279,30684.6516,32096.884,34661.3435,35888.4096,35569.8645,37156.7639,39522.6338,40069.8037,41345.537,42967.7283,43907.6347,44930.5468,45038.2134,47442.0138,46881.0735,45387.3107,43943.2987,41825.563,41203.3858,41710.6515
"China, mainland",Pre- and post- production,Emissions (CO2eq) (AR5),kilotonnes,543229.2654,560591.8545,563633.4763,612525.7081,661932.5845,689672.6944,730108.9815,768945.769,774844.4277,809938.4579,834087.8518,874632.8252,886908.7521,956572.2294,985308.8809,1005530.514,1031607.752,1053182.396,1065705.827,1072427.236,1080773.48
"China, mainland",Agri-food systems,Emissions (CH4),kilotonnes,21424.786,21077.4027,20731.4626,20463.7632,20931.8789,21161.9355,21191.1246,20919.3914,21194.515,21188.2955,21159.0916,21032.6007,21016.908,21077.3463,21016.2907,21167.3375,21282.6797,21095.0278,21031.9566,20625.4724,20851.6803
"China, mainland",Agri-food systems,Emissions (N2O),kilotonnes,1152.022,1152.7416,1200.2933,1206.0278,1244.9389,1261.9843,1281.4663,1290.4976,1316.6658,1333.5542,1351.1284,1353.0877,1371.2235,1375.0833,1386.9675,1397.8495,1387.3357,1357.3693,1317.3395,1270.3222,1260.9972
"China, mainland",Agri-food systems,Emissions (CO2),kilotonnes,425507.2122,441354.6369,412910.4468,466505.124,521764.4099,557657.8176,598473.4434,630098.0459,630495.7278,665192.7169,689999.3837,731751.3751,744556.8614,819849.7483,853841.6837,876033.9961,905194.7187,929678.9577,929884.0231,936886.6868,944924.5773
"China, mainland",Agri-food systems,Emissions (CO2eq) from F-gases (AR5),kilotonnes,728.339,824.966,913.281,993.8035,1069.131,1156.407,1232.254,1308.6205,1307.062,1306.023,1304.4645,1303.4255,1301.867,1300.828,1300.828,1300.828,1363.168,1377.714,1392.7795,1407.845,1469.8039
"China, mainland",Agri-food systems,Emissions (CO2eq) from CH4 (AR5),kilotonnes,599894.007,590167.2762,580480.9536,572985.3694,586092.6101,592534.195,593351.4881,585742.9606,593446.4194,593272.2749,592454.5657,588912.8184,588473.4241,590165.6957,588456.1396,592685.4487,595915.0305,590660.7778,588894.7854,577513.2275,583847.0487
"China, mainland",Agri-food systems,Emissions (CO2eq) from N2O (AR5),kilotonnes,305285.8287,305476.53,318077.7265,319597.3801,329908.8057,334425.8477,339588.5776,341981.8518,348916.4438,353391.8676,358049.0325,358568.2513,363374.2175,364397.072,367546.3844,370430.1251,367643.9626,359702.854,349094.9702,336635.3781,334164.2664
"China, mainland",Agri-food systems,Emissions (CO2eq) (AR5),kilotonnes,1331415.387,1337823.409,1312382.408,1360081.677,1438834.957,1485774.267,1532645.763,1559131.479,1574165.653,1613162.882,1641807.446,1680535.87,1697706.37,1775713.344,1811145.036,1840450.398,1870116.88,1881420.303,1869266.558,1852443.137,1864405.696
"China, mainland",IPCC Agriculture,Emissions (CH4),kilotonnes,14915.5662,14502.0884,14134.4183,13778.8691,14134.0905,14256.9554,14192.3441,13828.1731,14016.527,13937.6719,13842.251,13640.614,13541.2407,13503.3673,13516.2689,13655.1286,13687.6584,13435.0177,13376.8013,12996.2006,13231.6124
"China, mainland",IPCC Agriculture,Direct emissions (N2O),kilotonnes,668.847,669.589,708.7659,705.0737,730.972,743.354,753.5787,758.531,774.8934,783.9582,793.0896,794.4052,804.8752,807.255,809.0706,818.8582,815.7085,799.105,775.9464,750.6133,736.5569
"China, mainland",IPCC Agriculture,Indirect emissions (N2O),kilotonnes,211.0066,211.4727,224.3206,223.8216,231.8852,236.0055,239.0818,240.4804,245.3645,248.5028,251.209,251.7892,254.9685,255.7134,256.2941,258.777,257.7787,252.0003,244.2783,235.421,231.5809
"China, mainland",IPCC Agriculture,Emissions (N2O),kilotonnes,1021.5303,1019.243,1068.5038,1062.9991,1095.3173,1111.0935,1123.5819,1125.4485,1151.0188,1162.6302,1173.1613,1170.7367,1184.1961,1186.2743,1188.4018,1201.3545,1196.3887,1171.2207,1140.3198,1095.7209,1084.4818
"China, mainland",IPCC Agriculture,Emissions (CO2eq) from CH4 (AR5),kilotonnes,417635.8526,406058.4759,395763.7131,385808.336,395754.5334,399194.7513,397385.6348,387188.8476,392462.756,390254.8144,387583.0289,381937.1922,379154.7387,378094.2848,378455.5292,382343.6008,383254.435,376180.4969,374550.4357,363893.6157,370485.1473
"China, mainland",IPCC Agriculture,Emissions (CO2eq) from N2O (AR5),kilotonnes,270705.5374,270099.3843,283153.505,281694.7583,290259.0758,294439.7828,297749.2111,298243.8572,305019.9727,308096.9914,310887.7463,310245.2376,313811.9776,314362.6952,314926.4822,318358.9403,317042.9981,310373.4866,302184.7398,290366.0463,287387.6688
"China, mainland",IPCC Agriculture,Emissions (CO2eq) (AR5),kilotonnes,688341.39,676157.8602,678917.2181,667503.0943,686013.6092,693634.5341,695134.8459,685432.7048,697482.7287,698351.8059,698470.7753,692182.4298,692966.7163,692456.9801,693382.0113,700702.5411,700297.4332,686553.9835,676735.1755,654259.662,657872.8162
"China, mainland",Agricultural Soils,Direct emissions (N2O),kilotonnes,668.847,669.589,708.7659,705.0737,730.972,743.354,753.5787,758.531,774.8934,783.9582,793.0896,794.4052,804.8752,807.255,809.0706,818.8582,815.7085,799.105,775.9464,750.6133,736.5569
"China, mainland",Agricultural Soils,Indirect emissions (N2O),kilotonnes,211.0066,211.4727,224.3206,223.8216,231.8852,236.0055,239.0818,240.4804,245.3645,248.5028,251.209,251.7892,254.9685,255.7134,256.2941,258.777,257.7787,252.0003,244.2783,235.421,231.5809
"China, mainland",Agricultural Soils,Emissions (N2O),kilotonnes,882.5377,883.7579,935.7805,931.5921,965.5663,982.072,995.3706,1001.725,1022.9739,1035.1844,1047.0219,1048.9227,1062.5735,1065.6946,1068.0912,1080.3617,1076.2173,1053.8342,1022.9535,988.8027,970.9084
"China, mainland",Agricultural Soils,Emissions (CO2eq) from N2O (AR5),kilotonnes,233872.4835,234195.8356,247981.8267,246871.9162,255875.0798,260249.0802,263773.2186,265457.1265,271088.0721,274323.872,277460.8143,277964.5103,281581.97,282409.0746,283044.1636,286295.8383,285197.5759,279266.0636,271082.6809,262032.7271,257290.7251
"China, mainland",Agricultural Soils,Emissions (CO2eq) (AR5),kilotonnes,233872.4835,234195.8356,247981.8267,246871.9162,255875.0798,260249.0802,263773.2186,265457.1265,271088.0721,274323.872,277460.8143,277964.5103,281581.97,282409.0746,283044.1636,286295.8383,285197.5759,279266.0636,271082.6809,262032.7271,257290.7251
"China, mainland",LULUCF,Emissions (CH4),kilotonnes,39.5229,13.7746,7.9956,28.4014,21.4872,10.8127,8.4824,11.9382,33.7599,14.5345,14.8027,8.7097,7.1048,7.5231,11.862,10.6369,11.1282,5.9036,12.8163,12.5329,11.5683
"China, mainland",LULUCF,Emissions (CH4),kilotonnes,,,,,,1761.9048,,,,,1740,,14,,1720,,,,,,
"China, mainland",LULUCF,Emissions (N2O),kilotonnes,2.1424,1.2577,0.73,2.5932,1.9619,0.9872,0.7745,1.09,3.0824,1.3271,1.3515,0.7952,0.6487,0.6869,1.0831,0.9712,1.0161,0.539,1.1702,1.1443,1.0562
"China, mainland",LULUCF,Emissions (N2O),kilotonnes,,,,,,,,,,,,,0.12,,,,,,,,
"China, mainland",LULUCF,Emissions (CO2),kilotonnes,-347190.4326,-330072.2096,-330075.4455,-330071.3679,-330053.9143,-330049.162,-330052.5193,-330047.6035,-330044.2272,-330033.7644,-330033.7644,-707973.66,-707971.5964,-707976.6305,-707976.3569,-707976.3569,-647906.9929,-647908.7346,-647908.8046,-647851.5606,-647848.3999
"China, mainland",LULUCF,Emissions (CO2),kilotonnes,,,,,,-803000,,,,,-1029720,,-575848,,-1150910,,,,,,
"China, mainland",LULUCF,Emissions (CO2eq) from CH4 (AR5),kilotonnes,1106.6413,385.6901,223.8768,795.2396,601.6427,302.7542,237.5078,334.2702,945.2779,406.9671,414.475,243.8722,198.9334,210.6478,332.136,297.8344,311.5898,165.2995,358.855,350.9207,323.9129
"China, mainland",LULUCF,Emissions (CO2eq) from N2O (AR5),kilotonnes,567.7384,333.2865,193.4588,687.1908,519.8977,261.6191,205.2377,288.8531,816.8434,351.6727,358.1605,210.7374,171.9044,182.0272,287.0089,257.3677,269.2542,142.8403,310.0975,303.2412,279.903
"China, mainland",LULUCF,Emissions (CO2eq) (AR5),kilotonnes,-345516.053,-329353.2331,-329658.1099,-328588.9375,-328932.3739,-329484.7887,-329609.7738,-329424.4802,-328282.1059,-329275.1246,-329261.1289,-707519.0504,-707600.7587,-707583.9554,-707357.212,-707421.1548,-647326.1489,-647600.5948,-647239.8521,-647197.3987,-647244.5841
"China, mainland",LULUCF,Emissions (CO2eq) (AR5),kilotonnes,,,,,,-803000,,,,,-1029720,,-575848,,-1150910,,,,,,
"China, mainland",AFOLU,Emissions (CH4),kilotonnes,14955.0891,14515.8631,14142.4139,13807.2706,14155.5777,14267.7681,14200.8265,13840.1114,14050.2869,13952.2065,13857.0537,13649.3237,13548.3454,13510.8905,13528.1309,13665.7655,13698.7866,13440.9213,13389.6175,13008.7334,13243.1807
"China, mainland",AFOLU,Emissions (N2O),kilotonnes,1023.6727,1020.5006,1069.2338,1065.5923,1097.2791,1112.0808,1124.3564,1126.5385,1154.1012,1163.9572,1174.5129,1171.532,1184.8448,1186.9612,1189.4849,1202.3257,1197.4047,1171.7597,1141.49,1096.8652,1085.538
"China, mainland",AFOLU,Emissions (CO2),kilotonnes,-347190.4326,-330072.2096,-330075.4455,-330071.3679,-330053.9143,-330049.162,-330052.5193,-330047.6035,-330044.2272,-330033.7644,-330033.7644,-707973.66,-707971.5964,-707976.6305,-707976.3569,-707976.3569,-647906.9929,-647908.7346,-647908.8046,-647851.5606,-647848.3999
"China, mainland",AFOLU,Emissions (CO2eq) from CH4 (AR5),kilotonnes,418742.4938,406444.1659,395987.5899,386603.5756,396356.1761,399497.5055,397623.1426,387523.1179,393408.0339,390661.7815,387997.5039,382181.0645,379353.6721,378304.9327,378787.6652,382641.4352,383566.0249,376345.7964,374909.2907,364244.5364,370809.0602
"China, mainland",AFOLU,Emissions (CO2eq) from N2O (AR5),kilotonnes,271273.2758,270432.6708,283346.9638,282381.9491,290778.9735,294701.402,297954.4488,298532.7103,305836.8161,308448.6641,311245.9068,310455.975,313983.8819,314544.7224,315213.491,318616.3081,317312.2524,310516.3269,302494.8373,290669.2875,287667.5718
"China, mainland",AFOLU,Emissions (CO2eq) (AR5),kilotonnes,342825.337,346804.6272,349259.1082,338914.1568,357081.2353,364149.7454,365525.0721,356008.2246,369200.6229,369076.6813,369209.6463,-15336.6206,-14634.0424,-15126.9754,-13975.2007,-6718.6137,52971.2843,38953.3887,29495.3234,7062.2633,10628.2321
"China, mainland",All sectors with LULUCF,Emissions (CH4),kilotonnes,39327.9891,39740.6631,40200.2139,42140.8706,44988.6777,47311.4681,49359.6265,50216.4114,50729.4869,51541.1065,52966.0537,56078.3237,56194.3454,56975.8905,57524.1309,57767.7655,56206.7866,56556.9213,56820.6175,59860.7334,61110.1807
"China, mainland",All sectors with LULUCF,Emissions (N2O),kilotonnes,1340.1727,1337.2006,1400.6338,1422.6923,1487.2791,1527.3808,1568.3564,1594.9385,1609.3012,1533.8572,1547.9029,1566.402,1589.9448,1606.4612,1609.8849,1623.2257,1621.0047,1603.4597,1586.69,1568.9652,1567.938
"China, mainland",All sectors with LULUCF,Emissions (CO2),kilotonnes,3217711.567,3306850.79,3675869.555,4391895.632,5089936.086,5767975.838,6432279.481,6950592.397,7471905.773,7889216.236,8658526.236,9212896.34,9493198.404,9703283.37,9783363.643,9693443.643,9623593.007,9843671.265,10113751.2,10394398.44,10564611.6
"China, mainland",All sectors with LULUCF,Emissions (CO2eq) from F-gases (AR5),kilotonnes,59762.9068,75116.6293,102034.2312,120497.5683,162283.0153,199209.6895,226418.8178,203096.7078,212814.2536,210870.7445,212814.2536,230305.8361,247797.4186,301243.9207,353718.6682,330396.5582,346916.3861,363436.214,380927.7965,397447.6244,414939.2069
"China, mainland",All sectors with LULUCF,Emissions (CO2eq) from CH4 (AR5),kilotonnes,1101183.694,1112738.566,1125605.99,1179944.376,1259682.976,1324721.106,1382069.543,1406059.518,1420425.634,1443150.982,1483049.504,1570193.065,1573441.672,1595324.933,1610675.665,1617497.435,1573790.025,1583593.796,1590977.291,1676100.536,1711085.06
"China, mainland",All sectors with LULUCF,Emissions (CO2eq) from N2O (AR5),kilotonnes,355145.7758,354358.1708,371167.9638,377013.4491,394128.9735,404755.902,415614.4488,422658.7103,426464.8161,406472.1641,410194.2568,415096.525,421335.3819,425712.2224,426619.491,430154.8081,429566.2524,424916.8269,420472.8373,415775.7875,415503.5718
"China, mainland",All sectors with LULUCF,Emissions (CO2eq) (AR5),kilotonnes,4733803.944,4849064.156,5274677.739,6069351.025,6906031.051,7696662.535,8456382.29,8982407.332,9531610.477,9949710.126,10764584.25,11428491.77,11735772.88,12025564.45,12174377.47,12071492.44,11973865.67,12215618.1,12506129.12,12883722.39,13106139.44
"China, mainland",All sectors without LULUCF,Emissions (CH4),kilotonnes,39288.4662,39726.8884,40192.2183,42112.4691,44967.1905,47300.6554,49351.1441,50204.4731,50695.727,51526.5719,52951.251,56069.614,56187.2407,56968.3673,57512.2689,57757.1286,56195.6584,56551.0177,56807.8013,59848.2006,61098.6124
"China, mainland",All sectors without LULUCF,Emissions (N2O),kilotonnes,1338.0303,1335.943,1399.9038,1420.0991,1485.3173,1526.3935,1567.5819,1593.8485,1606.2188,1532.5302,1546.5513,1565.6067,1589.2961,1605.7743,1608.8018,1622.2545,1619.9887,1602.9207,1585.5198,1567.8209,1566.8818
"China, mainland",All sectors without LULUCF,Emissions (CO2),kilotonnes,3564902,3636923,4005945,4721967,5419990,6098025,6762332,7280640,7801950,8219250,8988560,9920870,10201170,10411260,10491340,10401420,10271500,10491580,10761660,11042250,11212460
"China, mainland",All sectors without LULUCF,Emissions (CO2eq) from F-gases (AR5),kilotonnes,59762.9068,75116.6293,102034.2312,120497.5683,162283.0153,199209.6895,226418.8178,203096.7078,212814.2536,210870.7445,212814.2536,230305.8361,247797.4186,301243.9207,353718.6682,330396.5582,346916.3861,363436.214,380927.7965,397447.6244,414939.2069
"China, mainland",All sectors without LULUCF,Emissions (CO2eq) from CH4 (AR5),kilotonnes,1100077.053,1112352.876,1125382.113,1179149.136,1259081.333,1324418.351,1381832.035,1405725.248,1419480.356,1442744.014,1482635.029,1569949.192,1573242.739,1595114.285,1610343.529,1617199.601,1573478.435,1583428.497,1590618.436,1675749.616,1710761.147
"China, mainland",All sectors without LULUCF,Emissions (CO2eq) from N2O (AR5),kilotonnes,354578.0374,354024.8843,370974.505,376326.2583,393609.0758,404494.2828,415409.2111,422369.8572,425647.9727,406120.4914,409836.0963,414885.7876,421163.4776,425530.1952,426332.4822,429897.4403,429296.9981,424773.9866,420162.7398,415472.5463,415223.6688
"China, mainland",All sectors without LULUCF,Emissions (CO2eq) (AR5),kilotonnes,5079319.997,5178417.39,5604335.849,6397939.963,7234963.425,8026147.324,8785992.064,9311831.813,9859892.582,10278985.25,11093845.38,12136010.82,12443373.63,12733148.4,12881734.68,12778913.6,12621191.82,12863218.7,13153368.97,13530919.79,13753384.02
"China, Taiwan Province of",Crop Residues,Direct emissions (N2O),kilotonnes,0.3635,0.3362,0.3408,0.3091,0.2684,0.2802,0.2887,0.2626,0.2717,0.2886,0.2695,0.2998,0.3039,0.2965,0.319,0.2958,0.3025,0.326,0.3479,0.3285,0.3243
"China, Taiwan Province of",Crop Residues,Indirect emissions (N2O),kilotonnes,0.0818,0.0757,0.0767,0.0696,0.0604,0.0631,0.0649,0.0591,0.0611,0.0649,0.0606,0.0675,0.0684,0.0667,0.0718,0.0666,0.0681,0.0733,0.0783,0.0739,0.073
"China, Taiwan Province of",Crop Residues,Emissions (N2O),kilotonnes,0.4453,0.4119,0.4174,0.3787,0.3287,0.3433,0.3536,0.3216,0.3328,0.3535,0.3301,0.3672,0.3722,0.3632,0.3908,0.3624,0.3705,0.3993,0.4261,0.4024,0.3972
"China, Taiwan Province of",Crop Residues,Emissions (CO2eq) from N2O (AR5),kilotonnes,118.0105,109.1543,110.6189,100.3466,87.1163,90.9758,93.7034,85.2371,88.1908,93.6807,87.4811,97.3167,98.6414,96.2445,103.5542,96.0281,98.1885,105.8156,112.9262,106.6333,105.2633
"China, Taiwan Province of",Crop Residues,Emissions (CO2eq) (AR5),kilotonnes,118.0105,109.1543,110.6189,100.3466,87.1163,90.9758,93.7034,85.2371,88.1908,93.6807,87.4811,97.3167,98.6414,96.2445,103.5542,96.0281,98.1885,105.8156,112.9262,106.6333,105.2633
"China, Taiwan Province of",Rice Cultivation,Emissions (CH4),kilotonnes,61.8072,60.3547,55.8376,49.5266,43.1367,48.958,47.9006,47.3411,45.9171,46.3354,44.3829,46.2744,47.4589,49.17,49.3313,45.8387,49.8383,49.9912,49.4141,49.152,47.6447
"China, Taiwan Province of",Rice Cultivation,Emissions (CO2eq) from CH4 (AR5),kilotonnes,1730.6016,1689.9304,1563.4528,1386.7439,1207.8284,1370.824,1341.2162,1325.5511,1285.68,1297.3906,1242.7208,1295.6835,1328.8482,1376.7608,1381.2759,1283.4837,1395.4734,1399.754,1383.5946,1376.2563,1334.0513
"China, Taiwan Province of",Rice Cultivation,Emissions (CO2eq) (AR5),kilotonnes,1730.6016,1689.9304,1563.4528,1386.7439,1207.8284,1370.824,1341.2162,1325.5511,1285.68,1297.3906,1242.7208,1295.6835,1328.8482,1376.7608,1381.2759,1283.4837,1395.4734,1399.754,1383.5946,1376.2563,1334.0513
"China, Taiwan Province of",Burning - Crop residues,Emissions (CH4),kilotonnes,0.6531,0.6273,0.5768,0.5108,0.4362,0.4766,0.4633,0.4574,0.4445,0.4519,0.4297,0.4448,0.4496,0.475,0.4917,0.4689,0.508,0.507,0.5001,0.4993,0.4915
"China, Taiwan Province of",Burning - Crop residues,Emissions (N2O),kilotonnes,0.0169,0.0163,0.015,0.0132,0.0113,0.0124,0.012,0.0119,0.0115,0.0117,0.0111,0.0115,0.0117,0.0123,0.0127,0.0122,0.0132,0.0131,0.013,0.0129,0.0127
"China, Taiwan Province of",Burning - Crop residues,Emissions (CO2eq) from CH4 (AR5),kilotonnes,18.2862,17.5641,16.1512,14.3019,12.2125,13.3449,12.972,12.8067,12.4455,12.6522,12.0308,12.4556,12.5891,13.3,13.7688,13.1295,14.2246,14.195,14.0028,13.9803,13.7631
"China, Taiwan Province of",Burning - Crop residues,Emissions (CO2eq) from N2O (AR5),kilotonnes,4.4869,4.3097,3.963,3.5093,2.9966,3.2744,3.1829,3.1424,3.0538,3.1045,2.952,3.0562,3.089,3.2634,3.3784,3.2216,3.4903,3.483,3.4359,3.4304,3.377
"China, Taiwan Province of",Burning - Crop residues,Emissions (CO2eq) (AR5),kilotonnes,22.7731,21.8738,20.1143,17.8111,15.2091,16.6193,16.1549,15.9491,15.4993,15.7566,14.9828,15.5119,15.6781,16.5635,17.1472,16.3511,17.7149,17.678,17.4387,17.4107,17.1401
"China, Taiwan Province of",Enteric Fermentation,Emissions (CH4),kilotonnes,17.9823,17.9135,16.9526,16.4121,16.3289,16.097,16.1253,15.7885,15.3806,14.9188,14.6093,14.9985,15.2468,14.9949,14.8453,14.4817,14.6313,14.3203,14.3765,14.6058,14.7407
"China, Taiwan Province of",Enteric Fermentation,Emissions (CO2eq) from CH4 (AR5),kilotonnes,503.5037,501.5787,474.6725,459.538,457.2101,450.7151,451.5082,442.0779,430.656,417.7278,409.0603,419.9578,426.9116,419.8579,415.6676,405.4871,409.6755,400.9682,402.542,408.963,412.7404
"China, Taiwan Province of",Enteric Fermentation,Emissions (CO2eq) (AR5),kilotonnes,503.5037,501.5787,474.6725,459.538,457.2101,450.7151,451.5082,442.0779,430.656,417.7278,409.0603,419.9578,426.9116,419.8579,415.6676,405.4871,409.6755,400.9682,402.542,408.963,412.7404
"China, Taiwan Province of",Manure Management,Emissions (CH4),kilotonnes,40.4314,41.5894,39.879,38.0395,37.7479,37.7495,39.4477,39.004,36.6405,35.5563,34.0919,34.3876,34.7812,33.3975,32.4139,31.1706,30.8819,30.6205,30.6293,31.1199,31.2003
"China, Taiwan Province of",Manure Management,Emissions (N2O),kilotonnes,1.0299,1.0418,1.0021,0.9683,0.959,0.9523,0.9852,0.9806,0.9277,0.8958,0.8681,0.8748,0.8812,0.847,0.8273,0.8082,0.7986,0.7952,0.7998,0.8153,0.8216
"China, Taiwan Province of",Manure Management,Emissions (CO2eq) from CH4 (AR5),kilotonnes,1132.0805,1164.5024,1116.6128,1065.1069,1056.9403,1056.9871,1104.537,1092.1132,1025.9341,995.5777,954.5728,962.8536,973.8749,935.1297,907.5879,872.7773,864.6919,857.3734,857.6198,871.3573,873.6088
"China, Taiwan Province of",Manure Management,Emissions (CO2eq) from N2O (AR5),kilotonnes,272.9136,276.0689,265.5547,256.5951,254.1375,252.3674,261.0732,259.8529,245.8511,237.3784,230.0576,231.8096,233.5275,224.4586,219.231,214.1812,211.6296,210.7271,211.9429,216.0666,217.7246
"China, Taiwan Province of",Manure Management,Emissions (CO2eq) (AR5),kilotonnes,1404.9941,1440.5713,1382.1675,1321.702,1311.0777,1309.3546,1365.6102,1351.9661,1271.7852,1232.9562,1184.6304,1194.6631,1207.4024,1159.5883,1126.8189,1086.9586,1076.3215,1068.1005,1069.5627,1087.4239,1091.3334
"China, Taiwan Province of",Manure left on Pasture,Direct emissions (N2O),kilotonnes,1.0033,0.9637,0.9415,0.9462,0.9186,0.8911,0.8994,0.9156,0.8736,0.8282,0.8307,0.827,0.8157,0.7782,0.7727,0.7922,0.7714,0.7779,0.7946,0.8137,0.8304
"China, Taiwan Province of",Manure left on Pasture,Indirect emissions (N2O),kilotonnes,0.2283,0.2184,0.2121,0.2127,0.2072,0.202,0.204,0.2065,0.1967,0.1859,0.1865,0.1856,0.1825,0.1734,0.172,0.176,0.1715,0.1724,0.1759,0.1794,0.1828
"China, Taiwan Province of",Manure left on Pasture,Emissions (N2O),kilotonnes,1.2316,1.1821,1.1536,1.1589,1.1257,1.0931,1.1034,1.1221,1.0702,1.0142,1.0172,1.0126,0.9983,0.9517,0.9447,0.9682,0.9428,0.9503,0.9704,0.9932,1.0132
"China, Taiwan Province of",Manure left on Pasture,Emissions (CO2eq) from N2O (AR5),kilotonnes,326.3741,313.2578,305.7076,307.1059,298.3178,289.6607,292.3976,297.36,283.6122,268.7537,269.5475,268.3264,264.5423,252.1885,250.3402,256.5612,249.8541,251.8331,257.1686,263.1918,268.4984
"China, Taiwan Province of",Manure left on Pasture,Emissions (CO2eq) (AR5),kilotonnes,326.3741,313.2578,305.7076,307.1059,298.3178,289.6607,292.3976,297.36,283.6122,268.7537,269.5475,268.3264,264.5423,252.1885,250.3402,256.5612,249.8541,251.8331,257.1686,263.1918,268.4984
"China, Taiwan Province of",Manure applied to Soils,Direct emissions (N2O),kilotonnes,0.9428,0.9363,0.9113,0.8961,0.8755,0.8582,0.8821,0.889,0.8422,0.8078,0.7941,0.7945,0.7935,0.7603,0.7476,0.7464,0.7313,0.7336,0.7435,0.7604,0.7709
"China, Taiwan Province of",Manure applied to Soils,Indirect emissions (N2O),kilotonnes,0.4007,0.3979,0.3873,0.3809,0.3721,0.3648,0.3749,0.3778,0.3579,0.3433,0.3375,0.3376,0.3372,0.3231,0.3177,0.3172,0.3108,0.3118,0.316,0.3232,0.3276
"China, Taiwan Province of",Manure applied to Soils,Emissions (N2O),kilotonnes,1.3434,1.3342,1.2986,1.277,1.2476,1.223,1.257,1.2668,1.2002,1.1511,1.1316,1.1321,1.1307,1.0834,1.0654,1.0636,1.0421,1.0453,1.0595,1.0836,1.0985
"China, Taiwan Province of",Manure applied to Soils,Emissions (CO2eq) from N2O (AR5),kilotonnes,356.011,353.5757,344.1391,338.4051,330.6116,324.0923,333.0957,335.6962,318.0488,305.0398,299.862,300.0094,299.6319,287.0931,282.3185,281.8584,276.1697,277.0162,280.7657,287.1587,291.0976
"China, Taiwan Province of",Manure applied to Soils,Emissions (CO2eq) (AR5),kilotonnes,356.011,353.5757,344.1391,338.4051,330.6116,324.0923,333.0957,335.6962,318.0488,305.0398,299.862,300.0094,299.6319,287.0931,282.3185,281.8584,276.1697,277.0162,280.7657,287.1587,291.0976
"China, Taiwan Province of",Synthetic Fertilizers,Direct emissions (N2O),kilotonnes,,,3.3916,2.928,3.142,2.932,2.938,2.8941,2.6598,2.6528,2.6879,2.5859,2.6213,2.5328,2.4797,2.4024,2.4316,2.2968,2.2583,2.1237,2.2417
"China, Taiwan Province of",Synthetic Fertilizers,Indirect emissions (N2O),kilotonnes,,,1.1023,0.9516,1.0212,0.9529,0.9549,0.9406,0.8644,0.8621,0.8736,0.8404,0.8519,0.8232,0.8059,0.7808,0.7903,0.7465,0.7339,0.6902,0.7286
"China, Taiwan Province of",Synthetic Fertilizers,Emissions (N2O),kilotonnes,,,4.4939,3.8796,4.1632,3.8849,3.8929,3.8347,3.5242,3.5149,3.5614,3.4264,3.4732,3.356,3.2856,3.1832,3.2218,3.0433,2.9922,2.8139,2.9703
"China, Taiwan Province of",Synthetic Fertilizers,Emissions (CO2eq) from N2O (AR5),kilotonnes,,,1190.875,1028.0815,1103.2488,1029.4995,1031.6183,1016.2019,933.9223,931.4504,943.778,907.9912,920.3983,889.3402,870.6725,843.5394,853.7878,806.4643,792.9413,745.6772,787.1232
"China, Taiwan Province of",Synthetic Fertilizers,Emissions (CO2eq) (AR5),kilotonnes,,,1190.875,1028.0815,1103.2488,1029.4995,1031.6183,1016.2019,933.9223,931.4504,943.778,907.9912,920.3983,889.3402,870.6725,843.5394,853.7878,806.4643,792.9413,745.6772,787.1232
"China, Taiwan Province of",Drained organic soils,Emissions (CO2eq) (AR5),kilotonnes,0,0,0,0,0,0,0,0,0,0,0,0,0,0,0,0,0,0,0,0,0
"China, Taiwan Province of",Drained organic soils (CO2),Emissions (CO2),kilotonnes,0,0,0,0,0,0,0,0,0,0,0,0,0,0,0,0,0,0,0,0,0
"China, Taiwan Province of",Drained organic soils (CO2),Emissions (CO2eq) (AR5),kilotonnes,0,0,0,0,0,0,0,0,0,0,0,0,0,0,0,0,0,0,0,0,0
"China, Taiwan Province of",Drained organic soils (N2O),Emissions (N2O),kilotonnes,0,0,0,0,0,0,0,0,0,0,0,0,0,0,0,0,0,0,0,0,0
"China, Taiwan Province of",Drained organic soils (N2O),Emissions (CO2eq) from N2O (AR5),kilotonnes,0,0,0,0,0,0,0,0,0,0,0,0,0,0,0,0,0,0,0,0,0
"China, Taiwan Province of",Drained organic soils (N2O),Emissions (CO2eq) (AR5),kilotonnes,0,0,0,0,0,0,0,0,0,0,0,0,0,0,0,0,0,0,0,0,0
"China, Taiwan Province of",Savanna fires,Emissions (CH4),kilotonnes,0.0005,0.0007,0,0.0022,0,0.0047,0,0,0.0033,0.0021,0.0039,0,0,0.0027,0,0.0003,0,0,0,0.0003,0
"China, Taiwan Province of",Savanna fires,Emissions (N2O),kilotonnes,0,0.0001,0,0.0002,0,0.0004,0,0,0.0003,0.0002,0.0004,0,0,0.0002,0,0,0,0,0,0,0
"China, Taiwan Province of",Savanna fires,Emissions (CO2eq) from CH4 (AR5),kilotonnes,0.0141,0.0193,0,0.0628,0,0.1313,0,0,0.0913,0.0594,0.1104,0,0,0.0745,0,0.0097,0,0,0,0.0072,0
"China, Taiwan Province of",Savanna fires,Emissions (CO2eq) from N2O (AR5),kilotonnes,0.0119,0.0167,0,0.0542,0,0.1135,0,0,0.0789,0.0514,0.0954,0,0,0.0644,0,0.0083,0,0,0,0.0062,0
"China, Taiwan Province of",Savanna fires,Emissions (CO2eq) (AR5),kilotonnes,0.026,0.036,0,0.117,0,0.2448,0,0,0.1702,0.1108,0.2057,0,0,0.1389,0,0.018,0,0,0,0.0134,0
"China, Taiwan Province of",Fires in organic soils,Emissions (CH4),kilotonnes,0,0,0,0,0,0,0,0,0,0,0,0,0,0,0,0,0,0,0,0,0
"China, Taiwan Province of",Fires in organic soils,Emissions (CO2),kilotonnes,0,0,0,0,0,0,0,0,0,0,0,0,0,0,0,0,0,0,0,0,0
"China, Taiwan Province of",Fires in organic soils,Emissions (CO2eq) from CH4 (AR5),kilotonnes,0,0,0,0,0,0,0,0,0,0,0,0,0,0,0,0,0,0,0,0,0
"China, Taiwan Province of",Fires in organic soils,Emissions (CO2eq) (AR5),kilotonnes,0,0,0,0,0,0,0,0,0,0,0,0,0,0,0,0,0,0,0,0,0
"China, Taiwan Province of",Forest fires,Emissions (CH4),kilotonnes,0.0039,0,0,0.0074,0.0894,0,0,0,0,0.0025,0.0025,0,0,0.0248,0,0.0074,0,0,0,0,0
"China, Taiwan Province of",Forest fires,Emissions (N2O),kilotonnes,0.0002,0,0,0.0007,0.0082,0,0,0,0,0.0002,0.0002,0,0,0.0023,0,0.0007,0,0,0,0,0
"China, Taiwan Province of",Forest fires,Emissions (CO2eq) from CH4 (AR5),kilotonnes,0.1101,0,0,0.2086,2.5028,0,0,0,0,0.0695,0.0695,0,0,0.6952,0,0.2086,0,0,0,0,0
"China, Taiwan Province of",Forest fires,Emissions (CO2eq) from N2O (AR5),kilotonnes,0.0578,0,0,0.1803,2.1628,0,0,0,0,0.0601,0.0601,0,0,0.6008,0,0.1802,0,0,0,0,0
"China, Taiwan Province of",Forest fires,Emissions (CO2eq) (AR5),kilotonnes,0.1679,0,0,0.3888,4.6656,0,0,0,0,0.1296,0.1296,0,0,1.296,0,0.3888,0,0,0,0,0
"China, Taiwan Province of",Fires in humid tropical forests,Emissions (CH4),kilotonnes,0,0,0,0,0,0,0,0,0,0,0,0,0,0,0,0,0,0,0,0,0
"China, Taiwan Province of",Fires in humid tropical forests,Emissions (N2O),kilotonnes,0,0,0,0,0,0,0,0,0,0,0,0,0,0,0,0,0,0,0,0,0
"China, Taiwan Province of",Fires in humid tropical forests,Emissions (CO2eq) from CH4 (AR5),kilotonnes,0,0,0,0,0,0,0,0,0,0,0,0,0,0,0,0,0,0,0,0,0
"China, Taiwan Province of",Fires in humid tropical forests,Emissions (CO2eq) from N2O (AR5),kilotonnes,0,0,0,0,0,0,0,0,0,0,0,0,0,0,0,0,0,0,0,0,0
"China, Taiwan Province of",Fires in humid tropical forests,Emissions (CO2eq) (AR5),kilotonnes,0,0,0,0,0,0,0,0,0,0,0,0,0,0,0,0,0,0,0,0,0
"China, Taiwan Province of",Fertilizers Manufacturing,Emissions (N2O),kilotonnes,0.024,0.0257,0.0277,0.0252,0.0217,0.0188,0.0166,0.0132,0.0105,0.0081,0.005,0.0023,0,0,0,0,0,0,0,0,0
"China, Taiwan Province of",Fertilizers Manufacturing,Emissions (CO2),kilotonnes,254.2535,255.4252,268.3136,379.5709,471.6607,572.7227,699.2605,570.3066,551.2988,535.5035,1445.5807,1734.2672,1589.4353,1648.8334,1651.55,1425.7574,1518.2735,1769.2745,1710.7701,1618.1146,1539.0338
"China, Taiwan Province of",Fertilizers Manufacturing,Emissions (CO2eq) from N2O (AR5),kilotonnes,6.369,6.8008,7.3405,6.678,5.7505,4.982,4.399,3.498,2.7825,2.1465,1.325,0.6095,0,0,0,0,0,0,0,0,0
"China, Taiwan Province of",Fertilizers Manufacturing,Emissions (CO2eq) (AR5),kilotonnes,260.6225,262.2259,275.6541,386.2489,477.4112,577.7047,703.6595,573.8046,554.0813,537.65,1446.9057,1734.8767,1589.4353,1648.8334,1651.55,1425.7574,1518.2735,1769.2745,1710.7701,1618.1146,1539.0338
"China, Taiwan Province of",Food Processing,Emissions (CH4),kilotonnes,3.8961,3.8745,4.0269,4.1248,4.1816,4.4068,4.3467,4.3704,4.2598,4.271,4.4859,4.5465,4.6555,4.7589,4.8536,4.9752,5.1408,5.1803,5.0396,5.0396,5.1691
"China, Taiwan Province of",Food Processing,Emissions (N2O),kilotonnes,0.0312,0.0293,0.0309,0.0316,0.0322,0.0321,0.0324,0.0319,0.0294,0.0296,0.0308,0.031,0.0346,0.0365,0.0376,0.0378,0.0381,0.0376,0.036,0.036,0.0359
"China, Taiwan Province of",Food Processing,Emissions (CO2),kilotonnes,3357.8828,3155.8784,3218.2405,3089.1005,3134.8192,3147.5731,3021.9081,3181.4533,2932.2991,2946.8408,3207.4482,3303.8553,3621.3384,3426.0053,3509.8703,3542.5989,3609.62,3584.3493,3469.0931,3469.0931,3299.551
"China, Taiwan Province of",Food Processing,Emissions (CO2eq) from CH4 (AR5),kilotonnes,109.0908,108.486,112.7532,115.4944,117.0848,123.3904,121.7076,122.3712,119.2744,119.588,125.6052,127.302,130.354,133.2492,135.9008,139.3056,143.9424,145.0484,141.1088,141.1088,144.7347
"China, Taiwan Province of",Food Processing,Emissions (CO2eq) from N2O (AR5),kilotonnes,8.268,7.7645,8.1885,8.374,8.533,8.5065,8.586,8.4535,7.791,7.844,8.162,8.215,9.169,9.6725,9.964,10.017,10.0965,9.964,9.54,9.54,9.5169
"China, Taiwan Province of",Food Processing,Emissions (CO2eq) (AR5),kilotonnes,3475.2416,3272.1289,3339.1822,3212.9689,3260.437,3279.47,3152.2017,3312.278,3059.3645,3074.2728,3341.2154,3439.3723,3760.8614,3568.927,3655.7351,3691.9215,3763.6589,3739.3617,3619.7419,3619.7419,3453.8026
"China, Taiwan Province of",Food Packaging,Emissions (CH4),kilotonnes,2.0659,2.1063,2.2694,2.3744,2.5111,2.8255,2.956,3.1625,2.9555,2.9055,3.2141,3.2915,3.2283,3.3412,3.3099,3.2428,3.1949,3.2145,3.5593,3.7484,3.8447
"China, Taiwan Province of",Food Packaging,Emissions (N2O),kilotonnes,0.0478,0.0478,0.0545,0.0547,0.0569,0.0662,0.0678,0.067,0.0599,0.0583,0.0621,0.0693,0.0669,0.0688,0.0642,0.0631,0.0616,0.0586,0.0562,0.0682,0.068
"China, Taiwan Province of",Food Packaging,Emissions (CO2),kilotonnes,3863.8397,3808.4139,4262.9116,4180.5944,4366.2904,4871.8435,4919.4539,5023.3282,4503.3037,4307.9242,4706.8907,5168.9782,5074.8789,5054.4897,4758.0634,4639.0864,4568.94,4386.1486,4272.8861,4998.6909,4754.394
"China, Taiwan Province of",Food Packaging,Emissions (CO2eq) from CH4 (AR5),kilotonnes,57.8452,58.9764,63.5432,66.4832,70.3108,79.114,82.768,88.55,82.754,81.354,89.9948,92.162,90.3924,93.5536,92.6772,90.7984,89.4572,90.006,99.6604,104.9552,107.6521
"China, Taiwan Province of",Food Packaging,Emissions (CO2eq) from N2O (AR5),kilotonnes,12.667,12.667,14.4425,14.4955,15.0785,17.543,17.967,17.755,15.8735,15.4495,16.4565,18.3645,17.7285,18.232,17.013,16.7215,16.324,15.529,14.893,18.073,18.0292
"China, Taiwan Province of",Food Packaging,Emissions (CO2eq) (AR5),kilotonnes,3934.3519,3880.0573,4340.8973,4261.5731,4451.6797,4968.5005,5020.1889,5129.6332,4601.9312,4404.7277,4813.342,5279.5047,5182.9998,5166.2753,4867.7536,4746.6063,4674.7212,4491.6836,4387.4395,5121.7191,4880.0753
"China, Taiwan Province of",Food Retail,Emissions (CH4),kilotonnes,2.0905,2.191,2.3168,2.4367,2.5609,2.6805,2.7683,2.802,2.7844,2.7461,2.7853,2.7715,2.7648,2.784,2.786,2.8176,2.8598,2.8401,4.2966,1.7887,1.8347
"China, Taiwan Province of",Food Retail,Emissions (N2O),kilotonnes,0.0136,0.014,0.0155,0.0169,0.0171,0.0294,0.031,0.0315,0.0309,0.0302,0.0301,0.0301,0.0297,0.0309,0.0308,0.0312,0.0311,0.0305,0.0388,0.0192,0.0192
"China, Taiwan Province of",Food Retail,Emissions (CO2),kilotonnes,1424.4207,1512.5339,1600.7111,1666.9211,1672.4316,2009.2003,2042.3497,2172.6133,2103.3968,2072.416,2156.9691,2148.7607,2171.9106,2087.9623,2099.7892,2108.5904,2113.9368,2097.6413,2788.4803,1287.7653,1224.8294
"China, Taiwan Province of",Food Retail,Emissions (CO2eq) from CH4 (AR5),kilotonnes,58.534,61.348,64.8704,68.2276,71.7052,75.054,77.5124,78.456,77.9632,76.8908,77.9884,77.602,77.4144,77.952,78.008,78.8928,80.0744,79.5228,120.3048,50.0836,51.3705
"China, Taiwan Province of",Food Retail,Emissions (CO2eq) from N2O (AR5),kilotonnes,3.604,3.71,4.1075,4.4785,4.5315,7.791,8.215,8.3475,8.1885,8.003,7.9765,7.9765,7.8705,8.1885,8.162,8.268,8.2415,8.0825,10.282,5.088,5.0757
"China, Taiwan Province of",Food Retail,Emissions (CO2eq) (AR5),kilotonnes,1486.5587,1577.5919,1669.689,1739.6272,1748.6683,2092.0453,2128.0771,2259.4168,2189.5485,2157.3098,2242.934,2234.3392,2257.1955,2174.1028,2185.9592,2195.7512,2202.2527,2185.2466,2919.0671,1342.9369,1281.2756
"China, Taiwan Province of",Food Household Consumption,Emissions (CH4),kilotonnes,8.4697,8.7371,9.1086,9.5681,9.688,10.3493,10.3849,10.545,10.4389,10.5314,10.616,10.8553,10.5644,10.6437,11.0325,10.9624,11.558,11.6239,11.4473,11.4473,11.7414
"China, Taiwan Province of",Food Household Consumption,Emissions (N2O),kilotonnes,0.047,0.047,0.0523,0.056,0.0554,0.058,0.0606,0.0602,0.0564,0.057,0.0561,0.0572,0.0546,0.0587,0.0608,0.0604,0.0636,0.064,0.063,0.063,0.0628
"China, Taiwan Province of",Food Household Consumption,Emissions (CO2),kilotonnes,5346.8184,5390.091,5740.5304,5622.2523,5507.4053,5846.7056,5692.4386,6160.803,5823.3169,5861.0021,6110.7915,6360.0919,6427.6916,5986.1022,6160.8712,6136.9599,6437.9382,6445.1029,6377.9756,6377.9756,6066.27
"China, Taiwan Province of",Food Household Consumption,Emissions (CO2eq) from CH4 (AR5),kilotonnes,237.1516,244.6388,255.0408,267.9068,271.264,289.7804,290.7772,295.26,292.2892,294.8792,297.248,303.9484,295.8032,298.0236,308.91,306.9472,323.624,325.4692,320.5244,320.5244,328.7606
"China, Taiwan Province of",Food Household Consumption,Emissions (CO2eq) from N2O (AR5),kilotonnes,12.455,12.455,13.8595,14.84,14.681,15.37,16.059,15.953,14.946,15.105,14.8665,15.158,14.469,15.5555,16.112,16.006,16.854,16.96,16.695,16.695,16.6546
"China, Taiwan Province of",Food Household Consumption,Emissions (CO2eq) (AR5),kilotonnes,5596.425,5647.1848,6009.4307,5904.9991,5793.3503,6151.856,5999.2748,6472.016,6130.5521,6170.9863,6422.906,6679.1983,6737.9638,6299.6813,6485.8932,6459.9131,6778.4162,6787.5321,6715.195,6715.195,6411.6852
"China, Taiwan Province of",Food Transport,Emissions (CH4),kilotonnes,1.4292,1.3562,1.2951,1.235,1.1601,1.0705,1.004,0.9334,0.8452,0.8164,0.7817,0.7835,0.7684,0.7683,0.7781,0.7985,0.8211,0.8059,0.7573,0.7706,0.7904
"China, Taiwan Province of",Food Transport,Emissions (N2O),kilotonnes,0.0904,0.1001,0.1137,0.127,0.1436,0.1619,0.1622,0.16,0.1547,0.1594,0.1652,0.1662,0.1623,0.1634,0.1652,0.17,0.1749,0.1715,0.1613,0.1982,0.1977
"China, Taiwan Province of",Food Transport,Emissions (CO2),kilotonnes,3595.875,3604.81,3769.93,3783.095,3932.032,4045.262,4050.4665,3910.3755,3710.3505,3752.325,3879.873,3909.093,3832.953,3831.723,3884.7865,3989.453,4105.0335,4052.036,3807.1195,4363.1838,4149.9455
"China, Taiwan Province of",Food Transport,Emissions (CO2eq) from CH4 (AR5),kilotonnes,40.0176,37.9736,36.2628,34.58,32.4828,29.974,28.112,26.1352,23.6656,22.8592,21.8876,21.938,21.5152,21.5124,21.7868,22.358,22.9908,22.5652,21.2044,21.5768,22.1312
"China, Taiwan Province of",Food Transport,Emissions (CO2eq) from N2O (AR5),kilotonnes,23.956,26.5265,30.1305,33.655,38.054,42.9035,42.983,42.4,40.9955,42.241,43.778,44.043,43.0095,43.301,43.778,45.05,46.3485,45.4475,42.7445,52.523,52.3958
"China, Taiwan Province of",Food Transport,Emissions (CO2eq) (AR5),kilotonnes,3659.8486,3669.3101,3836.3233,3851.33,4002.5688,4118.1395,4121.5615,3978.9107,3775.0116,3817.4252,3945.5386,3975.074,3897.4777,3896.5364,3950.3513,4056.861,4174.3728,4120.0487,3871.0684,4437.2836,4224.4726
"China, Taiwan Province of",Energy,Emissions (CH4),kilotonnes,48.3,48.7,49.8,50.6,52,49,47,46.3,43.6,43.5,44.2,44.7,46.1,46.1,47.2,47.6,48,46.6,46.4,46.7,47.9
"China, Taiwan Province of",Energy,Emissions (N2O),kilotonnes,2.95,3.15,3.4,3.69,3.93,4.2,4.31,4.38,4.21,4.15,4.28,4.28,4.17,4.16,4.17,4.19,4.28,4.34,4.24,4.13,4.12
"China, Taiwan Province of",Energy,Emissions (CO2),kilotonnes,217000,218000,229000,236000,245000,249000,243000,268000,256000,243000,260000,265000,253000,256000,262000,256000,265000,272000,270000,266000,253000
"China, Taiwan Province of",Energy,Emissions (CO2eq) from CH4 (AR5),kilotonnes,1352.4,1363.6,1394.4,1416.8,1456,1372,1316,1296.4,1220.8,1218,1237.6,1251.6,1290.8,1290.8,1321.6,1332.8,1344,1304.8,1299.2,1307.6,1341.2
"China, Taiwan Province of",Energy,Emissions (CO2eq) from N2O (AR5),kilotonnes,781.75,834.75,901,977.85,1041.45,1113,1142.15,1160.7,1115.65,1099.75,1134.2,1134.2,1105.05,1102.4,1105.05,1110.35,1134.2,1150.1,1123.6,1094.45,1091.8
"China, Taiwan Province of",Energy,Emissions (CO2eq) (AR5),kilotonnes,219134.15,220198.35,231295.4,238394.65,247497.45,251485,245458.15,270457.1,258336.45,245317.75,262371.8,267385.8,255395.85,258393.2,264426.65,258443.15,267478.2,274454.9,272422.8,268402.05,255433
"China, Taiwan Province of",IPPU,Emissions (CH4),kilotonnes,2.16,3.08,2.92,3.34,3.79,3.69,3.65,4.54,4.73,4.71,5.14,4.89,4.76,5.24,5.64,5.69,5.76,5.79,5.04,4.86,4.58
"China, Taiwan Province of",IPPU,Emissions (N2O),kilotonnes,1.17,2.59,2.72,2.49,2.3,2.58,2.9,2.88,2.51,2.78,3.24,3,3.18,3.07,2.7,2.78,3.35,3.87,3.97,3.45,2.48
"China, Taiwan Province of",IPPU,Emissions (CO2),kilotonnes,15400,18300,18600,19000,20000,20400,20200,22000,20900,20500,21400,20800,20200,21600,21400,20700,19800,19500,20100,18700,17900
"China, Taiwan Province of",IPPU,Emissions (CO2eq) from F-gases (AR5),kilotonnes,6433.0153,5888.8328,7161.8313,7978.1051,8357.0894,7443.6401,8493.1351,8881.8369,9270.5387,7589.4033,8153.021,9435.737,7997.5402,11272.3532,10494.9495,9717.5458,8357.0894,8075.2806,8570.8754,7492.2278,8016.9753
"China, Taiwan Province of",IPPU,Emissions (CO2eq) from CH4 (AR5),kilotonnes,60.48,86.24,81.76,93.52,106.12,103.32,102.2,127.12,132.44,131.88,143.92,136.92,133.28,146.72,157.92,159.32,161.28,162.12,141.12,136.08,128.24
"China, Taiwan Province of",IPPU,Emissions (CO2eq) from N2O (AR5),kilotonnes,310.05,686.35,720.8,659.85,609.5,683.7,768.5,763.2,665.15,736.7,858.6,795,842.7,813.55,715.5,736.7,887.75,1025.55,1052.05,914.25,657.2
"China, Taiwan Province of",IPPU,Emissions (CO2eq) (AR5),kilotonnes,22203.5453,24961.4228,26564.3913,27731.4751,29072.7094,28630.6601,29563.8351,31772.1569,30968.1287,28957.9833,30555.541,31167.657,29173.5202,33832.6232,32768.3695,31313.5658,29206.1194,28762.9506,29864.0454,27242.5578,26702.4153
"China, Taiwan Province of",Waste,Emissions (CH4),kilotonnes,319,350,354,367,382,388,392,426,421,432,442,431,436,451,456,462,466,466,474,448,412
"China, Taiwan Province of",Waste,Emissions (N2O),kilotonnes,1.04,1.07,1.09,1.06,1.07,1.05,1.05,1.07,1.07,1.05,1.04,1.03,1.04,1.04,1.03,1.02,1.01,1.02,0.997,1.05,1.05
"China, Taiwan Province of",Waste,Emissions (CO2),kilotonnes,60.9,127,144,98,120,81.8,110,132,104,36.2,48.9,27,14.3,1.17,1.19,1.2,1.21,1.22,1.23,1.66,2.3
"China, Taiwan Province of",Waste,Emissions (CO2eq) from CH4 (AR5),kilotonnes,8932,9800,9912,10276,10696,10864,10976,11928,11788,12096,12376,12068,12208,12628,12768,12936,13048,13048,13272,12544,11536
"China, Taiwan Province of",Waste,Emissions (CO2eq) from N2O (AR5),kilotonnes,275.6,283.55,288.85,280.9,283.55,278.25,278.25,283.55,283.55,278.25,275.6,272.95,275.6,275.6,272.95,270.3,267.65,270.3,264.205,278.25,278.25
"China, Taiwan Province of",Waste,Emissions (CO2eq) (AR5),kilotonnes,9268.5,10210.55,10344.85,10654.9,11099.55,11224.05,11364.25,12343.55,12175.55,12410.45,12700.5,12367.95,12497.9,12904.77,13042.14,13207.5,13316.86,13319.52,13537.435,12823.91,11816.55
"China, Taiwan Province of",Other,Emissions (N2O),kilotonnes,4.1,4.15,4.52,4.23,4.44,4.62,4.65,4.56,4.2,3.93,4.04,4.03,3.85,3.89,3.89,4.01,4.11,4.17,4.03,3.83,3.79
"China, Taiwan Province of",Other,Emissions (CO2eq) from N2O (AR5),kilotonnes,1086.5,1099.75,1197.8,1120.95,1176.6,1224.3,1232.25,1208.4,1113,1041.45,1070.6,1067.95,1020.25,1030.85,1030.85,1062.65,1089.15,1105.05,1067.95,1014.95,1004.35
"China, Taiwan Province of",Other,Emissions (CO2eq) (AR5),kilotonnes,1086.5,1099.75,1197.8,1120.95,1176.6,1224.3,1232.25,1208.4,1113,1041.45,1070.6,1067.95,1020.25,1030.85,1030.85,1062.65,1089.15,1105.05,1067.95,1014.95,1004.35
"China, Taiwan Province of",Farm-gate emissions,Emissions (CH4),kilotonnes,120.8745,120.4855,113.246,104.4912,97.6497,103.2858,103.9369,102.591,98.386,97.2646,93.5177,96.1054,97.9366,98.0401,97.0821,91.9603,95.8595,95.4389,94.92,95.3773,94.0773
"China, Taiwan Province of",Farm-gate emissions,Direct emissions (N2O),kilotonnes,2.3096,2.2363,5.5852,5.0795,5.2045,4.9615,5.0082,4.9612,4.6473,4.5774,4.5821,4.5072,4.5344,4.3678,4.319,4.2368,4.2368,4.1343,4.1443,4.0263,4.1673
"China, Taiwan Province of",Farm-gate emissions,Indirect emissions (N2O),kilotonnes,0.7108,0.692,1.7783,1.6147,1.6608,1.5827,1.5987,1.584,1.4802,1.4563,1.4581,1.4311,1.44,1.3864,1.3674,1.3405,1.3406,1.3039,1.3041,1.2667,1.3119
"China, Taiwan Province of",Farm-gate emissions,Emissions (N2O),kilotonnes,4.0672,3.9864,8.3806,7.6758,7.8356,7.5094,7.604,7.5377,7.067,6.9414,6.9199,6.8246,6.8673,6.6138,6.5264,6.3977,6.3891,6.2466,6.2611,6.1214,6.3135
"China, Taiwan Province of",Farm-gate emissions,Emissions (CO2),kilotonnes,0,0,0,0,0,0,0,0,0,0,0,0,0,0,0,0,0,0,0,0,0
"China, Taiwan Province of",Farm-gate emissions,Emissions (CO2eq) from CH4 (AR5),kilotonnes,3384.4861,3373.5949,3170.8894,2925.7534,2734.1913,2892.0024,2910.2335,2872.5489,2754.807,2723.4078,2618.495,2690.9505,2742.2239,2745.123,2718.3001,2574.8872,2684.0654,2672.2906,2657.7592,2670.5641,2634.1636
"China, Taiwan Province of",Farm-gate emissions,Emissions (CO2eq) from N2O (AR5),kilotonnes,1077.8079,1056.3831,2220.8583,2034.0976,2076.4285,1989.9837,2015.0712,1997.4904,1872.7578,1839.4588,1833.7735,1808.5095,1819.8304,1752.6527,1729.4948,1695.3983,1693.12,1655.3393,1659.1806,1622.1642,1673.0842
"China, Taiwan Province of",Farm-gate emissions,Emissions (CO2eq) (AR5),kilotonnes,4462.2941,4429.978,5391.7476,4959.8511,4810.6198,4881.9861,4925.3047,4870.0394,4627.5648,4562.8666,4452.2685,4499.46,4562.0543,4497.7757,4447.795,4270.2855,4377.1854,4327.6299,4316.9398,4292.7283,4307.2477
"China, Taiwan Province of",Land Use change,Emissions (CH4),kilotonnes,0,0,0,0,0,0,0,0,0,0,0,0,0,0,0,0,0,0,0,0,0
"China, Taiwan Province of",Land Use change,Emissions (N2O),kilotonnes,0,0,0,0,0,0,0,0,0,0,0,0,0,0,0,0,0,0,0,0,0
"China, Taiwan Province of",Land Use change,Emissions (CO2),kilotonnes,0,0,0,0,0,0,0,0,0,0,0,0,0,0,0,0,0,0,0,0,0
"China, Taiwan Province of",Land Use change,Emissions (CO2eq) from CH4 (AR5),kilotonnes,0,0,0,0,0,0,0,0,0,0,0,0,0,0,0,0,0,0,0,0,0
"China, Taiwan Province of",Land Use change,Emissions (CO2eq) from N2O (AR5),kilotonnes,0,0,0,0,0,0,0,0,0,0,0,0,0,0,0,0,0,0,0,0,0
"China, Taiwan Province of",Land Use change,Emissions (CO2eq) (AR5),kilotonnes,0,0,0,0,0,0,0,0,0,0,0,0,0,0,0,0,0,0,0,0,0
"China, Taiwan Province of",Emissions on agricultural land,Emissions (CH4),kilotonnes,120.8745,120.4855,113.246,104.4912,97.6497,103.2858,103.9369,102.591,98.386,97.2646,93.5177,96.1054,97.9366,98.0401,97.0821,91.9603,95.8595,95.4389,94.92,95.3773,94.0773
"China, Taiwan Province of",Emissions on agricultural land,Emissions (N2O),kilotonnes,4.0672,3.9864,8.3806,7.6758,7.8356,7.5094,7.604,7.5377,7.067,6.9414,6.9199,6.8246,6.8673,6.6138,6.5264,6.3977,6.3891,6.2466,6.2611,6.1214,6.3135
"China, Taiwan Province of",Emissions on agricultural land,Emissions (CO2),kilotonnes,0,0,0,0,0,0,0,0,0,0,0,0,0,0,0,0,0,0,0,0,0
"China, Taiwan Province of",Emissions on agricultural land,Emissions (CO2eq) from CH4 (AR5),kilotonnes,3384.4861,3373.5949,3170.8894,2925.7534,2734.1913,2892.0024,2910.2335,2872.5489,2754.807,2723.4078,2618.495,2690.9505,2742.2239,2745.123,2718.3001,2574.8872,2684.0654,2672.2906,2657.7592,2670.5641,2634.1636
"China, Taiwan Province of",Emissions on agricultural land,Emissions (CO2eq) from N2O (AR5),kilotonnes,1077.8079,1056.3831,2220.8583,2034.0976,2076.4285,1989.9837,2015.0712,1997.4904,1872.7578,1839.4588,1833.7735,1808.5095,1819.8304,1752.6527,1729.4948,1695.3983,1693.12,1655.3393,1659.1806,1622.1642,1673.0842
"China, Taiwan Province of",Emissions on agricultural land,Emissions (CO2eq) (AR5),kilotonnes,4462.2941,4429.978,5391.7476,4959.8511,4810.6198,4881.9861,4925.3047,4870.0394,4627.5648,4562.8666,4452.2685,4499.46,4562.0543,4497.7757,4447.795,4270.2855,4377.1854,4327.6299,4316.9398,4292.7283,4307.2477
"China, Taiwan Province of",Pre- and post- production,Emissions (CH4),kilotonnes,17.9514,18.2651,19.0168,19.739,20.1017,21.3326,21.4599,21.8133,21.2838,21.2704,21.883,22.2483,21.9814,22.2961,22.7601,22.7965,23.5746,23.6647,25.1001,22.7946,23.3803
"China, Taiwan Province of",Pre- and post- production,Emissions (N2O),kilotonnes,0.254,0.2639,0.2946,0.3114,0.3269,0.3664,0.3706,0.3638,0.3418,0.3426,0.3493,0.3561,0.3481,0.3583,0.3586,0.3625,0.3693,0.3622,0.3553,0.3846,0.3837
"China, Taiwan Province of",Pre- and post- production,Emissions (CO2),kilotonnes,17843.0901,17727.1524,18860.6372,18721.5342,19084.6392,20493.3072,20425.8773,21018.8799,19623.9658,19476.0116,21507.5532,22625.0463,22718.2078,22035.1159,22064.9306,21842.446,22353.742,22334.5526,22426.3247,22114.8233,21034.0237
"China, Taiwan Province of",Pre- and post- production,Emissions (CO2eq) from CH4 (AR5),kilotonnes,502.6392,511.4228,532.4704,552.692,562.8476,597.3128,600.8772,610.7724,595.9464,595.5712,612.724,622.9524,615.4792,624.2908,637.2828,638.302,660.0888,662.6116,702.8028,638.2488,654.6492
"China, Taiwan Province of",Pre- and post- production,Emissions (CO2eq) from N2O (AR5),kilotonnes,67.319,69.9238,78.069,82.521,86.6285,97.096,98.209,96.407,90.577,90.789,92.5645,94.3665,92.2465,94.9495,95.029,96.0625,97.8645,95.983,94.1545,101.919,101.6722
"China, Taiwan Province of",Pre- and post- production,Emissions (CO2eq) (AR5),kilotonnes,18413.0483,18308.4989,19471.1766,19356.7472,19734.1153,21187.716,21124.9635,21726.0593,20310.4892,20162.3718,22212.8417,23342.3652,23425.9335,22754.3562,22797.2424,22576.8105,23111.6953,23093.1472,23223.282,22854.9911,21790.3451
"China, Taiwan Province of",Agri-food systems,Emissions (CH4),kilotonnes,138.8259,138.7506,132.2628,124.2302,117.7514,124.6184,125.3968,124.4043,119.6698,118.535,115.4007,118.3537,119.918,120.3362,119.8422,114.7568,119.4341,119.1036,120.0201,118.1719,117.4576
"China, Taiwan Province of",Agri-food systems,Emissions (N2O),kilotonnes,4.3212,4.2502,8.6752,7.9872,8.1625,7.8758,7.9746,7.9015,7.4088,7.284,7.2692,7.1807,7.2154,6.9721,6.885,6.7602,6.7584,6.6088,6.6164,6.506,6.6972
"China, Taiwan Province of",Agri-food systems,Emissions (CO2),kilotonnes,17843.0901,17727.1524,18860.6372,18721.5342,19084.6392,20493.3072,20425.8773,21018.8799,19623.9658,19476.0116,21507.5532,22625.0463,22718.2078,22035.1159,22064.9306,21842.446,22353.742,22334.5526,22426.3247,22114.8233,21034.0237
"China, Taiwan Province of",Agri-food systems,Emissions (CO2eq) from CH4 (AR5),kilotonnes,3887.1253,3885.0177,3703.3598,3478.4454,3297.0389,3489.3152,3511.1107,3483.3213,3350.7534,3318.979,3231.219,3313.9029,3357.7031,3369.4138,3355.5829,3213.1892,3344.1542,3334.9022,3360.562,3308.8129,3288.8128
"China, Taiwan Province of",Agri-food systems,Emissions (CO2eq) from N2O (AR5),kilotonnes,1145.1269,1126.3068,2298.9273,2116.6186,2163.057,2087.0797,2113.2802,2093.8974,1963.3348,1930.2478,1926.338,1902.876,1912.0769,1847.6022,1824.5238,1791.4608,1790.9845,1751.3223,1753.3351,1724.0832,1774.7564
"China, Taiwan Province of",Agri-food systems,Emissions (CO2eq) (AR5),kilotonnes,22875.3423,22738.4769,24862.9242,24316.5983,24544.7351,26069.7021,26050.2682,26596.0987,24938.054,24725.2384,26665.1102,27841.8252,27987.9878,27252.1319,27245.0374,26847.096,27488.8807,27420.7771,27540.2218,27147.7194,26097.5928
"China, Taiwan Province of",IPCC Agriculture,Emissions (CH4),kilotonnes,120.8745,120.4855,113.246,104.4912,97.6497,103.2858,103.9369,102.591,98.386,97.2646,93.5177,96.1054,97.9366,98.0401,97.0821,91.9603,95.8595,95.4389,94.92,95.3773,94.0773
"China, Taiwan Province of",IPCC Agriculture,Direct emissions (N2O),kilotonnes,2.3096,2.2363,5.5852,5.0795,5.2045,4.9615,5.0082,4.9612,4.6473,4.5774,4.5821,4.5072,4.5344,4.3678,4.319,4.2368,4.2368,4.1343,4.1443,4.0263,4.1673
"China, Taiwan Province of",IPCC Agriculture,Indirect emissions (N2O),kilotonnes,0.7108,0.692,1.7783,1.6147,1.6608,1.5827,1.5987,1.584,1.4802,1.4563,1.4581,1.4311,1.44,1.3864,1.3674,1.3405,1.3406,1.3039,1.3041,1.2667,1.3119
"China, Taiwan Province of",IPCC Agriculture,Emissions (N2O),kilotonnes,4.0672,3.9864,8.3806,7.6758,7.8356,7.5094,7.604,7.5377,7.067,6.9414,6.9199,6.8246,6.8673,6.6138,6.5264,6.3977,6.3891,6.2466,6.2611,6.1214,6.3135
"China, Taiwan Province of",IPCC Agriculture,Emissions (CO2eq) from CH4 (AR5),kilotonnes,3384.4861,3373.5949,3170.8894,2925.7534,2734.1913,2892.0024,2910.2335,2872.5489,2754.807,2723.4078,2618.495,2690.9505,2742.2239,2745.123,2718.3001,2574.8872,2684.0654,2672.2906,2657.7592,2670.5641,2634.1636
"China, Taiwan Province of",IPCC Agriculture,Emissions (CO2eq) from N2O (AR5),kilotonnes,1077.8079,1056.3831,2220.8583,2034.0976,2076.4285,1989.9837,2015.0712,1997.4904,1872.7578,1839.4588,1833.7735,1808.5095,1819.8304,1752.6527,1729.4948,1695.3983,1693.12,1655.3393,1659.1806,1622.1642,1673.0842
"China, Taiwan Province of",IPCC Agriculture,Emissions (CO2eq) (AR5),kilotonnes,4462.2941,4429.978,5391.7476,4959.8511,4810.6198,4881.9861,4925.3047,4870.0394,4627.5648,4562.8666,4452.2685,4499.46,4562.0543,4497.7757,4447.795,4270.2855,4377.1854,4327.6299,4316.9398,4292.7283,4307.2477
"China, Taiwan Province of",Agricultural Soils,Direct emissions (N2O),kilotonnes,2.3096,2.2363,5.5852,5.0795,5.2045,4.9615,5.0082,4.9612,4.6473,4.5774,4.5821,4.5072,4.5344,4.3678,4.319,4.2368,4.2368,4.1343,4.1443,4.0263,4.1673
"China, Taiwan Province of",Agricultural Soils,Indirect emissions (N2O),kilotonnes,0.7108,0.692,1.7783,1.6147,1.6608,1.5827,1.5987,1.584,1.4802,1.4563,1.4581,1.4311,1.44,1.3864,1.3674,1.3405,1.3406,1.3039,1.3041,1.2667,1.3119
"China, Taiwan Province of",Agricultural Soils,Emissions (N2O),kilotonnes,3.0204,2.9283,7.3635,6.6941,6.8653,6.5443,6.6068,6.5453,6.1274,6.0337,6.0403,5.9383,5.9744,5.7542,5.6864,5.5773,5.5774,5.4382,5.4483,5.2931,5.4792
"China, Taiwan Province of",Agricultural Soils,Emissions (CO2eq) from N2O (AR5),kilotonnes,800.3955,775.9878,1951.3406,1773.939,1819.2945,1734.2283,1750.8151,1734.4951,1623.7741,1598.9245,1600.6686,1573.6437,1583.2139,1524.8663,1506.8853,1477.9871,1478,1441.1292,1443.8019,1402.6611,1451.9825
"China, Taiwan Province of",Agricultural Soils,Emissions (CO2eq) (AR5),kilotonnes,800.3955,775.9878,1951.3406,1773.939,1819.2945,1734.2283,1750.8151,1734.4951,1623.7741,1598.9245,1600.6686,1573.6437,1583.2139,1524.8663,1506.8853,1477.9871,1478,1441.1292,1443.8019,1402.6611,1451.9825
"China, Taiwan Province of",LULUCF,Emissions (CH4),kilotonnes,0.0039,0,0,0.0074,0.0894,0,0,0,0,0.0025,0.0025,0,0,0.0248,0,0.0074,0,0,0,0,0
"China, Taiwan Province of",LULUCF,Emissions (N2O),kilotonnes,0.0002,0,0,0.0007,0.0082,0,0,0,0,0.0002,0.0002,0,0,0.0023,0,0.0007,0,0,0,0,0
"China, Taiwan Province of",LULUCF,Emissions (CO2),kilotonnes,0,0,0,0,0,0,0,0,0,0,0,0,0,0,0,0,0,0,0,0,0
"China, Taiwan Province of",LULUCF,Emissions (CO2eq) from CH4 (AR5),kilotonnes,0.1101,0,0,0.2086,2.5028,0,0,0,0,0.0695,0.0695,0,0,0.6952,0,0.2086,0,0,0,0,0
"China, Taiwan Province of",LULUCF,Emissions (CO2eq) from N2O (AR5),kilotonnes,0.0578,0,0,0.1803,2.1628,0,0,0,0,0.0601,0.0601,0,0,0.6008,0,0.1802,0,0,0,0,0
"China, Taiwan Province of",LULUCF,Emissions (CO2eq) (AR5),kilotonnes,0.1679,0,0,0.3888,4.6656,0,0,0,0,0.1296,0.1296,0,0,1.296,0,0.3888,0,0,0,0,0
"China, Taiwan Province of",AFOLU,Emissions (CH4),kilotonnes,120.8784,120.4855,113.246,104.4986,97.7391,103.2858,103.9369,102.591,98.386,97.267,93.5202,96.1054,97.9366,98.0649,97.0821,91.9677,95.8595,95.4389,94.92,95.3773,94.0773
"China, Taiwan Province of",AFOLU,Emissions (N2O),kilotonnes,4.0674,3.9864,8.3806,7.6765,7.8437,7.5094,7.604,7.5377,7.067,6.9416,6.9201,6.8246,6.8673,6.6161,6.5264,6.3984,6.3891,6.2466,6.2611,6.1214,6.3135
"China, Taiwan Province of",AFOLU,Emissions (CO2),kilotonnes,0,0,0,0,0,0,0,0,0,0,0,0,0,0,0,0,0,0,0,0,0
"China, Taiwan Province of",AFOLU,Emissions (CO2eq) from CH4 (AR5),kilotonnes,3384.5962,3373.5949,3170.8894,2925.962,2736.6941,2892.0024,2910.2335,2872.5489,2754.807,2723.4773,2618.5645,2690.9505,2742.2239,2745.8182,2718.3001,2575.0958,2684.0654,2672.2906,2657.7592,2670.5641,2634.1636
"China, Taiwan Province of",AFOLU,Emissions (CO2eq) from N2O (AR5),kilotonnes,1077.8657,1056.3831,2220.8583,2034.2779,2078.5913,1989.9837,2015.0712,1997.4904,1872.7578,1839.5189,1833.8336,1808.5095,1819.8304,1753.2534,1729.4948,1695.5785,1693.12,1655.3393,1659.1806,1622.1642,1673.0842
"China, Taiwan Province of",AFOLU,Emissions (CO2eq) (AR5),kilotonnes,4462.4619,4429.978,5391.7476,4960.2399,4815.2854,4881.9861,4925.3047,4870.0394,4627.5648,4562.9961,4452.3981,4499.46,4562.0543,4499.0716,4447.795,4270.6743,4377.1854,4327.6299,4316.9398,4292.7283,4307.2477
"China, Taiwan Province of",All sectors with LULUCF,Emissions (CH4),kilotonnes,490.3384,522.2655,519.966,525.4386,535.5291,543.9758,546.5869,579.431,567.716,577.477,584.8602,576.6954,584.7966,600.4049,605.9221,607.2577,615.6195,613.8289,620.36,594.9373,558.5573
"China, Taiwan Province of",All sectors with LULUCF,Emissions (N2O),kilotonnes,13.3274,14.9464,20.1106,19.1465,19.5837,19.9594,20.514,20.4277,19.057,18.8516,19.5201,19.1646,19.1073,18.7761,18.3164,18.3984,19.1391,19.6466,19.4981,18.5814,17.7535
"China, Taiwan Province of",All sectors with LULUCF,Emissions (CO2),kilotonnes,232460.9,236427,247744,255098,265120,269481.8,263310,290132,277004,263536.2,281448.9,285827,273214.3,277601.17,283401.19,276701.2,284801.21,291501.22,290101.23,284701.66,270902.3
"China, Taiwan Province of",All sectors with LULUCF,Emissions (CO2eq) from F-gases (AR5),kilotonnes,6433.0153,5888.8328,7161.8313,7978.1051,8357.0894,7443.6401,8493.1351,8881.8369,9270.5387,7589.4033,8153.021,9435.737,7997.5402,11272.3532,10494.9495,9717.5458,8357.0894,8075.2806,8570.8754,7492.2278,8016.9753
"China, Taiwan Province of",All sectors with LULUCF,Emissions (CO2eq) from CH4 (AR5),kilotonnes,13729.4762,14623.4349,14559.0494,14712.282,14994.8141,15231.3224,15304.4335,16224.0689,15896.047,16169.3573,16376.0845,16147.4705,16374.3039,16811.3382,16965.8201,17003.2158,17237.3454,17187.2106,17370.0792,16658.2441,15639.6036
"China, Taiwan Province of",All sectors with LULUCF,Emissions (CO2eq) from N2O (AR5),kilotonnes,3531.7657,3960.7831,5329.3083,5073.8279,5189.6913,5289.2337,5436.2212,5413.3404,5050.1078,4995.6689,5172.8336,5078.6095,5063.4304,4975.6534,4853.8448,4875.5785,5071.87,5206.3393,5166.9856,4924.0642,4704.6842
"China, Taiwan Province of",All sectors with LULUCF,Emissions (CO2eq) (AR5),kilotonnes,256155.1573,260900.0508,274794.1889,282862.215,293661.5948,297445.9962,292543.7898,320651.2462,307220.6935,292290.6294,311150.839,316488.817,302649.5745,310660.5148,315715.8044,308297.5401,315467.5148,321970.0505,321209.1703,313776.1961,299263.5631
"China, Taiwan Province of",All sectors without LULUCF,Emissions (CH4),kilotonnes,490.3345,522.2655,519.966,525.4312,535.4397,543.9758,546.5869,579.431,567.716,577.4746,584.8577,576.6954,584.7966,600.3801,605.9221,607.2503,615.6195,613.8289,620.36,594.9373,558.5573
"China, Taiwan Province of",All sectors without LULUCF,Emissions (N2O),kilotonnes,13.3272,14.9464,20.1106,19.1458,19.5756,19.9594,20.514,20.4277,19.057,18.8514,19.5199,19.1646,19.1073,18.7738,18.3164,18.3977,19.1391,19.6466,19.4981,18.5814,17.7535
"China, Taiwan Province of",All sectors without LULUCF,Emissions (CO2),kilotonnes,232460.9,236427,247744,255098,265120,269481.8,263310,290132,277004,263536.2,281448.9,285827,273214.3,277601.17,283401.19,276701.2,284801.21,291501.22,290101.23,284701.66,270902.3
"China, Taiwan Province of",All sectors without LULUCF,Emissions (CO2eq) from F-gases (AR5),kilotonnes,6433.0153,5888.8328,7161.8313,7978.1051,8357.0894,7443.6401,8493.1351,8881.8369,9270.5387,7589.4033,8153.021,9435.737,7997.5402,11272.3532,10494.9495,9717.5458,8357.0894,8075.2806,8570.8754,7492.2278,8016.9753
"China, Taiwan Province of",All sectors without LULUCF,Emissions (CO2eq) from CH4 (AR5),kilotonnes,13729.3661,14623.4349,14559.0494,14712.0734,14992.3113,15231.3224,15304.4335,16224.0689,15896.047,16169.2878,16376.015,16147.4705,16374.3039,16810.643,16965.8201,17003.0072,17237.3454,17187.2106,17370.0792,16658.2441,15639.6036
"China, Taiwan Province of",All sectors without LULUCF,Emissions (CO2eq) from N2O (AR5),kilotonnes,3531.7079,3960.7831,5329.3083,5073.6476,5187.5285,5289.2337,5436.2212,5413.3404,5050.1078,4995.6088,5172.7735,5078.6095,5063.4304,4975.0527,4853.8448,4875.3983,5071.87,5206.3393,5166.9856,4924.0642,4704.6842
"China, Taiwan Province of",All sectors without LULUCF,Emissions (CO2eq) (AR5),kilotonnes,256154.9894,260900.0508,274794.1889,282861.8262,293656.9292,297445.9962,292543.7898,320651.2462,307220.6935,292290.4999,311150.7094,316488.817,302649.5745,310659.2188,315715.8044,308297.1513,315467.5148,321970.0505,321209.1703,313776.1961,299263.5631
Colombia,Crop Residues,Direct emissions (N2O),kilotonnes,0.7162,0.7236,0.7196,0.8389,0.8619,0.7892,0.738,0.801,0.8403,0.8221,0.7113,0.7507,0.8081,0.7721,0.7744,0.791,0.8712,0.9146,0.8372,0.8497,0.9247
Colombia,Crop Residues,Direct emissions (N2O),kilotonnes,0.6,0.59,0.57,0.59,0.63,0.58,0.57,0.66,0.57,0.56,1.04,0.54,0.91,0.88,0.84,,,,,,
Colombia,Crop Residues,Indirect emissions (N2O),kilotonnes,0.1612,0.1628,0.1619,0.1888,0.1939,0.1776,0.1661,0.1802,0.1891,0.185,0.16,0.1689,0.1818,0.1737,0.1742,0.178,0.196,0.2058,0.1884,0.1912,0.2081
Colombia,Crop Residues,Emissions (N2O),kilotonnes,0.8774,0.8864,0.8815,1.0277,1.0559,0.9668,0.9041,0.9812,1.0294,1.0071,0.8714,0.9196,0.9899,0.9458,0.9487,0.9689,1.0672,1.1204,1.0255,1.0408,1.1328
Colombia,Crop Residues,Emissions (N2O),kilotonnes,0.6,0.59,0.57,0.59,0.63,0.58,0.57,0.66,0.57,0.56,1.04,0.54,0.91,0.88,0.84,,,,,,
Colombia,Crop Residues,Emissions (CO2eq) from N2O (AR5),kilotonnes,232.5056,234.8906,233.5849,272.3285,279.801,256.2032,239.5792,260.0184,272.7964,266.8746,230.9152,243.7025,262.3182,250.6276,251.399,256.7681,282.8118,296.9042,271.7646,275.8197,300.1873
Colombia,Crop Residues,Emissions (CO2eq) from N2O (AR5),kilotonnes,159,156.35,151.05,156.35,166.95,153.7,151.05,174.9,151.05,148.4,275.6,143.1,241.15,233.2,222.6,,,,,,
Colombia,Crop Residues,Emissions (CO2eq) (AR5),kilotonnes,232.5056,234.8906,233.5849,272.3285,279.801,256.2032,239.5792,260.0184,272.7964,266.8746,230.9152,243.7025,262.3182,250.6276,251.399,256.7681,282.8118,296.9042,271.7646,275.8197,300.1873
Colombia,Crop Residues,Emissions (CO2eq) (AR5),kilotonnes,159,156.35,151.05,156.35,166.95,153.7,151.05,174.9,151.05,148.4,275.6,143.1,241.15,233.2,222.6,,,,,,
Colombia,Rice Cultivation,Emissions (CH4),kilotonnes,97.9557,98.2553,89.0525,103.1904,107.6893,94.4842,89.0776,89.4893,102.2644,109.4302,99.9319,105.1973,99.9114,107.8138,95.5758,105.8579,118.1935,123.7512,109.1256,110.0559,123.5772
Colombia,Rice Cultivation,Emissions (CH4),kilotonnes,26.9,27.1,24.4,27.8,28.4,24.2,23.4,23.5,26,26.6,27.6,28.2,26.7,28,24.13,,,,,,
Colombia,Rice Cultivation,Emissions (CO2eq) from CH4 (AR5),kilotonnes,2742.7586,2751.1477,2493.4697,2889.3302,3015.3004,2645.5586,2494.1717,2505.6994,2863.4029,3064.0454,2798.0943,2945.5245,2797.5199,3018.7871,2676.1214,2964.02,3309.4183,3465.0346,3055.5171,3081.5663,3460.1613
Colombia,Rice Cultivation,Emissions (CO2eq) from CH4 (AR5),kilotonnes,753.2,758.8,683.2,778.4,795.2,677.6,655.2,658,728,744.8,772.8,789.6,747.6,784,675.64,,,,,,
Colombia,Rice Cultivation,Emissions (CO2eq) (AR5),kilotonnes,2742.7586,2751.1477,2493.4697,2889.3302,3015.3004,2645.5586,2494.1717,2505.6994,2863.4029,3064.0454,2798.0943,2945.5245,2797.5199,3018.7871,2676.1214,2964.02,3309.4183,3465.0346,3055.5171,3081.5663,3460.1613
Colombia,Rice Cultivation,Emissions (CO2eq) (AR5),kilotonnes,753.2,758.8,683.2,778.4,795.2,677.6,655.2,658,728,744.8,772.8,789.6,747.6,784,675.64,,,,,,
Colombia,Burning - Crop residues,Emissions (CH4),kilotonnes,2.9835,2.9879,2.8421,3.0063,3.1606,2.9675,3.0061,3.0744,3.1113,3.0352,2.7472,3.057,3.1589,3.1915,2.7592,2.5649,2.7,2.672,2.6481,2.6016,2.5208
Colombia,Burning - Crop residues,Emissions (CH4),kilotonnes,2.39,,,,3.19,,,,,,,,,,,,,,,,
Colombia,Burning - Crop residues,Emissions (N2O),kilotonnes,0.0774,0.0775,0.0737,0.0779,0.0819,0.0769,0.0779,0.0797,0.0807,0.0787,0.0712,0.0793,0.0819,0.0827,0.0715,0.0665,0.07,0.0693,0.0687,0.0674,0.0654
Colombia,Burning - Crop residues,Emissions (N2O),kilotonnes,0.06,,,,0.08,,,,,,,,,,,,,,,,
Colombia,Burning - Crop residues,Emissions (CO2eq) from CH4 (AR5),kilotonnes,83.539,83.6602,79.5783,84.1768,88.4974,83.0887,84.1707,86.0822,87.1153,84.9853,76.9207,85.5964,88.4499,89.3627,77.2588,71.8163,75.5991,74.8146,74.1482,72.8457,70.5821
Colombia,Burning - Crop residues,Emissions (CO2eq) from CH4 (AR5),kilotonnes,66.92,,,,89.32,,,,,,,,,,,,,,,,
Colombia,Burning - Crop residues,Emissions (CO2eq) from N2O (AR5),kilotonnes,20.498,20.5277,19.5262,20.6545,21.7146,20.3875,20.653,21.122,21.3755,20.8529,18.8741,21.0028,21.703,21.9269,18.957,17.6216,18.5498,18.3573,18.1938,17.8742,17.3187
Colombia,Burning - Crop residues,Emissions (CO2eq) from N2O (AR5),kilotonnes,15.9,,,,21.2,,,,,,,,,,,,,,,,
Colombia,Burning - Crop residues,Emissions (CO2eq) (AR5),kilotonnes,104.037,104.1879,99.1045,104.8313,110.2121,103.4762,104.8237,107.2043,108.4908,105.8382,95.7947,106.5992,110.1529,111.2896,96.2159,89.4379,94.1488,93.1719,92.3419,90.7198,87.9008
Colombia,Burning - Crop residues,Emissions (CO2eq) (AR5),kilotonnes,82.82,,,,110.52,,,,,,,,,,,,,,,,
Colombia,Enteric Fermentation,Emissions (CH4),kilotonnes,1535.9602,1546.8401,1563.255,1565.6407,1572.1586,1615.5131,1616.8818,1631.3933,1637.8578,1634.4063,1681.1996,1556.5388,1455.8551,1419.3883,1408.4776,1349.9237,1388.1072,1468.8514,1580.1243,1653.6139,1708.123
Colombia,Enteric Fermentation,Emissions (CH4),kilotonnes,1472.8,,,,1583.74,,,,,,,,,,,,,,,,
Colombia,Enteric Fermentation,Emissions (CO2eq) from CH4 (AR5),kilotonnes,43006.8856,43311.5224,43771.1414,43837.9389,44020.442,45234.3676,45272.6916,45679.012,45860.0191,45763.3771,47073.5875,43583.085,40763.9416,39742.8735,39437.3741,37797.8639,38867.0026,41127.8381,44243.4815,46301.1891,47827.4433
Colombia,Enteric Fermentation,Emissions (CO2eq) from CH4 (AR5),kilotonnes,41238.4,,,,44344.72,,,,,,,,,,,,,,,,
Colombia,Enteric Fermentation,Emissions (CO2eq) (AR5),kilotonnes,43006.8856,43311.5224,43771.1414,43837.9389,44020.442,45234.3676,45272.6916,45679.012,45860.0191,45763.3771,47073.5875,43583.085,40763.9416,39742.8735,39437.3741,37797.8639,38867.0026,41127.8381,44243.4815,46301.1891,47827.4433
Colombia,Enteric Fermentation,Emissions (CO2eq) (AR5),kilotonnes,41238.4,,,,44344.72,,,,,,,,,,,,,,,,
Colombia,Manure Management,Emissions (CH4),kilotonnes,34.1833,34.7258,34.8488,35.0681,35.0283,35.5909,36.6782,38.7918,39.5021,39.172,40.0294,37.3778,34.2294,32.9739,33.3318,33.3412,33.4092,35.5182,37.6928,40.5589,42.6234
Colombia,Manure Management,Emissions (CH4),kilotonnes,40,41.2,41.4,43.5,44.9,45.9,48.5,49.5,51.1,52.2,50.5,49.6,49.6,52.8,54.06,,,,,,
Colombia,Manure Management,Emissions (N2O),kilotonnes,1.2883,1.3844,1.3665,1.3465,1.3004,1.2732,1.4642,1.7622,1.8967,1.9675,2.1727,2.1727,2.2544,2.2262,2.382,2.1323,2.0892,2.0891,2.1922,2.4731,2.5692
Colombia,Manure Management,Emissions (N2O),kilotonnes,1.97,1.98,1.96,2.19,2.21,2.19,2.69,2.86,2.91,2.96,2.91,2.98,2.99,3.25,3.43,,,,,,
Colombia,Manure Management,Emissions (CO2eq) from CH4 (AR5),kilotonnes,957.1338,972.3235,975.7677,981.9066,980.7925,996.5462,1026.9904,1086.17,1106.0582,1096.8171,1120.8231,1046.5771,958.4238,923.2692,933.2901,933.554,935.4588,994.5083,1055.3974,1135.6486,1193.4548
Colombia,Manure Management,Emissions (CO2eq) from CH4 (AR5),kilotonnes,1120,1153.6,1159.2,1218,1257.2,1285.2,1358,1386,1430.8,1461.6,1414,1388.8,1388.8,1478.4,1513.68,,,,,,
Colombia,Manure Management,Emissions (CO2eq) from N2O (AR5),kilotonnes,341.4124,366.8779,362.1349,356.8249,344.6038,337.3945,388.0022,466.9791,502.6166,521.3829,575.7646,575.7745,597.4096,589.9374,631.243,565.0509,553.6304,553.6008,580.9454,655.3734,680.8486
Colombia,Manure Management,Emissions (CO2eq) from N2O (AR5),kilotonnes,522.05,524.7,519.4,580.35,585.65,580.35,712.85,757.9,771.15,784.4,771.15,789.7,792.35,861.25,908.95,,,,,,
Colombia,Manure Management,Emissions (CO2eq) (AR5),kilotonnes,1298.5462,1339.2015,1337.9026,1338.7315,1325.3964,1333.9407,1414.9927,1553.1491,1608.6748,1618.2,1696.5877,1622.3516,1555.8333,1513.2067,1564.5331,1498.6048,1489.0892,1548.1091,1636.3428,1791.022,1874.3034
Colombia,Manure Management,Emissions (CO2eq) (AR5),kilotonnes,1642.05,1678.3,1678.6,1798.35,1842.85,1865.55,2070.85,2143.9,2201.95,2246,2185.15,2178.5,2181.15,2339.65,2422.63,,,,,,
Colombia,Manure left on Pasture,Direct emissions (N2O),kilotonnes,30.752,30.8933,31.0552,31.1472,31.2677,32.1561,33.1659,34.4967,34.8026,33.7213,34.5067,31.5057,28.5981,27.5403,27.3379,28.9777,28.3981,31.3594,33.5453,35.5333,36.8501
Colombia,Manure left on Pasture,Direct emissions (N2O),kilotonnes,32.77,33.14,33.25,34.99,37.63,37.92,36.22,35.95,36.34,36.76,37.16,34.52,33.55,34.29,33.73,,,,,,
Colombia,Manure left on Pasture,Indirect emissions (N2O),kilotonnes,7.0831,7.1124,7.1333,7.1464,7.1649,7.3405,7.534,7.8233,7.8823,7.6609,7.775,7.0918,6.2988,6.0507,6.0151,6.3659,6.2829,6.9198,7.3839,7.8369,8.1801
Colombia,Manure left on Pasture,Emissions (N2O),kilotonnes,37.8351,38.0058,38.1885,38.2935,38.4326,39.4966,40.7,42.3199,42.6849,41.3821,42.2818,38.5975,34.8968,33.591,33.353,35.3436,34.681,38.2792,40.9292,43.3702,45.0302
Colombia,Manure left on Pasture,Emissions (N2O),kilotonnes,32.77,33.14,33.25,34.99,37.63,37.92,36.22,35.95,36.34,36.76,37.16,34.52,33.55,34.29,33.73,,,,,,
Colombia,Manure left on Pasture,Emissions (CO2eq) from N2O (AR5),kilotonnes,10026.3109,10071.5286,10119.9395,10147.7872,10184.6439,10466.5905,10785.4873,11214.7834,11311.4997,10966.2697,11204.6695,10228.333,9247.6603,8901.606,8838.5461,9366.0424,9190.454,10143.9774,10846.2479,11493.1082,11933.0027
Colombia,Manure left on Pasture,Emissions (CO2eq) from N2O (AR5),kilotonnes,8684.05,8782.1,8811.25,9272.35,9971.95,10048.8,9598.3,9526.75,9630.1,9741.4,9847.4,9147.8,8890.75,9086.85,8938.45,,,,,,
Colombia,Manure left on Pasture,Emissions (CO2eq) (AR5),kilotonnes,10026.3109,10071.5286,10119.9395,10147.7872,10184.6439,10466.5905,10785.4873,11214.7834,11311.4997,10966.2697,11204.6695,10228.333,9247.6603,8901.606,8838.5461,9366.0424,9190.454,10143.9774,10846.2479,11493.1082,11933.0027
Colombia,Manure left on Pasture,Emissions (CO2eq) (AR5),kilotonnes,8684.05,8782.1,8811.25,9272.35,9971.95,10048.8,9598.3,9526.75,9630.1,9741.4,9847.4,9147.8,8890.75,9086.85,8938.45,,,,,,
Colombia,Manure applied to Soils,Direct emissions (N2O),kilotonnes,4.3436,4.5054,4.624,4.7104,4.7094,4.7578,4.2593,3.8915,3.9175,4.6048,4.8664,4.961,5.2264,5.233,5.3571,3.4353,4.3659,3.7284,4.062,4.1743,4.3037
Colombia,Manure applied to Soils,Indirect emissions (N2O),kilotonnes,1.846,1.9148,1.9652,2.0019,2.0015,2.022,1.8102,1.6539,1.6649,1.957,2.0682,2.1084,2.2212,2.224,2.2768,1.46,1.8555,1.5846,1.7264,1.7741,1.8291
Colombia,Manure applied to Soils,Emissions (N2O),kilotonnes,6.1896,6.4201,6.5892,6.7123,6.7109,6.7798,6.0694,5.5453,5.5825,6.5619,6.9346,7.0695,7.4476,7.457,7.6338,4.8953,6.2214,5.3129,5.7884,5.9484,6.1328
Colombia,Manure applied to Soils,Emissions (CO2eq) from N2O (AR5),kilotonnes,1640.244,1701.336,1746.1496,1778.7463,1778.3987,1796.6478,1608.3995,1469.5157,1479.3494,1738.8932,1837.656,1873.4105,1973.6122,1976.1024,2022.9692,1297.2489,1648.6703,1407.931,1533.9268,1576.3271,1625.1973
Colombia,Manure applied to Soils,Emissions (CO2eq) (AR5),kilotonnes,1640.244,1701.336,1746.1496,1778.7463,1778.3987,1796.6478,1608.3995,1469.5157,1479.3494,1738.8932,1837.656,1873.4105,1973.6122,1976.1024,2022.9692,1297.2489,1648.6703,1407.931,1533.9268,1576.3271,1625.1973
Colombia,Synthetic Fertilizers,Direct emissions (N2O),kilotonnes,5.2533,4.736,5.6366,5.8798,5.9447,5.428,5.4228,5.5864,5.3255,5.7761,6.3555,6.9559,6.6313,6.0946,7.2782,7.3627,6.8064,8.3673,7.7052,7.2657,8.3271
Colombia,Synthetic Fertilizers,Direct emissions (N2O),kilotonnes,3.08,2.72,4.46,3.46,3.28,4.71,5.57,6.12,5.31,4.1,7.17,4.67,9.65,5.11,6.08,,,,,,
Colombia,Synthetic Fertilizers,Indirect emissions (N2O),kilotonnes,1.7073,1.5392,1.8319,1.9109,1.932,1.7641,1.7624,1.8156,1.7308,1.8772,2.0655,2.2607,2.1552,1.9807,2.3654,2.3929,2.2121,2.7194,2.5042,2.3614,2.7063
Colombia,Synthetic Fertilizers,Emissions (N2O),kilotonnes,6.9606,6.2752,7.4686,7.7908,7.8767,7.1921,7.1852,7.402,7.0563,7.6533,8.421,9.2165,8.7864,8.0753,9.6436,9.7556,9.0185,11.0867,10.2094,9.6271,11.0335
Colombia,Synthetic Fertilizers,Emissions (N2O),kilotonnes,3.08,2.72,4.46,3.46,3.28,4.71,5.57,6.12,5.31,4.1,7.17,4.67,9.65,5.11,6.08,,,,,,
Colombia,Synthetic Fertilizers,Emissions (CO2eq) from N2O (AR5),kilotonnes,1844.5599,1662.9345,1979.166,2064.5545,2087.3263,1905.913,1904.0691,1961.5347,1869.9218,2028.1161,2231.5704,2442.3805,2328.3985,2139.9663,2555.5582,2585.2351,2389.897,2937.9845,2705.4787,2551.1855,2923.8702
Colombia,Synthetic Fertilizers,Emissions (CO2eq) from N2O (AR5),kilotonnes,816.2,720.8,1181.9,916.9,869.2,1248.15,1476.05,1621.8,1407.15,1086.5,1900.05,1237.55,2557.25,1354.15,1611.2,,,,,,
Colombia,Synthetic Fertilizers,Emissions (CO2eq) (AR5),kilotonnes,1844.5599,1662.9345,1979.166,2064.5545,2087.3263,1905.913,1904.0691,1961.5347,1869.9218,2028.1161,2231.5704,2442.3805,2328.3985,2139.9663,2555.5582,2585.2351,2389.897,2937.9845,2705.4787,2551.1855,2923.8702
Colombia,Synthetic Fertilizers,Emissions (CO2eq) (AR5),kilotonnes,816.2,720.8,1181.9,916.9,869.2,1248.15,1476.05,1621.8,1407.15,1086.5,1900.05,1237.55,2557.25,1354.15,1611.2,,,,,,
Colombia,Drained organic soils,Emissions (CO2eq) (AR5),kilotonnes,522.0113,545.8336,557.2938,575.8357,615.4702,615.4702,615.4702,621.6888,637.4691,639.3892,653.5477,672.4707,672.4707,683.2423,683.2423,683.2423,683.2423,687.6959,687.6959,734.0508,738.5062
Colombia,Drained organic soils,Emissions (CO2eq) (AR5),kilotonnes,1780.8,1780.8,1780.8,1780.8,1780.8,1780.8,1780.8,1780.8,1780.8,1780.8,1780.8,1780.8,1780.8,1770.2,1770.2,,,,,,
Colombia,Drained organic soils (CO2),Emissions (CO2),kilotonnes,498.4408,521.1694,532.1003,549.8662,587.8598,587.8598,587.8598,593.8227,608.9239,610.7559,624.3412,642.444,642.444,652.6865,652.6865,652.6865,652.6865,656.9638,656.9638,701.2562,705.5352
Colombia,Drained organic soils (CO2),Emissions (CO2eq) (AR5),kilotonnes,498.4408,521.1694,532.1003,549.8662,587.8598,587.8598,587.8598,593.8227,608.9239,610.7559,624.3412,642.444,642.444,652.6865,652.6865,652.6865,652.6865,656.9638,656.9638,701.2562,705.5352
Colombia,Drained organic soils (N2O),Emissions (N2O),kilotonnes,0.0889,0.0931,0.0951,0.098,0.1042,0.1042,0.1042,0.1052,0.1077,0.1081,0.1102,0.1133,0.1133,0.1153,0.1153,0.1153,0.1153,0.116,0.116,0.1238,0.1244
Colombia,Drained organic soils (N2O),Emissions (N2O),kilotonnes,6.72,6.72,6.72,6.72,6.72,6.72,6.72,6.72,6.72,6.72,6.72,6.72,6.72,6.68,6.68,,,,,,
Colombia,Drained organic soils (N2O),Emissions (CO2eq) from N2O (AR5),kilotonnes,23.5705,24.6642,25.1935,25.9695,27.6104,27.6104,27.6104,27.8661,28.5451,28.6333,29.2065,30.0267,30.0267,30.5558,30.5558,30.5558,30.5558,30.732,30.732,32.7946,32.971
Colombia,Drained organic soils (N2O),Emissions (CO2eq) from N2O (AR5),kilotonnes,1780.8,1780.8,1780.8,1780.8,1780.8,1780.8,1780.8,1780.8,1780.8,1780.8,1780.8,1780.8,1780.8,1770.2,1770.2,,,,,,
Colombia,Drained organic soils (N2O),Emissions (CO2eq) (AR5),kilotonnes,23.5705,24.6642,25.1935,25.9695,27.6104,27.6104,27.6104,27.8661,28.5451,28.6333,29.2065,30.0267,30.0267,30.5558,30.5558,30.5558,30.5558,30.732,30.732,32.7946,32.971
Colombia,Drained organic soils (N2O),Emissions (CO2eq) (AR5),kilotonnes,1780.8,1780.8,1780.8,1780.8,1780.8,1780.8,1780.8,1780.8,1780.8,1780.8,1780.8,1780.8,1780.8,1770.2,1770.2,,,,,,
Colombia,On-farm energy use,Emissions (CH4),kilotonnes,3.5933,3.6052,3.41,3.6666,3.1772,3.352,1.9606,2.9625,0.7264,0.7879,0.585,1.3489,0.8003,9.878,10.1514,8.687,8.8712,9.3614,9.4447,9.3033,9.3033
Colombia,On-farm energy use,Emissions (N2O),kilotonnes,0.2559,0.5891,0.5943,0.6214,0.5316,0.5166,0.5564,0.5774,0.6302,0.8394,0.8643,1.0819,1.1457,0.1677,0.1701,0.1579,0.1318,0.1282,0.1495,0.1453,0.1453
Colombia,On-farm energy use,Emissions (CO2),kilotonnes,1990.014,2898.4786,2873.527,3034.6802,2673.4048,2723.9933,2452.6137,2812.5736,2370.9052,2873.742,2925.1613,3754.1901,3781.3084,4013.5186,4086.6411,3653.9161,3697.099,3856.8512,3938.6979,3909.1093,3909.1093
Colombia,On-farm energy use,Emissions (CO2eq) from CH4 (AR5),kilotonnes,100.6125,100.9458,95.4797,102.6662,88.9615,93.8556,54.8979,82.9497,20.3389,22.0607,16.3788,37.7706,22.4074,276.5839,284.2392,243.2367,248.3945,262.1205,264.4502,260.4924,260.4924
Colombia,On-farm energy use,Emissions (CO2eq) from N2O (AR5),kilotonnes,67.8174,156.1077,157.4851,164.6694,140.8866,136.8934,147.4437,153.0112,167.0156,222.438,229.0314,286.6936,303.605,44.4451,45.0744,41.8341,34.9356,33.9748,39.6091,38.516,38.516
Colombia,On-farm energy use,Emissions (CO2eq) (AR5),kilotonnes,2158.4439,3155.5321,3126.4918,3302.0158,2903.2529,2954.7423,2654.9554,3048.5346,2558.2598,3118.2407,3170.5714,4078.6542,4107.3208,4334.5476,4415.9548,3938.9869,3980.4291,4152.9464,4242.7572,4208.1177,4208.1177
Colombia,Forestland,Emissions (CO2),kilotonnes,-2843.1953,-8922.7497,-8922.7497,-8922.7497,-8922.7497,-8922.7497,-8922.7497,-8922.7497,-8922.7497,-8922.7497,-8922.7497,-3534.3359,-3534.3359,-3534.3359,-3534.3359,-3534.3359,-281.4225,-281.4225,-281.4225,-281.4225,-281.4225
Colombia,Forestland,Emissions (CO2),kilotonnes,,-12207.61,-12626.34,-13104.98,,-14692.71,-15537.64,-16305.29,-17120.67,-17168.37,-17150.48,-16878.66,-16529.51,-16096.76,-15602.55,,,,,,
Colombia,Forestland,Emissions (CO2eq) (AR5),kilotonnes,-2843.1953,-8922.7497,-8922.7497,-8922.7497,-8922.7497,-8922.7497,-8922.7497,-8922.7497,-8922.7497,-8922.7497,-8922.7497,-3534.3359,-3534.3359,-3534.3359,-3534.3359,-3534.3359,-281.4225,-281.4225,-281.4225,-281.4225,-281.4225
Colombia,Forestland,Emissions (CO2eq) (AR5),kilotonnes,,-12207.61,-12626.34,-13104.98,,-14692.71,-15537.64,-16305.29,-17120.67,-17168.37,-17150.48,-16878.66,-16529.51,-16096.76,-15602.55,,,,,,
Colombia,Net Forest conversion,Emissions (CO2),kilotonnes,94828.6335,88702.3132,88702.3132,88702.3132,88702.3132,88702.3132,88702.3132,88702.3132,88702.3132,88702.3132,88702.3132,59250.2035,59250.2035,59250.2035,59250.2035,59250.2035,82452.6637,82452.6637,82452.6637,82452.6637,82452.6637
Colombia,Net Forest conversion,Emissions (CO2eq) (AR5),kilotonnes,94828.6335,88702.3132,88702.3132,88702.3132,88702.3132,88702.3132,88702.3132,88702.3132,88702.3132,88702.3132,88702.3132,59250.2035,59250.2035,59250.2035,59250.2035,59250.2035,82452.6637,82452.6637,82452.6637,82452.6637,82452.6637
Colombia,Savanna fires,Emissions (CH4),kilotonnes,16.3792,35.5763,28.7367,45.9965,55.8974,30.9753,23.4422,52.306,38.3547,25.7541,27.3914,21.9097,20.6289,24.7878,34.8895,19.6098,27.7747,18.0243,32.4554,23.4378,32.8427
Colombia,Savanna fires,Emissions (N2O),kilotonnes,1.4955,3.2483,2.6238,4.1997,5.1037,2.8282,2.1404,4.7758,3.502,2.3515,2.501,2.0005,1.8835,2.2632,3.1856,1.7905,2.5359,1.6457,2.9633,2.14,2.9987
Colombia,Savanna fires,Emissions (CO2eq) from CH4 (AR5),kilotonnes,458.6163,996.1375,804.627,1287.9011,1565.1277,867.3072,656.3819,1464.5669,1073.9316,721.1161,766.959,613.4714,577.6085,694.0596,976.9052,549.0741,777.6904,504.6791,908.7503,656.2592,919.5947
Colombia,Savanna fires,Emissions (CO2eq) from N2O (AR5),kilotonnes,396.3043,860.7927,695.3026,1112.9146,1352.4745,749.4666,567.1995,1265.5768,928.017,623.1384,662.7526,530.1193,499.1291,599.7581,844.1735,474.4717,672.026,436.1085,785.2788,567.0936,794.6498
Colombia,Savanna fires,Emissions (CO2eq) (AR5),kilotonnes,854.9206,1856.9303,1499.9296,2400.8157,2917.6022,1616.7738,1223.5814,2730.1437,2001.9486,1344.2545,1429.7116,1143.5906,1076.7376,1293.8177,1821.0788,1023.5458,1449.7164,940.7876,1694.029,1223.3528,1714.2445
Colombia,Fires in organic soils,Emissions (CH4),kilotonnes,0,0,0,0,0,0,0,0,0,0,0,0,0,0,0,0,0,0,0,0,0
Colombia,Fires in organic soils,Emissions (CO2),kilotonnes,0,0,0,0,0,0,0,0,0,0,0,0,0,0,0,0,0,0,0,0,0
Colombia,Fires in organic soils,Emissions (CO2eq) from CH4 (AR5),kilotonnes,0,0,0,0,0,0,0,0,0,0,0,0,0,0,0,0,0,0,0,0,0
Colombia,Fires in organic soils,Emissions (CO2eq) (AR5),kilotonnes,0,0,0,0,0,0,0,0,0,0,0,0,0,0,0,0,0,0,0,0,0
Colombia,Forest fires,Emissions (CH4),kilotonnes,22.3965,2.341,1.1545,5.8824,18.3508,1.3954,3.3322,14.8045,4.1535,2.0194,1.5308,2.1784,2.346,3.1965,6.8937,7.1034,7.5066,4.3434,21.5883,4.4874,8.3154
Colombia,Forest fires,Emissions (N2O),kilotonnes,0.6587,0.2137,0.1054,0.5371,1.6755,0.1274,0.3042,1.3517,0.3792,0.1844,0.1398,0.1989,0.2142,0.2919,0.6294,0.6486,0.6854,0.3966,1.9711,0.4097,0.7592
Colombia,Forest fires,Emissions (CO2eq) from CH4 (AR5),kilotonnes,627.101,65.5474,32.326,164.7061,513.8225,39.0711,93.302,414.525,116.2975,56.542,42.8615,60.9957,65.6868,89.5021,193.0234,198.895,210.1855,121.6144,604.4722,125.6467,232.832
Colombia,Forest fires,Emissions (CO2eq) from N2O (AR5),kilotonnes,174.5608,56.6415,27.9339,142.3275,444.0097,33.7626,80.6251,358.2037,100.4962,48.8597,37.038,52.7082,56.762,77.3414,166.7974,171.8712,181.6277,105.0907,522.3428,108.5751,201.1972
Colombia,Forest fires,Emissions (CO2eq) (AR5),kilotonnes,801.6618,122.1888,60.2598,307.0336,957.8322,72.8337,173.9271,772.7287,216.7937,105.4017,79.8995,113.7039,122.4488,166.8435,359.8208,370.7663,391.8133,226.7051,1126.815,234.2218,434.0292
Colombia,Fires in humid tropical forests,Emissions (CH4),kilotonnes,20.9914,1.6967,1.0133,5.1785,17.5184,1.2393,3.0423,13.3253,4.042,1.8509,1.1542,2.114,1.7365,2.8719,6.4699,6.6276,7.2068,4.2839,21.281,3.9893,7.8371
Colombia,Fires in humid tropical forests,Emissions (N2O),kilotonnes,0.6174,0.1549,0.0925,0.4728,1.5995,0.1132,0.2778,1.2167,0.369,0.169,0.1054,0.193,0.1586,0.2622,0.5907,0.6051,0.658,0.3911,1.943,0.3642,0.7156
Colombia,Fires in humid tropical forests,Emissions (CO2eq) from CH4 (AR5),kilotonnes,587.7598,47.5075,28.3713,144.999,490.5142,34.7005,85.1841,373.109,113.1751,51.8242,32.3165,59.1921,48.6225,80.4133,181.158,185.5735,201.7906,119.9494,595.8681,111.7001,219.4399
Colombia,Fires in humid tropical forests,Emissions (CO2eq) from N2O (AR5),kilotonnes,163.6097,41.0527,24.5165,125.2981,423.8683,29.9857,73.6102,322.4149,97.798,44.7829,27.9256,51.1497,42.0162,69.4876,156.5441,160.3597,174.3734,103.652,514.9078,96.5234,189.6247
Colombia,Fires in humid tropical forests,Emissions (CO2eq) (AR5),kilotonnes,751.3694,88.5602,52.8878,270.2971,914.3825,64.6862,158.7943,695.5239,210.9731,96.6071,60.2421,110.3417,90.6387,149.9008,337.7022,345.9332,376.1639,223.6014,1110.7759,208.2235,409.0646
Colombia,Waste - agri-food systems,Emissions (CH4),kilotonnes,392.4297,393.2008,394.5614,393.4916,395.0746,396.438,397.3244,398.0536,399.416,400.7668,401.0632,402.7868,403.9923,405.1325,402.5673,400.5526,400.4944,400.694,401.1665,400.9623,400.1721
Colombia,Waste - agri-food systems,Emissions (N2O),kilotonnes,0.8757,0.9084,0.932,0.9549,0.9728,1.0117,1.0705,1.1083,1.1495,1.1326,1.1612,1.2084,1.2639,1.2983,1.3542,1.4101,1.4574,1.5149,1.5535,1.587,1.6174
Colombia,Waste - agri-food systems,Emissions (CO2),kilotonnes,3.4731,3.4708,3.4704,3.4657,3.4949,3.5248,3.5391,3.5725,3.5946,3.5889,3.6176,3.639,3.653,3.6571,3.6567,3.6209,3.6158,3.6292,3.6387,3.6341,3.6096
Colombia,Waste - agri-food systems,Emissions (CO2eq) from CH4 (AR5),kilotonnes,10988.0302,11009.623,11047.7202,11017.7651,11062.0889,11100.2631,11125.0839,11145.5006,11183.6477,11221.4697,11229.7691,11278.0314,11311.7831,11343.7103,11271.8847,11215.4726,11213.8432,11219.4327,11232.662,11226.9435,11204.8177
Colombia,Waste - agri-food systems,Emissions (CO2eq) from N2O (AR5),kilotonnes,232.0576,240.7312,246.9912,253.0605,257.7817,268.0915,283.6803,293.694,304.6077,300.1276,307.731,320.2167,334.9457,344.0463,358.8506,373.689,386.219,401.4382,411.6749,420.5451,428.613
Colombia,Waste - agri-food systems,Emissions (CO2eq) (AR5),kilotonnes,11223.561,11253.8249,11298.1819,11274.2913,11323.3655,11371.8795,11412.3033,11442.7671,11491.8499,11525.1862,11541.1177,11601.8872,11650.3818,11691.4137,11634.3921,11592.7826,11603.678,11624.5002,11647.9756,11651.1226,11637.0403
Colombia,Fertilizers Manufacturing,Emissions (N2O),kilotonnes,0.5068,0.4556,0.4056,0.3564,0.2918,0.3232,0.012,0.2156,0.0774,0.0251,0,0,0,0,0,0,0,0,0,0,0
Colombia,Fertilizers Manufacturing,Emissions (CO2),kilotonnes,1315.2773,1287.1899,1264.247,1247.1483,1173.4355,757.8544,1173.3556,1228.549,887.5327,1007.2785,1007.472,1200.7502,1177.4955,1125.4114,1059.55,356.244,365.6317,692.1437,646.1475,599.6496,523.8318
Colombia,Fertilizers Manufacturing,Emissions (CO2eq) from N2O (AR5),kilotonnes,134.302,120.734,107.484,94.446,77.327,85.648,3.18,57.134,20.511,6.6515,0,0,0,0,0,0,0,0,0,0,0
Colombia,Fertilizers Manufacturing,Emissions (CO2eq) (AR5),kilotonnes,1449.5793,1407.9239,1371.731,1341.5943,1250.7625,843.5024,1176.5356,1285.683,908.0437,1013.93,1007.472,1200.7502,1177.4955,1125.4114,1059.55,356.244,365.6317,692.1437,646.1475,599.6496,523.8318
Colombia,On-farm electricity use,Emissions (CH4),kilotonnes,1.5479,1.5479,1.5623,1.122,1.5587,1.0548,1.0632,1.086,1.0728,2.0555,2.1167,2.1599,2.5475,0.66,0.6576,0.7068,0.7164,0.7452,0.9275,0.9816,0.9816
Colombia,On-farm electricity use,Emissions (N2O),kilotonnes,0.0083,0.0083,0.0083,0.006,0.0083,0.0056,0.0057,0.0058,0.0057,0.011,0.0112,0.0115,0.0135,0.0035,0.0035,0.0037,0.0039,0.004,0.0049,0.0053,0.0053
Colombia,On-farm electricity use,Emissions (CO2),kilotonnes,207.0306,212.6759,200.5743,141.9139,152.0812,115.4461,112.4707,115.2077,95.8192,300.8494,314.6815,187.7682,260.6357,73.8495,73.581,79.0861,80.1602,83.3828,103.7922,109.8344,109.8344
Colombia,On-farm electricity use,Emissions (CO2eq) from CH4 (AR5),kilotonnes,43.3412,43.3412,43.7444,31.416,43.6436,29.5344,29.7696,30.408,30.0384,57.554,59.2676,60.4772,71.33,18.48,18.4128,19.7904,20.0592,20.8656,25.97,27.4848,27.4848
Colombia,On-farm electricity use,Emissions (CO2eq) from N2O (AR5),kilotonnes,2.1995,2.1995,2.1995,1.59,2.1995,1.484,1.5105,1.537,1.5105,2.915,2.968,3.0475,3.5775,0.9275,0.9275,0.9805,1.0335,1.06,1.2985,1.4045,1.4045
Colombia,On-farm electricity use,Emissions (CO2eq) (AR5),kilotonnes,252.5713,258.2166,246.5182,174.9199,197.9243,146.4645,143.7508,147.1527,127.3681,361.3184,376.9171,251.2929,335.5432,93.257,92.9213,99.857,101.2529,105.3084,131.0607,138.7237,138.7237
Colombia,Food Processing,Emissions (CH4),kilotonnes,0,0,0,0,0,0,0,3.079,7.6972,8.0592,8.321,9.0724,9.2404,4.2185,4.6331,4.5185,4.8761,5.1779,4.6325,4.6325,4.737
Colombia,Food Processing,Emissions (N2O),kilotonnes,0,0,0,0,0,0,0,0.0171,0.0424,0.0444,0.0461,0.0502,0.0513,0.0648,0.0652,0.0598,0.065,0.0741,0.0722,0.0722,0.0731
Colombia,Food Processing,Emissions (CO2),kilotonnes,0,0,0,0,0,0,0,718.4231,1376.3104,1756.646,1882.8952,1400.9288,1611.2142,4003.923,3930.3647,3577.8564,3846.0402,4384.1726,4379.7124,4379.7124,3825.9557
Colombia,Food Processing,Emissions (CO2eq) from CH4 (AR5),kilotonnes,0,0,0,0,0,0,0,86.212,215.5216,225.6576,232.988,254.0272,258.7312,118.118,129.7268,126.518,136.5308,144.9812,129.71,129.71,132.6358
Colombia,Food Processing,Emissions (CO2eq) from N2O (AR5),kilotonnes,0,0,0,0,0,0,0,4.5315,11.236,11.766,12.2165,13.303,13.5945,17.172,17.278,15.847,17.225,19.6365,19.133,19.133,19.3692
Colombia,Food Processing,Emissions (CO2eq) (AR5),kilotonnes,0,0,0,0,0,0,0,809.1666,1603.068,1994.0696,2128.0997,1668.259,1883.5399,4139.213,4077.3695,3720.2214,3999.796,4548.7903,4528.5554,4528.5554,3977.9607
Colombia,Food Packaging,Emissions (CH4),kilotonnes,0.3511,0.3558,0.3616,0.3625,0.3583,0.3623,0.3746,0.3887,0.7165,0.8202,0.882,0.9145,0.8875,1.1724,1.2103,1.178,1.1476,1.1494,1.1687,1.1669,1.1932
Colombia,Food Packaging,Emissions (N2O),kilotonnes,0.0031,0.0031,0.0031,0.0033,0.0031,0.0032,0.003,0.0032,0.0049,0.0054,0.0058,0.0061,0.0058,0.018,0.0172,0.0157,0.0151,0.0154,0.0159,0.0136,0.0138
Colombia,Food Packaging,Emissions (CO2),kilotonnes,212.3776,221.7588,232.8499,244.8265,231.2026,246.1486,229.1249,237.1697,373.9971,404.0101,422.9136,373.1454,364.42,1144.6405,1053.338,958.2206,961.1834,982.4089,997.1349,877.9699,766.9622
Colombia,Food Packaging,Emissions (CO2eq) from CH4 (AR5),kilotonnes,9.8308,9.9624,10.1248,10.15,10.0324,10.1444,10.4888,10.8836,20.062,22.9656,24.696,25.606,24.85,32.8272,33.8884,32.984,32.1328,32.1832,32.7236,32.6732,33.4102
Colombia,Food Packaging,Emissions (CO2eq) from N2O (AR5),kilotonnes,0.8215,0.8215,0.8215,0.8745,0.8215,0.848,0.795,0.848,1.2985,1.431,1.537,1.6165,1.537,4.77,4.558,4.1605,4.0015,4.081,4.2135,3.604,3.6485
Colombia,Food Packaging,Emissions (CO2eq) (AR5),kilotonnes,223.0299,232.5427,243.7962,255.851,242.0565,257.141,240.4087,248.9013,395.3576,428.4067,449.1466,400.3679,390.807,1182.2377,1091.7844,995.3651,997.3177,1018.6731,1034.072,914.2471,804.0209
Colombia,Food Retail,Emissions (CH4),kilotonnes,0.0015,0.0016,0.0016,0.0016,0.0015,0.0015,0.0016,0.0016,2.2947,2.5368,2.6137,2.6661,2.7702,2.8208,2.9278,2.982,3.017,3.6275,3.0356,3.7762,3.8614
Colombia,Food Retail,Emissions (N2O),kilotonnes,0.0002,0.0002,0.0002,0.0002,0.0002,0.0002,0.0002,0.0002,0.0124,0.0139,0.0144,0.0147,0.0153,0.0154,0.016,0.0162,0.0164,0.0197,0.0166,0.0206,0.0209
Colombia,Food Retail,Emissions (CO2),kilotonnes,85.8343,85.9951,84.5484,86.9595,82.6196,90.4957,94.032,90.335,341.1977,503.3029,545.7488,412.8115,487.9948,520.8546,544.25,533.6278,542.3553,603.6252,595.1685,671.2034,586.3386
Colombia,Food Retail,Emissions (CO2eq) from CH4 (AR5),kilotonnes,0.0431,0.0445,0.0453,0.044,0.0422,0.0423,0.0436,0.0448,64.2516,71.0304,73.1836,74.6508,77.5656,78.9824,81.9784,83.496,84.476,101.57,84.9968,105.7336,108.1186
Colombia,Food Retail,Emissions (CO2eq) from N2O (AR5),kilotonnes,0.052,0.052,0.0522,0.0543,0.0499,0.0504,0.052,0.053,3.286,3.6835,3.816,3.8955,4.0545,4.081,4.24,4.293,4.346,5.2205,4.399,5.459,5.5264
Colombia,Food Retail,Emissions (CO2eq) (AR5),kilotonnes,85.9294,86.0915,84.6459,87.0578,82.7117,90.5885,94.1276,90.4328,408.7353,578.0168,622.7484,491.3578,569.6149,603.918,630.4684,621.4168,631.1773,710.4157,684.5643,782.396,699.9836
Colombia,Food Household Consumption,Emissions (CH4),kilotonnes,5.2445,6.727,6.6787,7.0038,7.3016,7.5032,7.8051,8.1176,8.984,9.3387,9.4877,10.1123,10.1462,9.7705,10.3238,10.4512,10.5984,10.8075,11.451,11.451,11.7093
Colombia,Food Household Consumption,Emissions (N2O),kilotonnes,0.0299,0.0382,0.0373,0.0392,0.0408,0.0418,0.0441,0.0457,0.0497,0.0513,0.0521,0.0556,0.0556,0.0536,0.0566,0.0573,0.0581,0.0593,0.0627,0.0627,0.0635
Colombia,Food Household Consumption,Emissions (CO2),kilotonnes,1975.7753,2441.321,2167.7136,2143.9259,2071.4529,2225.8289,2490.8594,2529.4036,2300.7037,2670.8886,2761.0303,2302.9603,2372.9392,2471.8353,2611.75,2567.2856,2637.6729,2659.3064,2801.6808,2801.6808,2447.4453
Colombia,Food Household Consumption,Emissions (CO2eq) from CH4 (AR5),kilotonnes,146.846,188.356,187.0036,196.1064,204.4448,210.0896,218.5428,227.2928,251.552,261.4836,265.6556,283.1444,284.0936,273.574,289.0664,292.6336,296.7552,302.61,320.628,320.628,327.8602
Colombia,Food Household Consumption,Emissions (CO2eq) from N2O (AR5),kilotonnes,7.9235,10.123,9.8845,10.388,10.812,11.077,11.6865,12.1105,13.1705,13.5945,13.8065,14.734,14.734,14.204,14.999,15.1845,15.3965,15.7145,16.6155,16.6155,16.8206
Colombia,Food Household Consumption,Emissions (CO2eq) (AR5),kilotonnes,2130.5448,2639.8,2364.6017,2350.4203,2286.7097,2446.9955,2721.0887,2768.8069,2565.4262,2945.9667,3040.4924,2600.8387,2671.7668,2759.6133,2915.8154,2875.1037,2949.8246,2977.6309,3138.9243,3138.9243,2792.1261
Colombia,Food Transport,Emissions (CH4),kilotonnes,0.5417,0.4732,0.4535,0.4477,0.4887,0.4922,0.5378,0.4838,0.6084,0.5293,0.5513,0.589,0.6137,0.6806,0.7176,0.767,0.7679,0.7383,0.768,0.6751,0.6903
Colombia,Food Transport,Emissions (N2O),kilotonnes,0.0541,0.0587,0.0557,0.0572,0.0658,0.0665,0.0682,0.0647,0.0706,0.0626,0.0647,0.0764,0.0805,0.0789,0.08,0.087,0.09,0.0895,0.0932,0.0864,0.0875
Colombia,Food Transport,Emissions (CO2),kilotonnes,2012.8015,2111.313,1879.3015,1919.8495,2199.867,2213.5245,2318.36,2372.07,2420.095,2267.0605,2355.7355,2866.075,3014.993,2962.6865,3086.3995,3327.144,3455.4085,3445.5085,3577.6135,3258.1806,2846.2267
Colombia,Food Transport,Emissions (CO2eq) from CH4 (AR5),kilotonnes,15.1676,13.2496,12.698,12.5356,13.6836,13.7816,15.0584,13.5464,17.0352,14.8204,15.4364,16.492,17.1836,19.0568,20.0928,21.476,21.5012,20.6724,21.504,18.9028,19.3292
Colombia,Food Transport,Emissions (CO2eq) from N2O (AR5),kilotonnes,14.3365,15.5555,14.7605,15.158,17.437,17.6225,18.073,17.1455,18.709,16.589,17.1455,20.246,21.3325,20.9085,21.2,23.055,23.85,23.7175,24.698,22.896,23.1787
Colombia,Food Transport,Emissions (CO2eq) (AR5),kilotonnes,2042.3056,2140.1181,1906.76,1947.5431,2230.9876,2244.9286,2351.4914,2402.7619,2455.8392,2298.4699,2388.3174,2902.813,3053.5091,3002.6518,3127.6923,3371.675,3500.7597,3489.8984,3623.8155,3299.9794,2888.7346
Colombia,Energy,Emissions (CH4),kilotonnes,448,463,471,458,439,440,454,466,483,531,566,598,608,635,640,624,598,590,588,665,680
Colombia,Energy,Emissions (N2O),kilotonnes,2.01,2.01,2.02,2.1,1.93,1.95,2.01,2.05,2.16,2.35,2.42,2.73,2.79,2.13,2.2,2.22,2.42,2.18,2.19,2.43,2.46
Colombia,Energy,Emissions (CO2),kilotonnes,53400,53500,52600,54100,51400,56300,58500,56200,63100,69400,73200,72400,75700,86800,87500,81600,96500,87300,89400,95700,83600
Colombia,Energy,Emissions (CO2eq) from CH4 (AR5),kilotonnes,12544,12964,13188,12824,12292,12320,12712,13048,13524,14868,15848,16744,17024,17780,17920,17472,16744,16520,16464,18620,19040
Colombia,Energy,Emissions (CO2eq) from N2O (AR5),kilotonnes,532.65,532.65,535.3,556.5,511.45,516.75,532.65,543.25,572.4,622.75,641.3,723.45,739.35,564.45,583,588.3,641.3,577.7,580.35,643.95,651.9
Colombia,Energy,Emissions (CO2eq) (AR5),kilotonnes,66476.65,66996.65,66323.3,67480.5,64203.45,69136.75,71744.65,69791.25,77196.4,84890.75,89689.3,89867.45,93463.35,105144.45,106003,99660.3,113885.3,104397.7,106444.35,114963.95,103291.9
Colombia,IPPU,Emissions (CH4),kilotonnes,0.0332,0.0533,0.0679,0.0836,0.0848,0.089,0.0921,0.0882,0.0878,0.0888,0.0938,0.0958,0.096,0.0979,0.0959,0.0943,0.094,0.0932,0.0899,0.0961,0.0966
Colombia,IPPU,Emissions (N2O),kilotonnes,0.967,1.02,1.02,1.05,1.07,1.07,1.29,1.37,0.408,0.41,0.413,0.414,0.416,0.417,0.418,0.42,0.421,0.422,0.423,0.154,0.152
Colombia,IPPU,Emissions (CO2),kilotonnes,4070,3960,4010,4290,4340,5050,4820,5260,5160,4640,4750,5290,5740,5500,6010,6250,6030,5940,6000,6190,5690
Colombia,IPPU,Emissions (CO2eq) from F-gases (AR5),kilotonnes,10.4949,100.0907,141.8762,180.7464,236.1364,331.3683,394.5324,469.3575,621.9229,770.6014,971.7546,1068.93,1292.4336,1535.3722,1885.2039,2128.1425,2973.569,2954.1339,3255.3779,3167.9199,3381.7059
Colombia,IPPU,Emissions (CO2eq) from CH4 (AR5),kilotonnes,0.9296,1.4924,1.9012,2.3408,2.3744,2.492,2.5788,2.4696,2.4584,2.4864,2.6264,2.6824,2.688,2.7412,2.6852,2.6404,2.632,2.6096,2.5172,2.6908,2.7048
Colombia,IPPU,Emissions (CO2eq) from N2O (AR5),kilotonnes,256.255,270.3,270.3,278.25,283.55,283.55,341.85,363.05,108.12,108.65,109.445,109.71,110.24,110.505,110.77,111.3,111.565,111.83,112.095,40.81,40.28
Colombia,IPPU,Emissions (CO2eq) (AR5),kilotonnes,4337.6795,4331.8831,4424.0774,4751.3372,4862.0608,5667.4103,5558.9612,6094.8771,5892.5013,5521.7378,5833.826,6471.3224,7145.3616,7148.6184,8008.6591,8492.0829,9117.766,9008.5735,9369.9901,9401.4207,9114.6907
Colombia,Waste,Emissions (CH4),kilotonnes,591,602,615,629,644,659,675,692,705,719,734,753,770,784,799,814,825,834,845,868,883
Colombia,Waste,Emissions (N2O),kilotonnes,1.62,1.64,1.66,1.69,1.69,1.7,1.73,1.77,1.82,1.82,1.81,1.81,1.85,1.9,1.98,2.06,2.14,2.2,2.25,2.21,2.25
Colombia,Waste,Emissions (CO2),kilotonnes,13.3,13.6,13.9,14.2,14.4,14.7,15,15.2,15.5,15.7,16,16.2,16.5,16.7,16.9,17.2,17.4,17.6,17.8,18.1,18.4
Colombia,Waste,Emissions (CO2eq) from CH4 (AR5),kilotonnes,16548,16856,17220,17612,18032,18452,18900,19376,19740,20132,20552,21084,21560,21952,22372,22792,23100,23352,23660,24304,24724
Colombia,Waste,Emissions (CO2eq) from N2O (AR5),kilotonnes,429.3,434.6,439.9,447.85,447.85,450.5,458.45,469.05,482.3,482.3,479.65,479.65,490.25,503.5,524.7,545.9,567.1,583,596.25,585.65,596.25
Colombia,Waste,Emissions (CO2eq) (AR5),kilotonnes,16990.6,17304.2,17673.8,18074.05,18494.25,18917.2,19373.45,19860.25,20237.8,20630,21047.65,21579.85,22066.75,22472.2,22913.6,23355.1,23684.5,23952.6,24274.05,24907.75,25338.65
Colombia,Other,Emissions (N2O),kilotonnes,1.76,1.72,1.69,1.7,1.6,1.65,1.7,1.75,1.76,1.77,1.82,1.94,1.96,2.4,2.5,2.56,2.72,2.49,2.49,2.74,2.82
Colombia,Other,Emissions (CO2eq) from N2O (AR5),kilotonnes,466.4,455.8,447.85,450.5,424,437.25,450.5,463.75,466.4,469.05,482.3,514.1,519.4,636,662.5,678.4,720.8,659.85,659.85,726.1,747.3
Colombia,Other,Emissions (CO2eq) (AR5),kilotonnes,466.4,455.8,447.85,450.5,424,437.25,450.5,463.75,466.4,469.05,482.3,514.1,519.4,636,662.5,678.4,720.8,659.85,659.85,726.1,747.3
Colombia,Farm-gate emissions,Emissions (CH4),kilotonnes,1691.0552,1721.9906,1722.1451,1756.5686,1777.1115,1782.883,1771.0466,1818.0172,1821.8166,1812.5858,1851.8844,1725.4295,1614.584,1598.0334,1585.1853,1519.9845,1579.0558,1658.1784,1771.4909,1839.5715,1918.9903
Colombia,Farm-gate emissions,Direct emissions (N2O),kilotonnes,41.0651,40.8583,42.0354,42.5763,42.7838,43.1311,43.586,44.7755,44.8859,44.9242,46.4399,44.1733,41.2638,39.6399,40.7477,40.5667,40.4416,44.3697,46.1497,47.8231,50.4057
Colombia,Farm-gate emissions,Indirect emissions (N2O),kilotonnes,10.7976,10.7292,11.0923,11.248,11.2924,11.3042,11.2726,11.473,11.4672,11.6801,12.0688,11.6298,10.857,10.4291,10.8315,10.3967,10.5465,11.4295,11.8028,12.1635,12.9236
Colombia,Farm-gate emissions,Emissions (N2O),kilotonnes,55.0688,56.9798,57.8811,60.1677,61.198,59.2344,59.2017,63.5487,62.5703,61.9494,64.2281,61.2507,57.5995,54.9242,57.5037,55.2258,55.9303,59.8474,63.4422,64.9362,69.2323
Colombia,Farm-gate emissions,Emissions (CO2),kilotonnes,2488.4548,3419.6479,3405.6273,3584.5464,3261.2647,3311.8531,3040.4735,3406.3963,2979.8292,3484.4979,3549.5025,4396.6341,4423.7524,4666.2051,4739.3276,4306.6026,4349.7855,4513.815,4595.6618,4610.3655,4614.6445
Colombia,Farm-gate emissions,Emissions (CO2eq) from CH4 (AR5),kilotonnes,47349.5458,48215.7371,48220.0637,49183.9199,49759.1216,49920.724,49589.3042,50904.4803,51010.866,50752.4019,51852.7633,48312.0249,45208.351,44744.936,44385.189,42559.565,44213.5636,46428.9951,49601.7446,51508.0013,53731.7285
Colombia,Farm-gate emissions,Emissions (CO2eq) from N2O (AR5),kilotonnes,14593.2231,15099.6601,15338.4822,15944.4495,16217.46,15697.1069,15688.444,16840.4073,16581.1372,16416.5991,17020.4401,16231.4435,15263.8626,14554.9256,15238.4762,14634.8285,14821.5306,15859.5706,16812.1771,17208.0923,18346.5615
Colombia,Farm-gate emissions,Emissions (CO2eq) (AR5),kilotonnes,64431.2236,66735.0452,66964.1732,68712.9157,69237.8462,68929.684,68318.2217,71151.284,70571.8324,70653.4989,72422.7059,68940.1025,64895.9661,63966.0667,64362.9928,61500.996,63384.8797,66802.3807,71009.5835,73326.4591,76692.9346
Colombia,Land Use change,Emissions (CH4),kilotonnes,20.9914,1.6967,1.0133,5.1785,17.5184,1.2393,3.0423,13.3253,4.042,1.8509,1.1542,2.114,1.7365,2.8719,6.4699,6.6276,7.2068,4.2839,21.281,3.9893,7.8371
Colombia,Land Use change,Emissions (N2O),kilotonnes,0.6174,0.1549,0.0925,0.4728,1.5995,0.1132,0.2778,1.2167,0.369,0.169,0.1054,0.193,0.1586,0.2622,0.5907,0.6051,0.658,0.3911,1.943,0.3642,0.7156
Colombia,Land Use change,Emissions (CO2),kilotonnes,94828.6335,88702.3132,88702.3132,88702.3132,88702.3132,88702.3132,88702.3132,88702.3132,88702.3132,88702.3132,88702.3132,59250.2035,59250.2035,59250.2035,59250.2035,59250.2035,82452.6637,82452.6637,82452.6637,82452.6637,82452.6637
Colombia,Land Use change,Emissions (CO2eq) from CH4 (AR5),kilotonnes,587.7598,47.5075,28.3713,144.999,490.5142,34.7005,85.1841,373.109,113.1751,51.8242,32.3165,59.1921,48.6225,80.4133,181.158,185.5735,201.7906,119.9494,595.8681,111.7001,219.4399
Colombia,Land Use change,Emissions (CO2eq) from N2O (AR5),kilotonnes,163.6097,41.0527,24.5165,125.2981,423.8683,29.9857,73.6102,322.4149,97.798,44.7829,27.9256,51.1497,42.0162,69.4876,156.5441,160.3597,174.3734,103.652,514.9078,96.5234,189.6247
Colombia,Land Use change,Emissions (CO2eq) (AR5),kilotonnes,95580.0029,88790.8734,88755.201,88972.6103,89616.6957,88766.9994,88861.1075,89397.8371,88913.2863,88798.9203,88762.5553,59360.5453,59340.8422,59400.1044,59587.9057,59596.1368,82828.8276,82676.2651,83563.4396,82660.8872,82861.7283
Colombia,Emissions on agricultural land,Emissions (CH4),kilotonnes,1712.0466,1723.6873,1723.1584,1761.7471,1794.6298,1784.1223,1774.0889,1831.3425,1825.8586,1814.4366,1853.0386,1727.5435,1616.3205,1600.9053,1591.6552,1526.6121,1586.2626,1662.4623,1792.7719,1843.5608,1926.8274
Colombia,Emissions on agricultural land,Emissions (N2O),kilotonnes,55.6862,57.1348,57.9736,60.6406,62.7975,59.3475,59.4794,64.7654,62.9394,62.1184,64.3335,61.4437,57.758,55.1865,58.0944,55.8309,56.5883,60.2386,65.3852,65.3004,69.9479
Colombia,Emissions on agricultural land,Emissions (CO2),kilotonnes,97317.0882,92121.9612,92107.9405,92286.8596,91963.5779,92014.1663,91742.7868,92108.7095,91682.1424,92186.8111,92251.8157,63646.8376,63673.956,63916.4086,63989.5312,63556.8061,86802.4492,86966.4787,87048.3255,87063.0292,87067.3082
Colombia,Emissions on agricultural land,Emissions (CO2eq) from CH4 (AR5),kilotonnes,47937.3055,48263.2446,48248.435,49328.9189,50249.6358,49955.4244,49674.4883,51277.5894,51124.041,50804.2261,51885.0798,48371.217,45256.9735,44825.3493,44566.347,42745.1385,44415.3542,46548.9445,50197.6127,51619.7013,53951.1685
Colombia,Emissions on agricultural land,Emissions (CO2eq) from N2O (AR5),kilotonnes,14756.8327,15140.7128,15362.9987,16069.7475,16641.3282,15727.0926,15762.0542,17162.8222,16678.9353,16461.3819,17048.3657,16282.5932,15305.8788,14624.4131,15395.0203,14795.1882,14995.904,15963.2226,17327.0849,17304.6157,18536.1863
Colombia,Emissions on agricultural land,Emissions (CO2eq) (AR5),kilotonnes,160011.2265,155525.9185,155719.3742,157685.526,158854.5419,157696.6834,157179.3293,160549.1211,159485.1187,159452.4191,161185.2612,128300.6478,124236.8083,123366.171,123950.8985,121097.1328,146213.7073,149478.6458,154573.0231,155987.3462,159554.6629
Colombia,Pre- and post- production,Emissions (CH4),kilotonnes,400.1164,402.3063,403.6192,402.4292,404.7834,405.852,407.1067,411.2103,420.7896,424.1065,425.0356,428.301,430.1978,424.4553,423.0375,421.1561,421.6178,422.9398,423.1498,423.6456,423.3449
Colombia,Pre- and post- production,Emissions (N2O),kilotonnes,1.4781,1.4725,1.4422,1.4173,1.3827,1.4522,1.2037,1.4606,1.4126,1.3463,1.3555,1.4229,1.4859,1.5325,1.5927,1.6498,1.7059,1.7769,1.819,1.8478,1.8814
Colombia,Pre- and post- production,Emissions (CO2),kilotonnes,5812.5697,6363.7245,5832.7052,5788.0893,5914.1536,5652.823,6421.7417,7294.7306,7799.2504,8913.6249,9294.0945,8748.0784,9293.3454,12306.8579,12362.8899,11403.0854,11892.068,12854.1773,13104.8885,12701.8652,11110.2044
Colombia,Pre- and post- production,Emissions (CO2eq) from CH4 (AR5),kilotonnes,11203.2589,11264.5767,11301.3363,11268.0171,11333.9355,11363.8554,11398.9871,11513.8882,11782.1085,11874.9813,11900.9963,11992.429,12045.5371,11884.7487,11845.0503,11792.3706,11805.2984,11842.3151,11848.1944,11862.0759,11853.6565
Colombia,Pre- and post- production,Emissions (CO2eq) from N2O (AR5),kilotonnes,391.6926,390.2166,382.1935,375.5713,366.4286,384.8215,318.9773,387.0535,374.3292,356.7581,359.2205,377.0592,393.7757,406.1093,422.0531,437.2095,452.0715,470.8682,482.0324,489.6571,498.5609
Colombia,Pre- and post- production,Emissions (CO2eq) (AR5),kilotonnes,17407.5212,18018.5178,17516.235,17431.6778,17614.5178,17401.4999,18139.7061,19195.6723,19955.688,21145.3643,21554.3113,21117.5667,21732.6582,24597.7159,24629.9934,23632.6656,24149.4379,25167.3607,25435.1153,25053.5981,23462.4217
Colombia,Agri-food systems,Emissions (CH4),kilotonnes,2112.163,2125.9936,2126.7775,2164.1763,2199.4133,2189.9743,2181.1956,2242.5528,2246.6482,2238.5431,2278.0741,2155.8445,2046.5182,2025.3606,2014.6928,1947.7682,2007.8805,2085.4021,2215.9217,2267.2063,2350.1723
Colombia,Agri-food systems,Emissions (N2O),kilotonnes,57.1642,58.6073,59.4158,62.0578,64.1802,60.7997,60.6831,66.2259,64.3519,63.4647,65.689,62.8666,59.244,56.719,59.6871,57.4807,58.2942,62.0154,67.2042,67.1482,71.8292
Colombia,Agri-food systems,Emissions (CO2),kilotonnes,103129.658,98485.6856,97940.6456,98074.9489,97877.7315,97666.9893,98164.5284,99403.4401,99481.3928,101100.436,101545.9102,72394.9161,72967.3014,76223.2665,76352.4211,74959.8915,98694.5172,99820.6561,100153.214,99764.8944,98177.5126
Colombia,Agri-food systems,Emissions (CO2eq) from CH4 (AR5),kilotonnes,59140.5644,59527.8213,59549.7713,60596.936,61583.5713,61319.2798,61073.4754,62791.4775,62906.1495,62679.2074,63786.0761,60363.646,57302.5106,56710.098,56411.3973,54537.5091,56220.6526,58391.2596,62045.8071,63481.7772,65804.8249
Colombia,Agri-food systems,Emissions (CO2eq) from N2O (AR5),kilotonnes,15148.5253,15530.9294,15745.1921,16445.3188,17007.7568,16111.9141,16081.0314,17549.8757,17053.2644,16818.1401,17407.5862,16659.6524,15699.6545,15030.5224,15817.0735,15232.3977,15447.9755,16434.0908,17809.1172,17794.2728,19034.7471
Colombia,Agri-food systems,Emissions (CO2eq) (AR5),kilotonnes,177418.7477,173544.4363,173235.6091,175117.2037,176469.0596,175098.1833,175319.0353,179744.7934,179440.8067,180597.7835,182739.5725,149418.2145,145969.4665,147963.8869,148580.8919,144729.7984,170363.1453,174646.0065,180008.1384,181040.9444,183017.0847
Colombia,IPCC Agriculture,Emissions (CH4),kilotonnes,1687.4619,1718.3854,1718.7351,1752.9019,1773.9343,1779.531,1769.0859,1815.0547,1821.0903,1811.7979,1851.2994,1724.0805,1613.7837,1588.1554,1575.0339,1511.2974,1570.1846,1648.8169,1762.0462,1830.2682,1909.687
Colombia,IPCC Agriculture,Emissions (CH4),kilotonnes,957,978,985,1040,1090,1080,1070,1110,1080,1110,1130,1120,1110,1089.47,1096.34,,,,,,
Colombia,IPCC Agriculture,Direct emissions (N2O),kilotonnes,41.0651,40.8583,42.0354,42.5763,42.7838,43.1311,43.586,44.7755,44.8859,44.9242,46.4399,44.1733,41.2638,39.6399,40.7477,40.5667,40.4416,44.3697,46.1497,47.8231,50.4057
Colombia,IPCC Agriculture,Indirect emissions (N2O),kilotonnes,10.7976,10.7292,11.0923,11.248,11.2924,11.3042,11.2726,11.473,11.4672,11.6801,12.0688,11.6298,10.857,10.4291,10.8315,10.3967,10.5465,11.4295,11.8028,12.1635,12.9236
Colombia,IPCC Agriculture,Emissions (N2O),kilotonnes,54.8129,56.3908,57.2868,59.5463,60.6663,58.7178,58.6453,62.9713,61.9401,61.11,63.3638,60.1689,56.4538,54.7565,57.3336,55.0679,55.7985,59.7192,63.2927,64.7909,69.087
Colombia,IPCC Agriculture,Emissions (N2O),kilotonnes,57.02,57.19,59.21,60.45,63.54,65.46,65.25,67.48,65.33,64.51,69.02,62.46,67.53,63.71,64.94,,,,,,
Colombia,IPCC Agriculture,Emissions (CO2eq) from CH4 (AR5),kilotonnes,47248.9332,48114.7914,48124.584,49081.2537,49670.1601,49826.8684,49534.4063,50821.5306,50990.5271,50730.3411,51836.3845,48274.2544,45185.9437,44468.3522,44100.9497,42316.3283,43965.1691,46166.8746,49337.2944,51247.5089,53471.2361
Colombia,IPCC Agriculture,Emissions (CO2eq) from CH4 (AR5),kilotonnes,26796,27384,27580,29120,30520,30240,29960,31080,30240,31080,31640,31360,31080,30505.16,30697.52,,,,,,
Colombia,IPCC Agriculture,Emissions (CO2eq) from N2O (AR5),kilotonnes,14525.4057,14943.5524,15180.9971,15779.78,16076.5734,15560.2135,15541.0003,16687.3961,16414.1216,16194.1611,16791.4087,15944.7499,14960.2576,14510.4804,15193.4018,14592.9944,14786.595,15825.5959,16772.568,17169.5763,18308.0455
Colombia,IPCC Agriculture,Emissions (CO2eq) from N2O (AR5),kilotonnes,15110.3,15155.35,15690.65,16019.25,16838.1,17346.9,17291.25,17882.2,17312.45,17095.15,18290.3,16551.9,17895.45,16883.15,17209.1,,,,,,
Colombia,IPCC Agriculture,Emissions (CO2eq) (AR5),kilotonnes,61774.3389,63058.3437,63305.5811,64861.0337,65746.7334,65387.0819,65075.4065,67508.9267,67404.6487,66924.5023,68627.7932,64219.0043,60146.2013,58978.8326,59294.3515,56909.3226,58751.7641,61992.4705,66109.8624,68417.0852,71779.2817
Colombia,IPCC Agriculture,Emissions (CO2eq) (AR5),kilotonnes,41906.3,42539.35,43270.65,45139.25,47358.1,47586.9,47251.25,48962.2,47552.45,48175.15,49930.3,47911.9,48975.45,47388.31,47906.62,,,,,,
Colombia,Agricultural Soils,Direct emissions (N2O),kilotonnes,41.0651,40.8583,42.0354,42.5763,42.7838,43.1311,43.586,44.7755,44.8859,44.9242,46.4399,44.1733,41.2638,39.6399,40.7477,40.5667,40.4416,44.3697,46.1497,47.8231,50.4057
Colombia,Agricultural Soils,Direct emissions (N2O),kilotonnes,8.72,8.68,9.25,9.32,9.82,10.31,10.27,10.4,10.22,9.91,10.14,9.59,9.87,9.75,9.93,,,,,,
Colombia,Agricultural Soils,Indirect emissions (N2O),kilotonnes,10.7976,10.7292,11.0923,11.248,11.2924,11.3042,11.2726,11.473,11.4672,11.6801,12.0688,11.6298,10.857,10.4291,10.8315,10.3967,10.5465,11.4295,11.8028,12.1635,12.9236
Colombia,Agricultural Soils,Emissions (N2O),kilotonnes,51.9517,51.6806,53.2228,53.9222,54.1803,54.5395,54.9628,56.3537,56.4608,56.7124,58.6189,55.9164,52.234,50.1844,51.6944,51.0787,51.1034,55.9152,58.0685,60.1103,63.4537
Colombia,Agricultural Soils,Emissions (N2O),kilotonnes,102.25,,,,105.14,,,,,,,,,,,,,,,,
Colombia,Agricultural Soils,Emissions (CO2eq) from N2O (AR5),kilotonnes,13767.191,13695.3539,14104.0334,14289.386,14357.7804,14452.9649,14565.1455,14933.7182,14962.1125,15028.787,15534.0175,14817.8533,13842.016,13298.858,13699.0282,13535.8502,13542.3888,14817.5292,15388.1501,15929.2352,16815.2285
Colombia,Agricultural Soils,Emissions (CO2eq) from N2O (AR5),kilotonnes,27096.25,,,,27862.1,,,,,,,,,,,,,,,,
Colombia,Agricultural Soils,Emissions (CO2eq) (AR5),kilotonnes,13767.191,13695.3539,14104.0334,14289.386,14357.7804,14452.9649,14565.1455,14933.7182,14962.1125,15028.787,15534.0175,14817.8533,13842.016,13298.858,13699.0282,13535.8502,13542.3888,14817.5292,15388.1501,15929.2352,16815.2285
Colombia,Agricultural Soils,Emissions (CO2eq) (AR5),kilotonnes,27096.25,,,,27862.1,,,,,,,,,,,,,,,,
Colombia,LULUCF,Emissions (CH4),kilotonnes,22.3965,2.341,1.1545,5.8824,18.3508,1.3954,3.3322,14.8045,4.1535,2.0194,1.5308,2.1784,2.346,3.1965,6.8937,7.1034,7.5066,4.3434,21.5883,4.4874,8.3154
Colombia,LULUCF,Emissions (CH4),kilotonnes,12.67,,,,12.67,,,,,,,,,,,,,,,,
Colombia,LULUCF,Emissions (N2O),kilotonnes,0.6587,0.2137,0.1054,0.5371,1.6755,0.1274,0.3042,1.3517,0.3792,0.1844,0.1398,0.1989,0.2142,0.2919,0.6294,0.6486,0.6854,0.3966,1.9711,0.4097,0.7592
Colombia,LULUCF,Emissions (N2O),kilotonnes,0.09,,,,0.09,,,,,,,,,,,,,,,,
Colombia,LULUCF,Emissions (CO2),kilotonnes,92483.879,80300.7328,80311.6638,80329.4297,80367.4233,80367.4233,80367.4233,80373.3862,80388.4874,80390.3194,80403.9047,56358.3116,56358.3116,56368.5541,56368.5541,56368.5541,82823.9277,82828.205,82828.205,82872.4973,82876.7764
Colombia,LULUCF,Emissions (CO2),kilotonnes,29944.93,,,,25720.56,,,,,,,,,,,,,,,,
Colombia,LULUCF,Emissions (CO2eq) from CH4 (AR5),kilotonnes,627.101,65.5474,32.326,164.7061,513.8225,39.0711,93.302,414.525,116.2975,56.542,42.8615,60.9957,65.6868,89.5021,193.0234,198.895,210.1855,121.6144,604.4722,125.6467,232.832
Colombia,LULUCF,Emissions (CO2eq) from N2O (AR5),kilotonnes,174.5608,56.6415,27.9339,142.3275,444.0097,33.7626,80.6251,358.2037,100.4962,48.8597,37.038,52.7082,56.762,77.3414,166.7974,171.8712,181.6277,105.0907,522.3428,108.5751,201.1972
Colombia,LULUCF,Emissions (CO2eq) (AR5),kilotonnes,93285.5408,80422.9217,80371.9236,80636.4633,81325.2555,80440.257,80541.3504,81146.1149,80605.2811,80495.7211,80483.8042,56472.0155,56480.7605,56535.3976,56728.3749,56739.3204,83215.7409,83054.9101,83955.02,83106.7191,83310.8056
Colombia,LULUCF,Emissions (CO2eq) (AR5),kilotonnes,29944.93,,,,25720.56,,,,,,,,,,,,,,,,
Colombia,AFOLU,Emissions (CH4),kilotonnes,1709.8584,1720.7264,1719.8896,1758.7843,1792.2851,1780.9264,1772.4182,1829.8591,1825.2437,1813.8173,1852.8302,1726.2589,1616.1297,1591.3519,1581.9276,1518.4008,1577.6912,1653.1603,1783.6345,1834.7556,1918.0024
Colombia,AFOLU,Emissions (N2O),kilotonnes,55.4716,56.6045,57.3922,60.0834,62.3418,58.8452,58.9495,64.323,62.3193,61.2944,63.5036,60.3678,56.668,55.0484,57.963,55.7165,56.4839,60.1158,65.2638,65.2006,69.8462
Colombia,AFOLU,Emissions (CO2),kilotonnes,92483.879,80300.7328,80311.6638,80329.4297,80367.4233,80367.4233,80367.4233,80373.3862,80388.4874,80390.3194,80403.9047,56358.3116,56358.3116,56368.5541,56368.5541,56368.5541,82823.9277,82828.205,82828.205,82872.4973,82876.7764
Colombia,AFOLU,Emissions (CO2eq) from CH4 (AR5),kilotonnes,47876.0343,48180.3387,48156.91,49245.9598,50183.9826,49865.9395,49627.7083,51236.0556,51106.8246,50786.8832,51879.246,48335.25,45251.6305,44557.8542,44293.9731,42515.2233,44175.3547,46288.489,49941.7666,51373.1555,53704.0681
Colombia,AFOLU,Emissions (CO2eq) from N2O (AR5),kilotonnes,14699.9665,15000.1938,15208.9309,15922.1076,16520.5831,15593.976,15621.6254,17045.5998,16514.6178,16243.0208,16828.4467,15997.4581,15017.0196,14587.8219,15360.1991,14764.8656,14968.2227,15930.6866,17294.9108,17278.1514,18509.2428
Colombia,AFOLU,Emissions (CO2eq) (AR5),kilotonnes,155059.8797,143481.2654,143677.5047,145497.4971,147071.989,145827.3389,145616.7569,148655.0416,148009.9298,147420.2234,149111.5974,120691.0198,116626.9618,115514.2302,116022.7264,113648.643,141967.505,145047.3806,150064.8824,151523.8043,155090.0873
Colombia,All sectors with LULUCF,Emissions (CH4),kilotonnes,2748.8916,2785.7797,2805.9575,2845.8679,2875.3699,2880.0154,2901.5103,2987.9473,3013.3315,3063.9061,3152.924,3077.3547,2994.2257,3010.4498,3021.0235,2956.4951,3000.7852,3077.2535,3216.7244,3367.8517,3481.099
Colombia,All sectors with LULUCF,Emissions (N2O),kilotonnes,61.8286,62.9945,63.7822,66.6234,68.6318,65.2152,65.6795,71.263,68.4673,67.6444,69.9666,67.2618,63.684,61.8954,65.061,62.9765,64.1849,67.4078,72.6168,72.7346,77.5282
Colombia,All sectors with LULUCF,Emissions (CO2),kilotonnes,149967.179,137774.3328,136935.5638,138733.6297,136121.8233,141732.1233,143702.4233,141848.5862,148663.9874,154446.0194,158369.9047,134064.5116,137814.8116,148685.2541,149895.4541,144235.7541,185371.3277,176085.805,178246.005,184780.5973,172185.1764
Colombia,All sectors with LULUCF,Emissions (CO2eq) from F-gases (AR5),kilotonnes,10.4949,100.0907,141.8762,180.7464,236.1364,331.3683,394.5324,469.3575,621.9229,770.6014,971.7546,1068.93,1292.4336,1535.3722,1885.2039,2128.1425,2973.569,2954.1339,3255.3779,3167.9199,3381.7059
Colombia,All sectors with LULUCF,Emissions (CO2eq) from CH4 (AR5),kilotonnes,76968.9639,78001.8311,78566.8112,79684.3006,80510.357,80640.4315,81242.2871,83662.5252,84373.283,85789.3696,88281.8724,86165.9324,83838.3185,84292.5954,84588.6583,82781.8637,84021.9867,86163.0986,90068.2838,94299.8463,97470.7729
Colombia,All sectors with LULUCF,Emissions (CO2eq) from N2O (AR5),kilotonnes,16384.5715,16693.5438,16902.2809,17655.2076,18187.4331,17282.026,17405.0754,18884.6998,18143.8378,17925.7708,18541.1417,17824.3681,16876.2596,16402.2769,17241.1691,16688.7656,17008.9877,17863.0666,19243.4558,19274.6614,20544.9728
Colombia,All sectors with LULUCF,Emissions (CO2eq) (AR5),kilotonnes,243331.2093,232569.7985,232546.5321,236253.8842,235055.7497,239985.9492,242744.3181,244865.1687,251803.0311,258931.7612,266164.6734,239123.7422,239821.8234,250915.4986,253610.4854,245834.5259,289375.871,283066.1041,290813.1224,301523.025,293582.628
Colombia,All sectors without LULUCF,Emissions (CH4),kilotonnes,2726.4951,2783.4387,2804.803,2839.9855,2857.0191,2878.62,2898.178,2973.1429,3009.1781,3061.8867,3151.3932,3075.1763,2991.8797,3007.2533,3014.1298,2949.3917,2993.2786,3072.9101,3195.1361,3363.3643,3472.7836
Colombia,All sectors without LULUCF,Emissions (N2O),kilotonnes,61.1699,62.7808,63.6768,66.0863,66.9563,65.0878,65.3753,69.9113,68.0881,67.46,69.8268,67.0629,63.4698,61.6035,64.4316,62.3279,63.4995,67.0112,70.6457,72.3249,76.769
Colombia,All sectors without LULUCF,Emissions (CO2),kilotonnes,57483.3,57473.6,56623.9,58404.2,55754.4,61364.7,63335,61475.2,68275.5,74055.7,77966,77706.2,81456.5,92316.7,93526.9,87867.2,102547.4,93257.6,95417.8,101908.1,89308.4
Colombia,All sectors without LULUCF,Emissions (CO2eq) from F-gases (AR5),kilotonnes,10.4949,100.0907,141.8762,180.7464,236.1364,331.3683,394.5324,469.3575,621.9229,770.6014,971.7546,1068.93,1292.4336,1535.3722,1885.2039,2128.1425,2973.569,2954.1339,3255.3779,3167.9199,3381.7059
Colombia,All sectors without LULUCF,Emissions (CO2eq) from CH4 (AR5),kilotonnes,76341.8628,77936.2838,78534.4852,79519.5945,79996.5345,80601.3604,81148.9851,83248.0002,84256.9855,85732.8275,88239.0109,86104.9368,83772.6317,84203.0934,84395.6349,82582.9687,83811.8011,86041.4842,89463.8116,94174.1997,97237.9409
Colombia,All sectors without LULUCF,Emissions (CO2eq) from N2O (AR5),kilotonnes,16210.0107,16636.9024,16874.3471,17512.88,17743.4234,17248.2635,17324.4503,18526.4961,18043.3416,17876.9111,18504.1037,17771.6599,16819.4976,16324.9354,17074.3718,16516.8944,16827.36,17757.9759,18721.113,19166.0863,20343.7755
Colombia,All sectors without LULUCF,Emissions (CO2eq) (AR5),kilotonnes,150045.6685,152146.8768,152174.6085,155617.4209,153730.4942,159545.6922,162202.9677,163719.0538,171197.75,178436.04,185680.8692,182651.7267,183341.0629,194380.101,196882.1106,189095.2056,206160.1301,200011.194,206858.1024,218416.3059,210271.8224
Comoros,Crop Residues,Direct emissions (N2O),kilotonnes,0.0062,0.0069,0.007,0.0072,0.0073,0.0073,0.0082,0.007,0.0083,0.0086,0.0094,0.0104,0.0107,0.0112,0.0117,0.0118,0.0117,0.0117,0.0118,0.0118,0.0118
Comoros,Crop Residues,Indirect emissions (N2O),kilotonnes,0.0014,0.0016,0.0016,0.0016,0.0016,0.0017,0.0018,0.0016,0.0019,0.0019,0.0021,0.0023,0.0024,0.0025,0.0026,0.0027,0.0026,0.0026,0.0026,0.0026,0.0026
Comoros,Crop Residues,Emissions (N2O),kilotonnes,0.0076,0.0085,0.0086,0.0088,0.009,0.009,0.01,0.0085,0.0101,0.0105,0.0116,0.0127,0.0131,0.0138,0.0143,0.0145,0.0144,0.0144,0.0144,0.0144,0.0144
Comoros,Crop Residues,Emissions (CO2eq) from N2O (AR5),kilotonnes,2.0243,2.2397,2.2728,2.3234,2.3731,2.3846,2.6594,2.2631,2.6841,2.7946,3.0608,3.3633,3.4791,3.6459,3.7877,3.8395,3.811,3.8128,3.8211,3.8149,3.8163
Comoros,Crop Residues,Emissions (CO2eq) (AR5),kilotonnes,2.0243,2.2397,2.2728,2.3234,2.3731,2.3846,2.6594,2.2631,2.6841,2.7946,3.0608,3.3633,3.4791,3.6459,3.7877,3.8395,3.811,3.8128,3.8211,3.8149,3.8163
Comoros,Rice Cultivation,Emissions (CH4),kilotonnes,3.5367,3.9516,4.0256,4.1045,4.1854,4.2,4.76,3.92,4.76,4.9,5.32,5.88,6.16,6.3,6.5848,6.7018,6.5288,6.6052,6.6119,6.582,6.5996
Comoros,Rice Cultivation,Emissions (CO2eq) from CH4 (AR5),kilotonnes,99.027,110.6459,112.7157,114.9266,117.1923,117.6,133.28,109.76,133.28,137.2,148.96,164.64,172.48,176.4,184.3733,187.6504,182.8053,184.9456,185.1338,184.2949,184.7888
Comoros,Rice Cultivation,Emissions (CO2eq) (AR5),kilotonnes,99.027,110.6459,112.7157,114.9266,117.1923,117.6,133.28,109.76,133.28,137.2,148.96,164.64,172.48,176.4,184.3733,187.6504,182.8053,184.9456,185.1338,184.2949,184.7888
Comoros,Burning - Crop residues,Emissions (CH4),kilotonnes,0.0234,0.0257,0.0261,0.0268,0.0274,0.0276,0.0306,0.0266,0.0313,0.0324,0.035,0.0382,0.0397,0.0415,0.0432,0.0438,0.0429,0.0433,0.0433,0.0432,0.0433
Comoros,Burning - Crop residues,Emissions (CH4),kilotonnes,,,,,,,,,,,,,,,,,,,,,
Comoros,Burning - Crop residues,Emissions (N2O),kilotonnes,0.0006,0.0007,0.0007,0.0007,0.0007,0.0007,0.0008,0.0007,0.0008,0.0008,0.0009,0.001,0.001,0.0011,0.0011,0.0011,0.0011,0.0011,0.0011,0.0011,0.0011
Comoros,Burning - Crop residues,Emissions (N2O),kilotonnes,,,,,,,,,,,,,,,,,,,,,
Comoros,Burning - Crop residues,Emissions (CO2eq) from CH4 (AR5),kilotonnes,0.6555,0.7185,0.731,0.7492,0.7671,0.7737,0.8581,0.7442,0.8769,0.9067,0.979,1.0697,1.1113,1.1624,1.2106,1.2273,1.2001,1.2127,1.2134,1.2087,1.2115
Comoros,Burning - Crop residues,Emissions (CO2eq) from CH4 (AR5),kilotonnes,,,,,,,,,,,,,,,,,,,,,
Comoros,Burning - Crop residues,Emissions (CO2eq) from N2O (AR5),kilotonnes,0.1608,0.1763,0.1794,0.1838,0.1882,0.1898,0.2105,0.1826,0.2152,0.2225,0.2402,0.2625,0.2727,0.2852,0.297,0.3011,0.2945,0.2976,0.2977,0.2966,0.2973
Comoros,Burning - Crop residues,Emissions (CO2eq) from N2O (AR5),kilotonnes,,,,,,,,,,,,,,,,,,,,,
Comoros,Burning - Crop residues,Emissions (CO2eq) (AR5),kilotonnes,0.8163,0.8948,0.9104,0.933,0.9554,0.9635,1.0686,0.9268,1.092,1.1291,1.2192,1.3322,1.384,1.4476,1.5077,1.5285,1.4946,1.5102,1.5111,1.5053,1.5088
Comoros,Burning - Crop residues,Emissions (CO2eq) (AR5),kilotonnes,,,,,,,,,,,,,,,,,,,,,
Comoros,Enteric Fermentation,Emissions (CH4),kilotonnes,2.4358,2.5123,2.5878,2.262,2.2945,2.327,2.4105,2.4475,2.4476,2.4477,2.4598,2.4855,2.4885,2.4915,2.477,2.4854,2.4979,2.5078,2.5042,2.5094,2.5124
Comoros,Enteric Fermentation,Emissions (CH4),kilotonnes,2.419,,,,,,,,,,,,,,,,,,,,
Comoros,Enteric Fermentation,Emissions (CO2eq) from CH4 (AR5),kilotonnes,68.201,70.343,72.4581,63.336,64.246,65.156,67.494,68.5313,68.5329,68.535,68.8731,69.594,69.678,69.762,69.3571,69.5925,69.9407,70.2181,70.1184,70.2621,70.3464
Comoros,Enteric Fermentation,Emissions (CO2eq) from CH4 (AR5),kilotonnes,67.732,,,,,,,,,,,,,,,,,,,,
Comoros,Enteric Fermentation,Emissions (CO2eq) (AR5),kilotonnes,68.201,70.343,72.4581,63.336,64.246,65.156,67.494,68.5313,68.5329,68.535,68.8731,69.594,69.678,69.762,69.3571,69.5925,69.9407,70.2181,70.1184,70.2621,70.3464
Comoros,Enteric Fermentation,Emissions (CO2eq) (AR5),kilotonnes,67.732,,,,,,,,,,,,,,,,,,,,
Comoros,Manure Management,Emissions (CH4),kilotonnes,0.0876,0.0897,0.0922,0.0824,0.0833,0.0844,0.0874,0.0884,0.0884,0.0884,0.0895,0.0902,0.0895,0.0896,0.0896,0.0899,0.0904,0.091,0.0909,0.0911,0.0913
Comoros,Manure Management,Emissions (CH4),kilotonnes,0.079,,,,,,,,,,,,,,,,,,,,
Comoros,Manure Management,Emissions (N2O),kilotonnes,0.0014,0.0014,0.0015,0.0013,0.0013,0.0014,0.0014,0.0014,0.0014,0.0014,0.0014,0.0015,0.0014,0.0014,0.0014,0.0014,0.0015,0.0015,0.0015,0.0015,0.0015
Comoros,Manure Management,Emissions (CO2eq) from CH4 (AR5),kilotonnes,2.4531,2.5112,2.5816,2.3058,2.3338,2.3618,2.4475,2.4755,2.4755,2.4755,2.5068,2.5245,2.5054,2.5088,2.5088,2.5179,2.5322,2.5475,2.5443,2.5509,2.555
Comoros,Manure Management,Emissions (CO2eq) from CH4 (AR5),kilotonnes,2.212,,,,,,,,,,,,,,,,,,,,
Comoros,Manure Management,Emissions (CO2eq) from N2O (AR5),kilotonnes,0.3709,0.3824,0.3933,0.3506,0.3548,0.359,0.3719,0.3775,0.3773,0.3774,0.3834,0.3898,0.3833,0.3837,0.3798,0.3818,0.3848,0.3883,0.3871,0.3882,0.3889
Comoros,Manure Management,Emissions (CO2eq) (AR5),kilotonnes,2.824,2.8935,2.9749,2.6564,2.6886,2.7208,2.8193,2.8529,2.8528,2.8528,2.8902,2.9143,2.8887,2.8925,2.8886,2.8997,2.917,2.9358,2.9314,2.9391,2.9439
Comoros,Manure Management,Emissions (CO2eq) (AR5),kilotonnes,2.212,,,,,,,,,,,,,,,,,,,,
Comoros,Manure left on Pasture,Direct emissions (N2O),kilotonnes,0.1026,0.1055,0.1086,0.0961,0.0974,0.0986,0.1021,0.1035,0.1035,0.1035,0.1044,0.1054,0.1051,0.1052,0.1048,0.1051,0.1056,0.1062,0.106,0.1062,0.1063
Comoros,Manure left on Pasture,Indirect emissions (N2O),kilotonnes,0.0286,0.0292,0.03,0.0274,0.0276,0.0279,0.0288,0.0291,0.0291,0.0291,0.0294,0.0297,0.0297,0.0297,0.0297,0.0297,0.0298,0.03,0.0299,0.03,0.03
Comoros,Manure left on Pasture,Emissions (N2O),kilotonnes,0.1312,0.1347,0.1385,0.1235,0.125,0.1265,0.131,0.1326,0.1326,0.1326,0.1338,0.1352,0.1348,0.1349,0.1344,0.1348,0.1355,0.1361,0.1359,0.1362,0.1363
Comoros,Manure left on Pasture,Emissions (CO2eq) from N2O (AR5),kilotonnes,34.7771,35.6987,36.7083,32.7171,33.1184,33.5196,34.7051,35.1502,35.1478,35.1485,35.4601,35.819,35.7148,35.7563,35.6258,35.728,35.8979,36.0716,36.0107,36.0862,36.1305
Comoros,Manure left on Pasture,Emissions (CO2eq) (AR5),kilotonnes,34.7771,35.6987,36.7083,32.7171,33.1184,33.5196,34.7051,35.1502,35.1478,35.1485,35.4601,35.819,35.7148,35.7563,35.6258,35.728,35.8979,36.0716,36.0107,36.0862,36.1305
Comoros,Manure applied to Soils,Direct emissions (N2O),kilotonnes,0.0024,0.0025,0.0026,0.0024,0.0024,0.0024,0.0025,0.0025,0.0025,0.0025,0.0026,0.0027,0.0026,0.0026,0.0025,0.0026,0.0026,0.0026,0.0026,0.0026,0.0026
Comoros,Manure applied to Soils,Indirect emissions (N2O),kilotonnes,0.001,0.0011,0.0011,0.001,0.001,0.001,0.0011,0.0011,0.0011,0.0011,0.0011,0.0011,0.0011,0.0011,0.0011,0.0011,0.0011,0.0011,0.0011,0.0011,0.0011
Comoros,Manure applied to Soils,Emissions (N2O),kilotonnes,0.0035,0.0036,0.0037,0.0034,0.0034,0.0034,0.0035,0.0036,0.0036,0.0036,0.0037,0.0038,0.0037,0.0037,0.0036,0.0036,0.0037,0.0037,0.0037,0.0037,0.0037
Comoros,Manure applied to Soils,Emissions (CO2eq) from N2O (AR5),kilotonnes,0.9181,0.9484,0.9714,0.898,0.9044,0.9109,0.9364,0.9515,0.9512,0.9513,0.9706,1.006,0.9867,0.9876,0.9615,0.965,0.9712,0.98,0.9771,0.9797,0.9815
Comoros,Manure applied to Soils,Emissions (CO2eq) (AR5),kilotonnes,0.9181,0.9484,0.9714,0.898,0.9044,0.9109,0.9364,0.9515,0.9512,0.9513,0.9706,1.006,0.9867,0.9876,0.9615,0.965,0.9712,0.98,0.9771,0.9797,0.9815
Comoros,Drained organic soils,Emissions (CO2eq) (AR5),kilotonnes,0,0,0,0,0,0,0,0,0,0,0,0,0,0,0,0,0,0,0,0,0
Comoros,Drained organic soils (CO2),Emissions (CO2),kilotonnes,0,0,0,0,0,0,0,0,0,0,0,0,0,0,0,0,0,0,0,0,0
Comoros,Drained organic soils (CO2),Emissions (CO2eq) (AR5),kilotonnes,0,0,0,0,0,0,0,0,0,0,0,0,0,0,0,0,0,0,0,0,0
Comoros,Drained organic soils (N2O),Emissions (N2O),kilotonnes,0,0,0,0,0,0,0,0,0,0,0,0,0,0,0,0,0,0,0,0,0
Comoros,Drained organic soils (N2O),Emissions (CO2eq) from N2O (AR5),kilotonnes,0,0,0,0,0,0,0,0,0,0,0,0,0,0,0,0,0,0,0,0,0
Comoros,Drained organic soils (N2O),Emissions (CO2eq) (AR5),kilotonnes,0,0,0,0,0,0,0,0,0,0,0,0,0,0,0,0,0,0,0,0,0
Comoros,On-farm energy use,Emissions (CH4),kilotonnes,0.0141,0.015,0.0146,0.0185,0.0201,0.0174,0.026,0.0091,0.011,0.0195,0.0219,0.0154,0.0176,0.0269,0.0203,0.025,0.0327,0.0352,0.0379,0.0414,0.0414
Comoros,On-farm energy use,Emissions (N2O),kilotonnes,0.0001,0.0001,0.0001,0.0001,0.0001,0.0001,0.0001,0,0.0001,0.0001,0.0001,0.0001,0.0001,0.0001,0.0001,0.0001,0.0002,0.0002,0.0002,0.0002,0.0002
Comoros,On-farm energy use,Emissions (CO2),kilotonnes,4.4462,4.7423,4.5911,5.83,6.3296,5.496,8.2144,2.8761,3.4549,6.1465,6.9105,4.8649,5.5401,8.4721,6.4126,7.868,10.3233,11.0928,11.9465,13.0533,13.0533
Comoros,On-farm energy use,Emissions (CO2eq) from CH4 (AR5),kilotonnes,0.3948,0.4211,0.4077,0.5177,0.562,0.488,0.7294,0.2554,0.3068,0.5458,0.6136,0.432,0.4919,0.7523,0.5694,0.6986,0.9167,0.985,1.0608,1.1591,1.1591
Comoros,On-farm energy use,Emissions (CO2eq) from N2O (AR5),kilotonnes,0.0187,0.0199,0.0193,0.0245,0.0266,0.0231,0.0345,0.0121,0.0145,0.0258,0.029,0.0204,0.0233,0.0356,0.0269,0.0331,0.0434,0.0466,0.0502,0.0548,0.0548
Comoros,On-farm energy use,Emissions (CO2eq) (AR5),kilotonnes,4.8596,5.1833,5.0181,6.3721,6.9183,6.0071,8.9783,3.1436,3.7762,6.7181,7.5532,5.3173,6.0553,9.26,7.0089,8.5997,11.2833,12.1244,13.0575,14.2672,14.2672
Comoros,Forestland,Emissions (CO2),kilotonnes,0,0,0,0,0,0,0,0,0,0,0,0,0,0,0,0,0,0,0,0,0
Comoros,Forestland,Emissions (CO2eq) (AR5),kilotonnes,0,0,0,0,0,0,0,0,0,0,0,0,0,0,0,0,0,0,0,0,0
Comoros,Net Forest conversion,Emissions (CO2),kilotonnes,59.8556,59.8556,59.8556,59.8556,59.8556,59.8556,59.8556,59.8556,59.8556,59.8556,59.8556,59.8556,59.8556,59.8556,59.8556,59.8556,59.8556,59.8556,59.8556,59.8556,59.8556
Comoros,Net Forest conversion,Emissions (CO2eq) (AR5),kilotonnes,59.8556,59.8556,59.8556,59.8556,59.8556,59.8556,59.8556,59.8556,59.8556,59.8556,59.8556,59.8556,59.8556,59.8556,59.8556,59.8556,59.8556,59.8556,59.8556,59.8556,59.8556
Comoros,Savanna fires,Emissions (CH4),kilotonnes,0.0018,0.0033,0,0.0174,0.0003,0.0599,0.0156,0.0066,0.0418,0.0003,0.0108,0.0109,0.0073,0.0138,0.0154,0.0161,0.016,0.0003,0.0057,0.0356,0.0007
Comoros,Savanna fires,Emissions (N2O),kilotonnes,0.0002,0.0003,0,0.0016,0,0.0055,0.0014,0.0006,0.0038,0,0.001,0.001,0.0007,0.0013,0.0014,0.0015,0.0015,0,0.0005,0.0032,0.0001
Comoros,Savanna fires,Emissions (CO2eq) from CH4 (AR5),kilotonnes,0.0518,0.0912,0,0.4872,0.0096,1.6758,0.4357,0.1848,1.1693,0.0096,0.3029,0.3051,0.2054,0.3875,0.4302,0.4494,0.447,0.0072,0.1608,0.9961,0.0193
Comoros,Savanna fires,Emissions (CO2eq) from N2O (AR5),kilotonnes,0.0448,0.0788,0,0.421,0.0083,1.4481,0.3765,0.1597,1.0104,0.0083,0.2618,0.2637,0.1775,0.3348,0.3717,0.3884,0.3862,0.0062,0.139,0.8608,0.0167
Comoros,Savanna fires,Emissions (CO2eq) (AR5),kilotonnes,0.0966,0.1699,0,0.9082,0.018,3.1239,0.8121,0.3445,2.1798,0.018,0.5647,0.5688,0.383,0.7223,0.8019,0.8378,0.8332,0.0133,0.2998,1.8569,0.0359
Comoros,Fires in organic soils,Emissions (CH4),kilotonnes,0,0,0,0,0,0,0,0,0,0,0,0,0,0,0,0,0,0,0,0,0
Comoros,Fires in organic soils,Emissions (CO2),kilotonnes,0,0,0,0,0,0,0,0,0,0,0,0,0,0,0,0,0,0,0,0,0
Comoros,Fires in organic soils,Emissions (CO2eq) from CH4 (AR5),kilotonnes,0,0,0,0,0,0,0,0,0,0,0,0,0,0,0,0,0,0,0,0,0
Comoros,Fires in organic soils,Emissions (CO2eq) (AR5),kilotonnes,0,0,0,0,0,0,0,0,0,0,0,0,0,0,0,0,0,0,0,0,0
Comoros,Forest fires,Emissions (CH4),kilotonnes,0.0047,0,0,0,0,0.6997,0,0.008,0.0266,0.016,0.0053,0,0,0.008,0.0053,0.0319,0,0,0.0027,0.0027,0
Comoros,Forest fires,Emissions (N2O),kilotonnes,0.0001,0,0,0,0,0.0639,0,0.0007,0.0024,0.0015,0.0005,0,0,0.0007,0.0005,0.0029,0,0,0.0002,0.0002,0
Comoros,Forest fires,Emissions (CO2eq) from CH4 (AR5),kilotonnes,0.1329,0,0,0,0,19.5923,0,0.2235,0.7449,0.447,0.149,0,0,0.2235,0.149,0.8939,0,0,0.0745,0.0745,0
Comoros,Forest fires,Emissions (CO2eq) from N2O (AR5),kilotonnes,0.0371,0,0,0,0,16.9303,0,0.1931,0.6437,0.3862,0.1287,0,0,0.1931,0.1287,0.7725,0,0,0.0644,0.0644,0
Comoros,Forest fires,Emissions (CO2eq) (AR5),kilotonnes,0.17,0,0,0,0,36.5227,0,0.4166,1.3887,0.8332,0.2777,0,0,0.4166,0.2777,1.6664,0,0,0.1389,0.1389,0
Comoros,Fires in humid tropical forests,Emissions (CH4),kilotonnes,0.0047,0,0,0,0,0.6997,0,0.008,0.0266,0.016,0.0053,0,0,0.008,0.0053,0.0319,0,0,0.0027,0.0027,0
Comoros,Fires in humid tropical forests,Emissions (N2O),kilotonnes,0.0001,0,0,0,0,0.0639,0,0.0007,0.0024,0.0015,0.0005,0,0,0.0007,0.0005,0.0029,0,0,0.0002,0.0002,0
Comoros,Fires in humid tropical forests,Emissions (CO2eq) from CH4 (AR5),kilotonnes,0.1329,0,0,0,0,19.5923,0,0.2235,0.7449,0.447,0.149,0,0,0.2235,0.149,0.8939,0,0,0.0745,0.0745,0
Comoros,Fires in humid tropical forests,Emissions (CO2eq) from N2O (AR5),kilotonnes,0.0371,0,0,0,0,16.9303,0,0.1931,0.6437,0.3862,0.1287,0,0,0.1931,0.1287,0.7725,0,0,0.0644,0.0644,0
Comoros,Fires in humid tropical forests,Emissions (CO2eq) (AR5),kilotonnes,0.17,0,0,0,0,36.5227,0,0.4166,1.3887,0.8332,0.2777,0,0,0.4166,0.2777,1.6664,0,0,0.1389,0.1389,0
Comoros,Waste - agri-food systems,Emissions (CH4),kilotonnes,2.4322,2.4496,2.4705,2.497,2.5254,2.5505,2.5762,2.6034,2.6323,2.6578,2.6819,2.7086,2.7333,2.76,2.7827,2.8022,2.8245,2.8487,2.8755,2.9008,2.9261
Comoros,Waste - agri-food systems,Emissions (N2O),kilotonnes,0.0001,0.0001,0.0001,0.0001,0.0001,0.0001,0.0001,0.0001,0.0001,0.0001,0.0001,0.0001,0.0001,0.0001,0.0001,0.0001,0.0001,0.0001,0.0001,0.0001,0.0001
Comoros,Waste - agri-food systems,Emissions (CO2),kilotonnes,0,0,0,0,0,0,0,0,0,0,0,0,0,0,0,0,0,0,0,0,0
Comoros,Waste - agri-food systems,Emissions (CO2eq) from CH4 (AR5),kilotonnes,68.1011,68.5896,69.1748,69.9173,70.7102,71.4151,72.1335,72.8947,73.705,74.4185,75.0925,75.8398,76.531,77.2794,77.9144,78.4602,79.0852,79.7637,80.5134,81.2231,81.9318
Comoros,Waste - agri-food systems,Emissions (CO2eq) from N2O (AR5),kilotonnes,0.0154,0.0165,0.018,0.0176,0.0188,0.0189,0.0203,0.0209,0.0216,0.0224,0.0233,0.0237,0.0244,0.025,0.0185,0.0191,0.0198,0.0204,0.021,0.0213,0.0216
Comoros,Waste - agri-food systems,Emissions (CO2eq) (AR5),kilotonnes,68.1165,68.6061,69.1928,69.9349,70.7291,71.434,72.1539,72.9156,73.7265,74.4409,75.1159,75.8634,76.5554,77.3043,77.9329,78.4794,79.105,79.7841,80.5343,81.2444,81.9533
Comoros,On-farm electricity use,Emissions (CH4),kilotonnes,0,0,0,0,0,0,0,0,0,0,0,0,0,0,0,0,0,0,0,0,0
Comoros,On-farm electricity use,Emissions (N2O),kilotonnes,0,0,0,0,0,0,0,0,0,0,0,0,0,0,0,0,0,0,0,0,0
Comoros,On-farm electricity use,Emissions (CO2),kilotonnes,0,0,0,0,0,0,0,0,0,0,0,0,0,0,0,0,0,0,0,0,0
Comoros,On-farm electricity use,Emissions (CO2eq) from CH4 (AR5),kilotonnes,0,0,0,0,0,0,0,0,0,0,0,0,0,0,0,0,0,0,0,0,0
Comoros,On-farm electricity use,Emissions (CO2eq) from N2O (AR5),kilotonnes,0,0,0,0,0,0,0,0,0,0,0,0,0,0,0,0,0,0,0,0,0
Comoros,On-farm electricity use,Emissions (CO2eq) (AR5),kilotonnes,0,0,0,0,0,0,0,0,0,0,0,0,0,0,0,0,0,0,0,0,0
Comoros,Food Processing,Emissions (CH4),kilotonnes,0.111,0.1021,0.0933,0.0566,0.0001,0.0002,0.0005,0.0015,0.0016,0.0065,0.008,0.0085,0.0061,0.007,0.0065,0.0081,0.0053,0.0055,0.0046,0.0058,0.006
Comoros,Food Processing,Emissions (N2O),kilotonnes,0.0004,0.0004,0.0004,0.0003,0,0,0,0,0,0,0,0.0001,0,0.0001,0.0001,0.0001,0.0001,0.0001,0.0001,0.0001,0.0001
Comoros,Food Processing,Emissions (CO2),kilotonnes,13.9194,16.3218,15.0811,12.1409,0.9076,1.0155,2.8235,1.6136,1.9719,3.3319,2.6922,4.2606,3.696,4.1808,3.0767,4.2657,3.8764,4.8107,5.0373,4.4668,4.6096
Comoros,Food Processing,Emissions (CO2eq) from CH4 (AR5),kilotonnes,3.108,2.8588,2.6124,1.5848,0.0028,0.0056,0.014,0.042,0.0448,0.182,0.224,0.238,0.1708,0.196,0.182,0.2268,0.1484,0.154,0.1288,0.1624,0.1672
Comoros,Food Processing,Emissions (CO2eq) from N2O (AR5),kilotonnes,0.106,0.106,0.106,0.0795,0,0,0,0,0,0,0,0.0265,0,0.0265,0.0265,0.0265,0.0265,0.0265,0.0265,0.0265,0.0271
Comoros,Food Processing,Emissions (CO2eq) (AR5),kilotonnes,17.1334,19.2866,17.7995,13.8052,0.9104,1.0211,2.8375,1.6556,2.0167,3.5139,2.9162,4.5251,3.8668,4.4033,3.2852,4.519,4.0513,4.9912,5.1926,4.6557,4.8039
Comoros,Food Packaging,Emissions (CH4),kilotonnes,0,0,0,0,0,0,0,0,0,0,0,0,0,0,0,0,0,0,0,0,0
Comoros,Food Packaging,Emissions (N2O),kilotonnes,0,0,0,0,0,0,0,0,0,0,0,0,0,0,0,0,0,0,0,0,0
Comoros,Food Packaging,Emissions (CO2),kilotonnes,0.0016,0.0016,0.0016,0.0021,0.0023,0.0022,0.0026,0.0016,0.0017,0.0021,0.2226,0.1565,0.3085,0.0016,0.003,0.003,0.0046,0.0055,0.0055,0.0629,0.0649
Comoros,Food Packaging,Emissions (CO2eq) from CH4 (AR5),kilotonnes,0,0,0,0,0,0,0,0,0,0,0,0,0,0,0,0,0,0,0,0,0
Comoros,Food Packaging,Emissions (CO2eq) from N2O (AR5),kilotonnes,0,0,0,0,0,0,0,0,0,0,0,0,0,0,0,0,0,0,0,0,0
Comoros,Food Packaging,Emissions (CO2eq) (AR5),kilotonnes,0.0016,0.0016,0.0016,0.0021,0.0023,0.0022,0.0026,0.0016,0.0017,0.0021,0.2226,0.1565,0.3085,0.0016,0.003,0.003,0.0046,0.0055,0.0055,0.0629,0.0649
Comoros,Food Retail,Emissions (CO2eq) from F-gases (AR5),kilotonnes,0,0,0,0,0,0,0.5195,0.5195,0.5195,0.5195,0.5195,0.5195,0.5195,0.5195,0.5195,0.5195,0.5195,0.5195,0.5195,0.5195,0.5441
Comoros,Food Retail,Emissions (CO2eq) (AR5),kilotonnes,0,0,0,0,0,0,0.5195,0.5195,0.5195,0.5195,0.5195,0.5195,0.5195,0.5195,0.5195,0.5195,0.5195,0.5195,0.5195,0.5195,0.5441
Comoros,Food Household Consumption,Emissions (CH4),kilotonnes,0.0042,0.0044,0.0047,0.0052,0.0063,0.0068,0.0071,0.0066,0.0061,0.0066,0.0089,0.0082,0.0084,0.0081,0.0077,0.0077,0.0085,0.0132,0.0142,0.0154,0.0159
Comoros,Food Household Consumption,Emissions (N2O),kilotonnes,0,0,0,0.0001,0.0001,0.0001,0.0001,0.0001,0.0001,0.0001,0.0001,0.0001,0.0001,0.0001,0.0001,0.0001,0.0001,0.0001,0.0001,0.0001,0.0001
Comoros,Food Household Consumption,Emissions (CO2),kilotonnes,4.034,4.1155,4.1404,5.7548,6.1804,6.3918,5.9557,5.7926,5.5985,5.7415,6.9393,7.5289,7.9087,8.1863,8.2346,8.3195,9.2557,13.7289,13.8388,14.0949,14.5454
Comoros,Food Household Consumption,Emissions (CO2eq) from CH4 (AR5),kilotonnes,0.1176,0.1232,0.1316,0.1456,0.1764,0.1904,0.1988,0.1848,0.1708,0.1848,0.2492,0.2296,0.2352,0.2268,0.2156,0.2156,0.238,0.3696,0.3976,0.4312,0.4438
Comoros,Food Household Consumption,Emissions (CO2eq) from N2O (AR5),kilotonnes,0,0,0,0.0265,0.0265,0.0265,0.0265,0.0265,0.0265,0.0265,0.0265,0.0265,0.0265,0.0265,0.0265,0.0265,0.0265,0.0265,0.0265,0.0265,0.0271
Comoros,Food Household Consumption,Emissions (CO2eq) (AR5),kilotonnes,4.1516,4.2387,4.272,5.9269,6.3833,6.6087,6.181,6.0039,5.7958,5.9528,7.215,7.785,8.1704,8.4396,8.4767,8.5616,9.5202,14.125,14.2629,14.5526,15.0164
Comoros,Food Transport,Emissions (CH4),kilotonnes,0.001,0.0011,0.0011,0.0014,0.0015,0.0014,0.0016,0.001,0.001,0.0013,0.0015,0.0014,0.0016,0.002,0.0018,0.002,0.0024,0.0034,0.0036,0.0025,0.0026
Comoros,Food Transport,Emissions (N2O),kilotonnes,0.0001,0.0001,0.0001,0.0001,0.0001,0.0001,0.0002,0.0001,0.0001,0.0001,0.0002,0.0002,0.0002,0.0002,0.0002,0.0002,0.0003,0.0004,0.0004,0.0003,0.0003
Comoros,Food Transport,Emissions (CO2),kilotonnes,4.5105,4.6975,4.8485,6.249,6.7455,6.624,7.758,5.0085,5.1325,6.4645,7.5997,6.7704,7.4035,9.3943,8.2316,9.1963,11.1119,15.3344,16.1123,11.9179,12.2988
Comoros,Food Transport,Emissions (CO2eq) from CH4 (AR5),kilotonnes,0.028,0.0308,0.0308,0.0392,0.042,0.0392,0.0448,0.028,0.028,0.0364,0.042,0.0392,0.0448,0.056,0.0504,0.056,0.0672,0.0952,0.1008,0.07,0.072
Comoros,Food Transport,Emissions (CO2eq) from N2O (AR5),kilotonnes,0.0265,0.0265,0.0265,0.0265,0.0265,0.0265,0.053,0.0265,0.0265,0.0265,0.053,0.053,0.053,0.053,0.053,0.053,0.0795,0.106,0.106,0.0795,0.0814
Comoros,Food Transport,Emissions (CO2eq) (AR5),kilotonnes,4.565,4.7548,4.9058,6.3147,6.814,6.6897,7.8558,5.063,5.187,6.5274,7.6947,6.8626,7.5013,9.5033,8.335,9.3053,11.2586,15.5356,16.3191,12.0674,12.4523
Comoros,Energy,Emissions (CH4),kilotonnes,1.88,1.95,2.02,2.1,2.18,2.33,2.36,2.5,2.59,2.68,2.78,2.89,3.01,3.07,3.15,3.28,3.38,3.64,3.75,3.76,3.87
Comoros,Energy,Emissions (N2O),kilotonnes,0.0136,0.014,0.0146,0.0156,0.0164,0.017,0.0178,0.0171,0.0175,0.0184,0.0193,0.0193,0.0201,0.0211,0.0209,0.0218,0.0229,0.0252,0.0257,0.0251,0.0257
Comoros,Energy,Emissions (CO2),kilotonnes,103,103,103,132,143,139,161,103,106,132,161,136,143,176,154,169,202,238,250,219,226
Comoros,Energy,Emissions (CO2eq) from CH4 (AR5),kilotonnes,52.64,54.6,56.56,58.8,61.04,65.24,66.08,70,72.52,75.04,77.84,80.92,84.28,85.96,88.2,91.84,94.64,101.92,105,105.28,108.36
Comoros,Energy,Emissions (CO2eq) from N2O (AR5),kilotonnes,3.604,3.71,3.869,4.134,4.346,4.505,4.717,4.5315,4.6375,4.876,5.1145,5.1145,5.3265,5.5915,5.5385,5.777,6.0685,6.678,6.8105,6.6515,6.8105
Comoros,Energy,Emissions (CO2eq) (AR5),kilotonnes,159.244,161.31,163.429,194.934,208.386,208.745,231.797,177.5315,183.1575,211.916,243.9545,222.0345,232.6065,267.5515,247.7385,266.617,302.7085,346.598,361.8105,330.9315,341.1705
Comoros,IPPU,Emissions (N2O),kilotonnes,0,0,0,0,0,0,0,0,0,0,0,0,0,0,0,0,0,0,0,0,0
Comoros,IPPU,Emissions (CO2),kilotonnes,1.9,1.96,2.03,1.94,2.2,2.2,2.29,2.29,2.3,2.38,2.45,2.48,2.52,2.69,2.62,2.59,2.64,2.81,2.87,2.86,2.9
Comoros,IPPU,Emissions (CO2eq) from F-gases (AR5),kilotonnes,0.0126,0.0428,0.0846,0.1341,0.1846,0.2595,0.2964,0.3459,0.3955,0.4412,0.4859,0.482,0.5189,0.5568,0.5937,0.6316,0.6686,0.7065,0.7434,0.7813,0.8182
Comoros,IPPU,Emissions (CO2eq) from N2O (AR5),kilotonnes,0.0016,0.0016,0.0017,0.0017,0.0017,0.0018,0.0018,0.0019,0.0019,0.002,0.002,0.0021,0.0021,0.0022,0.0022,0.0023,0.0023,0.0024,0.0024,0.0025,0.0025
Comoros,IPPU,Emissions (CO2eq) (AR5),kilotonnes,1.9142,2.0044,2.1163,2.0758,2.3864,2.4612,2.5882,2.6378,2.6974,2.8231,2.9379,2.964,3.041,3.249,3.216,3.2239,3.3109,3.5188,3.6158,3.6438,3.7207
Comoros,Waste,Emissions (CH4),kilotonnes,4.81,4.93,5.05,5.16,5.27,5.4,5.53,5.65,5.8,5.95,6.11,6.29,6.46,6.65,6.82,6.98,7.16,7.36,7.56,7.65,7.81
Comoros,Waste,Emissions (N2O),kilotonnes,0.0155,0.0159,0.0163,0.017,0.0175,0.0182,0.0189,0.0195,0.02,0.0207,0.0215,0.0225,0.0232,0.0238,0.0245,0.0254,0.0264,0.0271,0.0277,0.0284,0.0291
Comoros,Waste,Emissions (CO2eq) from CH4 (AR5),kilotonnes,134.68,138.04,141.4,144.48,147.56,151.2,154.84,158.2,162.4,166.6,171.08,176.12,180.88,186.2,190.96,195.44,200.48,206.08,211.68,214.2,218.68
Comoros,Waste,Emissions (CO2eq) from N2O (AR5),kilotonnes,4.1075,4.2135,4.3195,4.505,4.6375,4.823,5.0085,5.1675,5.3,5.4855,5.6975,5.9625,6.148,6.307,6.4925,6.731,6.996,7.1815,7.3405,7.526,7.7115
Comoros,Waste,Emissions (CO2eq) (AR5),kilotonnes,138.7875,142.2535,145.7195,148.985,152.1975,156.023,159.8485,163.3675,167.7,172.0855,176.7775,182.0825,187.028,192.507,197.4525,202.171,207.476,213.2615,219.0205,221.726,226.3915
Comoros,Other,Emissions (N2O),kilotonnes,0.0104,0.0108,0.0111,0.0123,0.0129,0.0133,0.0141,0.0131,0.0135,0.0147,0.0158,0.0155,0.0163,0.0176,0.0172,0.0182,0.0197,0.0229,0.0236,0.0222,0.0229
Comoros,Other,Emissions (CO2eq) from N2O (AR5),kilotonnes,2.756,2.862,2.9415,3.2595,3.4185,3.5245,3.7365,3.4715,3.5775,3.8955,4.187,4.1075,4.3195,4.664,4.558,4.823,5.2205,6.0685,6.254,5.883,6.0685
Comoros,Other,Emissions (CO2eq) (AR5),kilotonnes,2.756,2.862,2.9415,3.2595,3.4185,3.5245,3.7365,3.4715,3.5775,3.8955,4.187,4.1075,4.3195,4.664,4.558,4.823,5.2205,6.0685,6.254,5.883,6.0685
Comoros,Farm-gate emissions,Emissions (CH4),kilotonnes,6.0994,6.5975,6.7462,6.5115,6.6111,6.7163,7.3302,6.4983,7.3801,7.4883,7.937,8.5202,8.8026,8.9633,9.2303,9.362,9.2086,9.2827,9.294,9.3026,9.2886
Comoros,Farm-gate emissions,Direct emissions (N2O),kilotonnes,0.1113,0.1149,0.1181,0.1056,0.1071,0.1084,0.1128,0.113,0.1143,0.1146,0.1164,0.1184,0.1184,0.119,0.119,0.1195,0.12,0.1205,0.1203,0.1205,0.1207
Comoros,Farm-gate emissions,Indirect emissions (N2O),kilotonnes,0.031,0.0318,0.0326,0.03,0.0303,0.0306,0.0317,0.0318,0.032,0.0321,0.0326,0.0332,0.0332,0.0334,0.0334,0.0335,0.0335,0.0337,0.0337,0.0337,0.0338
Comoros,Farm-gate emissions,Emissions (N2O),kilotonnes,0.1446,0.1492,0.153,0.1393,0.1395,0.1465,0.1483,0.1475,0.1525,0.1492,0.1525,0.1552,0.1549,0.1563,0.1564,0.1571,0.1577,0.157,0.1573,0.1603,0.1573
Comoros,Farm-gate emissions,Emissions (CO2),kilotonnes,4.4462,4.7423,4.5911,5.83,6.3296,5.496,8.2144,2.8761,3.4549,6.1465,6.9105,4.8649,5.5401,8.4721,6.4126,7.868,10.3233,11.0928,11.9465,13.0533,13.0533
Comoros,Farm-gate emissions,Emissions (CO2eq) from CH4 (AR5),kilotonnes,170.7832,184.7309,188.8941,182.3224,185.1109,188.0553,205.2446,181.9511,206.6414,209.6726,222.2356,238.5653,246.4721,250.9729,258.4494,262.1362,257.8418,259.916,260.2314,260.4717,260.0801
Comoros,Farm-gate emissions,Emissions (CO2eq) from N2O (AR5),kilotonnes,38.3147,39.5442,40.5444,36.9183,36.9738,38.8352,39.2943,39.0966,40.4006,39.5284,40.4059,41.1248,41.0374,41.4292,41.4506,41.637,41.789,41.6031,41.6829,42.4812,41.686
Comoros,Farm-gate emissions,Emissions (CO2eq) (AR5),kilotonnes,213.544,229.0173,234.0296,225.0707,228.4144,232.3865,252.7533,223.9238,250.4969,255.3475,269.552,284.555,293.0496,300.8742,306.3125,311.6411,309.9542,312.6118,313.8608,316.0063,314.8194
Comoros,Land Use change,Emissions (CH4),kilotonnes,0.0047,0,0,0,0,0.6997,0,0.008,0.0266,0.016,0.0053,0,0,0.008,0.0053,0.0319,0,0,0.0027,0.0027,0
Comoros,Land Use change,Emissions (N2O),kilotonnes,0.0001,0,0,0,0,0.0639,0,0.0007,0.0024,0.0015,0.0005,0,0,0.0007,0.0005,0.0029,0,0,0.0002,0.0002,0
Comoros,Land Use change,Emissions (CO2),kilotonnes,59.8556,59.8556,59.8556,59.8556,59.8556,59.8556,59.8556,59.8556,59.8556,59.8556,59.8556,59.8556,59.8556,59.8556,59.8556,59.8556,59.8556,59.8556,59.8556,59.8556,59.8556
Comoros,Land Use change,Emissions (CO2eq) from CH4 (AR5),kilotonnes,0.1329,0,0,0,0,19.5923,0,0.2235,0.7449,0.447,0.149,0,0,0.2235,0.149,0.8939,0,0,0.0745,0.0745,0
Comoros,Land Use change,Emissions (CO2eq) from N2O (AR5),kilotonnes,0.0371,0,0,0,0,16.9303,0,0.1931,0.6437,0.3862,0.1287,0,0,0.1931,0.1287,0.7725,0,0,0.0644,0.0644,0
Comoros,Land Use change,Emissions (CO2eq) (AR5),kilotonnes,60.0256,59.8556,59.8556,59.8556,59.8556,96.3783,59.8556,60.2722,61.2443,60.6888,60.1334,59.8556,59.8556,60.2722,60.1334,61.522,59.8556,59.8556,59.9945,59.9945,59.8556
Comoros,Emissions on agricultural land,Emissions (CH4),kilotonnes,6.1041,6.5975,6.7462,6.5115,6.6111,7.416,7.3302,6.5062,7.4067,7.5043,7.9423,8.5202,8.8026,8.9713,9.2357,9.3939,9.2086,9.2827,9.2966,9.3052,9.2886
Comoros,Emissions on agricultural land,Emissions (N2O),kilotonnes,0.1447,0.1492,0.153,0.1393,0.1395,0.2104,0.1483,0.1483,0.1549,0.1506,0.153,0.1552,0.1549,0.1571,0.1569,0.16,0.1577,0.157,0.1575,0.1605,0.1573
Comoros,Emissions on agricultural land,Emissions (CO2),kilotonnes,64.3018,64.5979,64.4467,65.6856,66.1853,65.3516,68.07,62.7317,63.3105,66.0021,66.7662,64.7205,65.3957,68.3277,66.2682,67.7236,70.1789,70.9484,71.8022,72.9089,72.9089
Comoros,Emissions on agricultural land,Emissions (CO2eq) from CH4 (AR5),kilotonnes,170.9161,184.7309,188.8941,182.3224,185.1109,207.6476,205.2446,182.1746,207.3863,210.1196,222.3845,238.5653,246.4721,251.1964,258.5984,263.0301,257.8418,259.916,260.3059,260.5462,260.0801
Comoros,Emissions on agricultural land,Emissions (CO2eq) from N2O (AR5),kilotonnes,38.3518,39.5442,40.5444,36.9183,36.9738,55.7655,39.2943,39.2897,41.0443,39.9147,40.5346,41.1248,41.0374,41.6223,41.5793,42.4094,41.789,41.6031,41.7472,42.5456,41.686
Comoros,Emissions on agricultural land,Emissions (CO2eq) (AR5),kilotonnes,273.5696,288.8729,293.8852,284.9263,288.27,328.7648,312.6089,284.196,311.7412,316.0364,329.6853,344.4106,352.9052,361.1464,366.4459,373.1632,369.8098,372.4674,373.8553,376.0008,374.675
Comoros,Pre- and post- production,Emissions (CH4),kilotonnes,2.5484,2.5572,2.5696,2.5602,2.5333,2.5589,2.5854,2.6125,2.641,2.6722,2.7003,2.7267,2.7494,2.7771,2.7987,2.82,2.8407,2.8708,2.8979,2.9245,2.9505
Comoros,Pre- and post- production,Emissions (N2O),kilotonnes,0.0006,0.0006,0.0006,0.0006,0.0003,0.0003,0.0004,0.0003,0.0003,0.0003,0.0004,0.0005,0.0004,0.0005,0.0005,0.0005,0.0006,0.0007,0.0007,0.0006,0.0006
Comoros,Pre- and post- production,Emissions (CO2),kilotonnes,22.4655,25.1364,24.0716,24.1468,13.8358,14.0335,16.5398,12.4163,12.7046,15.54,17.4538,18.7164,19.3167,21.763,19.5459,21.7845,24.2486,33.8795,34.9939,30.5425,31.5187
Comoros,Pre- and post- production,Emissions (CO2eq) from F-gases (AR5),kilotonnes,0,0,0,0,0,0,0.5195,0.5195,0.5195,0.5195,0.5195,0.5195,0.5195,0.5195,0.5195,0.5195,0.5195,0.5195,0.5195,0.5195,0.5441
Comoros,Pre- and post- production,Emissions (CO2eq) from CH4 (AR5),kilotonnes,71.3547,71.6024,71.9496,71.6869,70.9314,71.6503,72.3911,73.1495,73.9486,74.8217,75.6077,76.3466,76.9818,77.7582,78.3624,78.9586,79.5388,80.3825,81.1406,81.8867,82.6148
Comoros,Pre- and post- production,Emissions (CO2eq) from N2O (AR5),kilotonnes,0.1479,0.149,0.1505,0.1501,0.0718,0.0719,0.0998,0.0739,0.0746,0.0754,0.1028,0.1297,0.1039,0.131,0.1245,0.1251,0.1523,0.1794,0.18,0.1538,0.1572
Comoros,Pre- and post- production,Emissions (CO2eq) (AR5),kilotonnes,93.9682,96.8878,96.1717,95.9838,84.839,85.7557,89.5502,86.1593,87.2472,90.9566,93.6839,95.7121,96.9219,100.1716,98.5523,101.3878,104.4592,114.9609,116.8339,113.1025,114.8348
Comoros,Agri-food systems,Emissions (CH4),kilotonnes,8.6525,9.1548,9.3158,9.0718,9.1444,9.9749,9.9156,9.1187,10.0477,10.1765,10.6426,11.2469,11.5519,11.7484,12.0343,12.2139,12.0493,12.1535,12.1945,12.2297,12.2391
Comoros,Agri-food systems,Emissions (N2O),kilotonnes,0.1453,0.1498,0.1536,0.1399,0.1398,0.2107,0.1487,0.1485,0.1552,0.1509,0.1533,0.1557,0.1553,0.1576,0.1574,0.1605,0.1583,0.1577,0.1582,0.1611,0.1579
Comoros,Agri-food systems,Emissions (CO2),kilotonnes,86.7673,89.7343,88.5184,89.8324,80.021,79.3851,84.6098,75.148,76.0151,81.5421,84.22,83.4369,84.7124,90.0907,85.8141,89.5081,94.4275,104.8279,106.7961,103.4514,104.4277
Comoros,Agri-food systems,Emissions (CO2eq) from F-gases (AR5),kilotonnes,0,0,0,0,0,0,0.5195,0.5195,0.5195,0.5195,0.5195,0.5195,0.5195,0.5195,0.5195,0.5195,0.5195,0.5195,0.5195,0.5195,0.5441
Comoros,Agri-food systems,Emissions (CO2eq) from CH4 (AR5),kilotonnes,242.2708,256.3332,260.8437,254.0093,256.0424,279.298,277.6357,255.3241,281.3349,284.9413,297.9923,314.9119,323.4539,328.9546,336.9607,341.9887,337.3806,340.2985,341.4465,342.4329,342.6949
Comoros,Agri-food systems,Emissions (CO2eq) from N2O (AR5),kilotonnes,38.4997,39.6932,40.6949,37.0684,37.0457,55.8374,39.3941,39.3636,41.1189,39.9901,40.6375,41.2544,41.1413,41.7532,41.7038,42.5346,41.9413,41.7824,41.9272,42.6994,41.8432
Comoros,Agri-food systems,Emissions (CO2eq) (AR5),kilotonnes,367.5378,385.7608,390.057,380.9101,373.109,414.5205,402.1591,370.3553,398.9884,406.993,423.3692,440.1228,449.8271,461.3181,464.9981,474.5509,474.269,487.4283,490.6892,489.1032,489.5098
Comoros,IPCC Agriculture,Emissions (CH4),kilotonnes,6.0853,6.5825,6.7317,6.493,6.591,6.6988,7.3041,6.4891,7.3691,7.4688,7.9151,8.5048,8.785,8.9365,9.21,9.3371,9.1759,9.2475,9.2561,9.2612,9.2472
Comoros,IPCC Agriculture,Emissions (CH4),kilotonnes,2.638,,,,,,,,,,,,,,,,,,,,
Comoros,IPCC Agriculture,Direct emissions (N2O),kilotonnes,0.1113,0.1149,0.1181,0.1056,0.1071,0.1084,0.1128,0.113,0.1143,0.1146,0.1164,0.1184,0.1184,0.119,0.119,0.1195,0.12,0.1205,0.1203,0.1205,0.1207
Comoros,IPCC Agriculture,Indirect emissions (N2O),kilotonnes,0.031,0.0318,0.0326,0.03,0.0303,0.0306,0.0317,0.0318,0.032,0.0321,0.0326,0.0332,0.0332,0.0334,0.0334,0.0335,0.0335,0.0337,0.0337,0.0337,0.0338
Comoros,IPCC Agriculture,Emissions (N2O),kilotonnes,0.1445,0.1491,0.1529,0.1392,0.1394,0.1465,0.1482,0.1475,0.1524,0.1491,0.1524,0.1551,0.1548,0.1562,0.1563,0.157,0.1575,0.1568,0.1571,0.1601,0.1571
Comoros,IPCC Agriculture,Emissions (N2O),kilotonnes,0.4714,,,,,,,,,,,,,,,,,,,,
Comoros,IPCC Agriculture,Emissions (CO2eq) from CH4 (AR5),kilotonnes,170.3884,184.3098,188.4864,181.8047,184.5489,187.5673,204.5152,181.6957,206.3346,209.1268,221.6219,238.1334,245.9802,250.2206,257.88,261.4375,256.9252,258.931,259.1707,259.3127,258.921
Comoros,IPCC Agriculture,Emissions (CO2eq) from CH4 (AR5),kilotonnes,73.864,,,,,,,,,,,,,,,,,,,,
Comoros,IPCC Agriculture,Emissions (CO2eq) from N2O (AR5),kilotonnes,38.296,39.5242,40.5251,36.8938,36.9472,38.8121,39.2598,39.0845,40.3861,39.5026,40.3769,41.1043,41.0141,41.3936,41.4236,41.6039,41.7456,41.5564,41.6327,42.4264,41.6311
Comoros,IPCC Agriculture,Emissions (CO2eq) from N2O (AR5),kilotonnes,124.921,,,,,,,,,,,,,,,,,,,,
Comoros,IPCC Agriculture,Emissions (CO2eq) (AR5),kilotonnes,208.6843,223.834,229.0115,218.6985,221.4961,226.3794,243.775,220.7803,246.7207,248.6294,261.9988,279.2377,286.9943,291.6142,299.3036,303.0414,298.6708,300.4874,300.8033,301.739,300.5521
Comoros,IPCC Agriculture,Emissions (CO2eq) (AR5),kilotonnes,198.785,,,,,,,,,,,,,,,,,,,,
Comoros,Agricultural Soils,Emissions (CH4),kilotonnes,0,,,,,,,,,,,,,,,,,,,,
Comoros,Agricultural Soils,Direct emissions (N2O),kilotonnes,0.1113,0.1149,0.1181,0.1056,0.1071,0.1084,0.1128,0.113,0.1143,0.1146,0.1164,0.1184,0.1184,0.119,0.119,0.1195,0.12,0.1205,0.1203,0.1205,0.1207
Comoros,Agricultural Soils,Indirect emissions (N2O),kilotonnes,0.031,0.0318,0.0326,0.03,0.0303,0.0306,0.0317,0.0318,0.032,0.0321,0.0326,0.0332,0.0332,0.0334,0.0334,0.0335,0.0335,0.0337,0.0337,0.0337,0.0338
Comoros,Agricultural Soils,Emissions (N2O),kilotonnes,0.1423,0.1467,0.1508,0.1356,0.1373,0.1389,0.1445,0.1448,0.1464,0.1468,0.149,0.1517,0.1516,0.1524,0.1524,0.153,0.1535,0.1542,0.154,0.1543,0.1544
Comoros,Agricultural Soils,Emissions (N2O),kilotonnes,0.4714,,,,,,,,,,,,,,,,,,,,
Comoros,Agricultural Soils,Emissions (CO2eq) from CH4 (AR5),kilotonnes,0,,,,,,,,,,,,,,,,,,,,
Comoros,Agricultural Soils,Emissions (CO2eq) from N2O (AR5),kilotonnes,37.7195,38.8868,39.9525,35.9385,36.3959,36.8151,38.3009,38.3648,38.7832,38.8944,39.4915,40.1883,40.1806,40.3898,40.3751,40.5326,40.6801,40.8644,40.8089,40.8808,40.9283
Comoros,Agricultural Soils,Emissions (CO2eq) from N2O (AR5),kilotonnes,124.921,,,,,,,,,,,,,,,,,,,,
Comoros,Agricultural Soils,Emissions (CO2eq) (AR5),kilotonnes,37.7195,38.8868,39.9525,35.9385,36.3959,36.8151,38.3009,38.3648,38.7832,38.8944,39.4915,40.1883,40.1806,40.3898,40.3751,40.5326,40.6801,40.8644,40.8089,40.8808,40.9283
Comoros,Agricultural Soils,Emissions (CO2eq) (AR5),kilotonnes,124.921,,,,,,,,,,,,,,,,,,,,
Comoros,LULUCF,Emissions (CH4),kilotonnes,0.0047,0,0,0,0,0.6997,0,0.008,0.0266,0.016,0.0053,0,0,0.008,0.0053,0.0319,0,0,0.0027,0.0027,0
Comoros,LULUCF,Emissions (CH4),kilotonnes,,,,,,,,,,,,,,,,,,,,,
Comoros,LULUCF,Emissions (N2O),kilotonnes,0.0001,0,0,0,0,0.0639,0,0.0007,0.0024,0.0015,0.0005,0,0,0.0007,0.0005,0.0029,0,0,0.0002,0.0002,0
Comoros,LULUCF,Emissions (N2O),kilotonnes,0.02,,,,,,,,,,,,,,,,,,,,
Comoros,LULUCF,Emissions (CO2),kilotonnes,59.8556,59.8556,59.8556,59.8556,59.8556,59.8556,59.8556,59.8556,59.8556,59.8556,59.8556,59.8556,59.8556,59.8556,59.8556,59.8556,59.8556,59.8556,59.8556,59.8556,59.8556
Comoros,LULUCF,Emissions (CO2),kilotonnes,-3180.65,,,,,,,,,,,,,,,,,,,,
Comoros,LULUCF,Emissions (CO2eq) from CH4 (AR5),kilotonnes,0.1329,0,0,0,0,19.5923,0,0.2235,0.7449,0.447,0.149,0,0,0.2235,0.149,0.8939,0,0,0.0745,0.0745,0
Comoros,LULUCF,Emissions (CO2eq) from N2O (AR5),kilotonnes,0.0371,0,0,0,0,16.9303,0,0.1931,0.6437,0.3862,0.1287,0,0,0.1931,0.1287,0.7725,0,0,0.0644,0.0644,0
Comoros,LULUCF,Emissions (CO2eq) (AR5),kilotonnes,60.0256,59.8556,59.8556,59.8556,59.8556,96.3783,59.8556,60.2722,61.2443,60.6888,60.1334,59.8556,59.8556,60.2722,60.1334,61.522,59.8556,59.8556,59.9945,59.9945,59.8556
Comoros,LULUCF,Emissions (CO2eq) (AR5),kilotonnes,-3180.65,,,,,,,,,,,,,,,,,,,,
Comoros,AFOLU,Emissions (CH4),kilotonnes,6.09,6.5825,6.7317,6.493,6.591,7.3986,7.3041,6.4971,7.3957,7.4848,7.9204,8.5048,8.785,8.9444,9.2153,9.369,9.1759,9.2475,9.2588,9.2638,9.2472
Comoros,AFOLU,Emissions (N2O),kilotonnes,0.1447,0.1491,0.1529,0.1392,0.1394,0.2103,0.1482,0.1482,0.1548,0.1505,0.1529,0.1551,0.1548,0.1569,0.1568,0.1599,0.1575,0.1568,0.1573,0.1603,0.1571
Comoros,AFOLU,Emissions (CO2),kilotonnes,59.8556,59.8556,59.8556,59.8556,59.8556,59.8556,59.8556,59.8556,59.8556,59.8556,59.8556,59.8556,59.8556,59.8556,59.8556,59.8556,59.8556,59.8556,59.8556,59.8556,59.8556
Comoros,AFOLU,Emissions (CO2eq) from CH4 (AR5),kilotonnes,170.5213,184.3098,188.4864,181.8047,184.5489,207.1596,204.5152,181.9192,207.0796,209.5738,221.7709,238.1334,245.9802,250.4441,258.029,262.3315,256.9252,258.931,259.2451,259.3871,258.921
Comoros,AFOLU,Emissions (CO2eq) from N2O (AR5),kilotonnes,38.3331,39.5242,40.5251,36.8938,36.9472,55.7424,39.2598,39.2777,41.0298,39.8888,40.5056,41.1043,41.0141,41.5867,41.5524,42.3764,41.7456,41.5564,41.697,42.4907,41.6311
Comoros,AFOLU,Emissions (CO2eq) (AR5),kilotonnes,268.71,283.6897,288.8672,278.5542,281.3517,322.7577,303.6306,281.0525,307.965,309.3183,322.1321,339.0933,346.8499,351.8864,359.437,364.5635,358.5264,360.343,360.7978,361.7335,360.4077
Comoros,All sectors with LULUCF,Emissions (CH4),kilotonnes,12.78,13.4625,13.8017,13.753,14.041,15.1286,15.1941,14.6471,15.7857,16.1148,16.8104,17.6848,18.255,18.6644,19.1853,19.629,19.7159,20.2475,20.5688,20.6738,20.9272
Comoros,All sectors with LULUCF,Emissions (N2O),kilotonnes,0.1842,0.1899,0.1949,0.1841,0.1862,0.2589,0.199,0.1979,0.2058,0.2043,0.2095,0.2124,0.2144,0.2194,0.2194,0.2253,0.2265,0.232,0.2344,0.2361,0.2348
Comoros,All sectors with LULUCF,Emissions (CO2),kilotonnes,164.7556,164.8156,164.8856,193.7956,205.0556,201.0556,223.1456,165.1456,168.1556,194.2356,223.3056,198.3356,205.3756,238.5456,216.4756,231.4456,264.4956,300.6656,312.7256,281.7156,288.7556
Comoros,All sectors with LULUCF,Emissions (CO2eq) from F-gases (AR5),kilotonnes,0.0126,0.0428,0.0846,0.1341,0.1846,0.2595,0.2964,0.3459,0.3955,0.4412,0.4859,0.482,0.5189,0.5568,0.5937,0.6316,0.6686,0.7065,0.7434,0.7813,0.8182
Comoros,All sectors with LULUCF,Emissions (CO2eq) from CH4 (AR5),kilotonnes,357.8413,376.9498,386.4464,385.0847,393.1489,423.5996,425.4352,410.1192,441.9996,451.2138,470.6909,495.1734,511.1402,522.6041,537.189,549.6115,552.0452,566.931,575.9251,578.8671,585.961
Comoros,All sectors with LULUCF,Emissions (CO2eq) from N2O (AR5),kilotonnes,48.8022,50.3114,51.6568,48.794,49.351,68.5967,52.7236,52.45,54.5467,54.1478,55.5066,56.2909,56.8102,58.1514,58.1436,59.7096,60.0329,61.4868,62.1045,62.5537,62.2241
Comoros,All sectors with LULUCF,Emissions (CO2eq) (AR5),kilotonnes,571.4117,592.1195,603.0735,627.8085,647.7401,693.5114,701.6008,628.0608,665.0974,700.0384,749.989,750.2819,773.845,819.8579,812.4019,841.3984,877.2423,929.7899,951.4986,923.9178,937.759
Comoros,All sectors without LULUCF,Emissions (CH4),kilotonnes,12.7753,13.4625,13.8017,13.753,14.041,14.4288,15.1941,14.6391,15.7591,16.0988,16.8051,17.6848,18.255,18.6565,19.18,19.5971,19.7159,20.2475,20.5661,20.6712,20.9272
Comoros,All sectors without LULUCF,Emissions (N2O),kilotonnes,0.184,0.1899,0.1949,0.1841,0.1862,0.195,0.199,0.1972,0.2034,0.2029,0.209,0.2124,0.2144,0.2187,0.2189,0.2224,0.2265,0.232,0.2341,0.2358,0.2348
Comoros,All sectors without LULUCF,Emissions (CO2),kilotonnes,104.9,104.96,105.03,133.94,145.2,141.2,163.29,105.29,108.3,134.38,163.45,138.48,145.52,178.69,156.62,171.59,204.64,240.81,252.87,221.86,228.9
Comoros,All sectors without LULUCF,Emissions (CO2eq) from F-gases (AR5),kilotonnes,0.0126,0.0428,0.0846,0.1341,0.1846,0.2595,0.2964,0.3459,0.3955,0.4412,0.4859,0.482,0.5189,0.5568,0.5937,0.6316,0.6686,0.7065,0.7434,0.7813,0.8182
Comoros,All sectors without LULUCF,Emissions (CO2eq) from CH4 (AR5),kilotonnes,357.7084,376.9498,386.4464,385.0847,393.1489,404.0073,425.4352,409.8957,441.2546,450.7668,470.5419,495.1734,511.1402,522.3806,537.04,548.7175,552.0452,566.931,575.8507,578.7927,585.961
Comoros,All sectors without LULUCF,Emissions (CO2eq) from N2O (AR5),kilotonnes,48.7651,50.3114,51.6568,48.794,49.351,51.6664,52.7236,52.2569,53.903,53.7616,55.3779,56.2909,56.8102,57.9582,58.0148,58.9372,60.0329,61.4868,62.0401,62.4893,62.2241
Comoros,All sectors without LULUCF,Emissions (CO2eq) (AR5),kilotonnes,511.3861,532.2639,543.2178,567.9528,587.8845,597.1331,641.7452,567.7886,603.8531,639.3496,689.8557,690.4262,713.9894,759.5857,752.2686,779.8763,817.3867,869.9343,891.5041,863.9233,877.9034
Congo,Crop Residues,Direct emissions (N2O),kilotonnes,0.003,0.0046,0.0049,0.0053,0.0054,0.0055,0.0053,0.0054,0.0057,0.006,0.0061,0.0061,0.0064,0.0067,0.0065,0.0067,0.0069,0.0071,0.007,0.0073,0.0071
Congo,Crop Residues,Indirect emissions (N2O),kilotonnes,0.0007,0.001,0.0011,0.0012,0.0012,0.0012,0.0012,0.0012,0.0013,0.0014,0.0014,0.0014,0.0014,0.0015,0.0015,0.0015,0.0016,0.0016,0.0016,0.0016,0.0016
Congo,Crop Residues,Emissions (N2O),kilotonnes,0.0037,0.0057,0.0061,0.0065,0.0066,0.0067,0.0066,0.0066,0.007,0.0074,0.0075,0.0075,0.0078,0.0082,0.008,0.0082,0.0085,0.0086,0.0086,0.0089,0.0087
Congo,Crop Residues,Emissions (CO2eq) from N2O (AR5),kilotonnes,0.9725,1.5005,1.6053,1.7258,1.7422,1.7704,1.7366,1.7386,1.8564,1.9551,1.982,1.9767,2.0779,2.1672,2.1101,2.1766,2.2443,2.2899,2.2875,2.3536,2.2975
Congo,Crop Residues,Emissions (CO2eq) (AR5),kilotonnes,0.9725,1.5005,1.6053,1.7258,1.7422,1.7704,1.7366,1.7386,1.8564,1.9551,1.982,1.9767,2.0779,2.1672,2.1101,2.1766,2.2443,2.2899,2.2875,2.3536,2.2975
Congo,Rice Cultivation,Emissions (CH4),kilotonnes,0.1301,0.1351,0.1403,0.119,0.126,0.133,0.1295,0.133,0.147,0.161,0.1673,0.1385,0.1378,0.1383,0.1402,0.1426,0.1456,0.1438,0.1428,0.1431,0.1434
Congo,Rice Cultivation,Emissions (CO2eq) from CH4 (AR5),kilotonnes,3.6436,3.7828,3.9278,3.332,3.528,3.724,3.626,3.724,4.116,4.508,4.6844,3.8788,3.8592,3.871,3.9259,3.9925,4.0768,4.0258,3.9984,4.0062,4.0141
Congo,Rice Cultivation,Emissions (CO2eq) (AR5),kilotonnes,3.6436,3.7828,3.9278,3.332,3.528,3.724,3.626,3.724,4.116,4.508,4.6844,3.8788,3.8592,3.871,3.9259,3.9925,4.0768,4.0258,3.9984,4.0062,4.0141
Congo,Burning - Crop residues,Emissions (CH4),kilotonnes,0.0453,0.0459,0.047,0.0608,0.0628,0.0637,0.0601,0.0615,0.0635,0.0655,0.0671,0.0689,0.0706,0.0714,0.0605,0.0673,0.0703,0.07,0.0702,0.0721,0.0693
Congo,Burning - Crop residues,Emissions (CH4),kilotonnes,1.4,,,,,,,,,,,,,,,,,,,,
Congo,Burning - Crop residues,Emissions (N2O),kilotonnes,0.0012,0.0012,0.0012,0.0016,0.0016,0.0017,0.0016,0.0016,0.0016,0.0017,0.0017,0.0018,0.0018,0.0019,0.0016,0.0017,0.0018,0.0018,0.0018,0.0019,0.0018
Congo,Burning - Crop residues,Emissions (N2O),kilotonnes,0.04,,,,,,,,,,,,,,,,,,,,
Congo,Burning - Crop residues,Emissions (CO2eq) from CH4 (AR5),kilotonnes,1.2675,1.2862,1.3169,1.7033,1.7573,1.7838,1.6834,1.7233,1.7789,1.8344,1.8798,1.9282,1.9756,1.9998,1.6936,1.884,1.9693,1.9599,1.966,2.0185,1.9412
Congo,Burning - Crop residues,Emissions (CO2eq) from CH4 (AR5),kilotonnes,39.2,,,,,,,,,,,,,,,,,,,,
Congo,Burning - Crop residues,Emissions (CO2eq) from N2O (AR5),kilotonnes,0.311,0.3156,0.3231,0.4179,0.4312,0.4377,0.4131,0.4228,0.4365,0.4501,0.4613,0.4731,0.4848,0.4907,0.4156,0.4623,0.4832,0.4809,0.4824,0.4953,0.4763
Congo,Burning - Crop residues,Emissions (CO2eq) from N2O (AR5),kilotonnes,10.6,,,,,,,,,,,,,,,,,,,,
Congo,Burning - Crop residues,Emissions (CO2eq) (AR5),kilotonnes,1.5786,1.6018,1.64,2.1212,2.1885,2.2215,2.0965,2.1461,2.2153,2.2845,2.3411,2.4013,2.4604,2.4905,2.1092,2.3463,2.4526,2.4408,2.4484,2.5137,2.4175
Congo,Burning - Crop residues,Emissions (CO2eq) (AR5),kilotonnes,49.8,,,,,,,,,,,,,,,,,,,,
Congo,Enteric Fermentation,Emissions (CH4),kilotonnes,4.6647,4.7517,4.9269,5.1532,6.7097,8.2786,9.8313,11.4155,12.25,11.8986,12.559,12.7431,12.7823,12.8188,12.9184,12.9374,12.9163,13.2624,13.2014,13.2722,13.3419
Congo,Enteric Fermentation,Emissions (CH4),kilotonnes,0.22,,,,,,,,,,,,,,,,,,,,
Congo,Enteric Fermentation,Emissions (CO2eq) from CH4 (AR5),kilotonnes,130.6108,133.0462,137.9522,144.2888,187.8708,231.8004,275.2776,319.6339,343,333.1611,351.6523,356.8068,357.9058,358.9278,361.7138,362.2485,361.6554,371.3475,369.6395,371.6225,373.5742
Congo,Enteric Fermentation,Emissions (CO2eq) from CH4 (AR5),kilotonnes,6.16,,,,,,,,,,,,,,,,,,,,
Congo,Enteric Fermentation,Emissions (CO2eq) (AR5),kilotonnes,130.6108,133.0462,137.9522,144.2888,187.8708,231.8004,275.2776,319.6339,343,333.1611,351.6523,356.8068,357.9058,358.9278,361.7138,362.2485,361.6554,371.3475,369.6395,371.6225,373.5742
Congo,Enteric Fermentation,Emissions (CO2eq) (AR5),kilotonnes,6.16,,,,,,,,,,,,,,,,,,,,
Congo,Manure Management,Emissions (CH4),kilotonnes,0.2421,0.2461,0.2574,0.2674,0.3238,0.3821,0.4358,0.4905,0.5222,0.5162,0.5425,0.5543,0.5572,0.5627,0.5658,0.5676,0.5681,0.5817,0.5824,0.5867,0.593
Congo,Manure Management,Emissions (CH4),kilotonnes,,,,,,,,,,,,,,,,,,,,,
Congo,Manure Management,Emissions (N2O),kilotonnes,0.0272,0.0277,0.0283,0.0289,0.0318,0.0353,0.0376,0.04,0.0422,0.044,0.0457,0.0476,0.0477,0.049,0.0491,0.0496,0.0501,0.0504,0.0515,0.0528,0.0543
Congo,Manure Management,Emissions (CO2eq) from CH4 (AR5),kilotonnes,6.779,6.891,7.2075,7.4878,9.067,10.6994,12.2018,13.7349,14.6227,14.4541,15.1904,15.5213,15.6013,15.7548,15.843,15.893,15.9076,16.2888,16.3082,16.4284,16.6039
Congo,Manure Management,Emissions (CO2eq) from CH4 (AR5),kilotonnes,,,,,,,,,,,,,,,,,,,,,
Congo,Manure Management,Emissions (CO2eq) from N2O (AR5),kilotonnes,7.2083,7.334,7.5009,7.6603,8.4399,9.3503,9.9657,10.6094,11.1932,11.6475,12.111,12.6119,12.6279,12.9905,13.0041,13.1391,13.2681,13.3675,13.6459,13.9963,14.3958
Congo,Manure Management,Emissions (CO2eq) (AR5),kilotonnes,13.9873,14.225,14.7084,15.1481,17.5069,20.0498,22.1675,24.3443,25.8159,26.1015,27.3014,28.1333,28.2291,28.7454,28.8471,29.0321,29.1757,29.6564,29.9541,30.4248,30.9997
Congo,Manure Management,Emissions (CO2eq) (AR5),kilotonnes,,,,,,,,,,,,,,,,,,,,,
Congo,Manure left on Pasture,Direct emissions (N2O),kilotonnes,0.2085,0.2119,0.2214,0.231,0.2918,0.3538,0.4141,0.4756,0.5082,0.4956,0.5225,0.5305,0.5328,0.5348,0.5387,0.5394,0.5387,0.5532,0.5509,0.5532,0.5562
Congo,Manure left on Pasture,Indirect emissions (N2O),kilotonnes,0.062,0.0627,0.0655,0.0676,0.0805,0.0937,0.1066,0.1198,0.1272,0.1256,0.1317,0.1336,0.1342,0.1346,0.1355,0.1356,0.1355,0.1386,0.1382,0.1388,0.1395
Congo,Manure left on Pasture,Emissions (N2O),kilotonnes,0.2705,0.2747,0.2869,0.2985,0.3723,0.4476,0.5207,0.5954,0.6355,0.6213,0.6541,0.6641,0.667,0.6694,0.6742,0.675,0.6742,0.6919,0.6891,0.692,0.6957
Congo,Manure left on Pasture,Emissions (CO2eq) from N2O (AR5),kilotonnes,71.6866,72.7862,76.0208,79.1071,98.6601,118.6021,137.9773,157.7849,168.4011,164.6314,173.3471,175.987,176.7501,177.3888,178.653,178.8772,178.6529,183.3438,182.623,183.3706,184.3637
Congo,Manure left on Pasture,Emissions (CO2eq) (AR5),kilotonnes,71.6866,72.7862,76.0208,79.1071,98.6601,118.6021,137.9773,157.7849,168.4011,164.6314,173.3471,175.987,176.7501,177.3888,178.653,178.8772,178.6529,183.3438,182.623,183.3706,184.3637
Congo,Manure applied to Soils,Direct emissions (N2O),kilotonnes,0.0172,0.0174,0.018,0.0184,0.0201,0.0221,0.0234,0.0248,0.0261,0.027,0.0281,0.0292,0.0293,0.03,0.0301,0.0303,0.0306,0.0309,0.0314,0.0321,0.0329
Congo,Manure applied to Soils,Indirect emissions (N2O),kilotonnes,0.0073,0.0074,0.0076,0.0078,0.0085,0.0094,0.01,0.0105,0.0111,0.0115,0.0119,0.0124,0.0124,0.0128,0.0128,0.0129,0.013,0.0131,0.0134,0.0136,0.014
Congo,Manure applied to Soils,Emissions (N2O),kilotonnes,0.0245,0.0248,0.0256,0.0263,0.0287,0.0315,0.0334,0.0354,0.0371,0.0385,0.04,0.0415,0.0417,0.0428,0.0428,0.0432,0.0436,0.0441,0.0448,0.0457,0.0469
Congo,Manure applied to Soils,Emissions (CO2eq) from N2O (AR5),kilotonnes,6.4967,6.5794,6.7972,6.963,7.5962,8.3531,8.8476,9.3689,9.8403,10.1999,10.6054,11.0092,11.0496,11.3348,11.3526,11.4513,11.5553,11.6738,11.876,12.1207,12.4264
Congo,Manure applied to Soils,Emissions (CO2eq) (AR5),kilotonnes,6.4967,6.5794,6.7972,6.963,7.5962,8.3531,8.8476,9.3689,9.8403,10.1999,10.6054,11.0092,11.0496,11.3348,11.3526,11.4513,11.5553,11.6738,11.876,12.1207,12.4264
Congo,Synthetic Fertilizers,Direct emissions (N2O),kilotonnes,0.0314,0.0416,,,0.0115,0.0001,0.0004,0.001,0.004,0.0143,0.0017,0.0044,0.0107,0.01,0.0046,0.01,0.005,0.0052,0.0052,0.0129,0.0485
Congo,Synthetic Fertilizers,Indirect emissions (N2O),kilotonnes,0.0102,0.0135,,,0.0037,0,0.0001,0.0003,0.0013,0.0047,0.0006,0.0014,0.0035,0.0033,0.0015,0.0033,0.0016,0.0017,0.0017,0.0042,0.0158
Congo,Synthetic Fertilizers,Emissions (N2O),kilotonnes,0.0416,0.0551,,,0.0153,0.0002,0.0005,0.0013,0.0052,0.019,0.0023,0.0059,0.0142,0.0133,0.006,0.0133,0.0066,0.0069,0.0068,0.0171,0.0643
Congo,Synthetic Fertilizers,Emissions (CO2eq) from N2O (AR5),kilotonnes,11.0354,14.6108,,,4.05,0.0497,0.1324,0.3531,1.3905,5.0376,0.6069,1.556,3.7609,3.5171,1.6023,3.5139,1.7588,1.837,1.8101,4.5292,17.0368
Congo,Synthetic Fertilizers,Emissions (CO2eq) (AR5),kilotonnes,11.0354,14.6108,,,4.05,0.0497,0.1324,0.3531,1.3905,5.0376,0.6069,1.556,3.7609,3.5171,1.6023,3.5139,1.7588,1.837,1.8101,4.5292,17.0368
Congo,Drained organic soils,Emissions (CO2eq) (AR5),kilotonnes,2631.3658,2510.5649,2518.8955,2495.5595,2494.0631,2518.1404,2535.3896,2513.8436,2564.3726,2564.8087,2581.6194,2671.5688,2878.6666,2920.7221,2977.2339,2977.2339,3011.1564,3028.1426,3065.6866,3096.6722,3059.0787
Congo,Drained organic soils (CO2),Emissions (CO2),kilotonnes,2523.2086,2407.5769,2415.6263,2393.2779,2391.8199,2414.9555,2431.5047,2410.877,2459.4159,2459.8573,2475.9651,2562.3614,2761.3168,2801.7001,2855.9772,2855.9772,2888.4995,2904.7956,2940.8807,2970.7587,2934.6679
Congo,Drained organic soils (CO2),Emissions (CO2eq) (AR5),kilotonnes,2523.2086,2407.5769,2415.6263,2393.2779,2391.8199,2414.9555,2431.5047,2410.877,2459.4159,2459.8573,2475.9651,2562.3614,2761.3168,2801.7001,2855.9772,2855.9772,2888.4995,2904.7956,2940.8807,2970.7587,2934.6679
Congo,Drained organic soils (N2O),Emissions (N2O),kilotonnes,0.4081,0.3886,0.3897,0.386,0.3858,0.3894,0.392,0.3886,0.3961,0.396,0.3987,0.4121,0.4428,0.4491,0.4576,0.4576,0.4629,0.4655,0.471,0.4751,0.4695
Congo,Drained organic soils (N2O),Emissions (CO2eq) from N2O (AR5),kilotonnes,108.1572,102.988,103.2692,102.2816,102.2432,103.1849,103.885,102.9666,104.9567,104.9514,105.6542,109.2075,117.3498,119.0219,121.2567,121.2567,122.657,123.347,124.8059,125.9135,124.4107
Congo,Drained organic soils (N2O),Emissions (CO2eq) (AR5),kilotonnes,108.1572,102.988,103.2692,102.2816,102.2432,103.1849,103.885,102.9666,104.9567,104.9514,105.6542,109.2075,117.3498,119.0219,121.2567,121.2567,122.657,123.347,124.8059,125.9135,124.4107
Congo,On-farm energy use,Emissions (CH4),kilotonnes,0.0022,0.0026,0.0023,0.0037,0.0038,0.0042,0.0054,0.0057,0.0069,0.007,0.0072,0.0079,0.0085,0.009,0.01,0.0105,0.0101,0.0102,0.0103,0.0104,0.0104
Congo,On-farm energy use,Emissions (N2O),kilotonnes,0.0017,0.0024,0.0018,0.0031,0.0038,0.004,0.005,0.0051,0.0065,0.0065,0.0074,0.0083,0.0079,0.0095,0.0101,0.0078,0.0062,0.0059,0.006,0.0052,0.0052
Congo,On-farm energy use,Emissions (CO2),kilotonnes,6.887,10.7301,7.8791,17.0211,17.1796,17.6701,23.1774,23.4279,32.5673,32.2556,31.58,35.7362,36.3704,36.5377,40.3369,36.7718,30.92,35.8795,37.1266,36.4846,36.4846
Congo,On-farm energy use,Emissions (CO2eq) from CH4 (AR5),kilotonnes,0.0629,0.0732,0.0656,0.1047,0.1075,0.1179,0.1513,0.1594,0.1936,0.1974,0.2017,0.2216,0.2388,0.2527,0.2811,0.2943,0.2817,0.2849,0.2893,0.2909,0.2909
Congo,On-farm energy use,Emissions (CO2eq) from N2O (AR5),kilotonnes,0.4588,0.6296,0.4702,0.8102,1.0171,1.0613,1.3333,1.364,1.7115,1.7122,1.9591,2.2078,2.0891,2.5128,2.6681,2.0703,1.6382,1.5749,1.5835,1.3666,1.3666
Congo,On-farm energy use,Emissions (CO2eq) (AR5),kilotonnes,7.4087,11.4329,8.4149,17.9361,18.3043,18.8493,24.662,24.9513,34.4724,34.1651,33.7408,38.1656,38.6982,39.3032,43.2861,39.1364,32.84,37.7393,38.9994,38.1421,38.1421
Congo,Forestland,Emissions (CO2),kilotonnes,0,0,0,0,0,0,0,0,0,0,0,0,0,0,0,0,0,0,0,0,0
Congo,Forestland,Emissions (CO2eq) (AR5),kilotonnes,0,0,0,0,0,0,0,0,0,0,0,0,0,0,0,0,0,0,0,0,0
Congo,Net Forest conversion,Emissions (CO2),kilotonnes,5869.6,5869.6,5869.6,5869.6,5869.6,5869.6,5869.6,5869.6,5869.6,5869.6,5869.6,5869.6,5869.6,5869.6,5869.6,5869.6,6750.04,6750.04,6750.04,6750.04,6750.04
Congo,Net Forest conversion,Emissions (CO2eq) (AR5),kilotonnes,5869.6,5869.6,5869.6,5869.6,5869.6,5869.6,5869.6,5869.6,5869.6,5869.6,5869.6,5869.6,5869.6,5869.6,5869.6,5869.6,6750.04,6750.04,6750.04,6750.04,6750.04
Congo,Savanna fires,Emissions (CH4),kilotonnes,10.2877,12.6341,22.0528,38.238,39.8099,47.1809,47.3651,40.9311,40.477,37.5745,45.3975,46.4275,43.3366,45.8737,37.6462,44.7538,44.9403,44.0925,45.7463,45.4883,38.8146
Congo,Savanna fires,Emissions (N2O),kilotonnes,0.9393,1.1535,2.0135,3.4913,3.6348,4.3078,4.3246,3.7372,3.6957,3.4307,4.145,4.239,3.9568,4.1885,3.4373,4.0862,4.1032,4.0258,4.1768,4.1533,3.5439
Congo,Savanna fires,Emissions (CO2eq) from CH4 (AR5),kilotonnes,288.0564,353.7537,617.4797,1070.6628,1114.6769,1321.0652,1326.223,1146.0715,1133.3561,1052.0862,1271.1289,1299.9707,1213.4259,1284.4635,1054.093,1253.1065,1258.3277,1234.5909,1280.8966,1273.6715,1086.8082
Congo,Savanna fires,Emissions (CO2eq) from N2O (AR5),kilotonnes,248.9185,305.6893,533.583,925.1923,963.2262,1141.5727,1146.0296,990.3553,979.3675,909.1397,1098.4211,1123.3443,1048.5583,1109.944,910.8739,1082.8474,1087.3592,1066.8476,1106.8618,1100.6183,939.1441
Congo,Savanna fires,Emissions (CO2eq) (AR5),kilotonnes,536.9749,659.443,1151.0627,1995.8551,2077.9032,2462.6379,2472.2526,2136.4268,2112.7236,1961.2259,2369.55,2423.315,2261.9842,2394.4075,1964.9669,2335.9539,2345.6869,2301.4385,2387.7584,2374.2898,2025.9523
Congo,Fires in organic soils,Emissions (CH4),kilotonnes,0,0,0,0,0,0,0,0,0,0,0,0,0,0,0,0,0,0,0,0,0
Congo,Fires in organic soils,Emissions (CO2),kilotonnes,0,0,0,0,0,0,0,0,0,0,0,0,0,0,0,0,0,0,0,0,0
Congo,Fires in organic soils,Emissions (CO2eq) from CH4 (AR5),kilotonnes,0,0,0,0,0,0,0,0,0,0,0,0,0,0,0,0,0,0,0,0,0
Congo,Fires in organic soils,Emissions (CO2eq) (AR5),kilotonnes,0,0,0,0,0,0,0,0,0,0,0,0,0,0,0,0,0,0,0,0,0
Congo,Forest fires,Emissions (CH4),kilotonnes,9.3962,3.0845,2.2363,9.2855,7.6848,7.9922,9.32,6.9161,5.402,6.1532,9.0638,11.4968,7.3573,7.7762,3.6986,8.6666,13.7251,6.4956,10.9927,11.6052,9.9525
Congo,Forest fires,Emissions (N2O),kilotonnes,0.2764,0.2816,0.2042,0.8478,0.7017,0.7297,0.851,0.6315,0.4932,0.5618,0.8276,1.0497,0.6718,0.71,0.3377,0.7913,1.2532,0.5931,1.0037,1.0596,0.9087
Congo,Forest fires,Emissions (CO2eq) from CH4 (AR5),kilotonnes,263.093,86.3666,62.6166,259.9951,215.1741,223.7805,260.9604,193.6518,151.2571,172.2885,253.7854,321.9116,206.0053,217.7339,103.5616,242.6646,384.3014,181.8779,307.7964,324.9446,278.6688
Congo,Forest fires,Emissions (CO2eq) from N2O (AR5),kilotonnes,73.2349,74.632,54.1089,224.6697,185.9385,193.3755,225.5038,167.3404,130.7058,148.8798,219.3037,278.1736,178.0154,188.1505,89.4908,209.6938,332.0866,157.1662,265.9762,280.7945,240.8062
Congo,Forest fires,Emissions (CO2eq) (AR5),kilotonnes,336.3279,160.9986,116.7256,484.6648,401.1127,417.156,486.4641,360.9922,281.9629,321.1683,473.0892,600.0852,384.0207,405.8843,193.0524,452.3584,716.388,339.0441,573.7726,605.7391,519.475
Congo,Fires in humid tropical forests,Emissions (CH4),kilotonnes,9.3683,3.0845,2.2363,9.2855,7.6848,7.9773,9.2457,6.9137,5.2757,6.1532,9.0489,11.482,7.3524,7.7539,3.6962,8.6022,13.673,6.4882,10.9927,11.5804,9.8732
Congo,Fires in humid tropical forests,Emissions (N2O),kilotonnes,0.2755,0.2816,0.2042,0.8478,0.7017,0.7284,0.8442,0.6312,0.4817,0.5618,0.8262,1.0484,0.6713,0.708,0.3375,0.7854,1.2484,0.5924,1.0037,1.0573,0.9015
Congo,Fires in humid tropical forests,Emissions (CO2eq) from CH4 (AR5),kilotonnes,262.3123,86.3666,62.6166,259.9951,215.1741,223.3643,258.8793,193.5824,147.7193,172.2885,253.3693,321.4954,205.8665,217.1096,103.4923,240.861,382.8447,181.6698,307.7964,324.2509,276.4491
Congo,Fires in humid tropical forests,Emissions (CO2eq) from N2O (AR5),kilotonnes,73.0176,74.632,54.1089,224.6697,185.9385,193.0159,223.7055,167.2805,127.6488,148.8798,218.9441,277.814,177.8955,187.611,89.4308,208.1354,330.8278,156.9864,265.9762,280.1951,238.8881
Congo,Fires in humid tropical forests,Emissions (CO2eq) (AR5),kilotonnes,335.3298,160.9986,116.7256,484.6648,401.1127,416.3802,482.5849,360.8629,275.3681,321.1683,472.3133,599.3093,383.7621,404.7206,192.9231,448.9964,713.6725,338.6562,573.7726,604.4461,515.3371
Congo,Waste - agri-food systems,Emissions (CH4),kilotonnes,8.4858,8.7318,8.9075,9.0272,9.2435,9.131,9.3255,9.5022,9.7176,9.9465,10.1353,10.3137,10.4479,10.6915,10.8451,10.884,11.0093,11.1318,11.2864,11.414,11.5297
Congo,Waste - agri-food systems,Emissions (N2O),kilotonnes,0.0499,0.0548,0.0573,0.0611,0.0654,0.0523,0.0594,0.0608,0.063,0.0695,0.072,0.0834,0.0795,0.0845,0.0864,0.0945,0.097,0.1002,0.1027,0.1051,0.1075
Congo,Waste - agri-food systems,Emissions (CO2),kilotonnes,0,0,0,0,0,0,0,0,0,0,0,0,0,0,0,0,0,0,0,0,0
Congo,Waste - agri-food systems,Emissions (CO2eq) from CH4 (AR5),kilotonnes,237.6035,244.4907,249.4094,252.761,258.817,255.6669,261.1135,266.0621,272.0936,278.5022,283.7888,288.7848,292.5411,299.3624,303.6634,304.7514,308.2599,311.6899,316.02,319.5908,322.8311
Congo,Waste - agri-food systems,Emissions (CO2eq) from N2O (AR5),kilotonnes,13.2291,14.529,15.1941,16.1786,17.338,13.86,15.7308,16.1171,16.6949,18.4203,19.0832,22.0969,21.0546,22.3843,22.895,25.0452,25.6937,26.5586,27.2234,27.854,28.4918
Congo,Waste - agri-food systems,Emissions (CO2eq) (AR5),kilotonnes,250.8325,259.0197,264.6036,268.9396,276.1551,269.5268,276.8444,282.1792,288.7885,296.9224,302.872,310.8817,313.5957,321.7467,326.5583,329.7966,333.9536,338.2484,343.2434,347.4448,351.3229
Congo,On-farm electricity use,Emissions (CH4),kilotonnes,0,0,0,0,0,0,0,0,0,0,0,0,0,0,0,0,0,0,0,0,0
Congo,On-farm electricity use,Emissions (N2O),kilotonnes,0,0,0,0,0,0,0,0,0,0,0,0,0,0,0,0,0,0,0,0,0
Congo,On-farm electricity use,Emissions (CO2),kilotonnes,0,0,0,0,0,0,0,0,0,0,0,0,0,0,0,0,0,0,0,0,0
Congo,On-farm electricity use,Emissions (CO2eq) from CH4 (AR5),kilotonnes,0,0,0,0,0,0,0,0,0,0,0,0,0,0,0,0,0,0,0,0,0
Congo,On-farm electricity use,Emissions (CO2eq) from N2O (AR5),kilotonnes,0,0,0,0,0,0,0,0,0,0,0,0,0,0,0,0,0,0,0,0,0
Congo,On-farm electricity use,Emissions (CO2eq) (AR5),kilotonnes,0,0,0,0,0,0,0,0,0,0,0,0,0,0,0,0,0,0,0,0,0
Congo,Food Processing,Emissions (CH4),kilotonnes,0,0,0,0,0,0,0,0,0,0,0,0,0.0028,0.0028,0.003,0.0031,0.0023,0.0023,0.0023,0.0023,0.0023
Congo,Food Processing,Emissions (N2O),kilotonnes,0,0,0,0,0,0,0,0,0,0,0,0,0.0006,0.0006,0.0006,0.0006,0.0005,0.0005,0.0005,0.0005,0.0005
Congo,Food Processing,Emissions (CO2),kilotonnes,0,0,0,0,0,0,0,0,0,0,0,0,69.8612,70.0986,73.2849,76.2932,57.2347,57.1754,57.1754,57.1754,54.6496
Congo,Food Processing,Emissions (CO2eq) from CH4 (AR5),kilotonnes,0,0,0,0,0,0,0,0,0,0,0,0,0.0784,0.0784,0.084,0.0868,0.0644,0.0644,0.0644,0.0644,0.0644
Congo,Food Processing,Emissions (CO2eq) from N2O (AR5),kilotonnes,0,0,0,0,0,0,0,0,0,0,0,0,0.159,0.159,0.159,0.159,0.1325,0.1325,0.1325,0.1325,0.1386
Congo,Food Processing,Emissions (CO2eq) (AR5),kilotonnes,0,0,0,0,0,0,0,0,0,0,0,0,70.0986,70.336,73.5279,76.539,57.4316,57.3723,57.3723,57.3723,54.8526
Congo,Food Packaging,Emissions (CH4),kilotonnes,0.1795,0.2678,0.1778,0.5564,0.8044,1.0366,1.1409,1.0326,1.0631,1.205,1.8432,1.8724,1.677,1.6219,1.9791,1.9919,2.2265,2.5486,2.5705,2.3625,2.3625
Congo,Food Packaging,Emissions (N2O),kilotonnes,0,0,0,0.0001,0.0001,0.0001,0.0002,0.0002,0.0002,0.0002,0.0002,0.0004,0.0006,0.0006,0.0008,0.0008,0.0009,0.0007,0.0007,0.0007,0.0007
Congo,Food Packaging,Emissions (CO2),kilotonnes,10.9042,12.8728,8.6834,20.1062,25.5919,31.519,36.1439,33.1269,34.8875,39.6981,45.8663,34.2705,31.4867,29.2731,50.318,48.7262,41.8404,38.1663,42.797,48.7793,46.6244
Congo,Food Packaging,Emissions (CO2eq) from CH4 (AR5),kilotonnes,5.026,7.4984,4.9784,15.5792,22.5232,29.0248,31.9452,28.9128,29.7668,33.74,51.6096,52.4272,46.956,45.4132,55.4148,55.7732,62.342,71.3608,71.974,66.15,66.15
Congo,Food Packaging,Emissions (CO2eq) from N2O (AR5),kilotonnes,0,0,0,0.0265,0.0265,0.0265,0.053,0.053,0.053,0.053,0.053,0.106,0.159,0.159,0.212,0.212,0.2385,0.1855,0.1855,0.1855,0.194
Congo,Food Packaging,Emissions (CO2eq) (AR5),kilotonnes,15.9302,20.3712,13.6618,35.7119,48.1416,60.5703,68.1421,62.0927,64.7073,73.4911,97.5289,86.8037,78.6017,74.8453,105.9448,104.7114,104.4209,109.7126,114.9565,115.1148,112.9684
Congo,Food Retail,Emissions (CH4),kilotonnes,0.0001,0.0001,0.0001,0.0001,0.0001,0.0001,0.0001,0.0001,0.0001,0.0001,0.0001,0.0001,0.0001,0.0001,0.0001,0.1007,0.1115,0.1305,0.1318,0.1724,0.1724
Congo,Food Retail,Emissions (N2O),kilotonnes,0,0,0,0,0,0,0,0,0,0,0,0,0,0,0,0.0005,0.0006,0.0007,0.0007,0.0009,0.0009
Congo,Food Retail,Emissions (CO2),kilotonnes,1.5838,1.5734,1.0201,1.2933,1.3141,1.5285,1.6806,1.4904,1.4939,1.729,1.8604,1.7152,1.7636,2.0575,1.8812,10.0934,10.4653,12.3106,12.4108,15.6317,14.9411
Congo,Food Retail,Emissions (CO2eq) from F-gases (AR5),kilotonnes,1.039,2.078,2.5975,3.117,4.6755,4.6755,5.7145,6.234,6.234,6.7535,6.7535,6.7535,6.7535,6.7535,6.7535,6.7535,7.273,7.273,7.273,7.7925,8.1562
Congo,Food Retail,Emissions (CO2eq) from CH4 (AR5),kilotonnes,0.0031,0.0029,0.0019,0.0021,0.0023,0.0028,0.0031,0.0026,0.0025,0.0027,0.003,0.0029,0.0028,0.0025,0.0026,2.8196,3.122,3.654,3.6904,4.8272,4.8272
Congo,Food Retail,Emissions (CO2eq) from N2O (AR5),kilotonnes,0,0,0,0,0,0,0,0,0,0,0,0,0,0,0,0.1325,0.159,0.1855,0.1855,0.2385,0.2495
Congo,Food Retail,Emissions (CO2eq) (AR5),kilotonnes,2.6259,3.6543,3.6195,4.4124,5.9918,6.2067,7.3982,7.727,7.7304,8.4852,8.6169,8.4716,8.5199,8.8135,8.6373,19.799,21.0193,23.4231,23.5597,28.4899,28.174
Congo,Food Household Consumption,Emissions (CH4),kilotonnes,0.058,0.0649,0.0697,0.0712,0.0724,0.0858,0.0918,0.102,0.1054,0.1178,0.123,0.1549,0.1993,0.2025,0.2014,0.3007,0.3235,0.3156,0.3235,0.3235,0.3235
Congo,Food Household Consumption,Emissions (N2O),kilotonnes,0.0005,0.0006,0.0006,0.0006,0.0004,0.0006,0.0006,0.0006,0.0007,0.0008,0.0009,0.001,0.0012,0.0012,0.0012,0.0016,0.0018,0.0017,0.0017,0.0017,0.0018
Congo,Food Household Consumption,Emissions (CO2),kilotonnes,27.1276,28.2682,28.3649,30.6843,6.2854,22.204,25.928,33.15,38.0896,47.7455,52.3259,53.8654,44.9423,49.6062,48.3186,38.8422,44.1591,39.9499,40.5385,40.5385,38.7476
Congo,Food Household Consumption,Emissions (CO2eq) from CH4 (AR5),kilotonnes,1.624,1.8172,1.9516,1.9936,2.0272,2.4024,2.5704,2.856,2.9512,3.2984,3.444,4.3372,5.5804,5.67,5.6392,8.4196,9.058,8.8368,9.058,9.058,9.058
Congo,Food Household Consumption,Emissions (CO2eq) from N2O (AR5),kilotonnes,0.1325,0.159,0.159,0.159,0.106,0.159,0.159,0.159,0.1855,0.212,0.2385,0.265,0.318,0.318,0.318,0.424,0.477,0.4505,0.4505,0.4505,0.4712
Congo,Food Household Consumption,Emissions (CO2eq) (AR5),kilotonnes,28.8841,30.2444,30.4755,32.8369,8.4186,24.7654,28.6574,36.165,41.2263,51.2559,56.0084,58.4676,50.8407,55.5942,54.2758,47.6858,53.6941,49.2372,50.047,50.047,48.2769
Congo,Food Transport,Emissions (CH4),kilotonnes,0.007,0.0076,0.0069,0.0088,0.0106,0.0116,0.0145,0.0152,0.0173,0.0184,0.0207,0.0224,0.0242,0.0281,0.0304,0.0281,0.0266,0.024,0.024,0.0271,0.0271
Congo,Food Transport,Emissions (N2O),kilotonnes,0.0007,0.0008,0.0007,0.0009,0.001,0.0011,0.0014,0.0016,0.0018,0.0019,0.0021,0.0023,0.0195,0.0197,0.0207,0.0228,0.0184,0.0053,0.0053,0.013,0.0136
Congo,Food Transport,Emissions (CO2),kilotonnes,41.3955,52.5225,40.767,59.059,71.253,71.9605,89.3405,95.4085,119.2945,130.325,153.3785,169.925,179.4895,213.092,225.9205,190.028,160.8485,141.2475,141.2475,188.132,179.8209
Congo,Food Transport,Emissions (CO2eq) from CH4 (AR5),kilotonnes,0.196,0.2128,0.1932,0.2464,0.2968,0.3248,0.406,0.4256,0.4844,0.5152,0.5796,0.6272,0.6776,0.7868,0.8512,0.7868,0.7448,0.672,0.672,0.7588,0.7588
Congo,Food Transport,Emissions (CO2eq) from N2O (AR5),kilotonnes,0.1855,0.212,0.1855,0.2385,0.265,0.2915,0.371,0.424,0.477,0.5035,0.5565,0.6095,5.1675,5.2205,5.4855,6.042,4.876,1.4045,1.4045,3.445,3.6035
Congo,Food Transport,Emissions (CO2eq) (AR5),kilotonnes,41.777,52.9473,41.1457,59.5439,71.8148,72.5768,90.1175,96.2581,120.2559,131.3437,154.5146,171.1617,185.3346,219.0993,232.2572,196.8568,166.4693,143.324,143.324,192.3358,184.1832
Congo,Energy,Emissions (CH4),kilotonnes,545,514,333,361,397,490,538,449,436,478,525,508,492,437,457,434,429,490,491,470,470
Congo,Energy,Emissions (N2O),kilotonnes,0.112,0.114,0.0988,0.113,0.119,0.135,0.189,0.148,0.156,0.169,0.181,0.247,0.359,0.375,0.382,0.399,0.375,0.295,0.308,0.413,0.432
Congo,Energy,Emissions (CO2),kilotonnes,4580,4550,2950,3740,3800,4420,4860,4310,4320,5000,5380,4960,5100,5950,5440,5530,5610,5200,5770,4980,4760
Congo,Energy,Emissions (CO2eq) from CH4 (AR5),kilotonnes,15260,14392,9324,10108,11116,13720,15064,12572,12208,13384,14700,14224,13776,12236,12796,12152,12012,13720,13748,13160,13160
Congo,Energy,Emissions (CO2eq) from N2O (AR5),kilotonnes,29.68,30.21,26.182,29.945,31.535,35.775,50.085,39.22,41.34,44.785,47.965,65.455,95.135,99.375,101.23,105.735,99.375,78.175,81.62,109.445,114.48
Congo,Energy,Emissions (CO2eq) (AR5),kilotonnes,19869.68,18972.21,12300.182,13877.945,14947.535,18175.775,19974.085,16921.22,16569.34,18428.785,20127.965,19249.455,18971.135,18285.375,18337.23,17787.735,17721.375,18998.175,19599.62,18249.445,18034.48
Congo,IPPU,Emissions (N2O),kilotonnes,0,0,0,0,0,0,0,0,0,0,0,0,0.0001,0.0001,0.0001,0.0001,0.0001,0.0001,0.0001,0.0001,0.0001
Congo,IPPU,Emissions (CO2),kilotonnes,22.3,14.7,15.1,15.5,14.7,54.7,54.9,54.7,56.8,58.9,47.5,43.4,74,114,195,288,385,424,288,300,301
Congo,IPPU,Emissions (CO2eq) from F-gases (AR5),kilotonnes,0.928,1.4576,2.167,2.8084,3.7315,5.3058,5.7819,6.6371,7.4922,8.2113,8.9401,9.1442,9.8147,10.4949,11.1752,11.8554,12.5356,13.2159,13.8961,14.5763,15.2565
Congo,IPPU,Emissions (CO2eq) from N2O (AR5),kilotonnes,0.0094,0.0097,0.0099,0.0102,0.0105,0.0108,0.0112,0.0116,0.012,0.0124,0.0128,0.0131,0.0135,0.0139,0.0142,0.0146,0.0149,0.0153,0.0157,0.0161,0.0165
Congo,IPPU,Emissions (CO2eq) (AR5),kilotonnes,23.2374,16.1673,17.277,18.3186,18.4421,60.0166,60.6931,61.3487,64.3042,67.1237,56.4529,52.5574,83.8282,124.5088,206.1894,299.87,397.5506,437.2312,301.9118,314.5924,316.273
Congo,Waste,Emissions (CH4),kilotonnes,22.5,23.2,24,24.7,25.5,26.5,27.5,28.5,29.7,30.9,32.2,33.3,34.3,35.4,36.6,37.6,38.5,39.4,40.5,41.8,42.9
Congo,Waste,Emissions (N2O),kilotonnes,0.089,0.0915,0.094,0.0995,0.106,0.105,0.107,0.107,0.114,0.121,0.127,0.14,0.145,0.153,0.155,0.165,0.174,0.183,0.186,0.191,0.197
Congo,Waste,Emissions (CO2),kilotonnes,0.0026,0.0032,0.0032,0.0032,0.0032,0.0032,0.0032,0.0039,0.0039,0.0039,0.0039,0.0045,0.0045,0.0045,0.0045,0.0052,0.0052,0.0052,0.0052,0.0055,0.0057
Congo,Waste,Emissions (CO2eq) from CH4 (AR5),kilotonnes,630,649.6,672,691.6,714,742,770,798,831.6,865.2,901.6,932.4,960.4,991.2,1024.8,1052.8,1078,1103.2,1134,1170.4,1201.2
Congo,Waste,Emissions (CO2eq) from N2O (AR5),kilotonnes,23.585,24.2475,24.91,26.3675,28.09,27.825,28.355,28.355,30.21,32.065,33.655,37.1,38.425,40.545,41.075,43.725,46.11,48.495,49.29,50.615,52.205
Congo,Waste,Emissions (CO2eq) (AR5),kilotonnes,653.5876,673.8507,696.9132,717.9707,742.0932,769.8282,798.3582,826.3589,861.8139,897.2689,935.2589,969.5045,998.8295,1031.7495,1065.8795,1096.5301,1124.1151,1151.7001,1183.2951,1221.0205,1253.4107
Congo,Other,Emissions (N2O),kilotonnes,0.0797,0.0876,0.0815,0.0959,0.104,0.111,0.144,0.13,0.145,0.159,0.175,0.222,0.231,0.251,0.26,0.253,0.245,0.24,0.244,0.29,0.301
Congo,Other,Emissions (CO2eq) from N2O (AR5),kilotonnes,21.1205,23.214,21.5975,25.4135,27.56,29.415,38.16,34.45,38.425,42.135,46.375,58.83,61.215,66.515,68.9,67.045,64.925,63.6,64.66,76.85,79.765
Congo,Other,Emissions (CO2eq) (AR5),kilotonnes,21.1205,23.214,21.5975,25.4135,27.56,29.415,38.16,34.45,38.425,42.135,46.375,58.83,61.215,66.515,68.9,67.045,64.925,63.6,64.66,76.85,79.765
Congo,Farm-gate emissions,Emissions (CH4),kilotonnes,15.3721,17.8155,27.4268,43.8421,47.036,56.0425,57.8273,53.0374,53.4667,50.2229,58.7406,59.9403,56.8931,59.4739,51.3411,58.4792,58.6507,58.1606,59.7535,59.5728,52.9726
Congo,Farm-gate emissions,Direct emissions (N2O),kilotonnes,0.2601,0.2756,0.2443,0.2547,0.3288,0.3815,0.4433,0.5067,0.544,0.543,0.5584,0.5702,0.5792,0.5815,0.5798,0.5864,0.5812,0.5964,0.5945,0.6054,0.6447
Congo,Farm-gate emissions,Indirect emissions (N2O),kilotonnes,0.0802,0.0847,0.0743,0.0766,0.094,0.1044,0.1178,0.1319,0.1409,0.1431,0.1455,0.1488,0.1515,0.1521,0.1512,0.1533,0.1517,0.155,0.1549,0.1583,0.1709
Congo,Farm-gate emissions,Emissions (N2O),kilotonnes,1.7179,1.9337,2.7531,4.2421,4.4808,5.2241,5.322,4.8112,4.827,4.565,5.3024,5.4278,5.1877,5.4316,4.6866,5.3426,5.357,5.301,5.4565,5.4519,4.8903
Congo,Farm-gate emissions,Emissions (CO2),kilotonnes,2530.0956,2418.3069,2423.5055,2410.299,2408.9996,2432.6256,2454.6821,2434.3049,2491.9833,2492.1129,2507.5451,2598.0976,2797.6872,2838.2378,2896.3141,2892.749,2919.4195,2940.6751,2978.0074,3007.2433,2971.1525
Congo,Farm-gate emissions,Emissions (CO2eq) from CH4 (AR5),kilotonnes,430.4202,498.8331,767.9498,1227.5793,1317.0075,1569.1908,1619.1631,1485.047,1497.0672,1406.2412,1644.7375,1678.3275,1593.0067,1665.2697,1437.5505,1637.4189,1642.2185,1628.4979,1673.098,1668.0381,1483.2324
Congo,Farm-gate emissions,Emissions (CO2eq) from N2O (AR5),kilotonnes,455.2449,512.4335,729.5698,1124.1583,1187.4062,1384.3822,1410.3207,1274.9637,1279.1536,1209.7249,1405.1481,1438.3736,1374.7482,1439.3679,1241.9364,1415.7947,1419.617,1404.7625,1445.9761,1444.7642,1295.918
Congo,Farm-gate emissions,Emissions (CO2eq) (AR5),kilotonnes,3415.7607,3429.5736,3921.025,4762.0366,4913.4133,5386.1985,5484.1659,5194.3156,5268.2041,5108.079,5557.4307,5714.7986,5765.4421,5942.8754,5575.8009,5945.9627,5981.255,5973.9355,6097.0814,6120.0456,5750.303
Congo,Land Use change,Emissions (CH4),kilotonnes,9.3683,3.0845,2.2363,9.2855,7.6848,7.9773,9.2457,6.9137,5.2757,6.1532,9.0489,11.482,7.3524,7.7539,3.6962,8.6022,13.673,6.4882,10.9927,11.5804,9.8732
Congo,Land Use change,Emissions (N2O),kilotonnes,0.2755,0.2816,0.2042,0.8478,0.7017,0.7284,0.8442,0.6312,0.4817,0.5618,0.8262,1.0484,0.6713,0.708,0.3375,0.7854,1.2484,0.5924,1.0037,1.0573,0.9015
Congo,Land Use change,Emissions (CO2),kilotonnes,5869.6,5869.6,5869.6,5869.6,5869.6,5869.6,5869.6,5869.6,5869.6,5869.6,5869.6,5869.6,5869.6,5869.6,5869.6,5869.6,6750.04,6750.04,6750.04,6750.04,6750.04
Congo,Land Use change,Emissions (CO2eq) from CH4 (AR5),kilotonnes,262.3123,86.3666,62.6166,259.9951,215.1741,223.3643,258.8793,193.5824,147.7193,172.2885,253.3693,321.4954,205.8665,217.1096,103.4923,240.861,382.8447,181.6698,307.7964,324.2509,276.4491
Congo,Land Use change,Emissions (CO2eq) from N2O (AR5),kilotonnes,73.0176,74.632,54.1089,224.6697,185.9385,193.0159,223.7055,167.2805,127.6488,148.8798,218.9441,277.814,177.8955,187.611,89.4308,208.1354,330.8278,156.9864,265.9762,280.1951,238.8881
Congo,Land Use change,Emissions (CO2eq) (AR5),kilotonnes,6204.9298,6030.5986,5986.3256,6354.2648,6270.7127,6285.9802,6352.1849,6230.4629,6144.9681,6190.7683,6341.9133,6468.9093,6253.3621,6274.3206,6062.5231,6318.5964,7463.7125,7088.6962,7323.8126,7354.4861,7265.3771
Congo,Emissions on agricultural land,Emissions (CH4),kilotonnes,24.7404,20.9,29.6631,53.1277,54.7208,64.0198,67.0729,59.9511,58.7424,56.3761,67.7895,71.4222,64.2455,67.2278,55.0372,67.0814,72.3237,64.6488,70.7462,71.1532,62.8458
Congo,Emissions on agricultural land,Emissions (N2O),kilotonnes,1.9934,2.2153,2.9573,5.0899,5.1824,5.9524,6.1661,5.4424,5.3087,5.1268,6.1286,6.4762,5.859,6.1395,5.024,6.128,6.6055,5.8934,6.4602,6.5093,5.7917
Congo,Emissions on agricultural land,Emissions (CO2),kilotonnes,8399.6956,8287.9069,8293.1055,8279.899,8278.5996,8302.2256,8324.2821,8303.9049,8361.5833,8361.7129,8377.1451,8467.6976,8667.2872,8707.8378,8765.9141,8762.349,9669.4595,9690.7151,9728.0474,9757.2833,9721.1925
Congo,Emissions on agricultural land,Emissions (CO2eq) from CH4 (AR5),kilotonnes,692.7324,585.1997,830.5664,1487.5744,1532.1817,1792.555,1878.0424,1678.6295,1644.7866,1578.5298,1898.1067,1999.8229,1798.8732,1882.3793,1541.0427,1878.28,2025.0632,1810.1677,1980.8943,1992.289,1759.6815
Congo,Emissions on agricultural land,Emissions (CO2eq) from N2O (AR5),kilotonnes,528.2625,587.0655,783.6787,1348.828,1373.3447,1577.3981,1634.0262,1442.2442,1406.8024,1358.6046,1624.0922,1716.1875,1552.6438,1626.9789,1331.3672,1623.9301,1750.4448,1561.7489,1711.9523,1724.9593,1534.8061
Congo,Emissions on agricultural land,Emissions (CO2eq) (AR5),kilotonnes,9620.6906,9460.1722,9907.3506,11116.3014,11184.1259,11672.1787,11836.3507,11424.7785,11413.1723,11298.8473,11899.3441,12183.708,12018.8042,12217.1959,11638.324,12264.5591,13444.9675,13062.6317,13420.894,13474.5316,13015.6801
Congo,Pre- and post- production,Emissions (CH4),kilotonnes,8.7304,9.0722,9.1619,9.6637,10.1309,10.2651,10.5728,10.6521,10.9035,11.2878,12.1223,12.3635,12.3513,12.5469,13.0591,13.3085,13.6997,14.1528,14.3385,14.3018,14.4175
Congo,Pre- and post- production,Emissions (N2O),kilotonnes,0.0511,0.0562,0.0586,0.0627,0.0669,0.0541,0.0616,0.0632,0.0657,0.0724,0.0752,0.0871,0.1014,0.1066,0.1097,0.1208,0.1192,0.1091,0.1116,0.1219,0.1251
Congo,Pre- and post- production,Emissions (CO2),kilotonnes,81.0111,95.2369,78.8354,111.1428,104.4444,127.212,153.093,163.1758,193.7655,219.4976,253.4311,259.7761,327.5433,364.1274,399.7232,363.983,314.548,288.8497,294.1692,350.2569,334.7837
Congo,Pre- and post- production,Emissions (CO2eq) from F-gases (AR5),kilotonnes,1.039,2.078,2.5975,3.117,4.6755,4.6755,5.7145,6.234,6.234,6.7535,6.7535,6.7535,6.7535,6.7535,6.7535,6.7535,7.273,7.273,7.273,7.7925,8.1562
Congo,Pre- and post- production,Emissions (CO2eq) from CH4 (AR5),kilotonnes,244.4526,254.022,256.5345,270.5823,283.6665,287.4217,296.0382,298.259,305.2985,316.0585,339.425,346.1793,345.8363,351.3133,365.6552,372.6374,383.5911,396.2779,401.4788,400.4492,403.6895
Congo,Pre- and post- production,Emissions (CO2eq) from N2O (AR5),kilotonnes,13.5471,14.9,15.5386,16.6026,17.7355,14.337,16.3138,16.7531,17.4104,19.1888,19.9312,23.0774,26.8581,28.2408,29.0695,32.0147,31.5767,28.9171,29.5819,32.306,33.1486
Congo,Pre- and post- production,Emissions (CO2eq) (AR5),kilotonnes,340.0497,366.237,353.5061,401.4447,410.5219,433.6461,471.1595,484.422,522.7084,561.4984,619.5408,635.7863,706.9912,750.4351,801.2013,775.3886,736.9888,721.3176,732.5029,790.8046,779.7779
Congo,Agri-food systems,Emissions (CH4),kilotonnes,33.4709,29.9722,38.825,62.7913,64.8517,74.2849,77.6457,70.6032,69.6459,67.6639,79.9118,83.7858,76.5968,79.7747,68.0964,80.3899,86.0234,78.8016,85.0848,85.4549,77.2632
Congo,Agri-food systems,Emissions (N2O),kilotonnes,2.0446,2.2716,3.0159,5.1526,5.2494,6.0065,6.2277,5.5057,5.3744,5.1992,6.2039,6.5633,5.9604,6.2461,5.1337,6.2488,6.7246,6.0025,6.5718,6.6312,5.9168
Congo,Agri-food systems,Emissions (CO2),kilotonnes,8480.7067,8383.1438,8371.9409,8391.0418,8383.0439,8429.4375,8477.3751,8467.0807,8555.3487,8581.2105,8630.5763,8727.4737,8994.8305,9071.9652,9165.6373,9126.332,9984.0075,9979.5648,10022.2166,10107.5402,10055.9762
Congo,Agri-food systems,Emissions (CO2eq) from F-gases (AR5),kilotonnes,1.039,2.078,2.5975,3.117,4.6755,4.6755,5.7145,6.234,6.234,6.7535,6.7535,6.7535,6.7535,6.7535,6.7535,6.7535,7.273,7.273,7.273,7.7925,8.1562
Congo,Agri-food systems,Emissions (CO2eq) from CH4 (AR5),kilotonnes,937.185,839.2217,1087.1009,1758.1567,1815.8482,2079.9767,2174.0806,1976.8885,1950.0851,1894.5883,2237.5317,2346.0022,2144.7095,2233.6926,1906.6979,2250.9174,2408.6544,2206.4456,2382.3731,2392.7382,2163.371
Congo,Agri-food systems,Emissions (CO2eq) from N2O (AR5),kilotonnes,541.8096,601.9656,799.2173,1365.4307,1391.0802,1591.7351,1650.34,1458.9973,1424.2128,1377.7934,1644.0234,1739.2649,1579.5019,1655.2197,1360.4366,1655.9448,1782.0215,1590.666,1741.5342,1757.2653,1567.9547
Congo,Agri-food systems,Emissions (CO2eq) (AR5),kilotonnes,9960.7403,9826.4091,10260.8567,11517.7461,11594.6478,12105.8248,12307.5103,11909.2005,11935.8807,11860.3457,12518.8849,12819.4943,12725.7953,12967.631,12439.5253,13039.9477,14181.9563,13783.9493,14153.3969,14265.3362,13795.4581
Congo,IPCC Agriculture,Emissions (CH4),kilotonnes,15.3699,17.8129,27.4244,43.8384,47.0321,56.0383,57.8219,53.0317,53.4598,50.2159,58.7334,59.9324,56.8846,59.4649,51.331,58.4687,58.6406,58.1505,59.7432,59.5624,52.9622
Congo,IPCC Agriculture,Emissions (CH4),kilotonnes,3.8,,,,,,,,,,,,,,,,,,,,
Congo,IPCC Agriculture,Direct emissions (N2O),kilotonnes,0.2601,0.2756,0.2443,0.2547,0.3288,0.3815,0.4433,0.5067,0.544,0.543,0.5584,0.5702,0.5792,0.5815,0.5798,0.5864,0.5812,0.5964,0.5945,0.6054,0.6447
Congo,IPCC Agriculture,Indirect emissions (N2O),kilotonnes,0.0802,0.0847,0.0743,0.0766,0.094,0.1044,0.1178,0.1319,0.1409,0.1431,0.1455,0.1488,0.1515,0.1521,0.1512,0.1533,0.1517,0.155,0.1549,0.1583,0.1709
Congo,IPCC Agriculture,Emissions (N2O),kilotonnes,1.7162,1.9313,2.7513,4.239,4.4769,5.2201,5.3169,4.806,4.8205,4.5585,5.2951,5.4195,5.1798,5.4221,4.6765,5.3348,5.3509,5.295,5.4505,5.4468,4.8851
Congo,IPCC Agriculture,Emissions (N2O),kilotonnes,0.79,,,,,,,,,,,,,,,,,,,,
Congo,IPCC Agriculture,Emissions (CO2eq) from CH4 (AR5),kilotonnes,430.3573,498.7599,767.8842,1227.4746,1316.9,1569.0729,1619.0118,1484.8876,1496.8737,1406.0438,1644.5358,1678.1059,1592.7679,1665.017,1437.2694,1637.1246,1641.9368,1628.213,1672.8087,1667.7472,1482.9415
Congo,IPCC Agriculture,Emissions (CO2eq) from CH4 (AR5),kilotonnes,106.4,,,,,,,,,,,,,,,,,,,,
Congo,IPCC Agriculture,Emissions (CO2eq) from N2O (AR5),kilotonnes,454.7861,511.8039,729.0995,1123.3481,1186.3891,1383.3209,1408.9874,1273.5997,1277.4422,1208.0127,1403.189,1436.1658,1372.6592,1436.855,1239.2683,1413.7245,1417.9788,1403.1876,1444.3926,1443.3976,1294.5514
Congo,IPCC Agriculture,Emissions (CO2eq) from N2O (AR5),kilotonnes,209.35,,,,,,,,,,,,,,,,,,,,
Congo,IPCC Agriculture,Emissions (CO2eq) (AR5),kilotonnes,885.1434,1010.5638,1496.9837,2350.8227,2503.2891,2952.3937,3027.9992,2758.4874,2774.3158,2614.0565,3047.7248,3114.2717,2965.427,3101.872,2676.5376,3050.8491,3059.9156,3031.4006,3117.2013,3111.1448,2777.493
Congo,IPCC Agriculture,Emissions (CO2eq) (AR5),kilotonnes,315.75,,,,,,,,,,,,,,,,,,,,
Congo,Agricultural Soils,Direct emissions (N2O),kilotonnes,0.2601,0.2756,0.2443,0.2547,0.3288,0.3815,0.4433,0.5067,0.544,0.543,0.5584,0.5702,0.5792,0.5815,0.5798,0.5864,0.5812,0.5964,0.5945,0.6054,0.6447
Congo,Agricultural Soils,Indirect emissions (N2O),kilotonnes,0.0802,0.0847,0.0743,0.0766,0.094,0.1044,0.1178,0.1319,0.1409,0.1431,0.1455,0.1488,0.1515,0.1521,0.1512,0.1533,0.1517,0.155,0.1549,0.1583,0.1709
Congo,Agricultural Soils,Emissions (N2O),kilotonnes,0.7485,0.7489,0.7083,0.7173,0.8086,0.8753,0.9531,1.0272,1.0809,1.0822,1.1026,1.1311,1.1735,1.1828,1.1886,1.1973,1.1957,1.2169,1.2204,1.2388,1.285
Congo,Agricultural Soils,Emissions (N2O),kilotonnes,0.73,,,,,,,,,,,,,,,,,,,,
Congo,Agricultural Soils,Emissions (CO2eq) from N2O (AR5),kilotonnes,198.3483,198.4649,187.6925,190.0776,214.2917,231.9602,252.579,272.2122,286.445,286.7754,292.1956,299.7364,310.9883,313.4298,314.9748,317.2757,316.8682,322.4915,323.4025,328.2876,340.5352
Congo,Agricultural Soils,Emissions (CO2eq) from N2O (AR5),kilotonnes,193.45,,,,,,,,,,,,,,,,,,,,
Congo,Agricultural Soils,Emissions (CO2eq) (AR5),kilotonnes,198.3483,198.4649,187.6925,190.0776,214.2917,231.9602,252.579,272.2122,286.445,286.7754,292.1956,299.7364,310.9883,313.4298,314.9748,317.2757,316.8682,322.4915,323.4025,328.2876,340.5352
Congo,Agricultural Soils,Emissions (CO2eq) (AR5),kilotonnes,193.45,,,,,,,,,,,,,,,,,,,,
Congo,LULUCF,Emissions (CH4),kilotonnes,9.3962,3.0845,2.2363,9.2855,7.6848,7.9922,9.32,6.9161,5.402,6.1532,9.0638,11.4968,7.3573,7.7762,3.6986,8.6666,13.7251,6.4956,10.9927,11.6052,9.9525
Congo,LULUCF,Emissions (CH4),kilotonnes,24.29,,,,,,,,,,,,,,,,,,,,
Congo,LULUCF,Emissions (N2O),kilotonnes,0.2764,0.2816,0.2042,0.8478,0.7017,0.7297,0.851,0.6315,0.4932,0.5618,0.8276,1.0497,0.6718,0.71,0.3377,0.7913,1.2532,0.5931,1.0037,1.0596,0.9087
Congo,LULUCF,Emissions (N2O),kilotonnes,0.17,,,,,,,,,,,,,,,,,,,,
Congo,LULUCF,Emissions (CO2),kilotonnes,8392.8086,8277.1769,8285.2263,8262.8779,8261.4199,8284.5555,8301.1047,8280.477,8329.0159,8329.4573,8345.5651,8431.9614,8630.9168,8671.3001,8725.5772,8725.5772,9638.5395,9654.8356,9690.9207,9720.7987,9684.7079
Congo,LULUCF,Emissions (CO2),kilotonnes,-82629.26,,,,,,,,,,,,,,,,,,,,
Congo,LULUCF,Emissions (CO2eq) from CH4 (AR5),kilotonnes,263.093,86.3666,62.6166,259.9951,215.1741,223.7805,260.9604,193.6518,151.2571,172.2885,253.7854,321.9116,206.0053,217.7339,103.5616,242.6646,384.3014,181.8779,307.7964,324.9446,278.6688
Congo,LULUCF,Emissions (CO2eq) from N2O (AR5),kilotonnes,73.2349,74.632,54.1089,224.6697,185.9385,193.3755,225.5038,167.3404,130.7058,148.8798,219.3037,278.1736,178.0154,188.1505,89.4908,209.6938,332.0866,157.1662,265.9762,280.7945,240.8062
Congo,LULUCF,Emissions (CO2eq) (AR5),kilotonnes,8729.1365,8438.1755,8401.9519,8747.5427,8662.5326,8701.7115,8787.5688,8641.4692,8610.9788,8650.6256,8818.6543,9032.0465,9014.9375,9077.1845,8918.6296,9177.9356,10354.9275,9993.8797,10264.6933,10326.5378,10204.1829
Congo,LULUCF,Emissions (CO2eq) (AR5),kilotonnes,-82629.26,,,,,,,,,,,,,,,,,,,,
Congo,AFOLU,Emissions (CH4),kilotonnes,24.7661,20.8974,29.6607,53.1239,54.7169,64.0305,67.1419,59.9478,58.8618,56.369,67.7972,71.4292,64.2419,67.2411,55.0297,67.1353,72.3657,64.6461,70.7359,71.1676,62.9147
Congo,AFOLU,Emissions (N2O),kilotonnes,1.9925,2.213,2.9555,5.0869,5.1786,5.9498,6.1679,5.4375,5.3138,5.1203,6.1226,6.4692,5.8516,6.1321,5.0142,6.1261,6.604,5.8881,6.4542,6.5064,5.7938
Congo,AFOLU,Emissions (CO2),kilotonnes,8392.8086,8277.1769,8285.2263,8262.8779,8261.4199,8284.5555,8301.1047,8280.477,8329.0159,8329.4573,8345.5651,8431.9614,8630.9168,8671.3001,8725.5772,8725.5772,9638.5395,9654.8356,9690.9207,9720.7987,9684.7079
Congo,AFOLU,Emissions (CO2eq) from CH4 (AR5),kilotonnes,693.4503,585.1265,830.5008,1487.4697,1532.0741,1792.8534,1879.9722,1678.5394,1648.1307,1578.3324,1898.3212,2000.0175,1798.7731,1882.7509,1540.831,1879.7892,2026.2382,1810.0909,1980.6051,1992.6918,1761.6104
Congo,AFOLU,Emissions (CO2eq) from N2O (AR5),kilotonnes,528.021,586.4359,783.2085,1348.0178,1372.3276,1576.6964,1634.4912,1440.9402,1408.148,1356.8925,1622.4927,1714.3394,1550.6746,1625.0055,1328.759,1623.4183,1750.0654,1560.3538,1710.3688,1724.1921,1535.3576
Congo,AFOLU,Emissions (CO2eq) (AR5),kilotonnes,9614.2799,9448.7393,9898.9356,11098.3653,11165.8217,11654.1053,11815.568,11399.9566,11385.2947,11264.6822,11866.3791,12146.3182,11980.3646,12179.0565,11595.1672,12228.7847,13414.8431,13025.2803,13381.8946,13437.6826,12981.6759
Congo,All sectors with LULUCF,Emissions (CH4),kilotonnes,592.2661,558.0974,386.6607,438.8239,477.2169,580.5305,632.6419,537.4478,524.5618,565.269,624.9972,612.7292,590.5419,539.6411,548.6297,538.7353,539.8657,594.0461,602.2359,582.9676,575.8147
Congo,All sectors with LULUCF,Emissions (N2O),kilotonnes,2.2733,2.5061,3.2298,5.3953,5.5076,6.3008,6.6079,5.8226,5.7288,5.5694,6.6057,7.0783,6.5867,6.9111,5.8112,6.9432,7.3981,6.6062,7.1923,7.4004,6.7239
Congo,All sectors with LULUCF,Emissions (CO2),kilotonnes,12995.1112,12841.8801,11250.3296,12018.3811,12076.1232,12759.2587,13216.0079,12645.1808,12705.8198,13388.3612,13773.069,13435.3659,13804.9213,14735.3047,14360.5817,14543.5823,15633.5446,15278.8407,15748.9259,15000.8042,14745.7136
Congo,All sectors with LULUCF,Emissions (CO2eq) from F-gases (AR5),kilotonnes,0.928,1.4576,2.167,2.8084,3.7315,5.3058,5.7819,6.6371,7.4922,8.2113,8.9401,9.1442,9.8147,10.4949,11.1752,11.8554,12.5356,13.2159,13.8961,14.5763,15.2565
Congo,All sectors with LULUCF,Emissions (CO2eq) from CH4 (AR5),kilotonnes,16583.4503,15626.7265,10826.5008,12287.0697,13362.0741,16254.8534,17713.9722,15048.5394,14687.7307,15827.5324,17499.9212,17156.4175,16535.1731,15109.9509,15361.631,15084.5892,15116.2382,16633.2909,16862.6051,16323.0918,16122.8104
Congo,All sectors with LULUCF,Emissions (CO2eq) from N2O (AR5),kilotonnes,602.4159,664.1171,855.9079,1429.754,1459.5231,1669.7223,1751.1024,1542.9767,1518.135,1475.8899,1750.5005,1875.7375,1745.4631,1831.4544,1539.9783,1839.9379,1960.4903,1750.6392,1905.9545,1961.1182,1781.8241
Congo,All sectors with LULUCF,Emissions (CO2eq) (AR5),kilotonnes,30181.9054,29134.1813,22934.9053,25738.0131,26901.452,30689.1401,32686.8644,29243.3341,28919.1778,30699.9948,33032.4309,32476.6651,32095.3723,31687.2049,31273.3661,31479.9648,32722.8088,33675.9867,34531.3815,33299.5905,32665.6046
Congo,All sectors without LULUCF,Emissions (CH4),kilotonnes,582.8699,555.0129,384.4244,429.5384,469.5321,572.5383,623.3219,530.5317,519.1598,559.1159,615.9334,601.2324,583.1846,531.8649,544.931,530.0687,526.1406,587.5505,591.2432,571.3624,565.8622
Congo,All sectors without LULUCF,Emissions (N2O),kilotonnes,1.9969,2.2245,3.0257,4.5475,4.806,5.5711,5.757,5.1911,5.2356,5.0076,5.7781,6.0285,5.9149,6.2011,5.4735,6.1519,6.1449,6.0131,6.1886,6.3408,5.8152
Congo,All sectors without LULUCF,Emissions (CO2),kilotonnes,4602.3026,4564.7032,2965.1032,3755.5032,3814.7032,4474.7032,4914.9032,4364.7039,4376.8039,5058.9039,5427.5039,5003.4045,5174.0045,6064.0045,5635.0045,5818.0051,5995.0051,5624.0051,6058.0051,5280.0055,5061.0057
Congo,All sectors without LULUCF,Emissions (CO2eq) from F-gases (AR5),kilotonnes,0.928,1.4576,2.167,2.8084,3.7315,5.3058,5.7819,6.6371,7.4922,8.2113,8.9401,9.1442,9.8147,10.4949,11.1752,11.8554,12.5356,13.2159,13.8961,14.5763,15.2565
Congo,All sectors without LULUCF,Emissions (CO2eq) from CH4 (AR5),kilotonnes,16320.3573,15540.3599,10763.8842,12027.0746,13146.9,16031.0729,17453.0118,14854.8876,14536.4737,15655.2438,17246.1358,16834.5059,16329.1679,14892.217,15258.0694,14841.9246,14731.9368,16451.413,16554.8087,15998.1472,15844.1415
Congo,All sectors without LULUCF,Emissions (CO2eq) from N2O (AR5),kilotonnes,529.181,589.4851,801.799,1205.0843,1273.5846,1476.3467,1525.5986,1375.6363,1387.4292,1327.0101,1531.1968,1597.5639,1567.4477,1643.3039,1450.4875,1630.244,1628.4037,1593.4729,1639.9783,1680.3237,1541.0179
Congo,All sectors without LULUCF,Emissions (CO2eq) (AR5),kilotonnes,21452.7689,20696.0058,14532.9534,16990.4705,18238.9193,21987.4286,23899.2956,20601.8649,20308.1989,22049.3691,24213.7766,23444.6185,23080.4348,22610.0204,22354.7365,22302.0292,22367.8813,23682.107,24266.6883,22973.0527,22461.4217
Cook Islands,Enteric Fermentation,Emissions (CH4),kilotonnes,0.0631,0.0569,0.0527,0.0504,0.0503,0.0503,0.0503,0.051,0.051,0.051,0.0513,0.0513,0.0513,0.0513,0.0513,0.0497,0.0494,0.0481,0.045,0.0411,0.0371
Cook Islands,Enteric Fermentation,Emissions (CH4),kilotonnes,,,,,,,,,,,,,,,,,,,,,
Cook Islands,Enteric Fermentation,Emissions (CO2eq) from CH4 (AR5),kilotonnes,1.7654,1.5921,1.4765,1.4109,1.409,1.409,1.409,1.4277,1.4277,1.4277,1.4361,1.4361,1.4361,1.4361,1.4361,1.3915,1.3833,1.348,1.2602,1.1521,1.0399
Cook Islands,Enteric Fermentation,Emissions (CO2eq) from CH4 (AR5),kilotonnes,,,,,,,,,,,,,,,,,,,,,
Cook Islands,Enteric Fermentation,Emissions (CO2eq) (AR5),kilotonnes,1.7654,1.5921,1.4765,1.4109,1.409,1.409,1.409,1.4277,1.4277,1.4277,1.4361,1.4361,1.4361,1.4361,1.4361,1.3915,1.3833,1.348,1.2602,1.1521,1.0399
Cook Islands,Enteric Fermentation,Emissions (CO2eq) (AR5),kilotonnes,,,,,,,,,,,,,,,,,,,,,
Cook Islands,Manure Management,Emissions (CH4),kilotonnes,0.5044,0.437,0.4256,0.4251,0.4531,0.4531,0.4531,0.456,0.456,0.456,0.4561,0.4561,0.4561,0.4561,0.4561,0.4486,0.4387,0.4287,0.3904,0.343,0.2914
Cook Islands,Manure Management,Emissions (N2O),kilotonnes,0.0043,0.0037,0.0036,0.0036,0.0038,0.0038,0.0038,0.0038,0.0039,0.0038,0.0038,0.0038,0.0038,0.0038,0.0038,0.0038,0.0037,0.0036,0.0033,0.0029,0.0025
Cook Islands,Manure Management,Emissions (CO2eq) from CH4 (AR5),kilotonnes,14.1244,12.235,11.9169,11.9029,12.6861,12.6861,12.6861,12.7692,12.7692,12.7692,12.7695,12.7695,12.7695,12.7695,12.7695,12.5614,12.2843,12.0027,10.9324,9.6052,8.1595
Cook Islands,Manure Management,Emissions (CO2eq) from N2O (AR5),kilotonnes,1.149,0.9898,0.9637,0.9536,1.0082,1.0082,1.0086,1.0187,1.0208,1.0187,1.0193,1.0193,1.0193,1.0193,1.0193,1.0039,0.9805,0.9583,0.8743,0.7695,0.6561
Cook Islands,Manure Management,Emissions (CO2eq) (AR5),kilotonnes,15.2734,13.2247,12.8806,12.8565,13.6943,13.6943,13.6947,13.7878,13.79,13.7878,13.7887,13.7887,13.7887,13.7887,13.7887,13.5652,13.2648,12.961,11.8067,10.3747,8.8156
Cook Islands,Manure left on Pasture,Direct emissions (N2O),kilotonnes,0.001,0.0009,0.0008,0.0007,0.0006,0.0006,0.0006,0.0006,0.0006,0.0006,0.0006,0.0006,0.0006,0.0006,0.0006,0.0006,0.0006,0.0006,0.0005,0.0005,0.0005
Cook Islands,Manure left on Pasture,Indirect emissions (N2O),kilotonnes,0.0003,0.0003,0.0003,0.0002,0.0002,0.0002,0.0002,0.0002,0.0002,0.0002,0.0002,0.0002,0.0002,0.0002,0.0002,0.0002,0.0002,0.0002,0.0002,0.0002,0.0002
Cook Islands,Manure left on Pasture,Emissions (N2O),kilotonnes,0.0013,0.0012,0.0011,0.0009,0.0008,0.0008,0.0008,0.0008,0.0008,0.0008,0.0008,0.0008,0.0008,0.0008,0.0008,0.0008,0.0008,0.0008,0.0007,0.0007,0.0007
Cook Islands,Manure left on Pasture,Emissions (CO2eq) from N2O (AR5),kilotonnes,0.3422,0.3269,0.2784,0.2372,0.2084,0.2084,0.2085,0.2136,0.2139,0.2136,0.2164,0.2164,0.2164,0.2164,0.2164,0.203,0.2078,0.2004,0.1942,0.1875,0.1833
Cook Islands,Manure left on Pasture,Emissions (CO2eq) (AR5),kilotonnes,0.3422,0.3269,0.2784,0.2372,0.2084,0.2084,0.2085,0.2136,0.2139,0.2136,0.2164,0.2164,0.2164,0.2164,0.2164,0.203,0.2078,0.2004,0.1942,0.1875,0.1833
Cook Islands,Manure applied to Soils,Direct emissions (N2O),kilotonnes,0.0038,0.0032,0.0031,0.0031,0.0032,0.0032,0.0032,0.0032,0.0033,0.0032,0.0033,0.0033,0.0033,0.0033,0.0033,0.0032,0.0031,0.0031,0.0028,0.0025,0.0021
Cook Islands,Manure applied to Soils,Indirect emissions (N2O),kilotonnes,0.0016,0.0014,0.0013,0.0013,0.0014,0.0014,0.0014,0.0014,0.0014,0.0014,0.0014,0.0014,0.0014,0.0014,0.0014,0.0014,0.0013,0.0013,0.0012,0.001,0.0009
Cook Islands,Manure applied to Soils,Emissions (N2O),kilotonnes,0.0054,0.0046,0.0045,0.0044,0.0046,0.0046,0.0046,0.0046,0.0047,0.0046,0.0046,0.0046,0.0046,0.0046,0.0046,0.0046,0.0045,0.0044,0.004,0.0035,0.003
Cook Islands,Manure applied to Soils,Emissions (CO2eq) from N2O (AR5),kilotonnes,1.4191,1.2127,1.1813,1.1537,1.2079,1.2079,1.2089,1.2268,1.2329,1.2268,1.2279,1.2279,1.2279,1.2279,1.2279,1.2117,1.181,1.1549,1.0558,0.9309,0.7971
Cook Islands,Manure applied to Soils,Emissions (CO2eq) (AR5),kilotonnes,1.4191,1.2127,1.1813,1.1537,1.2079,1.2079,1.2089,1.2268,1.2329,1.2268,1.2279,1.2279,1.2279,1.2279,1.2279,1.2117,1.181,1.1549,1.0558,0.9309,0.7971
Cook Islands,Synthetic Fertilizers,Direct emissions (N2O),kilotonnes,,,0.0002,0.0002,0.0002,0.0003,0.0004,0.0001,0.0003,0.0003,0.0001,0.0001,0.0002,0.0001,0.0001,0.0004,0.0005,0.0002,0.0002,0.0002,0.0003
Cook Islands,Synthetic Fertilizers,Indirect emissions (N2O),kilotonnes,,,0.0001,0.0001,0.0001,0.0001,0.0001,0,0.0001,0.0001,0,0,0.0001,0,0,0.0001,0.0002,0.0001,0.0001,0.0001,0.0001
Cook Islands,Synthetic Fertilizers,Emissions (N2O),kilotonnes,,,0.0003,0.0003,0.0002,0.0004,0.0006,0.0001,0.0004,0.0004,0.0001,0.0001,0.0003,0.0002,0.0002,0.0005,0.0007,0.0003,0.0002,0.0003,0.0004
Cook Islands,Synthetic Fertilizers,Emissions (CO2eq) from N2O (AR5),kilotonnes,,,0.0772,0.0828,0.0662,0.1048,0.1545,0.0221,0.0993,0.1048,0.0386,0.0386,0.0839,0.044,0.0407,0.1279,0.1778,0.0751,0.0645,0.0729,0.1034
Cook Islands,Synthetic Fertilizers,Emissions (CO2eq) (AR5),kilotonnes,,,0.0772,0.0828,0.0662,0.1048,0.1545,0.0221,0.0993,0.1048,0.0386,0.0386,0.0839,0.044,0.0407,0.1279,0.1778,0.0751,0.0645,0.0729,0.1034
Cook Islands,Drained organic soils,Emissions (CO2eq) (AR5),kilotonnes,0,0,0,0,0,0,0,0,0,0,0,0,0,0,0,0,0,0,0,0,0
Cook Islands,Drained organic soils (CO2),Emissions (CO2),kilotonnes,0,0,0,0,0,0,0,0,0,0,0,0,0,0,0,0,0,0,0,0,0
Cook Islands,Drained organic soils (CO2),Emissions (CO2eq) (AR5),kilotonnes,0,0,0,0,0,0,0,0,0,0,0,0,0,0,0,0,0,0,0,0,0
Cook Islands,Drained organic soils (N2O),Emissions (N2O),kilotonnes,0,0,0,0,0,0,0,0,0,0,0,0,0,0,0,0,0,0,0,0,0
Cook Islands,Drained organic soils (N2O),Emissions (CO2eq) from N2O (AR5),kilotonnes,0,0,0,0,0,0,0,0,0,0,0,0,0,0,0,0,0,0,0,0,0
Cook Islands,Drained organic soils (N2O),Emissions (CO2eq) (AR5),kilotonnes,0,0,0,0,0,0,0,0,0,0,0,0,0,0,0,0,0,0,0,0,0
Cook Islands,On-farm energy use,Emissions (CH4),kilotonnes,0.0002,0.0001,0.0001,0.0001,0.0002,0.0002,0.0003,0.0003,0.0003,0.0003,0.0004,0.0004,0.0004,0.0004,0.0004,0.0003,0.0002,0.0002,0.0002,0.0002,0.0002
Cook Islands,On-farm energy use,Emissions (N2O),kilotonnes,0,0,0,0,0,0,0,0,0,0,0,0,0,0,0,0,0,0,0,0,0
Cook Islands,On-farm energy use,Emissions (CO2),kilotonnes,2.0904,1.8862,1.4157,1.5127,2.003,2.6702,3.7124,4.0348,4.3185,4.0513,5.1793,5.3125,5.3099,4.9308,4.5971,3.5086,2.955,2.8171,2.6915,2.3103,2.3103
Cook Islands,On-farm energy use,Emissions (CO2eq) from CH4 (AR5),kilotonnes,0.0046,0.0042,0.0031,0.0034,0.0044,0.0059,0.0082,0.009,0.0096,0.009,0.0115,0.0118,0.0118,0.0109,0.0102,0.0078,0.0066,0.0063,0.006,0.0051,0.0051
Cook Islands,On-farm energy use,Emissions (CO2eq) from N2O (AR5),kilotonnes,0.0009,0.0008,0.0006,0.0006,0.0008,0.0011,0.0016,0.0017,0.0018,0.0017,0.0022,0.0022,0.0022,0.0021,0.0019,0.0015,0.0012,0.0012,0.0011,0.001,0.001
Cook Islands,On-farm energy use,Emissions (CO2eq) (AR5),kilotonnes,2.0959,1.8912,1.4195,1.5167,2.0083,2.6772,3.7222,4.0455,4.3299,4.062,5.1929,5.3265,5.3239,4.9438,4.6093,3.5179,2.9628,2.8246,2.6986,2.3164,2.3164
Cook Islands,Forestland,Emissions (CO2),kilotonnes,-21.209,-3.6245,-3.6245,-3.6245,-3.6245,-3.6245,-3.6245,-3.6245,-3.6245,-3.6245,-3.6245,-2.7571,-2.7571,-2.7571,-2.7571,-2.7571,-3.1136,-3.1136,-3.1136,-3.1136,-3.1136
Cook Islands,Forestland,Emissions (CO2eq) (AR5),kilotonnes,-21.209,-3.6245,-3.6245,-3.6245,-3.6245,-3.6245,-3.6245,-3.6245,-3.6245,-3.6245,-3.6245,-2.7571,-2.7571,-2.7571,-2.7571,-2.7571,-3.1136,-3.1136,-3.1136,-3.1136,-3.1136
Cook Islands,Net Forest conversion,Emissions (CO2),kilotonnes,0,0,0,0,0,0,0,0,0,0,0,0,0,0,0,0,0,0,0,0,0
Cook Islands,Net Forest conversion,Emissions (CO2eq) (AR5),kilotonnes,0,0,0,0,0,0,0,0,0,0,0,0,0,0,0,0,0,0,0,0,0
Cook Islands,Savanna fires,Emissions (CH4),kilotonnes,0,0,0,0,0,0,0,0,0,0,0,0,0,0,0,0,0,0,0,0,0
Cook Islands,Savanna fires,Emissions (N2O),kilotonnes,0,0,0,0,0,0,0,0,0,0,0,0,0,0,0,0,0,0,0,0,0
Cook Islands,Savanna fires,Emissions (CO2eq) from CH4 (AR5),kilotonnes,0,0,0,0,0,0,0,0,0,0,0,0,0,0,0,0,0,0,0,0,0
Cook Islands,Savanna fires,Emissions (CO2eq) from N2O (AR5),kilotonnes,0,0,0,0,0,0,0,0,0,0,0,0,0,0,0,0,0,0,0,0,0
Cook Islands,Savanna fires,Emissions (CO2eq) (AR5),kilotonnes,0,0,0,0,0,0,0,0,0,0,0,0,0,0,0,0,0,0,0,0,0
Cook Islands,Fires in organic soils,Emissions (CH4),kilotonnes,0,0,0,0,0,0,0,0,0,0,0,0,0,0,0,0,0,0,0,0,0
Cook Islands,Fires in organic soils,Emissions (CO2),kilotonnes,0,0,0,0,0,0,0,0,0,0,0,0,0,0,0,0,0,0,0,0,0
Cook Islands,Fires in organic soils,Emissions (CO2eq) from CH4 (AR5),kilotonnes,0,0,0,0,0,0,0,0,0,0,0,0,0,0,0,0,0,0,0,0,0
Cook Islands,Fires in organic soils,Emissions (CO2eq) (AR5),kilotonnes,0,0,0,0,0,0,0,0,0,0,0,0,0,0,0,0,0,0,0,0,0
Cook Islands,Forest fires,Emissions (CH4),kilotonnes,0,0,0,0,0,0,0,0,0,0,0,0,0,0,0,0,0,0,0,0,0
Cook Islands,Forest fires,Emissions (N2O),kilotonnes,0,0,0,0,0,0,0,0,0,0,0,0,0,0,0,0,0,0,0,0,0
Cook Islands,Forest fires,Emissions (CO2eq) from CH4 (AR5),kilotonnes,0,0,0,0,0,0,0,0,0,0,0,0,0,0,0,0,0,0,0,0,0
Cook Islands,Forest fires,Emissions (CO2eq) from N2O (AR5),kilotonnes,0,0,0,0,0,0,0,0,0,0,0,0,0,0,0,0,0,0,0,0,0
Cook Islands,Forest fires,Emissions (CO2eq) (AR5),kilotonnes,0,0,0,0,0,0,0,0,0,0,0,0,0,0,0,0,0,0,0,0,0
Cook Islands,Fires in humid tropical forests,Emissions (CH4),kilotonnes,0,0,0,0,0,0,0,0,0,0,0,0,0,0,0,0,0,0,0,0,0
Cook Islands,Fires in humid tropical forests,Emissions (N2O),kilotonnes,0,0,0,0,0,0,0,0,0,0,0,0,0,0,0,0,0,0,0,0,0
Cook Islands,Fires in humid tropical forests,Emissions (CO2eq) from CH4 (AR5),kilotonnes,0,0,0,0,0,0,0,0,0,0,0,0,0,0,0,0,0,0,0,0,0
Cook Islands,Fires in humid tropical forests,Emissions (CO2eq) from N2O (AR5),kilotonnes,0,0,0,0,0,0,0,0,0,0,0,0,0,0,0,0,0,0,0,0,0
Cook Islands,Fires in humid tropical forests,Emissions (CO2eq) (AR5),kilotonnes,0,0,0,0,0,0,0,0,0,0,0,0,0,0,0,0,0,0,0,0,0
Cook Islands,Waste - agri-food systems,Emissions (CH4),kilotonnes,0,0,0,0,0,0,0,0,0,0,0,0,0,0,0,0,0,0,0,0,0
Cook Islands,Waste - agri-food systems,Emissions (N2O),kilotonnes,0,0,0,0,0,0,0,0,0,0,0,0,0,0,0,0,0,0,0,0,0
Cook Islands,Waste - agri-food systems,Emissions (CO2eq) from CH4 (AR5),kilotonnes,0,0,0,0,0,0,0,0,0,0,0,0,0,0,0,0,0,0,0,0,0
Cook Islands,Waste - agri-food systems,Emissions (CO2eq) from N2O (AR5),kilotonnes,0,0,0,0,0,0,0,0,0,0,0,0,0,0,0,0,0,0,0,0,0
Cook Islands,Waste - agri-food systems,Emissions (CO2eq) (AR5),kilotonnes,0,0,0,0,0,0,0,0,0,0,0,0,0,0,0,0,0,0,0,0,0
Cook Islands,On-farm electricity use,Emissions (CH4),kilotonnes,0,0,0,0,0,0,0,0,0,0,0,0,0,0,0,0,0,0,0,0,0
Cook Islands,On-farm electricity use,Emissions (N2O),kilotonnes,0,0,0,0,0,0,0,0,0,0,0,0,0,0,0,0,0,0,0,0,0
Cook Islands,On-farm electricity use,Emissions (CO2),kilotonnes,0,0,0,0,0,0,0,0,0,0,0,0,0,0,0,0,0,0,0,0,0
Cook Islands,On-farm electricity use,Emissions (CO2eq) from CH4 (AR5),kilotonnes,0,0,0,0,0,0,0,0,0,0,0,0,0,0,0,0,0,0,0,0,0
Cook Islands,On-farm electricity use,Emissions (CO2eq) from N2O (AR5),kilotonnes,0,0,0,0,0,0,0,0,0,0,0,0,0,0,0,0,0,0,0,0,0
Cook Islands,On-farm electricity use,Emissions (CO2eq) (AR5),kilotonnes,0,0,0,0,0,0,0,0,0,0,0,0,0,0,0,0,0,0,0,0,0
Cook Islands,Food Processing,Emissions (CH4),kilotonnes,0.0001,0.0001,0,0,0.0001,0.0001,0.0001,0.0001,0.0001,0.0001,0.0001,0.0001,0.0001,0.0001,0.0001,0.0001,0.0001,0.0001,0.0001,0.0001,0.0001
Cook Islands,Food Processing,Emissions (N2O),kilotonnes,0,0,0,0,0,0,0,0,0,0,0,0.0001,0.0001,0.0001,0.0001,0.0001,0.0001,0,0,0.0001,0.0001
Cook Islands,Food Processing,Emissions (CO2),kilotonnes,1.338,0.971,0.6067,0.8477,1.3475,1.6594,1.351,1.3599,1.2851,2.3077,3.2256,3.6164,3.4667,3.5833,4.3166,4.3027,4.1941,4.5018,4.8581,6.5783,6.5212
Cook Islands,Food Processing,Emissions (CO2eq) from CH4 (AR5),kilotonnes,0.0028,0.0028,0,0,0.0028,0.0028,0.0028,0.0028,0.0028,0.0028,0.0028,0.0028,0.0028,0.0028,0.0028,0.0028,0.0028,0.0028,0.0028,0.0028,0.0028
Cook Islands,Food Processing,Emissions (CO2eq) from N2O (AR5),kilotonnes,0,0,0,0,0,0,0,0,0,0,0,0.0265,0.0265,0.0265,0.0265,0.0265,0.0265,0,0,0.0265,0.0276
Cook Islands,Food Processing,Emissions (CO2eq) (AR5),kilotonnes,1.3408,0.9738,0.6067,0.8477,1.3503,1.6622,1.3538,1.3627,1.2879,2.3105,3.2284,3.6457,3.496,3.6126,4.3459,4.332,4.2234,4.5046,4.8609,6.6076,6.5516
Cook Islands,Food Packaging,Emissions (CH4),kilotonnes,0,0,0,0,0,0,0,0,0,0,0,0,0,0,0,0,0,0,0,0,0
Cook Islands,Food Packaging,Emissions (N2O),kilotonnes,0,0,0,0,0,0,0,0,0,0,0,0,0,0,0,0,0,0,0,0,0
Cook Islands,Food Packaging,Emissions (CO2),kilotonnes,0.0861,0.0572,0.0419,0.0403,0.0626,0.0523,0.0476,0.0461,0.0487,0.0473,0.0586,0.0624,0.0725,0.0814,0.109,0.0912,0.0988,0.104,0.1367,0.081,0.0803
Cook Islands,Food Packaging,Emissions (CO2eq) from CH4 (AR5),kilotonnes,0,0,0,0,0,0,0,0,0,0,0,0,0,0,0,0,0,0,0,0,0
Cook Islands,Food Packaging,Emissions (CO2eq) from N2O (AR5),kilotonnes,0,0,0,0,0,0,0,0,0,0,0,0,0,0,0,0,0,0,0,0,0
Cook Islands,Food Packaging,Emissions (CO2eq) (AR5),kilotonnes,0.0861,0.0572,0.0419,0.0403,0.0626,0.0523,0.0476,0.0461,0.0487,0.0473,0.0586,0.0624,0.0725,0.0814,0.109,0.0912,0.0988,0.104,0.1367,0.081,0.0803
Cook Islands,Food Household Consumption,Emissions (CH4),kilotonnes,0,0,0,0,0,0,0,0,0,0,0,0,0,0,0,0,0,0,0,0,0
Cook Islands,Food Household Consumption,Emissions (N2O),kilotonnes,0,0,0,0,0,0,0,0,0,0,0,0,0,0,0,0,0,0,0,0,0
Cook Islands,Food Household Consumption,Emissions (CO2),kilotonnes,0,0,0,0,0,0,0,0,0,0,0,0,0,0,0,0,0,0,0,0,0
Cook Islands,Food Household Consumption,Emissions (CO2eq) from CH4 (AR5),kilotonnes,0,0,0,0,0,0,0,0,0,0,0,0,0,0,0,0,0,0,0,0,0
Cook Islands,Food Household Consumption,Emissions (CO2eq) from N2O (AR5),kilotonnes,0,0,0,0,0,0,0,0,0,0,0,0,0,0,0,0,0,0,0,0,0
Cook Islands,Food Household Consumption,Emissions (CO2eq) (AR5),kilotonnes,0,0,0,0,0,0,0,0,0,0,0,0,0,0,0,0,0,0,0,0,0
Cook Islands,Food Transport,Emissions (CH4),kilotonnes,0.0002,0.0001,0.0001,0.0001,0.0001,0.0001,0.0001,0.0001,0.0002,0.0002,0.0002,0.0004,0.0003,0.0003,0.0003,0.0003,0.0002,0.0002,0.0002,0.0002,0.0002
Cook Islands,Food Transport,Emissions (N2O),kilotonnes,0.0001,0.0001,0,0,0,0.0001,0.0001,0.0001,0.0001,0.0001,0.0001,0.0002,0.0002,0.0001,0.0001,0.0001,0.0001,0.0001,0.0001,0.0001,0.0001
Cook Islands,Food Transport,Emissions (CO2),kilotonnes,1.4211,1.2944,0.6605,0.6341,1.0523,1.8159,2.0067,1.3298,1.9746,2.1468,3.0766,5.3604,5.2881,4.6578,4.5962,4.6921,4.388,2.7942,2.8756,4.2602,4.2232
Cook Islands,Food Transport,Emissions (CO2eq) from CH4 (AR5),kilotonnes,0.0056,0.0028,0.0028,0.0028,0.0028,0.0028,0.0028,0.0028,0.0056,0.0056,0.0056,0.0112,0.0084,0.0084,0.0084,0.0084,0.0056,0.0056,0.0056,0.0056,0.0057
Cook Islands,Food Transport,Emissions (CO2eq) from N2O (AR5),kilotonnes,0.0265,0.0265,0,0,0,0.0265,0.0265,0.0265,0.0265,0.0265,0.0265,0.053,0.053,0.0265,0.0265,0.0265,0.0265,0.0265,0.0265,0.0265,0.0276
Cook Islands,Food Transport,Emissions (CO2eq) (AR5),kilotonnes,1.4532,1.3237,0.6633,0.6369,1.0551,1.8452,2.036,1.3591,2.0067,2.1789,3.1087,5.4246,5.3495,4.6927,4.6311,4.727,4.4201,2.8263,2.9077,4.2923,4.2565
Cook Islands,Energy,Emissions (CH4),kilotonnes,0.003,0.0028,0.0015,0.0013,0.002,0.0031,0.0033,0.0027,0.003,0.0028,0.0036,0.005,0.0047,0.0044,0.0044,0.0043,0.0041,0.0026,0.0027,0.0041,0.0042
Cook Islands,Energy,Emissions (N2O),kilotonnes,0.0009,0.0009,0.0005,0.0004,0.0007,0.0012,0.0012,0.0009,0.0011,0.0011,0.0013,0.003,0.0027,0.0027,0.0023,0.0023,0.0022,0.0014,0.0015,0.0024,0.0025
Cook Islands,Energy,Emissions (CO2),kilotonnes,47.7,33,22,29.3,47.7,55,47.7,47.7,47.7,44,51.3,58.7,62.3,62.3,66,62.3,62.3,69.7,73.7,80.6,79.9
Cook Islands,Energy,Emissions (CO2eq) from CH4 (AR5),kilotonnes,0.084,0.0792,0.0409,0.0358,0.0566,0.0879,0.0924,0.0756,0.0843,0.0795,0.1002,0.1411,0.1313,0.1243,0.1226,0.1204,0.1154,0.0734,0.0756,0.1151,0.117
Cook Islands,Energy,Emissions (CO2eq) from N2O (AR5),kilotonnes,0.2502,0.2467,0.124,0.1158,0.1876,0.3154,0.3127,0.2377,0.2942,0.2862,0.3498,0.795,0.7208,0.7102,0.6175,0.5989,0.5883,0.3763,0.3869,0.6439,0.6705
Cook Islands,Energy,Emissions (CO2eq) (AR5),kilotonnes,48.0342,33.326,22.1649,29.4516,47.9442,55.4033,48.1051,48.0133,48.0784,44.3657,51.75,59.6361,63.1521,63.1345,66.7401,63.0193,63.0037,70.1497,74.1625,81.359,80.6875
Cook Islands,IPPU,Emissions (N2O),kilotonnes,0.0004,0.0004,0.0004,0.0004,0.0004,0.0004,0.0004,0.0004,0.0004,0.0004,0.0004,0.0004,0.0004,0.0004,0.0004,0.0004,0.0004,0.0004,0.0004,0.0003,0.0003
Cook Islands,IPPU,Emissions (CO2),kilotonnes,0.0977,0.0747,0.0318,0.0304,0.0614,0.103,0.116,0.0878,0.0784,0.0633,0.0672,0.0757,0.0887,0.0838,0.0878,0.0988,0.131,0.103,0.106,0.105,0.107
Cook Islands,IPPU,Emissions (CO2eq) from N2O (AR5),kilotonnes,0.0978,0.0988,0.101,0.1034,0.1052,0.1063,0.1063,0.1052,0.1036,0.1018,0.0999,0.0986,0.097,0.0959,0.0949,0.0941,0.0938,0.0938,0.0938,0.0906,0.0896
Cook Islands,IPPU,Emissions (CO2eq) (AR5),kilotonnes,0.1955,0.1735,0.1328,0.1338,0.1666,0.2093,0.2223,0.193,0.182,0.1651,0.1671,0.1743,0.1857,0.1797,0.1827,0.1929,0.2248,0.1968,0.1998,0.1956,0.1966
Cook Islands,Waste,Emissions (CH4),kilotonnes,0.147,0.152,0.158,0.163,0.169,0.175,0.175,0.175,0.175,0.174,0.173,0.172,0.171,0.157,0.156,0.154,0.153,0.153,0.153,0.151,0.149
Cook Islands,Waste,Emissions (CO2eq) from CH4 (AR5),kilotonnes,4.116,4.256,4.424,4.564,4.732,4.9,4.9,4.9,4.9,4.872,4.844,4.816,4.788,4.396,4.368,4.312,4.284,4.284,4.284,4.228,4.172
Cook Islands,Waste,Emissions (CO2eq) (AR5),kilotonnes,4.116,4.256,4.424,4.564,4.732,4.9,4.9,4.9,4.9,4.872,4.844,4.816,4.788,4.396,4.368,4.312,4.284,4.284,4.284,4.228,4.172
Cook Islands,Other,Emissions (N2O),kilotonnes,0.002,0.0021,0.0012,0.0011,0.0019,0.0031,0.0029,0.0023,0.0021,0.0018,0.0021,0.0025,0.0025,0.0026,0.0029,0.0027,0.0028,0.0018,0.0018,0.0023,0.0023
Cook Islands,Other,Emissions (CO2eq) from N2O (AR5),kilotonnes,0.5167,0.5486,0.3127,0.2968,0.4982,0.8136,0.7738,0.6015,0.5538,0.4717,0.5565,0.6678,0.6705,0.681,0.7659,0.7208,0.7447,0.4744,0.4876,0.6148,0.6122
Cook Islands,Other,Emissions (CO2eq) (AR5),kilotonnes,0.5167,0.5486,0.3127,0.2968,0.4982,0.8136,0.7738,0.6015,0.5538,0.4717,0.5565,0.6678,0.6705,0.681,0.7659,0.7208,0.7447,0.4744,0.4876,0.6148,0.6122
Cook Islands,Farm-gate emissions,Emissions (CH4),kilotonnes,0.5677,0.494,0.4784,0.4756,0.5036,0.5036,0.5037,0.5074,0.5074,0.5074,0.5078,0.5078,0.5078,0.5077,0.5077,0.4986,0.4884,0.477,0.4357,0.3844,0.3287
Cook Islands,Farm-gate emissions,Direct emissions (N2O),kilotonnes,0.0047,0.0041,0.0041,0.004,0.004,0.0041,0.0042,0.0039,0.0041,0.0041,0.004,0.004,0.0041,0.004,0.004,0.0041,0.0042,0.0038,0.0035,0.0032,0.0029
Cook Islands,Farm-gate emissions,Indirect emissions (N2O),kilotonnes,0.0019,0.0017,0.0017,0.0016,0.0016,0.0017,0.0017,0.0016,0.0017,0.0017,0.0016,0.0016,0.0017,0.0016,0.0016,0.0017,0.0017,0.0016,0.0014,0.0013,0.0012
Cook Islands,Farm-gate emissions,Emissions (N2O),kilotonnes,0.011,0.0095,0.0094,0.0092,0.0094,0.0095,0.0097,0.0094,0.0097,0.0097,0.0095,0.0095,0.0096,0.0095,0.0095,0.0096,0.0096,0.009,0.0083,0.0074,0.0066
Cook Islands,Farm-gate emissions,Emissions (CO2),kilotonnes,2.0904,1.8862,1.4157,1.5127,2.003,2.6702,3.7124,4.0348,4.3185,4.0513,5.1793,5.3125,5.3099,4.9308,4.5971,3.5086,2.955,2.8171,2.6915,2.3103,2.3103
Cook Islands,Farm-gate emissions,Emissions (CO2eq) from CH4 (AR5),kilotonnes,15.8945,13.8312,13.3965,13.3171,14.0995,14.101,14.1033,14.2058,14.2065,14.2059,14.2171,14.2174,14.2174,14.2165,14.2158,13.9606,13.6741,13.357,12.1986,10.7624,9.2046
Cook Islands,Farm-gate emissions,Emissions (CO2eq) from N2O (AR5),kilotonnes,2.9112,2.5301,2.5012,2.428,2.4917,2.5306,2.5821,2.4828,2.5688,2.5656,2.5044,2.5044,2.5497,2.5097,2.5062,2.5479,2.5483,2.3899,2.19,1.9618,1.7408
Cook Islands,Farm-gate emissions,Emissions (CO2eq) (AR5),kilotonnes,20.8961,18.2476,17.3134,17.2578,18.5942,19.3017,20.3977,20.7235,21.0937,20.8227,21.9007,22.0343,22.0769,21.657,21.3191,20.0172,19.1774,18.564,17.08,15.0345,13.2557
Cook Islands,Land Use change,Emissions (CH4),kilotonnes,0,0,0,0,0,0,0,0,0,0,0,0,0,0,0,0,0,0,0,0,0
Cook Islands,Land Use change,Emissions (N2O),kilotonnes,0,0,0,0,0,0,0,0,0,0,0,0,0,0,0,0,0,0,0,0,0
Cook Islands,Land Use change,Emissions (CO2),kilotonnes,0,0,0,0,0,0,0,0,0,0,0,0,0,0,0,0,0,0,0,0,0
Cook Islands,Land Use change,Emissions (CO2eq) from CH4 (AR5),kilotonnes,0,0,0,0,0,0,0,0,0,0,0,0,0,0,0,0,0,0,0,0,0
Cook Islands,Land Use change,Emissions (CO2eq) from N2O (AR5),kilotonnes,0,0,0,0,0,0,0,0,0,0,0,0,0,0,0,0,0,0,0,0,0
Cook Islands,Land Use change,Emissions (CO2eq) (AR5),kilotonnes,0,0,0,0,0,0,0,0,0,0,0,0,0,0,0,0,0,0,0,0,0
Cook Islands,Emissions on agricultural land,Emissions (CH4),kilotonnes,0.5677,0.494,0.4784,0.4756,0.5036,0.5036,0.5037,0.5074,0.5074,0.5074,0.5078,0.5078,0.5078,0.5077,0.5077,0.4986,0.4884,0.477,0.4357,0.3844,0.3287
Cook Islands,Emissions on agricultural land,Emissions (N2O),kilotonnes,0.011,0.0095,0.0094,0.0092,0.0094,0.0095,0.0097,0.0094,0.0097,0.0097,0.0095,0.0095,0.0096,0.0095,0.0095,0.0096,0.0096,0.009,0.0083,0.0074,0.0066
Cook Islands,Emissions on agricultural land,Emissions (CO2),kilotonnes,2.0904,1.8862,1.4157,1.5127,2.003,2.6702,3.7124,4.0348,4.3185,4.0513,5.1793,5.3125,5.3099,4.9308,4.5971,3.5086,2.955,2.8171,2.6915,2.3103,2.3103
Cook Islands,Emissions on agricultural land,Emissions (CO2eq) from CH4 (AR5),kilotonnes,15.8945,13.8312,13.3965,13.3171,14.0995,14.101,14.1033,14.2058,14.2065,14.2059,14.2171,14.2174,14.2174,14.2165,14.2158,13.9606,13.6741,13.357,12.1986,10.7624,9.2046
Cook Islands,Emissions on agricultural land,Emissions (CO2eq) from N2O (AR5),kilotonnes,2.9112,2.5301,2.5012,2.428,2.4917,2.5306,2.5821,2.4828,2.5688,2.5656,2.5044,2.5044,2.5497,2.5097,2.5062,2.5479,2.5483,2.3899,2.19,1.9618,1.7408
Cook Islands,Emissions on agricultural land,Emissions (CO2eq) (AR5),kilotonnes,20.8961,18.2476,17.3134,17.2578,18.5942,19.3017,20.3977,20.7235,21.0937,20.8227,21.9007,22.0343,22.0769,21.657,21.3191,20.0172,19.1774,18.564,17.08,15.0345,13.2557
Cook Islands,Pre- and post- production,Emissions (CH4),kilotonnes,0.0003,0.0002,0.0001,0.0001,0.0002,0.0002,0.0002,0.0002,0.0003,0.0003,0.0003,0.0005,0.0004,0.0004,0.0004,0.0004,0.0003,0.0003,0.0003,0.0003,0.0003
Cook Islands,Pre- and post- production,Emissions (N2O),kilotonnes,0.0001,0.0001,0,0,0,0.0001,0.0001,0.0001,0.0001,0.0001,0.0001,0.0003,0.0003,0.0002,0.0002,0.0002,0.0002,0.0001,0.0001,0.0002,0.0002
Cook Islands,Pre- and post- production,Emissions (CO2),kilotonnes,2.8452,2.3226,1.3091,1.5221,2.4624,3.5276,3.4053,2.7358,3.3084,4.5018,6.3608,9.0392,8.8273,8.3225,9.0218,9.086,8.6809,7.4,7.8704,10.9195,10.8247
Cook Islands,Pre- and post- production,Emissions (CO2eq) from CH4 (AR5),kilotonnes,0.0084,0.0056,0.0028,0.0028,0.0056,0.0056,0.0056,0.0056,0.0084,0.0084,0.0084,0.014,0.0112,0.0112,0.0112,0.0112,0.0084,0.0084,0.0084,0.0084,0.0085
Cook Islands,Pre- and post- production,Emissions (CO2eq) from N2O (AR5),kilotonnes,0.0265,0.0265,0,0,0,0.0265,0.0265,0.0265,0.0265,0.0265,0.0265,0.0795,0.0795,0.053,0.053,0.053,0.053,0.0265,0.0265,0.053,0.0552
Cook Islands,Pre- and post- production,Emissions (CO2eq) (AR5),kilotonnes,2.8801,2.3547,1.3119,1.5249,2.468,3.5597,3.4374,2.7679,3.3433,4.5367,6.3957,9.1327,8.918,8.3867,9.086,9.1502,8.7423,7.4349,7.9053,10.9809,10.8884
Cook Islands,Agri-food systems,Emissions (CH4),kilotonnes,0.568,0.4942,0.4785,0.4757,0.5038,0.5038,0.5039,0.5076,0.5077,0.5077,0.5081,0.5083,0.5082,0.5081,0.5081,0.499,0.4887,0.4773,0.436,0.3847,0.329
Cook Islands,Agri-food systems,Emissions (N2O),kilotonnes,0.0111,0.0096,0.0094,0.0092,0.0094,0.0096,0.0098,0.0095,0.0098,0.0098,0.0096,0.0098,0.0099,0.0097,0.0097,0.0098,0.0098,0.0091,0.0084,0.0076,0.0068
Cook Islands,Agri-food systems,Emissions (CO2),kilotonnes,4.9356,4.2088,2.7248,3.0348,4.4654,6.1978,7.1177,6.7706,7.6269,8.5531,11.5401,14.3517,14.1372,13.2533,13.6189,12.5946,11.6359,10.2171,10.5619,13.2298,13.135
Cook Islands,Agri-food systems,Emissions (CO2eq) from CH4 (AR5),kilotonnes,15.9029,13.8368,13.3993,13.3199,14.1051,14.1066,14.1089,14.2114,14.2149,14.2143,14.2255,14.2314,14.2286,14.2277,14.227,13.9718,13.6825,13.3654,12.207,10.7708,9.2131
Cook Islands,Agri-food systems,Emissions (CO2eq) from N2O (AR5),kilotonnes,2.9377,2.5566,2.5012,2.428,2.4917,2.5571,2.6086,2.5093,2.5953,2.5921,2.5309,2.5839,2.6292,2.5627,2.5592,2.6009,2.6013,2.4164,2.2165,2.0148,1.796
Cook Islands,Agri-food systems,Emissions (CO2eq) (AR5),kilotonnes,23.7762,20.6023,18.6253,18.7827,21.0622,22.8614,23.8351,23.4914,24.437,25.3594,28.2964,31.167,30.9949,30.0437,30.4051,29.1674,27.9197,25.9989,24.9853,26.0154,24.1441
Cook Islands,IPCC Agriculture,Emissions (CH4),kilotonnes,0.5675,0.4938,0.4783,0.4755,0.5034,0.5034,0.5034,0.507,0.507,0.507,0.5073,0.5073,0.5073,0.5073,0.5073,0.4983,0.4881,0.4768,0.4355,0.3842,0.3286
Cook Islands,IPCC Agriculture,Emissions (CH4),kilotonnes,,,,,,,,,,,,,,,,,,,,,
Cook Islands,IPCC Agriculture,Direct emissions (N2O),kilotonnes,0.0047,0.0041,0.0041,0.004,0.004,0.0041,0.0042,0.0039,0.0041,0.0041,0.004,0.004,0.0041,0.004,0.004,0.0041,0.0042,0.0038,0.0035,0.0032,0.0029
Cook Islands,IPCC Agriculture,Indirect emissions (N2O),kilotonnes,0.0019,0.0017,0.0017,0.0016,0.0016,0.0017,0.0017,0.0016,0.0017,0.0017,0.0016,0.0016,0.0017,0.0016,0.0016,0.0017,0.0017,0.0016,0.0014,0.0013,0.0012
Cook Islands,IPCC Agriculture,Emissions (N2O),kilotonnes,0.011,0.0095,0.0094,0.0092,0.0094,0.0095,0.0097,0.0094,0.0097,0.0097,0.0094,0.0094,0.0096,0.0095,0.0094,0.0096,0.0096,0.009,0.0083,0.0074,0.0066
Cook Islands,IPCC Agriculture,Emissions (CO2eq) from CH4 (AR5),kilotonnes,15.8898,13.8271,13.3934,13.3138,14.095,14.095,14.095,14.1969,14.1969,14.1969,14.2056,14.2056,14.2056,14.2056,14.2056,13.9528,13.6676,13.3507,12.1926,10.7573,9.1995
Cook Islands,IPCC Agriculture,Emissions (CO2eq) from CH4 (AR5),kilotonnes,,,,,,,,,,,,,,,,,,,,,
Cook Islands,IPCC Agriculture,Emissions (CO2eq) from N2O (AR5),kilotonnes,2.9103,2.5293,2.5006,2.4273,2.4908,2.5294,2.5805,2.4811,2.5669,2.5639,2.5022,2.5022,2.5475,2.5076,2.5042,2.5465,2.547,2.3888,2.1888,1.9608,1.7398
Cook Islands,IPCC Agriculture,Emissions (CO2eq) (AR5),kilotonnes,18.8001,16.3564,15.894,15.7411,16.5859,16.6245,16.6756,16.678,16.7638,16.7607,16.7078,16.7078,16.7531,16.7132,16.7098,16.4993,16.2146,15.7395,14.3815,12.7181,10.9393
Cook Islands,IPCC Agriculture,Emissions (CO2eq) (AR5),kilotonnes,,,,,,,,,,,,,,,,,,,,,
Cook Islands,Agricultural Soils,Direct emissions (N2O),kilotonnes,0.0047,0.0041,0.0041,0.004,0.004,0.0041,0.0042,0.0039,0.0041,0.0041,0.004,0.004,0.0041,0.004,0.004,0.0041,0.0042,0.0038,0.0035,0.0032,0.0029
Cook Islands,Agricultural Soils,Indirect emissions (N2O),kilotonnes,0.0019,0.0017,0.0017,0.0016,0.0016,0.0017,0.0017,0.0016,0.0017,0.0017,0.0016,0.0016,0.0017,0.0016,0.0016,0.0017,0.0017,0.0016,0.0014,0.0013,0.0012
Cook Islands,Agricultural Soils,Emissions (N2O),kilotonnes,0.0066,0.0058,0.0058,0.0056,0.0056,0.0057,0.0059,0.0055,0.0058,0.0058,0.0056,0.0056,0.0058,0.0056,0.0056,0.0058,0.0059,0.0054,0.005,0.0045,0.0041
Cook Islands,Agricultural Soils,Emissions (CO2eq) from N2O (AR5),kilotonnes,1.7613,1.5396,1.5369,1.4737,1.4826,1.5212,1.5719,1.4624,1.5461,1.5452,1.4829,1.4829,1.5282,1.4883,1.485,1.5426,1.5666,1.4304,1.3145,1.1913,1.0837
Cook Islands,Agricultural Soils,Emissions (CO2eq) (AR5),kilotonnes,1.7613,1.5396,1.5369,1.4737,1.4826,1.5212,1.5719,1.4624,1.5461,1.5452,1.4829,1.4829,1.5282,1.4883,1.485,1.5426,1.5666,1.4304,1.3145,1.1913,1.0837
Cook Islands,LULUCF,Emissions (CH4),kilotonnes,0,0,0,0,0,0,0,0,0,0,0,0,0,0,0,0,0,0,0,0,0
Cook Islands,LULUCF,Emissions (N2O),kilotonnes,0,0,0,0,0,0,0,0,0,0,0,0,0,0,0,0,0,0,0,0,0
Cook Islands,LULUCF,Emissions (CO2),kilotonnes,-21.209,-3.6245,-3.6245,-3.6245,-3.6245,-3.6245,-3.6245,-3.6245,-3.6245,-3.6245,-3.6245,-2.7571,-2.7571,-2.7571,-2.7571,-2.7571,-3.1136,-3.1136,-3.1136,-3.1136,-3.1136
Cook Islands,LULUCF,Emissions (CO2),kilotonnes,,,,,,,,,,,,,,,,,,,,,
Cook Islands,LULUCF,Emissions (CO2eq) from CH4 (AR5),kilotonnes,0,0,0,0,0,0,0,0,0,0,0,0,0,0,0,0,0,0,0,0,0
Cook Islands,LULUCF,Emissions (CO2eq) from N2O (AR5),kilotonnes,0,0,0,0,0,0,0,0,0,0,0,0,0,0,0,0,0,0,0,0,0
Cook Islands,LULUCF,Emissions (CO2eq) (AR5),kilotonnes,-21.209,-3.6245,-3.6245,-3.6245,-3.6245,-3.6245,-3.6245,-3.6245,-3.6245,-3.6245,-3.6245,-2.7571,-2.7571,-2.7571,-2.7571,-2.7571,-3.1136,-3.1136,-3.1136,-3.1136,-3.1136
Cook Islands,LULUCF,Emissions (CO2eq) (AR5),kilotonnes,,,,,,,,,,,,,,,,,,,,,
Cook Islands,AFOLU,Emissions (CH4),kilotonnes,0.5675,0.4938,0.4783,0.4755,0.5034,0.5034,0.5034,0.507,0.507,0.507,0.5073,0.5073,0.5073,0.5073,0.5073,0.4983,0.4881,0.4768,0.4355,0.3842,0.3286
Cook Islands,AFOLU,Emissions (N2O),kilotonnes,0.011,0.0095,0.0094,0.0092,0.0094,0.0095,0.0097,0.0094,0.0097,0.0097,0.0094,0.0094,0.0096,0.0095,0.0094,0.0096,0.0096,0.009,0.0083,0.0074,0.0066
Cook Islands,AFOLU,Emissions (CO2),kilotonnes,-21.209,-3.6245,-3.6245,-3.6245,-3.6245,-3.6245,-3.6245,-3.6245,-3.6245,-3.6245,-3.6245,-2.7571,-2.7571,-2.7571,-2.7571,-2.7571,-3.1136,-3.1136,-3.1136,-3.1136,-3.1136
Cook Islands,AFOLU,Emissions (CO2eq) from CH4 (AR5),kilotonnes,15.8898,13.8271,13.3934,13.3138,14.095,14.095,14.095,14.1969,14.1969,14.1969,14.2056,14.2056,14.2056,14.2056,14.2056,13.9528,13.6676,13.3507,12.1926,10.7573,9.1995
Cook Islands,AFOLU,Emissions (CO2eq) from N2O (AR5),kilotonnes,2.9103,2.5293,2.5006,2.4273,2.4908,2.5294,2.5805,2.4811,2.5669,2.5639,2.5022,2.5022,2.5475,2.5076,2.5042,2.5465,2.547,2.3888,2.1888,1.9608,1.7398
Cook Islands,AFOLU,Emissions (CO2eq) (AR5),kilotonnes,-2.4089,12.7319,12.2695,12.1166,12.9613,13,13.0511,13.0535,13.1393,13.1362,13.0833,13.9507,13.996,13.9561,13.9527,13.7422,13.101,12.6258,11.2678,9.6044,7.8257
Cook Islands,All sectors with LULUCF,Emissions (CH4),kilotonnes,0.7175,0.6487,0.6378,0.6398,0.6744,0.6815,0.6817,0.6847,0.685,0.6839,0.6839,0.6844,0.683,0.6688,0.6677,0.6566,0.6452,0.6324,0.5912,0.5393,0.4817
Cook Islands,All sectors with LULUCF,Emissions (N2O),kilotonnes,0.0142,0.0129,0.0115,0.0111,0.0124,0.0142,0.0142,0.0129,0.0133,0.0129,0.0132,0.0153,0.0152,0.0151,0.015,0.0149,0.015,0.0126,0.0119,0.0125,0.0117
Cook Islands,All sectors with LULUCF,Emissions (CO2),kilotonnes,26.5887,29.4502,18.4073,25.7059,44.1369,51.4785,44.1915,44.1633,44.1539,40.4388,47.7427,56.0186,59.6316,59.6267,63.3307,59.6417,59.3174,66.6894,70.6924,77.5914,76.8934
Cook Islands,All sectors with LULUCF,Emissions (CO2eq) from CH4 (AR5),kilotonnes,20.0898,18.1623,17.8583,17.9136,18.8836,19.083,19.0874,19.1725,19.1812,19.1484,19.1498,19.1627,19.1249,18.7259,18.6962,18.3852,18.0669,17.7081,16.5522,15.1003,13.4885
Cook Islands,All sectors with LULUCF,Emissions (CO2eq) from N2O (AR5),kilotonnes,3.775,3.4235,3.0383,2.9433,3.2818,3.7646,3.7733,3.4256,3.5186,3.4235,3.5084,4.0636,4.0357,3.9948,3.9824,3.9602,3.9738,3.3332,3.1572,3.3102,3.112
Cook Islands,All sectors with LULUCF,Emissions (CO2eq) (AR5),kilotonnes,50.4535,51.0359,39.3038,46.5628,66.3023,74.3261,67.0522,66.7613,66.8536,63.0107,70.4009,79.2449,82.7922,82.3474,86.0093,81.9872,81.3581,87.7307,90.4017,96.0019,93.4939
Cook Islands,All sectors without LULUCF,Emissions (CH4),kilotonnes,0.7175,0.6487,0.6378,0.6398,0.6744,0.6815,0.6817,0.6847,0.685,0.6839,0.6839,0.6844,0.683,0.6688,0.6677,0.6566,0.6452,0.6324,0.5912,0.5393,0.4817
Cook Islands,All sectors without LULUCF,Emissions (N2O),kilotonnes,0.0142,0.0129,0.0115,0.0111,0.0124,0.0142,0.0142,0.0129,0.0133,0.0129,0.0132,0.0153,0.0152,0.0151,0.015,0.0149,0.015,0.0126,0.0119,0.0125,0.0117
Cook Islands,All sectors without LULUCF,Emissions (CO2),kilotonnes,47.7977,33.0747,22.0318,29.3304,47.7614,55.103,47.816,47.7878,47.7784,44.0633,51.3672,58.7757,62.3887,62.3838,66.0878,62.3988,62.431,69.803,73.806,80.705,80.007
Cook Islands,All sectors without LULUCF,Emissions (CO2eq) from CH4 (AR5),kilotonnes,20.0898,18.1623,17.8583,17.9136,18.8836,19.083,19.0874,19.1725,19.1812,19.1484,19.1498,19.1627,19.1249,18.7259,18.6962,18.3852,18.0669,17.7081,16.5522,15.1003,13.4885
Cook Islands,All sectors without LULUCF,Emissions (CO2eq) from N2O (AR5),kilotonnes,3.775,3.4235,3.0383,2.9433,3.2818,3.7646,3.7733,3.4256,3.5186,3.4235,3.5084,4.0636,4.0357,3.9948,3.9824,3.9602,3.9738,3.3332,3.1572,3.3102,3.112
Cook Islands,All sectors without LULUCF,Emissions (CO2eq) (AR5),kilotonnes,71.6625,54.6604,42.9283,50.1873,69.9268,77.9506,70.6767,70.3858,70.4781,66.6352,74.0254,82.002,85.5493,85.1045,88.7664,84.7443,84.4717,90.8443,93.5154,99.1155,96.6075
Costa Rica,Crop Residues,Direct emissions (N2O),kilotonnes,0.0631,0.052,0.0454,0.0468,0.0496,0.0458,0.0445,0.043,0.0491,0.0591,0.0645,0.066,0.0513,0.0546,0.0488,0.0465,0.0475,0.0366,0.0397,0.0356,0.0333
Costa Rica,Crop Residues,Indirect emissions (N2O),kilotonnes,0.0142,0.0117,0.0102,0.0105,0.0112,0.0103,0.01,0.0097,0.011,0.0133,0.0145,0.0148,0.0115,0.0123,0.011,0.0105,0.0107,0.0082,0.0089,0.008,0.0075
Costa Rica,Crop Residues,Emissions (N2O),kilotonnes,0.0772,0.0637,0.0556,0.0574,0.0607,0.0561,0.0545,0.0527,0.0601,0.0724,0.079,0.0808,0.0628,0.0669,0.0598,0.0569,0.0582,0.0448,0.0486,0.0436,0.0407
Costa Rica,Crop Residues,Emissions (CO2eq) from N2O (AR5),kilotonnes,20.4706,16.8738,14.7266,15.2069,16.0906,14.8659,14.4329,13.961,15.9256,19.1773,20.9266,21.4248,16.6424,17.7207,15.8418,15.0803,15.4233,11.8831,12.8773,11.5478,10.7976
Costa Rica,Crop Residues,Emissions (CO2eq) (AR5),kilotonnes,20.4706,16.8738,14.7266,15.2069,16.0906,14.8659,14.4329,13.961,15.9256,19.1773,20.9266,21.4248,16.6424,17.7207,15.8418,15.0803,15.4233,11.8831,12.8773,11.5478,10.7976
Costa Rica,Rice Cultivation,Emissions (CH4),kilotonnes,1.914,1.5951,1.341,1.5132,1.7392,1.547,1.3686,1.3231,1.5135,1.7732,2.2391,2.2064,1.5827,1.8591,1.2862,1.3691,1.35,1.0732,1.083,0.974,1.049
Costa Rica,Rice Cultivation,Emissions (CO2eq) from CH4 (AR5),kilotonnes,53.5919,44.6621,37.5481,42.3705,48.6982,43.3152,38.3204,37.0456,42.3776,49.6499,62.6949,61.78,44.3156,52.056,36.013,38.336,37.7998,30.0507,30.3251,27.2707,29.3733
Costa Rica,Rice Cultivation,Emissions (CO2eq) (AR5),kilotonnes,53.5919,44.6621,37.5481,42.3705,48.6982,43.3152,38.3204,37.0456,42.3776,49.6499,62.6949,61.78,44.3156,52.056,36.013,38.336,37.7998,30.0507,30.3251,27.2707,29.3733
Costa Rica,Burning - Crop residues,Emissions (CH4),kilotonnes,0.2119,0.1896,0.1737,0.1891,0.1961,0.1835,0.183,0.1932,0.1959,0.2181,0.2425,0.2401,0.2052,0.2266,0.1959,0.1977,0.1998,0.1817,0.1855,0.174,0.1751
Costa Rica,Burning - Crop residues,Emissions (CH4),kilotonnes,0.094,,,,,,,,,,,,,,,,,,,,
Costa Rica,Burning - Crop residues,Emissions (N2O),kilotonnes,0.0055,0.0049,0.0045,0.0049,0.0051,0.0048,0.0047,0.005,0.0051,0.0057,0.0063,0.0062,0.0053,0.0059,0.0051,0.0051,0.0052,0.0047,0.0048,0.0045,0.0045
Costa Rica,Burning - Crop residues,Emissions (N2O),kilotonnes,0.0006,,,,,0.0004,,,,,,,,,,,,,,,
Costa Rica,Burning - Crop residues,Emissions (CO2eq) from CH4 (AR5),kilotonnes,5.934,5.3076,4.8624,5.2959,5.4909,5.1367,5.1248,5.4107,5.4844,6.1057,6.7893,6.7216,5.7451,6.3451,5.4864,5.5361,5.5939,5.0866,5.1941,4.8707,4.9025
Costa Rica,Burning - Crop residues,Emissions (CO2eq) from CH4 (AR5),kilotonnes,2.632,,,,,,,,,,,,,,,,,,,,
Costa Rica,Burning - Crop residues,Emissions (CO2eq) from N2O (AR5),kilotonnes,1.456,1.3023,1.1931,1.2995,1.3473,1.2604,1.2575,1.3276,1.3457,1.4982,1.6659,1.6493,1.4097,1.5569,1.3462,1.3584,1.3726,1.2481,1.2745,1.1951,1.2029
Costa Rica,Burning - Crop residues,Emissions (CO2eq) from N2O (AR5),kilotonnes,0.159,,,,,0.106,,,,,,,,,,,,,,,
Costa Rica,Burning - Crop residues,Emissions (CO2eq) (AR5),kilotonnes,7.3901,6.61,6.0555,6.5954,6.8382,6.3971,6.3822,6.7383,6.8301,7.6039,8.4551,8.3709,7.1548,7.9019,6.8326,6.8944,6.9664,6.3347,6.4686,6.0659,6.1054
Costa Rica,Burning - Crop residues,Emissions (CO2eq) (AR5),kilotonnes,2.791,,,,,0.106,,,,,,,,,,,,,,,
Costa Rica,Enteric Fermentation,Emissions (CH4),kilotonnes,86.9472,83.2689,79.7433,76.0962,72.2534,76.071,73.7992,80.3515,85.1741,86.3448,86.9128,89.8622,86.9704,88.2816,88.4107,88.8048,94.0545,98.9465,104.8877,107.8391,96.2559
Costa Rica,Enteric Fermentation,Emissions (CH4),kilotonnes,85.1,,,,,88.7,,,,,,,,,,,,,,,
Costa Rica,Enteric Fermentation,Emissions (CO2eq) from CH4 (AR5),kilotonnes,2434.5216,2331.5292,2232.811,2130.6936,2023.0952,2129.988,2066.379,2249.842,2384.8748,2417.653,2433.5595,2516.143,2435.1712,2471.8848,2475.4996,2486.5357,2633.5268,2770.5023,2936.8547,3019.4954,2695.1654
Costa Rica,Enteric Fermentation,Emissions (CO2eq) from CH4 (AR5),kilotonnes,2382.8,,,,,2483.6,,,,,,,,,,,,,,,
Costa Rica,Enteric Fermentation,Emissions (CO2eq) (AR5),kilotonnes,2434.5216,2331.5292,2232.811,2130.6936,2023.0952,2129.988,2066.379,2249.842,2384.8748,2417.653,2433.5595,2516.143,2435.1712,2471.8848,2475.4996,2486.5357,2633.5268,2770.5023,2936.8547,3019.4954,2695.1654
Costa Rica,Enteric Fermentation,Emissions (CO2eq) (AR5),kilotonnes,2382.8,,,,,2483.6,,,,,,,,,,,,,,,
Costa Rica,Manure Management,Emissions (CH4),kilotonnes,2.1758,2.1269,2.0941,2.057,2.0091,2.0982,2.1293,2.3395,2.4169,2.3969,2.4825,2.4582,2.4446,2.432,2.462,2.4861,2.5401,2.6016,2.6619,2.7872,2.5375
Costa Rica,Manure Management,Emissions (CH4),kilotonnes,0.2,,,,,0.4,,,,,,,,,,,,,,,
Costa Rica,Manure Management,Emissions (N2O),kilotonnes,0.1446,0.1519,0.158,0.1621,0.1683,0.1722,0.1832,0.2074,0.2108,0.2082,0.2017,0.2102,0.2166,0.22,0.2275,0.2318,0.2228,0.2163,0.2044,0.2247,0.2114
Costa Rica,Manure Management,Emissions (CO2eq) from CH4 (AR5),kilotonnes,60.9238,59.5533,58.6336,57.5954,56.2558,58.7506,59.6216,65.5056,67.6722,67.1121,69.5103,68.831,68.4484,68.0951,68.9352,69.6119,71.1217,72.844,74.5324,78.0409,71.05
Costa Rica,Manure Management,Emissions (CO2eq) from CH4 (AR5),kilotonnes,5.6,,,,,11.2,,,,,,,,,,,,,,,
Costa Rica,Manure Management,Emissions (CO2eq) from N2O (AR5),kilotonnes,38.3161,40.2506,41.8568,42.9561,44.5892,45.62,48.5444,54.9609,55.8547,55.1815,53.4596,55.7143,57.4041,58.3051,60.2998,61.4315,59.0352,57.3122,54.1725,59.5371,56.0244
Costa Rica,Manure Management,Emissions (CO2eq) (AR5),kilotonnes,99.2399,99.8039,100.4904,100.5515,100.845,104.3705,108.166,120.4665,123.5269,122.2936,122.9699,124.5453,125.8525,126.4002,129.235,131.0435,130.1569,130.1562,128.7049,137.578,127.0744
Costa Rica,Manure Management,Emissions (CO2eq) (AR5),kilotonnes,5.6,,,,,11.2,,,,,,,,,,,,,,,
Costa Rica,Manure left on Pasture,Direct emissions (N2O),kilotonnes,1.6188,1.5271,1.4379,1.3527,1.265,1.3547,1.294,1.4074,1.5137,1.5116,1.6465,1.5596,1.5048,1.4666,1.4675,1.4672,1.5662,1.6717,1.8006,1.8652,1.6111
Costa Rica,Manure left on Pasture,Indirect emissions (N2O),kilotonnes,0.3603,0.3408,0.322,0.3041,0.2853,0.3043,0.2915,0.3162,0.3391,0.3388,0.3676,0.3492,0.3377,0.3296,0.3298,0.3298,0.3508,0.3734,0.4008,0.4147,0.3607
Costa Rica,Manure left on Pasture,Emissions (N2O),kilotonnes,1.9791,1.8679,1.7599,1.6568,1.5503,1.659,1.5855,1.7236,1.8528,1.8503,2.014,1.9088,1.8426,1.7962,1.7974,1.7969,1.9169,2.0451,2.2014,2.2799,1.9718
Costa Rica,Manure left on Pasture,Emissions (CO2eq) from N2O (AR5),kilotonnes,524.4672,494.9924,466.3837,439.0431,410.8235,439.6355,420.1497,456.7507,490.9855,490.3341,533.7146,505.8411,488.281,475.9962,476.3049,476.189,507.9915,541.9505,583.37,604.1707,522.5261
Costa Rica,Manure left on Pasture,Emissions (CO2eq) (AR5),kilotonnes,524.4672,494.9924,466.3837,439.0431,410.8235,439.6355,420.1497,456.7507,490.9855,490.3341,533.7146,505.8411,488.281,475.9962,476.3049,476.189,507.9915,541.9505,583.37,604.1707,522.5261
Costa Rica,Manure applied to Soils,Direct emissions (N2O),kilotonnes,0.4129,0.4236,0.441,0.453,0.4587,0.4607,0.4916,0.5389,0.5357,0.5441,0.4737,0.5687,0.571,0.6134,0.6212,0.6324,0.6394,0.637,0.6305,0.6466,0.6353
Costa Rica,Manure applied to Soils,Indirect emissions (N2O),kilotonnes,0.1755,0.18,0.1874,0.1925,0.1949,0.1958,0.2089,0.2291,0.2277,0.2313,0.2013,0.2417,0.2427,0.2607,0.264,0.2688,0.2717,0.2707,0.268,0.2748,0.27
Costa Rica,Manure applied to Soils,Emissions (N2O),kilotonnes,0.5884,0.6036,0.6284,0.6455,0.6536,0.6565,0.7005,0.768,0.7633,0.7754,0.675,0.8103,0.8136,0.8741,0.8852,0.9012,0.9112,0.9078,0.8984,0.9215,0.9052
Costa Rica,Manure applied to Soils,Emissions (CO2eq) from N2O (AR5),kilotonnes,155.9359,159.9582,166.5337,171.0564,173.1983,173.97,185.6362,203.5193,202.2759,205.4758,178.8662,214.7417,215.6107,231.6356,234.5792,238.8159,241.4557,240.5653,238.0831,244.1887,239.8867
Costa Rica,Manure applied to Soils,Emissions (CO2eq) (AR5),kilotonnes,155.9359,159.9582,166.5337,171.0564,173.1983,173.97,185.6362,203.5193,202.2759,205.4758,178.8662,214.7417,215.6107,231.6356,234.5792,238.8159,241.4557,240.5653,238.0831,244.1887,239.8867
Costa Rica,Synthetic Fertilizers,Direct emissions (N2O),kilotonnes,1.0686,0.8364,0.863,1.2163,0.9912,1.0689,1.1241,1.1653,1.2813,0.713,0.9618,1.4867,1.3808,1.4139,1.2245,1.3385,1.5548,1.426,1.5119,1.4658,1.4885
Costa Rica,Synthetic Fertilizers,Indirect emissions (N2O),kilotonnes,0.3473,0.2718,0.2805,0.3953,0.3221,0.3474,0.3653,0.3787,0.4164,0.2317,0.3126,0.4832,0.4488,0.4595,0.398,0.435,0.5053,0.4634,0.4914,0.4764,0.4838
Costa Rica,Synthetic Fertilizers,Emissions (N2O),kilotonnes,1.4159,1.1082,1.1435,1.6116,1.3133,1.4163,1.4894,1.544,1.6977,0.9447,1.2744,1.9699,1.8296,1.8735,1.6225,1.7735,2.0601,1.8894,2.0033,1.9422,1.9723
Costa Rica,Synthetic Fertilizers,Emissions (CO2eq) from N2O (AR5),kilotonnes,375.2021,293.6674,303.016,427.0617,348.0223,375.3134,394.7039,409.1629,449.8993,250.3575,337.707,522.0108,484.8478,496.4676,429.9509,469.9823,545.9384,500.6871,530.8665,514.6959,522.6572
Costa Rica,Synthetic Fertilizers,Emissions (CO2eq) (AR5),kilotonnes,375.2021,293.6674,303.016,427.0617,348.0223,375.3134,394.7039,409.1629,449.8993,250.3575,337.707,522.0108,484.8478,496.4676,429.9509,469.9823,545.9384,500.6871,530.8665,514.6959,522.6572
Costa Rica,Drained organic soils,Emissions (CO2eq) (AR5),kilotonnes,127.3793,127.3793,121.5927,118.5687,118.5687,118.5687,118.5687,118.5687,118.5687,118.5687,118.5687,118.5687,118.5687,118.5687,104.5357,104.5357,104.5357,104.0241,99.0962,72.2621,72.2621
Costa Rica,Drained organic soils (CO2),Emissions (CO2),kilotonnes,121.5115,121.5115,115.9346,113.0417,113.0417,113.0417,113.0417,113.0417,113.0417,113.0417,113.0417,113.0417,113.0417,113.0417,99.5768,99.5768,99.5768,99.1089,94.3995,68.7554,68.7554
Costa Rica,Drained organic soils (CO2),Emissions (CO2eq) (AR5),kilotonnes,121.5115,121.5115,115.9346,113.0417,113.0417,113.0417,113.0417,113.0417,113.0417,113.0417,113.0417,113.0417,113.0417,113.0417,99.5768,99.5768,99.5768,99.1089,94.3995,68.7554,68.7554
Costa Rica,Drained organic soils (N2O),Emissions (N2O),kilotonnes,0.0221,0.0221,0.0214,0.0209,0.0209,0.0209,0.0209,0.0209,0.0209,0.0209,0.0209,0.0209,0.0209,0.0209,0.0187,0.0187,0.0187,0.0185,0.0177,0.0132,0.0132
Costa Rica,Drained organic soils (N2O),Emissions (CO2eq) from N2O (AR5),kilotonnes,5.8678,5.8678,5.6581,5.527,5.527,5.527,5.527,5.527,5.527,5.527,5.527,5.527,5.527,5.527,4.9589,4.9589,4.9589,4.9152,4.6967,3.5068,3.5068
Costa Rica,Drained organic soils (N2O),Emissions (CO2eq) (AR5),kilotonnes,5.8678,5.8678,5.6581,5.527,5.527,5.527,5.527,5.527,5.527,5.527,5.527,5.527,5.527,5.527,4.9589,4.9589,4.9589,4.9152,4.6967,3.5068,3.5068
Costa Rica,On-farm energy use,Emissions (CH4),kilotonnes,0.0772,0.1149,0.0948,0.1129,0.0718,0.0398,0.0407,0.045,0.0239,0.0249,0.0245,0.0337,0.029,0.0337,0.0356,0.026,0.0316,0.0372,0.0258,0.025,0.025
Costa Rica,On-farm energy use,Emissions (N2O),kilotonnes,0.1343,0.1468,0.1169,0.1208,0.0429,0.0497,0.0508,0.0446,0.0399,0.0381,0.0402,0.0454,0.0478,0.0478,0.0479,0.0493,0.0543,0.057,0.0472,0.0471,0.0471
Costa Rica,On-farm energy use,Emissions (CO2),kilotonnes,402.6515,445.6481,354.7896,374.0661,166.8482,160.0473,162.9417,147.7102,122.7526,118.0345,123.7733,140.6654,144.882,147.1711,148.6564,148.3599,165.5622,174.949,144.3174,143.7938,143.7938
Costa Rica,On-farm energy use,Emissions (CO2eq) from CH4 (AR5),kilotonnes,2.1615,3.2168,2.6551,3.1609,2.0091,1.1142,1.139,1.2614,0.6704,0.6977,0.6864,0.9448,0.8115,0.9445,0.996,0.7275,0.8844,1.0418,0.7235,0.6996,0.6996
Costa Rica,On-farm energy use,Emissions (CO2eq) from N2O (AR5),kilotonnes,35.5857,38.9066,30.9704,32.009,11.3677,13.1732,13.4505,11.8249,10.5759,10.0977,10.6626,12.0377,12.6629,12.6622,12.6914,13.0725,14.3777,15.1162,12.5203,12.4875,12.4875
Costa Rica,On-farm energy use,Emissions (CO2eq) (AR5),kilotonnes,440.3987,487.7715,388.4152,409.236,180.225,174.3347,177.5312,160.7965,133.999,128.8299,135.1223,153.6479,158.3564,160.7779,162.3438,162.16,180.8244,191.107,157.5612,156.9808,156.9808
Costa Rica,Forestland,Emissions (CO2),kilotonnes,-909.3333,-909.3333,-909.3333,-909.3333,-909.3333,-909.3333,-909.3333,-909.3333,-909.3333,-909.3333,-909.3333,-7441.0747,-7441.0747,-7441.0747,-7441.0747,-7441.0747,-7441.984,-7441.984,-7441.984,-7441.984,-7441.984
Costa Rica,Forestland,Emissions (CO2eq) (AR5),kilotonnes,-909.3333,-909.3333,-909.3333,-909.3333,-909.3333,-909.3333,-909.3333,-909.3333,-909.3333,-909.3333,-909.3333,-7441.0747,-7441.0747,-7441.0747,-7441.0747,-7441.0747,-7441.984,-7441.984,-7441.984,-7441.984,-7441.984
Costa Rica,Net Forest conversion,Emissions (CO2),kilotonnes,3190.8507,273.7093,273.7093,273.7093,273.7093,273.7093,273.7093,273.7093,273.7093,273.7093,273.7093,0,0,0,0,0,0,0,0,0,0
Costa Rica,Net Forest conversion,Emissions (CO2eq) (AR5),kilotonnes,3190.8507,273.7093,273.7093,273.7093,273.7093,273.7093,273.7093,273.7093,273.7093,273.7093,273.7093,0,0,0,0,0,0,0,0,0,0
Costa Rica,Savanna fires,Emissions (CH4),kilotonnes,0.091,0.3146,0.1845,0.3305,0.2893,0.1713,0.1222,0.1927,0.1435,0.1533,0.187,0.0655,0.1963,0.4444,0.3302,0.2918,0.4666,0.2498,0.3141,0.2809,0.2158
Costa Rica,Savanna fires,Emissions (N2O),kilotonnes,0.0083,0.0287,0.0168,0.0302,0.0264,0.0156,0.0112,0.0176,0.0131,0.014,0.0171,0.006,0.0179,0.0406,0.0301,0.0266,0.0426,0.0228,0.0287,0.0256,0.0197
Costa Rica,Savanna fires,Emissions (CO2eq) from CH4 (AR5),kilotonnes,2.5472,8.8099,5.1655,9.2546,8.0992,4.795,3.4225,5.3943,4.0171,4.2936,5.2362,1.8353,5.4952,12.4438,9.2452,8.1708,13.0659,6.993,8.796,7.8644,6.0438
Costa Rica,Savanna fires,Emissions (CO2eq) from N2O (AR5),kilotonnes,2.2011,7.6129,4.4637,7.9972,6.9988,4.1435,2.9575,4.6614,3.4713,3.7102,4.5248,1.586,4.7486,10.7531,7.9891,7.0606,11.2907,6.0429,7.6009,6.7959,5.2226
Costa Rica,Savanna fires,Emissions (CO2eq) (AR5),kilotonnes,4.7483,16.4228,9.6292,17.2517,15.098,8.9385,6.3799,10.0557,7.4884,8.0038,9.761,3.4213,10.2438,23.1969,17.2343,15.2314,24.3566,13.036,16.3969,14.6603,11.2664
Costa Rica,Fires in organic soils,Emissions (CH4),kilotonnes,0,0,0,0,0,0,0,0,0,0,0,0,0,0,0,0,0,0,0,0,0
Costa Rica,Fires in organic soils,Emissions (CO2),kilotonnes,0,0,0,0,0,0,0,0,0,0,0,0,0,0,0,0,0,0,0,0,0
Costa Rica,Fires in organic soils,Emissions (CO2eq) from CH4 (AR5),kilotonnes,0,0,0,0,0,0,0,0,0,0,0,0,0,0,0,0,0,0,0,0,0
Costa Rica,Fires in organic soils,Emissions (CO2eq) (AR5),kilotonnes,0,0,0,0,0,0,0,0,0,0,0,0,0,0,0,0,0,0,0,0,0
Costa Rica,Forest fires,Emissions (CH4),kilotonnes,0.723,0.6212,0.2705,0.5377,0.2415,0.0815,0.0234,0.9219,0.016,0.206,0.2676,0.0106,0.7395,0.8962,0.326,1.3604,1.3219,0.3971,0.5942,0.987,0.9883
Costa Rica,Forest fires,Emissions (N2O),kilotonnes,0.0213,0.0567,0.0247,0.0491,0.022,0.0074,0.0021,0.0842,0.0015,0.0188,0.0244,0.001,0.0675,0.0818,0.0298,0.1242,0.1207,0.0363,0.0543,0.0901,0.0902
Costa Rica,Forest fires,Emissions (CO2eq) from CH4 (AR5),kilotonnes,20.2451,17.3927,7.5751,15.0557,6.7619,2.2817,0.6551,25.8122,0.4469,5.7681,7.4925,0.298,20.7058,25.0939,9.1294,38.0916,37.0141,11.1181,16.6388,27.6354,27.6737
Costa Rica,Forest fires,Emissions (CO2eq) from N2O (AR5),kilotonnes,5.6355,15.0296,6.5459,13.0101,5.8432,1.9717,0.5661,22.3051,0.3862,4.9844,6.4745,0.2575,17.8925,21.6844,7.889,32.9161,31.985,9.6074,14.3781,23.8806,23.9137
Costa Rica,Forest fires,Emissions (CO2eq) (AR5),kilotonnes,25.8806,32.4223,14.121,28.0659,12.6051,4.2533,1.2211,48.1173,0.8331,10.7525,13.9671,0.5554,38.5983,46.7783,17.0183,71.0077,68.9992,20.7255,31.0169,51.516,51.5873
Costa Rica,Fires in humid tropical forests,Emissions (CH4),kilotonnes,0.6673,0.4948,0.2235,0.4336,0.125,0.0319,0.016,0.8326,0.016,0.0771,0.2527,0.0106,0.3405,0.7475,0.274,1.0853,1.0295,0.2979,0.282,0.9151,0.7901
Costa Rica,Fires in humid tropical forests,Emissions (N2O),kilotonnes,0.0196,0.0452,0.0204,0.0396,0.0114,0.0029,0.0015,0.076,0.0015,0.007,0.0231,0.001,0.0311,0.0683,0.025,0.0991,0.094,0.0272,0.0257,0.0836,0.0721
Costa Rica,Fires in humid tropical forests,Emissions (CO2eq) from CH4 (AR5),kilotonnes,18.6854,13.8539,6.2567,12.1413,3.5008,0.8938,0.4469,23.3141,0.4469,2.1599,7.0762,0.298,9.534,20.9304,7.6721,30.3895,28.826,8.3424,7.8955,25.623,22.1224
Costa Rica,Fires in humid tropical forests,Emissions (CO2eq) from N2O (AR5),kilotonnes,5.2014,11.9715,5.4066,10.4916,3.0251,0.7724,0.3862,20.1465,0.3862,1.8665,6.1148,0.2575,8.2386,18.0866,6.6297,26.2605,24.9094,7.2089,6.8228,22.1416,19.1166
Costa Rica,Fires in humid tropical forests,Emissions (CO2eq) (AR5),kilotonnes,23.8868,25.8254,11.6633,22.6329,6.5259,1.6662,0.8331,43.4606,0.8331,4.0264,13.1909,0.5554,17.7726,39.0171,14.3018,56.65,53.7354,15.5514,14.7183,47.7646,41.239
Costa Rica,Waste - agri-food systems,Emissions (CH4),kilotonnes,49.7547,50.0029,50.1966,50.1487,50.4335,50.6898,50.9466,51.3638,51.6182,51.901,52.2586,52.5283,52.952,53.3089,53.2089,52.8503,53.0233,53.1898,53.343,53.3933,53.3928
Costa Rica,Waste - agri-food systems,Emissions (N2O),kilotonnes,0.1009,0.0986,0.0999,0.1021,0.1038,0.1067,0.1115,0.1159,0.1189,0.122,0.1237,0.1257,0.1249,0.1276,0.1316,0.1321,0.1379,0.1403,0.1421,0.1431,0.1441
Costa Rica,Waste - agri-food systems,Emissions (CO2),kilotonnes,0,0,0,0,0,0,0,0,0,0,0,0,0,0,0,0,0,0,0,0,0
Costa Rica,Waste - agri-food systems,Emissions (CO2eq) from CH4 (AR5),kilotonnes,1393.132,1400.0811,1405.5036,1404.1626,1412.1384,1419.3153,1426.5037,1438.1857,1445.3106,1453.2273,1463.2404,1470.7916,1482.6572,1492.648,1489.8484,1479.8092,1484.6523,1489.3141,1493.6051,1495.012,1494.9985
Costa Rica,Waste - agri-food systems,Emissions (CO2eq) from N2O (AR5),kilotonnes,26.7495,26.1224,26.4745,27.0516,27.5121,28.2651,29.5411,30.712,31.5182,32.3416,32.7739,33.3105,33.0964,33.8114,34.8684,35.0186,36.5359,37.1693,37.6563,37.9308,38.1951
Costa Rica,Waste - agri-food systems,Emissions (CO2eq) (AR5),kilotonnes,1419.8815,1426.2034,1431.9781,1431.2141,1439.6505,1447.5804,1456.0448,1468.8977,1476.8288,1485.5689,1496.0143,1504.1021,1515.7536,1526.4594,1524.7168,1514.8279,1521.1882,1526.4834,1531.2615,1532.9428,1533.1935
Costa Rica,On-farm electricity use,Emissions (CH4),kilotonnes,0.0396,0.0432,0.0456,0.1534,0.2612,0.369,0.397,0.4049,0.3974,0.3915,0.374,0.3735,0.384,0.385,0.3765,0.3797,0.3975,0.4124,0.3926,0.3957,0.3957
Costa Rica,On-farm electricity use,Emissions (N2O),kilotonnes,0.0002,0.0002,0.0002,0.0007,0.0011,0.002,0.0021,0.0022,0.0021,0.0021,0.002,0.002,0.002,0.002,0.002,0.0021,0.0021,0.0022,0.0021,0.0021,0.0021
Costa Rica,On-farm electricity use,Emissions (CO2),kilotonnes,0.2717,0.7266,0.5766,1.9397,3.3028,8.5962,18.2552,24.1309,21.0075,12.9597,17.3611,19.8393,17.3931,17.3084,16.9313,17.073,17.8728,18.5438,17.6505,17.7943,17.7943
Costa Rica,On-farm electricity use,Emissions (CO2eq) from CH4 (AR5),kilotonnes,1.1088,1.2096,1.2768,4.2952,7.3136,10.332,11.116,11.3372,11.1272,10.962,10.472,10.458,10.752,10.78,10.542,10.6316,11.13,11.5472,10.9928,11.0796,11.0796
Costa Rica,On-farm electricity use,Emissions (CO2eq) from N2O (AR5),kilotonnes,0.053,0.053,0.053,0.1855,0.2915,0.53,0.5565,0.583,0.5565,0.5565,0.53,0.53,0.53,0.53,0.53,0.5565,0.5565,0.583,0.5565,0.5565,0.5565
Costa Rica,On-farm electricity use,Emissions (CO2eq) (AR5),kilotonnes,1.4335,1.9892,1.9064,6.4204,10.9079,19.4582,29.9277,36.0511,32.6912,24.4782,28.3631,30.8273,28.6751,28.6184,28.0033,28.2611,29.5593,30.674,29.1998,29.4304,29.4304
Costa Rica,Food Processing,Emissions (CH4),kilotonnes,0,0,0,0,0,1.0455,1.1238,1.1833,1.159,1.0621,0.7359,0.7241,0.7738,0.7739,0.7591,0.765,0.7958,0.8207,0.7867,0.7789,0.7342
Costa Rica,Food Processing,Emissions (N2O),kilotonnes,0,0,0,0,0,0.0086,0.0089,0.0095,0.009,0.0082,0.0065,0.0062,0.0067,0.0064,0.0062,0.0064,0.0067,0.0068,0.0065,0.0064,0.0065
Costa Rica,Food Processing,Emissions (CO2),kilotonnes,0,0,0,0,0,458.5605,492.7377,527.443,497.057,423.1095,431.9995,398.4572,428.1968,388.2774,371.2454,387.5754,419.0807,423.8994,406.2443,396.2908,336.0254
Costa Rica,Food Processing,Emissions (CO2eq) from CH4 (AR5),kilotonnes,0,0,0,0,0,29.274,31.4664,33.1324,32.452,29.7388,20.6052,20.2748,21.6664,21.6692,21.2548,21.42,22.2824,22.9796,22.0276,21.8092,20.5585
Costa Rica,Food Processing,Emissions (CO2eq) from N2O (AR5),kilotonnes,0,0,0,0,0,2.279,2.3585,2.5175,2.385,2.173,1.7225,1.643,1.7755,1.696,1.643,1.696,1.7755,1.802,1.7225,1.696,1.7233
Costa Rica,Food Processing,Emissions (CO2eq) (AR5),kilotonnes,0,0,0,0,0,490.1135,526.5626,563.0929,531.894,455.0213,454.3272,420.375,451.6387,411.6426,394.1432,410.6914,443.1386,448.681,429.9944,419.796,358.3072
Costa Rica,Food Packaging,Emissions (CH4),kilotonnes,0.0234,0.0258,0.0282,0.033,0.0411,0.0393,0.0422,0.0444,0.0435,0.0399,0.1214,0.121,0.1245,0.1249,0.0195,0.0192,0.0201,0.0209,0.0199,0.0656,0.0618
Costa Rica,Food Packaging,Emissions (N2O),kilotonnes,0.0003,0.0003,0.0003,0.0003,0.0003,0.0003,0.0003,0.0003,0.0003,0.0003,0.0009,0.0008,0.0008,0.0009,0.0001,0.0001,0.0001,0.0001,0.0001,0.0004,0.0004
Costa Rica,Food Packaging,Emissions (CO2),kilotonnes,10.1304,10.9024,10.1573,10.6405,12.9305,9.6718,10.7519,11.6418,10.7197,8.6467,32.0972,28.4335,28.9256,32.6766,3.043,2.6824,2.6199,2.9891,2.9529,15.1816,12.8729
Costa Rica,Food Packaging,Emissions (CO2eq) from CH4 (AR5),kilotonnes,0.6552,0.7224,0.7896,0.924,1.1508,1.1004,1.1816,1.2432,1.218,1.1172,3.3992,3.388,3.486,3.4972,0.546,0.5376,0.5628,0.5852,0.5572,1.8368,1.7315
Costa Rica,Food Packaging,Emissions (CO2eq) from N2O (AR5),kilotonnes,0.0795,0.0795,0.0795,0.0795,0.0795,0.0795,0.0795,0.0795,0.0795,0.0795,0.2385,0.212,0.212,0.2385,0.0265,0.0265,0.0265,0.0265,0.0265,0.106,0.1077
Costa Rica,Food Packaging,Emissions (CO2eq) (AR5),kilotonnes,10.8651,11.7043,11.0264,11.644,14.1608,10.8517,12.013,12.9645,12.0172,9.8434,35.7349,32.0335,32.6236,36.4123,3.6155,3.2465,3.2092,3.6008,3.5366,17.1244,14.712
Costa Rica,Food Retail,Emissions (CH4),kilotonnes,0.2786,0.3406,0.3898,0.4236,0.6389,0.5001,0.5378,0.5849,0.6214,0.6416,0.6736,0.6934,0.7318,0.7506,0.7732,0.7978,0.8302,0.8247,0.8537,0.9433,0.8892
Costa Rica,Food Retail,Emissions (N2O),kilotonnes,0.0028,0.003,0.0028,0.0029,0.0027,0.0029,0.003,0.0033,0.0034,0.0036,0.0037,0.0038,0.0039,0.0041,0.0042,0.0043,0.0045,0.0045,0.0046,0.0051,0.0052
Costa Rica,Food Retail,Emissions (CO2),kilotonnes,10.0845,10.5124,11.7144,12.4681,12.6719,36.7899,47.8233,57.9766,56.066,41.3719,53.9922,54.5124,50.1394,50.7633,52.1321,54.1955,57.0187,58.8871,59.7236,68.5971,58.1653
Costa Rica,Food Retail,Emissions (CO2eq) from F-gases (AR5),kilotonnes,28.5725,34.8065,43.1185,50.911,60.262,67.535,75.3275,82.6005,83.6395,84.159,84.6785,84.6785,85.198,85.198,85.198,85.198,91.9515,94.0295,95.588,97.666,101.9123
Costa Rica,Food Retail,Emissions (CO2eq) from CH4 (AR5),kilotonnes,7.802,9.5358,10.915,11.8607,17.8895,14.0028,15.0584,16.3772,17.3992,17.9648,18.8608,19.4152,20.4904,21.0168,21.6496,22.3384,23.2456,23.0916,23.9036,26.4124,24.8977
Costa Rica,Food Retail,Emissions (CO2eq) from N2O (AR5),kilotonnes,0.7474,0.7904,0.742,0.7769,0.7071,0.7685,0.795,0.8745,0.901,0.954,0.9805,1.007,1.0335,1.0865,1.113,1.1395,1.1925,1.1925,1.219,1.3515,1.3732
Costa Rica,Food Retail,Emissions (CO2eq) (AR5),kilotonnes,47.2065,55.6451,66.4898,76.0168,91.5305,119.0962,139.0042,157.8288,158.0057,144.4497,158.512,159.6131,156.8613,158.0646,160.0927,162.8714,173.4083,177.2007,180.4342,194.027,186.3486
Costa Rica,Food Household Consumption,Emissions (CH4),kilotonnes,1.4434,1.4981,1.5792,1.6419,1.6773,1.7536,1.8253,1.8824,1.9176,1.8994,1.9241,1.9407,1.9913,1.9874,2.0163,2.0697,2.1337,2.1666,2.2059,2.2463,2.1175
Costa Rica,Food Household Consumption,Emissions (N2O),kilotonnes,0.0074,0.0071,0.0071,0.0073,0.0074,0.0096,0.0098,0.0103,0.0102,0.0103,0.0104,0.0105,0.0105,0.0107,0.0109,0.0112,0.0115,0.0117,0.0119,0.0121,0.0123
Costa Rica,Food Household Consumption,Emissions (CO2),kilotonnes,81.9632,95.788,112.4627,97.5517,62.4069,98.5059,138.3763,168.7361,159.9128,122.9807,151.9129,165.5298,155.0031,157.3624,164.6196,170.7777,183.4609,185.2426,189.6248,199.9612,169.5524
Costa Rica,Food Household Consumption,Emissions (CO2eq) from CH4 (AR5),kilotonnes,40.4152,41.9468,44.2176,45.9732,46.9644,49.1008,51.1084,52.7072,53.6928,53.1832,53.8748,54.3396,55.7564,55.6472,56.4564,57.9516,59.7436,60.6648,61.7652,62.8964,59.2894
Costa Rica,Food Household Consumption,Emissions (CO2eq) from N2O (AR5),kilotonnes,1.961,1.8815,1.8815,1.9345,1.961,2.544,2.597,2.7295,2.703,2.7295,2.756,2.7825,2.7825,2.8355,2.8885,2.968,3.0475,3.1005,3.1535,3.2065,3.2581
Costa Rica,Food Household Consumption,Emissions (CO2eq) (AR5),kilotonnes,124.3394,139.6163,158.5618,145.4594,111.3323,150.1507,192.0817,224.1728,216.3086,178.8934,208.5437,222.6519,213.542,215.8451,223.9645,231.6973,246.252,249.0079,254.5435,266.0641,232.0999
Costa Rica,Food Transport,Emissions (CH4),kilotonnes,0.0506,0.0503,0.0509,0.0494,0.0476,0.0446,0.0433,0.0436,0.0451,0.0463,0.0479,0.049,0.0507,0.0525,0.0539,0.0581,0.0616,0.0636,0.0645,0.0582,0.0549
Costa Rica,Food Transport,Emissions (N2O),kilotonnes,0.0092,0.0098,0.0107,0.0111,0.0116,0.0115,0.0122,0.0133,0.0138,0.0141,0.0146,0.0151,0.0156,0.0159,0.0163,0.0175,0.0188,0.0193,0.0195,0.0199,0.0202
Costa Rica,Food Transport,Emissions (CO2),kilotonnes,321.66,342.58,380.1461,388.4918,416.86,411.8418,434.0588,467.2828,478.2989,484.8989,499.931,512.0475,526.0712,535.0994,546.0994,582.415,622.8712,635.0949,642.8001,658.2552,558.1519
Costa Rica,Food Transport,Emissions (CO2eq) from CH4 (AR5),kilotonnes,1.4168,1.4084,1.4252,1.3832,1.3328,1.2488,1.2124,1.2208,1.2628,1.2964,1.3412,1.372,1.4196,1.47,1.5092,1.6268,1.7248,1.7808,1.806,1.6296,1.5361
Costa Rica,Food Transport,Emissions (CO2eq) from N2O (AR5),kilotonnes,2.438,2.597,2.8355,2.9415,3.074,3.0475,3.233,3.5245,3.657,3.7365,3.869,4.0015,4.134,4.2135,4.3195,4.6375,4.982,5.1145,5.1675,5.2735,5.3583
Costa Rica,Food Transport,Emissions (CO2eq) (AR5),kilotonnes,325.5148,346.5854,384.4068,392.8165,421.2668,416.1381,438.5042,472.0281,483.2187,489.9318,505.1412,517.421,531.6248,540.7829,551.9281,588.6793,629.578,641.9902,649.7736,665.1583,565.0463
Costa Rica,Energy,Emissions (CH4),kilotonnes,1.98,2.42,2.77,3.01,4.54,4.96,5.8,5.29,4.93,4.22,4.43,3.9,3.63,3.74,3.54,3.46,3.17,3.1,3.07,2.79,2.63
Costa Rica,Energy,Emissions (N2O),kilotonnes,0.278,0.294,0.276,0.289,0.263,0.29,0.316,0.333,0.323,0.319,0.328,0.322,0.328,0.342,0.345,0.346,0.362,0.364,0.362,0.373,0.379
Costa Rica,Energy,Emissions (CO2),kilotonnes,4950,5160,5750,6120,6220,5900,6440,7040,7160,6920,7000,6770,6720,7070,7170,6790,7310,7620,7860,8680,7360
Costa Rica,Energy,Emissions (CO2eq) from CH4 (AR5),kilotonnes,55.44,67.76,77.56,84.28,127.12,138.88,162.4,148.12,138.04,118.16,124.04,109.2,101.64,104.72,99.12,96.88,88.76,86.8,85.96,78.12,73.64
Costa Rica,Energy,Emissions (CO2eq) from N2O (AR5),kilotonnes,73.67,77.91,73.14,76.585,69.695,76.85,83.74,88.245,85.595,84.535,86.92,85.33,86.92,90.63,91.425,91.69,95.93,96.46,95.93,98.845,100.435
Costa Rica,Energy,Emissions (CO2eq) (AR5),kilotonnes,5079.11,5305.67,5900.7,6280.865,6416.815,6115.73,6686.14,7276.365,7383.635,7122.695,7210.96,6964.53,6908.56,7265.35,7360.545,6978.57,7494.69,7803.26,8041.89,8856.965,7534.075
Costa Rica,IPPU,Emissions (N2O),kilotonnes,0.198,0.009,0.009,0.01,0.01,0.01,0.0135,0.0144,0.01,0.0126,0.0135,0.0136,0.0136,0.0136,0.0136,0.0136,0.0136,0.0136,0.0136,0.0144,0.0146
Costa Rica,IPPU,Emissions (CO2),kilotonnes,521,584,600,566,686,888,701,991,917,913,591,633,623,647,661,702,701,778,816,817,817
Costa Rica,IPPU,Emissions (CO2eq) from F-gases (AR5),kilotonnes,27.695,33.3312,39.9391,49.1708,57.9166,68.8002,76.6714,85.1257,93.58,102.0342,109.8083,115.6388,123.4128,131.1869,138.9609,146.7349,154.509,163.2548,171.0288,178.8028,186.5769
Costa Rica,IPPU,Emissions (CO2eq) from N2O (AR5),kilotonnes,52.47,2.3956,2.3956,2.6368,2.6368,2.6368,3.5775,3.816,2.6368,3.339,3.5775,3.604,3.604,3.604,3.604,3.604,3.604,3.604,3.604,3.816,3.869
Costa Rica,IPPU,Emissions (CO2eq) (AR5),kilotonnes,601.165,619.7268,642.3347,617.8075,746.5533,959.437,781.2489,1079.9417,1013.2167,1018.3732,704.3858,752.2428,750.0168,781.7909,803.5649,852.3389,859.113,944.8588,990.6328,999.6188,1007.4459
Costa Rica,Waste,Emissions (CH4),kilotonnes,62.3,65,67.6,70.5,73.3,60.9,58.4,62.4,64.6,66.4,68.7,70.8,73.2,75.2,77.5,79.4,81.2,82.9,84.5,84.9,86.5
Costa Rica,Waste,Emissions (N2O),kilotonnes,0.177,0.18,0.183,0.182,0.185,0.188,0.192,0.199,0.206,0.212,0.216,0.22,0.22,0.223,0.227,0.234,0.241,0.247,0.253,0.255,0.259
Costa Rica,Waste,Emissions (CO2eq) from CH4 (AR5),kilotonnes,1744.4,1820,1892.8,1974,2052.4,1705.2,1635.2,1747.2,1808.8,1859.2,1923.6,1982.4,2049.6,2105.6,2170,2223.2,2273.6,2321.2,2366,2377.2,2422
Costa Rica,Waste,Emissions (CO2eq) from N2O (AR5),kilotonnes,46.905,47.7,48.495,48.23,49.025,49.82,50.88,52.735,54.59,56.18,57.24,58.3,58.3,59.095,60.155,62.01,63.865,65.455,67.045,67.575,68.635
Costa Rica,Waste,Emissions (CO2eq) (AR5),kilotonnes,1791.305,1867.7,1941.295,2022.23,2101.425,1755.02,1686.08,1799.935,1863.39,1915.38,1980.84,2040.7,2107.9,2164.695,2230.155,2285.21,2337.465,2386.655,2433.045,2444.775,2490.635
Costa Rica,Other,Emissions (N2O),kilotonnes,0.186,0.189,0.183,0.187,0.217,0.214,0.238,0.264,0.253,0.244,0.256,0.251,0.25,0.275,0.275,0.246,0.257,0.252,0.253,0.268,0.27
Costa Rica,Other,Emissions (CO2eq) from N2O (AR5),kilotonnes,49.29,50.085,48.495,49.555,57.505,56.71,63.07,69.96,67.045,64.66,67.84,66.515,66.25,72.875,72.875,65.19,68.105,66.78,67.045,71.02,71.55
Costa Rica,Other,Emissions (CO2eq) (AR5),kilotonnes,49.29,50.085,48.495,49.555,57.505,56.71,63.07,69.96,67.045,64.66,67.84,66.515,66.25,72.875,72.875,65.19,68.105,66.78,67.045,71.02,71.55
Costa Rica,Farm-gate emissions,Emissions (CH4),kilotonnes,91.4171,87.61,83.6313,80.299,76.5589,80.1107,77.6431,84.445,89.4677,90.9111,92.0885,94.8663,91.4281,93.2775,92.7206,93.1756,98.6426,103.0899,109.1581,112.0801,100.2584
Costa Rica,Farm-gate emissions,Direct emissions (N2O),kilotonnes,3.1634,2.839,2.7873,3.0688,2.7644,2.9301,2.9542,3.1546,3.3797,2.8278,3.1464,3.6809,3.5079,3.5485,3.362,3.4845,3.8079,3.7713,3.9826,4.0133,3.7681
Costa Rica,Farm-gate emissions,Indirect emissions (N2O),kilotonnes,0.8972,0.8043,0.8001,0.9024,0.8135,0.8578,0.8757,0.9336,0.9942,0.815,0.896,1.089,1.0407,1.0621,1.0028,1.044,1.1386,1.1158,1.1691,1.1739,1.1219
Costa Rica,Farm-gate emissions,Emissions (N2O),kilotonnes,4.3755,3.9979,3.9049,4.31,3.8414,4.051,4.1006,4.3838,4.6636,3.9297,4.3285,5.0586,4.8571,4.9458,4.6942,4.8602,5.29,5.2065,5.4546,5.5024,5.1861
Costa Rica,Farm-gate emissions,Emissions (CO2),kilotonnes,524.163,567.1596,470.7242,487.1077,279.8899,273.0889,275.9834,260.7518,235.7943,231.0761,236.815,253.707,257.9236,260.2128,248.2332,247.9368,265.139,274.0579,238.7169,212.5492,212.5492
Costa Rica,Farm-gate emissions,Emissions (CO2eq) from CH4 (AR5),kilotonnes,2559.68,2453.079,2341.6757,2248.3709,2143.6482,2243.0997,2174.0072,2364.4595,2505.0965,2545.5121,2578.4766,2656.2557,2559.9871,2611.7693,2596.1754,2608.918,2761.9925,2886.5184,3056.4258,3138.2416,2807.2346
Costa Rica,Farm-gate emissions,Emissions (CO2eq) from N2O (AR5),kilotonnes,1159.5027,1059.432,1034.802,1142.1569,1017.9647,1073.5088,1086.6596,1161.6958,1235.8609,1041.3592,1147.0542,1340.5328,1287.1343,1310.6242,1243.9622,1287.9495,1401.8439,1379.7205,1445.4617,1458.1255,1374.3117
Costa Rica,Farm-gate emissions,Emissions (CO2eq) (AR5),kilotonnes,4243.3457,4079.6706,3847.202,3877.6356,3441.5028,3589.6973,3536.6501,3786.9072,3976.7516,3817.9474,3962.3458,4250.4955,4105.0449,4182.6063,4088.3708,4144.8043,4428.9755,4540.2968,4740.6044,4808.9163,4394.0954
Costa Rica,Land Use change,Emissions (CH4),kilotonnes,0.6673,0.4948,0.2235,0.4336,0.125,0.0319,0.016,0.8326,0.016,0.0771,0.2527,0.0106,0.3405,0.7475,0.274,1.0853,1.0295,0.2979,0.282,0.9151,0.7901
Costa Rica,Land Use change,Emissions (N2O),kilotonnes,0.0196,0.0452,0.0204,0.0396,0.0114,0.0029,0.0015,0.076,0.0015,0.007,0.0231,0.001,0.0311,0.0683,0.025,0.0991,0.094,0.0272,0.0257,0.0836,0.0721
Costa Rica,Land Use change,Emissions (CO2),kilotonnes,3190.8507,273.7093,273.7093,273.7093,273.7093,273.7093,273.7093,273.7093,273.7093,273.7093,273.7093,0,0,0,0,0,0,0,0,0,0
Costa Rica,Land Use change,Emissions (CO2eq) from CH4 (AR5),kilotonnes,18.6854,13.8539,6.2567,12.1413,3.5008,0.8938,0.4469,23.3141,0.4469,2.1599,7.0762,0.298,9.534,20.9304,7.6721,30.3895,28.826,8.3424,7.8955,25.623,22.1224
Costa Rica,Land Use change,Emissions (CO2eq) from N2O (AR5),kilotonnes,5.2014,11.9715,5.4066,10.4916,3.0251,0.7724,0.3862,20.1465,0.3862,1.8665,6.1148,0.2575,8.2386,18.0866,6.6297,26.2605,24.9094,7.2089,6.8228,22.1416,19.1166
Costa Rica,Land Use change,Emissions (CO2eq) (AR5),kilotonnes,3214.7375,299.5347,285.3727,296.3422,280.2352,275.3756,274.5424,317.1699,274.5425,277.7357,286.9003,0.5554,17.7726,39.0171,14.3018,56.65,53.7354,15.5514,14.7183,47.7646,41.239
Costa Rica,Emissions on agricultural land,Emissions (CH4),kilotonnes,92.0845,88.1047,83.8547,80.7326,76.6839,80.1426,77.6591,85.2776,89.4837,90.9883,92.3412,94.8769,91.7686,94.025,92.9946,94.261,99.6721,103.3879,109.44,112.9952,101.0485
Costa Rica,Emissions on agricultural land,Emissions (N2O),kilotonnes,4.3951,4.043,3.9253,4.3496,3.8528,4.0539,4.1021,4.4598,4.6651,3.9367,4.3516,5.0596,4.8882,5.014,4.7192,4.9593,5.384,5.2337,5.4803,5.5859,5.2582
Costa Rica,Emissions on agricultural land,Emissions (CO2),kilotonnes,3715.0136,840.8689,744.4336,760.8171,553.5992,546.7982,549.6927,534.4612,509.5036,504.7855,510.5243,253.707,257.9236,260.2128,248.2332,247.9368,265.139,274.0579,238.7169,212.5492,212.5492
Costa Rica,Emissions on agricultural land,Emissions (CO2eq) from CH4 (AR5),kilotonnes,2578.3654,2466.9329,2347.9325,2260.5122,2147.149,2243.9935,2174.4541,2387.7737,2505.5434,2547.672,2585.5528,2656.5536,2569.5211,2632.6998,2603.8475,2639.3075,2790.8185,2894.8608,3064.3213,3163.8647,2829.3569
Costa Rica,Emissions on agricultural land,Emissions (CO2eq) from N2O (AR5),kilotonnes,1164.7041,1071.4036,1040.2086,1152.6485,1020.9898,1074.2812,1087.0457,1181.8423,1236.2471,1043.2257,1153.169,1340.7902,1295.3729,1328.7109,1250.5919,1314.21,1426.7533,1386.9295,1452.2845,1480.2672,1393.4283
Costa Rica,Emissions on agricultural land,Emissions (CO2eq) (AR5),kilotonnes,7458.0832,4379.2053,4132.5747,4173.9778,3721.738,3865.0729,3811.1925,4104.0771,4251.2941,4095.6831,4249.2461,4251.0509,4122.8176,4221.6234,4102.6726,4201.4543,4482.7109,4555.8481,4755.3227,4856.681,4435.3344
Costa Rica,Pre- and post- production,Emissions (CH4),kilotonnes,51.5904,51.9609,52.2903,52.45,53.0996,54.4419,54.916,55.5073,55.8022,55.9818,56.1355,56.43,57.0081,57.3832,57.2074,56.9398,57.2622,57.4987,57.6663,57.8813,57.6461
Costa Rica,Pre- and post- production,Emissions (N2O),kilotonnes,0.1209,0.119,0.121,0.1244,0.1269,0.1416,0.1478,0.1548,0.1577,0.1606,0.1618,0.1641,0.1644,0.1676,0.1713,0.1737,0.1816,0.1849,0.1868,0.1891,0.1908
Costa Rica,Pre- and post- production,Emissions (CO2),kilotonnes,424.1098,460.5094,515.0571,511.0918,508.1721,1023.9661,1142.0032,1257.2112,1223.0619,1093.9674,1187.2939,1178.8197,1205.7292,1181.4875,1154.0708,1214.719,1302.9242,1324.6569,1318.9962,1356.0802,1152.5621
Costa Rica,Pre- and post- production,Emissions (CO2eq) from F-gases (AR5),kilotonnes,28.5725,34.8065,43.1185,50.911,60.262,67.535,75.3275,82.6005,83.6395,84.159,84.6785,84.6785,85.198,85.198,85.198,85.198,91.9515,94.0295,95.588,97.666,101.9123
Costa Rica,Pre- and post- production,Emissions (CO2eq) from CH4 (AR5),kilotonnes,1444.53,1454.9041,1464.1278,1468.5989,1486.7895,1524.3741,1537.6469,1554.2037,1562.4626,1567.4897,1571.7936,1580.0392,1596.228,1606.7284,1601.8064,1594.3152,1603.3415,1609.9633,1614.6575,1620.676,1614.0913
Costa Rica,Pre- and post- production,Emissions (CO2eq) from N2O (AR5),kilotonnes,32.0284,31.5237,32.066,32.9695,33.6251,37.5136,39.1606,41.0205,41.8002,42.5706,42.8704,43.4865,43.5639,44.4114,45.3889,46.0426,48.1164,48.9883,49.5018,50.1208,50.5722
Costa Rica,Pre- and post- production,Emissions (CO2eq) (AR5),kilotonnes,1929.2407,1981.7437,2054.3693,2063.5712,2088.8487,2653.3888,2794.1382,2935.0359,2910.9642,2788.1867,2886.6364,2887.0239,2930.7191,2917.8253,2886.4641,2940.2749,3046.3336,3077.638,3078.7436,3124.543,2919.1379
Costa Rica,Agri-food systems,Emissions (CH4),kilotonnes,143.6748,140.0656,136.145,133.1825,129.7835,134.5846,132.575,140.7849,145.2859,146.9701,148.4767,151.3069,148.7768,151.4081,150.2019,151.2008,156.9343,160.8866,167.1064,170.8765,158.6946
Costa Rica,Agri-food systems,Emissions (N2O),kilotonnes,4.516,4.162,4.0463,4.474,3.9797,4.1955,4.2498,4.6146,4.8228,4.0973,4.5134,5.2237,5.0526,5.1816,4.8905,5.133,5.5655,5.4186,5.6671,5.775,5.4491
Costa Rica,Agri-food systems,Emissions (CO2),kilotonnes,4139.1235,1301.3783,1259.4906,1271.9089,1061.7713,1570.7643,1691.6959,1791.6724,1732.5655,1598.7529,1697.8182,1432.5267,1463.6528,1441.7003,1402.304,1462.6558,1568.0632,1598.7148,1557.7131,1568.6294,1365.1112
Costa Rica,Agri-food systems,Emissions (CO2eq) from F-gases (AR5),kilotonnes,28.5725,34.8065,43.1185,50.911,60.262,67.535,75.3275,82.6005,83.6395,84.159,84.6785,84.6785,85.198,85.198,85.198,85.198,91.9515,94.0295,95.588,97.666,101.9123
Costa Rica,Agri-food systems,Emissions (CO2eq) from CH4 (AR5),kilotonnes,4022.8955,3921.837,3812.0602,3729.1111,3633.9385,3768.3676,3712.101,3941.9773,4068.006,4115.1617,4157.3464,4236.5928,4165.7491,4239.4282,4205.6539,4233.6228,4394.1601,4504.8241,4678.9789,4784.5407,4443.4482
Costa Rica,Agri-food systems,Emissions (CO2eq) from N2O (AR5),kilotonnes,1196.7325,1102.9273,1072.2746,1185.6181,1054.615,1111.7947,1126.2063,1222.8628,1278.0473,1085.7963,1196.0394,1384.2768,1338.9368,1373.1222,1295.9808,1360.2526,1474.8697,1435.9177,1501.7863,1530.3879,1444.0005
Costa Rica,Agri-food systems,Emissions (CO2eq) (AR5),kilotonnes,9387.3239,6360.949,6186.944,6237.549,5810.5868,6518.4617,6605.3307,7039.113,7162.2583,6883.8698,7135.8825,7138.0748,7053.5367,7139.4487,6989.1367,7141.7291,7529.0445,7633.4861,7834.0663,7981.224,7354.4723
Costa Rica,IPCC Agriculture,Emissions (CH4),kilotonnes,91.3399,87.4951,83.5365,80.1861,76.4871,80.0709,77.6024,84.3999,89.4438,90.8862,92.0639,94.8325,91.3991,93.2437,92.685,93.1497,98.611,103.0527,109.1322,112.0551,100.2334
Costa Rica,IPCC Agriculture,Emissions (CH4),kilotonnes,99.594,,,,,100.371,,,,,,,,,,,,,,,
Costa Rica,IPCC Agriculture,Direct emissions (N2O),kilotonnes,3.1634,2.839,2.7873,3.0688,2.7644,2.9301,2.9542,3.1546,3.3797,2.8278,3.1464,3.6809,3.5079,3.5485,3.362,3.4845,3.8079,3.7713,3.9826,4.0133,3.7681
Costa Rica,IPCC Agriculture,Indirect emissions (N2O),kilotonnes,0.8972,0.8043,0.8001,0.9024,0.8135,0.8578,0.8757,0.9336,0.9942,0.815,0.896,1.089,1.0407,1.0621,1.0028,1.044,1.1386,1.1158,1.1691,1.1739,1.1219
Costa Rica,IPCC Agriculture,Emissions (N2O),kilotonnes,4.2412,3.851,3.788,4.1892,3.7985,4.0013,4.0498,4.3391,4.6237,3.8916,4.2883,5.0132,4.8093,4.898,4.6463,4.8109,5.2357,5.1495,5.4073,5.4552,5.139
Costa Rica,IPCC Agriculture,Emissions (N2O),kilotonnes,8.1006,,,,,8.0504,,,,,,,,,,,,,,,
Costa Rica,IPCC Agriculture,Emissions (CO2eq) from CH4 (AR5),kilotonnes,2557.5186,2449.8622,2339.0206,2245.21,2141.6392,2241.9855,2172.8682,2363.1981,2504.426,2544.8144,2577.7902,2655.3109,2559.1755,2610.8248,2595.1794,2608.1905,2761.1081,2885.4766,3055.7023,3137.5421,2806.535
Costa Rica,IPCC Agriculture,Emissions (CO2eq) from CH4 (AR5),kilotonnes,2788.632,,,,,2810.388,,,,,,,,,,,,,,,
Costa Rica,IPCC Agriculture,Emissions (CO2eq) from N2O (AR5),kilotonnes,1123.917,1020.5254,1003.8316,1110.1479,1006.597,1060.3355,1073.2091,1149.8709,1225.285,1031.2615,1136.3916,1328.495,1274.4714,1297.962,1231.2708,1274.8769,1387.4662,1364.6043,1432.9414,1445.6381,1361.8242
Costa Rica,IPCC Agriculture,Emissions (CO2eq) from N2O (AR5),kilotonnes,2146.659,,,,,2133.356,,,,,,,,,,,,,,,
Costa Rica,IPCC Agriculture,Emissions (CO2eq) (AR5),kilotonnes,3681.4355,3470.3876,3342.8523,3355.3579,3148.2362,3302.321,3246.0773,3513.069,3729.711,3576.0758,3714.1818,3983.8059,3833.6469,3908.7868,3826.4502,3883.0674,4148.5743,4250.0809,4488.6437,4583.1801,4168.3592
Costa Rica,IPCC Agriculture,Emissions (CO2eq) (AR5),kilotonnes,4935.291,,,,,4943.744,,,,,,,,,,,,,,,
Costa Rica,Agricultural Soils,Direct emissions (N2O),kilotonnes,3.1634,2.839,2.7873,3.0688,2.7644,2.9301,2.9542,3.1546,3.3797,2.8278,3.1464,3.6809,3.5079,3.5485,3.362,3.4845,3.8079,3.7713,3.9826,4.0133,3.7681
Costa Rica,Agricultural Soils,Indirect emissions (N2O),kilotonnes,0.8972,0.8043,0.8001,0.9024,0.8135,0.8578,0.8757,0.9336,0.9942,0.815,0.896,1.089,1.0407,1.0621,1.0028,1.044,1.1386,1.1158,1.1691,1.1739,1.1219
Costa Rica,Agricultural Soils,Emissions (N2O),kilotonnes,4.0828,3.6655,3.6087,3.9921,3.5987,3.8087,3.8508,4.1091,4.3948,3.6637,4.0632,4.7907,4.5695,4.6315,4.3835,4.5473,4.9652,4.9057,5.1694,5.2004,4.9033
Costa Rica,Agricultural Soils,Emissions (N2O),kilotonnes,8.1,,,,,8.05,,,,,,,,,,,,,,,
Costa Rica,Agricultural Soils,Emissions (CO2eq) from N2O (AR5),kilotonnes,1081.9438,971.3596,956.3181,1057.8952,953.6617,1009.3116,1020.4498,1088.921,1164.6133,970.8716,1076.7414,1269.5455,1210.909,1227.347,1161.6357,1205.0264,1315.7678,1300.0011,1369.8936,1378.1099,1299.3744
Costa Rica,Agricultural Soils,Emissions (CO2eq) from N2O (AR5),kilotonnes,2146.5,,,,,2133.25,,,,,,,,,,,,,,,
Costa Rica,Agricultural Soils,Emissions (CO2eq) (AR5),kilotonnes,1081.9438,971.3596,956.3181,1057.8952,953.6617,1009.3116,1020.4498,1088.921,1164.6133,970.8716,1076.7414,1269.5455,1210.909,1227.347,1161.6357,1205.0264,1315.7678,1300.0011,1369.8936,1378.1099,1299.3744
Costa Rica,Agricultural Soils,Emissions (CO2eq) (AR5),kilotonnes,2146.5,,,,,2133.25,,,,,,,,,,,,,,,
Costa Rica,LULUCF,Emissions (CH4),kilotonnes,0.723,0.6212,0.2705,0.5377,0.2415,0.0815,0.0234,0.9219,0.016,0.206,0.2676,0.0106,0.7395,0.8962,0.326,1.3604,1.3219,0.3971,0.5942,0.987,0.9883
Costa Rica,LULUCF,Emissions (CH4),kilotonnes,4.4,,,,,6.9,,,,,,,,,,,,,,,
Costa Rica,LULUCF,Emissions (N2O),kilotonnes,0.0213,0.0567,0.0247,0.0491,0.022,0.0074,0.0021,0.0842,0.0015,0.0188,0.0244,0.001,0.0675,0.0818,0.0298,0.1242,0.1207,0.0363,0.0543,0.0901,0.0902
Costa Rica,LULUCF,Emissions (N2O),kilotonnes,0.03,,,,,0.05,,,,,,,,,,,,,,,
Costa Rica,LULUCF,Emissions (CO2),kilotonnes,2403.0288,-514.1125,-519.6894,-522.5823,-522.5823,-522.5823,-522.5823,-522.5823,-522.5823,-522.5823,-522.5823,-7328.033,-7328.033,-7328.033,-7341.4978,-7341.4978,-7342.4072,-7342.8751,-7347.5845,-7373.2286,-7373.2286
Costa Rica,LULUCF,Emissions (CO2),kilotonnes,-3262.2,,,,,-3667.7,,,,,,,,,,,,,,,
Costa Rica,LULUCF,Emissions (CO2eq) from CH4 (AR5),kilotonnes,20.2451,17.3927,7.5751,15.0557,6.7619,2.2817,0.6551,25.8122,0.4469,5.7681,7.4925,0.298,20.7058,25.0939,9.1294,38.0916,37.0141,11.1181,16.6388,27.6354,27.6737
Costa Rica,LULUCF,Emissions (CO2eq) from N2O (AR5),kilotonnes,5.6355,15.0296,6.5459,13.0101,5.8432,1.9717,0.5661,22.3051,0.3862,4.9844,6.4745,0.2575,17.8925,21.6844,7.889,32.9161,31.985,9.6074,14.3781,23.8806,23.9137
Costa Rica,LULUCF,Emissions (CO2eq) (AR5),kilotonnes,2428.9094,-481.6903,-505.5684,-494.5165,-509.9772,-518.329,-521.3612,-474.4651,-521.7492,-511.8298,-508.6153,-7327.4776,-7289.4347,-7281.2547,-7324.4795,-7270.4901,-7273.408,-7322.1496,-7316.5676,-7321.7127,-7321.6413
Costa Rica,LULUCF,Emissions (CO2eq) (AR5),kilotonnes,-3262.2,,,,,-3667.7,,,,,,,,,,,,,,,
Costa Rica,AFOLU,Emissions (CH4),kilotonnes,92.063,88.1162,83.807,80.7238,76.7286,80.1524,77.6258,85.3218,89.4597,91.0922,92.3315,94.8432,92.1386,94.14,93.011,94.5101,99.9329,103.4498,109.7265,113.0421,101.2217
Costa Rica,AFOLU,Emissions (N2O),kilotonnes,4.2625,3.9078,3.8127,4.2383,3.8205,4.0087,4.052,4.4233,4.6252,3.9104,4.3127,5.0142,4.8768,4.9798,4.6761,4.9351,5.3564,5.1857,5.4616,5.5454,5.2292
Costa Rica,AFOLU,Emissions (CO2),kilotonnes,2403.0288,-514.1125,-519.6894,-522.5823,-522.5823,-522.5823,-522.5823,-522.5823,-522.5823,-522.5823,-522.5823,-7328.033,-7328.033,-7328.033,-7341.4978,-7341.4978,-7342.4072,-7342.8751,-7347.5845,-7373.2286,-7373.2286
Costa Rica,AFOLU,Emissions (CO2eq) from CH4 (AR5),kilotonnes,2577.7636,2467.2549,2346.5957,2260.2658,2148.4011,2244.2672,2173.5233,2389.0103,2504.873,2550.5825,2585.2828,2655.6089,2579.8813,2635.9187,2604.3088,2646.2821,2798.1223,2896.5946,3072.3411,3165.1775,2834.2087
Costa Rica,AFOLU,Emissions (CO2eq) from N2O (AR5),kilotonnes,1129.5525,1035.5549,1010.3775,1123.158,1012.4402,1062.3072,1073.7752,1172.176,1225.6712,1036.2459,1142.8662,1328.7525,1292.3639,1319.6465,1239.1597,1307.7931,1419.4512,1374.2118,1447.3195,1469.5186,1385.7379
Costa Rica,AFOLU,Emissions (CO2eq) (AR5),kilotonnes,6110.3449,2988.6973,2837.2838,2860.8415,2638.259,2783.992,2724.7161,3038.6039,3207.9618,3064.246,3205.5666,-3343.6717,-3455.7878,-3372.4679,-3498.0293,-3387.4227,-3124.8337,-3072.0687,-2827.9239,-2738.5325,-3153.282
Costa Rica,All sectors with LULUCF,Emissions (CH4),kilotonnes,156.343,155.5362,154.177,154.2338,154.5686,146.0124,141.8258,153.0118,158.9897,161.7122,165.4615,169.5432,168.9686,173.08,174.051,177.3701,184.3029,189.4498,197.2965,200.7321,190.3517
Costa Rica,All sectors with LULUCF,Emissions (N2O),kilotonnes,5.1015,4.5798,4.4638,4.9063,4.4955,4.7107,4.8115,5.2337,5.4171,4.698,5.1262,5.8208,5.6884,5.8334,5.5367,5.7747,6.23,6.0623,6.3432,6.4558,6.1518
Costa Rica,All sectors with LULUCF,Emissions (CO2),kilotonnes,7874.0288,5229.8875,5830.3106,6163.4177,6383.4177,6265.4177,6618.4177,7508.4177,7554.4177,7310.4177,7068.4177,74.967,14.967,388.967,489.5022,150.5022,668.5928,1055.1249,1328.4155,2123.7714,803.7714
Costa Rica,All sectors with LULUCF,Emissions (CO2eq) from F-gases (AR5),kilotonnes,27.695,33.3312,39.9391,49.1708,57.9166,68.8002,76.6714,85.1257,93.58,102.0342,109.8083,115.6388,123.4128,131.1869,138.9609,146.7349,154.509,163.2548,171.0288,178.8028,186.5769
Costa Rica,All sectors with LULUCF,Emissions (CO2eq) from CH4 (AR5),kilotonnes,4377.6036,4355.0149,4316.9557,4318.5458,4327.9211,4088.3472,3971.1233,4284.3303,4451.713,4527.9425,4632.9228,4747.2089,4731.1213,4846.2387,4873.4288,4966.3621,5160.4823,5304.5946,5524.3011,5620.4975,5329.8487
Costa Rica,All sectors with LULUCF,Emissions (CO2eq) from N2O (AR5),kilotonnes,1351.8875,1213.6455,1182.9031,1300.1648,1191.3019,1248.3239,1275.0427,1386.932,1435.5379,1244.9599,1358.4437,1542.5015,1507.4379,1545.8505,1467.2187,1530.2871,1650.9552,1606.5108,1680.9435,1710.7746,1630.2269
Costa Rica,All sectors with LULUCF,Emissions (CO2eq) (AR5),kilotonnes,13631.2149,10831.8791,11370.1085,11831.299,11960.5573,11670.889,11941.255,13264.8056,13535.2485,13185.3543,13169.5923,6480.3161,6376.939,6912.243,6969.1106,6793.8863,7634.5393,8129.4851,8704.6889,9633.8463,7950.4238
Costa Rica,All sectors without LULUCF,Emissions (CH4),kilotonnes,155.6199,154.9151,153.9065,153.6961,154.3271,145.9309,141.8024,152.0899,158.9738,161.5062,165.1939,169.5325,168.2291,172.1837,173.725,176.0097,182.981,189.0527,196.7022,199.7451,189.3634
Costa Rica,All sectors without LULUCF,Emissions (N2O),kilotonnes,5.0802,4.5231,4.4391,4.8572,4.4734,4.7032,4.8093,5.1495,5.4157,4.6792,5.1018,5.8198,5.6209,5.7516,5.5069,5.6505,6.1093,6.0261,6.2889,6.3656,6.0616
Costa Rica,All sectors without LULUCF,Emissions (CO2),kilotonnes,5471,5744,6350,6686,6906,6788,7141,8031,8077,7833,7591,7403,7343,7717,7831,7492,8011,8398,8676,9497,8177
Costa Rica,All sectors without LULUCF,Emissions (CO2eq) from F-gases (AR5),kilotonnes,27.695,33.3312,39.9391,49.1708,57.9166,68.8002,76.6714,85.1257,93.58,102.0342,109.8083,115.6388,123.4128,131.1869,138.9609,146.7349,154.509,163.2548,171.0288,178.8028,186.5769
Costa Rica,All sectors without LULUCF,Emissions (CO2eq) from CH4 (AR5),kilotonnes,4357.3586,4337.6222,4309.3806,4303.49,4321.1592,4086.0655,3970.4682,4258.5181,4451.266,4522.1744,4625.4302,4746.9109,4710.4155,4821.1448,4864.2994,4928.2705,5123.4681,5293.4766,5507.6623,5592.8621,5302.175
Costa Rica,All sectors without LULUCF,Emissions (CO2eq) from N2O (AR5),kilotonnes,1346.252,1198.616,1176.3572,1287.1547,1185.4587,1246.3523,1274.4766,1364.6269,1435.1517,1239.9755,1351.9691,1542.244,1489.5454,1524.166,1459.3298,1497.3709,1618.9702,1596.9033,1666.5654,1686.8941,1606.3132
Costa Rica,All sectors without LULUCF,Emissions (CO2eq) (AR5),kilotonnes,11202.3055,11313.5694,11875.677,12325.8155,12470.5345,12189.218,12462.6162,13739.2707,14056.9977,13697.1841,13678.2076,13807.7937,13666.3738,14193.4977,14293.5901,14064.3764,14907.9473,15451.6347,16021.2565,16955.559,15272.0651
C?e d'Ivoire,Crop Residues,Direct emissions (N2O),kilotonnes,0.2907,0.2929,0.2958,0.2939,0.3003,0.3116,0.3193,0.2899,0.3171,0.3239,0.3949,0.3478,0.5206,0.6048,0.6336,0.7067,0.6688,0.6866,0.6639,0.6396,0.5569
C?e d'Ivoire,Crop Residues,Indirect emissions (N2O),kilotonnes,0.0654,0.0659,0.0665,0.0661,0.0676,0.0701,0.0718,0.0652,0.0714,0.0729,0.0889,0.0783,0.1171,0.1361,0.1426,0.159,0.1505,0.1545,0.1494,0.1439,0.1253
C?e d'Ivoire,Crop Residues,Emissions (N2O),kilotonnes,0.3562,0.3588,0.3623,0.36,0.3678,0.3817,0.3911,0.3552,0.3885,0.3968,0.4838,0.426,0.6377,0.7409,0.7761,0.8658,0.8192,0.841,0.8133,0.7835,0.6822
C?e d'Ivoire,Crop Residues,Emissions (CO2eq) from N2O (AR5),kilotonnes,94.3823,95.0732,96.0127,95.4093,97.4716,101.142,103.6443,94.1157,102.9533,105.1426,128.2076,112.9003,168.9917,196.3451,205.6745,229.424,217.095,222.8753,215.5199,207.6195,180.7831
C?e d'Ivoire,Crop Residues,Emissions (CO2eq) (AR5),kilotonnes,94.3823,95.0732,96.0127,95.4093,97.4716,101.142,103.6443,94.1157,102.9533,105.1426,128.2076,112.9003,168.9917,196.3451,205.6745,229.424,217.095,222.8753,215.5199,207.6195,180.7831
C?e d'Ivoire,Rice Cultivation,Emissions (CH4),kilotonnes,10.4215,10.3999,10.3904,10.3749,10.406,10.7787,11.2924,10.8772,11.1926,11.5172,12.0514,11.5883,20.2628,24.0501,25.1078,25.7596,23.8231,23.8384,22.3571,20.5758,15.8588
C?e d'Ivoire,Rice Cultivation,Emissions (CO2eq) from CH4 (AR5),kilotonnes,291.8032,291.1964,290.9324,290.4983,291.3674,301.8041,316.1872,304.5618,313.3928,322.481,337.4384,324.4713,567.3595,673.4027,703.0183,721.2683,667.0482,667.4746,625.9994,576.123,444.0465
C?e d'Ivoire,Rice Cultivation,Emissions (CO2eq) (AR5),kilotonnes,291.8032,291.1964,290.9324,290.4983,291.3674,301.8041,316.1872,304.5618,313.3928,322.481,337.4384,324.4713,567.3595,673.4027,703.0183,721.2683,667.0482,667.4746,625.9994,576.123,444.0465
C?e d'Ivoire,Burning - Crop residues,Emissions (CH4),kilotonnes,1.3213,1.3043,1.2858,1.2625,1.2992,1.3819,1.4048,1.3887,1.4226,1.4587,1.5051,1.4937,1.8637,2.0463,2.1208,2.6429,2.475,2.5129,2.4884,2.4621,2.3252
C?e d'Ivoire,Burning - Crop residues,Emissions (CH4),kilotonnes,72.12,,,,,,,,,,,,,,,,,,,,
C?e d'Ivoire,Burning - Crop residues,Emissions (N2O),kilotonnes,0.0343,0.0338,0.0333,0.0327,0.0337,0.0358,0.0364,0.036,0.0369,0.0378,0.039,0.0387,0.0483,0.0531,0.055,0.0685,0.0642,0.0651,0.0645,0.0638,0.0603
C?e d'Ivoire,Burning - Crop residues,Emissions (N2O),kilotonnes,2.35,,,,,,,,,,,,,,,,,,,,
C?e d'Ivoire,Burning - Crop residues,Emissions (CO2eq) from CH4 (AR5),kilotonnes,36.9959,36.5211,36.0021,35.3504,36.3767,38.6937,39.3339,38.8835,39.8328,40.8431,42.1436,41.8237,52.1841,57.296,59.3835,74.001,69.2988,70.3607,69.6748,68.9401,65.106
C?e d'Ivoire,Burning - Crop residues,Emissions (CO2eq) from CH4 (AR5),kilotonnes,2019.36,,,,,,,,,,,,,,,,,,,,
C?e d'Ivoire,Burning - Crop residues,Emissions (CO2eq) from N2O (AR5),kilotonnes,9.0777,8.9612,8.8339,8.6739,8.9258,9.4943,9.6514,9.5409,9.7738,10.0217,10.3408,10.2623,12.8044,14.0587,14.5709,18.1577,17.0039,17.2644,17.0961,16.9159,15.9751
C?e d'Ivoire,Burning - Crop residues,Emissions (CO2eq) from N2O (AR5),kilotonnes,622.75,,,,,,,,,,,,,,,,,,,,
C?e d'Ivoire,Burning - Crop residues,Emissions (CO2eq) (AR5),kilotonnes,46.0736,45.4823,44.836,44.0243,45.3024,48.188,48.9852,48.4243,49.6066,50.8647,52.4844,52.086,64.9885,71.3547,73.9544,92.1587,86.3026,87.6251,86.7709,85.8559,81.0811
C?e d'Ivoire,Burning - Crop residues,Emissions (CO2eq) (AR5),kilotonnes,2642.11,,,,,,,,,,,,,,,,,,,,
C?e d'Ivoire,Enteric Fermentation,Emissions (CH4),kilotonnes,56.0822,57.2862,58.5169,59.6305,60.8209,62.0365,63.2774,64.3446,66.0958,67.7487,67.8045,68.8807,68.9977,69.3533,69.617,70.0779,74.7109,78.5578,83.0339,86.1008,89.2728
C?e d'Ivoire,Enteric Fermentation,Emissions (CH4),kilotonnes,232.97,,,,,,,,,,,,,,,,,,,,
C?e d'Ivoire,Enteric Fermentation,Emissions (CO2eq) from CH4 (AR5),kilotonnes,1570.3024,1604.0136,1638.4729,1669.6541,1702.9858,1737.0232,1771.7671,1801.6482,1850.6825,1896.9643,1898.5258,1928.6586,1931.9355,1941.8932,1949.276,1962.1807,2091.9047,2199.6195,2324.949,2410.8212,2499.6373
C?e d'Ivoire,Enteric Fermentation,Emissions (CO2eq) from CH4 (AR5),kilotonnes,6523.16,,,,,,,,,,,,,,,,,,,,
C?e d'Ivoire,Enteric Fermentation,Emissions (CO2eq) (AR5),kilotonnes,1570.3024,1604.0136,1638.4729,1669.6541,1702.9858,1737.0232,1771.7671,1801.6482,1850.6825,1896.9643,1898.5258,1928.6586,1931.9355,1941.8932,1949.276,1962.1807,2091.9047,2199.6195,2324.949,2410.8212,2499.6373
C?e d'Ivoire,Enteric Fermentation,Emissions (CO2eq) (AR5),kilotonnes,6523.16,,,,,,,,,,,,,,,,,,,,
C?e d'Ivoire,Manure Management,Emissions (CH4),kilotonnes,2.6952,2.7759,2.8149,2.8624,2.8919,2.9856,3.0115,3.1292,3.2955,3.3691,3.461,3.4281,3.6488,3.7643,3.853,3.9208,4.1993,4.4498,4.7222,4.9858,5.1405
C?e d'Ivoire,Manure Management,Emissions (CH4),kilotonnes,3.47,,,,,,,,,,,,,,,,,,,,
C?e d'Ivoire,Manure Management,Emissions (N2O),kilotonnes,0.1707,0.1753,0.1803,0.183,0.186,0.1897,0.1922,0.1969,0.2042,0.2089,0.2129,0.2134,0.2211,0.2283,0.2338,0.2356,0.2467,0.2576,0.2671,0.296,0.2817
C?e d'Ivoire,Manure Management,Emissions (N2O),kilotonnes,21.17,,,,,,,,,,,,,,,,,,,,
C?e d'Ivoire,Manure Management,Emissions (CO2eq) from CH4 (AR5),kilotonnes,75.4658,77.7253,78.8171,80.1468,80.9726,83.5968,84.3232,87.6173,92.2734,94.3345,96.9083,95.9863,102.1677,105.4,107.884,109.7815,117.5791,124.595,132.2226,139.6017,143.9353
C?e d'Ivoire,Manure Management,Emissions (CO2eq) from CH4 (AR5),kilotonnes,97.16,,,,,,,,,,,,,,,,,,,,
C?e d'Ivoire,Manure Management,Emissions (CO2eq) from N2O (AR5),kilotonnes,45.225,46.4512,47.7707,48.499,49.2769,50.2779,50.9448,52.1877,54.1153,55.353,56.4144,56.5574,58.5963,60.5107,61.9469,62.4235,65.367,68.2657,70.7875,78.4454,74.6606
C?e d'Ivoire,Manure Management,Emissions (CO2eq) from N2O (AR5),kilotonnes,5610.05,,,,,,,,,,,,,,,,,,,,
C?e d'Ivoire,Manure Management,Emissions (CO2eq) (AR5),kilotonnes,120.6908,124.1765,126.5878,128.6458,130.2495,133.8747,135.268,139.805,146.3887,149.6875,153.3227,152.5437,160.764,165.9107,169.8309,172.2051,182.946,192.8606,203.0101,218.0471,218.596
C?e d'Ivoire,Manure Management,Emissions (CO2eq) (AR5),kilotonnes,5707.21,,,,,,,,,,,,,,,,,,,,
C?e d'Ivoire,Manure left on Pasture,Direct emissions (N2O),kilotonnes,2.4806,2.5315,2.5863,2.6278,2.6729,2.7324,2.7703,2.843,2.9667,3.0364,3.0779,3.0923,3.2026,3.266,3.3118,3.3653,3.5993,3.8028,3.9887,4.1577,4.3267
C?e d'Ivoire,Manure left on Pasture,Indirect emissions (N2O),kilotonnes,0.6364,0.6494,0.6633,0.6744,0.6863,0.7013,0.7118,0.7297,0.7585,0.7761,0.7866,0.7904,0.8145,0.8306,0.842,0.8552,0.9372,1.0075,1.079,1.1346,1.1903
C?e d'Ivoire,Manure left on Pasture,Emissions (N2O),kilotonnes,3.117,3.181,3.2495,3.3021,3.3592,3.4337,3.482,3.5727,3.7252,3.8125,3.8645,3.8827,4.0171,4.0966,4.1538,4.2204,4.5365,4.8103,5.0677,5.2923,5.517
C?e d'Ivoire,Manure left on Pasture,Emissions (CO2eq) from N2O (AR5),kilotonnes,826.01,842.9576,861.1287,875.0689,890.1992,909.9333,922.7429,946.7737,987.1736,1010.3183,1024.0985,1028.9068,1064.5392,1085.5941,1100.763,1118.4176,1202.1676,1274.7216,1342.9389,1402.4696,1462.0001
C?e d'Ivoire,Manure left on Pasture,Emissions (CO2eq) (AR5),kilotonnes,826.01,842.9576,861.1287,875.0689,890.1992,909.9333,922.7429,946.7737,987.1736,1010.3183,1024.0985,1028.9068,1064.5392,1085.5941,1100.763,1118.4176,1202.1676,1274.7216,1342.9389,1402.4696,1462.0001
C?e d'Ivoire,Manure applied to Soils,Direct emissions (N2O),kilotonnes,0.1363,0.1395,0.1432,0.1446,0.1465,0.15,0.1509,0.1555,0.167,0.1712,0.1747,0.1776,0.1908,0.199,0.2051,0.2096,0.2216,0.2326,0.2395,0.2596,0.2573
C?e d'Ivoire,Manure applied to Soils,Indirect emissions (N2O),kilotonnes,0.0579,0.0593,0.0609,0.0615,0.0623,0.0637,0.0641,0.0661,0.071,0.0728,0.0742,0.0755,0.0811,0.0846,0.0872,0.0891,0.0942,0.0988,0.1018,0.1103,0.1093
C?e d'Ivoire,Manure applied to Soils,Emissions (N2O),kilotonnes,0.1942,0.1988,0.2041,0.2061,0.2088,0.2137,0.215,0.2216,0.2379,0.244,0.2489,0.2531,0.2719,0.2835,0.2923,0.2986,0.3157,0.3314,0.3413,0.37,0.3666
C?e d'Ivoire,Manure applied to Soils,Emissions (CO2eq) from N2O (AR5),kilotonnes,51.4621,52.6869,54.0752,54.617,55.3256,56.6418,56.9759,58.7175,63.0531,64.659,65.9707,67.071,72.0626,75.1349,77.4466,79.138,83.6689,87.8229,90.4406,98.0405,97.1453
C?e d'Ivoire,Manure applied to Soils,Emissions (CO2eq) (AR5),kilotonnes,51.4621,52.6869,54.0752,54.617,55.3256,56.6418,56.9759,58.7175,63.0531,64.659,65.9707,67.071,72.0626,75.1349,77.4466,79.138,83.6689,87.8229,90.4406,98.0405,97.1453
C?e d'Ivoire,Synthetic Fertilizers,Direct emissions (N2O),kilotonnes,0.6286,0.4714,0.4716,0.3142,0.6373,0.2543,0.1723,0.4071,0.2767,0.3362,0.4199,0.3966,0.5112,0.5257,0.6944,0.6613,0.7327,0.519,0.5809,1.0302,1.0302
C?e d'Ivoire,Synthetic Fertilizers,Indirect emissions (N2O),kilotonnes,0.2043,0.1532,0.1533,0.1021,0.2071,0.0826,0.056,0.1323,0.0899,0.1093,0.1365,0.1289,0.1661,0.1709,0.2257,0.2149,0.2381,0.1687,0.1888,0.3348,0.3348
C?e d'Ivoire,Synthetic Fertilizers,Emissions (N2O),kilotonnes,0.8329,0.6246,0.6248,0.4163,0.8445,0.3369,0.2282,0.5395,0.3666,0.4455,0.5564,0.5254,0.6773,0.6966,0.9201,0.8762,0.9708,0.6877,0.7697,1.365,1.365
C?e d'Ivoire,Synthetic Fertilizers,Emissions (CO2eq) from N2O (AR5),kilotonnes,220.7071,165.5304,165.58,110.3205,223.786,89.276,60.4848,142.9575,97.1442,118.0563,147.4544,139.2441,179.4948,184.5963,243.8205,232.1833,257.2745,182.2283,203.9688,361.7286,361.7286
C?e d'Ivoire,Synthetic Fertilizers,Emissions (CO2eq) (AR5),kilotonnes,220.7071,165.5304,165.58,110.3205,223.786,89.276,60.4848,142.9575,97.1442,118.0563,147.4544,139.2441,179.4948,184.5963,243.8205,232.1833,257.2745,182.2283,203.9688,361.7286,361.7286
C?e d'Ivoire,Drained organic soils,Emissions (CO2eq) (AR5),kilotonnes,2358.454,2390.4584,2391.8598,2395.4843,2397.1963,2395.0997,2390.4996,2394.5734,2397.0097,2399.9452,2410.3326,2411.5536,2412.2203,2417.2781,2426.6308,2426.6308,2433.7788,2432.5547,2436.3182,2438.6578,2432.9657
C?e d'Ivoire,Drained organic soils (CO2),Emissions (CO2),kilotonnes,2266.2819,2297.0325,2298.3789,2301.8616,2303.4998,2301.4852,2297.0642,2300.9776,2303.3177,2306.1343,2316.1127,2317.2858,2317.9241,2322.7833,2331.7677,2331.7677,2338.6369,2337.4611,2341.0778,2343.3343,2337.865
C?e d'Ivoire,Drained organic soils (CO2),Emissions (CO2eq) (AR5),kilotonnes,2266.2819,2297.0325,2298.3789,2301.8616,2303.4998,2301.4852,2297.0642,2300.9776,2303.3177,2306.1343,2316.1127,2317.2858,2317.9241,2322.7833,2331.7677,2331.7677,2338.6369,2337.4611,2341.0778,2343.3343,2337.865
C?e d'Ivoire,Drained organic soils (N2O),Emissions (N2O),kilotonnes,0.3478,0.3526,0.3528,0.3533,0.3536,0.3533,0.3526,0.3532,0.3536,0.354,0.3555,0.3557,0.3558,0.3566,0.358,0.358,0.359,0.3588,0.3594,0.3597,0.3589
C?e d'Ivoire,Drained organic soils (N2O),Emissions (CO2eq) from N2O (AR5),kilotonnes,92.1721,93.4259,93.4808,93.6227,93.6965,93.6145,93.4355,93.5959,93.692,93.8109,94.2199,94.2678,94.2962,94.4948,94.8631,94.8631,95.1419,95.0936,95.2403,95.3235,95.1007
C?e d'Ivoire,Drained organic soils (N2O),Emissions (CO2eq) (AR5),kilotonnes,92.1721,93.4259,93.4808,93.6227,93.6965,93.6145,93.4355,93.5959,93.692,93.8109,94.2199,94.2678,94.2962,94.4948,94.8631,94.8631,95.1419,95.0936,95.2403,95.3235,95.1007
C?e d'Ivoire,On-farm energy use,Emissions (CH4),kilotonnes,0.0497,0.0497,0.0451,0.0317,0.0331,0.0322,0.0459,0.0445,0.0515,0.0512,0.0438,0.0506,0.0838,0.0952,0.1116,0.1322,0.1612,0.203,0.1802,0.1939,0.1939
C?e d'Ivoire,On-farm energy use,Emissions (N2O),kilotonnes,0.0786,0.0774,0.0723,0.0621,0.0707,0.0792,0.071,0.0857,0.0749,0.0749,0.0771,0.0797,0.1075,0.1102,0.1119,0.1356,0.1413,0.1717,0.1025,0.1006,0.1006
C?e d'Ivoire,On-farm energy use,Emissions (CO2),kilotonnes,306.9797,328.9182,301.916,249.236,266.921,274.7216,270.3796,315.4814,346.0358,317.4364,317.7511,303.308,417.6396,455.2384,494.8087,593.5099,644.7536,776.0975,613.2818,636.9764,636.9764
C?e d'Ivoire,On-farm energy use,Emissions (CO2eq) from CH4 (AR5),kilotonnes,1.3903,1.3908,1.2621,0.8863,0.9281,0.9015,1.2846,1.2466,1.4417,1.4349,1.2261,1.4161,2.3455,2.6653,3.1257,3.7007,4.5127,5.683,5.0448,5.4287,5.4287
C?e d'Ivoire,On-farm energy use,Emissions (CO2eq) from N2O (AR5),kilotonnes,20.8272,20.5003,19.1639,16.4557,18.7404,20.9936,18.8111,22.7054,19.838,19.8408,20.4398,21.127,28.5006,29.2048,29.6441,35.9469,37.4316,45.4988,27.1597,26.6628,26.6628
C?e d'Ivoire,On-farm energy use,Emissions (CO2eq) (AR5),kilotonnes,329.1972,350.8092,322.342,266.5781,286.5895,296.6167,290.4753,339.4334,367.3155,338.7121,339.417,325.8512,448.4858,487.1085,527.5784,633.1575,686.6979,827.2794,645.4863,669.0679,669.0679
C?e d'Ivoire,Forestland,Emissions (CO2),kilotonnes,-151.9237,0,0,0,0,0,0,0,0,0,0,0,0,0,0,0,0,0,0,0,0
C?e d'Ivoire,Forestland,Emissions (CO2eq) (AR5),kilotonnes,-151.9237,0,0,0,0,0,0,0,0,0,0,0,0,0,0,0,0,0,0,0,0
C?e d'Ivoire,Net Forest conversion,Emissions (CO2),kilotonnes,57912.4953,23655.4709,23655.4709,23655.4709,23655.4709,23655.4709,23655.4709,23655.4709,23655.4709,23655.4709,23655.4709,23655.2613,23655.2613,23655.2613,23655.2613,23655.2613,23655.6804,23655.6804,23655.6804,23655.6804,23655.6804
C?e d'Ivoire,Net Forest conversion,Emissions (CO2eq) (AR5),kilotonnes,57912.4953,23655.4709,23655.4709,23655.4709,23655.4709,23655.4709,23655.4709,23655.4709,23655.4709,23655.4709,23655.4709,23655.2613,23655.2613,23655.2613,23655.2613,23655.2613,23655.6804,23655.6804,23655.6804,23655.6804,23655.6804
C?e d'Ivoire,Savanna fires,Emissions (CH4),kilotonnes,40.1846,49.8191,60.8969,57.8094,30.0813,59.9848,52.5278,53.0307,42.7565,37.1554,34.219,39.5088,35.2806,40.9466,22.4466,24.7236,44.5209,24.9907,22.5441,16.9453,23.3074
C?e d'Ivoire,Savanna fires,Emissions (N2O),kilotonnes,3.669,4.5487,5.5601,5.2782,2.7466,5.4769,4.796,4.8419,3.9039,3.3924,3.1243,3.6073,3.2213,3.7386,2.0495,2.2574,4.065,2.2818,2.0584,1.5472,2.1281
C?e d'Ivoire,Savanna fires,Emissions (CO2eq) from CH4 (AR5),kilotonnes,1125.1675,1394.9343,1705.1125,1618.6626,842.2765,1679.5749,1470.7788,1484.8609,1197.1824,1040.3499,958.1321,1106.2458,987.8576,1146.5044,628.5049,692.262,1246.5858,699.7384,631.2351,474.4692,652.6074
C?e d'Ivoire,Savanna fires,Emissions (CO2eq) from N2O (AR5),kilotonnes,972.2914,1205.4052,1473.4396,1398.7356,727.8367,1451.3718,1270.9448,1283.1135,1034.5218,898.998,827.9511,955.9407,853.6378,990.7294,543.1102,598.2046,1077.2128,604.6653,545.4695,410.0033,563.9379
C?e d'Ivoire,Savanna fires,Emissions (CO2eq) (AR5),kilotonnes,2097.4589,2600.3395,3178.552,3017.3981,1570.1132,3130.9466,2741.7236,2767.9744,2231.7042,1939.3479,1786.0832,2062.1865,1841.4954,2137.2338,1171.6152,1290.4666,2323.7986,1304.4037,1176.7046,884.4725,1216.5453
C?e d'Ivoire,Fires in organic soils,Emissions (CH4),kilotonnes,0,0,0,0,0,0,0,0,0,0,0,0,0,0,0,0,0,0,0,0,0
C?e d'Ivoire,Fires in organic soils,Emissions (CO2),kilotonnes,0,0,0,0,0,0,0,0,0,0,0,0,0,0,0,0,0,0,0,0,0
C?e d'Ivoire,Fires in organic soils,Emissions (CO2eq) from CH4 (AR5),kilotonnes,0,0,0,0,0,0,0,0,0,0,0,0,0,0,0,0,0,0,0,0,0
C?e d'Ivoire,Fires in organic soils,Emissions (CO2eq) (AR5),kilotonnes,0,0,0,0,0,0,0,0,0,0,0,0,0,0,0,0,0,0,0,0,0
C?e d'Ivoire,Forest fires,Emissions (CH4),kilotonnes,16.4931,1.5052,0.5502,0.7447,0.9335,0.7261,0.5745,3.0247,0.8431,0.5213,0.2979,0.2341,1.2432,0.266,0.1638,0.2228,1.1729,0.2497,0.0771,0.3163,1.2391
C?e d'Ivoire,Forest fires,Emissions (N2O),kilotonnes,0.4851,0.1374,0.0502,0.068,0.0852,0.0663,0.0525,0.2762,0.077,0.0476,0.0272,0.0214,0.1135,0.0243,0.015,0.0203,0.1071,0.0228,0.007,0.0289,0.1131
C?e d'Ivoire,Forest fires,Emissions (CO2eq) from CH4 (AR5),kilotonnes,461.8062,42.1462,15.4061,20.8529,26.1394,20.3308,16.0861,84.6921,23.6079,14.5965,8.3414,6.5539,34.8103,7.4473,4.5869,6.2388,32.8421,6.9907,2.1597,8.8573,34.6941
C?e d'Ivoire,Forest fires,Emissions (CO2eq) from N2O (AR5),kilotonnes,128.5491,36.4198,13.3128,18.0196,22.5878,17.5685,13.9005,73.1851,20.4003,12.6133,7.208,5.6634,30.0806,6.4354,3.9637,5.3911,28.3799,6.0409,1.8663,7.6538,29.9802
C?e d'Ivoire,Forest fires,Emissions (CO2eq) (AR5),kilotonnes,590.3553,78.5659,28.7189,38.8726,48.7272,37.8993,29.9865,157.8772,44.0082,27.2098,15.5494,12.2172,64.8909,13.8827,8.5506,11.63,61.222,13.0316,4.026,16.5111,64.6743
C?e d'Ivoire,Fires in humid tropical forests,Emissions (CH4),kilotonnes,16.4931,1.5027,0.5453,0.7447,0.9335,0.7261,0.5745,2.9975,0.8431,0.5213,0.2979,0.2341,1.1862,0.266,0.149,0.1782,1.1729,0.2447,0.0771,0.3139,1.2341
C?e d'Ivoire,Fires in humid tropical forests,Emissions (N2O),kilotonnes,0.4851,0.1372,0.0498,0.068,0.0852,0.0663,0.0525,0.2737,0.077,0.0476,0.0272,0.0214,0.1083,0.0243,0.0136,0.0163,0.1071,0.0223,0.007,0.0287,0.1127
C?e d'Ivoire,Fires in humid tropical forests,Emissions (CO2eq) from CH4 (AR5),kilotonnes,461.8062,42.0768,15.2673,20.8529,26.1394,20.3308,16.0861,83.929,23.6079,14.5965,8.3414,6.5539,33.2146,7.4473,4.1706,4.99,32.8421,6.852,2.1597,8.7879,34.5553
C?e d'Ivoire,Fires in humid tropical forests,Emissions (CO2eq) from N2O (AR5),kilotonnes,128.5491,36.3598,13.1929,18.0196,22.5878,17.5685,13.9005,72.5256,20.4003,12.6133,7.208,5.6634,28.7017,6.4354,3.604,4.312,28.3799,5.921,1.8663,7.5939,29.8603
C?e d'Ivoire,Fires in humid tropical forests,Emissions (CO2eq) (AR5),kilotonnes,590.3553,78.4366,28.4602,38.8726,48.7272,37.8993,29.9865,156.4546,44.0082,27.2098,15.5494,12.2172,61.9164,13.8827,7.7746,9.302,61.222,12.773,4.026,16.3818,64.4157
C?e d'Ivoire,Waste - agri-food systems,Emissions (CH4),kilotonnes,129.1689,129.8135,130.6704,131.2842,132.1107,132.9076,133.6685,134.5292,135.5772,136.4773,137.4098,138.3864,139.2313,140.2384,141.1444,141.8606,142.817,143.7957,144.8633,145.883,146.9145
C?e d'Ivoire,Waste - agri-food systems,Emissions (N2O),kilotonnes,0.294,0.305,0.3161,0.3278,0.3403,0.3557,0.364,0.3684,0.3852,0.4003,0.4141,0.4227,0.4407,0.4505,0.426,0.4518,0.475,0.5016,0.5143,0.5274,0.5408
C?e d'Ivoire,Waste - agri-food systems,Emissions (CO2),kilotonnes,0,0,0,0,0,0,0,0,0,0,0,0,0,0,0,0,0,0,0,0,0
C?e d'Ivoire,Waste - agri-food systems,Emissions (CO2eq) from CH4 (AR5),kilotonnes,3616.7296,3634.7767,3658.7715,3675.9575,3699.1003,3721.4123,3742.7182,3766.8178,3796.1611,3821.3639,3847.4736,3874.8204,3898.4751,3926.6754,3952.0428,3972.0963,3998.875,4026.2794,4056.1726,4084.724,4113.6046
C?e d'Ivoire,Waste - agri-food systems,Emissions (CO2eq) from N2O (AR5),kilotonnes,77.899,80.8288,83.7665,86.8757,90.1675,94.2639,96.4686,97.6383,102.08,106.0663,109.7316,112.0023,116.7814,119.3725,112.8882,119.7313,125.8787,132.9184,136.2884,139.7563,143.3001
C?e d'Ivoire,Waste - agri-food systems,Emissions (CO2eq) (AR5),kilotonnes,3694.6286,3715.6055,3742.538,3762.8331,3789.2677,3815.6762,3839.1869,3864.456,3898.2411,3927.4302,3957.2052,3986.8227,4015.2565,4046.0479,4064.931,4091.8275,4124.7537,4159.1979,4192.461,4224.4802,4256.9048
C?e d'Ivoire,On-farm electricity use,Emissions (CH4),kilotonnes,0.0648,0.054,0.0504,0.0504,0.0504,0.0504,0.0504,0.0132,0.096,0.1656,0.1704,0.12,0.1393,0.1587,0.1781,0.1975,0.2168,0.2362,0.2556,0.2711,0.2711
C?e d'Ivoire,On-farm electricity use,Emissions (N2O),kilotonnes,0.0003,0.0003,0.0003,0.0003,0.0003,0.0003,0.0003,0.0001,0.0005,0.0009,0.0009,0.0006,0.0007,0.0009,0.001,0.0012,0.0012,0.0014,0.0015,0.0016,0.0016
C?e d'Ivoire,On-farm electricity use,Emissions (CO2),kilotonnes,20.4907,17.7273,17.1882,16.1351,14.9692,19.2123,16.1866,4.499,35.907,53.9528,65.4237,43.674,50.7243,54.8204,61.5101,68.1998,74.8896,81.5793,88.269,93.6208,93.6208
C?e d'Ivoire,On-farm electricity use,Emissions (CO2eq) from CH4 (AR5),kilotonnes,1.8144,1.512,1.4112,1.4112,1.4112,1.4112,1.4112,0.3696,2.688,4.6368,4.7712,3.36,3.9004,4.4436,4.9868,5.53,6.0704,6.6136,7.1568,7.5908,7.5908
C?e d'Ivoire,On-farm electricity use,Emissions (CO2eq) from N2O (AR5),kilotonnes,0.0795,0.0795,0.0795,0.0795,0.0795,0.0795,0.0795,0.0265,0.1325,0.2385,0.2385,0.159,0.1855,0.2385,0.265,0.318,0.318,0.371,0.3975,0.424,0.424
C?e d'Ivoire,On-farm electricity use,Emissions (CO2eq) (AR5),kilotonnes,22.3846,19.3188,18.6789,17.6258,16.4599,20.703,17.6773,4.8951,38.7275,58.8281,70.4334,47.193,54.8102,59.5025,66.7619,74.0478,81.278,88.5639,95.8233,101.6356,101.6356
C?e d'Ivoire,Food Processing,Emissions (CH4),kilotonnes,0,0,0,0,0,0,0,0.4416,0.4116,0.4434,0.4766,0.5861,0.772,0.8468,0.8396,0.8956,0.972,0.9703,0.6936,0.6936,0.7145
C?e d'Ivoire,Food Processing,Emissions (N2O),kilotonnes,0,0,0,0,0,0,0,0.0033,0.0021,0.004,0.0033,0.0043,0.0055,0.0065,0.0067,0.0069,0.0076,0.0074,0.005,0.005,0.0051
C?e d'Ivoire,Food Processing,Emissions (CO2),kilotonnes,0,0,0,0,0,0,0,150.512,153.9513,739.0643,661.5277,756.3831,741.2473,1007.0431,1036.9266,1038.0884,1272.3441,1181.5335,658.082,658.082,663.3049
C?e d'Ivoire,Food Processing,Emissions (CO2eq) from CH4 (AR5),kilotonnes,0,0,0,0,0,0,0,12.3648,11.5248,12.4152,13.3448,16.4108,21.616,23.7104,23.5088,25.0768,27.216,27.1684,19.4208,19.4208,20.0049
C?e d'Ivoire,Food Processing,Emissions (CO2eq) from N2O (AR5),kilotonnes,0,0,0,0,0,0,0,0.8745,0.5565,1.06,0.8745,1.1395,1.4575,1.7225,1.7755,1.8285,2.014,1.961,1.325,1.325,1.3485
C?e d'Ivoire,Food Processing,Emissions (CO2eq) (AR5),kilotonnes,0,0,0,0,0,0,0,163.7513,166.0326,752.5395,675.747,773.9334,764.3208,1032.476,1062.2109,1064.9937,1301.5741,1210.6629,678.8278,678.8278,684.6582
C?e d'Ivoire,Food Packaging,Emissions (CH4),kilotonnes,0.0558,0.0831,0.0866,0.2308,0.3334,0.3687,0.3831,0.4324,0.4539,0.4543,0.6775,0.8078,0.7695,0.8746,1.024,1.0948,1.3207,1.2871,1.3111,1.1624,1.1974
C?e d'Ivoire,Food Packaging,Emissions (N2O),kilotonnes,0.0002,0.0003,0.0003,0.0005,0.0009,0.0009,0.0009,0.001,0.0009,0.0009,0.0011,0.0016,0.0018,0.0018,0.0023,0.002,0.0024,0.0025,0.0025,0.0023,0.0023
C?e d'Ivoire,Food Packaging,Emissions (CO2),kilotonnes,20.7519,27.1501,27.1702,33.0034,55.4925,60.8473,57.4256,55.8436,56.8367,50.0304,55.8196,48.4063,56.881,51.9483,96.0773,88.9001,94.8148,95.1276,92.4571,91.3478,92.0728
C?e d'Ivoire,Food Packaging,Emissions (CO2eq) from CH4 (AR5),kilotonnes,1.5624,2.3268,2.4248,6.4624,9.3352,10.3236,10.7268,12.1072,12.7092,12.7204,18.97,22.6184,21.546,24.4888,28.672,30.6544,36.9796,36.0388,36.7108,32.5472,33.5261
C?e d'Ivoire,Food Packaging,Emissions (CO2eq) from N2O (AR5),kilotonnes,0.053,0.0795,0.0795,0.1325,0.2385,0.2385,0.2385,0.265,0.2385,0.2385,0.2915,0.424,0.477,0.477,0.6095,0.53,0.636,0.6625,0.6625,0.6095,0.6203
C?e d'Ivoire,Food Packaging,Emissions (CO2eq) (AR5),kilotonnes,22.3673,29.5564,29.6745,39.5983,65.0662,71.4094,68.3909,68.2158,69.7844,62.9893,75.0811,71.4487,78.904,76.9141,125.3588,120.0845,132.4304,131.8289,129.8304,124.5045,126.2191
C?e d'Ivoire,Food Retail,Emissions (CH4),kilotonnes,0.0276,0.047,0.0326,0.0309,0.0281,0.0393,0.0336,0.2208,0.2292,0.2151,0.2108,0.1569,0.2068,0.2123,0.324,0.3526,0.3933,0.3936,0.3912,0.3447,0.3551
C?e d'Ivoire,Food Retail,Emissions (N2O),kilotonnes,0.0001,0.0003,0.0002,0.0002,0.0002,0.0002,0.0002,0.0018,0.0013,0.0013,0.0012,0.0009,0.0012,0.0014,0.002,0.0022,0.0025,0.0025,0.0024,0.0022,0.0022
C?e d'Ivoire,Food Retail,Emissions (CO2),kilotonnes,8.7123,15.4424,11.115,9.8962,8.3329,14.9856,10.7911,100.8753,121.2839,98.6262,110.2764,80.1531,104.7735,109.491,148.4903,165.1784,182.0044,190.3932,150.8361,161.2728,162.5527
C?e d'Ivoire,Food Retail,Emissions (CO2eq) from CH4 (AR5),kilotonnes,0.7728,1.316,0.9128,0.8652,0.7868,1.1004,0.9408,6.1824,6.4176,6.0228,5.9024,4.3932,5.7904,5.9444,9.072,9.8728,11.0124,11.0208,10.9536,9.6516,9.9419
C?e d'Ivoire,Food Retail,Emissions (CO2eq) from N2O (AR5),kilotonnes,0.0265,0.0795,0.053,0.053,0.053,0.053,0.053,0.477,0.3445,0.3445,0.318,0.2385,0.318,0.371,0.53,0.583,0.6625,0.6625,0.636,0.583,0.5933
C?e d'Ivoire,Food Retail,Emissions (CO2eq) (AR5),kilotonnes,9.5116,16.8379,12.0808,10.8144,9.1727,16.139,11.7849,107.5347,128.046,104.9935,116.4968,84.7848,110.8819,115.8064,158.0923,175.6342,193.6793,202.0765,162.4257,171.5074,173.0879
C?e d'Ivoire,Food Household Consumption,Emissions (CH4),kilotonnes,0.591,0.5808,0.5752,0.5212,0.6488,0.61,0.7286,0.7049,0.7408,0.8769,1.0777,0.9662,1.1304,1.1191,1.1388,1.2296,1.3533,1.1649,1.5599,1.5599,1.6068
C?e d'Ivoire,Food Household Consumption,Emissions (N2O),kilotonnes,0.0035,0.004,0.0042,0.0043,0.0051,0.0045,0.0062,0.006,0.0047,0.0056,0.0067,0.0055,0.0065,0.0077,0.0075,0.0075,0.0083,0.0073,0.0098,0.0098,0.01
C?e d'Ivoire,Food Household Consumption,Emissions (CO2),kilotonnes,356.5876,361.2509,375.4494,419.7446,447.4123,424.1351,552.5946,401.0307,511.1596,476.3312,629.9114,501.1923,599.9785,661.2973,660.393,654.1337,736.2971,719.7304,1054.506,1054.506,1062.8751
C?e d'Ivoire,Food Household Consumption,Emissions (CO2eq) from CH4 (AR5),kilotonnes,16.548,16.2624,16.1056,14.5936,18.1664,17.08,20.4008,19.7372,20.7424,24.5532,30.1756,27.0536,31.6512,31.3348,31.8864,34.4288,37.8924,32.6172,43.6772,43.6772,44.9908
C?e d'Ivoire,Food Household Consumption,Emissions (CO2eq) from N2O (AR5),kilotonnes,0.9275,1.06,1.113,1.1395,1.3515,1.1925,1.643,1.59,1.2455,1.484,1.7755,1.4575,1.7225,2.0405,1.9875,1.9875,2.1995,1.9345,2.597,2.597,2.643
C?e d'Ivoire,Food Household Consumption,Emissions (CO2eq) (AR5),kilotonnes,374.0631,378.5733,392.668,435.4777,466.9302,442.4076,574.6384,422.3579,533.1475,502.3684,661.8625,529.7034,633.3522,694.6726,694.2669,690.55,776.389,754.2821,1100.7802,1100.7802,1110.5089
C?e d'Ivoire,Food Transport,Emissions (CH4),kilotonnes,0.017,0.0167,0.0249,0.0137,0.0141,0.0167,0.0214,0.0203,0.0234,0.0246,0.0201,0.0245,0.0399,0.0439,0.0495,0.0577,0.0888,0.0721,0.0737,0.0531,0.0547
C?e d'Ivoire,Food Transport,Emissions (N2O),kilotonnes,0.0069,0.0066,0.0074,0.0055,0.004,0.0043,0.0032,0.0035,0.0045,0.0046,0.0041,0.0034,0.0062,0.0067,0.0073,0.0085,0.0118,0.0106,0.0108,0.0077,0.0078
C?e d'Ivoire,Food Transport,Emissions (CO2),kilotonnes,137.3365,134.195,151.289,111.971,122.3975,131.8075,136.7426,137.2375,166.2655,168.4655,161.1855,174.084,253.9455,266.2555,281.8655,335.991,410.209,381.4015,389.749,311.76,314.2343
C?e d'Ivoire,Food Transport,Emissions (CO2eq) from CH4 (AR5),kilotonnes,0.476,0.4676,0.6972,0.3836,0.3948,0.4676,0.5992,0.5684,0.6552,0.6888,0.5628,0.686,1.1172,1.2292,1.386,1.6156,2.4864,2.0188,2.0636,1.4868,1.5315
C?e d'Ivoire,Food Transport,Emissions (CO2eq) from N2O (AR5),kilotonnes,1.8285,1.749,1.961,1.4575,1.06,1.1395,0.848,0.9275,1.1925,1.219,1.0865,0.901,1.643,1.7755,1.9345,2.2525,3.127,2.809,2.862,2.0405,2.0766
C?e d'Ivoire,Food Transport,Emissions (CO2eq) (AR5),kilotonnes,139.641,136.4116,153.9472,113.8121,123.8523,133.4146,138.1898,138.7334,168.1132,170.3733,162.8348,175.671,256.7057,269.2602,285.186,339.8591,415.8224,386.2293,394.6746,315.2873,317.8424
C?e d'Ivoire,Energy,Emissions (CH4),kilotonnes,137,138,143,143,158,168,174,184,185,179,192,218,224,234,235,237,253,246,249,266,274
C?e d'Ivoire,Energy,Emissions (N2O),kilotonnes,0.604,0.604,0.619,0.593,0.756,0.775,0.782,0.829,0.817,0.78,0.849,0.973,1.05,1.09,1.12,0.974,0.997,1.05,1.05,1.13,1.15
C?e d'Ivoire,Energy,Emissions (CO2),kilotonnes,6650,7670,7460,5300,7400,7580,6900,6660,6720,5670,6230,6570,8550,9690,9910,9570,12000,12000,12300,12600,12700
C?e d'Ivoire,Energy,Emissions (CO2eq) from CH4 (AR5),kilotonnes,3836,3864,4004,4004,4424,4704,4872,5152,5180,5012,5376,6104,6272,6552,6580,6636,7084,6888,6972,7448,7672
C?e d'Ivoire,Energy,Emissions (CO2eq) from N2O (AR5),kilotonnes,160.06,160.06,164.035,157.145,200.34,205.375,207.23,219.685,216.505,206.7,224.985,257.845,278.25,288.85,296.8,258.11,264.205,278.25,278.25,299.45,304.75
C?e d'Ivoire,Energy,Emissions (CO2eq) (AR5),kilotonnes,10646.06,11694.06,11628.035,9461.145,12024.34,12489.375,11979.23,12031.685,12116.505,10888.7,11830.985,12931.845,15100.25,16530.85,16786.8,16464.11,19348.205,19166.25,19550.25,20347.45,20676.75
C?e d'Ivoire,IPPU,Emissions (N2O),kilotonnes,0.0002,0.0002,0.0002,0.0002,0.0002,0.0002,0.0002,0.0002,0.0002,0.0002,0.0002,0.0002,0.0002,0.0002,0.0002,0.0003,0.0003,0.0003,0.0003,0.0003,0.0003
C?e d'Ivoire,IPPU,Emissions (CO2),kilotonnes,219,243,258,309,313,314,363,396,410,340,349,353,355,343,358,384,396,409,421,404,409
C?e d'Ivoire,IPPU,Emissions (CO2eq) from N2O (AR5),kilotonnes,0.0488,0.0496,0.0506,0.0514,0.0525,0.0535,0.0546,0.0557,0.0567,0.058,0.0594,0.061,0.0625,0.0641,0.0657,0.0673,0.0692,0.0708,0.0726,0.0731,0.0747
C?e d'Ivoire,IPPU,Emissions (CO2eq) (AR5),kilotonnes,219.0488,243.0496,258.0506,309.0514,313.0525,314.0535,363.0546,396.0557,410.0567,340.058,349.0594,353.0609,355.0625,343.0641,358.0657,384.0673,396.0692,409.0708,421.0726,404.0731,409.0747
C?e d'Ivoire,Waste,Emissions (CH4),kilotonnes,108,110,112,115,117,120,122,115,116,117,120,123,127,131,136,140,145,149,153,150,153
C?e d'Ivoire,Waste,Emissions (N2O),kilotonnes,0.537,0.549,0.559,0.58,0.602,0.625,0.646,0.663,0.681,0.705,0.73,0.752,0.775,0.8,0.805,0.811,0.829,0.874,0.896,0.908,0.928
C?e d'Ivoire,Waste,Emissions (CO2eq) from CH4 (AR5),kilotonnes,3024,3080,3136,3220,3276,3360,3416,3220,3248,3276,3360,3444,3556,3668,3808,3920,4060,4172,4284,4200,4284
C?e d'Ivoire,Waste,Emissions (CO2eq) from N2O (AR5),kilotonnes,142.305,145.485,148.135,153.7,159.53,165.625,171.19,175.695,180.465,186.825,193.45,199.28,205.375,212,213.325,214.915,219.685,231.61,237.44,240.62,245.92
C?e d'Ivoire,Waste,Emissions (CO2eq) (AR5),kilotonnes,3166.305,3225.485,3284.135,3373.7,3435.53,3525.625,3587.19,3395.695,3428.465,3462.825,3553.45,3643.28,3761.375,3880,4021.325,4134.915,4279.685,4403.61,4521.44,4440.62,4529.92
C?e d'Ivoire,Other,Emissions (N2O),kilotonnes,0.499,0.502,0.518,0.491,0.633,0.662,0.671,0.687,0.708,0.671,0.7,0.806,0.883,0.917,0.951,0.913,0.953,0.933,0.93,1.01,1.04
C?e d'Ivoire,Other,Emissions (CO2eq) from N2O (AR5),kilotonnes,132.235,133.03,137.27,130.115,167.745,175.43,177.815,182.055,187.62,177.815,185.5,213.59,233.995,243.005,252.015,241.945,252.545,247.245,246.45,267.65,275.6
C?e d'Ivoire,Other,Emissions (CO2eq) (AR5),kilotonnes,132.235,133.03,137.27,130.115,167.745,175.43,177.815,182.055,187.62,177.815,185.5,213.59,233.995,243.005,252.015,241.945,252.545,247.245,246.45,267.65,275.6
C?e d'Ivoire,Farm-gate emissions,Emissions (CH4),kilotonnes,110.7545,121.6351,133.95,131.9714,105.5324,137.1998,131.5598,132.8149,124.8145,121.3003,119.0848,124.9501,130.1375,140.2558,123.2569,127.2569,149.8903,134.5525,135.3259,131.2637,136.0986
C?e d'Ivoire,Farm-gate emissions,Direct emissions (N2O),kilotonnes,3.5362,3.4354,3.4968,3.3805,3.7571,3.4482,3.4127,3.6956,3.7275,3.8678,4.0675,4.0143,4.4252,4.5955,4.8449,4.9428,5.2224,5.2409,5.473,6.0871,6.1711
C?e d'Ivoire,Farm-gate emissions,Indirect emissions (N2O),kilotonnes,0.964,0.9278,0.9439,0.9041,1.0233,0.9178,0.9037,0.9933,0.9907,1.031,1.0862,1.073,1.1789,1.2221,1.2974,1.3182,1.4199,1.4295,1.5189,1.7237,1.7597
C?e d'Ivoire,Farm-gate emissions,Emissions (N2O),kilotonnes,8.8006,9.5509,10.6396,10.194,8.1708,10.5009,9.7647,10.2027,9.2916,8.9668,8.9626,9.3822,9.5582,10.3044,8.9503,9.3161,11.5184,9.8054,9.8439,10.1781,10.8604
C?e d'Ivoire,Farm-gate emissions,Emissions (CO2),kilotonnes,2573.2615,2625.9507,2600.2949,2551.0977,2570.4208,2576.2068,2567.4438,2616.4589,2649.3535,2623.5707,2633.8637,2620.5938,2735.5638,2778.0217,2826.5764,2925.2776,2983.3905,3113.5585,2954.3596,2980.3106,2974.8414
C?e d'Ivoire,Farm-gate emissions,Emissions (CO2eq) from CH4 (AR5),kilotonnes,3101.1252,3405.7816,3750.5991,3695.1984,2954.907,3841.5942,3683.6748,3718.8184,3494.8055,3396.4076,3334.3744,3498.6019,3643.8499,3927.1615,3451.1924,3563.1942,4196.9293,3767.4712,3789.1258,3675.3838,3810.7612
C?e d'Ivoire,Farm-gate emissions,Emissions (CO2eq) from N2O (AR5),kilotonnes,2332.1549,2530.9919,2819.4854,2701.4025,2165.2587,2782.7453,2587.6354,2703.7077,2462.2651,2376.2005,2375.0973,2486.2773,2532.9236,2730.6688,2371.8398,2468.7588,3052.3631,2598.4359,2608.6214,2697.2091,2877.9943
C?e d'Ivoire,Farm-gate emissions,Emissions (CO2eq) (AR5),kilotonnes,8006.5417,8562.7242,9170.3795,8947.6986,7690.5865,9200.5463,8838.754,9038.985,8606.4241,8396.1789,8343.3354,8605.473,8912.3372,9435.8521,8649.6086,8957.2306,10232.6829,9479.4656,9352.1068,9352.9036,9663.5969
C?e d'Ivoire,Land Use change,Emissions (CH4),kilotonnes,16.4931,1.5027,0.5453,0.7447,0.9335,0.7261,0.5745,2.9975,0.8431,0.5213,0.2979,0.2341,1.1862,0.266,0.149,0.1782,1.1729,0.2447,0.0771,0.3139,1.2341
C?e d'Ivoire,Land Use change,Emissions (N2O),kilotonnes,0.4851,0.1372,0.0498,0.068,0.0852,0.0663,0.0525,0.2737,0.077,0.0476,0.0272,0.0214,0.1083,0.0243,0.0136,0.0163,0.1071,0.0223,0.007,0.0287,0.1127
C?e d'Ivoire,Land Use change,Emissions (CO2),kilotonnes,57912.4953,23655.4709,23655.4709,23655.4709,23655.4709,23655.4709,23655.4709,23655.4709,23655.4709,23655.4709,23655.4709,23655.2613,23655.2613,23655.2613,23655.2613,23655.2613,23655.6804,23655.6804,23655.6804,23655.6804,23655.6804
C?e d'Ivoire,Land Use change,Emissions (CO2eq) from CH4 (AR5),kilotonnes,461.8062,42.0768,15.2673,20.8529,26.1394,20.3308,16.0861,83.929,23.6079,14.5965,8.3414,6.5539,33.2146,7.4473,4.1706,4.99,32.8421,6.852,2.1597,8.7879,34.5553
C?e d'Ivoire,Land Use change,Emissions (CO2eq) from N2O (AR5),kilotonnes,128.5491,36.3598,13.1929,18.0196,22.5878,17.5685,13.9005,72.5256,20.4003,12.6133,7.208,5.6634,28.7017,6.4354,3.604,4.312,28.3799,5.921,1.8663,7.5939,29.8603
C?e d'Ivoire,Land Use change,Emissions (CO2eq) (AR5),kilotonnes,58502.8506,23733.9074,23683.9311,23694.3434,23704.198,23693.3701,23685.4574,23811.9254,23699.479,23682.6807,23671.0203,23667.4785,23717.1777,23669.144,23663.0359,23664.5633,23716.9024,23668.4534,23659.7064,23672.0622,23720.0961
C?e d'Ivoire,Emissions on agricultural land,Emissions (CH4),kilotonnes,127.2475,123.1378,134.4952,132.7161,106.4659,137.9259,132.1343,135.8124,125.6576,121.8216,119.3827,125.1841,131.3237,140.5217,123.4058,127.4352,151.0633,134.7973,135.4031,131.5776,137.3327
C?e d'Ivoire,Emissions on agricultural land,Emissions (N2O),kilotonnes,9.2857,9.6881,10.6894,10.262,8.256,10.5672,9.8171,10.4764,9.3685,9.0144,8.9898,9.4035,9.6665,10.3287,8.9639,9.3323,11.6254,9.8278,9.8509,10.2068,10.973
C?e d'Ivoire,Emissions on agricultural land,Emissions (CO2),kilotonnes,60485.7568,26281.4215,26255.7658,26206.5685,26225.8916,26231.6777,26222.9146,26271.9298,26304.8244,26279.0416,26289.3346,26275.8551,26390.8251,26433.283,26481.8377,26580.5389,26639.0709,26769.2389,26610.04,26635.991,26630.5218
C?e d'Ivoire,Emissions on agricultural land,Emissions (CO2eq) from CH4 (AR5),kilotonnes,3562.9314,3447.8584,3765.8664,3716.0514,2981.0464,3861.925,3699.7609,3802.7474,3518.4134,3411.0042,3342.7157,3505.1558,3677.0645,3934.6088,3455.363,3568.1842,4229.7714,3774.3232,3791.2855,3684.1717,3845.3165
C?e d'Ivoire,Emissions on agricultural land,Emissions (CO2eq) from N2O (AR5),kilotonnes,2460.7041,2567.3517,2832.6784,2719.4221,2187.8466,2800.3137,2601.5359,2776.2333,2482.6654,2388.8138,2382.3054,2491.9407,2561.6253,2737.1042,2375.4438,2473.0709,3080.743,2604.3569,2610.4877,2704.803,2907.8546
C?e d'Ivoire,Emissions on agricultural land,Emissions (CO2eq) (AR5),kilotonnes,66509.3923,32296.6316,32854.3106,32642.042,31394.7846,32893.9164,32524.2113,32850.9104,32305.9031,32078.8595,32014.3557,32272.9516,32629.5149,33104.9961,32312.6445,32621.794,33949.5853,33147.919,33011.8132,33024.9658,33383.6929
C?e d'Ivoire,Pre- and post- production,Emissions (CH4),kilotonnes,129.9251,130.5951,131.4401,132.1312,133.1855,133.9927,134.8856,136.3624,137.5321,138.6572,140.0429,141.0479,142.2892,143.4938,144.6984,145.6884,147.1619,147.9199,149.1484,149.9678,151.1139
C?e d'Ivoire,Pre- and post- production,Emissions (N2O),kilotonnes,0.305,0.3165,0.3285,0.3386,0.3508,0.3659,0.3748,0.3841,0.3992,0.4176,0.4314,0.439,0.4626,0.4755,0.4528,0.4801,0.5088,0.5333,0.5463,0.556,0.5698
C?e d'Ivoire,Pre- and post- production,Emissions (CO2),kilotonnes,543.879,555.7657,582.2118,590.7503,648.6044,650.9878,773.7405,849.9981,1045.404,1586.4704,1684.1443,1603.8928,1807.5501,2150.8556,2285.2628,2350.4914,2770.559,2649.7655,2433.8992,2370.5894,2388.6606
C?e d'Ivoire,Pre- and post- production,Emissions (CO2eq) from CH4 (AR5),kilotonnes,3637.9032,3656.6615,3680.3231,3699.6735,3729.1947,3751.7951,3776.797,3818.1474,3850.8983,3882.4011,3921.2004,3949.3424,3984.0963,4017.8266,4051.5548,4079.2747,4120.5322,4141.757,4176.1554,4199.0984,4231.1906
C?e d'Ivoire,Pre- and post- production,Emissions (CO2eq) from N2O (AR5),kilotonnes,80.814,83.8763,87.0525,89.7377,92.95,96.9669,99.3306,101.7988,105.79,110.6508,114.3161,116.3218,122.5849,125.9975,119.9902,127.2308,134.8357,141.3189,144.7684,147.3353,151.0058
C?e d'Ivoire,Pre- and post- production,Emissions (CO2eq) (AR5),kilotonnes,4262.5962,4296.3035,4349.5874,4380.1614,4470.749,4499.7498,4649.8682,4769.9442,5002.0923,5579.5223,5719.6608,5669.557,5914.2313,6294.6797,6456.8078,6556.9968,7025.9269,6932.8415,6754.823,6717.023,6770.8569
C?e d'Ivoire,Agri-food systems,Emissions (CH4),kilotonnes,257.1727,253.7329,265.9353,264.8473,239.6515,271.9186,267.0199,272.1748,263.1897,260.4788,259.4256,266.2321,273.6129,284.0156,268.1042,273.1235,298.2251,282.7171,284.5515,281.5454,288.4467
C?e d'Ivoire,Agri-food systems,Emissions (N2O),kilotonnes,9.5906,10.0046,11.0179,10.6006,8.6068,10.9331,10.1919,10.8605,9.7678,9.4319,9.4212,9.8425,10.1291,10.8042,9.4167,9.8125,12.1343,10.361,10.3972,10.7628,11.5429
C?e d'Ivoire,Agri-food systems,Emissions (CO2),kilotonnes,61029.6358,26837.1872,26837.9776,26797.3188,26874.496,26882.6655,26996.6551,27121.9279,27350.2284,27865.512,27973.4789,27879.7479,28198.3752,28584.1386,28767.1005,28931.0303,29409.6299,29419.0044,29043.9392,29006.5804,29019.1823
C?e d'Ivoire,Agri-food systems,Emissions (CO2eq) from CH4 (AR5),kilotonnes,7200.8346,7104.5199,7446.1895,7415.7248,6710.2411,7613.7201,7476.5579,7620.8947,7369.3117,7293.4053,7263.9162,7454.4981,7661.1608,7952.4354,7506.9178,7647.4589,8350.3036,7916.0802,7967.4409,7883.2701,8076.5071
C?e d'Ivoire,Agri-food systems,Emissions (CO2eq) from N2O (AR5),kilotonnes,2541.518,2651.228,2919.7309,2809.1598,2280.7965,2897.2806,2700.8665,2878.0321,2588.4554,2499.4646,2496.6214,2608.2625,2684.2102,2863.1018,2495.434,2600.3016,3215.5787,2745.6758,2755.2561,2852.1383,3058.8604
C?e d'Ivoire,Agri-food systems,Emissions (CO2eq) (AR5),kilotonnes,70771.9885,36592.9351,37203.898,37022.2034,35865.5336,37393.6662,37174.0795,37620.8547,37307.9955,37658.3819,37734.0165,37942.5085,38543.7462,39399.6758,38769.4523,39178.7908,40975.5122,40080.7605,39766.6362,39741.9888,40154.5499
C?e d'Ivoire,IPCC Agriculture,Emissions (CH4),kilotonnes,110.7048,121.5854,133.9049,131.9397,105.4992,137.1676,131.5139,132.7704,124.763,121.249,119.041,124.8995,130.0537,140.1606,123.1452,127.1248,149.7292,134.3496,135.1457,131.0698,135.9047
C?e d'Ivoire,IPCC Agriculture,Emissions (CH4),kilotonnes,433.71,,,,,,,,,,,,,,,,,,,,
C?e d'Ivoire,IPCC Agriculture,Direct emissions (N2O),kilotonnes,3.5362,3.4354,3.4968,3.3805,3.7571,3.4482,3.4127,3.6956,3.7275,3.8678,4.0675,4.0143,4.4252,4.5955,4.8449,4.9428,5.2224,5.2409,5.473,6.0871,6.1711
C?e d'Ivoire,IPCC Agriculture,Indirect emissions (N2O),kilotonnes,0.964,0.9278,0.9439,0.9041,1.0233,0.9178,0.9037,0.9933,0.9907,1.031,1.0862,1.073,1.1789,1.2221,1.2974,1.3182,1.4199,1.4295,1.5189,1.7237,1.7597
C?e d'Ivoire,IPCC Agriculture,Emissions (N2O),kilotonnes,8.722,9.4736,10.5673,10.1319,8.1001,10.4217,9.6937,10.117,9.2167,8.8919,8.8855,9.3025,9.4507,10.1942,8.8385,9.1804,11.3771,9.6337,9.7414,10.0775,10.7597
C?e d'Ivoire,IPCC Agriculture,Emissions (N2O),kilotonnes,598.4,,,,,,,,,,,,,,,,,,,,
C?e d'Ivoire,IPCC Agriculture,Emissions (CO2eq) from CH4 (AR5),kilotonnes,3099.7348,3404.3908,3749.337,3694.3121,2953.9789,3840.6927,3682.3902,3717.5717,3493.3638,3394.9728,3333.1482,3497.1858,3641.5044,3924.4963,3448.0667,3559.4935,4192.4166,3761.7881,3784.0809,3669.9552,3805.3325
C?e d'Ivoire,IPCC Agriculture,Emissions (CO2eq) from CH4 (AR5),kilotonnes,12143.88,,,,,,,,,,,,,,,,,,,,
C?e d'Ivoire,IPCC Agriculture,Emissions (CO2eq) from N2O (AR5),kilotonnes,2311.3278,2510.4917,2800.3215,2684.9468,2146.5183,2761.7517,2568.8242,2681.0023,2442.4271,2356.3597,2354.6575,2465.1503,2504.4229,2701.464,2342.1957,2432.8119,3014.9315,2552.9371,2581.4617,2670.5463,2851.3315
C?e d'Ivoire,IPCC Agriculture,Emissions (CO2eq) from N2O (AR5),kilotonnes,158576,,,,,,,,,,,,,,,,,,,,
C?e d'Ivoire,IPCC Agriculture,Emissions (CO2eq) (AR5),kilotonnes,5411.0626,5914.8825,6549.6586,6379.2589,5100.4972,6602.4444,6251.2144,6398.574,5935.791,5751.3324,5687.8057,5962.3361,6145.9273,6625.9603,5790.2625,5992.3054,7207.3481,6314.7252,6365.5427,6340.5015,6656.664
C?e d'Ivoire,IPCC Agriculture,Emissions (CO2eq) (AR5),kilotonnes,170719.88,,,,,,,,,,,,,,,,,,,,
C?e d'Ivoire,Agricultural Soils,Direct emissions (N2O),kilotonnes,3.5362,3.4354,3.4968,3.3805,3.7571,3.4482,3.4127,3.6956,3.7275,3.8678,4.0675,4.0143,4.4252,4.5955,4.8449,4.9428,5.2224,5.2409,5.473,6.0871,6.1711
C?e d'Ivoire,Agricultural Soils,Indirect emissions (N2O),kilotonnes,0.964,0.9278,0.9439,0.9041,1.0233,0.9178,0.9037,0.9933,0.9907,1.031,1.0862,1.073,1.1789,1.2221,1.2974,1.3182,1.4199,1.4295,1.5189,1.7237,1.7597
C?e d'Ivoire,Agricultural Soils,Emissions (N2O),kilotonnes,4.8481,4.7158,4.7935,4.6379,5.1339,4.7193,4.669,5.0421,5.0718,5.2528,5.5092,5.443,5.9599,6.1742,6.5003,6.619,7.0013,7.0292,7.3514,8.1705,8.2897
C?e d'Ivoire,Agricultural Soils,Emissions (N2O),kilotonnes,574.26,,,,,,,,,,,,,,,,,,,,
C?e d'Ivoire,Agricultural Soils,Emissions (CO2eq) from N2O (AR5),kilotonnes,1284.7337,1249.6741,1270.2774,1229.0383,1360.4789,1250.6077,1237.2833,1336.1603,1344.0163,1391.987,1459.9512,1442.39,1579.3844,1636.1652,1722.5677,1754.0261,1855.3479,1862.7418,1948.1086,2165.1817,2196.7579
C?e d'Ivoire,Agricultural Soils,Emissions (CO2eq) from N2O (AR5),kilotonnes,152178.9,,,,,,,,,,,,,,,,,,,,
C?e d'Ivoire,Agricultural Soils,Emissions (CO2eq) (AR5),kilotonnes,1284.7337,1249.6741,1270.2774,1229.0383,1360.4789,1250.6077,1237.2833,1336.1603,1344.0163,1391.987,1459.9512,1442.39,1579.3844,1636.1652,1722.5677,1754.0261,1855.3479,1862.7418,1948.1086,2165.1817,2196.7579
C?e d'Ivoire,Agricultural Soils,Emissions (CO2eq) (AR5),kilotonnes,152178.9,,,,,,,,,,,,,,,,,,,,
C?e d'Ivoire,LULUCF,Emissions (CH4),kilotonnes,16.4931,1.5052,0.5502,0.7447,0.9335,0.7261,0.5745,3.0247,0.8431,0.5213,0.2979,0.2341,1.2432,0.266,0.1638,0.2228,1.1729,0.2497,0.0771,0.3163,1.2391
C?e d'Ivoire,LULUCF,Emissions (CH4),kilotonnes,57.44,,,,,,,,,,,,,,,,,,,,
C?e d'Ivoire,LULUCF,Emissions (N2O),kilotonnes,0.4851,0.1374,0.0502,0.068,0.0852,0.0663,0.0525,0.2762,0.077,0.0476,0.0272,0.0214,0.1135,0.0243,0.015,0.0203,0.1071,0.0228,0.007,0.0289,0.1131
C?e d'Ivoire,LULUCF,Emissions (N2O),kilotonnes,0.39,,,,,,,,,,,,,,,,,,,,
C?e d'Ivoire,LULUCF,Emissions (CO2),kilotonnes,60026.8534,25952.5033,25953.8498,25957.3325,25958.9706,25956.956,25952.535,25956.4484,25958.7885,25961.6052,25971.5835,25972.5471,25973.1854,25978.0446,25987.029,25987.029,25994.3173,25993.1415,25996.7582,25999.0147,25993.5454
C?e d'Ivoire,LULUCF,Emissions (CO2),kilotonnes,-19703.85,,,,,,,,,,,,,,,,,,,,
C?e d'Ivoire,LULUCF,Emissions (CO2eq) from CH4 (AR5),kilotonnes,461.8062,42.1462,15.4061,20.8529,26.1394,20.3308,16.0861,84.6921,23.6079,14.5965,8.3414,6.5539,34.8103,7.4473,4.5869,6.2388,32.8421,6.9907,2.1597,8.8573,34.6941
C?e d'Ivoire,LULUCF,Emissions (CO2eq) from N2O (AR5),kilotonnes,128.5491,36.4198,13.3128,18.0196,22.5878,17.5685,13.9005,73.1851,20.4003,12.6133,7.208,5.6634,30.0806,6.4354,3.9637,5.3911,28.3799,6.0409,1.8663,7.6538,29.9802
C?e d'Ivoire,LULUCF,Emissions (CO2eq) (AR5),kilotonnes,60617.2087,26031.0692,25982.5687,25996.205,26007.6978,25994.8553,25982.5216,26114.3256,26002.7967,25988.815,25987.1329,25984.7643,26038.0764,25991.9273,25995.5796,25998.659,26055.5393,26006.1731,26000.7842,26015.5258,26058.2197
C?e d'Ivoire,LULUCF,Emissions (CO2eq) (AR5),kilotonnes,-19703.85,,,,,,,,,,,,,,,,,,,,
C?e d'Ivoire,AFOLU,Emissions (CH4),kilotonnes,127.1979,123.0906,134.4551,132.6845,106.4328,137.8937,132.0884,135.7951,125.6061,121.7703,119.3389,125.1336,131.297,140.4266,123.3091,127.3476,150.9021,134.5992,135.2229,131.3862,137.1438
C?e d'Ivoire,AFOLU,Emissions (N2O),kilotonnes,9.2071,9.611,10.6175,10.1999,8.1853,10.488,9.7461,10.3932,9.2937,8.9395,8.9127,9.3238,9.5642,10.2185,8.8534,9.2008,11.4842,9.6565,9.7484,10.1064,10.8729
C?e d'Ivoire,AFOLU,Emissions (CO2),kilotonnes,60026.8534,25952.5033,25953.8498,25957.3325,25958.9706,25956.956,25952.535,25956.4484,25958.7885,25961.6052,25971.5835,25972.5471,25973.1854,25978.0446,25987.029,25987.029,25994.3173,25993.1415,25996.7582,25999.0147,25993.5454
C?e d'Ivoire,AFOLU,Emissions (CO2eq) from CH4 (AR5),kilotonnes,3561.541,3446.537,3764.7431,3715.165,2980.1183,3861.0235,3698.4763,3802.2639,3516.9717,3409.5693,3341.4896,3503.7396,3676.3147,3931.9435,3452.6536,3565.7323,4225.2587,3768.7789,3786.2407,3678.8124,3840.0266
C?e d'Ivoire,AFOLU,Emissions (CO2eq) from N2O (AR5),kilotonnes,2439.8769,2546.9114,2813.6344,2702.9665,2169.1061,2779.3201,2582.7247,2754.1874,2462.8274,2368.973,2361.8656,2470.8137,2534.5036,2707.8994,2346.1594,2438.2031,3043.3114,2558.978,2583.328,2678.2001,2881.3117
C?e d'Ivoire,AFOLU,Emissions (CO2eq) (AR5),kilotonnes,66028.2713,31945.9517,32532.2272,32375.4639,31108.1951,32597.2997,32233.736,32512.8996,31938.5876,31740.1474,31674.9387,31947.1004,32184.0037,32617.8876,31785.842,31990.9643,33262.8874,32320.8983,32366.3269,32356.0272,32714.8837
C?e d'Ivoire,All sectors with LULUCF,Emissions (CH4),kilotonnes,372.1979,371.0906,389.4551,390.6845,381.4328,425.8937,428.0884,434.7951,426.6061,417.7703,431.3389,466.1336,482.297,505.4266,494.3091,504.3476,548.9021,529.5992,537.2229,547.3862,564.1438
C?e d'Ivoire,All sectors with LULUCF,Emissions (N2O),kilotonnes,10.8473,11.2662,12.3137,11.8641,10.1765,12.5502,11.8453,12.5724,11.4999,11.0957,11.1919,11.8551,12.2724,13.0257,11.7297,11.899,14.2635,12.5138,12.6247,13.1547,13.9912
C?e d'Ivoire,All sectors with LULUCF,Emissions (CO2),kilotonnes,66895.8534,33865.5033,33671.8498,31566.3325,33671.9706,33850.956,33215.535,33012.4484,33088.7885,31971.6052,32550.5835,32895.5471,34878.1854,36011.0446,36255.029,35941.029,38390.3173,38402.1415,38717.7582,39003.0147,39102.5454
C?e d'Ivoire,All sectors with LULUCF,Emissions (CO2eq) from CH4 (AR5),kilotonnes,10421.541,10390.537,10904.7431,10939.165,10680.1183,11925.0235,11986.4763,12174.2639,11944.9717,11697.5693,12077.4896,13051.7396,13504.3147,14151.9435,13840.6536,14121.7323,15369.2587,14828.7789,15042.2407,15326.8124,15796.0266
C?e d'Ivoire,All sectors with LULUCF,Emissions (CO2eq) from N2O (AR5),kilotonnes,2874.5256,2985.536,3263.125,3143.9779,2696.7736,3325.8037,3139.0143,3331.678,3047.4741,2940.371,2965.8599,3141.5897,3252.1861,3451.8186,3108.3651,3153.2404,3779.8155,3316.1537,3345.5406,3485.9933,3707.6564
C?e d'Ivoire,All sectors with LULUCF,Emissions (CO2eq) (AR5),kilotonnes,80191.9201,47241.5763,47839.7178,45649.4753,47048.8625,49101.7832,48341.0256,48518.3903,48081.2344,46609.5455,47593.933,49088.8764,51634.6862,53614.8067,53204.0478,53216.0017,57539.3916,56547.0741,57105.5395,57815.8204,58606.2285
C?e d'Ivoire,All sectors without LULUCF,Emissions (CH4),kilotonnes,355.7048,369.5854,388.9049,389.9397,380.4992,425.1676,427.5139,431.7704,425.763,417.249,431.041,465.8995,481.0537,505.1606,494.1452,504.1248,547.7292,529.3496,537.1457,547.0698,562.9047
C?e d'Ivoire,All sectors without LULUCF,Emissions (N2O),kilotonnes,10.3622,11.1287,12.2634,11.7961,10.0913,12.4839,11.7929,12.2962,11.4229,11.0481,11.1647,11.8337,12.1589,13.0014,11.7147,11.8787,14.1564,12.491,12.6176,13.1258,13.878
C?e d'Ivoire,All sectors without LULUCF,Emissions (CO2),kilotonnes,6869,7913,7718,5609,7713,7894,7263,7056,7130,6010,6579,6923,8905,10033,10268,9954,12396,12409,12721,13004,13109
C?e d'Ivoire,All sectors without LULUCF,Emissions (CO2eq) from CH4 (AR5),kilotonnes,9959.7348,10348.3908,10889.337,10918.3121,10653.9789,11904.6927,11970.3902,12089.5717,11921.3638,11682.9728,12069.1482,13045.1858,13469.5044,14144.4963,13836.0667,14115.4935,15336.4166,14821.7881,15040.0809,15317.9552,15761.3325
C?e d'Ivoire,All sectors without LULUCF,Emissions (CO2eq) from N2O (AR5),kilotonnes,2745.9765,2949.1162,3249.8122,3125.9582,2674.1858,3308.2352,3125.1138,3258.4929,3027.0738,2927.7577,2958.6519,3135.9263,3222.1055,3445.3832,3104.4015,3147.8492,3751.4357,3310.1128,3343.6743,3478.3394,3677.6762
C?e d'Ivoire,All sectors without LULUCF,Emissions (CO2eq) (AR5),kilotonnes,19574.7114,21210.507,21857.1492,19653.2703,21041.1647,23106.9279,22358.504,22404.0647,22078.4377,20620.7305,21606.8001,23104.112,25596.6099,27622.8794,27208.4682,27217.3427,31483.8522,30540.901,31104.7553,31800.2946,32548.0087
Croatia,Crop Residues,Direct emissions (N2O),kilotonnes,0.4265,0.4906,0.5281,0.3657,0.4917,0.4778,0.5053,0.4328,0.5766,0.5491,0.4782,0.4644,0.4572,0.5146,0.4621,0.4644,0.5758,0.4433,0.5192,0.5585,0.6023
Croatia,Crop Residues,Direct emissions (N2O),kilotonnes,0.3949,0.4358,0.4882,0.3714,0.487,0.515,0.5234,0.4315,0.6282,0.5541,0.4788,0.4881,0.4771,0.5728,0.5025,0.4907,0.6028,0.5146,0.5646,0.5779,0.6248
Croatia,Crop Residues,Indirect emissions (N2O),kilotonnes,0.096,0.1104,0.1188,0.0823,0.1106,0.1075,0.1137,0.0974,0.1297,0.1235,0.1076,0.1045,0.1029,0.1158,0.104,0.1045,0.1295,0.0997,0.1168,0.1257,0.1355
Croatia,Crop Residues,Emissions (N2O),kilotonnes,0.5225,0.6009,0.6469,0.448,0.6023,0.5853,0.619,0.5302,0.7063,0.6726,0.5858,0.5689,0.56,0.6304,0.566,0.5689,0.7053,0.543,0.636,0.6842,0.7379
Croatia,Crop Residues,Emissions (N2O),kilotonnes,0.3949,0.4358,0.4882,0.3714,0.487,0.515,0.5234,0.4315,0.6282,0.5541,0.4788,0.4881,0.4771,0.5728,0.5025,0.4907,0.6028,0.5146,0.5646,0.5779,0.6248
Croatia,Crop Residues,Emissions (CO2eq) from N2O (AR5),kilotonnes,138.4533,159.2508,171.4302,118.7138,159.6081,155.1121,164.0305,140.4926,187.1756,178.2517,155.2461,150.7619,148.413,167.0506,150.002,150.7662,186.9059,143.9067,168.5477,181.3082,195.5378
Croatia,Crop Residues,Emissions (CO2eq) from N2O (AR5),kilotonnes,104.6359,115.4849,129.3643,98.4123,129.0501,136.4708,138.6944,114.3343,166.4757,146.8388,126.8748,129.3583,126.4333,151.7792,133.1734,130.0351,159.7473,136.3589,149.6231,153.1344,165.581
Croatia,Crop Residues,Emissions (CO2eq) (AR5),kilotonnes,138.4533,159.2508,171.4302,118.7138,159.6081,155.1121,164.0305,140.4926,187.1756,178.2517,155.2461,150.7619,148.413,167.0506,150.002,150.7662,186.9059,143.9067,168.5477,181.3082,195.5378
Croatia,Crop Residues,Emissions (CO2eq) (AR5),kilotonnes,104.6359,115.4849,129.3643,98.4123,129.0501,136.4708,138.6944,114.3343,166.4757,146.8388,126.8748,129.3583,126.4333,151.7792,133.1734,130.0351,159.7473,136.3589,149.6231,153.1344,165.581
Croatia,Burning - Crop residues,Emissions (CH4),kilotonnes,0.9865,1.0249,1.0219,0.9925,1.0028,1.0192,0.9893,0.9681,1.017,0.9965,0.9833,0.9856,1.0096,0.9995,0.8506,0.865,0.8657,0.7951,0.785,0.8455,0.9383
Croatia,Burning - Crop residues,Emissions (N2O),kilotonnes,0.0256,0.0266,0.0265,0.0257,0.026,0.0264,0.0256,0.0251,0.0264,0.0258,0.0255,0.0256,0.0262,0.0259,0.0221,0.0224,0.0224,0.0206,0.0204,0.0219,0.0243
Croatia,Burning - Crop residues,Emissions (CO2eq) from CH4 (AR5),kilotonnes,27.6215,28.696,28.612,27.79,28.0779,28.537,27.701,27.1077,28.4767,27.901,27.5313,27.5977,28.2699,27.9847,23.8157,24.2195,24.2398,22.262,21.9795,23.6741,26.2737
Croatia,Burning - Crop residues,Emissions (CO2eq) from N2O (AR5),kilotonnes,6.7775,7.0411,7.0205,6.8188,6.8895,7.0021,6.797,6.6514,6.9873,6.8461,6.7554,6.7717,6.9366,6.8666,5.8437,5.9428,5.9477,5.4624,5.3931,5.8089,6.4468
Croatia,Burning - Crop residues,Emissions (CO2eq) (AR5),kilotonnes,34.399,35.7371,35.6326,34.6088,34.9674,35.5392,34.498,33.7591,35.4641,34.747,34.2867,34.3693,35.2065,34.8513,29.6594,30.1623,30.1875,27.7244,27.3726,29.4831,32.7205
Croatia,Enteric Fermentation,Emissions (CH4),kilotonnes,46.3105,47.0994,46.4324,46.7401,49.7032,50.2656,50.0021,48.6979,46.5752,45.7589,43.8808,44.173,44.5889,42.5396,42.9999,41.7315,41.6329,42.0093,39.2452,39.3718,38.419
Croatia,Enteric Fermentation,Emissions (CH4),kilotonnes,46.7589,47.1278,45.9618,47.9437,49.1431,50.8436,50.0803,48.1724,46.2387,45.8409,45.3657,44.2507,44.5452,42.6941,41.9658,41.5652,43.6413,42.0873,39.5517,39.7877,39.0183
Croatia,Enteric Fermentation,Emissions (CO2eq) from CH4 (AR5),kilotonnes,1296.6933,1318.7829,1300.1066,1308.7233,1391.6883,1407.4376,1400.0592,1363.54,1304.1069,1281.2491,1228.6623,1236.8437,1248.489,1191.1079,1203.9962,1168.4814,1165.7203,1176.2603,1098.8651,1102.4104,1075.7321
Croatia,Enteric Fermentation,Emissions (CO2eq) from CH4 (AR5),kilotonnes,1309.2502,1319.5792,1286.9309,1342.4247,1376.0068,1423.6203,1402.2487,1348.8268,1294.6833,1283.544,1270.2401,1239.0187,1247.2667,1195.4343,1175.0412,1163.825,1221.9575,1178.4452,1107.4474,1114.0558,1092.5121
Croatia,Enteric Fermentation,Emissions (CO2eq) (AR5),kilotonnes,1296.6933,1318.7829,1300.1066,1308.7233,1391.6883,1407.4376,1400.0592,1363.54,1304.1069,1281.2491,1228.6623,1236.8437,1248.489,1191.1079,1203.9962,1168.4814,1165.7203,1176.2603,1098.8651,1102.4104,1075.7321
Croatia,Enteric Fermentation,Emissions (CO2eq) (AR5),kilotonnes,1309.2502,1319.5792,1286.9309,1342.4247,1376.0068,1423.6203,1402.2487,1348.8268,1294.6833,1283.544,1270.2401,1239.0187,1247.2667,1195.4343,1175.0412,1163.825,1221.9575,1178.4452,1107.4474,1114.0558,1092.5121
Croatia,Manure Management,Emissions (CH4),kilotonnes,16.0192,16.119,16.3217,16.6667,17.7717,15.9753,17.7551,16.7361,14.8206,15.6202,14.8815,14.7799,14.481,13.632,14.1327,13.7539,13.7015,13.4686,12.6911,12.5746,12.3756
Croatia,Manure Management,Emissions (CH4),kilotonnes,16.0155,16.5283,16.9591,18.1753,19.2606,17.9844,20.4451,19.7244,18.1933,19.4863,19.4934,18.748,18.3328,17.3634,17.3394,17.386,17.0288,16.7011,15.701,15.4477,14.6434
Croatia,Manure Management,Emissions (N2O),kilotonnes,0.495,0.5008,0.4983,0.5015,0.5308,0.5056,0.5322,0.5133,0.4739,0.4799,0.4543,0.4507,0.4465,0.4228,0.4469,0.4339,0.4305,0.4299,0.4059,0.4081,0.3987
Croatia,Manure Management,Emissions (N2O),kilotonnes,0.6438,0.6468,0.6358,0.653,0.6721,0.6349,0.654,0.6218,0.5799,0.5866,0.5654,0.5368,0.5297,0.5028,0.5057,0.5022,0.5259,0.5213,0.4903,0.4938,0.4765
Croatia,Manure Management,Emissions (CO2eq) from CH4 (AR5),kilotonnes,448.5374,451.3311,457.0069,466.6673,497.6073,447.3083,497.1417,468.61,414.9765,437.3643,416.6827,413.8381,405.467,381.6965,395.7149,385.1088,383.6429,377.1197,355.3521,352.0879,346.5164
Croatia,Manure Management,Emissions (CO2eq) from CH4 (AR5),kilotonnes,448.4329,462.7922,474.8547,508.908,539.2975,503.5618,572.4619,552.2821,509.4113,545.6151,545.8138,524.9447,513.3189,486.1748,485.5042,486.8077,476.8064,467.6303,439.6287,432.5363,410.015
Croatia,Manure Management,Emissions (CO2eq) from N2O (AR5),kilotonnes,131.1635,132.7142,132.0415,132.8934,140.6608,133.9926,141.0243,136.0197,125.5869,127.1618,120.4003,119.4256,118.3314,112.0365,118.4398,114.9762,114.0721,113.9294,107.5631,108.1454,105.6526
Croatia,Manure Management,Emissions (CO2eq) from N2O (AR5),kilotonnes,170.6168,171.4128,168.4782,173.0319,178.1126,168.244,173.3163,164.7683,153.6824,155.4514,149.8288,142.2509,140.3662,133.2376,134.0094,133.0845,139.3629,138.1534,129.9347,130.8643,126.2784
Croatia,Manure Management,Emissions (CO2eq) (AR5),kilotonnes,579.701,584.0453,589.0484,599.5607,638.2681,581.3009,638.166,604.6297,540.5634,564.5261,537.083,533.2637,523.7984,493.7331,514.1547,500.085,497.715,491.0492,462.9152,460.2333,452.169
Croatia,Manure Management,Emissions (CO2eq) (AR5),kilotonnes,619.0498,634.2051,643.3329,681.9399,717.4101,671.8058,745.7782,717.0504,663.0937,701.0665,695.6426,667.1956,653.6851,619.4123,619.5136,619.8922,616.1693,605.7837,569.5634,563.4006,536.2935
Croatia,Manure left on Pasture,Direct emissions (N2O),kilotonnes,0.396,0.4074,0.4051,0.4147,0.4657,0.4853,0.4585,0.4429,0.4315,0.4205,0.4173,0.4193,0.4307,0.4107,0.4072,0.4049,0.4124,0.4198,0.4003,0.4079,0.4086
Croatia,Manure left on Pasture,Indirect emissions (N2O),kilotonnes,0.1133,0.1168,0.1181,0.1199,0.1391,0.1469,0.1344,0.1294,0.1266,0.1229,0.1228,0.1235,0.1278,0.1209,0.119,0.1188,0.1218,0.1243,0.1202,0.1229,0.1235
Croatia,Manure left on Pasture,Emissions (N2O),kilotonnes,0.5092,0.5242,0.5232,0.5346,0.6048,0.6322,0.5929,0.5724,0.558,0.5434,0.5401,0.5427,0.5585,0.5316,0.5262,0.5237,0.5342,0.544,0.5205,0.5308,0.5321
Croatia,Manure left on Pasture,Emissions (CO2eq) from N2O (AR5),kilotonnes,134.95,138.9182,138.6455,141.6607,160.2731,167.534,157.1199,151.6768,147.8831,144.002,143.1303,143.8239,148.011,140.867,139.4456,138.7704,141.5567,144.1679,137.9217,140.6567,140.9993
Croatia,Manure left on Pasture,Emissions (CO2eq) (AR5),kilotonnes,134.95,138.9182,138.6455,141.6607,160.2731,167.534,157.1199,151.6768,147.8831,144.002,143.1303,143.8239,148.011,140.867,139.4456,138.7704,141.5567,144.1679,137.9217,140.6567,140.9993
Croatia,Manure applied to Soils,Direct emissions (N2O),kilotonnes,0.5402,0.5474,0.5453,0.5556,0.5936,0.5558,0.5929,0.5688,0.5219,0.5344,0.5099,0.5005,0.4948,0.468,0.5053,0.4961,0.4947,0.4943,0.4721,0.4801,0.4755
Croatia,Manure applied to Soils,Direct emissions (N2O),kilotonnes,0.5243,0.529,0.5263,0.5443,0.554,0.5238,0.5354,0.5046,0.4743,0.4858,0.4754,0.4498,0.4425,0.4187,0.4231,0.4248,0.4378,0.4352,0.4114,0.4141,0.3979
Croatia,Manure applied to Soils,Indirect emissions (N2O),kilotonnes,0.2296,0.2326,0.2318,0.2361,0.2523,0.2362,0.252,0.2417,0.2218,0.2271,0.2167,0.2127,0.2103,0.1989,0.2148,0.2108,0.2102,0.2101,0.2006,0.204,0.2021
Croatia,Manure applied to Soils,Emissions (N2O),kilotonnes,0.7698,0.78,0.7771,0.7918,0.8458,0.7921,0.8449,0.8105,0.7438,0.7615,0.7266,0.7132,0.7052,0.6669,0.72,0.7069,0.7049,0.7044,0.6727,0.6841,0.6776
Croatia,Manure applied to Soils,Emissions (N2O),kilotonnes,0.5243,0.529,0.5263,0.5443,0.554,0.5238,0.5354,0.5046,0.4743,0.4858,0.4754,0.4498,0.4425,0.4187,0.4231,0.4248,0.4378,0.4352,0.4114,0.4141,0.3979
Croatia,Manure applied to Soils,Emissions (CO2eq) from N2O (AR5),kilotonnes,204.0007,206.7055,205.923,209.8209,224.1405,209.9018,223.8905,214.7853,197.0964,201.7871,192.5383,188.9931,186.8654,176.7395,190.812,187.3276,186.7975,186.6639,178.2693,181.2798,179.553
Croatia,Manure applied to Soils,Emissions (CO2eq) from N2O (AR5),kilotonnes,138.9291,140.1866,139.4607,144.2268,146.82,138.8079,141.8861,133.7275,125.6927,128.7399,125.9831,119.2057,117.2649,110.9633,112.1255,112.5848,116.0187,115.3212,109.0299,109.7331,105.4463
Croatia,Manure applied to Soils,Emissions (CO2eq) (AR5),kilotonnes,204.0007,206.7055,205.923,209.8209,224.1405,209.9018,223.8905,214.7853,197.0964,201.7871,192.5383,188.9931,186.8654,176.7395,190.812,187.3276,186.7975,186.6639,178.2693,181.2798,179.553
Croatia,Manure applied to Soils,Emissions (CO2eq) (AR5),kilotonnes,138.9291,140.1866,139.4607,144.2268,146.82,138.8079,141.8861,133.7275,125.6927,128.7399,125.9831,119.2057,117.2649,110.9633,112.1255,112.5848,116.0187,115.3212,109.0299,109.7331,105.4463
Croatia,Synthetic Fertilizers,Direct emissions (N2O),kilotonnes,1.8229,1.5557,2.04,1.9422,2.2864,1.9621,3.0039,3.3373,4.1396,1.4649,1.8449,2.1976,1.6796,1.2245,1.1578,1.3739,1.1365,1.5465,1.5623,1.5258,1.5551
Croatia,Synthetic Fertilizers,Direct emissions (N2O),kilotonnes,1.8544,2.0168,1.8931,1.7855,1.8477,1.9063,1.9466,2.0499,2.6738,1.4267,1.7183,1.9645,1.6796,1.2245,1.1578,1.3739,1.1365,1.5465,1.5623,1.5325,1.5551
Croatia,Synthetic Fertilizers,Indirect emissions (N2O),kilotonnes,0.5924,0.5056,0.663,0.6312,0.7431,0.6377,0.9763,1.0846,1.3454,0.4761,0.5996,0.7142,0.5459,0.3979,0.3763,0.4465,0.3693,0.5026,0.5078,0.4959,0.5054
Croatia,Synthetic Fertilizers,Emissions (N2O),kilotonnes,2.4153,2.0613,2.7031,2.5735,3.0295,2.5997,3.9802,4.4219,5.485,1.9411,2.4444,2.9118,2.2255,1.6224,1.5341,1.8204,1.5058,2.0491,2.0701,2.0217,2.0606
Croatia,Synthetic Fertilizers,Emissions (N2O),kilotonnes,1.8544,2.0168,1.8931,1.7855,1.8477,1.9063,1.9466,2.0499,2.6738,1.4267,1.7183,1.9645,1.6796,1.2245,1.1578,1.3739,1.1365,1.5465,1.5623,1.5325,1.5551
Croatia,Synthetic Fertilizers,Emissions (CO2eq) from N2O (AR5),kilotonnes,640.0507,546.2502,716.3105,681.9685,802.8167,688.9263,1054.7484,1171.8115,1453.5221,514.3801,647.7755,771.6363,589.7516,429.9375,406.5426,482.3996,399.0385,543.0058,548.5676,535.7611,546.046
Croatia,Synthetic Fertilizers,Emissions (CO2eq) from N2O (AR5),kilotonnes,491.4065,534.4569,501.6673,473.1503,489.6284,505.1653,515.848,543.2244,708.5624,378.0884,455.3451,520.5986,445.0972,324.4795,306.8256,364.0739,301.1611,409.8157,414.0141,406.0995,412.1123
Croatia,Synthetic Fertilizers,Emissions (CO2eq) (AR5),kilotonnes,640.0507,546.2502,716.3105,681.9685,802.8167,688.9263,1054.7484,1171.8115,1453.5221,514.3801,647.7755,771.6363,589.7516,429.9375,406.5426,482.3996,399.0385,543.0058,548.5676,535.7611,546.046
Croatia,Synthetic Fertilizers,Emissions (CO2eq) (AR5),kilotonnes,491.4065,534.4569,501.6673,473.1503,489.6284,505.1653,515.848,543.2244,708.5624,378.0884,455.3451,520.5986,445.0972,324.4795,306.8256,364.0739,301.1611,409.8157,414.0141,406.0995,412.1123
Croatia,Drained organic soils,Emissions (CO2eq) (AR5),kilotonnes,8.5457,11.0906,10.712,10.712,8.8189,8.8189,8.8189,11.7427,11.7427,11.7427,11.7427,11.7427,11.7427,11.7427,11.7427,11.7427,11.7427,11.7427,11.7427,11.1837,11.1837
Croatia,Drained organic soils,Emissions (CO2eq) (AR5),kilotonnes,8.9465,8.9465,8.9465,8.9465,8.9465,8.9465,8.9465,8.9465,8.9465,8.9465,8.9465,8.9465,8.9465,8.9465,8.9465,8.9465,8.9465,8.9465,8.9465,8.9465,8.9465
Croatia,Drained organic soils (CO2),Emissions (CO2),kilotonnes,7.2103,9.3579,9.039,9.039,7.4439,7.4439,7.4439,9.9107,9.9107,9.9107,9.9107,9.9107,9.9107,9.9107,9.9107,9.9107,9.9107,9.9107,9.9107,9.4432,9.4432
Croatia,Drained organic soils (CO2),Emissions (CO2eq) (AR5),kilotonnes,7.2103,9.3579,9.039,9.039,7.4439,7.4439,7.4439,9.9107,9.9107,9.9107,9.9107,9.9107,9.9107,9.9107,9.9107,9.9107,9.9107,9.9107,9.9107,9.4432,9.4432
Croatia,Drained organic soils (N2O),Emissions (N2O),kilotonnes,0.005,0.0065,0.0063,0.0063,0.0052,0.0052,0.0052,0.0069,0.0069,0.0069,0.0069,0.0069,0.0069,0.0069,0.0069,0.0069,0.0069,0.0069,0.0069,0.0066,0.0066
Croatia,Drained organic soils (N2O),Emissions (N2O),kilotonnes,0.0338,0.0338,0.0338,0.0338,0.0338,0.0338,0.0338,0.0338,0.0338,0.0338,0.0338,0.0338,0.0338,0.0338,0.0338,0.0338,0.0338,0.0338,0.0338,0.0338,0.0338
Croatia,Drained organic soils (N2O),Emissions (CO2eq) from N2O (AR5),kilotonnes,1.3354,1.7327,1.6731,1.6731,1.375,1.375,1.375,1.8319,1.8319,1.8319,1.8319,1.8319,1.8319,1.8319,1.8319,1.8319,1.8319,1.8319,1.8319,1.7405,1.7405
Croatia,Drained organic soils (N2O),Emissions (CO2eq) from N2O (AR5),kilotonnes,8.9465,8.9465,8.9465,8.9465,8.9465,8.9465,8.9465,8.9465,8.9465,8.9465,8.9465,8.9465,8.9465,8.9465,8.9465,8.9465,8.9465,8.9465,8.9465,8.9465,8.9465
Croatia,Drained organic soils (N2O),Emissions (CO2eq) (AR5),kilotonnes,1.3354,1.7327,1.6731,1.6731,1.375,1.375,1.375,1.8319,1.8319,1.8319,1.8319,1.8319,1.8319,1.8319,1.8319,1.8319,1.8319,1.8319,1.8319,1.7405,1.7405
Croatia,Drained organic soils (N2O),Emissions (CO2eq) (AR5),kilotonnes,8.9465,8.9465,8.9465,8.9465,8.9465,8.9465,8.9465,8.9465,8.9465,8.9465,8.9465,8.9465,8.9465,8.9465,8.9465,8.9465,8.9465,8.9465,8.9465,8.9465,8.9465
Croatia,On-farm energy use,Emissions (CH4),kilotonnes,0.1219,0.1232,0.1147,0.1392,0.1972,0.1552,0.1482,0.1667,0.1813,0.1599,0.1646,0.159,0.1437,0.1288,0.1237,0.107,0.0878,0.0914,0.0923,0.0861,0.0861
Croatia,On-farm energy use,Emissions (N2O),kilotonnes,0.2943,0.2756,0.2557,0.2632,0.2437,0.2436,0.2509,0.2461,0.2598,0.2559,0.2473,0.2522,0.23,0.225,0.2262,0.2261,0.2247,0.2235,0.2297,0.2304,0.2304
Croatia,On-farm energy use,Emissions (CO2),kilotonnes,884.6844,830.9577,773.7487,791.1596,753.3922,752.9885,757.6237,748.8696,798.185,778.0478,760.0176,772.2991,706.4912,687.9141,690.6214,678.8584,678.4639,671.1757,687.3437,686.6882,686.6882
Croatia,On-farm energy use,Emissions (CO2eq) from CH4 (AR5),kilotonnes,3.4143,3.4496,3.2108,3.8978,5.5228,4.3452,4.1496,4.6679,5.0755,4.4785,4.6101,4.4533,4.0242,3.6065,3.4635,2.997,2.4596,2.5581,2.5857,2.4101,2.4101
Croatia,On-farm energy use,Emissions (CO2eq) from N2O (AR5),kilotonnes,77.9894,73.0422,67.7645,69.7477,64.589,64.5608,66.4964,65.2175,68.8457,67.8209,65.5436,66.8442,60.9555,59.6145,59.9471,59.918,59.5472,59.2242,60.871,61.0558,61.0558
Croatia,On-farm energy use,Emissions (CO2eq) (AR5),kilotonnes,966.0881,907.4495,844.724,864.8051,823.5039,821.8946,828.2696,818.755,872.1062,850.3472,830.1713,843.5966,771.4709,751.1352,754.032,741.7733,740.4707,732.9581,750.8004,750.1541,750.1541
Croatia,Forestland,Emissions (CO2),kilotonnes,-1254.6691,-1087.3632,-1087.3632,-1087.3632,-1087.3632,-1087.3632,-1087.3632,-1087.3632,-1087.3632,-1087.3632,-1087.3632,-1510.916,-1510.916,-1510.916,-1510.916,-1510.916,-4809.6327,-4809.6327,-4809.6327,-4809.6327,-4809.6327
Croatia,Forestland,Emissions (CO2),kilotonnes,-8249.6997,-8322.8069,-8481.5441,-8265.5915,-8128.6696,-8240.6643,-8150.887,-7639.9739,-7543.7649,-7868.1036,-7683.2006,-6676.7047,-6537.675,-6556.5876,-6261.3153,-5914.1013,-5764.1179,-5543.1473,-5467.5041,-5729.3925,-6187.9971
Croatia,Forestland,Emissions (CO2eq) (AR5),kilotonnes,-1254.6691,-1087.3632,-1087.3632,-1087.3632,-1087.3632,-1087.3632,-1087.3632,-1087.3632,-1087.3632,-1087.3632,-1087.3632,-1510.916,-1510.916,-1510.916,-1510.916,-1510.916,-4809.6327,-4809.6327,-4809.6327,-4809.6327,-4809.6327
Croatia,Forestland,Emissions (CO2eq) (AR5),kilotonnes,-8249.6997,-8322.8069,-8481.5441,-8265.5915,-8128.6696,-8240.6643,-8150.887,-7639.9739,-7543.7649,-7868.1036,-7683.2006,-6676.7047,-6537.675,-6556.5876,-6261.3153,-5914.1013,-5764.1179,-5543.1473,-5467.5041,-5729.3925,-6187.9971
Croatia,Net Forest conversion,Emissions (CO2),kilotonnes,389.5191,244.3965,244.3965,244.3965,244.3965,244.3965,244.3965,244.3965,244.3965,244.3965,244.3965,0,0,0,0,0,453.6125,453.6125,453.6125,453.6125,453.6125
Croatia,Net Forest conversion,Emissions (CO2),kilotonnes,11.6462,10.726,14.3181,13.3678,25.9391,25.9591,26.151,40.0979,46.5926,94.6747,52.2704,47.3954,43.3089,39.3298,31.7404,45.4948,29.1126,28.4203,27.5163,28.578,26.7408
Croatia,Net Forest conversion,Emissions (CO2eq) (AR5),kilotonnes,389.5191,244.3965,244.3965,244.3965,244.3965,244.3965,244.3965,244.3965,244.3965,244.3965,244.3965,0,0,0,0,0,453.6125,453.6125,453.6125,453.6125,453.6125
Croatia,Net Forest conversion,Emissions (CO2eq) (AR5),kilotonnes,11.6462,10.726,14.3181,13.3678,25.9391,25.9591,26.151,40.0979,46.5926,94.6747,52.2704,47.3954,43.3089,39.3298,31.7404,45.4948,29.1126,28.4203,27.5163,28.578,26.7408
Croatia,Savanna fires,Emissions (CH4),kilotonnes,0.2486,0.1795,0.0317,0.1665,0.015,0.0257,0.0298,0.1996,0.0823,0.0284,0.002,0.1561,0.166,0.0061,0.0087,0.0439,0.0326,0.4659,0.0098,0.0304,0.0787
Croatia,Savanna fires,Emissions (CH4),kilotonnes,0.392,0.119,0.0311,0.1442,0.0386,0.0229,0.0238,0.0869,0.0376,0.0089,0.0047,0.1373,0.1116,0.0189,0.001,0.0626,0.0577,0.3017,0.018,0.0174,0.1405
Croatia,Savanna fires,Emissions (N2O),kilotonnes,0.0227,0.0164,0.0029,0.0152,0.0014,0.0023,0.0027,0.0182,0.0075,0.0026,0.0002,0.0143,0.0152,0.0006,0.0008,0.004,0.003,0.0425,0.0009,0.0028,0.0072
Croatia,Savanna fires,Emissions (N2O),kilotonnes,0.0358,0.0109,0.0028,0.0132,0.0035,0.0021,0.0022,0.0079,0.0034,0.0008,0.0004,0.0125,0.0102,0.0017,0.0001,0.0057,0.0053,0.0275,0.0016,0.0016,0.0128
Croatia,Savanna fires,Emissions (CO2eq) from CH4 (AR5),kilotonnes,6.9598,5.0254,0.8873,4.6618,0.4203,0.7199,0.835,5.5893,2.3045,0.7949,0.0568,4.3722,4.648,0.1704,0.2433,1.2298,0.9134,13.045,0.2749,0.8499,2.2046
Croatia,Savanna fires,Emissions (CO2eq) from CH4 (AR5),kilotonnes,10.976,3.3331,0.8721,4.0369,1.081,0.6403,0.6675,2.4344,1.0523,0.2482,0.1326,3.8438,3.1259,0.5285,0.0285,1.7538,1.6155,8.4482,0.5046,0.4869,3.9327
Croatia,Savanna fires,Emissions (CO2eq) from N2O (AR5),kilotonnes,6.0142,4.3426,0.7667,4.0284,0.3632,0.6221,0.7216,4.8299,1.9914,0.6869,0.0491,3.7781,4.0165,0.1472,0.2102,1.0627,0.7893,11.2726,0.2375,0.7344,1.905
Croatia,Savanna fires,Emissions (CO2eq) from N2O (AR5),kilotonnes,9.4847,2.8802,0.7536,3.4884,0.9341,0.5533,0.5768,2.1037,0.9093,0.2145,0.1146,3.3216,2.7012,0.4567,0.0246,1.5155,1.396,7.3003,0.436,0.4208,3.3983
Croatia,Savanna fires,Emissions (CO2eq) (AR5),kilotonnes,12.9739,9.368,1.654,8.6901,0.7834,1.3419,1.5566,10.4192,4.2959,1.4818,0.1059,8.1503,8.6645,0.3176,0.4535,2.2925,1.7026,24.3175,0.5124,1.5842,4.1096
Croatia,Savanna fires,Emissions (CO2eq) (AR5),kilotonnes,20.4606,6.2133,1.6258,7.5253,2.0151,1.1936,1.2443,4.5381,1.9616,0.4627,0.2472,7.1654,5.827,0.9852,0.0531,3.2693,3.0116,15.7485,0.9406,0.9077,7.331
Croatia,Fires in organic soils,Emissions (CH4),kilotonnes,0,0,0,0,0,0,0,0,0,0,0,0,0,0,0,0,0,0,0,0,0
Croatia,Fires in organic soils,Emissions (CO2),kilotonnes,0,0,0,0,0,0,0,0,0,0,0,0,0,0,0,0,0,0,0,0,0
Croatia,Fires in organic soils,Emissions (CO2eq) from CH4 (AR5),kilotonnes,0,0,0,0,0,0,0,0,0,0,0,0,0,0,0,0,0,0,0,0,0
Croatia,Fires in organic soils,Emissions (CO2eq) (AR5),kilotonnes,0,0,0,0,0,0,0,0,0,0,0,0,0,0,0,0,0,0,0,0,0
Croatia,Forest fires,Emissions (CH4),kilotonnes,0.3924,0.0175,0.0324,0.0224,0.0224,0.0598,0,0.0948,0.1147,0.0199,0.005,0.3292,0.0748,0,0.0199,0.0823,0,0.1147,0.0025,0.0549,0.2494
Croatia,Forest fires,Emissions (N2O),kilotonnes,0.0217,0.0016,0.003,0.002,0.002,0.0055,0,0.0087,0.0105,0.0018,0.0005,0.0301,0.0068,0,0.0018,0.0075,0,0.0105,0.0002,0.005,0.0228
Croatia,Forest fires,Emissions (CO2eq) from CH4 (AR5),kilotonnes,10.9879,0.4888,0.9078,0.6285,0.6285,1.6758,0,2.6534,3.2122,0.5586,0.1397,9.217,2.0948,0,0.5586,2.3032,0,3.2117,0.0698,1.536,6.9821
Croatia,Forest fires,Emissions (CO2eq) from N2O (AR5),kilotonnes,5.7529,0.4224,0.7845,0.5431,0.5431,1.4481,0,2.2929,2.7758,0.4827,0.1207,7.9647,1.8102,0,0.4827,1.9903,0,2.7753,0.0603,1.3273,6.0334
Croatia,Forest fires,Emissions (CO2eq) (AR5),kilotonnes,16.7408,0.9111,1.6923,1.1716,1.1717,3.1239,0,4.9462,5.988,1.0413,0.2604,17.1817,3.905,0,1.0412,4.2935,0,5.987,0.1302,2.8634,13.0155
Croatia,Fires in humid tropical forests,Emissions (CH4),kilotonnes,0,0,0,0,0,0,0,0,0,0,0,0,0,0,0,0,0,0,0,0,0
Croatia,Fires in humid tropical forests,Emissions (N2O),kilotonnes,0,0,0,0,0,0,0,0,0,0,0,0,0,0,0,0,0,0,0,0,0
Croatia,Fires in humid tropical forests,Emissions (CO2eq) from CH4 (AR5),kilotonnes,0,0,0,0,0,0,0,0,0,0,0,0,0,0,0,0,0,0,0,0,0
Croatia,Fires in humid tropical forests,Emissions (CO2eq) from N2O (AR5),kilotonnes,0,0,0,0,0,0,0,0,0,0,0,0,0,0,0,0,0,0,0,0,0
Croatia,Fires in humid tropical forests,Emissions (CO2eq) (AR5),kilotonnes,0,0,0,0,0,0,0,0,0,0,0,0,0,0,0,0,0,0,0,0,0
Croatia,Waste - agri-food systems,Emissions (CH4),kilotonnes,20.9575,33.3443,41.2625,32.9432,56.7529,41.6741,37.2437,38.0323,27.9475,28.2716,28.6282,29.1087,29.1956,29.4143,29.4044,28.9295,28.9785,29.114,29.3799,29.648,29.9003
Croatia,Waste - agri-food systems,Emissions (N2O),kilotonnes,0.1478,0.1532,0.1618,0.1615,0.1701,0.1813,0.188,0.1931,0.1962,0.1961,0.1911,0.194,0.1952,0.1983,0.1957,0.1988,0.201,0.2079,0.2126,0.2189,0.2254
Croatia,Waste - agri-food systems,Emissions (CO2),kilotonnes,62.9741,63.1423,63.5424,64.2205,64.7013,64.9318,65.2102,65.6712,66.0833,65.7799,65.6661,65.7835,65.5206,65.5979,65.5727,65.1737,65.2838,65.475,65.7446,65.7446,65.5211
Croatia,Waste - agri-food systems,Emissions (CO2eq) from CH4 (AR5),kilotonnes,586.81,933.6406,1155.3501,922.4098,1589.0798,1166.874,1042.8235,1064.9051,782.5311,791.6043,801.5888,815.0429,817.4762,823.6006,823.3236,810.0258,811.3986,815.1911,822.636,830.1452,837.2078
Croatia,Waste - agri-food systems,Emissions (CO2eq) from N2O (AR5),kilotonnes,39.1567,40.6068,42.8676,42.7992,45.0706,48.0358,49.8181,51.183,51.9963,51.9572,50.6337,51.4126,51.726,52.5603,51.8564,52.6921,53.2653,55.0877,56.3305,58.0046,59.7298
Croatia,Waste - agri-food systems,Emissions (CO2eq) (AR5),kilotonnes,688.9408,1037.3898,1261.7602,1029.4296,1698.8518,1279.8416,1157.8518,1181.7593,900.6108,909.3414,917.8886,932.239,934.7229,941.7589,940.7527,927.8916,929.9477,935.7538,944.7111,953.8943,962.4587
Croatia,Fertilizers Manufacturing,Emissions (N2O),kilotonnes,0.0876,0.0931,0.0992,0.106,0.1077,0.11,0.1206,0.1081,0.1294,0.1473,0.1453,0.1566,0.1333,0.1492,0.1704,0.1465,0.1645,0.1796,0.1499,0.1687,0.1716
Croatia,Fertilizers Manufacturing,Emissions (CO2),kilotonnes,0,90.8496,188.55,278.6953,339.3858,714.5791,752.8895,764.1875,784.0765,566.8542,749.8449,717.3841,670.2997,1467.6958,1575.3925,1530.8595,1505.4746,1716.4366,1437.2948,1640.2535,1496.7313
Croatia,Fertilizers Manufacturing,Emissions (CO2eq) from N2O (AR5),kilotonnes,23.214,24.6715,26.288,28.09,28.5405,29.15,31.959,28.6465,34.291,39.0345,38.5045,41.499,35.3245,39.538,45.156,38.8225,43.5925,47.594,39.7235,44.7055,45.4763
Croatia,Fertilizers Manufacturing,Emissions (CO2eq) (AR5),kilotonnes,23.214,115.5211,214.838,306.7853,367.9263,743.7291,784.8485,792.834,818.3675,605.8887,788.3494,758.8831,705.6242,1507.2338,1620.5485,1569.682,1549.0671,1764.0306,1477.0183,1684.959,1542.2076
Croatia,On-farm electricity use,Emissions (CH4),kilotonnes,0.0816,0.0816,0.0804,0.0756,0.078,0.0804,0.0816,0.0816,0.084,0.084,0.0816,0.0816,0.0756,0.0744,0.0756,0.0744,0.0744,0.0744,0.0756,0.0756,0.0756
Croatia,On-farm electricity use,Emissions (N2O),kilotonnes,0.0004,0.0004,0.0004,0.0004,0.0004,0.0004,0.0004,0.0004,0.0004,0.0004,0.0004,0.0004,0.0004,0.0003,0.0004,0.0004,0.0004,0.0004,0.0004,0.0004,0.0004
Croatia,On-farm electricity use,Emissions (CO2),kilotonnes,21.3121,22.304,25.7478,26.0893,20.2913,22.117,22.8827,28.6724,25.6865,20.3283,16.0665,22.7243,19.597,20.7913,21.1266,20.7912,20.7913,20.7913,21.1266,21.1266,21.1266
Croatia,On-farm electricity use,Emissions (CO2eq) from CH4 (AR5),kilotonnes,2.2848,2.2848,2.2512,2.1168,2.184,2.2512,2.2848,2.2848,2.352,2.352,2.2848,2.2848,2.1168,2.0832,2.1168,2.0832,2.0832,2.0832,2.1168,2.1168,2.1168
Croatia,On-farm electricity use,Emissions (CO2eq) from N2O (AR5),kilotonnes,0.106,0.106,0.106,0.106,0.106,0.106,0.106,0.106,0.106,0.106,0.106,0.106,0.106,0.0795,0.106,0.106,0.106,0.106,0.106,0.106,0.106
Croatia,On-farm electricity use,Emissions (CO2eq) (AR5),kilotonnes,23.7029,24.6948,28.105,28.3121,22.5813,24.4742,25.2735,31.0632,28.1445,22.7863,18.4573,25.1151,21.8198,22.954,23.3494,22.9804,22.9805,22.9805,23.3494,23.3494,23.3494
Croatia,Food Processing,Emissions (CH4),kilotonnes,0.6072,0.6392,0.6823,0.749,0.8266,0.7435,0.7763,0.8312,0.9072,0.8778,0.9278,0.9276,0.9589,1.0097,0.946,0.9598,0.9596,0.9421,0.9186,0.9186,0.8722
Croatia,Food Processing,Emissions (N2O),kilotonnes,0.0062,0.0069,0.0073,0.0074,0.0076,0.0073,0.0074,0.0074,0.008,0.0072,0.0074,0.0075,0.0075,0.0071,0.0068,0.0068,0.007,0.0068,0.0064,0.0064,0.0065
Croatia,Food Processing,Emissions (CO2),kilotonnes,672.2938,748.4874,821.1946,813.7301,785.3732,823.2747,844.7116,862.1111,964.1558,750.1698,725.2947,788.4428,707.6778,686.7174,682.9134,649.6659,673.9995,640.0212,618.6781,618.6781,564.5438
Croatia,Food Processing,Emissions (CO2eq) from CH4 (AR5),kilotonnes,17.0016,17.8976,19.1044,20.972,23.1448,20.818,21.7364,23.2736,25.4016,24.5784,25.9784,25.9728,26.8492,28.2716,26.488,26.8744,26.8688,26.3788,25.7208,25.7208,24.4223
Croatia,Food Processing,Emissions (CO2eq) from N2O (AR5),kilotonnes,1.643,1.8285,1.9345,1.961,2.014,1.9345,1.961,1.961,2.12,1.908,1.961,1.9875,1.9875,1.8815,1.802,1.802,1.855,1.802,1.696,1.696,1.7252
Croatia,Food Processing,Emissions (CO2eq) (AR5),kilotonnes,690.9384,768.2135,842.2335,836.6631,810.532,846.0272,868.409,887.3457,991.6774,776.6562,753.2341,816.4031,736.5145,716.8705,711.2034,678.3423,702.7233,668.202,646.0949,646.0949,590.6913
Croatia,Food Packaging,Emissions (CH4),kilotonnes,0.2225,0.2313,0.2297,0.2509,0.2311,0.2478,0.2641,0.2692,0.2622,0.2313,0.2399,0.2264,0.2049,0.2004,0.2055,0.2141,0.2174,0.1807,0.1862,0.1654,0.157
Croatia,Food Packaging,Emissions (N2O),kilotonnes,0.0021,0.0022,0.0022,0.0022,0.0018,0.0018,0.0018,0.0018,0.0016,0.0014,0.0014,0.0013,0.0013,0.0011,0.0012,0.0012,0.0013,0.001,0.0011,0.0008,0.0008
Croatia,Food Packaging,Emissions (CO2),kilotonnes,273.0232,293.2251,296.7562,284.2834,221.4199,217.4392,215.0268,238.2828,210.5289,165.6312,147.6598,156.4557,131.5563,122.1072,122.7912,125.3811,133.6286,111.601,113.6412,85.7111,78.2114
Croatia,Food Packaging,Emissions (CO2eq) from CH4 (AR5),kilotonnes,6.23,6.4764,6.4316,7.0252,6.4708,6.9384,7.3948,7.5376,7.3416,6.4764,6.7172,6.3392,5.7372,5.6112,5.754,5.9948,6.0872,5.0596,5.2136,4.6312,4.3974
Croatia,Food Packaging,Emissions (CO2eq) from N2O (AR5),kilotonnes,0.5565,0.583,0.583,0.583,0.477,0.477,0.477,0.477,0.424,0.371,0.371,0.3445,0.3445,0.2915,0.318,0.318,0.3445,0.265,0.2915,0.212,0.2157
Croatia,Food Packaging,Emissions (CO2eq) (AR5),kilotonnes,279.8097,300.2845,303.7708,291.8916,228.3677,224.8546,222.8986,246.2974,218.2945,172.4786,154.748,163.1394,137.638,128.0099,128.8632,131.6939,140.0603,116.9256,119.1463,90.5543,82.8244
Croatia,Food Retail,Emissions (CH4),kilotonnes,0.4093,0.4522,0.4893,0.5316,0.5672,0.6168,0.6493,0.6737,0.7293,0.7348,0.749,0.7645,0.7602,0.7424,0.7146,0.7416,0.7489,0.7935,0.8129,0.8909,0.8459
Croatia,Food Retail,Emissions (N2O),kilotonnes,0.0024,0.0027,0.003,0.0033,0.0034,0.0035,0.0036,0.0036,0.0038,0.0038,0.004,0.004,0.0043,0.0039,0.0037,0.0039,0.004,0.0042,0.0043,0.0046,0.0047
Croatia,Food Retail,Emissions (CO2),kilotonnes,176.9595,205.7294,243.3269,272.9681,236.5473,255.4269,261.8153,307.3953,295.031,250.3531,226.0504,284.6103,260.8686,267.7946,254.9333,276.1466,281.1872,296.0121,301.6482,322.4775,294.2607
Croatia,Food Retail,Emissions (CO2eq) from F-gases (AR5),kilotonnes,18.1825,23.897,30.131,36.365,43.638,49.872,56.106,62.34,62.8595,63.379,63.379,63.8985,63.8985,63.8985,63.8985,63.8985,69.613,71.1715,72.2105,73.769,79.8656
Croatia,Food Retail,Emissions (CO2eq) from CH4 (AR5),kilotonnes,11.4604,12.6616,13.7004,14.8848,15.8816,17.2704,18.1804,18.8636,20.4204,20.5744,20.972,21.406,21.2856,20.7872,20.0088,20.7648,20.9692,22.218,22.7612,24.9452,23.6858
Croatia,Food Retail,Emissions (CO2eq) from N2O (AR5),kilotonnes,0.636,0.7155,0.795,0.8745,0.901,0.9275,0.954,0.954,1.007,1.007,1.06,1.06,1.1395,1.0335,0.9805,1.0335,1.06,1.113,1.1395,1.219,1.24
Croatia,Food Retail,Emissions (CO2eq) (AR5),kilotonnes,207.2384,243.0035,287.9533,325.0924,296.9679,323.4968,337.0557,389.5529,379.3179,335.3135,311.4614,370.9748,347.1922,353.5138,339.8211,361.8434,372.8294,390.5146,397.7594,422.4107,399.0522
Croatia,Food Household Consumption,Emissions (CH4),kilotonnes,1.0068,0.9686,1.042,1.0074,1.0604,1.1115,1.1329,1.0995,1.1555,1.1107,1.1514,1.1241,1.1101,1.0712,1.0304,1.059,1.0463,1.0715,1.0566,1.0566,1.0033
Croatia,Food Household Consumption,Emissions (N2O),kilotonnes,0.0059,0.0058,0.0063,0.0065,0.0066,0.0067,0.0066,0.0063,0.0063,0.0061,0.0064,0.0062,0.0065,0.0059,0.0056,0.0058,0.0057,0.0059,0.0057,0.0057,0.0058
Croatia,Food Household Consumption,Emissions (CO2),kilotonnes,528.2095,554.8394,628.6087,668.2341,602.2902,635.7965,624.9162,664.1975,640.6353,565.0247,529.3316,583.0116,532.9276,529.9358,489.2602,509.4242,512.7179,523.3034,507.6768,507.6768,463.2551
Croatia,Food Household Consumption,Emissions (CO2eq) from CH4 (AR5),kilotonnes,28.1904,27.1208,29.176,28.2072,29.6912,31.122,31.7212,30.786,32.354,31.0996,32.2392,31.4748,31.0828,29.9936,28.8512,29.652,29.2964,30.002,29.5848,29.5848,28.0912
Croatia,Food Household Consumption,Emissions (CO2eq) from N2O (AR5),kilotonnes,1.5635,1.537,1.6695,1.7225,1.749,1.7755,1.749,1.6695,1.6695,1.6165,1.696,1.643,1.7225,1.5635,1.484,1.537,1.5105,1.5635,1.5105,1.5105,1.5365
Croatia,Food Household Consumption,Emissions (CO2eq) (AR5),kilotonnes,557.9634,583.4972,659.4542,698.1638,633.7304,668.694,658.3864,696.653,674.6588,597.7408,563.2668,616.1294,565.7329,561.4929,519.5954,540.6132,543.5248,554.8689,538.7721,538.7721,492.8828
Croatia,Food Transport,Emissions (CH4),kilotonnes,0.0525,0.0501,0.0501,0.0497,0.048,0.0474,0.0498,0.0525,0.0534,0.0522,0.0466,0.0428,0.0392,0.0382,0.0373,0.0377,0.038,0.0372,0.0344,0.0322,0.0306
Croatia,Food Transport,Emissions (N2O),kilotonnes,0.0164,0.0165,0.0169,0.0177,0.0181,0.0184,0.0194,0.0205,0.0201,0.0194,0.0191,0.0186,0.0183,0.0176,0.0179,0.0186,0.0193,0.0207,0.0198,0.0209,0.0213
Croatia,Food Transport,Emissions (CO2),kilotonnes,330.583,335.153,358.816,395.231,408.543,422.059,449.715,477.34,470.155,469.0965,452.476,443.0445,427.6235,433.2175,428.8205,451.4975,468.7175,504.4435,479.6575,526.4786,480.4117
Croatia,Food Transport,Emissions (CO2eq) from CH4 (AR5),kilotonnes,1.47,1.4028,1.4028,1.3916,1.344,1.3272,1.3944,1.47,1.4952,1.4616,1.3048,1.1984,1.0976,1.0696,1.0444,1.0556,1.064,1.0416,0.9632,0.9016,0.8561
Croatia,Food Transport,Emissions (CO2eq) from N2O (AR5),kilotonnes,4.346,4.3725,4.4785,4.6905,4.7965,4.876,5.141,5.4325,5.3265,5.141,5.0615,4.929,4.8495,4.664,4.7435,4.929,5.1145,5.4855,5.247,5.5385,5.634
Croatia,Food Transport,Emissions (CO2eq) (AR5),kilotonnes,336.399,340.9283,364.6973,401.3131,414.6835,428.2622,456.2504,484.2425,476.9767,475.6991,458.8423,449.1719,433.5706,438.9511,434.6084,457.4821,474.896,510.9706,485.8677,532.9187,486.9018
Croatia,Energy,Emissions (CH4),kilotonnes,52.9,59.9,61.7,65.3,65.2,67.4,73.9,77.3,74.4,75.6,77.3,73.1,66.6,63.9,60.9,63.6,61.5,58.4,54.3,51.5,48.9
Croatia,Energy,Emissions (N2O),kilotonnes,0.675,0.674,0.658,0.711,0.689,0.702,0.702,0.708,0.712,0.699,0.704,0.7,0.673,0.659,0.642,0.683,0.69,0.695,0.68,0.696,0.708
Croatia,Energy,Emissions (CO2),kilotonnes,17900,18800,19800,21200,20500,20900,20800,22000,20900,19700,18900,18600,16900,16400,15700,16100,16400,16800,16000,16000,14600
Croatia,Energy,Emissions (CO2eq) from CH4 (AR5),kilotonnes,1481.2,1677.2,1727.6,1828.4,1825.6,1887.2,2069.2,2164.4,2083.2,2116.8,2164.4,2046.8,1864.8,1789.2,1705.2,1780.8,1722,1635.2,1520.4,1442,1369.2
Croatia,Energy,Emissions (CO2eq) from N2O (AR5),kilotonnes,178.875,178.61,174.37,188.415,182.585,186.03,186.03,187.62,188.68,185.235,186.56,185.5,178.345,174.635,170.13,180.995,182.85,184.175,180.2,184.44,187.62
Croatia,Energy,Emissions (CO2eq) (AR5),kilotonnes,19560.075,20655.81,21701.97,23216.815,22508.185,22973.23,23055.23,24352.02,23171.88,22002.035,21250.96,20832.3,18943.145,18363.835,17575.33,18061.795,18304.85,18619.375,17700.6,17626.44,16156.82
Croatia,IPPU,Emissions (CH4),kilotonnes,0.0703,0.0542,0.0524,0.0521,0.0748,0.0532,0.0545,0.0513,0.0462,0.0437,0.0411,0.0353,0.0459,0.0492,0.0558,0.0558,0.0536,0.055,0.0548,0.0493,0.0491
Croatia,IPPU,Emissions (N2O),kilotonnes,2.87,2.43,2.36,2.23,2.7,2.64,2.62,2.89,2.96,2.51,3.2,3.16,2.76,2.85,2.93,3.26,3.01,3.07,3.11,3.11,4.01
Croatia,IPPU,Emissions (CO2),kilotonnes,2570,2640,2710,2820,3470,3440,3730,3890,3710,2710,2810,2590,2530,2660,2870,2810,2640,2930,2890,3130,2990
Croatia,IPPU,Emissions (CO2eq) from F-gases (AR5),kilotonnes,103.006,90.3732,54.9041,62.4838,70.6466,80.3641,87.1664,94.5517,101.0625,102.0342,109.8083,113.6953,131.1869,125.3563,138.9609,151.5937,172.9723,196.2944,215.7295,235.1646,254.5997
Croatia,IPPU,Emissions (CO2eq) from CH4 (AR5),kilotonnes,1.9684,1.5176,1.4672,1.4588,2.0944,1.4896,1.526,1.4364,1.2936,1.2236,1.1508,0.9884,1.2852,1.3776,1.5624,1.5624,1.5008,1.54,1.5344,1.3804,1.3748
Croatia,IPPU,Emissions (CO2eq) from N2O (AR5),kilotonnes,760.55,643.95,625.4,590.95,715.5,699.6,694.3,765.85,784.4,665.15,848,837.4,731.4,755.25,776.45,863.9,797.65,813.55,824.15,824.15,1062.65
Croatia,IPPU,Emissions (CO2eq) (AR5),kilotonnes,3435.5244,3375.8408,3391.7713,3474.8926,4258.241,4221.4537,4512.9924,4751.8381,4596.7561,3478.4078,3768.9591,3542.0837,3393.8721,3541.9839,3786.9733,3827.0561,3612.1231,3941.3844,3931.4139,4190.695,4308.6245
Croatia,Waste,Emissions (CH4),kilotonnes,36,37.3,37.7,39.7,47.4,41.9,47,55.3,54.5,59.4,54.2,57.4,51.1,54.2,53.7,58.2,57.8,58,57.3,56.7,56.7
Croatia,Waste,Emissions (N2O),kilotonnes,0.204,0.203,0.203,0.211,0.213,0.215,0.219,0.224,0.228,0.229,0.228,0.226,0.228,0.235,0.237,0.25,0.242,0.248,0.25,0.255,0.263
Croatia,Waste,Emissions (CO2),kilotonnes,4,4.35,2.47,0.524,0.23,0.107,0.489,0.43,0.444,0.113,0.0298,0.0358,0.0536,0.0298,0.0298,0.0298,0.0358,0,0,0,0
Croatia,Waste,Emissions (CO2eq) from CH4 (AR5),kilotonnes,1008,1044.4,1055.6,1111.6,1327.2,1173.2,1316,1548.4,1526,1663.2,1517.6,1607.2,1430.8,1517.6,1503.6,1629.6,1618.4,1624,1604.4,1587.6,1587.6
Croatia,Waste,Emissions (CO2eq) from N2O (AR5),kilotonnes,54.06,53.795,53.795,55.915,56.445,56.975,58.035,59.36,60.42,60.685,60.42,59.89,60.42,62.275,62.805,66.25,64.13,65.72,66.25,67.575,69.695
Croatia,Waste,Emissions (CO2eq) (AR5),kilotonnes,1066.06,1102.545,1111.865,1168.039,1383.875,1230.282,1374.524,1608.19,1586.864,1723.998,1578.0498,1667.1258,1491.2736,1579.9048,1566.4348,1695.8798,1682.5658,1689.72,1670.65,1655.175,1657.295
Croatia,Other,Emissions (N2O),kilotonnes,0.366,0.375,0.387,0.418,0.398,0.401,0.404,0.425,0.408,0.393,0.368,0.355,0.334,0.325,0.297,0.305,0.304,0.307,0.288,0.274,0.264
Croatia,Other,Emissions (CO2eq) from N2O (AR5),kilotonnes,96.99,99.375,102.555,110.77,105.47,106.265,107.06,112.625,108.12,104.145,97.52,94.075,88.51,86.125,78.705,80.825,80.56,81.355,76.32,72.61,69.96
Croatia,Other,Emissions (CO2eq) (AR5),kilotonnes,96.99,99.375,102.555,110.77,105.47,106.265,107.06,112.625,108.12,104.145,97.52,94.075,88.51,86.125,78.705,80.825,80.56,81.355,76.32,72.61,69.96
Croatia,Farm-gate emissions,Emissions (CH4),kilotonnes,63.6867,64.5459,63.9223,64.705,68.6899,67.441,68.9245,66.7684,62.6764,62.5638,59.9123,60.2537,60.3892,57.3059,58.1155,56.5013,56.3206,56.8302,52.8235,52.9083,51.8977
Croatia,Farm-gate emissions,Direct emissions (N2O),kilotonnes,3.1856,3.0011,3.5185,3.2782,3.8373,3.481,4.5606,4.7818,5.6696,2.969,3.2502,3.5818,3.0623,2.6177,2.5324,2.7392,2.6193,2.9039,2.9539,2.9723,3.0416
Croatia,Farm-gate emissions,Indirect emissions (N2O),kilotonnes,1.0312,0.9654,1.1317,1.0696,1.2451,1.1283,1.4763,1.5532,1.8235,0.9496,1.0467,1.1549,0.9869,0.8336,0.814,0.8806,0.8309,0.9367,0.9454,0.9485,0.9665
Croatia,Farm-gate emissions,Emissions (N2O),kilotonnes,5.0594,4.7924,5.4399,5.1597,5.8895,5.3926,6.8536,7.1446,8.2676,4.6897,5.0312,5.4863,4.774,4.1324,4.0493,4.3132,4.1377,4.564,4.563,4.5905,4.6752
Croatia,Farm-gate emissions,Emissions (CO2),kilotonnes,891.8947,840.3156,782.7876,800.1986,760.8361,760.4325,765.0676,758.7803,808.0958,787.9585,769.9283,782.2099,716.4019,697.8248,700.5322,688.7691,688.3746,681.0865,697.2544,696.1313,696.1313
Croatia,Farm-gate emissions,Emissions (CO2eq) from CH4 (AR5),kilotonnes,1783.2263,1807.285,1789.8237,1811.7401,1923.3166,1888.348,1929.8865,1869.5149,1754.9401,1751.7878,1677.5432,1687.105,1690.8982,1604.5659,1627.2336,1582.0365,1576.976,1591.2452,1479.0572,1481.4324,1453.1369
Croatia,Farm-gate emissions,Emissions (CO2eq) from N2O (AR5),kilotonnes,1340.7348,1269.9975,1441.5756,1367.3253,1560.7159,1429.0268,1816.2034,1893.3167,2190.9204,1242.7685,1333.2705,1453.8667,1265.1129,1095.0914,1073.0748,1142.9954,1096.4868,1209.4648,1209.2031,1216.4906,1238.9367
Croatia,Farm-gate emissions,Emissions (CO2eq) (AR5),kilotonnes,4015.8559,3917.5982,4014.1869,3979.264,4244.8685,4077.8072,4511.1575,4521.6119,4753.9562,3782.5148,3780.742,3923.1815,3672.4131,3397.4822,3400.8405,3413.8011,3361.8374,3481.7964,3385.5147,3394.0544,3388.205
Croatia,Land Use change,Emissions (CH4),kilotonnes,0,0,0,0,0,0,0,0,0,0,0,0,0,0,0,0,0,0,0,0,0
Croatia,Land Use change,Emissions (N2O),kilotonnes,0,0,0,0,0,0,0,0,0,0,0,0,0,0,0,0,0,0,0,0,0
Croatia,Land Use change,Emissions (CO2),kilotonnes,389.5191,244.3965,244.3965,244.3965,244.3965,244.3965,244.3965,244.3965,244.3965,244.3965,244.3965,0,0,0,0,0,453.6125,453.6125,453.6125,453.6125,453.6125
Croatia,Land Use change,Emissions (CO2eq) from CH4 (AR5),kilotonnes,0,0,0,0,0,0,0,0,0,0,0,0,0,0,0,0,0,0,0,0,0
Croatia,Land Use change,Emissions (CO2eq) from N2O (AR5),kilotonnes,0,0,0,0,0,0,0,0,0,0,0,0,0,0,0,0,0,0,0,0,0
Croatia,Land Use change,Emissions (CO2eq) (AR5),kilotonnes,389.5191,244.3965,244.3965,244.3965,244.3965,244.3965,244.3965,244.3965,244.3965,244.3965,244.3965,0,0,0,0,0,453.6125,453.6125,453.6125,453.6125,453.6125
Croatia,Emissions on agricultural land,Emissions (CH4),kilotonnes,63.6867,64.5459,63.9223,64.705,68.6899,67.441,68.9245,66.7684,62.6764,62.5638,59.9123,60.2537,60.3892,57.3059,58.1155,56.5013,56.3206,56.8302,52.8235,52.9083,51.8977
Croatia,Emissions on agricultural land,Emissions (N2O),kilotonnes,5.0594,4.7924,5.4399,5.1597,5.8895,5.3926,6.8536,7.1446,8.2676,4.6897,5.0312,5.4863,4.774,4.1324,4.0493,4.3132,4.1377,4.564,4.563,4.5905,4.6752
Croatia,Emissions on agricultural land,Emissions (CO2),kilotonnes,1281.4138,1084.7121,1027.1842,1044.5951,1005.2326,1004.829,1009.4641,1003.1768,1052.4923,1032.355,1014.3248,782.2099,716.4019,697.8248,700.5322,688.7691,1141.9871,1134.699,1150.8669,1149.7438,1149.7438
Croatia,Emissions on agricultural land,Emissions (CO2eq) from CH4 (AR5),kilotonnes,1783.2263,1807.285,1789.8237,1811.7401,1923.3166,1888.348,1929.8865,1869.5149,1754.9401,1751.7878,1677.5432,1687.105,1690.8982,1604.5659,1627.2336,1582.0365,1576.976,1591.2452,1479.0572,1481.4324,1453.1369
Croatia,Emissions on agricultural land,Emissions (CO2eq) from N2O (AR5),kilotonnes,1340.7348,1269.9975,1441.5756,1367.3253,1560.7159,1429.0268,1816.2034,1893.3167,2190.9204,1242.7685,1333.2705,1453.8667,1265.1129,1095.0914,1073.0748,1142.9954,1096.4868,1209.4648,1209.2031,1216.4906,1238.9367
Croatia,Emissions on agricultural land,Emissions (CO2eq) (AR5),kilotonnes,4405.375,4161.9947,4258.5835,4223.6605,4489.2651,4322.2037,4755.5541,4766.0084,4998.3527,4026.9113,4025.1385,3923.1815,3672.4131,3397.4822,3400.8405,3413.8011,3815.4499,3935.4089,3839.1272,3847.6669,3841.8175
Croatia,Pre- and post- production,Emissions (CH4),kilotonnes,23.3374,35.7673,43.8363,35.6074,59.5642,44.5215,40.1977,41.04,31.1391,31.3624,31.8245,32.2757,32.3445,32.5506,32.4138,32.0161,32.0631,32.2134,32.4642,32.7873,32.8849
Croatia,Pre- and post- production,Emissions (N2O),kilotonnes,0.2688,0.2808,0.2971,0.305,0.3157,0.3294,0.3478,0.3412,0.3658,0.3817,0.3751,0.3886,0.3668,0.3834,0.4017,0.382,0.4032,0.4265,0.4002,0.4264,0.4365
Croatia,Pre- and post- production,Emissions (CO2),kilotonnes,2065.3552,2313.7302,2626.5426,2803.4518,2678.552,3155.6242,3237.1673,3407.8578,3456.3523,2853.2377,2912.39,3061.4568,2816.0711,3593.8575,3640.8104,3628.9397,3661.8004,3878.0841,3545.4678,3788.1468,3464.0617
Croatia,Pre- and post- production,Emissions (CO2eq) from F-gases (AR5),kilotonnes,18.1825,23.897,30.131,36.365,43.638,49.872,56.106,62.34,62.8595,63.379,63.379,63.8985,63.8985,63.8985,63.8985,63.8985,69.613,71.1715,72.2105,73.769,79.8656
Croatia,Pre- and post- production,Emissions (CO2eq) from CH4 (AR5),kilotonnes,653.4472,1001.4846,1227.4165,997.0074,1667.7962,1246.6012,1125.5355,1149.1207,871.8959,878.1467,891.0852,903.7189,905.6454,911.417,907.5868,896.4506,897.7674,901.9743,908.9964,918.0456,920.7774
Croatia,Pre- and post- production,Emissions (CO2eq) from N2O (AR5),kilotonnes,71.2217,74.4208,78.7221,80.8267,83.6546,87.2823,92.1651,90.4295,96.9403,101.1412,99.3937,102.9816,97.2,101.6118,106.4464,101.2401,106.8483,113.0167,106.0445,112.9921,115.6635
Croatia,Pre- and post- production,Emissions (CO2eq) (AR5),kilotonnes,2808.2066,3413.5327,3962.8123,3917.651,4473.6409,4539.3797,4510.9739,4709.748,4488.0481,3895.9046,3966.2479,4132.0558,3882.8151,4670.7849,4718.7421,4690.5289,4736.0291,4964.2466,4632.7192,4892.9534,4580.3682
Croatia,Agri-food systems,Emissions (CH4),kilotonnes,87.0241,100.3132,107.7586,100.3124,128.254,111.9625,109.1222,107.8084,93.8156,93.9262,91.7367,92.5294,92.7337,89.8565,90.5293,88.5174,88.3837,89.0436,85.2876,85.6956,84.7827
Croatia,Agri-food systems,Emissions (N2O),kilotonnes,5.3281,5.0733,5.737,5.4647,6.2052,5.7219,7.2014,7.4858,8.6334,5.0714,5.4063,5.8749,5.1408,4.5159,4.451,4.6952,4.5409,4.9905,4.9632,5.0169,5.1117
Croatia,Agri-food systems,Emissions (CO2),kilotonnes,3346.769,3398.4423,3653.7268,3848.0469,3683.7846,4160.4532,4246.6315,4411.0346,4508.8446,3885.5928,3926.7148,3843.6667,3532.473,4291.6824,4341.3425,4317.7088,4803.7875,5012.783,4696.3348,4937.8906,4613.8055
Croatia,Agri-food systems,Emissions (CO2eq) from F-gases (AR5),kilotonnes,18.1825,23.897,30.131,36.365,43.638,49.872,56.106,62.34,62.8595,63.379,63.379,63.8985,63.8985,63.8985,63.8985,63.8985,69.613,71.1715,72.2105,73.769,79.8656
Croatia,Agri-food systems,Emissions (CO2eq) from CH4 (AR5),kilotonnes,2436.6736,2808.7697,3017.2402,2808.7475,3591.1128,3134.9492,3055.422,3018.6356,2626.836,2629.9345,2568.6284,2590.8239,2596.5437,2515.983,2534.8203,2478.4871,2474.7434,2493.2195,2388.0536,2399.478,2373.9143
Croatia,Agri-food systems,Emissions (CO2eq) from N2O (AR5),kilotonnes,1411.9565,1344.4184,1520.2977,1448.152,1644.3705,1516.3091,1908.3685,1983.7462,2287.8607,1343.9097,1432.6642,1556.8483,1362.313,1196.7032,1179.5212,1244.2355,1203.3351,1322.4815,1315.2476,1329.4827,1354.6002
Croatia,Agri-food systems,Emissions (CO2eq) (AR5),kilotonnes,7213.5816,7575.5273,8221.3957,8141.3115,8962.9059,8861.5835,9266.528,9475.7563,9486.4008,7922.8159,7991.3864,8055.2374,7555.2281,8068.267,8119.5826,8104.3299,8551.4791,8899.6555,8471.8464,8740.6203,8422.1856
Croatia,IPCC Agriculture,Emissions (CH4),kilotonnes,63.5647,64.4227,63.8076,64.5658,68.4926,67.2858,68.7763,66.6017,62.4952,62.4039,59.7476,60.0947,60.2455,57.1771,57.9918,56.3943,56.2327,56.7388,52.7311,52.8222,51.8117
Croatia,IPCC Agriculture,Emissions (CH4),kilotonnes,62.7744,63.6561,62.9209,66.119,68.4037,68.8279,70.5254,67.8967,64.4319,65.3271,64.8591,62.9987,62.8781,60.0575,59.3052,58.9512,60.6701,58.7884,55.2527,55.2354,53.6617
Croatia,IPCC Agriculture,Direct emissions (N2O),kilotonnes,3.1856,3.0011,3.5185,3.2782,3.8373,3.481,4.5606,4.7818,5.6696,2.969,3.2502,3.5818,3.0623,2.6177,2.5324,2.7392,2.6193,2.9039,2.9539,2.9723,3.0416
Croatia,IPCC Agriculture,Indirect emissions (N2O),kilotonnes,1.0312,0.9654,1.1317,1.0696,1.2451,1.1283,1.4763,1.5532,1.8235,0.9496,1.0467,1.1549,0.9869,0.8336,0.814,0.8806,0.8309,0.9367,0.9454,0.9485,0.9665
Croatia,IPCC Agriculture,Emissions (N2O),kilotonnes,4.7651,4.5168,5.1842,4.8965,5.6458,5.1489,6.6027,6.8985,8.0078,4.4338,4.7839,5.234,4.544,3.9075,3.8231,4.0871,3.913,4.3405,4.3333,4.3601,4.4448
Croatia,IPCC Agriculture,Emissions (N2O),kilotonnes,4.658,4.9361,4.8266,4.5795,4.8841,4.9358,4.9856,4.9181,5.8968,4.1673,4.427,4.7049,4.3152,3.7496,3.5765,3.8481,3.7232,4.1556,4.1713,4.1619,4.2134
Croatia,IPCC Agriculture,Emissions (CO2),kilotonnes,60.8659,92.0949,80.7554,71.7926,75.9403,85.4614,80.6671,89.3244,96.6025,76.9625,88.0373,105.1783,101.234,74.6147,69.4668,69.3401,76.1662,81.1278,72.2429,75.6599,95.1766
Croatia,IPCC Agriculture,Emissions (CO2eq) from CH4 (AR5),kilotonnes,1779.812,1803.8355,1786.6129,1807.8423,1917.7938,1884.0028,1925.7369,1864.847,1749.8646,1747.3093,1672.9331,1682.6517,1686.874,1600.9594,1623.7701,1579.0396,1574.5164,1588.687,1476.4715,1479.0223,1450.7268
Croatia,IPCC Agriculture,Emissions (CO2eq) from CH4 (AR5),kilotonnes,1757.6831,1782.3714,1761.7857,1851.3326,1915.3043,1927.1821,1974.7106,1901.1089,1804.0946,1829.1591,1816.0539,1763.9634,1760.5856,1681.6091,1660.5454,1650.6327,1698.7639,1646.0755,1547.076,1546.5921,1502.5272
Croatia,IPCC Agriculture,Emissions (CO2eq) from N2O (AR5),kilotonnes,1262.7454,1196.9553,1373.811,1297.5776,1496.1269,1364.4659,1749.707,1828.0992,2122.0747,1174.9476,1267.7269,1387.0226,1204.1574,1035.4769,1013.1277,1083.0775,1036.9396,1150.2406,1148.3321,1155.4349,1177.8809
Croatia,IPCC Agriculture,Emissions (CO2eq) from N2O (AR5),kilotonnes,1234.3584,1308.074,1279.0405,1213.5561,1294.2945,1307.9951,1321.1939,1303.3016,1562.6612,1104.3426,1173.152,1246.7991,1143.522,993.6366,947.7837,1019.7472,986.6542,1101.2444,1105.4046,1102.8994,1116.5534
Croatia,IPCC Agriculture,Emissions (CO2eq) (AR5),kilotonnes,3042.5574,3000.7907,3160.4239,3105.4199,3413.9207,3248.4687,3675.444,3692.9461,3871.9393,2922.2568,2940.66,3069.6742,2891.0315,2636.4363,2636.8978,2662.117,2611.456,2738.9276,2624.8036,2634.4571,2628.6077
Croatia,IPCC Agriculture,Emissions (CO2eq) (AR5),kilotonnes,3052.9074,3182.5403,3121.5815,3136.6813,3285.5391,3320.6386,3376.5715,3293.7349,3463.3583,3010.4642,3077.2432,3115.9408,3005.3417,2749.8604,2677.796,2739.7201,2761.5843,2828.4476,2724.7235,2725.1514,2714.2572
Croatia,Agricultural Soils,Direct emissions (N2O),kilotonnes,3.1856,3.0011,3.5185,3.2782,3.8373,3.481,4.5606,4.7818,5.6696,2.969,3.2502,3.5818,3.0623,2.6177,2.5324,2.7392,2.6193,2.9039,2.9539,2.9723,3.0416
Croatia,Agricultural Soils,Direct emissions (N2O),kilotonnes,3.0255,3.235,3.1634,2.9536,3.1737,3.2436,3.2685,3.2379,4.0253,2.709,2.9159,3.1501,2.8609,2.4642,2.3263,2.5328,2.4277,2.7508,2.7913,2.782,2.8385
Croatia,Agricultural Soils,Indirect emissions (N2O),kilotonnes,1.0312,0.9654,1.1317,1.0696,1.2451,1.1283,1.4763,1.5532,1.8235,0.9496,1.0467,1.1549,0.9869,0.8336,0.814,0.8806,0.8309,0.9367,0.9454,0.9485,0.9665
Croatia,Agricultural Soils,Indirect emissions (N2O),kilotonnes,0.9886,1.0543,1.0274,0.9729,1.0383,1.0574,1.0631,1.0584,1.2916,0.8717,0.9457,1.018,0.9246,0.7826,0.7445,0.8131,0.7696,0.8835,0.8898,0.8861,0.8983
Croatia,Agricultural Soils,Emissions (N2O),kilotonnes,4.2218,3.973,4.6565,4.3541,5.0876,4.6145,6.0421,6.3419,7.5,3.9255,4.3039,4.7436,4.0561,3.4582,3.3533,3.6268,3.4571,3.8475,3.9062,3.9273,4.0146
Croatia,Agricultural Soils,Emissions (N2O),kilotonnes,4.0141,4.2893,4.1908,3.9265,4.212,4.3009,4.3316,4.2964,5.3169,3.5807,3.8616,4.1681,3.7855,3.2468,3.0708,3.3459,3.1973,3.6343,3.681,3.6681,3.7369
Croatia,Agricultural Soils,Emissions (CO2eq) from N2O (AR5),kilotonnes,1118.7902,1052.8573,1233.9823,1153.837,1348.2135,1222.8491,1601.1642,1680.5982,1987.509,1040.2528,1140.5221,1257.0472,1074.873,916.4265,888.6341,961.0958,916.1305,1019.5761,1035.1383,1040.7462,1063.8766
Croatia,Agricultural Soils,Emissions (CO2eq) from N2O (AR5),kilotonnes,1063.7415,1136.6612,1110.5623,1040.5242,1116.1819,1139.7511,1147.8775,1138.5333,1408.9788,948.8912,1023.3233,1104.5482,1003.1558,860.3991,813.7743,886.6628,847.2913,963.0909,975.4699,972.0351,990.275
Croatia,Agricultural Soils,Emissions (CO2eq) (AR5),kilotonnes,1118.7902,1052.8573,1233.9823,1153.837,1348.2135,1222.8491,1601.1642,1680.5982,1987.509,1040.2528,1140.5221,1257.0472,1074.873,916.4265,888.6341,961.0958,916.1305,1019.5761,1035.1383,1040.7462,1063.8766
Croatia,Agricultural Soils,Emissions (CO2eq) (AR5),kilotonnes,1063.7415,1136.6612,1110.5623,1040.5242,1116.1819,1139.7511,1147.8775,1138.5333,1408.9788,948.8912,1023.3233,1104.5482,1003.1558,860.3991,813.7743,886.6628,847.2913,963.0909,975.4699,972.0351,990.275
Croatia,LULUCF,Emissions (CH4),kilotonnes,0.3924,0.0175,0.0324,0.0224,0.0224,0.0598,0,0.0948,0.1147,0.0199,0.005,0.3292,0.0748,0,0.0199,0.0823,0,0.1147,0.0025,0.0549,0.2494
Croatia,LULUCF,Emissions (CH4),kilotonnes,3.8763,0.7598,0.2558,1.582,0.1167,0.1094,0.2423,1.2706,0.3832,0.2038,0.0704,0.7451,1.5552,0.0771,0.0129,0.5586,0.3567,2.7694,0.0521,0.1047,
Croatia,LULUCF,Emissions (N2O),kilotonnes,0.0217,0.0016,0.003,0.002,0.002,0.0055,0,0.0087,0.0105,0.0018,0.0005,0.0301,0.0068,0,0.0018,0.0075,0,0.0105,0.0002,0.005,0.0228
Croatia,LULUCF,Emissions (N2O),kilotonnes,0.3505,0.1877,0.1761,0.2731,0.2077,0.2262,0.253,0.3388,0.3145,0.3301,0.3492,0.4216,0.4957,0.4106,0.4065,0.439,0.4277,0.57,0.4096,0.4123,
Croatia,LULUCF,Emissions (CO2),kilotonnes,-857.9397,-833.6088,-833.9277,-833.9277,-835.5228,-835.5228,-835.5228,-833.0559,-833.0559,-833.0559,-833.0559,-1501.0053,-1501.0053,-1501.0053,-1501.0053,-1501.0053,-4346.1095,-4346.1095,-4346.1095,-4346.5771,-4346.5771
Croatia,LULUCF,Emissions (CO2),kilotonnes,-7085.5504,-7861.5914,-8152.4139,-7384.0559,-7641.7721,-7876.654,-7687.4049,-6929.5127,-7290.6906,-7246.568,-7068.6447,-5907.1766,-5511.2653,-6233.0697,-6292.1487,-5589.6939,-5658.8797,-5001.0468,-5517.3104,-5682.2567,
Croatia,LULUCF,Emissions (CO2eq) from CH4 (AR5),kilotonnes,10.9879,0.4888,0.9078,0.6285,0.6285,1.6758,0,2.6534,3.2122,0.5586,0.1397,9.217,2.0948,0,0.5586,2.3032,0,3.2117,0.0698,1.536,6.9821
Croatia,LULUCF,Emissions (CO2eq) from N2O (AR5),kilotonnes,5.7529,0.4224,0.7845,0.5431,0.5431,1.4481,0,2.2929,2.7758,0.4827,0.1207,7.9647,1.8102,0,0.4827,1.9903,0,2.7753,0.0603,1.3273,6.0334
Croatia,LULUCF,Emissions (CO2eq) (AR5),kilotonnes,-841.199,-832.6976,-832.2354,-832.7561,-834.3511,-832.3988,-835.5228,-828.1097,-827.0679,-832.0146,-832.7955,-1483.8235,-1497.1003,-1501.0053,-1499.964,-1496.7118,-4346.1095,-4340.1226,-4345.9793,-4343.7137,-4333.5616
Croatia,LULUCF,Emissions (CO2eq) (AR5),kilotonnes,-7085.5504,-7861.5914,-8152.4139,-7384.0559,-7641.7721,-7876.654,-7687.4049,-6929.5127,-7290.6906,-7246.568,-7068.6447,-5907.1766,-5511.2653,-6233.0697,-6292.1487,-5589.6939,-5658.8797,-5001.0468,-5517.3104,-5682.2567,
Croatia,AFOLU,Emissions (CH4),kilotonnes,63.9571,64.4402,63.84,64.5882,68.5151,67.3457,68.7763,66.6964,62.6099,62.4239,59.7526,60.4239,60.3203,57.1771,58.0117,56.4765,56.2327,56.8535,52.7336,52.8771,52.061
Croatia,AFOLU,Emissions (N2O),kilotonnes,4.7868,4.5184,5.1872,4.8986,5.6478,5.1544,6.6027,6.9071,8.0183,4.4356,4.7843,5.2641,4.5508,3.9075,3.8249,4.0946,3.913,4.351,4.3336,4.3651,4.4676
Croatia,AFOLU,Emissions (CO2),kilotonnes,-857.9397,-833.6088,-833.9277,-833.9277,-835.5228,-835.5228,-835.5228,-833.0559,-833.0559,-833.0559,-833.0559,-1501.0053,-1501.0053,-1501.0053,-1501.0053,-1501.0053,-4346.1095,-4346.1095,-4346.1095,-4346.5771,-4346.5771
Croatia,AFOLU,Emissions (CO2eq) from CH4 (AR5),kilotonnes,1790.7999,1804.3242,1787.5207,1808.4708,1918.4223,1885.6786,1925.7369,1867.5003,1753.0768,1747.8678,1673.0728,1691.8687,1688.9688,1600.9594,1624.3287,1581.3428,1574.5164,1591.8987,1476.5414,1480.5583,1457.7089
Croatia,AFOLU,Emissions (CO2eq) from N2O (AR5),kilotonnes,1268.4983,1197.3776,1374.5955,1298.1207,1496.67,1365.9141,1749.707,1830.3921,2124.8505,1175.4303,1267.8476,1394.9873,1205.9676,1035.4769,1013.6104,1085.0677,1036.9396,1153.0159,1148.3924,1156.7622,1183.9144
Croatia,AFOLU,Emissions (CO2eq) (AR5),kilotonnes,2201.3585,2168.0931,2328.1885,2272.6638,2579.5696,2416.0699,2839.9212,2864.8365,3044.8713,2090.2422,2107.8644,1585.8507,1393.9312,1135.431,1136.9338,1165.4052,-1734.6535,-1601.195,-1721.1757,-1709.2566,-1704.9538
Croatia,All sectors with LULUCF,Emissions (CH4),kilotonnes,152.9274,161.6944,163.2924,169.6403,181.1899,176.6989,189.7308,199.3477,191.5561,197.4676,191.2937,190.9592,178.0662,175.3263,172.6675,178.3323,175.5863,173.3085,164.3884,161.1264,157.7101
Croatia,All sectors with LULUCF,Emissions (N2O),kilotonnes,8.9018,8.2004,8.7952,8.4686,9.6478,9.1124,10.5477,11.1541,12.3263,8.2666,9.2843,9.7051,8.5458,7.9765,7.9309,8.5926,8.159,8.671,8.6616,8.7001,9.7126
Croatia,All sectors with LULUCF,Emissions (CO2),kilotonnes,19616.0603,20610.7412,21678.5423,23186.5963,23134.7072,23504.5842,23694.9662,25057.3741,23777.3881,21577.0571,20876.9739,19689.0305,17929.0483,17559.0245,17069.0245,17409.0245,14693.9263,15383.8905,14543.8905,14783.4229,13243.4229
Croatia,All sectors with LULUCF,Emissions (CO2eq) from F-gases (AR5),kilotonnes,103.006,90.3732,54.9041,62.4838,70.6466,80.3641,87.1664,94.5517,101.0625,102.0342,109.8083,113.6953,131.1869,125.3563,138.9609,151.5937,172.9723,196.2944,215.7295,235.1646,254.5997
Croatia,All sectors with LULUCF,Emissions (CO2eq) from CH4 (AR5),kilotonnes,4281.9683,4527.4418,4572.1879,4749.9296,5073.3167,4947.5682,5312.4629,5581.7367,5363.5704,5529.0914,5356.2236,5346.8571,4985.854,4909.137,4834.6911,4993.3052,4916.4172,4852.6387,4602.8758,4511.5387,4415.8837
Croatia,All sectors with LULUCF,Emissions (CO2eq) from N2O (AR5),kilotonnes,2358.9733,2173.1076,2330.7155,2244.1707,2556.67,2414.7841,2795.132,2955.8471,3266.4705,2190.6453,2460.3476,2571.8523,2264.6426,2113.7619,2101.7004,2277.0377,2162.1296,2297.8159,2295.3124,2305.5372,2573.8394
Croatia,All sectors with LULUCF,Emissions (CO2eq) (AR5),kilotonnes,26360.0079,27401.6639,28636.3499,30243.1804,30835.3406,30947.3006,31889.7276,33689.5096,32508.4914,29398.828,28803.3533,27721.4352,25310.7318,24707.2797,24144.3769,24830.9611,21945.4454,22730.6395,21657.8082,21835.6634,20487.7457
Croatia,All sectors without LULUCF,Emissions (CH4),kilotonnes,152.535,161.6769,163.26,169.6179,181.1674,176.639,189.7308,199.253,191.4414,197.4476,191.2887,190.63,177.9914,175.3263,172.6476,178.2501,175.5863,173.1938,164.3859,161.0715,157.4608
Croatia,All sectors without LULUCF,Emissions (N2O),kilotonnes,8.8801,8.1988,8.7922,8.4665,9.6458,9.1069,10.5477,11.1455,12.3158,8.2648,9.2839,9.675,8.539,7.9765,7.9291,8.5851,8.159,8.6605,8.6613,8.6951,9.6898
Croatia,All sectors without LULUCF,Emissions (CO2),kilotonnes,20474,21444.35,22512.47,24020.524,23970.23,24340.107,24530.489,25890.43,24610.444,22410.113,21710.0298,21190.0358,19430.0536,19060.0298,18570.0298,18910.0298,19040.0358,19730,18890,19130,17590
Croatia,All sectors without LULUCF,Emissions (CO2eq) from F-gases (AR5),kilotonnes,103.006,90.3732,54.9041,62.4838,70.6466,80.3641,87.1664,94.5517,101.0625,102.0342,109.8083,113.6953,131.1869,125.3563,138.9609,151.5937,172.9723,196.2944,215.7295,235.1646,254.5997
Croatia,All sectors without LULUCF,Emissions (CO2eq) from CH4 (AR5),kilotonnes,4270.9804,4526.9531,4571.2801,4749.3011,5072.6882,4945.8924,5312.4629,5579.0834,5360.3582,5528.5329,5356.0839,5337.6401,4983.7592,4909.137,4834.1325,4991.002,4916.4172,4849.427,4602.8059,4510.0027,4408.9016
Croatia,All sectors without LULUCF,Emissions (CO2eq) from N2O (AR5),kilotonnes,2353.2204,2172.6853,2329.931,2243.6276,2556.1269,2413.3359,2795.132,2953.5542,3263.6947,2190.1626,2460.2269,2563.8876,2262.8324,2113.7619,2101.2177,2275.0475,2162.1296,2295.0406,2295.2521,2304.2099,2567.8059
Croatia,All sectors without LULUCF,Emissions (CO2eq) (AR5),kilotonnes,27201.2068,28234.3615,29468.5853,31075.9365,31669.6916,31779.6994,32725.2504,34517.6193,33335.5593,30230.8427,29636.1488,29205.2587,26807.8321,26208.285,25644.3409,26327.6729,26291.5549,27070.762,26003.7875,26179.3772,24821.3072
Cuba,Crop Residues,Direct emissions (N2O),kilotonnes,0.199,0.2019,0.2179,0.2313,0.1968,0.1651,0.1635,0.1703,0.1719,0.2178,0.1869,0.2127,0.2207,0.2321,0.2141,0.1638,0.194,0.168,0.1821,0.1536,0.1114
Cuba,Crop Residues,Indirect emissions (N2O),kilotonnes,0.0448,0.0454,0.049,0.0521,0.0443,0.0372,0.0368,0.0383,0.0387,0.049,0.042,0.0479,0.0497,0.0522,0.0482,0.0369,0.0436,0.0378,0.041,0.0346,0.0251
Cuba,Crop Residues,Emissions (N2O),kilotonnes,0.2438,0.2473,0.2669,0.2834,0.2411,0.2023,0.2003,0.2086,0.2106,0.2668,0.2289,0.2605,0.2704,0.2843,0.2623,0.2007,0.2376,0.2058,0.223,0.1882,0.1364
Cuba,Crop Residues,Emissions (CO2eq) from N2O (AR5),kilotonnes,64.6069,65.5336,70.7234,75.0999,63.8853,53.604,53.0897,55.2752,55.8027,70.6912,60.6625,69.0398,71.6499,75.3335,69.5134,53.1753,62.9655,54.537,59.0987,49.876,36.1506
Cuba,Crop Residues,Emissions (CO2eq) (AR5),kilotonnes,64.6069,65.5336,70.7234,75.0999,63.8853,53.604,53.0897,55.2752,55.8027,70.6912,60.6625,69.0398,71.6499,75.3335,69.5134,53.1753,62.9655,54.537,59.0987,49.876,36.1506
Cuba,Rice Cultivation,Emissions (CH4),kilotonnes,56.0308,51.4794,55.4246,57.288,44.1913,35.6152,39.9921,38.1077,43.5439,60.4103,49.4001,58.2529,56.7582,55.3904,48.0402,31.4065,39.2045,31.4597,37.4405,32.7905,20.8869
Cuba,Rice Cultivation,Emissions (CO2eq) from CH4 (AR5),kilotonnes,1568.8624,1441.4232,1551.8888,1604.064,1237.3558,997.2245,1119.7794,1067.0162,1219.2298,1691.4878,1383.2034,1631.0806,1589.2307,1550.9323,1345.1245,879.3814,1097.7254,880.871,1048.3334,918.1346,584.8326
Cuba,Rice Cultivation,Emissions (CO2eq) (AR5),kilotonnes,1568.8624,1441.4232,1551.8888,1604.064,1237.3558,997.2245,1119.7794,1067.0162,1219.2298,1691.4878,1383.2034,1631.0806,1589.2307,1550.9323,1345.1245,879.3814,1097.7254,880.871,1048.3334,918.1346,584.8326
Cuba,Burning - Crop residues,Emissions (CH4),kilotonnes,2.465,2.3868,2.4513,1.7908,1.7865,1.5166,1.2388,1.1619,1.2473,1.634,1.6282,1.5841,1.3497,1.4774,1.4679,1.3347,1.408,1.4506,1.141,1.2098,1.0186
Cuba,Burning - Crop residues,Emissions (CH4),kilotonnes,1.76,,1.45,,,,,,,,,,,,,,,,,,
Cuba,Burning - Crop residues,Emissions (N2O),kilotonnes,0.0639,0.0619,0.0636,0.0464,0.0463,0.0393,0.0321,0.0301,0.0323,0.0424,0.0422,0.0411,0.035,0.0383,0.0381,0.0346,0.0365,0.0376,0.0296,0.0314,0.0264
Cuba,Burning - Crop residues,Emissions (N2O),kilotonnes,0.03,,0.02,,,,,,,,,,,,,,,,,,
Cuba,Burning - Crop residues,Emissions (CO2eq) from CH4 (AR5),kilotonnes,69.0197,66.8295,68.6365,50.1415,50.0217,42.4658,34.6876,32.5331,34.9234,45.753,45.5909,44.3551,37.7915,41.366,41.1012,37.3723,39.4229,40.6178,31.9491,33.8733,28.5194
Cuba,Burning - Crop residues,Emissions (CO2eq) from CH4 (AR5),kilotonnes,49.28,,40.6,,,,,,,,,,,,,,,,,,
Cuba,Burning - Crop residues,Emissions (CO2eq) from N2O (AR5),kilotonnes,16.9354,16.398,16.8414,12.3032,12.2739,10.4199,8.5113,7.9827,8.5692,11.2264,11.1867,10.8834,9.2729,10.15,10.085,9.17,9.6732,9.9664,7.8394,8.3115,6.9978
Cuba,Burning - Crop residues,Emissions (CO2eq) from N2O (AR5),kilotonnes,7.95,,5.3,,,,,,,,,,,,,,,,,,
Cuba,Burning - Crop residues,Emissions (CO2eq) (AR5),kilotonnes,85.955,83.2275,85.4778,62.4447,62.2956,52.8857,43.1989,40.5158,43.4926,56.9795,56.7775,55.2386,47.0644,51.516,51.1862,46.5423,49.0961,50.5842,39.7885,42.1848,35.5173
Cuba,Burning - Crop residues,Emissions (CO2eq) (AR5),kilotonnes,57.23,,45.9,,,,,,,,,,,,,,,,,,
Cuba,Enteric Fermentation,Emissions (CH4),kilotonnes,264.4623,260.4903,257.8942,261.5669,255.458,240.4857,245.21,248.1782,250.8326,255.3365,259.9496,261.6414,262.695,263.8545,267.6255,263.3888,262.617,253.8285,251.1381,249.1801,244.0208
Cuba,Enteric Fermentation,Emissions (CH4),kilotonnes,174.14,,169.65,,,,,,,,,,,,,,,,,,
Cuba,Enteric Fermentation,Emissions (CO2eq) from CH4 (AR5),kilotonnes,7404.9447,7293.7292,7221.0364,7323.8742,7152.8254,6733.5996,6865.88,6948.9896,7023.3128,7149.422,7278.5888,7325.9592,7355.46,7387.926,7493.5127,7374.8864,7353.276,7107.198,7031.8668,6977.0428,6832.5824
Cuba,Enteric Fermentation,Emissions (CO2eq) from CH4 (AR5),kilotonnes,4875.92,,4750.2,,,,,,,,,,,,,,,,,,
Cuba,Enteric Fermentation,Emissions (CO2eq) (AR5),kilotonnes,7404.9447,7293.7292,7221.0364,7323.8742,7152.8254,6733.5996,6865.88,6948.9896,7023.3128,7149.422,7278.5888,7325.9592,7355.46,7387.926,7493.5127,7374.8864,7353.276,7107.198,7031.8668,6977.0428,6832.5824
Cuba,Enteric Fermentation,Emissions (CO2eq) (AR5),kilotonnes,4875.92,,4750.2,,,,,,,,,,,,,,,,,,
Cuba,Manure Management,Emissions (CH4),kilotonnes,7.8242,7.3805,7.5864,7.7987,7.6541,7.4893,7.8281,8.0079,8.1024,8.136,8.048,8.0777,8.0934,8.2751,8.4728,8.5052,8.8071,8.7265,8.9518,9.4949,7.5998
Cuba,Manure Management,Emissions (CH4),kilotonnes,7.57,,7.18,,,,,,,,,,,,,,,,,,
Cuba,Manure Management,Emissions (N2O),kilotonnes,0.5564,0.4627,0.5259,0.5609,0.5339,0.5415,0.584,0.6152,0.6183,0.5924,0.5453,0.5268,0.5286,0.5513,0.5642,0.5777,0.6375,0.6648,0.7273,0.8483,0.4052
Cuba,Manure Management,Emissions (N2O),kilotonnes,0.03,,0.03,,,,,,,,,,,,,,,,,,
Cuba,Manure Management,Emissions (CO2eq) from CH4 (AR5),kilotonnes,219.0768,206.6535,212.4195,218.3647,214.3148,209.6991,219.1867,224.2224,226.8673,227.8074,225.3431,226.1764,226.6146,231.7041,237.2378,238.1451,246.5975,244.3414,250.6511,265.8559,212.7949
Cuba,Manure Management,Emissions (CO2eq) from CH4 (AR5),kilotonnes,211.96,,201.04,,,,,,,,,,,,,,,,,,
Cuba,Manure Management,Emissions (CO2eq) from N2O (AR5),kilotonnes,147.4515,122.6202,139.3676,148.6388,141.476,143.4952,154.7492,163.0176,163.8444,156.9872,144.4989,139.6004,140.0844,146.0899,149.5112,153.1013,168.9344,176.1728,192.7266,224.7954,107.3862
Cuba,Manure Management,Emissions (CO2eq) from N2O (AR5),kilotonnes,7.95,,7.95,,,,,,,,,,,,,,,,,,
Cuba,Manure Management,Emissions (CO2eq) (AR5),kilotonnes,366.5283,329.2736,351.7871,367.0035,355.7908,353.1943,373.9359,387.24,390.7117,384.7946,369.842,365.7768,366.699,377.794,386.749,391.2464,415.5319,420.5142,443.3777,490.6514,320.181
Cuba,Manure Management,Emissions (CO2eq) (AR5),kilotonnes,219.91,,208.99,,,,,,,,,,,,,,,,,,
Cuba,Manure left on Pasture,Direct emissions (N2O),kilotonnes,5.9568,5.8617,5.8236,5.9058,5.8447,5.5945,5.771,5.8045,5.8672,5.9538,6.0087,6.082,6.0718,6.0918,6.2021,6.1194,6.1481,5.9483,5.8809,5.8352,5.7297
Cuba,Manure left on Pasture,Indirect emissions (N2O),kilotonnes,1.4609,1.4431,1.4449,1.467,1.4537,1.3989,1.4606,1.4643,1.4826,1.5015,1.5011,1.5065,1.499,1.5049,1.5398,1.5299,1.5477,1.5042,1.491,1.4574,1.4353
Cuba,Manure left on Pasture,Emissions (N2O),kilotonnes,7.4177,7.3049,7.2685,7.3728,7.2984,6.9934,7.2316,7.2688,7.3498,7.4554,7.5098,7.5885,7.5708,7.5967,7.7419,7.6493,7.6958,7.4524,7.3719,7.2926,7.165
Cuba,Manure left on Pasture,Emissions (CO2eq) from N2O (AR5),kilotonnes,1965.6936,1935.7898,1926.1439,1953.7867,1934.0655,1853.2403,1916.3739,1926.2307,1947.6945,1975.6704,1990.101,2010.9498,2006.2577,2013.1221,2051.5986,2027.0563,2039.3865,1974.8959,1953.5636,1932.5305,1898.7192
Cuba,Manure left on Pasture,Emissions (CO2eq) (AR5),kilotonnes,1965.6936,1935.7898,1926.1439,1953.7867,1934.0655,1853.2403,1916.3739,1926.2307,1947.6945,1975.6704,1990.101,2010.9498,2006.2577,2013.1221,2051.5986,2027.0563,2039.3865,1974.8959,1953.5636,1932.5305,1898.7192
Cuba,Manure applied to Soils,Direct emissions (N2O),kilotonnes,0.7763,0.7001,0.7382,0.7658,0.7105,0.6774,0.7118,0.7477,0.7528,0.7507,0.7283,0.6943,0.6888,0.7218,0.7271,0.7417,0.7699,0.7626,0.8163,0.9158,0.5583
Cuba,Manure applied to Soils,Indirect emissions (N2O),kilotonnes,0.3299,0.2975,0.3137,0.3255,0.302,0.2879,0.3025,0.3178,0.32,0.319,0.3095,0.2951,0.2927,0.3068,0.309,0.3152,0.3272,0.3241,0.3469,0.3892,0.2373
Cuba,Manure applied to Soils,Emissions (N2O),kilotonnes,1.1062,0.9977,1.0519,1.0913,1.0125,0.9653,1.0143,1.0655,1.0728,1.0697,1.0378,0.9894,0.9815,1.0286,1.0361,1.057,1.0971,1.0867,1.1633,1.305,0.7955
Cuba,Manure applied to Soils,Emissions (CO2eq) from N2O (AR5),kilotonnes,293.1407,264.3793,278.7546,289.1865,268.3027,255.806,268.789,282.356,284.2879,283.4735,275.0068,262.1996,260.0991,272.5767,274.5745,280.0974,290.7381,287.9692,308.2648,345.8322,210.8098
Cuba,Manure applied to Soils,Emissions (CO2eq) (AR5),kilotonnes,293.1407,264.3793,278.7546,289.1865,268.3027,255.806,268.789,282.356,284.2879,283.4735,275.0068,262.1996,260.0991,272.5767,274.5745,280.0974,290.7381,287.9692,308.2648,345.8322,210.8098
Cuba,Synthetic Fertilizers,Direct emissions (N2O),kilotonnes,1.2257,1.8323,1.0026,0.3439,0.6268,0.4588,0.6975,0.5592,0.522,0.2145,0.8955,0.8878,0.9375,1.1089,1.2318,0.9803,0.7675,0.8292,0.6289,0.6289,0.6289
Cuba,Synthetic Fertilizers,Indirect emissions (N2O),kilotonnes,0.3984,0.5955,0.3259,0.1118,0.2037,0.1491,0.2267,0.1817,0.1696,0.0697,0.291,0.2885,0.3047,0.3604,0.4003,0.3186,0.2494,0.2695,0.2044,0.2044,0.2044
Cuba,Synthetic Fertilizers,Emissions (N2O),kilotonnes,1.6241,2.4278,1.3285,0.4557,0.8305,0.6079,0.9242,0.741,0.6916,0.2842,1.1865,1.1763,1.2422,1.4693,1.6322,1.2989,1.0169,1.0987,0.8333,0.8333,0.8333
Cuba,Synthetic Fertilizers,Emissions (CO2eq) from N2O (AR5),kilotonnes,430.3789,643.3613,352.055,120.7643,220.0866,161.0844,244.9255,196.3524,183.2787,75.3213,314.4319,311.7286,329.1795,389.3518,432.5258,344.2149,269.4793,291.1478,220.8126,220.8126,220.8126
Cuba,Synthetic Fertilizers,Emissions (CO2eq) (AR5),kilotonnes,430.3789,643.3613,352.055,120.7643,220.0866,161.0844,244.9255,196.3524,183.2787,75.3213,314.4319,311.7286,329.1795,389.3518,432.5258,344.2149,269.4793,291.1478,220.8126,220.8126,220.8126
Cuba,Drained organic soils,Emissions (CO2eq) (AR5),kilotonnes,0,0,0,0,0,0,0,0,0,0,0,0,0,0,0,0,0,0,0,0,0
Cuba,Drained organic soils (CO2),Emissions (CO2),kilotonnes,0,0,0,0,0,0,0,0,0,0,0,0,0,0,0,0,0,0,0,0,0
Cuba,Drained organic soils (CO2),Emissions (CO2eq) (AR5),kilotonnes,0,0,0,0,0,0,0,0,0,0,0,0,0,0,0,0,0,0,0,0,0
Cuba,Drained organic soils (N2O),Emissions (N2O),kilotonnes,0,0,0,0,0,0,0,0,0,0,0,0,0,0,0,0,0,0,0,0,0
Cuba,Drained organic soils (N2O),Emissions (CO2eq) from N2O (AR5),kilotonnes,0,0,0,0,0,0,0,0,0,0,0,0,0,0,0,0,0,0,0,0,0
Cuba,Drained organic soils (N2O),Emissions (CO2eq) (AR5),kilotonnes,0,0,0,0,0,0,0,0,0,0,0,0,0,0,0,0,0,0,0,0,0
Cuba,On-farm energy use,Emissions (CH4),kilotonnes,0.1148,0.1094,0.4396,0.4343,0.4503,0.4465,0.4148,0.3434,0.3546,0.3751,0.3684,0.3556,0.3374,0.3323,0.1936,0.2237,0.3222,0.3115,0.2945,0.3147,0.3147
Cuba,On-farm energy use,Emissions (N2O),kilotonnes,0.2412,0.2236,0.226,0.2081,0.2182,0.2096,0.2241,0.1909,0.1794,0.2065,0.2014,0.1985,0.1902,0.1981,0.1579,0.1687,0.1806,0.1711,0.1646,0.1659,0.1659
Cuba,On-farm energy use,Emissions (CO2),kilotonnes,885.4458,833.6332,3376.9528,3276.7647,3291.7511,3260.3822,3159.9651,2628.3997,2706.0314,2958.0383,2912.0799,2866.5722,2737.2197,2704.9572,1611.5064,1862.464,2619.7491,2527.1003,2393.9221,2550.4052,2550.4052
Cuba,On-farm energy use,Emissions (CO2eq) from CH4 (AR5),kilotonnes,3.214,3.0641,12.3075,12.1593,12.6077,12.5033,11.6148,9.6139,9.9277,10.5018,10.3144,9.9576,9.4472,9.3038,5.4205,6.2625,9.0203,8.7227,8.2474,8.8128,8.8128
Cuba,On-farm energy use,Emissions (CO2eq) from N2O (AR5),kilotonnes,63.9181,59.2408,59.8967,55.1563,57.8352,55.5338,59.3976,50.591,47.5414,54.7305,53.3578,52.6065,50.4078,52.484,41.852,44.6947,47.8564,45.3318,43.6175,43.9706,43.9706
Cuba,On-farm energy use,Emissions (CO2eq) (AR5),kilotonnes,952.578,895.9381,3449.157,3344.0802,3362.1941,3328.4193,3230.9775,2688.6047,2763.5005,3023.2706,2975.7521,2929.1363,2797.0746,2766.7451,1658.779,1913.4212,2676.6258,2581.1548,2445.787,2603.1886,2603.1886
Cuba,Forestland,Emissions (CO2),kilotonnes,-10946.034,-10253.7563,-10253.7563,-10253.7563,-10253.7563,-10253.7563,-10253.7563,-10253.7563,-10253.7563,-10253.7563,-10253.7563,-12709.8107,-12709.8107,-12709.8107,-12709.8107,-12709.8107,-3049.2,-3049.2,-3049.2,-3049.2,-3049.2
Cuba,Forestland,Emissions (CO2eq) (AR5),kilotonnes,-10946.034,-10253.7563,-10253.7563,-10253.7563,-10253.7563,-10253.7563,-10253.7563,-10253.7563,-10253.7563,-10253.7563,-10253.7563,-12709.8107,-12709.8107,-12709.8107,-12709.8107,-12709.8107,-3049.2,-3049.2,-3049.2,-3049.2,-3049.2
Cuba,Net Forest conversion,Emissions (CO2),kilotonnes,120.835,0,0,0,0,0,0,0,0,0,0,0,0,0,0,0,0,0,0,0,0
Cuba,Net Forest conversion,Emissions (CO2eq) (AR5),kilotonnes,120.835,0,0,0,0,0,0,0,0,0,0,0,0,0,0,0,0,0,0,0,0
Cuba,Savanna fires,Emissions (CH4),kilotonnes,0.5366,0.7883,0.8864,0.6473,2.6685,1.81,1.6661,1.1295,0.8947,1.7356,0.6599,1.7848,0.6285,0.8906,0.6767,1.2967,0.6203,1.1165,0.442,0.4204,2.182
Cuba,Savanna fires,Emissions (N2O),kilotonnes,0.049,0.072,0.0809,0.0591,0.2436,0.1653,0.1521,0.1031,0.0817,0.1585,0.0603,0.163,0.0574,0.0813,0.0618,0.1184,0.0566,0.1019,0.0404,0.0384,0.1992
Cuba,Savanna fires,Emissions (CO2eq) from CH4 (AR5),kilotonnes,15.0234,22.0732,24.8191,18.1233,74.7179,50.6805,46.6501,31.6255,25.0521,48.5962,18.478,49.9758,17.5969,24.9373,18.9479,36.3064,17.3694,31.2622,12.3763,11.7703,61.0957
Cuba,Savanna fires,Emissions (CO2eq) from N2O (AR5),kilotonnes,12.9824,19.0741,21.447,15.6609,64.566,43.7946,40.3117,27.3286,21.6483,41.9934,15.9674,43.1856,15.206,21.5491,16.3735,31.3735,15.0094,27.0147,10.6947,10.171,52.7947
Cuba,Savanna fires,Emissions (CO2eq) (AR5),kilotonnes,28.0058,41.1473,46.2661,33.7842,139.2839,94.4751,86.9618,58.9541,46.7004,90.5896,34.4454,93.1613,32.8029,46.4864,35.3214,67.6798,32.3788,58.2769,23.071,21.9413,113.8904
Cuba,Fires in organic soils,Emissions (CH4),kilotonnes,0,0,0,0,0,0,0,0,0,0,0,0,0,0,0,0,0,0,0,0,0
Cuba,Fires in organic soils,Emissions (CO2),kilotonnes,0,0,0,0,0,0,0,0,0,0,0,0,0,0,0,0,0,0,0,0,0
Cuba,Fires in organic soils,Emissions (CO2eq) from CH4 (AR5),kilotonnes,0,0,0,0,0,0,0,0,0,0,0,0,0,0,0,0,0,0,0,0,0
Cuba,Fires in organic soils,Emissions (CO2eq) (AR5),kilotonnes,0,0,0,0,0,0,0,0,0,0,0,0,0,0,0,0,0,0,0,0,0
Cuba,Forest fires,Emissions (CH4),kilotonnes,3.9186,0.6384,1.0006,0.3381,1.1567,1.8983,1.2547,0.658,0.4845,2.0093,0.5533,1.6069,0.6257,0.9065,0.3456,1.234,0.3283,0.913,0.2618,0.0712,2.1124
Cuba,Forest fires,Emissions (N2O),kilotonnes,0.1153,0.0583,0.0914,0.0309,0.1056,0.1733,0.1146,0.0601,0.0442,0.1835,0.0505,0.1467,0.0571,0.0828,0.0316,0.1127,0.03,0.0834,0.0239,0.0065,0.1929
Cuba,Forest fires,Emissions (CO2eq) from CH4 (AR5),kilotonnes,109.72,17.8752,28.0165,9.4676,32.3877,53.1515,35.1327,18.4241,13.5669,56.261,15.4925,44.9919,17.5203,25.3831,9.676,34.5507,9.1932,25.5631,7.3316,1.9935,59.1473
Cuba,Forest fires,Emissions (CO2eq) from N2O (AR5),kilotonnes,30.5418,15.4465,24.2099,8.1812,27.9872,45.9299,30.3593,15.9208,11.7236,48.6168,13.3876,38.8789,15.1398,21.9343,8.3613,29.8563,7.9441,22.0899,6.3355,1.7226,51.111
Cuba,Forest fires,Emissions (CO2eq) (AR5),kilotonnes,140.2618,33.3217,52.2264,17.6488,60.3749,99.0814,65.492,34.3448,25.2905,104.8778,28.8801,83.8708,32.6601,47.3173,18.0374,64.407,17.1373,47.653,13.6671,3.7161,110.2583
Cuba,Fires in humid tropical forests,Emissions (CH4),kilotonnes,3.7299,0.626,0.9857,0.3356,1.0922,1.8462,1.0736,0.658,0.4076,1.9473,0.5434,1.2867,0.586,0.8817,0.3356,0.9883,0.301,0.8658,0.1998,0.0613,1.9287
Cuba,Fires in humid tropical forests,Emissions (N2O),kilotonnes,0.1097,0.0572,0.09,0.0306,0.0997,0.1686,0.098,0.0601,0.0372,0.1778,0.0496,0.1175,0.0535,0.0805,0.0306,0.0902,0.0275,0.0791,0.0182,0.0056,0.1761
Cuba,Fires in humid tropical forests,Emissions (CO2eq) from CH4 (AR5),kilotonnes,104.4377,17.5278,27.5996,9.3981,30.5811,51.6923,30.0596,18.4241,11.4126,54.5237,15.2146,36.0271,16.4086,24.6881,9.3981,27.6711,8.4287,24.2428,5.5942,1.7155,54.0048
Cuba,Fires in humid tropical forests,Emissions (CO2eq) from N2O (AR5),kilotonnes,29.0713,15.1463,23.8496,8.1212,26.4261,44.6689,25.9754,15.9208,9.862,47.1156,13.1474,31.1321,14.1792,21.3338,8.1211,23.9115,7.2835,20.9489,4.8341,1.4824,46.6672
Cuba,Fires in humid tropical forests,Emissions (CO2eq) (AR5),kilotonnes,133.509,32.674,51.4492,17.5192,57.0072,96.3611,56.0351,34.3448,21.2746,101.6393,28.362,67.1591,30.5878,46.0219,17.5192,51.5826,15.7123,45.1917,10.4283,3.1978,100.6721
Cuba,Waste - agri-food systems,Emissions (CH4),kilotonnes,95.1137,94.6416,94.7519,92.1295,93.135,91.2413,91.149,91.5856,92.544,92.6214,92.5031,92.9143,93.6666,93.9767,94.4348,92.9255,93.1007,97.5995,102.064,106.508,110.9426
Cuba,Waste - agri-food systems,Emissions (N2O),kilotonnes,0.2966,0.3073,0.3021,0.3242,0.3252,0.335,0.3426,0.3483,0.383,0.3713,0.3421,0.3633,0.3746,0.3908,0.3665,0.3567,0.3837,0.461,0.5359,0.6107,0.6854
Cuba,Waste - agri-food systems,Emissions (CO2),kilotonnes,414.4684,415.0846,416.0886,417.2306,418.2975,420.1853,422.5129,424.3219,424.9552,425.3111,425.9217,428.4441,429.4471,430.3627,431.1261,432.4521,433.2673,434.2674,434.8252,435.3953,436.0345
Cuba,Waste - agri-food systems,Emissions (CO2eq) from CH4 (AR5),kilotonnes,2663.1848,2649.9639,2653.054,2579.6262,2607.779,2554.7558,2552.1709,2564.3972,2591.2324,2593.3981,2590.0861,2601.5996,2622.6638,2631.3465,2644.1731,2601.9128,2606.8208,2732.7859,2857.7934,2982.2249,3106.3917
Cuba,Waste - agri-food systems,Emissions (CO2eq) from N2O (AR5),kilotonnes,78.6033,81.4398,80.0515,85.9038,86.1648,88.7792,90.7787,92.3127,101.5014,98.4067,90.6501,96.262,99.2783,103.5666,97.1239,94.5204,101.681,122.1552,142.0077,161.8324,181.6399
Cuba,Waste - agri-food systems,Emissions (CO2eq) (AR5),kilotonnes,3156.2565,3146.4883,3149.194,3082.7606,3112.2412,3063.7203,3065.4625,3081.0318,3117.6889,3117.1159,3106.6579,3126.3057,3151.3892,3165.2758,3172.4231,3128.8853,3141.7691,3289.2085,3434.6263,3579.4526,3724.0662
Cuba,Fertilizers Manufacturing,Emissions (N2O),kilotonnes,0.0771,0.0872,0.0581,0.0837,0.1942,0.105,0.1648,0.1775,0.1573,0.1069,0.1353,0.1751,0.226,0.236,0.2089,0.1986,0.2031,0.2311,0.2358,0.2395,0.2383
Cuba,Fertilizers Manufacturing,Emissions (CO2),kilotonnes,55.2801,57.3706,59.7071,57.5744,78.8723,68.1611,80.5121,61.2175,74.4082,33.8794,50.2073,85.4983,87.1254,79.8066,83.6587,79.5577,81.3441,82.1798,82.3072,82.1275,72.0967
Cuba,Fertilizers Manufacturing,Emissions (CO2eq) from N2O (AR5),kilotonnes,20.4315,23.108,15.3965,22.1805,51.463,27.825,43.672,47.0375,41.6845,28.3285,35.8545,46.4015,59.89,62.54,55.3585,52.629,53.8215,61.2415,62.487,63.4675,63.1464
Cuba,Fertilizers Manufacturing,Emissions (CO2eq) (AR5),kilotonnes,75.7116,80.4786,75.1036,79.7549,130.3353,95.9861,124.1841,108.255,116.0927,62.2079,86.0618,131.8998,147.0154,142.3466,139.0172,132.1867,135.1656,143.4213,144.7942,145.595,135.2431
Cuba,On-farm electricity use,Emissions (CH4),kilotonnes,0.27,0.2652,0.24,0.2868,0.3168,0.3072,0.33,0.3588,0.378,0.3804,0.3332,0.3831,0.381,0.3877,0.3787,0.3976,0.3842,0.3671,0.3898,0.392,0.392
Cuba,On-farm electricity use,Emissions (N2O),kilotonnes,0.0014,0.0014,0.0013,0.0015,0.0017,0.0016,0.0018,0.0019,0.002,0.002,0.0017,0.002,0.002,0.002,0.002,0.0021,0.002,0.0019,0.0021,0.0021,0.0021
Cuba,On-farm electricity use,Emissions (CO2),kilotonnes,155.2926,128.1602,158.3731,194.8106,216.4313,212.9893,210.9983,224.1427,230.878,336.8614,281.7102,301.2786,284.8787,278.996,272.5197,286.1629,276.4918,264.1438,280.4639,282.0528,282.0528
Cuba,On-farm electricity use,Emissions (CO2eq) from CH4 (AR5),kilotonnes,7.56,7.4256,6.72,8.0304,8.8704,8.6016,9.24,10.0464,10.584,10.6512,9.3296,10.7268,10.668,10.8556,10.6036,11.1328,10.7576,10.2788,10.9144,10.976,10.976
Cuba,On-farm electricity use,Emissions (CO2eq) from N2O (AR5),kilotonnes,0.371,0.371,0.3445,0.3975,0.4505,0.424,0.477,0.5035,0.53,0.53,0.4505,0.53,0.53,0.53,0.53,0.5565,0.53,0.5035,0.5565,0.5565,0.5565
Cuba,On-farm electricity use,Emissions (CO2eq) (AR5),kilotonnes,163.2236,135.9568,165.4376,203.2385,225.7522,222.0149,220.7153,234.6926,241.992,348.0426,291.4903,312.5354,296.0767,290.3816,283.6533,297.8522,287.7794,274.9261,291.9348,293.5853,293.5853
Cuba,Food Processing,Emissions (CH4),kilotonnes,0,0,0.0088,0.0092,0.0107,0.0075,0.0073,0.0075,0.0088,0.0092,0.0107,0.0075,0.0073,0.0075,0.0075,0.0075,0.0078,0.0078,0.0064,0.0064,0.0061
Cuba,Food Processing,Emissions (N2O),kilotonnes,0,0,0.0018,0.0018,0.0021,0.0015,0.0015,0.0015,0.0018,0.0018,0.0021,0.0015,0.0015,0.0015,0.0015,0.0015,0.0016,0.0016,0.0013,0.0013,0.0013
Cuba,Food Processing,Emissions (CO2),kilotonnes,0,0,228.2681,236.7109,274.8598,192.9334,187.6176,192.9334,228.2681,236.7109,274.8598,192.9334,187.6176,192.9334,194.4969,192.308,201.0635,200.1254,166.0416,166.0416,145.7617
Cuba,Food Processing,Emissions (CO2eq) from CH4 (AR5),kilotonnes,0,0,0.2464,0.2576,0.2996,0.21,0.2044,0.21,0.2464,0.2576,0.2996,0.21,0.2044,0.21,0.21,0.21,0.2184,0.2184,0.1792,0.1792,0.1718
Cuba,Food Processing,Emissions (CO2eq) from N2O (AR5),kilotonnes,0,0,0.477,0.477,0.5565,0.3975,0.3975,0.3975,0.477,0.477,0.5565,0.3975,0.3975,0.3975,0.3975,0.3975,0.424,0.424,0.3445,0.3445,0.3428
Cuba,Food Processing,Emissions (CO2eq) (AR5),kilotonnes,0,0,228.9915,237.4455,275.7159,193.5409,188.2195,193.5409,228.9915,237.4455,275.7159,193.5409,188.2195,193.5409,195.1044,192.9155,201.7059,200.7678,166.5653,166.5653,146.2763
Cuba,Food Packaging,Emissions (CH4),kilotonnes,0.2293,0.2316,0.2311,0.2389,0.2342,0.2293,0.2426,0.2466,0.2446,0.2525,0.1981,0.1828,0.1823,0.2042,0.1725,0.1835,0.179,0.1722,0.17,0.203,0.1946
Cuba,Food Packaging,Emissions (N2O),kilotonnes,0.001,0.001,0.0008,0.0007,0.0007,0.0006,0.0006,0.0006,0.0005,0.0005,0.0005,0.0005,0.0006,0.0009,0.0007,0.0005,0.0007,0.0009,0.0006,0.0004,0.0004
Cuba,Food Packaging,Emissions (CO2),kilotonnes,61.5168,60.6238,62.2182,60.6146,58.9668,61.035,62.2778,60.8618,65.9157,66.897,80.6144,68.7761,77.0729,121.1618,77.0473,58.2946,83.8315,89.7627,59.2727,78.9664,69.3216
Cuba,Food Packaging,Emissions (CO2eq) from CH4 (AR5),kilotonnes,6.4204,6.4848,6.4708,6.6892,6.5576,6.4204,6.7928,6.9048,6.8488,7.07,5.5468,5.1184,5.1044,5.7176,4.83,5.138,5.012,4.8216,4.76,5.684,5.4502
Cuba,Food Packaging,Emissions (CO2eq) from N2O (AR5),kilotonnes,0.265,0.265,0.212,0.1855,0.1855,0.159,0.159,0.159,0.1325,0.1325,0.1325,0.1325,0.159,0.2385,0.1855,0.1325,0.1855,0.2385,0.159,0.106,0.1055
Cuba,Food Packaging,Emissions (CO2eq) (AR5),kilotonnes,68.2022,67.3736,68.901,67.4893,65.7099,67.6144,69.2296,67.9256,72.897,74.0995,86.2937,74.027,82.3363,127.1179,82.0628,63.5651,89.029,94.8228,64.1917,84.7564,74.8773
Cuba,Food Retail,Emissions (CH4),kilotonnes,0.0787,0.0821,0.0861,0.091,0.089,0.086,0.0895,0.0753,0.0699,0.0581,0.0569,0.0831,0.058,0.0618,0.0608,0.0691,0.0864,0.0847,0.0966,0.0835,0.0801
Cuba,Food Retail,Emissions (N2O),kilotonnes,0.0004,0.0004,0.0005,0.0005,0.0005,0.0005,0.0005,0.0004,0.0004,0.0003,0.0007,0.001,0.0008,0.0009,0.0009,0.0018,0.0011,0.0014,0.0012,0.0011,0.0011
Cuba,Food Retail,Emissions (CO2),kilotonnes,45.2681,39.6659,58.3693,63.9327,62.7954,62.3174,59.0465,48.6331,44.4271,53.256,94.4691,130.822,104.1397,111.96,109.2638,218.4064,140.149,180.3607,150.8063,146.8143,128.8828
Cuba,Food Retail,Emissions (CO2eq) from F-gases (AR5),kilotonnes,46.2355,63.379,83.6395,102.861,123.641,143.382,162.6035,181.3055,183.903,184.942,185.981,186.5005,186.5005,187.02,187.02,187.02,204.1635,208.839,212.995,217.6705,227.5883
Cuba,Food Retail,Emissions (CO2eq) from CH4 (AR5),kilotonnes,2.2036,2.2988,2.4108,2.548,2.492,2.408,2.506,2.1084,1.9572,1.6268,1.5932,2.3268,1.624,1.7304,1.7024,1.9348,2.4192,2.3716,2.7048,2.338,2.2418
Cuba,Food Retail,Emissions (CO2eq) from N2O (AR5),kilotonnes,0.106,0.106,0.1325,0.1325,0.1325,0.1325,0.1325,0.106,0.106,0.0795,0.1855,0.265,0.212,0.2385,0.2385,0.477,0.2915,0.371,0.318,0.2915,0.29
Cuba,Food Retail,Emissions (CO2eq) (AR5),kilotonnes,93.8132,105.4497,144.5521,169.4742,189.0609,208.2399,224.2885,232.153,230.3933,239.9043,282.2288,319.9143,292.4762,300.9489,298.2247,407.8382,347.0232,391.9423,366.8241,367.1143,359.003
Cuba,Food Household Consumption,Emissions (CH4),kilotonnes,1.5823,1.6645,1.8055,1.8993,1.8695,1.897,2.0628,2.2517,2.2219,2.3555,2.4339,2.5226,2.6845,2.8348,2.9331,3.1019,3.2263,3.2586,3.302,3.391,3.2515
Cuba,Food Household Consumption,Emissions (N2O),kilotonnes,0.0099,0.0101,0.0107,0.0114,0.0121,0.0119,0.0124,0.0127,0.0126,0.0131,0.0139,0.0139,0.0148,0.0158,0.0163,0.0172,0.0178,0.018,0.0183,0.0187,0.0186
Cuba,Food Household Consumption,Emissions (CO2),kilotonnes,1182.2156,1047.452,1385.7047,1556.6304,1621.4116,1659.7722,1521.8884,1546.7238,1503.4724,2219.6245,2189.9423,2120.4026,2146.5695,2177.4789,2249.2252,2375.394,2468.8842,2501.9274,2542.9278,2606.9568,2288.5499
Cuba,Food Household Consumption,Emissions (CO2eq) from CH4 (AR5),kilotonnes,44.3044,46.606,50.554,53.1804,52.346,53.116,57.7584,63.0476,62.2132,65.954,68.1492,70.6328,75.166,79.3744,82.1268,86.8532,90.3364,91.2408,92.456,94.948,91.0419
Cuba,Food Household Consumption,Emissions (CO2eq) from N2O (AR5),kilotonnes,2.6235,2.6765,2.8355,3.021,3.2065,3.1535,3.286,3.3655,3.339,3.4715,3.6835,3.6835,3.922,4.187,4.3195,4.558,4.717,4.77,4.8495,4.9555,4.9304
Cuba,Food Household Consumption,Emissions (CO2eq) (AR5),kilotonnes,1229.1435,1096.7345,1439.0942,1612.8318,1676.9641,1716.0417,1582.9328,1613.1369,1569.0246,2289.05,2261.775,2194.7189,2225.6575,2261.0403,2335.6715,2466.8052,2563.9376,2597.9382,2640.2333,2706.8603,2384.5222
Cuba,Food Transport,Emissions (CH4),kilotonnes,0.0435,0.0427,0.0402,0.0403,0.0404,0.0402,0.0394,0.0396,0.0366,0.0299,0.0257,0.0261,0.0248,0.0257,0.0244,0.0266,0.0284,0.0292,0.0285,0.0195,0.0187
Cuba,Food Transport,Emissions (N2O),kilotonnes,0.005,0.005,0.0047,0.0044,0.0045,0.0044,0.0043,0.0043,0.0041,0.0033,0.0029,0.0028,0.0026,0.0029,0.003,0.0033,0.0033,0.0034,0.0033,0.0022,0.0022
Cuba,Food Transport,Emissions (CO2),kilotonnes,231.43,234.06,221.09,205.479,214.939,209.439,199.539,201.515,198.215,154.215,134.855,131.997,114.614,134.197,152.68,162.58,162.581,167.92,163.478,108.8032,95.5143
Cuba,Food Transport,Emissions (CO2eq) from CH4 (AR5),kilotonnes,1.218,1.1956,1.1256,1.1284,1.1312,1.1256,1.1032,1.1088,1.0248,0.8372,0.7196,0.7308,0.6944,0.7196,0.6832,0.7448,0.7952,0.8176,0.798,0.546,0.5235
Cuba,Food Transport,Emissions (CO2eq) from N2O (AR5),kilotonnes,1.325,1.325,1.2455,1.166,1.1925,1.166,1.1395,1.1395,1.0865,0.8745,0.7685,0.742,0.689,0.7685,0.795,0.8745,0.8745,0.901,0.8745,0.583,0.5801
Cuba,Food Transport,Emissions (CO2eq) (AR5),kilotonnes,233.973,236.5806,223.4611,207.7734,217.2627,211.7306,201.7817,203.7633,200.3263,155.9267,136.3431,133.4698,115.9974,135.6851,154.1582,164.1993,164.2507,169.6386,165.1505,109.9322,96.6178
Cuba,Energy,Emissions (CH4),kilotonnes,46.4,46.7,46.6,48.2,47.4,46.4,49.1,49.9,49.5,51.1,40.1,37,35.4,36.8,39.1,38.4,36.5,33.5,33.3,31.6,30.3
Cuba,Energy,Emissions (N2O),kilotonnes,1.11,1.11,0.901,0.787,0.803,0.673,0.619,0.618,0.598,0.577,0.534,0.558,0.574,0.556,0.615,0.648,0.589,0.662,0.676,0.593,0.59
Cuba,Energy,Emissions (CO2),kilotonnes,25500,25000,25600,25000,24500,25400,25900,25300,27300,27600,33400,28600,28900,27200,27000,28700,27500,24600,25300,26200,23000
Cuba,Energy,Emissions (CO2eq) from CH4 (AR5),kilotonnes,1299.2,1307.6,1304.8,1349.6,1327.2,1299.2,1374.8,1397.2,1386,1430.8,1122.8,1036,991.2,1030.4,1094.8,1075.2,1022,938,932.4,884.8,848.4
Cuba,Energy,Emissions (CO2eq) from N2O (AR5),kilotonnes,294.15,294.15,238.765,208.555,212.795,178.345,164.035,163.77,158.47,152.905,141.51,147.87,152.11,147.34,162.975,171.72,156.085,175.43,179.14,157.145,156.35
Cuba,Energy,Emissions (CO2eq) (AR5),kilotonnes,27093.35,26601.75,27143.565,26558.155,26039.995,26877.545,27438.835,26860.97,28844.47,29183.705,34664.31,29783.87,30043.31,28377.74,28257.775,29946.92,28678.085,25713.43,26411.54,27241.945,24004.75
Cuba,IPPU,Emissions (CH4),kilotonnes,0.0008,0.0008,0.0008,0.0008,0.0008,0.0008,0.0008,0.0008,0.0008,0.0007,0.0007,0.0007,0.0007,0.0007,0.0007,0.0007,0.0007,0.0007,0.0007,0.0007,0.0006
Cuba,IPPU,Emissions (N2O),kilotonnes,2.08,1.94,2,2.09,2.15,2.15,2.94,2.96,2.86,1.66,1.56,1.56,1.56,1.56,1.56,1.56,1.56,1.56,1.56,1.22,1.14
Cuba,IPPU,Emissions (CO2),kilotonnes,1350,1310,1490,1440,1240,1300,1420,1470,1380,1270,1190,1240,1280,1260,1000,934,880,812,886,851,845
Cuba,IPPU,Emissions (CO2eq) from F-gases (AR5),kilotonnes,37.5097,54.9041,73.7562,96.4952,119.5258,142.8479,165.1983,187.5486,208.9272,230.3058,252.6562,257.515,275.9783,294.4416,312.905,331.3683,349.8316,368.295,386.7583,405.2217,423.685
Cuba,IPPU,Emissions (CO2eq) from CH4 (AR5),kilotonnes,0.0223,0.0221,0.0219,0.0218,0.0217,0.0216,0.0216,0.0216,0.0216,0.0207,0.0204,0.0202,0.02,0.0197,0.0195,0.0192,0.019,0.0188,0.0185,0.0183,0.0181
Cuba,IPPU,Emissions (CO2eq) from N2O (AR5),kilotonnes,551.2,514.1,530,553.85,569.75,569.75,779.1,784.4,757.9,439.9,413.4,413.4,413.4,413.4,413.4,413.4,413.4,413.4,413.4,323.3,302.1
Cuba,IPPU,Emissions (CO2eq) (AR5),kilotonnes,1938.732,1879.0262,2093.7781,2090.367,1929.2975,2012.6195,2364.3199,2441.9702,2346.8488,1940.2265,1856.0766,1910.9352,1969.3983,1967.8614,1726.3245,1678.7875,1643.2507,1593.7137,1686.1769,1579.5399,1570.8031
Cuba,Waste,Emissions (CH4),kilotonnes,184,185,184,181,183,183,187,189,192,193,190,191,194,195,196,197,198,199,200,202,203
Cuba,Waste,Emissions (N2O),kilotonnes,0.495,0.496,0.498,0.516,0.524,0.541,0.551,0.566,0.595,0.612,0.606,0.593,0.591,0.622,0.623,0.613,0.606,0.618,0.623,0.641,0.648
Cuba,Waste,Emissions (CO2),kilotonnes,0.333,0.396,0.459,0.462,0.463,0.464,0.465,0.466,0.466,0.468,0.469,0.47,0.472,0.473,0.475,0.476,0.477,0.478,0.479,0.48,0.482
Cuba,Waste,Emissions (CO2eq) from CH4 (AR5),kilotonnes,5152,5180,5152,5068,5124,5124,5236,5292,5376,5404,5320,5348,5432,5460,5488,5516,5544,5572,5600,5656,5684
Cuba,Waste,Emissions (CO2eq) from N2O (AR5),kilotonnes,131.175,131.44,131.97,136.74,138.86,143.365,146.015,149.99,157.675,162.18,160.59,157.145,156.615,164.83,165.095,162.445,160.59,163.77,165.095,169.865,171.72
Cuba,Waste,Emissions (CO2eq) (AR5),kilotonnes,5283.508,5311.836,5284.429,5205.202,5263.323,5267.829,5382.48,5442.456,5534.141,5566.648,5481.059,5505.615,5589.087,5625.303,5653.57,5678.921,5705.067,5736.248,5765.574,5826.345,5856.202
Cuba,Other,Emissions (N2O),kilotonnes,0.984,0.992,0.855,0.763,0.751,0.647,0.616,0.628,0.625,0.614,0.622,0.624,0.624,0.602,0.652,0.664,0.618,0.66,0.682,0.636,0.636
Cuba,Other,Emissions (CO2eq) from N2O (AR5),kilotonnes,260.76,262.88,226.575,202.195,199.015,171.455,163.24,166.42,165.625,162.71,164.83,165.36,165.36,159.53,172.78,175.96,163.77,174.9,180.73,168.54,168.54
Cuba,Other,Emissions (CO2eq) (AR5),kilotonnes,260.76,262.88,226.575,202.195,199.015,171.455,163.24,166.42,165.625,162.71,164.83,165.36,165.36,159.53,172.78,175.96,163.77,174.9,180.73,168.54,168.54
Cuba,Farm-gate emissions,Emissions (CH4),kilotonnes,331.4336,322.6347,324.6824,329.526,312.2087,287.3633,296.3499,296.9286,304.9755,327.6274,320.0542,331.6966,329.8622,330.2203,326.4766,306.1555,312.979,296.8933,299.408,293.4103,276.0228
Cuba,Farm-gate emissions,Direct emissions (N2O),kilotonnes,8.1578,8.596,7.7823,7.2468,7.3788,6.8958,7.3439,7.2817,7.3139,7.1368,7.8193,7.8769,7.9188,8.1545,8.3752,8.0052,7.8794,7.708,7.5082,7.5335,7.0281
Cuba,Farm-gate emissions,Indirect emissions (N2O),kilotonnes,2.234,2.3816,2.1335,1.9563,2.0036,1.873,2.0266,2.0021,2.0109,1.9393,2.1437,2.1379,2.1461,2.2243,2.2973,2.2006,2.168,2.1356,2.0833,2.0856,1.902
Cuba,Farm-gate emissions,Emissions (N2O),kilotonnes,11.3023,11.7977,10.8122,10.0777,10.4245,9.7244,10.3628,10.2231,10.2365,10.0758,10.8121,10.9441,10.8761,11.2478,11.4945,11.1052,10.9587,10.819,10.5533,10.703,9.7269
Cuba,Farm-gate emissions,Emissions (CO2),kilotonnes,885.4458,833.6332,3376.9528,3276.7647,3291.7511,3260.3822,3159.9651,2628.3997,2706.0314,2958.0383,2912.0799,2866.5722,2737.2197,2704.9572,1611.5064,1862.464,2619.7491,2527.1003,2393.9221,2550.4052,2550.4052
Cuba,Farm-gate emissions,Emissions (CO2eq) from CH4 (AR5),kilotonnes,9280.141,9033.7727,9091.1077,9226.7269,8741.8434,8046.1729,8297.7986,8314.0008,8539.313,9173.5682,8961.5185,9287.5047,9236.1409,9246.1696,9141.3446,8572.3541,8763.4115,8313.0132,8383.4242,8215.4897,7728.6378
Cuba,Farm-gate emissions,Emissions (CO2eq) from N2O (AR5),kilotonnes,2995.1075,3126.3971,2865.2295,2670.5965,2762.4912,2576.9782,2746.148,2709.1341,2712.6671,2670.094,2865.213,2900.1938,2882.1573,2980.6569,3046.0339,2942.8833,2904.0428,2867.0356,2796.6178,2836.2998,2577.6414
Cuba,Farm-gate emissions,Emissions (CO2eq) (AR5),kilotonnes,13160.6943,12993.803,15333.29,15174.0881,14796.0858,13883.5333,14203.9116,13651.5346,13958.0116,14801.7006,14738.8114,15054.2707,14855.5178,14931.7838,13798.885,13377.7014,14287.2034,13707.149,13573.9641,13602.1947,12856.6845
Cuba,Land Use change,Emissions (CH4),kilotonnes,3.7299,0.626,0.9857,0.3356,1.0922,1.8462,1.0736,0.658,0.4076,1.9473,0.5434,1.2867,0.586,0.8817,0.3356,0.9883,0.301,0.8658,0.1998,0.0613,1.9287
Cuba,Land Use change,Emissions (N2O),kilotonnes,0.1097,0.0572,0.09,0.0306,0.0997,0.1686,0.098,0.0601,0.0372,0.1778,0.0496,0.1175,0.0535,0.0805,0.0306,0.0902,0.0275,0.0791,0.0182,0.0056,0.1761
Cuba,Land Use change,Emissions (CO2),kilotonnes,120.835,0,0,0,0,0,0,0,0,0,0,0,0,0,0,0,0,0,0,0,0
Cuba,Land Use change,Emissions (CO2eq) from CH4 (AR5),kilotonnes,104.4377,17.5278,27.5996,9.3981,30.5811,51.6923,30.0596,18.4241,11.4126,54.5237,15.2146,36.0271,16.4086,24.6881,9.3981,27.6711,8.4287,24.2428,5.5942,1.7155,54.0048
Cuba,Land Use change,Emissions (CO2eq) from N2O (AR5),kilotonnes,29.0713,15.1463,23.8496,8.1212,26.4261,44.6689,25.9754,15.9208,9.862,47.1156,13.1474,31.1321,14.1792,21.3338,8.1211,23.9115,7.2835,20.9489,4.8341,1.4824,46.6672
Cuba,Land Use change,Emissions (CO2eq) (AR5),kilotonnes,254.344,32.674,51.4492,17.5192,57.0072,96.3611,56.0351,34.3448,21.2746,101.6393,28.362,67.1591,30.5878,46.0219,17.5192,51.5826,15.7123,45.1917,10.4283,3.1978,100.6721
Cuba,Emissions on agricultural land,Emissions (CH4),kilotonnes,335.1635,323.2607,325.6681,329.8616,313.3009,289.2095,297.4235,297.5866,305.3831,329.5747,320.5976,332.9833,330.4482,331.1021,326.8122,307.1438,313.28,297.7591,299.6078,293.4716,277.9515
Cuba,Emissions on agricultural land,Emissions (N2O),kilotonnes,11.412,11.8549,10.9022,10.1084,10.5242,9.893,10.4608,10.2832,10.2737,10.2536,10.8617,11.0616,10.9296,11.3283,11.5251,11.1955,10.9861,10.8981,10.5715,10.7086,9.9031
Cuba,Emissions on agricultural land,Emissions (CO2),kilotonnes,1006.2808,833.6332,3376.9528,3276.7647,3291.7511,3260.3822,3159.9651,2628.3997,2706.0314,2958.0383,2912.0799,2866.5722,2737.2197,2704.9572,1611.5064,1862.464,2619.7491,2527.1003,2393.9221,2550.4052,2550.4052
Cuba,Emissions on agricultural land,Emissions (CO2eq) from CH4 (AR5),kilotonnes,9384.5787,9051.3004,9118.7073,9236.125,8772.4245,8097.8652,8327.8582,8332.4249,8550.7257,9228.0919,8976.7331,9323.5318,9252.5495,9270.8578,9150.7426,8600.0252,8771.8402,8337.256,8389.0184,8217.2051,7782.6427
Cuba,Emissions on agricultural land,Emissions (CO2eq) from N2O (AR5),kilotonnes,3024.1788,3141.5434,2889.0791,2678.7177,2788.9173,2621.6471,2772.1234,2725.0549,2722.5291,2717.2096,2878.3604,2931.3258,2896.3365,3001.9907,3054.1551,2966.7948,2911.3264,2887.9845,2801.4519,2837.7822,2624.3087
Cuba,Emissions on agricultural land,Emissions (CO2eq) (AR5),kilotonnes,13415.0383,13026.477,15384.7392,15191.6073,14853.093,13979.8944,14259.9467,13685.8795,13979.2862,14903.3399,14767.1734,15121.4298,14886.1056,14977.8057,13816.4042,13429.284,14302.9157,13752.3408,13584.3924,13605.3925,12957.3566
Cuba,Pre- and post- production,Emissions (CH4),kilotonnes,97.3175,96.9277,97.1636,94.695,95.6956,93.8085,93.9206,94.5651,95.5038,95.707,95.5616,96.1195,97.0045,97.4984,98.0118,96.7117,97.0128,101.5191,106.0573,110.6034,114.8856
Cuba,Pre- and post- production,Emissions (N2O),kilotonnes,0.3914,0.4124,0.38,0.4282,0.541,0.4605,0.5285,0.5472,0.5617,0.4992,0.4992,0.5601,0.6229,0.6508,0.5998,0.5817,0.6133,0.7193,0.7985,0.876,0.9494
Cuba,Pre- and post- production,Emissions (CO2),kilotonnes,2145.4716,1982.4171,2589.8191,2792.9832,2946.5737,2886.8327,2744.3926,2760.3492,2770.5397,3526.7553,3532.5798,3460.1521,3431.4649,3526.8964,3570.0177,3805.1557,3847.6124,3920.6872,3880.1227,3907.1579,3518.2143
Cuba,Pre- and post- production,Emissions (CO2eq) from F-gases (AR5),kilotonnes,46.2355,63.379,83.6395,102.861,123.641,143.382,162.6035,181.3055,183.903,184.942,185.981,186.5005,186.5005,187.02,187.02,187.02,204.1635,208.839,212.995,217.6705,227.5883
Cuba,Pre- and post- production,Emissions (CO2eq) from CH4 (AR5),kilotonnes,2724.8912,2713.9747,2720.5816,2651.4602,2679.4758,2626.6374,2629.7757,2647.8232,2674.1068,2679.7949,2675.7241,2691.3452,2716.125,2729.9541,2744.3291,2707.9264,2716.3596,2842.5347,2969.6058,3096.8961,3216.797
Cuba,Pre- and post- production,Emissions (CO2eq) from N2O (AR5),kilotonnes,103.7253,109.2913,100.695,113.4638,143.3518,122.0367,140.0422,145.0212,148.8569,132.3002,132.2816,148.414,165.0778,172.4666,158.9484,154.1454,162.525,190.6047,211.5967,232.1369,251.5915
Cuba,Pre- and post- production,Emissions (CO2eq) (AR5),kilotonnes,5020.3236,4869.0621,5494.7351,5660.7682,5893.0422,5778.8888,5676.814,5734.4991,5777.4063,6523.7924,6526.5665,6486.4118,6499.1682,6616.3371,6660.3152,6854.2475,6930.6605,7162.6656,7274.3202,7453.8614,7214.1911
Cuba,Agri-food systems,Emissions (CH4),kilotonnes,432.4811,420.1884,422.8317,424.5566,408.9964,383.0179,391.3441,392.1517,400.8869,425.2817,416.1592,429.1027,427.4527,428.6004,424.824,403.8554,410.2929,399.2782,405.6651,404.075,392.8371
Cuba,Agri-food systems,Emissions (N2O),kilotonnes,11.8034,12.2673,11.2822,10.5365,11.0652,10.3535,10.9893,10.8305,10.8354,10.7529,11.3609,11.6217,11.5525,11.9791,12.1249,11.7771,11.5994,11.6173,11.37,11.5846,10.8525
Cuba,Agri-food systems,Emissions (CO2),kilotonnes,3151.7524,2816.0503,5966.7719,6069.7479,6238.3248,6147.2149,5904.3577,5388.7489,5476.5711,6484.7936,6444.6598,6326.7243,6168.6846,6231.8537,5181.5241,5667.6197,6467.3615,6447.7874,6274.0448,6457.5631,6068.6195
Cuba,Agri-food systems,Emissions (CO2eq) from F-gases (AR5),kilotonnes,46.2355,63.379,83.6395,102.861,123.641,143.382,162.6035,181.3055,183.903,184.942,185.981,186.5005,186.5005,187.02,187.02,187.02,204.1635,208.839,212.995,217.6705,227.5883
Cuba,Agri-food systems,Emissions (CO2eq) from CH4 (AR5),kilotonnes,12109.4699,11765.2751,11839.2888,11887.5851,11451.9003,10724.5026,10957.6339,10980.2481,11224.8324,11907.8869,11652.4572,12014.877,11968.6745,12000.8119,11895.0717,11307.9517,11488.1999,11179.7907,11358.6242,11314.1012,10999.4397
Cuba,Agri-food systems,Emissions (CO2eq) from N2O (AR5),kilotonnes,3127.9041,3250.8347,2989.7742,2792.1815,2932.2691,2743.6838,2912.1656,2870.0761,2871.386,2849.5098,3010.642,3079.7399,3061.4143,3174.4573,3213.1035,3120.9401,3073.8513,3078.5893,3013.0487,3069.9191,2875.9002
Cuba,Agri-food systems,Emissions (CO2eq) (AR5),kilotonnes,18435.3619,17895.5391,20879.4744,20852.3755,20746.1352,19758.7832,19936.7607,19420.3785,19756.6926,21427.1323,21293.74,21607.8416,21385.2738,21594.1429,20476.7194,20283.5315,21233.5762,20915.0064,20858.7127,21059.2539,20171.5477
Cuba,IPCC Agriculture,Emissions (CH4),kilotonnes,331.3188,322.5253,324.2429,329.0917,311.7584,286.9168,295.9351,296.5852,304.6209,327.2524,319.6859,331.341,329.5248,329.8881,326.283,305.9318,312.6568,296.5818,299.1135,293.0956,275.708
Cuba,IPCC Agriculture,Emissions (CH4),kilotonnes,195.48,,190.16,,,,,,,,,,,,,,,,,,
Cuba,IPCC Agriculture,Direct emissions (N2O),kilotonnes,8.1578,8.596,7.7823,7.2468,7.3788,6.8958,7.3439,7.2817,7.3139,7.1368,7.8193,7.8769,7.9188,8.1545,8.3752,8.0052,7.8794,7.708,7.5082,7.5335,7.0281
Cuba,IPCC Agriculture,Indirect emissions (N2O),kilotonnes,2.234,2.3816,2.1335,1.9563,2.0036,1.873,2.0266,2.0021,2.0109,1.9393,2.1437,2.1379,2.1461,2.2243,2.2973,2.2006,2.168,2.1356,2.0833,2.0856,1.902
Cuba,IPCC Agriculture,Emissions (N2O),kilotonnes,11.0611,11.5742,10.5862,9.8696,10.2062,9.5149,10.1387,10.0322,10.0571,9.8693,10.6108,10.7456,10.6858,11.0497,11.3365,10.9366,10.7781,10.6479,10.3887,10.5371,9.561
Cuba,IPCC Agriculture,Emissions (N2O),kilotonnes,9.72,,8.58,,,,,,,,,,,,,,,,,,
Cuba,IPCC Agriculture,Emissions (CO2eq) from CH4 (AR5),kilotonnes,9276.9269,9030.7086,9078.8002,9214.5676,8729.2357,8033.6695,8286.1838,8304.3869,8529.3854,9163.0664,8951.2042,9277.5471,9226.6937,9236.8658,9135.9241,8566.0916,8754.3912,8304.2904,8375.1768,8206.6769,7719.825
Cuba,IPCC Agriculture,Emissions (CO2eq) from CH4 (AR5),kilotonnes,5473.44,,5324.48,,,,,,,,,,,,,,,,,,
Cuba,IPCC Agriculture,Emissions (CO2eq) from N2O (AR5),kilotonnes,2931.1894,3067.1563,2805.3328,2615.4403,2704.656,2521.4444,2686.7504,2658.5431,2665.1257,2615.3635,2811.8551,2847.5873,2831.7495,2928.173,3004.1819,2898.1886,2856.1864,2821.7038,2753.0003,2792.3292,2533.6708
Cuba,IPCC Agriculture,Emissions (CO2eq) from N2O (AR5),kilotonnes,2575.8,,2273.7,,,,,,,,,,,,,,,,,,
Cuba,IPCC Agriculture,Emissions (CO2eq) (AR5),kilotonnes,12208.1163,12097.8649,11884.133,11830.0079,11433.8917,10555.1139,10972.9342,10962.9299,11194.511,11778.4299,11763.0593,12125.1344,12058.4432,12165.0387,12140.106,11464.2803,11610.5776,11125.9943,11128.1771,10999.0061,10253.4959
Cuba,IPCC Agriculture,Emissions (CO2eq) (AR5),kilotonnes,8049.24,,7598.18,,,,,,,,,,,,,,,,,,
Cuba,Agricultural Soils,Direct emissions (N2O),kilotonnes,8.1578,8.596,7.7823,7.2468,7.3788,6.8958,7.3439,7.2817,7.3139,7.1368,7.8193,7.8769,7.9188,8.1545,8.3752,8.0052,7.8794,7.708,7.5082,7.5335,7.0281
Cuba,Agricultural Soils,Indirect emissions (N2O),kilotonnes,2.234,2.3816,2.1335,1.9563,2.0036,1.873,2.0266,2.0021,2.0109,1.9393,2.1437,2.1379,2.1461,2.2243,2.2973,2.2006,2.168,2.1356,2.0833,2.0856,1.902
Cuba,Agricultural Soils,Emissions (N2O),kilotonnes,10.3918,10.9776,9.9158,9.2032,9.3824,8.7688,9.3705,9.2838,9.3248,9.0761,9.963,10.0148,10.0649,10.3788,10.6725,10.2058,10.0474,9.8436,9.5915,9.6191,8.9302
Cuba,Agricultural Soils,Emissions (N2O),kilotonnes,9.66,,8.53,,,,,,,,,,,,,,,,,,
Cuba,Agricultural Soils,Emissions (CO2eq) from N2O (AR5),kilotonnes,2753.8202,2909.064,2627.6768,2438.8373,2486.3401,2323.7347,2483.1781,2460.2142,2471.0638,2405.1564,2640.2023,2653.9178,2667.1862,2750.384,2828.2123,2704.5439,2662.5694,2608.55,2541.7396,2549.0512,2366.4922
Cuba,Agricultural Soils,Emissions (CO2eq) from N2O (AR5),kilotonnes,2559.9,,2260.45,,,,,,,,,,,,,,,,,,
Cuba,Agricultural Soils,Emissions (CO2eq) (AR5),kilotonnes,2753.8202,2909.064,2627.6768,2438.8373,2486.3401,2323.7347,2483.1781,2460.2142,2471.0638,2405.1564,2640.2023,2653.9178,2667.1862,2750.384,2828.2123,2704.5439,2662.5694,2608.55,2541.7396,2549.0512,2366.4922
Cuba,Agricultural Soils,Emissions (CO2eq) (AR5),kilotonnes,2559.9,,2260.45,,,,,,,,,,,,,,,,,,
Cuba,LULUCF,Emissions (CH4),kilotonnes,3.9186,0.6384,1.0006,0.3381,1.1567,1.8983,1.2547,0.658,0.4845,2.0093,0.5533,1.6069,0.6257,0.9065,0.3456,1.234,0.3283,0.913,0.2618,0.0712,2.1124
Cuba,LULUCF,Emissions (CH4),kilotonnes,0.9,,2.02,,,,,,,,,,,,,,,,,,
Cuba,LULUCF,Emissions (N2O),kilotonnes,0.1153,0.0583,0.0914,0.0309,0.1056,0.1733,0.1146,0.0601,0.0442,0.1835,0.0505,0.1467,0.0571,0.0828,0.0316,0.1127,0.03,0.0834,0.0239,0.0065,0.1929
Cuba,LULUCF,Emissions (N2O),kilotonnes,0.01,,0.01,,,,,,,,,,,,,,,,,,
Cuba,LULUCF,Emissions (CO2),kilotonnes,-10825.199,-10253.7563,-10253.7563,-10253.7563,-10253.7563,-10253.7563,-10253.7563,-10253.7563,-10253.7563,-10253.7563,-10253.7563,-12709.8107,-12709.8107,-12709.8107,-12709.8107,-12709.8107,-3049.2,-3049.2,-3049.2,-3049.2,-3049.2
Cuba,LULUCF,Emissions (CO2),kilotonnes,-12505.67,,-13194.31,,,,,,,,,,,,,,,,,,
Cuba,LULUCF,Emissions (CO2eq) from CH4 (AR5),kilotonnes,109.72,17.8752,28.0165,9.4676,32.3877,53.1515,35.1327,18.4241,13.5669,56.261,15.4925,44.9919,17.5203,25.3831,9.676,34.5507,9.1932,25.5631,7.3316,1.9935,59.1473
Cuba,LULUCF,Emissions (CO2eq) from N2O (AR5),kilotonnes,30.5418,15.4465,24.2099,8.1812,27.9872,45.9299,30.3593,15.9208,11.7236,48.6168,13.3876,38.8789,15.1398,21.9343,8.3613,29.8563,7.9441,22.0899,6.3355,1.7226,51.111
Cuba,LULUCF,Emissions (CO2eq) (AR5),kilotonnes,-10684.9372,-10220.4346,-10201.53,-10236.1076,-10193.3814,-10154.6749,-10188.2644,-10219.4115,-10228.4659,-10148.8785,-10224.8763,-12625.9399,-12677.1506,-12662.4933,-12691.7733,-12645.4037,-3032.0627,-3001.547,-3035.5329,-3045.4839,-2938.9417
Cuba,LULUCF,Emissions (CO2eq) (AR5),kilotonnes,-12505.67,,-13194.31,,,,,,,,,,,,,,,,,,
Cuba,AFOLU,Emissions (CH4),kilotonnes,335.2374,323.1637,325.2435,329.4298,312.9151,288.815,297.1899,297.2432,305.1054,329.2617,320.2392,332.9478,330.1505,330.7946,326.6286,307.1658,312.9852,297.4948,299.3753,293.1668,277.8204
Cuba,AFOLU,Emissions (N2O),kilotonnes,11.1763,11.6325,10.6775,9.9005,10.3119,9.6882,10.2532,10.0923,10.1013,10.0528,10.6613,10.8923,10.743,11.1325,11.3681,11.0492,10.808,10.7313,10.4126,10.5436,9.7539
Cuba,AFOLU,Emissions (CO2),kilotonnes,-10825.199,-10253.7563,-10253.7563,-10253.7563,-10253.7563,-10253.7563,-10253.7563,-10253.7563,-10253.7563,-10253.7563,-10253.7563,-12709.8107,-12709.8107,-12709.8107,-12709.8107,-12709.8107,-3049.2,-3049.2,-3049.2,-3049.2,-3049.2
Cuba,AFOLU,Emissions (CO2eq) from CH4 (AR5),kilotonnes,9386.647,9048.5838,9106.8167,9224.0352,8761.6234,8086.8211,8321.3165,8322.8109,8542.9523,9219.3274,8966.6967,9322.539,9244.214,9262.2489,9145.6001,8600.6423,8763.5844,8329.8535,8382.5084,8208.6703,7778.9723
Cuba,AFOLU,Emissions (CO2eq) from N2O (AR5),kilotonnes,2961.7311,3082.6028,2829.5427,2623.6215,2732.6432,2567.3742,2717.1097,2674.4639,2676.8493,2663.9804,2825.2427,2886.4661,2846.8893,2950.1072,3012.5433,2928.0449,2864.1306,2843.7937,2759.3358,2794.0518,2584.7818
Cuba,AFOLU,Emissions (CO2eq) (AR5),kilotonnes,1523.1791,1877.4302,1682.6031,1593.9003,1240.5103,400.439,784.6698,743.5184,966.0452,1629.5514,1538.1831,-500.8055,-618.7074,-497.4546,-551.6673,-1181.1234,8578.515,8124.4472,8092.6442,7953.5221,7314.5541
Cuba,All sectors with LULUCF,Emissions (CH4),kilotonnes,565.6382,554.8645,555.8442,558.6306,543.3159,518.2158,533.2906,536.144,546.6062,573.3624,550.3399,560.9485,559.5512,562.5953,561.7293,542.5665,547.4858,529.9954,532.676,526.7675,511.1211
Cuba,All sectors with LULUCF,Emissions (N2O),kilotonnes,15.8453,16.1705,14.9315,14.0565,14.5399,13.6992,14.9792,14.8643,14.7793,13.5158,13.9833,14.2273,14.092,14.4725,14.8181,14.5342,14.181,14.2313,13.9536,13.6336,12.7679
Cuba,All sectors with LULUCF,Emissions (CO2),kilotonnes,16025.134,16056.6397,16836.7027,16186.7057,15486.7067,16446.7077,17066.7087,16516.7097,18426.7097,18616.7117,24336.7127,17130.6593,17470.6613,15750.6623,15290.6643,16924.6653,25331.277,22363.278,23137.279,24002.28,20796.282
Cuba,All sectors with LULUCF,Emissions (CO2eq) from F-gases (AR5),kilotonnes,37.5097,54.9041,73.7562,96.4952,119.5258,142.8479,165.1983,187.5486,208.9272,230.3058,252.6562,257.515,275.9783,294.4416,312.905,331.3683,349.8316,368.295,386.7583,405.2217,423.685
Cuba,All sectors with LULUCF,Emissions (CO2eq) from CH4 (AR5),kilotonnes,15837.8693,15536.2059,15563.6386,15641.657,15212.8451,14510.0427,14932.1381,15012.0325,15304.9738,16054.1481,15409.5171,15706.5592,15667.4339,15752.6686,15728.4196,15191.8615,15329.6034,14839.8723,14914.927,14749.4886,14311.3904
Cuba,All sectors with LULUCF,Emissions (CO2eq) from N2O (AR5),kilotonnes,4199.0161,4285.1728,3956.8527,3724.9615,3853.0632,3630.2892,3969.4997,3939.0439,3916.5193,3581.6754,3705.5727,3770.2411,3734.3743,3835.2072,3926.7933,3851.5699,3757.9756,3771.2937,3697.7008,3612.9018,3383.4918
Cuba,All sectors with LULUCF,Emissions (CO2eq) (AR5),kilotonnes,36099.5292,35932.9225,36430.9502,35649.8193,34672.1407,34729.8875,36133.5447,35655.3346,37857.13,38482.8409,43704.4587,36864.9746,37148.4479,35632.9798,35258.7822,36299.4651,44768.6876,41342.739,42136.6651,42769.8921,38914.8492
Cuba,All sectors without LULUCF,Emissions (CH4),kilotonnes,561.7196,554.2261,554.8436,558.2925,542.1592,516.3175,532.0359,535.486,546.1217,571.3531,549.7866,559.3417,558.9255,561.6888,561.3837,541.3325,547.1575,529.0825,532.4141,526.6963,509.0087
Cuba,All sectors without LULUCF,Emissions (N2O),kilotonnes,15.7301,16.1122,14.8402,14.0256,14.4342,13.5259,14.8647,14.8042,14.7351,13.3323,13.9328,14.0806,14.0348,14.3897,14.7865,14.4216,14.1511,14.1479,13.9297,13.6271,12.575
Cuba,All sectors without LULUCF,Emissions (CO2),kilotonnes,26850.333,26310.396,27090.459,26440.462,25740.463,26700.464,27320.465,26770.466,28680.466,28870.468,34590.469,29840.47,30180.472,28460.473,28000.475,29634.476,28380.477,25412.478,26186.479,27051.48,23845.482
Cuba,All sectors without LULUCF,Emissions (CO2eq) from F-gases (AR5),kilotonnes,37.5097,54.9041,73.7562,96.4952,119.5258,142.8479,165.1983,187.5486,208.9272,230.3058,252.6562,257.515,275.9783,294.4416,312.905,331.3683,349.8316,368.295,386.7583,405.2217,423.685
Cuba,All sectors without LULUCF,Emissions (CO2eq) from CH4 (AR5),kilotonnes,15728.1493,15518.3307,15535.6222,15632.1894,15180.4573,14456.8912,14897.0054,14993.6084,15291.4069,15997.8871,15394.0246,15661.5673,15649.9137,15727.2855,15718.7436,15157.3109,15320.4102,14814.3092,14907.5953,14747.4952,14252.2431
Cuba,All sectors without LULUCF,Emissions (CO2eq) from N2O (AR5),kilotonnes,4168.4744,4269.7263,3932.6428,3716.7803,3825.076,3584.3594,3939.1404,3923.1231,3904.7957,3533.0585,3692.1851,3731.3623,3719.2345,3813.273,3918.4319,3821.7136,3750.0314,3749.2038,3691.3653,3611.1792,3332.3808
Cuba,All sectors without LULUCF,Emissions (CO2eq) (AR5),kilotonnes,46784.4663,46153.3571,46632.4801,45885.9269,44865.5222,44884.5625,46321.809,45874.7461,48085.5958,48631.7194,53929.3349,49490.9145,49825.5985,48295.4731,47950.5555,48944.8688,47800.7503,44344.286,45172.198,45815.376,41853.7909
Cyprus,Crop Residues,Direct emissions (N2O),kilotonnes,0.0165,0.03,0.0331,0.0377,0.0282,0.0212,0.0193,0.0187,0.0076,0.0158,0.0167,0.0186,0.0214,0.0145,0.0068,0.021,0.0073,0.0109,0.0091,0.0148,0.0178
Cyprus,Crop Residues,Direct emissions (N2O),kilotonnes,0.0081,0.0177,0.02,0.0225,0.0163,0.0116,0.0109,0.011,0.0103,0.0096,0.0105,0.0118,0.0114,0.0091,0.0034,0.0139,0.0039,0.0071,0.005,0.0094,0.0091
Cyprus,Crop Residues,Indirect emissions (N2O),kilotonnes,0.0037,0.0067,0.0074,0.0085,0.0063,0.0048,0.0043,0.0042,0.0017,0.0035,0.0038,0.0042,0.0048,0.0033,0.0015,0.0047,0.0016,0.0025,0.0021,0.0033,0.004
Cyprus,Crop Residues,Emissions (N2O),kilotonnes,0.0202,0.0367,0.0405,0.0462,0.0345,0.026,0.0237,0.0229,0.0093,0.0193,0.0204,0.0228,0.0262,0.0178,0.0084,0.0257,0.0089,0.0134,0.0112,0.0181,0.0218
Cyprus,Crop Residues,Emissions (N2O),kilotonnes,0.0081,0.0177,0.02,0.0225,0.0163,0.0116,0.0109,0.011,0.0103,0.0096,0.0105,0.0118,0.0114,0.0091,0.0034,0.0139,0.0039,0.0071,0.005,0.0094,0.0091
Cyprus,Crop Residues,Emissions (CO2eq) from N2O (AR5),kilotonnes,5.3552,9.7247,10.7431,12.2317,9.1493,6.8971,6.2716,6.0557,2.4764,5.1137,5.4111,6.0522,6.9469,4.7109,2.213,6.8021,2.3545,3.5409,2.9633,4.801,5.7892
Cyprus,Crop Residues,Emissions (CO2eq) from N2O (AR5),kilotonnes,2.1465,4.6905,5.3,5.9625,4.3195,3.074,2.8885,2.915,2.7295,2.544,2.7825,3.127,3.021,2.4115,0.901,3.6835,1.0335,1.8815,1.3254,2.491,2.4122
Cyprus,Crop Residues,Emissions (CO2eq) (AR5),kilotonnes,5.3552,9.7247,10.7431,12.2317,9.1493,6.8971,6.2716,6.0557,2.4764,5.1137,5.4111,6.0522,6.9469,4.7109,2.213,6.8021,2.3545,3.5409,2.9633,4.801,5.7892
Cyprus,Crop Residues,Emissions (CO2eq) (AR5),kilotonnes,2.1465,4.6905,5.3,5.9625,4.3195,3.074,2.8885,2.915,2.7295,2.544,2.7825,3.127,3.021,2.4115,0.901,3.6835,1.0335,1.8815,1.3254,2.491,2.4122
Cyprus,Burning - Crop residues,Emissions (CH4),kilotonnes,0.0066,0.0058,0.0064,0.0078,0.008,0.0057,0.0058,0.0057,0.0054,0.0062,0.0085,0.0114,0.0092,0.0075,0.0066,0.0129,0.0091,0.0094,0.011,0.0114,0.0135
Cyprus,Burning - Crop residues,Emissions (CH4),kilotonnes,0.0197,0.0453,0.0479,0.0125,0.0335,0.0207,0.0182,0.0166,0.0161,0.0142,0.0167,0.0183,0.0184,0.0135,0.0029,0.0233,0.0037,0.0101,0.0071,0.0163,0.0158
Cyprus,Burning - Crop residues,Emissions (N2O),kilotonnes,0.0002,0.0002,0.0002,0.0002,0.0002,0.0001,0.0002,0.0001,0.0001,0.0002,0.0002,0.0003,0.0002,0.0002,0.0002,0.0003,0.0002,0.0002,0.0003,0.0003,0.0004
Cyprus,Burning - Crop residues,Emissions (N2O),kilotonnes,0.0005,0.0012,0.0012,0.0013,0.0002,0.0005,0.0005,0.0004,0.0004,0.0004,0.0004,0.0005,0.0005,0.0003,0.0001,0.0006,0.0001,0.0003,0.0002,0.0004,0.0004
Cyprus,Burning - Crop residues,Emissions (CO2eq) from CH4 (AR5),kilotonnes,0.186,0.1633,0.1784,0.2185,0.2253,0.1592,0.163,0.1599,0.1509,0.1742,0.2369,0.3203,0.2586,0.2093,0.1855,0.3619,0.2536,0.2624,0.3084,0.3202,0.378
Cyprus,Burning - Crop residues,Emissions (CO2eq) from CH4 (AR5),kilotonnes,0.5513,1.2675,1.3422,0.3506,0.9389,0.5788,0.5097,0.464,0.4512,0.3985,0.4684,0.5111,0.5163,0.3771,0.0808,0.6521,0.1037,0.2821,0.1982,0.4553,0.4418
Cyprus,Burning - Crop residues,Emissions (CO2eq) from N2O (AR5),kilotonnes,0.0456,0.0401,0.0438,0.0536,0.0553,0.0391,0.04,0.0392,0.037,0.0427,0.0581,0.0786,0.0634,0.0514,0.0455,0.0888,0.0622,0.0644,0.0757,0.0786,0.0928
Cyprus,Burning - Crop residues,Emissions (CO2eq) from N2O (AR5),kilotonnes,0.1359,0.3111,0.3294,0.3577,0.0615,0.1419,0.1246,0.1138,0.1107,0.0977,0.1144,0.125,0.1265,0.092,0.0194,0.1605,0.0251,0.0697,0.0486,0.1117,0.1084
Cyprus,Burning - Crop residues,Emissions (CO2eq) (AR5),kilotonnes,0.2316,0.2034,0.2222,0.2721,0.2806,0.1982,0.2029,0.1991,0.1879,0.217,0.295,0.3989,0.322,0.2606,0.231,0.4508,0.3158,0.3268,0.3841,0.3988,0.4708
Cyprus,Burning - Crop residues,Emissions (CO2eq) (AR5),kilotonnes,0.6872,1.5786,1.6716,0.7083,1.0004,0.7207,0.6343,0.5779,0.5619,0.4962,0.5828,0.6361,0.6427,0.4691,0.1002,0.8126,0.1288,0.3517,0.2469,0.567,0.5503
Cyprus,Enteric Fermentation,Emissions (CH4),kilotonnes,5.5679,6.1005,6.46,6.0602,6.0144,5.573,5.6474,5.5439,5.4872,5.4056,5.7067,5.8085,5.6319,5.3141,5.4547,5.2668,5.5708,5.8495,5.8547,5.9892,6.1283
Cyprus,Enteric Fermentation,Emissions (CH4),kilotonnes,8.9683,9.5965,10.0657,9.7837,9.7128,9.1387,9.1972,9.36,9.0475,9.0224,9.4153,9.6457,9.4064,8.9692,8.9091,8.9756,9.7501,10.2274,10.4638,10.8258,11.7718
Cyprus,Enteric Fermentation,Emissions (CO2eq) from CH4 (AR5),kilotonnes,155.9013,170.8153,180.8792,169.6864,168.4025,156.0428,158.1273,155.2287,153.6413,151.3562,159.789,162.6372,157.6922,148.7954,152.7313,147.4716,155.9821,163.785,163.9303,167.6983,171.5925
Cyprus,Enteric Fermentation,Emissions (CO2eq) from CH4 (AR5),kilotonnes,251.1124,268.7028,281.8385,273.9433,271.9598,255.8842,257.521,262.0811,253.33,252.6264,263.6295,270.081,263.3806,251.1373,249.4534,251.3168,273.0039,286.3678,292.9861,303.1215,329.6115
Cyprus,Enteric Fermentation,Emissions (CO2eq) (AR5),kilotonnes,155.9013,170.8153,180.8792,169.6864,168.4025,156.0428,158.1273,155.2287,153.6413,151.3562,159.789,162.6372,157.6922,148.7954,152.7313,147.4716,155.9821,163.785,163.9303,167.6983,171.5925
Cyprus,Enteric Fermentation,Emissions (CO2eq) (AR5),kilotonnes,251.1124,268.7028,281.8385,273.9433,271.9598,255.8842,257.521,262.0811,253.33,252.6264,263.6295,270.081,263.3806,251.1373,249.4534,251.3168,273.0039,286.3678,292.9861,303.1215,329.6115
Cyprus,Manure Management,Emissions (CH4),kilotonnes,1.4832,1.6246,1.76,1.739,1.6713,1.5302,1.5993,1.5892,1.6322,1.6235,1.6349,1.5634,1.4298,1.2987,1.2633,1.3085,1.2973,1.2983,1.3391,1.3113,1.3384
Cyprus,Manure Management,Emissions (CH4),kilotonnes,4.1446,4.4008,4.6177,4.4771,4.2471,3.8017,3.8235,3.7156,3.6406,3.4916,3.4147,3.1617,2.8464,2.5641,2.4239,2.3863,2.3618,2.2766,2.2879,2.2948,2.4526
Cyprus,Manure Management,Emissions (N2O),kilotonnes,0.1592,0.1752,0.1905,0.1897,0.182,0.1663,0.1748,0.1738,0.1793,0.1786,0.1788,0.1695,0.1529,0.1386,0.133,0.1391,0.1367,0.136,0.141,0.137,0.1399
Cyprus,Manure Management,Emissions (N2O),kilotonnes,0.2772,0.2993,0.3141,0.2988,0.2845,0.2635,0.259,0.2662,0.2505,0.2434,0.2502,0.244,0.2289,0.2099,0.2103,0.2051,0.2119,0.2177,0.2196,0.2245,0.2348
Cyprus,Manure Management,Emissions (CO2eq) from CH4 (AR5),kilotonnes,41.5304,45.4876,49.2798,48.6923,46.7963,42.8453,44.7794,44.4986,45.7026,45.4585,45.7779,43.7759,40.0334,36.3624,35.3711,36.6379,36.3234,36.3512,37.4944,36.7168,37.4752
Cyprus,Manure Management,Emissions (CO2eq) from CH4 (AR5),kilotonnes,116.0477,123.2227,129.2951,125.3574,118.9182,106.4488,107.0573,104.0369,101.9377,97.7642,95.6117,88.5289,79.6984,71.7955,67.8694,66.8152,66.1313,63.7451,64.0613,64.2531,68.6731
Cyprus,Manure Management,Emissions (CO2eq) from N2O (AR5),kilotonnes,42.1801,46.4254,50.4887,50.2586,48.2256,44.0827,46.3235,46.0652,47.5219,47.3178,47.3701,44.9162,40.5272,36.7407,35.2573,36.8629,36.2164,36.0527,37.3751,36.3118,37.0741
Cyprus,Manure Management,Emissions (CO2eq) from N2O (AR5),kilotonnes,73.453,79.3016,83.2384,79.177,75.405,69.8149,68.634,70.537,66.3931,64.4922,66.2992,64.6554,60.6622,55.6263,55.7313,54.3555,56.1649,57.6944,58.1939,59.4799,62.2303
Cyprus,Manure Management,Emissions (CO2eq) (AR5),kilotonnes,83.7105,91.913,99.7685,98.9509,95.0219,86.9279,91.103,90.5638,93.2244,92.7763,93.1479,88.692,80.5606,73.1031,70.6284,73.5008,72.5398,72.4039,74.8695,73.0286,74.5493
Cyprus,Manure Management,Emissions (CO2eq) (AR5),kilotonnes,189.5007,202.5243,212.5335,204.5344,194.3232,176.2637,175.6913,174.5739,168.3308,162.2564,161.9109,153.1843,140.3606,127.4218,123.6007,121.1707,122.2962,121.4395,122.2552,123.7329,130.9035
Cyprus,Manure left on Pasture,Direct emissions (N2O),kilotonnes,0.265,0.2849,0.3008,0.2816,0.274,0.2537,0.255,0.25,0.2463,0.2402,0.2529,0.2562,0.252,0.2355,0.2445,0.2373,0.2447,0.2592,0.2635,0.2669,0.2722
Cyprus,Manure left on Pasture,Indirect emissions (N2O),kilotonnes,0.0857,0.0944,0.0993,0.0914,0.0889,0.0817,0.0829,0.081,0.0795,0.0777,0.0829,0.0838,0.0815,0.0753,0.0774,0.0747,0.0771,0.0814,0.081,0.0818,0.0829
Cyprus,Manure left on Pasture,Emissions (N2O),kilotonnes,0.3507,0.3792,0.4001,0.373,0.3629,0.3355,0.3379,0.331,0.3258,0.3178,0.3358,0.34,0.3335,0.3109,0.3219,0.312,0.3217,0.3406,0.3445,0.3486,0.3551
Cyprus,Manure left on Pasture,Emissions (CO2eq) from N2O (AR5),kilotonnes,92.9254,100.499,106.0163,98.8339,96.1657,88.8968,89.5318,87.7163,86.3439,84.227,88.9818,90.0884,88.378,82.3762,85.3149,82.685,85.259,90.2475,91.293,92.3894,94.0968
Cyprus,Manure left on Pasture,Emissions (CO2eq) (AR5),kilotonnes,92.9254,100.499,106.0163,98.8339,96.1657,88.8968,89.5318,87.7163,86.3439,84.227,88.9818,90.0884,88.378,82.3762,85.3149,82.685,85.259,90.2475,91.293,92.3894,94.0968
Cyprus,Manure applied to Soils,Direct emissions (N2O),kilotonnes,0.0963,0.1051,0.114,0.1132,0.1081,0.099,0.1035,0.1029,0.1059,0.1053,0.1054,0.1002,0.0911,0.0825,0.0798,0.0833,0.0812,0.0813,0.0848,0.0822,0.0838
Cyprus,Manure applied to Soils,Direct emissions (N2O),kilotonnes,0.2425,0.2678,0.2823,0.2642,0.2539,0.2341,0.2352,0.2452,0.228,0.2223,0.2338,0.2312,0.2191,0.2011,0.1989,0.1975,0.2054,0.2134,0.2142,0.2188,0.2285
Cyprus,Manure applied to Soils,Indirect emissions (N2O),kilotonnes,0.0409,0.0447,0.0484,0.0481,0.046,0.0421,0.044,0.0437,0.045,0.0448,0.0448,0.0426,0.0387,0.0351,0.0339,0.0354,0.0345,0.0346,0.036,0.0349,0.0356
Cyprus,Manure applied to Soils,Emissions (N2O),kilotonnes,0.1372,0.1497,0.1624,0.1613,0.1541,0.1411,0.1475,0.1466,0.1509,0.1501,0.1503,0.1427,0.1299,0.1176,0.1137,0.1187,0.1157,0.1159,0.1208,0.1171,0.1194
Cyprus,Manure applied to Soils,Emissions (N2O),kilotonnes,0.2425,0.2678,0.2823,0.2642,0.2539,0.2341,0.2352,0.2452,0.228,0.2223,0.2338,0.2312,0.2191,0.2011,0.1989,0.1975,0.2054,0.2134,0.2142,0.2188,0.2285
Cyprus,Manure applied to Soils,Emissions (CO2eq) from N2O (AR5),kilotonnes,36.3467,39.6818,43.0315,42.7459,40.8376,37.3891,39.096,38.8412,40.0007,39.7706,39.8201,37.8219,34.4193,31.1513,30.1394,31.4578,30.6629,30.7084,32.0072,31.0359,31.6519
Cyprus,Manure applied to Soils,Emissions (CO2eq) from N2O (AR5),kilotonnes,64.2711,70.9662,74.8103,70.0024,67.2719,62.0388,62.3293,64.9858,60.4306,58.9003,61.9641,61.2803,58.0746,53.3026,52.714,52.3396,54.4386,56.5392,56.7532,57.9939,60.5437
Cyprus,Manure applied to Soils,Emissions (CO2eq) (AR5),kilotonnes,36.3467,39.6818,43.0315,42.7459,40.8376,37.3891,39.096,38.8412,40.0007,39.7706,39.8201,37.8219,34.4193,31.1513,30.1394,31.4578,30.6629,30.7084,32.0072,31.0359,31.6519
Cyprus,Manure applied to Soils,Emissions (CO2eq) (AR5),kilotonnes,64.2711,70.9662,74.8103,70.0024,67.2719,62.0388,62.3293,64.9858,60.4306,58.9003,61.9641,61.2803,58.0746,53.3026,52.714,52.3396,54.4386,56.5392,56.7532,57.9939,60.5437
Cyprus,Synthetic Fertilizers,Direct emissions (N2O),kilotonnes,0.123,0.1243,0.1356,0.1507,0.129,0.1135,0.1043,0.0996,0.0752,0.1105,0.1326,0.1164,0.1381,0.1097,0.0981,0.1248,0.1252,0.1252,0.1222,0.1284,0.1269
Cyprus,Synthetic Fertilizers,Direct emissions (N2O),kilotonnes,0.1656,0.1942,0.1662,0.176,0.1687,0.135,0.1774,0.1288,0.1178,0.1206,0.1472,0.1122,0.1307,0.1108,0.1052,0.1184,0.1269,0.1232,0.1229,0.1226,0.1226
Cyprus,Synthetic Fertilizers,Indirect emissions (N2O),kilotonnes,0.04,0.0404,0.0441,0.049,0.0419,0.0369,0.0339,0.0324,0.0244,0.0359,0.0431,0.0378,0.0449,0.0356,0.0319,0.0406,0.0407,0.0407,0.0397,0.0417,0.0412
Cyprus,Synthetic Fertilizers,Emissions (N2O),kilotonnes,0.163,0.1647,0.1797,0.1997,0.1709,0.1504,0.1382,0.132,0.0996,0.1464,0.1757,0.1542,0.183,0.1453,0.13,0.1653,0.1659,0.1659,0.1619,0.1701,0.1681
Cyprus,Synthetic Fertilizers,Emissions (N2O),kilotonnes,0.1656,0.1942,0.1662,0.176,0.1687,0.135,0.1774,0.1288,0.1178,0.1206,0.1472,0.1122,0.1307,0.1108,0.1052,0.1184,0.1269,0.1232,0.1229,0.1226,0.1226
Cyprus,Synthetic Fertilizers,Emissions (CO2eq) from N2O (AR5),kilotonnes,43.1924,43.6338,47.612,52.9201,45.2946,39.8652,36.6264,34.9821,26.4021,38.7948,46.5527,40.875,48.5059,38.5079,34.4413,43.8104,43.9661,43.9656,42.8934,45.0738,44.5442
Cyprus,Synthetic Fertilizers,Emissions (CO2eq) from N2O (AR5),kilotonnes,43.8791,51.4664,44.054,46.6317,44.7161,35.7837,47.019,34.1388,31.228,31.9567,39.0152,29.7247,34.6427,29.3624,27.8716,31.3696,33.6183,32.6522,32.5814,32.4814,32.4814
Cyprus,Synthetic Fertilizers,Emissions (CO2eq) (AR5),kilotonnes,43.1924,43.6338,47.612,52.9201,45.2946,39.8652,36.6264,34.9821,26.4021,38.7948,46.5527,40.875,48.5059,38.5079,34.4413,43.8104,43.9661,43.9656,42.8934,45.0738,44.5442
Cyprus,Synthetic Fertilizers,Emissions (CO2eq) (AR5),kilotonnes,43.8791,51.4664,44.054,46.6317,44.7161,35.7837,47.019,34.1388,31.228,31.9567,39.0152,29.7247,34.6427,29.3624,27.8716,31.3696,33.6183,32.6522,32.5814,32.4814,32.4814
Cyprus,Drained organic soils,Emissions (CO2eq) (AR5),kilotonnes,0,0,0,0,0,0,0,0,0,0,0,0,0,0,0,0,0,0,0,0,0
Cyprus,Drained organic soils (CO2),Emissions (CO2),kilotonnes,0,0,0,0,0,0,0,0,0,0,0,0,0,0,0,0,0,0,0,0,0
Cyprus,Drained organic soils (CO2),Emissions (CO2eq) (AR5),kilotonnes,0,0,0,0,0,0,0,0,0,0,0,0,0,0,0,0,0,0,0,0,0
Cyprus,Drained organic soils (N2O),Emissions (N2O),kilotonnes,0,0,0,0,0,0,0,0,0,0,0,0,0,0,0,0,0,0,0,0,0
Cyprus,Drained organic soils (N2O),Emissions (CO2eq) from N2O (AR5),kilotonnes,0,0,0,0,0,0,0,0,0,0,0,0,0,0,0,0,0,0,0,0,0
Cyprus,Drained organic soils (N2O),Emissions (CO2eq) (AR5),kilotonnes,0,0,0,0,0,0,0,0,0,0,0,0,0,0,0,0,0,0,0,0,0
Cyprus,On-farm energy use,Emissions (CH4),kilotonnes,0.2407,0.2581,0.2577,0.2591,0.2781,0.2555,0.2649,0.2434,0.1824,0.1076,0.119,0.0592,0.0469,0.0343,0.0219,0.0211,0.0189,0.0164,0.0154,0.0141,0.0141
Cyprus,On-farm energy use,Emissions (N2O),kilotonnes,0.0373,0.0378,0.0364,0.0374,0.0364,0.0349,0.0361,0.0361,0.0333,0.0304,0.0293,0.0314,0.0301,0.0288,0.0262,0.0299,0.0286,0.0298,0.0286,0.0291,0.0291
Cyprus,On-farm energy use,Emissions (CO2),kilotonnes,206.3132,205.7369,202.0053,207.9392,208.0321,195.6315,197.8338,193.9203,167.6381,133.5339,133.5676,121.9847,108.8154,99.4164,90.7212,101.1391,98.4062,101.3139,99.7746,101.5852,101.5852
Cyprus,On-farm energy use,Emissions (CO2eq) from CH4 (AR5),kilotonnes,6.7395,7.2274,7.2166,7.2551,7.7874,7.1553,7.4166,6.8159,5.1059,3.0132,3.3323,1.6569,1.3125,0.9595,0.6123,0.5895,0.5289,0.4601,0.4319,0.3959,0.3959
Cyprus,On-farm energy use,Emissions (CO2eq) from N2O (AR5),kilotonnes,9.8904,10.0229,9.6371,9.9104,9.6568,9.2413,9.5746,9.5551,8.8244,8.0661,7.755,8.3274,7.9716,7.6192,6.9462,7.9197,7.5908,7.9091,7.5758,7.7017,7.7017
Cyprus,On-farm energy use,Emissions (CO2eq) (AR5),kilotonnes,222.9431,222.9873,218.8589,225.1048,225.4762,212.028,214.825,210.2914,181.5684,144.6132,144.655,131.969,118.0995,107.995,98.2797,109.6482,106.5259,109.6831,107.7823,109.6828,109.6828
Cyprus,Forestland,Emissions (CO2),kilotonnes,-69.5346,-275.1767,-275.1767,-275.1767,-275.1767,-275.1767,-275.1767,-275.1767,-275.1767,-275.1767,-275.1767,-326.1576,-326.1576,-326.1576,-326.1576,-326.1576,-279.047,-279.047,-279.047,-279.047,-279.047
Cyprus,Forestland,Emissions (CO2),kilotonnes,101.3782,-1.7714,-62.7585,-68.7788,-65.2309,-75.1117,-71.7006,30.5096,-96.1041,-114.2161,-91.9192,-131.7861,-124.9305,-142.8394,-144.3967,-143.9315,104.1418,-149.1287,-141.0471,-138.694,-139.2692
Cyprus,Forestland,Emissions (CO2eq) (AR5),kilotonnes,-69.5346,-275.1767,-275.1767,-275.1767,-275.1767,-275.1767,-275.1767,-275.1767,-275.1767,-275.1767,-275.1767,-326.1576,-326.1576,-326.1576,-326.1576,-326.1576,-279.047,-279.047,-279.047,-279.047,-279.047
Cyprus,Forestland,Emissions (CO2eq) (AR5),kilotonnes,101.3782,-1.7714,-62.7585,-68.7788,-65.2309,-75.1117,-71.7006,30.5096,-96.1041,-114.2161,-91.9192,-131.7861,-124.9305,-142.8394,-144.3967,-143.9315,104.1418,-149.1287,-141.0471,-138.694,-139.2692
Cyprus,Net Forest conversion,Emissions (CO2),kilotonnes,0,11.6204,11.6204,11.6204,11.6204,11.6204,11.6204,11.6204,11.6204,11.6204,11.6204,8.9649,8.9649,8.9649,8.9649,8.9649,30.3359,30.3359,30.3359,30.3359,30.3359
Cyprus,Net Forest conversion,Emissions (CO2),kilotonnes,0.0051,0.1745,0.2163,0.2587,0.3018,0.3456,0.3949,0.2684,0.2753,0.2821,0.289,0.2961,0.3032,0.4064,0.4356,0.466,0.488,0.5101,0.5322,0.5542,0.5763
Cyprus,Net Forest conversion,Emissions (CO2eq) (AR5),kilotonnes,0,11.6204,11.6204,11.6204,11.6204,11.6204,11.6204,11.6204,11.6204,11.6204,11.6204,8.9649,8.9649,8.9649,8.9649,8.9649,30.3359,30.3359,30.3359,30.3359,30.3359
Cyprus,Net Forest conversion,Emissions (CO2eq) (AR5),kilotonnes,0.0051,0.1745,0.2163,0.2587,0.3018,0.3456,0.3949,0.2684,0.2753,0.2821,0.289,0.2961,0.3032,0.4064,0.4356,0.466,0.488,0.5101,0.5322,0.5542,0.5763
Cyprus,Savanna fires,Emissions (CH4),kilotonnes,0.139,0.0056,0.0162,0.0052,0.0008,0.0198,0,0.0243,0.02,0,0.0104,0.0053,0.0363,0.0224,0.0053,0,0.0233,0,0,0.001,0.0141
Cyprus,Savanna fires,Emissions (N2O),kilotonnes,0.0127,0.0005,0.0015,0.0005,0.0001,0.0018,0,0.0022,0.0018,0,0.0009,0.0005,0.0033,0.002,0.0005,0,0.0021,0,0,0.0001,0.0013
Cyprus,Savanna fires,Emissions (CO2eq) from CH4 (AR5),kilotonnes,3.8909,0.1558,0.4524,0.1464,0.0216,0.5537,0,0.6816,0.5612,0,0.29,0.1473,1.016,0.6284,0.1473,0,0.6519,0,0,0.0283,0.3948
Cyprus,Savanna fires,Emissions (CO2eq) from N2O (AR5),kilotonnes,3.3621,0.1346,0.3909,0.1265,0.0186,0.4785,0,0.589,0.4849,0,0.2506,0.1273,0.8779,0.543,0.1273,0,0.5633,0,0,0.0245,0.3411
Cyprus,Savanna fires,Emissions (CO2eq) (AR5),kilotonnes,7.2529,0.2904,0.8433,0.2729,0.0402,1.0323,0,1.2706,1.0461,0,0.5406,0.2747,1.8939,1.1714,0.2747,0,1.2152,0,0,0.0528,0.7359
Cyprus,Fires in organic soils,Emissions (CH4),kilotonnes,0,0,0,0,0,0,0,0,0,0,0,0,0,0,0,0,0,0,0,0,0
Cyprus,Fires in organic soils,Emissions (CO2),kilotonnes,0,0,0,0,0,0,0,0,0,0,0,0,0,0,0,0,0,0,0,0,0
Cyprus,Fires in organic soils,Emissions (CO2eq) from CH4 (AR5),kilotonnes,0,0,0,0,0,0,0,0,0,0,0,0,0,0,0,0,0,0,0,0,0
Cyprus,Fires in organic soils,Emissions (CO2eq) (AR5),kilotonnes,0,0,0,0,0,0,0,0,0,0,0,0,0,0,0,0,0,0,0,0,0
Cyprus,Forest fires,Emissions (CH4),kilotonnes,0,0,0,0,0,0,0,0,0,0,0,0,0,0,0,0,0,0,0,0,0
Cyprus,Forest fires,Emissions (N2O),kilotonnes,0,0,0,0,0,0,0,0,0,0,0,0,0,0,0,0,0,0,0,0,0
Cyprus,Forest fires,Emissions (CO2eq) from CH4 (AR5),kilotonnes,0,0,0,0,0,0,0,0,0,0,0,0,0,0,0,0,0,0,0,0,0
Cyprus,Forest fires,Emissions (CO2eq) from N2O (AR5),kilotonnes,0,0,0,0,0,0,0,0,0,0,0,0,0,0,0,0,0,0,0,0,0
Cyprus,Forest fires,Emissions (CO2eq) (AR5),kilotonnes,0,0,0,0,0,0,0,0,0,0,0,0,0,0,0,0,0,0,0,0,0
Cyprus,Fires in humid tropical forests,Emissions (CH4),kilotonnes,0,0,0,0,0,0,0,0,0,0,0,0,0,0,0,0,0,0,0,0,0
Cyprus,Fires in humid tropical forests,Emissions (N2O),kilotonnes,0,0,0,0,0,0,0,0,0,0,0,0,0,0,0,0,0,0,0,0,0
Cyprus,Fires in humid tropical forests,Emissions (CO2eq) from CH4 (AR5),kilotonnes,0,0,0,0,0,0,0,0,0,0,0,0,0,0,0,0,0,0,0,0,0
Cyprus,Fires in humid tropical forests,Emissions (CO2eq) from N2O (AR5),kilotonnes,0,0,0,0,0,0,0,0,0,0,0,0,0,0,0,0,0,0,0,0,0
Cyprus,Fires in humid tropical forests,Emissions (CO2eq) (AR5),kilotonnes,0,0,0,0,0,0,0,0,0,0,0,0,0,0,0,0,0,0,0,0,0
Cyprus,Waste - agri-food systems,Emissions (CH4),kilotonnes,8.7885,8.8483,8.9737,9.0642,9.1076,9.1554,9.1887,9.2667,9.4104,9.3747,9.4,9.472,9.4828,9.49,9.5242,9.5358,9.5515,9.9357,10.3274,10.7164,11.0996
Cyprus,Waste - agri-food systems,Emissions (N2O),kilotonnes,0.0289,0.0298,0.0324,0.0317,0.0324,0.0322,0.0318,0.0342,0.0362,0.0346,0.0354,0.0356,0.0361,0.0346,0.0356,0.0361,0.0364,0.0383,0.0399,0.0414,0.0429
Cyprus,Waste - agri-food systems,Emissions (CO2),kilotonnes,3.5839,3.5902,3.6048,3.6425,3.6696,3.6793,3.6926,3.7202,3.7435,3.7325,3.7312,3.7419,3.7266,3.7197,3.7148,3.6908,3.6993,3.7129,3.73,3.7314,3.7248
Cyprus,Waste - agri-food systems,Emissions (CO2eq) from CH4 (AR5),kilotonnes,246.0781,247.7522,251.2637,253.7966,255.0131,256.3516,257.2841,259.4668,263.4905,262.4914,263.2007,265.2167,265.5179,265.7188,266.6773,267.0026,267.4411,278.201,289.1668,300.0594,310.7875
Cyprus,Waste - agri-food systems,Emissions (CO2eq) from N2O (AR5),kilotonnes,7.6562,7.9097,8.5818,8.3901,8.5928,8.5276,8.4202,9.0727,9.6021,9.1746,9.3841,9.4208,9.5676,9.1781,9.4241,9.5714,9.6381,10.1569,10.5621,10.9656,11.3654
Cyprus,Waste - agri-food systems,Emissions (CO2eq) (AR5),kilotonnes,257.3182,259.2522,263.4503,265.8291,267.2755,268.5584,269.3968,272.2597,276.8361,275.3985,276.3161,278.3794,278.8122,278.6167,279.8162,280.2648,280.7785,292.0708,303.4589,314.7563,325.8777
Cyprus,On-farm electricity use,Emissions (CH4),kilotonnes,0.114,0.1116,0.1212,0.1356,0.1404,0.1452,0.1548,0.1656,0.1884,0.1728,0.1836,0.1644,0.1548,0.1704,0.1776,0.1728,0.2064,0.2052,0.2124,0.2194,0.2194
Cyprus,On-farm electricity use,Emissions (N2O),kilotonnes,0.0006,0.0007,0.0006,0.0007,0.0007,0.0008,0.0008,0.0009,0.001,0.0009,0.001,0.0009,0.0008,0.0009,0.001,0.0009,0.0011,0.0011,0.0011,0.0011,0.0011
Cyprus,On-farm electricity use,Emissions (CO2),kilotonnes,79.5752,72.301,76.3607,94.1625,90.3738,95.3931,97.7971,104.9677,119.0862,107.4218,107.8152,100.3325,93.6921,107.6455,112.1939,109.1616,130.3874,129.6294,134.1778,138.5746,138.5746
Cyprus,On-farm electricity use,Emissions (CO2eq) from CH4 (AR5),kilotonnes,3.192,3.1248,3.3936,3.7968,3.9312,4.0656,4.3344,4.6368,5.2752,4.8384,5.1408,4.6032,4.3344,4.7712,4.9728,4.8384,5.7792,5.7456,5.9472,6.1432,6.1432
Cyprus,On-farm electricity use,Emissions (CO2eq) from N2O (AR5),kilotonnes,0.159,0.1855,0.159,0.1855,0.1855,0.212,0.212,0.2385,0.265,0.2385,0.265,0.2385,0.212,0.2385,0.265,0.2385,0.2915,0.2915,0.2915,0.2915,0.2915
Cyprus,On-farm electricity use,Emissions (CO2eq) (AR5),kilotonnes,82.9262,75.6113,79.9133,98.1448,94.4905,99.6707,102.3435,109.843,124.6264,112.4987,113.221,105.1742,98.2385,112.6552,117.4317,114.2385,136.4581,135.6665,140.4165,145.0093,145.0093
Cyprus,Food Processing,Emissions (CH4),kilotonnes,0.1524,0.1584,0.1764,0.1908,0.1944,0.1992,0.2053,0.2197,0.2341,0.2317,0.2365,0.2222,0.2225,0.2055,0.1954,0.196,0.2057,0.2135,0.2205,0.2205,0.2147
Cyprus,Food Processing,Emissions (N2O),kilotonnes,0.0008,0.0009,0.0009,0.001,0.001,0.0011,0.0011,0.0012,0.0013,0.0012,0.0013,0.0012,0.0015,0.0013,0.0014,0.0013,0.0014,0.0016,0.0016,0.0016,0.0016
Cyprus,Food Processing,Emissions (CO2),kilotonnes,106.3795,102.6207,111.1388,132.4941,125.133,130.8699,138.5919,148.1502,156.8635,152.9289,147.7748,147.424,186.263,175.1828,184.1966,166.4776,178.5114,201.7979,203.0177,203.0177,173.4456
Cyprus,Food Processing,Emissions (CO2eq) from CH4 (AR5),kilotonnes,4.2672,4.4352,4.9392,5.3424,5.4432,5.5776,5.7484,6.1516,6.5548,6.4876,6.622,6.2216,6.23,5.754,5.4712,5.488,5.7596,5.978,6.174,6.174,6.0115
Cyprus,Food Processing,Emissions (CO2eq) from N2O (AR5),kilotonnes,0.212,0.2385,0.2385,0.265,0.265,0.2915,0.2915,0.318,0.3445,0.318,0.3445,0.318,0.3975,0.3445,0.371,0.3445,0.371,0.424,0.424,0.424,0.4205
Cyprus,Food Processing,Emissions (CO2eq) (AR5),kilotonnes,110.8587,107.2944,116.3165,138.1015,130.8412,136.739,144.6318,154.6198,163.7628,159.7345,154.7413,153.9636,192.8905,181.2813,190.0388,172.3101,184.642,208.1999,209.6157,209.6157,179.8776
Cyprus,Food Packaging,Emissions (CH4),kilotonnes,0.0045,0.0036,0.0034,0.0034,0.0017,0.0018,0.0017,0.002,0.0018,0.0018,0.0017,0.0017,0.0019,0.0019,0.002,0.0022,0.0024,0.0025,0.0026,0.0007,0.0007
Cyprus,Food Packaging,Emissions (N2O),kilotonnes,0,0,0,0,0,0,0.0001,0.0001,0.0001,0,0,0,0,0,0,0,0,0,0.0001,0,0
Cyprus,Food Packaging,Emissions (CO2),kilotonnes,5.7179,5.1824,5.3875,6.2752,5.6559,5.4072,5.6949,6.0637,6.7126,4.7841,4.71,4.6021,5.0601,4.474,4.2781,5.2463,5.8876,5.5928,6.0618,5.1519,4.4015
Cyprus,Food Packaging,Emissions (CO2eq) from CH4 (AR5),kilotonnes,0.126,0.1008,0.0952,0.0952,0.0476,0.0504,0.0476,0.056,0.0504,0.0504,0.0476,0.0476,0.0532,0.0532,0.056,0.0616,0.0672,0.07,0.0728,0.0196,0.0191
Cyprus,Food Packaging,Emissions (CO2eq) from N2O (AR5),kilotonnes,0,0,0,0,0,0,0.0265,0.0265,0.0265,0,0,0,0,0,0,0,0,0,0.0265,0,0
Cyprus,Food Packaging,Emissions (CO2eq) (AR5),kilotonnes,5.8439,5.2832,5.4827,6.3704,5.7035,5.4576,5.769,6.1462,6.7895,4.8345,4.7576,4.6497,5.1133,4.5272,4.3341,5.3079,5.9548,5.6628,6.1611,5.1715,4.4205
Cyprus,Food Retail,Emissions (CH4),kilotonnes,0.1651,0.1922,0.2091,0.2196,0.226,0.2358,0.2456,0.258,0.2732,0.286,0.2982,0.2826,0.2644,0.2361,0.2429,0.2493,0.2729,0.2771,0.2873,0.3212,0.3127
Cyprus,Food Retail,Emissions (N2O),kilotonnes,0.0009,0.0011,0.001,0.0011,0.0011,0.0013,0.0013,0.0015,0.0015,0.0016,0.0017,0.0016,0.0014,0.0013,0.0013,0.0014,0.0015,0.0015,0.0016,0.0018,0.0018
Cyprus,Food Retail,Emissions (CO2),kilotonnes,115.2668,124.5131,131.7335,152.5266,145.4632,155.2277,166.5593,174.5885,184.7567,189.1895,187.8893,184.5291,171.3651,159.1744,162.4943,168.8995,182.4395,184.7418,193.213,212.4765,181.5266
Cyprus,Food Retail,Emissions (CO2eq) from F-gases (AR5),kilotonnes,90.9125,111.6925,131.953,155.3305,180.2665,204.1635,226.502,248.8405,252.477,254.0355,255.0745,255.594,256.1135,256.1135,256.1135,256.1135,277.413,282.608,288.3225,293.5175,295.4776
Cyprus,Food Retail,Emissions (CO2eq) from CH4 (AR5),kilotonnes,4.6228,5.3816,5.8548,6.1488,6.328,6.6024,6.8768,7.224,7.6496,8.008,8.3496,7.9128,7.4032,6.6108,6.8012,6.9804,7.6412,7.7588,8.0444,8.9936,8.7569
Cyprus,Food Retail,Emissions (CO2eq) from N2O (AR5),kilotonnes,0.2385,0.2915,0.265,0.2915,0.2915,0.3445,0.3445,0.3975,0.3975,0.424,0.4505,0.424,0.371,0.3445,0.3445,0.371,0.3975,0.3975,0.424,0.477,0.4731
Cyprus,Food Retail,Emissions (CO2eq) (AR5),kilotonnes,211.0406,241.8787,269.8063,314.2974,332.3492,366.3381,400.2826,431.0505,445.2808,451.657,451.7639,448.4599,435.2528,422.2432,425.7535,432.3644,467.8912,475.5061,490.0039,515.4646,486.2341
Cyprus,Food Household Consumption,Emissions (CH4),kilotonnes,0.154,0.1521,0.169,0.1889,0.1915,0.2118,0.2219,0.2369,0.2469,0.2531,0.2544,0.253,0.2456,0.2107,0.2085,0.2222,0.2322,0.2436,0.2459,0.2459,0.2394
Cyprus,Food Household Consumption,Emissions (N2O),kilotonnes,0.0009,0.001,0.0009,0.0011,0.001,0.0015,0.0015,0.0016,0.0016,0.0016,0.0016,0.0017,0.0015,0.0013,0.0013,0.0014,0.0015,0.0015,0.0015,0.0015,0.0015
Cyprus,Food Household Consumption,Emissions (CO2),kilotonnes,133.4781,124.6842,135.3978,161.2355,150.4111,190.3175,191.6262,198.821,199.5561,205.0099,190.3181,200.7365,193.6492,169.9936,165.1625,179.307,186.0019,193.5599,186.3849,186.3849,159.2355
Cyprus,Food Household Consumption,Emissions (CO2eq) from CH4 (AR5),kilotonnes,4.312,4.2588,4.732,5.2892,5.362,5.9304,6.2132,6.6332,6.9132,7.0868,7.1232,7.084,6.8768,5.8996,5.838,6.2216,6.5016,6.8208,6.8852,6.8852,6.704
Cyprus,Food Household Consumption,Emissions (CO2eq) from N2O (AR5),kilotonnes,0.2385,0.265,0.2385,0.2915,0.265,0.3975,0.3975,0.424,0.424,0.424,0.424,0.4505,0.3975,0.3445,0.3445,0.371,0.3975,0.3975,0.3975,0.3975,0.3942
Cyprus,Food Household Consumption,Emissions (CO2eq) (AR5),kilotonnes,138.0286,129.208,140.3683,166.8162,156.0381,196.6454,198.2369,205.8782,206.8933,212.5207,197.8653,208.271,200.9235,176.2377,171.345,185.8996,192.901,200.7782,193.6676,193.6676,166.3338
Cyprus,Food Transport,Emissions (CH4),kilotonnes,0.0176,0.0172,0.0163,0.0166,0.0169,0.0167,0.0163,0.0166,0.0164,0.0158,0.0152,0.0143,0.0131,0.0116,0.0109,0.0109,0.0112,0.0111,0.0108,0.0113,0.011
Cyprus,Food Transport,Emissions (N2O),kilotonnes,0.0044,0.0045,0.0046,0.0049,0.0052,0.0054,0.0054,0.0057,0.0058,0.0057,0.0058,0.0055,0.0051,0.0045,0.0044,0.0046,0.0048,0.0051,0.005,0.0057,0.0057
Cyprus,Food Transport,Emissions (CO2),kilotonnes,133.21,137.83,136.29,144.76,152.46,155.54,154,164.78,167.86,167.86,171.71,166.32,153.23,137.83,134.75,139.37,147.07,152.46,150.15,169.8684,145.1249
Cyprus,Food Transport,Emissions (CO2eq) from CH4 (AR5),kilotonnes,0.4928,0.4816,0.4564,0.4648,0.4732,0.4676,0.4564,0.4648,0.4592,0.4424,0.4256,0.4004,0.3668,0.3248,0.3052,0.3052,0.3136,0.3108,0.3024,0.3164,0.3081
Cyprus,Food Transport,Emissions (CO2eq) from N2O (AR5),kilotonnes,1.166,1.1925,1.219,1.2985,1.378,1.431,1.431,1.5105,1.537,1.5105,1.537,1.4575,1.3515,1.1925,1.166,1.219,1.272,1.3515,1.325,1.5105,1.4981
Cyprus,Food Transport,Emissions (CO2eq) (AR5),kilotonnes,134.8688,139.5041,137.9654,146.5233,154.3112,157.4386,155.8874,166.7553,169.8562,169.8129,173.6726,168.1779,154.9483,139.3473,136.2212,140.8942,148.6556,154.1223,151.7774,171.6953,146.9311
Cyprus,Energy,Emissions (CH4),kilotonnes,1.01,1,0.988,0.974,0.7,0.672,0.62,0.821,0.75,0.571,0.516,0.502,0.479,0.432,0.423,0.461,0.565,0.644,0.672,0.57,0.555
Cyprus,Energy,Emissions (N2O),kilotonnes,0.0842,0.0854,0.0867,0.0943,0.0977,0.133,0.133,0.139,0.135,0.13,0.128,0.126,0.117,0.107,0.104,0.112,0.116,0.124,0.125,0.122,0.121
Cyprus,Energy,Emissions (CO2),kilotonnes,6280,6200,6300,6930,6490,6600,6890,7260,7620,7370,7040,6820,6410,5520,5700,5740,6080,6200,6150,6110,5220
Cyprus,Energy,Emissions (CO2eq) from CH4 (AR5),kilotonnes,28.28,28,27.664,27.272,19.6,18.816,17.36,22.988,21,15.988,14.448,14.056,13.412,12.096,11.844,12.908,15.82,18.032,18.816,15.96,15.54
Cyprus,Energy,Emissions (CO2eq) from N2O (AR5),kilotonnes,22.313,22.631,22.9755,24.9895,25.8905,35.245,35.245,36.835,35.775,34.45,33.92,33.39,31.005,28.355,27.56,29.68,30.74,32.86,33.125,32.33,32.065
Cyprus,Energy,Emissions (CO2eq) (AR5),kilotonnes,6330.593,6250.631,6350.6395,6982.2615,6535.4905,6654.061,6942.605,7319.823,7676.775,7420.438,7088.368,6867.446,6454.417,5560.451,5739.404,5782.588,6126.56,6250.892,6201.941,6158.29,5267.605
Cyprus,IPPU,Emissions (CH4),kilotonnes,0,0,0,0,0,0,0,0,0,0,0,0,0,0,0,0,0,0,0,0,0
Cyprus,IPPU,Emissions (N2O),kilotonnes,0.165,0.168,0.171,0.175,0.178,0.181,0.185,0.189,0.193,0.197,0.2,0.202,0.204,0.206,0.207,0.209,0.21,0.212,0.214,0.217,0.219
Cyprus,IPPU,Emissions (CO2),kilotonnes,791,774,794,780,839,817,851,842,850,703,591,585,542,789,1010,914,920,960,885,863,955
Cyprus,IPPU,Emissions (CO2eq) from F-gases (AR5),kilotonnes,94.5517,118.5541,140.9044,164.2265,193.3792,222.5318,247.7974,274.0348,299.3004,325.5378,351.7752,380.9278,392.5889,398.4194,410.0804,431.459,465.4704,500.4536,548.0696,582.081,585.968
Cyprus,IPPU,Emissions (CO2eq) from CH4 (AR5),kilotonnes,0,0,0,0,0,0,0,0,0,0,0,0,0,0,0,0,0,0,0,0,0
Cyprus,IPPU,Emissions (CO2eq) from N2O (AR5),kilotonnes,43.725,44.52,45.315,46.375,47.17,47.965,49.025,50.085,51.145,52.205,53,53.53,54.06,54.59,54.855,55.385,55.65,56.18,56.71,57.505,58.035
Cyprus,IPPU,Emissions (CO2eq) (AR5),kilotonnes,929.2767,937.0741,980.2194,990.6015,1079.5492,1087.4968,1147.8224,1166.1198,1200.4454,1080.7428,995.7752,1019.4578,988.6489,1242.0094,1474.9354,1400.844,1441.1204,1516.6336,1489.7796,1502.586,1599.003
Cyprus,Waste,Emissions (CH4),kilotonnes,13.4,13.6,13.8,13.9,14,14.1,13.7,13.9,14.2,14.5,25.6,25,23.4,22.4,22.1,22.7,22.9,23.2,23.4,23.6,24
Cyprus,Waste,Emissions (N2O),kilotonnes,0.0528,0.0537,0.0546,0.0544,0.0542,0.0538,0.0539,0.0548,0.0563,0.0578,0.0588,0.0613,0.0647,0.0632,0.0661,0.0701,0.0708,0.0687,0.0698,0.0734,0.0736
Cyprus,Waste,Emissions (CO2),kilotonnes,0,0,0,0,0,0,0,0,0,0,0,0,0,0,0,0,0,0,0,0,0
Cyprus,Waste,Emissions (CO2eq) from CH4 (AR5),kilotonnes,375.2,380.8,386.4,389.2,392,394.8,383.6,389.2,397.6,406,716.8,700,655.2,627.2,618.8,635.6,641.2,649.6,655.2,660.8,672
Cyprus,Waste,Emissions (CO2eq) from N2O (AR5),kilotonnes,13.992,14.2305,14.469,14.416,14.363,14.257,14.2835,14.522,14.9195,15.317,15.582,16.2445,17.1455,16.748,17.5165,18.5765,18.762,18.2055,18.497,19.451,19.504
Cyprus,Waste,Emissions (CO2eq) (AR5),kilotonnes,389.192,395.0305,400.869,403.616,406.363,409.057,397.8835,403.722,412.5195,421.317,732.382,716.2445,672.3455,643.948,636.3165,654.1765,659.962,667.8055,673.697,680.251,691.504
Cyprus,Other,Emissions (N2O),kilotonnes,0.15,0.147,0.146,0.158,0.154,0.149,0.143,0.145,0.142,0.131,0.124,0.117,0.102,0.0846,0.0871,0.0898,0.0939,0.0939,0.0929,0.0736,0.0683
Cyprus,Other,Emissions (CO2eq) from N2O (AR5),kilotonnes,39.75,38.955,38.69,41.87,40.81,39.485,37.895,38.425,37.63,34.715,32.86,31.005,27.03,22.419,23.0815,23.797,24.8835,24.8835,24.6185,19.504,18.0995
Cyprus,Other,Emissions (CO2eq) (AR5),kilotonnes,39.75,38.955,38.69,41.87,40.81,39.485,37.895,38.425,37.63,34.715,32.86,31.005,27.03,22.419,23.0815,23.797,24.8835,24.8835,24.6185,19.504,18.0995
Cyprus,Farm-gate emissions,Emissions (CH4),kilotonnes,7.4374,7.9946,8.5002,8.0714,7.9726,7.3842,7.5174,7.4066,7.3272,7.1429,7.4795,7.4478,7.154,6.677,6.7517,6.6093,6.9193,7.1735,7.2202,7.3271,7.5084
Cyprus,Farm-gate emissions,Direct emissions (N2O),kilotonnes,0.5007,0.5442,0.5835,0.5831,0.5393,0.4875,0.4821,0.4711,0.435,0.4717,0.5076,0.4914,0.5026,0.4422,0.4292,0.4663,0.4583,0.4766,0.4795,0.4922,0.5007
Cyprus,Farm-gate emissions,Indirect emissions (N2O),kilotonnes,0.1703,0.1861,0.1992,0.197,0.1831,0.1655,0.1651,0.1613,0.1507,0.1619,0.1745,0.1684,0.17,0.1493,0.1448,0.1554,0.1539,0.1591,0.1588,0.1617,0.1637
Cyprus,Farm-gate emissions,Emissions (N2O),kilotonnes,0.8804,0.944,1.0112,1.0079,0.9411,0.8562,0.8584,0.8447,0.8003,0.8428,0.8913,0.8615,0.8592,0.7611,0.7339,0.791,0.7799,0.8018,0.8082,0.8204,0.8351
Cyprus,Farm-gate emissions,Emissions (CO2),kilotonnes,206.3132,205.7369,202.0053,207.9392,208.0321,195.6315,197.8338,193.9203,167.6381,133.5339,133.5676,121.9847,108.8154,99.4164,90.7212,101.1391,98.4062,101.3139,99.7746,101.5852,101.5852
Cyprus,Farm-gate emissions,Emissions (CO2eq) from CH4 (AR5),kilotonnes,208.248,223.8495,238.0064,225.9987,223.2331,206.7563,210.4863,207.3846,205.1619,200.0021,209.426,208.5376,200.3126,186.955,189.0476,185.0609,193.7399,200.8587,202.1651,205.1595,210.2363
Cyprus,Farm-gate emissions,Emissions (CO2eq) from N2O (AR5),kilotonnes,233.2979,250.1622,267.9634,267.0807,249.4035,226.8898,227.4639,223.8439,212.0913,223.3328,236.1994,228.2869,227.6902,201.7006,194.485,209.6267,206.6753,212.4886,214.1835,217.4167,221.2918
Cyprus,Farm-gate emissions,Emissions (CO2eq) (AR5),kilotonnes,647.859,679.7486,707.9751,701.0186,680.6687,629.2776,635.7839,625.1488,584.8913,556.8688,579.1931,558.8093,536.8183,488.072,474.2537,495.8266,498.8213,514.6612,516.1231,524.1615,533.1134
Cyprus,Land Use change,Emissions (CH4),kilotonnes,0,0,0,0,0,0,0,0,0,0,0,0,0,0,0,0,0,0,0,0,0
Cyprus,Land Use change,Emissions (N2O),kilotonnes,0,0,0,0,0,0,0,0,0,0,0,0,0,0,0,0,0,0,0,0,0
Cyprus,Land Use change,Emissions (CO2),kilotonnes,0,11.6204,11.6204,11.6204,11.6204,11.6204,11.6204,11.6204,11.6204,11.6204,11.6204,8.9649,8.9649,8.9649,8.9649,8.9649,30.3359,30.3359,30.3359,30.3359,30.3359
Cyprus,Land Use change,Emissions (CO2eq) from CH4 (AR5),kilotonnes,0,0,0,0,0,0,0,0,0,0,0,0,0,0,0,0,0,0,0,0,0
Cyprus,Land Use change,Emissions (CO2eq) from N2O (AR5),kilotonnes,0,0,0,0,0,0,0,0,0,0,0,0,0,0,0,0,0,0,0,0,0
Cyprus,Land Use change,Emissions (CO2eq) (AR5),kilotonnes,0,11.6204,11.6204,11.6204,11.6204,11.6204,11.6204,11.6204,11.6204,11.6204,11.6204,8.9649,8.9649,8.9649,8.9649,8.9649,30.3359,30.3359,30.3359,30.3359,30.3359
Cyprus,Emissions on agricultural land,Emissions (CH4),kilotonnes,7.4374,7.9946,8.5002,8.0714,7.9726,7.3842,7.5174,7.4066,7.3272,7.1429,7.4795,7.4478,7.154,6.677,6.7517,6.6093,6.9193,7.1735,7.2202,7.3271,7.5084
Cyprus,Emissions on agricultural land,Emissions (N2O),kilotonnes,0.8804,0.944,1.0112,1.0079,0.9411,0.8562,0.8584,0.8447,0.8003,0.8428,0.8913,0.8615,0.8592,0.7611,0.7339,0.791,0.7799,0.8018,0.8082,0.8204,0.8351
Cyprus,Emissions on agricultural land,Emissions (CO2),kilotonnes,206.3132,217.3573,213.6257,219.5596,219.6525,207.2519,209.4542,205.5407,179.2585,145.1543,145.188,130.9496,117.7803,108.3813,99.686,110.1039,128.7421,131.6498,130.1105,131.9212,131.9212
Cyprus,Emissions on agricultural land,Emissions (CO2eq) from CH4 (AR5),kilotonnes,208.248,223.8495,238.0064,225.9987,223.2331,206.7563,210.4863,207.3846,205.1619,200.0021,209.426,208.5376,200.3126,186.955,189.0476,185.0609,193.7399,200.8587,202.1651,205.1595,210.2363
Cyprus,Emissions on agricultural land,Emissions (CO2eq) from N2O (AR5),kilotonnes,233.2979,250.1622,267.9634,267.0807,249.4035,226.8898,227.4639,223.8439,212.0913,223.3328,236.1994,228.2869,227.6902,201.7006,194.485,209.6267,206.6753,212.4886,214.1835,217.4167,221.2918
Cyprus,Emissions on agricultural land,Emissions (CO2eq) (AR5),kilotonnes,647.859,691.369,719.5955,712.639,692.2891,640.898,647.4043,636.7692,596.5117,568.4892,590.8135,567.7741,545.7831,497.0368,483.2186,504.7915,529.1573,544.9972,546.4591,554.4974,563.4493
Cyprus,Pre- and post- production,Emissions (CH4),kilotonnes,9.3961,9.4834,9.6691,9.8191,9.8785,9.9659,10.0343,10.1655,10.3712,10.3359,10.3896,10.4102,10.3851,10.3262,10.3615,10.3892,10.4823,10.8887,11.3069,11.7354,12.0975
Cyprus,Pre- and post- production,Emissions (N2O),kilotonnes,0.0365,0.038,0.0404,0.0405,0.0414,0.0423,0.042,0.0452,0.0475,0.0456,0.0468,0.0465,0.0464,0.0439,0.045,0.0457,0.0467,0.0491,0.0508,0.0531,0.0545
Cyprus,Pre- and post- production,Emissions (CO2),kilotonnes,577.2114,570.7216,599.9131,695.0964,673.1666,736.4347,757.962,801.0913,838.5786,830.9267,813.9486,807.6861,806.9861,758.02,766.7902,772.1528,833.9971,871.4947,876.7352,919.2054,806.0334
Cyprus,Pre- and post- production,Emissions (CO2eq) from F-gases (AR5),kilotonnes,90.9125,111.6925,131.953,155.3305,180.2665,204.1635,226.502,248.8405,252.477,254.0355,255.0745,255.594,256.1135,256.1135,256.1135,256.1135,277.413,282.608,288.3225,293.5175,295.4776
Cyprus,Pre- and post- production,Emissions (CO2eq) from CH4 (AR5),kilotonnes,263.0909,265.535,270.7349,274.9338,276.5983,279.0456,280.9609,284.6332,290.3929,289.405,290.9095,291.4863,290.7823,289.1324,290.1217,290.8978,293.5035,304.885,316.5928,328.5914,338.7303
Cyprus,Pre- and post- production,Emissions (CO2eq) from N2O (AR5),kilotonnes,9.6702,10.0827,10.7018,10.7221,10.9778,11.2041,11.1232,11.9877,12.5966,12.0896,12.4051,12.3093,12.2971,11.6426,11.9151,12.1154,12.3676,13.0189,13.4506,14.0661,14.4429
Cyprus,Pre- and post- production,Emissions (CO2eq) (AR5),kilotonnes,940.885,958.0319,1013.3028,1136.0827,1141.0092,1230.8478,1276.548,1346.5527,1394.0451,1386.4568,1372.3378,1367.0757,1366.1791,1314.9086,1324.9405,1331.2795,1417.2812,1472.0066,1495.1011,1555.3803,1454.6842
Cyprus,Agri-food systems,Emissions (CH4),kilotonnes,16.8335,17.478,18.1693,17.8904,17.8511,17.3501,17.5517,17.5721,17.6984,17.4788,17.8691,17.858,17.5391,17.0031,17.1132,16.9985,17.4016,18.0623,18.5271,19.0625,19.606
Cyprus,Agri-food systems,Emissions (N2O),kilotonnes,0.9169,0.9821,1.0516,1.0483,0.9826,0.8985,0.9003,0.8899,0.8479,0.8884,0.9381,0.9079,0.9056,0.8051,0.7789,0.8368,0.8266,0.851,0.859,0.8735,0.8896
Cyprus,Agri-food systems,Emissions (CO2),kilotonnes,783.5246,788.0789,813.5388,914.656,892.8191,943.6866,967.4162,1006.632,1017.8371,976.081,959.1367,938.6357,924.7664,866.4013,866.4763,882.2567,962.7392,1003.1445,1006.8457,1051.1266,937.9546
Cyprus,Agri-food systems,Emissions (CO2eq) from F-gases (AR5),kilotonnes,90.9125,111.6925,131.953,155.3305,180.2665,204.1635,226.502,248.8405,252.477,254.0355,255.0745,255.594,256.1135,256.1135,256.1135,256.1135,277.413,282.608,288.3225,293.5175,295.4776
Cyprus,Agri-food systems,Emissions (CO2eq) from CH4 (AR5),kilotonnes,471.3389,489.3845,508.7413,500.9325,499.8314,485.8018,491.4471,492.0178,495.5548,489.4071,500.3356,500.0239,491.0949,476.0874,479.1693,475.9587,487.2434,505.7437,518.7579,533.7509,548.9667
Cyprus,Agri-food systems,Emissions (CO2eq) from N2O (AR5),kilotonnes,242.968,260.2449,278.6652,277.8028,260.3813,238.0939,238.587,235.8316,224.6879,235.4224,248.6045,240.5961,239.9874,213.3432,206.4,221.7421,219.0429,225.5076,227.6341,231.4828,235.7346
Cyprus,Agri-food systems,Emissions (CO2eq) (AR5),kilotonnes,1588.744,1649.4009,1732.8982,1848.7217,1833.2983,1871.7458,1923.9523,1983.322,1990.5568,1954.946,1963.1513,1934.8498,1911.9622,1811.9454,1808.1591,1836.071,1946.4384,2017.0038,2041.5602,2109.8778,2018.1335
Cyprus,IPCC Agriculture,Emissions (CH4),kilotonnes,7.1967,7.7365,8.2425,7.8123,7.6945,7.1286,7.2525,7.1632,7.1449,7.0353,7.3605,7.3886,7.1071,6.6427,6.7298,6.5883,6.9004,7.1571,7.2048,7.313,7.4943
Cyprus,IPCC Agriculture,Emissions (CH4),kilotonnes,13.1326,14.0426,14.7313,14.2733,13.9935,12.9611,13.0389,13.0922,12.7042,12.5282,12.8468,12.8258,12.2713,11.5468,11.3358,11.3851,12.1157,12.5141,12.7588,13.1368,14.2402
Cyprus,IPCC Agriculture,Direct emissions (N2O),kilotonnes,0.5007,0.5442,0.5835,0.5831,0.5393,0.4875,0.4821,0.4711,0.435,0.4717,0.5076,0.4914,0.5026,0.4422,0.4292,0.4663,0.4583,0.4766,0.4795,0.4922,0.5007
Cyprus,IPCC Agriculture,Indirect emissions (N2O),kilotonnes,0.1703,0.1861,0.1992,0.197,0.1831,0.1655,0.1651,0.1613,0.1507,0.1619,0.1745,0.1684,0.17,0.1493,0.1448,0.1554,0.1539,0.1591,0.1588,0.1617,0.1637
Cyprus,IPCC Agriculture,Emissions (N2O),kilotonnes,0.843,0.9062,0.9748,0.9705,0.9047,0.8213,0.8222,0.8086,0.767,0.8123,0.8621,0.83,0.8291,0.7324,0.7077,0.7612,0.7513,0.772,0.7797,0.7914,0.806
Cyprus,IPCC Agriculture,Emissions (N2O),kilotonnes,0.7599,0.8541,0.8581,0.8346,0.7931,0.707,0.7495,0.7168,0.6682,0.6572,0.7073,0.6606,0.6505,0.5852,0.5697,0.5884,0.6044,0.6186,0.6195,0.6348,0.6565
Cyprus,IPCC Agriculture,Emissions (CO2),kilotonnes,1.672,0.1665,0.4195,0.7311,0.9467,0.9665,1.166,1.1059,0.5368,1.1389,0.7377,0.9086,0.5488,0.7905,0.407,0.3982,0.394,0.418,0.2234,0.2259,0.22
Cyprus,IPCC Agriculture,Emissions (CO2eq) from CH4 (AR5),kilotonnes,201.5085,216.622,230.7898,218.7435,215.4457,199.601,203.0697,200.5687,200.056,196.9889,206.0937,206.8807,199.0001,185.9955,188.4353,184.4714,193.211,200.3986,201.7332,204.7637,209.8405
Cyprus,IPCC Agriculture,Emissions (CO2eq) from CH4 (AR5),kilotonnes,367.7115,393.1931,412.4758,399.6514,391.8169,362.9117,365.088,366.5821,355.7189,350.7891,359.7096,359.121,343.5952,323.3099,317.4036,318.7841,339.2389,350.3949,357.2457,367.8299,398.7265
Cyprus,IPCC Agriculture,Emissions (CO2eq) from N2O (AR5),kilotonnes,223.4074,240.1393,258.3264,257.1703,239.7468,217.6485,217.8892,214.2887,203.2669,215.2667,228.4444,219.9595,219.7187,194.0814,187.5387,201.707,199.0845,204.5795,206.6077,209.715,213.5901
Cyprus,IPCC Agriculture,Emissions (CO2eq) from N2O (AR5),kilotonnes,201.3636,226.338,227.4014,221.1743,210.17,187.3533,198.6303,189.9626,177.0773,174.1515,187.4348,175.0521,172.3712,155.0834,150.9653,155.9156,160.1537,163.9405,164.1582,168.2269,173.9801
Cyprus,IPCC Agriculture,Emissions (CO2eq) (AR5),kilotonnes,424.9159,456.7613,489.1161,475.9138,455.1925,417.2495,420.9589,414.8574,403.3229,412.2556,434.5381,426.8402,418.7188,380.0769,375.9741,386.1784,392.2954,404.9782,408.3408,414.4787,423.4306
Cyprus,IPCC Agriculture,Emissions (CO2eq) (AR5),kilotonnes,570.7471,619.6976,640.2966,621.5567,602.9336,551.2315,564.8844,557.6506,533.333,526.0795,547.8821,535.0817,516.5152,479.1837,468.7759,475.0979,499.7866,514.7534,521.6273,536.2826,572.9266
Cyprus,Agricultural Soils,Direct emissions (N2O),kilotonnes,0.5007,0.5442,0.5835,0.5831,0.5393,0.4875,0.4821,0.4711,0.435,0.4717,0.5076,0.4914,0.5026,0.4422,0.4292,0.4663,0.4583,0.4766,0.4795,0.4922,0.5007
Cyprus,Agricultural Soils,Direct emissions (N2O),kilotonnes,0.417,0.4805,0.4695,0.4638,0.4404,0.3824,0.425,0.3878,0.3593,0.3562,0.3946,0.3581,0.3637,0.3232,0.3087,0.331,0.3382,0.3453,0.3441,0.3534,0.3628
Cyprus,Agricultural Soils,Indirect emissions (N2O),kilotonnes,0.1703,0.1861,0.1992,0.197,0.1831,0.1655,0.1651,0.1613,0.1507,0.1619,0.1745,0.1684,0.17,0.1493,0.1448,0.1554,0.1539,0.1591,0.1588,0.1617,0.1637
Cyprus,Agricultural Soils,Indirect emissions (N2O),kilotonnes,0.0652,0.0731,0.0733,0.0707,0.0679,0.0606,0.0651,0.0625,0.058,0.0573,0.0621,0.058,0.0574,0.0517,0.0506,0.0516,0.0542,0.0553,0.0555,0.0565,0.0585
Cyprus,Agricultural Soils,Emissions (N2O),kilotonnes,0.671,0.7303,0.7827,0.7801,0.7224,0.653,0.6473,0.6324,0.5857,0.6336,0.6821,0.6598,0.6726,0.5915,0.574,0.6217,0.6122,0.6357,0.6383,0.654,0.6645
Cyprus,Agricultural Soils,Emissions (N2O),kilotonnes,0.4822,0.5537,0.5428,0.5345,0.5083,0.443,0.4901,0.4502,0.4173,0.4134,0.4567,0.4161,0.4211,0.375,0.3593,0.3826,0.3923,0.4007,0.3997,0.4099,0.4213
Cyprus,Agricultural Soils,Emissions (CO2eq) from N2O (AR5),kilotonnes,177.8196,193.5392,207.4029,206.7315,191.4472,173.0483,171.5257,167.5953,155.2231,167.9061,180.7656,174.8374,178.2501,156.7464,152.1086,164.7552,162.2425,168.4624,169.1569,173.3002,176.082
Cyprus,Agricultural Soils,Emissions (CO2eq) from N2O (AR5),kilotonnes,127.7748,146.7253,143.8336,141.6396,134.7035,117.3965,129.8717,119.3118,110.5735,109.5616,121.0212,110.2717,111.5825,99.365,95.2146,101.3996,103.9637,106.1764,105.9156,108.6353,111.6414
Cyprus,Agricultural Soils,Emissions (CO2eq) (AR5),kilotonnes,177.8196,193.5392,207.4029,206.7315,191.4472,173.0483,171.5257,167.5953,155.2231,167.9061,180.7656,174.8374,178.2501,156.7464,152.1086,164.7552,162.2425,168.4624,169.1569,173.3002,176.082
Cyprus,Agricultural Soils,Emissions (CO2eq) (AR5),kilotonnes,127.7748,146.7253,143.8336,141.6396,134.7035,117.3965,129.8717,119.3118,110.5735,109.5616,121.0212,110.2717,111.5825,99.365,95.2146,101.3996,103.9637,106.1764,105.9156,108.6353,111.6414
Cyprus,LULUCF,Emissions (CH4),kilotonnes,0,0,0,0,0,0,0,0,0,0,0,0,0,0,0,0,0,0,0,0,0
Cyprus,LULUCF,Emissions (CH4),kilotonnes,0.2881,0.0969,0.0028,0.0123,0.0239,0.0081,0.0203,0.1941,0.007,0.0116,0.045,0.0376,0.042,0.0146,0.0163,0.0058,0.4803,0.0152,0.0299,0.0211,
Cyprus,LULUCF,Emissions (N2O),kilotonnes,0,0,0,0,0,0,0,0,0,0,0,0,0,0,0,0,0,0,0,0,0
Cyprus,LULUCF,Emissions (N2O),kilotonnes,0.0085,0.0028,0.0001,0.0004,0.0007,0.0002,0.0006,0.0057,0.0002,0.0003,0.0013,0.0011,0.0012,0.0004,0.0005,0.0002,0.0141,0.0004,0.0009,0.0006,
Cyprus,LULUCF,Emissions (CO2),kilotonnes,-69.5346,-263.5563,-263.5563,-263.5563,-263.5563,-263.5563,-263.5563,-263.5563,-263.5563,-263.5563,-263.5563,-317.1928,-317.1928,-317.1928,-317.1928,-317.1928,-248.7111,-248.7111,-248.7111,-248.7111,-248.7111
Cyprus,LULUCF,Emissions (CO2),kilotonnes,-44.7483,-190.0326,-276.7643,-285.4074,-284.4484,-303.5449,-382.4141,-246.0034,-417.9849,-429.4132,-399.6341,-435.9404,-422.7943,-440.2749,-436.2193,-432.0858,-65.9953,-419.7299,-400.5534,-384.886,
Cyprus,LULUCF,Emissions (CO2eq) from CH4 (AR5),kilotonnes,0,0,0,0,0,0,0,0,0,0,0,0,0,0,0,0,0,0,0,0,0
Cyprus,LULUCF,Emissions (CO2eq) from N2O (AR5),kilotonnes,0,0,0,0,0,0,0,0,0,0,0,0,0,0,0,0,0,0,0,0,0
Cyprus,LULUCF,Emissions (CO2eq) (AR5),kilotonnes,-69.5346,-263.5563,-263.5563,-263.5563,-263.5563,-263.5563,-263.5563,-263.5563,-263.5563,-263.5563,-263.5563,-317.1928,-317.1928,-317.1928,-317.1928,-317.1928,-248.7111,-248.7111,-248.7111,-248.7111,-248.7111
Cyprus,LULUCF,Emissions (CO2eq) (AR5),kilotonnes,-44.7483,-190.0326,-276.7643,-285.4074,-284.4484,-303.5449,-382.4141,-246.0034,-417.9849,-429.4132,-399.6341,-435.9404,-422.7943,-440.2749,-436.2193,-432.0858,-65.9953,-419.7299,-400.5534,-384.886,
Cyprus,AFOLU,Emissions (CH4),kilotonnes,7.1967,7.7365,8.2425,7.8123,7.6945,7.1286,7.2525,7.1632,7.1449,7.0353,7.3605,7.3886,7.1071,6.6427,6.7298,6.5883,6.9004,7.1571,7.2048,7.313,7.4943
Cyprus,AFOLU,Emissions (N2O),kilotonnes,0.843,0.9062,0.9748,0.9705,0.9047,0.8213,0.8222,0.8086,0.767,0.8123,0.8621,0.83,0.8291,0.7324,0.7077,0.7612,0.7513,0.772,0.7797,0.7914,0.806
Cyprus,AFOLU,Emissions (CO2),kilotonnes,-69.5346,-263.5563,-263.5563,-263.5563,-263.5563,-263.5563,-263.5563,-263.5563,-263.5563,-263.5563,-263.5563,-317.1928,-317.1928,-317.1928,-317.1928,-317.1928,-248.7111,-248.7111,-248.7111,-248.7111,-248.7111
Cyprus,AFOLU,Emissions (CO2eq) from CH4 (AR5),kilotonnes,201.5085,216.622,230.7898,218.7435,215.4457,199.601,203.0697,200.5687,200.056,196.9889,206.0937,206.8807,199.0001,185.9955,188.4353,184.4714,193.211,200.3986,201.7332,204.7637,209.8405
Cyprus,AFOLU,Emissions (CO2eq) from N2O (AR5),kilotonnes,223.4074,240.1393,258.3264,257.1703,239.7468,217.6485,217.8892,214.2887,203.2669,215.2667,228.4444,219.9595,219.7187,194.0814,187.5387,201.707,199.0845,204.5795,206.6077,209.715,213.5901
Cyprus,AFOLU,Emissions (CO2eq) (AR5),kilotonnes,355.3813,193.205,225.5598,212.3574,191.6361,153.6932,157.4026,151.3011,139.7666,148.6992,170.9818,109.6474,101.526,62.8842,58.7813,68.9856,143.5843,156.2671,159.6297,165.7676,174.7195
Cyprus,All sectors with LULUCF,Emissions (CH4),kilotonnes,21.6067,22.3365,23.0305,22.6863,22.3945,21.9006,21.5725,21.8842,22.0949,22.1063,33.4765,32.8906,30.9861,29.4747,29.2528,29.7493,30.3654,31.0011,31.2768,31.483,32.0493
Cyprus,All sectors with LULUCF,Emissions (N2O),kilotonnes,1.295,1.3603,1.4331,1.4522,1.3886,1.3381,1.3371,1.3364,1.2933,1.3281,1.3729,1.3363,1.3168,1.1932,1.1719,1.2421,1.242,1.2706,1.2814,1.2774,1.2879
Cyprus,All sectors with LULUCF,Emissions (CO2),kilotonnes,7001.4654,6710.4437,6830.4437,7446.4437,7065.4437,7153.4437,7477.4437,7838.4437,8206.4437,7809.4437,7367.4437,7087.8072,6634.8072,5991.8072,6392.8072,6336.8072,6751.2889,6911.2889,6786.2889,6724.2889,5926.2889
Cyprus,All sectors with LULUCF,Emissions (CO2eq) from F-gases (AR5),kilotonnes,94.5517,118.5541,140.9044,164.2265,193.3792,222.5318,247.7974,274.0348,299.3004,325.5378,351.7752,380.9278,392.5889,398.4194,410.0804,431.459,465.4704,500.4536,548.0696,582.081,585.968
Cyprus,All sectors with LULUCF,Emissions (CO2eq) from CH4 (AR5),kilotonnes,604.9885,625.422,644.8538,635.2155,627.0457,613.217,604.0297,612.7567,618.656,618.9769,937.3417,920.9367,867.6121,825.2915,819.0793,832.9794,850.231,868.0306,875.7492,881.5237,897.3805
Cyprus,All sectors with LULUCF,Emissions (CO2eq) from N2O (AR5),kilotonnes,343.1874,360.4758,379.7759,384.8208,367.9803,354.6005,354.3377,354.1557,342.7364,351.9537,363.8064,354.129,348.9592,316.1934,310.5517,329.1455,329.12,336.7085,339.5582,338.505,341.2936
Cyprus,All sectors with LULUCF,Emissions (CO2eq) (AR5),kilotonnes,8044.193,7814.8955,7995.9777,8630.7065,8253.8488,8343.793,8683.6085,9079.3909,9467.1365,9105.912,9020.3669,8743.8007,8243.9674,7531.7115,7932.5187,7930.3911,8396.1103,8616.4817,8549.6658,8526.3986,7750.931
Cyprus,All sectors without LULUCF,Emissions (CH4),kilotonnes,21.6067,22.3365,23.0305,22.6863,22.3945,21.9006,21.5725,21.8842,22.0949,22.1063,33.4765,32.8906,30.9861,29.4747,29.2528,29.7493,30.3654,31.0011,31.2768,31.483,32.0493
Cyprus,All sectors without LULUCF,Emissions (N2O),kilotonnes,1.295,1.3603,1.4331,1.4522,1.3886,1.3381,1.3371,1.3364,1.2933,1.3281,1.3729,1.3363,1.3168,1.1932,1.1719,1.2421,1.242,1.2706,1.2814,1.2774,1.2879
Cyprus,All sectors without LULUCF,Emissions (CO2),kilotonnes,7071,6974,7094,7710,7329,7417,7741,8102,8470,8073,7631,7405,6952,6309,6710,6654,7000,7160,7035,6973,6175
Cyprus,All sectors without LULUCF,Emissions (CO2eq) from F-gases (AR5),kilotonnes,94.5517,118.5541,140.9044,164.2265,193.3792,222.5318,247.7974,274.0348,299.3004,325.5378,351.7752,380.9278,392.5889,398.4194,410.0804,431.459,465.4704,500.4536,548.0696,582.081,585.968
Cyprus,All sectors without LULUCF,Emissions (CO2eq) from CH4 (AR5),kilotonnes,604.9885,625.422,644.8538,635.2155,627.0457,613.217,604.0297,612.7567,618.656,618.9769,937.3417,920.9367,867.6121,825.2915,819.0793,832.9794,850.231,868.0306,875.7492,881.5237,897.3805
Cyprus,All sectors without LULUCF,Emissions (CO2eq) from N2O (AR5),kilotonnes,343.1874,360.4758,379.7759,384.8208,367.9803,354.6005,354.3377,354.1557,342.7364,351.9537,363.8064,354.129,348.9592,316.1934,310.5517,329.1455,329.12,336.7085,339.5582,338.505,341.2936
Cyprus,All sectors without LULUCF,Emissions (CO2eq) (AR5),kilotonnes,8113.7276,8078.4519,8259.5341,8894.2628,8517.4051,8607.3493,8947.1648,9342.9472,9730.6928,9369.4684,9283.9233,9060.9935,8561.1601,7848.9043,8249.7115,8247.5839,8644.8214,8865.1928,8798.3769,8775.1097,7999.6421
Czechia,Crop Residues,Direct emissions (N2O),kilotonnes,1.261,1.389,1.2598,1.0715,1.5967,1.404,1.1976,1.3133,1.5101,1.4188,1.2705,1.4963,1.1904,1.369,1.584,1.5062,1.5599,1.3763,1.2897,1.4005,1.4685
Czechia,Crop Residues,Direct emissions (N2O),kilotonnes,2.49,2.5708,2.2837,1.887,2.4986,2.344,2.0595,2.0925,2.2669,2.1976,2.0097,2.3829,2.1263,2.2231,2.6019,2.2758,2.5997,2.7811,2.4915,2.853,3.0664
Czechia,Crop Residues,Indirect emissions (N2O),kilotonnes,0.2837,0.3125,0.2835,0.2411,0.3593,0.3159,0.2695,0.2955,0.3398,0.3192,0.2859,0.3367,0.2678,0.308,0.3564,0.3389,0.351,0.3097,0.2902,0.3151,0.3304
Czechia,Crop Residues,Emissions (N2O),kilotonnes,1.5448,1.7015,1.5432,1.3126,1.956,1.7198,1.467,1.6088,1.8498,1.738,1.5564,1.833,1.4582,1.677,1.9405,1.8451,1.9108,1.686,1.5799,1.7156,1.7989
Czechia,Crop Residues,Emissions (N2O),kilotonnes,2.49,2.5708,2.2837,1.887,2.4986,2.344,2.0595,2.0925,2.2669,2.1976,2.0097,2.3829,2.1263,2.2231,2.6019,2.2758,2.5997,2.7811,2.4915,2.853,3.0664
Czechia,Crop Residues,Emissions (CO2eq) from N2O (AR5),kilotonnes,409.3597,450.8912,408.9589,347.8307,518.3299,455.7593,388.7669,426.3387,490.2095,460.568,412.452,485.742,386.4267,444.4044,514.2197,488.9647,506.374,446.7895,418.6841,454.6395,476.7076
Czechia,Crop Residues,Emissions (CO2eq) from N2O (AR5),kilotonnes,659.854,681.2655,605.1675,500.0483,662.1237,621.151,545.7614,554.5148,600.7368,582.3546,532.5589,631.471,563.4771,589.1096,689.4943,603.0858,688.9247,736.982,660.2578,756.0482,812.5968
Czechia,Crop Residues,Emissions (CO2eq) (AR5),kilotonnes,409.3597,450.8912,408.9589,347.8307,518.3299,455.7593,388.7669,426.3387,490.2095,460.568,412.452,485.742,386.4267,444.4044,514.2197,488.9647,506.374,446.7895,418.6841,454.6395,476.7076
Czechia,Crop Residues,Emissions (CO2eq) (AR5),kilotonnes,659.854,681.2655,605.1675,500.0483,662.1237,621.151,545.7614,554.5148,600.7368,582.3546,532.5589,631.471,563.4771,589.1096,689.4943,603.0858,688.9247,736.982,660.2578,756.0482,812.5968
Czechia,Burning - Crop residues,Emissions (CH4),kilotonnes,1.1757,1.1643,1.1073,0.9309,1.175,1.1508,1.0865,1.1773,1.1737,1.182,1.1791,1.2589,1.2028,1.1574,1.1694,1.1121,1.1402,1.1308,1.1063,1.1086,1.098
Czechia,Burning - Crop residues,Emissions (N2O),kilotonnes,0.0305,0.0302,0.0287,0.0241,0.0305,0.0298,0.0282,0.0305,0.0304,0.0306,0.0306,0.0326,0.0312,0.03,0.0303,0.0288,0.0296,0.0293,0.0287,0.0287,0.0285
Czechia,Burning - Crop residues,Emissions (CO2eq) from CH4 (AR5),kilotonnes,32.9205,32.6012,31.0037,26.0655,32.9,32.2222,30.4219,32.9657,32.8638,33.0968,33.015,35.2492,33.6787,32.4066,32.7443,31.1396,31.9252,31.6628,30.9753,31.0421,30.7436
Czechia,Burning - Crop residues,Emissions (CO2eq) from N2O (AR5),kilotonnes,8.0777,7.9994,7.6074,6.3957,8.0727,7.9064,7.4646,8.0888,8.0638,8.121,8.1009,8.6491,8.2638,7.9516,8.0345,7.6407,7.8335,7.7691,7.6004,7.6168,7.5436
Czechia,Burning - Crop residues,Emissions (CO2eq) (AR5),kilotonnes,40.9983,40.6005,38.6111,32.4612,40.9727,40.1286,37.8865,41.0546,40.9277,41.2177,41.1159,43.8983,41.9425,40.3583,40.7788,38.7804,39.7587,39.4319,38.5757,38.6589,38.2872
Czechia,Enteric Fermentation,Emissions (CH4),kilotonnes,119.247,118.2958,114.1012,110.6222,106.6508,104.8697,102.9432,103.6129,103.4896,100.2351,98.8593,98.2273,98.4836,98.6277,99.8092,101.645,102.1596,102.1184,98.6054,98.7969,97.026
Czechia,Enteric Fermentation,Emissions (CH4),kilotonnes,121.9645,122.9101,120.3376,116.0994,111.5847,113.4853,112.4737,113.6774,114.9764,112.2038,108.8315,109.1037,110.4194,110.4205,112.7779,115.8744,118.3878,119.9531,123.9361,123.7746,123.6506
Czechia,Enteric Fermentation,Emissions (CO2eq) from CH4 (AR5),kilotonnes,3338.9159,3312.2811,3194.8341,3097.4225,2986.2211,2936.3525,2882.4091,2901.1599,2897.7096,2806.5818,2768.0594,2750.364,2757.5405,2761.5762,2794.6576,2846.0596,2860.4694,2859.3148,2760.9519,2766.312,2716.7285
Czechia,Enteric Fermentation,Emissions (CO2eq) from CH4 (AR5),kilotonnes,3415.0068,3441.4841,3369.4515,3250.782,3124.3726,3177.5883,3149.2634,3182.968,3219.3394,3141.7054,3047.2833,3054.9026,3091.7433,3091.7754,3157.78,3244.4829,3314.8588,3358.6858,3470.2094,3465.6877,3462.2159
Czechia,Enteric Fermentation,Emissions (CO2eq) (AR5),kilotonnes,3338.9159,3312.2811,3194.8341,3097.4225,2986.2211,2936.3525,2882.4091,2901.1599,2897.7096,2806.5818,2768.0594,2750.364,2757.5405,2761.5762,2794.6576,2846.0596,2860.4694,2859.3148,2760.9519,2766.312,2716.7285
Czechia,Enteric Fermentation,Emissions (CO2eq) (AR5),kilotonnes,3415.0068,3441.4841,3369.4515,3250.782,3124.3726,3177.5883,3149.2634,3182.968,3219.3394,3141.7054,3047.2833,3054.9026,3091.7433,3091.7754,3157.78,3244.4829,3314.8588,3358.6858,3470.2094,3465.6877,3462.2159
Czechia,Manure Management,Emissions (CH4),kilotonnes,28.395,28.1209,25.1144,24.4826,23.1939,21.986,21.6059,21.7153,20.6797,18.844,17.8657,17.2925,16.6532,16.8449,17.1216,17.0949,17.3485,17.1292,16.9327,16.9473,16.8146
Czechia,Manure Management,Emissions (CH4),kilotonnes,36.5183,36.118,36.8977,37.1243,34.8032,33.9959,33.6832,33.3115,31.654,28.8457,27.8465,26.9592,26.1479,26.6547,26.8337,27.1293,13.619,13.4708,14.4401,14.0146,14.099
Czechia,Manure Management,Emissions (N2O),kilotonnes,1.4449,1.4336,1.3709,1.3252,1.2647,1.2197,1.1977,1.2005,1.1642,1.081,1.0548,1.021,1.0008,1.0115,1.0199,1.0318,1.0382,1.0254,1.0068,1.0066,0.9947
Czechia,Manure Management,Emissions (N2O),kilotonnes,2.8241,2.7698,2.7486,2.6239,2.4954,2.4543,2.4153,2.3914,2.3448,2.1847,2.1232,2.0162,1.9847,2.0211,1.9286,1.9562,1.7702,1.74,1.8328,1.4673,1.4595
Czechia,Manure Management,Emissions (CO2eq) from CH4 (AR5),kilotonnes,795.0614,787.3861,703.2039,685.5134,649.4294,615.6082,604.9654,608.0283,579.0318,527.6313,500.24,484.1913,466.2885,471.6558,479.4051,478.656,485.7567,479.6168,474.1144,474.5239,470.8095
Czechia,Manure Management,Emissions (CO2eq) from CH4 (AR5),kilotonnes,1022.5125,1011.3028,1033.1364,1039.4809,974.4902,951.885,943.1283,932.7225,886.3131,807.6787,779.7017,754.8589,732.1426,746.3315,751.3429,759.6202,381.3316,377.1812,404.322,392.41,394.7725
Czechia,Manure Management,Emissions (CO2eq) from N2O (AR5),kilotonnes,382.9004,379.9158,363.2865,351.1871,335.1444,323.2283,317.4013,318.1352,308.5087,286.4754,279.5277,270.568,265.2198,268.0384,270.2864,273.4186,275.1202,271.7344,266.7902,266.7482,263.5898
Czechia,Manure Management,Emissions (CO2eq) from N2O (AR5),kilotonnes,748.3747,733.9958,728.3828,695.3297,661.2917,650.3972,640.0548,633.7257,621.3756,578.958,562.6434,534.2911,525.9525,535.5797,511.081,518.3936,469.1059,461.1012,485.6996,388.83,386.7565
Czechia,Manure Management,Emissions (CO2eq) (AR5),kilotonnes,1177.9617,1167.3019,1066.4905,1036.7005,984.5738,938.8365,922.3667,926.1635,887.5404,814.1067,779.7677,754.7592,731.5083,739.6942,749.6915,752.0746,760.8769,751.3513,740.9046,741.2721,734.3993
Czechia,Manure Management,Emissions (CO2eq) (AR5),kilotonnes,1770.8872,1745.2986,1761.5192,1734.8106,1635.7819,1602.2823,1583.183,1566.4482,1507.6887,1386.6367,1342.3451,1289.15,1258.095,1281.9112,1262.4239,1278.0138,850.4375,838.2824,890.0216,781.24,781.529
Czechia,Manure left on Pasture,Direct emissions (N2O),kilotonnes,0.5797,0.5811,0.5549,0.5391,0.5247,0.5201,0.5146,0.5239,0.5317,0.5191,0.518,0.5187,0.5249,0.526,0.5323,0.545,0.5443,0.5473,0.5281,0.5282,0.5174
Czechia,Manure left on Pasture,Indirect emissions (N2O),kilotonnes,0.1312,0.1318,0.1251,0.1218,0.1192,0.1193,0.1188,0.1218,0.1245,0.1219,0.1227,0.1236,0.1256,0.126,0.1274,0.1306,0.1297,0.1307,0.1263,0.1262,0.1235
Czechia,Manure left on Pasture,Emissions (N2O),kilotonnes,0.7109,0.713,0.68,0.661,0.644,0.6394,0.6334,0.6458,0.6562,0.641,0.6407,0.6423,0.6505,0.652,0.6597,0.6756,0.674,0.6779,0.6544,0.6544,0.6409
Czechia,Manure left on Pasture,Emissions (CO2eq) from N2O (AR5),kilotonnes,188.3909,188.9318,180.1956,175.1563,170.6572,169.4311,167.8567,171.1295,173.8837,169.8549,169.7845,170.2145,172.3893,172.7841,174.8218,179.039,178.6119,179.6485,173.419,173.4029,169.8262
Czechia,Manure left on Pasture,Emissions (CO2eq) (AR5),kilotonnes,188.3909,188.9318,180.1956,175.1563,170.6572,169.4311,167.8567,171.1295,173.8837,169.8549,169.7845,170.2145,172.3893,172.7841,174.8218,179.039,178.6119,179.6485,173.419,173.4029,169.8262
Czechia,Manure applied to Soils,Direct emissions (N2O),kilotonnes,1.5457,1.5425,1.4659,1.4112,1.3486,1.3012,1.2777,1.281,1.2541,1.1638,1.1307,1.0866,1.0639,1.0832,1.0878,1.1039,1.1061,1.0943,1.0827,1.0804,1.0659
Czechia,Manure applied to Soils,Direct emissions (N2O),kilotonnes,1.6271,1.6085,1.5844,1.5165,1.4427,1.4217,1.3979,1.3865,1.3551,1.2672,1.2364,1.187,1.1734,1.1855,1.184,1.2032,1.0498,1.034,1.085,0.8615,0.8557
Czechia,Manure applied to Soils,Indirect emissions (N2O),kilotonnes,0.6569,0.6556,0.623,0.5998,0.5732,0.553,0.543,0.5444,0.533,0.4946,0.4806,0.4618,0.4522,0.4604,0.4623,0.4692,0.4701,0.4651,0.4601,0.4591,0.453
Czechia,Manure applied to Soils,Emissions (N2O),kilotonnes,2.2027,2.1981,2.0888,2.011,1.9218,1.8542,1.8208,1.8255,1.7871,1.6584,1.6113,1.5484,1.5161,1.5436,1.5501,1.5731,1.5762,1.5594,1.5428,1.5395,1.519
Czechia,Manure applied to Soils,Emissions (N2O),kilotonnes,1.6271,1.6085,1.5844,1.5165,1.4427,1.4217,1.3979,1.3865,1.3551,1.2672,1.2364,1.187,1.1734,1.1855,1.184,1.2032,1.0498,1.034,1.085,0.8615,0.8557
Czechia,Manure applied to Soils,Emissions (CO2eq) from N2O (AR5),kilotonnes,583.7082,582.494,553.5445,532.9119,509.2777,491.3696,482.5008,483.7508,473.5749,439.4724,426.9969,410.3273,401.7596,409.0496,410.7764,416.8637,417.701,413.2431,408.8392,407.9681,402.5237
Czechia,Manure applied to Soils,Emissions (CO2eq) from N2O (AR5),kilotonnes,431.1812,426.2424,419.8646,401.8835,382.3146,376.7576,370.4449,367.4236,359.103,335.821,327.6514,314.5422,310.9422,314.1489,313.7705,318.8369,278.2053,274.0226,287.5124,228.2872,226.7661
Czechia,Manure applied to Soils,Emissions (CO2eq) (AR5),kilotonnes,583.7082,582.494,553.5445,532.9119,509.2777,491.3696,482.5008,483.7508,473.5749,439.4724,426.9969,410.3273,401.7596,409.0496,410.7764,416.8637,417.701,413.2431,408.8392,407.9681,402.5237
Czechia,Manure applied to Soils,Emissions (CO2eq) (AR5),kilotonnes,431.1812,426.2424,419.8646,401.8835,382.3146,376.7576,370.4449,367.4236,359.103,335.821,327.6514,314.5422,310.9422,314.1489,313.7705,318.8369,278.2053,274.0226,287.5124,228.2872,226.7661
Czechia,Synthetic Fertilizers,Direct emissions (N2O),kilotonnes,4.1304,4.8845,3.0137,3.4318,3.2462,3.3806,3.515,3.738,3.4833,3.5511,3.7487,3.8975,5.3374,5.2171,5.1641,6.2407,6.3515,5.7521,5.528,5.2176,4.4854
Czechia,Synthetic Fertilizers,Direct emissions (N2O),kilotonnes,4.1211,4.8845,4.543,3.8105,4.7666,4.6019,4.8651,5.2684,5.3684,3.9876,4.2469,5.5431,5.4844,5.2111,5.1176,6.2407,6.3986,6.2478,5.528,5.2176,4.4854
Czechia,Synthetic Fertilizers,Indirect emissions (N2O),kilotonnes,1.3424,1.5875,0.9794,1.1153,1.055,1.0987,1.1424,1.2149,1.1321,1.1541,1.2183,1.2667,1.7347,1.6956,1.6783,2.0282,2.0642,1.8694,1.7966,1.6957,1.4578
Czechia,Synthetic Fertilizers,Emissions (N2O),kilotonnes,5.4727,6.4719,3.9931,4.5472,4.3012,4.4793,4.6574,4.9529,4.6154,4.7053,4.967,5.1642,7.0721,6.9127,6.8425,8.2689,8.4157,7.6216,7.3246,6.9134,5.9432
Czechia,Synthetic Fertilizers,Emissions (N2O),kilotonnes,4.1211,4.8845,4.543,3.8105,4.7666,4.6019,4.8651,5.2684,5.3684,3.9876,4.2469,5.5431,5.4844,5.2111,5.1176,6.2407,6.3986,6.2478,5.528,5.2176,4.4854
Czechia,Synthetic Fertilizers,Emissions (CO2eq) from N2O (AR5),kilotonnes,1450.2722,1715.06,1058.1694,1205.0058,1139.82,1187.0182,1234.2164,1312.5178,1223.0873,1246.896,1316.2643,1368.5167,1874.1071,1831.8527,1813.2582,2191.2688,2230.1574,2019.7131,1941.009,1832.0459,1574.9441
Czechia,Synthetic Fertilizers,Emissions (CO2eq) from N2O (AR5),kilotonnes,1092.0964,1294.3849,1203.8867,1009.7893,1263.1528,1219.4944,1289.2504,1396.1351,1422.6366,1056.725,1125.4232,1468.931,1453.369,1380.9438,1356.1704,1653.7878,1695.6305,1655.6617,1464.9124,1382.6761,1188.6371
Czechia,Synthetic Fertilizers,Emissions (CO2eq) (AR5),kilotonnes,1450.2722,1715.06,1058.1694,1205.0058,1139.82,1187.0182,1234.2164,1312.5178,1223.0873,1246.896,1316.2643,1368.5167,1874.1071,1831.8527,1813.2582,2191.2688,2230.1574,2019.7131,1941.009,1832.0459,1574.9441
Czechia,Synthetic Fertilizers,Emissions (CO2eq) (AR5),kilotonnes,1092.0964,1294.3849,1203.8867,1009.7893,1263.1528,1219.4944,1289.2504,1396.1351,1422.6366,1056.725,1125.4232,1468.931,1453.369,1380.9438,1356.1704,1653.7878,1695.6305,1655.6617,1464.9124,1382.6761,1188.6371
Czechia,Drained organic soils,Emissions (CO2eq) (AR5),kilotonnes,329.0993,327.2553,324.2161,317.97,314.8456,314.6066,314.3128,314.5165,313.7589,313.1725,313.207,313.3283,313.3283,313.3217,313.2815,313.2815,312.3111,312.7869,313.7164,314.142,314.2049
Czechia,Drained organic soils (CO2),Emissions (CO2),kilotonnes,277.1489,275.596,273.0355,267.7737,265.1414,264.9401,264.6926,264.8639,264.2256,263.7317,263.7607,263.8627,263.8627,263.857,263.823,263.823,263.0065,263.407,264.1893,264.5501,264.6027
Czechia,Drained organic soils (CO2),Emissions (CO2eq) (AR5),kilotonnes,277.1489,275.596,273.0355,267.7737,265.1414,264.9401,264.6926,264.8639,264.2256,263.7317,263.7607,263.8627,263.8627,263.857,263.823,263.823,263.0065,263.407,264.1893,264.5501,264.6027
Czechia,Drained organic soils (N2O),Emissions (N2O),kilotonnes,0.196,0.1949,0.1931,0.1894,0.1876,0.1874,0.1872,0.1874,0.1869,0.1866,0.1866,0.1867,0.1867,0.1867,0.1866,0.1866,0.1861,0.1863,0.1869,0.1871,0.1872
Czechia,Drained organic soils (N2O),Emissions (CO2eq) from N2O (AR5),kilotonnes,51.9504,51.6593,51.1806,50.1963,49.7042,49.6665,49.6202,49.6526,49.5334,49.4409,49.4464,49.4657,49.4657,49.4647,49.4585,49.4585,49.3046,49.3799,49.5271,49.592,49.6021
Czechia,Drained organic soils (N2O),Emissions (CO2eq) (AR5),kilotonnes,51.9504,51.6593,51.1806,50.1963,49.7042,49.6665,49.6202,49.6526,49.5334,49.4409,49.4464,49.4657,49.4657,49.4647,49.4585,49.4585,49.3046,49.3799,49.5271,49.592,49.6021
Czechia,On-farm energy use,Emissions (CH4),kilotonnes,0.4854,0.4777,0.4287,0.4329,0.4353,0.3911,0.3811,0.3721,0.3682,0.3572,0.3336,0.3203,0.3002,0.2891,0.2881,0.2861,0.2768,0.2767,0.2736,0.2707,0.2707
Czechia,On-farm energy use,Emissions (N2O),kilotonnes,0.4656,0.4565,0.4145,0.3965,0.4137,0.4083,0.3946,0.3922,0.408,0.4016,0.3986,0.4031,0.4051,0.4048,0.3999,0.3998,0.4011,0.4011,0.3986,0.3983,0.3983
Czechia,On-farm energy use,Emissions (CO2),kilotonnes,1763.5331,1667.2119,1536.8192,1490.9006,1529.396,1506.5852,1454.7273,1426.8253,1435.544,1403.7233,1412.355,1402.3876,1365.4275,1392.3777,1372.5794,1342.7166,1371.6458,1384.4228,1347.8015,1342.846,1342.846
Czechia,On-farm energy use,Emissions (CO2eq) from CH4 (AR5),kilotonnes,13.5923,13.3757,12.0036,12.1224,12.1883,10.9503,10.6694,10.4191,10.3093,10.0028,9.3411,8.9677,8.4064,8.0939,8.0675,8.0102,7.7494,7.748,7.6609,7.5796,7.5796
Czechia,On-farm energy use,Emissions (CO2eq) from N2O (AR5),kilotonnes,123.3863,120.9602,109.8384,105.0753,109.6335,108.2127,104.5716,103.9272,108.126,106.4308,105.6244,106.8322,107.348,107.2735,105.9857,105.9593,106.297,106.2992,105.6287,105.5573,105.5573
Czechia,On-farm energy use,Emissions (CO2eq) (AR5),kilotonnes,1900.5117,1801.5478,1658.6611,1608.0983,1651.2179,1625.7483,1569.9683,1541.1715,1553.9793,1520.157,1527.3206,1518.1875,1481.1819,1507.7452,1486.6326,1456.6861,1485.6923,1498.4699,1461.0912,1455.9829,1455.9829
Czechia,Forestland,Emissions (CO2),kilotonnes,-9798.65,-7705.5263,-7705.5263,-7705.5263,-7705.5263,-7705.5263,-7705.5263,-7705.5263,-7705.5263,-7705.5263,-7705.5263,-4845.0794,-4845.0794,-4845.0794,-4845.0794,-4845.0794,-6894.22,-6894.22,-6894.22,-6894.22,-6894.22
Czechia,Forestland,Emissions (CO2),kilotonnes,-8211.2585,-8124.7078,-7982.0338,-7231.1232,-6834.0772,-6983.2147,-4744.9963,-3638.8995,-5795.273,-6684.4599,-5473.6525,-6545.0871,-6853.9753,-6719.9674,-6679.7975,-6075.5287,-4841.7941,-2988.9974,3033.234,10230.7413,14674.2793
Czechia,Forestland,Emissions (CO2eq) (AR5),kilotonnes,-9798.65,-7705.5263,-7705.5263,-7705.5263,-7705.5263,-7705.5263,-7705.5263,-7705.5263,-7705.5263,-7705.5263,-7705.5263,-4845.0794,-4845.0794,-4845.0794,-4845.0794,-4845.0794,-6894.22,-6894.22,-6894.22,-6894.22,-6894.22
Czechia,Forestland,Emissions (CO2eq) (AR5),kilotonnes,-8211.2585,-8124.7078,-7982.0338,-7231.1232,-6834.0772,-6983.2147,-4744.9963,-3638.8995,-5795.273,-6684.4599,-5473.6525,-6545.0871,-6853.9753,-6719.9674,-6679.7975,-6075.5287,-4841.7941,-2988.9974,3033.234,10230.7413,14674.2793
Czechia,Net Forest conversion,Emissions (CO2),kilotonnes,229.8021,637.4587,637.4587,637.4587,637.4587,637.4587,637.4587,637.4587,637.4587,637.4587,637.4587,1090.4652,1090.4652,1090.4652,1090.4652,1090.4652,958.8724,958.8724,958.8724,958.8724,958.8724
Czechia,Net Forest conversion,Emissions (CO2),kilotonnes,226.0434,176.7572,189.4397,268.793,245.0944,245.2676,182.7538,171.1988,161.0374,193.6883,214.4964,247.6641,182.1019,205.0536,207.1923,160.766,199.073,228.0319,129.3451,155.3363,165.8253
Czechia,Net Forest conversion,Emissions (CO2eq) (AR5),kilotonnes,229.8021,637.4587,637.4587,637.4587,637.4587,637.4587,637.4587,637.4587,637.4587,637.4587,637.4587,1090.4652,1090.4652,1090.4652,1090.4652,1090.4652,958.8724,958.8724,958.8724,958.8724,958.8724
Czechia,Net Forest conversion,Emissions (CO2eq) (AR5),kilotonnes,226.0434,176.7572,189.4397,268.793,245.0944,245.2676,182.7538,171.1988,161.0374,193.6883,214.4964,247.6641,182.1019,205.0536,207.1923,160.766,199.073,228.0319,129.3451,155.3363,165.8253
Czechia,Savanna fires,Emissions (CH4),kilotonnes,0.0001,0.0006,0.0002,0.0141,0,0.0061,0,0.001,0.0008,0.0006,0,0.0006,0.001,0.0021,0.0002,0.0042,0,0.0013,0.0004,0.0014,0
Czechia,Savanna fires,Emissions (N2O),kilotonnes,0,0.0001,0,0.0013,0,0.0006,0,0.0001,0.0001,0.0001,0,0.0001,0.0001,0.0002,0,0.0004,0,0.0001,0,0.0001,0
Czechia,Savanna fires,Emissions (CO2eq) from CH4 (AR5),kilotonnes,0.004,0.0171,0.0057,0.3952,0,0.1695,0,0.0284,0.0216,0.0171,0,0.016,0.0284,0.0592,0.0057,0.1172,0,0.0376,0.0103,0.0387,0
Czechia,Savanna fires,Emissions (CO2eq) from N2O (AR5),kilotonnes,0.0034,0.0147,0.0049,0.3415,0,0.1465,0,0.0246,0.0187,0.0147,0,0.0138,0.0246,0.0512,0.0049,0.1013,0,0.0325,0.0089,0.0334,0
Czechia,Savanna fires,Emissions (CO2eq) (AR5),kilotonnes,0.0074,0.0318,0.0106,0.7366,0,0.316,0,0.053,0.0403,0.0318,0,0.0297,0.053,0.1104,0.0106,0.2185,0,0.0701,0.0191,0.0721,0
Czechia,Fires in organic soils,Emissions (CH4),kilotonnes,0,0,0,0,0,0,0,0,0,0,0,0,0,0,0,0,0,0,0,0,0
Czechia,Fires in organic soils,Emissions (CO2),kilotonnes,0,0,0,0,0,0,0,0,0,0,0,0,0,0,0,0,0,0,0,0,0
Czechia,Fires in organic soils,Emissions (CO2eq) from CH4 (AR5),kilotonnes,0,0,0,0,0,0,0,0,0,0,0,0,0,0,0,0,0,0,0,0,0
Czechia,Fires in organic soils,Emissions (CO2eq) (AR5),kilotonnes,0,0,0,0,0,0,0,0,0,0,0,0,0,0,0,0,0,0,0,0,0
Czechia,Forest fires,Emissions (CH4),kilotonnes,0.0021,0.005,0.01,0.025,0,0.005,0,0.0025,0,0.025,0.0075,0.01,0.0025,0.01,0.0724,0.0025,0.0025,0.0325,0,0,0
Czechia,Forest fires,Emissions (N2O),kilotonnes,0.0001,0.0005,0.0009,0.0023,0,0.0005,0,0.0002,0,0.0023,0.0007,0.0009,0.0002,0.0009,0.0066,0.0002,0.0002,0.003,0,0,0
Czechia,Forest fires,Emissions (CO2eq) from CH4 (AR5),kilotonnes,0.0599,0.1398,0.2797,0.699,0,0.1398,0,0.0699,0,0.699,0.2097,0.2796,0.0699,0.2796,2.027,0.0699,0.0699,0.9087,0,0,0
Czechia,Forest fires,Emissions (CO2eq) from N2O (AR5),kilotonnes,0.0313,0.1208,0.2417,0.6041,0,0.1208,0,0.0604,0,0.604,0.1812,0.2416,0.0604,0.2416,1.7516,0.0604,0.0604,0.7853,0,0,0
Czechia,Forest fires,Emissions (CO2eq) (AR5),kilotonnes,0.0912,0.2606,0.5214,1.3031,0,0.2606,0,0.1303,0,1.303,0.391,0.5212,0.1303,0.5212,3.7786,0.1303,0.1303,1.694,0,0,0
Czechia,Fires in humid tropical forests,Emissions (CH4),kilotonnes,0,0,0,0,0,0,0,0,0,0,0,0,0,0,0,0,0,0,0,0,0
Czechia,Fires in humid tropical forests,Emissions (N2O),kilotonnes,0,0,0,0,0,0,0,0,0,0,0,0,0,0,0,0,0,0,0,0,0
Czechia,Fires in humid tropical forests,Emissions (CO2eq) from CH4 (AR5),kilotonnes,0,0,0,0,0,0,0,0,0,0,0,0,0,0,0,0,0,0,0,0,0
Czechia,Fires in humid tropical forests,Emissions (CO2eq) from N2O (AR5),kilotonnes,0,0,0,0,0,0,0,0,0,0,0,0,0,0,0,0,0,0,0,0,0
Czechia,Fires in humid tropical forests,Emissions (CO2eq) (AR5),kilotonnes,0,0,0,0,0,0,0,0,0,0,0,0,0,0,0,0,0,0,0,0,0
Czechia,Waste - agri-food systems,Emissions (CH4),kilotonnes,49.0619,49.7485,50.7339,50.9479,50.8091,51.3384,51.7031,51.9475,52.3885,52.7549,52.8696,53.2076,53.4791,53.7699,54.3211,51.5461,51.665,53.4736,55.3078,57.1391,58.9264
Czechia,Waste - agri-food systems,Emissions (N2O),kilotonnes,0.4832,0.4942,0.4969,0.4926,0.513,0.5313,0.5139,0.5137,0.5097,0.5062,0.5123,0.4962,0.4795,0.4787,0.4814,0.4503,0.4533,0.5009,0.558,0.6156,0.6726
Czechia,Waste - agri-food systems,Emissions (CO2),kilotonnes,27.0188,27.1192,27.3285,27.5426,27.7382,27.8851,28.027,28.2406,28.4791,28.335,28.3436,28.4453,28.3425,28.3571,28.3451,28.2283,28.2749,28.3922,28.5334,28.5488,28.5175
Czechia,Waste - agri-food systems,Emissions (CO2eq) from CH4 (AR5),kilotonnes,1373.7338,1392.9584,1420.5484,1426.5419,1422.6557,1437.4742,1447.6864,1454.5291,1466.8769,1477.1363,1480.3501,1489.8122,1497.416,1505.5584,1520.9904,1443.2897,1446.6196,1497.2597,1548.617,1599.8944,1649.9404
Czechia,Waste - agri-food systems,Emissions (CO2eq) from N2O (AR5),kilotonnes,128.0563,130.9659,131.6802,130.5519,135.9517,140.7856,136.1703,136.1294,135.0791,134.132,135.7677,131.5021,127.057,126.843,127.5743,119.3268,120.1305,132.7287,147.8803,163.1398,178.2359
Czechia,Waste - agri-food systems,Emissions (CO2eq) (AR5),kilotonnes,1528.8089,1551.0435,1579.557,1584.6364,1586.3456,1606.1449,1611.8837,1618.8991,1630.4351,1639.6034,1644.4613,1649.7595,1652.8155,1660.7585,1676.9099,1590.8448,1595.025,1658.3806,1725.0308,1791.583,1856.6938
Czechia,Fertilizers Manufacturing,Emissions (CO2),kilotonnes,61.2449,60.3939,59.7912,59.477,56.4544,55.0102,55.6881,52.4292,60.7,42.0252,47.8152,55.0207,53.9461,39.3601,38.6991,37.9932,37.2087,39.5004,42.193,38.2545,34.1059
Czechia,Fertilizers Manufacturing,Emissions (CO2eq) (AR5),kilotonnes,61.2449,60.3939,59.7912,59.477,56.4544,55.0102,55.6881,52.4292,60.7,42.0252,47.8152,55.0207,53.9461,39.3601,38.6991,37.9932,37.2087,39.5004,42.193,38.2545,34.1059
Czechia,On-farm electricity use,Emissions (CH4),kilotonnes,1.4051,1.3895,1.3679,1.2935,1.2707,1.2311,1.4771,1.2095,1.2275,1.1124,1.1063,1.0559,1.0115,0.9767,1.1255,1.1591,1.1375,1.1723,1.1639,1.1716,1.1716
Czechia,On-farm electricity use,Emissions (N2O),kilotonnes,0.0075,0.0074,0.0073,0.0069,0.0068,0.0066,0.0079,0.0065,0.0066,0.0059,0.0059,0.0056,0.0054,0.0052,0.0061,0.0062,0.0061,0.0063,0.0062,0.0063,0.0063
Czechia,On-farm electricity use,Emissions (CO2),kilotonnes,852.5114,829.8265,771.5497,666.5425,652.8772,629.5583,745.6289,641.2811,635.5294,544.9353,542.7893,519.4123,465.2091,490.8593,565.6339,582.5184,571.6641,589.1517,584.9306,588.7898,588.7898
Czechia,On-farm electricity use,Emissions (CO2eq) from CH4 (AR5),kilotonnes,39.3428,38.906,38.3012,36.218,35.5796,34.4708,41.3588,33.866,34.37,31.1472,30.9764,29.5652,28.322,27.3476,31.514,32.4548,31.85,32.8244,32.5892,32.8048,32.8048
Czechia,On-farm electricity use,Emissions (CO2eq) from N2O (AR5),kilotonnes,1.9875,1.961,1.9345,1.8285,1.802,1.749,2.0935,1.7225,1.749,1.5635,1.5635,1.484,1.431,1.378,1.6165,1.643,1.6165,1.6695,1.643,1.6695,1.6695
Czechia,On-farm electricity use,Emissions (CO2eq) (AR5),kilotonnes,893.8417,870.6935,811.7854,704.589,690.2588,665.7781,789.0812,676.8696,671.6484,577.646,575.3292,550.4615,494.9621,519.5849,598.7644,616.6162,605.1306,623.6456,619.1628,623.2641,623.2641
Czechia,Food Processing,Emissions (CH4),kilotonnes,2.6836,2.8641,2.8419,2.9712,2.8981,2.6981,2.766,2.7189,2.8902,2.5129,2.3971,2.5061,2.4811,2.2897,2.3005,2.5022,2.526,2.6077,2.6298,2.6298,2.4654
Czechia,Food Processing,Emissions (N2O),kilotonnes,0.0306,0.0307,0.0299,0.0323,0.0259,0.0241,0.0222,0.021,0.0215,0.019,0.0184,0.0189,0.0199,0.0181,0.0184,0.0202,0.0199,0.0204,0.0205,0.0205,0.0194
Czechia,Food Processing,Emissions (CO2),kilotonnes,3615.9419,3686.1939,3504.6625,3670.7066,3201.0864,2958.4893,2830.1423,2764.1163,2595.2034,2297.8444,2287.6674,2322.7154,2274.4544,2247.5354,2289.5324,2433.8435,2416.0518,2488.5897,2446.8014,2446.8014,2181.4548
Czechia,Food Processing,Emissions (CO2eq) from CH4 (AR5),kilotonnes,75.1408,80.1948,79.5732,83.1936,81.1468,75.5468,77.448,76.1292,80.9256,70.3612,67.1188,70.1708,69.4708,64.1116,64.414,70.0616,70.728,73.0156,73.6344,73.6344,69.0323
Czechia,Food Processing,Emissions (CO2eq) from N2O (AR5),kilotonnes,8.109,8.1355,7.9235,8.5595,6.8635,6.3865,5.883,5.565,5.6975,5.035,4.876,5.0085,5.2735,4.7965,4.876,5.353,5.2735,5.406,5.4325,5.4325,5.1421
Czechia,Food Processing,Emissions (CO2eq) (AR5),kilotonnes,3699.1917,3774.5242,3592.1592,3762.4597,3289.0967,3040.4226,2913.4733,2845.8105,2681.8265,2373.2406,2359.6622,2397.8947,2349.1987,2316.4435,2358.8224,2509.2581,2492.0533,2567.0113,2525.8683,2525.8683,2255.6292
Czechia,Food Packaging,Emissions (CH4),kilotonnes,0.8571,0.9132,0.8339,0.9192,0.9472,1.0026,1.023,1.0157,0.9928,0.8112,0.8177,0.8451,0.8469,0.7921,0.8345,0.8462,0.8678,0.8913,0.9006,0.9334,0.8751
Czechia,Food Packaging,Emissions (N2O),kilotonnes,0.0103,0.0092,0.0085,0.01,0.0107,0.0113,0.0112,0.0096,0.0095,0.0095,0.0066,0.0066,0.0066,0.0062,0.0062,0.0062,0.0063,0.0069,0.0069,0.0069,0.0065
Czechia,Food Packaging,Emissions (CO2),kilotonnes,1226.2037,1155.0311,1058.6467,1142.5806,1204.851,1244.6959,1234.6171,1147.8064,1127.1313,1004.75,851.973,829.7715,792.3178,798.0103,797.3736,812.0555,834.6431,885.9143,882.595,826.1291,736.5385
Czechia,Food Packaging,Emissions (CO2eq) from CH4 (AR5),kilotonnes,23.9988,25.5696,23.3492,25.7376,26.5216,28.0728,28.644,28.4396,27.7984,22.7136,22.8956,23.6628,23.7132,22.1788,23.366,23.6936,24.2984,24.9564,25.2168,26.1352,24.5017
Czechia,Food Packaging,Emissions (CO2eq) from N2O (AR5),kilotonnes,2.7295,2.438,2.2525,2.65,2.8355,2.9945,2.968,2.544,2.5175,2.5175,1.749,1.749,1.749,1.643,1.643,1.643,1.6695,1.8285,1.8285,1.8285,1.7308
Czechia,Food Packaging,Emissions (CO2eq) (AR5),kilotonnes,1252.932,1183.0387,1084.2484,1170.9682,1234.2081,1275.7632,1266.2291,1178.79,1157.4472,1029.9811,876.6176,855.1833,817.78,821.8321,822.3826,837.3921,860.611,912.6992,909.6403,854.0928,762.771
Czechia,Food Retail,Emissions (CH4),kilotonnes,2.0442,2.1133,2.0056,2.1836,2.2065,2.2062,2.1789,2.1806,2.2594,2.2016,2.4137,2.3381,2.327,2.3594,2.2927,2.353,2.4286,2.4712,2.5286,2.6248,2.4608
Czechia,Food Retail,Emissions (N2O),kilotonnes,0.0148,0.0153,0.0146,0.0186,0.0193,0.0142,0.0148,0.0138,0.0147,0.0133,0.0153,0.0148,0.0148,0.0151,0.0146,0.0151,0.0154,0.0157,0.0159,0.016,0.0151
Czechia,Food Retail,Emissions (CO2),kilotonnes,1753.8575,1821.3932,1662.9914,1868.7064,1905.1643,1571.2435,1585.4313,1567.207,1637.7609,1475.6226,1615.6418,1562.5435,1459.6143,1562.7706,1519.0172,1552.3791,1606.6616,1646.8062,1643.9214,1639.6837,1461.8661
Czechia,Food Retail,Emissions (CO2eq) from F-gases (AR5),kilotonnes,452.4845,559.5015,680.545,817.693,987.05,1104.9765,1232.7735,1360.5705,1378.2335,1387.5845,1392.7795,1395.8965,1398.494,1400.0525,1400.0525,1400.0525,1515.901,1546.032,1576.163,1606.294,1569.7319
Czechia,Food Retail,Emissions (CO2eq) from CH4 (AR5),kilotonnes,57.2376,59.1724,56.1568,61.1408,61.782,61.7736,61.0092,61.0568,63.2632,61.6448,67.5836,65.4668,65.156,66.0632,64.1956,65.884,68.0008,69.1936,70.8008,73.4944,68.901
Czechia,Food Retail,Emissions (CO2eq) from N2O (AR5),kilotonnes,3.922,4.0545,3.869,4.929,5.1145,3.763,3.922,3.657,3.8955,3.5245,4.0545,3.922,3.922,4.0015,3.869,4.0015,4.081,4.1605,4.2135,4.24,4.0134
Czechia,Food Retail,Emissions (CO2eq) (AR5),kilotonnes,2267.5016,2444.1216,2403.5622,2752.4692,2959.1108,2741.7566,2883.136,2992.4913,3083.1531,2928.3764,3080.0594,3027.8288,2927.1863,3032.8878,2987.1343,3022.3171,3194.6444,3266.1923,3295.0987,3323.7121,3104.5124
Czechia,Food Household Consumption,Emissions (CH4),kilotonnes,4.4031,4.5188,4.2268,4.2108,4.1274,3.8383,4.0134,3.8039,3.7479,3.8431,4.3459,4.1386,4.3318,4.3835,3.9964,4.042,4.0929,4.2647,4.0648,4.0648,3.8108
Czechia,Food Household Consumption,Emissions (N2O),kilotonnes,0.0236,0.0243,0.0228,0.0228,0.0224,0.0209,0.0218,0.0207,0.0204,0.0207,0.0234,0.0222,0.0233,0.0235,0.0214,0.0217,0.022,0.0229,0.0219,0.0219,0.0207
Czechia,Food Household Consumption,Emissions (CO2),kilotonnes,2648.8385,2785.7991,2567.3108,2524.5608,2477.8598,2361.1739,2406.4,2302.3318,2265.326,2232.447,2506.3763,2311.961,2323.9652,2435.2206,2177.3926,2241.1168,2333.155,2400.2637,2293.4215,2293.4215,2044.7084
Czechia,Food Household Consumption,Emissions (CO2eq) from CH4 (AR5),kilotonnes,123.2868,126.5264,118.3504,117.9024,115.5672,107.4724,112.3752,106.5092,104.9412,107.6068,121.6852,115.8808,121.2904,122.738,111.8992,113.176,114.6012,119.4116,113.8144,113.8144,106.701
Czechia,Food Household Consumption,Emissions (CO2eq) from N2O (AR5),kilotonnes,6.254,6.4395,6.042,6.042,5.936,5.5385,5.777,5.4855,5.406,5.4855,6.201,5.883,6.1745,6.2275,5.671,5.7505,5.83,6.0685,5.8035,5.8035,5.4933
Czechia,Food Household Consumption,Emissions (CO2eq) (AR5),kilotonnes,2778.3793,2918.765,2691.7032,2648.5052,2599.363,2474.1848,2524.5522,2414.3265,2375.6732,2345.5393,2634.2625,2433.7248,2451.4301,2564.1861,2294.9628,2360.0433,2453.5862,2525.7438,2413.0394,2413.0394,2156.9027
Czechia,Food Transport,Emissions (CH4),kilotonnes,0.187,0.1853,0.1821,0.1913,0.1874,0.1828,0.176,0.1744,0.1631,0.1498,0.1335,0.125,0.1157,0.1071,0.1072,0.1017,0.1046,0.1024,0.0978,0.1139,0.1068
Czechia,Food Transport,Emissions (N2O),kilotonnes,0.0492,0.0489,0.049,0.0518,0.0521,0.0536,0.0546,0.0561,0.0572,0.0541,0.051,0.0503,0.0493,0.0489,0.0508,0.0535,0.0544,0.0565,0.0572,0.0643,0.0609
Czechia,Food Transport,Emissions (CO2),kilotonnes,930.331,989.356,1033.057,1170.907,1232.275,1332.712,1358.161,1426.926,1408.697,1364.9375,1286.288,1269.9536,1253.109,1243.783,1283.4206,1344.2286,1394.997,1435.202,1443.069,1594.8095,1421.8583
Czechia,Food Transport,Emissions (CO2eq) from CH4 (AR5),kilotonnes,5.236,5.1884,5.0988,5.3564,5.2472,5.1184,4.928,4.8832,4.5668,4.1944,3.738,3.5,3.2396,2.9988,3.0016,2.8476,2.9288,2.8672,2.7384,3.1892,2.9899
Czechia,Food Transport,Emissions (CO2eq) from N2O (AR5),kilotonnes,13.038,12.9585,12.985,13.727,13.8065,14.204,14.469,14.8665,15.158,14.3365,13.515,13.3295,13.0645,12.9585,13.462,14.1775,14.416,14.9725,15.158,17.0395,16.1287
Czechia,Food Transport,Emissions (CO2eq) (AR5),kilotonnes,948.605,1007.5029,1051.1408,1189.9904,1251.3287,1352.0344,1377.558,1446.6757,1428.4218,1383.4684,1303.541,1286.7831,1269.4131,1259.7403,1299.8842,1361.2537,1412.3418,1453.0417,1460.9654,1615.0382,1440.9769
Czechia,Energy,Emissions (CH4),kilotonnes,199,199,200,202,209,197,201,196,191,177,183,180,179,160,157,156,146,138,134,128,120
Czechia,Energy,Emissions (N2O),kilotonnes,5.14,5.21,5.02,5.07,5.07,4.89,4.94,5.29,4.84,4.79,5.01,4.94,4.72,4.61,4.54,4.69,4.75,4.56,4.56,4.49,4.25
Czechia,Energy,Emissions (CO2),kilotonnes,124000,124000,120000,122000,117000,120000,122000,123000,116000,108000,113000,108000,104000,102000,97400,100000,102000,101000,99900,95900,85500
Czechia,Energy,Emissions (CO2eq) from CH4 (AR5),kilotonnes,5572,5572,5600,5656,5852,5516,5628,5488,5348,4956,5124,5040,5012,4480,4396,4368,4088,3864,3752,3584,3360
Czechia,Energy,Emissions (CO2eq) from N2O (AR5),kilotonnes,1362.1,1380.65,1330.3,1343.55,1343.55,1295.85,1309.1,1401.85,1282.6,1269.35,1327.65,1309.1,1250.8,1221.65,1203.1,1242.85,1258.75,1208.4,1208.4,1189.85,1126.25
Czechia,Energy,Emissions (CO2eq) (AR5),kilotonnes,130934.1,130952.65,126930.3,128999.55,124195.55,126811.85,128937.1,129889.85,122630.6,114225.35,119451.65,114349.1,110262.8,107701.65,102999.1,105610.85,107346.75,106072.4,104860.4,100673.85,89986.25
Czechia,IPPU,Emissions (CH4),kilotonnes,0.554,0.565,0.571,0.586,0.633,0.569,0.596,0.587,0.561,0.44,0.491,0.503,0.48,0.484,0.52,0.454,0.386,0.459,0.479,0.461,0.409
Czechia,IPPU,Emissions (N2O),kilotonnes,4.68,4.59,4.11,4.05,4.25,4.25,3.89,3.35,3.17,25,2.92,3.41,3.37,3.22,3.35,3.29,3.29,3.32,3.31,3.03,2.75
Czechia,IPPU,Emissions (CO2),kilotonnes,4650,4580,4250,4170,4570,4470,4620,4810,4800,3930,3790,3910,3720,3640,3960,3700,3400,4070,3970,4010,3640
Czechia,IPPU,Emissions (CO2eq) from F-gases (AR5),kilotonnes,486.849,615.1207,728.8159,872.6356,1030.0599,1253.5634,1389.6091,1545.0898,1700.5705,2856.9585,4110.5219,4421.4834,4596.3992,4810.1852,5111.4291,5529.2836,5898.5503,6258.0995,6355.275,6403.8627,6258.0995
Czechia,IPPU,Emissions (CO2eq) from CH4 (AR5),kilotonnes,15.512,15.82,15.988,16.408,17.724,15.932,16.688,16.436,15.708,12.32,13.748,14.084,13.44,13.552,14.56,12.712,10.808,12.852,13.412,12.908,11.452
Czechia,IPPU,Emissions (CO2eq) from N2O (AR5),kilotonnes,1240.2,1216.35,1089.15,1073.25,1126.25,1126.25,1030.85,887.75,840.05,6625,773.8,903.65,893.05,853.3,887.75,871.85,871.85,879.8,877.15,802.95,728.75
Czechia,IPPU,Emissions (CO2eq) (AR5),kilotonnes,6392.561,6427.2907,6083.9539,6132.2936,6744.0339,6865.7454,7057.1471,7259.2758,7356.3285,13424.2785,8688.0699,9249.2174,9222.8892,9317.0372,9973.7391,10113.8456,10181.2083,11220.7515,11215.837,11229.7207,10638.3015
Czechia,Waste,Emissions (CH4),kilotonnes,172,176,178,182,181,182,183,181,186,193,197,197,201,190,183,180,180,182,183,184,185
Czechia,Waste,Emissions (N2O),kilotonnes,0.612,0.612,0.613,0.621,0.628,0.643,0.658,0.66,0.662,0.665,0.666,0.671,0.651,0.655,0.681,0.704,0.77,0.777,0.789,0.816,0.82
Czechia,Waste,Emissions (CO2),kilotonnes,37.1,50.6,72.9,113,106,79.5,100,70.7,73.8,66.3,81.5,74,73.6,76.5,77.5,77.9,78,87.1,90.3,89.2,85.7
Czechia,Waste,Emissions (CO2eq) from CH4 (AR5),kilotonnes,4816,4928,4984,5096,5068,5096,5124,5068,5208,5404,5516,5516,5628,5320,5124,5040,5040,5096,5124,5152,5180
Czechia,Waste,Emissions (CO2eq) from N2O (AR5),kilotonnes,162.18,162.18,162.445,164.565,166.42,170.395,174.37,174.9,175.43,176.225,176.49,177.815,172.515,173.575,180.465,186.56,204.05,205.905,209.085,216.24,217.3
Czechia,Waste,Emissions (CO2eq) (AR5),kilotonnes,5015.28,5140.78,5219.345,5373.565,5340.42,5345.895,5398.37,5313.6,5457.23,5646.525,5773.99,5767.815,5874.115,5570.075,5381.965,5304.46,5322.05,5389.005,5423.385,5457.44,5483
Czechia,Other,Emissions (N2O),kilotonnes,1.74,1.69,1.66,1.76,1.76,1.75,1.71,1.68,1.6,1.53,1.42,1.39,1.34,1.28,1.25,1.21,1.21,1.21,1.18,1.05,1.01
Czechia,Other,Emissions (CO2eq) from N2O (AR5),kilotonnes,461.1,447.85,439.9,466.4,466.4,463.75,453.15,445.2,424,405.45,376.3,368.35,355.1,339.2,331.25,320.65,320.65,320.65,312.7,278.25,267.65
Czechia,Other,Emissions (CO2eq) (AR5),kilotonnes,461.1,447.85,439.9,466.4,466.4,463.75,453.15,445.2,424,405.45,376.3,368.35,355.1,339.2,331.25,320.65,320.65,320.65,312.7,278.25,267.65
Czechia,Farm-gate emissions,Emissions (CH4),kilotonnes,149.3034,148.0593,140.7518,136.4828,131.455,128.4037,126.0166,126.8786,125.712,120.6189,118.2377,117.0996,116.6408,116.9211,118.3886,120.1422,120.925,120.6564,116.9183,117.1249,115.2093
Czechia,Farm-gate emissions,Direct emissions (N2O),kilotonnes,7.5168,8.3971,6.2942,6.4537,6.7163,6.6059,6.505,6.8563,6.7792,6.6528,6.668,6.9992,8.1166,8.1953,8.3683,9.3959,9.5618,8.77,8.4285,8.2267,7.5372
Czechia,Farm-gate emissions,Indirect emissions (N2O),kilotonnes,2.4143,2.6874,2.0109,2.078,2.1067,2.0869,2.0737,2.1766,2.1293,2.0898,2.1075,2.1887,2.5803,2.59,2.6245,2.9669,3.015,2.7749,2.6732,2.5962,2.3647
Czechia,Farm-gate emissions,Emissions (N2O),kilotonnes,12.0681,13.1997,10.3124,10.4683,10.7194,10.5386,10.3864,10.8436,10.6981,10.4425,10.446,10.8314,12.3208,12.4184,12.6296,14.0102,14.2317,13.1872,12.7227,12.4438,11.5105
Czechia,Farm-gate emissions,Emissions (CO2),kilotonnes,2040.682,1942.8079,1809.8547,1758.6743,1794.5374,1771.5254,1719.4199,1691.6891,1699.7695,1667.455,1676.1157,1666.2503,1629.2902,1656.2347,1636.4024,1606.5396,1634.6524,1647.8297,1611.9909,1607.396,1607.4487
Czechia,Farm-gate emissions,Emissions (CO2eq) from CH4 (AR5),kilotonnes,4180.4941,4145.6612,3941.051,3821.519,3680.7388,3595.3027,3528.4658,3552.6014,3519.9361,3377.3298,3310.6556,3278.7881,3265.9426,3273.7918,3314.8801,3363.9827,3385.9008,3378.3799,3273.7127,3279.4964,3225.8613
Czechia,Farm-gate emissions,Emissions (CO2eq) from N2O (AR5),kilotonnes,3198.0492,3497.9264,2732.7862,2774.1006,2840.6396,2792.7386,2752.3985,2873.5651,2835.0059,2767.2742,2768.1972,2870.3292,3265.0045,3290.8702,3346.8461,3712.7146,3771.3996,3494.6092,3371.5066,3297.6041,3050.2945
Czechia,Farm-gate emissions,Emissions (CO2eq) (AR5),kilotonnes,9419.2253,9586.3955,8483.6919,8354.2939,8315.9158,8159.5667,8000.2843,8117.8556,8054.7116,7812.059,7754.9684,7815.3675,8160.2373,8220.8967,8298.1286,8683.2369,8791.9527,8520.8189,8257.2102,8184.4965,7883.6045
Czechia,Land Use change,Emissions (CH4),kilotonnes,0,0,0,0,0,0,0,0,0,0,0,0,0,0,0,0,0,0,0,0,0
Czechia,Land Use change,Emissions (N2O),kilotonnes,0,0,0,0,0,0,0,0,0,0,0,0,0,0,0,0,0,0,0,0,0
Czechia,Land Use change,Emissions (CO2),kilotonnes,229.8021,637.4587,637.4587,637.4587,637.4587,637.4587,637.4587,637.4587,637.4587,637.4587,637.4587,1090.4652,1090.4652,1090.4652,1090.4652,1090.4652,958.8724,958.8724,958.8724,958.8724,958.8724
Czechia,Land Use change,Emissions (CO2eq) from CH4 (AR5),kilotonnes,0,0,0,0,0,0,0,0,0,0,0,0,0,0,0,0,0,0,0,0,0
Czechia,Land Use change,Emissions (CO2eq) from N2O (AR5),kilotonnes,0,0,0,0,0,0,0,0,0,0,0,0,0,0,0,0,0,0,0,0,0
Czechia,Land Use change,Emissions (CO2eq) (AR5),kilotonnes,229.8021,637.4587,637.4587,637.4587,637.4587,637.4587,637.4587,637.4587,637.4587,637.4587,637.4587,1090.4652,1090.4652,1090.4652,1090.4652,1090.4652,958.8724,958.8724,958.8724,958.8724,958.8724
Czechia,Emissions on agricultural land,Emissions (CH4),kilotonnes,149.3034,148.0593,140.7518,136.4828,131.455,128.4037,126.0166,126.8786,125.712,120.6189,118.2377,117.0996,116.6408,116.9211,118.3886,120.1422,120.925,120.6564,116.9183,117.1249,115.2093
Czechia,Emissions on agricultural land,Emissions (N2O),kilotonnes,12.0681,13.1997,10.3124,10.4683,10.7194,10.5386,10.3864,10.8436,10.6981,10.4425,10.446,10.8314,12.3208,12.4184,12.6296,14.0102,14.2317,13.1872,12.7227,12.4438,11.5105
Czechia,Emissions on agricultural land,Emissions (CO2),kilotonnes,2270.4841,2580.2666,2447.3134,2396.133,2431.9961,2408.9841,2356.8786,2329.1478,2337.2283,2304.9137,2313.5744,2756.7155,2719.7554,2746.6999,2726.8676,2697.0048,2593.5248,2606.7022,2570.8633,2566.2684,2566.3211
Czechia,Emissions on agricultural land,Emissions (CO2eq) from CH4 (AR5),kilotonnes,4180.4941,4145.6612,3941.051,3821.519,3680.7388,3595.3027,3528.4658,3552.6014,3519.9361,3377.3298,3310.6556,3278.7881,3265.9426,3273.7918,3314.8801,3363.9827,3385.9008,3378.3799,3273.7127,3279.4964,3225.8613
Czechia,Emissions on agricultural land,Emissions (CO2eq) from N2O (AR5),kilotonnes,3198.0492,3497.9264,2732.7862,2774.1006,2840.6396,2792.7386,2752.3985,2873.5651,2835.0059,2767.2742,2768.1972,2870.3292,3265.0045,3290.8702,3346.8461,3712.7146,3771.3996,3494.6092,3371.5066,3297.6041,3050.2945
Czechia,Emissions on agricultural land,Emissions (CO2eq) (AR5),kilotonnes,9649.0274,10223.8542,9121.1507,8991.7526,8953.3746,8797.0254,8637.743,8755.3143,8692.1704,8449.5177,8392.4272,8905.8327,9250.7025,9311.3619,9388.5938,9773.7021,9750.8251,9479.6913,9216.0826,9143.3689,8842.4769
Czechia,Pre- and post- production,Emissions (CH4),kilotonnes,60.642,61.7327,62.1921,62.7175,62.4464,62.4975,63.3375,63.0505,63.6694,63.3859,64.0838,64.2164,64.5931,64.6784,64.9779,62.5503,62.8224,64.9832,66.6933,68.6774,69.8168
Czechia,Pre- and post- production,Emissions (N2O),kilotonnes,0.6192,0.63,0.629,0.635,0.6502,0.662,0.6464,0.6414,0.6396,0.6287,0.6329,0.6146,0.5988,0.5957,0.5989,0.5732,0.5774,0.6296,0.6866,0.7515,0.8016
Czechia,Pre- and post- production,Emissions (CO2),kilotonnes,11115.9477,11355.1129,10685.3378,11131.0235,10758.3063,10180.7682,10244.0957,9930.3384,9758.8271,8990.897,9166.8946,8899.8233,8650.9584,8845.8964,8699.4145,9032.3634,9222.6562,9513.8202,9365.4653,9456.4383,8497.8394
Czechia,Pre- and post- production,Emissions (CO2eq) from F-gases (AR5),kilotonnes,452.4845,559.5015,680.545,817.693,987.05,1104.9765,1232.7735,1360.5705,1378.2335,1387.5845,1392.7795,1395.8965,1398.494,1400.0525,1400.0525,1400.0525,1515.901,1546.032,1576.163,1606.294,1569.7319
Czechia,Pre- and post- production,Emissions (CO2eq) from CH4 (AR5),kilotonnes,1697.9766,1728.516,1741.378,1756.0907,1748.5001,1749.929,1773.4496,1765.4131,1782.7421,1774.8043,1794.3477,1798.0586,1808.608,1810.9964,1819.3808,1751.4073,1759.0268,1819.5285,1867.411,1922.9668,1954.8711
Czechia,Pre- and post- production,Emissions (CO2eq) from N2O (AR5),kilotonnes,164.0963,166.9529,166.6867,168.2879,172.3097,175.4211,171.2828,169.9699,169.5026,166.5945,167.7267,162.8781,158.6715,157.848,158.7118,151.8953,153.017,166.8342,181.9593,199.1533,212.4136
Czechia,Pre- and post- production,Emissions (CO2eq) (AR5),kilotonnes,13430.5051,13810.0833,13273.9474,13873.0951,13666.1661,13211.0948,13421.6016,13226.2919,13089.3053,12319.8804,12521.7484,12256.6564,12016.7319,12214.7933,12077.5597,12335.7185,12650.601,13046.2149,12990.9987,13184.8524,12234.856
Czechia,Agri-food systems,Emissions (CH4),kilotonnes,209.9454,209.792,202.9439,199.2003,193.9014,190.9011,189.3541,189.9291,189.3814,184.0048,182.3215,181.316,181.234,181.5996,183.3665,182.6925,183.7474,185.6396,183.6116,185.8023,185.0262
Czechia,Agri-food systems,Emissions (N2O),kilotonnes,12.6873,13.8297,10.9414,11.1034,11.3696,11.2006,11.0328,11.485,11.3378,11.0712,11.079,11.4461,12.9195,13.014,13.2285,14.5834,14.8091,13.8168,13.4093,13.1953,12.3121
Czechia,Agri-food systems,Emissions (CO2),kilotonnes,13386.4319,13935.3795,13132.6512,13527.1565,13190.3025,12589.7523,12600.9744,12259.4863,12096.0554,11295.8108,11480.469,11656.5387,11370.7138,11592.5964,11426.2821,11729.3682,11816.181,12120.5224,11936.3286,12022.7068,11064.1605
Czechia,Agri-food systems,Emissions (CO2eq) from F-gases (AR5),kilotonnes,452.4845,559.5015,680.545,817.693,987.05,1104.9765,1232.7735,1360.5705,1378.2335,1387.5845,1392.7795,1395.8965,1398.494,1400.0525,1400.0525,1400.0525,1515.901,1546.032,1576.163,1606.294,1569.7319
Czechia,Agri-food systems,Emissions (CO2eq) from CH4 (AR5),kilotonnes,5878.4707,5874.1772,5682.429,5577.6097,5429.2389,5345.2317,5301.9154,5318.0145,5302.6783,5152.1341,5105.0032,5076.8466,5074.5506,5084.7882,5134.261,5115.3899,5144.9276,5197.9084,5141.1238,5202.4632,5180.7324
Czechia,Agri-food systems,Emissions (CO2eq) from N2O (AR5),kilotonnes,3362.1455,3664.8793,2899.4729,2942.3885,3012.9493,2968.1597,2923.6813,3043.535,3004.5085,2933.8688,2935.9239,3033.2073,3423.676,3448.7182,3505.5579,3864.61,3924.4166,3661.4435,3553.4659,3496.7573,3262.7081
Czechia,Agri-food systems,Emissions (CO2eq) (AR5),kilotonnes,23079.5325,24033.9375,22395.0981,22864.8477,22619.5406,22008.1202,22059.3446,21981.6062,21781.4757,20769.3981,20914.1756,21162.4891,21267.4344,21526.1553,21466.1535,22109.4206,22401.4261,22525.9062,22207.0813,22328.2213,21077.3329
Czechia,IPCC Agriculture,Emissions (CH4),kilotonnes,148.8179,147.5816,140.3231,136.0499,131.0197,128.0126,125.6356,126.5065,125.3438,120.2617,117.9041,116.7793,116.3406,116.6321,118.1005,119.8562,120.6483,120.3797,116.6447,116.8542,114.9386
Czechia,IPCC Agriculture,Emissions (CH4),kilotonnes,158.4828,159.0281,157.2353,153.2237,146.388,147.4812,146.1568,146.9889,146.6304,141.0494,136.678,136.0629,136.5674,137.0752,139.6115,143.0037,132.0068,133.4238,138.3761,137.7892,137.7496
Czechia,IPCC Agriculture,Direct emissions (N2O),kilotonnes,7.5168,8.3971,6.2942,6.4537,6.7163,6.6059,6.505,6.8563,6.7792,6.6528,6.668,6.9992,8.1166,8.1953,8.3683,9.3959,9.5618,8.77,8.4285,8.2267,7.5372
Czechia,IPCC Agriculture,Indirect emissions (N2O),kilotonnes,2.4143,2.6874,2.0109,2.078,2.1067,2.0869,2.0737,2.1766,2.1293,2.0898,2.1075,2.1887,2.5803,2.59,2.6245,2.9669,3.015,2.7749,2.6732,2.5962,2.3647
Czechia,IPCC Agriculture,Emissions (N2O),kilotonnes,11.6025,12.7433,9.8979,10.0718,10.3057,10.1303,9.9918,10.4515,10.2901,10.0409,10.0474,10.4283,11.9157,12.0136,12.2297,13.6104,13.8306,12.7861,12.3241,12.0455,11.1122
Czechia,IPCC Agriculture,Emissions (N2O),kilotonnes,14.4199,15.4363,14.5453,12.8542,14.6153,14.1807,14.1153,14.7195,15.0384,12.8676,12.8593,14.8932,14.4526,14.2675,14.4654,15.64,16.2653,16.2504,15.1548,14.3727,13.6187
Czechia,IPCC Agriculture,Emissions (CO2),kilotonnes,229.0941,262.2794,232.0052,199.4536,227.6048,210.9351,234.6669,277.5708,274.6854,212.3789,222.8356,287.2799,322.5552,334.429,281.6556,431.9512,457.6317,384.2085,346.8367,341.9326,339.7083
Czechia,IPCC Agriculture,Emissions (CO2eq) from CH4 (AR5),kilotonnes,4166.9018,4132.2855,3929.0475,3809.3966,3668.5505,3584.3524,3517.7964,3542.1823,3509.6268,3367.3269,3301.3145,3269.8204,3257.5362,3265.6979,3306.8126,3355.9725,3378.1514,3370.6319,3266.0518,3271.9168,3218.2817
Czechia,IPCC Agriculture,Emissions (CO2eq) from CH4 (AR5),kilotonnes,4437.5193,4452.7869,4402.5879,4290.2629,4098.8628,4129.4733,4092.3916,4115.6905,4105.6525,3949.3841,3826.9851,3809.7615,3823.8859,3838.1069,3909.1229,4004.1031,3696.1904,3735.867,3874.5314,3858.0976,3856.9884
Czechia,IPCC Agriculture,Emissions (CO2eq) from N2O (AR5),kilotonnes,3074.6629,3376.9662,2622.9479,2669.0253,2731.0061,2684.5258,2647.827,2769.6379,2726.8799,2660.8434,2662.5727,2763.497,3157.6565,3183.5967,3240.8604,3606.7553,3665.1025,3388.3101,3265.8779,3192.0468,2944.7372
Czechia,IPCC Agriculture,Emissions (CO2eq) from N2O (AR5),kilotonnes,3821.2752,4090.6234,3854.498,3406.3734,3873.0478,3757.8867,3740.5421,3900.6709,3985.1715,3409.9265,3407.7073,3946.6909,3829.9477,3780.9001,3833.3436,4144.6002,4310.3132,4306.3629,4016.0117,3808.7606,3608.9635
Czechia,IPCC Agriculture,Emissions (CO2eq) (AR5),kilotonnes,7241.5647,7509.2517,6551.9953,6478.4219,6399.5566,6268.8782,6165.6234,6311.8202,6236.5067,6028.1703,5963.8872,6033.3174,6415.1927,6449.2946,6547.673,6962.7278,7043.2539,6758.942,6531.9297,6463.9636,6163.0189
Czechia,IPCC Agriculture,Emissions (CO2eq) (AR5),kilotonnes,8487.8885,8805.6897,8489.0911,7896.0899,8199.5154,8098.2951,8067.6006,8293.9323,8365.5094,7571.6894,7457.528,8043.7323,7976.3888,7953.4359,8024.1222,8580.6545,8464.1354,8426.4384,8237.3798,8008.7909,7805.6602
Czechia,Agricultural Soils,Direct emissions (N2O),kilotonnes,7.5168,8.3971,6.2942,6.4537,6.7163,6.6059,6.505,6.8563,6.7792,6.6528,6.668,6.9992,8.1166,8.1953,8.3683,9.3959,9.5618,8.77,8.4285,8.2267,7.5372
Czechia,Agricultural Soils,Direct emissions (N2O),kilotonnes,8.8594,9.6739,8.9975,7.7881,9.2638,8.9584,8.9175,9.3984,9.6941,8.1807,8.2048,9.8539,9.5275,9.3672,9.6183,10.4577,11.0767,11.1027,10.1817,9.9051,9.3593
Czechia,Agricultural Soils,Indirect emissions (N2O),kilotonnes,2.4143,2.6874,2.0109,2.078,2.1067,2.0869,2.0737,2.1766,2.1293,2.0898,2.1075,2.1887,2.5803,2.59,2.6245,2.9669,3.015,2.7749,2.6732,2.5962,2.3647
Czechia,Agricultural Soils,Indirect emissions (N2O),kilotonnes,2.7364,2.9927,2.7992,2.4423,2.856,2.768,2.7824,2.9297,2.9994,2.5022,2.5313,3.0231,2.9404,2.8793,2.9185,3.2261,3.4184,3.4077,3.1402,3.0003,2.8
Czechia,Agricultural Soils,Emissions (N2O),kilotonnes,10.1271,11.2794,8.4983,8.7211,9.0105,8.8802,8.7659,9.2203,9.0954,8.9292,8.9621,9.3746,10.8836,10.9719,11.1794,12.5494,12.7628,11.7312,11.2886,11.01,10.0891
Czechia,Agricultural Soils,Emissions (N2O),kilotonnes,11.5959,12.6665,11.7967,10.2304,12.1198,11.7264,11.7,12.3281,12.6936,10.6829,10.7361,12.877,12.4679,12.2465,12.5368,13.6838,14.4951,14.5104,13.3219,12.9054,12.1593
Czechia,Agricultural Soils,Emissions (CO2eq) from N2O (AR5),kilotonnes,2683.6814,2989.0363,2252.049,2311.101,2387.789,2353.2447,2322.961,2443.3894,2410.2887,2366.2323,2374.9441,2484.2661,2884.1484,2907.5555,2962.5346,3325.5947,3382.1488,3108.7741,2991.4784,2917.6484,2673.6038
Czechia,Agricultural Soils,Emissions (CO2eq) from N2O (AR5),kilotonnes,3072.9005,3356.6275,3126.1152,2711.0436,3211.7561,3107.4895,3100.4873,3266.9452,3363.7959,2830.9685,2845.0639,3412.3998,3303.9952,3245.3203,3322.2626,3626.2066,3841.2074,3845.2617,3530.3121,3419.9306,3222.207
Czechia,Agricultural Soils,Emissions (CO2eq) (AR5),kilotonnes,2683.6814,2989.0363,2252.049,2311.101,2387.789,2353.2447,2322.961,2443.3894,2410.2887,2366.2323,2374.9441,2484.2661,2884.1484,2907.5555,2962.5346,3325.5947,3382.1488,3108.7741,2991.4784,2917.6484,2673.6038
Czechia,Agricultural Soils,Emissions (CO2eq) (AR5),kilotonnes,3072.9005,3356.6275,3126.1152,2711.0436,3211.7561,3107.4895,3100.4873,3266.9452,3363.7959,2830.9685,2845.0639,3412.3998,3303.9952,3245.3203,3322.2626,3626.2066,3841.2074,3845.2617,3530.3121,3419.9306,3222.207
Czechia,LULUCF,Emissions (CH4),kilotonnes,0.0021,0.005,0.01,0.025,0,0.005,0,0.0025,0,0.025,0.0075,0.01,0.0025,0.01,0.0724,0.0025,0.0025,0.0325,0,0,0
Czechia,LULUCF,Emissions (CH4),kilotonnes,1.6141,1.6427,1.7734,2.3269,2.0507,1.9485,2.4111,3.0316,2.3859,2.0502,2.1709,0.9874,1.0935,0.9448,1.1139,1.2035,0.451,0.5233,0.8879,1.1186,
Czechia,LULUCF,Emissions (N2O),kilotonnes,0.0001,0.0005,0.0009,0.0023,0,0.0005,0,0.0002,0,0.0023,0.0007,0.0009,0.0002,0.0009,0.0066,0.0002,0.0002,0.003,0,0,0
Czechia,LULUCF,Emissions (N2O),kilotonnes,0.1101,0.1107,0.1172,0.1475,0.132,0.1263,0.1519,0.1862,0.1505,0.1322,0.1391,0.0741,0.0803,0.0719,0.081,0.0858,0.0434,0.046,0.0584,0.0714,
Czechia,LULUCF,Emissions (CO2),kilotonnes,-9291.699,-6792.4716,-6795.0321,-6800.2939,-6802.9262,-6803.1275,-6803.375,-6803.2037,-6803.842,-6804.3359,-6804.3069,-3490.7516,-3490.7516,-3490.7572,-3490.7912,-3490.7912,-5672.3411,-5671.9406,-5671.1583,-5670.7975,-5670.7449
Czechia,LULUCF,Emissions (CO2),kilotonnes,-8830.7438,-9094.8022,-8799.1763,-7617.3637,-7809.6985,-8175.7303,-6155.6562,-4688.1083,-7563.375,-8303.0823,-7505.5821,-8637.495,-8928.88,-8221.9955,-8126.65,-7398.5595,-6188.1398,-3905.8258,4079.222,13515.2812,
Czechia,LULUCF,Emissions (CO2eq) from CH4 (AR5),kilotonnes,0.0599,0.1398,0.2797,0.699,0,0.1398,0,0.0699,0,0.699,0.2097,0.2796,0.0699,0.2796,2.027,0.0699,0.0699,0.9087,0,0,0
Czechia,LULUCF,Emissions (CO2eq) from N2O (AR5),kilotonnes,0.0313,0.1208,0.2417,0.6041,0,0.1208,0,0.0604,0,0.604,0.1812,0.2416,0.0604,0.2416,1.7516,0.0604,0.0604,0.7853,0,0,0
Czechia,LULUCF,Emissions (CO2eq) (AR5),kilotonnes,-9291.6078,-6792.211,-6794.5108,-6798.9908,-6802.9262,-6802.8669,-6803.375,-6803.0734,-6803.842,-6803.0329,-6803.916,-3490.2303,-3490.6213,-3490.236,-3487.0126,-3490.6609,-5672.2107,-5670.2466,-5671.1583,-5670.7975,-5670.7449
Czechia,LULUCF,Emissions (CO2eq) (AR5),kilotonnes,-8830.7438,-9094.8022,-8799.1763,-7617.3637,-7809.6985,-8175.7303,-6155.6562,-4688.1083,-7563.375,-8303.0823,-7505.5821,-8637.495,-8928.88,-8221.9955,-8126.65,-7398.5595,-6188.1398,-3905.8258,4079.222,13515.2812,
Czechia,AFOLU,Emissions (CH4),kilotonnes,148.8201,147.5866,140.3331,136.0748,131.0197,128.0176,125.6356,126.509,125.3438,120.2866,117.9116,116.7893,116.3431,116.6421,118.1728,119.8587,120.6508,120.4122,116.6447,116.8542,114.9386
Czechia,AFOLU,Emissions (N2O),kilotonnes,11.6026,12.7437,9.8988,10.0741,10.3057,10.1307,9.9918,10.4517,10.2901,10.0432,10.0481,10.4292,11.9159,12.0145,12.2363,13.6106,13.8308,12.789,12.3241,12.0455,11.1122
Czechia,AFOLU,Emissions (CO2),kilotonnes,-9291.699,-6792.4716,-6795.0321,-6800.2939,-6802.9262,-6803.1275,-6803.375,-6803.2037,-6803.842,-6804.3359,-6804.3069,-3490.7516,-3490.7516,-3490.7572,-3490.7912,-3490.7912,-5672.3411,-5671.9406,-5671.1583,-5670.7975,-5670.7449
Czechia,AFOLU,Emissions (CO2eq) from CH4 (AR5),kilotonnes,4166.9617,4132.4253,3929.3271,3810.0956,3668.5505,3584.4922,3517.7964,3542.2522,3509.6268,3368.0259,3301.5242,3270.1,3257.6061,3265.9775,3308.8396,3356.0424,3378.2213,3371.5407,3266.0518,3271.9168,3218.2817
Czechia,AFOLU,Emissions (CO2eq) from N2O (AR5),kilotonnes,3074.6942,3377.087,2623.1896,2669.6293,2731.0061,2684.6466,2647.827,2769.6983,2726.8799,2661.4474,2662.754,2763.7386,3157.7169,3183.8383,3242.612,3606.8157,3665.1629,3389.0953,3265.8779,3192.0468,2944.7372
Czechia,AFOLU,Emissions (CO2eq) (AR5),kilotonnes,-2050.0431,717.0407,-242.5154,-320.569,-403.3696,-533.9886,-637.7516,-491.2532,-567.3353,-774.8626,-840.0287,2543.087,2924.5714,2959.0586,3060.6603,3472.0669,1371.0432,1088.6954,860.7714,793.166,492.274
Czechia,All sectors with LULUCF,Emissions (CH4),kilotonnes,520.3741,523.1516,518.9041,520.6608,521.6527,507.5866,510.2316,504.096,502.9048,490.7266,498.4026,494.2923,496.8231,467.1261,458.6928,456.3127,447.0368,440.8712,434.1237,429.3152,420.3476
Czechia,All sectors with LULUCF,Emissions (N2O),kilotonnes,23.7746,24.8457,21.3018,21.5751,22.0137,21.6637,21.1898,21.4317,20.5621,42.0282,20.0641,20.8402,21.9969,21.7795,22.0573,23.5046,23.8508,22.656,22.1631,21.4315,19.9422
Czechia,All sectors with LULUCF,Emissions (CO2),kilotonnes,119395.401,121838.1284,117527.8679,119482.7061,114873.0738,117746.3725,119916.625,121077.4963,114069.958,105191.9641,110067.1931,108493.2484,104302.8484,102225.7428,97946.7088,100287.1088,99805.6589,99485.1594,98289.1417,94328.4025,83554.9551
Czechia,All sectors with LULUCF,Emissions (CO2eq) from F-gases (AR5),kilotonnes,486.849,615.1207,728.8159,872.6356,1030.0599,1253.5634,1389.6091,1545.0898,1700.5705,2856.9585,4110.5219,4421.4834,4596.3992,4810.1852,5111.4291,5529.2836,5898.5503,6258.0995,6355.275,6403.8627,6258.0995
Czechia,All sectors with LULUCF,Emissions (CO2eq) from CH4 (AR5),kilotonnes,14570.4737,14648.2453,14529.3151,14578.5036,14606.2745,14212.4242,14286.4844,14114.6882,14081.3348,13740.3459,13955.2722,13840.184,13911.0461,13079.5295,12843.3996,12776.7544,12517.0293,12344.3927,12155.4638,12020.8248,11769.7337
Czechia,All sectors with LULUCF,Emissions (CO2eq) from N2O (AR5),kilotonnes,6300.2742,6584.117,5644.9846,5717.3943,5833.6261,5740.8916,5615.297,5679.3983,5448.9599,11137.4724,5316.994,5522.6536,5829.1819,5771.5633,5845.177,6228.7257,6320.4629,6003.8503,5873.2129,5679.3368,5284.6872
Czechia,All sectors with LULUCF,Emissions (CO2eq) (AR5),kilotonnes,140752.998,143685.6113,138430.9835,140651.2397,136343.0342,138953.2518,141208.0155,142416.6726,135300.8232,132926.7409,133449.9812,132277.5694,128639.4756,125887.0208,121746.7144,124821.8725,124541.7015,124091.5019,122673.0934,118432.4267,106867.4755
Czechia,All sectors without LULUCF,Emissions (CH4),kilotonnes,520.3719,523.1466,518.8941,520.6359,521.6527,507.5816,510.2316,504.0935,502.9048,490.7017,498.3951,494.2823,496.8206,467.1161,458.6205,456.3102,447.0343,440.8387,434.1237,429.3152,420.3476
Czechia,All sectors without LULUCF,Emissions (N2O),kilotonnes,23.7745,24.8453,21.3009,21.5728,22.0137,21.6633,21.1898,21.4315,20.5621,42.0259,20.0634,20.8393,21.9967,21.7786,22.0507,23.5044,23.8506,22.6531,22.1631,21.4315,19.9422
Czechia,All sectors without LULUCF,Emissions (CO2),kilotonnes,128687.1,128630.6,124322.9,126283,121676,124549.5,126720,127880.7,120873.8,111996.3,116871.5,111984,107793.6,105716.5,101437.5,103777.9,105478,105157.1,103960.3,99999.2,89225.7
Czechia,All sectors without LULUCF,Emissions (CO2eq) from F-gases (AR5),kilotonnes,486.849,615.1207,728.8159,872.6356,1030.0599,1253.5634,1389.6091,1545.0898,1700.5705,2856.9585,4110.5219,4421.4834,4596.3992,4810.1852,5111.4291,5529.2836,5898.5503,6258.0995,6355.275,6403.8627,6258.0995
Czechia,All sectors without LULUCF,Emissions (CO2eq) from CH4 (AR5),kilotonnes,14570.4138,14648.1055,14529.0355,14577.8046,14606.2745,14212.2844,14286.4844,14114.6183,14081.3348,13739.6469,13955.0625,13839.9044,13910.9762,13079.2499,12841.3726,12776.6845,12516.9594,12343.4839,12155.4638,12020.8248,11769.7337
Czechia,All sectors without LULUCF,Emissions (CO2eq) from N2O (AR5),kilotonnes,6300.2429,6583.9962,5644.7429,5716.7903,5833.6261,5740.7708,5615.297,5679.3379,5448.9599,11136.8684,5316.8127,5522.412,5829.1215,5771.3217,5843.4254,6228.6653,6320.4025,6003.0651,5873.2129,5679.3368,5284.6872
Czechia,All sectors without LULUCF,Emissions (CO2eq) (AR5),kilotonnes,150044.6058,150477.8223,145225.4943,147450.2305,143145.9604,145756.1186,148011.3904,149219.746,142104.6653,139729.7738,140253.8971,135767.7997,132130.0969,129377.2567,125233.7271,128312.5334,130213.9122,129761.7485,128344.2517,124103.2243,112538.2204
Czechoslovakia,Crop Residues,Direct emissions (N2O),kilotonnes,,,,,,,,,,,,,,,,,,,,,
Czechoslovakia,Crop Residues,Indirect emissions (N2O),kilotonnes,,,,,,,,,,,,,,,,,,,,,
Czechoslovakia,Crop Residues,Emissions (N2O),kilotonnes,,,,,,,,,,,,,,,,,,,,,
Czechoslovakia,Crop Residues,Emissions (CO2eq) from N2O (AR5),kilotonnes,,,,,,,,,,,,,,,,,,,,,
Czechoslovakia,Crop Residues,Emissions (CO2eq) (AR5),kilotonnes,,,,,,,,,,,,,,,,,,,,,
Czechoslovakia,Burning - Crop residues,Emissions (CH4),kilotonnes,,,,,,,,,,,,,,,,,,,,,
Czechoslovakia,Burning - Crop residues,Emissions (N2O),kilotonnes,,,,,,,,,,,,,,,,,,,,,
Czechoslovakia,Burning - Crop residues,Emissions (CO2eq) from CH4 (AR5),kilotonnes,,,,,,,,,,,,,,,,,,,,,
Czechoslovakia,Burning - Crop residues,Emissions (CO2eq) from N2O (AR5),kilotonnes,,,,,,,,,,,,,,,,,,,,,
Czechoslovakia,Burning - Crop residues,Emissions (CO2eq) (AR5),kilotonnes,,,,,,,,,,,,,,,,,,,,,
Czechoslovakia,Enteric Fermentation,Emissions (CH4),kilotonnes,,,,,,,,,,,,,,,,,,,,,
Czechoslovakia,Enteric Fermentation,Emissions (CO2eq) from CH4 (AR5),kilotonnes,,,,,,,,,,,,,,,,,,,,,
Czechoslovakia,Enteric Fermentation,Emissions (CO2eq) (AR5),kilotonnes,,,,,,,,,,,,,,,,,,,,,
Czechoslovakia,Manure Management,Emissions (CH4),kilotonnes,,,,,,,,,,,,,,,,,,,,,
Czechoslovakia,Manure Management,Emissions (N2O),kilotonnes,,,,,,,,,,,,,,,,,,,,,
Czechoslovakia,Manure Management,Emissions (CO2eq) from CH4 (AR5),kilotonnes,,,,,,,,,,,,,,,,,,,,,
Czechoslovakia,Manure Management,Emissions (CO2eq) from N2O (AR5),kilotonnes,,,,,,,,,,,,,,,,,,,,,
Czechoslovakia,Manure Management,Emissions (CO2eq) (AR5),kilotonnes,,,,,,,,,,,,,,,,,,,,,
Czechoslovakia,Manure left on Pasture,Direct emissions (N2O),kilotonnes,,,,,,,,,,,,,,,,,,,,,
Czechoslovakia,Manure left on Pasture,Indirect emissions (N2O),kilotonnes,,,,,,,,,,,,,,,,,,,,,
Czechoslovakia,Manure left on Pasture,Emissions (N2O),kilotonnes,,,,,,,,,,,,,,,,,,,,,
Czechoslovakia,Manure left on Pasture,Emissions (CO2eq) from N2O (AR5),kilotonnes,,,,,,,,,,,,,,,,,,,,,
Czechoslovakia,Manure left on Pasture,Emissions (CO2eq) (AR5),kilotonnes,,,,,,,,,,,,,,,,,,,,,
Czechoslovakia,Manure applied to Soils,Direct emissions (N2O),kilotonnes,,,,,,,,,,,,,,,,,,,,,
Czechoslovakia,Manure applied to Soils,Indirect emissions (N2O),kilotonnes,,,,,,,,,,,,,,,,,,,,,
Czechoslovakia,Manure applied to Soils,Emissions (N2O),kilotonnes,,,,,,,,,,,,,,,,,,,,,
Czechoslovakia,Manure applied to Soils,Emissions (CO2eq) from N2O (AR5),kilotonnes,,,,,,,,,,,,,,,,,,,,,
Czechoslovakia,Manure applied to Soils,Emissions (CO2eq) (AR5),kilotonnes,,,,,,,,,,,,,,,,,,,,,
Czechoslovakia,Synthetic Fertilizers,Direct emissions (N2O),kilotonnes,,,,,,,,,,,,,,,,,,,,,
Czechoslovakia,Synthetic Fertilizers,Indirect emissions (N2O),kilotonnes,,,,,,,,,,,,,,,,,,,,,
Czechoslovakia,Synthetic Fertilizers,Emissions (N2O),kilotonnes,,,,,,,,,,,,,,,,,,,,,
Czechoslovakia,Synthetic Fertilizers,Emissions (CO2eq) from N2O (AR5),kilotonnes,,,,,,,,,,,,,,,,,,,,,
Czechoslovakia,Synthetic Fertilizers,Emissions (CO2eq) (AR5),kilotonnes,,,,,,,,,,,,,,,,,,,,,
Czechoslovakia,Drained organic soils,Emissions (CO2eq) (AR5),kilotonnes,,,,,,,,,,,,,,,,,,,,,
Czechoslovakia,Drained organic soils (CO2),Emissions (CO2),kilotonnes,,,,,,,,,,,,,,,,,,,,,
Czechoslovakia,Drained organic soils (CO2),Emissions (CO2eq) (AR5),kilotonnes,,,,,,,,,,,,,,,,,,,,,
Czechoslovakia,Drained organic soils (N2O),Emissions (N2O),kilotonnes,,,,,,,,,,,,,,,,,,,,,
Czechoslovakia,Drained organic soils (N2O),Emissions (CO2eq) from N2O (AR5),kilotonnes,,,,,,,,,,,,,,,,,,,,,
Czechoslovakia,Drained organic soils (N2O),Emissions (CO2eq) (AR5),kilotonnes,,,,,,,,,,,,,,,,,,,,,
Czechoslovakia,On-farm energy use,Emissions (CH4),kilotonnes,,,,,,,,,,,,,,,,,,,,,
Czechoslovakia,On-farm energy use,Emissions (N2O),kilotonnes,,,,,,,,,,,,,,,,,,,,,
Czechoslovakia,On-farm energy use,Emissions (CO2),kilotonnes,,,,,,,,,,,,,,,,,,,,,
Czechoslovakia,On-farm energy use,Emissions (CO2eq) from CH4 (AR5),kilotonnes,,,,,,,,,,,,,,,,,,,,,
Czechoslovakia,On-farm energy use,Emissions (CO2eq) from N2O (AR5),kilotonnes,,,,,,,,,,,,,,,,,,,,,
Czechoslovakia,On-farm energy use,Emissions (CO2eq) (AR5),kilotonnes,,,,,,,,,,,,,,,,,,,,,
Czechoslovakia,Forestland,Emissions (CO2),kilotonnes,,,,,,,,,,,,,,,,,,,,,
Czechoslovakia,Forestland,Emissions (CO2eq) (AR5),kilotonnes,,,,,,,,,,,,,,,,,,,,,
Czechoslovakia,Net Forest conversion,Emissions (CO2),kilotonnes,,,,,,,,,,,,,,,,,,,,,
Czechoslovakia,Net Forest conversion,Emissions (CO2eq) (AR5),kilotonnes,,,,,,,,,,,,,,,,,,,,,
Czechoslovakia,Savanna fires,Emissions (CH4),kilotonnes,,,,,,,,,,,,,,,,,,,,,
Czechoslovakia,Savanna fires,Emissions (N2O),kilotonnes,,,,,,,,,,,,,,,,,,,,,
Czechoslovakia,Savanna fires,Emissions (CO2eq) from CH4 (AR5),kilotonnes,,,,,,,,,,,,,,,,,,,,,
Czechoslovakia,Savanna fires,Emissions (CO2eq) from N2O (AR5),kilotonnes,,,,,,,,,,,,,,,,,,,,,
Czechoslovakia,Savanna fires,Emissions (CO2eq) (AR5),kilotonnes,,,,,,,,,,,,,,,,,,,,,
Czechoslovakia,Fires in organic soils,Emissions (CH4),kilotonnes,,,,,,,,,,,,,,,,,,,,,
Czechoslovakia,Fires in organic soils,Emissions (CO2),kilotonnes,,,,,,,,,,,,,,,,,,,,,
Czechoslovakia,Fires in organic soils,Emissions (CO2eq) from CH4 (AR5),kilotonnes,,,,,,,,,,,,,,,,,,,,,
Czechoslovakia,Fires in organic soils,Emissions (CO2eq) (AR5),kilotonnes,,,,,,,,,,,,,,,,,,,,,
Czechoslovakia,Forest fires,Emissions (CH4),kilotonnes,,,,,,,,,,,,,,,,,,,,,
Czechoslovakia,Forest fires,Emissions (N2O),kilotonnes,,,,,,,,,,,,,,,,,,,,,
Czechoslovakia,Forest fires,Emissions (CO2eq) from CH4 (AR5),kilotonnes,,,,,,,,,,,,,,,,,,,,,
Czechoslovakia,Forest fires,Emissions (CO2eq) from N2O (AR5),kilotonnes,,,,,,,,,,,,,,,,,,,,,
Czechoslovakia,Forest fires,Emissions (CO2eq) (AR5),kilotonnes,,,,,,,,,,,,,,,,,,,,,
Czechoslovakia,Fires in humid tropical forests,Emissions (CH4),kilotonnes,,,,,,,,,,,,,,,,,,,,,
Czechoslovakia,Fires in humid tropical forests,Emissions (N2O),kilotonnes,,,,,,,,,,,,,,,,,,,,,
Czechoslovakia,Fires in humid tropical forests,Emissions (CO2eq) from CH4 (AR5),kilotonnes,,,,,,,,,,,,,,,,,,,,,
Czechoslovakia,Fires in humid tropical forests,Emissions (CO2eq) from N2O (AR5),kilotonnes,,,,,,,,,,,,,,,,,,,,,
Czechoslovakia,Fires in humid tropical forests,Emissions (CO2eq) (AR5),kilotonnes,,,,,,,,,,,,,,,,,,,,,
Czechoslovakia,Waste - agri-food systems,Emissions (CH4),kilotonnes,,,,,,,,,,,,,,,,,,,,,
Czechoslovakia,Waste - agri-food systems,Emissions (N2O),kilotonnes,,,,,,,,,,,,,,,,,,,,,
Czechoslovakia,Waste - agri-food systems,Emissions (CO2),kilotonnes,,,,,,,,,,,,,,,,,,,,,
Czechoslovakia,Waste - agri-food systems,Emissions (CO2eq) from CH4 (AR5),kilotonnes,,,,,,,,,,,,,,,,,,,,,
Czechoslovakia,Waste - agri-food systems,Emissions (CO2eq) from N2O (AR5),kilotonnes,,,,,,,,,,,,,,,,,,,,,
Czechoslovakia,Waste - agri-food systems,Emissions (CO2eq) (AR5),kilotonnes,,,,,,,,,,,,,,,,,,,,,
Czechoslovakia,On-farm electricity use,Emissions (CH4),kilotonnes,,,,,,,,,,,,,,,,,,,,,
Czechoslovakia,On-farm electricity use,Emissions (N2O),kilotonnes,,,,,,,,,,,,,,,,,,,,,
Czechoslovakia,On-farm electricity use,Emissions (CO2),kilotonnes,,,,,,,,,,,,,,,,,,,,,
Czechoslovakia,On-farm electricity use,Emissions (CO2eq) from CH4 (AR5),kilotonnes,,,,,,,,,,,,,,,,,,,,,
Czechoslovakia,On-farm electricity use,Emissions (CO2eq) from N2O (AR5),kilotonnes,,,,,,,,,,,,,,,,,,,,,
Czechoslovakia,On-farm electricity use,Emissions (CO2eq) (AR5),kilotonnes,,,,,,,,,,,,,,,,,,,,,
Czechoslovakia,Energy,Emissions (CH4),kilotonnes,,,,,,,,,,,,,,,,,,,,,
Czechoslovakia,Energy,Emissions (N2O),kilotonnes,,,,,,,,,,,,,,,,,,,,,
Czechoslovakia,Energy,Emissions (CO2),kilotonnes,,,,,,,,,,,,,,,,,,,,,
Czechoslovakia,Energy,Emissions (CO2eq) from CH4 (AR5),kilotonnes,,,,,,,,,,,,,,,,,,,,,
Czechoslovakia,Energy,Emissions (CO2eq) from N2O (AR5),kilotonnes,,,,,,,,,,,,,,,,,,,,,
Czechoslovakia,Energy,Emissions (CO2eq) (AR5),kilotonnes,,,,,,,,,,,,,,,,,,,,,
Czechoslovakia,IPPU,Emissions (CH4),kilotonnes,,,,,,,,,,,,,,,,,,,,,
Czechoslovakia,IPPU,Emissions (N2O),kilotonnes,,,,,,,,,,,,,,,,,,,,,
Czechoslovakia,IPPU,Emissions (CO2),kilotonnes,,,,,,,,,,,,,,,,,,,,,
Czechoslovakia,IPPU,Emissions (CO2eq) from F-gases (AR5),kilotonnes,,,,,,,,,,,,,,,,,,,,,
Czechoslovakia,IPPU,Emissions (CO2eq) from CH4 (AR5),kilotonnes,,,,,,,,,,,,,,,,,,,,,
Czechoslovakia,IPPU,Emissions (CO2eq) from N2O (AR5),kilotonnes,,,,,,,,,,,,,,,,,,,,,
Czechoslovakia,IPPU,Emissions (CO2eq) (AR5),kilotonnes,,,,,,,,,,,,,,,,,,,,,
Czechoslovakia,Waste,Emissions (CH4),kilotonnes,,,,,,,,,,,,,,,,,,,,,
Czechoslovakia,Waste,Emissions (N2O),kilotonnes,,,,,,,,,,,,,,,,,,,,,
Czechoslovakia,Waste,Emissions (CO2),kilotonnes,,,,,,,,,,,,,,,,,,,,,
Czechoslovakia,Waste,Emissions (CO2eq) from CH4 (AR5),kilotonnes,,,,,,,,,,,,,,,,,,,,,
Czechoslovakia,Waste,Emissions (CO2eq) from N2O (AR5),kilotonnes,,,,,,,,,,,,,,,,,,,,,
Czechoslovakia,Waste,Emissions (CO2eq) (AR5),kilotonnes,,,,,,,,,,,,,,,,,,,,,
Czechoslovakia,Other,Emissions (N2O),kilotonnes,,,,,,,,,,,,,,,,,,,,,
Czechoslovakia,Other,Emissions (CO2eq) from N2O (AR5),kilotonnes,,,,,,,,,,,,,,,,,,,,,
Czechoslovakia,Other,Emissions (CO2eq) (AR5),kilotonnes,,,,,,,,,,,,,,,,,,,,,
Czechoslovakia,Farm-gate emissions,Emissions (CH4),kilotonnes,,,,,,,,,,,,,,,,,,,,,
Czechoslovakia,Farm-gate emissions,Direct emissions (N2O),kilotonnes,,,,,,,,,,,,,,,,,,,,,
Czechoslovakia,Farm-gate emissions,Indirect emissions (N2O),kilotonnes,,,,,,,,,,,,,,,,,,,,,
Czechoslovakia,Farm-gate emissions,Emissions (N2O),kilotonnes,,,,,,,,,,,,,,,,,,,,,
Czechoslovakia,Farm-gate emissions,Emissions (CO2),kilotonnes,,,,,,,,,,,,,,,,,,,,,
Czechoslovakia,Farm-gate emissions,Emissions (CO2eq) from CH4 (AR5),kilotonnes,,,,,,,,,,,,,,,,,,,,,
Czechoslovakia,Farm-gate emissions,Emissions (CO2eq) from N2O (AR5),kilotonnes,,,,,,,,,,,,,,,,,,,,,
Czechoslovakia,Farm-gate emissions,Emissions (CO2eq) (AR5),kilotonnes,,,,,,,,,,,,,,,,,,,,,
Czechoslovakia,Land Use change,Emissions (CH4),kilotonnes,,,,,,,,,,,,,,,,,,,,,
Czechoslovakia,Land Use change,Emissions (N2O),kilotonnes,,,,,,,,,,,,,,,,,,,,,
Czechoslovakia,Land Use change,Emissions (CO2),kilotonnes,,,,,,,,,,,,,,,,,,,,,
Czechoslovakia,Land Use change,Emissions (CO2eq) from CH4 (AR5),kilotonnes,,,,,,,,,,,,,,,,,,,,,
Czechoslovakia,Land Use change,Emissions (CO2eq) from N2O (AR5),kilotonnes,,,,,,,,,,,,,,,,,,,,,
Czechoslovakia,Land Use change,Emissions (CO2eq) (AR5),kilotonnes,,,,,,,,,,,,,,,,,,,,,
Czechoslovakia,Emissions on agricultural land,Emissions (CH4),kilotonnes,,,,,,,,,,,,,,,,,,,,,
Czechoslovakia,Emissions on agricultural land,Emissions (N2O),kilotonnes,,,,,,,,,,,,,,,,,,,,,
Czechoslovakia,Emissions on agricultural land,Emissions (CO2),kilotonnes,,,,,,,,,,,,,,,,,,,,,
Czechoslovakia,Emissions on agricultural land,Emissions (CO2eq) from CH4 (AR5),kilotonnes,,,,,,,,,,,,,,,,,,,,,
Czechoslovakia,Emissions on agricultural land,Emissions (CO2eq) from N2O (AR5),kilotonnes,,,,,,,,,,,,,,,,,,,,,
Czechoslovakia,Emissions on agricultural land,Emissions (CO2eq) (AR5),kilotonnes,,,,,,,,,,,,,,,,,,,,,
Czechoslovakia,Pre- and post- production,Emissions (CH4),kilotonnes,,,,,,,,,,,,,,,,,,,,,
Czechoslovakia,Pre- and post- production,Emissions (N2O),kilotonnes,,,,,,,,,,,,,,,,,,,,,
Czechoslovakia,Pre- and post- production,Emissions (CO2),kilotonnes,,,,,,,,,,,,,,,,,,,,,
Czechoslovakia,Pre- and post- production,Emissions (CO2eq) from CH4 (AR5),kilotonnes,,,,,,,,,,,,,,,,,,,,,
Czechoslovakia,Pre- and post- production,Emissions (CO2eq) from N2O (AR5),kilotonnes,,,,,,,,,,,,,,,,,,,,,
Czechoslovakia,Pre- and post- production,Emissions (CO2eq) (AR5),kilotonnes,,,,,,,,,,,,,,,,,,,,,
Czechoslovakia,Agri-food systems,Emissions (CH4),kilotonnes,,,,,,,,,,,,,,,,,,,,,
Czechoslovakia,Agri-food systems,Emissions (N2O),kilotonnes,,,,,,,,,,,,,,,,,,,,,
Czechoslovakia,Agri-food systems,Emissions (CO2),kilotonnes,,,,,,,,,,,,,,,,,,,,,
Czechoslovakia,Agri-food systems,Emissions (CO2eq) from CH4 (AR5),kilotonnes,,,,,,,,,,,,,,,,,,,,,
Czechoslovakia,Agri-food systems,Emissions (CO2eq) from N2O (AR5),kilotonnes,,,,,,,,,,,,,,,,,,,,,
Czechoslovakia,Agri-food systems,Emissions (CO2eq) (AR5),kilotonnes,,,,,,,,,,,,,,,,,,,,,
Czechoslovakia,IPCC Agriculture,Emissions (CH4),kilotonnes,,,,,,,,,,,,,,,,,,,,,
Czechoslovakia,IPCC Agriculture,Direct emissions (N2O),kilotonnes,,,,,,,,,,,,,,,,,,,,,
Czechoslovakia,IPCC Agriculture,Indirect emissions (N2O),kilotonnes,,,,,,,,,,,,,,,,,,,,,
Czechoslovakia,IPCC Agriculture,Emissions (N2O),kilotonnes,,,,,,,,,,,,,,,,,,,,,
Czechoslovakia,IPCC Agriculture,Emissions (CO2eq) from CH4 (AR5),kilotonnes,,,,,,,,,,,,,,,,,,,,,
Czechoslovakia,IPCC Agriculture,Emissions (CO2eq) from N2O (AR5),kilotonnes,,,,,,,,,,,,,,,,,,,,,
Czechoslovakia,IPCC Agriculture,Emissions (CO2eq) (AR5),kilotonnes,,,,,,,,,,,,,,,,,,,,,
Czechoslovakia,Agricultural Soils,Direct emissions (N2O),kilotonnes,,,,,,,,,,,,,,,,,,,,,
Czechoslovakia,Agricultural Soils,Indirect emissions (N2O),kilotonnes,,,,,,,,,,,,,,,,,,,,,
Czechoslovakia,Agricultural Soils,Emissions (N2O),kilotonnes,,,,,,,,,,,,,,,,,,,,,
Czechoslovakia,Agricultural Soils,Emissions (CO2eq) from N2O (AR5),kilotonnes,,,,,,,,,,,,,,,,,,,,,
Czechoslovakia,Agricultural Soils,Emissions (CO2eq) (AR5),kilotonnes,,,,,,,,,,,,,,,,,,,,,
Czechoslovakia,LULUCF,Emissions (CH4),kilotonnes,,,,,,,,,,,,,,,,,,,,,
Czechoslovakia,LULUCF,Emissions (N2O),kilotonnes,,,,,,,,,,,,,,,,,,,,,
Czechoslovakia,LULUCF,Emissions (CO2),kilotonnes,,,,,,,,,,,,,,,,,,,,,
Czechoslovakia,LULUCF,Emissions (CO2eq) from CH4 (AR5),kilotonnes,,,,,,,,,,,,,,,,,,,,,
Czechoslovakia,LULUCF,Emissions (CO2eq) from N2O (AR5),kilotonnes,,,,,,,,,,,,,,,,,,,,,
Czechoslovakia,LULUCF,Emissions (CO2eq) (AR5),kilotonnes,,,,,,,,,,,,,,,,,,,,,
Czechoslovakia,AFOLU,Emissions (CH4),kilotonnes,,,,,,,,,,,,,,,,,,,,,
Czechoslovakia,AFOLU,Emissions (N2O),kilotonnes,,,,,,,,,,,,,,,,,,,,,
Czechoslovakia,AFOLU,Emissions (CO2),kilotonnes,,,,,,,,,,,,,,,,,,,,,
Czechoslovakia,AFOLU,Emissions (CO2eq) from CH4 (AR5),kilotonnes,,,,,,,,,,,,,,,,,,,,,
Czechoslovakia,AFOLU,Emissions (CO2eq) from N2O (AR5),kilotonnes,,,,,,,,,,,,,,,,,,,,,
Czechoslovakia,AFOLU,Emissions (CO2eq) (AR5),kilotonnes,,,,,,,,,,,,,,,,,,,,,
Czechoslovakia,All sectors with LULUCF,Emissions (CH4),kilotonnes,,,,,,,,,,,,,,,,,,,,,
Czechoslovakia,All sectors with LULUCF,Emissions (N2O),kilotonnes,,,,,,,,,,,,,,,,,,,,,
Czechoslovakia,All sectors with LULUCF,Emissions (CO2),kilotonnes,,,,,,,,,,,,,,,,,,,,,
Czechoslovakia,All sectors with LULUCF,Emissions (CO2eq) from F-gases (AR5),kilotonnes,,,,,,,,,,,,,,,,,,,,,
Czechoslovakia,All sectors with LULUCF,Emissions (CO2eq) from CH4 (AR5),kilotonnes,,,,,,,,,,,,,,,,,,,,,
Czechoslovakia,All sectors with LULUCF,Emissions (CO2eq) from N2O (AR5),kilotonnes,,,,,,,,,,,,,,,,,,,,,
Czechoslovakia,All sectors with LULUCF,Emissions (CO2eq) (AR5),kilotonnes,,,,,,,,,,,,,,,,,,,,,
Czechoslovakia,All sectors without LULUCF,Emissions (CH4),kilotonnes,,,,,,,,,,,,,,,,,,,,,
Czechoslovakia,All sectors without LULUCF,Emissions (N2O),kilotonnes,,,,,,,,,,,,,,,,,,,,,
Czechoslovakia,All sectors without LULUCF,Emissions (CO2),kilotonnes,,,,,,,,,,,,,,,,,,,,,
Czechoslovakia,All sectors without LULUCF,Emissions (CO2eq) from F-gases (AR5),kilotonnes,,,,,,,,,,,,,,,,,,,,,
Czechoslovakia,All sectors without LULUCF,Emissions (CO2eq) from CH4 (AR5),kilotonnes,,,,,,,,,,,,,,,,,,,,,
Czechoslovakia,All sectors without LULUCF,Emissions (CO2eq) from N2O (AR5),kilotonnes,,,,,,,,,,,,,,,,,,,,,
Czechoslovakia,All sectors without LULUCF,Emissions (CO2eq) (AR5),kilotonnes,,,,,,,,,,,,,,,,,,,,,
Democratic People's Republic of Korea,Crop Residues,Direct emissions (N2O),kilotonnes,0.8348,0.9684,1.0144,1.0358,1.0462,1.0691,1.072,0.9692,1.06,1.0146,1.0275,1.0487,1.0922,1.0974,1.0916,1.0128,0.9969,0.9676,0.881,1.0858,0.9613
Democratic People's Republic of Korea,Crop Residues,Indirect emissions (N2O),kilotonnes,0.1878,0.2179,0.2282,0.2331,0.2354,0.2405,0.2412,0.2181,0.2385,0.2283,0.2312,0.2359,0.2457,0.2469,0.2456,0.2279,0.2243,0.2177,0.1982,0.2443,0.2163
Democratic People's Republic of Korea,Crop Residues,Emissions (N2O),kilotonnes,1.0226,1.1863,1.2426,1.2688,1.2816,1.3096,1.3131,1.1872,1.2986,1.2429,1.2587,1.2846,1.3379,1.3443,1.3372,1.2406,1.2212,1.1853,1.0792,1.3301,1.1776
Democratic People's Republic of Korea,Crop Residues,Emissions (CO2eq) from N2O (AR5),kilotonnes,270.9924,314.3658,329.2944,336.2442,339.6344,347.0418,347.9832,314.6203,344.1182,329.3637,333.5455,340.4217,354.548,356.2474,354.3499,328.7715,323.6108,314.0958,285.9947,352.4872,312.063
Democratic People's Republic of Korea,Crop Residues,Emissions (CO2eq) (AR5),kilotonnes,270.9924,314.3658,329.2944,336.2442,339.6344,347.0418,347.9832,314.6203,344.1182,329.3637,333.5455,340.4217,354.548,356.2474,354.3499,328.7715,323.6108,314.0958,285.9947,352.4872,312.063
Democratic People's Republic of Korea,Rice Cultivation,Emissions (CH4),kilotonnes,95.2503,101.8377,103.7707,103.9742,103.7962,103.8674,103.8674,103.8674,101.5511,101.3036,101.4817,101.6597,100.2354,97.3868,93.4699,82.8233,83.4423,84.5962,83.9433,82.937,83.7304
Democratic People's Republic of Korea,Rice Cultivation,Emissions (CO2eq) from CH4 (AR5),kilotonnes,2667.0092,2851.4566,2905.5794,2911.2774,2906.2923,2908.2863,2908.2863,2908.2863,2843.4307,2836.5014,2841.4865,2846.4715,2806.591,2726.83,2617.1586,2319.0518,2336.3848,2368.693,2350.4128,2322.2372,2344.4507
Democratic People's Republic of Korea,Rice Cultivation,Emissions (CO2eq) (AR5),kilotonnes,2667.0092,2851.4566,2905.5794,2911.2774,2906.2923,2908.2863,2908.2863,2908.2863,2843.4307,2836.5014,2841.4865,2846.4715,2806.591,2726.83,2617.1586,2319.0518,2336.3848,2368.693,2350.4128,2322.2372,2344.4507
Democratic People's Republic of Korea,Burning - Crop residues,Emissions (CH4),kilotonnes,2.1974,2.2513,2.2738,2.2782,2.2779,2.4345,2.246,2.2919,2.2844,2.2837,2.2834,2.2741,2.3238,2.2892,2.2479,2.2455,2.2001,2.1225,2.1168,2.2668,2.3514
Democratic People's Republic of Korea,Burning - Crop residues,Emissions (N2O),kilotonnes,0.057,0.0584,0.059,0.0591,0.0591,0.0631,0.0582,0.0594,0.0592,0.0592,0.0592,0.059,0.0602,0.0593,0.0583,0.0582,0.057,0.055,0.0549,0.0588,0.061
Democratic People's Republic of Korea,Burning - Crop residues,Emissions (CO2eq) from CH4 (AR5),kilotonnes,61.5271,63.0359,63.6674,63.791,63.7799,68.1663,62.8894,64.1746,63.9625,63.9447,63.9349,63.6741,65.0651,64.0975,62.9408,62.8735,61.6022,59.4302,59.2701,63.47,65.8388
Democratic People's Republic of Korea,Burning - Crop residues,Emissions (CO2eq) from N2O (AR5),kilotonnes,15.0969,15.4671,15.6221,15.6524,15.6497,16.726,15.4312,15.7465,15.6945,15.6901,15.6877,15.6237,15.9651,15.7276,15.4438,15.4273,15.1154,14.5824,14.5431,15.5737,16.1549
Democratic People's Republic of Korea,Burning - Crop residues,Emissions (CO2eq) (AR5),kilotonnes,76.624,78.503,79.2895,79.4434,79.4296,84.8922,78.3206,79.9211,79.657,79.6349,79.6227,79.2978,81.0302,79.8251,78.3846,78.3008,76.7176,74.0126,73.8132,79.0437,81.9937
Democratic People's Republic of Korea,Enteric Fermentation,Emissions (CH4),kilotonnes,44.285,45.388,46.1053,46.415,46.035,47.0097,47.945,48.458,49.015,49.643,49.681,50.238,50.96,50.333,49.9078,50.1113,50.5239,50.5601,50.2813,50.6166,50.8668
Democratic People's Republic of Korea,Enteric Fermentation,Emissions (CH4),kilotonnes,44,,46,,,,,,,,,,,,,,,,,,
Democratic People's Republic of Korea,Enteric Fermentation,Emissions (CO2eq) from CH4 (AR5),kilotonnes,1239.98,1270.864,1290.9478,1299.62,1288.98,1316.2719,1342.46,1356.824,1372.42,1390.004,1391.068,1406.664,1426.88,1409.324,1397.4171,1403.1152,1414.6702,1415.6838,1407.8756,1417.2638,1424.2709
Democratic People's Republic of Korea,Enteric Fermentation,Emissions (CO2eq) from CH4 (AR5),kilotonnes,1232,,1288,,,,,,,,,,,,,,,,,,
Democratic People's Republic of Korea,Enteric Fermentation,Emissions (CO2eq) (AR5),kilotonnes,1239.98,1270.864,1290.9478,1299.62,1288.98,1316.2719,1342.46,1356.824,1372.42,1390.004,1391.068,1406.664,1426.88,1409.324,1397.4171,1403.1152,1414.6702,1415.6838,1407.8756,1417.2638,1424.2709
Democratic People's Republic of Korea,Enteric Fermentation,Emissions (CO2eq) (AR5),kilotonnes,1232,,1288,,,,,,,,,,,,,,,,,,
Democratic People's Republic of Korea,Manure Management,Emissions (CH4),kilotonnes,7.6281,7.7169,7.7569,7.874,7.8994,8.0054,7.3261,6.5467,5.9218,5.8847,6.0781,6.1494,7.3241,6.1294,5.7474,6.2068,6.7234,6.764,6.7384,6.4763,6.2031
Democratic People's Republic of Korea,Manure Management,Emissions (CH4),kilotonnes,8,,9,,,,,,,,,,,,,,,,,,
Democratic People's Republic of Korea,Manure Management,Emissions (N2O),kilotonnes,0.7232,0.7271,0.7409,0.747,0.7452,0.7538,0.7161,0.6786,0.6515,0.6486,0.6623,0.6669,0.7173,0.6611,0.6466,0.6688,0.6954,0.6982,0.6957,0.687,0.6768
Democratic People's Republic of Korea,Manure Management,Emissions (N2O),kilotonnes,,,,,,,,,,,,,,,,,,,,,
Democratic People's Republic of Korea,Manure Management,Emissions (CO2eq) from CH4 (AR5),kilotonnes,213.5871,216.0735,217.1943,220.472,221.1821,224.1512,205.1314,183.3082,165.8101,164.7705,170.1876,172.1829,205.0737,171.6218,160.9276,173.7902,188.2559,189.3915,188.6755,181.3375,173.6879
Democratic People's Republic of Korea,Manure Management,Emissions (CO2eq) from CH4 (AR5),kilotonnes,224,,252,,,,,,,,,,,,,,,,,,
Democratic People's Republic of Korea,Manure Management,Emissions (CO2eq) from N2O (AR5),kilotonnes,191.642,192.6801,196.3258,197.9597,197.4675,199.7444,189.761,179.828,172.6511,171.8877,175.5041,176.7394,190.0863,175.1877,171.3481,177.2296,184.2802,185.0174,184.3714,182.051,179.3468
Democratic People's Republic of Korea,Manure Management,Emissions (CO2eq) from N2O (AR5),kilotonnes,,,,,,,,,,,,,,,,,,,,,
Democratic People's Republic of Korea,Manure Management,Emissions (CO2eq) (AR5),kilotonnes,405.2291,408.7536,413.5201,418.4317,418.6496,423.8956,394.8923,363.1361,338.4612,336.6581,345.6917,348.9223,395.16,346.8095,332.2757,351.0197,372.5361,374.4088,373.0469,363.3885,353.0347
Democratic People's Republic of Korea,Manure Management,Emissions (CO2eq) (AR5),kilotonnes,224,,252,,,,,,,,,,,,,,,,,,
Democratic People's Republic of Korea,Manure left on Pasture,Direct emissions (N2O),kilotonnes,1.0664,1.1487,1.2024,1.2222,1.2294,1.2611,1.2844,1.3189,1.3655,1.3917,1.4002,1.4306,1.4234,1.4202,1.4168,1.4213,1.43,1.4339,1.4175,1.4449,1.4617
Democratic People's Republic of Korea,Manure left on Pasture,Indirect emissions (N2O),kilotonnes,0.3469,0.3784,0.3954,0.4008,0.4032,0.4177,0.4317,0.4471,0.4655,0.4772,0.4784,0.4897,0.4897,0.4887,0.4871,0.4883,0.4908,0.4917,0.4857,0.4951,0.501
Democratic People's Republic of Korea,Manure left on Pasture,Emissions (N2O),kilotonnes,1.4133,1.5271,1.5978,1.623,1.6326,1.6788,1.716,1.7659,1.831,1.8689,1.8786,1.9203,1.913,1.9089,1.9039,1.9096,1.9208,1.9256,1.9031,1.94,1.9628
Democratic People's Republic of Korea,Manure left on Pasture,Emissions (CO2eq) from N2O (AR5),kilotonnes,374.5361,404.6765,423.4108,430.0901,432.6458,444.8734,454.7494,467.9713,485.2236,495.2532,497.8237,508.8861,506.956,505.8662,504.5409,506.0313,509.0153,510.2931,504.3263,514.0935,520.133
Democratic People's Republic of Korea,Manure left on Pasture,Emissions (CO2eq) (AR5),kilotonnes,374.5361,404.6765,423.4108,430.0901,432.6458,444.8734,454.7494,467.9713,485.2236,495.2532,497.8237,508.8861,506.956,505.8662,504.5409,506.0313,509.0153,510.2931,504.3263,514.0935,520.133
Democratic People's Republic of Korea,Manure applied to Soils,Direct emissions (N2O),kilotonnes,0.4002,0.4166,0.4325,0.4447,0.4492,0.449,0.4219,0.401,0.3897,0.3887,0.3997,0.407,0.4299,0.3979,0.3871,0.4015,0.4181,0.4211,0.4173,0.4169,0.4129
Democratic People's Republic of Korea,Manure applied to Soils,Indirect emissions (N2O),kilotonnes,0.1701,0.1771,0.1838,0.189,0.1909,0.1908,0.1793,0.1704,0.1656,0.1652,0.1699,0.173,0.1827,0.1691,0.1645,0.1706,0.1777,0.179,0.1774,0.1772,0.1755
Democratic People's Republic of Korea,Manure applied to Soils,Emissions (N2O),kilotonnes,0.5702,0.5937,0.6163,0.6337,0.6401,0.6398,0.6012,0.5715,0.5554,0.5538,0.5695,0.5799,0.6126,0.567,0.5517,0.5721,0.5958,0.6001,0.5947,0.5941,0.5884
Democratic People's Republic of Korea,Manure applied to Soils,Emissions (CO2eq) from N2O (AR5),kilotonnes,151.1072,157.3199,163.3127,167.9362,169.6343,169.5574,159.3134,151.4452,147.1693,146.7674,150.9289,153.6848,162.3404,150.2635,146.1911,151.6072,157.8898,159.0137,157.5998,157.4321,155.9246
Democratic People's Republic of Korea,Manure applied to Soils,Emissions (CO2eq) (AR5),kilotonnes,151.1072,157.3199,163.3127,167.9362,169.6343,169.5574,159.3134,151.4452,147.1693,146.7674,150.9289,153.6848,162.3404,150.2635,146.1911,151.6072,157.8898,159.0137,157.5998,157.4321,155.9246
Democratic People's Republic of Korea,Synthetic Fertilizers,Direct emissions (N2O),kilotonnes,0.4714,0.11,1.1396,0.8008,1.5601,1.392,1.8474,1.2843,1.2975,1.7311,2.1504,2.7072,1.9825,2.1091,1.7571,1.4707,2.0122,1.8736,2.8116,1.0812,0.469
Democratic People's Republic of Korea,Synthetic Fertilizers,Indirect emissions (N2O),kilotonnes,0.1532,0.0357,0.3704,0.2602,0.507,0.4524,0.6004,0.4174,0.4217,0.5626,0.6989,0.8799,0.6443,0.6854,0.5711,0.478,0.654,0.6089,0.9138,0.3514,0.1524
Democratic People's Republic of Korea,Synthetic Fertilizers,Emissions (N2O),kilotonnes,0.6246,0.1458,1.5099,1.061,2.0671,1.8444,2.4478,1.7017,1.7192,2.2937,2.8493,3.5871,2.6267,2.7945,2.3282,1.9487,2.6662,2.4825,3.7253,1.4326,0.6214
Democratic People's Republic of Korea,Synthetic Fertilizers,Emissions (CO2eq) from N2O (AR5),kilotonnes,165.5304,38.6237,400.1365,281.1699,547.7786,488.7731,648.6638,450.9608,455.5947,607.8235,755.0566,950.5783,696.0883,740.5418,616.9703,516.4161,706.5495,657.8507,987.2154,379.637,164.6652
Democratic People's Republic of Korea,Synthetic Fertilizers,Emissions (CO2eq) (AR5),kilotonnes,165.5304,38.6237,400.1365,281.1699,547.7786,488.7731,648.6638,450.9608,455.5947,607.8235,755.0566,950.5783,696.0883,740.5418,616.9703,516.4161,706.5495,657.8507,987.2154,379.637,164.6652
Democratic People's Republic of Korea,Drained organic soils,Emissions (CO2eq) (AR5),kilotonnes,142.4787,143.0323,143.0323,140.2112,138.2718,141.6911,141.6911,146.0661,146.0661,146.0661,146.0661,154.812,159.1898,159.2385,164.1693,168.5462,164.1693,164.1693,164.1693,173.2573,175.4461
Democratic People's Republic of Korea,Drained organic soils (CO2),Emissions (CO2),kilotonnes,120.0303,120.4967,120.4967,118.1208,116.4882,119.3695,119.3695,123.0553,123.0553,123.0553,123.0553,130.4236,134.1117,134.1526,138.3067,141.9942,138.3067,138.3067,138.3067,145.9633,147.8073
Democratic People's Republic of Korea,Drained organic soils (CO2),Emissions (CO2eq) (AR5),kilotonnes,120.0303,120.4967,120.4967,118.1208,116.4882,119.3695,119.3695,123.0553,123.0553,123.0553,123.0553,130.4236,134.1117,134.1526,138.3067,141.9942,138.3067,138.3067,138.3067,145.9633,147.8073
Democratic People's Republic of Korea,Drained organic soils (N2O),Emissions (N2O),kilotonnes,0.0847,0.085,0.085,0.0834,0.0822,0.0842,0.0842,0.0868,0.0868,0.0868,0.0868,0.092,0.0946,0.0947,0.0976,0.1002,0.0976,0.0976,0.0976,0.103,0.1043
Democratic People's Republic of Korea,Drained organic soils (N2O),Emissions (CO2eq) from N2O (AR5),kilotonnes,22.4484,22.5355,22.5355,22.0904,21.7836,22.3216,22.3216,23.0108,23.0108,23.0108,23.0108,24.3885,25.0781,25.0859,25.8626,26.552,25.8626,25.8626,25.8626,27.294,27.6388
Democratic People's Republic of Korea,Drained organic soils (N2O),Emissions (CO2eq) (AR5),kilotonnes,22.4484,22.5355,22.5355,22.0904,21.7836,22.3216,22.3216,23.0108,23.0108,23.0108,23.0108,24.3885,25.0781,25.0859,25.8626,26.552,25.8626,25.8626,25.8626,27.294,27.6388
Democratic People's Republic of Korea,On-farm energy use,Emissions (CH4),kilotonnes,19.2497,11.6526,10.2194,8.0854,6.5835,7.2627,7.0436,5.6229,5.879,3.3128,2.6353,1.7315,1.8187,1.1654,1.3537,1.0726,1.4658,1.1039,0.8428,0.7406,0.7406
Democratic People's Republic of Korea,On-farm energy use,Emissions (N2O),kilotonnes,0.1592,0.1102,0.1002,0.0853,0.0752,0.0694,0.0585,0.0552,0.056,0.0442,0.0405,0.0356,0.035,0.0343,0.0325,0.0321,0.0347,0.0311,0.0291,0.0285,0.0285
Democratic People's Republic of Korea,On-farm energy use,Emissions (CO2),kilotonnes,6243.6944,3822.2511,3362.4027,2677.6758,2196.8641,2385.0424,2287.9819,1851.421,1931.1691,1125.9755,911.3386,625.2217,649.7223,451.2133,502.6224,416.516,541.8804,422.9099,338.7555,305.9821,305.9821
Democratic People's Republic of Korea,On-farm energy use,Emissions (CO2eq) from CH4 (AR5),kilotonnes,538.9907,326.2732,286.1435,226.392,184.3379,203.3545,197.2208,157.441,164.6115,92.7589,73.789,48.4825,50.9241,32.631,37.9032,30.0326,41.0437,30.9093,23.5979,20.7368,20.7368
Democratic People's Republic of Korea,On-farm energy use,Emissions (CO2eq) from N2O (AR5),kilotonnes,42.198,29.2059,26.5511,22.5991,19.9231,18.4024,15.5064,14.6344,14.841,11.725,10.7267,9.4337,9.2639,9.08,8.6155,8.5107,9.189,8.235,7.7232,7.5448,7.5448
Democratic People's Republic of Korea,On-farm energy use,Emissions (CO2eq) (AR5),kilotonnes,6824.8831,4177.7302,3675.0973,2926.6668,2401.1251,2606.7992,2500.7091,2023.4964,2110.6217,1230.4595,995.8543,683.1379,709.9102,492.9243,549.141,455.0593,592.1131,462.0542,370.0766,334.2637,334.2637
Democratic People's Republic of Korea,Forestland,Emissions (CO2),kilotonnes,-307.6736,-1441.9921,-1441.9921,-1441.9921,-1441.9921,-1441.9921,-1441.9921,-1441.9921,-1441.9921,-1441.9921,-1441.9921,0,0,0,0,0,88.4413,88.4413,88.4413,88.4413,88.4413
Democratic People's Republic of Korea,Forestland,Emissions (CO2eq) (AR5),kilotonnes,-307.6736,-1441.9921,-1441.9921,-1441.9921,-1441.9921,-1441.9921,-1441.9921,-1441.9921,-1441.9921,-1441.9921,-1441.9921,0,0,0,0,0,88.4413,88.4413,88.4413,88.4413,88.4413
Democratic People's Republic of Korea,Net Forest conversion,Emissions (CO2),kilotonnes,6600.3309,3074.0332,3074.0332,3074.0332,3074.0332,3074.0332,3074.0332,3074.0332,3074.0332,3074.0332,3074.0332,3123.0745,3123.0745,3123.0745,3123.0745,3123.0745,3123.0745,3123.0745,3123.0745,3123.0745,3123.0745
Democratic People's Republic of Korea,Net Forest conversion,Emissions (CO2eq) (AR5),kilotonnes,6600.3309,3074.0332,3074.0332,3074.0332,3074.0332,3074.0332,3074.0332,3074.0332,3074.0332,3074.0332,3074.0332,3123.0745,3123.0745,3123.0745,3123.0745,3123.0745,3123.0745,3123.0745,3123.0745,3123.0745,3123.0745
Democratic People's Republic of Korea,Savanna fires,Emissions (CH4),kilotonnes,0.0091,0.073,0.067,0.1239,0.1492,0.1582,0.0604,0.0761,0.0968,0.3288,0.0309,0.3175,0.0194,0.0497,0.1962,0.1459,0.0084,0.0517,0.0735,0.1799,0.028
Democratic People's Republic of Korea,Savanna fires,Emissions (N2O),kilotonnes,0.0008,0.0067,0.0061,0.0113,0.0136,0.0144,0.0055,0.0069,0.0088,0.03,0.0028,0.029,0.0018,0.0045,0.0179,0.0133,0.0008,0.0047,0.0067,0.0164,0.0026
Democratic People's Republic of Korea,Savanna fires,Emissions (CO2eq) from CH4 (AR5),kilotonnes,0.2541,2.043,1.8764,3.4696,4.1776,4.4307,1.6923,2.1298,2.7104,9.2074,0.8654,8.8887,0.5444,1.3906,5.4946,4.0864,0.2363,1.4481,2.0579,5.0381,0.7851
Democratic People's Republic of Korea,Savanna fires,Emissions (CO2eq) from N2O (AR5),kilotonnes,0.2197,1.7654,1.6214,2.9982,3.61,3.8287,1.4624,1.8404,2.3421,7.9564,0.7479,7.681,0.4705,1.2017,4.7481,3.5312,0.2042,1.2514,1.7783,4.3535,0.6784
Democratic People's Republic of Korea,Savanna fires,Emissions (CO2eq) (AR5),kilotonnes,0.4738,3.8083,3.4978,6.4677,7.7875,8.2594,3.1547,3.9702,5.0524,17.1638,1.6133,16.5696,1.0149,2.5923,10.2427,7.6176,0.4405,2.6995,3.8362,9.3916,1.4635
Democratic People's Republic of Korea,Fires in organic soils,Emissions (CH4),kilotonnes,0,0,0,0,0,0,0,0,0,0,0,0,0,0,0,0,0,0,0,0,0
Democratic People's Republic of Korea,Fires in organic soils,Emissions (CO2),kilotonnes,0,0,0,0,0,0,0,0,0,0,0,0,0,0,0,0,0,0,0,0,0
Democratic People's Republic of Korea,Fires in organic soils,Emissions (CO2eq) from CH4 (AR5),kilotonnes,0,0,0,0,0,0,0,0,0,0,0,0,0,0,0,0,0,0,0,0,0
Democratic People's Republic of Korea,Fires in organic soils,Emissions (CO2eq) (AR5),kilotonnes,0,0,0,0,0,0,0,0,0,0,0,0,0,0,0,0,0,0,0,0,0
Democratic People's Republic of Korea,Forest fires,Emissions (CH4),kilotonnes,2.4195,1.8033,0.4234,0.5479,7.9374,2.5156,0.8818,0.2167,1.1959,5.2291,0.3785,2.4434,0.142,0.4932,7.1947,2.6674,0.0996,0.5258,1.7882,1.6889,0.0548
Democratic People's Republic of Korea,Forest fires,Emissions (N2O),kilotonnes,0.1338,0.1646,0.0387,0.05,0.7247,0.2297,0.0805,0.0198,0.1092,0.4774,0.0346,0.2231,0.013,0.045,0.6569,0.2435,0.0091,0.048,0.1633,0.1542,0.005
Democratic People's Republic of Korea,Forest fires,Emissions (CO2eq) from CH4 (AR5),kilotonnes,67.746,50.4912,11.8542,15.3422,222.2481,70.4373,24.6905,6.0678,33.4847,146.414,10.599,68.4144,3.9752,13.8103,201.4505,74.6864,2.7893,14.7218,50.0686,47.2882,1.5341
Democratic People's Republic of Korea,Forest fires,Emissions (CO2eq) from N2O (AR5),kilotonnes,35.4689,43.631,10.2435,13.2576,192.0513,60.867,21.3359,5.2434,28.9351,126.5208,9.1589,59.119,3.4351,11.9339,174.0795,64.5388,2.4103,12.7215,43.2658,40.8632,1.3257
Democratic People's Republic of Korea,Forest fires,Emissions (CO2eq) (AR5),kilotonnes,103.2149,94.1221,22.0977,28.5998,414.2994,131.3043,46.0264,11.3112,62.4198,272.9348,19.7579,127.5334,7.4103,25.7442,375.5299,139.2251,5.1997,27.4433,93.3343,88.1514,2.8598
Democratic People's Republic of Korea,Fires in humid tropical forests,Emissions (CH4),kilotonnes,0,0,0,0,0,0,0,0,0,0,0,0,0,0,0,0,0,0,0,0,0
Democratic People's Republic of Korea,Fires in humid tropical forests,Emissions (N2O),kilotonnes,0,0,0,0,0,0,0,0,0,0,0,0,0,0,0,0,0,0,0,0,0
Democratic People's Republic of Korea,Fires in humid tropical forests,Emissions (CO2eq) from CH4 (AR5),kilotonnes,0,0,0,0,0,0,0,0,0,0,0,0,0,0,0,0,0,0,0,0,0
Democratic People's Republic of Korea,Fires in humid tropical forests,Emissions (CO2eq) from N2O (AR5),kilotonnes,0,0,0,0,0,0,0,0,0,0,0,0,0,0,0,0,0,0,0,0,0
Democratic People's Republic of Korea,Fires in humid tropical forests,Emissions (CO2eq) (AR5),kilotonnes,0,0,0,0,0,0,0,0,0,0,0,0,0,0,0,0,0,0,0,0,0
Democratic People's Republic of Korea,Waste - agri-food systems,Emissions (CH4),kilotonnes,0,0,0,0,0,0,0,0,0,0,0,0,0,0,0,0,0,0,0,0,0
Democratic People's Republic of Korea,Waste - agri-food systems,Emissions (N2O),kilotonnes,0,0,0,0,0,0,0,0,0,0,0,0,0,0,0,0,0,0,0,0,0
Democratic People's Republic of Korea,Waste - agri-food systems,Emissions (CO2),kilotonnes,0,0,0,0,0,0,0,0,0,0,0,0,0,0,0,0,0,0,0,0,0
Democratic People's Republic of Korea,Waste - agri-food systems,Emissions (CO2eq) from CH4 (AR5),kilotonnes,0,0,0,0,0,0,0,0,0,0,0,0,0,0,0,0,0,0,0,0,0
Democratic People's Republic of Korea,Waste - agri-food systems,Emissions (CO2eq) from N2O (AR5),kilotonnes,0,0,0,0,0,0,0,0,0,0,0,0,0,0,0,0,0,0,0,0,0
Democratic People's Republic of Korea,Waste - agri-food systems,Emissions (CO2eq) (AR5),kilotonnes,0,0,0,0,0,0,0,0,0,0,0,0,0,0,0,0,0,0,0,0,0
Democratic People's Republic of Korea,On-farm electricity use,Emissions (CH4),kilotonnes,0,0,0,0,0,0,0,0,0,0,0,0,0,0,0,0,0,0,0,0,0
Democratic People's Republic of Korea,On-farm electricity use,Emissions (N2O),kilotonnes,0,0,0,0,0,0,0,0,0,0,0,0,0,0,0,0,0,0,0,0,0
Democratic People's Republic of Korea,On-farm electricity use,Emissions (CO2),kilotonnes,0,0,0,0,0,0,0,0,0,0,0,0,0,0,0,0,0,0,0,0,0
Democratic People's Republic of Korea,On-farm electricity use,Emissions (CO2eq) from CH4 (AR5),kilotonnes,0,0,0,0,0,0,0,0,0,0,0,0,0,0,0,0,0,0,0,0,0
Democratic People's Republic of Korea,On-farm electricity use,Emissions (CO2eq) from N2O (AR5),kilotonnes,0,0,0,0,0,0,0,0,0,0,0,0,0,0,0,0,0,0,0,0,0
Democratic People's Republic of Korea,On-farm electricity use,Emissions (CO2eq) (AR5),kilotonnes,0,0,0,0,0,0,0,0,0,0,0,0,0,0,0,0,0,0,0,0,0
Democratic People's Republic of Korea,Food Processing,Emissions (CH4),kilotonnes,39.1777,40.6964,43.5529,45.3725,49.1252,56.0251,57.4261,51.6214,57.6414,44.5435,45.4059,44.7982,46.2345,49.5209,39.5982,41.5209,48.0302,33.5701,32.8506,35.1547,34.0952
Democratic People's Republic of Korea,Food Processing,Emissions (N2O),kilotonnes,0.0101,0.0096,0.0094,0.0099,0.0101,0.0104,0.0106,0.0088,0.0097,0.0073,0.0067,0.0051,0.0054,0.0042,0.0037,0.003,0.0034,0.0028,0.0024,0.0015,0.001
Democratic People's Republic of Korea,Food Processing,Emissions (CO2),kilotonnes,1074.649,1108.5595,1060.538,1072.4486,1092.0063,1155.7677,1153.1504,947.4097,1027.8531,805.5632,720.015,547.9256,598.9636,385.2401,353.7802,283.4381,322.4334,243.1384,246.9362,357.4681,354.2764
Democratic People's Republic of Korea,Food Processing,Emissions (CO2eq) from CH4 (AR5),kilotonnes,1096.9756,1139.4992,1219.4812,1270.43,1375.5056,1568.7028,1607.9308,1445.3992,1613.9592,1247.218,1271.3652,1254.3496,1294.566,1386.5852,1108.7496,1162.5852,1344.8456,939.9628,919.8168,984.3316,954.6668
Democratic People's Republic of Korea,Food Processing,Emissions (CO2eq) from N2O (AR5),kilotonnes,2.6765,2.544,2.491,2.6235,2.6765,2.756,2.809,2.332,2.5705,1.9345,1.7755,1.3515,1.431,1.113,0.9805,0.795,0.901,0.742,0.636,0.3975,0.2734
Democratic People's Republic of Korea,Food Processing,Emissions (CO2eq) (AR5),kilotonnes,2174.3011,2250.6027,2282.5102,2345.5021,2470.1884,2727.2265,2763.8902,2395.1409,2644.3828,2054.7157,1993.1557,1803.6267,1894.9606,1772.9383,1463.5103,1446.8183,1668.18,1183.8432,1167.389,1342.1972,1309.2166
Democratic People's Republic of Korea,Food Packaging,Emissions (CH4),kilotonnes,10.8295,11.1435,11.6473,12.2757,13.1937,15.2477,15.8048,14.2231,14.8652,11.9608,12.4382,12.2842,12.3996,12.7041,12.6645,12.6519,14.3964,10.3119,10.8232,14.4496,14.0141
Democratic People's Republic of Korea,Food Packaging,Emissions (N2O),kilotonnes,0.0059,0.0058,0.0053,0.0055,0.0058,0.0064,0.0065,0.0055,0.0058,0.0046,0.0044,0.0034,0.0034,0.0026,0.0028,0.0023,0.0025,0.002,0.0017,0.0016,0.0011
Democratic People's Republic of Korea,Food Packaging,Emissions (CO2),kilotonnes,546.5425,565.4828,519.846,515.6493,548.8983,593.8897,603.0129,489.0419,508.6425,401.4762,367.0545,266.8394,276.0672,189.5147,212.695,168.3955,186.176,140.6909,198.7285,110.9939,110.0029
Democratic People's Republic of Korea,Food Packaging,Emissions (CO2eq) from CH4 (AR5),kilotonnes,303.226,312.018,326.1244,343.7196,369.4236,426.9356,442.5344,398.2468,416.2256,334.9024,348.2696,343.9576,347.1888,355.7148,354.606,354.2532,403.0992,288.7332,303.0496,404.5888,392.3957
Democratic People's Republic of Korea,Food Packaging,Emissions (CO2eq) from N2O (AR5),kilotonnes,1.5635,1.537,1.4045,1.4575,1.537,1.696,1.7225,1.4575,1.537,1.219,1.166,0.901,0.901,0.689,0.742,0.6095,0.6625,0.53,0.4505,0.424,0.2916
Democratic People's Republic of Korea,Food Packaging,Emissions (CO2eq) (AR5),kilotonnes,851.332,879.0378,847.3749,860.8264,919.8589,1022.5213,1047.2698,888.7462,926.4051,737.5976,716.4901,611.698,624.157,545.9185,568.043,523.2582,589.9377,429.9541,502.2286,516.0067,502.6902
Democratic People's Republic of Korea,Food Retail,Emissions (CO2eq) from F-gases (AR5),kilotonnes,2015.66,2306.58,2545.0305,2762.1815,2963.228,3303.5005,3544.5485,3786.116,3836.5075,3863.002,3878.0675,3887.4185,3894.172,3899.8865,3899.8865,3899.8865,4150.2855,4216.262,4282.2385,4348.215,4534.4106
Democratic People's Republic of Korea,Food Retail,Emissions (CO2eq) (AR5),kilotonnes,2015.66,2306.58,2545.0305,2762.1815,2963.228,3303.5005,3544.5485,3786.116,3836.5075,3863.002,3878.0675,3887.4185,3894.172,3899.8865,3899.8865,3899.8865,4150.2855,4216.262,4282.2385,4348.215,4534.4106
Democratic People's Republic of Korea,Food Household Consumption,Emissions (CH4),kilotonnes,0.0024,0.0035,0.0035,0.0035,0.0035,0.0028,0.0022,0.0027,0.0027,0.0032,0.0033,0.0033,0.0033,0.0036,0.0034,0.0034,0.0034,0.0034,0.0034,0.0034,0.0033
Democratic People's Republic of Korea,Food Household Consumption,Emissions (N2O),kilotonnes,0.0001,0.0002,0.0002,0.0002,0.0002,0.0002,0.0001,0.0002,0.0002,0.0002,0.0002,0.0002,0.0002,0.0002,0.0002,0.0002,0.0002,0.0002,0.0002,0.0002,0.0001
Democratic People's Republic of Korea,Food Household Consumption,Emissions (CO2),kilotonnes,17.194,25.4726,25.4726,24.8358,24.8358,20.3781,15.9204,19.1044,19.7413,22.9253,23.5621,23.5621,23.5621,26.1094,24.199,24.199,24.199,24.199,24.199,24.199,23.9829
Democratic People's Republic of Korea,Food Household Consumption,Emissions (CO2eq) from CH4 (AR5),kilotonnes,0.0672,0.098,0.098,0.098,0.098,0.0784,0.0616,0.0756,0.0756,0.0896,0.0924,0.0924,0.0924,0.1008,0.0952,0.0952,0.0952,0.0952,0.0952,0.0952,0.0923
Democratic People's Republic of Korea,Food Household Consumption,Emissions (CO2eq) from N2O (AR5),kilotonnes,0.0265,0.053,0.053,0.053,0.053,0.053,0.0265,0.053,0.053,0.053,0.053,0.053,0.053,0.053,0.053,0.053,0.053,0.053,0.053,0.053,0.0365
Democratic People's Republic of Korea,Food Household Consumption,Emissions (CO2eq) (AR5),kilotonnes,17.2877,25.6236,25.6236,24.9868,24.9868,20.5095,16.0085,19.233,19.8699,23.0679,23.7075,23.7075,23.7075,26.2632,24.3472,24.3472,24.3472,24.3472,24.3472,24.3472,24.1117
Democratic People's Republic of Korea,Food Transport,Emissions (CH4),kilotonnes,0.0384,0.0404,0.0406,0.0397,0.0401,0.0339,0.0259,0.0305,0.0312,0.0345,0.0349,0.0349,0.0347,0.038,0.0351,0.0361,0.0366,0.0359,0.0355,0.0143,0.0139
Democratic People's Republic of Korea,Food Transport,Emissions (N2O),kilotonnes,0.0038,0.0038,0.0039,0.0039,0.004,0.0035,0.0027,0.0032,0.0033,0.0036,0.0036,0.0036,0.0036,0.0039,0.0037,0.0038,0.0039,0.0038,0.0038,0.0021,0.0014
Democratic People's Republic of Korea,Food Transport,Emissions (CO2),kilotonnes,188.1,172.7,172.7,168.3,170.5,143,109.67,130.9,134.2,145.2,145.2,146.3,145.2,158.4,147.4,155.1,159.5,154,152.9,74.8553,74.1869
Democratic People's Republic of Korea,Food Transport,Emissions (CO2eq) from CH4 (AR5),kilotonnes,1.0752,1.1312,1.1368,1.1116,1.1228,0.9492,0.7252,0.854,0.8736,0.966,0.9772,0.9772,0.9716,1.064,0.9828,1.0108,1.0248,1.0052,0.994,0.4004,0.3883
Democratic People's Republic of Korea,Food Transport,Emissions (CO2eq) from N2O (AR5),kilotonnes,1.007,1.007,1.0335,1.0335,1.06,0.9275,0.7155,0.848,0.8745,0.954,0.954,0.954,0.954,1.0335,0.9805,1.007,1.0335,1.007,1.007,0.5565,0.3827
Democratic People's Republic of Korea,Food Transport,Emissions (CO2eq) (AR5),kilotonnes,190.1822,174.8382,174.8703,170.4451,172.6828,144.8767,111.1107,132.602,135.9481,147.12,147.1312,148.2312,147.1256,160.4975,149.3633,157.1178,161.5583,156.0122,154.901,75.8122,74.958
Democratic People's Republic of Korea,Energy,Emissions (CH4),kilotonnes,474,485,468,482,505,549,556,484,515,405,405,407,413,426,433,443,497,355,343,365,354
Democratic People's Republic of Korea,Energy,Emissions (N2O),kilotonnes,1.22,1.25,1.2,1.23,1.25,1.31,1.33,1.12,1.23,0.963,0.908,0.678,0.703,0.532,0.588,0.49,0.533,0.445,0.381,0.237,0.163
Democratic People's Republic of Korea,Energy,Emissions (CO2),kilotonnes,67700,70000,66900,68300,69900,73100,74200,61500,68300,51400,48000,34000,35400,24800,28300,22400,25200,19400,20500,22400,22200
Democratic People's Republic of Korea,Energy,Emissions (CO2eq) from CH4 (AR5),kilotonnes,13272,13580,13104,13496,14140,15372,15568,13552,14420,11340,11340,11396,11564,11928,12124,12404,13916,9940,9604,10220,9912
Democratic People's Republic of Korea,Energy,Emissions (CO2eq) from N2O (AR5),kilotonnes,323.3,331.25,318,325.95,331.25,347.15,352.45,296.8,325.95,255.195,240.62,179.67,186.295,140.98,155.82,129.85,141.245,117.925,100.965,62.805,43.195
Democratic People's Republic of Korea,Energy,Emissions (CO2eq) (AR5),kilotonnes,81295.3,83911.25,80322,82121.95,84371.25,88819.15,90120.45,75348.8,83045.95,62995.195,59580.62,45575.67,47150.295,36868.98,40579.82,34933.85,39257.245,29457.925,30204.965,32682.805,32155.195
Democratic People's Republic of Korea,IPPU,Emissions (CH4),kilotonnes,0.237,0.237,0.237,0.237,0.237,0.237,0.237,0.237,0.226,0.0627,0.0633,0.064,0.0646,0.0642,0.73,0.728,0.746,0.834,0.795,0.741,0.789
Democratic People's Republic of Korea,IPPU,Emissions (N2O),kilotonnes,1,1,1,0.279,0.0002,0.0002,0.0002,0.0002,0.0002,0.0002,0.0002,0.0002,0.0002,0.0002,0.0002,0.0002,0.0002,0.0002,0.0002,0.0002,0.0002
Democratic People's Republic of Korea,IPPU,Emissions (CO2),kilotonnes,3070,3270,3320,3420,3460,3560,3620,3560,3190,3070,3150,3490,2930,3020,4310,4310,4490,4560,4110,3830,3920
Democratic People's Republic of Korea,IPPU,Emissions (CO2eq) from F-gases (AR5),kilotonnes,1943.5092,2147.5776,2439.104,2682.0426,2915.2637,3119.3322,3459.4463,3712.1025,4188.2623,4460.3535,4742.1624,5140.5817,5461.2608,5781.9398,6102.6188,6423.2978,6753.6944,7074.3734,7395.0524,7715.7314,8046.1279
Democratic People's Republic of Korea,IPPU,Emissions (CO2eq) from CH4 (AR5),kilotonnes,6.636,6.636,6.636,6.636,6.636,6.636,6.636,6.636,6.328,1.7556,1.7724,1.792,1.8088,1.7976,20.44,20.384,20.888,23.352,22.26,20.748,22.092
Democratic People's Republic of Korea,IPPU,Emissions (CO2eq) from N2O (AR5),kilotonnes,265,265,265,73.935,0.0504,0.0506,0.0509,0.0514,0.0517,0.0519,0.0522,0.0525,0.0527,0.053,0.0533,0.0535,0.0538,0.0541,0.0543,0.0546,0.0549
Democratic People's Republic of Korea,IPPU,Emissions (CO2eq) (AR5),kilotonnes,5285.1452,5689.2136,6030.74,6182.6136,6381.9501,6686.0188,7086.1332,7278.7899,7384.6419,7532.1611,7893.987,8632.4262,8393.1223,8803.7904,10433.112,10753.7353,11264.6361,11657.7794,11527.3667,11566.534,11988.2748
Democratic People's Republic of Korea,Waste,Emissions (CH4),kilotonnes,215,216,217,219,221,223,225,226,226,229,228,228,229,231,233,234,236,238,240,239,240
Democratic People's Republic of Korea,Waste,Emissions (N2O),kilotonnes,0.877,0.884,0.892,0.891,0.907,0.899,0.896,0.886,0.875,0.874,0.869,0.874,0.872,0.877,0.872,0.87,0.87,0.863,0.856,0.855,0.852
Democratic People's Republic of Korea,Waste,Emissions (CO2),kilotonnes,8.93,9.17,9.4,9.5,9.58,9.67,9.74,9.82,9.88,9.96,10,10.1,10.2,10.3,10.4,10.5,10.5,10.6,10.7,10.8,10.8
Democratic People's Republic of Korea,Waste,Emissions (CO2eq) from CH4 (AR5),kilotonnes,6020,6048,6076,6132,6188,6244,6300,6328,6328,6412,6384,6384,6412,6468,6524,6552,6608,6664,6720,6692,6720
Democratic People's Republic of Korea,Waste,Emissions (CO2eq) from N2O (AR5),kilotonnes,232.405,234.26,236.38,236.115,240.355,238.235,237.44,234.79,231.875,231.61,230.285,231.61,231.08,232.405,231.08,230.55,230.55,228.695,226.84,226.575,225.78
Democratic People's Republic of Korea,Waste,Emissions (CO2eq) (AR5),kilotonnes,6261.335,6291.43,6321.78,6377.615,6437.935,6491.905,6547.18,6572.61,6569.755,6653.57,6624.285,6625.71,6653.28,6710.705,6765.48,6793.05,6849.05,6903.295,6957.54,6929.375,6956.58
Democratic People's Republic of Korea,Other,Emissions (N2O),kilotonnes,1.22,1.25,1.21,1.23,1.26,1.3,1.3,1.11,1.22,0.961,0.907,0.692,0.712,0.557,0.605,0.518,0.563,0.476,0.414,0.275,0.205
Democratic People's Republic of Korea,Other,Emissions (CO2eq) from N2O (AR5),kilotonnes,323.3,331.25,320.65,325.95,333.9,344.5,344.5,294.15,323.3,254.665,240.355,183.38,188.68,147.605,160.325,137.27,149.195,126.14,109.71,72.875,54.325
Democratic People's Republic of Korea,Other,Emissions (CO2eq) (AR5),kilotonnes,323.3,331.25,320.65,325.95,333.9,344.5,344.5,294.15,323.3,254.665,240.355,183.38,188.68,147.605,160.325,137.27,149.195,126.14,109.71,72.875,54.325
Democratic People's Republic of Korea,Farm-gate emissions,Emissions (CH4),kilotonnes,168.6196,168.9195,170.1932,168.7508,166.7411,168.7379,168.4886,166.863,164.748,162.7567,162.1904,162.3701,162.6814,157.3534,152.9229,142.6053,144.364,145.1984,143.9961,143.2173,143.9204
Democratic People's Republic of Korea,Farm-gate emissions,Direct emissions (N2O),kilotonnes,2.7728,2.6437,3.7888,3.5035,4.2849,4.1711,4.6256,3.9734,4.1128,4.526,4.9778,5.5935,4.9279,5.0246,4.6526,4.3063,4.8573,4.6961,5.5274,4.0288,3.3049
Democratic People's Republic of Korea,Farm-gate emissions,Indirect emissions (N2O),kilotonnes,0.858,0.8091,1.1778,1.0831,1.3365,1.3015,1.4526,1.253,1.2914,1.4332,1.5783,1.7785,1.5624,1.5902,1.4683,1.3648,1.5467,1.4973,1.775,1.268,1.0452
Democratic People's Republic of Korea,Farm-gate emissions,Emissions (N2O),kilotonnes,4.6557,4.4402,5.9578,5.5726,6.5967,6.4576,7.0007,6.1134,6.2666,6.8282,7.4077,8.2545,7.3992,7.4687,6.9738,6.5437,7.2895,7.08,8.1865,6.1904,5.2232
Democratic People's Republic of Korea,Farm-gate emissions,Emissions (CO2),kilotonnes,6363.7248,3942.7478,3482.8994,2795.7966,2313.3523,2504.4119,2407.3514,1974.4763,2054.2245,1249.0309,1034.3939,755.6453,783.834,585.3659,640.9291,558.5102,680.1871,561.2166,477.0622,451.9455,453.7894
Democratic People's Republic of Korea,Farm-gate emissions,Emissions (CO2eq) from CH4 (AR5),kilotonnes,4721.3481,4729.7462,4765.4088,4725.0219,4668.7498,4724.6609,4717.6802,4672.1639,4612.9451,4557.187,4541.3315,4546.3637,4555.0784,4405.8949,4281.8419,3992.9495,4042.1932,4065.556,4031.8898,4010.0834,4029.7701
Democratic People's Republic of Korea,Farm-gate emissions,Emissions (CO2eq) from N2O (AR5),kilotonnes,1233.7711,1176.64,1578.8104,1476.7402,1748.1269,1711.2687,1855.1923,1620.0577,1660.6453,1809.4779,1963.0319,2187.437,1960.7966,1979.2018,1848.0702,1734.0769,1931.7169,1876.2021,2169.4149,1640.4668,1384.1494
Democratic People's Republic of Korea,Farm-gate emissions,Emissions (CO2eq) (AR5),kilotonnes,12318.844,9849.134,9827.1187,8997.5587,8730.229,8940.3415,8980.2239,8266.6978,8327.8148,7615.6957,7538.7573,7489.446,7299.709,6970.4625,6770.8412,6285.5367,6654.0971,6502.9747,6678.367,6102.4957,5867.709
Democratic People's Republic of Korea,Land Use change,Emissions (CH4),kilotonnes,0,0,0,0,0,0,0,0,0,0,0,0,0,0,0,0,0,0,0,0,0
Democratic People's Republic of Korea,Land Use change,Emissions (N2O),kilotonnes,0,0,0,0,0,0,0,0,0,0,0,0,0,0,0,0,0,0,0,0,0
Democratic People's Republic of Korea,Land Use change,Emissions (CO2),kilotonnes,6600.3309,3074.0332,3074.0332,3074.0332,3074.0332,3074.0332,3074.0332,3074.0332,3074.0332,3074.0332,3074.0332,3123.0745,3123.0745,3123.0745,3123.0745,3123.0745,3123.0745,3123.0745,3123.0745,3123.0745,3123.0745
Democratic People's Republic of Korea,Land Use change,Emissions (CO2eq) from CH4 (AR5),kilotonnes,0,0,0,0,0,0,0,0,0,0,0,0,0,0,0,0,0,0,0,0,0
Democratic People's Republic of Korea,Land Use change,Emissions (CO2eq) from N2O (AR5),kilotonnes,0,0,0,0,0,0,0,0,0,0,0,0,0,0,0,0,0,0,0,0,0
Democratic People's Republic of Korea,Land Use change,Emissions (CO2eq) (AR5),kilotonnes,6600.3309,3074.0332,3074.0332,3074.0332,3074.0332,3074.0332,3074.0332,3074.0332,3074.0332,3074.0332,3074.0332,3123.0745,3123.0745,3123.0745,3123.0745,3123.0745,3123.0745,3123.0745,3123.0745,3123.0745,3123.0745
Democratic People's Republic of Korea,Emissions on agricultural land,Emissions (CH4),kilotonnes,168.6196,168.9195,170.1932,168.7508,166.7411,168.7379,168.4886,166.863,164.748,162.7567,162.1904,162.3701,162.6814,157.3534,152.9229,142.6053,144.364,145.1984,143.9961,143.2173,143.9204
Democratic People's Republic of Korea,Emissions on agricultural land,Emissions (N2O),kilotonnes,4.6557,4.4402,5.9578,5.5726,6.5967,6.4576,7.0007,6.1134,6.2666,6.8282,7.4077,8.2545,7.3992,7.4687,6.9738,6.5437,7.2895,7.08,8.1865,6.1904,5.2232
Democratic People's Republic of Korea,Emissions on agricultural land,Emissions (CO2),kilotonnes,12964.0556,7016.7811,6556.9326,5869.8298,5387.3855,5578.4451,5481.3846,5048.5095,5128.2577,4323.0641,4108.4271,3878.7198,3906.9085,3708.4404,3764.0036,3681.5848,3803.2616,3684.2911,3600.1368,3575.02,3576.864
Democratic People's Republic of Korea,Emissions on agricultural land,Emissions (CO2eq) from CH4 (AR5),kilotonnes,4721.3481,4729.7462,4765.4088,4725.0219,4668.7498,4724.6609,4717.6802,4672.1639,4612.9451,4557.187,4541.3315,4546.3637,4555.0784,4405.8949,4281.8419,3992.9495,4042.1932,4065.556,4031.8898,4010.0834,4029.7701
Democratic People's Republic of Korea,Emissions on agricultural land,Emissions (CO2eq) from N2O (AR5),kilotonnes,1233.7711,1176.64,1578.8104,1476.7402,1748.1269,1711.2687,1855.1923,1620.0577,1660.6453,1809.4779,1963.0319,2187.437,1960.7966,1979.2018,1848.0702,1734.0769,1931.7169,1876.2021,2169.4149,1640.4668,1384.1494
Democratic People's Republic of Korea,Emissions on agricultural land,Emissions (CO2eq) (AR5),kilotonnes,18919.1749,12923.1673,12901.1519,12071.5919,11804.2622,12014.3747,12054.2571,11340.7311,11401.8481,10689.729,10612.7905,10612.5206,10422.7835,10093.5371,9893.9157,9408.6113,9777.1717,9626.0493,9801.4415,9225.5702,8990.7835
Democratic People's Republic of Korea,Pre- and post- production,Emissions (CH4),kilotonnes,50.048,51.8838,55.2443,57.6914,62.3625,71.3095,73.259,65.8777,72.5405,56.542,57.8823,57.1206,58.6721,62.2666,52.3012,54.2123,62.4666,43.9213,43.7127,49.622,48.1265
Democratic People's Republic of Korea,Pre- and post- production,Emissions (N2O),kilotonnes,0.0199,0.0194,0.0188,0.0195,0.0201,0.0205,0.0199,0.0177,0.019,0.0157,0.0149,0.0123,0.0126,0.0109,0.0104,0.0093,0.01,0.0088,0.0081,0.0054,0.0037
Democratic People's Republic of Korea,Pre- and post- production,Emissions (CO2),kilotonnes,1826.4855,1872.2149,1778.5566,1781.2337,1836.2404,1913.0355,1881.7537,1586.456,1690.4369,1375.1647,1255.8316,984.6271,1043.7929,759.2642,738.0742,631.1326,692.3084,562.0283,622.7637,567.5163,562.4492
Democratic People's Republic of Korea,Pre- and post- production,Emissions (CO2eq) from F-gases (AR5),kilotonnes,2015.66,2306.58,2545.0305,2762.1815,2963.228,3303.5005,3544.5485,3786.116,3836.5075,3863.002,3878.0675,3887.4185,3894.172,3899.8865,3899.8865,3899.8865,4150.2855,4216.262,4282.2385,4348.215,4534.4106
Democratic People's Republic of Korea,Pre- and post- production,Emissions (CO2eq) from CH4 (AR5),kilotonnes,1401.344,1452.7464,1546.8404,1615.3592,1746.15,1996.666,2051.252,1844.5756,2031.134,1583.176,1620.7044,1599.3768,1642.8188,1743.4648,1464.4336,1517.9444,1749.0648,1229.7964,1223.9556,1389.416,1347.5432
Democratic People's Republic of Korea,Pre- and post- production,Emissions (CO2eq) from N2O (AR5),kilotonnes,5.2735,5.141,4.982,5.1675,5.3265,5.4325,5.2735,4.6905,5.035,4.1605,3.9485,3.2595,3.339,2.8885,2.756,2.4645,2.65,2.332,2.1465,1.431,0.9842
Democratic People's Republic of Korea,Pre- and post- production,Emissions (CO2eq) (AR5),kilotonnes,5248.763,5636.6823,5875.4095,6163.9419,6550.9449,7218.6345,7482.8277,7221.8381,7563.1134,6825.5032,6758.552,6474.6819,6584.1227,6405.504,6105.1503,6051.428,6594.3087,6010.4187,6131.1043,6306.5783,6445.3872
Democratic People's Republic of Korea,Agri-food systems,Emissions (CH4),kilotonnes,218.6676,220.8033,225.4375,226.4422,229.1036,240.0474,241.7476,232.7407,237.2885,219.2987,220.0727,219.4907,221.3535,219.62,205.2241,196.8176,206.8306,189.1197,187.7088,192.8393,192.0469
Democratic People's Republic of Korea,Agri-food systems,Emissions (N2O),kilotonnes,4.6756,4.4596,5.9766,5.5921,6.6168,6.4781,7.0206,6.1311,6.2856,6.8439,7.4226,8.2668,7.4118,7.4796,6.9842,6.553,7.2995,7.0888,8.1946,6.1958,5.2269
Democratic People's Republic of Korea,Agri-food systems,Emissions (CO2),kilotonnes,14790.5411,8888.996,8335.4892,7651.0635,7223.6259,7491.4806,7363.1383,6634.9655,6818.6946,5698.2288,5364.2587,4863.3469,4950.7014,4467.7046,4502.0778,4312.7174,4495.57,4246.3194,4222.9005,4142.5363,4139.3132
Democratic People's Republic of Korea,Agri-food systems,Emissions (CO2eq) from F-gases (AR5),kilotonnes,2015.66,2306.58,2545.0305,2762.1815,2963.228,3303.5005,3544.5485,3786.116,3836.5075,3863.002,3878.0675,3887.4185,3894.172,3899.8865,3899.8865,3899.8865,4150.2855,4216.262,4282.2385,4348.215,4534.4106
Democratic People's Republic of Korea,Agri-food systems,Emissions (CO2eq) from CH4 (AR5),kilotonnes,6122.6921,6182.4926,6312.2492,6340.3811,6414.8998,6721.3269,6768.9322,6516.7395,6644.0791,6140.363,6162.0359,6145.7405,6197.8972,6149.3597,5746.2755,5510.8939,5791.258,5295.3524,5255.8454,5399.4994,5377.3133
Democratic People's Republic of Korea,Agri-food systems,Emissions (CO2eq) from N2O (AR5),kilotonnes,1239.0446,1181.781,1583.7924,1481.9077,1753.4534,1716.7012,1860.4658,1624.7482,1665.6803,1813.6384,1966.9804,2190.6965,1964.1356,1982.0903,1850.8262,1736.5414,1934.3669,1878.5341,2171.5614,1641.8978,1385.1336
Democratic People's Republic of Korea,Agri-food systems,Emissions (CO2eq) (AR5),kilotonnes,24167.9379,18559.8496,18776.5614,18235.5338,18355.2071,19233.0092,19537.0848,18562.5692,18964.9615,17515.2322,17371.3425,17087.2025,17006.9062,16499.0411,15999.066,15460.0393,16371.4804,15636.468,15932.5458,15532.1485,15436.1707
Democratic People's Republic of Korea,IPCC Agriculture,Emissions (CH4),kilotonnes,149.3699,157.2669,159.9738,160.6654,160.1576,161.4752,161.445,161.2401,158.8691,159.4439,159.5551,160.6386,160.8627,156.188,151.5692,141.5327,142.8982,144.0945,143.1533,142.4767,143.1798
Democratic People's Republic of Korea,IPCC Agriculture,Emissions (CH4),kilotonnes,130,,134,,,,,,,,,,,,,,,,,,
Democratic People's Republic of Korea,IPCC Agriculture,Direct emissions (N2O),kilotonnes,2.7728,2.6437,3.7888,3.5035,4.2849,4.1711,4.6256,3.9734,4.1128,4.526,4.9778,5.5935,4.9279,5.0246,4.6526,4.3063,4.8573,4.6961,5.5274,4.0288,3.3049
Democratic People's Republic of Korea,IPCC Agriculture,Indirect emissions (N2O),kilotonnes,0.858,0.8091,1.1778,1.0831,1.3365,1.3015,1.4526,1.253,1.2914,1.4332,1.5783,1.7785,1.5624,1.5902,1.4683,1.3648,1.5467,1.4973,1.775,1.268,1.0452
Democratic People's Republic of Korea,IPCC Agriculture,Emissions (N2O),kilotonnes,4.4965,4.3299,5.8576,5.4873,6.5215,6.3882,6.9422,6.0582,6.2106,6.784,7.3672,8.2189,7.3643,7.4344,6.9413,6.5116,7.2548,7.0489,8.1573,6.162,5.1947
Democratic People's Republic of Korea,IPCC Agriculture,Emissions (N2O),kilotonnes,,,,,,,,,,,,,,,,,,,,,
Democratic People's Republic of Korea,IPCC Agriculture,Emissions (CO2eq) from CH4 (AR5),kilotonnes,4182.3575,4403.4729,4479.2654,4498.6299,4484.4119,4521.3064,4520.4594,4514.7228,4448.3336,4464.428,4467.5425,4497.8812,4504.1543,4373.2639,4243.9387,3962.917,4001.1495,4034.6467,4008.292,3989.3466,4009.0333
Democratic People's Republic of Korea,IPCC Agriculture,Emissions (CO2eq) from CH4 (AR5),kilotonnes,3640,,3752,,,,,,,,,,,,,,,,,,
Democratic People's Republic of Korea,IPCC Agriculture,Emissions (CO2eq) from N2O (AR5),kilotonnes,1191.5731,1147.4342,1552.2593,1454.1411,1728.2038,1692.8664,1839.6859,1605.4233,1645.8042,1797.7529,1952.3052,2178.0034,1951.5327,1970.1218,1839.4547,1725.5662,1922.5278,1867.967,2161.6917,1632.922,1376.6046
Democratic People's Republic of Korea,IPCC Agriculture,Emissions (CO2eq) from N2O (AR5),kilotonnes,,,,,,,,,,,,,,,,,,,,,
Democratic People's Republic of Korea,IPCC Agriculture,Emissions (CO2eq) (AR5),kilotonnes,5373.9306,5550.9071,6031.5246,5952.771,6212.6157,6214.1727,6360.1453,6120.1461,6094.1378,6262.1809,6419.8477,6675.8846,6455.687,6343.3857,6083.3935,5688.4832,5923.6773,5902.6138,6169.9837,5622.2686,5385.638
Democratic People's Republic of Korea,IPCC Agriculture,Emissions (CO2eq) (AR5),kilotonnes,3640,,3752,,,,,,,,,,,,,,,,,,
Democratic People's Republic of Korea,Agricultural Soils,Direct emissions (N2O),kilotonnes,2.7728,2.6437,3.7888,3.5035,4.2849,4.1711,4.6256,3.9734,4.1128,4.526,4.9778,5.5935,4.9279,5.0246,4.6526,4.3063,4.8573,4.6961,5.5274,4.0288,3.3049
Democratic People's Republic of Korea,Agricultural Soils,Indirect emissions (N2O),kilotonnes,0.858,0.8091,1.1778,1.0831,1.3365,1.3015,1.4526,1.253,1.2914,1.4332,1.5783,1.7785,1.5624,1.5902,1.4683,1.3648,1.5467,1.4973,1.775,1.268,1.0452
Democratic People's Republic of Korea,Agricultural Soils,Emissions (N2O),kilotonnes,3.7155,3.5378,5.0517,4.6699,5.7037,5.5569,6.1624,5.3132,5.491,6.0461,6.6429,7.464,6.5849,6.7095,6.2185,5.7712,6.5016,6.291,7.4,5.3998,4.4544
Democratic People's Republic of Korea,Agricultural Soils,Emissions (N2O),kilotonnes,,,,,,,,,,,,,,,,,,,,,
Democratic People's Republic of Korea,Agricultural Soils,Emissions (CO2eq) from N2O (AR5),kilotonnes,984.6144,937.5215,1338.69,1237.5308,1511.4767,1472.5672,1633.0314,1408.0084,1455.1166,1602.2187,1760.3655,1977.9593,1745.0108,1778.0048,1647.9147,1529.3782,1722.928,1667.1159,1960.9989,1430.9438,1180.4245
Democratic People's Republic of Korea,Agricultural Soils,Emissions (CO2eq) from N2O (AR5),kilotonnes,,,,,,,,,,,,,,,,,,,,,
Democratic People's Republic of Korea,Agricultural Soils,Emissions (CO2eq) (AR5),kilotonnes,984.6144,937.5215,1338.69,1237.5308,1511.4767,1472.5672,1633.0314,1408.0084,1455.1166,1602.2187,1760.3655,1977.9593,1745.0108,1778.0048,1647.9147,1529.3782,1722.928,1667.1159,1960.9989,1430.9438,1180.4245
Democratic People's Republic of Korea,Agricultural Soils,Emissions (CO2eq) (AR5),kilotonnes,,,,,,,,,,,,,,,,,,,,,
Democratic People's Republic of Korea,LULUCF,Emissions (CH4),kilotonnes,2.4195,1.8033,0.4234,0.5479,7.9374,2.5156,0.8818,0.2167,1.1959,5.2291,0.3785,2.4434,0.142,0.4932,7.1947,2.6674,0.0996,0.5258,1.7882,1.6889,0.0548
Democratic People's Republic of Korea,LULUCF,Emissions (N2O),kilotonnes,0.1338,0.1646,0.0387,0.05,0.7247,0.2297,0.0805,0.0198,0.1092,0.4774,0.0346,0.2231,0.013,0.045,0.6569,0.2435,0.0091,0.048,0.1633,0.1542,0.005
Democratic People's Republic of Korea,LULUCF,Emissions (CO2),kilotonnes,6412.6877,1752.5379,1752.5379,1750.162,1748.5293,1751.4106,1751.4106,1755.0965,1755.0965,1755.0965,1755.0965,3253.4981,3257.1863,3257.2271,3261.3813,3265.0687,3349.8226,3349.8226,3349.8226,3357.4792,3359.3232
Democratic People's Republic of Korea,LULUCF,Emissions (CO2),kilotonnes,-16632,,-16880,,,,,,,,,,,,,,,,,,
Democratic People's Republic of Korea,LULUCF,Emissions (CO2eq) from CH4 (AR5),kilotonnes,67.746,50.4912,11.8542,15.3422,222.2481,70.4373,24.6905,6.0678,33.4847,146.414,10.599,68.4144,3.9752,13.8103,201.4505,74.6864,2.7893,14.7218,50.0686,47.2882,1.5341
Democratic People's Republic of Korea,LULUCF,Emissions (CO2eq) from N2O (AR5),kilotonnes,35.4689,43.631,10.2435,13.2576,192.0513,60.867,21.3359,5.2434,28.9351,126.5208,9.1589,59.119,3.4351,11.9339,174.0795,64.5388,2.4103,12.7215,43.2658,40.8632,1.3257
Democratic People's Republic of Korea,LULUCF,Emissions (CO2eq) (AR5),kilotonnes,6515.9026,1846.66,1774.6356,1778.7618,2162.8288,1882.7149,1797.437,1766.4077,1817.5163,2028.0313,1774.8544,3381.0315,3264.5965,3282.9714,3636.9112,3404.2939,3355.0222,3377.2659,3443.1569,3445.6306,3362.183
Democratic People's Republic of Korea,LULUCF,Emissions (CO2eq) (AR5),kilotonnes,-16632,,-16880,,,,,,,,,,,,,,,,,,
Democratic People's Republic of Korea,AFOLU,Emissions (CH4),kilotonnes,151.7894,159.0701,160.3971,161.2133,168.095,163.9908,162.3268,161.4568,160.0649,164.6729,159.9336,163.082,161.0046,156.6812,158.7639,144.2001,142.9978,144.6203,144.9414,144.1655,143.2346
Democratic People's Republic of Korea,AFOLU,Emissions (N2O),kilotonnes,4.6303,4.4946,5.8962,5.5374,7.2462,6.6179,7.0227,6.078,6.3198,7.2614,7.4018,8.442,7.3772,7.4795,7.5982,6.7551,7.2639,7.0969,8.3206,6.3162,5.1997
Democratic People's Republic of Korea,AFOLU,Emissions (CO2),kilotonnes,6412.6877,1752.5379,1752.5379,1750.162,1748.5293,1751.4106,1751.4106,1755.0965,1755.0965,1755.0965,1755.0965,3253.4981,3257.1863,3257.2271,3261.3813,3265.0687,3349.8226,3349.8226,3349.8226,3357.4792,3359.3232
Democratic People's Republic of Korea,AFOLU,Emissions (CO2eq) from CH4 (AR5),kilotonnes,4250.1035,4453.9641,4491.1195,4513.9721,4706.66,4591.7436,4545.1499,4520.7906,4481.8183,4610.8421,4478.1415,4566.2956,4508.1295,4387.0742,4445.3892,4037.6033,4003.9388,4049.3685,4058.3605,4036.6348,4010.5675
Democratic People's Republic of Korea,AFOLU,Emissions (CO2eq) from N2O (AR5),kilotonnes,1227.042,1191.0651,1562.5028,1467.3987,1920.2552,1753.7334,1861.0218,1610.6667,1674.7393,1924.2737,1961.4641,2237.1223,1954.9677,1982.0557,2013.5342,1790.105,1924.9382,1880.6886,2204.9575,1673.7852,1377.9303
Democratic People's Republic of Korea,AFOLU,Emissions (CO2eq) (AR5),kilotonnes,11889.8331,7397.5671,7806.1602,7731.5328,8375.4445,8096.8876,8157.5823,7886.5538,7911.6541,8290.2122,8194.7021,10056.9161,9720.2835,9626.357,9720.3047,9092.7771,9278.6996,9279.8797,9613.1406,9067.8992,8747.8209
Democratic People's Republic of Korea,All sectors with LULUCF,Emissions (CH4),kilotonnes,841.0264,860.3071,845.6341,862.4503,894.332,936.2278,943.5638,871.6938,901.2909,798.7356,792.9969,798.146,803.0692,813.7454,825.4939,821.9281,876.7438,738.4543,728.7364,748.9065,738.0236
Democratic People's Republic of Korea,All sectors with LULUCF,Emissions (N2O),kilotonnes,8.9473,8.8786,10.1982,9.1674,10.6634,10.1271,10.5489,9.1942,9.645,10.0596,10.0859,10.6862,9.6644,9.4457,9.6634,8.6333,9.2301,8.8811,9.9718,7.6834,6.4199
Democratic People's Republic of Korea,All sectors with LULUCF,Emissions (CO2),kilotonnes,77191.6177,75031.7079,71981.9379,73479.662,75118.1093,78421.0806,79581.1506,66824.9165,73254.9765,56235.0565,52915.0965,40753.5981,41597.3863,31087.5271,35881.7813,29985.5687,33050.3226,27320.4226,27970.5226,29598.2792,29490.1232
Democratic People's Republic of Korea,All sectors with LULUCF,Emissions (CO2eq) from F-gases (AR5),kilotonnes,1943.5092,2147.5776,2439.104,2682.0426,2915.2637,3119.3322,3459.4463,3712.1025,4188.2623,4460.3535,4742.1624,5140.5817,5461.2608,5781.9398,6102.6188,6423.2978,6753.6944,7074.3734,7395.0524,7715.7314,8046.1279
Democratic People's Republic of Korea,All sectors with LULUCF,Emissions (CO2eq) from CH4 (AR5),kilotonnes,23548.7395,24088.6001,23677.7555,24148.6081,25041.296,26214.3796,26419.7859,24407.4266,25236.1463,22364.5977,22203.9139,22348.0876,22485.9383,22784.8718,23113.8292,23013.9873,24548.8268,20676.7205,20404.6205,20969.3828,20664.6595
Democratic People's Republic of Korea,All sectors with LULUCF,Emissions (CO2eq) from N2O (AR5),kilotonnes,2371.047,2352.8251,2702.5328,2429.3487,2825.8105,2683.669,2795.4626,2436.4581,2555.916,2665.7956,2672.7763,2831.8348,2561.0755,2503.0987,2560.8125,2287.8285,2445.982,2353.5027,2642.5268,2036.0948,1701.2852
Democratic People's Republic of Korea,All sectors with LULUCF,Emissions (CO2eq) (AR5),kilotonnes,105054.9133,103620.7107,100801.3302,102739.6615,105900.4796,110438.4615,112255.8455,97380.9037,105235.301,85725.8033,82533.9491,71074.1023,72105.6608,62157.4374,67659.0417,61710.6824,66798.8257,57425.0191,58412.7223,60319.4882,59902.1957
Democratic People's Republic of Korea,All sectors without LULUCF,Emissions (CH4),kilotonnes,838.6069,858.5039,845.2108,861.9024,886.3946,933.7122,942.682,871.4771,900.0951,793.5066,792.6184,795.7026,802.9273,813.2522,818.2992,819.2607,876.6442,737.9285,726.9483,747.2177,737.9688
Democratic People's Republic of Korea,All sectors without LULUCF,Emissions (N2O),kilotonnes,8.8135,8.7139,10.1596,9.1173,9.9387,9.8974,10.4684,9.1744,9.5358,9.5822,10.0514,10.4631,9.6515,9.4006,9.0065,8.3898,9.221,8.8331,9.8085,7.5292,6.4149
Democratic People's Republic of Korea,All sectors without LULUCF,Emissions (CO2),kilotonnes,70778.93,73279.17,70229.4,71729.5,73369.58,76669.67,77829.74,65069.82,71499.88,54479.96,51160,37500.1,38340.2,27830.3,32620.4,26720.5,29700.5,23970.6,24620.7,26240.8,26130.8
Democratic People's Republic of Korea,All sectors without LULUCF,Emissions (CO2eq) from F-gases (AR5),kilotonnes,1943.5092,2147.5776,2439.104,2682.0426,2915.2637,3119.3322,3459.4463,3712.1025,4188.2623,4460.3535,4742.1624,5140.5817,5461.2608,5781.9398,6102.6188,6423.2978,6753.6944,7074.3734,7395.0524,7715.7314,8046.1279
Democratic People's Republic of Korea,All sectors without LULUCF,Emissions (CO2eq) from CH4 (AR5),kilotonnes,23480.9935,24038.1089,23665.9014,24133.2659,24819.0479,26143.9424,26395.0954,24401.3588,25202.6616,22218.1836,22193.3149,22279.6732,22481.9631,22771.0615,22912.3787,22939.301,24546.0375,20661.9987,20354.552,20922.0946,20663.1253
Democratic People's Republic of Korea,All sectors without LULUCF,Emissions (CO2eq) from N2O (AR5),kilotonnes,2335.5781,2309.1942,2692.2893,2416.0911,2633.7592,2622.802,2774.1268,2431.2147,2526.9809,2539.2748,2663.6174,2772.7158,2557.6404,2491.1648,2386.733,2223.2897,2443.5716,2340.7811,2599.261,1995.2316,1699.9595
Democratic People's Republic of Korea,All sectors without LULUCF,Emissions (CO2eq) (AR5),kilotonnes,98539.0107,101774.0507,99026.6947,100960.8997,103737.6508,108555.7466,110458.4085,95614.496,103417.7847,83697.772,80759.0947,67693.0708,68841.0643,58874.466,64022.1305,58306.3885,63443.8035,54047.7532,54969.5654,56873.8576,56540.0128
Democratic Republic of the Congo,Crop Residues,Direct emissions (N2O),kilotonnes,0.4738,0.4634,0.4557,0.4565,0.4572,0.4581,0.4589,0.4599,0.4608,0.4619,0.8121,0.8519,0.8321,0.9273,1.0432,1.0492,1.086,1.1425,1.1675,1.19,1.1058
Democratic Republic of the Congo,Crop Residues,Indirect emissions (N2O),kilotonnes,0.1066,0.1043,0.1025,0.1027,0.1029,0.1031,0.1033,0.1035,0.1037,0.1039,0.1827,0.1917,0.1872,0.2086,0.2347,0.2361,0.2444,0.2571,0.2627,0.2677,0.2488
Democratic Republic of the Congo,Crop Residues,Emissions (N2O),kilotonnes,0.5804,0.5676,0.5582,0.5592,0.5601,0.5611,0.5622,0.5634,0.5645,0.5658,0.9948,1.0436,1.0193,1.1359,1.2779,1.2853,1.3304,1.3996,1.4302,1.4577,1.3547
Democratic Republic of the Congo,Crop Residues,Emissions (CO2eq) from N2O (AR5),kilotonnes,153.8039,150.4168,147.9301,148.201,148.4308,148.6948,148.9862,149.2935,149.6001,149.9289,263.6233,276.5611,270.1221,301.0139,338.6461,340.6085,352.5562,370.8911,379.013,386.2997,358.9845
Democratic Republic of the Congo,Crop Residues,Emissions (CO2eq) (AR5),kilotonnes,153.8039,150.4168,147.9301,148.201,148.4308,148.6948,148.9862,149.2935,149.6001,149.9289,263.6233,276.5611,270.1221,301.0139,338.6461,340.6085,352.5562,370.8911,379.013,386.2997,358.9845
Democratic Republic of the Congo,Rice Cultivation,Emissions (CH4),kilotonnes,10.6485,10.2773,9.9118,9.9229,9.9339,9.9449,9.956,9.967,9.978,9.9891,23.7331,22.304,20.2773,25.4389,31.9918,32.0527,33.0354,35.0963,36.2514,37.7932,31.416
Democratic Republic of the Congo,Rice Cultivation,Emissions (CO2eq) from CH4 (AR5),kilotonnes,298.1587,287.7655,277.5316,277.8402,278.1494,278.4579,278.7671,279.0757,279.3849,279.6941,664.5267,624.5121,567.7635,712.2883,895.7709,897.4749,924.9905,982.6961,1015.0392,1058.2092,879.648
Democratic Republic of the Congo,Rice Cultivation,Emissions (CO2eq) (AR5),kilotonnes,298.1587,287.7655,277.5316,277.8402,278.1494,278.4579,278.7671,279.0757,279.3849,279.6941,664.5267,624.5121,567.7635,712.2883,895.7709,897.4749,924.9905,982.6961,1015.0392,1058.2092,879.648
Democratic Republic of the Congo,Burning - Crop residues,Emissions (CH4),kilotonnes,4.7365,4.6637,4.7027,4.6994,4.7005,4.702,4.7036,4.7051,4.7066,4.7082,7.5855,8.0463,8.0761,8.5549,9.0987,9.1873,9.4914,9.9176,9.9823,9.9211,9.4363
Democratic Republic of the Congo,Burning - Crop residues,Emissions (CH4),kilotonnes,143.93,139.55,135.05,135.7,,,,,,,,,,,,,,,,,
Democratic Republic of the Congo,Burning - Crop residues,Emissions (N2O),kilotonnes,0.1228,0.1209,0.1219,0.1218,0.1219,0.1219,0.1219,0.122,0.122,0.1221,0.1967,0.2086,0.2094,0.2218,0.2359,0.2382,0.2461,0.2571,0.2588,0.2572,0.2446
Democratic Republic of the Congo,Burning - Crop residues,Emissions (N2O),kilotonnes,3.03,2.94,2.84,2.87,,,,,,,,,,,,,,,,,
Democratic Republic of the Congo,Burning - Crop residues,Emissions (CO2eq) from CH4 (AR5),kilotonnes,132.6215,130.5846,131.676,131.5835,131.6146,131.6572,131.7,131.7427,131.7856,131.8283,212.3948,225.2972,226.1307,239.5385,254.7631,257.2439,265.7586,277.6936,279.5039,277.7919,264.2163
Democratic Republic of the Congo,Burning - Crop residues,Emissions (CO2eq) from CH4 (AR5),kilotonnes,4030.04,3907.4,3781.4,3799.6,,,,,,,,,,,,,,,,,
Democratic Republic of the Congo,Burning - Crop residues,Emissions (CO2eq) from N2O (AR5),kilotonnes,32.5414,32.0416,32.3094,32.2867,32.2943,32.3048,32.3153,32.3258,32.3363,32.3468,52.1154,55.2813,55.4858,58.7757,62.5113,63.12,65.2093,68.1378,68.582,68.1619,64.8309
Democratic Republic of the Congo,Burning - Crop residues,Emissions (CO2eq) from N2O (AR5),kilotonnes,802.95,779.1,752.6,760.55,,,,,,,,,,,,,,,,,
Democratic Republic of the Congo,Burning - Crop residues,Emissions (CO2eq) (AR5),kilotonnes,165.1629,162.6263,163.9854,163.8702,163.9089,163.962,164.0153,164.0685,164.1219,164.1751,264.5102,280.5785,281.6164,298.3142,317.2745,320.364,330.9679,345.8314,348.0858,345.9538,329.0472
Democratic Republic of the Congo,Burning - Crop residues,Emissions (CO2eq) (AR5),kilotonnes,4832.99,4686.5,4534,4560.15,,,,,,,,,,,,,,,,,
Democratic Republic of the Congo,Enteric Fermentation,Emissions (CH4),kilotonnes,51.9277,50.5749,49.1461,49.1484,49.1402,49.1322,49.1242,49.1161,49.1389,49.101,49.102,49.1333,53.6572,55.3569,55.4997,57.2954,58.5355,59.6798,61.6899,63.8206,65.566
Democratic Republic of the Congo,Enteric Fermentation,Emissions (CH4),kilotonnes,52.65,51.26,49.82,49.81,,,,,,,50,,,,,,,,,,
Democratic Republic of the Congo,Enteric Fermentation,Emissions (CO2eq) from CH4 (AR5),kilotonnes,1453.9753,1416.0962,1376.0909,1376.1564,1375.9253,1375.7016,1375.4765,1375.2516,1375.8881,1374.828,1374.8561,1375.7318,1502.4014,1549.9945,1553.9917,1604.271,1638.9938,1671.0344,1727.3169,1786.9754,1835.8472
Democratic Republic of the Congo,Enteric Fermentation,Emissions (CO2eq) from CH4 (AR5),kilotonnes,1474.2,1435.28,1394.96,1394.68,,,,,,,1400,,,,,,,,,,
Democratic Republic of the Congo,Enteric Fermentation,Emissions (CO2eq) (AR5),kilotonnes,1453.9753,1416.0962,1376.0909,1376.1564,1375.9253,1375.7016,1375.4765,1375.2516,1375.8881,1374.828,1374.8561,1375.7318,1502.4014,1549.9945,1553.9917,1604.271,1638.9938,1671.0344,1727.3169,1786.9754,1835.8472
Democratic Republic of the Congo,Enteric Fermentation,Emissions (CO2eq) (AR5),kilotonnes,1474.2,1435.28,1394.96,1394.68,,,,,,,1400,,,,,,,,,,
Democratic Republic of the Congo,Manure Management,Emissions (CH4),kilotonnes,3.1433,3.0318,2.9214,2.9243,2.9272,2.9301,2.933,2.9359,2.9399,2.9418,2.953,2.9577,3.1085,3.1683,3.1778,3.2393,3.2537,3.2715,3.3405,3.4146,3.4754
Democratic Republic of the Congo,Manure Management,Emissions (CH4),kilotonnes,3.83,3.69,3.17,3.17,,,,,,,4,,,,,,,,,,
Democratic Republic of the Congo,Manure Management,Emissions (N2O),kilotonnes,0.4922,0.4695,0.448,0.4489,0.4498,0.4507,0.4516,0.4526,0.4536,0.4545,0.459,0.4607,0.4645,0.467,0.4684,0.4704,0.4691,0.468,0.4705,0.4729,0.4749
Democratic Republic of the Congo,Manure Management,Emissions (N2O),kilotonnes,,,,,,,,,,,,,,,,,,,,,
Democratic Republic of the Congo,Manure Management,Emissions (CO2eq) from CH4 (AR5),kilotonnes,88.0124,84.8904,81.7982,81.8791,81.9603,82.0417,82.1232,82.2055,82.3171,82.3708,82.6834,82.8145,87.039,88.7128,88.9786,90.6995,91.103,91.603,93.5337,95.6082,97.3098
Democratic Republic of the Congo,Manure Management,Emissions (CO2eq) from CH4 (AR5),kilotonnes,107.24,103.32,88.76,88.76,,,,,,,112,,,,,,,,,,
Democratic Republic of the Congo,Manure Management,Emissions (CO2eq) from N2O (AR5),kilotonnes,130.4306,124.4291,118.7095,118.9506,119.188,119.4286,119.6864,119.935,120.1925,120.4323,121.6294,122.0785,123.0919,123.7501,124.1178,124.6681,124.3198,124.0276,124.6732,125.3293,125.8471
Democratic Republic of the Congo,Manure Management,Emissions (CO2eq) from N2O (AR5),kilotonnes,,,,,,,,,,,,,,,,,,,,,
Democratic Republic of the Congo,Manure Management,Emissions (CO2eq) (AR5),kilotonnes,218.443,209.3195,200.5077,200.8297,201.1483,201.4703,201.8096,202.1406,202.5096,202.8031,204.3128,204.893,210.1309,212.463,213.0963,215.3676,215.4228,215.6306,218.2069,220.9375,223.157
Democratic Republic of the Congo,Manure Management,Emissions (CO2eq) (AR5),kilotonnes,107.24,103.32,88.76,88.76,,,,,,,112,,,,,,,,,,
Democratic Republic of the Congo,Manure left on Pasture,Direct emissions (N2O),kilotonnes,2.341,2.2772,2.2124,2.2131,2.2134,2.2139,2.2154,2.2164,2.2191,2.2181,2.2188,2.2202,2.3972,2.4639,2.4709,2.5412,2.5792,2.6164,2.6951,2.7791,2.848
Democratic Republic of the Congo,Manure left on Pasture,Indirect emissions (N2O),kilotonnes,0.7389,0.7216,0.7042,0.7046,0.705,0.7055,0.7061,0.7067,0.7079,0.7077,0.7082,0.7088,0.7468,0.7613,0.7635,0.779,0.7872,0.7954,0.8123,0.8306,0.8453
Democratic Republic of the Congo,Manure left on Pasture,Emissions (N2O),kilotonnes,3.0798,2.9989,2.9166,2.9177,2.9184,2.9193,2.9216,2.923,2.927,2.9258,2.927,2.9291,3.1439,3.2252,3.2343,3.3201,3.3664,3.4118,3.5074,3.6097,3.6933
Democratic Republic of the Congo,Manure left on Pasture,Emissions (CO2eq) from N2O (AR5),kilotonnes,816.1593,794.6987,772.8971,773.1993,773.3776,773.6245,774.2192,774.5993,775.6622,775.3478,775.645,776.2033,833.1386,854.6904,857.1018,879.8343,892.0937,904.1253,929.4574,956.571,978.7149
Democratic Republic of the Congo,Manure left on Pasture,Emissions (CO2eq) (AR5),kilotonnes,816.1593,794.6987,772.8971,773.1993,773.3776,773.6245,774.2192,774.5993,775.6622,775.3478,775.645,776.2033,833.1386,854.6904,857.1018,879.8343,892.0937,904.1253,929.4574,956.571,978.7149
Democratic Republic of the Congo,Manure applied to Soils,Direct emissions (N2O),kilotonnes,0.2895,0.2767,0.2645,0.2651,0.2656,0.2662,0.2668,0.2674,0.2681,0.2686,0.271,0.2721,0.2745,0.276,0.2767,0.278,0.2766,0.2755,0.2769,0.2785,0.2798
Democratic Republic of the Congo,Manure applied to Soils,Indirect emissions (N2O),kilotonnes,0.123,0.1176,0.1124,0.1127,0.1129,0.1131,0.1134,0.1137,0.1139,0.1142,0.1152,0.1156,0.1167,0.1173,0.1176,0.1182,0.1175,0.1171,0.1177,0.1184,0.1189
Democratic Republic of the Congo,Manure applied to Soils,Emissions (N2O),kilotonnes,0.4125,0.3943,0.377,0.3778,0.3785,0.3793,0.3802,0.3811,0.382,0.3828,0.3862,0.3877,0.3912,0.3933,0.3943,0.3962,0.3941,0.3925,0.3946,0.3969,0.3987
Democratic Republic of the Congo,Manure applied to Soils,Emissions (CO2eq) from N2O (AR5),kilotonnes,109.3148,104.4818,99.8934,100.1112,100.3062,100.5103,100.7626,100.9862,101.2403,101.431,102.3307,102.7418,103.6594,104.2188,104.4973,104.9806,104.4331,104.021,104.5813,105.1778,105.6508
Democratic Republic of the Congo,Manure applied to Soils,Emissions (CO2eq) (AR5),kilotonnes,109.3148,104.4818,99.8934,100.1112,100.3062,100.5103,100.7626,100.9862,101.2403,101.431,102.3307,102.7418,103.6594,104.2188,104.4973,104.9806,104.4331,104.021,104.5813,105.1778,105.6508
Democratic Republic of the Congo,Synthetic Fertilizers,Direct emissions (N2O),kilotonnes,0.0047,0.0204,,0.0169,0.0125,0.0059,0.0256,0.0462,0.0678,0.046,0.0735,0.0552,0.0541,0.1113,0.2386,0.2867,0.1778,0.2521,0.152,0.2447,0.3723
Democratic Republic of the Congo,Synthetic Fertilizers,Indirect emissions (N2O),kilotonnes,0.0015,0.0066,,0.0055,0.0041,0.0019,0.0083,0.015,0.022,0.015,0.0239,0.0179,0.0176,0.0362,0.0775,0.0932,0.0578,0.0819,0.0494,0.0795,0.121
Democratic Republic of the Congo,Synthetic Fertilizers,Emissions (N2O),kilotonnes,0.0062,0.027,,0.0224,0.0166,0.0078,0.0339,0.0613,0.0898,0.061,0.0974,0.0732,0.0717,0.1475,0.3161,0.3799,0.2355,0.334,0.2014,0.3242,0.4932
Democratic Republic of the Congo,Synthetic Fertilizers,Emissions (CO2eq) from N2O (AR5),kilotonnes,1.6553,7.1564,,5.9315,4.3866,2.0746,8.9773,16.2385,23.8033,16.1668,25.8007,19.3891,19.01,39.0889,83.7613,100.6675,62.4193,88.5231,53.3588,85.9178,130.7074
Democratic Republic of the Congo,Synthetic Fertilizers,Emissions (CO2eq) (AR5),kilotonnes,1.6553,7.1564,,5.9315,4.3866,2.0746,8.9773,16.2385,23.8033,16.1668,25.8007,19.3891,19.01,39.0889,83.7613,100.6675,62.4193,88.5231,53.3588,85.9178,130.7074
Democratic Republic of the Congo,Drained organic soils,Emissions (CO2eq) (AR5),kilotonnes,490.6412,486.5264,486.5264,485.9478,485.607,485.607,485.607,485.0285,485.0285,485.0285,485.0285,485.0285,485.0285,484.45,484.45,484.45,487.9836,487.9836,486.6414,473.785,477.811
Democratic Republic of the Congo,Drained organic soils (CO2),Emissions (CO2),kilotonnes,471.1626,467.2098,467.2098,466.6577,466.3303,466.3303,466.3303,465.7783,465.7783,465.7783,465.7783,465.7783,465.7783,465.2264,465.2264,465.2264,468.6211,468.6211,467.3321,454.9574,458.824
Democratic Republic of the Congo,Drained organic soils (CO2),Emissions (CO2eq) (AR5),kilotonnes,471.1626,467.2098,467.2098,466.6577,466.3303,466.3303,466.3303,465.7783,465.7783,465.7783,465.7783,465.7783,465.7783,465.2264,465.2264,465.2264,468.6211,468.6211,467.3321,454.9574,458.824
Democratic Republic of the Congo,Drained organic soils (N2O),Emissions (N2O),kilotonnes,0.0735,0.0729,0.0729,0.0728,0.0727,0.0727,0.0727,0.0726,0.0726,0.0726,0.0726,0.0726,0.0726,0.0725,0.0725,0.0725,0.0731,0.0731,0.0729,0.071,0.0716
Democratic Republic of the Congo,Drained organic soils (N2O),Emissions (CO2eq) from N2O (AR5),kilotonnes,19.4786,19.3166,19.3166,19.29,19.2767,19.2767,19.2767,19.2502,19.2502,19.2502,19.2502,19.2502,19.2502,19.2236,19.2236,19.2236,19.3624,19.3624,19.3093,18.8276,18.987
Democratic Republic of the Congo,Drained organic soils (N2O),Emissions (CO2eq) (AR5),kilotonnes,19.4786,19.3166,19.3166,19.29,19.2767,19.2767,19.2767,19.2502,19.2502,19.2502,19.2502,19.2502,19.2502,19.2236,19.2236,19.2236,19.3624,19.3624,19.3093,18.8276,18.987
Democratic Republic of the Congo,On-farm energy use,Emissions (CH4),kilotonnes,0.5623,0.5933,0.6254,0.6586,0.6913,0.7247,0.7572,0.79,0.8223,0.8541,0.8873,0.9206,0.9515,0.9903,1.0295,1.0488,1.0775,1.1099,1.1418,1.1707,1.1707
Democratic Republic of the Congo,On-farm energy use,Emissions (N2O),kilotonnes,0.0059,0.0055,0.0061,0.0071,0.0079,0.0094,0.0101,0.0108,0.0119,0.0112,0.0114,0.0144,0.0142,0.0194,0.025,0.017,0.0133,0.0149,0.0145,0.0124,0.0124
Democratic Republic of the Congo,On-farm energy use,Emissions (CO2),kilotonnes,200.3568,210.0834,223.3889,240.3493,254.6243,271.2633,284.6174,298.0859,311.6762,319.6303,332.653,351.0999,358.2394,386.567,418.0274,388.1551,389.9576,401.9108,410.7558,411.3775,411.3775
Democratic Republic of the Congo,On-farm energy use,Emissions (CO2eq) from CH4 (AR5),kilotonnes,15.7449,16.6136,17.5105,18.4422,19.3557,20.2911,21.2005,22.1211,23.0234,23.9149,24.8455,25.7776,26.6426,27.7291,28.8251,29.3661,30.1694,31.0775,31.9717,32.7788,32.7788
Democratic Republic of the Congo,On-farm energy use,Emissions (CO2eq) from N2O (AR5),kilotonnes,1.5717,1.4497,1.6182,1.8738,2.0834,2.4998,2.6874,2.8597,3.1529,2.9673,3.0308,3.8157,3.7559,5.1336,6.6129,4.5017,3.5374,3.9372,3.8368,3.29,3.29
Democratic Republic of the Congo,On-farm energy use,Emissions (CO2eq) (AR5),kilotonnes,217.6735,228.1467,242.5176,260.6653,276.0634,294.0542,308.5053,323.0667,337.8525,346.5125,360.5292,380.6932,388.6378,419.4297,453.4654,422.0229,423.6644,436.9256,446.5643,447.4463,447.4463
Democratic Republic of the Congo,Forestland,Emissions (CO2),kilotonnes,-65.4588,-54.549,-54.549,-54.549,-54.549,-54.549,-54.549,-54.549,-54.549,-54.549,-54.549,0,0,0,0,0,0,0,0,0,0
Democratic Republic of the Congo,Forestland,Emissions (CO2eq) (AR5),kilotonnes,-65.4588,-54.549,-54.549,-54.549,-54.549,-54.549,-54.549,-54.549,-54.549,-54.549,-54.549,0,0,0,0,0,0,0,0,0,0
Democratic Republic of the Congo,Net Forest conversion,Emissions (CO2),kilotonnes,367180.2288,367169.319,367169.319,367169.319,367169.319,367169.319,367169.319,367169.319,367169.319,367169.319,367169.319,600789.5942,600789.5942,600789.5942,600789.5942,600789.5942,600789.5942,600789.5942,600789.5942,600789.5942,600789.5942
Democratic Republic of the Congo,Net Forest conversion,Emissions (CO2eq) (AR5),kilotonnes,367180.2288,367169.319,367169.319,367169.319,367169.319,367169.319,367169.319,367169.319,367169.319,367169.319,367169.319,600789.5942,600789.5942,600789.5942,600789.5942,600789.5942,600789.5942,600789.5942,600789.5942,600789.5942,600789.5942
Democratic Republic of the Congo,Savanna fires,Emissions (CH4),kilotonnes,278.0294,311.0679,407.7591,451.1518,485.418,476.2567,483.4498,417.4677,445.142,439.9071,457.6863,426.6227,411.5663,432.0251,413.8906,430.3215,426.8396,445.7224,414.091,428.3512,429.5776
Democratic Republic of the Congo,Savanna fires,Emissions (N2O),kilotonnes,25.3853,28.4018,37.2302,41.1921,44.3208,43.4843,44.1411,38.1166,40.6434,40.1654,41.7887,38.9525,37.5778,39.4458,37.79,39.2902,38.9723,40.6964,37.8083,39.1103,39.2223
Democratic Republic of the Congo,Savanna fires,Emissions (CO2eq) from CH4 (AR5),kilotonnes,7784.8223,8709.8998,11417.2548,12632.2512,13591.7034,13335.1873,13536.5933,11689.095,12463.975,12317.3998,12815.2163,11945.4365,11523.8555,12096.7029,11588.9363,12049.0032,11951.5089,12480.2259,11594.5482,11993.8346,12028.1724
Democratic Republic of the Congo,Savanna fires,Emissions (CO2eq) from N2O (AR5),kilotonnes,6727.1019,7526.4895,9865.9973,10915.9127,11745.0046,11523.3412,11697.3822,10100.9028,10770.5001,10643.8401,11074.0184,10322.4153,9958.1143,10453.1292,10014.3526,10411.9104,10327.6625,10784.543,10019.202,10364.2375,10393.9098
Democratic Republic of the Congo,Savanna fires,Emissions (CO2eq) (AR5),kilotonnes,14511.9241,16236.3894,21283.2521,23548.1639,25336.7079,24858.5285,25233.9755,21789.9978,23234.4752,22961.2399,23889.2346,22267.8518,21481.9698,22549.8321,21603.2889,22460.9136,22279.1714,23264.769,21613.7502,22358.0721,22422.0822
Democratic Republic of the Congo,Fires in organic soils,Emissions (CH4),kilotonnes,0,0,0,0,0,0,0,0,0,0,0,0,0,0,0,0,0,0,0,0,0
Democratic Republic of the Congo,Fires in organic soils,Emissions (CO2),kilotonnes,0,0,0,0,0,0,0,0,0,0,0,0,0,0,0,0,0,0,0,0,0
Democratic Republic of the Congo,Fires in organic soils,Emissions (CO2eq) from CH4 (AR5),kilotonnes,0,0,0,0,0,0,0,0,0,0,0,0,0,0,0,0,0,0,0,0,0
Democratic Republic of the Congo,Fires in organic soils,Emissions (CO2eq) (AR5),kilotonnes,0,0,0,0,0,0,0,0,0,0,0,0,0,0,0,0,0,0,0,0,0
Democratic Republic of the Congo,Forest fires,Emissions (CH4),kilotonnes,713.4886,337.3947,504.2919,597.4515,625.4718,631.2097,665.1689,561.8749,612.6496,602.0502,624.1491,639.226,595.554,607.4573,578.5462,636.6752,642.2735,616.1634,529.1484,575.146,587.809
Democratic Republic of the Congo,Forest fires,Emissions (N2O),kilotonnes,20.985,30.8056,46.044,54.5499,57.1083,57.6322,60.7328,51.3016,55.9376,54.9698,56.9875,58.3641,54.3767,55.4635,52.8238,58.1312,58.6424,56.2584,48.3135,52.5133,53.6695
Democratic Republic of the Congo,Forest fires,Emissions (CO2eq) from CH4 (AR5),kilotonnes,19977.6812,9447.0528,14120.172,16728.6409,17513.2094,17673.8714,18624.7297,15732.4965,17154.1897,16857.4064,17476.175,17898.3284,16675.5124,17008.8052,16199.2934,17826.9056,17983.6571,17252.5761,14816.1548,16104.0881,16458.6526
Democratic Republic of the Congo,Forest fires,Emissions (CO2eq) from N2O (AR5),kilotonnes,5561.0141,8163.4858,12201.6704,14455.7278,15133.6972,15272.5302,16094.1957,13594.9291,14823.4574,14566.9979,15101.6947,15466.4903,14409.8178,14697.8263,13998.3025,15404.7717,15540.2254,14908.4761,12803.0903,13916.0326,14222.4227
Democratic Republic of the Congo,Forest fires,Emissions (CO2eq) (AR5),kilotonnes,25538.6954,17610.5386,26321.8424,31184.3687,32646.9066,32946.4017,34718.9254,29327.4256,31977.6471,31424.4043,32577.8698,33364.8187,31085.3302,31706.6315,30197.5959,33231.6773,33523.8824,32161.0521,27619.2451,30020.1207,30681.0753
Democratic Republic of the Congo,Fires in humid tropical forests,Emissions (CH4),kilotonnes,698.4291,334.2878,497.9121,591.3517,618.6609,623.6606,657.7609,556.9938,607.9892,596.6094,620.4599,635.6012,591.8154,603.8747,574.5795,631.0708,638.0318,612.2413,525.4294,570.6838,584.0207
Democratic Republic of the Congo,Fires in humid tropical forests,Emissions (N2O),kilotonnes,20.542,30.5219,45.4615,53.993,56.4864,56.9429,60.0564,50.856,55.5121,54.473,56.6507,58.0332,54.0353,55.1364,52.4616,57.6195,58.2551,55.9003,47.974,52.1059,53.3236
Democratic Republic of the Congo,Fires in humid tropical forests,Emissions (CO2eq) from CH4 (AR5),kilotonnes,19556.0145,9360.0583,13941.5393,16557.8469,17322.5051,17462.4975,18417.3049,15595.8277,17023.6978,16705.0624,17372.8783,17796.8349,16570.8304,16908.4921,16088.2257,17669.9831,17864.8905,17142.756,14712.0238,15979.1462,16352.5804
Democratic Republic of the Congo,Fires in humid tropical forests,Emissions (CO2eq) from N2O (AR5),kilotonnes,5443.6385,8088.3112,12047.3085,14308.1394,14968.9039,15089.8756,15914.9537,13476.8294,14710.6954,14435.3528,15012.4329,15378.7867,14319.3589,14611.1426,13902.3255,15269.1702,15437.5956,14813.5772,12713.1075,13808.0666,14130.7624
Democratic Republic of the Congo,Fires in humid tropical forests,Emissions (CO2eq) (AR5),kilotonnes,24999.653,17448.3695,25988.8478,30865.9863,32291.409,32552.3731,34332.2586,29072.6571,31734.3932,31140.4152,32385.3111,33175.6217,30890.1894,31519.6347,29990.5512,32939.1533,33302.4861,31956.3332,27425.1313,29787.2128,30483.3428
Democratic Republic of the Congo,Waste - agri-food systems,Emissions (CH4),kilotonnes,236.1964,237.0967,239.0367,241.0128,243.5051,246.3071,249.4321,252.7111,256.2176,259.2057,262.5869,266.2247,269.8699,273.787,277.4315,280.9988,284.4402,287.8797,291.89,295.8762,299.4872
Democratic Republic of the Congo,Waste - agri-food systems,Emissions (N2O),kilotonnes,0.0105,0.0092,0.0093,0.0093,0.0095,0.0097,0.0098,0.0099,0.0101,0.0102,0.0105,0.0106,0.0107,0.0114,0.0106,0.0107,0.0107,0.0107,0.0108,0.0108,0.0108
Democratic Republic of the Congo,Waste - agri-food systems,Emissions (CO2),kilotonnes,0,0,0,0,0,0,0,0,0,0,0,0,0,0,0,0,0,0,0,0,0
Democratic Republic of the Congo,Waste - agri-food systems,Emissions (CO2eq) from CH4 (AR5),kilotonnes,6613.5001,6638.7071,6693.0286,6748.3584,6818.143,6896.5987,6984.1002,7075.9096,7174.0923,7257.7598,7352.4338,7454.2915,7556.3562,7666.0362,7768.0811,7867.9652,7964.327,8060.6324,8172.9202,8284.5322,8385.6407
Democratic Republic of the Congo,Waste - agri-food systems,Emissions (CO2eq) from N2O (AR5),kilotonnes,2.7716,2.4489,2.4637,2.4756,2.5225,2.57,2.5848,2.6181,2.6759,2.6937,2.771,2.8142,2.8356,3.0087,2.8053,2.8277,2.8393,2.8467,2.8568,2.8585,2.8602
Democratic Republic of the Congo,Waste - agri-food systems,Emissions (CO2eq) (AR5),kilotonnes,6616.2717,6641.156,6695.4924,6750.834,6820.6655,6899.1687,6986.685,7078.5277,7176.7682,7260.4535,7355.2048,7457.1057,7559.1918,7669.0449,7770.8863,7870.7929,7967.1663,8063.4791,8175.7771,8287.3907,8388.5009
Democratic Republic of the Congo,On-farm electricity use,Emissions (CH4),kilotonnes,0.0406,0.0414,0.0399,0.0415,0.0417,0.0437,0.0514,0.055,0.0546,0.0596,0.0562,0.0602,0.0662,0.0652,0.0707,0.0651,0.0627,0.0647,0.0893,0.093,0.093
Democratic Republic of the Congo,On-farm electricity use,Emissions (N2O),kilotonnes,0.0002,0.0002,0.0002,0.0002,0.0002,0.0003,0.0003,0.0003,0.0003,0.0003,0.0003,0.0003,0.0003,0.0003,0.0003,0.0003,0.0004,0.0003,0.0004,0.0005,0.0005
Democratic Republic of the Congo,On-farm electricity use,Emissions (CO2),kilotonnes,0.1394,0.1418,0.137,0.1422,0.1432,0.1502,0.1766,0.1886,0.1875,0.2046,0.1926,0.2066,0.227,0.2235,0.2429,0.2235,0.2153,0.2221,0.3064,0.3192,0.3192
Democratic Republic of the Congo,On-farm electricity use,Emissions (CO2eq) from CH4 (AR5),kilotonnes,1.1368,1.1592,1.1172,1.162,1.1676,1.2236,1.4392,1.54,1.5288,1.6688,1.5736,1.6856,1.8536,1.8256,1.9796,1.8228,1.7556,1.8116,2.5004,2.604,2.604
Democratic Republic of the Congo,On-farm electricity use,Emissions (CO2eq) from N2O (AR5),kilotonnes,0.053,0.053,0.053,0.053,0.053,0.0795,0.0795,0.0795,0.0795,0.0795,0.0795,0.0795,0.0795,0.0795,0.0795,0.0795,0.106,0.0795,0.106,0.1325,0.1325
Democratic Republic of the Congo,On-farm electricity use,Emissions (CO2eq) (AR5),kilotonnes,1.3292,1.354,1.3072,1.3572,1.3638,1.4533,1.6953,1.8081,1.7958,1.9529,1.8457,1.9717,2.1601,2.1286,2.302,2.1258,2.0769,2.1132,2.9128,3.0557,3.0557
Democratic Republic of the Congo,Food Processing,Emissions (CH4),kilotonnes,0,0,0,0,0,0,0,0,0,0,0,0,0,0,0,0,0,0.0324,0.0864,0.0864,0.0903
Democratic Republic of the Congo,Food Processing,Emissions (N2O),kilotonnes,0,0,0,0,0,0,0,0,0,0,0,0,0,0,0,0,0,0.0002,0.0004,0.0004,0.0004
Democratic Republic of the Congo,Food Processing,Emissions (CO2),kilotonnes,0,0,0,0,0,0,0,0,0,0,0,0,0,0,0,0,0,0.1112,0.2965,0.2965,0.2761
Democratic Republic of the Congo,Food Processing,Emissions (CO2eq) from CH4 (AR5),kilotonnes,0,0,0,0,0,0,0,0,0,0,0,0,0,0,0,0,0,0.9072,2.4192,2.4192,2.5272
Democratic Republic of the Congo,Food Processing,Emissions (CO2eq) from N2O (AR5),kilotonnes,0,0,0,0,0,0,0,0,0,0,0,0,0,0,0,0,0,0.053,0.106,0.106,0.1087
Democratic Republic of the Congo,Food Processing,Emissions (CO2eq) (AR5),kilotonnes,0,0,0,0,0,0,0,0,0,0,0,0,0,0,0,0,0,1.0714,2.8217,2.8217,2.9121
Democratic Republic of the Congo,Food Packaging,Emissions (CH4),kilotonnes,0.1067,0.1668,0.1709,0.4963,0.6565,0.6854,0.6892,0.8027,0.851,0.8622,1.2113,1.3048,1.9122,2.1898,2.698,2.9419,3.4047,3.688,3.5498,2.8644,2.9923
Democratic Republic of the Congo,Food Packaging,Emissions (N2O),kilotonnes,0.0007,0.0008,0.0009,0.002,0.0027,0.0028,0.0028,0.003,0.0031,0.0033,0.004,0.0053,0.0045,0.0047,0.0067,0.0068,0.0082,0.0095,0.0094,0.0076,0.0078
Democratic Republic of the Congo,Food Packaging,Emissions (CO2),kilotonnes,4.5001,5.0288,5.4072,11.5503,13.3922,15.6341,16.7416,19.4392,21.2253,18.8173,22.2741,21.4515,17.1262,19.6772,47.336,28.0122,18.1851,18.7085,22.1903,26.556,24.7308
Democratic Republic of the Congo,Food Packaging,Emissions (CO2eq) from CH4 (AR5),kilotonnes,2.9876,4.6704,4.7852,13.8964,18.382,19.1912,19.2976,22.4756,23.828,24.1416,33.9164,36.5344,53.5416,61.3144,75.544,82.3732,95.3316,103.264,99.3944,80.2032,83.7847
Democratic Republic of the Congo,Food Packaging,Emissions (CO2eq) from N2O (AR5),kilotonnes,0.1855,0.212,0.2385,0.53,0.7155,0.742,0.742,0.795,0.8215,0.8745,1.06,1.4045,1.1925,1.2455,1.7755,1.802,2.173,2.5175,2.491,2.014,2.0656
Democratic Republic of the Congo,Food Packaging,Emissions (CO2eq) (AR5),kilotonnes,7.6732,9.9112,10.4309,25.9767,32.4897,35.5673,36.7812,42.7098,45.8748,43.8334,57.2505,59.3904,71.8603,82.2371,124.6555,112.1874,115.6897,124.49,124.0757,108.7732,110.5812
Democratic Republic of the Congo,Food Retail,Emissions (CH4),kilotonnes,0.237,0.2389,0.0756,0.0558,0.0366,0.0381,0.0407,0.0318,0.0316,0.0344,0.0324,0.0348,0.2051,0.2213,0.1351,0.1243,0.1198,0.1682,0.1682,0.1289,0.1347
Democratic Republic of the Congo,Food Retail,Emissions (N2O),kilotonnes,0.0012,0.0012,0.0004,0.0003,0.0002,0.0002,0.0002,0.0002,0.0002,0.0002,0.0002,0.0002,0.0011,0.0012,0.0007,0.0006,0.0006,0.0009,0.0009,0.0007,0.0007
Democratic Republic of the Congo,Food Retail,Emissions (CO2),kilotonnes,0.8136,0.82,0.2595,0.1914,0.1257,0.1309,0.1395,0.109,0.1084,0.1182,0.1113,0.1194,0.7041,0.7594,0.4636,0.4267,0.4111,0.5772,0.5772,0.4425,0.4121
Democratic Republic of the Congo,Food Retail,Emissions (CO2eq) from CH4 (AR5),kilotonnes,6.636,6.6892,2.1168,1.5624,1.0248,1.0668,1.1396,0.8904,0.8848,0.9632,0.9072,0.9744,5.7428,6.1964,3.7828,3.4804,3.3544,4.7096,4.7096,3.6092,3.7704
Democratic Republic of the Congo,Food Retail,Emissions (CO2eq) from N2O (AR5),kilotonnes,0.318,0.318,0.106,0.0795,0.053,0.053,0.053,0.053,0.053,0.053,0.053,0.053,0.2915,0.318,0.1855,0.159,0.159,0.2385,0.2385,0.1855,0.1903
Democratic Republic of the Congo,Food Retail,Emissions (CO2eq) (AR5),kilotonnes,7.7676,7.8272,2.4823,1.8333,1.2035,1.2507,1.3321,1.0524,1.0462,1.1344,1.0715,1.1468,6.7384,7.2738,4.4319,4.0661,3.9245,5.5253,5.5253,4.2372,4.3727
Democratic Republic of the Congo,Food Household Consumption,Emissions (CH4),kilotonnes,0.5733,0.5675,0.5708,0.6154,0.6964,0.7275,1.2235,0.9554,0.9501,1.0383,0.9768,1.048,1.1603,1.2515,1.2791,1.1763,1.1334,0.7291,0.7291,0.7291,0.7617
Democratic Republic of the Congo,Food Household Consumption,Emissions (N2O),kilotonnes,0.003,0.003,0.003,0.0032,0.0036,0.0039,0.0065,0.005,0.005,0.0055,0.0052,0.0055,0.0061,0.0066,0.0067,0.0062,0.0059,0.0038,0.0038,0.0038,0.0039
Democratic Republic of the Congo,Food Household Consumption,Emissions (CO2),kilotonnes,13.8289,8.9377,8.9489,12.7555,8.1623,21.6652,20.9319,15.1404,10.2508,23.9497,18.8673,20.3295,20.7151,22.2459,13.8158,12.2452,10.8802,9.4923,9.8578,9.8578,9.1803
Democratic Republic of the Congo,Food Household Consumption,Emissions (CO2eq) from CH4 (AR5),kilotonnes,16.0524,15.89,15.9824,17.2312,19.4992,20.37,34.258,26.7512,26.6028,29.0724,27.3504,29.344,32.4884,35.042,35.8148,32.9364,31.7352,20.4148,20.4148,20.4148,21.3264
Democratic Republic of the Congo,Food Household Consumption,Emissions (CO2eq) from N2O (AR5),kilotonnes,0.795,0.795,0.795,0.848,0.954,1.0335,1.7225,1.325,1.325,1.4575,1.378,1.4575,1.6165,1.749,1.7755,1.643,1.5635,1.007,1.007,1.007,1.0328
Democratic Republic of the Congo,Food Household Consumption,Emissions (CO2eq) (AR5),kilotonnes,30.6763,25.6227,25.7263,30.8347,28.6155,43.0687,56.9124,43.2166,38.1786,54.4796,47.5957,51.131,54.82,59.0369,51.4061,46.8246,44.1789,30.9141,31.2796,31.2796,31.5395
Democratic Republic of the Congo,Food Transport,Emissions (CH4),kilotonnes,0.0156,0.0131,0.0133,0.0161,0.0176,0.0215,0.023,0.0248,0.0262,0.0267,0.0301,0.035,0.0343,0.0539,0.0735,0.0435,0.0332,0.0361,0.0348,0.0429,0.0448
Democratic Republic of the Congo,Food Transport,Emissions (N2O),kilotonnes,0.002,0.0017,0.0017,0.0021,0.0023,0.0028,0.003,0.0034,0.0036,0.0037,0.0042,0.0048,0.0051,0.008,0.0109,0.0064,0.0049,0.0054,0.0052,0.0064,0.0066
Democratic Republic of the Congo,Food Transport,Emissions (CO2),kilotonnes,86.9,71.28,76.23,90.42,98.45,122.1,132,146.3,167.2,167.2,181.5,234.3,218.71,342.43,467.04,275.61,197.33,222.6207,214.0807,287.479,267.721
Democratic Republic of the Congo,Food Transport,Emissions (CO2eq) from CH4 (AR5),kilotonnes,0.4368,0.3668,0.3724,0.4508,0.4928,0.602,0.644,0.6944,0.7336,0.7476,0.8428,0.98,0.9604,1.5092,2.058,1.218,0.9296,1.0108,0.9744,1.2012,1.2548
Democratic Republic of the Congo,Food Transport,Emissions (CO2eq) from N2O (AR5),kilotonnes,0.53,0.4505,0.4505,0.5565,0.6095,0.742,0.795,0.901,0.954,0.9805,1.113,1.272,1.3515,2.12,2.8885,1.696,1.2985,1.431,1.378,1.696,1.7395
Democratic Republic of the Congo,Food Transport,Emissions (CO2eq) (AR5),kilotonnes,87.8668,72.0973,77.0529,91.4273,99.5523,123.444,133.439,147.8954,168.8876,168.9281,183.4558,236.552,221.0219,346.0592,471.9865,278.524,199.5581,225.0625,216.4331,290.3762,270.7153
Democratic Republic of the Congo,Energy,Emissions (CH4),kilotonnes,324,320,320,322,324,324,325,349,349,342,345,354,561,590,623,641,656,709,678,739,772
Democratic Republic of the Congo,Energy,Emissions (N2O),kilotonnes,2.22,2.29,2.37,2.46,2.54,2.64,2.73,2.83,2.92,3.02,3.03,3.2,2.62,2.97,3.38,3.45,3.55,4.1,4.05,3.9,4
Democratic Republic of the Congo,Energy,Emissions (CO2),kilotonnes,1670,1600,1660,2030,1900,2100,2160,2430,2530,2280,2520,2970,2640,3760,4950,3070,2340,2500,2950,2910,2710
Democratic Republic of the Congo,Energy,Emissions (CO2eq) from CH4 (AR5),kilotonnes,9072,8960,8960,9016,9072,9072,9100,9772,9772,9576,9660,9912,15708,16520,17444,17948,18368,19852,18984,20692,21616
Democratic Republic of the Congo,Energy,Emissions (CO2eq) from N2O (AR5),kilotonnes,588.3,606.85,628.05,651.9,673.1,699.6,723.45,749.95,773.8,800.3,802.95,848,694.3,787.05,895.7,914.25,940.75,1086.5,1073.25,1033.5,1060
Democratic Republic of the Congo,Energy,Emissions (CO2eq) (AR5),kilotonnes,11330.3,11166.85,11248.05,11697.9,11645.1,11871.6,11983.45,12951.95,13075.8,12656.3,12982.95,13730,19042.3,21067.05,23289.7,21932.25,21648.75,23438.5,23007.25,24635.5,25386
Democratic Republic of the Congo,IPPU,Emissions (N2O),kilotonnes,0.0005,0.0005,0.0005,0.0006,0.0006,0.0006,0.0006,0.0006,0.0007,0.0007,0.0007,0.0007,0.0008,0.0008,0.0008,0.0008,0.0009,0.0009,0.0009,0.0009,0.001
Democratic Republic of the Congo,IPPU,Emissions (CO2),kilotonnes,261,278,310,342,375,429,432,441,400,419,432,419,403,419,374,402,346,598,656,708,710
Democratic Republic of the Congo,IPPU,Emissions (CO2eq) from N2O (AR5),kilotonnes,0.1373,0.141,0.1452,0.1497,0.1545,0.1595,0.1648,0.1704,0.176,0.1821,0.1882,0.1945,0.2011,0.2078,0.2149,0.2221,0.2295,0.2372,0.2449,0.2483,0.2547
Democratic Republic of the Congo,IPPU,Emissions (CO2eq) (AR5),kilotonnes,261.1373,278.141,310.1452,342.1497,375.1545,429.1595,432.1648,441.1704,400.176,419.1821,432.1882,419.1945,403.2011,419.2078,374.2149,402.2221,346.2295,598.2372,656.2449,708.2483,710.2547
Democratic Republic of the Congo,Waste,Emissions (CH4),kilotonnes,292,299,309,321,334,347,361,377,393,408,426,445,464,487,510,534,554,575,598,607,626
Democratic Republic of the Congo,Waste,Emissions (N2O),kilotonnes,0.761,0.782,0.805,0.843,0.877,0.919,0.964,1.01,1.07,1.13,1.19,1.26,1.31,1.37,1.43,1.49,1.55,1.59,1.61,1.7,1.76
Democratic Republic of the Congo,Waste,Emissions (CO2eq) from CH4 (AR5),kilotonnes,8176,8372,8652,8988,9352,9716,10108,10556,11004,11424,11928,12460,12992,13636,14280,14952,15512,16100,16744,16996,17528
Democratic Republic of the Congo,Waste,Emissions (CO2eq) from N2O (AR5),kilotonnes,201.665,207.23,213.325,223.395,232.405,243.535,255.46,267.65,283.55,299.45,315.35,333.9,347.15,363.05,378.95,394.85,410.75,421.35,426.65,450.5,466.4
Democratic Republic of the Congo,Waste,Emissions (CO2eq) (AR5),kilotonnes,8377.665,8579.23,8865.325,9211.395,9584.405,9959.535,10363.46,10823.65,11287.55,11723.45,12243.35,12793.9,13339.15,13999.05,14658.95,15346.85,15922.75,16521.35,17170.65,17446.5,17994.4
Democratic Republic of the Congo,Other,Emissions (N2O),kilotonnes,1.23,1.26,1.31,1.36,1.41,1.47,1.52,1.58,1.64,1.69,1.71,1.82,2.12,2.36,2.63,2.6,2.63,2.88,2.8,2.99,3.1
Democratic Republic of the Congo,Other,Emissions (CO2eq) from N2O (AR5),kilotonnes,325.95,333.9,347.15,360.4,373.65,389.55,402.8,418.7,434.6,447.85,453.15,482.3,561.8,625.4,696.95,689,696.95,763.2,742,792.35,821.5
Democratic Republic of the Congo,Other,Emissions (CO2eq) (AR5),kilotonnes,325.95,333.9,347.15,360.4,373.65,389.55,402.8,418.7,434.6,447.85,453.15,482.3,561.8,625.4,696.95,689,696.95,763.2,742,792.35,821.5
Democratic Republic of the Congo,Farm-gate emissions,Emissions (CH4),kilotonnes,349.0477,380.2089,475.0665,518.5054,552.811,543.6906,550.9236,484.9818,512.7276,507.5013,541.9472,509.9846,497.6369,525.5345,514.6881,533.145,532.233,554.7975,526.4969,544.4714,540.6419
Democratic Republic of the Congo,Farm-gate emissions,Direct emissions (N2O),kilotonnes,3.1089,3.0377,2.9327,2.9516,2.9487,2.944,2.9668,2.9899,3.0159,2.9946,3.3753,3.3995,3.5579,3.7785,4.0293,4.1551,4.1196,4.2865,4.2915,4.4923,4.6058
Democratic Republic of the Congo,Farm-gate emissions,Indirect emissions (N2O),kilotonnes,0.9701,0.9501,0.9191,0.9255,0.9249,0.9236,0.9311,0.9388,0.9476,0.9408,1.03,1.0341,1.0683,1.1234,1.1933,1.2264,1.2069,1.2514,1.2421,1.2962,1.334
Democratic Republic of the Congo,Farm-gate emissions,Emissions (N2O),kilotonnes,30.1587,33.0584,41.7308,45.7198,48.8466,48.0066,48.6954,42.7034,45.2669,44.7612,46.9338,44.1424,42.9646,45.1284,43.8144,45.4699,45.1004,47.0474,44.1585,45.7125,45.9657
Democratic Republic of the Congo,Farm-gate emissions,Emissions (CO2),kilotonnes,671.5195,677.2932,690.5987,707.0071,720.9546,737.5936,750.9477,763.8642,777.4545,785.4086,798.4313,816.8783,824.0177,851.7934,883.2538,853.3815,858.5788,870.5319,878.0879,866.3349,870.2015
Democratic Republic of the Congo,Farm-gate emissions,Emissions (CO2eq) from CH4 (AR5),kilotonnes,9773.3351,10645.8502,13301.8619,14518.1525,15478.7086,15223.3368,15425.8606,13579.4917,14356.3741,14210.0359,15174.5228,14279.5697,13933.8326,14714.9662,14411.2656,14928.0587,14902.5242,15534.3306,14741.9135,15245.198,15137.9725
Democratic Republic of the Congo,Farm-gate emissions,Emissions (CO2eq) from N2O (AR5),kilotonnes,7992.0574,8760.4803,11058.6716,12115.7569,12944.3481,12721.7553,12904.2934,11316.391,11995.7377,11861.7111,12437.4439,11697.7362,11385.628,11959.0241,11610.8247,12049.5148,11951.5938,12467.5686,11702.0137,12113.8126,12180.9224
Democratic Republic of the Congo,Farm-gate emissions,Emissions (CO2eq) (AR5),kilotonnes,18436.912,20083.6237,25051.1322,27340.9165,29144.0114,28682.6858,29081.1017,25659.7469,27129.5663,26857.1556,28410.3979,26794.1841,26143.4784,27525.7837,26905.3441,27830.955,27712.6968,28872.431,27322.015,28225.3456,28189.0964
Democratic Republic of the Congo,Land Use change,Emissions (CH4),kilotonnes,698.4291,334.2878,497.9121,591.3517,618.6609,623.6606,657.7609,556.9938,607.9892,596.6094,620.4599,635.6012,591.8154,603.8747,574.5795,631.0708,638.0318,612.2413,525.4294,570.6838,584.0207
Democratic Republic of the Congo,Land Use change,Emissions (N2O),kilotonnes,20.542,30.5219,45.4615,53.993,56.4864,56.9429,60.0564,50.856,55.5121,54.473,56.6507,58.0332,54.0353,55.1364,52.4616,57.6195,58.2551,55.9003,47.974,52.1059,53.3236
Democratic Republic of the Congo,Land Use change,Emissions (CO2),kilotonnes,367180.2288,367169.319,367169.319,367169.319,367169.319,367169.319,367169.319,367169.319,367169.319,367169.319,367169.319,600789.5942,600789.5942,600789.5942,600789.5942,600789.5942,600789.5942,600789.5942,600789.5942,600789.5942,600789.5942
Democratic Republic of the Congo,Land Use change,Emissions (CO2eq) from CH4 (AR5),kilotonnes,19556.0145,9360.0583,13941.5393,16557.8469,17322.5051,17462.4975,18417.3049,15595.8277,17023.6978,16705.0624,17372.8783,17796.8349,16570.8304,16908.4921,16088.2257,17669.9831,17864.8905,17142.756,14712.0238,15979.1462,16352.5804
Democratic Republic of the Congo,Land Use change,Emissions (CO2eq) from N2O (AR5),kilotonnes,5443.6385,8088.3112,12047.3085,14308.1394,14968.9039,15089.8756,15914.9537,13476.8294,14710.6954,14435.3528,15012.4329,15378.7867,14319.3589,14611.1426,13902.3255,15269.1702,15437.5956,14813.5772,12713.1075,13808.0666,14130.7624
Democratic Republic of the Congo,Land Use change,Emissions (CO2eq) (AR5),kilotonnes,392179.8818,384617.6885,393158.1668,398035.3053,399460.728,399721.6921,401501.5776,396241.9761,398903.7122,398309.7342,399554.6301,633965.2159,631679.7836,632309.229,630780.1455,633728.7476,634092.0804,632745.9275,628214.7256,630576.807,631272.9371
Democratic Republic of the Congo,Emissions on agricultural land,Emissions (CH4),kilotonnes,1047.4768,714.4967,972.9786,1109.8571,1171.4719,1167.3512,1208.6845,1041.9757,1120.7169,1104.1107,1162.4072,1145.5859,1089.4523,1129.4092,1089.2675,1164.2158,1170.2648,1167.0388,1051.9263,1115.1552,1124.6626
Democratic Republic of the Congo,Emissions on agricultural land,Emissions (N2O),kilotonnes,50.7007,63.5803,87.1924,99.7128,105.333,104.9496,108.7519,93.5593,100.779,99.2342,103.5844,102.1756,97,100.2648,96.276,103.0894,103.3554,102.9477,92.1325,97.8184,99.2894
Democratic Republic of the Congo,Emissions on agricultural land,Emissions (CO2),kilotonnes,367851.7483,367846.6122,367859.9177,367876.3261,367890.2736,367906.9126,367920.2667,367933.1832,367946.7735,367954.7276,367967.7503,601606.4725,601613.6119,601641.3876,601672.848,601642.9757,601648.173,601660.1261,601667.6821,601655.9292,601659.7958
Democratic Republic of the Congo,Emissions on agricultural land,Emissions (CO2eq) from CH4 (AR5),kilotonnes,29329.3496,20005.9085,27243.4012,31075.9994,32801.2138,32685.8343,33843.1655,29175.3194,31380.0719,30915.0982,32547.401,32076.4047,30504.6631,31623.4583,30499.4914,32598.0418,32767.4147,32677.0866,29453.9373,31224.3442,31490.5529
Democratic Republic of the Congo,Emissions on agricultural land,Emissions (CO2eq) from N2O (AR5),kilotonnes,13435.6959,16848.7915,23105.9801,26423.8963,27913.252,27811.6309,28819.2471,24793.2204,26706.4331,26297.0639,27449.8767,27076.5229,25704.987,26570.1668,25513.1501,27318.685,27389.1894,27281.1458,24415.1212,25921.8792,26311.6848
Democratic Republic of the Congo,Emissions on agricultural land,Emissions (CO2eq) (AR5),kilotonnes,410616.7938,404701.3122,418209.299,425376.2217,428604.7394,428404.3778,430582.6793,421901.723,426033.2785,425166.8898,427965.028,660759.4001,657823.2619,659835.0126,657685.4895,661559.7025,661804.7771,661618.3585,655536.7406,658802.1526,659462.0335
Democratic Republic of the Congo,Pre- and post- production,Emissions (CH4),kilotonnes,237.1696,238.1244,239.9072,242.2379,244.9539,247.8233,251.4599,254.5808,258.1311,261.2269,264.8937,268.7075,273.248,277.5687,281.6879,285.3499,289.194,292.5982,296.5476,299.8209,303.6039
Democratic Republic of the Congo,Pre- and post- production,Emissions (N2O),kilotonnes,0.0176,0.0161,0.0155,0.0171,0.0185,0.0197,0.0226,0.0218,0.0223,0.0232,0.0244,0.0267,0.0278,0.0322,0.0359,0.031,0.0307,0.0308,0.0309,0.0302,0.0307
Democratic Republic of the Congo,Pre- and post- production,Emissions (CO2),kilotonnes,106.182,86.2083,90.9826,115.0594,120.2734,159.6804,169.9896,181.1772,198.972,210.2898,222.9453,276.407,257.4824,385.336,528.8983,316.5176,227.0217,251.732,247.3089,324.951,302.6395
Democratic Republic of the Congo,Pre- and post- production,Emissions (CO2eq) from CH4 (AR5),kilotonnes,6640.7497,6667.4827,6717.4026,6782.6612,6858.7094,6939.0523,7040.8786,7128.2612,7227.6703,7314.3534,7417.0242,7523.8099,7650.943,7771.9238,7887.2603,7989.796,8097.4334,8192.7504,8303.333,8394.9838,8500.9083
Democratic Republic of the Congo,Pre- and post- production,Emissions (CO2eq) from N2O (AR5),kilotonnes,4.6531,4.2774,4.1067,4.5426,4.9075,5.22,5.9768,5.7716,5.9089,6.1387,6.4545,7.0807,7.3671,8.5207,9.5098,8.2072,8.1393,8.1732,8.1833,7.9995,8.1296
Democratic Republic of the Congo,Pre- and post- production,Emissions (CO2eq) (AR5),kilotonnes,6751.5848,6757.9684,6812.492,6902.2632,6983.8903,7103.9527,7216.845,7315.21,7432.5512,7530.7819,7646.424,7807.2976,7915.7925,8165.7805,8425.6683,8314.5208,8332.5944,8452.6556,8558.8253,8727.9343,8811.6774
Democratic Republic of the Congo,Agri-food systems,Emissions (CH4),kilotonnes,1284.6464,952.6211,1212.8859,1352.095,1416.4258,1415.1745,1460.1444,1296.5564,1378.8479,1365.3376,1427.3009,1414.2934,1362.7002,1406.9779,1370.9554,1449.5656,1459.4589,1459.637,1348.4739,1414.976,1428.2665
Democratic Republic of the Congo,Agri-food systems,Emissions (N2O),kilotonnes,50.7183,63.5965,87.2079,99.73,105.3515,104.9692,108.7744,93.5811,100.8013,99.2574,103.6088,102.2023,97.0278,100.2969,96.3119,103.1203,103.3861,102.9786,92.1634,97.8486,99.3201
Democratic Republic of the Congo,Agri-food systems,Emissions (CO2),kilotonnes,367957.9303,367932.8205,367950.9003,367991.3855,368010.547,368066.593,368090.2563,368114.3604,368145.7455,368165.0174,368190.6956,601882.8795,601871.0943,602026.7236,602201.7463,601959.4933,601875.1947,601911.8581,601914.991,601980.8802,601962.4353
Democratic Republic of the Congo,Agri-food systems,Emissions (CO2eq) from CH4 (AR5),kilotonnes,35970.0993,26673.3912,33960.8039,37858.6606,39659.9232,39624.8867,40884.0441,36303.5806,38607.7422,38229.4517,39964.4252,39600.2146,38155.6061,39395.3821,38386.7516,40587.8378,40864.8481,40869.837,37757.2703,39619.3281,39991.4612
Democratic Republic of the Congo,Agri-food systems,Emissions (CO2eq) from N2O (AR5),kilotonnes,13440.349,16853.0689,23110.0868,26428.4389,27918.1595,27816.8509,28825.2239,24798.992,26712.342,26303.2026,27456.3312,27083.6036,25712.354,26578.6874,25522.6599,27326.8922,27397.3287,27289.319,24423.3045,25929.8787,26319.8144
Democratic Republic of the Congo,Agri-food systems,Emissions (CO2eq) (AR5),kilotonnes,417368.3786,411459.2805,425021.7909,432278.4849,435588.6297,435508.3306,437799.5243,429216.933,433465.8297,432697.6717,435611.452,668566.6977,665739.0545,668000.7931,666111.1579,669874.2233,670137.3715,670071.0141,664095.5659,667530.087,668273.7109
Democratic Republic of the Congo,IPCC Agriculture,Emissions (CH4),kilotonnes,348.4854,379.6156,474.4411,517.8468,552.1197,542.9659,550.1664,484.1918,511.9054,506.6472,541.0599,509.064,496.6854,524.5442,513.6586,532.0962,531.1555,553.6876,525.3551,543.3007,539.4712
Democratic Republic of the Congo,IPCC Agriculture,Emissions (CH4),kilotonnes,1417.72,1378.9,1372.31,1372.96,,,,,,,1006,,,,,,,,,,
Democratic Republic of the Congo,IPCC Agriculture,Direct emissions (N2O),kilotonnes,3.1089,3.0377,2.9327,2.9516,2.9487,2.944,2.9668,2.9899,3.0159,2.9946,3.3753,3.3995,3.5579,3.7785,4.0293,4.1551,4.1196,4.2865,4.2915,4.4923,4.6058
Democratic Republic of the Congo,IPCC Agriculture,Indirect emissions (N2O),kilotonnes,0.9701,0.9501,0.9191,0.9255,0.9249,0.9236,0.9311,0.9388,0.9476,0.9408,1.03,1.0341,1.0683,1.1234,1.1933,1.2264,1.2069,1.2514,1.2421,1.2962,1.334
Democratic Republic of the Congo,IPCC Agriculture,Emissions (N2O),kilotonnes,30.1528,33.0529,41.7247,45.7128,48.8387,47.9972,48.6853,42.6926,45.255,44.75,46.9223,44.128,42.9505,45.109,43.7895,45.4529,45.087,47.0326,44.1441,45.7001,45.9533
Democratic Republic of the Congo,IPCC Agriculture,Emissions (N2O),kilotonnes,6222,8593,8803,8766,8500,8455,9715,8492,10379,8483,28,,,,,,,,,,
Democratic Republic of the Congo,IPCC Agriculture,Emissions (CO2eq) from CH4 (AR5),kilotonnes,9757.5902,10629.2366,13284.3514,14499.7103,15459.3529,15203.0457,15404.6601,13557.3706,14333.3507,14186.121,15149.6773,14253.7921,13907.1901,14687.2371,14382.4405,14898.6926,14872.3548,15503.253,14709.9418,15212.4193,15105.1938
Democratic Republic of the Congo,IPCC Agriculture,Emissions (CO2eq) from CH4 (AR5),kilotonnes,39696.16,38609.2,38424.68,38442.88,,,,,,,28168,,,,,,,,,,
Democratic Republic of the Congo,IPCC Agriculture,Emissions (CO2eq) from N2O (AR5),kilotonnes,7990.4857,8759.0306,11057.0534,12113.8831,12942.2647,12719.2555,12901.606,11313.5313,11992.5849,11858.7438,12434.4131,11693.9205,11381.8722,11953.8905,11604.2118,12045.0131,11948.0564,12463.6313,11698.1769,12110.5226,12177.6323
Democratic Republic of the Congo,IPCC Agriculture,Emissions (CO2eq) from N2O (AR5),kilotonnes,1648830,2277145,2332795,2322990,2252500,2240575,2574475,2250380,2750435,2247995,7420,,,,,,,,,,
Democratic Republic of the Congo,IPCC Agriculture,Emissions (CO2eq) (AR5),kilotonnes,17748.0759,19388.2672,24341.4048,26613.5934,28401.6177,27922.3013,28306.2661,24870.9019,26325.9355,26044.8648,27584.0904,25947.7126,25289.0622,26641.1276,25986.6523,26943.7057,26820.4112,27966.8843,26408.1187,27322.9419,27282.8261
Democratic Republic of the Congo,IPCC Agriculture,Emissions (CO2eq) (AR5),kilotonnes,1688526.16,2315754.2,2371219.68,2361432.88,2252500,2240575,2574475,2250380,2750435,2247995,35588,,,,,,,,,,
Democratic Republic of the Congo,Agricultural Soils,Direct emissions (N2O),kilotonnes,3.1089,3.0377,2.9327,2.9516,2.9487,2.944,2.9668,2.9899,3.0159,2.9946,3.3753,3.3995,3.5579,3.7785,4.0293,4.1551,4.1196,4.2865,4.2915,4.4923,4.6058
Democratic Republic of the Congo,Agricultural Soils,Indirect emissions (N2O),kilotonnes,0.9701,0.9501,0.9191,0.9255,0.9249,0.9236,0.9311,0.9388,0.9476,0.9408,1.03,1.0341,1.0683,1.1234,1.1933,1.2264,1.2069,1.2514,1.2421,1.2962,1.334
Democratic Republic of the Congo,Agricultural Soils,Emissions (N2O),kilotonnes,4.1525,4.0606,3.9247,3.9499,3.9463,3.9403,3.9706,4.0014,4.0361,4.008,4.4779,4.5062,4.6988,4.9745,5.2952,5.454,5.3995,5.611,5.6065,5.8596,6.0115
Democratic Republic of the Congo,Agricultural Soils,Emissions (N2O),kilotonnes,1.88,1.83,1.78,1.07,,,,,,,,,,,,,,,,,
Democratic Republic of the Congo,Agricultural Soils,Emissions (CO2eq) from N2O (AR5),kilotonnes,1100.4119,1076.0704,1040.0372,1046.7331,1045.7779,1044.181,1052.222,1060.3677,1069.556,1062.1247,1186.6499,1194.1455,1245.1803,1318.2356,1403.2301,1445.3146,1430.8647,1486.9229,1485.7197,1552.794,1593.0445
Democratic Republic of the Congo,Agricultural Soils,Emissions (CO2eq) from N2O (AR5),kilotonnes,498.2,484.95,471.7,283.55,,,,,,,,,,,,,,,,,
Democratic Republic of the Congo,Agricultural Soils,Emissions (CO2eq) (AR5),kilotonnes,1100.4119,1076.0704,1040.0372,1046.7331,1045.7779,1044.181,1052.222,1060.3677,1069.556,1062.1247,1186.6499,1194.1455,1245.1803,1318.2356,1403.2301,1445.3146,1430.8647,1486.9229,1485.7197,1552.794,1593.0445
Democratic Republic of the Congo,Agricultural Soils,Emissions (CO2eq) (AR5),kilotonnes,498.2,484.95,471.7,283.55,,,,,,,,,,,,,,,,,
Democratic Republic of the Congo,LULUCF,Emissions (CH4),kilotonnes,713.4886,337.3947,504.2919,597.4515,625.4718,631.2097,665.1689,561.8749,612.6496,602.0502,624.1491,639.226,595.554,607.4573,578.5462,636.6752,642.2735,616.1634,529.1484,575.146,587.809
Democratic Republic of the Congo,LULUCF,Emissions (CH4),kilotonnes,1657,1657,1657,1657,1657,1657,1802,1802,1802,1802,1802,,,,,,,,,,
Democratic Republic of the Congo,LULUCF,Emissions (N2O),kilotonnes,20.985,30.8056,46.044,54.5499,57.1083,57.6322,60.7328,51.3016,55.9376,54.9698,56.9875,58.3641,54.3767,55.4635,52.8238,58.1312,58.6424,56.2584,48.3135,52.5133,53.6695
Democratic Republic of the Congo,LULUCF,Emissions (N2O),kilotonnes,168,168,168,168,168,168,183,183,183,183,183,,,,,,,,,,
Democratic Republic of the Congo,LULUCF,Emissions (CO2),kilotonnes,367585.9326,367581.9798,367581.9798,367581.4277,367581.1003,367581.1003,367581.1003,367580.5483,367580.5483,367580.5483,367580.5483,601255.3725,601255.3725,601254.8206,601254.8206,601254.8206,601258.2154,601258.2154,601256.9263,601244.5516,601248.4182
Democratic Republic of the Congo,LULUCF,Emissions (CO2),kilotonnes,199907,199907,199907,199907,199907,199907,191070,197032,218060,226832,235943,,,,,,,,,,
Democratic Republic of the Congo,LULUCF,Emissions (CO2eq) from CH4 (AR5),kilotonnes,19977.6812,9447.0528,14120.172,16728.6409,17513.2094,17673.8714,18624.7297,15732.4965,17154.1897,16857.4064,17476.175,17898.3284,16675.5124,17008.8052,16199.2934,17826.9056,17983.6571,17252.5761,14816.1548,16104.0881,16458.6526
Democratic Republic of the Congo,LULUCF,Emissions (CO2eq) from N2O (AR5),kilotonnes,5561.0141,8163.4858,12201.6704,14455.7278,15133.6972,15272.5302,16094.1957,13594.9291,14823.4574,14566.9979,15101.6947,15466.4903,14409.8178,14697.8263,13998.3025,15404.7717,15540.2254,14908.4761,12803.0903,13916.0326,14222.4227
Democratic Republic of the Congo,LULUCF,Emissions (CO2eq) (AR5),kilotonnes,393124.628,385192.5184,393903.8222,398765.7964,400228.0069,400527.502,402300.0257,396907.9739,399558.1954,399004.9526,400158.4181,634620.1913,632340.7027,632961.4521,631452.4165,634486.4979,634782.0978,633419.2675,628876.1714,631264.6723,631929.4936
Democratic Republic of the Congo,LULUCF,Emissions (CO2eq) (AR5),kilotonnes,199907,199907,199907,199907,199907,199907,191070,197032,218060,226832,235943,,,,,,,,,,
Democratic Republic of the Congo,AFOLU,Emissions (CH4),kilotonnes,1061.974,717.0103,978.733,1115.2983,1177.5915,1174.1756,1215.3353,1046.0667,1124.555,1108.6974,1165.209,1148.29,1092.2394,1132.0015,1092.2048,1168.7714,1173.429,1169.851,1054.5034,1118.4467,1127.2802
Democratic Republic of the Congo,AFOLU,Emissions (N2O),kilotonnes,51.1377,63.8586,87.7688,100.2627,105.947,105.6294,109.4181,93.9942,101.1926,99.7198,103.9098,102.4921,97.3271,100.5725,96.6133,103.5841,103.7294,103.291,92.4576,98.2134,99.6228
Democratic Republic of the Congo,AFOLU,Emissions (CO2),kilotonnes,367585.9326,367581.9798,367581.9798,367581.4277,367581.1003,367581.1003,367581.1003,367580.5483,367580.5483,367580.5483,367580.5483,601255.3725,601255.3725,601254.8206,601254.8206,601254.8206,601258.2154,601258.2154,601256.9263,601244.5516,601248.4182
Democratic Republic of the Congo,AFOLU,Emissions (CO2eq) from CH4 (AR5),kilotonnes,29735.2715,20076.2894,27404.5234,31228.3513,32972.5623,32876.9172,34029.3898,29289.8671,31487.5404,31043.5273,32625.8524,32152.1205,30582.7025,31696.0423,30581.734,32725.5982,32856.0118,32755.8291,29526.0966,31316.5073,31563.8464
Democratic Republic of the Congo,AFOLU,Emissions (CO2eq) from N2O (AR5),kilotonnes,13551.4999,16922.5164,23258.7238,26569.6108,28075.9619,27991.7857,28995.8017,24908.4603,26816.0423,26425.7417,27536.1078,27160.4108,25791.6899,26651.7168,25602.5143,27449.7848,27488.2818,27372.1074,24501.2671,26026.5553,26400.055
Democratic Republic of the Congo,AFOLU,Emissions (CO2eq) (AR5),kilotonnes,410872.7039,404580.7856,418245.227,425379.3899,428629.6245,428449.8032,430606.2918,421778.8757,425884.1309,425049.8174,427742.5085,660567.9039,657629.7649,659602.5797,657439.0688,661430.2036,661602.509,661386.1518,655284.29,658587.6142,659212.3197
Democratic Republic of the Congo,All sectors with LULUCF,Emissions (CH4),kilotonnes,1677.974,1336.0103,1607.733,1758.2983,1835.5915,1845.1756,1901.3353,1772.0667,1866.555,1858.6974,1936.209,1947.29,2117.2394,2209.0015,2225.2048,2343.7714,2383.429,2453.851,2330.5034,2464.4467,2525.2802
Democratic Republic of the Congo,All sectors with LULUCF,Emissions (N2O),kilotonnes,55.3493,68.1911,92.2543,104.9262,110.7746,110.659,114.6327,99.4148,106.8233,105.5605,109.8406,108.7729,103.3779,107.2733,104.0541,111.1249,111.4602,111.8619,100.9185,106.8044,108.4838
Democratic Republic of the Congo,All sectors with LULUCF,Emissions (CO2),kilotonnes,369516.9326,369459.9798,369551.9798,369953.4277,369856.1003,370110.1003,370173.1003,370451.5483,370510.5483,370279.5483,370532.5483,604644.3725,604298.3725,605433.8206,606578.8206,604726.8206,603944.2154,604356.2154,604862.9263,604862.5516,604668.4182
Democratic Republic of the Congo,All sectors with LULUCF,Emissions (CO2eq) from CH4 (AR5),kilotonnes,46983.2715,37408.2894,45016.5234,49232.3513,51396.5623,51664.9172,53237.3898,49617.8671,52263.5404,52043.5273,54213.8524,54524.1205,59282.7025,61852.0423,62305.734,65625.5982,66736.0118,68707.8291,65254.0966,69004.5073,70707.8464
Democratic Republic of the Congo,All sectors with LULUCF,Emissions (CO2eq) from N2O (AR5),kilotonnes,14667.5521,18070.6374,24447.394,27805.4556,29355.2714,29324.6303,30377.6766,26344.9307,28308.1682,27973.5238,29107.7459,28824.8053,27395.1411,28427.4245,27574.3292,29448.1069,29536.9613,29643.3945,26743.412,28303.1536,28748.2097
Democratic Republic of the Congo,All sectors with LULUCF,Emissions (CO2eq) (AR5),kilotonnes,431167.7562,424938.9066,439015.8973,446991.2346,450607.934,451099.6478,453788.1666,446414.3461,451082.2569,450296.5994,453854.1466,687993.2984,690976.2161,695713.2874,696458.8838,699800.5257,700217.1885,702707.439,696860.4349,702170.2125,704124.4743
Democratic Republic of the Congo,All sectors without LULUCF,Emissions (CH4),kilotonnes,964.4854,998.6156,1103.4411,1160.8468,1210.1197,1213.9659,1236.1664,1210.1918,1253.9054,1256.6472,1312.0599,1308.064,1521.6854,1601.5442,1646.6586,1707.0962,1741.1555,1837.6876,1801.3551,1889.3007,1937.4712
Democratic Republic of the Congo,All sectors without LULUCF,Emissions (N2O),kilotonnes,34.3643,37.3855,46.2103,50.3763,53.6663,53.0268,53.8999,48.1132,50.8857,50.5907,52.853,50.4087,49.0012,51.8098,51.2303,52.9937,52.8179,55.6035,52.605,54.291,54.8143
Democratic Republic of the Congo,All sectors without LULUCF,Emissions (CO2),kilotonnes,1931,1878,1970,2372,2275,2529,2592,2871,2930,2699,2952,3389,3043,4179,5324,3472,2686,3098,3606,3618,3420
Democratic Republic of the Congo,All sectors without LULUCF,Emissions (CO2eq) from CH4 (AR5),kilotonnes,27005.5902,27961.2366,30896.3514,32503.7103,33883.3529,33991.0457,34612.6601,33885.3706,35109.3507,35186.121,36737.6773,36625.7921,42607.1901,44843.2371,46106.4405,47798.6926,48752.3548,51455.253,50437.9418,52900.4193,54249.1938
Democratic Republic of the Congo,All sectors without LULUCF,Emissions (CO2eq) from N2O (AR5),kilotonnes,9106.538,9907.1516,12245.7236,13349.7278,14221.5742,14052.1001,14283.4808,12750.0017,13484.7108,13406.5259,14006.0512,13358.315,12985.3233,13729.5983,13576.0267,14043.3352,13996.7359,14734.9185,13940.3217,14387.1209,14525.787
Democratic Republic of the Congo,All sectors without LULUCF,Emissions (CO2eq) (AR5),kilotonnes,38043.1282,39746.3882,45112.075,48225.4381,50379.9272,50572.1458,51488.1409,49506.3723,51524.0615,51291.6469,53695.7285,53373.1071,58635.5134,62751.8353,65006.4672,65314.0278,65435.0907,69288.1715,67984.2635,70905.5402,72194.9808
Denmark,Crop Residues,Direct emissions (N2O),kilotonnes,1.7466,1.7585,1.656,1.6983,1.6866,1.7442,1.6295,1.5567,1.7079,1.8818,1.649,1.6577,1.7657,1.6958,1.822,1.8666,1.7176,1.8705,1.3255,1.7827,1.7728
Denmark,Crop Residues,Direct emissions (N2O),kilotonnes,2.6028,2.6625,2.5204,2.6081,2.6155,2.7403,2.7192,2.6254,2.8189,3.1406,2.895,2.97,3.0218,2.9862,3.2273,3.1889,3.0389,3.1865,2.4035,3.2814,3.1168
Denmark,Crop Residues,Indirect emissions (N2O),kilotonnes,0.393,0.3957,0.3726,0.3821,0.3795,0.3924,0.3666,0.3503,0.3843,0.4234,0.371,0.373,0.3973,0.3816,0.41,0.42,0.3865,0.4209,0.2982,0.4011,0.3989
Denmark,Crop Residues,Emissions (N2O),kilotonnes,2.1396,2.1541,2.0286,2.0804,2.0661,2.1367,1.9962,1.9069,2.0922,2.3052,2.02,2.0307,2.163,2.0774,2.232,2.2865,2.104,2.2914,1.6237,2.1838,2.1717
Denmark,Crop Residues,Emissions (N2O),kilotonnes,2.6028,2.6625,2.5204,2.6081,2.6155,2.7403,2.7192,2.6254,2.8189,3.1406,2.895,2.97,3.0218,2.9862,3.2273,3.1889,3.0389,3.1865,2.4035,3.2814,3.1168
Denmark,Crop Residues,Emissions (CO2eq) from N2O (AR5),kilotonnes,566.9949,570.8378,537.5921,551.3041,547.5162,566.2144,528.9811,505.3378,554.4213,610.8712,535.3001,538.1266,573.2019,550.5052,591.4703,605.9322,557.566,607.2084,430.2889,578.7196,575.5086
Denmark,Crop Residues,Emissions (CO2eq) from N2O (AR5),kilotonnes,689.7335,705.5528,667.9059,691.1401,693.114,726.1901,720.5964,695.738,747.0155,832.2599,767.1636,787.0582,800.7901,791.3555,855.228,845.0516,805.3151,844.4235,636.9402,869.5681,825.9568
Denmark,Crop Residues,Emissions (CO2eq) (AR5),kilotonnes,566.9949,570.8378,537.5921,551.3041,547.5162,566.2144,528.9811,505.3378,554.4213,610.8712,535.3001,538.1266,573.2019,550.5052,591.4703,605.9322,557.566,607.2084,430.2889,578.7196,575.5086
Denmark,Crop Residues,Emissions (CO2eq) (AR5),kilotonnes,689.7335,705.5528,667.9059,691.1401,693.114,726.1901,720.5964,695.738,747.0155,832.2599,767.1636,787.0582,800.7901,791.3555,855.228,845.0516,805.3151,844.4235,636.9402,869.5681,825.9568
Denmark,Burning - Crop residues,Emissions (CH4),kilotonnes,0.6777,0.6848,0.6228,0.7175,0.7197,0.7298,0.7412,0.7439,0.6893,0.7982,0.8503,0.8354,0.6981,0.6479,0.7423,0.7059,0.645,0.6473,0.4769,0.6339,0.5595
Denmark,Burning - Crop residues,Emissions (CH4),kilotonnes,0.1277,0.1342,0.1117,0.1343,0.1408,0.1428,0.1449,0.1254,0.1161,0.1366,0.0996,0.0986,0.1133,0.1224,0.1206,0.1075,0.105,0.1191,0.1371,0.1538,0.1538
Denmark,Burning - Crop residues,Emissions (N2O),kilotonnes,0.0176,0.0178,0.0161,0.0186,0.0187,0.0189,0.0192,0.0193,0.0179,0.0207,0.022,0.0217,0.0181,0.0168,0.0192,0.0183,0.0167,0.0168,0.0124,0.0164,0.0145
Denmark,Burning - Crop residues,Emissions (N2O),kilotonnes,0.0033,0.0035,0.0029,0.0035,0.0036,0.0037,0.0038,0.0033,0.003,0.0035,0.0026,0.0026,0.0029,0.0032,0.0031,0.0028,0.0027,0.0031,0.0036,0.004,0.004
Denmark,Burning - Crop residues,Emissions (CO2eq) from CH4 (AR5),kilotonnes,18.9752,19.1734,17.4371,20.0897,20.1519,20.4332,20.7537,20.8293,19.2992,22.3504,23.8095,23.3906,19.5456,18.141,20.7855,19.7664,18.0608,18.1243,13.3525,17.7479,15.6673
Denmark,Burning - Crop residues,Emissions (CO2eq) from CH4 (AR5),kilotonnes,3.5769,3.759,3.1269,3.759,3.9411,3.9992,4.0571,3.5104,3.2511,3.8246,2.789,2.7605,3.1724,3.4285,3.3757,3.0097,2.94,3.3345,3.8379,4.3055,4.3054
Denmark,Burning - Crop residues,Emissions (CO2eq) from N2O (AR5),kilotonnes,4.6559,4.7046,4.2786,4.9294,4.9447,5.0137,5.0923,5.1109,4.7354,5.4841,5.8421,5.7394,4.7959,4.4513,5.1001,4.8501,4.4316,4.4472,3.2763,4.3548,3.8443
Denmark,Burning - Crop residues,Emissions (CO2eq) from N2O (AR5),kilotonnes,0.8777,0.9223,0.7672,0.9224,0.967,0.9813,0.9955,0.8614,0.7977,0.9385,0.6843,0.6774,0.7784,0.8412,0.8283,0.7385,0.7214,0.8182,0.9417,1.0564,1.0564
Denmark,Burning - Crop residues,Emissions (CO2eq) (AR5),kilotonnes,23.6311,23.8779,21.7157,25.0191,25.0966,25.4469,25.8461,25.9402,24.0346,27.8345,29.6516,29.13,24.3415,22.5922,25.8856,24.6165,22.4924,22.5715,16.6288,22.1027,19.5116
Denmark,Burning - Crop residues,Emissions (CO2eq) (AR5),kilotonnes,4.4546,4.6813,3.8941,4.6814,4.9081,4.9805,5.0525,4.3718,4.0488,4.7631,3.4733,3.4379,3.9508,4.2697,4.204,3.7482,3.6614,4.1527,4.7796,5.362,5.3618
Denmark,Enteric Fermentation,Emissions (CH4),kilotonnes,164.39,166.9981,160.8917,156.413,150.8318,146.0012,142.8519,144.7857,143.9245,142.0163,145.7538,144.936,147.7787,147.3296,143.4811,143.1222,144.3662,142.9141,142.3513,140.3236,141.4167
Denmark,Enteric Fermentation,Emissions (CH4),kilotonnes,146.4457,149.3549,147.0495,145.3819,141.0755,140.5681,140.597,143.8253,145.0754,145.044,146.4493,144.8093,148.0744,148.9927,148.9753,147.8716,149.8483,150.4107,150.9748,148.9908,148.3688
Denmark,Enteric Fermentation,Emissions (CO2eq) from CH4 (AR5),kilotonnes,4602.921,4675.9479,4504.9685,4379.5653,4223.2894,4088.0347,3999.8521,4054.0003,4029.8851,3976.4551,4081.1063,4058.2089,4137.8029,4125.2292,4017.4703,4007.4223,4042.2532,4001.5956,3985.8365,3929.0597,3959.6662
Denmark,Enteric Fermentation,Emissions (CO2eq) from CH4 (AR5),kilotonnes,4100.4782,4181.9385,4117.3849,4070.6936,3950.1145,3935.9054,3936.7162,4027.1094,4062.11,4061.2329,4100.5801,4054.6606,4146.0843,4171.7956,4171.3091,4140.4054,4195.7513,4211.5007,4227.2951,4171.7424,4154.3267
Denmark,Enteric Fermentation,Emissions (CO2eq) (AR5),kilotonnes,4602.921,4675.9479,4504.9685,4379.5653,4223.2894,4088.0347,3999.8521,4054.0003,4029.8851,3976.4551,4081.1063,4058.2089,4137.8029,4125.2292,4017.4703,4007.4223,4042.2532,4001.5956,3985.8365,3929.0597,3959.6662
Denmark,Enteric Fermentation,Emissions (CO2eq) (AR5),kilotonnes,4100.4782,4181.9385,4117.3849,4070.6936,3950.1145,3935.9054,3936.7162,4027.1094,4062.11,4061.2329,4100.5801,4054.6606,4146.0843,4171.7956,4171.3091,4140.4054,4195.7513,4211.5007,4227.2951,4171.7424,4154.3267
Denmark,Manure Management,Emissions (CH4),kilotonnes,97.0145,101.3834,101.5353,102.1957,103.1062,104.1436,102.5531,105.004,99.0071,96.66,102.0796,100.4835,97.3156,95.7755,96.7675,97.9544,97.2415,96.9132,98.8179,99.2713,103.4131
Denmark,Manure Management,Emissions (CH4),kilotonnes,95.1843,99.1716,102.6176,104.571,106.6945,100.9581,96.2813,95.7198,92.4958,91.7443,93.6005,93.1032,91.0833,89.2475,89.9418,89.2426,88.663,88.1234,89.5353,85.9684,87.9488
Denmark,Manure Management,Emissions (N2O),kilotonnes,2.3142,2.383,2.35,2.3218,2.2949,2.2783,2.2378,2.2791,2.1932,2.1648,2.2531,2.2281,2.2059,2.1837,2.1713,2.182,2.1834,2.1786,2.197,2.1971,2.2557
Denmark,Manure Management,Emissions (N2O),kilotonnes,3.1618,3.2747,3.3551,3.3129,3.4229,3.2126,2.9859,2.9676,2.7968,2.6303,2.6281,2.5758,2.524,2.5025,2.4897,2.4546,2.4291,2.4184,2.4586,2.2925,2.2641
Denmark,Manure Management,Emissions (CO2eq) from CH4 (AR5),kilotonnes,2716.4049,2838.7352,2842.9873,2861.4807,2886.9737,2916.0198,2871.4873,2940.1116,2772.2002,2706.479,2858.2278,2813.5378,2724.8374,2681.714,2709.4894,2742.7241,2722.7628,2713.5703,2766.9022,2779.5968,2895.5672
Denmark,Manure Management,Emissions (CO2eq) from CH4 (AR5),kilotonnes,2665.1605,2776.805,2873.2929,2927.9883,2987.447,2826.8261,2695.8759,2680.1544,2589.8826,2568.8407,2620.8153,2606.8896,2550.332,2498.9297,2518.3714,2498.7921,2482.5638,2467.4559,2506.9872,2407.1149,2462.5662
Denmark,Manure Management,Emissions (CO2eq) from N2O (AR5),kilotonnes,613.2499,631.4957,622.7572,615.2763,608.1459,603.7612,593.0294,603.9543,581.185,573.6641,597.0835,590.4515,584.5602,578.6826,575.384,578.2337,578.6107,577.3235,582.2181,582.2427,597.7673
Denmark,Manure Management,Emissions (CO2eq) from N2O (AR5),kilotonnes,837.8772,867.8072,889.1111,877.913,907.0769,851.3475,791.2707,786.4025,741.1551,697.026,696.4574,682.5806,668.8613,663.1734,659.7782,650.4591,643.7168,640.8867,651.5419,607.5122,599.9928
Denmark,Manure Management,Emissions (CO2eq) (AR5),kilotonnes,3329.6548,3470.2309,3465.7445,3476.757,3495.1196,3519.7809,3464.5168,3544.0659,3353.3852,3280.1431,3455.3113,3403.9892,3309.3976,3260.3966,3284.8734,3320.9579,3301.3735,3290.8938,3349.1203,3361.8396,3493.3345
Denmark,Manure Management,Emissions (CO2eq) (AR5),kilotonnes,3503.0377,3644.6123,3762.404,3805.9013,3894.5239,3678.1736,3487.1466,3466.557,3331.0377,3265.8667,3317.2727,3289.4701,3219.1933,3162.1031,3178.1496,3149.2512,3126.2806,3108.3426,3158.5291,3014.6271,3062.559
Denmark,Manure left on Pasture,Direct emissions (N2O),kilotonnes,1.1045,1.1255,1.0627,1.0282,0.9816,0.9538,0.9326,0.9449,0.9454,0.9272,0.9559,0.9516,0.9807,0.9775,0.9441,0.9408,0.948,0.9386,0.9252,0.9113,0.9107
Denmark,Manure left on Pasture,Indirect emissions (N2O),kilotonnes,0.2456,0.2508,0.2359,0.2297,0.2193,0.2164,0.2117,0.2137,0.2137,0.2082,0.217,0.2155,0.223,0.2209,0.2129,0.2128,0.2138,0.2121,0.2082,0.2056,0.2053
Denmark,Manure left on Pasture,Emissions (N2O),kilotonnes,1.3501,1.3763,1.2986,1.2579,1.2009,1.1702,1.1443,1.1586,1.1591,1.1354,1.1728,1.1671,1.2036,1.1984,1.157,1.1536,1.1617,1.1508,1.1334,1.1168,1.116
Denmark,Manure left on Pasture,Emissions (CO2eq) from N2O (AR5),kilotonnes,357.7685,364.7128,344.1368,333.3386,318.2306,310.1045,303.2274,307.0191,307.1565,300.8809,310.796,309.2835,318.967,317.5635,306.5998,305.7068,307.8602,304.9529,300.3495,295.9636,295.7444
Denmark,Manure left on Pasture,Emissions (CO2eq) (AR5),kilotonnes,357.7685,364.7128,344.1368,333.3386,318.2306,310.1045,303.2274,307.0191,307.1565,300.8809,310.796,309.2835,318.967,317.5635,306.5998,305.7068,307.8602,304.9529,300.3495,295.9636,295.7444
Denmark,Manure applied to Soils,Direct emissions (N2O),kilotonnes,2.6976,2.7913,2.7586,2.7306,2.7114,2.7107,2.6649,2.7184,2.5934,2.5626,2.6771,2.6446,2.6008,2.5717,2.5685,2.5844,2.5809,2.5852,2.6096,2.6221,2.7002
Denmark,Manure applied to Soils,Direct emissions (N2O),kilotonnes,3.0923,3.1759,3.2623,3.2639,3.3309,3.3639,3.2547,3.4407,3.3665,3.286,3.2994,3.2908,3.2687,3.2887,3.3043,3.3113,3.3367,3.398,3.4444,3.3101,3.3412
Denmark,Manure applied to Soils,Indirect emissions (N2O),kilotonnes,1.1465,1.1863,1.1724,1.1605,1.1523,1.1521,1.1326,1.1553,1.1022,1.0891,1.1378,1.124,1.1054,1.093,1.0916,1.0984,1.0969,1.0987,1.1091,1.1144,1.1476
Denmark,Manure applied to Soils,Emissions (N2O),kilotonnes,3.8441,3.9776,3.931,3.8911,3.8637,3.8628,3.7975,3.8738,3.6955,3.6516,3.8149,3.7685,3.7062,3.6647,3.6601,3.6828,3.6777,3.6839,3.7187,3.7365,3.8478
Denmark,Manure applied to Soils,Emissions (N2O),kilotonnes,3.0923,3.1759,3.2623,3.2639,3.3309,3.3639,3.2547,3.4407,3.3665,3.286,3.2994,3.2908,3.2687,3.2887,3.3043,3.3113,3.3367,3.398,3.4444,3.3101,3.3412
Denmark,Manure applied to Soils,Emissions (CO2eq) from N2O (AR5),kilotonnes,1018.6949,1054.0525,1041.705,1031.1347,1023.8768,1023.6401,1006.328,1026.5523,979.316,967.6866,1010.9583,998.6638,982.1366,971.1423,969.9286,975.9298,974.594,976.2217,985.4503,990.1628,1019.6623
Denmark,Manure applied to Soils,Emissions (CO2eq) from N2O (AR5),kilotonnes,819.4695,841.6167,864.5094,864.9288,882.6943,891.4336,862.4895,911.7751,892.1323,870.8011,874.3431,872.0718,866.1986,871.5139,875.6373,877.4976,884.2155,900.4738,912.7631,877.1663,885.4064
Denmark,Manure applied to Soils,Emissions (CO2eq) (AR5),kilotonnes,1018.6949,1054.0525,1041.705,1031.1347,1023.8768,1023.6401,1006.328,1026.5523,979.316,967.6866,1010.9583,998.6638,982.1366,971.1423,969.9286,975.9298,974.594,976.2217,985.4503,990.1628,1019.6623
Denmark,Manure applied to Soils,Emissions (CO2eq) (AR5),kilotonnes,819.4695,841.6167,864.5094,864.9288,882.6943,891.4336,862.4895,911.7751,892.1323,870.8011,874.3431,872.0718,866.1986,871.5139,875.6373,877.4976,884.2155,900.4738,912.7631,877.1663,885.4064
Denmark,Synthetic Fertilizers,Direct emissions (N2O),kilotonnes,3.6771,3.3099,3.1743,3.2371,2.8627,2.8136,2.9906,3.0319,3.4292,2.9383,2.8302,2.8781,2.97,2.806,3.2162,3.5366,3.7828,3.7163,3.5198,3.5382,3.6578
Denmark,Synthetic Fertilizers,Direct emissions (N2O),kilotonnes,3.9575,3.6787,3.3197,3.1671,3.2548,3.2476,3.0204,3.0636,3.4707,3.3087,3.1303,3.2203,3.1203,3.1445,3.2099,3.3194,3.8133,3.9089,3.5232,3.6925,3.9608
Denmark,Synthetic Fertilizers,Indirect emissions (N2O),kilotonnes,1.1951,1.0757,1.0316,1.0521,0.9304,0.9144,0.9719,0.9854,1.1145,0.9549,0.9198,0.9354,0.9653,0.912,1.0453,1.1494,1.2294,1.2078,1.1439,1.1499,1.1888
Denmark,Synthetic Fertilizers,Emissions (N2O),kilotonnes,4.8722,4.3856,4.2059,4.2892,3.7931,3.728,3.9625,4.0172,4.5437,3.8932,3.75,3.8135,3.9353,3.718,4.2615,4.6859,5.0123,4.9241,4.6637,4.6881,4.8465
Denmark,Synthetic Fertilizers,Emissions (N2O),kilotonnes,3.9575,3.6787,3.3197,3.1671,3.2548,3.2476,3.0204,3.0636,3.4707,3.3087,3.1303,3.2203,3.1203,3.1445,3.2099,3.3194,3.8133,3.9089,3.5232,3.6925,3.9608
Denmark,Synthetic Fertilizers,Emissions (CO2eq) from N2O (AR5),kilotonnes,1291.1368,1162.1831,1114.5711,1136.6418,1005.161,987.9183,1050.0639,1064.5644,1204.0844,1031.7011,993.7615,1010.5683,1042.8413,985.2588,1129.2922,1241.7756,1328.248,1304.8877,1235.8754,1242.3513,1284.3341
Denmark,Synthetic Fertilizers,Emissions (CO2eq) from N2O (AR5),kilotonnes,1048.7412,974.8446,879.7331,839.2866,862.5192,860.6247,800.3967,811.8585,919.7341,876.8018,829.5344,853.3746,826.8697,833.2932,850.6201,879.6301,1010.5373,1035.8554,933.6349,978.5013,1049.614
Denmark,Synthetic Fertilizers,Emissions (CO2eq) (AR5),kilotonnes,1291.1368,1162.1831,1114.5711,1136.6418,1005.161,987.9183,1050.0639,1064.5644,1204.0844,1031.7011,993.7615,1010.5683,1042.8413,985.2588,1129.2922,1241.7756,1328.248,1304.8877,1235.8754,1242.3513,1284.3341
Denmark,Synthetic Fertilizers,Emissions (CO2eq) (AR5),kilotonnes,1048.7412,974.8446,879.7331,839.2866,862.5192,860.6247,800.3967,811.8585,919.7341,876.8018,829.5344,853.3746,826.8697,833.2932,850.6201,879.6301,1010.5373,1035.8554,933.6349,978.5013,1049.614
Denmark,Drained organic soils,Emissions (CO2eq) (AR5),kilotonnes,2817.075,2820.1178,2816.5796,2814.5704,2810.3206,2810.046,2809.8586,2811.912,2810.6009,2808.6918,2813.1242,2814.0781,2814.0852,2813.9132,2811.6213,2811.6213,2799.0512,2797.4523,2792.3143,2783.6946,2779.6903
Denmark,Drained organic soils,Emissions (CO2eq) (AR5),kilotonnes,821.7669,813.2019,804.6411,796.0791,787.5113,778.9442,770.3837,761.8166,753.2511,744.6883,740.2158,770.8702,716.9065,707.4797,698.7185,690.0017,685.938,684.9052,679.9074,679.9096,674.0507
Denmark,Drained organic soils (CO2),Emissions (CO2),kilotonnes,2372.8469,2375.415,2372.4349,2370.7423,2367.1617,2366.9291,2366.771,2368.4994,2367.3932,2365.7842,2369.5181,2370.3209,2370.3268,2370.182,2368.2523,2368.2523,2357.6424,2356.2949,2351.9658,2344.7165,2341.3433
Denmark,Drained organic soils (CO2),Emissions (CO2),kilotonnes,162.5208,160.8112,159.1016,157.392,155.6824,153.9729,152.2633,150.5537,148.8441,147.1345,147.1263,190.0221,143.9378,142.8787,141.1418,141.4921,141.0403,141.0656,140.8013,140.6585,140.0125
Denmark,Drained organic soils (CO2),Emissions (CO2eq) (AR5),kilotonnes,2372.8469,2375.415,2372.4349,2370.7423,2367.1617,2366.9291,2366.771,2368.4994,2367.3932,2365.7842,2369.5181,2370.3209,2370.3268,2370.182,2368.2523,2368.2523,2357.6424,2356.2949,2351.9658,2344.7165,2341.3433
Denmark,Drained organic soils (CO2),Emissions (CO2eq) (AR5),kilotonnes,162.5208,160.8112,159.1016,157.392,155.6824,153.9729,152.2633,150.5537,148.8441,147.1345,147.1263,190.0221,143.9378,142.8787,141.1418,141.4921,141.0403,141.0656,140.8013,140.6585,140.0125
Denmark,Drained organic soils (N2O),Emissions (N2O),kilotonnes,1.6763,1.6781,1.676,1.6748,1.6723,1.6721,1.672,1.6733,1.6725,1.6713,1.674,1.6746,1.6746,1.6745,1.6731,1.6731,1.6657,1.6647,1.6617,1.6565,1.6541
Denmark,Drained organic soils (N2O),Emissions (N2O),kilotonnes,2.4877,2.4619,2.436,2.4101,2.3843,2.3584,2.3325,2.3067,2.2808,2.2549,2.2381,2.1919,2.1621,2.1306,2.1041,2.0698,2.0562,2.0522,2.0344,2.0349,2.0152
Denmark,Drained organic soils (N2O),Emissions (CO2eq) from N2O (AR5),kilotonnes,444.2281,444.7028,444.1446,443.828,443.1589,443.1169,443.0876,443.4126,443.2077,442.9076,443.6062,443.7571,443.7583,443.7312,443.3691,443.3691,441.4088,441.1575,440.3485,438.978,438.347
Denmark,Drained organic soils (N2O),Emissions (CO2eq) from N2O (AR5),kilotonnes,659.2461,652.3907,645.5394,638.6871,631.8289,624.9714,618.1205,611.2629,604.407,597.5538,593.0896,580.8481,572.9687,564.601,557.5767,548.5096,544.8977,543.8396,539.1061,539.2511,534.0382
Denmark,Drained organic soils (N2O),Emissions (CO2eq) (AR5),kilotonnes,444.2281,444.7028,444.1446,443.828,443.1589,443.1169,443.0876,443.4126,443.2077,442.9076,443.6062,443.7571,443.7583,443.7312,443.3691,443.3691,441.4088,441.1575,440.3485,438.978,438.347
Denmark,Drained organic soils (N2O),Emissions (CO2eq) (AR5),kilotonnes,659.2461,652.3907,645.5394,638.6871,631.8289,624.9714,618.1205,611.2629,604.407,597.5538,593.0896,580.8481,572.9687,564.601,557.5767,548.5096,544.8977,543.8396,539.1061,539.2511,534.0382
Denmark,On-farm energy use,Emissions (CH4),kilotonnes,0.7694,0.8592,0.6243,0.8174,0.9471,1.1472,1.2898,1.2957,1.1886,0.8812,0.949,0.8648,0.8414,1.0548,0.739,0.5727,0.4646,0.3543,0.3062,0.2196,0.2196
Denmark,On-farm energy use,Emissions (N2O),kilotonnes,0.6884,0.6654,0.669,0.6501,0.6027,0.5878,0.6057,0.5761,0.5939,0.6071,0.6102,0.5899,0.548,0.5562,0.5238,0.5463,0.5433,0.501,0.4983,0.4932,0.4932
Denmark,On-farm energy use,Emissions (CO2),kilotonnes,2272.9222,2251.0532,2159.8556,2127.0939,2024.3263,2055.1258,2149.1909,2029.5844,2027.4339,1969.7513,2040.2268,1931.8573,1803.6094,1855.0282,1662.5282,1677.0699,1645.2526,1513.1232,1475.2506,1437.795,1437.795
Denmark,On-farm energy use,Emissions (CO2eq) from CH4 (AR5),kilotonnes,21.5435,24.0577,17.4792,22.886,26.5194,32.1216,36.1133,36.2789,33.2812,24.6723,26.5729,24.2154,23.5605,29.5336,20.6914,16.0369,13.0076,9.9203,8.5722,6.1484,6.1484
Denmark,On-farm energy use,Emissions (CO2eq) from N2O (AR5),kilotonnes,182.421,176.3365,177.2884,172.2699,159.7093,155.7583,160.5179,152.6547,157.3922,160.8885,161.7077,156.3356,145.2077,147.3838,138.8041,144.774,143.9729,132.7756,132.0594,130.7104,130.7104
Denmark,On-farm energy use,Emissions (CO2eq) (AR5),kilotonnes,2476.8867,2451.4474,2354.6232,2322.2498,2210.555,2243.0056,2345.8221,2218.5179,2218.1074,2155.3121,2228.5074,2112.4084,1972.3777,2031.9456,1822.0237,1837.8809,1802.2331,1655.819,1615.8822,1574.6539,1574.6539
Denmark,Forestland,Emissions (CO2),kilotonnes,-822.9159,-1168.9417,-1168.9417,-1168.9417,-1168.9417,-1168.9417,-1168.9417,-1168.9417,-1168.9417,-1168.9417,-1168.9417,-3105.3669,-3105.3669,-3105.3669,-3105.3669,-3105.3669,-2544.3042,-2544.3042,-2544.3042,-2544.3042,-2544.3042
Denmark,Forestland,Emissions (CO2),kilotonnes,-1359.2267,-1265.8161,-1225.8433,-1185.991,-1146.2592,-926.5127,-1118.535,-1347.8538,-2067.3319,-2103.6971,-2296.0667,-3223.5187,-3616.2635,-3419.7001,-3984.9455,-4035.5093,-3148.6984,-2597.936,-2152.5928,-2518.2068,-2200.39
Denmark,Forestland,Emissions (CO2eq) (AR5),kilotonnes,-822.9159,-1168.9417,-1168.9417,-1168.9417,-1168.9417,-1168.9417,-1168.9417,-1168.9417,-1168.9417,-1168.9417,-1168.9417,-3105.3669,-3105.3669,-3105.3669,-3105.3669,-3105.3669,-2544.3042,-2544.3042,-2544.3042,-2544.3042,-2544.3042
Denmark,Forestland,Emissions (CO2eq) (AR5),kilotonnes,-1359.2267,-1265.8161,-1225.8433,-1185.991,-1146.2592,-926.5127,-1118.535,-1347.8538,-2067.3319,-2103.6971,-2296.0667,-3223.5187,-3616.2635,-3419.7001,-3984.9455,-4035.5093,-3148.6984,-2597.936,-2152.5928,-2518.2068,-2200.39
Denmark,Net Forest conversion,Emissions (CO2),kilotonnes,0,0,0,0,0,0,0,0,0,0,0,0,0,0,0,0,2260.8729,2260.8729,2260.8729,2260.8729,2260.8729
Denmark,Net Forest conversion,Emissions (CO2),kilotonnes,10.7517,10.8121,10.8725,10.933,10.9934,63.8823,64.3521,65.0594,67.1717,67.7893,69.6687,71.9522,60.0754,33.1703,78.6947,135.5463,90.5601,9.7211,87.2141,38.2729,76.6791
Denmark,Net Forest conversion,Emissions (CO2eq) (AR5),kilotonnes,0,0,0,0,0,0,0,0,0,0,0,0,0,0,0,0,2260.8729,2260.8729,2260.8729,2260.8729,2260.8729
Denmark,Net Forest conversion,Emissions (CO2eq) (AR5),kilotonnes,10.7517,10.8121,10.8725,10.933,10.9934,63.8823,64.3521,65.0594,67.1717,67.7893,69.6687,71.9522,60.0754,33.1703,78.6947,135.5463,90.5601,9.7211,87.2141,38.2729,76.6791
Denmark,Savanna fires,Emissions (CH4),kilotonnes,0.0002,0.002,0.0002,0.0026,0.0089,0,0.0024,0.0081,0.0002,0.0002,0,0.0002,0.0002,0,0,0,0,0,0.0012,0,0
Denmark,Savanna fires,Emissions (N2O),kilotonnes,0,0.0002,0,0.0002,0.0008,0,0.0002,0.0007,0,0,0,0,0,0,0,0,0,0,0.0001,0,0
Denmark,Savanna fires,Emissions (CO2eq) from CH4 (AR5),kilotonnes,0.0059,0.0569,0.0057,0.074,0.2506,0,0.0683,0.2278,0.0057,0.0057,0,0.0057,0.0057,0,0,0,0,0,0.0342,0,0
Denmark,Savanna fires,Emissions (CO2eq) from N2O (AR5),kilotonnes,0.005,0.0492,0.0049,0.064,0.2165,0,0.059,0.1968,0.0049,0.0049,0,0.0049,0.0049,0,0,0,0,0,0.0295,0,0
Denmark,Savanna fires,Emissions (CO2eq) (AR5),kilotonnes,0.0109,0.1062,0.0106,0.138,0.4671,0,0.1274,0.4246,0.0106,0.0106,0,0.0106,0.0106,0,0,0,0,0,0.0637,0,0
Denmark,Fires in organic soils,Emissions (CH4),kilotonnes,0,0,0,0,0,0,0,0,0,0,0,0,0,0,0,0,0,0,0,0,0
Denmark,Fires in organic soils,Emissions (CO2),kilotonnes,0,0,0,0,0,0,0,0,0,0,0,0,0,0,0,0,0,0,0,0,0
Denmark,Fires in organic soils,Emissions (CO2eq) from CH4 (AR5),kilotonnes,0,0,0,0,0,0,0,0,0,0,0,0,0,0,0,0,0,0,0,0,0
Denmark,Fires in organic soils,Emissions (CO2eq) (AR5),kilotonnes,0,0,0,0,0,0,0,0,0,0,0,0,0,0,0,0,0,0,0,0,0
Denmark,Forest fires,Emissions (CH4),kilotonnes,0.0046,0,0,0,0,0,0,0,0,0,0,0,0,0,0,0,0,0,0.01,0,0
Denmark,Forest fires,Emissions (N2O),kilotonnes,0.0003,0,0,0,0,0,0,0,0,0,0,0,0,0,0,0,0,0,0.0009,0,0
Denmark,Forest fires,Emissions (CO2eq) from CH4 (AR5),kilotonnes,0.1293,0,0,0,0,0,0,0,0,0,0,0,0,0,0,0,0,0,0.28,0,0
Denmark,Forest fires,Emissions (CO2eq) from N2O (AR5),kilotonnes,0.0676,0,0,0,0,0,0,0,0,0,0,0,0,0,0,0,0,0,0.242,0,0
Denmark,Forest fires,Emissions (CO2eq) (AR5),kilotonnes,0.1969,0,0,0,0,0,0,0,0,0,0,0,0,0,0,0,0,0,0.522,0,0
Denmark,Fires in humid tropical forests,Emissions (CH4),kilotonnes,0,0,0,0,0,0,0,0,0,0,0,0,0,0,0,0,0,0,0,0,0
Denmark,Fires in humid tropical forests,Emissions (N2O),kilotonnes,0,0,0,0,0,0,0,0,0,0,0,0,0,0,0,0,0,0,0,0,0
Denmark,Fires in humid tropical forests,Emissions (CO2eq) from CH4 (AR5),kilotonnes,0,0,0,0,0,0,0,0,0,0,0,0,0,0,0,0,0,0,0,0,0
Denmark,Fires in humid tropical forests,Emissions (CO2eq) from N2O (AR5),kilotonnes,0,0,0,0,0,0,0,0,0,0,0,0,0,0,0,0,0,0,0,0,0
Denmark,Fires in humid tropical forests,Emissions (CO2eq) (AR5),kilotonnes,0,0,0,0,0,0,0,0,0,0,0,0,0,0,0,0,0,0,0,0,0
Denmark,Waste - agri-food systems,Emissions (CH4),kilotonnes,53.6482,55.4272,56.6843,53.0126,13.5188,13.5715,13.4786,321.8198,13.4889,13.2293,13.323,13.1503,13.1525,13.3931,13.4698,12.7375,12.7155,14.6297,16.5315,18.4207,20.3042
Denmark,Waste - agri-food systems,Emissions (N2O),kilotonnes,0.2819,0.3028,0.3053,0.2972,0.3041,0.3296,0.3241,0.3185,0.3174,0.3029,0.322,0.3092,0.3043,0.3185,0.3152,0.3121,0.3271,0.384,0.4367,0.4889,0.541
Denmark,Waste - agri-food systems,Emissions (CO2),kilotonnes,13.0205,13.0225,13.0631,13.1638,13.2354,13.261,13.2949,13.3562,13.4071,13.359,13.3602,13.3936,13.3682,13.3929,13.4066,13.329,13.3461,13.3758,13.412,13.3987,13.411
Denmark,Waste - agri-food systems,Emissions (CO2eq) from CH4 (AR5),kilotonnes,1502.1497,1551.9612,1587.1613,1484.3527,378.5263,380.002,377.3996,9010.9552,377.6891,370.421,373.0448,368.2079,368.2692,375.007,377.1547,356.6497,356.0329,409.6321,462.882,515.7804,568.5163
Denmark,Waste - agri-food systems,Emissions (CO2eq) from N2O (AR5),kilotonnes,74.7105,80.2402,80.9101,78.7696,80.5979,87.3537,85.8989,84.4087,84.1004,80.2626,85.3216,81.9416,80.6295,84.4065,83.5278,82.7011,86.6846,101.7705,115.7246,129.5691,143.3606
Denmark,Waste - agri-food systems,Emissions (CO2eq) (AR5),kilotonnes,1589.8808,1645.2239,1681.1346,1576.286,472.3596,480.6167,476.5934,9108.72,475.1966,464.0427,471.7267,463.5431,462.2669,472.8064,474.089,452.6798,456.0636,524.7784,592.0186,658.7482,725.2878
Denmark,On-farm electricity use,Emissions (CH4),kilotonnes,2.3363,2.2583,2.2247,2.2859,2.2763,2.2859,2.3543,2.2655,2.3099,2.2511,2.2991,2.2163,2.1396,2.1923,2.1407,2.1408,2.0915,2.1107,2.0879,2.0773,2.0773
Denmark,On-farm electricity use,Emissions (N2O),kilotonnes,0.0125,0.0121,0.0119,0.0122,0.0122,0.0122,0.0126,0.0121,0.0123,0.012,0.0123,0.0118,0.0114,0.0117,0.0114,0.0114,0.0111,0.0113,0.0112,0.0111,0.0111
Denmark,On-farm electricity use,Emissions (CO2),kilotonnes,875.4933,835.8203,813.2693,904.0922,766.1127,704.3989,901.2932,803.5551,767.5712,748.9093,686.7011,581.3534,458.7021,705.5071,688.9024,688.9025,673.07,679.2485,671.9115,668.5134,668.5134
Denmark,On-farm electricity use,Emissions (CO2eq) from CH4 (AR5),kilotonnes,65.4164,63.2324,62.2916,64.0052,63.7364,64.0052,65.9204,63.434,64.6772,63.0308,64.3748,62.0564,59.9088,61.3844,59.9396,59.9424,58.562,59.0996,58.4612,58.1644,58.1644
Denmark,On-farm electricity use,Emissions (CO2eq) from N2O (AR5),kilotonnes,3.3125,3.2065,3.1535,3.233,3.233,3.233,3.339,3.2065,3.2595,3.18,3.2595,3.127,3.021,3.1005,3.021,3.021,2.9415,2.9945,2.968,2.9415,2.9415
Denmark,On-farm electricity use,Emissions (CO2eq) (AR5),kilotonnes,944.2222,902.2592,878.7144,971.3304,833.0821,771.6371,970.5526,870.1956,835.5079,815.1201,754.3354,646.5368,521.6319,769.992,751.863,751.8659,734.5735,741.3426,733.3407,729.6193,729.6193
Denmark,Food Processing,Emissions (CH4),kilotonnes,3.1488,3.1866,3.2228,3.1982,3.2911,3.4267,3.3361,3.2213,3.2839,2.9915,3.0793,3.1548,3.1156,2.9771,2.9826,3.0207,3.0616,3.1075,3.1051,3.1051,2.3462
Denmark,Food Processing,Emissions (N2O),kilotonnes,0.0299,0.0306,0.0295,0.028,0.0294,0.029,0.0292,0.0274,0.0297,0.0247,0.0266,0.0259,0.0232,0.0219,0.0221,0.0222,0.0224,0.0231,0.023,0.023,0.022
Denmark,Food Processing,Emissions (CO2),kilotonnes,2861.539,2948.3659,2811.2707,2753.4345,2645.5616,2574.3795,2876.4743,2597.0462,2704.0864,2304.2835,2393.1505,2191.1158,1827.5048,2048.4014,2092.3091,2073.1911,2077.9922,2149.7031,2142.788,2142.788,1767.4091
Denmark,Food Processing,Emissions (CO2eq) from CH4 (AR5),kilotonnes,88.1664,89.2248,90.2384,89.5496,92.1508,95.9476,93.4108,90.1964,91.9492,83.762,86.2204,88.3344,87.2368,83.3588,83.5128,84.5796,85.7248,87.01,86.9428,86.9428,65.6944
Denmark,Food Processing,Emissions (CO2eq) from N2O (AR5),kilotonnes,7.9235,8.109,7.8175,7.42,7.791,7.685,7.738,7.261,7.8705,6.5455,7.049,6.8635,6.148,5.8035,5.8565,5.883,5.936,6.1215,6.095,6.095,5.8283
Denmark,Food Processing,Emissions (CO2eq) (AR5),kilotonnes,2957.6289,3045.6997,2909.3266,2850.4041,2745.5034,2678.0121,2977.6231,2694.5036,2803.9061,2394.591,2486.4199,2286.3137,1920.8896,2137.5637,2181.6784,2163.6537,2169.653,2242.8346,2235.8258,2235.8258,1838.9319
Denmark,Food Packaging,Emissions (CH4),kilotonnes,0.2737,0.2716,0.3043,0.2971,0.3186,0.3289,0.3309,0.3305,0.3914,0.334,0.3298,0.338,0.3253,0.3105,0.2954,0.3244,0.3009,0.3051,0.3118,0.3301,0.2494
Denmark,Food Packaging,Emissions (N2O),kilotonnes,0.0019,0.0019,0.002,0.002,0.0022,0.0022,0.0022,0.0022,0.0024,0.002,0.0021,0.0022,0.0022,0.002,0.0018,0.002,0.0019,0.0019,0.0019,0.0018,0.0017
Denmark,Food Packaging,Emissions (CO2),kilotonnes,209.958,204.2321,214.1276,220.1375,211.4187,201.6532,234.4187,224.8729,228.914,199.5364,193.6318,195.9888,183.9114,199.1935,184.0404,196.2661,184.2172,188.1822,195.4285,154.1729,127.1645
Denmark,Food Packaging,Emissions (CO2eq) from CH4 (AR5),kilotonnes,7.6636,7.6048,8.5204,8.3188,8.9208,9.2092,9.2652,9.254,10.9592,9.352,9.2344,9.464,9.1084,8.694,8.2712,9.0832,8.4252,8.5428,8.7304,9.2428,6.9839
Denmark,Food Packaging,Emissions (CO2eq) from N2O (AR5),kilotonnes,0.5035,0.5035,0.53,0.53,0.583,0.583,0.583,0.583,0.636,0.53,0.5565,0.583,0.583,0.53,0.477,0.53,0.5035,0.5035,0.5035,0.477,0.4561
Denmark,Food Packaging,Emissions (CO2eq) (AR5),kilotonnes,218.1251,212.3404,223.178,228.9863,220.9225,211.4454,244.2669,234.7099,240.5092,209.4184,203.4227,206.0358,193.6028,208.4175,192.7886,205.8793,193.1459,197.2285,204.6624,163.8927,134.6045
Denmark,Food Retail,Emissions (CH4),kilotonnes,1.83,1.9037,1.9182,1.9315,1.956,1.9584,1.9914,2.0116,2.0209,1.9948,2.1136,2.0098,2.0005,1.9651,1.9239,1.9347,1.9698,2.0365,2.0206,2.1114,1.5954
Denmark,Food Retail,Emissions (N2O),kilotonnes,0.0114,0.0116,0.0121,0.0122,0.0121,0.012,0.0122,0.0119,0.0117,0.0113,0.0119,0.0114,0.0114,0.0112,0.0111,0.0108,0.0111,0.0116,0.0116,0.0118,0.0113
Denmark,Food Retail,Emissions (CO2),kilotonnes,803.2811,814.8571,821.584,895.2602,784.7193,729.7937,889.84,824.8497,777.1004,762.6679,729.0939,609.4404,519.3529,722.8244,696.077,698.4874,715.3323,741.5618,737.2113,613.3092,505.8682
Denmark,Food Retail,Emissions (CO2eq) from F-gases (AR5),kilotonnes,702.8835,826.5245,938.217,1053.546,1175.6285,1324.725,1446.288,1567.3315,1588.1115,1599.021,1605.255,1608.8915,1611.489,1614.0865,1614.0865,1614.0865,1733.052,1763.7025,1794.8725,1826.0425,1550.7597
Denmark,Food Retail,Emissions (CO2eq) from CH4 (AR5),kilotonnes,51.24,53.3036,53.7096,54.082,54.768,54.8352,55.7592,56.3248,56.5852,55.8544,59.1808,56.2744,56.014,55.0228,53.8692,54.1716,55.1544,57.022,56.5768,59.1192,44.6708
Denmark,Food Retail,Emissions (CO2eq) from N2O (AR5),kilotonnes,3.021,3.074,3.2065,3.233,3.2065,3.18,3.233,3.1535,3.1005,2.9945,3.1535,3.021,3.021,2.968,2.9415,2.862,2.9415,3.074,3.074,3.127,2.9902
Denmark,Food Retail,Emissions (CO2eq) (AR5),kilotonnes,1560.4256,1697.7592,1816.7171,2006.1212,2018.3223,2112.5339,2395.1202,2451.6595,2424.8976,2420.5378,2396.6832,2277.6273,2189.8769,2394.9017,2366.9742,2369.6075,2506.4802,2565.3603,2591.7346,2501.5979,2104.2889
Denmark,Food Household Consumption,Emissions (CH4),kilotonnes,1.3688,1.363,1.3645,1.3722,1.3792,1.3926,1.4052,1.3732,1.3635,1.3389,1.3804,1.3386,1.3202,1.3604,1.3275,1.3381,1.3541,1.2972,1.2855,1.2855,0.9713
Denmark,Food Household Consumption,Emissions (N2O),kilotonnes,0.0094,0.0094,0.0093,0.0092,0.0092,0.0091,0.009,0.0087,0.0086,0.0084,0.0087,0.0083,0.008,0.0082,0.0078,0.0079,0.0079,0.0076,0.0075,0.0075,0.0072
Denmark,Food Household Consumption,Emissions (CO2),kilotonnes,927.2839,939.8212,906.5532,947.5929,857.1527,811.0883,890.5995,814.1492,770.6163,756.581,762.6149,650.2671,564.7683,710.1441,648.5362,663.7069,678.2199,649.4418,645.3896,645.3896,532.3286
Denmark,Food Household Consumption,Emissions (CO2eq) from CH4 (AR5),kilotonnes,38.3264,38.164,38.206,38.4216,38.6176,38.9928,39.3456,38.4496,38.178,37.4892,38.6512,37.4808,36.9656,38.0912,37.17,37.4668,37.9148,36.3216,35.994,35.994,27.1973
Denmark,Food Household Consumption,Emissions (CO2eq) from N2O (AR5),kilotonnes,2.491,2.491,2.4645,2.438,2.438,2.4115,2.385,2.3055,2.279,2.226,2.3055,2.1995,2.12,2.173,2.067,2.0935,2.0935,2.014,1.9875,1.9875,1.9005
Denmark,Food Household Consumption,Emissions (CO2eq) (AR5),kilotonnes,968.1013,980.4762,947.2237,988.4525,898.2083,852.4926,932.3301,854.9043,811.0733,796.2962,803.5716,689.9474,603.8539,750.4083,687.7732,703.2672,718.2282,687.7774,683.3711,683.3711,561.4265
Denmark,Food Transport,Emissions (CH4),kilotonnes,0.1501,0.1408,0.1335,0.1258,0.1161,0.1053,0.0987,0.0936,0.0853,0.0748,0.0648,0.06,0.0514,0.0465,0.0448,0.0444,0.044,0.0438,0.0427,0.0062,0.0047
Denmark,Food Transport,Emissions (N2O),kilotonnes,0.053,0.0512,0.0509,0.0512,0.0503,0.0503,0.0503,0.051,0.0505,0.048,0.0476,0.0472,0.0441,0.0426,0.0429,0.0439,0.0446,0.0444,0.0444,0.0448,0.0428
Denmark,Food Transport,Emissions (CO2),kilotonnes,918.585,925.09,937.035,976.2,994.02,1009.855,1036.14,1077.57,1065.23,1007.165,1003.96,973.15,872.135,864.375,874.247,891.984,912.0935,917.396,925.167,976.8272,805.7042
Denmark,Food Transport,Emissions (CO2eq) from CH4 (AR5),kilotonnes,4.2028,3.9424,3.738,3.5224,3.2508,2.9484,2.7636,2.6208,2.3884,2.0944,1.8144,1.68,1.4392,1.302,1.2544,1.2432,1.232,1.2264,1.1956,0.1736,0.1312
Denmark,Food Transport,Emissions (CO2eq) from N2O (AR5),kilotonnes,14.045,13.568,13.4885,13.568,13.3295,13.3295,13.3295,13.515,13.3825,12.72,12.614,12.508,11.6865,11.289,11.3685,11.6335,11.819,11.766,11.766,11.872,11.3526
Denmark,Food Transport,Emissions (CO2eq) (AR5),kilotonnes,936.8328,942.6004,954.2615,993.2904,1010.6003,1026.1329,1052.2331,1093.7058,1081.0009,1021.9794,1018.3884,987.338,885.2607,876.966,886.8699,904.8607,925.1445,930.3884,938.1286,988.8728,817.188
Denmark,Energy,Emissions (CH4),kilotonnes,53.1,52.9,55,53.5,59.6,64.5,64.7,63.3,65.8,60.7,61.4,56.2,53.2,51.6,51.6,54.1,53.5,55.2,50.6,44.6,33.7
Denmark,Energy,Emissions (N2O),kilotonnes,1.63,1.64,1.66,1.78,1.7,1.66,1.8,1.78,1.78,1.76,1.83,1.75,1.65,1.67,1.6,1.63,1.68,1.68,1.69,1.6,1.53
Denmark,Energy,Emissions (CO2),kilotonnes,51400,53000,52100,56100,50900,47300,54800,50200,47500,44900,46300,41000,36700,37600,33400,31000,32100,29800,30100,27400,22600
Denmark,Energy,Emissions (CO2eq) from CH4 (AR5),kilotonnes,1486.8,1481.2,1540,1498,1668.8,1806,1811.6,1772.4,1842.4,1699.6,1719.2,1573.6,1489.6,1444.8,1444.8,1514.8,1498,1545.6,1416.8,1248.8,943.6
Denmark,Energy,Emissions (CO2eq) from N2O (AR5),kilotonnes,431.95,434.6,439.9,471.7,450.5,439.9,477,471.7,471.7,466.4,484.95,463.75,437.25,442.55,424,431.95,445.2,445.2,447.85,424,405.45
Denmark,Energy,Emissions (CO2eq) (AR5),kilotonnes,53318.75,54915.8,54079.9,58069.7,53019.3,49545.9,57088.6,52444.1,49814.1,47066,48504.15,43037.35,38626.85,39487.35,35268.8,32946.75,34043.2,31790.8,31964.65,29072.8,23949.05
Denmark,IPPU,Emissions (CH4),kilotonnes,0.164,0.152,0.184,0.206,0.19,0.179,0.208,0.167,0.154,0.154,0.136,0.131,0.171,0.172,0.153,0.184,0.129,0.133,0.136,0.144,0.125
Denmark,IPPU,Emissions (N2O),kilotonnes,3.53,3.15,2.78,3.17,1.98,1.8,0.289,0.283,0.279,0.26,0.273,0.742,1.11,1.12,1.12,1.12,1.12,1.12,1.12,0.969,0.989
Denmark,IPPU,Emissions (CO2),kilotonnes,2340,2250,2240,2090,2220,2110,2110,2040,1840,1430,1330,1510,1510,1520,1520,1570,1730,1820,1750,1720,1850
Denmark,IPPU,Emissions (CO2eq) from F-gases (AR5),kilotonnes,2730.6304,2283.6233,2167.0127,2021.2495,2001.8144,1972.6618,2079.5548,2235.0355,2390.5163,2409.9514,2380.7987,2701.4777,3362.2709,3478.8814,3410.8586,2662.6076,2594.5847,2040.6846,2235.0355,1933.7916,1642.2652
Denmark,IPPU,Emissions (CO2eq) from CH4 (AR5),kilotonnes,4.592,4.256,5.152,5.768,5.32,5.012,5.824,4.676,4.312,4.312,3.808,3.668,4.788,4.816,4.284,5.152,3.612,3.724,3.808,4.032,3.5
Denmark,IPPU,Emissions (CO2eq) from N2O (AR5),kilotonnes,935.45,834.75,736.7,840.05,524.7,477,76.585,74.995,73.935,68.9,72.345,196.63,294.15,296.8,296.8,296.8,296.8,296.8,296.8,256.785,262.085
Denmark,IPPU,Emissions (CO2eq) (AR5),kilotonnes,6010.6724,5372.6293,5148.8647,4957.0675,4751.8344,4564.6738,4271.9638,4354.7065,4308.7633,3913.1634,3786.9517,4411.7757,5171.2089,5300.4974,5231.9426,4534.5596,4624.9967,4161.2086,4285.6435,3914.6086,3757.8502
Denmark,Waste,Emissions (CH4),kilotonnes,63.5,65.2,63.2,63.9,57.5,56.3,58.2,56.5,54.9,53.5,54.1,54.2,52.8,51,53.5,51.8,51.2,50.5,51.3,51,53.6
Denmark,Waste,Emissions (N2O),kilotonnes,0.646,0.632,0.694,0.706,0.606,0.63,0.661,0.703,0.675,0.693,0.684,0.672,0.674,0.681,0.75,0.754,0.773,0.797,0.813,0.794,0.806
Denmark,Waste,Emissions (CO2),kilotonnes,3.38,3.48,3.52,3.54,3.6,3.68,3.71,3.73,3.75,3.78,3.81,3.84,3.88,3.88,3.88,3.88,3.89,3.9,3.93,3.73,3.72
Denmark,Waste,Emissions (CO2eq) from CH4 (AR5),kilotonnes,1778,1825.6,1769.6,1789.2,1610,1576.4,1629.6,1582,1537.2,1498,1514.8,1517.6,1478.4,1428,1498,1450.4,1433.6,1414,1436.4,1428,1500.8
Denmark,Waste,Emissions (CO2eq) from N2O (AR5),kilotonnes,171.19,167.48,183.91,187.09,160.59,166.95,175.165,186.295,178.875,183.645,181.26,178.08,178.61,180.465,198.75,199.81,204.845,211.205,215.445,210.41,213.59
Denmark,Waste,Emissions (CO2eq) (AR5),kilotonnes,1952.57,1996.56,1957.03,1979.83,1774.19,1747.03,1808.475,1772.025,1719.825,1685.425,1699.87,1699.52,1660.89,1612.345,1700.63,1654.09,1642.335,1629.105,1655.775,1642.14,1718.11
Denmark,Other,Emissions (N2O),kilotonnes,1.03,1.01,0.993,0.993,0.947,0.893,0.893,0.823,0.782,0.719,0.709,0.645,0.577,0.565,0.521,0.507,0.513,0.493,0.478,0.383,0.347
Denmark,Other,Emissions (CO2eq) from N2O (AR5),kilotonnes,272.95,267.65,263.145,263.145,250.955,236.645,236.645,218.095,207.23,190.535,187.885,170.925,152.905,149.725,138.065,134.355,135.945,130.645,126.67,101.495,91.955
Denmark,Other,Emissions (CO2eq) (AR5),kilotonnes,272.95,267.65,263.145,263.145,250.955,236.645,236.645,218.095,207.23,190.535,187.885,170.925,152.905,149.725,138.065,134.355,135.945,130.645,126.67,101.495,91.955
Denmark,Farm-gate emissions,Emissions (CH4),kilotonnes,262.8518,269.9275,263.6742,260.1463,255.6138,252.0218,247.4384,251.8374,244.8097,240.3558,249.6327,247.1199,246.634,244.8078,241.7299,242.3553,242.7173,240.8289,241.9535,240.4483,245.6089
Denmark,Farm-gate emissions,Direct emissions (N2O),kilotonnes,9.2259,8.9851,8.6516,8.6942,8.2423,8.2223,8.2176,8.2519,8.6758,8.3098,8.1122,8.1319,8.3172,8.051,8.5508,8.9283,9.0292,9.1106,8.3801,8.8543,9.0415
Denmark,Farm-gate emissions,Indirect emissions (N2O),kilotonnes,2.9802,2.9084,2.8126,2.8244,2.6814,2.6753,2.6828,2.7046,2.8147,2.6756,2.6456,2.6479,2.6909,2.6074,2.7597,2.8806,2.9265,2.9395,2.7594,2.871,2.9406
Denmark,Farm-gate emissions,Emissions (N2O),kilotonnes,16.9025,16.638,16.1754,16.1841,15.5131,15.4548,15.4354,15.5049,15.9679,15.4494,15.3172,15.2941,15.4546,15.0895,15.6979,16.2286,16.3649,16.4112,15.509,16.0886,16.3997
Denmark,Farm-gate emissions,Emissions (CO2),kilotonnes,4645.7691,4626.4682,4532.2905,4497.8363,4391.4879,4422.055,4515.9619,4398.0838,4394.8271,4335.5355,4409.7449,4302.1782,4173.9363,4225.2102,4030.7804,4045.3222,4002.895,3869.4181,3827.2164,3782.5116,3779.1383
Denmark,Farm-gate emissions,Emissions (CO2eq) from CH4 (AR5),kilotonnes,7359.8504,7557.9711,7382.8779,7284.0957,7157.185,7056.6092,6928.2747,7051.448,6854.6714,6729.9625,6989.7165,6919.3584,6905.7521,6854.6179,6768.4366,6785.9497,6796.0844,6743.2105,6774.6976,6732.5528,6877.0491
Denmark,Farm-gate emissions,Emissions (CO2eq) from N2O (AR5),kilotonnes,4479.1551,4409.0751,4286.4786,4288.7867,4110.96,4095.5274,4090.3867,4108.8027,4231.5035,4094.0889,4059.0555,4052.9308,4095.4739,3998.7185,4159.9482,4300.5713,4336.6921,4348.9744,4109.8959,4263.4833,4345.9185
Denmark,Farm-gate emissions,Emissions (CO2eq) (AR5),kilotonnes,16484.7746,16593.5144,16201.647,16070.7187,15659.6329,15574.1915,15534.6233,15558.3345,15481.002,15159.5869,15458.5168,15274.4674,15175.1623,15078.5466,14959.1652,15131.8432,15135.6716,14961.603,14711.8098,14778.5477,15002.106
Denmark,Land Use change,Emissions (CH4),kilotonnes,0,0,0,0,0,0,0,0,0,0,0,0,0,0,0,0,0,0,0,0,0
Denmark,Land Use change,Emissions (N2O),kilotonnes,0,0,0,0,0,0,0,0,0,0,0,0,0,0,0,0,0,0,0,0,0
Denmark,Land Use change,Emissions (CO2),kilotonnes,0,0,0,0,0,0,0,0,0,0,0,0,0,0,0,0,2260.8729,2260.8729,2260.8729,2260.8729,2260.8729
Denmark,Land Use change,Emissions (CO2eq) from CH4 (AR5),kilotonnes,0,0,0,0,0,0,0,0,0,0,0,0,0,0,0,0,0,0,0,0,0
Denmark,Land Use change,Emissions (CO2eq) from N2O (AR5),kilotonnes,0,0,0,0,0,0,0,0,0,0,0,0,0,0,0,0,0,0,0,0,0
Denmark,Land Use change,Emissions (CO2eq) (AR5),kilotonnes,0,0,0,0,0,0,0,0,0,0,0,0,0,0,0,0,2260.8729,2260.8729,2260.8729,2260.8729,2260.8729
Denmark,Emissions on agricultural land,Emissions (CH4),kilotonnes,262.8518,269.9275,263.6742,260.1463,255.6138,252.0218,247.4384,251.8374,244.8097,240.3558,249.6327,247.1199,246.634,244.8078,241.7299,242.3553,242.7173,240.8289,241.9535,240.4483,245.6089
Denmark,Emissions on agricultural land,Emissions (N2O),kilotonnes,16.9025,16.638,16.1754,16.1841,15.5131,15.4548,15.4354,15.5049,15.9679,15.4494,15.3172,15.2941,15.4546,15.0895,15.6979,16.2286,16.3649,16.4112,15.509,16.0886,16.3997
Denmark,Emissions on agricultural land,Emissions (CO2),kilotonnes,4645.7691,4626.4682,4532.2905,4497.8363,4391.4879,4422.055,4515.9619,4398.0838,4394.8271,4335.5355,4409.7449,4302.1782,4173.9363,4225.2102,4030.7804,4045.3222,6263.7679,6130.291,6088.0893,6043.3845,6040.0112
Denmark,Emissions on agricultural land,Emissions (CO2eq) from CH4 (AR5),kilotonnes,7359.8504,7557.9711,7382.8779,7284.0957,7157.185,7056.6092,6928.2747,7051.448,6854.6714,6729.9625,6989.7165,6919.3584,6905.7521,6854.6179,6768.4366,6785.9497,6796.0844,6743.2105,6774.6976,6732.5528,6877.0491
Denmark,Emissions on agricultural land,Emissions (CO2eq) from N2O (AR5),kilotonnes,4479.1551,4409.0751,4286.4786,4288.7867,4110.96,4095.5274,4090.3867,4108.8027,4231.5035,4094.0889,4059.0555,4052.9308,4095.4739,3998.7185,4159.9482,4300.5713,4336.6921,4348.9744,4109.8959,4263.4833,4345.9185
Denmark,Emissions on agricultural land,Emissions (CO2eq) (AR5),kilotonnes,16484.7746,16593.5144,16201.647,16070.7187,15659.6329,15574.1915,15534.6233,15558.3345,15481.002,15159.5869,15458.5168,15274.4674,15175.1623,15078.5466,14959.1652,15131.8432,17396.5445,17222.4759,16972.6827,17039.4206,17262.9789
Denmark,Pre- and post- production,Emissions (CH4),kilotonnes,62.7559,64.5512,65.8523,62.2233,22.8561,23.0693,22.9952,331.1155,22.9438,22.2144,22.59,22.2678,22.1051,22.245,22.1847,21.5406,21.5374,23.5305,25.3851,27.3363,27.5485
Denmark,Pre- and post- production,Emissions (N2O),kilotonnes,0.4,0.4196,0.421,0.412,0.4195,0.4444,0.4396,0.4318,0.4326,0.4093,0.4312,0.416,0.4046,0.4161,0.4123,0.4103,0.4261,0.4839,0.5363,0.5889,0.6371
Denmark,Pre- and post- production,Emissions (CO2),kilotonnes,6609.1608,6681.2091,6516.9029,6709.8811,6272.2204,6044.4296,6842.0606,6355.3993,6326.9254,5792.5021,5782.5124,5214.7091,4439.7427,5263.8384,5197.5187,5225.867,5254.2712,5338.9092,5331.3079,5214.399,4420.399
Denmark,Pre- and post- production,Emissions (CO2eq) from F-gases (AR5),kilotonnes,702.8835,826.5245,938.217,1053.546,1175.6285,1324.725,1446.288,1567.3315,1588.1115,1599.021,1605.255,1608.8915,1611.489,1614.0865,1614.0865,1614.0865,1733.052,1763.7025,1794.8725,1826.0425,1550.7597
Denmark,Pre- and post- production,Emissions (CO2eq) from CH4 (AR5),kilotonnes,1757.1653,1807.4332,1843.8653,1742.2523,639.9707,645.9404,643.8644,9271.2348,642.4263,622.0038,632.5208,623.4979,618.942,622.8602,621.1719,603.1365,603.0461,658.8545,710.7828,765.4172,771.3583
Denmark,Pre- and post- production,Emissions (CO2eq) from N2O (AR5),kilotonnes,106.007,111.1922,111.5706,109.1916,111.1789,117.7757,116.5064,114.4332,114.6284,108.4586,114.2596,110.2436,107.209,110.2705,109.2593,108.7241,112.9196,128.244,142.1186,156.0691,168.8299
Denmark,Pre- and post- production,Emissions (CO2eq) (AR5),kilotonnes,9175.2167,9426.359,9410.5559,9614.8709,8198.9985,8132.8707,9048.7194,17308.3987,8672.0916,8121.9856,8134.5479,7557.3421,6777.3827,7611.0556,7542.0363,7551.8141,7703.2889,7889.7102,7979.0818,7961.9278,6911.3468
Denmark,Agri-food systems,Emissions (CH4),kilotonnes,325.6077,334.4787,329.5265,322.3696,278.4698,275.0911,270.4335,582.953,267.7535,262.5702,272.2228,269.3877,268.7391,267.0528,263.9146,263.8959,264.2547,264.3595,267.3386,267.7846,273.1574
Denmark,Agri-food systems,Emissions (N2O),kilotonnes,17.3025,17.0576,16.5964,16.5961,15.9326,15.8993,15.8751,15.9367,16.4005,15.8587,15.7484,15.7101,15.8592,15.5056,16.1102,16.6389,16.791,16.8952,16.0453,16.6776,17.0368
Denmark,Agri-food systems,Emissions (CO2),kilotonnes,11254.93,11307.6772,11049.1935,11207.7174,10663.7083,10466.4845,11358.0225,10753.4831,10721.7525,10128.0377,10192.2573,9516.8873,8613.679,9489.0486,9228.2991,9271.1892,11518.0391,11469.2002,11419.3972,11257.7835,10460.4102
Denmark,Agri-food systems,Emissions (CO2eq) from F-gases (AR5),kilotonnes,702.8835,826.5245,938.217,1053.546,1175.6285,1324.725,1446.288,1567.3315,1588.1115,1599.021,1605.255,1608.8915,1611.489,1614.0865,1614.0865,1614.0865,1733.052,1763.7025,1794.8725,1826.0425,1550.7597
Denmark,Agri-food systems,Emissions (CO2eq) from CH4 (AR5),kilotonnes,9117.0157,9365.4043,9226.7432,9026.3479,7797.1558,7702.5496,7572.1391,16322.6827,7497.0977,7351.9663,7622.2374,7542.8562,7524.6941,7477.4781,7389.6085,7389.0862,7399.1305,7402.065,7485.4804,7497.97,7648.4074
Denmark,Agri-food systems,Emissions (CO2eq) from N2O (AR5),kilotonnes,4585.1621,4520.2673,4398.0493,4397.9783,4222.1389,4213.3031,4206.8931,4223.2359,4346.1319,4202.5475,4173.3151,4163.1744,4202.6829,4108.989,4269.2075,4409.2954,4449.6118,4477.2184,4252.0145,4419.5524,4514.7484
Denmark,Agri-food systems,Emissions (CO2eq) (AR5),kilotonnes,25659.9913,26019.8734,25612.2029,25685.5896,23858.6315,23707.0622,24583.3427,32866.7332,24153.0936,23281.5725,23593.0647,22831.8095,21952.545,22689.6022,22501.2015,22683.6573,25099.8334,25112.1862,24951.7646,25001.3484,24174.3257
Denmark,IPCC Agriculture,Emissions (CH4),kilotonnes,262.0824,269.0683,263.05,259.3289,254.6666,250.8746,246.1486,250.5418,243.6211,239.4746,248.6837,246.2551,245.7926,243.753,240.9909,241.7826,242.2527,240.4747,241.6473,240.2287,245.3893
Denmark,IPCC Agriculture,Emissions (CH4),kilotonnes,241.7577,248.6608,249.7787,250.0872,247.9108,241.669,237.0232,239.6705,237.6873,236.9249,240.1494,238.0111,239.271,238.3626,239.0377,237.2217,238.6163,238.6533,240.6472,235.113,236.4714
Denmark,IPCC Agriculture,Direct emissions (N2O),kilotonnes,9.2259,8.9851,8.6516,8.6942,8.2423,8.2223,8.2176,8.2519,8.6758,8.3098,8.1122,8.1319,8.3172,8.051,8.5508,8.9283,9.0292,9.1106,8.3801,8.8543,9.0415
Denmark,IPCC Agriculture,Indirect emissions (N2O),kilotonnes,2.9802,2.9084,2.8126,2.8244,2.6814,2.6753,2.6828,2.7046,2.8147,2.6756,2.6456,2.6479,2.6909,2.6074,2.7597,2.8806,2.9265,2.9395,2.7594,2.871,2.9406
Denmark,IPCC Agriculture,Emissions (N2O),kilotonnes,16.2141,15.9726,15.5064,15.534,14.9104,14.8671,14.8297,14.9289,15.374,14.8423,14.707,14.7041,14.9067,14.5333,15.1741,15.6823,15.8216,15.9102,15.0107,15.5954,15.9064
Denmark,IPCC Agriculture,Emissions (N2O),kilotonnes,18.9999,18.6415,18.5842,17.8279,18.0403,17.7294,17.2731,17.6981,17.7493,17.3181,16.8177,16.9354,16.7581,16.6405,17.0814,17.0675,17.3946,17.6275,16.7573,17.5163,17.4557
Denmark,IPCC Agriculture,Emissions (CO2),kilotonnes,267.6402,206.1718,236.251,228.4458,159.5141,221.5749,195.844,193.8516,230.9661,186.3358,155.8597,164.6708,191.7371,246.2083,239.9783,176.0534,216.1687,218.6971,243.8018,184.7128,254.3562
Denmark,IPCC Agriculture,Emissions (CO2eq) from CH4 (AR5),kilotonnes,7338.307,7533.9134,7365.3987,7261.2097,7130.6657,7024.4876,6892.1614,7015.1691,6821.3901,6705.2902,6963.1436,6895.143,6882.1916,6825.0842,6747.7452,6769.9128,6783.0768,6733.2903,6766.1254,6726.4044,6870.9007
Denmark,IPCC Agriculture,Emissions (CO2eq) from CH4 (AR5),kilotonnes,6769.2156,6962.5025,6993.8047,7002.4409,6941.5026,6766.7308,6636.6492,6710.7742,6655.2437,6633.8983,6724.1844,6664.3107,6699.5887,6674.1538,6693.0562,6642.2072,6681.2551,6682.2911,6738.1203,6583.1628,6621.1983
Denmark,IPCC Agriculture,Emissions (CO2eq) from N2O (AR5),kilotonnes,4296.7341,4232.7386,4109.1902,4116.5169,3951.2506,3939.7691,3929.8688,3956.1481,4074.1112,3933.2004,3897.3478,3896.5952,3950.2662,3851.3348,4021.1441,4155.7973,4192.7193,4216.1989,3977.8365,4132.7729,4215.2081
Denmark,IPCC Agriculture,Emissions (CO2eq) from N2O (AR5),kilotonnes,5034.9688,4940.0016,4924.8241,4724.3937,4780.6829,4698.2829,4577.3723,4689.9938,4703.5573,4589.3053,4456.6788,4487.8894,4440.899,4409.7235,4526.5696,4522.8955,4609.5731,4671.2996,4440.684,4641.8152,4625.758
Denmark,IPCC Agriculture,Emissions (CO2eq) (AR5),kilotonnes,11635.041,11766.652,11474.5889,11377.7265,11081.9163,10964.2567,10822.0302,10971.3171,10895.5014,10638.4906,10860.4914,10791.7382,10832.4578,10676.419,10768.8892,10925.7101,10975.7961,10949.4891,10743.9619,10859.1773,11086.1088
Denmark,IPCC Agriculture,Emissions (CO2eq) (AR5),kilotonnes,12071.8247,12108.6758,12154.8797,11955.2804,11881.6997,11686.5885,11409.8655,11594.6197,11589.7671,11409.5394,11336.7229,11316.8709,11332.2248,11330.0856,11459.6041,11341.1561,11506.9969,11572.2879,11422.6061,11409.6909,11501.3124
Denmark,Agricultural Soils,Direct emissions (N2O),kilotonnes,9.2259,8.9851,8.6516,8.6942,8.2423,8.2223,8.2176,8.2519,8.6758,8.3098,8.1122,8.1319,8.3172,8.051,8.5508,8.9283,9.0292,9.1106,8.3801,8.8543,9.0415
Denmark,Agricultural Soils,Direct emissions (N2O),kilotonnes,13.6609,13.4001,13.1531,12.835,12.7758,12.7826,12.518,12.7762,13.1206,12.9954,12.4355,12.6151,12.509,12.4522,12.8724,12.7652,13.1768,13.4001,12.5734,13.3878,13.4133
Denmark,Agricultural Soils,Indirect emissions (N2O),kilotonnes,2.9802,2.9084,2.8126,2.8244,2.6814,2.6753,2.6828,2.7046,2.8147,2.6756,2.6456,2.6479,2.6909,2.6074,2.7597,2.8806,2.9265,2.9395,2.7594,2.871,2.9406
Denmark,Agricultural Soils,Indirect emissions (N2O),kilotonnes,2.1739,1.9632,2.0731,1.6766,1.838,1.7305,1.7654,1.9511,1.8289,1.6889,1.7514,1.742,1.7222,1.6825,1.7161,1.845,1.786,1.8059,1.7217,1.832,1.7743
Denmark,Agricultural Soils,Emissions (N2O),kilotonnes,13.8824,13.5717,13.1402,13.1934,12.596,12.5698,12.5724,12.6298,13.163,12.6568,12.4318,12.4543,12.6827,12.3328,12.9836,13.4819,13.6214,13.7148,12.8012,13.3818,13.6362
Denmark,Agricultural Soils,Emissions (N2O),kilotonnes,15.8348,15.3633,15.2262,14.5115,14.6137,14.513,14.2834,14.7273,14.9495,14.6843,14.1869,14.3571,14.2312,14.1348,14.5885,14.6102,14.9628,15.206,14.2951,15.2198,15.1876
Denmark,Agricultural Soils,Emissions (CO2eq) from N2O (AR5),kilotonnes,3678.8232,3596.4891,3482.1495,3496.2472,3337.9435,3330.9942,3331.688,3346.8861,3488.1859,3354.0473,3294.4221,3300.3994,3360.9051,3268.2009,3440.6599,3572.7135,3609.677,3634.4282,3392.3126,3546.1754,3613.5965
Denmark,Agricultural Soils,Emissions (CO2eq) from N2O (AR5),kilotonnes,4196.2139,4071.272,4034.9457,3845.5583,3872.639,3845.9541,3785.1062,3902.7299,3961.6045,3891.3409,3759.5371,3804.6315,3771.2593,3745.7089,3865.9631,3871.6979,3965.1349,4029.5947,3788.2004,4033.2466,4024.7087
Denmark,Agricultural Soils,Emissions (CO2eq) (AR5),kilotonnes,3678.8232,3596.4891,3482.1495,3496.2472,3337.9435,3330.9942,3331.688,3346.8861,3488.1859,3354.0473,3294.4221,3300.3994,3360.9051,3268.2009,3440.6599,3572.7135,3609.677,3634.4282,3392.3126,3546.1754,3613.5965
Denmark,Agricultural Soils,Emissions (CO2eq) (AR5),kilotonnes,4196.2139,4071.272,4034.9457,3845.5583,3872.639,3845.9541,3785.1062,3902.7299,3961.6045,3891.3409,3759.5371,3804.6315,3771.2593,3745.7089,3865.9631,3871.6979,3965.1349,4029.5947,3788.2004,4033.2466,4024.7087
Denmark,LULUCF,Emissions (CH4),kilotonnes,0.0046,0,0,0,0,0,0,0,0,0,0,0,0,0,0,0,0,0,0.01,0,0
Denmark,LULUCF,Emissions (CH4),kilotonnes,9.7023,9.6212,9.54,9.4584,9.4037,9.2968,9.2454,9.1937,9.1429,9.0921,9.1264,14.5248,9.202,9.1881,9.156,9.3005,9.3742,9.482,9.5281,9.5535,
Denmark,LULUCF,Emissions (N2O),kilotonnes,0.0003,0,0,0,0,0,0,0,0,0,0,0,0,0,0,0,0,0,0.0009,0,0
Denmark,LULUCF,Emissions (N2O),kilotonnes,0.1861,0.1789,0.1718,0.1646,0.1589,0.1527,0.1491,0.1455,0.1419,0.1384,0.1366,0.1349,0.1367,0.1345,0.1389,0.1521,0.1483,0.1361,0.1445,0.1383,
Denmark,LULUCF,Emissions (CO2),kilotonnes,1549.9311,1206.4733,1203.4933,1201.8006,1198.22,1197.9874,1197.8293,1199.5577,1198.4515,1196.8425,1200.5764,-735.046,-735.04,-735.1849,-737.1146,-737.1146,2074.2111,2072.8636,2068.5345,2061.2853,2057.912
Denmark,LULUCF,Emissions (CO2),kilotonnes,4284.0563,3400.2236,4428.9095,4273.535,4039.4033,4073.5614,4511.5173,4926.4402,3502.0125,2629.2937,1758.8553,1345.7706,770.9465,509.7684,1227.7111,345.2077,1450.6879,1381.7099,3193.796,2133.1151,
Denmark,LULUCF,Emissions (CO2eq) from CH4 (AR5),kilotonnes,0.1293,0,0,0,0,0,0,0,0,0,0,0,0,0,0,0,0,0,0.28,0,0
Denmark,LULUCF,Emissions (CO2eq) from N2O (AR5),kilotonnes,0.0676,0,0,0,0,0,0,0,0,0,0,0,0,0,0,0,0,0,0.242,0,0
Denmark,LULUCF,Emissions (CO2eq) (AR5),kilotonnes,1550.1279,1206.4733,1203.4933,1201.8006,1198.22,1197.9874,1197.8293,1199.5577,1198.4515,1196.8425,1200.5764,-735.046,-735.04,-735.1849,-737.1146,-737.1146,2074.2111,2072.8636,2069.0566,2061.2853,2057.912
Denmark,LULUCF,Emissions (CO2eq) (AR5),kilotonnes,4284.0563,3400.2236,4428.9095,4273.535,4039.4033,4073.5614,4511.5173,4926.4402,3502.0125,2629.2937,1758.8553,1345.7706,770.9465,509.7684,1227.7111,345.2077,1450.6879,1381.7099,3193.796,2133.1151,
Denmark,AFOLU,Emissions (CH4),kilotonnes,262.087,269.0683,263.05,259.3289,254.6666,250.8746,246.1486,250.5418,243.6211,239.4746,248.6837,246.2551,245.7926,243.753,240.9909,241.7826,242.2527,240.4747,241.6573,240.2287,245.3893
Denmark,AFOLU,Emissions (N2O),kilotonnes,16.2143,15.9726,15.5064,15.534,14.9104,14.8671,14.8297,14.9289,15.374,14.8423,14.707,14.7041,14.9067,14.5333,15.1741,15.6823,15.8216,15.9102,15.0116,15.5954,15.9064
Denmark,AFOLU,Emissions (CO2),kilotonnes,1549.9311,1206.4733,1203.4933,1201.8006,1198.22,1197.9874,1197.8293,1199.5577,1198.4515,1196.8425,1200.5764,-735.046,-735.04,-735.1849,-737.1146,-737.1146,2074.2111,2072.8636,2068.5345,2061.2853,2057.912
Denmark,AFOLU,Emissions (CO2eq) from CH4 (AR5),kilotonnes,7338.4362,7533.9134,7365.3987,7261.2097,7130.6657,7024.4876,6892.1614,7015.1691,6821.3901,6705.2902,6963.1436,6895.143,6882.1916,6825.0842,6747.7452,6769.9128,6783.0768,6733.2903,6766.4054,6726.4044,6870.9007
Denmark,AFOLU,Emissions (CO2eq) from N2O (AR5),kilotonnes,4296.8016,4232.7386,4109.1902,4116.5169,3951.2506,3939.7691,3929.8688,3956.1481,4074.1112,3933.2004,3897.3478,3896.5952,3950.2662,3851.3348,4021.1441,4155.7973,4192.7193,4216.1989,3978.0785,4132.7729,4215.2081
Denmark,AFOLU,Emissions (CO2eq) (AR5),kilotonnes,13185.1689,12973.1253,12678.0821,12579.5272,12280.1363,12162.2442,12019.8596,12170.8749,12093.9529,11835.3331,12061.0677,10056.6922,10097.4178,9941.2341,10031.7746,10188.5954,13050.0072,13022.3527,12813.0184,12920.4625,13144.0209
Denmark,All sectors with LULUCF,Emissions (CH4),kilotonnes,378.851,387.3203,381.434,376.9349,371.9566,371.8536,369.2566,370.5088,364.4751,353.8286,364.3197,356.7861,351.9636,346.525,346.2439,347.8666,347.0817,346.3077,343.6933,335.9727,332.8143
Denmark,All sectors with LULUCF,Emissions (N2O),kilotonnes,23.0503,22.4046,21.6334,22.183,20.1434,19.8501,18.4727,18.5179,18.89,18.2743,18.203,18.5131,18.9177,18.5693,19.1651,19.6933,19.9076,20.0002,19.1126,19.3414,19.5784
Denmark,All sectors with LULUCF,Emissions (CO2),kilotonnes,55293.3111,56459.9533,55547.0133,59395.3406,54321.82,50611.6674,58111.5393,53443.2877,50542.2015,47530.6225,48834.3864,41778.794,37478.84,38388.6951,34186.7654,31836.7654,35908.1011,33696.7636,33922.4645,31185.0153,26511.632
Denmark,All sectors with LULUCF,Emissions (CO2eq) from F-gases (AR5),kilotonnes,2730.6304,2283.6233,2167.0127,2021.2495,2001.8144,1972.6618,2079.5548,2235.0355,2390.5163,2409.9514,2380.7987,2701.4777,3362.2709,3478.8814,3410.8586,2662.6076,2594.5847,2040.6846,2235.0355,1933.7916,1642.2652
Denmark,All sectors with LULUCF,Emissions (CO2eq) from CH4 (AR5),kilotonnes,10607.8282,10844.9694,10680.1507,10554.1777,10414.7857,10411.8996,10339.1854,10374.2451,10205.3021,9907.2022,10200.9516,9990.011,9854.9796,9702.7002,9694.8292,9740.2648,9718.2888,9696.6143,9623.4134,9407.2364,9318.8007
Denmark,All sectors with LULUCF,Emissions (CO2eq) from N2O (AR5),kilotonnes,6108.3416,5937.2186,5732.8452,5878.5019,5337.9956,5260.2641,4895.2638,4907.2331,5005.8512,4842.6804,4823.7878,4905.9802,5013.1812,4920.8748,5078.7591,5218.7123,5275.5093,5300.0489,5064.8435,5125.4629,5188.2881
Denmark,All sectors with LULUCF,Emissions (CO2eq) (AR5),kilotonnes,74740.1113,75525.7646,74127.0218,77849.2697,72076.4157,68256.493,75425.5434,70959.8014,68143.8712,64690.4565,66239.9244,59376.2629,55709.2716,56491.1515,52371.2122,49458.35,53496.484,50734.1113,50845.757,47651.5061,42660.9861
Denmark,All sectors without LULUCF,Emissions (CH4),kilotonnes,378.8464,387.3203,381.434,376.9349,371.9566,371.8536,369.2566,370.5088,364.4751,353.8286,364.3197,356.7861,351.9636,346.525,346.2439,347.8666,347.0817,346.3077,343.6833,335.9727,332.8143
Denmark,All sectors without LULUCF,Emissions (N2O),kilotonnes,23.0501,22.4046,21.6334,22.183,20.1434,19.8501,18.4727,18.5179,18.89,18.2743,18.203,18.5131,18.9177,18.5693,19.1651,19.6933,19.9076,20.0002,19.1117,19.3414,19.5784
Denmark,All sectors without LULUCF,Emissions (CO2),kilotonnes,53743.38,55253.48,54343.52,58193.54,53123.6,49413.68,56913.71,52243.73,49343.75,46333.78,47633.81,42513.84,38213.88,39123.88,34923.88,32573.88,33833.89,31623.9,31853.93,29123.73,24453.72
Denmark,All sectors without LULUCF,Emissions (CO2eq) from F-gases (AR5),kilotonnes,2730.6304,2283.6233,2167.0127,2021.2495,2001.8144,1972.6618,2079.5548,2235.0355,2390.5163,2409.9514,2380.7987,2701.4777,3362.2709,3478.8814,3410.8586,2662.6076,2594.5847,2040.6846,2235.0355,1933.7916,1642.2652
Denmark,All sectors without LULUCF,Emissions (CO2eq) from CH4 (AR5),kilotonnes,10607.699,10844.9694,10680.1507,10554.1777,10414.7857,10411.8996,10339.1854,10374.2451,10205.3021,9907.2022,10200.9516,9990.011,9854.9796,9702.7002,9694.8292,9740.2648,9718.2888,9696.6143,9623.1334,9407.2364,9318.8007
Denmark,All sectors without LULUCF,Emissions (CO2eq) from N2O (AR5),kilotonnes,6108.2741,5937.2186,5732.8452,5878.5019,5337.9956,5260.2641,4895.2638,4907.2331,5005.8512,4842.6804,4823.7878,4905.9802,5013.1812,4920.8748,5078.7591,5218.7123,5275.5093,5300.0489,5064.6015,5125.4629,5188.2881
Denmark,All sectors without LULUCF,Emissions (CO2eq) (AR5),kilotonnes,73189.9834,74319.2913,72923.5286,76647.4691,70878.1957,67058.5055,74227.714,69760.2437,66945.4197,63493.6139,65039.3481,60111.3089,56444.3116,57226.3364,53108.3268,50195.4646,51422.2728,48661.2477,48776.7004,45590.2209,40603.0741
Djibouti,Crop Residues,Direct emissions (N2O),kilotonnes,0.0012,0.0012,0.0013,0.0008,0.001,0.001,0.0008,0.0009,0.0009,0.0009,0.0008,0.0009,0.0011,0.0011,0.001,0.001,0.0011,0.001,0.001,0.001,0.001
Djibouti,Crop Residues,Indirect emissions (N2O),kilotonnes,0.0003,0.0003,0.0003,0.0002,0.0002,0.0002,0.0002,0.0002,0.0002,0.0002,0.0002,0.0002,0.0003,0.0003,0.0002,0.0002,0.0002,0.0002,0.0002,0.0002,0.0002
Djibouti,Crop Residues,Emissions (N2O),kilotonnes,0.0014,0.0015,0.0016,0.0009,0.0012,0.0013,0.0009,0.0012,0.0012,0.0012,0.001,0.0011,0.0014,0.0014,0.0013,0.0012,0.0013,0.0012,0.0012,0.0012,0.0012
Djibouti,Crop Residues,Emissions (CO2eq) from N2O (AR5),kilotonnes,0.3834,0.4013,0.4152,0.2486,0.3261,0.3337,0.2486,0.3055,0.3051,0.3064,0.2628,0.2808,0.3699,0.3699,0.3345,0.3185,0.341,0.3306,0.3279,0.3285,0.329
Djibouti,Crop Residues,Emissions (CO2eq) (AR5),kilotonnes,0.3834,0.4013,0.4152,0.2486,0.3261,0.3337,0.2486,0.3055,0.3051,0.3064,0.2628,0.2808,0.3699,0.3699,0.3345,0.3185,0.341,0.3306,0.3279,0.3285,0.329
Djibouti,Burning - Crop residues,Emissions (CH4),kilotonnes,0,0,0,0,0,0,0,0,0,0,0,0,0,0,0,0,0,0,0,0,0
Djibouti,Burning - Crop residues,Emissions (N2O),kilotonnes,0,0,0,0,0,0,0,0,0,0,0,0,0,0,0,0,0,0,0,0,0
Djibouti,Burning - Crop residues,Emissions (CO2eq) from CH4 (AR5),kilotonnes,0.0005,0.0005,0.0005,0.0005,0.0005,0.0005,0.0005,0.0005,0.0005,0.0005,0.0006,0.0006,0.0006,0.0006,0.0006,0.0007,0.0006,0.0007,0.0007,0.0007,0.0007
Djibouti,Burning - Crop residues,Emissions (CO2eq) from N2O (AR5),kilotonnes,0.0001,0.0001,0.0001,0.0001,0.0001,0.0001,0.0001,0.0001,0.0001,0.0001,0.0001,0.0001,0.0001,0.0001,0.0001,0.0002,0.0001,0.0002,0.0002,0.0002,0.0002
Djibouti,Burning - Crop residues,Emissions (CO2eq) (AR5),kilotonnes,0.0006,0.0007,0.0006,0.0006,0.0006,0.0006,0.0006,0.0006,0.0007,0.0007,0.0008,0.0008,0.0008,0.0008,0.0008,0.0008,0.0008,0.0008,0.0008,0.0008,0.0008
Djibouti,Enteric Fermentation,Emissions (CH4),kilotonnes,17.6913,17.7243,17.7273,17.7795,17.95,17.9726,17.6914,17.7216,17.7218,17.7766,17.7768,17.7675,17.9055,17.9055,17.9755,18.0297,18.1051,17.9739,17.9772,17.9939,18.0105
Djibouti,Enteric Fermentation,Emissions (CH4),kilotonnes,9.769,,,,,,,,,,,,,,,,,,,,
Djibouti,Enteric Fermentation,Emissions (CO2eq) from CH4 (AR5),kilotonnes,495.357,496.28,496.3649,497.8253,502.6,503.2327,495.3598,496.2061,496.2111,497.7448,497.7498,497.49,501.354,501.354,503.314,504.8326,506.9416,503.2698,503.3604,503.8285,504.2953
Djibouti,Enteric Fermentation,Emissions (CO2eq) from CH4 (AR5),kilotonnes,273.532,,,,,,,,,,,,,,,,,,,,
Djibouti,Enteric Fermentation,Emissions (CO2eq) (AR5),kilotonnes,495.357,496.28,496.3649,497.8253,502.6,503.2327,495.3598,496.2061,496.2111,497.7448,497.7498,497.49,501.354,501.354,503.314,504.8326,506.9416,503.2698,503.3604,503.8285,504.2953
Djibouti,Enteric Fermentation,Emissions (CO2eq) (AR5),kilotonnes,273.532,,,,,,,,,,,,,,,,,,,,
Djibouti,Manure Management,Emissions (CH4),kilotonnes,0.6893,0.6895,0.6896,0.6926,0.7007,0.7009,0.6891,0.6891,0.6891,0.6921,0.6921,0.6911,0.6969,0.6969,0.6991,0.7015,0.704,0.7009,0.7011,0.702,0.7028
Djibouti,Manure Management,Emissions (CH4),kilotonnes,0.448,,,,,,,,,,,,,,,,,,,,
Djibouti,Manure Management,Emissions (N2O),kilotonnes,0.007,0.0071,0.0071,0.0071,0.0071,0.0071,0.007,0.0071,0.0071,0.0071,0.0071,0.0071,0.0071,0.0071,0.0071,0.0072,0.0072,0.0071,0.0071,0.0071,0.0071
Djibouti,Manure Management,Emissions (N2O),kilotonnes,,,,,,,,,,,,,,,,,,,,,
Djibouti,Manure Management,Emissions (CO2eq) from CH4 (AR5),kilotonnes,19.3007,19.3054,19.3099,19.3928,19.6202,19.6263,19.2938,19.2938,19.2938,19.3794,19.3794,19.3514,19.5138,19.5138,19.5759,19.6417,19.7114,19.6238,19.6321,19.6552,19.6782
Djibouti,Manure Management,Emissions (CO2eq) from CH4 (AR5),kilotonnes,12.544,,,,,,,,,,,,,,,,,,,,
Djibouti,Manure Management,Emissions (CO2eq) from N2O (AR5),kilotonnes,1.8616,1.8697,1.8698,1.8708,1.8798,1.8849,1.8616,1.8699,1.8699,1.8709,1.8709,1.873,1.8856,1.8856,1.8944,1.8978,1.9069,1.8859,1.8852,1.886,1.8869
Djibouti,Manure Management,Emissions (CO2eq) from N2O (AR5),kilotonnes,,,,,,,,,,,,,,,,,,,,,
Djibouti,Manure Management,Emissions (CO2eq) (AR5),kilotonnes,21.1622,21.1752,21.1797,21.2636,21.4999,21.5112,21.1554,21.1636,21.1637,21.2502,21.2503,21.2244,21.3994,21.3994,21.4703,21.5395,21.6183,21.5097,21.5173,21.5413,21.5651
Djibouti,Manure Management,Emissions (CO2eq) (AR5),kilotonnes,12.544,,,,,,,,,,,,,,,,,,,,
Djibouti,Manure left on Pasture,Direct emissions (N2O),kilotonnes,0.616,0.617,0.617,0.6177,0.622,0.6228,0.6161,0.6169,0.6169,0.6176,0.6176,0.617,0.6212,0.6212,0.6239,0.6263,0.6291,0.6229,0.6229,0.6232,0.6236
Djibouti,Manure left on Pasture,Indirect emissions (N2O),kilotonnes,0.1836,0.1838,0.1839,0.1841,0.1853,0.1855,0.1836,0.1838,0.1838,0.1841,0.1841,0.184,0.1852,0.1852,0.1859,0.1864,0.187,0.1858,0.1858,0.186,0.1861
Djibouti,Manure left on Pasture,Emissions (N2O),kilotonnes,0.7996,0.8008,0.8009,0.8018,0.8073,0.8083,0.7997,0.8007,0.8007,0.8017,0.8017,0.801,0.8064,0.8064,0.8098,0.8126,0.8161,0.8087,0.8087,0.8092,0.8097
Djibouti,Manure left on Pasture,Emissions (CO2eq) from N2O (AR5),kilotonnes,211.8944,212.225,212.2399,212.4857,213.9462,214.1931,211.912,212.1848,212.1864,212.4446,212.4462,212.2546,213.7012,213.7012,214.5917,215.3476,216.2649,214.3169,214.2995,214.4321,214.5644
Djibouti,Manure left on Pasture,Emissions (CO2eq) (AR5),kilotonnes,211.8944,212.225,212.2399,212.4857,213.9462,214.1931,211.912,212.1848,212.1864,212.4446,212.4462,212.2546,213.7012,213.7012,214.5917,215.3476,216.2649,214.3169,214.2995,214.4321,214.5644
Djibouti,Manure applied to Soils,Direct emissions (N2O),kilotonnes,0.0096,0.0097,0.0097,0.0097,0.0097,0.0098,0.0096,0.0097,0.0097,0.0097,0.0097,0.0098,0.0099,0.0099,0.0099,0.0098,0.0099,0.0098,0.0098,0.0098,0.0098
Djibouti,Manure applied to Soils,Indirect emissions (N2O),kilotonnes,0.0041,0.0041,0.0041,0.0041,0.0041,0.0042,0.0041,0.0041,0.0041,0.0041,0.0041,0.0042,0.0042,0.0042,0.0042,0.0042,0.0042,0.0042,0.0042,0.0042,0.0042
Djibouti,Manure applied to Soils,Emissions (N2O),kilotonnes,0.0136,0.0138,0.0138,0.0138,0.0138,0.014,0.0136,0.0138,0.0138,0.0139,0.0139,0.014,0.0141,0.0141,0.0141,0.014,0.0141,0.014,0.014,0.014,0.014
Djibouti,Manure applied to Soils,Emissions (CO2eq) from N2O (AR5),kilotonnes,3.6101,3.664,3.6645,3.6698,3.6637,3.6972,3.6105,3.6649,3.6653,3.6708,3.6711,3.7065,3.7274,3.7274,3.7421,3.7172,3.7305,3.7054,3.7058,3.7087,3.7115
Djibouti,Manure applied to Soils,Emissions (CO2eq) (AR5),kilotonnes,3.6101,3.664,3.6645,3.6698,3.6637,3.6972,3.6105,3.6649,3.6653,3.6708,3.6711,3.7065,3.7274,3.7274,3.7421,3.7172,3.7305,3.7054,3.7058,3.7087,3.7115
Djibouti,Drained organic soils,Emissions (CO2eq) (AR5),kilotonnes,0,0,0,0,0,0,0,0,0,0,0,0,0,0,0,0,0,0,0,0,0
Djibouti,Drained organic soils (CO2),Emissions (CO2),kilotonnes,0,0,0,0,0,0,0,0,0,0,0,0,0,0,0,0,0,0,0,0,0
Djibouti,Drained organic soils (CO2),Emissions (CO2eq) (AR5),kilotonnes,0,0,0,0,0,0,0,0,0,0,0,0,0,0,0,0,0,0,0,0,0
Djibouti,Drained organic soils (N2O),Emissions (N2O),kilotonnes,0,0,0,0,0,0,0,0,0,0,0,0,0,0,0,0,0,0,0,0,0
Djibouti,Drained organic soils (N2O),Emissions (CO2eq) from N2O (AR5),kilotonnes,0,0,0,0,0,0,0,0,0,0,0,0,0,0,0,0,0,0,0,0,0
Djibouti,Drained organic soils (N2O),Emissions (CO2eq) (AR5),kilotonnes,0,0,0,0,0,0,0,0,0,0,0,0,0,0,0,0,0,0,0,0,0
Djibouti,On-farm energy use,Emissions (CH4),kilotonnes,0.0008,0.0008,0.0007,0.0007,0.0007,0.0007,0.0007,0.0007,0.0008,0.0007,0.0008,0.0008,0.0009,0.0008,0.001,0.001,0.0012,0.0014,0.0012,0.0013,0.0013
Djibouti,On-farm energy use,Emissions (N2O),kilotonnes,0,0,0,0,0,0,0,0,0,0,0,0,0,0,0,0,0,0,0,0,0
Djibouti,On-farm energy use,Emissions (CO2),kilotonnes,9.6079,9.533,9.1468,9.1492,8.7872,8.8197,8.9102,9.4302,9.5632,9.0892,10.4918,9.5224,11.3628,9.9705,12.9767,12.9434,15.2354,17.0955,15.4776,15.9777,15.9777
Djibouti,On-farm energy use,Emissions (CO2eq) from CH4 (AR5),kilotonnes,0.0213,0.0212,0.0203,0.0203,0.0195,0.0196,0.0198,0.0209,0.0212,0.0202,0.0233,0.0211,0.0252,0.0221,0.0288,0.0287,0.0338,0.0379,0.0343,0.0354,0.0354
Djibouti,On-farm energy use,Emissions (CO2eq) from N2O (AR5),kilotonnes,0.004,0.004,0.0038,0.0038,0.0037,0.0037,0.0037,0.004,0.004,0.0038,0.0044,0.004,0.0048,0.0042,0.0054,0.0054,0.0064,0.0072,0.0065,0.0067,0.0067
Djibouti,On-farm energy use,Emissions (CO2eq) (AR5),kilotonnes,9.6332,9.5582,9.1709,9.1733,8.8104,8.843,8.9337,9.4551,9.5885,9.1132,10.5195,9.5476,11.3928,9.9968,13.0109,12.9776,15.2756,17.1406,15.5184,16.0199,16.0199
Djibouti,Forestland,Emissions (CO2),kilotonnes,0,0,0,0,0,0,0,0,0,0,0,0,0,0,0,0,0.0059,0.0059,0.0059,0.0059,0.0059
Djibouti,Forestland,Emissions (CO2eq) (AR5),kilotonnes,0,0,0,0,0,0,0,0,0,0,0,0,0,0,0,0,0.0059,0.0059,0.0059,0.0059,0.0059
Djibouti,Net Forest conversion,Emissions (CO2),kilotonnes,0,0,0,0,0,0,0,0,0,0,0,0,0,0,0,0,0,0,0,0,0
Djibouti,Net Forest conversion,Emissions (CO2eq) (AR5),kilotonnes,0,0,0,0,0,0,0,0,0,0,0,0,0,0,0,0,0,0,0,0,0
Djibouti,Savanna fires,Emissions (CH4),kilotonnes,0.0001,0,0,0,0,0,0,0,0,0,0,0,0,0,0,0,0,0,0,0,0.0003
Djibouti,Savanna fires,Emissions (N2O),kilotonnes,0,0,0,0,0,0,0,0,0,0,0,0,0,0,0,0,0,0,0,0,0
Djibouti,Savanna fires,Emissions (CO2eq) from CH4 (AR5),kilotonnes,0.0024,0,0,0,0,0,0,0,0,0,0,0,0,0,0,0,0,0,0,0,0.0072
Djibouti,Savanna fires,Emissions (CO2eq) from N2O (AR5),kilotonnes,0.0021,0,0,0,0,0,0,0,0,0,0,0,0,0,0,0,0,0,0,0,0.0062
Djibouti,Savanna fires,Emissions (CO2eq) (AR5),kilotonnes,0.0045,0,0,0,0,0,0,0,0,0,0,0,0,0,0,0,0,0,0,0,0.0133
Djibouti,Fires in organic soils,Emissions (CH4),kilotonnes,0,0,0,0,0,0,0,0,0,0,0,0,0,0,0,0,0,0,0,0,0
Djibouti,Fires in organic soils,Emissions (CO2),kilotonnes,0,0,0,0,0,0,0,0,0,0,0,0,0,0,0,0,0,0,0,0,0
Djibouti,Fires in organic soils,Emissions (CO2eq) from CH4 (AR5),kilotonnes,0,0,0,0,0,0,0,0,0,0,0,0,0,0,0,0,0,0,0,0,0
Djibouti,Fires in organic soils,Emissions (CO2eq) (AR5),kilotonnes,0,0,0,0,0,0,0,0,0,0,0,0,0,0,0,0,0,0,0,0,0
Djibouti,Forest fires,Emissions (CH4),kilotonnes,0,0,0,0,0,0,0,0,0,0,0,0,0,0,0,0,0,0,0,0,0
Djibouti,Forest fires,Emissions (N2O),kilotonnes,0,0,0,0,0,0,0,0,0,0,0,0,0,0,0,0,0,0,0,0,0
Djibouti,Forest fires,Emissions (CO2eq) from CH4 (AR5),kilotonnes,0,0,0,0,0,0,0,0,0,0,0,0,0,0,0,0,0,0,0,0,0
Djibouti,Forest fires,Emissions (CO2eq) from N2O (AR5),kilotonnes,0,0,0,0,0,0,0,0,0,0,0,0,0,0,0,0,0,0,0,0,0
Djibouti,Forest fires,Emissions (CO2eq) (AR5),kilotonnes,0,0,0,0,0,0,0,0,0,0,0,0,0,0,0,0,0,0,0,0,0
Djibouti,Fires in humid tropical forests,Emissions (CH4),kilotonnes,0,0,0,0,0,0,0,0,0,0,0,0,0,0,0,0,0,0,0,0,0
Djibouti,Fires in humid tropical forests,Emissions (N2O),kilotonnes,0,0,0,0,0,0,0,0,0,0,0,0,0,0,0,0,0,0,0,0,0
Djibouti,Fires in humid tropical forests,Emissions (CO2eq) from CH4 (AR5),kilotonnes,0,0,0,0,0,0,0,0,0,0,0,0,0,0,0,0,0,0,0,0,0
Djibouti,Fires in humid tropical forests,Emissions (CO2eq) from N2O (AR5),kilotonnes,0,0,0,0,0,0,0,0,0,0,0,0,0,0,0,0,0,0,0,0,0
Djibouti,Fires in humid tropical forests,Emissions (CO2eq) (AR5),kilotonnes,0,0,0,0,0,0,0,0,0,0,0,0,0,0,0,0,0,0,0,0,0
Djibouti,Waste - agri-food systems,Emissions (CH4),kilotonnes,2.4882,2.5576,2.6253,2.6825,2.7316,2.786,2.8351,2.8971,2.9436,2.9819,3.0207,3.0685,3.1108,3.1554,3.1627,3.2047,3.2452,3.284,3.3213,3.3566,3.3904
Djibouti,Waste - agri-food systems,Emissions (N2O),kilotonnes,0.0126,0.0129,0.0134,0.0139,0.014,0.0155,0.0169,0.018,0.0181,0.0183,0.0191,0.019,0.0198,0.0206,0.0209,0.0223,0.0219,0.0219,0.0223,0.0226,0.0229
Djibouti,Waste - agri-food systems,Emissions (CO2),kilotonnes,0,0,0,0,0,0,0,0,0,0,0,0,0,0,0,0,0,0,0,0,0
Djibouti,Waste - agri-food systems,Emissions (CO2eq) from CH4 (AR5),kilotonnes,69.6687,71.6116,73.5086,75.1101,76.4847,78.0075,79.383,81.1181,82.4222,83.4924,84.5787,85.9184,87.1015,88.3498,88.5542,89.7328,90.8645,91.9512,92.9971,93.9853,94.9301
Djibouti,Waste - agri-food systems,Emissions (CO2eq) from N2O (AR5),kilotonnes,3.3278,3.4073,3.5542,3.6878,3.698,4.1132,4.4902,4.7806,4.7908,4.8483,5.0729,5.0368,5.251,5.4634,5.5441,5.9166,5.804,5.8138,5.9022,5.988,6.0726
Djibouti,Waste - agri-food systems,Emissions (CO2eq) (AR5),kilotonnes,72.9965,75.0189,77.0628,78.7979,80.1827,82.1207,83.8732,85.8987,87.213,88.3407,89.6516,90.9552,92.3525,93.8133,94.0983,95.6493,96.6684,97.765,98.8994,99.9733,101.0027
Djibouti,On-farm electricity use,Emissions (CH4),kilotonnes,0,0,0,0,0,0,0,0,0,0,0,0,0,0,0,0,0,0,0,0,0
Djibouti,On-farm electricity use,Emissions (N2O),kilotonnes,0,0,0,0,0,0,0,0,0,0,0,0,0,0,0,0,0,0,0,0,0
Djibouti,On-farm electricity use,Emissions (CO2),kilotonnes,0,0,0,0,0,0,0,0,0,0,0,0,0,0,0,0,0,0,0,0,0
Djibouti,On-farm electricity use,Emissions (CO2eq) from CH4 (AR5),kilotonnes,0,0,0,0,0,0,0,0,0,0,0,0,0,0,0,0,0,0,0,0,0
Djibouti,On-farm electricity use,Emissions (CO2eq) from N2O (AR5),kilotonnes,0,0,0,0,0,0,0,0,0,0,0,0,0,0,0,0,0,0,0,0,0
Djibouti,On-farm electricity use,Emissions (CO2eq) (AR5),kilotonnes,0,0,0,0,0,0,0,0,0,0,0,0,0,0,0,0,0,0,0,0,0
Djibouti,Food Processing,Emissions (CH4),kilotonnes,0.1588,0.1445,0.1303,0.0784,0.0002,0.0003,0.0006,0.002,0.0021,0.0084,0.0102,0.0108,0.0076,0.0088,0.0081,0.0098,0.0064,0.0065,0.0055,0.0068,0.007
Djibouti,Food Processing,Emissions (N2O),kilotonnes,0.0011,0.001,0.001,0.0006,0,0,0.0001,0.0001,0.0001,0.0001,0.0001,0.0001,0.0001,0.0001,0.0001,0.0001,0.0001,0.0001,0.0001,0.0001,0.0001
Djibouti,Food Processing,Emissions (CO2),kilotonnes,49.5964,58.1564,58.5673,38.8141,2.5831,3.0244,7.2079,7.2378,9.2827,11.5606,8.6453,14.8181,12.4062,11.8534,6.1533,9.5411,6.3327,6.3672,6.6896,6.8327,6.1179
Djibouti,Food Processing,Emissions (CO2eq) from CH4 (AR5),kilotonnes,4.4464,4.046,3.6484,2.1952,0.0056,0.0084,0.0168,0.056,0.0588,0.2352,0.2856,0.3024,0.2128,0.2464,0.2268,0.2744,0.1792,0.182,0.154,0.1904,0.1947
Djibouti,Food Processing,Emissions (CO2eq) from N2O (AR5),kilotonnes,0.2915,0.265,0.265,0.159,0,0,0.0265,0.0265,0.0265,0.0265,0.0265,0.0265,0.0265,0.0265,0.0265,0.0265,0.0265,0.0265,0.0265,0.0265,0.0267
Djibouti,Food Processing,Emissions (CO2eq) (AR5),kilotonnes,54.3343,62.4674,62.4807,41.1683,2.5887,3.0328,7.2512,7.3203,9.368,11.8223,8.9574,15.147,12.6455,12.1263,6.4066,9.842,6.5384,6.5757,6.8701,7.0496,6.3393
Djibouti,Food Packaging,Emissions (CH4),kilotonnes,0,0,0,0,0,0,0,0,0,0,0,0,0.0001,0,0,0,0,0,0,0,0
Djibouti,Food Packaging,Emissions (N2O),kilotonnes,0,0,0,0,0,0,0,0,0,0,0,0,0,0,0,0,0,0,0,0,0
Djibouti,Food Packaging,Emissions (CO2),kilotonnes,0.0057,0.0057,0.0062,0.0065,0.0063,0.0064,0.0064,0.0072,0.0077,0.0071,0.7149,0.5442,1.0355,0.0045,0.006,0.0068,0.0075,0.0072,0.0072,0.2055,0.184
Djibouti,Food Packaging,Emissions (CO2eq) from CH4 (AR5),kilotonnes,0,0,0,0,0,0,0,0,0,0,0,0,0.0028,0,0,0,0,0,0,0,0
Djibouti,Food Packaging,Emissions (CO2eq) from N2O (AR5),kilotonnes,0,0,0,0,0,0,0,0,0,0,0,0,0,0,0,0,0,0,0,0,0
Djibouti,Food Packaging,Emissions (CO2eq) (AR5),kilotonnes,0.0057,0.0057,0.0062,0.0065,0.0063,0.0064,0.0064,0.0072,0.0077,0.0071,0.7149,0.5442,1.0383,0.0045,0.006,0.0068,0.0075,0.0072,0.0072,0.2055,0.184
Djibouti,Food Retail,Emissions (CH4),kilotonnes,0.0061,0.0067,0.0075,0.0072,0.009,0.0177,0.0189,0.0225,0.0197,0.0189,0.0219,0.0219,0.022,0.0235,0.0241,0.0267,0.0285,0.031,0.032,0.0294,0.0301
Djibouti,Food Retail,Emissions (N2O),kilotonnes,0,0,0,0,0.0001,0.0001,0.0001,0.0001,0.0001,0.0001,0.0001,0.0001,0.0001,0.0001,0.0001,0.0001,0.0002,0.0002,0.0002,0.0002,0.0002
Djibouti,Food Retail,Emissions (CO2),kilotonnes,8.4493,8.6091,8.7903,8.5545,8.8064,11.4476,11.3633,11.711,10.6647,10.4076,11.4384,11.6874,16.5145,12.1475,12.3534,13.263,13.0166,13.8918,14.2122,14.6418,13.11
Djibouti,Food Retail,Emissions (CO2eq) from CH4 (AR5),kilotonnes,0.1708,0.1876,0.21,0.2016,0.252,0.4956,0.5292,0.63,0.5516,0.5292,0.6132,0.6132,0.616,0.658,0.6748,0.7476,0.798,0.868,0.896,0.8232,0.8418
Djibouti,Food Retail,Emissions (CO2eq) from N2O (AR5),kilotonnes,0,0,0,0,0.0265,0.0265,0.0265,0.0265,0.0265,0.0265,0.0265,0.0265,0.0265,0.0265,0.0265,0.0265,0.053,0.053,0.053,0.053,0.0534
Djibouti,Food Retail,Emissions (CO2eq) (AR5),kilotonnes,8.6201,8.7967,9.0003,8.7561,9.0849,11.9697,11.919,12.3675,11.2428,10.9633,12.0781,12.3271,17.157,12.832,13.0547,14.0371,13.8676,14.8128,15.1612,15.518,14.0053
Djibouti,Food Household Consumption,Emissions (CH4),kilotonnes,0.0297,0.0306,0.0315,0.032,0.0326,0.0342,0.0356,0.037,0.0465,0.0472,0.0484,0.0487,0.0499,0.0619,0.0638,0.0708,0.0754,0.0822,0.0828,0.0832,0.0851
Djibouti,Food Household Consumption,Emissions (N2O),kilotonnes,0.0002,0.0002,0.0002,0.0002,0.0003,0.0003,0.0003,0.0003,0.0003,0.0003,0.0003,0.0003,0.0003,0.0004,0.0004,0.0004,0.0004,0.0005,0.0005,0.0005,0.0005
Djibouti,Food Household Consumption,Emissions (CO2),kilotonnes,26.5607,26.7812,26.619,26.301,26.0067,26.1135,27.9006,28.3116,29.6476,30.9776,31.6589,32.3196,31.4541,30.6323,31.3379,34.2414,35.2652,37.5605,37.79,38.6187,34.5786
Djibouti,Food Household Consumption,Emissions (CO2eq) from CH4 (AR5),kilotonnes,0.8316,0.8568,0.882,0.896,0.9128,0.9576,0.9968,1.036,1.302,1.3216,1.3552,1.3636,1.3972,1.7332,1.7864,1.9824,2.1112,2.3016,2.3184,2.3296,2.3823
Djibouti,Food Household Consumption,Emissions (CO2eq) from N2O (AR5),kilotonnes,0.053,0.053,0.053,0.053,0.0795,0.0795,0.0795,0.0795,0.0795,0.0795,0.0795,0.0795,0.0795,0.106,0.106,0.106,0.106,0.1325,0.1325,0.1325,0.1335
Djibouti,Food Household Consumption,Emissions (CO2eq) (AR5),kilotonnes,27.4453,27.691,27.554,27.25,26.999,27.1506,28.9769,29.4271,31.0291,32.3787,33.0936,33.7627,32.9308,32.4715,33.2303,36.3298,37.4824,39.9946,40.2409,41.0808,37.0944
Djibouti,Food Transport,Emissions (CH4),kilotonnes,0.0091,0.0089,0.009,0.0093,0.0089,0.0083,0.0078,0.0075,0.0083,0.0076,0.0085,0.0069,0.0093,0.0104,0.0104,0.0095,0.0091,0.0115,0.012,0.0072,0.0074
Djibouti,Food Transport,Emissions (N2O),kilotonnes,0.0008,0.0008,0.0008,0.0008,0.0008,0.0007,0.0007,0.0007,0.0007,0.0007,0.0009,0.0007,0.001,0.0011,0.0012,0.0011,0.0009,0.0012,0.0012,0.0008,0.0008
Djibouti,Food Transport,Emissions (CO2),kilotonnes,36.845,36.595,37.895,39.657,38.02,36.8485,34.5055,35.505,39.856,35.4945,39.856,29.9544,41.0821,44.8563,44.9092,40.8343,38.3351,48.2249,50.6702,34.7155,31.0837
Djibouti,Food Transport,Emissions (CO2eq) from CH4 (AR5),kilotonnes,0.2548,0.2492,0.252,0.2604,0.2492,0.2324,0.2184,0.21,0.2324,0.2128,0.238,0.1932,0.2604,0.2912,0.2912,0.266,0.2548,0.322,0.336,0.2016,0.2062
Djibouti,Food Transport,Emissions (CO2eq) from N2O (AR5),kilotonnes,0.212,0.212,0.212,0.212,0.212,0.1855,0.1855,0.1855,0.1855,0.1855,0.2385,0.1855,0.265,0.2915,0.318,0.2915,0.2385,0.318,0.318,0.212,0.2136
Djibouti,Food Transport,Emissions (CO2eq) (AR5),kilotonnes,37.3118,37.0562,38.359,40.1294,38.4812,37.2664,34.9094,35.9005,40.2739,35.8928,40.3325,30.3331,41.6075,45.439,45.5184,41.3918,38.8284,48.8649,51.3242,35.1291,31.5035
Djibouti,Energy,Emissions (CH4),kilotonnes,2.69,2.76,2.82,2.91,2.98,3.15,3.21,3.3,3.4,3.46,3.56,3.64,3.79,3.83,3.88,3.97,4.06,4.32,4.43,4.42,4.52
Djibouti,Energy,Emissions (N2O),kilotonnes,0.0336,0.0337,0.0356,0.0365,0.0368,0.0376,0.0365,0.0376,0.0387,0.0366,0.0381,0.0337,0.0383,0.0391,0.0393,0.0379,0.0369,0.0412,0.0422,0.04,0.0403
Djibouti,Energy,Emissions (CO2),kilotonnes,367,367,400,422,407,414,411,462,499,458,517,473,480,499,308,378,330,316,332,325,291
Djibouti,Energy,Emissions (CO2eq) from CH4 (AR5),kilotonnes,75.32,77.28,78.96,81.48,83.44,88.2,89.88,92.4,95.2,96.88,99.68,101.92,106.12,107.24,108.64,111.16,113.68,120.96,124.04,123.76,126.56
Djibouti,Energy,Emissions (CO2eq) from N2O (AR5),kilotonnes,8.904,8.9305,9.434,9.6725,9.752,9.964,9.6725,9.964,10.2555,9.699,10.0965,8.9305,10.1495,10.3615,10.4145,10.0435,9.7785,10.918,11.183,10.6,10.6795
Djibouti,Energy,Emissions (CO2eq) (AR5),kilotonnes,451.224,453.2105,488.394,513.1525,500.192,512.164,510.5525,564.364,604.4555,564.579,626.7765,583.8505,596.2695,616.6015,427.0545,499.2035,453.4585,447.878,467.223,459.36,428.2395
Djibouti,IPPU,Emissions (N2O),kilotonnes,0,0,0,0,0,0,0,0,0,0,0,0,0,0,0,0,0,0,0,0,0
Djibouti,IPPU,Emissions (CO2),kilotonnes,2.28,2.36,2.52,1.4,2.6,2.32,2.27,2.58,2.39,2.45,2.73,2.59,3.06,62,69.3,57.1,53,65,72.8,80.7,80.8
Djibouti,IPPU,Emissions (CO2eq) from N2O (AR5),kilotonnes,0.0021,0.0021,0.0022,0.0022,0.0022,0.0023,0.0023,0.0024,0.0024,0.0024,0.0025,0.0025,0.0026,0.0026,0.0027,0.0027,0.0028,0.0028,0.0028,0.0029,0.0029
Djibouti,IPPU,Emissions (CO2eq) (AR5),kilotonnes,2.2821,2.3621,2.5222,1.4022,2.6022,2.3223,2.2723,2.5824,2.3924,2.4524,2.7325,2.5925,3.0626,62.0026,69.3026,57.1027,53.0028,65.0028,72.8028,80.7029,80.8029
Djibouti,Waste,Emissions (CH4),kilotonnes,12.1,12.3,12.4,12.8,13.1,13.4,14.1,14.5,15,14.3,14.1,14.6,15,15.6,16.3,16.4,17.9,18.6,18.5,18.4,18.7
Djibouti,Waste,Emissions (N2O),kilotonnes,0.0219,0.0223,0.0227,0.0235,0.0242,0.0256,0.0275,0.03,0.0315,0.0326,0.0335,0.0343,0.0352,0.0361,0.0374,0.0392,0.0403,0.0408,0.0414,0.0437,0.0449
Djibouti,Waste,Emissions (CO2eq) from CH4 (AR5),kilotonnes,338.8,344.4,347.2,358.4,366.8,375.2,394.8,406,420,400.4,394.8,408.8,420,436.8,456.4,459.2,501.2,520.8,518,515.2,523.6
Djibouti,Waste,Emissions (CO2eq) from N2O (AR5),kilotonnes,5.8035,5.9095,6.0155,6.2275,6.413,6.784,7.2875,7.95,8.3475,8.639,8.8775,9.0895,9.328,9.5665,9.911,10.388,10.6795,10.812,10.971,11.5805,11.8985
Djibouti,Waste,Emissions (CO2eq) (AR5),kilotonnes,344.6035,350.3095,353.2155,364.6275,373.213,381.984,402.0875,413.95,428.3475,409.039,403.6775,417.8895,429.328,446.3665,466.311,469.588,511.8795,531.612,528.971,526.7805,535.4985
Djibouti,Other,Emissions (N2O),kilotonnes,0.0407,0.0413,0.0424,0.044,0.0435,0.0424,0.0415,0.0427,0.0469,0.0433,0.0474,0.0417,0.0497,0.0513,0.0516,0.0481,0.0466,0.0552,0.0575,0.0546,0.0555
Djibouti,Other,Emissions (CO2eq) from N2O (AR5),kilotonnes,10.7855,10.9445,11.236,11.66,11.5275,11.236,10.9975,11.3155,12.4285,11.4745,12.561,11.0505,13.1705,13.5945,13.674,12.7465,12.349,14.628,15.2375,14.469,14.7075
Djibouti,Other,Emissions (CO2eq) (AR5),kilotonnes,10.7855,10.9445,11.236,11.66,11.5275,11.236,10.9975,11.3155,12.4285,11.4745,12.561,11.0505,13.1705,13.5945,13.674,12.7465,12.349,14.628,15.2375,14.469,14.7075
Djibouti,Farm-gate emissions,Emissions (CH4),kilotonnes,18.3815,18.4145,18.4177,18.4728,18.6514,18.6743,18.3812,18.4115,18.4117,18.4695,18.4698,18.4594,18.6033,18.6032,18.6757,18.7323,18.8103,18.6762,18.6796,18.6971,18.7149
Djibouti,Farm-gate emissions,Direct emissions (N2O),kilotonnes,0.6267,0.6279,0.628,0.6282,0.6327,0.6336,0.6264,0.6275,0.6276,0.6283,0.6281,0.6277,0.6322,0.6322,0.6349,0.6371,0.64,0.6338,0.6337,0.6341,0.6344
Djibouti,Farm-gate emissions,Indirect emissions (N2O),kilotonnes,0.1879,0.1882,0.1883,0.1884,0.1897,0.1899,0.1879,0.1881,0.1881,0.1884,0.1884,0.1883,0.1897,0.1897,0.1903,0.1908,0.1914,0.1902,0.1902,0.1904,0.1905
Djibouti,Farm-gate emissions,Emissions (N2O),kilotonnes,0.8217,0.8233,0.8234,0.8237,0.8295,0.8306,0.8213,0.8228,0.8228,0.8238,0.8236,0.8231,0.829,0.829,0.8323,0.835,0.8387,0.8311,0.831,0.8316,0.8321
Djibouti,Farm-gate emissions,Emissions (CO2),kilotonnes,9.6079,9.533,9.1468,9.1492,8.7872,8.8197,8.9102,9.4302,9.5632,9.0892,10.4918,9.5224,11.3628,9.9705,12.9767,12.9434,15.2354,17.0955,15.4776,15.9777,15.9777
Djibouti,Farm-gate emissions,Emissions (CO2eq) from CH4 (AR5),kilotonnes,514.6818,515.6071,515.6955,517.2389,522.2401,522.879,514.6738,515.5212,515.5266,517.1449,517.1531,516.8631,520.8936,520.8905,522.9193,524.5037,526.6874,522.9322,523.0275,523.5198,524.0168
Djibouti,Farm-gate emissions,Emissions (CO2eq) from N2O (AR5),kilotonnes,217.7558,218.1641,218.1935,218.2788,219.8195,220.1127,217.6366,218.0292,218.0309,218.2966,218.2556,218.119,219.689,219.6884,220.5683,221.2868,222.2498,220.2461,220.2251,220.3621,220.5048
Djibouti,Farm-gate emissions,Emissions (CO2eq) (AR5),kilotonnes,742.0455,743.3042,743.0357,744.6668,750.8468,751.8114,741.2206,742.9806,743.1207,744.5307,745.9004,744.5046,751.9454,750.5494,756.4644,758.7339,764.1726,760.2738,758.7302,759.8597,760.4993
Djibouti,Land Use change,Emissions (CH4),kilotonnes,0,0,0,0,0,0,0,0,0,0,0,0,0,0,0,0,0,0,0,0,0
Djibouti,Land Use change,Emissions (N2O),kilotonnes,0,0,0,0,0,0,0,0,0,0,0,0,0,0,0,0,0,0,0,0,0
Djibouti,Land Use change,Emissions (CO2),kilotonnes,0,0,0,0,0,0,0,0,0,0,0,0,0,0,0,0,0,0,0,0,0
Djibouti,Land Use change,Emissions (CO2eq) from CH4 (AR5),kilotonnes,0,0,0,0,0,0,0,0,0,0,0,0,0,0,0,0,0,0,0,0,0
Djibouti,Land Use change,Emissions (CO2eq) from N2O (AR5),kilotonnes,0,0,0,0,0,0,0,0,0,0,0,0,0,0,0,0,0,0,0,0,0
Djibouti,Land Use change,Emissions (CO2eq) (AR5),kilotonnes,0,0,0,0,0,0,0,0,0,0,0,0,0,0,0,0,0,0,0,0,0
Djibouti,Emissions on agricultural land,Emissions (CH4),kilotonnes,18.3815,18.4145,18.4177,18.4728,18.6514,18.6743,18.3812,18.4115,18.4117,18.4695,18.4698,18.4594,18.6033,18.6032,18.6757,18.7323,18.8103,18.6762,18.6796,18.6971,18.7149
Djibouti,Emissions on agricultural land,Emissions (N2O),kilotonnes,0.8217,0.8233,0.8234,0.8237,0.8295,0.8306,0.8213,0.8228,0.8228,0.8238,0.8236,0.8231,0.829,0.829,0.8323,0.835,0.8387,0.8311,0.831,0.8316,0.8321
Djibouti,Emissions on agricultural land,Emissions (CO2),kilotonnes,9.6079,9.533,9.1468,9.1492,8.7872,8.8197,8.9102,9.4302,9.5632,9.0892,10.4918,9.5224,11.3628,9.9705,12.9767,12.9434,15.2354,17.0955,15.4776,15.9777,15.9777
Djibouti,Emissions on agricultural land,Emissions (CO2eq) from CH4 (AR5),kilotonnes,514.6818,515.6071,515.6955,517.2389,522.2401,522.879,514.6738,515.5212,515.5266,517.1449,517.1531,516.8631,520.8936,520.8905,522.9193,524.5037,526.6874,522.9322,523.0275,523.5198,524.0168
Djibouti,Emissions on agricultural land,Emissions (CO2eq) from N2O (AR5),kilotonnes,217.7558,218.1641,218.1935,218.2788,219.8195,220.1127,217.6366,218.0292,218.0309,218.2966,218.2556,218.119,219.689,219.6884,220.5683,221.2868,222.2498,220.2461,220.2251,220.3621,220.5048
Djibouti,Emissions on agricultural land,Emissions (CO2eq) (AR5),kilotonnes,742.0455,743.3042,743.0357,744.6668,750.8468,751.8114,741.2206,742.9806,743.1207,744.5307,745.9004,744.5046,751.9454,750.5494,756.4644,758.7339,764.1726,760.2738,758.7302,759.8597,760.4993
Djibouti,Pre- and post- production,Emissions (CH4),kilotonnes,2.6919,2.7483,2.8036,2.8094,2.7823,2.8465,2.898,2.9661,3.0202,3.064,3.1097,3.1568,3.1997,3.26,3.2691,3.3215,3.3646,3.4152,3.4536,3.4832,3.5198
Djibouti,Pre- and post- production,Emissions (N2O),kilotonnes,0.0147,0.0149,0.0154,0.0155,0.0152,0.0166,0.0181,0.0192,0.0193,0.0195,0.0205,0.0202,0.0213,0.0223,0.0227,0.024,0.0235,0.0239,0.0243,0.0242,0.0245
Djibouti,Pre- and post- production,Emissions (CO2),kilotonnes,121.4571,130.1474,131.8778,113.3331,75.4225,77.4404,80.9837,82.7726,89.4587,88.4474,92.3135,89.3237,102.4924,99.494,94.7598,97.8866,92.9571,106.0516,109.3692,95.0142,85.0743
Djibouti,Pre- and post- production,Emissions (CO2eq) from CH4 (AR5),kilotonnes,75.3723,76.9512,78.501,78.6633,77.9043,79.7015,81.1442,83.0501,84.567,85.7912,87.0707,88.3908,89.5907,91.2786,91.5334,93.0032,94.2077,95.6248,96.7015,97.5301,98.5551
Djibouti,Pre- and post- production,Emissions (CO2eq) from N2O (AR5),kilotonnes,3.8843,3.9373,4.0842,4.1118,4.016,4.4047,4.8082,5.0986,5.1088,5.1663,5.4439,5.3548,5.6485,5.9139,6.0211,6.3671,6.228,6.3438,6.4322,6.412,6.4998
Djibouti,Pre- and post- production,Emissions (CO2eq) (AR5),kilotonnes,200.7137,211.0359,214.463,196.1082,157.3428,161.5466,166.936,170.9213,179.1345,179.4049,184.8281,183.0693,197.7316,196.6866,192.3143,197.2568,193.3927,208.0202,212.503,198.9563,190.1291
Djibouti,Agri-food systems,Emissions (CH4),kilotonnes,21.0734,21.1628,21.2213,21.2822,21.4337,21.5207,21.2792,21.3775,21.4319,21.5334,21.5794,21.6162,21.803,21.8632,21.9447,22.0538,22.1748,22.0913,22.1332,22.1804,22.2347
Djibouti,Agri-food systems,Emissions (N2O),kilotonnes,0.8364,0.8381,0.8388,0.8392,0.8447,0.8472,0.8394,0.842,0.842,0.8433,0.8441,0.8433,0.8503,0.8513,0.8551,0.8591,0.8622,0.8551,0.8553,0.8558,0.8566
Djibouti,Agri-food systems,Emissions (CO2),kilotonnes,131.065,139.6804,141.0246,122.4823,84.2097,86.2601,89.8939,92.2028,99.022,97.5366,102.8053,98.8461,113.8552,109.4645,107.7365,110.83,108.1925,123.1471,124.8468,110.9919,101.052
Djibouti,Agri-food systems,Emissions (CO2eq) from CH4 (AR5),kilotonnes,590.0541,592.5582,594.1965,595.9021,600.1444,602.5805,595.8179,598.5713,600.0936,602.936,604.2238,605.2539,610.4843,612.1691,614.4527,617.5069,620.895,618.557,619.7291,621.0499,622.5719
Djibouti,Agri-food systems,Emissions (CO2eq) from N2O (AR5),kilotonnes,221.6401,222.1015,222.2776,222.3906,223.8355,224.5174,222.4448,223.1277,223.1397,223.4629,223.6995,223.4739,225.3375,225.6024,226.5894,227.6538,228.4778,226.5899,226.6574,226.7741,227.0046
Djibouti,Agri-food systems,Emissions (CO2eq) (AR5),kilotonnes,942.7592,954.3401,957.4987,940.7751,908.1897,913.358,908.1566,913.9019,922.2552,923.9356,930.7286,927.5739,949.677,947.236,948.7787,955.9908,957.5653,968.2939,971.2332,958.8159,950.6284
Djibouti,IPCC Agriculture,Emissions (CH4),kilotonnes,18.3807,18.4138,18.417,18.4721,18.6507,18.6736,18.3805,18.4107,18.4109,18.4687,18.4689,18.4586,18.6024,18.6024,18.6747,18.7313,18.8091,18.6748,18.6783,18.6959,18.7136
Djibouti,IPCC Agriculture,Emissions (CH4),kilotonnes,10.217,,,,,,,,,,,,,,,,,,,,
Djibouti,IPCC Agriculture,Direct emissions (N2O),kilotonnes,0.6267,0.6279,0.628,0.6282,0.6327,0.6336,0.6264,0.6275,0.6276,0.6283,0.6281,0.6277,0.6322,0.6322,0.6349,0.6371,0.64,0.6338,0.6337,0.6341,0.6344
Djibouti,IPCC Agriculture,Indirect emissions (N2O),kilotonnes,0.1879,0.1882,0.1883,0.1884,0.1897,0.1899,0.1879,0.1881,0.1881,0.1884,0.1884,0.1883,0.1897,0.1897,0.1903,0.1908,0.1914,0.1902,0.1902,0.1904,0.1905
Djibouti,IPCC Agriculture,Emissions (N2O),kilotonnes,0.8217,0.8232,0.8234,0.8237,0.8295,0.8306,0.8213,0.8227,0.8227,0.8237,0.8236,0.8231,0.829,0.829,0.8323,0.835,0.8387,0.8311,0.831,0.8315,0.8321
Djibouti,IPCC Agriculture,Emissions (N2O),kilotonnes,1.44,,,,,,,,,,,,,,,,,,,,
Djibouti,IPCC Agriculture,Emissions (CO2eq) from CH4 (AR5),kilotonnes,514.6605,515.5859,515.6752,517.2186,522.2206,522.8594,514.654,515.5003,515.5054,517.1247,517.1298,516.842,520.8684,520.8684,522.8905,524.475,526.6536,522.8943,522.9932,523.4844,523.9814
Djibouti,IPCC Agriculture,Emissions (CO2eq) from CH4 (AR5),kilotonnes,286.076,,,,,,,,,,,,,,,,,,,,
Djibouti,IPCC Agriculture,Emissions (CO2eq) from N2O (AR5),kilotonnes,217.7518,218.1601,218.1896,218.275,219.8159,220.109,217.6328,218.0252,218.0269,218.2928,218.2512,218.115,219.6842,219.6842,220.5629,221.2813,222.2434,220.2389,220.2186,220.3554,220.4981
Djibouti,IPCC Agriculture,Emissions (CO2eq) from N2O (AR5),kilotonnes,381.6,,,,,,,,,,,,,,,,,,,,
Djibouti,IPCC Agriculture,Emissions (CO2eq) (AR5),kilotonnes,732.4123,733.7461,733.8648,735.4935,742.0365,742.9684,732.2868,733.5255,733.5323,735.4175,735.381,734.957,740.5526,740.5526,743.4534,745.7563,748.897,743.1332,743.2118,743.8398,744.4794
Djibouti,IPCC Agriculture,Emissions (CO2eq) (AR5),kilotonnes,667.676,,,,,,,,,,,,,,,,,,,,
Djibouti,Agricultural Soils,Direct emissions (N2O),kilotonnes,0.6267,0.6279,0.628,0.6282,0.6327,0.6336,0.6264,0.6275,0.6276,0.6283,0.6281,0.6277,0.6322,0.6322,0.6349,0.6371,0.64,0.6338,0.6337,0.6341,0.6344
Djibouti,Agricultural Soils,Indirect emissions (N2O),kilotonnes,0.1879,0.1882,0.1883,0.1884,0.1897,0.1899,0.1879,0.1881,0.1881,0.1884,0.1884,0.1883,0.1897,0.1897,0.1903,0.1908,0.1914,0.1902,0.1902,0.1904,0.1905
Djibouti,Agricultural Soils,Emissions (N2O),kilotonnes,0.8147,0.8162,0.8163,0.8166,0.8224,0.8235,0.8142,0.8157,0.8157,0.8167,0.8165,0.816,0.8219,0.8219,0.8252,0.8279,0.8315,0.824,0.8239,0.8244,0.8249
Djibouti,Agricultural Soils,Emissions (N2O),kilotonnes,1.44,,,,,,,,,,,,,,,,,,,,
Djibouti,Agricultural Soils,Emissions (CO2eq) from N2O (AR5),kilotonnes,215.888,216.2903,216.3197,216.4041,217.936,218.224,215.7711,216.1552,216.1568,216.4218,216.3801,216.2419,217.7984,217.7984,218.6683,219.3833,220.3364,218.3529,218.3333,218.4692,218.6048
Djibouti,Agricultural Soils,Emissions (CO2eq) from N2O (AR5),kilotonnes,381.6,,,,,,,,,,,,,,,,,,,,
Djibouti,Agricultural Soils,Emissions (CO2eq) (AR5),kilotonnes,215.888,216.2903,216.3197,216.4041,217.936,218.224,215.7711,216.1552,216.1568,216.4218,216.3801,216.2419,217.7984,217.7984,218.6683,219.3833,220.3364,218.3529,218.3333,218.4692,218.6048
Djibouti,Agricultural Soils,Emissions (CO2eq) (AR5),kilotonnes,381.6,,,,,,,,,,,,,,,,,,,,
Djibouti,LULUCF,Emissions (CH4),kilotonnes,0,0,0,0,0,0,0,0,0,0,0,0,0,0,0,0,0,0,0,0,0
Djibouti,LULUCF,Emissions (CH4),kilotonnes,205.1,,,,,,,,,,,,,,,,,,,,
Djibouti,LULUCF,Emissions (N2O),kilotonnes,0,0,0,0,0,0,0,0,0,0,0,0,0,0,0,0,0,0,0,0,0
Djibouti,LULUCF,Emissions (N2O),kilotonnes,,,,,,,,,,,,,,,,,,,,,
Djibouti,LULUCF,Emissions (CO2),kilotonnes,0,0,0,0,0,0,0,0,0,0,0,0,0,0,0,0,0.0059,0.0059,0.0059,0.0059,0.0059
Djibouti,LULUCF,Emissions (CO2),kilotonnes,-6760.61,,,,,,,,,,,,,,,,,,,,
Djibouti,LULUCF,Emissions (CO2eq) from CH4 (AR5),kilotonnes,0,0,0,0,0,0,0,0,0,0,0,0,0,0,0,0,0,0,0,0,0
Djibouti,LULUCF,Emissions (CO2eq) from N2O (AR5),kilotonnes,0,0,0,0,0,0,0,0,0,0,0,0,0,0,0,0,0,0,0,0,0
Djibouti,LULUCF,Emissions (CO2eq) (AR5),kilotonnes,0,0,0,0,0,0,0,0,0,0,0,0,0,0,0,0,0.0059,0.0059,0.0059,0.0059,0.0059
Djibouti,LULUCF,Emissions (CO2eq) (AR5),kilotonnes,-6760.61,,,,,,,,,,,,,,,,,,,,
Djibouti,AFOLU,Emissions (CH4),kilotonnes,18.3807,18.4138,18.417,18.4721,18.6507,18.6736,18.3805,18.4107,18.4109,18.4687,18.4689,18.4586,18.6024,18.6024,18.6747,18.7313,18.8091,18.6748,18.6783,18.6959,18.7136
Djibouti,AFOLU,Emissions (N2O),kilotonnes,0.8217,0.8232,0.8234,0.8237,0.8295,0.8306,0.8213,0.8227,0.8227,0.8237,0.8236,0.8231,0.829,0.829,0.8323,0.835,0.8387,0.8311,0.831,0.8315,0.8321
Djibouti,AFOLU,Emissions (CO2),kilotonnes,0,0,0,0,0,0,0,0,0,0,0,0,0,0,0,0,0.0059,0.0059,0.0059,0.0059,0.0059
Djibouti,AFOLU,Emissions (CO2eq) from CH4 (AR5),kilotonnes,514.6605,515.5859,515.6752,517.2186,522.2206,522.8594,514.654,515.5003,515.5054,517.1247,517.1298,516.842,520.8684,520.8684,522.8905,524.475,526.6536,522.8943,522.9932,523.4844,523.9814
Djibouti,AFOLU,Emissions (CO2eq) from N2O (AR5),kilotonnes,217.7518,218.1601,218.1896,218.275,219.8159,220.109,217.6328,218.0252,218.0269,218.2928,218.2512,218.115,219.6842,219.6842,220.5629,221.2813,222.2434,220.2389,220.2186,220.3554,220.4981
Djibouti,AFOLU,Emissions (CO2eq) (AR5),kilotonnes,732.4123,733.7461,733.8648,735.4935,742.0365,742.9684,732.2868,733.5255,733.5323,735.4175,735.381,734.957,740.5526,740.5526,743.4534,745.7563,748.9029,743.1391,743.2177,743.8456,744.4853
Djibouti,All sectors with LULUCF,Emissions (CH4),kilotonnes,33.1707,33.4738,33.637,34.1821,34.7307,35.2236,35.6905,36.2107,36.8109,36.2287,36.1289,36.6986,37.3924,38.0324,38.8547,39.1013,40.7691,41.5948,41.6083,41.5159,41.9336
Djibouti,All sectors with LULUCF,Emissions (N2O),kilotonnes,0.9179,0.9206,0.9241,0.9277,0.934,0.9362,0.9268,0.933,0.9399,0.9363,0.9426,0.9328,0.9522,0.9555,0.9606,0.9602,0.9625,0.9683,0.9721,0.9698,0.9728
Djibouti,All sectors with LULUCF,Emissions (CO2),kilotonnes,369.28,369.36,402.52,423.4,409.6,416.32,413.27,464.58,501.39,460.45,519.73,475.59,483.06,561,377.3,435.1,383.0059,381.0059,404.8059,405.7059,371.8059
Djibouti,All sectors with LULUCF,Emissions (CO2eq) from CH4 (AR5),kilotonnes,928.7805,937.2659,941.8352,957.0986,972.4606,986.2594,999.334,1013.9003,1030.7054,1014.4047,1011.6098,1027.562,1046.9884,1064.9084,1087.9305,1094.835,1141.5336,1164.6543,1165.0332,1162.4444,1174.1414
Djibouti,All sectors with LULUCF,Emissions (CO2eq) from N2O (AR5),kilotonnes,243.2469,243.9468,244.8773,245.8372,247.5106,248.0953,245.5927,247.257,249.0608,248.1078,249.7887,247.1881,252.3348,253.2094,254.565,254.462,255.0532,256.5997,257.613,257.0077,257.7865
Djibouti,All sectors with LULUCF,Emissions (CO2eq) (AR5),kilotonnes,1541.3074,1550.5727,1589.2325,1626.3357,1629.5712,1650.6747,1658.1966,1725.7373,1781.1562,1722.9624,1781.1285,1750.34,1782.3832,1879.1177,1719.7956,1784.397,1779.5926,1802.2599,1827.452,1825.158,1803.7337
Djibouti,All sectors without LULUCF,Emissions (CH4),kilotonnes,33.1707,33.4738,33.637,34.1821,34.7307,35.2236,35.6905,36.2107,36.8109,36.2287,36.1289,36.6986,37.3924,38.0324,38.8547,39.1013,40.7691,41.5948,41.6083,41.5159,41.9336
Djibouti,All sectors without LULUCF,Emissions (N2O),kilotonnes,0.9179,0.9206,0.9241,0.9277,0.934,0.9362,0.9268,0.933,0.9399,0.9363,0.9426,0.9328,0.9522,0.9555,0.9606,0.9602,0.9625,0.9683,0.9721,0.9698,0.9728
Djibouti,All sectors without LULUCF,Emissions (CO2),kilotonnes,369.28,369.36,402.52,423.4,409.6,416.32,413.27,464.58,501.39,460.45,519.73,475.59,483.06,561,377.3,435.1,383,381,404.8,405.7,371.8
Djibouti,All sectors without LULUCF,Emissions (CO2eq) from CH4 (AR5),kilotonnes,928.7805,937.2659,941.8352,957.0986,972.4606,986.2594,999.334,1013.9003,1030.7054,1014.4047,1011.6098,1027.562,1046.9884,1064.9084,1087.9305,1094.835,1141.5336,1164.6543,1165.0332,1162.4444,1174.1414
Djibouti,All sectors without LULUCF,Emissions (CO2eq) from N2O (AR5),kilotonnes,243.2469,243.9468,244.8773,245.8372,247.5106,248.0953,245.5927,247.257,249.0608,248.1078,249.7887,247.1881,252.3348,253.2094,254.565,254.462,255.0532,256.5997,257.613,257.0077,257.7865
Djibouti,All sectors without LULUCF,Emissions (CO2eq) (AR5),kilotonnes,1541.3074,1550.5727,1589.2325,1626.3357,1629.5712,1650.6747,1658.1966,1725.7373,1781.1562,1722.9624,1781.1285,1750.34,1782.3832,1879.1177,1719.7956,1784.397,1779.5868,1802.254,1827.4462,1825.1521,1803.7279
Dominica,Crop Residues,Direct emissions (N2O),kilotonnes,0,0,0,0,0,0,0,0,0,0,0,0,0,0,0,0,0,0,0,0,0
Dominica,Crop Residues,Indirect emissions (N2O),kilotonnes,0,0,0,0,0,0,0,0,0,0,0,0,0,0,0,0,0,0,0,0,0
Dominica,Crop Residues,Emissions (N2O),kilotonnes,0,0,0,0,0,0,0,0,0,0,0,0,0,0,0,0,0,0,0,0,0
Dominica,Crop Residues,Emissions (CO2eq) from N2O (AR5),kilotonnes,0.0112,0.0112,0.0113,0.0117,0.0116,0.0121,0.0124,0.0128,0.0118,0.0115,0.0107,0.0091,0.0119,0.0119,0.0116,0.0114,0.0114,0.0116,0.0116,0.0116,0.0116
Dominica,Crop Residues,Emissions (CO2eq) (AR5),kilotonnes,0.0112,0.0112,0.0113,0.0117,0.0116,0.0121,0.0124,0.0128,0.0118,0.0115,0.0107,0.0091,0.0119,0.0119,0.0116,0.0114,0.0114,0.0116,0.0116,0.0116,0.0116
Dominica,Burning - Crop residues,Emissions (CH4),kilotonnes,0.0007,0.0007,0.0007,0.0008,0.0007,0.0008,0.0008,0.0008,0.0008,0.0008,0.0007,0.0007,0.0007,0.0007,0.0007,0.0007,0.0008,0.0007,0.0007,0.0007,0.0007
Dominica,Burning - Crop residues,Emissions (N2O),kilotonnes,0,0,0,0,0,0,0,0,0,0,0,0,0,0,0,0,0,0,0,0,0
Dominica,Burning - Crop residues,Emissions (CO2eq) from CH4 (AR5),kilotonnes,0.0206,0.0205,0.0206,0.021,0.0208,0.0214,0.0215,0.0228,0.0218,0.0215,0.0209,0.0194,0.0209,0.0209,0.0208,0.0209,0.021,0.021,0.021,0.0209,0.0209
Dominica,Burning - Crop residues,Emissions (CO2eq) from N2O (AR5),kilotonnes,0.005,0.005,0.005,0.0052,0.0051,0.0052,0.0053,0.0056,0.0053,0.0053,0.0051,0.0047,0.0051,0.0051,0.0051,0.0051,0.0052,0.0051,0.0051,0.0051,0.0051
Dominica,Burning - Crop residues,Emissions (CO2eq) (AR5),kilotonnes,0.0256,0.0255,0.0256,0.0262,0.0259,0.0266,0.0268,0.0283,0.0271,0.0267,0.026,0.0241,0.026,0.026,0.0259,0.026,0.0262,0.0261,0.0261,0.026,0.0261
Dominica,Enteric Fermentation,Emissions (CH4),kilotonnes,0.9561,0.9562,0.9562,0.9563,0.9563,0.9564,0.9555,0.9628,0.9629,0.9629,0.9739,0.9873,1.005,0.9962,0.9968,0.9951,0.9931,1.0026,1.0082,1.0123,1.0164
Dominica,Enteric Fermentation,Emissions (CH4),kilotonnes,0.748,0.748,0.748,0.748,0.748,0.748,,,,,,,,,,,,,,,
Dominica,Enteric Fermentation,Emissions (CO2eq) from CH4 (AR5),kilotonnes,26.771,26.7728,26.7742,26.776,26.7773,26.7791,26.754,26.9587,26.9605,26.9619,27.2692,27.6444,28.14,27.8936,27.9094,27.8619,27.8074,28.0731,28.2303,28.3442,28.4584
Dominica,Enteric Fermentation,Emissions (CO2eq) from CH4 (AR5),kilotonnes,20.944,20.944,20.944,20.944,20.944,20.944,,,,,,,,,,,,,,,
Dominica,Enteric Fermentation,Emissions (CO2eq) (AR5),kilotonnes,26.771,26.7728,26.7742,26.776,26.7773,26.7791,26.754,26.9587,26.9605,26.9619,27.2692,27.6444,28.14,27.8936,27.9094,27.8619,27.8074,28.0731,28.2303,28.3442,28.4584
Dominica,Enteric Fermentation,Emissions (CO2eq) (AR5),kilotonnes,20.944,20.944,20.944,20.944,20.944,20.944,,,,,,,,,,,,,,,
Dominica,Manure Management,Emissions (CH4),kilotonnes,0.025,0.025,0.025,0.025,0.025,0.025,0.0251,0.0251,0.0251,0.0251,0.0251,0.0254,0.0258,0.0258,0.0258,0.0258,0.0258,0.026,0.0261,0.0262,0.0262
Dominica,Manure Management,Emissions (CH4),kilotonnes,0.0315,0.0315,0.0315,0.0315,0.0315,0.0315,,,,,,,,,,,,,,,
Dominica,Manure Management,Emissions (N2O),kilotonnes,0.0023,0.0023,0.0023,0.0023,0.0023,0.0023,0.0022,0.0023,0.0023,0.0023,0.0023,0.0023,0.0023,0.0023,0.0023,0.0023,0.0023,0.0023,0.0023,0.0023,0.0023
Dominica,Manure Management,Emissions (N2O),kilotonnes,0.0063,0.0006,0.0006,0.0006,0.0006,0.0006,,,,,,,,,,,,,,,
Dominica,Manure Management,Emissions (CO2eq) from CH4 (AR5),kilotonnes,0.6997,0.6997,0.6997,0.6997,0.6997,0.6997,0.7025,0.7025,0.7025,0.7025,0.7025,0.7103,0.7234,0.7234,0.7238,0.7233,0.7227,0.7284,0.7307,0.7327,0.7347
Dominica,Manure Management,Emissions (CO2eq) from CH4 (AR5),kilotonnes,0.882,0.882,0.882,0.882,0.882,0.882,,,,,,,,,,,,,,,
Dominica,Manure Management,Emissions (CO2eq) from N2O (AR5),kilotonnes,0.5964,0.5964,0.5969,0.597,0.5966,0.5969,0.5899,0.5976,0.5977,0.5977,0.6097,0.6082,0.6159,0.6067,0.6068,0.607,0.6073,0.6131,0.6135,0.6144,0.6154
Dominica,Manure Management,Emissions (CO2eq) from N2O (AR5),kilotonnes,1.6695,0.159,0.159,0.159,0.159,0.159,,,,,,,,,,,,,,,
Dominica,Manure Management,Emissions (CO2eq) (AR5),kilotonnes,1.2961,1.2961,1.2966,1.2967,1.2963,1.2966,1.2924,1.3001,1.3002,1.3002,1.3122,1.3185,1.3393,1.33,1.3305,1.3302,1.33,1.3415,1.3442,1.347,1.35
Dominica,Manure Management,Emissions (CO2eq) (AR5),kilotonnes,2.5515,1.041,1.041,1.041,1.041,1.041,,,,,,,,,,,,,,,
Dominica,Manure left on Pasture,Direct emissions (N2O),kilotonnes,0.0182,0.0182,0.0182,0.0182,0.0182,0.0182,0.0185,0.0183,0.0183,0.0183,0.018,0.0184,0.0186,0.0189,0.0189,0.0189,0.0189,0.019,0.0191,0.0192,0.0192
Dominica,Manure left on Pasture,Indirect emissions (N2O),kilotonnes,0.0046,0.0046,0.0046,0.0046,0.0046,0.0046,0.0047,0.0047,0.0047,0.0047,0.0046,0.0047,0.0048,0.0048,0.0048,0.0048,0.0048,0.0048,0.0049,0.0049,0.0049
Dominica,Manure left on Pasture,Emissions (N2O),kilotonnes,0.0228,0.0228,0.0228,0.0228,0.0228,0.0228,0.0232,0.0229,0.0229,0.0229,0.0226,0.0231,0.0234,0.0237,0.0237,0.0237,0.0237,0.0238,0.024,0.024,0.0241
Dominica,Manure left on Pasture,Emissions (CO2eq) from N2O (AR5),kilotonnes,6.049,6.0484,6.0494,6.0489,6.0469,6.0471,6.1456,6.079,6.0784,6.0779,5.9794,6.1083,6.201,6.2812,6.2877,6.2803,6.2713,6.3195,6.3497,6.3714,6.3932
Dominica,Manure left on Pasture,Emissions (CO2eq) (AR5),kilotonnes,6.049,6.0484,6.0494,6.0489,6.0469,6.0471,6.1456,6.079,6.0784,6.0779,5.9794,6.1083,6.201,6.2812,6.2877,6.2803,6.2713,6.3195,6.3497,6.3714,6.3932
Dominica,Manure applied to Soils,Direct emissions (N2O),kilotonnes,0.0058,0.0058,0.0058,0.0058,0.0058,0.0058,0.0055,0.0058,0.0058,0.0058,0.0062,0.0061,0.0063,0.006,0.006,0.006,0.006,0.006,0.006,0.006,0.0061
Dominica,Manure applied to Soils,Indirect emissions (N2O),kilotonnes,0.0024,0.0024,0.0024,0.0024,0.0024,0.0025,0.0024,0.0025,0.0025,0.0025,0.0026,0.0026,0.0027,0.0025,0.0025,0.0025,0.0025,0.0026,0.0026,0.0026,0.0026
Dominica,Manure applied to Soils,Emissions (N2O),kilotonnes,0.0082,0.0082,0.0082,0.0082,0.0082,0.0082,0.0079,0.0083,0.0083,0.0083,0.0088,0.0087,0.0089,0.0085,0.0085,0.0085,0.0085,0.0086,0.0086,0.0086,0.0086
Dominica,Manure applied to Soils,Emissions (CO2eq) from N2O (AR5),kilotonnes,2.1732,2.174,2.1758,2.1766,2.176,2.1775,2.0942,2.1875,2.1883,2.1889,2.3302,2.3104,2.3636,2.2513,2.2521,2.2503,2.2484,2.2686,2.2769,2.2838,2.2907
Dominica,Manure applied to Soils,Emissions (CO2eq) (AR5),kilotonnes,2.1732,2.174,2.1758,2.1766,2.176,2.1775,2.0942,2.1875,2.1883,2.1889,2.3302,2.3104,2.3636,2.2513,2.2521,2.2503,2.2484,2.2686,2.2769,2.2838,2.2907
Dominica,Synthetic Fertilizers,Direct emissions (N2O),kilotonnes,0.0157,0.0157,0.0025,0.0039,0.0055,0.0064,0.0025,0.0097,0.0032,0.0019,0.0018,0.0029,0.0019,0.0046,0.0009,0.0049,0.0015,0.0016,0.0008,0.0036,0.002
Dominica,Synthetic Fertilizers,Indirect emissions (N2O),kilotonnes,0.0051,0.0051,0.0008,0.0013,0.0018,0.0021,0.0008,0.0031,0.001,0.0006,0.0006,0.0009,0.0006,0.0015,0.0003,0.0016,0.0005,0.0005,0.0003,0.0012,0.0007
Dominica,Synthetic Fertilizers,Emissions (N2O),kilotonnes,0.0208,0.0208,0.0033,0.0051,0.0072,0.0085,0.0033,0.0128,0.0042,0.0025,0.0024,0.0039,0.0025,0.0061,0.0012,0.0066,0.0019,0.0022,0.001,0.0047,0.0027
Dominica,Synthetic Fertilizers,Emissions (CO2eq) from N2O (AR5),kilotonnes,5.5177,5.5177,0.8663,1.3629,1.9146,2.2512,0.8718,3.3989,1.1201,0.6676,0.629,1.0263,0.657,1.6161,0.3102,1.7371,0.5152,0.5716,0.2765,1.2475,0.7108
Dominica,Synthetic Fertilizers,Emissions (CO2eq) (AR5),kilotonnes,5.5177,5.5177,0.8663,1.3629,1.9146,2.2512,0.8718,3.3989,1.1201,0.6676,0.629,1.0263,0.657,1.6161,0.3102,1.7371,0.5152,0.5716,0.2765,1.2475,0.7108
Dominica,Drained organic soils,Emissions (CO2eq) (AR5),kilotonnes,0,0,0,0,0,0,0,0,0,0,0,0,0,0,0,0,0,0,0,0,0
Dominica,Drained organic soils (CO2),Emissions (CO2),kilotonnes,0,0,0,0,0,0,0,0,0,0,0,0,0,0,0,0,0,0,0,0,0
Dominica,Drained organic soils (CO2),Emissions (CO2eq) (AR5),kilotonnes,0,0,0,0,0,0,0,0,0,0,0,0,0,0,0,0,0,0,0,0,0
Dominica,Drained organic soils (N2O),Emissions (N2O),kilotonnes,0,0,0,0,0,0,0,0,0,0,0,0,0,0,0,0,0,0,0,0,0
Dominica,Drained organic soils (N2O),Emissions (CO2eq) from N2O (AR5),kilotonnes,0,0,0,0,0,0,0,0,0,0,0,0,0,0,0,0,0,0,0,0,0
Dominica,Drained organic soils (N2O),Emissions (CO2eq) (AR5),kilotonnes,0,0,0,0,0,0,0,0,0,0,0,0,0,0,0,0,0,0,0,0,0
Dominica,On-farm energy use,Emissions (CH4),kilotonnes,0.0024,0.0025,0.0017,0.0018,0.0015,0.0013,0.0013,0.0012,0.0012,0.0011,0.001,0.001,0.001,0.001,0.001,0.0009,0.0009,0.0009,0.001,0.001,0.001
Dominica,On-farm energy use,Emissions (N2O),kilotonnes,0.0006,0.0006,0.0006,0.0007,0.0009,0.0008,0.001,0.001,0.0011,0.0013,0.0008,0.0012,0.0012,0.0014,0.0015,0.0014,0.0015,0.0014,0.0023,0.0025,0.0025
Dominica,On-farm energy use,Emissions (CO2),kilotonnes,4.9796,5.0766,4.309,4.8557,4.984,4.5294,5.1253,5.0791,5.3588,5.5761,4.2325,5.3223,5.3541,5.8771,6.0004,5.8835,5.9935,5.8063,7.8898,8.2677,8.2677
Dominica,On-farm energy use,Emissions (CO2eq) from CH4 (AR5),kilotonnes,0.0681,0.0712,0.0465,0.0506,0.041,0.0361,0.0358,0.0341,0.0332,0.0307,0.0275,0.0281,0.0281,0.0283,0.0282,0.0265,0.0265,0.025,0.0277,0.0275,0.0275
Dominica,On-farm energy use,Emissions (CO2eq) from N2O (AR5),kilotonnes,0.1549,0.1557,0.1498,0.1964,0.239,0.2054,0.2703,0.2699,0.3021,0.334,0.2001,0.3139,0.3172,0.3724,0.3854,0.3785,0.385,0.3749,0.6094,0.6542,0.6542
Dominica,On-farm energy use,Emissions (CO2eq) (AR5),kilotonnes,5.2027,5.3035,4.5053,5.1027,5.264,4.7709,5.4313,5.3831,5.6942,5.9407,4.4602,5.6643,5.6994,6.2778,6.414,6.2884,6.405,6.2061,8.5269,8.9494,8.9494
Dominica,Forestland,Emissions (CO2),kilotonnes,0.1781,-10.5184,-10.5184,-10.5184,-10.5184,-10.5184,-10.5184,-10.5184,-10.5184,-10.5184,-10.5184,-6.4398,-6.4398,-6.4398,-6.4398,-6.4398,-13.9262,-13.9262,-13.9262,-13.9262,-13.9262
Dominica,Forestland,Emissions (CO2eq) (AR5),kilotonnes,0.1781,-10.5184,-10.5184,-10.5184,-10.5184,-10.5184,-10.5184,-10.5184,-10.5184,-10.5184,-10.5184,-6.4398,-6.4398,-6.4398,-6.4398,-6.4398,-13.9262,-13.9262,-13.9262,-13.9262,-13.9262
Dominica,Net Forest conversion,Emissions (CO2),kilotonnes,54.9141,0,0,0,0,0,0,0,0,0,0,0,0,0,0,0,0,0,0,0,0
Dominica,Net Forest conversion,Emissions (CO2eq) (AR5),kilotonnes,54.9141,0,0,0,0,0,0,0,0,0,0,0,0,0,0,0,0,0,0,0,0
Dominica,Savanna fires,Emissions (CH4),kilotonnes,0,0,0,0,0,0,0,0,0,0,0,0,0,0,0,0,0,0,0,0,0
Dominica,Savanna fires,Emissions (N2O),kilotonnes,0,0,0,0,0,0,0,0,0,0,0,0,0,0,0,0,0,0,0,0,0
Dominica,Savanna fires,Emissions (CO2eq) from CH4 (AR5),kilotonnes,0,0,0,0,0,0,0,0,0,0,0,0,0,0,0,0,0,0,0,0,0
Dominica,Savanna fires,Emissions (CO2eq) from N2O (AR5),kilotonnes,0,0,0,0,0,0,0,0,0,0,0,0,0,0,0,0,0,0,0,0,0
Dominica,Savanna fires,Emissions (CO2eq) (AR5),kilotonnes,0,0,0,0,0,0,0,0,0,0,0,0,0,0,0,0,0,0,0,0,0
Dominica,Fires in organic soils,Emissions (CH4),kilotonnes,0,0,0,0,0,0,0,0,0,0,0,0,0,0,0,0,0,0,0,0,0
Dominica,Fires in organic soils,Emissions (CO2),kilotonnes,0,0,0,0,0,0,0,0,0,0,0,0,0,0,0,0,0,0,0,0,0
Dominica,Fires in organic soils,Emissions (CO2eq) from CH4 (AR5),kilotonnes,0,0,0,0,0,0,0,0,0,0,0,0,0,0,0,0,0,0,0,0,0
Dominica,Fires in organic soils,Emissions (CO2eq) (AR5),kilotonnes,0,0,0,0,0,0,0,0,0,0,0,0,0,0,0,0,0,0,0,0,0
Dominica,Forest fires,Emissions (CH4),kilotonnes,0,0,0,0,0,0,0,0,0,0,0,0,0,0,0,0,0,0,0,0,0
Dominica,Forest fires,Emissions (N2O),kilotonnes,0,0,0,0,0,0,0,0,0,0,0,0,0,0,0,0,0,0,0,0,0
Dominica,Forest fires,Emissions (CO2eq) from CH4 (AR5),kilotonnes,0,0,0,0,0,0,0,0,0,0,0,0,0,0,0,0,0,0,0,0,0
Dominica,Forest fires,Emissions (CO2eq) from N2O (AR5),kilotonnes,0,0,0,0,0,0,0,0,0,0,0,0,0,0,0,0,0,0,0,0,0
Dominica,Forest fires,Emissions (CO2eq) (AR5),kilotonnes,0,0,0,0,0,0,0,0,0,0,0,0,0,0,0,0,0,0,0,0,0
Dominica,Fires in humid tropical forests,Emissions (CH4),kilotonnes,0,0,0,0,0,0,0,0,0,0,0,0,0,0,0,0,0,0,0,0,0
Dominica,Fires in humid tropical forests,Emissions (N2O),kilotonnes,0,0,0,0,0,0,0,0,0,0,0,0,0,0,0,0,0,0,0,0,0
Dominica,Fires in humid tropical forests,Emissions (CO2eq) from CH4 (AR5),kilotonnes,0,0,0,0,0,0,0,0,0,0,0,0,0,0,0,0,0,0,0,0,0
Dominica,Fires in humid tropical forests,Emissions (CO2eq) from N2O (AR5),kilotonnes,0,0,0,0,0,0,0,0,0,0,0,0,0,0,0,0,0,0,0,0,0
Dominica,Fires in humid tropical forests,Emissions (CO2eq) (AR5),kilotonnes,0,0,0,0,0,0,0,0,0,0,0,0,0,0,0,0,0,0,0,0,0
Dominica,Waste - agri-food systems,Emissions (CH4),kilotonnes,0.4851,0.4857,0.4861,0.4868,0.4879,0.4884,0.4892,0.4903,0.4915,0.4927,0.4936,0.4944,0.4947,0.4951,0.4937,0.4944,0.4954,0.4953,0.4958,0.4968,0.4961
Dominica,Waste - agri-food systems,Emissions (N2O),kilotonnes,0.0022,0.0022,0.0022,0.0021,0.0021,0.0021,0.0021,0.0022,0.0022,0.0022,0.002,0.002,0.002,0.0019,0.0019,0.002,0.002,0.0019,0.0019,0.0019,0.0019
Dominica,Waste - agri-food systems,Emissions (CO2),kilotonnes,2.1624,2.1646,2.1623,2.1656,2.173,2.1721,2.1797,2.1881,2.1974,2.2046,2.2056,2.2072,2.2039,2.2066,2.2114,2.2156,2.2226,2.2116,2.2184,2.2292,2.2079
Dominica,Waste - agri-food systems,Emissions (CO2eq) from CH4 (AR5),kilotonnes,13.5815,13.5989,13.612,13.6313,13.6603,13.6743,13.6988,13.728,13.7625,13.797,13.8216,13.8429,13.8525,13.863,13.8241,13.843,13.8699,13.8682,13.8817,13.91,13.8911
Dominica,Waste - agri-food systems,Emissions (CO2eq) from N2O (AR5),kilotonnes,0.5782,0.5722,0.5702,0.5593,0.5557,0.5515,0.5654,0.5922,0.589,0.5809,0.5432,0.5325,0.5257,0.4956,0.5068,0.5177,0.5201,0.5113,0.512,0.5127,0.5135
Dominica,Waste - agri-food systems,Emissions (CO2eq) (AR5),kilotonnes,16.3221,16.3356,16.3445,16.3562,16.389,16.398,16.4439,16.5083,16.5488,16.5825,16.5705,16.5826,16.5821,16.5653,16.5422,16.5763,16.6126,16.5911,16.6122,16.6519,16.6125
Dominica,On-farm electricity use,Emissions (CH4),kilotonnes,0,0,0,0,0,0,0,0,0,0,0,0,0,0,0,0,0,0,0,0,0
Dominica,On-farm electricity use,Emissions (N2O),kilotonnes,0,0,0,0,0,0,0,0,0,0,0,0,0,0,0,0,0,0,0,0,0
Dominica,On-farm electricity use,Emissions (CO2),kilotonnes,0,0,0,0,0,0,0,0,0,0,0,0,0,0,0,0,0,0,0,0,0
Dominica,On-farm electricity use,Emissions (CO2eq) from CH4 (AR5),kilotonnes,0,0,0,0,0,0,0,0,0,0,0,0,0,0,0,0,0,0,0,0,0
Dominica,On-farm electricity use,Emissions (CO2eq) from N2O (AR5),kilotonnes,0,0,0,0,0,0,0,0,0,0,0,0,0,0,0,0,0,0,0,0,0
Dominica,On-farm electricity use,Emissions (CO2eq) (AR5),kilotonnes,0,0,0,0,0,0,0,0,0,0,0,0,0,0,0,0,0,0,0,0,0
Dominica,Food Processing,Emissions (CH4),kilotonnes,0.0001,0.0001,0,0,0,0,0,0,0,0,0.0001,0.0006,0.0006,0.0007,0.0006,0.0007,0.0007,0.0009,0.0013,0.0014,0.0014
Dominica,Food Processing,Emissions (N2O),kilotonnes,0,0,0,0,0,0,0,0,0,0,0,0,0,0,0,0,0,0.0001,0.0001,0.0001,0.0001
Dominica,Food Processing,Emissions (CO2),kilotonnes,1.4838,1.6675,0.9184,1.1078,1.6043,1.0862,1.0359,1.3955,0.7887,0.8121,0.9536,3.4215,3.7726,4.8928,4.0425,3.9247,4.519,4.5145,5.7468,5.7534,5.051
Dominica,Food Processing,Emissions (CO2eq) from CH4 (AR5),kilotonnes,0.0028,0.0028,0,0,0,0,0,0,0,0,0.0028,0.0168,0.0168,0.0196,0.0168,0.0196,0.0196,0.0252,0.0364,0.0392,0.0401
Dominica,Food Processing,Emissions (CO2eq) from N2O (AR5),kilotonnes,0,0,0,0,0,0,0,0,0,0,0,0,0,0,0,0,0,0.0265,0.0265,0.0265,0.0275
Dominica,Food Processing,Emissions (CO2eq) (AR5),kilotonnes,1.4866,1.6703,0.9184,1.1078,1.6043,1.0862,1.0359,1.3955,0.7887,0.8121,0.9564,3.4383,3.7894,4.9124,4.0593,3.9443,4.5386,4.5662,5.8097,5.8191,5.1186
Dominica,Food Packaging,Emissions (CH4),kilotonnes,0,0,0,0,0,0,0,0,0,0,0,0,0,0,0,0,0,0,0,0,0
Dominica,Food Packaging,Emissions (N2O),kilotonnes,0,0,0,0,0,0,0,0,0,0,0,0,0,0,0,0,0,0,0,0,0
Dominica,Food Packaging,Emissions (CO2),kilotonnes,0,0,0,0,0,0,0,0,0,0,0,0.0477,0.0517,0.0608,0.0518,0.0534,0.0557,0.0525,0.0541,0.0481,0.0422
Dominica,Food Packaging,Emissions (CO2eq) from CH4 (AR5),kilotonnes,0,0,0,0,0,0,0,0,0,0,0,0,0,0,0,0,0,0,0,0,0
Dominica,Food Packaging,Emissions (CO2eq) from N2O (AR5),kilotonnes,0,0,0,0,0,0,0,0,0,0,0,0,0,0,0,0,0,0,0,0,0
Dominica,Food Packaging,Emissions (CO2eq) (AR5),kilotonnes,0,0,0,0,0,0,0,0,0,0,0,0.0477,0.0517,0.0608,0.0518,0.0534,0.0557,0.0525,0.0541,0.0481,0.0422
Dominica,Food Retail,Emissions (CH4),kilotonnes,0.0095,0.0123,0.0114,0.0128,0.0098,0.01,0.0103,0.011,0.0116,0.0126,0.0148,0.0151,0.0151,0.0145,0.0148,0.0144,0.0148,0.0134,0.0112,0.0172,0.0176
Dominica,Food Retail,Emissions (N2O),kilotonnes,0,0,0,0,0,0.0001,0.0001,0.0001,0.0001,0.0001,0.0001,0.0001,0.0001,0.0001,0.0001,0.0001,0.0001,0.0001,0.0001,0.0001,0.0001
Dominica,Food Retail,Emissions (CO2),kilotonnes,5.7917,6.1854,5.7917,6.579,5.2537,5.3763,5.357,5.7045,5.6706,6.3737,7.576,7.5729,7.6818,7.6972,7.8431,7.6475,7.843,7.1223,6.3389,9.034,7.931
Dominica,Food Retail,Emissions (CO2eq) from CH4 (AR5),kilotonnes,0.2664,0.3437,0.3179,0.3588,0.2744,0.28,0.2884,0.308,0.3248,0.3528,0.4144,0.4228,0.4228,0.406,0.4144,0.4032,0.4144,0.3752,0.3136,0.4816,0.4928
Dominica,Food Retail,Emissions (CO2eq) from N2O (AR5),kilotonnes,0,0,0,0,0,0.0265,0.0265,0.0265,0.0265,0.0265,0.0265,0.0265,0.0265,0.0265,0.0265,0.0265,0.0265,0.0265,0.0265,0.0265,0.0275
Dominica,Food Retail,Emissions (CO2eq) (AR5),kilotonnes,6.0581,6.5291,6.1097,6.9377,5.5281,5.6828,5.6719,6.039,6.0219,6.753,8.0169,8.0222,8.1311,8.1297,8.284,8.0772,8.2839,7.524,6.679,9.5421,8.4513
Dominica,Food Household Consumption,Emissions (CH4),kilotonnes,0.0112,0.0119,0.0123,0.0123,0.0123,0.0125,0.0127,0.0125,0.0126,0.0135,0.0145,0.0148,0.015,0.015,0.0153,0.0159,0.0169,0.0127,0.0086,0.0139,0.0142
Dominica,Food Household Consumption,Emissions (N2O),kilotonnes,0.0001,0.0001,0.0001,0.0001,0.0001,0.0001,0.0001,0.0001,0.0001,0.0001,0.0001,0.0001,0.0001,0.0001,0.0001,0.0001,0.0001,0.0001,0,0.0001,0.0001
Dominica,Food Household Consumption,Emissions (CO2),kilotonnes,8.316,8.6481,8.8999,8.9514,8.9816,9.056,9.0313,8.7526,8.2484,8.9713,8.8033,8.858,8.7906,9.2039,9.4442,9.6887,10.2153,8.109,6.1373,8.7663,7.696
Dominica,Food Household Consumption,Emissions (CO2eq) from CH4 (AR5),kilotonnes,0.3136,0.3332,0.3444,0.3444,0.3444,0.35,0.3556,0.35,0.3528,0.378,0.406,0.4144,0.42,0.42,0.4284,0.4452,0.4732,0.3556,0.2408,0.3892,0.3983
Dominica,Food Household Consumption,Emissions (CO2eq) from N2O (AR5),kilotonnes,0.0265,0.0265,0.0265,0.0265,0.0265,0.0265,0.0265,0.0265,0.0265,0.0265,0.0265,0.0265,0.0265,0.0265,0.0265,0.0265,0.0265,0.0265,0,0.0265,0.0275
Dominica,Food Household Consumption,Emissions (CO2eq) (AR5),kilotonnes,8.6561,9.0078,9.2708,9.3223,9.3525,9.4325,9.4134,9.1291,8.6277,9.3758,9.2358,9.2989,9.2371,9.6504,9.8991,10.1604,10.715,8.4911,6.3781,9.182,8.1217
Dominica,Food Transport,Emissions (CH4),kilotonnes,0.0006,0.0007,0.0005,0.0007,0.0008,0.0008,0.0008,0.001,0.0009,0.001,0.001,0.0011,0.0011,0.0011,0.0012,0.0012,0.0011,0.0014,0.0014,0.0014,0.0014
Dominica,Food Transport,Emissions (N2O),kilotonnes,0.0001,0.0001,0.0001,0.0001,0.0001,0.0001,0.0001,0.0001,0.0001,0.0001,0.0001,0.0001,0.0001,0.0001,0.0001,0.0001,0.0001,0.0002,0.0002,0.0002,0.0002
Dominica,Food Transport,Emissions (CO2),kilotonnes,2.7909,3.1227,2.4725,3.0913,3.8444,3.9026,3.8399,4.7241,4.2049,4.7228,5.1214,4.9116,5.2176,5.2829,5.6868,5.8285,5.6438,7.2485,7.0382,6.9648,6.1144
Dominica,Food Transport,Emissions (CO2eq) from CH4 (AR5),kilotonnes,0.0168,0.0196,0.014,0.0196,0.0224,0.0224,0.0224,0.028,0.0252,0.028,0.028,0.0308,0.0308,0.0308,0.0336,0.0336,0.0308,0.0392,0.0392,0.0392,0.0401
Dominica,Food Transport,Emissions (CO2eq) from N2O (AR5),kilotonnes,0.0265,0.0265,0.0265,0.0265,0.0265,0.0265,0.0265,0.0265,0.0265,0.0265,0.0265,0.0265,0.0265,0.0265,0.0265,0.0265,0.0265,0.053,0.053,0.053,0.055
Dominica,Food Transport,Emissions (CO2eq) (AR5),kilotonnes,2.8342,3.1688,2.513,3.1374,3.8933,3.9515,3.8888,4.7786,4.2566,4.7773,5.1759,4.9689,5.2749,5.3402,5.7469,5.8886,5.7011,7.3407,7.1304,7.057,6.2095
Dominica,Energy,Emissions (CH4),kilotonnes,0.0124,0.016,0.0148,0.0167,0.0151,0.0148,0.0144,0.0169,0.0148,0.0168,0.0161,0.0168,0.0167,0.0183,0.0194,0.0198,0.019,0.022,0.0216,0.0215,0.022
Dominica,Energy,Emissions (N2O),kilotonnes,0.0024,0.0026,0.0022,0.0025,0.0031,0.0028,0.0025,0.0032,0.0029,0.0031,0.0031,0.0038,0.0043,0.0039,0.0044,0.0045,0.0048,0.0059,0.0057,0.0056,0.0058
Dominica,Energy,Emissions (CO2),kilotonnes,103,110,103,117,143,143,143,183,165,161,172,154,165,169,176,176,180,161,166,172,151
Dominica,Energy,Emissions (CO2eq) from CH4 (AR5),kilotonnes,0.3472,0.448,0.4144,0.4676,0.4228,0.4144,0.4032,0.4732,0.4144,0.4704,0.4508,0.4704,0.4676,0.5124,0.5432,0.5544,0.532,0.616,0.6048,0.602,0.616
Dominica,Energy,Emissions (CO2eq) from N2O (AR5),kilotonnes,0.6254,0.6996,0.5724,0.6652,0.8109,0.7526,0.6519,0.8586,0.7632,0.8242,0.8268,1.0123,1.1262,1.0362,1.1633,1.1792,1.2826,1.5582,1.5132,1.484,1.5397
Dominica,Energy,Emissions (CO2eq) (AR5),kilotonnes,103.9726,111.1476,103.9868,118.1328,144.2337,144.167,144.0551,184.3318,166.1776,162.2945,173.2776,155.4827,166.5939,170.5486,177.7065,177.7337,181.8146,163.1742,168.118,174.086,153.1557
Dominica,IPPU,Emissions (N2O),kilotonnes,0,0,0,0,0,0,0,0,0,0,0,0,0,0,0,0,0,0,0,0,0
Dominica,IPPU,Emissions (CO2),kilotonnes,30.1,26.8,23.5,25,24.1,22.8,23.3,20.1,21.3,17.2,11.1,11.1,4.57,4.58,4.6,4.61,4.61,4.67,4.69,0,0
Dominica,IPPU,Emissions (CO2eq) from F-gases (AR5),kilotonnes,0.0054,0.0058,0.002,0.0022,0.0032,0.0034,0.049,0.0653,0.07,0.0571,0.0536,0.0525,0.0618,0.0536,0.0595,0.0571,0.0571,0.0536,0.0735,0.0768,0.0802
Dominica,IPPU,Emissions (CO2eq) from N2O (AR5),kilotonnes,0.0002,0.0002,0.0002,0.0002,0.0002,0.0002,0.0002,0.0002,0.0002,0.0002,0.0002,0.0002,0.0002,0.0002,0.0002,0.0002,0.0002,0.0002,0.0002,0.0002,0.0002
Dominica,IPPU,Emissions (CO2eq) (AR5),kilotonnes,30.1056,26.8061,23.5022,25.0024,24.1034,22.8036,23.3492,20.1655,21.3702,17.2573,11.1538,11.1527,4.632,4.6339,4.6597,4.6674,4.6674,4.7239,4.7637,0.077,0.0804
Dominica,Waste,Emissions (CH4),kilotonnes,1.02,1.03,1.03,1.04,1.06,1.06,1.08,1.1,1.11,1.12,1.13,1.14,1.14,1.15,1.17,1.18,1.19,1.18,1.19,1.21,1.22
Dominica,Waste,Emissions (N2O),kilotonnes,0.004,0.004,0.004,0.0039,0.0039,0.0038,0.0038,0.0039,0.004,0.0041,0.004,0.0039,0.0037,0.0036,0.0036,0.0036,0.0037,0.0037,0.0037,0.0036,0.0036
Dominica,Waste,Emissions (CO2eq) from CH4 (AR5),kilotonnes,28.56,28.84,28.84,29.12,29.68,29.68,30.24,30.8,31.08,31.36,31.64,31.92,31.92,32.2,32.76,33.04,33.32,33.04,33.32,33.88,34.16
Dominica,Waste,Emissions (CO2eq) from N2O (AR5),kilotonnes,1.0494,1.0494,1.052,1.0388,1.0282,1.015,1.0176,1.0441,1.0706,1.0838,1.0547,1.0229,0.9911,0.9646,0.954,0.954,0.9752,0.9805,0.9779,0.9593,0.9514
Dominica,Waste,Emissions (CO2eq) (AR5),kilotonnes,29.6094,29.8894,29.8921,30.1588,30.7082,30.6949,31.2576,31.8441,32.1506,32.4439,32.6947,32.9429,32.9111,33.1646,33.714,33.994,34.2952,34.0205,34.2978,34.8393,35.1113
Dominica,Other,Emissions (N2O),kilotonnes,0.0059,0.0066,0.0059,0.0074,0.0091,0.009,0.0087,0.0108,0.0099,0.0107,0.0127,0.0128,0.0127,0.0125,0.0132,0.014,0.0135,0.012,0.0117,0.014,0.0143
Dominica,Other,Emissions (CO2eq) from N2O (AR5),kilotonnes,1.5635,1.7596,1.5529,1.9663,2.4036,2.3771,2.3002,2.862,2.6156,2.8355,3.3655,3.392,3.3655,3.3125,3.498,3.71,3.5775,3.18,3.1005,3.71,3.7895
Dominica,Other,Emissions (CO2eq) (AR5),kilotonnes,1.5635,1.7596,1.5529,1.9663,2.4036,2.3771,2.3002,2.862,2.6156,2.8355,3.3655,3.392,3.3655,3.3125,3.498,3.71,3.5775,3.18,3.1005,3.71,3.7895
Dominica,Farm-gate emissions,Emissions (CH4),kilotonnes,0.9843,0.9844,0.9836,0.9838,0.9835,0.9834,0.9826,0.9899,0.9899,0.9899,1.0007,1.0144,1.0326,1.0238,1.0244,1.0226,1.0206,1.0303,1.0361,1.0402,1.0443
Dominica,Farm-gate emissions,Direct emissions (N2O),kilotonnes,0.0397,0.0397,0.0264,0.0279,0.0294,0.0304,0.0265,0.0338,0.0273,0.026,0.026,0.0274,0.0268,0.0295,0.0258,0.0298,0.0263,0.0267,0.026,0.0288,0.0274
Dominica,Farm-gate emissions,Indirect emissions (N2O),kilotonnes,0.0122,0.0122,0.0079,0.0084,0.0089,0.0092,0.0079,0.0103,0.0082,0.0078,0.0078,0.0082,0.008,0.0088,0.0076,0.009,0.0078,0.0079,0.0077,0.0086,0.0081
Dominica,Farm-gate emissions,Emissions (N2O),kilotonnes,0.0547,0.0547,0.0372,0.0392,0.0415,0.0426,0.0377,0.0474,0.0389,0.0373,0.0368,0.0392,0.0384,0.0421,0.0372,0.0425,0.0379,0.0384,0.0383,0.0422,0.0403
Dominica,Farm-gate emissions,Emissions (CO2),kilotonnes,4.9796,5.0766,4.309,4.8557,4.984,4.5294,5.1253,5.0791,5.3588,5.5761,4.2325,5.3223,5.3541,5.8771,6.0004,5.8835,5.9935,5.8063,7.8898,8.2677,8.2677
Dominica,Farm-gate emissions,Emissions (CO2eq) from CH4 (AR5),kilotonnes,27.5594,27.5642,27.541,27.5473,27.5387,27.5363,27.5138,27.7181,27.718,27.7165,28.0201,28.4022,28.9124,28.6661,28.6822,28.6325,28.5776,28.8475,29.0097,29.1253,29.2415
Dominica,Farm-gate emissions,Emissions (CO2eq) from N2O (AR5),kilotonnes,14.5074,14.5084,9.8546,10.3986,10.9899,11.2954,9.9895,12.5513,10.3038,9.883,9.7642,10.381,10.1717,11.1448,9.859,11.2697,10.0438,10.1644,10.1426,11.1878,10.681
Dominica,Farm-gate emissions,Emissions (CO2eq) (AR5),kilotonnes,47.0464,47.1492,41.7045,42.8016,43.5126,43.361,42.6286,45.3485,43.3806,43.1756,42.0168,44.1054,44.4382,45.6879,44.5416,45.7857,44.6148,44.8182,47.0421,48.5808,48.1902
Dominica,Land Use change,Emissions (CH4),kilotonnes,0,0,0,0,0,0,0,0,0,0,0,0,0,0,0,0,0,0,0,0,0
Dominica,Land Use change,Emissions (N2O),kilotonnes,0,0,0,0,0,0,0,0,0,0,0,0,0,0,0,0,0,0,0,0,0
Dominica,Land Use change,Emissions (CO2),kilotonnes,54.9141,0,0,0,0,0,0,0,0,0,0,0,0,0,0,0,0,0,0,0,0
Dominica,Land Use change,Emissions (CO2eq) from CH4 (AR5),kilotonnes,0,0,0,0,0,0,0,0,0,0,0,0,0,0,0,0,0,0,0,0,0
Dominica,Land Use change,Emissions (CO2eq) from N2O (AR5),kilotonnes,0,0,0,0,0,0,0,0,0,0,0,0,0,0,0,0,0,0,0,0,0
Dominica,Land Use change,Emissions (CO2eq) (AR5),kilotonnes,54.9141,0,0,0,0,0,0,0,0,0,0,0,0,0,0,0,0,0,0,0,0
Dominica,Emissions on agricultural land,Emissions (CH4),kilotonnes,0.9843,0.9844,0.9836,0.9838,0.9835,0.9834,0.9826,0.9899,0.9899,0.9899,1.0007,1.0144,1.0326,1.0238,1.0244,1.0226,1.0206,1.0303,1.0361,1.0402,1.0443
Dominica,Emissions on agricultural land,Emissions (N2O),kilotonnes,0.0547,0.0547,0.0372,0.0392,0.0415,0.0426,0.0377,0.0474,0.0389,0.0373,0.0368,0.0392,0.0384,0.0421,0.0372,0.0425,0.0379,0.0384,0.0383,0.0422,0.0403
Dominica,Emissions on agricultural land,Emissions (CO2),kilotonnes,59.8937,5.0766,4.309,4.8557,4.984,4.5294,5.1253,5.0791,5.3588,5.5761,4.2325,5.3223,5.3541,5.8771,6.0004,5.8835,5.9935,5.8063,7.8898,8.2677,8.2677
Dominica,Emissions on agricultural land,Emissions (CO2eq) from CH4 (AR5),kilotonnes,27.5594,27.5642,27.541,27.5473,27.5387,27.5363,27.5138,27.7181,27.718,27.7165,28.0201,28.4022,28.9124,28.6661,28.6822,28.6325,28.5776,28.8475,29.0097,29.1253,29.2415
Dominica,Emissions on agricultural land,Emissions (CO2eq) from N2O (AR5),kilotonnes,14.5074,14.5084,9.8546,10.3986,10.9899,11.2954,9.9895,12.5513,10.3038,9.883,9.7642,10.381,10.1717,11.1448,9.859,11.2697,10.0438,10.1644,10.1426,11.1878,10.681
Dominica,Emissions on agricultural land,Emissions (CO2eq) (AR5),kilotonnes,101.9605,47.1492,41.7045,42.8016,43.5126,43.361,42.6286,45.3485,43.3806,43.1756,42.0168,44.1054,44.4382,45.6879,44.5416,45.7857,44.6148,44.8182,47.0421,48.5808,48.1902
Dominica,Pre- and post- production,Emissions (CH4),kilotonnes,0.5065,0.5107,0.5103,0.5126,0.5108,0.5117,0.513,0.5148,0.5166,0.5198,0.524,0.526,0.5265,0.5264,0.5256,0.5266,0.5289,0.5237,0.5183,0.5307,0.5308
Dominica,Pre- and post- production,Emissions (N2O),kilotonnes,0.0024,0.0024,0.0024,0.0023,0.0023,0.0024,0.0024,0.0025,0.0025,0.0025,0.0023,0.0023,0.0023,0.0022,0.0022,0.0023,0.0023,0.0024,0.0023,0.0024,0.0025
Dominica,Pre- and post- production,Emissions (CO2),kilotonnes,20.5448,21.7882,20.2448,21.895,21.857,21.5932,21.4438,22.7648,21.11,23.0845,24.6599,27.0189,27.7182,29.3442,29.2798,29.3584,30.4994,29.2584,27.5337,32.7958,29.0426
Dominica,Pre- and post- production,Emissions (CO2eq) from CH4 (AR5),kilotonnes,14.1811,14.2982,14.2884,14.3541,14.3015,14.3267,14.3652,14.414,14.4653,14.5558,14.6728,14.7277,14.7429,14.7394,14.7173,14.7446,14.8079,14.6634,14.5117,14.8592,14.8623
Dominica,Pre- and post- production,Emissions (CO2eq) from N2O (AR5),kilotonnes,0.6312,0.6252,0.6232,0.6123,0.6087,0.631,0.6449,0.6717,0.6685,0.6604,0.6227,0.612,0.6052,0.5751,0.5863,0.5972,0.5996,0.6438,0.618,0.6452,0.651
Dominica,Pre- and post- production,Emissions (CO2eq) (AR5),kilotonnes,35.3571,36.7116,35.1564,36.8614,36.7672,36.551,36.4539,37.8505,36.2437,38.3007,39.9555,42.3586,43.0663,44.6588,44.5833,44.7002,45.9069,44.5656,42.6635,48.3002,44.5558
Dominica,Agri-food systems,Emissions (CH4),kilotonnes,1.4907,1.4951,1.4939,1.4965,1.4943,1.4951,1.4957,1.5047,1.5065,1.5097,1.5247,1.5404,1.5591,1.5502,1.55,1.5492,1.5495,1.554,1.5543,1.5709,1.5751
Dominica,Agri-food systems,Emissions (N2O),kilotonnes,0.0571,0.0571,0.0395,0.0416,0.0438,0.045,0.0401,0.0499,0.0414,0.0398,0.0392,0.0415,0.0407,0.0442,0.0394,0.0448,0.0402,0.0408,0.0406,0.0447,0.0428
Dominica,Agri-food systems,Emissions (CO2),kilotonnes,80.4385,26.8649,24.5538,26.7508,26.841,26.1226,26.5691,27.844,26.4688,28.6605,28.8924,32.3412,33.0723,35.2213,35.2802,35.2419,36.4929,35.0647,35.4236,41.0635,37.3103
Dominica,Agri-food systems,Emissions (CO2eq) from CH4 (AR5),kilotonnes,41.7405,41.8624,41.8293,41.9013,41.8402,41.863,41.879,42.1321,42.1833,42.2723,42.6929,43.1299,43.6552,43.4055,43.3994,43.3771,43.3855,43.5109,43.5214,43.9844,44.1039
Dominica,Agri-food systems,Emissions (CO2eq) from N2O (AR5),kilotonnes,15.1385,15.1335,10.4778,11.0109,11.5986,11.9264,10.6344,13.223,10.9723,10.5434,10.3869,10.993,10.7769,11.7199,10.4453,11.8669,10.6434,10.8082,10.7606,11.8331,11.3319
Dominica,Agri-food systems,Emissions (CO2eq) (AR5),kilotonnes,137.3176,83.8608,76.8609,79.663,80.2798,79.912,79.0825,83.199,79.6243,81.4762,81.9723,86.464,87.5044,90.3467,89.1249,90.4859,90.5218,89.3838,89.7056,96.881,92.7461
Dominica,IPCC Agriculture,Emissions (CH4),kilotonnes,0.9818,0.9819,0.9819,0.982,0.9821,0.9821,0.9814,0.9887,0.9887,0.9888,0.9997,1.0134,1.0316,1.0228,1.0234,1.0216,1.0197,1.0294,1.0351,1.0392,1.0434
Dominica,IPCC Agriculture,Emissions (CH4),kilotonnes,0.7795,0.7795,0.7795,0.7795,0.7795,0.7795,,,,,,,,,,,,,,,
Dominica,IPCC Agriculture,Direct emissions (N2O),kilotonnes,0.0397,0.0397,0.0264,0.0279,0.0294,0.0304,0.0265,0.0338,0.0273,0.026,0.026,0.0274,0.0268,0.0295,0.0258,0.0298,0.0263,0.0267,0.026,0.0288,0.0274
Dominica,IPCC Agriculture,Indirect emissions (N2O),kilotonnes,0.0122,0.0122,0.0079,0.0084,0.0089,0.0092,0.0079,0.0103,0.0082,0.0078,0.0078,0.0082,0.008,0.0088,0.0076,0.009,0.0078,0.0079,0.0077,0.0086,0.0081
Dominica,IPCC Agriculture,Emissions (N2O),kilotonnes,0.0542,0.0542,0.0366,0.0385,0.0406,0.0418,0.0367,0.0463,0.0377,0.036,0.0361,0.038,0.0372,0.0407,0.0357,0.0411,0.0364,0.0369,0.036,0.0397,0.0378
Dominica,IPCC Agriculture,Emissions (N2O),kilotonnes,0.1013,0.0912,0.0846,0.0906,0.0599,0.0807,,,,,,,,,,,,,,,
Dominica,IPCC Agriculture,Emissions (CO2eq) from CH4 (AR5),kilotonnes,27.4913,27.493,27.4944,27.4967,27.4978,27.5002,27.478,27.684,27.6848,27.6858,27.9926,28.3741,28.8842,28.6378,28.654,28.6061,28.5511,28.8225,28.982,29.0977,29.214
Dominica,IPCC Agriculture,Emissions (CO2eq) from CH4 (AR5),kilotonnes,21.826,21.826,21.826,21.826,21.826,21.826,,,,,,,,,,,,,,,
Dominica,IPCC Agriculture,Emissions (CO2eq) from N2O (AR5),kilotonnes,14.3524,14.3527,9.7048,10.2022,10.7509,11.09,9.7192,12.2814,10.0016,9.549,9.564,10.067,9.8545,10.7724,9.4736,10.8912,9.6587,9.7896,9.5333,10.5337,10.0268
Dominica,IPCC Agriculture,Emissions (CO2eq) from N2O (AR5),kilotonnes,26.8445,24.168,22.419,24.009,15.8735,21.3855,,,,,,,,,,,,,,,
Dominica,IPCC Agriculture,Emissions (CO2eq) (AR5),kilotonnes,41.8437,41.8457,37.1992,37.6988,38.2487,38.5901,37.1973,39.9654,37.6864,37.2348,37.5566,38.4411,38.7387,39.4102,38.1276,39.4973,38.2098,38.6121,38.5153,39.6314,39.2408
Dominica,IPCC Agriculture,Emissions (CO2eq) (AR5),kilotonnes,48.6705,45.994,44.245,45.835,37.6995,43.2115,,,,,,,,,,,,,,,
Dominica,Agricultural Soils,Direct emissions (N2O),kilotonnes,0.0397,0.0397,0.0264,0.0279,0.0294,0.0304,0.0265,0.0338,0.0273,0.026,0.026,0.0274,0.0268,0.0295,0.0258,0.0298,0.0263,0.0267,0.026,0.0288,0.0274
Dominica,Agricultural Soils,Indirect emissions (N2O),kilotonnes,0.0122,0.0122,0.0079,0.0084,0.0089,0.0092,0.0079,0.0103,0.0082,0.0078,0.0078,0.0082,0.008,0.0088,0.0076,0.009,0.0078,0.0079,0.0077,0.0086,0.0081
Dominica,Agricultural Soils,Emissions (N2O),kilotonnes,0.0519,0.0519,0.0344,0.0362,0.0383,0.0396,0.0344,0.0441,0.0355,0.0338,0.0338,0.0357,0.0348,0.0383,0.0334,0.0388,0.0341,0.0346,0.0336,0.0374,0.0355
Dominica,Agricultural Soils,Emissions (N2O),kilotonnes,0.095,0.0906,0.084,0.09,0.0593,0.0801,,,,,,,,,,,,,,,
Dominica,Agricultural Soils,Emissions (CO2eq) from N2O (AR5),kilotonnes,13.751,13.7512,9.1028,9.6,10.1492,10.4878,9.124,11.6782,9.3986,8.946,8.9492,9.4541,9.2335,10.1605,8.8617,10.2791,9.0463,9.1713,8.9146,9.9142,9.4063
Dominica,Agricultural Soils,Emissions (CO2eq) from N2O (AR5),kilotonnes,25.175,24.009,22.26,23.85,15.7145,21.2265,,,,,,,,,,,,,,,
Dominica,Agricultural Soils,Emissions (CO2eq) (AR5),kilotonnes,13.751,13.7512,9.1028,9.6,10.1492,10.4878,9.124,11.6782,9.3986,8.946,8.9492,9.4541,9.2335,10.1605,8.8617,10.2791,9.0463,9.1713,8.9146,9.9142,9.4063
Dominica,Agricultural Soils,Emissions (CO2eq) (AR5),kilotonnes,25.175,24.009,22.26,23.85,15.7145,21.2265,,,,,,,,,,,,,,,
Dominica,LULUCF,Emissions (CH4),kilotonnes,0,0,0,0,0,0,0,0,0,0,0,0,0,0,0,0,0,0,0,0,0
Dominica,LULUCF,Emissions (CH4),kilotonnes,0.063,,,,,,,,,,,,,,,,,0.034,,,
Dominica,LULUCF,Emissions (N2O),kilotonnes,0,0,0,0,0,0,0,0,0,0,0,0,0,0,0,0,0,0,0,0,0
Dominica,LULUCF,Emissions (N2O),kilotonnes,,,,,,,,,,,,,,,,,,0.27,,,
Dominica,LULUCF,Emissions (CO2),kilotonnes,55.0922,-10.5184,-10.5184,-10.5184,-10.5184,-10.5184,-10.5184,-10.5184,-10.5184,-10.5184,-10.5184,-6.4398,-6.4398,-6.4398,-6.4398,-6.4398,-13.9262,-13.9262,-13.9262,-13.9262,-13.9262
Dominica,LULUCF,Emissions (CO2),kilotonnes,-137.6,-137.6,-132.6,-131.6,-129.6,-127.6,,,,,,,,,,,,-2762.346,,,
Dominica,LULUCF,Emissions (CO2eq) from CH4 (AR5),kilotonnes,0,0,0,0,0,0,0,0,0,0,0,0,0,0,0,0,0,0,0,0,0
Dominica,LULUCF,Emissions (CO2eq) from N2O (AR5),kilotonnes,0,0,0,0,0,0,0,0,0,0,0,0,0,0,0,0,0,0,0,0,0
Dominica,LULUCF,Emissions (CO2eq) (AR5),kilotonnes,55.0922,-10.5184,-10.5184,-10.5184,-10.5184,-10.5184,-10.5184,-10.5184,-10.5184,-10.5184,-10.5184,-6.4398,-6.4398,-6.4398,-6.4398,-6.4398,-13.9262,-13.9262,-13.9262,-13.9262,-13.9262
Dominica,LULUCF,Emissions (CO2eq) (AR5),kilotonnes,-137.6,-137.6,-132.6,-131.6,-129.6,-127.6,,,,,,,,,,,,-2762.346,,,
Dominica,AFOLU,Emissions (CH4),kilotonnes,0.9818,0.9819,0.9819,0.982,0.9821,0.9821,0.9814,0.9887,0.9887,0.9888,0.9997,1.0134,1.0316,1.0228,1.0234,1.0216,1.0197,1.0294,1.0351,1.0392,1.0434
Dominica,AFOLU,Emissions (N2O),kilotonnes,0.0542,0.0542,0.0366,0.0385,0.0406,0.0418,0.0367,0.0463,0.0377,0.036,0.0361,0.038,0.0372,0.0407,0.0357,0.0411,0.0364,0.0369,0.036,0.0397,0.0378
Dominica,AFOLU,Emissions (CO2),kilotonnes,55.0922,-10.5184,-10.5184,-10.5184,-10.5184,-10.5184,-10.5184,-10.5184,-10.5184,-10.5184,-10.5184,-6.4398,-6.4398,-6.4398,-6.4398,-6.4398,-13.9262,-13.9262,-13.9262,-13.9262,-13.9262
Dominica,AFOLU,Emissions (CO2eq) from CH4 (AR5),kilotonnes,27.4913,27.493,27.4944,27.4967,27.4978,27.5002,27.478,27.684,27.6848,27.6858,27.9926,28.3741,28.8842,28.6378,28.654,28.6061,28.5511,28.8225,28.982,29.0977,29.214
Dominica,AFOLU,Emissions (CO2eq) from N2O (AR5),kilotonnes,14.3524,14.3527,9.7048,10.2022,10.7509,11.09,9.7192,12.2814,10.0016,9.549,9.564,10.067,9.8545,10.7724,9.4736,10.8912,9.6587,9.7896,9.5333,10.5337,10.0268
Dominica,AFOLU,Emissions (CO2eq) (AR5),kilotonnes,96.9359,31.3272,26.6808,27.1804,27.7302,28.0717,26.6789,29.4469,27.168,26.7164,27.0382,32.0013,32.2989,32.9703,31.6877,33.0574,24.2836,24.6858,24.589,25.7052,25.3145
Dominica,All sectors with LULUCF,Emissions (CH4),kilotonnes,2.0142,2.0279,2.0267,2.0387,2.0572,2.0569,2.0758,2.1056,2.1135,2.1256,2.1458,2.1702,2.1883,2.1911,2.2128,2.2214,2.2287,2.2314,2.2467,2.2707,2.2854
Dominica,All sectors with LULUCF,Emissions (N2O),kilotonnes,0.0664,0.0674,0.0486,0.0523,0.0566,0.0575,0.0517,0.0643,0.0545,0.0539,0.0559,0.0585,0.0579,0.0607,0.0569,0.0631,0.0585,0.0585,0.0571,0.063,0.0615
Dominica,All sectors with LULUCF,Emissions (CO2),kilotonnes,188.1922,126.2816,115.9816,131.4816,156.5816,155.2816,155.7816,192.5816,175.7816,167.6816,172.5816,158.6602,163.1302,167.1402,174.1602,174.1702,170.6838,151.7438,156.7638,158.0738,137.0738
Dominica,All sectors with LULUCF,Emissions (CO2eq) from F-gases (AR5),kilotonnes,0.0054,0.0058,0.002,0.0022,0.0032,0.0034,0.049,0.0653,0.07,0.0571,0.0536,0.0525,0.0618,0.0536,0.0595,0.0571,0.0571,0.0536,0.0735,0.0768,0.0802
Dominica,All sectors with LULUCF,Emissions (CO2eq) from CH4 (AR5),kilotonnes,56.3985,56.781,56.7488,57.0843,57.6006,57.5946,58.1212,58.9572,59.1792,59.5162,60.0834,60.7645,61.2718,61.3502,61.9572,62.2005,62.4031,62.4785,62.9068,63.5797,63.99
Dominica,All sectors with LULUCF,Emissions (CO2eq) from N2O (AR5),kilotonnes,17.5909,17.8615,12.8823,13.8726,14.9937,15.2348,13.6892,17.0463,14.4512,14.2927,14.8113,15.4945,15.3376,16.0858,15.0892,16.7347,15.4943,15.5085,15.125,16.6872,16.3075
Dominica,All sectors with LULUCF,Emissions (CO2eq) (AR5),kilotonnes,262.187,200.9299,185.6147,202.4406,229.1791,228.1143,227.6409,268.6503,249.4819,241.5476,247.5298,234.9716,239.8013,244.6298,251.2659,253.1624,248.6382,229.7844,234.869,238.4174,217.4514
Dominica,All sectors without LULUCF,Emissions (CH4),kilotonnes,2.0142,2.0279,2.0267,2.0387,2.0572,2.0569,2.0758,2.1056,2.1135,2.1256,2.1458,2.1702,2.1883,2.1911,2.2128,2.2214,2.2287,2.2314,2.2467,2.2707,2.2854
Dominica,All sectors without LULUCF,Emissions (N2O),kilotonnes,0.0664,0.0674,0.0486,0.0523,0.0566,0.0575,0.0517,0.0643,0.0545,0.0539,0.0559,0.0585,0.0579,0.0607,0.0569,0.0631,0.0585,0.0585,0.0571,0.063,0.0615
Dominica,All sectors without LULUCF,Emissions (CO2),kilotonnes,133.1,136.8,126.5,142,167.1,165.8,166.3,203.1,186.3,178.2,183.1,165.1,169.57,173.58,180.6,180.61,184.61,165.67,170.69,172,151
Dominica,All sectors without LULUCF,Emissions (CO2eq) from F-gases (AR5),kilotonnes,0.0054,0.0058,0.002,0.0022,0.0032,0.0034,0.049,0.0653,0.07,0.0571,0.0536,0.0525,0.0618,0.0536,0.0595,0.0571,0.0571,0.0536,0.0735,0.0768,0.0802
Dominica,All sectors without LULUCF,Emissions (CO2eq) from CH4 (AR5),kilotonnes,56.3985,56.781,56.7488,57.0843,57.6006,57.5946,58.1212,58.9572,59.1792,59.5162,60.0834,60.7645,61.2718,61.3502,61.9572,62.2005,62.4031,62.4785,62.9068,63.5797,63.99
Dominica,All sectors without LULUCF,Emissions (CO2eq) from N2O (AR5),kilotonnes,17.5909,17.8615,12.8823,13.8726,14.9937,15.2348,13.6892,17.0463,14.4512,14.2927,14.8113,15.4945,15.3376,16.0858,15.0892,16.7347,15.4943,15.5085,15.125,16.6872,16.3075
Dominica,All sectors without LULUCF,Emissions (CO2eq) (AR5),kilotonnes,207.0948,211.4483,196.1331,212.9591,239.6975,238.6328,238.1594,279.1688,260.0003,252.0661,258.0483,241.4114,246.2412,251.0697,257.7058,259.6023,262.5645,243.7106,248.7953,252.3437,231.3777
Dominican Republic,Crop Residues,Direct emissions (N2O),kilotonnes,0.1197,0.1496,0.1495,0.1297,0.1242,0.1375,0.1455,0.1506,0.1541,0.1632,0.1712,0.1739,0.1448,0.154,0.1742,0.1719,0.1697,0.1792,0.1925,0.1844,0.1897
Dominican Republic,Crop Residues,Indirect emissions (N2O),kilotonnes,0.0269,0.0337,0.0336,0.0292,0.028,0.0309,0.0327,0.0339,0.0347,0.0367,0.0385,0.0391,0.0326,0.0346,0.0392,0.0387,0.0382,0.0403,0.0433,0.0415,0.0427
Dominican Republic,Crop Residues,Emissions (N2O),kilotonnes,0.1466,0.1833,0.1831,0.1589,0.1522,0.1684,0.1783,0.1845,0.1887,0.1999,0.2098,0.213,0.1774,0.1886,0.2134,0.2106,0.2079,0.2195,0.2358,0.2259,0.2324
Dominican Republic,Crop Residues,Emissions (CO2eq) from N2O (AR5),kilotonnes,38.8554,48.5703,48.5172,42.1006,40.3322,44.6327,47.2399,48.8968,50.014,52.9718,55.5882,56.4408,47.0045,49.989,56.5465,55.8011,55.101,58.1588,62.4967,59.8619,61.5835
Dominican Republic,Crop Residues,Emissions (CO2eq) (AR5),kilotonnes,38.8554,48.5703,48.5172,42.1006,40.3322,44.6327,47.2399,48.8968,50.014,52.9718,55.5882,56.4408,47.0045,49.989,56.5465,55.8011,55.101,58.1588,62.4967,59.8619,61.5835
Dominican Republic,Rice Cultivation,Emissions (CH4),kilotonnes,34.4045,40.4548,41.2626,35.9815,36.7589,42.0891,41.7947,42.7172,44.2574,49.9441,48.9612,47.9481,44.1518,44.0055,44.7703,43.7457,45.0526,47.8523,52.8505,49.0427,51.6149
Dominican Republic,Rice Cultivation,Emissions (CO2eq) from CH4 (AR5),kilotonnes,963.3273,1132.7342,1155.3535,1007.4826,1029.2492,1178.4953,1170.2512,1196.0822,1239.208,1398.4346,1370.9134,1342.547,1236.2499,1232.1548,1253.5679,1224.8788,1261.4739,1339.8656,1479.8151,1373.1953,1445.2176
Dominican Republic,Rice Cultivation,Emissions (CO2eq) (AR5),kilotonnes,963.3273,1132.7342,1155.3535,1007.4826,1029.2492,1178.4953,1170.2512,1196.0822,1239.208,1398.4346,1370.9134,1342.547,1236.2499,1232.1548,1253.5679,1224.8788,1261.4739,1339.8656,1479.8151,1373.1953,1445.2176
Dominican Republic,Burning - Crop residues,Emissions (CH4),kilotonnes,0.4475,0.5164,0.5194,0.4328,0.4375,0.4649,0.4325,0.4684,0.4503,0.4849,0.461,0.4933,0.4978,0.5031,0.4938,0.4875,0.5119,0.5298,0.5704,0.5614,0.5765
Dominican Republic,Burning - Crop residues,Emissions (CH4),kilotonnes,0.36,,,,,,,,,,,,,,,,,,,,
Dominican Republic,Burning - Crop residues,Emissions (N2O),kilotonnes,0.0116,0.0134,0.0135,0.0112,0.0113,0.0121,0.0112,0.0121,0.0117,0.0126,0.012,0.0128,0.0129,0.013,0.0128,0.0126,0.0133,0.0137,0.0148,0.0146,0.0149
Dominican Republic,Burning - Crop residues,Emissions (N2O),kilotonnes,0.01,,,,,,,,,,,,,,,,,,,,
Dominican Republic,Burning - Crop residues,Emissions (CO2eq) from CH4 (AR5),kilotonnes,12.5298,14.4583,14.5433,12.1192,12.2493,13.016,12.1105,13.1148,12.6078,13.5775,12.9083,13.8111,13.9391,14.0868,13.8258,13.6511,14.3342,14.8333,15.9723,15.7199,16.1433
Dominican Republic,Burning - Crop residues,Emissions (CO2eq) from CH4 (AR5),kilotonnes,10.08,,,,,,,,,,,,,,,,,,,,
Dominican Republic,Burning - Crop residues,Emissions (CO2eq) from N2O (AR5),kilotonnes,3.0744,3.5476,3.5685,2.9737,3.0056,3.1938,2.9716,3.218,3.0936,3.3315,3.1673,3.3888,3.4202,3.4565,3.3924,3.3496,3.5172,3.6397,3.9191,3.8572,3.9611
Dominican Republic,Burning - Crop residues,Emissions (CO2eq) from N2O (AR5),kilotonnes,2.65,,,,,,,,,,,,,,,,,,,,
Dominican Republic,Burning - Crop residues,Emissions (CO2eq) (AR5),kilotonnes,15.6042,18.0059,18.1118,15.0929,15.2549,16.2098,15.0821,16.3328,15.7013,16.909,16.0756,17.1999,17.3593,17.5433,17.2182,17.0007,17.8514,18.473,19.8914,19.5771,20.1043
Dominican Republic,Burning - Crop residues,Emissions (CO2eq) (AR5),kilotonnes,12.73,,,,,,,,,,,,,,,,,,,,
Dominican Republic,Enteric Fermentation,Emissions (CH4),kilotonnes,128.5934,133.8718,138.2623,138.8327,156.2854,140.431,142.7808,166.9146,171.7613,175.5873,180.4537,183.002,186.3005,187.373,187.55,187.5074,188.2171,189.1704,189.5537,192.0917,192.5472
Dominican Republic,Enteric Fermentation,Emissions (CH4),kilotonnes,114.68,,,,,,,,,,190.1,,,,,,,,,,
Dominican Republic,Enteric Fermentation,Emissions (CO2eq) from CH4 (AR5),kilotonnes,3600.6157,3748.4113,3871.3446,3887.315,4375.9922,3932.068,3997.8636,4673.6088,4809.3164,4916.4444,5052.7024,5124.056,5216.414,5246.444,5251.4,5250.2072,5270.079,5296.7709,5307.5037,5378.5686,5391.3217
Dominican Republic,Enteric Fermentation,Emissions (CO2eq) from CH4 (AR5),kilotonnes,3211.04,,,,,,,,,,5322.8,,,,,,,,,,
Dominican Republic,Enteric Fermentation,Emissions (CO2eq) (AR5),kilotonnes,3600.6157,3748.4113,3871.3446,3887.315,4375.9922,3932.068,3997.8636,4673.6088,4809.3164,4916.4444,5052.7024,5124.056,5216.414,5246.444,5251.4,5250.2072,5270.079,5296.7709,5307.5037,5378.5686,5391.3217
Dominican Republic,Enteric Fermentation,Emissions (CO2eq) (AR5),kilotonnes,3211.04,,,,,,,,,,5322.8,,,,,,,,,,
Dominican Republic,Manure Management,Emissions (CH4),kilotonnes,4.319,4.4863,6.2172,6.0232,6.6265,7.1216,7.5425,8.0018,7.6751,7.8179,8.0388,8.0546,7.903,7.8573,7.8198,7.8981,8.099,8.2864,8.2588,8.1199,8.1137
Dominican Republic,Manure Management,Emissions (CH4),kilotonnes,10.1,,,,,,,,,,12.5,,,,,,,,,,
Dominican Republic,Manure Management,Emissions (N2O),kilotonnes,0.2574,0.2678,0.4138,0.3851,0.3891,0.4785,0.5494,0.5457,0.5112,0.5051,0.5174,0.5205,0.4714,0.4719,0.4714,0.4783,0.5249,0.5424,0.5345,0.5073,0.4992
Dominican Republic,Manure Management,Emissions (N2O),kilotonnes,0.004,,,,,,,,,,7.01,,,,,,,,,,
Dominican Republic,Manure Management,Emissions (CO2eq) from CH4 (AR5),kilotonnes,120.9317,125.6162,174.0815,168.6486,185.5417,199.4049,211.1896,224.0491,214.9037,218.9006,225.0867,225.528,221.2839,220.0058,218.955,221.1478,226.7732,232.0184,231.2458,227.3572,227.1824
Dominican Republic,Manure Management,Emissions (CO2eq) from CH4 (AR5),kilotonnes,282.8,,,,,,,,,,350,,,,,,,,,,
Dominican Republic,Manure Management,Emissions (CO2eq) from N2O (AR5),kilotonnes,68.2116,70.9542,109.6502,102.0412,103.1103,126.8118,145.5848,144.611,135.4776,133.8508,137.1062,137.9361,124.9131,125.0592,124.9094,126.756,139.088,143.7448,141.6332,134.4379,132.2829
Dominican Republic,Manure Management,Emissions (CO2eq) from N2O (AR5),kilotonnes,1.06,,,,,,,,,,1857.65,,,,,,,,,,
Dominican Republic,Manure Management,Emissions (CO2eq) (AR5),kilotonnes,189.1433,196.5703,283.7317,270.6898,288.6521,326.2167,356.7744,368.6601,350.3813,352.7514,362.1928,363.4641,346.197,345.065,343.8643,347.9038,365.8612,375.7632,372.879,361.7951,359.4654
Dominican Republic,Manure Management,Emissions (CO2eq) (AR5),kilotonnes,283.86,,,,,,,,,,2207.65,,,,,,,,,,
Dominican Republic,Manure left on Pasture,Direct emissions (N2O),kilotonnes,2.9743,3.1026,3.5339,3.5932,4.0782,3.8518,3.917,4.4655,4.4474,4.5725,4.731,4.7877,4.8301,4.7924,4.7834,4.7931,4.7881,4.8197,4.8247,4.8355,4.8737
Dominican Republic,Manure left on Pasture,Indirect emissions (N2O),kilotonnes,0.7091,0.7387,0.8312,0.844,0.9513,0.9072,0.9212,1.038,1.0342,1.0602,1.0933,1.1058,1.1157,1.1085,1.1067,1.109,1.1081,1.1146,1.1157,1.1187,1.1268
Dominican Republic,Manure left on Pasture,Emissions (N2O),kilotonnes,3.6834,3.8413,4.3652,4.4372,5.0295,4.7589,4.8382,5.5035,5.4815,5.6326,5.8243,5.8935,5.9457,5.9009,5.8901,5.902,5.8963,5.9342,5.9404,5.9542,6.0005
Dominican Republic,Manure left on Pasture,Emissions (CO2eq) from N2O (AR5),kilotonnes,976.09,1017.9507,1156.77,1175.8478,1332.8301,1261.1171,1282.1189,1458.4361,1452.6089,1492.6452,1543.4311,1561.7661,1575.6202,1563.7284,1560.8638,1564.0363,1562.5124,1572.5697,1574.1929,1577.8698,1590.14
Dominican Republic,Manure left on Pasture,Emissions (CO2eq) (AR5),kilotonnes,976.09,1017.9507,1156.77,1175.8478,1332.8301,1261.1171,1282.1189,1458.4361,1452.6089,1492.6452,1543.4311,1561.7661,1575.6202,1563.7284,1560.8638,1564.0363,1562.5124,1572.5697,1574.1929,1577.8698,1590.14
Dominican Republic,Manure applied to Soils,Direct emissions (N2O),kilotonnes,0.4568,0.4683,0.7903,0.6785,0.727,0.8906,0.9822,1.0054,0.9608,0.9649,0.9619,0.9468,0.9225,0.9464,0.9487,0.9668,1.0288,1.0805,1.0808,1.0724,1.0528
Dominican Republic,Manure applied to Soils,Indirect emissions (N2O),kilotonnes,0.1941,0.199,0.3359,0.2883,0.309,0.3785,0.4174,0.4273,0.4084,0.4101,0.4088,0.4024,0.3921,0.4022,0.4032,0.4109,0.4372,0.4592,0.4594,0.4558,0.4475
Dominican Republic,Manure applied to Soils,Emissions (N2O),kilotonnes,0.651,0.6674,1.1261,0.9668,1.036,1.2691,1.3996,1.4327,1.3692,1.3749,1.3707,1.3492,1.3146,1.3486,1.3519,1.3777,1.4661,1.5397,1.5402,1.5282,1.5003
Dominican Republic,Manure applied to Soils,Emissions (CO2eq) from N2O (AR5),kilotonnes,172.5018,176.8602,298.4235,256.2008,274.5375,336.3219,370.8971,379.6552,362.8351,364.356,363.228,357.5344,348.3601,357.3829,358.2618,365.0876,388.5078,408.031,408.1471,404.9664,397.5802
Dominican Republic,Manure applied to Soils,Emissions (CO2eq) (AR5),kilotonnes,172.5018,176.8602,298.4235,256.2008,274.5375,336.3219,370.8971,379.6552,362.8351,364.356,363.228,357.5344,348.3601,357.3829,358.2618,365.0876,388.5078,408.031,408.1471,404.9664,397.5802
Dominican Republic,Synthetic Fertilizers,Direct emissions (N2O),kilotonnes,0.7621,0.9431,0.8082,0.6395,0.657,0.5789,0.774,0.6985,0.6778,0.7195,0.8496,0.7105,0.5312,0.5765,0.69,0.9531,1.0307,1.1078,1.4086,1.4086,1.4086
Dominican Republic,Synthetic Fertilizers,Indirect emissions (N2O),kilotonnes,0.2477,0.3065,0.2627,0.2078,0.2135,0.1882,0.2515,0.227,0.2203,0.2338,0.2761,0.2309,0.1726,0.1874,0.2242,0.3098,0.335,0.36,0.4578,0.4578,0.4578
Dominican Republic,Synthetic Fertilizers,Emissions (N2O),kilotonnes,1.0098,1.2497,1.0708,0.8473,0.8705,0.7671,1.0255,0.9255,0.8981,0.9534,1.1257,0.9414,0.7039,0.7639,0.9142,1.2629,1.3656,1.4678,1.8663,1.8663,1.8663
Dominican Republic,Synthetic Fertilizers,Emissions (CO2eq) from N2O (AR5),kilotonnes,267.6074,331.16,283.7742,224.5309,230.6831,203.2768,271.7677,245.2608,237.9995,252.6379,298.3133,249.4818,186.5251,202.4381,242.2649,334.6614,361.8926,388.9652,494.5784,494.5784,494.5784
Dominican Republic,Synthetic Fertilizers,Emissions (CO2eq) (AR5),kilotonnes,267.6074,331.16,283.7742,224.5309,230.6831,203.2768,271.7677,245.2608,237.9995,252.6379,298.3133,249.4818,186.5251,202.4381,242.2649,334.6614,361.8926,388.9652,494.5784,494.5784,494.5784
Dominican Republic,Drained organic soils,Emissions (CO2eq) (AR5),kilotonnes,0,0,0,0,0,0,0,0,0,0,0,0,0,0,0,0,0,0,0,0,0
Dominican Republic,Drained organic soils (CO2),Emissions (CO2),kilotonnes,0,0,0,0,0,0,0,0,0,0,0,0,0,0,0,0,0,0,0,0,0
Dominican Republic,Drained organic soils (CO2),Emissions (CO2eq) (AR5),kilotonnes,0,0,0,0,0,0,0,0,0,0,0,0,0,0,0,0,0,0,0,0,0
Dominican Republic,Drained organic soils (N2O),Emissions (N2O),kilotonnes,0,0,0,0,0,0,0,0,0,0,0,0,0,0,0,0,0,0,0,0,0
Dominican Republic,Drained organic soils (N2O),Emissions (CO2eq) from N2O (AR5),kilotonnes,0,0,0,0,0,0,0,0,0,0,0,0,0,0,0,0,0,0,0,0,0
Dominican Republic,Drained organic soils (N2O),Emissions (CO2eq) (AR5),kilotonnes,0,0,0,0,0,0,0,0,0,0,0,0,0,0,0,0,0,0,0,0,0
Dominican Republic,On-farm energy use,Emissions (CH4),kilotonnes,0.1148,0.1046,0.1032,0.097,0.1027,0.1677,0.1243,0.1137,0.1008,0.0895,0.09,0.1299,0.145,0.1749,0.1321,0.1229,0.1657,0.1863,0.1468,0.1497,0.1497
Dominican Republic,On-farm energy use,Emissions (N2O),kilotonnes,0.0977,0.0975,0.0974,0.0777,0.0766,0.0807,0.0867,0.0705,0.0642,0.0699,0.0737,0.0661,0.0714,0.075,0.0594,0.0755,0.0864,0.0823,0.0866,0.092,0.092
Dominican Republic,On-farm energy use,Emissions (CO2),kilotonnes,450.7039,446.8557,449.6615,395.3129,395.1069,927.6905,630.3489,563.4743,581.9578,433.557,418.8502,356.5413,450.6667,779.066,460.9517,310.4179,620.6411,728.8004,395.3942,382.2827,382.2827
Dominican Republic,On-farm energy use,Emissions (CO2eq) from CH4 (AR5),kilotonnes,3.2137,2.9296,2.8904,2.7164,2.8767,4.6953,3.4807,3.1825,2.821,2.5054,2.521,3.638,4.0604,4.8962,3.6991,3.4404,4.6385,5.2164,4.1103,4.1925,4.1925
Dominican Republic,On-farm energy use,Emissions (CO2eq) from N2O (AR5),kilotonnes,25.8849,25.8282,25.8182,20.5836,20.2999,21.3735,22.975,18.6815,17.0027,18.5137,19.5283,17.5075,18.9298,19.8701,15.733,20.0159,22.8964,21.8006,22.9434,24.3855,24.3855
Dominican Republic,On-farm energy use,Emissions (CO2eq) (AR5),kilotonnes,479.8025,475.6136,478.3701,418.6128,418.2835,953.7592,656.8045,585.3383,601.7815,454.576,440.8995,377.6869,473.6569,803.8323,480.3838,333.8742,648.176,755.8174,422.4479,410.8607,410.8607
Dominican Republic,Forestland,Emissions (CO2),kilotonnes,-7268.415,-1937.5125,-1937.5125,-1937.5125,-1937.5125,-1937.5125,-1937.5125,-1937.5125,-1937.5125,-1937.5125,-1937.5125,-1175.405,-1175.405,-1175.405,-1175.405,-1175.405,-2161.005,-2161.005,-2161.005,-2161.005,-2161.005
Dominican Republic,Forestland,Emissions (CO2eq) (AR5),kilotonnes,-7268.415,-1937.5125,-1937.5125,-1937.5125,-1937.5125,-1937.5125,-1937.5125,-1937.5125,-1937.5125,-1937.5125,-1937.5125,-1175.405,-1175.405,-1175.405,-1175.405,-1175.405,-2161.005,-2161.005,-2161.005,-2161.005,-2161.005
Dominican Republic,Net Forest conversion,Emissions (CO2),kilotonnes,0,0,0,0,0,0,0,0,0,0,0,0,0,0,0,0,603.68,603.68,603.68,603.68,603.68
Dominican Republic,Net Forest conversion,Emissions (CO2eq) (AR5),kilotonnes,0,0,0,0,0,0,0,0,0,0,0,0,0,0,0,0,603.68,603.68,603.68,603.68,603.68
Dominican Republic,Savanna fires,Emissions (CH4),kilotonnes,0.2141,0.1749,0.0397,0.2009,0.0903,0.5435,0.1088,0.2038,0.2405,0.0976,0.3105,0.2411,0.104,0.2444,0.1421,0.2417,0.0171,0.0156,0.0763,0.0552,0.0623
Dominican Republic,Savanna fires,Emissions (N2O),kilotonnes,0.0195,0.016,0.0036,0.0183,0.0082,0.0496,0.0099,0.0186,0.022,0.0089,0.0283,0.022,0.0095,0.0223,0.013,0.0221,0.0016,0.0014,0.007,0.005,0.0057
Dominican Republic,Savanna fires,Emissions (CO2eq) from CH4 (AR5),kilotonnes,5.9953,4.8964,1.1106,5.6253,2.5281,15.218,3.0451,5.7077,6.7346,2.7316,8.693,6.752,2.9132,6.8439,3.978,6.7664,0.4783,0.4371,2.1354,1.5464,1.7432
Dominican Republic,Savanna fires,Emissions (CO2eq) from N2O (AR5),kilotonnes,5.1807,4.2311,0.9597,4.861,2.1846,13.1503,2.6314,4.9322,5.8195,2.3604,7.5119,5.8346,2.5174,5.914,3.4375,5.847,0.4133,0.3777,1.8453,1.3363,1.5063
Dominican Republic,Savanna fires,Emissions (CO2eq) (AR5),kilotonnes,11.1761,9.1276,2.0704,10.4863,4.7128,28.3683,5.6765,10.6399,12.5541,5.092,16.2048,12.5866,5.4306,12.7579,7.4154,12.6134,0.8917,0.8149,3.9807,2.8827,3.2495
Dominican Republic,Fires in organic soils,Emissions (CH4),kilotonnes,0,0,0,0,0,0,0,0,0,0,0,0,0,0,0,0,0,0,0,0,0
Dominican Republic,Fires in organic soils,Emissions (CO2),kilotonnes,0,0,0,0,0,0,0,0,0,0,0,0,0,0,0,0,0,0,0,0,0
Dominican Republic,Fires in organic soils,Emissions (CO2eq) from CH4 (AR5),kilotonnes,0,0,0,0,0,0,0,0,0,0,0,0,0,0,0,0,0,0,0,0,0
Dominican Republic,Fires in organic soils,Emissions (CO2eq) (AR5),kilotonnes,0,0,0,0,0,0,0,0,0,0,0,0,0,0,0,0,0,0,0,0,0
Dominican Republic,Forest fires,Emissions (CH4),kilotonnes,1.0164,0.1092,0,0.0433,0.0663,1.4617,0.0355,0.0502,0.0929,0.1133,0.0876,0.0351,0.053,0.162,0.1465,0.6772,0.0124,0.0213,0,0.1016,0.02
Dominican Republic,Forest fires,Emissions (N2O),kilotonnes,0.0299,0.01,0,0.004,0.0061,0.1335,0.0032,0.0046,0.0085,0.0103,0.008,0.0032,0.0048,0.0148,0.0134,0.0618,0.0011,0.0019,0,0.0093,0.0018
Dominican Republic,Forest fires,Emissions (CO2eq) from CH4 (AR5),kilotonnes,28.4591,3.0562,0,1.2114,1.8569,40.9262,0.9928,1.4044,2.6006,3.1713,2.4515,0.9826,1.4841,4.5352,4.1031,18.9605,0.3473,0.5964,0,2.8445,0.5608
Dominican Republic,Forest fires,Emissions (CO2eq) from N2O (AR5),kilotonnes,7.9219,2.641,0,1.0468,1.6046,35.3656,0.8579,1.2136,2.2473,2.7404,2.1184,0.8491,1.2825,3.919,3.5456,16.3844,0.3001,0.5154,0,2.458,0.4846
Dominican Republic,Forest fires,Emissions (CO2eq) (AR5),kilotonnes,36.381,5.6972,0,2.2582,3.4615,76.2918,1.8508,2.6181,4.8479,5.9117,4.5699,1.8318,2.7666,8.4543,7.6487,35.3449,0.6474,1.1118,0,5.3026,1.0453
Dominican Republic,Fires in humid tropical forests,Emissions (CH4),kilotonnes,0.567,0,0,0.016,0.0266,0.0799,0.0107,0.008,0.016,0.024,0.0107,0.0053,0.0133,0.0107,0.0027,0.253,0,0.0213,0,0.0346,0.0027
Dominican Republic,Fires in humid tropical forests,Emissions (N2O),kilotonnes,0.0167,0,0,0.0015,0.0024,0.0073,0.001,0.0007,0.0015,0.0022,0.001,0.0005,0.0012,0.001,0.0002,0.0231,0,0.0019,0,0.0032,0.0002
Dominican Republic,Fires in humid tropical forests,Emissions (CO2eq) from CH4 (AR5),kilotonnes,15.8756,0,0,0.4474,0.7455,2.2368,0.2982,0.2237,0.4473,0.671,0.2982,0.1491,0.3728,0.2982,0.0745,7.0831,0,0.5964,0,0.9692,0.0746
Dominican Republic,Fires in humid tropical forests,Emissions (CO2eq) from N2O (AR5),kilotonnes,4.4191,0,0,0.3866,0.6442,1.9329,0.2577,0.1933,0.3866,0.5798,0.2577,0.1289,0.3221,0.2577,0.0644,6.1207,0,0.5154,0,0.8375,0.0644
Dominican Republic,Fires in humid tropical forests,Emissions (CO2eq) (AR5),kilotonnes,20.2948,0,0,0.8339,1.3897,4.1696,0.5559,0.4169,0.8339,1.2508,0.556,0.278,0.6949,0.5559,0.139,13.2038,0,1.1118,0,1.8067,0.139
Dominican Republic,Waste - agri-food systems,Emissions (CH4),kilotonnes,121.8528,122.6888,122.45,122.2948,122.8428,123.9448,124.9804,125.8096,126.3997,126.7275,127.731,128.6035,128.759,129.2982,129.1894,129.0287,129.7085,130.3544,131.0315,131.4984,131.686
Dominican Republic,Waste - agri-food systems,Emissions (N2O),kilotonnes,0.1744,0.1798,0.1684,0.1519,0.1642,0.185,0.2002,0.2059,0.204,0.2097,0.2324,0.2353,0.2282,0.241,0.2561,0.263,0.2798,0.2922,0.3006,0.3076,0.3145
Dominican Republic,Waste - agri-food systems,Emissions (CO2),kilotonnes,479.5455,480.5873,481.7555,476.9953,477.8386,487.2982,488.4432,491.4307,493.2425,493.3001,495.5012,496.9965,497.8925,498.543,499.9326,501.0881,502.3282,503.4344,504.7812,505.5595,503.1432
Dominican Republic,Waste - agri-food systems,Emissions (CO2eq) from CH4 (AR5),kilotonnes,3411.878,3435.2862,3428.5996,3424.255,3439.5994,3470.4548,3499.4512,3522.6691,3539.1927,3548.3709,3576.4694,3600.8977,3605.2531,3620.3485,3617.3025,3612.8034,3631.8384,3649.9245,3668.8808,3681.9552,3687.2094
Dominican Republic,Waste - agri-food systems,Emissions (CO2eq) from N2O (AR5),kilotonnes,46.2183,47.6549,44.6142,40.2497,43.5193,49.0156,53.0478,54.5705,54.0635,55.5696,61.584,62.3499,60.4811,63.856,67.8617,69.6843,74.1593,77.4226,79.655,81.5015,83.3312
Dominican Republic,Waste - agri-food systems,Emissions (CO2eq) (AR5),kilotonnes,3937.6419,3963.5284,3954.9692,3941.5,3960.9574,4006.7686,4040.9421,4068.6704,4086.4987,4097.2406,4133.5546,4160.244,4163.6267,4182.7476,4185.0968,4183.5758,4208.3259,4230.7815,4253.3169,4269.0163,4273.6838
Dominican Republic,On-farm electricity use,Emissions (CH4),kilotonnes,1.5408,1.02,1.098,1.3032,1.3476,1.344,1.38,1.3332,0.9093,0.0132,0.0156,0.6541,0.6984,1.495,1.0887,1.0746,1.1906,1.2347,1.3123,1.3571,1.3571
Dominican Republic,On-farm electricity use,Emissions (N2O),kilotonnes,0.0082,0.0054,0.0059,0.0069,0.0072,0.0071,0.0073,0.0071,0.0048,0,0.0001,0.0035,0.0037,0.008,0.0058,0.0058,0.0064,0.0066,0.007,0.0073,0.0073
Dominican Republic,On-farm electricity use,Emissions (CO2),kilotonnes,786.0653,520.3704,560.1634,664.8497,687.5011,685.6645,704.0305,680.173,476.1552,6.8187,7.7422,323.8565,323.1561,748.6503,545.1886,538.1581,596.2042,618.317,657.1766,679.5742,679.5742
Dominican Republic,On-farm electricity use,Emissions (CO2eq) from CH4 (AR5),kilotonnes,43.1424,28.56,30.744,36.4896,37.7328,37.632,38.64,37.3296,25.4604,0.3696,0.4368,18.3148,19.5552,41.86,30.4836,30.0888,33.3368,34.5716,36.7444,37.9988,37.9988
Dominican Republic,On-farm electricity use,Emissions (CO2eq) from N2O (AR5),kilotonnes,2.173,1.431,1.5635,1.8285,1.908,1.8815,1.9345,1.8815,1.272,0,0.0265,0.9275,0.9805,2.12,1.537,1.537,1.696,1.749,1.855,1.9345,1.9345
Dominican Republic,On-farm electricity use,Emissions (CO2eq) (AR5),kilotonnes,831.3807,550.3614,592.4709,703.1678,727.1419,725.178,744.605,719.3841,502.8876,7.1883,8.2055,343.0988,343.6918,792.6303,577.2092,569.7839,631.237,654.6376,695.776,719.5075,719.5075
Dominican Republic,Food Processing,Emissions (CH4),kilotonnes,0,0,0,0,0,0,0,0,0,0,0,1.6834,1.7629,1.8956,1.5635,1.7377,1.8453,1.9741,2.0185,2.0185,2.0407
Dominican Republic,Food Processing,Emissions (N2O),kilotonnes,0,0,0,0,0,0,0,0,0,0,0,0.0106,0.0113,0.0136,0.0105,0.0114,0.0135,0.015,0.0135,0.0135,0.0136
Dominican Republic,Food Processing,Emissions (CO2),kilotonnes,0,0,0,0,0,0,0,0,0,0,0,1132.7577,1184.0152,1500.0989,1162.7509,1210.7223,1449.8355,1597.1787,1416.0795,1416.0795,1248.779
Dominican Republic,Food Processing,Emissions (CO2eq) from CH4 (AR5),kilotonnes,0,0,0,0,0,0,0,0,0,0,0,47.1352,49.3612,53.0768,43.778,48.6556,51.6684,55.2748,56.518,56.518,57.1391
Dominican Republic,Food Processing,Emissions (CO2eq) from N2O (AR5),kilotonnes,0,0,0,0,0,0,0,0,0,0,0,2.809,2.9945,3.604,2.7825,3.021,3.5775,3.975,3.5775,3.5775,3.6088
Dominican Republic,Food Processing,Emissions (CO2eq) (AR5),kilotonnes,0,0,0,0,0,0,0,0,0,0,0,1182.7019,1236.3709,1556.7797,1209.3114,1262.3989,1505.0814,1656.4285,1476.175,1476.175,1309.5268
Dominican Republic,Food Packaging,Emissions (CH4),kilotonnes,0.0791,0.0756,0.0771,0.0746,0.0741,0.0766,0.0786,0.0805,0.0791,0.0771,0.0791,0.108,0.1132,0.1223,0.1005,0.111,0.1183,0.1266,0.129,0.1092,0.1104
Dominican Republic,Food Packaging,Emissions (N2O),kilotonnes,0.0004,0.0004,0.0005,0.0004,0.0005,0.0005,0.0005,0.0005,0.0005,0.0005,0.0005,0.0007,0.0007,0.001,0.0007,0.0006,0.0008,0.001,0.0008,0.0008,0.0008
Dominican Republic,Food Packaging,Emissions (CO2),kilotonnes,44.3201,44.0805,48.3927,48.8719,40.2474,40.2474,42.164,43.8409,44.5596,43.8409,45.5179,65.8214,71.6504,107.2991,73.5433,63.1775,89.8085,103.1332,76.0519,83.8872,73.9765
Dominican Republic,Food Packaging,Emissions (CO2eq) from CH4 (AR5),kilotonnes,2.2148,2.1168,2.1588,2.0888,2.0748,2.1448,2.2008,2.254,2.2148,2.1588,2.2148,3.024,3.1696,3.4244,2.814,3.108,3.3124,3.5448,3.612,3.0576,3.0912
Dominican Republic,Food Packaging,Emissions (CO2eq) from N2O (AR5),kilotonnes,0.106,0.106,0.1325,0.106,0.1325,0.1325,0.1325,0.1325,0.1325,0.1325,0.1325,0.1855,0.1855,0.265,0.1855,0.159,0.212,0.265,0.212,0.212,0.2139
Dominican Republic,Food Packaging,Emissions (CO2eq) (AR5),kilotonnes,46.6409,46.3033,50.684,51.0667,42.4547,42.5247,44.4973,46.2274,46.9069,46.1322,47.8652,69.0309,75.0055,110.9885,76.5428,66.4445,93.3329,106.943,79.8759,87.1568,77.2815
Dominican Republic,Food Retail,Emissions (CH4),kilotonnes,0.4501,0.5185,0.5194,0.4514,0.3475,0.4165,0.4745,0.5065,0.5505,0.5687,0.6499,0.6704,0.7466,0.7155,0.8148,0.8199,0.8577,0.9418,0.9817,0.9245,0.9347
Dominican Republic,Food Retail,Emissions (N2O),kilotonnes,0.0024,0.0028,0.0028,0.0024,0.0018,0.0023,0.0027,0.0028,0.0031,0.0032,0.0036,0.0037,0.0041,0.004,0.0045,0.0045,0.0048,0.0052,0.0054,0.0052,0.0052
Dominican Republic,Food Retail,Emissions (CO2),kilotonnes,229.6119,264.5073,264.9726,230.3098,177.2688,227.9045,258.6601,273.3976,327.6129,331.9027,358.3056,368.4539,382.8787,396.5581,445.9264,454.8685,476.2546,517.1176,538.3503,515.039,454.1905
Dominican Republic,Food Retail,Emissions (CO2eq) from CH4 (AR5),kilotonnes,12.6028,14.518,14.5432,12.6392,9.73,11.662,13.286,14.182,15.414,15.9236,18.1972,18.7712,20.9048,20.034,22.8144,22.9572,24.0156,26.3704,27.4876,25.886,26.1705
Dominican Republic,Food Retail,Emissions (CO2eq) from N2O (AR5),kilotonnes,0.636,0.742,0.742,0.636,0.477,0.6095,0.7155,0.742,0.8215,0.848,0.954,0.9805,1.0865,1.06,1.1925,1.1925,1.272,1.378,1.431,1.378,1.39
Dominican Republic,Food Retail,Emissions (CO2eq) (AR5),kilotonnes,242.8507,279.7673,280.2578,243.585,187.4758,240.176,272.6616,288.3216,343.8484,348.6743,377.4568,388.2056,404.87,417.6521,469.9333,479.0182,501.5422,544.866,567.2689,542.303,481.751
Dominican Republic,Food Household Consumption,Emissions (CH4),kilotonnes,1.4085,1.4518,1.5524,1.5941,1.4099,1.534,1.6374,1.67,1.6797,1.6569,1.7131,1.756,1.8847,1.8381,1.9579,1.9999,2.0421,1.8867,1.9232,1.9232,1.9443
Dominican Republic,Food Household Consumption,Emissions (N2O),kilotonnes,0.0087,0.0088,0.0092,0.0093,0.0084,0.0091,0.0097,0.0098,0.01,0.0099,0.0102,0.0103,0.0109,0.0108,0.0114,0.0117,0.0119,0.0111,0.0113,0.0113,0.0114
Dominican Republic,Food Household Consumption,Emissions (CO2),kilotonnes,1187.4212,1163.9804,1116.9127,1142.0494,1106.0387,1176.5096,1285.3792,1258.0074,1338.8118,1316.5347,1289.9152,1238.3171,1243.6505,1300.9533,1380.8355,1428.9925,1465.9808,1382.9736,1405.2301,1405.2301,1239.2114
Dominican Republic,Food Household Consumption,Emissions (CO2eq) from CH4 (AR5),kilotonnes,39.438,40.6504,43.4672,44.6348,39.4772,42.952,45.8472,46.76,47.0316,46.3932,47.9668,49.168,52.7716,51.4668,54.8212,55.9972,57.1788,52.8276,53.8496,53.8496,54.4414
Dominican Republic,Food Household Consumption,Emissions (CO2eq) from N2O (AR5),kilotonnes,2.3055,2.332,2.438,2.4645,2.226,2.4115,2.5705,2.597,2.65,2.6235,2.703,2.7295,2.8885,2.862,3.021,3.1005,3.1535,2.9415,2.9945,2.9945,3.0207
Dominican Republic,Food Household Consumption,Emissions (CO2eq) (AR5),kilotonnes,1229.1647,1206.9628,1162.8179,1189.1487,1147.7419,1221.8731,1333.7969,1307.3644,1388.4934,1365.5514,1340.585,1290.2146,1299.3106,1355.2821,1438.6777,1488.0902,1526.3131,1438.7427,1462.0742,1462.0742,1296.6734
Dominican Republic,Food Transport,Emissions (CH4),kilotonnes,0.0852,0.0834,0.0844,0.0743,0.0672,0.0622,0.0561,0.0533,0.0449,0.0474,0.0503,0.0624,0.0699,0.061,0.0539,0.0606,0.0634,0.0611,0.0661,0.0606,0.0613
Dominican Republic,Food Transport,Emissions (N2O),kilotonnes,0.0151,0.016,0.0174,0.0167,0.0165,0.0166,0.0164,0.0173,0.0145,0.0153,0.0163,0.02,0.0211,0.0173,0.0142,0.0171,0.0183,0.0179,0.0196,0.0211,0.0213
Dominican Republic,Food Transport,Emissions (CO2),kilotonnes,508.9622,520.4986,564.1225,507.9661,521.0066,549.4154,554.9471,552.7315,480.8862,499.0706,520.199,561.5154,597.5936,526.4111,433.0866,543.9471,588.0751,567.1102,618.8665,633.7888,558.9108
Dominican Republic,Food Transport,Emissions (CO2eq) from CH4 (AR5),kilotonnes,2.3856,2.3352,2.3632,2.0804,1.8816,1.7416,1.5708,1.4924,1.2572,1.3272,1.4084,1.7472,1.9572,1.708,1.5092,1.6968,1.7752,1.7108,1.8508,1.6968,1.7154
Dominican Republic,Food Transport,Emissions (CO2eq) from N2O (AR5),kilotonnes,4.0015,4.24,4.611,4.4255,4.3725,4.399,4.346,4.5845,3.8425,4.0545,4.3195,5.3,5.5915,4.5845,3.763,4.5315,4.8495,4.7435,5.194,5.5915,5.6404
Dominican Republic,Food Transport,Emissions (CO2eq) (AR5),kilotonnes,515.3493,527.0738,571.0967,514.472,527.2607,555.556,560.8639,558.8084,485.9859,504.4523,525.9269,568.5626,605.1423,532.7036,438.3588,550.1754,594.6998,573.5645,625.9113,641.0771,566.2666
Dominican Republic,Energy,Emissions (CH4),kilotonnes,16,15.3,15.6,15.1,15,15.5,15.9,16.3,16,15.6,16,16.1,16.2,16.3,16.8,17.1,17.8,18.2,18.6,18.2,18.4
Dominican Republic,Energy,Emissions (N2O),kilotonnes,0.45,0.474,0.512,0.487,0.497,0.512,0.532,0.542,0.512,0.513,0.519,0.53,0.558,0.515,0.493,0.536,0.571,0.573,0.609,0.572,0.577
Dominican Republic,Energy,Emissions (CO2),kilotonnes,18500,18400,20200,20400,16800,16800,17600,18300,18600,18300,19000,19800,19900,19400,19700,21500,22600,22300,22900,23700,20900
Dominican Republic,Energy,Emissions (CO2eq) from CH4 (AR5),kilotonnes,448,428.4,436.8,422.8,420,434,445.2,456.4,448,436.8,448,450.8,453.6,456.4,470.4,478.8,498.4,509.6,520.8,509.6,515.2
Dominican Republic,Energy,Emissions (CO2eq) from N2O (AR5),kilotonnes,119.25,125.61,135.68,129.055,131.705,135.68,140.98,143.63,135.68,135.945,137.535,140.45,147.87,136.475,130.645,142.04,151.315,151.845,161.385,151.58,152.905
Dominican Republic,Energy,Emissions (CO2eq) (AR5),kilotonnes,19067.25,18954.01,20772.48,20951.855,17351.705,17369.68,18186.18,18900.03,19183.68,18872.745,19585.535,20391.25,20501.47,19992.875,20301.045,22120.84,23249.715,22961.445,23582.185,24361.18,21568.105
Dominican Republic,IPPU,Emissions (CH4),kilotonnes,0,0,0,0,0,0,0,0,0,0,0,0,0,0,0,0,0,0,0,0,0
Dominican Republic,IPPU,Emissions (N2O),kilotonnes,0.0001,0.0001,0.0001,0.0001,0.0001,0.0001,0.0001,0.0001,0.0001,0.0001,0.0001,0.0001,0.0001,0.0001,0.0001,0.0001,0.0001,0.0001,0.0001,0.0001,0.0001
Dominican Republic,IPPU,Emissions (CO2),kilotonnes,1120,1250,1340,1270,1170,1210,1590,1710,1730,1580,1670,1620,1660,1710,2000,2070,2070,2110,2180,2230,2230
Dominican Republic,IPPU,Emissions (CO2eq) from CH4 (AR5),kilotonnes,0,0,0,0,0,0,0,0,0,0,0,0,0,0,0,0,0,0,0,0,0
Dominican Republic,IPPU,Emissions (CO2eq) from N2O (AR5),kilotonnes,0.025,0.0254,0.0258,0.0261,0.0265,0.027,0.0273,0.0278,0.0281,0.0284,0.0289,0.0292,0.0297,0.0299,0.0302,0.0307,0.031,0.0313,0.0318,0.0321,0.0326
Dominican Republic,IPPU,Emissions (CO2eq) (AR5),kilotonnes,1120.025,1250.0254,1340.0258,1270.0261,1170.0265,1210.027,1590.0273,1710.0278,1730.0281,1580.0284,1670.0289,1620.0292,1660.0297,1710.0299,2000.0302,2070.0307,2070.031,2110.0313,2180.0318,2230.0321,2230.0326
Dominican Republic,Waste,Emissions (CH4),kilotonnes,97.4,100,104,106,110,114,119,124,128,132,137,142,146,150,155,160,165,169,173,178,182
Dominican Republic,Waste,Emissions (N2O),kilotonnes,0.258,0.262,0.266,0.262,0.264,0.272,0.298,0.32,0.33,0.337,0.35,0.361,0.367,0.37,0.386,0.405,0.425,0.44,0.452,0.46,0.473
Dominican Republic,Waste,Emissions (CO2),kilotonnes,0.264,0.272,0.279,0.29,0.301,0.311,0.322,0.333,0.343,0.354,0.365,0.374,0.384,0.394,0.403,0.413,0.422,0.431,0.44,0.452,0.462
Dominican Republic,Waste,Emissions (CO2eq) from CH4 (AR5),kilotonnes,2727.2,2800,2912,2968,3080,3192,3332,3472,3584,3696,3836,3976,4088,4200,4340,4480,4620,4732,4844,4984,5096
Dominican Republic,Waste,Emissions (CO2eq) from N2O (AR5),kilotonnes,68.37,69.43,70.49,69.43,69.96,72.08,78.97,84.8,87.45,89.305,92.75,95.665,97.255,98.05,102.29,107.325,112.625,116.6,119.78,121.9,125.345
Dominican Republic,Waste,Emissions (CO2eq) (AR5),kilotonnes,2795.834,2869.702,2982.769,3037.72,3150.261,3264.391,3411.292,3557.133,3671.793,3785.659,3929.115,4072.039,4185.639,4298.444,4442.693,4587.738,4733.047,4849.031,4964.22,5106.352,5221.807
Dominican Republic,Other,Emissions (N2O),kilotonnes,0.851,0.873,0.938,0.783,0.744,0.794,0.813,0.809,0.816,0.761,0.769,0.774,0.776,0.747,0.777,0.86,0.896,0.828,0.89,0.852,0.858
Dominican Republic,Other,Emissions (CO2eq) from N2O (AR5),kilotonnes,225.515,231.345,248.57,207.495,197.16,210.41,215.445,214.385,216.24,201.665,203.785,205.11,205.64,197.955,205.905,227.9,237.44,219.42,235.85,225.78,227.37
Dominican Republic,Other,Emissions (CO2eq) (AR5),kilotonnes,225.515,231.345,248.57,207.495,197.16,210.41,215.445,214.385,216.24,201.665,203.785,205.11,205.64,197.955,205.905,227.9,237.44,219.42,235.85,225.78,227.37
Dominican Republic,Farm-gate emissions,Emissions (CH4),kilotonnes,168.0933,179.6088,186.4044,181.5681,200.3013,190.8178,192.7836,218.4195,224.4854,234.0212,238.3152,239.869,239.1022,240.1583,240.9081,240.0033,242.0635,246.0408,251.4565,250.0207,253.0643
Dominican Republic,Farm-gate emissions,Direct emissions (N2O),kilotonnes,4.3129,4.6638,5.2818,5.0408,5.5865,5.4588,5.8187,6.32,6.2401,6.42,6.7137,6.6188,6.4286,6.4693,6.5962,6.8849,7.0174,7.1871,7.5066,7.5008,7.5248
Dominican Republic,Farm-gate emissions,Indirect emissions (N2O),kilotonnes,1.1779,1.2779,1.4634,1.3694,1.5018,1.5048,1.6229,1.7262,1.6975,1.7408,1.8167,1.7782,1.713,1.7327,1.7733,1.8683,1.9185,1.9741,2.0761,2.0738,2.0747
Dominican Republic,Farm-gate emissions,Emissions (N2O),kilotonnes,5.877,6.3362,7.2735,6.9024,7.5735,7.5844,8.0988,8.6932,8.5466,8.7572,9.1618,9.0185,8.7068,8.7843,8.9261,9.3417,9.562,9.8011,10.2255,10.1936,10.2114
Dominican Republic,Farm-gate emissions,Emissions (CO2),kilotonnes,450.7039,446.8557,449.6615,395.3129,395.1069,927.6905,630.3489,563.4743,581.9578,433.557,418.8502,356.5413,450.6667,779.066,460.9517,310.4179,620.6411,728.8004,395.3942,382.2827,382.2827
Dominican Republic,Farm-gate emissions,Emissions (CO2eq) from CH4 (AR5),kilotonnes,4706.6135,5029.046,5219.324,5083.9072,5608.4372,5342.8975,5397.9407,6115.7451,6285.5915,6552.594,6672.8247,6716.3321,6694.8605,6724.4315,6745.4257,6720.0916,6777.7771,6889.1417,7040.7825,7000.5799,7085.8007
Dominican Republic,Farm-gate emissions,Emissions (CO2eq) from N2O (AR5),kilotonnes,1557.4062,1679.1024,1927.4815,1829.1396,2006.9834,2009.8779,2146.1865,2303.6917,2264.851,2320.6673,2427.8742,2389.8902,2307.2904,2327.8384,2365.4093,2475.5549,2533.9287,2597.2875,2709.7561,2701.2935,2706.018
Dominican Republic,Farm-gate emissions,Emissions (CO2eq) (AR5),kilotonnes,6714.7236,7155.0041,7596.4669,7308.3597,8010.5275,8280.4659,8174.4761,8982.911,9132.4002,9306.8184,9519.5491,9462.7636,9452.8176,9831.3358,9571.7868,9506.0645,9932.347,10215.2296,10145.9328,10084.1561,10174.1014
Dominican Republic,Land Use change,Emissions (CH4),kilotonnes,0.567,0,0,0.016,0.0266,0.0799,0.0107,0.008,0.016,0.024,0.0107,0.0053,0.0133,0.0107,0.0027,0.253,0,0.0213,0,0.0346,0.0027
Dominican Republic,Land Use change,Emissions (N2O),kilotonnes,0.0167,0,0,0.0015,0.0024,0.0073,0.001,0.0007,0.0015,0.0022,0.001,0.0005,0.0012,0.001,0.0002,0.0231,0,0.0019,0,0.0032,0.0002
Dominican Republic,Land Use change,Emissions (CO2),kilotonnes,0,0,0,0,0,0,0,0,0,0,0,0,0,0,0,0,603.68,603.68,603.68,603.68,603.68
Dominican Republic,Land Use change,Emissions (CO2eq) from CH4 (AR5),kilotonnes,15.8756,0,0,0.4474,0.7455,2.2368,0.2982,0.2237,0.4473,0.671,0.2982,0.1491,0.3728,0.2982,0.0745,7.0831,0,0.5964,0,0.9692,0.0746
Dominican Republic,Land Use change,Emissions (CO2eq) from N2O (AR5),kilotonnes,4.4191,0,0,0.3866,0.6442,1.9329,0.2577,0.1933,0.3866,0.5798,0.2577,0.1289,0.3221,0.2577,0.0644,6.1207,0,0.5154,0,0.8375,0.0644
Dominican Republic,Land Use change,Emissions (CO2eq) (AR5),kilotonnes,20.2948,0,0,0.8339,1.3897,4.1696,0.5559,0.4169,0.8339,1.2508,0.556,0.278,0.6949,0.5559,0.139,13.2038,603.68,604.7918,603.68,605.4867,603.819
Dominican Republic,Emissions on agricultural land,Emissions (CH4),kilotonnes,168.6603,179.6088,186.4044,181.5841,200.328,190.8977,192.7942,218.4275,224.5014,234.0452,238.3258,239.8743,239.1155,240.1689,240.9107,240.2562,242.0635,246.0621,251.4565,250.0553,253.067
Dominican Republic,Emissions on agricultural land,Emissions (N2O),kilotonnes,5.8937,6.3362,7.2735,6.9039,7.576,7.5917,8.0998,8.6939,8.5481,8.7594,9.1628,9.0189,8.708,8.7853,8.9263,9.3648,9.562,9.803,10.2255,10.1967,10.2116
Dominican Republic,Emissions on agricultural land,Emissions (CO2),kilotonnes,450.7039,446.8557,449.6615,395.3129,395.1069,927.6905,630.3489,563.4743,581.9578,433.557,418.8502,356.5413,450.6667,779.066,460.9517,310.4179,1224.3211,1332.4804,999.0742,985.9627,985.9627
Dominican Republic,Emissions on agricultural land,Emissions (CO2eq) from CH4 (AR5),kilotonnes,4722.4892,5029.046,5219.324,5084.3545,5609.1827,5345.1342,5398.239,6115.9688,6286.0388,6553.265,6673.1229,6716.4812,6695.2333,6724.7297,6745.5003,6727.1747,6777.7771,6889.7381,7040.7825,7001.5491,7085.8753
Dominican Republic,Emissions on agricultural land,Emissions (CO2eq) from N2O (AR5),kilotonnes,1561.8254,1679.1024,1927.4815,1829.5262,2007.6276,2011.8108,2146.4442,2303.885,2265.2376,2321.2471,2428.1319,2390.0191,2307.6126,2328.096,2365.4737,2481.6756,2533.9287,2597.8029,2709.7561,2702.1309,2706.0824
Dominican Republic,Emissions on agricultural land,Emissions (CO2eq) (AR5),kilotonnes,6735.0184,7155.0041,7596.4669,7309.1936,8011.9172,8284.6355,8175.032,8983.328,9133.2341,9308.0692,9520.105,9463.0416,9453.5125,9831.8917,9571.9257,9519.2683,10536.027,10820.0214,10749.6128,10689.6427,10777.9204
Dominican Republic,Pre- and post- production,Emissions (CH4),kilotonnes,125.4165,125.8381,125.7813,125.7924,126.0891,127.3781,128.607,129.4531,129.6632,129.0908,130.239,133.5378,134.0347,135.4257,134.7687,134.8324,135.8259,136.5794,137.4623,137.8915,138.1345
Dominican Republic,Pre- and post- production,Emissions (N2O),kilotonnes,0.2092,0.2132,0.2042,0.1876,0.1986,0.2206,0.2368,0.2434,0.2369,0.2386,0.2631,0.2841,0.28,0.2957,0.3032,0.3141,0.3355,0.349,0.3582,0.3668,0.3741
Dominican Republic,Pre- and post- production,Emissions (CO2),kilotonnes,3235.9262,2994.0245,3036.3194,3071.0422,3009.9012,3167.0396,3333.6241,3299.5811,3161.2682,2691.4677,2717.1811,4187.7185,4300.837,5078.5138,4541.2639,4740.9541,5168.4869,5289.2647,5216.5361,5239.1583,4757.7855
Dominican Republic,Pre- and post- production,Emissions (CO2eq) from CH4 (AR5),kilotonnes,3511.6616,3523.4666,3521.876,3522.1878,3530.4958,3566.5872,3600.996,3624.6871,3630.5707,3614.5433,3646.6934,3739.0581,3752.9727,3791.9185,3773.5229,3775.307,3803.1256,3824.2245,3848.9432,3860.962,3867.7657
Dominican Republic,Pre- and post- production,Emissions (CO2eq) from N2O (AR5),kilotonnes,55.4403,56.5059,54.1012,49.7102,52.6353,58.4496,62.7468,64.508,62.782,63.2281,69.7195,75.2819,74.2081,78.3515,80.3432,83.2258,88.9198,92.4746,94.919,97.1895,99.1394
Dominican Republic,Pre- and post- production,Emissions (CO2eq) (AR5),kilotonnes,6803.0282,6573.997,6612.2965,6642.9402,6593.0324,6792.0764,6997.3668,6988.7763,6854.6209,6369.2391,6433.594,8002.0584,8128.0178,8948.7839,8395.13,8599.4869,9060.5323,9205.9638,9160.3982,9197.3099,8724.6906
Dominican Republic,Agri-food systems,Emissions (CH4),kilotonnes,294.0768,305.4469,312.1857,307.3765,326.4171,318.2758,321.4012,347.8806,354.1646,363.136,368.5649,373.4121,373.1502,375.5946,375.6794,375.0886,377.8894,382.6415,388.9188,387.9468,391.2015
Dominican Republic,Agri-food systems,Emissions (N2O),kilotonnes,6.1029,6.5495,7.4777,7.0915,7.7746,7.8123,8.3366,8.9373,8.785,8.998,9.4259,9.303,8.988,9.0809,9.2295,9.6789,9.8975,10.152,10.5837,10.5635,10.5857
Dominican Republic,Agri-food systems,Emissions (CO2),kilotonnes,3686.6301,3440.8801,3485.9809,3466.3551,3405.0081,4094.73,3963.9729,3863.0554,3743.2259,3125.0247,3136.0313,4544.2598,4751.5037,5857.5798,5002.2156,5051.3721,6392.8081,6621.7451,6215.6103,6225.121,5743.7482
Dominican Republic,Agri-food systems,Emissions (CO2eq) from CH4 (AR5),kilotonnes,8234.1508,8552.5127,8741.2,8606.5423,9139.6786,8911.7215,8999.2349,9740.6559,9916.6095,10167.8083,10319.8163,10455.5393,10448.206,10516.6482,10519.0232,10502.4817,10580.9027,10713.9626,10889.7257,10862.5111,10953.641
Dominican Republic,Agri-food systems,Emissions (CO2eq) from N2O (AR5),kilotonnes,1617.2657,1735.6082,1981.5827,1879.2364,2060.263,2070.2604,2209.1909,2368.393,2328.0195,2384.4753,2497.8514,2465.301,2381.8207,2406.4476,2445.8169,2564.9015,2622.8484,2690.2775,2804.6751,2799.3205,2805.2218
Dominican Republic,Agri-food systems,Emissions (CO2eq) (AR5),kilotonnes,13538.0466,13729.001,14208.7635,13952.1338,14604.9496,15076.7119,15172.3988,15972.1043,15987.855,15677.3083,15953.699,17465.1,17581.5304,18780.6756,17967.0558,18118.7552,19596.5593,20025.9852,19910.011,19886.9526,19502.611
Dominican Republic,IPCC Agriculture,Emissions (CH4),kilotonnes,167.9786,179.5042,186.3012,181.4711,200.1986,190.6501,192.6593,218.3058,224.3847,233.9317,238.2251,239.7391,238.9571,239.9834,240.7759,239.8804,241.8978,245.8545,251.3097,249.871,252.9146
Dominican Republic,IPCC Agriculture,Emissions (CH4),kilotonnes,140.09,,,,,,,,,,220.91,,,,,,,,,,
Dominican Republic,IPCC Agriculture,Direct emissions (N2O),kilotonnes,4.3129,4.6638,5.2818,5.0408,5.5865,5.4588,5.8187,6.32,6.2401,6.42,6.7137,6.6188,6.4286,6.4693,6.5962,6.8849,7.0174,7.1871,7.5066,7.5008,7.5248
Dominican Republic,IPCC Agriculture,Indirect emissions (N2O),kilotonnes,1.1779,1.2779,1.4634,1.3694,1.5018,1.5048,1.6229,1.7262,1.6975,1.7408,1.8167,1.7782,1.713,1.7327,1.7733,1.8683,1.9185,1.9741,2.0761,2.0738,2.0747
Dominican Republic,IPCC Agriculture,Emissions (N2O),kilotonnes,5.7793,6.2388,7.1761,6.8247,7.4969,7.5038,8.0121,8.6227,8.4824,8.6874,9.0881,8.9524,8.6353,8.7093,8.8667,9.2662,9.4756,9.7188,10.1389,10.1015,10.1194
Dominican Republic,IPCC Agriculture,Emissions (N2O),kilotonnes,8.904,,,,,,,,,,8.4,,,,,,,,,,
Dominican Republic,IPCC Agriculture,Emissions (CO2eq) from CH4 (AR5),kilotonnes,4703.3998,5026.1164,5216.4336,5081.1908,5605.5606,5338.2022,5394.4601,6112.5626,6282.7704,6550.0887,6670.3037,6712.694,6690.8001,6719.5353,6741.7266,6716.6513,6773.1386,6883.9253,7036.6722,6996.3874,7081.6082
Dominican Republic,IPCC Agriculture,Emissions (CO2eq) from CH4 (AR5),kilotonnes,3922.52,,,,,,,,,,6185.48,,,,,,,,,,
Dominican Republic,IPCC Agriculture,Emissions (CO2eq) from N2O (AR5),kilotonnes,1531.5213,1653.2741,1901.6632,1808.5561,1986.6834,1988.5044,2123.2115,2285.0101,2247.8483,2302.1537,2408.3459,2372.3827,2288.3607,2307.9682,2349.6763,2455.539,2511.0323,2575.4869,2686.8127,2676.9079,2681.6325
Dominican Republic,IPCC Agriculture,Emissions (CO2eq) from N2O (AR5),kilotonnes,2359.56,,,,,,,,,,2226,,,,,,,,,,
Dominican Republic,IPCC Agriculture,Emissions (CO2eq) (AR5),kilotonnes,6234.9211,6679.3905,7118.0969,6889.7469,7592.244,7326.7066,7517.6715,8397.5727,8530.6188,8852.2423,9078.6495,9085.0767,8979.1607,9027.5035,9091.4029,9172.1903,9284.1709,9459.4122,9723.4849,9673.2953,9763.2406
Dominican Republic,IPCC Agriculture,Emissions (CO2eq) (AR5),kilotonnes,6282.08,,,,,,,,,,8411.48,,,,,,,,,,
Dominican Republic,Agricultural Soils,Direct emissions (N2O),kilotonnes,4.3129,4.6638,5.2818,5.0408,5.5865,5.4588,5.8187,6.32,6.2401,6.42,6.7137,6.6188,6.4286,6.4693,6.5962,6.8849,7.0174,7.1871,7.5066,7.5008,7.5248
Dominican Republic,Agricultural Soils,Indirect emissions (N2O),kilotonnes,1.1779,1.2779,1.4634,1.3694,1.5018,1.5048,1.6229,1.7262,1.6975,1.7408,1.8167,1.7782,1.713,1.7327,1.7733,1.8683,1.9185,1.9741,2.0761,2.0738,2.0747
Dominican Republic,Agricultural Soils,Emissions (N2O),kilotonnes,5.4908,5.9417,6.7452,6.4101,7.0882,6.9636,7.4416,8.0462,7.9376,8.1608,8.5304,8.3971,8.1415,8.202,8.3696,8.7532,8.9359,9.1612,9.5827,9.5746,9.5996
Dominican Republic,Agricultural Soils,Emissions (N2O),kilotonnes,8.89,,,,,,,,,,1.39,,,,,,,,,,
Dominican Republic,Agricultural Soils,Emissions (CO2eq) from N2O (AR5),kilotonnes,1455.0546,1574.5412,1787.4848,1698.6802,1878.3829,1845.3485,1972.0237,2132.2489,2103.4576,2162.6109,2260.5605,2225.2232,2157.5099,2173.5385,2217.937,2319.5864,2368.0138,2427.7247,2539.415,2537.2765,2543.8821
Dominican Republic,Agricultural Soils,Emissions (CO2eq) from N2O (AR5),kilotonnes,2355.85,,,,,,,,,,368.35,,,,,,,,,,
Dominican Republic,Agricultural Soils,Emissions (CO2eq) (AR5),kilotonnes,1455.0546,1574.5412,1787.4848,1698.6802,1878.3829,1845.3485,1972.0237,2132.2489,2103.4576,2162.6109,2260.5605,2225.2232,2157.5099,2173.5385,2217.937,2319.5864,2368.0138,2427.7247,2539.415,2537.2765,2543.8821
Dominican Republic,Agricultural Soils,Emissions (CO2eq) (AR5),kilotonnes,2355.85,,,,,,,,,,368.35,,,,,,,,,,
Dominican Republic,LULUCF,Emissions (CH4),kilotonnes,1.0164,0.1092,0,0.0433,0.0663,1.4617,0.0355,0.0502,0.0929,0.1133,0.0876,0.0351,0.053,0.162,0.1465,0.6772,0.0124,0.0213,0,0.1016,0.02
Dominican Republic,LULUCF,Emissions (CH4),kilotonnes,0.63,,,,,,,,,,1.2758,,,,,,,,,,
Dominican Republic,LULUCF,Emissions (N2O),kilotonnes,0.0299,0.01,0,0.004,0.0061,0.1335,0.0032,0.0046,0.0085,0.0103,0.008,0.0032,0.0048,0.0148,0.0134,0.0618,0.0011,0.0019,0,0.0093,0.0018
Dominican Republic,LULUCF,Emissions (N2O),kilotonnes,0.004,,,,,,,,,,0.1276,,,,,,,,,,
Dominican Republic,LULUCF,Emissions (CO2),kilotonnes,-7268.415,-1937.5125,-1937.5125,-1937.5125,-1937.5125,-1937.5125,-1937.5125,-1937.5125,-1937.5125,-1937.5125,-1937.5125,-1175.405,-1175.405,-1175.405,-1175.405,-1175.405,-1557.325,-1557.325,-1557.325,-1557.325,-1557.325
Dominican Republic,LULUCF,Emissions (CO2),kilotonnes,-18808.57,,,,,,,,,,-3166.995,,,,,,,,,,
Dominican Republic,LULUCF,Emissions (CO2eq) from CH4 (AR5),kilotonnes,28.4591,3.0562,0,1.2114,1.8569,40.9262,0.9928,1.4044,2.6006,3.1713,2.4515,0.9826,1.4841,4.5352,4.1031,18.9605,0.3473,0.5964,0,2.8445,0.5608
Dominican Republic,LULUCF,Emissions (CO2eq) from N2O (AR5),kilotonnes,7.9219,2.641,0,1.0468,1.6046,35.3656,0.8579,1.2136,2.2473,2.7404,2.1184,0.8491,1.2825,3.919,3.5456,16.3844,0.3001,0.5154,0,2.458,0.4846
Dominican Republic,LULUCF,Emissions (CO2eq) (AR5),kilotonnes,-7232.034,-1931.8153,-1937.5125,-1935.2543,-1934.051,-1861.2207,-1935.6617,-1934.8944,-1932.6646,-1931.6008,-1932.9426,-1173.5732,-1172.6384,-1166.9507,-1167.7563,-1140.0601,-1556.6776,-1556.2132,-1557.325,-1552.0224,-1556.2797
Dominican Republic,LULUCF,Emissions (CO2eq) (AR5),kilotonnes,-18808.57,,,,,,,,,,-3166.995,,,,,,,,,,
Dominican Republic,AFOLU,Emissions (CH4),kilotonnes,168.995,179.6133,186.3012,181.5144,200.2649,192.1117,192.6947,218.356,224.4775,234.045,238.3127,239.7742,239.0102,240.1454,240.9225,240.5576,241.9102,245.8758,251.3097,249.9726,252.9346
Dominican Republic,AFOLU,Emissions (N2O),kilotonnes,5.8092,6.2487,7.1761,6.8287,7.503,7.6372,8.0154,8.6273,8.4909,8.6977,9.0961,8.9556,8.6402,8.7241,8.8801,9.328,9.4767,9.7208,10.1389,10.1108,10.1212
Dominican Republic,AFOLU,Emissions (CO2),kilotonnes,-7268.415,-1937.5125,-1937.5125,-1937.5125,-1937.5125,-1937.5125,-1937.5125,-1937.5125,-1937.5125,-1937.5125,-1937.5125,-1175.405,-1175.405,-1175.405,-1175.405,-1175.405,-1557.325,-1557.325,-1557.325,-1557.325,-1557.325
Dominican Republic,AFOLU,Emissions (CO2eq) from CH4 (AR5),kilotonnes,4731.8589,5029.1726,5216.4336,5082.4022,5607.4174,5379.1284,5395.4529,6113.967,6285.371,6553.2599,6672.7551,6713.6767,6692.2842,6724.0705,6745.8297,6735.6118,6773.4859,6884.5217,7036.6722,6999.2319,7082.1689
Dominican Republic,AFOLU,Emissions (CO2eq) from N2O (AR5),kilotonnes,1539.4433,1655.9151,1901.6632,1809.6029,1988.288,2023.87,2124.0694,2286.2238,2250.0956,2304.8941,2410.4643,2373.2318,2289.6432,2311.8872,2353.2219,2471.9234,2511.3324,2576.0023,2686.8127,2679.366,2682.117
Dominican Republic,AFOLU,Emissions (CO2eq) (AR5),kilotonnes,-997.1128,4747.5752,5180.5844,4954.4926,5658.193,5465.486,5582.0098,6462.6783,6597.9542,6920.6415,7145.7069,7911.5035,7806.5224,7860.5527,7923.6466,8032.1302,7727.4934,7903.199,8166.1599,8121.2729,8206.961
Dominican Republic,All sectors with LULUCF,Emissions (CH4),kilotonnes,282.395,294.9133,305.9012,302.6144,325.2649,321.6117,327.5947,358.656,368.4775,381.645,391.3127,397.8742,401.2102,406.4454,412.7225,417.6576,424.7102,433.0758,442.9097,446.1726,453.3346
Dominican Republic,All sectors with LULUCF,Emissions (N2O),kilotonnes,7.3683,7.8578,8.8922,8.3608,9.0081,9.2153,9.6585,10.2984,10.149,10.3088,10.7342,10.6207,10.3413,10.3562,10.5362,11.1291,11.3688,11.5619,12.09,11.9949,12.0293
Dominican Republic,All sectors with LULUCF,Emissions (CO2),kilotonnes,12351.849,17712.7595,19602.7665,19732.7775,16032.7885,16072.7985,17252.8095,18072.8205,18392.8305,17942.8415,18732.8525,20244.969,20384.979,19934.989,20524.998,22395.008,23113.097,22853.106,23523.115,24373.127,21573.137
Dominican Republic,All sectors with LULUCF,Emissions (CO2eq) from CH4 (AR5),kilotonnes,7907.0589,8257.5726,8565.2336,8473.2022,9107.4174,9005.1284,9172.6529,10042.367,10317.371,10686.0599,10956.7551,11140.4767,11233.8842,11380.4705,11556.2297,11694.4118,11891.8859,12126.1217,12401.4722,12492.8319,12693.3689
Dominican Republic,All sectors with LULUCF,Emissions (CO2eq) from N2O (AR5),kilotonnes,1952.6032,2082.3255,2356.429,2215.609,2387.1395,2442.0671,2559.4917,2729.0666,2689.4937,2731.8374,2844.5631,2814.486,2740.4378,2744.3972,2792.0921,2949.2191,3012.7435,3063.8986,3203.8595,3178.658,3187.7696
Dominican Republic,All sectors with LULUCF,Emissions (CO2eq) (AR5),kilotonnes,22211.5111,28052.6576,30524.4291,30421.5887,27527.3455,27519.994,28984.9541,30844.2541,31399.6952,31360.7388,32534.1708,34199.9317,34359.301,34059.8567,34873.3198,37038.6389,38017.7264,38043.1263,39128.4467,40044.617,37454.2756
Dominican Republic,All sectors without LULUCF,Emissions (CH4),kilotonnes,281.3786,294.8042,305.9012,302.5711,325.1986,320.1501,327.5593,358.6058,368.3847,381.5317,391.2251,397.8391,401.1571,406.2834,412.5759,416.9804,424.6978,433.0545,442.9097,446.071,453.3146
Dominican Republic,All sectors without LULUCF,Emissions (N2O),kilotonnes,7.3384,7.8479,8.8922,8.3568,9.002,9.0819,9.6552,10.2938,10.1406,10.2985,10.7262,10.6175,10.3364,10.3414,10.5228,11.0673,11.3677,11.5599,12.09,11.9857,12.0275
Dominican Republic,All sectors without LULUCF,Emissions (CO2),kilotonnes,19620.264,19650.272,21540.279,21670.29,17970.301,18010.311,19190.322,20010.333,20330.343,19880.354,20670.365,21420.374,21560.384,21110.394,21700.403,23570.413,24670.422,24410.431,25080.44,25930.452,23130.462
Dominican Republic,All sectors without LULUCF,Emissions (CO2eq) from CH4 (AR5),kilotonnes,7878.5998,8254.5164,8565.2336,8471.9908,9105.5606,8964.2022,9171.6601,10040.9626,10314.7704,10682.8887,10954.3037,11139.494,11232.4001,11375.9353,11552.1266,11675.4513,11891.5386,12125.5253,12401.4722,12489.9874,12692.8082
Dominican Republic,All sectors without LULUCF,Emissions (CO2eq) from N2O (AR5),kilotonnes,1944.6813,2079.6845,2356.429,2214.5622,2385.5349,2406.7015,2558.6338,2727.853,2687.2464,2729.097,2842.4448,2813.6369,2739.1553,2740.4782,2788.5466,2932.8348,3012.4433,3063.3832,3203.8595,3176.2,3187.2851
Dominican Republic,All sectors without LULUCF,Emissions (CO2eq) (AR5),kilotonnes,29443.5451,29984.4729,32461.9416,32356.843,29461.3965,29381.2147,30920.6158,32779.1486,33332.3598,33292.3397,34467.1134,35373.5049,35531.9394,35226.8074,36041.0761,38178.699,39574.4039,39599.3395,40685.7717,41596.6394,39010.5552
Ecuador,Crop Residues,Direct emissions (N2O),kilotonnes,0.4122,0.3984,0.4483,0.4433,0.534,0.4662,0.4514,0.5219,0.4522,0.4866,0.5255,0.488,0.5355,0.5277,0.5414,0.596,0.4853,0.4678,0.4629,0.4383,0.4667
Ecuador,Crop Residues,Indirect emissions (N2O),kilotonnes,0.0927,0.0896,0.1009,0.0997,0.1202,0.1049,0.1016,0.1174,0.1017,0.1095,0.1182,0.1098,0.1205,0.1187,0.1218,0.1341,0.1092,0.1053,0.1042,0.0986,0.105
Ecuador,Crop Residues,Emissions (N2O),kilotonnes,0.5049,0.488,0.5492,0.543,0.6542,0.5711,0.5529,0.6393,0.554,0.5961,0.6437,0.5979,0.656,0.6464,0.6633,0.7301,0.5945,0.5731,0.5671,0.537,0.5718
Ecuador,Crop Residues,Emissions (CO2eq) from N2O (AR5),kilotonnes,133.8087,129.3218,145.5418,143.891,173.3549,151.35,146.5245,169.4112,146.797,157.9646,170.5881,158.4307,173.8456,171.3001,175.7675,193.4786,157.5392,151.8699,150.2787,142.2958,151.5159
Ecuador,Crop Residues,Emissions (CO2eq) (AR5),kilotonnes,133.8087,129.3218,145.5418,143.891,173.3549,151.35,146.5245,169.4112,146.797,157.9646,170.5881,158.4307,173.8456,171.3001,175.7675,193.4786,157.5392,151.8699,150.2787,142.2958,151.5159
Ecuador,Rice Cultivation,Emissions (CH4),kilotonnes,71.1169,73.2661,77.6576,75.0884,88.5251,79.233,75.0872,83.6117,74.5166,82.9107,82.5588,69.291,77.9457,83.3217,74.3686,78.7746,76.9007,75.201,62.6426,54.0273,65.704
Ecuador,Rice Cultivation,Emissions (CO2eq) from CH4 (AR5),kilotonnes,1991.2738,2051.4497,2174.4122,2102.4763,2478.7022,2218.524,2102.441,2341.1279,2086.4651,2321.5004,2311.6456,1940.1472,2182.4796,2333.0076,2082.3197,2205.688,2153.2207,2105.628,1753.9922,1512.7652,1839.7109
Ecuador,Rice Cultivation,Emissions (CO2eq) (AR5),kilotonnes,1991.2738,2051.4497,2174.4122,2102.4763,2478.7022,2218.524,2102.441,2341.1279,2086.4651,2321.5004,2311.6456,1940.1472,2182.4796,2333.0076,2082.3197,2205.688,2153.2207,2105.628,1753.9922,1512.7652,1839.7109
Ecuador,Burning - Crop residues,Emissions (CH4),kilotonnes,1.7467,1.8701,1.8003,1.6922,1.9267,1.7409,1.7566,1.8776,1.6771,1.7836,1.9696,2.2087,2.0422,2.1163,2.0139,1.8727,1.5587,1.6996,1.6063,1.4708,1.638
Ecuador,Burning - Crop residues,Emissions (CH4),kilotonnes,,,,,,,,,,,1.84,,1.95,,,,,,,,
Ecuador,Burning - Crop residues,Emissions (N2O),kilotonnes,0.0453,0.0485,0.0467,0.0439,0.05,0.0451,0.0455,0.0487,0.0435,0.0462,0.0511,0.0573,0.0529,0.0549,0.0522,0.0486,0.0404,0.0441,0.0416,0.0381,0.0425
Ecuador,Burning - Crop residues,Emissions (N2O),kilotonnes,,,,,,,,,,,0.05,,0.05,,,,,,,,
Ecuador,Burning - Crop residues,Emissions (CO2eq) from CH4 (AR5),kilotonnes,48.9068,52.364,50.4072,47.3812,53.9463,48.7445,49.1842,52.5727,46.9599,49.9417,55.1493,61.8426,57.1805,59.2573,56.3888,52.4352,43.6439,47.5876,44.9755,41.1837,45.8647
Ecuador,Burning - Crop residues,Emissions (CO2eq) from CH4 (AR5),kilotonnes,,,,,,,,,,,51.52,,54.6,,,,,,,,
Ecuador,Burning - Crop residues,Emissions (CO2eq) from N2O (AR5),kilotonnes,12.0003,12.8486,12.3684,11.6259,13.2368,11.9605,12.0683,12.8998,11.5226,12.2542,13.532,15.1743,14.0304,14.54,13.8361,12.8661,10.7089,11.6766,11.0357,10.1053,11.2538
Ecuador,Burning - Crop residues,Emissions (CO2eq) from N2O (AR5),kilotonnes,,,,,,,,,,,13.25,,13.25,,,,,,,,
Ecuador,Burning - Crop residues,Emissions (CO2eq) (AR5),kilotonnes,60.9071,65.2125,62.7756,59.0071,67.1831,60.705,61.2525,65.4725,58.4825,62.1959,68.6813,77.017,71.2109,73.7973,70.2249,65.3013,54.3528,59.2641,56.0111,51.289,57.1185
Ecuador,Burning - Crop residues,Emissions (CO2eq) (AR5),kilotonnes,,,,,,,,,,,64.77,,67.85,,,,,,,,
Ecuador,Enteric Fermentation,Emissions (CH4),kilotonnes,282.0436,306.6874,314.2635,311.9745,318.3758,310.935,315.6508,295.8191,304.5897,322.5593,327.0007,332.9283,323.7849,318.7927,284.1709,254.025,254.4206,256.715,248.3507,265.7072,265.9208
Ecuador,Enteric Fermentation,Emissions (CH4),kilotonnes,,,,,,,,,,,306.325,,302.91,,,,,306.33,,,
Ecuador,Enteric Fermentation,Emissions (CO2eq) from CH4 (AR5),kilotonnes,7897.2207,8587.2483,8799.3782,8735.285,8914.5227,8706.1814,8838.2213,8282.9342,8528.5112,9031.6596,9156.0198,9321.9923,9065.9778,8926.1948,7956.7857,7112.7006,7123.7764,7188.0208,6953.8203,7439.8002,7445.7814
Ecuador,Enteric Fermentation,Emissions (CO2eq) from CH4 (AR5),kilotonnes,,,,,,,,,,,8577.1,,8481.48,,,,,8577.24,,,
Ecuador,Enteric Fermentation,Emissions (CO2eq) (AR5),kilotonnes,7897.2207,8587.2483,8799.3782,8735.285,8914.5227,8706.1814,8838.2213,8282.9342,8528.5112,9031.6596,9156.0198,9321.9923,9065.9778,8926.1948,7956.7857,7112.7006,7123.7764,7188.0208,6953.8203,7439.8002,7445.7814
Ecuador,Enteric Fermentation,Emissions (CO2eq) (AR5),kilotonnes,,,,,,,,,,,8577.1,,8481.48,,,,,8577.24,,,
Ecuador,Manure Management,Emissions (CH4),kilotonnes,9.7159,10.424,10.4854,10.4185,10.3424,10.0612,10.1316,9.1314,9.8168,10.5845,11.4007,10.8156,10.2857,10.4776,10.4856,9.567,9.0383,9.0576,9.0058,9.2059,9.0488
Ecuador,Manure Management,Emissions (CH4),kilotonnes,,,,,,,,,,,9.3553,,9.07,,,,,,,,
Ecuador,Manure Management,Emissions (N2O),kilotonnes,0.7125,0.7188,0.7252,0.7185,0.69,0.6608,0.7904,0.6196,0.6281,0.7303,0.8129,0.8315,0.6635,0.709,0.891,0.8027,0.6643,0.6538,0.6946,0.6758,0.6445
Ecuador,Manure Management,Emissions (N2O),kilotonnes,,,,,,,,,,,0.5978,,0.49,,,,,,,,
Ecuador,Manure Management,Emissions (CO2eq) from CH4 (AR5),kilotonnes,272.0445,291.8719,293.5924,291.7183,289.5858,281.7126,283.6845,255.6791,274.8705,296.3656,319.2208,302.8367,288,293.3723,293.5958,267.8771,253.0734,253.613,252.1631,257.765,253.3666
Ecuador,Manure Management,Emissions (CO2eq) from CH4 (AR5),kilotonnes,,,,,,,,,,,261.9484,,253.96,,,,,,,,
Ecuador,Manure Management,Emissions (CO2eq) from N2O (AR5),kilotonnes,188.8046,190.4931,192.1826,190.4152,182.837,175.1018,209.4535,164.2017,166.442,193.52,215.4079,220.3569,175.8221,187.8836,236.1214,212.7157,176.0378,173.2678,184.082,179.0762,170.8019
Ecuador,Manure Management,Emissions (CO2eq) from N2O (AR5),kilotonnes,,,,,,,,,,,158.417,,129.85,,,,,,,,
Ecuador,Manure Management,Emissions (CO2eq) (AR5),kilotonnes,460.8491,482.365,485.775,482.1335,472.4228,456.8144,493.138,419.8808,441.3125,489.8855,534.6287,523.1936,463.822,481.2559,529.7172,480.5927,429.1112,426.8808,436.2451,436.8412,424.1685
Ecuador,Manure Management,Emissions (CO2eq) (AR5),kilotonnes,,,,,,,,,,,420.3654,,383.81,,,,,,,,
Ecuador,Manure left on Pasture,Direct emissions (N2O),kilotonnes,6.4544,6.8365,7.119,7.0734,7.1881,7.0192,6.9141,6.5081,6.8432,7.2557,7.4546,7.3053,7.2393,7.1338,6.4395,5.8362,5.8166,5.8897,5.6978,5.977,6.0006
Ecuador,Manure left on Pasture,Indirect emissions (N2O),kilotonnes,1.4972,1.6454,1.638,1.6255,1.6518,1.6164,1.591,1.4961,1.5585,1.6483,1.69,1.651,1.6341,1.6076,1.4448,1.3019,1.2952,1.3062,1.2603,1.3265,1.3256
Ecuador,Manure left on Pasture,Emissions (N2O),kilotonnes,7.9515,8.482,8.757,8.6989,8.8399,8.6356,8.5051,8.0042,8.4016,8.9041,9.1446,8.9564,8.8734,8.7414,7.8843,7.1382,7.1118,7.1959,6.9581,7.3035,7.3262
Ecuador,Manure left on Pasture,Emissions (CO2eq) from N2O (AR5),kilotonnes,2107.1537,2247.7224,2320.5919,2305.2003,2342.5725,2288.4447,2253.8574,2121.1258,2226.4327,2359.574,2423.3145,2373.4438,2351.4455,2316.484,2089.3427,1891.6099,1884.6373,1906.9267,1843.8913,1935.4156,1941.4416
Ecuador,Manure left on Pasture,Emissions (CO2eq) (AR5),kilotonnes,2107.1537,2247.7224,2320.5919,2305.2003,2342.5725,2288.4447,2253.8574,2121.1258,2226.4327,2359.574,2423.3145,2373.4438,2351.4455,2316.484,2089.3427,1891.6099,1884.6373,1906.9267,1843.8913,1935.4156,1941.4416
Ecuador,Manure applied to Soils,Direct emissions (N2O),kilotonnes,1.2404,1.4658,1.3687,1.355,1.3634,1.2726,1.3408,1.1771,1.2934,1.4049,1.5698,1.507,1.3678,1.4703,1.538,1.4048,1.3114,1.2827,1.2975,1.3686,1.327
Ecuador,Manure applied to Soils,Indirect emissions (N2O),kilotonnes,0.5272,0.623,0.5817,0.5759,0.5794,0.5409,0.5698,0.5003,0.5497,0.5971,0.6672,0.6405,0.5813,0.6249,0.6536,0.597,0.5573,0.5451,0.5514,0.5816,0.564
Ecuador,Manure applied to Soils,Emissions (N2O),kilotonnes,1.7676,2.0888,1.9505,1.9308,1.9428,1.8135,1.9106,1.6774,1.8431,2.002,2.2369,2.1475,1.9491,2.0952,2.1916,2.0019,1.8687,1.8278,1.8489,1.9502,1.891
Ecuador,Manure applied to Soils,Emissions (CO2eq) from N2O (AR5),kilotonnes,468.408,553.5288,516.8718,511.6658,514.8519,480.5742,506.3173,444.4983,488.4163,530.5294,592.7834,569.0789,516.5037,555.2247,580.7772,530.4907,495.217,484.3794,489.951,516.8033,501.1165
Ecuador,Manure applied to Soils,Emissions (CO2eq) (AR5),kilotonnes,468.408,553.5288,516.8718,511.6658,514.8519,480.5742,506.3173,444.4983,488.4163,530.5294,592.7834,569.0789,516.5037,555.2247,580.7772,530.4907,495.217,484.3794,489.951,516.8033,501.1165
Ecuador,Synthetic Fertilizers,Direct emissions (N2O),kilotonnes,1.1251,3.5572,2.0792,1.8835,2.1314,1.8274,1.9842,1.8569,2.4574,2.377,2.5001,2.8064,2.7175,2.5373,2.7255,2.1783,3.0868,3.1522,3.4559,3.2719,3.2719
Ecuador,Synthetic Fertilizers,Indirect emissions (N2O),kilotonnes,0.3657,1.1561,0.6757,0.6121,0.6927,0.5939,0.6449,0.6035,0.7987,0.7725,0.8125,0.9121,0.8832,0.8246,0.8858,0.7079,1.0032,1.0245,1.1232,1.0634,1.0634
Ecuador,Synthetic Fertilizers,Emissions (N2O),kilotonnes,1.4908,4.7133,2.7549,2.4956,2.8241,2.4213,2.6291,2.4604,3.2561,3.1495,3.3126,3.7184,3.6007,3.362,3.6113,2.8862,4.0901,4.1767,4.5791,4.3353,4.3353
Ecuador,Synthetic Fertilizers,Emissions (CO2eq) from N2O (AR5),kilotonnes,395.0658,1249.0203,730.0496,661.3324,748.3738,641.6564,696.7062,652.013,862.8656,834.6096,877.8406,985.3801,954.1957,890.9177,957.0067,764.8465,1083.87,1106.8125,1213.4648,1148.8501,1148.8501
Ecuador,Synthetic Fertilizers,Emissions (CO2eq) (AR5),kilotonnes,395.0658,1249.0203,730.0496,661.3324,748.3738,641.6564,696.7062,652.013,862.8656,834.6096,877.8406,985.3801,954.1957,890.9177,957.0067,764.8465,1083.87,1106.8125,1213.4648,1148.8501,1148.8501
Ecuador,Drained organic soils,Emissions (CO2eq) (AR5),kilotonnes,17.2964,18.4193,18.4193,18.4193,84.7317,84.7317,84.7317,84.7317,84.7317,84.7317,84.7317,84.7317,84.7317,84.7317,84.7317,84.7317,84.7317,84.7317,84.7317,84.45,84.45
Ecuador,Drained organic soils (CO2),Emissions (CO2),kilotonnes,16.5996,17.6771,17.6771,17.6771,81.2958,81.2958,81.2958,81.2958,81.2958,81.2958,81.2958,81.2958,81.2958,81.2958,81.2958,81.2958,81.2958,81.2958,81.2958,81.0195,81.0195
Ecuador,Drained organic soils (CO2),Emissions (CO2eq) (AR5),kilotonnes,16.5996,17.6771,17.6771,17.6771,81.2958,81.2958,81.2958,81.2958,81.2958,81.2958,81.2958,81.2958,81.2958,81.2958,81.2958,81.2958,81.2958,81.2958,81.2958,81.0195,81.0195
Ecuador,Drained organic soils (N2O),Emissions (N2O),kilotonnes,0.0026,0.0028,0.0028,0.0028,0.013,0.013,0.013,0.013,0.013,0.013,0.013,0.013,0.013,0.013,0.013,0.013,0.013,0.013,0.013,0.0129,0.0129
Ecuador,Drained organic soils (N2O),Emissions (CO2eq) from N2O (AR5),kilotonnes,0.6968,0.7422,0.7422,0.7422,3.4359,3.4359,3.4359,3.4359,3.4359,3.4359,3.4359,3.4359,3.4359,3.4359,3.4359,3.4359,3.4359,3.4359,3.4359,3.4306,3.4306
Ecuador,Drained organic soils (N2O),Emissions (CO2eq) (AR5),kilotonnes,0.6968,0.7422,0.7422,0.7422,3.4359,3.4359,3.4359,3.4359,3.4359,3.4359,3.4359,3.4359,3.4359,3.4359,3.4359,3.4359,3.4359,3.4359,3.4359,3.4306,3.4306
Ecuador,On-farm energy use,Emissions (CH4),kilotonnes,0.1698,0.2199,0.2448,0.2528,0.2258,0.219,0.22,0.2431,0.2745,0.3003,0.3223,0.3528,0.3849,0.3878,0.4112,0.4033,0.3437,0.3732,0.3734,0.3658,0.3658
Ecuador,On-farm energy use,Emissions (N2O),kilotonnes,0.0302,0.0193,0.0157,0.0197,0.0171,0.0221,0.0177,0.0188,0.0201,0.0216,0.0236,0.0243,0.0265,0.0274,0.0304,0.0284,0.0252,0.027,0.0279,0.0274,0.0274
Ecuador,On-farm energy use,Emissions (CO2),kilotonnes,506.2524,525.5864,683.9368,708.0291,645.4374,613.9492,456.4386,452.1382,501.3317,543.9741,591.1741,639.0734,693.341,704.616,779.0924,727.8078,485.3325,546.6302,597.1939,560.8142,560.8142
Ecuador,On-farm energy use,Emissions (CO2eq) from CH4 (AR5),kilotonnes,4.7545,6.1568,6.8553,7.0794,6.3212,6.1317,6.1588,6.8079,7.6855,8.4074,9.0234,9.8787,10.7782,10.859,11.5129,11.2918,9.6233,10.4487,10.4545,10.2428,10.2428
Ecuador,On-farm energy use,Emissions (CO2eq) from N2O (AR5),kilotonnes,8.0107,5.1036,4.1699,5.2073,4.5399,5.8547,4.6858,4.9739,5.3286,5.7265,6.2655,6.4401,7.0291,7.2579,8.0517,7.5354,6.6674,7.1573,7.4026,7.2728,7.2728
Ecuador,On-farm energy use,Emissions (CO2eq) (AR5),kilotonnes,519.0176,536.8469,694.962,720.3158,656.2985,625.9356,467.2832,463.92,514.3458,558.108,606.463,655.3922,711.1484,722.7329,798.657,746.635,501.6231,564.2361,615.051,578.3298,578.3298
Ecuador,Forestland,Emissions (CO2),kilotonnes,-1042.183,-594.4333,-594.4333,-594.4333,-594.4333,-594.4333,-594.4333,-594.4333,-594.4333,-594.4333,-594.4333,-3409.3808,-3409.3808,-3409.3808,-3409.3808,-3409.3808,0,0,0,0,0
Ecuador,Forestland,Emissions (CO2eq) (AR5),kilotonnes,-1042.183,-594.4333,-594.4333,-594.4333,-594.4333,-594.4333,-594.4333,-594.4333,-594.4333,-594.4333,-594.4333,-3409.3808,-3409.3808,-3409.3808,-3409.3808,-3409.3808,0,0,0,0,0
Ecuador,Net Forest conversion,Emissions (CO2),kilotonnes,37579.7727,29052.2686,29052.2686,29052.2686,29052.2686,29052.2686,29052.2686,29052.2686,29052.2686,29052.2686,29052.2686,20347.6906,20347.6906,20347.6906,20347.6906,20347.6906,26042.4182,26042.4182,26042.4182,26042.4182,26042.4182
Ecuador,Net Forest conversion,Emissions (CO2),kilotonnes,52784.48,43418.126,43418.126,43418.126,43418.126,43418.126,43418.126,43418.126,43418.126,38586.447,38586.447,38586.447,38586.447,38586.447,38586.447,,,358.12,,,
Ecuador,Net Forest conversion,Emissions (CO2eq) (AR5),kilotonnes,37579.7727,29052.2686,29052.2686,29052.2686,29052.2686,29052.2686,29052.2686,29052.2686,29052.2686,29052.2686,29052.2686,20347.6906,20347.6906,20347.6906,20347.6906,20347.6906,26042.4182,26042.4182,26042.4182,26042.4182,26042.4182
Ecuador,Net Forest conversion,Emissions (CO2eq) (AR5),kilotonnes,52784.48,43418.126,43418.126,43418.126,43418.126,43418.126,43418.126,43418.126,43418.126,38586.447,38586.447,38586.447,38586.447,38586.447,38586.447,,,358.12,,,
Ecuador,Savanna fires,Emissions (CH4),kilotonnes,0.2914,0.2394,0.0498,0.2184,0.2956,0.5355,0.2281,0.3301,0.0453,0.4343,0.09,0.6542,0.4406,0.3683,0.1331,0.1973,0.9314,0.1798,0.2546,0.6744,0.541
Ecuador,Savanna fires,Emissions (N2O),kilotonnes,0.0266,0.0219,0.0045,0.0199,0.027,0.0489,0.0208,0.0301,0.0041,0.0397,0.0082,0.0597,0.0402,0.0336,0.0121,0.018,0.085,0.0164,0.0232,0.0616,0.0494
Ecuador,Savanna fires,Emissions (CO2eq) from CH4 (AR5),kilotonnes,8.1586,6.7025,1.3939,6.1143,8.276,14.9935,6.3881,9.2437,1.2677,12.1608,2.5189,18.3181,12.3366,10.3129,3.7257,5.5252,26.0784,5.033,7.1284,18.8828,15.1483
Ecuador,Savanna fires,Emissions (CO2eq) from N2O (AR5),kilotonnes,7.0501,5.7919,1.2045,5.2836,7.1515,12.9564,5.5201,7.9878,1.0954,10.5085,2.1767,15.8293,10.6604,8.9117,3.2195,4.7745,22.5351,4.3492,6.1599,16.3172,13.0901
Ecuador,Savanna fires,Emissions (CO2eq) (AR5),kilotonnes,15.2087,12.4944,2.5984,11.3979,15.4275,27.9499,11.9082,17.2315,2.3631,22.6694,4.6956,34.1474,22.997,19.2246,6.9451,10.2997,48.6135,9.3822,13.2882,35.2,28.2384
Ecuador,Fires in organic soils,Emissions (CH4),kilotonnes,0,0,0,0,0,0,0,0,0,0,0,0,0,0,0,0,0,0,0,0,0
Ecuador,Fires in organic soils,Emissions (CO2),kilotonnes,0,0,0,0,0,0,0,0,0,0,0,0,0,0,0,0,0,0,0,0,0
Ecuador,Fires in organic soils,Emissions (CO2eq) from CH4 (AR5),kilotonnes,0,0,0,0,0,0,0,0,0,0,0,0,0,0,0,0,0,0,0,0,0
Ecuador,Fires in organic soils,Emissions (CO2eq) (AR5),kilotonnes,0,0,0,0,0,0,0,0,0,0,0,0,0,0,0,0,0,0,0,0,0
Ecuador,Forest fires,Emissions (CH4),kilotonnes,0.0482,0.3352,0.0844,0.045,0.0471,0.3973,0.0772,0.309,0.0105,0.1145,0.1531,0.0393,0.7305,0.0303,0.1173,0.3658,0.2158,0.0322,0.1819,0.4264,0.2621
Ecuador,Forest fires,Emissions (N2O),kilotonnes,0.0014,0.0306,0.0077,0.0041,0.0043,0.0363,0.0071,0.0282,0.001,0.0105,0.014,0.0036,0.0667,0.0028,0.0107,0.0334,0.0197,0.0029,0.0166,0.0389,0.0239
Ecuador,Forest fires,Emissions (CO2eq) from CH4 (AR5),kilotonnes,1.3507,9.3843,2.3634,1.2587,1.3198,11.1257,2.1624,8.6523,0.2927,3.2061,4.2878,1.1015,20.4536,0.8477,3.2855,10.242,6.0418,0.9018,5.0942,11.9378,7.3394
Ecuador,Forest fires,Emissions (CO2eq) from N2O (AR5),kilotonnes,0.3789,8.1092,2.0423,1.0877,1.1405,9.6141,1.8686,7.4767,0.253,2.7705,3.7052,0.9519,17.6746,0.7325,2.8391,8.8504,5.2209,0.7792,4.4021,10.3159,6.3422
Ecuador,Forest fires,Emissions (CO2eq) (AR5),kilotonnes,1.7297,17.4935,4.4057,2.3465,2.4603,20.7398,4.0309,16.129,0.5457,5.9765,7.993,2.0534,38.1282,1.5801,6.1247,19.0925,11.2627,1.681,9.4963,22.2537,13.6817
Ecuador,Fires in humid tropical forests,Emissions (CH4),kilotonnes,0.02,0.0106,0.0027,0.0053,0.0372,0.0505,0.0425,0.0266,0.008,0.008,0.1383,0.0319,0.0319,0.008,0.0133,0.0239,0.0399,0,0.016,0.0399,0.0292
Ecuador,Fires in humid tropical forests,Emissions (N2O),kilotonnes,0.0006,0.001,0.0002,0.0005,0.0034,0.0046,0.0039,0.0024,0.0007,0.0007,0.0126,0.0029,0.0029,0.0007,0.0012,0.0022,0.0036,0,0.0015,0.0036,0.0027
Ecuador,Fires in humid tropical forests,Emissions (CO2eq) from CH4 (AR5),kilotonnes,0.5592,0.2978,0.0745,0.1489,1.0424,1.4146,1.1913,0.7445,0.2234,0.2234,3.8716,0.8935,0.8934,0.2234,0.3723,0.6701,1.1168,0,0.4467,1.1168,0.819
Ecuador,Fires in humid tropical forests,Emissions (CO2eq) from N2O (AR5),kilotonnes,0.1556,0.2574,0.0643,0.1287,0.9007,1.2224,1.0294,0.6434,0.193,0.193,3.3456,0.7721,0.7721,0.193,0.3217,0.579,0.9651,0,0.386,0.9651,0.7077
Ecuador,Fires in humid tropical forests,Emissions (CO2eq) (AR5),kilotonnes,0.7148,0.5552,0.1388,0.2776,1.9431,2.637,2.2207,1.3879,0.4164,0.4164,7.2172,1.6655,1.6655,0.4164,0.694,1.2491,2.0819,0,0.8328,2.0819,1.5267
Ecuador,Waste - agri-food systems,Emissions (CH4),kilotonnes,135.1794,136.2728,136.6265,137.0002,138.3301,139.0411,140.3927,141.4908,142.556,142.4187,148.9219,145.0563,145.7891,146.3794,146.0128,145.7441,161.9282,161.2776,160.7517,160.0586,159.1984
Ecuador,Waste - agri-food systems,Emissions (N2O),kilotonnes,0.2596,0.2654,0.257,0.2616,0.2717,0.2755,0.2935,0.3014,0.3166,0.3123,0.3316,0.3496,0.3356,0.3429,0.3702,0.3754,0.3825,0.3898,0.4029,0.4149,0.4264
Ecuador,Waste - agri-food systems,Emissions (CO2),kilotonnes,1.2847,1.3004,1.3088,1.3157,1.3223,1.3291,1.3357,1.3403,1.3508,1.3514,1.3572,1.3643,1.37,1.3742,1.3779,1.3766,1.3769,1.3792,1.3809,1.3812,1.3766
Ecuador,Waste - agri-food systems,Emissions (CO2eq) from CH4 (AR5),kilotonnes,3785.0222,3815.6385,3825.5415,3836.0055,3873.2416,3893.1505,3930.9966,3961.7414,3991.5674,3987.7233,4169.8129,4061.5772,4082.0941,4098.6244,4088.3595,4080.8341,4533.9901,4515.7731,4501.0488,4481.6403,4457.5561
Ecuador,Waste - agri-food systems,Emissions (CO2eq) from N2O (AR5),kilotonnes,68.8036,70.32,68.0981,69.331,72.0029,73.0084,77.7814,79.8827,83.8937,82.7498,87.8819,92.6311,88.9396,90.8747,98.1101,99.4851,101.3574,103.3073,106.7694,109.9419,113.0069
Ecuador,Waste - agri-food systems,Emissions (CO2eq) (AR5),kilotonnes,3855.1105,3887.2589,3894.9484,3906.6522,3946.5667,3967.488,4010.1136,4042.9645,4076.8118,4071.8246,4259.052,4155.5726,4172.4037,4190.8733,4187.8475,4181.6958,4636.7244,4620.4596,4609.1991,4592.9634,4571.9396
Ecuador,On-farm electricity use,Emissions (CH4),kilotonnes,2.3771,2.4803,2.5919,2.9759,3.2975,3.7114,3.9951,4.2787,4.6079,5.1562,5.6517,6.1258,6.5712,6.8918,7.3421,7.7354,7.9032,8.2235,8.5447,8.7852,8.7852
Ecuador,On-farm electricity use,Emissions (N2O),kilotonnes,0.0127,0.0132,0.0138,0.0159,0.0176,0.0198,0.0213,0.0228,0.0246,0.0275,0.0302,0.0327,0.0351,0.0368,0.0392,0.0413,0.0421,0.0439,0.0456,0.0469,0.0469
Ecuador,On-farm electricity use,Emissions (CO2),kilotonnes,426.4374,562.5661,579.4507,653.1921,776.9954,1156.9611,1245.3987,1333.7829,1436.4219,1607.3621,1761.8232,1909.59,2048.4489,2148.393,2288.7683,2411.3865,2463.6716,2563.5366,2663.653,2738.6299,2738.6299
Ecuador,On-farm electricity use,Emissions (CO2eq) from CH4 (AR5),kilotonnes,66.5588,69.4484,72.5732,83.3252,92.33,103.9192,111.8628,119.8036,129.0212,144.3736,158.2476,171.5224,183.9936,192.9704,205.5788,216.5912,221.2896,230.258,239.2516,245.9856,245.9856
Ecuador,On-farm electricity use,Emissions (CO2eq) from N2O (AR5),kilotonnes,3.3655,3.498,3.657,4.2135,4.664,5.247,5.6445,6.042,6.519,7.2875,8.003,8.6655,9.3015,9.752,10.388,10.9445,11.1565,11.6335,12.084,12.4285,12.4285
Ecuador,On-farm electricity use,Emissions (CO2eq) (AR5),kilotonnes,496.3617,635.5125,655.6809,740.7308,873.9894,1266.1273,1362.906,1459.6285,1571.9621,1759.0232,1928.0738,2089.7779,2241.744,2351.1154,2504.7351,2638.9222,2696.1177,2805.4281,2914.9886,2997.044,2997.044
Ecuador,Food Processing,Emissions (CH4),kilotonnes,0.8563,0.9159,0.5888,0.6616,0.6873,9.8447,9.0763,0.7346,1.8408,1.8457,1.9583,2.0747,1.4064,0.6479,0.5886,0.5826,1.7687,1.7229,1.5965,1.7277,1.7651
Ecuador,Food Processing,Emissions (N2O),kilotonnes,0.0014,0.0016,0.0014,0.0015,0.0016,0.004,0.004,0.0025,0.0051,0.005,0.006,0.006,0.004,0.0066,0.0058,0.0055,0.0054,0.0065,0.0064,0.006,0.0062
Ecuador,Food Processing,Emissions (CO2),kilotonnes,292.444,345.6212,310.4123,346.8915,389.7988,709.9039,675.4196,560.0816,596.0592,761.1374,816.9812,767.8832,495.6521,833.206,784.3865,732.1022,658.4949,739.8995,756.4557,716.3576,583.1655
Ecuador,Food Processing,Emissions (CO2eq) from CH4 (AR5),kilotonnes,23.9764,25.6452,16.4864,18.5248,19.2444,275.6516,254.1364,20.5688,51.5424,51.6796,54.8324,58.0916,39.3792,18.1412,16.4808,16.3128,49.5236,48.2412,44.702,48.3756,49.424
Ecuador,Food Processing,Emissions (CO2eq) from N2O (AR5),kilotonnes,0.371,0.424,0.371,0.3975,0.424,1.06,1.06,0.6625,1.3515,1.325,1.59,1.59,1.06,1.749,1.537,1.4575,1.431,1.7225,1.696,1.59,1.6301
Ecuador,Food Processing,Emissions (CO2eq) (AR5),kilotonnes,316.7914,371.6904,327.2697,365.8138,409.4672,986.6155,930.616,581.3129,648.9531,814.142,873.4036,827.5648,536.0913,853.0962,802.4043,749.8725,709.4495,789.8632,802.8537,766.3232,634.2196
Ecuador,Food Packaging,Emissions (CH4),kilotonnes,0.2364,0.2758,0.2891,0.3175,0.3583,0.3713,0.4892,0.5752,0.6169,0.686,0.681,0.7704,0.9495,0.9542,0.9106,0.9525,1.1504,1.0385,1.1717,1.0788,1.1022
Ecuador,Food Packaging,Emissions (N2O),kilotonnes,0.0005,0.0005,0.0006,0.0005,0.0006,0.0005,0.0007,0.0008,0.0007,0.0007,0.0007,0.0008,0.0008,0.0011,0.0011,0.0011,0.0011,0.0011,0.0013,0.0011,0.0011
Ecuador,Food Packaging,Emissions (CO2),kilotonnes,40.3474,43.6426,50.2788,54.0132,59.3035,58.9568,64.4066,89.0129,79.0427,101.0996,90.6803,97.6095,131.1424,144.8665,143.4488,128.1951,132.5219,140.9248,162.0098,145.6701,118.5857
Ecuador,Food Packaging,Emissions (CO2eq) from CH4 (AR5),kilotonnes,6.6192,7.7224,8.0948,8.89,10.0324,10.3964,13.6976,16.1056,17.2732,19.208,19.068,21.5712,26.586,26.7176,25.4968,26.67,32.2112,29.078,32.8076,30.2064,30.861
Ecuador,Food Packaging,Emissions (CO2eq) from N2O (AR5),kilotonnes,0.1325,0.1325,0.159,0.1325,0.159,0.1325,0.1855,0.212,0.1855,0.1855,0.1855,0.212,0.212,0.2915,0.2915,0.2915,0.2915,0.2915,0.3445,0.2915,0.2989
Ecuador,Food Packaging,Emissions (CO2eq) (AR5),kilotonnes,47.0991,51.4975,58.5326,63.0357,69.4949,69.4857,78.2897,105.3305,96.5014,120.4931,109.9338,119.3927,157.9404,171.8756,169.2371,155.1566,165.0246,170.2943,195.1619,176.168,149.7456
Ecuador,Food Retail,Emissions (CH4),kilotonnes,0.4016,0.4185,0.391,0.4185,0.4396,0.465,0.7647,0.6828,0.7297,0.7693,0.8008,0.8819,0.9476,1.0222,1.1046,1.1621,1.1399,1.1609,1.5909,1.3044,1.3327
Ecuador,Food Retail,Emissions (N2O),kilotonnes,0.0024,0.0025,0.0025,0.0025,0.0026,0.0027,0.0047,0.0047,0.005,0.0053,0.0055,0.006,0.0065,0.0069,0.0074,0.0077,0.0076,0.0077,0.0102,0.0089,0.0091
Ecuador,Food Retail,Emissions (CO2),kilotonnes,101.4248,113.9155,120.4107,131.9022,141.8948,148.39,321.9733,361.9007,388.5848,403.9516,421.9609,456.0994,501.4246,526.0968,559.6082,573.4156,563.9893,576.8898,735.0325,680.4502,553.9343
Ecuador,Food Retail,Emissions (CO2eq) from F-gases (AR5),kilotonnes,24.4165,31.6895,38.443,50.3915,60.7815,68.574,77.4055,85.7175,87.276,87.7955,87.7955,88.315,88.315,88.315,88.315,88.315,96.1075,98.1855,100.2635,102.3415,107.1893
Ecuador,Food Retail,Emissions (CO2eq) from CH4 (AR5),kilotonnes,11.2438,11.7172,10.9479,11.7172,12.309,13.0192,21.4116,19.1184,20.4316,21.5404,22.4224,24.6932,26.5328,28.6216,30.9288,32.5388,31.9172,32.5052,44.5452,36.5232,37.3147
Ecuador,Food Retail,Emissions (CO2eq) from N2O (AR5),kilotonnes,0.6312,0.6616,0.6602,0.6631,0.6804,0.7181,1.2455,1.2455,1.325,1.4045,1.4575,1.59,1.7225,1.8285,1.961,2.0405,2.014,2.0405,2.703,2.3585,2.418
Ecuador,Food Retail,Emissions (CO2eq) (AR5),kilotonnes,137.7163,157.9839,170.4618,194.674,215.6657,230.7012,422.0359,467.9821,497.6174,514.692,533.6363,570.6976,617.9949,644.8619,680.813,696.3099,694.028,709.621,882.5442,821.6734,700.8563
Ecuador,Food Household Consumption,Emissions (CH4),kilotonnes,1.2767,1.3269,1.4103,1.4881,1.6039,1.6927,1.7794,1.8428,1.9715,2.0993,2.2944,2.4001,2.5237,2.6363,2.8496,3.0962,3.1725,3.2572,3.3069,3.4195,3.4936
Ecuador,Food Household Consumption,Emissions (N2O),kilotonnes,0.0076,0.0078,0.0083,0.0088,0.0095,0.0101,0.0106,0.0106,0.0113,0.012,0.0131,0.0137,0.0144,0.015,0.0162,0.0175,0.0179,0.0183,0.0187,0.0193,0.0198
Ecuador,Food Household Consumption,Emissions (CO2),kilotonnes,861.7045,938.7727,1002.3348,1046.9936,1198.753,1441.0408,1491.4166,1213.7467,1278.7891,1344.5536,1428.9372,1488.5893,1552.682,1613.9864,1707.5994,1785.6003,1796.1033,1824.5163,1901.6104,1964.2736,1599.0569
Ecuador,Food Household Consumption,Emissions (CO2eq) from CH4 (AR5),kilotonnes,35.7476,37.1532,39.4884,41.6668,44.9092,47.3956,49.8232,51.5984,55.202,58.7804,64.2432,67.2028,70.6636,73.8164,79.7888,86.6936,88.83,91.2016,92.5932,95.746,97.821
Ecuador,Food Household Consumption,Emissions (CO2eq) from N2O (AR5),kilotonnes,2.014,2.067,2.1995,2.332,2.5175,2.6765,2.809,2.809,2.9945,3.18,3.4715,3.6305,3.816,3.975,4.293,4.6375,4.7435,4.8495,4.9555,5.1145,5.2436
Ecuador,Food Household Consumption,Emissions (CO2eq) (AR5),kilotonnes,899.4661,977.9929,1044.0227,1090.9924,1246.1797,1491.1129,1544.0488,1268.1541,1336.9856,1406.514,1496.6519,1559.4226,1627.1616,1691.7778,1791.6812,1876.9314,1889.6768,1920.5674,1999.1591,2065.1341,1702.1214
Ecuador,Food Transport,Emissions (CH4),kilotonnes,0.1834,0.1745,0.1756,0.1713,0.1518,0.1542,0.1565,0.1511,0.1491,0.158,0.2133,0.2271,0.238,0.2502,0.265,0.285,0.296,0.3154,0.3345,0.2653,0.271
Ecuador,Food Transport,Emissions (N2O),kilotonnes,0.0203,0.0221,0.0232,0.024,0.0232,0.0246,0.025,0.0246,0.0243,0.0254,0.033,0.0348,0.0363,0.0385,0.0409,0.0438,0.0454,0.049,0.052,0.0434,0.0445
Ecuador,Food Transport,Emissions (CO2),kilotonnes,941.6825,940.5625,968.4825,975.9769,1003.9369,1047.5569,1073.2969,1077.86,1079.82,1126.16,1357.3,1397.005,1450.2,1550.075,1665.11,1744.77,1809.33,2015.44,2140.865,1777.2704,1446.8231
Ecuador,Food Transport,Emissions (CO2eq) from CH4 (AR5),kilotonnes,5.1352,4.886,4.9168,4.7964,4.2504,4.3176,4.382,4.2308,4.1748,4.424,5.9724,6.3588,6.664,7.0056,7.42,7.98,8.288,8.8312,9.366,7.4284,7.5894
Ecuador,Food Transport,Emissions (CO2eq) from N2O (AR5),kilotonnes,5.3795,5.8565,6.148,6.36,6.148,6.519,6.625,6.519,6.4395,6.731,8.745,9.222,9.6195,10.2025,10.8385,11.607,12.031,12.985,13.78,11.501,11.7912
Ecuador,Food Transport,Emissions (CO2eq) (AR5),kilotonnes,952.1972,951.305,979.5473,987.1333,1014.3353,1058.3935,1084.3039,1088.6098,1090.4343,1137.315,1372.0174,1412.5858,1466.4835,1567.2831,1683.3685,1764.357,1829.649,2037.2562,2164.011,1796.1998,1466.2037
Ecuador,Energy,Emissions (CH4),kilotonnes,190,198,185,198,208,220,219,220,230,242,265,272,276,289,303,298,303,293,296,323,330
Ecuador,Energy,Emissions (N2O),kilotonnes,0.436,0.457,0.456,0.458,0.47,0.496,0.507,0.53,0.498,0.505,0.589,0.608,0.605,0.626,0.683,0.696,0.691,0.707,0.73,0.753,0.772
Ecuador,Energy,Emissions (CO2),kilotonnes,20300,22800,24100,26400,28400,29700,28500,33200,28900,32300,35000,37200,35600,37600,41800,39700,38900,38500,41100,39800,32400
Ecuador,Energy,Emissions (CO2eq) from CH4 (AR5),kilotonnes,5320,5544,5180,5544,5824,6160,6132,6160,6440,6776,7420,7616,7728,8092,8484,8344,8484,8204,8288,9044,9240
Ecuador,Energy,Emissions (CO2eq) from N2O (AR5),kilotonnes,115.54,121.105,120.84,121.37,124.55,131.44,134.355,140.45,131.97,133.825,156.085,161.12,160.325,165.89,180.995,184.44,183.115,187.355,193.45,199.545,204.58
Ecuador,Energy,Emissions (CO2eq) (AR5),kilotonnes,25735.54,28465.105,29400.84,32065.37,34348.55,35991.44,34766.355,39500.45,35471.97,39209.825,42576.085,44977.12,43488.325,45857.89,50464.995,48228.44,47567.115,46891.355,49581.45,49043.545,41844.58
Ecuador,IPPU,Emissions (CH4),kilotonnes,0.0001,0.0001,0.0001,0.0001,0.0001,0.0001,0.0001,0.0001,0.0001,0.0001,0.0001,0.0001,0.0001,0.0001,0.0001,0.0001,0.0001,0.0001,0.0001,0.0001,0.0001
Ecuador,IPPU,Emissions (N2O),kilotonnes,0.0379,0.0386,0.0392,0.0399,0.0405,0.0412,0.0419,0.0426,0.0434,0.0441,0.0448,0.0455,0.0463,0.047,0.0477,0.0484,0.0492,0.0499,0.0506,0.0513,0.0521
Ecuador,IPPU,Emissions (CO2),kilotonnes,1380,1430,1470,1500,1620,1700,1870,1970,2380,2270,2250,2420,2520,2790,2780,2490,2370,2420,2450,2670,2670
Ecuador,IPPU,Emissions (CO2eq) from F-gases (AR5),kilotonnes,21.573,28.6668,36.2464,44.0205,57.4307,69.5776,77.9347,87.7494,97.1755,106.893,115.6388,118.5541,127.2999,135.0739,143.8197,151.5937,160.3395,168.1135,176.8593,184.6334,193.3792
Ecuador,IPPU,Emissions (CO2eq) from CH4 (AR5),kilotonnes,0.0023,0.0023,0.0024,0.0024,0.0025,0.0025,0.0026,0.0026,0.0026,0.0027,0.0027,0.0028,0.0028,0.0029,0.0029,0.003,0.003,0.0031,0.0031,0.0032,0.0032
Ecuador,IPPU,Emissions (CO2eq) from N2O (AR5),kilotonnes,10.0435,10.229,10.388,10.5735,10.7325,10.918,11.1035,11.289,11.501,11.6865,11.872,12.0575,12.2695,12.455,12.6405,12.826,13.038,13.2235,13.409,13.5945,13.8065
Ecuador,IPPU,Emissions (CO2eq) (AR5),kilotonnes,1411.6187,1468.8981,1516.6368,1554.5964,1688.1657,1780.4981,1959.0408,2069.041,2488.6791,2388.5822,2377.5135,2550.6143,2659.5722,2937.5318,2936.4631,2654.4227,2543.3805,2601.3401,2640.2714,2868.231,2877.1889
Ecuador,Waste,Emissions (CH4),kilotonnes,156,160,164,168,173,177,181,186,175,177,182,187,190,195,199,203,205,208,211,211,214
Ecuador,Waste,Emissions (N2O),kilotonnes,0.445,0.453,0.461,0.461,0.465,0.476,0.493,0.51,0.535,0.549,0.568,0.586,0.6,0.609,0.635,0.669,0.696,0.696,0.705,0.732,0.75
Ecuador,Waste,Emissions (CO2),kilotonnes,3.07,3.14,3.21,3.27,3.34,3.42,3.48,3.55,3.63,3.7,3.77,3.84,3.91,3.98,4.05,4.12,4.2,4.27,4.34,4.41,4.48
Ecuador,Waste,Emissions (CO2eq) from CH4 (AR5),kilotonnes,4368,4480,4592,4704,4844,4956,5068,5208,4900,4956,5096,5236,5320,5460,5572,5684,5740,5824,5908,5908,5992
Ecuador,Waste,Emissions (CO2eq) from N2O (AR5),kilotonnes,117.925,120.045,122.165,122.165,123.225,126.14,130.645,135.15,141.775,145.485,150.52,155.29,159,161.385,168.275,177.285,184.44,184.44,186.825,193.98,198.75
Ecuador,Waste,Emissions (CO2eq) (AR5),kilotonnes,4488.995,4603.185,4717.375,4829.435,4970.565,5085.56,5202.125,5346.7,5045.405,5105.185,5250.29,5395.13,5482.91,5625.365,5744.325,5865.405,5928.64,6012.71,6099.165,6106.39,6195.23
Ecuador,Other,Emissions (N2O),kilotonnes,0.723,0.739,0.741,0.711,0.783,0.826,0.89,0.949,0.903,0.955,1.15,1.14,1.16,1.24,1.33,1.34,1.32,1.29,1.35,1.46,1.5
Ecuador,Other,Emissions (CO2eq) from N2O (AR5),kilotonnes,191.595,195.835,196.365,188.415,207.495,218.89,235.85,251.485,239.295,253.075,304.75,302.1,307.4,328.6,352.45,355.1,349.8,341.85,357.75,386.9,397.5
Ecuador,Other,Emissions (CO2eq) (AR5),kilotonnes,191.595,195.835,196.365,188.415,207.495,218.89,235.85,251.485,239.295,253.075,304.75,302.1,307.4,328.6,352.45,355.1,349.8,341.85,357.75,386.9,397.5
Ecuador,Farm-gate emissions,Emissions (CH4),kilotonnes,365.0842,392.7069,404.5014,399.6448,419.6912,402.7246,403.0742,391.0131,390.92,418.5727,423.3421,416.2506,414.884,415.4644,371.5832,344.8399,343.1934,343.2261,322.2334,331.4514,343.2184
Ecuador,Farm-gate emissions,Direct emissions (N2O),kilotonnes,9.2321,12.2579,11.0152,10.7551,11.2169,10.5855,10.6905,10.064,11.0462,11.5242,12.0499,12.1067,11.8601,11.6691,11.2444,10.0153,10.7002,10.7925,10.9141,11.0558,11.0663
Ecuador,Farm-gate emissions,Indirect emissions (N2O),kilotonnes,2.4828,3.5141,2.9963,2.9132,3.044,2.8561,2.9073,2.7173,3.0086,3.1274,3.2879,3.3134,3.2191,3.1759,3.1061,2.741,2.965,2.9811,3.039,3.0701,3.058
Ecuador,Farm-gate emissions,Emissions (N2O),kilotonnes,12.5321,16.5833,14.8065,14.4731,15.0579,14.2315,14.4852,13.5115,14.7635,15.5023,16.2466,16.4059,15.8754,15.6829,15.3493,13.667,14.493,14.5278,14.7536,14.9418,14.901
Ecuador,Farm-gate emissions,Emissions (CO2),kilotonnes,522.8519,543.2636,701.6139,725.7062,726.7332,695.2451,537.7344,533.434,582.6276,625.27,672.4699,720.3692,774.6369,785.9118,860.3883,809.1037,566.6283,627.926,678.4898,641.8337,641.8337
Ecuador,Farm-gate emissions,Emissions (CO2eq) from CH4 (AR5),kilotonnes,10222.3589,10995.7933,11326.0393,11190.0545,11751.3541,11276.2877,11286.0778,10948.3655,10945.7599,11720.0355,11853.5778,11655.0157,11616.7528,11633.0039,10404.3285,9655.5179,9609.416,9610.3311,9022.534,9280.6398,9610.1147
Ecuador,Farm-gate emissions,Emissions (CO2eq) from N2O (AR5),kilotonnes,3320.9986,4394.5726,3923.7226,3835.3637,3990.3543,3771.3345,3838.5691,3580.5474,3912.3361,4108.1227,4305.3445,4347.57,4206.9685,4155.9557,4067.5587,3621.7531,3840.6486,3849.8752,3909.7018,3959.5667,3948.7733
Ecuador,Farm-gate emissions,Emissions (CO2eq) (AR5),kilotonnes,14066.2094,15933.6295,15951.3758,15751.1243,16468.4416,15742.8673,15662.3813,15062.347,15440.7235,16453.4282,16831.3923,16722.9549,16598.3581,16574.8714,15332.2755,14086.3747,14016.693,14088.1323,13610.7257,13882.0402,14200.7217
Ecuador,Land Use change,Emissions (CH4),kilotonnes,0.02,0.0106,0.0027,0.0053,0.0372,0.0505,0.0425,0.0266,0.008,0.008,0.1383,0.0319,0.0319,0.008,0.0133,0.0239,0.0399,0,0.016,0.0399,0.0292
Ecuador,Land Use change,Emissions (N2O),kilotonnes,0.0006,0.001,0.0002,0.0005,0.0034,0.0046,0.0039,0.0024,0.0007,0.0007,0.0126,0.0029,0.0029,0.0007,0.0012,0.0022,0.0036,0,0.0015,0.0036,0.0027
Ecuador,Land Use change,Emissions (CO2),kilotonnes,37579.7727,29052.2686,29052.2686,29052.2686,29052.2686,29052.2686,29052.2686,29052.2686,29052.2686,29052.2686,29052.2686,20347.6906,20347.6906,20347.6906,20347.6906,20347.6906,26042.4182,26042.4182,26042.4182,26042.4182,26042.4182
Ecuador,Land Use change,Emissions (CO2eq) from CH4 (AR5),kilotonnes,0.5592,0.2978,0.0745,0.1489,1.0424,1.4146,1.1913,0.7445,0.2234,0.2234,3.8716,0.8935,0.8934,0.2234,0.3723,0.6701,1.1168,0,0.4467,1.1168,0.819
Ecuador,Land Use change,Emissions (CO2eq) from N2O (AR5),kilotonnes,0.1556,0.2574,0.0643,0.1287,0.9007,1.2224,1.0294,0.6434,0.193,0.193,3.3456,0.7721,0.7721,0.193,0.3217,0.579,0.9651,0,0.386,0.9651,0.7077
Ecuador,Land Use change,Emissions (CO2eq) (AR5),kilotonnes,37580.4875,29052.8238,29052.4074,29052.5462,29054.2117,29054.9056,29054.4893,29053.6565,29052.685,29052.685,29059.4857,20349.3561,20349.3561,20348.107,20348.3845,20348.9397,26044.5001,26042.4182,26043.251,26044.5001,26043.9449
Ecuador,Emissions on agricultural land,Emissions (CH4),kilotonnes,365.1042,392.7175,404.5041,399.6501,419.7284,402.7751,403.1168,391.0396,390.928,418.5807,423.4803,416.2825,414.9159,415.4724,371.5965,344.8639,343.2333,343.2261,322.2493,331.4913,343.2476
Ecuador,Emissions on agricultural land,Emissions (N2O),kilotonnes,12.5327,16.5843,14.8067,14.4736,15.0613,14.2361,14.4891,13.5139,14.7643,15.5031,16.2592,16.4088,15.8783,15.6836,15.3505,13.6692,14.4967,14.5278,14.755,14.9454,14.9037
Ecuador,Emissions on agricultural land,Emissions (CO2),kilotonnes,38102.6247,29595.5322,29753.8825,29777.9748,29779.0018,29747.5137,29590.003,29585.7026,29634.8962,29677.5385,29724.7385,21068.0598,21122.3274,21133.6024,21208.0789,21156.7943,26609.0466,26670.3443,26720.908,26684.2519,26684.2519
Ecuador,Emissions on agricultural land,Emissions (CO2eq) from CH4 (AR5),kilotonnes,10222.9181,10996.0911,11326.1137,11190.2034,11752.3965,11277.7023,11287.269,10949.1101,10945.9832,11720.2589,11857.4494,11655.9091,11617.6462,11633.2273,10404.7008,9656.188,9610.5329,9610.3311,9022.9808,9281.7566,9610.9337
Ecuador,Emissions on agricultural land,Emissions (CO2eq) from N2O (AR5),kilotonnes,3321.1541,4394.83,3923.787,3835.4924,3991.255,3772.5569,3839.5985,3581.1908,3912.5291,4108.3157,4308.6901,4348.3421,4207.7405,4156.1487,4067.8804,3622.3321,3841.6137,3849.8752,3910.0879,3960.5318,3949.481
Ecuador,Emissions on agricultural land,Emissions (CO2eq) (AR5),kilotonnes,51646.697,44986.4532,45003.7832,44803.6705,45522.6533,44797.7729,44716.8706,44116.0035,44493.4085,45506.1132,45890.878,37072.311,36947.7142,36922.9784,35680.6601,34435.3144,40061.1931,40130.5506,39653.9766,39926.5403,40244.6666
Ecuador,Pre- and post- production,Emissions (CH4),kilotonnes,140.5108,141.8647,142.0732,143.0331,144.8685,155.2804,156.6539,149.756,152.4719,153.1332,160.5214,157.5363,158.4255,158.782,159.0733,159.5579,177.3589,176.996,177.2969,176.6395,175.9483
Ecuador,Pre- and post- production,Emissions (N2O),kilotonnes,0.3045,0.3131,0.3068,0.3148,0.3268,0.3372,0.3598,0.3674,0.3876,0.3882,0.4201,0.4436,0.4327,0.4478,0.4808,0.4923,0.502,0.5163,0.5371,0.5405,0.554
Ecuador,Pre- and post- production,Emissions (CO2),kilotonnes,2665.3253,2946.381,3032.6786,3210.2852,3572.0047,4564.1386,4873.2474,4637.7251,4860.0685,5345.6157,5879.04,6118.1407,6180.92,6817.9979,7150.2991,7376.8463,7425.4879,7862.5862,8361.0073,8024.033,7041.572
Ecuador,Pre- and post- production,Emissions (CO2eq) from F-gases (AR5),kilotonnes,24.4165,31.6895,38.443,50.3915,60.7815,68.574,77.4055,85.7175,87.276,87.7955,87.7955,88.315,88.315,88.315,88.315,88.315,96.1075,98.1855,100.2635,102.3415,107.1893
Ecuador,Pre- and post- production,Emissions (CO2eq) from CH4 (AR5),kilotonnes,3934.3033,3972.211,3978.049,4004.9259,4056.317,4347.85,4386.3102,4193.167,4269.2126,4287.7293,4494.5989,4411.0172,4435.9133,4445.8972,4454.0535,4467.6205,4966.0497,4955.8883,4964.3144,4945.9055,4926.5519
Ecuador,Pre- and post- production,Emissions (CO2eq) from N2O (AR5),kilotonnes,80.6973,82.9596,81.2928,83.4295,86.5958,89.3615,95.3509,97.3727,102.7087,102.8633,111.3344,117.5411,114.6711,118.6732,127.4191,130.4636,133.0249,136.8298,142.3324,143.2259,146.8171
Ecuador,Pre- and post- production,Emissions (CO2eq) (AR5),kilotonnes,6704.7423,7033.2411,7130.4634,7349.0322,7775.699,9069.9241,9432.3139,9013.9824,9319.2657,9824.0039,10572.7688,10735.014,10819.8194,11470.8833,11820.0867,12063.2454,12620.67,13053.4898,13567.9176,13215.5059,12222.1303
Ecuador,Agri-food systems,Emissions (CH4),kilotonnes,505.615,534.5822,546.5772,542.6832,564.5969,558.0554,559.7707,540.7956,543.3998,571.7139,584.0017,573.8188,573.3414,574.2544,530.6698,504.4217,520.5922,520.2221,499.5463,508.1308,519.1959
Ecuador,Agri-food systems,Emissions (N2O),kilotonnes,12.8372,16.8973,15.1135,14.7884,15.3881,14.5733,14.8489,13.8814,15.1518,15.8912,16.6793,16.8524,16.311,16.1314,15.8313,14.1615,14.9986,15.0442,15.2922,15.4859,15.4577
Ecuador,Agri-food systems,Emissions (CO2),kilotonnes,40767.95,32541.9132,32786.5611,32988.26,33351.0065,34311.6523,34463.2504,34223.4278,34494.9646,35023.1543,35603.7785,27186.2006,27303.2474,27951.6004,28358.3779,28533.6405,34034.5345,34532.9305,35081.9153,34708.2849,33725.824
Ecuador,Agri-food systems,Emissions (CO2eq) from F-gases (AR5),kilotonnes,24.4165,31.6895,38.443,50.3915,60.7815,68.574,77.4055,85.7175,87.276,87.7955,87.7955,88.315,88.315,88.315,88.315,88.315,96.1075,98.1855,100.2635,102.3415,107.1893
Ecuador,Agri-food systems,Emissions (CO2eq) from CH4 (AR5),kilotonnes,14157.2214,14968.3021,15304.1628,15195.1293,15808.7135,15625.5524,15673.5792,15142.2771,15215.1958,16007.9882,16352.0483,16066.9263,16053.5595,16079.1244,14858.7543,14123.8085,14576.5826,14566.2194,13987.2952,14227.6621,14537.4855
Ecuador,Agri-food systems,Emissions (CO2eq) from N2O (AR5),kilotonnes,3401.8514,4477.7895,4005.0797,3918.9219,4077.8508,3861.9184,3934.9493,3678.5636,4015.2378,4211.1791,4420.0245,4465.8832,4322.4117,4274.8218,4195.2995,3752.7958,3974.6386,3986.705,4052.4202,4103.7577,4096.2982
Ecuador,Agri-food systems,Emissions (CO2eq) (AR5),kilotonnes,58351.4393,52019.6943,52134.2466,52152.7026,53298.3523,53867.6971,54149.1845,53129.9859,53812.6742,55330.117,56463.6469,47807.325,47767.5336,48393.8616,47500.7468,46498.5598,52681.8631,53184.0404,53221.8942,53142.0462,52466.7969
Ecuador,IPCC Agriculture,Emissions (CH4),kilotonnes,364.9144,392.487,404.2566,399.392,419.4655,402.5056,402.8543,390.7699,390.6455,418.2724,423.0198,415.8977,414.4991,415.0766,371.172,344.4366,342.8497,342.8529,321.86,331.0856,342.8526
Ecuador,IPCC Agriculture,Emissions (CH4),kilotonnes,,,,,,,,,,,358.1199,,366.1,,,,,22.57,,,
Ecuador,IPCC Agriculture,Direct emissions (N2O),kilotonnes,9.2321,12.2579,11.0152,10.7551,11.2169,10.5855,10.6905,10.064,11.0462,11.5242,12.0499,12.1067,11.8601,11.6691,11.2444,10.0153,10.7002,10.7925,10.9141,11.0558,11.0663
Ecuador,IPCC Agriculture,Indirect emissions (N2O),kilotonnes,2.4828,3.5141,2.9963,2.9132,3.044,2.8561,2.9073,2.7173,3.0086,3.1274,3.2879,3.3134,3.2191,3.1759,3.1061,2.741,2.965,2.9811,3.039,3.0701,3.058
Ecuador,IPCC Agriculture,Emissions (N2O),kilotonnes,12.5018,16.564,14.7908,14.4534,15.0408,14.2094,14.4675,13.4927,14.7434,15.4807,16.2229,16.3816,15.8488,15.6555,15.3189,13.6386,14.4679,14.5008,14.7257,14.9143,14.8736
Ecuador,IPCC Agriculture,Emissions (N2O),kilotonnes,,,,,,,,,,,22.5672,,22.45,,,,,,,,
Ecuador,IPCC Agriculture,Emissions (CO2eq) from CH4 (AR5),kilotonnes,10217.6044,10989.6365,11319.184,11182.9751,11745.0329,11270.156,11279.919,10941.5576,10938.0744,11711.6282,11844.5544,11645.137,11605.9745,11622.1449,10392.8156,9644.2261,9599.7928,9599.8824,9012.0796,9270.397,9599.8719
Ecuador,IPCC Agriculture,Emissions (CO2eq) from CH4 (AR5),kilotonnes,,,,,,,,,,,10027.3572,,10250.8,,,,,631.96,,,
Ecuador,IPCC Agriculture,Emissions (CO2eq) from N2O (AR5),kilotonnes,3312.9878,4389.469,3919.5527,3830.1563,3985.8144,3765.4798,3833.8833,3575.5735,3907.0075,4102.3962,4299.079,4341.1299,4199.9393,4148.6977,4059.5071,3614.2177,3833.9812,3842.7179,3902.2993,3952.294,3941.5006
Ecuador,IPCC Agriculture,Emissions (CO2eq) from N2O (AR5),kilotonnes,,,,,,,,,,,5980.308,,5949.25,,,,,,,,
Ecuador,IPCC Agriculture,Emissions (CO2eq) (AR5),kilotonnes,13530.5922,15379.1055,15238.7367,15013.1314,15730.8473,15035.6359,15113.8023,14517.1312,14845.0819,15814.0243,16143.6334,15986.2669,15805.9138,15770.8426,14452.3227,13258.4438,13433.774,13442.6004,12914.3788,13222.691,13541.3725
Ecuador,IPCC Agriculture,Emissions (CO2eq) (AR5),kilotonnes,,,,,,,,,,,16007.6652,,16200.05,,,,,631.96,,,
Ecuador,Agricultural Soils,Direct emissions (N2O),kilotonnes,9.2321,12.2579,11.0152,10.7551,11.2169,10.5855,10.6905,10.064,11.0462,11.5242,12.0499,12.1067,11.8601,11.6691,11.2444,10.0153,10.7002,10.7925,10.9141,11.0558,11.0663
Ecuador,Agricultural Soils,Indirect emissions (N2O),kilotonnes,2.4828,3.5141,2.9963,2.9132,3.044,2.8561,2.9073,2.7173,3.0086,3.1274,3.2879,3.3134,3.2191,3.1759,3.1061,2.741,2.965,2.9811,3.039,3.0701,3.058
Ecuador,Agricultural Soils,Emissions (N2O),kilotonnes,11.7175,15.7749,14.0143,13.6711,14.2739,13.4546,13.6107,12.7943,14.0677,14.6646,15.3508,15.4331,15.0922,14.858,14.3635,12.7693,13.6781,13.7865,13.9661,14.1389,14.1372
Ecuador,Agricultural Soils,Emissions (N2O),kilotonnes,,,,,,,,,,,21.9195,,21.91,,,,,21.92,,,
Ecuador,Agricultural Soils,Emissions (CO2eq) from N2O (AR5),kilotonnes,3105.133,4180.3355,3713.7972,3622.8316,3782.589,3565.4612,3606.8413,3390.4843,3727.9474,3886.1135,4067.9625,4089.7694,3999.4265,3937.3624,3806.3301,3383.8615,3624.6994,3653.4244,3701.0218,3746.7953,3746.3547
Ecuador,Agricultural Soils,Emissions (CO2eq) from N2O (AR5),kilotonnes,,,,,,,,,,,5808.6675,,5806.15,,,,,5808.8,,,
Ecuador,Agricultural Soils,Emissions (CO2eq) (AR5),kilotonnes,3105.133,4180.3355,3713.7972,3622.8316,3782.589,3565.4612,3606.8413,3390.4843,3727.9474,3886.1135,4067.9625,4089.7694,3999.4265,3937.3624,3806.3301,3383.8615,3624.6994,3653.4244,3701.0218,3746.7953,3746.3547
Ecuador,Agricultural Soils,Emissions (CO2eq) (AR5),kilotonnes,,,,,,,,,,,5808.6675,,5806.15,,,,,5808.8,,,
Ecuador,LULUCF,Emissions (CH4),kilotonnes,0.0482,0.3352,0.0844,0.045,0.0471,0.3973,0.0772,0.309,0.0105,0.1145,0.1531,0.0393,0.7305,0.0303,0.1173,0.3658,0.2158,0.0322,0.1819,0.4264,0.2621
Ecuador,LULUCF,Emissions (CH4),kilotonnes,,,,,,,,,,,,,,,,,,,,,
Ecuador,LULUCF,Emissions (N2O),kilotonnes,0.0014,0.0306,0.0077,0.0041,0.0043,0.0363,0.0071,0.0282,0.001,0.0105,0.014,0.0036,0.0667,0.0028,0.0107,0.0334,0.0197,0.0029,0.0166,0.0389,0.0239
Ecuador,LULUCF,Emissions (N2O),kilotonnes,,,,,,,,,,,,,,,,,,,,,
Ecuador,LULUCF,Emissions (CO2),kilotonnes,36554.1893,28475.5124,28475.5124,28475.5124,28539.1311,28539.1311,28539.1311,28539.1311,28539.1311,28539.1311,28539.1311,17019.6056,17019.6056,17019.6056,17019.6056,17019.6056,26123.7141,26123.7141,26123.7141,26123.4377,26123.4377
Ecuador,LULUCF,Emissions (CO2),kilotonnes,,,,,,,,,,,24171.1018,,20435.49,,,,,,,,
Ecuador,LULUCF,Emissions (CO2eq) from CH4 (AR5),kilotonnes,1.3507,9.3843,2.3634,1.2587,1.3198,11.1257,2.1624,8.6523,0.2927,3.2061,4.2878,1.1015,20.4536,0.8477,3.2855,10.242,6.0418,0.9018,5.0942,11.9378,7.3394
Ecuador,LULUCF,Emissions (CO2eq) from N2O (AR5),kilotonnes,0.3789,8.1092,2.0423,1.0877,1.1405,9.6141,1.8686,7.4767,0.253,2.7705,3.7052,0.9519,17.6746,0.7325,2.8391,8.8504,5.2209,0.7792,4.4021,10.3159,6.3422
Ecuador,LULUCF,Emissions (CO2eq) (AR5),kilotonnes,36555.919,28493.0059,28479.9181,28477.8589,28541.5915,28559.8709,28543.1621,28555.2602,28539.6768,28545.1077,28547.1241,17021.659,17057.7338,17021.1857,17025.7302,17038.6981,26134.9768,26125.3951,26133.2103,26145.6914,26137.1194
Ecuador,LULUCF,Emissions (CO2eq) (AR5),kilotonnes,,,,,,,,,,,24171.1018,,20435.49,,,,,,,,
Ecuador,AFOLU,Emissions (CH4),kilotonnes,364.9627,392.8222,404.341,399.4369,419.5126,402.9029,402.9315,391.0789,390.656,418.3869,423.1729,415.9371,415.2296,415.1069,371.2893,344.8024,343.0655,342.8851,322.0419,331.512,343.1147
Ecuador,AFOLU,Emissions (N2O),kilotonnes,12.5033,16.5946,14.7985,14.4575,15.0451,14.2456,14.4745,13.5209,14.7444,15.4912,16.2369,16.3852,15.9155,15.6582,15.3296,13.672,14.4876,14.5038,14.7423,14.9532,14.8975
Ecuador,AFOLU,Emissions (CO2),kilotonnes,36554.1893,28475.5124,28475.5124,28475.5124,28539.1311,28539.1311,28539.1311,28539.1311,28539.1311,28539.1311,28539.1311,17019.6056,17019.6056,17019.6056,17019.6056,17019.6056,26123.7141,26123.7141,26123.7141,26123.4377,26123.4377
Ecuador,AFOLU,Emissions (CO2eq) from CH4 (AR5),kilotonnes,10218.9551,10999.0207,11321.5474,11184.2338,11746.3528,11281.2818,11282.0814,10950.2099,10938.3671,11714.8342,11848.8422,11646.2385,11626.4281,11622.9925,10396.1011,9654.4681,9605.8346,9600.7842,9017.1738,9282.3348,9607.2113
Ecuador,AFOLU,Emissions (CO2eq) from N2O (AR5),kilotonnes,3313.3668,4397.5783,3921.595,3831.2441,3986.9549,3775.0939,3835.7518,3583.0503,3907.2604,4105.1666,4302.7842,4342.0818,4217.6139,4149.4302,4062.3462,3623.0682,3839.2021,3843.4972,3906.7013,3962.6098,3947.8428
Ecuador,AFOLU,Emissions (CO2eq) (AR5),kilotonnes,50086.5112,43872.1114,43718.6548,43490.9903,44272.4388,43595.5068,43656.9644,43072.3913,43384.7587,44359.132,44690.7575,33007.9259,32863.6476,32792.0284,31478.0529,30297.1419,39568.7508,39567.9954,39047.5892,39368.3823,39678.4918
Ecuador,All sectors with LULUCF,Emissions (CH4),kilotonnes,710.9628,750.8223,753.3411,765.437,800.5127,799.903,802.9316,797.079,795.6561,837.387,870.173,874.9372,881.2297,899.107,873.2894,845.8025,851.0656,843.8853,829.042,865.5121,887.1148
Ecuador,All sectors with LULUCF,Emissions (N2O),kilotonnes,14.1452,18.2822,16.4957,16.1274,16.8036,16.0848,16.4064,15.5525,16.7238,17.5443,18.5887,18.7647,18.3268,18.1802,18.0253,16.4254,17.2438,17.2467,17.5779,17.9495,17.9716
Ecuador,All sectors with LULUCF,Emissions (CO2),kilotonnes,58237.2593,52708.6524,54048.7224,56378.7824,58562.4711,59942.5511,58912.6111,63712.6811,59822.7611,63112.8311,65792.9011,56643.4456,55143.5156,57413.5856,61603.6556,59213.7256,67397.9141,67047.9841,69678.0541,68597.8477,61197.9177
Ecuador,All sectors with LULUCF,Emissions (CO2eq) from F-gases (AR5),kilotonnes,21.573,28.6668,36.2464,44.0205,57.4307,69.5776,77.9347,87.7494,97.1755,106.893,115.6388,118.5541,127.2999,135.0739,143.8197,151.5937,160.3395,168.1135,176.8593,184.6334,193.3792
Ecuador,All sectors with LULUCF,Emissions (CO2eq) from CH4 (AR5),kilotonnes,19906.9574,21023.023,21093.5497,21432.2363,22414.3552,22397.2843,22482.084,22318.2125,22278.3698,23446.8369,24364.8449,24498.2413,24674.431,25174.9954,24452.104,23682.4711,23829.8376,23628.7872,23213.1769,24234.338,24839.2145
Ecuador,All sectors with LULUCF,Emissions (CO2eq) from N2O (AR5),kilotonnes,3748.4703,4844.7923,4371.353,4273.7676,4452.9574,4262.4819,4347.7053,4121.4243,4431.8014,4649.2381,4926.0112,4972.6493,4856.6084,4817.7602,4776.7067,4352.7192,4569.5951,4570.3657,4658.1353,4756.6293,4762.4793
Ecuador,All sectors with LULUCF,Emissions (CO2eq) (AR5),kilotonnes,81914.26,78605.1345,79549.8716,82128.8067,85487.2144,86671.895,85820.3351,90240.0674,86630.1078,91315.7992,95199.3961,86232.8902,84801.8548,87541.4151,90976.286,87400.5096,95957.6863,95415.2505,97726.2256,97773.4484,90992.9907
Ecuador,All sectors without LULUCF,Emissions (CH4),kilotonnes,710.9145,750.4871,753.2567,765.3921,800.4656,799.5057,802.8543,796.77,795.6456,837.2725,870.0199,874.8978,880.4992,899.0767,873.1721,845.4368,850.8499,843.8531,828.8601,865.0857,886.8527
Ecuador,All sectors without LULUCF,Emissions (N2O),kilotonnes,14.1437,18.2516,16.488,16.1233,16.7993,16.0486,16.3994,15.5243,16.7228,17.5338,18.5747,18.7611,18.2601,18.1775,18.0146,16.392,17.2241,17.2437,17.5613,17.9106,17.9477
Ecuador,All sectors without LULUCF,Emissions (CO2),kilotonnes,21683.07,24233.14,25573.21,27903.27,30023.34,31403.42,30373.48,35173.55,31283.63,34573.7,37253.77,39623.84,38123.91,40393.98,44584.05,42194.12,41274.2,40924.27,43554.34,42474.41,35074.48
Ecuador,All sectors without LULUCF,Emissions (CO2eq) from F-gases (AR5),kilotonnes,21.573,28.6668,36.2464,44.0205,57.4307,69.5776,77.9347,87.7494,97.1755,106.893,115.6388,118.5541,127.2999,135.0739,143.8197,151.5937,160.3395,168.1135,176.8593,184.6334,193.3792
Ecuador,All sectors without LULUCF,Emissions (CO2eq) from CH4 (AR5),kilotonnes,19905.6066,21013.6388,21091.1863,21430.9775,22413.0354,22386.1585,22479.9216,22309.5602,22278.077,23443.6309,24360.5571,24497.1398,24653.9773,25174.1478,24448.8185,23672.2291,23823.7958,23627.8855,23208.0827,24222.4002,24831.8751
Ecuador,All sectors without LULUCF,Emissions (CO2eq) from N2O (AR5),kilotonnes,3748.0913,4836.683,4369.3107,4272.6798,4451.8169,4252.8678,4345.8368,4113.9475,4431.5485,4646.4677,4922.306,4971.6974,4838.9338,4817.0277,4773.8676,4343.8687,4564.3742,4569.5864,4653.7333,4746.3135,4756.1371
Ecuador,All sectors without LULUCF,Emissions (CO2eq) (AR5),kilotonnes,45358.3409,50112.1286,51069.9535,53650.9478,56945.623,58112.024,57277.1731,61684.8072,58090.431,62770.6915,66652.272,69211.2312,67744.121,70520.2294,73950.5558,70361.8115,69822.7095,69289.8555,71593.0153,71627.757,64855.8713
Egypt,Crop Residues,Direct emissions (N2O),kilotonnes,3.2302,2.9972,3.2492,3.3261,3.3868,3.6634,3.6726,3.5227,3.8695,3.7389,3.2203,3.664,3.9216,3.9968,3.8646,3.8881,3.8852,3.7785,3.056,3.7077,3.789
Egypt,Crop Residues,Indirect emissions (N2O),kilotonnes,0.7268,0.6744,0.7311,0.7484,0.762,0.8243,0.8263,0.7926,0.8706,0.8412,0.7246,0.8244,0.8824,0.8993,0.8695,0.8748,0.8742,0.8502,0.6876,0.8342,0.8525
Egypt,Crop Residues,Emissions (N2O),kilotonnes,3.9569,3.6716,3.9802,4.0745,4.1488,4.4876,4.499,4.3154,4.7401,4.5801,3.9448,4.4884,4.8039,4.8961,4.7341,4.7629,4.7594,4.6287,3.7436,4.5419,4.6416
Egypt,Crop Residues,Emissions (CO2eq) from N2O (AR5),kilotonnes,1048.5903,972.9768,1054.7588,1079.7338,1099.4273,1189.2205,1192.2219,1143.5689,1256.1225,1213.7351,1045.3778,1189.4234,1273.037,1297.4656,1254.5304,1262.1697,1261.2417,1226.5933,992.0416,1203.6036,1230.0193
Egypt,Crop Residues,Emissions (CO2eq) (AR5),kilotonnes,1048.5903,972.9768,1054.7588,1079.7338,1099.4273,1189.2205,1192.2219,1143.5689,1256.1225,1213.7351,1045.3778,1189.4234,1273.037,1297.4656,1254.5304,1262.1697,1261.2417,1226.5933,992.0416,1203.6036,1230.0193
Egypt,Rice Cultivation,Emissions (CH4),kilotonnes,184.5808,157.6459,182.0801,177.3996,180.7876,171.724,187.7316,197.1351,208.6258,161.1308,128.667,166.0918,173.6798,167.1877,160.6371,143.0388,159.2326,153.9126,101.101,153.5929,155.1774
Egypt,Rice Cultivation,Emissions (CO2eq) from CH4 (AR5),kilotonnes,5168.2613,4414.0846,5098.2422,4967.1888,5062.0528,4808.272,5256.4848,5519.7834,5841.5213,4511.6613,3602.676,4650.5704,4863.0344,4681.2562,4497.8394,4005.0875,4458.5139,4309.5539,2830.828,4300.6006,4344.9672
Egypt,Rice Cultivation,Emissions (CO2eq) (AR5),kilotonnes,5168.2613,4414.0846,5098.2422,4967.1888,5062.0528,4808.272,5256.4848,5519.7834,5841.5213,4511.6613,3602.676,4650.5704,4863.0344,4681.2562,4497.8394,4005.0875,4458.5139,4309.5539,2830.828,4300.6006,4344.9672
Egypt,Burning - Crop residues,Emissions (CH4),kilotonnes,4.6081,4.4857,4.5521,4.5715,4.5076,4.8459,4.6823,4.6198,5.1976,5.1845,4.9241,4.907,5.4162,5.4434,5.4417,5.4394,5.3812,5.3437,4.0462,6.62,6.4802
Egypt,Burning - Crop residues,Emissions (CH4),kilotonnes,68,,,,,69.44,,,,,,,,,,,,,,,
Egypt,Burning - Crop residues,Emissions (N2O),kilotonnes,0.1195,0.1163,0.118,0.1185,0.1169,0.1256,0.1214,0.1198,0.1348,0.1344,0.1277,0.1272,0.1404,0.1411,0.1411,0.141,0.1395,0.1385,0.1049,0.1716,0.168
Egypt,Burning - Crop residues,Emissions (N2O),kilotonnes,1,,,,,1.01,,,,,,,,,,,,,,,
Egypt,Burning - Crop residues,Emissions (CO2eq) from CH4 (AR5),kilotonnes,129.0255,125.6004,127.4582,128.0012,126.2131,135.6861,131.1056,129.3546,145.5342,145.1647,137.8761,137.397,151.6531,152.416,152.3677,152.3022,150.6727,149.6238,113.294,185.3597,181.4445
Egypt,Burning - Crop residues,Emissions (CO2eq) from CH4 (AR5),kilotonnes,1904,,,,,1944.32,,,,,,,,,,,,,,,
Egypt,Burning - Crop residues,Emissions (CO2eq) from N2O (AR5),kilotonnes,31.659,30.8186,31.2745,31.4077,30.969,33.2934,32.1694,31.7398,35.7098,35.6191,33.8307,33.7131,37.2112,37.3984,37.3865,37.3704,36.9706,36.7132,27.799,45.4818,44.5211
Egypt,Burning - Crop residues,Emissions (CO2eq) from N2O (AR5),kilotonnes,265,,,,,267.65,,,,,,,,,,,,,,,
Egypt,Burning - Crop residues,Emissions (CO2eq) (AR5),kilotonnes,160.6845,156.419,158.7326,159.409,157.1821,168.9795,163.2751,161.0944,181.2439,180.7838,171.7068,171.1101,188.8643,189.8144,189.7542,189.6726,187.6433,186.3371,141.093,230.8414,225.9656
Egypt,Burning - Crop residues,Emissions (CO2eq) (AR5),kilotonnes,2169,,,,,2211.97,,,,,,,,,,,,,,,
Egypt,Enteric Fermentation,Emissions (CH4),kilotonnes,401.4613,414.5143,436.383,444.9928,454.6758,462.7604,470.4924,488.0767,483.7692,451.9145,447.7581,459.2903,475.3804,455.9702,458.7235,451.4306,443.1624,417.3528,407.4534,224.61,226.3929
Egypt,Enteric Fermentation,Emissions (CH4),kilotonnes,385,,,,,394,,,,,,,,,,,,,,,
Egypt,Enteric Fermentation,Emissions (CO2eq) from CH4 (AR5),kilotonnes,11240.9161,11606.4014,12218.724,12459.7981,12730.9234,12957.2915,13173.7883,13666.1486,13545.539,12653.6066,12537.2277,12860.1282,13310.65,12767.1664,12844.2572,12640.0564,12408.5481,11685.8788,11408.6941,6289.0794,6339.0016
Egypt,Enteric Fermentation,Emissions (CO2eq) from CH4 (AR5),kilotonnes,10780,,,,,11032,,,,,,,,,,,,,,,
Egypt,Enteric Fermentation,Emissions (CO2eq) (AR5),kilotonnes,11240.9161,11606.4014,12218.724,12459.7981,12730.9234,12957.2915,13173.7883,13666.1486,13545.539,12653.6066,12537.2277,12860.1282,13310.65,12767.1664,12844.2572,12640.0564,12408.5481,11685.8788,11408.6941,6289.0794,6339.0016
Egypt,Enteric Fermentation,Emissions (CO2eq) (AR5),kilotonnes,10780,,,,,11032,,,,,,,,,,,,,,,
Egypt,Manure Management,Emissions (CH4),kilotonnes,13.414,13.8239,14.3903,14.7256,14.4395,14.6365,14.8641,15.5273,15.122,14.3158,13.8935,14.2719,14.7347,14.8867,14.9517,15.0313,15.0358,14.4086,14.0274,9.8814,9.6821
Egypt,Manure Management,Emissions (CH4),kilotonnes,28,,,,,30.46,,,,,,,,,,,,,,,
Egypt,Manure Management,Emissions (N2O),kilotonnes,0.2958,0.3059,0.3193,0.3257,0.3137,0.319,0.3261,0.3427,0.3505,0.3238,0.3316,0.3404,0.3546,0.3638,0.3667,0.3636,0.3601,0.3499,0.3505,0.251,0.25
Egypt,Manure Management,Emissions (N2O),kilotonnes,28,,,,,11.26,,,,,,,,,,,,,,,
Egypt,Manure Management,Emissions (CO2eq) from CH4 (AR5),kilotonnes,375.5914,387.0692,402.9276,412.3174,404.3049,409.8214,416.1946,434.7647,423.4169,400.8436,389.0191,399.6143,412.5704,416.8267,418.6466,420.8754,421.0033,403.4404,392.7664,276.6788,271.0986
Egypt,Manure Management,Emissions (CO2eq) from CH4 (AR5),kilotonnes,784,,,,,852.88,,,,,,,,,,,,,,,
Egypt,Manure Management,Emissions (CO2eq) from N2O (AR5),kilotonnes,78.3844,81.0671,84.6089,86.3113,83.1227,84.525,86.4117,90.8241,92.8772,85.804,87.8648,90.1943,93.9734,96.4078,97.1869,96.3439,95.4284,92.7358,92.8764,66.5134,66.2538
Egypt,Manure Management,Emissions (CO2eq) from N2O (AR5),kilotonnes,7420,,,,,2983.9,,,,,,,,,,,,,,,
Egypt,Manure Management,Emissions (CO2eq) (AR5),kilotonnes,453.9758,468.1363,487.5364,498.6287,487.4276,494.3463,502.6064,525.5888,516.2941,486.6476,476.884,489.8086,506.5439,513.2345,515.8335,517.2193,516.4317,496.1761,485.6428,343.1923,337.3524
Egypt,Manure Management,Emissions (CO2eq) (AR5),kilotonnes,8204,,,,,3836.78,,,,,,,,,,,,,,,
Egypt,Manure left on Pasture,Direct emissions (N2O),kilotonnes,13.462,13.9848,14.6997,15.0308,15.0472,15.3186,15.6199,16.3641,16.3504,15.3132,15.3687,15.6994,16.2595,16.0268,16.1235,16.0357,15.9668,15.0405,14.7847,9.2223,9.0667
Egypt,Manure left on Pasture,Indirect emissions (N2O),kilotonnes,3.4503,3.5768,3.7504,3.829,3.8393,3.9047,3.9756,4.1418,4.1032,3.8591,3.8092,3.8786,4.0021,3.9524,3.9726,3.9572,3.957,3.7318,3.6109,2.2075,2.2054
Egypt,Manure left on Pasture,Emissions (N2O),kilotonnes,16.9123,17.5616,18.4501,18.8598,18.8865,19.2233,19.5955,20.5059,20.4536,19.1723,19.1778,19.578,20.2616,19.9792,20.0962,19.9928,19.9238,18.7723,18.3955,11.4298,11.272
Egypt,Manure left on Pasture,Emissions (CO2eq) from N2O (AR5),kilotonnes,4481.7651,4653.8299,4889.273,4997.8456,5004.9104,5094.1636,5192.8097,5434.059,5420.202,5080.6615,5082.1267,5188.1634,5369.3227,5294.4985,5325.4799,5298.1049,5279.8042,4974.663,4874.8155,3028.8938,2987.0895
Egypt,Manure left on Pasture,Emissions (CO2eq) (AR5),kilotonnes,4481.7651,4653.8299,4889.273,4997.8456,5004.9104,5094.1636,5192.8097,5434.059,5420.202,5080.6615,5082.1267,5188.1634,5369.3227,5294.4985,5325.4799,5298.1049,5279.8042,4974.663,4874.8155,3028.8938,2987.0895
Egypt,Manure applied to Soils,Direct emissions (N2O),kilotonnes,0.3925,0.4149,0.4273,0.4346,0.4065,0.4153,0.4241,0.4418,0.4539,0.4283,0.439,0.449,0.4661,0.5,0.5049,0.5145,0.5203,0.5034,0.5032,0.4401,0.4207
Egypt,Manure applied to Soils,Indirect emissions (N2O),kilotonnes,0.1668,0.1763,0.1816,0.1847,0.1728,0.1765,0.1802,0.1878,0.1929,0.182,0.1866,0.1908,0.1981,0.2125,0.2146,0.2187,0.2211,0.214,0.2139,0.1871,0.1788
Egypt,Manure applied to Soils,Emissions (N2O),kilotonnes,0.5593,0.5912,0.609,0.6194,0.5793,0.5918,0.6043,0.6296,0.6468,0.6103,0.6255,0.6399,0.6641,0.7125,0.7194,0.7332,0.7415,0.7174,0.717,0.6272,0.5995
Egypt,Manure applied to Soils,Emissions (CO2eq) from N2O (AR5),kilotonnes,148.2065,156.6656,161.3726,164.1316,153.5105,156.8324,160.1364,166.853,171.4016,161.7376,165.7624,169.5625,175.9926,188.8036,190.6441,194.2926,196.4954,190.1064,190.0171,166.2076,158.8753
Egypt,Manure applied to Soils,Emissions (CO2eq) (AR5),kilotonnes,148.2065,156.6656,161.3726,164.1316,153.5105,156.8324,160.1364,166.853,171.4016,161.7376,165.7624,169.5625,175.9926,188.8036,190.6441,194.2926,196.4954,190.1064,190.0171,166.2076,158.8753
Egypt,Synthetic Fertilizers,Direct emissions (N2O),kilotonnes,16.868,17.27,18.0919,18.7126,21.5741,20.57,19.47,17.6,17.9001,18.7503,18.2081,18.9671,17.0783,17.3501,17.6723,19.1604,20.1221,20.6627,19.569,19.569,19.569
Egypt,Synthetic Fertilizers,Indirect emissions (N2O),kilotonnes,5.4821,5.6128,5.8799,6.0816,7.0116,6.6852,6.3278,5.72,5.8175,6.0938,5.9176,6.1643,5.5504,5.6388,5.7435,6.2271,6.5397,6.7154,6.3599,6.3599,6.3599
Egypt,Synthetic Fertilizers,Emissions (N2O),kilotonnes,22.3501,22.8828,23.9717,24.7942,28.5857,27.2553,25.7978,23.32,23.7177,24.8441,24.1258,25.1315,22.6287,22.9889,23.4158,25.3876,26.6618,27.3781,25.9289,25.9289,25.9289
Egypt,Synthetic Fertilizers,Emissions (CO2eq) from N2O (AR5),kilotonnes,5922.7645,6063.9288,6352.5033,6570.4516,7575.2209,7222.6412,6836.4038,6179.8,6285.1877,6583.6941,6393.3342,6659.838,5996.6131,6092.0689,6205.1813,6727.7055,7065.3874,7255.1956,6871.1651,6871.1651,6871.1651
Egypt,Synthetic Fertilizers,Emissions (CO2eq) (AR5),kilotonnes,5922.7645,6063.9288,6352.5033,6570.4516,7575.2209,7222.6412,6836.4038,6179.8,6285.1877,6583.6941,6393.3342,6659.838,5996.6131,6092.0689,6205.1813,6727.7055,7065.3874,7255.1956,6871.1651,6871.1651,6871.1651
Egypt,Drained organic soils,Emissions (CO2eq) (AR5),kilotonnes,0,0,0,0,0,0,0,0,0,0,0,0,0,0,0,0,0,0,0,0,0
Egypt,Drained organic soils (CO2),Emissions (CO2),kilotonnes,0,0,0,0,0,0,0,0,0,0,0,0,0,0,0,0,0,0,0,0,0
Egypt,Drained organic soils (CO2),Emissions (CO2eq) (AR5),kilotonnes,0,0,0,0,0,0,0,0,0,0,0,0,0,0,0,0,0,0,0,0,0
Egypt,Drained organic soils (N2O),Emissions (N2O),kilotonnes,0,0,0,0,0,0,0,0,0,0,0,0,0,0,0,0,0,0,0,0,0
Egypt,Drained organic soils (N2O),Emissions (CO2eq) from N2O (AR5),kilotonnes,0,0,0,0,0,0,0,0,0,0,0,0,0,0,0,0,0,0,0,0,0
Egypt,Drained organic soils (N2O),Emissions (CO2eq) (AR5),kilotonnes,0,0,0,0,0,0,0,0,0,0,0,0,0,0,0,0,0,0,0,0,0
Egypt,On-farm energy use,Emissions (CH4),kilotonnes,0.3161,0.3254,0.3398,0.3551,0.3687,0.5567,0.5959,0.659,0.7071,0.7846,0.8018,0.8166,0.7682,0.4727,0.5422,0.556,0.5851,0.5891,0.5844,0.5928,0.5928
Egypt,On-farm energy use,Emissions (N2O),kilotonnes,0.7747,0.7753,0.8107,0.8342,0.8143,1.9502,2.0528,2.2358,2.3337,2.4739,2.5134,2.5836,2.5686,0.9574,0.9595,0.9939,0.9945,1.04,1.0053,1.0144,1.0144
Egypt,On-farm energy use,Emissions (CO2),kilotonnes,3134.6513,3248.7473,3399.1023,3520.0805,3572.8825,6634.4062,7002.7204,7593.6027,7963.5216,8608.9796,8704.0822,8652.8986,8250.957,3841.9491,3612.7264,3517.0662,3646.077,3803.3504,3719.0982,3740.3726,3740.3726
Egypt,On-farm energy use,Emissions (CO2eq) from CH4 (AR5),kilotonnes,8.8516,9.1125,9.5138,9.9419,10.3226,15.588,16.6858,18.4519,19.7976,21.9682,22.4512,22.8646,21.51,13.2351,15.1807,15.5669,16.3823,16.4956,16.3631,16.5996,16.5996
Egypt,On-farm energy use,Emissions (CO2eq) from N2O (AR5),kilotonnes,205.2979,205.4498,214.8383,221.0713,215.7945,516.7944,544.0042,592.4859,618.4428,655.5819,666.0605,684.6525,680.6872,253.7098,254.2652,263.3755,263.5551,275.6116,266.3933,268.8189,268.8189
Egypt,On-farm energy use,Emissions (CO2eq) (AR5),kilotonnes,3348.8008,3463.3096,3623.4545,3751.0938,3798.9996,7166.7886,7563.4104,8204.5405,8601.7619,9286.5297,9392.5939,9360.4156,8953.1542,4108.894,3882.1723,3796.0086,3926.0145,4095.4575,4001.8547,4025.7911,4025.7911
Egypt,Forestland,Emissions (CO2),kilotonnes,-409.2139,-170.8601,-170.8601,-170.8601,-170.8601,-170.8601,-170.8601,-170.8601,-170.8601,-170.8601,-170.8601,0,0,0,0,0,0,0,0,0,0
Egypt,Forestland,Emissions (CO2eq) (AR5),kilotonnes,-409.2139,-170.8601,-170.8601,-170.8601,-170.8601,-170.8601,-170.8601,-170.8601,-170.8601,-170.8601,-170.8601,0,0,0,0,0,0,0,0,0,0
Egypt,Net Forest conversion,Emissions (CO2),kilotonnes,0,0,0,0,0,0,0,0,0,0,0,915.1512,915.1512,915.1512,915.1512,915.1512,182.8177,182.8177,182.8177,182.8177,182.8177
Egypt,Net Forest conversion,Emissions (CO2eq) (AR5),kilotonnes,0,0,0,0,0,0,0,0,0,0,0,915.1512,915.1512,915.1512,915.1512,915.1512,182.8177,182.8177,182.8177,182.8177,182.8177
Egypt,Savanna fires,Emissions (CH4),kilotonnes,0.0028,0,0.0023,0.0017,0.0024,0.001,0.0075,0.0058,0.0028,0.0029,0.0075,0.0031,0.0024,0.0215,0.0082,0.0233,0.0274,0.0474,0.0456,0.125,0.1127
Egypt,Savanna fires,Emissions (N2O),kilotonnes,0.0003,0,0.0002,0.0002,0.0002,0.0001,0.0007,0.0005,0.0003,0.0003,0.0007,0.0003,0.0002,0.002,0.0007,0.0021,0.0025,0.0043,0.0042,0.0114,0.0103
Egypt,Savanna fires,Emissions (CO2eq) from CH4 (AR5),kilotonnes,0.0797,0,0.0646,0.0488,0.0677,0.029,0.2102,0.1619,0.0773,0.082,0.2102,0.087,0.0677,0.603,0.2295,0.6524,0.7683,1.326,1.2765,3.4992,3.1551
Egypt,Savanna fires,Emissions (CO2eq) from N2O (AR5),kilotonnes,0.0689,0,0.0559,0.0421,0.0585,0.0251,0.1816,0.1399,0.0668,0.0709,0.1817,0.0752,0.0585,0.5211,0.1984,0.5638,0.6639,1.1459,1.103,3.0238,2.7264
Egypt,Savanna fires,Emissions (CO2eq) (AR5),kilotonnes,0.1486,0,0.1205,0.0909,0.1262,0.0541,0.3919,0.3017,0.1442,0.1529,0.3919,0.1622,0.1262,1.1241,0.4279,1.2162,1.4322,2.4719,2.3795,6.523,5.8815
Egypt,Fires in organic soils,Emissions (CH4),kilotonnes,0,0,0,0,0,0,0,0,0,0,0,0,0,0,0,0,0,0,0,0,0
Egypt,Fires in organic soils,Emissions (CO2),kilotonnes,0,0,0,0,0,0,0,0,0,0,0,0,0,0,0,0,0,0,0,0,0
Egypt,Fires in organic soils,Emissions (CO2eq) from CH4 (AR5),kilotonnes,0,0,0,0,0,0,0,0,0,0,0,0,0,0,0,0,0,0,0,0,0
Egypt,Fires in organic soils,Emissions (CO2eq) (AR5),kilotonnes,0,0,0,0,0,0,0,0,0,0,0,0,0,0,0,0,0,0,0,0,0
Egypt,Forest fires,Emissions (CH4),kilotonnes,0,0,0,0,0,0,0,0,0,0,0,0,0,0,0,0,0,0,0,0,0
Egypt,Forest fires,Emissions (N2O),kilotonnes,0,0,0,0,0,0,0,0,0,0,0,0,0,0,0,0,0,0,0,0,0
Egypt,Forest fires,Emissions (CO2eq) from CH4 (AR5),kilotonnes,0,0,0,0,0,0,0,0,0,0,0,0,0,0,0,0,0,0,0,0,0
Egypt,Forest fires,Emissions (CO2eq) from N2O (AR5),kilotonnes,0,0,0,0,0,0,0,0,0,0,0,0,0,0,0,0,0,0,0,0,0
Egypt,Forest fires,Emissions (CO2eq) (AR5),kilotonnes,0,0,0,0,0,0,0,0,0,0,0,0,0,0,0,0,0,0,0,0,0
Egypt,Fires in humid tropical forests,Emissions (CH4),kilotonnes,0,0,0,0,0,0,0,0,0,0,0,0,0,0,0,0,0,0,0,0,0
Egypt,Fires in humid tropical forests,Emissions (N2O),kilotonnes,0,0,0,0,0,0,0,0,0,0,0,0,0,0,0,0,0,0,0,0,0
Egypt,Fires in humid tropical forests,Emissions (CO2eq) from CH4 (AR5),kilotonnes,0,0,0,0,0,0,0,0,0,0,0,0,0,0,0,0,0,0,0,0,0
Egypt,Fires in humid tropical forests,Emissions (CO2eq) from N2O (AR5),kilotonnes,0,0,0,0,0,0,0,0,0,0,0,0,0,0,0,0,0,0,0,0,0
Egypt,Fires in humid tropical forests,Emissions (CO2eq) (AR5),kilotonnes,0,0,0,0,0,0,0,0,0,0,0,0,0,0,0,0,0,0,0,0,0
Egypt,Waste - agri-food systems,Emissions (CH4),kilotonnes,467.511,474.9658,487.6645,494.5465,501.4066,508.9698,512.8852,520.709,536.0418,545.32,540.7209,560.9037,562.0447,558.1176,554.2116,558.8487,562.9617,567.5913,572.2716,577.1907,582.1729
Egypt,Waste - agri-food systems,Emissions (N2O),kilotonnes,2.5134,2.5406,2.6785,2.7073,2.694,2.8044,2.878,2.9863,3.173,3.249,3.2733,3.5256,3.5568,3.4998,3.2743,3.2967,3.3239,3.389,3.4191,3.4753,3.5308
Egypt,Waste - agri-food systems,Emissions (CO2),kilotonnes,0,0,0,0,0,0,0,0,0,0,0,0,0,0,0,0,0,0,0,0,0
Egypt,Waste - agri-food systems,Emissions (CO2eq) from CH4 (AR5),kilotonnes,13090.3089,13299.0431,13654.6047,13847.3031,14039.3846,14251.1534,14360.7865,14579.8512,15009.171,15268.96,15140.1842,15705.3034,15737.2507,15627.2936,15517.9255,15647.7641,15762.9277,15892.5578,16023.605,16161.3401,16300.8399
Egypt,Waste - agri-food systems,Emissions (CO2eq) from N2O (AR5),kilotonnes,666.0616,673.2503,709.7944,717.4439,713.9023,743.1757,762.6629,791.3579,840.8526,860.9772,867.4292,934.2852,942.5652,927.448,867.6843,873.6152,880.8332,898.0796,906.0737,920.945,935.6583
Egypt,Waste - agri-food systems,Emissions (CO2eq) (AR5),kilotonnes,13756.3705,13972.2935,14364.399,14564.7469,14753.2869,14994.3291,15123.4494,15371.2091,15850.0236,16129.9372,16007.6135,16639.5885,16679.816,16554.7416,16385.6098,16521.3793,16643.761,16790.6374,16929.6787,17082.2851,17236.4981
Egypt,Fertilizers Manufacturing,Emissions (N2O),kilotonnes,5.6998,5.5515,5.3227,5.3632,5.2682,4.778,4.7588,4.4035,4.2542,4.2543,4.5297,3.808,3.7122,0.8683,4.4253,1.4426,4.195,2.1997,2.7894,2.1353,2.1353
Egypt,Fertilizers Manufacturing,Emissions (CO2),kilotonnes,0,0,2812.8015,2849.738,2957.6433,2252.2308,2986.9406,3507.1753,348.7039,220.6794,4914.6272,4761.2944,4200.3129,10732.3756,11077.704,6952.5535,7311.241,10694.2703,11585.4798,10679.9,9692.6824
Egypt,Fertilizers Manufacturing,Emissions (CO2eq) from N2O (AR5),kilotonnes,1510.447,1471.1475,1410.5155,1421.248,1396.073,1266.17,1261.082,1166.9275,1127.363,1127.3895,1200.3705,1009.12,983.733,230.0995,1172.7045,382.289,1111.675,582.9205,739.191,565.8545,565.8545
Egypt,Fertilizers Manufacturing,Emissions (CO2eq) (AR5),kilotonnes,1510.447,1471.1475,4223.317,4270.986,4353.7163,3518.4008,4248.0226,4674.1028,1476.0669,1348.0689,6114.9977,5770.4144,5184.0459,10962.4751,12250.4085,7334.8425,8422.916,11277.1908,12324.6708,11245.7545,10258.5369
Egypt,On-farm electricity use,Emissions (CH4),kilotonnes,2.9063,3.1211,3.3287,3.9358,4.1518,4.4626,4.5466,5.0506,5.5402,5.8005,5.9121,6.6717,7.4757,7.5716,7.8656,8.4104,8.816,8.0913,8.468,8.5885,8.5885
Egypt,On-farm electricity use,Emissions (N2O),kilotonnes,0.0155,0.0167,0.0178,0.021,0.0222,0.0238,0.0243,0.027,0.0296,0.031,0.0316,0.0356,0.0399,0.0404,0.042,0.0449,0.0471,0.0433,0.0452,0.0459,0.0459
Egypt,On-farm electricity use,Emissions (CO2),kilotonnes,833.9692,989.9448,1089.6846,1305.7195,1696.2491,1768.2264,1780.3424,1848.3247,2134.7129,2255.1151,2088.4962,2341.8275,2764.6248,2833.5095,2943.5268,3147.3958,3299.175,3027.9484,3168.9503,3214.0349,3214.0349
Egypt,On-farm electricity use,Emissions (CO2eq) from CH4 (AR5),kilotonnes,81.3764,87.3908,93.2036,110.2024,116.2504,124.9528,127.3048,141.4168,155.1256,162.414,165.5388,186.8076,209.3196,212.0048,220.2368,235.4912,246.848,226.5564,237.104,240.478,240.478
Egypt,On-farm electricity use,Emissions (CO2eq) from N2O (AR5),kilotonnes,4.1075,4.4255,4.717,5.565,5.883,6.307,6.4395,7.155,7.844,8.215,8.374,9.434,10.5735,10.706,11.13,11.8985,12.4815,11.4745,11.978,12.1635,12.1635
Egypt,On-farm electricity use,Emissions (CO2eq) (AR5),kilotonnes,919.4531,1081.7611,1187.6052,1421.4869,1818.3825,1899.4862,1914.0867,1996.8965,2297.6825,2425.7441,2262.409,2538.0691,2984.5179,3056.2203,3174.8936,3394.7855,3558.5045,3265.9793,3418.0323,3466.6764,3466.6764
Egypt,Food Processing,Emissions (CH4),kilotonnes,47.9902,45.3287,41.8056,25.7642,16.2759,20.2567,17.4463,12.9105,4.367,2.7776,2.737,2.0543,2.1323,25.8441,25.5769,25.8393,28.0257,33.3471,34.3669,34.8562,34.5304
Egypt,Food Processing,Emissions (N2O),kilotonnes,0.0376,0.0363,0.0351,0.0214,0.025,0.0376,0.0336,0.0281,0.0192,0.0297,0.0318,0.0244,0.0241,0.0268,0.0275,0.0284,0.029,0.0315,0.0322,0.0334,0.0334
Egypt,Food Processing,Emissions (CO2),kilotonnes,17973.6137,18381.872,17130.9438,12784.7422,8741.3118,10098.4127,9708.4834,7721.9959,3198.4297,2858.0779,2468.9291,2210.9912,2157.6515,4686.1786,4908.6442,4859.1148,5132.4027,5911.9997,6192.252,5804.9255,5268.3357
Egypt,Food Processing,Emissions (CO2eq) from CH4 (AR5),kilotonnes,1343.7256,1269.2036,1170.5568,721.3976,455.7252,567.1876,488.4964,361.494,122.276,77.7728,76.636,57.5204,59.7044,723.6348,716.1532,723.5004,784.7196,933.7188,962.2732,975.9736,966.8524
Egypt,Food Processing,Emissions (CO2eq) from N2O (AR5),kilotonnes,9.964,9.6195,9.3015,5.671,6.625,9.964,8.904,7.4465,5.088,7.8705,8.427,6.466,6.3865,7.102,7.2875,7.526,7.685,8.3475,8.533,8.851,8.851
Egypt,Food Processing,Emissions (CO2eq) (AR5),kilotonnes,19327.3033,19660.6951,18310.8021,13511.8108,9203.662,10675.5643,10205.8838,8090.9364,3325.7937,2943.7212,2553.9921,2274.9776,2223.7424,5416.9154,5632.0849,5590.1412,5924.8073,6854.066,7163.0582,6789.7501,6244.0391
Egypt,Food Packaging,Emissions (CH4),kilotonnes,0.0619,0.0657,0.0686,0.0722,0.0747,0.0904,0.094,0.0947,0.0978,0.1064,0.1041,0.1048,0.1127,0.8533,0.8864,0.9216,1.0327,1.1898,1.2972,0.7918,0.7844
Egypt,Food Packaging,Emissions (N2O),kilotonnes,0.0005,0.0005,0.0005,0.0005,0.0006,0.0007,0.0008,0.0008,0.0008,0.0009,0.001,0.001,0.0011,0.0012,0.0013,0.0016,0.0017,0.0017,0.0018,0.0016,0.0016
Egypt,Food Packaging,Emissions (CO2),kilotonnes,261.7326,255.8194,255.9463,268.0023,267.8651,273.9796,278.7464,282.4912,296.5054,305.3297,321.2605,334.487,331.7217,415.4183,465.5074,544.1228,591.5388,644.932,687.1654,572.8032,519.855
Egypt,Food Packaging,Emissions (CO2eq) from CH4 (AR5),kilotonnes,1.7332,1.8396,1.9208,2.0216,2.0916,2.5312,2.632,2.6516,2.7384,2.9792,2.9148,2.9344,3.1556,23.8924,24.8192,25.8048,28.9156,33.3144,36.3216,22.1704,21.9632
Egypt,Food Packaging,Emissions (CO2eq) from N2O (AR5),kilotonnes,0.1325,0.1325,0.1325,0.1325,0.159,0.1855,0.212,0.212,0.212,0.2385,0.265,0.265,0.2915,0.318,0.3445,0.424,0.4505,0.4505,0.477,0.424,0.424
Egypt,Food Packaging,Emissions (CO2eq) (AR5),kilotonnes,263.5983,257.7915,257.9996,270.1564,270.1157,276.6963,281.5904,285.3548,299.4558,308.5474,324.4403,337.6864,335.1688,439.6287,490.6711,570.3516,620.9049,678.6969,723.964,595.3976,542.2422
Egypt,Food Retail,Emissions (CH4),kilotonnes,1.8496,1.9064,2.8369,3.0495,3.3654,3.6564,3.946,4.2116,4.37,4.6571,4.7306,4.9805,5.3536,4.3156,6.1799,6.7483,6.5809,6.5055,6.6861,6.8748,6.8105
Egypt,Food Retail,Emissions (N2O),kilotonnes,0.0099,0.0102,0.0152,0.0163,0.018,0.0195,0.0211,0.0225,0.0233,0.0249,0.0253,0.0266,0.0286,0.0231,0.033,0.036,0.0352,0.0348,0.0357,0.0367,0.0367
Egypt,Food Retail,Emissions (CO2),kilotonnes,530.7515,604.6694,928.6988,1011.7017,1374.9521,1448.7665,1545.153,1541.2806,1683.8294,1810.5673,1671.1361,1748.1911,1979.8441,1614.9926,2312.6915,2525.3709,2462.7553,2434.5279,2502.1101,2538.3646,2303.7259
Egypt,Food Retail,Emissions (CO2eq) from F-gases (AR5),kilotonnes,114.29,150.1355,189.6175,238.4505,299.232,335.0775,378.7155,421.834,427.5485,430.146,431.7045,432.7435,433.7825,434.302,434.302,434.302,472.2255,482.096,491.9665,501.837,515.7383
Egypt,Food Retail,Emissions (CO2eq) from CH4 (AR5),kilotonnes,51.7888,53.3792,79.4332,85.386,94.2312,102.3792,110.488,117.9248,122.36,130.3988,132.4568,139.454,149.9008,120.8368,173.0372,188.9524,184.2652,182.154,187.2108,192.4944,190.6954
Egypt,Food Retail,Emissions (CO2eq) from N2O (AR5),kilotonnes,2.6235,2.703,4.028,4.3195,4.77,5.1675,5.5915,5.9625,6.1745,6.5985,6.7045,7.049,7.579,6.1215,8.745,9.54,9.328,9.222,9.4605,9.7255,9.7255
Egypt,Food Retail,Emissions (CO2eq) (AR5),kilotonnes,699.4538,810.8871,1201.7775,1339.8577,1773.1853,1891.3907,2039.948,2087.0019,2239.9124,2377.7106,2242.0019,2327.4376,2571.1064,2176.2529,2928.7757,3158.1653,3128.574,3107.9999,3190.7479,3242.4215,3019.885
Egypt,Food Household Consumption,Emissions (CH4),kilotonnes,11.0299,11.8726,12.6352,14.2422,14.9516,16.132,17.3866,19.1292,20.7919,22.5089,24.3412,26.8073,28.243,29.2758,30.477,31.7425,35.2945,30.3266,31.5491,31.5491,31.2542
Egypt,Food Household Consumption,Emissions (N2O),kilotonnes,0.072,0.076,0.0795,0.0855,0.0892,0.0932,0.0995,0.1092,0.1183,0.1281,0.138,0.151,0.1585,0.1644,0.1703,0.1773,0.1965,0.1702,0.1764,0.1764,0.1764
Egypt,Food Household Consumption,Emissions (CO2),kilotonnes,7414.1806,8100.0772,8572.5653,9053.7725,10690.0997,10949.4892,11487.9363,12140.4978,13391.6762,14541.9757,14445.3009,15348.1193,16371.0837,16958.3562,17479.9369,18138.5614,19634.4076,17915.9481,18110.102,18110.102,16436.059
Egypt,Food Household Consumption,Emissions (CO2eq) from CH4 (AR5),kilotonnes,308.8372,332.4328,353.7856,398.7816,418.6448,451.696,486.8248,535.6176,582.1732,630.2492,681.5536,750.6044,790.804,819.7224,853.356,888.79,988.246,849.1448,883.3748,883.3748,875.119
Egypt,Food Household Consumption,Emissions (CO2eq) from N2O (AR5),kilotonnes,19.08,20.14,21.0675,22.6575,23.638,24.698,26.3675,28.938,31.3495,33.9465,36.57,40.015,42.0025,43.566,45.1295,46.9845,52.0725,45.103,46.746,46.746,46.746
Egypt,Food Household Consumption,Emissions (CO2eq) (AR5),kilotonnes,7742.0978,8452.65,8947.4184,9475.2116,11132.3825,11425.8832,12001.1286,12705.0534,14005.1989,15206.1714,15163.4245,16138.7387,17203.8902,17821.6446,18378.4224,19074.3359,20674.7261,18810.1959,19040.2228,19040.2228,17357.9239
Egypt,Food Transport,Emissions (CH4),kilotonnes,0.3633,0.3954,0.4112,0.432,0.4463,0.4647,0.4926,0.5205,0.5925,0.5629,0.5468,0.5915,0.6359,0.6163,0.6371,0.6532,0.6673,0.6777,0.7161,0.7125,0.7058
Egypt,Food Transport,Emissions (N2O),kilotonnes,0.0548,0.0563,0.0592,0.0639,0.0682,0.0744,0.0811,0.0933,0.1043,0.1119,0.1167,0.1267,0.135,0.1328,0.1408,0.1503,0.1579,0.1558,0.1536,0.1608,0.1608
Egypt,Food Transport,Emissions (CO2),kilotonnes,2974.7,2882.7,2985.55,3141.9,3237.05,3167.8,3457.05,3826.35,4050.45,4338.35,4673.85,4908.4,5362.18,5397.32,5639.85,5820.05,6092.9,6197.2,6096.74,6217.7853,5643.032
Egypt,Food Transport,Emissions (CO2eq) from CH4 (AR5),kilotonnes,10.1724,11.0712,11.5136,12.096,12.4964,13.0116,13.7928,14.574,16.59,15.7612,15.3104,16.562,17.8052,17.2564,17.8388,18.2896,18.6844,18.9756,20.0508,19.95,19.7636
Egypt,Food Transport,Emissions (CO2eq) from N2O (AR5),kilotonnes,14.522,14.9195,15.688,16.9335,18.073,19.716,21.4915,24.7245,27.6395,29.6535,30.9255,33.5755,35.775,35.192,37.312,39.8295,41.8435,41.287,40.704,42.612,42.612
Egypt,Food Transport,Emissions (CO2eq) (AR5),kilotonnes,2999.3944,2908.6907,3012.7516,3170.9295,3267.6194,3200.5276,3492.3343,3865.6485,4094.6795,4383.7647,4720.0859,4958.5375,5415.7602,5449.7684,5695.0008,5878.1691,6153.4279,6257.4626,6157.4948,6280.3473,5705.4076
Egypt,Energy,Emissions (CH4),kilotonnes,813,866,905,956,990,1210,1260,1270,1310,1360,1230,1210,1180,1110,1050,994,1010,1130,1130,1070,1060
Egypt,Energy,Emissions (N2O),kilotonnes,1.17,1.2,1.23,1.27,2.19,3.44,3.62,3.94,4.16,4.39,4.46,4.62,4.71,3.07,3.21,3.32,3.42,3.44,3.45,3.7,3.7
Egypt,Energy,Emissions (CO2),kilotonnes,131000,114000,115000,136000,138000,153000,162000,171000,180000,185000,182000,194000,189000,192000,207000,204000,218000,234000,231000,238000,216000
Egypt,Energy,Emissions (CO2eq) from CH4 (AR5),kilotonnes,22764,24248,25340,26768,27720,33880,35280,35560,36680,38080,34440,33880,33040,31080,29400,27832,28280,31640,31640,29960,29680
Egypt,Energy,Emissions (CO2eq) from N2O (AR5),kilotonnes,310.05,318,325.95,336.55,580.35,911.6,959.3,1044.1,1102.4,1163.35,1181.9,1224.3,1248.15,813.55,850.65,879.8,906.3,911.6,914.25,980.5,980.5
Egypt,Energy,Emissions (CO2eq) (AR5),kilotonnes,154074.05,138566,140665.95,163104.55,166300.35,187791.6,198239.3,207604.1,217782.4,224243.35,217621.9,229104.3,223288.15,223893.55,237250.65,232711.8,247186.3,266551.6,263554.25,268940.5,246660.5
Egypt,IPPU,Emissions (CH4),kilotonnes,0.264,0.256,0.262,0.267,0.287,0.293,0.284,0.246,0.266,0.271,0.279,1.19,1.99,1.97,1.55,0.358,0.921,1.63,1.06,1.58,1.68
Egypt,IPPU,Emissions (N2O),kilotonnes,10.8,10.3,9.8,10.2,10.5,10.6,10.8,12.5,14.2,14.8,18.6,18.6,18.6,18.6,18.6,18.6,18.6,18.6,18.6,21.5,22.1
Egypt,IPPU,Emissions (CO2),kilotonnes,16600,17900,19000,18100,18900,20700,22500,24000,24500,26300,29800,30800,30300,28900,29500,28900,28600,30300,29800,28500,27100
Egypt,IPPU,Emissions (CO2eq) from F-gases (AR5),kilotonnes,1700.5705,1758.8758,1797.746,1846.3337,2040.6846,2332.211,2429.3865,2526.5619,2594.5847,2682.0426,2740.3479,2788.9357,2876.3936,2963.8515,3051.3094,3138.7673,3235.9428,3323.4007,3420.5761,3508.034,3605.2095
Egypt,IPPU,Emissions (CO2eq) from CH4 (AR5),kilotonnes,7.392,7.168,7.336,7.476,8.036,8.204,7.952,6.888,7.448,7.588,7.812,33.32,55.72,55.16,43.4,10.024,25.788,45.64,29.68,44.24,47.04
Egypt,IPPU,Emissions (CO2eq) from N2O (AR5),kilotonnes,2862,2729.5,2597,2703,2782.5,2809,2862,3312.5,3763,3922,4929,4929,4929,4929,4929,4929,4929,4929,4929,5697.5,5856.5
Egypt,IPPU,Emissions (CO2eq) (AR5),kilotonnes,21169.9625,22395.5438,23402.082,22656.8097,23731.2206,25849.415,27799.3385,29845.9499,30865.0327,32911.6306,37477.1599,38551.2557,38161.1136,36848.0115,37523.7094,36977.7913,36790.7308,38598.0407,38179.2561,37749.774,36608.7495
Egypt,Waste,Emissions (CH4),kilotonnes,495,508,518,528,538,550,565,553,573,578,603,621,650,648,661,669,682,707,720,727,741
Egypt,Waste,Emissions (N2O),kilotonnes,4.16,4.24,4.32,4.42,4.49,4.57,4.71,4.9,5.07,5.19,5.35,5.5,5.69,5.82,5.87,5.9,5.88,5.95,6.07,6.35,6.47
Egypt,Waste,Emissions (CO2),kilotonnes,0.147,0.182,0.217,0.252,0.287,0.321,0.328,0.334,0.339,0.345,0.352,0.359,0.367,0.375,0.383,0.39,0.398,0.406,0.414,0.422,0.43
Egypt,Waste,Emissions (CO2eq) from CH4 (AR5),kilotonnes,13860,14224,14504,14784,15064,15400,15820,15484,16044,16184,16884,17388,18200,18144,18508,18732,19096,19796,20160,20356,20748
Egypt,Waste,Emissions (CO2eq) from N2O (AR5),kilotonnes,1102.4,1123.6,1144.8,1171.3,1189.85,1211.05,1248.15,1298.5,1343.55,1375.35,1417.75,1457.5,1507.85,1542.3,1555.55,1563.5,1558.2,1576.75,1608.55,1682.75,1714.55
Egypt,Waste,Emissions (CO2eq) (AR5),kilotonnes,14962.547,15347.782,15649.017,15955.552,16254.137,16611.371,17068.478,16782.834,17387.889,17559.695,18302.102,18845.859,19708.217,19686.675,20063.933,20295.89,20654.598,21373.156,21768.964,22039.172,22462.98
Egypt,Other,Emissions (N2O),kilotonnes,2.38,2.33,2.35,2.41,2.55,2.6,2.7,2.83,2.89,2.9,2.91,2.92,3.11,3.23,3.37,3.43,3.41,3.44,3.68,3.67,3.75
Egypt,Other,Emissions (CO2eq) from N2O (AR5),kilotonnes,630.7,617.45,622.75,638.65,675.75,689,715.5,749.95,765.85,768.5,771.15,773.8,824.15,855.95,893.05,908.95,903.65,911.6,975.2,972.55,993.75
Egypt,Other,Emissions (CO2eq) (AR5),kilotonnes,630.7,617.45,622.75,638.65,675.75,689,715.5,749.95,765.85,768.5,771.15,773.8,824.15,855.95,893.05,908.95,903.65,911.6,975.2,972.55,993.75
Egypt,Farm-gate emissions,Emissions (CH4),kilotonnes,604.3831,590.7953,637.7475,642.0463,654.7816,654.5246,678.3739,706.0237,713.4245,633.3331,596.0522,645.3808,669.9816,643.9823,640.3043,615.5193,623.4246,591.6542,527.2579,395.4221,398.4381
Egypt,Farm-gate emissions,Direct emissions (N2O),kilotonnes,33.9526,34.6669,36.468,37.5041,40.4146,39.9673,39.1866,37.9287,38.5739,38.2306,37.236,38.7795,37.7254,37.8737,38.1652,39.5987,40.4945,39.9852,37.9128,32.9391,32.8455
Egypt,Farm-gate emissions,Indirect emissions (N2O),kilotonnes,9.826,10.0403,10.5429,10.8437,11.7857,11.5907,11.3099,10.8422,10.9843,10.9763,10.6379,11.0582,10.6329,10.703,10.8002,11.2778,11.592,11.5113,10.8722,9.5887,9.5966
Egypt,Farm-gate emissions,Emissions (N2O),kilotonnes,44.9688,45.9047,48.2592,49.6264,53.4453,53.9528,52.9975,51.4697,52.3774,52.1393,50.8473,52.8891,51.4222,50.041,50.4335,52.3771,53.5832,53.0293,50.2499,43.9763,43.8848
Egypt,Farm-gate emissions,Emissions (CO2),kilotonnes,3134.6513,3248.7473,3399.1023,3520.0805,3572.8825,6634.4062,7002.7204,7593.6027,7963.5216,8608.9796,8704.0822,8652.8986,8250.957,3841.9491,3612.7264,3517.0662,3646.077,3803.3504,3719.0982,3740.3726,3740.3726
Egypt,Farm-gate emissions,Emissions (CO2eq) from CH4 (AR5),kilotonnes,16922.7255,16542.2682,17856.9304,17977.2962,18333.8845,18326.6879,18994.4695,19768.665,19975.8862,17733.3265,16689.4603,18070.6615,18759.4857,18031.5034,17928.5212,17234.5408,17455.8885,16566.3185,14763.2222,11071.8174,11156.2666
Egypt,Farm-gate emissions,Emissions (CO2eq) from N2O (AR5),kilotonnes,11916.7366,12164.7366,12788.6852,13150.9952,14163.0138,14297.4956,14044.3387,13639.4706,13880.0104,13816.9042,13474.5387,14015.6224,13626.8956,13260.8737,13364.8726,13879.9263,14199.5467,14052.7648,13316.211,11653.708,11629.4696
Egypt,Farm-gate emissions,Emissions (CO2eq) (AR5),kilotonnes,31974.1134,31955.7521,34044.718,34648.3719,36069.7807,39258.5897,40041.5285,41001.7383,41819.4182,40159.2102,38868.0813,40739.1825,40637.3383,35134.3262,34906.1202,34631.5334,35301.5123,34422.4337,31798.5314,26465.898,26526.1087
Egypt,Land Use change,Emissions (CH4),kilotonnes,0,0,0,0,0,0,0,0,0,0,0,0,0,0,0,0,0,0,0,0,0
Egypt,Land Use change,Emissions (N2O),kilotonnes,0,0,0,0,0,0,0,0,0,0,0,0,0,0,0,0,0,0,0,0,0
Egypt,Land Use change,Emissions (CO2),kilotonnes,0,0,0,0,0,0,0,0,0,0,0,915.1512,915.1512,915.1512,915.1512,915.1512,182.8177,182.8177,182.8177,182.8177,182.8177
Egypt,Land Use change,Emissions (CO2eq) from CH4 (AR5),kilotonnes,0,0,0,0,0,0,0,0,0,0,0,0,0,0,0,0,0,0,0,0,0
Egypt,Land Use change,Emissions (CO2eq) from N2O (AR5),kilotonnes,0,0,0,0,0,0,0,0,0,0,0,0,0,0,0,0,0,0,0,0,0
Egypt,Land Use change,Emissions (CO2eq) (AR5),kilotonnes,0,0,0,0,0,0,0,0,0,0,0,915.1512,915.1512,915.1512,915.1512,915.1512,182.8177,182.8177,182.8177,182.8177,182.8177
Egypt,Emissions on agricultural land,Emissions (CH4),kilotonnes,604.3831,590.7953,637.7475,642.0463,654.7816,654.5246,678.3739,706.0237,713.4245,633.3331,596.0522,645.3808,669.9816,643.9823,640.3043,615.5193,623.4246,591.6542,527.2579,395.4221,398.4381
Egypt,Emissions on agricultural land,Emissions (N2O),kilotonnes,44.9688,45.9047,48.2592,49.6264,53.4453,53.9528,52.9975,51.4697,52.3774,52.1393,50.8473,52.8891,51.4222,50.041,50.4335,52.3771,53.5832,53.0293,50.2499,43.9763,43.8848
Egypt,Emissions on agricultural land,Emissions (CO2),kilotonnes,3134.6513,3248.7473,3399.1023,3520.0805,3572.8825,6634.4062,7002.7204,7593.6027,7963.5216,8608.9796,8704.0822,9568.0497,9166.1082,4757.1003,4527.8776,4432.2174,3828.8947,3986.1681,3901.9159,3923.1902,3923.1902
Egypt,Emissions on agricultural land,Emissions (CO2eq) from CH4 (AR5),kilotonnes,16922.7255,16542.2682,17856.9304,17977.2962,18333.8845,18326.6879,18994.4695,19768.665,19975.8862,17733.3265,16689.4603,18070.6615,18759.4857,18031.5034,17928.5212,17234.5408,17455.8885,16566.3185,14763.2222,11071.8174,11156.2666
Egypt,Emissions on agricultural land,Emissions (CO2eq) from N2O (AR5),kilotonnes,11916.7366,12164.7366,12788.6852,13150.9952,14163.0138,14297.4956,14044.3387,13639.4706,13880.0104,13816.9042,13474.5387,14015.6224,13626.8956,13260.8737,13364.8726,13879.9263,14199.5467,14052.7648,13316.211,11653.708,11629.4696
Egypt,Emissions on agricultural land,Emissions (CO2eq) (AR5),kilotonnes,31974.1134,31955.7521,34044.718,34648.3719,36069.7807,39258.5897,40041.5285,41001.7383,41819.4182,40159.2102,38868.0813,41654.3337,41552.4894,36049.4774,35821.2713,35546.6845,35484.33,34605.2513,31981.3491,26648.7156,26708.9264
Egypt,Pre- and post- production,Emissions (CH4),kilotonnes,531.7122,537.6557,548.7507,542.0424,540.6723,554.0326,556.7973,562.6261,571.8012,581.7334,579.0927,602.1138,605.9979,626.5943,625.8345,633.164,643.3788,647.7293,655.355,660.5636,664.8468
Egypt,Pre- and post- production,Emissions (N2O),kilotonnes,8.4035,8.2881,8.2085,8.2791,8.1854,7.8316,7.8972,7.6707,7.7227,7.8298,8.1474,7.6989,7.6562,4.7568,8.1145,5.1778,7.9863,6.026,6.6534,6.0654,6.1209
Egypt,Pre- and post- production,Emissions (CO2),kilotonnes,29988.9476,31215.0828,33776.1903,30415.5762,28965.1711,29958.9052,31244.6521,30868.1155,25104.3075,26330.0951,30583.6,31653.3105,33167.4187,42638.1508,44827.8608,41987.1692,44524.4204,46826.8264,48342.7996,47137.9155,43077.7249
Egypt,Pre- and post- production,Emissions (CO2eq) from F-gases (AR5),kilotonnes,114.29,150.1355,189.6175,238.4505,299.232,335.0775,378.7155,421.834,427.5485,430.146,431.7045,432.7435,433.7825,434.302,434.302,434.302,472.2255,482.096,491.9665,501.837,515.7383
Egypt,Pre- and post- production,Emissions (CO2eq) from CH4 (AR5),kilotonnes,14887.9425,15054.3603,15365.0183,15177.1883,15138.8242,15512.9118,15590.3253,15753.53,16010.4342,16288.5352,16214.5946,16859.1862,16967.9403,17544.6412,17523.3667,17728.5925,18014.6065,18136.4218,18349.9402,18495.7813,18615.7113
Egypt,Pre- and post- production,Emissions (CO2eq) from N2O (AR5),kilotonnes,2226.9381,2196.3378,2175.2444,2193.9709,2169.1233,2075.3837,2092.7509,2032.7239,2046.5231,2074.8892,2159.0657,2040.2097,2028.9062,1260.553,2150.3373,1372.1067,2116.3692,1596.8846,1763.1632,1607.3215,1622.0348
Egypt,Pre- and post- production,Emissions (CO2eq) (AR5),kilotonnes,47218.1182,48615.9165,51506.0704,48025.1858,46572.3506,47882.2782,49306.4438,49076.2034,43588.8133,45123.6655,49388.9649,50985.4498,52598.0478,61877.647,64935.8668,61522.1704,65127.6217,67042.2288,68947.8695,67742.8553,63831.2092
Egypt,Agri-food systems,Emissions (CH4),kilotonnes,1136.0953,1128.451,1186.4982,1184.0887,1195.4539,1208.5571,1235.1712,1268.6498,1285.2257,1215.0665,1175.1448,1247.4946,1275.9795,1270.5766,1266.1389,1248.6833,1266.8034,1239.3836,1182.6129,1055.9857,1063.2849
Egypt,Agri-food systems,Emissions (N2O),kilotonnes,53.3724,54.1927,56.4677,57.9055,61.6307,61.7845,60.8947,59.1404,60.1001,59.969,58.9947,60.588,59.0785,54.7978,58.548,57.5548,61.5695,59.0553,56.9033,50.0416,50.0057
Egypt,Agri-food systems,Emissions (CO2),kilotonnes,33123.5989,34463.8301,37175.2926,33935.6567,32538.0536,36593.3114,38247.3725,38461.7182,33067.8291,34939.0747,39287.6822,41221.3602,42333.5269,47395.2511,49355.7384,46419.3866,48353.3151,50812.9945,52244.7155,51061.1057,47000.9151
Egypt,Agri-food systems,Emissions (CO2eq) from F-gases (AR5),kilotonnes,114.29,150.1355,189.6175,238.4505,299.232,335.0775,378.7155,421.834,427.5485,430.146,431.7045,432.7435,433.7825,434.302,434.302,434.302,472.2255,482.096,491.9665,501.837,515.7383
Egypt,Agri-food systems,Emissions (CO2eq) from CH4 (AR5),kilotonnes,31810.668,31596.6286,33221.9487,33154.4845,33472.7086,33839.5997,34584.7948,35522.195,35986.3205,34021.8617,32904.055,34929.8477,35727.426,35576.1446,35451.8879,34963.1333,35470.4951,34702.7403,33113.1624,29567.5988,29771.9779
Egypt,Agri-food systems,Emissions (CO2eq) from N2O (AR5),kilotonnes,14143.6747,14361.0745,14963.9296,15344.966,16332.1371,16372.8793,16137.0896,15672.1945,15926.5335,15891.7933,15633.6045,16055.8321,15655.8018,14521.4266,15515.2099,15252.033,16315.916,15649.6493,15079.3742,13261.0295,13251.5043
Egypt,Agri-food systems,Emissions (CO2eq) (AR5),kilotonnes,79192.2316,80571.6686,85550.7884,82673.5577,82642.1313,87140.8679,89347.9724,90077.9417,85408.2315,85282.8757,88257.0462,92639.7835,94150.5372,97927.1243,100757.1381,97068.8549,100611.9517,101647.4801,100929.2185,94391.571,90540.1356
Egypt,IPCC Agriculture,Emissions (CH4),kilotonnes,604.0669,590.4698,637.4077,641.6912,654.4129,653.9679,677.778,705.3648,712.7175,632.5485,595.2503,644.5642,669.2134,643.5096,639.7622,614.9634,622.8395,591.0651,526.6735,394.8292,397.8452
Egypt,IPCC Agriculture,Emissions (CH4),kilotonnes,599,,,,,714.68,,,,,,,,,,,,,,,
Egypt,IPCC Agriculture,Direct emissions (N2O),kilotonnes,33.9526,34.6669,36.468,37.5041,40.4146,39.9673,39.1866,37.9287,38.5739,38.2306,37.236,38.7795,37.7254,37.8737,38.1652,39.5987,40.4945,39.9852,37.9128,32.9391,32.8455
Egypt,IPCC Agriculture,Indirect emissions (N2O),kilotonnes,9.826,10.0403,10.5429,10.8437,11.7857,11.5907,11.3099,10.8422,10.9843,10.9763,10.6379,11.0582,10.6329,10.703,10.8002,11.2778,11.592,11.5113,10.8722,9.5887,9.5966
Egypt,IPCC Agriculture,Emissions (N2O),kilotonnes,44.1941,45.1294,47.4485,48.7922,52.631,52.0026,50.9447,49.2339,50.0437,49.6654,48.3339,50.3055,48.8536,49.0836,49.474,51.3832,52.5886,51.9893,49.2446,42.9618,42.8704
Egypt,IPCC Agriculture,Emissions (N2O),kilotonnes,62,,,,,76.86,,,,,,,,,,,,,,,
Egypt,IPCC Agriculture,Emissions (CO2eq) from CH4 (AR5),kilotonnes,16913.8739,16533.1557,17847.4166,17967.3543,18323.5619,18311.1,18977.7836,19750.2131,19956.0887,17711.3583,16667.0092,18047.7969,18737.9756,18018.2683,17913.3405,17218.9739,17439.5063,16549.8229,14746.859,11055.2178,11139.6669
Egypt,IPCC Agriculture,Emissions (CO2eq) from CH4 (AR5),kilotonnes,16772,,,,,20011.04,,,,,,,,,,,,,,,
Egypt,IPCC Agriculture,Emissions (CO2eq) from N2O (AR5),kilotonnes,11711.4387,11959.2868,12573.8469,12929.9238,13947.2192,13780.7012,13500.3345,13046.9847,13261.5676,13161.3222,12808.4783,13330.97,12946.2085,13007.1639,13110.6075,13616.5509,13935.9916,13777.1532,13049.8177,11384.8891,11360.6506
Egypt,IPCC Agriculture,Emissions (CO2eq) from N2O (AR5),kilotonnes,16430,,,,,20367.9,,,,,,,,,,,,,,,
Egypt,IPCC Agriculture,Emissions (CO2eq) (AR5),kilotonnes,28625.3126,28492.4425,30421.2635,30897.2781,32270.7811,32091.8012,32478.1181,32797.1978,33217.6563,30872.6805,29475.4874,31378.7669,31684.1841,31025.4322,31023.9479,30835.5248,31375.4978,30326.9761,27796.6767,22440.1069,22500.3176
Egypt,IPCC Agriculture,Emissions (CO2eq) (AR5),kilotonnes,33202,,,,,40378.94,,,,,,,,,,,,,,,
Egypt,Agricultural Soils,Direct emissions (N2O),kilotonnes,33.9526,34.6669,36.468,37.5041,40.4146,39.9673,39.1866,37.9287,38.5739,38.2306,37.236,38.7795,37.7254,37.8737,38.1652,39.5987,40.4945,39.9852,37.9128,32.9391,32.8455
Egypt,Agricultural Soils,Indirect emissions (N2O),kilotonnes,9.826,10.0403,10.5429,10.8437,11.7857,11.5907,11.3099,10.8422,10.9843,10.9763,10.6379,11.0582,10.6329,10.703,10.8002,11.2778,11.592,11.5113,10.8722,9.5887,9.5966
Egypt,Agricultural Soils,Emissions (N2O),kilotonnes,43.7786,44.7072,47.011,48.3478,52.2003,51.558,50.4965,48.7709,49.5582,49.2069,47.874,49.8377,48.3584,48.5767,48.9654,50.8765,52.0865,51.4964,48.7851,42.5278,42.4421
Egypt,Agricultural Soils,Emissions (N2O),kilotonnes,33,,,,,64.59,,,,,,,,,,,,,,,
Egypt,Agricultural Soils,Emissions (CO2eq) from N2O (AR5),kilotonnes,11601.3264,11847.401,12457.9077,12812.1626,13833.0691,13662.8578,13381.5717,12924.2809,13132.9138,13039.8282,12686.601,13206.9874,12814.9654,12872.8366,12975.8357,13482.2727,13802.9287,13646.5583,12928.0393,11269.8701,11247.1493
Egypt,Agricultural Soils,Emissions (CO2eq) from N2O (AR5),kilotonnes,8745,,,,,17116.35,,,,,,,,,,,,,,,
Egypt,Agricultural Soils,Emissions (CO2eq) (AR5),kilotonnes,11601.3264,11847.401,12457.9077,12812.1626,13833.0691,13662.8578,13381.5717,12924.2809,13132.9138,13039.8282,12686.601,13206.9874,12814.9654,12872.8366,12975.8357,13482.2727,13802.9287,13646.5583,12928.0393,11269.8701,11247.1493
Egypt,Agricultural Soils,Emissions (CO2eq) (AR5),kilotonnes,8745,,,,,17116.35,,,,,,,,,,,,,,,
Egypt,LULUCF,Emissions (CH4),kilotonnes,0,0,0,0,0,0,0,0,0,0,0,0,0,0,0,0,0,0,0,0,0
Egypt,LULUCF,Emissions (N2O),kilotonnes,0,0,0,0,0,0,0,0,0,0,0,0,0,0,0,0,0,0,0,0,0
Egypt,LULUCF,Emissions (CO2),kilotonnes,-409.2139,-170.8601,-170.8601,-170.8601,-170.8601,-170.8601,-170.8601,-170.8601,-170.8601,-170.8601,-170.8601,915.1512,915.1512,915.1512,915.1512,915.1512,182.8177,182.8177,182.8177,182.8177,182.8177
Egypt,LULUCF,Emissions (CO2),kilotonnes,,,,,,,,,,,,,,,,,,,,,
Egypt,LULUCF,Emissions (CO2eq) from CH4 (AR5),kilotonnes,0,0,0,0,0,0,0,0,0,0,0,0,0,0,0,0,0,0,0,0,0
Egypt,LULUCF,Emissions (CO2eq) from N2O (AR5),kilotonnes,0,0,0,0,0,0,0,0,0,0,0,0,0,0,0,0,0,0,0,0,0
Egypt,LULUCF,Emissions (CO2eq) (AR5),kilotonnes,-409.2139,-170.8601,-170.8601,-170.8601,-170.8601,-170.8601,-170.8601,-170.8601,-170.8601,-170.8601,-170.8601,915.1512,915.1512,915.1512,915.1512,915.1512,182.8177,182.8177,182.8177,182.8177,182.8177
Egypt,LULUCF,Emissions (CO2eq) (AR5),kilotonnes,,,,,,,,,,,,,,,,,,,,,
Egypt,AFOLU,Emissions (CH4),kilotonnes,604.0669,590.4698,637.4077,641.6912,654.4129,653.9679,677.778,705.3648,712.7175,632.5485,595.2503,644.5642,669.2134,643.5096,639.7622,614.9634,622.8395,591.0651,526.6735,394.8292,397.8452
Egypt,AFOLU,Emissions (N2O),kilotonnes,44.1941,45.1294,47.4485,48.7922,52.631,52.0026,50.9447,49.2339,50.0437,49.6654,48.3339,50.3055,48.8536,49.0836,49.474,51.3832,52.5886,51.9893,49.2446,42.9618,42.8704
Egypt,AFOLU,Emissions (CO2),kilotonnes,-409.2139,-170.8601,-170.8601,-170.8601,-170.8601,-170.8601,-170.8601,-170.8601,-170.8601,-170.8601,-170.8601,915.1512,915.1512,915.1512,915.1512,915.1512,182.8177,182.8177,182.8177,182.8177,182.8177
Egypt,AFOLU,Emissions (CO2eq) from CH4 (AR5),kilotonnes,16913.8739,16533.1557,17847.4166,17967.3543,18323.5619,18311.1,18977.7836,19750.2131,19956.0887,17711.3583,16667.0092,18047.7969,18737.9756,18018.2683,17913.3405,17218.9739,17439.5063,16549.8229,14746.859,11055.2178,11139.6669
Egypt,AFOLU,Emissions (CO2eq) from N2O (AR5),kilotonnes,11711.4387,11959.2868,12573.8469,12929.9238,13947.2192,13780.7012,13500.3345,13046.9847,13261.5676,13161.3222,12808.4783,13330.97,12946.2085,13007.1639,13110.6075,13616.5509,13935.9916,13777.1532,13049.8177,11384.8891,11360.6506
Egypt,AFOLU,Emissions (CO2eq) (AR5),kilotonnes,28216.0986,28321.5824,30250.4034,30726.418,32099.921,31920.9411,32307.258,32626.3377,33046.7962,30701.8204,29304.6273,32293.9181,32599.3353,31940.5834,31939.0991,31750.6759,31558.3155,30509.7938,27979.4944,22622.9245,22683.1352
Egypt,All sectors with LULUCF,Emissions (CH4),kilotonnes,1912.3309,1964.7258,2060.6697,2125.9582,2182.6999,2414.2609,2503.062,2528.6108,2595.9835,2570.8195,2428.5293,2476.7542,2501.2034,2403.4796,2352.3122,2278.3214,2315.7605,2429.6951,2377.7335,2193.4092,2200.5252
Egypt,All sectors with LULUCF,Emissions (N2O),kilotonnes,62.7041,63.1994,65.1485,67.0922,72.361,73.2126,72.7747,73.4039,76.3637,76.9454,79.6539,81.9455,80.9636,79.8036,80.524,82.6332,83.8986,83.4193,81.0446,78.1818,78.8904
Egypt,All sectors with LULUCF,Emissions (CO2),kilotonnes,147190.9331,131729.3219,133829.3569,153929.3919,156729.4269,173529.4609,184329.4679,194829.4739,204329.4789,211129.4849,211629.4919,225715.5102,220215.5182,221815.5262,237415.5342,233815.5412,246783.2157,264483.2237,260983.2317,266683.2397,243283.2477
Egypt,All sectors with LULUCF,Emissions (CO2eq) from F-gases (AR5),kilotonnes,1700.5705,1758.8758,1797.746,1846.3337,2040.6846,2332.211,2429.3865,2526.5619,2594.5847,2682.0426,2740.3479,2788.9357,2876.3936,2963.8515,3051.3094,3138.7673,3235.9428,3323.4007,3420.5761,3508.034,3605.2095
Egypt,All sectors with LULUCF,Emissions (CO2eq) from CH4 (AR5),kilotonnes,53545.2659,55012.3237,57698.7526,59526.8303,61115.5979,67599.304,70085.7356,70801.1011,72687.5367,71982.9463,67998.8212,69349.1169,70033.6956,67297.4283,65864.7405,63792.9979,64841.2943,68031.4629,66576.539,61415.4578,61614.7069
Egypt,All sectors with LULUCF,Emissions (CO2eq) from N2O (AR5),kilotonnes,16616.5887,16747.8368,17264.3469,17779.4238,19175.6692,19401.3512,19285.2845,19452.0347,20236.3676,20390.5222,21108.2783,21715.57,21455.3585,21147.9639,21338.8575,21897.8009,22233.1416,22106.1032,21476.8177,20718.1891,20905.9506
Egypt,All sectors with LULUCF,Emissions (CO2eq) (AR5),kilotonnes,219053.3582,205248.3582,210590.2024,233081.9797,239061.3786,262862.3271,276129.8745,287609.1716,299847.9679,306184.9961,303476.9393,319569.1327,314580.9658,313224.7699,327670.4415,322645.1072,337093.5942,357944.1905,352457.1645,352324.9205,329409.1147
Egypt,All sectors without LULUCF,Emissions (CH4),kilotonnes,1912.3309,1964.7258,2060.6697,2125.9582,2182.6999,2414.2609,2503.062,2528.6108,2595.9835,2570.8195,2428.5293,2476.7542,2501.2034,2403.4796,2352.3122,2278.3214,2315.7605,2429.6951,2377.7335,2193.4092,2200.5252
Egypt,All sectors without LULUCF,Emissions (N2O),kilotonnes,62.7041,63.1994,65.1485,67.0922,72.361,73.2126,72.7747,73.4039,76.3637,76.9454,79.6539,81.9455,80.9636,79.8036,80.524,82.6332,83.8986,83.4193,81.0446,78.1818,78.8904
Egypt,All sectors without LULUCF,Emissions (CO2),kilotonnes,147600.147,131900.182,134000.217,154100.252,156900.287,173700.321,184500.328,195000.334,204500.339,211300.345,211800.352,224800.359,219300.367,220900.375,236500.383,232900.39,246600.398,264300.406,260800.414,266500.422,243100.43
Egypt,All sectors without LULUCF,Emissions (CO2eq) from F-gases (AR5),kilotonnes,1700.5705,1758.8758,1797.746,1846.3337,2040.6846,2332.211,2429.3865,2526.5619,2594.5847,2682.0426,2740.3479,2788.9357,2876.3936,2963.8515,3051.3094,3138.7673,3235.9428,3323.4007,3420.5761,3508.034,3605.2095
Egypt,All sectors without LULUCF,Emissions (CO2eq) from CH4 (AR5),kilotonnes,53545.2659,55012.3237,57698.7526,59526.8303,61115.5979,67599.304,70085.7356,70801.1011,72687.5367,71982.9463,67998.8212,69349.1169,70033.6956,67297.4283,65864.7405,63792.9979,64841.2943,68031.4629,66576.539,61415.4578,61614.7069
Egypt,All sectors without LULUCF,Emissions (CO2eq) from N2O (AR5),kilotonnes,16616.5887,16747.8368,17264.3469,17779.4238,19175.6692,19401.3512,19285.2845,19452.0347,20236.3676,20390.5222,21108.2783,21715.57,21455.3585,21147.9639,21338.8575,21897.8009,22233.1416,22106.1032,21476.8177,20718.1891,20905.9506
Egypt,All sectors without LULUCF,Emissions (CO2eq) (AR5),kilotonnes,219462.5721,205419.2183,210761.0625,233252.8398,239232.2387,263033.1872,276300.7346,287780.0317,300018.828,306355.8562,303647.7994,318653.9816,313665.8147,312309.6187,326755.2903,321729.9561,336910.7766,357761.3728,352274.3469,352142.1029,329226.2971
El Salvador,Crop Residues,Direct emissions (N2O),kilotonnes,0.141,0.1423,0.1424,0.1399,0.1448,0.152,0.1589,0.1471,0.176,0.1694,0.1653,0.1602,0.1874,0.1813,0.178,0.1562,0.1855,0.1715,0.1457,0.1572,0.1729
El Salvador,Crop Residues,Indirect emissions (N2O),kilotonnes,0.0317,0.032,0.032,0.0315,0.0326,0.0342,0.0357,0.0331,0.0396,0.0381,0.0372,0.036,0.0422,0.0408,0.0401,0.0352,0.0417,0.0386,0.0328,0.0354,0.0389
El Salvador,Crop Residues,Emissions (N2O),kilotonnes,0.1727,0.1744,0.1744,0.1714,0.1774,0.1862,0.1946,0.1802,0.2156,0.2075,0.2025,0.1962,0.2296,0.2222,0.2181,0.1914,0.2273,0.21,0.1785,0.1925,0.2118
El Salvador,Crop Residues,Emissions (CO2eq) from N2O (AR5),kilotonnes,45.7686,46.2069,46.2107,45.4164,47.0129,49.3392,51.5781,47.7524,57.1425,54.9962,53.6678,51.9944,60.8382,58.87,57.7933,50.7142,60.2262,55.6571,47.3071,51.0253,56.1383
El Salvador,Crop Residues,Emissions (CO2eq) (AR5),kilotonnes,45.7686,46.2069,46.2107,45.4164,47.0129,49.3392,51.5781,47.7524,57.1425,54.9962,53.6678,51.9944,60.8382,58.87,57.7933,50.7142,60.2262,55.6571,47.3071,51.0253,56.1383
El Salvador,Rice Cultivation,Emissions (CH4),kilotonnes,0.2283,0.1752,0.1372,0.093,0.1118,0.1009,0.1174,0.1183,0.1242,0.163,0.1376,0.1308,0.124,0.1648,0.1988,0.1697,0.1116,0.1254,0.0996,0.0968,0.1025
El Salvador,Rice Cultivation,Emissions (CO2eq) from CH4 (AR5),kilotonnes,6.3935,4.9055,3.8416,2.6029,3.1297,2.8248,3.2881,3.3124,3.4786,4.5652,3.8541,3.6621,3.4716,4.6131,5.5656,4.7518,3.1242,3.5123,2.7895,2.7095,2.8687
El Salvador,Rice Cultivation,Emissions (CO2eq) (AR5),kilotonnes,6.3935,4.9055,3.8416,2.6029,3.1297,2.8248,3.2881,3.3124,3.4786,4.5652,3.8541,3.6621,3.4716,4.6131,5.5656,4.7518,3.1242,3.5123,2.7895,2.7095,2.8687
El Salvador,Burning - Crop residues,Emissions (CH4),kilotonnes,0.8325,0.9067,0.7787,0.741,0.7486,0.768,0.7639,0.7659,0.8156,0.8246,0.8034,0.8511,0.9024,0.9384,0.9993,0.9158,0.9643,0.9105,0.877,0.859,0.9582
El Salvador,Burning - Crop residues,Emissions (CH4),kilotonnes,,,,,,2.93,,,,,,,,,,,,,,,
El Salvador,Burning - Crop residues,Emissions (N2O),kilotonnes,0.0216,0.0235,0.0202,0.0192,0.0194,0.0199,0.0198,0.0199,0.0211,0.0214,0.0208,0.0221,0.0234,0.0243,0.0259,0.0237,0.025,0.0236,0.0227,0.0223,0.0248
El Salvador,Burning - Crop residues,Emissions (N2O),kilotonnes,,,,,,0.07,,,,,,,,,,,,,,,
El Salvador,Burning - Crop residues,Emissions (CO2eq) from CH4 (AR5),kilotonnes,23.3101,25.3875,21.8033,20.7485,20.9605,21.505,21.3894,21.4454,22.8381,23.0885,22.4961,23.8301,25.2683,26.2766,27.9807,25.6424,26.9991,25.4946,24.5549,24.0507,26.8294
El Salvador,Burning - Crop residues,Emissions (CO2eq) from CH4 (AR5),kilotonnes,,,,,,82.04,,,,,,,,,,,,,,,
El Salvador,Burning - Crop residues,Emissions (CO2eq) from N2O (AR5),kilotonnes,5.7196,6.2293,5.3499,5.0911,5.1431,5.2767,5.2483,5.2621,5.6038,5.6652,5.5199,5.8472,6.2001,6.4475,6.8656,6.2919,6.6248,6.2556,6.025,5.9013,6.5831
El Salvador,Burning - Crop residues,Emissions (CO2eq) from N2O (AR5),kilotonnes,,,,,,18.55,,,,,,,,,,,,,,,
El Salvador,Burning - Crop residues,Emissions (CO2eq) (AR5),kilotonnes,29.0297,31.6168,27.1531,25.8396,26.1036,26.7817,26.6377,26.7074,28.4418,28.7537,28.016,29.6773,31.4684,32.7241,34.8464,31.9343,33.6239,31.7502,30.5799,29.952,33.4125
El Salvador,Burning - Crop residues,Emissions (CO2eq) (AR5),kilotonnes,,,,,,100.59,,,,,,,,,,,,,,,
El Salvador,Enteric Fermentation,Emissions (CH4),kilotonnes,65.5736,75.367,80.6051,77.0291,77.3471,77.4363,80.9895,84.3466,85.9944,82.0876,76.0791,64.0605,69.8102,55.9504,64.7839,63.1422,58.0096,55.4079,46.8835,44.4388,44.0779
El Salvador,Enteric Fermentation,Emissions (CH4),kilotonnes,,,,,,71.72,,,,,,,,,,,,,,,
El Salvador,Enteric Fermentation,Emissions (CO2eq) from CH4 (AR5),kilotonnes,1836.0605,2110.2768,2256.9434,2156.8159,2165.7186,2168.2172,2267.7059,2361.7042,2407.8426,2298.4532,2130.2148,1793.6954,1954.6845,1566.6102,1813.949,1767.9821,1624.2702,1551.421,1312.737,1244.2863,1234.1801
El Salvador,Enteric Fermentation,Emissions (CO2eq) from CH4 (AR5),kilotonnes,,,,,,2008.16,,,,,,,,,,,,,,,
El Salvador,Enteric Fermentation,Emissions (CO2eq) (AR5),kilotonnes,1836.0605,2110.2768,2256.9434,2156.8159,2165.7186,2168.2172,2267.7059,2361.7042,2407.8426,2298.4532,2130.2148,1793.6954,1954.6845,1566.6102,1813.949,1767.9821,1624.2702,1551.421,1312.737,1244.2863,1234.1801
El Salvador,Enteric Fermentation,Emissions (CO2eq) (AR5),kilotonnes,,,,,,2008.16,,,,,,,,,,,,,,,
El Salvador,Manure Management,Emissions (CH4),kilotonnes,1.7329,1.866,1.9834,1.9924,2.0636,2.0665,2.2152,2.2913,2.3157,2.2209,2.1597,1.9504,1.9879,1.6732,1.745,1.7081,1.6967,1.6711,1.5293,1.4945,1.4826
El Salvador,Manure Management,Emissions (CH4),kilotonnes,,,,,,3.23,,,,,,,,,,,,,,,
El Salvador,Manure Management,Emissions (N2O),kilotonnes,0.1252,0.1209,0.1302,0.1392,0.1464,0.1481,0.171,0.1763,0.1814,0.166,0.1666,0.1739,0.1526,0.1253,0.1048,0.0973,0.1114,0.1203,0.1184,0.1183,0.1176
El Salvador,Manure Management,Emissions (CO2eq) from CH4 (AR5),kilotonnes,48.5211,52.2487,55.5353,55.7883,57.781,57.862,62.0242,64.1564,64.8395,62.1854,60.4704,54.6116,55.6599,46.8492,48.8588,47.8256,47.5076,46.7896,42.8195,41.8467,41.514
El Salvador,Manure Management,Emissions (CO2eq) from CH4 (AR5),kilotonnes,,,,,,90.44,,,,,,,,,,,,,,,
El Salvador,Manure Management,Emissions (CO2eq) from N2O (AR5),kilotonnes,33.1746,32.0327,34.511,36.8779,38.7967,39.2393,45.312,46.7089,48.0694,43.979,44.149,46.077,40.4474,33.1992,27.7614,25.7854,29.5288,31.8901,31.3635,31.3386,31.1706
El Salvador,Manure Management,Emissions (CO2eq) (AR5),kilotonnes,81.6956,84.2814,90.0463,92.6662,96.5777,97.1013,107.3362,110.8653,112.9089,106.1644,104.6194,100.6887,96.1073,80.0485,76.6202,73.611,77.0364,78.6796,74.183,73.1853,72.6846
El Salvador,Manure Management,Emissions (CO2eq) (AR5),kilotonnes,,,,,,90.44,,,,,,,,,,,,,,,
El Salvador,Manure left on Pasture,Direct emissions (N2O),kilotonnes,1.3175,1.5074,1.6026,1.5613,1.5943,1.5855,1.6669,1.7204,1.7445,1.699,1.6072,1.2914,1.4362,1.1758,1.3471,1.3364,1.2615,1.1788,1.0102,0.9645,0.9559
El Salvador,Manure left on Pasture,Indirect emissions (N2O),kilotonnes,0.2955,0.3358,0.3559,0.3472,0.3544,0.3525,0.3698,0.3812,0.3863,0.3766,0.3571,0.29,0.3211,0.2657,0.3021,0.2999,0.2839,0.2664,0.2306,0.2208,0.219
El Salvador,Manure left on Pasture,Emissions (N2O),kilotonnes,1.6129,1.8431,1.9585,1.9085,1.9487,1.938,2.0367,2.1016,2.1307,2.0756,1.9643,1.5814,1.7573,1.4415,1.6492,1.6363,1.5454,1.4452,1.2407,1.1853,1.1749
El Salvador,Manure left on Pasture,Emissions (CO2eq) from N2O (AR5),kilotonnes,427.4247,488.428,518.9966,505.7552,516.41,513.5681,539.7138,556.9135,564.6485,550.0337,520.5348,419.0841,465.6913,382.0079,437.0368,433.6158,409.5418,382.9736,328.7925,314.1066,311.3455
El Salvador,Manure left on Pasture,Emissions (CO2eq) (AR5),kilotonnes,427.4247,488.428,518.9966,505.7552,516.41,513.5681,539.7138,556.9135,564.6485,550.0337,520.5348,419.0841,465.6913,382.0079,437.0368,433.6158,409.5418,382.9736,328.7925,314.1066,311.3455
El Salvador,Manure applied to Soils,Direct emissions (N2O),kilotonnes,0.2617,0.2734,0.2975,0.2848,0.2853,0.2944,0.3117,0.334,0.3378,0.3015,0.2836,0.319,0.2945,0.2456,0.2495,0.232,0.2203,0.2439,0.2302,0.2264,0.2247
El Salvador,Manure applied to Soils,Indirect emissions (N2O),kilotonnes,0.1112,0.1162,0.1264,0.1211,0.1212,0.1251,0.1325,0.142,0.1435,0.1282,0.1205,0.1356,0.1252,0.1044,0.106,0.0986,0.0936,0.1036,0.0978,0.0962,0.0955
El Salvador,Manure applied to Soils,Emissions (N2O),kilotonnes,0.373,0.3895,0.4239,0.4059,0.4065,0.4196,0.4441,0.476,0.4813,0.4297,0.4041,0.4545,0.4197,0.35,0.3555,0.3306,0.3139,0.3475,0.3281,0.3227,0.3202
El Salvador,Manure applied to Soils,Emissions (CO2eq) from N2O (AR5),kilotonnes,98.8372,103.228,112.3443,107.5606,107.7273,111.1911,117.6927,126.1363,127.5443,113.8718,107.0949,120.4439,111.2192,92.7402,94.2044,87.6152,83.1738,92.0904,86.9375,85.512,84.8425
El Salvador,Manure applied to Soils,Emissions (CO2eq) (AR5),kilotonnes,98.8372,103.228,112.3443,107.5606,107.7273,111.1911,117.6927,126.1363,127.5443,113.8718,107.0949,120.4439,111.2192,92.7402,94.2044,87.6152,83.1738,92.0904,86.9375,85.512,84.8425
El Salvador,Synthetic Fertilizers,Direct emissions (N2O),kilotonnes,0.7614,0.7586,0.5423,0.5735,0.7379,1.0725,0.8228,1.0202,1.1673,1.0254,1.1577,1.2988,1.1171,1.0869,0.78,0.9129,0.7441,0.5391,0.8529,0.3955,0.6354
El Salvador,Synthetic Fertilizers,Indirect emissions (N2O),kilotonnes,0.2475,0.2465,0.1762,0.1864,0.2398,0.3486,0.2674,0.3316,0.3794,0.3333,0.3763,0.4221,0.363,0.3533,0.2535,0.2967,0.2418,0.1752,0.2772,0.1285,0.2065
El Salvador,Synthetic Fertilizers,Emissions (N2O),kilotonnes,1.0089,1.0051,0.7185,0.7599,0.9777,1.4211,1.0902,1.3517,1.5467,1.3587,1.534,1.7209,1.4801,1.4402,1.0334,1.2096,0.9859,0.7143,1.1301,0.524,0.842
El Salvador,Synthetic Fertilizers,Emissions (CO2eq) from N2O (AR5),kilotonnes,267.3481,266.3604,190.4151,201.3732,259.0936,376.5981,288.9056,358.2077,409.8697,360.0451,406.5095,456.0472,392.2264,381.6526,273.8614,320.5363,261.2593,189.2822,299.4672,138.8561,223.121
El Salvador,Synthetic Fertilizers,Emissions (CO2eq) (AR5),kilotonnes,267.3481,266.3604,190.4151,201.3732,259.0936,376.5981,288.9056,358.2077,409.8697,360.0451,406.5095,456.0472,392.2264,381.6526,273.8614,320.5363,261.2593,189.2822,299.4672,138.8561,223.121
El Salvador,Drained organic soils,Emissions (CO2eq) (AR5),kilotonnes,0,0,0,0,0,0,0,0,0,0,0,0,0,0,0,0,0,0,0,0,0
El Salvador,Drained organic soils (CO2),Emissions (CO2),kilotonnes,0,0,0,0,0,0,0,0,0,0,0,0,0,0,0,0,0,0,0,0,0
El Salvador,Drained organic soils (CO2),Emissions (CO2eq) (AR5),kilotonnes,0,0,0,0,0,0,0,0,0,0,0,0,0,0,0,0,0,0,0,0,0
El Salvador,Drained organic soils (N2O),Emissions (N2O),kilotonnes,0,0,0,0,0,0,0,0,0,0,0,0,0,0,0,0,0,0,0,0,0
El Salvador,Drained organic soils (N2O),Emissions (CO2eq) from N2O (AR5),kilotonnes,0,0,0,0,0,0,0,0,0,0,0,0,0,0,0,0,0,0,0,0,0
El Salvador,Drained organic soils (N2O),Emissions (CO2eq) (AR5),kilotonnes,0,0,0,0,0,0,0,0,0,0,0,0,0,0,0,0,0,0,0,0,0
El Salvador,On-farm energy use,Emissions (CH4),kilotonnes,0.0355,0.036,0.0347,0.0401,0.043,0.045,0.0421,0.0449,0.04,0.0403,0.0385,0.0392,0.0361,0.0357,0.0363,0.0416,0.0409,0.0374,0.0324,0.0316,0.0316
El Salvador,On-farm energy use,Emissions (N2O),kilotonnes,0.0591,0.0592,0.0584,0.0597,0.0611,0.0674,0.0677,0.0719,0.0668,0.0668,0.067,0.0667,0.0637,0.062,0.0607,0.0718,0.0728,0.0741,0.077,0.0802,0.0802
El Salvador,On-farm energy use,Emissions (CO2),kilotonnes,198.6256,200.546,197.9873,207.6211,212.2678,228.8143,226.6427,247.4967,221.3646,215.9437,216.653,218.056,209.0522,194.7965,192.855,223.934,225.5682,223.8777,230.452,237.9714,237.9714
El Salvador,On-farm energy use,Emissions (CO2eq) from CH4 (AR5),kilotonnes,0.9945,1.008,0.9726,1.1223,1.2046,1.2592,1.1783,1.2574,1.1194,1.1288,1.0774,1.0989,1.0105,0.9988,1.0168,1.1638,1.1452,1.0459,0.9076,0.8858,0.8858
El Salvador,On-farm energy use,Emissions (CO2eq) from N2O (AR5),kilotonnes,15.6699,15.6748,15.4647,15.8197,16.1872,17.8566,17.9506,19.0567,17.7024,17.697,17.7452,17.6672,16.8911,16.4381,16.0928,19.0338,19.2949,19.6475,20.3973,21.2582,21.2582
El Salvador,On-farm energy use,Emissions (CO2eq) (AR5),kilotonnes,215.29,217.2287,214.4245,224.5631,229.6597,247.93,245.7716,267.8108,240.1864,234.7696,235.4756,236.8221,226.9538,212.2334,209.9646,244.1315,246.0082,244.5711,251.757,260.1155,260.1155
El Salvador,Forestland,Emissions (CO2),kilotonnes,-61.5014,-61.7417,-61.7417,-61.7417,-61.7417,-61.7417,-61.7417,-61.7417,-61.7417,-61.7417,-61.7417,-61.5014,-61.5014,-61.5014,-61.5014,-61.5014,-61.5014,-61.5014,-61.5014,-61.5014,-61.5014
El Salvador,Forestland,Emissions (CO2eq) (AR5),kilotonnes,-61.5014,-61.7417,-61.7417,-61.7417,-61.7417,-61.7417,-61.7417,-61.7417,-61.7417,-61.7417,-61.7417,-61.5014,-61.5014,-61.5014,-61.5014,-61.5014,-61.5014,-61.5014,-61.5014,-61.5014,-61.5014
El Salvador,Net Forest conversion,Emissions (CO2),kilotonnes,1142.5814,1142.8217,1142.8217,1142.8217,1142.8217,1142.8217,1142.8217,1142.8217,1142.8217,1142.8217,1142.8217,1142.5814,1142.5814,1142.5814,1142.5814,1142.5814,1142.5814,1142.5814,1142.5814,1142.5814,1142.5814
El Salvador,Net Forest conversion,Emissions (CO2eq) (AR5),kilotonnes,1142.5814,1142.8217,1142.8217,1142.8217,1142.8217,1142.8217,1142.8217,1142.8217,1142.8217,1142.8217,1142.8217,1142.5814,1142.5814,1142.5814,1142.5814,1142.5814,1142.5814,1142.5814,1142.5814,1142.5814,1142.5814
El Salvador,Savanna fires,Emissions (CH4),kilotonnes,0.0414,0.0427,0.0196,0.0522,0.0829,0.0482,0.066,0.0216,0.0164,0.0197,0.0057,0.001,0.0313,0.2075,0.047,0.1844,0.0105,0.1794,0.1365,0.1448,0.0881
El Salvador,Savanna fires,Emissions (N2O),kilotonnes,0.0038,0.0039,0.0018,0.0048,0.0076,0.0044,0.006,0.002,0.0015,0.0018,0.0005,0.0001,0.0029,0.0189,0.0043,0.0168,0.001,0.0164,0.0125,0.0132,0.008
El Salvador,Savanna fires,Emissions (CO2eq) from CH4 (AR5),kilotonnes,1.1588,1.197,0.5501,1.4621,2.3204,1.35,1.8494,0.604,0.4581,0.5506,0.1598,0.0286,0.8762,5.8088,1.3161,5.1621,0.2942,5.0244,3.821,4.0531,2.4669
El Salvador,Savanna fires,Emissions (CO2eq) from N2O (AR5),kilotonnes,1.0014,1.0343,0.4753,1.2634,2.0051,1.1665,1.5981,0.522,0.3958,0.4758,0.1381,0.0248,0.7571,5.0196,1.1373,4.4607,0.2542,4.3417,3.3018,3.5024,2.1317
El Salvador,Savanna fires,Emissions (CO2eq) (AR5),kilotonnes,2.1602,2.2313,1.0254,2.7255,4.3255,2.5165,3.4475,1.126,0.8539,1.0264,0.2978,0.0534,1.6333,10.8285,2.4534,9.6229,0.5484,9.3661,7.1228,7.5556,4.5986
El Salvador,Fires in organic soils,Emissions (CH4),kilotonnes,0,0,0,0,0,0,0,0,0,0,0,0,0,0,0,0,0,0,0,0,0
El Salvador,Fires in organic soils,Emissions (CO2),kilotonnes,0,0,0,0,0,0,0,0,0,0,0,0,0,0,0,0,0,0,0,0,0
El Salvador,Fires in organic soils,Emissions (CO2eq) from CH4 (AR5),kilotonnes,0,0,0,0,0,0,0,0,0,0,0,0,0,0,0,0,0,0,0,0,0
El Salvador,Fires in organic soils,Emissions (CO2eq) (AR5),kilotonnes,0,0,0,0,0,0,0,0,0,0,0,0,0,0,0,0,0,0,0,0,0
El Salvador,Forest fires,Emissions (CH4),kilotonnes,0.1634,0.0843,0.005,0.0273,0.0451,0.1261,0.0213,0.0027,0.005,0.0027,0.0103,0.0025,0.0322,0.6418,0.0076,0.634,0.0151,0.6043,0.1875,0.3506,0.1371
El Salvador,Forest fires,Emissions (N2O),kilotonnes,0.0048,0.0077,0.0005,0.0025,0.0041,0.0115,0.0019,0.0002,0.0005,0.0002,0.0009,0.0002,0.0029,0.0586,0.0007,0.0579,0.0014,0.0552,0.0171,0.032,0.0125
El Salvador,Forest fires,Emissions (CO2eq) from CH4 (AR5),kilotonnes,4.5755,2.36,0.1388,0.7635,1.2615,3.5318,0.5961,0.0745,0.1388,0.0745,0.2879,0.0694,0.9023,17.9693,0.2133,17.7521,0.4216,16.9211,5.2506,9.8163,3.84
El Salvador,Forest fires,Emissions (CO2eq) from N2O (AR5),kilotonnes,1.2736,2.0393,0.12,0.6598,1.0901,3.0519,0.5151,0.0644,0.12,0.0644,0.2487,0.06,0.7797,15.5278,0.1844,15.3401,0.3643,14.622,4.5372,8.4826,3.3182
El Salvador,Forest fires,Emissions (CO2eq) (AR5),kilotonnes,5.8491,4.3993,0.2588,1.4233,2.3517,6.5837,1.1112,0.1389,0.2588,0.1389,0.5366,0.1294,1.6821,33.4971,0.3977,33.0922,0.7858,31.5431,9.7877,18.2989,7.1582
El Salvador,Fires in humid tropical forests,Emissions (CH4),kilotonnes,0.0542,0,0,0,0.0426,0.0319,0.0213,0.0027,0,0.0027,0.0053,0,0,0.322,0.0027,0.2448,0.0027,0.2821,0.0958,0.0878,0.0479
El Salvador,Fires in humid tropical forests,Emissions (N2O),kilotonnes,0.0016,0,0,0,0.0039,0.0029,0.0019,0.0002,0,0.0002,0.0005,0,0,0.0294,0.0002,0.0224,0.0002,0.0258,0.0087,0.008,0.0044
El Salvador,Fires in humid tropical forests,Emissions (CO2eq) from CH4 (AR5),kilotonnes,1.5163,0,0,0,1.1921,0.8941,0.5961,0.0745,0,0.0745,0.149,0,0,9.0153,0.0745,6.8546,0.0745,7.8977,2.6823,2.4588,1.3412
El Salvador,Fires in humid tropical forests,Emissions (CO2eq) from N2O (AR5),kilotonnes,0.4221,0,0,0,1.0301,0.7727,0.5151,0.0644,0,0.0644,0.1288,0,0,7.7904,0.0644,5.9233,0.0644,6.8247,2.3179,2.1247,1.1589
El Salvador,Fires in humid tropical forests,Emissions (CO2eq) (AR5),kilotonnes,1.9384,0,0,0,2.2223,1.6668,1.1112,0.1389,0,0.1389,0.2778,0,0,16.8056,0.1389,12.7778,0.1389,14.7224,5.0002,4.5834,2.5001
El Salvador,Waste - agri-food systems,Emissions (CH4),kilotonnes,59.4165,59.5862,59.7164,59.64,59.9134,60.2466,60.3754,60.6259,60.8837,61.0088,61.3061,61.506,61.9072,62.135,62.2022,61.4654,61.6497,61.7715,61.9005,62.0196,62.0462
El Salvador,Waste - agri-food systems,Emissions (N2O),kilotonnes,0.1292,0.1365,0.1458,0.1435,0.1456,0.1477,0.1515,0.151,0.1559,0.1569,0.1563,0.1585,0.163,0.1643,0.1697,0.1701,0.1738,0.1748,0.1766,0.1783,0.1799
El Salvador,Waste - agri-food systems,Emissions (CO2),kilotonnes,0,0,0,0,0,0,0,0,0,0,0,0,0,0,0,0,0,0,0,0,0
El Salvador,Waste - agri-food systems,Emissions (CO2eq) from CH4 (AR5),kilotonnes,1663.6617,1668.414,1672.0595,1669.9191,1677.5759,1686.9039,1690.5125,1697.5245,1704.7436,1708.2469,1716.5717,1722.1684,1733.4012,1739.7814,1741.6608,1721.0298,1726.1923,1729.6008,1733.2138,1736.5493,1737.2937
El Salvador,Waste - agri-food systems,Emissions (CO2eq) from N2O (AR5),kilotonnes,34.2357,36.1716,38.6423,38.0205,38.574,39.1351,40.139,40.0182,41.3169,41.5832,41.4151,42.0056,43.1906,43.5393,44.9701,45.0726,46.065,46.3336,46.7932,47.2386,47.683
El Salvador,Waste - agri-food systems,Emissions (CO2eq) (AR5),kilotonnes,1697.8974,1704.5856,1710.7017,1707.9396,1716.1498,1726.039,1730.6515,1737.5427,1746.0605,1749.8301,1757.9868,1764.1739,1776.5917,1783.3207,1786.6309,1766.1024,1772.2574,1775.9344,1780.007,1783.7878,1784.9767
El Salvador,Fertilizers Manufacturing,Emissions (N2O),kilotonnes,0,0,0,0,0,0,0,0,0,0,0,0,0,0,0,0,0,0,0,0,0
El Salvador,Fertilizers Manufacturing,Emissions (CO2),kilotonnes,0,0,0,0,0,0,0,0,0,0,0,0,0,0,0,0,0,0,0,0,0
El Salvador,Fertilizers Manufacturing,Emissions (CO2eq) from N2O (AR5),kilotonnes,0,0,0,0,0,0,0,0,0,0,0,0,0,0,0,0,0,0,0,0,0
El Salvador,Fertilizers Manufacturing,Emissions (CO2eq) (AR5),kilotonnes,0,0,0,0,0,0,0,0,0,0,0,0,0,0,0,0,0,0,0,0,0
El Salvador,On-farm electricity use,Emissions (CH4),kilotonnes,0.072,0.0756,0.0828,0.0972,0.0984,0.096,0.084,0.09,0.0924,0.0924,0.0936,0.096,0.1,0.1048,0.1105,0.1114,0.1128,0.1142,0.1156,0.1166,0.1166
El Salvador,On-farm electricity use,Emissions (N2O),kilotonnes,0.0004,0.0004,0.0004,0.0005,0.0005,0.0005,0.0004,0.0005,0.0005,0.0005,0.0005,0.0005,0.0005,0.0006,0.0006,0.0006,0.0006,0.0006,0.0006,0.0006,0.0006
El Salvador,On-farm electricity use,Emissions (CO2),kilotonnes,19.4579,21.5715,24.2633,27.174,25.6342,24.2514,21.8175,23.7383,20.8252,21.0435,17.18,19.4827,19.8575,20.8314,21.9491,22.1299,22.4029,22.6962,22.9485,23.1484,23.1484
El Salvador,On-farm electricity use,Emissions (CO2eq) from CH4 (AR5),kilotonnes,2.016,2.1168,2.3184,2.7216,2.7552,2.688,2.352,2.52,2.5872,2.5872,2.6208,2.688,2.8,2.9344,3.094,3.1192,3.1584,3.1976,3.2368,3.2648,3.2648
El Salvador,On-farm electricity use,Emissions (CO2eq) from N2O (AR5),kilotonnes,0.106,0.106,0.106,0.1325,0.1325,0.1325,0.106,0.1325,0.1325,0.1325,0.1325,0.1325,0.1325,0.159,0.159,0.159,0.159,0.159,0.159,0.159,0.159
El Salvador,On-farm electricity use,Emissions (CO2eq) (AR5),kilotonnes,21.5799,23.7943,26.6877,30.0281,28.5219,27.0719,24.2755,26.3908,23.5449,23.7632,19.9333,22.3032,22.79,23.9248,25.2021,25.4081,25.7203,26.0528,26.3443,26.5722,26.5722
El Salvador,Food Processing,Emissions (CH4),kilotonnes,0.0065,0.007,0.0092,0.0096,0.0108,0.8363,0.8091,0.6393,0.7164,0.8362,0.5578,0.5507,0.639,0.5495,0.4444,0.4149,0.4623,0.5105,0.4882,0.4534,0.4126
El Salvador,Food Processing,Emissions (N2O),kilotonnes,0.0006,0.0007,0.0007,0.0007,0.0007,0.0038,0.0037,0.0032,0.0031,0.0031,0.0025,0.0024,0.0022,0.0019,0.0017,0.0019,0.002,0.0022,0.0022,0.0018,0.0018
El Salvador,Food Processing,Emissions (CO2),kilotonnes,52.6046,53.8169,53.7723,55.4186,53.4697,249.8524,258.4278,258.4351,219.9223,193.0288,194.1757,190.0345,203.9734,170.6587,164.2389,197.3268,197.1105,173.2957,190.6459,189.729,161.0217
El Salvador,Food Processing,Emissions (CO2eq) from CH4 (AR5),kilotonnes,0.182,0.196,0.2576,0.2688,0.3024,23.4164,22.6548,17.9004,20.0592,23.4136,15.6184,15.4196,17.892,15.386,12.4432,11.6172,12.9444,14.294,13.6696,12.6952,11.5518
El Salvador,Food Processing,Emissions (CO2eq) from N2O (AR5),kilotonnes,0.159,0.1855,0.1855,0.1855,0.1855,1.007,0.9805,0.848,0.8215,0.8215,0.6625,0.636,0.583,0.5035,0.4505,0.5035,0.53,0.583,0.583,0.477,0.4721
El Salvador,Food Processing,Emissions (CO2eq) (AR5),kilotonnes,52.9456,54.1984,54.2154,55.8729,53.9576,274.2758,282.0631,277.1835,240.803,217.2639,210.4566,206.0901,222.4484,186.5482,177.1326,209.4475,210.5849,188.1727,204.8985,202.9012,173.0456
El Salvador,Food Packaging,Emissions (CH4),kilotonnes,0.0301,0.0295,0.0294,0.0334,0.0306,0.0293,0.0285,0.0239,0.0258,0.0292,0.0886,0.0885,0.0987,0.0853,0.0092,0.0084,0.0094,0.0104,0.01,0.0324,0.0295
El Salvador,Food Packaging,Emissions (N2O),kilotonnes,0.0001,0.0002,0.0001,0.0002,0.0002,0.0002,0.0002,0.0002,0.0002,0.0002,0.0004,0.0003,0.0003,0.0003,0.0001,0.0001,0.0001,0.0001,0.0001,0.0001,0.0001
El Salvador,Food Packaging,Emissions (CO2),kilotonnes,12.5872,11.8585,11.0512,11.3121,10.7369,10.0596,10.8685,17.8865,13.75,9.3699,19.1866,18.4005,18.7275,19.1246,7.0933,7.5432,7.9687,7.1611,8.6209,12.0168,10.1986
El Salvador,Food Packaging,Emissions (CO2eq) from CH4 (AR5),kilotonnes,0.8428,0.826,0.8232,0.9352,0.8568,0.8204,0.798,0.6692,0.7224,0.8176,2.4808,2.478,2.7636,2.3884,0.2576,0.2352,0.2632,0.2912,0.28,0.9072,0.8255
El Salvador,Food Packaging,Emissions (CO2eq) from N2O (AR5),kilotonnes,0.0265,0.053,0.0265,0.053,0.053,0.053,0.053,0.053,0.053,0.053,0.106,0.0795,0.0795,0.0795,0.0265,0.0265,0.0265,0.0265,0.0265,0.0265,0.0262
El Salvador,Food Packaging,Emissions (CO2eq) (AR5),kilotonnes,13.4565,12.7375,11.9009,12.3003,11.6467,10.933,11.7195,18.6087,14.5254,10.2405,21.7734,20.958,21.5706,21.5925,7.3774,7.8049,8.2584,7.4788,8.9274,12.9505,11.0503
El Salvador,Food Retail,Emissions (CH4),kilotonnes,0.1033,0.1071,0.1181,0.1383,0.1403,0.136,0.1197,0.1237,0.1324,0.1327,0.1348,0.138,0.3614,0.2829,0.3764,0.3938,0.3892,0.3991,0.3902,0.3115,0.2834
El Salvador,Food Retail,Emissions (N2O),kilotonnes,0.0006,0.0006,0.0006,0.0007,0.0007,0.0007,0.0006,0.0007,0.0007,0.0007,0.0008,0.0008,0.002,0.0016,0.002,0.002,0.002,0.0021,0.002,0.0017,0.0017
El Salvador,Food Retail,Emissions (CO2),kilotonnes,29.0531,31.6978,35.7383,39.7847,37.6759,35.4942,32.2142,33.7541,30.9777,33.1191,40.465,40.2474,99.3133,88.9233,86.0045,88.9022,88.0742,82.2145,82.7808,86.9788,73.8183
El Salvador,Food Retail,Emissions (CO2eq) from F-gases (AR5),kilotonnes,46.2355,54.5475,61.301,67.535,74.808,84.6785,91.9515,99.744,100.783,101.822,101.822,102.3415,102.3415,102.3415,102.3415,102.3415,110.134,112.212,113.7705,115.8485,120.5031
El Salvador,Food Retail,Emissions (CO2eq) from CH4 (AR5),kilotonnes,2.8924,2.9988,3.3068,3.8724,3.9284,3.808,3.3516,3.4636,3.7072,3.7156,3.7744,3.864,10.1192,7.9212,10.5392,11.0264,10.8976,11.1748,10.9256,8.722,7.9365
El Salvador,Food Retail,Emissions (CO2eq) from N2O (AR5),kilotonnes,0.159,0.159,0.159,0.1855,0.1855,0.1855,0.159,0.1855,0.1855,0.1855,0.212,0.212,0.53,0.424,0.53,0.53,0.53,0.5565,0.53,0.4505,0.4459
El Salvador,Food Retail,Emissions (CO2eq) (AR5),kilotonnes,78.34,89.4031,100.5051,111.3776,116.5978,124.1662,127.6763,137.1472,135.6534,138.8422,146.2734,146.6649,212.304,199.61,199.4152,202.8001,209.6358,206.1578,208.0069,211.9998,202.7038
El Salvador,Food Household Consumption,Emissions (CH4),kilotonnes,0.7711,0.7833,0.8022,0.7778,1.0216,0.8999,0.9327,0.9486,0.9495,0.9559,0.9469,1.0063,1.01,0.9771,1.0202,1.0682,1.104,1.0885,1.1199,1.1541,1.0502
El Salvador,Food Household Consumption,Emissions (N2O),kilotonnes,0.0048,0.0047,0.0044,0.0046,0.0058,0.0053,0.0051,0.0056,0.0055,0.0056,0.0055,0.0056,0.0055,0.0053,0.0056,0.0058,0.0059,0.0058,0.0061,0.0063,0.0062
El Salvador,Food Household Consumption,Emissions (CO2),kilotonnes,407.5858,430.8121,417.1199,452.8433,497.7718,466.1606,526.8255,490.2424,465.9844,478.0123,450.4762,444.0732,430.6897,442.3623,488.7065,505.2423,431.1682,391.6971,521.1057,527.9081,448.032
El Salvador,Food Household Consumption,Emissions (CO2eq) from CH4 (AR5),kilotonnes,21.5908,21.9324,22.4616,21.7784,28.6048,25.1972,26.1156,26.5608,26.586,26.7652,26.5132,28.1764,28.28,27.3588,28.5656,29.9096,30.912,30.478,31.3572,32.3148,29.4045
El Salvador,Food Household Consumption,Emissions (CO2eq) from N2O (AR5),kilotonnes,1.272,1.2455,1.166,1.219,1.537,1.4045,1.3515,1.484,1.4575,1.484,1.4575,1.484,1.4575,1.4045,1.484,1.537,1.5635,1.537,1.6165,1.6695,1.6523
El Salvador,Food Household Consumption,Emissions (CO2eq) (AR5),kilotonnes,430.4486,453.99,440.7475,475.8407,527.9136,492.7623,554.2926,518.2872,494.0279,506.2615,478.4469,473.7336,460.4272,471.1256,518.7561,536.6889,463.6437,423.7121,554.0794,561.8924,479.0888
El Salvador,Food Transport,Emissions (CH4),kilotonnes,0.0352,0.0338,0.0305,0.0331,0.0339,0.0334,0.031,0.0336,0.0317,0.0339,0.0332,0.0353,0.0319,0.0333,0.0341,0.04,0.0426,0.0446,0.0477,0.0398,0.0362
El Salvador,Food Transport,Emissions (N2O),kilotonnes,0.0067,0.0068,0.0065,0.0076,0.0083,0.0088,0.0082,0.0088,0.0083,0.0089,0.0087,0.0093,0.0084,0.0088,0.009,0.0106,0.0112,0.0119,0.0128,0.0117,0.0116
El Salvador,Food Transport,Emissions (CO2),kilotonnes,278.3,279.4,271.7,294.8,312.4,336.6,323.4,346.5,324.5,336.6,331.1,342.1,301.4,305.8,308,363,378.4,369.6,396,396.9781,336.9126
El Salvador,Food Transport,Emissions (CO2eq) from CH4 (AR5),kilotonnes,0.9856,0.9464,0.854,0.9268,0.9492,0.9352,0.868,0.9408,0.8876,0.9492,0.9296,0.9884,0.8932,0.9324,0.9548,1.12,1.1928,1.2488,1.3356,1.1144,1.014
El Salvador,Food Transport,Emissions (CO2eq) from N2O (AR5),kilotonnes,1.7755,1.802,1.7225,2.014,2.1995,2.332,2.173,2.332,2.1995,2.3585,2.3055,2.4645,2.226,2.332,2.385,2.809,2.968,3.1535,3.392,3.1005,3.0685
El Salvador,Food Transport,Emissions (CO2eq) (AR5),kilotonnes,281.0611,282.1484,274.2765,297.7408,315.5487,339.8672,326.441,349.7728,327.5871,339.9077,334.3351,345.5529,304.5192,309.0644,311.3398,366.929,382.5608,374.0023,400.7276,401.193,340.9952
El Salvador,Energy,Emissions (CH4),kilotonnes,6,6.38,6.55,7.01,7.48,7.88,8.29,5.68,6.06,6.61,6.66,5.89,5.95,5.27,4.11,3.72,3.65,3.82,3.77,3.22,2.93
El Salvador,Energy,Emissions (N2O),kilotonnes,0.181,0.194,0.198,0.214,0.227,0.235,0.241,0.207,0.21,0.229,0.236,0.231,0.206,0.183,0.17,0.188,0.199,0.214,0.223,0.194,0.192
El Salvador,Energy,Emissions (CO2),kilotonnes,5220,5370,5520,5860,5730,5840,6190,6330,5890,5840,5820,5990,5940,5630,5760,6330,6260,5630,6590,7270,6170
El Salvador,Energy,Emissions (CO2eq) from CH4 (AR5),kilotonnes,168,178.64,183.4,196.28,209.44,220.64,232.12,159.04,169.68,185.08,186.48,164.92,166.6,147.56,115.08,104.16,102.2,106.96,105.56,90.16,82.04
El Salvador,Energy,Emissions (CO2eq) from N2O (AR5),kilotonnes,47.965,51.41,52.47,56.71,60.155,62.275,63.865,54.855,55.65,60.685,62.54,61.215,54.59,48.495,45.05,49.82,52.735,56.71,59.095,51.41,50.88
El Salvador,Energy,Emissions (CO2eq) (AR5),kilotonnes,5435.965,5600.05,5755.87,6112.99,5999.595,6122.915,6485.985,6543.895,6115.33,6085.765,6069.02,6216.135,6161.19,5826.055,5920.13,6483.98,6414.935,5793.67,6754.655,7411.57,6302.92
El Salvador,IPPU,Emissions (N2O),kilotonnes,0.0001,0.0001,0.0001,0.0001,0.0001,0.0001,0.0001,0.0001,0.0001,0.0001,0.0001,0.0001,0.0001,0.0001,0.0001,0.0001,0.0001,0.0001,0.0001,0.0001,0.0001
El Salvador,IPPU,Emissions (CO2),kilotonnes,517,566,672,678,632,580,669,632,618,574,601,613,639,554,486,488,446,455,531,555,554
El Salvador,IPPU,Emissions (CO2eq) from F-gases (AR5),kilotonnes,45.4781,53.8352,62.3866,70.1607,77.4488,85.4172,95.9122,103.9777,112.7235,121.4693,130.2151,141.8762,151.5937,161.3113,170.0571,179.7746,189.4921,198.2379,207.9555,217.673,226.4188
El Salvador,IPPU,Emissions (CO2eq) from N2O (AR5),kilotonnes,0.0171,0.0172,0.0173,0.0174,0.0175,0.0176,0.0176,0.0177,0.0178,0.0179,0.018,0.018,0.0181,0.0182,0.0183,0.0184,0.0185,0.0186,0.0187,0.0187,0.0188
El Salvador,IPPU,Emissions (CO2eq) (AR5),kilotonnes,562.4952,619.8524,734.4039,748.1781,709.4663,665.4348,764.9298,735.9955,730.7413,695.4872,731.2331,754.8942,790.6118,715.3295,656.0754,667.793,635.5106,653.2565,738.9742,772.6918,780.4377
El Salvador,Waste,Emissions (CH4),kilotonnes,70.4,71.3,72.2,73.2,74.2,75.3,76.7,71.8,62,62.7,63.5,65,66,67.2,68.3,69.7,70.3,71.6,72.6,67.9,67.7
El Salvador,Waste,Emissions (N2O),kilotonnes,0.258,0.26,0.261,0.27,0.271,0.267,0.268,0.27,0.275,0.279,0.283,0.29,0.291,0.299,0.306,0.313,0.321,0.323,0.329,0.33,0.335
El Salvador,Waste,Emissions (CO2eq) from CH4 (AR5),kilotonnes,1971.2,1996.4,2021.6,2049.6,2077.6,2108.4,2147.6,2010.4,1736,1755.6,1778,1820,1848,1881.6,1912.4,1951.6,1968.4,2004.8,2032.8,1901.2,1895.6
El Salvador,Waste,Emissions (CO2eq) from N2O (AR5),kilotonnes,68.37,68.9,69.165,71.55,71.815,70.755,71.02,71.55,72.875,73.935,74.995,76.85,77.115,79.235,81.09,82.945,85.065,85.595,87.185,87.45,88.775
El Salvador,Waste,Emissions (CO2eq) (AR5),kilotonnes,2039.57,2065.3,2090.765,2121.15,2149.415,2179.155,2218.62,2081.95,1808.875,1829.535,1852.995,1896.85,1925.115,1960.835,1993.49,2034.545,2053.465,2090.395,2119.985,1988.65,1984.375
El Salvador,Other,Emissions (N2O),kilotonnes,0.266,0.301,0.305,0.306,0.3,0.303,0.337,0.33,0.307,0.308,0.285,0.288,0.27,0.267,0.26,0.271,0.27,0.221,0.234,0.233,0.227
El Salvador,Other,Emissions (CO2eq) from N2O (AR5),kilotonnes,70.49,79.765,80.825,81.09,79.5,80.295,89.305,87.45,81.355,81.62,75.525,76.32,71.55,70.755,68.9,71.815,71.55,58.565,62.01,61.745,60.155
El Salvador,Other,Emissions (CO2eq) (AR5),kilotonnes,70.49,79.765,80.825,81.09,79.5,80.295,89.305,87.45,81.355,81.62,75.525,76.32,71.55,70.755,68.9,71.815,71.55,58.565,62.01,61.745,60.155
El Salvador,Farm-gate emissions,Emissions (CH4),kilotonnes,68.4442,78.3937,83.5588,79.9479,80.397,80.4649,84.1941,87.5886,89.3063,85.3561,79.224,67.0331,72.8918,58.9699,67.8103,66.1617,60.8336,58.3317,49.5582,47.0654,46.7409
El Salvador,Farm-gate emissions,Direct emissions (N2O),kilotonnes,2.4816,2.6817,2.5847,2.5596,2.7623,3.1045,2.9602,3.2217,3.4255,3.1953,3.2138,3.0694,3.0352,2.6897,2.5545,2.6375,2.4113,2.1332,2.239,1.7436,1.9889
El Salvador,Farm-gate emissions,Indirect emissions (N2O),kilotonnes,0.6859,0.7305,0.6906,0.6861,0.748,0.8604,0.8054,0.8878,0.9488,0.8762,0.8911,0.8837,0.8515,0.7642,0.7017,0.7303,0.6611,0.5838,0.6384,0.481,0.5599
El Salvador,Farm-gate emissions,Emissions (N2O),kilotonnes,3.3771,3.6196,3.4859,3.4685,3.7448,4.2047,4.0302,4.3795,4.6452,4.3274,4.3598,4.2158,4.1293,3.6844,3.4519,3.5776,3.2827,2.9515,3.1079,2.4585,2.7796
El Salvador,Farm-gate emissions,Emissions (CO2),kilotonnes,198.6256,200.546,197.9873,207.6211,212.2678,228.8143,226.6427,247.4967,221.3646,215.9437,216.653,218.056,209.0522,194.7965,192.855,223.934,225.5682,223.8777,230.452,237.9714,237.9714
El Salvador,Farm-gate emissions,Emissions (CO2eq) from CH4 (AR5),kilotonnes,1916.4384,2195.0234,2339.6462,2238.54,2251.1149,2253.0181,2357.4353,2452.4798,2500.5762,2389.9718,2218.2726,1876.9267,2040.9709,1651.1567,1898.687,1852.5279,1703.3404,1633.2879,1387.6295,1317.8321,1308.7448
El Salvador,Farm-gate emissions,Emissions (CO2eq) from N2O (AR5),kilotonnes,894.9441,959.1944,923.7675,919.1574,992.376,1114.2356,1067.9993,1160.5595,1230.9765,1146.7639,1155.3591,1117.1859,1094.2709,976.3752,914.7531,948.0534,869.9036,782.1381,823.5919,651.5007,736.591
El Salvador,Farm-gate emissions,Emissions (CO2eq) (AR5),kilotonnes,3010.0081,3354.7638,3461.401,3365.3185,3455.7587,3596.068,3652.0773,3860.536,3952.9174,3752.6794,3590.2847,3212.1686,3344.294,2822.3284,3006.2951,3024.5152,2798.8123,2639.3037,2441.6735,2207.3042,2283.3072
El Salvador,Land Use change,Emissions (CH4),kilotonnes,0.0542,0,0,0,0.0426,0.0319,0.0213,0.0027,0,0.0027,0.0053,0,0,0.322,0.0027,0.2448,0.0027,0.2821,0.0958,0.0878,0.0479
El Salvador,Land Use change,Emissions (N2O),kilotonnes,0.0016,0,0,0,0.0039,0.0029,0.0019,0.0002,0,0.0002,0.0005,0,0,0.0294,0.0002,0.0224,0.0002,0.0258,0.0087,0.008,0.0044
El Salvador,Land Use change,Emissions (CO2),kilotonnes,1142.5814,1142.8217,1142.8217,1142.8217,1142.8217,1142.8217,1142.8217,1142.8217,1142.8217,1142.8217,1142.8217,1142.5814,1142.5814,1142.5814,1142.5814,1142.5814,1142.5814,1142.5814,1142.5814,1142.5814,1142.5814
El Salvador,Land Use change,Emissions (CO2eq) from CH4 (AR5),kilotonnes,1.5163,0,0,0,1.1921,0.8941,0.5961,0.0745,0,0.0745,0.149,0,0,9.0153,0.0745,6.8546,0.0745,7.8977,2.6823,2.4588,1.3412
El Salvador,Land Use change,Emissions (CO2eq) from N2O (AR5),kilotonnes,0.4221,0,0,0,1.0301,0.7727,0.5151,0.0644,0,0.0644,0.1288,0,0,7.7904,0.0644,5.9233,0.0644,6.8247,2.3179,2.1247,1.1589
El Salvador,Land Use change,Emissions (CO2eq) (AR5),kilotonnes,1144.5198,1142.8217,1142.8217,1142.8217,1145.0439,1144.4885,1143.9329,1142.9606,1142.8217,1142.9606,1143.0995,1142.5814,1142.5814,1159.3871,1142.7203,1155.3593,1142.7203,1157.3038,1147.5817,1147.1649,1145.0816
El Salvador,Emissions on agricultural land,Emissions (CH4),kilotonnes,68.4984,78.3937,83.5588,79.9479,80.4395,80.4969,84.2154,87.5912,89.3063,85.3588,79.2293,67.0331,72.8918,59.2919,67.8129,66.4065,60.8362,58.6138,49.654,47.1532,46.7888
El Salvador,Emissions on agricultural land,Emissions (N2O),kilotonnes,3.3787,3.6196,3.4859,3.4685,3.7487,4.2076,4.0321,4.3797,4.6452,4.3277,4.3603,4.2158,4.1293,3.7138,3.4521,3.5999,3.2829,2.9772,3.1166,2.4665,2.784
El Salvador,Emissions on agricultural land,Emissions (CO2),kilotonnes,1341.2071,1343.3676,1340.8089,1350.4428,1355.0895,1371.636,1369.4644,1390.3184,1364.1863,1358.7654,1359.4746,1360.6374,1351.6336,1337.3779,1335.4364,1366.5154,1368.1496,1366.4592,1373.0335,1380.5529,1380.5529
El Salvador,Emissions on agricultural land,Emissions (CO2eq) from CH4 (AR5),kilotonnes,1917.9546,2195.0234,2339.6462,2238.54,2252.307,2253.9122,2358.0314,2452.5543,2500.5762,2390.0463,2218.4217,1876.9267,2040.9709,1660.172,1898.7615,1859.3825,1703.415,1641.1856,1390.3118,1320.2909,1310.086
El Salvador,Emissions on agricultural land,Emissions (CO2eq) from N2O (AR5),kilotonnes,895.3662,959.1944,923.7675,919.1574,993.4061,1115.0082,1068.5144,1160.6239,1230.9765,1146.8283,1155.4879,1117.1859,1094.2709,984.1655,914.8175,953.9767,869.968,788.9628,825.9098,653.6254,737.7499
El Salvador,Emissions on agricultural land,Emissions (CO2eq) (AR5),kilotonnes,4154.5279,4497.5855,4604.2227,4508.1402,4600.8027,4740.5564,4796.0102,5003.4966,5095.739,4895.64,4733.3842,4354.75,4486.8754,3981.7154,4149.0154,4179.8745,3941.5326,3796.6075,3589.2551,3354.4691,3428.3888
El Salvador,Pre- and post- production,Emissions (CH4),kilotonnes,60.4347,60.6225,60.7886,60.7294,61.249,62.2775,62.3804,62.485,62.8319,63.0891,63.161,63.4208,64.1482,64.1679,64.197,63.5021,63.77,63.9388,64.0721,64.1274,63.9747
El Salvador,Pre- and post- production,Emissions (N2O),kilotonnes,0.1424,0.1499,0.1585,0.1578,0.1618,0.167,0.1697,0.17,0.1742,0.1759,0.1747,0.1774,0.1819,0.1828,0.1887,0.1911,0.1956,0.1975,0.2004,0.2005,0.2019
El Salvador,Pre- and post- production,Emissions (CO2),kilotonnes,799.5886,829.1568,813.645,881.3327,937.6885,1122.4182,1173.5535,1170.5564,1075.9596,1071.1736,1052.5835,1054.3383,1073.9614,1047.7003,1075.9923,1184.1444,1125.1245,1046.6646,1222.1018,1236.7592,1053.1317
El Salvador,Pre- and post- production,Emissions (CO2eq) from F-gases (AR5),kilotonnes,46.2355,54.5475,61.301,67.535,74.808,84.6785,91.9515,99.744,100.783,101.822,101.822,102.3415,102.3415,102.3415,102.3415,102.3415,110.134,112.212,113.7705,115.8485,120.5031
El Salvador,Pre- and post- production,Emissions (CO2eq) from CH4 (AR5),kilotonnes,1692.1713,1697.4304,1702.0811,1700.4223,1714.9727,1743.7691,1746.6525,1749.5793,1759.2932,1766.4953,1768.5089,1775.7828,1796.1492,1796.7026,1797.5152,1778.0574,1785.5607,1790.2852,1794.0186,1795.5677,1791.2908
El Salvador,Pre- and post- production,Emissions (CO2eq) from N2O (AR5),kilotonnes,37.7337,39.7226,42.0078,41.81,42.867,44.2496,44.962,45.0532,46.1664,46.6182,46.2911,47.0141,48.1991,48.4418,50.0051,50.6376,51.842,52.3491,53.1002,53.1216,53.507
El Salvador,Pre- and post- production,Emissions (CO2eq) (AR5),kilotonnes,2575.7291,2620.8573,2619.0348,2691.1,2770.3361,2995.1154,3057.1195,3064.9329,2982.2022,2986.1091,2969.2055,2979.4766,3020.6511,2995.1862,3025.8541,3115.1809,3072.6613,3001.5109,3182.9911,3201.2969,3018.4326
El Salvador,Agri-food systems,Emissions (CH4),kilotonnes,128.9331,139.0162,144.3474,140.6772,141.6886,142.7743,146.5959,150.0762,152.1382,148.4479,142.3904,130.4539,137.04,123.4598,132.0099,129.9086,124.6063,122.5525,113.7261,111.2807,110.7635
El Salvador,Agri-food systems,Emissions (N2O),kilotonnes,3.5211,3.7695,3.6444,3.6263,3.9105,4.3746,4.2018,4.5497,4.8194,4.5036,4.535,4.3932,4.3112,3.8966,3.6408,3.791,3.4785,3.1748,3.317,2.667,2.9859
El Salvador,Agri-food systems,Emissions (CO2),kilotonnes,2140.7957,2172.5244,2154.4539,2231.7755,2292.778,2494.0542,2543.0179,2560.8748,2440.1459,2429.939,2412.0581,2414.9757,2425.595,2385.0782,2411.4287,2550.6598,2493.2741,2413.1238,2595.1353,2617.3121,2433.6846
El Salvador,Agri-food systems,Emissions (CO2eq) from F-gases (AR5),kilotonnes,46.2355,54.5475,61.301,67.535,74.808,84.6785,91.9515,99.744,100.783,101.822,101.822,102.3415,102.3415,102.3415,102.3415,102.3415,110.134,112.212,113.7705,115.8485,120.5031
El Salvador,Agri-food systems,Emissions (CO2eq) from CH4 (AR5),kilotonnes,3610.1259,3892.4538,4041.7273,3938.9623,3967.2797,3997.6813,4104.6839,4202.1337,4259.8695,4156.5417,3986.9306,3652.7095,3837.1201,3456.8746,3696.2767,3637.4399,3488.9757,3431.4708,3184.3305,3115.8586,3101.3768
El Salvador,Agri-food systems,Emissions (CO2eq) from N2O (AR5),kilotonnes,933.0999,998.917,965.7753,960.9674,1036.2731,1159.2579,1113.4764,1205.6771,1277.1429,1193.4465,1201.779,1164.2,1142.47,1032.6074,964.8226,1004.6143,921.81,841.3118,879.01,706.7469,791.2569
El Salvador,Agri-food systems,Emissions (CO2eq) (AR5),kilotonnes,6730.257,7118.4428,7223.2575,7199.2402,7371.1388,7735.6719,7853.1297,8068.4295,8077.9413,7881.7492,7702.5897,7334.2267,7507.5265,6976.9017,7174.8696,7295.0555,7014.1939,6798.1184,6772.2462,6555.7661,6446.8214
El Salvador,IPCC Agriculture,Emissions (CH4),kilotonnes,68.4087,78.3577,83.5241,79.9078,80.3539,80.42,84.152,87.5437,89.2663,85.3158,79.1855,66.9939,72.8557,58.9342,67.7739,66.1201,60.7927,58.2944,49.5258,47.0338,46.7093
El Salvador,IPCC Agriculture,Emissions (CH4),kilotonnes,,,,,,78.58,,,,,,,,,,,,,,,
El Salvador,IPCC Agriculture,Direct emissions (N2O),kilotonnes,2.4816,2.6817,2.5847,2.5596,2.7623,3.1045,2.9602,3.2217,3.4255,3.1953,3.2138,3.0694,3.0352,2.6897,2.5545,2.6375,2.4113,2.1332,2.239,1.7436,1.9889
El Salvador,IPCC Agriculture,Indirect emissions (N2O),kilotonnes,0.6859,0.7305,0.6906,0.6861,0.748,0.8604,0.8054,0.8878,0.9488,0.8762,0.8911,0.8837,0.8515,0.7642,0.7017,0.7303,0.6611,0.5838,0.6384,0.481,0.5599
El Salvador,IPCC Agriculture,Emissions (N2O),kilotonnes,3.318,3.5605,3.4276,3.4088,3.6837,4.1373,3.9624,4.3076,4.5784,4.2606,4.2929,4.1491,4.0656,3.6224,3.3912,3.5057,3.2098,2.8773,3.0309,2.3783,2.6994
El Salvador,IPCC Agriculture,Emissions (N2O),kilotonnes,,,,,,4.72,,,,,,,,,,,,,,,
El Salvador,IPCC Agriculture,Emissions (CO2eq) from CH4 (AR5),kilotonnes,1915.4439,2194.0154,2338.6736,2237.4177,2249.9103,2251.7589,2356.257,2451.2224,2499.4568,2388.843,2217.1952,1875.8278,2039.9604,1650.1579,1897.6702,1851.3641,1702.1953,1632.2419,1386.7219,1316.9463,1307.859
El Salvador,IPCC Agriculture,Emissions (CO2eq) from CH4 (AR5),kilotonnes,,,,,,2200.24,,,,,,,,,,,,,,,
El Salvador,IPCC Agriculture,Emissions (CO2eq) from N2O (AR5),kilotonnes,879.2742,943.5197,908.3028,903.3378,976.1888,1096.379,1050.0487,1141.5028,1213.2741,1129.0669,1137.6138,1099.5187,1077.3798,959.937,898.6603,929.0196,850.6087,762.4907,803.1946,630.2424,715.3327
El Salvador,IPCC Agriculture,Emissions (CO2eq) from N2O (AR5),kilotonnes,,,,,,1250.8,,,,,,,,,,,,,,,
El Salvador,IPCC Agriculture,Emissions (CO2eq) (AR5),kilotonnes,2794.718,3137.5351,3246.9764,3140.7555,3226.0991,3348.1379,3406.3057,3592.7253,3712.7309,3517.9099,3354.8091,2975.3465,3117.3401,2610.095,2796.3305,2780.3837,2552.804,2394.7326,2189.9164,1947.1888,2023.1917
El Salvador,IPCC Agriculture,Emissions (CO2eq) (AR5),kilotonnes,,,,,,3451.04,,,,,,,,,,,,,,,
El Salvador,Agricultural Soils,Direct emissions (N2O),kilotonnes,2.4816,2.6817,2.5847,2.5596,2.7623,3.1045,2.9602,3.2217,3.4255,3.1953,3.2138,3.0694,3.0352,2.6897,2.5545,2.6375,2.4113,2.1332,2.239,1.7436,1.9889
El Salvador,Agricultural Soils,Indirect emissions (N2O),kilotonnes,0.6859,0.7305,0.6906,0.6861,0.748,0.8604,0.8054,0.8878,0.9488,0.8762,0.8911,0.8837,0.8515,0.7642,0.7017,0.7303,0.6611,0.5838,0.6384,0.481,0.5599
El Salvador,Agricultural Soils,Emissions (N2O),kilotonnes,3.1675,3.4122,3.2753,3.2457,3.5104,3.9649,3.7656,4.1095,4.3744,4.0715,4.1049,3.9531,3.8867,3.4539,3.2562,3.3679,3.0725,2.717,2.8774,2.2245,2.5489
El Salvador,Agricultural Soils,Emissions (N2O),kilotonnes,,,,,,4.65,,,,,,,,,,,,,,,
El Salvador,Agricultural Soils,Emissions (CO2eq) from N2O (AR5),kilotonnes,839.3785,904.2233,867.9666,860.1054,930.2438,1050.6965,997.8903,1089.0099,1159.2051,1078.9469,1087.8069,1047.5697,1029.9751,915.2707,862.8959,892.4815,814.201,720.0033,762.5043,589.5001,675.4473
El Salvador,Agricultural Soils,Emissions (CO2eq) from N2O (AR5),kilotonnes,,,,,,1232.25,,,,,,,,,,,,,,,
El Salvador,Agricultural Soils,Emissions (CO2eq) (AR5),kilotonnes,839.3785,904.2233,867.9666,860.1054,930.2438,1050.6965,997.8903,1089.0099,1159.2051,1078.9469,1087.8069,1047.5697,1029.9751,915.2707,862.8959,892.4815,814.201,720.0033,762.5043,589.5001,675.4473
El Salvador,Agricultural Soils,Emissions (CO2eq) (AR5),kilotonnes,,,,,,1232.25,,,,,,,,,,,,,,,
El Salvador,LULUCF,Emissions (CH4),kilotonnes,0.1634,0.0843,0.005,0.0273,0.0451,0.1261,0.0213,0.0027,0.005,0.0027,0.0103,0.0025,0.0322,0.6418,0.0076,0.634,0.0151,0.6043,0.1875,0.3506,0.1371
El Salvador,LULUCF,Emissions (CH4),kilotonnes,,,,,,3.81,,,,,,,,,,,,,,,
El Salvador,LULUCF,Emissions (N2O),kilotonnes,0.0048,0.0077,0.0005,0.0025,0.0041,0.0115,0.0019,0.0002,0.0005,0.0002,0.0009,0.0002,0.0029,0.0586,0.0007,0.0579,0.0014,0.0552,0.0171,0.032,0.0125
El Salvador,LULUCF,Emissions (N2O),kilotonnes,,,,,,0.03,,,,,,,,,,,,,,,
El Salvador,LULUCF,Emissions (CO2),kilotonnes,1081.08,1081.08,1081.08,1081.08,1081.08,1081.08,1081.08,1081.08,1081.08,1081.08,1081.08,1081.08,1081.08,1081.08,1081.08,1081.08,1081.08,1081.08,1081.08,1081.08,1081.08
El Salvador,LULUCF,Emissions (CO2),kilotonnes,,,,,,3292.06,,,,,,,,,,,,,,,
El Salvador,LULUCF,Emissions (CO2eq) from CH4 (AR5),kilotonnes,4.5755,2.36,0.1388,0.7635,1.2615,3.5318,0.5961,0.0745,0.1388,0.0745,0.2879,0.0694,0.9023,17.9693,0.2133,17.7521,0.4216,16.9211,5.2506,9.8163,3.84
El Salvador,LULUCF,Emissions (CO2eq) from N2O (AR5),kilotonnes,1.2736,2.0393,0.12,0.6598,1.0901,3.0519,0.5151,0.0644,0.12,0.0644,0.2487,0.06,0.7797,15.5278,0.1844,15.3401,0.3643,14.622,4.5372,8.4826,3.3182
El Salvador,LULUCF,Emissions (CO2eq) (AR5),kilotonnes,1086.9291,1085.4793,1081.3388,1082.5033,1083.4317,1087.6637,1082.1912,1081.2189,1081.3388,1081.2189,1081.6166,1081.2094,1082.7621,1114.5771,1081.4777,1114.1722,1081.8658,1112.6231,1090.8677,1099.3789,1088.2382
El Salvador,LULUCF,Emissions (CO2eq) (AR5),kilotonnes,,,,,,3292.06,,,,,,,,,,,,,,,
El Salvador,AFOLU,Emissions (CH4),kilotonnes,68.5721,78.442,83.529,79.935,80.399,80.5461,84.1733,87.5463,89.2713,85.3185,79.1958,66.9963,72.888,59.576,67.7816,66.7541,60.8077,58.8987,49.7133,47.3844,46.8464
El Salvador,AFOLU,Emissions (N2O),kilotonnes,3.3228,3.5681,3.428,3.4113,3.6878,4.1488,3.9644,4.3078,4.5788,4.2609,4.2938,4.1494,4.0685,3.681,3.3919,3.5636,3.2112,2.9325,3.048,2.4103,2.7119
El Salvador,AFOLU,Emissions (CO2),kilotonnes,1081.08,1081.08,1081.08,1081.08,1081.08,1081.08,1081.08,1081.08,1081.08,1081.08,1081.08,1081.08,1081.08,1081.08,1081.08,1081.08,1081.08,1081.08,1081.08,1081.08,1081.08
El Salvador,AFOLU,Emissions (CO2eq) from CH4 (AR5),kilotonnes,1920.0193,2196.3754,2338.8124,2238.1812,2251.1718,2255.2907,2356.8531,2451.297,2499.5956,2388.9175,2217.4831,1875.8972,2040.8627,1668.1272,1897.8835,1869.1162,1702.6168,1649.163,1391.9724,1326.7627,1311.699
El Salvador,AFOLU,Emissions (CO2eq) from N2O (AR5),kilotonnes,880.5477,945.559,908.4228,903.9975,977.2789,1099.431,1050.5638,1141.5672,1213.3941,1129.1313,1137.8626,1099.5786,1078.1595,975.4649,898.8447,944.3597,850.973,777.1127,807.7318,638.725,718.651
El Salvador,AFOLU,Emissions (CO2eq) (AR5),kilotonnes,3881.6471,4223.0143,4328.3152,4223.2588,4309.5307,4435.8016,4488.4969,4673.9442,4794.0697,4599.1288,4436.4257,4056.5559,4200.1022,3724.6721,3877.8082,3894.5559,3634.6699,3507.3557,3280.7842,3046.5677,3111.43
El Salvador,All sectors with LULUCF,Emissions (CH4),kilotonnes,144.9721,156.122,162.279,160.145,162.079,163.7261,169.1633,165.0263,157.3313,154.6285,149.3558,137.8863,144.838,132.046,140.1916,140.1741,134.7577,134.3187,126.0833,118.5044,117.4764
El Salvador,All sectors with LULUCF,Emissions (N2O),kilotonnes,4.0279,4.3232,4.1921,4.2014,4.4859,4.9539,4.8105,5.1149,5.3709,5.0769,5.0979,4.9584,4.8356,4.4301,4.1279,4.3357,4.0013,3.6906,3.8341,3.1674,3.466
El Salvador,All sectors with LULUCF,Emissions (CO2),kilotonnes,6818.08,7017.08,7273.08,7619.08,7443.08,7501.08,7940.08,8043.08,7589.08,7495.08,7502.08,7684.08,7660.08,7265.08,7327.08,7899.08,7787.08,7166.08,8202.08,8906.08,7805.08
El Salvador,All sectors with LULUCF,Emissions (CO2eq) from F-gases (AR5),kilotonnes,45.4781,53.8352,62.3866,70.1607,77.4488,85.4172,95.9122,103.9777,112.7235,121.4693,130.2151,141.8762,151.5937,161.3113,170.0571,179.7746,189.4921,198.2379,207.9555,217.673,226.4188
El Salvador,All sectors with LULUCF,Emissions (CO2eq) from CH4 (AR5),kilotonnes,4059.2193,4371.4154,4543.8124,4484.0612,4538.2118,4584.3307,4736.5731,4620.737,4405.2756,4329.5975,4181.9631,3860.8172,4055.4627,3697.2872,3925.3635,3924.8762,3773.2168,3760.923,3530.3324,3318.1227,3289.339
El Salvador,All sectors with LULUCF,Emissions (CO2eq) from N2O (AR5),kilotonnes,1067.3898,1145.6512,1110.9001,1113.3649,1188.7664,1312.7735,1274.7715,1355.44,1423.2919,1345.3892,1350.9405,1313.9817,1281.4326,1173.9681,1093.903,1148.9581,1060.3415,978.0013,1016.0404,839.3487,918.4798
El Salvador,All sectors with LULUCF,Emissions (CO2eq) (AR5),kilotonnes,11990.1673,12587.9818,12990.1792,13286.6669,13247.507,13483.6014,14047.3367,14123.2346,13530.371,13291.536,13165.1987,13000.7551,13148.5691,12297.6466,12516.4036,13152.6889,12810.1305,12103.2423,12956.4083,13281.2244,12239.3176
El Salvador,All sectors without LULUCF,Emissions (CH4),kilotonnes,144.8087,156.0377,162.2741,160.1178,162.0339,163.6,169.142,165.0237,157.3263,154.6258,149.3455,137.8839,144.8057,131.4042,140.1839,139.5401,134.7427,133.7144,125.8958,118.1538,117.3393
El Salvador,All sectors without LULUCF,Emissions (N2O),kilotonnes,4.0231,4.3155,4.1916,4.1989,4.4818,4.9423,4.8085,5.1146,5.3705,5.0767,5.097,4.9582,4.8327,4.3715,4.1272,4.2778,3.9999,3.6354,3.817,3.1353,3.4534
El Salvador,All sectors without LULUCF,Emissions (CO2),kilotonnes,5737,5936,6192,6538,6362,6420,6859,6962,6508,6414,6421,6603,6579,6184,6246,6818,6706,6085,7121,7825,6724
El Salvador,All sectors without LULUCF,Emissions (CO2eq) from F-gases (AR5),kilotonnes,45.4781,53.8352,62.3866,70.1607,77.4488,85.4172,95.9122,103.9777,112.7235,121.4693,130.2151,141.8762,151.5937,161.3113,170.0571,179.7746,189.4921,198.2379,207.9555,217.673,226.4188
El Salvador,All sectors without LULUCF,Emissions (CO2eq) from CH4 (AR5),kilotonnes,4054.6439,4369.0554,4543.6736,4483.2977,4536.9503,4580.7989,4735.977,4620.6624,4405.1368,4329.523,4181.6752,3860.7478,4054.5604,3679.3179,3925.1502,3907.1241,3772.7953,3744.0019,3525.0819,3308.3063,3285.499
El Salvador,All sectors without LULUCF,Emissions (CO2eq) from N2O (AR5),kilotonnes,1066.1163,1143.6119,1110.7801,1112.7052,1187.6763,1309.7216,1274.2564,1355.3756,1423.1719,1345.3248,1350.6918,1313.9217,1280.6529,1158.4403,1093.7186,1133.618,1059.9772,963.3793,1011.5033,830.8662,915.1616
El Salvador,All sectors without LULUCF,Emissions (CO2eq) (AR5),kilotonnes,10903.2382,11502.5025,11908.8404,12204.1636,12164.0754,12395.9377,12965.1455,13042.0157,12449.0323,12210.3171,12083.5821,11919.5457,12065.807,11183.0695,11434.9258,12038.5167,11728.2647,10990.6191,11865.5406,12181.8455,11151.0794
Equatorial Guinea,Enteric Fermentation,Emissions (CH4),kilotonnes,0.3976,0.4007,0.4006,0.4022,0.4035,0.4042,0.4058,0.4088,0.4076,0.4075,0.4168,0.4169,0.423,0.4266,0.4267,0.4279,0.4295,0.4335,0.4361,0.4386,0.4409
Equatorial Guinea,Enteric Fermentation,Emissions (CO2eq) from CH4 (AR5),kilotonnes,11.1327,11.2204,11.2162,11.2609,11.2988,11.3169,11.3634,11.4471,11.4127,11.4093,11.6701,11.6738,11.8446,11.9456,11.9463,11.9816,12.0256,12.139,12.211,12.2794,12.3441
Equatorial Guinea,Enteric Fermentation,Emissions (CO2eq) (AR5),kilotonnes,11.1327,11.2204,11.2162,11.2609,11.2988,11.3169,11.3634,11.4471,11.4127,11.4093,11.6701,11.6738,11.8446,11.9456,11.9463,11.9816,12.0256,12.139,12.211,12.2794,12.3441
Equatorial Guinea,Manure Management,Emissions (CH4),kilotonnes,0.0249,0.0253,0.0253,0.0253,0.0254,0.0257,0.0257,0.0258,0.026,0.026,0.0264,0.0267,0.0271,0.0276,0.0277,0.0278,0.028,0.0283,0.0285,0.0287,0.0287
Equatorial Guinea,Manure Management,Emissions (N2O),kilotonnes,0.0031,0.0031,0.0031,0.0031,0.0032,0.0032,0.0032,0.0032,0.0032,0.0032,0.0033,0.0033,0.0033,0.0034,0.0035,0.0035,0.0036,0.0036,0.0036,0.0036,0.0036
Equatorial Guinea,Manure Management,Emissions (CO2eq) from CH4 (AR5),kilotonnes,0.6964,0.7076,0.7076,0.709,0.7126,0.7182,0.7201,0.7237,0.7293,0.7293,0.7396,0.7486,0.7584,0.7715,0.7743,0.7792,0.7844,0.7922,0.7986,0.8044,0.8027
Equatorial Guinea,Manure Management,Emissions (CO2eq) from N2O (AR5),kilotonnes,0.8128,0.8263,0.8262,0.8264,0.8383,0.8399,0.84,0.8525,0.8539,0.8538,0.8669,0.8803,0.8829,0.9083,0.9199,0.9326,0.9421,0.945,0.953,0.9636,0.9567
Equatorial Guinea,Manure Management,Emissions (CO2eq) (AR5),kilotonnes,1.5093,1.5338,1.5338,1.5354,1.5509,1.5581,1.5601,1.5762,1.5832,1.5831,1.6064,1.6289,1.6413,1.6798,1.6942,1.7118,1.7265,1.7371,1.7516,1.768,1.7594
Equatorial Guinea,Manure left on Pasture,Direct emissions (N2O),kilotonnes,0.0189,0.0192,0.0192,0.0192,0.0193,0.0194,0.0194,0.0195,0.0196,0.0196,0.02,0.0201,0.0204,0.0207,0.0207,0.0207,0.0207,0.0211,0.0211,0.0213,0.0214
Equatorial Guinea,Manure left on Pasture,Indirect emissions (N2O),kilotonnes,0.0059,0.006,0.006,0.006,0.006,0.0061,0.0061,0.0061,0.0061,0.0061,0.0062,0.0063,0.0064,0.0064,0.0064,0.0065,0.0065,0.0066,0.0066,0.0066,0.0067
Equatorial Guinea,Manure left on Pasture,Emissions (N2O),kilotonnes,0.0249,0.0252,0.0252,0.0252,0.0253,0.0254,0.0255,0.0256,0.0257,0.0257,0.0262,0.0263,0.0268,0.0271,0.0271,0.0272,0.0272,0.0276,0.0277,0.0279,0.028
Equatorial Guinea,Manure left on Pasture,Emissions (CO2eq) from N2O (AR5),kilotonnes,6.596,6.6677,6.6663,6.6861,6.7025,6.7379,6.7625,6.7965,6.8208,6.8183,6.9416,6.9796,7.0986,7.184,7.1833,7.2038,7.201,7.3184,7.3358,7.4062,7.4275
Equatorial Guinea,Manure left on Pasture,Emissions (CO2eq) (AR5),kilotonnes,6.596,6.6677,6.6663,6.6861,6.7025,6.7379,6.7625,6.7965,6.8208,6.8183,6.9416,6.9796,7.0986,7.184,7.1833,7.2038,7.201,7.3184,7.3358,7.4062,7.4275
Equatorial Guinea,Manure applied to Soils,Direct emissions (N2O),kilotonnes,0.002,0.0021,0.0021,0.0021,0.0021,0.0021,0.0021,0.0021,0.0021,0.0021,0.0022,0.0022,0.0022,0.0023,0.0023,0.0023,0.0023,0.0024,0.0024,0.0024,0.0024
Equatorial Guinea,Manure applied to Soils,Indirect emissions (N2O),kilotonnes,0.0009,0.0009,0.0009,0.0009,0.0009,0.0009,0.0009,0.0009,0.0009,0.0009,0.0009,0.0009,0.0009,0.001,0.001,0.001,0.001,0.001,0.001,0.001,0.001
Equatorial Guinea,Manure applied to Soils,Emissions (N2O),kilotonnes,0.0029,0.0029,0.0029,0.0029,0.003,0.003,0.003,0.003,0.0031,0.0031,0.0031,0.0032,0.0032,0.0033,0.0033,0.0033,0.0033,0.0034,0.0034,0.0034,0.0034
Equatorial Guinea,Manure applied to Soils,Emissions (CO2eq) from N2O (AR5),kilotonnes,0.7679,0.781,0.7807,0.781,0.7901,0.7954,0.795,0.8075,0.8102,0.8098,0.8212,0.8348,0.8411,0.8634,0.8716,0.882,0.886,0.8951,0.8994,0.9111,0.9053
Equatorial Guinea,Manure applied to Soils,Emissions (CO2eq) (AR5),kilotonnes,0.7679,0.781,0.7807,0.781,0.7901,0.7954,0.795,0.8075,0.8102,0.8098,0.8212,0.8348,0.8411,0.8634,0.8716,0.882,0.886,0.8951,0.8994,0.9111,0.9053
Equatorial Guinea,Drained organic soils,Emissions (CO2eq) (AR5),kilotonnes,0,0,0,0,0,0,0,0,0,0,0,0,0,0,0,0,0,0,0,0.6848,0.6848
Equatorial Guinea,Drained organic soils (CO2),Emissions (CO2),kilotonnes,0,0,0,0,0,0,0,0,0,0,0,0,0,0,0,0,0,0,0,0.6581,0.6581
Equatorial Guinea,Drained organic soils (CO2),Emissions (CO2eq) (AR5),kilotonnes,0,0,0,0,0,0,0,0,0,0,0,0,0,0,0,0,0,0,0,0.6581,0.6581
Equatorial Guinea,Drained organic soils (N2O),Emissions (N2O),kilotonnes,0,0,0,0,0,0,0,0,0,0,0,0,0,0,0,0,0,0,0,0.0001,0.0001
Equatorial Guinea,Drained organic soils (N2O),Emissions (CO2eq) from N2O (AR5),kilotonnes,0,0,0,0,0,0,0,0,0,0,0,0,0,0,0,0,0,0,0,0.0267,0.0267
Equatorial Guinea,Drained organic soils (N2O),Emissions (CO2eq) (AR5),kilotonnes,0,0,0,0,0,0,0,0,0,0,0,0,0,0,0,0,0,0,0,0.0267,0.0267
Equatorial Guinea,On-farm energy use,Emissions (CH4),kilotonnes,0.0005,0.0006,0.0008,0.0009,0.0018,0.002,0.0022,0.002,0.0022,0.002,0.0026,0.0026,0.003,0.0037,0.0039,0.0041,0.0052,0.0064,0.005,0.0052,0.0052
Equatorial Guinea,On-farm energy use,Emissions (N2O),kilotonnes,0,0,0,0,0,0,0,0,0,0,0.0001,0.0001,0.0001,0.0001,0.0001,0.0001,0.0001,0.0001,0.0001,0.0001,0.0001
Equatorial Guinea,On-farm energy use,Emissions (CO2),kilotonnes,6.615,7.101,9.8645,11.0891,22.1738,25.0499,27.7178,25.6043,27.2157,25.1482,32.4253,33.0089,38.1088,46.164,49.2959,52.0997,65.8891,81.2657,62.7397,65.4284,65.4284
Equatorial Guinea,On-farm energy use,Emissions (CO2eq) from CH4 (AR5),kilotonnes,0.0147,0.0158,0.0219,0.0246,0.0492,0.0556,0.0615,0.0568,0.0604,0.0558,0.0719,0.0732,0.0846,0.1024,0.1094,0.1156,0.1462,0.1803,0.1392,0.1452,0.1452
Equatorial Guinea,On-farm energy use,Emissions (CO2eq) from N2O (AR5),kilotonnes,0.0028,0.003,0.0041,0.0047,0.0093,0.0105,0.0116,0.0108,0.0114,0.0106,0.0136,0.0139,0.016,0.0194,0.0207,0.0219,0.0277,0.0341,0.0263,0.0275,0.0275
Equatorial Guinea,On-farm energy use,Emissions (CO2eq) (AR5),kilotonnes,6.6324,7.1198,9.8905,11.1184,22.2323,25.116,27.791,25.6719,27.2875,25.2146,32.5109,33.096,38.2094,46.2858,49.426,52.2372,66.0629,81.4801,62.9052,65.6011,65.6011
Equatorial Guinea,Forestland,Emissions (CO2),kilotonnes,-5730.0833,0,0,0,0,0,0,0,0,0,0,0,0,0,0,0,0,0,0,0,0
Equatorial Guinea,Forestland,Emissions (CO2eq) (AR5),kilotonnes,-5730.0833,0,0,0,0,0,0,0,0,0,0,0,0,0,0,0,0,0,0,0,0
Equatorial Guinea,Net Forest conversion,Emissions (CO2),kilotonnes,9560.9878,3830.9045,3830.9045,3830.9045,3830.9045,3830.9045,3830.9045,3830.9045,3830.9045,3830.9045,3830.9045,3831.3629,3831.3629,3831.3629,3831.3629,3831.3629,3832.2797,3832.2797,3832.2797,3832.2797,3832.2797
Equatorial Guinea,Net Forest conversion,Emissions (CO2eq) (AR5),kilotonnes,9560.9878,3830.9045,3830.9045,3830.9045,3830.9045,3830.9045,3830.9045,3830.9045,3830.9045,3830.9045,3830.9045,3831.3629,3831.3629,3831.3629,3831.3629,3831.3629,3832.2797,3832.2797,3832.2797,3832.2797,3832.2797
Equatorial Guinea,Savanna fires,Emissions (CH4),kilotonnes,0,0,0,0,0,0,0.0002,0,0,0,0,0,0,0.0003,0,0,0,0,0,0,0
Equatorial Guinea,Savanna fires,Emissions (N2O),kilotonnes,0,0,0,0,0,0,0,0,0,0,0,0,0,0,0,0,0,0,0,0,0
Equatorial Guinea,Savanna fires,Emissions (CO2eq) from CH4 (AR5),kilotonnes,0,0,0,0,0,0,0.0056,0,0,0,0,0,0,0.0083,0,0,0,0,0,0,0
Equatorial Guinea,Savanna fires,Emissions (CO2eq) from N2O (AR5),kilotonnes,0,0,0,0,0,0,0.0049,0,0,0,0,0,0,0.0071,0,0,0,0,0,0,0
Equatorial Guinea,Savanna fires,Emissions (CO2eq) (AR5),kilotonnes,0,0,0,0,0,0,0.0105,0,0,0,0,0,0,0.0154,0,0,0,0,0,0,0
Equatorial Guinea,Fires in organic soils,Emissions (CH4),kilotonnes,0,0,0,0,0,0,0,0,0,0,0,0,0,0,0,0,0,0,0,0,0
Equatorial Guinea,Fires in organic soils,Emissions (CO2),kilotonnes,0,0,0,0,0,0,0,0,0,0,0,0,0,0,0,0,0,0,0,0,0
Equatorial Guinea,Fires in organic soils,Emissions (CO2eq) from CH4 (AR5),kilotonnes,0,0,0,0,0,0,0,0,0,0,0,0,0,0,0,0,0,0,0,0,0
Equatorial Guinea,Fires in organic soils,Emissions (CO2eq) (AR5),kilotonnes,0,0,0,0,0,0,0,0,0,0,0,0,0,0,0,0,0,0,0,0,0
Equatorial Guinea,Forest fires,Emissions (CH4),kilotonnes,0,0,0,0,0,0,0.008,0.0027,0.0053,0,0.0027,0.0053,0.0027,0,0.008,0,0,0.0053,0.008,0,0.0266
Equatorial Guinea,Forest fires,Emissions (N2O),kilotonnes,0,0,0,0,0,0,0.0007,0.0002,0.0005,0,0.0002,0.0005,0.0002,0,0.0007,0,0,0.0005,0.0007,0,0.0024
Equatorial Guinea,Forest fires,Emissions (CO2eq) from CH4 (AR5),kilotonnes,0,0,0,0,0,0,0.2234,0.0745,0.1489,0,0.0745,0.1489,0.0745,0,0.2234,0,0,0.1489,0.2234,0,0.7445
Equatorial Guinea,Forest fires,Emissions (CO2eq) from N2O (AR5),kilotonnes,0,0,0,0,0,0,0.193,0.0643,0.1287,0,0.0643,0.1287,0.0643,0,0.193,0,0,0.1287,0.193,0,0.6434
Equatorial Guinea,Forest fires,Emissions (CO2eq) (AR5),kilotonnes,0,0,0,0,0,0,0.4164,0.1388,0.2776,0,0.1388,0.2776,0.1388,0,0.4164,0,0,0.2776,0.4164,0,1.3879
Equatorial Guinea,Fires in humid tropical forests,Emissions (CH4),kilotonnes,0,0,0,0,0,0,0.008,0.0027,0.0053,0,0.0027,0.0053,0.0027,0,0.008,0,0,0.0053,0.008,0,0.0266
Equatorial Guinea,Fires in humid tropical forests,Emissions (N2O),kilotonnes,0,0,0,0,0,0,0.0007,0.0002,0.0005,0,0.0002,0.0005,0.0002,0,0.0007,0,0,0.0005,0.0007,0,0.0024
Equatorial Guinea,Fires in humid tropical forests,Emissions (CO2eq) from CH4 (AR5),kilotonnes,0,0,0,0,0,0,0.2234,0.0745,0.1489,0,0.0745,0.1489,0.0745,0,0.2234,0,0,0.1489,0.2234,0,0.7445
Equatorial Guinea,Fires in humid tropical forests,Emissions (CO2eq) from N2O (AR5),kilotonnes,0,0,0,0,0,0,0.193,0.0643,0.1287,0,0.0643,0.1287,0.0643,0,0.193,0,0,0.1287,0.193,0,0.6434
Equatorial Guinea,Fires in humid tropical forests,Emissions (CO2eq) (AR5),kilotonnes,0,0,0,0,0,0,0.4164,0.1388,0.2776,0,0.1388,0.2776,0.1388,0,0.4164,0,0,0.2776,0.4164,0,1.3879
Equatorial Guinea,Waste - agri-food systems,Emissions (CH4),kilotonnes,2.8662,2.9346,2.9991,3.0661,3.1453,3.235,3.3169,3.3977,3.4836,3.5473,3.6112,3.682,3.7489,3.8115,3.8707,3.9138,3.9575,4.0098,4.067,4.1216,4.1743
Equatorial Guinea,Waste - agri-food systems,Emissions (N2O),kilotonnes,0,0,0,0,0,0,0,0,0,0,0,0,0,0,0,0,0,0,0,0,0.0001
Equatorial Guinea,Waste - agri-food systems,Emissions (CO2),kilotonnes,0,0,0,0,0,0,0,0,0,0,0,0,0,0,0,0,0,0,0,0,0
Equatorial Guinea,Waste - agri-food systems,Emissions (CO2eq) from CH4 (AR5),kilotonnes,80.2538,82.1695,83.9748,85.8507,88.0677,90.5797,92.8741,95.1354,97.5418,99.3231,101.1149,103.0965,104.9702,106.7211,108.3784,109.5867,110.8102,112.2758,113.8758,115.4041,116.88
Equatorial Guinea,Waste - agri-food systems,Emissions (CO2eq) from N2O (AR5),kilotonnes,0.0051,0.0053,0.0054,0.0055,0.0056,0.0057,0.0058,0.006,0.0061,0.0062,0.0063,0.0065,0.0066,0.0069,0.0049,0.0051,0.0052,0.0053,0.0054,0.0104,0.0154
Equatorial Guinea,Waste - agri-food systems,Emissions (CO2eq) (AR5),kilotonnes,80.2589,82.1747,83.9802,85.8561,88.0733,90.5854,92.8799,95.1413,97.5479,99.3292,101.1212,103.103,104.9768,106.728,108.3833,109.5917,110.8154,112.2811,113.8812,115.4145,116.8954
Equatorial Guinea,On-farm electricity use,Emissions (CH4),kilotonnes,0,0,0,0,0,0,0,0,0,0,0,0,0,0,0,0,0,0,0,0,0
Equatorial Guinea,On-farm electricity use,Emissions (N2O),kilotonnes,0,0,0,0,0,0,0,0,0,0,0,0,0,0,0,0,0,0,0,0,0
Equatorial Guinea,On-farm electricity use,Emissions (CO2),kilotonnes,0,0,0,0,0,0,0,0,0,0,0,0,0,0,0,0,0,0,0,0,0
Equatorial Guinea,On-farm electricity use,Emissions (CO2eq) from CH4 (AR5),kilotonnes,0,0,0,0,0,0,0,0,0,0,0,0,0,0,0,0,0,0,0,0,0
Equatorial Guinea,On-farm electricity use,Emissions (CO2eq) from N2O (AR5),kilotonnes,0,0,0,0,0,0,0,0,0,0,0,0,0,0,0,0,0,0,0,0,0
Equatorial Guinea,On-farm electricity use,Emissions (CO2eq) (AR5),kilotonnes,0,0,0,0,0,0,0,0,0,0,0,0,0,0,0,0,0,0,0,0,0
Equatorial Guinea,Food Processing,Emissions (CH4),kilotonnes,0.0437,0.0543,0.0475,0.0486,0.0633,0.0716,0.1537,0.1749,0.1601,0.1629,0.1918,0.2089,0.1468,0.1494,0.136,0.1144,0.1121,0.1058,0.1154,0.1212,0.1195
Equatorial Guinea,Food Processing,Emissions (N2O),kilotonnes,0.0001,0.0002,0.0001,0.0001,0.0001,0.0001,0.0001,0.0001,0.0001,0.0001,0.0001,0.0001,0.0001,0.0001,0.0001,0.0001,0.0001,0.0001,0.0001,0,0
Equatorial Guinea,Food Processing,Emissions (CO2),kilotonnes,0.9462,1.643,1.837,1.9858,2.7073,3.4208,13.7004,19.6133,20.9489,24.1365,26.6101,32.5157,57.0565,49.9566,47.9798,40.1434,30.26,23.4776,30.4975,31.724,29.1823
Equatorial Guinea,Food Processing,Emissions (CO2eq) from CH4 (AR5),kilotonnes,1.2236,1.5204,1.33,1.3608,1.7724,2.0048,4.3036,4.8972,4.4828,4.5612,5.3704,5.8492,4.1104,4.1832,3.808,3.2032,3.1388,2.9624,3.2312,3.3936,3.3453
Equatorial Guinea,Food Processing,Emissions (CO2eq) from N2O (AR5),kilotonnes,0.0265,0.053,0.0265,0.0265,0.0265,0.0265,0.0265,0.0265,0.0265,0.0265,0.0265,0.0265,0.0265,0.0265,0.0265,0.0265,0.0265,0.0265,0.0265,0,0
Equatorial Guinea,Food Processing,Emissions (CO2eq) (AR5),kilotonnes,2.1963,3.2164,3.1935,3.3731,4.5062,5.4521,18.0305,24.537,25.4582,28.7242,32.007,38.3914,61.1934,54.1663,51.8143,43.3731,33.4253,26.4665,33.7552,35.1176,32.5276
Equatorial Guinea,Food Packaging,Emissions (CH4),kilotonnes,0,0,0,0,0,0,0,0,0,0,0,0,0,0,0,0,0,0,0,0,0
Equatorial Guinea,Food Packaging,Emissions (N2O),kilotonnes,0,0,0,0,0,0,0,0,0,0,0,0,0,0,0,0,0,0,0,0,0
Equatorial Guinea,Food Packaging,Emissions (CO2),kilotonnes,0,0.0001,0.0001,0.0001,0.0001,0.0002,0.0009,0.0016,0.0017,0.002,0.002,0.0043,0.0039,0.003,0.0046,0.0037,0.0034,0.0034,0.0049,0.0041,0.0038
Equatorial Guinea,Food Packaging,Emissions (CO2eq) from CH4 (AR5),kilotonnes,0,0,0,0,0,0,0,0,0,0,0,0,0,0,0,0,0,0,0,0,0
Equatorial Guinea,Food Packaging,Emissions (CO2eq) from N2O (AR5),kilotonnes,0,0,0,0,0,0,0,0,0,0,0,0,0,0,0,0,0,0,0,0,0
Equatorial Guinea,Food Packaging,Emissions (CO2eq) (AR5),kilotonnes,0,0.0001,0.0001,0.0001,0.0001,0.0002,0.0009,0.0016,0.0017,0.002,0.002,0.0043,0.0039,0.003,0.0046,0.0037,0.0034,0.0034,0.0049,0.0041,0.0038
Equatorial Guinea,Food Retail,Emissions (CH4),kilotonnes,0,0,0,0,0,0.0001,0.0001,0.0001,0.0001,0.0001,0.0002,0.0022,0.0272,0.027,0.0304,0.0337,0.0354,0.0354,0.0324,0.0261,0.0257
Equatorial Guinea,Food Retail,Emissions (N2O),kilotonnes,0,0,0,0,0,0,0,0,0,0,0,0,0.0002,0.0002,0.0002,0.0002,0.0002,0.0002,0.0002,0.0001,0.0001
Equatorial Guinea,Food Retail,Emissions (CO2),kilotonnes,2.0892,2.0892,2.0892,2.0892,2.5071,4.7635,7.1034,7.9391,7.1034,8.7748,9.6105,9.3693,11.1721,10.3612,10.6118,10.0266,9.734,8.8983,8.6729,11.4428,10.526
Equatorial Guinea,Food Retail,Emissions (CO2eq) from CH4 (AR5),kilotonnes,0,0,0,0,0,0.0028,0.0028,0.0028,0.0028,0.0028,0.0056,0.0616,0.7616,0.756,0.8512,0.9436,0.9912,0.9912,0.9072,0.7308,0.7204
Equatorial Guinea,Food Retail,Emissions (CO2eq) from N2O (AR5),kilotonnes,0,0,0,0,0,0,0,0,0,0,0,0,0.053,0.053,0.053,0.053,0.053,0.053,0.053,0.0265,0.0252
Equatorial Guinea,Food Retail,Emissions (CO2eq) (AR5),kilotonnes,2.0892,2.0892,2.0892,2.0892,2.5071,4.7663,7.1062,7.9419,7.1062,8.7776,9.6161,9.4309,11.9867,11.1702,11.516,11.0232,10.7782,9.9425,9.6331,12.2001,11.2716
Equatorial Guinea,Food Household Consumption,Emissions (CH4),kilotonnes,0.012,0.0185,0.0186,0.0196,0.0242,0.0251,0.0284,0.0316,0.0285,0.0327,0.0387,0.062,0.0713,0.0807,0.0899,0.104,0.1179,0.1179,0.097,0.097,0.0956
Equatorial Guinea,Food Household Consumption,Emissions (N2O),kilotonnes,0.0001,0.0002,0.0002,0.0002,0.0002,0.0002,0.0002,0.0002,0.0002,0.0002,0.0003,0.0004,0.0005,0.0005,0.0005,0.0006,0.0007,0.0007,0.0006,0.0006,0.0006
Equatorial Guinea,Food Household Consumption,Emissions (CO2),kilotonnes,10.9143,10.9605,12.1152,12.1218,12.1548,12.1614,12.967,14.0848,14.9974,15.7445,16.4177,19.591,20.4748,21.3423,22.0346,24.2279,25.2664,24.7583,23.7086,23.7086,21.8091
Equatorial Guinea,Food Household Consumption,Emissions (CO2eq) from CH4 (AR5),kilotonnes,0.336,0.518,0.5208,0.5488,0.6776,0.7028,0.7952,0.8848,0.798,0.9156,1.0836,1.736,1.9964,2.2596,2.5172,2.912,3.3012,3.3012,2.716,2.716,2.6773
Equatorial Guinea,Food Household Consumption,Emissions (CO2eq) from N2O (AR5),kilotonnes,0.0265,0.053,0.053,0.053,0.053,0.053,0.053,0.053,0.053,0.053,0.0795,0.106,0.1325,0.1325,0.1325,0.159,0.1855,0.1855,0.159,0.159,0.1512
Equatorial Guinea,Food Household Consumption,Emissions (CO2eq) (AR5),kilotonnes,11.2768,11.5315,12.689,12.7236,12.8854,12.9172,13.8152,15.0226,15.8484,16.7131,17.5808,21.433,22.6037,23.7344,24.6843,27.2989,28.7531,28.245,26.5836,26.5836,24.6376
Equatorial Guinea,Food Transport,Emissions (CH4),kilotonnes,0.0035,0.004,0.0052,0.0064,0.007,0.0073,0.0079,0.0078,0.0078,0.0082,0.008,0.0086,0.0089,0.0096,0.0095,0.0096,0.0104,0.0115,0.0108,0.0119,0.0117
Equatorial Guinea,Food Transport,Emissions (N2O),kilotonnes,0.0002,0.0003,0.0004,0.0004,0.0005,0.0005,0.0005,0.0005,0.0005,0.0006,0.0007,0.0007,0.0007,0.0008,0.0009,0.0009,0.0008,0.0009,0.0009,0.001,0.001
Equatorial Guinea,Food Transport,Emissions (CO2),kilotonnes,12.6165,14.7285,19.728,24.396,26.982,29.167,31.389,32.722,33.5105,34.271,33.777,33.6295,35.0697,37.0641,36.3979,36.8077,38.8905,42.8904,40.2249,46.6391,42.9024
Equatorial Guinea,Food Transport,Emissions (CO2eq) from CH4 (AR5),kilotonnes,0.098,0.112,0.1456,0.1792,0.196,0.2044,0.2212,0.2184,0.2184,0.2296,0.224,0.2408,0.2492,0.2688,0.266,0.2688,0.2912,0.322,0.3024,0.3332,0.3285
Equatorial Guinea,Food Transport,Emissions (CO2eq) from N2O (AR5),kilotonnes,0.053,0.0795,0.106,0.106,0.1325,0.1325,0.1325,0.1325,0.1325,0.159,0.1855,0.1855,0.1855,0.212,0.2385,0.2385,0.212,0.2385,0.2385,0.265,0.252
Equatorial Guinea,Food Transport,Emissions (CO2eq) (AR5),kilotonnes,12.7675,14.92,19.9796,24.6812,27.3105,29.5039,31.7427,33.0729,33.8614,34.6596,34.1865,34.0558,35.5044,37.5449,36.9024,37.315,39.3937,43.4509,40.7658,47.2373,43.4829
Equatorial Guinea,Energy,Emissions (CH4),kilotonnes,321,384,306,335,404,414,402,422,444,397,413,401,407,406,376,369,368,338,337,351,346
Equatorial Guinea,Energy,Emissions (N2O),kilotonnes,0.061,0.0679,0.0622,0.0682,0.075,0.0789,0.0793,0.0789,0.0796,0.0746,0.0754,0.0728,0.0629,0.0626,0.0603,0.0573,0.0533,0.051,0.0506,0.049,0.0466
Equatorial Guinea,Energy,Emissions (CO2),kilotonnes,2760,4830,4980,5770,7260,8260,8120,7370,8490,7880,8090,8690,7800,7560,7070,6030,5630,5090,6870,6740,6200
Equatorial Guinea,Energy,Emissions (CO2eq) from CH4 (AR5),kilotonnes,8988,10752,8568,9380,11312,11592,11256,11816,12432,11116,11564,11228,11396,11368,10528,10332,10304,9464,9436,9828,9688
Equatorial Guinea,Energy,Emissions (CO2eq) from N2O (AR5),kilotonnes,16.165,17.9935,16.483,18.073,19.875,20.9085,21.0145,20.9085,21.094,19.769,19.981,19.292,16.6685,16.589,15.9795,15.1845,14.1245,13.515,13.409,12.985,12.349
Equatorial Guinea,Energy,Emissions (CO2eq) (AR5),kilotonnes,11764.165,15599.9935,13564.483,15168.073,18591.875,19872.9085,19397.0145,19206.9085,20943.094,19015.769,19673.981,19937.292,19212.6685,18944.589,17613.9795,16377.1845,15948.1245,14567.515,16319.409,16580.985,15900.349
Equatorial Guinea,IPPU,Emissions (CH4),kilotonnes,0,1.38,1.44,1.5,1.55,1.61,1.68,1.68,1.68,1.69,1.69,2.55,2.84,2.84,2.84,2.84,2.84,2.84,2.84,3.23,3.35
Equatorial Guinea,IPPU,Emissions (N2O),kilotonnes,0,0,0,0,0,0,0,0,0,0,0,0,0,0,0,0,0,0,0,0,0
Equatorial Guinea,IPPU,Emissions (CO2),kilotonnes,2.61,459,478,496,516,535,559,560,560,563,563,848,943,944,943,943,943,943,943,1070,1110
Equatorial Guinea,IPPU,Emissions (CO2eq) from CH4 (AR5),kilotonnes,0,38.64,40.32,42,43.4,45.08,47.04,47.04,47.04,47.32,47.32,71.4,79.52,79.52,79.52,79.52,79.52,79.52,79.52,90.44,93.8
Equatorial Guinea,IPPU,Emissions (CO2eq) from N2O (AR5),kilotonnes,0.0018,0.0019,0.0019,0.002,0.0021,0.0022,0.0023,0.0024,0.0025,0.0027,0.0028,0.0029,0.003,0.0032,0.0033,0.0034,0.0036,0.0037,0.0038,0.0039,0.004
Equatorial Guinea,IPPU,Emissions (CO2eq) (AR5),kilotonnes,2.6118,497.6419,518.3219,538.002,559.4021,580.0822,606.0423,607.0424,607.0425,610.3226,610.3228,919.4029,1022.523,1023.5232,1022.5233,1022.5234,1022.5236,1022.5237,1022.5238,1160.4439,1203.804
Equatorial Guinea,Waste,Emissions (CH4),kilotonnes,3.67,7.43,7.82,8.21,8.65,9.08,9.55,9.87,10.2,10.6,10.9,13.4,14.5,14.8,15.1,15.4,15.8,16,16.3,17.7,18.3
Equatorial Guinea,Waste,Emissions (N2O),kilotonnes,0.0079,0.0083,0.0086,0.0091,0.0096,0.0102,0.0108,0.0115,0.0123,0.0132,0.0141,0.015,0.0158,0.0167,0.0175,0.0184,0.0192,0.0198,0.0202,0.0214,0.0222
Equatorial Guinea,Waste,Emissions (CO2eq) from CH4 (AR5),kilotonnes,102.76,208.04,218.96,229.88,242.2,254.24,267.4,276.36,285.6,296.8,305.2,375.2,406,414.4,422.8,431.2,442.4,448,456.4,495.6,512.4
Equatorial Guinea,Waste,Emissions (CO2eq) from N2O (AR5),kilotonnes,2.1041,2.1915,2.2816,2.4168,2.5414,2.703,2.862,3.0475,3.2595,3.498,3.7365,3.975,4.187,4.4255,4.6375,4.876,5.088,5.247,5.353,5.671,5.883
Equatorial Guinea,Waste,Emissions (CO2eq) (AR5),kilotonnes,104.8641,210.2315,221.2417,232.2968,244.7414,256.943,270.262,279.4075,288.8595,300.298,308.9365,379.175,410.187,418.8255,427.4375,436.076,447.488,453.247,461.753,501.271,518.283
Equatorial Guinea,Other,Emissions (N2O),kilotonnes,0.025,0.0345,0.0421,0.0456,0.0527,0.0693,0.0778,0.0547,0.0832,0.0844,0.0853,0.0873,0.0853,0.0798,0.0708,0.0632,0.0564,0.0586,0.058,0.0669,0.0664
Equatorial Guinea,Other,Emissions (CO2eq) from N2O (AR5),kilotonnes,6.625,9.1425,11.1565,12.084,13.9655,18.3645,20.617,14.4955,22.048,22.366,22.6045,23.1345,22.6045,21.147,18.762,16.748,14.946,15.529,15.37,17.7285,17.596
Equatorial Guinea,Other,Emissions (CO2eq) (AR5),kilotonnes,6.625,9.1425,11.1565,12.084,13.9655,18.3645,20.617,14.4955,22.048,22.366,22.6045,23.1345,22.6045,21.147,18.762,16.748,14.946,15.529,15.37,17.7285,17.596
Equatorial Guinea,Farm-gate emissions,Emissions (CH4),kilotonnes,0.423,0.4266,0.4266,0.4284,0.4307,0.4318,0.4339,0.4367,0.4358,0.4355,0.4458,0.4463,0.4531,0.4581,0.4582,0.4599,0.4627,0.4683,0.4696,0.4725,0.4747
Equatorial Guinea,Farm-gate emissions,Direct emissions (N2O),kilotonnes,0.021,0.0212,0.0212,0.0213,0.0214,0.0215,0.0215,0.0217,0.0218,0.0218,0.0221,0.0223,0.0227,0.023,0.023,0.0231,0.0231,0.0234,0.0235,0.0237,0.0238
Equatorial Guinea,Farm-gate emissions,Indirect emissions (N2O),kilotonnes,0.0068,0.0069,0.0069,0.0069,0.0069,0.007,0.007,0.007,0.007,0.007,0.0072,0.0072,0.0073,0.0074,0.0074,0.0075,0.0075,0.0076,0.0076,0.0077,0.0077
Equatorial Guinea,Farm-gate emissions,Emissions (N2O),kilotonnes,0.0309,0.0312,0.0312,0.0313,0.0315,0.0316,0.0318,0.032,0.0321,0.032,0.0326,0.0329,0.0334,0.0339,0.0339,0.0341,0.0342,0.0347,0.0348,0.0352,0.0353
Equatorial Guinea,Farm-gate emissions,Emissions (CO2),kilotonnes,6.615,7.101,9.8645,11.0891,22.1738,25.0499,27.7178,25.6043,27.2157,25.1482,32.4253,33.0089,38.1088,46.164,49.2959,52.0997,65.8891,81.2657,62.7397,66.0865,66.0865
Equatorial Guinea,Farm-gate emissions,Emissions (CO2eq) from CH4 (AR5),kilotonnes,11.8438,11.9438,11.9457,11.9945,12.0606,12.0907,12.1506,12.2276,12.2024,12.1944,12.4817,12.4955,12.6875,12.8279,12.8301,12.8764,12.9562,13.1115,13.1489,13.229,13.2919
Equatorial Guinea,Farm-gate emissions,Emissions (CO2eq) from N2O (AR5),kilotonnes,8.1795,8.2779,8.2774,8.2982,8.3402,8.3836,8.4141,8.4673,8.4963,8.4923,8.6433,8.7086,8.8386,8.9821,8.9955,9.0403,9.0568,9.1926,9.2145,9.335,9.3437
Equatorial Guinea,Farm-gate emissions,Emissions (CO2eq) (AR5),kilotonnes,26.6383,27.3227,30.0876,31.3818,42.5746,45.5242,48.2825,46.2992,47.9143,45.8349,53.5502,54.2131,59.635,67.974,71.1215,74.0164,87.902,103.5698,85.103,88.6505,88.7221
Equatorial Guinea,Land Use change,Emissions (CH4),kilotonnes,0,0,0,0,0,0,0.008,0.0027,0.0053,0,0.0027,0.0053,0.0027,0,0.008,0,0,0.0053,0.008,0,0.0266
Equatorial Guinea,Land Use change,Emissions (N2O),kilotonnes,0,0,0,0,0,0,0.0007,0.0002,0.0005,0,0.0002,0.0005,0.0002,0,0.0007,0,0,0.0005,0.0007,0,0.0024
Equatorial Guinea,Land Use change,Emissions (CO2),kilotonnes,9560.9878,3830.9045,3830.9045,3830.9045,3830.9045,3830.9045,3830.9045,3830.9045,3830.9045,3830.9045,3830.9045,3831.3629,3831.3629,3831.3629,3831.3629,3831.3629,3832.2797,3832.2797,3832.2797,3832.2797,3832.2797
Equatorial Guinea,Land Use change,Emissions (CO2eq) from CH4 (AR5),kilotonnes,0,0,0,0,0,0,0.2234,0.0745,0.1489,0,0.0745,0.1489,0.0745,0,0.2234,0,0,0.1489,0.2234,0,0.7445
Equatorial Guinea,Land Use change,Emissions (CO2eq) from N2O (AR5),kilotonnes,0,0,0,0,0,0,0.193,0.0643,0.1287,0,0.0643,0.1287,0.0643,0,0.193,0,0,0.1287,0.193,0,0.6434
Equatorial Guinea,Land Use change,Emissions (CO2eq) (AR5),kilotonnes,9560.9878,3830.9045,3830.9045,3830.9045,3830.9045,3830.9045,3831.3209,3831.0433,3831.1821,3830.9045,3831.0433,3831.6405,3831.5017,3831.3629,3831.7793,3831.3629,3832.2797,3832.5573,3832.6961,3832.2797,3833.6677
Equatorial Guinea,Emissions on agricultural land,Emissions (CH4),kilotonnes,0.423,0.4266,0.4266,0.4284,0.4307,0.4318,0.4419,0.4394,0.4411,0.4355,0.4484,0.4516,0.4558,0.4581,0.4662,0.4599,0.4627,0.4736,0.4776,0.4725,0.5013
Equatorial Guinea,Emissions on agricultural land,Emissions (N2O),kilotonnes,0.0309,0.0312,0.0312,0.0313,0.0315,0.0316,0.0325,0.0322,0.0325,0.032,0.0329,0.0333,0.0336,0.0339,0.0347,0.0341,0.0342,0.0352,0.0355,0.0352,0.0377
Equatorial Guinea,Emissions on agricultural land,Emissions (CO2),kilotonnes,9567.6028,3838.0055,3840.769,3841.9936,3853.0783,3855.9544,3858.6223,3856.5088,3858.1202,3856.0527,3863.3298,3864.3718,3869.4718,3877.5269,3880.6589,3883.4626,3898.1688,3913.5454,3895.0194,3898.3662,3898.3662
Equatorial Guinea,Emissions on agricultural land,Emissions (CO2eq) from CH4 (AR5),kilotonnes,11.8438,11.9438,11.9457,11.9945,12.0606,12.0907,12.374,12.3021,12.3513,12.1944,12.5561,12.6445,12.762,12.8279,13.0534,12.8764,12.9562,13.2604,13.3722,13.229,14.0364
Equatorial Guinea,Emissions on agricultural land,Emissions (CO2eq) from N2O (AR5),kilotonnes,8.1795,8.2779,8.2774,8.2982,8.3402,8.3836,8.6071,8.5316,8.6249,8.4923,8.7076,8.8373,8.903,8.9821,9.1885,9.0403,9.0568,9.3213,9.4075,9.335,9.9871
Equatorial Guinea,Emissions on agricultural land,Emissions (CO2eq) (AR5),kilotonnes,9587.6261,3858.2272,3860.9921,3862.2863,3873.4791,3876.4287,3879.6034,3877.3425,3879.0964,3876.7394,3884.5935,3885.8536,3891.1367,3899.3369,3902.9008,3905.3793,3920.1817,3936.1272,3917.7992,3920.9303,3922.3898
Equatorial Guinea,Pre- and post- production,Emissions (CH4),kilotonnes,2.9254,3.0114,3.0704,3.1407,3.2398,3.3391,3.507,3.6121,3.6801,3.7512,3.8499,3.9637,4.0031,4.0782,4.1365,4.1755,4.2333,4.2804,4.3226,4.3778,4.4268
Equatorial Guinea,Pre- and post- production,Emissions (N2O),kilotonnes,0.0004,0.0007,0.0007,0.0007,0.0008,0.0008,0.0008,0.0008,0.0008,0.0009,0.0011,0.0012,0.0015,0.0016,0.0017,0.0018,0.0018,0.0019,0.0018,0.0017,0.0017
Equatorial Guinea,Pre- and post- production,Emissions (CO2),kilotonnes,26.5662,29.4213,35.7695,40.5929,44.3513,49.5129,65.1607,74.3608,76.5619,82.9288,86.4173,95.1098,123.777,118.7272,117.0287,111.2093,104.1543,100.028,103.1088,113.5186,104.4236
Equatorial Guinea,Pre- and post- production,Emissions (CO2eq) from CH4 (AR5),kilotonnes,81.9114,84.3199,85.9712,87.9395,90.7137,93.4945,98.1969,101.1386,103.0438,105.0323,107.7985,110.9841,112.0878,114.1887,115.8208,116.9143,118.5326,119.8526,121.0326,122.5777,123.9514
Equatorial Guinea,Pre- and post- production,Emissions (CO2eq) from N2O (AR5),kilotonnes,0.1111,0.1908,0.1909,0.191,0.2176,0.2177,0.2178,0.218,0.2181,0.2447,0.2978,0.3245,0.4041,0.4309,0.4554,0.4821,0.4822,0.5088,0.4824,0.4609,0.4438
Equatorial Guinea,Pre- and post- production,Emissions (CO2eq) (AR5),kilotonnes,108.5887,113.9319,121.9316,128.7233,135.2826,143.2251,163.5754,175.7173,179.8238,188.2057,194.5136,206.4184,236.2689,233.3468,233.3049,228.6056,223.1691,220.3894,224.6238,236.5572,228.8189
Equatorial Guinea,Agri-food systems,Emissions (CH4),kilotonnes,3.3484,3.438,3.497,3.5691,3.6705,3.7709,3.949,4.0515,4.1213,4.1867,4.2984,4.4153,4.4589,4.5363,4.6026,4.6354,4.696,4.754,4.8002,4.8502,4.9281
Equatorial Guinea,Agri-food systems,Emissions (N2O),kilotonnes,0.0313,0.032,0.032,0.032,0.0323,0.0325,0.0333,0.033,0.0334,0.033,0.034,0.0346,0.0351,0.0355,0.0364,0.0359,0.036,0.0371,0.0373,0.037,0.0394
Equatorial Guinea,Agri-food systems,Emissions (CO2),kilotonnes,9594.169,3867.4268,3876.5385,3882.5865,3897.4296,3905.4673,3923.783,3930.8696,3934.6821,3938.9815,3949.7471,3959.4816,3993.2488,3996.2541,3997.6876,3994.6719,4002.3231,4013.5734,3998.1282,4011.8848,4002.7899
Equatorial Guinea,Agri-food systems,Emissions (CO2eq) from CH4 (AR5),kilotonnes,93.7552,96.2636,97.9169,99.9339,102.7744,105.5852,110.5708,113.4406,115.3951,117.2267,120.3546,123.6285,124.8498,127.0166,128.8742,129.7907,131.4887,133.113,134.4048,135.8068,137.9879
Equatorial Guinea,Agri-food systems,Emissions (CO2eq) from N2O (AR5),kilotonnes,8.2906,8.4687,8.4683,8.4892,8.5578,8.6014,8.8249,8.7496,8.843,8.737,9.0055,9.1618,9.3071,9.413,9.644,9.5224,9.5389,9.8301,9.8899,9.7959,10.431
Equatorial Guinea,Agri-food systems,Emissions (CO2eq) (AR5),kilotonnes,9696.2148,3972.1592,3982.9237,3991.0096,4008.7617,4019.6538,4043.1788,4053.0598,4058.9202,4064.9452,4079.1072,4092.272,4127.4056,4132.6837,4136.2057,4133.985,4143.3508,4156.5165,4142.423,4157.4875,4151.2087
Equatorial Guinea,IPCC Agriculture,Emissions (CH4),kilotonnes,0.4225,0.426,0.4259,0.4275,0.429,0.4298,0.4318,0.4347,0.4336,0.4335,0.4432,0.4437,0.4501,0.4545,0.4543,0.4557,0.4575,0.4618,0.4646,0.4673,0.4695
Equatorial Guinea,IPCC Agriculture,Direct emissions (N2O),kilotonnes,0.021,0.0212,0.0212,0.0213,0.0214,0.0215,0.0215,0.0217,0.0218,0.0218,0.0221,0.0223,0.0227,0.023,0.023,0.0231,0.0231,0.0234,0.0235,0.0237,0.0238
Equatorial Guinea,IPCC Agriculture,Indirect emissions (N2O),kilotonnes,0.0068,0.0069,0.0069,0.0069,0.0069,0.007,0.007,0.007,0.007,0.007,0.0072,0.0072,0.0073,0.0074,0.0074,0.0075,0.0075,0.0076,0.0076,0.0077,0.0077
Equatorial Guinea,IPCC Agriculture,Emissions (N2O),kilotonnes,0.0309,0.0312,0.0312,0.0313,0.0314,0.0316,0.0317,0.0319,0.032,0.032,0.0326,0.0328,0.0333,0.0338,0.0339,0.034,0.0341,0.0346,0.0347,0.0351,0.0352
Equatorial Guinea,IPCC Agriculture,Emissions (CO2eq) from CH4 (AR5),kilotonnes,11.8291,11.928,11.9238,11.9699,12.0114,12.0351,12.0891,12.1708,12.142,12.1386,12.4097,12.4223,12.603,12.7254,12.7207,12.7608,12.81,12.9312,13.0097,13.0839,13.1467
Equatorial Guinea,IPCC Agriculture,Emissions (CO2eq) from N2O (AR5),kilotonnes,8.1767,8.275,8.2733,8.2935,8.3309,8.3731,8.4025,8.4565,8.4848,8.4818,8.6297,8.6948,8.8226,8.9627,8.9748,9.0184,9.0291,9.1585,9.1882,9.3075,9.3163
Equatorial Guinea,IPCC Agriculture,Emissions (CO2eq) (AR5),kilotonnes,20.0058,20.203,20.1971,20.2634,20.3423,20.4082,20.4916,20.6273,20.6268,20.6204,21.0394,21.1171,21.4256,21.6882,21.6955,21.7792,21.8391,22.0897,22.1978,22.3914,22.463
Equatorial Guinea,Agricultural Soils,Direct emissions (N2O),kilotonnes,0.021,0.0212,0.0212,0.0213,0.0214,0.0215,0.0215,0.0217,0.0218,0.0218,0.0221,0.0223,0.0227,0.023,0.023,0.0231,0.0231,0.0234,0.0235,0.0237,0.0238
Equatorial Guinea,Agricultural Soils,Indirect emissions (N2O),kilotonnes,0.0068,0.0069,0.0069,0.0069,0.0069,0.007,0.007,0.007,0.007,0.007,0.0072,0.0072,0.0073,0.0074,0.0074,0.0075,0.0075,0.0076,0.0076,0.0077,0.0077
Equatorial Guinea,Agricultural Soils,Emissions (N2O),kilotonnes,0.0278,0.0281,0.0281,0.0282,0.0283,0.0284,0.0285,0.0287,0.0288,0.0288,0.0293,0.0295,0.03,0.0304,0.0304,0.0305,0.0305,0.031,0.0311,0.0315,0.0315
Equatorial Guinea,Agricultural Soils,Emissions (CO2eq) from N2O (AR5),kilotonnes,7.3639,7.4487,7.4471,7.4671,7.4926,7.5332,7.5576,7.604,7.631,7.628,7.7628,7.8144,7.9397,8.0473,8.0549,8.0858,8.087,8.2135,8.2352,8.344,8.3595
Equatorial Guinea,Agricultural Soils,Emissions (CO2eq) (AR5),kilotonnes,7.3639,7.4487,7.4471,7.4671,7.4926,7.5332,7.5576,7.604,7.631,7.628,7.7628,7.8144,7.9397,8.0473,8.0549,8.0858,8.087,8.2135,8.2352,8.344,8.3595
Equatorial Guinea,LULUCF,Emissions (CH4),kilotonnes,0,0,0,0,0,0,0.008,0.0027,0.0053,0,0.0027,0.0053,0.0027,0,0.008,0,0,0.0053,0.008,0,0.0266
Equatorial Guinea,LULUCF,Emissions (N2O),kilotonnes,0,0,0,0,0,0,0.0007,0.0002,0.0005,0,0.0002,0.0005,0.0002,0,0.0007,0,0,0.0005,0.0007,0,0.0024
Equatorial Guinea,LULUCF,Emissions (CO2),kilotonnes,3830.9045,3830.9045,3830.9045,3830.9045,3830.9045,3830.9045,3830.9045,3830.9045,3830.9045,3830.9045,3830.9045,3831.3629,3831.3629,3831.3629,3831.3629,3831.3629,3832.2797,3832.2797,3832.2797,3832.9378,3832.9378
Equatorial Guinea,LULUCF,Emissions (CO2eq) from CH4 (AR5),kilotonnes,0,0,0,0,0,0,0.2234,0.0745,0.1489,0,0.0745,0.1489,0.0745,0,0.2234,0,0,0.1489,0.2234,0,0.7445
Equatorial Guinea,LULUCF,Emissions (CO2eq) from N2O (AR5),kilotonnes,0,0,0,0,0,0,0.193,0.0643,0.1287,0,0.0643,0.1287,0.0643,0,0.193,0,0,0.1287,0.193,0,0.6434
Equatorial Guinea,LULUCF,Emissions (CO2eq) (AR5),kilotonnes,3830.9045,3830.9045,3830.9045,3830.9045,3830.9045,3830.9045,3831.3209,3831.0433,3831.1821,3830.9045,3831.0433,3831.6405,3831.5017,3831.3629,3831.7793,3831.3629,3832.2797,3832.5573,3832.6961,3832.9378,3834.3257
Equatorial Guinea,AFOLU,Emissions (CH4),kilotonnes,0.4225,0.426,0.4259,0.4275,0.429,0.4298,0.4397,0.4373,0.439,0.4335,0.4459,0.449,0.4528,0.4545,0.4623,0.4557,0.4575,0.4671,0.4726,0.4673,0.4961
Equatorial Guinea,AFOLU,Emissions (N2O),kilotonnes,0.0309,0.0312,0.0312,0.0313,0.0314,0.0316,0.0324,0.0322,0.0325,0.032,0.0328,0.0333,0.0335,0.0338,0.0346,0.034,0.0341,0.035,0.0354,0.0351,0.0376
Equatorial Guinea,AFOLU,Emissions (CO2),kilotonnes,3830.9045,3830.9045,3830.9045,3830.9045,3830.9045,3830.9045,3830.9045,3830.9045,3830.9045,3830.9045,3830.9045,3831.3629,3831.3629,3831.3629,3831.3629,3831.3629,3832.2797,3832.2797,3832.2797,3832.9378,3832.9378
Equatorial Guinea,AFOLU,Emissions (CO2eq) from CH4 (AR5),kilotonnes,11.8291,11.928,11.9238,11.9699,12.0114,12.0351,12.3125,12.2453,12.2909,12.1386,12.4842,12.5712,12.6774,12.7254,12.944,12.7608,12.81,13.0801,13.233,13.0839,13.8913
Equatorial Guinea,AFOLU,Emissions (CO2eq) from N2O (AR5),kilotonnes,8.1767,8.275,8.2733,8.2935,8.3309,8.3731,8.5955,8.5209,8.6135,8.4818,8.694,8.8234,8.887,8.9627,9.1678,9.0184,9.0291,9.2872,9.3812,9.3075,9.9596
Equatorial Guinea,AFOLU,Emissions (CO2eq) (AR5),kilotonnes,3850.9104,3851.1075,3851.1016,3851.1679,3851.2469,3851.3127,3851.8124,3851.6706,3851.8089,3851.5249,3852.0827,3852.7576,3852.9273,3853.0511,3853.4748,3853.1421,3854.1188,3854.647,3854.8939,3855.3292,3856.7887
Equatorial Guinea,All sectors with LULUCF,Emissions (CH4),kilotonnes,325.0925,393.236,315.6859,345.1375,414.629,425.1198,413.6697,433.9873,456.319,409.7235,426.0359,417.399,424.7928,424.0945,394.4023,387.6957,387.0975,357.3071,356.6126,372.3973,368.1461
Equatorial Guinea,All sectors with LULUCF,Emissions (N2O),kilotonnes,0.1248,0.1419,0.1441,0.1542,0.1687,0.19,0.2003,0.1773,0.2076,0.2042,0.2076,0.2084,0.1975,0.1929,0.1832,0.1729,0.163,0.1645,0.1642,0.1724,0.1728
Equatorial Guinea,All sectors with LULUCF,Emissions (CO2),kilotonnes,6593.5145,9119.9045,9288.9045,10096.9045,11606.9045,12625.9045,12509.9045,11760.9045,12880.9045,12273.9045,12483.9045,13369.3629,12574.3629,12335.3629,11844.3629,10804.3629,10405.2797,9865.2797,11645.2797,11642.9378,11142.9378
Equatorial Guinea,All sectors with LULUCF,Emissions (CO2eq) from CH4 (AR5),kilotonnes,9102.5891,11010.608,8839.2038,9663.8499,11609.6114,11903.3551,11582.7525,12151.6453,12776.9309,11472.2586,11929.0042,11687.1712,11894.1974,11874.6454,11043.264,10855.4808,10838.73,10004.6001,9985.153,10427.1239,10308.0913
Equatorial Guinea,All sectors with LULUCF,Emissions (CO2eq) from N2O (AR5),kilotonnes,33.0726,37.6044,38.1964,40.8694,44.7149,50.3513,53.0913,46.9748,55.0175,54.1174,55.0188,55.2278,52.35,51.1274,48.5501,45.8304,43.1911,43.5819,43.517,45.696,45.7917
Equatorial Guinea,All sectors with LULUCF,Emissions (CO2eq) (AR5),kilotonnes,15729.1763,20168.1169,18166.3047,19801.6237,23261.2308,24579.6109,24145.7483,23959.5246,25712.8529,23800.2805,24467.9275,25111.762,24520.9103,24261.1357,22936.1771,21705.6741,21287.2009,19913.4617,21673.9498,22115.7576,21496.8207
Equatorial Guinea,All sectors without LULUCF,Emissions (CH4),kilotonnes,325.0925,393.236,315.6859,345.1375,414.629,425.1198,413.6618,433.9847,456.3136,409.7235,426.0332,417.3937,424.7901,424.0945,394.3943,387.6957,387.0975,357.3018,356.6046,372.3973,368.1195
Equatorial Guinea,All sectors without LULUCF,Emissions (N2O),kilotonnes,0.1248,0.1419,0.1441,0.1542,0.1687,0.19,0.1996,0.177,0.2071,0.2042,0.2074,0.2079,0.1973,0.1929,0.1825,0.1729,0.163,0.164,0.1635,0.1724,0.1704
Equatorial Guinea,All sectors without LULUCF,Emissions (CO2),kilotonnes,2762.61,5289,5458,6266,7776,8795,8679,7930,9050,8443,8653,9538,8743,8504,8013,6973,6573,6033,7813,7810,7310
Equatorial Guinea,All sectors without LULUCF,Emissions (CO2eq) from CH4 (AR5),kilotonnes,9102.5891,11010.608,8839.2038,9663.8499,11609.6114,11903.3551,11582.5291,12151.5708,12776.782,11472.2586,11928.9297,11687.0223,11894.123,11874.6454,11043.0407,10855.4808,10838.73,10004.4512,9984.9297,10427.1239,10307.3467
Equatorial Guinea,All sectors without LULUCF,Emissions (CO2eq) from N2O (AR5),kilotonnes,33.0726,37.6044,38.1964,40.8694,44.7149,50.3513,52.8983,46.9104,54.8889,54.1174,54.9545,55.0991,52.2856,51.1274,48.3571,45.8304,43.1911,43.4532,43.324,45.696,45.1483
Equatorial Guinea,All sectors without LULUCF,Emissions (CO2eq) (AR5),kilotonnes,11898.2717,16337.2124,14335.4002,15970.7192,19430.3263,20748.7064,20314.4274,20128.4813,21881.6708,19969.376,20636.8842,21280.1215,20689.4086,20429.7728,19104.3978,17874.3111,17454.9211,16080.9044,17841.2537,18282.8198,17662.495
Eritrea,Crop Residues,Direct emissions (N2O),kilotonnes,0.0498,0.0657,0.0447,0.0542,0.0565,0.0898,0.1,0.1116,0.0582,0.0764,0.0792,0.094,0.0885,0.0876,0.0883,0.0891,0.0891,0.0891,0.0891,0.0891,0.0891
Eritrea,Crop Residues,Indirect emissions (N2O),kilotonnes,0.0112,0.0148,0.01,0.0122,0.0127,0.0202,0.0225,0.0251,0.0131,0.0172,0.0178,0.0211,0.0199,0.0197,0.0199,0.02,0.02,0.02,0.02,0.02,0.02
Eritrea,Crop Residues,Emissions (N2O),kilotonnes,0.061,0.0804,0.0547,0.0664,0.0692,0.11,0.1225,0.1367,0.0714,0.0936,0.097,0.1151,0.1084,0.1073,0.1082,0.1092,0.1091,0.1091,0.1091,0.1091,0.1091
Eritrea,Crop Residues,Emissions (CO2eq) from N2O (AR5),kilotonnes,16.1685,21.3145,14.4946,17.5918,18.3273,29.1407,32.4661,36.2203,18.9088,24.8163,25.695,30.5004,28.7303,28.4459,28.6749,28.9252,28.9178,28.9122,28.9238,28.9242,28.9245
Eritrea,Crop Residues,Emissions (CO2eq) (AR5),kilotonnes,16.1685,21.3145,14.4946,17.5918,18.3273,29.1407,32.4661,36.2203,18.9088,24.8163,25.695,30.5004,28.7303,28.4459,28.6749,28.9252,28.9178,28.9122,28.9238,28.9242,28.9245
Eritrea,Burning - Crop residues,Emissions (CH4),kilotonnes,0.0859,0.0649,0.0668,0.0619,0.0585,0.0949,0.0987,0.0795,0.0703,0.0781,0.0842,0.0848,0.0848,0.081,0.0783,0.081,0.081,0.081,0.081,0.081,0.081
Eritrea,Burning - Crop residues,Emissions (N2O),kilotonnes,0.0022,0.0017,0.0017,0.0016,0.0015,0.0025,0.0026,0.0021,0.0018,0.002,0.0022,0.0022,0.0022,0.0021,0.002,0.0021,0.0021,0.0021,0.0021,0.0021,0.0021
Eritrea,Burning - Crop residues,Emissions (CO2eq) from CH4 (AR5),kilotonnes,2.4051,1.8181,1.8694,1.7337,1.6374,2.6567,2.7633,2.2259,1.9697,2.1872,2.3587,2.3738,2.3738,2.268,2.1924,2.268,2.268,2.268,2.268,2.268,2.268
Eritrea,Burning - Crop residues,Emissions (CO2eq) from N2O (AR5),kilotonnes,0.5901,0.4461,0.4587,0.4254,0.4018,0.6519,0.678,0.5462,0.4833,0.5367,0.5788,0.5825,0.5825,0.5565,0.538,0.5565,0.5565,0.5565,0.5565,0.5565,0.5565
Eritrea,Burning - Crop residues,Emissions (CO2eq) (AR5),kilotonnes,2.9953,2.2642,2.3281,2.1592,2.0391,3.3086,3.4413,2.7721,2.453,2.7238,2.9375,2.9563,2.9563,2.8245,2.7303,2.8245,2.8245,2.8245,2.8245,2.8245,2.8245
Eritrea,Enteric Fermentation,Emissions (CH4),kilotonnes,104.6588,99.9138,98.7388,102.1654,103.7701,105.2165,101.4735,108.2689,108.8214,109.3722,106.3065,110.97,111.685,112.68,113.11,113.596,114.4294,115.2721,115.3323,115.3552,115.885
Eritrea,Enteric Fermentation,Emissions (CH4),kilotonnes,128,,,,,,,,,,,,,,,,,,,,
Eritrea,Enteric Fermentation,Emissions (CO2eq) from CH4 (AR5),kilotonnes,2930.447,2797.5864,2764.6858,2860.6308,2905.5634,2946.0614,2841.2576,3031.5301,3046.9987,3062.4222,2976.5831,3107.16,3127.18,3155.04,3167.08,3180.6887,3204.0224,3227.6185,3229.3056,3229.9467,3244.7788
Eritrea,Enteric Fermentation,Emissions (CO2eq) from CH4 (AR5),kilotonnes,3584,,,,,,,,,,,,,,,,,,,,
Eritrea,Enteric Fermentation,Emissions (CO2eq) (AR5),kilotonnes,2930.447,2797.5864,2764.6858,2860.6308,2905.5634,2946.0614,2841.2576,3031.5301,3046.9987,3062.4222,2976.5831,3107.16,3127.18,3155.04,3167.08,3180.6887,3204.0224,3227.6185,3229.3056,3229.9467,3244.7788
Eritrea,Enteric Fermentation,Emissions (CO2eq) (AR5),kilotonnes,3584,,,,,,,,,,,,,,,,,,,,
Eritrea,Manure Management,Emissions (CH4),kilotonnes,3.7818,3.5893,3.5139,3.5869,3.6044,3.6312,3.616,3.7083,3.7273,3.7462,3.7779,3.804,3.8381,3.8838,3.8973,3.9118,3.9451,3.9755,3.9829,3.978,4.0014
Eritrea,Manure Management,Emissions (CH4),kilotonnes,5,,,,,,,,,,,,,,,,,,,,
Eritrea,Manure Management,Emissions (N2O),kilotonnes,0.0459,0.0446,0.0444,0.0468,0.0481,0.0493,0.0457,0.0511,0.0513,0.0516,0.0479,0.0523,0.0525,0.0528,0.053,0.0531,0.0535,0.0538,0.0537,0.0539,0.054
Eritrea,Manure Management,Emissions (CO2eq) from CH4 (AR5),kilotonnes,105.8906,100.5008,98.3889,100.432,100.9233,101.6733,101.2484,103.8313,104.3635,104.8935,105.7816,106.5113,107.4677,108.7463,109.123,109.5317,110.4617,111.3146,111.5214,111.3832,112.039
Eritrea,Manure Management,Emissions (CO2eq) from CH4 (AR5),kilotonnes,140,,,,,,,,,,,,,,,,,,,,
Eritrea,Manure Management,Emissions (CO2eq) from N2O (AR5),kilotonnes,12.1625,11.8071,11.7689,12.4051,12.7588,13.0594,12.1213,13.529,13.5976,13.6662,12.7016,13.868,13.9167,13.9931,14.0423,14.0826,14.1821,14.2604,14.2421,14.2742,14.3191
Eritrea,Manure Management,Emissions (CO2eq) (AR5),kilotonnes,118.0531,112.3079,110.1577,112.8371,113.6822,114.7326,113.3696,117.3603,117.9612,118.5597,118.4832,120.3793,121.3844,122.7395,123.1653,123.6143,124.6437,125.575,125.7635,125.6573,126.3581
Eritrea,Manure Management,Emissions (CO2eq) (AR5),kilotonnes,140,,,,,,,,,,,,,,,,,,,,
Eritrea,Manure left on Pasture,Direct emissions (N2O),kilotonnes,3.6958,3.496,3.4382,3.5564,3.6057,3.6531,3.5352,3.7533,3.7725,3.7917,3.7065,3.8385,3.8546,3.8826,3.8999,3.9175,3.9429,3.9668,3.9619,3.9691,3.9829
Eritrea,Manure left on Pasture,Indirect emissions (N2O),kilotonnes,0.9936,0.9514,0.9334,0.9676,0.9808,0.991,0.9619,1.0117,1.0169,1.0222,1.0058,1.0353,1.0406,1.0498,1.0543,1.0596,1.0674,1.0711,1.0715,1.0736,1.0783
Eritrea,Manure left on Pasture,Emissions (N2O),kilotonnes,4.6894,4.4474,4.3716,4.5239,4.5865,4.6441,4.4971,4.7649,4.7894,4.8138,4.7122,4.8738,4.8951,4.9324,4.9542,4.9772,5.0103,5.0379,5.0334,5.0427,5.0613
Eritrea,Manure left on Pasture,Emissions (CO2eq) from N2O (AR5),kilotonnes,1242.6993,1178.5694,1158.4734,1198.8427,1215.4173,1230.6784,1191.7393,1262.7046,1269.1958,1275.6644,1248.7356,1291.5538,1297.2134,1307.0904,1312.874,1318.9494,1327.7211,1335.0465,1333.8617,1336.3249,1341.2349
Eritrea,Manure left on Pasture,Emissions (CO2eq) (AR5),kilotonnes,1242.6993,1178.5694,1158.4734,1198.8427,1215.4173,1230.6784,1191.7393,1262.7046,1269.1958,1275.6644,1248.7356,1291.5538,1297.2134,1307.0904,1312.874,1318.9494,1327.7211,1335.0465,1333.8617,1336.3249,1341.2349
Eritrea,Manure applied to Soils,Direct emissions (N2O),kilotonnes,0.061,0.0658,0.0698,0.0781,0.0841,0.088,0.0709,0.0908,0.0912,0.0917,0.074,0.0937,0.0941,0.0946,0.095,0.0951,0.0958,0.0959,0.0959,0.0959,0.0961
Eritrea,Manure applied to Soils,Indirect emissions (N2O),kilotonnes,0.0259,0.028,0.0297,0.0332,0.0357,0.0374,0.0301,0.0386,0.0388,0.039,0.0314,0.0398,0.04,0.0402,0.0404,0.0404,0.0407,0.0408,0.0408,0.0408,0.0409
Eritrea,Manure applied to Soils,Emissions (N2O),kilotonnes,0.0869,0.0938,0.0994,0.1112,0.1198,0.1254,0.1011,0.1293,0.13,0.1307,0.1054,0.1335,0.1341,0.1348,0.1354,0.1355,0.1366,0.1367,0.1367,0.1367,0.137
Eritrea,Manure applied to Soils,Emissions (CO2eq) from N2O (AR5),kilotonnes,23.0271,24.847,26.3514,29.4784,31.7454,33.2319,26.7791,34.2774,34.4519,34.6271,27.9394,35.3851,35.5449,35.7222,35.8718,35.9117,36.1882,36.2228,36.2181,36.2322,36.307
Eritrea,Manure applied to Soils,Emissions (CO2eq) (AR5),kilotonnes,23.0271,24.847,26.3514,29.4784,31.7454,33.2319,26.7791,34.2774,34.4519,34.6271,27.9394,35.3851,35.5449,35.7222,35.8718,35.9117,36.1882,36.2228,36.2181,36.2322,36.307
Eritrea,Synthetic Fertilizers,Direct emissions (N2O),kilotonnes,0.0849,0.058,0.0446,0.0107,0,0.0226,0.0001,0.0104,,0.0085,0.0044,0.0089,0.0097,0.0129,0.0148,0.0159,0.0302,0.0279,0.0731,0.0723,0.0548
Eritrea,Synthetic Fertilizers,Indirect emissions (N2O),kilotonnes,0.0276,0.0189,0.0145,0.0035,0,0.0073,0,0.0034,,0.0028,0.0014,0.0029,0.0032,0.0042,0.0048,0.0052,0.0098,0.0091,0.0237,0.0235,0.0178
Eritrea,Synthetic Fertilizers,Emissions (N2O),kilotonnes,0.1124,0.0769,0.059,0.0142,0.0001,0.0299,0.0001,0.0137,,0.0112,0.0058,0.0118,0.0129,0.0171,0.0196,0.0211,0.04,0.0369,0.0968,0.0958,0.0727
Eritrea,Synthetic Fertilizers,Emissions (CO2eq) from N2O (AR5),kilotonnes,29.7955,20.3823,15.6426,3.7741,0.0166,7.9234,0.0386,3.6417,,2.9795,1.545,3.1175,3.4064,4.5265,5.199,5.5949,10.608,9.7902,25.6575,25.3777,19.258
Eritrea,Synthetic Fertilizers,Emissions (CO2eq) (AR5),kilotonnes,29.7955,20.3823,15.6426,3.7741,0.0166,7.9234,0.0386,3.6417,,2.9795,1.545,3.1175,3.4064,4.5265,5.199,5.5949,10.608,9.7902,25.6575,25.3777,19.258
Eritrea,Drained organic soils,Emissions (CO2eq) (AR5),kilotonnes,8.684,8.684,8.684,8.684,8.684,8.684,8.684,8.684,8.684,8.684,8.684,8.684,8.684,8.684,8.684,8.684,8.684,8.684,8.684,8.684,8.684
Eritrea,Drained organic soils (CO2),Emissions (CO2),kilotonnes,8.3403,8.3403,8.3403,8.3403,8.3403,8.3403,8.3403,8.3403,8.3403,8.3403,8.3403,8.3403,8.3403,8.3403,8.3403,8.3403,8.3403,8.3403,8.3403,8.3403,8.3403
Eritrea,Drained organic soils (CO2),Emissions (CO2eq) (AR5),kilotonnes,8.3403,8.3403,8.3403,8.3403,8.3403,8.3403,8.3403,8.3403,8.3403,8.3403,8.3403,8.3403,8.3403,8.3403,8.3403,8.3403,8.3403,8.3403,8.3403,8.3403,8.3403
Eritrea,Drained organic soils (N2O),Emissions (N2O),kilotonnes,0.0013,0.0013,0.0013,0.0013,0.0013,0.0013,0.0013,0.0013,0.0013,0.0013,0.0013,0.0013,0.0013,0.0013,0.0013,0.0013,0.0013,0.0013,0.0013,0.0013,0.0013
Eritrea,Drained organic soils (N2O),Emissions (CO2eq) from N2O (AR5),kilotonnes,0.3437,0.3437,0.3437,0.3437,0.3437,0.3437,0.3437,0.3437,0.3437,0.3437,0.3437,0.3437,0.3437,0.3437,0.3437,0.3437,0.3437,0.3437,0.3437,0.3437,0.3437
Eritrea,Drained organic soils (N2O),Emissions (CO2eq) (AR5),kilotonnes,0.3437,0.3437,0.3437,0.3437,0.3437,0.3437,0.3437,0.3437,0.3437,0.3437,0.3437,0.3437,0.3437,0.3437,0.3437,0.3437,0.3437,0.3437,0.3437,0.3437,0.3437
Eritrea,On-farm energy use,Emissions (CH4),kilotonnes,0.0033,0.0036,0.0038,0.0037,0.003,0.0019,0.0016,0.0017,0.0016,0.002,0.0024,0.0026,0.0026,0.0026,0.0026,0.0025,0.0026,0.0029,0.003,0.0031,0.0031
Eritrea,On-farm energy use,Emissions (N2O),kilotonnes,0.0048,0.0059,0.0064,0.0066,0.0063,0.0049,0.0037,0.0033,0.0031,0.0032,0.0037,0.0039,0.004,0.0042,0.0043,0.0046,0.005,0.0065,0.0066,0.0071,0.0071
Eritrea,On-farm energy use,Emissions (CO2),kilotonnes,21.1377,23.3725,24.0928,24.5181,23.1356,18.1241,14.0224,12.6131,11.641,12.83,13.2552,13.9444,14.1184,14.4229,15.373,16.0808,17.2359,21.3436,22.1815,23.5432,23.5432
Eritrea,On-farm energy use,Emissions (CO2eq) from CH4 (AR5),kilotonnes,0.0913,0.1017,0.1053,0.1044,0.0828,0.0539,0.0459,0.0462,0.0447,0.0551,0.0662,0.0741,0.0734,0.0722,0.0714,0.0704,0.0725,0.0805,0.0833,0.0857,0.0857
Eritrea,On-farm energy use,Emissions (CO2eq) from N2O (AR5),kilotonnes,1.2623,1.5608,1.6871,1.7497,1.6639,1.2908,0.9936,0.8872,0.8297,0.8475,0.9885,1.0362,1.0708,1.1246,1.146,1.2322,1.32,1.7307,1.7508,1.8718,1.8718
Eritrea,On-farm energy use,Emissions (CO2eq) (AR5),kilotonnes,22.4913,25.035,25.8852,26.3722,24.8824,19.4688,15.0619,13.5465,12.5154,13.7326,14.3099,15.0548,15.2626,15.6197,16.5904,17.3835,18.6284,23.1548,24.0157,25.5007,25.5007
Eritrea,Forestland,Emissions (CO2),kilotonnes,-243.1507,-166.5393,-166.5393,-166.5393,-166.5393,-166.5393,-166.5393,-166.5393,-166.5393,-166.5393,-166.5393,-446.3056,-446.3056,-446.3056,-446.3056,-446.3056,-214.8526,-214.8526,-214.8526,-214.8526,-214.8526
Eritrea,Forestland,Emissions (CO2eq) (AR5),kilotonnes,-243.1507,-166.5393,-166.5393,-166.5393,-166.5393,-166.5393,-166.5393,-166.5393,-166.5393,-166.5393,-166.5393,-446.3056,-446.3056,-446.3056,-446.3056,-446.3056,-214.8526,-214.8526,-214.8526,-214.8526,-214.8526
Eritrea,Net Forest conversion,Emissions (CO2),kilotonnes,671.66,618.9139,618.9139,618.9139,618.9139,618.9139,618.9139,618.9139,618.9139,618.9139,618.9139,822.2214,822.2214,822.2214,822.2214,822.2214,656.3847,656.3847,656.3847,656.3847,656.3847
Eritrea,Net Forest conversion,Emissions (CO2eq) (AR5),kilotonnes,671.66,618.9139,618.9139,618.9139,618.9139,618.9139,618.9139,618.9139,618.9139,618.9139,618.9139,822.2214,822.2214,822.2214,822.2214,822.2214,656.3847,656.3847,656.3847,656.3847,656.3847
Eritrea,Savanna fires,Emissions (CH4),kilotonnes,2.9643,0.0759,0.2428,0.103,0.0404,0.0671,0.07,0.5588,0.4509,0.011,0.0125,0.1098,0.0632,0.0985,0.0688,0.0402,0.009,0.0104,0.0008,0.0938,0.4696
Eritrea,Savanna fires,Emissions (N2O),kilotonnes,0.2707,0.0069,0.0222,0.0094,0.0037,0.0061,0.0064,0.051,0.0412,0.001,0.0011,0.01,0.0058,0.009,0.0063,0.0037,0.0008,0.001,0.0001,0.0086,0.0429
Eritrea,Savanna fires,Emissions (CO2eq) from CH4 (AR5),kilotonnes,83.001,2.1258,6.7972,2.8847,1.1299,1.8784,1.961,15.6452,12.6259,0.308,0.351,3.0746,1.7691,2.7576,1.9267,1.1245,0.253,0.2921,0.0215,2.6254,13.1489
Eritrea,Savanna fires,Emissions (CO2eq) from N2O (AR5),kilotonnes,71.7238,1.8369,5.8737,2.4928,0.9764,1.6232,1.6946,13.5195,10.9105,0.2661,0.3033,2.6569,1.5288,2.3829,1.6649,0.9717,0.2187,0.2525,0.0186,2.2687,11.3623
Eritrea,Savanna fires,Emissions (CO2eq) (AR5),kilotonnes,154.7249,3.9627,12.6709,5.3775,2.1063,3.5016,3.6556,29.1648,23.5364,0.5741,0.6542,5.7315,3.2979,5.1405,3.5916,2.0962,0.4717,0.5446,0.0401,4.894,24.5112
Eritrea,Fires in organic soils,Emissions (CH4),kilotonnes,0,0,0,0,0,0,0,0,0,0,0,0,0,0,0,0,0,0,0,0,0
Eritrea,Fires in organic soils,Emissions (CO2),kilotonnes,0,0,0,0,0,0,0,0,0,0,0,0,0,0,0,0,0,0,0,0,0
Eritrea,Fires in organic soils,Emissions (CO2eq) from CH4 (AR5),kilotonnes,0,0,0,0,0,0,0,0,0,0,0,0,0,0,0,0,0,0,0,0,0
Eritrea,Fires in organic soils,Emissions (CO2eq) (AR5),kilotonnes,0,0,0,0,0,0,0,0,0,0,0,0,0,0,0,0,0,0,0,0,0
Eritrea,Forest fires,Emissions (CH4),kilotonnes,0.9604,0,0,0,0,0,0,0,0,0,0,0,0,0,0,0,0,0,0,0,0
Eritrea,Forest fires,Emissions (N2O),kilotonnes,0.0282,0,0,0,0,0,0,0,0,0,0,0,0,0,0,0,0,0,0,0,0
Eritrea,Forest fires,Emissions (CO2eq) from CH4 (AR5),kilotonnes,26.8908,0,0,0,0,0,0,0,0,0,0,0,0,0,0,0,0,0,0,0,0
Eritrea,Forest fires,Emissions (CO2eq) from N2O (AR5),kilotonnes,7.4855,0,0,0,0,0,0,0,0,0,0,0,0,0,0,0,0,0,0,0,0
Eritrea,Forest fires,Emissions (CO2eq) (AR5),kilotonnes,34.3763,0,0,0,0,0,0,0,0,0,0,0,0,0,0,0,0,0,0,0,0
Eritrea,Fires in humid tropical forests,Emissions (CH4),kilotonnes,0,0,0,0,0,0,0,0,0,0,0,0,0,0,0,0,0,0,0,0,0
Eritrea,Fires in humid tropical forests,Emissions (N2O),kilotonnes,0,0,0,0,0,0,0,0,0,0,0,0,0,0,0,0,0,0,0,0,0
Eritrea,Fires in humid tropical forests,Emissions (CO2eq) from CH4 (AR5),kilotonnes,0,0,0,0,0,0,0,0,0,0,0,0,0,0,0,0,0,0,0,0,0
Eritrea,Fires in humid tropical forests,Emissions (CO2eq) from N2O (AR5),kilotonnes,0,0,0,0,0,0,0,0,0,0,0,0,0,0,0,0,0,0,0,0,0
Eritrea,Fires in humid tropical forests,Emissions (CO2eq) (AR5),kilotonnes,0,0,0,0,0,0,0,0,0,0,0,0,0,0,0,0,0,0,0,0,0
Eritrea,Waste - agri-food systems,Emissions (CH4),kilotonnes,3.1551,3.2358,3.3495,3.4917,3.6221,3.7397,3.8387,3.9361,3.9838,4.0583,4.1136,4.1561,0,0,0,0,0,0,0,0,0
Eritrea,Waste - agri-food systems,Emissions (N2O),kilotonnes,0.0059,0.0057,0.0055,0.0055,0.0053,0.0051,0.005,0.005,0.0047,0.0047,0.0045,0.0044,0,0,0,0,0,0,0,0,0
Eritrea,Waste - agri-food systems,Emissions (CO2),kilotonnes,0,0,0,0,0,0,0,0,0,0,0,0,0,0,0,0,0,0,0,0,0
Eritrea,Waste - agri-food systems,Emissions (CO2eq) from CH4 (AR5),kilotonnes,88.3417,90.6036,93.7864,97.7669,101.4181,104.7107,107.4838,110.2118,111.547,113.6315,115.1796,116.3698,0,0,0,0,0,0,0,0,0
Eritrea,Waste - agri-food systems,Emissions (CO2eq) from N2O (AR5),kilotonnes,1.5702,1.5166,1.4701,1.4506,1.4076,1.3642,1.3275,1.3227,1.2506,1.2361,1.2005,1.1617,0,0,0,0,0,0,0,0,0
Eritrea,Waste - agri-food systems,Emissions (CO2eq) (AR5),kilotonnes,89.9119,92.1202,95.2565,99.2176,102.8257,106.0749,108.8113,111.5345,112.7976,114.8676,116.3801,117.5314,0,0,0,0,0,0,0,0,0
Eritrea,On-farm electricity use,Emissions (CH4),kilotonnes,0.0082,0.0091,0.0099,0.0106,0.0105,0.0109,0.01,0.0104,0.01,0.0104,0.0107,0.0113,0.0116,0.012,0.012,0.0124,0.0122,0.012,0.0142,0.0146,0.0146
Eritrea,On-farm electricity use,Emissions (N2O),kilotonnes,0,0,0,0,0,0,0,0,0,0,0,0,0,0,0,0,0,0,0,0,0
Eritrea,On-farm electricity use,Emissions (CO2),kilotonnes,9.3365,10.2143,11.2543,11.8852,11.9087,12.212,11.2203,11.7337,11.2755,11.7938,12.0981,12.6723,13.1065,13.498,13.5617,13.9202,13.7415,13.5083,15.9946,16.4812,16.4812
Eritrea,On-farm electricity use,Emissions (CO2eq) from CH4 (AR5),kilotonnes,0.2296,0.2548,0.2772,0.2968,0.294,0.3052,0.28,0.2912,0.28,0.2912,0.2996,0.3164,0.3248,0.336,0.336,0.3472,0.3416,0.336,0.3976,0.4088,0.4088
Eritrea,On-farm electricity use,Emissions (CO2eq) from N2O (AR5),kilotonnes,0,0,0,0,0,0,0,0,0,0,0,0,0,0,0,0,0,0,0,0,0
Eritrea,On-farm electricity use,Emissions (CO2eq) (AR5),kilotonnes,9.5661,10.4691,11.5315,12.182,12.2027,12.5172,11.5003,12.0249,11.5555,12.085,12.3977,12.9887,13.4313,13.834,13.8977,14.2674,14.0831,13.8443,16.3922,16.89,16.89
Eritrea,Food Processing,Emissions (CH4),kilotonnes,0.7556,0.7066,0.6421,0.3854,0.001,0.0013,0.0029,0.0097,0.0098,0.0403,0.0498,0.0538,0.0383,0.0451,0.042,0.0508,0.0332,0.0327,0.0277,0.0356,0.0365
Eritrea,Food Processing,Emissions (N2O),kilotonnes,0.0054,0.0056,0.0054,0.0033,0.0001,0.0001,0.0003,0.0002,0.0002,0.0003,0.0003,0.0005,0.0003,0.0004,0.0004,0.0005,0.0003,0.0003,0.0003,0.0003,0.0003
Eritrea,Food Processing,Emissions (CO2),kilotonnes,79.3272,96.5048,85.3619,63.7398,4.7473,5.4645,9.2597,8.5067,7.2365,12.116,8.0266,15.6326,13.7502,13.0649,11.2079,14.5387,11.1878,12.3705,13.0165,13.2983,11.884
Eritrea,Food Processing,Emissions (CO2eq) from CH4 (AR5),kilotonnes,21.1568,19.7848,17.9788,10.7912,0.028,0.0364,0.0812,0.2716,0.2744,1.1284,1.3944,1.5064,1.0724,1.2628,1.176,1.4224,0.9296,0.9156,0.7756,0.9968,1.0228
Eritrea,Food Processing,Emissions (CO2eq) from N2O (AR5),kilotonnes,1.431,1.484,1.431,0.8745,0.0265,0.0265,0.0795,0.053,0.053,0.0795,0.0795,0.1325,0.0795,0.106,0.106,0.1325,0.0795,0.0795,0.0795,0.0795,0.0805
Eritrea,Food Processing,Emissions (CO2eq) (AR5),kilotonnes,101.915,117.7736,104.7717,75.4055,4.8018,5.5274,9.4204,8.8313,7.5639,13.3239,9.5005,17.2715,14.9021,14.4337,12.4899,16.0936,12.1969,13.3656,13.8716,14.3746,12.9874
Eritrea,Food Packaging,Emissions (CH4),kilotonnes,0.0009,0.0009,0.0009,0.001,0.001,0.001,0.001,0.0011,0.0011,0.0011,0.0014,0.0002,0.0004,0.0001,0.0001,0.0001,0.0001,0.0001,0.0001,0.0002,0.0002
Eritrea,Food Packaging,Emissions (N2O),kilotonnes,0.0001,0.0001,0.0001,0.0001,0.0001,0.0001,0.0001,0.0001,0.0001,0.0001,0.0001,0,0,0,0,0,0,0,0,0,0
Eritrea,Food Packaging,Emissions (CO2),kilotonnes,5.0097,5.1974,4.9755,5.9143,6.3837,6.3837,4.5061,4.6341,3.3199,4.1039,4.7603,0.6395,1.393,0.2538,0.253,0.2681,0.2935,0.3417,0.3604,0.0563,0.0503
Eritrea,Food Packaging,Emissions (CO2eq) from CH4 (AR5),kilotonnes,0.0252,0.0252,0.0252,0.028,0.028,0.028,0.028,0.0308,0.0308,0.0308,0.0392,0.0056,0.0112,0.0028,0.0028,0.0028,0.0028,0.0028,0.0028,0.0056,0.0057
Eritrea,Food Packaging,Emissions (CO2eq) from N2O (AR5),kilotonnes,0.0265,0.0265,0.0265,0.0265,0.0265,0.0265,0.0265,0.0265,0.0265,0.0265,0.0265,0,0,0,0,0,0,0,0,0,0
Eritrea,Food Packaging,Emissions (CO2eq) (AR5),kilotonnes,5.0614,5.2491,5.0272,5.9688,6.4382,6.4382,4.5606,4.6914,3.3772,4.1612,4.826,0.6451,1.4042,0.2566,0.2558,0.2709,0.2963,0.3445,0.3632,0.0619,0.0561
Eritrea,Food Retail,Emissions (CH4),kilotonnes,0.0055,0.009,0.0105,0.0112,0.0112,0.0118,0.0101,0.0108,0.0113,0.0115,0.0128,0.014,0.015,0.0157,0.0162,0.0165,0.0168,0.0177,0.0224,0.0196,0.0201
Eritrea,Food Retail,Emissions (N2O),kilotonnes,0.0001,0.0001,0.0001,0.0001,0.0001,0.0001,0.0001,0.0001,0.0001,0.0001,0.0001,0.0001,0.0001,0.0001,0.0001,0.0001,0.0001,0.0001,0.0001,0.0001,0.0001
Eritrea,Food Retail,Emissions (CO2),kilotonnes,9.1284,13.089,13.9149,14.6726,14.6726,15.0123,13.1183,13.4381,13.5686,13.758,15.2732,16.599,17.7354,18.493,19.0612,19.44,19.8188,20.7658,26.069,22.1977,19.837
Eritrea,Food Retail,Emissions (CO2eq) from CH4 (AR5),kilotonnes,0.154,0.252,0.294,0.3136,0.3136,0.3304,0.2828,0.3024,0.3164,0.322,0.3584,0.392,0.42,0.4396,0.4536,0.462,0.4704,0.4956,0.6272,0.5488,0.5631
Eritrea,Food Retail,Emissions (CO2eq) from N2O (AR5),kilotonnes,0.0265,0.0265,0.0265,0.0265,0.0265,0.0265,0.0265,0.0265,0.0265,0.0265,0.0265,0.0265,0.0265,0.0265,0.0265,0.0265,0.0265,0.0265,0.0265,0.0265,0.0268
Eritrea,Food Retail,Emissions (CO2eq) (AR5),kilotonnes,9.3089,13.3675,14.2354,15.0127,15.0127,15.3692,13.4276,13.767,13.9115,14.1065,15.6581,17.0175,18.1819,18.9591,19.5413,19.9285,20.3157,21.2879,26.7227,22.773,20.427
Eritrea,Food Household Consumption,Emissions (CH4),kilotonnes,0.0201,0.0226,0.0252,0.0271,0.0292,0.0309,0.0296,0.0315,0.0317,0.0336,0.0355,0.0361,0.0368,0.0371,0.0374,0.0377,0.0381,0.0384,0.0484,0.0484,0.0497
Eritrea,Food Household Consumption,Emissions (N2O),kilotonnes,0.0002,0.0002,0.0003,0.0003,0.0003,0.0003,0.0003,0.0003,0.0003,0.0002,0.0003,0.0003,0.0003,0.0003,0.0003,0.0003,0.0003,0.0003,0.0003,0.0003,0.0003
Eritrea,Food Household Consumption,Emissions (CO2),kilotonnes,36.9938,40.4061,43.3394,44.8831,47.9247,49.8669,47.0875,49.1101,47.4234,48.9269,49.7818,51.1715,52.5612,52.8916,53.9509,54.2813,55.3406,55.671,67.6333,67.6333,60.4406
Eritrea,Food Household Consumption,Emissions (CO2eq) from CH4 (AR5),kilotonnes,0.5628,0.6328,0.7056,0.7588,0.8176,0.8652,0.8288,0.882,0.8876,0.9408,0.994,1.0108,1.0304,1.0388,1.0472,1.0556,1.0668,1.0752,1.3552,1.3552,1.3906
Eritrea,Food Household Consumption,Emissions (CO2eq) from N2O (AR5),kilotonnes,0.053,0.053,0.0795,0.0795,0.0795,0.0795,0.0795,0.0795,0.0795,0.053,0.0795,0.0795,0.0795,0.0795,0.0795,0.0795,0.0795,0.0795,0.0795,0.0795,0.0805
Eritrea,Food Household Consumption,Emissions (CO2eq) (AR5),kilotonnes,37.6096,41.0919,44.1245,45.7214,48.8218,50.8116,47.9958,50.0716,48.3905,49.9207,50.8553,52.2618,53.6711,54.0099,55.0776,55.4164,56.4869,56.8257,69.068,69.068,61.9117
Eritrea,Food Transport,Emissions (CH4),kilotonnes,0.0037,0.0045,0.0048,0.0047,0.0034,0.0019,0.0017,0.0016,0.0016,0.0017,0.0023,0.0025,0.0028,0.0028,0.0028,0.0028,0.0029,0.003,0.0033,0.0026,0.0027
Eritrea,Food Transport,Emissions (N2O),kilotonnes,0.0002,0.0002,0.0003,0.0003,0.0002,0.0001,0.0001,0.0001,0.0001,0.0001,0.0001,0.0001,0.0002,0.0002,0.0002,0.0002,0.0002,0.0002,0.0002,0.0001,0.0001
Eritrea,Food Transport,Emissions (CO2),kilotonnes,22.44,27.39,29.48,30.14,27.39,19.69,15.07,13.31,12.32,12.65,15.4,16.83,18.26,18.92,19.25,19.69,20.02,21.01,23.43,17.4084,15.557
Eritrea,Food Transport,Emissions (CO2eq) from CH4 (AR5),kilotonnes,0.1036,0.126,0.1344,0.1316,0.0952,0.0532,0.0476,0.0448,0.0448,0.0476,0.0644,0.07,0.0784,0.0784,0.0784,0.0784,0.0812,0.084,0.0924,0.0728,0.0747
Eritrea,Food Transport,Emissions (CO2eq) from N2O (AR5),kilotonnes,0.053,0.053,0.0795,0.0795,0.053,0.0265,0.0265,0.0265,0.0265,0.0265,0.0265,0.0265,0.053,0.053,0.053,0.053,0.053,0.053,0.053,0.0265,0.0268
Eritrea,Food Transport,Emissions (CO2eq) (AR5),kilotonnes,22.5966,27.569,29.6939,30.3511,27.5382,19.7697,15.1441,13.3813,12.3913,12.7241,15.4909,16.9265,18.3914,19.0514,19.3814,19.8214,20.1542,21.147,23.5754,17.5077,15.6586
Eritrea,Energy,Emissions (CH4),kilotonnes,12.8,13.5,13.9,14.3,14.4,14.9,15.3,15.8,16.2,16.6,17.4,18.2,19,19.7,20.2,20.6,21,21.8,22.4,23,23.6
Eritrea,Energy,Emissions (N2O),kilotonnes,0.169,0.185,0.19,0.195,0.117,0.12,0.123,0.126,0.129,0.133,0.136,0.137,0.138,0.139,0.141,0.143,0.145,0.146,0.149,0.152,0.154
Eritrea,Energy,Emissions (CO2),kilotonnes,587,609,583,693,748,748,528,543,389,480,480,499,532,550,561,576,583,612,643,630,563
Eritrea,Energy,Emissions (CO2eq) from CH4 (AR5),kilotonnes,358.4,378,389.2,400.4,403.2,417.2,428.4,442.4,453.6,464.8,487.2,509.6,532,551.6,565.6,576.8,588,610.4,627.2,644,660.8
Eritrea,Energy,Emissions (CO2eq) from N2O (AR5),kilotonnes,44.785,49.025,50.35,51.675,31.005,31.8,32.595,33.39,34.185,35.245,36.04,36.305,36.57,36.835,37.365,37.895,38.425,38.69,39.485,40.28,40.81
Eritrea,Energy,Emissions (CO2eq) (AR5),kilotonnes,990.185,1036.025,1022.55,1145.075,1182.205,1197,988.995,1018.79,876.785,980.045,1003.24,1044.905,1100.57,1138.435,1163.965,1190.695,1209.425,1261.09,1309.685,1314.28,1264.61
Eritrea,IPPU,Emissions (N2O),kilotonnes,0,0,0,0,0,0,0,0,0,0,0,0,0.0001,0.0001,0.0001,0.0001,0.0001,0.0001,0.0001,0.0001,0.0001
Eritrea,IPPU,Emissions (CO2),kilotonnes,21.8,22.5,22.5,22.6,23.2,22.7,22,21.9,21.9,21.4,21.5,65.4,92.3,94,93.6,82.1,82.2,86.4,114,113,113
Eritrea,IPPU,Emissions (CO2eq) from N2O (AR5),kilotonnes,0.0099,0.0102,0.0105,0.0109,0.0112,0.0116,0.0118,0.0121,0.0123,0.0126,0.0128,0.013,0.0133,0.0136,0.0138,0.0141,0.0144,0.0148,0.0151,0.0152,0.0155
Eritrea,IPPU,Emissions (CO2eq) (AR5),kilotonnes,21.8099,22.5102,22.5105,22.6109,23.2112,22.7116,22.0118,21.9121,21.9123,21.4126,21.5128,65.413,92.3133,94.0136,93.6138,82.1141,82.2144,86.4148,114.0151,113.0152,113.0155
Eritrea,Waste,Emissions (CH4),kilotonnes,20.4,21.2,22.1,22.9,23.8,24.7,25.4,26.1,26.5,27.1,27.8,28.6,29.4,30,30.7,31.5,32.2,33,33.8,34.3,35
Eritrea,Waste,Emissions (N2O),kilotonnes,0.0972,0.1,0.104,0.109,0.113,0.118,0.122,0.126,0.129,0.133,0.137,0.142,0.146,0.149,0.153,0.158,0.164,0.169,0.173,0.176,0.18
Eritrea,Waste,Emissions (CO2eq) from CH4 (AR5),kilotonnes,571.2,593.6,618.8,641.2,666.4,691.6,711.2,730.8,742,758.8,778.4,800.8,823.2,840,859.6,882,901.6,924,946.4,960.4,980
Eritrea,Waste,Emissions (CO2eq) from N2O (AR5),kilotonnes,25.758,26.5,27.56,28.885,29.945,31.27,32.33,33.39,34.185,35.245,36.305,37.63,38.69,39.485,40.545,41.87,43.46,44.785,45.845,46.64,47.7
Eritrea,Waste,Emissions (CO2eq) (AR5),kilotonnes,596.958,620.1,646.36,670.085,696.345,722.87,743.53,764.19,776.185,794.045,814.705,838.43,861.89,879.485,900.145,923.87,945.06,968.785,992.245,1007.04,1027.7
Eritrea,Other,Emissions (N2O),kilotonnes,0.0894,0.0958,0.0964,0.0992,0.0915,0.0898,0.087,0.0888,0.0862,0.0895,0.0942,0.0986,0.103,0.106,0.108,0.111,0.113,0.117,0.124,0.121,0.124
Eritrea,Other,Emissions (CO2eq) from N2O (AR5),kilotonnes,23.691,25.387,25.546,26.288,24.2475,23.797,23.055,23.532,22.843,23.7175,24.963,26.129,27.295,28.09,28.62,29.415,29.945,31.005,32.86,32.065,32.86
Eritrea,Other,Emissions (CO2eq) (AR5),kilotonnes,23.691,25.387,25.546,26.288,24.2475,23.797,23.055,23.532,22.843,23.7175,24.963,26.129,27.295,28.09,28.62,29.415,29.945,31.005,32.86,32.065,32.86
Eritrea,Farm-gate emissions,Emissions (CH4),kilotonnes,111.4941,103.6476,102.566,105.9209,107.4763,109.0116,105.2599,112.6171,113.0715,113.2095,110.1836,114.9712,115.6737,116.7459,117.1569,117.6315,118.4671,119.3419,119.4,119.511,120.44
Eritrea,Farm-gate emissions,Direct emissions (N2O),kilotonnes,3.8914,3.6855,3.5972,3.6994,3.7463,3.8534,3.7063,3.966,3.922,3.9683,3.864,4.035,4.0469,4.0777,4.098,4.1177,4.158,4.1797,4.22,4.2265,4.223
Eritrea,Farm-gate emissions,Indirect emissions (N2O),kilotonnes,1.0583,1.013,0.9876,1.0164,1.0292,1.0559,1.0146,1.0787,1.0688,1.0811,1.0564,1.0991,1.1036,1.1139,1.1194,1.1253,1.138,1.141,1.1561,1.1579,1.1571
Eritrea,Farm-gate emissions,Emissions (N2O),kilotonnes,5.2746,4.7589,4.6607,4.7815,4.8364,4.9734,4.7806,5.1535,5.0895,5.1085,4.9767,5.2039,5.2164,5.2611,5.2844,5.3078,5.3587,5.3853,5.4399,5.4573,5.4875
Eritrea,Farm-gate emissions,Emissions (CO2),kilotonnes,29.478,31.7127,32.4331,32.8583,31.4759,26.4643,22.3627,20.9533,19.9813,21.1703,21.5955,22.2847,22.4587,22.7632,23.7133,24.4211,25.5761,29.6838,30.5218,31.8835,31.8835
Eritrea,Farm-gate emissions,Emissions (CO2eq) from CH4 (AR5),kilotonnes,3121.835,2902.1328,2871.8467,2965.7857,3009.3368,3052.3238,2947.2762,3153.2788,3166.0026,3169.866,3085.1406,3219.1938,3238.8641,3268.884,3280.3935,3293.6834,3317.0776,3341.5738,3343.1999,3346.309,3372.3204
Eritrea,Farm-gate emissions,Emissions (CO2eq) from N2O (AR5),kilotonnes,1397.7729,1261.1079,1235.0941,1267.1037,1281.6513,1317.9434,1266.8542,1365.6696,1348.7213,1353.7476,1318.8308,1379.0441,1382.3374,1394.1858,1400.3544,1406.568,1420.056,1427.1155,1441.5727,1446.1739,1454.1779
Eritrea,Farm-gate emissions,Emissions (CO2eq) (AR5),kilotonnes,4549.0858,4194.9534,4139.3738,4265.7477,4322.4639,4396.7315,4236.4931,4539.9017,4534.7052,4544.7838,4425.5669,4620.5226,4643.6602,4685.8331,4704.4612,4724.6724,4762.7098,4798.3731,4815.2944,4824.3664,4858.3817
Eritrea,Land Use change,Emissions (CH4),kilotonnes,0,0,0,0,0,0,0,0,0,0,0,0,0,0,0,0,0,0,0,0,0
Eritrea,Land Use change,Emissions (N2O),kilotonnes,0,0,0,0,0,0,0,0,0,0,0,0,0,0,0,0,0,0,0,0,0
Eritrea,Land Use change,Emissions (CO2),kilotonnes,671.66,618.9139,618.9139,618.9139,618.9139,618.9139,618.9139,618.9139,618.9139,618.9139,618.9139,822.2214,822.2214,822.2214,822.2214,822.2214,656.3847,656.3847,656.3847,656.3847,656.3847
Eritrea,Land Use change,Emissions (CO2eq) from CH4 (AR5),kilotonnes,0,0,0,0,0,0,0,0,0,0,0,0,0,0,0,0,0,0,0,0,0
Eritrea,Land Use change,Emissions (CO2eq) from N2O (AR5),kilotonnes,0,0,0,0,0,0,0,0,0,0,0,0,0,0,0,0,0,0,0,0,0
Eritrea,Land Use change,Emissions (CO2eq) (AR5),kilotonnes,671.66,618.9139,618.9139,618.9139,618.9139,618.9139,618.9139,618.9139,618.9139,618.9139,618.9139,822.2214,822.2214,822.2214,822.2214,822.2214,656.3847,656.3847,656.3847,656.3847,656.3847
Eritrea,Emissions on agricultural land,Emissions (CH4),kilotonnes,111.4941,103.6476,102.566,105.9209,107.4763,109.0116,105.2599,112.6171,113.0715,113.2095,110.1836,114.9712,115.6737,116.7459,117.1569,117.6315,118.4671,119.3419,119.4,119.511,120.44
Eritrea,Emissions on agricultural land,Emissions (N2O),kilotonnes,5.2746,4.7589,4.6607,4.7815,4.8364,4.9734,4.7806,5.1535,5.0895,5.1085,4.9767,5.2039,5.2164,5.2611,5.2844,5.3078,5.3587,5.3853,5.4399,5.4573,5.4875
Eritrea,Emissions on agricultural land,Emissions (CO2),kilotonnes,701.138,650.6266,651.347,651.7722,650.3898,645.3782,641.2766,639.8672,638.8952,640.0842,640.5094,844.5061,844.6801,844.9846,845.9347,846.6425,681.9608,686.0685,686.9065,688.2682,688.2682
Eritrea,Emissions on agricultural land,Emissions (CO2eq) from CH4 (AR5),kilotonnes,3121.835,2902.1328,2871.8467,2965.7857,3009.3368,3052.3238,2947.2762,3153.2788,3166.0026,3169.866,3085.1406,3219.1938,3238.8641,3268.884,3280.3935,3293.6834,3317.0776,3341.5738,3343.1999,3346.309,3372.3204
Eritrea,Emissions on agricultural land,Emissions (CO2eq) from N2O (AR5),kilotonnes,1397.7729,1261.1079,1235.0941,1267.1037,1281.6513,1317.9434,1266.8542,1365.6696,1348.7213,1353.7476,1318.8308,1379.0441,1382.3374,1394.1858,1400.3544,1406.568,1420.056,1427.1155,1441.5727,1446.1739,1454.1779
Eritrea,Emissions on agricultural land,Emissions (CO2eq) (AR5),kilotonnes,5220.7458,4813.8673,4758.2877,4884.6616,4941.3778,5015.6454,4855.407,5158.8156,5153.6191,5163.6977,5044.4808,5442.744,5465.8816,5508.0545,5526.6826,5546.8938,5419.0944,5454.7578,5471.6791,5480.751,5514.7664
Eritrea,Pre- and post- production,Emissions (CH4),kilotonnes,3.9491,3.9885,4.0429,3.9317,3.6784,3.7975,3.894,4.0012,4.0493,4.1569,4.2261,4.274,0.1049,0.1128,0.1105,0.1203,0.1033,0.1039,0.1161,0.121,0.1238
Eritrea,Pre- and post- production,Emissions (N2O),kilotonnes,0.0119,0.0119,0.0117,0.0096,0.0061,0.0058,0.0059,0.0058,0.0055,0.0055,0.0054,0.0054,0.0009,0.001,0.001,0.0011,0.0009,0.0009,0.0009,0.0008,0.0008
Eritrea,Pre- and post- production,Emissions (CO2),kilotonnes,162.2356,192.8016,188.326,171.235,113.027,108.6294,100.2619,100.7327,95.1439,103.3486,105.34,113.5449,116.8063,117.1213,117.2847,122.1383,120.4022,123.6673,146.5038,137.0752,124.2501
Eritrea,Pre- and post- production,Emissions (CO2eq) from CH4 (AR5),kilotonnes,110.5737,111.6792,113.2016,110.0869,102.9945,106.3291,109.0322,112.0346,113.381,116.3923,118.3296,119.671,2.9372,3.1584,3.094,3.3684,2.8924,2.9092,3.2508,3.388,3.4657
Eritrea,Pre- and post- production,Emissions (CO2eq) from N2O (AR5),kilotonnes,3.1602,3.1596,3.1131,2.5371,1.6196,1.5497,1.566,1.5347,1.4626,1.4481,1.439,1.4267,0.2385,0.265,0.265,0.2915,0.2385,0.2385,0.2385,0.212,0.2148
Eritrea,Pre- and post- production,Emissions (CO2eq) (AR5),kilotonnes,275.9695,307.6404,304.6407,283.8591,217.6411,216.5082,210.8601,214.302,209.9875,221.189,225.1086,234.6425,119.982,120.5447,120.6437,125.7982,123.5331,126.815,149.9931,140.6752,127.9306
Eritrea,Agri-food systems,Emissions (CH4),kilotonnes,115.4432,107.6361,106.6089,109.8526,111.1547,112.809,109.1539,116.6183,117.1208,117.3664,114.4097,119.2452,115.7786,116.8587,117.2674,117.7518,118.5704,119.4458,119.5161,119.632,120.5638
Eritrea,Agri-food systems,Emissions (N2O),kilotonnes,5.2865,4.7708,4.6725,4.7911,4.8425,4.9792,4.7865,5.1593,5.095,5.1139,4.9822,5.2093,5.2173,5.2621,5.2854,5.3089,5.3596,5.3862,5.4408,5.4581,5.4883
Eritrea,Agri-food systems,Emissions (CO2),kilotonnes,863.3736,843.4282,839.673,823.0072,763.4168,754.0076,741.5385,740.5999,734.0391,743.4328,745.8494,958.051,961.4864,962.1059,963.2194,968.7808,802.363,809.7358,833.4103,825.3434,812.5183
Eritrea,Agri-food systems,Emissions (CO2eq) from CH4 (AR5),kilotonnes,3232.4086,3013.812,2985.0483,3075.8726,3112.3313,3158.6528,3056.3084,3265.3134,3279.3835,3286.2583,3203.4702,3338.8648,3241.8013,3272.0424,3283.4875,3297.0518,3319.97,3344.483,3346.4507,3349.697,3375.7861
Eritrea,Agri-food systems,Emissions (CO2eq) from N2O (AR5),kilotonnes,1400.9331,1264.2674,1238.2072,1269.6408,1283.2709,1319.4931,1268.4202,1367.2042,1350.1839,1355.1957,1320.2698,1380.4708,1382.5759,1394.4508,1400.6194,1406.8595,1420.2945,1427.354,1441.8112,1446.3859,1454.3926
Eritrea,Agri-food systems,Emissions (CO2eq) (AR5),kilotonnes,5496.7154,5121.5077,5062.9284,5168.5207,5159.019,5232.1535,5066.2671,5373.1176,5363.6066,5384.8868,5269.5894,5677.3866,5585.8636,5628.5992,5647.3263,5672.692,5542.6275,5581.5728,5621.6722,5621.4262,5642.697
Eritrea,IPCC Agriculture,Emissions (CH4),kilotonnes,111.4908,103.644,102.5622,105.9172,107.4734,109.0096,105.2582,112.6154,113.0699,113.2075,110.1812,114.9686,115.6711,116.7433,117.1544,117.629,118.4645,119.339,119.397,119.508,120.437
Eritrea,IPCC Agriculture,Emissions (CH4),kilotonnes,133,,,,,,,,,,,,,,,,,,,,
Eritrea,IPCC Agriculture,Direct emissions (N2O),kilotonnes,3.8914,3.6855,3.5972,3.6994,3.7463,3.8534,3.7063,3.966,3.922,3.9683,3.864,4.035,4.0469,4.0777,4.098,4.1177,4.158,4.1797,4.22,4.2265,4.223
Eritrea,IPCC Agriculture,Indirect emissions (N2O),kilotonnes,1.0583,1.013,0.9876,1.0164,1.0292,1.0559,1.0146,1.0787,1.0688,1.0811,1.0564,1.0991,1.1036,1.1139,1.1194,1.1253,1.138,1.141,1.1561,1.1579,1.1571
Eritrea,IPCC Agriculture,Emissions (N2O),kilotonnes,5.2699,4.753,4.6544,4.7749,4.8301,4.9685,4.7768,5.1501,5.0864,5.1053,4.973,5.2,5.2123,5.2568,5.28,5.3032,5.3537,5.3788,5.4333,5.4502,5.4804
Eritrea,IPCC Agriculture,Emissions (N2O),kilotonnes,1,,,,,,,,,,,,,,,,,,,,
Eritrea,IPCC Agriculture,Emissions (CO2eq) from CH4 (AR5),kilotonnes,3121.7437,2902.0311,2871.7414,2965.6813,3009.2539,3052.2698,2947.2303,3153.2326,3165.9579,3169.8109,3085.0744,3219.1197,3238.7907,3268.8119,3280.3221,3293.6129,3317.0051,3341.4932,3343.1166,3346.2233,3372.2347
Eritrea,IPCC Agriculture,Emissions (CO2eq) from CH4 (AR5),kilotonnes,3724,,,,,,,,,,,,,,,,,,,,
Eritrea,IPCC Agriculture,Emissions (CO2eq) from N2O (AR5),kilotonnes,1396.5105,1259.547,1233.407,1265.354,1279.9873,1316.6525,1265.8606,1364.7824,1347.8916,1352.9001,1317.8423,1378.0079,1381.2666,1393.0613,1399.2085,1405.3358,1418.736,1425.3848,1439.8219,1444.3021,1452.3061
Eritrea,IPCC Agriculture,Emissions (CO2eq) from N2O (AR5),kilotonnes,265,,,,,,,,,,,,,,,,,,,,
Eritrea,IPCC Agriculture,Emissions (CO2eq) (AR5),kilotonnes,4518.2542,4161.5781,4105.1483,4231.0353,4289.2413,4368.9224,4213.0909,4518.015,4513.8495,4522.711,4402.9167,4597.1276,4620.0573,4661.8732,4679.5306,4698.9487,4735.7411,4766.878,4782.9385,4790.5254,4824.5407
Eritrea,IPCC Agriculture,Emissions (CO2eq) (AR5),kilotonnes,3989,,,,,,,,,,,,,,,,,,,,
Eritrea,Agricultural Soils,Direct emissions (N2O),kilotonnes,3.8914,3.6855,3.5972,3.6994,3.7463,3.8534,3.7063,3.966,3.922,3.9683,3.864,4.035,4.0469,4.0777,4.098,4.1177,4.158,4.1797,4.22,4.2265,4.223
Eritrea,Agricultural Soils,Indirect emissions (N2O),kilotonnes,1.0583,1.013,0.9876,1.0164,1.0292,1.0559,1.0146,1.0787,1.0688,1.0811,1.0564,1.0991,1.1036,1.1139,1.1194,1.1253,1.138,1.141,1.1561,1.1579,1.1571
Eritrea,Agricultural Soils,Emissions (N2O),kilotonnes,4.9511,4.6998,4.5861,4.7171,4.7768,4.9106,4.7221,5.046,4.9921,5.0507,4.9217,5.1355,5.1518,5.1929,5.2187,5.2442,5.2973,5.3219,5.3774,5.3857,5.3814
Eritrea,Agricultural Soils,Emissions (N2O),kilotonnes,1,,,,,,,,,,,,,,,,,,,,
Eritrea,Agricultural Soils,Emissions (CO2eq) from N2O (AR5),kilotonnes,1312.034,1245.4569,1215.3057,1250.0307,1265.8503,1301.3181,1251.3668,1337.1877,1322.9002,1338.4311,1304.2587,1360.9005,1365.2387,1376.1287,1382.9633,1389.7249,1403.7788,1410.3154,1425.0047,1427.2028,1426.0682
Eritrea,Agricultural Soils,Emissions (CO2eq) from N2O (AR5),kilotonnes,265,,,,,,,,,,,,,,,,,,,,
Eritrea,Agricultural Soils,Emissions (CO2eq) (AR5),kilotonnes,1312.034,1245.4569,1215.3057,1250.0307,1265.8503,1301.3181,1251.3668,1337.1877,1322.9002,1338.4311,1304.2587,1360.9005,1365.2387,1376.1287,1382.9633,1389.7249,1403.7788,1410.3154,1425.0047,1427.2028,1426.0682
Eritrea,Agricultural Soils,Emissions (CO2eq) (AR5),kilotonnes,265,,,,,,,,,,,,,,,,,,,,
Eritrea,LULUCF,Emissions (CH4),kilotonnes,0.9604,0,0,0,0,0,0,0,0,0,0,0,0,0,0,0,0,0,0,0,0
Eritrea,LULUCF,Emissions (CH4),kilotonnes,4,,,,,,,,,,,,,,,,,,,,
Eritrea,LULUCF,Emissions (N2O),kilotonnes,0.0282,0,0,0,0,0,0,0,0,0,0,0,0,0,0,0,0,0,0,0,0
Eritrea,LULUCF,Emissions (CO2),kilotonnes,436.8496,460.7148,460.7148,460.7148,460.7148,460.7148,460.7148,460.7148,460.7148,460.7148,460.7148,384.256,384.256,384.256,384.256,384.256,449.8724,449.8724,449.8724,449.8724,449.8724
Eritrea,LULUCF,Emissions (CO2),kilotonnes,8205,,,,,,,,,,,,,,,,,,,,
Eritrea,LULUCF,Emissions (CO2eq) from CH4 (AR5),kilotonnes,26.8908,0,0,0,0,0,0,0,0,0,0,0,0,0,0,0,0,0,0,0,0
Eritrea,LULUCF,Emissions (CO2eq) from N2O (AR5),kilotonnes,7.4855,0,0,0,0,0,0,0,0,0,0,0,0,0,0,0,0,0,0,0,0
Eritrea,LULUCF,Emissions (CO2eq) (AR5),kilotonnes,471.2259,460.7148,460.7148,460.7148,460.7148,460.7148,460.7148,460.7148,460.7148,460.7148,460.7148,384.256,384.256,384.256,384.256,384.256,449.8724,449.8724,449.8724,449.8724,449.8724
Eritrea,LULUCF,Emissions (CO2eq) (AR5),kilotonnes,8205,,,,,,,,,,,,,,,,,,,,
Eritrea,AFOLU,Emissions (CH4),kilotonnes,112.4512,103.644,102.5622,105.9172,107.4734,109.0096,105.2582,112.6154,113.0699,113.2075,110.1812,114.9686,115.6711,116.7433,117.1544,117.629,118.4645,119.339,119.397,119.508,120.437
Eritrea,AFOLU,Emissions (N2O),kilotonnes,5.2981,4.753,4.6544,4.7749,4.8301,4.9685,4.7768,5.1501,5.0864,5.1053,4.973,5.2,5.2123,5.2568,5.28,5.3032,5.3537,5.3788,5.4333,5.4502,5.4804
Eritrea,AFOLU,Emissions (CO2),kilotonnes,436.8496,460.7148,460.7148,460.7148,460.7148,460.7148,460.7148,460.7148,460.7148,460.7148,460.7148,384.256,384.256,384.256,384.256,384.256,449.8724,449.8724,449.8724,449.8724,449.8724
Eritrea,AFOLU,Emissions (CO2eq) from CH4 (AR5),kilotonnes,3148.6345,2902.0311,2871.7414,2965.6813,3009.2539,3052.2698,2947.2303,3153.2326,3165.9579,3169.8109,3085.0744,3219.1197,3238.7907,3268.8119,3280.3221,3293.6129,3317.0051,3341.4932,3343.1166,3346.2233,3372.2347
Eritrea,AFOLU,Emissions (CO2eq) from N2O (AR5),kilotonnes,1403.996,1259.547,1233.407,1265.354,1279.9873,1316.6525,1265.8606,1364.7824,1347.8916,1352.9001,1317.8423,1378.0079,1381.2666,1393.0613,1399.2085,1405.3358,1418.736,1425.3848,1439.8219,1444.3021,1452.3061
Eritrea,AFOLU,Emissions (CO2eq) (AR5),kilotonnes,4989.4801,4622.293,4565.8632,4691.7501,4749.9561,4829.6372,4673.8057,4978.7298,4974.5643,4983.4258,4863.6315,4981.3836,5004.3133,5046.1292,5063.7866,5083.2047,5185.6135,5216.7504,5232.8108,5240.3977,5274.4131
Eritrea,All sectors with LULUCF,Emissions (CH4),kilotonnes,145.6512,138.344,138.5622,143.1172,145.6734,148.6096,145.9582,154.5154,155.7699,156.9075,155.3812,161.7686,164.0711,166.4433,168.0544,169.729,171.6645,174.139,175.597,176.808,179.037
Eritrea,All sectors with LULUCF,Emissions (N2O),kilotonnes,5.6537,5.1338,5.0448,5.1782,5.1517,5.2963,5.1089,5.491,5.4306,5.4608,5.3402,5.5777,5.5994,5.6509,5.6821,5.7152,5.7758,5.8109,5.8793,5.8993,5.9385
Eritrea,All sectors with LULUCF,Emissions (CO2),kilotonnes,1045.6496,1092.2148,1066.2148,1176.3148,1231.9148,1231.4148,1010.7148,1025.6148,871.6148,962.1148,962.2148,948.656,1008.556,1028.256,1038.856,1042.356,1115.0724,1148.2724,1206.8724,1192.8724,1125.8724
Eritrea,All sectors with LULUCF,Emissions (CO2eq) from CH4 (AR5),kilotonnes,4078.2345,3873.6311,3879.7414,4007.2813,4078.8539,4161.0698,4086.8303,4326.4326,4361.5579,4393.4109,4350.6744,4529.5197,4593.9907,4660.4119,4705.5221,4752.4129,4806.6051,4875.8932,4916.7166,4950.6233,5013.0347
Eritrea,All sectors with LULUCF,Emissions (CO2eq) from N2O (AR5),kilotonnes,1498.2399,1360.4692,1336.8735,1372.2129,1365.1961,1403.5311,1353.8525,1455.1065,1439.117,1447.1201,1415.1631,1478.0849,1483.8349,1497.4848,1505.7523,1514.5299,1530.5804,1539.8796,1558.027,1563.3023,1573.6916
Eritrea,All sectors with LULUCF,Emissions (CO2eq) (AR5),kilotonnes,6622.124,6326.3152,6282.8297,6555.809,6675.9648,6796.0158,6451.3976,6807.1539,6672.2897,6802.6459,6728.0523,6956.2607,7086.3816,7186.1528,7250.1304,7309.2989,7452.2579,7564.0452,7681.6159,7706.798,7712.5986
Eritrea,All sectors without LULUCF,Emissions (CH4),kilotonnes,144.6908,138.344,138.5622,143.1172,145.6734,148.6096,145.9582,154.5154,155.7699,156.9075,155.3812,161.7686,164.0711,166.4433,168.0544,169.729,171.6645,174.139,175.597,176.808,179.037
Eritrea,All sectors without LULUCF,Emissions (N2O),kilotonnes,5.6255,5.1338,5.0448,5.1782,5.1517,5.2963,5.1089,5.491,5.4306,5.4608,5.3402,5.5777,5.5994,5.6509,5.6821,5.7152,5.7758,5.8109,5.8793,5.8993,5.9385
Eritrea,All sectors without LULUCF,Emissions (CO2),kilotonnes,608.8,631.5,605.5,715.6,771.2,770.7,550,564.9,410.9,501.4,501.5,564.4,624.3,644,654.6,658.1,665.2,698.4,757,743,676
Eritrea,All sectors without LULUCF,Emissions (CO2eq) from CH4 (AR5),kilotonnes,4051.3437,3873.6311,3879.7414,4007.2813,4078.8539,4161.0698,4086.8303,4326.4326,4361.5579,4393.4109,4350.6744,4529.5197,4593.9907,4660.4119,4705.5221,4752.4129,4806.6051,4875.8932,4916.7166,4950.6233,5013.0347
Eritrea,All sectors without LULUCF,Emissions (CO2eq) from N2O (AR5),kilotonnes,1490.7544,1360.4692,1336.8735,1372.2129,1365.1961,1403.5311,1353.8525,1455.1065,1439.117,1447.1201,1415.1631,1478.0849,1483.8349,1497.4848,1505.7523,1514.5299,1530.5804,1539.8796,1558.027,1563.3023,1573.6916
Eritrea,All sectors without LULUCF,Emissions (CO2eq) (AR5),kilotonnes,6150.8981,5865.6003,5822.1149,6095.0942,6215.25,6335.301,5990.6827,6346.4391,6211.5749,6341.9311,6267.3375,6572.0046,6702.1256,6801.8967,6865.8744,6925.0428,7002.3856,7114.1728,7231.7436,7256.9256,7262.7262
Estonia,Crop Residues,Direct emissions (N2O),kilotonnes,0.1542,0.1233,0.1124,0.1112,0.1258,0.1538,0.1303,0.1737,0.1698,0.1727,0.1403,0.1564,0.1915,0.1912,0.2348,0.292,0.191,0.2542,0.1843,0.3029,0.3057
Estonia,Crop Residues,Direct emissions (N2O),kilotonnes,0.2528,0.2046,0.1827,0.1696,0.2404,0.2955,0.2373,0.3171,0.319,0.3109,0.2818,0.3158,0.385,0.3348,0.3877,0.458,0.3711,0.4321,0.3669,0.5303,0.5264
Estonia,Crop Residues,Indirect emissions (N2O),kilotonnes,0.0347,0.0277,0.0253,0.025,0.0283,0.0346,0.0293,0.0391,0.0382,0.0389,0.0316,0.0352,0.0431,0.043,0.0528,0.0657,0.043,0.0572,0.0415,0.0681,0.0688
Estonia,Crop Residues,Emissions (N2O),kilotonnes,0.1889,0.151,0.1377,0.1363,0.1542,0.1884,0.1596,0.2128,0.2081,0.2116,0.1719,0.1916,0.2346,0.2342,0.2877,0.3577,0.2339,0.3114,0.2257,0.371,0.3744
Estonia,Crop Residues,Emissions (N2O),kilotonnes,0.2528,0.2046,0.1827,0.1696,0.2404,0.2955,0.2373,0.3171,0.319,0.3109,0.2818,0.3158,0.385,0.3348,0.3877,0.458,0.3711,0.4321,0.3669,0.5303,0.5264
Estonia,Crop Residues,Emissions (CO2eq) from N2O (AR5),kilotonnes,50.0527,40.0139,36.5022,36.113,40.8508,49.9233,42.2854,56.3826,55.1345,56.061,45.5424,50.7755,62.1603,62.0653,76.2333,94.7916,61.9921,82.5157,59.8177,98.3233,99.2221
Estonia,Crop Residues,Emissions (CO2eq) from N2O (AR5),kilotonnes,66.9872,54.2072,48.4081,44.9449,63.7136,78.2953,62.8778,84.0232,84.5225,82.3911,74.6727,83.6851,102.0322,88.7229,102.7536,121.3714,98.3504,114.5158,97.2274,140.5258,139.4908
Estonia,Crop Residues,Emissions (CO2eq) (AR5),kilotonnes,50.0527,40.0139,36.5022,36.113,40.8508,49.9233,42.2854,56.3826,55.1345,56.061,45.5424,50.7755,62.1603,62.0653,76.2333,94.7916,61.9921,82.5157,59.8177,98.3233,99.2221
Estonia,Crop Residues,Emissions (CO2eq) (AR5),kilotonnes,66.9872,54.2072,48.4081,44.9449,63.7136,78.2953,62.8778,84.0232,84.5225,82.3911,74.6727,83.6851,102.0322,88.7229,102.7536,121.3714,98.3504,114.5158,97.2274,140.5258,139.4908
Estonia,Burning - Crop residues,Emissions (CH4),kilotonnes,0.0745,0.0644,0.0696,0.0725,0.0847,0.0923,0.0981,0.1075,0.1162,0.1227,0.1289,0.1387,0.1342,0.1341,0.1668,0.1833,0.1777,0.1833,0.1669,0.1803,0.1815
Estonia,Burning - Crop residues,Emissions (N2O),kilotonnes,0.0019,0.0017,0.0018,0.0019,0.0022,0.0024,0.0025,0.0028,0.003,0.0032,0.0033,0.0036,0.0035,0.0035,0.0043,0.0048,0.0046,0.0048,0.0043,0.0047,0.0047
Estonia,Burning - Crop residues,Emissions (CO2eq) from CH4 (AR5),kilotonnes,2.0856,1.8035,1.9492,2.0308,2.3706,2.5847,2.7471,3.0089,3.2538,3.4358,3.6103,3.8833,3.7588,3.7558,4.6691,5.1317,4.9758,5.1333,4.6745,5.0495,5.0815
Estonia,Burning - Crop residues,Emissions (CO2eq) from N2O (AR5),kilotonnes,0.5117,0.4425,0.4783,0.4983,0.5817,0.6342,0.674,0.7383,0.7984,0.8431,0.8859,0.9529,0.9223,0.9216,1.1456,1.2592,1.2209,1.2596,1.147,1.239,1.2469
Estonia,Burning - Crop residues,Emissions (CO2eq) (AR5),kilotonnes,2.5974,2.246,2.4275,2.5291,2.9523,3.2189,3.4211,3.7472,4.0522,4.2789,4.4962,4.8362,4.6811,4.6774,5.8147,6.3909,6.1967,6.3929,5.8215,6.2885,6.3284
Estonia,Enteric Fermentation,Emissions (CH4),kilotonnes,24.278,23.0435,23.4294,22.2736,22.5536,22.1555,22.0065,21.5826,21.1516,20.6487,20.4563,20.5829,20.7133,21.1417,22.1046,22.1788,20.5266,20.6935,20.6193,20.7438,20.6926
Estonia,Enteric Fermentation,Emissions (CH4),kilotonnes,20.1625,20.9337,19.8425,20.0737,20.4534,20.6798,20.7529,20.559,20.4557,20.2372,20.4505,20.6281,21.3654,22.4667,22.6463,20.7969,20.4796,20.759,20.7945,21.0692,20.9386
Estonia,Enteric Fermentation,Emissions (CO2eq) from CH4 (AR5),kilotonnes,679.7826,645.218,656.0232,623.6608,631.5008,620.3526,616.1806,604.3128,592.2448,578.1622,572.775,576.3226,579.9738,591.9662,618.9302,621.005,574.7437,579.4166,577.3404,580.8264,579.3941
Estonia,Enteric Fermentation,Emissions (CO2eq) from CH4 (AR5),kilotonnes,564.5497,586.1449,555.5891,562.0626,572.6957,579.0339,581.082,575.6507,572.7609,566.6418,572.6146,577.5873,598.2311,629.069,634.0972,582.3143,573.4294,581.2525,582.2466,589.9382,586.2807
Estonia,Enteric Fermentation,Emissions (CO2eq) (AR5),kilotonnes,679.7826,645.218,656.0232,623.6608,631.5008,620.3526,616.1806,604.3128,592.2448,578.1622,572.775,576.3226,579.9738,591.9662,618.9302,621.005,574.7437,579.4166,577.3404,580.8264,579.3941
Estonia,Enteric Fermentation,Emissions (CO2eq) (AR5),kilotonnes,564.5497,586.1449,555.5891,562.0626,572.6957,579.0339,581.082,575.6507,572.7609,566.6418,572.6146,577.5873,598.2311,629.069,634.0972,582.3143,573.4294,581.2525,582.2466,589.9382,586.2807
Estonia,Manure Management,Emissions (CH4),kilotonnes,5.6769,5.6135,5.8815,5.6013,5.6492,5.5791,5.5429,5.4191,5.5173,5.3406,5.3124,5.3661,5.3566,5.4756,5.4609,5.452,4.6421,4.8254,4.783,4.8558,4.9343
Estonia,Manure Management,Emissions (CH4),kilotonnes,2.4309,2.6684,2.6873,2.9401,3.1435,3.4278,3.6786,4.0945,4.1838,4.3917,4.6699,4.9245,5.3085,5.6831,5.974,5.279,5.245,5.6951,5.9768,6.2242,6.5215
Estonia,Manure Management,Emissions (N2O),kilotonnes,0.2299,0.2211,0.2263,0.2142,0.216,0.2133,0.2106,0.2052,0.2027,0.1976,0.1962,0.1981,0.1985,0.2031,0.2082,0.2088,0.1874,0.1912,0.19,0.1916,0.1922
Estonia,Manure Management,Emissions (N2O),kilotonnes,0.1527,0.1642,0.1582,0.1613,0.1631,0.1768,0.1841,0.183,0.1852,0.1881,0.2092,0.2101,0.2131,0.2172,0.2181,0.2215,0.2184,0.2271,0.2304,0.2363,0.2433
Estonia,Manure Management,Emissions (CO2eq) from CH4 (AR5),kilotonnes,158.9518,157.1792,164.6825,156.8366,158.177,156.2143,155.201,151.7349,154.4852,149.5365,148.7461,150.25,149.9856,153.3165,152.9058,152.6566,129.9782,135.1106,133.9244,135.9618,138.1595
Estonia,Manure Management,Emissions (CO2eq) from CH4 (AR5),kilotonnes,68.0639,74.7157,75.2439,82.3235,88.0185,95.9785,102.9997,114.6457,117.1457,122.969,130.7563,137.8856,148.6389,159.1263,167.2714,147.8111,146.86,159.4639,167.3508,174.2779,182.6012
Estonia,Manure Management,Emissions (CO2eq) from N2O (AR5),kilotonnes,60.9334,58.5942,59.9606,56.7631,57.2436,56.5257,55.812,54.3658,53.7244,52.3619,52.0062,52.4955,52.5981,53.8208,55.1707,55.32,49.6541,50.6781,50.342,50.7773,50.934
Estonia,Manure Management,Emissions (CO2eq) from N2O (AR5),kilotonnes,40.4559,43.5002,41.9136,42.7351,43.2312,46.8547,48.7765,48.4892,49.068,49.8544,55.431,55.6735,56.4791,57.5479,57.8069,58.7072,57.8885,60.1909,61.0444,62.609,64.4674
Estonia,Manure Management,Emissions (CO2eq) (AR5),kilotonnes,219.8852,215.7733,224.6432,213.5997,215.4206,212.74,211.013,206.1007,208.2096,201.8984,200.7522,202.7455,202.5837,207.1372,208.0765,207.9766,179.6323,185.7886,184.2664,186.739,189.0935
Estonia,Manure Management,Emissions (CO2eq) (AR5),kilotonnes,108.5198,118.2159,117.1575,125.0586,131.2497,142.8332,151.7762,163.1349,166.2138,172.8234,186.1873,193.5591,205.118,216.6741,225.0783,206.5182,204.7485,219.6547,228.3952,236.8868,247.0686
Estonia,Manure left on Pasture,Direct emissions (N2O),kilotonnes,0.1664,0.1584,0.1627,0.1575,0.1596,0.157,0.1582,0.1579,0.1573,0.1562,0.1543,0.1562,0.1584,0.1609,0.17,0.172,0.162,0.1625,0.1612,0.1622,0.162
Estonia,Manure left on Pasture,Indirect emissions (N2O),kilotonnes,0.0372,0.0356,0.0367,0.0356,0.0361,0.0358,0.0365,0.0371,0.0374,0.0374,0.037,0.0376,0.0383,0.0385,0.0407,0.0413,0.0391,0.039,0.0384,0.0386,0.0386
Estonia,Manure left on Pasture,Emissions (N2O),kilotonnes,0.2036,0.194,0.1993,0.193,0.1957,0.1928,0.1947,0.195,0.1947,0.1936,0.1913,0.1939,0.1967,0.1994,0.2108,0.2133,0.2012,0.2015,0.1996,0.2009,0.2006
Estonia,Manure left on Pasture,Emissions (CO2eq) from N2O (AR5),kilotonnes,53.9502,51.4009,52.8194,51.1579,51.8705,51.0821,51.5932,51.6736,51.6004,51.3037,50.6985,51.3755,52.1255,52.8424,55.8531,56.521,53.3081,53.4066,52.9007,53.2318,53.1614
Estonia,Manure left on Pasture,Emissions (CO2eq) (AR5),kilotonnes,53.9502,51.4009,52.8194,51.1579,51.8705,51.0821,51.5932,51.6736,51.6004,51.3037,50.6985,51.3755,52.1255,52.8424,55.8531,56.521,53.3081,53.4066,52.9007,53.2318,53.1614
Estonia,Manure applied to Soils,Direct emissions (N2O),kilotonnes,0.2259,0.2191,0.2258,0.215,0.2162,0.2141,0.2114,0.2059,0.2051,0.2017,0.2002,0.203,0.2036,0.2088,0.2129,0.2145,0.1912,0.1963,0.1944,0.1964,0.1975
Estonia,Manure applied to Soils,Direct emissions (N2O),kilotonnes,0.1906,0.2054,0.1978,0.1984,0.1968,0.2138,0.2098,0.2199,0.215,0.2173,0.2404,0.2418,0.247,0.2567,0.2549,0.256,0.2458,0.2541,0.2563,0.2589,0.2674
Estonia,Manure applied to Soils,Indirect emissions (N2O),kilotonnes,0.096,0.0931,0.096,0.0914,0.0919,0.091,0.0898,0.0875,0.0872,0.0857,0.0851,0.0863,0.0865,0.0887,0.0905,0.0912,0.0813,0.0834,0.0826,0.0835,0.0839
Estonia,Manure applied to Soils,Emissions (N2O),kilotonnes,0.3219,0.3122,0.3217,0.3064,0.308,0.3051,0.3012,0.2933,0.2923,0.2874,0.2853,0.2893,0.2901,0.2975,0.3034,0.3057,0.2724,0.2797,0.277,0.2798,0.2815
Estonia,Manure applied to Soils,Emissions (N2O),kilotonnes,0.1906,0.2054,0.1978,0.1984,0.1968,0.2138,0.2098,0.2199,0.215,0.2173,0.2404,0.2418,0.247,0.2567,0.2549,0.256,0.2458,0.2541,0.2563,0.2589,0.2674
Estonia,Manure applied to Soils,Emissions (CO2eq) from N2O (AR5),kilotonnes,85.3056,82.737,85.2633,81.1925,81.6305,80.8405,79.8244,77.7347,77.4606,76.1502,75.6154,76.6734,76.8677,78.8339,80.3903,81.0191,72.1939,74.1316,73.3997,74.1496,74.5909
Estonia,Manure applied to Soils,Emissions (CO2eq) from N2O (AR5),kilotonnes,50.5215,54.4353,52.4194,52.5803,52.1532,56.6527,55.6064,58.2654,56.9666,57.5893,63.7022,64.0759,65.4652,68.0242,67.5539,67.8377,65.1475,67.3456,67.9131,68.6037,70.8602
Estonia,Manure applied to Soils,Emissions (CO2eq) (AR5),kilotonnes,85.3056,82.737,85.2633,81.1925,81.6305,80.8405,79.8244,77.7347,77.4606,76.1502,75.6154,76.6734,76.8677,78.8339,80.3903,81.0191,72.1939,74.1316,73.3997,74.1496,74.5909
Estonia,Manure applied to Soils,Emissions (CO2eq) (AR5),kilotonnes,50.5215,54.4353,52.4194,52.5803,52.1532,56.6527,55.6064,58.2654,56.9666,57.5893,63.7022,64.0759,65.4652,68.0242,67.5539,67.8377,65.1475,67.3456,67.9131,68.6037,70.8602
Estonia,Synthetic Fertilizers,Direct emissions (N2O),kilotonnes,0.3518,0.308,0.2624,0.3654,0.3902,0.3156,0.3553,0.3926,0.5571,0.4294,0.4499,0.4683,0.5182,0.5289,0.5627,0.5701,0.5718,0.5867,0.6108,0.6512,0.6519
Estonia,Synthetic Fertilizers,Direct emissions (N2O),kilotonnes,0.3519,0.308,0.2624,0.3654,0.3902,0.3156,0.3553,0.3926,0.5572,0.4294,0.4499,0.4683,0.5182,0.5289,0.5627,0.5701,0.5718,0.5867,0.6108,0.6512,0.6519
Estonia,Synthetic Fertilizers,Indirect emissions (N2O),kilotonnes,0.1143,0.1001,0.0853,0.1188,0.1268,0.1026,0.1155,0.1276,0.1811,0.1396,0.1462,0.1522,0.1684,0.1719,0.1829,0.1853,0.1858,0.1907,0.1985,0.2116,0.2119
Estonia,Synthetic Fertilizers,Emissions (N2O),kilotonnes,0.4662,0.4082,0.3477,0.4842,0.5171,0.4182,0.4708,0.5202,0.7382,0.569,0.5961,0.6205,0.6866,0.7008,0.7455,0.7553,0.7577,0.7773,0.8093,0.8628,0.8638
Estonia,Synthetic Fertilizers,Emissions (N2O),kilotonnes,0.3519,0.308,0.2624,0.3654,0.3902,0.3156,0.3553,0.3926,0.5572,0.4294,0.4499,0.4683,0.5182,0.5289,0.5627,0.5701,0.5718,0.5867,0.6108,0.6512,0.6519
Estonia,Synthetic Fertilizers,Emissions (CO2eq) from N2O (AR5),kilotonnes,123.5408,108.1631,92.1452,128.3136,137.0205,110.8115,124.7547,137.8426,195.6293,150.7871,157.9601,164.4434,181.962,185.7195,197.566,200.1593,200.7883,205.9915,214.4556,228.6416,228.9064
Estonia,Synthetic Fertilizers,Emissions (CO2eq) from N2O (AR5),kilotonnes,93.2633,81.6325,69.5436,96.8405,103.4117,83.6313,94.1545,104.0322,147.6448,113.8016,119.2152,124.1082,137.3298,140.1657,149.1064,151.0636,151.5384,155.4653,161.8533,172.5597,172.7596
Estonia,Synthetic Fertilizers,Emissions (CO2eq) (AR5),kilotonnes,123.5408,108.1631,92.1452,128.3136,137.0205,110.8115,124.7547,137.8426,195.6293,150.7871,157.9601,164.4434,181.962,185.7195,197.566,200.1593,200.7883,205.9915,214.4556,228.6416,228.9064
Estonia,Synthetic Fertilizers,Emissions (CO2eq) (AR5),kilotonnes,93.2633,81.6325,69.5436,96.8405,103.4117,83.6313,94.1545,104.0322,147.6448,113.8016,119.2152,124.1082,137.3298,140.1657,149.1064,151.0636,151.5384,155.4653,161.8533,172.5597,172.7596
Estonia,Drained organic soils,Emissions (CO2eq) (AR5),kilotonnes,5722.3909,5772.8056,5822.3331,5838.1163,5926.8137,5947.7945,5967.5156,6010.4365,6029.9011,6061.4835,6147.4253,6190.207,6202.2746,6218.5467,6200.8948,6200.823,6139.5273,6137.3292,6180.6838,6167.4311,6185.3509
Estonia,Drained organic soils,Emissions (CO2eq) (AR5),kilotonnes,127.9868,128.0201,127.7636,127.2572,126.5843,126.2178,125.4982,124.9186,124.5221,124.6854,124.8186,125.305,125.8447,125.9447,125.3783,124.9752,124.6287,124.229,124.0957,124.0957,124.0491
Estonia,Drained organic soils (CO2),Emissions (CO2),kilotonnes,4820.0915,4862.5551,4904.275,4917.5718,4992.2787,5009.9495,5026.5574,5062.7054,5079.0941,5105.6907,5178.0699,5214.1004,5224.2632,5237.9628,5223.0918,5223.0313,5171.3996,5169.5444,5206.0622,5194.9004,5209.9951
Estonia,Drained organic soils (CO2),Emissions (CO2eq) (AR5),kilotonnes,4820.0915,4862.5551,4904.275,4917.5718,4992.2787,5009.9495,5026.5574,5062.7054,5079.0941,5105.6907,5178.0699,5214.1004,5224.2632,5237.9628,5223.0918,5223.0313,5171.3996,5169.5444,5206.0622,5194.9004,5209.9951
Estonia,Drained organic soils (N2O),Emissions (N2O),kilotonnes,3.4049,3.4349,3.4644,3.4738,3.5265,3.539,3.5508,3.5763,3.588,3.6068,3.6579,3.6834,3.6906,3.7003,3.6898,3.6898,3.6533,3.652,3.6778,3.6699,3.6806
Estonia,Drained organic soils (N2O),Emissions (N2O),kilotonnes,0.483,0.4831,0.4821,0.4802,0.4777,0.4763,0.4736,0.4714,0.4699,0.4705,0.471,0.4728,0.4749,0.4753,0.4731,0.4716,0.4703,0.4688,0.4683,0.4683,0.4681
Estonia,Drained organic soils (N2O),Emissions (CO2eq) from N2O (AR5),kilotonnes,902.2994,910.2505,918.0581,920.5444,934.5351,937.845,940.9582,947.7311,950.807,955.7928,969.3554,976.1066,978.0114,980.5839,977.803,977.7917,968.1277,967.7848,974.6216,972.5307,975.3557
Estonia,Drained organic soils (N2O),Emissions (CO2eq) from N2O (AR5),kilotonnes,127.9868,128.0201,127.7636,127.2572,126.5843,126.2178,125.4982,124.9186,124.5221,124.6854,124.8186,125.305,125.8447,125.9447,125.3783,124.9752,124.6287,124.229,124.0957,124.0957,124.0491
Estonia,Drained organic soils (N2O),Emissions (CO2eq) (AR5),kilotonnes,902.2994,910.2505,918.0581,920.5444,934.5351,937.845,940.9582,947.7311,950.807,955.7928,969.3554,976.1066,978.0114,980.5839,977.803,977.7917,968.1277,967.7848,974.6216,972.5307,975.3557
Estonia,Drained organic soils (N2O),Emissions (CO2eq) (AR5),kilotonnes,127.9868,128.0201,127.7636,127.2572,126.5843,126.2178,125.4982,124.9186,124.5221,124.6854,124.8186,125.305,125.8447,125.9447,125.3783,124.9752,124.6287,124.229,124.0957,124.0957,124.0491
Estonia,On-farm energy use,Emissions (CH4),kilotonnes,0.0253,0.0332,0.0344,0.0391,0.0404,0.0335,0.0322,0.0325,0.038,0.0425,0.0483,0.0561,0.0613,0.0661,0.0744,0.0809,0.0843,0.0536,0.0378,0.0305,0.0305
Estonia,On-farm energy use,Emissions (N2O),kilotonnes,0.0322,0.079,0.09,0.0987,0.0853,0.0851,0.074,0.0753,0.0778,0.0741,0.0778,0.095,0.0963,0.0951,0.1197,0.1186,0.1112,0.1135,0.1158,0.1151,0.1151
Estonia,On-farm energy use,Emissions (CO2),kilotonnes,106.378,237.1234,262.5248,288.8061,255.5462,250.8661,225.3735,229.0611,236.2717,228.579,240.9992,287.2199,292.2723,288.1326,348.7172,361.0943,336.7741,332.7668,327.9221,323.7631,323.7631
Estonia,On-farm energy use,Emissions (CO2eq) from CH4 (AR5),kilotonnes,0.7078,0.9286,0.9622,1.0951,1.1326,0.9387,0.9024,0.9095,1.0629,1.1895,1.352,1.5699,1.7165,1.8495,2.0821,2.266,2.36,1.5015,1.0596,0.8551,0.8551
Estonia,On-farm energy use,Emissions (CO2eq) from N2O (AR5),kilotonnes,8.5344,20.9329,23.8596,26.1598,22.5929,22.5478,19.6175,19.9448,20.6043,19.6286,20.6138,25.1881,25.516,25.1957,31.7182,31.4204,29.4637,30.0742,30.6977,30.4936,30.4936
Estonia,On-farm energy use,Emissions (CO2eq) (AR5),kilotonnes,115.6202,258.985,287.3466,316.0611,279.2716,274.3527,245.8934,249.9154,257.939,249.3971,262.965,313.9779,319.5048,315.1778,382.5175,394.7808,368.5978,364.3426,359.6794,355.1118,355.1118
Estonia,Forestland,Emissions (CO2),kilotonnes,-3827.4137,-3819.3817,-3819.3817,-3819.3817,-3819.3817,-3819.3817,-3819.3817,-3819.3817,-3819.3817,-3819.3817,-3819.3817,-8692.1618,-8692.1618,-8692.1618,-8692.1618,-8692.1618,-574.0618,-574.0618,-574.0618,-574.0618,-574.0618
Estonia,Forestland,Emissions (CO2),kilotonnes,-4789.7774,-4708.7949,-4770.4897,-6651.3411,-4967.7119,-2574.7734,-4186.56,-4248.4021,-4054.8908,-5217.7792,-5959.9246,-5840.0351,-4602.6345,-3716.1908,-3154.6969,-3641.473,-3381.922,-2771.6995,-3161.0301,-1950.5104,-193.3777
Estonia,Forestland,Emissions (CO2eq) (AR5),kilotonnes,-3827.4137,-3819.3817,-3819.3817,-3819.3817,-3819.3817,-3819.3817,-3819.3817,-3819.3817,-3819.3817,-3819.3817,-3819.3817,-8692.1618,-8692.1618,-8692.1618,-8692.1618,-8692.1618,-574.0618,-574.0618,-574.0618,-574.0618,-574.0618
Estonia,Forestland,Emissions (CO2eq) (AR5),kilotonnes,-4789.7774,-4708.7949,-4770.4897,-6651.3411,-4967.7119,-2574.7734,-4186.56,-4248.4021,-4054.8908,-5217.7792,-5959.9246,-5840.0351,-4602.6345,-3716.1908,-3154.6969,-3641.473,-3381.922,-2771.6995,-3161.0301,-1950.5104,-193.3777
Estonia,Net Forest conversion,Emissions (CO2),kilotonnes,0,0,0,0,0,0,0,0,0,0,0,0,0,0,0,0,0,0,0,0,0
Estonia,Net Forest conversion,Emissions (CO2),kilotonnes,137.3576,151.5596,176.9106,218.5753,278.254,326.4409,457.2543,507.9831,511.5534,490.3009,473.0253,416.2349,427.2753,414.0016,459.8928,493.163,541.7473,553.5271,534.1426,466.2937,406.711
Estonia,Net Forest conversion,Emissions (CO2eq) (AR5),kilotonnes,0,0,0,0,0,0,0,0,0,0,0,0,0,0,0,0,0,0,0,0,0
Estonia,Net Forest conversion,Emissions (CO2eq) (AR5),kilotonnes,137.3576,151.5596,176.9106,218.5753,278.254,326.4409,457.2543,507.9831,511.5534,490.3009,473.0253,416.2349,427.2753,414.0016,459.8928,493.163,541.7473,553.5271,534.1426,466.2937,406.711
Estonia,Savanna fires,Emissions (CH4),kilotonnes,0.0007,0,0.034,0.0312,0.0149,0,0.0187,0.0005,0.0055,0.0002,0.0011,0.0006,0.0007,0.0086,0.0006,0.0027,0.0002,0.0004,0.0009,0.0018,0.0015
Estonia,Savanna fires,Emissions (CH4),kilotonnes,0.0006,0,0.0031,0.0002,0.0002,0,0.0019,0.0007,0.0028,0.0001,0,0,0.0001,0,0,0.0025,0.0025,0.0002,0.0019,0.0001,0.0053
Estonia,Savanna fires,Emissions (N2O),kilotonnes,0.0001,0,0.0031,0.0028,0.0014,0,0.0017,0,0.0005,0,0.0001,0.0001,0.0001,0.0008,0.0001,0.0002,0,0,0.0001,0.0002,0.0001
Estonia,Savanna fires,Emissions (N2O),kilotonnes,0.0001,0,0.0003,0,0,0,0.0002,0.0001,0.0003,0,0,0,0,0,0,0.0002,0.0002,0,0.0002,0,0.0005
Estonia,Savanna fires,Emissions (CO2eq) from CH4 (AR5),kilotonnes,0.019,0,0.9509,0.8731,0.4162,0,0.5229,0.0138,0.1534,0.0057,0.032,0.0171,0.0183,0.2413,0.0171,0.0744,0.0057,0.0114,0.024,0.0491,0.0423
Estonia,Savanna fires,Emissions (CO2eq) from CH4 (AR5),kilotonnes,0.0164,0.0006,0.0857,0.0064,0.0068,0.0009,0.0525,0.0193,0.0784,0.0018,0.0003,0.0003,0.0019,0.0002,0.001,0.0692,0.0688,0.0045,0.0521,0.0024,0.1488
Estonia,Savanna fires,Emissions (CO2eq) from N2O (AR5),kilotonnes,0.0164,0,0.8217,0.7545,0.3597,0,0.4518,0.0119,0.1326,0.0049,0.0276,0.0148,0.0159,0.2085,0.0148,0.0643,0.0049,0.0098,0.0208,0.0424,0.0365
Estonia,Savanna fires,Emissions (CO2eq) from N2O (AR5),kilotonnes,0.0142,0.0005,0.0741,0.0056,0.0059,0.0007,0.0454,0.0167,0.0678,0.0016,0.0003,0.0003,0.0016,0.0002,0.0008,0.0598,0.0595,0.0039,0.045,0.002,0.1286
Estonia,Savanna fires,Emissions (CO2eq) (AR5),kilotonnes,0.0355,0,1.7726,1.6276,0.7759,0,0.9747,0.0257,0.286,0.0106,0.0596,0.0319,0.0342,0.4498,0.0319,0.1386,0.0106,0.0212,0.0448,0.0914,0.0788
Estonia,Savanna fires,Emissions (CO2eq) (AR5),kilotonnes,0.0306,0.0011,0.1598,0.012,0.0127,0.0016,0.0978,0.036,0.1462,0.0034,0.0006,0.0006,0.0035,0.0003,0.0018,0.1289,0.1283,0.0084,0.0971,0.0044,0.2774
Estonia,Fires in organic soils,Emissions (CH4),kilotonnes,0,0,0,0,0,0,0,0,0,0,0,0,0,0,0,0,0,0,0,0,0
Estonia,Fires in organic soils,Emissions (CO2),kilotonnes,0,0,0,0,0,0,0,0,0,0,0,0,0,0,0,0,0,0,0,0,0
Estonia,Fires in organic soils,Emissions (CO2eq) from CH4 (AR5),kilotonnes,0,0,0,0,0,0,0,0,0,0,0,0,0,0,0,0,0,0,0,0,0
Estonia,Fires in organic soils,Emissions (CO2eq) (AR5),kilotonnes,0,0,0,0,0,0,0,0,0,0,0,0,0,0,0,0,0,0,0,0,0
Estonia,Forest fires,Emissions (CH4),kilotonnes,0.032,0,0.0976,0.0901,0.0075,0,0.0125,0,0,0,0,0.0025,0.0075,0.005,0.0025,0.0025,0,0.0025,0.0125,0,0
Estonia,Forest fires,Emissions (N2O),kilotonnes,0.0018,0,0.0089,0.0082,0.0007,0,0.0011,0,0,0,0,0.0002,0.0007,0.0005,0.0002,0.0002,0,0.0002,0.0011,0,0
Estonia,Forest fires,Emissions (CO2eq) from CH4 (AR5),kilotonnes,0.8968,0,2.7318,2.5214,0.2101,0,0.3503,0,0,0,0,0.0701,0.2102,0.1401,0.07,0.0701,0,0.0701,0.3502,0,0
Estonia,Forest fires,Emissions (CO2eq) from N2O (AR5),kilotonnes,0.4696,0,2.3606,2.1789,0.1816,0,0.3027,0,0,0,0,0.0605,0.1816,0.1211,0.0605,0.0605,0,0.0605,0.3026,0,0
Estonia,Forest fires,Emissions (CO2eq) (AR5),kilotonnes,1.3663,0,5.0924,4.7003,0.3916,0,0.6529,0,0,0,0,0.1306,0.3917,0.2611,0.1306,0.1306,0,0.1306,0.6527,0,0
Estonia,Fires in humid tropical forests,Emissions (CH4),kilotonnes,0,0,0,0,0,0,0,0,0,0,0,0,0,0,0,0,0,0,0,0,0
Estonia,Fires in humid tropical forests,Emissions (N2O),kilotonnes,0,0,0,0,0,0,0,0,0,0,0,0,0,0,0,0,0,0,0,0,0
Estonia,Fires in humid tropical forests,Emissions (CO2eq) from CH4 (AR5),kilotonnes,0,0,0,0,0,0,0,0,0,0,0,0,0,0,0,0,0,0,0,0,0
Estonia,Fires in humid tropical forests,Emissions (CO2eq) from N2O (AR5),kilotonnes,0,0,0,0,0,0,0,0,0,0,0,0,0,0,0,0,0,0,0,0,0
Estonia,Fires in humid tropical forests,Emissions (CO2eq) (AR5),kilotonnes,0,0,0,0,0,0,0,0,0,0,0,0,0,0,0,0,0,0,0,0,0
Estonia,Waste - agri-food systems,Emissions (CH4),kilotonnes,3.2266,3.31,3.4084,3.4546,5.9679,6.0604,9.1192,3.8253,8.6294,10.0695,10.658,8.9985,8.4573,8.4486,8.5328,8.7276,8.2994,7.9301,7.5656,7.2008,6.8313
Estonia,Waste - agri-food systems,Emissions (N2O),kilotonnes,0.0583,0.0573,0.0608,0.0593,0.0602,0.0644,0.0645,0.0665,0.0682,0.067,0.0674,0.0674,0.0665,0.0698,0.07,0.0705,0.071,0.0722,0.0734,0.0746,0.0757
Estonia,Waste - agri-food systems,Emissions (CO2),kilotonnes,44.2353,44.4229,44.7455,45.3221,45.7299,46.0246,46.3947,46.9396,47.099,46.6756,46.6646,47.0056,46.989,47.1607,47.2763,46.978,47.0771,47.2976,47.5425,47.5781,47.5529
Estonia,Waste - agri-food systems,Emissions (CO2eq) from CH4 (AR5),kilotonnes,90.345,92.6811,95.4363,96.729,167.1011,169.6902,255.338,107.1077,241.6228,281.9472,298.4253,251.9589,236.8031,236.5617,238.9181,244.3736,232.3836,222.0417,211.8378,201.6214,191.2763
Estonia,Waste - agri-food systems,Emissions (CO2eq) from N2O (AR5),kilotonnes,15.4422,15.1782,16.1038,15.7032,15.9472,17.0608,17.0793,17.62,18.0861,17.765,17.8505,17.8594,17.6206,18.4942,18.5495,18.6908,18.8061,19.1263,19.445,19.7675,20.0614
Estonia,Waste - agri-food systems,Emissions (CO2eq) (AR5),kilotonnes,150.0226,152.2822,156.2856,157.7543,228.7781,232.7757,318.812,171.6673,306.8079,346.3878,362.9405,316.8239,301.4126,302.2165,304.7438,310.0424,298.2669,288.4656,278.8253,268.967,258.8905
Estonia,Fertilizers Manufacturing,Emissions (N2O),kilotonnes,0.0008,0.0008,0.0008,0.0007,0,0.0007,0.0007,0.0006,0.0006,0.0014,0.0012,0.0005,0.0005,0.0006,0.0005,0.0002,0.0002,0.0004,0.0004,0.0004,0.0004
Estonia,Fertilizers Manufacturing,Emissions (CO2),kilotonnes,38.681,36.1217,33.68,43.4721,59.7849,36.1661,6.2456,1.357,3.36,1.8499,1.6263,0.607,0.6036,0.8099,0.1503,0.2459,0.2358,0.5325,0.5563,0,0
Estonia,Fertilizers Manufacturing,Emissions (CO2eq) from N2O (AR5),kilotonnes,0.212,0.212,0.212,0.1855,0,0.1855,0.1855,0.159,0.159,0.371,0.318,0.1325,0.1325,0.159,0.1325,0.053,0.053,0.106,0.106,0.106,0.1065
Estonia,Fertilizers Manufacturing,Emissions (CO2eq) (AR5),kilotonnes,38.893,36.3337,33.892,43.6576,59.7849,36.3516,6.4311,1.516,3.519,2.2209,1.9443,0.7395,0.7361,0.9689,0.2828,0.2989,0.2888,0.6385,0.6623,0.106,0.1065
Estonia,On-farm electricity use,Emissions (CH4),kilotonnes,0.2688,0.2448,0.24,0.252,0.2664,0.264,0.2604,0.234,0.2292,0.2112,0.228,0.2268,0.264,0.2472,0.246,0.246,0.258,0.3,0.198,0.1884,0.1884
Estonia,On-farm electricity use,Emissions (N2O),kilotonnes,0.0014,0.0013,0.0013,0.0013,0.0014,0.0014,0.0014,0.0012,0.0012,0.0011,0.0012,0.0012,0.0014,0.0013,0.0013,0.0013,0.0013,0.0016,0.0011,0.001,0.001
Estonia,On-farm electricity use,Emissions (CO2),kilotonnes,238.0688,213.9156,203.212,213.6576,228.4374,230.624,209.4733,204.3093,207.0107,189.7803,192.687,179.0355,200.6385,208.9519,207.9375,207.9376,218.0808,253.5824,167.3644,159.2497,159.2497
Estonia,On-farm electricity use,Emissions (CO2eq) from CH4 (AR5),kilotonnes,7.5264,6.8544,6.72,7.056,7.4592,7.392,7.2912,6.552,6.4176,5.9136,6.384,6.3504,7.392,6.9216,6.888,6.888,7.224,8.4,5.544,5.2752,5.2752
Estonia,On-farm electricity use,Emissions (CO2eq) from N2O (AR5),kilotonnes,0.371,0.3445,0.3445,0.3445,0.371,0.371,0.371,0.318,0.318,0.2915,0.318,0.318,0.371,0.3445,0.3445,0.3445,0.3445,0.424,0.2915,0.265,0.265
Estonia,On-farm electricity use,Emissions (CO2eq) (AR5),kilotonnes,245.9662,221.1145,210.2765,221.0581,236.2676,238.387,217.1355,211.1793,213.7463,195.9854,199.389,185.7039,208.4015,216.218,215.17,215.1701,225.6493,262.4064,173.1999,164.7899,164.7899
Estonia,Food Processing,Emissions (CH4),kilotonnes,0.3341,0.3655,0.3864,0.37,0.405,0.4149,0.4064,0.4282,0.4204,0.3366,0.3719,0.3584,0.4094,0.3683,0.4046,0.4124,0.4116,0.3959,0.3722,0.3722,0.3597
Estonia,Food Processing,Emissions (N2O),kilotonnes,0.0029,0.0031,0.0033,0.0026,0.003,0.003,0.0029,0.0029,0.0029,0.0023,0.0027,0.0024,0.0026,0.0025,0.0027,0.0027,0.0027,0.0026,0.0025,0.0025,0.0025
Estonia,Food Processing,Emissions (CO2),kilotonnes,490.5023,518.9097,524.223,449.712,507.0592,523.0511,470.8989,518.913,510.1493,425.1147,452.085,398.8688,415.6478,433.3425,455.5726,462.4092,466.7401,445.4498,432.0865,432.0865,394.6224
Estonia,Food Processing,Emissions (CO2eq) from CH4 (AR5),kilotonnes,9.3548,10.234,10.8192,10.36,11.34,11.6172,11.3792,11.9896,11.7712,9.4248,10.4132,10.0352,11.4632,10.3124,11.3288,11.5472,11.5248,11.0852,10.4216,10.4216,10.0713
Estonia,Food Processing,Emissions (CO2eq) from N2O (AR5),kilotonnes,0.7685,0.8215,0.8745,0.689,0.795,0.795,0.7685,0.7685,0.7685,0.6095,0.7155,0.636,0.689,0.6625,0.7155,0.7155,0.7155,0.689,0.6625,0.6625,0.6655
Estonia,Food Processing,Emissions (CO2eq) (AR5),kilotonnes,500.6256,529.9652,535.9167,460.761,519.1942,535.4633,483.0466,531.6711,522.689,435.149,463.2137,409.54,427.8,444.3174,467.6169,474.6719,478.9804,457.224,443.1706,443.1706,405.3591
Estonia,Food Packaging,Emissions (CH4),kilotonnes,0.0551,0.0577,0.058,0.0641,0.067,0.071,0.0759,0.0849,0.0823,0.0695,0.07,0.0646,0.0664,0.0657,0.0712,0.0621,0.0628,0.0642,0.0735,0.0661,0.0639
Estonia,Food Packaging,Emissions (N2O),kilotonnes,0.0004,0.0004,0.0004,0.0004,0.0004,0.0004,0.0005,0.0005,0.0005,0.0004,0.0004,0.0004,0.0004,0.0004,0.0004,0.0004,0.0004,0.0004,0.0004,0.0003,0.0003
Estonia,Food Packaging,Emissions (CO2),kilotonnes,66.8797,74.9297,64.348,76.8313,78.9022,82.1323,81.4115,96.9282,95.138,76.6953,76.0104,67.2136,68.0878,75.286,75.2166,67.2206,68.9076,68.8241,77.6904,62.6068,57.1785
Estonia,Food Packaging,Emissions (CO2eq) from CH4 (AR5),kilotonnes,1.5428,1.6156,1.624,1.7948,1.876,1.988,2.1252,2.3772,2.3044,1.946,1.96,1.8088,1.8592,1.8396,1.9936,1.7388,1.7584,1.7976,2.058,1.8508,1.7886
Estonia,Food Packaging,Emissions (CO2eq) from N2O (AR5),kilotonnes,0.106,0.106,0.106,0.106,0.106,0.106,0.1325,0.1325,0.1325,0.106,0.106,0.106,0.106,0.106,0.106,0.106,0.106,0.106,0.106,0.0795,0.0799
Estonia,Food Packaging,Emissions (CO2eq) (AR5),kilotonnes,68.5285,76.6513,66.078,78.7321,80.8842,84.2263,83.6692,99.4379,97.5749,78.7473,78.0764,69.1284,70.053,77.2316,77.3162,69.0654,70.772,70.7277,79.8544,64.5371,59.0469
Estonia,Food Retail,Emissions (CH4),kilotonnes,0.2581,0.2477,0.2677,0.2795,0.3193,0.3423,0.3684,0.3912,0.4329,0.4335,0.4349,0.3969,0.426,0.4164,0.4557,0.4584,0.4894,0.4541,0.4853,0.5159,0.4986
Estonia,Food Retail,Emissions (N2O),kilotonnes,0.0016,0.0016,0.0016,0.0016,0.0019,0.002,0.0021,0.0022,0.0024,0.0024,0.0024,0.0022,0.0024,0.0023,0.0025,0.0025,0.0027,0.0025,0.0027,0.0029,0.0029
Estonia,Food Retail,Emissions (CO2),kilotonnes,253.4594,249.7094,252.7101,272.4357,308.0528,332.1322,323.8603,366.8617,414.3068,410.1536,387.2582,337.33,349.2368,379.3706,415.192,418.3476,445.0841,414.2256,442.0133,466.2418,425.8162
Estonia,Food Retail,Emissions (CO2eq) from F-gases (AR5),kilotonnes,9.8705,13.507,18.1825,23.897,32.209,35.326,40.521,45.716,46.2355,46.755,46.755,46.755,46.755,46.755,46.755,46.755,51.4305,52.4695,53.5085,54.5475,45.6195
Estonia,Food Retail,Emissions (CO2eq) from CH4 (AR5),kilotonnes,7.2268,6.9356,7.4956,7.826,8.9404,9.5844,10.3152,10.9536,12.1212,12.138,12.1772,11.1132,11.928,11.6592,12.7596,12.8352,13.7032,12.7148,13.5884,14.4452,13.9596
Estonia,Food Retail,Emissions (CO2eq) from N2O (AR5),kilotonnes,0.424,0.424,0.424,0.424,0.5035,0.53,0.5565,0.583,0.636,0.636,0.636,0.583,0.636,0.6095,0.6625,0.6625,0.7155,0.6625,0.7155,0.7685,0.772
Estonia,Food Retail,Emissions (CO2eq) (AR5),kilotonnes,270.9807,270.576,278.8122,304.5827,349.7057,377.5726,375.253,424.1143,473.2995,469.6826,446.8264,395.7812,408.5558,438.3943,475.3691,478.6003,510.9333,480.0724,509.8257,536.003,486.1673
Estonia,Food Household Consumption,Emissions (CH4),kilotonnes,0.2428,0.2464,0.2546,0.2371,0.2614,0.2556,0.2519,0.2438,0.2525,0.2517,0.2714,0.2641,0.2653,0.2537,0.2344,0.2272,0.249,0.2539,0.2406,0.2406,0.2325
Estonia,Food Household Consumption,Emissions (N2O),kilotonnes,0.0013,0.0014,0.0014,0.0013,0.0014,0.0014,0.0014,0.0013,0.0014,0.0013,0.0015,0.0014,0.0014,0.0014,0.0013,0.0012,0.0013,0.0014,0.0013,0.0013,0.0013
Estonia,Food Household Consumption,Emissions (CO2),kilotonnes,199.5748,207.4093,200.8966,196.0287,206.2577,209.2366,197.8708,216.846,232.3393,233.5276,237.4888,215.2284,210.3675,220.4763,206.2835,202.7825,224.5108,226.8763,216.9508,216.9508,198.14
Estonia,Food Household Consumption,Emissions (CO2eq) from CH4 (AR5),kilotonnes,6.7984,6.8992,7.1288,6.6388,7.3192,7.1568,7.0532,6.8264,7.07,7.0476,7.5992,7.3948,7.4284,7.1036,6.5632,6.3616,6.972,7.1092,6.7368,6.7368,6.5104
Estonia,Food Household Consumption,Emissions (CO2eq) from N2O (AR5),kilotonnes,0.3445,0.371,0.371,0.3445,0.371,0.371,0.371,0.3445,0.371,0.3445,0.3975,0.371,0.371,0.371,0.3445,0.318,0.3445,0.371,0.3445,0.3445,0.3461
Estonia,Food Household Consumption,Emissions (CO2eq) (AR5),kilotonnes,206.7177,214.6795,208.3964,203.012,213.9479,216.7644,205.295,224.0169,239.7803,240.9197,245.4855,222.9942,218.1669,227.9509,213.1912,209.4621,231.8273,234.3565,224.0321,224.0321,204.9964
Estonia,Food Transport,Emissions (CH4),kilotonnes,0.0147,0.0166,0.0156,0.0143,0.0133,0.0132,0.0135,0.0135,0.0124,0.0108,0.0106,0.0094,0.0088,0.0081,0.0079,0.0084,0.01,0.0109,0.0107,0.0013,0.0013
Estonia,Food Transport,Emissions (N2O),kilotonnes,0.0135,0.014,0.0159,0.0145,0.0133,0.014,0.0147,0.0137,0.0114,0.0123,0.015,0.012,0.0113,0.0105,0.0094,0.0094,0.0088,0.0092,0.0092,0.0111,0.0112
Estonia,Food Transport,Emissions (CO2),kilotonnes,137.3724,160.4752,172.1632,164.1667,166.3989,174.885,188.0143,195.9331,187.3547,172.0668,184.8949,180.1778,181.8955,176.8672,175.1402,180.0352,184.0143,190.0584,189.2503,197.5577,180.4284
Estonia,Food Transport,Emissions (CO2eq) from CH4 (AR5),kilotonnes,0.4116,0.4648,0.4368,0.4004,0.3724,0.3696,0.378,0.378,0.3472,0.3024,0.2968,0.2632,0.2464,0.2268,0.2212,0.2352,0.28,0.3052,0.2996,0.0364,0.0352
Estonia,Food Transport,Emissions (CO2eq) from N2O (AR5),kilotonnes,3.5775,3.71,4.2135,3.8425,3.5245,3.71,3.8955,3.6305,3.021,3.2595,3.975,3.18,2.9945,2.7825,2.491,2.491,2.332,2.438,2.438,2.9415,2.9548
Estonia,Food Transport,Emissions (CO2eq) (AR5),kilotonnes,141.3615,164.65,176.8135,168.4096,170.2958,178.9646,192.2878,199.9416,190.7229,175.6287,189.1667,183.621,185.1364,179.8765,177.8524,182.7614,186.6263,192.8016,191.9879,200.5356,183.4183
Estonia,Energy,Emissions (CH4),kilotonnes,9.29,9.57,9.72,10.3,10.7,10.3,10.3,11.4,11.5,11.7,12.2,11.5,11.7,11.9,11.9,12,12.1,12.4,12.5,11.9,11.5
Estonia,Energy,Emissions (N2O),kilotonnes,0.32,0.383,0.403,0.418,0.406,0.415,0.379,0.426,0.399,0.391,0.455,0.444,0.437,0.455,0.459,0.452,0.453,0.47,0.47,0.444,0.446
Estonia,Energy,Emissions (CO2),kilotonnes,16200,17000,16200,18500,18700,18200,17700,19700,18700,16800,20600,21000,20200,22400,21600,20000,21000,21200,21100,17300,15800
Estonia,Energy,Emissions (CO2eq) from CH4 (AR5),kilotonnes,260.12,267.96,272.16,288.4,299.6,288.4,288.4,319.2,322,327.6,341.6,322,327.6,333.2,333.2,336,338.8,347.2,350,333.2,322
Estonia,Energy,Emissions (CO2eq) from N2O (AR5),kilotonnes,84.8,101.495,106.795,110.77,107.59,109.975,100.435,112.89,105.735,103.615,120.575,117.66,115.805,120.575,121.635,119.78,120.045,124.55,124.55,117.66,118.19
Estonia,Energy,Emissions (CO2eq) (AR5),kilotonnes,16544.92,17369.455,16578.955,18899.17,19107.19,18598.375,18088.835,20132.09,19127.735,17231.215,21062.175,21439.66,20643.405,22853.775,22054.835,20455.78,21458.845,21671.75,21574.55,17750.86,16240.19
Estonia,IPPU,Emissions (CH4),kilotonnes,0,0,0,0,0.0001,0.0001,0.0001,0.0001,0.0001,0.0001,0.0001,0.0001,0.0001,0.0001,0.0001,0.0001,0.0001,0.0001,0.0001,0.0002,0.0002
Estonia,IPPU,Emissions (N2O),kilotonnes,0.025,0.024,0.0229,0.0219,0.0209,0.0199,0.0187,0.0175,0.0164,0.0153,0.0141,0.0141,0.0141,0.014,0.014,0.014,0.0139,0.0139,0.0139,0.0139,0.0138
Estonia,IPPU,Emissions (CO2),kilotonnes,871,889,582,657,900,923,968,1140,1140,465,389,532,563,727,611,408,380,516,510,437,187
Estonia,IPPU,Emissions (CO2eq) from F-gases (AR5),kilotonnes,14.6735,17.8803,22.2532,27.5007,34.6916,44.0205,47.9075,53.8352,59.7629,64.233,71.2296,74.6308,78.5178,83.9596,87.8466,90.0816,94.4545,93.58,93.9687,92.0252,76.963
Estonia,IPPU,Emissions (CO2eq) from CH4 (AR5),kilotonnes,0,0,0,0,0.002,0.002,0.0022,0.0023,0.0025,0.0023,0.0025,0.0027,0.0029,0.0031,0.0033,0.0036,0.0038,0.0039,0.0041,0.0043,0.0046
Estonia,IPPU,Emissions (CO2eq) from N2O (AR5),kilotonnes,6.625,6.36,6.0685,5.8035,5.5385,5.2735,4.9555,4.6375,4.346,4.0545,3.7365,3.7365,3.7365,3.71,3.71,3.71,3.6835,3.6835,3.6835,3.6835,3.657
Estonia,IPPU,Emissions (CO2eq) (AR5),kilotonnes,892.2985,913.2403,610.3217,690.3042,940.2321,972.2959,1020.8652,1198.475,1204.1114,533.2898,463.9687,610.37,645.2572,814.6727,702.5599,501.7952,478.1418,613.2674,607.6563,532.713,267.6245
Estonia,Waste,Emissions (CH4),kilotonnes,60.1,62.8,63.4,65.2,66,65.3,62.5,67.5,70.5,70.4,71.5,71.8,88.8,88.9,93.7,93.7,78.4,82.7,78.9,78.3,75.1
Estonia,Waste,Emissions (N2O),kilotonnes,0.085,0.0841,0.0831,0.0984,0.0963,0.104,0.106,0.138,0.136,0.145,0.142,0.123,0.127,0.138,0.123,0.131,0.133,0.135,0.136,0.124,0.12
Estonia,Waste,Emissions (CO2),kilotonnes,1.01,0.836,0.813,0.864,0.536,0.518,0.216,0.197,0.289,0.247,0.22,0.212,0.303,0.364,0.329,0.343,0.378,0.348,0.381,0.374,0.326
Estonia,Waste,Emissions (CO2eq) from CH4 (AR5),kilotonnes,1682.8,1758.4,1775.2,1825.6,1848,1828.4,1750,1890,1974,1971.2,2002,2010.4,2486.4,2489.2,2623.6,2623.6,2195.2,2315.6,2209.2,2192.4,2102.8
Estonia,Waste,Emissions (CO2eq) from N2O (AR5),kilotonnes,22.525,22.2865,22.0215,26.076,25.5195,27.56,28.09,36.57,36.04,38.425,37.63,32.595,33.655,36.57,32.595,34.715,35.245,35.775,36.04,32.86,31.8
Estonia,Waste,Emissions (CO2eq) (AR5),kilotonnes,1706.335,1781.5225,1798.0345,1852.54,1874.0555,1856.478,1778.306,1926.767,2010.329,2009.872,2039.85,2043.207,2520.358,2526.134,2656.524,2658.658,2230.823,2351.723,2245.621,2225.634,2134.926
Estonia,Other,Emissions (N2O),kilotonnes,0.188,0.2,0.2,0.201,0.202,0.207,0.192,0.21,0.202,0.17,0.188,0.178,0.169,0.18,0.163,0.152,0.146,0.152,0.15,0.141,0.137
Estonia,Other,Emissions (CO2eq) from N2O (AR5),kilotonnes,49.82,53,53,53.265,53.53,54.855,50.88,55.65,53.53,45.05,49.82,47.17,44.785,47.7,43.195,40.28,38.69,40.28,39.75,37.365,36.305
Estonia,Other,Emissions (CO2eq) (AR5),kilotonnes,49.82,53,53,53.265,53.53,54.855,50.88,55.65,53.53,45.05,49.82,47.17,44.785,47.7,43.195,40.28,38.69,40.28,39.75,37.365,36.305
Estonia,Farm-gate emissions,Emissions (CH4),kilotonnes,30.0552,28.7546,29.4489,28.0177,28.3428,27.8604,27.6984,27.1421,26.8286,26.1546,25.947,26.1444,26.2662,26.826,27.8073,27.8976,25.4308,25.7562,25.608,25.8122,25.8404
Estonia,Farm-gate emissions,Direct emissions (N2O),kilotonnes,0.8983,0.8088,0.7633,0.8491,0.8918,0.8404,0.8551,0.9301,1.0894,0.96,0.9447,0.984,1.0716,1.0898,1.1804,1.2486,1.116,1.1997,1.1506,1.3127,1.3171
Estonia,Farm-gate emissions,Indirect emissions (N2O),kilotonnes,0.2822,0.2566,0.2432,0.2708,0.2831,0.264,0.2711,0.2912,0.3439,0.3015,0.2999,0.3113,0.3363,0.3422,0.3669,0.3834,0.3492,0.3703,0.361,0.4019,0.4032
Estonia,Farm-gate emissions,Emissions (N2O),kilotonnes,4.8496,4.802,4.7921,4.9113,5.0064,4.9442,4.9659,5.0809,5.3053,5.1431,5.18,5.2756,5.3969,5.4347,5.5694,5.6541,5.4217,5.5315,5.4996,5.696,5.713
Estonia,Farm-gate emissions,Emissions (CO2),kilotonnes,4926.4695,5099.6786,5166.7998,5206.378,5247.8249,5260.8157,5251.9309,5291.7665,5315.3659,5334.2696,5419.0691,5501.3203,5516.5356,5526.0953,5571.809,5584.1256,5508.1737,5502.3112,5533.9843,5518.6635,5533.7582
Estonia,Farm-gate emissions,Emissions (CO2eq) from CH4 (AR5),kilotonnes,841.5468,805.1292,824.5681,784.4964,793.5972,780.0904,775.554,759.9799,751.2002,732.3297,726.5154,732.043,735.453,751.1293,778.6042,781.1337,712.0634,721.1734,717.0229,722.7418,723.5325
Estonia,Farm-gate emissions,Emissions (CO2eq) from N2O (AR5),kilotonnes,1285.1447,1272.5349,1269.9085,1301.4971,1326.6851,1310.2101,1315.9713,1346.4253,1405.8914,1362.9334,1372.7052,1398.0256,1430.1791,1440.1916,1475.895,1498.3466,1436.7538,1465.8519,1457.4028,1509.4292,1513.9474
Estonia,Farm-gate emissions,Emissions (CO2eq) (AR5),kilotonnes,7053.161,7177.3427,7261.2763,7292.3715,7368.1072,7351.1162,7343.4562,7398.1717,7472.4575,7429.5327,7518.2897,7631.3889,7682.1677,7717.4162,7826.3082,7863.6059,7656.9908,7689.3365,7708.41,7750.8345,7771.2382
Estonia,Land Use change,Emissions (CH4),kilotonnes,0,0,0,0,0,0,0,0,0,0,0,0,0,0,0,0,0,0,0,0,0
Estonia,Land Use change,Emissions (N2O),kilotonnes,0,0,0,0,0,0,0,0,0,0,0,0,0,0,0,0,0,0,0,0,0
Estonia,Land Use change,Emissions (CO2),kilotonnes,0,0,0,0,0,0,0,0,0,0,0,0,0,0,0,0,0,0,0,0,0
Estonia,Land Use change,Emissions (CO2eq) from CH4 (AR5),kilotonnes,0,0,0,0,0,0,0,0,0,0,0,0,0,0,0,0,0,0,0,0,0
Estonia,Land Use change,Emissions (CO2eq) from N2O (AR5),kilotonnes,0,0,0,0,0,0,0,0,0,0,0,0,0,0,0,0,0,0,0,0,0
Estonia,Land Use change,Emissions (CO2eq) (AR5),kilotonnes,0,0,0,0,0,0,0,0,0,0,0,0,0,0,0,0,0,0,0,0,0
Estonia,Emissions on agricultural land,Emissions (CH4),kilotonnes,30.0552,28.7546,29.4489,28.0177,28.3428,27.8604,27.6984,27.1421,26.8286,26.1546,25.947,26.1444,26.2662,26.826,27.8073,27.8976,25.4308,25.7562,25.608,25.8122,25.8404
Estonia,Emissions on agricultural land,Emissions (N2O),kilotonnes,4.8496,4.802,4.7921,4.9113,5.0064,4.9442,4.9659,5.0809,5.3053,5.1431,5.18,5.2756,5.3969,5.4347,5.5694,5.6541,5.4217,5.5315,5.4996,5.696,5.713
Estonia,Emissions on agricultural land,Emissions (CO2),kilotonnes,4926.4695,5099.6786,5166.7998,5206.378,5247.8249,5260.8157,5251.9309,5291.7665,5315.3659,5334.2696,5419.0691,5501.3203,5516.5356,5526.0953,5571.809,5584.1256,5508.1737,5502.3112,5533.9843,5518.6635,5533.7582
Estonia,Emissions on agricultural land,Emissions (CO2eq) from CH4 (AR5),kilotonnes,841.5468,805.1292,824.5681,784.4964,793.5972,780.0904,775.554,759.9799,751.2002,732.3297,726.5154,732.043,735.453,751.1293,778.6042,781.1337,712.0634,721.1734,717.0229,722.7418,723.5325
Estonia,Emissions on agricultural land,Emissions (CO2eq) from N2O (AR5),kilotonnes,1285.1447,1272.5349,1269.9085,1301.4971,1326.6851,1310.2101,1315.9713,1346.4253,1405.8914,1362.9334,1372.7052,1398.0256,1430.1791,1440.1916,1475.895,1498.3466,1436.7538,1465.8519,1457.4028,1509.4292,1513.9474
Estonia,Emissions on agricultural land,Emissions (CO2eq) (AR5),kilotonnes,7053.161,7177.3427,7261.2763,7292.3715,7368.1072,7351.1162,7343.4562,7398.1717,7472.4575,7429.5327,7518.2897,7631.3889,7682.1677,7717.4162,7826.3082,7863.6059,7656.9908,7689.3365,7708.41,7750.8345,7771.2382
Estonia,Pre- and post- production,Emissions (CH4),kilotonnes,4.4002,4.4887,4.6307,4.6716,7.3003,7.4214,10.4957,5.2209,10.0591,11.3828,12.0448,10.3187,9.8972,9.808,9.9526,10.1421,9.7802,9.4091,8.9459,8.5853,8.1756
Estonia,Pre- and post- production,Emissions (N2O),kilotonnes,0.0802,0.0799,0.0855,0.0817,0.0816,0.0873,0.0882,0.0889,0.0886,0.0882,0.0918,0.0875,0.0865,0.0888,0.0881,0.0882,0.0884,0.0903,0.091,0.0941,0.0953
Estonia,Pre- and post- production,Emissions (CO2),kilotonnes,1468.7737,1505.8935,1495.9784,1461.6262,1600.623,1634.2519,1524.1694,1648.0879,1696.7578,1555.8638,1578.7152,1425.4667,1473.4665,1542.2651,1582.769,1585.9566,1654.6506,1646.8467,1573.4545,1582.2714,1462.988
Estonia,Pre- and post- production,Emissions (CO2eq) from F-gases (AR5),kilotonnes,9.8705,13.507,18.1825,23.897,32.209,35.326,40.521,45.716,46.2355,46.755,46.755,46.755,46.755,46.755,46.755,46.755,51.4305,52.4695,53.5085,54.5475,45.6195
Estonia,Pre- and post- production,Emissions (CO2eq) from CH4 (AR5),kilotonnes,123.2058,125.6847,129.6607,130.805,204.4083,207.7982,293.88,146.1845,281.6544,318.7196,337.2557,288.9245,277.1203,274.6249,278.6725,283.9796,273.846,263.4537,250.4862,240.3874,228.9165
Estonia,Pre- and post- production,Emissions (CO2eq) from N2O (AR5),kilotonnes,21.2457,21.1672,22.6493,21.6392,21.6182,23.1293,23.3598,23.556,23.4921,23.383,24.3165,23.1859,22.9206,23.5292,23.346,23.3813,23.4171,23.9228,24.109,24.935,25.251
Estonia,Pre- and post- production,Emissions (CO2eq) (AR5),kilotonnes,1623.0958,1666.2524,1666.4709,1637.9674,1858.8584,1900.5055,1881.9302,1863.5444,2048.1398,1944.7214,1987.0425,1784.3321,1820.2623,1887.1741,1931.5424,1940.0725,2003.3443,1986.6927,1901.5582,1902.1413,1762.775
Estonia,Agri-food systems,Emissions (CH4),kilotonnes,34.4555,33.2434,34.0796,32.6893,35.6431,35.2817,38.1941,32.363,36.8877,37.5375,37.9918,36.4631,36.1633,36.6341,37.7599,38.0398,35.2111,35.1653,34.5539,34.3975,34.016
Estonia,Agri-food systems,Emissions (N2O),kilotonnes,4.9298,4.8819,4.8776,4.993,5.0879,5.0315,5.0541,5.1697,5.3939,5.2314,5.2718,5.3631,5.4834,5.5235,5.6575,5.7424,5.5101,5.6218,5.5906,5.7901,5.8083
Estonia,Agri-food systems,Emissions (CO2),kilotonnes,6395.2432,6605.5721,6662.7781,6668.0041,6848.4478,6895.0676,6776.1003,6939.8544,7012.1237,6890.1335,6997.7843,6926.787,6990.0021,7068.3604,7154.5779,7170.0821,7162.8243,7149.1579,7107.4388,7100.9349,6996.7463
Estonia,Agri-food systems,Emissions (CO2eq) from F-gases (AR5),kilotonnes,9.8705,13.507,18.1825,23.897,32.209,35.326,40.521,45.716,46.2355,46.755,46.755,46.755,46.755,46.755,46.755,46.755,51.4305,52.4695,53.5085,54.5475,45.6195
Estonia,Agri-food systems,Emissions (CO2eq) from CH4 (AR5),kilotonnes,964.7526,930.814,954.2288,915.3014,998.0055,987.8886,1069.434,906.1644,1032.8546,1051.0493,1063.7711,1020.9675,1012.5733,1025.7541,1057.2767,1065.1133,985.9094,984.6271,967.5091,963.1292,952.4491
Estonia,Agri-food systems,Emissions (CO2eq) from N2O (AR5),kilotonnes,1306.3904,1293.7022,1292.5578,1323.1363,1348.3033,1333.3395,1339.3311,1369.9813,1429.3835,1386.3163,1397.0218,1421.2115,1453.0997,1463.7208,1499.241,1521.728,1460.1709,1489.7747,1481.5118,1534.3642,1539.1984
Estonia,Agri-food systems,Emissions (CO2eq) (AR5),kilotonnes,8676.2568,8843.5952,8927.7472,8930.3388,9226.9656,9251.6217,9225.3863,9261.7161,9520.5973,9374.2541,9505.3322,9415.721,9502.4301,9604.5904,9757.8506,9803.6784,9660.3351,9676.0292,9609.9682,9652.9758,9534.0132
Estonia,IPCC Agriculture,Emissions (CH4),kilotonnes,30.03,28.7215,29.4145,27.9786,28.3023,27.8268,27.6661,27.1097,26.7906,26.1122,25.8987,26.0883,26.2049,26.76,27.7329,27.8167,25.3466,25.7026,25.5701,25.7817,25.8099
Estonia,IPCC Agriculture,Emissions (CH4),kilotonnes,22.5933,23.6022,22.5297,23.0138,23.5969,24.1076,24.4315,24.6534,24.6395,24.629,25.1204,25.5526,26.6739,28.1498,28.6203,26.0759,25.7246,26.4542,26.7713,27.2934,27.4601
Estonia,IPCC Agriculture,Direct emissions (N2O),kilotonnes,0.8983,0.8088,0.7633,0.8491,0.8918,0.8404,0.8551,0.9301,1.0894,0.96,0.9447,0.984,1.0716,1.0898,1.1804,1.2486,1.116,1.1997,1.1506,1.3127,1.3171
Estonia,IPCC Agriculture,Indirect emissions (N2O),kilotonnes,0.2822,0.2566,0.2432,0.2708,0.2831,0.264,0.2711,0.2912,0.3439,0.3015,0.2999,0.3113,0.3363,0.3422,0.3669,0.3834,0.3492,0.3703,0.361,0.4019,0.4032
Estonia,IPCC Agriculture,Emissions (N2O),kilotonnes,4.8174,4.723,4.7021,4.8126,4.9211,4.8591,4.8919,5.0056,5.2275,5.0691,5.1022,5.1805,5.3006,5.3396,5.4497,5.5356,5.3105,5.418,5.3838,5.5809,5.5979
Estonia,IPCC Agriculture,Emissions (N2O),kilotonnes,1.8038,1.7191,1.6112,1.7433,1.8604,1.8817,1.8519,2.0156,2.2145,2.0344,2.0685,2.1303,2.3012,2.2873,2.395,2.5086,2.3892,2.4933,2.4461,2.6965,2.7047
Estonia,IPCC Agriculture,Emissions (CO2),kilotonnes,19.8492,21.2761,19.1085,17.239,10.3818,8.6285,6.5644,5.7976,5.3237,1.422,9.3736,3.9402,7.0089,6.4715,8.6679,9.0703,14.0282,16.404,19.4064,15.5966,15.864
Estonia,IPCC Agriculture,Emissions (CO2eq) from CH4 (AR5),kilotonnes,840.8391,804.2006,823.6059,783.4013,792.4646,779.1516,774.6516,759.0704,750.1373,731.1402,725.1634,730.473,733.7365,749.2797,776.5221,778.8677,709.7034,719.6719,715.9633,721.8867,722.6774
Estonia,IPCC Agriculture,Emissions (CO2eq) from CH4 (AR5),kilotonnes,632.6136,660.8606,630.8329,644.3861,660.7142,675.0123,684.0817,690.2965,689.9066,689.6108,703.3709,715.4729,746.87,788.1953,801.3686,730.1254,720.2894,740.7164,749.5974,764.2161,768.8818
Estonia,IPCC Agriculture,Emissions (CO2eq) from N2O (AR5),kilotonnes,1276.6102,1251.602,1246.0489,1275.3372,1304.0923,1287.6623,1296.3538,1326.4805,1385.2871,1343.3047,1352.0915,1372.8375,1404.6631,1414.9959,1444.1768,1466.9262,1407.29,1435.7777,1426.7051,1478.9356,1483.4538
Estonia,IPCC Agriculture,Emissions (CO2eq) from N2O (AR5),kilotonnes,478.0171,455.5695,426.9637,461.9765,493.0013,498.6505,490.7527,534.1408,586.833,539.1085,548.1515,564.5175,609.8141,606.1419,634.688,664.7726,633.1408,660.7261,648.2129,714.5599,716.7542
Estonia,IPCC Agriculture,Emissions (CO2eq) (AR5),kilotonnes,2117.4493,2055.8026,2069.6548,2058.7386,2096.5569,2066.8139,2071.0054,2085.5509,2135.4243,2074.4449,2077.2548,2103.3105,2138.3997,2164.2757,2220.6989,2245.7939,2116.9935,2155.4496,2142.6684,2200.8223,2206.1313
Estonia,IPCC Agriculture,Emissions (CO2eq) (AR5),kilotonnes,1130.4799,1137.7063,1076.9051,1123.6017,1164.0973,1182.2913,1181.3989,1230.2349,1282.0634,1230.1413,1260.896,1283.9307,1363.693,1400.8087,1444.7244,1403.9683,1367.4584,1417.8465,1417.2168,1494.3725,1501.5
Estonia,Agricultural Soils,Direct emissions (N2O),kilotonnes,0.8983,0.8088,0.7633,0.8491,0.8918,0.8404,0.8551,0.9301,1.0894,0.96,0.9447,0.984,1.0716,1.0898,1.1804,1.2486,1.116,1.1997,1.1506,1.3127,1.3171
Estonia,Agricultural Soils,Direct emissions (N2O),kilotonnes,1.376,1.2989,1.2204,1.3158,1.4075,1.4162,1.3824,1.5095,1.6571,1.5173,1.5224,1.5722,1.7045,1.6867,1.7714,1.86,1.765,1.8402,1.7964,1.9929,1.9925
Estonia,Agricultural Soils,Indirect emissions (N2O),kilotonnes,0.2822,0.2566,0.2432,0.2708,0.2831,0.264,0.2711,0.2912,0.3439,0.3015,0.2999,0.3113,0.3363,0.3422,0.3669,0.3834,0.3492,0.3703,0.361,0.4019,0.4032
Estonia,Agricultural Soils,Indirect emissions (N2O),kilotonnes,0.2752,0.2561,0.2327,0.2663,0.2897,0.2887,0.2855,0.3232,0.3722,0.329,0.3369,0.348,0.3836,0.3835,0.4055,0.427,0.4058,0.426,0.4193,0.4673,0.4689
Estonia,Agricultural Soils,Emissions (N2O),kilotonnes,4.5855,4.5002,4.4709,4.5937,4.7015,4.6434,4.677,4.7976,5.0213,4.8683,4.9025,4.9788,5.0986,5.1322,5.2372,5.3218,5.1185,5.222,5.1894,5.3844,5.4009
Estonia,Agricultural Soils,Emissions (N2O),kilotonnes,1.6512,1.555,1.453,1.582,1.6972,1.7049,1.6678,1.8326,2.0293,1.8462,1.8593,1.9202,2.0881,2.0702,2.1769,2.287,2.1708,2.2662,2.2157,2.4602,2.4615
Estonia,Agricultural Soils,Emissions (CO2eq) from N2O (AR5),kilotonnes,1215.1486,1192.5653,1184.7882,1217.3214,1245.9073,1230.5024,1239.4159,1271.3645,1330.6317,1290.0948,1299.1718,1319.3744,1351.1268,1360.0451,1387.8457,1410.2827,1356.4101,1383.8302,1375.1953,1426.8769,1431.2365
Estonia,Agricultural Soils,Emissions (CO2eq) from N2O (AR5),kilotonnes,437.5612,412.0693,385.0501,419.2414,449.7701,451.7957,441.9762,485.6516,537.765,489.2541,492.7205,508.8441,553.3349,548.5941,576.881,606.0654,575.2523,600.5352,587.1686,651.9509,652.2868
Estonia,Agricultural Soils,Emissions (CO2eq) (AR5),kilotonnes,1215.1486,1192.5653,1184.7882,1217.3214,1245.9073,1230.5024,1239.4159,1271.3645,1330.6317,1290.0948,1299.1718,1319.3744,1351.1268,1360.0451,1387.8457,1410.2827,1356.4101,1383.8302,1375.1953,1426.8769,1431.2365
Estonia,Agricultural Soils,Emissions (CO2eq) (AR5),kilotonnes,437.5612,412.0693,385.0501,419.2414,449.7701,451.7957,441.9762,485.6516,537.765,489.2541,492.7205,508.8441,553.3349,548.5941,576.881,606.0654,575.2523,600.5352,587.1686,651.9509,652.2868
Estonia,LULUCF,Emissions (CH4),kilotonnes,0.032,0,0.0976,0.0901,0.0075,0,0.0125,0,0,0,0,0.0025,0.0075,0.005,0.0025,0.0025,0,0.0025,0.0125,0,0
Estonia,LULUCF,Emissions (CH4),kilotonnes,2.7051,2.6653,2.7726,2.6816,2.7016,2.682,2.9301,2.6869,2.7211,2.6912,2.6919,2.6945,2.6962,2.6991,2.7037,2.7196,2.7272,2.7124,2.814,2.7119,
Estonia,LULUCF,Emissions (N2O),kilotonnes,0.0018,0,0.0089,0.0082,0.0007,0,0.0011,0,0,0,0,0.0002,0.0007,0.0005,0.0002,0.0002,0,0.0002,0.0011,0,0
Estonia,LULUCF,Emissions (N2O),kilotonnes,0.9081,0.91,0.9141,0.9167,0.9205,0.9258,0.936,0.9417,0.9505,0.9584,0.9648,0.97,0.9769,0.9831,0.9895,0.9964,1.0029,1.006,1.0096,1.0099,
Estonia,LULUCF,Emissions (CO2),kilotonnes,992.6778,1043.1735,1084.8933,1098.1901,1172.897,1190.5679,1207.1757,1243.3238,1259.7125,1286.309,1358.6882,-3478.0614,-3467.8986,-3454.199,-3469.07,-3469.1305,4597.3378,4595.4826,4632.0004,4620.8387,4635.9334
Estonia,LULUCF,Emissions (CO2),kilotonnes,-4123.0887,-4336.3413,-4033.7033,-5277.6601,-4244.9701,-1503.0154,-2555.0442,-2711.8021,-4122.6111,-3757.1243,-4797.9148,-5098.4176,-4412.6217,-3930.7304,-2115.465,-2990.8887,-3225.2324,-2313.7977,-943.5835,-1084.3664,
Estonia,LULUCF,Emissions (CO2eq) from CH4 (AR5),kilotonnes,0.8968,0,2.7318,2.5214,0.2101,0,0.3503,0,0,0,0,0.0701,0.2102,0.1401,0.07,0.0701,0,0.0701,0.3502,0,0
Estonia,LULUCF,Emissions (CO2eq) from N2O (AR5),kilotonnes,0.4696,0,2.3606,2.1789,0.1816,0,0.3027,0,0,0,0,0.0605,0.1816,0.1211,0.0605,0.0605,0,0.0605,0.3026,0,0
Estonia,LULUCF,Emissions (CO2eq) (AR5),kilotonnes,994.0441,1043.1735,1089.9857,1102.8904,1173.2886,1190.5679,1207.8286,1243.3238,1259.7125,1286.309,1358.6882,-3477.9308,-3467.5068,-3453.9379,-3468.9394,-3469,4597.3378,4595.6132,4632.6532,4620.8387,4635.9334
Estonia,LULUCF,Emissions (CO2eq) (AR5),kilotonnes,-4123.0887,-4336.3413,-4033.7033,-5277.6601,-4244.9701,-1503.0154,-2555.0442,-2711.8021,-4122.6111,-3757.1243,-4797.9148,-5098.4176,-4412.6217,-3930.7304,-2115.465,-2990.8887,-3225.2324,-2313.7977,-943.5835,-1084.3664,
Estonia,AFOLU,Emissions (CH4),kilotonnes,30.062,28.7215,29.5121,28.0687,28.3098,27.8268,27.6786,27.1097,26.7906,26.1122,25.8987,26.0908,26.2124,26.765,27.7354,27.8192,25.3466,25.7051,25.5826,25.7817,25.8099
Estonia,AFOLU,Emissions (N2O),kilotonnes,4.8192,4.723,4.711,4.8208,4.9218,4.8591,4.893,5.0056,5.2275,5.0691,5.1022,5.1807,5.3013,5.3401,5.45,5.5358,5.3105,5.4183,5.3849,5.5809,5.5979
Estonia,AFOLU,Emissions (CO2),kilotonnes,992.6778,1043.1735,1084.8933,1098.1901,1172.897,1190.5679,1207.1757,1243.3238,1259.7125,1286.309,1358.6882,-3478.0614,-3467.8986,-3454.199,-3469.07,-3469.1305,4597.3378,4595.4826,4632.0004,4620.8387,4635.9334
Estonia,AFOLU,Emissions (CO2eq) from CH4 (AR5),kilotonnes,841.7358,804.2006,826.3377,785.9228,792.6747,779.1516,775.0018,759.0704,750.1373,731.1402,725.1634,730.5431,733.9467,749.4198,776.5922,778.9377,709.7034,719.7419,716.3135,721.8867,722.6774
Estonia,AFOLU,Emissions (CO2eq) from N2O (AR5),kilotonnes,1277.0798,1251.602,1248.4095,1277.5161,1304.2738,1287.6623,1296.6565,1326.4805,1385.2871,1343.3047,1352.0915,1372.898,1404.8447,1415.117,1444.2373,1466.9867,1407.29,1435.8383,1427.0077,1478.9356,1483.4538
Estonia,AFOLU,Emissions (CO2eq) (AR5),kilotonnes,3111.4934,3098.9761,3159.6405,3161.629,3269.8455,3257.3818,3278.834,3328.8746,3395.1368,3360.7539,3435.943,-1374.6202,-1329.1071,-1289.6622,-1248.2405,-1223.2061,6714.3313,6751.0628,6775.3216,6821.6609,6842.0646
Estonia,All sectors with LULUCF,Emissions (CH4),kilotonnes,99.452,101.0915,102.6321,103.5687,105.0099,103.4269,100.4787,106.0097,108.7907,108.2122,109.5988,109.3909,126.7125,127.5651,133.3356,133.5193,115.8467,120.8052,116.9828,115.9818,112.4101
Estonia,All sectors with LULUCF,Emissions (N2O),kilotonnes,5.4372,5.4141,5.42,5.5601,5.647,5.605,5.5887,5.7971,5.9809,5.7904,5.9013,5.9398,6.0484,6.1271,6.209,6.2848,6.0564,6.1892,6.1548,6.3038,6.3147
Estonia,All sectors with LULUCF,Emissions (CO2),kilotonnes,18064.6878,18933.0095,17867.7063,20256.0541,20773.433,20314.0859,19875.3917,22083.5208,21100.0015,18551.556,22347.9082,18054.1506,17295.4044,19673.165,18742.259,16939.2125,25977.7158,26311.8306,26242.3814,22358.2127,20623.2594
Estonia,All sectors with LULUCF,Emissions (CO2eq) from F-gases (AR5),kilotonnes,14.6735,17.8803,22.2532,27.5007,34.6916,44.0205,47.9075,53.8352,59.7629,64.233,71.2296,74.6308,78.5178,83.9596,87.8466,90.0816,94.4545,93.58,93.9687,92.0252,76.963
Estonia,All sectors with LULUCF,Emissions (CO2eq) from CH4 (AR5),kilotonnes,2784.6558,2830.5606,2873.6977,2899.9228,2940.2767,2895.9536,2813.404,2968.2727,3046.1398,3029.9426,3068.7659,3062.9458,3547.9496,3571.823,3733.3955,3738.5413,3243.7072,3382.5459,3275.5176,3247.491,3147.482
Estonia,All sectors with LULUCF,Emissions (CO2eq) from N2O (AR5),kilotonnes,1440.8498,1434.7435,1436.2945,1473.4306,1496.4518,1485.3258,1481.017,1536.228,1584.9381,1534.4492,1563.853,1574.0595,1602.8262,1623.672,1645.3723,1665.4717,1604.9535,1640.1268,1631.0312,1670.5041,1673.4058
Estonia,All sectors with LULUCF,Emissions (CO2eq) (AR5),kilotonnes,22304.8669,23216.1939,22199.9517,24656.9082,25244.8531,24739.3857,24217.7202,26641.8566,25790.8422,23180.1807,27051.7567,22765.7867,22524.6981,24952.6195,24208.8734,22433.3071,30920.8311,31428.0832,31242.8989,27368.2329,25521.1102
Estonia,All sectors without LULUCF,Emissions (CH4),kilotonnes,99.42,101.0915,102.5345,103.4786,105.0024,103.4269,100.4662,106.0097,108.7907,108.2122,109.5988,109.3884,126.705,127.5601,133.3331,133.5168,115.8467,120.8027,116.9703,115.9818,112.4101
Estonia,All sectors without LULUCF,Emissions (N2O),kilotonnes,5.4354,5.4141,5.4111,5.5519,5.6463,5.605,5.5876,5.7971,5.9809,5.7904,5.9013,5.9396,6.0477,6.1266,6.2087,6.2846,6.0564,6.1889,6.1537,6.3038,6.3147
Estonia,All sectors without LULUCF,Emissions (CO2),kilotonnes,17072.01,17889.836,16782.813,19157.864,19600.536,19123.518,18668.216,20840.197,19840.289,17265.247,20989.22,21532.212,20763.303,23127.364,22211.329,20408.343,21380.378,21716.348,21610.381,17737.374,15987.326
Estonia,All sectors without LULUCF,Emissions (CO2eq) from F-gases (AR5),kilotonnes,14.6735,17.8803,22.2532,27.5007,34.6916,44.0205,47.9075,53.8352,59.7629,64.233,71.2296,74.6308,78.5178,83.9596,87.8466,90.0816,94.4545,93.58,93.9687,92.0252,76.963
Estonia,All sectors without LULUCF,Emissions (CO2eq) from CH4 (AR5),kilotonnes,2783.7591,2830.5606,2870.9659,2897.4013,2940.0666,2895.9536,2813.0538,2968.2727,3046.1398,3029.9426,3068.7659,3062.8758,3547.7395,3571.6829,3733.3255,3738.4712,3243.7072,3382.4758,3275.1675,3247.491,3147.482
Estonia,All sectors without LULUCF,Emissions (CO2eq) from N2O (AR5),kilotonnes,1440.3802,1434.7435,1433.9339,1471.2517,1496.2703,1485.3258,1480.7143,1536.228,1584.9381,1534.4492,1563.853,1573.999,1602.6446,1623.5509,1645.3118,1665.4112,1604.9535,1640.0662,1630.7286,1670.5041,1673.4058
Estonia,All sectors without LULUCF,Emissions (CO2eq) (AR5),kilotonnes,21310.8228,22173.0204,21109.9659,23554.0177,24071.5645,23548.8179,23009.8916,25398.5329,24531.1298,21893.8717,25693.0685,26243.7175,25992.2049,28406.5574,27677.8129,25902.3071,26323.4933,26832.47,26610.2457,22747.3943,20885.1768
Eswatini,Crop Residues,Direct emissions (N2O),kilotonnes,0.0199,0.0155,0.0144,0.0145,0.0134,0.0144,0.0129,0.0082,0.013,0.0148,0.0168,0.0149,0.0161,0.0222,0.0222,0.0163,0.008,0.0167,0.0216,0.0185,0.0171
Eswatini,Crop Residues,Indirect emissions (N2O),kilotonnes,0.0045,0.0035,0.0032,0.0033,0.003,0.0032,0.0029,0.0018,0.0029,0.0033,0.0038,0.0033,0.0036,0.005,0.005,0.0037,0.0018,0.0038,0.0049,0.0042,0.0039
Eswatini,Crop Residues,Emissions (N2O),kilotonnes,0.0243,0.019,0.0176,0.0178,0.0165,0.0177,0.0158,0.01,0.016,0.0181,0.0206,0.0182,0.0197,0.0272,0.0271,0.02,0.0098,0.0205,0.0264,0.0227,0.021
Eswatini,Crop Residues,Emissions (CO2eq) from N2O (AR5),kilotonnes,6.4439,5.0369,4.6656,4.7222,4.3647,4.6807,4.1965,2.6564,4.2353,4.7934,5.4699,4.8304,5.2167,7.2009,7.193,5.2887,2.5996,5.421,7.0044,6.0068,5.5623
Eswatini,Crop Residues,Emissions (CO2eq) (AR5),kilotonnes,6.4439,5.0369,4.6656,4.7222,4.3647,4.6807,4.1965,2.6564,4.2353,4.7934,5.4699,4.8304,5.2167,7.2009,7.193,5.2887,2.5996,5.421,7.0044,6.0068,5.5623
Eswatini,Rice Cultivation,Emissions (CH4),kilotonnes,0.0035,0.0045,0.005,0.0059,0.007,0.0083,0.0094,0.0105,0.0124,0.0125,0.0136,0.0148,0.0159,0.017,0.0181,0.0188,0.0193,0.0198,0.021,0.0211,0.0214
Eswatini,Rice Cultivation,Emissions (CO2eq) from CH4 (AR5),kilotonnes,0.098,0.1254,0.1411,0.1646,0.196,0.2313,0.2626,0.294,0.3469,0.3508,0.3802,0.4136,0.4449,0.4763,0.5076,0.5253,0.539,0.5547,0.588,0.5919,0.5978
Eswatini,Rice Cultivation,Emissions (CO2eq) (AR5),kilotonnes,0.098,0.1254,0.1411,0.1646,0.196,0.2313,0.2626,0.294,0.3469,0.3508,0.3802,0.4136,0.4449,0.4763,0.5076,0.5253,0.539,0.5547,0.588,0.5919,0.5978
Eswatini,Burning - Crop residues,Emissions (CH4),kilotonnes,0.2494,0.2285,0.2653,0.2679,0.2351,0.2421,0.2189,0.2201,0.2547,0.2493,0.2834,0.2477,0.2633,0.3337,0.3346,0.2763,0.1742,0.2854,0.345,0.3051,0.2877
Eswatini,Burning - Crop residues,Emissions (CH4),kilotonnes,,,,,,,,,,,,,,,,,,,,,
Eswatini,Burning - Crop residues,Emissions (N2O),kilotonnes,0.0065,0.0059,0.0069,0.0069,0.0061,0.0063,0.0057,0.0057,0.0066,0.0065,0.0073,0.0064,0.0068,0.0087,0.0087,0.0072,0.0045,0.0074,0.0089,0.0079,0.0075
Eswatini,Burning - Crop residues,Emissions (N2O),kilotonnes,,,,,,,,,,,,,,,,,,,,,
Eswatini,Burning - Crop residues,Emissions (CO2eq) from CH4 (AR5),kilotonnes,6.9828,6.3971,7.4274,7.5006,6.5823,6.7797,6.1282,6.1637,7.133,6.9812,7.9357,6.9352,7.3734,9.3436,9.3693,7.7361,4.8777,7.9925,9.6593,8.5425,8.0566
Eswatini,Burning - Crop residues,Emissions (CO2eq) from CH4 (AR5),kilotonnes,,,,,,,,,,,,,,,,,,,,,
Eswatini,Burning - Crop residues,Emissions (CO2eq) from N2O (AR5),kilotonnes,1.7134,1.5697,1.8225,1.8404,1.6151,1.6635,1.5037,1.5124,1.7502,1.713,1.9472,1.7017,1.8092,2.2926,2.299,1.8982,1.1968,1.9611,2.3701,2.0961,1.9769
Eswatini,Burning - Crop residues,Emissions (CO2eq) from N2O (AR5),kilotonnes,,,,,,,,,,,,,,,,,,,,,
Eswatini,Burning - Crop residues,Emissions (CO2eq) (AR5),kilotonnes,8.6962,7.9668,9.2498,9.341,8.1974,8.4432,7.6318,7.6761,8.8832,8.6942,9.8829,8.6369,9.1826,11.6362,11.6683,9.6343,6.0745,9.9536,12.0294,10.6385,10.0335
Eswatini,Burning - Crop residues,Emissions (CO2eq) (AR5),kilotonnes,,,,,,,,,,,,,,,,,,,,,
Eswatini,Enteric Fermentation,Emissions (CH4),kilotonnes,22.635,19.8486,20.3062,22.4248,22.6224,22.8061,21.6541,21.8979,21.9889,22.0409,23.0152,23.1665,23.3302,23.0108,22.9434,22.7283,22.4919,22.6418,22.8796,22.9459,22.9874
Eswatini,Enteric Fermentation,Emissions (CH4),kilotonnes,,,,,,,,,,,,,,,,,,,,,
Eswatini,Enteric Fermentation,Emissions (CO2eq) from CH4 (AR5),kilotonnes,633.7794,555.7605,568.5725,627.8942,633.428,638.5708,606.3148,613.1412,615.6878,617.1438,644.4255,648.6617,653.245,644.3026,642.4153,636.3915,629.7737,633.9713,640.6288,642.4848,643.6484
Eswatini,Enteric Fermentation,Emissions (CO2eq) from CH4 (AR5),kilotonnes,,,,,,,,,,,,,,,,,,,,,
Eswatini,Enteric Fermentation,Emissions (CO2eq) (AR5),kilotonnes,633.7794,555.7605,568.5725,627.8942,633.428,638.5708,606.3148,613.1412,615.6878,617.1438,644.4255,648.6617,653.245,644.3026,642.4153,636.3915,629.7737,633.9713,640.6288,642.4848,643.6484
Eswatini,Enteric Fermentation,Emissions (CO2eq) (AR5),kilotonnes,,,,,,,,,,,,,,,,,,,,,
Eswatini,Manure Management,Emissions (CH4),kilotonnes,0.7697,0.6915,0.7015,0.7717,0.7813,0.7903,0.7505,0.758,0.7466,0.7464,0.7906,0.7986,0.8049,0.7975,0.7955,0.7887,0.7811,0.7895,0.7964,0.799,0.8008
Eswatini,Manure Management,Emissions (N2O),kilotonnes,0.0259,0.0246,0.0261,0.0285,0.0286,0.0296,0.0301,0.0311,0.026,0.026,0.0275,0.0283,0.0286,0.0289,0.0289,0.0288,0.0288,0.0291,0.0291,0.0292,0.0293
Eswatini,Manure Management,Emissions (N2O),kilotonnes,,,,,,,,,,,,,,,,,,,,,
Eswatini,Manure Management,Emissions (CO2eq) from CH4 (AR5),kilotonnes,21.5514,19.3607,19.6422,21.6064,21.8772,22.1292,21.0139,21.2235,20.9044,20.9,22.1365,22.3604,22.5385,22.331,22.2741,22.0836,21.8713,22.1069,22.2982,22.3727,22.4225
Eswatini,Manure Management,Emissions (CO2eq) from N2O (AR5),kilotonnes,6.8612,6.5183,6.9047,7.563,7.5716,7.8451,7.981,8.2542,6.8848,6.9006,7.2764,7.4871,7.5752,7.6551,7.6464,7.6266,7.6228,7.7081,7.7185,7.7449,7.77
Eswatini,Manure Management,Emissions (CO2eq) from N2O (AR5),kilotonnes,,,,,,,,,,,,,,,,,,,,,
Eswatini,Manure Management,Emissions (CO2eq) (AR5),kilotonnes,28.4125,25.879,26.5469,29.1694,29.4488,29.9742,28.9949,29.4777,27.7892,27.8006,29.4129,29.8474,30.1136,29.9861,29.9205,29.7102,29.4941,29.815,30.0168,30.1175,30.1924
Eswatini,Manure Management,Emissions (CO2eq) (AR5),kilotonnes,,,,,,,,,,,,,,,,,,,,,
Eswatini,Manure left on Pasture,Direct emissions (N2O),kilotonnes,0.9024,0.7984,0.8119,0.8914,0.9002,0.908,0.8601,0.8687,0.8718,0.8731,0.9152,0.9215,0.9281,0.9165,0.9139,0.9052,0.8956,0.9031,0.9119,0.9148,0.9165
Eswatini,Manure left on Pasture,Indirect emissions (N2O),kilotonnes,0.215,0.1929,0.1922,0.2054,0.2072,0.2089,0.1987,0.2007,0.2014,0.2016,0.2108,0.212,0.2133,0.2109,0.2104,0.2084,0.2063,0.2076,0.2095,0.2102,0.2104
Eswatini,Manure left on Pasture,Emissions (N2O),kilotonnes,1.1174,0.9913,1.0041,1.0968,1.1075,1.1168,1.0588,1.0693,1.0732,1.0747,1.126,1.1335,1.1414,1.1274,1.1243,1.1136,1.1019,1.1107,1.1214,1.125,1.127
Eswatini,Manure left on Pasture,Emissions (CO2eq) from N2O (AR5),kilotonnes,296.1227,262.7076,266.0934,290.6503,293.4789,295.9607,280.5778,283.3748,284.4013,284.7922,298.3806,300.3765,302.4685,298.7614,297.9383,295.1019,292.0052,294.3238,297.1628,298.1341,298.6428
Eswatini,Manure left on Pasture,Emissions (CO2eq) (AR5),kilotonnes,296.1227,262.7076,266.0934,290.6503,293.4789,295.9607,280.5778,283.3748,284.4013,284.7922,298.3806,300.3765,302.4685,298.7614,297.9383,295.1019,292.0052,294.3238,297.1628,298.1341,298.6428
Eswatini,Manure applied to Soils,Direct emissions (N2O),kilotonnes,0.0274,0.0257,0.0277,0.0292,0.0288,0.0296,0.0291,0.0299,0.0277,0.028,0.0284,0.029,0.0293,0.0293,0.0293,0.0291,0.029,0.0294,0.0295,0.0296,0.0297
Eswatini,Manure applied to Soils,Indirect emissions (N2O),kilotonnes,0.0116,0.0109,0.0118,0.0124,0.0123,0.0126,0.0124,0.0127,0.0118,0.0119,0.0121,0.0123,0.0124,0.0125,0.0125,0.0124,0.0123,0.0125,0.0125,0.0126,0.0126
Eswatini,Manure applied to Soils,Emissions (N2O),kilotonnes,0.039,0.0366,0.0394,0.0416,0.0411,0.0421,0.0414,0.0427,0.0395,0.0399,0.0405,0.0413,0.0417,0.0418,0.0417,0.0415,0.0413,0.0419,0.042,0.0422,0.0423
Eswatini,Manure applied to Soils,Emissions (CO2eq) from N2O (AR5),kilotonnes,10.346,9.6989,10.4439,11.0337,10.8868,11.1635,10.9811,11.3068,10.4649,10.5699,10.743,10.9469,11.0514,11.078,11.063,10.9999,10.9469,11.0966,11.1365,11.1788,11.2109
Eswatini,Manure applied to Soils,Emissions (CO2eq) (AR5),kilotonnes,10.346,9.6989,10.4439,11.0337,10.8868,11.1635,10.9811,11.3068,10.4649,10.5699,10.743,10.9469,11.0514,11.078,11.063,10.9999,10.9469,11.0966,11.1365,11.1788,11.2109
Eswatini,Drained organic soils,Emissions (CO2eq) (AR5),kilotonnes,0,0,0,0,0,0,0,0,0,0,0,0,0,0,0,0,0,0,0,0,0
Eswatini,Drained organic soils (CO2),Emissions (CO2),kilotonnes,0,0,0,0,0,0,0,0,0,0,0,0,0,0,0,0,0,0,0,0,0
Eswatini,Drained organic soils (CO2),Emissions (CO2eq) (AR5),kilotonnes,0,0,0,0,0,0,0,0,0,0,0,0,0,0,0,0,0,0,0,0,0
Eswatini,Drained organic soils (N2O),Emissions (N2O),kilotonnes,0,0,0,0,0,0,0,0,0,0,0,0,0,0,0,0,0,0,0,0,0
Eswatini,Drained organic soils (N2O),Emissions (CO2eq) from N2O (AR5),kilotonnes,0,0,0,0,0,0,0,0,0,0,0,0,0,0,0,0,0,0,0,0,0
Eswatini,Drained organic soils (N2O),Emissions (CO2eq) (AR5),kilotonnes,0,0,0,0,0,0,0,0,0,0,0,0,0,0,0,0,0,0,0,0,0
Eswatini,On-farm energy use,Emissions (CH4),kilotonnes,0.0086,0.0094,0.0098,0.0105,0.012,0.0128,0.014,0.0158,0.0176,0.0192,0.021,0.0227,0.0262,0.028,0.029,0.0326,0.0375,0.0035,0.005,0.0016,0.0016
Eswatini,On-farm energy use,Emissions (N2O),kilotonnes,0.0118,0.0103,0.0095,0.0084,0.0075,0.0065,0.0061,0.0064,0.0067,0.0066,0.0067,0.0067,0.0068,0.0068,0.002,0.002,0.012,0.0116,0.0075,0.0086,0.0086
Eswatini,On-farm energy use,Emissions (CO2),kilotonnes,46.7989,43.2462,40.5848,37.5878,35.6073,32.5749,31.8371,33.3849,34.9654,35.5587,36.5646,37.708,40.4298,41.5728,30.909,33.3067,60.9952,31.6833,23.7072,23.4948,23.4948
Eswatini,On-farm energy use,Emissions (CO2eq) from CH4 (AR5),kilotonnes,0.2408,0.2633,0.2743,0.2942,0.3362,0.3576,0.3931,0.4427,0.4922,0.5388,0.5868,0.6354,0.7335,0.7832,0.8115,0.9115,1.0509,0.0987,0.1398,0.0451,0.0451
Eswatini,On-farm energy use,Emissions (CO2eq) from N2O (AR5),kilotonnes,3.1193,2.7419,2.5149,2.2137,1.9935,1.7226,1.6236,1.6984,1.7751,1.7537,1.765,1.7763,1.7992,1.8103,0.5181,0.5408,3.1706,3.064,1.9804,2.2823,2.2823
Eswatini,On-farm energy use,Emissions (CO2eq) (AR5),kilotonnes,50.159,46.2514,43.374,40.0957,37.9371,34.6551,33.8538,35.526,37.2327,37.8512,38.9164,40.1196,42.9625,44.1664,32.2386,34.759,65.2167,34.846,25.8274,25.8223,25.8223
Eswatini,Forestland,Emissions (CO2),kilotonnes,-486.299,-482.284,-482.284,-482.284,-482.284,-482.284,-482.284,-482.284,-482.284,-482.284,-482.284,-483.2281,-483.2281,-483.2281,-483.2281,-483.2281,-475.613,-475.613,-475.613,-475.613,-475.613
Eswatini,Forestland,Emissions (CO2eq) (AR5),kilotonnes,-486.299,-482.284,-482.284,-482.284,-482.284,-482.284,-482.284,-482.284,-482.284,-482.284,-482.284,-483.2281,-483.2281,-483.2281,-483.2281,-483.2281,-475.613,-475.613,-475.613,-475.613,-475.613
Eswatini,Net Forest conversion,Emissions (CO2),kilotonnes,356.3342,352.6852,352.6852,352.6852,352.6852,352.6852,352.6852,352.6852,352.6852,352.6852,352.6852,349.5296,349.5296,349.5296,349.5296,349.5296,347.6799,347.6799,347.6799,347.6799,347.6799
Eswatini,Net Forest conversion,Emissions (CO2eq) (AR5),kilotonnes,356.3342,352.6852,352.6852,352.6852,352.6852,352.6852,352.6852,352.6852,352.6852,352.6852,352.6852,349.5296,349.5296,349.5296,349.5296,349.5296,347.6799,347.6799,347.6799,347.6799,347.6799
Eswatini,Savanna fires,Emissions (CH4),kilotonnes,0.4909,0.5352,1.0338,0.7881,0.6422,0.9503,0.333,1.4963,1.1429,0.5211,1.2427,0.9372,0.9455,1.0231,0.9985,0.4117,0.2616,0.4451,0.4188,1.2782,0.4444
Eswatini,Savanna fires,Emissions (N2O),kilotonnes,0.0448,0.0489,0.0944,0.072,0.0586,0.0868,0.0304,0.1366,0.1043,0.0476,0.1135,0.0856,0.0863,0.0934,0.0912,0.0376,0.0239,0.0406,0.0382,0.1167,0.0406
Eswatini,Savanna fires,Emissions (CO2eq) from CH4 (AR5),kilotonnes,13.7465,14.9845,28.9459,22.0672,17.9806,26.6094,9.323,41.8974,31.9999,14.5906,34.7957,26.2407,26.4738,28.6475,27.9591,11.5271,7.3257,12.4626,11.7273,35.7893,12.444
Eswatini,Savanna fires,Emissions (CO2eq) from N2O (AR5),kilotonnes,11.8786,12.9486,25.0131,19.069,15.5376,22.994,8.0563,36.2048,27.6521,12.6082,30.068,22.6754,22.8768,24.7552,24.1603,9.9609,6.3304,10.7693,10.1339,30.9266,10.7532
Eswatini,Savanna fires,Emissions (CO2eq) (AR5),kilotonnes,25.6252,27.9331,53.959,41.1362,33.5181,49.6033,17.3793,78.1022,59.652,27.1988,64.8636,48.9161,49.3506,53.4027,52.1195,21.488,13.6561,23.2319,21.8612,66.716,23.1972
Eswatini,Fires in organic soils,Emissions (CH4),kilotonnes,0,0,0,0,0,0,0,0,0,0,0,0,0,0,0,0,0,0,0,0,0
Eswatini,Fires in organic soils,Emissions (CO2),kilotonnes,0,0,0,0,0,0,0,0,0,0,0,0,0,0,0,0,0,0,0,0,0
Eswatini,Fires in organic soils,Emissions (CO2eq) from CH4 (AR5),kilotonnes,0,0,0,0,0,0,0,0,0,0,0,0,0,0,0,0,0,0,0,0,0
Eswatini,Fires in organic soils,Emissions (CO2eq) (AR5),kilotonnes,0,0,0,0,0,0,0,0,0,0,0,0,0,0,0,0,0,0,0,0,0
Eswatini,Forest fires,Emissions (CH4),kilotonnes,1.5277,0.2161,0.1143,0.4272,0.3875,0.2633,0.077,2.645,1.6393,0.149,0.5216,0.5489,0.4024,0.4148,0.3725,0.2012,0.2881,0.1441,0.082,0.6656,0.1465
Eswatini,Forest fires,Emissions (N2O),kilotonnes,0.0517,0.0197,0.0104,0.039,0.0354,0.024,0.007,0.2415,0.1497,0.0136,0.0476,0.0501,0.0367,0.0379,0.034,0.0184,0.0263,0.0132,0.0075,0.0608,0.0134
Eswatini,Forest fires,Emissions (CO2eq) from CH4 (AR5),kilotonnes,42.7755,6.0505,3.1991,11.9613,10.8486,7.3715,2.1558,74.061,45.9004,4.1725,14.6043,15.3692,11.2661,11.6136,10.4312,5.6328,8.0667,4.0336,2.2949,18.6381,4.1031
Eswatini,Forest fires,Emissions (CO2eq) from N2O (AR5),kilotonnes,13.7,5.2284,2.7644,10.3361,9.3746,6.3699,1.8629,63.9984,39.6639,3.6056,12.6201,13.281,9.7354,10.0357,9.014,4.8675,6.9707,3.4855,1.9831,16.1058,3.5456
Eswatini,Forest fires,Emissions (CO2eq) (AR5),kilotonnes,56.4755,11.2789,5.9635,22.2975,20.2233,13.7414,4.0186,138.0595,85.5643,7.7781,27.2244,28.6501,21.0015,21.6493,19.4452,10.5003,15.0373,7.5191,4.278,34.7439,7.6487
Eswatini,Fires in humid tropical forests,Emissions (CH4),kilotonnes,0,0,0,0,0,0,0,0,0,0,0,0,0,0,0,0,0,0,0,0,0
Eswatini,Fires in humid tropical forests,Emissions (N2O),kilotonnes,0,0,0,0,0,0,0,0,0,0,0,0,0,0,0,0,0,0,0,0,0
Eswatini,Fires in humid tropical forests,Emissions (CO2eq) from CH4 (AR5),kilotonnes,0,0,0,0,0,0,0,0,0,0,0,0,0,0,0,0,0,0,0,0,0
Eswatini,Fires in humid tropical forests,Emissions (CO2eq) from N2O (AR5),kilotonnes,0,0,0,0,0,0,0,0,0,0,0,0,0,0,0,0,0,0,0,0,0
Eswatini,Fires in humid tropical forests,Emissions (CO2eq) (AR5),kilotonnes,0,0,0,0,0,0,0,0,0,0,0,0,0,0,0,0,0,0,0,0,0
Eswatini,Waste - agri-food systems,Emissions (CH4),kilotonnes,4.3924,4.4586,4.6509,5.0208,4.8914,5.085,5.1073,5.1926,5.3262,5.372,5.4549,5.6412,5.7593,5.9159,5.988,5.3218,5.3204,5.3684,5.4165,5.4537,5.4894
Eswatini,Waste - agri-food systems,Emissions (N2O),kilotonnes,0.0259,0.0267,0.0294,0.0312,0.0348,0.0339,0.0326,0.0332,0.0332,0.0345,0.0359,0.0368,0.0381,0.04,0.0418,0.0422,0.0438,0.0457,0.047,0.0482,0.0494
Eswatini,Waste - agri-food systems,Emissions (CO2),kilotonnes,0,0,0,0,0,0,0,0,0,0,0,0,0,0,0,0,0,0,0,0,0
Eswatini,Waste - agri-food systems,Emissions (CO2eq) from CH4 (AR5),kilotonnes,122.9882,124.842,130.2256,140.5813,136.959,142.3808,143.0048,145.3917,149.1337,150.4154,152.7365,157.9526,161.2598,165.6458,167.6639,149.0104,148.9715,150.3146,151.6629,152.7049,153.7021
Eswatini,Waste - agri-food systems,Emissions (CO2eq) from N2O (AR5),kilotonnes,6.8716,7.0698,7.7895,8.278,9.2093,8.9842,8.6348,8.799,8.7976,9.1538,9.5072,9.7546,10.0938,10.6122,11.0728,11.1717,11.5965,12.1145,12.454,12.7736,13.0941
Eswatini,Waste - agri-food systems,Emissions (CO2eq) (AR5),kilotonnes,129.8597,131.9118,138.0152,148.8592,146.1683,151.3649,151.6396,154.1907,157.9313,159.5692,162.2437,167.7072,171.3537,176.258,178.7367,160.1822,160.5679,162.4291,164.1169,165.4784,166.7962
Eswatini,On-farm electricity use,Emissions (CH4),kilotonnes,0.162,0.174,0.192,0.1879,0.2431,0.1877,0.1852,0.2194,0.2151,0.2295,0.2619,0.2533,0.2773,0.2617,0.2892,0.3006,0.2985,0.3828,0.4284,0.4563,0.4563
Eswatini,On-farm electricity use,Emissions (N2O),kilotonnes,0.0008,0.0009,0.0011,0.001,0.0013,0.001,0.001,0.0012,0.0011,0.0012,0.0014,0.0014,0.0015,0.0014,0.0015,0.0017,0.0016,0.002,0.0023,0.0025,0.0025
Eswatini,On-farm electricity use,Emissions (CO2),kilotonnes,54.2983,64.1358,68.3127,66.8994,85.1754,69.2263,73.1142,84.0534,82.908,88.2734,102.2919,98.908,108.3582,99.3221,109.7507,114.077,113.2573,145.2716,162.5767,173.142,173.142
Eswatini,On-farm electricity use,Emissions (CO2eq) from CH4 (AR5),kilotonnes,4.536,4.872,5.376,5.2612,6.8068,5.2556,5.1856,6.1432,6.0228,6.426,7.3332,7.0924,7.7644,7.3276,8.0976,8.4168,8.358,10.7184,11.9952,12.7764,12.7764
Eswatini,On-farm electricity use,Emissions (CO2eq) from N2O (AR5),kilotonnes,0.212,0.2385,0.2915,0.265,0.3445,0.265,0.265,0.318,0.2915,0.318,0.371,0.371,0.3975,0.371,0.3975,0.4505,0.424,0.53,0.6095,0.6625,0.6625
Eswatini,On-farm electricity use,Emissions (CO2eq) (AR5),kilotonnes,59.0463,69.2463,73.9802,72.4256,92.3267,74.7469,78.5648,90.5146,89.2223,95.0174,109.9961,106.3714,116.5201,107.0207,118.2458,122.9443,122.0393,156.52,175.1814,186.5809,186.5809
Eswatini,Food Processing,Emissions (CH4),kilotonnes,1.4083,1.2051,1.1833,0.8821,0.7954,0.7989,0.8041,0.8047,0.8225,0.8247,0.8446,0.8484,0.8657,0.8706,0.9996,1.0464,1.0568,0.979,1.0484,1.0484,0.9896
Eswatini,Food Processing,Emissions (N2O),kilotonnes,0.0102,0.0101,0.0098,0.0069,0.0065,0.0065,0.0066,0.0067,0.0066,0.0063,0.0063,0.0066,0.0065,0.0072,0.0069,0.0084,0.01,0.0088,0.0092,0.0092,0.0086
Eswatini,Food Processing,Emissions (CO2),kilotonnes,649.3802,694.1532,629.5293,459.9404,424.675,440.6453,462.8285,459.9459,472.3833,444.7366,448.6485,453.0125,460.0248,498.6291,479.5044,578.7654,688.675,610.4889,642.075,642.075,586.3279
Eswatini,Food Processing,Emissions (CO2eq) from CH4 (AR5),kilotonnes,39.4324,33.7428,33.1324,24.6988,22.2712,22.3692,22.5148,22.5316,23.03,23.0916,23.6488,23.7552,24.2396,24.3768,27.9888,29.2992,29.5904,27.412,29.3552,29.3552,27.7077
Eswatini,Food Processing,Emissions (CO2eq) from N2O (AR5),kilotonnes,2.703,2.6765,2.597,1.8285,1.7225,1.7225,1.749,1.7755,1.749,1.6695,1.6695,1.749,1.7225,1.908,1.8285,2.226,2.65,2.332,2.438,2.438,2.2889
Eswatini,Food Processing,Emissions (CO2eq) (AR5),kilotonnes,691.5156,730.5725,665.2587,486.4677,448.6687,464.737,487.0923,484.253,497.1623,469.4977,473.9668,478.5167,485.9869,524.9139,509.3217,610.2906,720.9154,640.2329,673.8682,673.8682,616.3246
Eswatini,Food Packaging,Emissions (CH4),kilotonnes,0,0,0,0,0,0,0,0,0,0,0,0,0,0,0,0,0,0,0,0,0
Eswatini,Food Packaging,Emissions (N2O),kilotonnes,0,0,0,0,0,0,0,0,0,0,0,0,0,0,0,0,0,0,0,0,0
Eswatini,Food Packaging,Emissions (CO2),kilotonnes,0.2831,0.2831,0.2831,0.2831,0.2831,0.2831,0.2831,0.2831,0.2831,0.2831,0.2831,0.2831,0.2831,0.2831,0.2831,0.2831,0.2831,0.2831,0.2831,0.3842,0.3508
Eswatini,Food Packaging,Emissions (CO2eq) from CH4 (AR5),kilotonnes,0,0,0,0,0,0,0,0,0,0,0,0,0,0,0,0,0,0,0,0,0
Eswatini,Food Packaging,Emissions (CO2eq) from N2O (AR5),kilotonnes,0,0,0,0,0,0,0,0,0,0,0,0,0,0,0,0,0,0,0,0,0
Eswatini,Food Packaging,Emissions (CO2eq) (AR5),kilotonnes,0.2831,0.2831,0.2831,0.2831,0.2831,0.2831,0.2831,0.2831,0.2831,0.2831,0.2831,0.2831,0.2831,0.2831,0.2831,0.2831,0.2831,0.2831,0.2831,0.3842,0.3508
Eswatini,Food Retail,Emissions (CH4),kilotonnes,0.0067,0.0084,0.0134,0.0146,0.0154,0.0156,0.016,0.017,0.0176,0.0171,0.0173,0.017,0.012,0.0157,0.0173,0.018,0.0181,0.0191,0.0211,0.0204,0.0193
Eswatini,Food Retail,Emissions (N2O),kilotonnes,0,0,0.0001,0.0001,0.0001,0.0001,0.0001,0.0001,0.0001,0.0001,0.0001,0.0001,0.0001,0.0001,0.0001,0.0001,0.0002,0.0001,0.0002,0.0001,0.0001
Eswatini,Food Retail,Emissions (CO2),kilotonnes,2.2524,3.0962,4.7819,5.2093,5.3855,5.7568,6.3088,6.5017,6.7714,6.5863,6.7373,6.6185,4.6738,6.2843,7.5697,7.4995,24.0023,10.1631,24.7742,13.1466,12.0052
Eswatini,Food Retail,Emissions (CO2eq) from CH4 (AR5),kilotonnes,0.1876,0.2352,0.3752,0.4088,0.4312,0.4368,0.448,0.476,0.4928,0.4788,0.4844,0.476,0.336,0.4396,0.4844,0.504,0.5068,0.5348,0.5908,0.5712,0.5391
Eswatini,Food Retail,Emissions (CO2eq) from N2O (AR5),kilotonnes,0,0,0.0265,0.0265,0.0265,0.0265,0.0265,0.0265,0.0265,0.0265,0.0265,0.0265,0.0265,0.0265,0.0265,0.0265,0.053,0.0265,0.053,0.0265,0.0249
Eswatini,Food Retail,Emissions (CO2eq) (AR5),kilotonnes,2.44,3.3314,5.1836,5.6446,5.8432,6.2201,6.7833,7.0042,7.2907,7.0916,7.2482,7.121,5.0363,6.7504,8.0806,8.03,24.5621,10.7244,25.418,13.7443,12.5692
Eswatini,Food Household Consumption,Emissions (CH4),kilotonnes,0.0787,0.1333,0.1116,0.1038,0.0852,0.0994,0.112,0.1173,0.1318,0.1305,0.1445,0.1437,0.1482,0.1458,0.1592,0.1653,0.173,0.1936,0.1922,0.1865,0.176
Eswatini,Food Household Consumption,Emissions (N2O),kilotonnes,0.0005,0.0008,0.0007,0.0006,0.0005,0.0006,0.0007,0.0007,0.0007,0.0007,0.0008,0.0008,0.0008,0.0008,0.0009,0.0009,0.001,0.001,0.001,0.001,0.0009
Eswatini,Food Household Consumption,Emissions (CO2),kilotonnes,49.712,65.6174,56.6999,54.2023,46.8529,53.0543,60.3883,59.3097,62.1948,60.8282,59.5642,64.3351,65.1122,62.4521,69.7879,71.748,72.4338,74.9953,74.108,75.8944,69.305
Eswatini,Food Household Consumption,Emissions (CO2eq) from CH4 (AR5),kilotonnes,2.2036,3.7324,3.1248,2.9064,2.3856,2.7832,3.136,3.2844,3.6904,3.654,4.046,4.0236,4.1496,4.0824,4.4576,4.6284,4.844,5.4208,5.3816,5.222,4.9289
Eswatini,Food Household Consumption,Emissions (CO2eq) from N2O (AR5),kilotonnes,0.1325,0.212,0.1855,0.159,0.1325,0.159,0.1855,0.1855,0.1855,0.1855,0.212,0.212,0.212,0.212,0.2385,0.2385,0.265,0.265,0.265,0.265,0.2488
Eswatini,Food Household Consumption,Emissions (CO2eq) (AR5),kilotonnes,52.0481,69.5618,60.0102,57.2677,49.371,55.9965,63.7098,62.7796,66.0707,64.6677,63.8222,68.5707,69.4738,66.7465,74.484,76.6149,77.5428,80.6811,79.7546,81.3814,74.4827
Eswatini,Food Transport,Emissions (CH4),kilotonnes,0.0052,0.0051,0.0051,0.0051,0.005,0.0049,0.0049,0.0049,0.005,0.0051,0.005,0.0054,0.0057,0.0062,0.0064,0.0069,0.0081,0.0076,0.008,0.0074,0.007
Eswatini,Food Transport,Emissions (N2O),kilotonnes,0.0007,0.0007,0.0007,0.0007,0.0007,0.0007,0.0007,0.0007,0.0007,0.0007,0.0008,0.0008,0.0009,0.001,0.0011,0.0012,0.0012,0.0012,0.0012,0.0012,0.0011
Eswatini,Food Transport,Emissions (CO2),kilotonnes,28.5815,28.228,28.9795,29.5195,28.8775,29.501,29.4955,30.274,31.284,31.2665,30.963,31.1794,33.0655,35.6177,36.2862,39.157,44.8905,42.5585,44.7803,43.2488,39.4938
Eswatini,Food Transport,Emissions (CO2eq) from CH4 (AR5),kilotonnes,0.1456,0.1428,0.1428,0.1428,0.14,0.1372,0.1372,0.1372,0.14,0.1428,0.14,0.1512,0.1596,0.1736,0.1792,0.1932,0.2268,0.2128,0.224,0.2072,0.1956
Eswatini,Food Transport,Emissions (CO2eq) from N2O (AR5),kilotonnes,0.1855,0.1855,0.1855,0.1855,0.1855,0.1855,0.1855,0.1855,0.1855,0.1855,0.212,0.212,0.2385,0.265,0.2915,0.318,0.318,0.318,0.318,0.318,0.2986
Eswatini,Food Transport,Emissions (CO2eq) (AR5),kilotonnes,28.9126,28.5563,29.3078,29.8478,29.203,29.8237,29.8182,30.5967,31.6095,31.5948,31.315,31.5426,33.4636,36.0563,36.7569,39.6682,45.4353,43.0893,45.3223,43.774,39.9879
Eswatini,Energy,Emissions (CH4),kilotonnes,5.98,5.76,6.41,6.57,6.95,6.91,6.89,7.03,6.96,6.8,4.97,4.75,5.26,5.21,5.18,4.98,4.39,4.35,4.49,3.92,3.7
Eswatini,Energy,Emissions (N2O),kilotonnes,0.0813,0.0848,0.0872,0.0847,0.0841,0.0915,0.0953,0.101,0.101,0.099,0.0828,0.0598,0.0582,0.0652,0.06,0.0615,0.0519,0.0631,0.0664,0.0507,0.0476
Eswatini,Energy,Emissions (CO2),kilotonnes,1210,1100,1080,1010,1000,1010,1020,1050,1040,1070,1020,1020,1190,1540,906,980,1180,987,977,979,894
Eswatini,Energy,Emissions (CO2eq) from CH4 (AR5),kilotonnes,167.44,161.28,179.48,183.96,194.6,193.48,192.92,196.84,194.88,190.4,139.16,133,147.28,145.88,145.04,139.44,122.92,121.8,125.72,109.76,103.6
Eswatini,Energy,Emissions (CO2eq) from N2O (AR5),kilotonnes,21.5445,22.472,23.108,22.4455,22.2865,24.2475,25.2545,26.765,26.765,26.235,21.942,15.847,15.423,17.278,15.9,16.2975,13.7535,16.7215,17.596,13.4355,12.614
Eswatini,Energy,Emissions (CO2eq) (AR5),kilotonnes,1398.9845,1283.752,1282.588,1216.4055,1216.8865,1227.7275,1238.1745,1273.605,1261.645,1286.635,1181.102,1168.847,1352.703,1703.158,1066.94,1135.7375,1316.6735,1125.5215,1120.316,1102.1955,1010.214
Eswatini,IPPU,Emissions (N2O),kilotonnes,0.0214,0.0216,0.0218,0.0219,0.0221,0.0223,0.0226,0.0229,0.0234,0.0238,0.0242,0.0247,0.0252,0.0256,0.0261,0.0266,0.0271,0.0276,0.028,0.0283,0.0288
Eswatini,IPPU,Emissions (CO2),kilotonnes,4.16,4.21,4.36,3.71,4.34,4.16,4.15,4.39,4.13,4.29,4.38,4.61,4.67,5.07,5,4.78,4.84,4.76,4.78,5.02,5.08
Eswatini,IPPU,Emissions (CO2eq) from N2O (AR5),kilotonnes,5.671,5.724,5.777,5.8035,5.8565,5.9095,5.989,6.0685,6.201,6.307,6.413,6.5455,6.678,6.784,6.9165,7.049,7.1815,7.314,7.42,7.4995,7.632
Eswatini,IPPU,Emissions (CO2eq) (AR5),kilotonnes,9.831,9.934,10.137,9.5135,10.1965,10.0695,10.139,10.4585,10.331,10.597,10.793,11.1555,11.348,11.854,11.9165,11.829,12.0215,12.074,12.2,12.5195,12.712
Eswatini,Waste,Emissions (CH4),kilotonnes,16.5,18.4,18.7,17.6,18.4,18.1,17.3,18.1,16.4,13.9,8.49,7.73,7.92,8.09,9.42,9.32,9.51,9.93,10.2,6.07,5.31
Eswatini,Waste,Emissions (N2O),kilotonnes,0.0415,0.042,0.0423,0.0437,0.047,0.0482,0.0476,0.045,0.0429,0.0425,0.0427,0.0435,0.0444,0.0455,0.0474,0.0489,0.05,0.0512,0.0526,0.0497,0.05
Eswatini,Waste,Emissions (CO2eq) from CH4 (AR5),kilotonnes,462,515.2,523.6,492.8,515.2,506.8,484.4,506.8,459.2,389.2,237.72,216.44,221.76,226.52,263.76,260.96,266.28,278.04,285.6,169.96,148.68
Eswatini,Waste,Emissions (CO2eq) from N2O (AR5),kilotonnes,10.9975,11.13,11.2095,11.5805,12.455,12.773,12.614,11.925,11.3685,11.2625,11.3155,11.5275,11.766,12.0575,12.561,12.9585,13.25,13.568,13.939,13.1705,13.25
Eswatini,Waste,Emissions (CO2eq) (AR5),kilotonnes,472.9975,526.33,534.8095,504.3805,527.655,519.573,497.014,518.725,470.5685,400.4625,249.0355,227.9675,233.526,238.5775,276.321,273.9185,279.53,291.608,299.539,183.1305,161.93
Eswatini,Other,Emissions (N2O),kilotonnes,0.0743,0.0785,0.0808,0.0778,0.0755,0.0847,0.0899,0.0978,0.0981,0.095,0.0852,0.0587,0.0583,0.0692,0.0631,0.0658,0.0632,0.0835,0.0883,0.0681,0.0668
Eswatini,Other,Emissions (CO2eq) from N2O (AR5),kilotonnes,19.6895,20.8025,21.412,20.617,20.0075,22.4455,23.8235,25.917,25.9965,25.175,22.578,15.5555,15.4495,18.338,16.7215,17.437,16.748,22.1275,23.3995,18.0465,17.702
Eswatini,Other,Emissions (CO2eq) (AR5),kilotonnes,19.6895,20.8025,21.412,20.617,20.0075,22.4455,23.8235,25.917,25.9965,25.175,22.578,15.5555,15.4495,18.338,16.7215,17.437,16.748,22.1275,23.3995,18.0465,17.702
Eswatini,Farm-gate emissions,Emissions (CH4),kilotonnes,24.1571,21.3176,22.3216,24.2688,24.3,24.8099,22.9798,24.3987,24.163,23.5895,25.3664,25.1874,25.386,25.2102,25.1192,24.2563,23.7657,24.1852,24.4658,25.3509,24.5434
Eswatini,Farm-gate emissions,Direct emissions (N2O),kilotonnes,0.9497,0.8396,0.8539,0.9352,0.9425,0.952,0.9021,0.9068,0.9125,0.9158,0.9605,0.9654,0.9734,0.968,0.9654,0.9506,0.9326,0.9492,0.963,0.9629,0.9633
Eswatini,Farm-gate emissions,Indirect emissions (N2O),kilotonnes,0.2311,0.2073,0.2072,0.2211,0.2225,0.2247,0.214,0.2152,0.2162,0.2168,0.2267,0.2276,0.2293,0.2284,0.2278,0.2245,0.2204,0.2238,0.2268,0.2269,0.2269
Eswatini,Farm-gate emissions,Emissions (N2O),kilotonnes,1.2698,1.1367,1.198,1.272,1.2658,1.3058,1.1884,1.3019,1.2723,1.2194,1.3421,1.32,1.3313,1.3342,1.3238,1.2506,1.2222,1.2617,1.2736,1.3523,1.2762
Eswatini,Farm-gate emissions,Emissions (CO2),kilotonnes,46.7989,43.2462,40.5848,37.5878,35.6073,32.5749,31.8371,33.3849,34.9654,35.5587,36.5646,37.708,40.4298,41.5728,30.909,33.3067,60.9952,31.6833,23.7072,23.4948,23.4948
Eswatini,Farm-gate emissions,Emissions (CO2eq) from CH4 (AR5),kilotonnes,676.399,596.8917,625.0034,679.5272,680.4003,694.6779,643.4356,683.1625,676.5642,660.5053,710.2603,705.2469,710.8091,705.8843,703.3371,679.175,665.4382,677.1867,685.0414,709.8263,687.2144
Eswatini,Farm-gate emissions,Emissions (CO2eq) from N2O (AR5),kilotonnes,336.485,301.2219,317.458,337.0923,335.4482,346.0301,314.9199,345.0078,337.1637,323.1311,355.6501,349.7943,352.797,353.5536,350.8179,331.417,323.8723,334.3439,337.5067,358.3696,338.1984
Eswatini,Farm-gate emissions,Emissions (CO2eq) (AR5),kilotonnes,1059.6829,941.3598,983.0463,1054.2073,1051.4558,1073.2829,990.1926,1061.5552,1048.6934,1019.195,1102.475,1092.7491,1104.0359,1101.0107,1085.064,1043.8987,1050.3058,1043.2139,1046.2553,1091.6907,1048.9076
Eswatini,Land Use change,Emissions (CH4),kilotonnes,0,0,0,0,0,0,0,0,0,0,0,0,0,0,0,0,0,0,0,0,0
Eswatini,Land Use change,Emissions (N2O),kilotonnes,0,0,0,0,0,0,0,0,0,0,0,0,0,0,0,0,0,0,0,0,0
Eswatini,Land Use change,Emissions (CO2),kilotonnes,356.3342,352.6852,352.6852,352.6852,352.6852,352.6852,352.6852,352.6852,352.6852,352.6852,352.6852,349.5296,349.5296,349.5296,349.5296,349.5296,347.6799,347.6799,347.6799,347.6799,347.6799
Eswatini,Land Use change,Emissions (CO2eq) from CH4 (AR5),kilotonnes,0,0,0,0,0,0,0,0,0,0,0,0,0,0,0,0,0,0,0,0,0
Eswatini,Land Use change,Emissions (CO2eq) from N2O (AR5),kilotonnes,0,0,0,0,0,0,0,0,0,0,0,0,0,0,0,0,0,0,0,0,0
Eswatini,Land Use change,Emissions (CO2eq) (AR5),kilotonnes,356.3342,352.6852,352.6852,352.6852,352.6852,352.6852,352.6852,352.6852,352.6852,352.6852,352.6852,349.5296,349.5296,349.5296,349.5296,349.5296,347.6799,347.6799,347.6799,347.6799,347.6799
Eswatini,Emissions on agricultural land,Emissions (CH4),kilotonnes,24.1571,21.3176,22.3216,24.2688,24.3,24.8099,22.9798,24.3987,24.163,23.5895,25.3664,25.1874,25.386,25.2102,25.1192,24.2563,23.7657,24.1852,24.4658,25.3509,24.5434
Eswatini,Emissions on agricultural land,Emissions (N2O),kilotonnes,1.2698,1.1367,1.198,1.272,1.2658,1.3058,1.1884,1.3019,1.2723,1.2194,1.3421,1.32,1.3313,1.3342,1.3238,1.2506,1.2222,1.2617,1.2736,1.3523,1.2762
Eswatini,Emissions on agricultural land,Emissions (CO2),kilotonnes,403.1331,395.9314,393.27,390.273,388.2925,385.26,384.5223,386.07,387.6506,388.2438,389.2498,387.2376,389.9594,391.1025,380.4386,382.8363,408.6752,379.3632,371.3871,371.1747,371.1747
Eswatini,Emissions on agricultural land,Emissions (CO2eq) from CH4 (AR5),kilotonnes,676.399,596.8917,625.0034,679.5272,680.4003,694.6779,643.4356,683.1625,676.5642,660.5053,710.2603,705.2469,710.8091,705.8843,703.3371,679.175,665.4382,677.1867,685.0414,709.8263,687.2144
Eswatini,Emissions on agricultural land,Emissions (CO2eq) from N2O (AR5),kilotonnes,336.485,301.2219,317.458,337.0923,335.4482,346.0301,314.9199,345.0078,337.1637,323.1311,355.6501,349.7943,352.797,353.5536,350.8179,331.417,323.8723,334.3439,337.5067,358.3696,338.1984
Eswatini,Emissions on agricultural land,Emissions (CO2eq) (AR5),kilotonnes,1416.0171,1294.0449,1335.7314,1406.8925,1404.141,1425.9681,1342.8778,1414.2404,1401.3786,1371.8802,1455.1602,1442.2787,1453.5655,1450.5403,1434.5936,1393.4284,1397.9858,1390.8938,1393.9352,1439.3706,1396.5875
Eswatini,Pre- and post- production,Emissions (CH4),kilotonnes,6.0533,5.9845,6.1563,6.2143,6.0355,6.1915,6.2295,6.3559,6.5182,6.5789,6.7282,6.909,7.0682,7.2159,7.4597,6.859,6.8749,6.9505,7.1146,7.1727,7.1375
Eswatini,Pre- and post- production,Emissions (N2O),kilotonnes,0.0381,0.0392,0.0418,0.0405,0.0439,0.0428,0.0417,0.0426,0.0424,0.0435,0.0453,0.0465,0.0479,0.0505,0.0523,0.0545,0.0578,0.0588,0.0609,0.0622,0.0627
Eswatini,Pre- and post- production,Emissions (CO2),kilotonnes,784.5075,855.5137,788.5864,616.054,591.2494,598.4668,632.4184,640.3678,655.8246,631.9741,648.488,654.3366,671.5176,702.5884,703.182,811.53,943.542,883.7605,948.5973,947.891,880.6247
Eswatini,Pre- and post- production,Emissions (CO2eq) from CH4 (AR5),kilotonnes,169.4934,167.5672,172.3768,173.9993,168.9938,173.3628,174.4264,177.9641,182.5097,184.2086,188.3889,193.451,197.909,202.0458,208.8715,192.052,192.4975,194.6134,199.2097,200.8369,199.8498
Eswatini,Pre- and post- production,Emissions (CO2eq) from N2O (AR5),kilotonnes,10.1046,10.3823,11.0755,10.7425,11.6208,11.3427,11.0463,11.29,11.2356,11.5388,11.9982,12.3251,12.6908,13.3947,13.8553,14.4312,15.3065,15.586,16.1375,16.4836,16.6178
Eswatini,Pre- and post- production,Emissions (CO2eq) (AR5),kilotonnes,964.1054,1033.4632,972.0388,800.7957,771.864,783.1722,817.8911,829.6219,849.5699,827.7215,848.8751,860.1127,882.1175,918.0289,925.9088,1018.0133,1151.3459,1093.9599,1163.9445,1165.2114,1097.0924
Eswatini,Agri-food systems,Emissions (CH4),kilotonnes,30.2104,27.3021,28.4779,30.4831,30.3355,31.0015,29.2094,30.7545,30.6812,30.1684,32.0946,32.0964,32.4542,32.4261,32.5789,31.1153,30.6406,31.1357,31.5804,32.5237,31.6809
Eswatini,Agri-food systems,Emissions (N2O),kilotonnes,1.3079,1.1759,1.2397,1.3126,1.3097,1.3486,1.2301,1.3445,1.3147,1.2629,1.3874,1.3665,1.3792,1.3847,1.3761,1.3051,1.2799,1.3205,1.3345,1.4145,1.3389
Eswatini,Agri-food systems,Emissions (CO2),kilotonnes,1187.6406,1251.4451,1181.8564,1006.327,979.5419,983.7268,1016.9407,1026.4378,1043.4752,1020.2179,1037.7378,1041.5742,1061.477,1093.6909,1083.6206,1194.3663,1352.2172,1263.1237,1319.9844,1319.0657,1251.7995
Eswatini,Agri-food systems,Emissions (CO2eq) from CH4 (AR5),kilotonnes,845.8924,764.4589,797.3803,853.5265,849.3941,868.0407,817.862,861.1266,859.0739,844.7139,898.6492,898.6978,908.7182,907.9301,912.2086,871.2271,857.9357,871.8,884.2511,910.6631,887.0643
Eswatini,Agri-food systems,Emissions (CO2eq) from N2O (AR5),kilotonnes,346.5896,311.6043,328.5335,347.8347,347.069,357.3728,325.9663,356.2978,348.3994,334.6698,367.6483,362.1194,365.4879,366.9483,364.6732,345.8482,339.1788,349.93,353.6442,374.8532,354.8161
Eswatini,Agri-food systems,Emissions (CO2eq) (AR5),kilotonnes,2380.1225,2327.5082,2307.7702,2207.6882,2176.0049,2209.1403,2160.769,2243.8623,2250.9485,2199.6017,2304.0353,2302.3914,2335.683,2368.5693,2360.5025,2411.4416,2549.3317,2484.8537,2557.8797,2604.5821,2493.6799
Eswatini,IPCC Agriculture,Emissions (CH4),kilotonnes,24.1485,21.3082,22.3118,24.2583,24.288,24.7972,22.9658,24.3829,24.1454,23.5702,25.3455,25.1647,25.3598,25.1822,25.0902,24.2237,23.7281,24.1817,24.4608,25.3493,24.5418
Eswatini,IPCC Agriculture,Emissions (CH4),kilotonnes,,,,,,,,,,,,,,,,,,,,,
Eswatini,IPCC Agriculture,Direct emissions (N2O),kilotonnes,0.9497,0.8396,0.8539,0.9352,0.9425,0.952,0.9021,0.9068,0.9125,0.9158,0.9605,0.9654,0.9734,0.968,0.9654,0.9506,0.9326,0.9492,0.963,0.9629,0.9633
Eswatini,IPCC Agriculture,Indirect emissions (N2O),kilotonnes,0.2311,0.2073,0.2072,0.2211,0.2225,0.2247,0.214,0.2152,0.2162,0.2168,0.2267,0.2276,0.2293,0.2284,0.2278,0.2245,0.2204,0.2238,0.2268,0.2269,0.2269
Eswatini,IPCC Agriculture,Emissions (N2O),kilotonnes,1.258,1.1263,1.1885,1.2637,1.2583,1.2993,1.1823,1.2955,1.2656,1.2127,1.3354,1.3133,1.3245,1.3273,1.3219,1.2486,1.2102,1.2501,1.2661,1.3437,1.2676
Eswatini,IPCC Agriculture,Emissions (N2O),kilotonnes,,,,,,,,,,,,,,,,,,,,,
Eswatini,IPCC Agriculture,Emissions (CO2eq) from CH4 (AR5),kilotonnes,676.1582,596.6283,624.7291,679.233,680.0641,694.3203,643.0425,682.7198,676.0721,659.9665,709.6736,704.6115,710.0756,705.101,702.5256,678.2635,664.3873,677.0879,684.9016,709.7811,687.1693
Eswatini,IPCC Agriculture,Emissions (CO2eq) from CH4 (AR5),kilotonnes,,,,,,,,,,,,,,,,,,,,,
Eswatini,IPCC Agriculture,Emissions (CO2eq) from N2O (AR5),kilotonnes,333.3658,298.48,314.9432,334.8786,333.4546,344.3075,313.2964,343.3094,335.3886,321.3773,353.8851,348.018,350.9978,351.7433,350.2998,330.8762,320.7018,331.2799,335.5262,356.0873,335.916
Eswatini,IPCC Agriculture,Emissions (CO2eq) from N2O (AR5),kilotonnes,,,,,,,,,,,,,,,,,,,,,
Eswatini,IPCC Agriculture,Emissions (CO2eq) (AR5),kilotonnes,1009.5239,895.1083,939.6722,1014.1116,1013.5187,1038.6278,956.3389,1026.0292,1011.4607,981.3438,1063.5586,1052.6295,1061.0734,1056.8443,1052.8254,1009.1397,985.0891,1008.3678,1020.4278,1065.8684,1023.0853
Eswatini,IPCC Agriculture,Emissions (CO2eq) (AR5),kilotonnes,,,,,,,,,,,,,,,,,,,,,
Eswatini,Agricultural Soils,Direct emissions (N2O),kilotonnes,0.9497,0.8396,0.8539,0.9352,0.9425,0.952,0.9021,0.9068,0.9125,0.9158,0.9605,0.9654,0.9734,0.968,0.9654,0.9506,0.9326,0.9492,0.963,0.9629,0.9633
Eswatini,Agricultural Soils,Indirect emissions (N2O),kilotonnes,0.2311,0.2073,0.2072,0.2211,0.2225,0.2247,0.214,0.2152,0.2162,0.2168,0.2267,0.2276,0.2293,0.2284,0.2278,0.2245,0.2204,0.2238,0.2268,0.2269,0.2269
Eswatini,Agricultural Soils,Emissions (N2O),kilotonnes,1.1808,1.047,1.0611,1.1562,1.165,1.1766,1.1161,1.122,1.1287,1.1327,1.1871,1.193,1.2028,1.1964,1.1932,1.1751,1.153,1.173,1.1898,1.1899,1.1902
Eswatini,Agricultural Soils,Emissions (N2O),kilotonnes,,,,,,,,,,,,,,,,,,,,,
Eswatini,Agricultural Soils,Emissions (CO2eq) from N2O (AR5),kilotonnes,312.9126,277.4435,281.203,306.4062,308.7303,311.805,295.7555,297.338,299.1015,300.1555,314.5935,316.1538,318.7366,317.0403,316.1942,311.3905,305.5518,310.8414,315.3037,315.3197,315.416
Eswatini,Agricultural Soils,Emissions (CO2eq) from N2O (AR5),kilotonnes,,,,,,,,,,,,,,,,,,,,,
Eswatini,Agricultural Soils,Emissions (CO2eq) (AR5),kilotonnes,312.9126,277.4435,281.203,306.4062,308.7303,311.805,295.7555,297.338,299.1015,300.1555,314.5935,316.1538,318.7366,317.0403,316.1942,311.3905,305.5518,310.8414,315.3037,315.3197,315.416
Eswatini,Agricultural Soils,Emissions (CO2eq) (AR5),kilotonnes,,,,,,,,,,,,,,,,,,,,,
Eswatini,LULUCF,Emissions (CH4),kilotonnes,1.5277,0.2161,0.1143,0.4272,0.3875,0.2633,0.077,2.645,1.6393,0.149,0.5216,0.5489,0.4024,0.4148,0.3725,0.2012,0.2881,0.1441,0.082,0.6656,0.1465
Eswatini,LULUCF,Emissions (CH4),kilotonnes,,,,,,,,,,,,,,,,,,,,,
Eswatini,LULUCF,Emissions (N2O),kilotonnes,0.0517,0.0197,0.0104,0.039,0.0354,0.024,0.007,0.2415,0.1497,0.0136,0.0476,0.0501,0.0367,0.0379,0.034,0.0184,0.0263,0.0132,0.0075,0.0608,0.0134
Eswatini,LULUCF,Emissions (N2O),kilotonnes,,,,,,,,,,,,,,,,,,,,,
Eswatini,LULUCF,Emissions (CO2),kilotonnes,-129.9648,-129.5988,-129.5988,-129.5988,-129.5988,-129.5988,-129.5988,-129.5988,-129.5988,-129.5988,-129.5988,-133.6985,-133.6985,-133.6985,-133.6985,-133.6985,-127.9331,-127.9331,-127.9331,-127.9331,-127.9331
Eswatini,LULUCF,Emissions (CO2),kilotonnes,,,,,,,,,,,,,,,,,,,,,
Eswatini,LULUCF,Emissions (CO2eq) from CH4 (AR5),kilotonnes,42.7755,6.0505,3.1991,11.9613,10.8486,7.3715,2.1558,74.061,45.9004,4.1725,14.6043,15.3692,11.2661,11.6136,10.4312,5.6328,8.0667,4.0336,2.2949,18.6381,4.1031
Eswatini,LULUCF,Emissions (CO2eq) from N2O (AR5),kilotonnes,13.7,5.2284,2.7644,10.3361,9.3746,6.3699,1.8629,63.9984,39.6639,3.6056,12.6201,13.281,9.7354,10.0357,9.014,4.8675,6.9707,3.4855,1.9831,16.1058,3.5456
Eswatini,LULUCF,Emissions (CO2eq) (AR5),kilotonnes,-73.4893,-118.3199,-123.6353,-107.3013,-109.3756,-115.8574,-125.5802,8.4606,-44.0345,-121.8207,-102.3744,-105.0484,-112.697,-112.0491,-114.2533,-123.1982,-112.8958,-120.414,-123.6551,-93.1892,-120.2844
Eswatini,LULUCF,Emissions (CO2eq) (AR5),kilotonnes,,,,,,,,,,,,,,,,,,,,,
Eswatini,AFOLU,Emissions (CH4),kilotonnes,25.6762,21.5242,22.426,24.6855,24.6755,25.0604,23.0428,27.0279,25.7847,23.7192,25.8671,25.7136,25.7622,25.597,25.4627,24.4249,24.0162,24.3258,24.5427,26.015,24.6883
Eswatini,AFOLU,Emissions (N2O),kilotonnes,1.3097,1.1461,1.1989,1.3027,1.2937,1.3233,1.1893,1.537,1.4153,1.2264,1.383,1.3634,1.3613,1.3652,1.3559,1.267,1.2365,1.2633,1.2736,1.4045,1.281
Eswatini,AFOLU,Emissions (CO2),kilotonnes,-129.9648,-129.5988,-129.5988,-129.5988,-129.5988,-129.5988,-129.5988,-129.5988,-129.5988,-129.5988,-129.5988,-133.6985,-133.6985,-133.6985,-133.6985,-133.6985,-127.9331,-127.9331,-127.9331,-127.9331,-127.9331
Eswatini,AFOLU,Emissions (CO2eq) from CH4 (AR5),kilotonnes,718.9337,602.6788,627.9281,691.1943,690.9127,701.6918,645.1983,756.7809,721.9724,664.139,724.2779,719.9807,721.3417,716.7147,712.9568,683.8963,672.454,681.1215,687.1965,728.4193,691.2724
Eswatini,AFOLU,Emissions (CO2eq) from N2O (AR5),kilotonnes,347.0657,303.7085,317.7076,345.2147,342.8293,350.6774,315.1592,407.3078,375.0525,324.9829,366.5051,361.2989,360.7332,361.779,359.3138,335.7437,327.6724,334.7654,337.5093,372.1931,339.4617
Eswatini,AFOLU,Emissions (CO2eq) (AR5),kilotonnes,936.0347,776.7884,816.0369,906.8102,904.1432,922.7704,830.7587,1034.4899,967.4261,859.5231,961.1842,947.5811,948.3764,944.7952,938.5721,885.9415,872.1934,887.9539,896.7728,972.6792,902.8009
Eswatini,All sectors with LULUCF,Emissions (CH4),kilotonnes,48.1562,45.6842,47.536,48.8555,50.0255,50.0704,47.2328,52.1579,49.1447,44.4192,39.3271,38.1936,38.9422,38.897,40.0627,38.7249,37.9162,38.6058,39.2327,36.005,33.6983
Eswatini,All sectors with LULUCF,Emissions (N2O),kilotonnes,1.5282,1.373,1.431,1.5308,1.5224,1.57,1.4447,1.8037,1.6807,1.4867,1.6179,1.5501,1.5474,1.5707,1.5525,1.4698,1.4287,1.4887,1.5089,1.6013,1.4742
Eswatini,All sectors with LULUCF,Emissions (CO2),kilotonnes,1084.1952,974.6112,954.7612,884.1112,874.7412,884.5612,894.5512,924.7912,914.5312,944.6912,894.7812,890.9115,1060.9715,1411.3715,777.3015,851.0815,1056.9069,863.8269,853.8469,856.0869,771.1469
Eswatini,All sectors with LULUCF,Emissions (CO2eq) from CH4 (AR5),kilotonnes,1348.3737,1279.1588,1331.0081,1367.9543,1400.7127,1401.9718,1322.5183,1460.4209,1376.0524,1243.739,1101.1579,1069.4207,1090.3817,1089.1147,1121.7568,1084.2963,1061.654,1080.9615,1098.5165,1008.1393,943.5524
Eswatini,All sectors with LULUCF,Emissions (CO2eq) from N2O (AR5),kilotonnes,404.9682,363.837,379.2141,405.6612,403.4348,416.0529,382.8402,477.9833,445.3835,393.9624,428.7536,410.7744,410.0497,416.2365,411.4128,389.4857,378.6054,394.4964,399.8638,424.3451,390.6597
Eswatini,All sectors with LULUCF,Emissions (CO2eq) (AR5),kilotonnes,2837.5372,2617.6069,2664.9834,2657.7267,2678.8887,2702.5859,2599.9097,2863.1954,2735.9671,2582.3926,2424.6927,2371.1066,2561.4029,2916.7227,2310.4711,2324.8635,2497.1664,2339.2849,2352.2273,2288.5712,2105.3589
Eswatini,All sectors without LULUCF,Emissions (CH4),kilotonnes,46.6285,45.4682,47.4218,48.4283,49.638,49.8072,47.1558,49.5129,47.5054,44.2702,38.8055,37.6447,38.5398,38.4822,39.6902,38.5237,37.6281,38.4617,39.1508,35.3393,33.5518
Eswatini,All sectors without LULUCF,Emissions (N2O),kilotonnes,1.4765,1.3532,1.4206,1.4918,1.487,1.546,1.4377,1.5622,1.531,1.473,1.5703,1.5,1.5106,1.5328,1.5185,1.4514,1.4024,1.4755,1.5014,1.5405,1.4608
Eswatini,All sectors without LULUCF,Emissions (CO2),kilotonnes,1214.16,1104.21,1084.36,1013.71,1004.34,1014.16,1024.15,1054.39,1044.13,1074.29,1024.38,1024.61,1194.67,1545.07,911,984.78,1184.84,991.76,981.78,984.02,899.08
Eswatini,All sectors without LULUCF,Emissions (CO2eq) from CH4 (AR5),kilotonnes,1305.5982,1273.1083,1327.8091,1355.993,1389.8641,1394.6003,1320.3625,1386.3598,1330.1521,1239.5665,1086.5536,1054.0515,1079.1156,1077.501,1111.3256,1078.6635,1053.5873,1076.9279,1096.2216,989.5011,939.4493
Eswatini,All sectors without LULUCF,Emissions (CO2eq) from N2O (AR5),kilotonnes,391.2683,358.6085,376.4497,395.3251,394.0601,409.683,380.9774,413.9849,405.7196,390.3568,416.1336,397.4935,400.3143,406.2008,402.3988,384.6182,371.6348,391.0109,397.8807,408.2393,387.114
Eswatini,All sectors without LULUCF,Emissions (CO2eq) (AR5),kilotonnes,2911.0264,2735.9268,2788.6187,2765.0281,2788.2642,2818.4433,2725.4899,2854.7347,2780.0017,2704.2133,2527.0671,2476.155,2674.0999,3028.7718,2424.7244,2448.0617,2610.0621,2459.6988,2475.8823,2381.7604,2225.6433
Ethiopia,Crop Residues,Direct emissions (N2O),kilotonnes,1.3592,1.6766,1.5011,1.6223,1.703,1.9656,2.0341,2.2094,2.2941,2.646,2.8424,2.9656,3.1291,3.3195,3.5585,3.8277,3.9071,4.1201,3.9381,4.1087,4.1926
Ethiopia,Crop Residues,Indirect emissions (N2O),kilotonnes,0.3058,0.3772,0.3377,0.365,0.3832,0.4423,0.4577,0.4971,0.5162,0.5953,0.6395,0.6673,0.704,0.7469,0.8007,0.8612,0.8791,0.927,0.8861,0.9245,0.9433
Ethiopia,Crop Residues,Emissions (N2O),kilotonnes,1.6651,2.0539,1.8388,1.9873,2.0862,2.4078,2.4918,2.7065,2.8103,3.2413,3.4819,3.6329,3.8331,4.0664,4.3591,4.6889,4.7863,5.0472,4.8242,5.0332,5.136
Ethiopia,Crop Residues,Emissions (CO2eq) from N2O (AR5),kilotonnes,441.2454,544.2745,487.2849,526.633,552.8324,638.077,660.3353,717.2213,744.7312,858.9439,922.7077,962.7139,1015.7698,1077.5989,1155.1657,1242.5532,1268.358,1337.4997,1278.4044,1333.7894,1361.037
Ethiopia,Crop Residues,Emissions (CO2eq) (AR5),kilotonnes,441.2454,544.2745,487.2849,526.633,552.8324,638.077,660.3353,717.2213,744.7312,858.9439,922.7077,962.7139,1015.7698,1077.5989,1155.1657,1242.5532,1268.358,1337.4997,1278.4044,1333.7894,1361.037
Ethiopia,Rice Cultivation,Emissions (CH4),kilotonnes,1.148,1.171,1.078,1.008,0.91,0.8737,0.8989,0.0589,0.127,6.6835,4.1812,4.2909,5.8535,4.7348,6.5565,6.3636,6.7785,7.435,8.8707,8.0606,8.7571
Ethiopia,Rice Cultivation,Emissions (CO2eq) from CH4 (AR5),kilotonnes,32.144,32.7869,30.184,28.224,25.48,24.4647,25.1703,1.6503,3.5554,187.1369,117.0747,120.1441,163.8991,132.5744,183.5814,178.1797,189.7986,208.1794,248.379,225.6979,245.1999
Ethiopia,Rice Cultivation,Emissions (CO2eq) (AR5),kilotonnes,32.144,32.7869,30.184,28.224,25.48,24.4647,25.1703,1.6503,3.5554,187.1369,117.0747,120.1441,163.8991,132.5744,183.5814,178.1797,189.7986,208.1794,248.379,225.6979,245.1999
Ethiopia,Burning - Crop residues,Emissions (CH4),kilotonnes,5.669,6.463,5.2083,6.1501,6.1013,6.8268,5.7503,7.7854,7.7929,8.2571,8.5127,8.6038,8.8355,8.8365,8.9935,9.902,10.0643,10.5101,8.5513,8.2149,8.5015
Ethiopia,Burning - Crop residues,Emissions (N2O),kilotonnes,0.147,0.1676,0.135,0.1594,0.1582,0.177,0.1491,0.2018,0.202,0.2141,0.2207,0.2231,0.2291,0.2291,0.2332,0.2567,0.2609,0.2725,0.2217,0.213,0.2204
Ethiopia,Burning - Crop residues,Emissions (CO2eq) from CH4 (AR5),kilotonnes,158.733,180.9654,145.8323,172.2032,170.8367,191.1496,161.007,217.9918,218.2019,231.1978,238.3553,240.9067,247.3927,247.4234,251.8176,277.2568,281.8005,294.2831,239.4355,230.018,238.0431
Ethiopia,Burning - Crop residues,Emissions (CO2eq) from N2O (AR5),kilotonnes,38.9484,44.4035,35.7829,42.2536,41.9183,46.9024,39.5064,53.4887,53.5403,56.7291,58.4853,59.1114,60.7028,60.7104,61.7886,68.0306,69.1455,72.2084,58.7504,56.4396,58.4087
Ethiopia,Burning - Crop residues,Emissions (CO2eq) (AR5),kilotonnes,197.6814,225.3689,181.6152,214.4567,212.755,238.052,200.5134,271.4805,271.7421,287.9269,296.8406,300.0181,308.0955,308.1338,313.6061,345.2874,350.946,366.4914,298.1859,286.4576,296.4518
Ethiopia,Enteric Fermentation,Emissions (CH4),kilotonnes,1260.0068,1353.8401,1536.54,1497.018,1515.6148,1579.3465,1712.3072,1904.2982,2009.1241,2095.4248,2209.6665,2157.3065,2229.5711,2307.377,2389.3167,2432.4894,2509.0775,2565.3529,2607.7688,2835.0096,2995.0514
Ethiopia,Enteric Fermentation,Emissions (CH4),kilotonnes,1227.759,1314.654,1517.93,1484.541,1509.838,1594.808,1645.977,1871.312,1895.124,1951.008,2049.514,1998.639,2068.9,2083.533,,,,,,,
Ethiopia,Enteric Fermentation,Emissions (CO2eq) from CH4 (AR5),kilotonnes,35280.1904,37907.5234,43023.1206,41916.504,42437.2153,44221.7023,47944.6019,53320.3484,56255.4745,58671.895,61870.6621,60404.5826,62427.9909,64606.5565,66900.8674,68109.7039,70254.1692,71829.8806,73017.5271,79380.2687,83861.4396
Ethiopia,Enteric Fermentation,Emissions (CO2eq) from CH4 (AR5),kilotonnes,34377.252,36810.312,42502.04,41567.148,42275.464,44654.624,46087.356,52396.736,53063.472,54628.224,57386.392,55961.892,57929.2,58338.924,,,,,,,
Ethiopia,Enteric Fermentation,Emissions (CO2eq) (AR5),kilotonnes,35280.1904,37907.5234,43023.1206,41916.504,42437.2153,44221.7023,47944.6019,53320.3484,56255.4745,58671.895,61870.6621,60404.5826,62427.9909,64606.5565,66900.8674,68109.7039,70254.1692,71829.8806,73017.5271,79380.2687,83861.4396
Ethiopia,Enteric Fermentation,Emissions (CO2eq) (AR5),kilotonnes,34377.252,36810.312,42502.04,41567.148,42275.464,44654.624,46087.356,52396.736,53063.472,54628.224,57386.392,55961.892,57929.2,58338.924,,,,,,,
Ethiopia,Manure Management,Emissions (CH4),kilotonnes,42.3727,45.663,52.5664,51.1682,51.8445,54.5184,58.4325,64.851,67.4954,69.6809,73.477,71.7607,74.2177,76.8834,79.8417,81.6897,84.2762,86.2014,89.8816,97.2196,103.5483
Ethiopia,Manure Management,Emissions (CH4),kilotonnes,45.5636,48.7692,56.1923,54.8507,55.8686,58.7861,63.1793,70.1992,73.2579,75.6829,79.6912,77.8504,80.4595,81.415,,,,,,,
Ethiopia,Manure Management,Emissions (N2O),kilotonnes,0.6284,0.6801,0.7584,0.7395,0.7448,0.7649,0.8387,0.9307,0.9903,1.0517,1.1093,1.0831,1.1213,1.1537,1.1963,1.2146,1.2539,1.2717,1.2499,1.3445,1.4152
Ethiopia,Manure Management,Emissions (N2O),kilotonnes,21.3611,22.2734,26.429,25.6849,26.0101,27.3507,30.7838,35.5223,36.5318,37.5606,39.5793,38.6996,40.1364,40.3932,,,,,,,
Ethiopia,Manure Management,Emissions (CO2eq) from CH4 (AR5),kilotonnes,1186.4352,1278.5638,1471.859,1432.7096,1451.6466,1526.5148,1636.1098,1815.8284,1889.8717,1951.0644,2057.3551,2009.2994,2078.0959,2152.7347,2235.5676,2287.3113,2359.7323,2413.6393,2516.6856,2722.1501,2899.3521
Ethiopia,Manure Management,Emissions (CO2eq) from CH4 (AR5),kilotonnes,1275.7808,1365.5376,1573.3844,1535.8196,1564.3208,1646.0108,1769.0204,1965.5776,2051.2212,2119.1212,2231.3536,2179.8112,2252.866,2279.62,,,,,,,
Ethiopia,Manure Management,Emissions (CO2eq) from N2O (AR5),kilotonnes,166.5243,180.2221,200.9635,195.9582,197.3782,202.7065,222.2593,246.6248,262.4425,278.6876,293.9722,287.0279,297.1478,305.7175,317.0159,321.8745,332.2722,336.995,331.2367,356.2935,375.0363
Ethiopia,Manure Management,Emissions (CO2eq) from N2O (AR5),kilotonnes,5660.6915,5902.451,7003.685,6806.4985,6892.6765,7247.9355,8157.707,9413.4095,9680.927,9953.559,10488.5145,10255.394,10636.146,10704.198,,,,,,,
Ethiopia,Manure Management,Emissions (CO2eq) (AR5),kilotonnes,1352.9595,1458.7859,1672.8225,1628.6678,1649.0248,1729.2213,1858.3691,2062.4533,2152.3142,2229.752,2351.3273,2296.3273,2375.2438,2458.4521,2552.5835,2609.1858,2692.0045,2750.6343,2847.9223,3078.4436,3274.3884
Ethiopia,Manure Management,Emissions (CO2eq) (AR5),kilotonnes,6936.4723,7267.9886,8577.0694,8342.3181,8456.9973,8893.9463,9926.7274,11378.9871,11732.1482,12072.6802,12719.8681,12435.2052,12889.012,12983.818,,,,,,,
Ethiopia,Manure left on Pasture,Direct emissions (N2O),kilotonnes,48.1223,51.7726,59.0127,57.4717,58.2507,60.8384,65.8891,73.1415,76.3064,79.5962,83.5865,81.6745,84.6294,87.5245,90.6104,92.2626,95.144,97.1183,99.1581,108.1068,114.8493
Ethiopia,Manure left on Pasture,Indirect emissions (N2O),kilotonnes,11.5213,12.4108,14.2051,13.9831,14.386,15.1513,16.4755,18.3419,19.1042,19.8299,20.7772,20.3031,21.059,21.9957,22.8317,23.2421,23.9986,24.6063,25.4993,28.2997,29.9911
Ethiopia,Manure left on Pasture,Emissions (N2O),kilotonnes,59.6436,64.1834,73.2178,71.4549,72.6367,75.9896,82.3645,91.4834,95.4107,99.4261,104.3637,101.9776,105.6883,109.5202,113.4421,115.5046,119.1426,121.7247,124.6574,136.4066,144.8404
Ethiopia,Manure left on Pasture,Emissions (CO2eq) from N2O (AR5),kilotonnes,15805.5492,17008.6009,19402.7175,18935.5445,19248.722,20137.2515,21826.6041,24243.099,25283.8273,26347.9243,27656.3797,27024.0555,28007.4112,29022.8534,30062.1586,30608.7305,31572.7865,32257.0335,33034.2127,36147.744,38382.6998
Ethiopia,Manure left on Pasture,Emissions (CO2eq) (AR5),kilotonnes,15805.5492,17008.6009,19402.7175,18935.5445,19248.722,20137.2515,21826.6041,24243.099,25283.8273,26347.9243,27656.3797,27024.0555,28007.4112,29022.8534,30062.1586,30608.7305,31572.7865,32257.0335,33034.2127,36147.744,38382.6998
Ethiopia,Manure applied to Soils,Direct emissions (N2O),kilotonnes,0.8028,0.8879,0.9111,0.8963,0.9112,0.8808,1.0275,1.1606,1.357,1.528,1.6456,1.6154,1.6616,1.7241,1.7913,1.8092,1.8745,1.9023,1.7054,1.8477,1.8439
Ethiopia,Manure applied to Soils,Indirect emissions (N2O),kilotonnes,0.3412,0.3774,0.3872,0.3809,0.3873,0.3743,0.4367,0.4933,0.5767,0.6494,0.6994,0.6865,0.7062,0.7327,0.7613,0.7689,0.7967,0.8085,0.7248,0.7853,0.7837
Ethiopia,Manure applied to Soils,Emissions (N2O),kilotonnes,1.1439,1.2653,1.2984,1.2773,1.2985,1.2552,1.4641,1.6538,1.9337,2.1774,2.345,2.3019,2.3678,2.4569,2.5526,2.5781,2.6712,2.7107,2.4302,2.633,2.6276
Ethiopia,Manure applied to Soils,Emissions (CO2eq) from N2O (AR5),kilotonnes,303.1464,335.3053,344.0645,338.4734,344.0972,332.6188,387.9981,438.2694,512.4246,577.0192,621.4368,609.9986,627.4635,651.0682,676.4353,683.2075,707.8609,718.3472,644.0116,697.7369,696.3064
Ethiopia,Manure applied to Soils,Emissions (CO2eq) (AR5),kilotonnes,303.1464,335.3053,344.0645,338.4734,344.0972,332.6188,387.9981,438.2694,512.4246,577.0192,621.4368,609.9986,627.4635,651.0682,676.4353,683.2075,707.8609,718.3472,644.0116,697.7369,696.3064
Ethiopia,Synthetic Fertilizers,Direct emissions (N2O),kilotonnes,1.2021,0.9928,1.5345,0.5355,1.2864,1.265,1.3299,1.666,1.7564,1.86,2.4536,2.4389,3.9111,2.7034,3.7291,3.8439,5.4617,5.9184,6.6022,6.6022,6.6022
Ethiopia,Synthetic Fertilizers,Indirect emissions (N2O),kilotonnes,0.3907,0.3227,0.4987,0.174,0.4181,0.4111,0.4322,0.5415,0.5708,0.6045,0.7974,0.7926,1.2711,0.8786,1.212,1.2493,1.775,1.9235,2.1457,2.1457,2.1457
Ethiopia,Synthetic Fertilizers,Emissions (N2O),kilotonnes,1.5928,1.3155,2.0332,0.7095,1.7044,1.6762,1.7621,2.2075,2.3273,2.4645,3.2511,3.2315,5.1822,3.5821,4.941,5.0932,7.2367,7.8419,8.7479,8.7479,8.7479
Ethiopia,Synthetic Fertilizers,Emissions (CO2eq) from N2O (AR5),kilotonnes,422.1024,348.6069,538.7848,188.0149,451.6772,444.1897,466.9501,584.9788,616.7275,653.0945,861.5358,856.3492,1373.2941,949.2471,1309.3737,1349.6966,1917.7257,2078.1009,2318.1843,2318.1843,2318.1843
Ethiopia,Synthetic Fertilizers,Emissions (CO2eq) (AR5),kilotonnes,422.1024,348.6069,538.7848,188.0149,451.6772,444.1897,466.9501,584.9788,616.7275,653.0945,861.5358,856.3492,1373.2941,949.2471,1309.3737,1349.6966,1917.7257,2078.1009,2318.1843,2318.1843,2318.1843
Ethiopia,Drained organic soils,Emissions (CO2eq) (AR5),kilotonnes,5950.8988,5969.1433,6024.9976,6004.4573,6022.4274,6069.5389,6089.6439,6086.0836,6108.1945,6154.0506,6162.0836,6173.1716,6172.3714,6154.4178,6093.7793,6093.7793,6056.5716,6055.4984,5994.8059,5902.3572,5925.8173
Ethiopia,Drained organic soils (CO2),Emissions (CO2),kilotonnes,5641.7776,5658.966,5712.6352,5693.1477,5710.3936,5755.6051,5774.9317,5771.5094,5792.9474,5836.9762,5844.6806,5855.3205,5854.4483,5836.4766,5778.3006,5778.3006,5742.8017,5741.7722,5683.8748,5600.0364,5622.6196
Ethiopia,Drained organic soils (CO2),Emissions (CO2eq) (AR5),kilotonnes,5641.7776,5658.966,5712.6352,5693.1477,5710.3936,5755.6051,5774.9317,5771.5094,5792.9474,5836.9762,5844.6806,5855.3205,5854.4483,5836.4766,5778.3006,5778.3006,5742.8017,5741.7722,5683.8748,5600.0364,5622.6196
Ethiopia,Drained organic soils (N2O),Emissions (N2O),kilotonnes,1.1665,1.1705,1.1787,1.1748,1.1775,1.1847,1.1876,1.1871,1.1896,1.1965,1.1977,1.1994,1.1997,1.1998,1.1905,1.1905,1.184,1.1839,1.1733,1.1408,1.1441
Ethiopia,Drained organic soils (N2O),Emissions (CO2eq) from N2O (AR5),kilotonnes,309.1212,310.1773,312.3624,311.3096,312.0338,313.9339,314.7123,314.5742,315.2471,317.0744,317.403,317.8511,317.9231,317.9412,315.4787,315.4787,313.7699,313.7262,310.9311,302.3208,303.1976
Ethiopia,Drained organic soils (N2O),Emissions (CO2eq) (AR5),kilotonnes,309.1212,310.1773,312.3624,311.3096,312.0338,313.9339,314.7123,314.5742,315.2471,317.0744,317.403,317.8511,317.9231,317.9412,315.4787,315.4787,313.7699,313.7262,310.9311,302.3208,303.1976
Ethiopia,On-farm energy use,Emissions (CH4),kilotonnes,0.0295,0.0355,0.0374,0.0361,0.0367,0.0353,0.0362,0.0398,0.0882,0.1875,0.2138,0.5716,0.6622,0.6794,0.6827,0.5268,0.5526,0.4871,0.466,0.4226,0.4226
Ethiopia,On-farm energy use,Emissions (N2O),kilotonnes,0.0463,0.0575,0.0612,0.0648,0.0734,0.0685,0.0747,0.0833,0.086,0.089,0.0928,0.1008,0.1135,0.1333,0.147,0.1573,0.1932,0.2116,0.2252,0.2408,0.2408
Ethiopia,On-farm energy use,Emissions (CO2),kilotonnes,181.1499,214.8319,226.3027,222.869,251.7796,245.3023,261.8735,281.0948,300.3973,335.3656,346.68,476.0451,532.9727,586.0817,637.6132,603.3447,699.0688,734.1061,768.6937,794.9098,794.9098
Ethiopia,On-farm energy use,Emissions (CO2eq) from CH4 (AR5),kilotonnes,0.8272,0.9939,1.0466,1.0116,1.0273,0.9887,1.0144,1.1153,2.4704,5.2501,5.9858,16.0044,18.5404,19.0234,19.1143,14.751,15.4731,13.6382,13.0469,11.8334,11.8334
Ethiopia,On-farm energy use,Emissions (CO2eq) from N2O (AR5),kilotonnes,12.2684,15.2319,16.2196,17.1697,19.4558,18.1568,19.7871,22.0768,22.798,23.5955,24.5965,26.7088,30.0894,35.3303,38.9595,41.6946,51.1991,56.0744,59.6652,63.8064,63.8064
Ethiopia,On-farm energy use,Emissions (CO2eq) (AR5),kilotonnes,194.2454,231.0578,243.5688,241.0503,272.2627,264.4478,282.6749,304.2869,325.6657,364.2112,377.2623,518.7582,581.6025,640.4354,695.687,659.7903,765.741,803.8186,841.4057,870.5495,870.5495
Ethiopia,Forestland,Emissions (CO2),kilotonnes,135.8757,-5960.8296,-5960.8296,-5960.8296,-5960.8296,-5960.8296,-5960.8296,-5960.8296,-5960.8296,-5960.8296,-5960.8296,-6801.887,-6801.887,-6801.887,-6801.887,-6801.887,-6342.9168,-6342.9168,-6342.9168,-6342.9168,-6342.9168
Ethiopia,Forestland,Emissions (CO2eq) (AR5),kilotonnes,135.8757,-5960.8296,-5960.8296,-5960.8296,-5960.8296,-5960.8296,-5960.8296,-5960.8296,-5960.8296,-5960.8296,-5960.8296,-6801.887,-6801.887,-6801.887,-6801.887,-6801.887,-6342.9168,-6342.9168,-6342.9168,-6342.9168,-6342.9168
Ethiopia,Net Forest conversion,Emissions (CO2),kilotonnes,19405.8333,30060.1136,30060.1136,30060.1136,30060.1136,30060.1136,30060.1136,30060.1136,30060.1136,30060.1136,30060.1136,31379.165,31379.165,31379.165,31379.165,31379.165,31196.0308,31196.0308,31196.0308,31196.0308,31196.0308
Ethiopia,Net Forest conversion,Emissions (CO2eq) (AR5),kilotonnes,19405.8333,30060.1136,30060.1136,30060.1136,30060.1136,30060.1136,30060.1136,30060.1136,30060.1136,30060.1136,30060.1136,31379.165,31379.165,31379.165,31379.165,31379.165,31196.0308,31196.0308,31196.0308,31196.0308,31196.0308
Ethiopia,Savanna fires,Emissions (CH4),kilotonnes,89.1511,64.8849,88.5738,74.3153,80.903,90.2958,66.876,84.9688,68.9663,72.6373,65.3835,67.603,76.5994,72.6015,67.0792,76.739,70.3516,62.3875,50.0783,57.1093,56.5776
Ethiopia,Savanna fires,Emissions (N2O),kilotonnes,8.1399,5.9243,8.0872,6.7853,7.3868,8.2444,6.1061,7.758,6.2969,6.6321,5.9698,6.1725,6.9939,6.6288,6.1246,7.0066,6.4234,5.6963,4.5724,5.2143,5.1658
Ethiopia,Savanna fires,Emissions (CO2eq) from CH4 (AR5),kilotonnes,2496.2303,1816.7768,2480.0663,2080.8282,2265.285,2528.282,1872.5267,2379.1257,1931.0566,2033.8442,1830.7367,1892.8847,2144.7824,2032.8421,1878.2188,2148.6932,1969.8449,1746.8509,1402.1933,1599.0591,1584.1734
Ethiopia,Savanna fires,Emissions (CO2eq) from N2O (AR5),kilotonnes,2157.0687,1569.9321,2143.1008,1798.107,1957.5017,2184.7654,1618.1073,2055.875,1668.6848,1757.5067,1581.9953,1635.6993,1853.3718,1756.6407,1623.026,1856.7512,1702.2029,1509.5071,1211.6779,1381.7956,1368.9325
Ethiopia,Savanna fires,Emissions (CO2eq) (AR5),kilotonnes,4653.2991,3386.709,4623.1671,3878.9352,4222.7868,4713.0473,3490.6341,4435.0007,3599.7414,3791.3508,3412.732,3528.584,3998.1542,3789.4829,3501.2447,4005.4444,3672.0477,3256.358,2613.8712,2980.8548,2953.1059
Ethiopia,Fires in organic soils,Emissions (CH4),kilotonnes,0,0,0,0,0,0,0,0,0,0,0,0,0,0,0,0,0,0,0,0,0
Ethiopia,Fires in organic soils,Emissions (CO2),kilotonnes,0,0,0,0,0,0,0,0,0,0,0,0,0,0,0,0,0,0,0,0,0
Ethiopia,Fires in organic soils,Emissions (CO2eq) from CH4 (AR5),kilotonnes,0,0,0,0,0,0,0,0,0,0,0,0,0,0,0,0,0,0,0,0,0
Ethiopia,Fires in organic soils,Emissions (CO2eq) (AR5),kilotonnes,0,0,0,0,0,0,0,0,0,0,0,0,0,0,0,0,0,0,0,0,0
Ethiopia,Forest fires,Emissions (CH4),kilotonnes,88.438,17.0904,20.7976,27.1233,26.0076,29.5928,26.5105,29.8222,23.4297,15.235,24.9305,25.7573,26.9593,20.2263,20.6945,18.9196,19.5845,20.4892,15.4203,22.5892,28.5424
Ethiopia,Forest fires,Emissions (N2O),kilotonnes,2.6014,1.5604,1.8989,2.4765,2.3746,2.7019,2.4205,2.7229,2.1392,1.391,2.2763,2.3518,2.4615,1.8468,1.8895,1.7274,1.7881,1.8708,1.4079,2.0625,2.606
Ethiopia,Forest fires,Emissions (CO2eq) from CH4 (AR5),kilotonnes,2476.2631,478.531,582.3322,759.4518,728.2136,828.5973,742.2936,835.0203,656.0303,426.5801,698.0545,721.2045,754.8609,566.3373,579.445,529.7479,548.3646,573.6977,431.7684,632.4983,799.1871
Ethiopia,Forest fires,Emissions (CO2eq) from N2O (AR5),kilotonnes,689.3736,413.5132,503.211,656.2654,629.2715,716.0161,641.4385,721.5665,566.8957,368.6209,603.2102,623.2148,652.2983,489.3893,500.716,457.7713,473.8586,495.7497,373.1042,546.561,690.6019
Ethiopia,Forest fires,Emissions (CO2eq) (AR5),kilotonnes,3165.6368,892.0442,1085.5432,1415.7173,1357.4851,1544.6134,1383.7322,1556.5868,1222.926,795.201,1301.2647,1344.4193,1407.1592,1055.7266,1080.161,987.5193,1022.2232,1069.4474,804.8726,1179.0593,1489.789
Ethiopia,Fires in humid tropical forests,Emissions (CH4),kilotonnes,12.3275,5.4629,8.8034,11.3353,9.8008,12.221,7.5826,11.1918,8.3007,5.838,11.487,11.5827,11.4417,7.7715,8.7875,7.2156,7.8061,9.6279,6.9204,8.2954,4.6678
Ethiopia,Fires in humid tropical forests,Emissions (N2O),kilotonnes,0.3626,0.4988,0.8038,1.035,0.8949,1.1158,0.6923,1.0219,0.7579,0.533,1.0488,1.0576,1.0447,0.7096,0.8023,0.6588,0.7127,0.8791,0.6319,0.7574,0.4262
Ethiopia,Fires in humid tropical forests,Emissions (CO2eq) from CH4 (AR5),kilotonnes,345.1706,152.9606,246.4958,317.3892,274.421,342.1881,212.3133,313.37,232.4204,163.4628,321.6347,324.3165,320.3688,217.6027,246.0488,202.0377,218.57,269.5811,193.7709,232.272,130.6985
Ethiopia,Fires in humid tropical forests,Emissions (CO2eq) from N2O (AR5),kilotonnes,96.0821,132.1779,213.0045,274.2656,237.1356,295.6952,183.4664,270.7926,200.8415,141.2532,277.9344,280.2518,276.8405,188.0371,212.6183,174.5869,188.873,232.9532,167.4433,200.7133,112.9406
Ethiopia,Fires in humid tropical forests,Emissions (CO2eq) (AR5),kilotonnes,441.2528,285.1385,459.5002,591.6548,511.5566,637.8833,395.7797,584.1626,433.2619,304.716,599.5691,604.5683,597.2093,405.6398,458.6671,376.6246,407.443,502.5343,361.2142,432.9854,243.6391
Ethiopia,Waste - agri-food systems,Emissions (CH4),kilotonnes,210.1497,212.5704,214.8556,217.2296,220.1712,223.3358,226.7068,230.1399,233.994,237.8476,241.5321,245.1945,250.4501,256.3184,261.095,262.5612,263.6734,267.8599,271.9399,276.0928,280.2819
Ethiopia,Waste - agri-food systems,Emissions (N2O),kilotonnes,1.1633,1.2365,1.2902,1.35,1.3844,1.4951,1.5299,1.5791,1.6861,1.7769,1.8603,1.9269,2.0028,2.0403,2.222,2.2852,2.3427,2.396,2.4632,2.5312,2.5998
Ethiopia,Waste - agri-food systems,Emissions (CO2),kilotonnes,0,0,0,0,0,0,0,0,0,0,0,0,0,0,0,0,0,0,0,0,0
Ethiopia,Waste - agri-food systems,Emissions (CO2eq) from CH4 (AR5),kilotonnes,5884.1904,5951.9724,6015.9575,6082.429,6164.7929,6253.4025,6347.791,6443.9176,6551.8311,6659.7319,6762.899,6865.4456,7012.6033,7176.9139,7310.6595,7351.7124,7382.8561,7500.0778,7614.3184,7730.5978,7847.8938
Ethiopia,Waste - agri-food systems,Emissions (CO2eq) from N2O (AR5),kilotonnes,308.2746,327.6691,341.8938,357.7476,366.8735,396.2023,405.4137,418.4677,446.8198,470.8716,492.9776,510.6314,530.7456,540.6813,588.8179,605.5849,620.8202,634.9329,652.759,670.7616,688.9449
Ethiopia,Waste - agri-food systems,Emissions (CO2eq) (AR5),kilotonnes,6192.4651,6279.6416,6357.8512,6440.1766,6531.6664,6649.6048,6753.2047,6862.3853,6998.6509,7130.6035,7255.8765,7376.077,7543.3488,7717.5953,7899.4774,7957.2973,8003.6763,8135.0107,8267.0774,8401.3594,8536.8386
Ethiopia,On-farm electricity use,Emissions (CH4),kilotonnes,0,0,0,0,0,0,0,0,0,0,0,0,0,0,0,0,0,0,0,0,0
Ethiopia,On-farm electricity use,Emissions (N2O),kilotonnes,0,0,0,0,0,0,0,0,0,0,0,0,0,0,0,0,0,0,0,0,0
Ethiopia,On-farm electricity use,Emissions (CO2),kilotonnes,0,0,0,0,0,0,0,0,0,0,0,0,0,0,0,0,0,0,0,0,0
Ethiopia,On-farm electricity use,Emissions (CO2eq) from CH4 (AR5),kilotonnes,0,0,0,0,0,0,0,0,0,0,0,0,0,0,0,0,0,0,0,0,0
Ethiopia,On-farm electricity use,Emissions (CO2eq) from N2O (AR5),kilotonnes,0,0,0,0,0,0,0,0,0,0,0,0,0,0,0,0,0,0,0,0,0
Ethiopia,On-farm electricity use,Emissions (CO2eq) (AR5),kilotonnes,0,0,0,0,0,0,0,0,0,0,0,0,0,0,0,0,0,0,0,0,0
Ethiopia,Food Processing,Emissions (CH4),kilotonnes,23.5524,21.5651,19.5863,11.7502,0.0298,0.0392,0.091,0.3004,0.3021,1.2059,1.4645,1.562,1.0976,1.2819,1.1944,1.4213,0.9252,0.9,0.7478,0.9639,0.9825
Ethiopia,Food Processing,Emissions (N2O),kilotonnes,0.2094,0.2035,0.1974,0.1199,0.0056,0.0074,0.0173,0.0152,0.0141,0.02,0.0177,0.031,0.0221,0.0249,0.0242,0.0313,0.0223,0.0228,0.0211,0.0229,0.0235
Ethiopia,Food Processing,Emissions (CO2),kilotonnes,420.2853,619.5959,595.9226,406.5364,29.4484,31.7055,81.3734,81.6208,106.4075,146.4012,95.4829,207.0777,174.4627,190.9852,198.1857,247.3606,214.9282,252.6654,265.9718,271.2687,241.8287
Ethiopia,Food Processing,Emissions (CO2eq) from CH4 (AR5),kilotonnes,659.4672,603.8228,548.4164,329.0056,0.8344,1.0976,2.548,8.4112,8.4588,33.7652,41.006,43.736,30.7328,35.8932,33.4432,39.7964,25.9056,25.2,20.9384,26.9892,27.5099
Ethiopia,Food Processing,Emissions (CO2eq) from N2O (AR5),kilotonnes,55.491,53.9275,52.311,31.7735,1.484,1.961,4.5845,4.028,3.7365,5.3,4.6905,8.215,5.8565,6.5985,6.413,8.2945,5.9095,6.042,5.5915,6.0685,6.2371
Ethiopia,Food Processing,Emissions (CO2eq) (AR5),kilotonnes,1135.2435,1277.3462,1196.65,767.3155,31.7668,34.7641,88.5059,94.06,118.6028,185.4664,141.1794,259.0287,211.052,233.4769,238.0419,295.4515,246.7433,283.9074,292.5017,304.3264,275.5756
Ethiopia,Food Packaging,Emissions (CH4),kilotonnes,0.0271,0.0279,0.0287,0.0296,0.0304,0.0312,0.0321,0.033,0.034,0.0337,0.0404,0.0065,0.0105,0.0028,0.0025,0.0027,0.0029,0.0029,0.0031,0.0087,0.0089
Ethiopia,Food Packaging,Emissions (N2O),kilotonnes,0.0049,0.0051,0.0052,0.0054,0.0055,0.0057,0.0058,0.006,0.0062,0.0063,0.0076,0.0011,0.0018,0.0005,0.0005,0.0005,0.0005,0.0005,0.0005,0.0017,0.0017
Ethiopia,Food Packaging,Emissions (CO2),kilotonnes,26.5418,33.3692,34.7347,37.7217,39.5993,37.039,39.5993,44.4639,48.8164,49.5892,56.6273,8.4716,17.6746,3.7107,4.4744,4.5607,5.6384,6.9223,7.3424,17.1529,15.2913
Ethiopia,Food Packaging,Emissions (CO2eq) from CH4 (AR5),kilotonnes,0.7588,0.7812,0.8036,0.8288,0.8512,0.8736,0.8988,0.924,0.952,0.9436,1.1312,0.182,0.294,0.0784,0.07,0.0756,0.0812,0.0812,0.0868,0.2436,0.2483
Ethiopia,Food Packaging,Emissions (CO2eq) from N2O (AR5),kilotonnes,1.2985,1.3515,1.378,1.431,1.4575,1.5105,1.537,1.59,1.643,1.6695,2.014,0.2915,0.477,0.1325,0.1325,0.1325,0.1325,0.1325,0.1325,0.4505,0.463
Ethiopia,Food Packaging,Emissions (CO2eq) (AR5),kilotonnes,28.5991,35.5019,36.9163,39.9815,41.908,39.4231,42.0351,46.9779,51.4114,52.2023,59.7725,8.9451,18.4456,3.9216,4.6769,4.7688,5.8521,7.136,7.5617,17.847,16.0027
Ethiopia,Food Retail,Emissions (CH4),kilotonnes,0.0018,0.0003,0.0004,0.0004,0.0005,0.0004,0.0005,0.1171,0.1243,0.1417,0.1635,0.1751,0.2011,0.276,0.2559,0.3235,0.4015,0.4057,0.4165,0.3585,0.3654
Ethiopia,Food Retail,Emissions (N2O),kilotonnes,0.0001,0.0001,0.0001,0.0001,0.0001,0.0001,0.0001,0.0007,0.0008,0.0008,0.001,0.001,0.0012,0.0016,0.0015,0.0019,0.0023,0.0024,0.0025,0.0021,0.0022
Ethiopia,Food Retail,Emissions (CO2),kilotonnes,7.2366,8.4756,8.9216,9.8138,11.152,10.2599,11.152,51.5895,53.8641,59.9759,68.1242,74.6881,86.3812,113.3334,108.6989,133.4806,165.3207,169.3701,175.2618,149.3892,133.1764
Ethiopia,Food Retail,Emissions (CO2eq) from F-gases (AR5),kilotonnes,4.6755,5.195,5.195,7.7925,9.8705,10.39,11.429,12.9875,12.9875,12.9875,12.9875,12.9875,12.9875,12.9875,12.9875,12.9875,14.0265,14.546,14.546,15.0655,15.7249
Ethiopia,Food Retail,Emissions (CO2eq) from CH4 (AR5),kilotonnes,0.0504,0.0084,0.0112,0.0112,0.014,0.0112,0.014,3.2788,3.4804,3.9676,4.578,4.9028,5.6308,7.728,7.1652,9.058,11.242,11.3596,11.662,10.038,10.2317
Ethiopia,Food Retail,Emissions (CO2eq) from N2O (AR5),kilotonnes,0.0265,0.0265,0.0265,0.0265,0.0265,0.0265,0.0265,0.1855,0.212,0.212,0.265,0.265,0.318,0.424,0.3975,0.5035,0.6095,0.636,0.6625,0.5565,0.572
Ethiopia,Food Retail,Emissions (CO2eq) (AR5),kilotonnes,11.989,13.7055,14.1543,17.644,21.063,20.6876,22.6215,68.0413,70.544,77.143,85.9547,92.8434,105.3175,134.4729,129.2491,156.0296,191.1987,195.9117,202.1323,175.0492,159.705
Ethiopia,Food Household Consumption,Emissions (CH4),kilotonnes,0.1698,0.14,0.1987,0.224,0.2383,0.25,0.3123,0.3391,0.3747,0.377,0.4574,0.4875,0.5683,0.7239,0.8016,0.9872,1.2084,1.2107,1.2429,1.2429,1.2669
Ethiopia,Food Household Consumption,Emissions (N2O),kilotonnes,0.0018,0.0021,0.0024,0.0031,0.0029,0.0027,0.0031,0.0033,0.0036,0.0034,0.0039,0.0039,0.0046,0.0053,0.0066,0.0067,0.0073,0.0068,0.007,0.007,0.0072
Ethiopia,Food Household Consumption,Emissions (CO2),kilotonnes,180.2925,215.9111,238.4641,315.6571,284.5338,253.7462,283.5913,308.7549,327.6834,318.7301,333.3764,344.5943,398.5308,439.7699,574.6526,532.3611,537.3245,470.7797,483.1954,483.1954,430.7556
Ethiopia,Food Household Consumption,Emissions (CO2eq) from CH4 (AR5),kilotonnes,4.7544,3.92,5.5636,6.272,6.6724,7,8.7444,9.4948,10.4916,10.556,12.8072,13.65,15.9124,20.2692,22.4448,27.6416,33.8352,33.8996,34.8012,34.8012,35.4726
Ethiopia,Food Household Consumption,Emissions (CO2eq) from N2O (AR5),kilotonnes,0.477,0.5565,0.636,0.8215,0.7685,0.7155,0.8215,0.8745,0.954,0.901,1.0335,1.0335,1.219,1.4045,1.749,1.7755,1.9345,1.802,1.855,1.855,1.9065
Ethiopia,Food Household Consumption,Emissions (CO2eq) (AR5),kilotonnes,185.5239,220.3876,244.6637,322.7506,291.9747,261.4617,293.1572,319.1242,339.129,330.1871,347.2171,359.2778,415.6622,461.4436,598.8464,561.7782,573.0942,506.4813,519.8516,519.8516,468.1347
Ethiopia,Food Transport,Emissions (CH4),kilotonnes,0.0242,0.0303,0.0316,0.0312,0.0304,0.0277,0.0282,0.0293,0.0305,0.0323,0.0316,0.0327,0.0382,0.0438,0.0499,0.06,0.0712,0.0785,0.0838,0.0615,0.0627
Ethiopia,Food Transport,Emissions (N2O),kilotonnes,0.0026,0.0032,0.0033,0.0033,0.0032,0.0029,0.0029,0.003,0.0031,0.0033,0.0032,0.0033,0.0039,0.0044,0.0051,0.0062,0.0073,0.008,0.0086,0.0063,0.0065
Ethiopia,Food Transport,Emissions (CO2),kilotonnes,171.7755,213.623,224.6075,233.4075,251.087,232.403,247.787,269.8505,278.619,290.7505,297.335,313.9145,356.7505,416.2785,464.71,516.362,628.675,693.85,740.105,567.4657,505.8803
Ethiopia,Food Transport,Emissions (CO2eq) from CH4 (AR5),kilotonnes,0.6776,0.8484,0.8848,0.8736,0.8512,0.7756,0.7896,0.8204,0.854,0.9044,0.8848,0.9156,1.0696,1.2264,1.3972,1.68,1.9936,2.198,2.3464,1.722,1.7552
Ethiopia,Food Transport,Emissions (CO2eq) from N2O (AR5),kilotonnes,0.689,0.848,0.8745,0.8745,0.848,0.7685,0.7685,0.795,0.8215,0.8745,0.848,0.8745,1.0335,1.166,1.3515,1.643,1.9345,2.12,2.279,1.6695,1.7159
Ethiopia,Food Transport,Emissions (CO2eq) (AR5),kilotonnes,173.1421,215.3194,226.3668,235.1556,252.7862,233.9471,249.3451,271.4659,280.2945,292.5294,299.0678,315.7046,358.8536,418.6709,467.4587,519.685,632.6031,698.168,744.7304,570.8572,509.3514
Ethiopia,Energy,Emissions (CH4),kilotonnes,399,412,424,436,449,460,474,487,501,497,512,528,544,560,575,576,585,600,604,622,634
Ethiopia,Energy,Emissions (N2O),kilotonnes,6.51,6.72,6.92,7.13,7.33,7.53,7.74,7.97,8.19,8.39,8.61,8.86,9.12,9.38,9.65,9.88,10.2,10.4,10.6,10.8,11.1
Ethiopia,Energy,Emissions (CO2),kilotonnes,3110,3910,4070,4420,4640,4340,4640,5210,5720,5800,5710,6610,6750,8040,9920,9800,11200,12600,13200,12900,11500
Ethiopia,Energy,Emissions (CO2eq) from CH4 (AR5),kilotonnes,11172,11536,11872,12208,12572,12880,13272,13636,14028,13916,14336,14784,15232,15680,16100,16128,16380,16800,16912,17416,17752
Ethiopia,Energy,Emissions (CO2eq) from N2O (AR5),kilotonnes,1725.15,1780.8,1833.8,1889.45,1942.45,1995.45,2051.1,2112.05,2170.35,2223.35,2281.65,2347.9,2416.8,2485.7,2557.25,2618.2,2703,2756,2809,2862,2941.5
Ethiopia,Energy,Emissions (CO2eq) (AR5),kilotonnes,16007.15,17226.8,17775.8,18517.45,19154.45,19215.45,19963.1,20958.05,21918.35,21939.35,22327.65,23741.9,24398.8,26205.7,28577.25,28546.2,30283,32156,32921,33178,32193.5
Ethiopia,IPPU,Emissions (N2O),kilotonnes,0.0007,0.0008,0.0008,0.0008,0.0008,0.0008,0.0009,0.0009,0.0009,0.0009,0.001,0.001,0.001,0.001,0.0011,0.0011,0.0011,0.0012,0.0012,0.0012,0.0012
Ethiopia,IPPU,Emissions (CO2),kilotonnes,419,427,427,518,593,695,751,708,786,733,715,880,1440,1840,2190,3000,3310,3580,3700,4010,4020
Ethiopia,IPPU,Emissions (CO2eq) from F-gases (AR5),kilotonnes,3.9648,5.4127,6.1609,6.4039,8.9401,11.4667,12.1469,13.6046,14.965,16.1311,17.2972,18.4633,19.7266,21.0871,22.3504,23.6136,24.9741,26.2374,27.5978,28.8611,30.1244
Ethiopia,IPPU,Emissions (CO2eq) from N2O (AR5),kilotonnes,0.194,0.1995,0.2054,0.2115,0.2176,0.2237,0.2298,0.2361,0.2425,0.2491,0.2557,0.2626,0.2703,0.2756,0.2836,0.2915,0.2995,0.3048,0.3127,0.318,0.326
Ethiopia,IPPU,Emissions (CO2eq) (AR5),kilotonnes,423.1587,432.6122,433.3663,524.6153,602.1577,706.6904,763.3767,721.8407,801.2075,749.3802,732.553,898.726,1459.9969,1861.3627,2212.6339,3023.9051,3335.2735,3606.5421,3727.9105,4039.1791,4050.4503
Ethiopia,Waste,Emissions (CH4),kilotonnes,339,350,361,371,385,397,410,424,439,452,468,483,499,516,533,550,569,587,604,614,629
Ethiopia,Waste,Emissions (N2O),kilotonnes,2.17,2.23,2.3,2.43,2.53,2.65,2.76,2.86,2.98,3.13,3.3,3.45,3.56,3.64,3.77,3.93,4.16,4.31,4.45,4.53,4.67
Ethiopia,Waste,Emissions (CO2),kilotonnes,0.618,0.644,0.671,0.7,0.729,0.758,0.79,0.822,0.855,0.889,0.926,0.964,1,1.05,1.1,1.15,1.21,1.27,1.33,1.33,1.37
Ethiopia,Waste,Emissions (CO2eq) from CH4 (AR5),kilotonnes,9492,9800,10108,10388,10780,11116,11480,11872,12292,12656,13104,13524,13972,14448,14924,15400,15932,16436,16912,17192,17612
Ethiopia,Waste,Emissions (CO2eq) from N2O (AR5),kilotonnes,575.05,590.95,609.5,643.95,670.45,702.25,731.4,757.9,789.7,829.45,874.5,914.25,943.4,964.6,999.05,1041.45,1102.4,1142.15,1179.25,1200.45,1237.55
Ethiopia,Waste,Emissions (CO2eq) (AR5),kilotonnes,10067.668,10391.594,10718.171,11032.65,11451.179,11819.008,12212.19,12630.722,13082.555,13486.339,13979.426,14439.214,14916.4,15413.65,15924.15,16442.6,17035.61,17579.42,18092.58,18393.78,18850.92
Ethiopia,Other,Emissions (N2O),kilotonnes,2.32,2.41,2.48,2.55,2.64,2.7,2.78,2.88,3.02,3.06,3.07,3.18,3.28,3.41,3.54,3.6,3.73,3.86,3.9,3.98,4.08
Ethiopia,Other,Emissions (CO2eq) from N2O (AR5),kilotonnes,614.8,638.65,657.2,675.75,699.6,715.5,736.7,763.2,800.3,810.9,813.55,842.7,869.2,903.65,938.1,954,988.45,1022.9,1033.5,1054.7,1081.2
Ethiopia,Other,Emissions (CO2eq) (AR5),kilotonnes,614.8,638.65,657.2,675.75,699.6,715.5,736.7,763.2,800.3,810.9,813.55,842.7,869.2,903.65,938.1,954,988.45,1022.9,1033.5,1054.7,1081.2
Ethiopia,Farm-gate emissions,Emissions (CH4),kilotonnes,1398.3772,1472.0575,1684.0039,1629.6957,1655.4104,1731.8965,1844.3011,2062.0021,2153.5939,2252.871,2361.4346,2310.1365,2395.7393,2471.1127,2552.4703,2607.7106,2681.1007,2732.374,2765.6167,3006.0367,3172.8586
Ethiopia,Farm-gate emissions,Direct emissions (N2O),kilotonnes,51.4864,55.3299,62.9593,60.5258,62.1513,64.9498,70.2806,78.1775,81.714,85.6302,90.5282,88.6943,93.3311,95.2715,99.6892,101.7434,106.3873,109.0592,111.4037,120.6654,127.488
Ethiopia,Farm-gate emissions,Indirect emissions (N2O),kilotonnes,12.559,13.4881,15.4288,14.9031,15.5745,16.379,17.802,19.8737,20.768,21.6792,22.9135,22.4495,23.7403,24.354,25.6056,26.1215,27.4494,28.2653,29.2559,32.1552,33.8638
Ethiopia,Farm-gate emissions,Emissions (N2O),kilotonnes,74.1735,76.8179,88.6086,84.3527,87.2665,91.7683,96.4387,108.2121,111.2469,116.4927,122.0321,119.9227,126.729,128.9702,134.1864,137.6906,143.1522,145.9603,148.1022,160.974,169.5381
Ethiopia,Farm-gate emissions,Emissions (CO2),kilotonnes,5822.9274,5873.798,5938.9379,5916.0167,5962.1732,6000.9073,6036.8051,6052.6042,6093.3447,6172.3418,6191.3606,6331.3655,6387.421,6422.5583,6415.9138,6381.6453,6441.8704,6475.8783,6452.5685,6394.9461,6417.5294
Ethiopia,Farm-gate emissions,Emissions (CO2eq) from CH4 (AR5),kilotonnes,39154.5602,41217.6102,47152.1087,45631.4806,46351.4909,48493.1021,51640.4301,57736.06,60300.6305,63080.3884,66120.1698,64683.8219,67080.7015,69191.1544,71469.1671,73015.896,75070.8185,76506.4716,77437.2675,84169.0272,88840.0416
Ethiopia,Farm-gate emissions,Emissions (CO2eq) from N2O (AR5),kilotonnes,19655.9744,20356.7547,23481.2809,22353.4639,23125.6167,24318.6021,25556.2599,28676.2079,29480.4233,30870.5752,32338.5123,31779.5157,33583.1736,34177.1077,35559.4021,36488.0173,37935.3207,38679.4922,39247.0743,42658.1106,44927.6091
Ethiopia,Farm-gate emissions,Emissions (CO2eq) (AR5),kilotonnes,64633.462,67448.1628,76572.3275,73900.9612,75439.2808,78812.6115,83233.4951,92464.872,95874.3986,100123.3054,104650.0426,102794.7031,107051.296,109790.8205,113444.483,115885.5587,119448.0096,121661.842,123136.9102,133222.0839,140185.1801
Ethiopia,Land Use change,Emissions (CH4),kilotonnes,12.3275,5.4629,8.8034,11.3353,9.8008,12.221,7.5826,11.1918,8.3007,5.838,11.487,11.5827,11.4417,7.7715,8.7875,7.2156,7.8061,9.6279,6.9204,8.2954,4.6678
Ethiopia,Land Use change,Emissions (N2O),kilotonnes,0.3626,0.4988,0.8038,1.035,0.8949,1.1158,0.6923,1.0219,0.7579,0.533,1.0488,1.0576,1.0447,0.7096,0.8023,0.6588,0.7127,0.8791,0.6319,0.7574,0.4262
Ethiopia,Land Use change,Emissions (CO2),kilotonnes,19405.8333,30060.1136,30060.1136,30060.1136,30060.1136,30060.1136,30060.1136,30060.1136,30060.1136,30060.1136,30060.1136,31379.165,31379.165,31379.165,31379.165,31379.165,31196.0308,31196.0308,31196.0308,31196.0308,31196.0308
Ethiopia,Land Use change,Emissions (CO2eq) from CH4 (AR5),kilotonnes,345.1706,152.9606,246.4958,317.3892,274.421,342.1881,212.3133,313.37,232.4204,163.4628,321.6347,324.3165,320.3688,217.6027,246.0488,202.0377,218.57,269.5811,193.7709,232.272,130.6985
Ethiopia,Land Use change,Emissions (CO2eq) from N2O (AR5),kilotonnes,96.0821,132.1779,213.0045,274.2656,237.1356,295.6952,183.4664,270.7926,200.8415,141.2532,277.9344,280.2518,276.8405,188.0371,212.6183,174.5869,188.873,232.9532,167.4433,200.7133,112.9406
Ethiopia,Land Use change,Emissions (CO2eq) (AR5),kilotonnes,19847.0861,30345.2521,30519.6138,30651.7684,30571.6702,30697.9969,30455.8933,30644.2762,30493.3755,30364.8296,30659.6827,31983.7332,31976.3742,31784.8048,31837.8321,31755.7895,31603.4738,31698.5651,31557.245,31629.0162,31439.6699
Ethiopia,Emissions on agricultural land,Emissions (CH4),kilotonnes,1410.7047,1477.5204,1692.8073,1641.0311,1665.2111,1744.1175,1851.8837,2073.1939,2161.8947,2258.709,2372.9216,2321.7192,2407.1811,2478.8842,2561.2577,2614.9262,2688.9067,2742.0019,2772.5371,3014.3321,3177.5264
Ethiopia,Emissions on agricultural land,Emissions (N2O),kilotonnes,74.5361,77.3167,89.4124,85.3877,88.1613,92.8841,97.131,109.234,112.0048,117.0258,123.0809,120.9803,127.7736,129.6798,134.9888,138.3494,143.8649,146.8394,148.734,161.7314,169.9643
Ethiopia,Emissions on agricultural land,Emissions (CO2),kilotonnes,25228.7607,35933.9116,35999.0515,35976.1303,36022.2868,36061.0209,36096.9187,36112.7178,36153.4583,36232.4554,36251.4742,37710.5305,37766.5859,37801.7233,37795.0788,37760.8103,37637.9012,37671.9091,37648.5993,37590.9769,37613.5602
Ethiopia,Emissions on agricultural land,Emissions (CO2eq) from CH4 (AR5),kilotonnes,39499.7309,41370.5708,47398.6045,45948.8698,46625.9119,48835.2902,51852.7434,58049.43,60533.0509,63243.8513,66441.8045,65008.1384,67401.0703,69408.7571,71715.2159,73217.9336,75289.3885,76776.0527,77631.0383,84401.2993,88970.7401
Ethiopia,Emissions on agricultural land,Emissions (CO2eq) from N2O (AR5),kilotonnes,19752.0565,20488.9326,23694.2854,22627.7295,23362.7522,24614.2972,25739.7263,28947.0004,29681.2649,31011.8284,32616.4466,32059.7675,33860.014,34365.1448,35772.0203,36662.6042,38124.1937,38912.4454,39414.5176,42858.8239,45040.5497
Ethiopia,Emissions on agricultural land,Emissions (CO2eq) (AR5),kilotonnes,84480.5481,97793.4149,107091.9414,104552.7296,106010.9509,109510.6084,113689.3884,123109.1482,126367.7741,130488.1351,135309.7254,134778.4364,139027.6703,141575.6252,145282.315,147641.3482,151051.4834,153360.4071,154694.1552,164851.1001,171624.85
Ethiopia,Pre- and post- production,Emissions (CH4),kilotonnes,233.925,234.334,234.7013,229.265,220.5006,223.6843,227.1709,230.9588,234.8596,239.6382,243.6895,247.4583,252.3658,258.6468,263.3993,265.3559,266.2826,270.4577,274.434,278.7283,282.9683
Ethiopia,Pre- and post- production,Emissions (N2O),kilotonnes,1.3821,1.4505,1.4986,1.4818,1.4017,1.5139,1.5591,1.6073,1.7139,1.8107,1.8937,1.9672,2.0364,2.077,2.2599,2.3318,2.3824,2.4365,2.5029,2.5712,2.6409
Ethiopia,Pre- and post- production,Emissions (CO2),kilotonnes,806.1317,1090.9748,1102.6505,1003.1365,615.8205,565.1536,663.503,756.2796,815.3904,865.4469,850.9458,948.7462,1033.7998,1164.0777,1350.7216,1434.125,1551.8868,1593.5875,1671.8764,1488.4719,1326.9323
Ethiopia,Pre- and post- production,Emissions (CO2eq) from F-gases (AR5),kilotonnes,4.6755,5.195,5.195,7.7925,9.8705,10.39,11.429,12.9875,12.9875,12.9875,12.9875,12.9875,12.9875,12.9875,12.9875,12.9875,14.0265,14.546,14.546,15.0655,15.7249
Ethiopia,Pre- and post- production,Emissions (CO2eq) from CH4 (AR5),kilotonnes,6549.8988,6561.3532,6571.6371,6419.4202,6174.0161,6263.1605,6360.7858,6466.8468,6576.0679,6709.8687,6823.3062,6928.832,7066.2429,7242.1091,7375.1799,7429.964,7455.9137,7572.8162,7684.1532,7804.3918,7923.1115
Ethiopia,Pre- and post- production,Emissions (CO2eq) from N2O (AR5),kilotonnes,366.2566,384.3791,397.1198,392.6746,371.458,401.1843,413.1517,425.9407,454.1868,479.8286,501.8286,521.3109,539.6496,550.4068,598.8614,617.9339,631.3407,645.6654,663.2795,681.3616,699.8393
Ethiopia,Pre- and post- production,Emissions (CO2eq) (AR5),kilotonnes,7726.9627,8041.9022,8076.6023,7823.0238,7171.1651,7239.8884,7448.8695,7662.0546,7858.6326,8068.1317,8189.068,8411.8766,8652.6797,8969.5812,9337.7504,9495.0104,9653.1677,9826.6151,10033.8551,9989.2908,9965.608
Ethiopia,Agri-food systems,Emissions (CH4),kilotonnes,1644.6296,1711.8544,1927.5086,1870.2961,1885.7117,1967.8018,2079.0546,2304.1527,2396.7542,2498.3471,2616.6111,2569.1775,2659.5469,2737.5309,2824.657,2880.2821,2955.1894,3012.4596,3046.9711,3293.0604,3460.4947
Ethiopia,Agri-food systems,Emissions (N2O),kilotonnes,75.9182,78.7672,90.911,86.8694,89.5631,94.398,98.6901,110.8413,113.7187,118.8364,124.9746,122.9475,129.8101,131.7568,137.2486,140.6813,146.2473,149.2759,151.237,164.3026,172.6052
Ethiopia,Agri-food systems,Emissions (CO2),kilotonnes,26034.8924,37024.8864,37101.702,36979.2668,36638.1073,36626.1745,36760.4217,36868.9974,36968.8487,37097.9023,37102.42,38659.2767,38800.3857,38965.801,39145.8004,39194.9353,39189.788,39265.4966,39320.4757,39079.4488,38940.4925
Ethiopia,Agri-food systems,Emissions (CO2eq) from F-gases (AR5),kilotonnes,4.6755,5.195,5.195,7.7925,9.8705,10.39,11.429,12.9875,12.9875,12.9875,12.9875,12.9875,12.9875,12.9875,12.9875,12.9875,14.0265,14.546,14.546,15.0655,15.7249
Ethiopia,Agri-food systems,Emissions (CO2eq) from CH4 (AR5),kilotonnes,46049.6297,47931.924,53970.2416,52368.29,52799.928,55098.4508,58213.5292,64516.2768,67109.1187,69953.7199,73265.1107,71936.9704,74467.3132,76650.8663,79090.3958,80647.8977,82745.3022,84348.8689,85315.1916,92205.6911,96893.8516
Ethiopia,Agri-food systems,Emissions (CO2eq) from N2O (AR5),kilotonnes,20118.3132,20873.3117,24091.4051,23020.4041,23734.2103,25015.4815,26152.8779,29372.9411,30135.4517,31491.657,33118.2752,32581.0784,34399.6636,34915.5517,36370.8818,37280.5381,38755.5344,39558.1108,40077.7971,43540.1855,45740.389
Ethiopia,Agri-food systems,Emissions (CO2eq) (AR5),kilotonnes,92207.5108,105835.3171,115168.5437,112375.7534,113182.1161,116750.4968,121138.2579,130771.2027,134226.4067,138556.2668,143498.7934,143190.313,147680.35,150545.2064,154620.0654,157136.3586,160704.6511,163187.0222,164728.0103,174840.3909,181590.458
Ethiopia,IPCC Agriculture,Emissions (CH4),kilotonnes,1398.3476,1472.022,1683.9665,1629.6596,1655.3737,1731.8612,1844.2648,2061.9623,2153.5057,2252.6835,2361.2209,2309.5649,2395.0772,2470.4333,2551.7876,2607.1837,2680.548,2731.8869,2765.1507,3005.6141,3172.436
Ethiopia,IPCC Agriculture,Emissions (CH4),kilotonnes,1308.4979,1391.1811,1615.5305,1573.897,1600.9524,1695.1923,1737.2636,1976.738,1997.8525,2058.6051,2159.3458,2105.055,2178.4176,2193.8427,,,,,,,
Ethiopia,IPCC Agriculture,Direct emissions (N2O),kilotonnes,51.4864,55.3299,62.9593,60.5258,62.1513,64.9498,70.2806,78.1775,81.714,85.6302,90.5282,88.6943,93.3311,95.2715,99.6892,101.7434,106.3873,109.0592,111.4037,120.6654,127.488
Ethiopia,IPCC Agriculture,Indirect emissions (N2O),kilotonnes,12.559,13.4881,15.4288,14.9031,15.5745,16.379,17.802,19.8737,20.768,21.6792,22.9135,22.4495,23.7403,24.354,25.6056,26.1215,27.4494,28.2653,29.2559,32.1552,33.8638
Ethiopia,IPCC Agriculture,Emissions (N2O),kilotonnes,74.1272,76.7605,88.5474,84.2879,87.1931,91.6998,96.364,108.1288,111.1609,116.4037,121.9393,119.8219,126.6154,128.8369,134.0394,137.5333,142.9589,145.7487,147.877,160.7332,169.2974
Ethiopia,IPCC Agriculture,Emissions (N2O),kilotonnes,35.7627,36.5181,44.0758,42.211,47.2033,27.3507,52.9077,35.5223,62.1747,64.269,67.0907,55.9326,68.0028,68.2735,,,,,,,
Ethiopia,IPCC Agriculture,Emissions (CO2eq) from CH4 (AR5),kilotonnes,39153.733,41216.6163,47151.0622,45630.469,46350.4636,48492.1134,51639.4158,57734.9446,60298.1601,63075.1383,66114.1839,64667.8175,67062.1611,69172.131,71450.0528,73001.145,75055.3454,76492.8334,77424.2206,84157.1939,88828.2082
Ethiopia,IPCC Agriculture,Emissions (CO2eq) from CH4 (AR5),kilotonnes,36637.9412,38953.0708,45234.854,44069.116,44826.6672,47465.3844,48643.3808,55348.664,55939.87,57640.9428,60461.6824,58941.54,60995.6928,61427.5956,,,,,,,
Ethiopia,IPCC Agriculture,Emissions (CO2eq) from N2O (AR5),kilotonnes,19643.706,20341.5228,23465.0613,22336.2942,23106.1608,24300.4452,25536.4728,28654.1311,29457.6254,30846.9797,32313.9158,31752.807,33553.0842,34141.7774,35520.4426,36446.3227,37884.1216,38623.4178,39187.4091,42594.3042,44863.8027
Ethiopia,IPCC Agriculture,Emissions (CO2eq) from N2O (AR5),kilotonnes,9477.1155,9677.2965,11680.087,11185.915,12508.8745,7247.9355,14020.5405,9413.4095,16476.2955,17031.285,17779.0355,14822.139,18020.742,18092.4775,,,,,,,
Ethiopia,IPCC Agriculture,Emissions (CO2eq) (AR5),kilotonnes,58797.4391,61558.139,70616.1235,67966.7632,69456.6245,72792.5586,77175.8886,86389.0757,89755.7855,93922.118,98428.0997,96420.6245,100615.2452,103313.9084,106970.4953,109447.4677,112939.4669,115116.2512,116611.6297,126751.498,133692.011
Ethiopia,IPCC Agriculture,Emissions (CO2eq) (AR5),kilotonnes,46115.0567,48630.3673,56914.941,55255.031,57335.5417,54713.3199,62663.9213,64762.0735,72416.1655,74672.2278,78240.7179,73763.679,79016.4348,79520.0731,,,,,,,
Ethiopia,Agricultural Soils,Direct emissions (N2O),kilotonnes,51.4864,55.3299,62.9593,60.5258,62.1513,64.9498,70.2806,78.1775,81.714,85.6302,90.5282,88.6943,93.3311,95.2715,99.6892,101.7434,106.3873,109.0592,111.4037,120.6654,127.488
Ethiopia,Agricultural Soils,Indirect emissions (N2O),kilotonnes,12.559,13.4881,15.4288,14.9031,15.5745,16.379,17.802,19.8737,20.768,21.6792,22.9135,22.4495,23.7403,24.354,25.6056,26.1215,27.4494,28.2653,29.2559,32.1552,33.8638
Ethiopia,Agricultural Soils,Emissions (N2O),kilotonnes,65.2119,69.9885,79.5668,76.6037,78.9033,82.5135,89.2702,99.2383,103.6715,108.5059,114.6395,112.3433,118.2712,120.8253,126.4853,129.0553,135.0208,138.5083,141.833,153.9614,162.4959
Ethiopia,Agricultural Soils,Emissions (N2O),kilotonnes,11.2088,11.7309,13.8872,13.395,17.9932,,19.5732,,23.0136,23.8828,24.8795,14.6999,25.3334,25.3473,,,,,,,
Ethiopia,Agricultural Soils,Emissions (CO2eq) from N2O (AR5),kilotonnes,17281.1647,18546.965,21085.2141,20299.9754,20909.3626,21866.0709,23656.5998,26298.1426,27472.9577,28754.0563,30379.463,29770.9684,31341.8617,32018.7088,33518.6121,34199.6664,35780.501,36704.7074,37585.7441,40799.7754,43061.4252
Ethiopia,Agricultural Soils,Emissions (CO2eq) from N2O (AR5),kilotonnes,2970.332,3108.6885,3680.108,3549.675,4768.198,,5186.898,,6098.604,6328.942,6593.0675,3895.4735,6713.351,6717.0345,,,,,,,
Ethiopia,Agricultural Soils,Emissions (CO2eq) (AR5),kilotonnes,17281.1647,18546.965,21085.2141,20299.9754,20909.3626,21866.0709,23656.5998,26298.1426,27472.9577,28754.0563,30379.463,29770.9684,31341.8617,32018.7088,33518.6121,34199.6664,35780.501,36704.7074,37585.7441,40799.7754,43061.4252
Ethiopia,Agricultural Soils,Emissions (CO2eq) (AR5),kilotonnes,2970.332,3108.6885,3680.108,3549.675,4768.198,,5186.898,,6098.604,6328.942,6593.0675,3895.4735,6713.351,6717.0345,,,,,,,
Ethiopia,LULUCF,Emissions (CH4),kilotonnes,88.438,17.0904,20.7976,27.1233,26.0076,29.5928,26.5105,29.8222,23.4297,15.235,24.9305,25.7573,26.9593,20.2263,20.6945,18.9196,19.5845,20.4892,15.4203,22.5892,28.5424
Ethiopia,LULUCF,Emissions (CH4),kilotonnes,,,,,,,,,,,,,,,,,,,,,
Ethiopia,LULUCF,Emissions (N2O),kilotonnes,2.6014,1.5604,1.8989,2.4765,2.3746,2.7019,2.4205,2.7229,2.1392,1.391,2.2763,2.3518,2.4615,1.8468,1.8895,1.7274,1.7881,1.8708,1.4079,2.0625,2.606
Ethiopia,LULUCF,Emissions (CO2),kilotonnes,25183.4866,29758.25,29811.9192,29792.4317,29809.6776,29854.8891,29874.2157,29870.7934,29892.2314,29936.2602,29943.9646,30432.5985,30431.7263,30413.7546,30355.5786,30355.5786,30595.9157,30594.8862,30536.9888,30453.1504,30475.7336
Ethiopia,LULUCF,Emissions (CO2),kilotonnes,102650.5,118491,108775.1,111746.2,61514.45,61427.34,62162.67,62309.42,76815.91,71883.15,76907.7,102141.4,30434.15,25504.61,,,,,,,
Ethiopia,LULUCF,Emissions (CO2eq) from CH4 (AR5),kilotonnes,2476.2631,478.531,582.3322,759.4518,728.2136,828.5973,742.2936,835.0203,656.0303,426.5801,698.0545,721.2045,754.8609,566.3373,579.445,529.7479,548.3646,573.6977,431.7684,632.4983,799.1871
Ethiopia,LULUCF,Emissions (CO2eq) from N2O (AR5),kilotonnes,689.3736,413.5132,503.211,656.2654,629.2715,716.0161,641.4385,721.5665,566.8957,368.6209,603.2102,623.2148,652.2983,489.3893,500.716,457.7713,473.8586,495.7497,373.1042,546.561,690.6019
Ethiopia,LULUCF,Emissions (CO2eq) (AR5),kilotonnes,28349.1233,30650.2943,30897.4625,31208.149,31167.1628,31399.5025,31257.9478,31427.3801,31115.1574,30731.4612,31245.2294,31777.0177,31838.8856,31469.4812,31435.7397,31343.0979,31618.1389,31664.3336,31341.8614,31632.2096,31965.5226
Ethiopia,LULUCF,Emissions (CO2eq) (AR5),kilotonnes,102650.5,118491,108775.1,111746.2,61514.45,61427.34,62162.67,62309.42,76815.91,71883.15,76907.7,102141.4,30434.15,25504.61,,,,,,,
Ethiopia,AFOLU,Emissions (CH4),kilotonnes,1486.7856,1489.1124,1704.7641,1656.7829,1681.3813,1761.454,1870.7753,2091.7845,2176.9354,2267.9185,2386.1514,2335.3222,2422.0365,2490.6596,2572.4821,2626.1033,2700.1325,2752.3761,2780.571,3028.2033,3200.9784
Ethiopia,AFOLU,Emissions (N2O),kilotonnes,76.7286,78.3209,90.4463,86.7644,89.5677,94.4017,98.7846,110.8517,113.3001,117.7947,124.2156,122.1737,129.0769,130.6836,135.9289,139.2607,144.7471,147.6195,149.285,162.7957,171.9034
Ethiopia,AFOLU,Emissions (CO2),kilotonnes,25183.4866,29758.25,29811.9192,29792.4317,29809.6776,29854.8891,29874.2157,29870.7934,29892.2314,29936.2602,29943.9646,30432.5985,30431.7263,30413.7546,30355.5786,30355.5786,30595.9157,30594.8862,30536.9888,30453.1504,30475.7336
Ethiopia,AFOLU,Emissions (CO2eq) from CH4 (AR5),kilotonnes,41629.9961,41695.1473,47733.3944,46389.9208,47078.6772,49320.7106,52381.7094,58569.9649,60954.1904,63501.7184,66812.2385,65389.022,67817.022,69738.4683,72029.4978,73530.8929,75603.71,77066.5311,77855.989,84789.6921,89627.3953
Ethiopia,AFOLU,Emissions (CO2eq) from N2O (AR5),kilotonnes,20333.0797,20755.036,23968.2723,22992.5596,23735.4324,25016.4613,26177.9113,29375.6975,30024.5211,31215.6006,32917.1259,32376.0217,34205.3825,34631.1667,36021.1586,36904.0941,38357.9801,39119.1675,39560.5133,43140.8652,45554.4046
Ethiopia,AFOLU,Emissions (CO2eq) (AR5),kilotonnes,87146.5624,92208.4333,101513.586,99174.9121,100623.7872,104192.061,108433.8364,117816.4558,120870.9429,124653.5792,129673.329,128197.6422,132454.1308,134783.3897,138406.235,140790.5656,144557.6059,146780.5848,147953.4911,158383.7077,165657.5335
Ethiopia,All sectors with LULUCF,Emissions (CH4),kilotonnes,2224.7856,2251.1124,2489.7641,2463.7829,2515.3813,2618.454,2754.7753,3002.7845,3116.9354,3216.9185,3366.1514,3346.3222,3465.0365,3566.6596,3680.4821,3752.1033,3854.1325,3939.3761,3988.571,4264.2033,4463.9784
Ethiopia,All sectors with LULUCF,Emissions (N2O),kilotonnes,87.7293,89.6816,102.1471,98.8752,102.0685,107.2826,112.0654,124.5626,127.491,132.3757,139.1965,137.6647,145.0379,147.1147,152.89,156.6718,162.8382,166.1906,168.2361,182.1069,191.7546
Ethiopia,All sectors with LULUCF,Emissions (CO2),kilotonnes,28713.1046,34095.894,34309.5902,34731.1317,35043.4066,34890.6471,35266.0057,35789.6154,36399.0864,36470.1492,36369.8906,37923.5625,38622.7263,40294.8046,42466.6786,43156.7286,45107.1257,46776.1562,47438.3188,47364.4804,45997.1036
Ethiopia,All sectors with LULUCF,Emissions (CO2eq) from F-gases (AR5),kilotonnes,3.9648,5.4127,6.1609,6.4039,8.9401,11.4667,12.1469,13.6046,14.965,16.1311,17.2972,18.4633,19.7266,21.0871,22.3504,23.6136,24.9741,26.2374,27.5978,28.8611,30.1244
Ethiopia,All sectors with LULUCF,Emissions (CO2eq) from CH4 (AR5),kilotonnes,62293.9961,63031.1473,69713.3944,68985.9208,70430.6772,73316.7106,77133.7094,84077.9649,87274.1904,90073.7184,94252.2385,93697.022,97021.022,99866.4683,103053.4978,105058.8929,107915.71,110302.5311,111679.989,119397.6921,124991.3953
Ethiopia,All sectors with LULUCF,Emissions (CO2eq) from N2O (AR5),kilotonnes,23248.2737,23765.6355,27068.9777,26201.9211,27048.1499,28429.885,29697.3411,33009.0836,33785.1136,35079.5497,36887.0817,36481.1343,38435.0528,38985.3923,40515.8422,41518.0356,43152.1296,44040.5222,44582.576,48258.3332,50814.9806
Ethiopia,All sectors with LULUCF,Emissions (CO2eq) (AR5),kilotonnes,114259.3391,120898.0895,131098.1233,129925.3775,132531.1739,136648.7094,142109.2031,152890.2685,157473.3554,161639.5485,167526.508,168120.1822,174098.5277,179167.7523,186058.3689,189757.2708,196199.9394,201145.4469,203728.4816,215049.3668,221833.6039
Ethiopia,All sectors without LULUCF,Emissions (CH4),kilotonnes,2136.3476,2234.022,2468.9665,2436.6596,2489.3737,2588.8612,2728.2648,2972.9623,3093.5057,3201.6835,3341.2209,3320.5649,3438.0772,3546.4333,3659.7876,3733.1837,3834.548,3918.8869,3973.1507,4241.6141,4435.436
Ethiopia,All sectors without LULUCF,Emissions (N2O),kilotonnes,85.1279,88.1212,100.2482,96.3987,99.6939,104.5806,109.6449,121.8397,125.3518,130.9846,136.9203,135.3129,142.5764,145.2679,151.0005,154.9444,161.0501,164.3199,166.8282,180.0444,189.1486
Ethiopia,All sectors without LULUCF,Emissions (CO2),kilotonnes,3529.618,4337.644,4497.671,4938.7,5233.729,5035.758,5391.79,5918.822,6506.855,6533.889,6425.926,7490.964,8191,9881.05,12111.1,12801.15,14511.21,16181.27,16901.33,16911.33,15521.37
Ethiopia,All sectors without LULUCF,Emissions (CO2eq) from F-gases (AR5),kilotonnes,3.9648,5.4127,6.1609,6.4039,8.9401,11.4667,12.1469,13.6046,14.965,16.1311,17.2972,18.4633,19.7266,21.0871,22.3504,23.6136,24.9741,26.2374,27.5978,28.8611,30.1244
Ethiopia,All sectors without LULUCF,Emissions (CO2eq) from CH4 (AR5),kilotonnes,59817.733,62552.6163,69131.0622,68226.469,69702.4636,72488.1134,76391.4158,83242.9446,86618.1601,89647.1383,93554.1839,92975.8175,96266.1611,99300.131,102474.0528,104529.145,107367.3454,109728.8334,111248.2206,118765.1939,124192.2082
Ethiopia,All sectors without LULUCF,Emissions (CO2eq) from N2O (AR5),kilotonnes,22558.9,23352.1223,26565.7667,25545.6556,26418.8784,27713.8689,29055.9026,32287.5172,33218.2178,34710.9288,36283.8715,35857.9196,37782.7545,38496.003,40015.1261,41060.2642,42678.271,43544.7725,44209.4718,47711.7722,50124.3787
Ethiopia,All sectors without LULUCF,Emissions (CO2eq) (AR5),kilotonnes,85910.2158,90247.7952,100200.6608,98717.2285,101364.0112,105249.2069,110851.2552,121462.8884,126358.198,130908.0873,136281.2786,136343.1644,142259.6422,147698.2711,154622.6293,158414.1729,164581.8005,169481.1133,172386.6202,183417.1572,189868.0813
Ethiopia PDR,Crop Residues,Direct emissions (N2O),kilotonnes,,,,,,,,,,,,,,,,,,,,,
Ethiopia PDR,Crop Residues,Indirect emissions (N2O),kilotonnes,,,,,,,,,,,,,,,,,,,,,
Ethiopia PDR,Crop Residues,Emissions (N2O),kilotonnes,,,,,,,,,,,,,,,,,,,,,
Ethiopia PDR,Crop Residues,Emissions (CO2eq) from N2O (AR5),kilotonnes,,,,,,,,,,,,,,,,,,,,,
Ethiopia PDR,Crop Residues,Emissions (CO2eq) (AR5),kilotonnes,,,,,,,,,,,,,,,,,,,,,
Ethiopia PDR,Burning - Crop residues,Emissions (CH4),kilotonnes,,,,,,,,,,,,,,,,,,,,,
Ethiopia PDR,Burning - Crop residues,Emissions (N2O),kilotonnes,,,,,,,,,,,,,,,,,,,,,
Ethiopia PDR,Burning - Crop residues,Emissions (CO2eq) from CH4 (AR5),kilotonnes,,,,,,,,,,,,,,,,,,,,,
Ethiopia PDR,Burning - Crop residues,Emissions (CO2eq) from N2O (AR5),kilotonnes,,,,,,,,,,,,,,,,,,,,,
Ethiopia PDR,Burning - Crop residues,Emissions (CO2eq) (AR5),kilotonnes,,,,,,,,,,,,,,,,,,,,,
Ethiopia PDR,Enteric Fermentation,Emissions (CH4),kilotonnes,,,,,,,,,,,,,,,,,,,,,
Ethiopia PDR,Enteric Fermentation,Emissions (CO2eq) from CH4 (AR5),kilotonnes,,,,,,,,,,,,,,,,,,,,,
Ethiopia PDR,Enteric Fermentation,Emissions (CO2eq) (AR5),kilotonnes,,,,,,,,,,,,,,,,,,,,,
Ethiopia PDR,Manure Management,Emissions (CH4),kilotonnes,,,,,,,,,,,,,,,,,,,,,
Ethiopia PDR,Manure Management,Emissions (N2O),kilotonnes,,,,,,,,,,,,,,,,,,,,,
Ethiopia PDR,Manure Management,Emissions (CO2eq) from CH4 (AR5),kilotonnes,,,,,,,,,,,,,,,,,,,,,
Ethiopia PDR,Manure Management,Emissions (CO2eq) from N2O (AR5),kilotonnes,,,,,,,,,,,,,,,,,,,,,
Ethiopia PDR,Manure Management,Emissions (CO2eq) (AR5),kilotonnes,,,,,,,,,,,,,,,,,,,,,
Ethiopia PDR,Manure left on Pasture,Direct emissions (N2O),kilotonnes,,,,,,,,,,,,,,,,,,,,,
Ethiopia PDR,Manure left on Pasture,Indirect emissions (N2O),kilotonnes,,,,,,,,,,,,,,,,,,,,,
Ethiopia PDR,Manure left on Pasture,Emissions (N2O),kilotonnes,,,,,,,,,,,,,,,,,,,,,
Ethiopia PDR,Manure left on Pasture,Emissions (CO2eq) from N2O (AR5),kilotonnes,,,,,,,,,,,,,,,,,,,,,
Ethiopia PDR,Manure left on Pasture,Emissions (CO2eq) (AR5),kilotonnes,,,,,,,,,,,,,,,,,,,,,
Ethiopia PDR,Manure applied to Soils,Direct emissions (N2O),kilotonnes,,,,,,,,,,,,,,,,,,,,,
Ethiopia PDR,Manure applied to Soils,Indirect emissions (N2O),kilotonnes,,,,,,,,,,,,,,,,,,,,,
Ethiopia PDR,Manure applied to Soils,Emissions (N2O),kilotonnes,,,,,,,,,,,,,,,,,,,,,
Ethiopia PDR,Manure applied to Soils,Emissions (CO2eq) from N2O (AR5),kilotonnes,,,,,,,,,,,,,,,,,,,,,
Ethiopia PDR,Manure applied to Soils,Emissions (CO2eq) (AR5),kilotonnes,,,,,,,,,,,,,,,,,,,,,
Ethiopia PDR,Synthetic Fertilizers,Direct emissions (N2O),kilotonnes,,,,,,,,,,,,,,,,,,,,,
Ethiopia PDR,Synthetic Fertilizers,Indirect emissions (N2O),kilotonnes,,,,,,,,,,,,,,,,,,,,,
Ethiopia PDR,Synthetic Fertilizers,Emissions (N2O),kilotonnes,,,,,,,,,,,,,,,,,,,,,
Ethiopia PDR,Synthetic Fertilizers,Emissions (CO2eq) from N2O (AR5),kilotonnes,,,,,,,,,,,,,,,,,,,,,
Ethiopia PDR,Synthetic Fertilizers,Emissions (CO2eq) (AR5),kilotonnes,,,,,,,,,,,,,,,,,,,,,
Ethiopia PDR,Drained organic soils,Emissions (CO2eq) (AR5),kilotonnes,,,,,,,,,,,,,,,,,,,,,
Ethiopia PDR,Drained organic soils (CO2),Emissions (CO2),kilotonnes,,,,,,,,,,,,,,,,,,,,,
Ethiopia PDR,Drained organic soils (CO2),Emissions (CO2eq) (AR5),kilotonnes,,,,,,,,,,,,,,,,,,,,,
Ethiopia PDR,Drained organic soils (N2O),Emissions (N2O),kilotonnes,,,,,,,,,,,,,,,,,,,,,
Ethiopia PDR,Drained organic soils (N2O),Emissions (CO2eq) from N2O (AR5),kilotonnes,,,,,,,,,,,,,,,,,,,,,
Ethiopia PDR,Drained organic soils (N2O),Emissions (CO2eq) (AR5),kilotonnes,,,,,,,,,,,,,,,,,,,,,
Ethiopia PDR,On-farm energy use,Emissions (CH4),kilotonnes,,,,,,,,,,,,,,,,,,,,,
Ethiopia PDR,On-farm energy use,Emissions (N2O),kilotonnes,,,,,,,,,,,,,,,,,,,,,
Ethiopia PDR,On-farm energy use,Emissions (CO2),kilotonnes,,,,,,,,,,,,,,,,,,,,,
Ethiopia PDR,On-farm energy use,Emissions (CO2eq) from CH4 (AR5),kilotonnes,,,,,,,,,,,,,,,,,,,,,
Ethiopia PDR,On-farm energy use,Emissions (CO2eq) from N2O (AR5),kilotonnes,,,,,,,,,,,,,,,,,,,,,
Ethiopia PDR,On-farm energy use,Emissions (CO2eq) (AR5),kilotonnes,,,,,,,,,,,,,,,,,,,,,
Ethiopia PDR,Forestland,Emissions (CO2),kilotonnes,,,,,,,,,,,,,,,,,,,,,
Ethiopia PDR,Forestland,Emissions (CO2eq) (AR5),kilotonnes,,,,,,,,,,,,,,,,,,,,,
Ethiopia PDR,Net Forest conversion,Emissions (CO2),kilotonnes,,,,,,,,,,,,,,,,,,,,,
Ethiopia PDR,Net Forest conversion,Emissions (CO2eq) (AR5),kilotonnes,,,,,,,,,,,,,,,,,,,,,
Ethiopia PDR,Savanna fires,Emissions (CH4),kilotonnes,,,,,,,,,,,,,,,,,,,,,
Ethiopia PDR,Savanna fires,Emissions (N2O),kilotonnes,,,,,,,,,,,,,,,,,,,,,
Ethiopia PDR,Savanna fires,Emissions (CO2eq) from CH4 (AR5),kilotonnes,,,,,,,,,,,,,,,,,,,,,
Ethiopia PDR,Savanna fires,Emissions (CO2eq) from N2O (AR5),kilotonnes,,,,,,,,,,,,,,,,,,,,,
Ethiopia PDR,Savanna fires,Emissions (CO2eq) (AR5),kilotonnes,,,,,,,,,,,,,,,,,,,,,
Ethiopia PDR,Fires in organic soils,Emissions (CH4),kilotonnes,,,,,,,,,,,,,,,,,,,,,
Ethiopia PDR,Fires in organic soils,Emissions (CO2),kilotonnes,,,,,,,,,,,,,,,,,,,,,
Ethiopia PDR,Fires in organic soils,Emissions (CO2eq) from CH4 (AR5),kilotonnes,,,,,,,,,,,,,,,,,,,,,
Ethiopia PDR,Fires in organic soils,Emissions (CO2eq) (AR5),kilotonnes,,,,,,,,,,,,,,,,,,,,,
Ethiopia PDR,Forest fires,Emissions (CH4),kilotonnes,,,,,,,,,,,,,,,,,,,,,
Ethiopia PDR,Forest fires,Emissions (N2O),kilotonnes,,,,,,,,,,,,,,,,,,,,,
Ethiopia PDR,Forest fires,Emissions (CO2eq) from CH4 (AR5),kilotonnes,,,,,,,,,,,,,,,,,,,,,
Ethiopia PDR,Forest fires,Emissions (CO2eq) from N2O (AR5),kilotonnes,,,,,,,,,,,,,,,,,,,,,
Ethiopia PDR,Forest fires,Emissions (CO2eq) (AR5),kilotonnes,,,,,,,,,,,,,,,,,,,,,
Ethiopia PDR,Fires in humid tropical forests,Emissions (CH4),kilotonnes,,,,,,,,,,,,,,,,,,,,,
Ethiopia PDR,Fires in humid tropical forests,Emissions (N2O),kilotonnes,,,,,,,,,,,,,,,,,,,,,
Ethiopia PDR,Fires in humid tropical forests,Emissions (CO2eq) from CH4 (AR5),kilotonnes,,,,,,,,,,,,,,,,,,,,,
Ethiopia PDR,Fires in humid tropical forests,Emissions (CO2eq) from N2O (AR5),kilotonnes,,,,,,,,,,,,,,,,,,,,,
Ethiopia PDR,Fires in humid tropical forests,Emissions (CO2eq) (AR5),kilotonnes,,,,,,,,,,,,,,,,,,,,,
Ethiopia PDR,Waste - agri-food systems,Emissions (CH4),kilotonnes,,,,,,,,,,,,,,,,,,,,,
Ethiopia PDR,Waste - agri-food systems,Emissions (N2O),kilotonnes,,,,,,,,,,,,,,,,,,,,,
Ethiopia PDR,Waste - agri-food systems,Emissions (CO2eq) from CH4 (AR5),kilotonnes,,,,,,,,,,,,,,,,,,,,,
Ethiopia PDR,Waste - agri-food systems,Emissions (CO2eq) from N2O (AR5),kilotonnes,,,,,,,,,,,,,,,,,,,,,
Ethiopia PDR,Waste - agri-food systems,Emissions (CO2eq) (AR5),kilotonnes,,,,,,,,,,,,,,,,,,,,,
Ethiopia PDR,On-farm electricity use,Emissions (CH4),kilotonnes,,,,,,,,,,,,,,,,,,,,,
Ethiopia PDR,On-farm electricity use,Emissions (N2O),kilotonnes,,,,,,,,,,,,,,,,,,,,,
Ethiopia PDR,On-farm electricity use,Emissions (CO2),kilotonnes,,,,,,,,,,,,,,,,,,,,,
Ethiopia PDR,On-farm electricity use,Emissions (CO2eq) from CH4 (AR5),kilotonnes,,,,,,,,,,,,,,,,,,,,,
Ethiopia PDR,On-farm electricity use,Emissions (CO2eq) from N2O (AR5),kilotonnes,,,,,,,,,,,,,,,,,,,,,
Ethiopia PDR,On-farm electricity use,Emissions (CO2eq) (AR5),kilotonnes,,,,,,,,,,,,,,,,,,,,,
Ethiopia PDR,Energy,Emissions (CH4),kilotonnes,,,,,,,,,,,,,,,,,,,,,
Ethiopia PDR,Energy,Emissions (N2O),kilotonnes,,,,,,,,,,,,,,,,,,,,,
Ethiopia PDR,Energy,Emissions (CO2),kilotonnes,,,,,,,,,,,,,,,,,,,,,
Ethiopia PDR,Energy,Emissions (CO2eq) from CH4 (AR5),kilotonnes,,,,,,,,,,,,,,,,,,,,,
Ethiopia PDR,Energy,Emissions (CO2eq) from N2O (AR5),kilotonnes,,,,,,,,,,,,,,,,,,,,,
Ethiopia PDR,Energy,Emissions (CO2eq) (AR5),kilotonnes,,,,,,,,,,,,,,,,,,,,,
Ethiopia PDR,IPPU,Emissions (N2O),kilotonnes,,,,,,,,,,,,,,,,,,,,,
Ethiopia PDR,IPPU,Emissions (CO2),kilotonnes,,,,,,,,,,,,,,,,,,,,,
Ethiopia PDR,IPPU,Emissions (CO2eq) from F-gases (AR5),kilotonnes,,,,,,,,,,,,,,,,,,,,,
Ethiopia PDR,IPPU,Emissions (CO2eq) from N2O (AR5),kilotonnes,,,,,,,,,,,,,,,,,,,,,
Ethiopia PDR,IPPU,Emissions (CO2eq) (AR5),kilotonnes,,,,,,,,,,,,,,,,,,,,,
Ethiopia PDR,Waste,Emissions (CH4),kilotonnes,,,,,,,,,,,,,,,,,,,,,
Ethiopia PDR,Waste,Emissions (N2O),kilotonnes,,,,,,,,,,,,,,,,,,,,,
Ethiopia PDR,Waste,Emissions (CO2),kilotonnes,,,,,,,,,,,,,,,,,,,,,
Ethiopia PDR,Waste,Emissions (CO2eq) from CH4 (AR5),kilotonnes,,,,,,,,,,,,,,,,,,,,,
Ethiopia PDR,Waste,Emissions (CO2eq) from N2O (AR5),kilotonnes,,,,,,,,,,,,,,,,,,,,,
Ethiopia PDR,Waste,Emissions (CO2eq) (AR5),kilotonnes,,,,,,,,,,,,,,,,,,,,,
Ethiopia PDR,Other,Emissions (N2O),kilotonnes,,,,,,,,,,,,,,,,,,,,,
Ethiopia PDR,Other,Emissions (CO2eq) from N2O (AR5),kilotonnes,,,,,,,,,,,,,,,,,,,,,
Ethiopia PDR,Other,Emissions (CO2eq) (AR5),kilotonnes,,,,,,,,,,,,,,,,,,,,,
Ethiopia PDR,Farm-gate emissions,Emissions (CH4),kilotonnes,,,,,,,,,,,,,,,,,,,,,
Ethiopia PDR,Farm-gate emissions,Direct emissions (N2O),kilotonnes,,,,,,,,,,,,,,,,,,,,,
Ethiopia PDR,Farm-gate emissions,Indirect emissions (N2O),kilotonnes,,,,,,,,,,,,,,,,,,,,,
Ethiopia PDR,Farm-gate emissions,Emissions (N2O),kilotonnes,,,,,,,,,,,,,,,,,,,,,
Ethiopia PDR,Farm-gate emissions,Emissions (CO2),kilotonnes,,,,,,,,,,,,,,,,,,,,,
Ethiopia PDR,Farm-gate emissions,Emissions (CO2eq) from CH4 (AR5),kilotonnes,,,,,,,,,,,,,,,,,,,,,
Ethiopia PDR,Farm-gate emissions,Emissions (CO2eq) from N2O (AR5),kilotonnes,,,,,,,,,,,,,,,,,,,,,
Ethiopia PDR,Farm-gate emissions,Emissions (CO2eq) (AR5),kilotonnes,,,,,,,,,,,,,,,,,,,,,
Ethiopia PDR,Land Use change,Emissions (CH4),kilotonnes,,,,,,,,,,,,,,,,,,,,,
Ethiopia PDR,Land Use change,Emissions (N2O),kilotonnes,,,,,,,,,,,,,,,,,,,,,
Ethiopia PDR,Land Use change,Emissions (CO2),kilotonnes,,,,,,,,,,,,,,,,,,,,,
Ethiopia PDR,Land Use change,Emissions (CO2eq) from CH4 (AR5),kilotonnes,,,,,,,,,,,,,,,,,,,,,
Ethiopia PDR,Land Use change,Emissions (CO2eq) from N2O (AR5),kilotonnes,,,,,,,,,,,,,,,,,,,,,
Ethiopia PDR,Land Use change,Emissions (CO2eq) (AR5),kilotonnes,,,,,,,,,,,,,,,,,,,,,
Ethiopia PDR,Emissions on agricultural land,Emissions (CH4),kilotonnes,,,,,,,,,,,,,,,,,,,,,
Ethiopia PDR,Emissions on agricultural land,Emissions (N2O),kilotonnes,,,,,,,,,,,,,,,,,,,,,
Ethiopia PDR,Emissions on agricultural land,Emissions (CO2),kilotonnes,,,,,,,,,,,,,,,,,,,,,
Ethiopia PDR,Emissions on agricultural land,Emissions (CO2eq) from CH4 (AR5),kilotonnes,,,,,,,,,,,,,,,,,,,,,
Ethiopia PDR,Emissions on agricultural land,Emissions (CO2eq) from N2O (AR5),kilotonnes,,,,,,,,,,,,,,,,,,,,,
Ethiopia PDR,Emissions on agricultural land,Emissions (CO2eq) (AR5),kilotonnes,,,,,,,,,,,,,,,,,,,,,
Ethiopia PDR,Pre- and post- production,Emissions (CH4),kilotonnes,,,,,,,,,,,,,,,,,,,,,
Ethiopia PDR,Pre- and post- production,Emissions (N2O),kilotonnes,,,,,,,,,,,,,,,,,,,,,
Ethiopia PDR,Pre- and post- production,Emissions (CO2),kilotonnes,,,,,,,,,,,,,,,,,,,,,
Ethiopia PDR,Pre- and post- production,Emissions (CO2eq) from CH4 (AR5),kilotonnes,,,,,,,,,,,,,,,,,,,,,
Ethiopia PDR,Pre- and post- production,Emissions (CO2eq) from N2O (AR5),kilotonnes,,,,,,,,,,,,,,,,,,,,,
Ethiopia PDR,Pre- and post- production,Emissions (CO2eq) (AR5),kilotonnes,,,,,,,,,,,,,,,,,,,,,
Ethiopia PDR,Agri-food systems,Emissions (CH4),kilotonnes,,,,,,,,,,,,,,,,,,,,,
Ethiopia PDR,Agri-food systems,Emissions (N2O),kilotonnes,,,,,,,,,,,,,,,,,,,,,
Ethiopia PDR,Agri-food systems,Emissions (CO2),kilotonnes,,,,,,,,,,,,,,,,,,,,,
Ethiopia PDR,Agri-food systems,Emissions (CO2eq) from CH4 (AR5),kilotonnes,,,,,,,,,,,,,,,,,,,,,
Ethiopia PDR,Agri-food systems,Emissions (CO2eq) from N2O (AR5),kilotonnes,,,,,,,,,,,,,,,,,,,,,
Ethiopia PDR,Agri-food systems,Emissions (CO2eq) (AR5),kilotonnes,,,,,,,,,,,,,,,,,,,,,
Ethiopia PDR,IPCC Agriculture,Emissions (CH4),kilotonnes,,,,,,,,,,,,,,,,,,,,,
Ethiopia PDR,IPCC Agriculture,Direct emissions (N2O),kilotonnes,,,,,,,,,,,,,,,,,,,,,
Ethiopia PDR,IPCC Agriculture,Indirect emissions (N2O),kilotonnes,,,,,,,,,,,,,,,,,,,,,
Ethiopia PDR,IPCC Agriculture,Emissions (N2O),kilotonnes,,,,,,,,,,,,,,,,,,,,,
Ethiopia PDR,IPCC Agriculture,Emissions (CO2eq) from CH4 (AR5),kilotonnes,,,,,,,,,,,,,,,,,,,,,
Ethiopia PDR,IPCC Agriculture,Emissions (CO2eq) from N2O (AR5),kilotonnes,,,,,,,,,,,,,,,,,,,,,
Ethiopia PDR,IPCC Agriculture,Emissions (CO2eq) (AR5),kilotonnes,,,,,,,,,,,,,,,,,,,,,
Ethiopia PDR,Agricultural Soils,Direct emissions (N2O),kilotonnes,,,,,,,,,,,,,,,,,,,,,
Ethiopia PDR,Agricultural Soils,Indirect emissions (N2O),kilotonnes,,,,,,,,,,,,,,,,,,,,,
Ethiopia PDR,Agricultural Soils,Emissions (N2O),kilotonnes,,,,,,,,,,,,,,,,,,,,,
Ethiopia PDR,Agricultural Soils,Emissions (CO2eq) from N2O (AR5),kilotonnes,,,,,,,,,,,,,,,,,,,,,
Ethiopia PDR,Agricultural Soils,Emissions (CO2eq) (AR5),kilotonnes,,,,,,,,,,,,,,,,,,,,,
Ethiopia PDR,LULUCF,Emissions (CH4),kilotonnes,,,,,,,,,,,,,,,,,,,,,
Ethiopia PDR,LULUCF,Emissions (N2O),kilotonnes,,,,,,,,,,,,,,,,,,,,,
Ethiopia PDR,LULUCF,Emissions (CO2),kilotonnes,,,,,,,,,,,,,,,,,,,,,
Ethiopia PDR,LULUCF,Emissions (CO2eq) from CH4 (AR5),kilotonnes,,,,,,,,,,,,,,,,,,,,,
Ethiopia PDR,LULUCF,Emissions (CO2eq) from N2O (AR5),kilotonnes,,,,,,,,,,,,,,,,,,,,,
Ethiopia PDR,LULUCF,Emissions (CO2eq) (AR5),kilotonnes,,,,,,,,,,,,,,,,,,,,,
Ethiopia PDR,AFOLU,Emissions (CH4),kilotonnes,,,,,,,,,,,,,,,,,,,,,
Ethiopia PDR,AFOLU,Emissions (N2O),kilotonnes,,,,,,,,,,,,,,,,,,,,,
Ethiopia PDR,AFOLU,Emissions (CO2),kilotonnes,,,,,,,,,,,,,,,,,,,,,
Ethiopia PDR,AFOLU,Emissions (CO2eq) from CH4 (AR5),kilotonnes,,,,,,,,,,,,,,,,,,,,,
Ethiopia PDR,AFOLU,Emissions (CO2eq) from N2O (AR5),kilotonnes,,,,,,,,,,,,,,,,,,,,,
Ethiopia PDR,AFOLU,Emissions (CO2eq) (AR5),kilotonnes,,,,,,,,,,,,,,,,,,,,,
Ethiopia PDR,All sectors with LULUCF,Emissions (CH4),kilotonnes,,,,,,,,,,,,,,,,,,,,,
Ethiopia PDR,All sectors with LULUCF,Emissions (N2O),kilotonnes,,,,,,,,,,,,,,,,,,,,,
Ethiopia PDR,All sectors with LULUCF,Emissions (CO2),kilotonnes,,,,,,,,,,,,,,,,,,,,,
Ethiopia PDR,All sectors with LULUCF,Emissions (CO2eq) from F-gases (AR5),kilotonnes,,,,,,,,,,,,,,,,,,,,,
Ethiopia PDR,All sectors with LULUCF,Emissions (CO2eq) from CH4 (AR5),kilotonnes,,,,,,,,,,,,,,,,,,,,,
Ethiopia PDR,All sectors with LULUCF,Emissions (CO2eq) from N2O (AR5),kilotonnes,,,,,,,,,,,,,,,,,,,,,
Ethiopia PDR,All sectors with LULUCF,Emissions (CO2eq) (AR5),kilotonnes,,,,,,,,,,,,,,,,,,,,,
Ethiopia PDR,All sectors without LULUCF,Emissions (CH4),kilotonnes,,,,,,,,,,,,,,,,,,,,,
Ethiopia PDR,All sectors without LULUCF,Emissions (N2O),kilotonnes,,,,,,,,,,,,,,,,,,,,,
Ethiopia PDR,All sectors without LULUCF,Emissions (CO2),kilotonnes,,,,,,,,,,,,,,,,,,,,,
Ethiopia PDR,All sectors without LULUCF,Emissions (CO2eq) from F-gases (AR5),kilotonnes,,,,,,,,,,,,,,,,,,,,,
Ethiopia PDR,All sectors without LULUCF,Emissions (CO2eq) from CH4 (AR5),kilotonnes,,,,,,,,,,,,,,,,,,,,,
Ethiopia PDR,All sectors without LULUCF,Emissions (CO2eq) from N2O (AR5),kilotonnes,,,,,,,,,,,,,,,,,,,,,
Ethiopia PDR,All sectors without LULUCF,Emissions (CO2eq) (AR5),kilotonnes,,,,,,,,,,,,,,,,,,,,,
Falkland Islands (Malvinas),Drained organic soils,Emissions (CO2eq) (AR5),kilotonnes,6571.8718,6564.0395,6562.229,6561.828,6562.2274,6557.6859,6557.6859,6556.6908,6556.6908,6556.491,6556.6905,6556.6905,6556.6905,6557.8935,6557.8935,6557.8935,6557.8935,6557.8935,6557.6939,6557.8579,6557.2724
Falkland Islands (Malvinas),Drained organic soils (CO2),Emissions (CO2),kilotonnes,5525.9228,5519.3223,5517.7971,5517.46,5517.7959,5513.9702,5513.9702,5513.1334,5513.1334,5512.9654,5513.1332,5513.1332,5513.1332,5514.1447,5514.1447,5514.1447,5514.1447,5514.1447,5513.9769,5514.117,5513.6247
Falkland Islands (Malvinas),Drained organic soils (CO2),Emissions (CO2eq) (AR5),kilotonnes,5525.9228,5519.3223,5517.7971,5517.46,5517.7959,5513.9702,5513.9702,5513.1334,5513.1334,5512.9654,5513.1332,5513.1332,5513.1332,5514.1447,5514.1447,5514.1447,5514.1447,5514.1447,5513.9769,5514.117,5513.6247
Falkland Islands (Malvinas),Drained organic soils (N2O),Emissions (N2O),kilotonnes,3.947,3.9423,3.9413,3.941,3.9413,3.9386,3.9386,3.938,3.938,3.9378,3.938,3.938,3.938,3.9387,3.9387,3.9387,3.9387,3.9387,3.9386,3.9386,3.9383
Falkland Islands (Malvinas),Drained organic soils (N2O),Emissions (CO2eq) from N2O (AR5),kilotonnes,1045.949,1044.7172,1044.4318,1044.368,1044.4316,1043.7158,1043.7158,1043.5574,1043.5574,1043.5256,1043.5574,1043.5574,1043.5574,1043.7488,1043.7488,1043.7488,1043.7488,1043.7488,1043.717,1043.7409,1043.6477
Falkland Islands (Malvinas),Drained organic soils (N2O),Emissions (CO2eq) (AR5),kilotonnes,1045.949,1044.7172,1044.4318,1044.368,1044.4316,1043.7158,1043.7158,1043.5574,1043.5574,1043.5256,1043.5574,1043.5574,1043.5574,1043.7488,1043.7488,1043.7488,1043.7488,1043.7488,1043.717,1043.7409,1043.6477
Falkland Islands (Malvinas),On-farm energy use,Emissions (CH4),kilotonnes,0.0002,0.0002,0.0002,0.0002,0.0002,0.0002,0.0002,0.0002,0.0002,0.0002,0.0002,0.0002,0.0002,0.0002,0.0002,0.0002,0.0002,0.0002,0.0002,0.0002,0.0002
Falkland Islands (Malvinas),On-farm energy use,Emissions (N2O),kilotonnes,0.0012,0.0012,0.0012,0.0012,0.0012,0.0012,0.0012,0.0012,0.0012,0.0012,0.0012,0.0012,0.0012,0.0012,0.0012,0.0013,0.0013,0.0013,0.0014,0.0014,0.0014
Falkland Islands (Malvinas),On-farm energy use,Emissions (CO2),kilotonnes,3.1939,3.194,3.194,3.1941,3.1941,3.1942,3.1942,3.1941,3.1939,3.1938,3.1931,3.1924,3.1946,3.1251,3.2003,3.2761,3.4075,3.4274,3.6044,3.6852,3.6852
Falkland Islands (Malvinas),On-farm energy use,Emissions (CO2eq) from CH4 (AR5),kilotonnes,0.0052,0.0052,0.0052,0.0052,0.0052,0.0053,0.0053,0.0052,0.0052,0.0052,0.0052,0.0052,0.0053,0.0051,0.0052,0.0054,0.0056,0.0056,0.0059,0.006,0.006
Falkland Islands (Malvinas),On-farm energy use,Emissions (CO2eq) from N2O (AR5),kilotonnes,0.326,0.326,0.326,0.326,0.326,0.326,0.326,0.326,0.326,0.326,0.3259,0.3259,0.326,0.3185,0.3262,0.334,0.3473,0.3493,0.3675,0.3757,0.3757
Falkland Islands (Malvinas),On-farm energy use,Emissions (CO2eq) (AR5),kilotonnes,3.5251,3.5252,3.5252,3.5253,3.5253,3.5254,3.5254,3.5253,3.5251,3.525,3.5243,3.5235,3.5258,3.4487,3.5318,3.6155,3.7604,3.7824,3.9778,4.067,4.067
Falkland Islands (Malvinas),Forestland,Emissions (CO2),kilotonnes,0,0,0,0,0,0,0,0,0,0,0,0,0,0,0,0,0,0,0,0,0
Falkland Islands (Malvinas),Forestland,Emissions (CO2eq) (AR5),kilotonnes,0,0,0,0,0,0,0,0,0,0,0,0,0,0,0,0,0,0,0,0,0
Falkland Islands (Malvinas),Net Forest conversion,Emissions (CO2),kilotonnes,0,0,0,0,0,0,0,0,0,0,0,0,0,0,0,0,0,0,0,0,0
Falkland Islands (Malvinas),Net Forest conversion,Emissions (CO2eq) (AR5),kilotonnes,0,0,0,0,0,0,0,0,0,0,0,0,0,0,0,0,0,0,0,0,0
Falkland Islands (Malvinas),Savanna fires,Emissions (CH4),kilotonnes,0.0007,0.0378,0.0167,0,0.0059,0,0.0061,0,0.0002,0,0,0,0.0171,0,0,0,0,0,0,0,0
Falkland Islands (Malvinas),Savanna fires,Emissions (N2O),kilotonnes,0.0001,0.0035,0.0015,0,0.0005,0,0.0006,0,0,0,0,0,0.0016,0,0,0,0,0,0,0,0
Falkland Islands (Malvinas),Savanna fires,Emissions (CO2eq) from CH4 (AR5),kilotonnes,0.0199,1.0582,0.4665,0,0.165,0,0.1707,0,0.0057,0,0,0,0.4779,0,0,0,0,0,0,0,0
Falkland Islands (Malvinas),Savanna fires,Emissions (CO2eq) from N2O (AR5),kilotonnes,0.0172,0.9144,0.4031,0,0.1426,0,0.1475,0,0.0049,0,0,0,0.413,0,0,0,0,0,0,0,0
Falkland Islands (Malvinas),Savanna fires,Emissions (CO2eq) (AR5),kilotonnes,0.0372,1.9727,0.8697,0,0.3076,0,0.3182,0,0.0106,0,0,0,0.8909,0,0,0,0,0,0,0,0
Falkland Islands (Malvinas),Fires in organic soils,Emissions (CH4),kilotonnes,0,0,0,0,0,0,0,0,0,0,0,0,0,0,0,0,0,0,0,0,0
Falkland Islands (Malvinas),Fires in organic soils,Emissions (CO2),kilotonnes,0,0,0,0,0,0,0,0,0,0,0,0,0,0,0,0,0,0,0,0,0
Falkland Islands (Malvinas),Fires in organic soils,Emissions (CO2eq) from CH4 (AR5),kilotonnes,0,0,0,0,0,0,0,0,0,0,0,0,0,0,0,0,0,0,0,0,0
Falkland Islands (Malvinas),Fires in organic soils,Emissions (CO2eq) (AR5),kilotonnes,0,0,0,0,0,0,0,0,0,0,0,0,0,0,0,0,0,0,0,0,0
Falkland Islands (Malvinas),Forest fires,Emissions (CH4),kilotonnes,0.0012,0,0,0,0,0,0,0,0,0,0,0,0,0,0,0,0,0,0,0,0
Falkland Islands (Malvinas),Forest fires,Emissions (N2O),kilotonnes,0.0001,0,0,0,0,0,0,0,0,0,0,0,0,0,0,0,0,0,0,0,0
Falkland Islands (Malvinas),Forest fires,Emissions (CO2eq) from CH4 (AR5),kilotonnes,0.0326,0,0,0,0,0,0,0,0,0,0,0,0,0,0,0,0,0,0,0,0
Falkland Islands (Malvinas),Forest fires,Emissions (CO2eq) from N2O (AR5),kilotonnes,0.017,0,0,0,0,0,0,0,0,0,0,0,0,0,0,0,0,0,0,0,0
Falkland Islands (Malvinas),Forest fires,Emissions (CO2eq) (AR5),kilotonnes,0.0495,0,0,0,0,0,0,0,0,0,0,0,0,0,0,0,0,0,0,0,0
Falkland Islands (Malvinas),Fires in humid tropical forests,Emissions (CH4),kilotonnes,0,0,0,0,0,0,0,0,0,0,0,0,0,0,0,0,0,0,0,0,0
Falkland Islands (Malvinas),Fires in humid tropical forests,Emissions (N2O),kilotonnes,0,0,0,0,0,0,0,0,0,0,0,0,0,0,0,0,0,0,0,0,0
Falkland Islands (Malvinas),Fires in humid tropical forests,Emissions (CO2eq) from CH4 (AR5),kilotonnes,0,0,0,0,0,0,0,0,0,0,0,0,0,0,0,0,0,0,0,0,0
Falkland Islands (Malvinas),Fires in humid tropical forests,Emissions (CO2eq) from N2O (AR5),kilotonnes,0,0,0,0,0,0,0,0,0,0,0,0,0,0,0,0,0,0,0,0,0
Falkland Islands (Malvinas),Fires in humid tropical forests,Emissions (CO2eq) (AR5),kilotonnes,0,0,0,0,0,0,0,0,0,0,0,0,0,0,0,0,0,0,0,0,0
Falkland Islands (Malvinas),Waste - agri-food systems,Emissions (CH4),kilotonnes,0,0,0,0,0,0,0,0,0,0,0,0,0,0,0,0,0,0,0,0,0
Falkland Islands (Malvinas),Waste - agri-food systems,Emissions (N2O),kilotonnes,0,0,0,0,0,0,0,0,0,0,0,0,0,0,0,0,0,0,0,0,0
Falkland Islands (Malvinas),Waste - agri-food systems,Emissions (CO2eq) from CH4 (AR5),kilotonnes,0,0,0,0,0,0,0,0,0,0,0,0,0,0,0,0,0,0,0,0,0
Falkland Islands (Malvinas),Waste - agri-food systems,Emissions (CO2eq) from N2O (AR5),kilotonnes,0,0,0,0,0,0,0,0,0,0,0,0,0,0,0,0,0,0,0,0,0
Falkland Islands (Malvinas),Waste - agri-food systems,Emissions (CO2eq) (AR5),kilotonnes,0,0,0,0,0,0,0,0,0,0,0,0,0,0,0,0,0,0,0,0,0
Falkland Islands (Malvinas),On-farm electricity use,Emissions (CH4),kilotonnes,0.0015,0.0016,0.0016,0.0016,0.0016,0.0017,0.0017,0.0017,0.0017,0.0017,0.0017,0.0017,0.0018,0.0017,0.0018,0.0018,0.0018,0.0018,0.0018,0.0018,0.0018
Falkland Islands (Malvinas),On-farm electricity use,Emissions (N2O),kilotonnes,0,0,0,0,0,0,0,0,0,0,0,0,0,0,0,0,0,0,0,0,0
Falkland Islands (Malvinas),On-farm electricity use,Emissions (CO2),kilotonnes,0.6912,0.7487,0.7079,0.7213,0.7218,0.7371,0.7264,0.7414,0.7299,0.6903,0.7015,0.6762,0.6439,0.7299,0.73,0.73,0.7449,0.7323,0.7448,0.7478,0.7478
Falkland Islands (Malvinas),On-farm electricity use,Emissions (CO2eq) from CH4 (AR5),kilotonnes,0.042,0.0448,0.0448,0.0448,0.0448,0.0476,0.0476,0.0476,0.0476,0.0476,0.0476,0.0476,0.0504,0.0476,0.0504,0.0504,0.0504,0.0504,0.0504,0.0504,0.0504
Falkland Islands (Malvinas),On-farm electricity use,Emissions (CO2eq) from N2O (AR5),kilotonnes,0,0,0,0,0,0,0,0,0,0,0,0,0,0,0,0,0,0,0,0,0
Falkland Islands (Malvinas),On-farm electricity use,Emissions (CO2eq) (AR5),kilotonnes,0.7332,0.7935,0.7527,0.7661,0.7666,0.7847,0.774,0.789,0.7775,0.7379,0.7491,0.7238,0.6943,0.7775,0.7804,0.7804,0.7953,0.7827,0.7952,0.7982,0.7982
Falkland Islands (Malvinas),Farm-gate emissions,Emissions (CH4),kilotonnes,0.0009,0.038,0.0168,0.0002,0.0061,0.0002,0.0063,0.0002,0.0004,0.0002,0.0002,0.0002,0.0173,0.0002,0.0002,0.0002,0.0002,0.0002,0.0002,0.0002,0.0002
Falkland Islands (Malvinas),Farm-gate emissions,Emissions (N2O),kilotonnes,3.9483,3.947,3.944,3.9422,3.943,3.9398,3.9403,3.9392,3.9392,3.9391,3.9392,3.9392,3.9407,3.9399,3.9399,3.9399,3.94,3.94,3.9399,3.9401,3.9397
Falkland Islands (Malvinas),Farm-gate emissions,Emissions (CO2),kilotonnes,5529.1168,5522.5163,5520.9911,5520.6541,5520.99,5517.1643,5517.1644,5516.3275,5516.3273,5516.1592,5516.3263,5516.3256,5516.3278,5517.2697,5517.345,5517.4208,5517.5522,5517.5721,5517.5813,5517.8022,5517.3099
Falkland Islands (Malvinas),Farm-gate emissions,Emissions (CO2eq) from CH4 (AR5),kilotonnes,0.0252,1.0635,0.4718,0.0052,0.1703,0.0053,0.1759,0.0052,0.0109,0.0052,0.0052,0.0052,0.4832,0.0051,0.0052,0.0054,0.0056,0.0056,0.0059,0.006,0.006
Falkland Islands (Malvinas),Farm-gate emissions,Emissions (CO2eq) from N2O (AR5),kilotonnes,1046.2922,1045.9576,1045.1609,1044.694,1044.9001,1044.0417,1044.1892,1043.8833,1043.8883,1043.8515,1043.8833,1043.8833,1044.2963,1044.0673,1044.075,1044.0828,1044.0961,1044.0981,1044.0845,1044.1166,1044.0235
Falkland Islands (Malvinas),Farm-gate emissions,Emissions (CO2eq) (AR5),kilotonnes,6575.4341,6569.5373,6566.6238,6565.3533,6566.0604,6561.2113,6561.5295,6560.216,6560.2265,6560.016,6560.2148,6560.2141,6561.1072,6561.3422,6561.4253,6561.5089,6561.6539,6561.6758,6561.6717,6561.9249,6561.3394
Falkland Islands (Malvinas),Land Use change,Emissions (CH4),kilotonnes,0,0,0,0,0,0,0,0,0,0,0,0,0,0,0,0,0,0,0,0,0
Falkland Islands (Malvinas),Land Use change,Emissions (N2O),kilotonnes,0,0,0,0,0,0,0,0,0,0,0,0,0,0,0,0,0,0,0,0,0
Falkland Islands (Malvinas),Land Use change,Emissions (CO2),kilotonnes,0,0,0,0,0,0,0,0,0,0,0,0,0,0,0,0,0,0,0,0,0
Falkland Islands (Malvinas),Land Use change,Emissions (CO2eq) from CH4 (AR5),kilotonnes,0,0,0,0,0,0,0,0,0,0,0,0,0,0,0,0,0,0,0,0,0
Falkland Islands (Malvinas),Land Use change,Emissions (CO2eq) from N2O (AR5),kilotonnes,0,0,0,0,0,0,0,0,0,0,0,0,0,0,0,0,0,0,0,0,0
Falkland Islands (Malvinas),Land Use change,Emissions (CO2eq) (AR5),kilotonnes,0,0,0,0,0,0,0,0,0,0,0,0,0,0,0,0,0,0,0,0,0
Falkland Islands (Malvinas),Emissions on agricultural land,Emissions (CH4),kilotonnes,0.0009,0.038,0.0168,0.0002,0.0061,0.0002,0.0063,0.0002,0.0004,0.0002,0.0002,0.0002,0.0173,0.0002,0.0002,0.0002,0.0002,0.0002,0.0002,0.0002,0.0002
Falkland Islands (Malvinas),Emissions on agricultural land,Emissions (N2O),kilotonnes,3.9483,3.947,3.944,3.9422,3.943,3.9398,3.9403,3.9392,3.9392,3.9391,3.9392,3.9392,3.9407,3.9399,3.9399,3.9399,3.94,3.94,3.9399,3.9401,3.9397
Falkland Islands (Malvinas),Emissions on agricultural land,Emissions (CO2),kilotonnes,5529.1168,5522.5163,5520.9911,5520.6541,5520.99,5517.1643,5517.1644,5516.3275,5516.3273,5516.1592,5516.3263,5516.3256,5516.3278,5517.2697,5517.345,5517.4208,5517.5522,5517.5721,5517.5813,5517.8022,5517.3099
Falkland Islands (Malvinas),Emissions on agricultural land,Emissions (CO2eq) from CH4 (AR5),kilotonnes,0.0252,1.0635,0.4718,0.0052,0.1703,0.0053,0.1759,0.0052,0.0109,0.0052,0.0052,0.0052,0.4832,0.0051,0.0052,0.0054,0.0056,0.0056,0.0059,0.006,0.006
Falkland Islands (Malvinas),Emissions on agricultural land,Emissions (CO2eq) from N2O (AR5),kilotonnes,1046.2922,1045.9576,1045.1609,1044.694,1044.9001,1044.0417,1044.1892,1043.8833,1043.8883,1043.8515,1043.8833,1043.8833,1044.2963,1044.0673,1044.075,1044.0828,1044.0961,1044.0981,1044.0845,1044.1166,1044.0235
Falkland Islands (Malvinas),Emissions on agricultural land,Emissions (CO2eq) (AR5),kilotonnes,6575.4341,6569.5373,6566.6238,6565.3533,6566.0604,6561.2113,6561.5295,6560.216,6560.2265,6560.016,6560.2148,6560.2141,6561.1072,6561.3422,6561.4253,6561.5089,6561.6539,6561.6758,6561.6717,6561.9249,6561.3394
Falkland Islands (Malvinas),Pre- and post- production,Emissions (CH4),kilotonnes,0.0015,0.0016,0.0016,0.0016,0.0016,0.0017,0.0017,0.0017,0.0017,0.0017,0.0017,0.0017,0.0018,0.0017,0.0018,0.0018,0.0018,0.0018,0.0018,0.0018,0.0018
Falkland Islands (Malvinas),Pre- and post- production,Emissions (N2O),kilotonnes,0,0,0,0,0,0,0,0,0,0,0,0,0,0,0,0,0,0,0,0,0
Falkland Islands (Malvinas),Pre- and post- production,Emissions (CO2),kilotonnes,0.6912,0.7487,0.7079,0.7213,0.7218,0.7371,0.7264,0.7414,0.7299,0.6903,0.7015,0.6762,0.6439,0.7299,0.73,0.73,0.7449,0.7323,0.7448,0.7478,0.7478
Falkland Islands (Malvinas),Pre- and post- production,Emissions (CO2eq) from CH4 (AR5),kilotonnes,0.042,0.0448,0.0448,0.0448,0.0448,0.0476,0.0476,0.0476,0.0476,0.0476,0.0476,0.0476,0.0504,0.0476,0.0504,0.0504,0.0504,0.0504,0.0504,0.0504,0.0504
Falkland Islands (Malvinas),Pre- and post- production,Emissions (CO2eq) from N2O (AR5),kilotonnes,0,0,0,0,0,0,0,0,0,0,0,0,0,0,0,0,0,0,0,0,0
Falkland Islands (Malvinas),Pre- and post- production,Emissions (CO2eq) (AR5),kilotonnes,0.7332,0.7935,0.7527,0.7661,0.7666,0.7847,0.774,0.789,0.7775,0.7379,0.7491,0.7238,0.6943,0.7775,0.7804,0.7804,0.7953,0.7827,0.7952,0.7982,0.7982
Falkland Islands (Malvinas),Agri-food systems,Emissions (CH4),kilotonnes,0.0024,0.0396,0.0184,0.0018,0.0077,0.0019,0.008,0.0019,0.0021,0.0019,0.0019,0.0019,0.0191,0.0019,0.002,0.002,0.002,0.002,0.002,0.002,0.002
Falkland Islands (Malvinas),Agri-food systems,Emissions (N2O),kilotonnes,3.9483,3.947,3.944,3.9422,3.943,3.9398,3.9403,3.9392,3.9392,3.9391,3.9392,3.9392,3.9407,3.9399,3.9399,3.9399,3.94,3.94,3.9399,3.9401,3.9397
Falkland Islands (Malvinas),Agri-food systems,Emissions (CO2),kilotonnes,5529.808,5523.265,5521.699,5521.3754,5521.7118,5517.9014,5517.8908,5517.0689,5517.0572,5516.8495,5517.0278,5517.0018,5516.9717,5517.9996,5518.075,5518.1508,5518.2971,5518.3044,5518.3261,5518.55,5518.0577
Falkland Islands (Malvinas),Agri-food systems,Emissions (CO2eq) from CH4 (AR5),kilotonnes,0.0672,1.1083,0.5166,0.05,0.2151,0.0529,0.2235,0.0528,0.0585,0.0528,0.0528,0.0528,0.5336,0.0527,0.0556,0.0558,0.056,0.056,0.0563,0.0564,0.0564
Falkland Islands (Malvinas),Agri-food systems,Emissions (CO2eq) from N2O (AR5),kilotonnes,1046.2922,1045.9576,1045.1609,1044.694,1044.9001,1044.0417,1044.1892,1043.8833,1043.8883,1043.8515,1043.8833,1043.8833,1044.2963,1044.0673,1044.075,1044.0828,1044.0961,1044.0981,1044.0845,1044.1166,1044.0235
Falkland Islands (Malvinas),Agri-food systems,Emissions (CO2eq) (AR5),kilotonnes,6576.1673,6570.3308,6567.3765,6566.1194,6566.827,6561.996,6562.3035,6561.005,6561.004,6560.7539,6560.9639,6560.9379,6561.8015,6562.1197,6562.2057,6562.2893,6562.4492,6562.4585,6562.4669,6562.7231,6562.1376
Falkland Islands (Malvinas),IPCC Agriculture,Emissions (CH4),kilotonnes,0.0007,0.0378,0.0167,0,0.0059,0,0.0061,0,0.0002,0,0,0,0.0171,0,0,0,0,0,0,0,0
Falkland Islands (Malvinas),IPCC Agriculture,Emissions (N2O),kilotonnes,3.947,3.9458,3.9428,3.941,3.9418,3.9386,3.9391,3.938,3.938,3.9378,3.938,3.938,3.9395,3.9387,3.9387,3.9387,3.9387,3.9387,3.9386,3.9386,3.9383
Falkland Islands (Malvinas),IPCC Agriculture,Emissions (CO2eq) from CH4 (AR5),kilotonnes,0.0199,1.0582,0.4665,0,0.165,0,0.1707,0,0.0057,0,0,0,0.4779,0,0,0,0,0,0,0,0
Falkland Islands (Malvinas),IPCC Agriculture,Emissions (CO2eq) from N2O (AR5),kilotonnes,1045.9662,1045.6316,1044.835,1044.368,1044.5742,1043.7158,1043.8633,1043.5574,1043.5623,1043.5256,1043.5574,1043.5574,1043.9703,1043.7488,1043.7488,1043.7488,1043.7488,1043.7488,1043.717,1043.7409,1043.6477
Falkland Islands (Malvinas),IPCC Agriculture,Emissions (CO2eq) (AR5),kilotonnes,1045.9861,1046.6898,1045.3015,1044.368,1044.7392,1043.7158,1044.034,1043.5574,1043.568,1043.5256,1043.5574,1043.5574,1044.4482,1043.7488,1043.7488,1043.7488,1043.7488,1043.7488,1043.717,1043.7409,1043.6477
Falkland Islands (Malvinas),Agricultural Soils,Emissions (N2O),kilotonnes,3.947,3.9423,3.9413,3.941,3.9413,3.9386,3.9386,3.938,3.938,3.9378,3.938,3.938,3.938,3.9387,3.9387,3.9387,3.9387,3.9387,3.9386,3.9386,3.9383
Falkland Islands (Malvinas),Agricultural Soils,Emissions (CO2eq) from N2O (AR5),kilotonnes,1045.949,1044.7172,1044.4318,1044.368,1044.4316,1043.7158,1043.7158,1043.5574,1043.5574,1043.5256,1043.5574,1043.5574,1043.5574,1043.7488,1043.7488,1043.7488,1043.7488,1043.7488,1043.717,1043.7409,1043.6477
Falkland Islands (Malvinas),Agricultural Soils,Emissions (CO2eq) (AR5),kilotonnes,1045.949,1044.7172,1044.4318,1044.368,1044.4316,1043.7158,1043.7158,1043.5574,1043.5574,1043.5256,1043.5574,1043.5574,1043.5574,1043.7488,1043.7488,1043.7488,1043.7488,1043.7488,1043.717,1043.7409,1043.6477
Falkland Islands (Malvinas),LULUCF,Emissions (CH4),kilotonnes,0.0012,0,0,0,0,0,0,0,0,0,0,0,0,0,0,0,0,0,0,0,0
Falkland Islands (Malvinas),LULUCF,Emissions (N2O),kilotonnes,0.0001,0,0,0,0,0,0,0,0,0,0,0,0,0,0,0,0,0,0,0,0
Falkland Islands (Malvinas),LULUCF,Emissions (CO2),kilotonnes,5525.9228,5519.3223,5517.7971,5517.46,5517.7959,5513.9702,5513.9702,5513.1334,5513.1334,5512.9654,5513.1332,5513.1332,5513.1332,5514.1447,5514.1447,5514.1447,5514.1447,5514.1447,5513.9769,5514.117,5513.6247
Falkland Islands (Malvinas),LULUCF,Emissions (CO2eq) from CH4 (AR5),kilotonnes,0.0326,0,0,0,0,0,0,0,0,0,0,0,0,0,0,0,0,0,0,0,0
Falkland Islands (Malvinas),LULUCF,Emissions (CO2eq) from N2O (AR5),kilotonnes,0.017,0,0,0,0,0,0,0,0,0,0,0,0,0,0,0,0,0,0,0,0
Falkland Islands (Malvinas),LULUCF,Emissions (CO2eq) (AR5),kilotonnes,5525.9724,5519.3223,5517.7971,5517.46,5517.7959,5513.9702,5513.9702,5513.1334,5513.1334,5512.9654,5513.1332,5513.1332,5513.1332,5514.1447,5514.1447,5514.1447,5514.1447,5514.1447,5513.9769,5514.117,5513.6247
Falkland Islands (Malvinas),AFOLU,Emissions (CH4),kilotonnes,0.0019,0.0378,0.0167,0,0.0059,0,0.0061,0,0.0002,0,0,0,0.0171,0,0,0,0,0,0,0,0
Falkland Islands (Malvinas),AFOLU,Emissions (N2O),kilotonnes,3.9471,3.9458,3.9428,3.941,3.9418,3.9386,3.9391,3.938,3.938,3.9378,3.938,3.938,3.9395,3.9387,3.9387,3.9387,3.9387,3.9387,3.9386,3.9386,3.9383
Falkland Islands (Malvinas),AFOLU,Emissions (CO2),kilotonnes,5525.9228,5519.3223,5517.7971,5517.46,5517.7959,5513.9702,5513.9702,5513.1334,5513.1334,5512.9654,5513.1332,5513.1332,5513.1332,5514.1447,5514.1447,5514.1447,5514.1447,5514.1447,5513.9769,5514.117,5513.6247
Falkland Islands (Malvinas),AFOLU,Emissions (CO2eq) from CH4 (AR5),kilotonnes,0.0525,1.0582,0.4665,0,0.165,0,0.1707,0,0.0057,0,0,0,0.4779,0,0,0,0,0,0,0,0
Falkland Islands (Malvinas),AFOLU,Emissions (CO2eq) from N2O (AR5),kilotonnes,1045.9832,1045.6316,1044.835,1044.368,1044.5742,1043.7158,1043.8633,1043.5574,1043.5623,1043.5256,1043.5574,1043.5574,1043.9703,1043.7488,1043.7488,1043.7488,1043.7488,1043.7488,1043.717,1043.7409,1043.6477
Falkland Islands (Malvinas),AFOLU,Emissions (CO2eq) (AR5),kilotonnes,6571.9585,6566.0122,6563.0986,6561.828,6562.535,6557.6859,6558.0041,6556.6908,6556.7014,6556.491,6556.6905,6556.6905,6557.5814,6557.8935,6557.8935,6557.8935,6557.8935,6557.8935,6557.6939,6557.8579,6557.2724
Falkland Islands (Malvinas),All sectors with LULUCF,Emissions (CH4),kilotonnes,0.0019,0.0378,0.0167,0,0.0059,0,0.0061,0,0.0002,0,0,0,0.0171,0,0,0,0,0,0,0,0
Falkland Islands (Malvinas),All sectors with LULUCF,Emissions (N2O),kilotonnes,3.9471,3.9458,3.9428,3.941,3.9418,3.9386,3.9391,3.938,3.938,3.9378,3.938,3.938,3.9395,3.9387,3.9387,3.9387,3.9387,3.9387,3.9386,3.9386,3.9383
Falkland Islands (Malvinas),All sectors with LULUCF,Emissions (CO2),kilotonnes,5525.9228,5519.3223,5517.7971,5517.46,5517.7959,5513.9702,5513.9702,5513.1334,5513.1334,5512.9654,5513.1332,5513.1332,5513.1332,5514.1447,5514.1447,5514.1447,5514.1447,5514.1447,5513.9769,5514.117,5513.6247
Falkland Islands (Malvinas),All sectors with LULUCF,Emissions (CO2eq) from CH4 (AR5),kilotonnes,0.0525,1.0582,0.4665,0,0.165,0,0.1707,0,0.0057,0,0,0,0.4779,0,0,0,0,0,0,0,0
Falkland Islands (Malvinas),All sectors with LULUCF,Emissions (CO2eq) from N2O (AR5),kilotonnes,1045.9832,1045.6316,1044.835,1044.368,1044.5742,1043.7158,1043.8633,1043.5574,1043.5623,1043.5256,1043.5574,1043.5574,1043.9703,1043.7488,1043.7488,1043.7488,1043.7488,1043.7488,1043.717,1043.7409,1043.6477
Falkland Islands (Malvinas),All sectors with LULUCF,Emissions (CO2eq) (AR5),kilotonnes,6571.9585,6566.0122,6563.0986,6561.828,6562.535,6557.6859,6558.0041,6556.6908,6556.7014,6556.491,6556.6905,6556.6905,6557.5814,6557.8935,6557.8935,6557.8935,6557.8935,6557.8935,6557.6939,6557.8579,6557.2724
Falkland Islands (Malvinas),All sectors without LULUCF,Emissions (CH4),kilotonnes,0.0007,0.0378,0.0167,0,0.0059,0,0.0061,0,0.0002,0,0,0,0.0171,0,0,0,0,0,0,0,0
Falkland Islands (Malvinas),All sectors without LULUCF,Emissions (N2O),kilotonnes,3.947,3.9458,3.9428,3.941,3.9418,3.9386,3.9391,3.938,3.938,3.9378,3.938,3.938,3.9395,3.9387,3.9387,3.9387,3.9387,3.9387,3.9386,3.9386,3.9383
Falkland Islands (Malvinas),All sectors without LULUCF,Emissions (CO2eq) from CH4 (AR5),kilotonnes,0.0199,1.0582,0.4665,0,0.165,0,0.1707,0,0.0057,0,0,0,0.4779,0,0,0,0,0,0,0,0
Falkland Islands (Malvinas),All sectors without LULUCF,Emissions (CO2eq) from N2O (AR5),kilotonnes,1045.9662,1045.6316,1044.835,1044.368,1044.5742,1043.7158,1043.8633,1043.5574,1043.5623,1043.5256,1043.5574,1043.5574,1043.9703,1043.7488,1043.7488,1043.7488,1043.7488,1043.7488,1043.717,1043.7409,1043.6477
Falkland Islands (Malvinas),All sectors without LULUCF,Emissions (CO2eq) (AR5),kilotonnes,1045.9861,1046.6898,1045.3015,1044.368,1044.7392,1043.7158,1044.034,1043.5574,1043.568,1043.5256,1043.5574,1043.5574,1044.4482,1043.7488,1043.7488,1043.7488,1043.7488,1043.7488,1043.717,1043.7409,1043.6477
Faroe Islands,Crop Residues,Direct emissions (N2O),kilotonnes,0.0001,0.0001,0.0001,0.0001,0.0001,0.0001,0.0001,0.0001,0.0001,0.0001,0.0001,0.0001,0.0001,0.0001,0.0001,0.0001,0.0001,0.0001,0.0001,0.0001,0.0001
Faroe Islands,Crop Residues,Indirect emissions (N2O),kilotonnes,0,0,0,0,0,0,0,0,0,0,0,0,0,0,0,0,0,0,0,0,0
Faroe Islands,Crop Residues,Emissions (N2O),kilotonnes,0.0001,0.0001,0.0001,0.0001,0.0001,0.0001,0.0001,0.0001,0.0001,0.0001,0.0001,0.0001,0.0001,0.0001,0.0001,0.0001,0.0001,0.0001,0.0001,0.0001,0.0001
Faroe Islands,Crop Residues,Emissions (CO2eq) from N2O (AR5),kilotonnes,0.0192,0.0191,0.0189,0.0187,0.0186,0.0184,0.0184,0.018,0.0183,0.0183,0.0181,0.0187,0.0191,0.0202,0.0213,0.0177,0.0192,0.0191,0.0191,0.0191,0.0192
Faroe Islands,Crop Residues,Emissions (CO2eq) (AR5),kilotonnes,0.0192,0.0191,0.0189,0.0187,0.0186,0.0184,0.0184,0.018,0.0183,0.0183,0.0181,0.0187,0.0191,0.0202,0.0213,0.0177,0.0192,0.0191,0.0191,0.0191,0.0192
Faroe Islands,Enteric Fermentation,Emissions (CH4),kilotonnes,0.7257,0.7317,0.7337,0.7324,0.727,0.7105,0.7039,0.7049,0.6959,0.7001,0.6954,0.7007,0.7042,0.7074,0.721,0.7232,0.7284,0.7131,0.7153,0.7157,0.7164
Faroe Islands,Enteric Fermentation,Emissions (CO2eq) from CH4 (AR5),kilotonnes,20.3191,20.4867,20.5432,20.508,20.3564,19.895,19.7084,19.7383,19.484,19.6014,19.4715,19.6197,19.7188,19.8058,20.1888,20.2509,20.3946,19.9658,20.0272,20.0396,20.0602
Faroe Islands,Enteric Fermentation,Emissions (CO2eq) (AR5),kilotonnes,20.3191,20.4867,20.5432,20.508,20.3564,19.895,19.7084,19.7383,19.484,19.6014,19.4715,19.6197,19.7188,19.8058,20.1888,20.2509,20.3946,19.9658,20.0272,20.0396,20.0602
Faroe Islands,Manure Management,Emissions (CH4),kilotonnes,0.0391,0.0401,0.0404,0.0401,0.0392,0.0368,0.0358,0.0359,0.0345,0.0351,0.0344,0.0342,0.0337,0.0341,0.0341,0.0337,0.0333,0.0333,0.033,0.0326,0.0324
Faroe Islands,Manure Management,Emissions (N2O),kilotonnes,0.0028,0.0028,0.0028,0.0028,0.0028,0.0026,0.0026,0.0026,0.0025,0.0025,0.0025,0.0025,0.0025,0.0025,0.0025,0.0025,0.0025,0.0025,0.0025,0.0025,0.0024
Faroe Islands,Manure Management,Emissions (CO2eq) from CH4 (AR5),kilotonnes,1.0958,1.1227,1.1306,1.122,1.0968,1.0293,1.0029,1.0049,0.9671,0.9822,0.9619,0.9571,0.9434,0.955,0.9554,0.9434,0.9328,0.9314,0.9227,0.9137,0.9061
Faroe Islands,Manure Management,Emissions (CO2eq) from N2O (AR5),kilotonnes,0.7294,0.7426,0.7468,0.7434,0.7312,0.6962,0.6828,0.6846,0.6651,0.6736,0.6634,0.663,0.6584,0.6648,0.6699,0.6655,0.663,0.6574,0.6544,0.6507,0.6477
Faroe Islands,Manure Management,Emissions (CO2eq) (AR5),kilotonnes,1.8252,1.8653,1.8774,1.8654,1.828,1.7254,1.6858,1.6894,1.6323,1.6558,1.6254,1.6201,1.6019,1.6198,1.6253,1.609,1.5957,1.5887,1.5771,1.5645,1.5538
Faroe Islands,Manure left on Pasture,Direct emissions (N2O),kilotonnes,0.0153,0.0153,0.0154,0.0154,0.0153,0.0152,0.0151,0.0152,0.0151,0.0151,0.0151,0.0153,0.0155,0.0155,0.0159,0.016,0.0162,0.0158,0.0159,0.0159,0.016
Faroe Islands,Manure left on Pasture,Indirect emissions (N2O),kilotonnes,0.0062,0.0062,0.0062,0.0062,0.0062,0.0062,0.0062,0.0062,0.0062,0.0062,0.0062,0.0063,0.0063,0.0063,0.0065,0.0066,0.0067,0.0065,0.0065,0.0066,0.0066
Faroe Islands,Manure left on Pasture,Emissions (N2O),kilotonnes,0.0215,0.0216,0.0216,0.0216,0.0216,0.0214,0.0213,0.0214,0.0213,0.0213,0.0213,0.0215,0.0218,0.0218,0.0224,0.0226,0.0229,0.0222,0.0224,0.0225,0.0226
Faroe Islands,Manure left on Pasture,Emissions (CO2eq) from N2O (AR5),kilotonnes,5.7075,5.7199,5.7247,5.7236,5.7128,5.6751,5.6548,5.6585,5.638,5.6487,5.6387,5.7097,5.7776,5.7853,5.9357,5.9855,6.0636,5.8934,5.936,5.9601,5.9848
Faroe Islands,Manure left on Pasture,Emissions (CO2eq) (AR5),kilotonnes,5.7075,5.7199,5.7247,5.7236,5.7128,5.6751,5.6548,5.6585,5.638,5.6487,5.6387,5.7097,5.7776,5.7853,5.9357,5.9855,6.0636,5.8934,5.936,5.9601,5.9848
Faroe Islands,Manure applied to Soils,Direct emissions (N2O),kilotonnes,0.0034,0.0034,0.0034,0.0034,0.0034,0.0033,0.0032,0.0032,0.0032,0.0032,0.0032,0.0032,0.0032,0.0032,0.0032,0.0032,0.0032,0.0032,0.0032,0.0032,0.0032
Faroe Islands,Manure applied to Soils,Indirect emissions (N2O),kilotonnes,0.0014,0.0015,0.0015,0.0015,0.0014,0.0014,0.0014,0.0014,0.0013,0.0014,0.0013,0.0013,0.0013,0.0014,0.0014,0.0014,0.0014,0.0014,0.0014,0.0014,0.0014
Faroe Islands,Manure applied to Soils,Emissions (N2O),kilotonnes,0.0048,0.0049,0.0049,0.0049,0.0048,0.0047,0.0046,0.0046,0.0045,0.0046,0.0045,0.0045,0.0045,0.0046,0.0046,0.0046,0.0046,0.0046,0.0045,0.0045,0.0045
Faroe Islands,Manure applied to Soils,Emissions (CO2eq) from N2O (AR5),kilotonnes,1.2777,1.2942,1.2997,1.2962,1.2812,1.236,1.2187,1.2216,1.1966,1.2081,1.1953,1.1994,1.1986,1.2071,1.2237,1.2219,1.2244,1.2063,1.2057,1.2028,1.2008
Faroe Islands,Manure applied to Soils,Emissions (CO2eq) (AR5),kilotonnes,1.2777,1.2942,1.2997,1.2962,1.2812,1.236,1.2187,1.2216,1.1966,1.2081,1.1953,1.1994,1.1986,1.2071,1.2237,1.2219,1.2244,1.2063,1.2057,1.2028,1.2008
Faroe Islands,Drained organic soils,Emissions (CO2eq) (AR5),kilotonnes,280.5481,280.5481,280.5481,280.5481,280.5481,280.5481,280.5481,280.5481,280.5481,280.5481,280.5481,280.5481,280.5481,280.5481,280.5481,280.5481,280.5481,280.5481,280.5481,280.3537,281.0543
Faroe Islands,Drained organic soils (CO2),Emissions (CO2),kilotonnes,235.9155,235.9155,235.9155,235.9155,235.9155,235.9155,235.9155,235.9155,235.9155,235.9155,235.9155,235.9155,235.9155,235.9155,235.9155,235.9155,235.9155,235.9155,235.9155,235.7537,236.345
Faroe Islands,Drained organic soils (CO2),Emissions (CO2eq) (AR5),kilotonnes,235.9155,235.9155,235.9155,235.9155,235.9155,235.9155,235.9155,235.9155,235.9155,235.9155,235.9155,235.9155,235.9155,235.9155,235.9155,235.9155,235.9155,235.9155,235.9155,235.7537,236.345
Faroe Islands,Drained organic soils (N2O),Emissions (N2O),kilotonnes,0.1684,0.1684,0.1684,0.1684,0.1684,0.1684,0.1684,0.1684,0.1684,0.1684,0.1684,0.1684,0.1684,0.1684,0.1684,0.1684,0.1684,0.1684,0.1684,0.1683,0.1687
Faroe Islands,Drained organic soils (N2O),Emissions (CO2eq) from N2O (AR5),kilotonnes,44.6326,44.6326,44.6326,44.6326,44.6326,44.6326,44.6326,44.6326,44.6326,44.6326,44.6326,44.6326,44.6326,44.6326,44.6326,44.6326,44.6326,44.6326,44.6326,44.6,44.7093
Faroe Islands,Drained organic soils (N2O),Emissions (CO2eq) (AR5),kilotonnes,44.6326,44.6326,44.6326,44.6326,44.6326,44.6326,44.6326,44.6326,44.6326,44.6326,44.6326,44.6326,44.6326,44.6326,44.6326,44.6326,44.6326,44.6326,44.6326,44.6,44.7093
Faroe Islands,On-farm energy use,Emissions (CH4),kilotonnes,0.0175,0.0204,0.0187,0.0181,0.0193,0.0186,0.0167,0.0167,0.0138,0.0133,0.0158,0.0138,0.0156,0.0179,0.0169,0.0181,0.017,0.0204,0.0205,0.0212,0.0212
Faroe Islands,On-farm energy use,Emissions (N2O),kilotonnes,0.1166,0.1362,0.1241,0.1201,0.1277,0.1227,0.1089,0.1036,0.0775,0.0588,0.067,0.0563,0.0621,0.0737,0.0604,0.0658,0.0663,0.0856,0.0876,0.0931,0.0931
Faroe Islands,On-farm energy use,Emissions (CO2),kilotonnes,305.311,356.6067,325.6366,315.7417,335.7706,323.4334,287.9502,280.6225,219.313,188.1368,219.0053,187.7368,209.992,245.0372,217.8898,234.9725,227.2089,281.9389,285.119,298.5648,298.5648
Faroe Islands,On-farm energy use,Emissions (CO2eq) from CH4 (AR5),kilotonnes,0.4895,0.5706,0.5228,0.5081,0.5404,0.5218,0.4674,0.4688,0.3859,0.3731,0.4417,0.3852,0.4358,0.5024,0.4739,0.5078,0.4763,0.5722,0.5729,0.5927,0.5927
Faroe Islands,On-farm energy use,Emissions (CO2eq) from N2O (AR5),kilotonnes,30.9048,36.105,32.8906,31.8317,33.833,32.5245,28.8471,27.4643,20.5339,15.5745,17.7437,14.9216,16.4469,19.5339,16.0174,17.4248,17.5823,22.6951,23.2254,24.667,24.667
Faroe Islands,On-farm energy use,Emissions (CO2eq) (AR5),kilotonnes,336.7053,393.2823,359.05,348.0815,370.144,356.4797,317.2647,308.5556,240.2328,204.0843,237.1907,203.0435,226.8747,265.0735,234.3811,252.9051,245.2674,305.2063,308.9173,323.8245,323.8245
Faroe Islands,Forestland,Emissions (CO2),kilotonnes,-0.0855,-0.1057,-0.1057,-0.1057,-0.1057,-0.1057,-0.1057,-0.1057,-0.1057,-0.1057,-0.1057,-0.1465,-0.1465,-0.1465,-0.1465,-0.1465,-0.0688,-0.0688,-0.0688,-0.0688,-0.0688
Faroe Islands,Forestland,Emissions (CO2eq) (AR5),kilotonnes,-0.0855,-0.1057,-0.1057,-0.1057,-0.1057,-0.1057,-0.1057,-0.1057,-0.1057,-0.1057,-0.1057,-0.1465,-0.1465,-0.1465,-0.1465,-0.1465,-0.0688,-0.0688,-0.0688,-0.0688,-0.0688
Faroe Islands,Net Forest conversion,Emissions (CO2),kilotonnes,0,0,0,0,0,0,0,0,0,0,0,0,0,0,0,0,0,0,0,0,0
Faroe Islands,Net Forest conversion,Emissions (CO2eq) (AR5),kilotonnes,0,0,0,0,0,0,0,0,0,0,0,0,0,0,0,0,0,0,0,0,0
Faroe Islands,Savanna fires,Emissions (CH4),kilotonnes,0,0,0,0,0,0,0,0,0,0,0,0,0,0,0,0,0,0,0,0,0
Faroe Islands,Savanna fires,Emissions (N2O),kilotonnes,0,0,0,0,0,0,0,0,0,0,0,0,0,0,0,0,0,0,0,0,0
Faroe Islands,Savanna fires,Emissions (CO2eq) from CH4 (AR5),kilotonnes,0,0,0,0,0,0,0,0,0,0,0,0,0,0,0,0,0,0,0,0,0
Faroe Islands,Savanna fires,Emissions (CO2eq) from N2O (AR5),kilotonnes,0,0,0,0,0,0,0,0,0,0,0,0,0,0,0,0,0,0,0,0,0
Faroe Islands,Savanna fires,Emissions (CO2eq) (AR5),kilotonnes,0,0,0,0,0,0,0,0,0,0,0,0,0,0,0,0,0,0,0,0,0
Faroe Islands,Fires in organic soils,Emissions (CH4),kilotonnes,0,0,0,0,0,0,0,0,0,0,0,0,0,0,0,0,0,0,0,0,0
Faroe Islands,Fires in organic soils,Emissions (CO2),kilotonnes,0,0,0,0,0,0,0,0,0,0,0,0,0,0,0,0,0,0,0,0,0
Faroe Islands,Fires in organic soils,Emissions (CO2eq) from CH4 (AR5),kilotonnes,0,0,0,0,0,0,0,0,0,0,0,0,0,0,0,0,0,0,0,0,0
Faroe Islands,Fires in organic soils,Emissions (CO2eq) (AR5),kilotonnes,0,0,0,0,0,0,0,0,0,0,0,0,0,0,0,0,0,0,0,0,0
Faroe Islands,Forest fires,Emissions (CH4),kilotonnes,0,0,0,0,0,0,0,0,0,0,0,0,0,0,0,0,0,0,0,0,0
Faroe Islands,Forest fires,Emissions (N2O),kilotonnes,0,0,0,0,0,0,0,0,0,0,0,0,0,0,0,0,0,0,0,0,0
Faroe Islands,Forest fires,Emissions (CO2eq) from CH4 (AR5),kilotonnes,0,0,0,0,0,0,0,0,0,0,0,0,0,0,0,0,0,0,0,0,0
Faroe Islands,Forest fires,Emissions (CO2eq) from N2O (AR5),kilotonnes,0,0,0,0,0,0,0,0,0,0,0,0,0,0,0,0,0,0,0,0,0
Faroe Islands,Forest fires,Emissions (CO2eq) (AR5),kilotonnes,0,0,0,0,0,0,0,0,0,0,0,0,0,0,0,0,0,0,0,0,0
Faroe Islands,Fires in humid tropical forests,Emissions (CH4),kilotonnes,0,0,0,0,0,0,0,0,0,0,0,0,0,0,0,0,0,0,0,0,0
Faroe Islands,Fires in humid tropical forests,Emissions (N2O),kilotonnes,0,0,0,0,0,0,0,0,0,0,0,0,0,0,0,0,0,0,0,0,0
Faroe Islands,Fires in humid tropical forests,Emissions (CO2eq) from CH4 (AR5),kilotonnes,0,0,0,0,0,0,0,0,0,0,0,0,0,0,0,0,0,0,0,0,0
Faroe Islands,Fires in humid tropical forests,Emissions (CO2eq) from N2O (AR5),kilotonnes,0,0,0,0,0,0,0,0,0,0,0,0,0,0,0,0,0,0,0,0,0
Faroe Islands,Fires in humid tropical forests,Emissions (CO2eq) (AR5),kilotonnes,0,0,0,0,0,0,0,0,0,0,0,0,0,0,0,0,0,0,0,0,0
Faroe Islands,Waste - agri-food systems,Emissions (CH4),kilotonnes,0.2243,0.2553,0.2847,0.3047,0.3211,0.3346,0.3459,0.3554,0.3632,0.3693,0.3741,0.3782,0.3813,0.384,0.3853,0.3867,0.3879,0.3889,0.3898,0.3911,0.3921
Faroe Islands,Waste - agri-food systems,Emissions (N2O),kilotonnes,0.0008,0.0009,0.0011,0.0011,0.001,0.0009,0.0009,0.0008,0.0008,0.0007,0.0007,0.0006,0.0006,0.0005,0.0005,0.0004,0.0003,0.0003,0.0002,0.0002,0.0001
Faroe Islands,Waste - agri-food systems,Emissions (CO2),kilotonnes,1.2058,1.2107,1.2161,1.2255,1.233,1.2346,1.2426,1.2511,1.2549,1.2502,1.2509,1.2551,1.2531,1.2591,1.2638,1.2566,1.2618,1.2651,1.2691,1.2707,1.2702
Faroe Islands,Waste - agri-food systems,Emissions (CO2eq) from CH4 (AR5),kilotonnes,6.281,7.1485,7.9713,8.5303,8.9911,9.369,9.6852,9.9523,10.1705,10.3395,10.4752,10.5892,10.6751,10.751,10.7887,10.8268,10.8606,10.8898,10.9148,10.9503,10.9778
Faroe Islands,Waste - agri-food systems,Emissions (CO2eq) from N2O (AR5),kilotonnes,0.2186,0.2364,0.2896,0.2784,0.2643,0.25,0.2358,0.2217,0.2075,0.1933,0.1792,0.1651,0.1509,0.1368,0.1207,0.1065,0.0923,0.0781,0.0639,0.0511,0.0383
Faroe Islands,Waste - agri-food systems,Emissions (CO2eq) (AR5),kilotonnes,7.7054,8.5956,9.477,10.0342,10.4884,10.8537,11.1637,11.4252,11.6329,11.7831,11.9052,12.0093,12.0791,12.147,12.1731,12.1898,12.2147,12.233,12.2478,12.2721,12.2863
Faroe Islands,On-farm electricity use,Emissions (CH4),kilotonnes,0.0156,0.0216,0.0264,0.0312,0.0276,0.0204,0.0228,0.0281,0.0279,0.0327,0.0311,0.0316,0.0352,0.0351,0.0373,0.044,0.0455,0.0505,0.0682,0.0744,0.0744
Faroe Islands,On-farm electricity use,Emissions (N2O),kilotonnes,0.0001,0.0001,0.0001,0.0002,0.0001,0.0001,0.0001,0.0001,0.0001,0.0002,0.0002,0.0002,0.0002,0.0002,0.0002,0.0002,0.0003,0.0003,0.0004,0.0004,0.0004
Faroe Islands,On-farm electricity use,Emissions (CO2),kilotonnes,4.9087,6.777,8.3443,9.9165,8.5268,6.2476,7.0453,8.779,8.2578,9.2571,8.6049,8.8062,9.7828,10.4099,11.058,13.038,13.4876,14.9749,20.2348,22.0702,22.0702
Faroe Islands,On-farm electricity use,Emissions (CO2eq) from CH4 (AR5),kilotonnes,0.4368,0.6048,0.7392,0.8736,0.7728,0.5712,0.6384,0.7868,0.7812,0.9156,0.8708,0.8848,0.9856,0.9828,1.0444,1.232,1.274,1.414,1.9096,2.0832,2.0832
Faroe Islands,On-farm electricity use,Emissions (CO2eq) from N2O (AR5),kilotonnes,0.0265,0.0265,0.0265,0.053,0.0265,0.0265,0.0265,0.0265,0.0265,0.053,0.053,0.053,0.053,0.053,0.053,0.053,0.0795,0.0795,0.106,0.106,0.106
Faroe Islands,On-farm electricity use,Emissions (CO2eq) (AR5),kilotonnes,5.372,7.4083,9.11,10.8431,9.3261,6.8453,7.7102,9.5923,9.0655,10.2257,9.5287,9.744,10.8214,11.4457,12.1554,14.323,14.8411,16.4684,22.2504,24.2594,24.2594
Faroe Islands,Farm-gate emissions,Emissions (CH4),kilotonnes,0.7823,0.7921,0.7927,0.7906,0.7855,0.7659,0.7564,0.7576,0.7442,0.7485,0.7455,0.7486,0.7535,0.7594,0.7721,0.7751,0.7787,0.7668,0.7687,0.7695,0.77
Faroe Islands,Farm-gate emissions,Direct emissions (N2O),kilotonnes,0.0188,0.0188,0.0189,0.0188,0.0188,0.0185,0.0184,0.0184,0.0183,0.0184,0.0183,0.0185,0.0187,0.0187,0.0192,0.0193,0.0195,0.019,0.0191,0.0192,0.0192
Faroe Islands,Farm-gate emissions,Indirect emissions (N2O),kilotonnes,0.0077,0.0077,0.0077,0.0077,0.0077,0.0076,0.0076,0.0076,0.0075,0.0076,0.0075,0.0076,0.0077,0.0077,0.0079,0.008,0.0081,0.0078,0.0079,0.0079,0.008
Faroe Islands,Farm-gate emissions,Emissions (N2O),kilotonnes,0.3142,0.334,0.3219,0.3179,0.3253,0.3199,0.3059,0.3007,0.2743,0.2557,0.2637,0.2534,0.2594,0.2711,0.2585,0.264,0.2648,0.2834,0.2856,0.2909,0.2914
Faroe Islands,Farm-gate emissions,Emissions (CO2),kilotonnes,541.2265,592.5222,561.5521,551.6572,571.6861,559.3489,523.8656,516.538,455.2285,424.0523,454.9208,423.6522,445.9075,480.9526,453.8053,470.888,463.1243,517.8544,521.0345,534.3185,534.9098
Faroe Islands,Farm-gate emissions,Emissions (CO2eq) from CH4 (AR5),kilotonnes,21.9044,22.1799,22.1966,22.1381,21.9936,21.446,21.1787,21.212,20.8371,20.9567,20.8751,20.962,21.098,21.2633,21.6181,21.7022,21.8037,21.4693,21.5228,21.546,21.559
Faroe Islands,Farm-gate emissions,Emissions (CO2eq) from N2O (AR5),kilotonnes,83.2712,88.5135,85.3134,84.2463,86.2095,84.7829,81.0546,79.6797,72.6846,67.7558,69.8919,67.145,68.7333,71.8438,68.5006,69.948,70.185,75.1039,75.6733,77.0998,77.2287
Faroe Islands,Farm-gate emissions,Emissions (CO2eq) (AR5),kilotonnes,646.4021,703.2156,669.0621,658.0415,679.8891,665.5778,626.099,617.4297,548.7501,512.7647,545.6878,511.7592,535.7388,574.0598,543.924,562.5382,555.1131,614.4276,618.2305,632.9643,633.6975
Faroe Islands,Land Use change,Emissions (CH4),kilotonnes,0,0,0,0,0,0,0,0,0,0,0,0,0,0,0,0,0,0,0,0,0
Faroe Islands,Land Use change,Emissions (N2O),kilotonnes,0,0,0,0,0,0,0,0,0,0,0,0,0,0,0,0,0,0,0,0,0
Faroe Islands,Land Use change,Emissions (CO2),kilotonnes,0,0,0,0,0,0,0,0,0,0,0,0,0,0,0,0,0,0,0,0,0
Faroe Islands,Land Use change,Emissions (CO2eq) from CH4 (AR5),kilotonnes,0,0,0,0,0,0,0,0,0,0,0,0,0,0,0,0,0,0,0,0,0
Faroe Islands,Land Use change,Emissions (CO2eq) from N2O (AR5),kilotonnes,0,0,0,0,0,0,0,0,0,0,0,0,0,0,0,0,0,0,0,0,0
Faroe Islands,Land Use change,Emissions (CO2eq) (AR5),kilotonnes,0,0,0,0,0,0,0,0,0,0,0,0,0,0,0,0,0,0,0,0,0
Faroe Islands,Emissions on agricultural land,Emissions (CH4),kilotonnes,0.7823,0.7921,0.7927,0.7906,0.7855,0.7659,0.7564,0.7576,0.7442,0.7485,0.7455,0.7486,0.7535,0.7594,0.7721,0.7751,0.7787,0.7668,0.7687,0.7695,0.77
Faroe Islands,Emissions on agricultural land,Emissions (N2O),kilotonnes,0.3142,0.334,0.3219,0.3179,0.3253,0.3199,0.3059,0.3007,0.2743,0.2557,0.2637,0.2534,0.2594,0.2711,0.2585,0.264,0.2648,0.2834,0.2856,0.2909,0.2914
Faroe Islands,Emissions on agricultural land,Emissions (CO2),kilotonnes,541.2265,592.5222,561.5521,551.6572,571.6861,559.3489,523.8656,516.538,455.2285,424.0523,454.9208,423.6522,445.9075,480.9526,453.8053,470.888,463.1243,517.8544,521.0345,534.3185,534.9098
Faroe Islands,Emissions on agricultural land,Emissions (CO2eq) from CH4 (AR5),kilotonnes,21.9044,22.1799,22.1966,22.1381,21.9936,21.446,21.1787,21.212,20.8371,20.9567,20.8751,20.962,21.098,21.2633,21.6181,21.7022,21.8037,21.4693,21.5228,21.546,21.559
Faroe Islands,Emissions on agricultural land,Emissions (CO2eq) from N2O (AR5),kilotonnes,83.2712,88.5135,85.3134,84.2463,86.2095,84.7829,81.0546,79.6797,72.6846,67.7558,69.8919,67.145,68.7333,71.8438,68.5006,69.948,70.185,75.1039,75.6733,77.0998,77.2287
Faroe Islands,Emissions on agricultural land,Emissions (CO2eq) (AR5),kilotonnes,646.4021,703.2156,669.0621,658.0415,679.8891,665.5778,626.099,617.4297,548.7501,512.7647,545.6878,511.7592,535.7388,574.0598,543.924,562.5382,555.1131,614.4276,618.2305,632.9643,633.6975
Faroe Islands,Pre- and post- production,Emissions (CH4),kilotonnes,0.2399,0.2769,0.3111,0.3359,0.3487,0.355,0.3687,0.3835,0.3911,0.402,0.4052,0.4098,0.4165,0.4191,0.4226,0.4307,0.4334,0.4394,0.458,0.4655,0.4665
Faroe Islands,Pre- and post- production,Emissions (N2O),kilotonnes,0.0009,0.001,0.0012,0.0013,0.0011,0.001,0.001,0.0009,0.0009,0.0009,0.0009,0.0008,0.0008,0.0007,0.0007,0.0006,0.0006,0.0006,0.0006,0.0006,0.0005
Faroe Islands,Pre- and post- production,Emissions (CO2),kilotonnes,6.1145,7.9877,9.5604,11.142,9.7598,7.4822,8.2879,10.0301,9.5127,10.5073,9.8558,10.0613,11.0359,11.669,12.3218,14.2946,14.7494,16.24,21.5039,23.3409,23.3404
Faroe Islands,Pre- and post- production,Emissions (CO2eq) from CH4 (AR5),kilotonnes,6.7178,7.7533,8.7105,9.4039,9.7639,9.9402,10.3236,10.7391,10.9517,11.2551,11.346,11.474,11.6607,11.7338,11.8331,12.0588,12.1346,12.3038,12.8244,13.0335,13.061
Faroe Islands,Pre- and post- production,Emissions (CO2eq) from N2O (AR5),kilotonnes,0.2451,0.2629,0.3161,0.3314,0.2908,0.2765,0.2623,0.2482,0.234,0.2463,0.2322,0.2181,0.2039,0.1898,0.1737,0.1595,0.1718,0.1576,0.1699,0.1571,0.1443
Faroe Islands,Pre- and post- production,Emissions (CO2eq) (AR5),kilotonnes,13.0774,16.0039,18.587,20.8773,19.8145,17.699,18.8739,21.0175,20.6984,22.0088,21.4339,21.7533,22.9005,23.5927,24.3285,26.5128,27.0558,28.7014,34.4982,36.5315,36.5457
Faroe Islands,Agri-food systems,Emissions (CH4),kilotonnes,1.0222,1.069,1.1038,1.1265,1.1342,1.1209,1.1251,1.1411,1.1353,1.1504,1.1508,1.1584,1.17,1.1785,1.1947,1.2057,1.2121,1.2062,1.2267,1.235,1.2364
Faroe Islands,Agri-food systems,Emissions (N2O),kilotonnes,0.3152,0.335,0.3231,0.3192,0.3264,0.321,0.3069,0.3016,0.2752,0.2566,0.2646,0.2542,0.2601,0.2718,0.2591,0.2646,0.2655,0.284,0.2862,0.2915,0.292
Faroe Islands,Agri-food systems,Emissions (CO2),kilotonnes,547.341,600.5099,571.1125,562.7992,581.4459,566.8311,532.1536,526.5681,464.7411,434.5595,464.7765,433.7136,456.9434,492.6217,466.1271,485.1826,477.8738,534.0944,542.5384,557.6594,558.2502
Faroe Islands,Agri-food systems,Emissions (CO2eq) from CH4 (AR5),kilotonnes,28.6222,29.9332,30.907,31.5419,31.7575,31.3863,31.5023,31.9512,31.7888,32.2118,32.2211,32.436,32.7587,32.9971,33.4512,33.7609,33.9383,33.7731,34.3471,34.5796,34.62
Faroe Islands,Agri-food systems,Emissions (CO2eq) from N2O (AR5),kilotonnes,83.5162,88.7764,85.6296,84.5777,86.5003,85.0594,81.3169,79.9279,72.9186,68.0021,70.1241,67.3631,68.9371,72.0336,68.6742,70.1075,70.3568,75.2615,75.8432,77.2569,77.3729
Faroe Islands,Agri-food systems,Emissions (CO2eq) (AR5),kilotonnes,659.4795,719.2195,687.6491,678.9189,699.7036,683.2767,644.9728,638.4472,569.4486,534.7735,567.1217,533.5126,558.6393,597.6524,568.2525,589.051,582.1688,643.129,652.7287,669.4958,670.2431
Faroe Islands,IPCC Agriculture,Emissions (CH4),kilotonnes,0.7648,0.7718,0.7741,0.7725,0.7662,0.7473,0.7397,0.7408,0.7304,0.7351,0.7298,0.7349,0.7379,0.7415,0.7552,0.7569,0.7617,0.7463,0.7482,0.7483,0.7488
Faroe Islands,IPCC Agriculture,Direct emissions (N2O),kilotonnes,0.0188,0.0188,0.0189,0.0188,0.0188,0.0185,0.0184,0.0184,0.0183,0.0184,0.0183,0.0185,0.0187,0.0187,0.0192,0.0193,0.0195,0.019,0.0191,0.0192,0.0192
Faroe Islands,IPCC Agriculture,Indirect emissions (N2O),kilotonnes,0.0077,0.0077,0.0077,0.0077,0.0077,0.0076,0.0076,0.0076,0.0075,0.0076,0.0075,0.0076,0.0077,0.0077,0.0079,0.008,0.0081,0.0078,0.0079,0.0079,0.008
Faroe Islands,IPCC Agriculture,Emissions (N2O),kilotonnes,0.1976,0.1978,0.1978,0.1978,0.1976,0.1972,0.197,0.197,0.1968,0.1969,0.1968,0.1971,0.1973,0.1974,0.198,0.1982,0.1985,0.1978,0.1979,0.1979,0.1983
Faroe Islands,IPCC Agriculture,Emissions (CO2eq) from CH4 (AR5),kilotonnes,21.4149,21.6093,21.6738,21.63,21.4532,20.9242,20.7114,20.7432,20.4511,20.5836,20.4334,20.5768,20.6622,20.7609,21.1442,21.1944,21.3274,20.8971,20.9499,20.9533,20.9663
Faroe Islands,IPCC Agriculture,Emissions (CO2eq) from N2O (AR5),kilotonnes,52.3664,52.4085,52.4228,52.4146,52.3764,52.2584,52.2074,52.2154,52.1507,52.1813,52.1482,52.2234,52.2864,52.31,52.4831,52.5232,52.6027,52.4087,52.4479,52.4328,52.5617
Faroe Islands,IPCC Agriculture,Emissions (CO2eq) (AR5),kilotonnes,73.7813,74.0178,74.0966,74.0446,73.8296,73.1826,72.9188,72.9586,72.6018,72.7649,72.5817,72.8002,72.9486,73.0708,73.6274,73.7176,73.9301,73.3059,73.3978,73.3862,73.528
Faroe Islands,Agricultural Soils,Direct emissions (N2O),kilotonnes,0.0188,0.0188,0.0189,0.0188,0.0188,0.0185,0.0184,0.0184,0.0183,0.0184,0.0183,0.0185,0.0187,0.0187,0.0192,0.0193,0.0195,0.019,0.0191,0.0192,0.0192
Faroe Islands,Agricultural Soils,Indirect emissions (N2O),kilotonnes,0.0077,0.0077,0.0077,0.0077,0.0077,0.0076,0.0076,0.0076,0.0075,0.0076,0.0075,0.0076,0.0077,0.0077,0.0079,0.008,0.0081,0.0078,0.0079,0.0079,0.008
Faroe Islands,Agricultural Soils,Emissions (N2O),kilotonnes,0.1949,0.195,0.195,0.195,0.1949,0.1946,0.1944,0.1945,0.1943,0.1944,0.1943,0.1946,0.1948,0.1949,0.1955,0.1957,0.196,0.1953,0.1954,0.1954,0.1959
Faroe Islands,Agricultural Soils,Emissions (CO2eq) from N2O (AR5),kilotonnes,51.637,51.6658,51.676,51.6712,51.6452,51.5622,51.5246,51.5308,51.4856,51.5077,51.4848,51.5604,51.6279,51.6452,51.8133,51.8577,51.9398,51.7514,51.7934,51.7821,51.914
Faroe Islands,Agricultural Soils,Emissions (CO2eq) (AR5),kilotonnes,51.637,51.6658,51.676,51.6712,51.6452,51.5622,51.5246,51.5308,51.4856,51.5077,51.4848,51.5604,51.6279,51.6452,51.8133,51.8577,51.9398,51.7514,51.7934,51.7821,51.914
Faroe Islands,LULUCF,Emissions (CH4),kilotonnes,0,0,0,0,0,0,0,0,0,0,0,0,0,0,0,0,0,0,0,0,0
Faroe Islands,LULUCF,Emissions (N2O),kilotonnes,0,0,0,0,0,0,0,0,0,0,0,0,0,0,0,0,0,0,0,0,0
Faroe Islands,LULUCF,Emissions (CO2),kilotonnes,235.8299,235.8098,235.8098,235.8098,235.8098,235.8098,235.8098,235.8098,235.8098,235.8098,235.8098,235.769,235.769,235.769,235.769,235.769,235.8467,235.8467,235.8467,235.6849,236.2762
Faroe Islands,LULUCF,Emissions (CO2eq) from CH4 (AR5),kilotonnes,0,0,0,0,0,0,0,0,0,0,0,0,0,0,0,0,0,0,0,0,0
Faroe Islands,LULUCF,Emissions (CO2eq) from N2O (AR5),kilotonnes,0,0,0,0,0,0,0,0,0,0,0,0,0,0,0,0,0,0,0,0,0
Faroe Islands,LULUCF,Emissions (CO2eq) (AR5),kilotonnes,235.8299,235.8098,235.8098,235.8098,235.8098,235.8098,235.8098,235.8098,235.8098,235.8098,235.8098,235.769,235.769,235.769,235.769,235.769,235.8467,235.8467,235.8467,235.6849,236.2762
Faroe Islands,AFOLU,Emissions (CH4),kilotonnes,0.7648,0.7718,0.7741,0.7725,0.7662,0.7473,0.7397,0.7408,0.7304,0.7351,0.7298,0.7349,0.7379,0.7415,0.7552,0.7569,0.7617,0.7463,0.7482,0.7483,0.7488
Faroe Islands,AFOLU,Emissions (N2O),kilotonnes,0.1976,0.1978,0.1978,0.1978,0.1976,0.1972,0.197,0.197,0.1968,0.1969,0.1968,0.1971,0.1973,0.1974,0.198,0.1982,0.1985,0.1978,0.1979,0.1979,0.1983
Faroe Islands,AFOLU,Emissions (CO2),kilotonnes,235.8299,235.8098,235.8098,235.8098,235.8098,235.8098,235.8098,235.8098,235.8098,235.8098,235.8098,235.769,235.769,235.769,235.769,235.769,235.8467,235.8467,235.8467,235.6849,236.2762
Faroe Islands,AFOLU,Emissions (CO2eq) from CH4 (AR5),kilotonnes,21.4149,21.6093,21.6738,21.63,21.4532,20.9242,20.7114,20.7432,20.4511,20.5836,20.4334,20.5768,20.6622,20.7609,21.1442,21.1944,21.3274,20.8971,20.9499,20.9533,20.9663
Faroe Islands,AFOLU,Emissions (CO2eq) from N2O (AR5),kilotonnes,52.3664,52.4085,52.4228,52.4146,52.3764,52.2584,52.2074,52.2154,52.1507,52.1813,52.1482,52.2234,52.2864,52.31,52.4831,52.5232,52.6027,52.4087,52.4479,52.4328,52.5617
Faroe Islands,AFOLU,Emissions (CO2eq) (AR5),kilotonnes,309.6112,309.8276,309.9064,309.8544,309.6394,308.9924,308.7286,308.7684,308.4116,308.5747,308.3914,308.5692,308.7176,308.8398,309.3964,309.4866,309.7769,309.1526,309.2445,309.0711,309.8042
Faroe Islands,All sectors with LULUCF,Emissions (CH4),kilotonnes,0.7648,0.7718,0.7741,0.7725,0.7662,0.7473,0.7397,0.7408,0.7304,0.7351,0.7298,0.7349,0.7379,0.7415,0.7552,0.7569,0.7617,0.7463,0.7482,0.7483,0.7488
Faroe Islands,All sectors with LULUCF,Emissions (N2O),kilotonnes,0.1976,0.1978,0.1978,0.1978,0.1976,0.1972,0.197,0.197,0.1968,0.1969,0.1968,0.1971,0.1973,0.1974,0.198,0.1982,0.1985,0.1978,0.1979,0.1979,0.1983
Faroe Islands,All sectors with LULUCF,Emissions (CO2),kilotonnes,235.8299,235.8098,235.8098,235.8098,235.8098,235.8098,235.8098,235.8098,235.8098,235.8098,235.8098,235.769,235.769,235.769,235.769,235.769,235.8467,235.8467,235.8467,235.6849,236.2762
Faroe Islands,All sectors with LULUCF,Emissions (CO2eq) from CH4 (AR5),kilotonnes,21.4149,21.6093,21.6738,21.63,21.4532,20.9242,20.7114,20.7432,20.4511,20.5836,20.4334,20.5768,20.6622,20.7609,21.1442,21.1944,21.3274,20.8971,20.9499,20.9533,20.9663
Faroe Islands,All sectors with LULUCF,Emissions (CO2eq) from N2O (AR5),kilotonnes,52.3664,52.4085,52.4228,52.4146,52.3764,52.2584,52.2074,52.2154,52.1507,52.1813,52.1482,52.2234,52.2864,52.31,52.4831,52.5232,52.6027,52.4087,52.4479,52.4328,52.5617
Faroe Islands,All sectors with LULUCF,Emissions (CO2eq) (AR5),kilotonnes,309.6112,309.8276,309.9064,309.8544,309.6394,308.9924,308.7286,308.7684,308.4116,308.5747,308.3914,308.5692,308.7176,308.8398,309.3964,309.4866,309.7769,309.1526,309.2445,309.0711,309.8042
Faroe Islands,All sectors without LULUCF,Emissions (CH4),kilotonnes,0.7648,0.7718,0.7741,0.7725,0.7662,0.7473,0.7397,0.7408,0.7304,0.7351,0.7298,0.7349,0.7379,0.7415,0.7552,0.7569,0.7617,0.7463,0.7482,0.7483,0.7488
Faroe Islands,All sectors without LULUCF,Emissions (N2O),kilotonnes,0.1976,0.1978,0.1978,0.1978,0.1976,0.1972,0.197,0.197,0.1968,0.1969,0.1968,0.1971,0.1973,0.1974,0.198,0.1982,0.1985,0.1978,0.1979,0.1979,0.1983
Faroe Islands,All sectors without LULUCF,Emissions (CO2eq) from CH4 (AR5),kilotonnes,21.4149,21.6093,21.6738,21.63,21.4532,20.9242,20.7114,20.7432,20.4511,20.5836,20.4334,20.5768,20.6622,20.7609,21.1442,21.1944,21.3274,20.8971,20.9499,20.9533,20.9663
Faroe Islands,All sectors without LULUCF,Emissions (CO2eq) from N2O (AR5),kilotonnes,52.3664,52.4085,52.4228,52.4146,52.3764,52.2584,52.2074,52.2154,52.1507,52.1813,52.1482,52.2234,52.2864,52.31,52.4831,52.5232,52.6027,52.4087,52.4479,52.4328,52.5617
Faroe Islands,All sectors without LULUCF,Emissions (CO2eq) (AR5),kilotonnes,73.7813,74.0178,74.0966,74.0446,73.8296,73.1826,72.9188,72.9586,72.6018,72.7649,72.5817,72.8002,72.9486,73.0708,73.6274,73.7176,73.9301,73.3059,73.3978,73.3862,73.528
Fiji,Crop Residues,Direct emissions (N2O),kilotonnes,0.0033,0.0036,0.0033,0.004,0.0036,0.0039,0.0034,0.0035,0.003,0.0027,0.0019,0.0019,0.0012,0.0016,0.0014,0.0016,0.0021,0.0022,0.0017,0.0015,0.0019
Fiji,Crop Residues,Indirect emissions (N2O),kilotonnes,0.0008,0.0008,0.0007,0.0009,0.0008,0.0009,0.0008,0.0008,0.0007,0.0006,0.0004,0.0004,0.0003,0.0004,0.0003,0.0004,0.0005,0.0005,0.0004,0.0003,0.0004
Fiji,Crop Residues,Emissions (N2O),kilotonnes,0.0041,0.0045,0.004,0.0049,0.0044,0.0048,0.0041,0.0043,0.0037,0.0033,0.0023,0.0023,0.0015,0.002,0.0017,0.0019,0.0025,0.0027,0.0021,0.0018,0.0024
Fiji,Crop Residues,Emissions (CO2eq) from N2O (AR5),kilotonnes,1.0863,1.1827,1.0593,1.2998,1.1668,1.2625,1.0883,1.1491,0.9884,0.885,0.6054,0.605,0.3983,0.5261,0.4421,0.5092,0.6668,0.7023,0.5637,0.4788,0.6302
Fiji,Crop Residues,Emissions (CO2eq) (AR5),kilotonnes,1.0863,1.1827,1.0593,1.2998,1.1668,1.2625,1.0883,1.1491,0.9884,0.885,0.6054,0.605,0.3983,0.5261,0.4421,0.5092,0.6668,0.7023,0.5637,0.4788,0.6302
Fiji,Rice Cultivation,Emissions (CH4),kilotonnes,0.7382,0.84,0.742,0.91,0.854,0.896,0.77,0.7787,0.7108,0.5676,0.3556,0.3885,0.2668,0.301,0.1749,0.2954,0.4036,0.4238,0.329,0.2682,0.3283
Fiji,Rice Cultivation,Emissions (CO2eq) from CH4 (AR5),kilotonnes,20.6702,23.52,20.776,25.48,23.912,25.088,21.56,21.803,19.9018,15.8917,9.9568,10.878,7.4715,8.428,4.8961,8.2712,11.3014,11.8658,9.212,7.5107,9.1924
Fiji,Rice Cultivation,Emissions (CO2eq) (AR5),kilotonnes,20.6702,23.52,20.776,25.48,23.912,25.088,21.56,21.803,19.9018,15.8917,9.9568,10.878,7.4715,8.428,4.8961,8.2712,11.3014,11.8658,9.212,7.5107,9.1924
Fiji,Burning - Crop residues,Emissions (CH4),kilotonnes,0.1199,0.1257,0.1229,0.1182,0.1162,0.1123,0.1113,0.1035,0.0979,0.0927,0.084,0.0851,0.0768,0.071,0.0699,0.0761,0.0735,0.072,0.0695,0.0708,0.0716
Fiji,Burning - Crop residues,Emissions (CH4),kilotonnes,,,,,,,,,,,,,,,,,,,,,
Fiji,Burning - Crop residues,Emissions (N2O),kilotonnes,0.0031,0.0033,0.0032,0.0031,0.003,0.0029,0.0029,0.0027,0.0025,0.0024,0.0022,0.0022,0.002,0.0018,0.0018,0.002,0.0019,0.0019,0.0018,0.0018,0.0019
Fiji,Burning - Crop residues,Emissions (N2O),kilotonnes,,,,,,,,,,,,,,,,,,,,,
Fiji,Burning - Crop residues,Emissions (CO2eq) from CH4 (AR5),kilotonnes,3.3561,3.5192,3.4423,3.3105,3.2528,3.1449,3.1159,2.8969,2.7407,2.5947,2.3511,2.3835,2.1499,1.9879,1.9568,2.1295,2.0582,2.0174,1.9463,1.9823,2.005
Fiji,Burning - Crop residues,Emissions (CO2eq) from CH4 (AR5),kilotonnes,,,,,,,,,,,,,,,,,,,,,
Fiji,Burning - Crop residues,Emissions (CO2eq) from N2O (AR5),kilotonnes,0.8235,0.8635,0.8446,0.8123,0.7982,0.7717,0.7645,0.7108,0.6725,0.6367,0.5769,0.5848,0.5275,0.4878,0.4801,0.5225,0.505,0.495,0.4776,0.4864,0.492
Fiji,Burning - Crop residues,Emissions (CO2eq) from N2O (AR5),kilotonnes,,,,,,,,,,,,,,,,,,,,,
Fiji,Burning - Crop residues,Emissions (CO2eq) (AR5),kilotonnes,4.1796,4.3827,4.2869,4.1228,4.051,3.9165,3.8804,3.6077,3.4132,3.2314,2.928,2.9684,2.6775,2.4757,2.437,2.6521,2.5632,2.5124,2.4238,2.4687,2.497
Fiji,Burning - Crop residues,Emissions (CO2eq) (AR5),kilotonnes,,,,,,,,,,,,,,,,,,,,,
Fiji,Enteric Fermentation,Emissions (CH4),kilotonnes,23.1107,23.4536,22.271,21.6957,21.946,21.8435,21.8988,22.028,22.0656,21.9651,21.9083,21.733,21.8281,21.9845,7.0084,7.0278,6.9656,8.0571,8.747,10.9156,9.0752
Fiji,Enteric Fermentation,Emissions (CH4),kilotonnes,,,,,13.006,,,,,,,,,,,,,,,,
Fiji,Enteric Fermentation,Emissions (CO2eq) from CH4 (AR5),kilotonnes,647.0989,656.7015,623.588,607.4782,614.488,611.6174,613.1656,616.784,617.8368,615.0229,613.4332,608.5246,611.1869,615.5664,196.2351,196.7793,195.0368,225.5989,244.9171,305.6373,254.1066
Fiji,Enteric Fermentation,Emissions (CO2eq) from CH4 (AR5),kilotonnes,,,,,364.168,,,,,,,,,,,,,,,,
Fiji,Enteric Fermentation,Emissions (CO2eq) (AR5),kilotonnes,647.0989,656.7015,623.588,607.4782,614.488,611.6174,613.1656,616.784,617.8368,615.0229,613.4332,608.5246,611.1869,615.5664,196.2351,196.7793,195.0368,225.5989,244.9171,305.6373,254.1066
Fiji,Enteric Fermentation,Emissions (CO2eq) (AR5),kilotonnes,,,,,364.168,,,,,,,,,,,,,,,,
Fiji,Manure Management,Emissions (CH4),kilotonnes,3.5582,3.607,3.5878,3.7858,3.5763,3.8069,3.8124,3.7081,3.8982,3.8915,3.9028,3.7495,3.7735,3.7804,2.7888,2.8078,2.8193,2.9539,3.4155,4.0755,3.5106
Fiji,Manure Management,Emissions (CH4),kilotonnes,,,,,3.838,,,,,,,,,,,,,,,,
Fiji,Manure Management,Emissions (N2O),kilotonnes,0.0913,0.0915,0.0885,0.0861,0.0873,0.0865,0.0868,0.0893,0.0884,0.0882,0.089,0.0899,0.0902,0.091,0.046,0.0466,0.0462,0.0502,0.0491,0.0521,0.0503
Fiji,Manure Management,Emissions (CO2eq) from CH4 (AR5),kilotonnes,99.6302,100.9953,100.4573,106.0024,100.1367,106.5927,106.7463,103.8268,109.1496,108.9629,109.2781,104.9853,105.6568,105.8519,78.0853,78.6181,78.9407,82.7093,95.6344,114.1133,98.2981
Fiji,Manure Management,Emissions (CO2eq) from CH4 (AR5),kilotonnes,,,,,107.464,,,,,,,,,,,,,,,,
Fiji,Manure Management,Emissions (CO2eq) from N2O (AR5),kilotonnes,24.2047,24.2354,23.4483,22.8203,23.1259,22.9136,22.9907,23.66,23.4144,23.3705,23.5801,23.8235,23.9088,24.112,12.2026,12.3587,12.2489,13.3127,12.9991,13.8014,13.3243
Fiji,Manure Management,Emissions (CO2eq) (AR5),kilotonnes,123.8349,125.2307,123.9056,128.8227,123.2626,129.5062,129.737,127.4868,132.564,132.3333,132.8582,128.8088,129.5655,129.9639,90.2878,90.9768,91.1896,96.0219,108.6336,127.9147,111.6223
Fiji,Manure Management,Emissions (CO2eq) (AR5),kilotonnes,,,,,107.464,,,,,,,,,,,,,,,,
Fiji,Manure left on Pasture,Direct emissions (N2O),kilotonnes,0.6623,0.6721,0.6386,0.6131,0.6357,0.6203,0.6225,0.6306,0.6273,0.6247,0.6233,0.6221,0.6245,0.6295,0.2118,0.2134,0.2118,0.2423,0.2511,0.2995,0.2595
Fiji,Manure left on Pasture,Indirect emissions (N2O),kilotonnes,0.1573,0.1597,0.1527,0.1452,0.1552,0.1483,0.1492,0.1511,0.1505,0.1502,0.1499,0.1496,0.1502,0.1516,0.0628,0.0637,0.0634,0.0703,0.0723,0.0828,0.0743
Fiji,Manure left on Pasture,Emissions (N2O),kilotonnes,0.8196,0.8317,0.7913,0.7583,0.791,0.7686,0.7717,0.7817,0.7778,0.7749,0.7732,0.7716,0.7747,0.7811,0.2746,0.277,0.2752,0.3127,0.3234,0.3823,0.3339
Fiji,Manure left on Pasture,Emissions (CO2eq) from N2O (AR5),kilotonnes,217.2,220.4059,209.6941,200.9481,209.6053,203.6697,204.507,207.1435,206.1185,205.342,204.8951,204.487,205.3021,206.9869,72.7672,73.4144,72.9302,82.8529,85.7044,101.3064,88.4703
Fiji,Manure left on Pasture,Emissions (CO2eq) (AR5),kilotonnes,217.2,220.4059,209.6941,200.9481,209.6053,203.6697,204.507,207.1435,206.1185,205.342,204.8951,204.487,205.3021,206.9869,72.7672,73.4144,72.9302,82.8529,85.7044,101.3064,88.4703
Fiji,Manure applied to Soils,Direct emissions (N2O),kilotonnes,0.0584,0.0568,0.0575,0.0583,0.0582,0.0589,0.0594,0.0601,0.0613,0.0616,0.0634,0.0636,0.064,0.0646,0.051,0.0522,0.0516,0.0542,0.0558,0.0595,0.0574
Fiji,Manure applied to Soils,Indirect emissions (N2O),kilotonnes,0.0248,0.0241,0.0245,0.0248,0.0247,0.025,0.0253,0.0256,0.0261,0.0262,0.027,0.027,0.0272,0.0275,0.0217,0.0222,0.0219,0.023,0.0237,0.0253,0.0244
Fiji,Manure applied to Soils,Emissions (N2O),kilotonnes,0.0832,0.0809,0.082,0.083,0.0829,0.0839,0.0847,0.0857,0.0874,0.0878,0.0904,0.0906,0.0911,0.0921,0.0727,0.0744,0.0735,0.0773,0.0795,0.0848,0.0817
Fiji,Manure applied to Soils,Emissions (CO2eq) from N2O (AR5),kilotonnes,22.0474,21.4511,21.7298,22.0061,21.9678,22.2244,22.4463,22.7042,23.1615,23.2762,23.9584,24.0019,24.1512,24.4086,19.2593,19.7179,19.4804,20.4783,21.0687,22.4689,21.6613
Fiji,Manure applied to Soils,Emissions (CO2eq) (AR5),kilotonnes,22.0474,21.4511,21.7298,22.0061,21.9678,22.2244,22.4463,22.7042,23.1615,23.2762,23.9584,24.0019,24.1512,24.4086,19.2593,19.7179,19.4804,20.4783,21.0687,22.4689,21.6613
Fiji,Synthetic Fertilizers,Direct emissions (N2O),kilotonnes,0.0393,0.0786,0.1474,0.0499,0.1204,0.1036,0.0663,0.0633,0.1062,0.0432,0.0383,0.0555,0.0623,0.0583,0.0438,0.0915,0.0663,0.0796,0.0472,0.0668,0.0878
Fiji,Synthetic Fertilizers,Indirect emissions (N2O),kilotonnes,0.0128,0.0255,0.0479,0.0162,0.0391,0.0337,0.0216,0.0206,0.0345,0.014,0.0124,0.018,0.0202,0.0189,0.0142,0.0298,0.0216,0.0259,0.0153,0.0217,0.0285
Fiji,Synthetic Fertilizers,Emissions (N2O),kilotonnes,0.0521,0.1041,0.1952,0.0662,0.1595,0.1373,0.0879,0.0838,0.1407,0.0572,0.0507,0.0736,0.0825,0.0772,0.058,0.1213,0.0879,0.1055,0.0625,0.0886,0.1163
Fiji,Synthetic Fertilizers,Emissions (CO2eq) from N2O (AR5),kilotonnes,13.7942,27.5884,51.7393,17.5352,42.2599,36.3781,23.2846,22.2087,37.2885,15.1571,13.4355,19.494,21.8693,20.4591,15.3827,32.1436,23.2832,27.9453,16.5738,23.4693,30.8215
Fiji,Synthetic Fertilizers,Emissions (CO2eq) (AR5),kilotonnes,13.7942,27.5884,51.7393,17.5352,42.2599,36.3781,23.2846,22.2087,37.2885,15.1571,13.4355,19.494,21.8693,20.4591,15.3827,32.1436,23.2832,27.9453,16.5738,23.4693,30.8215
Fiji,Drained organic soils,Emissions (CO2eq) (AR5),kilotonnes,85.2156,85.2156,85.2156,85.9281,85.9281,86.2844,85.4285,85.4285,84.7167,84.2019,83.4892,81.1823,80.398,80.398,81.1106,81.1106,81.5238,81.5238,81.5238,83.3159,82.3096
Fiji,Drained organic soils (CO2),Emissions (CO2),kilotonnes,81.7572,81.7572,81.7572,82.441,82.441,82.7829,81.9608,81.9608,81.2778,80.7833,80.0994,77.8866,77.1335,77.1335,77.8174,77.8174,78.2145,78.2145,78.2145,79.9465,78.9817
Fiji,Drained organic soils (CO2),Emissions (CO2eq) (AR5),kilotonnes,81.7572,81.7572,81.7572,82.441,82.441,82.7829,81.9608,81.9608,81.2778,80.7833,80.0994,77.8866,77.1335,77.1335,77.8174,77.8174,78.2145,78.2145,78.2145,79.9465,78.9817
Fiji,Drained organic soils (N2O),Emissions (N2O),kilotonnes,0.0131,0.0131,0.0131,0.0132,0.0132,0.0132,0.0131,0.0131,0.013,0.0129,0.0128,0.0124,0.0123,0.0123,0.0124,0.0124,0.0125,0.0125,0.0125,0.0127,0.0126
Fiji,Drained organic soils (N2O),Emissions (CO2eq) from N2O (AR5),kilotonnes,3.4583,3.4583,3.4583,3.4871,3.4871,3.5015,3.4677,3.4677,3.4389,3.4186,3.3898,3.2957,3.2644,3.2644,3.2932,3.2932,3.3093,3.3093,3.3093,3.3694,3.3279
Fiji,Drained organic soils (N2O),Emissions (CO2eq) (AR5),kilotonnes,3.4583,3.4583,3.4583,3.4871,3.4871,3.5015,3.4677,3.4677,3.4389,3.4186,3.3898,3.2957,3.2644,3.2644,3.2932,3.2932,3.3093,3.3093,3.3093,3.3694,3.3279
Fiji,On-farm energy use,Emissions (CH4),kilotonnes,0.0211,0.0287,0.0217,0.0201,0.0186,0.0139,0.0215,0.0267,0.0169,0.0183,0.0294,0.03,0.026,0.0288,0.0334,0.03,0.0319,0.036,0.0389,0.04,0.04
Fiji,On-farm energy use,Emissions (N2O),kilotonnes,0.0149,0.0172,0.0102,0.0101,0.0131,0.0091,0.0095,0.0109,0.0107,0.0119,0.0137,0.0153,0.0146,0.0149,0.0152,0.017,0.0151,0.0167,0.016,0.0161,0.0161
Fiji,On-farm energy use,Emissions (CO2),kilotonnes,52.7494,65.0679,42.1952,40.7996,47.8116,34.3972,43.6939,66.7301,47.9477,55.8398,67.2468,70.7916,61.9962,66.807,68.9783,71.2809,65.8784,74.0497,74.5892,75.7114,75.7114
Fiji,On-farm energy use,Emissions (CO2eq) from CH4 (AR5),kilotonnes,0.5915,0.8037,0.6076,0.5616,0.5202,0.3888,0.6029,0.748,0.4741,0.5125,0.8234,0.8391,0.7292,0.8071,0.935,0.8405,0.8934,1.0084,1.0886,1.1193,1.1193
Fiji,On-farm energy use,Emissions (CO2eq) from N2O (AR5),kilotonnes,3.9471,4.5656,2.706,2.6779,3.4612,2.4091,2.505,2.8808,2.8227,3.1501,3.6252,4.0495,3.8736,3.9461,4.0265,4.5055,4.0146,4.414,4.2342,4.2757,4.2757
Fiji,On-farm energy use,Emissions (CO2eq) (AR5),kilotonnes,57.288,70.4372,45.5088,44.0391,51.7931,37.1951,46.8017,70.3588,51.2445,59.5024,71.6954,75.6803,66.599,71.5602,73.9398,76.6268,70.7864,79.4721,79.912,81.1065,81.1065
Fiji,Forestland,Emissions (CO2),kilotonnes,-2649.5076,-2654.6529,-2654.6529,-2654.6529,-2654.6529,-2654.6529,-2654.6529,-2654.6529,-2654.6529,-2654.6529,-2654.6529,-2654.3282,-2654.3282,-2654.3282,-2654.3282,-2654.3282,-2649.7285,-2649.7285,-2649.7285,-2649.7285,-2649.7285
Fiji,Forestland,Emissions (CO2eq) (AR5),kilotonnes,-2649.5076,-2654.6529,-2654.6529,-2654.6529,-2654.6529,-2654.6529,-2654.6529,-2654.6529,-2654.6529,-2654.6529,-2654.6529,-2654.3282,-2654.3282,-2654.3282,-2654.3282,-2654.3282,-2649.7285,-2649.7285,-2649.7285,-2649.7285,-2649.7285
Fiji,Net Forest conversion,Emissions (CO2),kilotonnes,0,0,0,0,0,0,0,0,0,0,0,0,0,0,0,0,0,0,0,0,0
Fiji,Net Forest conversion,Emissions (CO2eq) (AR5),kilotonnes,0,0,0,0,0,0,0,0,0,0,0,0,0,0,0,0,0,0,0,0,0
Fiji,Savanna fires,Emissions (CH4),kilotonnes,0.0002,0.0089,0,0.0849,0.0141,0.0007,0.0007,0.0078,0.0119,0.0593,0.0432,0,0,0.0003,0.0835,0.0712,0.0184,0.0115,0.0146,0.0005,0
Fiji,Savanna fires,Emissions (N2O),kilotonnes,0,0.0008,0,0.0077,0.0013,0.0001,0.0001,0.0007,0.0011,0.0054,0.0039,0,0,0,0.0076,0.0065,0.0017,0.0011,0.0013,0,0
Fiji,Savanna fires,Emissions (CO2eq) from CH4 (AR5),kilotonnes,0.0058,0.2499,0,2.3766,0.3956,0.0193,0.0204,0.2183,0.3342,1.6591,1.21,0,0,0.0072,2.3377,1.9931,0.5162,0.3234,0.4099,0.0153,0
Fiji,Savanna fires,Emissions (CO2eq) from N2O (AR5),kilotonnes,0.005,0.216,0,2.0537,0.3419,0.0167,0.0176,0.1886,0.2888,1.4336,1.0456,0,0,0.0062,2.0201,1.7223,0.446,0.2795,0.3542,0.0132,0
Fiji,Savanna fires,Emissions (CO2eq) (AR5),kilotonnes,0.0108,0.4659,0,4.4304,0.7375,0.036,0.038,0.4069,0.6229,3.0927,2.2555,0,0,0.0134,4.3577,3.7154,0.9622,0.6029,0.7642,0.0285,0
Fiji,Fires in organic soils,Emissions (CH4),kilotonnes,0,0,0,0,0,0,0,0,0,0,0,0,0,0,0,0,0,0,0,0,0
Fiji,Fires in organic soils,Emissions (CO2),kilotonnes,0,0,0,0,0,0,0,0,0,0,0,0,0,0,0,0,0,0,0,0,0
Fiji,Fires in organic soils,Emissions (CO2eq) from CH4 (AR5),kilotonnes,0,0,0,0,0,0,0,0,0,0,0,0,0,0,0,0,0,0,0,0,0
Fiji,Fires in organic soils,Emissions (CO2eq) (AR5),kilotonnes,0,0,0,0,0,0,0,0,0,0,0,0,0,0,0,0,0,0,0,0,0
Fiji,Forest fires,Emissions (CH4),kilotonnes,0.002,0,0,0.2822,0,0,0,0.016,0.0399,0.5671,0.1145,0,0,0,0.189,0.213,0.0027,0.0213,0.0586,0.024,0
Fiji,Forest fires,Emissions (N2O),kilotonnes,0.0001,0,0,0.0258,0,0,0,0.0015,0.0036,0.0518,0.0105,0,0,0,0.0173,0.0194,0.0002,0.0019,0.0053,0.0022,0
Fiji,Forest fires,Emissions (CO2eq) from CH4 (AR5),kilotonnes,0.0562,0,0,7.9014,0,0,0,0.4473,1.1182,15.8786,3.2056,0,0,0,5.2927,5.9639,0.0745,0.5964,1.6399,0.6708,0
Fiji,Forest fires,Emissions (CO2eq) from N2O (AR5),kilotonnes,0.0156,0,0,6.8278,0,0,0,0.3865,0.9663,13.7212,2.77,0,0,0,4.5736,5.1536,0.0644,0.5154,1.4171,0.5797,0
Fiji,Forest fires,Emissions (CO2eq) (AR5),kilotonnes,0.0718,0,0,14.7292,0,0,0,0.8338,2.0845,29.5998,5.9756,0,0,0,9.8663,11.1175,0.139,1.1117,3.0569,1.2505,0
Fiji,Fires in humid tropical forests,Emissions (CH4),kilotonnes,0.002,0,0,0.2822,0,0,0,0.016,0.0399,0.5671,0.1145,0,0,0,0.189,0.213,0.0027,0.0213,0.0586,0.024,0
Fiji,Fires in humid tropical forests,Emissions (N2O),kilotonnes,0.0001,0,0,0.0258,0,0,0,0.0015,0.0036,0.0518,0.0105,0,0,0,0.0173,0.0194,0.0002,0.0019,0.0053,0.0022,0
Fiji,Fires in humid tropical forests,Emissions (CO2eq) from CH4 (AR5),kilotonnes,0.0562,0,0,7.9014,0,0,0,0.4473,1.1182,15.8786,3.2056,0,0,0,5.2927,5.9639,0.0745,0.5964,1.6399,0.6708,0
Fiji,Fires in humid tropical forests,Emissions (CO2eq) from N2O (AR5),kilotonnes,0.0156,0,0,6.8278,0,0,0,0.3865,0.9663,13.7212,2.77,0,0,0,4.5736,5.1536,0.0644,0.5154,1.4171,0.5797,0
Fiji,Fires in humid tropical forests,Emissions (CO2eq) (AR5),kilotonnes,0.0718,0,0,14.7292,0,0,0,0.8338,2.0845,29.5998,5.9756,0,0,0,9.8663,11.1175,0.139,1.1117,3.0569,1.2505,0
Fiji,Waste - agri-food systems,Emissions (CH4),kilotonnes,1.9205,1.8732,1.9061,1.8714,1.9521,1.9284,1.9439,1.8096,1.8187,1.7666,1.7536,1.8186,1.7745,1.9166,1.9334,1.6638,1.621,1.8371,2.0263,2.2008,2.3752
Fiji,Waste - agri-food systems,Emissions (N2O),kilotonnes,0.0233,0.0243,0.0242,0.0247,0.026,0.0262,0.0258,0.0245,0.0251,0.0257,0.0266,0.0278,0.0284,0.027,0.0275,0.027,0.0272,0.0309,0.0342,0.0374,0.0406
Fiji,Waste - agri-food systems,Emissions (CO2),kilotonnes,0,0,0,0,0,0,0,0,0,0,0,0,0,0,0,0,0,0,0,0,0
Fiji,Waste - agri-food systems,Emissions (CO2eq) from CH4 (AR5),kilotonnes,53.7754,52.4496,53.3706,52.3992,54.6598,53.9959,54.4304,50.6693,50.9247,49.4645,49.1004,50.9215,49.6872,53.6655,54.1352,46.5867,45.3875,51.439,56.737,61.6214,66.5066
Fiji,Waste - agri-food systems,Emissions (CO2eq) from N2O (AR5),kilotonnes,6.1827,6.4391,6.4061,6.544,6.8829,6.9543,6.832,6.4805,6.661,6.8113,7.0612,7.3556,7.5322,7.1552,7.28,7.1598,7.2102,8.2003,9.0739,9.9168,10.7598
Fiji,Waste - agri-food systems,Emissions (CO2eq) (AR5),kilotonnes,59.9581,58.8887,59.7767,58.9432,61.5426,60.9502,61.2625,57.1498,57.5857,56.2758,56.1616,58.2771,57.2194,60.8207,61.4152,53.7465,52.5976,59.6393,65.8108,71.5381,77.2665
Fiji,On-farm electricity use,Emissions (CH4),kilotonnes,0.0048,0.0048,0.0052,0.0051,0.0055,0.0057,0.0058,0.006,0.0061,0.0056,0.006,0.006,0.0058,0.0062,0.0062,0.0065,0.0066,0.0071,0.0071,0.0073,0.0073
Fiji,On-farm electricity use,Emissions (N2O),kilotonnes,0,0,0,0,0,0,0,0,0,0,0,0,0,0,0,0,0,0,0,0,0
Fiji,On-farm electricity use,Emissions (CO2),kilotonnes,1.9357,1.9532,2.0957,2.1014,2.2337,2.2964,2.3461,2.4429,2.4512,2.2789,2.435,2.4433,2.3307,2.4846,2.4933,2.6315,2.6822,2.8748,2.8896,2.9689,2.9689
Fiji,On-farm electricity use,Emissions (CO2eq) from CH4 (AR5),kilotonnes,0.1344,0.1344,0.1456,0.1428,0.154,0.1596,0.1624,0.168,0.1708,0.1568,0.168,0.168,0.1624,0.1736,0.1736,0.182,0.1848,0.1988,0.1988,0.2044,0.2044
Fiji,On-farm electricity use,Emissions (CO2eq) from N2O (AR5),kilotonnes,0,0,0,0,0,0,0,0,0,0,0,0,0,0,0,0,0,0,0,0,0
Fiji,On-farm electricity use,Emissions (CO2eq) (AR5),kilotonnes,2.0701,2.0876,2.2413,2.2442,2.3877,2.456,2.5085,2.6109,2.622,2.4357,2.603,2.6113,2.4931,2.6582,2.6669,2.8135,2.867,3.0736,3.0884,3.1733,3.1733
Fiji,Food Processing,Emissions (CH4),kilotonnes,0.0079,0.0079,0.0083,0.0087,0.0098,0.0101,0.0096,0.0092,0.008,0.008,0.0074,0.0122,0.0096,0.0106,0.0115,0.0137,0.0133,0.0146,0.0155,0.016,0.0163
Fiji,Food Processing,Emissions (N2O),kilotonnes,0.0004,0.0004,0.0003,0.0004,0.0004,0.0004,0.0004,0.0003,0.0003,0.0006,0.0007,0.002,0.001,0.0012,0.0014,0.0019,0.0016,0.0017,0.0018,0.0019,0.002
Fiji,Food Processing,Emissions (CO2),kilotonnes,22.2154,29.7196,23.0537,28.6439,36.443,31.0752,32.5714,31.0761,22.226,38.6537,71.6796,61.6087,54.8669,71.8955,101.375,141.5824,130.6021,119.489,128.915,174.5518,173.2142
Fiji,Food Processing,Emissions (CO2eq) from CH4 (AR5),kilotonnes,0.2212,0.2212,0.2324,0.2436,0.2744,0.2828,0.2688,0.2576,0.224,0.224,0.2072,0.3416,0.2688,0.2968,0.322,0.3836,0.3724,0.4088,0.434,0.448,0.4567
Fiji,Food Processing,Emissions (CO2eq) from N2O (AR5),kilotonnes,0.106,0.106,0.0795,0.106,0.106,0.106,0.106,0.0795,0.0795,0.159,0.1855,0.53,0.265,0.318,0.371,0.5035,0.424,0.4505,0.477,0.5035,0.5215
Fiji,Food Processing,Emissions (CO2eq) (AR5),kilotonnes,22.5426,30.0468,23.3656,28.9935,36.8234,31.464,32.9462,31.4132,22.5295,39.0367,72.0723,62.4803,55.4007,72.5103,102.068,142.4695,131.3985,120.3483,129.826,175.5033,174.1924
Fiji,Food Packaging,Emissions (CH4),kilotonnes,0.0001,0.0001,0.0001,0.0001,0.0001,0.0001,0.0001,0.0001,0.0001,0.0001,0.0001,0.0001,0.0001,0.0001,0.0001,0.0001,0.0001,0.0001,0.0001,0.0001,0.0001
Fiji,Food Packaging,Emissions (N2O),kilotonnes,0,0,0,0,0,0,0,0,0,0,0,0,0,0,0,0,0,0,0,0,0
Fiji,Food Packaging,Emissions (CO2),kilotonnes,1.4302,1.7506,1.594,1.3618,1.6917,0.9788,1.1475,1.0545,0.8421,0.7927,1.3022,1.0629,1.1478,1.6326,2.5607,3.0011,3.0752,2.7903,3.6742,2.2229,2.2059
Fiji,Food Packaging,Emissions (CO2eq) from CH4 (AR5),kilotonnes,0.0028,0.0028,0.0028,0.0028,0.0028,0.0028,0.0028,0.0028,0.0028,0.0028,0.0028,0.0028,0.0028,0.0028,0.0028,0.0028,0.0028,0.0028,0.0028,0.0028,0.0029
Fiji,Food Packaging,Emissions (CO2eq) from N2O (AR5),kilotonnes,0,0,0,0,0,0,0,0,0,0,0,0,0,0,0,0,0,0,0,0,0
Fiji,Food Packaging,Emissions (CO2eq) (AR5),kilotonnes,1.433,1.7534,1.5968,1.3646,1.6945,0.9816,1.1503,1.0573,0.8449,0.7955,1.305,1.0657,1.1506,1.6354,2.5635,3.0039,3.078,2.7931,3.677,2.2257,2.2087
Fiji,Food Retail,Emissions (CH4),kilotonnes,0.037,0.0396,0.0469,0.0433,0.0472,0.0496,0.0579,0.0599,0.0611,0.0571,0.0615,0.0616,0.0587,0.0628,0.063,0.0685,0.0701,0.0749,0.0751,0.0772,0.0787
Fiji,Food Retail,Emissions (N2O),kilotonnes,0.0002,0.0002,0.0002,0.0002,0.0002,0.0002,0.0003,0.0003,0.0003,0.0003,0.0003,0.0003,0.0003,0.0003,0.0003,0.0003,0.0003,0.0004,0.0004,0.0004,0.0004
Fiji,Food Retail,Emissions (CO2),kilotonnes,14.969,16.0403,18.9846,17.5416,19.0939,20.0996,23.4593,24.2463,24.7273,23.1167,24.8877,24.9241,23.7726,25.4342,25.5071,27.7372,28.3639,30.3243,30.3899,31.2756,31.0359
Fiji,Food Retail,Emissions (CO2eq) from CH4 (AR5),kilotonnes,1.036,1.1088,1.3132,1.2124,1.3216,1.3888,1.6212,1.6772,1.7108,1.5988,1.722,1.7248,1.6436,1.7584,1.764,1.918,1.9628,2.0972,2.1028,2.1616,2.2036
Fiji,Food Retail,Emissions (CO2eq) from N2O (AR5),kilotonnes,0.053,0.053,0.053,0.053,0.053,0.053,0.0795,0.0795,0.0795,0.0795,0.0795,0.0795,0.0795,0.0795,0.0795,0.0795,0.0795,0.106,0.106,0.106,0.1098
Fiji,Food Retail,Emissions (CO2eq) (AR5),kilotonnes,16.058,17.2021,20.3508,18.807,20.4685,21.5414,25.16,26.003,26.5176,24.795,26.6892,26.7284,25.4957,27.2721,27.3506,29.7347,30.4062,32.5275,32.5987,33.5432,33.3493
Fiji,Food Household Consumption,Emissions (CH4),kilotonnes,0.0213,0.0228,0.0258,0.0243,0.0272,0.029,0.0338,0.0371,0.0373,0.0351,0.0362,0.0353,0.0314,0.0337,0.0344,0.0355,0.036,0.0392,0.0399,0.0412,0.042
Fiji,Food Household Consumption,Emissions (N2O),kilotonnes,0.0001,0.0001,0.0001,0.0001,0.0002,0.0001,0.0002,0.0002,0.0002,0.0002,0.0002,0.0002,0.0002,0.0002,0.0002,0.0002,0.0002,0.0002,0.0002,0.0002,0.0002
Fiji,Food Household Consumption,Emissions (CO2),kilotonnes,12.8139,15.6523,16.1148,16.0459,17.7563,15.4198,18.9562,20.0082,20.6606,19.7353,21.3017,20.1853,18.895,20.6337,21.5119,23.3239,25.0854,25.9652,27.2248,27.0208,26.8137
Fiji,Food Household Consumption,Emissions (CO2eq) from CH4 (AR5),kilotonnes,0.5964,0.6384,0.7224,0.6804,0.7616,0.812,0.9464,1.0388,1.0444,0.9828,1.0136,0.9884,0.8792,0.9436,0.9632,0.994,1.008,1.0976,1.1172,1.1536,1.176
Fiji,Food Household Consumption,Emissions (CO2eq) from N2O (AR5),kilotonnes,0.0265,0.0265,0.0265,0.0265,0.053,0.0265,0.053,0.053,0.053,0.053,0.053,0.053,0.053,0.053,0.053,0.053,0.053,0.053,0.053,0.053,0.0549
Fiji,Food Household Consumption,Emissions (CO2eq) (AR5),kilotonnes,13.4368,16.3172,16.8637,16.7528,18.5709,16.2583,19.9556,21.1,21.758,20.7711,22.3683,21.2267,19.8272,21.6303,22.5281,24.3709,26.1464,27.1158,28.395,28.2274,28.0447
Fiji,Food Transport,Emissions (CH4),kilotonnes,0.0042,0.004,0.0028,0.0032,0.0037,0.003,0.0033,0.0026,0.0022,0.0028,0.003,0.0088,0.0041,0.0046,0.0053,0.0073,0.0061,0.0065,0.0067,0.0044,0.0045
Fiji,Food Transport,Emissions (N2O),kilotonnes,0.0014,0.0015,0.0011,0.0015,0.0019,0.0018,0.0019,0.0015,0.0012,0.0015,0.0015,0.0045,0.0021,0.0023,0.0027,0.0038,0.0032,0.0034,0.0035,0.0033,0.0034
Fiji,Food Transport,Emissions (CO2),kilotonnes,35.53,34.884,26.428,33.095,45.414,41.242,47.263,33.598,28.5355,36.4935,41.768,131.4275,65.723,73.6505,90.4195,127.339,110.7485,116.6335,120.0965,103.8415,103.0458
Fiji,Food Transport,Emissions (CO2eq) from CH4 (AR5),kilotonnes,0.1176,0.112,0.0784,0.0896,0.1036,0.084,0.0924,0.0728,0.0616,0.0784,0.084,0.2464,0.1148,0.1288,0.1484,0.2044,0.1708,0.182,0.1876,0.1232,0.1256
Fiji,Food Transport,Emissions (CO2eq) from N2O (AR5),kilotonnes,0.371,0.3975,0.2915,0.3975,0.5035,0.477,0.5035,0.3975,0.318,0.3975,0.3975,1.1925,0.5565,0.6095,0.7155,1.007,0.848,0.901,0.9275,0.8745,0.9057
Fiji,Food Transport,Emissions (CO2eq) (AR5),kilotonnes,36.0186,35.3935,26.7979,33.5821,46.0211,41.803,47.8589,34.0683,28.9151,36.9694,42.2495,132.8664,66.3943,74.3888,91.2834,128.5504,111.7673,117.7165,121.2116,104.8392,104.0771
Fiji,Energy,Emissions (CH4),kilotonnes,0.342,0.338,0.342,0.349,0.369,0.351,0.36,0.346,0.309,0.312,0.306,0.49,0.428,0.416,0.417,0.454,0.431,0.443,0.441,0.463,0.472
Fiji,Energy,Emissions (N2O),kilotonnes,0.0444,0.0432,0.0389,0.0411,0.0491,0.044,0.0462,0.0371,0.0289,0.0288,0.0265,0.0841,0.0438,0.0538,0.0596,0.0749,0.0654,0.0705,0.0712,0.0728,0.0754
Fiji,Energy,Emissions (CO2),kilotonnes,792,1010,836,990,1290,1030,1150,1090,825,737,1140,1000,986,1250,1550,2050,1940,2260,2390,2610,2590
Fiji,Energy,Emissions (CO2eq) from CH4 (AR5),kilotonnes,9.576,9.464,9.576,9.772,10.332,9.828,10.08,9.688,8.652,8.736,8.568,13.72,11.984,11.648,11.676,12.712,12.068,12.404,12.348,12.964,13.216
Fiji,Energy,Emissions (CO2eq) from N2O (AR5),kilotonnes,11.766,11.448,10.3085,10.8915,13.0115,11.66,12.243,9.8315,7.6585,7.632,7.0225,22.2865,11.607,14.257,15.794,19.8485,17.331,18.6825,18.868,19.292,19.981
Fiji,Energy,Emissions (CO2eq) (AR5),kilotonnes,813.342,1030.912,855.8845,1010.6635,1313.3435,1051.488,1172.323,1109.5195,841.3105,753.368,1155.5905,1036.0065,1009.591,1275.905,1577.47,2082.5605,1969.399,2291.0865,2421.216,2642.256,2623.197
Fiji,IPPU,Emissions (N2O),kilotonnes,0.0165,0.0166,0.0166,0.0166,0.0167,0.0167,0.0168,0.017,0.0172,0.0173,0.0175,0.0176,0.0178,0.0179,0.018,0.0182,0.0183,0.0184,0.0186,0.0187,0.0189
Fiji,IPPU,Emissions (CO2),kilotonnes,47.9,9.25,8.57,8.95,10.1,9.82,10.3,9.83,8.8,8.76,8.63,9.56,8.83,9.07,9.53,10.5,11.1,12.1,12.8,11.2,11.3
Fiji,IPPU,Emissions (CO2eq) from N2O (AR5),kilotonnes,4.3725,4.399,4.399,4.399,4.4255,4.4255,4.452,4.505,4.558,4.5845,4.6375,4.664,4.717,4.7435,4.77,4.823,4.8495,4.876,4.929,4.9555,5.0085
Fiji,IPPU,Emissions (CO2eq) (AR5),kilotonnes,52.2725,13.649,12.969,13.349,14.5255,14.2455,14.752,14.335,13.358,13.3445,13.2675,14.224,13.547,13.8135,14.3,15.323,15.9495,16.976,17.729,16.1555,16.3085
Fiji,Waste,Emissions (CH4),kilotonnes,10.6,10.7,10.9,11,11.2,11.3,11.6,11.7,11.9,11.9,12.2,12.5,12.7,13.1,13.6,13.9,14.1,14.4,14.8,14.8,15.1
Fiji,Waste,Emissions (N2O),kilotonnes,0.0375,0.0377,0.0377,0.0383,0.0387,0.0393,0.0398,0.0397,0.0399,0.0393,0.0395,0.0398,0.0414,0.0418,0.0421,0.0415,0.0418,0.0417,0.042,0.0425,0.0427
Fiji,Waste,Emissions (CO2eq) from CH4 (AR5),kilotonnes,296.8,299.6,305.2,308,313.6,316.4,324.8,327.6,333.2,333.2,341.6,350,355.6,366.8,380.8,389.2,394.8,403.2,414.4,414.4,422.8
Fiji,Waste,Emissions (CO2eq) from N2O (AR5),kilotonnes,9.9375,9.9905,9.9905,10.1495,10.2555,10.4145,10.547,10.5205,10.5735,10.4145,10.4675,10.547,10.971,11.077,11.1565,10.9975,11.077,11.0505,11.13,11.2625,11.3155
Fiji,Waste,Emissions (CO2eq) (AR5),kilotonnes,306.7375,309.5905,315.1905,318.1495,323.8555,326.8145,335.347,338.1205,343.7735,343.6145,352.0675,360.547,366.571,377.877,391.9565,400.1975,405.877,414.2505,425.53,425.6625,434.1155
Fiji,Other,Emissions (N2O),kilotonnes,0.0809,0.0845,0.0785,0.0872,0.112,0.0975,0.0987,0.0808,0.05,0.0464,0.0418,0.0789,0.0465,0.0583,0.0787,0.0961,0.0866,0.0937,0.0944,0.0765,0.0764
Fiji,Other,Emissions (CO2eq) from N2O (AR5),kilotonnes,21.4385,22.3925,20.8025,23.108,29.68,25.8375,26.1555,21.412,13.25,12.296,11.077,20.9085,12.3225,15.4495,20.8555,25.4665,22.949,24.8305,25.016,20.2725,20.246
Fiji,Other,Emissions (CO2eq) (AR5),kilotonnes,21.4385,22.3925,20.8025,23.108,29.68,25.8375,26.1555,21.412,13.25,12.296,11.077,20.9085,12.3225,15.4495,20.8555,25.4665,22.949,24.8305,25.016,20.2725,20.246
Fiji,Farm-gate emissions,Emissions (CH4),kilotonnes,27.5483,28.0639,26.7454,26.6146,26.5252,26.6733,26.6147,26.6528,26.8013,26.5944,26.3233,25.9861,25.9712,26.166,10.1588,10.3083,10.3124,11.5544,12.6146,15.3707,13.0258
Fiji,Farm-gate emissions,Direct emissions (N2O),kilotonnes,0.7633,0.8111,0.8467,0.7253,0.8179,0.7866,0.7516,0.7575,0.7979,0.7323,0.7269,0.743,0.752,0.754,0.308,0.3587,0.3317,0.3783,0.3559,0.4273,0.4066
Fiji,Farm-gate emissions,Indirect emissions (N2O),kilotonnes,0.1957,0.2102,0.2258,0.1871,0.2199,0.2079,0.1968,0.198,0.2118,0.191,0.1897,0.1951,0.1979,0.1984,0.099,0.116,0.1074,0.1197,0.1117,0.1301,0.1277
Fiji,Farm-gate emissions,Emissions (N2O),kilotonnes,1.0814,1.147,1.1875,1.0326,1.1555,1.1062,1.0606,1.0721,1.1253,1.044,1.0382,1.0579,1.069,1.0724,0.4901,0.5592,0.5165,0.5803,0.5482,0.6403,0.6151
Fiji,Farm-gate emissions,Emissions (CO2),kilotonnes,134.5066,146.8251,123.9524,123.2405,130.2526,117.1801,125.6547,148.6909,129.2255,136.6232,147.3463,148.6782,139.1297,143.9406,146.7957,149.0983,144.0929,152.2642,152.8037,155.6579,154.6931
Fiji,Farm-gate emissions,Emissions (CO2eq) from CH4 (AR5),kilotonnes,771.3527,785.7897,748.8712,745.2094,742.7054,746.851,745.211,746.277,750.4372,744.6437,737.0526,727.6105,727.1944,732.6486,284.4459,288.6317,288.7466,323.5231,353.2084,430.3783,364.7214
Fiji,Farm-gate emissions,Emissions (CO2eq) from N2O (AR5),kilotonnes,286.5666,303.9669,314.6798,273.6406,306.214,293.1472,281.0717,284.1134,298.1941,276.6697,275.112,280.3414,283.2951,284.1971,129.8738,148.1874,136.8845,153.7892,145.285,169.6697,163.0031
Fiji,Farm-gate emissions,Emissions (CO2eq) (AR5),kilotonnes,1192.4259,1236.5817,1187.5035,1142.0905,1179.172,1157.1784,1151.9373,1179.0813,1177.8568,1157.9366,1159.5108,1156.6301,1149.6193,1160.7862,561.1153,585.9173,569.7241,629.5766,651.2971,755.7058,682.4177
Fiji,Land Use change,Emissions (CH4),kilotonnes,0.002,0,0,0.2822,0,0,0,0.016,0.0399,0.5671,0.1145,0,0,0,0.189,0.213,0.0027,0.0213,0.0586,0.024,0
Fiji,Land Use change,Emissions (N2O),kilotonnes,0.0001,0,0,0.0258,0,0,0,0.0015,0.0036,0.0518,0.0105,0,0,0,0.0173,0.0194,0.0002,0.0019,0.0053,0.0022,0
Fiji,Land Use change,Emissions (CO2),kilotonnes,0,0,0,0,0,0,0,0,0,0,0,0,0,0,0,0,0,0,0,0,0
Fiji,Land Use change,Emissions (CO2eq) from CH4 (AR5),kilotonnes,0.0562,0,0,7.9014,0,0,0,0.4473,1.1182,15.8786,3.2056,0,0,0,5.2927,5.9639,0.0745,0.5964,1.6399,0.6708,0
Fiji,Land Use change,Emissions (CO2eq) from N2O (AR5),kilotonnes,0.0156,0,0,6.8278,0,0,0,0.3865,0.9663,13.7212,2.77,0,0,0,4.5736,5.1536,0.0644,0.5154,1.4171,0.5797,0
Fiji,Land Use change,Emissions (CO2eq) (AR5),kilotonnes,0.0718,0,0,14.7292,0,0,0,0.8338,2.0845,29.5998,5.9756,0,0,0,9.8663,11.1175,0.139,1.1117,3.0569,1.2505,0
Fiji,Emissions on agricultural land,Emissions (CH4),kilotonnes,27.5503,28.0639,26.7454,26.8968,26.5252,26.6733,26.6147,26.6687,26.8413,27.1615,26.4378,25.9861,25.9712,26.166,10.3478,10.5213,10.315,11.5757,12.6732,15.3946,13.0258
Fiji,Emissions on agricultural land,Emissions (N2O),kilotonnes,1.0814,1.147,1.1875,1.0584,1.1555,1.1062,1.0606,1.0736,1.1289,1.0958,1.0486,1.0579,1.069,1.0724,0.5073,0.5786,0.5168,0.5823,0.5536,0.6425,0.6151
Fiji,Emissions on agricultural land,Emissions (CO2),kilotonnes,134.5066,146.8251,123.9524,123.2405,130.2526,117.1801,125.6547,148.6909,129.2255,136.6232,147.3463,148.6782,139.1297,143.9406,146.7957,149.0983,144.0929,152.2642,152.8037,155.6579,154.6931
Fiji,Emissions on agricultural land,Emissions (CO2eq) from CH4 (AR5),kilotonnes,771.4089,785.7897,748.8712,753.1108,742.7054,746.851,745.211,746.7243,751.5554,760.5224,740.2581,727.6105,727.1944,732.6486,289.7386,294.5956,288.8212,324.1195,354.8483,431.0491,364.7214
Fiji,Emissions on agricultural land,Emissions (CO2eq) from N2O (AR5),kilotonnes,286.5822,303.9669,314.6798,280.4684,306.214,293.1472,281.0717,284.4999,299.1604,290.3909,277.882,280.3414,283.2951,284.1971,134.4474,153.341,136.9489,154.3046,146.702,170.2494,163.0031
Fiji,Emissions on agricultural land,Emissions (CO2eq) (AR5),kilotonnes,1192.4977,1236.5817,1187.5035,1156.8197,1179.172,1157.1784,1151.9373,1179.915,1179.9413,1187.5365,1165.4864,1156.6301,1149.6193,1160.7862,570.9817,597.0348,569.863,630.6883,654.354,756.9563,682.4177
Fiji,Pre- and post- production,Emissions (CH4),kilotonnes,1.9958,1.9524,1.9952,1.9561,2.0456,2.0259,2.0544,1.9245,1.9335,1.8753,1.8678,1.9426,1.8842,2.0346,2.0539,1.7954,1.7532,1.9795,2.1707,2.347,2.5241
Fiji,Pre- and post- production,Emissions (N2O),kilotonnes,0.0254,0.0265,0.0259,0.0269,0.0287,0.0287,0.0286,0.0268,0.0271,0.0283,0.0293,0.0348,0.032,0.031,0.0321,0.0332,0.0325,0.0366,0.0401,0.0432,0.0466
Fiji,Pre- and post- production,Emissions (CO2),kilotonnes,88.8942,100,88.2708,98.7896,122.6326,111.1118,125.7435,112.426,99.4427,121.0708,163.3742,241.6518,166.736,195.7311,243.8675,325.6151,300.5573,298.0771,313.19,341.8815,339.2845
Fiji,Pre- and post- production,Emissions (CO2eq) from CH4 (AR5),kilotonnes,55.8838,54.6672,55.8654,54.7708,57.2778,56.7259,57.5244,53.8865,54.1391,52.5081,52.298,54.3935,52.7588,56.9695,57.5092,50.2715,49.0891,55.4262,60.7802,65.715,70.6758
Fiji,Pre- and post- production,Emissions (CO2eq) from N2O (AR5),kilotonnes,6.7392,7.0221,6.8566,7.127,7.5984,7.6168,7.574,7.09,7.191,7.5003,7.7767,9.2106,8.4862,8.2152,8.499,8.8028,8.6147,9.7108,10.6374,11.4538,12.3517
Fiji,Pre- and post- production,Emissions (CO2eq) (AR5),kilotonnes,151.5172,161.6893,150.9928,160.6874,187.5087,175.4545,190.842,173.4025,160.7728,181.0792,223.4489,305.2559,227.981,260.9158,309.8757,384.6894,358.261,363.2141,384.6075,419.0502,422.312
Fiji,Agri-food systems,Emissions (CH4),kilotonnes,29.5462,30.0163,28.7406,28.8529,28.5708,28.6992,28.6691,28.5932,28.7748,29.0368,28.3056,27.9287,27.8555,28.2006,12.4017,12.3167,12.0682,13.5552,14.8439,17.7416,15.5499
Fiji,Agri-food systems,Emissions (N2O),kilotonnes,1.1069,1.1735,1.2133,1.0853,1.1842,1.135,1.0892,1.1003,1.156,1.1241,1.078,1.0926,1.1011,1.1034,0.5394,0.6119,0.5493,0.6189,0.5937,0.6857,0.6617
Fiji,Agri-food systems,Emissions (CO2),kilotonnes,223.4008,246.8251,212.2232,222.0301,252.8852,228.2919,251.3982,261.1169,228.6682,257.694,310.7205,390.33,305.8657,339.6717,390.6632,474.7134,444.6502,450.3413,465.9937,497.5394,493.9776
Fiji,Agri-food systems,Emissions (CO2eq) from CH4 (AR5),kilotonnes,827.2927,840.4569,804.7366,807.8816,799.9832,803.5769,802.7354,800.6108,805.6945,813.0305,792.5562,782.004,779.9532,789.618,347.2478,344.8671,337.9102,379.5457,415.6284,496.764,435.3972
Fiji,Agri-food systems,Emissions (CO2eq) from N2O (AR5),kilotonnes,293.3215,310.9889,321.5364,287.5954,313.8123,300.764,288.6457,291.5898,306.3514,297.8913,285.6587,289.552,291.7813,292.4123,142.9464,162.1438,145.5636,164.0154,157.3394,181.7031,175.3549
Fiji,Agri-food systems,Emissions (CO2eq) (AR5),kilotonnes,1344.015,1398.2709,1338.4962,1317.5071,1366.6807,1332.6328,1342.7792,1353.3175,1340.7141,1368.6157,1388.9353,1461.886,1377.6003,1421.702,880.8574,981.7242,928.124,993.9024,1038.9615,1176.0066,1104.7297
Fiji,IPCC Agriculture,Emissions (CH4),kilotonnes,27.5272,28.0352,26.7237,26.5946,26.5066,26.6594,26.5931,26.626,26.7844,26.5761,26.2939,25.9561,25.9452,26.1372,10.1254,10.2783,10.2805,11.5184,12.5757,15.3307,12.9858
Fiji,IPCC Agriculture,Emissions (CH4),kilotonnes,,,,,16.935,,,,,,,,,,,,,,,,
Fiji,IPCC Agriculture,Direct emissions (N2O),kilotonnes,0.7633,0.8111,0.8467,0.7253,0.8179,0.7866,0.7516,0.7575,0.7979,0.7323,0.7269,0.743,0.752,0.754,0.308,0.3587,0.3317,0.3783,0.3559,0.4273,0.4066
Fiji,IPCC Agriculture,Indirect emissions (N2O),kilotonnes,0.1957,0.2102,0.2258,0.1871,0.2199,0.2079,0.1968,0.198,0.2118,0.191,0.1897,0.1951,0.1979,0.1984,0.099,0.116,0.1074,0.1197,0.1117,0.1301,0.1277
Fiji,IPCC Agriculture,Emissions (N2O),kilotonnes,1.0665,1.1298,1.1773,1.0225,1.1425,1.0971,1.0512,1.0613,1.1146,1.0321,1.0245,1.0426,1.0544,1.0576,0.4749,0.5422,0.5014,0.5637,0.5323,0.6241,0.599
Fiji,IPCC Agriculture,Emissions (N2O),kilotonnes,,,,,1.958,,,,,,,,,,,,,,,,
Fiji,IPCC Agriculture,Emissions (CO2eq) from CH4 (AR5),kilotonnes,770.7611,784.9859,748.2636,744.6478,742.1851,746.4623,744.6081,745.529,749.9631,744.1312,736.2292,726.7714,726.4652,731.8414,283.5109,287.7913,287.8532,322.5147,352.1198,429.2589,363.6021
Fiji,IPCC Agriculture,Emissions (CO2eq) from CH4 (AR5),kilotonnes,,,,,474.18,,,,,,,,,,,,,,,,
Fiji,IPCC Agriculture,Emissions (CO2eq) from N2O (AR5),kilotonnes,282.6195,299.4013,311.9739,270.9627,302.7528,290.7381,278.5667,281.2326,295.3715,273.5197,271.4868,276.2919,279.4216,280.2511,125.8473,143.6819,132.8699,149.3753,141.0508,165.394,158.7274
Fiji,IPCC Agriculture,Emissions (CO2eq) from N2O (AR5),kilotonnes,,,,,518.87,,,,,,,,,,,,,,,,
Fiji,IPCC Agriculture,Emissions (CO2eq) (AR5),kilotonnes,1053.3807,1084.3872,1060.2374,1015.6105,1044.938,1037.2004,1023.1748,1026.7616,1045.3345,1017.6509,1007.716,1003.0633,1005.8867,1012.0925,409.3582,431.4731,420.7231,471.89,493.1706,594.6529,522.3295
Fiji,IPCC Agriculture,Emissions (CO2eq) (AR5),kilotonnes,,,,,993.05,,,,,,,,,,,,,,,,
Fiji,Agricultural Soils,Direct emissions (N2O),kilotonnes,0.7633,0.8111,0.8467,0.7253,0.8179,0.7866,0.7516,0.7575,0.7979,0.7323,0.7269,0.743,0.752,0.754,0.308,0.3587,0.3317,0.3783,0.3559,0.4273,0.4066
Fiji,Agricultural Soils,Indirect emissions (N2O),kilotonnes,0.1957,0.2102,0.2258,0.1871,0.2199,0.2079,0.1968,0.198,0.2118,0.191,0.1897,0.1951,0.1979,0.1984,0.099,0.116,0.1074,0.1197,0.1117,0.1301,0.1277
Fiji,Agricultural Soils,Emissions (N2O),kilotonnes,0.972,1.0343,1.0856,0.9256,1.0509,1.0077,0.9615,0.9686,1.0226,0.9361,0.9294,0.9505,0.9622,0.9647,0.4194,0.4871,0.4516,0.5105,0.4801,0.5702,0.5468
Fiji,Agricultural Soils,Emissions (N2O),kilotonnes,,,,,1.958,,,,,,,,,,,,,,,,
Fiji,Agricultural Soils,Emissions (CO2eq) from N2O (AR5),kilotonnes,257.5863,274.0864,287.6809,245.2764,278.4869,267.0362,254.7938,256.6731,270.9959,248.0789,246.2842,251.8835,254.9853,255.6451,111.1445,129.0784,119.6699,135.2881,127.2199,151.093,144.9112
Fiji,Agricultural Soils,Emissions (CO2eq) from N2O (AR5),kilotonnes,,,,,518.87,,,,,,,,,,,,,,,,
Fiji,Agricultural Soils,Emissions (CO2eq) (AR5),kilotonnes,257.5863,274.0864,287.6809,245.2764,278.4869,267.0362,254.7938,256.6731,270.9959,248.0789,246.2842,251.8835,254.9853,255.6451,111.1445,129.0784,119.6699,135.2881,127.2199,151.093,144.9112
Fiji,Agricultural Soils,Emissions (CO2eq) (AR5),kilotonnes,,,,,518.87,,,,,,,,,,,,,,,,
Fiji,LULUCF,Emissions (CH4),kilotonnes,0.002,0,0,0.2822,0,0,0,0.016,0.0399,0.5671,0.1145,0,0,0,0.189,0.213,0.0027,0.0213,0.0586,0.024,0
Fiji,LULUCF,Emissions (CH4),kilotonnes,,,,,,,,,,,,,,,,,,,,,
Fiji,LULUCF,Emissions (N2O),kilotonnes,0.0001,0,0,0.0258,0,0,0,0.0015,0.0036,0.0518,0.0105,0,0,0,0.0173,0.0194,0.0002,0.0019,0.0053,0.0022,0
Fiji,LULUCF,Emissions (N2O),kilotonnes,,,,,,,,,,,,,,,,,,,,,
Fiji,LULUCF,Emissions (CO2),kilotonnes,-2567.7504,-2572.8956,-2572.8956,-2572.2119,-2572.2119,-2571.87,-2572.6921,-2572.6921,-2573.3751,-2573.8696,-2574.5534,-2576.4416,-2577.1946,-2577.1946,-2576.5108,-2576.5108,-2571.514,-2571.514,-2571.514,-2569.7821,-2570.7468
Fiji,LULUCF,Emissions (CO2),kilotonnes,,,,,-7987.7,,,,,,,,,,,,,,,,
Fiji,LULUCF,Emissions (CO2eq) from CH4 (AR5),kilotonnes,0.0562,0,0,7.9014,0,0,0,0.4473,1.1182,15.8786,3.2056,0,0,0,5.2927,5.9639,0.0745,0.5964,1.6399,0.6708,0
Fiji,LULUCF,Emissions (CO2eq) from N2O (AR5),kilotonnes,0.0156,0,0,6.8278,0,0,0,0.3865,0.9663,13.7212,2.77,0,0,0,4.5736,5.1536,0.0644,0.5154,1.4171,0.5797,0
Fiji,LULUCF,Emissions (CO2eq) (AR5),kilotonnes,-2567.6786,-2572.8956,-2572.8956,-2557.4827,-2572.2119,-2571.87,-2572.6921,-2571.8583,-2571.2906,-2544.2697,-2568.5779,-2576.4416,-2577.1946,-2577.1946,-2566.6445,-2565.3933,-2571.3751,-2570.4023,-2568.4571,-2568.5316,-2570.7468
Fiji,LULUCF,Emissions (CO2eq) (AR5),kilotonnes,,,,,-7987.7,,,,,,,,,,,,,,,,
Fiji,AFOLU,Emissions (CH4),kilotonnes,27.5292,28.0352,26.7237,26.8768,26.5066,26.6594,26.5931,26.642,26.8243,27.1432,26.4084,25.9561,25.9452,26.1372,10.3144,10.4913,10.2831,11.5397,12.6343,15.3546,12.9858
Fiji,AFOLU,Emissions (N2O),kilotonnes,1.0665,1.1298,1.1773,1.0483,1.1425,1.0971,1.0512,1.0627,1.1183,1.0839,1.0349,1.0426,1.0544,1.0576,0.4922,0.5616,0.5016,0.5656,0.5376,0.6263,0.599
Fiji,AFOLU,Emissions (CO2),kilotonnes,-2567.7504,-2572.8956,-2572.8956,-2572.2119,-2572.2119,-2571.87,-2572.6921,-2572.6921,-2573.3751,-2573.8696,-2574.5534,-2576.4416,-2577.1946,-2577.1946,-2576.5108,-2576.5108,-2571.514,-2571.514,-2571.514,-2569.7821,-2570.7468
Fiji,AFOLU,Emissions (CO2eq) from CH4 (AR5),kilotonnes,770.8173,784.9859,748.2636,752.5491,742.1851,746.4623,744.6081,745.9763,751.0813,760.0099,739.4348,726.7714,726.4652,731.8414,288.8036,293.7552,287.9278,323.1111,353.7597,429.9298,363.6021
Fiji,AFOLU,Emissions (CO2eq) from N2O (AR5),kilotonnes,282.6352,299.4013,311.9739,277.7905,302.7528,290.7381,278.5667,281.6191,296.3377,287.2409,274.2568,276.2919,279.4216,280.2511,130.4209,148.8355,132.9343,149.8906,142.4678,165.9737,158.7274
Fiji,AFOLU,Emissions (CO2eq) (AR5),kilotonnes,-1514.2979,-1488.5084,-1512.6582,-1541.8723,-1527.274,-1534.6696,-1549.5173,-1545.0967,-1525.956,-1526.6188,-1560.8618,-1573.3783,-1571.3079,-1565.1021,-2157.2863,-2133.9201,-2150.6519,-2098.5123,-2075.2865,-1973.8787,-2048.4173
Fiji,All sectors with LULUCF,Emissions (CH4),kilotonnes,38.4712,39.0732,37.9657,38.2258,38.0756,38.3104,38.5531,38.688,39.0333,39.3552,38.9144,38.9461,39.0732,39.6532,24.3314,24.8453,24.8141,26.3827,27.8753,30.6176,28.5578
Fiji,All sectors with LULUCF,Emissions (N2O),kilotonnes,1.2458,1.3118,1.349,1.2315,1.359,1.2946,1.2527,1.2373,1.2543,1.2157,1.1602,1.263,1.2039,1.2294,0.6906,0.7923,0.7137,0.7899,0.7638,0.8368,0.8124
Fiji,All sectors with LULUCF,Emissions (CO2),kilotonnes,-1727.8504,-1553.6456,-1728.3256,-1573.2619,-1272.1119,-1532.05,-1412.3921,-1472.8621,-1739.5751,-1828.1096,-1425.9234,-1566.8816,-1582.3646,-1318.1246,-1016.9808,-516.0108,-620.414,-299.414,-168.714,51.4179,30.5532
Fiji,All sectors with LULUCF,Emissions (CO2eq) from CH4 (AR5),kilotonnes,1077.1933,1094.0499,1063.0396,1070.3211,1066.1171,1072.6903,1079.4881,1083.2643,1092.9333,1101.9459,1089.6028,1090.4914,1094.0492,1110.2894,681.2796,695.6672,694.7958,738.7151,780.5077,857.2938,799.6181
Fiji,All sectors with LULUCF,Emissions (CO2eq) from N2O (AR5),kilotonnes,330.1497,347.6313,357.4744,326.3385,360.1253,343.0756,331.9642,327.8881,332.3777,322.1679,307.4613,334.6979,319.0391,325.7781,182.9969,209.971,189.1408,209.3301,202.4108,221.7562,215.2784
Fiji,All sectors with LULUCF,Emissions (CO2eq) (AR5),kilotonnes,-320.5074,-111.9644,-307.8117,-176.6023,154.1305,-116.2841,-0.9398,-61.7097,-314.264,-403.9958,-28.8593,-141.6923,-169.2764,117.9429,-152.7043,389.6274,263.5226,648.6312,814.2045,1130.4678,1045.4497
Fiji,All sectors without LULUCF,Emissions (CH4),kilotonnes,38.4692,39.0732,37.9657,37.9436,38.0756,38.3104,38.5531,38.672,38.9934,38.7881,38.7999,38.9461,39.0732,39.6532,24.1424,24.6323,24.8115,26.3614,27.8167,30.5937,28.5578
Fiji,All sectors without LULUCF,Emissions (N2O),kilotonnes,1.2458,1.3118,1.349,1.2057,1.359,1.2946,1.2527,1.2359,1.2506,1.1639,1.1498,1.263,1.2039,1.2294,0.6733,0.7729,0.7135,0.788,0.7585,0.8346,0.8124
Fiji,All sectors without LULUCF,Emissions (CO2),kilotonnes,839.9,1019.25,844.57,998.95,1300.1,1039.82,1160.3,1099.83,833.8,745.76,1148.63,1009.56,994.83,1259.07,1559.53,2060.5,1951.1,2272.1,2402.8,2621.2,2601.3
Fiji,All sectors without LULUCF,Emissions (CO2eq) from CH4 (AR5),kilotonnes,1077.1371,1094.0499,1063.0396,1062.4198,1066.1171,1072.6903,1079.4881,1082.817,1091.8151,1086.0672,1086.3972,1090.4914,1094.0492,1110.2894,675.9869,689.7033,694.7212,738.1187,778.8678,856.6229,799.6181
Fiji,All sectors without LULUCF,Emissions (CO2eq) from N2O (AR5),kilotonnes,330.134,347.6313,357.4744,319.5107,360.1253,343.0756,331.9642,327.5016,331.4115,308.4467,304.6913,334.6979,319.0391,325.7781,178.4233,204.8174,189.0764,208.8148,200.9938,221.1765,215.2784
Fiji,All sectors without LULUCF,Emissions (CO2eq) (AR5),kilotonnes,2247.1712,2460.9312,2265.0839,2380.8805,2726.3425,2455.5859,2571.7523,2510.1486,2257.0265,2140.2739,2539.7185,2434.7493,2407.9182,2695.1375,2413.9402,2955.0206,2834.8976,3219.0335,3382.6616,3698.9994,3616.1965
Finland,Crop Residues,Direct emissions (N2O),kilotonnes,0.7615,0.6948,0.7356,0.7167,0.6905,0.7705,0.7185,0.7715,0.794,0.7985,0.5749,0.6895,0.6824,0.7528,0.7699,0.6927,0.6682,0.6334,0.5304,0.7351,0.6302
Finland,Crop Residues,Direct emissions (N2O),kilotonnes,1.3953,1.3415,1.3783,1.3443,1.3486,1.4416,1.1588,1.3062,1.2381,1.4814,1.3705,1.4089,1.4072,1.4428,1.4502,1.5549,1.4676,1.4948,1.3068,1.5434,1.434
Finland,Crop Residues,Indirect emissions (N2O),kilotonnes,0.1713,0.1563,0.1655,0.1612,0.1554,0.1734,0.1617,0.1736,0.1787,0.1797,0.1294,0.1551,0.1535,0.1694,0.1732,0.1559,0.1503,0.1425,0.1193,0.1654,0.1418
Finland,Crop Residues,Emissions (N2O),kilotonnes,0.9328,0.8511,0.9011,0.8779,0.8459,0.9438,0.8801,0.945,0.9727,0.9782,0.7043,0.8446,0.8359,0.9222,0.9431,0.8486,0.8185,0.7759,0.6497,0.9005,0.7719
Finland,Crop Residues,Emissions (N2O),kilotonnes,1.3953,1.3415,1.3783,1.3443,1.3486,1.4416,1.1588,1.3062,1.2381,1.4814,1.3705,1.4089,1.4072,1.4428,1.4502,1.5549,1.4676,1.4948,1.3068,1.5434,1.434
Finland,Crop Residues,Emissions (CO2eq) from N2O (AR5),kilotonnes,247.1865,225.554,238.8024,232.6478,224.1688,250.1096,233.2283,250.4379,257.7628,259.2187,186.6359,223.8292,221.5091,244.3916,249.9268,224.8819,216.9001,205.6251,172.1796,238.6308,204.5646
Finland,Crop Residues,Emissions (CO2eq) from N2O (AR5),kilotonnes,369.7504,355.5037,365.2525,356.2506,357.3824,382.0319,307.0936,346.1504,328.1059,392.5598,363.1758,373.3701,372.917,382.3403,384.2921,412.0473,388.9083,396.1321,346.3141,408.9906,379.9975
Finland,Crop Residues,Emissions (CO2eq) (AR5),kilotonnes,247.1865,225.554,238.8024,232.6478,224.1688,250.1096,233.2283,250.4379,257.7628,259.2187,186.6359,223.8292,221.5091,244.3916,249.9268,224.8819,216.9001,205.6251,172.1796,238.6308,204.5646
Finland,Crop Residues,Emissions (CO2eq) (AR5),kilotonnes,369.7504,355.5037,365.2525,356.2506,357.3824,382.0319,307.0936,346.1504,328.1059,392.5598,363.1758,373.3701,372.917,382.3403,384.2921,412.0473,388.9083,396.1321,346.3141,408.9906,379.9975
Finland,Burning - Crop residues,Emissions (CH4),kilotonnes,0.1615,0.1562,0.1885,0.2066,0.2432,0.232,0.2077,0.2188,0.2336,0.2335,0.2281,0.2737,0.2455,0.2457,0.2888,0.2611,0.2323,0.2098,0.192,0.2134,0.2147
Finland,Burning - Crop residues,Emissions (CH4),kilotonnes,0.11,0.0959,0.0994,0.0928,0.0917,0.09,0.0802,0.0881,0.0856,0.0831,0.0566,0.0665,0.0651,0.0877,0.08,0.0746,0.0714,0.075,0.0551,0.081,0.0689
Finland,Burning - Crop residues,Emissions (N2O),kilotonnes,0.0042,0.004,0.0049,0.0054,0.0063,0.006,0.0054,0.0057,0.0061,0.0061,0.0059,0.0071,0.0064,0.0064,0.0075,0.0068,0.006,0.0054,0.005,0.0055,0.0056
Finland,Burning - Crop residues,Emissions (N2O),kilotonnes,0.0029,0.0025,0.0026,0.0024,0.0024,0.0023,0.0021,0.0023,0.0022,0.0022,0.0015,0.0017,0.0017,0.0023,0.0021,0.0019,0.0019,0.0019,0.0014,0.0021,0.0018
Finland,Burning - Crop residues,Emissions (CO2eq) from CH4 (AR5),kilotonnes,4.5209,4.3727,5.2769,5.7849,6.81,6.4956,5.8152,6.1266,6.5409,6.5379,6.3867,7.6628,6.8736,6.8796,8.0862,7.312,6.5046,5.8756,5.3767,5.9754,6.0117
Finland,Burning - Crop residues,Emissions (CO2eq) from CH4 (AR5),kilotonnes,3.0792,2.6841,2.7836,2.5984,2.568,2.52,2.246,2.4663,2.3973,2.328,1.5836,1.8608,1.8218,2.455,2.2409,2.0876,1.9982,2.0995,1.542,2.2669,1.9288
Finland,Burning - Crop residues,Emissions (CO2eq) from N2O (AR5),kilotonnes,1.1093,1.0729,1.2948,1.4194,1.671,1.5938,1.4269,1.5033,1.6049,1.6042,1.5671,1.8802,1.6866,1.6881,1.9841,1.7942,1.596,1.4417,1.3193,1.4662,1.4751
Finland,Burning - Crop residues,Emissions (CO2eq) from N2O (AR5),kilotonnes,0.7555,0.6586,0.683,0.6376,0.6301,0.6183,0.5511,0.6052,0.5882,0.5712,0.3886,0.4566,0.447,0.6024,0.5498,0.5122,0.4903,0.5151,0.3784,0.5562,0.4733
Finland,Burning - Crop residues,Emissions (CO2eq) (AR5),kilotonnes,5.6302,5.4456,6.5717,7.2044,8.481,8.0894,7.242,7.6299,8.1459,8.1421,7.9538,9.543,8.5601,8.5677,10.0703,9.1062,8.1007,7.3173,6.6959,7.4416,7.4868
Finland,Burning - Crop residues,Emissions (CO2eq) (AR5),kilotonnes,3.8347,3.3427,3.4667,3.2359,3.1981,3.1384,2.7972,3.0714,2.9855,2.8992,1.9722,2.3173,2.2688,3.0574,2.7907,2.5999,2.4885,2.6146,1.9204,2.8231,2.4021
Finland,Enteric Fermentation,Emissions (CH4),kilotonnes,85.8984,84.171,83.3933,81.5616,78.967,77.7861,76.9849,74.9667,74.0113,74.0881,74.549,73.6517,73.4021,73.381,73.5725,73.7119,73.2246,71.7248,68.9712,67.5798,67.1006
Finland,Enteric Fermentation,Emissions (CH4),kilotonnes,84.3517,83.5987,84.5844,83.7189,82.9865,82.3084,82.5437,81.8112,81.2377,82.0248,83.7847,82.8241,82.0641,82.2044,83.5057,84.604,84.1707,83.8248,83.1283,82.8133,83.139
Finland,Enteric Fermentation,Emissions (CO2eq) from CH4 (AR5),kilotonnes,2405.1549,2356.7877,2335.013,2283.7234,2211.076,2178.011,2155.5774,2099.0671,2072.3165,2074.4677,2087.3728,2062.2468,2055.2597,2054.6676,2060.0313,2063.9324,2050.2896,2008.2939,1931.1946,1892.2336,1878.8178
Finland,Enteric Fermentation,Emissions (CO2eq) from CH4 (AR5),kilotonnes,2361.8462,2340.7636,2368.3644,2344.1288,2323.6216,2304.636,2311.2228,2290.7148,2274.6542,2296.6948,2345.9718,2319.0747,2297.7945,2301.7218,2338.1599,2368.9117,2356.7809,2347.0941,2327.5916,2318.7721,2327.8925
Finland,Enteric Fermentation,Emissions (CO2eq) (AR5),kilotonnes,2405.1549,2356.7877,2335.013,2283.7234,2211.076,2178.011,2155.5774,2099.0671,2072.3165,2074.4677,2087.3728,2062.2468,2055.2597,2054.6676,2060.0313,2063.9324,2050.2896,2008.2939,1931.1946,1892.2336,1878.8178
Finland,Enteric Fermentation,Emissions (CO2eq) (AR5),kilotonnes,2361.8462,2340.7636,2368.3644,2344.1288,2323.6216,2304.636,2311.2228,2290.7148,2274.6542,2296.6948,2345.9718,2319.0747,2297.7945,2301.7218,2338.1599,2368.9117,2356.7809,2347.0941,2327.5916,2318.7721,2327.8925
Finland,Manure Management,Emissions (CH4),kilotonnes,20.7844,20.2721,20.5061,20.5786,20.1047,20.1401,20.1675,19.9017,19.9728,19.298,19.3147,18.9931,18.6646,18.8193,18.5148,18.5012,18.3887,17.5879,16.6736,16.6107,16.7568
Finland,Manure Management,Emissions (CH4),kilotonnes,16.3834,16.782,17.3673,17.9916,18.2067,18.8555,18.6733,18.7907,18.0864,18.56,18.6963,17.9832,18.1079,18.0441,18.4141,18.6524,18.6941,18.3151,18.1826,18.1274,17.8241
Finland,Manure Management,Emissions (N2O),kilotonnes,0.8105,0.7865,0.7856,0.7762,0.7525,0.7449,0.7386,0.7206,0.7165,0.7046,0.7059,0.6984,0.694,0.6975,0.6963,0.6971,0.6939,0.6753,0.6485,0.6399,0.6365
Finland,Manure Management,Emissions (N2O),kilotonnes,0.8448,0.8367,0.8415,0.8509,0.8416,0.848,0.8526,0.8617,0.8559,0.9065,0.9368,0.9334,0.9585,0.9455,0.9634,0.9748,0.9682,0.9507,0.9448,0.9358,0.9069
Finland,Manure Management,Emissions (CO2eq) from CH4 (AR5),kilotonnes,581.9641,567.6187,574.1716,576.1996,562.933,563.9227,564.6913,557.2473,559.2387,540.3438,540.812,531.8077,522.6096,526.9408,518.4132,518.0336,514.8846,492.462,466.8619,465.1008,469.1912
Finland,Manure Management,Emissions (CO2eq) from CH4 (AR5),kilotonnes,458.7349,469.8948,486.2835,503.766,509.7872,527.9547,522.8524,526.1399,506.4195,519.6814,523.4962,503.5288,507.0225,505.2339,515.594,522.2684,523.4352,512.8222,509.1129,507.5673,499.0749
Finland,Manure Management,Emissions (CO2eq) from N2O (AR5),kilotonnes,214.7868,208.4137,208.1968,205.6901,199.4154,197.4003,195.7163,190.9462,189.8847,186.7305,187.0552,185.0847,183.8974,184.8489,184.519,184.7281,183.8817,178.9471,171.8601,169.5866,168.6626
Finland,Manure Management,Emissions (CO2eq) from N2O (AR5),kilotonnes,223.8735,221.7221,223.0066,225.4939,223.0372,224.7156,225.9467,228.3551,226.8039,240.2265,248.262,247.363,254.015,250.5446,255.3098,258.3103,256.5719,251.9292,250.3684,247.9989,240.3383
Finland,Manure Management,Emissions (CO2eq) (AR5),kilotonnes,796.7509,776.0325,782.3683,781.8896,762.3484,761.323,760.4077,748.1935,749.1234,727.0743,727.8672,716.8925,706.5071,711.7897,702.9323,702.7617,698.7664,671.4091,638.722,634.6874,637.8538
Finland,Manure Management,Emissions (CO2eq) (AR5),kilotonnes,682.6084,691.6169,709.2901,729.2599,732.8245,752.6703,748.7991,754.4951,733.2234,759.9079,771.7582,750.8919,761.0375,755.7785,770.9038,780.5787,780.0071,764.7514,759.4813,755.5662,739.4132
Finland,Manure left on Pasture,Direct emissions (N2O),kilotonnes,0.6498,0.6375,0.631,0.6181,0.6026,0.5934,0.5938,0.5816,0.5762,0.5781,0.5842,0.5792,0.5785,0.579,0.581,0.5846,0.5817,0.5728,0.5539,0.5418,0.5374
Finland,Manure left on Pasture,Indirect emissions (N2O),kilotonnes,0.1495,0.1468,0.1454,0.1429,0.1403,0.1377,0.1392,0.137,0.1361,0.1366,0.1384,0.1377,0.1375,0.1378,0.1383,0.1398,0.1392,0.1374,0.1333,0.1303,0.1292
Finland,Manure left on Pasture,Emissions (N2O),kilotonnes,0.7993,0.7843,0.7765,0.761,0.7429,0.7312,0.733,0.7185,0.7122,0.7147,0.7227,0.7169,0.7161,0.7168,0.7193,0.7244,0.721,0.7102,0.6873,0.6721,0.6666
Finland,Manure left on Pasture,Emissions (CO2eq) from N2O (AR5),kilotonnes,211.8242,207.8358,205.7603,201.6689,196.8661,193.7609,194.2478,190.4084,188.7412,189.395,191.5102,189.978,189.7567,189.9582,190.6231,191.966,191.0644,188.1923,182.1244,178.1161,176.647
Finland,Manure left on Pasture,Emissions (CO2eq) (AR5),kilotonnes,211.8242,207.8358,205.7603,201.6689,196.8661,193.7609,194.2478,190.4084,188.7412,189.395,191.5102,189.978,189.7567,189.9582,190.6231,191.966,191.0644,188.1923,182.1244,178.1161,176.647
Finland,Manure applied to Soils,Direct emissions (N2O),kilotonnes,0.8342,0.8035,0.8059,0.8006,0.7783,0.7726,0.769,0.7521,0.752,0.7324,0.7332,0.7277,0.7232,0.73,0.7283,0.7298,0.7282,0.7088,0.683,0.6759,0.6716
Finland,Manure applied to Soils,Direct emissions (N2O),kilotonnes,1.0752,1.0689,1.092,1.1129,1.1081,1.1238,1.1216,1.1233,1.1124,1.1366,1.154,1.1404,1.1463,1.1396,1.1549,1.1697,1.1575,1.1363,1.1292,1.127,1.114
Finland,Manure applied to Soils,Indirect emissions (N2O),kilotonnes,0.3545,0.3415,0.3425,0.3403,0.3308,0.3284,0.3268,0.3196,0.3196,0.3113,0.3116,0.3093,0.3074,0.3103,0.3095,0.3102,0.3095,0.3012,0.2903,0.2873,0.2854
Finland,Manure applied to Soils,Emissions (N2O),kilotonnes,1.1887,1.1451,1.1485,1.1409,1.109,1.1009,1.0958,1.0717,1.0716,1.0436,1.0448,1.037,1.0306,1.0403,1.0378,1.0399,1.0377,1.0101,0.9733,0.9632,0.957
Finland,Manure applied to Soils,Emissions (N2O),kilotonnes,1.0752,1.0689,1.092,1.1129,1.1081,1.1238,1.1216,1.1233,1.1124,1.1366,1.154,1.1404,1.1463,1.1396,1.1549,1.1697,1.1575,1.1363,1.1292,1.127,1.114
Finland,Manure applied to Soils,Emissions (CO2eq) from N2O (AR5),kilotonnes,315.0152,303.4402,304.345,302.3297,293.893,291.7511,290.3981,284.0099,283.9664,276.5643,276.8642,274.7919,273.1148,275.6828,275.0169,275.5857,274.9849,267.666,257.9362,255.248,253.5949
Finland,Manure applied to Soils,Emissions (CO2eq) from N2O (AR5),kilotonnes,284.9207,283.2677,289.3774,294.9194,293.6504,297.8169,297.2326,297.6621,294.7958,301.189,305.8198,302.2109,303.7765,302.0066,306.0594,309.9681,306.7304,301.1242,299.2328,298.6592,295.2078
Finland,Manure applied to Soils,Emissions (CO2eq) (AR5),kilotonnes,315.0152,303.4402,304.345,302.3297,293.893,291.7511,290.3981,284.0099,283.9664,276.5643,276.8642,274.7919,273.1148,275.6828,275.0169,275.5857,274.9849,267.666,257.9362,255.248,253.5949
Finland,Manure applied to Soils,Emissions (CO2eq) (AR5),kilotonnes,284.9207,283.2677,289.3774,294.9194,293.6504,297.8169,297.2326,297.6621,294.7958,301.189,305.8198,302.2109,303.7765,302.0066,306.0594,309.9681,306.7304,301.1242,299.2328,298.6592,295.2078
Finland,Synthetic Fertilizers,Direct emissions (N2O),kilotonnes,2.6243,2.5929,2.5206,2.5031,2.4311,2.3503,2.3282,2.338,2.5599,2.1373,2.4596,2.1827,2.1827,2.1707,2.3159,2.2547,2.1706,2.1835,2.1746,2.3068,2.1893
Finland,Synthetic Fertilizers,Direct emissions (N2O),kilotonnes,2.6286,2.6026,2.5206,2.5031,2.4311,2.3503,2.3282,2.338,2.5599,2.1373,2.4596,2.2973,2.1827,2.1707,2.3159,2.2547,2.1706,2.1835,2.1746,2.3068,2.1893
Finland,Synthetic Fertilizers,Indirect emissions (N2O),kilotonnes,0.8529,0.8427,0.8192,0.8135,0.7901,0.7638,0.7567,0.7599,0.832,0.6946,0.7994,0.7094,0.7094,0.7055,0.7527,0.7328,0.7054,0.7096,0.7068,0.7497,0.7115
Finland,Synthetic Fertilizers,Emissions (N2O),kilotonnes,3.4772,3.4355,3.3398,3.3166,3.2212,3.1141,3.0849,3.0979,3.3919,2.8319,3.259,2.8921,2.8921,2.8762,3.0685,2.9874,2.876,2.8931,2.8814,3.0565,2.9008
Finland,Synthetic Fertilizers,Emissions (N2O),kilotonnes,2.6286,2.6026,2.5206,2.5031,2.4311,2.3503,2.3282,2.338,2.5599,2.1373,2.4596,2.2973,2.1827,2.1707,2.3159,2.2547,2.1706,2.1835,2.1746,2.3068,2.1893
Finland,Synthetic Fertilizers,Emissions (CO2eq) from N2O (AR5),kilotonnes,921.4523,910.417,885.0522,878.9,853.629,825.235,817.5048,820.9423,898.8574,750.4539,863.6436,766.4056,766.4056,762.19,813.1568,791.671,762.1459,766.6704,763.5639,809.9842,768.7009
Finland,Synthetic Fertilizers,Emissions (CO2eq) from N2O (AR5),kilotonnes,696.5851,689.6932,667.9639,663.3207,644.2483,622.8189,616.9847,619.5791,678.383,566.3803,651.8065,608.7728,578.4193,575.2378,613.7033,597.487,575.2045,578.6192,576.2747,611.3088,580.1516
Finland,Synthetic Fertilizers,Emissions (CO2eq) (AR5),kilotonnes,921.4523,910.417,885.0522,878.9,853.629,825.235,817.5048,820.9423,898.8574,750.4539,863.6436,766.4056,766.4056,762.19,813.1568,791.671,762.1459,766.6704,763.5639,809.9842,768.7009
Finland,Synthetic Fertilizers,Emissions (CO2eq) (AR5),kilotonnes,696.5851,689.6932,667.9639,663.3207,644.2483,622.8189,616.9847,619.5791,678.383,566.3803,651.8065,608.7728,578.4193,575.2378,613.7033,597.487,575.2045,578.6192,576.2747,611.3088,580.1516
Finland,Drained organic soils,Emissions (CO2eq) (AR5),kilotonnes,13779.2276,13876.7834,14029.9469,14146.1572,14504.4229,14588.4669,14630.9653,14691.3373,14772.3417,14894.1365,15013.0789,15149.0448,15226.3189,15237.3036,15290.2378,15290.3858,15471.0428,15633.9819,16110.896,16430.0655,16567.8187
Finland,Drained organic soils,Emissions (CO2eq) (AR5),kilotonnes,1154.8593,1164.6243,1187.4836,1212.2342,1238.4598,1248.6031,1286.769,1291.7101,1307.7713,1293.1792,1286.3608,1298.9155,1310.0782,1321.9354,1332.9812,1340.3139,1347.8494,1350.7168,1353.2255,1365.8486,1380.9974
Finland,Drained organic soils (CO2),Emissions (CO2),kilotonnes,11606.7859,11688.9632,11817.9951,11915.8837,12217.7035,12288.4957,12324.2831,12375.1197,12443.3176,12545.8851,12646.0595,12760.5652,12825.6285,12834.8748,12879.4535,12879.578,13031.7796,13169.0339,13570.7263,13839.5545,13955.57
Finland,Drained organic soils (CO2),Emissions (CO2eq) (AR5),kilotonnes,11606.7859,11688.9632,11817.9951,11915.8837,12217.7035,12288.4957,12324.2831,12375.1197,12443.3176,12545.8851,12646.0595,12760.5652,12825.6285,12834.8748,12879.4535,12879.578,13031.7796,13169.0339,13570.7263,13839.5545,13955.57
Finland,Drained organic soils (N2O),Emissions (N2O),kilotonnes,8.1979,8.2559,8.347,8.4161,8.6291,8.6791,8.7045,8.7404,8.7888,8.8613,8.9321,9.0131,9.0592,9.0658,9.0973,9.0974,9.2048,9.3017,9.5855,9.7755,9.8575
Finland,Drained organic soils (N2O),Emissions (N2O),kilotonnes,4.358,4.3948,4.4811,4.5745,4.6734,4.7117,4.8557,4.8744,4.935,4.8799,4.8542,4.9016,4.9437,4.9884,5.0301,5.0578,5.0862,5.097,5.1065,5.1541,5.2113
Finland,Drained organic soils (N2O),Emissions (CO2eq) from N2O (AR5),kilotonnes,2172.4417,2187.8203,2211.9518,2230.2734,2286.7194,2299.9712,2306.6822,2316.2177,2329.024,2348.2513,2367.0194,2388.4796,2400.6904,2402.4288,2410.7843,2410.8078,2439.2632,2464.9481,2540.1697,2590.511,2612.2487
Finland,Drained organic soils (N2O),Emissions (CO2eq) from N2O (AR5),kilotonnes,1154.8593,1164.6243,1187.4836,1212.2342,1238.4598,1248.6031,1286.769,1291.7101,1307.7713,1293.1792,1286.3608,1298.9155,1310.0782,1321.9354,1332.9812,1340.3139,1347.8494,1350.7168,1353.2255,1365.8486,1380.9974
Finland,Drained organic soils (N2O),Emissions (CO2eq) (AR5),kilotonnes,2172.4417,2187.8203,2211.9518,2230.2734,2286.7194,2299.9712,2306.6822,2316.2177,2329.024,2348.2513,2367.0194,2388.4796,2400.6904,2402.4288,2410.7843,2410.8078,2439.2632,2464.9481,2540.1697,2590.511,2612.2487
Finland,Drained organic soils (N2O),Emissions (CO2eq) (AR5),kilotonnes,1154.8593,1164.6243,1187.4836,1212.2342,1238.4598,1248.6031,1286.769,1291.7101,1307.7713,1293.1792,1286.3608,1298.9155,1310.0782,1321.9354,1332.9812,1340.3139,1347.8494,1350.7168,1353.2255,1365.8486,1380.9974
Finland,On-farm energy use,Emissions (CH4),kilotonnes,0.2174,0.2023,0.2341,0.2329,0.2305,0.2141,0.2062,0.2217,0.2139,0.2124,0.2113,0.2179,0.202,0.166,0.1625,0.1606,0.1593,0.1445,0.1563,0.1551,0.1551
Finland,On-farm energy use,Emissions (N2O),kilotonnes,0.5299,0.5213,0.5191,0.5154,0.5042,0.4919,0.4757,0.4831,0.4816,0.4509,0.4594,0.4545,0.4825,0.4749,0.4625,0.4575,0.4452,0.4255,0.4023,0.3902,0.3902
Finland,On-farm energy use,Emissions (CO2),kilotonnes,1614.1633,1598.0572,1611.2209,1595.674,1561.6556,1530.2529,1470.2497,1485.2461,1444.4819,1363.7722,1365.4901,1334.6805,1368.0257,1331.0148,1285.2415,1262.5284,1234.129,1181.3368,1122.4695,1089.915,1089.915
Finland,On-farm energy use,Emissions (CO2eq) from CH4 (AR5),kilotonnes,6.0863,5.6639,6.5558,6.5223,6.4535,5.9939,5.7727,6.2066,5.989,5.946,5.9156,6.1007,5.6553,4.6474,4.5486,4.4976,4.4598,4.0456,4.377,4.3426,4.3426
Finland,On-farm energy use,Emissions (CO2eq) from N2O (AR5),kilotonnes,140.4168,138.1451,137.5538,136.5683,133.6179,130.3558,126.0634,128.0252,127.6201,119.4843,121.7361,120.4554,127.8594,125.8373,122.552,121.2339,117.9815,112.7702,106.5973,103.4063,103.4063
Finland,On-farm energy use,Emissions (CO2eq) (AR5),kilotonnes,1760.6664,1741.8663,1755.3305,1738.7646,1701.727,1666.6026,1602.0858,1619.4779,1578.091,1489.2026,1493.1418,1461.2366,1501.5403,1461.4995,1412.3421,1388.26,1356.5703,1298.1526,1233.4437,1197.664,1197.664
Finland,Forestland,Emissions (CO2),kilotonnes,-38482.9987,-44456.2107,-44456.2107,-44456.2107,-44456.2107,-44456.2107,-44456.2107,-44456.2107,-44456.2107,-44456.2107,-44456.2107,-68681.9244,-68681.9244,-68681.9244,-68681.9244,-68681.9244,0,0,0,0,0
Finland,Forestland,Emissions (CO2),kilotonnes,-23141.998,-27224.0137,-27997.937,-28507.798,-29630.6853,-33825.3447,-36721.2377,-26228.4733,-33498.0617,-50117.8993,-34852.9793,-34911.0263,-37919.6143,-30758.321,-32363.1183,-30041.1907,-28326.6207,-25889.6733,-17138.462,-24470.3397,-30351.2697
Finland,Forestland,Emissions (CO2eq) (AR5),kilotonnes,-38482.9987,-44456.2107,-44456.2107,-44456.2107,-44456.2107,-44456.2107,-44456.2107,-44456.2107,-44456.2107,-44456.2107,-44456.2107,-68681.9244,-68681.9244,-68681.9244,-68681.9244,-68681.9244,0,0,0,0,0
Finland,Forestland,Emissions (CO2eq) (AR5),kilotonnes,-23141.998,-27224.0137,-27997.937,-28507.798,-29630.6853,-33825.3447,-36721.2377,-26228.4733,-33498.0617,-50117.8993,-34852.9793,-34911.0263,-37919.6143,-30758.321,-32363.1183,-30041.1907,-28326.6207,-25889.6733,-17138.462,-24470.3397,-30351.2697
Finland,Net Forest conversion,Emissions (CO2),kilotonnes,1917.8619,23207.6203,23207.6203,23207.6203,23207.6203,23207.6203,23207.6203,23207.6203,23207.6203,23207.6203,23207.6203,7527.9158,7527.9158,7527.9158,7527.9158,7527.9158,0,0,0,0,0
Finland,Net Forest conversion,Emissions (CO2),kilotonnes,1378.8078,1576.2377,1539.2318,1585.661,1772.0523,1818.3147,1712.9292,1822.9713,1841.5522,1768.899,1842.1865,1876.4038,1753.9188,1675.1295,1628.4492,1441.0623,1264.2557,1151.3388,1041.898,973.7438,906.7832
Finland,Net Forest conversion,Emissions (CO2eq) (AR5),kilotonnes,1917.8619,23207.6203,23207.6203,23207.6203,23207.6203,23207.6203,23207.6203,23207.6203,23207.6203,23207.6203,23207.6203,7527.9158,7527.9158,7527.9158,7527.9158,7527.9158,0,0,0,0,0
Finland,Net Forest conversion,Emissions (CO2eq) (AR5),kilotonnes,1378.8078,1576.2377,1539.2318,1585.661,1772.0523,1818.3147,1712.9292,1822.9713,1841.5522,1768.899,1842.1865,1876.4038,1753.9188,1675.1295,1628.4492,1441.0623,1264.2557,1151.3388,1041.898,973.7438,906.7832
Finland,Savanna fires,Emissions (CH4),kilotonnes,0.0055,0.005,0.0018,0.0511,0,0.001,0.0462,0.0107,0.0382,0.0242,0.0059,0.0231,0,0.0102,0.0029,0.0051,0.019,0,0.0162,0.0233,0
Finland,Savanna fires,Emissions (CH4),kilotonnes,0.0005,0.0005,0.0009,0.0024,0.0018,0.0017,0.0013,0.0012,0.001,0.0016,0.0014,0.001,0.0004,0.0013,0.002,0.0006,0.0011,0.0013,0.001,0.0007,0.0009
Finland,Savanna fires,Emissions (N2O),kilotonnes,0.0005,0.0005,0.0002,0.0047,0,0.0001,0.0042,0.001,0.0035,0.0022,0.0005,0.0021,0,0.0009,0.0003,0.0005,0.0017,0,0.0015,0.0021,0
Finland,Savanna fires,Emissions (N2O),kilotonnes,0,0,0.0001,0.0002,0.0002,0.0002,0.0001,0.0001,0.0001,0.0001,0.0001,0.0001,0,0.0001,0.0002,0.0001,0.0001,0.0001,0.0001,0.0001,0.0001
Finland,Savanna fires,Emissions (CO2),kilotonnes,,0,0.0001,0.0027,0,0.0004,0,0.0001,0.0023,0.0066,0.0001,0.0061,,0.0006,0.0001,,0.0019,0.0001,0.001,,0.0003
Finland,Savanna fires,Emissions (CO2eq) from CH4 (AR5),kilotonnes,0.1543,0.1408,0.0492,1.4318,0,0.0274,1.2938,0.3005,1.0696,0.6788,0.1661,0.6458,0,0.2846,0.08,0.1419,0.5307,0,0.4529,0.6517,0
Finland,Savanna fires,Emissions (CO2eq) from CH4 (AR5),kilotonnes,0.0142,0.0137,0.0265,0.0675,0.0496,0.0486,0.0364,0.034,0.0286,0.0438,0.0405,0.029,0.0123,0.0358,0.0559,0.0158,0.0303,0.0369,0.0285,0.0186,0.0239
Finland,Savanna fires,Emissions (CO2eq) from N2O (AR5),kilotonnes,0.1333,0.1217,0.0425,1.2372,0,0.0237,1.118,0.2597,0.9243,0.5866,0.1436,0.558,0,0.2459,0.0692,0.1226,0.4586,0,0.3914,0.5631,0
Finland,Savanna fires,Emissions (CO2eq) from N2O (AR5),kilotonnes,0.0122,0.0119,0.0228,0.0583,0.0429,0.0419,0.0315,0.0294,0.0246,0.0376,0.035,0.0249,0.0106,0.031,0.0482,0.0138,0.0262,0.0318,0.0246,0.0162,0.0207
Finland,Savanna fires,Emissions (CO2eq) (AR5),kilotonnes,0.2875,0.2625,0.0918,2.669,0,0.0511,2.4119,0.5601,1.9939,1.2654,0.3097,1.2038,0,0.5305,0.1492,0.2645,0.9893,0,0.8443,1.2148,0
Finland,Savanna fires,Emissions (CO2eq) (AR5),kilotonnes,0.0264,0.0257,0.0494,0.1284,0.0925,0.0908,0.068,0.0635,0.0556,0.0881,0.0755,0.06,0.0229,0.0674,0.1043,0.0296,0.0585,0.0688,0.0542,0.0347,0.0449
Finland,Fires in organic soils,Emissions (CH4),kilotonnes,0,0,0,0,0,0,0,0,0,0,0,0,0,0,0,0,0,0,0,0,0
Finland,Fires in organic soils,Emissions (CO2),kilotonnes,0,0,0,0,0,0,0,0,0,0,0,0,0,0,0,0,0,0,0,0,0
Finland,Fires in organic soils,Emissions (CO2eq) from CH4 (AR5),kilotonnes,0,0,0,0,0,0,0,0,0,0,0,0,0,0,0,0,0,0,0,0,0
Finland,Fires in organic soils,Emissions (CO2eq) (AR5),kilotonnes,0,0,0,0,0,0,0,0,0,0,0,0,0,0,0,0,0,0,0,0,0
Finland,Forest fires,Emissions (CH4),kilotonnes,0.0302,0.0081,0,0.002,0,0,0.0326,0.0041,0.0143,0.002,0.0183,0.0204,0,0.0061,0,0.002,0.0041,0,0.0041,0.002,0
Finland,Forest fires,Emissions (N2O),kilotonnes,0.0017,0.0007,0,0.0002,0,0,0.003,0.0004,0.0013,0.0002,0.0017,0.0019,0,0.0006,0,0.0002,0.0004,0,0.0004,0.0002,0
Finland,Forest fires,Emissions (CO2eq) from CH4 (AR5),kilotonnes,0.8443,0.2281,0,0.057,0,0,0.9124,0.1141,0.399,0.057,0.513,0.5702,0,0.171,0,0.057,0.114,0,0.114,0.057,0
Finland,Forest fires,Emissions (CO2eq) from N2O (AR5),kilotonnes,0.442,0.1971,0,0.0493,0,0,0.7884,0.0986,0.3448,0.0493,0.4433,0.4927,0,0.1478,0,0.0493,0.0985,0,0.0985,0.0493,0
Finland,Forest fires,Emissions (CO2eq) (AR5),kilotonnes,1.2863,0.4252,0,0.1063,0,0,1.7008,0.2126,0.7438,0.1063,0.9563,1.063,0,0.3188,0,0.1063,0.2125,0,0.2126,0.1063,0
Finland,Fires in humid tropical forests,Emissions (CH4),kilotonnes,0,0,0,0,0,0,0,0,0,0,0,0,0,0,0,0,0,0,0,0,0
Finland,Fires in humid tropical forests,Emissions (N2O),kilotonnes,0,0,0,0,0,0,0,0,0,0,0,0,0,0,0,0,0,0,0,0,0
Finland,Fires in humid tropical forests,Emissions (CO2eq) from CH4 (AR5),kilotonnes,0,0,0,0,0,0,0,0,0,0,0,0,0,0,0,0,0,0,0,0,0
Finland,Fires in humid tropical forests,Emissions (CO2eq) from N2O (AR5),kilotonnes,0,0,0,0,0,0,0,0,0,0,0,0,0,0,0,0,0,0,0,0,0
Finland,Fires in humid tropical forests,Emissions (CO2eq) (AR5),kilotonnes,0,0,0,0,0,0,0,0,0,0,0,0,0,0,0,0,0,0,0,0,0
Finland,Waste - agri-food systems,Emissions (CH4),kilotonnes,65.2478,63.4919,58.4054,59.2252,57.0994,55.7202,45.7691,40.8578,16.2329,16.1532,16.112,16.1607,16.2143,16.2658,16.1918,15.9212,16.1151,16.8992,17.6767,18.4502,19.2265
Finland,Waste - agri-food systems,Emissions (N2O),kilotonnes,0.2787,0.2785,0.2809,0.2866,0.2911,0.293,0.2991,0.3069,0.3115,0.3056,0.3117,0.3163,0.3238,0.3282,0.3279,0.3259,0.3242,0.347,0.3671,0.3872,0.4073
Finland,Waste - agri-food systems,Emissions (CO2),kilotonnes,21.7189,21.7422,21.8107,21.9814,22.1005,22.1318,22.181,22.3223,22.4144,22.3127,22.299,22.3838,22.3287,22.3706,22.3815,22.2467,22.269,22.3199,22.3841,22.3616,22.3721
Finland,Waste - agri-food systems,Emissions (CO2eq) from CH4 (AR5),kilotonnes,1826.9381,1777.772,1635.3515,1658.3043,1598.7833,1560.1647,1281.5358,1144.0182,454.5208,452.2886,451.1371,452.5,454.0015,455.4416,453.369,445.7936,451.222,473.1773,494.9484,516.6059,538.3416
Finland,Waste - agri-food systems,Emissions (CO2eq) from N2O (AR5),kilotonnes,73.8429,73.8044,74.4444,75.9458,77.1392,77.6544,79.2519,81.3198,82.5552,80.9732,82.5995,83.8191,85.8139,86.9806,86.8868,86.3737,85.9114,91.9452,97.2818,102.6006,107.9463
Finland,Waste - agri-food systems,Emissions (CO2eq) (AR5),kilotonnes,1922.4999,1873.3187,1731.6066,1756.2315,1698.0231,1659.951,1382.9688,1247.6603,559.4903,555.5745,556.0357,558.7029,562.1441,564.7928,562.6373,554.4141,559.4024,587.4424,614.6144,641.5681,668.6601
Finland,On-farm electricity use,Emissions (CH4),kilotonnes,1.8252,1.8912,2.034,1.6236,1.7028,1.5048,1.8876,2.0796,2.0183,1.9307,1.9859,1.7447,1.9007,1.8083,1.8371,1.836,1.8947,1.8275,1.8096,1.804,1.804
Finland,On-farm electricity use,Emissions (N2O),kilotonnes,0.0098,0.01,0.0108,0.0086,0.009,0.0081,0.0101,0.0112,0.0108,0.0103,0.0106,0.0093,0.0102,0.0096,0.0098,0.0098,0.0101,0.0098,0.0096,0.0096,0.0096
Finland,On-farm electricity use,Emissions (CO2),kilotonnes,263.6774,343.283,404.0515,409.7934,365.849,205.5306,416.8714,412.609,298.2111,305.7369,379.8378,277.196,212.4934,323.9026,329.061,328.8461,339.3777,327.3416,324.1175,323.1289,323.1289
Finland,On-farm electricity use,Emissions (CO2eq) from CH4 (AR5),kilotonnes,51.1056,52.9536,56.952,45.4608,47.6784,42.1344,52.8528,58.2288,56.5124,54.0596,55.6052,48.8516,53.2196,50.6324,51.4388,51.408,53.0516,51.17,50.6688,50.512,50.512
Finland,On-farm electricity use,Emissions (CO2eq) from N2O (AR5),kilotonnes,2.597,2.65,2.862,2.279,2.385,2.1465,2.6765,2.968,2.862,2.7295,2.809,2.4645,2.703,2.544,2.597,2.597,2.6765,2.597,2.544,2.544,2.544
Finland,On-farm electricity use,Emissions (CO2eq) (AR5),kilotonnes,317.38,398.8866,463.8655,457.5332,415.9124,249.8115,472.4007,473.8058,357.5855,362.526,438.252,328.5121,268.416,377.079,383.0968,382.8511,395.1058,381.1086,377.3303,376.1849,376.1849
Finland,Food Processing,Emissions (CH4),kilotonnes,1.8526,1.8488,1.8916,1.8674,1.8016,1.7639,1.9088,2.6588,2.3747,3.4619,3.2058,3.0123,2.85,3.0348,3.221,3.2568,3.4305,3.5349,3.7584,3.7584,3.1232
Finland,Food Processing,Emissions (N2O),kilotonnes,0.0138,0.0133,0.0133,0.0125,0.0119,0.0117,0.0124,0.0163,0.0148,0.022,0.0211,0.0203,0.0191,0.0198,0.0208,0.0202,0.0212,0.0215,0.0229,0.0229,0.0206
Finland,Food Processing,Emissions (CO2),kilotonnes,721.6104,745.2882,760.6454,807.4179,690.8968,526.8728,701.1928,795.7654,636.1164,907.6049,1026.4815,914.3521,733.9839,920.2041,940.8955,899.8865,922.0157,943.4794,965.5683,965.5683,824.2072
Finland,Food Processing,Emissions (CO2eq) from CH4 (AR5),kilotonnes,51.8728,51.7664,52.9648,52.2872,50.4448,49.3892,53.4464,74.4464,66.4916,96.9332,89.7624,84.3444,79.8,84.9744,90.188,91.1904,96.054,98.9772,105.2352,105.2352,87.449
Finland,Food Processing,Emissions (CO2eq) from N2O (AR5),kilotonnes,3.657,3.5245,3.5245,3.3125,3.1535,3.1005,3.286,4.3195,3.922,5.83,5.5915,5.3795,5.0615,5.247,5.512,5.353,5.618,5.6975,6.0685,6.0685,5.456
Finland,Food Processing,Emissions (CO2eq) (AR5),kilotonnes,777.1402,800.5791,817.1347,863.0176,744.4951,579.3625,757.9252,874.5313,706.53,1010.3681,1121.8354,1004.076,818.8454,1010.4255,1036.5955,996.4299,1023.6877,1048.1541,1076.872,1076.872,917.1121
Finland,Food Packaging,Emissions (CH4),kilotonnes,3.8976,3.7899,4.0456,4.3228,4.3043,3.8122,4.3109,5.0697,4.6665,4.0497,4.5158,4.4231,4.3812,4.6725,5.0335,5.1058,5.2744,5.5191,5.4204,6.1413,5.1033
Finland,Food Packaging,Emissions (N2O),kilotonnes,0.026,0.025,0.0262,0.028,0.0275,0.0245,0.0275,0.0317,0.0292,0.0258,0.0288,0.0279,0.0282,0.03,0.0325,0.0332,0.0349,0.0365,0.0355,0.0391,0.0352
Finland,Food Packaging,Emissions (CO2),kilotonnes,1131.1324,1239.1132,1328.4099,1641.8912,1449.9185,1007.994,1475.0501,1535.5758,1195.9965,1093.443,1379.8063,1189.52,970.5427,1350.1466,1465.3304,1482.8822,1563.7572,1637.5599,1581.1911,1719.6504,1467.8902
Finland,Food Packaging,Emissions (CO2eq) from CH4 (AR5),kilotonnes,109.1328,106.1172,113.2768,121.0384,120.5204,106.7416,120.7052,141.9516,130.662,113.3916,126.4424,123.8468,122.6736,130.83,140.938,142.9624,147.6832,154.5348,151.7712,171.9564,142.8933
Finland,Food Packaging,Emissions (CO2eq) from N2O (AR5),kilotonnes,6.89,6.625,6.943,7.42,7.2875,6.4925,7.2875,8.4005,7.738,6.837,7.632,7.3935,7.473,7.95,8.6125,8.798,9.2485,9.6725,9.4075,10.3615,9.3157
Finland,Food Packaging,Emissions (CO2eq) (AR5),kilotonnes,1247.1552,1351.8554,1448.6297,1770.3496,1577.7264,1121.2281,1603.0428,1685.9279,1334.3965,1213.6716,1513.8807,1320.7603,1100.6893,1488.9266,1614.8809,1634.6426,1720.6889,1801.7672,1742.3698,1901.9683,1620.0992
Finland,Food Retail,Emissions (CH4),kilotonnes,2.3575,2.5534,2.6442,2.6612,2.7092,2.7433,2.8188,2.8477,2.9069,3.1003,3.2565,3.0698,3.2087,3.1217,3.1087,3.0111,3.1198,3.1334,3.2699,3.6277,3.0146
Finland,Food Retail,Emissions (N2O),kilotonnes,0.0136,0.0145,0.015,0.0151,0.0153,0.0156,0.016,0.0161,0.0162,0.0173,0.0182,0.0171,0.018,0.0174,0.0173,0.0167,0.0174,0.0175,0.0182,0.0204,0.0183
Finland,Food Retail,Emissions (CO2),kilotonnes,465.7225,593.2979,653.303,797.1661,704.6173,491.76,737.8302,675.014,521.5379,591.4045,741.3277,592.4353,471.5197,661.2272,657.1651,631.7311,659.7285,661.7357,684.5457,768.9195,656.3482
Finland,Food Retail,Emissions (CO2eq) from F-gases (AR5),kilotonnes,450.4065,534.5655,613.01,696.13,773.016,876.3965,958.997,1041.5975,1055.624,1062.897,1067.053,1069.6505,1071.209,1072.7675,1072.7675,1072.7675,1153.8095,1175.109,1195.889,1217.1885,1185.4358
Finland,Food Retail,Emissions (CO2eq) from CH4 (AR5),kilotonnes,66.01,71.4952,74.0376,74.5136,75.8576,76.8124,78.9264,79.7356,81.3932,86.8084,91.182,85.9544,89.8436,87.4076,87.0436,84.3108,87.3544,87.7352,91.5572,101.5756,84.4079
Finland,Food Retail,Emissions (CO2eq) from N2O (AR5),kilotonnes,3.604,3.8425,3.975,4.0015,4.0545,4.134,4.24,4.2665,4.293,4.5845,4.823,4.5315,4.77,4.611,4.5845,4.4255,4.611,4.6375,4.823,5.406,4.8603
Finland,Food Retail,Emissions (CO2eq) (AR5),kilotonnes,985.743,1203.2011,1344.3256,1571.8112,1557.5454,1449.1029,1779.9936,1800.6136,1662.8481,1745.6944,1904.3857,1752.5717,1637.3423,1826.0133,1821.5607,1793.2349,1905.5034,1929.2174,1976.8149,2093.0896,1931.0522
Finland,Food Household Consumption,Emissions (CH4),kilotonnes,2.2983,2.4575,2.5129,2.6171,2.6003,2.6618,2.7132,2.709,2.663,2.7856,2.9896,2.7894,2.914,2.7975,2.7646,2.7162,2.9233,2.9212,2.9482,2.9482,2.4499
Finland,Food Household Consumption,Emissions (N2O),kilotonnes,0.0142,0.0149,0.0153,0.0158,0.0155,0.0159,0.0162,0.0162,0.0154,0.0161,0.0173,0.0158,0.0166,0.0158,0.0156,0.0153,0.0164,0.0163,0.0164,0.0164,0.0147
Finland,Food Household Consumption,Emissions (CO2),kilotonnes,583.0811,713.1685,759.6185,911.1679,803.2554,602.8646,832.5778,763.2319,568.1707,618.4594,764.5998,587.5079,478.8998,631.2538,621.027,598.7048,639.6905,632.09,627.7648,627.7648,535.8588
Finland,Food Household Consumption,Emissions (CO2eq) from CH4 (AR5),kilotonnes,64.3524,68.81,70.3612,73.2788,72.8084,74.5304,75.9696,75.852,74.564,77.9968,83.7088,78.1032,81.592,78.33,77.4088,76.0536,81.8524,81.7936,82.5496,82.5496,68.5976
Finland,Food Household Consumption,Emissions (CO2eq) from N2O (AR5),kilotonnes,3.763,3.9485,4.0545,4.187,4.1075,4.2135,4.293,4.293,4.081,4.2665,4.5845,4.187,4.399,4.187,4.134,4.0545,4.346,4.3195,4.346,4.346,3.9073
Finland,Food Household Consumption,Emissions (CO2eq) (AR5),kilotonnes,651.1965,785.927,834.0342,988.6337,880.1713,681.6085,912.8404,843.3769,646.8157,700.7227,852.8931,669.7981,564.8908,713.7708,702.5698,678.8129,725.8889,718.2031,714.6604,714.6604,608.3637
Finland,Food Transport,Emissions (CH4),kilotonnes,0.1601,0.1536,0.1475,0.1407,0.1344,0.126,0.1216,0.1169,0.1025,0.0939,0.089,0.0809,0.0739,0.0669,0.063,0.0611,0.0606,0.0568,0.0556,0.0194,0.0161
Finland,Food Transport,Emissions (N2O),kilotonnes,0.0442,0.0435,0.0431,0.0428,0.0432,0.0422,0.0427,0.0418,0.0396,0.0371,0.038,0.0375,0.0369,0.0354,0.0321,0.0321,0.0347,0.033,0.0331,0.0332,0.0298
Finland,Food Transport,Emissions (CO2),kilotonnes,883.475,894.44,909.94,926.46,948.725,955.75,966.84,994.57,950.41,909.6385,945.5245,929.06,910.995,901.2525,811.446,809.452,906.8405,861.7255,861.8965,907.5822,774.7104
Finland,Food Transport,Emissions (CO2eq) from CH4 (AR5),kilotonnes,4.4828,4.3008,4.13,3.9396,3.7632,3.528,3.4048,3.2732,2.87,2.6292,2.492,2.2652,2.0692,1.8732,1.764,1.7108,1.6968,1.5904,1.5568,0.5432,0.4514
Finland,Food Transport,Emissions (CO2eq) from N2O (AR5),kilotonnes,11.713,11.5275,11.4215,11.342,11.448,11.183,11.3155,11.077,10.494,9.8315,10.07,9.9375,9.7785,9.381,8.5065,8.5065,9.1955,8.745,8.7715,8.798,7.91
Finland,Food Transport,Emissions (CO2eq) (AR5),kilotonnes,899.6708,910.2683,925.4915,941.7416,963.9362,970.461,981.5603,1008.9202,963.774,922.0992,958.0865,941.2627,922.8427,912.5067,821.7165,819.6693,917.7328,872.0609,872.2248,916.9234,783.0717
Finland,Energy,Emissions (CH4),kilotonnes,60.7,60.9,60.6,60.9,76.6,91.3,109,125,143,159,180,194,212,243,281,324,283,297,313,284,236
Finland,Energy,Emissions (N2O),kilotonnes,5.14,6.62,7.07,7.65,7.2,5.77,7.22,7.63,6.4,5.85,7.32,6.57,5.64,5.28,5.37,5.17,5.27,5.16,5.46,5.35,4.81
Finland,Energy,Emissions (CO2),kilotonnes,51800,56200,61100,68200,66800,54400,65200,63100,56500,53200,61800,56300,48700,47700,47400,42700,45600,42100,43500,40300,34400
Finland,Energy,Emissions (CO2eq) from CH4 (AR5),kilotonnes,1699.6,1705.2,1696.8,1705.2,2144.8,2556.4,3052,3500,4004,4452,5040,5432,5936,6804,7868,9072,7924,8316,8764,7952,6608
Finland,Energy,Emissions (CO2eq) from N2O (AR5),kilotonnes,1362.1,1754.3,1873.55,2027.25,1908,1529.05,1913.3,2021.95,1696,1550.25,1939.8,1741.05,1494.6,1399.2,1423.05,1370.05,1396.55,1367.4,1446.9,1417.75,1274.65
Finland,Energy,Emissions (CO2eq) (AR5),kilotonnes,54861.7,59659.5,64670.35,71932.45,70852.8,58485.45,70165.3,68621.95,62200,59202.25,68779.8,63473.05,56130.6,55903.2,56691.05,53142.05,54920.55,51783.4,53710.9,49669.75,42282.65
Finland,IPPU,Emissions (CH4),kilotonnes,0.598,0.569,0.572,0.618,0.638,0.604,0.617,0.587,0.6,0.95,2.06,1.33,1.36,1.49,1.63,1.49,1.37,1.49,1.34,1.05,1.02
Finland,IPPU,Emissions (N2O),kilotonnes,4.24,4.05,4.19,4.46,4.69,5.39,4.71,4.87,4.97,3.8,4.44,4.25,4.78,4.96,4.94,4.86,4.92,4.91,4.51,4.36,4.79
Finland,IPPU,Emissions (CO2),kilotonnes,2010,2140,2060,2220,2310,2240,2280,2230,2310,1990,2600,2450,2310,2650,2730,2710,2770,2770,2860,2750,2560
Finland,IPPU,Emissions (CO2eq) from F-gases (AR5),kilotonnes,509.1994,583.0527,671.4824,745.3358,826.9632,910.534,1020.3423,1107.8002,1204.9757,1214.6932,1438.1968,1486.7845,1496.5021,1506.2196,1477.067,1370.174,1331.3038,1243.8459,1185.5406,1117.5178,1088.3651
Finland,IPPU,Emissions (CO2eq) from CH4 (AR5),kilotonnes,16.744,15.932,16.016,17.304,17.864,16.912,17.276,16.436,16.8,26.6,57.68,37.24,38.08,41.72,45.64,41.72,38.36,41.72,37.52,29.4,28.56
Finland,IPPU,Emissions (CO2eq) from N2O (AR5),kilotonnes,1123.6,1073.25,1110.35,1181.9,1242.85,1428.35,1248.15,1290.55,1317.05,1007,1176.6,1126.25,1266.7,1314.4,1309.1,1287.9,1303.8,1301.15,1195.15,1155.4,1269.35
Finland,IPPU,Emissions (CO2eq) (AR5),kilotonnes,3659.5434,3812.2347,3857.8484,4164.5398,4397.6772,4595.796,4565.7683,4644.7862,4848.8257,4238.2932,5272.4768,5100.2745,5111.2821,5512.3396,5561.807,5409.794,5443.4638,5356.7159,5278.2106,5052.3178,4946.2751
Finland,Waste,Emissions (CH4),kilotonnes,600,606,579,607,713,631,709,549,547,534,543,536,596,563,533,494,393,401,394,386,375
Finland,Waste,Emissions (N2O),kilotonnes,0.404,0.405,0.407,0.416,0.425,0.43,0.435,0.464,0.48,0.481,0.497,0.512,0.53,0.554,0.57,0.551,0.554,0.567,0.579,0.613,0.584
Finland,Waste,Emissions (CO2),kilotonnes,0,0,0,0,0,0,0,0,0,0,0,0,0,0,0,0,0,0,0,0,0
Finland,Waste,Emissions (CO2eq) from CH4 (AR5),kilotonnes,16800,16968,16212,16996,19964,17668,19852,15372,15316,14952,15204,15008,16688,15764,14924,13832,11004,11228,11032,10808,10500
Finland,Waste,Emissions (CO2eq) from N2O (AR5),kilotonnes,107.06,107.325,107.855,110.24,112.625,113.95,115.275,122.96,127.2,127.465,131.705,135.68,140.45,146.81,151.05,146.015,146.81,150.255,153.435,162.445,154.76
Finland,Waste,Emissions (CO2eq) (AR5),kilotonnes,16907.06,17075.325,16319.855,17106.24,20076.625,17781.95,19967.275,15494.96,15443.2,15079.465,15335.705,15143.68,16828.45,15910.81,15075.05,13978.015,11150.81,11378.255,11185.435,10970.445,10654.76
Finland,Other,Emissions (N2O),kilotonnes,1.34,1.34,1.36,1.35,1.28,1.11,1.16,1.11,1.03,0.927,1.01,0.969,0.935,0.905,0.905,0.885,0.908,0.913,0.916,0.815,0.792
Finland,Other,Emissions (CO2eq) from N2O (AR5),kilotonnes,355.1,355.1,360.4,357.75,339.2,294.15,307.4,294.15,272.95,245.655,267.65,256.785,247.775,239.825,239.825,234.525,240.62,241.945,242.74,215.975,209.88
Finland,Other,Emissions (CO2eq) (AR5),kilotonnes,355.1,355.1,360.4,357.75,339.2,294.15,307.4,294.15,272.95,245.655,267.65,256.785,247.775,239.825,239.825,234.525,240.62,241.945,242.74,215.975,209.88
Finland,Farm-gate emissions,Emissions (CH4),kilotonnes,107.0672,104.8066,104.3238,102.6308,99.5454,98.3732,97.6125,95.3196,94.4698,93.8562,94.309,93.1594,92.5142,92.6221,92.5414,92.6399,92.0239,89.667,86.0094,84.5823,84.2273
Finland,Farm-gate emissions,Direct emissions (N2O),kilotonnes,4.8697,4.7287,4.6932,4.6384,4.5026,4.4867,4.4095,4.4432,4.6821,4.2463,4.352,4.1791,4.1668,4.2326,4.3951,4.2618,4.1487,4.0985,3.942,4.2596,4.0283
Finland,Farm-gate emissions,Indirect emissions (N2O),kilotonnes,1.5283,1.4873,1.4727,1.458,1.4165,1.4033,1.3844,1.39,1.4663,1.3222,1.3788,1.3115,1.3078,1.323,1.3737,1.3386,1.3045,1.2908,1.2497,1.3327,1.2679
Finland,Farm-gate emissions,Emissions (N2O),kilotonnes,15.941,15.7842,15.8226,15.8141,15.8112,15.8121,15.7222,15.784,16.1449,15.5935,15.8346,15.6659,15.7167,15.801,16.0326,15.8596,15.8048,15.7972,15.8345,16.4057,16.186
Finland,Farm-gate emissions,Emissions (CO2),kilotonnes,13220.9492,13287.0204,13429.216,13511.5577,13779.3591,13818.7486,13794.5328,13860.3657,13887.7995,13909.6574,14011.5496,14095.2458,14193.6542,14165.8896,14164.695,14142.1065,14265.9086,14350.3707,14693.1958,14929.4696,15045.4851
Finland,Farm-gate emissions,Emissions (CO2eq) from CH4 (AR5),kilotonnes,2997.8805,2934.5839,2921.0664,2873.6619,2787.2725,2754.4506,2733.1503,2668.9481,2645.1547,2627.9742,2640.6532,2608.4637,2590.3981,2593.42,2591.1594,2593.9175,2576.6694,2510.6771,2408.2631,2368.304,2358.3633
Finland,Farm-gate emissions,Emissions (CO2eq) from N2O (AR5),kilotonnes,4224.3662,4182.8207,4192.9995,4190.7348,4189.9805,4190.2014,4166.3858,4182.7505,4278.3859,4132.2889,4196.1752,4151.4626,4164.9199,4187.2716,4248.6321,4202.7911,4188.2763,4186.2607,4196.1419,4347.5123,4289.3001
Finland,Farm-gate emissions,Emissions (CO2eq) (AR5),kilotonnes,20443.1958,20404.425,20543.282,20575.9545,20756.6122,20763.4006,20694.069,20712.0643,20811.3401,20669.9205,20848.3781,20855.1721,20948.9722,20946.5812,21004.4865,20938.8151,21030.8543,21047.3085,21297.6008,21645.2859,21693.1485
Finland,Land Use change,Emissions (CH4),kilotonnes,0,0,0,0,0,0,0,0,0,0,0,0,0,0,0,0,0,0,0,0,0
Finland,Land Use change,Emissions (N2O),kilotonnes,0,0,0,0,0,0,0,0,0,0,0,0,0,0,0,0,0,0,0,0,0
Finland,Land Use change,Emissions (CO2),kilotonnes,1917.8619,23207.6203,23207.6203,23207.6203,23207.6203,23207.6203,23207.6203,23207.6203,23207.6203,23207.6203,23207.6203,7527.9158,7527.9158,7527.9158,7527.9158,7527.9158,0,0,0,0,0
Finland,Land Use change,Emissions (CO2eq) from CH4 (AR5),kilotonnes,0,0,0,0,0,0,0,0,0,0,0,0,0,0,0,0,0,0,0,0,0
Finland,Land Use change,Emissions (CO2eq) from N2O (AR5),kilotonnes,0,0,0,0,0,0,0,0,0,0,0,0,0,0,0,0,0,0,0,0,0
Finland,Land Use change,Emissions (CO2eq) (AR5),kilotonnes,1917.8619,23207.6203,23207.6203,23207.6203,23207.6203,23207.6203,23207.6203,23207.6203,23207.6203,23207.6203,23207.6203,7527.9158,7527.9158,7527.9158,7527.9158,7527.9158,0,0,0,0,0
Finland,Emissions on agricultural land,Emissions (CH4),kilotonnes,107.0672,104.8066,104.3238,102.6308,99.5454,98.3732,97.6125,95.3196,94.4698,93.8562,94.309,93.1594,92.5142,92.6221,92.5414,92.6399,92.0239,89.667,86.0094,84.5823,84.2273
Finland,Emissions on agricultural land,Emissions (N2O),kilotonnes,15.941,15.7842,15.8226,15.8141,15.8112,15.8121,15.7222,15.784,16.1449,15.5935,15.8346,15.6659,15.7167,15.801,16.0326,15.8596,15.8048,15.7972,15.8345,16.4057,16.186
Finland,Emissions on agricultural land,Emissions (CO2),kilotonnes,15138.8111,36494.6407,36636.8363,36719.178,36986.9794,37026.3689,37002.1531,37067.986,37095.4198,37117.2777,37219.1699,21623.1615,21721.57,21693.8054,21692.6107,21670.0223,14265.9086,14350.3707,14693.1958,14929.4696,15045.4851
Finland,Emissions on agricultural land,Emissions (CO2eq) from CH4 (AR5),kilotonnes,2997.8805,2934.5839,2921.0664,2873.6619,2787.2725,2754.4506,2733.1503,2668.9481,2645.1547,2627.9742,2640.6532,2608.4637,2590.3981,2593.42,2591.1594,2593.9175,2576.6694,2510.6771,2408.2631,2368.304,2358.3633
Finland,Emissions on agricultural land,Emissions (CO2eq) from N2O (AR5),kilotonnes,4224.3662,4182.8207,4192.9995,4190.7348,4189.9805,4190.2014,4166.3858,4182.7505,4278.3859,4132.2889,4196.1752,4151.4626,4164.9199,4187.2716,4248.6321,4202.7911,4188.2763,4186.2607,4196.1419,4347.5123,4289.3001
Finland,Emissions on agricultural land,Emissions (CO2eq) (AR5),kilotonnes,22361.0577,43612.0453,43750.9023,43783.5748,43964.2325,43971.0209,43901.6893,43919.6846,44018.9604,43877.5408,44055.9984,28383.0879,28476.888,28474.497,28532.4023,28466.7309,21030.8543,21047.3085,21297.6008,21645.2859,21693.1485
Finland,Pre- and post- production,Emissions (CH4),kilotonnes,77.6391,76.1863,71.6812,72.458,70.352,68.3322,59.53,56.3395,30.9648,31.5753,32.1546,31.2809,31.5428,31.7675,32.2197,31.9082,32.8184,33.8921,34.9388,36.7492,34.7376
Finland,Pre- and post- production,Emissions (N2O),kilotonnes,0.4003,0.3997,0.4046,0.4094,0.4135,0.411,0.424,0.4402,0.4375,0.4342,0.4457,0.4442,0.4528,0.4562,0.456,0.4532,0.4589,0.4816,0.5028,0.5288,0.5356
Finland,Pre- and post- production,Emissions (CO2),kilotonnes,4070.4177,4550.333,4837.779,5515.8779,4985.3625,3812.9038,5152.5433,5199.0884,4192.857,4448.5999,5259.8766,4512.4551,3800.7632,4810.3574,4847.3065,4773.7494,5053.6791,5086.252,5067.468,5334.9757,4604.5157
Finland,Pre- and post- production,Emissions (CO2eq) from F-gases (AR5),kilotonnes,450.4065,534.5655,613.01,696.13,773.016,876.3965,958.997,1041.5975,1055.624,1062.897,1067.053,1069.6505,1071.209,1072.7675,1072.7675,1072.7675,1153.8095,1175.109,1195.889,1217.1885,1185.4358
Finland,Pre- and post- production,Emissions (CO2eq) from CH4 (AR5),kilotonnes,2173.8945,2133.2152,2007.0739,2028.8227,1969.8561,1913.3007,1666.841,1577.5058,867.014,884.1074,900.3299,875.8656,883.1995,889.4892,902.1502,893.4296,918.9144,948.9785,978.2872,1028.9779,972.6528
Finland,Pre- and post- production,Emissions (CO2eq) from N2O (AR5),kilotonnes,106.0669,105.9224,107.2249,108.4878,109.5752,108.9244,112.3504,116.6443,115.9452,115.0522,118.1095,117.7126,119.9989,120.9006,120.8333,120.1082,121.6069,127.6142,133.2423,140.1246,141.9397
Finland,Pre- and post- production,Emissions (CO2eq) (AR5),kilotonnes,6800.7856,7324.0362,7565.0878,8349.3184,7837.8099,6711.5255,7890.7318,7934.836,6231.4401,6510.6565,7345.3691,6575.6838,5875.1706,6893.5147,6943.0575,6860.0548,7248.0099,7337.9537,7374.8866,7721.2667,6904.5438
Finland,Agri-food systems,Emissions (CH4),kilotonnes,184.7062,180.9928,176.005,175.0887,169.8975,166.7054,157.1425,151.6591,125.4346,125.4315,126.4637,124.4403,124.0571,124.3896,124.7611,124.5481,124.8423,123.5591,120.9482,121.3315,118.9649
Finland,Agri-food systems,Emissions (N2O),kilotonnes,16.3413,16.1839,16.2273,16.2235,16.2247,16.2231,16.1462,16.2241,16.5824,16.0277,16.2803,16.1101,16.1695,16.2573,16.4885,16.3128,16.2637,16.2788,16.3373,16.9345,16.7217
Finland,Agri-food systems,Emissions (CO2),kilotonnes,19209.2287,41044.9737,41474.6153,42235.0559,41972.3419,40839.2727,42154.6964,42267.0745,41288.2768,41565.8776,42479.0465,26135.6166,25522.3331,26504.1628,26539.9172,26443.7716,19319.5877,19436.6227,19760.6638,20264.4453,19650.0007
Finland,Agri-food systems,Emissions (CO2eq) from F-gases (AR5),kilotonnes,450.4065,534.5655,613.01,696.13,773.016,876.3965,958.997,1041.5975,1055.624,1062.897,1067.053,1069.6505,1071.209,1072.7675,1072.7675,1072.7675,1153.8095,1175.109,1195.889,1217.1885,1185.4358
Finland,Agri-food systems,Emissions (CO2eq) from CH4 (AR5),kilotonnes,5171.775,5067.7991,4928.1403,4902.4846,4757.1286,4667.7512,4399.9914,4246.4539,3512.1686,3512.0816,3540.9831,3484.3293,3473.5976,3482.9092,3493.3096,3487.3472,3495.5838,3459.6556,3386.5503,3397.2819,3331.0161
Finland,Agri-food systems,Emissions (CO2eq) from N2O (AR5),kilotonnes,4330.4331,4288.7431,4300.2244,4299.2226,4299.5558,4299.1259,4278.7363,4299.3947,4394.3311,4247.3411,4314.2848,4269.1752,4284.9188,4308.1722,4369.4654,4322.8994,4309.8832,4313.8749,4329.3843,4487.637,4431.2398
Finland,Agri-food systems,Emissions (CO2eq) (AR5),kilotonnes,29161.8433,50936.0814,51315.99,52132.8932,51802.0423,50682.5463,51792.421,51854.5206,50250.4006,50388.1973,51401.3674,34958.7717,34352.0586,35368.0117,35475.4597,35326.7857,28278.8642,28385.2622,28672.4874,29366.5527,28597.6923
Finland,IPCC Agriculture,Emissions (CH4),kilotonnes,106.8498,104.6043,104.0897,102.3978,99.315,98.1592,97.4063,95.0979,94.2559,93.6439,94.0978,92.9415,92.3122,92.4562,92.379,92.4793,91.8646,89.5226,85.8531,84.4272,84.0722
Finland,IPCC Agriculture,Emissions (CH4),kilotonnes,100.845,100.4765,102.0511,101.8033,101.2849,101.254,101.2972,100.69,99.4097,100.668,102.5376,100.8737,100.2371,100.3361,101.9998,103.331,102.9362,102.2148,101.3659,101.0217,101.032
Finland,IPCC Agriculture,Direct emissions (N2O),kilotonnes,4.8697,4.7287,4.6932,4.6384,4.5026,4.4867,4.4095,4.4432,4.6821,4.2463,4.352,4.1791,4.1668,4.2326,4.3951,4.2618,4.1487,4.0985,3.942,4.2596,4.0283
Finland,IPCC Agriculture,Indirect emissions (N2O),kilotonnes,1.5283,1.4873,1.4727,1.458,1.4165,1.4033,1.3844,1.39,1.4663,1.3222,1.3788,1.3115,1.3078,1.323,1.3737,1.3386,1.3045,1.2908,1.2497,1.3327,1.2679
Finland,IPCC Agriculture,Emissions (N2O),kilotonnes,15.4111,15.2629,15.3036,15.2987,15.307,15.3202,15.2465,15.3009,15.6633,15.1427,15.3752,15.2113,15.2342,15.3262,15.5701,15.4021,15.3596,15.3717,15.4322,16.0155,15.7958
Finland,IPCC Agriculture,Emissions (N2O),kilotonnes,12.56,12.2906,12.2227,12.3058,12.3742,12.4386,12.2387,12.3696,12.7285,12.4512,12.7796,12.5827,12.5381,12.4573,12.7497,12.7805,12.7974,12.7419,12.5879,13.083,12.878
Finland,IPCC Agriculture,Emissions (CO2),kilotonnes,350.854,419.852,447.217,302.9475,277.023,290.9994,322.017,277.2446,326.5578,339.7161,278.9891,202.1192,203.2933,305.3638,223.9165,181.8595,268.3688,198.4872,211.7595,200.1783,202.5175
Finland,IPCC Agriculture,Emissions (CO2eq) from CH4 (AR5),kilotonnes,2991.7941,2928.9199,2914.5106,2867.1396,2780.819,2748.4566,2727.3777,2662.7415,2639.1657,2622.0282,2634.7376,2602.3631,2584.7429,2588.7726,2586.6108,2589.4199,2572.2096,2506.6315,2403.8861,2363.9614,2354.0207
Finland,IPCC Agriculture,Emissions (CO2eq) from CH4 (AR5),kilotonnes,2823.6603,2813.3425,2857.4315,2850.4932,2835.9768,2835.1107,2836.3212,2819.321,2783.471,2818.7042,2871.0517,2824.4643,2806.6387,2809.4108,2855.9948,2893.2678,2882.2143,2862.0158,2838.2465,2828.6062,2828.8963
Finland,IPCC Agriculture,Emissions (CO2eq) from N2O (AR5),kilotonnes,4083.9494,4044.6756,4055.4457,4054.1665,4056.3626,4059.8456,4040.3224,4054.7253,4150.7658,4012.8046,4074.4392,4031.0072,4037.0605,4061.4343,4126.0802,4081.5572,4070.2948,4073.4906,4089.5447,4244.106,4185.8938
Finland,IPCC Agriculture,Emissions (CO2eq) from N2O (AR5),kilotonnes,3328.3947,3256.9965,3239.0079,3261.0409,3279.1678,3296.2294,3243.2484,3277.9401,3373.042,3299.5762,3386.591,3334.4264,3322.588,3301.1839,3378.6631,3386.834,3391.3159,3376.6122,3335.7811,3466.9908,3412.6605
Finland,IPCC Agriculture,Emissions (CO2eq) (AR5),kilotonnes,7075.7435,6973.5955,6969.9564,6921.3061,6837.1817,6808.3022,6767.7001,6717.4668,6789.9315,6634.8328,6709.1767,6633.3703,6621.8034,6650.2069,6712.6909,6670.9771,6642.5044,6580.1221,6493.4308,6608.0674,6539.9145
Finland,IPCC Agriculture,Emissions (CO2eq) (AR5),kilotonnes,6502.9091,6490.1911,6543.6564,6414.4816,6392.1677,6422.3395,6401.5866,6374.5057,6483.0708,6457.9965,6536.6318,6361.01,6332.52,6415.9585,6458.5743,6461.9612,6541.8989,6437.1152,6385.7871,6495.7754,6444.0743
Finland,Agricultural Soils,Direct emissions (N2O),kilotonnes,4.8697,4.7287,4.6932,4.6384,4.5026,4.4867,4.4095,4.4432,4.6821,4.2463,4.352,4.1791,4.1668,4.2326,4.3951,4.2618,4.1487,4.0985,3.942,4.2596,4.0283
Finland,Agricultural Soils,Direct emissions (N2O),kilotonnes,10.2719,10.0648,10.0187,10.0931,10.1742,10.2267,10.0859,10.1887,10.4953,10.2212,10.4561,10.3087,10.2619,10.2149,10.4437,10.5179,10.5179,10.4872,10.3679,10.7869,10.6576
Finland,Agricultural Soils,Indirect emissions (N2O),kilotonnes,1.5283,1.4873,1.4727,1.458,1.4165,1.4033,1.3844,1.39,1.4663,1.3222,1.3788,1.3115,1.3078,1.323,1.3737,1.3386,1.3045,1.2908,1.2497,1.3327,1.2679
Finland,Agricultural Soils,Indirect emissions (N2O),kilotonnes,1.4404,1.3865,1.3599,1.3594,1.356,1.3616,1.298,1.3169,1.3751,1.3213,1.3852,1.3388,1.316,1.2946,1.3405,1.2859,1.3095,1.3021,1.2738,1.3581,1.3116
Finland,Agricultural Soils,Emissions (N2O),kilotonnes,14.5959,14.472,14.5129,14.5125,14.5482,14.5692,14.4983,14.5736,14.9372,14.4297,14.6629,14.5037,14.5339,14.6213,14.8661,14.6978,14.658,14.691,14.7773,15.3679,15.1538
Finland,Agricultural Soils,Emissions (N2O),kilotonnes,11.7123,11.4514,11.3786,11.4525,11.5302,11.5883,11.384,11.5056,11.8704,11.5426,11.8413,11.6476,11.5778,11.5096,11.7842,11.8038,11.8274,11.7893,11.6416,12.145,11.9692
Finland,Agricultural Soils,Emissions (CO2eq) from N2O (AR5),kilotonnes,3867.92,3835.0672,3845.9116,3845.8198,3855.2763,3860.8278,3842.0612,3862.0161,3958.3519,3823.8833,3885.6732,3843.4842,3851.4765,3874.6514,3939.5079,3894.9123,3884.3584,3893.1018,3915.9739,4072.4901,4015.7561
Finland,Agricultural Soils,Emissions (CO2eq) from N2O (AR5),kilotonnes,3103.7657,3034.6158,3015.3183,3034.9094,3055.5005,3070.8954,3016.7506,3048.9798,3145.6499,3058.7784,3137.9405,3086.6068,3068.126,3050.0369,3122.8034,3128.0114,3134.2537,3124.1678,3085.0343,3218.4356,3171.8489
Finland,Agricultural Soils,Emissions (CO2eq) (AR5),kilotonnes,3867.92,3835.0672,3845.9116,3845.8198,3855.2763,3860.8278,3842.0612,3862.0161,3958.3519,3823.8833,3885.6732,3843.4842,3851.4765,3874.6514,3939.5079,3894.9123,3884.3584,3893.1018,3915.9739,4072.4901,4015.7561
Finland,Agricultural Soils,Emissions (CO2eq) (AR5),kilotonnes,3103.7657,3034.6158,3015.3183,3034.9094,3055.5005,3070.8954,3016.7506,3048.9798,3145.6499,3058.7784,3137.9405,3086.6068,3068.126,3050.0369,3122.8034,3128.0114,3134.2537,3124.1678,3085.0343,3218.4356,3171.8489
Finland,LULUCF,Emissions (CH4),kilotonnes,0.0302,0.0081,0,0.002,0,0,0.0326,0.0041,0.0143,0.002,0.0183,0.0204,0,0.0061,0,0.002,0.0041,0,0.0041,0.002,0
Finland,LULUCF,Emissions (CH4),kilotonnes,53.8291,52.7634,51.6186,50.4473,49.2968,48.1855,47.0705,45.9212,43.6339,41.324,39.0073,36.7069,35.4581,34.2613,33.0579,31.8468,30.6092,30.611,30.6405,30.643,
Finland,LULUCF,Emissions (N2O),kilotonnes,0.0017,0.0007,0,0.0002,0,0,0.003,0.0004,0.0013,0.0002,0.0017,0.0019,0,0.0006,0,0.0002,0.0004,0,0.0004,0.0002,0
Finland,LULUCF,Emissions (N2O),kilotonnes,7.215,7.2212,7.2024,7.1829,7.1628,7.1436,7.1479,7.1285,7.1484,7.0932,7.059,7.0279,6.9532,6.901,6.844,6.7814,6.736,6.7722,6.7816,6.7815,
Finland,LULUCF,Emissions (CO2),kilotonnes,-24958.3509,-9559.6273,-9430.5953,-9332.7067,-9030.8869,-8960.0947,-8924.3074,-8873.4708,-8805.2728,-8702.7053,-8602.5309,-48393.4435,-48328.3801,-48319.1339,-48274.5552,-48274.4306,13031.7796,13169.0339,13570.7263,13839.5545,13955.57
Finland,LULUCF,Emissions (CO2),kilotonnes,-18600.5252,-20122.1036,-21342.3547,-22176.3592,-23234.4828,-23866.7695,-29279.9303,-20367.5064,-23518.784,-35652.2082,-23889.7859,-24196.837,-26758.8023,-20302.6937,-22876.8162,-20762.1225,-19721.0612,-18434.6509,-10996.8293,-17488.6247,
Finland,LULUCF,Emissions (CO2eq) from CH4 (AR5),kilotonnes,0.8443,0.2281,0,0.057,0,0,0.9124,0.1141,0.399,0.057,0.513,0.5702,0,0.171,0,0.057,0.114,0,0.114,0.057,0
Finland,LULUCF,Emissions (CO2eq) from N2O (AR5),kilotonnes,0.442,0.1971,0,0.0493,0,0,0.7884,0.0986,0.3448,0.0493,0.4433,0.4927,0,0.1478,0,0.0493,0.0985,0,0.0985,0.0493,0
Finland,LULUCF,Emissions (CO2eq) (AR5),kilotonnes,-24957.0646,-9559.202,-9430.5953,-9332.6004,-9030.8869,-8960.0947,-8922.6065,-8873.2581,-8804.529,-8702.599,-8601.5745,-48392.3805,-48328.3801,-48318.8151,-48274.5552,-48274.3243,13031.9921,13169.0339,13570.9389,13839.6608,13955.57
Finland,LULUCF,Emissions (CO2eq) (AR5),kilotonnes,-18600.5252,-20122.1036,-21342.3547,-22176.3592,-23234.4828,-23866.7695,-29279.9303,-20367.5064,-23518.784,-35652.2082,-23889.7859,-24196.837,-26758.8023,-20302.6937,-22876.8162,-20762.1225,-19721.0612,-18434.6509,-10996.8293,-17488.6247,
Finland,AFOLU,Emissions (CH4),kilotonnes,106.8799,104.6124,104.0897,102.3999,99.315,98.1592,97.4389,95.102,94.2702,93.6459,94.1161,92.9619,92.3122,92.4623,92.379,92.4813,91.8687,89.5226,85.8571,84.4292,84.0722
Finland,AFOLU,Emissions (N2O),kilotonnes,15.4128,15.2637,15.3036,15.2989,15.307,15.3202,15.2495,15.3012,15.6646,15.1428,15.3769,15.2132,15.2342,15.3267,15.5701,15.4023,15.36,15.3717,15.4326,16.0157,15.7958
Finland,AFOLU,Emissions (CO2),kilotonnes,-24958.3509,-9559.6273,-9430.5953,-9332.7067,-9030.8869,-8960.0947,-8924.3074,-8873.4708,-8805.2728,-8702.7053,-8602.5309,-48393.4435,-48328.3801,-48319.1339,-48274.5552,-48274.4306,13031.7796,13169.0339,13570.7263,13839.5545,13955.57
Finland,AFOLU,Emissions (CO2eq) from CH4 (AR5),kilotonnes,2992.6384,2929.148,2914.5106,2867.1967,2780.819,2748.4566,2728.2901,2662.8555,2639.5647,2622.0852,2635.2506,2602.9333,2584.7429,2588.9436,2586.6108,2589.477,2572.3236,2506.6315,2404.0002,2364.0184,2354.0207
Finland,AFOLU,Emissions (CO2eq) from N2O (AR5),kilotonnes,4084.3914,4044.8727,4055.4457,4054.2158,4056.3626,4059.8456,4041.1108,4054.8239,4151.1107,4012.8538,4074.8825,4031.5,4037.0605,4061.5821,4126.0802,4081.6065,4070.3933,4073.4906,4089.6432,4244.1553,4185.8938
Finland,AFOLU,Emissions (CO2eq) (AR5),kilotonnes,-17881.3211,-2585.6065,-2460.639,-2411.2943,-2193.7052,-2151.7925,-2154.9064,-2155.7914,-2014.5974,-2067.7663,-1892.3978,-41759.0102,-41706.5767,-41668.6081,-41561.8643,-41603.3472,19674.4965,19749.1559,20064.3697,20447.7282,20495.4845
Finland,All sectors with LULUCF,Emissions (CH4),kilotonnes,768.1779,772.0814,744.2617,770.9179,889.553,821.0632,916.0559,769.689,784.8702,787.5959,819.1761,824.2919,901.6722,899.9523,908.009,911.9713,769.2387,789.0126,794.1971,755.4792,696.0922
Finland,All sectors with LULUCF,Emissions (N2O),kilotonnes,26.5368,27.6787,28.3306,29.1749,28.902,28.0202,28.7745,29.3752,28.5446,26.2008,28.6439,27.5142,27.1192,27.0257,27.3551,26.8683,27.012,26.9217,26.8976,27.1537,26.7718
Finland,All sectors with LULUCF,Emissions (CO2),kilotonnes,28851.6491,48780.3727,53729.4047,61087.2933,60079.1131,47679.9053,58555.6926,56456.5292,50004.7272,46487.2947,55797.4691,10356.5565,2681.6199,2030.8661,1855.4448,-2864.4306,61401.7796,58039.0339,59930.7263,56889.5545,50915.57
Finland,All sectors with LULUCF,Emissions (CO2eq) from F-gases (AR5),kilotonnes,509.1994,583.0527,671.4824,745.3358,826.9632,910.534,1020.3423,1107.8002,1204.9757,1214.6932,1438.1968,1486.7845,1496.5021,1506.2196,1477.067,1370.174,1331.3038,1243.8459,1185.5406,1117.5178,1088.3651
Finland,All sectors with LULUCF,Emissions (CO2eq) from CH4 (AR5),kilotonnes,21508.9824,21618.28,20839.3266,21585.7007,24907.483,22989.7686,25649.5661,21551.2915,21976.3647,22052.6852,22936.9306,23080.1733,25246.8229,25198.6636,25424.2508,25535.197,21538.6836,22092.3515,22237.5202,21153.4184,19490.5807
Finland,All sectors with LULUCF,Emissions (CO2eq) from N2O (AR5),kilotonnes,7032.2514,7334.8477,7507.6007,7731.3558,7659.0376,7425.3456,7625.2358,7784.4339,7564.3107,6943.2238,7590.6375,7291.265,7186.5855,7161.8171,7249.1052,7120.0965,7158.1733,7134.2406,7127.8682,7195.7253,7094.5338
Finland,All sectors with LULUCF,Emissions (CO2eq) (AR5),kilotonnes,57902.0823,78316.5532,82747.8145,91149.6855,93472.5969,79005.5536,92850.8369,86900.0549,80750.3782,76697.897,87763.234,42214.7793,36611.5303,35897.5665,36005.8677,31161.0368,91429.9403,88509.4718,90481.6553,86356.216,78589.0497
Finland,All sectors without LULUCF,Emissions (CH4),kilotonnes,768.1478,772.0733,744.2617,770.9158,889.553,821.0632,916.0233,769.6849,784.8559,787.5939,819.1578,824.2715,901.6722,899.9462,908.009,911.9693,769.2346,789.0126,794.1931,755.4772,696.0922
Finland,All sectors without LULUCF,Emissions (N2O),kilotonnes,26.5351,27.6779,28.3306,29.1747,28.902,28.0202,28.7715,29.3749,28.5433,26.2007,28.6422,27.5123,27.1192,27.0252,27.3551,26.8681,27.0116,26.9217,26.8972,27.1535,26.7718
Finland,All sectors without LULUCF,Emissions (CO2),kilotonnes,53810,58340,63160,70420,69110,56640,67480,65330,58810,55190,64400,58750,51010,50350,50130,45410,48370,44870,46360,43050,36960
Finland,All sectors without LULUCF,Emissions (CO2eq) from F-gases (AR5),kilotonnes,509.1994,583.0527,671.4824,745.3358,826.9632,910.534,1020.3423,1107.8002,1204.9757,1214.6932,1438.1968,1486.7845,1496.5021,1506.2196,1477.067,1370.174,1331.3038,1243.8459,1185.5406,1117.5178,1088.3651
Finland,All sectors without LULUCF,Emissions (CO2eq) from CH4 (AR5),kilotonnes,21508.1381,21618.0519,20839.3266,21585.6436,24907.483,22989.7686,25648.6537,21551.1775,21975.9657,22052.6282,22936.4176,23079.6031,25246.8229,25198.4926,25424.2508,25535.1399,21538.5696,22092.3515,22237.4061,21153.3614,19490.5807
Finland,All sectors without LULUCF,Emissions (CO2eq) from N2O (AR5),kilotonnes,7031.8094,7334.6506,7507.6007,7731.3065,7659.0376,7425.3456,7624.4474,7784.3353,7563.9658,6943.1746,7590.1942,7290.7722,7186.5855,7161.6693,7249.1052,7120.0472,7158.0748,7134.2406,7127.7697,7195.676,7094.5338
Finland,All sectors without LULUCF,Emissions (CO2eq) (AR5),kilotonnes,82859.1469,87875.7553,92178.4098,100482.2859,102503.4838,87965.6483,101773.4434,95773.313,89554.9072,85400.496,96364.8085,90607.1598,84939.9104,84216.3816,84280.4229,79435.3611,78397.9482,75340.4379,76910.7164,72516.5552,64633.4796
France,Crop Residues,Direct emissions (N2O),kilotonnes,11.3117,10.3192,11.936,9.5836,12.0305,11.0378,10.6629,10.2182,12.0248,11.9938,11.2821,10.8614,11.5797,11.5305,12.2726,12.6502,9.4997,11.8827,10.8225,12.2878,9.869
France,Crop Residues,Direct emissions (N2O),kilotonnes,15.8067,15.0032,16.1599,12.7421,16.6859,15.0383,14.8434,15.964,16.7077,15.9922,14.7468,14.3752,15.8352,15.5233,17.1025,15.3794,13.0123,15.4573,13.8614,14.5365,13.4224
France,Crop Residues,Indirect emissions (N2O),kilotonnes,2.5451,2.3218,2.6856,2.1563,2.7069,2.4835,2.3992,2.2991,2.7056,2.6986,2.5385,2.4438,2.6054,2.5944,2.7613,2.8463,2.1374,2.6736,2.4351,2.7648,2.2205
France,Crop Residues,Emissions (N2O),kilotonnes,13.8569,12.641,14.6216,11.74,14.7373,13.5213,13.0621,12.5173,14.7304,14.6924,13.8206,13.3052,14.1852,14.1248,15.0339,15.4966,11.6372,14.5563,13.2576,15.0526,12.0895
France,Crop Residues,Emissions (N2O),kilotonnes,15.8067,15.0032,16.1599,12.7421,16.6859,15.0383,14.8434,15.964,16.7077,15.9922,14.7468,14.3752,15.8352,15.5233,17.1025,15.3794,13.0123,15.4573,13.8614,14.5365,13.4224
France,Crop Residues,Emissions (CO2eq) from N2O (AR5),kilotonnes,3672.0766,3349.8758,3874.737,3111.09,3905.3965,3583.1515,3461.4441,3317.0776,3903.5631,3893.4831,3662.4485,3525.8842,3759.0657,3743.0758,3983.9787,4106.587,3083.849,3857.4157,3513.2623,3988.9352,3203.7131
France,Crop Residues,Emissions (CO2eq) from N2O (AR5),kilotonnes,4188.7781,3975.8415,4282.3619,3376.6589,4421.7529,3985.1472,3933.4905,4230.4505,4427.5408,4237.9277,3907.9124,3809.436,4196.3317,4113.6795,4532.1704,4075.5395,3448.2719,4096.1938,3673.2699,3852.1727,3556.9454
France,Crop Residues,Emissions (CO2eq) (AR5),kilotonnes,3672.0766,3349.8758,3874.737,3111.09,3905.3965,3583.1515,3461.4441,3317.0776,3903.5631,3893.4831,3662.4485,3525.8842,3759.0657,3743.0758,3983.9787,4106.587,3083.849,3857.4157,3513.2623,3988.9352,3203.7131
France,Crop Residues,Emissions (CO2eq) (AR5),kilotonnes,4188.7781,3975.8415,4282.3619,3376.6589,4421.7529,3985.1472,3933.4905,4230.4505,4427.5408,4237.9277,3907.9124,3809.436,4196.3317,4113.6795,4532.1704,4075.5395,3448.2719,4096.1938,3673.2699,3852.1727,3556.9454
France,Rice Cultivation,Emissions (CH4),kilotonnes,10.0145,9.6667,9.319,9.5962,10.1606,8.9964,8.7242,10.581,9.7584,12.0396,12.0093,11.6812,11.1787,10.336,8.4526,8.1482,8.4234,8.6421,6.6931,7.6104,7.4642
France,Rice Cultivation,Emissions (CH4),kilotonnes,2.7969,2.72,2.5735,2.5193,2.845,2.5287,2.2368,2.0471,1.9348,2.3551,2.3479,2.3827,2.2765,2.0962,1.6846,1.6301,1.6806,1.72,1.3652,1.5602,1.5293
France,Rice Cultivation,Emissions (CO2eq) from CH4 (AR5),kilotonnes,280.4054,270.6682,260.9309,268.6925,284.4979,251.8992,244.2787,296.2673,273.2365,337.1075,336.2607,327.0738,313.0042,289.4089,236.6724,228.1487,235.8539,241.9785,187.4074,213.0912,208.9987
France,Rice Cultivation,Emissions (CO2eq) from CH4 (AR5),kilotonnes,78.3118,76.1609,72.0576,70.5392,79.6592,70.8046,62.63,57.3196,54.1751,65.9437,65.7422,66.7151,63.7424,58.6945,47.1687,45.643,47.0575,48.16,38.2253,43.6859,42.8203
France,Rice Cultivation,Emissions (CO2eq) (AR5),kilotonnes,280.4054,270.6682,260.9309,268.6925,284.4979,251.8992,244.2787,296.2673,273.2365,337.1075,336.2607,327.0738,313.0042,289.4089,236.6724,228.1487,235.8539,241.9785,187.4074,213.0912,208.9987
France,Rice Cultivation,Emissions (CO2eq) (AR5),kilotonnes,78.3118,76.1609,72.0576,70.5392,79.6592,70.8046,62.63,57.3196,54.1751,65.9437,65.7422,66.7151,63.7424,58.6945,47.1687,45.643,47.0575,48.16,38.2253,43.6859,42.8203
France,Burning - Crop residues,Emissions (CH4),kilotonnes,10.4627,10.35,10.6146,9.8436,10.6037,10.2048,9.7509,9.8193,10.7057,10.3046,10.1697,10.1855,10.3714,10.7532,10.6737,10.3628,9.906,9.6605,9.5234,9.7527,9.4615
France,Burning - Crop residues,Emissions (CH4),kilotonnes,2.951,2.5426,2.5561,2.0898,2.149,1.8511,1.8079,1.7069,1.8206,1.824,1.7179,1.6254,1.5736,1.3692,1.3394,1.3157,1.1123,1.2451,1.1667,1.2588,1.1303
France,Burning - Crop residues,Emissions (N2O),kilotonnes,0.2713,0.2683,0.2752,0.2552,0.2749,0.2646,0.2528,0.2546,0.2776,0.2672,0.2637,0.2641,0.2689,0.2788,0.2767,0.2687,0.2568,0.2505,0.2469,0.2528,0.2453
France,Burning - Crop residues,Emissions (N2O),kilotonnes,0.0765,0.0659,0.0663,0.0542,0.0557,0.048,0.0469,0.0443,0.0472,0.0473,0.0445,0.0421,0.0408,0.0355,0.0347,0.0341,0.0288,0.0323,0.0302,0.0326,0.0293
France,Burning - Crop residues,Emissions (CO2eq) from CH4 (AR5),kilotonnes,292.9553,289.7987,297.2082,275.6217,296.9046,285.7337,273.0244,274.9392,299.7589,288.5283,284.752,285.1926,290.3997,301.0897,298.8641,290.157,277.3685,270.494,266.6563,273.0751,264.9208
France,Burning - Crop residues,Emissions (CO2eq) from CH4 (AR5),kilotonnes,82.6271,71.1925,71.5707,58.515,60.1728,51.8311,50.6205,47.7935,50.9776,51.0723,48.1009,45.5105,44.0612,38.3372,37.5042,36.839,31.1457,34.8632,32.6684,35.2457,31.648
France,Burning - Crop residues,Emissions (CO2eq) from N2O (AR5),kilotonnes,71.8825,71.108,72.9261,67.6294,72.8516,70.1106,66.9921,67.4619,73.5519,70.7963,69.8697,69.9778,71.2555,73.8785,73.3324,71.1959,68.058,66.3712,65.4296,67.0045,65.0037
France,Burning - Crop residues,Emissions (CO2eq) from N2O (AR5),kilotonnes,20.2742,17.4685,17.5613,14.3578,14.7646,12.7178,12.4208,11.7271,12.5084,12.5316,11.8025,11.1669,10.8113,9.4068,9.2024,9.0392,7.6422,8.5544,8.0159,8.6482,7.7655
France,Burning - Crop residues,Emissions (CO2eq) (AR5),kilotonnes,364.8378,360.9067,370.1342,343.2511,369.7561,355.8443,340.0165,342.4012,373.3108,359.3246,354.6217,355.1705,361.6551,374.9682,372.1965,361.353,345.4266,336.8653,332.0859,340.0797,329.9245
France,Burning - Crop residues,Emissions (CO2eq) (AR5),kilotonnes,102.9013,88.661,89.132,72.8728,74.9374,64.5489,63.0412,59.5206,63.486,63.6039,59.9034,56.6774,54.8725,47.744,46.7066,45.8782,38.788,43.4175,40.6843,43.8939,39.4135
France,Enteric Fermentation,Emissions (CH4),kilotonnes,1584.0893,1577.8962,1534.2221,1485.2757,1464.6968,1454.8345,1454.1843,1470.6932,1476.979,1455.4813,1438.1954,1405.1638,1396.8669,1402.8496,1410.8448,1415.0287,1411.5129,1384.45,1365.0304,1335.2829,1314.031
France,Enteric Fermentation,Emissions (CH4),kilotonnes,1531.3926,1531.7556,1495.3605,1451.2731,1430.8455,1423.5589,1424.4853,1433.1875,1449.6922,1435.7438,1429.4292,1405.6971,1391.1701,1393.6209,1412.7378,1418.5203,1410.1164,1394.8044,1373.5206,1350.9561,1330.3438
France,Enteric Fermentation,Emissions (CO2eq) from CH4 (AR5),kilotonnes,44354.5017,44181.0922,42958.2181,41587.7199,41011.5118,40735.3657,40717.1595,41179.4087,41355.4119,40753.4778,40269.4726,39344.5873,39112.2718,39279.7897,39503.6545,39620.8047,39522.3614,38764.6004,38220.8523,37387.9209,36792.8673
France,Enteric Fermentation,Emissions (CO2eq) from CH4 (AR5),kilotonnes,42878.9923,42889.1575,41870.0933,40635.6467,40063.6731,39859.6481,39885.5896,40129.2488,40591.3821,40200.8263,40024.0178,39359.5185,38952.763,39021.3843,39556.6592,39718.5672,39483.26,39054.5243,38458.5774,37826.7711,37249.6276
France,Enteric Fermentation,Emissions (CO2eq) (AR5),kilotonnes,44354.5017,44181.0922,42958.2181,41587.7199,41011.5118,40735.3657,40717.1595,41179.4087,41355.4119,40753.4778,40269.4726,39344.5873,39112.2718,39279.7897,39503.6545,39620.8047,39522.3614,38764.6004,38220.8523,37387.9209,36792.8673
France,Enteric Fermentation,Emissions (CO2eq) (AR5),kilotonnes,42878.9923,42889.1575,41870.0933,40635.6467,40063.6731,39859.6481,39885.5896,40129.2488,40591.3821,40200.8263,40024.0178,39359.5185,38952.763,39021.3843,39556.6592,39718.5672,39483.26,39054.5243,38458.5774,37826.7711,37249.6276
France,Manure Management,Emissions (CH4),kilotonnes,320.1596,322.7296,317.0565,308.8316,305.3404,303.0489,299.7432,302.427,303.5551,299.3689,295.5741,289.0829,286.9201,287.3969,287.4767,286.887,282.7482,281.4949,282.9802,276.5558,273.9497
France,Manure Management,Emissions (CH4),kilotonnes,160.3082,159.5216,162.9785,165.8441,155.5376,155.8367,160.3687,158.6347,159.2882,159.5586,147.3668,163.3566,149.8255,145.9026,158.2905,156.761,148.9512,149.8755,154.3935,151.083,153.6271
France,Manure Management,Emissions (N2O),kilotonnes,14.2382,14.2532,13.885,13.445,13.21,13.0787,13.002,13.153,13.1791,12.9912,12.9605,12.6977,12.6311,12.679,12.723,12.7564,12.6461,12.4696,12.3457,12.0876,11.9078
France,Manure Management,Emissions (N2O),kilotonnes,9.3035,9.2303,9.0593,8.8266,8.7063,8.6705,8.6628,8.7404,8.862,8.7302,8.6841,8.642,8.551,8.5197,8.5798,8.5858,8.4938,8.337,8.2437,8.0723,7.9336
France,Manure Management,Emissions (CO2eq) from CH4 (AR5),kilotonnes,8964.4687,9036.4294,8877.5808,8647.2857,8549.53,8485.3693,8392.8104,8467.9548,8499.5435,8382.3282,8276.0745,8094.3221,8033.7628,8047.1132,8049.3476,8032.8367,7916.9483,7881.8573,7923.4459,7743.5627,7670.5917
France,Manure Management,Emissions (CO2eq) from CH4 (AR5),kilotonnes,4488.6294,4466.6062,4563.398,4643.6334,4355.0514,4363.4281,4490.3238,4441.7728,4460.0685,4467.6401,4126.2709,4573.9854,4195.1128,4085.274,4432.1332,4389.3088,4170.6324,4196.5132,4323.0177,4230.3241,4301.559
France,Manure Management,Emissions (CO2eq) from N2O (AR5),kilotonnes,3773.1226,3777.0852,3679.5196,3562.9332,3500.6627,3465.8643,3445.5322,3485.5549,3492.467,3442.6575,3434.5285,3364.8779,3347.2407,3359.938,3371.595,3380.4386,3351.2085,3304.4529,3271.6049,3203.2144,3155.5683
France,Manure Management,Emissions (CO2eq) from N2O (AR5),kilotonnes,2465.4159,2446.0263,2400.7074,2339.0543,2307.1756,2297.6951,2295.6325,2316.2016,2348.4384,2313.5035,2301.2902,2290.1402,2266.0021,2257.7184,2273.6451,2275.2395,2250.8559,2209.3112,2184.5904,2139.1696,2102.4017
France,Manure Management,Emissions (CO2eq) (AR5),kilotonnes,12737.5913,12813.5146,12557.1005,12210.2189,12050.1928,11951.2337,11838.3425,11953.5096,11992.0106,11824.9857,11710.603,11459.2,11381.0034,11407.0512,11420.9426,11413.2753,11268.1568,11186.3103,11195.0508,10946.7771,10826.16
France,Manure Management,Emissions (CO2eq) (AR5),kilotonnes,6954.0453,6912.6325,6964.1054,6982.6877,6662.227,6661.1232,6785.9563,6757.9744,6808.5068,6781.1436,6427.5612,6864.1256,6461.1148,6342.9924,6705.7783,6664.5483,6421.4883,6405.8244,6507.6081,6369.4937,6403.9607
France,Manure left on Pasture,Direct emissions (N2O),kilotonnes,14.1177,14.0382,13.6604,13.2706,13.1008,13.0251,13.0268,13.1306,13.1501,13.0046,12.8857,12.562,12.4517,12.4524,12.5147,12.5465,12.5179,12.2688,12.1226,11.8716,11.7579
France,Manure left on Pasture,Indirect emissions (N2O),kilotonnes,3.5381,3.5164,3.4321,3.3466,3.3059,3.2868,3.279,3.2852,3.2769,3.2448,3.2202,3.1352,3.0976,3.0862,3.0962,3.0957,3.0864,3.0274,3.004,2.9474,2.9422
France,Manure left on Pasture,Emissions (N2O),kilotonnes,17.6558,17.5546,17.0925,16.6172,16.4067,16.3119,16.3058,16.4158,16.427,16.2494,16.1059,15.6971,15.5493,15.5387,15.611,15.6422,15.6043,15.2962,15.1266,14.819,14.7001
France,Manure left on Pasture,Emissions (CO2eq) from N2O (AR5),kilotonnes,4678.7959,4651.9734,4529.5078,4403.5627,4347.7816,4322.6506,4321.0453,4350.1967,4353.1495,4306.0992,4268.0644,4159.7378,4120.5617,4117.7451,4136.9083,4145.1937,4135.1405,4053.5005,4008.5582,3927.0246,3895.5321
France,Manure left on Pasture,Emissions (CO2eq) (AR5),kilotonnes,4678.7959,4651.9734,4529.5078,4403.5627,4347.7816,4322.6506,4321.0453,4350.1967,4353.1495,4306.0992,4268.0644,4159.7378,4120.5617,4117.7451,4136.9083,4145.1937,4135.1405,4053.5005,4008.5582,3927.0246,3895.5321
France,Manure applied to Soils,Direct emissions (N2O),kilotonnes,15.6071,15.6471,15.2405,14.7663,14.4759,14.3076,14.1924,14.3602,14.3594,14.1856,14.2685,13.9908,13.9199,13.9535,13.9893,14.0414,13.8777,13.7074,13.5835,13.3053,13.113
France,Manure applied to Soils,Direct emissions (N2O),kilotonnes,9.6879,9.5962,9.4715,9.2638,9.1057,9.0105,8.9701,9.0425,9.2788,9.1121,9.0749,9.1015,8.9842,8.977,9.0646,9.0792,9.015,8.9405,8.8653,8.7424,8.67
France,Manure applied to Soils,Indirect emissions (N2O),kilotonnes,6.633,6.65,6.4772,6.2757,6.1523,6.0807,6.0318,6.1031,6.1028,6.0289,6.0641,5.9461,5.9159,5.9303,5.9454,5.9676,5.898,5.8256,5.773,5.6548,5.573
France,Manure applied to Soils,Emissions (N2O),kilotonnes,22.2401,22.2971,21.7177,21.042,20.6282,20.3883,20.2242,20.4633,20.4622,20.2145,20.3326,19.9369,19.8358,19.8838,19.9347,20.009,19.7758,19.533,19.3565,18.9601,18.6861
France,Manure applied to Soils,Emissions (N2O),kilotonnes,9.6879,9.5962,9.4715,9.2638,9.1057,9.0105,8.9701,9.0425,9.2788,9.1121,9.0749,9.1015,8.9842,8.977,9.0646,9.0792,9.015,8.9405,8.8653,8.7424,8.67
France,Manure applied to Soils,Emissions (CO2eq) from N2O (AR5),kilotonnes,5893.6156,5908.7215,5755.1848,5576.1265,5466.4642,5402.8992,5359.4198,5422.7729,5422.4735,5356.8444,5388.1444,5283.2842,5256.4849,5269.2067,5282.6943,5302.3938,5240.5819,5176.256,5129.4779,5024.4205,4951.8113
France,Manure applied to Soils,Emissions (CO2eq) from N2O (AR5),kilotonnes,2567.2863,2542.986,2509.9406,2454.9028,2413.0202,2387.7884,2377.0866,2396.2655,2458.8952,2414.71,2404.8379,2411.9107,2380.8238,2378.8927,2402.1085,2405.9814,2388.9843,2369.2254,2349.3163,2316.7466,2297.5372
France,Manure applied to Soils,Emissions (CO2eq) (AR5),kilotonnes,5893.6156,5908.7215,5755.1848,5576.1265,5466.4642,5402.8992,5359.4198,5422.7729,5422.4735,5356.8444,5388.1444,5283.2842,5256.4849,5269.2067,5282.6943,5302.3938,5240.5819,5176.256,5129.4779,5024.4205,4951.8113
France,Manure applied to Soils,Emissions (CO2eq) (AR5),kilotonnes,2567.2863,2542.986,2509.9406,2454.9028,2413.0202,2387.7884,2377.0866,2396.2655,2458.8952,2414.71,2404.8379,2411.9107,2380.8238,2378.8927,2402.1085,2405.9814,2388.9843,2369.2254,2349.3163,2316.7466,2297.5372
France,Synthetic Fertilizers,Direct emissions (N2O),kilotonnes,36.399,37.6671,34.6217,37.3277,36.52,34.65,34.6447,37.7457,32.9843,29.87,32.1043,30.5556,31.8203,34.0755,33.9346,35.1975,34.4414,36.8883,34.3359,31.8184,32.65
France,Synthetic Fertilizers,Direct emissions (N2O),kilotonnes,39.0151,38.5637,37.088,36.9864,36.896,36.493,35.4453,35.8495,35.5072,34.8832,34.4007,34.0041,34.3417,33.5967,34.5545,34.9547,35.2466,35.4476,35.0183,34.4171,32.0879
France,Synthetic Fertilizers,Indirect emissions (N2O),kilotonnes,11.8297,12.2418,11.2521,12.1315,11.869,11.2613,11.2595,12.2674,10.7199,9.7078,10.4339,9.9306,10.3416,11.0745,11.0288,11.4392,11.1935,11.9887,11.1592,10.341,10.6112
France,Synthetic Fertilizers,Emissions (N2O),kilotonnes,48.2287,49.909,45.8738,49.4592,48.389,45.9112,45.9043,50.0131,43.7042,39.5778,42.5382,40.4862,42.1619,45.15,44.9634,46.6367,45.6349,48.877,45.4951,42.1594,43.2612
France,Synthetic Fertilizers,Emissions (N2O),kilotonnes,39.0151,38.5637,37.088,36.9864,36.896,36.493,35.4453,35.8495,35.5072,34.8832,34.4007,34.0041,34.3417,33.5967,34.5545,34.9547,35.2466,35.4476,35.0183,34.4171,32.0879
France,Synthetic Fertilizers,Emissions (CO2eq) from N2O (AR5),kilotonnes,12780.5989,13225.8755,12156.5494,13106.6937,12823.085,12166.4812,12164.6328,13253.4639,11581.6073,10488.1138,11272.6173,10728.8501,11172.9074,11964.7604,11915.3,12358.7282,12093.2451,12952.4028,12056.2104,11172.2342,11464.2242
France,Synthetic Fertilizers,Emissions (CO2eq) from N2O (AR5),kilotonnes,10338.9966,10219.3771,9828.3136,9801.389,9777.4281,9670.6409,9393.0062,9500.1169,9409.416,9244.0575,9116.1968,9011.0954,9100.5577,8903.1198,9156.9367,9262.9945,9340.3509,9393.6207,9279.8489,9120.5374,8503.292
France,Synthetic Fertilizers,Emissions (CO2eq) (AR5),kilotonnes,12780.5989,13225.8755,12156.5494,13106.6937,12823.085,12166.4812,12164.6328,13253.4639,11581.6073,10488.1138,11272.6173,10728.8501,11172.9074,11964.7604,11915.3,12358.7282,12093.2451,12952.4028,12056.2104,11172.2342,11464.2242
France,Synthetic Fertilizers,Emissions (CO2eq) (AR5),kilotonnes,10338.9966,10219.3771,9828.3136,9801.389,9777.4281,9670.6409,9393.0062,9500.1169,9409.416,9244.0575,9116.1968,9011.0954,9100.5577,8903.1198,9156.9367,9262.9945,9340.3509,9393.6207,9279.8489,9120.5374,8503.292
France,Drained organic soils,Emissions (CO2eq) (AR5),kilotonnes,7077.0728,7048.3245,6997.977,6942.8324,6867.0009,6866.1447,6863.9304,6861.7831,6849.74,6845.2257,6845.0764,6845.8746,6844.9452,6845.4416,6839.6285,6839.6285,6834.966,6834.6827,6838.62,6810.9785,6812.6235
France,Drained organic soils,Emissions (CO2eq) (AR5),kilotonnes,242.4128,242.4128,242.4128,242.4128,242.4128,242.4128,242.4128,242.4128,242.4128,242.4128,242.4128,242.4128,242.4128,242.4128,242.4128,242.4128,242.4128,242.4128,242.4128,242.4128,242.4128
France,Drained organic soils (CO2),Emissions (CO2),kilotonnes,6015.2058,5990.9095,5948.1221,5901.4803,5837.383,5836.6607,5834.7586,5832.9186,5822.6662,5818.8488,5818.7251,5819.3506,5818.5592,5818.9742,5813.9646,5813.9646,5809.9513,5809.6965,5813.2019,5790.0849,5791.4717
France,Drained organic soils (CO2),Emissions (CO2),kilotonnes,224.0864,224.0864,224.0864,224.0864,224.0864,224.0864,224.0864,224.0864,224.0864,224.0864,224.0864,224.0864,224.0864,224.0864,224.0864,224.0864,224.0864,224.0864,224.0864,224.0864,224.0864
France,Drained organic soils (CO2),Emissions (CO2eq) (AR5),kilotonnes,6015.2058,5990.9095,5948.1221,5901.4803,5837.383,5836.6607,5834.7586,5832.9186,5822.6662,5818.8488,5818.7251,5819.3506,5818.5592,5818.9742,5813.9646,5813.9646,5809.9513,5809.6965,5813.2019,5790.0849,5791.4717
France,Drained organic soils (CO2),Emissions (CO2eq) (AR5),kilotonnes,224.0864,224.0864,224.0864,224.0864,224.0864,224.0864,224.0864,224.0864,224.0864,224.0864,224.0864,224.0864,224.0864,224.0864,224.0864,224.0864,224.0864,224.0864,224.0864,224.0864,224.0864
France,Drained organic soils (N2O),Emissions (N2O),kilotonnes,4.007,3.9902,3.9617,3.9296,3.8854,3.8848,3.8837,3.8825,3.8758,3.8731,3.873,3.8737,3.8732,3.8735,3.8704,3.8704,3.868,3.8679,3.8695,3.8524,3.8534
France,Drained organic soils (N2O),Emissions (N2O),kilotonnes,0.0692,0.0692,0.0692,0.0692,0.0692,0.0692,0.0692,0.0692,0.0692,0.0692,0.0692,0.0692,0.0692,0.0692,0.0692,0.0692,0.0692,0.0692,0.0692,0.0692,0.0692
France,Drained organic soils (N2O),Emissions (CO2eq) from N2O (AR5),kilotonnes,1061.867,1057.415,1049.8549,1041.3521,1029.6178,1029.484,1029.1718,1028.8645,1027.0738,1026.377,1026.3513,1026.524,1026.386,1026.4674,1025.6639,1025.6639,1025.0147,1024.9863,1025.418,1020.8937,1021.1519
France,Drained organic soils (N2O),Emissions (CO2eq) from N2O (AR5),kilotonnes,18.3264,18.3264,18.3264,18.3264,18.3264,18.3264,18.3264,18.3264,18.3264,18.3264,18.3264,18.3264,18.3264,18.3264,18.3264,18.3264,18.3264,18.3264,18.3264,18.3264,18.3264
France,Drained organic soils (N2O),Emissions (CO2eq) (AR5),kilotonnes,1061.867,1057.415,1049.8549,1041.3521,1029.6178,1029.484,1029.1718,1028.8645,1027.0738,1026.377,1026.3513,1026.524,1026.386,1026.4674,1025.6639,1025.6639,1025.0147,1024.9863,1025.418,1020.8937,1021.1519
France,Drained organic soils (N2O),Emissions (CO2eq) (AR5),kilotonnes,18.3264,18.3264,18.3264,18.3264,18.3264,18.3264,18.3264,18.3264,18.3264,18.3264,18.3264,18.3264,18.3264,18.3264,18.3264,18.3264,18.3264,18.3264,18.3264,18.3264,18.3264
France,On-farm energy use,Emissions (CH4),kilotonnes,0.877,0.8645,0.8199,0.8074,0.8237,0.8104,0.7834,0.7714,0.7808,0.774,0.7592,0.7512,0.7324,0.7581,0.7582,0.7413,0.7305,0.7222,0.7108,0.7013,0.7013
France,On-farm energy use,Emissions (N2O),kilotonnes,3.782,3.8353,3.8467,3.8707,3.9764,3.8546,3.7364,3.6797,3.7891,3.87,3.6894,3.7482,3.4953,3.6834,3.7325,3.7012,3.5672,3.5376,3.5204,3.478,3.478
France,On-farm energy use,Emissions (CO2),kilotonnes,12126.5928,12296.1808,11881.4877,11732.6163,12205.7291,11879.797,11465.7212,11216.6523,11474.9855,11578.8788,11175.4689,11270.0828,10783.6181,11264.0906,11254.9952,11066.2361,10687.0639,10560.3028,10584.3604,10450.2334,10450.2334
France,On-farm energy use,Emissions (CO2eq) from CH4 (AR5),kilotonnes,24.5551,24.2047,22.957,22.6065,23.0635,22.6914,21.9366,21.5987,21.8634,21.6714,21.2564,21.033,20.5069,21.2265,21.2293,20.7578,20.4532,20.2218,19.902,19.6365,19.6365
France,On-farm energy use,Emissions (CO2eq) from N2O (AR5),kilotonnes,1002.2176,1016.3671,1019.3639,1025.7421,1053.7469,1021.4815,990.1455,975.114,1004.1015,1025.5506,977.6791,993.2822,926.2473,976.1011,989.1044,980.8057,945.3023,937.4596,932.9113,921.6727,921.6727
France,On-farm energy use,Emissions (CO2eq) (AR5),kilotonnes,13153.3655,13336.7525,12923.8086,12780.9649,13282.5394,12923.9699,12477.8034,12213.365,12500.9504,12626.1007,12174.4044,12284.398,11730.3723,12261.4183,12265.3289,12067.7996,11652.8194,11517.9843,11537.1736,11391.5426,11391.5426
France,Forestland,Emissions (CO2),kilotonnes,-30397.84,-71753.11,-71753.11,-71753.11,-71753.11,-71753.11,-71753.11,-71753.11,-71753.11,-71753.11,-71753.11,-66361.46,-66361.46,-66361.46,-66361.46,-66361.46,-67236.84,-67236.84,-67236.84,-67236.84,-67236.84
France,Forestland,Emissions (CO2),kilotonnes,-35418.6978,-48147.6273,-57868.3277,-61595.5171,-63953.7961,-66534.485,-69779.6948,-71144.221,-73301.8775,-63564.5062,-60089.0533,-58452.95,-60931.0659,-63512.2336,-57016.6658,-53582.9126,-44255.0876,-34925.0819,-31974.053,-31051.6557,-32186.169
France,Forestland,Emissions (CO2eq) (AR5),kilotonnes,-30397.84,-71753.11,-71753.11,-71753.11,-71753.11,-71753.11,-71753.11,-71753.11,-71753.11,-71753.11,-71753.11,-66361.46,-66361.46,-66361.46,-66361.46,-66361.46,-67236.84,-67236.84,-67236.84,-67236.84,-67236.84
France,Forestland,Emissions (CO2eq) (AR5),kilotonnes,-35418.6978,-48147.6273,-57868.3277,-61595.5171,-63953.7961,-66534.485,-69779.6948,-71144.221,-73301.8775,-63564.5062,-60089.0533,-58452.95,-60931.0659,-63512.2336,-57016.6658,-53582.9126,-44255.0876,-34925.0819,-31974.053,-31051.6557,-32186.169
France,Net Forest conversion,Emissions (CO2),kilotonnes,0,0,0,0,0,0,0,0,0,0,0,0,0,0,0,0,0,0,0,0,0
France,Net Forest conversion,Emissions (CO2),kilotonnes,4854.5857,5851.7201,6503.5654,6346.7382,7911.6669,9344.9292,10610.2221,11667.7217,11733.6264,10326.5577,8174.7814,6915.2453,6924.7493,6935.142,6935.2902,6942.4521,6863.8756,6855.0106,6849.8797,6825.6724,6832.9312
France,Net Forest conversion,Emissions (CO2eq) (AR5),kilotonnes,0,0,0,0,0,0,0,0,0,0,0,0,0,0,0,0,0,0,0,0,0
France,Net Forest conversion,Emissions (CO2eq) (AR5),kilotonnes,4854.5857,5851.7201,6503.5654,6346.7382,7911.6669,9344.9292,10610.2221,11667.7217,11733.6264,10326.5577,8174.7814,6915.2453,6924.7493,6935.142,6935.2902,6942.4521,6863.8756,6855.0106,6849.8797,6825.6724,6832.9312
France,Savanna fires,Emissions (CH4),kilotonnes,0.1339,0.0673,0.0441,0.4195,0.065,0.2648,0.0206,0.0227,0.1261,0.1064,0.0846,0.0474,0.2138,0.0152,0.1321,0.0274,0.0958,0.2664,0.0051,0.2772,0.0384
France,Savanna fires,Emissions (CH4),kilotonnes,4.5833,4.8369,4.842,4.7578,5.2376,5.8003,6.1964,6.5289,6.0648,5.7054,5.2998,4.7836,4.8653,4.6822,4.7192,4.6609,4.7788,4.8694,4.8699,4.811,4.5394
France,Savanna fires,Emissions (N2O),kilotonnes,0.0122,0.0061,0.004,0.0383,0.0059,0.0242,0.0019,0.0021,0.0115,0.0097,0.0077,0.0043,0.0195,0.0014,0.0121,0.0025,0.0087,0.0243,0.0005,0.0253,0.0035
France,Savanna fires,Emissions (N2O),kilotonnes,0.2063,0.2026,0.1965,0.1968,0.2001,0.2094,0.21,0.208,0.2026,0.2036,0.2131,0.2078,0.2123,0.2022,0.2042,0.201,0.2084,0.2134,0.2135,0.2102,0.1952
France,Savanna fires,Emissions (CO2eq) from CH4 (AR5),kilotonnes,3.749,1.8837,1.2338,11.746,1.8213,7.4137,0.5769,0.6356,3.53,2.9785,2.3699,1.3272,5.9863,0.427,3.6992,0.767,2.6823,7.4579,0.1414,7.7623,1.0765
France,Savanna fires,Emissions (CO2eq) from CH4 (AR5),kilotonnes,128.3324,135.4323,135.576,133.2186,146.6542,162.4083,173.4986,182.8081,169.8141,159.7511,148.3958,133.9401,136.228,131.1029,132.1365,130.5047,133.8056,136.3431,136.3581,134.7086,127.1038
France,Savanna fires,Emissions (CO2eq) from N2O (AR5),kilotonnes,3.2396,1.6278,1.0662,10.1501,1.5738,6.4064,0.4985,0.5493,3.0504,2.5738,2.0479,1.1469,5.1729,0.369,3.1966,0.6628,2.3179,6.4446,0.1222,6.7077,0.9302
France,Savanna fires,Emissions (CO2eq) from N2O (AR5),kilotonnes,54.66,53.6791,52.0641,52.144,53.0169,55.4912,55.6466,55.1108,53.6855,53.9431,56.4788,55.0789,56.2639,53.5824,54.1252,53.2724,55.2263,56.5563,56.5655,55.7032,51.7229
France,Savanna fires,Emissions (CO2eq) (AR5),kilotonnes,6.9886,3.5115,2.3,21.896,3.3951,13.8201,1.0754,1.1849,6.5805,5.5524,4.4177,2.4741,11.1592,0.7959,6.8957,1.4297,5.0002,13.9025,0.2636,14.47,2.0067
France,Savanna fires,Emissions (CO2eq) (AR5),kilotonnes,182.9924,189.1114,187.6401,185.3626,199.6711,217.8994,229.1453,237.9189,223.4995,213.6942,204.8746,189.019,192.4919,184.6853,186.2617,183.7771,189.0319,192.8994,192.9236,190.4119,178.8268
France,Fires in organic soils,Emissions (CH4),kilotonnes,0,0,0,0,0,0,0,0,0,0,0,0,0,0,0,0,0,0,0,0,0
France,Fires in organic soils,Emissions (CO2),kilotonnes,0,0,0,0,0,0,0,0,0,0,0,0,0,0,0,0,0,0,0,0,0
France,Fires in organic soils,Emissions (CO2eq) from CH4 (AR5),kilotonnes,0,0,0,0,0,0,0,0,0,0,0,0,0,0,0,0,0,0,0,0,0
France,Fires in organic soils,Emissions (CO2eq) (AR5),kilotonnes,0,0,0,0,0,0,0,0,0,0,0,0,0,0,0,0,0,0,0,0,0
France,Forest fires,Emissions (CH4),kilotonnes,0.8641,0.2393,0.2044,1.0719,0.2941,0.7005,0.0125,0.0624,0.3016,0.511,0.2194,0.0723,1.0843,0.0249,0.344,0.0873,0.0848,1.2913,0.0349,1.0046,0.2044
France,Forest fires,Emissions (N2O),kilotonnes,0.0478,0.0218,0.0187,0.0979,0.0269,0.064,0.0011,0.0057,0.0275,0.0467,0.02,0.0066,0.099,0.0023,0.0314,0.008,0.0077,0.1179,0.0032,0.0917,0.0187
France,Forest fires,Emissions (CO2eq) from CH4 (AR5),kilotonnes,24.1946,6.6998,5.7232,30.0138,8.2359,19.613,0.3492,1.7458,8.4453,14.3073,6.1421,2.0247,30.3615,0.6985,9.6326,2.4432,2.3733,36.1566,0.9776,28.1282,5.7226
France,Forest fires,Emissions (CO2eq) from N2O (AR5),kilotonnes,12.6673,5.7895,4.9456,25.9358,7.1169,16.9482,0.3018,1.5086,7.2979,12.3633,5.3075,1.7496,26.2363,0.6036,8.3238,2.1112,2.0508,31.244,0.8448,24.3064,4.9451
France,Forest fires,Emissions (CO2eq) (AR5),kilotonnes,36.8619,12.4894,10.6688,55.9496,15.3528,36.5611,0.651,3.2544,15.7432,26.6706,11.4496,3.7743,56.5978,1.3021,17.9565,4.5544,4.4241,67.4006,1.8224,52.4346,10.6677
France,Fires in humid tropical forests,Emissions (CH4),kilotonnes,0,0,0,0,0,0,0,0,0,0,0,0,0,0,0,0,0,0,0,0,0
France,Fires in humid tropical forests,Emissions (N2O),kilotonnes,0,0,0,0,0,0,0,0,0,0,0,0,0,0,0,0,0,0,0,0,0
France,Fires in humid tropical forests,Emissions (CO2eq) from CH4 (AR5),kilotonnes,0,0,0,0,0,0,0,0,0,0,0,0,0,0,0,0,0,0,0,0,0
France,Fires in humid tropical forests,Emissions (CO2eq) from N2O (AR5),kilotonnes,0,0,0,0,0,0,0,0,0,0,0,0,0,0,0,0,0,0,0,0,0
France,Fires in humid tropical forests,Emissions (CO2eq) (AR5),kilotonnes,0,0,0,0,0,0,0,0,0,0,0,0,0,0,0,0,0,0,0,0,0
France,Waste - agri-food systems,Emissions (CH4),kilotonnes,418.0785,417.2876,430.5175,428.0864,425.3659,406.7462,374.4106,360.6105,346.6039,334.6142,320.3597,308.8282,292.6562,278.9421,255.9995,235.3878,224.2002,227.6727,232.3582,236.5169,240.6251
France,Waste - agri-food systems,Emissions (N2O),kilotonnes,3.7472,3.7787,3.7242,3.7543,3.7358,3.6833,3.5076,3.5288,3.6159,3.5997,3.6806,3.6762,3.6809,3.6848,3.6489,3.6721,3.8561,3.9484,4.0447,4.1355,4.2255
France,Waste - agri-food systems,Emissions (CO2),kilotonnes,958.7361,959.0368,961.9881,969.0502,973.8198,975.0491,976.9269,981.6189,984.9318,982.1347,981.4197,984.1605,981.9152,983.5164,984.0501,978.6379,979.1096,980.7644,983.2602,982.4883,981.2263
France,Waste - agri-food systems,Emissions (CO2eq) from CH4 (AR5),kilotonnes,11706.1979,11684.053,12054.4889,11986.4201,11910.2461,11388.8943,10483.4974,10097.0939,9704.9082,9369.1975,8970.0713,8647.1904,8194.3726,7810.3777,7167.9874,6590.8571,6277.607,6374.8347,6506.0299,6622.4719,6737.5035
France,Waste - agri-food systems,Emissions (CO2eq) from N2O (AR5),kilotonnes,993.0085,1001.3501,986.9247,994.8782,990,976.0826,929.5047,935.1255,958.2066,953.9237,975.3676,974.2047,975.4461,976.459,966.9517,973.1186,1021.8784,1046.3199,1071.8458,1095.9137,1119.77
France,Waste - agri-food systems,Emissions (CO2eq) (AR5),kilotonnes,13657.9425,13644.4399,14003.4017,13950.3485,13874.0658,13340.0259,12389.929,12013.8382,11648.0466,11305.2559,10926.8586,10605.5556,10151.7339,9770.3531,9118.9892,8542.6136,8278.595,8401.919,8561.1359,8700.8738,8838.4997
France,Fertilizers Manufacturing,Emissions (N2O),kilotonnes,0.4081,0.4368,0.4678,0.5019,0.5126,0.5362,0.5816,0.5858,0.6157,0.6698,0.6664,0.6908,0.7254,0.8056,0.7103,0.7441,0.7858,0.8216,0.8309,0.8367,0.7788
France,Fertilizers Manufacturing,Emissions (CO2),kilotonnes,2248.8142,2230.9402,2222.4494,2225.0235,2126.0428,2124.3758,2882.9786,1990.016,2010.025,1003.1696,1388.284,2242.6302,1993.6049,1998.237,2043.5219,1669.5787,1678.8679,1672.7397,1613.0901,1549.9461,1307.6093
France,Fertilizers Manufacturing,Emissions (CO2eq) from N2O (AR5),kilotonnes,108.1465,115.752,123.967,133.0035,135.839,142.093,154.124,155.237,163.1605,177.497,176.596,183.062,192.231,213.484,188.2295,197.1865,208.237,217.724,220.1885,221.7255,206.3912
France,Fertilizers Manufacturing,Emissions (CO2eq) (AR5),kilotonnes,2356.9607,2346.6922,2346.4164,2358.027,2261.8818,2266.4688,3037.1026,2145.253,2173.1855,1180.6666,1564.88,2425.6922,2185.8359,2211.721,2231.7514,1866.7652,1887.1049,1890.4637,1833.2786,1771.6716,1514.0005
France,On-farm electricity use,Emissions (CH4),kilotonnes,3.2711,3.4546,3.6022,4.0654,8.4044,8.9216,9.1172,8.426,8.0684,9.0932,9.2864,9.8456,10.214,10.5595,9.7891,10.574,10.5847,10.6015,10.2607,10.3551,10.3551
France,On-farm electricity use,Emissions (N2O),kilotonnes,0.0175,0.0184,0.0192,0.0217,0.0449,0.0476,0.0487,0.045,0.0431,0.0486,0.0496,0.0526,0.0545,0.0564,0.0523,0.0564,0.0565,0.0566,0.0548,0.0553,0.0553
France,On-farm electricity use,Emissions (CO2),kilotonnes,205.4474,175.3705,198.5937,235.6395,471.8504,586.6312,548.3423,529.9075,456.095,550.6364,574.5588,501.0088,589.4917,623.4848,577.9987,624.3349,624.9726,625.9645,605.8429,611.4118,611.4118
France,On-farm electricity use,Emissions (CO2eq) from CH4 (AR5),kilotonnes,91.5908,96.7288,100.8616,113.8312,235.3232,249.8048,255.2816,235.928,225.9152,254.6096,260.0192,275.6768,285.992,295.666,274.0948,296.072,296.3716,296.842,287.2996,289.9428,289.9428
France,On-farm electricity use,Emissions (CO2eq) from N2O (AR5),kilotonnes,4.6375,4.876,5.088,5.7505,11.8985,12.614,12.9055,11.925,11.4215,12.879,13.144,13.939,14.4425,14.946,13.8595,14.946,14.9725,14.999,14.522,14.6545,14.6545
France,On-farm electricity use,Emissions (CO2eq) (AR5),kilotonnes,301.6757,276.9753,304.5433,355.2212,719.0721,849.05,816.5294,777.7605,693.4317,818.125,847.722,790.6246,889.9262,934.0968,865.953,935.3529,936.3167,937.8055,907.6645,916.0091,916.0091
France,Food Processing,Emissions (CH4),kilotonnes,21.723,22.5741,23.1513,23.9472,23.6012,24.2389,24.6666,24.9528,24.9337,24.5349,24.564,25.7724,26.9579,26.7238,26.5763,26.6884,27.1167,26.3319,27.7697,27.7697,24.365
France,Food Processing,Emissions (N2O),kilotonnes,0.1825,0.182,0.1843,0.1879,0.1944,0.2063,0.2094,0.2182,0.1996,0.1902,0.1912,0.1909,0.1984,0.178,0.1713,0.1866,0.1852,0.187,0.2057,0.2057,0.1915
France,Food Processing,Emissions (CO2),kilotonnes,12558.0269,12276.4637,12550.7104,12421.7752,12542.1153,11294.7686,11297.6001,12184.8304,10982.7937,10597.8065,11408.7892,11158.1206,10995.0849,10024.1174,9383.3188,10524.7151,10552.9691,10526.2161,11220.3676,11220.3676,9466.043
France,Food Processing,Emissions (CO2eq) from CH4 (AR5),kilotonnes,608.244,632.0748,648.2364,670.5216,660.8336,678.6892,690.6648,698.6784,698.1436,686.9772,687.792,721.6272,754.8212,748.2664,744.1364,747.2752,759.2676,737.2932,777.5516,777.5516,682.2196
France,Food Processing,Emissions (CO2eq) from N2O (AR5),kilotonnes,48.3625,48.23,48.8395,49.7935,51.516,54.6695,55.491,57.823,52.894,50.403,50.668,50.5885,52.576,47.17,45.3945,49.449,49.078,49.555,54.5105,54.5105,50.7406
France,Food Processing,Emissions (CO2eq) (AR5),kilotonnes,13214.6334,12956.7685,13247.7863,13142.0903,13254.4649,12028.1273,12043.7559,12941.3318,11733.8313,11335.1867,12147.2492,11930.3363,11802.4821,10819.5538,10172.8497,11321.4393,11361.3147,11313.0643,12052.4297,12052.4297,10199.0032
France,Food Packaging,Emissions (CH4),kilotonnes,12.4512,13.3065,13.6282,13.236,13.5343,13.4252,13.1116,15.2295,14.0186,13.2623,13.8126,13.2997,13.1921,12.9685,13.915,14.8035,14.4864,14.4936,13.842,15.3416,13.4606
France,Food Packaging,Emissions (N2O),kilotonnes,0.0783,0.0829,0.0893,0.0842,0.0854,0.091,0.0828,0.0934,0.0874,0.0818,0.0848,0.0848,0.0833,0.0844,0.0898,0.0941,0.095,0.0972,0.0866,0.0936,0.0871
France,Food Packaging,Emissions (CO2),kilotonnes,4158.1318,4046.3077,4333.0865,4079.0158,3853.7687,4240.6582,3761.2619,3746.2677,3678.9206,3516.9523,3393.4502,3823.9546,3917.3569,4165.8853,4231.6524,4291.6137,4566.4053,4598.1196,4038.3333,3940.476,3324.3755
France,Food Packaging,Emissions (CO2eq) from CH4 (AR5),kilotonnes,348.6336,372.582,381.5896,370.608,378.9604,375.9056,367.1248,426.426,392.5208,371.3444,386.7528,372.3916,369.3788,363.118,389.62,414.498,405.6192,405.8208,387.576,429.5648,376.8979
France,Food Packaging,Emissions (CO2eq) from N2O (AR5),kilotonnes,20.7495,21.9685,23.6645,22.313,22.631,24.115,21.942,24.751,23.161,21.677,22.472,22.472,22.0745,22.366,23.797,24.9365,25.175,25.758,22.949,24.804,23.0886
France,Food Packaging,Emissions (CO2eq) (AR5),kilotonnes,4527.5149,4440.8582,4738.3406,4471.9368,4255.3601,4640.6788,4150.3287,4197.4447,4094.6024,3909.9737,3802.675,4218.8182,4308.8102,4551.3693,4645.0694,4731.0482,4997.1995,5029.6984,4448.8583,4394.8448,3724.362
France,Food Retail,Emissions (CH4),kilotonnes,28.4321,29.1222,29.102,31.127,32.242,33.3036,34.5288,36.5559,36.4896,37.5137,39.7215,37.1502,38.7946,38.9256,37.2178,38.1971,38.4828,38.3566,38.1003,41.9844,36.8369
France,Food Retail,Emissions (N2O),kilotonnes,0.2054,0.2143,0.2125,0.2301,0.2384,0.2154,0.2185,0.2328,0.2372,0.2489,0.257,0.2388,0.2491,0.2477,0.2338,0.2378,0.2434,0.2377,0.2349,0.261,0.2429
France,Food Retail,Emissions (CO2),kilotonnes,8218.8715,8251.4021,7739.0337,8865.9157,9036.2934,8591.5022,7834.4505,8028.5782,8019.8353,8932.026,9315.9564,7851.7041,8792.6602,9138.583,8126.4316,8440.6742,8519.4332,8581.9551,8416.305,7889.3322,6655.821
France,Food Retail,Emissions (CO2eq) from F-gases (AR5),kilotonnes,13108.5435,15467.0735,17616.7645,19905.6815,22032.5145,24965.6115,27278.4255,29591.759,30238.5365,30703.489,31082.724,31037.5275,30974.1485,30904.016,30904.016,30904.016,16723.744,17049.4705,17374.6775,17699.8845,16064.5691
France,Food Retail,Emissions (CO2eq) from CH4 (AR5),kilotonnes,796.0988,815.4216,814.856,871.556,902.776,932.5008,966.8064,1023.5652,1021.7088,1050.3836,1112.202,1040.2056,1086.2488,1089.9168,1042.0984,1069.5188,1077.5184,1073.9848,1066.8084,1175.5632,1031.4328
France,Food Retail,Emissions (CO2eq) from N2O (AR5),kilotonnes,54.431,56.7895,56.3125,60.9765,63.176,57.081,57.9025,61.692,62.858,65.9585,68.105,63.282,66.0115,65.6405,61.957,63.017,64.501,62.9905,62.2485,69.165,64.3816
France,Food Retail,Emissions (CO2eq) (AR5),kilotonnes,22177.9448,24590.6867,26226.9667,29704.1297,32034.7599,34546.6955,36137.5849,38705.5944,39342.9386,40751.8571,41578.9874,39992.7192,40919.069,41198.1563,40134.503,40477.226,26385.1966,26768.4009,26920.0394,26833.9449,23816.2045
France,Food Household Consumption,Emissions (CH4),kilotonnes,20.3366,21.1974,20.7096,22.0584,22.363,21.5751,22.2407,21.8843,23.5667,22.9903,24.8552,22.0135,23.8099,24.9833,22.324,23.282,24.1278,23.8281,23.656,23.656,20.7556
France,Food Household Consumption,Emissions (N2O),kilotonnes,0.1349,0.1423,0.1372,0.1458,0.1481,0.1437,0.1451,0.1395,0.1513,0.1482,0.1566,0.1374,0.1485,0.1551,0.1366,0.1421,0.146,0.1442,0.1419,0.1419,0.1321
France,Food Household Consumption,Emissions (CO2),kilotonnes,8777.825,9099.3949,8794.1954,9082.9012,9560.429,9582.7389,9218.4106,8310.6274,8905.3649,8972.7191,8863.538,7153.023,7932.9812,8181.8415,6530.315,6836.8739,7035.8534,6901.3659,6512.9224,6512.9224,5494.6153
France,Food Household Consumption,Emissions (CO2eq) from CH4 (AR5),kilotonnes,569.4248,593.5272,579.8688,617.6352,626.164,604.1028,622.7396,612.7604,659.8676,643.7284,695.9456,616.378,666.6772,699.5324,625.072,651.896,675.5784,667.1868,662.368,662.368,581.1581
France,Food Household Consumption,Emissions (CO2eq) from N2O (AR5),kilotonnes,35.7485,37.7095,36.358,38.637,39.2465,38.0805,38.4515,36.9675,40.0945,39.273,41.499,36.411,39.3525,41.1015,36.199,37.6565,38.69,38.213,37.6035,37.6035,35.0029
France,Food Household Consumption,Emissions (CO2eq) (AR5),kilotonnes,9382.9983,9730.6316,9410.4222,9739.1734,10225.8395,10224.9222,9879.6017,8960.3553,9605.327,9655.7205,9600.9826,7805.812,8639.0109,8922.4754,7191.586,7526.4264,7750.1218,7606.7657,7212.8939,7212.8939,6110.7763
France,Food Transport,Emissions (CH4),kilotonnes,3.1044,2.911,2.6806,2.4037,2.1445,1.8793,1.71,1.539,1.323,1.193,1.0524,1.0041,0.9249,0.8688,0.8253,0.7875,0.7726,0.7666,0.7164,0,0
France,Food Transport,Emissions (N2O),kilotonnes,0.7512,0.7147,0.7218,0.7093,0.7098,0.6915,0.6984,0.698,0.6802,0.6802,0.6854,0.7085,0.7133,0.7157,0.7172,0.7369,0.7289,0.7332,0.7099,0.7105,0.6614
France,Food Transport,Emissions (CO2),kilotonnes,20146.9,20316.71,20324.23,20165.82,20191.59,19839.29,19838.07,19831.43,18904.45,18581.21,18724.8,19201.49,19037.57,18876.21,18843.45,19010.56,18989.14,18992.99,18518.54,19408.8614,16374.2511
France,Food Transport,Emissions (CO2eq) from CH4 (AR5),kilotonnes,86.9232,81.508,75.0568,67.3036,60.046,52.6204,47.88,43.092,37.044,33.404,29.4672,28.1148,25.8972,24.3264,23.1084,22.05,21.6328,21.4648,20.0592,0,0
France,Food Transport,Emissions (CO2eq) from N2O (AR5),kilotonnes,199.068,189.3955,191.277,187.9645,188.097,183.2475,185.076,184.97,180.253,180.253,181.631,187.7525,189.0245,189.6605,190.058,195.2785,193.1585,194.298,188.1235,188.2825,175.2611
France,Food Transport,Emissions (CO2eq) (AR5),kilotonnes,20432.8912,20587.6135,20590.5638,20421.0881,20439.733,20075.1579,20071.026,20059.492,19121.747,18794.867,18935.8982,19417.3573,19252.4917,19090.1969,19056.6164,19227.8885,19203.9313,19208.7528,18726.7227,19597.1439,16549.5122
France,Energy,Emissions (CH4),kilotonnes,328,325,311,319,314,305,293,287,289,286,293,266,277,288,271,276,281,278,273,261,229
France,Energy,Emissions (N2O),kilotonnes,11.4,11.2,11.2,11.3,11.5,11.5,11.1,11.2,11.3,11.2,11.5,11.2,11.3,11.8,11.3,11.5,11.2,11.2,10.8,10.7,9.96
France,Energy,Emissions (CO2),kilotonnes,362000,380000,378000,383000,385000,388000,377000,372000,370000,357000,359000,340000,340000,340000,312000,319000,321000,326000,315000,307000,259000
France,Energy,Emissions (CO2eq) from CH4 (AR5),kilotonnes,9184,9100,8708,8932,8792,8540,8204,8036,8092,8008,8204,7448,7756,8064,7588,7728,7868,7784,7644,7308,6412
France,Energy,Emissions (CO2eq) from N2O (AR5),kilotonnes,3021,2968,2968,2994.5,3047.5,3047.5,2941.5,2968,2994.5,2968,3047.5,2968,2994.5,3127,2994.5,3047.5,2968,2968,2862,2835.5,2639.4
France,Energy,Emissions (CO2eq) (AR5),kilotonnes,374205,392068,389676,394926.5,396839.5,399587.5,388145.5,383004,381086.5,367976,370251.5,350416,350750.5,351191,322582.5,329775.5,331836,336752,325506,317143.5,268051.4
France,IPPU,Emissions (CH4),kilotonnes,2.93,2.78,2.87,2.8,2.51,2.54,2.61,2.68,2.35,1.86,2.28,2.19,2.1,2.02,2.21,2.02,2.07,2.21,1.97,1.86,1.6
France,IPPU,Emissions (N2O),kilotonnes,21.9,19.4,18.1,18.1,15.8,14.8,11.6,10.3,9.64,8.93,8.81,8.03,8.09,7.72,7.39,7.62,7.58,7.53,7.57,6.29,4.98
France,IPPU,Emissions (CO2),kilotonnes,28300,28500,27200,27100,26700,26700,25900,26600,24600,21700,23700,23500,22700,22200,22200,21200,21600,22000,22300,21800,20500
France,IPPU,Emissions (CO2eq) from F-gases (AR5),kilotonnes,13798.9151,14284.7924,15062.196,15548.0733,16131.1261,15936.7752,17394.407,18949.2144,20601.1972,21961.6536,23710.8118,24293.8646,24682.5664,24391.04,24099.5137,23905.1627,23613.6364,22836.2327,20406.8462,17880.2843,16228.3015
France,IPPU,Emissions (CO2eq) from CH4 (AR5),kilotonnes,82.04,77.84,80.36,78.4,70.28,71.12,73.08,75.04,65.8,52.08,63.84,61.32,58.8,56.56,61.88,56.56,57.96,61.88,55.16,52.08,44.8
France,IPPU,Emissions (CO2eq) from N2O (AR5),kilotonnes,5803.5,5141,4796.5,4796.5,4187,3922,3074,2729.5,2554.6,2366.45,2334.65,2127.95,2143.85,2045.8,1958.35,2019.3,2008.7,1995.45,2006.05,1666.85,1319.7
France,IPPU,Emissions (CO2eq) (AR5),kilotonnes,47984.4551,48003.6324,47139.056,47522.9733,47088.4061,46629.8952,46441.487,48353.7544,47821.5972,46080.1836,49809.3018,49983.1346,49585.2164,48693.4,48319.7437,47181.0227,47280.2964,46893.5627,44768.0562,41399.2143,38092.8015
France,Waste,Emissions (CH4),kilotonnes,953,955,965,966,965,957,940,931,928,891,896,877,848,830,809,762,772,777,767,779,762
France,Waste,Emissions (N2O),kilotonnes,5.53,5.55,5.59,5.64,5.64,5.6,5.56,5.55,5.61,5.65,5.78,5.84,5.94,5.96,6.05,6.09,6.13,6.22,6.28,6.57,6.56
France,Waste,Emissions (CO2),kilotonnes,1700,1760,1880,1870,1880,1910,1890,1910,1940,1720,1890,2000,2140,1890,1950,2010,1930,1980,2020,2440,2250
France,Waste,Emissions (CO2eq) from CH4 (AR5),kilotonnes,26684,26740,27020,27048,27020,26796,26320,26068,25984,24948,25088,24556,23744,23240,22652,21336,21616,21756,21476,21812,21336
France,Waste,Emissions (CO2eq) from N2O (AR5),kilotonnes,1465.45,1470.75,1481.35,1494.6,1494.6,1484,1473.4,1470.75,1486.65,1497.25,1531.7,1547.6,1574.1,1579.4,1603.25,1613.85,1624.45,1648.3,1664.2,1741.05,1738.4
France,Waste,Emissions (CO2eq) (AR5),kilotonnes,29849.45,29970.75,30381.35,30412.6,30394.6,30190,29683.4,29448.75,29410.65,28165.25,28509.7,28103.6,27458.1,26709.4,26205.25,24959.85,25170.45,25384.3,25160.2,25993.05,25324.4
France,Other,Emissions (N2O),kilotonnes,7.22,7.1,6.84,6.67,6.43,6.19,5.8,5.51,5.25,4.99,4.94,4.77,4.6,4.45,4.19,4.11,4.09,3.98,3.78,3.43,3.25
France,Other,Emissions (CO2eq) from N2O (AR5),kilotonnes,1913.3,1881.5,1812.6,1767.55,1703.95,1640.35,1537,1460.15,1391.25,1322.35,1309.1,1264.05,1219,1179.25,1110.35,1089.15,1083.85,1054.7,1001.7,908.95,861.25
France,Other,Emissions (CO2eq) (AR5),kilotonnes,1913.3,1881.5,1812.6,1767.55,1703.95,1640.35,1537,1460.15,1391.25,1322.35,1309.1,1264.05,1219,1179.25,1110.35,1089.15,1083.85,1054.7,1001.7,908.95,861.25
France,Farm-gate emissions,Emissions (CH4),kilotonnes,1925.737,1921.5742,1872.076,1814.774,1791.6903,1778.1598,1773.2067,1794.3144,1801.9052,1778.0747,1756.7924,1716.912,1706.2833,1712.1091,1718.3381,1721.1954,1713.4167,1685.2361,1664.943,1630.1803,1605.6461
France,Farm-gate emissions,Direct emissions (N2O),kilotonnes,77.4355,77.6716,75.4586,74.9483,76.1272,73.0205,72.5269,75.4547,72.5186,69.054,70.5406,67.9698,69.7716,72.0119,72.7112,74.4357,70.3368,74.7472,70.8646,69.2831,67.3899
France,Farm-gate emissions,Indirect emissions (N2O),kilotonnes,24.5459,24.73,23.8469,23.9101,24.034,23.1123,22.9695,23.9548,22.8051,21.6801,22.2567,21.4557,21.9605,22.6854,22.8318,23.3488,22.3154,23.5153,22.3713,21.7079,21.347
France,Farm-gate emissions,Emissions (N2O),kilotonnes,124.2921,124.7549,121.2782,120.3973,121.5139,117.2397,116.3731,120.3813,116.4567,111.7453,113.5915,110.0135,112.0201,115.2134,116.1576,118.3837,112.9989,118.4124,113.2188,110.6872,108.2249
France,Farm-gate emissions,Emissions (CO2),kilotonnes,18141.7986,18287.0902,17829.6099,17634.0966,18043.1121,17716.4577,17300.4799,17049.5709,17297.6517,17397.7276,16994.194,17089.4334,16602.1772,17083.0648,17068.9598,16880.2007,16497.0153,16369.9993,16397.5623,16240.3182,16241.705
France,Farm-gate emissions,Emissions (CO2eq) from CH4 (AR5),kilotonnes,53920.6352,53804.0769,52418.1288,50813.6722,50167.3291,49788.4731,49649.7865,50240.8043,50453.3443,49786.0916,49190.1861,48073.5361,47775.9316,47939.055,48113.4671,48193.4719,47975.6677,47186.6099,46618.4053,45645.0488,44958.0916
France,Farm-gate emissions,Emissions (CO2eq) from N2O (AR5),kilotonnes,32937.4164,33060.0493,32138.7098,31905.2797,32201.1802,31068.5293,30838.8822,31901.0556,30861.0381,29612.4956,30101.751,29153.5651,29685.3221,30531.5421,30781.7734,31371.6696,29944.7178,31379.2897,30002.9948,29332.1075,28679.6076
France,Farm-gate emissions,Emissions (CO2eq) (AR5),kilotonnes,104999.8502,105151.2164,102386.4484,100353.0485,100411.6214,98573.4601,97789.1485,99191.4309,98612.0341,96796.3148,96286.1311,94316.5345,94063.4309,95553.6619,95964.2003,96445.3421,94417.4007,94935.8989,93018.9624,91217.4746,89879.4042
France,Land Use change,Emissions (CH4),kilotonnes,0,0,0,0,0,0,0,0,0,0,0,0,0,0,0,0,0,0,0,0,0
France,Land Use change,Emissions (N2O),kilotonnes,0,0,0,0,0,0,0,0,0,0,0,0,0,0,0,0,0,0,0,0,0
France,Land Use change,Emissions (CO2),kilotonnes,0,0,0,0,0,0,0,0,0,0,0,0,0,0,0,0,0,0,0,0,0
France,Land Use change,Emissions (CO2eq) from CH4 (AR5),kilotonnes,0,0,0,0,0,0,0,0,0,0,0,0,0,0,0,0,0,0,0,0,0
France,Land Use change,Emissions (CO2eq) from N2O (AR5),kilotonnes,0,0,0,0,0,0,0,0,0,0,0,0,0,0,0,0,0,0,0,0,0
France,Land Use change,Emissions (CO2eq) (AR5),kilotonnes,0,0,0,0,0,0,0,0,0,0,0,0,0,0,0,0,0,0,0,0,0
France,Emissions on agricultural land,Emissions (CH4),kilotonnes,1925.737,1921.5742,1872.076,1814.774,1791.6903,1778.1598,1773.2067,1794.3144,1801.9052,1778.0747,1756.7924,1716.912,1706.2833,1712.1091,1718.3381,1721.1954,1713.4167,1685.2361,1664.943,1630.1803,1605.6461
France,Emissions on agricultural land,Emissions (N2O),kilotonnes,124.2921,124.7549,121.2782,120.3973,121.5139,117.2397,116.3731,120.3813,116.4567,111.7453,113.5915,110.0135,112.0201,115.2134,116.1576,118.3837,112.9989,118.4124,113.2188,110.6872,108.2249
France,Emissions on agricultural land,Emissions (CO2),kilotonnes,18141.7986,18287.0902,17829.6099,17634.0966,18043.1121,17716.4577,17300.4799,17049.5709,17297.6517,17397.7276,16994.194,17089.4334,16602.1772,17083.0648,17068.9598,16880.2007,16497.0153,16369.9993,16397.5623,16240.3182,16241.705
France,Emissions on agricultural land,Emissions (CO2eq) from CH4 (AR5),kilotonnes,53920.6352,53804.0769,52418.1288,50813.6722,50167.3291,49788.4731,49649.7865,50240.8043,50453.3443,49786.0916,49190.1861,48073.5361,47775.9316,47939.055,48113.4671,48193.4719,47975.6677,47186.6099,46618.4053,45645.0488,44958.0916
France,Emissions on agricultural land,Emissions (CO2eq) from N2O (AR5),kilotonnes,32937.4164,33060.0493,32138.7098,31905.2797,32201.1802,31068.5293,30838.8822,31901.0556,30861.0381,29612.4956,30101.751,29153.5651,29685.3221,30531.5421,30781.7734,31371.6696,29944.7178,31379.2897,30002.9948,29332.1075,28679.6076
France,Emissions on agricultural land,Emissions (CO2eq) (AR5),kilotonnes,104999.8502,105151.2164,102386.4484,100353.0485,100411.6214,98573.4601,97789.1485,99191.4309,98612.0341,96796.3148,96286.1311,94316.5345,94063.4309,95553.6619,95964.2003,96445.3421,94417.4007,94935.8989,93018.9624,91217.4746,89879.4042
France,Pre- and post- production,Emissions (CH4),kilotonnes,507.3969,509.8534,523.3914,524.9241,527.6553,510.0899,479.7855,469.198,455.0039,443.2016,433.6518,417.9137,406.5496,393.9716,366.647,349.7203,339.7712,342.051,346.7033,355.6237,346.3984
France,Pre- and post- production,Emissions (N2O),kilotonnes,5.5251,5.5701,5.5563,5.6352,5.6694,5.615,5.4921,5.5415,5.6304,5.6674,5.7716,5.78,5.8534,5.9277,5.7602,5.8701,6.0969,6.2259,6.3094,6.4402,6.3747
France,Pre- and post- production,Emissions (CO2),kilotonnes,57272.7529,57355.6259,57124.2872,58045.1411,58755.9094,57235.014,56358.0409,55603.2761,53942.4163,53136.6546,54650.7963,52916.0918,54240.665,53991.8754,50720.7385,52376.9884,52946.7511,52880.1153,51908.6615,52115.8058,44215.3533
France,Pre- and post- production,Emissions (CO2eq) from F-gases (AR5),kilotonnes,13108.5435,15467.0735,17616.7645,19905.6815,22032.5145,24965.6115,27278.4255,29591.759,30238.5365,30703.489,31082.724,31037.5275,30974.1485,30904.016,30904.016,30904.016,16723.744,17049.4705,17374.6775,17699.8845,16064.5691
France,Pre- and post- production,Emissions (CO2eq) from CH4 (AR5),kilotonnes,14207.1131,14275.8954,14654.9581,14697.8757,14774.3493,14282.5179,13433.9946,13137.5439,12740.1082,12409.6447,12142.2501,11701.5844,11383.3878,11031.2037,10266.1174,9792.1671,9513.595,9577.4271,9707.6927,9957.4623,9699.1547
France,Pre- and post- production,Emissions (CO2eq) from N2O (AR5),kilotonnes,1464.152,1476.0711,1472.4312,1493.3167,1502.404,1487.9831,1455.3972,1468.491,1492.0491,1501.8642,1529.4826,1531.7117,1551.1586,1570.8275,1526.4462,1555.5886,1615.6904,1649.8574,1671.9913,1706.6592,1689.2905
France,Pre- and post- production,Emissions (CO2eq) (AR5),kilotonnes,86052.5615,88574.6659,90868.441,94142.015,97065.1771,97971.1264,98525.8582,99801.0699,98413.1101,97751.6525,99405.253,97186.9154,98149.3599,97497.9226,93417.3181,94628.7601,80799.7805,81156.8703,80663.023,81479.8117,71668.3676
France,Agri-food systems,Emissions (CH4),kilotonnes,2433.1339,2431.4276,2395.4674,2339.6981,2319.3457,2288.2497,2252.9922,2263.5124,2256.909,2221.2763,2190.4441,2134.8257,2112.8328,2106.0807,2084.9852,2070.9157,2053.188,2027.287,2011.6464,1985.804,1952.0445
France,Agri-food systems,Emissions (N2O),kilotonnes,129.8172,130.325,126.8345,126.0324,127.1833,122.8548,121.8652,125.9228,122.0871,117.4127,119.3631,115.7935,117.8735,121.141,121.9178,124.2538,119.0959,124.6383,119.5282,117.1274,114.5996
France,Agri-food systems,Emissions (CO2),kilotonnes,75414.5515,75642.7161,74953.8971,75679.2376,76799.0214,74951.4716,73658.5208,72652.8469,71240.068,70534.3821,71644.9903,70005.5252,70842.8423,71074.9402,67789.6984,69257.189,69443.7664,69250.1146,68306.2238,68356.124,60457.0583
France,Agri-food systems,Emissions (CO2eq) from F-gases (AR5),kilotonnes,13108.5435,15467.0735,17616.7645,19905.6815,22032.5145,24965.6115,27278.4255,29591.759,30238.5365,30703.489,31082.724,31037.5275,30974.1485,30904.016,30904.016,30904.016,16723.744,17049.4705,17374.6775,17699.8845,16064.5691
France,Agri-food systems,Emissions (CO2eq) from CH4 (AR5),kilotonnes,68127.7483,68079.9723,67073.0869,65511.548,64941.6784,64070.991,63083.7811,63378.3482,63193.4524,62195.7363,61332.4362,59775.1205,59159.3194,58970.2587,58379.5845,57985.639,57489.2627,56764.0371,56326.098,55602.5111,54657.2463
France,Agri-food systems,Emissions (CO2eq) from N2O (AR5),kilotonnes,34401.5684,34536.1203,33611.1409,33398.5964,33703.5842,32556.5124,32294.2794,33369.5466,32353.0872,31114.3599,31631.2336,30685.2767,31236.4806,32102.3696,32308.2196,32927.2582,31560.4082,33029.1471,31674.9861,31038.7667,30368.8981
France,Agri-food systems,Emissions (CO2eq) (AR5),kilotonnes,191052.4117,193725.8823,193254.8895,194495.0635,197476.7985,196544.5865,196315.0067,198992.5008,197025.1441,194547.9673,195691.384,191503.4499,192212.7908,193051.5846,189381.5184,191074.1022,175217.1812,176092.7692,173681.9853,172697.2863,161547.7718
France,IPCC Agriculture,Emissions (CH4),kilotonnes,1924.86,1920.7097,1871.2561,1813.9666,1790.8666,1777.3493,1772.4232,1793.5431,1801.1243,1777.3007,1756.0332,1716.1608,1705.5509,1711.351,1717.5799,1720.4541,1712.6862,1684.5139,1664.2323,1629.479,1604.9448
France,IPCC Agriculture,Emissions (CH4),kilotonnes,1697.4486,1696.5399,1663.4686,1621.7262,1591.377,1583.7754,1588.8987,1595.5762,1612.7358,1599.4815,1580.8619,1573.0618,1544.8457,1542.9889,1574.0523,1578.2271,1561.8606,1547.645,1530.446,1504.8581,1486.6305
France,IPCC Agriculture,Direct emissions (N2O),kilotonnes,77.4355,77.6716,75.4586,74.9483,76.1272,73.0205,72.5269,75.4547,72.5186,69.054,70.5406,67.9698,69.7716,72.0119,72.7112,74.4357,70.3368,74.7472,70.8646,69.2831,67.3899
France,IPCC Agriculture,Indirect emissions (N2O),kilotonnes,24.5459,24.73,23.8469,23.9101,24.034,23.1123,22.9695,23.9548,22.8051,21.6801,22.2567,21.4557,21.9605,22.6854,22.8318,23.3488,22.3154,23.5153,22.3713,21.7079,21.347
France,IPCC Agriculture,Emissions (N2O),kilotonnes,120.5102,120.9196,117.4315,116.5266,117.5375,113.3851,112.6367,116.7017,112.6677,107.8753,109.9022,106.2652,108.5248,111.53,112.4252,114.6825,109.4318,114.8748,109.6984,107.2092,104.7469
France,IPCC Agriculture,Emissions (N2O),kilotonnes,124.9299,123.4812,121.6816,115.9926,119.6554,116.7461,115.2335,117.5144,118.3939,116.2921,114.0744,112.0657,113.8468,112.7413,116.468,115.3037,112.5394,115.079,111.9346,111.1302,106.1118
France,IPCC Agriculture,Emissions (CO2),kilotonnes,1988.5313,1959.204,1955.7955,1998.27,1986.8053,1965.0383,1887.7903,1919.3137,1960.8588,2050.3565,1985.6949,2052.8649,2156.511,2061.4197,2126.6575,2175.8628,2163.6186,2108.4581,2184.3402,2032.2467,1858.828
France,IPCC Agriculture,Emissions (CO2eq) from CH4 (AR5),kilotonnes,53896.0802,53779.8722,52395.1718,50791.0658,50144.2656,49765.7817,49627.8499,50219.2057,50431.4809,49764.4203,49168.9296,48052.5031,47755.4247,47917.8285,48092.2378,48172.7141,47955.2145,47166.3881,46598.5033,45625.4123,44938.4551
France,IPCC Agriculture,Emissions (CO2eq) from CH4 (AR5),kilotonnes,47528.5607,47503.1171,46577.1196,45408.3342,44558.5565,44345.7118,44489.1638,44676.1347,45156.6032,44785.4824,44264.1318,44045.7295,43255.6794,43203.69,44073.4652,44190.3581,43732.0956,43334.0607,42852.4888,42136.0267,41625.6549
France,IPCC Agriculture,Emissions (CO2eq) from N2O (AR5),kilotonnes,31935.1987,32043.6822,31119.3459,30879.5376,31147.4334,30047.0478,29848.7366,30925.9416,29856.9365,28586.945,29124.072,28160.2829,28759.0747,29555.441,29792.669,30390.8639,28999.4155,30441.83,29070.0835,28410.4348,27757.9349
France,IPCC Agriculture,Emissions (CO2eq) from N2O (AR5),kilotonnes,33106.435,32722.5155,32245.6162,30738.0362,31708.6866,30937.725,30536.8882,31141.3078,31374.3864,30817.4156,30229.7185,29697.4089,30169.3987,29876.4577,30864.0194,30555.4886,29822.952,30495.9383,29662.6648,29449.5124,28119.6257
France,IPCC Agriculture,Emissions (CO2eq) (AR5),kilotonnes,85831.2789,85823.5544,83514.5177,81670.6034,81291.699,79812.8295,79476.5865,81145.1473,80288.4174,78351.3653,78293.0016,76212.786,76514.4994,77473.2695,77884.9068,78563.578,76954.63,77608.2181,75668.5868,74035.8471,72696.3899
France,IPCC Agriculture,Emissions (CO2eq) (AR5),kilotonnes,82623.5269,82184.8365,80778.5313,78144.6404,78254.0485,77248.4751,76913.8422,77736.7563,78491.8485,77653.2544,76479.5452,75796.0032,75581.5891,75141.5674,77064.1421,76921.7094,75718.6662,75938.457,74699.4938,73617.7859,71604.1087
France,Agricultural Soils,Direct emissions (N2O),kilotonnes,77.4355,77.6716,75.4586,74.9483,76.1272,73.0205,72.5269,75.4547,72.5186,69.054,70.5406,67.9698,69.7716,72.0119,72.7112,74.4357,70.3368,74.7472,70.8646,69.2831,67.3899
France,Agricultural Soils,Direct emissions (N2O),kilotonnes,95.2062,94.1139,92.782,88.1719,91.3473,88.9358,87.7358,89.5585,90.1646,88.5541,86.6956,85.0161,86.5666,85.7341,88.7625,87.7403,85.4812,87.7213,85.1548,84.6789,80.7467
France,Agricultural Soils,Indirect emissions (N2O),kilotonnes,24.5459,24.73,23.8469,23.9101,24.034,23.1123,22.9695,23.9548,22.8051,21.6801,22.2567,21.4557,21.9605,22.6854,22.8318,23.3488,22.3154,23.5153,22.3713,21.7079,21.347
France,Agricultural Soils,Indirect emissions (N2O),kilotonnes,20.3438,20.0711,19.7741,18.9399,19.5461,19.0918,18.7881,19.1713,19.3201,18.9605,18.6502,18.3655,18.6885,18.452,19.091,18.9435,18.5356,18.9884,18.5058,18.3464,17.4022
France,Agricultural Soils,Emissions (N2O),kilotonnes,105.9885,106.3919,103.2673,102.788,104.0466,100.0176,99.3801,103.292,99.1995,94.6072,96.6703,93.2992,95.6053,98.5708,99.4134,101.655,96.5201,102.1304,97.1054,94.8434,92.5903
France,Agricultural Soils,Emissions (N2O),kilotonnes,115.55,114.185,112.556,107.1118,110.8934,108.0276,106.5239,108.7297,109.4847,107.5146,105.3458,103.3815,105.255,104.1862,107.8535,106.6838,104.0168,106.7097,103.6606,103.0253,98.1489
France,Agricultural Soils,Emissions (CO2eq) from N2O (AR5),kilotonnes,28086.954,28193.8612,27365.834,27238.825,27572.3452,26504.6665,26335.7139,27372.3755,26287.8671,25070.9174,25617.6259,24724.2803,25335.4057,26121.2555,26344.5451,26938.5666,25577.8312,27064.5612,25732.9268,25133.5082,24536.4327
France,Agricultural Soils,Emissions (CO2eq) from N2O (AR5),kilotonnes,30620.7449,30259.0206,29827.3475,28384.6241,29386.7464,28627.3121,28228.8349,28813.3791,29013.4397,28491.3805,27916.6258,27396.1017,27892.5853,27609.3324,28581.1719,28271.2099,27564.4539,28278.0727,27470.0585,27301.6946,26009.4585
France,Agricultural Soils,Emissions (CO2eq) (AR5),kilotonnes,28086.954,28193.8612,27365.834,27238.825,27572.3452,26504.6665,26335.7139,27372.3755,26287.8671,25070.9174,25617.6259,24724.2803,25335.4057,26121.2555,26344.5451,26938.5666,25577.8312,27064.5612,25732.9268,25133.5082,24536.4327
France,Agricultural Soils,Emissions (CO2eq) (AR5),kilotonnes,30620.7449,30259.0206,29827.3475,28384.6241,29386.7464,28627.3121,28228.8349,28813.3791,29013.4397,28491.3805,27916.6258,27396.1017,27892.5853,27609.3324,28581.1719,28271.2099,27564.4539,28278.0727,27470.0585,27301.6946,26009.4585
France,LULUCF,Emissions (CH4),kilotonnes,0.8641,0.2393,0.2044,1.0719,0.2941,0.7005,0.0125,0.0624,0.3016,0.511,0.2194,0.0723,1.0843,0.0249,0.344,0.0873,0.0848,1.2913,0.0349,1.0046,0.2044
France,LULUCF,Emissions (CH4),kilotonnes,70.5779,61.6925,55.9629,56.4789,50.6202,50.4538,48.6033,48.3331,46.9137,47.6644,48.1138,47.3213,46.7388,44.6244,46.3515,46.3526,47.4633,48.4562,48.0405,48.9809,
France,LULUCF,Emissions (N2O),kilotonnes,0.0478,0.0218,0.0187,0.0979,0.0269,0.064,0.0011,0.0057,0.0275,0.0467,0.02,0.0066,0.099,0.0023,0.0314,0.008,0.0077,0.1179,0.0032,0.0917,0.0187
France,LULUCF,Emissions (N2O),kilotonnes,10.8334,10.6162,10.5248,10.7127,10.4316,10.4853,10.4633,10.5398,10.6121,10.7107,10.7831,10.7513,10.6819,10.52,10.5349,10.5016,10.5083,10.5306,10.481,10.5124,
France,LULUCF,Emissions (CO2),kilotonnes,-24382.6342,-65762.2005,-65804.9879,-65851.6297,-65915.727,-65916.4493,-65918.3514,-65920.1914,-65930.4438,-65934.2612,-65934.3849,-60542.1094,-60542.9008,-60542.4858,-60547.4954,-60547.4954,-61426.8887,-61427.1435,-61423.6381,-61446.7551,-61445.3683
France,LULUCF,Emissions (CO2),kilotonnes,-22150.0206,-33646.4355,-42238.972,-45140.5963,-48104.5793,-48752.7602,-50357.5216,-49756.8555,-49653.8575,-39194.6047,-39967.1653,-39689.1257,-41807.3905,-44972.0253,-38869.0332,-35105.7318,-37812.6422,-36214.0297,-34724.9849,-34763.006,
France,LULUCF,Emissions (CO2eq) from CH4 (AR5),kilotonnes,24.1946,6.6998,5.7232,30.0138,8.2359,19.613,0.3492,1.7458,8.4453,14.3073,6.1421,2.0247,30.3615,0.6985,9.6326,2.4432,2.3733,36.1566,0.9776,28.1282,5.7226
France,LULUCF,Emissions (CO2eq) from N2O (AR5),kilotonnes,12.6673,5.7895,4.9456,25.9358,7.1169,16.9482,0.3018,1.5086,7.2979,12.3633,5.3075,1.7496,26.2363,0.6036,8.3238,2.1112,2.0508,31.244,0.8448,24.3064,4.9451
France,LULUCF,Emissions (CO2eq) (AR5),kilotonnes,-24345.7723,-65749.7112,-65794.3191,-65795.6801,-65900.3742,-65879.8882,-65917.7003,-65916.9369,-65914.7006,-65907.5906,-65922.9353,-60538.3351,-60486.303,-60541.1837,-60529.5389,-60542.941,-61422.4646,-61359.7429,-61421.8157,-61394.3206,-61434.7007
France,LULUCF,Emissions (CO2eq) (AR5),kilotonnes,-22150.0206,-33646.4355,-42238.972,-45140.5963,-48104.5793,-48752.7602,-50357.5216,-49756.8555,-49653.8575,-39194.6047,-39967.1653,-39689.1257,-41807.3905,-44972.0253,-38869.0332,-35105.7318,-37812.6422,-36214.0297,-34724.9849,-34763.006,
France,AFOLU,Emissions (CH4),kilotonnes,1925.7241,1920.949,1871.4605,1815.0386,1791.1608,1778.0498,1772.4357,1793.6054,1801.4259,1777.8117,1756.2526,1716.2331,1706.6352,1711.376,1717.9239,1720.5413,1712.771,1685.8052,1664.2672,1630.4836,1605.1492
France,AFOLU,Emissions (N2O),kilotonnes,120.558,120.9414,117.4502,116.6244,117.5643,113.449,112.6379,116.7074,112.6952,107.9219,109.9222,106.2718,108.6238,111.5322,112.4566,114.6905,109.4395,114.9927,109.7016,107.3009,104.7656
France,AFOLU,Emissions (CO2),kilotonnes,-24382.6342,-65762.2005,-65804.9879,-65851.6297,-65915.727,-65916.4493,-65918.3514,-65920.1914,-65930.4438,-65934.2612,-65934.3849,-60542.1094,-60542.9008,-60542.4858,-60547.4954,-60547.4954,-61426.8887,-61427.1435,-61423.6381,-61446.7551,-61445.3683
France,AFOLU,Emissions (CO2eq) from CH4 (AR5),kilotonnes,53920.2748,53786.572,52400.895,50821.0795,50152.5015,49785.3946,49628.1991,50220.9515,50439.9262,49778.7275,49175.0717,48054.5278,47785.7862,47918.527,48101.8704,48175.1573,47957.5877,47202.5447,46599.4809,45653.5404,44944.1777
France,AFOLU,Emissions (CO2eq) from N2O (AR5),kilotonnes,31947.866,32049.4717,31124.2915,30905.4734,31154.5502,30063.996,29849.0384,30927.4502,29864.2344,28599.3084,29129.3795,28162.0325,28785.311,29556.0446,29800.9929,30392.9751,29001.4663,30473.074,29070.9283,28434.7412,27762.8799
France,AFOLU,Emissions (CO2eq) (AR5),kilotonnes,61485.5066,20073.8432,17720.1986,15874.9233,15391.3248,13932.9413,13558.8862,15228.2103,14373.7168,12443.7747,12370.0663,15674.4508,16028.1965,16932.0858,17355.3679,18020.637,15532.1654,16248.4752,14246.7711,12641.5265,11261.6892
France,All sectors with LULUCF,Emissions (CH4),kilotonnes,3209.6541,3203.729,3150.3305,3102.8386,3072.6708,3042.5898,3008.0457,3014.2854,3020.7759,2956.6717,2947.5326,2861.4231,2833.7352,2831.396,2800.1339,2760.5613,2767.841,2743.0152,2706.2372,2672.3436,2597.7492
France,All sectors with LULUCF,Emissions (N2O),kilotonnes,166.608,164.1914,159.1802,158.3344,156.9343,151.539,146.6979,149.2674,144.4952,138.6919,140.9522,136.1118,138.5538,141.4622,141.3866,144.0105,138.4395,143.9227,138.1316,134.2909,129.5156
France,All sectors with LULUCF,Emissions (CO2),kilotonnes,367617.3658,344497.7995,341275.0121,346118.3703,347664.273,350693.5507,338871.6486,334589.8086,330609.5562,314485.7388,318655.6151,304957.8906,304297.0992,303547.5142,275602.5046,281662.5046,283103.1113,288552.8565,277896.3619,269793.2449,220304.6317
France,All sectors with LULUCF,Emissions (CO2eq) from F-gases (AR5),kilotonnes,13798.9151,14284.7924,15062.196,15548.0733,16131.1261,15936.7752,17394.407,18949.2144,20601.1972,21961.6536,23710.8118,24293.8646,24682.5664,24391.04,24099.5137,23905.1627,23613.6364,22836.2327,20406.8462,17880.2843,16228.3015
France,All sectors with LULUCF,Emissions (CO2eq) from CH4 (AR5),kilotonnes,89870.3148,89704.412,88209.255,86879.4795,86034.7815,85192.5146,84225.2791,84399.9915,84581.7262,82786.8075,82530.9117,80119.8478,79344.5862,79279.087,78403.7504,77295.7173,77499.5477,76804.4247,75774.6409,74825.6204,72736.9777
France,All sectors with LULUCF,Emissions (CO2eq) from N2O (AR5),kilotonnes,44151.116,43510.7217,42182.7415,41958.6234,41587.6002,40157.846,38874.9384,39555.8502,38291.2344,36753.3584,37352.3295,36069.6325,36716.761,37487.4946,37467.4429,38162.7751,36686.4663,38139.524,36604.8783,35587.0912,34321.6299
France,All sectors with LULUCF,Emissions (CO2eq) (AR5),kilotonnes,515437.7117,491997.7256,486729.2047,490504.5466,491417.7808,491980.6865,479366.2732,477494.8647,474083.714,455987.5583,462249.6681,445441.2354,445041.0129,444705.1358,415573.2116,421026.1597,420902.7618,426333.0379,410682.7273,398086.2409,343591.5408
France,All sectors without LULUCF,Emissions (CH4),kilotonnes,3208.79,3203.4897,3150.1261,3101.7666,3072.3766,3041.8893,3008.0332,3014.2231,3020.4743,2956.1607,2947.3132,2861.3508,2832.6509,2831.371,2799.7899,2760.4741,2767.7562,2741.7239,2706.2023,2671.339,2597.5448
France,All sectors without LULUCF,Emissions (N2O),kilotonnes,166.5602,164.1696,159.1615,158.2366,156.9075,151.4751,146.6967,149.2617,144.4677,138.6453,140.9322,136.1052,138.4548,141.46,141.3552,144.0025,138.4318,143.8048,138.1284,134.1992,129.4969
France,All sectors without LULUCF,Emissions (CO2),kilotonnes,392000,410260,407080,411970,413580,416610,404790,400510,396540,380420,384590,365500,364840,364090,336150,342210,344530,349980,339320,331240,281750
France,All sectors without LULUCF,Emissions (CO2eq) from F-gases (AR5),kilotonnes,13798.9151,14284.7924,15062.196,15548.0733,16131.1261,15936.7752,17394.407,18949.2144,20601.1972,21961.6536,23710.8118,24293.8646,24682.5664,24391.04,24099.5137,23905.1627,23613.6364,22836.2327,20406.8462,17880.2843,16228.3015
France,All sectors without LULUCF,Emissions (CO2eq) from CH4 (AR5),kilotonnes,89846.1202,89697.7122,88203.5318,86849.4658,86026.5456,85172.9017,84224.9299,84398.2457,84573.2809,82772.5003,82524.7696,80117.8231,79314.2247,79278.3885,78394.1178,77293.2741,77497.1745,76768.2681,75773.6633,74797.4923,72731.2551
France,All sectors without LULUCF,Emissions (CO2eq) from N2O (AR5),kilotonnes,44138.4487,43504.9322,42177.7959,41932.6876,41580.4834,40140.8978,38874.6366,39554.3416,38283.9365,36740.995,37347.022,36067.8829,36690.5247,37486.891,37459.119,38160.6639,36684.4155,38108.28,36604.0335,35562.7848,34316.6849
France,All sectors without LULUCF,Emissions (CO2eq) (AR5),kilotonnes,539783.484,557747.4367,552523.5237,556300.2267,557318.155,557860.5746,545283.9736,543411.8016,539998.4146,521895.1489,528172.6034,505979.5705,505527.3158,505246.3195,476102.7505,481569.1007,482325.2264,487692.7808,472104.543,459480.5614,405026.2414
French Guyana,Crop Residues,Direct emissions (N2O),kilotonnes,0.005,0.0063,0.0052,0.0047,0.0058,0.0049,0.0045,0.0023,0.0018,0.002,0.0018,0.0019,0.002,0.002,0.001,0.001,0.001,0.001,0.0009,0.0008,
French Guyana,Crop Residues,Indirect emissions (N2O),kilotonnes,0.0011,0.0014,0.0012,0.0011,0.0013,0.0011,0.001,0.0005,0.0004,0.0004,0.0004,0.0004,0.0004,0.0005,0.0002,0.0002,0.0002,0.0002,0.0002,0.0002,
French Guyana,Crop Residues,Emissions (N2O),kilotonnes,0.0062,0.0078,0.0064,0.0057,0.0071,0.006,0.0055,0.0028,0.0022,0.0024,0.0022,0.0024,0.0024,0.0025,0.0012,0.0012,0.0012,0.0012,0.0011,0.001,
French Guyana,Crop Residues,Emissions (CO2eq) from N2O (AR5),kilotonnes,1.6346,2.0594,1.6924,1.5183,1.8789,1.5805,1.462,0.7471,0.5868,0.6332,0.5851,0.6316,0.6356,0.6623,0.3192,0.3098,0.3282,0.3312,0.2784,0.2678,
French Guyana,Crop Residues,Emissions (CO2eq) (AR5),kilotonnes,1.6346,2.0594,1.6924,1.5183,1.8789,1.5805,1.462,0.7471,0.5868,0.6332,0.5851,0.6316,0.6356,0.6623,0.3192,0.3098,0.3282,0.3312,0.2784,0.2678,
French Guyana,Rice Cultivation,Emissions (CH4),kilotonnes,2.3349,2.2067,2.1982,1.5984,2.3573,2.3754,2.3509,0.9898,0.7759,0.8775,0.7592,0.3857,0.3857,0.399,0.4389,0.4256,0.4522,0.5517,0.4445,0.3854,
French Guyana,Rice Cultivation,Emissions (CO2eq) from CH4 (AR5),kilotonnes,65.3785,61.7886,61.5503,44.755,66.0042,66.5106,65.8254,27.714,21.7258,24.571,21.2566,10.7996,10.7996,11.172,12.2892,11.9168,12.6616,15.4472,12.4456,10.7922,
French Guyana,Rice Cultivation,Emissions (CO2eq) (AR5),kilotonnes,65.3785,61.7886,61.5503,44.755,66.0042,66.5106,65.8254,27.714,21.7258,24.571,21.2566,10.7996,10.7996,11.172,12.2892,11.9168,12.6616,15.4472,12.4456,10.7922,
French Guyana,Burning - Crop residues,Emissions (CH4),kilotonnes,0.0134,0.0127,0.0125,0.0094,0.0136,0.0138,0.0137,0.0059,0.0047,0.0058,0.0055,0.0034,0.0033,0.0035,0.0029,0.0029,0.0031,0.0035,0.0029,0.0027,
French Guyana,Burning - Crop residues,Emissions (N2O),kilotonnes,0.0003,0.0003,0.0003,0.0002,0.0004,0.0004,0.0004,0.0002,0.0001,0.0002,0.0001,0.0001,0.0001,0.0001,0.0001,0.0001,0.0001,0.0001,0.0001,0.0001,
French Guyana,Burning - Crop residues,Emissions (CO2eq) from CH4 (AR5),kilotonnes,0.3756,0.356,0.3503,0.2622,0.3816,0.3858,0.3826,0.1642,0.1308,0.1631,0.1553,0.0948,0.0936,0.0975,0.0811,0.0805,0.0881,0.0977,0.08,0.0762,
French Guyana,Burning - Crop residues,Emissions (CO2eq) from N2O (AR5),kilotonnes,0.0921,0.0874,0.086,0.0643,0.0936,0.0947,0.0939,0.0403,0.0321,0.04,0.0381,0.0233,0.023,0.0239,0.0199,0.0197,0.0216,0.024,0.0196,0.0187,
French Guyana,Burning - Crop residues,Emissions (CO2eq) (AR5),kilotonnes,0.4677,0.4434,0.4363,0.3265,0.4753,0.4805,0.4765,0.2045,0.1629,0.2031,0.1934,0.1181,0.1165,0.1215,0.101,0.1002,0.1097,0.1217,0.0996,0.0949,
French Guyana,Enteric Fermentation,Emissions (CH4),kilotonnes,0.5526,0.5526,0.5526,0.5526,0.6707,0.7503,0.79,0.838,0.8912,0.8905,0.8901,0.916,1.0577,1.0623,1.0667,1.0801,1.1059,1.0836,1.0629,1.0462,
French Guyana,Enteric Fermentation,Emissions (CO2eq) from CH4 (AR5),kilotonnes,15.473,15.473,15.473,15.473,18.7806,21.0086,22.1201,23.4637,24.9523,24.9336,24.9219,25.6484,29.6159,29.7452,29.8666,30.2439,30.9642,30.3414,29.7623,29.2925,
French Guyana,Enteric Fermentation,Emissions (CO2eq) (AR5),kilotonnes,15.473,15.473,15.473,15.473,18.7806,21.0086,22.1201,23.4637,24.9523,24.9336,24.9219,25.6484,29.6159,29.7452,29.8666,30.2439,30.9642,30.3414,29.7623,29.2925,
French Guyana,Manure Management,Emissions (CH4),kilotonnes,0.032,0.032,0.032,0.032,0.0281,0.035,0.0366,0.0297,0.0299,0.0292,0.0285,0.0287,0.0304,0.0302,0.0308,0.0314,0.0321,0.0317,0.0318,0.0312,
French Guyana,Manure Management,Emissions (N2O),kilotonnes,0.0035,0.0035,0.0035,0.0035,0.0025,0.0034,0.0036,0.0022,0.0021,0.002,0.0019,0.0018,0.0018,0.0018,0.0018,0.0018,0.0017,0.0018,0.0018,0.0018,
French Guyana,Manure Management,Emissions (CO2eq) from CH4 (AR5),kilotonnes,0.8974,0.8974,0.8974,0.8974,0.7866,0.9792,1.0248,0.8303,0.8367,0.8175,0.7978,0.8041,0.8509,0.8467,0.8632,0.879,0.8983,0.8883,0.8908,0.8745,
French Guyana,Manure Management,Emissions (CO2eq) from N2O (AR5),kilotonnes,0.9148,0.915,0.915,0.9152,0.6576,0.9052,0.9484,0.5913,0.5619,0.5341,0.5045,0.4897,0.4776,0.4667,0.4813,0.4771,0.4627,0.4716,0.4884,0.4799,
French Guyana,Manure Management,Emissions (CO2eq) (AR5),kilotonnes,1.8122,1.8124,1.8124,1.8126,1.4441,1.8844,1.9732,1.4216,1.3986,1.3516,1.3023,1.2937,1.3285,1.3134,1.3445,1.3561,1.3609,1.3599,1.3792,1.3544,
French Guyana,Manure left on Pasture,Direct emissions (N2O),kilotonnes,0.0135,0.0135,0.0135,0.0135,0.0157,0.0176,0.0185,0.0197,0.0209,0.0209,0.0209,0.0213,0.0243,0.0244,0.0246,0.025,0.0255,0.025,0.0246,0.0242,
French Guyana,Manure left on Pasture,Indirect emissions (N2O),kilotonnes,0.0031,0.0031,0.0031,0.0031,0.0035,0.0039,0.0041,0.0044,0.0046,0.0046,0.0046,0.0048,0.0053,0.0053,0.0054,0.0055,0.0057,0.0056,0.0055,0.0054,
French Guyana,Manure left on Pasture,Emissions (N2O),kilotonnes,0.0166,0.0166,0.0166,0.0166,0.0193,0.0216,0.0226,0.0241,0.0255,0.0255,0.0255,0.026,0.0296,0.0297,0.0301,0.0305,0.0312,0.0306,0.0301,0.0296,
French Guyana,Manure left on Pasture,Emissions (CO2eq) from N2O (AR5),kilotonnes,4.3925,4.3933,4.3933,4.394,5.1045,5.7188,6.0014,6.3928,6.763,6.7558,6.7543,6.8969,7.8391,7.8716,7.967,8.0814,8.2758,8.1055,7.9735,7.8477,
French Guyana,Manure left on Pasture,Emissions (CO2eq) (AR5),kilotonnes,4.3925,4.3933,4.3933,4.394,5.1045,5.7188,6.0014,6.3928,6.763,6.7558,6.7543,6.8969,7.8391,7.8716,7.967,8.0814,8.2758,8.1055,7.9735,7.8477,
French Guyana,Manure applied to Soils,Direct emissions (N2O),kilotonnes,0.0035,0.0035,0.0035,0.0035,0.0026,0.0034,0.0035,0.0025,0.0024,0.0023,0.0023,0.0021,0.0021,0.0021,0.0022,0.0022,0.0022,0.0022,0.0022,0.0022,
French Guyana,Manure applied to Soils,Indirect emissions (N2O),kilotonnes,0.0015,0.0015,0.0015,0.0015,0.0011,0.0014,0.0015,0.0011,0.001,0.001,0.001,0.0009,0.0009,0.0009,0.0009,0.0009,0.0009,0.0009,0.0009,0.0009,
French Guyana,Manure applied to Soils,Emissions (N2O),kilotonnes,0.0049,0.005,0.005,0.005,0.0036,0.0048,0.005,0.0036,0.0035,0.0033,0.0032,0.003,0.0031,0.003,0.0032,0.0031,0.0031,0.0031,0.0032,0.0031,
French Guyana,Manure applied to Soils,Emissions (CO2eq) from N2O (AR5),kilotonnes,1.3117,1.3123,1.3123,1.3129,0.9663,1.2834,1.3354,0.9458,0.9171,0.884,0.8499,0.8029,0.8105,0.8,0.842,0.8266,0.8166,0.8228,0.8414,0.8299,
French Guyana,Manure applied to Soils,Emissions (CO2eq) (AR5),kilotonnes,1.3117,1.3123,1.3123,1.3129,0.9663,1.2834,1.3354,0.9458,0.9171,0.884,0.8499,0.8029,0.8105,0.8,0.842,0.8266,0.8166,0.8228,0.8414,0.8299,
French Guyana,Drained organic soils,Emissions (CO2eq) (AR5),kilotonnes,12.8039,12.8039,12.8039,15.1914,31.0944,31.0944,31.0944,31.1844,31.1844,31.1844,31.1844,31.1844,31.1844,30.5499,30.5499,30.5499,30.5499,30.5499,30.5499,37.2524,37.2524
French Guyana,Drained organic soils (CO2),Emissions (CO2),kilotonnes,12.2475,12.2475,12.2475,14.5394,29.7866,29.7866,29.7866,29.8677,29.8677,29.8677,29.8677,29.8677,29.8677,29.2686,29.2686,29.2686,29.2686,29.2686,29.2686,35.7104,35.7104
French Guyana,Drained organic soils (CO2),Emissions (CO2eq) (AR5),kilotonnes,12.2475,12.2475,12.2475,14.5394,29.7866,29.7866,29.7866,29.8677,29.8677,29.8677,29.8677,29.8677,29.8677,29.2686,29.2686,29.2686,29.2686,29.2686,29.2686,35.7104,35.7104
French Guyana,Drained organic soils (N2O),Emissions (N2O),kilotonnes,0.0021,0.0021,0.0021,0.0025,0.0049,0.0049,0.0049,0.005,0.005,0.005,0.005,0.005,0.005,0.0048,0.0048,0.0048,0.0048,0.0048,0.0048,0.0058,0.0058
French Guyana,Drained organic soils (N2O),Emissions (CO2eq) from N2O (AR5),kilotonnes,0.5563,0.5563,0.5563,0.6521,1.3078,1.3078,1.3078,1.3167,1.3167,1.3167,1.3167,1.3167,1.3167,1.2813,1.2813,1.2813,1.2813,1.2813,1.2813,1.542,1.542
French Guyana,Drained organic soils (N2O),Emissions (CO2eq) (AR5),kilotonnes,0.5563,0.5563,0.5563,0.6521,1.3078,1.3078,1.3078,1.3167,1.3167,1.3167,1.3167,1.3167,1.3167,1.2813,1.2813,1.2813,1.2813,1.2813,1.2813,1.542,1.542
French Guyana,On-farm energy use,Emissions (CH4),kilotonnes,0.0085,0.0084,0.008,0.0077,0.008,0.0083,0.0069,0.0088,0.007,0.0087,0.0075,0.0043,0.006,0.0036,0.0076,0.0023,0.0036,0.0031,0.0026,0.0021,0.0021
French Guyana,On-farm energy use,Emissions (N2O),kilotonnes,0.0235,0.0223,0.0198,0.0173,0.0198,0.0235,0.0161,0.0247,0.0161,0.0242,0.0191,0.0147,0.0274,0.0116,0.0409,0.0038,0.0105,0.0071,0.0038,0.0004,0.0004
French Guyana,On-farm energy use,Emissions (CO2),kilotonnes,65.3732,62.2097,55.8625,49.5461,55.7877,65.2173,45.8029,68.665,45.9004,67.4139,53.6044,40.026,72.7605,31.8395,107.4784,11.4497,29.1618,20.442,11.7223,3.0026,3.0026
French Guyana,On-farm energy use,Emissions (CO2eq) from CH4 (AR5),kilotonnes,0.239,0.2343,0.225,0.2168,0.2226,0.2332,0.1936,0.2467,0.1968,0.2443,0.21,0.1208,0.1687,0.0999,0.2122,0.0657,0.0995,0.0857,0.0719,0.058,0.058
French Guyana,On-farm energy use,Emissions (CO2eq) from N2O (AR5),kilotonnes,6.2261,5.9003,5.2486,4.5972,5.2481,6.2247,4.2671,6.5526,4.2678,6.4222,5.0503,3.8927,7.2486,3.0759,10.8307,0.9952,2.7862,1.8937,1.0012,0.1088,0.1088
French Guyana,On-farm energy use,Emissions (CO2eq) (AR5),kilotonnes,71.8383,68.3443,61.3362,54.3601,61.2584,71.6753,50.2636,75.4644,50.3651,74.0804,58.8647,44.0395,80.1777,35.0153,118.5213,12.5106,32.0475,22.4215,12.7954,3.1694,3.1694
French Guyana,Forestland,Emissions (CO2),kilotonnes,0,0,0,0,0,0,0,0,0,0,0,0,0,0,0,0,-15.6017,-15.6017,-15.6017,-15.6017,-15.6017
French Guyana,Forestland,Emissions (CO2eq) (AR5),kilotonnes,0,0,0,0,0,0,0,0,0,0,0,0,0,0,0,0,-15.6017,-15.6017,-15.6017,-15.6017,-15.6017
French Guyana,Net Forest conversion,Emissions (CO2),kilotonnes,3554.0597,3349.6778,3349.6778,3349.6778,3349.6778,3349.6778,3349.6778,3349.6778,3349.6778,3349.6778,3349.6778,2574.275,2574.275,2574.275,2574.275,2574.275,2691.2875,2691.2875,2691.2875,2691.2875,2691.2875
French Guyana,Net Forest conversion,Emissions (CO2eq) (AR5),kilotonnes,3554.0597,3349.6778,3349.6778,3349.6778,3349.6778,3349.6778,3349.6778,3349.6778,3349.6778,3349.6778,3349.6778,2574.275,2574.275,2574.275,2574.275,2574.275,2691.2875,2691.2875,2691.2875,2691.2875,2691.2875
French Guyana,Savanna fires,Emissions (CH4),kilotonnes,0.0002,0.0143,0.0111,0.0165,0.0291,0.0477,0.0104,0.0053,0.0561,0.0216,0.0231,0,0.0282,0,0.0141,0.0076,0.0345,0.0003,0.0203,0.003,0.0003
French Guyana,Savanna fires,Emissions (N2O),kilotonnes,0,0.0013,0.001,0.0015,0.0027,0.0044,0.0009,0.0005,0.0051,0.002,0.0021,0,0.0026,0,0.0013,0.0007,0.0032,0,0.0018,0.0003,0
French Guyana,Savanna fires,Emissions (CO2eq) from CH4 (AR5),kilotonnes,0.0052,0.3992,0.3122,0.4627,0.8146,1.3362,0.2904,0.1481,1.571,0.6034,0.6477,0,0.7887,0,0.395,0.212,0.9668,0.0083,0.5671,0.0842,0.0072
French Guyana,Savanna fires,Emissions (CO2eq) from N2O (AR5),kilotonnes,0.0045,0.3449,0.2698,0.3999,0.7039,1.1546,0.251,0.128,1.3575,0.5214,0.5597,0,0.6815,0,0.3414,0.1832,0.8354,0.0071,0.49,0.0728,0.0062
French Guyana,Savanna fires,Emissions (CO2eq) (AR5),kilotonnes,0.0097,0.7441,0.5819,0.8626,1.5184,2.4908,0.5414,0.2761,2.9286,1.1248,1.2074,0,1.4702,0,0.7364,0.3951,1.8022,0.0154,1.0571,0.157,0.0133
French Guyana,Fires in organic soils,Emissions (CH4),kilotonnes,0,0,0,0,0,0,0,0,0,0,0,0,0,0,0,0,0,0,0,0,0
French Guyana,Fires in organic soils,Emissions (CO2),kilotonnes,0,0,0,0,0,0,0,0,0,0,0,0,0,0,0,0,0,0,0,0,0
French Guyana,Fires in organic soils,Emissions (CO2eq) from CH4 (AR5),kilotonnes,0,0,0,0,0,0,0,0,0,0,0,0,0,0,0,0,0,0,0,0,0
French Guyana,Fires in organic soils,Emissions (CO2eq) (AR5),kilotonnes,0,0,0,0,0,0,0,0,0,0,0,0,0,0,0,0,0,0,0,0,0
French Guyana,Forest fires,Emissions (CH4),kilotonnes,0.0035,0,0.008,0.0372,0.0505,0.0798,0.0053,0.0053,0.0319,0.0106,0.0106,0.0053,0.0186,0.0053,0.0186,0.0399,0.0638,0.0053,0.0053,0.0106,0.0053
French Guyana,Forest fires,Emissions (N2O),kilotonnes,0.0001,0,0.0007,0.0034,0.0046,0.0073,0.0005,0.0005,0.0029,0.001,0.001,0.0005,0.0017,0.0005,0.0017,0.0036,0.0058,0.0005,0.0005,0.001,0.0005
French Guyana,Forest fires,Emissions (CO2eq) from CH4 (AR5),kilotonnes,0.0989,0,0.2234,1.0425,1.4148,2.2338,0.1489,0.1489,0.8935,0.2978,0.2978,0.1489,0.5212,0.1489,0.5212,1.1169,1.7871,0.1489,0.1489,0.2978,0.1489
French Guyana,Forest fires,Emissions (CO2eq) from N2O (AR5),kilotonnes,0.0276,0,0.193,0.9008,1.2226,1.9303,0.1287,0.1287,0.7721,0.2574,0.2574,0.1287,0.4504,0.1287,0.4504,0.9652,1.5443,0.1287,0.1287,0.2574,0.1287
French Guyana,Forest fires,Emissions (CO2eq) (AR5),kilotonnes,0.1265,0,0.4164,1.9433,2.6374,4.1642,0.2776,0.2776,1.6657,0.5552,0.5552,0.2776,0.9716,0.2776,0.9716,2.0821,3.3313,0.2776,0.2776,0.5552,0.2776
French Guyana,Fires in humid tropical forests,Emissions (CH4),kilotonnes,0.0035,0,0.008,0.0372,0.0505,0.0798,0.0053,0.0053,0.0319,0.0106,0.0106,0.0053,0.0186,0.0053,0.0186,0.0399,0.0638,0.0053,0.0053,0.0106,0.0053
French Guyana,Fires in humid tropical forests,Emissions (N2O),kilotonnes,0.0001,0,0.0007,0.0034,0.0046,0.0073,0.0005,0.0005,0.0029,0.001,0.001,0.0005,0.0017,0.0005,0.0017,0.0036,0.0058,0.0005,0.0005,0.001,0.0005
French Guyana,Fires in humid tropical forests,Emissions (CO2eq) from CH4 (AR5),kilotonnes,0.0989,0,0.2234,1.0425,1.4148,2.2338,0.1489,0.1489,0.8935,0.2978,0.2978,0.1489,0.5212,0.1489,0.5212,1.1169,1.7871,0.1489,0.1489,0.2978,0.1489
French Guyana,Fires in humid tropical forests,Emissions (CO2eq) from N2O (AR5),kilotonnes,0.0276,0,0.193,0.9008,1.2226,1.9303,0.1287,0.1287,0.7721,0.2574,0.2574,0.1287,0.4504,0.1287,0.4504,0.9652,1.5443,0.1287,0.1287,0.2574,0.1287
French Guyana,Fires in humid tropical forests,Emissions (CO2eq) (AR5),kilotonnes,0.1265,0,0.4164,1.9433,2.6374,4.1642,0.2776,0.2776,1.6657,0.5552,0.5552,0.2776,0.9716,0.2776,0.9716,2.0821,3.3313,0.2776,0.2776,0.5552,0.2776
French Guyana,Waste - agri-food systems,Emissions (CH4),kilotonnes,0,0,0,0,0,0,0,0,0,0,0,0,0,0,0,0,0,0,0,0,0
French Guyana,Waste - agri-food systems,Emissions (N2O),kilotonnes,0,0,0,0,0,0,0,0,0,0,0,0,0,0,0,0,0,0,0,0,0
French Guyana,Waste - agri-food systems,Emissions (CO2eq) from CH4 (AR5),kilotonnes,0,0,0,0,0,0,0,0,0,0,0,0,0,0,0,0,0,0,0,0,0
French Guyana,Waste - agri-food systems,Emissions (CO2eq) from N2O (AR5),kilotonnes,0,0,0,0,0,0,0,0,0,0,0,0,0,0,0,0,0,0,0,0,0
French Guyana,Waste - agri-food systems,Emissions (CO2eq) (AR5),kilotonnes,0,0,0,0,0,0,0,0,0,0,0,0,0,0,0,0,0,0,0,0,0
French Guyana,On-farm electricity use,Emissions (CH4),kilotonnes,0,0,0,0,0,0,0,0,0,0,0,0,0,0,0,0,0,0,0,0,0
French Guyana,On-farm electricity use,Emissions (N2O),kilotonnes,0,0,0,0,0,0,0,0,0,0,0,0,0,0,0,0,0,0,0,0,0
French Guyana,On-farm electricity use,Emissions (CO2),kilotonnes,0,0,0,0,0,0,0,0,0,0,0,0,0,0,0,0,0,0,0,0,0
French Guyana,On-farm electricity use,Emissions (CO2eq) from CH4 (AR5),kilotonnes,0,0,0,0,0,0,0,0,0,0,0,0,0,0,0,0,0,0,0,0,0
French Guyana,On-farm electricity use,Emissions (CO2eq) from N2O (AR5),kilotonnes,0,0,0,0,0,0,0,0,0,0,0,0,0,0,0,0,0,0,0,0,0
French Guyana,On-farm electricity use,Emissions (CO2eq) (AR5),kilotonnes,0,0,0,0,0,0,0,0,0,0,0,0,0,0,0,0,0,0,0,0,0
French Guyana,Farm-gate emissions,Emissions (CH4),kilotonnes,2.9417,2.8267,2.8146,2.2167,3.1068,3.2305,3.2085,1.8774,1.7648,1.8333,1.7139,1.3381,1.5113,1.4986,1.561,1.5499,1.6314,1.6739,1.5649,1.4706,0.0023
French Guyana,Farm-gate emissions,Direct emissions (N2O),kilotonnes,0.022,0.0233,0.0222,0.0217,0.0241,0.0259,0.0266,0.0245,0.0251,0.0252,0.0249,0.0253,0.0284,0.0285,0.0279,0.0281,0.0287,0.0282,0.0277,0.0273,
French Guyana,Farm-gate emissions,Indirect emissions (N2O),kilotonnes,0.0057,0.006,0.0057,0.0056,0.0059,0.0065,0.0066,0.006,0.0061,0.0061,0.006,0.0061,0.0067,0.0067,0.0066,0.0067,0.0068,0.0067,0.0066,0.0065,
French Guyana,Farm-gate emissions,Emissions (N2O),kilotonnes,0.0571,0.0588,0.0546,0.0523,0.0602,0.0689,0.0591,0.0631,0.0596,0.0646,0.0591,0.053,0.0718,0.0535,0.0833,0.0459,0.0559,0.0488,0.0467,0.0421,0.0063
French Guyana,Farm-gate emissions,Emissions (CO2),kilotonnes,77.6207,74.4572,68.11,64.0855,85.5743,95.0039,75.5895,98.5328,75.7681,97.2816,83.4721,69.8937,102.6282,61.1081,136.747,40.7183,58.4304,49.7107,40.9909,38.713,38.713
French Guyana,Farm-gate emissions,Emissions (CO2eq) from CH4 (AR5),kilotonnes,82.3687,79.1485,78.8082,62.0671,86.9901,90.4537,89.8369,52.5671,49.4134,51.3328,47.9893,37.4677,42.3173,41.9613,43.7074,43.3979,45.6784,46.8685,43.8176,41.1776,0.0652
French Guyana,Farm-gate emissions,Emissions (CO2eq) from N2O (AR5),kilotonnes,15.1327,15.5689,14.4738,13.8541,15.9606,18.2698,15.667,16.7145,15.803,17.1074,15.6586,14.0537,19.0325,14.1818,22.0827,12.1742,14.8078,12.9372,12.3739,11.1676,1.657
French Guyana,Farm-gate emissions,Emissions (CO2eq) (AR5),kilotonnes,175.1221,169.1746,161.392,140.0067,188.5251,203.7274,181.0934,167.8144,140.9845,165.7219,147.12,121.4151,163.978,117.2512,202.537,96.2905,118.9165,109.5164,97.1824,91.0581,40.4351
French Guyana,Land Use change,Emissions (CH4),kilotonnes,0.0035,0,0.008,0.0372,0.0505,0.0798,0.0053,0.0053,0.0319,0.0106,0.0106,0.0053,0.0186,0.0053,0.0186,0.0399,0.0638,0.0053,0.0053,0.0106,0.0053
French Guyana,Land Use change,Emissions (N2O),kilotonnes,0.0001,0,0.0007,0.0034,0.0046,0.0073,0.0005,0.0005,0.0029,0.001,0.001,0.0005,0.0017,0.0005,0.0017,0.0036,0.0058,0.0005,0.0005,0.001,0.0005
French Guyana,Land Use change,Emissions (CO2),kilotonnes,3554.0597,3349.6778,3349.6778,3349.6778,3349.6778,3349.6778,3349.6778,3349.6778,3349.6778,3349.6778,3349.6778,2574.275,2574.275,2574.275,2574.275,2574.275,2691.2875,2691.2875,2691.2875,2691.2875,2691.2875
French Guyana,Land Use change,Emissions (CO2eq) from CH4 (AR5),kilotonnes,0.0989,0,0.2234,1.0425,1.4148,2.2338,0.1489,0.1489,0.8935,0.2978,0.2978,0.1489,0.5212,0.1489,0.5212,1.1169,1.7871,0.1489,0.1489,0.2978,0.1489
French Guyana,Land Use change,Emissions (CO2eq) from N2O (AR5),kilotonnes,0.0276,0,0.193,0.9008,1.2226,1.9303,0.1287,0.1287,0.7721,0.2574,0.2574,0.1287,0.4504,0.1287,0.4504,0.9652,1.5443,0.1287,0.1287,0.2574,0.1287
French Guyana,Land Use change,Emissions (CO2eq) (AR5),kilotonnes,3554.1862,3349.6778,3350.0942,3351.6211,3352.3152,3353.842,3349.9554,3349.9554,3351.3435,3350.233,3350.2331,2574.5526,2575.2466,2574.5526,2575.2466,2576.3571,2694.6188,2691.5651,2691.5651,2691.8427,2691.5651
French Guyana,Emissions on agricultural land,Emissions (CH4),kilotonnes,2.9453,2.8267,2.8226,2.2539,3.1573,3.3103,3.2138,1.8827,1.7967,1.844,1.7245,1.3434,1.5299,1.5039,1.5796,1.5898,1.6952,1.6792,1.5702,1.4813,0.0076
French Guyana,Emissions on agricultural land,Emissions (N2O),kilotonnes,0.0572,0.0588,0.0553,0.0557,0.0648,0.0762,0.0596,0.0636,0.0625,0.0655,0.0601,0.0535,0.0735,0.054,0.085,0.0496,0.0617,0.0493,0.0472,0.0431,0.0067
French Guyana,Emissions on agricultural land,Emissions (CO2),kilotonnes,3631.6804,3424.135,3417.7879,3413.7633,3435.2522,3444.6817,3425.2673,3448.2106,3425.446,3446.9594,3433.15,2644.1687,2676.9032,2635.3831,2711.022,2614.9933,2749.7179,2740.9982,2732.2784,2730.0005,2730.0005
French Guyana,Emissions on agricultural land,Emissions (CO2eq) from CH4 (AR5),kilotonnes,82.4676,79.1485,79.0316,63.1096,88.4049,92.6875,89.9859,52.716,50.307,51.6307,48.2871,37.6166,42.8385,42.1102,44.2286,44.5148,47.4655,47.0174,43.9666,41.4754,0.2141
French Guyana,Emissions on agricultural land,Emissions (CO2eq) from N2O (AR5),kilotonnes,15.1603,15.5689,14.6668,14.7549,17.1832,20.2001,15.7957,16.8432,16.5751,17.3648,15.916,14.1824,19.4829,14.3105,22.5331,13.1394,16.352,13.0659,12.5026,11.4249,1.7856
French Guyana,Emissions on agricultural land,Emissions (CO2eq) (AR5),kilotonnes,3729.3083,3518.8525,3511.4862,3491.6278,3540.8403,3557.5694,3531.0489,3517.7698,3492.3281,3515.9549,3497.353,2695.9678,2739.2246,2691.8038,2777.7837,2672.6475,2813.5354,2801.0815,2788.7476,2782.9009,2732.0002
French Guyana,Pre- and post- production,Emissions (CH4),kilotonnes,0,0,0,0,0,0,0,0,0,0,0,0,0,0,0,0,0,0,0,0,0
French Guyana,Pre- and post- production,Emissions (N2O),kilotonnes,0,0,0,0,0,0,0,0,0,0,0,0,0,0,0,0,0,0,0,0,0
French Guyana,Pre- and post- production,Emissions (CO2),kilotonnes,0,0,0,0,0,0,0,0,0,0,0,0,0,0,0,0,0,0,0,0,0
French Guyana,Pre- and post- production,Emissions (CO2eq) from CH4 (AR5),kilotonnes,0,0,0,0,0,0,0,0,0,0,0,0,0,0,0,0,0,0,0,0,0
French Guyana,Pre- and post- production,Emissions (CO2eq) from N2O (AR5),kilotonnes,0,0,0,0,0,0,0,0,0,0,0,0,0,0,0,0,0,0,0,0,0
French Guyana,Pre- and post- production,Emissions (CO2eq) (AR5),kilotonnes,0,0,0,0,0,0,0,0,0,0,0,0,0,0,0,0,0,0,0,0,0
French Guyana,Agri-food systems,Emissions (CH4),kilotonnes,2.9453,2.8267,2.8226,2.2539,3.1573,3.3103,3.2138,1.8827,1.7967,1.844,1.7245,1.3434,1.5299,1.5039,1.5796,1.5898,1.6952,1.6792,1.5702,1.4813,0.0076
French Guyana,Agri-food systems,Emissions (N2O),kilotonnes,0.0572,0.0588,0.0553,0.0557,0.0648,0.0762,0.0596,0.0636,0.0625,0.0655,0.0601,0.0535,0.0735,0.054,0.085,0.0496,0.0617,0.0493,0.0472,0.0431,0.0067
French Guyana,Agri-food systems,Emissions (CO2),kilotonnes,3631.6804,3424.135,3417.7879,3413.7633,3435.2522,3444.6817,3425.2673,3448.2106,3425.446,3446.9594,3433.15,2644.1687,2676.9032,2635.3831,2711.022,2614.9933,2749.7179,2740.9982,2732.2784,2730.0005,2730.0005
French Guyana,Agri-food systems,Emissions (CO2eq) from CH4 (AR5),kilotonnes,82.4676,79.1485,79.0316,63.1096,88.4049,92.6875,89.9859,52.716,50.307,51.6307,48.2871,37.6166,42.8385,42.1102,44.2286,44.5148,47.4655,47.0174,43.9666,41.4754,0.2141
French Guyana,Agri-food systems,Emissions (CO2eq) from N2O (AR5),kilotonnes,15.1603,15.5689,14.6668,14.7549,17.1832,20.2001,15.7957,16.8432,16.5751,17.3648,15.916,14.1824,19.4829,14.3105,22.5331,13.1394,16.352,13.0659,12.5026,11.4249,1.7856
French Guyana,Agri-food systems,Emissions (CO2eq) (AR5),kilotonnes,3729.3083,3518.8525,3511.4862,3491.6278,3540.8403,3557.5694,3531.0489,3517.7698,3492.3281,3515.9549,3497.353,2695.9678,2739.2246,2691.8038,2777.7837,2672.6475,2813.5354,2801.0815,2788.7476,2782.9009,2732.0002
French Guyana,IPCC Agriculture,Emissions (CH4),kilotonnes,2.9332,2.8184,2.8065,2.2089,3.0988,3.2222,3.2015,1.8686,1.7577,1.8246,1.7064,1.3338,1.5053,1.4951,1.5534,1.5476,1.6278,1.6708,1.5623,1.4686,0.0003
French Guyana,IPCC Agriculture,Direct emissions (N2O),kilotonnes,0.022,0.0233,0.0222,0.0217,0.0241,0.0259,0.0266,0.0245,0.0251,0.0252,0.0249,0.0253,0.0284,0.0285,0.0279,0.0281,0.0287,0.0282,0.0277,0.0273,
French Guyana,IPCC Agriculture,Indirect emissions (N2O),kilotonnes,0.0057,0.006,0.0057,0.0056,0.0059,0.0065,0.0066,0.006,0.0061,0.0061,0.006,0.0061,0.0067,0.0067,0.0066,0.0067,0.0068,0.0067,0.0066,0.0065,
French Guyana,IPCC Agriculture,Emissions (N2O),kilotonnes,0.0336,0.0365,0.0348,0.0349,0.0404,0.0455,0.043,0.0383,0.0435,0.0403,0.04,0.0383,0.0445,0.0419,0.0425,0.0422,0.0454,0.0417,0.0429,0.0417,0.0058
French Guyana,IPCC Agriculture,Emissions (CO2eq) from CH4 (AR5),kilotonnes,82.1297,78.9142,78.5832,61.8504,86.7675,90.2205,89.6433,52.3204,49.2166,51.0885,47.7793,37.3468,42.1486,41.8614,43.4952,43.3322,45.5789,46.7828,43.7458,41.1196,0.0072
French Guyana,IPCC Agriculture,Emissions (CO2eq) from N2O (AR5),kilotonnes,8.9066,9.6686,9.2251,9.2568,10.7126,12.045,11.4,10.1619,11.5351,10.6853,10.6083,10.1611,11.7839,11.1059,11.252,11.179,12.0216,11.0435,11.3726,11.0588,1.5482
French Guyana,IPCC Agriculture,Emissions (CO2eq) (AR5),kilotonnes,91.0363,88.5829,87.8083,71.1072,97.48,102.2655,101.0433,62.4823,60.7518,61.7738,58.3876,47.5079,53.9325,52.9673,54.7471,54.5113,57.6004,57.8263,55.1184,52.1784,1.5554
French Guyana,Agricultural Soils,Direct emissions (N2O),kilotonnes,0.022,0.0233,0.0222,0.0217,0.0241,0.0259,0.0266,0.0245,0.0251,0.0252,0.0249,0.0253,0.0284,0.0285,0.0279,0.0281,0.0287,0.0282,0.0277,0.0273,
French Guyana,Agricultural Soils,Indirect emissions (N2O),kilotonnes,0.0057,0.006,0.0057,0.0056,0.0059,0.0065,0.0066,0.006,0.0061,0.0061,0.006,0.0061,0.0067,0.0067,0.0066,0.0067,0.0068,0.0067,0.0066,0.0065,
French Guyana,Agricultural Soils,Emissions (N2O),kilotonnes,0.0298,0.0314,0.03,0.0297,0.0349,0.0373,0.0381,0.0355,0.0362,0.0362,0.0359,0.0364,0.04,0.0401,0.0393,0.0396,0.0404,0.0398,0.0391,0.0396,0.0058
French Guyana,Agricultural Soils,Emissions (CO2eq) from N2O (AR5),kilotonnes,7.8952,8.3213,7.9544,7.8774,9.2575,9.8906,10.1067,9.4024,9.5836,9.5898,9.506,9.6481,10.6018,10.6153,10.4094,10.499,10.7019,10.5408,10.3746,10.4874,1.542
French Guyana,Agricultural Soils,Emissions (CO2eq) (AR5),kilotonnes,7.8952,8.3213,7.9544,7.8774,9.2575,9.8906,10.1067,9.4024,9.5836,9.5898,9.506,9.6481,10.6018,10.6153,10.4094,10.499,10.7019,10.5408,10.3746,10.4874,1.542
French Guyana,LULUCF,Emissions (CH4),kilotonnes,0.0035,0,0.008,0.0372,0.0505,0.0798,0.0053,0.0053,0.0319,0.0106,0.0106,0.0053,0.0186,0.0053,0.0186,0.0399,0.0638,0.0053,0.0053,0.0106,0.0053
French Guyana,LULUCF,Emissions (N2O),kilotonnes,0.0001,0,0.0007,0.0034,0.0046,0.0073,0.0005,0.0005,0.0029,0.001,0.001,0.0005,0.0017,0.0005,0.0017,0.0036,0.0058,0.0005,0.0005,0.001,0.0005
French Guyana,LULUCF,Emissions (CO2),kilotonnes,3566.3072,3361.9253,3361.9253,3364.2172,3379.4644,3379.4644,3379.4644,3379.5455,3379.5455,3379.5455,3379.5455,2604.1427,2604.1427,2603.5436,2603.5436,2603.5436,2704.9544,2704.9544,2704.9544,2711.3962,2711.3962
French Guyana,LULUCF,Emissions (CO2eq) from CH4 (AR5),kilotonnes,0.0989,0,0.2234,1.0425,1.4148,2.2338,0.1489,0.1489,0.8935,0.2978,0.2978,0.1489,0.5212,0.1489,0.5212,1.1169,1.7871,0.1489,0.1489,0.2978,0.1489
French Guyana,LULUCF,Emissions (CO2eq) from N2O (AR5),kilotonnes,0.0276,0,0.193,0.9008,1.2226,1.9303,0.1287,0.1287,0.7721,0.2574,0.2574,0.1287,0.4504,0.1287,0.4504,0.9652,1.5443,0.1287,0.1287,0.2574,0.1287
French Guyana,LULUCF,Emissions (CO2eq) (AR5),kilotonnes,3566.4337,3361.9253,3362.3418,3366.1605,3382.1018,3383.6286,3379.742,3379.8232,3381.2112,3380.1008,3380.1008,2604.4203,2605.1143,2603.8212,2604.5153,2605.6257,2708.2858,2705.2321,2705.2321,2711.9515,2711.6738
French Guyana,AFOLU,Emissions (CH4),kilotonnes,2.9367,2.8184,2.8145,2.2462,3.1494,3.3019,3.2069,1.8739,1.7896,1.8352,1.717,1.3391,1.5239,1.5004,1.572,1.5875,1.6916,1.6761,1.5677,1.4792,0.0056
French Guyana,AFOLU,Emissions (N2O),kilotonnes,0.0337,0.0365,0.0355,0.0383,0.045,0.0527,0.0435,0.0388,0.0464,0.0413,0.041,0.0388,0.0462,0.0424,0.0442,0.0458,0.0512,0.0422,0.0434,0.0427,0.0063
French Guyana,AFOLU,Emissions (CO2),kilotonnes,3566.3072,3361.9253,3361.9253,3364.2172,3379.4644,3379.4644,3379.4644,3379.5455,3379.5455,3379.5455,3379.5455,2604.1427,2604.1427,2603.5436,2603.5436,2603.5436,2704.9544,2704.9544,2704.9544,2711.3962,2711.3962
French Guyana,AFOLU,Emissions (CO2eq) from CH4 (AR5),kilotonnes,82.2286,78.9142,78.8066,62.8928,88.1823,92.4543,89.7923,52.4693,50.1102,51.3863,48.0771,37.4957,42.6698,42.0103,44.0164,44.4491,47.3659,46.9317,43.8947,41.4174,0.1561
French Guyana,AFOLU,Emissions (CO2eq) from N2O (AR5),kilotonnes,8.9342,9.6686,9.4182,10.1577,11.9351,13.9754,11.5286,10.2906,12.3073,10.9427,10.8657,10.2898,12.2343,11.2345,11.7024,12.1442,13.5658,11.1722,11.5013,11.3162,1.6769
French Guyana,AFOLU,Emissions (CO2eq) (AR5),kilotonnes,3657.47,3450.5082,3450.1501,3437.2677,3479.5818,3485.8941,3480.7853,3442.3055,3441.963,3441.8745,3438.4884,2651.9282,2659.0469,2656.7885,2659.2624,2660.1369,2765.8862,2763.0584,2760.3505,2764.1298,2713.2292
French Guyana,All sectors with LULUCF,Emissions (CH4),kilotonnes,2.9367,2.8184,2.8145,2.2462,3.1494,3.3019,3.2069,1.8739,1.7896,1.8352,1.717,1.3391,1.5239,1.5004,1.572,1.5875,1.6916,1.6761,1.5677,1.4792,0.0056
French Guyana,All sectors with LULUCF,Emissions (N2O),kilotonnes,0.0337,0.0365,0.0355,0.0383,0.045,0.0527,0.0435,0.0388,0.0464,0.0413,0.041,0.0388,0.0462,0.0424,0.0442,0.0458,0.0512,0.0422,0.0434,0.0427,0.0063
French Guyana,All sectors with LULUCF,Emissions (CO2),kilotonnes,3566.3072,3361.9253,3361.9253,3364.2172,3379.4644,3379.4644,3379.4644,3379.5455,3379.5455,3379.5455,3379.5455,2604.1427,2604.1427,2603.5436,2603.5436,2603.5436,2704.9544,2704.9544,2704.9544,2711.3962,2711.3962
French Guyana,All sectors with LULUCF,Emissions (CO2eq) from CH4 (AR5),kilotonnes,82.2286,78.9142,78.8066,62.8928,88.1823,92.4543,89.7923,52.4693,50.1102,51.3863,48.0771,37.4957,42.6698,42.0103,44.0164,44.4491,47.3659,46.9317,43.8947,41.4174,0.1561
French Guyana,All sectors with LULUCF,Emissions (CO2eq) from N2O (AR5),kilotonnes,8.9342,9.6686,9.4182,10.1577,11.9351,13.9754,11.5286,10.2906,12.3073,10.9427,10.8657,10.2898,12.2343,11.2345,11.7024,12.1442,13.5658,11.1722,11.5013,11.3162,1.6769
French Guyana,All sectors with LULUCF,Emissions (CO2eq) (AR5),kilotonnes,3657.47,3450.5082,3450.1501,3437.2677,3479.5818,3485.8941,3480.7853,3442.3055,3441.963,3441.8745,3438.4884,2651.9282,2659.0469,2656.7885,2659.2624,2660.1369,2765.8862,2763.0584,2760.3505,2764.1298,2713.2292
French Guyana,All sectors without LULUCF,Emissions (CH4),kilotonnes,2.9332,2.8184,2.8065,2.2089,3.0988,3.2222,3.2015,1.8686,1.7577,1.8246,1.7064,1.3338,1.5053,1.4951,1.5534,1.5476,1.6278,1.6708,1.5623,1.4686,0.0003
French Guyana,All sectors without LULUCF,Emissions (N2O),kilotonnes,0.0336,0.0365,0.0348,0.0349,0.0404,0.0455,0.043,0.0383,0.0435,0.0403,0.04,0.0383,0.0445,0.0419,0.0425,0.0422,0.0454,0.0417,0.0429,0.0417,0.0058
French Guyana,All sectors without LULUCF,Emissions (CO2eq) from CH4 (AR5),kilotonnes,82.1297,78.9142,78.5832,61.8504,86.7675,90.2205,89.6433,52.3204,49.2166,51.0885,47.7793,37.3468,42.1486,41.8614,43.4952,43.3322,45.5789,46.7828,43.7458,41.1196,0.0072
French Guyana,All sectors without LULUCF,Emissions (CO2eq) from N2O (AR5),kilotonnes,8.9066,9.6686,9.2251,9.2568,10.7126,12.045,11.4,10.1619,11.5351,10.6853,10.6083,10.1611,11.7839,11.1059,11.252,11.179,12.0216,11.0435,11.3726,11.0588,1.5482
French Guyana,All sectors without LULUCF,Emissions (CO2eq) (AR5),kilotonnes,91.0363,88.5829,87.8083,71.1072,97.48,102.2655,101.0433,62.4823,60.7518,61.7738,58.3876,47.5079,53.9325,52.9673,54.7471,54.5113,57.6004,57.8263,55.1184,52.1784,1.5554
French Polynesia,Crop Residues,Direct emissions (N2O),kilotonnes,0,0,0,0,0,0,0,0,0,0,0,0,0,0,0,0,0,0,0,0,0
French Polynesia,Crop Residues,Indirect emissions (N2O),kilotonnes,0,0,0,0,0,0,0,0,0,0,0,0,0,0,0,0,0,0,0,0,0
French Polynesia,Crop Residues,Emissions (N2O),kilotonnes,0.0001,0.0001,0.0001,0,0,0,0,0,0,0,0,0,0,0,0,0,0,0,0,0,0
French Polynesia,Crop Residues,Emissions (CO2eq) from N2O (AR5),kilotonnes,0.0159,0.0147,0.0147,0.0131,0.0122,0.0121,0.0092,0.0101,0.0109,0.0109,0.0111,0.0122,0.0102,0.0103,0.0094,0.0093,0.0093,0.0094,0.0093,0.0093,0.0093
French Polynesia,Crop Residues,Emissions (CO2eq) (AR5),kilotonnes,0.0159,0.0147,0.0147,0.0131,0.0122,0.0121,0.0092,0.0101,0.0109,0.0109,0.0111,0.0122,0.0102,0.0103,0.0094,0.0093,0.0093,0.0094,0.0093,0.0093,0.0093
French Polynesia,Burning - Crop residues,Emissions (CH4),kilotonnes,0.0001,0.0001,0.0001,0.0001,0.0001,0.0001,0.0001,0.0001,0.0001,0.0001,0.0001,0.0001,0.0001,0.0001,0.0001,0.0001,0.0001,0.0001,0.0001,0.0001,0.0001
French Polynesia,Burning - Crop residues,Emissions (N2O),kilotonnes,0,0,0,0,0,0,0,0,0,0,0,0,0,0,0,0,0,0,0,0,0
French Polynesia,Burning - Crop residues,Emissions (CO2eq) from CH4 (AR5),kilotonnes,0.0021,0.002,0.002,0.0021,0.002,0.002,0.002,0.002,0.002,0.002,0.002,0.002,0.0021,0.002,0.002,0.002,0.002,0.002,0.002,0.002,0.002
French Polynesia,Burning - Crop residues,Emissions (CO2eq) from N2O (AR5),kilotonnes,0.0005,0.0005,0.0005,0.0005,0.0005,0.0005,0.0005,0.0005,0.0005,0.0005,0.0005,0.0005,0.0005,0.0005,0.0005,0.0005,0.0005,0.0005,0.0005,0.0005,0.0005
French Polynesia,Burning - Crop residues,Emissions (CO2eq) (AR5),kilotonnes,0.0026,0.0024,0.0024,0.0026,0.0024,0.0024,0.0024,0.0024,0.0024,0.0024,0.0024,0.0024,0.0026,0.0024,0.0024,0.0024,0.0024,0.0024,0.0024,0.0024,0.0024
French Polynesia,Enteric Fermentation,Emissions (CH4),kilotonnes,0.8379,0.6847,0.5458,0.6623,0.731,0.5894,0.5985,0.6046,0.6046,0.6108,0.6073,0.6073,0.6151,0.6148,0.6073,0.6045,0.6099,0.6156,0.6131,0.6121,0.6107
French Polynesia,Enteric Fermentation,Emissions (CO2eq) from CH4 (AR5),kilotonnes,23.4612,19.1716,15.2824,18.5444,20.4686,16.5032,16.758,16.9299,16.9299,17.1021,17.0044,17.0044,17.2228,17.2144,17.0044,16.9255,17.078,17.2366,17.1673,17.1391,17.1009
French Polynesia,Enteric Fermentation,Emissions (CO2eq) (AR5),kilotonnes,23.4612,19.1716,15.2824,18.5444,20.4686,16.5032,16.758,16.9299,16.9299,17.1021,17.0044,17.0044,17.2228,17.2144,17.0044,16.9255,17.078,17.2366,17.1673,17.1391,17.1009
French Polynesia,Manure Management,Emissions (CH4),kilotonnes,0.546,0.5117,0.4601,0.3955,0.4518,0.4571,0.4128,0.4802,0.4802,0.4805,0.4647,0.4647,0.4653,0.465,0.4648,0.4608,0.4599,0.4618,0.466,0.4665,0.4666
French Polynesia,Manure Management,Emissions (N2O),kilotonnes,0.0073,0.0067,0.0058,0.0056,0.0062,0.0059,0.0056,0.0061,0.0061,0.0061,0.0062,0.0062,0.0062,0.0061,0.0061,0.0061,0.0062,0.0061,0.0062,0.0062,0.0062
French Polynesia,Manure Management,Emissions (CO2eq) from CH4 (AR5),kilotonnes,15.288,14.327,12.8839,11.0745,12.6515,12.7996,11.5581,13.4457,13.4457,13.4552,13.011,13.011,13.0287,13.0208,13.0138,12.9021,12.8782,12.9313,13.0471,13.0611,13.0657
French Polynesia,Manure Management,Emissions (CO2eq) from N2O (AR5),kilotonnes,1.9442,1.7661,1.5261,1.4886,1.6447,1.5725,1.4854,1.624,1.6158,1.6291,1.6298,1.6334,1.6384,1.6243,1.6191,1.6186,1.6436,1.629,1.6378,1.6408,1.6446
French Polynesia,Manure Management,Emissions (CO2eq) (AR5),kilotonnes,17.2321,16.0932,14.41,12.5632,14.2963,14.3721,13.0435,15.0697,15.0615,15.0843,14.6408,14.6444,14.667,14.6452,14.6329,14.5208,14.5218,14.5603,14.6849,14.7019,14.7103
French Polynesia,Manure left on Pasture,Direct emissions (N2O),kilotonnes,0.0242,0.0199,0.0161,0.0195,0.0213,0.0173,0.0177,0.0177,0.0177,0.0178,0.0178,0.0178,0.0181,0.0181,0.0178,0.0178,0.0179,0.0181,0.018,0.018,0.018
French Polynesia,Manure left on Pasture,Indirect emissions (N2O),kilotonnes,0.0062,0.0053,0.0045,0.0052,0.0056,0.0047,0.0048,0.0048,0.0048,0.0049,0.0049,0.0049,0.0049,0.0049,0.0049,0.0048,0.0049,0.0049,0.0049,0.0049,0.0049
French Polynesia,Manure left on Pasture,Emissions (N2O),kilotonnes,0.0304,0.0252,0.0206,0.0248,0.0269,0.0221,0.0225,0.0225,0.0225,0.0227,0.0227,0.0227,0.023,0.023,0.0227,0.0226,0.0228,0.023,0.0229,0.0229,0.0229
French Polynesia,Manure left on Pasture,Emissions (CO2eq) from N2O (AR5),kilotonnes,8.0658,6.6815,5.4503,6.5625,7.127,5.8462,5.9578,5.96,5.9588,6.0157,6.0148,6.0154,6.099,6.0963,6.0132,5.9958,6.0369,6.1027,6.0784,6.068,6.0568
French Polynesia,Manure left on Pasture,Emissions (CO2eq) (AR5),kilotonnes,8.0658,6.6815,5.4503,6.5625,7.127,5.8462,5.9578,5.96,5.9588,6.0157,6.0148,6.0154,6.099,6.0963,6.0132,5.9958,6.0369,6.1027,6.0784,6.068,6.0568
French Polynesia,Manure applied to Soils,Direct emissions (N2O),kilotonnes,0.0063,0.0061,0.0054,0.0051,0.0055,0.0056,0.0053,0.0057,0.0057,0.0057,0.0059,0.0059,0.0059,0.0058,0.0058,0.0058,0.006,0.0058,0.0059,0.0059,0.0059
French Polynesia,Manure applied to Soils,Indirect emissions (N2O),kilotonnes,0.0027,0.0026,0.0023,0.0022,0.0024,0.0024,0.0023,0.0024,0.0024,0.0024,0.0025,0.0025,0.0025,0.0025,0.0025,0.0025,0.0025,0.0025,0.0025,0.0025,0.0025
French Polynesia,Manure applied to Soils,Emissions (N2O),kilotonnes,0.009,0.0087,0.0077,0.0073,0.0079,0.008,0.0076,0.0082,0.0081,0.0082,0.0083,0.0084,0.0084,0.0082,0.0082,0.0082,0.0085,0.0083,0.0083,0.0084,0.0084
French Polynesia,Manure applied to Soils,Emissions (CO2eq) from N2O (AR5),kilotonnes,2.387,2.3002,2.0397,1.9392,2.0941,2.1154,2.0079,2.1654,2.1419,2.1675,2.212,2.2222,2.2247,2.1835,2.1816,2.1793,2.2544,2.1962,2.2092,2.221,2.2334
French Polynesia,Manure applied to Soils,Emissions (CO2eq) (AR5),kilotonnes,2.387,2.3002,2.0397,1.9392,2.0941,2.1154,2.0079,2.1654,2.1419,2.1675,2.212,2.2222,2.2247,2.1835,2.1816,2.1793,2.2544,2.1962,2.2092,2.221,2.2334
French Polynesia,Synthetic Fertilizers,Direct emissions (N2O),kilotonnes,0.0079,0.006,0.0061,0.0053,0.006,0.0046,0.005,0.0052,0.0071,0.0042,0.0056,0.0055,0.0039,0.0039,0.0036,0.0054,0.004,0.0059,0.0037,0.006,0.0049
French Polynesia,Synthetic Fertilizers,Indirect emissions (N2O),kilotonnes,0.0026,0.0019,0.002,0.0017,0.002,0.0015,0.0016,0.0017,0.0023,0.0014,0.0018,0.0018,0.0013,0.0013,0.0012,0.0018,0.0013,0.0019,0.0012,0.0019,0.0016
French Polynesia,Synthetic Fertilizers,Emissions (N2O),kilotonnes,0.0104,0.0079,0.0081,0.007,0.008,0.0061,0.0067,0.0069,0.0095,0.0056,0.0075,0.0073,0.0052,0.0051,0.0047,0.0071,0.0053,0.0079,0.0049,0.0079,0.0064
French Polynesia,Synthetic Fertilizers,Emissions (CO2eq) from N2O (AR5),kilotonnes,2.7588,2.1022,2.1409,1.8484,2.1133,1.6167,1.7657,1.8374,2.505,1.4898,1.9808,1.9257,1.3682,1.362,1.254,1.894,1.4125,2.0819,1.3069,2.1009,1.7052
French Polynesia,Synthetic Fertilizers,Emissions (CO2eq) (AR5),kilotonnes,2.7588,2.1022,2.1409,1.8484,2.1133,1.6167,1.7657,1.8374,2.505,1.4898,1.9808,1.9257,1.3682,1.362,1.254,1.894,1.4125,2.0819,1.3069,2.1009,1.7052
French Polynesia,Drained organic soils,Emissions (CO2eq) (AR5),kilotonnes,0,0,0,0,0,0,0,0,0,0,0,0,0,0,0,0,0,0,0,0,0
French Polynesia,Drained organic soils (CO2),Emissions (CO2),kilotonnes,0,0,0,0,0,0,0,0,0,0,0,0,0,0,0,0,0,0,0,0,0
French Polynesia,Drained organic soils (CO2),Emissions (CO2eq) (AR5),kilotonnes,0,0,0,0,0,0,0,0,0,0,0,0,0,0,0,0,0,0,0,0,0
French Polynesia,Drained organic soils (N2O),Emissions (N2O),kilotonnes,0,0,0,0,0,0,0,0,0,0,0,0,0,0,0,0,0,0,0,0,0
French Polynesia,Drained organic soils (N2O),Emissions (CO2eq) from N2O (AR5),kilotonnes,0,0,0,0,0,0,0,0,0,0,0,0,0,0,0,0,0,0,0,0,0
French Polynesia,Drained organic soils (N2O),Emissions (CO2eq) (AR5),kilotonnes,0,0,0,0,0,0,0,0,0,0,0,0,0,0,0,0,0,0,0,0,0
French Polynesia,On-farm energy use,Emissions (CH4),kilotonnes,0.0012,0.0014,0.0015,0.0017,0.0023,0.0028,0.0033,0.0047,0.0051,0.0052,0.0069,0.0073,0.0079,0.0083,0.0086,0.0092,0.0095,0.01,0.0106,0.0111,0.0111
French Polynesia,On-farm energy use,Emissions (N2O),kilotonnes,0,0,0,0,0,0.0001,0.0001,0.0001,0.0001,0.0001,0.0001,0.0001,0.0002,0.0002,0.0002,0.0002,0.0002,0.0002,0.0002,0.0002,0.0002
French Polynesia,On-farm energy use,Emissions (CO2),kilotonnes,15.2512,18.158,18.8955,20.9018,29.1101,35.9602,42.0503,59.3785,64.3657,65.3854,87.2333,92.4081,99.5369,105.227,108.7749,115.5226,119.8431,126.3161,133.7705,139.9465,139.9465
French Polynesia,On-farm energy use,Emissions (CO2eq) from CH4 (AR5),kilotonnes,0.0338,0.0403,0.0419,0.0464,0.0646,0.0798,0.0933,0.1317,0.1428,0.1451,0.1935,0.205,0.2208,0.2335,0.2413,0.2563,0.2659,0.2803,0.2968,0.3105,0.3105
French Polynesia,On-farm energy use,Emissions (CO2eq) from N2O (AR5),kilotonnes,0.0064,0.0076,0.0079,0.0088,0.0122,0.0151,0.0177,0.0249,0.027,0.0275,0.0366,0.0388,0.0418,0.0442,0.0457,0.0485,0.0503,0.053,0.0562,0.0588,0.0588
French Polynesia,On-farm energy use,Emissions (CO2eq) (AR5),kilotonnes,15.2915,18.2059,18.9453,20.9569,29.1869,36.0551,42.1613,59.5351,64.5355,65.558,87.4634,92.652,99.7996,105.5047,109.0619,115.8274,120.1593,126.6495,134.1234,140.3158,140.3158
French Polynesia,Forestland,Emissions (CO2),kilotonnes,-116.7509,-27.9663,-27.9663,-27.9663,-27.9663,-27.9663,-27.9663,-27.9663,-27.9663,-27.9663,-27.9663,0,0,0,0,0,0,0,0,0,0
French Polynesia,Forestland,Emissions (CO2eq) (AR5),kilotonnes,-116.7509,-27.9663,-27.9663,-27.9663,-27.9663,-27.9663,-27.9663,-27.9663,-27.9663,-27.9663,-27.9663,0,0,0,0,0,0,0,0,0,0
French Polynesia,Net Forest conversion,Emissions (CO2),kilotonnes,0,0,0,0,0,0,0,0,0,0,0,0,0,0,0,0,0,0,0,0,0
French Polynesia,Net Forest conversion,Emissions (CO2eq) (AR5),kilotonnes,0,0,0,0,0,0,0,0,0,0,0,0,0,0,0,0,0,0,0,0,0
French Polynesia,Savanna fires,Emissions (CH4),kilotonnes,0,0,0,0,0,0,0,0,0,0,0,0,0,0,0,0,0,0,0,0,0
French Polynesia,Savanna fires,Emissions (N2O),kilotonnes,0,0,0,0,0,0,0,0,0,0,0,0,0,0,0,0,0,0,0,0,0
French Polynesia,Savanna fires,Emissions (CO2eq) from CH4 (AR5),kilotonnes,0,0,0,0,0,0,0,0,0,0,0,0,0,0,0,0,0,0,0,0,0
French Polynesia,Savanna fires,Emissions (CO2eq) from N2O (AR5),kilotonnes,0,0,0,0,0,0,0,0,0,0,0,0,0,0,0,0,0,0,0,0,0
French Polynesia,Savanna fires,Emissions (CO2eq) (AR5),kilotonnes,0,0,0,0,0,0,0,0,0,0,0,0,0,0,0,0,0,0,0,0,0
French Polynesia,Fires in organic soils,Emissions (CH4),kilotonnes,0,0,0,0,0,0,0,0,0,0,0,0,0,0,0,0,0,0,0,0,0
French Polynesia,Fires in organic soils,Emissions (CO2),kilotonnes,0,0,0,0,0,0,0,0,0,0,0,0,0,0,0,0,0,0,0,0,0
French Polynesia,Fires in organic soils,Emissions (CO2eq) from CH4 (AR5),kilotonnes,0,0,0,0,0,0,0,0,0,0,0,0,0,0,0,0,0,0,0,0,0
French Polynesia,Fires in organic soils,Emissions (CO2eq) (AR5),kilotonnes,0,0,0,0,0,0,0,0,0,0,0,0,0,0,0,0,0,0,0,0,0
French Polynesia,Forest fires,Emissions (CH4),kilotonnes,0,0,0,0,0,0,0,0,0,0,0,0,0,0,0,0,0,0,0,0,0
French Polynesia,Forest fires,Emissions (N2O),kilotonnes,0,0,0,0,0,0,0,0,0,0,0,0,0,0,0,0,0,0,0,0,0
French Polynesia,Forest fires,Emissions (CO2eq) from CH4 (AR5),kilotonnes,0,0,0,0,0,0,0,0,0,0,0,0,0,0,0,0,0,0,0,0,0
French Polynesia,Forest fires,Emissions (CO2eq) from N2O (AR5),kilotonnes,0,0,0,0,0,0,0,0,0,0,0,0,0,0,0,0,0,0,0,0,0
French Polynesia,Forest fires,Emissions (CO2eq) (AR5),kilotonnes,0,0,0,0,0,0,0,0,0,0,0,0,0,0,0,0,0,0,0,0,0
French Polynesia,Fires in humid tropical forests,Emissions (CH4),kilotonnes,0,0,0,0,0,0,0,0,0,0,0,0,0,0,0,0,0,0,0,0,0
French Polynesia,Fires in humid tropical forests,Emissions (N2O),kilotonnes,0,0,0,0,0,0,0,0,0,0,0,0,0,0,0,0,0,0,0,0,0
French Polynesia,Fires in humid tropical forests,Emissions (CO2eq) from CH4 (AR5),kilotonnes,0,0,0,0,0,0,0,0,0,0,0,0,0,0,0,0,0,0,0,0,0
French Polynesia,Fires in humid tropical forests,Emissions (CO2eq) from N2O (AR5),kilotonnes,0,0,0,0,0,0,0,0,0,0,0,0,0,0,0,0,0,0,0,0,0
French Polynesia,Fires in humid tropical forests,Emissions (CO2eq) (AR5),kilotonnes,0,0,0,0,0,0,0,0,0,0,0,0,0,0,0,0,0,0,0,0,0
French Polynesia,Waste - agri-food systems,Emissions (CH4),kilotonnes,0.3236,0.3129,0.3181,0.3228,0.327,0.3306,0.3334,0.3356,0.3373,0.3388,0.3404,0.342,0.3436,0.3453,0.3471,0.3609,0.3622,0.3636,0.365,0.3687,0.3724
French Polynesia,Waste - agri-food systems,Emissions (N2O),kilotonnes,0.0078,0.0081,0.0083,0.0085,0.0088,0.0088,0.0087,0.0092,0.009,0.009,0.009,0.009,0.0091,0.009,0.0093,0.0093,0.0093,0.0094,0.0095,0.0096,0.0096
French Polynesia,Waste - agri-food systems,Emissions (CO2),kilotonnes,0,0,0,0,0,0,0,0,0,0,0,0,0,0,0,0,0,0,0,0,0
French Polynesia,Waste - agri-food systems,Emissions (CO2eq) from CH4 (AR5),kilotonnes,9.0607,8.7607,8.9054,9.0389,9.1565,9.2561,9.3357,9.3969,9.4451,9.4877,9.5304,9.5752,9.6215,9.6693,9.7187,10.1052,10.1408,10.1801,10.22,10.3233,10.4268
French Polynesia,Waste - agri-food systems,Emissions (CO2eq) from N2O (AR5),kilotonnes,2.0728,2.1344,2.2111,2.2514,2.3212,2.3374,2.3132,2.445,2.3919,2.3899,2.3753,2.3806,2.412,2.3926,2.4627,2.4647,2.4698,2.4984,2.5123,2.5315,2.5508
French Polynesia,Waste - agri-food systems,Emissions (CO2eq) (AR5),kilotonnes,11.1335,10.8951,11.1165,11.2903,11.4776,11.5935,11.6489,11.8419,11.837,11.8776,11.9057,11.9558,12.0335,12.0619,12.1814,12.5699,12.6107,12.6785,12.7323,12.8548,12.9776
French Polynesia,On-farm electricity use,Emissions (CH4),kilotonnes,0,0,0,0,0,0,0,0,0,0,0,0,0,0,0,0,0,0,0,0,0
French Polynesia,On-farm electricity use,Emissions (N2O),kilotonnes,0,0,0,0,0,0,0,0,0,0,0,0,0,0,0,0,0,0,0,0,0
French Polynesia,On-farm electricity use,Emissions (CO2),kilotonnes,0,0,0,0,0,0,0,0,0,0,0,0,0,0,0,0,0,0,0,0,0
French Polynesia,On-farm electricity use,Emissions (CO2eq) from CH4 (AR5),kilotonnes,0,0,0,0,0,0,0,0,0,0,0,0,0,0,0,0,0,0,0,0,0
French Polynesia,On-farm electricity use,Emissions (CO2eq) from N2O (AR5),kilotonnes,0,0,0,0,0,0,0,0,0,0,0,0,0,0,0,0,0,0,0,0,0
French Polynesia,On-farm electricity use,Emissions (CO2eq) (AR5),kilotonnes,0,0,0,0,0,0,0,0,0,0,0,0,0,0,0,0,0,0,0,0,0
French Polynesia,Farm-gate emissions,Emissions (CH4),kilotonnes,1.3852,1.1979,1.0075,1.0595,1.1852,1.0494,1.0147,1.0896,1.09,1.0966,1.079,1.0794,1.0884,1.0882,1.0808,1.0745,1.0794,1.0875,1.0898,1.0897,1.0885
French Polynesia,Farm-gate emissions,Direct emissions (N2O),kilotonnes,0.0385,0.032,0.0276,0.03,0.0329,0.0276,0.028,0.0287,0.0305,0.0279,0.0294,0.0292,0.0279,0.0278,0.0272,0.029,0.0279,0.0299,0.0276,0.0299,0.0288
French Polynesia,Farm-gate emissions,Indirect emissions (N2O),kilotonnes,0.0115,0.0098,0.0088,0.0091,0.0099,0.0086,0.0087,0.009,0.0096,0.0087,0.0092,0.0091,0.0087,0.0086,0.0085,0.009,0.0087,0.0093,0.0086,0.0093,0.009
French Polynesia,Farm-gate emissions,Emissions (N2O),kilotonnes,0.0573,0.0486,0.0422,0.0448,0.0491,0.0422,0.0424,0.0439,0.0463,0.0428,0.0449,0.0447,0.043,0.0427,0.042,0.0443,0.043,0.0456,0.0426,0.0457,0.0442
French Polynesia,Farm-gate emissions,Emissions (CO2),kilotonnes,15.2512,18.158,18.8955,20.9018,29.1101,35.9602,42.0503,59.3785,64.3657,65.3854,87.2333,92.4081,99.5369,105.227,108.7749,115.5226,119.8431,126.3161,133.7705,139.9465,139.9465
French Polynesia,Farm-gate emissions,Emissions (CO2eq) from CH4 (AR5),kilotonnes,38.7851,33.5409,28.2102,29.6674,33.1867,29.3846,28.4114,30.5093,30.5204,30.7044,30.2109,30.2224,30.4744,30.4707,30.2615,30.0859,30.2241,30.4502,30.5132,30.5127,30.4791
French Polynesia,Farm-gate emissions,Emissions (CO2eq) from N2O (AR5),kilotonnes,15.1786,12.8729,11.1801,11.8612,13.004,11.1785,11.2441,11.6224,12.2599,11.3409,11.8857,11.8482,11.3828,11.3211,11.1235,11.746,11.4075,12.0727,11.2982,12.0993,11.7084
French Polynesia,Farm-gate emissions,Emissions (CO2eq) (AR5),kilotonnes,69.2149,64.5718,58.2857,62.4303,75.3007,76.5232,81.7058,101.5102,107.146,107.4307,129.3299,134.4787,141.3941,147.0188,150.16,157.3546,161.4747,168.8391,175.5819,182.5585,182.134
French Polynesia,Land Use change,Emissions (CH4),kilotonnes,0,0,0,0,0,0,0,0,0,0,0,0,0,0,0,0,0,0,0,0,0
French Polynesia,Land Use change,Emissions (N2O),kilotonnes,0,0,0,0,0,0,0,0,0,0,0,0,0,0,0,0,0,0,0,0,0
French Polynesia,Land Use change,Emissions (CO2),kilotonnes,0,0,0,0,0,0,0,0,0,0,0,0,0,0,0,0,0,0,0,0,0
French Polynesia,Land Use change,Emissions (CO2eq) from CH4 (AR5),kilotonnes,0,0,0,0,0,0,0,0,0,0,0,0,0,0,0,0,0,0,0,0,0
French Polynesia,Land Use change,Emissions (CO2eq) from N2O (AR5),kilotonnes,0,0,0,0,0,0,0,0,0,0,0,0,0,0,0,0,0,0,0,0,0
French Polynesia,Land Use change,Emissions (CO2eq) (AR5),kilotonnes,0,0,0,0,0,0,0,0,0,0,0,0,0,0,0,0,0,0,0,0,0
French Polynesia,Emissions on agricultural land,Emissions (CH4),kilotonnes,1.3852,1.1979,1.0075,1.0595,1.1852,1.0494,1.0147,1.0896,1.09,1.0966,1.079,1.0794,1.0884,1.0882,1.0808,1.0745,1.0794,1.0875,1.0898,1.0897,1.0885
French Polynesia,Emissions on agricultural land,Emissions (N2O),kilotonnes,0.0573,0.0486,0.0422,0.0448,0.0491,0.0422,0.0424,0.0439,0.0463,0.0428,0.0449,0.0447,0.043,0.0427,0.042,0.0443,0.043,0.0456,0.0426,0.0457,0.0442
French Polynesia,Emissions on agricultural land,Emissions (CO2),kilotonnes,15.2512,18.158,18.8955,20.9018,29.1101,35.9602,42.0503,59.3785,64.3657,65.3854,87.2333,92.4081,99.5369,105.227,108.7749,115.5226,119.8431,126.3161,133.7705,139.9465,139.9465
French Polynesia,Emissions on agricultural land,Emissions (CO2eq) from CH4 (AR5),kilotonnes,38.7851,33.5409,28.2102,29.6674,33.1867,29.3846,28.4114,30.5093,30.5204,30.7044,30.2109,30.2224,30.4744,30.4707,30.2615,30.0859,30.2241,30.4502,30.5132,30.5127,30.4791
French Polynesia,Emissions on agricultural land,Emissions (CO2eq) from N2O (AR5),kilotonnes,15.1786,12.8729,11.1801,11.8612,13.004,11.1785,11.2441,11.6224,12.2599,11.3409,11.8857,11.8482,11.3828,11.3211,11.1235,11.746,11.4075,12.0727,11.2982,12.0993,11.7084
French Polynesia,Emissions on agricultural land,Emissions (CO2eq) (AR5),kilotonnes,69.2149,64.5718,58.2857,62.4303,75.3007,76.5232,81.7058,101.5102,107.146,107.4307,129.3299,134.4787,141.3941,147.0188,150.16,157.3546,161.4747,168.8391,175.5819,182.5585,182.134
French Polynesia,Pre- and post- production,Emissions (CH4),kilotonnes,0.3236,0.3129,0.3181,0.3228,0.327,0.3306,0.3334,0.3356,0.3373,0.3388,0.3404,0.342,0.3436,0.3453,0.3471,0.3609,0.3622,0.3636,0.365,0.3687,0.3724
French Polynesia,Pre- and post- production,Emissions (N2O),kilotonnes,0.0078,0.0081,0.0083,0.0085,0.0088,0.0088,0.0087,0.0092,0.009,0.009,0.009,0.009,0.0091,0.009,0.0093,0.0093,0.0093,0.0094,0.0095,0.0096,0.0096
French Polynesia,Pre- and post- production,Emissions (CO2),kilotonnes,0,0,0,0,0,0,0,0,0,0,0,0,0,0,0,0,0,0,0,0,0
French Polynesia,Pre- and post- production,Emissions (CO2eq) from CH4 (AR5),kilotonnes,9.0607,8.7607,8.9054,9.0389,9.1565,9.2561,9.3357,9.3969,9.4451,9.4877,9.5304,9.5752,9.6215,9.6693,9.7187,10.1052,10.1408,10.1801,10.22,10.3233,10.4268
French Polynesia,Pre- and post- production,Emissions (CO2eq) from N2O (AR5),kilotonnes,2.0728,2.1344,2.2111,2.2514,2.3212,2.3374,2.3132,2.445,2.3919,2.3899,2.3753,2.3806,2.412,2.3926,2.4627,2.4647,2.4698,2.4984,2.5123,2.5315,2.5508
French Polynesia,Pre- and post- production,Emissions (CO2eq) (AR5),kilotonnes,11.1335,10.8951,11.1165,11.2903,11.4776,11.5935,11.6489,11.8419,11.837,11.8776,11.9057,11.9558,12.0335,12.0619,12.1814,12.5699,12.6107,12.6785,12.7323,12.8548,12.9776
French Polynesia,Agri-food systems,Emissions (CH4),kilotonnes,1.7088,1.5108,1.3256,1.3824,1.5123,1.38,1.3481,1.4252,1.4273,1.4354,1.4193,1.4213,1.432,1.4336,1.4279,1.4354,1.4416,1.4511,1.4548,1.4584,1.4609
French Polynesia,Agri-food systems,Emissions (N2O),kilotonnes,0.0651,0.0566,0.0505,0.0533,0.0578,0.051,0.0512,0.0531,0.0553,0.0518,0.0538,0.0537,0.0521,0.0517,0.0513,0.0536,0.0524,0.055,0.0521,0.0552,0.0538
French Polynesia,Agri-food systems,Emissions (CO2),kilotonnes,15.2512,18.158,18.8955,20.9018,29.1101,35.9602,42.0503,59.3785,64.3657,65.3854,87.2333,92.4081,99.5369,105.227,108.7749,115.5226,119.8431,126.3161,133.7705,139.9465,139.9465
French Polynesia,Agri-food systems,Emissions (CO2eq) from CH4 (AR5),kilotonnes,47.8457,42.3015,37.1156,38.7062,42.3431,38.6406,37.7471,39.9062,39.9655,40.1921,39.7413,39.7976,40.0958,40.1399,39.9802,40.1911,40.3649,40.6303,40.7331,40.8359,40.9058
French Polynesia,Agri-food systems,Emissions (CO2eq) from N2O (AR5),kilotonnes,17.2514,15.0073,13.3912,14.1126,15.3252,13.5159,13.5573,14.0674,14.6519,13.7308,14.261,14.2287,13.7948,13.7137,13.5862,14.2107,13.8773,14.5711,13.8106,14.6308,14.2592
French Polynesia,Agri-food systems,Emissions (CO2eq) (AR5),kilotonnes,80.3484,75.4669,69.4022,73.7206,86.7784,88.1167,93.3548,113.3521,118.983,119.3083,141.2356,146.4345,153.4275,159.0806,162.3413,169.9245,174.0853,181.5176,188.3141,195.4132,195.1116
French Polynesia,IPCC Agriculture,Emissions (CH4),kilotonnes,1.384,1.1964,1.006,1.0579,1.1829,1.0466,1.0114,1.0849,1.0849,1.0914,1.072,1.072,1.0805,1.0799,1.0721,1.0653,1.0699,1.0775,1.0792,1.0786,1.0774
French Polynesia,IPCC Agriculture,Direct emissions (N2O),kilotonnes,0.0385,0.032,0.0276,0.03,0.0329,0.0276,0.028,0.0287,0.0305,0.0279,0.0294,0.0292,0.0279,0.0278,0.0272,0.029,0.0279,0.0299,0.0276,0.0299,0.0288
French Polynesia,IPCC Agriculture,Indirect emissions (N2O),kilotonnes,0.0115,0.0098,0.0088,0.0091,0.0099,0.0086,0.0087,0.009,0.0096,0.0087,0.0092,0.0091,0.0087,0.0086,0.0085,0.009,0.0087,0.0093,0.0086,0.0093,0.009
French Polynesia,IPCC Agriculture,Emissions (N2O),kilotonnes,0.0573,0.0485,0.0422,0.0447,0.049,0.0421,0.0424,0.0438,0.0462,0.0427,0.0447,0.0446,0.0428,0.0426,0.0418,0.0441,0.0429,0.0454,0.0424,0.0454,0.044
French Polynesia,IPCC Agriculture,Emissions (CO2eq) from CH4 (AR5),kilotonnes,38.7512,33.5006,28.1683,29.621,33.1221,29.3048,28.3181,30.3776,30.3776,30.5593,30.0174,30.0174,30.2535,30.2372,30.0202,29.8296,29.9582,30.1699,30.2164,30.2022,30.1686
French Polynesia,IPCC Agriculture,Emissions (CO2eq) from N2O (AR5),kilotonnes,15.1722,12.8653,11.1721,11.8524,12.9918,11.1634,11.2265,11.5975,12.2329,11.3134,11.8491,11.8093,11.341,11.2769,11.0779,11.6975,11.3572,12.0197,11.2421,12.0405,11.6497
French Polynesia,IPCC Agriculture,Emissions (CO2eq) (AR5),kilotonnes,53.9234,46.3659,39.3404,41.4734,46.1139,40.4682,39.5445,41.975,42.6105,41.8727,41.8665,41.8267,41.5945,41.5141,41.098,41.5271,41.3154,42.1896,41.4584,42.2427,41.8182
French Polynesia,Agricultural Soils,Direct emissions (N2O),kilotonnes,0.0385,0.032,0.0276,0.03,0.0329,0.0276,0.028,0.0287,0.0305,0.0279,0.0294,0.0292,0.0279,0.0278,0.0272,0.029,0.0279,0.0299,0.0276,0.0299,0.0288
French Polynesia,Agricultural Soils,Indirect emissions (N2O),kilotonnes,0.0115,0.0098,0.0088,0.0091,0.0099,0.0086,0.0087,0.009,0.0096,0.0087,0.0092,0.0091,0.0087,0.0086,0.0085,0.009,0.0087,0.0093,0.0086,0.0093,0.009
French Polynesia,Agricultural Soils,Emissions (N2O),kilotonnes,0.0499,0.0419,0.0364,0.0391,0.0428,0.0362,0.0368,0.0376,0.0401,0.0365,0.0386,0.0384,0.0366,0.0364,0.0357,0.038,0.0367,0.0392,0.0362,0.0392,0.0378
French Polynesia,Agricultural Soils,Emissions (CO2eq) from N2O (AR5),kilotonnes,13.2275,11.0986,9.6455,10.3633,11.3466,9.5904,9.7406,9.973,10.6166,9.6839,10.2188,10.1755,9.7021,9.6521,9.4582,10.0784,9.7131,10.3902,9.6038,10.3992,10.0046
French Polynesia,Agricultural Soils,Emissions (CO2eq) (AR5),kilotonnes,13.2275,11.0986,9.6455,10.3633,11.3466,9.5904,9.7406,9.973,10.6166,9.6839,10.2188,10.1755,9.7021,9.6521,9.4582,10.0784,9.7131,10.3902,9.6038,10.3992,10.0046
French Polynesia,LULUCF,Emissions (CH4),kilotonnes,0,0,0,0,0,0,0,0,0,0,0,0,0,0,0,0,0,0,0,0,0
French Polynesia,LULUCF,Emissions (N2O),kilotonnes,0,0,0,0,0,0,0,0,0,0,0,0,0,0,0,0,0,0,0,0,0
French Polynesia,LULUCF,Emissions (CO2),kilotonnes,-116.7509,-27.9663,-27.9663,-27.9663,-27.9663,-27.9663,-27.9663,-27.9663,-27.9663,-27.9663,-27.9663,0,0,0,0,0,0,0,0,0,0
French Polynesia,LULUCF,Emissions (CO2eq) from CH4 (AR5),kilotonnes,0,0,0,0,0,0,0,0,0,0,0,0,0,0,0,0,0,0,0,0,0
French Polynesia,LULUCF,Emissions (CO2eq) from N2O (AR5),kilotonnes,0,0,0,0,0,0,0,0,0,0,0,0,0,0,0,0,0,0,0,0,0
French Polynesia,LULUCF,Emissions (CO2eq) (AR5),kilotonnes,-116.7509,-27.9663,-27.9663,-27.9663,-27.9663,-27.9663,-27.9663,-27.9663,-27.9663,-27.9663,-27.9663,0,0,0,0,0,0,0,0,0,0
French Polynesia,AFOLU,Emissions (CH4),kilotonnes,1.384,1.1964,1.006,1.0579,1.1829,1.0466,1.0114,1.0849,1.0849,1.0914,1.072,1.072,1.0805,1.0799,1.0721,1.0653,1.0699,1.0775,1.0792,1.0786,1.0774
French Polynesia,AFOLU,Emissions (N2O),kilotonnes,0.0573,0.0485,0.0422,0.0447,0.049,0.0421,0.0424,0.0438,0.0462,0.0427,0.0447,0.0446,0.0428,0.0426,0.0418,0.0441,0.0429,0.0454,0.0424,0.0454,0.044
French Polynesia,AFOLU,Emissions (CO2),kilotonnes,-116.7509,-27.9663,-27.9663,-27.9663,-27.9663,-27.9663,-27.9663,-27.9663,-27.9663,-27.9663,-27.9663,0,0,0,0,0,0,0,0,0,0
French Polynesia,AFOLU,Emissions (CO2eq) from CH4 (AR5),kilotonnes,38.7512,33.5006,28.1683,29.621,33.1221,29.3048,28.3181,30.3776,30.3776,30.5593,30.0174,30.0174,30.2535,30.2372,30.0202,29.8296,29.9582,30.1699,30.2164,30.2022,30.1686
French Polynesia,AFOLU,Emissions (CO2eq) from N2O (AR5),kilotonnes,15.1722,12.8653,11.1721,11.8524,12.9918,11.1634,11.2265,11.5975,12.2329,11.3134,11.8491,11.8093,11.341,11.2769,11.0779,11.6975,11.3572,12.0197,11.2421,12.0405,11.6497
French Polynesia,AFOLU,Emissions (CO2eq) (AR5),kilotonnes,-62.8275,18.3995,11.3741,13.5071,18.1475,12.5018,11.5782,14.0087,14.6442,13.9064,13.9002,41.8267,41.5945,41.5141,41.098,41.5271,41.3154,42.1896,41.4584,42.2427,41.8182
French Polynesia,All sectors with LULUCF,Emissions (CH4),kilotonnes,1.384,1.1964,1.006,1.0579,1.1829,1.0466,1.0114,1.0849,1.0849,1.0914,1.072,1.072,1.0805,1.0799,1.0721,1.0653,1.0699,1.0775,1.0792,1.0786,1.0774
French Polynesia,All sectors with LULUCF,Emissions (N2O),kilotonnes,0.0573,0.0485,0.0422,0.0447,0.049,0.0421,0.0424,0.0438,0.0462,0.0427,0.0447,0.0446,0.0428,0.0426,0.0418,0.0441,0.0429,0.0454,0.0424,0.0454,0.044
French Polynesia,All sectors with LULUCF,Emissions (CO2),kilotonnes,-116.7509,-27.9663,-27.9663,-27.9663,-27.9663,-27.9663,-27.9663,-27.9663,-27.9663,-27.9663,-27.9663,0,0,0,0,0,0,0,0,0,0
French Polynesia,All sectors with LULUCF,Emissions (CO2eq) from CH4 (AR5),kilotonnes,38.7512,33.5006,28.1683,29.621,33.1221,29.3048,28.3181,30.3776,30.3776,30.5593,30.0174,30.0174,30.2535,30.2372,30.0202,29.8296,29.9582,30.1699,30.2164,30.2022,30.1686
French Polynesia,All sectors with LULUCF,Emissions (CO2eq) from N2O (AR5),kilotonnes,15.1722,12.8653,11.1721,11.8524,12.9918,11.1634,11.2265,11.5975,12.2329,11.3134,11.8491,11.8093,11.341,11.2769,11.0779,11.6975,11.3572,12.0197,11.2421,12.0405,11.6497
French Polynesia,All sectors with LULUCF,Emissions (CO2eq) (AR5),kilotonnes,-62.8275,18.3995,11.3741,13.5071,18.1475,12.5018,11.5782,14.0087,14.6442,13.9064,13.9002,41.8267,41.5945,41.5141,41.098,41.5271,41.3154,42.1896,41.4584,42.2427,41.8182
French Polynesia,All sectors without LULUCF,Emissions (CH4),kilotonnes,1.384,1.1964,1.006,1.0579,1.1829,1.0466,1.0114,1.0849,1.0849,1.0914,1.072,1.072,1.0805,1.0799,1.0721,1.0653,1.0699,1.0775,1.0792,1.0786,1.0774
French Polynesia,All sectors without LULUCF,Emissions (N2O),kilotonnes,0.0573,0.0485,0.0422,0.0447,0.049,0.0421,0.0424,0.0438,0.0462,0.0427,0.0447,0.0446,0.0428,0.0426,0.0418,0.0441,0.0429,0.0454,0.0424,0.0454,0.044
French Polynesia,All sectors without LULUCF,Emissions (CO2eq) from CH4 (AR5),kilotonnes,38.7512,33.5006,28.1683,29.621,33.1221,29.3048,28.3181,30.3776,30.3776,30.5593,30.0174,30.0174,30.2535,30.2372,30.0202,29.8296,29.9582,30.1699,30.2164,30.2022,30.1686
French Polynesia,All sectors without LULUCF,Emissions (CO2eq) from N2O (AR5),kilotonnes,15.1722,12.8653,11.1721,11.8524,12.9918,11.1634,11.2265,11.5975,12.2329,11.3134,11.8491,11.8093,11.341,11.2769,11.0779,11.6975,11.3572,12.0197,11.2421,12.0405,11.6497
French Polynesia,All sectors without LULUCF,Emissions (CO2eq) (AR5),kilotonnes,53.9234,46.3659,39.3404,41.4734,46.1139,40.4682,39.5445,41.975,42.6105,41.8727,41.8665,41.8267,41.5945,41.5141,41.098,41.5271,41.3154,42.1896,41.4584,42.2427,41.8182
Gabon,Crop Residues,Direct emissions (N2O),kilotonnes,0.0051,0.0051,0.005,0.0061,0.006,0.0067,0.0064,0.0065,0.0069,0.0076,0.0078,0.0081,0.0083,0.0085,0.0087,0.0087,0.0088,0.0089,0.0089,0.0089,0.009
Gabon,Crop Residues,Indirect emissions (N2O),kilotonnes,0.0011,0.0011,0.0011,0.0014,0.0014,0.0015,0.0014,0.0015,0.0016,0.0017,0.0017,0.0018,0.0019,0.0019,0.002,0.002,0.002,0.002,0.002,0.002,0.002
Gabon,Crop Residues,Emissions (N2O),kilotonnes,0.0063,0.0062,0.0061,0.0075,0.0074,0.0082,0.0078,0.0079,0.0085,0.0093,0.0095,0.0099,0.0102,0.0105,0.0107,0.0107,0.0108,0.011,0.0109,0.0109,0.011
Gabon,Crop Residues,Emissions (CO2eq) from N2O (AR5),kilotonnes,1.6583,1.6456,1.6221,1.9794,1.9483,2.167,2.0674,2.0998,2.2463,2.4521,2.5201,2.6264,2.6972,2.774,2.8347,2.8289,2.8596,2.904,2.88,2.8963,2.9054
Gabon,Crop Residues,Emissions (CO2eq) (AR5),kilotonnes,1.6583,1.6456,1.6221,1.9794,1.9483,2.167,2.0674,2.0998,2.2463,2.4521,2.5201,2.6264,2.6972,2.774,2.8347,2.8289,2.8596,2.904,2.88,2.8963,2.9054
Gabon,Rice Cultivation,Emissions (CH4),kilotonnes,0.035,0.0333,0.0336,0.034,0.0342,0.0344,0.0346,0.0318,0.0363,0.0375,0.0386,0.0398,0.0434,0.0434,0.0419,0.0416,0.042,0.0424,0.0417,0.0419,0.0421
Gabon,Rice Cultivation,Emissions (CO2eq) from CH4 (AR5),kilotonnes,0.98,0.933,0.9408,0.9506,0.9584,0.9643,0.9682,0.8898,1.0172,1.0486,1.0819,1.1133,1.2152,1.2152,1.174,1.1642,1.176,1.1878,1.1682,1.174,1.178
Gabon,Rice Cultivation,Emissions (CO2eq) (AR5),kilotonnes,0.98,0.933,0.9408,0.9506,0.9584,0.9643,0.9682,0.8898,1.0172,1.0486,1.0819,1.1133,1.2152,1.2152,1.174,1.1642,1.176,1.1878,1.1682,1.174,1.178
Gabon,Burning - Crop residues,Emissions (CH4),kilotonnes,0.051,0.0523,0.0531,0.0615,0.0594,0.0664,0.0624,0.0612,0.0667,0.074,0.0755,0.0789,0.0804,0.0822,0.0833,0.0842,0.0853,0.0843,0.0847,0.0849,0.0847
Gabon,Burning - Crop residues,Emissions (CH4),kilotonnes,0.04,,,,,,,,,,,,,,,,,,,,
Gabon,Burning - Crop residues,Emissions (N2O),kilotonnes,0.0013,0.0014,0.0014,0.0016,0.0015,0.0017,0.0016,0.0016,0.0017,0.0019,0.002,0.002,0.0021,0.0021,0.0022,0.0022,0.0022,0.0022,0.0022,0.0022,0.0022
Gabon,Burning - Crop residues,Emissions (N2O),kilotonnes,0.002,,,,,,,,,,,,,,,,,,,,
Gabon,Burning - Crop residues,Emissions (CO2eq) from CH4 (AR5),kilotonnes,1.4269,1.4638,1.4866,1.7222,1.6643,1.8606,1.7472,1.7127,1.8666,2.071,2.1144,2.2103,2.2503,2.3029,2.3312,2.3582,2.3882,2.3592,2.3716,2.3767,2.3728
Gabon,Burning - Crop residues,Emissions (CO2eq) from CH4 (AR5),kilotonnes,1.12,,,,,,,,,,,,,,,,,,,,
Gabon,Burning - Crop residues,Emissions (CO2eq) from N2O (AR5),kilotonnes,0.3501,0.3592,0.3648,0.4226,0.4084,0.4565,0.4287,0.4202,0.458,0.5082,0.5188,0.5424,0.5522,0.5651,0.572,0.5786,0.586,0.5789,0.5819,0.5832,0.5822
Gabon,Burning - Crop residues,Emissions (CO2eq) from N2O (AR5),kilotonnes,0.53,,,,,,,,,,,,,,,,,,,,
Gabon,Burning - Crop residues,Emissions (CO2eq) (AR5),kilotonnes,1.7771,1.8229,1.8514,2.1448,2.0726,2.3171,2.176,2.1329,2.3246,2.5792,2.6332,2.7527,2.8025,2.8679,2.9032,2.9368,2.9742,2.9381,2.9536,2.9598,2.9551
Gabon,Burning - Crop residues,Emissions (CO2eq) (AR5),kilotonnes,1.65,,,,,,,,,,,,,,,,,,,,
Gabon,Enteric Fermentation,Emissions (CH4),kilotonnes,2.8868,2.8818,2.8659,2.8325,2.8326,2.8327,2.8327,2.905,2.929,2.929,2.966,2.9915,3.043,3.148,3.19,3.2254,3.2558,3.2271,3.2538,3.2572,3.2786
Gabon,Enteric Fermentation,Emissions (CH4),kilotonnes,1.24,,,,,,,,,,,,,,,,,,,,
Gabon,Enteric Fermentation,Emissions (CO2eq) from CH4 (AR5),kilotonnes,80.8291,80.6908,80.2441,79.311,79.3127,79.3143,79.3156,81.34,82.012,82.012,83.048,83.762,85.204,88.144,89.32,90.3115,91.1628,90.3592,91.1053,91.2017,91.8009
Gabon,Enteric Fermentation,Emissions (CO2eq) from CH4 (AR5),kilotonnes,34.72,,,,,,,,,,,,,,,,,,,,
Gabon,Enteric Fermentation,Emissions (CO2eq) (AR5),kilotonnes,80.8291,80.6908,80.2441,79.311,79.3127,79.3143,79.3156,81.34,82.012,82.012,83.048,83.762,85.204,88.144,89.32,90.3115,91.1628,90.3592,91.1053,91.2017,91.8009
Gabon,Enteric Fermentation,Emissions (CO2eq) (AR5),kilotonnes,34.72,,,,,,,,,,,,,,,,,,,,
Gabon,Manure Management,Emissions (CH4),kilotonnes,0.3582,0.358,0.3545,0.3535,0.3535,0.3536,0.3535,0.3559,0.3585,0.3585,0.3597,0.3605,0.365,0.3722,0.3735,0.3755,0.3779,0.3783,0.3783,0.3793,0.381
Gabon,Manure Management,Emissions (CH4),kilotonnes,0.49,,,,,,,,,,,,,,,,,,,,
Gabon,Manure Management,Emissions (N2O),kilotonnes,0.0968,0.0968,0.0962,0.0962,0.0962,0.0962,0.0962,0.0967,0.0976,0.0975,0.0975,0.0976,0.0989,0.0999,0.0999,0.1003,0.1007,0.1015,0.1011,0.1014,0.1018
Gabon,Manure Management,Emissions (N2O),kilotonnes,0.03,,,,,,,,,,,,,,,,,,,,
Gabon,Manure Management,Emissions (CO2eq) from CH4 (AR5),kilotonnes,10.0288,10.024,9.9274,9.8994,9.8994,9.8994,9.8994,9.9644,10.0391,10.0391,10.0716,10.0946,10.22,10.4216,10.4566,10.5137,10.5807,10.5923,10.5914,10.6211,10.6677
Gabon,Manure Management,Emissions (CO2eq) from CH4 (AR5),kilotonnes,13.72,,,,,,,,,,,,,,,,,,,,
Gabon,Manure Management,Emissions (CO2eq) from N2O (AR5),kilotonnes,25.6408,25.6405,25.5059,25.5008,25.5022,25.5022,25.505,25.6353,25.8675,25.8458,25.8499,25.853,26.2082,26.4686,26.4758,26.5707,26.6888,26.9085,26.782,26.8696,26.9645
Gabon,Manure Management,Emissions (CO2eq) from N2O (AR5),kilotonnes,7.95,,,,,,,,,,,,,,,,,,,,
Gabon,Manure Management,Emissions (CO2eq) (AR5),kilotonnes,35.6696,35.6645,35.4333,35.4002,35.4016,35.4016,35.4044,35.5996,35.9066,35.8849,35.9215,35.9476,36.4282,36.8902,36.9324,37.0844,37.2695,37.5008,37.3735,37.4907,37.6321
Gabon,Manure Management,Emissions (CO2eq) (AR5),kilotonnes,21.67,,,,,,,,,,,,,,,,,,,,
Gabon,Manure left on Pasture,Direct emissions (N2O),kilotonnes,0.1375,0.1373,0.1357,0.1344,0.1345,0.1345,0.1347,0.1372,0.1379,0.1365,0.138,0.139,0.1411,0.1463,0.1479,0.1503,0.1516,0.1503,0.1515,0.1514,0.1525
Gabon,Manure left on Pasture,Indirect emissions (N2O),kilotonnes,0.0416,0.0415,0.041,0.0407,0.0407,0.0407,0.0408,0.0414,0.0416,0.0413,0.0418,0.0421,0.0428,0.0448,0.0454,0.046,0.0465,0.0462,0.0466,0.0465,0.0469
Gabon,Manure left on Pasture,Emissions (N2O),kilotonnes,0.1791,0.1787,0.1767,0.1751,0.1752,0.1752,0.1754,0.1786,0.1795,0.1778,0.1798,0.1812,0.1839,0.1912,0.1933,0.1963,0.1981,0.1965,0.1981,0.1979,0.1994
Gabon,Manure left on Pasture,Emissions (CO2eq) from N2O (AR5),kilotonnes,47.4489,47.3613,46.8264,46.4032,46.4328,46.4333,46.4918,47.3258,47.5632,47.1134,47.6554,48.0076,48.7361,50.657,51.2228,52.0118,52.5022,52.068,52.5055,52.4494,52.8287
Gabon,Manure left on Pasture,Emissions (CO2eq) (AR5),kilotonnes,47.4489,47.3613,46.8264,46.4032,46.4328,46.4333,46.4918,47.3258,47.5632,47.1134,47.6554,48.0076,48.7361,50.657,51.2228,52.0118,52.5022,52.068,52.5055,52.4494,52.8287
Gabon,Manure applied to Soils,Direct emissions (N2O),kilotonnes,0.0533,0.0533,0.0529,0.0529,0.0529,0.0529,0.0529,0.0533,0.0538,0.0536,0.0536,0.0536,0.0544,0.055,0.0551,0.0553,0.0556,0.056,0.0558,0.0559,0.0561
Gabon,Manure applied to Soils,Indirect emissions (N2O),kilotonnes,0.0226,0.0226,0.0225,0.0225,0.0225,0.0225,0.0225,0.0227,0.0229,0.0228,0.0228,0.0228,0.0231,0.0234,0.0234,0.0235,0.0236,0.0238,0.0237,0.0238,0.0239
Gabon,Manure applied to Soils,Emissions (N2O),kilotonnes,0.0759,0.0759,0.0754,0.0754,0.0754,0.0754,0.0754,0.076,0.0766,0.0764,0.0764,0.0764,0.0775,0.0784,0.0785,0.0789,0.0792,0.0798,0.0795,0.0797,0.08
Gabon,Manure applied to Soils,Emissions (CO2eq) from N2O (AR5),kilotonnes,20.1223,20.1207,19.9879,19.9779,19.982,19.9821,19.9902,20.1377,20.3041,20.2421,20.2534,20.2585,20.5297,20.7774,20.7898,20.8978,20.9892,21.1426,21.0585,21.1138,21.1938
Gabon,Manure applied to Soils,Emissions (CO2eq) (AR5),kilotonnes,20.1223,20.1207,19.9879,19.9779,19.982,19.9821,19.9902,20.1377,20.3041,20.2421,20.2534,20.2585,20.5297,20.7774,20.7898,20.8978,20.9892,21.1426,21.0585,21.1138,21.1938
Gabon,Synthetic Fertilizers,Direct emissions (N2O),kilotonnes,0.0016,0.0016,0.0087,0.003,0.0107,0.0091,0.0126,0.014,0.0129,0.0139,0.0093,0.006,0.0204,0.0201,0.0291,0.0695,0.0576,0.1217,0.0976,0.0906,0.0423
Gabon,Synthetic Fertilizers,Indirect emissions (N2O),kilotonnes,0.0005,0.0005,0.0028,0.001,0.0035,0.003,0.0041,0.0045,0.0042,0.0045,0.003,0.0019,0.0066,0.0065,0.0095,0.0226,0.0187,0.0396,0.0317,0.0294,0.0137
Gabon,Synthetic Fertilizers,Emissions (N2O),kilotonnes,0.0021,0.0021,0.0115,0.004,0.0142,0.0121,0.0166,0.0185,0.0171,0.0184,0.0123,0.0079,0.0271,0.0266,0.0386,0.092,0.0763,0.1613,0.1294,0.12,0.056
Gabon,Synthetic Fertilizers,Emissions (CO2eq) from N2O (AR5),kilotonnes,0.5518,0.5518,3.0513,1.0484,3.752,3.2003,4.4086,4.9107,4.5245,4.8721,3.272,2.1022,7.1748,7.0473,10.2194,24.3907,20.2211,42.7407,34.2809,31.8013,14.8364
Gabon,Synthetic Fertilizers,Emissions (CO2eq) (AR5),kilotonnes,0.5518,0.5518,3.0513,1.0484,3.752,3.2003,4.4086,4.9107,4.5245,4.8721,3.272,2.1022,7.1748,7.0473,10.2194,24.3907,20.2211,42.7407,34.2809,31.8013,14.8364
Gabon,Drained organic soils,Emissions (CO2eq) (AR5),kilotonnes,559.3594,577.507,585.0775,596.6548,611.0103,611.1016,611.2908,612.5008,612.1839,611.4502,606.6214,607.91,607.5677,608.8529,612.1762,612.1762,614.2992,615.76,621.8629,607.0361,623.7616
Gabon,Drained organic soils (CO2),Emissions (CO2),kilotonnes,537.4142,554.8517,562.1276,573.2493,587.0433,587.1311,587.3105,588.4733,588.1688,587.4626,582.8223,584.0601,583.7312,584.9665,588.1582,588.1582,590.1984,591.6023,597.4667,583.2256,599.2992
Gabon,Drained organic soils (CO2),Emissions (CO2eq) (AR5),kilotonnes,537.4142,554.8517,562.1276,573.2493,587.0433,587.1311,587.3105,588.4733,588.1688,587.4626,582.8223,584.0601,583.7312,584.9665,588.1582,588.1582,590.1984,591.6023,597.4667,583.2256,599.2992
Gabon,Drained organic soils (N2O),Emissions (N2O),kilotonnes,0.0828,0.0855,0.0866,0.0883,0.0904,0.0905,0.0905,0.0907,0.0906,0.0905,0.0898,0.09,0.0899,0.0901,0.0906,0.0906,0.0909,0.0912,0.0921,0.0899,0.0923
Gabon,Drained organic soils (N2O),Emissions (CO2eq) from N2O (AR5),kilotonnes,21.9453,22.6554,22.9499,23.4055,23.967,23.9705,23.9803,24.0275,24.0151,23.9876,23.7991,23.8499,23.8365,23.8864,24.0181,24.0181,24.1008,24.1578,24.3962,23.8104,24.4624
Gabon,Drained organic soils (N2O),Emissions (CO2eq) (AR5),kilotonnes,21.9453,22.6554,22.9499,23.4055,23.967,23.9705,23.9803,24.0275,24.0151,23.9876,23.7991,23.8499,23.8365,23.8864,24.0181,24.0181,24.1008,24.1578,24.3962,23.8104,24.4624
Gabon,On-farm energy use,Emissions (CH4),kilotonnes,0.0059,0.0064,0.0071,0.0073,0.007,0.008,0.0069,0.0071,0.0074,0.007,0.0089,0.0098,0.0099,0.0108,0.0113,0.0117,0.0125,0.0108,0.0159,0.0168,0.0168
Gabon,On-farm energy use,Emissions (N2O),kilotonnes,0.0076,0.0076,0.0089,0.0077,0.0089,0.0089,0.0088,0.0113,0.0113,0.0101,0.015,0.0175,0.0187,0.0212,0.02,0.02,0.0213,0.0067,0.0072,0.0046,0.0046
Gabon,On-farm energy use,Emissions (CO2),kilotonnes,48.2629,48.9816,56.3111,57.0355,56.612,64.0286,54.7706,59.9618,61.1928,57.2489,73.5362,81.6416,85.698,93.2623,94.0683,97.2622,104.5197,74.867,114.6885,118.8126,118.8126
Gabon,On-farm energy use,Emissions (CO2eq) from CH4 (AR5),kilotonnes,0.1639,0.1797,0.1981,0.2038,0.1963,0.2243,0.1932,0.1997,0.2082,0.1973,0.2491,0.2738,0.2775,0.3036,0.316,0.3278,0.3494,0.3022,0.4447,0.4704,0.4704
Gabon,On-farm energy use,Emissions (CO2eq) from N2O (AR5),kilotonnes,2.009,2.0124,2.3472,2.0276,2.3467,2.3622,2.3437,2.9928,2.9978,2.6701,3.9817,4.639,4.966,5.6228,5.3062,5.3131,5.6473,1.7763,1.9076,1.2279,1.2279
Gabon,On-farm energy use,Emissions (CO2eq) (AR5),kilotonnes,50.4358,51.1738,58.8564,59.2669,59.155,66.6151,57.3076,63.1543,64.3987,60.1164,77.7671,86.5544,90.9414,99.1886,99.6905,102.9031,110.5164,76.9454,117.0408,120.5109,120.5109
Gabon,Forestland,Emissions (CO2),kilotonnes,0,0,0,0,0,0,0,0,0,0,0,0,0,0,0,0,0,0,0,0,0
Gabon,Forestland,Emissions (CO2eq) (AR5),kilotonnes,0,0,0,0,0,0,0,0,0,0,0,0,0,0,0,0,0,0,0,0,0
Gabon,Net Forest conversion,Emissions (CO2),kilotonnes,2939.7053,2413.4971,2413.4971,2413.4971,2413.4971,2413.4971,2413.4971,2413.4971,2413.4971,2413.4971,2413.4971,5668.5457,5668.5457,5668.5457,5668.5457,5668.5457,5667.5916,5667.5916,5667.5916,5667.5916,5667.5916
Gabon,Net Forest conversion,Emissions (CO2eq) (AR5),kilotonnes,2939.7053,2413.4971,2413.4971,2413.4971,2413.4971,2413.4971,2413.4971,2413.4971,2413.4971,2413.4971,2413.4971,5668.5457,5668.5457,5668.5457,5668.5457,5668.5457,5667.5916,5667.5916,5667.5916,5667.5916,5667.5916
Gabon,Savanna fires,Emissions (CH4),kilotonnes,1.9243,1.6591,2.4885,3.2319,4.7422,3.4648,4.8065,4.4971,5.9917,3.5953,4.2299,5.6559,5.223,5.657,3.8516,4.2362,4.7914,5.3055,3.5061,5.6574,4.1035
Gabon,Savanna fires,Emissions (N2O),kilotonnes,0.1757,0.1515,0.2272,0.2951,0.433,0.3163,0.4389,0.4106,0.5471,0.3283,0.3862,0.5164,0.4769,0.5165,0.3517,0.3868,0.4375,0.4844,0.3201,0.5165,0.3747
Gabon,Savanna fires,Emissions (CO2eq) from CH4 (AR5),kilotonnes,53.8796,46.4551,69.6787,90.4937,132.782,97.013,134.5833,125.919,167.768,100.6693,118.4359,158.3656,146.2443,158.3968,107.844,118.6134,134.1588,148.5526,98.1704,158.4068,114.8974
Gabon,Savanna fires,Emissions (CO2eq) from N2O (AR5),kilotonnes,46.5592,40.1433,60.2115,78.1984,114.7409,83.8319,116.2975,108.8104,144.9735,86.9914,102.3441,136.8485,126.3742,136.8755,93.1913,102.4975,115.9307,128.3688,84.8321,136.8841,99.2863
Gabon,Savanna fires,Emissions (CO2eq) (AR5),kilotonnes,100.4388,86.5984,129.8902,168.6921,247.5229,180.8449,250.8808,234.7294,312.7415,187.6607,220.78,295.2141,272.6185,295.2724,201.0352,221.1109,250.0895,276.9215,183.0025,295.2909,214.1837
Gabon,Fires in organic soils,Emissions (CH4),kilotonnes,0,0,0,0,0,0,0,0,0,0,0,0,0,0,0,0,0,0,0,0,0
Gabon,Fires in organic soils,Emissions (CO2),kilotonnes,0,0,0,0,0,0,0,0,0,0,0,0,0,0,0,0,0,0,0,0,0
Gabon,Fires in organic soils,Emissions (CO2eq) from CH4 (AR5),kilotonnes,0,0,0,0,0,0,0,0,0,0,0,0,0,0,0,0,0,0,0,0,0
Gabon,Fires in organic soils,Emissions (CO2eq) (AR5),kilotonnes,0,0,0,0,0,0,0,0,0,0,0,0,0,0,0,0,0,0,0,0,0
Gabon,Forest fires,Emissions (CH4),kilotonnes,0.8678,0.101,0.3297,0.6196,2.1432,1.1009,1.0424,0.5797,1.1674,0.71,0.7977,1.5556,0.6275,1.061,0.5371,1.0105,1.0503,1.2124,0.9121,1.0557,0.7871
Gabon,Forest fires,Emissions (N2O),kilotonnes,0.0255,0.0092,0.0301,0.0566,0.1957,0.1005,0.0952,0.0529,0.1066,0.0648,0.0728,0.142,0.0573,0.0969,0.049,0.0923,0.0959,0.1107,0.0833,0.0964,0.0719
Gabon,Forest fires,Emissions (CO2eq) from CH4 (AR5),kilotonnes,24.2976,2.8293,9.2324,17.3479,60.0103,30.8244,29.1862,16.2311,32.6859,19.8793,22.3364,43.5559,17.5713,29.7074,15.0398,28.2927,29.4095,33.9463,25.5378,29.5587,22.0385
Gabon,Forest fires,Emissions (CO2eq) from N2O (AR5),kilotonnes,6.7633,2.4449,7.978,14.9908,51.8567,26.6363,25.2207,14.0258,28.2449,17.1783,19.3016,37.638,15.1839,25.6711,12.9964,24.4485,25.4136,29.334,22.068,25.5426,19.0441
Gabon,Forest fires,Emissions (CO2eq) (AR5),kilotonnes,31.0609,5.2741,17.2103,32.3387,111.8669,57.4607,54.4068,30.257,60.9308,37.0575,41.638,81.1939,32.7551,55.3785,28.0362,52.7412,54.8232,63.2802,47.6059,55.1013,41.0826
Gabon,Fires in humid tropical forests,Emissions (CH4),kilotonnes,0.8604,0.101,0.3297,0.6196,2.1432,1.1009,1.0424,0.5797,1.1674,0.71,0.7977,1.5556,0.6275,1.061,0.5371,1.0105,1.0503,1.2099,0.9121,1.0557,0.7871
Gabon,Fires in humid tropical forests,Emissions (N2O),kilotonnes,0.0253,0.0092,0.0301,0.0566,0.1957,0.1005,0.0952,0.0529,0.1066,0.0648,0.0728,0.142,0.0573,0.0969,0.049,0.0923,0.0959,0.1105,0.0833,0.0964,0.0719
Gabon,Fires in humid tropical forests,Emissions (CO2eq) from CH4 (AR5),kilotonnes,24.0908,2.8293,9.2324,17.3479,60.0103,30.8244,29.1862,16.2311,32.6859,19.8793,22.3364,43.5559,17.5713,29.7074,15.0398,28.2927,29.4095,33.8769,25.5378,29.5587,22.0385
Gabon,Fires in humid tropical forests,Emissions (CO2eq) from N2O (AR5),kilotonnes,6.7058,2.4449,7.978,14.9908,51.8567,26.6363,25.2207,14.0258,28.2449,17.1783,19.3016,37.638,15.1839,25.6711,12.9964,24.4485,25.4136,29.2741,22.068,25.5426,19.0441
Gabon,Fires in humid tropical forests,Emissions (CO2eq) (AR5),kilotonnes,30.7967,5.2741,17.2103,32.3387,111.8669,57.4607,54.4068,30.257,60.9308,37.0575,41.638,81.1939,32.7551,55.3785,28.0362,52.7412,54.8232,63.1509,47.6059,55.1013,41.0826
Gabon,Waste - agri-food systems,Emissions (CH4),kilotonnes,4.527,4.6198,4.6711,4.7191,4.7478,4.8165,4.8785,4.9472,5.0276,5.0933,5.1679,5.2569,5.3441,5.4351,5.5146,5.551,5.6135,5.6718,5.7327,5.7759,5.8137
Gabon,Waste - agri-food systems,Emissions (N2O),kilotonnes,0.0348,0.0359,0.0347,0.036,0.0387,0.041,0.0426,0.0431,0.0432,0.045,0.0468,0.0507,0.0536,0.0562,0.0569,0.0589,0.058,0.0584,0.0599,0.0611,0.0624
Gabon,Waste - agri-food systems,Emissions (CO2),kilotonnes,0,0,0,0,0,0,0,0,0,0,0,0,0,0,0,0,0,0,0,0,0
Gabon,Waste - agri-food systems,Emissions (CO2eq) from CH4 (AR5),kilotonnes,126.7562,129.3534,130.7912,132.134,132.9376,134.8632,136.5985,138.5205,140.7715,142.6122,144.7008,147.1924,149.6343,152.1827,154.409,155.4281,157.1774,158.8116,160.5161,161.7262,162.7824
Gabon,Waste - agri-food systems,Emissions (CO2eq) from N2O (AR5),kilotonnes,9.2129,9.5121,9.1949,9.5412,10.265,10.8645,11.2908,11.4213,11.437,11.9264,12.3999,13.431,14.2081,14.9049,15.0861,15.6205,15.3667,15.4821,15.8621,16.2024,16.5417
Gabon,Waste - agri-food systems,Emissions (CO2eq) (AR5),kilotonnes,135.969,138.8655,139.9861,141.6752,143.2026,145.7277,147.8893,149.9418,152.2085,154.5386,157.1007,160.6234,163.8425,167.0876,169.4951,171.0486,172.5441,174.2937,176.3782,177.9287,179.3241
Gabon,On-farm electricity use,Emissions (CH4),kilotonnes,0,0,0,0,0,0,0,0,0,0,0,0,0,0,0,0,0,0,0,0,0
Gabon,On-farm electricity use,Emissions (N2O),kilotonnes,0,0,0,0,0,0,0,0,0,0,0,0,0,0,0,0,0,0,0,0,0
Gabon,On-farm electricity use,Emissions (CO2),kilotonnes,0,0,0,0,0,0,0,0,0,0,0,0,0,0,0,0,0,0,0,0,0
Gabon,On-farm electricity use,Emissions (CO2eq) from CH4 (AR5),kilotonnes,0,0,0,0,0,0,0,0,0,0,0,0,0,0,0,0,0,0,0,0,0
Gabon,On-farm electricity use,Emissions (CO2eq) from N2O (AR5),kilotonnes,0,0,0,0,0,0,0,0,0,0,0,0,0,0,0,0,0,0,0,0,0
Gabon,On-farm electricity use,Emissions (CO2eq) (AR5),kilotonnes,0,0,0,0,0,0,0,0,0,0,0,0,0,0,0,0,0,0,0,0,0
Gabon,Food Processing,Emissions (CH4),kilotonnes,0.0912,0.0972,0.1032,0.1068,0.1068,0.1092,0.1152,0.12,0.126,0.1272,0.1344,0.1416,0.15,0.1585,0.1657,0.1705,0.1861,0.2209,0.2221,0.2221,0.2137
Gabon,Food Processing,Emissions (N2O),kilotonnes,0.0006,0.0006,0.0006,0.0007,0.0007,0.0007,0.0006,0.0006,0.0006,0.0006,0.0007,0.0007,0.0008,0.0008,0.0009,0.0009,0.001,0.0011,0.0011,0.0011,0.0011
Gabon,Food Processing,Emissions (CO2),kilotonnes,2.1633,2.2621,2.3609,2.4987,2.4426,2.5718,6.0179,10.3373,10.899,12.8628,14.2448,14.9881,15.9874,14.672,15.3211,15.7912,17.0105,19.6053,19.7509,19.7509,18.6922
Gabon,Food Processing,Emissions (CO2eq) from CH4 (AR5),kilotonnes,2.5536,2.7216,2.8896,2.9904,2.9904,3.0576,3.2256,3.36,3.528,3.5616,3.7632,3.9648,4.2,4.438,4.6396,4.774,5.2108,6.1852,6.2188,6.2188,5.9841
Gabon,Food Processing,Emissions (CO2eq) from N2O (AR5),kilotonnes,0.159,0.159,0.159,0.1855,0.1855,0.1855,0.159,0.159,0.159,0.159,0.1855,0.1855,0.212,0.212,0.2385,0.2385,0.265,0.2915,0.2915,0.2915,0.2986
Gabon,Food Processing,Emissions (CO2eq) (AR5),kilotonnes,4.8759,5.1427,5.4095,5.6746,5.6185,5.8149,9.4025,13.8563,14.586,16.5834,18.1935,19.1384,20.3994,19.322,20.1992,20.8037,22.4863,26.082,26.2612,26.2612,24.9749
Gabon,Food Packaging,Emissions (CH4),kilotonnes,0.2207,0.358,0.3551,1.1344,1.3819,1.337,1.1282,1.028,1.1802,1.1773,1.6431,1.714,1.5646,1.6369,1.9142,2.1204,2.3719,2.0962,2.0523,2.2499,2.165
Gabon,Food Packaging,Emissions (N2O),kilotonnes,0.0001,0.0001,0.0001,0.0003,0.0005,0.0005,0.0005,0.0006,0.0007,0.0008,0.001,0.001,0.0008,0.0012,0.0014,0.0015,0.0017,0.0017,0.0017,0.0015,0.0015
Gabon,Food Packaging,Emissions (CO2),kilotonnes,15.0233,18.8143,18.8387,39.03,44.1126,44.2837,41.0534,38.5862,43.2886,41.9238,49.3645,38.9745,35.2584,29.5731,59.7556,57.8931,49.1526,44.0066,42.3473,54.8474,51.9073
Gabon,Food Packaging,Emissions (CO2eq) from CH4 (AR5),kilotonnes,6.1796,10.024,9.9428,31.7632,38.6932,37.436,31.5896,28.784,33.0456,32.9644,46.0068,47.992,43.8088,45.8332,53.5976,59.3712,66.4132,58.6936,57.4644,62.9972,60.6199
Gabon,Food Packaging,Emissions (CO2eq) from N2O (AR5),kilotonnes,0.0265,0.0265,0.0265,0.0795,0.1325,0.1325,0.1325,0.159,0.1855,0.212,0.265,0.265,0.212,0.318,0.371,0.3975,0.4505,0.4505,0.4505,0.3975,0.4071
Gabon,Food Packaging,Emissions (CO2eq) (AR5),kilotonnes,21.2294,28.8648,28.808,70.8727,82.9383,81.8522,72.7755,67.5292,76.5197,75.1002,95.6363,87.2315,79.2792,75.7243,113.7242,117.6618,116.0163,103.1507,100.2622,118.2421,112.9344
Gabon,Food Retail,Emissions (CH4),kilotonnes,0.0253,0.027,0.0285,0.0295,0.0296,0.0302,0.0321,0.0333,0.035,0.0351,0.0373,0.0394,0.0418,0.0443,0.0461,0.0476,0.0518,0.0509,0.0514,0.0472,0.0454
Gabon,Food Retail,Emissions (N2O),kilotonnes,0.0002,0.0002,0.0002,0.0002,0.0002,0.0002,0.0002,0.0002,0.0002,0.0002,0.0003,0.0003,0.0004,0.0004,0.0004,0.0004,0.0004,0.0003,0.0003,0.0003,0.0003
Gabon,Food Retail,Emissions (CO2),kilotonnes,7.2871,6.8812,8.2302,7.3452,8.2374,7.7961,8.7318,11.6501,11.745,11.8248,16.6216,19.0134,20.5991,21.9799,21.6716,20.8922,22.0975,10.5208,10.5584,19.2516,18.2196
Gabon,Food Retail,Emissions (CO2eq) from F-gases (AR5),kilotonnes,3.6365,4.6755,5.7145,6.7535,7.7925,9.351,10.39,11.429,11.429,11.429,11.429,11.429,11.429,11.429,11.429,11.429,12.468,12.9875,12.9875,13.507,14.1377
Gabon,Food Retail,Emissions (CO2eq) from CH4 (AR5),kilotonnes,0.7084,0.756,0.798,0.826,0.8288,0.8456,0.8988,0.9324,0.98,0.9828,1.0444,1.1032,1.1704,1.2404,1.2908,1.3328,1.4504,1.4252,1.4392,1.3216,1.2717
Gabon,Food Retail,Emissions (CO2eq) from N2O (AR5),kilotonnes,0.053,0.053,0.053,0.053,0.053,0.053,0.053,0.053,0.053,0.053,0.0795,0.0795,0.106,0.106,0.106,0.106,0.106,0.0795,0.0795,0.0795,0.0814
Gabon,Food Retail,Emissions (CO2eq) (AR5),kilotonnes,11.685,12.3657,14.7957,14.9777,16.9117,18.0457,20.0736,24.0645,24.207,24.2896,29.1745,31.6251,33.3045,34.7553,34.4974,33.76,36.1219,25.013,25.0646,34.1597,33.7105
Gabon,Food Household Consumption,Emissions (CH4),kilotonnes,0.2427,0.2593,0.2737,0.2829,0.2837,0.2905,0.3071,0.3199,0.3356,0.338,0.3586,0.3777,0.4004,0.4225,0.4405,0.4543,0.4938,0.5386,0.5433,0.5433,0.5228
Gabon,Food Household Consumption,Emissions (N2O),kilotonnes,0.0016,0.0017,0.0019,0.0019,0.0019,0.002,0.0019,0.0017,0.0019,0.0019,0.0022,0.0022,0.0025,0.0025,0.0025,0.0026,0.0028,0.003,0.003,0.003,0.0031
Gabon,Food Household Consumption,Emissions (CO2),kilotonnes,39.6037,39.5952,45.8467,43.3519,42.1401,48.2113,57.0485,70.2449,70.0417,78.7412,99.722,99.9387,105.8148,105.4447,103.1105,102.9306,107.0279,90.5199,90.866,90.866,85.9952
Gabon,Food Household Consumption,Emissions (CO2eq) from CH4 (AR5),kilotonnes,6.7956,7.2604,7.6636,7.9212,7.9436,8.134,8.5988,8.9572,9.3968,9.464,10.0408,10.5756,11.2112,11.83,12.334,12.7204,13.8264,15.0808,15.2124,15.2124,14.6383
Gabon,Food Household Consumption,Emissions (CO2eq) from N2O (AR5),kilotonnes,0.424,0.4505,0.5035,0.5035,0.5035,0.53,0.5035,0.4505,0.5035,0.5035,0.583,0.583,0.6625,0.6625,0.6625,0.689,0.742,0.795,0.795,0.795,0.8143
Gabon,Food Household Consumption,Emissions (CO2eq) (AR5),kilotonnes,46.8233,47.3061,54.0138,51.7766,50.5872,56.8753,66.1508,79.6526,79.942,88.7087,110.3458,111.0973,117.6885,117.9372,116.107,116.34,121.5963,106.3957,106.8734,106.8734,101.4478
Gabon,Food Transport,Emissions (CH4),kilotonnes,0.0056,0.0071,0.007,0.0066,0.0067,0.0068,0.007,0.0075,0.0077,0.0072,0.0106,0.0118,0.0116,0.0132,0.0133,0.0132,0.0134,0.0134,0.0135,0.0131,0.0126
Gabon,Food Transport,Emissions (N2O),kilotonnes,0.0006,0.0008,0.0008,0.0007,0.0007,0.0007,0.0008,0.0008,0.0008,0.0008,0.0011,0.0013,0.0012,0.0014,0.0014,0.0014,0.0014,0.0015,0.0015,0.0014,0.0014
Gabon,Food Transport,Emissions (CO2),kilotonnes,35.2,39.71,43.23,38.72,41.14,40.48,40.81,46.75,47.1279,44.0479,69.5679,79.0435,82.5318,92.6679,90.9079,88.3779,89.4779,89.5872,90.3576,87.0196,82.355
Gabon,Food Transport,Emissions (CO2eq) from CH4 (AR5),kilotonnes,0.1568,0.1988,0.196,0.1848,0.1876,0.1904,0.196,0.21,0.2156,0.2016,0.2968,0.3304,0.3248,0.3696,0.3724,0.3696,0.3752,0.3752,0.378,0.3668,0.353
Gabon,Food Transport,Emissions (CO2eq) from N2O (AR5),kilotonnes,0.159,0.212,0.212,0.1855,0.1855,0.1855,0.212,0.212,0.212,0.212,0.2915,0.3445,0.318,0.371,0.371,0.371,0.371,0.3975,0.3975,0.371,0.38
Gabon,Food Transport,Emissions (CO2eq) (AR5),kilotonnes,35.5158,40.1208,43.638,39.0903,41.5131,40.8559,41.218,47.172,47.5555,44.4615,70.1562,79.7184,83.1746,93.4085,91.6513,89.1185,90.2241,90.3599,91.1331,87.7574,83.0879
Gabon,Energy,Emissions (CH4),kilotonnes,670,687,665,736,682,632,532,447,484,467,468,465,459,441,442,462,457,403,392,371,357
Gabon,Energy,Emissions (N2O),kilotonnes,0.247,0.254,0.309,0.379,0.426,0.479,0.527,0.579,0.642,0.695,0.762,0.577,0.491,0.763,0.72,0.733,0.727,0.716,0.714,0.784,0.803
Gabon,Energy,Emissions (CO2),kilotonnes,6310,6650,6400,7260,6550,6210,5520,5020,5360,5280,5790,5640,5710,6010,6460,6570,6590,5980,5730,5410,5120
Gabon,Energy,Emissions (CO2eq) from CH4 (AR5),kilotonnes,18760,19236,18620,20608,19096,17696,14896,12516,13552,13076,13104,13020,12852,12348,12376,12936,12796,11284,10976,10388,9996
Gabon,Energy,Emissions (CO2eq) from N2O (AR5),kilotonnes,65.455,67.31,81.885,100.435,112.89,126.935,139.655,153.435,170.13,184.175,201.93,152.905,130.115,202.195,190.8,194.245,192.655,189.74,189.21,207.76,212.795
Gabon,Energy,Emissions (CO2eq) (AR5),kilotonnes,25135.455,25953.31,25101.885,27968.435,25758.89,24032.935,20555.655,17689.435,19082.13,18540.175,19095.93,18812.905,18692.115,18560.195,19026.8,19700.245,19578.655,17453.74,16895.21,16005.76,15328.795
Gabon,IPPU,Emissions (N2O),kilotonnes,0,0,0,0,0,0,0,0,0,0,0,0,0,0,0,0,0,0,0,0,0
Gabon,IPPU,Emissions (CO2),kilotonnes,108,116,122,123,123,123,122,110,110,119,109,110,98.3,88.7,92.2,100,154,166,213,233,233
Gabon,IPPU,Emissions (CO2eq) from F-gases (AR5),kilotonnes,3.2068,4.3049,5.3058,6.6079,7.9392,9.426,10.6893,11.9526,13.2159,14.4791,15.7424,16.2283,17.2972,18.3662,19.5323,20.6012,21.6701,22.8362,23.9052,24.9741,26.1402
Gabon,IPPU,Emissions (CO2eq) from N2O (AR5),kilotonnes,0.0036,0.0037,0.0038,0.0039,0.004,0.0041,0.0042,0.0043,0.0045,0.0046,0.0048,0.005,0.0051,0.0053,0.0055,0.0056,0.0058,0.0059,0.006,0.0062,0.0064
Gabon,IPPU,Emissions (CO2eq) (AR5),kilotonnes,111.2104,120.3086,127.3095,129.6118,130.9432,132.4301,132.6935,121.9569,123.2203,133.4838,124.7472,126.2333,115.6023,107.0715,111.7377,120.6068,175.6759,188.8421,236.9112,257.9803,259.1466
Gabon,Waste,Emissions (CH4),kilotonnes,9.28,9.56,9.83,10.1,10.4,10.8,11.1,11.5,11.9,12.3,12.7,13.2,13.8,14.3,14.8,15.3,15.7,16.1,16.4,16.9,17.4
Gabon,Waste,Emissions (N2O),kilotonnes,0.0589,0.0604,0.062,0.0623,0.0644,0.0686,0.073,0.0758,0.0775,0.0794,0.0818,0.0864,0.0918,0.0975,0.101,0.104,0.104,0.104,0.106,0.114,0.117
Gabon,Waste,Emissions (CO2),kilotonnes,0.156,0.162,0.167,0.173,0.179,0.185,0.192,0.2,0.208,0.216,0.225,0.234,0.244,0.254,0.264,0.273,0.281,0.289,0.296,0.306,0.315
Gabon,Waste,Emissions (CO2eq) from CH4 (AR5),kilotonnes,259.84,267.68,275.24,282.8,291.2,302.4,310.8,322,333.2,344.4,355.6,369.6,386.4,400.4,414.4,428.4,439.6,450.8,459.2,473.2,487.2
Gabon,Waste,Emissions (CO2eq) from N2O (AR5),kilotonnes,15.6085,16.006,16.43,16.5095,17.066,18.179,19.345,20.087,20.5375,21.041,21.677,22.896,24.327,25.8375,26.765,27.56,27.56,27.56,28.09,30.21,31.005
Gabon,Waste,Emissions (CO2eq) (AR5),kilotonnes,275.6045,283.848,291.837,299.4825,308.445,320.764,330.337,342.287,353.9455,365.657,377.502,392.73,410.971,426.4915,441.429,456.233,467.441,478.649,487.586,503.716,518.52
Gabon,Other,Emissions (N2O),kilotonnes,0.135,0.136,0.169,0.206,0.239,0.28,0.31,0.353,0.38,0.405,0.451,0.352,0.305,0.466,0.438,0.443,0.441,0.436,0.436,0.482,0.494
Gabon,Other,Emissions (CO2eq) from N2O (AR5),kilotonnes,35.775,36.04,44.785,54.59,63.335,74.2,82.15,93.545,100.7,107.325,119.515,93.28,80.825,123.49,116.07,117.395,116.865,115.54,115.54,127.73,130.91
Gabon,Other,Emissions (CO2eq) (AR5),kilotonnes,35.775,36.04,44.785,54.59,63.335,74.2,82.15,93.545,100.7,107.325,119.515,93.28,80.825,123.49,116.07,117.395,116.865,115.54,115.54,127.73,130.91
Gabon,Farm-gate emissions,Emissions (CH4),kilotonnes,5.261,4.9909,5.8027,6.5207,8.029,6.7599,8.0967,7.8581,9.3897,7.0013,7.6786,9.1364,8.7647,9.3137,7.5515,7.9746,8.5649,9.0483,7.2804,9.4375,7.9067
Gabon,Farm-gate emissions,Direct emissions (N2O),kilotonnes,0.1975,0.1972,0.2023,0.1964,0.2041,0.2032,0.2065,0.211,0.2114,0.2115,0.2087,0.2068,0.2242,0.2299,0.2408,0.2838,0.2736,0.3369,0.3138,0.3068,0.2598
Gabon,Farm-gate emissions,Indirect emissions (N2O),kilotonnes,0.0659,0.0658,0.0675,0.0656,0.0681,0.0677,0.0688,0.0701,0.0702,0.0703,0.0694,0.0687,0.0745,0.0767,0.0802,0.0941,0.0908,0.1116,0.104,0.1017,0.0865
Gabon,Farm-gate emissions,Emissions (N2O),kilotonnes,0.6275,0.6056,0.6901,0.7508,0.9022,0.7846,0.9114,0.8919,1.03,0.8101,0.8687,0.999,0.9852,1.0365,0.8854,0.9778,1.0171,1.1345,0.9405,1.1232,0.9218
Gabon,Farm-gate emissions,Emissions (CO2),kilotonnes,585.6771,603.8333,618.4387,630.2847,643.6553,651.1597,642.0811,648.4351,649.3616,644.7115,656.3585,665.7017,669.4292,678.2288,682.2264,685.4203,694.7181,666.4693,712.1552,702.0382,718.1117
Gabon,Farm-gate emissions,Emissions (CO2eq) from CH4 (AR5),kilotonnes,147.3083,139.7464,162.4757,182.5807,224.813,189.276,226.707,220.0256,262.9112,196.0374,215.001,255.8196,245.4113,260.7841,211.4418,223.2888,239.8159,253.3532,203.8516,264.2507,221.3872
Gabon,Farm-gate emissions,Emissions (CO2eq) from N2O (AR5),kilotonnes,166.2857,160.4901,182.867,198.9637,239.0803,207.9061,241.5134,236.3603,272.9501,214.6829,230.1946,264.7276,261.0748,274.674,234.6301,259.1071,269.5257,300.6455,249.2246,297.636,244.2876
Gabon,Farm-gate emissions,Emissions (CO2eq) (AR5),kilotonnes,899.2711,904.0698,963.7813,1011.8292,1107.5486,1048.3417,1110.3015,1104.821,1185.2228,1055.4317,1101.5541,1186.2488,1175.9153,1213.6869,1128.2983,1167.8163,1204.0598,1220.468,1165.2314,1263.9249,1183.7865
Gabon,Land Use change,Emissions (CH4),kilotonnes,0.8604,0.101,0.3297,0.6196,2.1432,1.1009,1.0424,0.5797,1.1674,0.71,0.7977,1.5556,0.6275,1.061,0.5371,1.0105,1.0503,1.2099,0.9121,1.0557,0.7871
Gabon,Land Use change,Emissions (N2O),kilotonnes,0.0253,0.0092,0.0301,0.0566,0.1957,0.1005,0.0952,0.0529,0.1066,0.0648,0.0728,0.142,0.0573,0.0969,0.049,0.0923,0.0959,0.1105,0.0833,0.0964,0.0719
Gabon,Land Use change,Emissions (CO2),kilotonnes,2939.7053,2413.4971,2413.4971,2413.4971,2413.4971,2413.4971,2413.4971,2413.4971,2413.4971,2413.4971,2413.4971,5668.5457,5668.5457,5668.5457,5668.5457,5668.5457,5667.5916,5667.5916,5667.5916,5667.5916,5667.5916
Gabon,Land Use change,Emissions (CO2eq) from CH4 (AR5),kilotonnes,24.0908,2.8293,9.2324,17.3479,60.0103,30.8244,29.1862,16.2311,32.6859,19.8793,22.3364,43.5559,17.5713,29.7074,15.0398,28.2927,29.4095,33.8769,25.5378,29.5587,22.0385
Gabon,Land Use change,Emissions (CO2eq) from N2O (AR5),kilotonnes,6.7058,2.4449,7.978,14.9908,51.8567,26.6363,25.2207,14.0258,28.2449,17.1783,19.3016,37.638,15.1839,25.6711,12.9964,24.4485,25.4136,29.2741,22.068,25.5426,19.0441
Gabon,Land Use change,Emissions (CO2eq) (AR5),kilotonnes,2970.502,2418.7713,2430.7075,2445.8358,2525.3641,2470.9578,2467.904,2443.7541,2474.4279,2450.5547,2455.1351,5749.7397,5701.3009,5723.9242,5696.5819,5721.2869,5722.4148,5730.7425,5715.1975,5722.6929,5708.6742
Gabon,Emissions on agricultural land,Emissions (CH4),kilotonnes,6.1214,5.092,6.1324,7.1403,10.1723,7.8607,9.139,8.4377,10.557,7.7113,8.4763,10.692,9.3922,10.3747,8.0886,8.9851,9.6152,10.2582,8.1925,10.4932,8.6938
Gabon,Emissions on agricultural land,Emissions (N2O),kilotonnes,0.6528,0.6148,0.7202,0.8074,1.0979,0.8851,1.0065,0.9449,1.1366,0.8749,0.9415,1.141,1.0425,1.1334,0.9344,1.07,1.113,1.245,1.0237,1.2195,0.9937
Gabon,Emissions on agricultural land,Emissions (CO2),kilotonnes,3525.3824,3017.3304,3031.9358,3043.7818,3057.1524,3064.6568,3055.5783,3061.9322,3062.8587,3058.2086,3069.8556,6334.2474,6337.9749,6346.7745,6350.7722,6353.9661,6362.3097,6334.0609,6379.7468,6369.6298,6385.7033
Gabon,Emissions on agricultural land,Emissions (CO2eq) from CH4 (AR5),kilotonnes,171.3992,142.5756,171.708,199.9286,284.8233,220.1003,255.8932,236.2567,295.5971,215.9166,237.3374,299.3755,262.9826,290.4915,226.4816,251.5815,269.2254,287.2301,229.3894,293.8094,243.4256
Gabon,Emissions on agricultural land,Emissions (CO2eq) from N2O (AR5),kilotonnes,172.9915,162.935,190.845,213.9545,290.937,234.5423,266.734,250.3861,301.1949,231.8611,249.4962,302.3656,276.2587,300.345,247.6264,283.5557,294.9394,329.9196,271.2926,323.1786,263.3317
Gabon,Emissions on agricultural land,Emissions (CO2eq) (AR5),kilotonnes,3869.7731,3322.841,3394.4888,3457.665,3632.9127,3519.2995,3578.2055,3548.5751,3659.6507,3505.9864,3556.6892,6935.9885,6877.2162,6937.6111,6824.8802,6889.1032,6926.4746,6951.2105,6880.4288,6986.6178,6892.4607
Gabon,Pre- and post- production,Emissions (CH4),kilotonnes,5.1125,5.3684,5.4386,6.2793,6.5565,6.5902,6.4681,6.4559,6.7121,6.7781,7.3519,7.5414,7.5125,7.7105,8.0944,8.357,8.7305,8.5918,8.6153,8.8515,8.7732
Gabon,Pre- and post- production,Emissions (N2O),kilotonnes,0.0379,0.0393,0.0383,0.0398,0.0427,0.0451,0.0466,0.047,0.0474,0.0493,0.0521,0.0562,0.0593,0.0625,0.0635,0.0657,0.0653,0.066,0.0675,0.0684,0.0699
Gabon,Pre- and post- production,Emissions (CO2),kilotonnes,99.2774,107.2628,118.5065,130.9458,138.0727,143.3429,153.6616,177.5685,183.1022,189.4005,249.5208,251.9582,260.1915,264.3376,290.7667,285.885,284.7664,254.2398,253.8802,271.7355,257.1693
Gabon,Pre- and post- production,Emissions (CO2eq) from F-gases (AR5),kilotonnes,3.6365,4.6755,5.7145,6.7535,7.7925,9.351,10.39,11.429,11.429,11.429,11.429,11.429,11.429,11.429,11.429,11.429,12.468,12.9875,12.9875,13.507,14.1377
Gabon,Pre- and post- production,Emissions (CO2eq) from CH4 (AR5),kilotonnes,143.1502,150.3142,152.2812,175.8196,183.5812,184.5268,181.1073,180.7641,187.9375,189.7866,205.8528,211.1584,210.3495,215.8939,226.6434,233.9961,244.4534,240.5716,241.2289,247.843,245.6495
Gabon,Pre- and post- production,Emissions (CO2eq) from N2O (AR5),kilotonnes,10.0344,10.4131,10.1489,10.5482,11.325,11.951,12.3508,12.4548,12.55,13.0659,13.8044,14.8885,15.7186,16.5744,16.8351,17.4225,17.3012,17.4961,17.8761,18.1369,18.523
Gabon,Pre- and post- production,Emissions (CO2eq) (AR5),kilotonnes,256.0984,272.6656,286.6511,324.0671,340.7714,349.1717,357.5097,382.2164,395.0187,403.682,480.607,489.4341,497.6887,508.2349,545.6742,548.7326,558.989,525.295,525.9727,551.2225,535.4795
Gabon,Agri-food systems,Emissions (CH4),kilotonnes,11.2339,10.4604,11.571,13.4196,16.7287,14.451,15.6072,14.8936,17.2691,14.4894,15.8282,18.2334,16.9047,18.0852,16.183,17.3421,18.3457,18.8501,16.8078,19.3447,17.467
Gabon,Agri-food systems,Emissions (N2O),kilotonnes,0.6907,0.6541,0.7585,0.8472,1.1406,0.9302,1.0532,0.9919,1.1839,0.9243,0.9936,1.1972,1.1018,1.1959,0.998,1.1358,1.1783,1.311,1.0912,1.288,1.0636
Gabon,Agri-food systems,Emissions (CO2),kilotonnes,3624.6598,3124.5932,3150.4423,3174.7276,3195.2251,3207.9997,3209.2399,3239.5007,3245.9609,3247.6091,3319.3764,6586.2056,6598.1664,6611.1121,6641.5389,6639.8511,6647.0761,6588.3007,6633.627,6641.3653,6642.8726
Gabon,Agri-food systems,Emissions (CO2eq) from F-gases (AR5),kilotonnes,3.6365,4.6755,5.7145,6.7535,7.7925,9.351,10.39,11.429,11.429,11.429,11.429,11.429,11.429,11.429,11.429,11.429,12.468,12.9875,12.9875,13.507,14.1377
Gabon,Agri-food systems,Emissions (CO2eq) from CH4 (AR5),kilotonnes,314.5493,292.8899,323.9893,375.7482,468.4044,404.6271,437.0005,417.0208,483.5346,405.7033,443.1902,510.5339,473.3321,506.3854,453.125,485.5775,513.6788,527.8017,470.6183,541.6524,489.0751
Gabon,Agri-food systems,Emissions (CO2eq) from N2O (AR5),kilotonnes,183.0259,173.348,200.9939,224.5027,302.262,246.4933,279.0848,262.8409,313.7449,244.927,263.3005,317.2541,291.9773,316.9194,264.4615,300.9782,312.2406,347.4157,289.1687,341.3155,281.8547
Gabon,Agri-food systems,Emissions (CO2eq) (AR5),kilotonnes,4125.8715,3595.5066,3681.1399,3781.7321,3973.6841,3868.4712,3935.7152,3930.7915,4054.6694,3909.6684,4037.2962,7425.4226,7374.9049,7445.846,7370.5545,7437.8358,7485.4635,7476.5055,7406.4015,7537.8403,7427.9402
Gabon,IPCC Agriculture,Emissions (CH4),kilotonnes,5.2552,4.9845,5.7956,6.5135,8.022,6.7518,8.0898,7.8509,9.3823,6.9943,7.6697,9.1266,8.7548,9.3029,7.5402,7.9629,8.5524,9.0375,7.2645,9.4207,7.8899
Gabon,IPCC Agriculture,Emissions (CH4),kilotonnes,5.88,,,,,,,,,,,,,,,,,,,,
Gabon,IPCC Agriculture,Direct emissions (N2O),kilotonnes,0.1975,0.1972,0.2023,0.1964,0.2041,0.2032,0.2065,0.211,0.2114,0.2115,0.2087,0.2068,0.2242,0.2299,0.2408,0.2838,0.2736,0.3369,0.3138,0.3068,0.2598
Gabon,IPCC Agriculture,Indirect emissions (N2O),kilotonnes,0.0659,0.0658,0.0675,0.0656,0.0681,0.0677,0.0688,0.0701,0.0702,0.0703,0.0694,0.0687,0.0745,0.0767,0.0802,0.0941,0.0908,0.1116,0.104,0.1017,0.0865
Gabon,IPCC Agriculture,Emissions (N2O),kilotonnes,0.6199,0.598,0.6812,0.7432,0.8933,0.7756,0.9025,0.8806,1.0187,0.8,0.8536,0.9815,0.9664,1.0153,0.8654,0.9577,0.9958,1.1278,0.9333,1.1185,0.9172
Gabon,IPCC Agriculture,Emissions (N2O),kilotonnes,0.763,,,,,,,,,,,,,,,,,,,,
Gabon,IPCC Agriculture,Emissions (CO2eq) from CH4 (AR5),kilotonnes,147.1445,139.5666,162.2776,182.3769,224.6167,189.0516,226.5138,219.8259,262.703,195.84,214.7519,255.5458,245.1339,260.4805,211.1258,222.961,239.4666,253.051,203.4069,263.7802,220.9167
Gabon,IPCC Agriculture,Emissions (CO2eq) from CH4 (AR5),kilotonnes,164.64,,,,,,,,,,,,,,,,,,,,
Gabon,IPCC Agriculture,Emissions (CO2eq) from N2O (AR5),kilotonnes,164.2767,158.4777,180.5198,196.9361,236.7336,205.5439,239.1696,233.3675,269.9523,212.0127,226.2129,260.0886,256.1089,269.0512,229.3238,253.794,263.8785,298.8692,247.317,296.4082,243.0597
Gabon,IPCC Agriculture,Emissions (CO2eq) from N2O (AR5),kilotonnes,202.195,,,,,,,,,,,,,,,,,,,,
Gabon,IPCC Agriculture,Emissions (CO2eq) (AR5),kilotonnes,311.4212,298.0443,342.7973,379.313,461.3503,394.5955,465.6834,453.1934,532.6553,407.8528,440.9648,515.6343,501.2427,529.5317,440.4496,476.755,503.345,551.9203,450.7239,560.1884,463.9765
Gabon,IPCC Agriculture,Emissions (CO2eq) (AR5),kilotonnes,366.835,,,,,,,,,,,,,,,,,,,,
Gabon,Agricultural Soils,Direct emissions (N2O),kilotonnes,0.1975,0.1972,0.2023,0.1964,0.2041,0.2032,0.2065,0.211,0.2114,0.2115,0.2087,0.2068,0.2242,0.2299,0.2408,0.2838,0.2736,0.3369,0.3138,0.3068,0.2598
Gabon,Agricultural Soils,Indirect emissions (N2O),kilotonnes,0.0659,0.0658,0.0675,0.0656,0.0681,0.0677,0.0688,0.0701,0.0702,0.0703,0.0694,0.0687,0.0745,0.0767,0.0802,0.0941,0.0908,0.1116,0.104,0.1017,0.0865
Gabon,Agricultural Soils,Emissions (N2O),kilotonnes,0.3461,0.3484,0.3564,0.3502,0.3626,0.3613,0.3658,0.3717,0.3723,0.3723,0.3679,0.3655,0.3886,0.3968,0.4116,0.4685,0.4554,0.5397,0.5099,0.4984,0.4386
Gabon,Agricultural Soils,Emissions (N2O),kilotonnes,0.68,,,,,,,,,,,,,,,,,,,,
Gabon,Agricultural Soils,Emissions (CO2eq) from N2O (AR5),kilotonnes,91.7265,92.3347,94.4376,92.8144,96.0821,95.7532,96.9384,98.5016,98.6533,98.6674,97.5001,96.8447,102.9743,105.142,109.0848,124.1473,120.6729,143.013,135.121,132.0713,116.2267
Gabon,Agricultural Soils,Emissions (CO2eq) from N2O (AR5),kilotonnes,180.2,,,,,,,,,,,,,,,,,,,,
Gabon,Agricultural Soils,Emissions (CO2eq) (AR5),kilotonnes,91.7265,92.3347,94.4376,92.8144,96.0821,95.7532,96.9384,98.5016,98.6533,98.6674,97.5001,96.8447,102.9743,105.142,109.0848,124.1473,120.6729,143.013,135.121,132.0713,116.2267
Gabon,Agricultural Soils,Emissions (CO2eq) (AR5),kilotonnes,180.2,,,,,,,,,,,,,,,,,,,,
Gabon,LULUCF,Emissions (CH4),kilotonnes,0.8678,0.101,0.3297,0.6196,2.1432,1.1009,1.0424,0.5797,1.1674,0.71,0.7977,1.5556,0.6275,1.061,0.5371,1.0105,1.0503,1.2124,0.9121,1.0557,0.7871
Gabon,LULUCF,Emissions (CH4),kilotonnes,3.3,,,,,,,,,,,,,,,,,,,,
Gabon,LULUCF,Emissions (N2O),kilotonnes,0.0255,0.0092,0.0301,0.0566,0.1957,0.1005,0.0952,0.0529,0.1066,0.0648,0.0728,0.142,0.0573,0.0969,0.049,0.0923,0.0959,0.1107,0.0833,0.0964,0.0719
Gabon,LULUCF,Emissions (N2O),kilotonnes,0.02,,,,,,,,,,,,,,,,,,,,
Gabon,LULUCF,Emissions (CO2),kilotonnes,3477.1195,2968.3488,2975.6247,2986.7464,3000.5404,3000.6282,3000.8076,3001.9704,3001.6659,3000.9598,2996.3194,6252.6058,6252.2769,6253.5123,6256.7039,6256.7039,6257.79,6259.1939,6265.0583,6250.8172,6266.8908
Gabon,LULUCF,Emissions (CO2),kilotonnes,-64231,,,,,,,,,,,,,,,,,,,,
Gabon,LULUCF,Emissions (CO2eq) from CH4 (AR5),kilotonnes,24.2976,2.8293,9.2324,17.3479,60.0103,30.8244,29.1862,16.2311,32.6859,19.8793,22.3364,43.5559,17.5713,29.7074,15.0398,28.2927,29.4095,33.9463,25.5378,29.5587,22.0385
Gabon,LULUCF,Emissions (CO2eq) from N2O (AR5),kilotonnes,6.7633,2.4449,7.978,14.9908,51.8567,26.6363,25.2207,14.0258,28.2449,17.1783,19.3016,37.638,15.1839,25.6711,12.9964,24.4485,25.4136,29.334,22.068,25.5426,19.0441
Gabon,LULUCF,Emissions (CO2eq) (AR5),kilotonnes,3508.1804,2973.6229,2992.8351,3019.0851,3112.4074,3058.0889,3055.2145,3032.2274,3062.5967,3038.0173,3037.9574,6333.7998,6285.032,6308.8908,6284.7401,6309.4451,6312.6132,6322.4741,6312.6641,6305.9185,6307.9734
Gabon,LULUCF,Emissions (CO2eq) (AR5),kilotonnes,-64231,,,,,,,,,,,,,,,,,,,,
Gabon,AFOLU,Emissions (CH4),kilotonnes,6.1229,5.0856,6.1254,7.133,10.1652,7.8527,9.1321,8.4306,10.5496,7.7043,8.4674,10.6822,9.3823,10.3639,8.0773,8.9733,9.6027,10.2499,8.1766,10.4764,8.677
Gabon,AFOLU,Emissions (N2O),kilotonnes,0.6454,0.6073,0.7113,0.7997,1.089,0.8762,0.9977,0.9336,1.1253,0.8649,0.9265,1.1235,1.0237,1.1122,0.9144,1.05,1.0917,1.2385,1.0165,1.2149,0.9891
Gabon,AFOLU,Emissions (CO2),kilotonnes,3477.1195,2968.3488,2975.6247,2986.7464,3000.5404,3000.6282,3000.8076,3001.9704,3001.6659,3000.9598,2996.3194,6252.6058,6252.2769,6253.5123,6256.7039,6256.7039,6257.79,6259.1939,6265.0583,6250.8172,6266.8908
Gabon,AFOLU,Emissions (CO2eq) from CH4 (AR5),kilotonnes,171.442,142.3959,171.5099,199.7248,284.627,219.876,255.7,236.057,295.3889,215.7193,237.0883,299.1017,262.7051,290.1879,226.1656,251.2536,268.8761,286.9973,228.9448,293.3389,242.9552
Gabon,AFOLU,Emissions (CO2eq) from N2O (AR5),kilotonnes,171.04,160.9226,188.4977,211.9269,288.5903,232.1802,264.3903,247.3933,298.1971,229.191,245.5144,297.7266,271.2927,294.7223,242.3202,278.2426,289.2921,328.2032,269.385,321.9508,262.1038
Gabon,AFOLU,Emissions (CO2eq) (AR5),kilotonnes,3819.6016,3271.6672,3335.6324,3398.3981,3573.7577,3452.6844,3520.8979,3485.4208,3595.252,3445.8701,3478.9222,6849.4341,6786.2748,6838.4225,6725.1897,6786.2001,6815.9582,6874.3944,6763.388,6866.1069,6771.9498
Gabon,All sectors with LULUCF,Emissions (CH4),kilotonnes,685.4029,701.6456,680.9554,753.233,702.5652,650.6527,552.2321,466.9306,506.4496,487.0043,489.1674,488.8822,482.1823,465.6639,464.8773,486.2733,482.3027,429.3499,416.5766,398.3764,383.077
Gabon,All sectors with LULUCF,Emissions (N2O),kilotonnes,1.0863,1.0577,1.2513,1.447,1.8184,1.7038,1.9077,1.9414,2.2248,2.0443,2.2213,2.1389,1.9116,2.4387,2.1734,2.33,2.3637,2.4945,2.2726,2.5949,2.4031
Gabon,All sectors with LULUCF,Emissions (CO2),kilotonnes,9895.2755,9734.5108,9497.7917,10369.9194,9673.7194,9333.8132,8642.9996,8132.1704,8471.8739,8400.1758,8895.5444,12002.8398,12060.8209,12352.4663,12809.1679,12926.9769,13002.071,12405.4829,12208.3543,11894.1232,11620.2058
Gabon,All sectors with LULUCF,Emissions (CO2eq) from F-gases (AR5),kilotonnes,3.2068,4.3049,5.3058,6.6079,7.9392,9.426,10.6893,11.9526,13.2159,14.4791,15.7424,16.2283,17.2972,18.3662,19.5323,20.6012,21.6701,22.8362,23.9052,24.9741,26.1402
Gabon,All sectors with LULUCF,Emissions (CO2eq) from CH4 (AR5),kilotonnes,19191.282,19646.0759,19066.7499,21090.5248,19671.827,18218.276,15462.5,13074.057,14180.5889,13636.1193,13696.6883,13688.7017,13501.1051,13038.5879,13016.5656,13615.6536,13504.4761,12021.7973,11664.1448,11154.5389,10726.1552
Gabon,All sectors with LULUCF,Emissions (CO2eq) from N2O (AR5),kilotonnes,287.8821,280.2822,331.6015,383.4653,481.8853,451.4982,505.5445,514.4647,589.5691,541.7366,588.6412,566.8125,506.5649,646.2501,575.9607,617.4482,626.3779,661.0491,602.231,687.657,636.8202
Gabon,All sectors with LULUCF,Emissions (CO2eq) (AR5),kilotonnes,29377.6464,29665.1738,28901.4489,31850.5174,29835.3709,28013.0135,24621.7334,21732.6447,23255.2478,22592.5108,23196.6163,26274.5823,26085.7881,26055.6704,26421.2265,27180.6799,27154.5951,25111.1655,24498.6352,23761.2932,23009.3214
Gabon,All sectors without LULUCF,Emissions (CH4),kilotonnes,684.5352,701.5445,680.6256,752.6135,700.422,649.5518,551.1898,466.3509,505.2823,486.2943,488.3697,487.3266,481.5548,464.6029,464.3402,485.2629,481.2524,428.1375,415.6645,397.3207,382.2899
Gabon,All sectors without LULUCF,Emissions (N2O),kilotonnes,1.0608,1.0484,1.2212,1.3905,1.6227,1.6033,1.8125,1.8884,2.1182,1.9795,2.1485,1.9969,1.8543,2.3418,2.1244,2.2377,2.2678,2.3838,2.1893,2.4985,2.3312
Gabon,All sectors without LULUCF,Emissions (CO2),kilotonnes,6418.156,6766.162,6522.167,7383.173,6673.179,6333.185,5642.192,5130.2,5470.208,5399.216,5899.225,5750.234,5808.544,6098.954,6552.464,6670.273,6744.281,6146.289,5943.296,5643.306,5353.315
Gabon,All sectors without LULUCF,Emissions (CO2eq) from F-gases (AR5),kilotonnes,3.2068,4.3049,5.3058,6.6079,7.9392,9.426,10.6893,11.9526,13.2159,14.4791,15.7424,16.2283,17.2972,18.3662,19.5323,20.6012,21.6701,22.8362,23.9052,24.9741,26.1402
Gabon,All sectors without LULUCF,Emissions (CO2eq) from CH4 (AR5),kilotonnes,19166.9845,19643.2466,19057.5176,21073.1769,19611.8167,18187.4516,15433.3138,13057.8259,14147.903,13616.24,13674.3519,13645.1458,13483.5339,13008.8805,13001.5258,13587.361,13475.0666,11987.851,11638.6069,11124.9802,10704.1167
Gabon,All sectors without LULUCF,Emissions (CO2eq) from N2O (AR5),kilotonnes,281.1188,277.8374,323.6235,368.4745,430.0286,424.862,480.3239,500.4388,561.3242,524.5584,569.3397,529.1745,491.381,620.579,562.9643,592.9996,600.9642,631.7151,580.163,662.1144,617.7761
Gabon,All sectors without LULUCF,Emissions (CO2eq) (AR5),kilotonnes,25869.466,26691.5509,25908.6139,28831.4323,26722.9636,24954.9246,21566.519,18700.4173,20192.6511,19554.4935,20158.659,19940.7826,19800.7561,19746.7797,20136.4864,20871.2348,20841.9819,18788.6914,18185.9711,17455.3747,16701.348
Gambia,Crop Residues,Direct emissions (N2O),kilotonnes,0.0359,0.0403,0.0297,0.0414,0.0461,0.0439,0.0456,0.0351,0.0539,0.0766,0.0883,0.0472,0.0606,0.0604,0.0531,0.0631,0.0534,0.0459,0.0354,0.0423,0.0529
Gambia,Crop Residues,Indirect emissions (N2O),kilotonnes,0.0081,0.0091,0.0067,0.0093,0.0104,0.0099,0.0103,0.0079,0.0121,0.0172,0.0199,0.0106,0.0136,0.0136,0.0119,0.0142,0.012,0.0103,0.008,0.0095,0.0119
Gambia,Crop Residues,Emissions (N2O),kilotonnes,0.044,0.0494,0.0364,0.0507,0.0564,0.0538,0.0558,0.043,0.0661,0.0938,0.1081,0.0578,0.0743,0.074,0.065,0.0773,0.0654,0.0562,0.0434,0.0519,0.0648
Gambia,Crop Residues,Emissions (CO2eq) from N2O (AR5),kilotonnes,11.6553,13.083,9.6401,13.4463,14.9492,14.2577,14.7889,11.4081,17.5092,24.8696,28.6539,15.319,19.6796,19.5975,17.2325,20.4946,17.3352,14.9013,11.5013,13.7457,17.179
Gambia,Crop Residues,Emissions (CO2eq) (AR5),kilotonnes,11.6553,13.083,9.6401,13.4463,14.9492,14.2577,14.7889,11.4081,17.5092,24.8696,28.6539,15.319,19.6796,19.5975,17.2325,20.4946,17.3352,14.9013,11.5013,13.7457,17.179
Gambia,Rice Cultivation,Emissions (CH4),kilotonnes,3.8808,3.528,2.52,2.9018,4.032,4.504,4.6234,4.1852,8.568,18.396,21.7098,10.5906,16.0252,16.7278,16.7041,21.4691,16.6068,16.5952,10.2549,16.38,16.38
Gambia,Rice Cultivation,Emissions (CO2eq) from CH4 (AR5),kilotonnes,108.6624,98.784,70.56,81.2498,112.896,126.1119,129.4564,117.186,239.904,515.088,607.8744,296.5355,448.7052,468.3773,467.714,601.1359,464.9904,464.6658,287.1369,458.64,458.64
Gambia,Rice Cultivation,Emissions (CO2eq) (AR5),kilotonnes,108.6624,98.784,70.56,81.2498,112.896,126.1119,129.4564,117.186,239.904,515.088,607.8744,296.5355,448.7052,468.3773,467.714,601.1359,464.9904,464.6658,287.1369,458.64,458.64
Gambia,Burning - Crop residues,Emissions (CH4),kilotonnes,0.0599,0.0672,0.0644,0.0739,0.0891,0.101,0.111,0.1223,0.1678,0.2353,0.2705,0.1306,0.1708,0.1881,0.1975,0.2487,0.2019,0.1727,0.1549,0.191,0.191
Gambia,Burning - Crop residues,Emissions (CH4),kilotonnes,0.39,,,,,,,,,,,,,,,,,,,,
Gambia,Burning - Crop residues,Emissions (N2O),kilotonnes,0.0016,0.0017,0.0017,0.0019,0.0023,0.0026,0.0029,0.0032,0.0044,0.0061,0.007,0.0034,0.0044,0.0049,0.0051,0.0064,0.0052,0.0045,0.004,0.005,0.005
Gambia,Burning - Crop residues,Emissions (N2O),kilotonnes,0.012,,,,,,,,,,,,,,,,,,,,
Gambia,Burning - Crop residues,Emissions (CO2eq) from CH4 (AR5),kilotonnes,1.6761,1.8826,1.8031,2.0697,2.4948,2.8279,3.1082,3.424,4.6993,6.5885,7.5738,3.6568,4.7827,5.2677,5.5309,6.9639,5.6528,4.8356,4.3381,5.3487,5.3487
Gambia,Burning - Crop residues,Emissions (CO2eq) from CH4 (AR5),kilotonnes,10.92,,,,,,,,,,,,,,,,,,,,
Gambia,Burning - Crop residues,Emissions (CO2eq) from N2O (AR5),kilotonnes,0.4113,0.4619,0.4424,0.5078,0.6122,0.6939,0.7627,0.8401,1.1531,1.6166,1.8584,0.8973,1.1735,1.2925,1.3571,1.7087,1.387,1.1865,1.0644,1.3124,1.3124
Gambia,Burning - Crop residues,Emissions (CO2eq) from N2O (AR5),kilotonnes,3.18,,,,,,,,,,,,,,,,,,,,
Gambia,Burning - Crop residues,Emissions (CO2eq) (AR5),kilotonnes,2.0873,2.3445,2.2455,2.5776,3.107,3.5218,3.8709,4.2641,5.8524,8.2052,9.4322,4.5541,5.9563,6.5603,6.888,8.6727,7.0398,6.0221,5.4025,6.6611,6.6611
Gambia,Burning - Crop residues,Emissions (CO2eq) (AR5),kilotonnes,14.1,,,,,,,,,,,,,,,,,,,,
Gambia,Enteric Fermentation,Emissions (CH4),kilotonnes,13.8647,13.1564,13.528,16.1705,16.6344,16.87,17.1334,17.439,17.8311,18.2639,18.0827,16.6488,15.4071,16.901,18.4454,18.9349,17.6477,18.2643,18.5568,18.6681,18.7727
Gambia,Enteric Fermentation,Emissions (CH4),kilotonnes,11.794,,,,,,,,,,,,,,,,,,,,
Gambia,Enteric Fermentation,Emissions (CO2eq) from CH4 (AR5),kilotonnes,388.2121,368.378,378.7847,452.774,465.7632,472.36,479.7352,488.292,499.2714,511.3878,506.3149,466.1662,431.4,473.2278,516.472,530.1758,494.1367,511.3994,519.5892,522.7074,525.6364
Gambia,Enteric Fermentation,Emissions (CO2eq) from CH4 (AR5),kilotonnes,330.232,,,,,,,,,,,,,,,,,,,,
Gambia,Enteric Fermentation,Emissions (CO2eq) (AR5),kilotonnes,388.2121,368.378,378.7847,452.774,465.7632,472.36,479.7352,488.292,499.2714,511.3878,506.3149,466.1662,431.4,473.2278,516.472,530.1758,494.1367,511.3994,519.5892,522.7074,525.6364
Gambia,Enteric Fermentation,Emissions (CO2eq) (AR5),kilotonnes,330.232,,,,,,,,,,,,,,,,,,,,
Gambia,Manure Management,Emissions (CH4),kilotonnes,0.5325,0.5144,0.5319,0.6213,0.6449,0.661,0.6781,0.713,0.7392,0.7522,0.7512,0.6745,0.6092,0.633,0.6908,0.7124,0.6767,0.6984,0.7098,0.7144,0.716
Gambia,Manure Management,Emissions (CH4),kilotonnes,0.504,,,,,,,,,,,,,,,,,,,,
Gambia,Manure Management,Emissions (N2O),kilotonnes,0.0131,0.0127,0.0137,0.015,0.0152,0.0153,0.0154,0.0189,0.0195,0.0207,0.0214,0.0149,0.0104,0.0108,0.0128,0.014,0.0142,0.0151,0.0155,0.0158,0.0153
Gambia,Manure Management,Emissions (CO2eq) from CH4 (AR5),kilotonnes,14.9111,14.4025,14.8928,17.3959,18.0569,18.5086,18.9871,19.9653,20.6977,21.0618,21.033,18.8867,17.0581,17.7234,19.3433,19.948,18.9466,19.5555,19.8732,20.0044,20.0486
Gambia,Manure Management,Emissions (CO2eq) from CH4 (AR5),kilotonnes,14.112,,,,,,,,,,,,,,,,,,,,
Gambia,Manure Management,Emissions (CO2eq) from N2O (AR5),kilotonnes,3.466,3.3567,3.6324,3.9672,4.0372,4.0541,4.0798,5.0189,5.1794,5.4875,5.6626,3.9445,2.7504,2.8662,3.4006,3.7194,3.7506,4.0067,4.112,4.1833,4.0675
Gambia,Manure Management,Emissions (CO2eq) (AR5),kilotonnes,18.3771,17.7592,18.5253,21.3631,22.0941,22.5627,23.0669,24.9842,25.8771,26.5493,26.6956,22.8312,19.8085,20.5896,22.7439,23.6674,22.6972,23.5622,23.9852,24.1877,24.1161
Gambia,Manure Management,Emissions (CO2eq) (AR5),kilotonnes,14.112,,,,,,,,,,,,,,,,,,,,
Gambia,Manure left on Pasture,Direct emissions (N2O),kilotonnes,0.5402,0.515,0.5305,0.634,0.6517,0.6605,0.6706,0.6853,0.6998,0.7175,0.7096,0.6542,0.6102,0.668,0.7318,0.751,0.7002,0.7244,0.7365,0.7414,0.7457
Gambia,Manure left on Pasture,Indirect emissions (N2O),kilotonnes,0.1309,0.1307,0.1363,0.1623,0.1665,0.1697,0.1732,0.1788,0.1836,0.1878,0.1862,0.1689,0.1562,0.1645,0.1804,0.1851,0.1733,0.179,0.1823,0.1832,0.184
Gambia,Manure left on Pasture,Emissions (N2O),kilotonnes,0.6712,0.6457,0.6667,0.7963,0.8182,0.8302,0.8438,0.864,0.8834,0.9053,0.8959,0.8231,0.7664,0.8325,0.9122,0.9362,0.8735,0.9034,0.9189,0.9246,0.9297
Gambia,Manure left on Pasture,Emissions (CO2eq) from N2O (AR5),kilotonnes,177.8607,171.1091,176.6873,211.0196,216.8285,220.0002,223.609,228.9717,234.1088,239.8953,237.4015,218.1101,203.1002,220.6173,241.7283,248.0812,231.4744,239.4038,243.5043,245.0219,246.3584
Gambia,Manure left on Pasture,Emissions (CO2eq) (AR5),kilotonnes,177.8607,171.1091,176.6873,211.0196,216.8285,220.0002,223.609,228.9717,234.1088,239.8953,237.4015,218.1101,203.1002,220.6173,241.7283,248.0812,231.4744,239.4038,243.5043,245.0219,246.3584
Gambia,Manure applied to Soils,Direct emissions (N2O),kilotonnes,0.0122,0.0123,0.0131,0.0143,0.0146,0.0147,0.0149,0.0171,0.0175,0.0183,0.0186,0.0152,0.0129,0.013,0.0145,0.0153,0.015,0.0156,0.016,0.0162,0.016
Gambia,Manure applied to Soils,Indirect emissions (N2O),kilotonnes,0.0052,0.0052,0.0056,0.0061,0.0062,0.0063,0.0063,0.0073,0.0075,0.0078,0.0079,0.0064,0.0055,0.0055,0.0062,0.0065,0.0064,0.0066,0.0068,0.0069,0.0068
Gambia,Manure applied to Soils,Emissions (N2O),kilotonnes,0.0173,0.0175,0.0186,0.0203,0.0208,0.021,0.0213,0.0243,0.025,0.0261,0.0265,0.0216,0.0184,0.0185,0.0207,0.0218,0.0213,0.0223,0.0228,0.0231,0.0228
Gambia,Manure applied to Soils,Emissions (CO2eq) from N2O (AR5),kilotonnes,4.596,4.6422,4.9352,5.3833,5.516,5.5671,5.6372,6.442,6.6247,6.9241,7.0176,5.7257,4.8637,4.8994,5.4727,5.7706,5.6473,5.9085,6.0373,6.1179,6.0538
Gambia,Manure applied to Soils,Emissions (CO2eq) (AR5),kilotonnes,4.596,4.6422,4.9352,5.3833,5.516,5.5671,5.6372,6.442,6.6247,6.9241,7.0176,5.7257,4.8637,4.8994,5.4727,5.7706,5.6473,5.9085,6.0373,6.1179,6.0538
Gambia,Synthetic Fertilizers,Direct emissions (N2O),kilotonnes,0.0094,0.0094,,0.0273,0.0189,0.0263,0.0263,0.0239,0.0131,0.0215,0.0281,0.0413,0.0071,0.0009,0.0004,0.0022,0.002,0.0006,0.0315,0.0105,0.0003
Gambia,Synthetic Fertilizers,Indirect emissions (N2O),kilotonnes,0.0031,0.0031,,0.0089,0.0061,0.0085,0.0085,0.0078,0.0043,0.007,0.0091,0.0134,0.0023,0.0003,0.0001,0.0007,0.0007,0.0002,0.0102,0.0034,0.0001
Gambia,Synthetic Fertilizers,Emissions (N2O),kilotonnes,0.0125,0.0125,,0.0362,0.025,0.0348,0.0348,0.0316,0.0174,0.0284,0.0372,0.0547,0.0094,0.0012,0.0005,0.0029,0.0027,0.0008,0.0418,0.014,0.0004
Gambia,Synthetic Fertilizers,Emissions (CO2eq) from N2O (AR5),kilotonnes,3.3106,3.3106,,9.5952,6.6212,9.22,9.2256,8.3869,4.6073,7.5316,9.8491,14.5005,2.5001,0.3131,0.1399,0.7793,0.7099,0.2068,11.0735,3.6975,0.1137
Gambia,Synthetic Fertilizers,Emissions (CO2eq) (AR5),kilotonnes,3.3106,3.3106,,9.5952,6.6212,9.22,9.2256,8.3869,4.6073,7.5316,9.8491,14.5005,2.5001,0.3131,0.1399,0.7793,0.7099,0.2068,11.0735,3.6975,0.1137
Gambia,Drained organic soils,Emissions (CO2eq) (AR5),kilotonnes,0,0,0,0,0,0,0,0,0,0,0,0,0,0,0,0,0,0,0,0,0
Gambia,Drained organic soils (CO2),Emissions (CO2),kilotonnes,0,0,0,0,0,0,0,0,0,0,0,0,0,0,0,0,0,0,0,0,0
Gambia,Drained organic soils (CO2),Emissions (CO2eq) (AR5),kilotonnes,0,0,0,0,0,0,0,0,0,0,0,0,0,0,0,0,0,0,0,0,0
Gambia,Drained organic soils (N2O),Emissions (N2O),kilotonnes,0,0,0,0,0,0,0,0,0,0,0,0,0,0,0,0,0,0,0,0,0
Gambia,Drained organic soils (N2O),Emissions (CO2eq) from N2O (AR5),kilotonnes,0,0,0,0,0,0,0,0,0,0,0,0,0,0,0,0,0,0,0,0,0
Gambia,Drained organic soils (N2O),Emissions (CO2eq) (AR5),kilotonnes,0,0,0,0,0,0,0,0,0,0,0,0,0,0,0,0,0,0,0,0,0
Gambia,On-farm energy use,Emissions (CH4),kilotonnes,0.0011,0.0011,0.001,0.0009,0.0009,0.0009,0.0009,0.0011,0.0012,0.0015,0.0015,0.0015,0.0016,0.0014,0.0022,0.0023,0.0024,0.0025,0.0027,0.0028,0.0028
Gambia,On-farm energy use,Emissions (N2O),kilotonnes,0,0,0,0,0,0,0,0,0,0,0,0,0,0,0,0,0,0,0.0001,0.0001,0.0001
Gambia,On-farm energy use,Emissions (CO2),kilotonnes,13.6909,14.2793,12.7875,11.0168,11.3984,10.8639,11.6201,14.2098,14.592,18.4139,19.0316,19.2809,20.3414,18.1827,27.449,28.8575,30.0988,31.4783,33.9311,35.2275,35.2275
Gambia,On-farm energy use,Emissions (CO2eq) from CH4 (AR5),kilotonnes,0.0304,0.0317,0.0284,0.0244,0.0253,0.0241,0.0258,0.0315,0.0324,0.0409,0.0422,0.0428,0.0451,0.0403,0.0609,0.064,0.0668,0.0698,0.0753,0.0782,0.0782
Gambia,On-farm energy use,Emissions (CO2eq) from N2O (AR5),kilotonnes,0.0057,0.006,0.0054,0.0046,0.0048,0.0046,0.0049,0.006,0.0061,0.0077,0.008,0.0081,0.0085,0.0076,0.0115,0.0121,0.0126,0.0132,0.0143,0.0148,0.0148
Gambia,On-farm energy use,Emissions (CO2eq) (AR5),kilotonnes,13.727,14.317,12.8213,11.0458,11.4285,10.8925,11.6508,14.2472,14.6305,18.4625,19.0818,19.3318,20.3951,18.2307,27.5215,28.9336,30.1782,31.5614,34.0207,35.3205,35.3205
Gambia,Forestland,Emissions (CO2),kilotonnes,0,0,0,0,0,0,0,0,0,0,0,0,0,0,0,0,0,0,0,0,0
Gambia,Forestland,Emissions (CO2eq) (AR5),kilotonnes,0,0,0,0,0,0,0,0,0,0,0,0,0,0,0,0,0,0,0,0,0
Gambia,Net Forest conversion,Emissions (CO2),kilotonnes,527.6271,527.6271,527.6271,527.6271,527.6271,527.6271,527.6271,527.6271,527.6271,527.6271,527.6271,527.5351,527.5351,527.5351,527.5351,527.5351,527.7191,527.7191,527.7191,527.7191,527.7191
Gambia,Net Forest conversion,Emissions (CO2eq) (AR5),kilotonnes,527.6271,527.6271,527.6271,527.6271,527.6271,527.6271,527.6271,527.6271,527.6271,527.6271,527.6271,527.5351,527.5351,527.5351,527.5351,527.5351,527.7191,527.7191,527.7191,527.7191,527.7191
Gambia,Savanna fires,Emissions (CH4),kilotonnes,2.9688,1.7982,1.6321,0.878,1.5011,1.7263,2.3557,2.0785,1.6904,1.8654,1.8076,2.0137,1.6279,1.5646,1.2056,0.824,1.6198,1.5424,1.3589,1.2234,1.8315
Gambia,Savanna fires,Emissions (N2O),kilotonnes,0.2711,0.1642,0.149,0.0802,0.1371,0.1576,0.2151,0.1898,0.1543,0.1703,0.165,0.1839,0.1486,0.1429,0.1101,0.0752,0.1479,0.1408,0.1241,0.1117,0.1672
Gambia,Savanna fires,Emissions (CO2eq) from CH4 (AR5),kilotonnes,83.1263,50.3485,45.6985,24.5841,42.0318,48.3362,65.9594,58.1979,47.3302,52.2311,50.6128,56.3833,45.5816,43.8079,33.7558,23.0714,45.3557,43.1878,38.048,34.2543,51.2818
Gambia,Savanna fires,Emissions (CO2eq) from N2O (AR5),kilotonnes,71.832,43.5077,39.4895,21.2439,36.321,41.7688,56.9976,50.2906,40.8995,45.1344,43.7361,48.7225,39.3885,37.8558,29.1694,19.9367,39.1932,37.3199,32.8784,29.6001,44.3142
Gambia,Savanna fires,Emissions (CO2eq) (AR5),kilotonnes,154.9582,93.8561,85.188,45.828,78.3528,90.105,122.957,108.4886,88.2297,97.3655,94.3489,105.1059,84.9701,81.6637,62.9252,43.0081,84.5489,80.5076,70.9264,63.8544,95.596
Gambia,Fires in organic soils,Emissions (CH4),kilotonnes,0,0,0,0,0,0,0,0,0,0,0,0,0,0,0,0,0,0,0,0,0
Gambia,Fires in organic soils,Emissions (CO2),kilotonnes,0,0,0,0,0,0,0,0,0,0,0,0,0,0,0,0,0,0,0,0,0
Gambia,Fires in organic soils,Emissions (CO2eq) from CH4 (AR5),kilotonnes,0,0,0,0,0,0,0,0,0,0,0,0,0,0,0,0,0,0,0,0,0
Gambia,Fires in organic soils,Emissions (CO2eq) (AR5),kilotonnes,0,0,0,0,0,0,0,0,0,0,0,0,0,0,0,0,0,0,0,0,0
Gambia,Forest fires,Emissions (CH4),kilotonnes,9.2167,0,0,0,0,0,0,0,0,0,0,0,0,0,0,0,0,0,0.008,0,0
Gambia,Forest fires,Emissions (N2O),kilotonnes,0.2711,0,0,0,0,0,0,0,0,0,0,0,0,0,0,0,0,0,0.0007,0,0
Gambia,Forest fires,Emissions (CO2eq) from CH4 (AR5),kilotonnes,258.0678,0,0,0,0,0,0,0,0,0,0,0,0,0,0,0,0,0,0.2235,0,0
Gambia,Forest fires,Emissions (CO2eq) from N2O (AR5),kilotonnes,71.8359,0,0,0,0,0,0,0,0,0,0,0,0,0,0,0,0,0,0.1932,0,0
Gambia,Forest fires,Emissions (CO2eq) (AR5),kilotonnes,329.9037,0,0,0,0,0,0,0,0,0,0,0,0,0,0,0,0,0,0.4167,0,0
Gambia,Fires in humid tropical forests,Emissions (CH4),kilotonnes,2.7995,0,0,0,0,0,0,0,0,0,0,0,0,0,0,0,0,0,0.008,0,0
Gambia,Fires in humid tropical forests,Emissions (N2O),kilotonnes,0.0823,0,0,0,0,0,0,0,0,0,0,0,0,0,0,0,0,0,0.0007,0,0
Gambia,Fires in humid tropical forests,Emissions (CO2eq) from CH4 (AR5),kilotonnes,78.3869,0,0,0,0,0,0,0,0,0,0,0,0,0,0,0,0,0,0.2235,0,0
Gambia,Fires in humid tropical forests,Emissions (CO2eq) from N2O (AR5),kilotonnes,21.8198,0,0,0,0,0,0,0,0,0,0,0,0,0,0,0,0,0,0.1932,0,0
Gambia,Fires in humid tropical forests,Emissions (CO2eq) (AR5),kilotonnes,100.2068,0,0,0,0,0,0,0,0,0,0,0,0,0,0,0,0,0,0.4167,0,0
Gambia,Waste - agri-food systems,Emissions (CH4),kilotonnes,5.3822,5.4986,5.6089,5.7178,5.8343,5.9464,6.0569,6.1644,6.2754,6.3828,6.4888,6.5893,6.693,6.7938,6.884,6.9855,7.0861,7.1879,7.2915,7.4,7.5082
Gambia,Waste - agri-food systems,Emissions (N2O),kilotonnes,0.0264,0.0267,0.0279,0.0295,0.0294,0.03,0.0312,0.0339,0.0361,0.0369,0.04,0.0402,0.0402,0.0411,0.0423,0.0437,0.0454,0.048,0.0494,0.0509,0.0525
Gambia,Waste - agri-food systems,Emissions (CO2),kilotonnes,0,0,0,0,0,0,0,0,0,0,0,0,0,0,0,0,0,0,0,0,0
Gambia,Waste - agri-food systems,Emissions (CO2eq) from CH4 (AR5),kilotonnes,150.7021,153.9621,157.0488,160.0977,163.3606,166.4994,169.5945,172.6022,175.7114,178.7189,181.6878,184.5012,187.403,190.2265,192.7533,195.5952,198.4103,201.2624,204.1618,207.1989,210.2309
Gambia,Waste - agri-food systems,Emissions (CO2eq) from N2O (AR5),kilotonnes,6.9972,7.0879,7.4067,7.808,7.7804,7.9544,8.2672,8.9957,9.5729,9.7884,10.5929,10.6459,10.6618,10.8967,11.2036,11.5936,12.0189,12.7147,13.0963,13.494,13.8995
Gambia,Waste - agri-food systems,Emissions (CO2eq) (AR5),kilotonnes,157.6993,161.05,164.4555,167.9057,171.141,174.4537,177.8617,181.5978,185.2843,188.5073,192.2806,195.1471,198.0649,201.1233,203.9569,207.1889,210.4292,213.9771,217.2582,220.6929,224.1304
Gambia,On-farm electricity use,Emissions (CH4),kilotonnes,0,0,0,0,0,0,0,0,0,0,0,0,0,0,0,0,0,0,0,0,0
Gambia,On-farm electricity use,Emissions (N2O),kilotonnes,0,0,0,0,0,0,0,0,0,0,0,0,0,0,0,0,0,0,0,0,0
Gambia,On-farm electricity use,Emissions (CO2),kilotonnes,0,0,0,0,0,0,0,0,0,0,0,0,0,0,0,0,0,0,0,0,0
Gambia,On-farm electricity use,Emissions (CO2eq) from CH4 (AR5),kilotonnes,0,0,0,0,0,0,0,0,0,0,0,0,0,0,0,0,0,0,0,0,0
Gambia,On-farm electricity use,Emissions (CO2eq) from N2O (AR5),kilotonnes,0,0,0,0,0,0,0,0,0,0,0,0,0,0,0,0,0,0,0,0,0
Gambia,On-farm electricity use,Emissions (CO2eq) (AR5),kilotonnes,0,0,0,0,0,0,0,0,0,0,0,0,0,0,0,0,0,0,0,0,0
Gambia,Food Processing,Emissions (CH4),kilotonnes,0.0019,0.2167,0.1949,0.0014,0.0009,0.0014,0.0099,0.0044,0.0047,0.0063,0.006,0.0062,0.0074,0.0104,0.011,0.0135,0.0153,0.0091,0.0101,0.0091,0.0093
Gambia,Food Processing,Emissions (N2O),kilotonnes,0,0.0012,0.0012,0,0,0,0.0001,0.0001,0.0001,0.0001,0.0001,0.0001,0.0001,0.0001,0.0001,0.0002,0.0002,0.0001,0.0001,0.0001,0.0001
Gambia,Food Processing,Emissions (CO2),kilotonnes,0.9396,47.6978,44.0719,0.4994,0.4013,1.3031,6.0133,3.3235,3.8672,13.0882,11.3528,12.4179,10.3025,15.7667,17.5119,17.4058,17.4704,15.102,13.6254,13.553,13.6967
Gambia,Food Processing,Emissions (CO2eq) from CH4 (AR5),kilotonnes,0.0532,6.0676,5.4572,0.0392,0.0252,0.0392,0.2772,0.1232,0.1316,0.1764,0.168,0.1736,0.2072,0.2912,0.308,0.378,0.4284,0.2548,0.2828,0.2548,0.2602
Gambia,Food Processing,Emissions (CO2eq) from N2O (AR5),kilotonnes,0,0.318,0.318,0,0,0,0.0265,0.0265,0.0265,0.0265,0.0265,0.0265,0.0265,0.0265,0.0265,0.053,0.053,0.0265,0.0265,0.0265,0.027
Gambia,Food Processing,Emissions (CO2eq) (AR5),kilotonnes,0.9928,54.0834,49.8471,0.5386,0.4265,1.3423,6.317,3.4732,4.0253,13.2911,11.5473,12.618,10.5362,16.0844,17.8464,17.8368,17.9518,15.3833,13.9347,13.8343,13.9839
Gambia,Food Packaging,Emissions (CH4),kilotonnes,0.0003,0.0003,0.0003,0.0004,0.0003,0.0004,0.0002,0.0002,0.0001,0.0001,0.0001,0.0001,0.0002,0.0003,0.0003,0.0003,0.0006,0.0006,0.0018,0.0006,0.0006
Gambia,Food Packaging,Emissions (N2O),kilotonnes,0,0,0,0,0,0,0,0,0,0,0,0,0,0,0,0,0,0,0,0,0
Gambia,Food Packaging,Emissions (CO2),kilotonnes,0.2155,0.2046,0.2153,0.1879,0.1885,0.2198,0.2092,0.171,0.1333,0.1556,0.111,0.1169,0.1473,0.1702,0.1831,0.1919,0.218,0.2337,0.5276,0.2793,0.2823
Gambia,Food Packaging,Emissions (CO2eq) from CH4 (AR5),kilotonnes,0.0084,0.0084,0.0084,0.0112,0.0084,0.0112,0.0056,0.0056,0.0028,0.0028,0.0028,0.0028,0.0056,0.0084,0.0084,0.0084,0.0168,0.0168,0.0504,0.0168,0.0172
Gambia,Food Packaging,Emissions (CO2eq) from N2O (AR5),kilotonnes,0,0,0,0,0,0,0,0,0,0,0,0,0,0,0,0,0,0,0,0,0
Gambia,Food Packaging,Emissions (CO2eq) (AR5),kilotonnes,0.2239,0.213,0.2237,0.1991,0.1969,0.231,0.2148,0.1766,0.1361,0.1584,0.1138,0.1197,0.1529,0.1786,0.1915,0.2003,0.2348,0.2505,0.578,0.2961,0.2994
Gambia,Food Retail,Emissions (CH4),kilotonnes,0.0003,0.0003,0.0003,0.0003,0.0003,0.0003,0.0003,0.0003,0.0003,0.0004,0.0004,0.0004,0.0004,0.0004,0.0004,0.0004,0.0004,0.0004,0.0002,0.0002,0.0002
Gambia,Food Retail,Emissions (N2O),kilotonnes,0,0,0,0,0,0,0,0,0,0,0,0,0,0,0,0,0,0,0,0,0
Gambia,Food Retail,Emissions (CO2),kilotonnes,0.0693,0.0759,0.0759,0.0759,0.0814,0.0822,0.0888,0.0888,0.0925,0.0953,0.1082,0.1127,0.1137,0.1082,0.1286,0.1314,0.1331,0.1334,0.0796,0.0808,0.0817
Gambia,Food Retail,Emissions (CO2eq) from CH4 (AR5),kilotonnes,0.0078,0.0081,0.0082,0.0084,0.0086,0.009,0.0093,0.0095,0.0097,0.01,0.0103,0.0105,0.0109,0.011,0.0112,0.0115,0.0118,0.0125,0.0056,0.0056,0.0057
Gambia,Food Retail,Emissions (CO2eq) from N2O (AR5),kilotonnes,0,0,0,0,0,0,0,0,0,0,0,0,0,0,0,0,0,0,0,0,0
Gambia,Food Retail,Emissions (CO2eq) (AR5),kilotonnes,0.0772,0.0839,0.0841,0.0843,0.0901,0.0912,0.098,0.0983,0.1023,0.1053,0.1184,0.1233,0.1246,0.1192,0.1398,0.1429,0.145,0.1459,0.0852,0.0864,0.0874
Gambia,Food Household Consumption,Emissions (CH4),kilotonnes,0,0,0,0,0,0,0,0,0,0,0,0,0,0,0,0,0,0,0,0,0
Gambia,Food Household Consumption,Emissions (N2O),kilotonnes,0,0,0,0,0,0,0,0,0,0,0,0,0,0,0,0,0,0,0,0,0
Gambia,Food Household Consumption,Emissions (CO2),kilotonnes,0,0,0,0,0,0,0,0,0,0,0,0,0,0,0,0,0,0,0,0,0
Gambia,Food Household Consumption,Emissions (CO2eq) from CH4 (AR5),kilotonnes,0,0,0,0,0,0,0,0,0,0,0,0,0,0,0,0,0,0,0,0,0
Gambia,Food Household Consumption,Emissions (CO2eq) from N2O (AR5),kilotonnes,0,0,0,0,0,0,0,0,0,0,0,0,0,0,0,0,0,0,0,0,0
Gambia,Food Household Consumption,Emissions (CO2eq) (AR5),kilotonnes,0,0,0,0,0,0,0,0,0,0,0,0,0,0,0,0,0,0,0,0,0
Gambia,Food Transport,Emissions (CH4),kilotonnes,0.003,0.0032,0.0032,0.0032,0.0033,0.0033,0.0036,0.0035,0.0036,0.004,0.0043,0.0049,0.0049,0.0053,0.0057,0.0061,0.0065,0.0066,0.007,0.0064,0.0065
Gambia,Food Transport,Emissions (N2O),kilotonnes,0.0003,0.0003,0.0003,0.0003,0.0003,0.0003,0.0004,0.0004,0.0004,0.0004,0.0005,0.0006,0.0006,0.0006,0.0007,0.0008,0.0007,0.0008,0.0008,0.0008,0.0008
Gambia,Food Transport,Emissions (CO2),kilotonnes,13.1745,14.3925,14.7125,14.926,15.4975,15.92,17.3645,17.808,18.592,20.473,21.9559,22.9399,23.3803,24.5992,26.6545,28.3044,29.446,30.2233,31.7796,30.6151,30.9398
Gambia,Food Transport,Emissions (CO2eq) from CH4 (AR5),kilotonnes,0.084,0.0896,0.0896,0.0896,0.0924,0.0924,0.1008,0.098,0.1008,0.112,0.1204,0.1372,0.1372,0.1484,0.1596,0.1708,0.182,0.1848,0.196,0.1792,0.183
Gambia,Food Transport,Emissions (CO2eq) from N2O (AR5),kilotonnes,0.0795,0.0795,0.0795,0.0795,0.0795,0.0795,0.106,0.106,0.106,0.106,0.1325,0.159,0.159,0.159,0.1855,0.212,0.1855,0.212,0.212,0.212,0.2157
Gambia,Food Transport,Emissions (CO2eq) (AR5),kilotonnes,13.338,14.5616,14.8816,15.0951,15.6694,16.0919,17.5713,18.012,18.7988,20.691,22.2088,23.2361,23.6765,24.9066,26.9996,28.6872,29.8135,30.6201,32.1876,31.0063,31.3385
Gambia,Energy,Emissions (CH4),kilotonnes,4.02,4.14,4.22,4.33,4.43,4.65,4.76,4.89,5.01,5.15,5.28,5.42,5.61,5.67,5.77,5.92,6.08,6.44,6.57,6.59,6.73
Gambia,Energy,Emissions (N2O),kilotonnes,0.0384,0.0395,0.0407,0.0411,0.0423,0.0436,0.0448,0.046,0.0464,0.0476,0.0487,0.0494,0.0505,0.051,0.0523,0.0533,0.0543,0.0561,0.0568,0.0575,0.0585
Gambia,Energy,Emissions (CO2),kilotonnes,275,301,301,301,323,326,352,352,367,378,429,447,451,429,510,521,528,529,647,660,667
Gambia,Energy,Emissions (CO2eq) from CH4 (AR5),kilotonnes,112.56,115.92,118.16,121.24,124.04,130.2,133.28,136.92,140.28,144.2,147.84,151.76,157.08,158.76,161.56,165.76,170.24,180.32,183.96,184.52,188.44
Gambia,Energy,Emissions (CO2eq) from N2O (AR5),kilotonnes,10.176,10.4675,10.7855,10.8915,11.2095,11.554,11.872,12.19,12.296,12.614,12.9055,13.091,13.3825,13.515,13.8595,14.1245,14.3895,14.8665,15.052,15.2375,15.5025
Gambia,Energy,Emissions (CO2eq) (AR5),kilotonnes,397.736,427.3875,429.9455,433.1315,458.2495,467.754,497.152,501.11,519.576,534.814,589.7455,611.851,621.4625,601.275,685.4195,700.8845,712.6295,724.1865,846.012,859.7575,870.9425
Gambia,IPPU,Emissions (N2O),kilotonnes,0,0,0,0,0,0,0,0,0,0,0,0,0,0,0,0,0,0,0,0,0
Gambia,IPPU,Emissions (CO2),kilotonnes,7.71,8,8.27,8.05,8.76,8.89,9.15,9.51,9.58,9.76,9.9,10.1,10.1,10.4,10.5,10.3,10.3,10.3,10.4,10.8,10.9
Gambia,IPPU,Emissions (CO2eq) from N2O (AR5),kilotonnes,0.0036,0.0037,0.0038,0.0039,0.0041,0.0042,0.0043,0.0045,0.0046,0.0048,0.0049,0.0051,0.0052,0.0054,0.0056,0.0058,0.0059,0.0061,0.0063,0.0064,0.0066
Gambia,IPPU,Emissions (CO2eq) (AR5),kilotonnes,7.7136,8.0037,8.2738,8.0539,8.7641,8.8942,9.1543,9.5145,9.5846,9.7648,9.9049,10.1051,10.1052,10.4054,10.5056,10.3058,10.3059,10.3061,10.4063,10.8064,10.9066
Gambia,Waste,Emissions (CH4),kilotonnes,7.41,7.69,7.94,8.27,8.61,8.9,9.27,9.66,10,10.4,10.9,11.2,11.6,12.1,12.5,13,13.4,13.9,14.4,14.6,15
Gambia,Waste,Emissions (N2O),kilotonnes,0.0453,0.0467,0.0483,0.0498,0.0512,0.0525,0.0536,0.0563,0.0599,0.0635,0.0673,0.0698,0.072,0.0728,0.0742,0.0761,0.0789,0.0822,0.0847,0.0872,0.0897
Gambia,Waste,Emissions (CO2eq) from CH4 (AR5),kilotonnes,207.48,215.32,222.32,231.56,241.08,249.2,259.56,270.48,280,291.2,305.2,313.6,324.8,338.8,350,364,375.2,389.2,403.2,408.8,420
Gambia,Waste,Emissions (CO2eq) from N2O (AR5),kilotonnes,12.0045,12.3755,12.7995,13.197,13.568,13.9125,14.204,14.9195,15.8735,16.8275,17.8345,18.497,19.08,19.292,19.663,20.1665,20.9085,21.783,22.4455,23.108,23.7705
Gambia,Waste,Emissions (CO2eq) (AR5),kilotonnes,219.4845,227.6955,235.1195,244.757,254.648,263.1125,273.764,285.3995,295.8735,308.0275,323.0345,332.097,343.88,358.092,369.663,384.1665,396.1085,410.983,425.6455,431.908,443.7705
Gambia,Other,Emissions (N2O),kilotonnes,0.03,0.0315,0.0322,0.0326,0.0337,0.0346,0.0365,0.0375,0.0387,0.0407,0.0426,0.0457,0.0454,0.0459,0.0481,0.0496,0.0512,0.0531,0.0547,0.0559,0.0574
Gambia,Other,Emissions (CO2eq) from N2O (AR5),kilotonnes,7.95,8.3475,8.533,8.639,8.9305,9.169,9.6725,9.9375,10.2555,10.7855,11.289,12.1105,12.031,12.1635,12.7465,13.144,13.568,14.0715,14.4955,14.8135,15.211
Gambia,Other,Emissions (CO2eq) (AR5),kilotonnes,7.95,8.3475,8.533,8.639,8.9305,9.169,9.6725,9.9375,10.2555,10.7855,11.289,12.1105,12.031,12.1635,12.7465,13.144,13.568,14.0715,14.4955,14.8135,15.211
Gambia,Farm-gate emissions,Emissions (CH4),kilotonnes,21.3078,19.0653,18.2774,20.6464,22.9024,23.8632,24.9026,24.5392,28.9977,39.5142,42.6233,30.0597,33.8419,36.0159,37.2456,42.1914,36.7553,37.2755,31.0379,37.1797,37.8941
Gambia,Farm-gate emissions,Direct emissions (N2O),kilotonnes,0.5977,0.577,0.5732,0.717,0.7312,0.7454,0.7573,0.7613,0.7844,0.8339,0.8445,0.7578,0.6908,0.7423,0.7998,0.8317,0.7706,0.7866,0.8195,0.8105,0.815
Gambia,Farm-gate emissions,Indirect emissions (N2O),kilotonnes,0.1473,0.148,0.1485,0.1866,0.1892,0.1944,0.1984,0.2017,0.2075,0.2198,0.2231,0.1994,0.1776,0.1839,0.1986,0.2066,0.1923,0.1961,0.2074,0.2031,0.2028
Gambia,Farm-gate emissions,Emissions (N2O),kilotonnes,1.0307,0.9037,0.8862,1.0006,1.0751,1.1153,1.1891,1.175,1.1701,1.2508,1.2611,1.1593,1.0319,1.0847,1.1265,1.134,1.1302,1.1432,1.1705,1.146,1.2053
Gambia,Farm-gate emissions,Emissions (CO2),kilotonnes,13.6909,14.2793,12.7875,11.0168,11.3984,10.8639,11.6201,14.2098,14.592,18.4139,19.0316,19.2809,20.3414,18.1827,27.449,28.8575,30.0988,31.4783,33.9311,35.2275,35.2275
Gambia,Farm-gate emissions,Emissions (CO2eq) from CH4 (AR5),kilotonnes,596.6183,533.8273,511.7675,578.098,641.268,668.1687,697.2722,687.0968,811.9349,1106.3981,1193.4512,841.6712,947.5727,1008.4445,1042.8769,1181.359,1029.1489,1043.714,869.0606,1041.0329,1061.0337
Gambia,Farm-gate emissions,Emissions (CO2eq) from N2O (AR5),kilotonnes,273.1375,239.4771,234.8322,265.1681,284.8901,295.5664,315.1056,311.3644,310.0881,331.467,334.1871,307.2277,273.4645,287.4494,298.512,300.5027,299.5103,302.9467,310.1855,303.6937,319.4138
Gambia,Farm-gate emissions,Emissions (CO2eq) (AR5),kilotonnes,883.4467,787.5837,759.3873,854.2829,937.5565,974.5989,1023.9979,1012.6709,1136.6151,1456.2789,1546.6698,1168.1799,1241.3786,1314.0766,1368.8379,1510.7192,1358.758,1378.139,1213.1772,1379.9541,1415.6751
Gambia,Land Use change,Emissions (CH4),kilotonnes,2.7995,0,0,0,0,0,0,0,0,0,0,0,0,0,0,0,0,0,0.008,0,0
Gambia,Land Use change,Emissions (N2O),kilotonnes,0.0823,0,0,0,0,0,0,0,0,0,0,0,0,0,0,0,0,0,0.0007,0,0
Gambia,Land Use change,Emissions (CO2),kilotonnes,527.6271,527.6271,527.6271,527.6271,527.6271,527.6271,527.6271,527.6271,527.6271,527.6271,527.6271,527.5351,527.5351,527.5351,527.5351,527.5351,527.7191,527.7191,527.7191,527.7191,527.7191
Gambia,Land Use change,Emissions (CO2eq) from CH4 (AR5),kilotonnes,78.3869,0,0,0,0,0,0,0,0,0,0,0,0,0,0,0,0,0,0.2235,0,0
Gambia,Land Use change,Emissions (CO2eq) from N2O (AR5),kilotonnes,21.8198,0,0,0,0,0,0,0,0,0,0,0,0,0,0,0,0,0,0.1932,0,0
Gambia,Land Use change,Emissions (CO2eq) (AR5),kilotonnes,627.8339,527.6271,527.6271,527.6271,527.6271,527.6271,527.6271,527.6271,527.6271,527.6271,527.6271,527.5351,527.5351,527.5351,527.5351,527.5351,527.7191,527.7191,528.1358,527.7191,527.7191
Gambia,Emissions on agricultural land,Emissions (CH4),kilotonnes,24.1073,19.0653,18.2774,20.6464,22.9024,23.8632,24.9026,24.5392,28.9977,39.5142,42.6233,30.0597,33.8419,36.0159,37.2456,42.1914,36.7553,37.2755,31.0459,37.1797,37.8941
Gambia,Emissions on agricultural land,Emissions (N2O),kilotonnes,1.113,0.9037,0.8862,1.0006,1.0751,1.1153,1.1891,1.175,1.1701,1.2508,1.2611,1.1593,1.0319,1.0847,1.1265,1.134,1.1302,1.1432,1.1712,1.146,1.2053
Gambia,Emissions on agricultural land,Emissions (CO2),kilotonnes,541.318,541.9064,540.4146,538.6439,539.0255,538.491,539.2472,541.8369,542.2191,546.041,546.6587,546.816,547.8765,545.7178,554.9841,556.3925,557.8179,559.1974,561.6503,562.9467,562.9467
Gambia,Emissions on agricultural land,Emissions (CO2eq) from CH4 (AR5),kilotonnes,675.0052,533.8273,511.7675,578.098,641.268,668.1687,697.2722,687.0968,811.9349,1106.3981,1193.4512,841.6712,947.5727,1008.4445,1042.8769,1181.359,1029.1489,1043.714,869.2841,1041.0329,1061.0337
Gambia,Emissions on agricultural land,Emissions (CO2eq) from N2O (AR5),kilotonnes,294.9574,239.4771,234.8322,265.1681,284.8901,295.5664,315.1056,311.3644,310.0881,331.467,334.1871,307.2277,273.4645,287.4494,298.512,300.5027,299.5103,302.9467,310.3787,303.6937,319.4138
Gambia,Emissions on agricultural land,Emissions (CO2eq) (AR5),kilotonnes,1511.2806,1315.2108,1287.0144,1381.91,1465.1836,1502.226,1551.625,1540.298,1664.2422,1983.906,2074.2969,1695.715,1768.9136,1841.6116,1896.373,2038.2543,1886.4771,1905.8582,1741.313,1907.6733,1943.3942
Gambia,Pre- and post- production,Emissions (CH4),kilotonnes,5.3877,5.7191,5.8076,5.7231,5.8391,5.9518,6.071,6.1728,6.2842,6.3936,6.4996,6.6009,6.7059,6.8102,6.9014,7.0059,7.1089,7.2047,7.3106,7.4163,7.5249
Gambia,Pre- and post- production,Emissions (N2O),kilotonnes,0.0267,0.0282,0.0294,0.0298,0.0297,0.0303,0.0317,0.0344,0.0366,0.0374,0.0406,0.0409,0.0409,0.0418,0.0431,0.0447,0.0463,0.0489,0.0503,0.0518,0.0534
Gambia,Pre- and post- production,Emissions (CO2),kilotonnes,14.3989,62.3708,59.0756,15.6892,16.1687,17.5251,23.6758,21.3913,22.685,33.8121,33.5279,35.5874,33.9438,40.6443,44.4781,46.0335,47.2675,45.6924,46.0122,44.5282,45.0005
Gambia,Pre- and post- production,Emissions (CO2eq) from CH4 (AR5),kilotonnes,150.8556,160.1357,162.6122,160.2461,163.4952,166.6512,169.9874,172.8385,175.9563,179.0201,181.9892,184.8253,187.7639,190.6856,193.2406,196.1639,199.0493,201.7313,204.6966,207.6553,210.697
Gambia,Pre- and post- production,Emissions (CO2eq) from N2O (AR5),kilotonnes,7.0767,7.4854,7.8042,7.8875,7.8599,8.0339,8.3997,9.1282,9.7054,9.9209,10.7519,10.8314,10.8473,11.0822,11.4156,11.8586,12.2574,12.9532,13.3348,13.7325,14.1421
Gambia,Pre- and post- production,Emissions (CO2eq) (AR5),kilotonnes,172.3312,229.9919,229.492,183.8228,187.5238,192.2102,202.0628,203.3579,208.3468,222.7531,226.269,231.2442,232.5551,242.412,249.1342,254.056,258.5742,260.3769,264.0437,265.916,269.8396
Gambia,Agri-food systems,Emissions (CH4),kilotonnes,29.495,24.7844,24.085,26.3694,28.7415,29.815,30.9736,30.712,35.2818,45.9078,49.1229,36.6606,40.5477,42.8261,44.1471,49.1972,43.8642,44.4802,38.3565,44.596,45.419
Gambia,Agri-food systems,Emissions (N2O),kilotonnes,1.1398,0.9319,0.9156,1.0304,1.1047,1.1457,1.2208,1.2094,1.2068,1.2883,1.3017,1.2002,1.0729,1.1265,1.1695,1.1787,1.1765,1.1921,1.2216,1.1978,1.2587
Gambia,Agri-food systems,Emissions (CO2),kilotonnes,555.7169,604.2772,599.4902,554.3331,555.1943,556.0161,562.923,563.2281,564.9042,579.8531,580.1866,582.4034,581.8203,586.362,599.4622,602.426,605.0855,604.8898,607.6625,607.4749,607.9471
Gambia,Agri-food systems,Emissions (CO2eq) from CH4 (AR5),kilotonnes,825.8608,693.963,674.3797,738.3441,804.7632,834.8199,867.2595,859.9352,987.8912,1285.4182,1375.4404,1026.4966,1135.3366,1199.13,1236.1174,1377.523,1228.1982,1245.4453,1073.9807,1248.6882,1271.7307
Gambia,Agri-food systems,Emissions (CO2eq) from N2O (AR5),kilotonnes,302.0341,246.9625,242.6364,273.0555,292.75,303.6002,323.5053,320.4925,319.7936,341.3879,344.939,318.0592,284.3118,298.5316,309.9276,312.3613,311.7677,315.9,323.7135,317.4263,333.5559
Gambia,Agri-food systems,Emissions (CO2eq) (AR5),kilotonnes,1683.6118,1545.2027,1516.5064,1565.7328,1652.7075,1694.4362,1753.6878,1743.6559,1872.589,2206.6592,2300.5659,1926.9592,2001.4687,2084.0237,2145.5072,2292.3103,2145.0513,2166.2351,2005.3567,2173.5893,2213.2338
Gambia,IPCC Agriculture,Emissions (CH4),kilotonnes,21.3067,19.0641,18.2764,20.6455,22.9015,23.8623,24.9017,24.538,28.9965,39.5128,42.6217,30.0582,33.8403,36.0144,37.2434,42.1891,36.7529,37.273,31.0352,37.177,37.8913
Gambia,IPCC Agriculture,Emissions (CH4),kilotonnes,19.336,,,,,,,,,,,,,,,,,,,,
Gambia,IPCC Agriculture,Direct emissions (N2O),kilotonnes,0.5977,0.577,0.5732,0.717,0.7312,0.7454,0.7573,0.7613,0.7844,0.8339,0.8445,0.7578,0.6908,0.7423,0.7998,0.8317,0.7706,0.7866,0.8195,0.8105,0.815
Gambia,IPCC Agriculture,Indirect emissions (N2O),kilotonnes,0.1473,0.148,0.1485,0.1866,0.1892,0.1944,0.1984,0.2017,0.2075,0.2198,0.2231,0.1994,0.1776,0.1839,0.1986,0.2066,0.1923,0.1961,0.2074,0.2031,0.2028
Gambia,IPCC Agriculture,Emissions (N2O),kilotonnes,1.0307,0.9037,0.8861,1.0006,1.075,1.1153,1.1891,1.1749,1.1701,1.2508,1.2611,1.1593,1.0319,1.0847,1.1264,1.1339,1.1302,1.1431,1.1705,1.146,1.2053
Gambia,IPCC Agriculture,Emissions (N2O),kilotonnes,3.642,,,,,,,,,,,,,,,,,,,,
Gambia,IPCC Agriculture,Emissions (CO2eq) from CH4 (AR5),kilotonnes,596.5879,533.7956,511.7391,578.0736,641.2427,668.1446,697.2464,687.0652,811.9026,1106.3572,1193.4089,841.6285,947.5276,1008.4041,1042.816,1181.295,1029.0821,1043.6441,868.9853,1040.9547,1060.9556
Gambia,IPCC Agriculture,Emissions (CO2eq) from CH4 (AR5),kilotonnes,541.408,,,,,,,,,,,,,,,,,,,,
Gambia,IPCC Agriculture,Emissions (CO2eq) from N2O (AR5),kilotonnes,273.1318,239.4711,234.8269,265.1635,284.8853,295.5618,315.1007,311.3584,310.082,331.4592,334.1791,307.2196,273.456,287.4418,298.5005,300.4906,299.4976,302.9335,310.1713,303.6789,319.399
Gambia,IPCC Agriculture,Emissions (CO2eq) from N2O (AR5),kilotonnes,965.13,,,,,,,,,,,,,,,,,,,,
Gambia,IPCC Agriculture,Emissions (CO2eq) (AR5),kilotonnes,869.7197,773.2667,746.566,843.237,926.128,963.7064,1012.3471,998.4236,1121.9845,1437.8164,1527.588,1148.8481,1220.9835,1295.8459,1341.3165,1481.7856,1328.5797,1346.5777,1179.1566,1344.6336,1380.3546
Gambia,IPCC Agriculture,Emissions (CO2eq) (AR5),kilotonnes,1506.538,,,,,,,,,,,,,,,,,,,,
Gambia,Agricultural Soils,Direct emissions (N2O),kilotonnes,0.5977,0.577,0.5732,0.717,0.7312,0.7454,0.7573,0.7613,0.7844,0.8339,0.8445,0.7578,0.6908,0.7423,0.7998,0.8317,0.7706,0.7866,0.8195,0.8105,0.815
Gambia,Agricultural Soils,Indirect emissions (N2O),kilotonnes,0.1473,0.148,0.1485,0.1866,0.1892,0.1944,0.1984,0.2017,0.2075,0.2198,0.2231,0.1994,0.1776,0.1839,0.1986,0.2066,0.1923,0.1961,0.2074,0.2031,0.2028
Gambia,Agricultural Soils,Emissions (N2O),kilotonnes,0.745,0.7251,0.7217,0.9036,0.9204,0.9398,0.9557,0.9631,0.9919,1.0537,1.0676,0.9572,0.8685,0.9261,0.9984,1.0382,0.9629,0.9827,1.0269,1.0135,1.0178
Gambia,Agricultural Soils,Emissions (N2O),kilotonnes,3.627,,,,,,,,,,,,,,,,,,,,
Gambia,Agricultural Soils,Emissions (CO2eq) from N2O (AR5),kilotonnes,197.4226,192.1448,191.2626,239.4445,243.9149,249.045,253.2607,255.2087,262.8501,279.2206,282.922,253.6553,230.1435,245.4273,264.5734,275.1257,255.1668,260.4205,272.1164,268.5831,269.7049
Gambia,Agricultural Soils,Emissions (CO2eq) from N2O (AR5),kilotonnes,961.155,,,,,,,,,,,,,,,,,,,,
Gambia,Agricultural Soils,Emissions (CO2eq) (AR5),kilotonnes,197.4226,192.1448,191.2626,239.4445,243.9149,249.045,253.2607,255.2087,262.8501,279.2206,282.922,253.6553,230.1435,245.4273,264.5734,275.1257,255.1668,260.4205,272.1164,268.5831,269.7049
Gambia,Agricultural Soils,Emissions (CO2eq) (AR5),kilotonnes,961.155,,,,,,,,,,,,,,,,,,,,
Gambia,LULUCF,Emissions (CH4),kilotonnes,9.2167,0,0,0,0,0,0,0,0,0,0,0,0,0,0,0,0,0,0.008,0,0
Gambia,LULUCF,Emissions (CH4),kilotonnes,12.041,,,,,,,,,,,,,,,,,,,,
Gambia,LULUCF,Emissions (N2O),kilotonnes,0.2711,0,0,0,0,0,0,0,0,0,0,0,0,0,0,0,0,0,0.0007,0,0
Gambia,LULUCF,Emissions (N2O),kilotonnes,0.083,,,,,,,,,,,,,,,,,,,,
Gambia,LULUCF,Emissions (CO2),kilotonnes,527.6271,527.6271,527.6271,527.6271,527.6271,527.6271,527.6271,527.6271,527.6271,527.6271,527.6271,527.5351,527.5351,527.5351,527.5351,527.5351,527.7191,527.7191,527.7191,527.7191,527.7191
Gambia,LULUCF,Emissions (CO2),kilotonnes,110.313,,,,,,,,,,,,,,,,,,,,
Gambia,LULUCF,Emissions (CO2eq) from CH4 (AR5),kilotonnes,258.0678,0,0,0,0,0,0,0,0,0,0,0,0,0,0,0,0,0,0.2235,0,0
Gambia,LULUCF,Emissions (CO2eq) from N2O (AR5),kilotonnes,71.8359,0,0,0,0,0,0,0,0,0,0,0,0,0,0,0,0,0,0.1932,0,0
Gambia,LULUCF,Emissions (CO2eq) (AR5),kilotonnes,857.5308,527.6271,527.6271,527.6271,527.6271,527.6271,527.6271,527.6271,527.6271,527.6271,527.6271,527.5351,527.5351,527.5351,527.5351,527.5351,527.7191,527.7191,528.1358,527.7191,527.7191
Gambia,LULUCF,Emissions (CO2eq) (AR5),kilotonnes,110.313,,,,,,,,,,,,,,,,,,,,
Gambia,AFOLU,Emissions (CH4),kilotonnes,30.5234,19.0641,18.2764,20.6455,22.9015,23.8623,24.9017,24.538,28.9965,39.5128,42.6217,30.0582,33.8403,36.0144,37.2434,42.1891,36.7529,37.273,31.0432,37.177,37.8913
Gambia,AFOLU,Emissions (N2O),kilotonnes,1.3018,0.9037,0.8861,1.0006,1.075,1.1153,1.1891,1.1749,1.1701,1.2508,1.2611,1.1593,1.0319,1.0847,1.1264,1.1339,1.1302,1.1431,1.1712,1.146,1.2053
Gambia,AFOLU,Emissions (CO2),kilotonnes,527.6271,527.6271,527.6271,527.6271,527.6271,527.6271,527.6271,527.6271,527.6271,527.6271,527.6271,527.5351,527.5351,527.5351,527.5351,527.5351,527.7191,527.7191,527.7191,527.7191,527.7191
Gambia,AFOLU,Emissions (CO2eq) from CH4 (AR5),kilotonnes,854.6557,533.7956,511.7391,578.0736,641.2427,668.1446,697.2464,687.0652,811.9026,1106.3572,1193.4089,841.6285,947.5276,1008.4041,1042.816,1181.295,1029.0821,1043.6441,869.2088,1040.9547,1060.9556
Gambia,AFOLU,Emissions (CO2eq) from N2O (AR5),kilotonnes,344.9677,239.4711,234.8269,265.1635,284.8853,295.5618,315.1007,311.3584,310.082,331.4592,334.1791,307.2196,273.456,287.4418,298.5005,300.4906,299.4976,302.9335,310.3644,303.6789,319.399
Gambia,AFOLU,Emissions (CO2eq) (AR5),kilotonnes,1727.2505,1300.8938,1274.1931,1370.8641,1453.7551,1491.3335,1539.9742,1526.0507,1649.6116,1965.4435,2055.2151,1676.3831,1748.5186,1823.381,1868.8516,2009.3207,1856.2989,1874.2968,1707.2924,1872.3528,1908.0737
Gambia,All sectors with LULUCF,Emissions (CH4),kilotonnes,41.9534,30.8941,30.4364,33.2455,35.9415,37.4123,38.9317,39.088,44.0065,55.0628,58.8017,46.6782,51.0503,53.7844,55.5134,61.1091,56.2329,57.613,52.0132,58.367,59.6213
Gambia,All sectors with LULUCF,Emissions (N2O),kilotonnes,1.4155,1.0214,1.0074,1.1241,1.2023,1.246,1.324,1.3148,1.3151,1.4026,1.4197,1.3242,1.1998,1.2544,1.301,1.3129,1.3146,1.3346,1.3674,1.3466,1.4109
Gambia,All sectors with LULUCF,Emissions (CO2),kilotonnes,810.3371,836.6271,836.8971,836.6771,859.3871,862.5171,888.7771,889.1371,904.2071,915.3871,966.5271,984.6351,988.6351,966.9351,1048.0351,1058.8351,1066.0191,1067.0191,1185.1191,1198.5191,1205.6191
Gambia,All sectors with LULUCF,Emissions (CO2eq) from CH4 (AR5),kilotonnes,1174.6957,865.0356,852.2191,930.8736,1006.3627,1047.5446,1090.0864,1094.4652,1232.1826,1541.7572,1646.4489,1306.9885,1429.4076,1505.9641,1554.376,1711.055,1574.5221,1613.1641,1456.3688,1634.2747,1669.3956
Gambia,All sectors with LULUCF,Emissions (CO2eq) from N2O (AR5),kilotonnes,375.1018,270.6653,266.9487,297.8949,318.5973,330.2015,350.8536,348.4099,348.5116,371.691,376.213,350.9232,317.9547,332.4177,344.7751,347.9314,348.3696,353.6606,362.3637,356.8443,373.8896
Gambia,All sectors with LULUCF,Emissions (CO2eq) (AR5),kilotonnes,2360.1346,1972.328,1956.0649,2065.4456,2184.3472,2240.2632,2329.717,2332.0122,2484.9013,2828.8353,2989.189,2642.5467,2735.9973,2805.3169,2947.1861,3117.8214,2988.9108,3033.8439,3003.8517,3189.6382,3248.9043
Gambia,All sectors without LULUCF,Emissions (CH4),kilotonnes,32.7367,30.8941,30.4364,33.2455,35.9415,37.4123,38.9317,39.088,44.0065,55.0628,58.8017,46.6782,51.0503,53.7844,55.5134,61.1091,56.2329,57.613,52.0052,58.367,59.6213
Gambia,All sectors without LULUCF,Emissions (N2O),kilotonnes,1.1444,1.0214,1.0074,1.1241,1.2023,1.246,1.324,1.3148,1.3151,1.4026,1.4197,1.3242,1.1998,1.2544,1.301,1.3129,1.3146,1.3346,1.3667,1.3466,1.4109
Gambia,All sectors without LULUCF,Emissions (CO2),kilotonnes,282.71,309,309.27,309.05,331.76,334.89,361.15,361.51,376.58,387.76,438.9,457.1,461.1,439.4,520.5,531.3,538.3,539.3,657.4,670.8,677.9
Gambia,All sectors without LULUCF,Emissions (CO2eq) from CH4 (AR5),kilotonnes,916.6279,865.0356,852.2191,930.8736,1006.3627,1047.5446,1090.0864,1094.4652,1232.1826,1541.7572,1646.4489,1306.9885,1429.4076,1505.9641,1554.376,1711.055,1574.5221,1613.1641,1456.1453,1634.2747,1669.3956
Gambia,All sectors without LULUCF,Emissions (CO2eq) from N2O (AR5),kilotonnes,303.2659,270.6653,266.9487,297.8949,318.5973,330.2015,350.8536,348.4099,348.5116,371.691,376.213,350.9232,317.9547,332.4177,344.7751,347.9314,348.3696,353.6606,362.1706,356.8443,373.8896
Gambia,All sectors without LULUCF,Emissions (CO2eq) (AR5),kilotonnes,1502.6038,1444.7009,1428.4378,1537.8185,1656.7201,1712.6361,1802.0899,1804.3851,1957.2742,2301.2082,2461.5619,2115.0117,2208.4623,2277.7818,2419.6511,2590.2864,2461.1917,2506.1248,2475.7159,2661.9191,2721.1851
Georgia,Crop Residues,Direct emissions (N2O),kilotonnes,0.095,0.1531,0.1391,0.1496,0.1385,0.1422,0.0696,0.0816,0.0902,0.0721,0.0532,0.0796,0.0756,0.0944,0.0719,0.0766,0.0843,0.0636,0.0744,0.072,0.077
Georgia,Crop Residues,Indirect emissions (N2O),kilotonnes,0.0214,0.0344,0.0313,0.0337,0.0312,0.032,0.0157,0.0183,0.0203,0.0162,0.012,0.0179,0.017,0.0213,0.0162,0.0172,0.019,0.0143,0.0167,0.0162,0.0173
Georgia,Crop Residues,Emissions (N2O),kilotonnes,0.1163,0.1875,0.1704,0.1833,0.1696,0.1742,0.0852,0.0999,0.1105,0.0883,0.0652,0.0975,0.0926,0.1157,0.0881,0.0938,0.1033,0.0779,0.0911,0.0882,0.0943
Georgia,Crop Residues,Emissions (CO2eq) from N2O (AR5),kilotonnes,30.8321,49.6887,45.1523,48.5783,44.9495,46.1757,22.5844,26.4735,29.2768,23.4095,17.2734,25.8462,24.5356,30.6598,23.3502,24.8566,27.375,20.6537,24.1414,23.3799,24.9842
Georgia,Crop Residues,Emissions (CO2eq) (AR5),kilotonnes,30.8321,49.6887,45.1523,48.5783,44.9495,46.1757,22.5844,26.4735,29.2768,23.4095,17.2734,25.8462,24.5356,30.6598,23.3502,24.8566,27.375,20.6537,24.1414,23.3799,24.9842
Georgia,Burning - Crop residues,Emissions (CH4),kilotonnes,0.587,0.6214,0.6533,0.6401,0.6157,0.6239,0.3798,0.3803,0.4333,0.3882,0.3208,0.3689,0.3459,0.4437,0.3757,0.3439,0.3042,0.26,0.2395,0.2436,0.2692
Georgia,Burning - Crop residues,Emissions (CH4),kilotonnes,0.25,1,,,,,0.19,0.2,0.22,0.17,0.17,0.29,0.27,0.35,,,,,,,
Georgia,Burning - Crop residues,Emissions (N2O),kilotonnes,0.0152,0.0161,0.0169,0.0166,0.016,0.0162,0.0098,0.0099,0.0112,0.0101,0.0083,0.0096,0.009,0.0115,0.0097,0.0089,0.0079,0.0067,0.0062,0.0063,0.007
Georgia,Burning - Crop residues,Emissions (N2O),kilotonnes,0.01,,,,0.01,0.01,0.003,0.004,0.004,0.004,0.005,0.009,0.008,0.01,,,,,,,
Georgia,Burning - Crop residues,Emissions (CO2eq) from CH4 (AR5),kilotonnes,16.4349,17.399,18.2921,17.9222,17.2397,17.4684,10.6339,10.649,12.1323,10.8698,8.9813,10.3285,9.6844,12.4241,10.519,9.6299,8.5186,7.2788,6.7072,6.8221,7.5373
Georgia,Burning - Crop residues,Emissions (CO2eq) from CH4 (AR5),kilotonnes,7,28,,,,,5.32,5.6,6.16,4.76,4.76,8.12,7.56,9.8,,,,,,,
Georgia,Burning - Crop residues,Emissions (CO2eq) from N2O (AR5),kilotonnes,4.0326,4.2692,4.4883,4.3976,4.2301,4.2862,2.6092,2.613,2.9769,2.6671,2.2037,2.5343,2.3763,3.0485,2.581,2.3629,2.0902,1.786,1.6458,1.674,1.8494
Georgia,Burning - Crop residues,Emissions (CO2eq) from N2O (AR5),kilotonnes,2.65,,,,2.65,2.65,0.795,1.06,1.06,1.06,1.325,2.385,2.12,2.65,,,,,,,
Georgia,Burning - Crop residues,Emissions (CO2eq) (AR5),kilotonnes,20.4675,21.6682,22.7805,22.3198,21.4698,21.7546,13.2431,13.262,15.1092,13.5369,11.185,12.8628,12.0606,15.4726,13.1,11.9928,10.6088,9.0648,8.353,8.4961,9.3868
Georgia,Burning - Crop residues,Emissions (CO2eq) (AR5),kilotonnes,9.65,28,,,2.65,2.65,6.115,6.66,7.22,5.82,6.085,10.505,9.68,12.45,,,,,,,
Georgia,Enteric Fermentation,Emissions (CH4),kilotonnes,51.0134,51.2353,52.9855,54.4765,52.9373,53.4262,50.0066,46.965,45.9075,45.0246,45.8686,46.7521,51.3992,52.3318,54.0949,45.1678,45.4187,44.136,41.871,40.4411,40.0013
Georgia,Enteric Fermentation,Emissions (CH4),kilotonnes,61.33,64,65,67,68,69,65.37,59.27,57.07,57.01,58.42,57.79,60.88,64.33,,,,,,,
Georgia,Enteric Fermentation,Emissions (CO2eq) from CH4 (AR5),kilotonnes,1428.3752,1434.5878,1483.595,1525.3428,1482.2443,1495.9323,1400.1848,1315.02,1285.41,1260.6888,1284.3208,1309.0588,1439.1776,1465.2904,1514.6572,1264.6995,1271.7243,1235.8079,1172.3878,1132.3495,1120.0368
Georgia,Enteric Fermentation,Emissions (CO2eq) from CH4 (AR5),kilotonnes,1717.24,1792,1820,1876,1904,1932,1830.36,1659.56,1597.96,1596.28,1635.76,1618.12,1704.64,1801.24,,,,,,,
Georgia,Enteric Fermentation,Emissions (CO2eq) (AR5),kilotonnes,1428.3752,1434.5878,1483.595,1525.3428,1482.2443,1495.9323,1400.1848,1315.02,1285.41,1260.6888,1284.3208,1309.0588,1439.1776,1465.2904,1514.6572,1264.6995,1271.7243,1235.8079,1172.3878,1132.3495,1120.0368
Georgia,Enteric Fermentation,Emissions (CO2eq) (AR5),kilotonnes,1717.24,1792,1820,1876,1904,1932,1830.36,1659.56,1597.96,1596.28,1635.76,1618.12,1704.64,1801.24,,,,,,,
Georgia,Manure Management,Emissions (CH4),kilotonnes,2.4962,2.5318,2.612,2.6779,2.6652,2.6803,2.5137,2.2244,1.9435,1.9065,1.9937,1.9915,2.15,2.2771,2.3472,1.9938,2.0016,1.9109,1.8387,1.7938,1.7757
Georgia,Manure Management,Emissions (CH4),kilotonnes,12.4,13,13,14,14,14,13.96,11.58,9.87,10.07,4.75,4.53,4.99,5.63,,,,,,,
Georgia,Manure Management,Emissions (N2O),kilotonnes,0.1978,0.2089,0.2116,0.2138,0.2226,0.2273,0.2107,0.1659,0.0781,0.0693,0.0887,0.08,0.0817,0.1186,0.1155,0.1006,0.0993,0.0887,0.0928,0.0964,0.0944
Georgia,Manure Management,Emissions (N2O),kilotonnes,0.23,0.25,,,0.26,0.27,0.239,0.207,0.148,0.138,0.41,0.4,0.43,0.49,,,,,,,
Georgia,Manure Management,Emissions (CO2eq) from CH4 (AR5),kilotonnes,69.8942,70.89,73.135,74.9805,74.6246,75.0489,70.3835,62.2835,54.4183,53.3824,55.8237,55.7629,60.201,63.7578,65.7204,55.8263,56.0445,53.5051,51.4829,50.2252,49.7196
Georgia,Manure Management,Emissions (CO2eq) from CH4 (AR5),kilotonnes,347.2,364,364,392,392,392,390.88,324.24,276.36,281.96,133,126.84,139.72,157.64,,,,,,,
Georgia,Manure Management,Emissions (CO2eq) from N2O (AR5),kilotonnes,52.4169,55.3616,56.086,56.6629,58.9958,60.2299,55.8381,43.9654,20.7031,18.3721,23.4924,21.189,21.6379,31.437,30.5945,26.6711,26.3014,23.4928,24.6018,25.5393,25.0243
Georgia,Manure Management,Emissions (CO2eq) from N2O (AR5),kilotonnes,60.95,66.25,,,68.9,71.55,63.335,54.855,39.22,36.57,108.65,106,113.95,129.85,,,,,,,
Georgia,Manure Management,Emissions (CO2eq) (AR5),kilotonnes,122.3111,126.2517,129.221,131.6434,133.6203,135.2787,126.2216,106.2489,75.1214,71.7545,79.3161,76.9519,81.8389,95.1948,96.315,82.4974,82.3459,76.9979,76.0847,75.7645,74.7439
Georgia,Manure Management,Emissions (CO2eq) (AR5),kilotonnes,408.15,430.25,364,392,460.9,463.55,454.215,379.095,315.58,318.53,241.65,232.84,253.67,287.49,,,,,,,
Georgia,Manure left on Pasture,Direct emissions (N2O),kilotonnes,2.2133,2.2112,2.294,2.367,2.2991,2.3271,2.1521,2.0197,1.9902,1.9616,1.9984,2.0373,2.2398,2.2659,2.3463,1.9585,1.9848,1.9301,1.8344,1.7706,1.7645
Georgia,Manure left on Pasture,Indirect emissions (N2O),kilotonnes,0.502,0.5017,0.5206,0.5382,0.5249,0.5345,0.4973,0.468,0.462,0.4544,0.4584,0.4657,0.5077,0.5178,0.5395,0.4595,0.464,0.4542,0.4325,0.4174,0.417
Georgia,Manure left on Pasture,Emissions (N2O),kilotonnes,2.7153,2.7128,2.8146,2.9052,2.8239,2.8616,2.6494,2.4877,2.4521,2.416,2.4568,2.5029,2.7475,2.7837,2.8858,2.4181,2.4489,2.3843,2.2669,2.188,2.1814
Georgia,Manure left on Pasture,Emissions (CO2eq) from N2O (AR5),kilotonnes,719.5536,718.8961,745.8638,769.8761,748.3372,758.3311,702.0898,659.2315,649.8088,640.2522,651.0423,663.2809,728.0959,737.6825,764.7433,640.7948,648.9486,631.8325,600.7199,579.8312,578.0814
Georgia,Manure left on Pasture,Emissions (CO2eq) (AR5),kilotonnes,719.5536,718.8961,745.8638,769.8761,748.3372,758.3311,702.0898,659.2315,649.8088,640.2522,651.0423,663.2809,728.0959,737.6825,764.7433,640.7948,648.9486,631.8325,600.7199,579.8312,578.0814
Georgia,Manure applied to Soils,Direct emissions (N2O),kilotonnes,0.156,0.1606,0.1643,0.1678,0.1711,0.1748,0.1584,0.1301,0.0812,0.0767,0.0882,0.0839,0.0877,0.108,0.1085,0.0949,0.0962,0.0892,0.0907,0.0915,0.092
Georgia,Manure applied to Soils,Indirect emissions (N2O),kilotonnes,0.0663,0.0682,0.0698,0.0713,0.0727,0.0743,0.0673,0.0553,0.0345,0.0326,0.0375,0.0357,0.0373,0.0459,0.0461,0.0403,0.0409,0.0379,0.0385,0.0389,0.0391
Georgia,Manure applied to Soils,Emissions (N2O),kilotonnes,0.2223,0.2288,0.2341,0.2391,0.2438,0.2491,0.2258,0.1854,0.1157,0.1092,0.1257,0.1196,0.125,0.154,0.1546,0.1352,0.137,0.1271,0.1292,0.1304,0.1311
Georgia,Manure applied to Soils,Emissions (CO2eq) from N2O (AR5),kilotonnes,58.9067,60.641,62.0382,63.3596,64.5963,66.0002,59.8251,49.1332,30.6618,28.9466,33.3228,31.6858,33.1246,40.7969,40.9738,35.8244,36.3157,33.6854,34.2374,34.5559,34.7353
Georgia,Manure applied to Soils,Emissions (CO2eq) (AR5),kilotonnes,58.9067,60.641,62.0382,63.3596,64.5963,66.0002,59.8251,49.1332,30.6618,28.9466,33.3228,31.6858,33.1246,40.7969,40.9738,35.8244,36.3157,33.6854,34.2374,34.5559,34.7353
Georgia,Synthetic Fertilizers,Direct emissions (N2O),kilotonnes,0.6286,0.4086,0.3363,0.1748,0.2216,0.379,0.3364,0.2899,0.2731,0.3088,0.2678,0.232,0.2768,0.3552,0.278,0.2728,0.284,0.2253,0.234,0.2019,0.6946
Georgia,Synthetic Fertilizers,Indirect emissions (N2O),kilotonnes,0.2043,0.1328,0.1093,0.0568,0.072,0.1232,0.1093,0.0942,0.0887,0.1004,0.087,0.0754,0.09,0.1154,0.0904,0.0887,0.0923,0.0732,0.076,0.0656,0.2257
Georgia,Synthetic Fertilizers,Emissions (N2O),kilotonnes,0.8329,0.5414,0.4456,0.2316,0.2936,0.5022,0.4458,0.3842,0.3618,0.4092,0.3548,0.3073,0.3668,0.4706,0.3684,0.3615,0.3763,0.2985,0.31,0.2676,0.9203
Georgia,Synthetic Fertilizers,Emissions (CO2eq) from N2O (AR5),kilotonnes,220.7071,143.4596,118.0783,61.3787,77.7993,133.0699,118.1335,101.8067,95.8807,108.4307,94.0323,81.4437,97.2077,124.7051,97.6243,95.7952,99.732,79.0932,82.1527,70.9022,243.8814
Georgia,Synthetic Fertilizers,Emissions (CO2eq) (AR5),kilotonnes,220.7071,143.4596,118.0783,61.3787,77.7993,133.0699,118.1335,101.8067,95.8807,108.4307,94.0323,81.4437,97.2077,124.7051,97.6243,95.7952,99.732,79.0932,82.1527,70.9022,243.8814
Georgia,Drained organic soils,Emissions (CO2eq) (AR5),kilotonnes,0,0,0,0,0,0,0,0,0,0,0,0,0,0,0,0,0,0,0,0,0
Georgia,Drained organic soils (CO2),Emissions (CO2),kilotonnes,0,0,0,0,0,0,0,0,0,0,0,0,0,0,0,0,0,0,0,0,0
Georgia,Drained organic soils (CO2),Emissions (CO2eq) (AR5),kilotonnes,0,0,0,0,0,0,0,0,0,0,0,0,0,0,0,0,0,0,0,0,0
Georgia,Drained organic soils (N2O),Emissions (N2O),kilotonnes,0,0,0,0,0,0,0,0,0,0,0,0,0,0,0,0,0,0,0,0,0
Georgia,Drained organic soils (N2O),Emissions (CO2eq) from N2O (AR5),kilotonnes,0,0,0,0,0,0,0,0,0,0,0,0,0,0,0,0,0,0,0,0,0
Georgia,Drained organic soils (N2O),Emissions (CO2eq) (AR5),kilotonnes,0,0,0,0,0,0,0,0,0,0,0,0,0,0,0,0,0,0,0,0,0
Georgia,On-farm energy use,Emissions (CH4),kilotonnes,0.1204,0.0814,0.0681,0.0806,0.0874,0.1001,0.097,0.1725,0.2374,0.1967,0.1726,0.1446,0.1103,0.0545,0.0299,0.004,0.0096,0.0085,0.0108,0.008,0.008
Georgia,On-farm energy use,Emissions (N2O),kilotonnes,0.0508,0.0297,0.0333,0.0259,0.0383,0.0605,0.0691,0.0879,0.0809,0.0143,0.0203,0.0813,0.087,0.0102,0.006,0.011,0.0172,0.0151,0.0131,0.0146,0.0146
Georgia,On-farm energy use,Emissions (CO2),kilotonnes,328.5043,242.6071,250.2933,238.9246,280.8481,349.7486,376.3996,455.0936,505.3145,252.5497,255.826,380.6843,378.3017,55.2922,40.1542,43.172,74.1477,71.1034,56.4549,60.9549,60.9549
Georgia,On-farm energy use,Emissions (CO2eq) from CH4 (AR5),kilotonnes,3.371,2.278,1.9059,2.2562,2.4483,2.803,2.7165,4.8287,6.6461,5.5068,4.8321,4.0493,3.089,1.5253,0.8385,0.111,0.2685,0.2388,0.3012,0.2239,0.2239
Georgia,On-farm energy use,Emissions (CO2eq) from N2O (AR5),kilotonnes,13.4626,7.86,8.8121,6.875,10.1463,16.0262,18.3019,23.2922,21.445,3.7777,5.3705,21.5372,23.0603,2.6974,1.5911,2.9112,4.5668,4.0073,3.4775,3.8565,3.8565
Georgia,On-farm energy use,Emissions (CO2eq) (AR5),kilotonnes,345.338,252.7451,261.0113,248.0558,293.4426,368.5778,397.418,483.2145,533.4056,261.8343,266.0286,406.2708,404.4509,59.5149,42.5838,46.1941,78.983,75.3495,60.2336,65.0353,65.0353
Georgia,Forestland,Emissions (CO2),kilotonnes,-18267.5508,-3516.359,-3516.359,-3516.359,-3516.359,-3516.359,-3516.359,-3516.359,-3516.359,-3516.359,-3516.359,0,0,0,0,0,0,0,0,0,0
Georgia,Forestland,Emissions (CO2eq) (AR5),kilotonnes,-18267.5508,-3516.359,-3516.359,-3516.359,-3516.359,-3516.359,-3516.359,-3516.359,-3516.359,-3516.359,-3516.359,0,0,0,0,0,0,0,0,0,0
Georgia,Net Forest conversion,Emissions (CO2),kilotonnes,0,0,0,0,0,0,0,0,0,0,0,0,0,0,0,0,0,0,0,0,0
Georgia,Net Forest conversion,Emissions (CO2eq) (AR5),kilotonnes,0,0,0,0,0,0,0,0,0,0,0,0,0,0,0,0,0,0,0,0,0
Georgia,Savanna fires,Emissions (CH4),kilotonnes,0.0089,0.1445,0.0077,0.0434,0.1484,0.2318,0.2447,0.0982,0.0874,0.0146,0.2563,0.0674,0.0329,0.0514,0.0398,0.2113,0.1062,0.0887,0.0554,0.1743,0.0763
Georgia,Savanna fires,Emissions (N2O),kilotonnes,0.0008,0.0132,0.0007,0.004,0.0135,0.0212,0.0223,0.009,0.008,0.0013,0.0234,0.0062,0.003,0.0047,0.0036,0.0193,0.0097,0.0081,0.0051,0.0159,0.007
Georgia,Savanna fires,Emissions (CO2eq) from CH4 (AR5),kilotonnes,0.249,4.046,0.2157,1.2155,4.1548,6.4899,6.8526,2.7484,2.4473,0.4089,7.1756,1.8862,0.9209,1.4386,1.1135,5.917,2.9729,2.4832,1.5518,4.8813,2.1354
Georgia,Savanna fires,Emissions (CO2eq) from N2O (AR5),kilotonnes,0.2152,3.4962,0.1864,1.0503,3.5903,5.6081,5.9216,2.375,2.1148,0.3533,6.2007,1.6299,0.7958,1.2431,0.9622,5.1131,2.569,2.1458,1.341,4.2181,1.8453
Georgia,Savanna fires,Emissions (CO2eq) (AR5),kilotonnes,0.4642,7.5422,0.4021,2.2658,7.7451,12.098,12.7742,5.1234,4.5621,0.7622,13.3763,3.5161,1.7166,2.6817,2.0758,11.0301,5.5419,4.629,2.8928,9.0994,3.9807
Georgia,Fires in organic soils,Emissions (CH4),kilotonnes,0,0,0,0,0,0,0,0,0,0,0,0,0,0,0,0,0,0,0,0,0
Georgia,Fires in organic soils,Emissions (CO2),kilotonnes,0,0,0,0,0,0,0,0,0,0,0,0,0,0,0,0,0,0,0,0,0
Georgia,Fires in organic soils,Emissions (CO2eq) from CH4 (AR5),kilotonnes,0,0,0,0,0,0,0,0,0,0,0,0,0,0,0,0,0,0,0,0,0
Georgia,Fires in organic soils,Emissions (CO2eq) (AR5),kilotonnes,0,0,0,0,0,0,0,0,0,0,0,0,0,0,0,0,0,0,0,0,0
Georgia,Forest fires,Emissions (CH4),kilotonnes,0.0334,0.0174,0.0598,0.0648,0.0947,0.0798,0.1122,0.0224,0.1221,0.0249,0.3589,0.015,0.005,0.1396,0.0224,0.1321,0.0199,0.0474,0,0.8151,0.3489
Georgia,Forest fires,Emissions (N2O),kilotonnes,0.0018,0.0016,0.0055,0.0059,0.0086,0.0073,0.0102,0.002,0.0112,0.0023,0.0328,0.0014,0.0005,0.0127,0.002,0.0121,0.0018,0.0043,0,0.0744,0.0319
Georgia,Forest fires,Emissions (CO2eq) from CH4 (AR5),kilotonnes,0.9352,0.4885,1.6749,1.8146,2.652,2.2333,3.1403,0.6281,3.4197,0.6979,10.0498,0.4188,0.1396,3.908,0.6281,3.699,0.5583,1.326,0,22.8237,9.7703
Georgia,Forest fires,Emissions (CO2eq) from N2O (AR5),kilotonnes,0.4897,0.4221,1.4473,1.5681,2.2917,1.9298,2.7136,0.5428,2.9551,0.6031,8.6844,0.3619,0.1206,3.377,0.5428,3.1964,0.4825,1.1458,0,19.7227,8.4428
Georgia,Forest fires,Emissions (CO2eq) (AR5),kilotonnes,1.4249,0.9107,3.1223,3.3827,4.9437,4.1631,5.8539,1.1709,6.3748,1.301,18.7342,0.7806,0.2602,7.2851,1.1708,6.8955,1.0408,2.4719,0,42.5464,18.2131
Georgia,Fires in humid tropical forests,Emissions (CH4),kilotonnes,0,0,0,0,0,0,0,0,0,0,0,0,0,0,0,0,0,0,0,0,0
Georgia,Fires in humid tropical forests,Emissions (N2O),kilotonnes,0,0,0,0,0,0,0,0,0,0,0,0,0,0,0,0,0,0,0,0,0
Georgia,Fires in humid tropical forests,Emissions (CO2eq) from CH4 (AR5),kilotonnes,0,0,0,0,0,0,0,0,0,0,0,0,0,0,0,0,0,0,0,0,0
Georgia,Fires in humid tropical forests,Emissions (CO2eq) from N2O (AR5),kilotonnes,0,0,0,0,0,0,0,0,0,0,0,0,0,0,0,0,0,0,0,0,0
Georgia,Fires in humid tropical forests,Emissions (CO2eq) (AR5),kilotonnes,0,0,0,0,0,0,0,0,0,0,0,0,0,0,0,0,0,0,0,0,0
Georgia,Waste - agri-food systems,Emissions (CH4),kilotonnes,15.7048,15.9139,16.214,16.866,17.6678,18.1672,18.5523,18.9875,18.5482,19.2204,19.8673,20.3764,20.3811,20.4378,20.7239,20.377,20.5682,20.4943,20.4695,20.4292,20.3841
Georgia,Waste - agri-food systems,Emissions (N2O),kilotonnes,0.1034,0.1014,0.1069,0.1141,0.1228,0.1278,0.1167,0.121,0.1158,0.117,0.1235,0.1316,0.1292,0.1309,0.1333,0.1274,0.1289,0.1223,0.1186,0.1148,0.1112
Georgia,Waste - agri-food systems,Emissions (CO2),kilotonnes,1.0296,1.032,1.0345,1.0421,1.0539,1.0645,1.0734,1.0862,1.097,1.0889,1.095,1.1049,1.109,1.111,1.1121,1.1044,1.105,1.1083,1.1121,1.1117,1.1071
Georgia,Waste - agri-food systems,Emissions (CO2eq) from CH4 (AR5),kilotonnes,439.735,445.5889,453.9913,472.2469,494.6982,508.6803,519.465,531.6509,519.3493,538.1706,556.2852,570.5397,570.6707,572.2586,580.2686,570.5547,575.9103,573.8397,573.1473,572.0163,570.7558
Georgia,Waste - agri-food systems,Emissions (CO2eq) from N2O (AR5),kilotonnes,27.4085,26.8677,28.3257,30.2241,32.5461,33.8597,30.9356,32.072,30.6817,31.005,32.7294,34.8834,34.2298,34.6793,35.3278,33.7501,34.169,32.4151,31.4351,30.4258,29.4753
Georgia,Waste - agri-food systems,Emissions (CO2eq) (AR5),kilotonnes,468.1731,473.4886,483.3515,503.5131,528.2982,543.6045,551.4739,564.809,551.128,570.2646,590.1095,606.528,606.0095,608.0488,616.7085,605.4092,611.1842,607.3631,605.6945,603.5538,601.3382
Georgia,Fertilizers Manufacturing,Emissions (N2O),kilotonnes,0.8046,0.9834,1.1691,1.2485,1.4839,1.7323,2.071,2.0562,2.0055,2.4563,2.5204,2.7738,2.9053,2.9921,3.1503,3.1566,3.3918,3.6037,3.699,3.7769,3.8277
Georgia,Fertilizers Manufacturing,Emissions (CO2),kilotonnes,114.6876,144.7098,175.8132,194.0856,229.9751,268.5661,320.684,319.1784,327.5832,392.3278,404.0828,446.1692,468.6743,483.9079,510.6467,512.7094,551.9282,587.3851,603.8305,617.3925,598.3225
Georgia,Fertilizers Manufacturing,Emissions (CO2eq) from N2O (AR5),kilotonnes,213.219,260.601,309.8115,330.8525,393.2335,459.0595,548.815,544.893,531.4575,650.9195,667.906,735.057,769.9045,792.9065,834.8295,836.499,898.827,954.9805,980.235,1000.8785,1014.3432
Georgia,Fertilizers Manufacturing,Emissions (CO2eq) (AR5),kilotonnes,327.9066,405.3108,485.6247,524.9381,623.2086,727.6256,869.499,864.0714,859.0407,1043.2473,1071.9888,1181.2262,1238.5788,1276.8144,1345.4762,1349.2084,1450.7552,1542.3656,1584.0655,1618.271,1612.6657
Georgia,On-farm electricity use,Emissions (CH4),kilotonnes,0.0084,0.0012,0.0012,0.0012,0.0012,0.0012,0.0012,0.0012,0.0024,0.2496,0.2832,0.432,0.4716,0.042,0.036,0.068,0.063,0.0755,0.0952,0.1071,0.1071
Georgia,On-farm electricity use,Emissions (N2O),kilotonnes,0.0001,0,0,0.0001,0,0,0,0,0,0.0013,0.0015,0.0023,0.0025,0.0001,0.0001,0.0001,0.0002,0.0002,0.0002,0.0002,0.0002
Georgia,On-farm electricity use,Emissions (CO2),kilotonnes,1.5751,0.1361,0.0582,0.0623,0.0892,0.1007,0.1471,0.1614,0.1589,25.6119,16.2231,36.5445,45.9861,3.677,3.1517,5.9567,5.5154,6.608,8.3414,9.3793,9.3793
Georgia,On-farm electricity use,Emissions (CO2eq) from CH4 (AR5),kilotonnes,0.2352,0.0336,0.0336,0.0336,0.0336,0.0336,0.0336,0.0336,0.0672,6.9888,7.9296,12.096,13.2048,1.176,1.008,1.904,1.764,2.114,2.6656,2.9988,2.9988
Georgia,On-farm electricity use,Emissions (CO2eq) from N2O (AR5),kilotonnes,0.0265,0,0,0.0265,0,0,0,0,0,0.3445,0.3975,0.6095,0.6625,0.0265,0.0265,0.0265,0.053,0.053,0.053,0.053,0.053
Georgia,On-farm electricity use,Emissions (CO2eq) (AR5),kilotonnes,1.8368,0.1697,0.0918,0.1224,0.1228,0.1343,0.1807,0.195,0.2261,32.9452,24.5502,49.25,59.8534,4.8795,4.1862,7.8872,7.3324,8.775,11.06,12.4311,12.4311
Georgia,Food Processing,Emissions (CH4),kilotonnes,0,0,0,0,0,0,0,0.1176,0.1215,0.133,0.1433,0.2148,0.1992,0.22,0.2368,0.239,0.2518,0.3027,0.3003,0.3003,0.3019
Georgia,Food Processing,Emissions (N2O),kilotonnes,0,0,0,0,0,0,0,0.0007,0.001,0.0012,0.002,0.002,0.0015,0.0013,0.0008,0.0009,0.0008,0.0013,0.0014,0.0014,0.0014
Georgia,Food Processing,Emissions (CO2),kilotonnes,0,0,0,0,0,0,0,15.8172,45.4685,46.3273,102.2313,99.2951,80.0176,152.0938,117.3918,124.6706,114.136,165.3797,157.391,157.391,152.5295
Georgia,Food Processing,Emissions (CO2eq) from CH4 (AR5),kilotonnes,0,0,0,0,0,0,0,3.2928,3.402,3.724,4.0124,6.0144,5.5776,6.16,6.6304,6.692,7.0504,8.4756,8.4084,8.4084,8.4543
Georgia,Food Processing,Emissions (CO2eq) from N2O (AR5),kilotonnes,0,0,0,0,0,0,0,0.1855,0.265,0.318,0.53,0.53,0.3975,0.3445,0.212,0.2385,0.212,0.3445,0.371,0.371,0.376
Georgia,Food Processing,Emissions (CO2eq) (AR5),kilotonnes,0,0,0,0,0,0,0,19.2955,49.1355,50.3693,106.7737,105.8395,85.9927,158.5983,124.2342,131.6011,121.3984,174.1998,166.1704,166.1704,161.3598
Georgia,Food Packaging,Emissions (CH4),kilotonnes,0.0039,0.0082,0.0164,0.0178,0.0197,0.0157,0.0093,0.0207,0.022,0.0782,0.1091,0.1127,0.1336,0.0854,0.0851,0.1071,0.1159,0.1195,0.1135,0.1206,0.1213
Georgia,Food Packaging,Emissions (N2O),kilotonnes,0,0.0001,0.0001,0.0001,0.0001,0.0001,0.0001,0.0002,0.0002,0.0004,0.0006,0.0007,0.0008,0.0002,0.0003,0.0003,0.0004,0.0004,0.0004,0.0005,0.0005
Georgia,Food Packaging,Emissions (CO2),kilotonnes,0.4177,9.5329,1.0086,1.3271,2.0218,1.9288,4.2061,13.7927,21.19,28.981,29.699,47.6032,49.7589,17.4889,25.8417,31.2373,33.6069,34.641,36.8496,36.256,35.1361
Georgia,Food Packaging,Emissions (CO2eq) from CH4 (AR5),kilotonnes,0.1092,0.2296,0.4592,0.4984,0.5516,0.4396,0.2604,0.5796,0.616,2.1896,3.0548,3.1556,3.7408,2.3912,2.3828,2.9988,3.2452,3.346,3.178,3.3768,3.3953
Georgia,Food Packaging,Emissions (CO2eq) from N2O (AR5),kilotonnes,0,0.0265,0.0265,0.0265,0.0265,0.0265,0.0265,0.053,0.053,0.106,0.159,0.1855,0.212,0.053,0.0795,0.0795,0.106,0.106,0.106,0.1325,0.1343
Georgia,Food Packaging,Emissions (CO2eq) (AR5),kilotonnes,0.5269,9.789,1.4943,1.852,2.5999,2.3949,4.493,14.4253,21.859,31.2766,32.9128,50.9443,53.7117,19.9331,28.304,34.3156,36.9581,38.093,40.1336,39.7653,38.6657
Georgia,Food Retail,Emissions (CH4),kilotonnes,0.0024,0.0024,0.0024,0.0025,0.0025,0.0022,0.0022,0.2696,0.2768,0.146,0.0813,0.1418,0.1491,0.3402,0.3399,0.337,0.3814,0.4039,0.5,0.3915,0.3936
Georgia,Food Retail,Emissions (N2O),kilotonnes,0.0003,0.0003,0.0003,0.0003,0.0003,0.0003,0.0003,0.0016,0.0018,0.0011,0.0005,0.0008,0.0009,0.0008,0.0008,0.0008,0.0009,0.001,0.0012,0.0011,0.0011
Georgia,Food Retail,Emissions (CO2),kilotonnes,65.042,53.7044,48.0356,53.7044,61.3125,72.2025,88.463,44.2484,39.9038,43.5468,15.6431,23.6417,36.2228,62.5566,85.0097,78.379,82.8317,86.2996,93.9592,64.1663,62.1843
Georgia,Food Retail,Emissions (CO2eq) from F-gases (AR5),kilotonnes,3.117,4.156,6.234,8.312,11.429,12.468,14.0265,16.1045,16.1045,16.1045,16.1045,16.1045,16.624,16.624,16.624,16.624,17.663,18.1825,18.702,19.2215,19.5926
Georgia,Food Retail,Emissions (CO2eq) from CH4 (AR5),kilotonnes,0.0683,0.0665,0.0665,0.069,0.0698,0.0614,0.0617,7.5488,7.7504,4.088,2.2764,3.9704,4.1748,9.5256,9.5172,9.436,10.6792,11.3092,14,10.962,11.0219
Georgia,Food Retail,Emissions (CO2eq) from N2O (AR5),kilotonnes,0.0913,0.0828,0.0833,0.0806,0.0842,0.0774,0.0824,0.424,0.477,0.2915,0.1325,0.212,0.2385,0.212,0.212,0.212,0.2385,0.265,0.318,0.2915,0.2954
Georgia,Food Retail,Emissions (CO2eq) (AR5),kilotonnes,68.3186,58.0097,54.4193,62.166,72.8954,84.8093,102.6336,68.3257,64.2357,64.0308,34.1565,43.9286,57.2601,88.9182,111.3629,104.651,111.4124,116.0563,126.9792,94.6413,93.0942
Georgia,Food Household Consumption,Emissions (CH4),kilotonnes,0.411,0.3826,0.365,0.3951,0.4168,0.4396,0.4039,0.4163,0.4385,0.4515,0.5707,0.5006,0.5202,0.3452,0.3765,0.3785,0.3679,0.375,0.3771,0.3771,0.3792
Georgia,Food Household Consumption,Emissions (N2O),kilotonnes,0.0027,0.0025,0.0023,0.0025,0.0026,0.0028,0.0026,0.0026,0.0028,0.0025,0.0032,0.0029,0.003,0.001,0.0011,0.0011,0.0011,0.0012,0.0012,0.0012,0.0012
Georgia,Food Household Consumption,Emissions (CO2),kilotonnes,196.3544,118.1822,71.2888,76.9456,93.7487,110.1861,124.1316,132.4995,121.5128,140.3428,147.6144,170.6926,208.0447,179.8986,192.5852,219.0388,240.2065,268.2058,262.7502,262.7502,254.6344
Georgia,Food Household Consumption,Emissions (CO2eq) from CH4 (AR5),kilotonnes,11.508,10.7128,10.22,11.0628,11.6704,12.3088,11.3092,11.6564,12.278,12.642,15.9796,14.0168,14.5656,9.6656,10.542,10.598,10.3012,10.5,10.5588,10.5588,10.6165
Georgia,Food Household Consumption,Emissions (CO2eq) from N2O (AR5),kilotonnes,0.7155,0.6625,0.6095,0.6625,0.689,0.742,0.689,0.689,0.742,0.6625,0.848,0.7685,0.795,0.265,0.2915,0.2915,0.2915,0.318,0.318,0.318,0.3223
Georgia,Food Household Consumption,Emissions (CO2eq) (AR5),kilotonnes,208.5779,129.5575,82.1183,88.6709,106.1081,123.2369,136.1298,144.8449,134.5328,153.6473,164.442,185.4779,223.4053,189.8292,203.4187,229.9283,250.7992,279.0238,273.627,273.627,265.5731
Georgia,Food Transport,Emissions (CH4),kilotonnes,0.0196,0.0304,0.0294,0.0285,0.0249,0.0282,0.0276,0.0325,0.0282,0.0254,0.0252,0.0264,0.0302,0.1027,0.1477,0.1542,0.1323,0.1202,0.118,0.0925,0.093
Georgia,Food Transport,Emissions (N2O),kilotonnes,0.004,0.0032,0.0035,0.0037,0.0036,0.0045,0.0045,0.0055,0.0047,0.0052,0.0055,0.0058,0.0063,0.01,0.012,0.012,0.0141,0.0127,0.0124,0.0089,0.009
Georgia,Food Transport,Emissions (CO2),kilotonnes,106.005,125.4,132,135.3,130.9,165,170.5,220.1454,182.6,225.5,245.312,247.7765,261.2065,313.7407,359.8172,395.8682,453.3172,404.9124,393.7606,320.6467,310.7426
Georgia,Food Transport,Emissions (CO2eq) from CH4 (AR5),kilotonnes,0.5488,0.8512,0.8232,0.798,0.6972,0.7896,0.7728,0.91,0.7896,0.7112,0.7056,0.7392,0.8456,2.8756,4.1356,4.3176,3.7044,3.3656,3.304,2.59,2.6042
Georgia,Food Transport,Emissions (CO2eq) from N2O (AR5),kilotonnes,1.06,0.848,0.9275,0.9805,0.954,1.1925,1.1925,1.4575,1.2455,1.378,1.4575,1.537,1.6695,2.65,3.18,3.18,3.7365,3.3655,3.286,2.3585,2.3902
Georgia,Food Transport,Emissions (CO2eq) (AR5),kilotonnes,107.6138,127.0992,133.7507,137.0785,132.5512,166.9821,172.4653,222.5129,184.6351,227.5892,247.4751,250.0527,263.7216,319.2663,367.1328,403.3658,460.7581,411.6435,400.3506,325.5952,315.7369
Georgia,Energy,Emissions (CH4),kilotonnes,18.7,18.2,18.2,18.9,19.1,16.8,16.9,17.3,17.1,17.4,16.7,16.2,16.4,19.3,19.5,18.7,18.3,17.9,17.9,18.3,18.4
Georgia,Energy,Emissions (N2O),kilotonnes,0.204,0.185,0.186,0.18,0.188,0.173,0.184,0.214,0.199,0.142,0.142,0.205,0.218,0.206,0.215,0.21,0.232,0.216,0.213,0.223,0.226
Georgia,Energy,Emissions (CO2),kilotonnes,4360,3600,3220,3600,4110,4840,5930,6200,5150,5810,5890,7240,7670,7400,8170,8920,9220,9360,7780,7770,7530
Georgia,Energy,Emissions (CO2eq) from CH4 (AR5),kilotonnes,523.6,509.6,509.6,529.2,534.8,470.4,473.2,484.4,478.8,487.2,467.6,453.6,459.2,540.4,546,523.6,512.4,501.2,501.2,512.4,515.2
Georgia,Energy,Emissions (CO2eq) from N2O (AR5),kilotonnes,54.06,49.025,49.29,47.7,49.82,45.845,48.76,56.71,52.735,37.63,37.63,54.325,57.77,54.59,56.975,55.65,61.48,57.24,56.445,59.095,59.89
Georgia,Energy,Emissions (CO2eq) (AR5),kilotonnes,4937.66,4158.625,3778.89,4176.9,4694.62,5356.245,6451.96,6741.11,5681.535,6334.83,6395.23,7747.925,8186.97,7994.99,8772.975,9499.25,9793.88,9918.44,8337.645,8341.495,8105.09
Georgia,IPPU,Emissions (CH4),kilotonnes,0.0287,0.0281,0.028,0.028,0.116,0.136,0.135,0.138,0.138,0.125,0.225,0.267,0.287,0.279,0.282,0.239,0.269,0.304,0.288,0.332,0.347
Georgia,IPPU,Emissions (N2O),kilotonnes,2.09,0.957,1.83,2.1,2.16,2.16,2.44,2.52,2.55,2.57,2.7,2.7,2.7,2.7,2.7,2.7,2.7,2.7,2.7,2.86,2.89
Georgia,IPPU,Emissions (CO2),kilotonnes,706,505,583,670,827,863,883,909,907,1040,1170,1450,1510,1530,1590,1620,1590,1780,1730,2100,2120
Georgia,IPPU,Emissions (CO2eq) from F-gases (AR5),kilotonnes,2.7209,3.6635,4.9365,7.2493,9.6107,13.313,14.4791,16.617,18.852,20.6984,22.5447,38.5787,57.3335,33.6227,25.3628,17.0057,8.5612,0.1331,24.5854,25.1684,25.6543
Georgia,IPPU,Emissions (CO2eq) from CH4 (AR5),kilotonnes,0.8036,0.7868,0.784,0.784,3.248,3.808,3.78,3.864,3.864,3.5,6.3,7.476,8.036,7.812,7.896,6.692,7.532,8.512,8.064,9.296,9.716
Georgia,IPPU,Emissions (CO2eq) from N2O (AR5),kilotonnes,553.85,253.605,484.95,556.5,572.4,572.4,646.6,667.8,675.75,681.05,715.5,715.5,715.5,715.5,715.5,715.5,715.5,715.5,715.5,757.9,765.85
Georgia,IPPU,Emissions (CO2eq) (AR5),kilotonnes,1263.3745,763.0553,1073.6705,1234.5333,1412.2587,1452.521,1547.8591,1597.281,1605.466,1745.2484,1914.3447,2211.5547,2290.8695,2286.9347,2338.7588,2359.1977,2321.5932,2504.1451,2478.1494,2892.3644,2921.2203
Georgia,Waste,Emissions (CH4),kilotonnes,56.7,56.4,57,58.1,58.6,59.5,60.6,62.2,53.6,53.2,53.6,54.2,54.6,54.9,55.3,55.6,55.8,56.6,57.4,54.5,54.2
Georgia,Waste,Emissions (N2O),kilotonnes,0.225,0.223,0.221,0.227,0.234,0.237,0.227,0.219,0.211,0.208,0.203,0.198,0.197,0.199,0.199,0.198,0.195,0.191,0.187,0.181,0.178
Georgia,Waste,Emissions (CO2eq) from CH4 (AR5),kilotonnes,1587.6,1579.2,1596,1626.8,1640.8,1666,1696.8,1741.6,1500.8,1489.6,1500.8,1517.6,1528.8,1537.2,1548.4,1556.8,1562.4,1584.8,1607.2,1526,1517.6
Georgia,Waste,Emissions (CO2eq) from N2O (AR5),kilotonnes,59.625,59.095,58.565,60.155,62.01,62.805,60.155,58.035,55.915,55.12,53.795,52.47,52.205,52.735,52.735,52.47,51.675,50.615,49.555,47.965,47.17
Georgia,Waste,Emissions (CO2eq) (AR5),kilotonnes,1647.225,1638.295,1654.565,1686.955,1702.81,1728.805,1756.955,1799.635,1556.715,1544.72,1554.595,1570.07,1581.005,1589.935,1601.135,1609.27,1614.075,1635.415,1656.755,1573.965,1564.77
Georgia,Other,Emissions (CH4),kilotonnes,0,0,0,0,0,0,0,0,0,0,0,0,0,0,0,0,0,0,0,0,0
Georgia,Other,Emissions (N2O),kilotonnes,0.127,0.117,0.112,0.113,0.108,0.0949,0.0993,0.119,0.0998,0.115,0.108,0.11,0.121,0.19,0.211,0.215,0.213,0.204,0.202,0.226,0.236
Georgia,Other,Emissions (CO2),kilotonnes,632,587,535,476,413,348,283,220,161,109,64.2,29.9,7.82,0,0,0,0,0,0,0,0
Georgia,Other,Emissions (CO2eq) from CH4 (AR5),kilotonnes,0,0,0,0,0,0,0,0,0,0,0,0,0,0,0,0,0,0,0,0,0
Georgia,Other,Emissions (CO2eq) from N2O (AR5),kilotonnes,33.655,31.005,29.68,29.945,28.62,25.1485,26.3145,31.535,26.447,30.475,28.62,29.15,32.065,50.35,55.915,56.975,56.445,54.06,53.53,59.89,62.54
Georgia,Other,Emissions (CO2eq) (AR5),kilotonnes,665.655,618.005,564.68,505.945,441.62,373.1485,309.3145,251.535,187.447,139.475,92.82,59.05,39.885,50.35,55.915,56.975,56.445,54.06,53.53,59.89,62.54
Georgia,Farm-gate emissions,Emissions (CH4),kilotonnes,54.2259,54.6143,56.3266,57.9185,56.454,57.0622,53.2418,49.8403,48.6091,47.5306,48.6119,49.3245,54.0383,55.1584,56.8875,47.7208,47.8403,46.4041,44.0154,42.6608,42.1305
Georgia,Farm-gate emissions,Direct emissions (N2O),kilotonnes,3.0929,2.9334,2.9336,2.8592,2.8301,3.0231,2.7165,2.5213,2.4346,2.4192,2.4077,2.4327,2.6799,2.8236,2.8048,2.4028,2.4493,2.3081,2.2334,2.1361,2.628
Georgia,Farm-gate emissions,Indirect emissions (N2O),kilotonnes,0.7939,0.7371,0.731,0.7,0.7007,0.7639,0.6896,0.6359,0.6055,0.6036,0.5949,0.5946,0.652,0.7004,0.6922,0.6058,0.6162,0.5796,0.5638,0.5381,0.6991
Georgia,Farm-gate emissions,Emissions (N2O),kilotonnes,4.1514,3.9384,3.9272,3.8195,3.8213,4.1122,3.7181,3.4298,3.2184,3.1178,3.1432,3.2043,3.5126,3.6689,3.6318,3.1484,3.1996,3.0064,2.9144,2.8074,3.45
Georgia,Farm-gate emissions,Emissions (CO2),kilotonnes,328.5043,242.6071,250.2933,238.9246,280.8481,349.7486,376.3996,455.0936,505.3145,252.5497,255.826,380.6843,378.3017,55.2922,40.1542,43.172,74.1477,71.1034,56.4549,60.9549,60.9549
Georgia,Farm-gate emissions,Emissions (CO2eq) from CH4 (AR5),kilotonnes,1518.3242,1529.2008,1577.1437,1621.7172,1580.7117,1597.7425,1490.7713,1395.5297,1361.0541,1330.8566,1361.1335,1381.0856,1513.0728,1544.4361,1592.8486,1336.1838,1339.5289,1299.3138,1232.431,1194.5021,1179.653
Georgia,Farm-gate emissions,Emissions (CO2eq) from N2O (AR5),kilotonnes,1100.1269,1043.6725,1040.7054,1012.1785,1012.6447,1089.7272,985.3035,908.8904,852.8679,826.2093,832.9381,849.147,930.8339,972.2702,962.4205,834.3293,847.8987,796.6966,772.3173,743.957,914.2578
Georgia,Farm-gate emissions,Emissions (CO2eq) (AR5),kilotonnes,2946.9555,2815.4804,2868.1425,2872.8203,2874.2044,3037.2183,2852.4744,2759.5137,2719.2365,2409.6157,2449.8976,2610.9169,2822.2084,2571.9986,2595.4234,2213.6851,2261.5753,2167.1138,2061.2033,1999.4139,2154.8657
Georgia,Land Use change,Emissions (CH4),kilotonnes,0,0,0,0,0,0,0,0,0,0,0,0,0,0,0,0,0,0,0,0,0
Georgia,Land Use change,Emissions (N2O),kilotonnes,0,0,0,0,0,0,0,0,0,0,0,0,0,0,0,0,0,0,0,0,0
Georgia,Land Use change,Emissions (CO2),kilotonnes,0,0,0,0,0,0,0,0,0,0,0,0,0,0,0,0,0,0,0,0,0
Georgia,Land Use change,Emissions (CO2eq) from CH4 (AR5),kilotonnes,0,0,0,0,0,0,0,0,0,0,0,0,0,0,0,0,0,0,0,0,0
Georgia,Land Use change,Emissions (CO2eq) from N2O (AR5),kilotonnes,0,0,0,0,0,0,0,0,0,0,0,0,0,0,0,0,0,0,0,0,0
Georgia,Land Use change,Emissions (CO2eq) (AR5),kilotonnes,0,0,0,0,0,0,0,0,0,0,0,0,0,0,0,0,0,0,0,0,0
Georgia,Emissions on agricultural land,Emissions (CH4),kilotonnes,54.2259,54.6143,56.3266,57.9185,56.454,57.0622,53.2418,49.8403,48.6091,47.5306,48.6119,49.3245,54.0383,55.1584,56.8875,47.7208,47.8403,46.4041,44.0154,42.6608,42.1305
Georgia,Emissions on agricultural land,Emissions (N2O),kilotonnes,4.1514,3.9384,3.9272,3.8195,3.8213,4.1122,3.7181,3.4298,3.2184,3.1178,3.1432,3.2043,3.5126,3.6689,3.6318,3.1484,3.1996,3.0064,2.9144,2.8074,3.45
Georgia,Emissions on agricultural land,Emissions (CO2),kilotonnes,328.5043,242.6071,250.2933,238.9246,280.8481,349.7486,376.3996,455.0936,505.3145,252.5497,255.826,380.6843,378.3017,55.2922,40.1542,43.172,74.1477,71.1034,56.4549,60.9549,60.9549
Georgia,Emissions on agricultural land,Emissions (CO2eq) from CH4 (AR5),kilotonnes,1518.3242,1529.2008,1577.1437,1621.7172,1580.7117,1597.7425,1490.7713,1395.5297,1361.0541,1330.8566,1361.1335,1381.0856,1513.0728,1544.4361,1592.8486,1336.1838,1339.5289,1299.3138,1232.431,1194.5021,1179.653
Georgia,Emissions on agricultural land,Emissions (CO2eq) from N2O (AR5),kilotonnes,1100.1269,1043.6725,1040.7054,1012.1785,1012.6447,1089.7272,985.3035,908.8904,852.8679,826.2093,832.9381,849.147,930.8339,972.2702,962.4205,834.3293,847.8987,796.6966,772.3173,743.957,914.2578
Georgia,Emissions on agricultural land,Emissions (CO2eq) (AR5),kilotonnes,2946.9555,2815.4804,2868.1425,2872.8203,2874.2044,3037.2183,2852.4744,2759.5137,2719.2365,2409.6157,2449.8976,2610.9169,2822.2084,2571.9986,2595.4234,2213.6851,2261.5753,2167.1138,2061.2033,1999.4139,2154.8657
Georgia,Pre- and post- production,Emissions (CH4),kilotonnes,16.1502,16.3387,16.6283,17.311,18.1329,18.654,18.9965,19.8454,19.4376,20.3041,21.0801,21.8047,21.885,21.5733,21.9459,21.6608,21.8805,21.8911,21.9736,21.8183,21.7802
Georgia,Pre- and post- production,Emissions (N2O),kilotonnes,0.9152,1.0909,1.2822,1.3693,1.6133,1.8678,2.1952,2.1878,2.1318,2.585,2.6572,2.9199,3.0495,3.1364,3.2987,3.2992,3.5382,3.7428,3.8344,3.905,3.9524
Georgia,Pre- and post- production,Emissions (CO2),kilotonnes,485.1113,452.6974,429.2389,462.4671,519.1012,619.0487,709.2052,746.9292,739.5142,903.7265,961.9007,1072.8277,1151.0199,1214.4745,1295.5561,1368.9644,1482.6469,1554.5399,1557.9946,1469.0937,1424.0357
Georgia,Pre- and post- production,Emissions (CO2eq) from F-gases (AR5),kilotonnes,3.117,4.156,6.234,8.312,11.429,12.468,14.0265,16.1045,16.1045,16.1045,16.1045,16.1045,16.624,16.624,16.624,16.624,17.663,18.1825,18.702,19.2215,19.5926
Georgia,Pre- and post- production,Emissions (CO2eq) from CH4 (AR5),kilotonnes,452.2045,457.4826,465.5938,484.7087,507.7208,522.3133,531.9027,555.6721,544.2525,568.5142,590.2436,610.5321,612.7799,604.0526,614.4846,606.5011,612.6547,612.9501,615.2621,610.9111,609.8467
Georgia,Pre- and post- production,Emissions (CO2eq) from N2O (AR5),kilotonnes,242.5208,289.0885,339.7839,362.8531,427.5332,494.9577,581.7409,579.774,564.9217,685.025,704.1599,773.7829,808.1093,831.1368,874.1588,874.2771,937.6335,991.8476,1016.1221,1034.8288,1047.3898
Georgia,Pre- and post- production,Emissions (CO2eq) (AR5),kilotonnes,1182.9537,1203.4244,1240.8506,1318.3409,1465.7842,1648.7877,1836.8754,1898.4797,1864.7929,2173.3703,2272.4086,2473.2472,2588.5331,2666.2878,2800.8235,2866.3666,3050.598,3177.5201,3208.0808,3134.0551,3100.8648
Georgia,Agri-food systems,Emissions (CH4),kilotonnes,70.376,70.953,72.9549,75.2295,74.5869,75.7163,72.2384,69.6858,68.0467,67.8347,69.692,71.1292,75.9233,76.7317,78.8333,69.3816,69.7208,68.2951,65.989,64.479,63.9107
Georgia,Agri-food systems,Emissions (N2O),kilotonnes,5.0666,5.0293,5.2094,5.1888,5.4346,5.9799,5.9134,5.6176,5.3501,5.7028,5.8004,6.1243,6.5621,6.8053,6.9305,6.4476,6.7379,6.7492,6.7488,6.7124,7.4024
Georgia,Agri-food systems,Emissions (CO2),kilotonnes,813.6157,695.3045,679.5322,701.3917,799.9493,968.7973,1085.6048,1202.0228,1244.8287,1156.2762,1217.7267,1453.512,1529.3216,1269.7667,1335.7104,1412.1364,1556.7945,1625.6433,1614.4495,1530.0486,1484.9906
Georgia,Agri-food systems,Emissions (CO2eq) from F-gases (AR5),kilotonnes,3.117,4.156,6.234,8.312,11.429,12.468,14.0265,16.1045,16.1045,16.1045,16.1045,16.1045,16.624,16.624,16.624,16.624,17.663,18.1825,18.702,19.2215,19.5926
Georgia,Agri-food systems,Emissions (CO2eq) from CH4 (AR5),kilotonnes,1970.5287,1986.6834,2042.7375,2106.4259,2088.4325,2120.0558,2022.674,1951.2017,1905.3065,1899.3709,1951.3771,1991.6177,2125.8527,2148.4887,2207.3332,1942.6848,1952.1835,1912.2639,1847.6932,1805.4131,1789.4998
Georgia,Agri-food systems,Emissions (CO2eq) from N2O (AR5),kilotonnes,1342.6477,1332.761,1380.4893,1375.0316,1440.1779,1584.6849,1567.0444,1488.6644,1417.7896,1511.2343,1537.098,1622.93,1738.9433,1803.407,1836.5793,1708.6064,1785.5323,1788.5442,1788.4394,1778.7858,1961.6475
Georgia,Agri-food systems,Emissions (CO2eq) (AR5),kilotonnes,4129.9091,4018.9049,4108.993,4191.1612,4339.9886,4686.006,4689.3498,4657.9934,4584.0294,4582.9859,4722.3062,5084.1642,5410.7416,5238.2864,5396.2469,5080.0517,5312.1733,5344.6339,5269.284,5133.469,5255.7305
Georgia,IPCC Agriculture,Emissions (CH4),kilotonnes,54.1055,54.533,56.2585,57.8379,56.3665,56.9621,53.1448,49.6679,48.3717,47.3339,48.4393,49.1799,53.928,55.104,56.8575,47.7169,47.8307,46.3955,44.0046,42.6528,42.1225
Georgia,IPCC Agriculture,Emissions (CH4),kilotonnes,73.98,78,78,81,82,83,79.52,71.05,67.16,67.25,63.34,62.61,66.14,70.31,,,,,,,
Georgia,IPCC Agriculture,Direct emissions (N2O),kilotonnes,3.0929,2.9334,2.9336,2.8592,2.8301,3.0231,2.7165,2.5213,2.4346,2.4192,2.4077,2.4327,2.6799,2.8236,2.8048,2.4028,2.4493,2.3081,2.2334,2.1361,2.628
Georgia,IPCC Agriculture,Indirect emissions (N2O),kilotonnes,0.7939,0.7371,0.731,0.7,0.7007,0.7639,0.6896,0.6359,0.6055,0.6036,0.5949,0.5946,0.652,0.7004,0.6922,0.6058,0.6162,0.5796,0.5638,0.5381,0.6991
Georgia,IPCC Agriculture,Emissions (N2O),kilotonnes,4.1006,3.9087,3.8939,3.7936,3.783,4.0517,3.6491,3.3419,3.1374,3.1035,3.1229,3.1231,3.4256,3.6588,3.6258,3.1374,3.1824,2.9913,2.9013,2.7928,3.4355
Georgia,IPCC Agriculture,Emissions (N2O),kilotonnes,4.03,4.52,5,5,4.45,5.48,4.631,3.686,3.684,3.834,3.455,3.349,3.588,4.05,,,,,,,
Georgia,IPCC Agriculture,Emissions (CO2eq) from CH4 (AR5),kilotonnes,1514.9532,1526.9228,1575.2378,1619.461,1578.2634,1594.9395,1488.0548,1390.7009,1354.4079,1325.3499,1356.3014,1377.0363,1509.9838,1542.9109,1592.0101,1336.0728,1339.2604,1299.075,1232.1298,1194.2782,1179.4292
Georgia,IPCC Agriculture,Emissions (CO2eq) from CH4 (AR5),kilotonnes,2071.44,2184,2184,2268,2296,2324,2226.56,1989.4,1880.48,1883,1773.52,1753.08,1851.92,1968.68,,,,,,,
Georgia,IPCC Agriculture,Emissions (CO2eq) from N2O (AR5),kilotonnes,1086.6643,1035.8125,1031.8933,1005.3035,1002.4984,1073.7011,967.0016,885.5982,831.423,822.4316,827.5676,827.6098,907.7737,969.5728,960.8294,831.4182,843.3319,792.6893,768.8398,740.1005,910.4013
Georgia,IPCC Agriculture,Emissions (CO2eq) from N2O (AR5),kilotonnes,1067.95,1197.8,1325,1325,1179.25,1452.2,1227.215,976.79,976.26,1016.01,915.575,887.485,950.82,1073.25,,,,,,,
Georgia,IPCC Agriculture,Emissions (CO2eq) (AR5),kilotonnes,2601.6175,2562.7353,2607.1311,2624.7645,2580.7618,2668.6405,2455.0564,2276.2992,2185.8309,2147.7814,2183.869,2204.6461,2417.7575,2512.4837,2552.8395,2167.491,2182.5923,2091.7643,2000.9697,1934.3787,2089.8304
Georgia,IPCC Agriculture,Emissions (CO2eq) (AR5),kilotonnes,3139.39,3381.8,3509,3593,3475.25,3776.2,3453.775,2966.19,2856.74,2899.01,2689.095,2640.565,2802.74,3041.93,,,,,,,
Georgia,Agricultural Soils,Direct emissions (N2O),kilotonnes,3.0929,2.9334,2.9336,2.8592,2.8301,3.0231,2.7165,2.5213,2.4346,2.4192,2.4077,2.4327,2.6799,2.8236,2.8048,2.4028,2.4493,2.3081,2.2334,2.1361,2.628
Georgia,Agricultural Soils,Indirect emissions (N2O),kilotonnes,0.7939,0.7371,0.731,0.7,0.7007,0.7639,0.6896,0.6359,0.6055,0.6036,0.5949,0.5946,0.652,0.7004,0.6922,0.6058,0.6162,0.5796,0.5638,0.5381,0.6991
Georgia,Agricultural Soils,Emissions (N2O),kilotonnes,3.8868,3.6705,3.6647,3.5592,3.5309,3.7871,3.4062,3.1572,3.0401,3.0228,3.0025,3.0274,3.3319,3.5239,3.4969,3.0086,3.0656,2.8878,2.7972,2.6742,3.3271
Georgia,Agricultural Soils,Emissions (N2O),kilotonnes,3.79,4.27,5,5,4.18,5.2,4.389,3.475,3.532,3.692,3.04,2.94,3.15,3.55,,,,,,,
Georgia,Agricultural Soils,Emissions (CO2eq) from N2O (AR5),kilotonnes,1029.9995,972.6855,971.1326,943.1926,935.6822,1003.5769,902.6327,836.6449,805.6281,801.039,795.6708,802.2566,882.9638,933.8443,926.6916,797.2711,812.3713,765.2647,741.2513,708.6692,881.6823
Georgia,Agricultural Soils,Emissions (CO2eq) from N2O (AR5),kilotonnes,1004.35,1131.55,1325,1325,1107.7,1378,1163.085,920.875,935.98,978.38,805.6,779.1,834.75,940.75,,,,,,,
Georgia,Agricultural Soils,Emissions (CO2eq) (AR5),kilotonnes,1029.9995,972.6855,971.1326,943.1926,935.6822,1003.5769,902.6327,836.6449,805.6281,801.039,795.6708,802.2566,882.9638,933.8443,926.6916,797.2711,812.3713,765.2647,741.2513,708.6692,881.6823
Georgia,Agricultural Soils,Emissions (CO2eq) (AR5),kilotonnes,1004.35,1131.55,1325,1325,1107.7,1378,1163.085,920.875,935.98,978.38,805.6,779.1,834.75,940.75,,,,,,,
Georgia,LULUCF,Emissions (CH4),kilotonnes,0.0334,0.0174,0.0598,0.0648,0.0947,0.0798,0.1122,0.0224,0.1221,0.0249,0.3589,0.015,0.005,0.1396,0.0224,0.1321,0.0199,0.0474,0,0.8151,0.3489
Georgia,LULUCF,Emissions (CH4),kilotonnes,,,,,,,,,,,,,,0.014,,,,78.97,,,
Georgia,LULUCF,Emissions (N2O),kilotonnes,0.0018,0.0016,0.0055,0.0059,0.0086,0.0073,0.0102,0.002,0.0112,0.0023,0.0328,0.0014,0.0005,0.0127,0.002,0.0121,0.0018,0.0043,0,0.0744,0.0319
Georgia,LULUCF,Emissions (N2O),kilotonnes,,,,,,,,,,,,,,0.0002,,,,0.97,,,
Georgia,LULUCF,Emissions (CO2),kilotonnes,-18267.5508,-3516.359,-3516.359,-3516.359,-3516.359,-3516.359,-3516.359,-3516.359,-3516.359,-3516.359,-3516.359,0,0,0,0,0,0,0,0,0,0
Georgia,LULUCF,Emissions (CO2),kilotonnes,-6014.9,,,,,,-5173,-4097,-4191,-4440,-3870,-4208,-4072,-4123,,,,-4923.85,,,
Georgia,LULUCF,Emissions (CO2eq) from CH4 (AR5),kilotonnes,0.9352,0.4885,1.6749,1.8146,2.652,2.2333,3.1403,0.6281,3.4197,0.6979,10.0498,0.4188,0.1396,3.908,0.6281,3.699,0.5583,1.326,0,22.8237,9.7703
Georgia,LULUCF,Emissions (CO2eq) from N2O (AR5),kilotonnes,0.4897,0.4221,1.4473,1.5681,2.2917,1.9298,2.7136,0.5428,2.9551,0.6031,8.6844,0.3619,0.1206,3.377,0.5428,3.1964,0.4825,1.1458,0,19.7227,8.4428
Georgia,LULUCF,Emissions (CO2eq) (AR5),kilotonnes,-18266.1259,-3515.4483,-3513.2367,-3512.9763,-3511.4153,-3512.1959,-3510.5051,-3515.1881,-3509.9842,-3515.058,-3497.6248,0.7806,0.2602,7.2851,1.1708,6.8955,1.0408,2.4719,0,42.5464,18.2131
Georgia,LULUCF,Emissions (CO2eq) (AR5),kilotonnes,-6014.9,,,,,,-5173,-4097,-4191,-4440,-3870,-4208,-4072,-4123,,,,-4923.85,,,
Georgia,AFOLU,Emissions (CH4),kilotonnes,54.1389,54.5504,56.3183,57.9027,56.4613,57.0419,53.257,49.6903,48.4938,47.3588,48.7983,49.1948,53.933,55.2435,56.8799,47.849,47.8507,46.4429,44.0046,43.4679,42.4714
Georgia,AFOLU,Emissions (N2O),kilotonnes,4.1025,3.9103,3.8994,3.7995,3.7917,4.059,3.6593,3.3439,3.1486,3.1058,3.1557,3.1244,3.426,3.6715,3.6278,3.1495,3.1842,2.9956,2.9013,2.8673,3.4673
Georgia,AFOLU,Emissions (CO2),kilotonnes,-18267.5508,-3516.359,-3516.359,-3516.359,-3516.359,-3516.359,-3516.359,-3516.359,-3516.359,-3516.359,-3516.359,0,0,0,0,0,0,0,0,0,0
Georgia,AFOLU,Emissions (CO2eq) from CH4 (AR5),kilotonnes,1515.8884,1527.4113,1576.9127,1621.2756,1580.9154,1597.1727,1491.1951,1391.329,1357.8276,1326.0478,1366.3513,1377.4551,1510.1234,1546.8189,1592.6382,1339.7718,1339.8187,1300.401,1232.1298,1217.1019,1189.1994
Georgia,AFOLU,Emissions (CO2eq) from N2O (AR5),kilotonnes,1087.154,1036.2346,1033.3407,1006.8715,1004.7901,1075.6309,969.7152,886.141,834.378,823.0346,836.2519,827.9717,907.8943,972.9499,961.3721,834.6146,843.8144,793.8352,768.8398,759.8232,918.8441
Georgia,AFOLU,Emissions (CO2eq) (AR5),kilotonnes,-15664.5084,-952.7131,-906.1056,-888.2119,-930.6536,-843.5553,-1055.4486,-1238.889,-1324.1533,-1367.2766,-1313.7558,2205.4268,2418.0177,2519.7688,2554.0103,2174.3864,2183.6331,2094.2361,2000.9697,1976.925,2108.0435
Georgia,All sectors with LULUCF,Emissions (CH4),kilotonnes,129.5676,129.1785,131.5463,134.9307,134.2773,133.4779,130.892,129.3283,119.3318,118.0838,119.3233,119.8618,125.22,129.7225,131.9619,122.388,122.2197,121.2469,119.5926,116.5999,115.4184
Georgia,All sectors with LULUCF,Emissions (N2O),kilotonnes,6.7485,5.3923,6.2484,6.4195,6.4817,6.7239,6.6096,6.4159,6.2084,6.1408,6.3087,6.3374,6.662,6.9665,6.9528,6.4725,6.5242,6.3066,6.2033,6.3573,6.9973
Georgia,All sectors with LULUCF,Emissions (CO2),kilotonnes,-12569.5508,1175.641,821.641,1229.641,1833.641,2534.641,3579.641,3812.641,2701.641,3442.641,3607.841,8719.9,9187.82,8930,9760,10540,10810,11140,9510,9870,9650
Georgia,All sectors with LULUCF,Emissions (CO2eq) from F-gases (AR5),kilotonnes,2.7209,3.6635,4.9365,7.2493,9.6107,13.313,14.4791,16.617,18.852,20.6984,22.5447,38.5787,57.3335,33.6227,25.3628,17.0057,8.5612,0.1331,24.5854,25.1684,25.6543
Georgia,All sectors with LULUCF,Emissions (CO2eq) from CH4 (AR5),kilotonnes,3627.892,3616.9981,3683.2967,3778.0596,3759.7634,3737.3807,3664.9751,3621.193,3341.2916,3306.3478,3341.0513,3356.1311,3506.1594,3632.2309,3694.9342,3426.8638,3422.1507,3394.913,3348.5938,3264.7979,3231.7154
Georgia,All sectors with LULUCF,Emissions (CO2eq) from N2O (AR5),kilotonnes,1788.344,1428.9646,1655.8257,1701.1715,1717.6401,1781.8294,1751.5447,1700.221,1645.225,1627.3096,1671.7969,1679.4167,1765.4343,1846.1249,1842.4971,1715.2096,1728.9144,1671.2502,1643.8698,1684.6732,1854.2941
Georgia,All sectors with LULUCF,Emissions (CO2eq) (AR5),kilotonnes,-7150.5939,6225.2673,6165.6999,6716.1214,7320.6551,8067.1642,9010.64,9150.672,7707.0097,8396.9968,8643.2339,13794.0264,14516.7472,14441.9785,15322.7941,15699.0791,15969.6263,16206.2963,14527.0491,14844.6395,14761.6638
Georgia,All sectors without LULUCF,Emissions (CH4),kilotonnes,129.5342,129.1611,131.4865,134.8659,134.1825,133.3981,130.7798,129.3059,119.2097,118.0589,118.9643,119.8469,125.215,129.583,131.9395,122.2559,122.1997,121.1995,119.5926,115.7848,115.0695
Georgia,All sectors without LULUCF,Emissions (N2O),kilotonnes,6.7466,5.3907,6.2429,6.4136,6.473,6.7166,6.5994,6.4139,6.1972,6.1385,6.2759,6.3361,6.6616,6.9538,6.9508,6.4604,6.5224,6.3023,6.2033,6.2828,6.9655
Georgia,All sectors without LULUCF,Emissions (CO2),kilotonnes,5698,4692,4338,4746,5350,6051,7096,7329,6218,6959,7124.2,8719.9,9187.82,8930,9760,10540,10810,11140,9510,9870,9650
Georgia,All sectors without LULUCF,Emissions (CO2eq) from F-gases (AR5),kilotonnes,2.7209,3.6635,4.9365,7.2493,9.6107,13.313,14.4791,16.617,18.852,20.6984,22.5447,38.5787,57.3335,33.6227,25.3628,17.0057,8.5612,0.1331,24.5854,25.1684,25.6543
Georgia,All sectors without LULUCF,Emissions (CO2eq) from CH4 (AR5),kilotonnes,3626.9568,3616.5096,3681.6218,3776.245,3757.1114,3735.1475,3661.8348,3620.5649,3337.8719,3305.6499,3331.0014,3355.7123,3506.0198,3628.3229,3694.3061,3423.1648,3421.5924,3393.587,3348.5938,3241.9742,3221.9452
Georgia,All sectors without LULUCF,Emissions (CO2eq) from N2O (AR5),kilotonnes,1787.8543,1428.5425,1654.3783,1699.6035,1715.3484,1779.8996,1748.8311,1699.6782,1642.27,1626.7066,1663.1126,1679.0548,1765.3137,1842.7478,1841.9544,1712.0132,1728.4319,1670.1043,1643.8698,1664.9505,1845.8513
Georgia,All sectors without LULUCF,Emissions (CO2eq) (AR5),kilotonnes,11115.532,9740.7156,9678.9367,10229.0978,10832.0704,11579.3601,12521.1451,12665.8602,11216.9939,11912.0548,12140.8587,13793.2458,14516.487,14434.6934,15321.6233,15692.1837,15968.5855,16203.8244,14527.0491,14802.0931,14743.4507
Germany,Crop Residues,Direct emissions (N2O),kilotonnes,7.9169,8.5054,7.4891,6.9162,8.8163,8.0409,7.6978,7.2236,8.7672,8.6792,7.777,7.4139,7.8485,8.2719,8.9788,8.5509,7.9707,8.0182,6.7666,7.8479,7.6564
Germany,Crop Residues,Direct emissions (N2O),kilotonnes,5.2811,5.577,5.1759,4.6039,5.9915,5.4923,5.1672,5.2431,5.7841,6.04,5.3521,5.3337,5.696,5.648,6.4552,5.6404,5.5349,5.8854,4.7968,5.3209,5.4457
Germany,Crop Residues,Indirect emissions (N2O),kilotonnes,1.7813,1.9137,1.685,1.5561,1.9837,1.8092,1.732,1.6253,1.9726,1.9528,1.7498,1.6681,1.7659,1.8612,2.0202,1.924,1.7934,1.8041,1.5225,1.7658,1.7227
Germany,Crop Residues,Emissions (N2O),kilotonnes,9.6982,10.4191,9.1741,8.4724,10.8,9.8501,9.4298,8.8489,10.7398,10.632,9.5268,9.082,9.6144,10.1331,10.999,10.4749,9.7641,9.8223,8.289,9.6136,9.379
Germany,Crop Residues,Emissions (N2O),kilotonnes,5.2811,5.577,5.1759,4.6039,5.9915,5.4923,5.1672,5.2431,5.7841,6.04,5.3521,5.3337,5.696,5.648,6.4552,5.6404,5.5349,5.8854,4.7968,5.3209,5.4457
Germany,Crop Residues,Emissions (CO2eq) from N2O (AR5),kilotonnes,2570.0141,2761.0517,2431.1387,2245.1735,2861.997,2610.2743,2498.8909,2344.9555,2846.039,2817.4752,2524.5984,2406.7331,2547.8245,2685.263,2914.7281,2775.8404,2587.4954,2602.9195,2196.5962,2547.6171,2485.4448
Germany,Crop Residues,Emissions (CO2eq) from N2O (AR5),kilotonnes,1399.48,1477.9125,1371.6071,1220.0288,1587.742,1455.4481,1369.3111,1389.4126,1532.7877,1600.5961,1418.3077,1413.4407,1509.4415,1496.7101,1710.6181,1494.7003,1466.7593,1559.6353,1271.1525,1410.0465,1443.1187
Germany,Crop Residues,Emissions (CO2eq) (AR5),kilotonnes,2570.0141,2761.0517,2431.1387,2245.1735,2861.997,2610.2743,2498.8909,2344.9555,2846.039,2817.4752,2524.5984,2406.7331,2547.8245,2685.263,2914.7281,2775.8404,2587.4954,2602.9195,2196.5962,2547.6171,2485.4448
Germany,Crop Residues,Emissions (CO2eq) (AR5),kilotonnes,1399.48,1477.9125,1371.6071,1220.0288,1587.742,1455.4481,1369.3111,1389.4126,1532.7877,1600.5961,1418.3077,1413.4407,1509.4415,1496.7101,1710.6181,1494.7003,1466.7593,1559.6353,1271.1525,1410.0465,1443.1187
Germany,Burning - Crop residues,Emissions (CH4),kilotonnes,4.1807,4.1996,4.3324,4.4519,4.6072,4.6241,4.4466,4.3201,4.8759,4.7378,4.8213,4.8254,4.722,4.7204,4.7768,4.7752,4.5818,4.6252,4.3886,4.4907,4.1944
Germany,Burning - Crop residues,Emissions (N2O),kilotonnes,0.1084,0.1089,0.1123,0.1154,0.1194,0.1199,0.1153,0.112,0.1264,0.1228,0.125,0.1251,0.1224,0.1224,0.1238,0.1238,0.1188,0.1199,0.1138,0.1164,0.1087
Germany,Burning - Crop residues,Emissions (CO2eq) from CH4 (AR5),kilotonnes,117.0603,117.5901,121.3072,124.6529,129.0006,129.4741,124.5041,120.963,136.5239,132.6589,134.9967,135.1108,132.2153,132.17,133.75,133.7046,128.2917,129.5058,122.8818,125.7409,117.4446
Germany,Burning - Crop residues,Emissions (CO2eq) from N2O (AR5),kilotonnes,28.7231,28.8531,29.7652,30.5861,31.6529,31.7691,30.5496,29.6807,33.4989,32.5506,33.1242,33.1522,32.4417,32.4306,32.8183,32.8072,31.479,31.7769,30.1515,30.8531,28.8174
Germany,Burning - Crop residues,Emissions (CO2eq) (AR5),kilotonnes,145.7835,146.4432,151.0724,155.239,160.6535,161.2432,155.0538,150.6438,170.0228,165.2095,168.1209,168.263,164.6571,164.6006,166.5683,166.5118,159.7707,161.2827,153.0333,156.594,146.262
Germany,Enteric Fermentation,Emissions (CH4),kilotonnes,1182.8174,1172.4567,1148.7904,1111.115,1079.8404,1066.7296,1041.7967,1039.0549,1062.5843,1059.0904,1046.8106,1035.1811,1028.1838,1039.4539,1046.9992,1040.0126,1026.4036,1015.1066,988.5916,964.9026,939.7933
Germany,Enteric Fermentation,Emissions (CH4),kilotonnes,1096.4137,1113.3033,1069.1558,1055.742,1026.3958,1019.62,998.7797,1002.4445,1011.5364,1012.7471,1007.2455,993.4511,993.5461,1005.9214,1014.6218,1014.1198,1004.0747,996.2235,980.8133,969.5175,954.6969
Germany,Enteric Fermentation,Emissions (CO2eq) from CH4 (AR5),kilotonnes,33118.8871,32828.7877,32166.1301,31111.2186,30235.5309,29868.4288,29170.3062,29093.5385,29752.3598,29654.5307,29310.6971,28985.0708,28789.1477,29104.7085,29315.9778,29120.3515,28739.3018,28422.9844,27680.5642,27017.2717,26314.2112
Germany,Enteric Fermentation,Emissions (CO2eq) from CH4 (AR5),kilotonnes,30699.5833,31172.4929,29936.3627,29560.7751,28739.083,28549.3603,27965.8322,28068.4449,28323.0181,28356.9175,28202.875,27816.631,27819.2911,28165.8003,28409.4114,28395.3553,28114.0915,27894.2591,27462.773,27146.4911,26731.5118
Germany,Enteric Fermentation,Emissions (CO2eq) (AR5),kilotonnes,33118.8871,32828.7877,32166.1301,31111.2186,30235.5309,29868.4288,29170.3062,29093.5385,29752.3598,29654.5307,29310.6971,28985.0708,28789.1477,29104.7085,29315.9778,29120.3515,28739.3018,28422.9844,27680.5642,27017.2717,26314.2112
Germany,Enteric Fermentation,Emissions (CO2eq) (AR5),kilotonnes,30699.5833,31172.4929,29936.3627,29560.7751,28739.083,28549.3603,27965.8322,28068.4449,28323.0181,28356.9175,28202.875,27816.631,27819.2911,28165.8003,28409.4114,28395.3553,28114.0915,27894.2591,27462.773,27146.4911,26731.5118
Germany,Manure Management,Emissions (CH4),kilotonnes,331.2762,330.3244,328.7797,325.1784,316.7533,322.0022,316.0982,319.4675,320.6228,320.9506,316.5233,317.8826,326.359,326.5685,331.0185,325.7814,322.4516,322.3591,311.7649,306.0989,302.9234
Germany,Manure Management,Emissions (CH4),kilotonnes,289.4185,292.8795,285.6679,286.9909,277.443,273.1221,265.5989,265.1259,262.662,261.4395,246.9169,245.8449,251.2829,251.6842,256.5332,256.7213,258.3317,260.1938,257.7686,257.8501,258.8283
Germany,Manure Management,Emissions (N2O),kilotonnes,11.7409,11.6669,11.51,11.2581,10.9411,10.9467,10.7159,10.7664,10.9392,10.9301,10.8166,10.7681,10.8741,11.0641,11.0598,11.0093,10.9246,10.858,10.5613,10.3455,10.1636
Germany,Manure Management,Emissions (N2O),kilotonnes,10.5765,10.7623,10.5121,10.6448,10.3866,10.5227,10.3962,10.5267,10.5273,10.5479,10.3679,10.2535,10.2173,10.2393,10.3063,10.2574,10.1905,10.1391,9.957,9.856,9.7599
Germany,Manure Management,Emissions (CO2eq) from CH4 (AR5),kilotonnes,9275.7337,9249.0823,9205.8323,9104.995,8869.0923,9016.0622,8850.7486,8945.0897,8977.4389,8986.6159,8862.653,8900.7141,9138.052,9143.919,9268.5181,9121.8804,9028.6437,9026.054,8729.4176,8570.7695,8481.8565
Germany,Manure Management,Emissions (CO2eq) from CH4 (AR5),kilotonnes,8103.7188,8200.6273,7998.7025,8035.7456,7768.4027,7647.4192,7436.7692,7423.525,7354.5362,7320.3065,6913.6735,6883.6581,7035.9217,7047.1576,7182.9303,7188.1957,7233.2863,7285.4261,7217.5205,7219.8015,7247.1934
Germany,Manure Management,Emissions (CO2eq) from N2O (AR5),kilotonnes,3111.3299,3091.7344,3050.137,2983.3879,2899.4034,2900.8836,2839.7021,2853.0997,2898.8909,2896.4844,2866.4117,2853.5477,2881.6388,2931.9878,2930.8501,2917.4543,2895.0237,2877.3737,2798.748,2741.5693,2693.3568
Germany,Manure Management,Emissions (CO2eq) from N2O (AR5),kilotonnes,2802.7823,2852.015,2785.7146,2820.8847,2752.4467,2788.5224,2754.9966,2789.5744,2789.7447,2795.1879,2747.4838,2717.1769,2707.5776,2713.4121,2731.1592,2718.2093,2700.4703,2686.8572,2638.6096,2611.8327,2586.3657
Germany,Manure Management,Emissions (CO2eq) (AR5),kilotonnes,12387.0636,12340.8167,12255.9692,12088.3829,11768.4957,11916.9458,11690.4507,11798.1894,11876.3298,11883.1004,11729.0647,11754.2618,12019.6908,12075.9068,12199.3682,12039.3347,11923.6674,11903.4278,11528.1657,11312.3388,11175.2134
Germany,Manure Management,Emissions (CO2eq) (AR5),kilotonnes,10906.5011,11052.6423,10784.4171,10856.6303,10520.8494,10435.9416,10191.7659,10213.0994,10144.2809,10115.4944,9661.1573,9600.835,9743.4993,9760.5697,9914.0896,9906.405,9933.7566,9972.2834,9856.1301,9831.6342,9833.5592
Germany,Manure left on Pasture,Direct emissions (N2O),kilotonnes,9.0629,9.0045,8.8455,8.5379,8.2926,8.1762,7.999,7.9838,8.1333,8.0992,7.9187,7.8436,7.6899,7.7869,7.7471,7.7171,7.6421,7.5464,7.3622,7.187,6.9921
Germany,Manure left on Pasture,Indirect emissions (N2O),kilotonnes,2.1082,2.0959,2.0681,2.0027,1.9498,1.9201,1.88,1.88,1.9081,1.8973,1.8357,1.8298,1.7733,1.7979,1.7657,1.7638,1.7515,1.7314,1.6922,1.6541,1.6105
Germany,Manure left on Pasture,Emissions (N2O),kilotonnes,11.1711,11.1004,10.9136,10.5406,10.2424,10.0963,9.8791,9.8638,10.0414,9.9965,9.7544,9.6734,9.4631,9.5848,9.5128,9.4808,9.3935,9.2779,9.0544,8.8411,8.6026
Germany,Manure left on Pasture,Emissions (CO2eq) from N2O (AR5),kilotonnes,2960.3393,2941.601,2892.1077,2793.2538,2714.231,2675.5176,2617.9497,2613.9082,2660.9775,2649.0713,2584.9142,2563.4546,2507.7229,2539.9836,2520.8927,2512.4165,2489.29,2458.6388,2399.4078,2342.8931,2279.6839
Germany,Manure left on Pasture,Emissions (CO2eq) (AR5),kilotonnes,2960.3393,2941.601,2892.1077,2793.2538,2714.231,2675.5176,2617.9497,2613.9082,2660.9775,2649.0713,2584.9142,2563.4546,2507.7229,2539.9836,2520.8927,2512.4165,2489.29,2458.6388,2399.4078,2342.8931,2279.6839
Germany,Manure applied to Soils,Direct emissions (N2O),kilotonnes,12.4611,12.4129,12.2906,12.0676,11.7116,11.7838,11.5574,11.6556,11.7965,11.7985,11.6481,11.6259,11.795,12.0859,11.9626,11.9458,11.9108,11.8529,11.532,11.3159,11.1561
Germany,Manure applied to Soils,Direct emissions (N2O),kilotonnes,10.036,10.2133,9.9544,9.8965,9.6412,9.6918,9.566,9.6979,9.6895,9.7547,9.6952,9.7184,9.8574,9.9532,10.0692,10.0548,10.007,9.9592,9.8247,9.7396,9.6567
Germany,Manure applied to Soils,Indirect emissions (N2O),kilotonnes,5.296,5.2755,5.2235,5.1287,4.9774,5.0081,4.9119,4.9536,5.0135,5.0144,4.9504,4.941,5.0129,5.1365,5.0841,5.077,5.0621,5.0375,4.9011,4.8092,4.7414
Germany,Manure applied to Soils,Emissions (N2O),kilotonnes,17.7571,17.6884,17.514,17.1963,16.6891,16.7919,16.4693,16.6092,16.81,16.8129,16.5985,16.567,16.8079,17.2224,17.0467,17.0228,16.9728,16.8903,16.433,16.1251,15.8975
Germany,Manure applied to Soils,Emissions (N2O),kilotonnes,10.036,10.2133,9.9544,9.8965,9.6412,9.6918,9.566,9.6979,9.6895,9.7547,9.6952,9.7184,9.8574,9.9532,10.0692,10.0548,10.007,9.9592,9.8247,9.7396,9.6567
Germany,Manure applied to Soils,Emissions (CO2eq) from N2O (AR5),kilotonnes,4705.625,4687.4386,4641.2225,4557.0291,4422.6083,4449.8518,4364.3575,4401.4399,4454.6625,4455.4228,4398.61,4390.243,4454.1054,4563.9235,4517.3677,4511.0428,4497.8026,4475.9388,4354.7578,4273.152,4212.8303
Germany,Manure applied to Soils,Emissions (CO2eq) from N2O (AR5),kilotonnes,2659.5341,2706.5353,2637.929,2622.5819,2554.9121,2568.3298,2534.9859,2569.9538,2567.7193,2584.9858,2569.2327,2575.3882,2612.2194,2637.59,2668.3453,2664.5312,2651.8544,2639.1811,2603.5584,2581.0029,2559.0304
Germany,Manure applied to Soils,Emissions (CO2eq) (AR5),kilotonnes,4705.625,4687.4386,4641.2225,4557.0291,4422.6083,4449.8518,4364.3575,4401.4399,4454.6625,4455.4228,4398.61,4390.243,4454.1054,4563.9235,4517.3677,4511.0428,4497.8026,4475.9388,4354.7578,4273.152,4212.8303
Germany,Manure applied to Soils,Emissions (CO2eq) (AR5),kilotonnes,2659.5341,2706.5353,2637.929,2622.5819,2554.9121,2568.3298,2534.9859,2569.9538,2567.7193,2584.9858,2569.2327,2575.3882,2612.2194,2637.59,2668.3453,2664.5312,2651.8544,2639.1811,2603.5584,2581.0029,2559.0304
Germany,Synthetic Fertilizers,Direct emissions (N2O),kilotonnes,29.0323,28.1633,28.0945,28.7221,27.9469,28.0499,25.1395,28.3985,24.367,24.6564,28.0733,25.7779,25.9102,26.326,28.6439,26.8811,26.0674,23.5188,21.093,21.5613,19.8861
Germany,Synthetic Fertilizers,Direct emissions (N2O),kilotonnes,18.3288,17.9817,17.2587,17.1918,17.1511,17.1374,16.4117,16.5031,15.762,15.6642,15.5984,15.8839,16.1376,15.784,16.3639,16.5603,16.508,15.4711,14.3,13.3883,12.9923
Germany,Synthetic Fertilizers,Indirect emissions (N2O),kilotonnes,9.4355,9.1531,9.1307,9.3347,9.0827,9.1162,8.1703,9.2295,7.9193,8.0133,9.1238,8.3778,8.4208,8.5559,9.3093,8.7364,8.4719,7.6436,6.8552,7.0074,6.463
Germany,Synthetic Fertilizers,Emissions (N2O),kilotonnes,38.4677,37.3164,37.2252,38.0567,37.0296,37.1662,33.3099,37.628,32.2862,32.6698,37.1972,34.1558,34.331,34.8819,37.9531,35.6175,34.5394,31.1624,27.9483,28.5687,26.349
Germany,Synthetic Fertilizers,Emissions (N2O),kilotonnes,18.3288,17.9817,17.2587,17.1918,17.1511,17.1374,16.4117,16.5031,15.762,15.6642,15.5984,15.8839,16.1376,15.784,16.3639,16.5603,16.508,15.4711,14.3,13.3883,12.9923
Germany,Synthetic Fertilizers,Emissions (CO2eq) from N2O (AR5),kilotonnes,10193.9498,9888.8497,9864.6878,10085.0308,9812.8492,9849.0342,8827.116,9971.4163,8555.8503,8657.486,9857.25,9051.2772,9097.7029,9243.7062,10057.5748,9438.6292,9152.9294,8258.0281,7406.2917,7570.7185,6982.4953
Germany,Synthetic Fertilizers,Emissions (CO2eq) from N2O (AR5),kilotonnes,4857.1426,4765.1552,4573.5559,4555.8227,4545.0459,4541.402,4349.1114,4373.324,4176.9168,4151.0149,4133.5821,4209.232,4276.4516,4182.7657,4336.4237,4388.4818,4374.6207,4099.8363,3789.5056,3547.9076,3442.9579
Germany,Synthetic Fertilizers,Emissions (CO2eq) (AR5),kilotonnes,10193.9498,9888.8497,9864.6878,10085.0308,9812.8492,9849.0342,8827.116,9971.4163,8555.8503,8657.486,9857.25,9051.2772,9097.7029,9243.7062,10057.5748,9438.6292,9152.9294,8258.0281,7406.2917,7570.7185,6982.4953
Germany,Synthetic Fertilizers,Emissions (CO2eq) (AR5),kilotonnes,4857.1426,4765.1552,4573.5559,4555.8227,4545.0459,4541.402,4349.1114,4373.324,4176.9168,4151.0149,4133.5821,4209.232,4276.4516,4182.7657,4336.4237,4388.4818,4374.6207,4099.8363,3789.5056,3547.9076,3442.9579
Germany,Drained organic soils,Emissions (CO2eq) (AR5),kilotonnes,33568.8741,33527.1189,33395.7828,33211.2241,33039.8839,33050.7474,33047.1491,33051.0389,33038.1008,33031.2013,33036.0582,33035.5108,33030.9843,33024.6631,32989.7898,32986.9097,32816.7072,32802.036,32807.5173,32705.9629,32708.2778
Germany,Drained organic soils,Emissions (CO2eq) (AR5),kilotonnes,3341.3551,3346.8075,3352.2253,3357.5675,3362.5699,3367.3644,3365.0082,3362.356,3359.4213,3355.6636,3349.3399,3354.7755,3360.0063,3364.8099,3369.0882,3372.1542,3358.5626,3343.7893,3328.2437,3311.7983,3293.9768
Germany,Drained organic soils (CO2),Emissions (CO2),kilotonnes,28261.2466,28226.0525,28115.4082,27959.9306,27815.5824,27824.7363,27821.702,27824.9724,27814.0775,27808.2683,27812.3528,27811.8833,27808.0689,27802.7457,27773.3556,27770.9292,27627.0154,27614.6473,27619.2484,27533.502,27535.4499
Germany,Drained organic soils (CO2),Emissions (CO2eq) (AR5),kilotonnes,28261.2466,28226.0525,28115.4082,27959.9306,27815.5824,27824.7363,27821.702,27824.9724,27814.0775,27808.2683,27812.3528,27811.8833,27808.0689,27802.7457,27773.3556,27770.9292,27627.0154,27614.6473,27619.2484,27533.502,27535.4499
Germany,Drained organic soils (N2O),Emissions (N2O),kilotonnes,20.0288,20.004,19.9259,19.8162,19.7143,19.7208,19.7187,19.721,19.7133,19.7092,19.7121,19.7118,19.7091,19.7053,19.6847,19.6829,19.5837,19.5751,19.5784,19.5187,19.5201
Germany,Drained organic soils (N2O),Emissions (N2O),kilotonnes,12.6089,12.6295,12.6499,12.6701,12.6889,12.707,12.6981,12.6881,12.6771,12.6629,12.639,12.6595,12.6793,12.6974,12.7135,12.7251,12.6738,12.6181,12.5594,12.4974,12.4301
Germany,Drained organic soils (N2O),Emissions (CO2eq) from N2O (AR5),kilotonnes,5307.6275,5301.0664,5280.3746,5251.2934,5224.3015,5226.0111,5225.4471,5226.0665,5224.0234,5222.933,5223.7054,5223.6274,5222.9154,5221.9174,5216.4342,5215.9805,5189.6918,5187.3887,5188.2689,5172.4609,5172.8279
Germany,Drained organic soils (N2O),Emissions (CO2eq) from N2O (AR5),kilotonnes,3341.3551,3346.8075,3352.2253,3357.5675,3362.5699,3367.3644,3365.0082,3362.356,3359.4213,3355.6636,3349.3399,3354.7755,3360.0063,3364.8099,3369.0882,3372.1542,3358.5626,3343.7893,3328.2437,3311.7983,3293.9768
Germany,Drained organic soils (N2O),Emissions (CO2eq) (AR5),kilotonnes,5307.6275,5301.0664,5280.3746,5251.2934,5224.3015,5226.0111,5225.4471,5226.0665,5224.0234,5222.933,5223.7054,5223.6274,5222.9154,5221.9174,5216.4342,5215.9805,5189.6918,5187.3887,5188.2689,5172.4609,5172.8279
Germany,Drained organic soils (N2O),Emissions (CO2eq) (AR5),kilotonnes,3341.3551,3346.8075,3352.2253,3357.5675,3362.5699,3367.3644,3365.0082,3362.356,3359.4213,3355.6636,3349.3399,3354.7755,3360.0063,3364.8099,3369.0882,3372.1542,3358.5626,3343.7893,3328.2437,3311.7983,3293.9768
Germany,On-farm energy use,Emissions (CH4),kilotonnes,1.1857,1.2644,1.1656,1.2846,1.2664,1.0145,0.8644,0.9035,0.8782,0.8404,0.8437,0.8706,0.8064,0.7765,0.8038,0.8637,0.8263,0.8006,0.7419,0.7295,0.7295
Germany,On-farm energy use,Emissions (N2O),kilotonnes,2.1768,2.1903,2.2035,2.2176,2.2302,2.2416,2.2539,2.2664,2.2789,2.2907,2.3027,2.3153,2.327,2.3398,2.353,2.3665,2.3773,2.3897,2.402,2.4118,2.4118
Germany,On-farm energy use,Emissions (CO2),kilotonnes,7972.4578,8050.2725,8111.808,8306.4152,8334.7266,8317.9685,8374.3994,8370.8106,8450.1027,8435.9983,8403.6448,8488.7462,8239.4064,8292.7724,8433.0573,8371.9868,8245.0325,7951.5832,8071.6622,7999.3832,7999.3832
Germany,On-farm energy use,Emissions (CO2eq) from CH4 (AR5),kilotonnes,33.2004,35.4039,32.6381,35.9697,35.4602,28.4061,24.2041,25.2991,24.5884,23.5318,23.6246,24.3756,22.5793,21.7421,22.506,24.1829,23.1373,22.4177,20.7721,20.4254,20.4254
Germany,On-farm energy use,Emissions (CO2eq) from N2O (AR5),kilotonnes,576.8605,580.4412,583.9252,587.6643,591.0049,594.037,597.282,600.5957,603.897,607.0468,610.2277,613.5552,616.6506,620.0532,623.5549,627.1201,629.9823,633.2589,636.5257,639.1199,639.1199
Germany,On-farm energy use,Emissions (CO2eq) (AR5),kilotonnes,8582.5188,8666.1177,8728.3713,8930.0492,8961.1917,8940.4115,8995.8855,8996.7054,9078.588,9066.5768,9037.4971,9126.677,8878.6363,8934.5677,9079.1182,9023.2898,8898.1521,8607.2597,8728.9601,8658.9285,8658.9285
Germany,Forestland,Emissions (CO2),kilotonnes,-61226.308,-28199.2333,-28199.2333,-28199.2333,-28199.2333,-28199.2333,-28199.2333,-28199.2333,-28199.2333,-28199.2333,-28199.2333,-39069.5213,-39069.5213,-39069.5213,-39069.5213,-39069.5213,-39106.2687,-39106.2687,-39106.2687,-39106.2687,-39106.2687
Germany,Forestland,Emissions (CO2),kilotonnes,-51620.5302,-71400.8923,-35140.343,-36436.1829,-35467.7326,-34757.6088,-33351.2116,-29040.7262,-50276.261,-56439.9837,-51058.87,-49833.4805,-59931.9169,-63686.6514,-62764.992,-61754.2763,-64173.783,-63163.6504,-56103.5336,-52777.5171,-46251.9965
Germany,Forestland,Emissions (CO2eq) (AR5),kilotonnes,-61226.308,-28199.2333,-28199.2333,-28199.2333,-28199.2333,-28199.2333,-28199.2333,-28199.2333,-28199.2333,-28199.2333,-28199.2333,-39069.5213,-39069.5213,-39069.5213,-39069.5213,-39069.5213,-39106.2687,-39106.2687,-39106.2687,-39106.2687,-39106.2687
Germany,Forestland,Emissions (CO2eq) (AR5),kilotonnes,-51620.5302,-71400.8923,-35140.343,-36436.1829,-35467.7326,-34757.6088,-33351.2116,-29040.7262,-50276.261,-56439.9837,-51058.87,-49833.4805,-59931.9169,-63686.6514,-62764.992,-61754.2763,-64173.783,-63163.6504,-56103.5336,-52777.5171,-46251.9965
Germany,Net Forest conversion,Emissions (CO2),kilotonnes,0,0,0,0,0,0,0,0,0,0,0,0,0,0,0,0,0,0,0,0,0
Germany,Net Forest conversion,Emissions (CO2),kilotonnes,183.585,1647.1028,1879.079,1868.1212,1852.1256,1822.5522,1057.4084,1017.5493,1028.9442,982.9194,933.108,565.6976,540.9759,581.1242,623.9771,670.4324,1122.6871,1168.7263,1184.9645,1195.0155,1207.7092
Germany,Net Forest conversion,Emissions (CO2eq) (AR5),kilotonnes,0,0,0,0,0,0,0,0,0,0,0,0,0,0,0,0,0,0,0,0,0
Germany,Net Forest conversion,Emissions (CO2eq) (AR5),kilotonnes,183.585,1647.1028,1879.079,1868.1212,1852.1256,1822.5522,1057.4084,1017.5493,1028.9442,982.9194,933.108,565.6976,540.9759,581.1242,623.9771,670.4324,1122.6871,1168.7263,1184.9645,1195.0155,1207.7092
Germany,Savanna fires,Emissions (CH4),kilotonnes,0.0007,0,0.0002,0.0038,0.0006,0.0004,0.0008,0,0.0012,0.0006,0,0.0026,0.0006,0.0006,0.0014,0.003,0.0016,0.0101,0.0116,0.0006,0.0002
Germany,Savanna fires,Emissions (N2O),kilotonnes,0.0001,0,0,0.0003,0.0001,0,0.0001,0,0.0001,0.0001,0,0.0002,0.0001,0.0001,0.0001,0.0003,0.0001,0.0009,0.0011,0.0001,0
Germany,Savanna fires,Emissions (CO2eq) from CH4 (AR5),kilotonnes,0.019,0,0.0057,0.1069,0.016,0.0114,0.0228,0,0.033,0.0171,0,0.0739,0.016,0.0171,0.0387,0.0853,0.0455,0.2826,0.3244,0.0171,0.0057
Germany,Savanna fires,Emissions (CO2eq) from N2O (AR5),kilotonnes,0.0164,0,0.0049,0.0924,0.0138,0.0098,0.0197,0,0.0285,0.0147,0,0.0639,0.0138,0.0147,0.0334,0.0737,0.0393,0.2442,0.2803,0.0147,0.0049
Germany,Savanna fires,Emissions (CO2eq) (AR5),kilotonnes,0.0354,0,0.0106,0.1993,0.0297,0.0212,0.0424,0,0.0616,0.0318,0,0.1378,0.0297,0.0318,0.0721,0.159,0.0848,0.5267,0.6047,0.0318,0.0106
Germany,Fires in organic soils,Emissions (CH4),kilotonnes,0,0,0,0,0,0,0,0,0,0,0,0,0,0,0,0,0,0,0,0,0
Germany,Fires in organic soils,Emissions (CO2),kilotonnes,0,0,0,0,0,0,0,0,0,0,0,0,0,0,0,0,0,0,0,0,0
Germany,Fires in organic soils,Emissions (CO2eq) from CH4 (AR5),kilotonnes,0,0,0,0,0,0,0,0,0,0,0,0,0,0,0,0,0,0,0,0,0
Germany,Fires in organic soils,Emissions (CO2eq) (AR5),kilotonnes,0,0,0,0,0,0,0,0,0,0,0,0,0,0,0,0,0,0,0,0,0
Germany,Forest fires,Emissions (CH4),kilotonnes,0.0019,0.005,0,0.1348,0.0075,0.0075,0,0.0599,0,0.0324,0,0.025,0.0075,0.0025,0.0974,0,0.01,0.1024,0.0125,0,0
Germany,Forest fires,Emissions (N2O),kilotonnes,0.0001,0.0005,0,0.0123,0.0007,0.0007,0,0.0055,0,0.003,0,0.0023,0.0007,0.0002,0.0089,0,0.0009,0.0093,0.0011,0,0
Germany,Forest fires,Emissions (CO2eq) from CH4 (AR5),kilotonnes,0.0527,0.1398,0,3.7742,0.2097,0.2097,0,1.6775,0,0.9085,0,0.6989,0.2097,0.0699,2.7262,0,0.2796,2.8664,0.3498,0,0
Germany,Forest fires,Emissions (CO2eq) from N2O (AR5),kilotonnes,0.0276,0.1208,0,3.2614,0.1812,0.1812,0,1.4496,0,0.785,0,0.604,0.1812,0.0604,2.3558,0,0.2416,2.4769,0.3023,0,0
Germany,Forest fires,Emissions (CO2eq) (AR5),kilotonnes,0.0803,0.2606,0,7.0357,0.3909,0.3909,0,3.1271,0,1.6935,0,1.3029,0.3909,0.1303,5.082,0,0.5211,5.3433,0.6521,0,0
Germany,Fires in humid tropical forests,Emissions (CH4),kilotonnes,0,0,0,0,0,0,0,0,0,0,0,0,0,0,0,0,0,0,0,0,0
Germany,Fires in humid tropical forests,Emissions (N2O),kilotonnes,0,0,0,0,0,0,0,0,0,0,0,0,0,0,0,0,0,0,0,0,0
Germany,Fires in humid tropical forests,Emissions (CO2eq) from CH4 (AR5),kilotonnes,0,0,0,0,0,0,0,0,0,0,0,0,0,0,0,0,0,0,0,0,0
Germany,Fires in humid tropical forests,Emissions (CO2eq) from N2O (AR5),kilotonnes,0,0,0,0,0,0,0,0,0,0,0,0,0,0,0,0,0,0,0,0,0
Germany,Fires in humid tropical forests,Emissions (CO2eq) (AR5),kilotonnes,0,0,0,0,0,0,0,0,0,0,0,0,0,0,0,0,0,0,0,0,0
Germany,Waste - agri-food systems,Emissions (CH4),kilotonnes,937.9165,949.4328,299.6239,300.7604,300.769,290.5548,294.9049,294.4584,276.4851,220.1497,220.0508,220.589,222.2635,277.6836,225.0113,276.9836,221.8388,236.2325,250.5428,264.7427,278.747
Germany,Waste - agri-food systems,Emissions (N2O),kilotonnes,3.8143,3.9449,4.0245,3.9901,3.9421,3.9201,4.0128,4.1389,4.0866,4.3077,4.2956,4.2896,4.2602,4.2641,4.3553,4.4133,4.4764,5.0289,5.6069,6.2179,6.8233
Germany,Waste - agri-food systems,Emissions (CO2),kilotonnes,1779.8768,1779.806,1783.9553,1795.6109,1803.0194,1803.7418,1806.9261,1815.3813,1820.9931,1815.1178,1814.9038,1821.0611,1817.219,1820.8003,1823.3634,1814.1204,1816.189,1820.0726,1824.7739,1823.3511,1822.6693
Germany,Waste - agri-food systems,Emissions (CO2eq) from CH4 (AR5),kilotonnes,26261.6611,26584.1182,8389.4704,8421.2901,8421.5324,8135.5352,8257.3368,8244.8355,7741.5831,6164.1906,6161.4213,6176.4907,6223.3791,7775.1399,6300.3158,7755.541,6211.4866,6614.5111,7015.1987,7412.796,7804.9152
Germany,Waste - agri-food systems,Emissions (CO2eq) from N2O (AR5),kilotonnes,1010.7981,1045.3939,1066.4803,1057.3724,1044.6484,1038.8278,1063.3805,1096.8113,1082.9578,1141.5428,1138.3391,1136.7356,1128.9581,1129.9915,1154.1623,1169.5277,1186.2526,1332.6628,1485.8279,1647.7406,1808.1631
Germany,Waste - agri-food systems,Emissions (CO2eq) (AR5),kilotonnes,29052.336,29409.3181,11239.906,11274.2735,11269.2001,10978.1048,11127.6435,11157.0281,10645.534,9120.8512,9114.6643,9134.2874,9169.5561,10725.9318,9277.8415,10739.1891,9213.9281,9767.2465,10325.8005,10883.8877,11435.7476
Germany,Fertilizers Manufacturing,Emissions (CO2),kilotonnes,0,8.197,102.8,200.2753,286.9923,378.0666,486.6677,560.3767,656.5382,781.7151,839.7016,960.208,1038.9967,1100.4049,1187.1183,1228.7453,1307.1704,1410.0152,1567.8155,1519.0025,1341.9849
Germany,Fertilizers Manufacturing,Emissions (CO2eq) (AR5),kilotonnes,0,8.197,102.8,200.2753,286.9923,378.0666,486.6677,560.3767,656.5382,781.7151,839.7016,960.208,1038.9967,1100.4049,1187.1183,1228.7453,1307.1704,1410.0152,1567.8155,1519.0025,1341.9849
Germany,On-farm electricity use,Emissions (CH4),kilotonnes,7.8347,7.7563,7.6779,7.5996,7.5212,7.4428,7.3644,7.2861,7.2076,7.1293,7.0509,6.7556,6.8361,5.3674,7.508,6.6465,6.5481,6.1078,6.0273,5.7312,5.7312
Germany,On-farm electricity use,Emissions (N2O),kilotonnes,0.0419,0.0415,0.041,0.0406,0.0402,0.0398,0.0394,0.0389,0.0385,0.0381,0.0377,0.0361,0.0365,0.0287,0.0402,0.0355,0.035,0.0326,0.0322,0.0306,0.0306
Germany,On-farm electricity use,Emissions (CO2),kilotonnes,3965.1147,3925.4475,3885.7803,3846.1132,3806.446,3766.7788,3727.1117,3687.4445,3647.7774,3608.1102,3568.443,3419.0494,3459.738,2716.4135,3799.821,3363.7859,3313.988,3091.1122,3050.4237,2900.5442,2900.5442
Germany,On-farm electricity use,Emissions (CO2eq) from CH4 (AR5),kilotonnes,219.3716,217.1764,214.9812,212.7888,210.5936,208.3984,206.2032,204.0108,201.8128,199.6204,197.4252,189.1568,191.4108,150.2872,210.224,186.102,183.3468,171.0184,168.7644,160.4736,160.4736
Germany,On-farm electricity use,Emissions (CO2eq) from N2O (AR5),kilotonnes,11.1035,10.9975,10.865,10.759,10.653,10.547,10.441,10.3085,10.2025,10.0965,9.9905,9.5665,9.6725,7.6055,10.653,9.4075,9.275,8.639,8.533,8.109,8.109
Germany,On-farm electricity use,Emissions (CO2eq) (AR5),kilotonnes,4195.5898,4153.6214,4111.6265,4069.661,4027.6926,3985.7242,3943.7559,3901.7638,3859.7927,3817.8271,3775.8587,3617.7727,3660.8213,2874.3062,4020.698,3559.2954,3506.6098,3270.7696,3227.7211,3069.1268,3069.1268
Germany,Food Processing,Emissions (CH4),kilotonnes,18.5173,19.0676,20.0342,21.1567,20.9835,21.7175,22.1459,22.3982,23.1207,22.8685,22.3093,23.1288,23.452,23.3788,23.7588,23.8069,24.4205,24.5357,25.1328,25.1328,24.5616
Germany,Food Processing,Emissions (N2O),kilotonnes,0.1497,0.1526,0.1575,0.1581,0.1608,0.1634,0.1685,0.1626,0.1639,0.1654,0.1601,0.1657,0.1666,0.1604,0.1625,0.1616,0.1652,0.1658,0.171,0.171,0.1576
Germany,Food Processing,Emissions (CO2),kilotonnes,18740.1585,18921.0423,19563.1557,19963.1343,20157.7827,20423.9558,20606.6922,20564.0131,20386.4819,20211.2849,20292.7202,20815.3109,20950.9027,20618.6687,20722.766,20631.3574,21264.3788,21383.1042,21828.2836,21828.2836,19284.5151
Germany,Food Processing,Emissions (CO2eq) from CH4 (AR5),kilotonnes,518.4844,533.8928,560.9576,592.3876,587.538,608.09,620.0852,627.1496,647.3796,640.318,624.6604,647.6064,656.656,654.6064,665.2464,666.5932,683.774,686.9996,703.7184,703.7184,687.7248
Germany,Food Processing,Emissions (CO2eq) from N2O (AR5),kilotonnes,39.6705,40.439,41.7375,41.8965,42.612,43.301,44.6525,43.089,43.4335,43.831,42.4265,43.9105,44.149,42.506,43.0625,42.824,43.778,43.937,45.315,45.315,41.7545
Germany,Food Processing,Emissions (CO2eq) (AR5),kilotonnes,19298.3134,19495.3741,20165.8508,20597.4184,20787.9327,21075.3468,21271.4299,21234.2517,21077.295,20895.4339,20959.8071,21506.8278,21651.7077,21315.7811,21431.0749,21340.7746,21991.9308,22114.0408,22577.317,22577.317,20013.9945
Germany,Food Packaging,Emissions (CH4),kilotonnes,10.003,10.3638,10.2629,9.9291,10.3581,10.6114,10.7597,11.8625,11.3638,10.0795,10.7778,10.8289,10.6615,10.571,10.6855,11.1789,11.1174,11.218,11.1523,11.457,11.1966
Germany,Food Packaging,Emissions (N2O),kilotonnes,0.0676,0.0703,0.0706,0.0713,0.0715,0.0717,0.0733,0.0807,0.0763,0.0692,0.0732,0.0715,0.0695,0.0722,0.0725,0.0777,0.0771,0.0771,0.0781,0.0749,0.069
Germany,Food Packaging,Emissions (CO2),kilotonnes,8564.1864,8663.8497,8693.1846,8377.743,8579.9644,8821.5893,8827.3809,9695.0906,9358.6704,8401.5209,8950.2228,8758.5436,8556.2159,8563.7775,8637.4423,9095.2942,8992.4514,9091.2047,8951.2825,9108.1682,8046.7439
Germany,Food Packaging,Emissions (CO2eq) from CH4 (AR5),kilotonnes,280.084,290.1864,287.3612,278.0148,290.0268,297.1192,301.2716,332.15,318.1864,282.226,301.7784,303.2092,298.522,295.988,299.194,313.0092,311.2872,314.104,312.2644,320.796,313.5052
Germany,Food Packaging,Emissions (CO2eq) from N2O (AR5),kilotonnes,17.914,18.6295,18.709,18.8945,18.9475,19.0005,19.4245,21.3855,20.2195,18.338,19.398,18.9475,18.4175,19.133,19.2125,20.5905,20.4315,20.4315,20.6965,19.8485,18.289
Germany,Food Packaging,Emissions (CO2eq) (AR5),kilotonnes,8862.1844,8972.6656,8999.2548,8674.6523,8888.9387,9137.709,9148.077,10048.6261,9697.0763,8702.0849,9271.3992,9080.7003,8873.1554,8878.8985,8955.8488,9428.8939,9324.1701,9425.7402,9284.2434,9448.8127,8378.538
Germany,Food Retail,Emissions (CH4),kilotonnes,16.7298,16.7761,18.0244,21.0289,20.9606,20.4649,20.8642,20.0949,20.8563,21.1308,21.7667,19.7829,20.4219,20.07,18.5661,19.8411,19.7045,19.832,19.2498,22.1624,21.6587
Germany,Food Retail,Emissions (N2O),kilotonnes,0.1186,0.1228,0.1261,0.1442,0.1421,0.1397,0.1442,0.1331,0.1411,0.1403,0.1436,0.1293,0.1337,0.1331,0.123,0.1316,0.1287,0.1296,0.1168,0.1347,0.1241
Germany,Food Retail,Emissions (CO2),kilotonnes,13269.5496,13814.4844,14056.5566,16698.962,16393.4473,16059.9669,17009.7536,15200.23,16314.7575,16040.9494,16328.9812,14766.7946,15272.2931,15677.3735,14441.6785,15323.1237,15113.391,15173.4053,13907.9256,15927.6829,14071.5435
Germany,Food Retail,Emissions (CO2eq) from F-gases (AR5),kilotonnes,8265.7645,9646.076,10836.77,12129.286,13349.072,14748.0855,15796.4365,16751.2775,16962.714,17062.9775,17108.174,17127.915,17135.7075,17138.8245,17138.8245,17138.8245,18161.2005,18423.548,18685.8955,18948.243,17153.1463
Germany,Food Retail,Emissions (CO2eq) from CH4 (AR5),kilotonnes,468.4344,469.7308,504.6832,588.8092,586.8968,573.0172,584.1976,562.6572,583.9764,591.6624,609.4676,553.9212,571.8132,561.96,519.8508,555.5508,551.726,555.296,538.9944,620.5472,606.4439
Germany,Food Retail,Emissions (CO2eq) from N2O (AR5),kilotonnes,31.429,32.542,33.4165,38.213,37.6565,37.0205,38.213,35.2715,37.3915,37.1795,38.054,34.2645,35.4305,35.2715,32.595,34.874,34.1055,34.344,30.952,35.6955,32.8909
Germany,Food Retail,Emissions (CO2eq) (AR5),kilotonnes,22035.1775,23962.8332,25431.4263,29455.2702,30367.0726,31418.0901,33428.6007,32549.4362,33898.8394,33732.7688,34084.6768,32482.8953,33015.2443,33413.4295,32132.9488,33052.373,33860.423,34186.5933,33163.7675,35532.1686,31864.0245
Germany,Food Household Consumption,Emissions (CH4),kilotonnes,21.3583,22.0137,22.1218,22.7038,22.5669,22.6442,22.8358,22.4215,22.457,22.2725,22.863,21.8042,21.9864,21.7182,20.4773,20.4084,20.1324,20.1853,20.1452,20.1452,19.6874
Germany,Food Household Consumption,Emissions (N2O),kilotonnes,0.1745,0.186,0.1798,0.1815,0.1757,0.1754,0.1791,0.157,0.1706,0.164,0.1684,0.1558,0.1595,0.1614,0.1479,0.1472,0.1456,0.1458,0.142,0.142,0.1308
Germany,Food Household Consumption,Emissions (CO2),kilotonnes,24251.3063,25919.1686,25106.091,25178.0861,24391.9701,24117.051,24396.1192,21182.5761,23234.439,22351.6304,23311.3684,20886.8057,21754.2279,22324.8413,19775.5865,20014.7165,20516.3373,20359.7625,20141.2199,20141.2199,17794.0541
Germany,Food Household Consumption,Emissions (CO2eq) from CH4 (AR5),kilotonnes,598.0324,616.3836,619.4104,635.7064,631.8732,634.0376,639.4024,627.802,628.796,623.63,640.164,610.5176,615.6192,608.1096,573.3644,571.4352,563.7072,565.1884,564.0656,564.0656,551.2459
Germany,Food Household Consumption,Emissions (CO2eq) from N2O (AR5),kilotonnes,46.2425,49.29,47.647,48.0975,46.5605,46.481,47.4615,41.605,45.209,43.46,44.626,41.287,42.2675,42.771,39.1935,39.008,38.584,38.637,37.63,37.63,34.6734
Germany,Food Household Consumption,Emissions (CO2eq) (AR5),kilotonnes,24895.5812,26584.8422,25773.1484,25861.89,25070.4038,24797.5696,25082.9831,21851.9831,23908.444,23018.7204,23996.1584,21538.6103,22412.1146,22975.7219,20388.1444,20625.1597,21118.6285,20963.5879,20742.9155,20742.9155,18379.9734
Germany,Food Transport,Emissions (CH4),kilotonnes,1.8463,1.7226,1.6055,1.4511,1.3355,1.1734,1.1023,1.0254,0.9868,0.9622,0.8852,0.8625,0.8081,0.7848,0.7587,0.722,0.6997,0.6768,0.6339,0,0
Germany,Food Transport,Emissions (N2O),kilotonnes,0.6825,0.6528,0.6224,0.5842,0.5573,0.5063,0.4862,0.4625,0.4549,0.4341,0.4296,0.4403,0.4378,0.453,0.464,0.4692,0.4795,0.4754,0.4532,0.386,0.3557
Germany,Food Transport,Emissions (CO2),kilotonnes,13291.07,12981.5,12802.64,12401.18,12393.99,11764.43,11586.68,11199.41,11274.85,11172.62,11248.5,11406.49,11322.61,11625.26,11703.7,11936.625,12239.48,12435.92,11888.27,11456.81,10121.6857
Germany,Food Transport,Emissions (CO2eq) from CH4 (AR5),kilotonnes,51.6964,48.2328,44.954,40.6308,37.394,32.8552,30.8644,28.7112,27.6304,26.9416,24.7856,24.15,22.6268,21.9744,21.2436,20.216,19.5916,18.9504,17.7492,0,0
Germany,Food Transport,Emissions (CO2eq) from N2O (AR5),kilotonnes,180.8625,172.992,164.936,154.813,147.6845,134.1695,128.843,122.5625,120.5485,115.0365,113.844,116.6795,116.017,120.045,122.96,124.338,127.0675,125.981,120.098,102.29,94.2529
Germany,Food Transport,Emissions (CO2eq) (AR5),kilotonnes,13523.6289,13202.7248,13012.53,12596.6238,12579.0685,11931.4547,11746.3874,11350.6837,11423.0289,11314.5981,11387.1296,11547.3195,11461.2538,11767.2794,11847.9036,12081.179,12386.1391,12580.8514,12026.1172,11559.1,10215.9386
Germany,Energy,Emissions (CH4),kilotonnes,875,804,776,761,733,706,669,652,607,562,564,551,544,529,529,538,513,513,451,352,344
Germany,Energy,Emissions (N2O),kilotonnes,17.3,17.1,16.5,16.7,16.2,15.6,15.8,15.6,15.1,14.5,15.1,14.9,15,15.6,15.4,15.5,15.6,15.2,14.9,14,12.9
Germany,Energy,Emissions (CO2),kilotonnes,820000,845000,821000,810000,803000,785000,803000,768000,766000,709000,749000,719000,728000,748000,709000,716000,716000,710000,684000,635000,561000
Germany,Energy,Emissions (CO2eq) from CH4 (AR5),kilotonnes,24500,22512,21728,21308,20524,19768,18732,18256,16996,15736,15792,15428,15232,14812,14812,15064,14364,14364,12628,9856,9632
Germany,Energy,Emissions (CO2eq) from N2O (AR5),kilotonnes,4584.5,4531.5,4372.5,4425.5,4293,4134,4187,4134,4001.5,3842.5,4001.5,3948.5,3975,4134,4081,4107.5,4134,4028,3948.5,3710,3418.5
Germany,Energy,Emissions (CO2eq) (AR5),kilotonnes,849084.5,872043.5,847100.5,835733.5,827817,808902,825919,790390,786997.5,728578.5,768793.5,738376.5,747207,766946,727893,735171.5,734498,728392,700576.5,648566,574050.5
Germany,IPPU,Emissions (CH4),kilotonnes,11,10.8,10.3,11.1,10.9,11.3,11.5,11.7,10.5,9.51,9.97,9.39,9.13,9.04,9.28,9.21,9.37,9.61,9.25,9.01,8.86
Germany,IPPU,Emissions (N2O),kilotonnes,21,17.7,18.3,17.5,18.1,18.7,20,18,16.3,15.5,12.9,13,12.9,13.1,13.3,13,13.1,12.7,12.9,11.2,11.2
Germany,IPPU,Emissions (CO2),kilotonnes,50300,47600,45200,47300,47600,46800,47400,48200,46300,40500,45200,45600,44300,43800,44700,44200,44800,45700,44500,43300,42600
Germany,IPPU,Emissions (CO2eq) from F-gases (AR5),kilotonnes,19046.3898,17200.0561,18074.6352,18949.2144,20698.3726,22641.8818,25071.2682,26431.7247,28666.7602,27695.0056,28763.9357,29832.8657,30221.5675,30221.5675,30415.9184,31290.4976,31484.8485,31387.673,29444.1639,27695.0056,25071.2682
Germany,IPPU,Emissions (CO2eq) from CH4 (AR5),kilotonnes,308,302.4,288.4,310.8,305.2,316.4,322,327.6,294,266.28,279.16,262.92,255.64,253.12,259.84,257.88,262.36,269.08,259,252.28,248.08
Germany,IPPU,Emissions (CO2eq) from N2O (AR5),kilotonnes,5565,4690.5,4849.5,4637.5,4796.5,4955.5,5300,4770,4319.5,4107.5,3418.5,3445,3418.5,3471.5,3524.5,3445,3471.5,3365.5,3418.5,2968,2968
Germany,IPPU,Emissions (CO2eq) (AR5),kilotonnes,75219.3898,69792.9561,68412.5352,71197.5144,73400.0726,74713.7818,78093.2682,79729.3247,79580.2602,72568.7856,77661.5957,79140.7857,78195.7075,77746.1875,78900.2584,79193.3776,80018.7085,80722.253,77621.6639,74215.2856,70887.3482
Germany,Waste,Emissions (CH4),kilotonnes,1390,1310,1260,1210,1160,1110,1050,996,945,879,837,802,775,746,719,696,701,710,706,676,642
Germany,Waste,Emissions (N2O),kilotonnes,7.79,7.66,7.93,7.91,7.81,7.73,7.72,7.91,7.93,7.92,7.85,7.95,7.97,8.01,7.94,8.06,8.14,8.24,8.21,8.31,8.36
Germany,Waste,Emissions (CO2),kilotonnes,192,190,189,187,185,184,182,180,179,177,175,174,172,170,169,167,165,164,162,160,159
Germany,Waste,Emissions (CO2eq) from CH4 (AR5),kilotonnes,38920,36680,35280,33880,32480,31080,29400,27888,26460,24612,23436,22456,21700,20888,20132,19488,19628,19880,19768,18928,17976
Germany,Waste,Emissions (CO2eq) from N2O (AR5),kilotonnes,2064.35,2029.9,2101.45,2096.15,2069.65,2048.45,2045.8,2096.15,2101.45,2098.8,2080.25,2106.75,2112.05,2122.65,2104.1,2135.9,2157.1,2183.6,2175.65,2202.15,2215.4
Germany,Waste,Emissions (CO2eq) (AR5),kilotonnes,41176.35,38899.9,37570.45,36163.15,34734.65,33312.45,31627.8,30164.15,28740.45,26887.8,25691.25,24736.75,23984.05,23180.65,22405.1,21790.9,21950.1,22227.6,22105.65,21290.15,20350.4
Germany,Other,Emissions (N2O),kilotonnes,9.29,8.94,8.55,8.27,7.92,7.4,7.24,6.83,6.64,6.25,6.28,6,5.9,5.85,5.6,5.5,5.39,5.18,4.84,4.65,4.46
Germany,Other,Emissions (CO2eq) from N2O (AR5),kilotonnes,2461.85,2369.1,2265.75,2191.55,2098.8,1961,1918.6,1809.95,1759.6,1656.25,1664.2,1590,1563.5,1550.25,1484,1457.5,1428.35,1372.7,1282.6,1232.25,1181.9
Germany,Other,Emissions (CO2eq) (AR5),kilotonnes,2461.85,2369.1,2265.75,2191.55,2098.8,1961,1918.6,1809.95,1759.6,1656.25,1664.2,1590,1563.5,1550.25,1484,1457.5,1428.35,1372.7,1282.6,1232.25,1181.9
Germany,Farm-gate emissions,Emissions (CH4),kilotonnes,1519.4607,1508.2451,1483.0683,1442.0337,1402.4679,1394.3708,1363.2066,1363.7461,1388.9623,1385.6198,1368.999,1358.7623,1360.0718,1371.5199,1383.5997,1371.4359,1354.265,1342.9016,1305.4986,1276.2223,1247.6408
Germany,Farm-gate emissions,Direct emissions (N2O),kilotonnes,58.4732,58.0861,56.7197,56.2437,56.7674,56.0508,52.3937,55.2614,53.064,53.2333,55.4171,52.6614,53.2436,54.4707,57.3323,55.0949,53.591,50.9363,46.7537,47.9121,45.6906
Germany,Farm-gate emissions,Indirect emissions (N2O),kilotonnes,18.6209,18.4382,18.1073,18.0223,17.9937,17.8537,16.6942,17.6885,16.8135,16.8778,17.6598,16.8168,16.9729,17.3515,18.1792,17.501,17.0789,16.2166,14.971,15.2365,14.5375
Germany,Farm-gate emissions,Emissions (N2O),kilotonnes,111.149,110.4945,108.5787,107.6736,107.7663,106.9335,101.8918,105.8157,102.9354,103.1641,106.0334,102.3987,103.2491,105.0539,108.733,105.7787,103.6745,100.0965,94.3812,95.5411,92.4324
Germany,Farm-gate emissions,Emissions (CO2),kilotonnes,36233.7045,36276.325,36227.2162,36266.3459,36150.309,36142.7048,36196.1014,36195.7829,36264.1802,36244.2666,36215.9976,36300.6296,36047.4753,36095.5181,36206.4129,36142.916,35872.0478,35566.2305,35690.9106,35532.8852,35534.8331
Germany,Farm-gate emissions,Emissions (CO2eq) from CH4 (AR5),kilotonnes,42544.9005,42230.864,41525.9133,40376.9431,39269.1,39042.3825,38169.7859,38184.8903,38890.944,38797.3543,38331.9714,38045.3453,38082.0103,38402.5566,38740.7906,38400.2048,37919.42,37601.2445,36553.9602,35734.2245,34933.9434
Germany,Farm-gate emissions,Emissions (CO2eq) from N2O (AR5),kilotonnes,29454.4857,29281.0363,28773.3636,28533.5113,28558.0619,28337.3885,27001.3146,28041.1626,27277.8679,27338.4848,28098.8415,27135.6544,27361.0161,27839.28,28814.2542,28031.3648,27473.7335,26525.5676,25011.028,25318.3987,24494.5814
Germany,Farm-gate emissions,Emissions (CO2eq) (AR5),kilotonnes,108233.0907,107788.2253,106526.4931,105176.8003,103977.471,103522.4757,101367.2019,102421.8359,102432.9921,102380.1057,102646.8105,101481.6292,101490.5017,102337.3548,103761.4578,102574.4856,101265.2013,99693.0425,97255.8987,96585.5084,94963.3579
Germany,Land Use change,Emissions (CH4),kilotonnes,0,0,0,0,0,0,0,0,0,0,0,0,0,0,0,0,0,0,0,0,0
Germany,Land Use change,Emissions (N2O),kilotonnes,0,0,0,0,0,0,0,0,0,0,0,0,0,0,0,0,0,0,0,0,0
Germany,Land Use change,Emissions (CO2),kilotonnes,0,0,0,0,0,0,0,0,0,0,0,0,0,0,0,0,0,0,0,0,0
Germany,Land Use change,Emissions (CO2eq) from CH4 (AR5),kilotonnes,0,0,0,0,0,0,0,0,0,0,0,0,0,0,0,0,0,0,0,0,0
Germany,Land Use change,Emissions (CO2eq) from N2O (AR5),kilotonnes,0,0,0,0,0,0,0,0,0,0,0,0,0,0,0,0,0,0,0,0,0
Germany,Land Use change,Emissions (CO2eq) (AR5),kilotonnes,0,0,0,0,0,0,0,0,0,0,0,0,0,0,0,0,0,0,0,0,0
Germany,Emissions on agricultural land,Emissions (CH4),kilotonnes,1519.4607,1508.2451,1483.0683,1442.0337,1402.4679,1394.3708,1363.2066,1363.7461,1388.9623,1385.6198,1368.999,1358.7623,1360.0718,1371.5199,1383.5997,1371.4359,1354.265,1342.9016,1305.4986,1276.2223,1247.6408
Germany,Emissions on agricultural land,Emissions (N2O),kilotonnes,111.149,110.4945,108.5787,107.6736,107.7663,106.9335,101.8918,105.8157,102.9354,103.1641,106.0334,102.3987,103.2491,105.0539,108.733,105.7787,103.6745,100.0965,94.3812,95.5411,92.4324
Germany,Emissions on agricultural land,Emissions (CO2),kilotonnes,36233.7045,36276.325,36227.2162,36266.3459,36150.309,36142.7048,36196.1014,36195.7829,36264.1802,36244.2666,36215.9976,36300.6296,36047.4753,36095.5181,36206.4129,36142.916,35872.0478,35566.2305,35690.9106,35532.8852,35534.8331
Germany,Emissions on agricultural land,Emissions (CO2eq) from CH4 (AR5),kilotonnes,42544.9005,42230.864,41525.9133,40376.9431,39269.1,39042.3825,38169.7859,38184.8903,38890.944,38797.3543,38331.9714,38045.3453,38082.0103,38402.5566,38740.7906,38400.2048,37919.42,37601.2445,36553.9602,35734.2245,34933.9434
Germany,Emissions on agricultural land,Emissions (CO2eq) from N2O (AR5),kilotonnes,29454.4857,29281.0363,28773.3636,28533.5113,28558.0619,28337.3885,27001.3146,28041.1626,27277.8679,27338.4848,28098.8415,27135.6544,27361.0161,27839.28,28814.2542,28031.3648,27473.7335,26525.5676,25011.028,25318.3987,24494.5814
Germany,Emissions on agricultural land,Emissions (CO2eq) (AR5),kilotonnes,108233.0907,107788.2253,106526.4931,105176.8003,103977.471,103522.4757,101367.2019,102421.8359,102432.9921,102380.1057,102646.8105,101481.6292,101490.5017,102337.3548,103761.4578,102574.4856,101265.2013,99693.0425,97255.8987,96585.5084,94963.3579
Germany,Pre- and post- production,Emissions (CH4),kilotonnes,1014.2059,1027.1329,379.3506,384.6296,384.4948,374.609,379.9772,379.547,362.4773,304.5925,305.7037,303.7519,306.4295,359.5738,306.7657,359.5874,304.4614,318.7881,332.8841,349.3713,361.5824
Germany,Pre- and post- production,Emissions (N2O),kilotonnes,5.0491,5.1709,5.2219,5.17,5.0897,5.0164,5.1035,5.1737,5.1319,5.3188,5.3082,5.2883,5.2638,5.2729,5.3654,5.4361,5.5075,6.0552,6.6002,7.1571,7.6911
Germany,Pre- and post- production,Emissions (CO2),kilotonnes,83861.2623,86013.4955,85994.1635,88461.1048,87813.6122,87135.5802,88447.3314,83904.5223,86694.5075,84382.9487,86354.841,82834.2633,84172.2033,84447.5397,82091.476,83407.7684,84563.3859,84764.5967,83159.9947,84705.0624,75383.7406
Germany,Pre- and post- production,Emissions (CO2eq) from F-gases (AR5),kilotonnes,8265.7645,9646.076,10836.77,12129.286,13349.072,14748.0855,15796.4365,16751.2775,16962.714,17062.9775,17108.174,17127.915,17135.7075,17138.8245,17138.8245,17138.8245,18161.2005,18423.548,18685.8955,18948.243,17153.1463
Germany,Pre- and post- production,Emissions (CO2eq) from CH4 (AR5),kilotonnes,28397.7643,28759.721,10621.818,10769.6277,10765.8548,10489.0528,10639.3612,10627.3163,10149.3647,8528.589,8559.7025,8505.0519,8580.0271,10068.0655,8589.439,10068.4474,8524.9194,8926.0679,9320.7551,9782.3968,10124.3086
Germany,Pre- and post- production,Emissions (CO2eq) from N2O (AR5),kilotonnes,1338.0201,1370.2839,1383.7913,1370.0459,1348.7624,1329.3473,1352.416,1371.0333,1359.9623,1409.4843,1406.6781,1401.3911,1394.9121,1397.3235,1421.8388,1440.5697,1459.4941,1604.6323,1749.0524,1896.6286,2038.1327
Germany,Pre- and post- production,Emissions (CO2eq) (AR5),kilotonnes,121862.8112,125789.5764,108836.5428,112730.0645,113277.3013,113702.0658,116235.5452,112654.1494,115166.5485,111383.9995,113429.3957,109868.6213,111282.8499,113051.7533,109241.5783,112055.61,112708.9998,113718.8449,112915.6977,115332.3308,104699.3282
Germany,Agri-food systems,Emissions (CH4),kilotonnes,2533.6666,2535.378,1862.419,1826.6632,1786.9627,1768.9798,1743.1838,1743.2931,1751.4396,1690.2123,1674.7026,1662.5142,1666.5013,1731.0936,1690.3653,1731.0233,1658.7264,1661.6897,1638.3827,1625.5936,1609.2233
Germany,Agri-food systems,Emissions (N2O),kilotonnes,116.1981,115.6654,113.8006,112.8436,112.8559,111.9499,106.9952,110.9894,108.0673,108.4829,111.3416,107.687,108.5129,110.3268,114.0985,111.2148,109.182,106.1517,100.9814,102.6982,100.1234
Germany,Agri-food systems,Emissions (CO2),kilotonnes,120094.9668,122289.8205,122221.3798,124727.4507,123963.9212,123278.2849,124643.4329,120100.3053,122958.6877,120627.2153,122570.8385,119134.8928,120219.6786,120543.0579,118297.8889,119550.6844,120435.4337,120330.8272,118850.9053,120237.9476,110918.5737
Germany,Agri-food systems,Emissions (CO2eq) from F-gases (AR5),kilotonnes,8265.7645,9646.076,10836.77,12129.286,13349.072,14748.0855,15796.4365,16751.2775,16962.714,17062.9775,17108.174,17127.915,17135.7075,17138.8245,17138.8245,17138.8245,18161.2005,18423.548,18685.8955,18948.243,17153.1463
Germany,Agri-food systems,Emissions (CO2eq) from CH4 (AR5),kilotonnes,70942.6649,70990.585,52147.7313,51146.5708,50034.9548,49531.4352,48809.147,48812.2066,49040.3087,47325.9433,46891.674,46550.3972,46662.0374,48470.6221,47330.2297,48468.6522,46444.3394,46527.3124,45874.7153,45516.6213,45058.252
Germany,Agri-food systems,Emissions (CO2eq) from N2O (AR5),kilotonnes,30792.5058,30651.3202,30157.1548,29903.5573,29906.8243,29666.7358,28353.7307,29412.196,28637.8302,28747.9691,29505.5197,28537.0455,28755.9281,29236.6035,30236.093,29471.9345,28933.2276,28130.1999,26760.0804,27215.0273,26532.7141
Germany,Agri-food systems,Emissions (CO2eq) (AR5),kilotonnes,230095.9019,233577.8018,215363.0359,217906.8648,217254.7723,217224.5415,217602.7471,215075.9853,217599.5406,213764.1052,216076.2062,211350.2505,212773.3517,215389.108,213003.0361,214630.0956,213974.2012,213411.8874,210171.5964,211917.8392,199662.6861
Germany,IPCC Agriculture,Emissions (CH4),kilotonnes,1518.275,1506.9807,1481.9027,1440.749,1401.2014,1393.3563,1362.3422,1362.8425,1388.0841,1384.7794,1368.1552,1357.8918,1359.2654,1370.7434,1382.7959,1370.5722,1353.4387,1342.101,1304.7567,1275.4928,1246.9114
Germany,IPCC Agriculture,Emissions (CH4),kilotonnes,1387.0282,1407.88,1357.2632,1345.6165,1307.5699,1302.6485,1278.0519,1285.9467,1295.2768,1300.7786,1287.0546,1279.6018,1287.178,1308.3506,1323.8944,1325.4809,1316.693,1309.8748,1291.2026,1279.8846,1266.0422
Germany,IPCC Agriculture,Direct emissions (N2O),kilotonnes,58.4732,58.0861,56.7197,56.2437,56.7674,56.0508,52.3937,55.2614,53.064,53.2333,55.4171,52.6614,53.2436,54.4707,57.3323,55.0949,53.591,50.9363,46.7537,47.9121,45.6906
Germany,IPCC Agriculture,Indirect emissions (N2O),kilotonnes,18.6209,18.4382,18.1073,18.0223,17.9937,17.8537,16.6942,17.6885,16.8135,16.8778,17.6598,16.8168,16.9729,17.3515,18.1792,17.501,17.0789,16.2166,14.971,15.2365,14.5375
Germany,IPCC Agriculture,Emissions (N2O),kilotonnes,108.9722,108.3041,106.3752,105.456,105.5361,104.6919,99.6379,103.5493,100.6565,100.8734,103.7306,100.0834,100.9221,102.7141,106.38,103.4122,101.2972,97.7068,91.9793,93.1294,90.0206
Germany,IPCC Agriculture,Emissions (N2O),kilotonnes,79.4141,79.8953,77.3743,76.4738,77.5649,77.6402,76.1303,77.1552,77.1616,78.0446,77.4084,78.3317,79.5164,79.9479,82.3721,81.621,81.0494,79.5097,75.4994,74.443,73.2699
Germany,IPCC Agriculture,Emissions (CO2),kilotonnes,2655.5092,2667.2713,2553.2441,2531.7444,2428.981,2377.5345,2355.7293,2407.9267,2500.4933,2465.9916,2516.991,2511.3957,2635.9047,2737.3685,2903.1837,2927.9566,2922.629,2870.2342,2855.3978,2730.8036,2609.602
Germany,IPCC Agriculture,Emissions (CO2eq) from CH4 (AR5),kilotonnes,42511.7001,42195.4601,41493.2753,40340.9734,39233.6398,39013.9764,38145.5817,38159.5912,38866.3556,38773.8226,38308.3468,38020.9696,38059.4311,38380.8145,38718.2846,38376.0219,37896.2826,37578.8268,36533.188,35713.7992,34913.5181
Germany,IPCC Agriculture,Emissions (CO2eq) from CH4 (AR5),kilotonnes,38836.7894,39420.6407,38003.3692,37677.2631,36611.9569,36474.1593,35785.4528,36006.5071,36267.7517,36421.8001,36037.5283,35828.8499,36040.9831,36633.8164,37069.0443,37113.4652,36867.4048,36676.4936,36153.6738,35836.7686,35449.1813
Germany,IPCC Agriculture,Emissions (CO2eq) from N2O (AR5),kilotonnes,28877.6252,28700.5951,28189.4384,27945.8471,27967.0571,27743.3515,26404.0326,27440.5669,26673.971,26731.438,27488.6138,26522.0992,26744.3654,27219.2268,28190.6994,27404.2447,26843.7512,25892.3087,24374.5022,24679.2788,23855.4615
Germany,IPCC Agriculture,Emissions (CO2eq) from N2O (AR5),kilotonnes,21044.7261,21172.2492,20504.1895,20265.5455,20554.6978,20574.6613,20174.541,20446.1264,20447.8155,20681.8224,20513.2214,20757.9113,21071.8584,21186.1983,21828.5982,21629.5641,21478.0847,21070.0582,20007.3479,19727.398,19416.5146
Germany,IPCC Agriculture,Emissions (CO2eq) (AR5),kilotonnes,71389.3253,70896.0552,69682.7136,68286.8205,67200.6969,66757.3279,64549.6143,65600.1581,65540.3266,65505.2606,65796.9606,64543.0688,64803.7965,65600.0414,66908.984,65780.2666,64740.0339,63471.1355,60907.6903,60393.078,58768.9795
Germany,IPCC Agriculture,Emissions (CO2eq) (AR5),kilotonnes,62537.0247,63260.1612,61060.8028,60474.553,59595.6357,59426.3552,58315.7231,58860.5602,59216.0605,59569.6141,59067.7406,59098.1568,59748.7462,60557.3832,61800.8263,61670.9859,61268.1184,60616.7861,59016.4195,58294.9702,57475.2979
Germany,Agricultural Soils,Direct emissions (N2O),kilotonnes,58.4732,58.0861,56.7197,56.2437,56.7674,56.0508,52.3937,55.2614,53.064,53.2333,55.4171,52.6614,53.2436,54.4707,57.3323,55.0949,53.591,50.9363,46.7537,47.9121,45.6906
Germany,Agricultural Soils,Direct emissions (N2O),kilotonnes,51.2902,51.4649,49.8601,49.0985,50.1138,49.8642,48.8008,49.3065,49.2158,49.7256,49.2199,49.8492,50.7774,50.9365,52.5927,52.0524,51.7124,50.7877,48.2017,47.6364,47.1332
Germany,Agricultural Soils,Indirect emissions (N2O),kilotonnes,18.6209,18.4382,18.1073,18.0223,17.9937,17.8537,16.6942,17.6885,16.8135,16.8778,17.6598,16.8168,16.9729,17.3515,18.1792,17.501,17.0789,16.2166,14.971,15.2365,14.5375
Germany,Agricultural Soils,Indirect emissions (N2O),kilotonnes,17.5052,17.6086,16.9173,16.6315,16.9381,16.9222,16.4973,16.7668,16.8177,17.0597,16.9992,17.2976,17.7333,17.8796,18.5872,18.4088,18.2555,17.6989,16.4765,16.1025,15.5286
Germany,Agricultural Soils,Emissions (N2O),kilotonnes,97.1229,96.5283,94.7529,94.0822,94.4754,93.6252,88.8066,92.6709,89.5908,89.8203,92.789,89.1899,89.9256,91.5275,95.1962,92.2789,90.2536,86.728,81.3031,82.6673,79.7482
Germany,Agricultural Soils,Emissions (N2O),kilotonnes,68.7953,69.0735,66.7774,65.73,67.0519,66.7863,65.298,66.0733,66.0336,66.7853,66.2191,67.1468,68.5107,68.816,71.1799,70.4611,69.9679,68.4867,64.6782,63.7388,62.6618
Germany,Agricultural Soils,Emissions (CO2eq) from N2O (AR5),kilotonnes,25737.5557,25580.0075,25109.5313,24931.7807,25035.987,24810.689,23533.7612,24557.7865,23741.5526,23802.3883,24589.0779,23635.3354,23830.2712,24254.7937,25226.9976,24453.9095,23917.2092,22982.9139,21545.3224,21906.8416,21133.2823
Germany,Agricultural Soils,Emissions (CO2eq) from N2O (AR5),kilotonnes,18230.7648,18304.4905,17696.0186,17418.4449,17768.7617,17698.3787,17303.9735,17509.4168,17498.8954,17698.0973,17548.0625,17793.8889,18155.3358,18236.2528,18862.6855,18672.2044,18541.5022,18148.9667,17139.715,16890.7926,16605.3761
Germany,Agricultural Soils,Emissions (CO2eq) (AR5),kilotonnes,25737.5557,25580.0075,25109.5313,24931.7807,25035.987,24810.689,23533.7612,24557.7865,23741.5526,23802.3883,24589.0779,23635.3354,23830.2712,24254.7937,25226.9976,24453.9095,23917.2092,22982.9139,21545.3224,21906.8416,21133.2823
Germany,Agricultural Soils,Emissions (CO2eq) (AR5),kilotonnes,18230.7648,18304.4905,17696.0186,17418.4449,17768.7617,17698.3787,17303.9735,17509.4168,17498.8954,17698.0973,17548.0625,17793.8889,18155.3358,18236.2528,18862.6855,18672.2044,18541.5022,18148.9667,17139.715,16890.7926,16605.3761
Germany,LULUCF,Emissions (CH4),kilotonnes,0.0019,0.005,0,0.1348,0.0075,0.0075,0,0.0599,0,0.0324,0,0.025,0.0075,0.0025,0.0974,0,0.01,0.1024,0.0125,0,0
Germany,LULUCF,Emissions (CH4),kilotonnes,66.1845,66.2423,66.3665,66.6974,66.6496,66.7702,70.4734,70.7681,71.1503,71.5353,71.8664,73.4153,73.6492,73.8425,74.0402,74.3437,74.5175,74.5378,78.6098,75.0065,
Germany,LULUCF,Emissions (N2O),kilotonnes,0.0001,0.0005,0,0.0123,0.0007,0.0007,0,0.0055,0,0.003,0,0.0023,0.0007,0.0002,0.0089,0,0.0009,0.0093,0.0011,0,0
Germany,LULUCF,Emissions (N2O),kilotonnes,2.9556,3.9495,4.049,4.1618,4.2543,4.359,4.0253,4.0551,4.093,4.1342,4.1731,4.2762,4.3894,4.5056,4.6271,4.7577,4.6875,4.7535,4.8423,4.9197,
Germany,LULUCF,Emissions (CO2),kilotonnes,-32965.0614,26.8191,-83.8251,-239.3027,-383.6509,-374.497,-377.5313,-374.261,-385.1559,-390.965,-386.8805,-11257.638,-11261.4524,-11266.7756,-11296.1657,-11298.5921,-11479.2533,-11491.6214,-11487.0203,-11572.7667,-11570.8188
Germany,LULUCF,Emissions (CO2),kilotonnes,-23091.1805,-26706.9906,778.9906,374.326,-1614.4814,-2982.6633,-5915.1877,-2231.4745,-13106.5338,-20308.4753,-12837.5631,-12025.991,-20923.9103,-20686.0079,-24259.1427,-22592.2407,-23327.6126,-23819.4491,-21694.1518,-19805.1905,
Germany,LULUCF,Emissions (CO2eq) from CH4 (AR5),kilotonnes,0.0527,0.1398,0,3.7742,0.2097,0.2097,0,1.6775,0,0.9085,0,0.6989,0.2097,0.0699,2.7262,0,0.2796,2.8664,0.3498,0,0
Germany,LULUCF,Emissions (CO2eq) from N2O (AR5),kilotonnes,0.0276,0.1208,0,3.2614,0.1812,0.1812,0,1.4496,0,0.785,0,0.604,0.1812,0.0604,2.3558,0,0.2416,2.4769,0.3023,0,0
Germany,LULUCF,Emissions (CO2eq) (AR5),kilotonnes,-32964.9811,27.0797,-83.8251,-232.267,-383.26,-374.1062,-377.5313,-371.1339,-385.1559,-389.2715,-386.8805,-11256.3351,-11261.0615,-11266.6453,-11291.0837,-11298.5921,-11478.7322,-11486.2781,-11486.3682,-11572.7667,-11570.8188
Germany,LULUCF,Emissions (CO2eq) (AR5),kilotonnes,-23091.1805,-26706.9906,778.9906,374.326,-1614.4814,-2982.6633,-5915.1877,-2231.4745,-13106.5338,-20308.4753,-12837.5631,-12025.991,-20923.9103,-20686.0079,-24259.1427,-22592.2407,-23327.6126,-23819.4491,-21694.1518,-19805.1905,
Germany,AFOLU,Emissions (CH4),kilotonnes,1518.2769,1506.9857,1481.9027,1440.8838,1401.2089,1393.3638,1362.3422,1362.9025,1388.0841,1384.8118,1368.1552,1357.9167,1359.2729,1370.7459,1382.8932,1370.5722,1353.4487,1342.2033,1304.7692,1275.4928,1246.9114
Germany,AFOLU,Emissions (N2O),kilotonnes,108.9723,108.3046,106.3752,105.4683,105.5367,104.6926,99.6379,103.5548,100.6565,100.8763,103.7306,100.0857,100.9228,102.7143,106.3889,103.4122,101.2981,97.7162,91.9804,93.1294,90.0206
Germany,AFOLU,Emissions (CO2),kilotonnes,-32965.0614,26.8191,-83.8251,-239.3027,-383.6509,-374.497,-377.5313,-374.261,-385.1559,-390.965,-386.8805,-11257.638,-11261.4524,-11266.7756,-11296.1657,-11298.5921,-11479.2533,-11491.6214,-11487.0203,-11572.7667,-11570.8188
Germany,AFOLU,Emissions (CO2eq) from CH4 (AR5),kilotonnes,42511.7528,42195.5999,41493.2753,40344.7476,39233.8495,39014.1861,38145.5817,38161.2687,38866.3556,38774.731,38308.3468,38021.6686,38059.6407,38380.8844,38721.0108,38376.0219,37896.5622,37581.6932,36533.5379,35713.7992,34913.5181
Germany,AFOLU,Emissions (CO2eq) from N2O (AR5),kilotonnes,28877.6527,28700.7159,28189.4384,27949.1085,27967.2383,27743.5327,26404.0326,27442.0165,26673.971,26732.223,27488.6138,26522.7032,26744.5467,27219.2872,28193.0551,27404.2447,26843.9928,25894.7856,24374.8045,24679.2788,23855.4615
Germany,AFOLU,Emissions (CO2eq) (AR5),kilotonnes,38424.3442,70923.1349,69598.8885,68054.5534,66817.4368,66383.2217,64172.083,65229.0242,65155.1707,65115.989,65410.08,53286.7338,53542.735,54333.396,55617.9002,54481.6745,53261.3017,51984.8574,49421.3221,48820.3113,47198.1607
Germany,All sectors with LULUCF,Emissions (CH4),kilotonnes,3794.2769,3631.7857,3528.2027,3422.9838,3305.1089,3220.6638,3092.8422,3022.6025,2950.5841,2835.3218,2779.1252,2720.3067,2687.4029,2654.7859,2640.1732,2613.7822,2576.8187,2574.8133,2471.0192,2312.5028,2241.7714
Germany,All sectors with LULUCF,Emissions (N2O),kilotonnes,164.3523,159.7046,157.6552,155.8483,155.5667,154.1226,150.3979,151.8948,146.6265,145.0463,145.8606,141.9357,142.6928,145.2743,148.6289,145.4722,143.5281,139.0362,132.8304,131.2894,126.9406
Germany,All sectors with LULUCF,Emissions (CO2),kilotonnes,837526.9386,892816.8191,866305.1749,857247.6973,850401.3491,831609.503,850204.4687,816005.739,812093.8441,749286.035,793988.1195,753516.362,761210.5476,780703.2244,742572.8343,749068.4079,749485.7467,744372.3786,717174.9797,666887.2333,592188.1812
Germany,All sectors with LULUCF,Emissions (CO2eq) from F-gases (AR5),kilotonnes,19046.3898,17200.0561,18074.6352,18949.2144,20698.3726,22641.8818,25071.2682,26431.7247,28666.7602,27695.0056,28763.9357,29832.8657,30221.5675,30221.5675,30415.9184,31290.4976,31484.8485,31387.673,29444.1639,27695.0056,25071.2682
Germany,All sectors with LULUCF,Emissions (CO2eq) from CH4 (AR5),kilotonnes,106239.7528,101689.9999,98789.6753,95843.5476,92543.0495,90178.5861,86599.5817,84632.8687,82616.3556,79389.011,77815.5068,76168.5886,75247.2807,74334.0044,73924.8508,73185.9019,72150.9222,72094.7732,69188.5379,64750.0792,62769.5981
Germany,All sectors with LULUCF,Emissions (CO2eq) from N2O (AR5),kilotonnes,43553.3527,42321.7159,41778.6384,41299.8085,41225.1883,40842.4827,39855.4326,40252.1165,38856.021,38437.273,38653.0638,37612.9532,37813.5967,38497.6872,39386.6551,38550.1447,38034.9428,36844.5856,35200.0545,34791.6788,33639.2615
Germany,All sectors with LULUCF,Emissions (CO2eq) (AR5),kilotonnes,1006366.434,1054028.591,1024948.124,1013340.268,1004867.959,985272.4535,1001730.751,967322.4489,962232.9809,894807.3247,939220.6257,897130.7695,904492.9925,923756.4835,886300.2587,892094.952,891156.4602,884699.4104,851007.736,794123.9969,713668.3089
Germany,All sectors without LULUCF,Emissions (CH4),kilotonnes,3794.275,3631.7807,3528.2027,3422.849,3305.1014,3220.6563,3092.8422,3022.5425,2950.5841,2835.2894,2779.1252,2720.2818,2687.3954,2654.7834,2640.0759,2613.7822,2576.8087,2574.711,2471.0067,2312.5028,2241.7714
Germany,All sectors without LULUCF,Emissions (N2O),kilotonnes,164.3522,159.7041,157.6552,155.836,155.5661,154.1219,150.3979,151.8893,146.6265,145.0434,145.8606,141.9334,142.6921,145.2741,148.62,145.4722,143.5272,139.0268,132.8293,131.2894,126.9406
Germany,All sectors without LULUCF,Emissions (CO2),kilotonnes,870492,892790,866389,857487,850785,831984,850582,816380,812479,749677,794375,764774,772472,791970,753869,760367,760965,755864,728662,678460,603759
Germany,All sectors without LULUCF,Emissions (CO2eq) from F-gases (AR5),kilotonnes,19046.3898,17200.0561,18074.6352,18949.2144,20698.3726,22641.8818,25071.2682,26431.7247,28666.7602,27695.0056,28763.9357,29832.8657,30221.5675,30221.5675,30415.9184,31290.4976,31484.8485,31387.673,29444.1639,27695.0056,25071.2682
Germany,All sectors without LULUCF,Emissions (CO2eq) from CH4 (AR5),kilotonnes,106239.7001,101689.8601,98789.6753,95839.7734,92542.8398,90178.3764,86599.5817,84631.1912,82616.3556,79388.1026,77815.5068,76167.8896,75247.0711,74333.9345,73922.1246,73185.9019,72150.6426,72091.9068,69188.188,64750.0792,62769.5981
Germany,All sectors without LULUCF,Emissions (CO2eq) from N2O (AR5),kilotonnes,43553.3252,42321.5951,41778.6384,41296.5471,41225.0071,40842.3015,39855.4326,40250.6669,38856.021,38436.488,38653.0638,37612.3492,37813.4154,38497.6268,39384.2994,38550.1447,38034.7012,36842.1087,35199.7522,34791.6788,33639.2615
Germany,All sectors without LULUCF,Emissions (CO2eq) (AR5),kilotonnes,1039331.415,1054001.511,1025031.949,1013572.535,1005251.22,985646.5597,1002108.283,967693.5828,962618.1368,895196.5962,939607.5062,908387.1045,915754.054,935023.1289,897591.3424,903393.5442,902635.1923,896185.6885,862494.1041,805696.7636,725239.1277
Ghana,Crop Residues,Direct emissions (N2O),kilotonnes,0.3395,0.3585,0.4495,0.4283,0.3898,0.4082,0.4129,0.3543,0.4817,0.5474,0.59,0.5632,0.5906,0.5725,0.5803,0.5712,0.5699,0.6286,0.7095,0.8457,0.8769
Ghana,Crop Residues,Indirect emissions (N2O),kilotonnes,0.0764,0.0807,0.1011,0.0964,0.0877,0.0918,0.0929,0.0797,0.1084,0.1232,0.1328,0.1267,0.1329,0.1288,0.1306,0.1285,0.1282,0.1414,0.1596,0.1903,0.1973
Ghana,Crop Residues,Emissions (N2O),kilotonnes,0.4159,0.4392,0.5506,0.5246,0.4775,0.5,0.5058,0.434,0.5901,0.6706,0.7228,0.6899,0.7235,0.7014,0.7108,0.6997,0.6982,0.77,0.8691,1.036,1.0742
Ghana,Crop Residues,Emissions (CO2eq) from N2O (AR5),kilotonnes,110.2148,116.375,145.908,139.0261,126.5254,132.4978,134.0368,115.0207,156.3801,177.7064,191.5443,182.8266,191.7394,185.8591,188.3701,185.4269,185.0119,204.0496,230.3223,274.5388,284.6526
Ghana,Crop Residues,Emissions (CO2eq) (AR5),kilotonnes,110.2148,116.375,145.908,139.0261,126.5254,132.4978,134.0368,115.0207,156.3801,177.7064,191.5443,182.8266,191.7394,185.8591,188.3701,185.4269,185.0119,204.0496,230.3223,274.5388,284.6526
Ghana,Rice Cultivation,Emissions (CH4),kilotonnes,7.7414,9.1418,8.2528,7.8624,8.0231,8.064,8.4,7.3201,8.9242,10.9106,12.1785,13.2707,12.7363,14.5088,15.0528,15.6757,16.3873,17.3587,18.2632,21.5076,22.2749
Ghana,Rice Cultivation,Emissions (CH4),kilotonnes,,,,,,,,,,,,,,,,,10.44,,,,
Ghana,Rice Cultivation,Emissions (CO2eq) from CH4 (AR5),kilotonnes,216.7603,255.971,231.0793,220.1472,224.648,225.792,235.2,204.9627,249.8765,305.4966,340.9986,371.5784,356.6178,406.2468,421.4784,438.9208,458.8432,486.0436,511.37,602.2117,623.6958
Ghana,Rice Cultivation,Emissions (CO2eq) from CH4 (AR5),kilotonnes,,,,,,,,,,,,,,,,,292.32,,,,
Ghana,Rice Cultivation,Emissions (CO2eq) (AR5),kilotonnes,216.7603,255.971,231.0793,220.1472,224.648,225.792,235.2,204.9627,249.8765,305.4966,340.9986,371.5784,356.6178,406.2468,421.4784,438.9208,458.8432,486.0436,511.37,602.2117,623.6958
Ghana,Rice Cultivation,Emissions (CO2eq) (AR5),kilotonnes,,,,,,,,,,,,,,,,,292.32,,,,
Ghana,Burning - Crop residues,Emissions (CH4),kilotonnes,2.0564,2.1376,2.7289,2.3215,2.1659,2.2129,2.3364,2.305,2.4921,2.8281,2.9566,3.0658,3.1056,3.0945,3.0945,2.7336,2.757,3.0945,3.5962,4.5227,4.7301
Ghana,Burning - Crop residues,Emissions (CH4),kilotonnes,0.73,0.71,0.88,0.86,0.76,0.85,0.81,,,,,,,,,,,,,,
Ghana,Burning - Crop residues,Emissions (N2O),kilotonnes,0.0533,0.0554,0.0708,0.0602,0.0562,0.0574,0.0606,0.0598,0.0646,0.0733,0.0767,0.0795,0.0805,0.0802,0.0802,0.0709,0.0715,0.0802,0.0932,0.1173,0.1226
Ghana,Burning - Crop residues,Emissions (N2O),kilotonnes,0.02,0.02,0.03,0.03,0.03,0.03,0.024,,,,,,,,,,,,,,
Ghana,Burning - Crop residues,Emissions (CO2eq) from CH4 (AR5),kilotonnes,57.5796,59.8525,76.4105,65.0028,60.646,61.9599,65.4186,64.5387,69.7792,79.1859,82.7857,85.8435,86.9569,86.6457,86.6452,76.5417,77.1952,86.645,100.6942,126.6342,132.4423
Ghana,Burning - Crop residues,Emissions (CO2eq) from CH4 (AR5),kilotonnes,20.44,19.88,24.64,24.08,21.28,23.8,22.68,,,,,,,,,,,,,,
Ghana,Burning - Crop residues,Emissions (CO2eq) from N2O (AR5),kilotonnes,14.1283,14.686,18.7489,15.9498,14.8807,15.2031,16.0518,15.8359,17.1217,19.4299,20.3132,21.0635,21.3367,21.2603,21.2602,18.7811,18.9414,21.2601,24.7074,31.0723,32.4974
Ghana,Burning - Crop residues,Emissions (CO2eq) from N2O (AR5),kilotonnes,5.3,5.3,7.95,7.95,7.95,7.95,6.36,,,,,,,,,,,,,,
Ghana,Burning - Crop residues,Emissions (CO2eq) (AR5),kilotonnes,71.7079,74.5385,95.1593,80.9525,75.5267,77.163,81.4703,80.3746,86.9009,98.6158,103.0989,106.9069,108.2936,107.906,107.9053,95.3228,96.1367,107.9051,125.4015,157.7065,164.9397
Ghana,Burning - Crop residues,Emissions (CO2eq) (AR5),kilotonnes,25.74,25.18,32.59,32.03,29.23,31.75,29.04,,,,,,,,,,,,,,
Ghana,Enteric Fermentation,Emissions (CH4),kilotonnes,73.8764,75.0556,76.4696,79.081,80.2505,82.8695,83.57,85.6124,87.813,90.9688,92.905,96.8172,100.6221,104.3837,108.6367,113.7195,119.5077,125.6712,128.8854,132.2607,133.9332
Ghana,Enteric Fermentation,Emissions (CH4),kilotonnes,71.28,72.43,72.14,76.38,77.71,79.03,82.1,,,,,,,,,,114.66,,,,
Ghana,Enteric Fermentation,Emissions (CO2eq) from CH4 (AR5),kilotonnes,2068.5392,2101.5568,2141.1488,2214.268,2247.014,2320.346,2339.96,2397.1472,2458.7639,2547.125,2601.34,2710.8827,2817.4188,2922.7436,3041.8269,3184.1468,3346.2167,3518.794,3608.7908,3703.2992,3750.1286
Ghana,Enteric Fermentation,Emissions (CO2eq) from CH4 (AR5),kilotonnes,1995.84,2028.04,2019.92,2138.64,2175.88,2212.84,2298.8,,,,,,,,,,3210.48,,,,
Ghana,Enteric Fermentation,Emissions (CO2eq) (AR5),kilotonnes,2068.5392,2101.5568,2141.1488,2214.268,2247.014,2320.346,2339.96,2397.1472,2458.7639,2547.125,2601.34,2710.8827,2817.4188,2922.7436,3041.8269,3184.1468,3346.2167,3518.794,3608.7908,3703.2992,3750.1286
Ghana,Enteric Fermentation,Emissions (CO2eq) (AR5),kilotonnes,1995.84,2028.04,2019.92,2138.64,2175.88,2212.84,2298.8,,,,,,,,,,3210.48,,,,
Ghana,Manure Management,Emissions (CH4),kilotonnes,3.361,3.422,3.5154,3.656,3.7567,3.828,4.1956,4.3523,4.5123,4.7181,4.9154,5.1832,5.4686,5.7745,6.092,6.3955,6.7105,7.0134,7.2453,7.4973,7.6917
Ghana,Manure Management,Emissions (CH4),kilotonnes,3.71,3.75,3.19,4,4.12,4.18,4.36,,,,,,,,,,6.48,,,,
Ghana,Manure Management,Emissions (N2O),kilotonnes,0.191,0.1871,0.1884,0.1875,0.1886,0.1846,0.2702,0.2792,0.2884,0.2986,0.3081,0.3269,0.3464,0.3668,0.3905,0.416,0.4405,0.4612,0.4555,0.4502,0.4503
Ghana,Manure Management,Emissions (N2O),kilotonnes,0.22,0.22,0.22,0.22,0.21,0.22,0.212,,,,,,,,,,,,,,
Ghana,Manure Management,Emissions (CO2eq) from CH4 (AR5),kilotonnes,94.1084,95.8154,98.4318,102.3673,105.1885,107.1846,117.4774,121.865,126.3444,132.106,137.6312,145.1306,153.1205,161.6847,170.5772,179.0745,187.8942,196.3766,202.8682,209.9238,215.3682
Ghana,Manure Management,Emissions (CO2eq) from CH4 (AR5),kilotonnes,103.88,105,89.32,112,115.36,117.04,122.08,,,,,,,,,,181.44,,,,
Ghana,Manure Management,Emissions (CO2eq) from N2O (AR5),kilotonnes,50.6252,49.5924,49.9202,49.6982,49.9821,48.9084,71.6124,73.9903,76.4334,79.1176,81.6481,86.6355,91.7911,97.2125,103.4901,110.2471,116.7388,122.2149,120.6963,119.3086,119.3286
Ghana,Manure Management,Emissions (CO2eq) from N2O (AR5),kilotonnes,58.3,58.3,58.3,58.3,55.65,58.3,56.18,,,,,,,,,,,,,,
Ghana,Manure Management,Emissions (CO2eq) (AR5),kilotonnes,144.7336,145.4078,148.352,152.0655,155.1706,156.093,189.0898,195.8553,202.7778,211.2236,219.2793,231.7661,244.9116,258.8972,274.0673,289.3216,304.633,318.5915,323.5646,329.2324,334.6968
Ghana,Manure Management,Emissions (CO2eq) (AR5),kilotonnes,162.18,163.3,147.62,170.3,171.01,175.34,178.26,,,,,,,,,,181.44,,,,
Ghana,Manure left on Pasture,Direct emissions (N2O),kilotonnes,3.1406,3.2063,3.283,3.4178,3.4934,3.5958,3.6744,3.793,3.9147,4.0814,4.2082,4.4136,4.6172,4.827,5.0494,5.2907,5.5479,5.812,6.0101,6.2221,6.3564
Ghana,Manure left on Pasture,Indirect emissions (N2O),kilotonnes,0.9298,0.9509,0.9746,1.0234,1.045,1.087,1.1114,1.1507,1.1912,1.242,1.285,1.3477,1.411,1.4767,1.5455,1.6195,1.7022,1.7883,1.8541,1.9242,1.9748
Ghana,Manure left on Pasture,Emissions (N2O),kilotonnes,4.0704,4.1571,4.2577,4.4412,4.5384,4.6827,4.7859,4.9437,5.1059,5.3234,5.4932,5.7613,6.0281,6.3037,6.5949,6.9102,7.2501,7.6004,7.8641,8.1463,8.3312
Ghana,Manure left on Pasture,Emissions (CO2eq) from N2O (AR5),kilotonnes,1078.6621,1101.6402,1128.2885,1176.9125,1202.6884,1240.9276,1268.2507,1310.073,1353.0604,1410.6981,1455.6981,1526.7353,1597.4523,1670.4748,1747.6472,1831.2002,1921.2716,2014.0932,2083.9924,2158.7748,2207.7692
Ghana,Manure left on Pasture,Emissions (CO2eq) (AR5),kilotonnes,1078.6621,1101.6402,1128.2885,1176.9125,1202.6884,1240.9276,1268.2507,1310.073,1353.0604,1410.6981,1455.6981,1526.7353,1597.4523,1670.4748,1747.6472,1831.2002,1921.2716,2014.0932,2083.9924,2158.7748,2207.7692
Ghana,Manure applied to Soils,Direct emissions (N2O),kilotonnes,0.1547,0.1548,0.1581,0.1613,0.1651,0.1639,0.2131,0.2219,0.2304,0.2402,0.2485,0.2659,0.2826,0.2994,0.3162,0.3349,0.3523,0.3672,0.3716,0.3769,0.3833
Ghana,Manure applied to Soils,Indirect emissions (N2O),kilotonnes,0.0657,0.0658,0.0672,0.0686,0.0702,0.0696,0.0906,0.0943,0.0979,0.1021,0.1056,0.113,0.1201,0.1272,0.1344,0.1423,0.1497,0.1561,0.1579,0.1602,0.1629
Ghana,Manure applied to Soils,Emissions (N2O),kilotonnes,0.2205,0.2206,0.2252,0.2299,0.2352,0.2335,0.3036,0.3162,0.3282,0.3423,0.3541,0.3789,0.4027,0.4266,0.4506,0.4773,0.5021,0.5233,0.5295,0.5371,0.5462
Ghana,Manure applied to Soils,Emissions (CO2eq) from N2O (AR5),kilotonnes,58.4208,58.4719,59.686,60.9293,62.3357,61.8819,80.4616,83.7975,86.9861,90.7119,93.8482,100.4133,106.7197,113.055,119.404,126.4743,133.044,138.6664,140.3098,142.3235,144.7544
Ghana,Manure applied to Soils,Emissions (CO2eq) (AR5),kilotonnes,58.4208,58.4719,59.686,60.9293,62.3357,61.8819,80.4616,83.7975,86.9861,90.7119,93.8482,100.4133,106.7197,113.055,119.404,126.4743,133.044,138.6664,140.3098,142.3235,144.7544
Ghana,Synthetic Fertilizers,Direct emissions (N2O),kilotonnes,0.1108,0.2227,0.068,0.1345,0.0896,0.1745,0.4741,0.4074,0.2887,0.3325,0.3903,0.1687,0.665,0.7125,0.5999,0.6741,0.6741,1.2886,1.0246,1.2021,1.804
Ghana,Synthetic Fertilizers,Indirect emissions (N2O),kilotonnes,0.036,0.0724,0.0221,0.0437,0.0291,0.0567,0.1541,0.1324,0.0938,0.1081,0.1268,0.0548,0.2161,0.2316,0.195,0.2191,0.2191,0.4188,0.333,0.3907,0.5863
Ghana,Synthetic Fertilizers,Emissions (N2O),kilotonnes,0.1467,0.295,0.0902,0.1782,0.1187,0.2312,0.6282,0.5398,0.3826,0.4406,0.5171,0.2236,0.8812,0.9441,0.7949,0.8932,0.8932,1.7074,1.3576,1.5928,2.3903
Ghana,Synthetic Fertilizers,Emissions (CO2eq) from N2O (AR5),kilotonnes,38.8886,78.18,23.8915,47.2258,31.4618,61.2738,166.4739,143.0403,101.3818,116.7541,137.0315,59.2488,233.5082,250.1881,210.6484,236.7084,236.7084,452.4496,359.7526,422.1024,633.4295
Ghana,Synthetic Fertilizers,Emissions (CO2eq) (AR5),kilotonnes,38.8886,78.18,23.8915,47.2258,31.4618,61.2738,166.4739,143.0403,101.3818,116.7541,137.0315,59.2488,233.5082,250.1881,210.6484,236.7084,236.7084,452.4496,359.7526,422.1024,633.4295
Ghana,Drained organic soils,Emissions (CO2eq) (AR5),kilotonnes,93.4158,94.7813,94.9088,94.6928,92.9722,92.8757,92.6517,91.9891,88.0035,84.2571,83.1748,83.1748,81.0113,76.9232,75.1943,75.1943,74.5605,74.9334,77.0332,76.9624,78.1937
Ghana,Drained organic soils (CO2),Emissions (CO2),kilotonnes,89.6643,90.9748,91.0978,90.8903,89.2424,89.1503,88.9352,88.3009,84.4758,80.8832,79.8439,79.8439,77.7672,73.8436,72.1838,72.1838,71.5753,71.9331,73.9469,73.8769,75.0591
Ghana,Drained organic soils (CO2),Emissions (CO2eq) (AR5),kilotonnes,89.6643,90.9748,91.0978,90.8903,89.2424,89.1503,88.9352,88.3009,84.4758,80.8832,79.8439,79.8439,77.7672,73.8436,72.1838,72.1838,71.5753,71.9331,73.9469,73.8769,75.0591
Ghana,Drained organic soils (N2O),Emissions (N2O),kilotonnes,0.0142,0.0144,0.0144,0.0143,0.0141,0.0141,0.014,0.0139,0.0133,0.0127,0.0126,0.0126,0.0122,0.0116,0.0114,0.0114,0.0113,0.0113,0.0116,0.0116,0.0118
Ghana,Drained organic soils (N2O),Emissions (CO2eq) from N2O (AR5),kilotonnes,3.7515,3.8065,3.8109,3.8025,3.7298,3.7254,3.7165,3.6882,3.5277,3.3739,3.3309,3.3309,3.244,3.0796,3.0105,3.0105,2.9852,3.0003,3.0863,3.0854,3.1346
Ghana,Drained organic soils (N2O),Emissions (CO2eq) (AR5),kilotonnes,3.7515,3.8065,3.8109,3.8025,3.7298,3.7254,3.7165,3.6882,3.5277,3.3739,3.3309,3.3309,3.244,3.0796,3.0105,3.0105,2.9852,3.0003,3.0863,3.0854,3.1346
Ghana,On-farm energy use,Emissions (CH4),kilotonnes,0.1376,0.1364,0.1396,0.1043,0.1229,0.1164,0.1145,0.1255,0.1263,0.1575,0.1621,0.2958,0.3656,0.3524,0.3576,0.3279,0.3437,0.3908,0.3829,0.3879,0.3879
Ghana,On-farm energy use,Emissions (N2O),kilotonnes,0.1701,0.1713,0.18,0.0357,0.0399,0.0409,0.0433,0.0448,0.0424,0.0591,0.0592,0.0443,0.052,0.0643,0.0634,0.068,0.0619,0.0552,0.0536,0.0517,0.0517
Ghana,On-farm energy use,Emissions (CO2),kilotonnes,574.172,566.3618,606.583,221.843,251.4476,252.9626,270.4937,285.5115,294.3432,410.4509,387.7304,480.6875,584.0533,596.6439,589.3155,592.3285,591.5816,609.8339,610.1437,614.4705,614.4705
Ghana,On-farm energy use,Emissions (CO2eq) from CH4 (AR5),kilotonnes,3.8526,3.8178,3.9093,2.9214,3.4421,3.2589,3.2061,3.5133,3.5366,4.4101,4.5392,8.2831,10.2368,9.8677,10.0136,9.1801,9.6241,10.9433,10.7206,10.8624,10.8624
Ghana,On-farm energy use,Emissions (CO2eq) from N2O (AR5),kilotonnes,45.0869,45.3902,47.6985,9.4666,10.5625,10.8438,11.4838,11.8797,11.2337,15.6523,15.681,11.7298,13.7771,17.0382,16.8086,18.0305,16.4146,14.6154,14.2091,13.6893,13.6893
Ghana,On-farm energy use,Emissions (CO2eq) (AR5),kilotonnes,623.1115,615.5698,658.1908,234.231,265.4522,267.0653,285.1836,300.9045,309.1135,430.5133,407.9506,500.7005,608.0672,623.5498,616.1378,619.5392,617.6202,635.3926,635.0734,639.0222,639.0222
Ghana,Forestland,Emissions (CO2),kilotonnes,-13821.5288,20470.3743,20470.3743,20470.3743,20470.3743,20470.3743,20470.3743,20470.3743,20470.3743,20470.3743,20470.3743,25104.2496,25104.2496,25104.2496,25104.2496,25104.2496,-25023.2323,-25023.2323,-25023.2323,-25023.2323,-25023.2323
Ghana,Forestland,Emissions (CO2),kilotonnes,,,,,,,,,,,,,,,,,-4668.07,,,,
Ghana,Forestland,Emissions (CO2eq) (AR5),kilotonnes,-13821.5288,20470.3743,20470.3743,20470.3743,20470.3743,20470.3743,20470.3743,20470.3743,20470.3743,20470.3743,20470.3743,25104.2496,25104.2496,25104.2496,25104.2496,25104.2496,-25023.2323,-25023.2323,-25023.2323,-25023.2323,-25023.2323
Ghana,Forestland,Emissions (CO2eq) (AR5),kilotonnes,,,,,,,,,,,,,,,,,-4668.07,,,,
Ghana,Net Forest conversion,Emissions (CO2),kilotonnes,23593.3071,25273.7074,25273.7074,25273.7074,25273.7074,25273.7074,25273.7074,25273.7074,25273.7074,25273.7074,25273.7074,4204.0627,4204.0627,4204.0627,4204.0627,4204.0627,0,0,0,0,0
Ghana,Net Forest conversion,Emissions (CO2),kilotonnes,,,,,,,,,,,,,,,,,21406.82,,,,
Ghana,Net Forest conversion,Emissions (CO2eq) (AR5),kilotonnes,23593.3071,25273.7074,25273.7074,25273.7074,25273.7074,25273.7074,25273.7074,25273.7074,25273.7074,25273.7074,25273.7074,4204.0627,4204.0627,4204.0627,4204.0627,4204.0627,0,0,0,0,0
Ghana,Net Forest conversion,Emissions (CO2eq) (AR5),kilotonnes,,,,,,,,,,,,,,,,,21406.82,,,,
Ghana,Savanna fires,Emissions (CH4),kilotonnes,95.9344,70.5968,67.4458,77.9637,60.7264,92.9476,80.735,70.955,69.832,59.222,64.3127,78.6022,62.178,70.9012,63.9395,67.8355,64.5225,62.3531,55.6371,51.621,72.0095
Ghana,Savanna fires,Emissions (N2O),kilotonnes,8.7592,6.4458,6.1581,7.1184,5.5446,8.4865,7.3715,6.4785,6.376,5.4072,5.872,7.1767,5.6771,6.4736,5.838,6.1937,5.8912,5.6931,5.0799,4.7132,6.5748
Ghana,Savanna fires,Emissions (CO2eq) from CH4 (AR5),kilotonnes,2686.1619,1976.7109,1888.4833,2182.9846,1700.3394,2602.5318,2260.5794,1986.7394,1955.2967,1658.2174,1800.7568,2200.8623,1740.9845,1985.233,1790.306,1899.3953,1806.6314,1745.8871,1557.8375,1445.3869,2016.2661
Ghana,Savanna fires,Emissions (CO2eq) from N2O (AR5),kilotonnes,2321.1944,1708.136,1631.8959,1886.3834,1469.315,2248.9269,1953.4354,1716.802,1689.6314,1432.9161,1556.0888,1901.8321,1504.4377,1715.5002,1547.0579,1641.3253,1561.1651,1508.6742,1346.1748,1249.0028,1742.3169
Ghana,Savanna fires,Emissions (CO2eq) (AR5),kilotonnes,5007.3563,3684.8469,3520.3792,4069.368,3169.6544,4851.4587,4214.0148,3703.5414,3644.9281,3091.1335,3356.8456,4102.6943,3245.4222,3700.7332,3337.364,3540.7205,3367.7965,3254.5613,2904.0124,2694.3897,3758.583
Ghana,Fires in organic soils,Emissions (CH4),kilotonnes,0,0,0,0,0,0,0,0,0,0,0,0,0,0,0,0,0,0,0,0,0
Ghana,Fires in organic soils,Emissions (CO2),kilotonnes,0,0,0,0,0,0,0,0,0,0,0,0,0,0,0,0,0,0,0,0,0
Ghana,Fires in organic soils,Emissions (CO2eq) from CH4 (AR5),kilotonnes,0,0,0,0,0,0,0,0,0,0,0,0,0,0,0,0,0,0,0,0,0
Ghana,Fires in organic soils,Emissions (CO2eq) (AR5),kilotonnes,0,0,0,0,0,0,0,0,0,0,0,0,0,0,0,0,0,0,0,0,0
Ghana,Forest fires,Emissions (CH4),kilotonnes,26.0767,0.383,0.3697,0.3775,0.4495,0.5878,1.2898,1.2899,0.4867,0.0824,0.1755,0.3697,0.5232,0.3271,0.1436,0.3537,1.9867,0.7181,0.7766,1.8086,5.5772
Ghana,Forest fires,Emissions (N2O),kilotonnes,0.767,0.035,0.0338,0.0345,0.041,0.0537,0.1178,0.1178,0.0444,0.0075,0.016,0.0338,0.0478,0.0299,0.0131,0.0323,0.1814,0.0656,0.0709,0.1651,0.5092
Ghana,Forest fires,Emissions (CO2eq) from CH4 (AR5),kilotonnes,730.1464,10.7238,10.3517,10.5695,12.5851,16.4578,36.1131,36.1166,13.628,2.3086,4.9152,10.3519,14.6504,9.1594,4.0214,9.9045,55.6278,20.1076,21.7453,50.6412,156.1619
Ghana,Forest fires,Emissions (CO2eq) from N2O (AR5),kilotonnes,203.2444,9.2667,8.9452,9.1334,10.8752,14.2217,31.2064,31.2095,11.7764,1.9949,4.2474,8.9454,12.6598,7.9149,3.475,8.5587,48.0697,17.3756,18.7908,43.7606,134.9442
Ghana,Forest fires,Emissions (CO2eq) (AR5),kilotonnes,933.3908,19.9905,19.2969,19.703,23.4603,30.6794,67.3195,67.3261,25.4044,4.3035,9.1626,19.2974,27.3102,17.0743,7.4963,18.4632,103.6975,37.4832,40.5362,94.4018,291.1061
Ghana,Fires in humid tropical forests,Emissions (CH4),kilotonnes,25.6803,0.383,0.3697,0.375,0.4495,0.5878,1.2873,1.2899,0.4867,0.0824,0.1755,0.3697,0.5133,0.3271,0.1436,0.3537,1.9867,0.7181,0.7766,1.8086,5.5772
Ghana,Fires in humid tropical forests,Emissions (N2O),kilotonnes,0.7553,0.035,0.0338,0.0342,0.041,0.0537,0.1175,0.1178,0.0444,0.0075,0.016,0.0338,0.0469,0.0299,0.0131,0.0323,0.1814,0.0656,0.0709,0.1651,0.5092
Ghana,Fires in humid tropical forests,Emissions (CO2eq) from CH4 (AR5),kilotonnes,719.0478,10.7238,10.3517,10.5001,12.5851,16.4578,36.0437,36.1166,13.628,2.3086,4.9152,10.3519,14.3729,9.1594,4.0214,9.9045,55.6278,20.1076,21.7453,50.6412,156.1619
Ghana,Fires in humid tropical forests,Emissions (CO2eq) from N2O (AR5),kilotonnes,200.155,9.2667,8.9452,9.0735,10.8752,14.2217,31.1465,31.2095,11.7764,1.9949,4.2474,8.9454,12.42,7.9149,3.475,8.5587,48.0697,17.3756,18.7908,43.7606,134.9442
Ghana,Fires in humid tropical forests,Emissions (CO2eq) (AR5),kilotonnes,919.2028,19.9905,19.2969,19.5736,23.4603,30.6794,67.1902,67.3261,25.4044,4.3035,9.1626,19.2974,26.7929,17.0743,7.4963,18.4632,103.6975,37.4832,40.5362,94.4018,291.1061
Ghana,Waste - agri-food systems,Emissions (CH4),kilotonnes,131.153,131.7605,132.4851,133.4245,134.4549,135.6415,137.4818,139.2638,140.9938,142.3121,143.7613,145.3069,146.7071,148.4913,149.6221,150.7045,151.8586,153.0025,154.2083,155.2981,156.344
Ghana,Waste - agri-food systems,Emissions (N2O),kilotonnes,0.347,0.3661,0.3878,0.3997,0.4312,0.4452,0.4753,0.475,0.5188,0.5376,0.5585,0.5905,0.5978,0.5933,0.5814,0.5817,0.5902,0.6304,0.6442,0.6578,0.6714
Ghana,Waste - agri-food systems,Emissions (CO2),kilotonnes,0,0,0,0,0,0,0,0,0,0,0,0,0,0,0,0,0,0,0,0,0
Ghana,Waste - agri-food systems,Emissions (CO2eq) from CH4 (AR5),kilotonnes,3672.2833,3689.2942,3709.5825,3735.8873,3764.7361,3797.9621,3849.4902,3899.3855,3947.8267,3984.7391,4025.316,4068.5925,4107.798,4157.757,4189.4177,4219.726,4252.0407,4284.0711,4317.8322,4348.3478,4377.6329
Ghana,Waste - agri-food systems,Emissions (CO2eq) from N2O (AR5),kilotonnes,91.9445,97.0224,102.7708,105.9263,114.2663,117.9758,125.9569,125.8805,137.4923,142.4612,147.9945,156.4768,158.4046,157.2329,154.0837,154.1509,156.3959,167.0645,170.7088,174.3062,177.9279
Ghana,Waste - agri-food systems,Emissions (CO2eq) (AR5),kilotonnes,3764.2277,3786.3167,3812.3534,3841.8136,3879.0023,3915.9379,3975.4471,4025.266,4085.3189,4127.2004,4173.3105,4225.0693,4266.2026,4314.9898,4343.5015,4373.8769,4408.4366,4451.1356,4488.5409,4522.654,4555.5608
Ghana,On-farm electricity use,Emissions (CH4),kilotonnes,0.0036,0.0036,0.0048,0.0048,0.0045,0.0042,0.0039,0.0036,0.0033,0.003,0.0027,0.0024,0.0036,0.0024,0.0024,0.0024,0.0036,0.0048,0.0048,0.0053,0.0053
Ghana,On-farm electricity use,Emissions (N2O),kilotonnes,0.0001,0,0,0,0,0,0.0001,0,0,0,0,0,0,0,0,0,0.0001,0,0,0,0
Ghana,On-farm electricity use,Emissions (CO2),kilotonnes,0.1966,0.326,1.0245,1.1111,1.0416,0.9722,0.9028,0.8333,0.7639,0.6945,0.625,0.4309,0.7484,0.4951,0.4951,0.4951,0.7426,0.9902,0.9902,1.0893,1.0893
Ghana,On-farm electricity use,Emissions (CO2eq) from CH4 (AR5),kilotonnes,0.1008,0.1008,0.1344,0.1344,0.126,0.1176,0.1092,0.1008,0.0924,0.084,0.0756,0.0672,0.1008,0.0672,0.0672,0.0672,0.1008,0.1344,0.1344,0.1484,0.1484
Ghana,On-farm electricity use,Emissions (CO2eq) from N2O (AR5),kilotonnes,0.0265,0,0,0,0,0,0.0265,0,0,0,0,0,0,0,0,0,0.0265,0,0,0,0
Ghana,On-farm electricity use,Emissions (CO2eq) (AR5),kilotonnes,0.3239,0.4268,1.1589,1.2455,1.1676,1.0898,1.0385,0.9341,0.8563,0.7785,0.7006,0.4981,0.8492,0.5623,0.5623,0.5623,0.8699,1.1246,1.1246,1.2377,1.2377
Ghana,Food Processing,Emissions (CH4),kilotonnes,0.0456,4.9935,4.4854,0.0325,0.0206,0.0303,0.2228,0.0969,0.0914,0.1186,0.1088,0.182,0.2185,0.3478,0.3781,0.4713,0.4849,0.3645,0.4298,0.3574,0.3753
Ghana,Food Processing,Emissions (N2O),kilotonnes,0.0003,0.0244,0.0191,0.0002,0.0001,0.0002,0.0015,0.0008,0.0007,0.0012,0.001,0.0011,0.0013,0.0021,0.002,0.0023,0.0024,0.0017,0.0016,0.0016,0.0016
Ghana,Food Processing,Emissions (CO2),kilotonnes,18.1773,946.0325,950.2549,11.1164,8.0264,24.4633,145.7195,84.8808,87.776,238.2194,237.113,294.4745,287.8316,463.0793,456.6839,497.7862,506.2431,364.8238,347.973,346.5145,352.6295
Ghana,Food Processing,Emissions (CO2eq) from CH4 (AR5),kilotonnes,1.2768,139.818,125.5912,0.91,0.5768,0.8484,6.2384,2.7132,2.5592,3.3208,3.0464,5.096,6.118,9.7384,10.5868,13.1964,13.5772,10.206,12.0344,10.0072,10.5095
Ghana,Food Processing,Emissions (CO2eq) from N2O (AR5),kilotonnes,0.0795,6.466,5.0615,0.053,0.0265,0.053,0.3975,0.212,0.1855,0.318,0.265,0.2915,0.3445,0.5565,0.53,0.6095,0.636,0.4505,0.424,0.424,0.432
Ghana,Food Processing,Emissions (CO2eq) (AR5),kilotonnes,19.5336,1092.3165,1080.9076,12.0794,8.6297,25.3647,152.3554,87.806,90.5207,241.8582,240.4244,299.862,294.2941,473.3742,467.8007,511.5921,520.4563,375.4803,360.4314,356.9457,363.5709
Ghana,Food Packaging,Emissions (CH4),kilotonnes,0.0316,0.0497,0.0519,0.1497,0.2108,0.2116,0.2269,0.2484,0.2378,0.2463,0.3343,0.5898,0.5624,0.7052,0.8618,0.9501,1.0017,1.3472,1.4606,0.9758,1.0248
Ghana,Food Packaging,Emissions (N2O),kilotonnes,0.0003,0.0003,0.0003,0.0005,0.0007,0.0006,0.0006,0.0006,0.0006,0.0007,0.0008,0.0011,0.0012,0.0012,0.0015,0.0015,0.0018,0.0017,0.0018,0.0016,0.0016
Ghana,Food Packaging,Emissions (CO2),kilotonnes,13.6737,17.8979,20.1111,37.0268,44.5138,44.6493,64.4445,70.1033,68.2776,55.6305,77.3926,74.2419,78.7922,62.9928,124.0193,132.2863,115.1087,97.5372,118.745,115.1924,117.2252
Ghana,Food Packaging,Emissions (CO2eq) from CH4 (AR5),kilotonnes,0.8848,1.3916,1.4532,4.1916,5.9024,5.9248,6.3532,6.9552,6.6584,6.8964,9.3604,16.5144,15.7472,19.7456,24.1304,26.6028,28.0476,37.7216,40.8968,27.3224,28.6938
Ghana,Food Packaging,Emissions (CO2eq) from N2O (AR5),kilotonnes,0.0795,0.0795,0.0795,0.1325,0.1855,0.159,0.159,0.159,0.159,0.1855,0.212,0.2915,0.318,0.318,0.3975,0.3975,0.477,0.4505,0.477,0.424,0.432
Ghana,Food Packaging,Emissions (CO2eq) (AR5),kilotonnes,14.638,19.369,21.6438,41.3509,50.6017,50.7331,70.9567,77.2175,75.095,62.7124,86.965,91.0478,94.8574,83.0564,148.5472,159.2866,143.6333,135.7093,160.1188,142.9388,146.351
Ghana,Food Retail,Emissions (CH4),kilotonnes,0.0769,0.1035,0.0832,0.0837,0.0891,0.1257,0.1415,0.1348,0.1559,0.1487,0.2051,0.2705,0.3117,0.3519,0.3615,0.3552,0.4324,0.4749,0.4466,0.4099,0.4305
Ghana,Food Retail,Emissions (N2O),kilotonnes,0.0004,0.0005,0.0004,0.0004,0.0004,0.0006,0.0007,0.0006,0.0007,0.0007,0.001,0.0013,0.0014,0.0011,0.0011,0.0011,0.0013,0.0014,0.0014,0.0014,0.0014
Ghana,Food Retail,Emissions (CO2),kilotonnes,7.6278,13.6729,20.6974,22.2914,23.9537,32.8492,37.3404,36.2028,42.7583,46.1233,56.6597,51.4811,68.751,77.9236,80.1583,78.3203,94.6038,104.1241,98.5594,93.1351,94.7787
Ghana,Food Retail,Emissions (CO2eq) from F-gases (AR5),kilotonnes,2.5975,3.117,4.156,5.7145,7.273,8.312,9.351,10.9095,10.9095,10.9095,10.9095,10.9095,10.9095,10.9095,10.9095,10.9095,11.9485,12.468,12.468,12.9875,13.5612
Ghana,Food Retail,Emissions (CO2eq) from CH4 (AR5),kilotonnes,2.1532,2.898,2.3296,2.3436,2.4948,3.5196,3.962,3.7744,4.3652,4.1636,5.7428,7.574,8.7276,9.8532,10.122,9.9456,12.1072,13.2972,12.5048,11.4772,12.0533
Ghana,Food Retail,Emissions (CO2eq) from N2O (AR5),kilotonnes,0.106,0.1325,0.106,0.106,0.106,0.159,0.1855,0.159,0.1855,0.1855,0.265,0.3445,0.371,0.2915,0.2915,0.2915,0.3445,0.371,0.371,0.371,0.378
Ghana,Food Retail,Emissions (CO2eq) (AR5),kilotonnes,12.4845,19.8204,27.289,30.4555,33.8275,44.8398,50.8389,51.0457,58.2185,61.3819,73.577,70.3091,88.7591,98.9778,101.4813,99.4669,119.004,130.2603,123.9032,117.9708,120.7711
Ghana,Food Household Consumption,Emissions (CH4),kilotonnes,1.0364,1.3961,1.0786,1.2294,1.3111,1.2941,1.3734,1.3652,1.4723,1.5839,1.6191,2.8555,3.1454,3.3737,3.3834,3.207,3.7535,3.977,4.1346,4.1346,4.3421
Ghana,Food Household Consumption,Emissions (N2O),kilotonnes,0.0056,0.0077,0.0058,0.0065,0.0069,0.0068,0.0073,0.0071,0.0074,0.0084,0.0084,0.0142,0.0147,0.0108,0.0106,0.0101,0.0118,0.0124,0.0129,0.0129,0.0131
Ghana,Food Household Consumption,Emissions (CO2),kilotonnes,211.1231,329.2517,381.1291,445.8261,480.4278,476.9362,529.229,517.4031,531.3361,712.6384,666.2375,794.0396,955.9379,957.9708,922.6938,916.6225,1035.0348,1076.0623,1116.3538,1116.3538,1136.0542
Ghana,Food Household Consumption,Emissions (CO2eq) from CH4 (AR5),kilotonnes,29.0192,39.0908,30.2008,34.4232,36.7108,36.2348,38.4552,38.2256,41.2244,44.3492,45.3348,79.954,88.0712,94.4636,94.7352,89.796,105.098,111.356,115.7688,115.7688,121.5796
Ghana,Food Household Consumption,Emissions (CO2eq) from N2O (AR5),kilotonnes,1.484,2.0405,1.537,1.7225,1.8285,1.802,1.9345,1.8815,1.961,2.226,2.226,3.763,3.8955,2.862,2.809,2.6765,3.127,3.286,3.4185,3.4185,3.4827
Ghana,Food Household Consumption,Emissions (CO2eq) (AR5),kilotonnes,241.6263,370.383,412.8669,481.9718,518.9671,514.973,569.6187,557.5102,574.5215,759.2136,713.7983,877.7566,1047.9046,1055.2964,1020.238,1009.095,1143.2598,1190.7043,1235.5411,1235.5411,1261.1164
Ghana,Food Transport,Emissions (CH4),kilotonnes,0.0814,0.0828,0.0897,0.0772,0.0918,0.0869,0.0839,0.0892,0.0888,0.1151,0.1206,0.132,0.1611,0.1744,0.1777,0.188,0.1734,0.1721,0.1856,0.1767,0.1856
Ghana,Food Transport,Emissions (N2O),kilotonnes,0.0123,0.0122,0.0142,0.0132,0.0154,0.0151,0.0152,0.0162,0.0158,0.0214,0.0219,0.0244,0.0291,0.0307,0.0311,0.0336,0.031,0.03,0.0323,0.0329,0.0335
Ghana,Food Transport,Emissions (CO2),kilotonnes,322.5635,321.821,373.327,346.595,401.43,395.715,400.645,422.22,410.97,554.045,565.045,627.56,748.773,793.2175,798.6855,865.4555,799.4025,775.2005,834.326,840.5877,855.4216
Ghana,Food Transport,Emissions (CO2eq) from CH4 (AR5),kilotonnes,2.2792,2.3184,2.5116,2.1616,2.5704,2.4332,2.3492,2.4976,2.4864,3.2228,3.3768,3.696,4.5108,4.8832,4.9756,5.264,4.8552,4.8188,5.1968,4.9476,5.1959
Ghana,Food Transport,Emissions (CO2eq) from N2O (AR5),kilotonnes,3.2595,3.233,3.763,3.498,4.081,4.0015,4.028,4.293,4.187,5.671,5.8035,6.466,7.7115,8.1355,8.2415,8.904,8.215,7.95,8.5595,8.7185,8.8822
Ghana,Food Transport,Emissions (CO2eq) (AR5),kilotonnes,328.1022,327.3724,379.6016,352.2546,408.0814,402.1497,407.0222,429.0106,417.6434,562.9388,574.2253,637.722,760.9953,806.2362,811.9026,879.6235,812.4727,787.9693,848.0823,854.2538,869.4997
Ghana,Energy,Emissions (CH4),kilotonnes,95.7,95.4,97.1,97.1,104,100,107,108,97.5,97.7,95.2,160,165,190,199,207,193,259,279,259,272
Ghana,Energy,Emissions (N2O),kilotonnes,0.841,0.807,0.67,0.634,0.623,0.603,0.598,0.597,0.556,0.609,0.612,0.651,0.708,0.743,0.751,0.772,0.751,0.75,0.778,0.799,0.814
Ghana,Energy,Emissions (CO2),kilotonnes,5320,5970,6490,6700,6460,6120,8530,8990,8330,6880,8960,10600,12600,12600,13300,14900,15300,12900,16600,17000,17300
Ghana,Energy,Emissions (CO2eq) from CH4 (AR5),kilotonnes,2679.6,2671.2,2718.8,2718.8,2912,2800,2996,3024,2730,2735.6,2665.6,4480,4620,5320,5572,5796,5404,7252,7812,7252,7616
Ghana,Energy,Emissions (CO2eq) from N2O (AR5),kilotonnes,222.865,213.855,177.55,168.01,165.095,159.795,158.47,158.205,147.34,161.385,162.18,172.515,187.62,196.895,199.015,204.58,199.015,198.75,206.17,211.735,215.71
Ghana,Energy,Emissions (CO2eq) (AR5),kilotonnes,8222.465,8855.055,9386.35,9586.81,9537.095,9079.795,11684.47,12172.205,11207.34,9776.985,11787.78,15252.515,17407.62,18116.895,19071.015,20900.58,20903.015,20350.75,24618.17,24463.735,25131.71
Ghana,IPPU,Emissions (N2O),kilotonnes,0.0002,0.0002,0.0002,0.0002,0.0002,0.0002,0.0002,0.0003,0.0003,0.0003,0.0003,0.0003,0.0003,0.0003,0.0003,0.0003,0.0003,0.0003,0.0003,0.0003,0.0003
Ghana,IPPU,Emissions (CO2),kilotonnes,1150,1140,1090,906,880,863,959,854,847,836,955,1160,1970,1970,1960,1690,1880,1740,2170,2560,2560
Ghana,IPPU,Emissions (CO2eq) from F-gases (AR5),kilotonnes,167.1418,133.1304,74.4364,13.0215,6.7828,16.617,14.5763,11.1752,12.5356,13.7989,15.0622,15.2565,16.4227,17.4916,18.5605,19.7266,20.7955,21.9617,23.0306,24.1967,25.2656
Ghana,IPPU,Emissions (CO2eq) from N2O (AR5),kilotonnes,0.0551,0.0567,0.058,0.0596,0.0612,0.0628,0.0644,0.0663,0.0678,0.0697,0.0716,0.0731,0.075,0.0769,0.0787,0.0803,0.0822,0.084,0.0859,0.0875,0.0893
Ghana,IPPU,Emissions (CO2eq) (AR5),kilotonnes,1317.1969,1273.1871,1164.4944,919.0811,886.8441,879.6798,973.6407,865.2414,859.6035,849.8686,970.1337,1175.3297,1986.4976,1987.5684,1978.6392,1709.8069,1900.8777,1762.0457,2193.1164,2584.2841,2585.3549
Ghana,Waste,Emissions (CH4),kilotonnes,99.7,103,105,108,112,115,118,123,126,130,134,138,142,147,150,154,157,161,166,169,173
Ghana,Waste,Emissions (N2O),kilotonnes,0.626,0.642,0.659,0.693,0.738,0.775,0.823,0.85,0.897,0.935,0.99,1.04,1.07,1.09,1.08,1.07,1.07,1.1,1.14,1.2,1.23
Ghana,Waste,Emissions (CO2eq) from CH4 (AR5),kilotonnes,2791.6,2884,2940,3024,3136,3220,3304,3444,3528,3640,3752,3864,3976,4116,4200,4312,4396,4508,4648,4732,4844
Ghana,Waste,Emissions (CO2eq) from N2O (AR5),kilotonnes,165.89,170.13,174.635,183.645,195.57,205.375,218.095,225.25,237.705,247.775,262.35,275.6,283.55,288.85,286.2,283.55,283.55,291.5,302.1,318,325.95
Ghana,Waste,Emissions (CO2eq) (AR5),kilotonnes,2957.49,3054.13,3114.635,3207.645,3331.57,3425.375,3522.095,3669.25,3765.705,3887.775,4014.35,4139.6,4259.55,4404.85,4486.2,4595.55,4679.55,4799.5,4950.1,5050,5169.95
Ghana,Other,Emissions (N2O),kilotonnes,0.586,0.592,0.644,0.615,0.585,0.599,0.653,0.673,0.6,0.669,0.701,0.709,0.818,0.885,0.874,0.875,0.861,0.866,0.918,0.957,0.982
Ghana,Other,Emissions (CO2eq) from N2O (AR5),kilotonnes,155.29,156.88,170.66,162.975,155.025,158.735,173.045,178.345,159,177.285,185.765,187.885,216.77,234.525,231.61,231.875,228.165,229.49,243.27,253.605,260.23
Ghana,Other,Emissions (CO2eq) (AR5),kilotonnes,155.29,156.88,170.66,162.975,155.025,158.735,173.045,178.345,159,177.285,185.765,187.885,216.77,234.525,231.61,231.875,228.165,229.49,243.27,253.605,260.23
Ghana,Farm-gate emissions,Emissions (CH4),kilotonnes,183.1072,160.4902,158.5522,170.989,155.0456,190.0383,179.3515,170.6702,173.6999,168.805,177.4304,197.235,184.4763,199.0151,197.1731,206.6878,210.2287,215.8818,214.01,217.7971,241.0273
Ghana,Farm-gate emissions,Direct emissions (N2O),kilotonnes,3.7456,3.9423,3.9586,4.1419,4.1378,4.3423,4.7745,4.7766,4.9155,5.2015,5.437,5.4114,6.1555,6.4115,6.5458,6.871,7.1443,8.0964,8.1157,8.6468,9.4206
Ghana,Farm-gate emissions,Indirect emissions (N2O),kilotonnes,1.1079,1.1697,1.1651,1.232,1.232,1.3052,1.449,1.4571,1.4913,1.5753,1.6502,1.6423,1.8801,1.9643,2.0054,2.1095,2.1992,2.5046,2.5046,2.6654,2.9213
Ghana,Farm-gate emissions,Emissions (N2O),kilotonnes,14.0414,11.986,11.7353,12.7902,11.2131,14.4309,13.9831,13.1099,13.1915,12.6278,13.4158,14.6936,14.2038,15.3723,14.9347,15.7404,15.8199,16.902,16.3142,16.6562,19.5531
Ghana,Farm-gate emissions,Emissions (CO2),kilotonnes,663.8363,657.3366,697.6809,312.7332,340.69,342.1128,359.4288,373.8124,378.819,491.3341,467.5743,560.5314,661.8205,670.4875,661.4993,664.5124,663.1568,681.767,684.0906,688.3475,689.5296
Ghana,Farm-gate emissions,Emissions (CO2eq) from CH4 (AR5),kilotonnes,5127.002,4493.7244,4439.463,4787.6913,4341.2779,5321.0731,5021.8414,4778.7663,4863.5972,4726.5409,4968.0516,5522.5806,5165.3353,5572.4215,5520.8473,5787.2593,5886.4048,6044.6896,5992.2813,6098.3182,6748.7634
Ghana,Farm-gate emissions,Emissions (CO2eq) from N2O (AR5),kilotonnes,3720.9726,3176.2782,3109.8485,3389.3942,2971.4814,3824.1888,3705.523,3474.1276,3495.7564,3346.3603,3555.1842,3893.8157,3764.0063,4073.6677,3957.6971,4171.2042,4192.2811,4479.0238,4323.2511,4413.8979,5181.5725
Ghana,Farm-gate emissions,Emissions (CO2eq) (AR5),kilotonnes,9511.8109,8327.3391,8246.9924,8489.8187,7653.4493,9487.3747,9086.7933,8626.7063,8738.1726,8564.2353,8990.81,9976.9277,9591.1621,10316.5767,10140.0437,10622.9758,10741.8428,11205.4804,10999.6229,11200.5636,12619.8655
Ghana,Land Use change,Emissions (CH4),kilotonnes,25.6803,0.383,0.3697,0.375,0.4495,0.5878,1.2873,1.2899,0.4867,0.0824,0.1755,0.3697,0.5133,0.3271,0.1436,0.3537,1.9867,0.7181,0.7766,1.8086,5.5772
Ghana,Land Use change,Emissions (N2O),kilotonnes,0.7553,0.035,0.0338,0.0342,0.041,0.0537,0.1175,0.1178,0.0444,0.0075,0.016,0.0338,0.0469,0.0299,0.0131,0.0323,0.1814,0.0656,0.0709,0.1651,0.5092
Ghana,Land Use change,Emissions (CO2),kilotonnes,23593.3071,25273.7074,25273.7074,25273.7074,25273.7074,25273.7074,25273.7074,25273.7074,25273.7074,25273.7074,25273.7074,4204.0627,4204.0627,4204.0627,4204.0627,4204.0627,0,0,0,0,0
Ghana,Land Use change,Emissions (CO2eq) from CH4 (AR5),kilotonnes,719.0478,10.7238,10.3517,10.5001,12.5851,16.4578,36.0437,36.1166,13.628,2.3086,4.9152,10.3519,14.3729,9.1594,4.0214,9.9045,55.6278,20.1076,21.7453,50.6412,156.1619
Ghana,Land Use change,Emissions (CO2eq) from N2O (AR5),kilotonnes,200.155,9.2667,8.9452,9.0735,10.8752,14.2217,31.1465,31.2095,11.7764,1.9949,4.2474,8.9454,12.42,7.9149,3.475,8.5587,48.0697,17.3756,18.7908,43.7606,134.9442
Ghana,Land Use change,Emissions (CO2eq) (AR5),kilotonnes,24512.5099,25293.6979,25293.0042,25293.281,25297.1676,25304.3868,25340.8976,25341.0334,25299.1117,25278.0109,25282.87,4223.3601,4230.8556,4221.137,4211.559,4222.5259,103.6975,37.4832,40.5362,94.4018,291.1061
Ghana,Emissions on agricultural land,Emissions (CH4),kilotonnes,208.7875,160.8731,158.922,171.364,155.4951,190.6261,180.6388,171.9601,174.1866,168.8875,177.606,197.6047,184.9896,199.3422,197.3167,207.0416,212.2155,216.5999,214.7867,219.6057,246.6045
Ghana,Emissions on agricultural land,Emissions (N2O),kilotonnes,14.7967,12.0209,11.769,12.8244,11.2542,14.4846,14.1006,13.2277,13.236,12.6353,13.4318,14.7274,14.2507,15.4022,14.9478,15.7727,16.0013,16.9675,16.3851,16.8214,20.0623
Ghana,Emissions on agricultural land,Emissions (CO2),kilotonnes,24257.1434,25931.044,25971.3882,25586.4406,25614.3973,25615.8202,25633.1362,25647.5198,25652.5263,25765.0415,25741.2817,4764.5941,4865.8833,4874.5502,4865.5621,4868.5751,663.1568,681.767,684.0906,688.3475,689.5296
Ghana,Emissions on agricultural land,Emissions (CO2eq) from CH4 (AR5),kilotonnes,5846.0498,4504.4481,4449.8146,4798.1914,4353.863,5337.5309,5057.8852,4814.8829,4877.2252,4728.8495,4972.9668,5532.9325,5179.7082,5581.5809,5524.8687,5797.1638,5942.0327,6064.7972,6014.0267,6148.9594,6904.9253
Ghana,Emissions on agricultural land,Emissions (CO2eq) from N2O (AR5),kilotonnes,3921.1276,3185.5449,3118.7937,3398.4677,2982.3566,3838.4104,3736.6695,3505.337,3507.5328,3348.3552,3559.4316,3902.7611,3776.4263,4081.5826,3961.172,4179.7629,4240.3508,4496.3994,4342.0419,4457.6585,5316.5167
Ghana,Emissions on agricultural land,Emissions (CO2eq) (AR5),kilotonnes,34024.3208,33621.037,33539.9966,33783.0997,32950.6169,34791.7615,34427.6908,33967.7397,34037.2844,33842.2462,34273.68,14200.2878,13822.0178,14537.7137,14351.6028,14845.5018,10845.5403,11242.9636,11040.1591,11294.9655,12910.9716
Ghana,Pre- and post- production,Emissions (CH4),kilotonnes,132.4285,138.3897,138.2787,135.0018,136.1828,137.3943,139.5342,141.2019,143.0433,144.5277,146.1519,149.3391,151.1098,153.4467,154.787,155.8785,157.7081,159.343,160.8703,161.3578,162.7076
Ghana,Pre- and post- production,Emissions (N2O),kilotonnes,0.366,0.4112,0.4276,0.4205,0.4547,0.4685,0.5007,0.5003,0.544,0.57,0.5916,0.6326,0.6455,0.6392,0.6277,0.6303,0.6386,0.6776,0.6942,0.7082,0.7228
Ghana,Pre- and post- production,Emissions (CO2),kilotonnes,573.362,1629.002,1746.544,863.9668,959.3933,975.5852,1178.2812,1131.6433,1141.8819,1607.3511,1603.0728,1842.228,2140.8341,2355.6791,2382.7359,2490.9659,2551.1355,2418.7381,2516.9474,2512.8728,2557.1984
Ghana,Pre- and post- production,Emissions (CO2eq) from F-gases (AR5),kilotonnes,2.5975,3.117,4.156,5.7145,7.273,8.312,9.351,10.9095,10.9095,10.9095,10.9095,10.9095,10.9095,10.9095,10.9095,10.9095,11.9485,12.468,12.468,12.9875,13.5612
Ghana,Pre- and post- production,Emissions (CO2eq) from CH4 (AR5),kilotonnes,3707.9973,3874.9118,3871.8033,3780.0517,3813.1173,3847.0405,3906.9574,3953.6523,4005.2127,4046.7759,4092.2528,4181.4941,4231.0736,4296.5082,4334.0349,4364.598,4415.8267,4461.6051,4504.3682,4518.0194,4555.8134
Ghana,Pre- and post- production,Emissions (CO2eq) from N2O (AR5),kilotonnes,96.9795,108.9739,113.3178,111.4383,120.4938,124.1503,132.6879,132.585,144.1703,151.0472,156.766,167.6333,171.0451,169.3964,166.3532,167.0299,169.2219,179.5725,183.9588,187.6622,191.5346
Ghana,Pre- and post- production,Emissions (CO2eq) (AR5),kilotonnes,4380.9362,5616.0048,5735.8212,4761.1713,4900.2773,4955.088,5227.2775,5228.7901,5302.1743,5816.0838,5863.0011,6202.2649,6553.8623,6832.4931,6894.0336,7033.5033,7148.1326,7072.3837,7217.7423,7231.5419,7318.1077
Ghana,Agri-food systems,Emissions (CH4),kilotonnes,341.216,299.2629,297.2006,306.3658,291.6779,328.0204,320.1729,313.162,317.2299,313.4152,323.7578,346.9438,336.0993,352.7889,352.1037,362.9201,369.9236,375.9429,375.657,380.9635,409.3121
Ghana,Agri-food systems,Emissions (N2O),kilotonnes,15.1627,12.4321,12.1966,13.2449,11.7089,14.9531,14.6013,13.728,13.78,13.2053,14.0234,15.36,14.8961,16.0414,15.5756,16.403,16.6399,17.6452,17.0792,17.5295,20.7851
Ghana,Agri-food systems,Emissions (CO2),kilotonnes,24830.5054,27560.046,27717.9322,26450.4074,26573.7906,26591.4054,26811.4174,26779.1631,26794.4082,27372.3926,27344.3545,6606.8221,7006.7174,7230.2293,7248.298,7359.541,3214.2923,3100.5051,3201.038,3201.2203,3246.728
Ghana,Agri-food systems,Emissions (CO2eq) from F-gases (AR5),kilotonnes,2.5975,3.117,4.156,5.7145,7.273,8.312,9.351,10.9095,10.9095,10.9095,10.9095,10.9095,10.9095,10.9095,10.9095,10.9095,11.9485,12.468,12.468,12.9875,13.5612
Ghana,Agri-food systems,Emissions (CO2eq) from CH4 (AR5),kilotonnes,9554.0471,8379.36,8321.618,8578.2432,8166.9803,9184.5714,8964.8425,8768.5352,8882.4379,8775.6255,9065.2196,9714.4266,9410.7818,9878.089,9858.9036,10161.7618,10357.8594,10526.4023,10518.3948,10666.9789,11460.7387
Ghana,Agri-food systems,Emissions (CO2eq) from N2O (AR5),kilotonnes,4018.1071,3294.5189,3232.1116,3509.906,3102.8504,3962.5608,3869.3574,3637.9221,3651.7031,3499.4025,3716.1975,4070.3944,3947.4714,4250.9789,4127.5252,4346.7928,4409.5727,4675.9718,4526.0007,4645.3207,5508.0513
Ghana,Agri-food systems,Emissions (CO2eq) (AR5),kilotonnes,38405.257,39237.0418,39275.8178,38544.271,37850.8942,39746.8495,39654.9683,39196.5299,39339.4587,39658.33,40136.6811,20402.5527,20375.88,21370.2068,21245.6363,21879.0051,17993.6729,18315.3473,18257.9015,18526.5073,20229.0793
Ghana,IPCC Agriculture,Emissions (CH4),kilotonnes,182.9696,160.3538,158.4126,170.8846,154.9227,189.9219,179.237,170.5448,173.5736,168.6475,177.2683,196.9392,184.1107,198.6626,196.8155,206.36,209.885,215.4909,213.6272,217.4091,240.6393
Ghana,IPCC Agriculture,Emissions (CH4),kilotonnes,122.52,123.69,130.61,128.04,130.35,131.82,137.27,,,,,,,,,,156.76,,,166.38,
Ghana,IPCC Agriculture,Direct emissions (N2O),kilotonnes,3.7456,3.9423,3.9586,4.1419,4.1378,4.3423,4.7745,4.7766,4.9155,5.2015,5.437,5.4114,6.1555,6.4115,6.5458,6.871,7.1443,8.0964,8.1157,8.6468,9.4206
Ghana,IPCC Agriculture,Indirect emissions (N2O),kilotonnes,1.1079,1.1697,1.1651,1.232,1.232,1.3052,1.449,1.4571,1.4913,1.5753,1.6502,1.6423,1.8801,1.9643,2.0054,2.1095,2.1992,2.5046,2.5046,2.6654,2.9213
Ghana,IPCC Agriculture,Emissions (N2O),kilotonnes,13.8713,11.8147,11.5553,12.7544,11.1733,14.39,13.9398,13.0651,13.1491,12.5687,13.3566,14.6494,14.1518,15.308,14.8713,15.6724,15.758,16.8468,16.2605,16.6046,19.5014
Ghana,IPCC Agriculture,Emissions (N2O),kilotonnes,9.09,9.77,9.64,10.01,10.2,10.37,11.616,,,,,,,,,,21.73,,,21.23,
Ghana,IPCC Agriculture,Emissions (CO2eq) from CH4 (AR5),kilotonnes,5123.1494,4489.9065,4435.5537,4784.7699,4337.8359,5317.8142,5018.6353,4775.253,4860.0606,4722.1308,4963.5123,5514.2974,5155.0985,5562.5538,5510.8337,5778.0792,5876.7808,6033.7463,5981.5607,6087.4558,6737.901
Ghana,IPCC Agriculture,Emissions (CO2eq) from CH4 (AR5),kilotonnes,3430.56,3463.32,3657.08,3585.12,3649.8,3690.96,3843.56,,,,,,,,,,4389.28,,,4658.64,
Ghana,IPCC Agriculture,Emissions (CO2eq) from N2O (AR5),kilotonnes,3675.8857,3130.888,3062.15,3379.9276,2960.9189,3813.345,3694.0392,3462.2479,3484.5227,3330.708,3539.5032,3882.0859,3750.2291,4056.6295,3940.8884,4153.1736,4175.8665,4464.4083,4309.0419,4400.2086,5167.8832
Ghana,IPCC Agriculture,Emissions (CO2eq) from N2O (AR5),kilotonnes,2408.85,2589.05,2554.6,2652.65,2703,2748.05,3078.24,,,,,,,,,,5758.45,,,5625.95,
Ghana,IPCC Agriculture,Emissions (CO2eq) (AR5),kilotonnes,8799.0351,7620.7945,7497.7037,8164.6975,7298.7547,9131.1592,8712.6745,8237.501,8344.5833,8052.8388,8503.0155,9396.3833,8905.3277,9619.1833,9451.7222,9931.2528,10052.6473,10498.1546,10290.6027,10487.6644,11905.7842
Ghana,IPCC Agriculture,Emissions (CO2eq) (AR5),kilotonnes,5839.41,6052.37,6211.68,6237.77,6352.8,6439.01,6921.8,,,,,,,,,,10147.73,,,10284.59,
Ghana,Agricultural Soils,Direct emissions (N2O),kilotonnes,3.7456,3.9423,3.9586,4.1419,4.1378,4.3423,4.7745,4.7766,4.9155,5.2015,5.437,5.4114,6.1555,6.4115,6.5458,6.871,7.1443,8.0964,8.1157,8.6468,9.4206
Ghana,Agricultural Soils,Indirect emissions (N2O),kilotonnes,1.1079,1.1697,1.1651,1.232,1.232,1.3052,1.449,1.4571,1.4913,1.5753,1.6502,1.6423,1.8801,1.9643,2.0054,2.1095,2.1992,2.5046,2.5046,2.6654,2.9213
Ghana,Agricultural Soils,Emissions (N2O),kilotonnes,4.8677,5.1263,5.1381,5.3883,5.3839,5.6615,6.2375,6.2476,6.4201,6.7896,7.0998,7.0662,8.0478,8.3874,8.5626,8.9918,9.3548,10.6123,10.6319,11.3239,12.3537
Ghana,Agricultural Soils,Emissions (N2O),kilotonnes,8.85,9.53,9.39,9.76,9.96,10.12,11.38,,,,,,,,,,,,,,
Ghana,Agricultural Soils,Emissions (CO2eq) from N2O (AR5),kilotonnes,1289.9378,1358.4736,1361.585,1427.8962,1426.7411,1500.3065,1652.9396,1655.6197,1701.3361,1799.2444,1881.4532,1872.5549,2132.6637,2222.6565,2269.0803,2382.8202,2479.0212,2812.2591,2817.4634,3000.8249,3273.7403
Ghana,Agricultural Soils,Emissions (CO2eq) from N2O (AR5),kilotonnes,2345.25,2525.45,2488.35,2586.4,2639.4,2681.8,3015.7,,,,,,,,,,,,,,
Ghana,Agricultural Soils,Emissions (CO2eq) (AR5),kilotonnes,1289.9378,1358.4736,1361.585,1427.8962,1426.7411,1500.3065,1652.9396,1655.6197,1701.3361,1799.2444,1881.4532,1872.5549,2132.6637,2222.6565,2269.0803,2382.8202,2479.0212,2812.2591,2817.4634,3000.8249,3273.7403
Ghana,Agricultural Soils,Emissions (CO2eq) (AR5),kilotonnes,2345.25,2525.45,2488.35,2586.4,2639.4,2681.8,3015.7,,,,,,,,,,,,,,
Ghana,LULUCF,Emissions (CH4),kilotonnes,26.0767,0.383,0.3697,0.3775,0.4495,0.5878,1.2898,1.2899,0.4867,0.0824,0.1755,0.3697,0.5232,0.3271,0.1436,0.3537,1.9867,0.7181,0.7766,1.8086,5.5772
Ghana,LULUCF,Emissions (CH4),kilotonnes,62.61,63.39,66.18,66.18,69.8,71.69,69.8,,,,,,,,,,,,,,
Ghana,LULUCF,Emissions (N2O),kilotonnes,0.767,0.035,0.0338,0.0345,0.041,0.0537,0.1178,0.1178,0.0444,0.0075,0.016,0.0338,0.0478,0.0299,0.0131,0.0323,0.1814,0.0656,0.0709,0.1651,0.5092
Ghana,LULUCF,Emissions (N2O),kilotonnes,4.3,4.36,4.55,4.55,4.8,4.93,4.8,,,,,,,,,,,,,,
Ghana,LULUCF,Emissions (CO2),kilotonnes,9861.4426,45835.0565,45835.1795,45834.9719,45833.3241,45833.232,45833.0168,45832.3826,45828.5575,45824.9649,45823.9256,29388.1562,29386.0795,29382.1559,29380.4961,29380.4961,-24951.657,-24951.2992,-24949.2854,-24949.3554,-24948.1732
Ghana,LULUCF,Emissions (CO2),kilotonnes,-3737.42,-901.3,2838.92,4428.42,6575.2,3862.75,2612.25,,,,,,,,,,,,,,
Ghana,LULUCF,Emissions (CO2eq) from CH4 (AR5),kilotonnes,730.1464,10.7238,10.3517,10.5695,12.5851,16.4578,36.1131,36.1166,13.628,2.3086,4.9152,10.3519,14.6504,9.1594,4.0214,9.9045,55.6278,20.1076,21.7453,50.6412,156.1619
Ghana,LULUCF,Emissions (CO2eq) from N2O (AR5),kilotonnes,203.2444,9.2667,8.9452,9.1334,10.8752,14.2217,31.2064,31.2095,11.7764,1.9949,4.2474,8.9454,12.6598,7.9149,3.475,8.5587,48.0697,17.3756,18.7908,43.7606,134.9442
Ghana,LULUCF,Emissions (CO2eq) (AR5),kilotonnes,10794.8333,45855.047,45854.4764,45854.6749,45856.7843,45863.9114,45900.3363,45899.7086,45853.9619,45829.2684,45833.0882,29407.4535,29413.3897,29399.2302,29387.9924,29398.9593,-24847.9595,-24913.816,-24908.7492,-24854.9535,-24657.0671
Ghana,LULUCF,Emissions (CO2eq) (AR5),kilotonnes,-3737.42,-901.3,2838.92,4428.42,6575.2,3862.75,2612.25,,,,,,,,,,,,,,
Ghana,AFOLU,Emissions (CH4),kilotonnes,209.0463,160.7368,158.7823,171.2621,155.3722,190.5097,180.5267,171.8346,174.0603,168.73,177.4438,197.3089,184.6339,198.9898,196.9591,206.7137,211.8717,216.2091,214.4038,219.2178,246.2165
Ghana,AFOLU,Emissions (N2O),kilotonnes,14.6382,11.8496,11.589,12.7889,11.2143,14.4436,14.0575,13.1829,13.1936,12.5762,13.3726,14.6831,14.1996,15.3379,14.8844,15.7047,15.9394,16.9124,16.3314,16.7697,20.0107
Ghana,AFOLU,Emissions (CO2),kilotonnes,9861.4426,45835.0565,45835.1795,45834.9719,45833.3241,45833.232,45833.0168,45832.3826,45828.5575,45824.9649,45823.9256,29388.1562,29386.0795,29382.1559,29380.4961,29380.4961,-24951.657,-24951.2992,-24949.2854,-24949.3554,-24948.1732
Ghana,AFOLU,Emissions (CO2eq) from CH4 (AR5),kilotonnes,5853.2958,4500.6303,4445.9054,4795.3394,4350.421,5334.272,5054.7484,4811.3696,4873.6886,4724.4394,4968.4276,5524.6494,5169.7489,5571.7132,5514.8551,5787.9836,5932.4086,6053.8539,6003.3061,6138.0971,6894.0629
Ghana,AFOLU,Emissions (CO2eq) from N2O (AR5),kilotonnes,3879.1301,3140.1547,3071.0952,3389.0611,2971.794,3827.5666,3725.2456,3493.4574,3496.2991,3332.7029,3543.7506,3891.0313,3762.889,4064.5444,3944.3634,4161.7324,4223.9362,4481.7839,4327.8328,4443.9692,5302.8274
Ghana,AFOLU,Emissions (CO2eq) (AR5),kilotonnes,19593.8684,53475.8416,53352.1801,54019.3724,53155.5391,54995.0706,54613.0109,54137.2096,54198.5452,53882.1072,54336.1037,38803.8369,38318.7174,39018.4135,38839.7146,39330.2121,-14795.3122,-14415.6613,-14618.1466,-14367.2891,-12751.2829
Ghana,All sectors with LULUCF,Emissions (CH4),kilotonnes,404.4463,359.1368,360.8823,376.3621,371.3722,405.5097,405.5267,402.8346,397.5603,396.43,406.6438,495.3089,491.6339,535.9898,545.9591,567.7137,561.8717,636.2091,659.4038,647.2178,691.2165
Ghana,All sectors with LULUCF,Emissions (N2O),kilotonnes,16.6914,13.8909,13.5623,14.7311,13.1605,16.4209,16.1318,15.3031,15.2468,14.7895,15.6759,17.0834,16.7959,18.0562,17.5897,18.422,18.6217,19.6287,19.1678,19.726,23.037
Ghana,All sectors with LULUCF,Emissions (CO2),kilotonnes,16331.4426,52945.0565,53415.1795,53440.9719,53173.3241,52816.232,55322.0168,55676.3826,55005.5575,53540.9649,55738.9256,41148.1562,43956.0795,43952.1559,44640.4961,45970.4961,-7771.657,-10311.2992,-6179.2854,-5389.3554,-5088.1732
Ghana,All sectors with LULUCF,Emissions (CO2eq) from F-gases (AR5),kilotonnes,167.1418,133.1304,74.4364,13.0215,6.7828,16.617,14.5763,11.1752,12.5356,13.7989,15.0622,15.2565,16.4227,17.4916,18.5605,19.7266,20.7955,21.9617,23.0306,24.1967,25.2656
Ghana,All sectors with LULUCF,Emissions (CO2eq) from CH4 (AR5),kilotonnes,11324.4958,10055.8303,10104.7054,10538.1394,10398.421,11354.272,11354.7484,11279.3696,11131.6886,11100.0394,11386.0276,13868.6494,13765.7489,15007.7132,15286.8551,15895.9836,15732.4086,17813.8539,18463.3061,18122.0971,19354.0629
Ghana,All sectors with LULUCF,Emissions (CO2eq) from N2O (AR5),kilotonnes,4423.2302,3681.0764,3593.9982,3903.7507,3487.5453,4351.5344,4274.92,4055.3236,4040.4119,3919.2176,4154.1171,4527.1045,4450.904,4784.8912,4661.2671,4881.8177,4934.7484,5201.6079,5079.4586,5227.3967,6104.8067
Ghana,All sectors with LULUCF,Emissions (CO2eq) (AR5),kilotonnes,32246.3104,66815.0936,67188.3195,67895.8835,67066.0731,68538.6554,70966.2616,71022.251,70190.1937,68574.0208,71294.1324,59559.1666,62189.155,63762.2519,64607.1788,66768.024,12916.2955,12726.1243,17386.5099,17984.3351,20395.962
Ghana,All sectors without LULUCF,Emissions (CH4),kilotonnes,378.3696,358.7538,360.5126,375.9846,370.9227,404.9219,404.237,401.5448,397.0736,396.3475,406.4683,494.9392,491.1107,535.6626,545.8155,567.36,559.885,635.4909,658.6272,645.4091,685.6393
Ghana,All sectors without LULUCF,Emissions (N2O),kilotonnes,15.9245,13.8559,13.5285,14.6967,13.1195,16.3672,16.014,15.1853,15.2024,14.782,15.6599,17.0497,16.7481,18.0263,17.5766,18.3897,18.4403,19.5631,19.0969,19.5609,22.5278
Ghana,All sectors without LULUCF,Emissions (CO2),kilotonnes,6470,7110,7580,7606,7340,6983,9489,9844,9177,7716,9915,11760,14570,14570,15260,16590,17180,14640,18770,19560,19860
Ghana,All sectors without LULUCF,Emissions (CO2eq) from F-gases (AR5),kilotonnes,167.1418,133.1304,74.4364,13.0215,6.7828,16.617,14.5763,11.1752,12.5356,13.7989,15.0622,15.2565,16.4227,17.4916,18.5605,19.7266,20.7955,21.9617,23.0306,24.1967,25.2656
Ghana,All sectors without LULUCF,Emissions (CO2eq) from CH4 (AR5),kilotonnes,10594.3494,10045.1065,10094.3537,10527.5699,10385.8359,11337.8142,11318.6353,11243.253,11118.0606,11097.7308,11381.1123,13858.2974,13751.0985,14998.5538,15282.8337,15886.0792,15676.7808,17793.7463,18441.5607,18071.4558,19197.901
Ghana,All sectors without LULUCF,Emissions (CO2eq) from N2O (AR5),kilotonnes,4219.9858,3671.8097,3585.053,3894.6173,3476.6701,4337.3128,4243.7136,4024.1142,4028.6355,3917.2227,4149.8697,4518.159,4438.2441,4776.9763,4657.7921,4873.2589,4886.6787,5184.2323,5060.6678,5183.6361,5969.8625
Ghana,All sectors without LULUCF,Emissions (CO2eq) (AR5),kilotonnes,21451.477,20960.0466,21333.8432,22041.2086,21209.2888,22674.744,25065.9252,25122.5424,24336.2318,22744.7524,25461.0443,30151.713,32775.7653,34363.0217,35219.1864,37369.0647,37764.255,37639.9403,42295.2591,42839.2886,45053.0291
Gibraltar,Drained organic soils,Emissions (CO2eq) (AR5),kilotonnes,0,0,0,0,0,0,0,0,0,0,0,0,0,0,0,0,0,0,0,0,0
Gibraltar,Drained organic soils (CO2),Emissions (CO2),kilotonnes,0,0,0,0,0,0,0,0,0,0,0,0,0,0,0,0,0,0,0,0,0
Gibraltar,Drained organic soils (CO2),Emissions (CO2eq) (AR5),kilotonnes,0,0,0,0,0,0,0,0,0,0,0,0,0,0,0,0,0,0,0,0,0
Gibraltar,Drained organic soils (N2O),Emissions (N2O),kilotonnes,0,0,0,0,0,0,0,0,0,0,0,0,0,0,0,0,0,0,0,0,0
Gibraltar,Drained organic soils (N2O),Emissions (CO2eq) from N2O (AR5),kilotonnes,0,0,0,0,0,0,0,0,0,0,0,0,0,0,0,0,0,0,0,0,0
Gibraltar,Drained organic soils (N2O),Emissions (CO2eq) (AR5),kilotonnes,0,0,0,0,0,0,0,0,0,0,0,0,0,0,0,0,0,0,0,0,0
Gibraltar,On-farm energy use,Emissions (CH4),kilotonnes,0.0016,0.0016,0.0016,0.0016,0.0017,0.0017,0.0017,0.0016,0.0016,0.0017,0.0017,0.0016,0.0016,0.0018,0.002,0.0022,0.0024,0.0026,0.0028,0.003,0.003
Gibraltar,On-farm energy use,Emissions (N2O),kilotonnes,0.0057,0.0056,0.0055,0.0052,0.0055,0.0053,0.0055,0.0051,0.005,0.0054,0.0053,0.0048,0.0048,0.0053,0.0057,0.0062,0.0068,0.0074,0.0079,0.0083,0.0083
Gibraltar,On-farm energy use,Emissions (CO2),kilotonnes,15.3829,15.2971,14.7884,14.1467,15.0066,14.5407,14.8973,14.001,13.7498,14.7204,14.4768,13.2692,13.3053,14.5016,15.7456,17.2085,18.7311,20.4024,21.7707,22.9757,22.9757
Gibraltar,On-farm energy use,Emissions (CO2eq) from CH4 (AR5),kilotonnes,0.0453,0.0461,0.045,0.0437,0.0474,0.0462,0.0473,0.0455,0.0449,0.0489,0.0485,0.0455,0.0455,0.0494,0.0565,0.061,0.0667,0.0733,0.0792,0.0837,0.0837
Gibraltar,On-farm energy use,Emissions (CO2eq) from N2O (AR5),kilotonnes,1.5082,1.4966,1.4454,1.3809,1.4614,1.4152,1.4501,1.3594,1.3346,1.4262,1.4014,1.2812,1.2851,1.4011,1.5127,1.6555,1.801,1.9597,2.0881,2.2032,2.2032
Gibraltar,On-farm energy use,Emissions (CO2eq) (AR5),kilotonnes,16.9365,16.8398,16.2788,15.5712,16.5154,16.0022,16.3947,15.406,15.1292,16.1955,15.9266,14.5959,14.6359,15.9521,17.3147,18.9249,20.5988,22.4353,23.938,25.2626,25.2626
Gibraltar,Forestland,Emissions (CO2),kilotonnes,0,0,0,0,0,0,0,0,0,0,0,0,0,0,0,0,0,0,0,0,0
Gibraltar,Forestland,Emissions (CO2eq) (AR5),kilotonnes,0,0,0,0,0,0,0,0,0,0,0,0,0,0,0,0,0,0,0,0,0
Gibraltar,Net Forest conversion,Emissions (CO2),kilotonnes,0,0,0,0,0,0,0,0,0,0,0,0,0,0,0,0,0,0,0,0,0
Gibraltar,Net Forest conversion,Emissions (CO2eq) (AR5),kilotonnes,0,0,0,0,0,0,0,0,0,0,0,0,0,0,0,0,0,0,0,0,0
Gibraltar,Savanna fires,Emissions (CH4),kilotonnes,0.0003,0,0,0,0,0,0,0,0,0,0,0,0,0,0,0,0,0,0,0,0
Gibraltar,Savanna fires,Emissions (N2O),kilotonnes,0,0,0,0,0,0,0,0,0,0,0,0,0,0,0,0,0,0,0,0,0
Gibraltar,Savanna fires,Emissions (CO2eq) from CH4 (AR5),kilotonnes,0.0093,0,0,0,0,0,0,0,0,0,0,0,0,0,0,0,0,0,0,0,0
Gibraltar,Savanna fires,Emissions (CO2eq) from N2O (AR5),kilotonnes,0.008,0,0,0,0,0,0,0,0,0,0,0,0,0,0,0,0,0,0,0,0
Gibraltar,Savanna fires,Emissions (CO2eq) (AR5),kilotonnes,0.0173,0,0,0,0,0,0,0,0,0,0,0,0,0,0,0,0,0,0,0,0
Gibraltar,Fires in organic soils,Emissions (CH4),kilotonnes,0,0,0,0,0,0,0,0,0,0,0,0,0,0,0,0,0,0,0,0,0
Gibraltar,Fires in organic soils,Emissions (CO2),kilotonnes,0,0,0,0,0,0,0,0,0,0,0,0,0,0,0,0,0,0,0,0,0
Gibraltar,Fires in organic soils,Emissions (CO2eq) from CH4 (AR5),kilotonnes,0,0,0,0,0,0,0,0,0,0,0,0,0,0,0,0,0,0,0,0,0
Gibraltar,Fires in organic soils,Emissions (CO2eq) (AR5),kilotonnes,0,0,0,0,0,0,0,0,0,0,0,0,0,0,0,0,0,0,0,0,0
Gibraltar,Forest fires,Emissions (CH4),kilotonnes,0,0,0,0,0,0,0,0,0,0,0,0,0,0,0,0,0,0,0,0,0
Gibraltar,Forest fires,Emissions (N2O),kilotonnes,0,0,0,0,0,0,0,0,0,0,0,0,0,0,0,0,0,0,0,0,0
Gibraltar,Forest fires,Emissions (CO2eq) from CH4 (AR5),kilotonnes,0,0,0,0,0,0,0,0,0,0,0,0,0,0,0,0,0,0,0,0,0
Gibraltar,Forest fires,Emissions (CO2eq) from N2O (AR5),kilotonnes,0,0,0,0,0,0,0,0,0,0,0,0,0,0,0,0,0,0,0,0,0
Gibraltar,Forest fires,Emissions (CO2eq) (AR5),kilotonnes,0,0,0,0,0,0,0,0,0,0,0,0,0,0,0,0,0,0,0,0,0
Gibraltar,Fires in humid tropical forests,Emissions (CH4),kilotonnes,0,0,0,0,0,0,0,0,0,0,0,0,0,0,0,0,0,0,0,0,0
Gibraltar,Fires in humid tropical forests,Emissions (N2O),kilotonnes,0,0,0,0,0,0,0,0,0,0,0,0,0,0,0,0,0,0,0,0,0
Gibraltar,Fires in humid tropical forests,Emissions (CO2eq) from CH4 (AR5),kilotonnes,0,0,0,0,0,0,0,0,0,0,0,0,0,0,0,0,0,0,0,0,0
Gibraltar,Fires in humid tropical forests,Emissions (CO2eq) from N2O (AR5),kilotonnes,0,0,0,0,0,0,0,0,0,0,0,0,0,0,0,0,0,0,0,0,0
Gibraltar,Fires in humid tropical forests,Emissions (CO2eq) (AR5),kilotonnes,0,0,0,0,0,0,0,0,0,0,0,0,0,0,0,0,0,0,0,0,0
Gibraltar,Waste - agri-food systems,Emissions (CH4),kilotonnes,0.0523,0.0532,0.054,0.0548,0.0554,0.0559,0.0562,0.0564,0.0565,0.0565,0.0565,0.0566,0.0566,0.0567,0.0568,0.0568,0.0568,0.0567,0.0567,0.0567,0.0567
Gibraltar,Waste - agri-food systems,Emissions (N2O),kilotonnes,0,0,0,0,0,0,0,0,0,0,0,0,0,0,0,0,0,0,0,0,0
Gibraltar,Waste - agri-food systems,Emissions (CO2),kilotonnes,0,0,0,0,0,0,0,0,0,0,0,0,0,0,0,0,0,0,0,0,0
Gibraltar,Waste - agri-food systems,Emissions (CO2eq) from CH4 (AR5),kilotonnes,1.4644,1.4891,1.5123,1.5339,1.5515,1.5653,1.5746,1.5795,1.5817,1.5813,1.5824,1.5835,1.5856,1.5875,1.589,1.5898,1.5896,1.5889,1.5885,1.5881,1.5874
Gibraltar,Waste - agri-food systems,Emissions (CO2eq) from N2O (AR5),kilotonnes,0,0,0,0,0,0,0,0,0,0,0,0,0,0,0,0,0,0,0,0,0
Gibraltar,Waste - agri-food systems,Emissions (CO2eq) (AR5),kilotonnes,1.4644,1.4891,1.5123,1.5339,1.5515,1.5653,1.5746,1.5795,1.5817,1.5813,1.5824,1.5835,1.5856,1.5875,1.589,1.5898,1.5896,1.5889,1.5885,1.5881,1.5874
Gibraltar,On-farm electricity use,Emissions (CH4),kilotonnes,0,0,0,0,0,0,0,0,0,0,0,0,0,0,0,0,0,0,0,0,0
Gibraltar,On-farm electricity use,Emissions (N2O),kilotonnes,0,0,0,0,0,0,0,0,0,0,0,0,0,0,0,0,0,0,0,0,0
Gibraltar,On-farm electricity use,Emissions (CO2),kilotonnes,0,0,0,0,0,0,0,0,0,0,0,0,0,0,0,0,0,0,0,0,0
Gibraltar,On-farm electricity use,Emissions (CO2eq) from CH4 (AR5),kilotonnes,0,0,0,0,0,0,0,0,0,0,0,0,0,0,0,0,0,0,0,0,0
Gibraltar,On-farm electricity use,Emissions (CO2eq) from N2O (AR5),kilotonnes,0,0,0,0,0,0,0,0,0,0,0,0,0,0,0,0,0,0,0,0,0
Gibraltar,On-farm electricity use,Emissions (CO2eq) (AR5),kilotonnes,0,0,0,0,0,0,0,0,0,0,0,0,0,0,0,0,0,0,0,0,0
Gibraltar,Farm-gate emissions,Emissions (CH4),kilotonnes,0.002,0.0016,0.0016,0.0016,0.0017,0.0017,0.0017,0.0016,0.0016,0.0017,0.0017,0.0016,0.0016,0.0018,0.002,0.0022,0.0024,0.0026,0.0028,0.003,0.003
Gibraltar,Farm-gate emissions,Emissions (N2O),kilotonnes,0.0057,0.0056,0.0055,0.0052,0.0055,0.0053,0.0055,0.0051,0.005,0.0054,0.0053,0.0048,0.0048,0.0053,0.0057,0.0062,0.0068,0.0074,0.0079,0.0083,0.0083
Gibraltar,Farm-gate emissions,Emissions (CO2),kilotonnes,15.3829,15.2971,14.7884,14.1467,15.0066,14.5407,14.8973,14.001,13.7498,14.7204,14.4768,13.2692,13.3053,14.5016,15.7456,17.2085,18.7311,20.4024,21.7707,22.9757,22.9757
Gibraltar,Farm-gate emissions,Emissions (CO2eq) from CH4 (AR5),kilotonnes,0.0546,0.0461,0.045,0.0437,0.0474,0.0462,0.0473,0.0455,0.0449,0.0489,0.0485,0.0455,0.0455,0.0494,0.0565,0.061,0.0667,0.0733,0.0792,0.0837,0.0837
Gibraltar,Farm-gate emissions,Emissions (CO2eq) from N2O (AR5),kilotonnes,1.5162,1.4966,1.4454,1.3809,1.4614,1.4152,1.4501,1.3594,1.3346,1.4262,1.4014,1.2812,1.2851,1.4011,1.5127,1.6555,1.801,1.9597,2.0881,2.2032,2.2032
Gibraltar,Farm-gate emissions,Emissions (CO2eq) (AR5),kilotonnes,16.9537,16.8398,16.2788,15.5712,16.5154,16.0022,16.3947,15.406,15.1292,16.1955,15.9266,14.5959,14.6359,15.9521,17.3147,18.9249,20.5988,22.4353,23.938,25.2626,25.2626
Gibraltar,Land Use change,Emissions (CH4),kilotonnes,0,0,0,0,0,0,0,0,0,0,0,0,0,0,0,0,0,0,0,0,0
Gibraltar,Land Use change,Emissions (N2O),kilotonnes,0,0,0,0,0,0,0,0,0,0,0,0,0,0,0,0,0,0,0,0,0
Gibraltar,Land Use change,Emissions (CO2),kilotonnes,0,0,0,0,0,0,0,0,0,0,0,0,0,0,0,0,0,0,0,0,0
Gibraltar,Land Use change,Emissions (CO2eq) from CH4 (AR5),kilotonnes,0,0,0,0,0,0,0,0,0,0,0,0,0,0,0,0,0,0,0,0,0
Gibraltar,Land Use change,Emissions (CO2eq) from N2O (AR5),kilotonnes,0,0,0,0,0,0,0,0,0,0,0,0,0,0,0,0,0,0,0,0,0
Gibraltar,Land Use change,Emissions (CO2eq) (AR5),kilotonnes,0,0,0,0,0,0,0,0,0,0,0,0,0,0,0,0,0,0,0,0,0
Gibraltar,Emissions on agricultural land,Emissions (CH4),kilotonnes,0.002,0.0016,0.0016,0.0016,0.0017,0.0017,0.0017,0.0016,0.0016,0.0017,0.0017,0.0016,0.0016,0.0018,0.002,0.0022,0.0024,0.0026,0.0028,0.003,0.003
Gibraltar,Emissions on agricultural land,Emissions (N2O),kilotonnes,0.0057,0.0056,0.0055,0.0052,0.0055,0.0053,0.0055,0.0051,0.005,0.0054,0.0053,0.0048,0.0048,0.0053,0.0057,0.0062,0.0068,0.0074,0.0079,0.0083,0.0083
Gibraltar,Emissions on agricultural land,Emissions (CO2),kilotonnes,15.3829,15.2971,14.7884,14.1467,15.0066,14.5407,14.8973,14.001,13.7498,14.7204,14.4768,13.2692,13.3053,14.5016,15.7456,17.2085,18.7311,20.4024,21.7707,22.9757,22.9757
Gibraltar,Emissions on agricultural land,Emissions (CO2eq) from CH4 (AR5),kilotonnes,0.0546,0.0461,0.045,0.0437,0.0474,0.0462,0.0473,0.0455,0.0449,0.0489,0.0485,0.0455,0.0455,0.0494,0.0565,0.061,0.0667,0.0733,0.0792,0.0837,0.0837
Gibraltar,Emissions on agricultural land,Emissions (CO2eq) from N2O (AR5),kilotonnes,1.5162,1.4966,1.4454,1.3809,1.4614,1.4152,1.4501,1.3594,1.3346,1.4262,1.4014,1.2812,1.2851,1.4011,1.5127,1.6555,1.801,1.9597,2.0881,2.2032,2.2032
Gibraltar,Emissions on agricultural land,Emissions (CO2eq) (AR5),kilotonnes,16.9537,16.8398,16.2788,15.5712,16.5154,16.0022,16.3947,15.406,15.1292,16.1955,15.9266,14.5959,14.6359,15.9521,17.3147,18.9249,20.5988,22.4353,23.938,25.2626,25.2626
Gibraltar,Pre- and post- production,Emissions (CH4),kilotonnes,0.0523,0.0532,0.054,0.0548,0.0554,0.0559,0.0562,0.0564,0.0565,0.0565,0.0565,0.0566,0.0566,0.0567,0.0568,0.0568,0.0568,0.0567,0.0567,0.0567,0.0567
Gibraltar,Pre- and post- production,Emissions (N2O),kilotonnes,0,0,0,0,0,0,0,0,0,0,0,0,0,0,0,0,0,0,0,0,0
Gibraltar,Pre- and post- production,Emissions (CO2),kilotonnes,0,0,0,0,0,0,0,0,0,0,0,0,0,0,0,0,0,0,0,0,0
Gibraltar,Pre- and post- production,Emissions (CO2eq) from CH4 (AR5),kilotonnes,1.4644,1.4891,1.5123,1.5339,1.5515,1.5653,1.5746,1.5795,1.5817,1.5813,1.5824,1.5835,1.5856,1.5875,1.589,1.5898,1.5896,1.5889,1.5885,1.5881,1.5874
Gibraltar,Pre- and post- production,Emissions (CO2eq) from N2O (AR5),kilotonnes,0,0,0,0,0,0,0,0,0,0,0,0,0,0,0,0,0,0,0,0,0
Gibraltar,Pre- and post- production,Emissions (CO2eq) (AR5),kilotonnes,1.4644,1.4891,1.5123,1.5339,1.5515,1.5653,1.5746,1.5795,1.5817,1.5813,1.5824,1.5835,1.5856,1.5875,1.589,1.5898,1.5896,1.5889,1.5885,1.5881,1.5874
Gibraltar,Agri-food systems,Emissions (CH4),kilotonnes,0.0543,0.0548,0.0556,0.0563,0.0571,0.0576,0.0579,0.058,0.0581,0.0582,0.0582,0.0582,0.0583,0.0585,0.0588,0.059,0.0592,0.0594,0.0596,0.0597,0.0597
Gibraltar,Agri-food systems,Emissions (N2O),kilotonnes,0.0057,0.0056,0.0055,0.0052,0.0055,0.0053,0.0055,0.0051,0.005,0.0054,0.0053,0.0048,0.0048,0.0053,0.0057,0.0062,0.0068,0.0074,0.0079,0.0083,0.0083
Gibraltar,Agri-food systems,Emissions (CO2),kilotonnes,15.3829,15.2971,14.7884,14.1467,15.0066,14.5407,14.8973,14.001,13.7498,14.7204,14.4768,13.2692,13.3053,14.5016,15.7456,17.2085,18.7311,20.4024,21.7707,22.9757,22.9757
Gibraltar,Agri-food systems,Emissions (CO2eq) from CH4 (AR5),kilotonnes,1.519,1.5351,1.5573,1.5776,1.5989,1.6115,1.6219,1.6251,1.6266,1.6302,1.6309,1.629,1.6311,1.637,1.6455,1.6508,1.6563,1.6622,1.6677,1.6718,1.6711
Gibraltar,Agri-food systems,Emissions (CO2eq) from N2O (AR5),kilotonnes,1.5162,1.4966,1.4454,1.3809,1.4614,1.4152,1.4501,1.3594,1.3346,1.4262,1.4014,1.2812,1.2851,1.4011,1.5127,1.6555,1.801,1.9597,2.0881,2.2032,2.2032
Gibraltar,Agri-food systems,Emissions (CO2eq) (AR5),kilotonnes,18.4181,18.3289,17.7911,17.1052,18.067,17.5674,17.9693,16.9855,16.7109,17.7768,17.509,16.1794,16.2215,17.5397,18.9038,20.5147,22.1884,24.0242,25.5265,26.8507,26.85
Gibraltar,IPCC Agriculture,Emissions (CH4),kilotonnes,0.0003,0,0,0,0,0,0,0,0,0,0,0,0,0,0,0,0,0,0,0,0
Gibraltar,IPCC Agriculture,Emissions (N2O),kilotonnes,0,0,0,0,0,0,0,0,0,0,0,0,0,0,0,0,0,0,0,0,0
Gibraltar,IPCC Agriculture,Emissions (CO2eq) from CH4 (AR5),kilotonnes,0.0093,0,0,0,0,0,0,0,0,0,0,0,0,0,0,0,0,0,0,0,0
Gibraltar,IPCC Agriculture,Emissions (CO2eq) from N2O (AR5),kilotonnes,0.008,0,0,0,0,0,0,0,0,0,0,0,0,0,0,0,0,0,0,0,0
Gibraltar,IPCC Agriculture,Emissions (CO2eq) (AR5),kilotonnes,0.0173,0,0,0,0,0,0,0,0,0,0,0,0,0,0,0,0,0,0,0,0
Gibraltar,Agricultural Soils,Emissions (N2O),kilotonnes,0,0,0,0,0,0,0,0,0,0,0,0,0,0,0,0,0,0,0,0,0
Gibraltar,Agricultural Soils,Emissions (CO2eq) from N2O (AR5),kilotonnes,0,0,0,0,0,0,0,0,0,0,0,0,0,0,0,0,0,0,0,0,0
Gibraltar,Agricultural Soils,Emissions (CO2eq) (AR5),kilotonnes,0,0,0,0,0,0,0,0,0,0,0,0,0,0,0,0,0,0,0,0,0
Gibraltar,LULUCF,Emissions (CH4),kilotonnes,0,0,0,0,0,0,0,0,0,0,0,0,0,0,0,0,0,0,0,0,0
Gibraltar,LULUCF,Emissions (N2O),kilotonnes,0,0,0,0,0,0,0,0,0,0,0,0,0,0,0,0,0,0,0,0,0
Gibraltar,LULUCF,Emissions (CO2),kilotonnes,0,0,0,0,0,0,0,0,0,0,0,0,0,0,0,0,0,0,0,0,0
Gibraltar,LULUCF,Emissions (CO2eq) from CH4 (AR5),kilotonnes,0,0,0,0,0,0,0,0,0,0,0,0,0,0,0,0,0,0,0,0,0
Gibraltar,LULUCF,Emissions (CO2eq) from N2O (AR5),kilotonnes,0,0,0,0,0,0,0,0,0,0,0,0,0,0,0,0,0,0,0,0,0
Gibraltar,LULUCF,Emissions (CO2eq) (AR5),kilotonnes,0,0,0,0,0,0,0,0,0,0,0,0,0,0,0,0,0,0,0,0,0
Gibraltar,AFOLU,Emissions (CH4),kilotonnes,0.0003,0,0,0,0,0,0,0,0,0,0,0,0,0,0,0,0,0,0,0,0
Gibraltar,AFOLU,Emissions (N2O),kilotonnes,0,0,0,0,0,0,0,0,0,0,0,0,0,0,0,0,0,0,0,0,0
Gibraltar,AFOLU,Emissions (CO2),kilotonnes,0,0,0,0,0,0,0,0,0,0,0,0,0,0,0,0,0,0,0,0,0
Gibraltar,AFOLU,Emissions (CO2eq) from CH4 (AR5),kilotonnes,0.0093,0,0,0,0,0,0,0,0,0,0,0,0,0,0,0,0,0,0,0,0
Gibraltar,AFOLU,Emissions (CO2eq) from N2O (AR5),kilotonnes,0.008,0,0,0,0,0,0,0,0,0,0,0,0,0,0,0,0,0,0,0,0
Gibraltar,AFOLU,Emissions (CO2eq) (AR5),kilotonnes,0.0173,0,0,0,0,0,0,0,0,0,0,0,0,0,0,0,0,0,0,0,0
Gibraltar,All sectors with LULUCF,Emissions (CH4),kilotonnes,0.0003,0,0,0,0,0,0,0,0,0,0,0,0,0,0,0,0,0,0,0,0
Gibraltar,All sectors with LULUCF,Emissions (N2O),kilotonnes,0,0,0,0,0,0,0,0,0,0,0,0,0,0,0,0,0,0,0,0,0
Gibraltar,All sectors with LULUCF,Emissions (CO2),kilotonnes,0,0,0,0,0,0,0,0,0,0,0,0,0,0,0,0,0,0,0,0,0
Gibraltar,All sectors with LULUCF,Emissions (CO2eq) from CH4 (AR5),kilotonnes,0.0093,0,0,0,0,0,0,0,0,0,0,0,0,0,0,0,0,0,0,0,0
Gibraltar,All sectors with LULUCF,Emissions (CO2eq) from N2O (AR5),kilotonnes,0.008,0,0,0,0,0,0,0,0,0,0,0,0,0,0,0,0,0,0,0,0
Gibraltar,All sectors with LULUCF,Emissions (CO2eq) (AR5),kilotonnes,0.0173,0,0,0,0,0,0,0,0,0,0,0,0,0,0,0,0,0,0,0,0
Gibraltar,All sectors without LULUCF,Emissions (CH4),kilotonnes,0.0003,0,0,0,0,0,0,0,0,0,0,0,0,0,0,0,0,0,0,0,0
Gibraltar,All sectors without LULUCF,Emissions (N2O),kilotonnes,0,0,0,0,0,0,0,0,0,0,0,0,0,0,0,0,0,0,0,0,0
Gibraltar,All sectors without LULUCF,Emissions (CO2eq) from CH4 (AR5),kilotonnes,0.0093,0,0,0,0,0,0,0,0,0,0,0,0,0,0,0,0,0,0,0,0
Gibraltar,All sectors without LULUCF,Emissions (CO2eq) from N2O (AR5),kilotonnes,0.008,0,0,0,0,0,0,0,0,0,0,0,0,0,0,0,0,0,0,0,0
Gibraltar,All sectors without LULUCF,Emissions (CO2eq) (AR5),kilotonnes,0.0173,0,0,0,0,0,0,0,0,0,0,0,0,0,0,0,0,0,0,0,0
Greece,Crop Residues,Direct emissions (N2O),kilotonnes,0.8718,0.8659,0.8417,0.8023,0.8693,0.8626,0.7993,0.7829,0.9316,0.8986,0.8155,0.8255,0.8137,0.8256,0.7181,0.7205,0.6668,0.6154,0.514,0.499,0.5284
Greece,Crop Residues,Direct emissions (N2O),kilotonnes,0.8317,0.8457,0.8199,0.7535,0.8381,0.8403,0.7706,0.7459,0.8899,0.872,0.7797,0.7852,0.7751,1.104,1.0033,0.9308,0.9207,0.9692,0.8158,0.7939,0.7939
Greece,Crop Residues,Indirect emissions (N2O),kilotonnes,0.1961,0.1948,0.1894,0.1805,0.1956,0.1941,0.1799,0.1762,0.2096,0.2022,0.1835,0.1857,0.1831,0.1858,0.1616,0.1621,0.15,0.1385,0.1156,0.1123,0.1189
Greece,Crop Residues,Emissions (N2O),kilotonnes,1.0679,1.0607,1.0311,0.9828,1.0648,1.0567,0.9792,0.9591,1.1412,1.1008,0.9989,1.0113,0.9968,1.0114,0.8797,0.8827,0.8168,0.7539,0.6296,0.6112,0.6473
Greece,Crop Residues,Emissions (N2O),kilotonnes,0.8317,0.8457,0.8199,0.7535,0.8381,0.8403,0.7706,0.7459,0.8899,0.872,0.7797,0.7852,0.7751,1.104,1.0033,0.9308,0.9207,0.9692,0.8158,0.7939,0.7939
Greece,Crop Residues,Emissions (CO2eq) from N2O (AR5),kilotonnes,282.9989,281.0827,273.2347,260.453,282.1844,280.0129,259.4871,254.1498,302.4191,291.709,264.718,267.9941,264.1563,268.0147,233.1271,233.9037,216.4483,199.7848,166.8544,161.9811,171.5343
Greece,Crop Residues,Emissions (CO2eq) from N2O (AR5),kilotonnes,220.4083,224.12,217.265,199.6801,222.0916,222.6904,204.2141,197.6639,235.8311,231.0761,206.6281,208.0807,205.408,292.5525,265.8806,246.6721,243.9889,256.8448,216.1918,210.3906,210.3866
Greece,Crop Residues,Emissions (CO2eq) (AR5),kilotonnes,282.9989,281.0827,273.2347,260.453,282.1844,280.0129,259.4871,254.1498,302.4191,291.709,264.718,267.9941,264.1563,268.0147,233.1271,233.9037,216.4483,199.7848,166.8544,161.9811,171.5343
Greece,Crop Residues,Emissions (CO2eq) (AR5),kilotonnes,220.4083,224.12,217.265,199.6801,222.0916,222.6904,204.2141,197.6639,235.8311,231.0761,206.6281,208.0807,205.408,292.5525,265.8806,246.6721,243.9889,256.8448,216.1918,210.3906,210.3866
Greece,Rice Cultivation,Emissions (CH4),kilotonnes,10.0689,10.6384,11.3224,11.7508,11.9413,11.2266,11.7064,12.8969,12.666,14.1286,15.1462,15.5817,15.5156,14.1624,13.6559,14.6377,16.2036,15.5741,15.2964,15.0494,18.1894
Greece,Rice Cultivation,Emissions (CH4),kilotonnes,3.9804,4.2236,4.4827,4.5167,4.5478,4.62,4.46,5,5.0008,5.6,6.0104,6.1832,6.159,5.62,5.4189,5.8085,6.43,6.5586,5.6748,5.5337,5.4231
Greece,Rice Cultivation,Emissions (CO2eq) from CH4 (AR5),kilotonnes,281.9295,297.8761,317.0261,329.0213,334.3556,314.3448,327.7794,361.112,354.6487,395.6017,424.0938,436.2866,434.4379,396.5472,382.3646,409.8548,453.7008,436.0749,428.2992,421.3843,509.3021
Greece,Rice Cultivation,Emissions (CO2eq) from CH4 (AR5),kilotonnes,111.4506,118.2614,125.515,126.4682,127.3383,129.36,124.88,140,140.0235,156.8,168.2906,173.1302,172.4509,157.36,151.7303,162.6386,180.0406,183.6414,158.8944,154.9447,151.8458
Greece,Rice Cultivation,Emissions (CO2eq) (AR5),kilotonnes,281.9295,297.8761,317.0261,329.0213,334.3556,314.3448,327.7794,361.112,354.6487,395.6017,424.0938,436.2866,434.4379,396.5472,382.3646,409.8548,453.7008,436.0749,428.2992,421.3843,509.3021
Greece,Rice Cultivation,Emissions (CO2eq) (AR5),kilotonnes,111.4506,118.2614,125.515,126.4682,127.3383,129.36,124.88,140,140.0235,156.8,168.2906,173.1302,172.4509,157.36,151.7303,162.6386,180.0406,183.6414,158.8944,154.9447,151.8458
Greece,Burning - Crop residues,Emissions (CH4),kilotonnes,1.5407,1.5488,1.5749,1.5999,1.6037,1.6066,1.5029,1.4676,1.5707,1.5087,1.3973,1.3667,1.3646,1.3298,1.111,0.9826,0.9891,0.8865,0.7882,0.7347,0.7533
Greece,Burning - Crop residues,Emissions (CH4),kilotonnes,1.4772,1.5136,1.4641,1.3561,1.513,1.5291,1.4033,1.368,1.6487,1.5748,1.4121,1.4412,1.4141,1.4366,1.2511,1.1893,1.1601,1.1739,0.9839,0.9361,0.9238
Greece,Burning - Crop residues,Emissions (N2O),kilotonnes,0.0399,0.0402,0.0408,0.0415,0.0416,0.0417,0.039,0.038,0.0407,0.0391,0.0362,0.0354,0.0354,0.0345,0.0288,0.0255,0.0256,0.023,0.0204,0.019,0.0195
Greece,Burning - Crop residues,Emissions (N2O),kilotonnes,0.037,0.0382,0.0371,0.0353,0.0389,0.0395,0.0365,0.0359,0.0431,0.0402,0.036,0.0371,0.0363,0.037,0.032,0.0303,0.029,0.0292,0.0247,0.0238,0.0234
Greece,Burning - Crop residues,Emissions (CO2eq) from CH4 (AR5),kilotonnes,43.1408,43.3665,44.0985,44.796,44.9033,44.9852,42.0803,41.0917,43.9794,42.2439,39.1234,38.2673,38.2083,37.2335,31.1086,27.5121,27.6944,24.823,22.0706,20.5722,21.091
Greece,Burning - Crop residues,Emissions (CO2eq) from CH4 (AR5),kilotonnes,41.361,42.381,40.9941,37.9705,42.3652,42.8151,39.2938,38.3032,46.1629,44.0941,39.5394,40.3544,39.5942,40.2251,35.0319,33.2999,32.4819,32.8679,27.5491,26.2095,25.8668
Greece,Burning - Crop residues,Emissions (CO2eq) from N2O (AR5),kilotonnes,10.5855,10.6409,10.8205,10.9916,11.0179,11.038,10.3253,10.0827,10.7912,10.3654,9.5997,9.3897,9.3752,9.136,7.6331,6.7506,6.7954,6.0908,5.4155,5.0478,5.1751
Greece,Burning - Crop residues,Emissions (CO2eq) from N2O (AR5),kilotonnes,9.7986,10.1145,9.8244,9.3544,10.3068,10.4649,9.6641,9.5056,11.4319,10.6609,9.5342,9.8295,9.6278,9.8036,8.4826,8.0423,7.6903,7.7296,6.5565,6.2998,6.2113
Greece,Burning - Crop residues,Emissions (CO2eq) (AR5),kilotonnes,53.7262,54.0074,54.919,55.7876,55.9212,56.0232,52.4056,51.1743,54.7707,52.6093,48.7232,47.657,47.5834,46.3696,38.7418,34.2627,34.4898,30.9139,27.486,25.62,26.2661
Greece,Burning - Crop residues,Emissions (CO2eq) (AR5),kilotonnes,51.1596,52.4954,50.8185,47.3249,52.672,53.2799,48.9578,47.8088,57.5947,54.755,49.0735,50.1839,49.222,50.0287,43.5145,41.3422,40.1722,40.5975,34.1056,32.5092,32.078
Greece,Enteric Fermentation,Emissions (CH4),kilotonnes,151.6895,149.9397,149.9129,148.3521,151.7713,148.45,148.3255,149.0115,148.7274,147.8678,149.8197,147.7505,147.0293,141.208,138.446,134.9401,133.0772,134.5153,123.5667,122.1117,121.2342
Greece,Enteric Fermentation,Emissions (CH4),kilotonnes,160.8013,162.0563,163.4107,164.749,163.5927,163.0289,164.3582,163.8486,161.0574,159.6744,163.3599,162.3358,160.4491,158.2391,152.8083,149.0821,145.6204,144.9109,146.4492,144.8686,144.4022
Greece,Enteric Fermentation,Emissions (CO2eq) from CH4 (AR5),kilotonnes,4247.3063,4198.3104,4197.5607,4153.8576,4249.5968,4156.6001,4153.1139,4172.3208,4164.3658,4140.2976,4194.9514,4137.0128,4116.8206,3953.8246,3876.4884,3778.3228,3726.1608,3766.4295,3459.8686,3419.1276,3394.557
Greece,Enteric Fermentation,Emissions (CO2eq) from CH4 (AR5),kilotonnes,4502.4361,4537.5758,4575.4995,4612.9707,4580.5959,4564.8099,4602.0297,4587.7597,4509.6065,4470.883,4574.077,4545.4036,4492.5747,4430.6942,4278.6326,4174.3001,4077.3716,4057.5064,4100.5784,4056.3195,4043.2629
Greece,Enteric Fermentation,Emissions (CO2eq) (AR5),kilotonnes,4247.3063,4198.3104,4197.5607,4153.8576,4249.5968,4156.6001,4153.1139,4172.3208,4164.3658,4140.2976,4194.9514,4137.0128,4116.8206,3953.8246,3876.4884,3778.3228,3726.1608,3766.4295,3459.8686,3419.1276,3394.557
Greece,Enteric Fermentation,Emissions (CO2eq) (AR5),kilotonnes,4502.4361,4537.5758,4575.4995,4612.9707,4580.5959,4564.8099,4602.0297,4587.7597,4509.6065,4470.883,4574.077,4545.4036,4492.5747,4430.6942,4278.6326,4174.3001,4077.3716,4057.5064,4100.5784,4056.3195,4043.2629
Greece,Manure Management,Emissions (CH4),kilotonnes,23.4751,22.3763,21.8314,21.3559,22.8397,22.553,22.0855,22.0886,21.8058,21.4877,21.5667,20.8497,20.6923,19.1309,18.5856,17.7122,17.3403,17.6375,16.391,16.1857,16.3135
Greece,Manure Management,Emissions (CH4),kilotonnes,31.0722,30.498,30.4193,30.397,30.4005,30.436,29.7489,29.7271,29.0402,28.5525,28.6086,28.0677,27.5685,26.843,26.0794,25.542,25.1415,24.9817,25.5797,25.22,25.0842
Greece,Manure Management,Emissions (N2O),kilotonnes,0.8088,0.7825,0.7665,0.757,0.7978,0.7872,0.7871,0.7908,0.7866,0.7753,0.7821,0.7687,0.7639,0.7235,0.7172,0.7078,0.7011,0.7131,0.6573,0.6468,0.6486
Greece,Manure Management,Emissions (N2O),kilotonnes,1.0762,1.0578,1.0683,1.0802,1.0987,1.1012,1.1018,1.0994,1.05,1.0235,1.0701,1.0456,1.0493,1.0422,1.0247,0.959,0.9544,0.9444,0.9555,0.9399,0.9412
Greece,Manure Management,Emissions (CO2eq) from CH4 (AR5),kilotonnes,657.3016,626.5366,611.2781,597.9662,639.5102,631.4839,618.3938,618.4804,610.5622,601.6548,603.8663,583.7926,579.3831,535.6645,520.3981,495.9409,485.5298,493.8509,458.9482,453.2006,456.7781
Greece,Manure Management,Emissions (CO2eq) from CH4 (AR5),kilotonnes,870.0207,853.9432,851.7402,851.1166,851.2131,852.2078,832.9699,832.3579,813.1245,799.4698,801.0403,785.8964,771.9177,751.604,730.2222,715.1766,703.9618,699.4884,716.2326,706.16,702.3571
Greece,Manure Management,Emissions (CO2eq) from N2O (AR5),kilotonnes,214.3349,207.3598,203.1209,200.593,211.4189,208.6165,208.5889,209.5721,208.4502,205.4623,207.2579,203.6978,202.4206,191.7219,190.0675,187.5763,185.7931,188.9797,174.1929,171.3888,171.8669
Greece,Manure Management,Emissions (CO2eq) from N2O (AR5),kilotonnes,285.1858,280.3164,283.0967,286.2634,291.1447,291.8229,291.9769,291.3381,278.2495,271.2367,283.5725,277.0895,278.0596,276.1889,271.5408,254.1445,252.9057,250.2673,253.2185,249.0837,249.4105
Greece,Manure Management,Emissions (CO2eq) (AR5),kilotonnes,871.6365,833.8963,814.399,798.5592,850.9291,840.1004,826.9827,828.0525,819.0124,807.1171,811.1242,787.4904,781.8036,727.3864,710.4656,683.5172,671.3228,682.8305,633.1411,624.5893,628.6451
Greece,Manure Management,Emissions (CO2eq) (AR5),kilotonnes,1155.2065,1134.2596,1134.8368,1137.38,1142.3577,1144.0307,1124.9469,1123.6961,1091.374,1070.7066,1084.6128,1062.9859,1049.9773,1027.7929,1001.763,969.321,956.8676,949.7557,969.4511,955.2437,951.7676
Greece,Manure left on Pasture,Direct emissions (N2O),kilotonnes,3.7517,3.7639,3.7978,3.7822,3.7646,3.6884,3.6634,3.6709,3.6657,3.6193,3.6566,3.6074,3.5763,3.5016,3.4263,3.2705,3.2141,3.2484,3.0213,3.0009,2.9677
Greece,Manure left on Pasture,Indirect emissions (N2O),kilotonnes,1.5194,1.5249,1.5394,1.5329,1.5236,1.4932,1.4811,1.4832,1.4816,1.4618,1.477,1.4567,1.4439,1.4153,1.3842,1.3181,1.2942,1.3084,1.2202,1.2132,1.1981
Greece,Manure left on Pasture,Emissions (N2O),kilotonnes,5.2711,5.2888,5.3372,5.315,5.2881,5.1816,5.1445,5.1541,5.1473,5.0811,5.1335,5.0641,5.0202,4.9169,4.8105,4.5886,4.5083,4.5568,4.2416,4.2141,4.1657
Greece,Manure left on Pasture,Emissions (CO2eq) from N2O (AR5),kilotonnes,1396.8474,1401.5239,1414.3623,1408.4836,1401.3543,1373.1118,1363.2924,1365.8367,1364.0469,1346.4931,1360.3904,1341.9905,1330.3492,1302.986,1274.7822,1215.9859,1194.6939,1207.5453,1124.0154,1116.7468,1103.9217
Greece,Manure left on Pasture,Emissions (CO2eq) (AR5),kilotonnes,1396.8474,1401.5239,1414.3623,1408.4836,1401.3543,1373.1118,1363.2924,1365.8367,1364.0469,1346.4931,1360.3904,1341.9905,1330.3492,1302.986,1274.7822,1215.9859,1194.6939,1207.5453,1124.0154,1116.7468,1103.9217
Greece,Manure applied to Soils,Direct emissions (N2O),kilotonnes,1.0484,1.0293,1.0153,1.0111,1.0351,1.0263,1.0245,1.0291,1.025,1.0036,1.0027,0.9913,0.9834,0.9549,0.9497,0.9433,0.9395,0.9581,0.9012,0.8914,0.8922
Greece,Manure applied to Soils,Direct emissions (N2O),kilotonnes,0.8972,0.8845,0.8865,0.891,0.9007,0.9004,0.8992,0.9005,0.8626,0.8432,0.8741,0.8542,0.8551,0.8456,0.8279,0.7844,0.7793,0.7713,0.7808,0.7709,0.7722
Greece,Manure applied to Soils,Indirect emissions (N2O),kilotonnes,0.4456,0.4374,0.4315,0.4297,0.4399,0.4362,0.4354,0.4374,0.4356,0.4265,0.4261,0.4213,0.418,0.4059,0.4036,0.4009,0.3993,0.4072,0.383,0.3789,0.3792
Greece,Manure applied to Soils,Emissions (N2O),kilotonnes,1.4939,1.4667,1.4467,1.4408,1.475,1.4624,1.4599,1.4665,1.4606,1.4302,1.4288,1.4125,1.4014,1.3608,1.3533,1.3443,1.3387,1.3653,1.2842,1.2703,1.2714
Greece,Manure applied to Soils,Emissions (N2O),kilotonnes,0.8972,0.8845,0.8865,0.891,0.9007,0.9004,0.8992,0.9005,0.8626,0.8432,0.8741,0.8542,0.8551,0.8456,0.8279,0.7844,0.7793,0.7713,0.7808,0.7709,0.7722
Greece,Manure applied to Soils,Emissions (CO2eq) from N2O (AR5),kilotonnes,395.8865,388.6764,383.3858,381.8142,390.8712,387.5377,386.881,388.6158,387.0619,378.9956,378.6444,374.3223,371.3679,360.6105,358.6344,356.2272,354.7601,361.7919,340.3235,336.6282,336.9303
Greece,Manure applied to Soils,Emissions (CO2eq) from N2O (AR5),kilotonnes,237.7632,234.3817,234.9186,236.1172,238.6735,238.6026,238.2926,238.6209,228.5876,223.4452,231.6261,226.3575,226.6044,224.0927,219.3893,207.8606,206.5246,204.3876,206.9239,204.2889,204.6347
Greece,Manure applied to Soils,Emissions (CO2eq) (AR5),kilotonnes,395.8865,388.6764,383.3858,381.8142,390.8712,387.5377,386.881,388.6158,387.0619,378.9956,378.6444,374.3223,371.3679,360.6105,358.6344,356.2272,354.7601,361.7919,340.3235,336.6282,336.9303
Greece,Manure applied to Soils,Emissions (CO2eq) (AR5),kilotonnes,237.7632,234.3817,234.9186,236.1172,238.6735,238.6026,238.2926,238.6209,228.5876,223.4452,231.6261,226.3575,226.6044,224.0927,219.3893,207.8606,206.5246,204.3876,206.9239,204.2889,204.6347
Greece,Synthetic Fertilizers,Direct emissions (N2O),kilotonnes,4.4786,4.1014,3.9757,3.8814,4.0071,3.52,3.3,3.7086,3.1586,2.75,3.3471,2.8505,2.757,2.9733,2.8262,2.5844,2.7205,2.8557,2.8197,2.9818,3.1891
Greece,Synthetic Fertilizers,Direct emissions (N2O),kilotonnes,4.2429,4.0857,3.9757,3.8814,4.0071,3.52,3.3,3.7086,3.1586,2.75,3.3471,2.8505,2.757,2.8684,2.6077,2.5824,2.9074,3.0198,2.8197,2.9818,3.1891
Greece,Synthetic Fertilizers,Indirect emissions (N2O),kilotonnes,1.4555,1.333,1.2921,1.2615,1.3023,1.144,1.0725,1.2053,1.0265,0.8938,1.0878,0.9264,0.896,0.9663,0.9185,0.8399,0.8842,0.9281,0.9164,0.9691,1.0365
Greece,Synthetic Fertilizers,Emissions (N2O),kilotonnes,5.9341,5.4344,5.2678,5.1429,5.3095,4.664,4.3725,4.9139,4.1851,3.6437,4.435,3.7769,3.653,3.9396,3.7447,3.4244,3.6047,3.7838,3.7361,3.9508,4.2256
Greece,Synthetic Fertilizers,Emissions (N2O),kilotonnes,4.2429,4.0857,3.9757,3.8814,4.0071,3.52,3.3,3.7086,3.1586,2.75,3.3471,2.8505,2.757,2.8684,2.6077,2.5824,2.9074,3.0198,2.8197,2.9818,3.1891
Greece,Synthetic Fertilizers,Emissions (CO2eq) from N2O (AR5),kilotonnes,1572.5384,1440.1141,1395.9727,1362.8666,1407.008,1235.96,1158.7125,1302.1721,1109.0534,965.5938,1175.2655,1000.8738,968.0491,1043.9889,992.3545,907.454,955.2371,1002.7057,990.0702,1046.9685,1119.7853
Greece,Synthetic Fertilizers,Emissions (CO2eq) from N2O (AR5),kilotonnes,1124.3571,1082.7143,1053.5643,1028.5786,1061.8929,932.8,874.5,982.7714,837.0214,728.75,886.9929,755.3764,730.6031,760.1237,691.0299,684.3337,770.472,800.2383,747.2228,790.1649,845.121
Greece,Synthetic Fertilizers,Emissions (CO2eq) (AR5),kilotonnes,1572.5384,1440.1141,1395.9727,1362.8666,1407.008,1235.96,1158.7125,1302.1721,1109.0534,965.5938,1175.2655,1000.8738,968.0491,1043.9889,992.3545,907.454,955.2371,1002.7057,990.0702,1046.9685,1119.7853
Greece,Synthetic Fertilizers,Emissions (CO2eq) (AR5),kilotonnes,1124.3571,1082.7143,1053.5643,1028.5786,1061.8929,932.8,874.5,982.7714,837.0214,728.75,886.9929,755.3764,730.6031,760.1237,691.0299,684.3337,770.472,800.2383,747.2228,790.1649,845.121
Greece,Drained organic soils,Emissions (CO2eq) (AR5),kilotonnes,1513.4395,1512.9244,1512.1483,1510.3034,1509.1473,1508.4964,1507.7915,1506.4992,1505.364,1504.1319,1502.8053,1502.055,1501.1021,1499.7199,1497.3664,1496.4233,1496.0902,1493.4831,1485.0221,1480.8951,1479.6067
Greece,Drained organic soils,Emissions (CO2eq) (AR5),kilotonnes,22.2023,22.2023,22.2023,22.2023,22.2023,22.2023,22.2023,22.2023,22.2023,22.2023,22.2023,22.2023,22.2023,22.2023,22.2023,22.2023,22.2023,22.2023,22.2023,22.2023,22.2023
Greece,Drained organic soils (CO2),Emissions (CO2),kilotonnes,1294.2022,1293.678,1293.0059,1291.4311,1290.4435,1289.8907,1289.2788,1288.1872,1287.1969,1286.11,1284.9632,1284.3191,1283.5018,1282.334,1280.32,1279.5088,1279.2325,1276.9716,1269.6759,1266.3837,1265.2844
Greece,Drained organic soils (CO2),Emissions (CO2eq) (AR5),kilotonnes,1294.2022,1293.678,1293.0059,1291.4311,1290.4435,1289.8907,1289.2788,1288.1872,1287.1969,1286.11,1284.9632,1284.3191,1283.5018,1282.334,1280.32,1279.5088,1279.2325,1276.9716,1269.6759,1266.3837,1265.2844
Greece,Drained organic soils (N2O),Emissions (N2O),kilotonnes,0.8273,0.8273,0.827,0.8259,0.8253,0.8249,0.8246,0.8238,0.8233,0.8227,0.822,0.8216,0.8211,0.8203,0.819,0.8185,0.8183,0.817,0.8126,0.8095,0.8088
Greece,Drained organic soils (N2O),Emissions (N2O),kilotonnes,0.0838,0.0838,0.0838,0.0838,0.0838,0.0838,0.0838,0.0838,0.0838,0.0838,0.0838,0.0838,0.0838,0.0838,0.0838,0.0838,0.0838,0.0838,0.0838,0.0838,0.0838
Greece,Drained organic soils (N2O),Emissions (CO2eq) from N2O (AR5),kilotonnes,219.2373,219.2464,219.1423,218.8722,218.7038,218.6058,218.5127,218.312,218.167,218.0219,217.8421,217.7359,217.6003,217.386,217.0464,216.9145,216.8578,216.5115,215.3463,214.5114,214.3223
Greece,Drained organic soils (N2O),Emissions (CO2eq) from N2O (AR5),kilotonnes,22.2023,22.2023,22.2023,22.2023,22.2023,22.2023,22.2023,22.2023,22.2023,22.2023,22.2023,22.2023,22.2023,22.2023,22.2023,22.2023,22.2023,22.2023,22.2023,22.2023,22.2023
Greece,Drained organic soils (N2O),Emissions (CO2eq) (AR5),kilotonnes,219.2373,219.2464,219.1423,218.8722,218.7038,218.6058,218.5127,218.312,218.167,218.0219,217.8421,217.7359,217.6003,217.386,217.0464,216.9145,216.8578,216.5115,215.3463,214.5114,214.3223
Greece,Drained organic soils (N2O),Emissions (CO2eq) (AR5),kilotonnes,22.2023,22.2023,22.2023,22.2023,22.2023,22.2023,22.2023,22.2023,22.2023,22.2023,22.2023,22.2023,22.2023,22.2023,22.2023,22.2023,22.2023,22.2023,22.2023,22.2023,22.2023
Greece,On-farm energy use,Emissions (CH4),kilotonnes,0.9131,0.9835,0.854,0.7193,0.6705,0.5446,0.5042,0.626,0.5259,0.3589,0.4447,0.2962,0.2201,0.1972,0.1872,0.1807,0.1988,0.202,0.2397,0.2502,0.2502
Greece,On-farm energy use,Emissions (N2O),kilotonnes,0.9425,0.9551,1.0528,1.1482,0.9721,0.9959,1.0437,0.9362,0.9037,0.7109,0.6323,0.4939,0.0362,0.0374,0.0311,0.0188,0.0176,0.0176,0.019,0.0166,0.0166
Greece,On-farm energy use,Emissions (CO2),kilotonnes,2858.1264,2919.6617,3127.1204,3306.4896,2845.5339,2865.3939,2993.6863,2753.4313,2638.008,2065.0208,1867.9599,1432.5142,231.6781,249.7314,220.9546,196.0268,201.4679,208.3041,226.2605,227.3216,227.3216
Greece,On-farm energy use,Emissions (CO2eq) from CH4 (AR5),kilotonnes,25.5668,27.5372,23.9124,20.1403,18.7746,15.2489,14.1187,17.5275,14.7261,10.0493,12.4526,8.2927,6.1632,5.5203,5.2413,5.0588,5.5669,5.6552,6.7126,7.0068,7.0068
Greece,On-farm energy use,Emissions (CO2eq) from N2O (AR5),kilotonnes,249.7551,253.1042,279.003,304.2761,257.6162,263.9169,276.5734,248.0888,239.4701,188.3862,167.5692,130.8941,9.598,9.9067,8.2303,4.9696,4.6622,4.6695,5.0386,4.4003,4.4003
Greece,On-farm energy use,Emissions (CO2eq) (AR5),kilotonnes,3133.4483,3200.3031,3430.0357,3630.9059,3121.9247,3144.5597,3284.3784,3019.0476,2892.2042,2263.4563,2047.9818,1571.7011,247.4393,265.1585,234.4263,206.0551,211.697,218.6288,238.0117,238.7288,238.7288
Greece,Forestland,Emissions (CO2),kilotonnes,-2343.0551,-2492.9623,-2492.9623,-2492.9623,-2492.9623,-2492.9623,-2492.9623,-2492.9623,-2492.9623,-2492.9623,-2492.9623,0,0,0,0,0,0,0,0,0,0
Greece,Forestland,Emissions (CO2),kilotonnes,-1579.3429,-1846.2118,-1879.6133,-1895.0843,-1897.6355,-2308.9746,-2291.2052,-2064.8794,-2145.2394,-2159.4691,-2192.0081,-2179.6662,-2175.437,-2193.982,-2204.9426,-2182.7451,-2197.3824,-2138.4187,-2157.5467,-2226.6777,-2229.2366
Greece,Forestland,Emissions (CO2eq) (AR5),kilotonnes,-2343.0551,-2492.9623,-2492.9623,-2492.9623,-2492.9623,-2492.9623,-2492.9623,-2492.9623,-2492.9623,-2492.9623,-2492.9623,0,0,0,0,0,0,0,0,0,0
Greece,Forestland,Emissions (CO2eq) (AR5),kilotonnes,-1579.3429,-1846.2118,-1879.6133,-1895.0843,-1897.6355,-2308.9746,-2291.2052,-2064.8794,-2145.2394,-2159.4691,-2192.0081,-2179.6662,-2175.437,-2193.982,-2204.9426,-2182.7451,-2197.3824,-2138.4187,-2157.5467,-2226.6777,-2229.2366
Greece,Net Forest conversion,Emissions (CO2),kilotonnes,0,0,0,0,0,0,0,0,0,0,0,0,0,0,0,0,0.0475,0.0475,0.0475,0.0475,0.0475
Greece,Net Forest conversion,Emissions (CO2),kilotonnes,40.2623,39.2565,43.5969,53.0075,51.4742,40.3419,45.8276,71.4541,52.2712,47.8092,43.8016,45.5362,98.5508,43.8655,43.8072,41.6053,52.9927,49.1881,49.8265,42.1467,46.1583
Greece,Net Forest conversion,Emissions (CO2eq) (AR5),kilotonnes,0,0,0,0,0,0,0,0,0,0,0,0,0,0,0,0,0.0475,0.0475,0.0475,0.0475,0.0475
Greece,Net Forest conversion,Emissions (CO2eq) (AR5),kilotonnes,40.2623,39.2565,43.5969,53.0075,51.4742,40.3419,45.8276,71.4541,52.2712,47.8092,43.8016,45.5362,98.5508,43.8655,43.8072,41.6053,52.9927,49.1881,49.8265,42.1467,46.1583
Greece,Savanna fires,Emissions (CH4),kilotonnes,0.4761,0.074,0.0312,0.0172,0.0312,0.0317,0.1482,2.2896,0.2823,0.338,0.068,0.2427,0.4473,0.1295,0.0751,0.0871,0.192,0.1718,0.0881,0.0625,0.0801
Greece,Savanna fires,Emissions (CH4),kilotonnes,2.4839,0.4999,0.0936,0.1254,0.309,0.2256,0.2535,5.1377,0.5412,0.5386,0.1021,0.4752,0.8719,0.5733,0.3328,0.2622,0.7759,0.5242,0.6177,2.2755,0.4158
Greece,Savanna fires,Emissions (N2O),kilotonnes,0.0435,0.0068,0.0028,0.0016,0.0028,0.0029,0.0135,0.209,0.0258,0.0309,0.0062,0.0222,0.0408,0.0118,0.0069,0.008,0.0175,0.0157,0.008,0.0057,0.0073
Greece,Savanna fires,Emissions (N2O),kilotonnes,0.0171,0.0034,0.0006,0.0009,0.0021,0.0016,0.0017,0.0353,0.0037,0.0037,0.0007,0.0033,0.006,0.0039,0.0023,0.0018,0.0053,0.0036,0.0042,0.0156,0.0029
Greece,Savanna fires,Emissions (CO2eq) from CH4 (AR5),kilotonnes,13.3315,2.0727,0.8731,0.4823,0.8739,0.8885,4.1497,64.1087,7.9045,9.4632,1.9045,6.796,12.5231,3.6264,2.1028,2.4381,5.3772,4.8104,2.4679,1.7488,2.2434
Greece,Savanna fires,Emissions (CO2eq) from CH4 (AR5),kilotonnes,69.5485,13.9979,2.6199,3.5099,8.6527,6.3178,7.0979,143.8567,15.1531,15.0796,2.8586,13.3043,24.4122,16.0514,9.3181,7.3413,21.7254,14.6778,17.2948,63.7153,11.6422
Greece,Savanna fires,Emissions (CO2eq) from N2O (AR5),kilotonnes,11.5203,1.791,0.7545,0.4168,0.7552,0.7678,3.5859,55.3982,6.8305,8.1774,1.6457,5.8726,10.8216,3.1337,1.8171,2.1068,4.6466,4.1568,2.1326,1.5112,1.9386
Greece,Savanna fires,Emissions (CO2eq) from N2O (AR5),kilotonnes,4.5253,0.9108,0.1705,0.2284,0.563,0.4111,0.4618,9.3603,0.986,0.9812,0.186,0.8657,1.5884,1.0444,0.6063,0.4777,1.4136,0.955,1.1253,4.1458,0.7575
Greece,Savanna fires,Emissions (CO2eq) (AR5),kilotonnes,24.8518,3.8637,1.6276,0.8991,1.6291,1.6562,7.7357,119.5069,14.735,17.6406,3.5502,12.6686,23.3446,6.7602,3.9199,4.5449,10.0238,8.9673,4.6006,3.26,4.182
Greece,Savanna fires,Emissions (CO2eq) (AR5),kilotonnes,74.0738,14.9087,2.7904,3.7383,9.2158,6.7289,7.5597,153.2171,16.1391,16.0608,3.0445,14.1699,26.0006,17.0959,9.9244,7.819,23.139,15.6329,18.4201,67.861,12.3997
Greece,Fires in organic soils,Emissions (CH4),kilotonnes,0,0,0,0,0,0,0,0,0,0,0,0,0,0,0,0,0,0,0,0,0
Greece,Fires in organic soils,Emissions (CO2),kilotonnes,0,0,0,0,0,0,0,0,0,0,0,0,0,0,0,0,0,0,0,0,0
Greece,Fires in organic soils,Emissions (CO2eq) from CH4 (AR5),kilotonnes,0,0,0,0,0,0,0,0,0,0,0,0,0,0,0,0,0,0,0,0,0
Greece,Fires in organic soils,Emissions (CO2eq) (AR5),kilotonnes,0,0,0,0,0,0,0,0,0,0,0,0,0,0,0,0,0,0,0,0,0
Greece,Forest fires,Emissions (CH4),kilotonnes,1.2259,0.0025,0.0149,0,0.0125,0,0.0971,1.3295,0.117,0.005,0,0.294,0.142,0.005,0.0324,0.0075,0.3138,0.1892,0.0498,0.1968,0.1593
Greece,Forest fires,Emissions (N2O),kilotonnes,0.0678,0.0002,0.0014,0,0.0011,0,0.0089,0.1214,0.0107,0.0005,0,0.0268,0.013,0.0005,0.003,0.0007,0.0287,0.0173,0.0045,0.018,0.0145
Greece,Forest fires,Emissions (CO2eq) from CH4 (AR5),kilotonnes,34.3239,0.0697,0.4182,0,0.3486,0,2.7195,37.2263,3.2757,0.1395,0,8.2316,3.9758,0.1394,0.9064,0.2092,8.7867,5.2985,1.3947,5.509,4.4617
Greece,Forest fires,Emissions (CO2eq) from N2O (AR5),kilotonnes,17.9704,0.0603,0.3614,0,0.3013,0,2.35,32.1684,2.8306,0.1205,0,7.1132,3.4356,0.1205,0.7833,0.1808,7.5929,4.5786,1.2052,4.7605,3.8555
Greece,Forest fires,Emissions (CO2eq) (AR5),kilotonnes,52.2943,0.13,0.7795,0,0.6499,0,5.0695,69.3946,6.1063,0.26,0,15.3448,7.4114,0.2599,1.6897,0.3899,16.3796,9.8771,2.5999,10.2695,8.3172
Greece,Fires in humid tropical forests,Emissions (CH4),kilotonnes,0,0,0,0,0,0,0,0,0,0,0,0,0,0,0,0,0,0,0,0,0
Greece,Fires in humid tropical forests,Emissions (N2O),kilotonnes,0,0,0,0,0,0,0,0,0,0,0,0,0,0,0,0,0,0,0,0,0
Greece,Fires in humid tropical forests,Emissions (CO2eq) from CH4 (AR5),kilotonnes,0,0,0,0,0,0,0,0,0,0,0,0,0,0,0,0,0,0,0,0,0
Greece,Fires in humid tropical forests,Emissions (CO2eq) from N2O (AR5),kilotonnes,0,0,0,0,0,0,0,0,0,0,0,0,0,0,0,0,0,0,0,0,0
Greece,Fires in humid tropical forests,Emissions (CO2eq) (AR5),kilotonnes,0,0,0,0,0,0,0,0,0,0,0,0,0,0,0,0,0,0,0,0,0
Greece,Waste - agri-food systems,Emissions (CH4),kilotonnes,188.1116,186.2865,119.3821,229.201,122.6767,128.1548,134.3083,139.0042,144.9752,150.6931,156.1958,161.3239,166.6613,173.2434,172.076,171.2307,172.4944,167.926,163.5105,159.1022,154.6338
Greece,Waste - agri-food systems,Emissions (N2O),kilotonnes,0.5988,0.578,0.5696,0.5979,0.6023,0.5851,0.5878,0.5821,0.5678,0.5747,0.5739,0.5604,0.5514,0.57,0.5511,0.5412,0.538,0.56,0.5726,0.5856,0.5982
Greece,Waste - agri-food systems,Emissions (CO2),kilotonnes,170.8935,171.1864,172.0256,173.825,174.9905,175.1793,175.8373,176.8616,177.5947,177.1165,176.3893,176.064,175.0199,174.9333,174.8361,173.6007,173.5136,173.7411,174.1369,173.9159,173.3628
Greece,Waste - agri-food systems,Emissions (CO2eq) from CH4 (AR5),kilotonnes,5267.1246,5216.023,3342.6976,6417.629,3434.9463,3588.3339,3760.6337,3892.1167,4059.3055,4219.406,4373.4829,4517.0693,4666.5167,4850.8151,4818.1283,4794.459,4829.8423,4701.9289,4578.2945,4454.8612,4329.7458
Greece,Waste - agri-food systems,Emissions (CO2eq) from N2O (AR5),kilotonnes,158.6763,153.1717,150.9392,158.4387,159.6138,155.0518,155.7723,154.2488,150.4675,152.3032,152.0915,148.4971,146.1161,151.0492,146.0331,143.4121,142.5653,148.4023,151.745,155.1969,158.5331
Greece,Waste - agri-food systems,Emissions (CO2eq) (AR5),kilotonnes,5596.6944,5540.3812,3665.6624,6749.8927,3769.5506,3918.565,4092.2433,4223.2271,4387.3677,4548.8257,4701.9638,4841.6304,4987.6528,5176.7975,5138.9975,5111.4718,5145.9212,5024.0723,4904.1764,4783.9739,4661.6418
Greece,Fertilizers Manufacturing,Emissions (N2O),kilotonnes,0.0431,0.0431,0.0432,0.0435,0.0419,0.0414,0.0425,0.0406,0.0405,0.042,0.0399,0.0408,0.0398,0.0241,0.0273,0.0614,0.0364,0.056,0.0278,0.0217,0.019
Greece,Fertilizers Manufacturing,Emissions (CO2),kilotonnes,112.583,123.9369,135.9993,149.0514,251.9526,164.9419,181.5739,185.3013,143.2243,102.6587,154.7335,286.8864,182.8877,218.4824,286.2185,336.2277,355.1066,408.1829,229.2945,185.3072,151.1801
Greece,Fertilizers Manufacturing,Emissions (CO2eq) from N2O (AR5),kilotonnes,11.4215,11.4215,11.448,11.5275,11.1035,10.971,11.2625,10.759,10.7325,11.13,10.5735,10.812,10.547,6.3865,7.2345,16.271,9.646,14.84,7.367,5.7505,5.0263
Greece,Fertilizers Manufacturing,Emissions (CO2eq) (AR5),kilotonnes,124.0045,135.3584,147.4473,160.5789,263.0561,175.9129,192.8364,196.0603,153.9568,113.7887,165.307,297.6984,193.4347,224.8689,293.453,352.4987,364.7526,423.0229,236.6615,191.0577,156.2063
Greece,On-farm electricity use,Emissions (CH4),kilotonnes,3.4918,3.3359,2.9795,3.3395,3.3467,3.5182,3.2603,3.457,3.7258,3.0167,3.1979,3.0035,3.2723,3.2446,2.7395,2.7203,2.8847,3.151,2.7407,2.741,2.741
Greece,On-farm electricity use,Emissions (N2O),kilotonnes,0.0186,0.0178,0.0159,0.0178,0.0179,0.0188,0.0174,0.0185,0.0199,0.0161,0.0171,0.016,0.0175,0.0173,0.0146,0.0145,0.0154,0.0169,0.0147,0.0146,0.0146
Greece,On-farm electricity use,Emissions (CO2),kilotonnes,2385.8915,2318.1956,2027.7258,2173.6502,2174.5819,2284.922,1985.7909,2166.7405,2321.5448,1823.8291,1914.173,1768.9369,1866.9323,2002.5161,1690.7339,1678.8846,1780.3435,1944.7513,1691.4744,1691.6226,1691.6226
Greece,On-farm electricity use,Emissions (CO2eq) from CH4 (AR5),kilotonnes,97.7704,93.4052,83.426,93.506,93.7076,98.5096,91.2884,96.796,104.3224,84.4676,89.5412,84.098,91.6244,90.8488,76.706,76.1684,80.7716,88.228,76.7396,76.748,76.748
Greece,On-farm electricity use,Emissions (CO2eq) from N2O (AR5),kilotonnes,4.929,4.717,4.2135,4.717,4.7435,4.982,4.611,4.9025,5.2735,4.2665,4.5315,4.24,4.6375,4.5845,3.869,3.8425,4.081,4.4785,3.8955,3.869,3.869
Greece,On-farm electricity use,Emissions (CO2eq) (AR5),kilotonnes,2488.5909,2416.3178,2115.3653,2271.8732,2273.033,2388.4136,2081.6903,2268.439,2431.1407,1912.5632,2008.2457,1857.2749,1963.1942,2097.9494,1771.3089,1758.8955,1865.1961,2037.4578,1772.1095,1772.2396,1772.2396
Greece,Food Processing,Emissions (CH4),kilotonnes,1.4922,1.5145,1.5793,2.2904,2.3107,2.3011,2.4364,2.7164,2.6999,2.6411,2.6039,3.2268,2.6703,2.5551,2.6319,2.2432,1.7023,1.2669,1.8481,1.8481,1.7412
Greece,Food Processing,Emissions (N2O),kilotonnes,0.0151,0.0147,0.0151,0.0194,0.0179,0.0165,0.0178,0.019,0.0184,0.0172,0.0167,0.0196,0.0171,0.0167,0.0175,0.0153,0.0124,0.0101,0.0131,0.0131,0.0115
Greece,Food Processing,Emissions (CO2),kilotonnes,2109.0351,2059.6091,2080.8889,2599.106,2414.7365,2291.7103,2382.9555,2448.7599,2389.2745,2239.0619,2106.7044,2359.1594,2099.7359,2191.5003,2314.5335,2047.3801,1725.9183,1459.1024,1794.1314,1794.1314,1463.7148
Greece,Food Processing,Emissions (CO2eq) from CH4 (AR5),kilotonnes,41.7816,42.406,44.2204,64.1312,64.6996,64.4308,68.2192,76.0592,75.5972,73.9508,72.9092,90.3504,74.7684,71.5428,73.6932,62.8096,47.6644,35.4732,51.7468,51.7468,48.7532
Greece,Food Processing,Emissions (CO2eq) from N2O (AR5),kilotonnes,4.0015,3.8955,4.0015,5.141,4.7435,4.3725,4.717,5.035,4.876,4.558,4.4255,5.194,4.5315,4.4255,4.6375,4.0545,3.286,2.6765,3.4715,3.4715,3.0343
Greece,Food Processing,Emissions (CO2eq) (AR5),kilotonnes,2154.8182,2105.9106,2129.1108,2668.3782,2484.1796,2360.5136,2455.8917,2529.8541,2469.7477,2317.5707,2184.0391,2454.7038,2179.0358,2267.4686,2392.8642,2114.2442,1776.8687,1497.2521,1849.3497,1849.3497,1515.5023
Greece,Food Packaging,Emissions (CH4),kilotonnes,1.0081,1.0008,1.0038,0.9905,1.074,1.141,1.0078,1.2453,1.142,1.0961,1.2564,0.8655,0.8544,0.866,0.92,0.9341,0.7905,0.9371,1.0178,0.986,0.929
Greece,Food Packaging,Emissions (N2O),kilotonnes,0.0087,0.0084,0.0085,0.0086,0.0089,0.0092,0.0086,0.0107,0.0097,0.0079,0.0092,0.0073,0.0066,0.0066,0.0074,0.0076,0.0065,0.0073,0.0076,0.0075,0.0066
Greece,Food Packaging,Emissions (CO2),kilotonnes,1049.4897,1047.0328,1045.5045,1014.4586,1055.3083,1091.2862,974.0316,1200.9874,1094.7195,919.903,1025.391,806.9213,700.4909,762.7838,818.6678,824.9392,711.963,793.6027,835.4956,786.0216,641.2637
Greece,Food Packaging,Emissions (CO2eq) from CH4 (AR5),kilotonnes,28.2268,28.0224,28.1064,27.734,30.072,31.948,28.2184,34.8684,31.976,30.6908,35.1792,24.234,23.9232,24.248,25.76,26.1548,22.134,26.2388,28.4984,27.608,26.0108
Greece,Food Packaging,Emissions (CO2eq) from N2O (AR5),kilotonnes,2.3055,2.226,2.2525,2.279,2.3585,2.438,2.279,2.8355,2.5705,2.0935,2.438,1.9345,1.749,1.749,1.961,2.014,1.7225,1.9345,2.014,1.9875,1.7372
Greece,Food Packaging,Emissions (CO2eq) (AR5),kilotonnes,1080.022,1077.2812,1075.8634,1044.4716,1087.7388,1125.6722,1004.529,1238.6913,1129.266,952.6873,1063.0082,833.0898,726.1631,788.7808,846.3888,853.108,735.8195,821.776,866.008,815.6171,669.0118
Greece,Food Retail,Emissions (CH4),kilotonnes,1.6214,1.7519,1.8508,1.9853,2.0999,2.1812,2.3502,2.4837,2.6048,2.6139,2.3798,2.2264,2.4402,2.2477,2.2196,2.3681,2.569,2.5419,2.3524,2.8784,2.7119
Greece,Food Retail,Emissions (N2O),kilotonnes,0.0092,0.0102,0.0107,0.0115,0.0121,0.0128,0.0137,0.0144,0.0149,0.0147,0.0134,0.0125,0.0134,0.0124,0.0121,0.0129,0.014,0.0138,0.0128,0.0159,0.0139
Greece,Food Retail,Emissions (CO2),kilotonnes,1191.6785,1326.3109,1370.7231,1414.6586,1497.3436,1584.1319,1607.1164,1722.6704,1789.3374,1718.4718,1547.7361,1433.4027,1486.447,1485.8931,1441.2292,1544.4281,1665.9476,1650.2429,1530.9727,1835.8112,1497.7186
Greece,Food Retail,Emissions (CO2eq) from F-gases (AR5),kilotonnes,379.7545,458.7185,538.202,619.7635,697.6885,796.3935,877.4355,958.997,971.9845,978.738,982.3745,984.4525,986.011,987.5695,987.5695,987.5695,1066.014,1086.794,1107.0545,1127.315,1089.5981
Greece,Food Retail,Emissions (CO2eq) from CH4 (AR5),kilotonnes,45.3992,49.0532,51.8224,55.5884,58.7972,61.0736,65.8056,69.5436,72.9344,73.1892,66.6344,62.3392,68.3256,62.9356,62.1488,66.3068,71.932,71.1732,65.8672,80.5952,75.9327
Greece,Food Retail,Emissions (CO2eq) from N2O (AR5),kilotonnes,2.438,2.703,2.8355,3.0475,3.2065,3.392,3.6305,3.816,3.9485,3.8955,3.551,3.3125,3.551,3.286,3.2065,3.4185,3.71,3.657,3.392,4.2135,3.6828
Greece,Food Retail,Emissions (CO2eq) (AR5),kilotonnes,1619.2702,1836.7856,1963.583,2093.058,2257.0358,2444.991,2553.988,2755.027,2838.2048,2774.2945,2600.296,2483.5069,2544.3346,2539.6842,2494.154,2601.7229,2807.6036,2811.8671,2707.2864,3047.9349,2666.9323
Greece,Food Household Consumption,Emissions (CH4),kilotonnes,3.492,3.5786,3.807,3.9986,4.0812,4.1001,4.2548,4.2992,4.3723,4.3271,4.3116,4.2634,4.4902,4.0516,4.0103,4.1568,4.6672,4.6115,3.9366,3.9366,3.7089
Greece,Food Household Consumption,Emissions (N2O),kilotonnes,0.0288,0.0301,0.0319,0.0351,0.0349,0.0353,0.0355,0.0345,0.0344,0.0327,0.0316,0.034,0.0325,0.0259,0.0258,0.0285,0.0304,0.03,0.0254,0.0254,0.0222
Greece,Food Household Consumption,Emissions (CO2),kilotonnes,3647.3145,3846.673,4032.6448,4328.2521,4301.6787,4360.3296,4254.2836,4200.1939,4185.0507,3916.5951,3754.5296,4062.7685,3747.9153,3136.8466,3137.6245,3504.0464,3708.0622,3669.3834,3127.9225,3127.9225,2551.8679
Greece,Food Household Consumption,Emissions (CO2eq) from CH4 (AR5),kilotonnes,97.776,100.2008,106.596,111.9608,114.2736,114.8028,119.1344,120.3776,122.4244,121.1588,120.7248,119.3752,125.7256,113.4448,112.2884,116.3904,130.6816,129.122,110.2248,110.2248,103.8482
Greece,Food Household Consumption,Emissions (CO2eq) from N2O (AR5),kilotonnes,7.632,7.9765,8.4535,9.3015,9.2485,9.3545,9.4075,9.1425,9.116,8.6655,8.374,9.01,8.6125,6.8635,6.837,7.5525,8.056,7.95,6.731,6.731,5.8833
Greece,Food Household Consumption,Emissions (CO2eq) (AR5),kilotonnes,3752.7225,3954.8503,4147.6943,4449.5144,4425.2008,4484.4869,4382.8255,4329.714,4316.5911,4046.4194,3883.6284,4191.1537,3882.2534,3257.1549,3256.7499,3627.9893,3846.7998,3806.4554,3244.8783,3244.8783,2661.5994
Greece,Food Transport,Emissions (CH4),kilotonnes,0.3008,0.3006,0.2977,0.296,0.2867,0.2808,0.2767,0.2771,0.2611,0.2676,0.2386,0.2366,0.177,0.191,0.1889,0.1907,0.1912,0.1806,0.1726,0.173,0.163
Greece,Food Transport,Emissions (N2O),kilotonnes,0.0653,0.0663,0.0668,0.0682,0.0679,0.0682,0.0679,0.0674,0.0639,0.0659,0.0563,0.0487,0.0426,0.0385,0.0415,0.0406,0.0412,0.0404,0.0393,0.0475,0.0415
Greece,Food Transport,Emissions (CO2),kilotonnes,1360.68,1422.53,1453.48,1528.83,1552.93,1585.18,1629.795,1678.985,1632.82,1833.4285,1628.9305,1456.8515,1209.9295,1207.953,1215.72,1249.835,1278.16,1257.485,1214.775,1466.4716,1196.3985
Greece,Food Transport,Emissions (CO2eq) from CH4 (AR5),kilotonnes,8.4224,8.4168,8.3356,8.288,8.0276,7.8624,7.7476,7.7588,7.3108,7.4928,6.6808,6.6248,4.956,5.348,5.2892,5.3396,5.3536,5.0568,4.8328,4.844,4.5638
Greece,Food Transport,Emissions (CO2eq) from N2O (AR5),kilotonnes,17.3045,17.5695,17.702,18.073,17.9935,18.073,17.9935,17.861,16.9335,17.4635,14.9195,12.9055,11.289,10.2025,10.9975,10.759,10.918,10.706,10.4145,12.5875,11.0022
Greece,Food Transport,Emissions (CO2eq) (AR5),kilotonnes,1386.4069,1448.5163,1479.5176,1555.191,1578.9511,1611.1154,1655.5361,1704.6048,1657.0643,1858.3848,1650.5308,1476.3818,1226.1745,1223.5035,1232.0067,1265.9336,1294.4316,1273.2478,1230.0223,1483.9031,1211.9645
Greece,Energy,Emissions (CH4),kilotonnes,198,195,193,186,185,181,175,174,166,161,152,151,153,143,141,137,125,130,125,121,114
Greece,Energy,Emissions (N2O),kilotonnes,2.65,2.68,2.77,2.89,2.71,2.75,2.75,2.68,2.56,2.34,2.11,1.92,1.35,1.18,1.17,1.14,1.07,1.05,1.03,0.929,0.812
Greece,Energy,Emissions (CO2),kilotonnes,83900,86500,86600,88500,89800,91200,89600,90000,89600,86900,79200,77100,77500,66500,64800,62400,59200,46200,61600,58100,47400
Greece,Energy,Emissions (CO2eq) from CH4 (AR5),kilotonnes,5544,5460,5404,5208,5180,5068,4900,4872,4648,4508,4256,4228,4284,4004,3948,3836,3500,3640,3500,3388,3192
Greece,Energy,Emissions (CO2eq) from N2O (AR5),kilotonnes,702.25,710.2,734.05,765.85,718.15,728.75,728.75,710.2,678.4,620.1,559.15,508.8,357.75,312.7,310.05,302.1,283.55,278.25,272.95,246.185,215.18
Greece,Energy,Emissions (CO2eq) (AR5),kilotonnes,90146.25,92670.2,92738.05,94473.85,95698.15,96996.75,95228.75,95582.2,94926.4,92028.1,84015.15,81836.8,82141.75,70816.7,69058.05,66538.1,62983.55,50118.25,65372.95,61734.185,50807.18
Greece,IPPU,Emissions (CH4),kilotonnes,0.0941,0.102,0.113,0.11,0.111,0.111,0.102,0.105,0.102,0.0528,0.0828,0.109,0.112,0.103,0.112,0.105,0.106,0.119,0.111,0.103,0.101
Greece,IPPU,Emissions (N2O),kilotonnes,2.98,2.58,2.5,2.36,2.27,2.26,1.93,1.93,1.87,1.7,1.89,2.04,1.5,1.73,1.78,1.89,1.79,1.82,1.83,1.76,1.62
Greece,IPPU,Emissions (CO2),kilotonnes,8260,8170,7960,8150,8170,8610,8460,8280,7880,6270,5930,4230,4780,5350,5580,5220,5450,5500,5300,5450,4780
Greece,IPPU,Emissions (CO2eq) from F-gases (AR5),kilotonnes,3896.7359,1409.0441,3537.1867,3333.1182,3342.8358,3197.0726,1904.639,2040.6846,2176.7303,2273.9057,2458.5391,2409.9514,2555.7146,2769.5006,2730.6304,2779.2181,2886.1111,2837.5234,2750.0655,2614.0198,2526.5619
Greece,IPPU,Emissions (CO2eq) from CH4 (AR5),kilotonnes,2.6348,2.856,3.164,3.08,3.108,3.108,2.856,2.94,2.856,1.4784,2.3184,3.052,3.136,2.884,3.136,2.94,2.968,3.332,3.108,2.884,2.828
Greece,IPPU,Emissions (CO2eq) from N2O (AR5),kilotonnes,789.7,683.7,662.5,625.4,601.55,598.9,511.45,511.45,495.55,450.5,500.85,540.6,397.5,458.45,471.7,500.85,474.35,482.3,484.95,466.4,429.3
Greece,IPPU,Emissions (CO2eq) (AR5),kilotonnes,12949.0707,10265.6001,12162.8507,12111.5982,12117.4938,12409.0806,10878.945,10835.0746,10555.1363,8995.8841,8891.7075,7183.6034,7736.3506,8580.8346,8785.4664,8503.0081,8813.4291,8823.1554,8538.1235,8533.3038,7738.6899
Greece,Waste,Emissions (CH4),kilotonnes,190,170,179,191,196,210,220,216,221,208,197,187,178,175,175,174,173,174,173,174,174
Greece,Waste,Emissions (N2O),kilotonnes,0.817,0.82,0.822,0.817,0.824,0.832,0.845,0.846,0.841,0.825,0.847,0.85,0.845,0.827,0.814,0.794,0.794,0.801,0.801,0.8,0.78
Greece,Waste,Emissions (CO2),kilotonnes,0.139,0.139,0.324,0.592,0.729,1.37,1.66,2.23,2.61,8.85,4.53,4,2.47,2.73,3.18,3.63,2.78,2.49,2.54,2.26,2.03
Greece,Waste,Emissions (CO2eq) from CH4 (AR5),kilotonnes,5320,4760,5012,5348,5488,5880,6160,6048,6188,5824,5516,5236,4984,4900,4900,4872,4844,4872,4844,4872,4872
Greece,Waste,Emissions (CO2eq) from N2O (AR5),kilotonnes,216.505,217.3,217.83,216.505,218.36,220.48,223.925,224.19,222.865,218.625,224.455,225.25,223.925,219.155,215.71,210.41,210.41,212.265,212.265,212,206.7
Greece,Waste,Emissions (CO2eq) (AR5),kilotonnes,5536.644,4977.439,5230.154,5565.097,5707.089,6101.85,6385.585,6274.42,6413.475,6051.475,5744.985,5465.25,5210.395,5121.885,5118.89,5086.04,5057.19,5086.755,5058.805,5086.26,5080.73
Greece,Other,Emissions (N2O),kilotonnes,1.88,1.92,1.89,1.94,1.92,1.92,1.93,1.97,1.88,1.93,1.64,1.44,1.27,1.16,1.12,1.14,1.12,1.12,1.07,0.871,0.792
Greece,Other,Emissions (CO2eq) from N2O (AR5),kilotonnes,498.2,508.8,500.85,514.1,508.8,508.8,511.45,522.05,498.2,511.45,434.6,381.6,336.55,307.4,296.8,302.1,296.8,296.8,283.55,230.815,209.88
Greece,Other,Emissions (CO2eq) (AR5),kilotonnes,498.2,508.8,500.85,514.1,508.8,508.8,511.45,522.05,498.2,511.45,434.6,381.6,336.55,307.4,296.8,302.1,296.8,296.8,283.55,230.815,209.88
Greece,Farm-gate emissions,Emissions (CH4),kilotonnes,188.1634,185.5607,185.5267,183.7951,188.8577,184.4125,184.2727,188.38,185.5781,185.6897,188.4426,186.0874,185.2691,176.1577,172.0609,168.5403,168.0011,168.9873,156.3703,154.3943,156.8207
Greece,Farm-gate emissions,Direct emissions (N2O),kilotonnes,10.1504,9.7604,9.6305,9.477,9.676,9.0972,8.7873,9.1915,8.7809,8.2715,8.8219,8.2747,8.1304,8.2554,7.9203,7.5188,7.5408,7.6776,7.2562,7.3731,7.5775
Greece,Farm-gate emissions,Indirect emissions (N2O),kilotonnes,3.6167,3.4901,3.4524,3.4046,3.4614,3.2674,3.1689,3.302,3.1534,2.9843,3.1744,2.9901,2.941,2.9733,2.868,2.7211,2.7276,2.7821,2.6353,2.6734,2.7326
Greece,Farm-gate emissions,Emissions (N2O),kilotonnes,16.4291,15.8624,15.7728,15.6557,15.7771,15.0172,14.664,15.2914,14.5143,13.6347,14.2752,13.4067,12.7688,12.8562,12.3913,11.8184,11.8487,12.0462,11.409,11.5441,11.8108
Greece,Farm-gate emissions,Emissions (CO2),kilotonnes,4152.3285,4213.3397,4420.1263,4597.9208,4135.9774,4155.2846,4282.9651,4041.6185,3925.2049,3351.1308,3152.9231,2716.8333,1515.1798,1532.0653,1501.2746,1475.5356,1480.7004,1485.2757,1495.9363,1493.7053,1492.606
Greece,Farm-gate emissions,Emissions (CO2eq) from CH4 (AR5),kilotonnes,5268.5765,5195.6995,5194.7489,5146.2636,5288.0145,5163.5513,5159.6359,5274.6409,5196.1867,5199.3104,5276.392,5210.448,5187.5361,4932.4167,4817.704,4719.1274,4704.0298,4731.6439,4378.3671,4323.0403,4390.9784
Greece,Farm-gate emissions,Emissions (CO2eq) from N2O (AR5),kilotonnes,4353.7043,4203.5394,4179.7966,4148.7671,4180.9298,3979.5673,3885.9592,4052.2282,3846.2903,3613.2047,3782.9331,3552.7708,3383.7381,3406.8844,3283.6927,3131.8885,3139.8945,3192.236,3023.3894,3059.184,3129.8748
Greece,Farm-gate emissions,Emissions (CO2eq) (AR5),kilotonnes,13774.6094,13612.5787,13794.6719,13892.9515,13604.9216,13298.4032,13328.5602,13368.4876,12967.682,12163.6459,12212.2483,11480.0521,10086.4541,9871.3664,9602.6712,9326.5515,9324.6246,9409.1556,8897.6928,8875.9296,9013.4593
Greece,Land Use change,Emissions (CH4),kilotonnes,0,0,0,0,0,0,0,0,0,0,0,0,0,0,0,0,0,0,0,0,0
Greece,Land Use change,Emissions (N2O),kilotonnes,0,0,0,0,0,0,0,0,0,0,0,0,0,0,0,0,0,0,0,0,0
Greece,Land Use change,Emissions (CO2),kilotonnes,0,0,0,0,0,0,0,0,0,0,0,0,0,0,0,0,0.0475,0.0475,0.0475,0.0475,0.0475
Greece,Land Use change,Emissions (CO2eq) from CH4 (AR5),kilotonnes,0,0,0,0,0,0,0,0,0,0,0,0,0,0,0,0,0,0,0,0,0
Greece,Land Use change,Emissions (CO2eq) from N2O (AR5),kilotonnes,0,0,0,0,0,0,0,0,0,0,0,0,0,0,0,0,0,0,0,0,0
Greece,Land Use change,Emissions (CO2eq) (AR5),kilotonnes,0,0,0,0,0,0,0,0,0,0,0,0,0,0,0,0,0.0475,0.0475,0.0475,0.0475,0.0475
Greece,Emissions on agricultural land,Emissions (CH4),kilotonnes,188.1634,185.5607,185.5267,183.7951,188.8577,184.4125,184.2727,188.38,185.5781,185.6897,188.4426,186.0874,185.2691,176.1577,172.0609,168.5403,168.0011,168.9873,156.3703,154.3943,156.8207
Greece,Emissions on agricultural land,Emissions (N2O),kilotonnes,16.4291,15.8624,15.7728,15.6557,15.7771,15.0172,14.664,15.2914,14.5143,13.6347,14.2752,13.4067,12.7688,12.8562,12.3913,11.8184,11.8487,12.0462,11.409,11.5441,11.8108
Greece,Emissions on agricultural land,Emissions (CO2),kilotonnes,4152.3285,4213.3397,4420.1263,4597.9208,4135.9774,4155.2846,4282.9651,4041.6185,3925.2049,3351.1308,3152.9231,2716.8333,1515.1798,1532.0653,1501.2746,1475.5356,1480.7479,1485.3232,1495.9838,1493.7528,1492.6535
Greece,Emissions on agricultural land,Emissions (CO2eq) from CH4 (AR5),kilotonnes,5268.5765,5195.6995,5194.7489,5146.2636,5288.0145,5163.5513,5159.6359,5274.6409,5196.1867,5199.3104,5276.392,5210.448,5187.5361,4932.4167,4817.704,4719.1274,4704.0298,4731.6439,4378.3671,4323.0403,4390.9784
Greece,Emissions on agricultural land,Emissions (CO2eq) from N2O (AR5),kilotonnes,4353.7043,4203.5394,4179.7966,4148.7671,4180.9298,3979.5673,3885.9592,4052.2282,3846.2903,3613.2047,3782.9331,3552.7708,3383.7381,3406.8844,3283.6927,3131.8885,3139.8945,3192.236,3023.3894,3059.184,3129.8748
Greece,Emissions on agricultural land,Emissions (CO2eq) (AR5),kilotonnes,13774.6094,13612.5787,13794.6719,13892.9515,13604.9216,13298.4032,13328.5602,13368.4876,12967.682,12163.6459,12212.2483,11480.0521,10086.4541,9871.3664,9602.6712,9326.5515,9324.6721,9409.2031,8897.7403,8875.9771,9013.5068
Greece,Pre- and post- production,Emissions (CH4),kilotonnes,199.5179,197.7688,130.9002,242.1013,135.8759,141.6772,147.8945,153.4829,159.7811,164.6556,170.184,175.1461,180.5657,186.3994,184.7862,183.8439,185.2993,180.615,175.5787,171.6653,166.6287
Greece,Pre- and post- production,Emissions (N2O),kilotonnes,0.7876,0.7686,0.7617,0.802,0.8038,0.7873,0.7912,0.7872,0.7695,0.7712,0.7581,0.7393,0.7209,0.7115,0.6973,0.722,0.6943,0.7345,0.7133,0.7313,0.7274
Greece,Pre- and post- production,Emissions (CO2),kilotonnes,12027.5658,12315.4747,12318.992,13381.8319,13423.5221,13537.6812,13191.3842,13780.5,13733.5659,12731.0646,12308.5874,12350.9907,11469.3585,11180.9086,11079.5635,11359.3418,11399.0148,11356.4917,10598.203,11061.204,9367.129
Greece,Pre- and post- production,Emissions (CO2eq) from F-gases (AR5),kilotonnes,379.7545,458.7185,538.202,619.7635,697.6885,796.3935,877.4355,958.997,971.9845,978.738,982.3745,984.4525,986.011,987.5695,987.5695,987.5695,1066.014,1086.794,1107.0545,1127.315,1089.5981
Greece,Pre- and post- production,Emissions (CO2eq) from CH4 (AR5),kilotonnes,5586.501,5537.5274,3665.2044,6778.8374,3804.5239,3966.9611,4141.0473,4297.5203,4473.8707,4610.356,4765.1525,4904.0909,5055.8399,5219.1831,5174.0139,5147.6286,5188.3795,5057.2209,4916.2041,4806.628,4665.6025
Greece,Pre- and post- production,Emissions (CO2eq) from N2O (AR5),kilotonnes,208.7083,203.6807,201.8457,212.5252,213.0113,208.6348,209.6733,208.6003,203.918,204.3757,200.9045,195.9056,191.0336,188.5467,184.7761,191.3241,183.9848,194.6448,189.0305,193.8074,192.7682
Greece,Pre- and post- production,Emissions (CO2eq) (AR5),kilotonnes,18202.5296,18515.4014,16724.2441,20992.958,18138.7458,18509.6706,18419.5403,19245.6176,19383.3391,18524.5343,18257.019,18435.4397,17702.2431,17576.2078,17425.923,17685.864,17837.3931,17695.1514,16810.4921,17188.9543,15315.0978
Greece,Agri-food systems,Emissions (CH4),kilotonnes,387.6813,383.3295,316.4269,425.8965,324.7335,326.0897,332.1673,341.8629,345.3592,350.3452,358.6266,361.2335,365.8349,362.5571,356.8471,352.3841,353.3003,349.6023,331.949,326.0596,323.4493
Greece,Agri-food systems,Emissions (N2O),kilotonnes,17.2167,16.631,16.5345,16.4577,16.5809,15.8045,15.4552,16.0786,15.2838,14.406,15.0333,14.1459,13.4897,13.5677,13.0886,12.5404,12.5429,12.7807,12.1223,12.2754,12.5383
Greece,Agri-food systems,Emissions (CO2),kilotonnes,16179.8943,16528.8145,16739.1184,17979.7527,17559.4994,17692.9658,17474.3493,17822.1186,17658.7708,16082.1953,15461.5106,15067.824,12984.5383,12712.9739,12580.8381,12834.8774,12879.7627,12841.8149,12094.1869,12554.9568,10859.7825
Greece,Agri-food systems,Emissions (CO2eq) from F-gases (AR5),kilotonnes,379.7545,458.7185,538.202,619.7635,697.6885,796.3935,877.4355,958.997,971.9845,978.738,982.3745,984.4525,986.011,987.5695,987.5695,987.5695,1066.014,1086.794,1107.0545,1127.315,1089.5981
Greece,Agri-food systems,Emissions (CO2eq) from CH4 (AR5),kilotonnes,10855.0775,10733.2269,8859.9533,11925.101,9092.5384,9130.5124,9300.6833,9572.1612,9670.0574,9809.6664,10041.5446,10114.5389,10243.3761,10151.5998,9991.7178,9866.7561,9892.4093,9788.8648,9294.5711,9129.6683,9056.5809
Greece,Agri-food systems,Emissions (CO2eq) from N2O (AR5),kilotonnes,4562.4127,4407.2202,4381.6423,4361.2923,4393.9411,4188.2021,4095.6325,4260.8284,4050.2084,3817.5804,3983.8376,3748.6763,3574.7717,3595.4311,3468.4688,3323.2126,3323.8792,3386.8808,3212.4199,3252.9914,3322.6431
Greece,Agri-food systems,Emissions (CO2eq) (AR5),kilotonnes,31977.139,32127.98,30518.9159,34885.9095,31743.6674,31808.0738,31748.1006,32614.1052,32351.0211,30688.1802,30469.2673,29915.4918,27788.6971,27447.5743,27028.5942,27012.4156,27162.0652,27104.3545,25708.2324,26064.9315,24328.6046
Greece,IPCC Agriculture,Emissions (CH4),kilotonnes,187.2503,184.5772,184.6727,183.0758,188.1871,183.8679,183.7685,187.7541,185.0522,185.3308,187.9978,185.7913,185.049,175.9606,171.8737,168.3596,167.8022,168.7853,156.1305,154.1441,156.5704
Greece,IPCC Agriculture,Emissions (CH4),kilotonnes,197.331,198.2915,199.7767,201.0188,200.054,199.614,199.9705,199.9436,196.7471,195.4017,199.391,198.028,195.5906,192.1387,185.5578,181.622,178.352,177.6251,178.6877,176.5583,175.8333
Greece,IPCC Agriculture,Direct emissions (N2O),kilotonnes,10.1504,9.7604,9.6305,9.477,9.676,9.0972,8.7873,9.1915,8.7809,8.2715,8.8219,8.2747,8.1304,8.2554,7.9203,7.5188,7.5408,7.6776,7.2562,7.3731,7.5775
Greece,IPCC Agriculture,Indirect emissions (N2O),kilotonnes,3.6167,3.4901,3.4524,3.4046,3.4614,3.2674,3.1689,3.302,3.1534,2.9843,3.1744,2.9901,2.941,2.9733,2.868,2.7211,2.7276,2.7821,2.6353,2.6734,2.7326
Greece,IPCC Agriculture,Emissions (N2O),kilotonnes,15.4866,14.9073,14.72,14.5075,14.805,14.0213,13.6203,14.3552,13.6106,12.9238,13.6429,12.9127,12.7326,12.8188,12.3602,11.7997,11.8311,12.0286,11.39,11.5275,11.7942
Greece,IPCC Agriculture,Emissions (N2O),kilotonnes,14.229,14.0602,13.9074,13.7095,13.9267,13.2449,12.8862,13.3777,12.6962,12.0483,12.8161,12.0802,11.8675,12.3199,11.5365,11.2807,11.5813,11.7538,11.3833,11.5302,11.8085
Greece,IPCC Agriculture,Emissions (CO2),kilotonnes,38.4686,37.0438,36.0465,35.1916,36.3314,31.9147,29.92,33.6244,28.6377,24.9333,30.3474,25.8443,24.9967,26.0067,23.6428,23.4137,26.3608,34.1404,32.9096,34.8008,37.2212
Greece,IPCC Agriculture,Emissions (CO2eq) from CH4 (AR5),kilotonnes,5243.0097,5168.1623,5170.8365,5126.1233,5269.2398,5148.3024,5145.5172,5257.1134,5181.4606,5189.2611,5263.9394,5202.1553,5181.3729,4926.8963,4812.4627,4714.0687,4698.4629,4725.9887,4371.6545,4316.0335,4383.9716
Greece,IPCC Agriculture,Emissions (CO2eq) from CH4 (AR5),kilotonnes,5525.2684,5552.1613,5593.7487,5628.526,5601.5124,5589.1928,5599.1735,5598.4209,5508.9174,5471.2469,5582.9473,5544.7846,5476.5374,5379.8834,5195.6171,5085.4151,4993.8559,4973.5041,5003.2545,4943.6337,4923.3326
Greece,IPCC Agriculture,Emissions (CO2eq) from N2O (AR5),kilotonnes,4103.9492,3950.4353,3900.7937,3844.491,3923.3137,3715.6504,3609.3858,3804.1394,3606.8203,3424.8185,3615.3639,3421.8767,3374.1401,3396.9776,3275.4623,3126.9189,3135.2323,3187.5665,3018.3508,3054.7837,3125.4745
Greece,IPCC Agriculture,Emissions (CO2eq) from N2O (AR5),kilotonnes,3770.6877,3725.9549,3685.4689,3633.014,3690.5878,3509.8904,3414.8559,3545.0925,3364.4957,3192.8005,3396.2618,3201.2461,3144.8909,3264.7657,3057.1747,2989.3878,3069.0385,3114.7621,3016.5633,3055.5008,3129.2471
Greece,IPCC Agriculture,Emissions (CO2eq) (AR5),kilotonnes,9346.9589,9118.5975,9071.6302,8970.6144,9192.5535,8863.9528,8754.903,9061.2529,8788.2809,8614.0796,8879.3033,8624.0319,8555.513,8323.874,8087.925,7840.9876,7833.6952,7913.5552,7390.0053,7370.8172,7509.4462
Greece,IPCC Agriculture,Emissions (CO2eq) (AR5),kilotonnes,9334.4247,9315.16,9315.2641,9296.7316,9328.4316,9130.9978,9043.9493,9177.1378,8902.0509,8688.9808,9009.5565,8771.875,8646.4251,8670.6558,8276.4346,8098.2167,8089.2553,8122.4066,8052.7274,8033.9353,8089.8009
Greece,Agricultural Soils,Direct emissions (N2O),kilotonnes,10.1504,9.7604,9.6305,9.477,9.676,9.0972,8.7873,9.1915,8.7809,8.2715,8.8219,8.2747,8.1304,8.2554,7.9203,7.5188,7.5408,7.6776,7.2562,7.3731,7.5775
Greece,Agricultural Soils,Direct emissions (N2O),kilotonnes,9.6815,9.5671,9.4462,9.2877,9.4462,8.9318,8.6591,9.0291,8.5615,8.0956,8.6377,8.1041,7.9441,8.3206,7.7523,7.603,7.8378,7.9809,7.6795,7.8009,8.0093
Greece,Agricultural Soils,Indirect emissions (N2O),kilotonnes,3.6167,3.4901,3.4524,3.4046,3.4614,3.2674,3.1689,3.302,3.1534,2.9843,3.1744,2.9901,2.941,2.9733,2.868,2.7211,2.7276,2.7821,2.6353,2.6734,2.7326
Greece,Agricultural Soils,Indirect emissions (N2O),kilotonnes,3.4344,3.3971,3.3559,3.3063,3.343,3.1724,3.0889,3.2133,3.0416,2.8889,3.0724,2.8933,2.8378,2.9201,2.7275,2.6883,2.7601,2.7994,2.7235,2.7656,2.8346
Greece,Agricultural Soils,Emissions (N2O),kilotonnes,14.5944,14.0779,13.9098,13.7075,13.9627,13.1895,12.7807,13.3173,12.7575,12.0785,12.8183,12.0865,11.8925,12.049,11.6073,11.0584,11.0868,11.2768,10.7042,10.856,11.1188
Greece,Agricultural Soils,Emissions (N2O),kilotonnes,13.1159,12.9642,12.8021,12.5939,12.7892,12.1042,11.748,12.2424,11.6031,10.9845,11.71,10.9975,10.7819,11.2407,10.4798,10.2913,10.5979,10.7802,10.403,10.5665,10.8439
Greece,Agricultural Soils,Emissions (CO2eq) from N2O (AR5),kilotonnes,3867.5085,3730.6436,3686.0978,3632.4897,3700.1216,3495.2281,3386.8857,3529.0864,3380.7484,3200.8134,3396.8605,3202.9166,3151.5228,3192.986,3075.9446,2930.4851,2937.9972,2988.3391,2836.6098,2876.836,2946.4939
Greece,Agricultural Soils,Emissions (CO2eq) from N2O (AR5),kilotonnes,3475.7033,3435.5241,3392.5478,3337.3962,3389.1363,3207.6026,3113.2149,3244.2488,3074.8144,2910.903,3103.1551,2914.3271,2857.2034,2978.7732,2777.1513,2727.2011,2808.4425,2856.7652,2756.7883,2800.1174,2873.6253
Greece,Agricultural Soils,Emissions (CO2eq) (AR5),kilotonnes,3867.5085,3730.6436,3686.0978,3632.4897,3700.1216,3495.2281,3386.8857,3529.0864,3380.7484,3200.8134,3396.8605,3202.9166,3151.5228,3192.986,3075.9446,2930.4851,2937.9972,2988.3391,2836.6098,2876.836,2946.4939
Greece,Agricultural Soils,Emissions (CO2eq) (AR5),kilotonnes,3475.7033,3435.5241,3392.5478,3337.3962,3389.1363,3207.6026,3113.2149,3244.2488,3074.8144,2910.903,3103.1551,2914.3271,2857.2034,2978.7732,2777.1513,2727.2011,2808.4425,2856.7652,2756.7883,2800.1174,2873.6253
Greece,LULUCF,Emissions (CH4),kilotonnes,1.2259,0.0025,0.0149,0,0.0125,0,0.0971,1.3295,0.117,0.005,0,0.294,0.142,0.005,0.0324,0.0075,0.3138,0.1892,0.0498,0.1968,0.1593
Greece,LULUCF,Emissions (CH4),kilotonnes,8.3212,1.1176,0.1522,0.2139,0.5413,0.4215,0.8385,12.8507,1.742,1.8464,0.6566,0.7124,1.7482,0.6402,0.3759,0.4324,1.2668,0.7421,0.7768,4.8563,
Greece,LULUCF,Emissions (N2O),kilotonnes,0.0678,0.0002,0.0014,0,0.0011,0,0.0089,0.1214,0.0107,0.0005,0,0.0268,0.013,0.0005,0.003,0.0007,0.0287,0.0173,0.0045,0.018,0.0145
Greece,LULUCF,Emissions (N2O),kilotonnes,0.0891,0.0442,0.0401,0.0431,0.0486,0.0495,0.0552,0.1413,0.0675,0.0698,0.0587,0.0568,0.065,0.0556,0.0524,0.0521,0.0569,0.0528,0.0535,0.0803,
Greece,LULUCF,Emissions (CO2),kilotonnes,-1048.8529,-1199.2843,-1199.9564,-1201.5312,-1202.5188,-1203.0716,-1203.6835,-1204.7751,-1205.7654,-1206.8523,-1207.9991,1284.3191,1283.5018,1282.334,1280.32,1279.5088,1279.28,1277.0191,1269.7234,1266.4312,1265.3319
Greece,LULUCF,Emissions (CO2),kilotonnes,-2175.9179,-2453.2121,-2787.6494,-2522.6109,-2489.1193,-3308.2065,-3338.3804,-1826.7773,-3019.0462,-3103.7996,-3076.9939,-3165.9969,-3149.1869,-1614.7153,-150.8008,-3745.5203,-3521.895,-3282.7231,-4127.3288,-3626.2215,
Greece,LULUCF,Emissions (CO2eq) from CH4 (AR5),kilotonnes,34.3239,0.0697,0.4182,0,0.3486,0,2.7195,37.2263,3.2757,0.1395,0,8.2316,3.9758,0.1394,0.9064,0.2092,8.7867,5.2985,1.3947,5.509,4.4617
Greece,LULUCF,Emissions (CO2eq) from N2O (AR5),kilotonnes,17.9704,0.0603,0.3614,0,0.3013,0,2.35,32.1684,2.8306,0.1205,0,7.1132,3.4356,0.1205,0.7833,0.1808,7.5929,4.5786,1.2052,4.7605,3.8555
Greece,LULUCF,Emissions (CO2eq) (AR5),kilotonnes,-996.5586,-1199.1543,-1199.1768,-1201.5312,-1201.8689,-1203.0716,-1198.614,-1135.3805,-1199.6591,-1206.5924,-1207.9991,1299.6639,1290.9132,1282.5939,1282.0096,1279.8988,1295.6595,1286.8962,1272.3232,1276.7007,1273.6491
Greece,LULUCF,Emissions (CO2eq) (AR5),kilotonnes,-2175.9179,-2453.2121,-2787.6494,-2522.6109,-2489.1193,-3308.2065,-3338.3804,-1826.7773,-3019.0462,-3103.7996,-3076.9939,-3165.9969,-3149.1869,-1614.7153,-150.8008,-3745.5203,-3521.895,-3282.7231,-4127.3288,-3626.2215,
Greece,AFOLU,Emissions (CH4),kilotonnes,188.4762,184.5797,184.6877,183.0758,188.1996,183.8679,183.8656,189.0836,185.1692,185.3357,187.9978,186.0852,185.191,175.9656,171.906,168.3671,168.1161,168.9745,156.1803,154.3408,156.7298
Greece,AFOLU,Emissions (N2O),kilotonnes,15.5544,14.9075,14.7213,14.5075,14.8061,14.0213,13.6292,14.4766,13.6213,12.9243,13.6429,12.9396,12.7456,12.8192,12.3632,11.8004,11.8597,12.0458,11.3946,11.5455,11.8088
Greece,AFOLU,Emissions (CO2),kilotonnes,-1048.8529,-1199.2843,-1199.9564,-1201.5312,-1202.5188,-1203.0716,-1203.6835,-1204.7751,-1205.7654,-1206.8523,-1207.9991,1284.3191,1283.5018,1282.334,1280.32,1279.5088,1279.28,1277.0191,1269.7234,1266.4312,1265.3319
Greece,AFOLU,Emissions (CO2eq) from CH4 (AR5),kilotonnes,5277.3335,5168.232,5171.2547,5126.1233,5269.5885,5148.3024,5148.2367,5294.3397,5184.7363,5189.4006,5263.9394,5210.3869,5185.3487,4927.0358,4813.3691,4714.2779,4707.2496,4731.2873,4373.0492,4321.5425,4388.4333
Greece,AFOLU,Emissions (CO2eq) from N2O (AR5),kilotonnes,4121.9197,3950.4955,3901.155,3844.491,3923.6149,3715.6504,3611.7359,3836.3078,3609.6509,3424.9391,3615.3639,3428.9899,3377.5757,3397.0981,3276.2456,3127.0996,3142.8251,3192.1451,3019.556,3059.5443,3129.3301
Greece,AFOLU,Emissions (CO2eq) (AR5),kilotonnes,8350.4003,7919.4433,7872.4534,7769.0832,7990.6846,7660.8812,7556.2891,7925.8724,7588.6219,7407.4873,7671.3042,9923.6959,9846.4262,9606.4679,9369.9346,9120.8863,9129.3547,9200.4514,8662.3285,8647.5179,8783.0953
Greece,All sectors with LULUCF,Emissions (CH4),kilotonnes,576.5703,549.6817,556.8007,560.1858,569.3106,574.9789,578.9676,579.1886,572.2712,554.3885,537.0806,524.1942,516.303,494.0686,488.018,479.4721,466.2221,473.0935,454.2913,449.4438,444.8308
Greece,All sectors with LULUCF,Emissions (N2O),kilotonnes,23.8814,22.9075,22.7033,22.5145,22.5301,21.7833,21.0842,21.9026,20.7723,19.7193,20.1299,19.1896,17.7106,17.7162,17.2472,16.7644,16.6337,16.8368,16.1256,15.9055,15.8128
Greece,All sectors with LULUCF,Emissions (CO2),kilotonnes,91111.2861,93470.8547,93360.3676,95449.0608,96768.2102,98608.2984,96857.9765,97077.4549,96276.8446,91971.9977,83926.5309,82618.3191,83565.9718,73135.064,71663.5,68903.1388,65932.06,52979.5091,68172.2634,64818.6912,53447.3619
Greece,All sectors with LULUCF,Emissions (CO2eq) from F-gases (AR5),kilotonnes,3896.7359,1409.0441,3537.1867,3333.1182,3342.8358,3197.0726,1904.639,2040.6846,2176.7303,2273.9057,2458.5391,2409.9514,2555.7146,2769.5006,2730.6304,2779.2181,2886.1111,2837.5234,2750.0655,2614.0198,2526.5619
Greece,All sectors with LULUCF,Emissions (CO2eq) from CH4 (AR5),kilotonnes,16143.9683,15391.088,15590.4187,15685.2033,15940.6965,16099.4104,16211.0927,16217.2797,16023.5923,15522.879,15038.2578,14677.4389,14456.4847,13833.9198,13664.5051,13425.2179,13054.2176,13246.6193,12720.1572,12584.4265,12455.2613
Greece,All sectors with LULUCF,Emissions (CO2eq) from N2O (AR5),kilotonnes,6328.5747,6070.4955,6016.385,5966.346,5970.4749,5772.5804,5587.3109,5804.1978,5504.6659,5225.6141,5334.4189,5085.2399,4693.3007,4694.8031,4570.5056,4442.5596,4407.9351,4461.7601,4273.271,4214.9443,4190.3901
Greece,All sectors with LULUCF,Emissions (CO2eq) (AR5),kilotonnes,117480.5649,116341.4824,118504.358,120433.7284,122022.2173,123677.3618,120561.0191,121139.617,119981.8331,114994.3964,106757.7467,104790.9492,105271.4717,94433.2874,92629.141,89550.1344,86280.3238,73525.4118,87915.757,84232.0817,72619.5752
Greece,All sectors without LULUCF,Emissions (CH4),kilotonnes,575.3444,549.6792,556.7857,560.1858,569.2981,574.9789,578.8705,577.8591,572.1542,554.3836,537.0806,523.9003,516.161,494.0636,487.9857,479.4646,465.9082,472.9043,454.2415,449.2471,444.6714
Greece,All sectors without LULUCF,Emissions (N2O),kilotonnes,23.8136,22.9073,22.702,22.5145,22.529,21.7833,21.0753,21.7812,20.7616,19.7188,20.1299,19.1627,17.6976,17.7158,17.2442,16.7637,16.6051,16.8196,16.121,15.8875,15.7982
Greece,All sectors without LULUCF,Emissions (CO2),kilotonnes,92160.139,94670.139,94560.324,96650.592,97970.729,99811.37,98061.66,98282.23,97482.61,93178.85,85134.53,81334,82282.47,71852.73,70383.18,67623.63,64652.78,51702.49,66902.54,63552.26,52182.03
Greece,All sectors without LULUCF,Emissions (CO2eq) from F-gases (AR5),kilotonnes,3896.7359,1409.0441,3537.1867,3333.1182,3342.8358,3197.0726,1904.639,2040.6846,2176.7303,2273.9057,2458.5391,2409.9514,2555.7146,2769.5006,2730.6304,2779.2181,2886.1111,2837.5234,2750.0655,2614.0198,2526.5619
Greece,All sectors without LULUCF,Emissions (CO2eq) from CH4 (AR5),kilotonnes,16109.6445,15391.0183,15590.0005,15685.2033,15940.3478,16099.4104,16208.3732,16180.0534,16020.3166,15522.7395,15038.2578,14669.2073,14452.5089,13833.7803,13663.5987,13425.0087,13045.4309,13241.3207,12718.7625,12578.9175,12450.7996
Greece,All sectors without LULUCF,Emissions (CO2eq) from N2O (AR5),kilotonnes,6310.6042,6070.4353,6016.0237,5966.346,5970.1737,5772.5804,5584.9608,5772.0294,5501.8353,5225.4935,5334.4189,5078.1267,4689.8651,4694.6826,4569.7223,4442.3789,4400.3423,4457.1815,4272.0658,4210.1837,4186.5345
Greece,All sectors without LULUCF,Emissions (CO2eq) (AR5),kilotonnes,118477.1235,117540.6367,119703.5349,121635.2596,123224.0863,124880.4334,121759.633,122274.9975,121181.4922,116200.9888,107965.7458,103491.2853,103980.5585,93150.6935,91347.1314,88270.2357,84984.6643,72238.5156,86643.4337,82955.381,71345.9261
Greenland,Drained organic soils,Emissions (CO2eq) (AR5),kilotonnes,0,0,0,0,0,0,0,0,0,0,0,0,0,0,0,0,0,0,0,0,0
Greenland,Drained organic soils (CO2),Emissions (CO2),kilotonnes,0,0,0,0,0,0,0,0,0,0,0,0,0,0,0,0,0,0,0,0,0
Greenland,Drained organic soils (CO2),Emissions (CO2eq) (AR5),kilotonnes,0,0,0,0,0,0,0,0,0,0,0,0,0,0,0,0,0,0,0,0,0
Greenland,Drained organic soils (N2O),Emissions (N2O),kilotonnes,0,0,0,0,0,0,0,0,0,0,0,0,0,0,0,0,0,0,0,0,0
Greenland,Drained organic soils (N2O),Emissions (CO2eq) from N2O (AR5),kilotonnes,0,0,0,0,0,0,0,0,0,0,0,0,0,0,0,0,0,0,0,0,0
Greenland,Drained organic soils (N2O),Emissions (CO2eq) (AR5),kilotonnes,0,0,0,0,0,0,0,0,0,0,0,0,0,0,0,0,0,0,0,0,0
Greenland,On-farm energy use,Emissions (CH4),kilotonnes,0.0297,0.0297,0.0297,0.0241,0.0248,0.0263,0.0261,0.0292,0.028,0.0283,0.0301,0.0296,0.0314,0.0314,0.0329,0.0325,0.0356,0.0372,0.0373,0.0382,0.0382
Greenland,On-farm energy use,Emissions (N2O),kilotonnes,0.0142,0.0142,0.0142,0.0141,0.0318,0.0374,0.027,0.0476,0.0465,0.041,0.0378,0.0389,0.0449,0.0461,0.0346,0.0315,0.0357,0.0373,0.0372,0.0377,0.0377
Greenland,On-farm energy use,Emissions (CO2),kilotonnes,59.0875,59.0875,59.0875,54.2812,98.5357,113.8224,87.8301,141.3225,137.6575,124.2973,120.1802,124.0276,139.0566,145.8243,134.2839,125.5589,138.4291,146.1484,146.8493,149.3624,149.3624
Greenland,On-farm energy use,Emissions (CO2eq) from CH4 (AR5),kilotonnes,0.8312,0.8312,0.8312,0.676,0.6939,0.7361,0.7318,0.8188,0.7832,0.7918,0.8422,0.8278,0.8796,0.8786,0.9203,0.9093,0.9963,1.0415,1.0452,1.0702,1.0702
Greenland,On-farm energy use,Emissions (CO2eq) from N2O (AR5),kilotonnes,3.7685,3.7685,3.7685,3.7318,8.4163,9.9241,7.1535,12.6153,12.332,10.8741,10.0202,10.3091,11.9031,12.2188,9.1646,8.3372,9.451,9.8731,9.8601,9.9992,9.9992
Greenland,On-farm energy use,Emissions (CO2eq) (AR5),kilotonnes,63.6872,63.6872,63.6872,58.689,107.6459,124.4826,95.7154,154.7566,150.7726,135.9632,131.0426,135.1645,151.8394,158.9217,144.3688,134.8054,148.8764,157.0631,157.7547,160.4319,160.4319
Greenland,Forestland,Emissions (CO2),kilotonnes,-0.1356,-0.0219,-0.0219,-0.0219,-0.0219,-0.0219,-0.0219,-0.0219,-0.0219,-0.0219,-0.0219,-0.0992,-0.0992,-0.0992,-0.0992,-0.0992,-0.0926,-0.0926,-0.0926,-0.0926,-0.0926
Greenland,Forestland,Emissions (CO2eq) (AR5),kilotonnes,-0.1356,-0.0219,-0.0219,-0.0219,-0.0219,-0.0219,-0.0219,-0.0219,-0.0219,-0.0219,-0.0219,-0.0992,-0.0992,-0.0992,-0.0992,-0.0992,-0.0926,-0.0926,-0.0926,-0.0926,-0.0926
Greenland,Net Forest conversion,Emissions (CO2),kilotonnes,0,0,0,0,0,0,0,0,0,0,0,0,0,0,0,0,0,0,0,0,0
Greenland,Net Forest conversion,Emissions (CO2eq) (AR5),kilotonnes,0,0,0,0,0,0,0,0,0,0,0,0,0,0,0,0,0,0,0,0,0
Greenland,Savanna fires,Emissions (CH4),kilotonnes,0,0,0,0,0,0,0,0,0,0,0,0,0,0,0,0,0,0.035,0,0.0041,0
Greenland,Savanna fires,Emissions (N2O),kilotonnes,0,0,0,0,0,0,0,0,0,0,0,0,0,0,0,0,0,0.0032,0,0.0004,0
Greenland,Savanna fires,Emissions (CO2eq) from CH4 (AR5),kilotonnes,0,0,0,0,0,0,0,0,0,0,0,0,0,0,0,0,0,0.9799,0,0.1141,0
Greenland,Savanna fires,Emissions (CO2eq) from N2O (AR5),kilotonnes,0,0,0,0,0,0,0,0,0,0,0,0,0,0,0,0,0,0.8468,0,0.0986,0
Greenland,Savanna fires,Emissions (CO2eq) (AR5),kilotonnes,0,0,0,0,0,0,0,0,0,0,0,0,0,0,0,0,0,1.8267,0,0.2128,0
Greenland,Fires in organic soils,Emissions (CH4),kilotonnes,0,0,0,0,0,0,0,0,0,0,0,0,0,0,0,0,0,0,0,0,0
Greenland,Fires in organic soils,Emissions (CO2),kilotonnes,0,0,0,0,0,0,0,0,0,0,0,0,0,0,0,0,0,0,0,0,0
Greenland,Fires in organic soils,Emissions (CO2eq) from CH4 (AR5),kilotonnes,0,0,0,0,0,0,0,0,0,0,0,0,0,0,0,0,0,0,0,0,0
Greenland,Fires in organic soils,Emissions (CO2eq) (AR5),kilotonnes,0,0,0,0,0,0,0,0,0,0,0,0,0,0,0,0,0,0,0,0,0
Greenland,Forest fires,Emissions (CH4),kilotonnes,0,0,0,0,0,0,0,0,0,0,0,0,0,0,0,0,0,0,0,0,0
Greenland,Forest fires,Emissions (N2O),kilotonnes,0,0,0,0,0,0,0,0,0,0,0,0,0,0,0,0,0,0,0,0,0
Greenland,Forest fires,Emissions (CO2eq) from CH4 (AR5),kilotonnes,0,0,0,0,0,0,0,0,0,0,0,0,0,0,0,0,0,0,0,0,0
Greenland,Forest fires,Emissions (CO2eq) from N2O (AR5),kilotonnes,0,0,0,0,0,0,0,0,0,0,0,0,0,0,0,0,0,0,0,0,0
Greenland,Forest fires,Emissions (CO2eq) (AR5),kilotonnes,0,0,0,0,0,0,0,0,0,0,0,0,0,0,0,0,0,0,0,0,0
Greenland,Fires in humid tropical forests,Emissions (CH4),kilotonnes,0,0,0,0,0,0,0,0,0,0,0,0,0,0,0,0,0,0,0,0,0
Greenland,Fires in humid tropical forests,Emissions (N2O),kilotonnes,0,0,0,0,0,0,0,0,0,0,0,0,0,0,0,0,0,0,0,0,0
Greenland,Fires in humid tropical forests,Emissions (CO2eq) from CH4 (AR5),kilotonnes,0,0,0,0,0,0,0,0,0,0,0,0,0,0,0,0,0,0,0,0,0
Greenland,Fires in humid tropical forests,Emissions (CO2eq) from N2O (AR5),kilotonnes,0,0,0,0,0,0,0,0,0,0,0,0,0,0,0,0,0,0,0,0,0
Greenland,Fires in humid tropical forests,Emissions (CO2eq) (AR5),kilotonnes,0,0,0,0,0,0,0,0,0,0,0,0,0,0,0,0,0,0,0,0,0
Greenland,Waste - agri-food systems,Emissions (CH4),kilotonnes,0.0996,0.0986,0.1,0.1015,0.1013,0.1009,0.1002,0.0994,0.0986,0.0982,0.0986,0.0981,0.0975,0.0965,0.0953,0.0946,0.0942,0.0937,0.0931,0.0937,0.0942
Greenland,Waste - agri-food systems,Emissions (N2O),kilotonnes,0.0004,0.0003,0.0003,0.0004,0.0004,0.0004,0.0003,0.0003,0.0003,0.0003,0.0003,0.0002,0.0002,0.0002,0.0002,0.0002,0.0001,0.0001,0.0001,0.0001,0.0001
Greenland,Waste - agri-food systems,Emissions (CO2),kilotonnes,0,0,0,0,0,0,0,0,0,0,0,0,0,0,0,0,0,0,0,0,0
Greenland,Waste - agri-food systems,Emissions (CO2eq) from CH4 (AR5),kilotonnes,2.7889,2.7621,2.8005,2.8407,2.8374,2.8247,2.8047,2.7845,2.7613,2.7483,2.76,2.7459,2.7289,2.7014,2.6686,2.6476,2.6379,2.6247,2.6054,2.6223,2.6366
Greenland,Waste - agri-food systems,Emissions (CO2eq) from N2O (AR5),kilotonnes,0.0933,0.0799,0.0886,0.1027,0.0979,0.0928,0.0877,0.0828,0.0777,0.0726,0.0674,0.0623,0.0572,0.0521,0.0461,0.0411,0.036,0.0309,0.0259,0.0224,0.0189
Greenland,Waste - agri-food systems,Emissions (CO2eq) (AR5),kilotonnes,2.8822,2.8419,2.8891,2.9434,2.9353,2.9174,2.8923,2.8673,2.8391,2.821,2.8274,2.8082,2.7861,2.7535,2.7148,2.6886,2.6738,2.6557,2.6313,2.6448,2.6555
Greenland,On-farm electricity use,Emissions (CH4),kilotonnes,0,0,0,0,0,0,0,0,0,0,0,0,0,0,0,0,0,0,0,0,0
Greenland,On-farm electricity use,Emissions (N2O),kilotonnes,0,0,0,0,0,0,0,0,0,0,0,0,0,0,0,0,0,0,0,0,0
Greenland,On-farm electricity use,Emissions (CO2),kilotonnes,0,0,0,0,0,0,0,0,0,0,0,0,0,0,0,0,0,0,0,0,0
Greenland,On-farm electricity use,Emissions (CO2eq) from CH4 (AR5),kilotonnes,0,0,0,0,0,0,0,0,0,0,0,0,0,0,0,0,0,0,0,0,0
Greenland,On-farm electricity use,Emissions (CO2eq) from N2O (AR5),kilotonnes,0,0,0,0,0,0,0,0,0,0,0,0,0,0,0,0,0,0,0,0,0
Greenland,On-farm electricity use,Emissions (CO2eq) (AR5),kilotonnes,0,0,0,0,0,0,0,0,0,0,0,0,0,0,0,0,0,0,0,0,0
Greenland,Farm-gate emissions,Emissions (CH4),kilotonnes,0.0297,0.0297,0.0297,0.0241,0.0248,0.0263,0.0261,0.0292,0.028,0.0283,0.0301,0.0296,0.0314,0.0314,0.0329,0.0325,0.0356,0.0722,0.0373,0.0423,0.0382
Greenland,Farm-gate emissions,Emissions (N2O),kilotonnes,0.0142,0.0142,0.0142,0.0141,0.0318,0.0374,0.027,0.0476,0.0465,0.041,0.0378,0.0389,0.0449,0.0461,0.0346,0.0315,0.0357,0.0405,0.0372,0.0381,0.0377
Greenland,Farm-gate emissions,Emissions (CO2),kilotonnes,59.0875,59.0875,59.0875,54.2812,98.5357,113.8224,87.8301,141.3225,137.6575,124.2973,120.1802,124.0276,139.0566,145.8243,134.2839,125.5589,138.4291,146.1484,146.8493,149.3624,149.3624
Greenland,Farm-gate emissions,Emissions (CO2eq) from CH4 (AR5),kilotonnes,0.8312,0.8312,0.8312,0.676,0.6939,0.7361,0.7318,0.8188,0.7832,0.7918,0.8422,0.8278,0.8796,0.8786,0.9203,0.9093,0.9963,2.0215,1.0452,1.1844,1.0702
Greenland,Farm-gate emissions,Emissions (CO2eq) from N2O (AR5),kilotonnes,3.7685,3.7685,3.7685,3.7318,8.4163,9.9241,7.1535,12.6153,12.332,10.8741,10.0202,10.3091,11.9031,12.2188,9.1646,8.3372,9.451,10.7199,9.8601,10.0979,9.9992
Greenland,Farm-gate emissions,Emissions (CO2eq) (AR5),kilotonnes,63.6872,63.6872,63.6872,58.689,107.6459,124.4826,95.7154,154.7566,150.7726,135.9632,131.0426,135.1645,151.8394,158.9217,144.3688,134.8054,148.8764,158.8899,157.7547,160.6447,160.4319
Greenland,Land Use change,Emissions (CH4),kilotonnes,0,0,0,0,0,0,0,0,0,0,0,0,0,0,0,0,0,0,0,0,0
Greenland,Land Use change,Emissions (N2O),kilotonnes,0,0,0,0,0,0,0,0,0,0,0,0,0,0,0,0,0,0,0,0,0
Greenland,Land Use change,Emissions (CO2),kilotonnes,0,0,0,0,0,0,0,0,0,0,0,0,0,0,0,0,0,0,0,0,0
Greenland,Land Use change,Emissions (CO2eq) from CH4 (AR5),kilotonnes,0,0,0,0,0,0,0,0,0,0,0,0,0,0,0,0,0,0,0,0,0
Greenland,Land Use change,Emissions (CO2eq) from N2O (AR5),kilotonnes,0,0,0,0,0,0,0,0,0,0,0,0,0,0,0,0,0,0,0,0,0
Greenland,Land Use change,Emissions (CO2eq) (AR5),kilotonnes,0,0,0,0,0,0,0,0,0,0,0,0,0,0,0,0,0,0,0,0,0
Greenland,Emissions on agricultural land,Emissions (CH4),kilotonnes,0.0297,0.0297,0.0297,0.0241,0.0248,0.0263,0.0261,0.0292,0.028,0.0283,0.0301,0.0296,0.0314,0.0314,0.0329,0.0325,0.0356,0.0722,0.0373,0.0423,0.0382
Greenland,Emissions on agricultural land,Emissions (N2O),kilotonnes,0.0142,0.0142,0.0142,0.0141,0.0318,0.0374,0.027,0.0476,0.0465,0.041,0.0378,0.0389,0.0449,0.0461,0.0346,0.0315,0.0357,0.0405,0.0372,0.0381,0.0377
Greenland,Emissions on agricultural land,Emissions (CO2),kilotonnes,59.0875,59.0875,59.0875,54.2812,98.5357,113.8224,87.8301,141.3225,137.6575,124.2973,120.1802,124.0276,139.0566,145.8243,134.2839,125.5589,138.4291,146.1484,146.8493,149.3624,149.3624
Greenland,Emissions on agricultural land,Emissions (CO2eq) from CH4 (AR5),kilotonnes,0.8312,0.8312,0.8312,0.676,0.6939,0.7361,0.7318,0.8188,0.7832,0.7918,0.8422,0.8278,0.8796,0.8786,0.9203,0.9093,0.9963,2.0215,1.0452,1.1844,1.0702
Greenland,Emissions on agricultural land,Emissions (CO2eq) from N2O (AR5),kilotonnes,3.7685,3.7685,3.7685,3.7318,8.4163,9.9241,7.1535,12.6153,12.332,10.8741,10.0202,10.3091,11.9031,12.2188,9.1646,8.3372,9.451,10.7199,9.8601,10.0979,9.9992
Greenland,Emissions on agricultural land,Emissions (CO2eq) (AR5),kilotonnes,63.6872,63.6872,63.6872,58.689,107.6459,124.4826,95.7154,154.7566,150.7726,135.9632,131.0426,135.1645,151.8394,158.9217,144.3688,134.8054,148.8764,158.8899,157.7547,160.6447,160.4319
Greenland,Pre- and post- production,Emissions (CH4),kilotonnes,0.0996,0.0986,0.1,0.1015,0.1013,0.1009,0.1002,0.0994,0.0986,0.0982,0.0986,0.0981,0.0975,0.0965,0.0953,0.0946,0.0942,0.0937,0.0931,0.0937,0.0942
Greenland,Pre- and post- production,Emissions (N2O),kilotonnes,0.0004,0.0003,0.0003,0.0004,0.0004,0.0004,0.0003,0.0003,0.0003,0.0003,0.0003,0.0002,0.0002,0.0002,0.0002,0.0002,0.0001,0.0001,0.0001,0.0001,0.0001
Greenland,Pre- and post- production,Emissions (CO2),kilotonnes,0,0,0,0,0,0,0,0,0,0,0,0,0,0,0,0,0,0,0,0,0
Greenland,Pre- and post- production,Emissions (CO2eq) from CH4 (AR5),kilotonnes,2.7889,2.7621,2.8005,2.8407,2.8374,2.8247,2.8047,2.7845,2.7613,2.7483,2.76,2.7459,2.7289,2.7014,2.6686,2.6476,2.6379,2.6247,2.6054,2.6223,2.6366
Greenland,Pre- and post- production,Emissions (CO2eq) from N2O (AR5),kilotonnes,0.0933,0.0799,0.0886,0.1027,0.0979,0.0928,0.0877,0.0828,0.0777,0.0726,0.0674,0.0623,0.0572,0.0521,0.0461,0.0411,0.036,0.0309,0.0259,0.0224,0.0189
Greenland,Pre- and post- production,Emissions (CO2eq) (AR5),kilotonnes,2.8822,2.8419,2.8891,2.9434,2.9353,2.9174,2.8923,2.8673,2.8391,2.821,2.8274,2.8082,2.7861,2.7535,2.7148,2.6886,2.6738,2.6557,2.6313,2.6448,2.6555
Greenland,Agri-food systems,Emissions (CH4),kilotonnes,0.1293,0.1283,0.1297,0.1256,0.1261,0.1272,0.1263,0.1287,0.1266,0.1264,0.1286,0.1276,0.1289,0.1279,0.1282,0.127,0.1298,0.1659,0.1304,0.136,0.1324
Greenland,Agri-food systems,Emissions (N2O),kilotonnes,0.0146,0.0145,0.0146,0.0145,0.0321,0.0378,0.0273,0.0479,0.0468,0.0413,0.0381,0.0391,0.0451,0.0463,0.0348,0.0316,0.0358,0.0406,0.0373,0.0382,0.0378
Greenland,Agri-food systems,Emissions (CO2),kilotonnes,59.0875,59.0875,59.0875,54.2812,98.5357,113.8224,87.8301,141.3225,137.6575,124.2973,120.1802,124.0276,139.0566,145.8243,134.2839,125.5589,138.4291,146.1484,146.8493,149.3624,149.3624
Greenland,Agri-food systems,Emissions (CO2eq) from CH4 (AR5),kilotonnes,3.6201,3.5933,3.6317,3.5166,3.5313,3.5608,3.5364,3.6033,3.5445,3.5401,3.6022,3.5737,3.6085,3.58,3.589,3.5569,3.6341,4.6462,3.6507,3.8067,3.7068
Greenland,Agri-food systems,Emissions (CO2eq) from N2O (AR5),kilotonnes,3.8618,3.8484,3.8571,3.8345,8.5142,10.0168,7.2412,12.6981,12.4097,10.9467,10.0877,10.3714,11.9603,12.2709,9.2107,8.3783,9.487,10.7509,9.886,10.1203,10.0182
Greenland,Agri-food systems,Emissions (CO2eq) (AR5),kilotonnes,66.5694,66.5291,66.5763,61.6324,110.5811,127.4,98.6077,157.6239,153.6117,138.7841,133.87,137.9727,154.6255,161.6752,147.0836,137.494,151.5502,161.5455,160.386,163.2894,163.0874
Greenland,IPCC Agriculture,Emissions (CH4),kilotonnes,0,0,0,0,0,0,0,0,0,0,0,0,0,0,0,0,0,0.035,0,0.0041,0
Greenland,IPCC Agriculture,Emissions (N2O),kilotonnes,0,0,0,0,0,0,0,0,0,0,0,0,0,0,0,0,0,0.0032,0,0.0004,0
Greenland,IPCC Agriculture,Emissions (CO2eq) from CH4 (AR5),kilotonnes,0,0,0,0,0,0,0,0,0,0,0,0,0,0,0,0,0,0.9799,0,0.1141,0
Greenland,IPCC Agriculture,Emissions (CO2eq) from N2O (AR5),kilotonnes,0,0,0,0,0,0,0,0,0,0,0,0,0,0,0,0,0,0.8468,0,0.0986,0
Greenland,IPCC Agriculture,Emissions (CO2eq) (AR5),kilotonnes,0,0,0,0,0,0,0,0,0,0,0,0,0,0,0,0,0,1.8267,0,0.2128,0
Greenland,Agricultural Soils,Emissions (N2O),kilotonnes,0,0,0,0,0,0,0,0,0,0,0,0,0,0,0,0,0,0,0,0,0
Greenland,Agricultural Soils,Emissions (CO2eq) from N2O (AR5),kilotonnes,0,0,0,0,0,0,0,0,0,0,0,0,0,0,0,0,0,0,0,0,0
Greenland,Agricultural Soils,Emissions (CO2eq) (AR5),kilotonnes,0,0,0,0,0,0,0,0,0,0,0,0,0,0,0,0,0,0,0,0,0
Greenland,LULUCF,Emissions (CH4),kilotonnes,0,0,0,0,0,0,0,0,0,0,0,0,0,0,0,0,0,0,0,0,0
Greenland,LULUCF,Emissions (N2O),kilotonnes,0,0,0,0,0,0,0,0,0,0,0,0,0,0,0,0,0,0,0,0,0
Greenland,LULUCF,Emissions (CO2),kilotonnes,-0.1356,-0.0219,-0.0219,-0.0219,-0.0219,-0.0219,-0.0219,-0.0219,-0.0219,-0.0219,-0.0219,-0.0992,-0.0992,-0.0992,-0.0992,-0.0992,-0.0926,-0.0926,-0.0926,-0.0926,-0.0926
Greenland,LULUCF,Emissions (CO2eq) from CH4 (AR5),kilotonnes,0,0,0,0,0,0,0,0,0,0,0,0,0,0,0,0,0,0,0,0,0
Greenland,LULUCF,Emissions (CO2eq) from N2O (AR5),kilotonnes,0,0,0,0,0,0,0,0,0,0,0,0,0,0,0,0,0,0,0,0,0
Greenland,LULUCF,Emissions (CO2eq) (AR5),kilotonnes,-0.1356,-0.0219,-0.0219,-0.0219,-0.0219,-0.0219,-0.0219,-0.0219,-0.0219,-0.0219,-0.0219,-0.0992,-0.0992,-0.0992,-0.0992,-0.0992,-0.0926,-0.0926,-0.0926,-0.0926,-0.0926
Greenland,AFOLU,Emissions (CH4),kilotonnes,0,0,0,0,0,0,0,0,0,0,0,0,0,0,0,0,0,0.035,0,0.0041,0
Greenland,AFOLU,Emissions (N2O),kilotonnes,0,0,0,0,0,0,0,0,0,0,0,0,0,0,0,0,0,0.0032,0,0.0004,0
Greenland,AFOLU,Emissions (CO2),kilotonnes,-0.1356,-0.0219,-0.0219,-0.0219,-0.0219,-0.0219,-0.0219,-0.0219,-0.0219,-0.0219,-0.0219,-0.0992,-0.0992,-0.0992,-0.0992,-0.0992,-0.0926,-0.0926,-0.0926,-0.0926,-0.0926
Greenland,AFOLU,Emissions (CO2eq) from CH4 (AR5),kilotonnes,0,0,0,0,0,0,0,0,0,0,0,0,0,0,0,0,0,0.9799,0,0.1141,0
Greenland,AFOLU,Emissions (CO2eq) from N2O (AR5),kilotonnes,0,0,0,0,0,0,0,0,0,0,0,0,0,0,0,0,0,0.8468,0,0.0986,0
Greenland,AFOLU,Emissions (CO2eq) (AR5),kilotonnes,-0.1356,-0.0219,-0.0219,-0.0219,-0.0219,-0.0219,-0.0219,-0.0219,-0.0219,-0.0219,-0.0219,-0.0992,-0.0992,-0.0992,-0.0992,-0.0992,-0.0926,1.7342,-0.0926,0.1202,-0.0926
Greenland,All sectors with LULUCF,Emissions (CH4),kilotonnes,0,0,0,0,0,0,0,0,0,0,0,0,0,0,0,0,0,0.035,0,0.0041,0
Greenland,All sectors with LULUCF,Emissions (N2O),kilotonnes,0,0,0,0,0,0,0,0,0,0,0,0,0,0,0,0,0,0.0032,0,0.0004,0
Greenland,All sectors with LULUCF,Emissions (CO2),kilotonnes,-0.1356,-0.0219,-0.0219,-0.0219,-0.0219,-0.0219,-0.0219,-0.0219,-0.0219,-0.0219,-0.0219,-0.0992,-0.0992,-0.0992,-0.0992,-0.0992,-0.0926,-0.0926,-0.0926,-0.0926,-0.0926
Greenland,All sectors with LULUCF,Emissions (CO2eq) from CH4 (AR5),kilotonnes,0,0,0,0,0,0,0,0,0,0,0,0,0,0,0,0,0,0.9799,0,0.1141,0
Greenland,All sectors with LULUCF,Emissions (CO2eq) from N2O (AR5),kilotonnes,0,0,0,0,0,0,0,0,0,0,0,0,0,0,0,0,0,0.8468,0,0.0986,0
Greenland,All sectors with LULUCF,Emissions (CO2eq) (AR5),kilotonnes,-0.1356,-0.0219,-0.0219,-0.0219,-0.0219,-0.0219,-0.0219,-0.0219,-0.0219,-0.0219,-0.0219,-0.0992,-0.0992,-0.0992,-0.0992,-0.0992,-0.0926,1.7342,-0.0926,0.1202,-0.0926
Greenland,All sectors without LULUCF,Emissions (CH4),kilotonnes,0,0,0,0,0,0,0,0,0,0,0,0,0,0,0,0,0,0.035,0,0.0041,0
Greenland,All sectors without LULUCF,Emissions (N2O),kilotonnes,0,0,0,0,0,0,0,0,0,0,0,0,0,0,0,0,0,0.0032,0,0.0004,0
Greenland,All sectors without LULUCF,Emissions (CO2eq) from CH4 (AR5),kilotonnes,0,0,0,0,0,0,0,0,0,0,0,0,0,0,0,0,0,0.9799,0,0.1141,0
Greenland,All sectors without LULUCF,Emissions (CO2eq) from N2O (AR5),kilotonnes,0,0,0,0,0,0,0,0,0,0,0,0,0,0,0,0,0,0.8468,0,0.0986,0
Greenland,All sectors without LULUCF,Emissions (CO2eq) (AR5),kilotonnes,0,0,0,0,0,0,0,0,0,0,0,0,0,0,0,0,0,1.8267,0,0.2128,0
Grenada,Crop Residues,Direct emissions (N2O),kilotonnes,0.0001,0.0001,0.0001,0.0001,0.0001,0.0001,0.0001,0.0001,0.0001,0.0001,0.0001,0.0001,0.0001,0.0001,0.0001,0.0001,0.0001,0.0001,0.0001,0.0001,0.0001
Grenada,Crop Residues,Indirect emissions (N2O),kilotonnes,0,0,0,0,0,0,0,0,0,0,0,0,0,0,0,0,0,0,0,0,0
Grenada,Crop Residues,Emissions (N2O),kilotonnes,0.0001,0.0001,0.0001,0.0001,0.0001,0.0001,0.0001,0.0001,0.0001,0.0001,0.0001,0.0001,0.0001,0.0001,0.0001,0.0001,0.0001,0.0001,0.0001,0.0001,0.0001
Grenada,Crop Residues,Emissions (CO2eq) from N2O (AR5),kilotonnes,0.0242,0.0245,0.0251,0.0252,0.025,0.0251,0.0242,0.0255,0.0261,0.0267,0.0273,0.028,0.0284,0.0312,0.032,0.0283,0.0303,0.0303,0.0298,0.0302,0.0301
Grenada,Crop Residues,Emissions (CO2eq) (AR5),kilotonnes,0.0242,0.0245,0.0251,0.0252,0.025,0.0251,0.0242,0.0255,0.0261,0.0267,0.0273,0.028,0.0284,0.0312,0.032,0.0283,0.0303,0.0303,0.0298,0.0302,0.0301
Grenada,Burning - Crop residues,Emissions (CH4),kilotonnes,0.0011,0.0011,0.0011,0.0011,0.0011,0.0011,0.0011,0.0011,0.0012,0.0012,0.0012,0.0012,0.0012,0.0014,0.0014,0.0012,0.0013,0.0013,0.0013,0.0013,0.0013
Grenada,Burning - Crop residues,Emissions (N2O),kilotonnes,0,0,0,0,0,0,0,0,0,0,0,0,0,0,0,0,0,0,0,0,0
Grenada,Burning - Crop residues,Emissions (CO2eq) from CH4 (AR5),kilotonnes,0.0304,0.0306,0.0314,0.0314,0.0312,0.0316,0.0305,0.0321,0.0327,0.033,0.0336,0.0341,0.0343,0.0381,0.0392,0.0347,0.0375,0.0372,0.0365,0.037,0.0369
Grenada,Burning - Crop residues,Emissions (CO2eq) from N2O (AR5),kilotonnes,0.0074,0.0075,0.0077,0.0077,0.0077,0.0077,0.0075,0.0079,0.008,0.0081,0.0082,0.0084,0.0084,0.0093,0.0096,0.0085,0.0092,0.0091,0.009,0.0091,0.009
Grenada,Burning - Crop residues,Emissions (CO2eq) (AR5),kilotonnes,0.0378,0.0381,0.0391,0.0391,0.0388,0.0393,0.038,0.0399,0.0407,0.0411,0.0418,0.0425,0.0427,0.0475,0.0488,0.0432,0.0467,0.0463,0.0454,0.0461,0.0459
Grenada,Enteric Fermentation,Emissions (CH4),kilotonnes,0.3659,0.368,0.3681,0.3719,0.3719,0.3719,0.3719,0.3745,0.3828,0.3854,0.3726,0.375,0.3784,0.3755,0.377,0.3776,0.3779,0.38,0.3801,0.3806,0.381
Grenada,Enteric Fermentation,Emissions (CH4),kilotonnes,,,,,,,,,,,,,,,,,,,,,
Grenada,Enteric Fermentation,Emissions (CO2eq) from CH4 (AR5),kilotonnes,10.2458,10.3051,10.306,10.4129,10.4129,10.4129,10.4129,10.4871,10.719,10.7906,10.433,10.5011,10.5948,10.5141,10.5566,10.5741,10.5812,10.6398,10.644,10.6557,10.6679
Grenada,Enteric Fermentation,Emissions (CO2eq) from CH4 (AR5),kilotonnes,,,,,,,,,,,,,,,,,,,,,
Grenada,Enteric Fermentation,Emissions (CO2eq) (AR5),kilotonnes,10.2458,10.3051,10.306,10.4129,10.4129,10.4129,10.4129,10.4871,10.719,10.7906,10.433,10.5011,10.5948,10.5141,10.5566,10.5741,10.5812,10.6398,10.644,10.6557,10.6679
Grenada,Enteric Fermentation,Emissions (CO2eq) (AR5),kilotonnes,,,,,,,,,,,,,,,,,,,,,
Grenada,Manure Management,Emissions (CH4),kilotonnes,0.0161,0.0165,0.0176,0.0179,0.0176,0.0172,0.0187,0.0188,0.0195,0.0199,0.0193,0.0193,0.0194,0.0193,0.0194,0.0193,0.0193,0.0194,0.0194,0.0194,0.0194
Grenada,Manure Management,Emissions (CH4),kilotonnes,,,,,,,,,,,,,,,,,,,,,
Grenada,Manure Management,Emissions (N2O),kilotonnes,0.0011,0.0012,0.0013,0.0013,0.0013,0.0012,0.0014,0.0014,0.0014,0.0015,0.0015,0.0015,0.0015,0.0015,0.0015,0.0015,0.0014,0.0015,0.0015,0.0016,0.0016
Grenada,Manure Management,Emissions (CO2eq) from CH4 (AR5),kilotonnes,0.451,0.4627,0.4931,0.5019,0.4935,0.4818,0.5243,0.5269,0.5456,0.5578,0.5395,0.5406,0.5425,0.541,0.5425,0.5411,0.5396,0.5421,0.543,0.5436,0.5437
Grenada,Manure Management,Emissions (CO2eq) from CH4 (AR5),kilotonnes,,,,,,,,,,,,,,,,,,,,,
Grenada,Manure Management,Emissions (CO2eq) from N2O (AR5),kilotonnes,0.2981,0.3077,0.336,0.3428,0.3352,0.3247,0.3628,0.3632,0.3832,0.3966,0.389,0.3887,0.3893,0.3894,0.3892,0.3852,0.3814,0.3843,0.3997,0.4132,0.4131
Grenada,Manure Management,Emissions (CO2eq) (AR5),kilotonnes,0.7491,0.7703,0.8291,0.8447,0.8287,0.8065,0.8872,0.8902,0.9288,0.9543,0.9285,0.9293,0.9318,0.9304,0.9317,0.9262,0.921,0.9264,0.9427,0.9568,0.9567
Grenada,Manure Management,Emissions (CO2eq) (AR5),kilotonnes,,,,,,,,,,,,,,,,,,,,,
Grenada,Manure left on Pasture,Direct emissions (N2O),kilotonnes,0.0105,0.0106,0.0109,0.0111,0.011,0.0109,0.0113,0.0114,0.0116,0.0117,0.0113,0.0114,0.0114,0.0114,0.0114,0.0115,0.0115,0.0115,0.0116,0.0118,0.0118
Grenada,Manure left on Pasture,Indirect emissions (N2O),kilotonnes,0.0031,0.0032,0.0033,0.0033,0.0033,0.0033,0.0033,0.0034,0.0035,0.0035,0.0033,0.0034,0.0034,0.0034,0.0034,0.0034,0.0034,0.0034,0.0034,0.0035,0.0035
Grenada,Manure left on Pasture,Emissions (N2O),kilotonnes,0.0136,0.0138,0.0142,0.0144,0.0143,0.0142,0.0147,0.0148,0.0151,0.0152,0.0146,0.0147,0.0148,0.0147,0.0148,0.0148,0.0149,0.0149,0.015,0.0152,0.0152
Grenada,Manure left on Pasture,Emissions (CO2eq) from N2O (AR5),kilotonnes,3.6102,3.6677,3.7594,3.8137,3.787,3.7503,3.884,3.9132,4.005,4.0351,3.8807,3.9041,3.9191,3.9006,3.921,3.9341,3.9436,3.9467,3.9866,4.0362,4.0374
Grenada,Manure left on Pasture,Emissions (CO2eq) (AR5),kilotonnes,3.6102,3.6677,3.7594,3.8137,3.787,3.7503,3.884,3.9132,4.005,4.0351,3.8807,3.9041,3.9191,3.9006,3.921,3.9341,3.9436,3.9467,3.9866,4.0362,4.0374
Grenada,Manure applied to Soils,Direct emissions (N2O),kilotonnes,0.0016,0.0017,0.0019,0.002,0.0019,0.0018,0.0021,0.0021,0.0022,0.0023,0.0022,0.0022,0.0022,0.0022,0.0022,0.0022,0.0022,0.0022,0.0023,0.0024,0.0024
Grenada,Manure applied to Soils,Indirect emissions (N2O),kilotonnes,0.0007,0.0007,0.0008,0.0008,0.0008,0.0008,0.0009,0.0009,0.0009,0.001,0.0009,0.0009,0.0009,0.0009,0.0009,0.0009,0.0009,0.0009,0.001,0.001,0.001
Grenada,Manure applied to Soils,Emissions (N2O),kilotonnes,0.0023,0.0024,0.0027,0.0028,0.0027,0.0026,0.003,0.003,0.0032,0.0033,0.0031,0.0031,0.0031,0.0031,0.0031,0.0031,0.0031,0.0031,0.0033,0.0034,0.0034
Grenada,Manure applied to Soils,Emissions (CO2eq) from N2O (AR5),kilotonnes,0.6172,0.6446,0.7215,0.7382,0.7165,0.6867,0.7953,0.8005,0.8377,0.8724,0.8287,0.8241,0.8312,0.8306,0.8302,0.8256,0.8225,0.8284,0.8661,0.9051,0.9054
Grenada,Manure applied to Soils,Emissions (CO2eq) (AR5),kilotonnes,0.6172,0.6446,0.7215,0.7382,0.7165,0.6867,0.7953,0.8005,0.8377,0.8724,0.8287,0.8241,0.8312,0.8306,0.8302,0.8256,0.8225,0.8284,0.8661,0.9051,0.9054
Grenada,Drained organic soils,Emissions (CO2eq) (AR5),kilotonnes,0,0,0,0,0,0,0,0,0,0,0,0,0,0,0,0,0,0,0,0,0
Grenada,Drained organic soils (CO2),Emissions (CO2),kilotonnes,0,0,0,0,0,0,0,0,0,0,0,0,0,0,0,0,0,0,0,0,0
Grenada,Drained organic soils (CO2),Emissions (CO2eq) (AR5),kilotonnes,0,0,0,0,0,0,0,0,0,0,0,0,0,0,0,0,0,0,0,0,0
Grenada,Drained organic soils (N2O),Emissions (N2O),kilotonnes,0,0,0,0,0,0,0,0,0,0,0,0,0,0,0,0,0,0,0,0,0
Grenada,Drained organic soils (N2O),Emissions (CO2eq) from N2O (AR5),kilotonnes,0,0,0,0,0,0,0,0,0,0,0,0,0,0,0,0,0,0,0,0,0
Grenada,Drained organic soils (N2O),Emissions (CO2eq) (AR5),kilotonnes,0,0,0,0,0,0,0,0,0,0,0,0,0,0,0,0,0,0,0,0,0
Grenada,On-farm energy use,Emissions (CH4),kilotonnes,0.0031,0.0031,0.003,0.0031,0.0028,0.0028,0.0028,0.0027,0.0019,0.0018,0.0018,0.0016,0.0015,0.0014,0.0014,0.0013,0.0012,0.0012,0.0022,0.0023,0.0023
Grenada,On-farm energy use,Emissions (N2O),kilotonnes,0.0023,0.0023,0.0024,0.0025,0.0024,0.0026,0.0026,0.0028,0.0001,0.0001,0.0001,0.0001,0,0,0,0,0,0,0.0063,0.0075,0.0075
Grenada,On-farm energy use,Emissions (CO2),kilotonnes,8.4599,8.5178,8.5724,8.9303,8.5234,8.8228,9.0186,9.3159,1.8395,1.8167,1.7805,1.5769,1.4728,1.4833,1.4476,1.3556,1.2098,1.2021,17.3972,20.5871,20.5871
Grenada,On-farm energy use,Emissions (CO2eq) from CH4 (AR5),kilotonnes,0.0862,0.0861,0.085,0.0854,0.0784,0.078,0.0773,0.0763,0.0522,0.0518,0.0507,0.0442,0.0408,0.0403,0.0403,0.0369,0.0327,0.0322,0.0606,0.0647,0.0647
Grenada,On-farm energy use,Emissions (CO2eq) from N2O (AR5),kilotonnes,0.6146,0.6211,0.6305,0.6664,0.6452,0.6776,0.7002,0.7324,0.0188,0.0155,0.0152,0.0137,0.0129,0.0128,0.0131,0.0124,0.0118,0.0118,1.6583,1.9874,1.9874
Grenada,On-farm energy use,Emissions (CO2eq) (AR5),kilotonnes,9.1607,9.225,9.2879,9.6821,9.247,9.5784,9.796,10.1246,1.9106,1.8839,1.8465,1.6348,1.5265,1.5364,1.5009,1.405,1.2543,1.2461,19.1161,22.6392,22.6392
Grenada,Forestland,Emissions (CO2),kilotonnes,0,0,0,0,0,0,0,0,0,0,0,0,0,0,0,0,0,0,0,0,0
Grenada,Forestland,Emissions (CO2eq) (AR5),kilotonnes,0,0,0,0,0,0,0,0,0,0,0,0,0,0,0,0,0,0,0,0,0
Grenada,Net Forest conversion,Emissions (CO2),kilotonnes,0,0,0,0,0,0,0,0,0,0,0,0,0,0,0,0,0,0,0,0,0
Grenada,Net Forest conversion,Emissions (CO2eq) (AR5),kilotonnes,0,0,0,0,0,0,0,0,0,0,0,0,0,0,0,0,0,0,0,0,0
Grenada,Savanna fires,Emissions (CH4),kilotonnes,0,0,0,0,0,0,0,0,0,0,0,0,0,0,0,0,0,0,0,0,0
Grenada,Savanna fires,Emissions (N2O),kilotonnes,0,0,0,0,0,0,0,0,0,0,0,0,0,0,0,0,0,0,0,0,0
Grenada,Savanna fires,Emissions (CO2eq) from CH4 (AR5),kilotonnes,0,0,0,0,0,0,0,0,0,0,0,0,0,0,0,0,0,0,0,0,0
Grenada,Savanna fires,Emissions (CO2eq) from N2O (AR5),kilotonnes,0,0,0,0,0,0,0,0,0,0,0,0,0,0,0,0,0,0,0,0,0
Grenada,Savanna fires,Emissions (CO2eq) (AR5),kilotonnes,0,0,0,0,0,0,0,0,0,0,0,0,0,0,0,0,0,0,0,0,0
Grenada,Fires in organic soils,Emissions (CH4),kilotonnes,0,0,0,0,0,0,0,0,0,0,0,0,0,0,0,0,0,0,0,0,0
Grenada,Fires in organic soils,Emissions (CO2),kilotonnes,0,0,0,0,0,0,0,0,0,0,0,0,0,0,0,0,0,0,0,0,0
Grenada,Fires in organic soils,Emissions (CO2eq) from CH4 (AR5),kilotonnes,0,0,0,0,0,0,0,0,0,0,0,0,0,0,0,0,0,0,0,0,0
Grenada,Fires in organic soils,Emissions (CO2eq) (AR5),kilotonnes,0,0,0,0,0,0,0,0,0,0,0,0,0,0,0,0,0,0,0,0,0
Grenada,Forest fires,Emissions (CH4),kilotonnes,0.0006,0,0,0,0,0,0,0,0,0,0,0,0,0,0,0,0,0,0,0,0
Grenada,Forest fires,Emissions (N2O),kilotonnes,0,0,0,0,0,0,0,0,0,0,0,0,0,0,0,0,0,0,0,0,0
Grenada,Forest fires,Emissions (CO2eq) from CH4 (AR5),kilotonnes,0.0163,0,0,0,0,0,0,0,0,0,0,0,0,0,0,0,0,0,0,0,0
Grenada,Forest fires,Emissions (CO2eq) from N2O (AR5),kilotonnes,0.0045,0,0,0,0,0,0,0,0,0,0,0,0,0,0,0,0,0,0,0,0
Grenada,Forest fires,Emissions (CO2eq) (AR5),kilotonnes,0.0208,0,0,0,0,0,0,0,0,0,0,0,0,0,0,0,0,0,0,0,0
Grenada,Fires in humid tropical forests,Emissions (CH4),kilotonnes,0.0006,0,0,0,0,0,0,0,0,0,0,0,0,0,0,0,0,0,0,0,0
Grenada,Fires in humid tropical forests,Emissions (N2O),kilotonnes,0,0,0,0,0,0,0,0,0,0,0,0,0,0,0,0,0,0,0,0,0
Grenada,Fires in humid tropical forests,Emissions (CO2eq) from CH4 (AR5),kilotonnes,0.0163,0,0,0,0,0,0,0,0,0,0,0,0,0,0,0,0,0,0,0,0
Grenada,Fires in humid tropical forests,Emissions (CO2eq) from N2O (AR5),kilotonnes,0.0045,0,0,0,0,0,0,0,0,0,0,0,0,0,0,0,0,0,0,0,0
Grenada,Fires in humid tropical forests,Emissions (CO2eq) (AR5),kilotonnes,0.0208,0,0,0,0,0,0,0,0,0,0,0,0,0,0,0,0,0,0,0,0
Grenada,Waste - agri-food systems,Emissions (CH4),kilotonnes,1.0047,1.0073,1.0098,1.0129,1.0151,1.0193,1.0226,1.0245,1.028,1.0297,1.0312,1.0323,1.0338,1.0359,1.0374,1.0406,1.0439,1.0472,1.05,1.0523,1.0515
Grenada,Waste - agri-food systems,Emissions (N2O),kilotonnes,0.0022,0.0024,0.0026,0.0027,0.0027,0.0029,0.0029,0.0028,0.0028,0.0028,0.0027,0.0026,0.0026,0.0027,0.0026,0.0027,0.0026,0.0028,0.0028,0.0028,0.0028
Grenada,Waste - agri-food systems,Emissions (CO2),kilotonnes,2.8223,2.8224,2.8277,2.8403,2.8422,2.8632,2.8638,2.8754,2.8874,2.8777,2.8777,2.8791,2.8828,2.8902,2.9012,2.9138,2.9227,2.9309,2.9359,2.9415,2.9202
Grenada,Waste - agri-food systems,Emissions (CO2eq) from CH4 (AR5),kilotonnes,28.1323,28.2054,28.2755,28.3603,28.4226,28.541,28.6339,28.6846,28.7832,28.8322,28.8724,28.9051,28.9467,29.0046,29.0476,29.1374,29.2298,29.3204,29.3997,29.4633,29.4414
Grenada,Waste - agri-food systems,Emissions (CO2eq) from N2O (AR5),kilotonnes,0.5918,0.6255,0.7002,0.7034,0.7251,0.7646,0.7712,0.7346,0.7347,0.7469,0.7044,0.6891,0.6992,0.7052,0.69,0.7142,0.6923,0.7299,0.733,0.7351,0.7371
Grenada,Waste - agri-food systems,Emissions (CO2eq) (AR5),kilotonnes,31.5464,31.6532,31.8034,31.904,31.99,32.1687,32.2689,32.2946,32.4053,32.4568,32.4545,32.4732,32.5288,32.5999,32.6389,32.7655,32.8448,32.9812,33.0686,33.1398,33.0987
Grenada,On-farm electricity use,Emissions (CH4),kilotonnes,0,0,0,0,0,0,0,0,0,0,0,0,0,0,0,0,0,0,0,0,0
Grenada,On-farm electricity use,Emissions (N2O),kilotonnes,0,0,0,0,0,0,0,0,0,0,0,0,0,0,0,0,0,0,0,0,0
Grenada,On-farm electricity use,Emissions (CO2),kilotonnes,0,0,0,0,0,0,0,0,0,0,0,0,0,0,0,0,0,0,0,0,0
Grenada,On-farm electricity use,Emissions (CO2eq) from CH4 (AR5),kilotonnes,0,0,0,0,0,0,0,0,0,0,0,0,0,0,0,0,0,0,0,0,0
Grenada,On-farm electricity use,Emissions (CO2eq) from N2O (AR5),kilotonnes,0,0,0,0,0,0,0,0,0,0,0,0,0,0,0,0,0,0,0,0,0
Grenada,On-farm electricity use,Emissions (CO2eq) (AR5),kilotonnes,0,0,0,0,0,0,0,0,0,0,0,0,0,0,0,0,0,0,0,0,0
Grenada,Food Processing,Emissions (CH4),kilotonnes,0.0001,0.0001,0,0,0,0,0,0,0,0.0001,0.0001,0.0011,0.0011,0.0015,0.001,0.0011,0.0011,0.0011,0.0017,0.002,0.002
Grenada,Food Processing,Emissions (N2O),kilotonnes,0,0,0,0,0,0,0,0,0,0,0,0.0001,0.0001,0.0001,0.0001,0.0001,0.0001,0.0001,0.0001,0.0001,0.0001
Grenada,Food Processing,Emissions (CO2),kilotonnes,2.7516,2.9408,1.8279,2.0452,2.2998,1.6407,1.6733,1.8149,1.2093,1.2761,1.4415,5.6211,6.1963,8.8012,5.3976,5.7979,6.7283,7.9354,10.1088,10.1019,8.8977
Grenada,Food Processing,Emissions (CO2eq) from CH4 (AR5),kilotonnes,0.0028,0.0028,0,0,0,0,0,0,0,0.0028,0.0028,0.0308,0.0308,0.042,0.028,0.0308,0.0308,0.0308,0.0476,0.056,0.0569
Grenada,Food Processing,Emissions (CO2eq) from N2O (AR5),kilotonnes,0,0,0,0,0,0,0,0,0,0,0,0.0265,0.0265,0.0265,0.0265,0.0265,0.0265,0.0265,0.0265,0.0265,0.0274
Grenada,Food Processing,Emissions (CO2eq) (AR5),kilotonnes,2.7544,2.9436,1.8279,2.0452,2.2998,1.6407,1.6733,1.8149,1.2093,1.2789,1.4443,5.6784,6.2536,8.8697,5.4521,5.8552,6.7856,7.9927,10.1829,10.1844,8.982
Grenada,Food Packaging,Emissions (CH4),kilotonnes,0,0,0,0,0,0,0,0,0,0,0,0,0,0,0,0,0,0,0,0,0
Grenada,Food Packaging,Emissions (N2O),kilotonnes,0,0,0,0,0,0,0,0,0,0,0,0,0,0,0,0,0,0,0,0,0
Grenada,Food Packaging,Emissions (CO2),kilotonnes,0,0,0,0,0,0,0,0,0,0,0,0.0783,0.0849,0.1094,0.0692,0.0789,0.083,0.093,0.0952,0.0779,0.0686
Grenada,Food Packaging,Emissions (CO2eq) from CH4 (AR5),kilotonnes,0,0,0,0,0,0,0,0,0,0,0,0,0,0,0,0,0,0,0,0,0
Grenada,Food Packaging,Emissions (CO2eq) from N2O (AR5),kilotonnes,0,0,0,0,0,0,0,0,0,0,0,0,0,0,0,0,0,0,0,0,0
Grenada,Food Packaging,Emissions (CO2eq) (AR5),kilotonnes,0,0,0,0,0,0,0,0,0,0,0,0.0783,0.0849,0.1094,0.0692,0.0789,0.083,0.093,0.0952,0.0779,0.0686
Grenada,Food Retail,Emissions (CH4),kilotonnes,0.0142,0.0156,0.0161,0.0175,0.0166,0.0173,0.0194,0.0212,0.023,0.0236,0.0243,0.0238,0.0236,0.0232,0.024,0.0248,0.0256,0.0265,0.0278,0.0313,0.0318
Grenada,Food Retail,Emissions (N2O),kilotonnes,0.0001,0.0001,0.0001,0.0001,0.0001,0.0001,0.0001,0.0001,0.0001,0.0001,0.0001,0.0001,0.0001,0.0001,0.0001,0.0001,0.0002,0.0002,0.0002,0.0002,0.0002
Grenada,Food Retail,Emissions (CO2),kilotonnes,7.7732,8.4585,8.7816,9.5954,9.0964,9.5198,10.3654,11.344,12.1412,12.7814,13.0398,12.7052,11.9337,12.8399,13.937,15.0523,15.5662,16.1471,15.0484,17.6096,15.5104
Grenada,Food Retail,Emissions (CO2eq) from CH4 (AR5),kilotonnes,0.3976,0.4368,0.4508,0.49,0.4648,0.4844,0.5432,0.5936,0.644,0.6608,0.6804,0.6664,0.6608,0.6496,0.672,0.6944,0.7168,0.742,0.7784,0.8764,0.8904
Grenada,Food Retail,Emissions (CO2eq) from N2O (AR5),kilotonnes,0.0265,0.0265,0.0265,0.0265,0.0265,0.0265,0.0265,0.0265,0.0265,0.0265,0.0265,0.0265,0.0265,0.0265,0.0265,0.0265,0.053,0.053,0.053,0.053,0.0547
Grenada,Food Retail,Emissions (CO2eq) (AR5),kilotonnes,8.1973,8.9218,9.2589,10.1119,9.5877,10.0307,10.9351,11.9641,12.8117,13.4687,13.7467,13.3981,12.621,13.516,14.6355,15.7732,16.336,16.9421,15.8798,18.539,16.4556
Grenada,Food Household Consumption,Emissions (CH4),kilotonnes,0.0172,0.0188,0.0197,0.0211,0.0182,0.0188,0.0225,0.0246,0.0245,0.0253,0.0267,0.0261,0.0256,0.0254,0.0253,0.0261,0.0268,0.0278,0.0298,0.0298,0.0303
Grenada,Food Household Consumption,Emissions (N2O),kilotonnes,0.0001,0.0001,0.0001,0.0001,0.0001,0.0001,0.0001,0.0001,0.0001,0.0001,0.0002,0.0002,0.0001,0.0001,0.0001,0.0002,0.0002,0.0002,0.0002,0.0002,0.0002
Grenada,Food Household Consumption,Emissions (CO2),kilotonnes,14.1089,14.941,15.532,16.6446,14.9381,15.5368,17.3868,18.9473,15.7636,17.1953,17.6948,17.5841,16.7602,17.2219,16.527,18.0465,18.3377,19.021,19.4786,19.4786,17.1566
Grenada,Food Household Consumption,Emissions (CO2eq) from CH4 (AR5),kilotonnes,0.4816,0.5264,0.5516,0.5908,0.5096,0.5264,0.63,0.6888,0.686,0.7084,0.7476,0.7308,0.7168,0.7112,0.7084,0.7308,0.7504,0.7784,0.8344,0.8344,0.8477
Grenada,Food Household Consumption,Emissions (CO2eq) from N2O (AR5),kilotonnes,0.0265,0.0265,0.0265,0.0265,0.0265,0.0265,0.0265,0.0265,0.0265,0.0265,0.053,0.053,0.0265,0.0265,0.0265,0.053,0.053,0.053,0.053,0.053,0.0547
Grenada,Food Household Consumption,Emissions (CO2eq) (AR5),kilotonnes,14.617,15.4939,16.1101,17.2619,15.4742,16.0897,18.0433,19.6626,16.4761,17.9302,18.4954,18.3679,17.5035,17.9596,17.2619,18.8303,19.1411,19.8524,20.366,20.366,18.0591
Grenada,Food Transport,Emissions (CH4),kilotonnes,0.0012,0.0013,0.0011,0.0013,0.0012,0.0013,0.0014,0.0014,0.0015,0.0016,0.0016,0.0019,0.0019,0.0022,0.0019,0.0019,0.0018,0.0018,0.0017,0.0022,0.0022
Grenada,Food Transport,Emissions (N2O),kilotonnes,0.0001,0.0001,0.0001,0.0001,0.0001,0.0001,0.0001,0.0001,0.0002,0.0002,0.0002,0.0002,0.0002,0.0002,0.0002,0.0002,0.0002,0.0002,0.0002,0.0002,0.0002
Grenada,Food Transport,Emissions (CO2),kilotonnes,5.5487,5.7803,5.1336,5.9057,6.0158,6.5226,6.6506,6.8592,7.248,7.8971,8.4288,8.3408,9.0645,10.82,9.2604,9.2461,9.1408,8.997,8.7424,10.6992,9.4238
Grenada,Food Transport,Emissions (CO2eq) from CH4 (AR5),kilotonnes,0.0336,0.0364,0.0308,0.0364,0.0336,0.0364,0.0392,0.0392,0.042,0.0448,0.0448,0.0532,0.0532,0.0616,0.0532,0.0532,0.0504,0.0504,0.0476,0.0616,0.0626
Grenada,Food Transport,Emissions (CO2eq) from N2O (AR5),kilotonnes,0.0265,0.0265,0.0265,0.0265,0.0265,0.0265,0.0265,0.0265,0.053,0.053,0.053,0.053,0.053,0.053,0.053,0.053,0.053,0.053,0.053,0.053,0.0547
Grenada,Food Transport,Emissions (CO2eq) (AR5),kilotonnes,5.6088,5.8432,5.1909,5.9686,6.0759,6.5855,6.7163,6.9249,7.343,7.9949,8.5266,8.447,9.1707,10.9346,9.3666,9.3523,9.2442,9.1004,8.843,10.8138,9.5411
Grenada,Energy,Emissions (CH4),kilotonnes,0.0223,0.0233,0.0221,0.0246,0.0229,0.0239,0.0241,0.0248,0.0244,0.0274,0.0259,0.0289,0.0293,0.0355,0.0306,0.0305,0.0297,0.0273,0.0267,0.0313,0.0318
Grenada,Energy,Emissions (N2O),kilotonnes,0.0048,0.005,0.0045,0.0049,0.0049,0.0049,0.0044,0.0048,0.0051,0.0053,0.0052,0.0066,0.0075,0.0081,0.0073,0.0072,0.008,0.0074,0.0072,0.0083,0.0086
Grenada,Energy,Emissions (CO2),kilotonnes,191,194,205,216,205,216,231,238,253,253,260,253,271,304,235,260,268,284,292,302,266
Grenada,Energy,Emissions (CO2eq) from CH4 (AR5),kilotonnes,0.6244,0.6524,0.6188,0.6888,0.6412,0.6692,0.6748,0.6944,0.6832,0.7672,0.7252,0.8092,0.8204,0.994,0.8568,0.854,0.8316,0.7644,0.7476,0.8764,0.8904
Grenada,Energy,Emissions (CO2eq) from N2O (AR5),kilotonnes,1.2588,1.3118,1.2005,1.2932,1.2985,1.2879,1.1527,1.2799,1.3382,1.4045,1.3886,1.7464,1.9822,2.1359,1.9213,1.9027,2.1068,1.969,1.9133,2.2101,2.2816
Grenada,Energy,Emissions (CO2eq) (AR5),kilotonnes,192.8832,195.9641,206.8193,217.982,206.9397,217.9571,232.8276,239.9743,255.0214,255.1717,262.1138,255.5556,273.8026,307.1299,237.7781,262.7567,270.9384,286.7333,294.6609,305.0865,269.1721
Grenada,IPPU,Emissions (N2O),kilotonnes,0,0,0,0,0,0,0,0,0,0,0,0,0,0,0,0,0,0,0,0,0
Grenada,IPPU,Emissions (CO2),kilotonnes,0.921,0.965,0.966,1,0.99,1.08,1.08,1.07,1.09,1.17,1.15,1.11,1.08,1.15,1.1,1.1,1.1,1.1,1.11,1.13,1.13
Grenada,IPPU,Emissions (CO2eq) from F-gases (AR5),kilotonnes,2.099,2.1379,2.1864,2.235,2.2836,2.3322,2.3711,2.4197,2.4683,2.5168,2.5654,2.6043,2.6432,2.6918,2.7403,2.7792,2.8278,2.8764,2.9153,2.9639,3.0124
Grenada,IPPU,Emissions (CO2eq) from N2O (AR5),kilotonnes,0.0003,0.0003,0.0003,0.0003,0.0003,0.0003,0.0003,0.0003,0.0003,0.0003,0.0003,0.0003,0.0003,0.0003,0.0003,0.0003,0.0003,0.0003,0.0003,0.0003,0.0003
Grenada,IPPU,Emissions (CO2eq) (AR5),kilotonnes,3.0203,3.1032,3.1527,3.2353,3.2739,3.4125,3.4514,3.49,3.5586,3.6871,3.7157,3.7146,3.7235,3.8421,3.8407,3.8795,3.9281,3.9767,4.0256,4.0942,4.1428
Grenada,Waste,Emissions (CH4),kilotonnes,1.36,1.36,1.37,1.39,1.39,1.42,1.42,1.43,1.44,1.43,1.43,1.44,1.44,1.45,1.47,1.49,1.5,1.52,1.54,1.52,1.53
Grenada,Waste,Emissions (N2O),kilotonnes,0.0041,0.0041,0.0041,0.0044,0.0046,0.0048,0.0049,0.005,0.0049,0.0049,0.0048,0.0047,0.0046,0.0046,0.0046,0.0046,0.0046,0.0047,0.0047,0.0046,0.0046
Grenada,Waste,Emissions (CO2eq) from CH4 (AR5),kilotonnes,38.08,38.08,38.36,38.92,38.92,39.76,39.76,40.04,40.32,40.04,40.04,40.32,40.32,40.6,41.16,41.72,42,42.56,43.12,42.56,42.84
Grenada,Waste,Emissions (CO2eq) from N2O (AR5),kilotonnes,1.0918,1.0944,1.0971,1.1686,1.2322,1.2694,1.3065,1.317,1.2985,1.2853,1.2667,1.2429,1.2111,1.2111,1.2084,1.219,1.2164,1.2402,1.2455,1.2111,1.2058
Grenada,Waste,Emissions (CO2eq) (AR5),kilotonnes,39.1718,39.1745,39.4571,40.0886,40.1522,41.0294,41.0664,41.3571,41.6185,41.3252,41.3067,41.5628,41.5311,41.8111,42.3684,42.939,43.2163,43.8002,44.3655,43.7711,44.0458
Grenada,Other,Emissions (N2O),kilotonnes,0.0118,0.0124,0.0122,0.0143,0.0143,0.0151,0.0151,0.0158,0.0171,0.018,0.0209,0.0218,0.0221,0.0257,0.0215,0.0223,0.022,0.015,0.0146,0.0214,0.0217
Grenada,Other,Emissions (CO2eq) from N2O (AR5),kilotonnes,3.127,3.286,3.233,3.7895,3.7895,4.0015,4.0015,4.187,4.5315,4.77,5.5385,5.777,5.8565,6.8105,5.6975,5.9095,5.83,3.975,3.869,5.671,5.7505
Grenada,Other,Emissions (CO2eq) (AR5),kilotonnes,3.127,3.286,3.233,3.7895,3.7895,4.0015,4.0015,4.187,4.5315,4.77,5.5385,5.777,5.8565,6.8105,5.6975,5.9095,5.83,3.975,3.869,5.671,5.7505
Grenada,Farm-gate emissions,Emissions (CH4),kilotonnes,0.3862,0.3887,0.3898,0.394,0.3934,0.393,0.3945,0.3972,0.4053,0.4083,0.3949,0.3971,0.4004,0.3976,0.3992,0.3995,0.3997,0.4018,0.403,0.4036,0.404
Grenada,Farm-gate emissions,Direct emissions (N2O),kilotonnes,0.0122,0.0124,0.0129,0.0131,0.013,0.0128,0.0135,0.0136,0.0139,0.0141,0.0136,0.0136,0.0137,0.0137,0.0137,0.0137,0.0137,0.0138,0.014,0.0143,0.0143
Grenada,Farm-gate emissions,Indirect emissions (N2O),kilotonnes,0.0039,0.0039,0.0041,0.0041,0.0041,0.004,0.0043,0.0043,0.0044,0.0045,0.0043,0.0043,0.0043,0.0043,0.0043,0.0043,0.0044,0.0043,0.0044,0.0045,0.0045
Grenada,Farm-gate emissions,Emissions (N2O),kilotonnes,0.0195,0.0199,0.0207,0.0211,0.0208,0.0206,0.0218,0.022,0.0199,0.0202,0.0194,0.0195,0.0196,0.0195,0.0196,0.0196,0.0196,0.0197,0.0262,0.0279,0.0279
Grenada,Farm-gate emissions,Emissions (CO2),kilotonnes,8.4599,8.5178,8.5724,8.9303,8.5234,8.8228,9.0186,9.3159,1.8395,1.8167,1.7805,1.5769,1.4728,1.4833,1.4476,1.3556,1.2098,1.2021,17.3972,20.5871,20.5871
Grenada,Farm-gate emissions,Emissions (CO2eq) from CH4 (AR5),kilotonnes,10.8133,10.8845,10.9154,11.0317,11.016,11.0043,11.0451,11.1224,11.3494,11.4332,11.0568,11.12,11.2124,11.1335,11.1785,11.1868,11.191,11.2513,11.2841,11.301,11.3131
Grenada,Farm-gate emissions,Emissions (CO2eq) from N2O (AR5),kilotonnes,5.1717,5.273,5.4803,5.594,5.5165,5.4722,5.774,5.8426,5.2788,5.3544,5.1492,5.1669,5.1894,5.174,5.1951,5.1941,5.1987,5.2106,6.9495,7.3811,7.3823
Grenada,Farm-gate emissions,Emissions (CO2eq) (AR5),kilotonnes,24.4449,24.6753,24.9681,25.556,25.056,25.2992,25.8376,26.281,18.4678,18.6043,17.9865,17.8638,17.8745,17.7908,17.8211,17.7365,17.5994,17.664,35.6308,39.2693,39.2826
Grenada,Land Use change,Emissions (CH4),kilotonnes,0.0006,0,0,0,0,0,0,0,0,0,0,0,0,0,0,0,0,0,0,0,0
Grenada,Land Use change,Emissions (N2O),kilotonnes,0,0,0,0,0,0,0,0,0,0,0,0,0,0,0,0,0,0,0,0,0
Grenada,Land Use change,Emissions (CO2),kilotonnes,0,0,0,0,0,0,0,0,0,0,0,0,0,0,0,0,0,0,0,0,0
Grenada,Land Use change,Emissions (CO2eq) from CH4 (AR5),kilotonnes,0.0163,0,0,0,0,0,0,0,0,0,0,0,0,0,0,0,0,0,0,0,0
Grenada,Land Use change,Emissions (CO2eq) from N2O (AR5),kilotonnes,0.0045,0,0,0,0,0,0,0,0,0,0,0,0,0,0,0,0,0,0,0,0
Grenada,Land Use change,Emissions (CO2eq) (AR5),kilotonnes,0.0208,0,0,0,0,0,0,0,0,0,0,0,0,0,0,0,0,0,0,0,0
Grenada,Emissions on agricultural land,Emissions (CH4),kilotonnes,0.3868,0.3887,0.3898,0.394,0.3934,0.393,0.3945,0.3972,0.4053,0.4083,0.3949,0.3971,0.4004,0.3976,0.3992,0.3995,0.3997,0.4018,0.403,0.4036,0.404
Grenada,Emissions on agricultural land,Emissions (N2O),kilotonnes,0.0195,0.0199,0.0207,0.0211,0.0208,0.0206,0.0218,0.022,0.0199,0.0202,0.0194,0.0195,0.0196,0.0195,0.0196,0.0196,0.0196,0.0197,0.0262,0.0279,0.0279
Grenada,Emissions on agricultural land,Emissions (CO2),kilotonnes,8.4599,8.5178,8.5724,8.9303,8.5234,8.8228,9.0186,9.3159,1.8395,1.8167,1.7805,1.5769,1.4728,1.4833,1.4476,1.3556,1.2098,1.2021,17.3972,20.5871,20.5871
Grenada,Emissions on agricultural land,Emissions (CO2eq) from CH4 (AR5),kilotonnes,10.8296,10.8845,10.9154,11.0317,11.016,11.0043,11.0451,11.1224,11.3494,11.4332,11.0568,11.12,11.2124,11.1335,11.1785,11.1868,11.191,11.2513,11.2841,11.301,11.3131
Grenada,Emissions on agricultural land,Emissions (CO2eq) from N2O (AR5),kilotonnes,5.1762,5.273,5.4803,5.594,5.5165,5.4722,5.774,5.8426,5.2788,5.3544,5.1492,5.1669,5.1894,5.174,5.1951,5.1941,5.1987,5.2106,6.9495,7.3811,7.3823
Grenada,Emissions on agricultural land,Emissions (CO2eq) (AR5),kilotonnes,24.4657,24.6753,24.9681,25.556,25.056,25.2992,25.8376,26.281,18.4678,18.6043,17.9865,17.8638,17.8745,17.7908,17.8211,17.7365,17.5994,17.664,35.6308,39.2693,39.2826
Grenada,Pre- and post- production,Emissions (CH4),kilotonnes,1.0374,1.0431,1.0467,1.0528,1.0511,1.0567,1.0659,1.0717,1.077,1.0803,1.0839,1.0852,1.086,1.0882,1.0896,1.0945,1.0992,1.1044,1.111,1.1176,1.1178
Grenada,Pre- and post- production,Emissions (N2O),kilotonnes,0.0025,0.0027,0.0029,0.003,0.003,0.0032,0.0032,0.0031,0.0032,0.0032,0.0032,0.0032,0.0031,0.0032,0.0031,0.0033,0.0033,0.0035,0.0035,0.0035,0.0035
Grenada,Pre- and post- production,Emissions (CO2),kilotonnes,33.0047,34.943,34.1028,37.0312,35.1923,36.0831,38.9399,41.8408,39.2495,42.0276,43.4826,47.2086,46.9224,52.6826,48.0924,51.1355,52.7787,55.1244,56.4093,60.9087,53.9774
Grenada,Pre- and post- production,Emissions (CO2eq) from CH4 (AR5),kilotonnes,29.0479,29.2078,29.3087,29.4775,29.4306,29.5882,29.8463,30.0062,30.1552,30.249,30.348,30.3863,30.4083,30.469,30.5092,30.6466,30.7782,30.922,31.1077,31.2917,31.299
Grenada,Pre- and post- production,Emissions (CO2eq) from N2O (AR5),kilotonnes,0.6713,0.705,0.7797,0.7829,0.8046,0.8441,0.8507,0.8141,0.8407,0.8529,0.8369,0.8481,0.8317,0.8377,0.8225,0.8732,0.8778,0.9154,0.9185,0.9206,0.9286
Grenada,Pre- and post- production,Emissions (CO2eq) (AR5),kilotonnes,62.7239,64.8557,64.1912,67.2916,65.4276,66.5153,69.6369,72.6611,70.2454,73.1295,74.6675,78.4429,78.1625,83.9892,79.4242,82.6554,84.4347,86.9618,88.4355,93.1209,86.205
Grenada,Agri-food systems,Emissions (CH4),kilotonnes,1.4242,1.4319,1.4366,1.4468,1.4445,1.4497,1.4604,1.4689,1.4823,1.4886,1.4787,1.4824,1.4865,1.4858,1.4888,1.4941,1.4989,1.5062,1.514,1.5212,1.5219
Grenada,Agri-food systems,Emissions (N2O),kilotonnes,0.0221,0.0226,0.0236,0.0241,0.0239,0.0238,0.025,0.0251,0.0231,0.0234,0.0226,0.0227,0.0227,0.0227,0.0227,0.0229,0.0229,0.0231,0.0297,0.0313,0.0314
Grenada,Agri-food systems,Emissions (CO2),kilotonnes,41.4646,43.4608,42.6751,45.9615,43.7157,44.9059,47.9585,51.1567,41.089,43.8443,45.2631,48.7855,48.3953,54.1658,49.54,52.4911,53.9884,56.3265,73.8065,81.4958,74.5646
Grenada,Agri-food systems,Emissions (CO2eq) from CH4 (AR5),kilotonnes,39.8775,40.0922,40.2241,40.5091,40.4466,40.5924,40.8914,41.1287,41.5046,41.6822,41.4049,41.5063,41.6207,41.6025,41.6877,41.8335,41.9692,42.1733,42.3919,42.5927,42.6121
Grenada,Agri-food systems,Emissions (CO2eq) from N2O (AR5),kilotonnes,5.8475,5.978,6.26,6.3769,6.3212,6.3163,6.6247,6.6567,6.1195,6.2072,5.986,6.015,6.0211,6.0117,6.0176,6.0673,6.0765,6.126,7.868,8.3018,8.3109
Grenada,Agri-food systems,Emissions (CO2eq) (AR5),kilotonnes,87.1896,89.531,89.1593,92.8475,90.4835,91.8146,95.4745,98.9421,88.7131,91.7337,92.654,96.3067,96.037,101.78,97.2453,100.3919,102.0341,104.6258,124.0663,132.3902,125.4876
Grenada,IPCC Agriculture,Emissions (CH4),kilotonnes,0.3831,0.3857,0.3868,0.3909,0.3906,0.3902,0.3917,0.3945,0.4035,0.4065,0.3931,0.3956,0.399,0.3962,0.3978,0.3982,0.3985,0.4007,0.4008,0.4013,0.4017
Grenada,IPCC Agriculture,Emissions (CH4),kilotonnes,,,,,,,,,,,,,,,,,,,,,
Grenada,IPCC Agriculture,Direct emissions (N2O),kilotonnes,0.0122,0.0124,0.0129,0.0131,0.013,0.0128,0.0135,0.0136,0.0139,0.0141,0.0136,0.0136,0.0137,0.0137,0.0137,0.0137,0.0137,0.0138,0.014,0.0143,0.0143
Grenada,IPCC Agriculture,Indirect emissions (N2O),kilotonnes,0.0039,0.0039,0.0041,0.0041,0.0041,0.004,0.0043,0.0043,0.0044,0.0045,0.0043,0.0043,0.0043,0.0043,0.0043,0.0043,0.0044,0.0043,0.0044,0.0045,0.0045
Grenada,IPCC Agriculture,Emissions (N2O),kilotonnes,0.0172,0.0176,0.0183,0.0186,0.0184,0.0181,0.0191,0.0193,0.0198,0.0201,0.0194,0.0194,0.0195,0.0195,0.0196,0.0196,0.0196,0.0196,0.02,0.0204,0.0204
Grenada,IPCC Agriculture,Emissions (N2O),kilotonnes,,,,,,,,,,,,,,,,,,,,,
Grenada,IPCC Agriculture,Emissions (CO2eq) from CH4 (AR5),kilotonnes,10.7271,10.7984,10.8304,10.9463,10.9377,10.9263,10.9678,11.0461,11.2972,11.3814,11.0061,11.0758,11.1715,11.0932,11.1382,11.1499,11.1583,11.2191,11.2235,11.2363,11.2484
Grenada,IPCC Agriculture,Emissions (CO2eq) from CH4 (AR5),kilotonnes,,,,,,,,,,,,,,,,,,,,,
Grenada,IPCC Agriculture,Emissions (CO2eq) from N2O (AR5),kilotonnes,4.5571,4.6519,4.8498,4.9276,4.8713,4.7946,5.0738,5.1102,5.26,5.3389,5.1339,5.1532,5.1765,5.1612,5.182,5.1816,5.1869,5.1988,5.2912,5.3938,5.395
Grenada,IPCC Agriculture,Emissions (CO2eq) from N2O (AR5),kilotonnes,,,,,,,,,,,,,,,,,,,,,
Grenada,IPCC Agriculture,Emissions (CO2eq) (AR5),kilotonnes,15.2842,15.4503,15.6802,15.8739,15.809,15.7209,16.0416,16.1563,16.5572,16.7203,16.14,16.229,16.348,16.2544,16.3202,16.3315,16.3451,16.4179,16.5147,16.6301,16.6434
Grenada,IPCC Agriculture,Emissions (CO2eq) (AR5),kilotonnes,,,,,,,,,,,,,,,,,,,,,
Grenada,Agricultural Soils,Direct emissions (N2O),kilotonnes,0.0122,0.0124,0.0129,0.0131,0.013,0.0128,0.0135,0.0136,0.0139,0.0141,0.0136,0.0136,0.0137,0.0137,0.0137,0.0137,0.0137,0.0138,0.014,0.0143,0.0143
Grenada,Agricultural Soils,Indirect emissions (N2O),kilotonnes,0.0039,0.0039,0.0041,0.0041,0.0041,0.004,0.0043,0.0043,0.0044,0.0045,0.0043,0.0043,0.0043,0.0043,0.0043,0.0043,0.0044,0.0043,0.0044,0.0045,0.0045
Grenada,Agricultural Soils,Emissions (N2O),kilotonnes,0.016,0.0164,0.017,0.0173,0.0171,0.0168,0.0177,0.0179,0.0184,0.0186,0.0179,0.0179,0.018,0.018,0.018,0.0181,0.0181,0.0181,0.0184,0.0188,0.0188
Grenada,Agricultural Soils,Emissions (N2O),kilotonnes,,,,,,,,,,,,,,,,,,,,,
Grenada,Agricultural Soils,Emissions (CO2eq) from N2O (AR5),kilotonnes,4.2516,4.3368,4.506,4.5771,4.5285,4.4621,4.7035,4.7391,4.8688,4.9342,4.7367,4.7562,4.7788,4.7625,4.7832,4.788,4.7963,4.8054,4.8825,4.9715,4.9729
Grenada,Agricultural Soils,Emissions (CO2eq) from N2O (AR5),kilotonnes,,,,,,,,,,,,,,,,,,,,,
Grenada,Agricultural Soils,Emissions (CO2eq) (AR5),kilotonnes,4.2516,4.3368,4.506,4.5771,4.5285,4.4621,4.7035,4.7391,4.8688,4.9342,4.7367,4.7562,4.7788,4.7625,4.7832,4.788,4.7963,4.8054,4.8825,4.9715,4.9729
Grenada,Agricultural Soils,Emissions (CO2eq) (AR5),kilotonnes,,,,,,,,,,,,,,,,,,,,,
Grenada,LULUCF,Emissions (CH4),kilotonnes,0.0006,0,0,0,0,0,0,0,0,0,0,0,0,0,0,0,0,0,0,0,0
Grenada,LULUCF,Emissions (N2O),kilotonnes,0,0,0,0,0,0,0,0,0,0,0,0,0,0,0,0,0,0,0,0,0
Grenada,LULUCF,Emissions (CO2),kilotonnes,0,0,0,0,0,0,0,0,0,0,0,0,0,0,0,0,0,0,0,0,0
Grenada,LULUCF,Emissions (CO2),kilotonnes,,,,,,,,,,,,,,,,,,,,,
Grenada,LULUCF,Emissions (CO2eq) from CH4 (AR5),kilotonnes,0.0163,0,0,0,0,0,0,0,0,0,0,0,0,0,0,0,0,0,0,0,0
Grenada,LULUCF,Emissions (CO2eq) from N2O (AR5),kilotonnes,0.0045,0,0,0,0,0,0,0,0,0,0,0,0,0,0,0,0,0,0,0,0
Grenada,LULUCF,Emissions (CO2eq) (AR5),kilotonnes,0.0208,0,0,0,0,0,0,0,0,0,0,0,0,0,0,0,0,0,0,0,0
Grenada,LULUCF,Emissions (CO2eq) (AR5),kilotonnes,,,,,,,,,,,,,,,,,,,,,
Grenada,AFOLU,Emissions (CH4),kilotonnes,0.3837,0.3857,0.3868,0.3909,0.3906,0.3902,0.3917,0.3945,0.4035,0.4065,0.3931,0.3956,0.399,0.3962,0.3978,0.3982,0.3985,0.4007,0.4008,0.4013,0.4017
Grenada,AFOLU,Emissions (N2O),kilotonnes,0.0172,0.0176,0.0183,0.0186,0.0184,0.0181,0.0191,0.0193,0.0198,0.0201,0.0194,0.0194,0.0195,0.0195,0.0196,0.0196,0.0196,0.0196,0.02,0.0204,0.0204
Grenada,AFOLU,Emissions (CO2),kilotonnes,0,0,0,0,0,0,0,0,0,0,0,0,0,0,0,0,0,0,0,0,0
Grenada,AFOLU,Emissions (CO2eq) from CH4 (AR5),kilotonnes,10.7434,10.7984,10.8304,10.9463,10.9377,10.9263,10.9678,11.0461,11.2972,11.3814,11.0061,11.0758,11.1715,11.0932,11.1382,11.1499,11.1583,11.2191,11.2235,11.2363,11.2484
Grenada,AFOLU,Emissions (CO2eq) from N2O (AR5),kilotonnes,4.5616,4.6519,4.8498,4.9276,4.8713,4.7946,5.0738,5.1102,5.26,5.3389,5.1339,5.1532,5.1765,5.1612,5.182,5.1816,5.1869,5.1988,5.2912,5.3938,5.395
Grenada,AFOLU,Emissions (CO2eq) (AR5),kilotonnes,15.305,15.4503,15.6802,15.8739,15.809,15.7209,16.0416,16.1563,16.5572,16.7203,16.14,16.229,16.348,16.2544,16.3202,16.3315,16.3451,16.4179,16.5147,16.6301,16.6434
Grenada,All sectors with LULUCF,Emissions (CH4),kilotonnes,1.766,1.769,1.7789,1.8055,1.8035,1.8341,1.8358,1.8493,1.8679,1.8639,1.849,1.8645,1.8683,1.8817,1.8984,1.9187,1.9282,1.948,1.9675,1.9526,1.9635
Grenada,All sectors with LULUCF,Emissions (N2O),kilotonnes,0.0379,0.039,0.0392,0.0422,0.0422,0.0428,0.0435,0.0449,0.0469,0.0483,0.0503,0.0525,0.0537,0.0578,0.0529,0.0536,0.0541,0.0467,0.0465,0.0547,0.0552
Grenada,All sectors with LULUCF,Emissions (CO2),kilotonnes,191.921,194.965,205.966,217,205.99,217.08,232.08,239.07,254.09,254.17,261.15,254.11,272.08,305.15,236.1,261.1,269.1,285.1,293.11,303.13,267.13
Grenada,All sectors with LULUCF,Emissions (CO2eq) from F-gases (AR5),kilotonnes,2.099,2.1379,2.1864,2.235,2.2836,2.3322,2.3711,2.4197,2.4683,2.5168,2.5654,2.6043,2.6432,2.6918,2.7403,2.7792,2.8278,2.8764,2.9153,2.9639,3.0124
Grenada,All sectors with LULUCF,Emissions (CO2eq) from CH4 (AR5),kilotonnes,49.4478,49.5308,49.8092,50.5551,50.4989,51.3555,51.4026,51.7805,52.3004,52.1886,51.7713,52.205,52.3119,52.6872,53.155,53.7239,53.9899,54.5435,55.0911,54.6727,54.9788
Grenada,All sectors with LULUCF,Emissions (CO2eq) from N2O (AR5),kilotonnes,10.0395,10.3444,10.3806,11.1793,11.1919,11.3536,11.5348,11.8945,12.4286,12.799,13.3281,13.9197,14.2265,15.319,14.0095,14.2132,14.3403,12.3833,12.3193,14.4863,14.6332
Grenada,All sectors with LULUCF,Emissions (CO2eq) (AR5),kilotonnes,253.5072,256.9781,268.3423,280.9694,269.9643,282.1213,297.3885,305.1647,321.2872,321.6744,328.8148,322.839,341.2616,375.8479,306.0049,331.8163,340.2579,354.9032,363.4356,375.2528,339.7544
Grenada,All sectors without LULUCF,Emissions (CH4),kilotonnes,1.7654,1.769,1.7789,1.8055,1.8035,1.8341,1.8358,1.8493,1.8679,1.8639,1.849,1.8645,1.8683,1.8817,1.8984,1.9187,1.9282,1.948,1.9675,1.9526,1.9635
Grenada,All sectors without LULUCF,Emissions (N2O),kilotonnes,0.0379,0.039,0.0392,0.0422,0.0422,0.0428,0.0435,0.0449,0.0469,0.0483,0.0503,0.0525,0.0537,0.0578,0.0529,0.0536,0.0541,0.0467,0.0465,0.0547,0.0552
Grenada,All sectors without LULUCF,Emissions (CO2),kilotonnes,191.921,194.965,205.966,217,205.99,217.08,232.08,239.07,254.09,254.17,261.15,254.11,272.08,305.15,236.1,261.1,269.1,285.1,293.11,303.13,267.13
Grenada,All sectors without LULUCF,Emissions (CO2eq) from F-gases (AR5),kilotonnes,2.099,2.1379,2.1864,2.235,2.2836,2.3322,2.3711,2.4197,2.4683,2.5168,2.5654,2.6043,2.6432,2.6918,2.7403,2.7792,2.8278,2.8764,2.9153,2.9639,3.0124
Grenada,All sectors without LULUCF,Emissions (CO2eq) from CH4 (AR5),kilotonnes,49.4315,49.5308,49.8092,50.5551,50.4989,51.3555,51.4026,51.7805,52.3004,52.1886,51.7713,52.205,52.3119,52.6872,53.155,53.7239,53.9899,54.5435,55.0911,54.6727,54.9788
Grenada,All sectors without LULUCF,Emissions (CO2eq) from N2O (AR5),kilotonnes,10.035,10.3444,10.3806,11.1793,11.1919,11.3536,11.5348,11.8945,12.4286,12.799,13.3281,13.9197,14.2265,15.319,14.0095,14.2132,14.3403,12.3833,12.3193,14.4863,14.6332
Grenada,All sectors without LULUCF,Emissions (CO2eq) (AR5),kilotonnes,253.4865,256.9781,268.3423,280.9694,269.9643,282.1213,297.3885,305.1647,321.2872,321.6744,328.8148,322.839,341.2616,375.8479,306.0049,331.8163,340.2579,354.9032,363.4356,375.2528,339.7544
Guadeloupe,Crop Residues,Direct emissions (N2O),kilotonnes,,,,,,,,,,,,,,,,,,,,,
Guadeloupe,Crop Residues,Indirect emissions (N2O),kilotonnes,,,,,,,,,,,,,,,,,,,,,
Guadeloupe,Crop Residues,Emissions (N2O),kilotonnes,,,,,,,,,,,,,,,,,,,,,
Guadeloupe,Crop Residues,Emissions (CO2eq) from N2O (AR5),kilotonnes,,,,,,,,,,,,,,,,,,,,,
Guadeloupe,Crop Residues,Emissions (CO2eq) (AR5),kilotonnes,,,,,,,,,,,,,,,,,,,,,
Guadeloupe,Burning - Crop residues,Emissions (CH4),kilotonnes,0.0226,0.0206,0.0205,0.0205,0.026,0.0216,0.0221,0.0229,0.0226,0.0175,0.0212,0.0187,0.0206,0.0141,0.0187,0.019,0.0188,0.0183,0.0182,0.018,
Guadeloupe,Burning - Crop residues,Emissions (N2O),kilotonnes,0.0006,0.0005,0.0005,0.0005,0.0007,0.0006,0.0006,0.0006,0.0006,0.0005,0.0006,0.0005,0.0005,0.0004,0.0005,0.0005,0.0005,0.0005,0.0005,0.0005,
Guadeloupe,Burning - Crop residues,Emissions (CO2eq) from CH4 (AR5),kilotonnes,0.6339,0.5774,0.5749,0.5749,0.7273,0.6054,0.6192,0.6408,0.632,0.4894,0.5946,0.5233,0.5779,0.3955,0.5247,0.5309,0.5276,0.513,0.5085,0.5046,
Guadeloupe,Burning - Crop residues,Emissions (CO2eq) from N2O (AR5),kilotonnes,0.1555,0.1417,0.1411,0.1411,0.1785,0.1485,0.1519,0.1572,0.1551,0.1201,0.1459,0.1284,0.1418,0.097,0.1287,0.1303,0.1295,0.1259,0.1248,0.1238,
Guadeloupe,Burning - Crop residues,Emissions (CO2eq) (AR5),kilotonnes,0.7894,0.7191,0.716,0.716,0.9057,0.754,0.7711,0.798,0.7871,0.6095,0.7405,0.6518,0.7197,0.4925,0.6535,0.6611,0.6571,0.6388,0.6333,0.6284,
Guadeloupe,Enteric Fermentation,Emissions (CH4),kilotonnes,3.8781,3.8492,5.2767,4.5994,4.382,4.3115,4.4437,4.3084,4.4614,4.333,4.3265,4.3185,4.3054,4.2951,4.2883,4.3557,4.385,4.3541,4.3589,4.3646,
Guadeloupe,Enteric Fermentation,Emissions (CO2eq) from CH4 (AR5),kilotonnes,108.5863,107.7772,147.749,128.7844,122.6964,120.7207,124.4235,120.6359,124.9202,121.3244,121.1419,120.919,120.5525,120.2635,120.072,121.9587,122.7809,121.9142,122.0492,122.2088,
Guadeloupe,Enteric Fermentation,Emissions (CO2eq) (AR5),kilotonnes,108.5863,107.7772,147.749,128.7844,122.6964,120.7207,124.4235,120.6359,124.9202,121.3244,121.1419,120.919,120.5525,120.2635,120.072,121.9587,122.7809,121.9142,122.0492,122.2088,
Guadeloupe,Manure Management,Emissions (CH4),kilotonnes,0.1086,0.1131,0.1413,0.129,0.119,0.1114,0.1077,0.0994,0.1029,0.1006,0.1015,0.1014,0.1014,0.1013,0.1011,0.1018,0.0995,0.0979,0.0972,0.0969,
Guadeloupe,Manure Management,Emissions (N2O),kilotonnes,0.0087,0.0096,0.0106,0.0103,0.009,0.008,0.0067,0.0051,0.0052,0.0052,0.0056,0.0057,0.0058,0.0059,0.0059,0.0057,0.0053,0.0052,0.0051,0.005,
Guadeloupe,Manure Management,Emissions (CO2eq) from CH4 (AR5),kilotonnes,3.0418,3.1674,3.957,3.6121,3.3311,3.1187,3.0148,2.784,2.8809,2.8155,2.8422,2.8394,2.8404,2.8374,2.8311,2.8493,2.7858,2.7425,2.7228,2.7128,
Guadeloupe,Manure Management,Emissions (CO2eq) from N2O (AR5),kilotonnes,2.3072,2.5545,2.8207,2.7256,2.3955,2.1107,1.7673,1.3546,1.3869,1.3897,1.4866,1.4995,1.5355,1.5533,1.5529,1.5209,1.4011,1.3825,1.3471,1.3219,
Guadeloupe,Manure Management,Emissions (CO2eq) (AR5),kilotonnes,5.349,5.7219,6.7776,6.3377,5.7266,5.2294,4.7821,4.1386,4.2678,4.2052,4.3288,4.3388,4.3759,4.3907,4.384,4.3702,4.1869,4.125,4.0699,4.0347,
Guadeloupe,Manure left on Pasture,Direct emissions (N2O),kilotonnes,0.0934,0.0946,0.1263,0.1117,0.1061,0.1018,0.1042,0.1003,0.1039,0.1008,0.1005,0.1001,0.0995,0.099,0.0987,0.1,0.0999,0.0986,0.0984,0.0984,
Guadeloupe,Manure left on Pasture,Indirect emissions (N2O),kilotonnes,0.0218,0.0228,0.0294,0.0263,0.0251,0.0233,0.0238,0.0225,0.0232,0.0225,0.0224,0.0222,0.0219,0.0217,0.0216,0.0219,0.0217,0.0214,0.0213,0.0212,
Guadeloupe,Manure left on Pasture,Emissions (N2O),kilotonnes,0.1152,0.1173,0.1557,0.138,0.1311,0.1251,0.128,0.1228,0.1271,0.1234,0.1229,0.1223,0.1214,0.1207,0.1203,0.1219,0.1216,0.12,0.1197,0.1196,
Guadeloupe,Manure left on Pasture,Emissions (CO2eq) from N2O (AR5),kilotonnes,30.5186,31.0908,41.2582,36.5681,34.7465,33.1613,33.9319,32.5314,33.6778,32.6934,32.5635,32.4205,32.1809,31.9944,31.8732,32.3015,32.2164,31.8011,31.7168,31.6818,
Guadeloupe,Manure left on Pasture,Emissions (CO2eq) (AR5),kilotonnes,30.5186,31.0908,41.2582,36.5681,34.7465,33.1613,33.9319,32.5314,33.6778,32.6934,32.5635,32.4205,32.1809,31.9944,31.8732,32.3015,32.2164,31.8011,31.7168,31.6818,
Guadeloupe,Manure applied to Soils,Direct emissions (N2O),kilotonnes,0.0085,0.0094,0.0102,0.0101,0.0089,0.0077,0.0065,0.0053,0.0055,0.0055,0.0058,0.0058,0.0059,0.006,0.006,0.0059,0.0052,0.005,0.0049,0.0048,
Guadeloupe,Manure applied to Soils,Indirect emissions (N2O),kilotonnes,0.0036,0.004,0.0043,0.0043,0.0038,0.0033,0.0028,0.0023,0.0023,0.0023,0.0025,0.0025,0.0025,0.0025,0.0025,0.0025,0.0022,0.0021,0.0021,0.002,
Guadeloupe,Manure applied to Soils,Emissions (N2O),kilotonnes,0.0122,0.0134,0.0145,0.0144,0.0126,0.011,0.0092,0.0076,0.0078,0.0078,0.0082,0.0083,0.0084,0.0085,0.0085,0.0083,0.0075,0.0072,0.007,0.0069,
Guadeloupe,Manure applied to Soils,Emissions (CO2eq) from N2O (AR5),kilotonnes,3.2233,3.5419,3.8557,3.8235,3.3506,2.9245,2.4471,2.0111,2.079,2.0767,2.1835,2.1969,2.2355,2.2541,2.2529,2.21,1.9807,1.9032,1.8448,1.8153,
Guadeloupe,Manure applied to Soils,Emissions (CO2eq) (AR5),kilotonnes,3.2233,3.5419,3.8557,3.8235,3.3506,2.9245,2.4471,2.0111,2.079,2.0767,2.1835,2.1969,2.2355,2.2541,2.2529,2.21,1.9807,1.9032,1.8448,1.8153,
Guadeloupe,Drained organic soils,Emissions (CO2eq) (AR5),kilotonnes,0,0,0,0,0,0,0,0,0,0,0,0,0,0,0,0,0,0,0,0,0
Guadeloupe,Drained organic soils (CO2),Emissions (CO2),kilotonnes,0,0,0,0,0,0,0,0,0,0,0,0,0,0,0,0,0,0,0,0,0
Guadeloupe,Drained organic soils (CO2),Emissions (CO2eq) (AR5),kilotonnes,0,0,0,0,0,0,0,0,0,0,0,0,0,0,0,0,0,0,0,0,0
Guadeloupe,Drained organic soils (N2O),Emissions (N2O),kilotonnes,0,0,0,0,0,0,0,0,0,0,0,0,0,0,0,0,0,0,0,0,0
Guadeloupe,Drained organic soils (N2O),Emissions (CO2eq) from N2O (AR5),kilotonnes,0,0,0,0,0,0,0,0,0,0,0,0,0,0,0,0,0,0,0,0,0
Guadeloupe,Drained organic soils (N2O),Emissions (CO2eq) (AR5),kilotonnes,0,0,0,0,0,0,0,0,0,0,0,0,0,0,0,0,0,0,0,0,0
Guadeloupe,On-farm energy use,Emissions (CH4),kilotonnes,0.0443,0.0482,0.0417,0.0474,0.0414,0.039,0.0386,0.0359,0.028,0.026,0.0258,0.0122,0.0083,0.0084,0.0105,0.0111,0.0106,0.0111,0.0115,0.012,0.012
Guadeloupe,On-farm energy use,Emissions (N2O),kilotonnes,0.0076,0.0087,0.0085,0.009,0.0088,0.0094,0.0097,0.01,0.0107,0.0105,0.0111,0.0056,0.0056,0.0075,0.0083,0.0087,0.0085,0.0091,0.0097,0.0103,0.0103
Guadeloupe,On-farm energy use,Emissions (CO2),kilotonnes,139.2689,177.986,148.0656,207.2875,187.6707,184.334,187.6902,177.5537,131.1908,128.7952,129.9466,64.494,37.4432,42.3272,62.806,69.2298,64.6811,70.1287,75.5763,81.0239,81.0239
Guadeloupe,On-farm energy use,Emissions (CO2eq) from CH4 (AR5),kilotonnes,1.2392,1.3495,1.1684,1.3265,1.1591,1.0926,1.0796,1.0047,0.7834,0.7283,0.7212,0.3404,0.2335,0.2346,0.2943,0.3097,0.2976,0.3104,0.3232,0.336,0.336
Guadeloupe,On-farm energy use,Emissions (CO2eq) from N2O (AR5),kilotonnes,2.0176,2.3058,2.2394,2.3978,2.331,2.4974,2.5729,2.6396,2.825,2.7805,2.9308,1.4762,1.474,1.9938,2.1934,2.3012,2.2608,2.4181,2.5755,2.7328,2.7328
Guadeloupe,On-farm energy use,Emissions (CO2eq) (AR5),kilotonnes,142.5257,181.6413,151.4734,211.0118,191.1608,187.9239,191.3427,181.1981,134.7992,132.304,133.5987,66.3106,39.1507,44.5556,65.2936,71.8406,67.2394,72.8572,78.475,84.0927,84.0927
Guadeloupe,Forestland,Emissions (CO2),kilotonnes,0,0,0,0,0,0,0,0,0,0,0,-99.2493,-99.2493,-99.2493,-99.2493,-99.2493,0,0,0,0,0
Guadeloupe,Forestland,Emissions (CO2eq) (AR5),kilotonnes,0,0,0,0,0,0,0,0,0,0,0,-99.2493,-99.2493,-99.2493,-99.2493,-99.2493,0,0,0,0,0
Guadeloupe,Net Forest conversion,Emissions (CO2),kilotonnes,66.66,53.328,53.328,53.328,53.328,53.328,53.328,53.328,53.328,53.328,53.328,0,0,0,0,0,44.44,44.44,44.44,44.44,44.44
Guadeloupe,Net Forest conversion,Emissions (CO2eq) (AR5),kilotonnes,66.66,53.328,53.328,53.328,53.328,53.328,53.328,53.328,53.328,53.328,53.328,0,0,0,0,0,44.44,44.44,44.44,44.44,44.44
Guadeloupe,Savanna fires,Emissions (CH4),kilotonnes,0,0,0,0,0,0,0,0,0,0,0,0,0,0,0,0,0,0,0,0,0
Guadeloupe,Savanna fires,Emissions (N2O),kilotonnes,0,0,0,0,0,0,0,0,0,0,0,0,0,0,0,0,0,0,0,0,0
Guadeloupe,Savanna fires,Emissions (CO2eq) from CH4 (AR5),kilotonnes,0,0,0,0,0,0,0,0,0,0,0,0,0,0,0,0,0,0,0,0,0
Guadeloupe,Savanna fires,Emissions (CO2eq) from N2O (AR5),kilotonnes,0,0,0,0,0,0,0,0,0,0,0,0,0,0,0,0,0,0,0,0,0
Guadeloupe,Savanna fires,Emissions (CO2eq) (AR5),kilotonnes,0,0,0,0,0,0,0,0,0,0,0,0,0,0,0,0,0,0,0,0,0
Guadeloupe,Fires in organic soils,Emissions (CH4),kilotonnes,0,0,0,0,0,0,0,0,0,0,0,0,0,0,0,0,0,0,0,0,0
Guadeloupe,Fires in organic soils,Emissions (CO2),kilotonnes,0,0,0,0,0,0,0,0,0,0,0,0,0,0,0,0,0,0,0,0,0
Guadeloupe,Fires in organic soils,Emissions (CO2eq) from CH4 (AR5),kilotonnes,0,0,0,0,0,0,0,0,0,0,0,0,0,0,0,0,0,0,0,0,0
Guadeloupe,Fires in organic soils,Emissions (CO2eq) (AR5),kilotonnes,0,0,0,0,0,0,0,0,0,0,0,0,0,0,0,0,0,0,0,0,0
Guadeloupe,Forest fires,Emissions (CH4),kilotonnes,0,0,0,0,0,0,0,0,0,0,0,0,0,0,0,0,0,0,0,0,0
Guadeloupe,Forest fires,Emissions (N2O),kilotonnes,0,0,0,0,0,0,0,0,0,0,0,0,0,0,0,0,0,0,0,0,0
Guadeloupe,Forest fires,Emissions (CO2eq) from CH4 (AR5),kilotonnes,0,0,0,0,0,0,0,0,0,0,0,0,0,0,0,0,0,0,0,0,0
Guadeloupe,Forest fires,Emissions (CO2eq) from N2O (AR5),kilotonnes,0,0,0,0,0,0,0,0,0,0,0,0,0,0,0,0,0,0,0,0,0
Guadeloupe,Forest fires,Emissions (CO2eq) (AR5),kilotonnes,0,0,0,0,0,0,0,0,0,0,0,0,0,0,0,0,0,0,0,0,0
Guadeloupe,Fires in humid tropical forests,Emissions (CH4),kilotonnes,0,0,0,0,0,0,0,0,0,0,0,0,0,0,0,0,0,0,0,0,0
Guadeloupe,Fires in humid tropical forests,Emissions (N2O),kilotonnes,0,0,0,0,0,0,0,0,0,0,0,0,0,0,0,0,0,0,0,0,0
Guadeloupe,Fires in humid tropical forests,Emissions (CO2eq) from CH4 (AR5),kilotonnes,0,0,0,0,0,0,0,0,0,0,0,0,0,0,0,0,0,0,0,0,0
Guadeloupe,Fires in humid tropical forests,Emissions (CO2eq) from N2O (AR5),kilotonnes,0,0,0,0,0,0,0,0,0,0,0,0,0,0,0,0,0,0,0,0,0
Guadeloupe,Fires in humid tropical forests,Emissions (CO2eq) (AR5),kilotonnes,0,0,0,0,0,0,0,0,0,0,0,0,0,0,0,0,0,0,0,0,0
Guadeloupe,Waste - agri-food systems,Emissions (CH4),kilotonnes,0,0,0,0,0,0,0,0,0,0,0,0,0,0,0,0,0,0,0,0,0
Guadeloupe,Waste - agri-food systems,Emissions (N2O),kilotonnes,0,0,0,0,0,0,0,0,0,0,0,0,0,0,0,0,0,0,0,0,0
Guadeloupe,Waste - agri-food systems,Emissions (CO2eq) from CH4 (AR5),kilotonnes,0,0,0,0,0,0,0,0,0,0,0,0,0,0,0,0,0,0,0,0,0
Guadeloupe,Waste - agri-food systems,Emissions (CO2eq) from N2O (AR5),kilotonnes,0,0,0,0,0,0,0,0,0,0,0,0,0,0,0,0,0,0,0,0,0
Guadeloupe,Waste - agri-food systems,Emissions (CO2eq) (AR5),kilotonnes,0,0,0,0,0,0,0,0,0,0,0,0,0,0,0,0,0,0,0,0,0
Guadeloupe,On-farm electricity use,Emissions (CH4),kilotonnes,0.0024,0.0026,0.0027,0.0027,0.0029,0.003,0.003,0.0031,0.0031,0.0032,0.0034,0.0016,0.0017,0.0017,0.0019,0.002,0.0022,0.0022,0.0024,0.0025,0.0025
Guadeloupe,On-farm electricity use,Emissions (N2O),kilotonnes,0,0,0,0.0001,0,0,0,0,0,0,0,0,0,0,0,0,0,0,0,0,0
Guadeloupe,On-farm electricity use,Emissions (CO2),kilotonnes,1.1089,1.2346,1.1695,1.2332,1.2674,1.2982,1.2761,1.3546,1.3179,1.2508,1.3619,0.6358,0.6114,0.6952,0.7945,0.8441,0.8938,0.9339,0.974,1.0142,1.0142
Guadeloupe,On-farm electricity use,Emissions (CO2eq) from CH4 (AR5),kilotonnes,0.0672,0.0728,0.0756,0.0756,0.0812,0.084,0.084,0.0868,0.0868,0.0896,0.0952,0.0448,0.0476,0.0476,0.0532,0.056,0.0616,0.0616,0.0672,0.07,0.07
Guadeloupe,On-farm electricity use,Emissions (CO2eq) from N2O (AR5),kilotonnes,0,0,0,0.0265,0,0,0,0,0,0,0,0,0,0,0,0,0,0,0,0,0
Guadeloupe,On-farm electricity use,Emissions (CO2eq) (AR5),kilotonnes,1.1761,1.3074,1.2451,1.3353,1.3486,1.3822,1.3601,1.4414,1.4047,1.3404,1.4571,0.6806,0.659,0.7428,0.8477,0.9001,0.9554,0.9955,1.0412,1.0842,1.0842
Guadeloupe,Farm-gate emissions,Emissions (CH4),kilotonnes,4.0536,4.0311,5.4803,4.7964,4.5684,4.4835,4.612,4.4666,4.6149,4.4771,4.475,4.4508,4.4359,4.419,4.4186,4.4874,4.514,4.4814,4.4858,4.4915,0.012
Guadeloupe,Farm-gate emissions,Direct emissions (N2O),kilotonnes,0.1019,0.104,0.1365,0.1219,0.1149,0.1096,0.1107,0.1056,0.1094,0.1063,0.1063,0.1059,0.1054,0.105,0.1046,0.1059,0.1051,0.1037,0.1033,0.1032,
Guadeloupe,Farm-gate emissions,Indirect emissions (N2O),kilotonnes,0.0254,0.0267,0.0338,0.0306,0.0288,0.0266,0.0266,0.0247,0.0256,0.0249,0.0248,0.0247,0.0245,0.0243,0.0241,0.0243,0.0239,0.0235,0.0233,0.0232,
Guadeloupe,Farm-gate emissions,Emissions (N2O),kilotonnes,0.1442,0.1496,0.1899,0.1723,0.1623,0.1541,0.1542,0.146,0.1514,0.1474,0.1483,0.1423,0.1418,0.143,0.1434,0.1451,0.1434,0.142,0.1419,0.1422,0.0103
Guadeloupe,Farm-gate emissions,Emissions (CO2),kilotonnes,139.2689,177.986,148.0656,207.2875,187.6707,184.334,187.6902,177.5537,131.1908,128.7952,129.9466,64.494,37.4432,42.3272,62.806,69.2298,64.6811,70.1287,75.5763,81.0239,81.0239
Guadeloupe,Farm-gate emissions,Emissions (CO2eq) from CH4 (AR5),kilotonnes,113.5012,112.8715,153.4493,134.298,127.914,125.5373,129.1371,125.0654,129.2165,125.3577,125.2999,124.6222,124.2043,123.731,123.722,125.6485,126.3919,125.48,125.6037,125.7622,0.336
Guadeloupe,Farm-gate emissions,Emissions (CO2eq) from N2O (AR5),kilotonnes,38.2222,39.6348,50.315,45.656,43.002,40.8424,40.8711,38.694,40.1238,39.0604,39.3104,37.7215,37.5677,37.8927,38.0011,38.4638,37.9884,37.6307,37.609,37.6756,2.7328
Guadeloupe,Farm-gate emissions,Emissions (CO2eq) (AR5),kilotonnes,290.9922,330.4922,351.8299,387.2415,358.5867,350.7137,357.6984,341.3131,300.5311,293.2133,294.5568,226.8377,199.2152,203.9509,224.5292,233.3421,229.0614,233.2395,238.7889,244.4617,84.0927
Guadeloupe,Land Use change,Emissions (CH4),kilotonnes,0,0,0,0,0,0,0,0,0,0,0,0,0,0,0,0,0,0,0,0,0
Guadeloupe,Land Use change,Emissions (N2O),kilotonnes,0,0,0,0,0,0,0,0,0,0,0,0,0,0,0,0,0,0,0,0,0
Guadeloupe,Land Use change,Emissions (CO2),kilotonnes,66.66,53.328,53.328,53.328,53.328,53.328,53.328,53.328,53.328,53.328,53.328,0,0,0,0,0,44.44,44.44,44.44,44.44,44.44
Guadeloupe,Land Use change,Emissions (CO2eq) from CH4 (AR5),kilotonnes,0,0,0,0,0,0,0,0,0,0,0,0,0,0,0,0,0,0,0,0,0
Guadeloupe,Land Use change,Emissions (CO2eq) from N2O (AR5),kilotonnes,0,0,0,0,0,0,0,0,0,0,0,0,0,0,0,0,0,0,0,0,0
Guadeloupe,Land Use change,Emissions (CO2eq) (AR5),kilotonnes,66.66,53.328,53.328,53.328,53.328,53.328,53.328,53.328,53.328,53.328,53.328,0,0,0,0,0,44.44,44.44,44.44,44.44,44.44
Guadeloupe,Emissions on agricultural land,Emissions (CH4),kilotonnes,4.0536,4.0311,5.4803,4.7964,4.5684,4.4835,4.612,4.4666,4.6149,4.4771,4.475,4.4508,4.4359,4.419,4.4186,4.4874,4.514,4.4814,4.4858,4.4915,0.012
Guadeloupe,Emissions on agricultural land,Emissions (N2O),kilotonnes,0.1442,0.1496,0.1899,0.1723,0.1623,0.1541,0.1542,0.146,0.1514,0.1474,0.1483,0.1423,0.1418,0.143,0.1434,0.1451,0.1434,0.142,0.1419,0.1422,0.0103
Guadeloupe,Emissions on agricultural land,Emissions (CO2),kilotonnes,205.9289,231.314,201.3936,260.6155,240.9987,237.662,241.0182,230.8817,184.5188,182.1232,183.2746,64.494,37.4432,42.3272,62.806,69.2298,109.1211,114.5687,120.0163,125.4639,125.4639
Guadeloupe,Emissions on agricultural land,Emissions (CO2eq) from CH4 (AR5),kilotonnes,113.5012,112.8715,153.4493,134.298,127.914,125.5373,129.1371,125.0654,129.2165,125.3577,125.2999,124.6222,124.2043,123.731,123.722,125.6485,126.3919,125.48,125.6037,125.7622,0.336
Guadeloupe,Emissions on agricultural land,Emissions (CO2eq) from N2O (AR5),kilotonnes,38.2222,39.6348,50.315,45.656,43.002,40.8424,40.8711,38.694,40.1238,39.0604,39.3104,37.7215,37.5677,37.8927,38.0011,38.4638,37.9884,37.6307,37.609,37.6756,2.7328
Guadeloupe,Emissions on agricultural land,Emissions (CO2eq) (AR5),kilotonnes,357.6522,383.8202,405.1579,440.5695,411.9147,404.0417,411.0264,394.6411,353.8591,346.5413,347.8848,226.8377,199.2152,203.9509,224.5292,233.3421,273.5014,277.6795,283.2289,288.9017,128.5327
Guadeloupe,Pre- and post- production,Emissions (CH4),kilotonnes,0.0024,0.0026,0.0027,0.0027,0.0029,0.003,0.003,0.0031,0.0031,0.0032,0.0034,0.0016,0.0017,0.0017,0.0019,0.002,0.0022,0.0022,0.0024,0.0025,0.0025
Guadeloupe,Pre- and post- production,Emissions (N2O),kilotonnes,0,0,0,0.0001,0,0,0,0,0,0,0,0,0,0,0,0,0,0,0,0,0
Guadeloupe,Pre- and post- production,Emissions (CO2),kilotonnes,1.1089,1.2346,1.1695,1.2332,1.2674,1.2982,1.2761,1.3546,1.3179,1.2508,1.3619,0.6358,0.6114,0.6952,0.7945,0.8441,0.8938,0.9339,0.974,1.0142,1.0142
Guadeloupe,Pre- and post- production,Emissions (CO2eq) from CH4 (AR5),kilotonnes,0.0672,0.0728,0.0756,0.0756,0.0812,0.084,0.084,0.0868,0.0868,0.0896,0.0952,0.0448,0.0476,0.0476,0.0532,0.056,0.0616,0.0616,0.0672,0.07,0.07
Guadeloupe,Pre- and post- production,Emissions (CO2eq) from N2O (AR5),kilotonnes,0,0,0,0.0265,0,0,0,0,0,0,0,0,0,0,0,0,0,0,0,0,0
Guadeloupe,Pre- and post- production,Emissions (CO2eq) (AR5),kilotonnes,1.1761,1.3074,1.2451,1.3353,1.3486,1.3822,1.3601,1.4414,1.4047,1.3404,1.4571,0.6806,0.659,0.7428,0.8477,0.9001,0.9554,0.9955,1.0412,1.0842,1.0842
Guadeloupe,Agri-food systems,Emissions (CH4),kilotonnes,4.056,4.0337,5.483,4.7991,4.5713,4.4865,4.615,4.4697,4.618,4.4803,4.4784,4.4524,4.4376,4.4207,4.4205,4.4894,4.5162,4.4836,4.4882,4.494,0.0145
Guadeloupe,Agri-food systems,Emissions (N2O),kilotonnes,0.1442,0.1496,0.1899,0.1724,0.1623,0.1541,0.1542,0.146,0.1514,0.1474,0.1483,0.1423,0.1418,0.143,0.1434,0.1451,0.1434,0.142,0.1419,0.1422,0.0103
Guadeloupe,Agri-food systems,Emissions (CO2),kilotonnes,207.0378,232.5486,202.5631,261.8487,242.2661,238.9602,242.2943,232.2363,185.8367,183.374,184.6365,65.1298,38.0546,43.0224,63.6005,70.0739,110.0149,115.5026,120.9903,126.4781,126.4781
Guadeloupe,Agri-food systems,Emissions (CO2eq) from CH4 (AR5),kilotonnes,113.5684,112.9443,153.5249,134.3736,127.9952,125.6213,129.2211,125.1522,129.3033,125.4473,125.3951,124.667,124.2519,123.7786,123.7752,125.7045,126.4535,125.5416,125.6709,125.8322,0.406
Guadeloupe,Agri-food systems,Emissions (CO2eq) from N2O (AR5),kilotonnes,38.2222,39.6348,50.315,45.6825,43.002,40.8424,40.8711,38.694,40.1238,39.0604,39.3104,37.7215,37.5677,37.8927,38.0011,38.4638,37.9884,37.6307,37.609,37.6756,2.7328
Guadeloupe,Agri-food systems,Emissions (CO2eq) (AR5),kilotonnes,358.8283,385.1276,406.403,441.9048,413.2633,405.4239,412.3865,396.0825,355.2638,347.8817,349.3419,227.5183,199.8742,204.6937,225.3769,234.2422,274.4568,278.675,284.2701,289.9859,129.6169
Guadeloupe,IPCC Agriculture,Emissions (CH4),kilotonnes,4.0094,3.9829,5.4386,4.749,4.527,4.4445,4.5735,4.4307,4.5869,4.4511,4.4492,4.4386,4.4275,4.4106,4.4081,4.4764,4.5034,4.4703,4.4743,4.4795,0
Guadeloupe,IPCC Agriculture,Direct emissions (N2O),kilotonnes,0.1019,0.104,0.1365,0.1219,0.1149,0.1096,0.1107,0.1056,0.1094,0.1063,0.1063,0.1059,0.1054,0.105,0.1046,0.1059,0.1051,0.1037,0.1033,0.1032,
Guadeloupe,IPCC Agriculture,Indirect emissions (N2O),kilotonnes,0.0254,0.0267,0.0338,0.0306,0.0288,0.0266,0.0266,0.0247,0.0256,0.0249,0.0248,0.0247,0.0245,0.0243,0.0241,0.0243,0.0239,0.0235,0.0233,0.0232,
Guadeloupe,IPCC Agriculture,Emissions (N2O),kilotonnes,0.1366,0.1409,0.1814,0.1632,0.1535,0.1447,0.1445,0.1361,0.1407,0.1369,0.1373,0.1368,0.1362,0.1355,0.1351,0.1365,0.1348,0.1329,0.1322,0.1319,0
Guadeloupe,IPCC Agriculture,Emissions (CO2eq) from CH4 (AR5),kilotonnes,112.262,111.522,152.2809,132.9715,126.7549,124.4448,128.0575,124.0606,128.4332,124.6294,124.5787,124.2817,123.9708,123.4964,123.4278,125.3388,126.0943,125.1696,125.2805,125.4262,0
Guadeloupe,IPCC Agriculture,Emissions (CO2eq) from N2O (AR5),kilotonnes,36.2046,37.3289,48.0756,43.2582,40.671,38.345,38.2982,36.0543,37.2987,36.2799,36.3795,36.2453,36.0937,35.8989,35.8078,36.1626,35.7277,35.2126,35.0335,34.9428,0
Guadeloupe,IPCC Agriculture,Emissions (CO2eq) (AR5),kilotonnes,148.4666,148.8509,200.3565,176.2297,167.4259,162.7898,166.3557,160.115,165.7319,160.9093,160.9582,160.527,160.0645,159.3953,159.2355,161.5015,161.8219,160.3823,160.314,160.369,0
Guadeloupe,Agricultural Soils,Direct emissions (N2O),kilotonnes,0.1019,0.104,0.1365,0.1219,0.1149,0.1096,0.1107,0.1056,0.1094,0.1063,0.1063,0.1059,0.1054,0.105,0.1046,0.1059,0.1051,0.1037,0.1033,0.1032,
Guadeloupe,Agricultural Soils,Indirect emissions (N2O),kilotonnes,0.0254,0.0267,0.0338,0.0306,0.0288,0.0266,0.0266,0.0247,0.0256,0.0249,0.0248,0.0247,0.0245,0.0243,0.0241,0.0243,0.0239,0.0235,0.0233,0.0232,
Guadeloupe,Agricultural Soils,Emissions (N2O),kilotonnes,0.1273,0.1307,0.1702,0.1524,0.1438,0.1362,0.1373,0.1303,0.1349,0.1312,0.1311,0.1306,0.1299,0.1292,0.1288,0.1302,0.129,0.1272,0.1266,0.1264,0
Guadeloupe,Agricultural Soils,Emissions (CO2eq) from N2O (AR5),kilotonnes,33.7418,34.6327,45.1139,40.3916,38.0971,36.0858,36.379,34.5425,35.7568,34.7701,34.747,34.6174,34.4164,34.2486,34.1261,34.5115,34.1971,33.7043,33.5616,33.4971,0
Guadeloupe,Agricultural Soils,Emissions (CO2eq) (AR5),kilotonnes,33.7418,34.6327,45.1139,40.3916,38.0971,36.0858,36.379,34.5425,35.7568,34.7701,34.747,34.6174,34.4164,34.2486,34.1261,34.5115,34.1971,33.7043,33.5616,33.4971,0
Guadeloupe,LULUCF,Emissions (CH4),kilotonnes,0,0,0,0,0,0,0,0,0,0,0,0,0,0,0,0,0,0,0,0,0
Guadeloupe,LULUCF,Emissions (N2O),kilotonnes,0,0,0,0,0,0,0,0,0,0,0,0,0,0,0,0,0,0,0,0,0
Guadeloupe,LULUCF,Emissions (CO2),kilotonnes,66.66,53.328,53.328,53.328,53.328,53.328,53.328,53.328,53.328,53.328,53.328,-99.2493,-99.2493,-99.2493,-99.2493,-99.2493,44.44,44.44,44.44,44.44,44.44
Guadeloupe,LULUCF,Emissions (CO2eq) from CH4 (AR5),kilotonnes,0,0,0,0,0,0,0,0,0,0,0,0,0,0,0,0,0,0,0,0,0
Guadeloupe,LULUCF,Emissions (CO2eq) from N2O (AR5),kilotonnes,0,0,0,0,0,0,0,0,0,0,0,0,0,0,0,0,0,0,0,0,0
Guadeloupe,LULUCF,Emissions (CO2eq) (AR5),kilotonnes,66.66,53.328,53.328,53.328,53.328,53.328,53.328,53.328,53.328,53.328,53.328,-99.2493,-99.2493,-99.2493,-99.2493,-99.2493,44.44,44.44,44.44,44.44,44.44
Guadeloupe,AFOLU,Emissions (CH4),kilotonnes,4.0094,3.9829,5.4386,4.749,4.527,4.4445,4.5735,4.4307,4.5869,4.4511,4.4492,4.4386,4.4275,4.4106,4.4081,4.4764,4.5034,4.4703,4.4743,4.4795,0
Guadeloupe,AFOLU,Emissions (N2O),kilotonnes,0.1366,0.1409,0.1814,0.1632,0.1535,0.1447,0.1445,0.1361,0.1407,0.1369,0.1373,0.1368,0.1362,0.1355,0.1351,0.1365,0.1348,0.1329,0.1322,0.1319,0
Guadeloupe,AFOLU,Emissions (CO2),kilotonnes,66.66,53.328,53.328,53.328,53.328,53.328,53.328,53.328,53.328,53.328,53.328,-99.2493,-99.2493,-99.2493,-99.2493,-99.2493,44.44,44.44,44.44,44.44,44.44
Guadeloupe,AFOLU,Emissions (CO2eq) from CH4 (AR5),kilotonnes,112.262,111.522,152.2809,132.9715,126.7549,124.4448,128.0575,124.0606,128.4332,124.6294,124.5787,124.2817,123.9708,123.4964,123.4278,125.3388,126.0943,125.1696,125.2805,125.4262,0
Guadeloupe,AFOLU,Emissions (CO2eq) from N2O (AR5),kilotonnes,36.2046,37.3289,48.0756,43.2582,40.671,38.345,38.2982,36.0543,37.2987,36.2799,36.3795,36.2453,36.0937,35.8989,35.8078,36.1626,35.7277,35.2126,35.0335,34.9428,0
Guadeloupe,AFOLU,Emissions (CO2eq) (AR5),kilotonnes,215.1266,202.1789,253.6845,229.5577,220.7539,216.1178,219.6837,213.443,219.0599,214.2373,214.2862,61.2777,60.8152,60.146,59.9862,62.2521,206.2619,204.8223,204.754,204.809,44.44
Guadeloupe,All sectors with LULUCF,Emissions (CH4),kilotonnes,4.0094,3.9829,5.4386,4.749,4.527,4.4445,4.5735,4.4307,4.5869,4.4511,4.4492,4.4386,4.4275,4.4106,4.4081,4.4764,4.5034,4.4703,4.4743,4.4795,0
Guadeloupe,All sectors with LULUCF,Emissions (N2O),kilotonnes,0.1366,0.1409,0.1814,0.1632,0.1535,0.1447,0.1445,0.1361,0.1407,0.1369,0.1373,0.1368,0.1362,0.1355,0.1351,0.1365,0.1348,0.1329,0.1322,0.1319,0
Guadeloupe,All sectors with LULUCF,Emissions (CO2),kilotonnes,66.66,53.328,53.328,53.328,53.328,53.328,53.328,53.328,53.328,53.328,53.328,-99.2493,-99.2493,-99.2493,-99.2493,-99.2493,44.44,44.44,44.44,44.44,44.44
Guadeloupe,All sectors with LULUCF,Emissions (CO2eq) from CH4 (AR5),kilotonnes,112.262,111.522,152.2809,132.9715,126.7549,124.4448,128.0575,124.0606,128.4332,124.6294,124.5787,124.2817,123.9708,123.4964,123.4278,125.3388,126.0943,125.1696,125.2805,125.4262,0
Guadeloupe,All sectors with LULUCF,Emissions (CO2eq) from N2O (AR5),kilotonnes,36.2046,37.3289,48.0756,43.2582,40.671,38.345,38.2982,36.0543,37.2987,36.2799,36.3795,36.2453,36.0937,35.8989,35.8078,36.1626,35.7277,35.2126,35.0335,34.9428,0
Guadeloupe,All sectors with LULUCF,Emissions (CO2eq) (AR5),kilotonnes,215.1266,202.1789,253.6845,229.5577,220.7539,216.1178,219.6837,213.443,219.0599,214.2373,214.2862,61.2777,60.8152,60.146,59.9862,62.2521,206.2619,204.8223,204.754,204.809,44.44
Guadeloupe,All sectors without LULUCF,Emissions (CH4),kilotonnes,4.0094,3.9829,5.4386,4.749,4.527,4.4445,4.5735,4.4307,4.5869,4.4511,4.4492,4.4386,4.4275,4.4106,4.4081,4.4764,4.5034,4.4703,4.4743,4.4795,0
Guadeloupe,All sectors without LULUCF,Emissions (N2O),kilotonnes,0.1366,0.1409,0.1814,0.1632,0.1535,0.1447,0.1445,0.1361,0.1407,0.1369,0.1373,0.1368,0.1362,0.1355,0.1351,0.1365,0.1348,0.1329,0.1322,0.1319,0
Guadeloupe,All sectors without LULUCF,Emissions (CO2eq) from CH4 (AR5),kilotonnes,112.262,111.522,152.2809,132.9715,126.7549,124.4448,128.0575,124.0606,128.4332,124.6294,124.5787,124.2817,123.9708,123.4964,123.4278,125.3388,126.0943,125.1696,125.2805,125.4262,0
Guadeloupe,All sectors without LULUCF,Emissions (CO2eq) from N2O (AR5),kilotonnes,36.2046,37.3289,48.0756,43.2582,40.671,38.345,38.2982,36.0543,37.2987,36.2799,36.3795,36.2453,36.0937,35.8989,35.8078,36.1626,35.7277,35.2126,35.0335,34.9428,0
Guadeloupe,All sectors without LULUCF,Emissions (CO2eq) (AR5),kilotonnes,148.4666,148.8509,200.3565,176.2297,167.4259,162.7898,166.3557,160.115,165.7319,160.9093,160.9582,160.527,160.0645,159.3953,159.2355,161.5015,161.8219,160.3823,160.314,160.369,0
Guam,Crop Residues,Direct emissions (N2O),kilotonnes,,,,,,,,,,,,,,,,,,,,,
Guam,Crop Residues,Indirect emissions (N2O),kilotonnes,,,,,,,,,,,,,,,,,,,,,
Guam,Crop Residues,Emissions (N2O),kilotonnes,,,,,,,,,,,,,,,,,,,,,
Guam,Crop Residues,Emissions (CO2eq) from N2O (AR5),kilotonnes,,,,,,,,,,,,,,,,,,,,,
Guam,Crop Residues,Emissions (CO2eq) (AR5),kilotonnes,,,,,,,,,,,,,,,,,,,,,
Guam,Burning - Crop residues,Emissions (CH4),kilotonnes,,,,,,,,,,,,,,,,,,,,,
Guam,Burning - Crop residues,Emissions (N2O),kilotonnes,,,,,,,,,,,,,,,,,,,,,
Guam,Burning - Crop residues,Emissions (CO2eq) from CH4 (AR5),kilotonnes,,,,,,,,,,,,,,,,,,,,,
Guam,Burning - Crop residues,Emissions (CO2eq) from N2O (AR5),kilotonnes,,,,,,,,,,,,,,,,,,,,,
Guam,Burning - Crop residues,Emissions (CO2eq) (AR5),kilotonnes,,,,,,,,,,,,,,,,,,,,,
Guam,Drained organic soils,Emissions (CO2eq) (AR5),kilotonnes,0,0,0,0,0,0,0,0,0,0,0,0,0,0,0,0,0,0,0,0,0
Guam,Drained organic soils (CO2),Emissions (CO2),kilotonnes,0,0,0,0,0,0,0,0,0,0,0,0,0,0,0,0,0,0,0,0,0
Guam,Drained organic soils (CO2),Emissions (CO2eq) (AR5),kilotonnes,0,0,0,0,0,0,0,0,0,0,0,0,0,0,0,0,0,0,0,0,0
Guam,Drained organic soils (N2O),Emissions (N2O),kilotonnes,0,0,0,0,0,0,0,0,0,0,0,0,0,0,0,0,0,0,0,0,0
Guam,Drained organic soils (N2O),Emissions (CO2eq) from N2O (AR5),kilotonnes,0,0,0,0,0,0,0,0,0,0,0,0,0,0,0,0,0,0,0,0,0
Guam,Drained organic soils (N2O),Emissions (CO2eq) (AR5),kilotonnes,0,0,0,0,0,0,0,0,0,0,0,0,0,0,0,0,0,0,0,0,0
Guam,Forestland,Emissions (CO2),kilotonnes,0,0,0,0,0,0,0,0,0,0,0,0,0,0,0,0,-158.4,-158.4,-158.4,-158.4,-158.4
Guam,Forestland,Emissions (CO2eq) (AR5),kilotonnes,0,0,0,0,0,0,0,0,0,0,0,0,0,0,0,0,-158.4,-158.4,-158.4,-158.4,-158.4
Guam,Net Forest conversion,Emissions (CO2),kilotonnes,0,0,0,0,0,0,0,0,0,0,0,0,0,0,0,0,0,0,0,0,0
Guam,Net Forest conversion,Emissions (CO2eq) (AR5),kilotonnes,0,0,0,0,0,0,0,0,0,0,0,0,0,0,0,0,0,0,0,0,0
Guam,Savanna fires,Emissions (CH4),kilotonnes,0,0,0,0,0,0,0,0,0,0,0,0,0,0,0,0,0,0,0,0,0
Guam,Savanna fires,Emissions (N2O),kilotonnes,0,0,0,0,0,0,0,0,0,0,0,0,0,0,0,0,0,0,0,0,0
Guam,Savanna fires,Emissions (CO2eq) from CH4 (AR5),kilotonnes,0,0,0,0,0,0,0,0,0,0,0,0,0,0,0,0,0,0,0,0,0
Guam,Savanna fires,Emissions (CO2eq) from N2O (AR5),kilotonnes,0,0,0,0,0,0,0,0,0,0,0,0,0,0,0,0,0,0,0,0,0
Guam,Savanna fires,Emissions (CO2eq) (AR5),kilotonnes,0,0,0,0,0,0,0,0,0,0,0,0,0,0,0,0,0,0,0,0,0
Guam,Fires in organic soils,Emissions (CH4),kilotonnes,0,0,0,0,0,0,0,0,0,0,0,0,0,0,0,0,0,0,0,0,0
Guam,Fires in organic soils,Emissions (CO2),kilotonnes,0,0,0,0,0,0,0,0,0,0,0,0,0,0,0,0,0,0,0,0,0
Guam,Fires in organic soils,Emissions (CO2eq) from CH4 (AR5),kilotonnes,0,0,0,0,0,0,0,0,0,0,0,0,0,0,0,0,0,0,0,0,0
Guam,Fires in organic soils,Emissions (CO2eq) (AR5),kilotonnes,0,0,0,0,0,0,0,0,0,0,0,0,0,0,0,0,0,0,0,0,0
Guam,Forest fires,Emissions (CH4),kilotonnes,0,0,0,0,0,0,0,0,0,0,0,0,0,0,0,0,0,0,0,0,0
Guam,Forest fires,Emissions (N2O),kilotonnes,0,0,0,0,0,0,0,0,0,0,0,0,0,0,0,0,0,0,0,0,0
Guam,Forest fires,Emissions (CO2eq) from CH4 (AR5),kilotonnes,0,0,0,0,0,0,0,0,0,0,0,0,0,0,0,0,0,0,0,0,0
Guam,Forest fires,Emissions (CO2eq) from N2O (AR5),kilotonnes,0,0,0,0,0,0,0,0,0,0,0,0,0,0,0,0,0,0,0,0,0
Guam,Forest fires,Emissions (CO2eq) (AR5),kilotonnes,0,0,0,0,0,0,0,0,0,0,0,0,0,0,0,0,0,0,0,0,0
Guam,Fires in humid tropical forests,Emissions (CH4),kilotonnes,0,0,0,0,0,0,0,0,0,0,0,0,0,0,0,0,0,0,0,0,0
Guam,Fires in humid tropical forests,Emissions (N2O),kilotonnes,0,0,0,0,0,0,0,0,0,0,0,0,0,0,0,0,0,0,0,0,0
Guam,Fires in humid tropical forests,Emissions (CO2eq) from CH4 (AR5),kilotonnes,0,0,0,0,0,0,0,0,0,0,0,0,0,0,0,0,0,0,0,0,0
Guam,Fires in humid tropical forests,Emissions (CO2eq) from N2O (AR5),kilotonnes,0,0,0,0,0,0,0,0,0,0,0,0,0,0,0,0,0,0,0,0,0
Guam,Fires in humid tropical forests,Emissions (CO2eq) (AR5),kilotonnes,0,0,0,0,0,0,0,0,0,0,0,0,0,0,0,0,0,0,0,0,0
Guam,Waste - agri-food systems,Emissions (CH4),kilotonnes,0.1984,0.1998,0.2215,0.2212,0.2207,0.2202,0.2195,0.2188,0.2181,0.2173,0.2166,0.216,0.2155,0.215,0.2144,0.2145,0.2149,0.2156,0.2165,0.2178,0.2189
Guam,Waste - agri-food systems,Emissions (N2O),kilotonnes,0,0,0.0001,0.0001,0.0001,0.0001,0.0001,0.0001,0.0001,0.0001,0,0,0,0,0,0,0,0,0,0,0
Guam,Waste - agri-food systems,Emissions (CO2),kilotonnes,0,0,0,0,0,0,0,0,0,0,0,0,0,0,0,0,0,0,0,0,0
Guam,Waste - agri-food systems,Emissions (CO2eq) from CH4 (AR5),kilotonnes,5.5556,5.594,6.2024,6.1942,6.1806,6.1643,6.1458,6.1262,6.1056,6.0851,6.0652,6.047,6.0331,6.0208,6.0025,6.005,6.0164,6.0368,6.0627,6.0973,6.1305
Guam,Waste - agri-food systems,Emissions (CO2eq) from N2O (AR5),kilotonnes,0,0,0.0196,0.0187,0.0179,0.017,0.0161,0.0153,0.0144,0.0136,0.0127,0.0118,0.0112,0.0103,0.0085,0.0076,0.0067,0.0058,0.0049,0.0047,0.0044
Guam,Waste - agri-food systems,Emissions (CO2eq) (AR5),kilotonnes,5.5556,5.594,6.222,6.2129,6.1985,6.1813,6.162,6.1416,6.12,6.0987,6.0778,6.0588,6.0442,6.0311,6.0109,6.0125,6.0231,6.0426,6.0676,6.1019,6.1349
Guam,Farm-gate emissions,Emissions (CH4),kilotonnes,0,0,0,0,0,0,0,0,0,0,0,0,0,0,0,0,0,0,0,0,0
Guam,Farm-gate emissions,Direct emissions (N2O),kilotonnes,,,,,,,,,,,,,,,,,,,,,
Guam,Farm-gate emissions,Indirect emissions (N2O),kilotonnes,,,,,,,,,,,,,,,,,,,,,
Guam,Farm-gate emissions,Emissions (N2O),kilotonnes,0,0,0,0,0,0,0,0,0,0,0,0,0,0,0,0,0,0,0,0,0
Guam,Farm-gate emissions,Emissions (CO2),kilotonnes,0,0,0,0,0,0,0,0,0,0,0,0,0,0,0,0,0,0,0,0,0
Guam,Farm-gate emissions,Emissions (CO2eq) from CH4 (AR5),kilotonnes,0,0,0,0,0,0,0,0,0,0,0,0,0,0,0,0,0,0,0,0,0
Guam,Farm-gate emissions,Emissions (CO2eq) from N2O (AR5),kilotonnes,0,0,0,0,0,0,0,0,0,0,0,0,0,0,0,0,0,0,0,0,0
Guam,Farm-gate emissions,Emissions (CO2eq) (AR5),kilotonnes,0,0,0,0,0,0,0,0,0,0,0,0,0,0,0,0,0,0,0,0,0
Guam,Land Use change,Emissions (CH4),kilotonnes,0,0,0,0,0,0,0,0,0,0,0,0,0,0,0,0,0,0,0,0,0
Guam,Land Use change,Emissions (N2O),kilotonnes,0,0,0,0,0,0,0,0,0,0,0,0,0,0,0,0,0,0,0,0,0
Guam,Land Use change,Emissions (CO2),kilotonnes,0,0,0,0,0,0,0,0,0,0,0,0,0,0,0,0,0,0,0,0,0
Guam,Land Use change,Emissions (CO2eq) from CH4 (AR5),kilotonnes,0,0,0,0,0,0,0,0,0,0,0,0,0,0,0,0,0,0,0,0,0
Guam,Land Use change,Emissions (CO2eq) from N2O (AR5),kilotonnes,0,0,0,0,0,0,0,0,0,0,0,0,0,0,0,0,0,0,0,0,0
Guam,Land Use change,Emissions (CO2eq) (AR5),kilotonnes,0,0,0,0,0,0,0,0,0,0,0,0,0,0,0,0,0,0,0,0,0
Guam,Emissions on agricultural land,Emissions (CH4),kilotonnes,0,0,0,0,0,0,0,0,0,0,0,0,0,0,0,0,0,0,0,0,0
Guam,Emissions on agricultural land,Emissions (N2O),kilotonnes,0,0,0,0,0,0,0,0,0,0,0,0,0,0,0,0,0,0,0,0,0
Guam,Emissions on agricultural land,Emissions (CO2),kilotonnes,0,0,0,0,0,0,0,0,0,0,0,0,0,0,0,0,0,0,0,0,0
Guam,Emissions on agricultural land,Emissions (CO2eq) from CH4 (AR5),kilotonnes,0,0,0,0,0,0,0,0,0,0,0,0,0,0,0,0,0,0,0,0,0
Guam,Emissions on agricultural land,Emissions (CO2eq) from N2O (AR5),kilotonnes,0,0,0,0,0,0,0,0,0,0,0,0,0,0,0,0,0,0,0,0,0
Guam,Emissions on agricultural land,Emissions (CO2eq) (AR5),kilotonnes,0,0,0,0,0,0,0,0,0,0,0,0,0,0,0,0,0,0,0,0,0
Guam,Pre- and post- production,Emissions (CH4),kilotonnes,0.1984,0.1998,0.2215,0.2212,0.2207,0.2202,0.2195,0.2188,0.2181,0.2173,0.2166,0.216,0.2155,0.215,0.2144,0.2145,0.2149,0.2156,0.2165,0.2178,0.2189
Guam,Pre- and post- production,Emissions (N2O),kilotonnes,0,0,0.0001,0.0001,0.0001,0.0001,0.0001,0.0001,0.0001,0.0001,0,0,0,0,0,0,0,0,0,0,0
Guam,Pre- and post- production,Emissions (CO2),kilotonnes,0,0,0,0,0,0,0,0,0,0,0,0,0,0,0,0,0,0,0,0,0
Guam,Pre- and post- production,Emissions (CO2eq) from CH4 (AR5),kilotonnes,5.5556,5.594,6.2024,6.1942,6.1806,6.1643,6.1458,6.1262,6.1056,6.0851,6.0652,6.047,6.0331,6.0208,6.0025,6.005,6.0164,6.0368,6.0627,6.0973,6.1305
Guam,Pre- and post- production,Emissions (CO2eq) from N2O (AR5),kilotonnes,0,0,0.0196,0.0187,0.0179,0.017,0.0161,0.0153,0.0144,0.0136,0.0127,0.0118,0.0112,0.0103,0.0085,0.0076,0.0067,0.0058,0.0049,0.0047,0.0044
Guam,Pre- and post- production,Emissions (CO2eq) (AR5),kilotonnes,5.5556,5.594,6.222,6.2129,6.1985,6.1813,6.162,6.1416,6.12,6.0987,6.0778,6.0588,6.0442,6.0311,6.0109,6.0125,6.0231,6.0426,6.0676,6.1019,6.1349
Guam,Agri-food systems,Emissions (CH4),kilotonnes,0.1984,0.1998,0.2215,0.2212,0.2207,0.2202,0.2195,0.2188,0.2181,0.2173,0.2166,0.216,0.2155,0.215,0.2144,0.2145,0.2149,0.2156,0.2165,0.2178,0.2189
Guam,Agri-food systems,Emissions (N2O),kilotonnes,0,0,0.0001,0.0001,0.0001,0.0001,0.0001,0.0001,0.0001,0.0001,0,0,0,0,0,0,0,0,0,0,0
Guam,Agri-food systems,Emissions (CO2),kilotonnes,0,0,0,0,0,0,0,0,0,0,0,0,0,0,0,0,0,0,0,0,0
Guam,Agri-food systems,Emissions (CO2eq) from CH4 (AR5),kilotonnes,5.5556,5.594,6.2024,6.1942,6.1806,6.1643,6.1458,6.1262,6.1056,6.0851,6.0652,6.047,6.0331,6.0208,6.0025,6.005,6.0164,6.0368,6.0627,6.0973,6.1305
Guam,Agri-food systems,Emissions (CO2eq) from N2O (AR5),kilotonnes,0,0,0.0196,0.0187,0.0179,0.017,0.0161,0.0153,0.0144,0.0136,0.0127,0.0118,0.0112,0.0103,0.0085,0.0076,0.0067,0.0058,0.0049,0.0047,0.0044
Guam,Agri-food systems,Emissions (CO2eq) (AR5),kilotonnes,5.5556,5.594,6.222,6.2129,6.1985,6.1813,6.162,6.1416,6.12,6.0987,6.0778,6.0588,6.0442,6.0311,6.0109,6.0125,6.0231,6.0426,6.0676,6.1019,6.1349
Guam,IPCC Agriculture,Emissions (CH4),kilotonnes,0,0,0,0,0,0,0,0,0,0,0,0,0,0,0,0,0,0,0,0,0
Guam,IPCC Agriculture,Direct emissions (N2O),kilotonnes,,,,,,,,,,,,,,,,,,,,,
Guam,IPCC Agriculture,Indirect emissions (N2O),kilotonnes,,,,,,,,,,,,,,,,,,,,,
Guam,IPCC Agriculture,Emissions (N2O),kilotonnes,0,0,0,0,0,0,0,0,0,0,0,0,0,0,0,0,0,0,0,0,0
Guam,IPCC Agriculture,Emissions (CO2eq) from CH4 (AR5),kilotonnes,0,0,0,0,0,0,0,0,0,0,0,0,0,0,0,0,0,0,0,0,0
Guam,IPCC Agriculture,Emissions (CO2eq) from N2O (AR5),kilotonnes,0,0,0,0,0,0,0,0,0,0,0,0,0,0,0,0,0,0,0,0,0
Guam,IPCC Agriculture,Emissions (CO2eq) (AR5),kilotonnes,0,0,0,0,0,0,0,0,0,0,0,0,0,0,0,0,0,0,0,0,0
Guam,Agricultural Soils,Direct emissions (N2O),kilotonnes,,,,,,,,,,,,,,,,,,,,,
Guam,Agricultural Soils,Indirect emissions (N2O),kilotonnes,,,,,,,,,,,,,,,,,,,,,
Guam,Agricultural Soils,Emissions (N2O),kilotonnes,0,0,0,0,0,0,0,0,0,0,0,0,0,0,0,0,0,0,0,0,0
Guam,Agricultural Soils,Emissions (CO2eq) from N2O (AR5),kilotonnes,0,0,0,0,0,0,0,0,0,0,0,0,0,0,0,0,0,0,0,0,0
Guam,Agricultural Soils,Emissions (CO2eq) (AR5),kilotonnes,0,0,0,0,0,0,0,0,0,0,0,0,0,0,0,0,0,0,0,0,0
Guam,LULUCF,Emissions (CH4),kilotonnes,0,0,0,0,0,0,0,0,0,0,0,0,0,0,0,0,0,0,0,0,0
Guam,LULUCF,Emissions (N2O),kilotonnes,0,0,0,0,0,0,0,0,0,0,0,0,0,0,0,0,0,0,0,0,0
Guam,LULUCF,Emissions (CO2),kilotonnes,0,0,0,0,0,0,0,0,0,0,0,0,0,0,0,0,-158.4,-158.4,-158.4,-158.4,-158.4
Guam,LULUCF,Emissions (CO2eq) from CH4 (AR5),kilotonnes,0,0,0,0,0,0,0,0,0,0,0,0,0,0,0,0,0,0,0,0,0
Guam,LULUCF,Emissions (CO2eq) from N2O (AR5),kilotonnes,0,0,0,0,0,0,0,0,0,0,0,0,0,0,0,0,0,0,0,0,0
Guam,LULUCF,Emissions (CO2eq) (AR5),kilotonnes,0,0,0,0,0,0,0,0,0,0,0,0,0,0,0,0,-158.4,-158.4,-158.4,-158.4,-158.4
Guam,AFOLU,Emissions (CH4),kilotonnes,0,0,0,0,0,0,0,0,0,0,0,0,0,0,0,0,0,0,0,0,0
Guam,AFOLU,Emissions (N2O),kilotonnes,0,0,0,0,0,0,0,0,0,0,0,0,0,0,0,0,0,0,0,0,0
Guam,AFOLU,Emissions (CO2),kilotonnes,0,0,0,0,0,0,0,0,0,0,0,0,0,0,0,0,-158.4,-158.4,-158.4,-158.4,-158.4
Guam,AFOLU,Emissions (CO2eq) from CH4 (AR5),kilotonnes,0,0,0,0,0,0,0,0,0,0,0,0,0,0,0,0,0,0,0,0,0
Guam,AFOLU,Emissions (CO2eq) from N2O (AR5),kilotonnes,0,0,0,0,0,0,0,0,0,0,0,0,0,0,0,0,0,0,0,0,0
Guam,AFOLU,Emissions (CO2eq) (AR5),kilotonnes,0,0,0,0,0,0,0,0,0,0,0,0,0,0,0,0,-158.4,-158.4,-158.4,-158.4,-158.4
Guam,All sectors with LULUCF,Emissions (CH4),kilotonnes,0,0,0,0,0,0,0,0,0,0,0,0,0,0,0,0,0,0,0,0,0
Guam,All sectors with LULUCF,Emissions (N2O),kilotonnes,0,0,0,0,0,0,0,0,0,0,0,0,0,0,0,0,0,0,0,0,0
Guam,All sectors with LULUCF,Emissions (CO2),kilotonnes,0,0,0,0,0,0,0,0,0,0,0,0,0,0,0,0,-158.4,-158.4,-158.4,-158.4,-158.4
Guam,All sectors with LULUCF,Emissions (CO2eq) from CH4 (AR5),kilotonnes,0,0,0,0,0,0,0,0,0,0,0,0,0,0,0,0,0,0,0,0,0
Guam,All sectors with LULUCF,Emissions (CO2eq) from N2O (AR5),kilotonnes,0,0,0,0,0,0,0,0,0,0,0,0,0,0,0,0,0,0,0,0,0
Guam,All sectors with LULUCF,Emissions (CO2eq) (AR5),kilotonnes,0,0,0,0,0,0,0,0,0,0,0,0,0,0,0,0,-158.4,-158.4,-158.4,-158.4,-158.4
Guam,All sectors without LULUCF,Emissions (CH4),kilotonnes,0,0,0,0,0,0,0,0,0,0,0,0,0,0,0,0,0,0,0,0,0
Guam,All sectors without LULUCF,Emissions (N2O),kilotonnes,0,0,0,0,0,0,0,0,0,0,0,0,0,0,0,0,0,0,0,0,0
Guam,All sectors without LULUCF,Emissions (CO2eq) from CH4 (AR5),kilotonnes,0,0,0,0,0,0,0,0,0,0,0,0,0,0,0,0,0,0,0,0,0
Guam,All sectors without LULUCF,Emissions (CO2eq) from N2O (AR5),kilotonnes,0,0,0,0,0,0,0,0,0,0,0,0,0,0,0,0,0,0,0,0,0
Guam,All sectors without LULUCF,Emissions (CO2eq) (AR5),kilotonnes,0,0,0,0,0,0,0,0,0,0,0,0,0,0,0,0,0,0,0,0,0
Guatemala,Crop Residues,Direct emissions (N2O),kilotonnes,0.2221,0.254,0.2564,0.2612,0.2646,0.2753,0.2896,0.3099,0.3368,0.3259,0.33,0.3354,0.3435,0.3549,0.3598,0.3656,0.3722,0.381,0.3859,0.3712,0.3756
Guatemala,Crop Residues,Indirect emissions (N2O),kilotonnes,0.05,0.0572,0.0577,0.0588,0.0595,0.0619,0.0652,0.0697,0.0758,0.0733,0.0742,0.0755,0.0773,0.0798,0.081,0.0822,0.0837,0.0857,0.0868,0.0835,0.0845
Guatemala,Crop Residues,Emissions (N2O),kilotonnes,0.2721,0.3112,0.314,0.32,0.3241,0.3372,0.3548,0.3797,0.4126,0.3992,0.4042,0.4109,0.4208,0.4347,0.4407,0.4478,0.4559,0.4667,0.4727,0.4547,0.4601
Guatemala,Crop Residues,Emissions (CO2eq) from N2O (AR5),kilotonnes,72.1002,82.462,83.2208,84.807,85.8877,89.3669,94.012,100.6089,109.3279,105.7859,107.1114,108.8948,111.5129,115.1954,116.7942,118.6673,120.8126,123.6818,125.2663,120.5074,121.9259
Guatemala,Crop Residues,Emissions (CO2eq) (AR5),kilotonnes,72.1002,82.462,83.2208,84.807,85.8877,89.3669,94.012,100.6089,109.3279,105.7859,107.1114,108.8948,111.5129,115.1954,116.7942,118.6673,120.8126,123.6818,125.2663,120.5074,121.9259
Guatemala,Rice Cultivation,Emissions (CH4),kilotonnes,0.4116,0.4214,0.4488,0.406,0.2348,0.2544,0.2544,0.2153,0.2192,0.2779,0.2935,0.2974,0.3014,0.3072,0.3131,0.3131,0.317,0.2996,0.3066,0.395,0.3024
Guatemala,Rice Cultivation,Emissions (CO2eq) from CH4 (AR5),kilotonnes,11.5248,11.7992,12.5675,11.368,6.5754,7.1234,7.1234,6.0274,6.1372,7.7804,8.2187,8.3284,8.4382,8.6028,8.7667,8.7667,8.8764,8.3888,8.5848,11.0591,8.4672
Guatemala,Rice Cultivation,Emissions (CO2eq) (AR5),kilotonnes,11.5248,11.7992,12.5675,11.368,6.5754,7.1234,7.1234,6.0274,6.1372,7.7804,8.2187,8.3284,8.4382,8.6028,8.7667,8.7667,8.8764,8.3888,8.5848,11.0591,8.4672
Guatemala,Burning - Crop residues,Emissions (CH4),kilotonnes,1.9432,1.9135,1.9727,1.9704,1.9621,1.9299,1.9039,2.2496,2.7018,2.6419,2.6459,2.7112,2.7527,2.8026,2.8289,2.8539,2.856,2.9047,2.9661,2.8004,2.808
Guatemala,Burning - Crop residues,Emissions (CH4),kilotonnes,1.895,,,,,2.186,,,,,,,,,,,,,,,
Guatemala,Burning - Crop residues,Emissions (N2O),kilotonnes,0.0504,0.0496,0.0511,0.0511,0.0509,0.05,0.0494,0.0583,0.07,0.0685,0.0686,0.0703,0.0714,0.0727,0.0733,0.074,0.074,0.0753,0.0769,0.0726,0.0728
Guatemala,Burning - Crop residues,Emissions (N2O),kilotonnes,0.049,,,,,0.057,,,,,,,,,,,,,,,
Guatemala,Burning - Crop residues,Emissions (CO2eq) from CH4 (AR5),kilotonnes,54.4097,53.5778,55.2356,55.172,54.939,54.0381,53.3094,62.9875,75.6508,73.9738,74.0849,75.9126,77.0745,78.4736,79.2093,79.9102,79.967,81.3309,83.0519,78.4112,78.6227
Guatemala,Burning - Crop residues,Emissions (CO2eq) from CH4 (AR5),kilotonnes,53.06,,,,,61.208,,,,,,,,,,,,,,,
Guatemala,Burning - Crop residues,Emissions (CO2eq) from N2O (AR5),kilotonnes,13.3505,13.1464,13.5532,13.5376,13.4804,13.2593,13.0806,15.4553,18.5625,18.151,18.1783,18.6267,18.9118,19.2551,19.4356,19.6076,19.6215,19.9562,20.3785,19.2398,19.2917
Guatemala,Burning - Crop residues,Emissions (CO2eq) from N2O (AR5),kilotonnes,12.985,,,,,15.105,,,,,,,,,,,,,,,
Guatemala,Burning - Crop residues,Emissions (CO2eq) (AR5),kilotonnes,67.7602,66.7242,68.7888,68.7096,68.4194,67.2975,66.39,78.4428,94.2133,92.1248,92.2632,94.5393,95.9863,97.7287,98.645,99.5178,99.5886,101.287,103.4304,97.651,97.9144
Guatemala,Burning - Crop residues,Emissions (CO2eq) (AR5),kilotonnes,66.045,,,,,76.313,,,,,,,,,,,,,,,
Guatemala,Enteric Fermentation,Emissions (CH4),kilotonnes,151.6847,158.459,161.6124,150.0302,158.0634,163.5364,168.0685,178.2334,188.5736,198.8489,206.9803,205.6289,209.4883,211.4469,221.0809,226.0532,230.8519,235.7222,239.9788,244.9897,249.503
Guatemala,Enteric Fermentation,Emissions (CH4),kilotonnes,105.737,,,,,139.041,,,,,,,,,,,,,,,
Guatemala,Enteric Fermentation,Emissions (CO2eq) from CH4 (AR5),kilotonnes,4247.1716,4436.852,4525.1472,4200.8456,4425.7752,4579.0192,4705.918,4990.5352,5280.0608,5567.7692,5795.4484,5757.6092,5865.6724,5920.5132,6190.2652,6329.4892,6463.8528,6600.2213,6719.407,6859.7115,6986.0839
Guatemala,Enteric Fermentation,Emissions (CO2eq) from CH4 (AR5),kilotonnes,2960.636,,,,,3893.148,,,,,,,,,,,,,,,
Guatemala,Enteric Fermentation,Emissions (CO2eq) (AR5),kilotonnes,4247.1716,4436.852,4525.1472,4200.8456,4425.7752,4579.0192,4705.918,4990.5352,5280.0608,5567.7692,5795.4484,5757.6092,5865.6724,5920.5132,6190.2652,6329.4892,6463.8528,6600.2213,6719.407,6859.7115,6986.0839
Guatemala,Enteric Fermentation,Emissions (CO2eq) (AR5),kilotonnes,2960.636,,,,,3893.148,,,,,,,,,,,,,,,
Guatemala,Manure Management,Emissions (CH4),kilotonnes,4.8377,5.3438,5.8906,6.0429,6.222,6.7027,6.4675,6.5437,6.7173,6.933,7.105,7.1028,7.1966,7.2719,7.5222,7.6498,7.7267,7.8217,7.9601,8.0421,8.1379
Guatemala,Manure Management,Emissions (CH4),kilotonnes,3.436,,,,,5.19,,,,,,,,,,,,,,,
Guatemala,Manure Management,Emissions (N2O),kilotonnes,0.4842,0.5955,0.7369,0.8539,0.8656,0.9755,0.8709,0.8658,0.8685,0.8744,0.8803,0.8822,0.8892,0.8993,0.9247,0.9259,0.9311,0.9342,0.952,0.9533,0.959
Guatemala,Manure Management,Emissions (N2O),kilotonnes,3.527,,,,,0.715,,,,,,,,,,,,,,,
Guatemala,Manure Management,Emissions (CO2eq) from CH4 (AR5),kilotonnes,135.4543,149.6253,164.9365,169.2007,174.215,187.6761,181.0907,183.2228,188.0845,194.1248,198.9404,198.8791,201.5039,203.6128,210.6218,214.1931,216.3464,219.0085,222.8823,225.1801,227.8607
Guatemala,Manure Management,Emissions (CO2eq) from CH4 (AR5),kilotonnes,96.208,,,,,145.32,,,,,,,,,,,,,,,
Guatemala,Manure Management,Emissions (CO2eq) from N2O (AR5),kilotonnes,128.3145,157.8165,195.2896,226.2938,229.3955,258.506,230.787,229.4312,230.1556,231.7286,233.2913,233.7932,235.6378,238.3107,245.0494,245.3578,246.7364,247.5524,252.2808,252.6205,254.1389
Guatemala,Manure Management,Emissions (CO2eq) from N2O (AR5),kilotonnes,934.655,,,,,189.475,,,,,,,,,,,,,,,
Guatemala,Manure Management,Emissions (CO2eq) (AR5),kilotonnes,263.7688,307.4418,360.2261,395.4945,403.6105,446.1821,411.8777,412.6541,418.24,425.8533,432.2317,432.6723,437.1417,441.9235,455.6713,459.5509,463.0829,466.5609,475.1631,477.8006,481.9996
Guatemala,Manure Management,Emissions (CO2eq) (AR5),kilotonnes,1030.863,,,,,334.795,,,,,,,,,,,,,,,
Guatemala,Manure left on Pasture,Direct emissions (N2O),kilotonnes,3.2746,3.4087,3.4367,3.11,3.2819,3.3892,3.5107,3.7003,3.917,4.142,4.3197,4.2958,4.3651,4.4018,4.6004,4.7361,4.8506,4.9502,5.0288,5.1377,5.2293
Guatemala,Manure left on Pasture,Indirect emissions (N2O),kilotonnes,0.7303,0.7721,0.7751,0.7023,0.7388,0.7653,0.7934,0.834,0.8801,0.9281,0.9662,0.9614,0.9767,0.9849,1.0269,1.056,1.0805,1.102,1.119,1.1425,1.1623
Guatemala,Manure left on Pasture,Emissions (N2O),kilotonnes,4.0049,4.1808,4.2118,3.8123,4.0206,4.1544,4.3042,4.5343,4.7971,5.0702,5.2859,5.2572,5.3418,5.3867,5.6273,5.792,5.9311,6.0522,6.1478,6.2802,6.3916
Guatemala,Manure left on Pasture,Emissions (CO2eq) from N2O (AR5),kilotonnes,1061.2985,1107.9171,1116.1315,1010.2507,1065.4666,1100.9231,1140.6013,1201.5883,1271.2339,1343.5978,1400.7604,1393.1594,1415.59,1427.4766,1491.2396,1534.8917,1571.7424,1603.8277,1629.1742,1664.2424,1693.7756
Guatemala,Manure left on Pasture,Emissions (CO2eq) (AR5),kilotonnes,1061.2985,1107.9171,1116.1315,1010.2507,1065.4666,1100.9231,1140.6013,1201.5883,1271.2339,1343.5978,1400.7604,1393.1594,1415.59,1427.4766,1491.2396,1534.8917,1571.7424,1603.8277,1629.1742,1664.2424,1693.7756
Guatemala,Manure applied to Soils,Direct emissions (N2O),kilotonnes,0.6357,0.7563,0.9031,1.0187,1.0333,1.1276,1.0641,1.057,1.0657,1.0811,1.0938,1.0974,1.12,1.1385,1.17,1.1413,1.1588,1.1678,1.1959,1.1947,1.2049
Guatemala,Manure applied to Soils,Indirect emissions (N2O),kilotonnes,0.2702,0.3214,0.3838,0.4329,0.4392,0.4792,0.4522,0.4492,0.4529,0.4595,0.4649,0.4664,0.476,0.4839,0.4972,0.4851,0.4925,0.4963,0.5082,0.5077,0.5121
Guatemala,Manure applied to Soils,Emissions (N2O),kilotonnes,0.9058,1.0778,1.2869,1.4516,1.4724,1.6068,1.5163,1.5063,1.5186,1.5405,1.5586,1.5638,1.596,1.6224,1.6672,1.6264,1.6513,1.6642,1.7041,1.7024,1.717
Guatemala,Manure applied to Soils,Emissions (CO2eq) from N2O (AR5),kilotonnes,240.0378,285.6094,341.0382,384.6751,390.1988,425.7946,401.8236,399.1644,402.4222,408.2386,413.0347,414.4109,422.9472,429.9279,441.8121,430.9972,437.5816,441.0018,451.5938,451.1299,455.0126
Guatemala,Manure applied to Soils,Emissions (CO2eq) (AR5),kilotonnes,240.0378,285.6094,341.0382,384.6751,390.1988,425.7946,401.8236,399.1644,402.4222,408.2386,413.0347,414.4109,422.9472,429.9279,441.8121,430.9972,437.5816,441.0018,451.5938,451.1299,455.0126
Guatemala,Synthetic Fertilizers,Direct emissions (N2O),kilotonnes,1.9564,1.8071,1.3225,1.8554,2.2055,2.0653,2.2899,2.0913,1.3878,1.8943,2.2336,2.8365,2.9162,2.859,2.551,2.8314,2.6288,2.7373,2.7162,2.6649,3.3218
Guatemala,Synthetic Fertilizers,Indirect emissions (N2O),kilotonnes,0.6358,0.5873,0.4298,0.603,0.7168,0.6712,0.7442,0.6797,0.451,0.6156,0.7259,0.9218,0.9478,0.9292,0.8291,0.9202,0.8544,0.8896,0.8828,0.8661,1.0796
Guatemala,Synthetic Fertilizers,Emissions (N2O),kilotonnes,2.5923,2.3944,1.7523,2.4584,2.9223,2.7365,3.0341,2.7709,1.8388,2.5099,2.9595,3.7583,3.8639,3.7882,3.3801,3.7516,3.4831,3.6269,3.5989,3.531,4.4013
Guatemala,Synthetic Fertilizers,Emissions (CO2eq) from N2O (AR5),kilotonnes,686.951,634.511,464.3513,651.4723,774.4062,725.1609,804.0472,734.2982,487.2883,665.123,784.2718,995.952,1023.9379,1003.8732,895.7328,994.1648,923.0327,961.1239,953.7173,935.7059,1166.3577
Guatemala,Synthetic Fertilizers,Emissions (CO2eq) (AR5),kilotonnes,686.951,634.511,464.3513,651.4723,774.4062,725.1609,804.0472,734.2982,487.2883,665.123,784.2718,995.952,1023.9379,1003.8732,895.7328,994.1648,923.0327,961.1239,953.7173,935.7059,1166.3577
Guatemala,Drained organic soils,Emissions (CO2eq) (AR5),kilotonnes,0,0,0,0,0,0,0,0,0,0,0,0,0,0,0,0,0,0,0,0,0
Guatemala,Drained organic soils (CO2),Emissions (CO2),kilotonnes,0,0,0,0,0,0,0,0,0,0,0,0,0,0,0,0,0,0,0,0,0
Guatemala,Drained organic soils (CO2),Emissions (CO2eq) (AR5),kilotonnes,0,0,0,0,0,0,0,0,0,0,0,0,0,0,0,0,0,0,0,0,0
Guatemala,Drained organic soils (N2O),Emissions (N2O),kilotonnes,0,0,0,0,0,0,0,0,0,0,0,0,0,0,0,0,0,0,0,0,0
Guatemala,Drained organic soils (N2O),Emissions (CO2eq) from N2O (AR5),kilotonnes,0,0,0,0,0,0,0,0,0,0,0,0,0,0,0,0,0,0,0,0,0
Guatemala,Drained organic soils (N2O),Emissions (CO2eq) (AR5),kilotonnes,0,0,0,0,0,0,0,0,0,0,0,0,0,0,0,0,0,0,0,0,0
Guatemala,On-farm energy use,Emissions (CH4),kilotonnes,0.0163,0.017,0.0174,0.0184,0.0172,0.1678,0.1917,0.2046,0.2135,0.2275,0.2388,0.2512,0.2632,0.2749,0.2896,0.3035,0.3169,0.3303,0.343,0.356,0.356
Guatemala,On-farm energy use,Emissions (N2O),kilotonnes,0.0544,0.0581,0.0655,0.0667,0.0654,0.0737,0.0748,0.0699,0.0583,0.0669,0.0695,0.0655,0.0688,0.075,0.0803,0.0865,0.0916,0.0923,0.0948,0.0977,0.0977
Guatemala,On-farm energy use,Emissions (CO2),kilotonnes,175.432,183.3357,196.5606,207.1056,196.726,261.1144,268.5976,270.7787,235.1218,263.1995,266.7391,269.3739,278.9067,286.3524,315.3736,340.2512,358.5139,366.381,376.378,389.3307,389.3307
Guatemala,On-farm energy use,Emissions (CO2eq) from CH4 (AR5),kilotonnes,0.4569,0.4769,0.4861,0.5141,0.4808,4.6972,5.3669,5.7277,5.9778,6.3701,6.6863,7.0334,7.3696,7.6967,8.1082,8.4974,8.874,9.2486,9.6028,9.9684,9.9684
Guatemala,On-farm energy use,Emissions (CO2eq) from N2O (AR5),kilotonnes,14.4233,15.4033,17.3462,17.6859,17.3315,19.5234,19.8146,18.5354,15.4418,17.7269,18.406,17.3471,18.2233,19.8663,21.2769,22.9293,24.2704,24.4544,25.1145,25.8851,25.8851
Guatemala,On-farm energy use,Emissions (CO2eq) (AR5),kilotonnes,190.3122,199.2159,214.393,225.3056,214.5383,285.335,293.7792,295.0418,256.5414,287.2964,291.8314,293.7544,304.4996,313.9154,344.7587,371.6779,391.6583,400.0839,411.0953,425.1843,425.1843
Guatemala,Forestland,Emissions (CO2),kilotonnes,-366.4613,-2105.1794,-2105.1794,-2105.1794,-2105.1794,-2105.1794,-2105.1794,-2105.1794,-2105.1794,-2105.1794,-2105.1794,-1134.3388,-1134.3388,-1134.3388,-1134.3388,-1134.3388,-1134.3388,-1134.3388,-1134.3388,-1134.3388,-1134.3388
Guatemala,Forestland,Emissions (CO2eq) (AR5),kilotonnes,-366.4613,-2105.1794,-2105.1794,-2105.1794,-2105.1794,-2105.1794,-2105.1794,-2105.1794,-2105.1794,-2105.1794,-2105.1794,-1134.3388,-1134.3388,-1134.3388,-1134.3388,-1134.3388,-1134.3388,-1134.3388,-1134.3388,-1134.3388,-1134.3388
Guatemala,Net Forest conversion,Emissions (CO2),kilotonnes,16490.76,15822.109,15822.109,15822.109,15822.109,15822.109,15822.109,15822.109,15822.109,15822.109,15822.109,8846.9404,8846.9404,8846.9404,8846.9404,8846.9404,4404.3014,4404.3014,4404.3014,4404.3014,4404.3014
Guatemala,Net Forest conversion,Emissions (CO2eq) (AR5),kilotonnes,16490.76,15822.109,15822.109,15822.109,15822.109,15822.109,15822.109,15822.109,15822.109,15822.109,15822.109,8846.9404,8846.9404,8846.9404,8846.9404,8846.9404,4404.3014,4404.3014,4404.3014,4404.3014,4404.3014
Guatemala,Savanna fires,Emissions (CH4),kilotonnes,1.4552,0.7373,3.0204,6.4544,0.8682,5.6939,1.4712,5.2875,1.6885,3.2811,2.3505,1.9383,1.7517,2.8584,1.1764,1.9495,3.1088,2.0426,0.9841,1.7826,2.0836
Guatemala,Savanna fires,Emissions (N2O),kilotonnes,0.1329,0.0673,0.2758,0.5893,0.0793,0.5199,0.1343,0.4828,0.1542,0.2996,0.2146,0.177,0.1599,0.261,0.1074,0.178,0.2838,0.1865,0.0899,0.1628,0.1902
Guatemala,Savanna fires,Emissions (CO2eq) from CH4 (AR5),kilotonnes,40.7442,20.6453,84.5702,180.7243,24.31,159.4294,41.1933,148.0494,47.2776,91.8697,65.8138,54.2727,49.0473,80.0346,32.9391,54.5868,87.0462,57.192,27.5552,49.913,58.3398
Guatemala,Savanna fires,Emissions (CO2eq) from N2O (AR5),kilotonnes,35.2084,17.8403,73.0797,156.1694,21.007,137.7678,35.5964,127.934,40.854,79.3874,56.8717,46.8987,42.3832,69.1603,28.4637,47.1702,75.2193,49.4213,23.8112,43.1314,50.4132
Guatemala,Savanna fires,Emissions (CO2eq) (AR5),kilotonnes,75.9526,38.4856,157.6499,336.8937,45.3171,297.1971,76.7898,275.9833,88.1316,171.257,122.6856,101.1714,91.4305,149.1949,61.4028,101.757,162.2655,106.6133,51.3664,93.0444,108.753
Guatemala,Fires in organic soils,Emissions (CH4),kilotonnes,0,0,0,0,0,0,0,0,0,0,0,0,0,0,0,0,0,0,0,0,0
Guatemala,Fires in organic soils,Emissions (CO2),kilotonnes,0,0,0,0,0,0,0,0,0,0,0,0,0,0,0,0,0,0,0,0,0
Guatemala,Fires in organic soils,Emissions (CO2eq) from CH4 (AR5),kilotonnes,0,0,0,0,0,0,0,0,0,0,0,0,0,0,0,0,0,0,0,0,0
Guatemala,Fires in organic soils,Emissions (CO2eq) (AR5),kilotonnes,0,0,0,0,0,0,0,0,0,0,0,0,0,0,0,0,0,0,0,0,0
Guatemala,Forest fires,Emissions (CH4),kilotonnes,49.3822,0.4448,2.5651,36.9799,0.6624,19.8723,2.5724,6.8923,3.0385,9.5602,2.5628,1.8694,1.4277,4.6091,0.4109,3.4133,4.7909,3.9631,0.5694,2.8207,6.658
Guatemala,Forest fires,Emissions (N2O),kilotonnes,1.4524,0.0406,0.2342,3.3764,0.0605,1.8144,0.2349,0.6293,0.2774,0.8729,0.234,0.1707,0.1304,0.4208,0.0375,0.3117,0.4374,0.3618,0.052,0.2575,0.6079
Guatemala,Forest fires,Emissions (CO2eq) from CH4 (AR5),kilotonnes,1382.7004,12.4555,71.8236,1035.4371,18.5462,556.4239,72.0281,192.9843,85.0794,267.6863,71.7583,52.3446,39.9753,129.0544,11.5062,95.5733,134.1447,110.9655,15.9442,78.9804,186.4244
Guatemala,Forest fires,Emissions (CO2eq) from N2O (AR5),kilotonnes,384.8905,10.7632,62.065,894.7527,16.0263,480.8228,62.2417,166.7636,73.5197,231.3158,62.0085,45.2325,34.5439,111.5199,9.9429,82.5878,115.9185,95.8887,13.7778,68.2494,161.095
Guatemala,Forest fires,Emissions (CO2eq) (AR5),kilotonnes,1767.5909,23.2186,133.8886,1930.1899,34.5725,1037.2466,134.2699,359.748,158.599,499.0021,133.7668,97.5771,74.5193,240.5743,21.4491,178.1611,250.0632,206.8542,29.722,147.2298,347.5193
Guatemala,Fires in humid tropical forests,Emissions (CH4),kilotonnes,48.9341,0.4126,2.4783,36.4518,0.6202,19.6789,2.4063,6.6791,2.9096,9.3148,2.4438,1.8075,1.331,4.3735,0.3886,3.0984,4.6,3.4845,0.4951,2.5901,6.2266
Guatemala,Fires in humid tropical forests,Emissions (N2O),kilotonnes,1.4392,0.0377,0.2263,3.3282,0.0566,1.7968,0.2197,0.6098,0.2657,0.8505,0.2231,0.165,0.1215,0.3993,0.0355,0.2829,0.42,0.3182,0.0452,0.2365,0.5685
Guatemala,Fires in humid tropical forests,Emissions (CO2eq) from CH4 (AR5),kilotonnes,1370.1551,11.5529,69.3937,1020.6497,17.3659,551.0087,67.3766,187.0137,81.4692,260.8131,68.4257,50.609,37.2677,122.4589,10.8814,86.7563,128.7989,97.5662,13.8615,72.5238,174.3443
Guatemala,Fires in humid tropical forests,Emissions (CO2eq) from N2O (AR5),kilotonnes,381.3983,9.9832,59.9652,881.9744,15.0064,476.1434,58.2222,161.6042,70.4,225.3765,59.1288,43.7327,32.2041,105.8205,9.4029,74.9688,111.299,84.3099,11.9781,62.67,150.6562
Guatemala,Fires in humid tropical forests,Emissions (CO2eq) (AR5),kilotonnes,1751.5534,21.5362,129.359,1902.6241,32.3724,1027.1522,125.5988,348.6178,151.8692,486.1897,127.5545,94.3417,69.4718,228.2794,20.2843,161.7251,240.0979,181.8761,25.8396,135.1938,325.0005
Guatemala,Waste - agri-food systems,Emissions (CH4),kilotonnes,99.4636,101.4665,102.8533,101.9413,103.088,103.4594,104.076,105.4606,105.8795,107.057,108.2145,108.7707,110.5516,111.5177,112.0763,110.0561,110.9023,111.2593,111.6264,111.9464,112.2218
Guatemala,Waste - agri-food systems,Emissions (N2O),kilotonnes,0.2087,0.2257,0.2447,0.2461,0.2507,0.2568,0.2704,0.2762,0.2768,0.2999,0.3119,0.3231,0.3366,0.3387,0.3588,0.3765,0.3899,0.3997,0.4088,0.4177,0.4264
Guatemala,Waste - agri-food systems,Emissions (CO2),kilotonnes,0,0,0,0,0,0,0,0,0,0,0,0,0,0,0,0,0,0,0,0,0
Guatemala,Waste - agri-food systems,Emissions (CO2eq) from CH4 (AR5),kilotonnes,2784.9807,2841.0609,2879.8911,2854.3575,2886.4651,2896.8632,2914.1282,2952.8974,2964.626,2997.5954,3030.0061,3045.581,3095.4443,3122.4957,3138.1358,3081.5696,3105.2637,3115.261,3125.5394,3134.498,3142.2106
Guatemala,Waste - agri-food systems,Emissions (CO2eq) from N2O (AR5),kilotonnes,55.2961,59.8004,64.8585,65.2042,66.4281,68.0482,71.6525,73.1859,73.3609,79.4729,82.6616,85.6278,89.212,89.7462,95.078,99.7604,103.3301,105.9126,108.3436,110.6831,113.0071
Guatemala,Waste - agri-food systems,Emissions (CO2eq) (AR5),kilotonnes,2840.2768,2900.8612,2944.7497,2919.5617,2952.8932,2964.9114,2985.7807,3026.0833,3037.9869,3077.0683,3112.6677,3131.2088,3184.6563,3212.242,3233.2138,3181.33,3208.5938,3221.1736,3233.883,3245.1811,3255.2178
Guatemala,On-farm electricity use,Emissions (CH4),kilotonnes,0.0224,0.0245,0.0254,0.034,0.0347,0.0354,0.0402,0.0421,0.0421,0.0438,0.0443,0.0451,0.0493,0.0506,0.0525,0.0555,0.0581,0.0593,0.0599,0.0614,0.0614
Guatemala,On-farm electricity use,Emissions (N2O),kilotonnes,0.0001,0.0001,0.0001,0.0002,0.0002,0.0001,0.0002,0.0003,0.0002,0.0002,0.0002,0.0002,0.0002,0.0002,0.0002,0.0003,0.0003,0.0003,0.0003,0.0003,0.0003
Guatemala,On-farm electricity use,Emissions (CO2),kilotonnes,8.3919,9.1786,9.5258,12.7626,13.0196,13.2856,15.0523,15.7796,15.7665,16.4015,16.5882,16.8942,18.4789,18.9744,19.6744,20.8017,21.7694,22.2263,22.4583,23.015,23.015
Guatemala,On-farm electricity use,Emissions (CO2eq) from CH4 (AR5),kilotonnes,0.6272,0.686,0.7112,0.952,0.9716,0.9912,1.1256,1.1788,1.1788,1.2264,1.2404,1.2628,1.3804,1.4168,1.47,1.554,1.6268,1.6604,1.6772,1.7192,1.7192
Guatemala,On-farm electricity use,Emissions (CO2eq) from N2O (AR5),kilotonnes,0.0265,0.0265,0.0265,0.053,0.053,0.0265,0.053,0.0795,0.053,0.053,0.053,0.053,0.053,0.053,0.053,0.0795,0.0795,0.0795,0.0795,0.0795,0.0795
Guatemala,On-farm electricity use,Emissions (CO2eq) (AR5),kilotonnes,9.0456,9.8911,10.2635,13.7676,14.0442,14.3033,16.2309,17.0379,16.9983,17.6809,17.8816,18.21,19.9123,20.4442,21.1974,22.4352,23.4757,23.9662,24.215,24.8137,24.8137
Guatemala,Food Processing,Emissions (CH4),kilotonnes,0.0555,0.0569,0.0722,0.0715,0.0743,5.4765,5.192,6.2358,6.8562,7.5401,6.4743,7.3963,8.6019,8.5404,9.0607,9.5143,11.5136,12.7345,12.3677,14.3622,14.9254
Guatemala,Food Processing,Emissions (N2O),kilotonnes,0.0031,0.0032,0.0033,0.003,0.003,0.0146,0.0133,0.0145,0.0138,0.0153,0.0151,0.0156,0.015,0.0144,0.0144,0.0153,0.0175,0.0171,0.0168,0.0172,0.0179
Guatemala,Food Processing,Emissions (CO2),kilotonnes,90.093,94.2047,96.342,90.9772,96.1148,474.8907,467.5915,457.2627,370.0221,360.2764,333.6353,320.4255,360.559,348.5924,350.7184,439.5432,478.607,492.4923,390.7132,388.809,328.7915
Guatemala,Food Processing,Emissions (CO2eq) from CH4 (AR5),kilotonnes,1.554,1.5932,2.0216,2.002,2.0804,153.342,145.376,174.6024,191.9736,211.1228,181.2804,207.0964,240.8532,239.1312,253.6996,266.4004,322.3808,356.566,346.2956,402.1416,417.9119
Guatemala,Food Processing,Emissions (CO2eq) from N2O (AR5),kilotonnes,0.8215,0.848,0.8745,0.795,0.795,3.869,3.5245,3.8425,3.657,4.0545,4.0015,4.134,3.975,3.816,3.816,4.0545,4.6375,4.5315,4.452,4.558,4.7305
Guatemala,Food Processing,Emissions (CO2eq) (AR5),kilotonnes,92.4685,96.6459,99.2381,93.7742,98.9902,632.1017,616.492,635.7076,565.6527,575.4537,518.9172,531.6559,605.3872,591.5396,608.234,709.9981,805.6253,853.5898,741.4608,795.5086,751.4338
Guatemala,Food Packaging,Emissions (CH4),kilotonnes,0.2587,0.2385,0.2303,0.2475,0.2106,0.1921,0.1826,0.2332,0.2468,0.2631,1.0281,1.1888,1.3292,1.3253,0.1885,0.1918,0.233,0.259,0.2541,0.6233,0.6477
Guatemala,Food Packaging,Emissions (N2O),kilotonnes,0.0008,0.0007,0.0007,0.0007,0.0007,0.0006,0.0006,0.0009,0.0008,0.0007,0.0021,0.0022,0.002,0.0021,0.0006,0.0006,0.0007,0.0006,0.0006,0.0011,0.0011
Guatemala,Food Packaging,Emissions (CO2),kilotonnes,21.4918,20.691,19.7666,18.5075,19.2315,19.0474,19.596,31.6128,23.1015,17.4517,32.9375,30.9913,33.0567,39.0095,15.0849,16.7654,19.3087,20.3043,17.6653,25.1145,21.2378
Guatemala,Food Packaging,Emissions (CO2eq) from CH4 (AR5),kilotonnes,7.2436,6.678,6.4484,6.93,5.8968,5.3788,5.1128,6.5296,6.9104,7.3668,28.7868,33.2864,37.2176,37.1084,5.278,5.3704,6.524,7.252,7.1148,17.4524,18.1368
Guatemala,Food Packaging,Emissions (CO2eq) from N2O (AR5),kilotonnes,0.212,0.1855,0.1855,0.1855,0.1855,0.159,0.159,0.2385,0.212,0.1855,0.5565,0.583,0.53,0.5565,0.159,0.159,0.1855,0.159,0.159,0.2915,0.3025
Guatemala,Food Packaging,Emissions (CO2eq) (AR5),kilotonnes,28.9474,27.5545,26.4005,25.623,25.3138,24.5852,24.8678,38.3809,30.2239,25.004,62.2808,64.8607,70.8043,76.6744,20.5219,22.2948,26.0182,27.7153,24.9391,42.8584,39.6771
Guatemala,Food Retail,Emissions (CH4),kilotonnes,0,0,0,0,0,0,0,0.4312,0.44,0.4487,0.4535,0.4572,0.4382,0.4553,0.4747,0.501,0.5918,0.554,0.6395,0.7185,0.7467
Guatemala,Food Retail,Emissions (N2O),kilotonnes,0,0,0,0,0,0,0,0.0021,0.0022,0.0022,0.0022,0.0022,0.0022,0.0023,0.0024,0.0025,0.0029,0.0028,0.0032,0.0036,0.0037
Guatemala,Food Retail,Emissions (CO2),kilotonnes,1.3776,1.4485,1.56,1.6714,1.7828,1.7271,1.7828,163.4378,166.7107,169.7606,172.8101,173.2281,167.3906,176.5211,183.7539,194.2218,228.7726,216.237,248.6569,277.1304,234.3519
Guatemala,Food Retail,Emissions (CO2eq) from F-gases (AR5),kilotonnes,195.8515,253.516,314.2975,384.9495,468.589,529.3705,594.8275,660.2845,668.5965,673.272,675.8695,677.428,678.467,679.506,679.506,679.506,738.2095,753.275,768.86,783.9255,821.2553
Guatemala,Food Retail,Emissions (CO2eq) from CH4 (AR5),kilotonnes,0,0,0,0,0,0,0,12.0736,12.32,12.5636,12.698,12.8016,12.2696,12.7484,13.2916,14.028,16.5704,15.512,17.906,20.118,20.9069
Guatemala,Food Retail,Emissions (CO2eq) from N2O (AR5),kilotonnes,0,0,0,0,0,0,0,0.5565,0.583,0.583,0.583,0.583,0.583,0.6095,0.636,0.6625,0.7685,0.742,0.848,0.954,0.9901
Guatemala,Food Retail,Emissions (CO2eq) (AR5),kilotonnes,197.2291,254.9645,315.8575,386.6209,470.3718,531.0976,596.6103,836.3524,848.2102,856.1792,861.9606,864.0407,858.7102,869.385,877.1875,888.4183,984.321,985.766,1036.2709,1082.1279,1077.5042
Guatemala,Food Household Consumption,Emissions (CH4),kilotonnes,0.4275,0.4348,0.4315,0.609,0.5947,0.5232,0.6828,0.7016,0.7235,0.7347,0.7423,0.7593,0.8741,0.9664,0.9999,1.0218,1.0023,1.0515,1.1069,1.1069,1.1503
Guatemala,Food Household Consumption,Emissions (N2O),kilotonnes,0.0027,0.0027,0.0027,0.0036,0.0035,0.003,0.0037,0.0039,0.004,0.004,0.0041,0.0042,0.0049,0.0053,0.0054,0.0056,0.0055,0.0057,0.006,0.006,0.0062
Guatemala,Food Household Consumption,Emissions (CO2),kilotonnes,336.3337,298.1743,296.6712,373.6069,372.3434,318.2925,380.797,396.0333,401.5702,398.3178,406.8931,422.4458,486.2664,527.0771,531.7234,560.3937,563.5266,644.3701,674.1876,674.1876,570.1184
Guatemala,Food Household Consumption,Emissions (CO2eq) from CH4 (AR5),kilotonnes,11.97,12.1744,12.082,17.052,16.6516,14.6496,19.1184,19.6448,20.258,20.5716,20.7844,21.2604,24.4748,27.0592,27.9972,28.6104,28.0644,29.442,30.9932,30.9932,32.2086
Guatemala,Food Household Consumption,Emissions (CO2eq) from N2O (AR5),kilotonnes,0.7155,0.7155,0.7155,0.954,0.9275,0.795,0.9805,1.0335,1.06,1.06,1.0865,1.113,1.2985,1.4045,1.431,1.484,1.4575,1.5105,1.59,1.59,1.6502
Guatemala,Food Household Consumption,Emissions (CO2eq) (AR5),kilotonnes,349.0192,311.0642,309.4687,391.6129,389.9225,333.7371,400.8959,416.7116,422.8882,419.9494,428.764,444.8192,512.0397,555.5408,561.1516,590.4881,593.0485,675.3226,706.7708,706.7708,603.9772
Guatemala,Food Transport,Emissions (CH4),kilotonnes,0.0689,0.0693,0.0672,0.0638,0.0598,0.0595,0.0578,0.0568,0.0537,0.0601,0.0596,0.0582,0.0586,0.062,0.0681,0.0806,0.0879,0.0916,0.1,0.0809,0.0841
Guatemala,Food Transport,Emissions (N2O),kilotonnes,0.0123,0.0133,0.014,0.0145,0.0146,0.0158,0.0169,0.0184,0.0175,0.0196,0.0194,0.0188,0.019,0.0201,0.0221,0.0263,0.0287,0.03,0.0327,0.0288,0.0299
Guatemala,Food Transport,Emissions (CO2),kilotonnes,416.9,444.4,476.3,536.8,521.4,564.3,575.3,607.2,546.7,618.2,623.7318,611.6161,612.7161,650.1161,708.4161,816.2479,883.3479,911.9805,995.588,893.2076,755.3299
Guatemala,Food Transport,Emissions (CO2eq) from CH4 (AR5),kilotonnes,1.9292,1.9404,1.8816,1.7864,1.6744,1.666,1.6184,1.5904,1.5036,1.6828,1.6688,1.6296,1.6408,1.736,1.9068,2.2568,2.4612,2.5648,2.8,2.2652,2.354
Guatemala,Food Transport,Emissions (CO2eq) from N2O (AR5),kilotonnes,3.2595,3.5245,3.71,3.8425,3.869,4.187,4.4785,4.876,4.6375,5.194,5.141,4.982,5.035,5.3265,5.8565,6.9695,7.6055,7.95,8.6655,7.632,7.9208
Guatemala,Food Transport,Emissions (CO2eq) (AR5),kilotonnes,422.0887,449.8649,481.8916,542.4289,526.9434,570.153,581.3969,613.6664,552.8411,625.0768,630.5416,618.2277,619.3919,657.1786,716.1794,825.4742,893.4146,922.4953,1007.0535,903.1048,765.6047
Guatemala,Energy,Emissions (CH4),kilotonnes,51.5,51.6,51.4,52,51.4,51.6,53.2,55.4,58,59.6,77.3,79.1,80.1,81.9,83.8,85.3,90.9,95.3,95.5,102,106
Guatemala,Energy,Emissions (N2O),kilotonnes,0.914,0.926,0.961,0.899,0.926,0.904,0.872,0.949,0.932,1.12,1.41,1.5,1.37,1.41,1.47,1.54,1.74,1.69,1.73,1.85,1.92
Guatemala,Energy,Emissions (CO2),kilotonnes,8940,9400,9890,9620,10300,11100,11200,11200,9910,10900,10000,10100,10500,11500,12300,14100,15200,16000,13500,14900,12600
Guatemala,Energy,Emissions (CO2eq) from CH4 (AR5),kilotonnes,1442,1444.8,1439.2,1456,1439.2,1444.8,1489.6,1551.2,1624,1668.8,2164.4,2214.8,2242.8,2293.2,2346.4,2388.4,2545.2,2668.4,2674,2856,2968
Guatemala,Energy,Emissions (CO2eq) from N2O (AR5),kilotonnes,242.21,245.39,254.665,238.235,245.39,239.56,231.08,251.485,246.98,296.8,373.65,397.5,363.05,373.65,389.55,408.1,461.1,447.85,458.45,490.25,508.8
Guatemala,Energy,Emissions (CO2eq) (AR5),kilotonnes,10624.21,11090.19,11583.865,11314.235,11984.59,12784.36,12920.68,13002.685,11780.98,12865.6,12538.05,12712.3,13105.85,14166.85,15035.95,16896.5,18206.3,19116.25,16632.45,18246.25,16076.8
Guatemala,IPPU,Emissions (N2O),kilotonnes,0.0001,0.0001,0.0001,0.0001,0.0001,0.0001,0.0001,0.0002,0.0002,0.0002,0.0002,0.0002,0.0002,0.0002,0.0002,0.0002,0.0002,0.0002,0.0002,0.0002,0.0002
Guatemala,IPPU,Emissions (CO2),kilotonnes,912,902,1010,941,1000,1070,1070,1110,1110,684,1200,1210,1200,1240,1460,1520,1400,1430,1470,1480,1480
Guatemala,IPPU,Emissions (CO2eq) from F-gases (AR5),kilotonnes,172.9723,228.3623,291.5264,358.5774,440.2048,534.465,601.5161,675.3694,748.251,820.1609,891.099,919.2798,981.4721,1049.4949,1107.8002,1175.823,1243.8459,1302.1511,1370.174,1428.4792,1496.5021
Guatemala,IPPU,Emissions (CO2eq) from N2O (AR5),kilotonnes,0.0339,0.0347,0.0355,0.0366,0.0374,0.0382,0.039,0.04,0.0408,0.0416,0.0427,0.0435,0.0445,0.0456,0.0464,0.0474,0.0482,0.0493,0.0504,0.0511,0.0519
Guatemala,IPPU,Emissions (CO2eq) (AR5),kilotonnes,1085.0062,1130.397,1301.5619,1299.614,1440.2422,1604.5032,1671.555,1785.4095,1858.2918,1504.2025,2091.1416,2129.3233,2181.5166,2289.5405,2567.8466,2695.8705,2643.8941,2732.2004,2840.2243,2908.5304,2976.554
Guatemala,Waste,Emissions (CH4),kilotonnes,165,169,176,181,187,193,199,207,213,219,226,232,240,248,256,265,272,279,286,292,299
Guatemala,Waste,Emissions (N2O),kilotonnes,0.422,0.432,0.442,0.469,0.485,0.49,0.505,0.521,0.537,0.554,0.573,0.594,0.61,0.623,0.646,0.674,0.709,0.733,0.754,0.757,0.777
Guatemala,Waste,Emissions (CO2eq) from CH4 (AR5),kilotonnes,4620,4732,4928,5068,5236,5404,5572,5796,5964,6132,6328,6496,6720,6944,7168,7420,7616,7812,8008,8176,8372
Guatemala,Waste,Emissions (CO2eq) from N2O (AR5),kilotonnes,111.83,114.48,117.13,124.285,128.525,129.85,133.825,138.065,142.305,146.81,151.845,157.41,161.65,165.095,171.19,178.61,187.885,194.245,199.81,200.605,205.905
Guatemala,Waste,Emissions (CO2eq) (AR5),kilotonnes,4731.83,4846.48,5045.13,5192.285,5364.525,5533.85,5705.825,5934.065,6106.305,6278.81,6479.845,6653.41,6881.65,7109.095,7339.19,7598.61,7803.885,8006.245,8207.81,8376.605,8577.905
Guatemala,Other,Emissions (N2O),kilotonnes,0.732,0.74,0.772,0.791,0.787,0.759,0.678,0.725,0.693,0.873,0.852,0.98,0.831,0.888,0.864,0.925,0.993,0.954,0.99,1.01,1.03
Guatemala,Other,Emissions (CO2eq) from N2O (AR5),kilotonnes,193.98,196.1,204.58,209.615,208.555,201.135,179.67,192.125,183.645,231.345,225.78,259.7,220.215,235.32,228.96,245.125,263.145,252.81,262.35,267.65,272.95
Guatemala,Other,Emissions (CO2eq) (AR5),kilotonnes,193.98,196.1,204.58,209.615,208.555,201.135,179.67,192.125,183.645,231.345,225.78,259.7,220.215,235.32,228.96,245.125,263.145,252.81,262.35,267.65,272.95
Guatemala,Farm-gate emissions,Emissions (CH4),kilotonnes,160.3486,166.892,172.9623,164.9223,167.3677,178.2851,178.3572,192.7339,200.1139,212.2103,219.614,217.9298,221.7538,224.9619,233.2111,239.123,245.1772,249.1211,252.5387,258.3658,263.1908
Guatemala,Farm-gate emissions,Direct emissions (N2O),kilotonnes,6.0888,6.2262,5.9187,6.2453,6.7852,6.8573,7.1543,7.1586,6.7073,7.4432,7.9771,8.5651,8.7448,8.7542,8.6812,9.0743,9.0103,9.2363,9.3267,9.3684,10.1316
Guatemala,Farm-gate emissions,Indirect emissions (N2O),kilotonnes,1.6863,1.738,1.6464,1.797,1.9542,1.9776,2.0551,2.0326,1.8598,2.0766,2.2312,2.4251,2.4778,2.4778,2.4342,2.5435,2.5111,2.5736,2.5969,2.5998,2.8385
Guatemala,Farm-gate emissions,Emissions (N2O),kilotonnes,8.4969,8.7347,8.6944,9.6034,9.8007,10.454,10.3387,10.668,9.7181,10.8292,11.4412,12.1852,12.4119,12.5399,12.3011,12.8822,12.902,13.0982,13.1371,13.2546,14.2898
Guatemala,Farm-gate emissions,Emissions (CO2),kilotonnes,175.432,183.3357,196.5606,207.1056,196.726,261.1144,268.5976,270.7787,235.1218,263.1995,266.7391,269.3739,278.9067,286.3524,315.3736,340.2512,358.5139,366.381,376.378,389.3307,389.3307
Guatemala,Farm-gate emissions,Emissions (CO2eq) from CH4 (AR5),kilotonnes,4489.7615,4672.9764,4842.9432,4617.8246,4686.2954,4991.9834,4994.0018,5396.55,5603.1887,5941.8879,6149.1925,6102.0355,6209.1059,6298.9337,6529.9103,6695.4436,6864.9629,6975.3901,7071.084,7234.2434,7369.3428
Guatemala,Farm-gate emissions,Emissions (CO2eq) from N2O (AR5),kilotonnes,2251.6842,2314.706,2304.0104,2544.8916,2597.1736,2770.302,2739.7627,2827.0157,2575.2862,2869.7392,3031.9256,3229.0828,3289.1442,3323.0656,3259.8044,3413.7858,3419.017,3471.0195,3481.3366,3512.4625,3786.8007
Guatemala,Farm-gate emissions,Emissions (CO2eq) (AR5),kilotonnes,6916.8777,7171.0182,7343.5142,7369.8219,7480.195,8023.3998,8002.3621,8494.3443,8413.5967,9074.8266,9447.8572,9600.4922,9777.1567,9908.3517,10105.0884,10449.4806,10642.4938,10812.7905,10928.7986,11136.0366,11545.4742
Guatemala,Land Use change,Emissions (CH4),kilotonnes,48.9341,0.4126,2.4783,36.4518,0.6202,19.6789,2.4063,6.6791,2.9096,9.3148,2.4438,1.8075,1.331,4.3735,0.3886,3.0984,4.6,3.4845,0.4951,2.5901,6.2266
Guatemala,Land Use change,Emissions (N2O),kilotonnes,1.4392,0.0377,0.2263,3.3282,0.0566,1.7968,0.2197,0.6098,0.2657,0.8505,0.2231,0.165,0.1215,0.3993,0.0355,0.2829,0.42,0.3182,0.0452,0.2365,0.5685
Guatemala,Land Use change,Emissions (CO2),kilotonnes,16490.76,15822.109,15822.109,15822.109,15822.109,15822.109,15822.109,15822.109,15822.109,15822.109,15822.109,8846.9404,8846.9404,8846.9404,8846.9404,8846.9404,4404.3014,4404.3014,4404.3014,4404.3014,4404.3014
Guatemala,Land Use change,Emissions (CO2eq) from CH4 (AR5),kilotonnes,1370.1551,11.5529,69.3937,1020.6497,17.3659,551.0087,67.3766,187.0137,81.4692,260.8131,68.4257,50.609,37.2677,122.4589,10.8814,86.7563,128.7989,97.5662,13.8615,72.5238,174.3443
Guatemala,Land Use change,Emissions (CO2eq) from N2O (AR5),kilotonnes,381.3983,9.9832,59.9652,881.9744,15.0064,476.1434,58.2222,161.6042,70.4,225.3765,59.1288,43.7327,32.2041,105.8205,9.4029,74.9688,111.299,84.3099,11.9781,62.67,150.6562
Guatemala,Land Use change,Emissions (CO2eq) (AR5),kilotonnes,18242.3134,15843.6452,15951.468,17724.7331,15854.4814,16849.2612,15947.7078,16170.7269,15973.9782,16308.2987,15949.6635,8941.2821,8916.4121,9075.2197,8867.2247,9008.6654,4644.3993,4586.1775,4430.141,4539.4952,4729.3019
Guatemala,Emissions on agricultural land,Emissions (CH4),kilotonnes,209.2827,167.3046,175.4406,201.3741,167.9879,197.964,180.7635,199.413,203.0235,221.525,222.0578,219.7373,223.0848,229.3354,233.5997,242.2214,249.7772,252.6056,253.0338,260.956,269.4174
Guatemala,Emissions on agricultural land,Emissions (N2O),kilotonnes,9.9362,8.7724,8.9207,12.9316,9.8573,12.2507,10.5584,11.2778,9.9837,11.6797,11.6644,12.3502,12.5334,12.9392,12.3366,13.1651,13.3219,13.4163,13.1823,13.4911,14.8583
Guatemala,Emissions on agricultural land,Emissions (CO2),kilotonnes,16666.192,16005.4447,16018.6696,16029.2147,16018.835,16083.2235,16090.7066,16092.8877,16057.2309,16085.3085,16088.8481,9116.3143,9125.8471,9133.2928,9162.314,9187.1915,4762.8154,4770.6824,4780.6795,4793.6322,4793.6322
Guatemala,Emissions on agricultural land,Emissions (CO2eq) from CH4 (AR5),kilotonnes,5859.9166,4684.5294,4912.337,5638.4743,4703.6614,5542.9921,5061.3784,5583.5637,5684.6578,6202.7011,6217.6183,6152.6444,6246.3735,6421.3926,6540.7917,6782.1999,6993.7618,7072.9562,7084.9454,7306.7672,7543.687
Guatemala,Emissions on agricultural land,Emissions (CO2eq) from N2O (AR5),kilotonnes,2633.0825,2324.6893,2363.9756,3426.8661,2612.1801,3246.4455,2797.9849,2988.6199,2645.6862,3095.1158,3091.0544,3272.8155,3321.3483,3428.886,3269.2073,3488.7546,3530.316,3555.3294,3493.3148,3575.1325,3937.4569
Guatemala,Emissions on agricultural land,Emissions (CO2eq) (AR5),kilotonnes,25159.1911,23014.6634,23294.9822,25094.555,23334.6764,24872.661,23950.0699,24665.0712,24387.5748,25383.1253,25397.5207,18541.7743,18693.5689,18983.5714,18972.3131,19458.146,15286.8932,15398.9681,15358.9397,15675.5318,16274.7761
Guatemala,Pre- and post- production,Emissions (CH4),kilotonnes,100.2966,102.2905,103.6799,102.9671,104.0621,109.7461,110.2314,113.1613,114.2418,116.1475,117.0166,118.6756,121.9029,122.9177,122.9207,121.4211,124.389,126.0092,126.1545,128.8996,129.8374
Guatemala,Pre- and post- production,Emissions (N2O),kilotonnes,0.2277,0.2457,0.2655,0.2681,0.2727,0.2909,0.3051,0.3163,0.3153,0.3419,0.355,0.3663,0.3799,0.3831,0.4039,0.4271,0.4455,0.4562,0.4684,0.4747,0.4856
Guatemala,Pre- and post- production,Emissions (CO2),kilotonnes,874.588,868.0971,900.1656,1034.3256,1023.8921,1391.5433,1460.1196,1671.3262,1523.871,1580.408,1586.596,1575.601,1678.4677,1760.2906,1809.3711,2047.9737,2195.3322,2307.6105,2349.2693,2281.4641,1932.8444
Guatemala,Pre- and post- production,Emissions (CO2eq) from F-gases (AR5),kilotonnes,195.8515,253.516,314.2975,384.9495,468.589,529.3705,594.8275,660.2845,668.5965,673.272,675.8695,677.428,678.467,679.506,679.506,679.506,738.2095,753.275,768.86,783.9255,821.2553
Guatemala,Pre- and post- production,Emissions (CO2eq) from CH4 (AR5),kilotonnes,2808.3047,2864.1329,2903.0359,2883.0799,2913.7399,3072.8908,3086.4794,3168.517,3198.7704,3252.1294,3276.4649,3322.9182,3413.2807,3441.6957,3441.779,3399.7896,3482.8913,3528.2582,3532.3262,3609.1876,3635.4481
Guatemala,Pre- and post- production,Emissions (CO2eq) from N2O (AR5),kilotonnes,60.3311,65.1004,70.3705,71.0342,72.2581,77.0847,80.848,83.8124,83.5634,90.6029,94.0831,97.0758,100.6865,101.5122,107.0295,113.1694,118.0641,120.8851,124.1376,125.7881,128.6807
Guatemala,Pre- and post- production,Emissions (CO2eq) (AR5),kilotonnes,3939.0753,4050.8463,4187.8696,4373.3892,4478.4791,5070.8893,5222.2745,5583.9401,5474.8013,5596.4123,5633.0135,5673.023,5870.9019,5983.0046,6037.6856,6240.4387,6534.4971,6710.0288,6774.5931,6800.3653,6518.2285
Guatemala,Agri-food systems,Emissions (CH4),kilotonnes,309.5793,269.5951,279.1205,304.3412,272.05,307.7101,290.9949,312.5743,317.2653,337.6725,339.0744,338.413,344.9877,352.2532,356.5204,363.6425,374.1662,378.6148,379.1883,389.8555,399.2548
Guatemala,Agri-food systems,Emissions (N2O),kilotonnes,10.1638,9.0181,9.1862,13.1996,10.13,12.5416,10.8635,11.5941,10.2991,12.0216,12.0194,12.7166,12.9133,13.3223,12.7405,13.5922,13.7675,13.8725,13.6508,13.9657,15.3439
Guatemala,Agri-food systems,Emissions (CO2),kilotonnes,17540.78,16873.5418,16918.8352,17063.5403,17042.7271,17474.7668,17550.8262,17764.2139,17581.1019,17665.7165,17675.4441,10691.9153,10804.3148,10893.5834,10971.6851,11235.1652,6958.1476,7078.2929,7129.9488,7075.0963,6726.4766
Guatemala,Agri-food systems,Emissions (CO2eq) from F-gases (AR5),kilotonnes,195.8515,253.516,314.2975,384.9495,468.589,529.3705,594.8275,660.2845,668.5965,673.272,675.8695,677.428,678.467,679.506,679.506,679.506,738.2095,753.275,768.86,783.9255,821.2553
Guatemala,Agri-food systems,Emissions (CO2eq) from CH4 (AR5),kilotonnes,8668.2213,7548.6622,7815.3729,8521.5542,7617.4013,8615.883,8147.8578,8752.0807,8883.4282,9454.8304,9494.0832,9475.5626,9659.6542,9863.0883,9982.5707,10181.9895,10476.653,10601.2144,10617.2717,10915.9548,11179.1351
Guatemala,Agri-food systems,Emissions (CO2eq) from N2O (AR5),kilotonnes,2693.4136,2389.7896,2434.3461,3497.9003,2684.4381,3323.5301,2878.8328,3072.4322,2729.2495,3185.7187,3185.1375,3369.8913,3422.0348,3530.3983,3376.2368,3601.924,3648.3801,3676.2146,3617.4523,3700.9206,4066.1376
Guatemala,Agri-food systems,Emissions (CO2eq) (AR5),kilotonnes,29098.2664,27065.5097,27482.8518,29467.9442,27813.1555,29943.5504,29172.3444,30249.0113,29862.3761,30979.5376,31030.5343,24214.7972,24564.4708,24966.576,25009.9986,25698.5847,21821.3902,22108.9969,22133.5328,22475.8971,22793.0046
Guatemala,IPCC Agriculture,Emissions (CH4),kilotonnes,160.3323,166.875,172.9449,164.9039,167.3505,178.1174,178.1655,192.5294,199.9004,211.9828,219.3752,217.6786,221.4906,224.687,232.9215,238.8195,244.8603,248.7908,252.1958,258.0098,262.8348
Guatemala,IPCC Agriculture,Emissions (CH4),kilotonnes,111.507,,,,,155.214,,,,,,,,,,,,,,,
Guatemala,IPCC Agriculture,Direct emissions (N2O),kilotonnes,6.0888,6.2262,5.9187,6.2453,6.7852,6.8573,7.1543,7.1586,6.7073,7.4432,7.9771,8.5651,8.7448,8.7542,8.6812,9.0743,9.0103,9.2363,9.3267,9.3684,10.1316
Guatemala,IPCC Agriculture,Indirect emissions (N2O),kilotonnes,1.6863,1.738,1.6464,1.797,1.9542,1.9776,2.0551,2.0326,1.8598,2.0766,2.2312,2.4251,2.4778,2.4778,2.4342,2.5435,2.5111,2.5736,2.5969,2.5998,2.8385
Guatemala,IPCC Agriculture,Emissions (N2O),kilotonnes,8.4425,8.6766,8.6289,9.5366,9.7353,10.3803,10.264,10.598,9.6598,10.7623,11.3718,12.1198,12.3431,12.4649,12.2209,12.7957,12.8104,13.0059,13.0423,13.1569,14.1921
Guatemala,IPCC Agriculture,Emissions (N2O),kilotonnes,15.535,,,,,15.319,,,,,,,,,,,,,,,
Guatemala,IPCC Agriculture,Emissions (CO2eq) from CH4 (AR5),kilotonnes,4489.3046,4672.4996,4842.4571,4617.3106,4685.8146,4987.2862,4988.6349,5390.8223,5597.2109,5935.5178,6142.5062,6095.0021,6201.7363,6291.237,6521.8022,6686.9461,6856.0889,6966.1415,7061.4812,7224.275,7359.3743
Guatemala,IPCC Agriculture,Emissions (CO2eq) from CH4 (AR5),kilotonnes,3122.196,,,,,4345.992,,,,,,,,,,,,,,,
Guatemala,IPCC Agriculture,Emissions (CO2eq) from N2O (AR5),kilotonnes,2237.2609,2299.3027,2286.6642,2527.2058,2579.8421,2750.7787,2719.9481,2808.4803,2559.8444,2852.0123,3013.5196,3211.7357,3270.9209,3303.1993,3238.5275,3390.8565,3394.7466,3446.5651,3456.2222,3486.5773,3760.9156
Guatemala,IPCC Agriculture,Emissions (CO2eq) from N2O (AR5),kilotonnes,4116.775,,,,,4059.535,,,,,,,,,,,,,,,
Guatemala,IPCC Agriculture,Emissions (CO2eq) (AR5),kilotonnes,6726.5655,6971.8023,7129.1213,7144.5164,7265.6567,7738.0648,7708.5829,8199.3026,8157.0552,8787.5302,9156.0259,9306.7378,9472.6572,9594.4363,9760.3297,10077.8026,10250.8355,10412.7066,10517.7034,10710.8523,11120.2899
Guatemala,IPCC Agriculture,Emissions (CO2eq) (AR5),kilotonnes,7238.971,,,,,8405.527,,,,,,,,,,,,,,,
Guatemala,Agricultural Soils,Direct emissions (N2O),kilotonnes,6.0888,6.2262,5.9187,6.2453,6.7852,6.8573,7.1543,7.1586,6.7073,7.4432,7.9771,8.5651,8.7448,8.7542,8.6812,9.0743,9.0103,9.2363,9.3267,9.3684,10.1316
Guatemala,Agricultural Soils,Indirect emissions (N2O),kilotonnes,1.6863,1.738,1.6464,1.797,1.9542,1.9776,2.0551,2.0326,1.8598,2.0766,2.2312,2.4251,2.4778,2.4778,2.4342,2.5435,2.5111,2.5736,2.5969,2.5998,2.8385
Guatemala,Agricultural Soils,Emissions (N2O),kilotonnes,7.775,7.9641,7.5651,8.0423,8.7395,8.8349,9.2094,9.1912,8.5671,9.5198,10.2082,10.9903,11.2226,11.232,11.1154,11.6178,11.5214,11.8099,11.9236,11.9682,12.9701
Guatemala,Agricultural Soils,Emissions (N2O),kilotonnes,11.954,,,,,14.443,,,,,,,,,,,,,,,
Guatemala,Agricultural Soils,Emissions (CO2eq) from N2O (AR5),kilotonnes,2060.3875,2110.4995,2004.7417,2131.205,2315.9592,2341.2455,2440.4841,2435.6598,2270.2723,2522.7454,2705.1783,2912.417,2973.9881,2976.4731,2945.5788,3078.721,3053.1694,3129.6352,3159.7516,3171.5856,3437.0718
Guatemala,Agricultural Soils,Emissions (CO2eq) from N2O (AR5),kilotonnes,3167.81,,,,,3827.395,,,,,,,,,,,,,,,
Guatemala,Agricultural Soils,Emissions (CO2eq) (AR5),kilotonnes,2060.3875,2110.4995,2004.7417,2131.205,2315.9592,2341.2455,2440.4841,2435.6598,2270.2723,2522.7454,2705.1783,2912.417,2973.9881,2976.4731,2945.5788,3078.721,3053.1694,3129.6352,3159.7516,3171.5856,3437.0718
Guatemala,Agricultural Soils,Emissions (CO2eq) (AR5),kilotonnes,3167.81,,,,,3827.395,,,,,,,,,,,,,,,
Guatemala,LULUCF,Emissions (CH4),kilotonnes,49.3822,0.4448,2.5651,36.9799,0.6624,19.8723,2.5724,6.8923,3.0385,9.5602,2.5628,1.8694,1.4277,4.6091,0.4109,3.4133,4.7909,3.9631,0.5694,2.8207,6.658
Guatemala,LULUCF,Emissions (CH4),kilotonnes,16.642,,,,,10.089,,,,,,,,,,,,,,,
Guatemala,LULUCF,Emissions (N2O),kilotonnes,1.4524,0.0406,0.2342,3.3764,0.0605,1.8144,0.2349,0.6293,0.2774,0.8729,0.234,0.1707,0.1304,0.4208,0.0375,0.3117,0.4374,0.3618,0.052,0.2575,0.6079
Guatemala,LULUCF,Emissions (N2O),kilotonnes,0.114,,,,,0.069,,,,,,,,,,,,,,,
Guatemala,LULUCF,Emissions (CO2),kilotonnes,16124.2987,13716.9296,13716.9296,13716.9296,13716.9296,13716.9296,13716.9296,13716.9296,13716.9296,13716.9296,13716.9296,7712.6016,7712.6016,7712.6016,7712.6016,7712.6016,3269.9627,3269.9627,3269.9627,3269.9627,3269.9627
Guatemala,LULUCF,Emissions (CO2),kilotonnes,-25124.264,,,,,-16227.925,,,,,,,,,,,,,,,
Guatemala,LULUCF,Emissions (CO2eq) from CH4 (AR5),kilotonnes,1382.7004,12.4555,71.8236,1035.4371,18.5462,556.4239,72.0281,192.9843,85.0794,267.6863,71.7583,52.3446,39.9753,129.0544,11.5062,95.5733,134.1447,110.9655,15.9442,78.9804,186.4244
Guatemala,LULUCF,Emissions (CO2eq) from N2O (AR5),kilotonnes,384.8905,10.7632,62.065,894.7527,16.0263,480.8228,62.2417,166.7636,73.5197,231.3158,62.0085,45.2325,34.5439,111.5199,9.9429,82.5878,115.9185,95.8887,13.7778,68.2494,161.095
Guatemala,LULUCF,Emissions (CO2eq) (AR5),kilotonnes,17891.8896,13740.1482,13850.8182,15647.1195,13751.5021,14754.1762,13851.1995,14076.6776,13875.5286,14215.9317,13850.6964,7810.1787,7787.1209,7953.1759,7734.0507,7890.7627,3520.0259,3476.8169,3299.6847,3417.1924,3617.482
Guatemala,LULUCF,Emissions (CO2eq) (AR5),kilotonnes,-25124.264,,,,,-16227.925,,,,,,,,,,,,,,,
Guatemala,AFOLU,Emissions (CH4),kilotonnes,209.7145,167.3198,175.51,201.8838,168.0129,197.9896,180.738,199.4217,202.9389,221.543,221.938,219.5481,222.9183,229.2961,233.3324,242.2328,249.6512,252.7538,252.7652,260.8305,269.4928
Guatemala,AFOLU,Emissions (N2O),kilotonnes,9.8949,8.7172,8.8631,12.9131,9.7957,12.1947,10.4988,11.2273,9.9372,11.6352,11.6058,12.2904,12.4735,12.8857,12.2584,13.1073,13.2478,13.3678,13.0943,13.4144,14.8
Guatemala,AFOLU,Emissions (CO2),kilotonnes,16124.2987,13716.9296,13716.9296,13716.9296,13716.9296,13716.9296,13716.9296,13716.9296,13716.9296,13716.9296,13716.9296,7712.6016,7712.6016,7712.6016,7712.6016,7712.6016,3269.9627,3269.9627,3269.9627,3269.9627,3269.9627
Guatemala,AFOLU,Emissions (CO2eq) from CH4 (AR5),kilotonnes,5872.005,4684.955,4914.2807,5652.7477,4704.3608,5543.71,5060.663,5583.8066,5682.2902,6203.2041,6214.2645,6147.3467,6241.7116,6420.2915,6533.3084,6782.5194,6990.2336,7077.107,7077.4254,7303.2554,7545.7987
Guatemala,AFOLU,Emissions (CO2eq) from N2O (AR5),kilotonnes,2622.1514,2310.0659,2348.7291,3421.9585,2595.8685,3231.6014,2782.1898,2975.2439,2633.364,3083.3282,3075.5282,3256.9682,3305.4648,3414.7191,3248.4704,3473.4443,3510.6651,3542.4538,3470,3554.8267,3922.0105
Guatemala,AFOLU,Emissions (CO2eq) (AR5),kilotonnes,24618.4551,20711.9505,20979.9395,22791.6358,21017.1589,22492.2411,21559.7824,22275.9801,22032.5838,23003.4619,23006.7223,17116.9165,17259.778,17547.6122,17494.3804,17968.5654,13770.8614,13889.5235,13817.388,14128.0447,14737.7719
Guatemala,All sectors with LULUCF,Emissions (CH4),kilotonnes,426.2145,387.9198,402.91,434.8838,406.4129,442.5896,432.938,461.8217,473.9389,500.143,525.238,530.6481,543.0183,559.1961,573.1324,592.5328,612.5512,627.0538,634.2652,654.8305,674.4928
Guatemala,All sectors with LULUCF,Emissions (N2O),kilotonnes,11.963,10.8154,11.0383,15.0722,11.9939,14.3479,12.554,13.4225,12.0994,14.1824,14.4409,15.3646,15.2846,15.8069,15.2386,16.2465,16.69,16.7449,16.5685,17.0316,18.5272
Guatemala,All sectors with LULUCF,Emissions (CO2),kilotonnes,25976.2987,24018.9296,24616.9296,24277.9296,25016.9296,25886.9296,25986.9296,26026.9296,24736.9296,25300.9296,24916.9296,19022.6016,19412.6016,20452.6016,21472.6016,23332.6016,19869.9627,20699.9627,18239.9627,19649.9627,17349.9627
Guatemala,All sectors with LULUCF,Emissions (CO2eq) from F-gases (AR5),kilotonnes,172.9723,228.3623,291.5264,358.5774,440.2048,534.465,601.5161,675.3694,748.251,820.1609,891.099,919.2798,981.4721,1049.4949,1107.8002,1175.823,1243.8459,1302.1511,1370.174,1428.4792,1496.5021
Guatemala,All sectors with LULUCF,Emissions (CO2eq) from CH4 (AR5),kilotonnes,11934.005,10861.755,11281.4807,12176.7477,11379.5608,12392.51,12122.263,12931.0066,13270.2902,14004.0041,14706.6645,14858.1467,15204.5116,15657.4915,16047.7084,16590.9194,17151.4336,17557.507,17759.4254,18335.2554,18885.7987
Guatemala,All sectors with LULUCF,Emissions (CO2eq) from N2O (AR5),kilotonnes,3170.2053,2866.0706,2925.1397,3994.1301,3178.3758,3802.1846,3326.8037,3556.9589,3206.3348,3758.3248,3826.8458,4071.6217,4050.4243,4188.8297,4038.2168,4305.3268,4422.8434,4437.4081,4390.6604,4513.3828,4909.7175
Guatemala,All sectors with LULUCF,Emissions (CO2eq) (AR5),kilotonnes,41253.4813,37975.1175,39115.0764,40807.3848,40015.0711,42616.0892,42037.5124,43190.2646,41961.8057,43883.4194,44341.5389,38871.6498,39649.0097,41348.4178,42666.327,45404.6708,42688.0855,43997.0289,41760.2224,43927.0801,42641.9809
Guatemala,All sectors without LULUCF,Emissions (CH4),kilotonnes,376.8323,387.475,400.3449,397.9039,405.7505,422.7174,430.3655,454.9294,470.9004,490.5828,522.6752,528.7786,541.5906,554.587,572.7215,589.1195,607.7603,623.0908,633.6958,652.0098,667.8348
Guatemala,All sectors without LULUCF,Emissions (N2O),kilotonnes,10.5106,10.7747,10.8041,11.6958,11.9334,12.5334,12.3191,12.7932,11.8219,13.3095,14.2069,15.1939,15.1543,15.3861,15.201,15.9349,16.2525,16.3831,16.5165,16.7741,17.9193
Guatemala,All sectors without LULUCF,Emissions (CO2),kilotonnes,9852,10302,10900,10561,11300,12170,12270,12310,11020,11584,11200,11310,11700,12740,13760,15620,16600,17430,14970,16380,14080
Guatemala,All sectors without LULUCF,Emissions (CO2eq) from F-gases (AR5),kilotonnes,172.9723,228.3623,291.5264,358.5774,440.2048,534.465,601.5161,675.3694,748.251,820.1609,891.099,919.2798,981.4721,1049.4949,1107.8002,1175.823,1243.8459,1302.1511,1370.174,1428.4792,1496.5021
Guatemala,All sectors without LULUCF,Emissions (CO2eq) from CH4 (AR5),kilotonnes,10551.3046,10849.2996,11209.6571,11141.3106,11361.0146,11836.0862,12050.2349,12738.0223,13185.2109,13736.3178,14634.9062,14805.8021,15164.5363,15528.437,16036.2022,16495.3461,17017.2889,17446.5415,17743.4812,18256.275,18699.3743
Guatemala,All sectors without LULUCF,Emissions (CO2eq) from N2O (AR5),kilotonnes,2785.3148,2855.3074,2863.0747,3099.3773,3162.3495,3321.3618,3264.562,3390.1953,3132.8152,3527.0089,3764.8373,4026.3891,4015.8804,4077.3098,4028.2739,4222.7389,4306.9249,4341.5194,4376.8825,4445.1335,4748.6225
Guatemala,All sectors without LULUCF,Emissions (CO2eq) (AR5),kilotonnes,23361.5917,24234.9693,25264.2581,25160.2654,26263.5689,27861.913,28186.313,29113.587,28086.2771,29667.4877,30490.8425,31061.4711,31861.8888,33395.2418,34932.2763,37513.9081,39168.0596,40520.212,38460.5377,40509.8876,39024.4989
Guinea,Crop Residues,Direct emissions (N2O),kilotonnes,0.4235,0.3958,0.4214,0.4507,0.4809,0.512,0.5433,0.5736,0.5904,0.5842,0.7878,0.8193,0.8789,0.9141,0.9221,0.9404,0.9493,1.0017,1.0391,1.0977,1.1576
Guinea,Crop Residues,Indirect emissions (N2O),kilotonnes,0.0953,0.0891,0.0948,0.1014,0.1082,0.1152,0.1222,0.1291,0.1328,0.1314,0.1773,0.1843,0.1978,0.2057,0.2075,0.2116,0.2136,0.2254,0.2338,0.247,0.2605
Guinea,Crop Residues,Emissions (N2O),kilotonnes,0.5188,0.4849,0.5162,0.5521,0.5892,0.6272,0.6655,0.7027,0.7232,0.7157,0.9651,1.0036,1.0767,1.1197,1.1295,1.1519,1.1629,1.2271,1.2729,1.3447,1.4181
Guinea,Crop Residues,Emissions (CO2eq) from N2O (AR5),kilotonnes,137.4862,128.4987,136.7986,146.3006,156.1281,166.2146,176.3676,186.2088,191.654,189.6511,255.7446,265.9667,285.3185,296.7323,299.324,305.2625,308.1604,325.1763,337.3053,356.3335,375.798
Guinea,Crop Residues,Emissions (CO2eq) (AR5),kilotonnes,137.4862,128.4987,136.7986,146.3006,156.1281,166.2146,176.3676,186.2088,191.654,189.6511,255.7446,265.9667,285.3185,296.7323,299.324,305.2625,308.1604,325.1763,337.3053,356.3335,375.798
Guinea,Rice Cultivation,Emissions (CH4),kilotonnes,73.6196,66.4807,69.6452,72.9603,76.4331,80.0714,83.8828,87.2381,87.8756,96.3963,162.1344,171.4184,176.8532,181.6812,187.0101,188.6989,186.6482,199.7301,205.6902,212.8122,217.9414
Guinea,Rice Cultivation,Emissions (CO2eq) from CH4 (AR5),kilotonnes,2061.3478,1861.4586,1950.0643,2042.8877,2140.1273,2241.9996,2348.7184,2442.666,2460.516,2699.0966,4539.7633,4799.7148,4951.8885,5087.0731,5236.2831,5283.5682,5226.1504,5592.443,5759.3264,5958.7418,6102.359
Guinea,Rice Cultivation,Emissions (CO2eq) (AR5),kilotonnes,2061.3478,1861.4586,1950.0643,2042.8877,2140.1273,2241.9996,2348.7184,2442.666,2460.516,2699.0966,4539.7633,4799.7148,4951.8885,5087.0731,5236.2831,5283.5682,5226.1504,5592.443,5759.3264,5958.7418,6102.359
Guinea,Burning - Crop residues,Emissions (CH4),kilotonnes,1.6219,1.5695,1.6599,1.7557,1.8573,1.9651,2.0796,2.1924,2.4968,2.2396,3.1531,3.3061,3.8029,3.9013,4.0511,4.1146,4.1641,4.3265,4.4229,4.4932,4.6878
Guinea,Burning - Crop residues,Emissions (CH4),kilotonnes,3,,,,,,,,,,,,,,,,,,,,
Guinea,Burning - Crop residues,Emissions (N2O),kilotonnes,0.042,0.0407,0.043,0.0455,0.0482,0.0509,0.0539,0.0568,0.0647,0.0581,0.0817,0.0857,0.0986,0.1011,0.105,0.1067,0.108,0.1122,0.1147,0.1165,0.1215
Guinea,Burning - Crop residues,Emissions (CO2eq) from CH4 (AR5),kilotonnes,45.413,43.9468,46.4771,49.1602,52.0056,55.0236,58.2274,61.3866,69.91,62.7075,88.2865,92.5718,106.4819,109.2354,113.4298,115.2083,116.5957,121.1407,123.842,125.8088,131.2596
Guinea,Burning - Crop residues,Emissions (CO2eq) from CH4 (AR5),kilotonnes,84,,,,,,,,,,,,,,,,,,,,
Guinea,Burning - Crop residues,Emissions (CO2eq) from N2O (AR5),kilotonnes,11.143,10.7832,11.4041,12.0625,12.7606,13.5012,14.2873,15.0625,17.1538,15.3866,21.6629,22.7144,26.1275,26.8031,27.8323,28.2687,28.6091,29.7243,30.3872,30.8698,32.2072
Guinea,Burning - Crop residues,Emissions (CO2eq) (AR5),kilotonnes,56.556,54.7301,57.8812,61.2227,64.7662,68.5247,72.5147,76.4491,87.0638,78.094,109.9494,115.2861,132.6094,136.0385,141.2622,143.477,145.2048,150.865,154.2292,156.6786,163.4668
Guinea,Burning - Crop residues,Emissions (CO2eq) (AR5),kilotonnes,84,,,,,,,,,,,,,,,,,,,,
Guinea,Enteric Fermentation,Emissions (CH4),kilotonnes,104.3666,110.1602,116.144,122.6355,129.4978,136.7425,144.6176,152.5767,161.0131,170.0325,180.534,190.6824,200.8624,211.6317,220.8437,234.2493,247.2743,259.9402,273.6687,288.3246,301.3577
Guinea,Enteric Fermentation,Emissions (CH4),kilotonnes,183,,,,,,,,,,,,,,,,,,,,
Guinea,Enteric Fermentation,Emissions (CO2eq) from CH4 (AR5),kilotonnes,2922.2647,3084.485,3252.0326,3433.7936,3625.9398,3828.7898,4049.2915,4272.1489,4508.3677,4760.9108,5054.9527,5339.1083,5624.1466,5925.6884,6183.6236,6558.9803,6923.6808,7278.3248,7662.7231,8073.0891,8438.0163
Guinea,Enteric Fermentation,Emissions (CO2eq) from CH4 (AR5),kilotonnes,5124,,,,,,,,,,,,,,,,,,,,
Guinea,Enteric Fermentation,Emissions (CO2eq) (AR5),kilotonnes,2922.2647,3084.485,3252.0326,3433.7936,3625.9398,3828.7898,4049.2915,4272.1489,4508.3677,4760.9108,5054.9527,5339.1083,5624.1466,5925.6884,6183.6236,6558.9803,6923.6808,7278.3248,7662.7231,8073.0891,8438.0163
Guinea,Enteric Fermentation,Emissions (CO2eq) (AR5),kilotonnes,5124,,,,,,,,,,,,,,,,,,,,
Guinea,Manure Management,Emissions (CH4),kilotonnes,3.51,3.7071,3.9154,4.1353,4.368,4.6137,4.8528,5.1029,5.3693,5.6508,6.1152,6.4614,6.8272,7.2139,7.5541,7.9801,8.4304,8.9048,9.4129,9.9501,10.3356
Guinea,Manure Management,Emissions (CH4),kilotonnes,5,,,,,,,,,,,,,,,,,,,,
Guinea,Manure Management,Emissions (N2O),kilotonnes,0.0845,0.089,0.0939,0.0988,0.1043,0.1099,0.1156,0.1211,0.127,0.1334,0.14,0.1482,0.1564,0.1651,0.174,0.1844,0.1943,0.2034,0.2138,0.225,0.2348
Guinea,Manure Management,Emissions (N2O),kilotonnes,19,,,,,,,,,,,,,,,,,,,,
Guinea,Manure Management,Emissions (CO2eq) from CH4 (AR5),kilotonnes,98.2807,103.7981,109.63,115.7893,122.3053,129.1829,135.8787,142.8817,150.3401,158.2216,171.2247,180.9187,191.1625,201.99,211.5152,223.442,236.05,249.3338,263.5618,278.6033,289.3957
Guinea,Manure Management,Emissions (CO2eq) from CH4 (AR5),kilotonnes,140,,,,,,,,,,,,,,,,,,,,
Guinea,Manure Management,Emissions (CO2eq) from N2O (AR5),kilotonnes,22.3899,23.593,24.8847,26.1852,27.6302,29.1347,30.6325,32.095,33.6605,35.3407,37.0884,39.2844,41.4458,43.7425,46.1075,48.8579,51.4771,53.8982,56.6678,59.6273,62.2166
Guinea,Manure Management,Emissions (CO2eq) from N2O (AR5),kilotonnes,5035,,,,,,,,,,,,,,,,,,,,
Guinea,Manure Management,Emissions (CO2eq) (AR5),kilotonnes,120.6706,127.3911,134.5147,141.9745,149.9355,158.3175,166.5112,174.9767,184.0006,193.5623,208.3131,220.2031,232.6082,245.7325,257.6227,272.2999,287.527,303.232,320.2297,338.2306,351.6123
Guinea,Manure Management,Emissions (CO2eq) (AR5),kilotonnes,5175,,,,,,,,,,,,,,,,,,,,
Guinea,Manure left on Pasture,Direct emissions (N2O),kilotonnes,4.1531,4.385,4.6302,4.8869,5.163,5.4534,5.7568,6.066,6.3945,6.7446,7.2114,7.6174,8.03,8.4663,8.8462,9.3707,9.8947,10.4147,10.982,11.5832,12.0778
Guinea,Manure left on Pasture,Indirect emissions (N2O),kilotonnes,0.9665,1.0214,1.0794,1.1404,1.2058,1.2748,1.347,1.421,1.4996,1.5834,1.6995,1.7969,1.8964,2.0018,2.0873,2.2126,2.3387,2.4651,2.6025,2.7481,2.8504
Guinea,Manure left on Pasture,Emissions (N2O),kilotonnes,5.1195,5.4064,5.7096,6.0273,6.3689,6.7282,7.1038,7.487,7.8941,8.328,8.9109,9.4143,9.9264,10.4681,10.9335,11.5833,12.2334,12.8798,13.5845,14.3314,14.9283
Guinea,Manure left on Pasture,Emissions (CO2eq) from N2O (AR5),kilotonnes,1356.6757,1432.6942,1513.0382,1597.2239,1687.7551,1782.9738,1882.5062,1984.0526,2091.9413,2206.9327,2361.3875,2494.7794,2630.4873,2774.0448,2897.3757,3069.5737,3241.8532,3413.1531,3599.8837,3797.813,3955.9928
Guinea,Manure left on Pasture,Emissions (CO2eq) (AR5),kilotonnes,1356.6757,1432.6942,1513.0382,1597.2239,1687.7551,1782.9738,1882.5062,1984.0526,2091.9413,2206.9327,2361.3875,2494.7794,2630.4873,2774.0448,2897.3757,3069.5737,3241.8532,3413.1531,3599.8837,3797.813,3955.9928
Guinea,Manure applied to Soils,Direct emissions (N2O),kilotonnes,0.092,0.097,0.102,0.1073,0.1135,0.1199,0.1266,0.1318,0.1376,0.1442,0.153,0.162,0.1688,0.1761,0.1832,0.1981,0.2086,0.2141,0.2226,0.2321,0.2373
Guinea,Manure applied to Soils,Indirect emissions (N2O),kilotonnes,0.0391,0.0412,0.0434,0.0456,0.0483,0.051,0.0538,0.056,0.0585,0.0613,0.065,0.0688,0.0717,0.0748,0.0779,0.0842,0.0887,0.091,0.0946,0.0986,0.1008
Guinea,Manure applied to Soils,Emissions (N2O),kilotonnes,0.1311,0.1382,0.1454,0.153,0.1618,0.1709,0.1804,0.1879,0.1961,0.2055,0.218,0.2308,0.2405,0.2509,0.2611,0.2823,0.2973,0.3051,0.3172,0.3307,0.3381
Guinea,Manure applied to Soils,Emissions (CO2eq) from N2O (AR5),kilotonnes,34.7504,36.6226,38.5265,40.5379,42.8768,45.2903,47.8161,49.7821,51.9571,54.4507,57.7767,61.17,63.7394,66.4914,69.1854,74.8084,78.7729,80.8608,84.0563,87.6386,89.5976
Guinea,Manure applied to Soils,Emissions (CO2eq) (AR5),kilotonnes,34.7504,36.6226,38.5265,40.5379,42.8768,45.2903,47.8161,49.7821,51.9571,54.4507,57.7767,61.17,63.7394,66.4914,69.1854,74.8084,78.7729,80.8608,84.0563,87.6386,89.5976
Guinea,Synthetic Fertilizers,Direct emissions (N2O),kilotonnes,0.0157,0.0157,0.0282,0.0261,0.0263,0.031,0.0311,0.0499,0.0439,0.0198,0.0397,0.0801,0.0845,0.0428,0.0459,0.0379,0.035,0.205,0.1109,0.1109,0.1109
Guinea,Synthetic Fertilizers,Indirect emissions (N2O),kilotonnes,0.0051,0.0051,0.0092,0.0085,0.0085,0.0101,0.0101,0.0162,0.0143,0.0064,0.0129,0.026,0.0275,0.0139,0.0149,0.0123,0.0114,0.0666,0.036,0.036,0.036
Guinea,Synthetic Fertilizers,Emissions (N2O),kilotonnes,0.0208,0.0208,0.0374,0.0346,0.0349,0.041,0.0412,0.0662,0.0582,0.0262,0.0526,0.1061,0.112,0.0567,0.0608,0.0502,0.0464,0.2717,0.1469,0.1469,0.1469
Guinea,Synthetic Fertilizers,Emissions (CO2eq) from N2O (AR5),kilotonnes,5.5177,5.5177,9.8987,9.1759,9.2366,10.8698,10.914,17.5352,15.4219,6.9468,13.9487,28.1291,29.6783,15.0251,16.1148,13.3097,12.2989,71.9906,38.9289,38.9289,38.9289
Guinea,Synthetic Fertilizers,Emissions (CO2eq) (AR5),kilotonnes,5.5177,5.5177,9.8987,9.1759,9.2366,10.8698,10.914,17.5352,15.4219,6.9468,13.9487,28.1291,29.6783,15.0251,16.1148,13.3097,12.2989,71.9906,38.9289,38.9289,38.9289
Guinea,Drained organic soils,Emissions (CO2eq) (AR5),kilotonnes,727.1246,721.8827,713.1903,706.9039,699.3421,700.9392,702.23,698.0734,697.0478,699.8768,704.3607,705.3711,704.4853,704.2263,706.4614,706.8425,705.515,707.3975,708.3242,722.4995,720.4933
Guinea,Drained organic soils (CO2),Emissions (CO2),kilotonnes,696.6417,691.6873,683.3819,677.3829,670.1576,671.6952,672.9373,668.9634,667.9905,670.7256,675.0151,675.973,675.1222,674.8807,677.0213,677.3849,676.1118,677.9119,678.7936,692.3325,690.4088
Guinea,Drained organic soils (CO2),Emissions (CO2eq) (AR5),kilotonnes,696.6417,691.6873,683.3819,677.3829,670.1576,671.6952,672.9373,668.9634,667.9905,670.7256,675.0151,675.973,675.1222,674.8807,677.0213,677.3849,676.1118,677.9119,678.7936,692.3325,690.4088
Guinea,Drained organic soils (N2O),Emissions (N2O),kilotonnes,0.115,0.1139,0.1125,0.1114,0.1101,0.1104,0.1105,0.1098,0.1097,0.11,0.1107,0.1109,0.1108,0.1107,0.1111,0.1112,0.111,0.1113,0.1114,0.1138,0.1135
Guinea,Drained organic soils (N2O),Emissions (CO2eq) from N2O (AR5),kilotonnes,30.4828,30.1954,29.8084,29.521,29.1844,29.244,29.2927,29.11,29.0573,29.1512,29.3455,29.3981,29.3631,29.3456,29.4401,29.4576,29.4032,29.4856,29.5307,30.1669,30.0845
Guinea,Drained organic soils (N2O),Emissions (CO2eq) (AR5),kilotonnes,30.4828,30.1954,29.8084,29.521,29.1844,29.244,29.2927,29.11,29.0573,29.1512,29.3455,29.3981,29.3631,29.3456,29.4401,29.4576,29.4032,29.4856,29.5307,30.1669,30.0845
Guinea,On-farm energy use,Emissions (CH4),kilotonnes,0.4561,0.478,0.4986,0.5126,0.5237,0.5864,0.5909,0.6259,0.6316,0.6919,0.8959,0.9104,0.7348,0.5984,0.6007,0.6705,0.7109,0.8474,1.2123,1.3346,1.3346
Guinea,On-farm energy use,Emissions (N2O),kilotonnes,0.0023,0.0024,0.0025,0.0026,0.0026,0.0029,0.003,0.0031,0.0032,0.0035,0.0045,0.0046,0.0037,0.003,0.003,0.0034,0.0036,0.0042,0.0061,0.0067,0.0067
Guinea,On-farm energy use,Emissions (CO2),kilotonnes,143.8241,150.7157,157.232,161.6255,165.1386,184.9057,186.3383,197.371,199.1681,218.194,282.5043,287.0861,231.7019,188.7046,189.4289,211.4361,224.1722,267.2167,382.2729,420.8418,420.8418
Guinea,On-farm energy use,Emissions (CO2eq) from CH4 (AR5),kilotonnes,12.7708,13.3828,13.9614,14.3515,14.6635,16.4187,16.5459,17.5255,17.6851,19.3745,25.085,25.4918,20.574,16.756,16.8203,18.7745,19.9054,23.7275,33.9439,37.3686,37.3686
Guinea,On-farm energy use,Emissions (CO2eq) from N2O (AR5),kilotonnes,0.6043,0.6333,0.6607,0.6791,0.6939,0.777,0.783,0.8293,0.8369,0.9168,1.1871,1.2063,0.9736,0.7929,0.796,0.8884,0.9419,1.1228,1.6063,1.7683,1.7683
Guinea,On-farm energy use,Emissions (CO2eq) (AR5),kilotonnes,157.1992,164.7318,171.854,176.6561,180.496,202.1014,203.6672,215.7258,217.6901,238.4854,308.7763,313.7842,253.2494,206.2535,207.0452,231.099,245.0195,292.067,417.8231,459.9787,459.9787
Guinea,Forestland,Emissions (CO2),kilotonnes,-89.4923,-148.203,-148.203,-148.203,-148.203,-148.203,-148.203,-148.203,-148.203,-148.203,-148.203,37.6127,37.6127,37.6127,37.6127,37.6127,-178.926,-178.926,-178.926,-178.926,-178.926
Guinea,Forestland,Emissions (CO2eq) (AR5),kilotonnes,-89.4923,-148.203,-148.203,-148.203,-148.203,-148.203,-148.203,-148.203,-148.203,-148.203,-148.203,37.6127,37.6127,37.6127,37.6127,37.6127,-178.926,-178.926,-178.926,-178.926,-178.926
Guinea,Net Forest conversion,Emissions (CO2),kilotonnes,9877.472,10295.6957,10295.6957,10295.6957,10295.6957,10295.6957,10295.6957,10295.6957,10295.6957,10295.6957,10295.6957,10152.7727,10152.7727,10152.7727,10152.7727,10152.7727,11439.912,11439.912,11439.912,11439.912,11439.912
Guinea,Net Forest conversion,Emissions (CO2eq) (AR5),kilotonnes,9877.472,10295.6957,10295.6957,10295.6957,10295.6957,10295.6957,10295.6957,10295.6957,10295.6957,10295.6957,10295.6957,10152.7727,10152.7727,10152.7727,10152.7727,10152.7727,11439.912,11439.912,11439.912,11439.912,11439.912
Guinea,Savanna fires,Emissions (CH4),kilotonnes,38.4266,52.9303,66.3024,59.7593,51.0234,68.7011,63.168,59.5135,61.0009,56.1683,48.692,55.1067,67.4842,61.0284,56.7087,46.1063,82.8446,61.6248,42.5488,51.619,55.8983
Guinea,Savanna fires,Emissions (N2O),kilotonnes,3.5085,4.8328,6.0537,5.4563,4.6587,6.2727,5.7675,5.4338,5.5697,5.1284,4.4458,5.0315,6.1616,5.5722,5.1778,4.2097,7.5641,5.6266,3.8849,4.713,5.1038
Guinea,Savanna fires,Emissions (CO2eq) from CH4 (AR5),kilotonnes,1075.9435,1482.0485,1856.4676,1673.2605,1428.6555,1923.6301,1768.703,1666.3788,1708.0264,1572.7116,1363.3758,1542.9873,1889.557,1708.7955,1587.8449,1290.9766,2319.6489,1725.4943,1191.3663,1445.3306,1565.1533
Guinea,Savanna fires,Emissions (CO2eq) from N2O (AR5),kilotonnes,929.7557,1280.6832,1604.2301,1445.9153,1234.5447,1662.2673,1528.3901,1439.9686,1475.9576,1359.0279,1178.1345,1333.3423,1632.8237,1476.6222,1372.1051,1115.5722,2004.4792,1491.0521,1029.4959,1248.9542,1352.4966
Guinea,Savanna fires,Emissions (CO2eq) (AR5),kilotonnes,2005.6992,2762.7318,3460.6977,3119.1757,2663.2002,3585.8974,3297.0931,3106.3473,3183.984,2931.7395,2541.5104,2876.3296,3522.3807,3185.4176,2959.95,2406.5488,4324.1281,3216.5464,2220.8621,2694.2848,2917.6499
Guinea,Fires in organic soils,Emissions (CH4),kilotonnes,0,0,0,0,0,0,0,0,0,0,0,0,0,0,0,0,0,0,0,0,0
Guinea,Fires in organic soils,Emissions (CO2),kilotonnes,0,0,0,0,0,0,0,0,0,0,0,0,0,0,0,0,0,0,0,0,0
Guinea,Fires in organic soils,Emissions (CO2eq) from CH4 (AR5),kilotonnes,0,0,0,0,0,0,0,0,0,0,0,0,0,0,0,0,0,0,0,0,0
Guinea,Fires in organic soils,Emissions (CO2eq) (AR5),kilotonnes,0,0,0,0,0,0,0,0,0,0,0,0,0,0,0,0,0,0,0,0,0
Guinea,Forest fires,Emissions (CH4),kilotonnes,10.4355,1.2122,1.951,4.0674,3.9172,4.7945,5.4564,4.538,5.3111,4.1546,3.3277,4.3674,5.5665,4.9431,4.6024,7.0492,3.5498,1.8774,1.2154,1.8826,1.7722
Guinea,Forest fires,Emissions (N2O),kilotonnes,0.3069,0.1107,0.1781,0.3714,0.3577,0.4378,0.4982,0.4143,0.4849,0.3793,0.3038,0.3988,0.5082,0.4513,0.4202,0.6436,0.3241,0.1714,0.111,0.1719,0.1618
Guinea,Forest fires,Emissions (CO2eq) from CH4 (AR5),kilotonnes,292.1948,33.9428,54.6268,113.8862,109.6819,134.2472,152.78,127.0628,148.7097,116.3292,93.1744,122.2881,155.8611,138.4055,128.8673,197.3779,99.3936,52.5662,34.0325,52.7124,49.6215
Guinea,Forest fires,Emissions (CO2eq) from N2O (AR5),kilotonnes,81.3359,29.331,47.2046,98.4125,94.7795,116.0071,132.0218,109.7989,128.5046,100.5236,80.5148,105.6728,134.6843,119.6004,111.3581,170.5603,85.889,45.4241,29.4085,45.5504,42.8794
Guinea,Forest fires,Emissions (CO2eq) (AR5),kilotonnes,373.5307,63.2738,101.8314,212.2988,204.4614,250.2543,284.8018,236.8617,277.2143,216.8529,173.6892,227.9609,290.5455,258.006,240.2254,367.9382,185.2826,97.9903,63.4409,98.2627,92.5009
Guinea,Fires in humid tropical forests,Emissions (CH4),kilotonnes,10.3518,1.1999,1.9262,4.0649,3.8974,4.7301,5.387,4.4562,5.2912,4.1422,3.3202,4.355,5.0734,4.9431,4.5999,7.0467,3.525,1.865,1.2105,1.8702,1.7053
Guinea,Fires in humid tropical forests,Emissions (N2O),kilotonnes,0.3045,0.1096,0.1759,0.3711,0.3558,0.4319,0.4919,0.4069,0.4831,0.3782,0.3032,0.3976,0.4632,0.4513,0.42,0.6434,0.3218,0.1703,0.1105,0.1708,0.1557
Guinea,Fires in humid tropical forests,Emissions (CO2eq) from CH4 (AR5),kilotonnes,289.8493,33.5959,53.933,113.8168,109.1269,132.4434,150.8374,124.7733,148.1547,115.9823,92.9663,121.9412,142.0549,138.4055,128.7979,197.3086,98.6998,52.2194,33.8937,52.3655,47.7482
Guinea,Fires in humid tropical forests,Emissions (CO2eq) from N2O (AR5),kilotonnes,80.683,29.0313,46.6051,98.3526,94.2999,114.4484,130.3432,107.8204,128.025,100.2239,80.335,105.3731,122.754,119.6004,111.2982,170.5003,85.2895,45.1243,29.2886,45.2506,41.2607
Guinea,Fires in humid tropical forests,Emissions (CO2eq) (AR5),kilotonnes,370.5322,62.6272,100.5381,212.1694,203.4267,246.8917,281.1805,232.5938,276.1797,216.2062,173.3013,227.3143,264.8089,258.006,240.0961,367.8089,183.9893,97.3437,63.1823,97.6161,89.0089
Guinea,Waste - agri-food systems,Emissions (CH4),kilotonnes,24.4375,24.6268,24.8279,25.0574,25.303,25.5058,25.8276,26.2207,26.5993,26.9519,27.2932,27.6075,27.9459,28.3055,28.5446,28.8838,29.268,29.7221,30.2012,30.663,31.1176
Guinea,Waste - agri-food systems,Emissions (N2O),kilotonnes,0.1437,0.1468,0.1501,0.1559,0.1591,0.1599,0.1665,0.1697,0.1778,0.1871,0.1918,0.1942,0.2011,0.2081,0.2342,0.2411,0.2504,0.2535,0.2608,0.268,0.2752
Guinea,Waste - agri-food systems,Emissions (CO2),kilotonnes,0,0,0,0,0,0,0,0,0,0,0,0,0,0,0,0,0,0,0,0,0
Guinea,Waste - agri-food systems,Emissions (CO2eq) from CH4 (AR5),kilotonnes,684.251,689.5508,695.1802,701.6063,708.485,714.1618,723.1728,734.1803,744.7801,754.6543,764.2085,773.0091,782.4843,792.555,799.2497,808.7477,819.5048,832.2195,845.6347,858.564,871.2918
Guinea,Waste - agri-food systems,Emissions (CO2eq) from N2O (AR5),kilotonnes,38.0718,38.8942,39.7683,41.3032,42.1601,42.3696,44.1099,44.9676,47.1212,49.5686,50.8248,51.4516,53.2835,55.1479,62.0718,63.9013,66.3651,67.1839,69.1076,71.0099,72.9376
Guinea,Waste - agri-food systems,Emissions (CO2eq) (AR5),kilotonnes,722.3228,728.4449,734.9486,742.9094,750.645,756.5314,767.2827,779.148,791.9014,804.2229,815.0333,824.4607,835.7678,847.7029,861.3215,872.6489,885.8699,899.4033,914.7423,929.574,944.2294
Guinea,On-farm electricity use,Emissions (CH4),kilotonnes,0,0,0,0,0,0,0,0,0,0,0,0,0,0,0,0,0,0,0,0,0
Guinea,On-farm electricity use,Emissions (N2O),kilotonnes,0,0,0,0,0,0,0,0,0,0,0,0,0,0,0,0,0,0,0,0,0
Guinea,On-farm electricity use,Emissions (CO2),kilotonnes,0,0,0,0,0,0,0,0,0,0,0,0,0,0,0,0,0,0,0,0,0
Guinea,On-farm electricity use,Emissions (CO2eq) from CH4 (AR5),kilotonnes,0,0,0,0,0,0,0,0,0,0,0,0,0,0,0,0,0,0,0,0,0
Guinea,On-farm electricity use,Emissions (CO2eq) from N2O (AR5),kilotonnes,0,0,0,0,0,0,0,0,0,0,0,0,0,0,0,0,0,0,0,0,0
Guinea,On-farm electricity use,Emissions (CO2eq) (AR5),kilotonnes,0,0,0,0,0,0,0,0,0,0,0,0,0,0,0,0,0,0,0,0,0
Guinea,Food Processing,Emissions (CH4),kilotonnes,0.0254,2.837,2.5407,0.0188,0.0113,0.0177,0.1258,0.055,0.0582,0.0794,0.0758,0.0763,0.0911,0.1263,0.1307,0.1594,0.1786,0.1037,0.1146,0.1046,0.1061
Guinea,Food Processing,Emissions (N2O),kilotonnes,0.0002,0.0186,0.0178,0.0002,0.0001,0.0002,0.0017,0.0009,0.0008,0.0014,0.0012,0.0012,0.0013,0.002,0.0019,0.0021,0.0023,0.0016,0.0015,0.0014,0.0014
Guinea,Food Processing,Emissions (CO2),kilotonnes,5.091,247.2045,237.1977,2.8206,2.1867,7.315,32.2872,18.6001,21.0747,73.0586,65.8941,72.2296,55.2819,77.5474,74.5116,81.8508,90.9914,81.449,71.2716,70.7382,71.5513
Guinea,Food Processing,Emissions (CO2eq) from CH4 (AR5),kilotonnes,0.7112,79.436,71.1396,0.5264,0.3164,0.4956,3.5224,1.54,1.6296,2.2232,2.1224,2.1364,2.5508,3.5364,3.6596,4.4632,5.0008,2.9036,3.2088,2.9288,2.9713
Guinea,Food Processing,Emissions (CO2eq) from N2O (AR5),kilotonnes,0.053,4.929,4.717,0.053,0.0265,0.053,0.4505,0.2385,0.212,0.371,0.318,0.318,0.3445,0.53,0.5035,0.5565,0.6095,0.424,0.3975,0.371,0.3745
Guinea,Food Processing,Emissions (CO2eq) (AR5),kilotonnes,5.8552,331.5695,313.0543,3.4,2.5296,7.8636,36.2601,20.3786,22.9163,75.6528,68.3345,74.684,58.1772,81.6138,78.6747,86.8705,96.6017,84.7766,74.8779,74.038,74.8971
Guinea,Food Packaging,Emissions (CH4),kilotonnes,0.0039,0.0033,0.004,0.0046,0.0041,0.0045,0.0027,0.0022,0.0015,0.0014,0.0017,0.0017,0.0019,0.0031,0.0031,0.0039,0.0065,0.0068,0.0208,0.0071,0.0072
Guinea,Food Packaging,Emissions (N2O),kilotonnes,0.0001,0.0001,0.0001,0.0001,0.0001,0.0001,0,0,0,0,0,0,0,0,0,0,0.0001,0.0001,0.0001,0.0001,0.0001
Guinea,Food Packaging,Emissions (CO2),kilotonnes,1.1674,1.0606,1.1587,1.0614,1.027,1.2336,1.1233,0.9572,0.7267,0.8688,0.644,0.6801,0.7906,0.8372,0.7792,0.9022,1.1354,1.251,2.7405,1.4544,1.4711
Guinea,Food Packaging,Emissions (CO2eq) from CH4 (AR5),kilotonnes,0.1092,0.0924,0.112,0.1288,0.1148,0.126,0.0756,0.0616,0.042,0.0392,0.0476,0.0476,0.0532,0.0868,0.0868,0.1092,0.182,0.1904,0.5824,0.1988,0.2017
Guinea,Food Packaging,Emissions (CO2eq) from N2O (AR5),kilotonnes,0.0265,0.0265,0.0265,0.0265,0.0265,0.0265,0,0,0,0,0,0,0,0,0,0,0.0265,0.0265,0.0265,0.0265,0.0268
Guinea,Food Packaging,Emissions (CO2eq) (AR5),kilotonnes,1.3031,1.1795,1.2972,1.2167,1.1683,1.3861,1.1989,1.0188,0.7687,0.908,0.6916,0.7277,0.8438,0.924,0.866,1.0114,1.3439,1.4679,3.3494,1.6797,1.6996
Guinea,Food Retail,Emissions (CH4),kilotonnes,0.0252,0.0252,0.0252,0.0235,0.0252,0.0218,0.0202,0.0202,0.0205,0.0168,0.0138,0.0136,0.017,0.0141,0.0142,0.0355,0.0507,0.0576,0.0628,0.0356,0.0361
Guinea,Food Retail,Emissions (N2O),kilotonnes,0.0002,0.0002,0.0002,0.0001,0.0002,0.0001,0.0001,0.0001,0.0001,0.0001,0.0001,0.0001,0.0001,0.0001,0.0001,0.0002,0.0002,0.0002,0.0003,0.0002,0.0002
Guinea,Food Retail,Emissions (CO2),kilotonnes,8.7897,8.9531,9.0817,8.0576,9.0076,8.5945,7.9362,7.5303,7.7735,6.4705,5.3904,5.0091,6.3004,5.2725,5.2914,13.2629,18.9309,21.5044,23.4816,13.7148,13.8724
Guinea,Food Retail,Emissions (CO2eq) from CH4 (AR5),kilotonnes,0.7056,0.7056,0.7056,0.658,0.7056,0.6104,0.5656,0.5656,0.574,0.4704,0.3864,0.3808,0.476,0.3948,0.3976,0.994,1.4196,1.6128,1.7584,0.9968,1.0113
Guinea,Food Retail,Emissions (CO2eq) from N2O (AR5),kilotonnes,0.053,0.053,0.053,0.0265,0.053,0.0265,0.0265,0.0265,0.0265,0.0265,0.0265,0.0265,0.0265,0.0265,0.0265,0.053,0.053,0.053,0.0795,0.053,0.0535
Guinea,Food Retail,Emissions (CO2eq) (AR5),kilotonnes,9.5483,9.7117,9.8403,8.7421,9.7662,9.2314,8.5283,8.1224,8.374,6.9674,5.8033,5.4164,6.8029,5.6938,5.7155,14.3099,20.4035,23.1702,25.3195,14.7646,14.9372
Guinea,Food Household Consumption,Emissions (CH4),kilotonnes,0.1769,0.1792,0.1815,0.1828,0.1889,0.1951,0.142,0.1623,0.1657,0.1644,0.1599,0.1488,0.173,0.1678,0.1728,0.1832,0.2619,0.3187,0.3468,0.3468,0.3518
Guinea,Food Household Consumption,Emissions (N2O),kilotonnes,0.0014,0.0014,0.0014,0.0014,0.0014,0.0014,0.0011,0.0013,0.0012,0.0012,0.0011,0.0011,0.0011,0.0009,0.0009,0.0009,0.0013,0.0017,0.0018,0.0018,0.0018
Guinea,Food Household Consumption,Emissions (CO2),kilotonnes,98.204,98.5521,98.6886,95.9798,99.2278,106.7094,85.8472,89.0998,89.1548,79.8789,83.0735,80.7145,82.7308,79.9928,81.9519,85.3691,125.0331,156.5295,163.2587,163.2587,165.1352
Guinea,Food Household Consumption,Emissions (CO2eq) from CH4 (AR5),kilotonnes,4.9532,5.0176,5.082,5.1184,5.2892,5.4628,3.976,4.5444,4.6396,4.6032,4.4772,4.1664,4.844,4.6984,4.8384,5.1296,7.3332,8.9236,9.7104,9.7104,9.8513
Guinea,Food Household Consumption,Emissions (CO2eq) from N2O (AR5),kilotonnes,0.371,0.371,0.371,0.371,0.371,0.371,0.2915,0.3445,0.318,0.318,0.2915,0.2915,0.2915,0.2385,0.2385,0.2385,0.3445,0.4505,0.477,0.477,0.4815
Guinea,Food Household Consumption,Emissions (CO2eq) (AR5),kilotonnes,103.5282,103.9407,104.1416,101.4692,104.888,112.5432,90.1147,93.9887,94.1124,84.8001,87.8422,85.1724,87.8663,84.9297,87.0288,90.7372,132.7108,165.9036,173.4461,173.4461,175.4681
Guinea,Food Transport,Emissions (CH4),kilotonnes,0.0187,0.0193,0.0201,0.021,0.0212,0.0217,0.0224,0.0222,0.0222,0.0248,0.0286,0.032,0.0314,0.0298,0.031,0.0358,0.0417,0.0399,0.042,0.0384,0.039
Guinea,Food Transport,Emissions (N2O),kilotonnes,0.0012,0.0012,0.0013,0.0013,0.0014,0.0014,0.0014,0.0014,0.0014,0.0016,0.0023,0.0025,0.0025,0.0023,0.0027,0.003,0.0031,0.003,0.0032,0.003,0.003
Guinea,Food Transport,Emissions (CO2),kilotonnes,68.55,71.52,76.46,80.76,82.505,87.39,90.605,93.495,95.3,103.925,120.4745,124.7189,123.5797,114.6453,118.7095,136.4869,155.5675,148.9019,156.6784,152.0293,153.7768
Guinea,Food Transport,Emissions (CO2eq) from CH4 (AR5),kilotonnes,0.5236,0.5404,0.5628,0.588,0.5936,0.6076,0.6272,0.6216,0.6216,0.6944,0.8008,0.896,0.8792,0.8344,0.868,1.0024,1.1676,1.1172,1.176,1.0752,1.0908
Guinea,Food Transport,Emissions (CO2eq) from N2O (AR5),kilotonnes,0.318,0.318,0.3445,0.3445,0.371,0.371,0.371,0.371,0.371,0.424,0.6095,0.6625,0.6625,0.6095,0.7155,0.795,0.8215,0.795,0.848,0.795,0.8026
Guinea,Food Transport,Emissions (CO2eq) (AR5),kilotonnes,69.3916,72.3784,77.3673,81.6925,83.4696,88.3686,91.6032,94.4876,96.2926,105.0434,121.8848,126.2774,125.1214,116.0892,120.293,138.2843,157.5566,150.8141,158.7024,153.8995,155.6701
Guinea,Energy,Emissions (CH4),kilotonnes,53.2,54.2,55,56.3,57.1,58.4,60.4,61.3,62.1,65.4,66.3,67.1,68.8,69,68.8,70,71.1,73.7,74.4,75.8,76.9
Guinea,Energy,Emissions (N2O),kilotonnes,0.612,0.615,0.624,0.629,0.637,0.645,0.649,0.66,0.664,0.673,0.683,0.688,0.701,0.697,0.693,0.703,0.716,0.729,0.733,0.737,0.744
Guinea,Energy,Emissions (CO2),kilotonnes,1490,1560,1620,1700,1760,1830,1890,1970,2000,2110,2490,2600,2420,2110,2170,2450,2750,2880,3420,3480,3520
Guinea,Energy,Emissions (CO2eq) from CH4 (AR5),kilotonnes,1489.6,1517.6,1540,1576.4,1598.8,1635.2,1691.2,1716.4,1738.8,1831.2,1856.4,1878.8,1926.4,1932,1926.4,1960,1990.8,2063.6,2083.2,2122.4,2153.2
Guinea,Energy,Emissions (CO2eq) from N2O (AR5),kilotonnes,162.18,162.975,165.36,166.685,168.805,170.925,171.985,174.9,175.96,178.345,180.995,182.32,185.765,184.705,183.645,186.295,189.74,193.185,194.245,195.305,197.16
Guinea,Energy,Emissions (CO2eq) (AR5),kilotonnes,3141.78,3240.575,3325.36,3443.085,3527.605,3636.125,3753.185,3861.3,3914.76,4119.545,4527.395,4661.12,4532.165,4226.705,4280.045,4596.295,4930.54,5136.785,5697.445,5797.705,5870.36
Guinea,IPPU,Emissions (N2O),kilotonnes,0.0001,0.0001,0.0001,0.0001,0.0001,0.0001,0.0001,0.0001,0.0001,0.0001,0.0001,0.0001,0.0001,0.0001,0.0001,0.0001,0.0001,0.0001,0.0001,0.0001,0.0001
Guinea,IPPU,Emissions (CO2),kilotonnes,42.9,44,45.3,43.9,47.5,48.1,49.1,50.8,51,51.9,53,54.2,54.2,54.8,54.7,54.5,54.8,54.7,54.8,56.9,57.4
Guinea,IPPU,Emissions (CO2eq) from N2O (AR5),kilotonnes,0.0257,0.0262,0.0268,0.027,0.0276,0.0281,0.0289,0.0294,0.0302,0.0307,0.0315,0.0321,0.0329,0.0337,0.0344,0.0352,0.036,0.0371,0.0382,0.0384,0.039
Guinea,IPPU,Emissions (CO2eq) (AR5),kilotonnes,42.9257,44.0262,45.3268,43.927,47.5276,48.1281,49.1289,50.8294,51.0302,51.9307,53.0315,54.2321,54.2329,54.8337,54.7345,54.5352,54.836,54.7371,54.8382,56.9384,57.439
Guinea,Waste,Emissions (CH4),kilotonnes,57.9,59.4,60.9,62.3,63.8,65.6,67.2,69.2,71.2,72.8,74.9,77.3,79.6,82,84.5,87,90.2,94,97.7,97.3,99.6
Guinea,Waste,Emissions (N2O),kilotonnes,0.284,0.289,0.294,0.301,0.31,0.316,0.322,0.329,0.341,0.356,0.37,0.381,0.389,0.398,0.425,0.453,0.483,0.495,0.508,0.509,0.524
Guinea,Waste,Emissions (CO2eq) from CH4 (AR5),kilotonnes,1621.2,1663.2,1705.2,1744.4,1786.4,1836.8,1881.6,1937.6,1993.6,2038.4,2097.2,2164.4,2228.8,2296,2366,2436,2525.6,2632,2735.6,2724.4,2788.8
Guinea,Waste,Emissions (CO2eq) from N2O (AR5),kilotonnes,75.26,76.585,77.91,79.765,82.15,83.74,85.33,87.185,90.365,94.34,98.05,100.965,103.085,105.47,112.625,120.045,127.995,131.175,134.62,134.885,138.86
Guinea,Waste,Emissions (CO2eq) (AR5),kilotonnes,1696.46,1739.785,1783.11,1824.165,1868.55,1920.54,1966.93,2024.785,2083.965,2132.74,2195.25,2265.365,2331.885,2401.47,2478.625,2556.045,2653.595,2763.175,2870.22,2859.285,2927.66
Guinea,Other,Emissions (N2O),kilotonnes,0.364,0.371,0.378,0.383,0.39,0.397,0.405,0.412,0.419,0.429,0.448,0.453,0.454,0.444,0.446,0.461,0.481,0.487,0.494,0.497,0.504
Guinea,Other,Emissions (CO2eq) from N2O (AR5),kilotonnes,96.46,98.315,100.17,101.495,103.35,105.205,107.325,109.18,111.035,113.685,118.72,120.045,120.31,117.66,118.19,122.165,127.465,129.055,130.91,131.705,133.56
Guinea,Other,Emissions (CO2eq) (AR5),kilotonnes,96.46,98.315,100.17,101.495,103.35,105.205,107.325,109.18,111.035,113.685,118.72,120.045,120.31,117.66,118.19,122.165,127.465,129.055,130.91,131.705,133.56
Guinea,Farm-gate emissions,Emissions (CH4),kilotonnes,222.0007,235.3257,258.1655,261.7587,263.7035,292.6802,299.1916,307.2496,318.3873,331.1794,401.5246,427.8855,456.5647,466.0549,476.7685,481.8196,530.0725,535.3737,536.9558,568.5337,591.5554
Guinea,Farm-gate emissions,Direct emissions (N2O),kilotonnes,4.6843,4.8936,5.1818,5.4711,5.7838,6.1163,6.4578,6.8214,7.1664,7.4928,8.192,8.6788,9.1622,9.5993,9.9974,10.5471,11.0876,11.8356,12.3545,13.0239,13.5836
Guinea,Farm-gate emissions,Indirect emissions (N2O),kilotonnes,1.106,1.1568,1.2268,1.2959,1.3709,1.451,1.5332,1.6223,1.7052,1.7826,1.9547,2.0761,2.1933,2.2962,2.3875,2.5207,2.6524,2.8481,2.9669,3.1298,3.2478
Guinea,Farm-gate emissions,Emissions (N2O),kilotonnes,9.5427,11.1291,12.7142,12.4815,12.0785,14.1142,14.0415,14.1685,14.7458,14.7087,14.9293,16.1358,17.8866,17.8475,17.9558,17.683,21.7207,20.7414,19.6523,21.3287,22.4117
Guinea,Farm-gate emissions,Emissions (CO2),kilotonnes,840.4658,842.403,840.6139,839.0084,835.2963,856.6009,859.2756,866.3344,867.1586,888.9197,957.5195,963.0591,906.8241,863.5853,866.4502,888.821,900.284,945.1286,1061.0665,1113.1743,1111.2506
Guinea,Farm-gate emissions,Emissions (CO2eq) from CH4 (AR5),kilotonnes,6216.0206,6589.1199,7228.633,7329.2428,7383.6968,8195.0446,8377.365,8602.9876,8914.8453,9273.0225,11242.6879,11980.7927,12783.8104,13049.5384,13349.517,13490.9498,14842.0311,14990.464,15034.7636,15918.9422,16563.5524
Guinea,Farm-gate emissions,Emissions (CO2eq) from N2O (AR5),kilotonnes,2528.8057,2949.2213,3369.25,3307.6014,3200.8104,3740.2726,3720.9895,3754.644,3907.6405,3897.8044,3956.2759,4275.9907,4739.9571,4729.5999,4758.2808,4685.9992,5755.9959,5496.4638,5207.8619,5652.1006,5939.0905
Guinea,Farm-gate emissions,Emissions (CO2eq) (AR5),kilotonnes,9585.2921,10380.7442,11438.4968,11475.8526,11419.8036,12791.9181,12957.63,13223.9659,13689.6443,14059.7466,16156.4832,17219.8425,18430.5915,18642.7236,18974.248,19065.77,21498.3111,21432.0565,21303.692,22684.2171,23613.8935
Guinea,Land Use change,Emissions (CH4),kilotonnes,10.3518,1.1999,1.9262,4.0649,3.8974,4.7301,5.387,4.4562,5.2912,4.1422,3.3202,4.355,5.0734,4.9431,4.5999,7.0467,3.525,1.865,1.2105,1.8702,1.7053
Guinea,Land Use change,Emissions (N2O),kilotonnes,0.3045,0.1096,0.1759,0.3711,0.3558,0.4319,0.4919,0.4069,0.4831,0.3782,0.3032,0.3976,0.4632,0.4513,0.42,0.6434,0.3218,0.1703,0.1105,0.1708,0.1557
Guinea,Land Use change,Emissions (CO2),kilotonnes,9877.472,10295.6957,10295.6957,10295.6957,10295.6957,10295.6957,10295.6957,10295.6957,10295.6957,10295.6957,10295.6957,10152.7727,10152.7727,10152.7727,10152.7727,10152.7727,11439.912,11439.912,11439.912,11439.912,11439.912
Guinea,Land Use change,Emissions (CO2eq) from CH4 (AR5),kilotonnes,289.8493,33.5959,53.933,113.8168,109.1269,132.4434,150.8374,124.7733,148.1547,115.9823,92.9663,121.9412,142.0549,138.4055,128.7979,197.3086,98.6998,52.2194,33.8937,52.3655,47.7482
Guinea,Land Use change,Emissions (CO2eq) from N2O (AR5),kilotonnes,80.683,29.0313,46.6051,98.3526,94.2999,114.4484,130.3432,107.8204,128.025,100.2239,80.335,105.3731,122.754,119.6004,111.2982,170.5003,85.2895,45.1243,29.2886,45.2506,41.2607
Guinea,Land Use change,Emissions (CO2eq) (AR5),kilotonnes,10248.0042,10358.3228,10396.2338,10507.8651,10499.1224,10542.5874,10576.8762,10528.2894,10571.8753,10511.9019,10468.9969,10380.0869,10417.5815,10410.7786,10392.8688,10520.5815,11623.9013,11537.2557,11503.0943,11537.5281,11528.9209
Guinea,Emissions on agricultural land,Emissions (CH4),kilotonnes,232.3525,236.5256,260.0916,265.8236,267.6008,297.4103,304.5787,311.7057,323.6786,335.3216,404.8448,432.2405,461.638,470.998,481.3684,488.8664,533.5975,537.2387,538.1663,570.4038,593.2607
Guinea,Emissions on agricultural land,Emissions (N2O),kilotonnes,9.8471,11.2387,12.89,12.8527,12.4344,14.5461,14.5333,14.5753,15.2289,15.0869,15.2325,16.5334,18.3499,18.2989,18.3758,18.3264,22.0426,20.9117,19.7628,21.4994,22.5674
Guinea,Emissions on agricultural land,Emissions (CO2),kilotonnes,10717.9378,11138.0987,11136.3095,11134.7041,11130.992,11152.2966,11154.9713,11162.03,11162.8542,11184.6153,11253.2151,11115.8318,11059.5968,11016.3579,11019.2228,11041.5937,12340.196,12385.0406,12500.9785,12553.0863,12551.1626
Guinea,Emissions on agricultural land,Emissions (CO2eq) from CH4 (AR5),kilotonnes,6505.8699,6622.7158,7282.566,7443.0597,7492.8237,8327.488,8528.2023,8727.7609,9063,9389.0049,11335.6542,12102.7339,12925.8653,13187.9439,13478.3149,13688.2584,14940.7309,15042.6834,15068.6573,15971.3077,16611.3007
Guinea,Emissions on agricultural land,Emissions (CO2eq) from N2O (AR5),kilotonnes,2609.4886,2978.2526,3415.8551,3405.954,3295.1103,3854.721,3851.3326,3862.4644,4035.6654,3998.0283,4036.6109,4381.3638,4862.711,4849.2003,4869.579,4856.4995,5841.2854,5541.5882,5237.1505,5697.3512,5980.3512
Guinea,Emissions on agricultural land,Emissions (CO2eq) (AR5),kilotonnes,19833.2963,20739.0671,21834.7306,21983.7177,21918.926,23334.5055,23534.5062,23752.2554,24261.5196,24571.6485,26625.4802,27599.9295,28848.1731,29053.5022,29367.1168,29586.3515,33122.2124,32969.3122,32806.7863,34221.7451,35142.8145
Guinea,Pre- and post- production,Emissions (CH4),kilotonnes,24.6876,27.6908,27.5994,25.3081,25.5537,25.7666,26.1407,26.4826,26.8674,27.2387,27.573,27.8799,28.2603,28.6466,28.8964,29.3016,29.8074,30.2488,30.7882,31.1955,31.6578
Guinea,Pre- and post- production,Emissions (N2O),kilotonnes,0.1468,0.1683,0.1709,0.159,0.1623,0.1631,0.1708,0.1734,0.1813,0.1914,0.1965,0.1991,0.2061,0.2134,0.2398,0.2473,0.2574,0.2601,0.2677,0.2745,0.2818
Guinea,Pre- and post- production,Emissions (CO2),kilotonnes,181.8021,427.2903,422.5867,188.6794,193.9541,211.2425,217.7989,209.6824,214.0297,264.2018,275.4765,283.3522,268.6834,278.2952,281.2436,317.8719,391.6583,409.6358,417.4308,401.1954,405.8068
Guinea,Pre- and post- production,Emissions (CO2eq) from CH4 (AR5),kilotonnes,691.2538,775.3428,772.7822,708.6259,715.5046,721.4642,731.9396,741.5135,752.2869,762.6847,772.0429,780.6363,791.2875,802.1058,809.1001,820.4461,834.608,846.9671,862.0707,873.474,886.4182
Guinea,Pre- and post- production,Emissions (CO2eq) from N2O (AR5),kilotonnes,38.8933,44.5917,45.2803,42.1247,43.0081,43.2176,45.2494,45.9481,48.0487,50.7081,52.0703,52.7501,54.6085,56.5524,63.5558,65.5443,68.2201,68.9329,70.9361,72.7324,74.6765
Guinea,Pre- and post- production,Emissions (CO2eq) (AR5),kilotonnes,911.9492,1247.2247,1240.6493,939.4299,952.4667,975.9243,994.9879,997.1441,1014.3654,1077.5946,1099.5897,1116.7386,1114.5794,1136.9534,1153.8995,1203.8622,1294.4864,1325.5357,1350.4376,1347.4019,1366.9015
Guinea,Agri-food systems,Emissions (CH4),kilotonnes,257.0401,264.2164,287.691,291.1316,293.1546,323.1769,330.7194,338.1884,350.546,362.5603,432.4178,460.1204,489.8983,499.6446,510.2648,518.168,563.405,567.4875,568.9546,601.5993,624.9185
Guinea,Agri-food systems,Emissions (N2O),kilotonnes,9.9939,11.407,13.0609,13.0116,12.5967,14.7092,14.7041,14.7487,15.4102,15.2783,15.429,16.7325,18.5559,18.5123,18.6156,18.5737,22.3,21.1718,20.0305,21.7739,22.8492
Guinea,Agri-food systems,Emissions (CO2),kilotonnes,10899.7399,11565.389,11558.8962,11323.3835,11324.9461,11363.5391,11372.7702,11371.7124,11376.8839,11448.8171,11528.6916,11399.184,11328.2802,11294.6531,11300.4664,11359.4656,12731.8543,12794.6764,12918.4093,12954.2817,12956.9694
Guinea,Agri-food systems,Emissions (CO2eq) from CH4 (AR5),kilotonnes,7197.1237,7398.0586,8055.3482,8151.6855,8208.3283,9048.9521,9260.1419,9469.2745,9815.2869,10151.6896,12107.697,12883.3703,13717.1527,13990.0498,14287.415,14508.7045,15775.339,15889.6504,15930.7279,16844.7817,17497.7189
Guinea,Agri-food systems,Emissions (CO2eq) from N2O (AR5),kilotonnes,2648.3819,3022.8442,3461.1354,3448.0787,3338.1183,3897.9386,3896.582,3908.4126,4083.7142,4048.7364,4088.6812,4434.1139,4917.3195,4905.7527,4933.1348,4922.0437,5909.5055,5610.5211,5308.0866,5770.0836,6055.0277
Guinea,Agri-food systems,Emissions (CO2eq) (AR5),kilotonnes,20745.2455,21986.2918,23075.3799,22923.1477,22871.3927,24310.4298,24529.4941,24749.3994,25275.885,25649.2431,27725.0699,28716.6681,29962.7525,30190.4556,30521.0163,30790.2138,34416.6988,34294.8479,34157.2239,35569.147,36509.7159
Guinea,IPCC Agriculture,Emissions (CH4),kilotonnes,221.5446,234.8478,257.6668,261.2461,263.1798,292.0938,298.6007,306.6236,317.7557,330.4874,400.6287,426.975,455.8299,465.4565,476.1677,481.1491,529.3616,534.5263,535.7436,567.1991,590.2209
Guinea,IPCC Agriculture,Emissions (CH4),kilotonnes,338,,,,,,,,,,,,,,,,,,,,
Guinea,IPCC Agriculture,Direct emissions (N2O),kilotonnes,4.6843,4.8936,5.1818,5.4711,5.7838,6.1163,6.4578,6.8214,7.1664,7.4928,8.192,8.6788,9.1622,9.5993,9.9974,10.5471,11.0876,11.8356,12.3545,13.0239,13.5836
Guinea,IPCC Agriculture,Indirect emissions (N2O),kilotonnes,1.106,1.1568,1.2268,1.2959,1.3709,1.451,1.5332,1.6223,1.7052,1.7826,1.9547,2.0761,2.1933,2.2962,2.3875,2.5207,2.6524,2.8481,2.9669,3.1298,3.2478
Guinea,IPCC Agriculture,Emissions (N2O),kilotonnes,9.5404,11.1267,12.7117,12.479,12.0759,14.1113,14.0385,14.1653,14.7427,14.7052,14.9249,16.1313,17.883,17.8446,17.9528,17.6797,21.7172,20.7371,19.6462,21.322,22.405
Guinea,IPCC Agriculture,Emissions (N2O),kilotonnes,123,,,,,,,,,,,,,,,,,,,,
Guinea,IPCC Agriculture,Emissions (CO2eq) from CH4 (AR5),kilotonnes,6203.2497,6575.7371,7214.6716,7314.8913,7369.0334,8178.6259,8360.8191,8585.4621,8897.1602,9253.648,11217.6029,11955.301,12763.2364,13032.7824,13332.6967,13472.1754,14822.1258,14966.7365,15000.8197,15881.5736,16526.1838
Guinea,IPCC Agriculture,Emissions (CO2eq) from CH4 (AR5),kilotonnes,9464,,,,,,,,,,,,,,,,,,,,
Guinea,IPCC Agriculture,Emissions (CO2eq) from N2O (AR5),kilotonnes,2528.2014,2948.588,3368.5893,3306.9223,3200.1165,3739.4957,3720.2065,3753.8146,3906.8036,3896.8876,3955.0888,4274.7844,4738.9835,4728.807,4757.4849,4685.1107,5755.054,5495.341,5206.2557,5650.3322,5937.3222
Guinea,IPCC Agriculture,Emissions (CO2eq) from N2O (AR5),kilotonnes,32595,,,,,,,,,,,,,,,,,,,,
Guinea,IPCC Agriculture,Emissions (CO2eq) (AR5),kilotonnes,8731.4511,9524.3251,10583.2609,10621.8136,10569.1499,11918.1216,12081.0256,12339.2767,12803.9637,13150.5356,15172.6918,16230.0853,17502.2199,17761.5894,18090.1815,18157.2861,20577.1798,20462.0776,20207.0753,21531.9059,22463.506
Guinea,IPCC Agriculture,Emissions (CO2eq) (AR5),kilotonnes,42059,,,,,,,,,,,,,,,,,,,,
Guinea,Agricultural Soils,Direct emissions (N2O),kilotonnes,4.6843,4.8936,5.1818,5.4711,5.7838,6.1163,6.4578,6.8214,7.1664,7.4928,8.192,8.6788,9.1622,9.5993,9.9974,10.5471,11.0876,11.8356,12.3545,13.0239,13.5836
Guinea,Agricultural Soils,Indirect emissions (N2O),kilotonnes,1.106,1.1568,1.2268,1.2959,1.3709,1.451,1.5332,1.6223,1.7052,1.7826,1.9547,2.0761,2.1933,2.2962,2.3875,2.5207,2.6524,2.8481,2.9669,3.1298,3.2478
Guinea,Agricultural Soils,Emissions (N2O),kilotonnes,5.9053,6.1643,6.521,6.8783,7.2648,7.6777,8.1015,8.5535,8.9813,9.3854,10.2574,10.8658,11.4664,12.0062,12.496,13.1789,13.8509,14.795,15.4328,16.2675,16.9449
Guinea,Agricultural Soils,Emissions (N2O),kilotonnes,104,,,,,,,,,,,,,,,,,,,,
Guinea,Agricultural Soils,Emissions (CO2eq) from N2O (AR5),kilotonnes,1564.9128,1633.5285,1728.0704,1822.7594,1925.181,2034.5925,2146.8966,2266.6886,2380.0316,2487.1324,2718.2029,2879.4433,3038.5865,3181.6392,3311.44,3492.412,3670.4886,3920.6664,4089.7048,4310.881,4490.4018
Guinea,Agricultural Soils,Emissions (CO2eq) from N2O (AR5),kilotonnes,27560,,,,,,,,,,,,,,,,,,,,
Guinea,Agricultural Soils,Emissions (CO2eq) (AR5),kilotonnes,1564.9128,1633.5285,1728.0704,1822.7594,1925.181,2034.5925,2146.8966,2266.6886,2380.0316,2487.1324,2718.2029,2879.4433,3038.5865,3181.6392,3311.44,3492.412,3670.4886,3920.6664,4089.7048,4310.881,4490.4018
Guinea,Agricultural Soils,Emissions (CO2eq) (AR5),kilotonnes,27560,,,,,,,,,,,,,,,,,,,,
Guinea,LULUCF,Emissions (CH4),kilotonnes,10.4355,1.2122,1.951,4.0674,3.9172,4.7945,5.4564,4.538,5.3111,4.1546,3.3277,4.3674,5.5665,4.9431,4.6024,7.0492,3.5498,1.8774,1.2154,1.8826,1.7722
Guinea,LULUCF,Emissions (CH4),kilotonnes,9,,,,,,,,,,,,,,,,,,,,
Guinea,LULUCF,Emissions (N2O),kilotonnes,0.3069,0.1107,0.1781,0.3714,0.3577,0.4378,0.4982,0.4143,0.4849,0.3793,0.3038,0.3988,0.5082,0.4513,0.4202,0.6436,0.3241,0.1714,0.111,0.1719,0.1618
Guinea,LULUCF,Emissions (N2O),kilotonnes,,,,,,,,,,,,,,,,,,,,,
Guinea,LULUCF,Emissions (CO2),kilotonnes,10484.6214,10839.18,10830.8746,10824.8756,10817.6503,10819.1878,10820.4299,10816.4561,10815.4832,10818.2183,10822.5078,10866.3583,10865.5076,10865.266,10867.4066,10867.7702,11937.0978,11938.8979,11939.7796,11953.3185,11951.3948
Guinea,LULUCF,Emissions (CO2),kilotonnes,-444160,,,,,,,,,,,,,,,,,,,,
Guinea,LULUCF,Emissions (CO2eq) from CH4 (AR5),kilotonnes,292.1948,33.9428,54.6268,113.8862,109.6819,134.2472,152.78,127.0628,148.7097,116.3292,93.1744,122.2881,155.8611,138.4055,128.8673,197.3779,99.3936,52.5662,34.0325,52.7124,49.6215
Guinea,LULUCF,Emissions (CO2eq) from N2O (AR5),kilotonnes,81.3359,29.331,47.2046,98.4125,94.7795,116.0071,132.0218,109.7989,128.5046,100.5236,80.5148,105.6728,134.6843,119.6004,111.3581,170.5603,85.889,45.4241,29.4085,45.5504,42.8794
Guinea,LULUCF,Emissions (CO2eq) (AR5),kilotonnes,10858.1521,10902.4538,10932.706,11037.1743,11022.1117,11069.4422,11105.2317,11053.3177,11092.6975,11035.0711,10996.1971,11094.3193,11156.053,11123.272,11107.632,11235.7084,12122.3804,12036.8883,12003.2205,12051.5812,12043.8957
Guinea,LULUCF,Emissions (CO2eq) (AR5),kilotonnes,-444160,,,,,,,,,,,,,,,,,,,,
Guinea,AFOLU,Emissions (CH4),kilotonnes,231.9802,236.06,259.6178,265.3135,267.097,296.8883,304.0571,311.1616,323.0668,334.642,403.9563,431.3425,461.3963,470.3996,480.7701,488.1983,532.9114,536.4037,536.959,569.0816,591.993
Guinea,AFOLU,Emissions (N2O),kilotonnes,9.8473,11.2374,12.8898,12.8503,12.4336,14.5491,14.5367,14.5797,15.2276,15.0846,15.2287,16.53,18.3912,18.2959,18.373,18.3233,22.0413,20.9085,19.7572,21.4939,22.5668
Guinea,AFOLU,Emissions (CO2),kilotonnes,10484.6214,10839.18,10830.8746,10824.8756,10817.6503,10819.1878,10820.4299,10816.4561,10815.4832,10818.2183,10822.5078,10866.3583,10865.5076,10865.266,10867.4066,10867.7702,11937.0978,11938.8979,11939.7796,11953.3185,11951.3948
Guinea,AFOLU,Emissions (CO2eq) from CH4 (AR5),kilotonnes,6495.4445,6609.6799,7269.2983,7428.7775,7478.7153,8312.8731,8513.599,8712.5249,9045.8699,9369.9772,11310.7773,12077.589,12919.0975,13171.1879,13461.564,13669.5533,14921.5194,15019.3028,15034.8521,15934.286,16575.8053
Guinea,AFOLU,Emissions (CO2eq) from N2O (AR5),kilotonnes,2609.5373,2977.919,3415.7939,3405.3348,3294.896,3855.5028,3852.2283,3863.6135,4035.3082,3997.4112,4035.6037,4380.4572,4873.6678,4848.4074,4868.843,4855.671,5840.943,5540.7651,5235.6641,5695.8826,5980.2016
Guinea,AFOLU,Emissions (CO2eq) (AR5),kilotonnes,19589.6032,20426.7789,21515.9669,21658.9879,21591.2616,22987.5637,23186.2572,23392.5945,23896.6612,24185.6068,26168.8888,27324.4046,28658.2729,28884.8614,29197.8136,29392.9945,32699.5602,32498.9658,32210.2959,33583.4871,34507.4017
Guinea,All sectors with LULUCF,Emissions (CH4),kilotonnes,343.0802,349.66,375.5178,383.9135,387.997,420.8883,431.6571,441.6616,456.3668,472.842,545.1563,575.7425,609.7963,621.3996,634.0701,645.1983,694.2114,704.1037,709.059,742.1816,768.493
Guinea,All sectors with LULUCF,Emissions (N2O),kilotonnes,11.1074,12.5125,14.1859,14.1634,13.7707,15.9072,15.9128,15.9808,16.6517,16.5427,16.7298,18.0521,19.9353,19.835,19.9371,19.9404,23.7214,22.6197,21.4924,23.237,24.3389
Guinea,All sectors with LULUCF,Emissions (CO2),kilotonnes,12017.5214,12443.18,12496.1746,12568.7756,12625.1503,12697.2878,12759.5299,12837.2561,12866.4832,12980.1183,13365.5078,13520.5583,13339.7076,13030.066,13092.1066,13372.2702,14741.8978,14873.5979,15414.5796,15490.2185,15528.7948
Guinea,All sectors with LULUCF,Emissions (CO2eq) from CH4 (AR5),kilotonnes,9606.2445,9790.4799,10514.4983,10749.5775,10863.9153,11784.8731,12086.399,12366.5249,12778.2699,13239.5772,15264.3773,16120.789,17074.2975,17399.1879,17753.964,18065.5533,19437.9194,19714.9028,19853.6521,20781.086,21517.8053
Guinea,All sectors with LULUCF,Emissions (CO2eq) from N2O (AR5),kilotonnes,2943.4629,3315.8202,3759.2607,3753.3069,3649.2286,4215.4009,4216.8972,4234.9079,4412.6984,4383.812,4433.4002,4783.8193,5282.8607,5256.276,5283.3374,5284.2112,6286.179,5994.2172,5695.4773,6157.816,6449.8206
Guinea,All sectors with LULUCF,Emissions (CO2eq) (AR5),kilotonnes,24567.2288,25549.4801,26769.9336,27071.66,27138.2941,28697.5618,29062.8261,29438.6889,30057.4514,30603.5075,33063.2853,34425.1667,35696.8658,35685.53,36129.408,36722.0348,40465.9962,40582.7179,40963.709,42429.1205,43496.4206
Guinea,All sectors without LULUCF,Emissions (CH4),kilotonnes,332.6446,348.4478,373.5668,379.8461,384.0798,416.0938,426.2007,437.1236,451.0557,468.6874,541.8287,571.375,604.2299,616.4565,629.4677,638.1491,690.6616,702.2263,707.8436,740.2991,766.7209
Guinea,All sectors without LULUCF,Emissions (N2O),kilotonnes,10.8005,12.4018,14.0078,13.7921,13.413,15.4694,15.4146,15.5664,16.1668,16.1634,16.426,17.6534,19.4271,19.3837,19.5169,19.2968,23.3973,22.4483,21.3814,23.0652,24.1771
Guinea,All sectors without LULUCF,Emissions (CO2),kilotonnes,1532.9,1604,1665.3,1743.9,1807.5,1878.1,1939.1,2020.8,2051,2161.9,2543,2654.2,2474.2,2164.8,2224.7,2504.5,2804.8,2934.7,3474.8,3536.9,3577.4
Guinea,All sectors without LULUCF,Emissions (CO2eq) from CH4 (AR5),kilotonnes,9314.0497,9756.5371,10459.8716,10635.6913,10754.2334,11650.6259,11933.6191,12239.4621,12629.5602,13123.248,15171.2029,15998.501,16918.4364,17260.7824,17625.0967,17868.1754,19338.5258,19662.3365,19819.6197,20728.3736,21468.1838
Guinea,All sectors without LULUCF,Emissions (CO2eq) from N2O (AR5),kilotonnes,2862.127,3286.4892,3712.0561,3654.8943,3554.4491,4099.3938,4084.8754,4125.1091,4284.1938,4283.2883,4352.8853,4678.1465,5148.1763,5136.6756,5171.9793,5113.651,6200.29,5948.7931,5666.0688,6112.2657,6406.9411
Guinea,All sectors without LULUCF,Emissions (CO2eq) (AR5),kilotonnes,13709.0768,14647.0263,15837.2276,16034.4856,16116.1825,17628.1196,17957.5944,18385.3711,18964.754,19568.4363,22067.0883,23330.8474,24540.8127,24562.258,25021.776,25486.3263,28343.6158,28545.8297,28960.4885,30377.5393,31452.525
Guinea-Bissau,Crop Residues,Direct emissions (N2O),kilotonnes,0.0508,0.0464,0.0436,0.0418,0.0465,0.0537,0.055,0.0483,0.0559,0.0588,0.0657,0.0587,0.0695,0.0782,0.0487,0.0616,0.0668,0.0617,0.0656,0.0694,0.0713
Guinea-Bissau,Crop Residues,Indirect emissions (N2O),kilotonnes,0.0114,0.0104,0.0098,0.0094,0.0105,0.0121,0.0124,0.0109,0.0126,0.0132,0.0148,0.0132,0.0156,0.0176,0.011,0.0139,0.015,0.0139,0.0148,0.0156,0.016
Guinea-Bissau,Crop Residues,Emissions (N2O),kilotonnes,0.0622,0.0569,0.0534,0.0512,0.057,0.0658,0.0674,0.0592,0.0685,0.0721,0.0805,0.0719,0.0851,0.0957,0.0596,0.0755,0.0818,0.0756,0.0803,0.085,0.0874
Guinea-Bissau,Crop Residues,Emissions (CO2eq) from N2O (AR5),kilotonnes,16.4959,15.0764,14.1441,13.5694,15.0978,17.4403,17.8553,15.6905,18.1542,19.0982,21.3341,19.0666,22.5477,25.3714,15.8009,20.0048,21.6792,20.0308,21.2812,22.5288,23.1506
Guinea-Bissau,Crop Residues,Emissions (CO2eq) (AR5),kilotonnes,16.4959,15.0764,14.1441,13.5694,15.0978,17.4403,17.8553,15.6905,18.1542,19.0982,21.3341,19.0666,22.5477,25.3714,15.8009,20.0048,21.6792,20.0308,21.2812,22.5288,23.1506
Guinea-Bissau,Rice Cultivation,Emissions (CH4),kilotonnes,5.2255,4.8244,4.76,4.55,4.55,4.55,4.55,4.9061,5.7538,6.2514,7.0357,6.5393,7.9989,9.45,5.95,7.6509,8.3415,7.4299,7.922,8.4,8.4
Guinea-Bissau,Rice Cultivation,Emissions (CO2eq) from CH4 (AR5),kilotonnes,146.314,135.0832,133.28,127.4,127.4,127.4,127.4,137.3705,161.1061,175.0378,196.9996,183.0993,223.9692,264.6,166.6,214.2241,233.5634,208.0383,221.8171,235.2,235.2
Guinea-Bissau,Rice Cultivation,Emissions (CO2eq) (AR5),kilotonnes,146.314,135.0832,133.28,127.4,127.4,127.4,127.4,137.3705,161.1061,175.0378,196.9996,183.0993,223.9692,264.6,166.6,214.2241,233.5634,208.0383,221.8171,235.2,235.2
Guinea-Bissau,Burning - Crop residues,Emissions (CH4),kilotonnes,0.1814,0.1809,0.1413,0.1456,0.1753,0.1962,0.2044,0.1443,0.1618,0.1783,0.1814,0.1597,0.1887,0.2198,0.1456,0.1816,0.1963,0.177,0.1874,0.1975,0.1975
Guinea-Bissau,Burning - Crop residues,Emissions (CH4),kilotonnes,,,,,,,5.2,,,,5.82,,,,,,,,,,
Guinea-Bissau,Burning - Crop residues,Emissions (N2O),kilotonnes,0.0047,0.0047,0.0037,0.0038,0.0045,0.0051,0.0053,0.0037,0.0042,0.0046,0.0047,0.0041,0.0049,0.0057,0.0038,0.0047,0.0051,0.0046,0.0049,0.0051,0.0051
Guinea-Bissau,Burning - Crop residues,Emissions (N2O),kilotonnes,,,,,,,0.14,,,,0.15,,,,,,,,,,
Guinea-Bissau,Burning - Crop residues,Emissions (CO2eq) from CH4 (AR5),kilotonnes,5.0794,5.0647,3.9561,4.0771,4.9072,5.4943,5.7224,4.0391,4.5294,4.9922,5.0796,4.4712,5.2828,6.1539,4.0754,5.086,5.4964,4.9547,5.2471,5.531,5.531
Guinea-Bissau,Burning - Crop residues,Emissions (CO2eq) from CH4 (AR5),kilotonnes,,,,,,,145.6,,,,162.96,,,,,,,,,,
Guinea-Bissau,Burning - Crop residues,Emissions (CO2eq) from N2O (AR5),kilotonnes,1.2463,1.2427,0.9707,1.0004,1.2041,1.3481,1.4041,0.9911,1.1114,1.2249,1.2464,1.0971,1.2962,1.51,1,1.248,1.3486,1.2157,1.2875,1.3571,1.3571
Guinea-Bissau,Burning - Crop residues,Emissions (CO2eq) from N2O (AR5),kilotonnes,,,,,,,37.1,,,,39.75,,,,,,,,,,
Guinea-Bissau,Burning - Crop residues,Emissions (CO2eq) (AR5),kilotonnes,6.3257,6.3074,4.9269,5.0775,6.1113,6.8424,7.1265,5.0301,5.6408,6.2172,6.3259,5.5683,6.5791,7.6639,5.0754,6.334,6.845,6.1705,6.5346,6.8881,6.8881
Guinea-Bissau,Burning - Crop residues,Emissions (CO2eq) (AR5),kilotonnes,,,,,,,182.7,,,,202.71,,,,,,,,,,
Guinea-Bissau,Enteric Fermentation,Emissions (CH4),kilotonnes,20.5638,20.6323,20.6623,20.9073,20.9223,22.0417,23.0458,24.1925,25.4031,26.4881,27.5724,28.1631,28.2966,28.9684,29.1406,29.471,29.8196,29.6762,30.1618,30.7082,31.271
Guinea-Bissau,Enteric Fermentation,Emissions (CH4),kilotonnes,,,,,,,23.93,,,,50.26,,,,,,,,,,
Guinea-Bissau,Enteric Fermentation,Emissions (CO2eq) from CH4 (AR5),kilotonnes,575.787,577.7044,578.5444,585.4044,585.8244,617.1666,645.2833,677.3906,711.2868,741.6668,772.0277,788.567,792.3048,811.1152,815.9381,825.1878,834.9501,830.9332,844.5301,859.8296,875.5878
Guinea-Bissau,Enteric Fermentation,Emissions (CO2eq) from CH4 (AR5),kilotonnes,,,,,,,670.04,,,,1407.28,,,,,,,,,,
Guinea-Bissau,Enteric Fermentation,Emissions (CO2eq) (AR5),kilotonnes,575.787,577.7044,578.5444,585.4044,585.8244,617.1666,645.2833,677.3906,711.2868,741.6668,772.0277,788.567,792.3048,811.1152,815.9381,825.1878,834.9501,830.9332,844.5301,859.8296,875.5878
Guinea-Bissau,Enteric Fermentation,Emissions (CO2eq) (AR5),kilotonnes,,,,,,,670.04,,,,1407.28,,,,,,,,,,
Guinea-Bissau,Manure Management,Emissions (CH4),kilotonnes,1.1016,1.1138,1.1158,1.1352,1.1362,0.9799,1.0509,1.1313,1.2199,1.3119,1.4137,1.5193,1.5212,1.5465,1.5576,1.5645,1.5725,1.5767,1.6088,1.6368,1.6462
Guinea-Bissau,Manure Management,Emissions (N2O),kilotonnes,0.1621,0.1643,0.1644,0.1689,0.169,0.0984,0.1117,0.1269,0.1444,0.1643,0.1869,0.217,0.2162,0.2166,0.218,0.2167,0.2155,0.2185,0.2241,0.2275,0.2238
Guinea-Bissau,Manure Management,Emissions (CO2eq) from CH4 (AR5),kilotonnes,30.8452,31.185,31.241,31.7857,31.8137,27.4374,29.4241,31.6751,34.1566,36.7332,39.5835,42.5392,42.595,43.3011,43.6121,43.8056,44.0304,44.1489,45.0469,45.8296,46.0924
Guinea-Bissau,Manure Management,Emissions (CO2eq) from N2O (AR5),kilotonnes,42.9443,43.5415,43.5647,44.7601,44.7719,26.065,29.5945,33.6403,38.2659,43.5293,49.5353,57.4981,57.2858,57.3925,57.7775,57.4379,57.1077,57.911,59.3975,60.2893,59.3117
Guinea-Bissau,Manure Management,Emissions (CO2eq) (AR5),kilotonnes,73.7895,74.7265,74.8057,76.5457,76.5855,53.5024,59.0186,65.3154,72.4225,80.2625,89.1188,100.0373,99.8807,100.6936,101.3895,101.2435,101.1381,102.06,104.4444,106.1189,105.4041
Guinea-Bissau,Manure left on Pasture,Direct emissions (N2O),kilotonnes,0.7962,0.8002,0.802,0.8109,0.8118,0.8643,0.9036,0.9482,0.9953,1.0374,1.08,1.103,1.1088,1.1362,1.1437,1.1569,1.1711,1.1651,1.1843,1.206,1.2291
Guinea-Bissau,Manure left on Pasture,Indirect emissions (N2O),kilotonnes,0.197,0.198,0.1984,0.2007,0.2009,0.2215,0.2326,0.2448,0.2578,0.2699,0.2823,0.2895,0.2917,0.2979,0.2996,0.3027,0.3062,0.3054,0.3107,0.3167,0.3232
Guinea-Bissau,Manure left on Pasture,Emissions (N2O),kilotonnes,0.9932,0.9982,1.0004,1.0117,1.0128,1.0858,1.1362,1.1931,1.2531,1.3074,1.3623,1.3925,1.4005,1.4342,1.4433,1.4596,1.4773,1.4705,1.4949,1.5227,1.5523
Guinea-Bissau,Manure left on Pasture,Emissions (CO2eq) from N2O (AR5),kilotonnes,263.1926,264.5163,265.0985,268.0951,268.3899,287.7335,301.0827,316.1649,332.0665,346.4504,361.0128,369.0154,371.1286,380.0512,382.4639,386.7975,391.496,389.6907,396.1537,403.5156,411.3607
Guinea-Bissau,Manure left on Pasture,Emissions (CO2eq) (AR5),kilotonnes,263.1926,264.5163,265.0985,268.0951,268.3899,287.7335,301.0827,316.1649,332.0665,346.4504,361.0128,369.0154,371.1286,380.0512,382.4639,386.7975,391.496,389.6907,396.1537,403.5156,411.3607
Guinea-Bissau,Manure applied to Soils,Direct emissions (N2O),kilotonnes,0.0919,0.0929,0.0932,0.0956,0.0958,0.0604,0.0677,0.076,0.0855,0.0962,0.108,0.1236,0.1235,0.1239,0.1248,0.1243,0.1238,0.1253,0.1284,0.1303,0.1287
Guinea-Bissau,Manure applied to Soils,Indirect emissions (N2O),kilotonnes,0.0391,0.0395,0.0396,0.0406,0.0407,0.0257,0.0288,0.0323,0.0363,0.0409,0.0459,0.0525,0.0525,0.0527,0.053,0.0528,0.0526,0.0532,0.0546,0.0554,0.0547
Guinea-Bissau,Manure applied to Soils,Emissions (N2O),kilotonnes,0.131,0.1324,0.1328,0.1363,0.1365,0.0861,0.0965,0.1084,0.1219,0.137,0.1539,0.1762,0.176,0.1766,0.1778,0.1771,0.1764,0.1785,0.1829,0.1857,0.1835
Guinea-Bissau,Manure applied to Soils,Emissions (CO2eq) from N2O (AR5),kilotonnes,34.706,35.0904,35.1873,36.1156,36.1646,22.8271,25.5705,28.7145,32.2907,36.3124,40.7932,46.6912,46.6492,46.8,47.1221,46.9304,46.7546,47.313,48.4761,49.2191,48.6178
Guinea-Bissau,Manure applied to Soils,Emissions (CO2eq) (AR5),kilotonnes,34.706,35.0904,35.1873,36.1156,36.1646,22.8271,25.5705,28.7145,32.2907,36.3124,40.7932,46.6912,46.6492,46.8,47.1221,46.9304,46.7546,47.313,48.4761,49.2191,48.6178
Guinea-Bissau,Drained organic soils,Emissions (CO2eq) (AR5),kilotonnes,0.8517,0.8517,0.8517,0.8517,0.8517,0.8517,0.8517,0.8517,0.8517,0.8517,0.8517,0.8517,0.8517,0.8517,0.8517,0.8517,0.8517,0.8517,0.8517,0,0
Guinea-Bissau,Drained organic soils (CO2),Emissions (CO2),kilotonnes,0.8185,0.8185,0.8185,0.8185,0.8185,0.8185,0.8185,0.8185,0.8185,0.8185,0.8185,0.8185,0.8185,0.8185,0.8185,0.8185,0.8185,0.8185,0.8185,0,0
Guinea-Bissau,Drained organic soils (CO2),Emissions (CO2eq) (AR5),kilotonnes,0.8185,0.8185,0.8185,0.8185,0.8185,0.8185,0.8185,0.8185,0.8185,0.8185,0.8185,0.8185,0.8185,0.8185,0.8185,0.8185,0.8185,0.8185,0.8185,0,0
Guinea-Bissau,Drained organic soils (N2O),Emissions (N2O),kilotonnes,0.0001,0.0001,0.0001,0.0001,0.0001,0.0001,0.0001,0.0001,0.0001,0.0001,0.0001,0.0001,0.0001,0.0001,0.0001,0.0001,0.0001,0.0001,0.0001,0,0
Guinea-Bissau,Drained organic soils (N2O),Emissions (CO2eq) from N2O (AR5),kilotonnes,0.0332,0.0332,0.0332,0.0332,0.0332,0.0332,0.0332,0.0332,0.0332,0.0332,0.0332,0.0332,0.0332,0.0332,0.0332,0.0332,0.0332,0.0332,0.0332,0,0
Guinea-Bissau,Drained organic soils (N2O),Emissions (CO2eq) (AR5),kilotonnes,0.0332,0.0332,0.0332,0.0332,0.0332,0.0332,0.0332,0.0332,0.0332,0.0332,0.0332,0.0332,0.0332,0.0332,0.0332,0.0332,0.0332,0.0332,0.0332,0,0
Guinea-Bissau,On-farm energy use,Emissions (CH4),kilotonnes,0.0544,0.0555,0.0585,0.0756,0.0779,0.0753,0.0757,0.0792,0.0782,0.0821,0.0834,0.0825,0.0816,0.0829,0.0934,0.0991,0.1071,0.1136,0.1217,0.1274,0.1274
Guinea-Bissau,On-farm energy use,Emissions (N2O),kilotonnes,0.0003,0.0003,0.0003,0.0004,0.0004,0.0004,0.0004,0.0004,0.0004,0.0004,0.0004,0.0004,0.0004,0.0004,0.0005,0.0005,0.0005,0.0006,0.0006,0.0006,0.0006
Guinea-Bissau,On-farm energy use,Emissions (CO2),kilotonnes,17.1612,17.5026,18.4435,23.8262,24.551,23.7443,23.8748,24.9678,24.661,25.8808,26.314,26.0278,25.7238,26.1423,29.4576,31.2542,33.7702,35.8311,38.3906,40.1772,40.1772
Guinea-Bissau,On-farm energy use,Emissions (CO2eq) from CH4 (AR5),kilotonnes,1.5238,1.5541,1.6377,2.1156,2.18,2.1084,2.12,2.217,2.1898,2.2981,2.3365,2.3111,2.2841,2.3213,2.6157,2.7752,2.9986,3.1816,3.4089,3.5675,3.5675
Guinea-Bissau,On-farm energy use,Emissions (CO2eq) from N2O (AR5),kilotonnes,0.0721,0.0735,0.0775,0.1001,0.1032,0.0998,0.1003,0.1049,0.1036,0.1087,0.1106,0.1094,0.1081,0.1098,0.1238,0.1313,0.1419,0.1506,0.1613,0.1688,0.1688
Guinea-Bissau,On-farm energy use,Emissions (CO2eq) (AR5),kilotonnes,18.7572,19.1302,20.1587,26.0419,26.8342,25.9524,26.0951,27.2897,26.9544,28.2876,28.7611,28.4483,28.116,28.5735,32.197,34.1607,36.9108,39.1633,41.9608,43.9136,43.9136
Guinea-Bissau,Forestland,Emissions (CO2),kilotonnes,-2.816,-5.984,-5.984,-5.984,-5.984,-5.984,-5.984,-5.984,-5.984,-5.984,-5.984,-5.984,-5.984,-5.984,-5.984,-5.984,-5.984,-5.984,-5.984,-5.984,-5.984
Guinea-Bissau,Forestland,Emissions (CO2eq) (AR5),kilotonnes,-2.816,-5.984,-5.984,-5.984,-5.984,-5.984,-5.984,-5.984,-5.984,-5.984,-5.984,-5.984,-5.984,-5.984,-5.984,-5.984,-5.984,-5.984,-5.984,-5.984,-5.984
Guinea-Bissau,Net Forest conversion,Emissions (CO2),kilotonnes,1489.136,1492.304,1492.304,1492.304,1492.304,1492.304,1492.304,1492.304,1492.304,1492.304,1492.304,1492.128,1492.128,1492.128,1492.128,1492.128,1491.424,1491.424,1491.424,1491.424,1491.424
Guinea-Bissau,Net Forest conversion,Emissions (CO2eq) (AR5),kilotonnes,1489.136,1492.304,1492.304,1492.304,1492.304,1492.304,1492.304,1492.304,1492.304,1492.304,1492.304,1492.128,1492.128,1492.128,1492.128,1492.128,1491.424,1491.424,1491.424,1491.424,1491.424
Guinea-Bissau,Savanna fires,Emissions (CH4),kilotonnes,4.0737,9.6328,10.4602,10.3654,8.503,6.9379,9.0601,7.9949,4.704,5.4303,5.3563,4.5348,6.6938,4.347,5.4877,6.2067,4.5645,5.1411,5.9535,5.2585,5.0584
Guinea-Bissau,Savanna fires,Emissions (N2O),kilotonnes,0.3719,0.8795,0.9551,0.9464,0.7764,0.6335,0.8272,0.73,0.4295,0.4958,0.4891,0.414,0.6112,0.3969,0.5011,0.5667,0.4168,0.4694,0.5436,0.4801,0.4619
Guinea-Bissau,Savanna fires,Emissions (CO2eq) from CH4 (AR5),kilotonnes,114.0627,269.7188,292.8846,290.2313,238.0833,194.261,253.6817,223.8562,131.7125,152.0475,149.9754,126.9732,187.4269,121.7173,153.6564,173.7868,127.8059,143.9518,166.697,147.2377,141.6351
Guinea-Bissau,Savanna fires,Emissions (CO2eq) from N2O (AR5),kilotonnes,98.5652,233.0722,253.0905,250.7977,205.735,167.8668,219.2141,193.441,113.8168,131.3889,129.5983,109.7214,161.9613,105.1797,132.7792,150.1745,110.4409,124.3931,144.0479,127.2326,122.3912
Guinea-Bissau,Savanna fires,Emissions (CO2eq) (AR5),kilotonnes,212.6278,502.7909,545.975,541.029,443.8183,362.1278,472.8957,417.2972,245.5293,283.4365,279.5737,236.6945,349.3882,226.897,286.4356,323.9613,238.2468,268.3449,310.7449,274.4703,264.0262
Guinea-Bissau,Fires in organic soils,Emissions (CH4),kilotonnes,0,0,0,0,0,0,0,0,0,0,0,0,0,0,0,0,0,0,0,0,0
Guinea-Bissau,Fires in organic soils,Emissions (CO2),kilotonnes,0,0,0,0,0,0,0,0,0,0,0,0,0,0,0,0,0,0,0,0,0
Guinea-Bissau,Fires in organic soils,Emissions (CO2eq) from CH4 (AR5),kilotonnes,0,0,0,0,0,0,0,0,0,0,0,0,0,0,0,0,0,0,0,0,0
Guinea-Bissau,Fires in organic soils,Emissions (CO2eq) (AR5),kilotonnes,0,0,0,0,0,0,0,0,0,0,0,0,0,0,0,0,0,0,0,0,0
Guinea-Bissau,Forest fires,Emissions (CH4),kilotonnes,7.5367,3.4854,5.7336,6.8058,9.0593,9.1365,12.0473,11.4727,7.6334,6.3403,7.4604,5.4463,11.4115,6.5345,8.9504,11.7121,5.8587,3.9962,3.8446,4.2118,4.3049
Guinea-Bissau,Forest fires,Emissions (N2O),kilotonnes,0.2217,0.3182,0.5235,0.6214,0.8272,0.8342,1.1,1.0475,0.697,0.5789,0.6812,0.4973,1.0419,0.5966,0.8172,1.0694,0.5349,0.3649,0.351,0.3846,0.3931
Guinea-Bissau,Forest fires,Emissions (CO2eq) from CH4 (AR5),kilotonnes,211.0262,97.5905,160.5401,190.5628,253.6605,255.8215,337.3242,321.2344,213.7342,177.5277,208.8918,152.4957,319.5209,182.9654,250.6105,327.9393,164.0425,111.8947,107.6491,117.9302,120.5385
Guinea-Bissau,Forest fires,Emissions (CO2eq) from N2O (AR5),kilotonnes,58.7415,84.331,138.7276,164.6711,219.1957,221.0631,291.4921,277.5884,184.6942,153.4071,180.5097,131.7761,276.1077,158.106,216.5601,283.3823,141.7541,96.6916,93.0229,101.9071,104.161
Guinea-Bissau,Forest fires,Emissions (CO2eq) (AR5),kilotonnes,269.7677,181.9215,299.2678,355.2339,472.8562,476.8846,628.8163,598.8228,398.4283,330.9349,389.4015,284.2718,595.6286,341.0714,467.1706,611.3216,305.7966,208.5863,200.6721,219.8374,224.6995
Guinea-Bissau,Fires in humid tropical forests,Emissions (CH4),kilotonnes,7.5367,3.4854,5.7336,6.8058,9.0593,9.1365,12.0473,11.4727,7.6334,6.3403,7.4604,5.4463,11.4115,6.5345,8.9504,11.7121,5.8587,3.9962,3.8446,4.2118,4.3049
Guinea-Bissau,Fires in humid tropical forests,Emissions (N2O),kilotonnes,0.2217,0.3182,0.5235,0.6214,0.8272,0.8342,1.1,1.0475,0.697,0.5789,0.6812,0.4973,1.0419,0.5966,0.8172,1.0694,0.5349,0.3649,0.351,0.3846,0.3931
Guinea-Bissau,Fires in humid tropical forests,Emissions (CO2eq) from CH4 (AR5),kilotonnes,211.0262,97.5905,160.5401,190.5628,253.6605,255.8215,337.3242,321.2344,213.7342,177.5277,208.8918,152.4957,319.5209,182.9654,250.6105,327.9393,164.0425,111.8947,107.6491,117.9302,120.5385
Guinea-Bissau,Fires in humid tropical forests,Emissions (CO2eq) from N2O (AR5),kilotonnes,58.7415,84.331,138.7276,164.6711,219.1957,221.0631,291.4921,277.5884,184.6942,153.4071,180.5097,131.7761,276.1077,158.106,216.5601,283.3823,141.7541,96.6916,93.0229,101.9071,104.161
Guinea-Bissau,Fires in humid tropical forests,Emissions (CO2eq) (AR5),kilotonnes,269.7677,181.9215,299.2678,355.2339,472.8562,476.8846,628.8163,598.8228,398.4283,330.9349,389.4015,284.2718,595.6286,341.0714,467.1706,611.3216,305.7966,208.5863,200.6721,219.8374,224.6995
Guinea-Bissau,Waste - agri-food systems,Emissions (CH4),kilotonnes,8.1285,8.2008,8.2689,8.3464,8.4211,8.4971,8.5633,8.6424,8.7403,8.8112,8.8821,8.9808,9.0484,9.12,9.1453,9.2075,9.2815,9.3656,9.4529,9.5173,9.5771
Guinea-Bissau,Waste - agri-food systems,Emissions (N2O),kilotonnes,0.0184,0.019,0.0192,0.019,0.0197,0.0204,0.0208,0.0215,0.0224,0.0226,0.0236,0.0241,0.0246,0.0254,0.0242,0.0243,0.026,0.0279,0.0286,0.0292,0.0299
Guinea-Bissau,Waste - agri-food systems,Emissions (CO2),kilotonnes,0,0,0,0,0,0,0,0,0,0,0,0,0,0,0,0,0,0,0,0,0
Guinea-Bissau,Waste - agri-food systems,Emissions (CO2eq) from CH4 (AR5),kilotonnes,227.5967,229.6226,231.5302,233.6995,235.792,237.9198,239.7728,241.9873,244.7285,246.7124,248.6998,251.4612,253.3548,255.3589,256.0689,257.8089,259.8809,262.2355,264.6798,266.4831,268.1581
Guinea-Bissau,Waste - agri-food systems,Emissions (CO2eq) from N2O (AR5),kilotonnes,4.8826,5.0404,5.0833,5.0346,5.2142,5.3994,5.5217,5.6901,5.9304,5.984,6.2453,6.3937,6.5203,6.7368,6.4002,6.4334,6.8957,7.3907,7.5775,7.7505,7.9254
Guinea-Bissau,Waste - agri-food systems,Emissions (CO2eq) (AR5),kilotonnes,232.4793,234.6629,236.6134,238.734,241.0062,243.3193,245.2944,247.6774,250.659,252.6965,254.945,257.855,259.8751,262.0957,262.4691,264.2423,266.7766,269.6262,272.2574,274.2337,276.0834
Guinea-Bissau,On-farm electricity use,Emissions (CH4),kilotonnes,0,0,0,0,0,0,0,0,0,0,0,0,0,0,0,0,0,0,0,0,0
Guinea-Bissau,On-farm electricity use,Emissions (N2O),kilotonnes,0,0,0,0,0,0,0,0,0,0,0,0,0,0,0,0,0,0,0,0,0
Guinea-Bissau,On-farm electricity use,Emissions (CO2),kilotonnes,0,0,0,0,0,0,0,0,0,0,0,0,0,0,0,0,0,0,0,0,0
Guinea-Bissau,On-farm electricity use,Emissions (CO2eq) from CH4 (AR5),kilotonnes,0,0,0,0,0,0,0,0,0,0,0,0,0,0,0,0,0,0,0,0,0
Guinea-Bissau,On-farm electricity use,Emissions (CO2eq) from N2O (AR5),kilotonnes,0,0,0,0,0,0,0,0,0,0,0,0,0,0,0,0,0,0,0,0,0
Guinea-Bissau,On-farm electricity use,Emissions (CO2eq) (AR5),kilotonnes,0,0,0,0,0,0,0,0,0,0,0,0,0,0,0,0,0,0,0,0,0
Guinea-Bissau,Food Processing,Emissions (CH4),kilotonnes,0.0048,0.5391,0.485,0.0036,0.0022,0.0034,0.024,0.0106,0.0112,0.0149,0.0144,0.0146,0.0176,0.0245,0.0257,0.0316,0.0357,0.0208,0.023,0.0208,0.0212
Guinea-Bissau,Food Processing,Emissions (N2O),kilotonnes,0,0.0036,0.0035,0,0,0,0.0003,0.0002,0.0002,0.0003,0.0002,0.0002,0.0003,0.0004,0.0004,0.0005,0.0005,0.0004,0.0003,0.0003,0.0003
Guinea-Bissau,Food Processing,Emissions (CO2),kilotonnes,0.5023,23.7697,22.5484,0.3219,0.251,0.8514,3.69,2.181,2.392,8.1369,6.2983,6.834,5.7795,9.4453,9.3054,9.321,9.6947,8.2863,7.6931,7.6479,7.729
Guinea-Bissau,Food Processing,Emissions (CO2eq) from CH4 (AR5),kilotonnes,0.1344,15.0948,13.58,0.1008,0.0616,0.0952,0.672,0.2968,0.3136,0.4172,0.4032,0.4088,0.4928,0.686,0.7196,0.8848,0.9996,0.5824,0.644,0.5824,0.594
Guinea-Bissau,Food Processing,Emissions (CO2eq) from N2O (AR5),kilotonnes,0,0.954,0.9275,0,0,0,0.0795,0.053,0.053,0.0795,0.053,0.053,0.0795,0.106,0.106,0.1325,0.1325,0.106,0.0795,0.0795,0.0809
Guinea-Bissau,Food Processing,Emissions (CO2eq) (AR5),kilotonnes,0.6367,39.8185,37.0559,0.4227,0.3126,0.9466,4.4415,2.5308,2.7586,8.6336,6.7545,7.2958,6.3518,10.2373,10.131,10.3383,10.8268,8.9747,8.4166,8.3098,8.4039
Guinea-Bissau,Food Packaging,Emissions (CH4),kilotonnes,0.0007,0.0006,0.0008,0.0009,0.0008,0.0009,0.0005,0.0004,0.0003,0.0003,0.0003,0.0003,0.0004,0.0006,0.0006,0.0008,0.0013,0.0014,0.0042,0.0014,0.0014
Guinea-Bissau,Food Packaging,Emissions (N2O),kilotonnes,0,0,0,0,0,0,0,0,0,0,0,0,0,0,0,0,0,0,0,0,0
Guinea-Bissau,Food Packaging,Emissions (CO2),kilotonnes,0.1152,0.102,0.1101,0.1211,0.1179,0.1436,0.1284,0.1122,0.0825,0.0968,0.0616,0.0644,0.0827,0.102,0.0973,0.1027,0.121,0.1273,0.2963,0.156,0.1577
Guinea-Bissau,Food Packaging,Emissions (CO2eq) from CH4 (AR5),kilotonnes,0.0196,0.0168,0.0224,0.0252,0.0224,0.0252,0.014,0.0112,0.0084,0.0084,0.0084,0.0084,0.0112,0.0168,0.0168,0.0224,0.0364,0.0392,0.1176,0.0392,0.04
Guinea-Bissau,Food Packaging,Emissions (CO2eq) from N2O (AR5),kilotonnes,0,0,0,0,0,0,0,0,0,0,0,0,0,0,0,0,0,0,0,0,0
Guinea-Bissau,Food Packaging,Emissions (CO2eq) (AR5),kilotonnes,0.1348,0.1188,0.1325,0.1463,0.1403,0.1688,0.1424,0.1234,0.0909,0.1052,0.07,0.0728,0.0939,0.1188,0.1141,0.1251,0.1574,0.1665,0.4139,0.1952,0.1976
Guinea-Bissau,Food Retail,Emissions (CH4),kilotonnes,0.0005,0.0005,0.0005,0.0004,0.0006,0.0005,0.0006,0.0006,0.0006,0.0006,0.0006,0.0007,0.0006,0.0005,0.0006,0.0012,0.0017,0.0017,0.0018,0.001,0.001
Guinea-Bissau,Food Retail,Emissions (N2O),kilotonnes,0,0,0,0,0,0,0,0,0,0,0,0,0,0,0,0,0,0,0,0,0
Guinea-Bissau,Food Retail,Emissions (CO2),kilotonnes,0.177,0.1791,0.1718,0.1503,0.2047,0.209,0.2227,0.2243,0.2289,0.2408,0.2531,0.2406,0.2195,0.1738,0.215,0.4392,0.6384,0.6474,0.6549,0.3923,0.3965
Guinea-Bissau,Food Retail,Emissions (CO2eq) from CH4 (AR5),kilotonnes,0.014,0.014,0.014,0.0112,0.0168,0.014,0.0168,0.0168,0.0168,0.0168,0.0168,0.0196,0.0168,0.014,0.0168,0.0336,0.0476,0.0476,0.0504,0.028,0.0286
Guinea-Bissau,Food Retail,Emissions (CO2eq) from N2O (AR5),kilotonnes,0,0,0,0,0,0,0,0,0,0,0,0,0,0,0,0,0,0,0,0,0
Guinea-Bissau,Food Retail,Emissions (CO2eq) (AR5),kilotonnes,0.191,0.1931,0.1858,0.1615,0.2215,0.223,0.2395,0.2411,0.2457,0.2576,0.2699,0.2602,0.2363,0.1878,0.2318,0.4728,0.686,0.695,0.7053,0.4203,0.425
Guinea-Bissau,Food Household Consumption,Emissions (CH4),kilotonnes,0.0103,0.0102,0.0097,0.009,0.0115,0.0108,0.0114,0.0123,0.0123,0.0127,0.0131,0.0133,0.0123,0.01,0.0121,0.023,0.0328,0.0332,0.0336,0.034,0.0347
Guinea-Bissau,Food Household Consumption,Emissions (N2O),kilotonnes,0.0001,0.0001,0.0001,0.0001,0.0001,0.0001,0.0001,0.0001,0.0001,0.0001,0.0001,0.0001,0.0001,0.0001,0.0001,0.0002,0.0002,0.0002,0.0002,0.0002,0.0002
Guinea-Bissau,Food Household Consumption,Emissions (CO2),kilotonnes,11.4632,11.5024,11.3713,11.2974,12.5994,12.9952,13.559,15.573,14.9326,15.536,16.1449,16.5892,16.6587,16.2529,17.6573,22.2132,26.3223,26.4856,26.7882,27.2506,27.5397
Guinea-Bissau,Food Household Consumption,Emissions (CO2eq) from CH4 (AR5),kilotonnes,0.2884,0.2856,0.2716,0.252,0.322,0.3024,0.3192,0.3444,0.3444,0.3556,0.3668,0.3724,0.3444,0.28,0.3388,0.644,0.9184,0.9296,0.9408,0.952,0.9709
Guinea-Bissau,Food Household Consumption,Emissions (CO2eq) from N2O (AR5),kilotonnes,0.0265,0.0265,0.0265,0.0265,0.0265,0.0265,0.0265,0.0265,0.0265,0.0265,0.0265,0.0265,0.0265,0.0265,0.0265,0.053,0.053,0.053,0.053,0.053,0.054
Guinea-Bissau,Food Household Consumption,Emissions (CO2eq) (AR5),kilotonnes,11.7781,11.8145,11.6694,11.5759,12.9479,13.3241,13.9047,15.9439,15.3035,15.9181,16.5382,16.9881,17.0296,16.5594,18.0226,22.9102,27.2937,27.4682,27.782,28.2556,28.5646
Guinea-Bissau,Food Transport,Emissions (CH4),kilotonnes,0.0025,0.0025,0.0026,0.003,0.003,0.003,0.0031,0.0031,0.003,0.0032,0.0033,0.0035,0.0037,0.0041,0.0043,0.0046,0.005,0.0039,0.0041,0.0041,0.0042
Guinea-Bissau,Food Transport,Emissions (N2O),kilotonnes,0.0002,0.0002,0.0002,0.0003,0.0003,0.0003,0.0003,0.0003,0.0003,0.0003,0.0003,0.0004,0.0004,0.0004,0.0005,0.0005,0.0005,0.0004,0.0004,0.0005,0.0005
Guinea-Bissau,Food Transport,Emissions (CO2),kilotonnes,10.405,10.566,11.1235,13.0335,13.3785,13.8045,14.1365,14.914,14.584,15.466,15.65,15.8117,16.7005,18.1433,18.7033,20.0261,21.446,16.7783,17.6669,19.287,19.4916
Guinea-Bissau,Food Transport,Emissions (CO2eq) from CH4 (AR5),kilotonnes,0.07,0.07,0.0728,0.084,0.084,0.084,0.0868,0.0868,0.084,0.0896,0.0924,0.098,0.1036,0.1148,0.1204,0.1288,0.14,0.1092,0.1148,0.1148,0.1171
Guinea-Bissau,Food Transport,Emissions (CO2eq) from N2O (AR5),kilotonnes,0.053,0.053,0.053,0.0795,0.0795,0.0795,0.0795,0.0795,0.0795,0.0795,0.0795,0.106,0.106,0.106,0.1325,0.1325,0.1325,0.106,0.106,0.1325,0.1349
Guinea-Bissau,Food Transport,Emissions (CO2eq) (AR5),kilotonnes,10.528,10.689,11.2493,13.197,13.542,13.968,14.3028,15.0803,14.7475,15.6351,15.8219,16.0157,16.9101,18.3641,18.9562,20.2874,21.7185,16.9935,17.8877,19.5343,19.7436
Guinea-Bissau,Energy,Emissions (CH4),kilotonnes,10.1,10.3,10.5,10.7,11,11.3,11.5,11.8,12,12.3,12.6,12.8,13.3,13.4,13.5,13.9,14.2,14.8,14.9,15.1,15.4
Guinea-Bissau,Energy,Emissions (N2O),kilotonnes,0.118,0.119,0.122,0.125,0.127,0.131,0.133,0.136,0.139,0.141,0.144,0.146,0.151,0.153,0.154,0.156,0.16,0.163,0.163,0.167,0.17
Guinea-Bissau,Energy,Emissions (CO2),kilotonnes,147,150,154,194,202,213,216,231,227,235,238,246,253,257,271,279,293,293,369,377,381
Guinea-Bissau,Energy,Emissions (CO2eq) from CH4 (AR5),kilotonnes,282.8,288.4,294,299.6,308,316.4,322,330.4,336,344.4,352.8,358.4,372.4,375.2,378,389.2,397.6,414.4,417.2,422.8,431.2
Guinea-Bissau,Energy,Emissions (CO2eq) from N2O (AR5),kilotonnes,31.27,31.535,32.33,33.125,33.655,34.715,35.245,36.04,36.835,37.365,38.16,38.69,40.015,40.545,40.81,41.34,42.4,43.195,43.195,44.255,45.05
Guinea-Bissau,Energy,Emissions (CO2eq) (AR5),kilotonnes,461.07,469.935,480.33,526.725,543.655,564.115,573.245,597.44,599.835,616.765,628.96,643.09,665.415,672.745,689.81,709.54,733,750.595,829.395,844.055,857.25
Guinea-Bissau,IPPU,Emissions (N2O),kilotonnes,0,0,0,0,0,0,0,0,0,0,0,0,0,0,0,0,0,0,0,0,0
Guinea-Bissau,IPPU,Emissions (CO2),kilotonnes,6.36,6.56,6.79,6.66,7.28,7.41,7.63,7.96,8.02,8.15,8.23,8.38,8.43,8.66,8.66,8.56,8.57,8.44,8.45,8.89,8.98
Guinea-Bissau,IPPU,Emissions (CO2eq) from N2O (AR5),kilotonnes,0.0036,0.0037,0.0038,0.0038,0.0039,0.004,0.0041,0.0042,0.0043,0.0044,0.0045,0.0047,0.0048,0.0049,0.005,0.0052,0.0053,0.0054,0.0056,0.0056,0.0058
Guinea-Bissau,IPPU,Emissions (CO2eq) (AR5),kilotonnes,6.3636,6.5637,6.7938,6.6638,7.2839,7.414,7.6341,7.9642,8.0243,8.1544,8.2345,8.3847,8.4348,8.6649,8.665,8.5652,8.5753,8.4454,8.4556,8.8956,8.9858
Guinea-Bissau,Waste,Emissions (CH4),kilotonnes,8.55,8.77,8.96,9.19,9.44,9.73,10,10.3,10.6,11,11.4,11.8,12.1,12.5,12.9,13.4,13.8,14.3,14.7,14.9,15.3
Guinea-Bissau,Waste,Emissions (N2O),kilotonnes,0.0345,0.0352,0.0359,0.0361,0.0366,0.0372,0.0383,0.0392,0.0405,0.0415,0.0429,0.044,0.0452,0.0464,0.0464,0.0465,0.047,0.0493,0.0511,0.0514,0.0524
Guinea-Bissau,Waste,Emissions (CO2eq) from CH4 (AR5),kilotonnes,239.4,245.56,250.88,257.32,264.32,272.44,280,288.4,296.8,308,319.2,330.4,338.8,350,361.2,375.2,386.4,400.4,411.6,417.2,428.4
Guinea-Bissau,Waste,Emissions (CO2eq) from N2O (AR5),kilotonnes,9.1425,9.328,9.5135,9.5665,9.699,9.858,10.1495,10.388,10.7325,10.9975,11.3685,11.66,11.978,12.296,12.296,12.3225,12.455,13.0645,13.5415,13.621,13.886
Guinea-Bissau,Waste,Emissions (CO2eq) (AR5),kilotonnes,248.5425,254.888,260.3935,266.8865,274.019,282.298,290.1495,298.788,307.5325,318.9975,330.5685,342.06,350.778,362.296,373.496,387.5225,398.855,413.4645,425.1415,430.821,442.286
Guinea-Bissau,Other,Emissions (N2O),kilotonnes,0.0676,0.0691,0.0707,0.0734,0.075,0.0768,0.0785,0.0809,0.0822,0.0845,0.0862,0.0889,0.0915,0.093,0.0938,0.0961,0.0993,0.0986,0.0997,0.103,0.105
Guinea-Bissau,Other,Emissions (CO2eq) from N2O (AR5),kilotonnes,17.914,18.3115,18.7355,19.451,19.875,20.352,20.8025,21.4385,21.783,22.3925,22.843,23.5585,24.2475,24.645,24.857,25.4665,26.3145,26.129,26.4205,27.295,27.825
Guinea-Bissau,Other,Emissions (CO2eq) (AR5),kilotonnes,17.914,18.3115,18.7355,19.451,19.875,20.352,20.8025,21.4385,21.783,22.3925,22.843,23.5585,24.2475,24.645,24.857,25.4665,26.3145,26.129,26.4205,27.295,27.825
Guinea-Bissau,Farm-gate emissions,Emissions (CH4),kilotonnes,31.2004,36.4396,37.198,37.1791,35.3646,34.781,37.9868,38.4482,37.3208,39.742,41.6429,40.9986,44.7808,44.6146,42.3749,45.1738,44.6016,44.1146,45.9553,46.3284,46.7005
Guinea-Bissau,Farm-gate emissions,Direct emissions (N2O),kilotonnes,0.9389,0.9395,0.9387,0.9484,0.9541,0.9785,1.0263,1.0726,1.1367,1.1924,1.2538,1.2854,1.3018,1.3383,1.3172,1.3428,1.3617,1.3521,1.3782,1.4057,1.4291
Guinea-Bissau,Farm-gate emissions,Indirect emissions (N2O),kilotonnes,0.2475,0.248,0.2478,0.2508,0.2521,0.2592,0.2737,0.288,0.3068,0.324,0.343,0.3553,0.3598,0.3682,0.3636,0.3694,0.3739,0.3725,0.38,0.3877,0.394
Guinea-Bissau,Farm-gate emissions,Emissions (N2O),kilotonnes,1.7255,2.2364,2.3101,2.3188,2.1566,1.9751,2.2447,2.2218,2.022,2.1817,2.278,2.2763,2.4944,2.3262,2.4042,2.501,2.3736,2.4179,2.5315,2.5068,2.5146
Guinea-Bissau,Farm-gate emissions,Emissions (CO2),kilotonnes,17.9798,18.3211,19.262,24.6447,25.3695,24.5628,24.6933,25.7863,25.4795,26.6993,27.1325,26.8464,26.5423,26.9609,30.2761,32.0727,34.5888,36.6496,39.2092,40.1772,40.1772
Guinea-Bissau,Farm-gate emissions,Emissions (CO2eq) from CH4 (AR5),kilotonnes,873.6121,1020.3102,1041.5438,1041.0141,990.2086,973.8676,1063.6314,1076.5486,1044.9813,1112.7756,1166.0022,1147.961,1253.8628,1249.2089,1186.4976,1264.8655,1248.8447,1235.2086,1286.747,1297.1954,1307.6138
Guinea-Bissau,Farm-gate emissions,Emissions (CO2eq) from N2O (AR5),kilotonnes,457.2557,592.6461,612.1666,614.4716,571.4996,523.4138,594.8547,588.7803,535.8424,578.1461,603.6639,603.2323,661.0101,616.4478,637.1005,662.7575,629.0022,640.7382,670.8384,664.3114,666.3579
Guinea-Bissau,Farm-gate emissions,Emissions (CO2eq) (AR5),kilotonnes,1348.8475,1631.2774,1672.9724,1680.1305,1587.0777,1521.8443,1683.1794,1691.1153,1606.3031,1717.621,1796.7987,1778.0396,1941.4153,1892.6175,1853.8742,1959.6958,1912.4357,1912.5965,1996.7946,2001.6841,2014.149
Guinea-Bissau,Land Use change,Emissions (CH4),kilotonnes,7.5367,3.4854,5.7336,6.8058,9.0593,9.1365,12.0473,11.4727,7.6334,6.3403,7.4604,5.4463,11.4115,6.5345,8.9504,11.7121,5.8587,3.9962,3.8446,4.2118,4.3049
Guinea-Bissau,Land Use change,Emissions (N2O),kilotonnes,0.2217,0.3182,0.5235,0.6214,0.8272,0.8342,1.1,1.0475,0.697,0.5789,0.6812,0.4973,1.0419,0.5966,0.8172,1.0694,0.5349,0.3649,0.351,0.3846,0.3931
Guinea-Bissau,Land Use change,Emissions (CO2),kilotonnes,1489.136,1492.304,1492.304,1492.304,1492.304,1492.304,1492.304,1492.304,1492.304,1492.304,1492.304,1492.128,1492.128,1492.128,1492.128,1492.128,1491.424,1491.424,1491.424,1491.424,1491.424
Guinea-Bissau,Land Use change,Emissions (CO2eq) from CH4 (AR5),kilotonnes,211.0262,97.5905,160.5401,190.5628,253.6605,255.8215,337.3242,321.2344,213.7342,177.5277,208.8918,152.4957,319.5209,182.9654,250.6105,327.9393,164.0425,111.8947,107.6491,117.9302,120.5385
Guinea-Bissau,Land Use change,Emissions (CO2eq) from N2O (AR5),kilotonnes,58.7415,84.331,138.7276,164.6711,219.1957,221.0631,291.4921,277.5884,184.6942,153.4071,180.5097,131.7761,276.1077,158.106,216.5601,283.3823,141.7541,96.6916,93.0229,101.9071,104.161
Guinea-Bissau,Land Use change,Emissions (CO2eq) (AR5),kilotonnes,1758.9037,1674.2255,1791.5718,1847.5379,1965.1602,1969.1886,2121.1203,2091.1268,1890.7323,1823.2389,1881.7055,1776.3998,2087.7566,1833.1994,1959.2986,2103.4496,1797.2206,1700.0103,1692.0961,1711.2614,1716.1235
Guinea-Bissau,Emissions on agricultural land,Emissions (CH4),kilotonnes,38.7371,39.925,42.9316,43.9849,44.4239,43.9175,50.0341,49.9208,44.9541,46.0823,49.1034,46.4449,56.1923,51.1491,51.3253,56.8859,50.4603,48.1108,49.7999,50.5402,51.0054
Guinea-Bissau,Emissions on agricultural land,Emissions (N2O),kilotonnes,1.9472,2.5546,2.8336,2.9402,2.9838,2.8093,3.3447,3.2693,2.719,2.7606,2.9591,2.7736,3.5363,2.9228,3.2214,3.5703,2.9085,2.7828,2.8825,2.8914,2.9076
Guinea-Bissau,Emissions on agricultural land,Emissions (CO2),kilotonnes,1507.1158,1510.6251,1511.566,1516.9487,1517.6735,1516.8668,1516.9973,1518.0903,1517.7835,1519.0033,1519.4365,1518.9744,1518.6703,1519.0889,1522.4041,1524.2007,1526.0128,1528.0736,1530.6332,1531.6012,1531.6012
Guinea-Bissau,Emissions on agricultural land,Emissions (CO2eq) from CH4 (AR5),kilotonnes,1084.6383,1117.9007,1202.084,1231.5769,1243.8691,1229.6891,1400.9556,1397.783,1258.7154,1290.3034,1374.894,1300.4566,1573.3837,1432.1743,1437.1081,1592.8048,1412.8872,1347.1033,1394.3962,1415.1256,1428.1523
Guinea-Bissau,Emissions on agricultural land,Emissions (CO2eq) from N2O (AR5),kilotonnes,515.9972,676.9771,750.8942,779.1427,790.6953,744.4769,886.3468,866.3688,720.5365,731.5532,784.1737,735.0084,937.1178,774.5538,853.6606,946.1398,770.7563,737.4298,763.8613,766.2186,770.5189
Guinea-Bissau,Emissions on agricultural land,Emissions (CO2eq) (AR5),kilotonnes,3107.7512,3305.5029,3464.5441,3527.6684,3552.2379,3491.0329,3804.2997,3782.2421,3497.0355,3540.8599,3678.5042,3554.4394,4029.1718,3725.8169,3813.1729,4063.1454,3709.6563,3612.6067,3688.8907,3712.9454,3730.2725
Guinea-Bissau,Pre- and post- production,Emissions (CH4),kilotonnes,8.1473,8.7537,8.7675,8.3633,8.4392,8.5157,8.6029,8.6694,8.7677,8.8429,8.9138,9.0132,9.083,9.1597,9.1886,9.2687,9.358,9.4266,9.5196,9.5786,9.6396
Guinea-Bissau,Pre- and post- production,Emissions (N2O),kilotonnes,0.0187,0.0229,0.023,0.0194,0.0201,0.0208,0.0215,0.0221,0.023,0.0233,0.0242,0.0248,0.0254,0.0263,0.0252,0.0255,0.0272,0.0289,0.0295,0.0302,0.0309
Guinea-Bissau,Pre- and post- production,Emissions (CO2),kilotonnes,22.6627,46.1192,45.3251,24.9242,26.5515,28.0037,31.7366,33.0045,32.22,39.4765,38.4079,39.5399,39.4409,44.1173,45.9783,52.1022,58.2224,52.3249,53.0994,54.7338,55.3145
Guinea-Bissau,Pre- and post- production,Emissions (CO2eq) from CH4 (AR5),kilotonnes,228.1231,245.1038,245.491,234.1727,236.2988,238.4406,240.8816,242.7433,245.4957,247.6,249.5874,252.3684,254.3236,256.4705,257.2813,259.5225,262.0229,263.9435,266.5474,268.1995,269.9086
Guinea-Bissau,Pre- and post- production,Emissions (CO2eq) from N2O (AR5),kilotonnes,4.9621,6.0739,6.0903,5.1406,5.3202,5.5054,5.7072,5.8491,6.0894,6.1695,6.4043,6.5792,6.7323,6.9753,6.6652,6.7514,7.2137,7.6557,7.816,8.0155,8.1951
Guinea-Bissau,Pre- and post- production,Emissions (CO2eq) (AR5),kilotonnes,255.7479,297.2968,296.9063,264.2374,268.1705,271.9498,278.3253,281.5969,283.8052,293.2461,294.3995,298.4876,300.4968,307.5631,309.9248,318.3761,327.459,323.9241,327.4629,330.9489,333.4182
Guinea-Bissau,Agri-food systems,Emissions (CH4),kilotonnes,46.8843,48.6787,51.6991,52.3482,52.8631,52.4332,58.637,58.5902,53.7218,54.9251,58.0172,55.458,65.2753,60.3087,60.5139,66.1545,59.8182,57.5374,59.3194,60.1188,60.645
Guinea-Bissau,Agri-food systems,Emissions (N2O),kilotonnes,1.9659,2.5776,2.8565,2.9596,3.0038,2.8301,3.3662,3.2914,2.742,2.7839,2.9833,2.7984,3.5617,2.9492,3.2465,3.5958,2.9357,2.8116,2.912,2.9216,2.9385
Guinea-Bissau,Agri-food systems,Emissions (CO2),kilotonnes,1529.7785,1556.7443,1556.8911,1541.8729,1544.225,1544.8705,1548.7339,1551.0948,1550.0035,1558.4798,1557.8444,1558.5143,1558.1112,1563.2062,1568.3824,1576.3029,1584.2352,1580.3985,1583.7326,1586.335,1586.9158
Guinea-Bissau,Agri-food systems,Emissions (CO2eq) from CH4 (AR5),kilotonnes,1312.7614,1363.0045,1447.5749,1465.7496,1480.1679,1468.1297,1641.8371,1640.5263,1504.2111,1537.9034,1624.4814,1552.8251,1827.7073,1688.6448,1694.3894,1852.3273,1674.9101,1611.0468,1660.9436,1683.3251,1698.0609
Guinea-Bissau,Agri-food systems,Emissions (CO2eq) from N2O (AR5),kilotonnes,520.9592,683.0509,756.9844,784.2833,796.0155,749.9824,892.0539,872.2179,726.626,737.7227,790.578,741.5876,943.8501,781.529,860.3258,952.8912,777.97,745.0855,771.6774,774.2341,778.7141
Guinea-Bissau,Agri-food systems,Emissions (CO2eq) (AR5),kilotonnes,3363.4991,3602.7997,3761.4505,3791.9058,3820.4084,3762.9826,4082.625,4063.839,3780.8406,3834.106,3972.9037,3852.927,4329.6686,4033.38,4123.0976,4381.5214,4037.1153,3936.5308,4016.3535,4043.8943,4063.6907
Guinea-Bissau,IPCC Agriculture,Emissions (CH4),kilotonnes,31.146,36.3841,37.1395,37.1035,35.2867,34.7057,37.9111,38.369,37.2426,39.6599,41.5595,40.9161,44.6992,44.5317,42.2815,45.0747,44.4945,44.001,45.8335,46.201,46.5731
Guinea-Bissau,IPCC Agriculture,Emissions (CH4),kilotonnes,,,,,,,40.52,,,,75.41,,,,,,,,,,
Guinea-Bissau,IPCC Agriculture,Direct emissions (N2O),kilotonnes,0.9389,0.9395,0.9387,0.9484,0.9541,0.9785,1.0263,1.0726,1.1367,1.1924,1.2538,1.2854,1.3018,1.3383,1.3172,1.3428,1.3617,1.3521,1.3782,1.4057,1.4291
Guinea-Bissau,IPCC Agriculture,Indirect emissions (N2O),kilotonnes,0.2475,0.248,0.2478,0.2508,0.2521,0.2592,0.2737,0.288,0.3068,0.324,0.343,0.3553,0.3598,0.3682,0.3636,0.3694,0.3739,0.3725,0.38,0.3877,0.394
Guinea-Bissau,IPCC Agriculture,Emissions (N2O),kilotonnes,1.7252,2.2361,2.3098,2.3184,2.1562,1.9748,2.2444,2.2214,2.0217,2.1813,2.2776,2.2759,2.494,2.3258,2.4037,2.5005,2.3731,2.4173,2.5309,2.5062,2.5139
Guinea-Bissau,IPCC Agriculture,Emissions (N2O),kilotonnes,,,,,,,2.47,,,,7.61,,,,,,,,,,
Guinea-Bissau,IPCC Agriculture,Emissions (CO2eq) from CH4 (AR5),kilotonnes,872.0882,1018.7561,1039.9061,1038.8985,988.0286,971.7593,1061.5114,1074.3316,1042.7915,1110.4776,1163.6657,1145.6498,1251.5787,1246.8876,1183.882,1262.0903,1245.8461,1232.027,1283.3382,1293.6279,1304.0463
Guinea-Bissau,IPCC Agriculture,Emissions (CO2eq) from CH4 (AR5),kilotonnes,,,,,,,1134.56,,,,2111.48,,,,,,,,,,
Guinea-Bissau,IPCC Agriculture,Emissions (CO2eq) from N2O (AR5),kilotonnes,457.1836,592.5726,612.0891,614.3715,571.3964,523.3141,594.7544,588.6754,535.7387,578.0373,603.5534,603.1229,660.902,616.3379,636.9767,662.6262,628.8603,640.5876,670.6771,664.1426,666.1891
Guinea-Bissau,IPCC Agriculture,Emissions (CO2eq) from N2O (AR5),kilotonnes,,,,,,,654.55,,,,2016.65,,,,,,,,,,
Guinea-Bissau,IPCC Agriculture,Emissions (CO2eq) (AR5),kilotonnes,1329.2718,1611.3286,1651.9952,1653.27,1559.425,1495.0733,1656.2658,1663.007,1578.5302,1688.5149,1767.2191,1748.7727,1912.4807,1863.2255,1820.8587,1924.7165,1874.7064,1872.6146,1954.0153,1957.7705,1970.2354
Guinea-Bissau,IPCC Agriculture,Emissions (CO2eq) (AR5),kilotonnes,,,,,,,1789.11,,,,4128.13,,,,,,,,,,
Guinea-Bissau,Agricultural Soils,Direct emissions (N2O),kilotonnes,0.9389,0.9395,0.9387,0.9484,0.9541,0.9785,1.0263,1.0726,1.1367,1.1924,1.2538,1.2854,1.3018,1.3383,1.3172,1.3428,1.3617,1.3521,1.3782,1.4057,1.4291
Guinea-Bissau,Agricultural Soils,Indirect emissions (N2O),kilotonnes,0.2475,0.248,0.2478,0.2508,0.2521,0.2592,0.2737,0.288,0.3068,0.324,0.343,0.3553,0.3598,0.3682,0.3636,0.3694,0.3739,0.3725,0.38,0.3877,0.394
Guinea-Bissau,Agricultural Soils,Emissions (N2O),kilotonnes,1.1865,1.1876,1.1867,1.1993,1.2064,1.2379,1.3002,1.3608,1.4436,1.5166,1.5969,1.6408,1.6617,1.7066,1.6808,1.7123,1.7357,1.7248,1.7583,1.7934,1.8231
Guinea-Bissau,Agricultural Soils,Emissions (N2O),kilotonnes,,,,,,,2.21,,,,7.45,,,,,,,,,,
Guinea-Bissau,Agricultural Soils,Emissions (CO2eq) from N2O (AR5),kilotonnes,314.4278,314.7162,314.4632,317.8133,319.6854,328.0341,344.5417,360.6031,382.5446,401.8941,423.1734,434.8064,440.3587,452.2558,445.4201,453.7659,459.9629,457.0678,465.9442,475.2636,483.1291
Guinea-Bissau,Agricultural Soils,Emissions (CO2eq) from N2O (AR5),kilotonnes,,,,,,,585.65,,,,1974.25,,,,,,,,,,
Guinea-Bissau,Agricultural Soils,Emissions (CO2eq) (AR5),kilotonnes,314.4278,314.7162,314.4632,317.8133,319.6854,328.0341,344.5417,360.6031,382.5446,401.8941,423.1734,434.8064,440.3587,452.2558,445.4201,453.7659,459.9629,457.0678,465.9442,475.2636,483.1291
Guinea-Bissau,Agricultural Soils,Emissions (CO2eq) (AR5),kilotonnes,,,,,,,585.65,,,,1974.25,,,,,,,,,,
Guinea-Bissau,LULUCF,Emissions (CH4),kilotonnes,7.5367,3.4854,5.7336,6.8058,9.0593,9.1365,12.0473,11.4727,7.6334,6.3403,7.4604,5.4463,11.4115,6.5345,8.9504,11.7121,5.8587,3.9962,3.8446,4.2118,4.3049
Guinea-Bissau,LULUCF,Emissions (CH4),kilotonnes,,,,,,,61.45,,,,89,,,,,,,,,,
Guinea-Bissau,LULUCF,Emissions (N2O),kilotonnes,0.2217,0.3182,0.5235,0.6214,0.8272,0.8342,1.1,1.0475,0.697,0.5789,0.6812,0.4973,1.0419,0.5966,0.8172,1.0694,0.5349,0.3649,0.351,0.3846,0.3931
Guinea-Bissau,LULUCF,Emissions (N2O),kilotonnes,,,,,,,1.75,,,,1,,,,,,,,,,
Guinea-Bissau,LULUCF,Emissions (CO2),kilotonnes,1487.1385,1487.1385,1487.1385,1487.1385,1487.1385,1487.1385,1487.1385,1487.1385,1487.1385,1487.1385,1487.1385,1486.9625,1486.9625,1486.9625,1486.9625,1486.9625,1486.2585,1486.2585,1486.2585,1485.44,1485.44
Guinea-Bissau,LULUCF,Emissions (CO2),kilotonnes,,,,,,,3623.99,,,,-12897,,,,,,,,,,
Guinea-Bissau,LULUCF,Emissions (CO2eq) from CH4 (AR5),kilotonnes,211.0262,97.5905,160.5401,190.5628,253.6605,255.8215,337.3242,321.2344,213.7342,177.5277,208.8918,152.4957,319.5209,182.9654,250.6105,327.9393,164.0425,111.8947,107.6491,117.9302,120.5385
Guinea-Bissau,LULUCF,Emissions (CO2eq) from N2O (AR5),kilotonnes,58.7415,84.331,138.7276,164.6711,219.1957,221.0631,291.4921,277.5884,184.6942,153.4071,180.5097,131.7761,276.1077,158.106,216.5601,283.3823,141.7541,96.6916,93.0229,101.9071,104.161
Guinea-Bissau,LULUCF,Emissions (CO2eq) (AR5),kilotonnes,1756.9063,1669.06,1786.4063,1842.3724,1959.9948,1964.0231,2115.9548,2085.9614,1885.5669,1818.0734,1876.54,1771.2343,2082.5911,1828.0339,1954.1331,2098.2841,1792.0551,1694.8448,1686.9306,1705.2774,1710.1395
Guinea-Bissau,LULUCF,Emissions (CO2eq) (AR5),kilotonnes,,,,,,,3623.99,,,,-12897,,,,,,,,,,
Guinea-Bissau,AFOLU,Emissions (CH4),kilotonnes,38.6827,39.8695,42.8731,43.9093,44.346,43.8422,49.9584,49.8416,44.8759,46.0002,49.0199,46.3623,56.1107,51.0662,51.2319,56.7868,50.3532,47.9972,49.6781,50.4128,50.878
Guinea-Bissau,AFOLU,Emissions (N2O),kilotonnes,1.9469,2.5544,2.8333,2.9398,2.9834,2.809,3.3443,3.2689,2.7186,2.7602,2.9587,2.7732,3.5359,2.9224,3.2209,3.5698,2.908,2.7822,2.8819,2.8908,2.907
Guinea-Bissau,AFOLU,Emissions (CO2),kilotonnes,1487.1385,1487.1385,1487.1385,1487.1385,1487.1385,1487.1385,1487.1385,1487.1385,1487.1385,1487.1385,1487.1385,1486.9625,1486.9625,1486.9625,1486.9625,1486.9625,1486.2585,1486.2585,1486.2585,1485.44,1485.44
Guinea-Bissau,AFOLU,Emissions (CO2eq) from CH4 (AR5),kilotonnes,1083.1145,1116.3466,1200.4463,1229.4613,1241.6891,1227.5807,1398.8356,1395.566,1256.5256,1288.0053,1372.5575,1298.1455,1571.0996,1429.853,1434.4924,1590.0296,1409.8886,1343.9217,1390.9873,1411.5581,1424.5848
Guinea-Bissau,AFOLU,Emissions (CO2eq) from N2O (AR5),kilotonnes,515.9251,676.9035,750.8167,779.0426,790.5922,744.3772,886.2464,866.2638,720.4329,731.4444,784.0631,734.8991,937.0097,774.4439,853.5369,946.0085,770.6144,737.2792,763.7,766.0497,770.3501
Guinea-Bissau,AFOLU,Emissions (CO2eq) (AR5),kilotonnes,3086.1781,3280.3886,3438.4015,3495.6424,3519.4197,3459.0964,3772.2206,3748.9684,3464.0971,3506.5883,3643.7591,3520.0071,3995.0718,3691.2594,3774.9918,4023.0006,3666.7615,3567.4595,3640.9458,3663.0478,3680.3749
Guinea-Bissau,All sectors with LULUCF,Emissions (CH4),kilotonnes,57.3327,58.9395,62.3331,63.7993,64.786,64.8722,71.4584,71.9416,67.4759,69.3002,73.0199,70.9623,81.5107,76.9662,77.6319,84.0868,78.3532,77.0972,79.2781,80.4128,81.578
Guinea-Bissau,All sectors with LULUCF,Emissions (N2O),kilotonnes,2.167,2.7777,3.0619,3.1743,3.222,3.054,3.5941,3.525,2.9803,3.0272,3.2318,3.0521,3.8236,3.2148,3.5151,3.8685,3.2143,3.0931,3.1957,3.2122,3.2344
Guinea-Bissau,All sectors with LULUCF,Emissions (CO2),kilotonnes,1640.4985,1643.6985,1647.9285,1687.7985,1696.4185,1707.5485,1710.7685,1726.0985,1722.1585,1730.2885,1733.3685,1741.3425,1748.3925,1752.6225,1766.6225,1774.5225,1787.8285,1787.6985,1863.7085,1871.33,1875.42
Guinea-Bissau,All sectors with LULUCF,Emissions (CO2eq) from CH4 (AR5),kilotonnes,1605.3145,1650.3066,1745.3263,1786.3813,1814.0091,1816.4207,2000.8356,2014.366,1889.3256,1940.4053,2044.5575,1986.9455,2282.2996,2155.053,2173.6924,2354.4296,2193.8886,2158.7217,2219.7873,2251.5581,2284.1848
Guinea-Bissau,All sectors with LULUCF,Emissions (CO2eq) from N2O (AR5),kilotonnes,574.2552,736.0817,811.3994,841.189,853.8251,809.3062,952.4476,934.1346,789.7877,802.2039,856.4391,808.8122,1013.255,851.9348,931.5049,1025.1427,851.7892,819.6732,846.8626,851.2264,857.1169
Guinea-Bissau,All sectors with LULUCF,Emissions (CO2eq) (AR5),kilotonnes,3820.0682,4030.0868,4204.6543,4315.3688,4364.2527,4333.2755,4664.0517,4674.5991,4401.2719,4472.8977,4634.3651,4537.1002,5043.9471,4759.6103,4871.8198,5154.0948,4833.5063,4766.0934,4930.3584,4974.1145,5016.7217
Guinea-Bissau,All sectors without LULUCF,Emissions (CH4),kilotonnes,49.796,55.4541,56.5995,56.9935,55.7267,55.7357,59.4111,60.469,59.8426,62.9599,65.5595,65.5161,70.0992,70.4317,68.6815,72.3747,72.4945,73.101,75.4335,76.201,77.2731
Guinea-Bissau,All sectors without LULUCF,Emissions (N2O),kilotonnes,1.9453,2.4594,2.5384,2.5529,2.3948,2.2198,2.4942,2.4775,2.2834,2.4483,2.5507,2.5549,2.7817,2.6182,2.6979,2.7991,2.6794,2.7282,2.8447,2.8276,2.8413
Guinea-Bissau,All sectors without LULUCF,Emissions (CO2),kilotonnes,153.36,156.56,160.79,200.66,209.28,220.41,223.63,238.96,235.02,243.15,246.23,254.38,261.43,265.66,279.66,287.56,301.57,301.44,377.45,385.89,389.98
Guinea-Bissau,All sectors without LULUCF,Emissions (CO2eq) from CH4 (AR5),kilotonnes,1394.2882,1552.7161,1584.7861,1595.8185,1560.3486,1560.5993,1663.5114,1693.1316,1675.5915,1762.8776,1835.6657,1834.4498,1962.7787,1972.0876,1923.082,2026.4903,2029.8461,2046.827,2112.1382,2133.6279,2163.6463
Guinea-Bissau,All sectors without LULUCF,Emissions (CO2eq) from N2O (AR5),kilotonnes,515.5137,651.7508,672.6718,676.5179,634.6294,588.2431,660.9555,656.5461,605.0935,648.7967,675.9294,677.0361,737.1473,693.8288,714.9448,741.7604,710.0351,722.9816,753.8397,749.3193,752.9559
Guinea-Bissau,All sectors without LULUCF,Emissions (CO2eq) (AR5),kilotonnes,2063.1619,2361.0268,2418.248,2472.9964,2404.2579,2369.2524,2548.0969,2588.6377,2515.705,2654.8243,2757.8251,2765.8659,2961.356,2931.5764,2917.6867,3055.8107,3041.4512,3071.2486,3243.4278,3268.8371,3306.5821
Guyana,Crop Residues,Direct emissions (N2O),kilotonnes,0.0901,0.0981,0.0866,0.1059,0.0966,0.0839,0.0887,0.0888,0.0983,0.1057,0.1078,0.1182,0.1227,0.1504,0.1336,0.1417,0.1108,0.129,0.1682,0.1371,0.1401
Guyana,Crop Residues,Indirect emissions (N2O),kilotonnes,0.0203,0.0221,0.0195,0.0238,0.0217,0.0189,0.02,0.02,0.0221,0.0238,0.0243,0.0266,0.0276,0.0338,0.0301,0.0319,0.0249,0.029,0.0378,0.0308,0.0315
Guyana,Crop Residues,Emissions (N2O),kilotonnes,0.1104,0.1201,0.1061,0.1298,0.1184,0.1027,0.1086,0.1088,0.1205,0.1294,0.1321,0.1448,0.1503,0.1842,0.1637,0.1736,0.1357,0.1581,0.2061,0.1679,0.1716
Guyana,Crop Residues,Emissions (CO2eq) from N2O (AR5),kilotonnes,29.2453,31.8334,28.1277,34.3875,31.3665,27.2246,28.7883,28.8376,31.9207,34.2981,35.0095,38.3741,39.8393,48.8226,43.3747,45.9973,35.9686,41.8923,54.6052,44.5004,45.4717
Guyana,Crop Residues,Emissions (CO2eq) (AR5),kilotonnes,29.2453,31.8334,28.1277,34.3875,31.3665,27.2246,28.7883,28.8376,31.9207,34.2981,35.0095,38.3741,39.8393,48.8226,43.3747,45.9973,35.9686,41.8923,54.6052,44.5004,45.4717
Guyana,Rice Cultivation,Emissions (CH4),kilotonnes,30.8619,33.121,28.6482,34.3672,30.7762,28.3822,27.1586,28.1694,31.8668,33.1968,34.9524,37.3464,38.1444,43.8368,49.3135,50.806,39.9646,45.8198,44.4648,47.2977,49.3967
Guyana,Rice Cultivation,Emissions (CO2eq) from CH4 (AR5),kilotonnes,864.1319,927.3877,802.1496,962.2816,861.7336,794.7016,760.4408,788.7432,892.2704,929.5104,978.6672,1045.6992,1068.0432,1227.4304,1380.7773,1422.568,1119.0099,1282.9552,1245.0151,1324.3363,1383.1085
Guyana,Rice Cultivation,Emissions (CO2eq) (AR5),kilotonnes,864.1319,927.3877,802.1496,962.2816,861.7336,794.7016,760.4408,788.7432,892.2704,929.5104,978.6672,1045.6992,1068.0432,1227.4304,1380.7773,1422.568,1119.0099,1282.9552,1245.0151,1324.3363,1383.1085
Guyana,Burning - Crop residues,Emissions (CH4),kilotonnes,0.2582,0.2668,0.2368,0.2742,0.2721,0.2492,0.2341,0.2394,0.2722,0.2802,0.2768,0.3066,0.3068,0.3333,0.3726,0.3768,0.3088,0.3303,0.2925,0.3031,0.3167
Guyana,Burning - Crop residues,Emissions (CH4),kilotonnes,4.38,4.38,4.38,4.38,4.38,,,,,,,,,,,,,,,,
Guyana,Burning - Crop residues,Emissions (N2O),kilotonnes,0.0067,0.0069,0.0061,0.0071,0.0071,0.0065,0.0061,0.0062,0.0071,0.0073,0.0072,0.0079,0.008,0.0086,0.0097,0.0098,0.008,0.0086,0.0076,0.0079,0.0082
Guyana,Burning - Crop residues,Emissions (N2O),kilotonnes,0.13,0.13,0.13,0.13,0.13,,,,,,,,,,,,,,,,
Guyana,Burning - Crop residues,Emissions (CO2eq) from CH4 (AR5),kilotonnes,7.2305,7.4703,6.63,7.6779,7.6201,6.9783,6.5557,6.7019,7.6209,7.8446,7.7498,8.5848,8.5904,9.3311,10.4338,10.5501,8.646,9.2481,8.1893,8.488,8.8683
Guyana,Burning - Crop residues,Emissions (CO2eq) from CH4 (AR5),kilotonnes,122.64,122.64,122.64,122.64,122.64,,,,,,,,,,,,,,,,
Guyana,Burning - Crop residues,Emissions (CO2eq) from N2O (AR5),kilotonnes,1.7742,1.833,1.6268,1.8839,1.8697,1.7123,1.6086,1.6445,1.8699,1.9248,1.9016,2.1064,2.1078,2.2896,2.5601,2.5887,2.1215,2.2692,2.0094,2.0827,2.176
Guyana,Burning - Crop residues,Emissions (CO2eq) from N2O (AR5),kilotonnes,34.45,34.45,34.45,34.45,34.45,,,,,,,,,,,,,,,,
Guyana,Burning - Crop residues,Emissions (CO2eq) (AR5),kilotonnes,9.0047,9.3033,8.2568,9.5619,9.4898,8.6905,8.1642,8.3464,9.4908,9.7695,9.6514,10.6912,10.6982,11.6206,12.9939,13.1387,10.7674,11.5173,10.1987,10.5707,11.0443
Guyana,Burning - Crop residues,Emissions (CO2eq) (AR5),kilotonnes,157.09,157.09,157.09,157.09,157.09,,,,,,,,,,,,,,,,
Guyana,Enteric Fermentation,Emissions (CH4),kilotonnes,8.55,8.2562,7.6681,7.6713,7.6715,7.6718,7.6719,7.7121,7.6713,7.7245,7.8398,8.0487,8.0653,8.0689,8.0899,8.0843,7.9556,7.7512,7.5628,7.3631,7.1473
Guyana,Enteric Fermentation,Emissions (CH4),kilotonnes,13,13,14,15,16,,,,,,,,,,,,,,,,
Guyana,Enteric Fermentation,Emissions (CO2eq) from CH4 (AR5),kilotonnes,239.399,231.1746,214.7079,214.7973,214.8031,214.8113,214.8143,215.9397,214.7971,216.2862,219.5141,225.3622,225.8284,225.9292,226.5186,226.361,222.7555,217.0326,211.7586,206.1669,200.1242
Guyana,Enteric Fermentation,Emissions (CO2eq) from CH4 (AR5),kilotonnes,364,364,392,420,448,,,,,,,,,,,,,,,,
Guyana,Enteric Fermentation,Emissions (CO2eq) (AR5),kilotonnes,239.399,231.1746,214.7079,214.7973,214.8031,214.8113,214.8143,215.9397,214.7971,216.2862,219.5141,225.3622,225.8284,225.9292,226.5186,226.361,222.7555,217.0326,211.7586,206.1669,200.1242
Guyana,Enteric Fermentation,Emissions (CO2eq) (AR5),kilotonnes,364,364,392,420,448,,,,,,,,,,,,,,,,
Guyana,Manure Management,Emissions (CH4),kilotonnes,0.4306,0.4247,0.483,0.609,0.621,0.5992,0.561,0.6447,0.6051,0.6741,0.6348,0.6595,0.7441,0.7313,0.7183,0.7261,0.7447,0.7807,0.7907,0.8017,0.8124
Guyana,Manure Management,Emissions (CH4),kilotonnes,0.3,1,0.8,0.6,0.4,,,,,,,,,,,,,,,,
Guyana,Manure Management,Emissions (N2O),kilotonnes,0.0223,0.0222,0.0277,0.0384,0.0395,0.0377,0.0344,0.0412,0.038,0.0436,0.04,0.0418,0.0487,0.048,0.047,0.0474,0.049,0.0524,0.0535,0.0548,0.0561
Guyana,Manure Management,Emissions (CO2eq) from CH4 (AR5),kilotonnes,12.0567,11.8926,13.5235,17.0518,17.3882,16.7781,15.7089,18.0511,16.9415,18.8756,17.7749,18.4653,20.8354,20.477,20.1128,20.3303,20.8507,21.86,22.1389,22.4481,22.7476
Guyana,Manure Management,Emissions (CO2eq) from CH4 (AR5),kilotonnes,8.4,28,22.4,16.8,11.2,,,,,,,,,,,,,,,,
Guyana,Manure Management,Emissions (CO2eq) from N2O (AR5),kilotonnes,5.9053,5.8781,7.3494,10.1722,10.4611,9.9951,9.117,10.9166,10.0783,11.5644,10.5923,11.0763,12.9052,12.7271,12.4492,12.5645,12.9892,13.8739,14.1717,14.517,14.8623
Guyana,Manure Management,Emissions (CO2eq) (AR5),kilotonnes,17.9619,17.7708,20.8729,27.2241,27.8492,26.7732,24.8259,28.9678,27.0199,30.44,28.3673,29.5415,33.7406,33.2041,32.5621,32.8948,33.84,35.7339,36.3106,36.9652,37.6099
Guyana,Manure Management,Emissions (CO2eq) (AR5),kilotonnes,8.4,28,22.4,16.8,11.2,,,,,,,,,,,,,,,,
Guyana,Manure left on Pasture,Direct emissions (N2O),kilotonnes,0.2389,0.2329,0.2378,0.2662,0.2693,0.2642,0.2546,0.2759,0.2659,0.2832,0.2764,0.2743,0.2949,0.29,0.2865,0.2891,0.2917,0.2966,0.2957,0.2951,0.2942
Guyana,Manure left on Pasture,Indirect emissions (N2O),kilotonnes,0.0603,0.059,0.06,0.0661,0.0667,0.0656,0.0636,0.0685,0.066,0.0697,0.0683,0.0679,0.0724,0.0714,0.0706,0.0711,0.0717,0.0728,0.0726,0.0725,0.0723
Guyana,Manure left on Pasture,Emissions (N2O),kilotonnes,0.2992,0.292,0.2978,0.3323,0.3361,0.3298,0.3183,0.3444,0.332,0.3529,0.3448,0.3422,0.3673,0.3614,0.3571,0.3602,0.3634,0.3694,0.3683,0.3676,0.3665
Guyana,Manure left on Pasture,Emissions (CO2eq) from N2O (AR5),kilotonnes,79.2752,77.3669,78.9166,88.0503,89.062,87.397,84.3364,91.2542,87.967,93.5085,91.3597,90.6956,97.3303,95.7714,94.6255,95.4572,96.2974,97.8907,97.5909,97.4158,97.1339
Guyana,Manure left on Pasture,Emissions (CO2eq) (AR5),kilotonnes,79.2752,77.3669,78.9166,88.0503,89.062,87.397,84.3364,91.2542,87.967,93.5085,91.3597,90.6956,97.3303,95.7714,94.6255,95.4572,96.2974,97.8907,97.5909,97.4158,97.1339
Guyana,Manure applied to Soils,Direct emissions (N2O),kilotonnes,0.0529,0.0524,0.0627,0.083,0.0852,0.0817,0.0751,0.0887,0.0827,0.094,0.0874,0.0963,0.1101,0.1075,0.1058,0.1073,0.1108,0.1174,0.1196,0.1222,0.1249
Guyana,Manure applied to Soils,Indirect emissions (N2O),kilotonnes,0.0225,0.0223,0.0267,0.0353,0.0362,0.0347,0.0319,0.0377,0.0351,0.0399,0.0372,0.0409,0.0468,0.0457,0.045,0.0456,0.0471,0.0499,0.0508,0.052,0.0531
Guyana,Manure applied to Soils,Emissions (N2O),kilotonnes,0.0754,0.0746,0.0894,0.1183,0.1214,0.1164,0.107,0.1263,0.1178,0.1339,0.1246,0.1372,0.1568,0.1532,0.1508,0.1529,0.158,0.1673,0.1705,0.1742,0.178
Guyana,Manure applied to Soils,Emissions (CO2eq) from N2O (AR5),kilotonnes,19.9845,19.773,23.6918,31.3534,32.1786,30.8395,28.3519,33.4827,31.2238,35.4864,33.015,36.3503,41.5629,40.593,39.9572,40.5221,41.8592,44.3378,45.1729,46.1644,47.1594
Guyana,Manure applied to Soils,Emissions (CO2eq) (AR5),kilotonnes,19.9845,19.773,23.6918,31.3534,32.1786,30.8395,28.3519,33.4827,31.2238,35.4864,33.015,36.3503,41.5629,40.593,39.9572,40.5221,41.8592,44.3378,45.1729,46.1644,47.1594
Guyana,Synthetic Fertilizers,Direct emissions (N2O),kilotonnes,0.1687,0.176,0.2139,0.1512,0.3004,0.0971,0.1304,0.1,0.287,0.1053,0.2221,0.1001,0.1778,0.2608,0.2245,0.3029,0.1747,0.1256,0.3114,0.3358,0.2746
Guyana,Synthetic Fertilizers,Indirect emissions (N2O),kilotonnes,0.0548,0.0572,0.0695,0.0491,0.0976,0.0316,0.0424,0.0325,0.0933,0.0342,0.0722,0.0325,0.0578,0.0848,0.073,0.0984,0.0568,0.0408,0.1012,0.1091,0.0892
Guyana,Synthetic Fertilizers,Emissions (N2O),kilotonnes,0.2236,0.2332,0.2834,0.2003,0.398,0.1287,0.1728,0.1325,0.3802,0.1396,0.2943,0.1327,0.2355,0.3455,0.2974,0.4013,0.2314,0.1664,0.4126,0.445,0.3638
Guyana,Synthetic Fertilizers,Emissions (CO2eq) from N2O (AR5),kilotonnes,59.2433,61.798,75.0956,53.0746,105.4815,34.0993,45.7967,35.1145,100.7638,36.9905,77.9979,35.1642,62.4183,91.5658,78.8188,106.3561,61.3271,44.0952,109.3457,117.9226,96.4103
Guyana,Synthetic Fertilizers,Emissions (CO2eq) (AR5),kilotonnes,59.2433,61.798,75.0956,53.0746,105.4815,34.0993,45.7967,35.1145,100.7638,36.9905,77.9979,35.1642,62.4183,91.5658,78.8188,106.3561,61.3271,44.0952,109.3457,117.9226,96.4103
Guyana,Drained organic soils,Emissions (CO2eq) (AR5),kilotonnes,2930.1936,2952.5368,2960.7464,2956.4903,3333.7236,3328.8734,3322.7009,3318.163,3316.0994,3314.5597,3306.2121,3299.7912,3284.8245,3283.5029,3277.9733,3268.347,3269.2555,3268.3485,3269.4104,3242.3498,3242.7352
Guyana,Drained organic soils (CO2),Emissions (CO2),kilotonnes,2807.8733,2829.3257,2837.203,2833.1134,3194.8048,3190.1458,3184.2209,3179.8775,3177.9023,3176.4333,3168.402,3162.2426,3147.8593,3146.6085,3141.2982,3132.0748,3132.9479,3132.0763,3133.0904,3107.2188,3107.5865
Guyana,Drained organic soils (CO2),Emissions (CO2eq) (AR5),kilotonnes,2807.8733,2829.3257,2837.203,2833.1134,3194.8048,3190.1458,3184.2209,3179.8775,3177.9023,3176.4333,3168.402,3162.2426,3147.8593,3146.6085,3141.2982,3132.0748,3132.9479,3132.0763,3133.0904,3107.2188,3107.5865
Guyana,Drained organic soils (N2O),Emissions (N2O),kilotonnes,0.4616,0.4649,0.4662,0.4656,0.5242,0.5235,0.5226,0.5218,0.5215,0.5212,0.52,0.5191,0.5168,0.5166,0.5158,0.5142,0.5144,0.5142,0.5144,0.5099,0.51
Guyana,Drained organic soils (N2O),Emissions (CO2eq) from N2O (AR5),kilotonnes,122.3203,123.211,123.5433,123.3769,138.9188,138.7276,138.48,138.2855,138.1971,138.1264,137.8101,137.5486,136.9652,136.8945,136.6752,136.2722,136.3076,136.2722,136.3201,135.131,135.1487
Guyana,Drained organic soils (N2O),Emissions (CO2eq) (AR5),kilotonnes,122.3203,123.211,123.5433,123.3769,138.9188,138.7276,138.48,138.2855,138.1971,138.1264,137.8101,137.5486,136.9652,136.8945,136.6752,136.2722,136.3076,136.2722,136.3201,135.131,135.1487
Guyana,On-farm energy use,Emissions (CH4),kilotonnes,0.0629,0.0642,0.0622,0.0592,0.0612,0.0563,0.0523,0.0599,0.0598,0.0623,0.034,0.0371,0.0351,0.0314,0.0345,0.0337,0.0398,0.0381,0.041,0.0424,0.0424
Guyana,On-farm energy use,Emissions (N2O),kilotonnes,0.2035,0.2084,0.1985,0.1918,0.2049,0.1913,0.1652,0.1901,0.1741,0.1753,0.1691,0.1907,0.1697,0.1434,0.1608,0.1555,0.1937,0.1895,0.2004,0.2083,0.2083
Guyana,On-farm energy use,Emissions (CO2),kilotonnes,595.8128,606.358,583.2116,544.8128,578.7178,526.3379,457.351,539.1902,497.7583,495.0787,453.6025,508.2282,455.4251,387.8777,432.5081,418.2393,517.3411,505.3737,535.3633,555.9344,555.9344
Guyana,On-farm energy use,Emissions (CO2eq) from CH4 (AR5),kilotonnes,1.7599,1.7967,1.7426,1.6581,1.7144,1.5766,1.465,1.6783,1.6744,1.7438,0.9527,1.0392,0.9822,0.88,0.9667,0.9434,1.1148,1.0677,1.1494,1.1859,1.1859
Guyana,On-farm energy use,Emissions (CO2eq) from N2O (AR5),kilotonnes,53.9396,55.2138,52.6066,50.8252,54.2943,50.7032,43.7744,50.367,46.138,46.4422,44.8131,50.5236,44.9741,37.998,42.6075,41.2079,51.3282,50.2305,53.1117,55.2125,55.2125
Guyana,On-farm energy use,Emissions (CO2eq) (AR5),kilotonnes,651.5123,663.3686,637.5608,597.2961,634.7265,578.6177,502.5904,591.2356,545.5707,543.2647,499.3683,559.7911,501.3815,426.7557,476.0822,460.3906,569.7841,556.6719,589.6244,612.3328,612.3328
Guyana,Forestland,Emissions (CO2),kilotonnes,0,0,0,0,0,0,0,0,0,0,0,0,0,0,0,0,0,0,0,0,0
Guyana,Forestland,Emissions (CO2eq) (AR5),kilotonnes,0,0,0,0,0,0,0,0,0,0,0,0,0,0,0,0,0,0,0,0,0
Guyana,Net Forest conversion,Emissions (CO2),kilotonnes,4015.6997,4701.7459,4701.7459,4701.7459,4701.7459,4701.7459,4701.7459,4701.7459,4701.7459,4701.7459,4701.7459,12376.3589,12376.3589,12376.3589,12376.3589,12376.3589,9744.3975,9744.3975,9744.3975,9744.3975,9744.3975
Guyana,Net Forest conversion,Emissions (CO2eq) (AR5),kilotonnes,4015.6997,4701.7459,4701.7459,4701.7459,4701.7459,4701.7459,4701.7459,4701.7459,4701.7459,4701.7459,4701.7459,12376.3589,12376.3589,12376.3589,12376.3589,12376.3589,9744.3975,9744.3975,9744.3975,9744.3975,9744.3975
Guyana,Savanna fires,Emissions (CH4),kilotonnes,0.0396,0.1973,0.5168,1.7263,0.8636,0.6589,0.4814,0.5834,0.3205,0.6519,0.7427,0.4915,0.7078,0.6463,0.7069,1.4413,0.7397,0.8765,0.5477,0.8855,1.1971
Guyana,Savanna fires,Emissions (N2O),kilotonnes,0.0036,0.018,0.0472,0.1576,0.0788,0.0602,0.044,0.0533,0.0293,0.0595,0.0678,0.0449,0.0646,0.059,0.0645,0.1316,0.0675,0.08,0.05,0.0809,0.1093
Guyana,Savanna fires,Emissions (CO2eq) from CH4 (AR5),kilotonnes,1.1077,5.5245,14.47,48.3372,24.1796,18.4499,13.4786,16.335,8.9739,18.2544,20.795,13.7631,19.8193,18.0955,19.7941,40.3564,20.7107,24.5415,15.335,24.7951,33.52
Guyana,Savanna fires,Emissions (CO2eq) from N2O (AR5),kilotonnes,0.9569,4.7739,12.5039,41.7696,20.8943,15.9431,11.6472,14.1156,7.7547,15.7742,17.9696,11.8932,17.1265,15.6369,17.1047,34.8732,17.8968,21.2071,13.2514,21.4262,28.9657
Guyana,Savanna fires,Emissions (CO2eq) (AR5),kilotonnes,2.0646,10.2983,26.9739,90.1068,45.0739,34.3929,25.1258,30.4506,16.7286,34.0286,38.7646,25.6563,36.9458,33.7324,36.8988,75.2296,38.6075,45.7486,28.5863,46.2214,62.4857
Guyana,Fires in organic soils,Emissions (CH4),kilotonnes,0,0,0,0,0,0,0,0,0,0,0,0,0,0,0,0,0,0,0,0,0
Guyana,Fires in organic soils,Emissions (CO2),kilotonnes,0,0,0,0,0,0,0,0,0,0,0,0,0,0,0,0,0,0,0,0,0
Guyana,Fires in organic soils,Emissions (CO2eq) from CH4 (AR5),kilotonnes,0,0,0,0,0,0,0,0,0,0,0,0,0,0,0,0,0,0,0,0,0
Guyana,Fires in organic soils,Emissions (CO2eq) (AR5),kilotonnes,0,0,0,0,0,0,0,0,0,0,0,0,0,0,0,0,0,0,0,0,0
Guyana,Forest fires,Emissions (CH4),kilotonnes,0.6153,0.3879,0.2833,1.7754,0.1938,0.265,0.0819,0.1642,0.0748,0.1959,1.075,0.0971,0.1581,0.1514,0.1936,0.7307,0.9853,0.0679,0.1898,1.0037,0.6001
Guyana,Forest fires,Emissions (N2O),kilotonnes,0.0181,0.0354,0.0259,0.1621,0.0177,0.0242,0.0075,0.015,0.0068,0.0179,0.0981,0.0089,0.0144,0.0138,0.0177,0.0667,0.09,0.0062,0.0173,0.0916,0.0548
Guyana,Forest fires,Emissions (CO2eq) from CH4 (AR5),kilotonnes,17.2288,10.8625,7.9318,49.7099,5.4254,7.4191,2.2932,4.5964,2.0932,5.485,30.0989,2.7195,4.427,4.2394,5.4206,20.459,27.5878,1.9004,5.3153,28.1027,16.8016
Guyana,Forest fires,Emissions (CO2eq) from N2O (AR5),kilotonnes,4.796,9.3866,6.8542,42.9558,4.6883,6.411,1.9816,3.9719,1.8088,4.7398,26.0094,2.35,3.8255,3.6634,4.6841,17.6792,23.8395,1.6422,4.5931,24.2844,14.5188
Guyana,Forest fires,Emissions (CO2eq) (AR5),kilotonnes,22.0248,20.2491,14.786,92.6657,10.1137,13.8301,4.2747,8.5682,3.9019,10.2248,56.1083,5.0695,8.2526,7.9029,10.1047,38.1382,51.4273,3.5425,9.9085,52.3871,31.3204
Guyana,Fires in humid tropical forests,Emissions (CH4),kilotonnes,0.6079,0.383,0.2659,1.7233,0.1888,0.2154,0.0745,0.1542,0.0425,0.1835,1.0452,0.0798,0.1383,0.1489,0.1862,0.6489,0.9308,0.0505,0.1675,0.9814,0.5505
Guyana,Fires in humid tropical forests,Emissions (N2O),kilotonnes,0.0179,0.035,0.0243,0.1573,0.0172,0.0197,0.0068,0.0141,0.0039,0.0168,0.0954,0.0073,0.0126,0.0136,0.017,0.0592,0.085,0.0046,0.0153,0.0896,0.0503
Guyana,Fires in humid tropical forests,Emissions (CO2eq) from CH4 (AR5),kilotonnes,17.0204,10.7237,7.4462,48.2531,5.2867,6.0317,2.085,4.3189,1.1913,5.1382,29.2665,2.2339,3.8721,4.1701,5.2125,18.1698,26.0617,1.4148,4.691,27.4783,15.4142
Guyana,Fires in humid tropical forests,Emissions (CO2eq) from N2O (AR5),kilotonnes,4.7379,9.2667,6.4345,41.697,4.5684,5.2121,1.8018,3.7321,1.0295,4.4401,25.2901,1.9304,3.346,3.6035,4.5043,15.7011,22.5207,1.2226,4.0536,23.7449,13.3199
Guyana,Fires in humid tropical forests,Emissions (CO2eq) (AR5),kilotonnes,21.7583,19.9905,13.8808,89.95,9.8551,11.2438,3.8868,8.051,2.2208,9.5782,54.5565,4.1643,7.2181,7.7735,9.7168,33.8708,48.5823,2.6373,8.7446,51.2232,28.7341
Guyana,Waste - agri-food systems,Emissions (CH4),kilotonnes,6.1863,6.2203,6.3549,6.0808,6.1421,6.0003,6.0962,6.1836,6.1658,6.2408,6.2774,6.3642,6.4204,6.4791,6.5181,6.2484,6.2712,6.3144,6.3804,6.4078,6.4356
Guyana,Waste - agri-food systems,Emissions (N2O),kilotonnes,0.0205,0.0196,0.0199,0.0208,0.0202,0.0201,0.0191,0.0195,0.0195,0.0196,0.0201,0.0208,0.0226,0.0237,0.0252,0.0269,0.0275,0.0289,0.03,0.0308,0.0315
Guyana,Waste - agri-food systems,Emissions (CO2),kilotonnes,0.0457,0.0457,0.0458,0.0458,0.046,0.0461,0.0485,0.0488,0.049,0.0491,0.0493,0.0494,0.0497,0.0497,0.0497,0.0498,0.0499,0.05,0.05,0.0502,0.0503
Guyana,Waste - agri-food systems,Emissions (CO2eq) from CH4 (AR5),kilotonnes,173.217,174.1694,177.9368,170.2622,171.9778,168.0097,170.6936,173.142,172.6435,174.7435,175.7664,178.1985,179.7711,181.4152,182.5066,174.9565,175.5932,176.8038,178.6501,179.4191,180.1957
Guyana,Waste - agri-food systems,Emissions (CO2eq) from N2O (AR5),kilotonnes,5.4368,5.1851,5.2825,5.5164,5.348,5.3373,5.0487,5.1632,5.1621,5.1859,5.3193,5.5108,5.9766,6.2929,6.6749,7.1403,7.2974,7.6641,7.9536,8.1515,8.3495
Guyana,Waste - agri-food systems,Emissions (CO2eq) (AR5),kilotonnes,178.6995,179.4003,183.265,175.8244,177.3718,173.3931,175.7907,178.354,177.8545,179.9784,181.135,183.7588,185.7974,187.7578,189.2313,182.1466,182.9405,184.5179,186.6537,187.6208,188.5955
Guyana,On-farm electricity use,Emissions (CH4),kilotonnes,0.2648,0.2594,0.2525,0.2019,0.1917,0.0202,0.0284,0.0305,0.0319,0.0316,0.0318,0.0357,0.0351,0.0521,0.0463,0.0602,0.063,0.0656,0.0663,0.0702,0.0702
Guyana,On-farm electricity use,Emissions (N2O),kilotonnes,0.0015,0.0013,0.0014,0.0011,0.001,0.0001,0.0001,0.0001,0.0002,0.0001,0.0002,0.0002,0.0002,0.0003,0.0002,0.0003,0.0003,0.0004,0.0004,0.0004,0.0004
Guyana,On-farm electricity use,Emissions (CO2),kilotonnes,120.0795,123.5875,111.1222,89.8674,84.754,8.8519,12.0017,13.076,13.273,12.4413,12.7363,13.6872,12.8151,21.5585,19.1412,24.922,26.0746,27.1324,27.4016,29.0536,29.0536
Guyana,On-farm electricity use,Emissions (CO2eq) from CH4 (AR5),kilotonnes,7.4144,7.2632,7.07,5.6532,5.3676,0.5656,0.7952,0.854,0.8932,0.8848,0.8904,0.9996,0.9828,1.4588,1.2964,1.6856,1.764,1.8368,1.8564,1.9656,1.9656
Guyana,On-farm electricity use,Emissions (CO2eq) from N2O (AR5),kilotonnes,0.3975,0.3445,0.371,0.2915,0.265,0.0265,0.0265,0.0265,0.053,0.0265,0.053,0.053,0.053,0.0795,0.053,0.0795,0.0795,0.106,0.106,0.106,0.106
Guyana,On-farm electricity use,Emissions (CO2eq) (AR5),kilotonnes,127.8914,131.1952,118.5632,95.8121,90.3866,9.444,12.8234,13.9565,14.2192,13.3526,13.6797,14.7398,13.8509,23.0968,20.4906,26.6871,27.9181,29.0752,29.364,31.1252,31.1252
Guyana,Food Processing,Emissions (CH4),kilotonnes,0.0021,0.0031,0.0023,0.0024,0.0015,0.0191,0.0195,0.0015,0.003,0.0033,0.0031,0.0025,0.0017,0.0009,0.0009,0.0009,0.0028,0.0027,0.0025,0.0024,0.0024
Guyana,Food Processing,Emissions (N2O),kilotonnes,0.0002,0.0002,0.0002,0.0002,0.0002,0.0004,0.0004,0.0003,0.0005,0.0005,0.0005,0.0007,0.0005,0.0007,0.0006,0.0005,0.0006,0.0007,0.0006,0.0006,0.0006
Guyana,Food Processing,Emissions (CO2),kilotonnes,25.2107,26.5279,22.1539,24.4401,26.4899,38.722,35.7854,30.0285,35.2686,45.0084,44.117,40.4584,27.2887,42.3251,36.9675,36.3285,37.0721,41.5112,44.4648,43.4867,40.0151
Guyana,Food Processing,Emissions (CO2eq) from CH4 (AR5),kilotonnes,0.0588,0.0868,0.0644,0.0672,0.042,0.5348,0.546,0.042,0.084,0.0924,0.0868,0.07,0.0476,0.0252,0.0252,0.0252,0.0784,0.0756,0.07,0.0672,0.0675
Guyana,Food Processing,Emissions (CO2eq) from N2O (AR5),kilotonnes,0.053,0.053,0.053,0.053,0.053,0.106,0.106,0.0795,0.1325,0.1325,0.1325,0.1855,0.1325,0.1855,0.159,0.1325,0.159,0.1855,0.159,0.159,0.1625
Guyana,Food Processing,Emissions (CO2eq) (AR5),kilotonnes,25.3225,26.6677,22.2713,24.5603,26.5849,39.3628,36.4374,30.15,35.4851,45.2333,44.3363,40.7139,27.4688,42.5358,37.1517,36.4862,37.3095,41.7723,44.6938,43.7129,40.2451
Guyana,Food Packaging,Emissions (CH4),kilotonnes,0.0001,0.0001,0.0001,0.0001,0.0001,0.0001,0.0001,0.0001,0.0001,0.0001,0.0001,0.0001,0.0001,0.0001,0.0001,0.0001,0.0001,0.0001,0.0001,0.0001,0.0001
Guyana,Food Packaging,Emissions (N2O),kilotonnes,0,0,0,0,0,0,0,0,0,0,0,0,0,0,0,0,0,0,0,0,0
Guyana,Food Packaging,Emissions (CO2),kilotonnes,2.5933,2.6162,2.578,2.856,3.0685,2.5888,2.23,2.4869,3.025,3.1288,2.8829,2.8768,2.6312,2.1322,2.1228,2.159,2.504,2.752,3.1713,3.1721,2.9189
Guyana,Food Packaging,Emissions (CO2eq) from CH4 (AR5),kilotonnes,0.0028,0.0028,0.0028,0.0028,0.0028,0.0028,0.0028,0.0028,0.0028,0.0028,0.0028,0.0028,0.0028,0.0028,0.0028,0.0028,0.0028,0.0028,0.0028,0.0028,0.0028
Guyana,Food Packaging,Emissions (CO2eq) from N2O (AR5),kilotonnes,0,0,0,0,0,0,0,0,0,0,0,0,0,0,0,0,0,0,0,0,0
Guyana,Food Packaging,Emissions (CO2eq) (AR5),kilotonnes,2.5961,2.619,2.5808,2.8588,3.0713,2.5916,2.2328,2.4897,3.0278,3.1316,2.8857,2.8796,2.634,2.135,2.1256,2.1618,2.5068,2.7548,3.1741,3.1749,2.9217
Guyana,Food Retail,Emissions (CH4),kilotonnes,0.0105,0.011,0.0116,0.0122,0.0131,0.0141,0.0157,0.0175,0.0162,0.0167,0.0186,0.0188,0.0202,0.0378,0.0237,0.0348,0.0364,0.0379,0.0382,0.0327,0.0328
Guyana,Food Retail,Emissions (N2O),kilotonnes,0.0001,0.0001,0.0001,0.0001,0.0001,0.0001,0.0001,0.0001,0.0001,0.0001,0.0001,0.0001,0.0001,0.0002,0.0001,0.0002,0.0002,0.0002,0.0002,0.0002,0.0002
Guyana,Food Retail,Emissions (CO2),kilotonnes,5.6955,6.164,6.0832,6.1099,6.4782,6.5776,7.0453,8.1137,7.3964,7.131,7.9832,9.2567,10.8974,19.0878,13.4053,18.003,19.2118,19.7351,20.1064,16.3185,15.0158
Guyana,Food Retail,Emissions (CO2eq) from CH4 (AR5),kilotonnes,0.294,0.308,0.3248,0.3416,0.3668,0.3948,0.4396,0.49,0.4536,0.4676,0.5208,0.5264,0.5656,1.0584,0.6636,0.9744,1.0192,1.0612,1.0696,0.9156,0.9197
Guyana,Food Retail,Emissions (CO2eq) from N2O (AR5),kilotonnes,0.0265,0.0265,0.0265,0.0265,0.0265,0.0265,0.0265,0.0265,0.0265,0.0265,0.0265,0.0265,0.0265,0.053,0.0265,0.053,0.053,0.053,0.053,0.053,0.0542
Guyana,Food Retail,Emissions (CO2eq) (AR5),kilotonnes,6.016,6.4985,6.4345,6.478,6.8715,6.9989,7.5114,8.6302,7.8765,7.6251,8.5305,9.8096,11.4895,20.1992,14.0954,19.0304,20.284,20.8493,21.229,17.2871,15.9897
Guyana,Food Household Consumption,Emissions (CH4),kilotonnes,0.0628,0.0652,0.0646,0.0694,0.0774,0.076,0.0786,0.0853,0.0884,0.0918,0.1005,0.1058,0.1125,0.1163,0.1283,0.1255,0.1315,0.1368,0.1382,0.1382,0.1388
Guyana,Food Household Consumption,Emissions (N2O),kilotonnes,0.0005,0.0005,0.0005,0.0005,0.0006,0.0005,0.0005,0.0006,0.0006,0.0006,0.0008,0.0007,0.0008,0.0007,0.0008,0.0008,0.0008,0.0009,0.0009,0.0009,0.0009
Guyana,Food Household Consumption,Emissions (CO2),kilotonnes,55.9648,54.7507,53.6572,57.6658,60.935,59.2101,57.413,60.1203,62.1182,63.6052,69.6515,62.4187,68.8923,71.7506,75.2275,76.7519,82.0705,84.9653,85.8936,85.8936,79.0365
Guyana,Food Household Consumption,Emissions (CO2eq) from CH4 (AR5),kilotonnes,1.7584,1.8256,1.8088,1.9432,2.1672,2.128,2.2008,2.3884,2.4752,2.5704,2.814,2.9624,3.15,3.2564,3.5924,3.514,3.682,3.8304,3.8696,3.8696,3.887
Guyana,Food Household Consumption,Emissions (CO2eq) from N2O (AR5),kilotonnes,0.1325,0.1325,0.1325,0.1325,0.159,0.1325,0.1325,0.159,0.159,0.159,0.212,0.1855,0.212,0.1855,0.212,0.212,0.212,0.2385,0.2385,0.2385,0.2438
Guyana,Food Household Consumption,Emissions (CO2eq) (AR5),kilotonnes,57.8557,56.7088,55.5985,59.7415,63.2612,61.4706,59.7463,62.6677,64.7524,66.3346,72.6775,65.5666,72.2543,75.1925,79.0319,80.4779,85.9645,89.0342,90.0017,90.0017,83.1674
Guyana,Food Transport,Emissions (CH4),kilotonnes,0.0075,0.0065,0.0054,0.0057,0.0049,0.0046,0.0041,0.0048,0.0045,0.0053,0.0056,0.0069,0.0074,0.0076,0.0078,0.0074,0.0078,0.0072,0.007,0.0075,0.0075
Guyana,Food Transport,Emissions (N2O),kilotonnes,0.0015,0.0015,0.0013,0.0014,0.0013,0.0012,0.001,0.0012,0.0012,0.0013,0.0014,0.0017,0.0019,0.0019,0.0019,0.0019,0.002,0.0018,0.0018,0.0021,0.0021
Guyana,Food Transport,Emissions (CO2),kilotonnes,43.747,42.6327,37.2536,41.8822,42.654,39.7994,35.0788,42.3722,39.947,46.2322,51.3251,52.8764,64.0039,65.8707,66.7147,65.1428,70.4923,64.8486,62.9677,72.7129,66.9081
Guyana,Food Transport,Emissions (CO2eq) from CH4 (AR5),kilotonnes,0.21,0.182,0.1512,0.1596,0.1372,0.1288,0.1148,0.1344,0.126,0.1484,0.1568,0.1932,0.2072,0.2128,0.2184,0.2072,0.2184,0.2016,0.196,0.21,0.2109
Guyana,Food Transport,Emissions (CO2eq) from N2O (AR5),kilotonnes,0.3975,0.3975,0.3445,0.371,0.3445,0.318,0.265,0.318,0.318,0.3445,0.371,0.4505,0.5035,0.5035,0.5035,0.5035,0.53,0.477,0.477,0.5565,0.5689
Guyana,Food Transport,Emissions (CO2eq) (AR5),kilotonnes,44.3545,43.2122,37.7493,42.4128,43.1357,40.2462,35.4586,42.8246,40.391,46.7251,51.8529,53.5201,64.7146,66.587,67.4366,65.8535,71.2407,65.5272,63.6407,73.4794,67.6879
Guyana,Energy,Emissions (CH4),kilotonnes,0.458,0.667,0.711,0.717,0.452,0.427,0.471,0.443,0.373,0.429,0.416,0.331,0.334,0.407,0.463,0.477,0.479,0.453,0.464,0.444,0.446
Guyana,Energy,Emissions (N2O),kilotonnes,0.0637,0.0638,0.0627,0.0627,0.0638,0.0541,0.0475,0.0542,0.0504,0.0539,0.0538,0.068,0.0747,0.0688,0.0708,0.0696,0.0797,0.0718,0.0671,0.0764,0.0781
Guyana,Energy,Emissions (CO2),kilotonnes,1750,1750,1720,1860,1930,1620,1510,1780,1710,1910,1890,1960,1960,1910,1970,1970,2190,2160,2390,2380,2190
Guyana,Energy,Emissions (CO2eq) from CH4 (AR5),kilotonnes,12.824,18.676,19.908,20.076,12.656,11.956,13.188,12.404,10.444,12.012,11.648,9.268,9.352,11.396,12.964,13.356,13.412,12.684,12.992,12.432,12.488
Guyana,Energy,Emissions (CO2eq) from N2O (AR5),kilotonnes,16.8805,16.907,16.6155,16.6155,16.907,14.3365,12.5875,14.363,13.356,14.2835,14.257,18.02,19.7955,18.232,18.762,18.444,21.1205,19.027,17.7815,20.246,20.6965
Guyana,Energy,Emissions (CO2eq) (AR5),kilotonnes,1779.7045,1785.583,1756.5235,1896.6915,1959.563,1646.2925,1535.7755,1806.767,1733.8,1936.2955,1915.905,1987.288,1989.1475,1939.628,2001.726,2001.8,2224.5325,2191.711,2420.7735,2412.678,2223.1845
Guyana,IPPU,Emissions (N2O),kilotonnes,0.0023,0.0023,0.0023,0.0023,0.0023,0.0023,0.0023,0.0022,0.0022,0.0022,0.0022,0.0023,0.0023,0.0023,0.0023,0.0023,0.0023,0.0023,0.0024,0.0023,0.0023
Guyana,IPPU,Emissions (CO2),kilotonnes,3.75,3.98,3.96,4.16,4.08,4.37,4.05,4.3,4.17,4.73,4.74,4.57,4.58,4.68,5.49,44.1,163,162,166,167,167
Guyana,IPPU,Emissions (CO2eq) from N2O (AR5),kilotonnes,0.5989,0.5989,0.5989,0.5989,0.5989,0.5962,0.5962,0.5936,0.5936,0.5936,0.5936,0.5962,0.5989,0.6015,0.6069,0.6122,0.6148,0.6175,0.6228,0.6175,0.6201
Guyana,IPPU,Emissions (CO2eq) (AR5),kilotonnes,4.3489,4.5789,4.5589,4.7589,4.6789,4.9663,4.6463,4.8936,4.7636,5.3236,5.3336,5.1662,5.1789,5.2815,6.0968,44.7122,163.6148,162.6174,166.6227,167.6174,167.6201
Guyana,Waste,Emissions (CH4),kilotonnes,15.8,15.8,15.9,15.8,15.9,15.5,15.6,15.7,15.5,15.5,15.5,15.7,15.9,16.2,16.4,16.5,16.6,16.6,16.8,16.8,16.9
Guyana,Waste,Emissions (N2O),kilotonnes,0.0366,0.0365,0.0365,0.0366,0.037,0.0369,0.0356,0.0349,0.0345,0.0346,0.035,0.0351,0.0361,0.0369,0.0386,0.0404,0.0416,0.0425,0.0427,0.0416,0.0421
Guyana,Waste,Emissions (CO2),kilotonnes,0.103,0.104,0.106,0.107,0.11,0.11,0.112,0.115,0.116,0.118,0.119,0.121,0.122,0.122,0.122,0.122,0.122,0.122,0.124,0.126,0.127
Guyana,Waste,Emissions (CO2eq) from CH4 (AR5),kilotonnes,442.4,442.4,445.2,442.4,445.2,434,436.8,439.6,434,434,434,439.6,445.2,453.6,459.2,462,464.8,464.8,470.4,470.4,473.2
Guyana,Waste,Emissions (CO2eq) from N2O (AR5),kilotonnes,9.699,9.6725,9.6725,9.699,9.805,9.7785,9.434,9.2485,9.1425,9.169,9.275,9.3015,9.5665,9.7785,10.229,10.706,11.024,11.2625,11.3155,11.024,11.1565
Guyana,Waste,Emissions (CO2eq) (AR5),kilotonnes,452.202,452.1765,454.9785,452.206,455.115,443.8885,446.346,448.9635,443.2585,443.287,443.394,449.0225,454.8885,463.5005,469.551,472.828,475.946,476.1845,481.8395,481.55,484.4835
Guyana,Other,Emissions (N2O),kilotonnes,0.0926,0.0919,0.0949,0.1,0.102,0.0882,0.0805,0.0917,0.088,0.0946,0.11,0.124,0.133,0.13,0.127,0.13,0.137,0.0948,0.0877,0.125,0.127
Guyana,Other,Emissions (CO2eq) from N2O (AR5),kilotonnes,24.539,24.3535,25.1485,26.5,27.03,23.373,21.3325,24.3005,23.32,25.069,29.15,32.86,35.245,34.45,33.655,34.45,36.305,25.122,23.2405,33.125,33.655
Guyana,Other,Emissions (CO2eq) (AR5),kilotonnes,24.539,24.3535,25.1485,26.5,27.03,23.373,21.3325,24.3005,23.32,25.069,29.15,32.86,35.245,34.45,33.655,34.45,36.305,25.122,23.2405,33.125,33.655
Guyana,Farm-gate emissions,Emissions (CH4),kilotonnes,40.2031,42.3302,37.6151,44.7073,40.2657,37.6177,36.1594,37.4089,40.7957,42.5898,44.4805,46.8898,48.0035,53.648,59.2358,61.4682,49.7531,55.5966,53.6995,56.6936,58.9127
Guyana,Farm-gate emissions,Direct emissions (N2O),kilotonnes,0.5506,0.5594,0.601,0.6063,0.7516,0.5268,0.5488,0.5534,0.7339,0.5882,0.6939,0.5889,0.7054,0.8087,0.7504,0.841,0.688,0.6687,0.8949,0.8903,0.8338
Guyana,Farm-gate emissions,Indirect emissions (N2O),kilotonnes,0.1579,0.1605,0.1757,0.1743,0.2223,0.1508,0.1579,0.1586,0.2166,0.1676,0.2019,0.168,0.2046,0.2357,0.2186,0.2471,0.2005,0.1925,0.2625,0.2644,0.2461
Guyana,Farm-gate emissions,Emissions (N2O),kilotonnes,1.4062,1.4403,1.5225,1.6411,1.8284,1.4968,1.4789,1.5246,1.7204,1.5627,1.6999,1.5613,1.7178,1.82,1.7667,1.9466,1.7211,1.7059,1.9833,2.0165,1.9719
Guyana,Farm-gate emissions,Emissions (CO2),kilotonnes,3403.6861,3435.6838,3420.4146,3377.9263,3773.5226,3716.4837,3641.5719,3719.0678,3675.6606,3671.512,3622.0045,3670.4708,3603.2844,3534.4862,3573.8062,3550.3141,3650.2891,3637.45,3668.4537,3663.1532,3663.5209
Guyana,Farm-gate emissions,Emissions (CO2eq) from CH4 (AR5),kilotonnes,1125.6856,1185.2464,1053.2235,1251.8039,1127.439,1053.2958,1012.4632,1047.4493,1142.2782,1192.5151,1245.4538,1312.9138,1344.0989,1502.1432,1658.6033,1721.1092,1393.0876,1556.7052,1503.5863,1587.4204,1649.5546
Guyana,Farm-gate emissions,Emissions (CO2eq) from N2O (AR5),kilotonnes,372.6445,381.6811,403.4618,434.8937,484.5268,396.6416,391.9006,404.0183,455.9133,414.1155,450.4688,413.7323,455.2297,482.2987,468.1729,515.8391,456.0956,452.069,525.579,534.3728,522.5406
Guyana,Farm-gate emissions,Emissions (CO2eq) (AR5),kilotonnes,4902.0162,5002.6113,4877.0999,5064.6239,5385.4883,5166.421,5045.9356,5170.5353,5273.8522,5278.1426,5317.9272,5397.1169,5402.613,5518.928,5700.5825,5787.2624,5499.4722,5646.2242,5697.619,5784.9463,5835.6161
Guyana,Land Use change,Emissions (CH4),kilotonnes,0.6079,0.383,0.2659,1.7233,0.1888,0.2154,0.0745,0.1542,0.0425,0.1835,1.0452,0.0798,0.1383,0.1489,0.1862,0.6489,0.9308,0.0505,0.1675,0.9814,0.5505
Guyana,Land Use change,Emissions (N2O),kilotonnes,0.0179,0.035,0.0243,0.1573,0.0172,0.0197,0.0068,0.0141,0.0039,0.0168,0.0954,0.0073,0.0126,0.0136,0.017,0.0592,0.085,0.0046,0.0153,0.0896,0.0503
Guyana,Land Use change,Emissions (CO2),kilotonnes,4015.6997,4701.7459,4701.7459,4701.7459,4701.7459,4701.7459,4701.7459,4701.7459,4701.7459,4701.7459,4701.7459,12376.3589,12376.3589,12376.3589,12376.3589,12376.3589,9744.3975,9744.3975,9744.3975,9744.3975,9744.3975
Guyana,Land Use change,Emissions (CO2eq) from CH4 (AR5),kilotonnes,17.0204,10.7237,7.4462,48.2531,5.2867,6.0317,2.085,4.3189,1.1913,5.1382,29.2665,2.2339,3.8721,4.1701,5.2125,18.1698,26.0617,1.4148,4.691,27.4783,15.4142
Guyana,Land Use change,Emissions (CO2eq) from N2O (AR5),kilotonnes,4.7379,9.2667,6.4345,41.697,4.5684,5.2121,1.8018,3.7321,1.0295,4.4401,25.2901,1.9304,3.346,3.6035,4.5043,15.7011,22.5207,1.2226,4.0536,23.7449,13.3199
Guyana,Land Use change,Emissions (CO2eq) (AR5),kilotonnes,4037.458,4721.7364,4715.6267,4791.696,4711.601,4712.9897,4705.6327,4709.7969,4703.9667,4711.3242,4756.3025,12380.5232,12383.5769,12384.1324,12386.0757,12410.2297,9792.9799,9747.0348,9753.1422,9795.6207,9773.1316
Guyana,Emissions on agricultural land,Emissions (CH4),kilotonnes,40.8109,42.7132,37.8811,46.4306,40.4545,37.8331,36.2339,37.5631,40.8382,42.7733,45.5257,46.9696,48.1418,53.7969,59.422,62.1171,50.6839,55.6471,53.867,57.675,59.4632
Guyana,Emissions on agricultural land,Emissions (N2O),kilotonnes,1.4241,1.4753,1.5468,1.7985,1.8456,1.5164,1.4857,1.5387,1.7243,1.5795,1.7953,1.5685,1.7305,1.8336,1.7837,2.0058,1.8061,1.7105,1.9986,2.1061,2.0221
Guyana,Emissions on agricultural land,Emissions (CO2),kilotonnes,7419.3857,8137.4297,8122.1605,8079.6722,8475.2685,8418.2296,8343.3178,8420.8137,8377.4066,8373.2579,8323.7504,16046.8297,15979.6433,15910.845,15950.1651,15926.673,13394.6866,13381.8475,13412.8512,13407.5507,13407.9184
Guyana,Emissions on agricultural land,Emissions (CO2eq) from CH4 (AR5),kilotonnes,1142.706,1195.9702,1060.6698,1300.057,1132.7257,1059.3274,1014.5482,1051.7682,1143.4696,1197.6533,1274.7203,1315.1477,1347.971,1506.3132,1663.8158,1739.2789,1419.1492,1558.12,1508.2773,1614.8987,1664.9688
Guyana,Emissions on agricultural land,Emissions (CO2eq) from N2O (AR5),kilotonnes,377.3824,390.9478,409.8963,476.5906,489.0951,401.8537,393.7023,407.7504,456.9428,418.5556,475.7589,415.6627,458.5756,485.9022,472.6772,531.5402,478.6162,453.2915,529.6326,558.1176,535.8605
Guyana,Emissions on agricultural land,Emissions (CO2eq) (AR5),kilotonnes,8939.4741,9724.3477,9592.7266,9856.3198,10097.0893,9879.4107,9751.5683,9880.3322,9977.8189,9989.4667,10074.2296,17777.6401,17786.1899,17903.0604,18086.6581,18197.4921,15292.4521,15393.259,15450.7611,15580.5671,15608.7477
Guyana,Pre- and post- production,Emissions (CH4),kilotonnes,6.5341,6.5656,6.6914,6.3725,6.4308,6.1344,6.2426,6.3233,6.3099,6.3896,6.4371,6.534,6.5974,6.6939,6.7252,6.4773,6.5128,6.5647,6.6327,6.6589,6.6875
Guyana,Pre- and post- production,Emissions (N2O),kilotonnes,0.0243,0.0232,0.0234,0.0241,0.0234,0.0224,0.0212,0.0218,0.0221,0.0222,0.0231,0.0242,0.0261,0.0275,0.0288,0.0306,0.0314,0.0329,0.0339,0.035,0.0358
Guyana,Pre- and post- production,Emissions (CO2),kilotonnes,253.3365,256.3247,232.8939,222.8672,224.4256,155.7959,149.6027,156.2464,161.0772,177.596,188.7453,181.6236,186.5783,222.7746,213.6287,223.357,237.4752,240.9946,244.0554,250.6876,232.9983
Guyana,Pre- and post- production,Emissions (CO2eq) from CH4 (AR5),kilotonnes,182.9554,183.8378,187.3588,178.4298,180.0614,171.7645,174.7928,177.0536,176.6783,178.9099,180.238,182.9529,184.7271,187.4296,188.3054,181.3657,182.358,183.8122,185.7145,186.4499,187.2493
Guyana,Pre- and post- production,Emissions (CO2eq) from N2O (AR5),kilotonnes,6.4438,6.1391,6.21,6.3909,6.196,5.9468,5.6052,5.7727,5.8511,5.8749,6.1143,6.4118,6.9041,7.2999,7.6289,8.1208,8.3309,8.7241,8.9871,9.2645,9.4849
Guyana,Pre- and post- production,Emissions (CO2eq) (AR5),kilotonnes,442.7357,446.3017,426.4626,407.6879,410.683,333.5072,330.0006,339.0727,343.6065,362.3807,375.0976,370.9884,378.2095,417.5041,409.5631,412.8435,428.1641,433.5309,438.757,446.402,429.7324
Guyana,Agri-food systems,Emissions (CH4),kilotonnes,47.345,49.2789,44.5724,52.8031,46.8853,43.9676,42.4765,43.8865,47.1481,49.163,51.9628,53.5036,54.7392,60.4908,66.1472,68.5945,57.1967,62.2119,60.4997,64.3339,66.1506
Guyana,Agri-food systems,Emissions (N2O),kilotonnes,1.4484,1.4984,1.5702,1.8226,1.869,1.5389,1.5068,1.5605,1.7464,1.6016,1.8184,1.5927,1.7565,1.8611,1.8125,2.0365,1.8375,1.7435,2.0325,2.1411,2.0579
Guyana,Agri-food systems,Emissions (CO2),kilotonnes,7672.7223,8393.7544,8355.0544,8302.5394,8699.6941,8574.0255,8492.9204,8577.06,8538.4837,8550.8539,8512.4957,16228.4533,16166.2215,16133.6196,16163.7938,16150.03,13632.1618,13622.8421,13656.9067,13658.2383,13640.9167
Guyana,Agri-food systems,Emissions (CO2eq) from CH4 (AR5),kilotonnes,1325.6614,1379.808,1248.0285,1478.4867,1312.7871,1231.0919,1189.341,1228.8218,1320.1478,1376.5631,1454.9583,1498.1006,1532.6981,1693.7428,1852.1212,1920.6446,1601.5072,1741.9322,1693.9918,1801.3486,1852.2181
Guyana,Agri-food systems,Emissions (CO2eq) from N2O (AR5),kilotonnes,383.8262,397.0869,416.1063,482.9815,495.2911,407.8005,399.3075,413.5231,462.7939,424.4304,481.8731,422.0746,465.4797,493.2021,480.3062,539.661,486.9471,462.0156,538.6197,567.3821,545.3453
Guyana,Agri-food systems,Emissions (CO2eq) (AR5),kilotonnes,9382.2099,10170.6493,10019.1893,10264.0077,10507.7723,10212.9179,10081.5689,10219.4049,10321.4255,10351.8475,10449.3272,18148.6285,18164.3994,18320.5645,18496.2212,18610.3356,15720.6161,15826.79,15889.5181,16026.9691,16038.4801
Guyana,IPCC Agriculture,Emissions (CH4),kilotonnes,40.1402,42.2661,37.5529,44.6481,40.2044,37.5614,36.1071,37.349,40.7359,42.5275,44.4465,46.8527,47.9685,53.6165,59.2013,61.4345,49.7133,55.5585,53.6585,56.6512,58.8703
Guyana,IPCC Agriculture,Emissions (CH4),kilotonnes,41.53,43.93,34.23,46.43,44.63,,,,,,,,,,,,,,,,
Guyana,IPCC Agriculture,Direct emissions (N2O),kilotonnes,0.5506,0.5594,0.601,0.6063,0.7516,0.5268,0.5488,0.5534,0.7339,0.5882,0.6939,0.5889,0.7054,0.8087,0.7504,0.841,0.688,0.6687,0.8949,0.8903,0.8338
Guyana,IPCC Agriculture,Indirect emissions (N2O),kilotonnes,0.1579,0.1605,0.1757,0.1743,0.2223,0.1508,0.1579,0.1586,0.2166,0.1676,0.2019,0.168,0.2046,0.2357,0.2186,0.2471,0.2005,0.1925,0.2625,0.2644,0.2461
Guyana,IPCC Agriculture,Emissions (N2O),kilotonnes,1.2027,1.232,1.324,1.4493,1.6235,1.3054,1.3137,1.3345,1.5463,1.3874,1.5308,1.3706,1.5481,1.6766,1.6059,1.7911,1.5274,1.5164,1.7829,1.8082,1.7635
Guyana,IPCC Agriculture,Emissions (N2O),kilotonnes,0.72,0.72,0.72,0.72,0.72,,,,,,,,,,,,,,,,
Guyana,IPCC Agriculture,Emissions (CO2eq) from CH4 (AR5),kilotonnes,1123.9257,1183.4497,1051.4809,1250.1458,1125.7246,1051.7191,1010.9982,1045.771,1140.6038,1190.7713,1244.5011,1311.8746,1343.1167,1501.2632,1657.6366,1720.1658,1391.9728,1555.6375,1502.4369,1586.2344,1648.3687
Guyana,IPCC Agriculture,Emissions (CO2eq) from CH4 (AR5),kilotonnes,1162.84,1230.04,958.44,1300.04,1249.64,,,,,,,,,,,,,,,,
Guyana,IPCC Agriculture,Emissions (CO2eq) from N2O (AR5),kilotonnes,318.7049,326.4673,350.8552,384.0685,430.2325,345.9383,348.1262,353.6513,409.7754,367.6734,405.6557,363.2087,410.2555,444.3007,425.5654,474.6312,404.7674,401.8385,472.4673,479.1603,467.3281
Guyana,IPCC Agriculture,Emissions (CO2eq) from N2O (AR5),kilotonnes,190.8,190.8,190.8,190.8,190.8,,,,,,,,,,,,,,,,
Guyana,IPCC Agriculture,Emissions (CO2eq) (AR5),kilotonnes,1442.6306,1509.917,1402.3361,1634.2143,1555.957,1397.6575,1359.1244,1399.4223,1550.3792,1558.4446,1650.1568,1675.0833,1753.3722,1945.5639,2083.2021,2194.7969,1796.7402,1957.476,1974.9042,2065.3947,2115.6968
Guyana,IPCC Agriculture,Emissions (CO2eq) (AR5),kilotonnes,1353.64,1420.84,1149.24,1490.84,1440.44,,,,,,,,,,,,,,,,
Guyana,Agricultural Soils,Direct emissions (N2O),kilotonnes,0.5506,0.5594,0.601,0.6063,0.7516,0.5268,0.5488,0.5534,0.7339,0.5882,0.6939,0.5889,0.7054,0.8087,0.7504,0.841,0.688,0.6687,0.8949,0.8903,0.8338
Guyana,Agricultural Soils,Indirect emissions (N2O),kilotonnes,0.1579,0.1605,0.1757,0.1743,0.2223,0.1508,0.1579,0.1586,0.2166,0.1676,0.2019,0.168,0.2046,0.2357,0.2186,0.2471,0.2005,0.1925,0.2625,0.2644,0.2461
Guyana,Agricultural Soils,Emissions (N2O),kilotonnes,1.1701,1.1848,1.2429,1.2462,1.4981,1.2011,1.2293,1.2339,1.472,1.277,1.4158,1.276,1.4269,1.5609,1.4847,1.6023,1.4029,1.3754,1.6718,1.6647,1.5899
Guyana,Agricultural Soils,Emissions (N2O),kilotonnes,0.58,0.58,0.58,0.58,0.58,,,,,,,,,,,,,,,,
Guyana,Agricultural Soils,Emissions (CO2eq) from N2O (AR5),kilotonnes,310.0685,313.9823,329.375,330.2427,397.0073,318.2879,325.7534,326.9746,390.0725,338.4099,375.1922,338.1328,378.116,413.6471,393.4514,424.6048,371.7599,364.4883,443.0348,441.1343,421.3241
Guyana,Agricultural Soils,Emissions (CO2eq) from N2O (AR5),kilotonnes,153.7,153.7,153.7,153.7,153.7,,,,,,,,,,,,,,,,
Guyana,Agricultural Soils,Emissions (CO2eq) (AR5),kilotonnes,310.0685,313.9823,329.375,330.2427,397.0073,318.2879,325.7534,326.9746,390.0725,338.4099,375.1922,338.1328,378.116,413.6471,393.4514,424.6048,371.7599,364.4883,443.0348,441.1343,421.3241
Guyana,Agricultural Soils,Emissions (CO2eq) (AR5),kilotonnes,153.7,153.7,153.7,153.7,153.7,,,,,,,,,,,,,,,,
Guyana,LULUCF,Emissions (CH4),kilotonnes,0.6153,0.3879,0.2833,1.7754,0.1938,0.265,0.0819,0.1642,0.0748,0.1959,1.075,0.0971,0.1581,0.1514,0.1936,0.7307,0.9853,0.0679,0.1898,1.0037,0.6001
Guyana,LULUCF,Emissions (CH4),kilotonnes,7,7,7,7,7,,,,,,,,,,,,,,,,
Guyana,LULUCF,Emissions (N2O),kilotonnes,0.0181,0.0354,0.0259,0.1621,0.0177,0.0242,0.0075,0.015,0.0068,0.0179,0.0981,0.0089,0.0144,0.0138,0.0177,0.0667,0.09,0.0062,0.0173,0.0916,0.0548
Guyana,LULUCF,Emissions (N2O),kilotonnes,0.03,0.03,0.05,0.05,0.05,,,,,,,,,,,,,,,,
Guyana,LULUCF,Emissions (CO2),kilotonnes,6823.573,7531.0716,7538.9489,7534.8593,7896.5507,7891.8917,7885.9668,7881.6234,7879.6482,7878.1792,7870.1479,15538.6015,15524.2181,15522.9673,15517.657,15508.4337,12877.3454,12876.4738,12877.4879,12851.6163,12851.984
Guyana,LULUCF,Emissions (CO2),kilotonnes,-56697,-56257,-55807,-55282,-54834,,,,,,,,,,,,,,,,
Guyana,LULUCF,Emissions (CO2eq) from CH4 (AR5),kilotonnes,17.2288,10.8625,7.9318,49.7099,5.4254,7.4191,2.2932,4.5964,2.0932,5.485,30.0989,2.7195,4.427,4.2394,5.4206,20.459,27.5878,1.9004,5.3153,28.1027,16.8016
Guyana,LULUCF,Emissions (CO2eq) from N2O (AR5),kilotonnes,4.796,9.3866,6.8542,42.9558,4.6883,6.411,1.9816,3.9719,1.8088,4.7398,26.0094,2.35,3.8255,3.6634,4.6841,17.6792,23.8395,1.6422,4.5931,24.2844,14.5188
Guyana,LULUCF,Emissions (CO2eq) (AR5),kilotonnes,6845.5978,7551.3207,7553.7349,7627.525,7906.6644,7905.7218,7890.2415,7890.1917,7883.5501,7888.404,7926.2563,15543.671,15532.4707,15530.8702,15527.7618,15546.572,12928.7727,12880.0164,12887.3964,12904.0034,12883.3044
Guyana,LULUCF,Emissions (CO2eq) (AR5),kilotonnes,-56697,-56257,-55807,-55282,-54834,,,,,,,,,,,,,,,,
Guyana,AFOLU,Emissions (CH4),kilotonnes,40.7555,42.654,37.8362,46.4234,40.3982,37.8264,36.189,37.5131,40.8106,42.7234,45.5214,46.9498,48.1266,53.768,59.3949,62.1652,50.6986,55.6264,53.8483,57.6549,59.4704
Guyana,AFOLU,Emissions (N2O),kilotonnes,1.2208,1.2674,1.3498,1.6114,1.6412,1.3296,1.3212,1.3495,1.5531,1.4053,1.6289,1.3795,1.5626,1.6904,1.6236,1.8578,1.6174,1.5226,1.8002,1.8998,1.8183
Guyana,AFOLU,Emissions (CO2),kilotonnes,6823.573,7531.0716,7538.9489,7534.8593,7896.5507,7891.8917,7885.9668,7881.6234,7879.6482,7878.1792,7870.1479,15538.6015,15524.2181,15522.9673,15517.657,15508.4337,12877.3454,12876.4738,12877.4879,12851.6163,12851.984
Guyana,AFOLU,Emissions (CO2eq) from CH4 (AR5),kilotonnes,1141.1546,1194.3122,1059.4128,1299.8557,1131.15,1059.1382,1013.2914,1050.3674,1142.697,1196.2563,1274.6,1314.5941,1347.5438,1505.5026,1663.0572,1740.6248,1419.5606,1557.5379,1507.7522,1614.3371,1665.1703
Guyana,AFOLU,Emissions (CO2eq) from N2O (AR5),kilotonnes,323.5008,335.8539,357.7094,427.0243,434.9207,352.3494,350.1077,357.6231,411.5841,372.4131,431.6651,365.5587,414.0811,447.9641,430.2496,492.3104,428.6069,403.4807,477.0604,503.4446,481.8468
Guyana,AFOLU,Emissions (CO2eq) (AR5),kilotonnes,8288.2283,9061.2377,8956.0711,9261.7393,9462.6214,9303.3793,9249.3659,9289.6139,9433.9293,9446.8487,9576.4131,17218.7543,17285.843,17476.4341,17610.9638,17741.3689,14725.5129,14837.4924,14862.3005,14969.3981,14999.0011
Guyana,All sectors with LULUCF,Emissions (CH4),kilotonnes,57.0135,59.121,54.4472,62.9404,56.7502,53.7534,52.26,53.6561,56.6836,58.6524,61.4374,62.9808,64.3606,70.375,76.2579,79.1422,67.7776,72.6794,71.1123,74.8989,76.8164
Guyana,All sectors with LULUCF,Emissions (N2O),kilotonnes,1.4159,1.4618,1.5462,1.813,1.8463,1.5111,1.487,1.5326,1.7283,1.5907,1.83,1.6088,1.8086,1.9284,1.8623,2.1001,1.878,1.734,2.0001,2.1451,2.0678
Guyana,All sectors with LULUCF,Emissions (CO2),kilotonnes,8577.426,9285.1556,9263.0149,9399.1263,9830.7407,9516.3717,9400.1288,9666.0384,9593.9342,9793.0272,9765.0069,17503.2925,17488.9201,17437.7693,17493.269,17522.6557,15230.4674,15198.5958,15433.6119,15398.7423,15209.111
Guyana,All sectors with LULUCF,Emissions (CO2eq) from CH4 (AR5),kilotonnes,1596.3786,1655.3882,1524.5208,1762.3317,1589.006,1505.0942,1463.2794,1502.3714,1587.141,1642.2683,1720.248,1763.4621,1802.0958,1970.4986,2135.2212,2215.9808,1897.7726,2035.0219,1991.1442,2097.1691,2150.8583
Guyana,All sectors with LULUCF,Emissions (CO2eq) from N2O (AR5),kilotonnes,375.2182,387.3858,409.7448,480.4377,489.2616,400.4336,394.058,406.1287,457.9962,421.5282,484.9407,426.3364,479.287,511.0262,493.5024,556.5226,497.6712,459.5096,530.0207,568.4571,547.9749
Guyana,All sectors with LULUCF,Emissions (CO2eq) (AR5),kilotonnes,10549.0227,11327.9296,11197.2805,11641.8957,11909.0083,11421.8995,11257.4661,11574.5385,11639.0714,11856.8238,11970.1957,19693.091,19770.3029,19919.2941,20121.9927,20295.159,17625.9112,17693.1273,17954.7768,18064.3685,17907.9442
Guyana,All sectors without LULUCF,Emissions (CH4),kilotonnes,56.3982,58.7331,54.1639,61.1651,56.5564,53.4884,52.1781,53.492,56.6089,58.4565,60.3625,62.8837,64.2025,70.2235,76.0643,78.4115,66.7923,72.6115,70.9225,73.8952,76.2163
Guyana,All sectors without LULUCF,Emissions (N2O),kilotonnes,1.3978,1.4264,1.5203,1.6509,1.8286,1.4869,1.4795,1.5176,1.7215,1.5728,1.7318,1.5999,1.7942,1.9146,1.8446,2.0334,1.788,1.7278,1.9827,2.0535,2.013
Guyana,All sectors without LULUCF,Emissions (CO2),kilotonnes,1753.853,1754.084,1724.066,1864.267,1934.19,1624.48,1514.162,1784.415,1714.286,1914.848,1894.859,1964.691,1964.702,1914.802,1975.612,2014.222,2353.122,2322.122,2556.124,2547.126,2357.127
Guyana,All sectors without LULUCF,Emissions (CO2eq) from CH4 (AR5),kilotonnes,1579.1497,1644.5257,1516.5889,1712.6218,1583.5806,1497.6751,1460.9862,1497.775,1585.0478,1636.7833,1690.1491,1760.7426,1797.6687,1966.2592,2129.8006,2195.5218,1870.1848,2033.1215,1985.8289,2069.0664,2134.0567
Guyana,All sectors without LULUCF,Emissions (CO2eq) from N2O (AR5),kilotonnes,370.4223,377.9992,402.8906,437.4819,484.5734,394.0226,392.0764,402.1569,456.1875,416.7885,458.9313,423.9864,475.4614,507.3627,488.8183,538.8433,473.8317,457.8675,525.4275,544.1727,533.4562
Guyana,All sectors without LULUCF,Emissions (CO2eq) (AR5),kilotonnes,3703.425,3776.6089,3643.5455,4014.3707,4002.3439,3516.1777,3367.2246,3684.3469,3755.5213,3968.4197,4043.9394,4149.42,4237.8321,4388.4239,4594.2309,4748.5871,4697.1385,4813.111,5067.3804,5160.3652,5024.6399
Haiti,Crop Residues,Direct emissions (N2O),kilotonnes,0.1154,0.1047,0.1033,0.1052,0.1069,0.1094,0.1112,0.1421,0.1188,0.1459,0.1698,0.1649,0.1307,0.1672,0.1656,0.1494,0.1438,0.1478,0.1537,0.1131,0.113
Haiti,Crop Residues,Indirect emissions (N2O),kilotonnes,0.026,0.0236,0.0232,0.0237,0.0241,0.0246,0.025,0.032,0.0267,0.0328,0.0382,0.0371,0.0294,0.0376,0.0373,0.0336,0.0324,0.0332,0.0346,0.0254,0.0254
Haiti,Crop Residues,Emissions (N2O),kilotonnes,0.1414,0.1282,0.1265,0.1288,0.131,0.134,0.1363,0.174,0.1456,0.1788,0.208,0.202,0.1602,0.2048,0.2029,0.183,0.1762,0.181,0.1883,0.1385,0.1384
Haiti,Crop Residues,Emissions (CO2eq) from N2O (AR5),kilotonnes,37.472,33.9784,33.5308,34.1392,34.7051,35.499,36.108,46.1176,38.5751,47.3779,55.1153,53.5278,42.4437,54.2816,53.7638,48.5016,46.6857,47.9635,49.904,36.7031,36.6825
Haiti,Crop Residues,Emissions (CO2eq) (AR5),kilotonnes,37.472,33.9784,33.5308,34.1392,34.7051,35.499,36.108,46.1176,38.5751,47.3779,55.1153,53.5278,42.4437,54.2816,53.7638,48.5016,46.6857,47.9635,49.904,36.7031,36.6825
Haiti,Rice Cultivation,Emissions (CH4),kilotonnes,5.824,5.7344,5.992,6.0816,5.7344,5.8016,5.936,6.4736,5.936,6.44,6.7986,6.7415,6.7228,6.5865,6.016,5.8025,6.2863,7.0856,6.3516,6.6261,6.3526
Haiti,Rice Cultivation,Emissions (CO2eq) from CH4 (AR5),kilotonnes,163.072,160.5632,167.776,170.2848,160.5632,162.4448,166.208,181.2608,166.208,180.32,190.3615,188.7621,188.2384,184.4219,168.4471,162.4699,176.0174,198.3959,177.8457,185.532,177.8739
Haiti,Rice Cultivation,Emissions (CO2eq) (AR5),kilotonnes,163.072,160.5632,167.776,170.2848,160.5632,162.4448,166.208,181.2608,166.208,180.32,190.3615,188.7621,188.2384,184.4219,168.4471,162.4699,176.0174,198.3959,177.8457,185.532,177.8739
Haiti,Burning - Crop residues,Emissions (CH4),kilotonnes,0.8361,0.8075,0.7564,0.7711,0.8087,0.8015,0.8204,1.0523,0.8375,1.1412,1.2685,1.3277,0.7982,1.1917,1.2307,1.0804,1.0033,0.9084,1.2175,0.6037,0.7027
Haiti,Burning - Crop residues,Emissions (CH4),kilotonnes,0.37,,,,,,,,,,,,,,,,,,,,
Haiti,Burning - Crop residues,Emissions (N2O),kilotonnes,0.0217,0.0209,0.0196,0.02,0.021,0.0208,0.0213,0.0273,0.0217,0.0296,0.0329,0.0344,0.0207,0.0309,0.0319,0.028,0.026,0.0236,0.0316,0.0157,0.0182
Haiti,Burning - Crop residues,Emissions (N2O),kilotonnes,0.01,,,,,,,,,,,,,,,,,,,,
Haiti,Burning - Crop residues,Emissions (CO2eq) from CH4 (AR5),kilotonnes,23.4095,22.6104,21.1793,21.5906,22.6448,22.443,22.9711,29.4651,23.4492,31.9523,35.5187,37.175,22.35,33.3666,34.46,30.2499,28.0929,25.4348,34.0905,16.9037,19.6768
Haiti,Burning - Crop residues,Emissions (CO2eq) from CH4 (AR5),kilotonnes,10.36,,,,,,,,,,,,,,,,,,,,
Haiti,Burning - Crop residues,Emissions (CO2eq) from N2O (AR5),kilotonnes,5.744,5.5479,5.1968,5.2977,5.5564,5.5068,5.6364,7.2299,5.7537,7.8402,8.7152,9.1216,5.484,8.1872,8.4555,7.4224,6.8932,6.2409,8.3648,4.1477,4.8281
Haiti,Burning - Crop residues,Emissions (CO2eq) from N2O (AR5),kilotonnes,2.65,,,,,,,,,,,,,,,,,,,,
Haiti,Burning - Crop residues,Emissions (CO2eq) (AR5),kilotonnes,29.1535,28.1584,26.3761,26.8883,28.2012,27.9498,28.6075,36.695,29.203,39.7925,44.2339,46.2967,27.834,41.5537,42.9154,37.6723,34.986,31.6757,42.4553,21.0514,24.5049
Haiti,Burning - Crop residues,Emissions (CO2eq) (AR5),kilotonnes,13.01,,,,,,,,,,,,,,,,,,,,
Haiti,Enteric Fermentation,Emissions (CH4),kilotonnes,106.1582,106.7775,107.3801,107.826,107.4515,107.881,107.213,107.3544,107.6974,107.6989,107.7004,108.3641,108.853,108.8555,109.5144,110.9074,113.1875,112.2917,109.279,110.8726,111.7778
Haiti,Enteric Fermentation,Emissions (CH4),kilotonnes,135.69,,,,,,,,,,,,,,,,,,,,
Haiti,Enteric Fermentation,Emissions (CO2eq) from CH4 (AR5),kilotonnes,2972.4296,2989.77,3006.6428,3019.128,3008.642,3020.668,3001.964,3005.9221,3015.528,3015.5696,3015.6113,3034.1948,3047.884,3047.954,3066.4038,3105.4063,3169.2498,3144.1675,3059.8114,3104.4336,3129.779
Haiti,Enteric Fermentation,Emissions (CO2eq) from CH4 (AR5),kilotonnes,3799.32,,,,,,,,,,,,,,,,,,,,
Haiti,Enteric Fermentation,Emissions (CO2eq) (AR5),kilotonnes,2972.4296,2989.77,3006.6428,3019.128,3008.642,3020.668,3001.964,3005.9221,3015.528,3015.5696,3015.6113,3034.1948,3047.884,3047.954,3066.4038,3105.4063,3169.2498,3144.1675,3059.8114,3104.4336,3129.779
Haiti,Enteric Fermentation,Emissions (CO2eq) (AR5),kilotonnes,3799.32,,,,,,,,,,,,,,,,,,,,
Haiti,Manure Management,Emissions (CH4),kilotonnes,3.9874,3.999,4.0119,4.025,3.9917,4.0078,3.9946,3.9947,4.0044,4.0044,4.0044,4.0104,4.0233,4.0234,4.0545,4.0941,4.1562,4.1058,4.0124,4.061,4.0871
Haiti,Manure Management,Emissions (N2O),kilotonnes,0.3095,0.31,0.3105,0.3113,0.3105,0.3107,0.3105,0.3111,0.3116,0.3116,0.3116,0.3133,0.3134,0.3134,0.3132,0.3145,0.3162,0.3164,0.3145,0.3152,0.3157
Haiti,Manure Management,Emissions (N2O),kilotonnes,0.22,,,,,,,,,,,,,,,,,,,,
Haiti,Manure Management,Emissions (CO2eq) from CH4 (AR5),kilotonnes,111.6467,111.9709,112.3326,112.7003,111.7683,112.2178,111.8502,111.8502,112.1239,112.1239,112.1239,112.2919,112.6524,112.6545,113.5267,114.6353,116.3728,114.961,112.3464,113.7087,114.4391
Haiti,Manure Management,Emissions (CO2eq) from N2O (AR5),kilotonnes,82.024,82.1382,82.2695,82.491,82.2904,82.3327,82.2933,82.4387,82.5744,82.5761,82.5779,83.019,83.0642,83.0642,82.9958,83.3399,83.8002,83.8483,83.3405,83.5212,83.6662
Haiti,Manure Management,Emissions (CO2eq) from N2O (AR5),kilotonnes,58.3,,,,,,,,,,,,,,,,,,,,
Haiti,Manure Management,Emissions (CO2eq) (AR5),kilotonnes,193.6707,194.1091,194.6021,195.1913,194.0587,194.5505,194.1435,194.2889,194.6983,194.7,194.7018,195.3109,195.7166,195.7187,196.5225,197.9752,200.1731,198.8093,195.6869,197.2299,198.1053
Haiti,Manure Management,Emissions (CO2eq) (AR5),kilotonnes,58.3,,,,,,,,,,,,,,,,,,,,
Haiti,Manure left on Pasture,Direct emissions (N2O),kilotonnes,2.6353,2.647,2.6595,2.6659,2.6471,2.6581,2.643,2.6389,2.6478,2.6478,2.6477,2.6435,2.6592,2.6593,2.7096,2.7565,2.84,2.7662,2.635,2.6984,2.7319
Haiti,Manure left on Pasture,Indirect emissions (N2O),kilotonnes,0.7499,0.7524,0.7552,0.757,0.7491,0.753,0.7489,0.7481,0.7505,0.7505,0.7505,0.7496,0.7549,0.755,0.7728,0.7897,0.8212,0.7836,0.7303,0.7555,0.7681
Haiti,Manure left on Pasture,Emissions (N2O),kilotonnes,3.3852,3.3994,3.4146,3.4229,3.3963,3.411,3.3919,3.387,3.3983,3.3983,3.3982,3.393,3.4141,3.4142,3.4824,3.5461,3.6612,3.5498,3.3654,3.4539,3.5
Haiti,Manure left on Pasture,Emissions (CO2eq) from N2O (AR5),kilotonnes,897.0691,900.8476,904.8785,907.074,900.009,903.9202,898.8638,897.5643,900.5534,900.5406,900.5278,899.1527,904.735,904.7704,922.8372,939.7267,970.2289,940.7003,891.8268,915.29,927.4986
Haiti,Manure left on Pasture,Emissions (CO2eq) (AR5),kilotonnes,897.0691,900.8476,904.8785,907.074,900.009,903.9202,898.8638,897.5643,900.5534,900.5406,900.5278,899.1527,904.735,904.7704,922.8372,939.7267,970.2289,940.7003,891.8268,915.29,927.4986
Haiti,Manure applied to Soils,Direct emissions (N2O),kilotonnes,0.3473,0.3492,0.3508,0.3547,0.3547,0.3551,0.3547,0.3595,0.3604,0.3604,0.3605,0.3737,0.3743,0.3743,0.3634,0.3654,0.3684,0.3697,0.3663,0.3677,0.3688
Haiti,Manure applied to Soils,Indirect emissions (N2O),kilotonnes,0.1476,0.1484,0.1491,0.1507,0.1507,0.1509,0.1508,0.1528,0.1532,0.1532,0.1532,0.1588,0.1591,0.1591,0.1545,0.1553,0.1566,0.1571,0.1557,0.1563,0.1568
Haiti,Manure applied to Soils,Emissions (N2O),kilotonnes,0.4949,0.4976,0.4999,0.5054,0.5054,0.506,0.5055,0.5122,0.5136,0.5136,0.5137,0.5326,0.5333,0.5333,0.5179,0.5206,0.525,0.5268,0.522,0.524,0.5256
Haiti,Manure applied to Soils,Emissions (CO2eq) from N2O (AR5),kilotonnes,131.1467,131.8771,132.4866,133.94,133.9377,134.0862,133.9461,135.7412,136.0928,136.1124,136.132,141.1369,141.3283,141.3283,137.2335,137.971,139.1323,139.6111,138.338,138.8624,139.285
Haiti,Manure applied to Soils,Emissions (CO2eq) (AR5),kilotonnes,131.1467,131.8771,132.4866,133.94,133.9377,134.0862,133.9461,135.7412,136.0928,136.1124,136.132,141.1369,141.3283,141.3283,137.2335,137.971,139.1323,139.6111,138.338,138.8624,139.285
Haiti,Drained organic soils,Emissions (CO2eq) (AR5),kilotonnes,0,0,0,0,0,0,0,0,0,0,0,0,0,0,0,0,0,0,0,0,0
Haiti,Drained organic soils (CO2),Emissions (CO2),kilotonnes,0,0,0,0,0,0,0,0,0,0,0,0,0,0,0,0,0,0,0,0,0
Haiti,Drained organic soils (CO2),Emissions (CO2eq) (AR5),kilotonnes,0,0,0,0,0,0,0,0,0,0,0,0,0,0,0,0,0,0,0,0,0
Haiti,Drained organic soils (N2O),Emissions (N2O),kilotonnes,0,0,0,0,0,0,0,0,0,0,0,0,0,0,0,0,0,0,0,0,0
Haiti,Drained organic soils (N2O),Emissions (CO2eq) from N2O (AR5),kilotonnes,0,0,0,0,0,0,0,0,0,0,0,0,0,0,0,0,0,0,0,0,0
Haiti,Drained organic soils (N2O),Emissions (CO2eq) (AR5),kilotonnes,0,0,0,0,0,0,0,0,0,0,0,0,0,0,0,0,0,0,0,0,0
Haiti,On-farm energy use,Emissions (CH4),kilotonnes,0.0849,0.0885,0.0969,0.0996,0.099,0.1021,0.1053,0.1115,0.1143,0.1175,0.1219,0.1278,0.1317,0.1349,0.1412,0.1461,0.1498,0.1534,0.1571,0.1611,0.1611
Haiti,On-farm energy use,Emissions (N2O),kilotonnes,0.0114,0.0125,0.0136,0.0146,0.0143,0.0149,0.0153,0.0193,0.0193,0.0182,0.0212,0.0212,0.0144,0.0155,0.022,0.0228,0.0231,0.0234,0.0237,0.0241,0.0241
Haiti,On-farm energy use,Emissions (CO2),kilotonnes,65.6997,68.0158,105.8678,104.0049,79.0468,81.2183,82.6969,104.8727,105.3277,92.634,98.1564,114.8834,97.6765,98.4651,119.9248,124.3563,126.0502,127.6433,129.4972,131.6596,131.6596
Haiti,On-farm energy use,Emissions (CO2eq) from CH4 (AR5),kilotonnes,2.3781,2.4783,2.7125,2.7877,2.7727,2.8576,2.9485,3.1223,3.2014,3.2892,3.413,3.5777,3.6864,3.7759,3.9525,4.0902,4.1937,4.2939,4.3982,4.5094,4.5094
Haiti,On-farm energy use,Emissions (CO2eq) from N2O (AR5),kilotonnes,3.0277,3.313,3.6142,3.859,3.7781,3.9609,4.0463,5.1236,5.1216,4.8247,5.6056,5.628,3.8096,4.1164,5.8216,6.0451,6.1193,6.1928,6.2813,6.3743,6.3743
Haiti,On-farm energy use,Emissions (CO2eq) (AR5),kilotonnes,71.1055,73.8072,112.1945,110.6516,85.5976,88.0368,89.6917,113.1186,113.6507,100.748,107.175,124.0892,105.1724,106.3574,129.6988,134.4916,136.3632,138.1299,140.1768,142.5434,142.5434
Haiti,Forestland,Emissions (CO2),kilotonnes,-138.1928,-137.8356,-137.8356,-137.8356,-137.8356,-137.8356,-137.8356,-137.8356,-137.8356,-137.8356,-137.8356,-134.3137,-134.3137,-134.3137,-134.3137,-134.3137,10.1875,10.1875,10.1875,10.1875,10.1875
Haiti,Forestland,Emissions (CO2eq) (AR5),kilotonnes,-138.1928,-137.8356,-137.8356,-137.8356,-137.8356,-137.8356,-137.8356,-137.8356,-137.8356,-137.8356,-137.8356,-134.3137,-134.3137,-134.3137,-134.3137,-134.3137,10.1875,10.1875,10.1875,10.1875,10.1875
Haiti,Net Forest conversion,Emissions (CO2),kilotonnes,207.8648,207.2246,207.2246,207.2246,207.2246,207.2246,207.2246,207.2246,207.2246,207.2246,207.2246,785.7049,785.7049,785.7049,785.7049,785.7049,624.4465,624.4465,624.4465,624.4465,624.4465
Haiti,Net Forest conversion,Emissions (CO2eq) (AR5),kilotonnes,207.8648,207.2246,207.2246,207.2246,207.2246,207.2246,207.2246,207.2246,207.2246,207.2246,207.2246,785.7049,785.7049,785.7049,785.7049,785.7049,624.4465,624.4465,624.4465,624.4465,624.4465
Haiti,Savanna fires,Emissions (CH4),kilotonnes,0.0091,0.0047,0.0101,0.0013,0.0147,0.0118,0.0049,0.0155,0.0108,0.0075,0.0064,0.008,0.0121,0.0072,0.002,0.0089,0.0036,0.0037,0.0211,0.0091,0.024
Haiti,Savanna fires,Emissions (N2O),kilotonnes,0.0008,0.0004,0.0009,0.0001,0.0013,0.0011,0.0004,0.0014,0.001,0.0007,0.0006,0.0007,0.0011,0.0007,0.0002,0.0008,0.0003,0.0003,0.0019,0.0008,0.0022
Haiti,Savanna fires,Emissions (CO2eq) from CH4 (AR5),kilotonnes,0.2561,0.1327,0.282,0.0358,0.4104,0.3316,0.1375,0.4333,0.3035,0.2109,0.1794,0.2233,0.3385,0.2025,0.0558,0.2488,0.1003,0.1031,0.5912,0.2561,0.6717
Haiti,Savanna fires,Emissions (CO2eq) from N2O (AR5),kilotonnes,0.2213,0.1147,0.2437,0.031,0.3547,0.2865,0.1188,0.3744,0.2622,0.1822,0.1551,0.1929,0.2925,0.175,0.0482,0.215,0.0867,0.0891,0.5109,0.2213,0.5805
Haiti,Savanna fires,Emissions (CO2eq) (AR5),kilotonnes,0.4773,0.2474,0.5257,0.0668,0.7651,0.6181,0.2564,0.8078,0.5657,0.3931,0.3345,0.4162,0.631,0.3774,0.1041,0.4637,0.187,0.1922,1.1021,0.4774,1.2522
Haiti,Fires in organic soils,Emissions (CH4),kilotonnes,0,0,0,0,0,0,0,0,0,0,0,0,0,0,0,0,0,0,0,0,0
Haiti,Fires in organic soils,Emissions (CO2),kilotonnes,0,0,0,0,0,0,0,0,0,0,0,0,0,0,0,0,0,0,0,0,0
Haiti,Fires in organic soils,Emissions (CO2eq) from CH4 (AR5),kilotonnes,0,0,0,0,0,0,0,0,0,0,0,0,0,0,0,0,0,0,0,0,0
Haiti,Fires in organic soils,Emissions (CO2eq) (AR5),kilotonnes,0,0,0,0,0,0,0,0,0,0,0,0,0,0,0,0,0,0,0,0,0
Haiti,Forest fires,Emissions (CH4),kilotonnes,0.0124,0,0,0,0,0,0.0074,0.0027,0,0,0,0,0,0,0,0,0,0,0,0,0
Haiti,Forest fires,Emissions (N2O),kilotonnes,0.0004,0,0,0,0,0,0.0007,0.0002,0,0,0,0,0,0,0,0,0,0,0,0,0
Haiti,Forest fires,Emissions (CO2eq) from CH4 (AR5),kilotonnes,0.3464,0,0,0,0,0,0.2084,0.0746,0,0,0,0,0,0,0,0,0,0,0,0,0
Haiti,Forest fires,Emissions (CO2eq) from N2O (AR5),kilotonnes,0.0965,0,0,0,0,0,0.1801,0.0644,0,0,0,0,0,0,0,0,0,0,0,0,0
Haiti,Forest fires,Emissions (CO2eq) (AR5),kilotonnes,0.4429,0,0,0,0,0,0.3884,0.139,0,0,0,0,0,0,0,0,0,0,0,0,0
Haiti,Fires in humid tropical forests,Emissions (CH4),kilotonnes,0.0124,0,0,0,0,0,0,0.0027,0,0,0,0,0,0,0,0,0,0,0,0,0
Haiti,Fires in humid tropical forests,Emissions (N2O),kilotonnes,0.0004,0,0,0,0,0,0,0.0002,0,0,0,0,0,0,0,0,0,0,0,0,0
Haiti,Fires in humid tropical forests,Emissions (CO2eq) from CH4 (AR5),kilotonnes,0.3464,0,0,0,0,0,0,0.0746,0,0,0,0,0,0,0,0,0,0,0,0,0
Haiti,Fires in humid tropical forests,Emissions (CO2eq) from N2O (AR5),kilotonnes,0.0965,0,0,0,0,0,0,0.0644,0,0,0,0,0,0,0,0,0,0,0,0,0
Haiti,Fires in humid tropical forests,Emissions (CO2eq) (AR5),kilotonnes,0.4429,0,0,0,0,0,0,0.139,0,0,0,0,0,0,0,0,0,0,0,0,0
Haiti,Waste - agri-food systems,Emissions (CH4),kilotonnes,77.8235,78.3834,78.7935,78.8886,79.2656,79.7583,80.1853,80.7896,81.3441,81.8818,82.3278,82.788,83.2109,83.642,83.8573,84.1388,84.3316,84.5976,84.927,85.0408,85.1484
Haiti,Waste - agri-food systems,Emissions (N2O),kilotonnes,0.1242,0.1229,0.1244,0.131,0.1318,0.1356,0.1392,0.1478,0.1499,0.1579,0.1702,0.1639,0.1657,0.1699,0.1703,0.1783,0.1826,0.1864,0.1889,0.1909,0.1929
Haiti,Waste - agri-food systems,Emissions (CO2),kilotonnes,414.434,413.0923,412.2831,408.1243,412.219,415.4032,416.2351,420.5615,422.3238,424.1685,424.5778,426.2711,427.2307,428.7586,429.0472,428.6733,427.5991,428.9214,430.5726,428.6148,428.2679
Haiti,Waste - agri-food systems,Emissions (CO2eq) from CH4 (AR5),kilotonnes,2179.0575,2194.7347,2206.2187,2208.8822,2219.4364,2233.2323,2245.1889,2262.1086,2277.6359,2292.6894,2305.1791,2318.0628,2329.9055,2341.9751,2348.005,2355.8877,2361.2835,2368.7337,2377.9551,2381.1421,2384.1561
Haiti,Waste - agri-food systems,Emissions (CO2eq) from N2O (AR5),kilotonnes,32.9251,32.5567,32.9539,34.7103,34.9349,35.9465,36.8951,39.1729,39.7342,41.8439,45.1135,43.4349,43.9109,45.0263,45.1263,47.2554,48.4006,49.4047,50.0501,50.5864,51.1208
Haiti,Waste - agri-food systems,Emissions (CO2eq) (AR5),kilotonnes,2626.4166,2640.3837,2651.4556,2651.7168,2666.5903,2684.582,2698.319,2721.843,2739.6939,2758.7018,2774.8705,2787.7689,2801.0471,2815.76,2822.1785,2831.8164,2837.2833,2847.0598,2858.5777,2860.3433,2863.5447
Haiti,On-farm electricity use,Emissions (CH4),kilotonnes,0.0106,0.0093,0.0069,0.0064,0.0064,0.0084,0.0089,0.0063,0.0057,0.0075,0.0044,0.0041,0.0072,0.0075,0.0076,0.0085,0.0088,0.0093,0.0093,0.0096,0.0096
Haiti,On-farm electricity use,Emissions (N2O),kilotonnes,0.0001,0,0.0001,0,0,0.0001,0,0.0001,0.0001,0,0,0.0001,0,0.0001,0,0.0001,0,0,0,0,0
Haiti,On-farm electricity use,Emissions (CO2),kilotonnes,5.0034,4.3751,3.2858,3.0247,3.0054,3.9979,4.2113,2.9725,2.6817,3.5776,2.0798,1.9412,3.4152,3.58,3.6197,4.0093,4.1784,4.4124,4.4128,4.5715,4.5715
Haiti,On-farm electricity use,Emissions (CO2eq) from CH4 (AR5),kilotonnes,0.2968,0.2604,0.1932,0.1792,0.1792,0.2352,0.2492,0.1764,0.1596,0.21,0.1232,0.1148,0.2016,0.21,0.2128,0.238,0.2464,0.2604,0.2604,0.2688,0.2688
Haiti,On-farm electricity use,Emissions (CO2eq) from N2O (AR5),kilotonnes,0.0265,0,0.0265,0,0,0.0265,0,0.0265,0.0265,0,0,0.0265,0,0.0265,0,0.0265,0,0,0,0,0
Haiti,On-farm electricity use,Emissions (CO2eq) (AR5),kilotonnes,5.3267,4.6355,3.5055,3.2039,3.1846,4.2596,4.4605,3.1754,2.8678,3.7876,2.203,2.0825,3.6168,3.8165,3.8325,4.2738,4.4248,4.6728,4.6732,4.8403,4.8403
Haiti,Food Processing,Emissions (CH4),kilotonnes,0.1546,0.1716,0.0063,0.0059,0.0071,0.0174,0.0166,0.0174,0.2393,0.2304,0.4886,4.9421,5.3119,5.8493,4.7421,5.145,5.3561,5.666,8.8727,10.3657,10.6201
Haiti,Food Processing,Emissions (N2O),kilotonnes,0.0008,0.0009,0.0006,0.0006,0.0007,0.0009,0.0009,0.001,0.0007,0.0008,0.0011,0.0035,0.0036,0.0046,0.0038,0.004,0.0045,0.0049,0.0063,0.008,0.0082
Haiti,Food Processing,Emissions (CO2),kilotonnes,19.3042,22.2835,14.9801,15.0548,20.6425,14.6599,14.2705,17.1581,10.755,10.6933,10.9775,45.9908,49.3873,65.4297,62.2448,69.5745,79.334,89.7289,114.2429,114.0642,100.6449
Haiti,Food Processing,Emissions (CO2eq) from CH4 (AR5),kilotonnes,4.3288,4.8048,0.1764,0.1652,0.1988,0.4872,0.4648,0.4872,6.7004,6.4512,13.6808,138.3788,148.7332,163.7804,132.7788,144.06,149.9708,158.648,248.4356,290.2396,297.362
Haiti,Food Processing,Emissions (CO2eq) from N2O (AR5),kilotonnes,0.212,0.2385,0.159,0.159,0.1855,0.2385,0.2385,0.265,0.1855,0.212,0.2915,0.9275,0.954,1.219,1.007,1.06,1.1925,1.2985,1.6695,2.12,2.1657
Haiti,Food Processing,Emissions (CO2eq) (AR5),kilotonnes,23.845,27.3268,15.3155,15.379,21.0268,15.3856,14.9738,17.9103,17.6409,17.3565,24.9498,185.2971,199.0745,230.4291,196.0306,214.6945,230.4973,249.6754,364.348,406.4238,400.1727
Haiti,Food Packaging,Emissions (CH4),kilotonnes,0.1695,0.1833,0.1635,0.1532,0.1561,0.5336,0.5534,0.5731,0.5929,0.6176,0.6324,0.7355,0.7953,0.8866,0.7057,0.7436,0.779,0.8216,0.8172,0.8699,0.8912
Haiti,Food Packaging,Emissions (N2O),kilotonnes,0.0002,0.0002,0.0003,0.0003,0.0003,0.0004,0.0004,0.0004,0.0004,0.0004,0.0004,0.0004,0.0005,0.0008,0.0005,0.0004,0.0006,0.0007,0.0005,0.0006,0.0006
Haiti,Food Packaging,Emissions (CO2),kilotonnes,3.2104,3.5218,4.0249,3.8093,4.4083,4.6239,4.7197,5.3905,5.3905,5.0791,4.7436,5.6,6.4238,10.8734,8.5221,7.2745,10.601,12.7131,8.7744,9.6384,8.5045
Haiti,Food Packaging,Emissions (CO2eq) from CH4 (AR5),kilotonnes,4.746,5.1324,4.578,4.2896,4.3708,14.9408,15.4952,16.0468,16.6012,17.2928,17.7072,20.594,22.2684,24.8248,19.7596,20.8208,21.812,23.0048,22.8816,24.3572,24.9549
Haiti,Food Packaging,Emissions (CO2eq) from N2O (AR5),kilotonnes,0.053,0.053,0.0795,0.0795,0.0795,0.106,0.106,0.106,0.106,0.106,0.106,0.106,0.1325,0.212,0.1325,0.106,0.159,0.1855,0.1325,0.159,0.1624
Haiti,Food Packaging,Emissions (CO2eq) (AR5),kilotonnes,8.0094,8.7072,8.6824,8.1784,8.8586,19.6707,20.3209,21.5433,22.0977,22.4779,22.5568,26.3,28.8247,35.9102,28.4142,28.2013,32.572,35.9034,31.7885,34.1546,33.6218
Haiti,Food Retail,Emissions (CH4),kilotonnes,0.016,0.016,0.016,0.0185,0.016,0.0162,0.0166,0.0162,0.015,0.0233,0.0141,0.0153,0.026,0.0105,0.0084,0.0084,0.0087,0.0087,0.0089,0.0146,0.015
Haiti,Food Retail,Emissions (N2O),kilotonnes,0.0001,0.0001,0.0001,0.0001,0.0001,0.0001,0.0001,0.0001,0.0001,0.0001,0.0001,0.0001,0.0001,0.0001,0,0,0,0,0,0.0001,0.0001
Haiti,Food Retail,Emissions (CO2),kilotonnes,7.5512,7.5512,7.5512,8.7378,7.5512,7.6591,7.8748,7.6591,7.1197,11.0032,6.6882,7.2276,12.8648,5.5293,3.9914,4.5584,4.6663,4.6663,4.7742,8.3805,7.3946
Haiti,Food Retail,Emissions (CO2eq) from CH4 (AR5),kilotonnes,0.448,0.448,0.448,0.518,0.448,0.4536,0.4648,0.4536,0.42,0.6524,0.3948,0.4284,0.728,0.294,0.2352,0.2352,0.2436,0.2436,0.2492,0.4088,0.4188
Haiti,Food Retail,Emissions (CO2eq) from N2O (AR5),kilotonnes,0.0265,0.0265,0.0265,0.0265,0.0265,0.0265,0.0265,0.0265,0.0265,0.0265,0.0265,0.0265,0.0265,0.0265,0,0,0,0,0,0.0265,0.0271
Haiti,Food Retail,Emissions (CO2eq) (AR5),kilotonnes,8.0257,8.0257,8.0257,9.2823,8.0257,8.1392,8.3661,8.1392,7.5662,11.6821,7.1095,7.6825,13.6193,5.8498,4.2266,4.7936,4.9099,4.9099,5.0234,8.8158,7.8405
Haiti,Food Household Consumption,Emissions (CH4),kilotonnes,0.0536,0.0535,0.0418,0.0444,0.0494,0.0504,0.0515,0.0418,0.0398,0.0546,0.0463,0.0403,0.0581,0.1011,0.0766,0.0807,0.0816,0.0828,0.084,0.084,0.0861
Haiti,Food Household Consumption,Emissions (N2O),kilotonnes,0.0008,0.0008,0.0006,0.0007,0.0008,0.0009,0.0009,0.0008,0.0008,0.0007,0.0008,0.0007,0.0007,0.0012,0.0008,0.001,0.001,0.001,0.001,0.001,0.001
Haiti,Food Household Consumption,Emissions (CO2),kilotonnes,118.2574,105.4182,82.6938,103.5742,100.2001,102.4565,105.6187,92.9525,94.6363,94.4719,89.8298,85.9393,89.8988,149.3568,91.5851,121.0395,122.34,123.8128,125.2857,125.2857,110.5462
Haiti,Food Household Consumption,Emissions (CO2eq) from CH4 (AR5),kilotonnes,1.5008,1.498,1.1704,1.2432,1.3832,1.4112,1.442,1.1704,1.1144,1.5288,1.2964,1.1284,1.6268,2.8308,2.1448,2.2596,2.2848,2.3184,2.352,2.352,2.4097
Haiti,Food Household Consumption,Emissions (CO2eq) from N2O (AR5),kilotonnes,0.212,0.212,0.159,0.1855,0.212,0.2385,0.2385,0.212,0.212,0.1855,0.212,0.1855,0.1855,0.318,0.212,0.265,0.265,0.265,0.265,0.265,0.2707
Haiti,Food Household Consumption,Emissions (CO2eq) (AR5),kilotonnes,119.9702,107.1282,84.0232,105.0029,101.7953,104.1062,107.2992,94.3349,95.9627,96.1862,91.3382,87.2532,91.7111,152.5056,93.9419,123.5641,124.8898,126.3962,127.9027,127.9027,113.2266
Haiti,Food Transport,Emissions (CH4),kilotonnes,0.0122,0.0129,0.0135,0.0133,0.0237,0.0241,0.0246,0.0259,0.0259,0.0261,0.0164,0.0172,0.0182,0.0174,0.0213,0.0255,0.0259,0.0262,0.0259,0.0286,0.0293
Haiti,Food Transport,Emissions (N2O),kilotonnes,0.0015,0.0017,0.0017,0.0017,0.0026,0.0027,0.0027,0.003,0.003,0.003,0.0022,0.0023,0.0021,0.002,0.0026,0.0031,0.0031,0.0032,0.0031,0.0035,0.0036
Haiti,Food Transport,Emissions (CO2),kilotonnes,77.88,85.69,90.2,87.34,123.2,126.5,129.8,146.3,146.3,144.1,118.8,121,105.93,98.12,128.7,154,156.2,158.4,156.2,174.9755,154.3901
Haiti,Food Transport,Emissions (CO2eq) from CH4 (AR5),kilotonnes,0.3416,0.3612,0.378,0.3724,0.6636,0.6748,0.6888,0.7252,0.7252,0.7308,0.4592,0.4816,0.5096,0.4872,0.5964,0.714,0.7252,0.7336,0.7252,0.8008,0.8205
Haiti,Food Transport,Emissions (CO2eq) from N2O (AR5),kilotonnes,0.3975,0.4505,0.4505,0.4505,0.689,0.7155,0.7155,0.795,0.795,0.795,0.583,0.6095,0.5565,0.53,0.689,0.8215,0.8215,0.848,0.8215,0.9275,0.9475
Haiti,Food Transport,Emissions (CO2eq) (AR5),kilotonnes,78.6191,86.5017,91.0285,88.1629,124.5526,127.8903,131.2043,147.8202,147.8202,145.6258,119.8422,122.0911,106.9961,99.1372,129.9854,155.5355,157.7467,159.9816,157.7467,176.7038,156.1581
Haiti,Energy,Emissions (CH4),kilotonnes,34.3,37.1,33.1,31,31.6,108,112,116,120,125,128,133,138,143,143,139,142,143,143,163,167
Haiti,Energy,Emissions (N2O),kilotonnes,0.245,0.242,0.286,0.278,0.281,0.387,0.397,0.412,0.412,0.421,0.424,0.437,0.449,0.455,0.458,0.469,0.477,0.482,0.482,0.51,0.521
Haiti,Energy,Emissions (CO2),kilotonnes,1340,1470,1680,1590,1840,1930,1970,2250,2250,2120,1980,2070,2160,2260,2710,3120,3160,3200,3290,3400,3000
Haiti,Energy,Emissions (CO2eq) from CH4 (AR5),kilotonnes,960.4,1038.8,926.8,868,884.8,3024,3136,3248,3360,3500,3584,3724,3864,4004,4004,3892,3976,4004,4004,4564,4676
Haiti,Energy,Emissions (CO2eq) from N2O (AR5),kilotonnes,64.925,64.13,75.79,73.67,74.465,102.555,105.205,109.18,109.18,111.565,112.36,115.805,118.985,120.575,121.37,124.285,126.405,127.73,127.73,135.15,138.065
Haiti,Energy,Emissions (CO2eq) (AR5),kilotonnes,2365.325,2572.93,2682.59,2531.67,2799.265,5056.555,5211.205,5607.18,5719.18,5731.565,5676.36,5909.805,6142.985,6384.575,6835.37,7136.285,7262.405,7331.73,7421.73,8099.15,7814.065
Haiti,IPPU,Emissions (N2O),kilotonnes,0.0001,0.0001,0.0001,0.0001,0.0001,0.0001,0.0001,0.0001,0.0001,0.0001,0.0001,0.0001,0.0001,0.0001,0.0001,0.0001,0.0001,0.0001,0.0001,0.0001,0.0001
Haiti,IPPU,Emissions (CO2),kilotonnes,22.5,109,145,144,148,147,142,141,144,144,143,44.9,54.5,64.4,103,103,103,103,103,104,104
Haiti,IPPU,Emissions (CO2eq) from N2O (AR5),kilotonnes,0.0249,0.0253,0.0258,0.0262,0.0265,0.027,0.0276,0.0278,0.0284,0.0286,0.0292,0.0297,0.0299,0.0305,0.0307,0.0313,0.0315,0.0321,0.0323,0.0329,0.0334
Haiti,IPPU,Emissions (CO2eq) (AR5),kilotonnes,22.5249,109.0253,145.0258,144.0262,148.0265,147.027,142.0276,141.0278,144.0284,144.0286,143.0291,44.9297,54.5299,64.4305,103.0307,103.0313,103.0315,103.0321,103.0323,104.0329,104.0334
Haiti,Waste,Emissions (CH4),kilotonnes,51.3,52.6,54.1,55.5,56.8,58.6,60,61.3,62.6,64,64.9,66.4,67.7,69.3,70.6,72,73.2,74.3,75.6,77.1,78.4
Haiti,Waste,Emissions (N2O),kilotonnes,0.223,0.227,0.23,0.234,0.24,0.247,0.254,0.264,0.271,0.284,0.299,0.307,0.312,0.309,0.314,0.322,0.331,0.34,0.344,0.356,0.363
Haiti,Waste,Emissions (CO2eq) from CH4 (AR5),kilotonnes,1436.4,1472.8,1514.8,1554,1590.4,1640.8,1680,1716.4,1752.8,1792,1817.2,1859.2,1895.6,1940.4,1976.8,2016,2049.6,2080.4,2116.8,2158.8,2195.2
Haiti,Waste,Emissions (CO2eq) from N2O (AR5),kilotonnes,59.095,60.155,60.95,62.01,63.6,65.455,67.31,69.96,71.815,75.26,79.235,81.355,82.68,81.885,83.21,85.33,87.715,90.1,91.16,94.34,96.195
Haiti,Waste,Emissions (CO2eq) (AR5),kilotonnes,1495.495,1532.955,1575.75,1616.01,1654,1706.255,1747.31,1786.36,1824.615,1867.26,1896.435,1940.555,1978.28,2022.285,2060.01,2101.33,2137.315,2170.5,2207.96,2253.14,2291.395
Haiti,Other,Emissions (CH4),kilotonnes,7.32,11.4,12.2,13.1,14,14.9,15.8,16.6,17.5,18.4,19.3,20.2,21,21.9,22.8,23.7,24.6,25.5,26.3,27.2,28.1
Haiti,Other,Emissions (N2O),kilotonnes,0.235,0.243,0.261,0.246,0.258,0.451,0.465,0.496,0.498,0.511,0.514,0.531,0.586,0.591,0.626,0.654,0.663,0.671,0.669,0.729,0.752
Haiti,Other,Emissions (CO2eq) from CH4 (AR5),kilotonnes,204.96,319.2,341.6,366.8,392,417.2,442.4,464.8,490,515.2,540.4,565.6,588,613.2,638.4,663.6,688.8,714,736.4,761.6,786.8
Haiti,Other,Emissions (CO2eq) from N2O (AR5),kilotonnes,62.275,64.395,69.165,65.19,68.37,119.515,123.225,131.44,131.97,135.415,136.21,140.715,155.29,156.615,165.89,173.31,175.695,177.815,177.285,193.185,199.28
Haiti,Other,Emissions (CO2eq) (AR5),kilotonnes,267.235,383.595,410.765,431.99,460.37,536.715,565.625,596.24,621.97,650.615,676.61,706.315,743.29,769.815,804.29,836.91,864.495,891.815,913.685,954.785,986.08
Haiti,Farm-gate emissions,Emissions (CH4),kilotonnes,116.8997,117.4116,118.2473,118.8045,118.1001,118.6058,118.0743,119.0019,118.6005,119.4095,119.9003,120.5795,120.5411,120.7991,120.9588,122.0393,124.7867,124.5484,121.0387,122.3337,123.1054
Haiti,Farm-gate emissions,Direct emissions (N2O),kilotonnes,3.098,3.1009,3.1136,3.1257,3.1087,3.1225,3.1089,3.1405,3.127,3.1542,3.178,3.1821,3.1642,3.2007,3.2387,3.2713,3.3523,3.2837,3.1551,3.1792,3.2138
Haiti,Farm-gate emissions,Indirect emissions (N2O),kilotonnes,0.9234,0.9244,0.9275,0.9314,0.9239,0.9285,0.9247,0.9328,0.9304,0.9365,0.9419,0.9455,0.9434,0.9516,0.9645,0.9786,1.0102,0.974,0.9206,0.9373,0.9503
Haiti,Farm-gate emissions,Emissions (N2O),kilotonnes,4.3649,4.3691,4.3857,4.4031,4.3797,4.3985,4.3812,4.4324,4.4111,4.4508,4.4861,4.4973,4.4572,4.5129,4.5704,4.6159,4.7281,4.6213,4.4474,4.4722,4.5242
Haiti,Farm-gate emissions,Emissions (CO2),kilotonnes,65.6997,68.0158,105.8678,104.0049,79.0468,81.2183,82.6969,104.8727,105.3277,92.634,98.1564,114.8834,97.6765,98.4651,119.9248,124.3563,126.0502,127.6433,129.4972,131.6596,131.6596
Haiti,Farm-gate emissions,Emissions (CO2eq) from CH4 (AR5),kilotonnes,3273.192,3287.5256,3310.9253,3326.5272,3306.8015,3320.9628,3306.0793,3332.0537,3320.814,3343.466,3357.2078,3376.2248,3375.1496,3382.3753,3386.8459,3417.1004,3494.027,3487.3562,3389.0835,3425.3435,3446.95
Haiti,Farm-gate emissions,Emissions (CO2eq) from N2O (AR5),kilotonnes,1156.7047,1157.8169,1162.22,1166.8319,1160.6313,1165.5924,1161.0129,1174.5897,1168.9333,1179.4541,1188.8289,1191.7791,1181.1573,1195.9231,1211.1555,1223.2216,1252.9463,1224.646,1178.5664,1185.12,1198.9152
Haiti,Farm-gate emissions,Emissions (CO2eq) (AR5),kilotonnes,4495.5964,4513.3582,4579.0131,4597.3641,4546.4796,4567.7734,4549.7891,4611.5162,4595.075,4615.5541,4644.1931,4682.8874,4653.9834,4676.7634,4717.9262,4764.6783,4873.0235,4839.6454,4697.1471,4742.1231,4777.5248
Haiti,Land Use change,Emissions (CH4),kilotonnes,0.0124,0,0,0,0,0,0,0.0027,0,0,0,0,0,0,0,0,0,0,0,0,0
Haiti,Land Use change,Emissions (N2O),kilotonnes,0.0004,0,0,0,0,0,0,0.0002,0,0,0,0,0,0,0,0,0,0,0,0,0
Haiti,Land Use change,Emissions (CO2),kilotonnes,207.8648,207.2246,207.2246,207.2246,207.2246,207.2246,207.2246,207.2246,207.2246,207.2246,207.2246,785.7049,785.7049,785.7049,785.7049,785.7049,624.4465,624.4465,624.4465,624.4465,624.4465
Haiti,Land Use change,Emissions (CO2eq) from CH4 (AR5),kilotonnes,0.3464,0,0,0,0,0,0,0.0746,0,0,0,0,0,0,0,0,0,0,0,0,0
Haiti,Land Use change,Emissions (CO2eq) from N2O (AR5),kilotonnes,0.0965,0,0,0,0,0,0,0.0644,0,0,0,0,0,0,0,0,0,0,0,0,0
Haiti,Land Use change,Emissions (CO2eq) (AR5),kilotonnes,208.3077,207.2246,207.2246,207.2246,207.2246,207.2246,207.2246,207.3636,207.2246,207.2246,207.2246,785.7049,785.7049,785.7049,785.7049,785.7049,624.4465,624.4465,624.4465,624.4465,624.4465
Haiti,Emissions on agricultural land,Emissions (CH4),kilotonnes,116.9121,117.4116,118.2473,118.8045,118.1001,118.6058,118.0743,119.0046,118.6005,119.4095,119.9003,120.5795,120.5411,120.7991,120.9588,122.0393,124.7867,124.5484,121.0387,122.3337,123.1054
Haiti,Emissions on agricultural land,Emissions (N2O),kilotonnes,4.3653,4.3691,4.3857,4.4031,4.3797,4.3985,4.3812,4.4327,4.4111,4.4508,4.4861,4.4973,4.4572,4.5129,4.5704,4.6159,4.7281,4.6213,4.4474,4.4722,4.5242
Haiti,Emissions on agricultural land,Emissions (CO2),kilotonnes,273.5645,275.2405,313.0924,311.2296,286.2714,288.4429,289.9216,312.0974,312.5524,299.8587,305.381,900.5884,883.3814,884.17,905.6297,910.0612,750.4967,752.0898,753.9438,756.1062,756.1062
Haiti,Emissions on agricultural land,Emissions (CO2eq) from CH4 (AR5),kilotonnes,3273.5384,3287.5256,3310.9253,3326.5272,3306.8015,3320.9628,3306.0793,3332.1283,3320.814,3343.466,3357.2078,3376.2248,3375.1496,3382.3753,3386.8459,3417.1004,3494.027,3487.3562,3389.0835,3425.3435,3446.95
Haiti,Emissions on agricultural land,Emissions (CO2eq) from N2O (AR5),kilotonnes,1156.8012,1157.8169,1162.22,1166.8319,1160.6313,1165.5924,1161.0129,1174.6542,1168.9333,1179.4541,1188.8289,1191.7791,1181.1573,1195.9231,1211.1555,1223.2216,1252.9463,1224.646,1178.5664,1185.12,1198.9152
Haiti,Emissions on agricultural land,Emissions (CO2eq) (AR5),kilotonnes,4703.9041,4720.5829,4786.2378,4804.5887,4753.7043,4774.998,4757.0137,4818.8798,4802.2996,4822.7787,4851.4178,5468.5923,5439.6883,5462.4683,5503.6311,5550.3832,5497.47,5464.0919,5321.5936,5366.5697,5401.9713
Haiti,Pre- and post- production,Emissions (CH4),kilotonnes,78.24,78.83,79.0415,79.1303,79.5243,80.4084,80.8569,81.4703,82.2627,82.8413,83.53,88.5425,89.4276,90.5144,89.419,90.1505,90.5917,91.2122,94.745,96.4132,96.7997
Haiti,Pre- and post- production,Emissions (N2O),kilotonnes,0.1277,0.1266,0.1278,0.1344,0.1363,0.1407,0.1442,0.1532,0.155,0.1629,0.1748,0.171,0.1727,0.1787,0.178,0.1869,0.1918,0.1962,0.1998,0.2041,0.2064
Haiti,Pre- and post- production,Emissions (CO2),kilotonnes,645.6406,641.9321,615.0189,629.6651,671.2265,675.3005,682.7301,692.9942,689.207,693.0936,657.6967,693.97,695.1506,761.6478,727.7103,789.1295,804.9188,822.6549,844.2626,865.5306,814.3196
Haiti,Pre- and post- production,Emissions (CO2eq) from CH4 (AR5),kilotonnes,2190.7195,2207.2395,2213.1627,2215.6498,2226.68,2251.4351,2263.9937,2281.1682,2303.3567,2319.5554,2338.8407,2479.1888,2503.9731,2534.4023,2503.7326,2524.2153,2536.5663,2553.9425,2652.8591,2699.5693,2710.3908
Haiti,Pre- and post- production,Emissions (CO2eq) from N2O (AR5),kilotonnes,33.8526,33.5372,33.8549,35.6113,36.1274,37.298,38.2201,40.6039,41.0857,43.1689,46.3325,45.3164,45.7659,47.3583,47.1668,49.5344,50.8386,52.0017,52.9386,54.0844,54.6942
Haiti,Pre- and post- production,Emissions (CO2eq) (AR5),kilotonnes,2870.2127,2882.7088,2862.0364,2880.9262,2934.0339,2964.0336,2984.9438,3014.7663,3033.6494,3055.8179,3042.87,3218.4753,3244.8896,3343.4084,3278.6097,3362.8792,3392.3238,3428.5991,3550.0602,3619.1843,3579.4047
Haiti,Agri-food systems,Emissions (CH4),kilotonnes,195.1521,196.2416,197.2889,197.9349,197.6243,199.0142,198.9312,200.4749,200.8632,202.2508,203.4303,209.1219,209.9687,211.3135,210.3778,212.1898,215.3783,215.7607,215.7837,218.7469,219.905
Haiti,Agri-food systems,Emissions (N2O),kilotonnes,4.493,4.4957,4.5135,4.5375,4.5161,4.5392,4.5254,4.5859,4.5661,4.6137,4.661,4.6683,4.6299,4.6916,4.7484,4.8029,4.9199,4.8175,4.6472,4.6762,4.7306
Haiti,Agri-food systems,Emissions (CO2),kilotonnes,919.2051,917.1725,928.1113,940.8946,957.4979,963.7434,972.6516,1005.0916,1001.7594,992.9522,963.0778,1594.5584,1578.5319,1645.8178,1633.34,1699.1907,1555.4156,1574.7447,1598.2064,1621.6368,1570.4258
Haiti,Agri-food systems,Emissions (CO2eq) from CH4 (AR5),kilotonnes,5464.2579,5494.7651,5524.088,5542.177,5533.4815,5572.3979,5570.0729,5613.2965,5624.1706,5663.0214,5696.0485,5855.4137,5879.1227,5916.7776,5890.5785,5941.3157,6030.5933,6041.2986,6041.9426,6124.9128,6157.3408
Haiti,Agri-food systems,Emissions (CO2eq) from N2O (AR5),kilotonnes,1190.6538,1191.3541,1196.0749,1202.4432,1196.7587,1202.8903,1199.2329,1215.2581,1210.019,1222.623,1235.1614,1237.0955,1226.9232,1243.2814,1258.3223,1272.756,1303.7849,1276.6477,1231.5049,1239.2044,1253.6094
Haiti,Agri-food systems,Emissions (CO2eq) (AR5),kilotonnes,7574.1168,7603.2917,7648.2742,7685.5149,7687.7381,7739.0317,7741.9575,7833.6461,7835.949,7878.5967,7894.2877,8687.0675,8684.5779,8805.8768,8782.2407,8913.2624,8889.7938,8892.691,8871.6539,8985.754,8981.376
Haiti,IPCC Agriculture,Emissions (CH4),kilotonnes,116.8148,117.3231,118.1505,118.705,118.001,118.5038,117.969,118.8904,118.4862,119.292,119.7784,120.4517,120.4094,120.6643,120.8176,121.8932,124.6369,124.3951,120.8816,122.1726,122.9443
Haiti,IPCC Agriculture,Emissions (CH4),kilotonnes,158.86,,,,,,,,,,,,,,,,,,,,
Haiti,IPCC Agriculture,Direct emissions (N2O),kilotonnes,3.098,3.1009,3.1136,3.1257,3.1087,3.1225,3.1089,3.1405,3.127,3.1542,3.178,3.1821,3.1642,3.2007,3.2387,3.2713,3.3523,3.2837,3.1551,3.1792,3.2138
Haiti,IPCC Agriculture,Indirect emissions (N2O),kilotonnes,0.9234,0.9244,0.9275,0.9314,0.9239,0.9285,0.9247,0.9328,0.9304,0.9365,0.9419,0.9455,0.9434,0.9516,0.9645,0.9786,1.0102,0.974,0.9206,0.9373,0.9503
Haiti,IPCC Agriculture,Emissions (N2O),kilotonnes,4.3535,4.3566,4.3721,4.3886,4.3655,4.3835,4.3659,4.4131,4.3917,4.4326,4.465,4.476,4.4428,4.4974,4.5484,4.5931,4.705,4.5979,4.4237,4.4481,4.5002
Haiti,IPCC Agriculture,Emissions (N2O),kilotonnes,4.63,,,,,,,,,,,,,,,,,,,,
Haiti,IPCC Agriculture,Emissions (CO2eq) from CH4 (AR5),kilotonnes,3270.8139,3285.0472,3308.2128,3323.7395,3304.0288,3318.1052,3303.1308,3328.9315,3317.6126,3340.1767,3353.7948,3372.6471,3371.4633,3378.5994,3382.8934,3413.0101,3489.8333,3483.0623,3384.6853,3420.8341,3442.4405
Haiti,IPCC Agriculture,Emissions (CO2eq) from CH4 (AR5),kilotonnes,4448.08,,,,,,,,,,,,,,,,,,,,
Haiti,IPCC Agriculture,Emissions (CO2eq) from N2O (AR5),kilotonnes,1153.677,1154.5038,1158.6059,1162.9729,1156.8532,1161.6314,1156.9666,1169.4661,1163.8117,1174.6294,1183.2233,1186.151,1177.3477,1191.8066,1205.3339,1217.1766,1246.827,1218.4532,1172.285,1178.7457,1192.5409
Haiti,IPCC Agriculture,Emissions (CO2eq) from N2O (AR5),kilotonnes,1226.95,,,,,,,,,,,,,,,,,,,,
Haiti,IPCC Agriculture,Emissions (CO2eq) (AR5),kilotonnes,4424.491,4439.5511,4466.8186,4486.7124,4460.882,4479.7366,4460.0974,4498.3976,4481.4243,4514.8061,4537.0181,4558.7981,4548.811,4570.406,4588.2273,4630.1867,4736.6603,4701.5155,4556.9703,4599.5798,4634.9814
Haiti,IPCC Agriculture,Emissions (CO2eq) (AR5),kilotonnes,5675.03,,,,,,,,,,,,,,,,,,,,
Haiti,Agricultural Soils,Direct emissions (N2O),kilotonnes,3.098,3.1009,3.1136,3.1257,3.1087,3.1225,3.1089,3.1405,3.127,3.1542,3.178,3.1821,3.1642,3.2007,3.2387,3.2713,3.3523,3.2837,3.1551,3.1792,3.2138
Haiti,Agricultural Soils,Indirect emissions (N2O),kilotonnes,0.9234,0.9244,0.9275,0.9314,0.9239,0.9285,0.9247,0.9328,0.9304,0.9365,0.9419,0.9455,0.9434,0.9516,0.9645,0.9786,1.0102,0.974,0.9206,0.9373,0.9503
Haiti,Agricultural Soils,Emissions (N2O),kilotonnes,4.0215,4.0253,4.0411,4.0572,4.0326,4.051,4.0337,4.0733,4.0574,4.0907,4.1199,4.1276,4.1076,4.1524,4.2031,4.2498,4.3624,4.2576,4.0757,4.1164,4.164
Haiti,Agricultural Soils,Emissions (N2O),kilotonnes,4.4,,,,,,,,,,,,,,,,,,,,
Haiti,Agricultural Soils,Emissions (CO2eq) from N2O (AR5),kilotonnes,1065.6878,1066.703,1070.896,1075.1533,1068.6518,1073.5054,1068.9179,1079.4231,1075.2213,1084.0309,1091.7751,1093.8174,1088.5069,1100.3803,1113.8344,1126.1992,1156.0469,1128.2749,1080.0689,1090.8555,1103.4661
Haiti,Agricultural Soils,Emissions (CO2eq) from N2O (AR5),kilotonnes,1166,,,,,,,,,,,,,,,,,,,,
Haiti,Agricultural Soils,Emissions (CO2eq) (AR5),kilotonnes,1065.6878,1066.703,1070.896,1075.1533,1068.6518,1073.5054,1068.9179,1079.4231,1075.2213,1084.0309,1091.7751,1093.8174,1088.5069,1100.3803,1113.8344,1126.1992,1156.0469,1128.2749,1080.0689,1090.8555,1103.4661
Haiti,Agricultural Soils,Emissions (CO2eq) (AR5),kilotonnes,1166,,,,,,,,,,,,,,,,,,,,
Haiti,LULUCF,Emissions (CH4),kilotonnes,0.0124,0,0,0,0,0,0.0074,0.0027,0,0,0,0,0,0,0,0,0,0,0,0,0
Haiti,LULUCF,Emissions (CH4),kilotonnes,0.05,,,,,,,,,,,,,,,,,,,,
Haiti,LULUCF,Emissions (N2O),kilotonnes,0.0004,0,0,0,0,0,0.0007,0.0002,0,0,0,0,0,0,0,0,0,0,0,0,0
Haiti,LULUCF,Emissions (CO2),kilotonnes,69.672,69.389,69.389,69.389,69.389,69.389,69.389,69.389,69.389,69.389,69.389,651.3913,651.3913,651.3913,651.3913,651.3913,634.634,634.634,634.634,634.634,634.634
Haiti,LULUCF,Emissions (CO2),kilotonnes,1148.15,,,,,,,,,,,,,,,,,,,,
Haiti,LULUCF,Emissions (CO2eq) from CH4 (AR5),kilotonnes,0.3464,0,0,0,0,0,0.2084,0.0746,0,0,0,0,0,0,0,0,0,0,0,0,0
Haiti,LULUCF,Emissions (CO2eq) from N2O (AR5),kilotonnes,0.0965,0,0,0,0,0,0.1801,0.0644,0,0,0,0,0,0,0,0,0,0,0,0,0
Haiti,LULUCF,Emissions (CO2eq) (AR5),kilotonnes,70.1149,69.389,69.389,69.389,69.389,69.389,69.7774,69.528,69.389,69.389,69.389,651.3913,651.3913,651.3913,651.3913,651.3913,634.634,634.634,634.634,634.634,634.634
Haiti,LULUCF,Emissions (CO2eq) (AR5),kilotonnes,1148.15,,,,,,,,,,,,,,,,,,,,
Haiti,AFOLU,Emissions (CH4),kilotonnes,116.8272,117.3231,118.1505,118.705,118.001,118.5038,117.9764,118.8931,118.4862,119.292,119.7784,120.4517,120.4094,120.6643,120.8176,121.8932,124.6369,124.3951,120.8816,122.1726,122.9443
Haiti,AFOLU,Emissions (N2O),kilotonnes,4.3539,4.3566,4.3721,4.3886,4.3655,4.3835,4.3666,4.4133,4.3917,4.4326,4.465,4.476,4.4428,4.4974,4.5484,4.5931,4.705,4.5979,4.4237,4.4481,4.5002
Haiti,AFOLU,Emissions (CO2),kilotonnes,69.672,69.389,69.389,69.389,69.389,69.389,69.389,69.389,69.389,69.389,69.389,651.3913,651.3913,651.3913,651.3913,651.3913,634.634,634.634,634.634,634.634,634.634
Haiti,AFOLU,Emissions (CO2eq) from CH4 (AR5),kilotonnes,3271.1603,3285.0472,3308.2128,3323.7395,3304.0288,3318.1052,3303.3392,3329.006,3317.6126,3340.1767,3353.7948,3372.6471,3371.4633,3378.5994,3382.8934,3413.0101,3489.8333,3483.0623,3384.6853,3420.8341,3442.4405
Haiti,AFOLU,Emissions (CO2eq) from N2O (AR5),kilotonnes,1153.7735,1154.5038,1158.6059,1162.9729,1156.8532,1161.6314,1157.1466,1169.5305,1163.8117,1174.6294,1183.2233,1186.151,1177.3477,1191.8066,1205.3339,1217.1766,1246.827,1218.4532,1172.285,1178.7457,1192.5409
Haiti,AFOLU,Emissions (CO2eq) (AR5),kilotonnes,4494.6058,4508.9401,4536.2076,4556.1014,4530.271,4549.1256,4529.8748,4567.9256,4550.8133,4584.1951,4606.4071,5210.1894,5200.2022,5221.7973,5239.6186,5281.5779,5371.2943,5336.1495,5191.6043,5234.2138,5269.6154
Haiti,All sectors with LULUCF,Emissions (CH4),kilotonnes,209.7472,218.4231,217.5505,218.305,220.401,300.0038,305.7764,312.7931,318.5862,326.692,331.9784,340.0517,347.1094,354.8643,357.2176,356.5932,364.4369,367.1951,365.7816,389.4726,396.4443
Haiti,All sectors with LULUCF,Emissions (N2O),kilotonnes,5.057,5.0687,5.1492,5.1467,5.1446,5.4686,5.4827,5.5854,5.5728,5.6487,5.7021,5.7512,5.7899,5.8525,5.9465,6.0382,6.1761,6.0911,5.9188,6.0432,6.1363
Haiti,All sectors with LULUCF,Emissions (CO2),kilotonnes,1432.172,1648.389,1894.389,1803.389,2057.389,2146.389,2181.389,2460.389,2463.389,2333.389,2192.389,2766.2913,2865.8913,2975.7913,3464.3913,3874.3913,3897.634,3937.634,4027.634,4138.634,3738.634
Haiti,All sectors with LULUCF,Emissions (CO2eq) from CH4 (AR5),kilotonnes,5872.9203,6115.8472,6091.4128,6112.5395,6171.2288,8400.1052,8561.7392,8758.206,8920.4126,9147.3767,9295.3948,9521.4471,9719.0633,9936.1994,10002.0934,9984.6101,10204.2333,10281.4623,10241.8853,10905.2341,11100.4405
Haiti,All sectors with LULUCF,Emissions (CO2eq) from N2O (AR5),kilotonnes,1340.0934,1343.2091,1364.5366,1363.8691,1363.3147,1449.1835,1452.9142,1480.1384,1476.8051,1496.898,1511.0574,1524.0557,1534.3326,1550.9121,1575.8346,1600.1328,1636.6735,1614.1303,1568.4924,1601.4536,1626.1143
Haiti,All sectors with LULUCF,Emissions (CO2eq) (AR5),kilotonnes,8645.1857,9107.4454,9350.3384,9279.7976,9591.9325,11995.6777,12196.0423,12698.7334,12860.6066,12977.6638,12998.8413,13811.7941,14119.2872,14462.9028,15042.3193,15459.1342,15738.5408,15833.2266,15838.0116,16645.3216,16465.1888
Haiti,All sectors without LULUCF,Emissions (CH4),kilotonnes,209.7348,218.4231,217.5505,218.305,220.401,300.0038,305.769,312.7904,318.5862,326.692,331.9784,340.0517,347.1094,354.8643,357.2176,356.5932,364.4369,367.1951,365.7816,389.4726,396.4443
Haiti,All sectors without LULUCF,Emissions (N2O),kilotonnes,5.0566,5.0687,5.1492,5.1467,5.1446,5.4686,5.482,5.5852,5.5728,5.6487,5.7021,5.7512,5.7899,5.8525,5.9465,6.0382,6.1761,6.0911,5.9188,6.0432,6.1363
Haiti,All sectors without LULUCF,Emissions (CO2),kilotonnes,1362.5,1579,1825,1734,1988,2077,2112,2391,2394,2264,2123,2114.9,2214.5,2324.4,2813,3223,3263,3303,3393,3504,3104
Haiti,All sectors without LULUCF,Emissions (CO2eq) from CH4 (AR5),kilotonnes,5872.5739,6115.8472,6091.4128,6112.5395,6171.2288,8400.1052,8561.5308,8758.1315,8920.4126,9147.3767,9295.3948,9521.4471,9719.0633,9936.1994,10002.0934,9984.6101,10204.2333,10281.4623,10241.8853,10905.2341,11100.4405
Haiti,All sectors without LULUCF,Emissions (CO2eq) from N2O (AR5),kilotonnes,1339.9969,1343.2091,1364.5366,1363.8691,1363.3147,1449.1835,1452.7341,1480.0739,1476.8051,1496.898,1511.0574,1524.0557,1534.3326,1550.9121,1575.8346,1600.1328,1636.6735,1614.1303,1568.4924,1601.4536,1626.1143
Haiti,All sectors without LULUCF,Emissions (CO2eq) (AR5),kilotonnes,8575.0709,9038.0564,9280.9494,9210.4086,9522.5435,11926.2887,12126.2649,12629.2054,12791.2176,12908.2748,12929.4523,13160.4028,13467.8959,13811.5115,14390.9281,14807.7429,15103.9068,15198.5926,15203.3776,16010.6876,15830.5548
Holy See,Drained organic soils,Emissions (CO2eq) (AR5),kilotonnes,0,0,0,0,0,0,0,0,0,0,0,0,0,0,0,0,0,0,0,0,0
Holy See,Drained organic soils (CO2),Emissions (CO2),kilotonnes,0,0,0,0,0,0,0,0,0,0,0,0,0,0,0,0,0,0,0,0,0
Holy See,Drained organic soils (CO2),Emissions (CO2eq) (AR5),kilotonnes,0,0,0,0,0,0,0,0,0,0,0,0,0,0,0,0,0,0,0,0,0
Holy See,Drained organic soils (N2O),Emissions (N2O),kilotonnes,0,0,0,0,0,0,0,0,0,0,0,0,0,0,0,0,0,0,0,0,0
Holy See,Drained organic soils (N2O),Emissions (CO2eq) from N2O (AR5),kilotonnes,0,0,0,0,0,0,0,0,0,0,0,0,0,0,0,0,0,0,0,0,0
Holy See,Drained organic soils (N2O),Emissions (CO2eq) (AR5),kilotonnes,0,0,0,0,0,0,0,0,0,0,0,0,0,0,0,0,0,0,0,0,0
Holy See,Forestland,Emissions (CO2),kilotonnes,0,0,0,0,0,0,0,0,0,0,0,0,0,0,0,0,0,0,0,0,0
Holy See,Forestland,Emissions (CO2eq) (AR5),kilotonnes,0,0,0,0,0,0,0,0,0,0,0,0,0,0,0,0,0,0,0,0,0
Holy See,Net Forest conversion,Emissions (CO2),kilotonnes,0,0,0,0,0,0,0,0,0,0,0,0,0,0,0,0,0,0,0,0,0
Holy See,Net Forest conversion,Emissions (CO2eq) (AR5),kilotonnes,0,0,0,0,0,0,0,0,0,0,0,0,0,0,0,0,0,0,0,0,0
Holy See,Energy,Emissions (CH4),kilotonnes,0.0039,0.0039,0.004,0.0042,0.0039,0.004,0.0041,0.0043,0.0045,0.0043,0.0043,0.0038,0.0042,0.0041,0.004,0.0042,0.004,0.004,0.0041,0.0041,0.0041
Holy See,Energy,Emissions (N2O),kilotonnes,0.0001,0.0001,0.0001,0.0001,0.0001,0.0001,0.0001,0.0001,0.0001,0.0001,0.0001,0.0001,0.0001,0.0001,0.0001,0.0001,0.0001,0.0001,0.0001,0.0001,0.0001
Holy See,Energy,Emissions (CO2),kilotonnes,5.88,5.86,5.95,6.21,6.27,6.26,6.16,6.02,5.82,5.18,5.26,5.14,4.92,4.5,4.24,4.39,4.31,4.21,4.2,3.73,3.55
Holy See,Energy,Emissions (CO2eq) from CH4 (AR5),kilotonnes,0.1098,0.1092,0.1117,0.1176,0.1078,0.1128,0.114,0.121,0.1249,0.1196,0.1193,0.1075,0.1168,0.1159,0.1114,0.1162,0.1114,0.1128,0.114,0.114,0.1137
Holy See,Energy,Emissions (CO2eq) from N2O (AR5),kilotonnes,0.0326,0.0334,0.0342,0.036,0.0397,0.0397,0.0397,0.0397,0.039,0.0368,0.0358,0.0347,0.0355,0.0344,0.0339,0.0344,0.0331,0.0323,0.0326,0.0313,0.0307
Holy See,Energy,Emissions (CO2eq) (AR5),kilotonnes,6.0224,6.0026,6.0959,6.3636,6.4175,6.4126,6.3137,6.1807,5.9838,5.3364,5.4151,5.2822,5.0723,4.6504,4.3854,4.5406,4.4546,4.3552,4.3466,3.8752,3.6944
Holy See,IPPU,Emissions (CH4),kilotonnes,0,0,0,0,0,0,0,0,0,0,0,0,0,0,0,0,0,0,0,0,0
Holy See,IPPU,Emissions (N2O),kilotonnes,0.0004,0.0004,0.0004,0.0004,0.0004,0.0003,0.0001,0.0001,0,0,0,0,0,0,0,0,0,0,0,0,0
Holy See,IPPU,Emissions (CO2),kilotonnes,0.446,0.47,0.478,0.509,0.542,0.546,0.548,0.543,0.507,0.423,0.436,0.425,0.378,0.332,0.315,0.318,0.306,0.31,0.306,0.245,0.223
Holy See,IPPU,Emissions (CO2eq) from F-gases (AR5),kilotonnes,0.1322,0.1516,0.1574,0.1535,0.1555,0.1594,0.1778,0.1905,0.2031,0.2186,0.2332,0.2284,0.2371,0.2449,0.2536,0.2624,0.2711,0.2799,0.2876,0.2964,0.3051
Holy See,IPPU,Emissions (CO2eq) from CH4 (AR5),kilotonnes,0.0005,0.0005,0.0005,0.0006,0.0006,0.0007,0.0007,0.0006,0.0006,0.0004,0.0005,0.0005,0.0005,0.0004,0.0004,0.0004,0.0004,0.0004,0.0004,0.0003,0.0003
Holy See,IPPU,Emissions (CO2eq) from N2O (AR5),kilotonnes,0.1007,0.1028,0.1028,0.1049,0.0957,0.0914,0.0257,0.0219,0.0126,0.0113,0.0101,0.0096,0.0095,0.0095,0.0095,0.0091,0.0093,0.0092,0.0092,0.0045,0.0042
Holy See,IPPU,Emissions (CO2eq) (AR5),kilotonnes,0.6793,0.7249,0.7387,0.7681,0.7938,0.7974,0.7521,0.756,0.7233,0.6533,0.6797,0.6634,0.6251,0.5868,0.5785,0.5898,0.5868,0.5994,0.6032,0.5461,0.5326
Holy See,Waste,Emissions (CH4),kilotonnes,0.0141,0.0138,0.0134,0.0129,0.012,0.0118,0.0113,0.0109,0.0102,0.0101,0.0099,0.0091,0.009,0.0086,0.008,0.0074,0.0073,0.0073,0.0073,0.0064,0.006
Holy See,Waste,Emissions (N2O),kilotonnes,0.0001,0.0001,0.0001,0.0001,0.0001,0.0001,0.0001,0.0001,0.0001,0.0001,0.0001,0.0001,0.0001,0.0001,0.0001,0.0001,0.0001,0.0001,0.0001,0.0001,0.0001
Holy See,Waste,Emissions (CO2),kilotonnes,0.0061,0.006,0.0063,0.0061,0.0073,0.0067,0.0065,0.0064,0.0065,0.0064,0.0062,0.0061,0.0062,0.006,0.0055,0.0059,0.0062,0.0057,0.0056,0.0055,0.0054
Holy See,Waste,Emissions (CO2eq) from CH4 (AR5),kilotonnes,0.3948,0.3864,0.3752,0.3612,0.336,0.3304,0.3164,0.3052,0.2856,0.2828,0.2775,0.2548,0.2517,0.2411,0.2232,0.2061,0.2052,0.2036,0.2047,0.1778,0.1674
Holy See,Waste,Emissions (CO2eq) from N2O (AR5),kilotonnes,0.0171,0.0175,0.018,0.0182,0.0182,0.0183,0.0184,0.0183,0.0182,0.0184,0.0187,0.0187,0.0187,0.0185,0.0184,0.018,0.0179,0.0176,0.0177,0.0179,0.0179
Holy See,Waste,Emissions (CO2eq) (AR5),kilotonnes,0.4181,0.4099,0.3995,0.3855,0.3615,0.3554,0.3414,0.3299,0.3103,0.3076,0.3024,0.2796,0.2766,0.2655,0.2471,0.23,0.2294,0.2268,0.228,0.2013,0.1908
Holy See,Other,Emissions (N2O),kilotonnes,0.0001,0.0001,0.0001,0.0001,0.0001,0.0001,0.0001,0.0001,0.0001,0.0001,0.0001,0.0001,0.0001,0.0001,0.0001,0.0001,0.0001,0.0001,0.0001,0,0
Holy See,Other,Emissions (CO2eq) from N2O (AR5),kilotonnes,0.0268,0.026,0.0259,0.0257,0.0241,0.0228,0.0219,0.0207,0.0197,0.0178,0.0172,0.0166,0.0159,0.0152,0.0147,0.0148,0.0143,0.0135,0.0134,0.0114,0.0107
Holy See,Other,Emissions (CO2eq) (AR5),kilotonnes,0.0268,0.026,0.0259,0.0257,0.0241,0.0228,0.0219,0.0207,0.0197,0.0178,0.0172,0.0166,0.0159,0.0152,0.0147,0.0148,0.0143,0.0135,0.0134,0.0114,0.0107
Holy See,Farm-gate emissions,Emissions (N2O),kilotonnes,0,0,0,0,0,0,0,0,0,0,0,0,0,0,0,0,0,0,0,0,0
Holy See,Farm-gate emissions,Emissions (CO2),kilotonnes,0,0,0,0,0,0,0,0,0,0,0,0,0,0,0,0,0,0,0,0,0
Holy See,Farm-gate emissions,Emissions (CO2eq) from N2O (AR5),kilotonnes,0,0,0,0,0,0,0,0,0,0,0,0,0,0,0,0,0,0,0,0,0
Holy See,Farm-gate emissions,Emissions (CO2eq) (AR5),kilotonnes,0,0,0,0,0,0,0,0,0,0,0,0,0,0,0,0,0,0,0,0,0
Holy See,Land Use change,Emissions (CO2),kilotonnes,0,0,0,0,0,0,0,0,0,0,0,0,0,0,0,0,0,0,0,0,0
Holy See,Land Use change,Emissions (CO2eq) (AR5),kilotonnes,0,0,0,0,0,0,0,0,0,0,0,0,0,0,0,0,0,0,0,0,0
Holy See,Emissions on agricultural land,Emissions (N2O),kilotonnes,0,0,0,0,0,0,0,0,0,0,0,0,0,0,0,0,0,0,0,0,0
Holy See,Emissions on agricultural land,Emissions (CO2),kilotonnes,0,0,0,0,0,0,0,0,0,0,0,0,0,0,0,0,0,0,0,0,0
Holy See,Emissions on agricultural land,Emissions (CO2eq) from N2O (AR5),kilotonnes,0,0,0,0,0,0,0,0,0,0,0,0,0,0,0,0,0,0,0,0,0
Holy See,Emissions on agricultural land,Emissions (CO2eq) (AR5),kilotonnes,0,0,0,0,0,0,0,0,0,0,0,0,0,0,0,0,0,0,0,0,0
Holy See,Agri-food systems,Emissions (N2O),kilotonnes,0,0,0,0,0,0,0,0,0,0,0,0,0,0,0,0,0,0,0,0,0
Holy See,Agri-food systems,Emissions (CO2),kilotonnes,0,0,0,0,0,0,0,0,0,0,0,0,0,0,0,0,0,0,0,0,0
Holy See,Agri-food systems,Emissions (CO2eq) from N2O (AR5),kilotonnes,0,0,0,0,0,0,0,0,0,0,0,0,0,0,0,0,0,0,0,0,0
Holy See,Agri-food systems,Emissions (CO2eq) (AR5),kilotonnes,0,0,0,0,0,0,0,0,0,0,0,0,0,0,0,0,0,0,0,0,0
Holy See,IPCC Agriculture,Emissions (N2O),kilotonnes,0,0,0,0,0,0,0,0,0,0,0,0,0,0,0,0,0,0,0,0,0
Holy See,IPCC Agriculture,Emissions (CO2eq) from N2O (AR5),kilotonnes,0,0,0,0,0,0,0,0,0,0,0,0,0,0,0,0,0,0,0,0,0
Holy See,IPCC Agriculture,Emissions (CO2eq) (AR5),kilotonnes,0,0,0,0,0,0,0,0,0,0,0,0,0,0,0,0,0,0,0,0,0
Holy See,Agricultural Soils,Emissions (N2O),kilotonnes,0,0,0,0,0,0,0,0,0,0,0,0,0,0,0,0,0,0,0,0,0
Holy See,Agricultural Soils,Emissions (CO2eq) from N2O (AR5),kilotonnes,0,0,0,0,0,0,0,0,0,0,0,0,0,0,0,0,0,0,0,0,0
Holy See,Agricultural Soils,Emissions (CO2eq) (AR5),kilotonnes,0,0,0,0,0,0,0,0,0,0,0,0,0,0,0,0,0,0,0,0,0
Holy See,LULUCF,Emissions (CO2),kilotonnes,0,0,0,0,0,0,0,0,0,0,0,0,0,0,0,0,0,0,0,0,0
Holy See,LULUCF,Emissions (CO2eq) (AR5),kilotonnes,0,0,0,0,0,0,0,0,0,0,0,0,0,0,0,0,0,0,0,0,0
Holy See,AFOLU,Emissions (N2O),kilotonnes,0,0,0,0,0,0,0,0,0,0,0,0,0,0,0,0,0,0,0,0,0
Holy See,AFOLU,Emissions (CO2),kilotonnes,0,0,0,0,0,0,0,0,0,0,0,0,0,0,0,0,0,0,0,0,0
Holy See,AFOLU,Emissions (CO2eq) from N2O (AR5),kilotonnes,0,0,0,0,0,0,0,0,0,0,0,0,0,0,0,0,0,0,0,0,0
Holy See,AFOLU,Emissions (CO2eq) (AR5),kilotonnes,0,0,0,0,0,0,0,0,0,0,0,0,0,0,0,0,0,0,0,0,0
Holy See,All sectors with LULUCF,Emissions (CH4),kilotonnes,0.018,0.0177,0.0174,0.0171,0.0159,0.0159,0.0154,0.0152,0.0147,0.0144,0.0142,0.013,0.0132,0.0128,0.012,0.0115,0.0113,0.0113,0.0114,0.0104,0.01
Holy See,All sectors with LULUCF,Emissions (N2O),kilotonnes,0.0007,0.0007,0.0007,0.0007,0.0007,0.0007,0.0004,0.0004,0.0003,0.0003,0.0003,0.0003,0.0003,0.0003,0.0003,0.0003,0.0003,0.0003,0.0003,0.0002,0.0002
Holy See,All sectors with LULUCF,Emissions (CO2),kilotonnes,6.3321,6.336,6.4343,6.7251,6.8193,6.8127,6.7145,6.5694,6.3335,5.6094,5.7022,5.5711,5.3042,4.838,4.5605,4.7139,4.6222,4.5257,4.5116,3.9805,3.7784
Holy See,All sectors with LULUCF,Emissions (CO2eq) from F-gases (AR5),kilotonnes,0.1322,0.1516,0.1574,0.1535,0.1555,0.1594,0.1778,0.1905,0.2031,0.2186,0.2332,0.2284,0.2371,0.2449,0.2536,0.2624,0.2711,0.2799,0.2876,0.2964,0.3051
Holy See,All sectors with LULUCF,Emissions (CO2eq) from CH4 (AR5),kilotonnes,0.5051,0.4961,0.4874,0.4794,0.4444,0.4439,0.431,0.4268,0.411,0.4028,0.3972,0.3628,0.3689,0.3574,0.335,0.3227,0.317,0.3168,0.319,0.2921,0.2814
Holy See,All sectors with LULUCF,Emissions (CO2eq) from N2O (AR5),kilotonnes,0.1772,0.1798,0.1809,0.1849,0.1777,0.1722,0.1057,0.1006,0.0895,0.0843,0.0818,0.0796,0.0797,0.0776,0.0766,0.0764,0.0746,0.0726,0.0729,0.0651,0.0635
Holy See,All sectors with LULUCF,Emissions (CO2eq) (AR5),kilotonnes,7.1466,7.1635,7.26,7.5429,7.5969,7.5882,7.4291,7.2873,7.0372,6.3151,6.4144,6.2419,5.9899,5.5179,5.2257,5.3754,5.285,5.195,5.1912,4.6341,4.4285
Holy See,All sectors without LULUCF,Emissions (CH4),kilotonnes,0.018,0.0177,0.0174,0.0171,0.0159,0.0159,0.0154,0.0152,0.0147,0.0144,0.0142,0.013,0.0132,0.0128,0.012,0.0115,0.0113,0.0113,0.0114,0.0104,0.01
Holy See,All sectors without LULUCF,Emissions (N2O),kilotonnes,0.0007,0.0007,0.0007,0.0007,0.0007,0.0007,0.0004,0.0004,0.0003,0.0003,0.0003,0.0003,0.0003,0.0003,0.0003,0.0003,0.0003,0.0003,0.0003,0.0002,0.0002
Holy See,All sectors without LULUCF,Emissions (CO2),kilotonnes,6.3321,6.336,6.4343,6.7251,6.8193,6.8127,6.7145,6.5694,6.3335,5.6094,5.7022,5.5711,5.3042,4.838,4.5605,4.7139,4.6222,4.5257,4.5116,3.9805,3.7784
Holy See,All sectors without LULUCF,Emissions (CO2eq) from F-gases (AR5),kilotonnes,0.1322,0.1516,0.1574,0.1535,0.1555,0.1594,0.1778,0.1905,0.2031,0.2186,0.2332,0.2284,0.2371,0.2449,0.2536,0.2624,0.2711,0.2799,0.2876,0.2964,0.3051
Holy See,All sectors without LULUCF,Emissions (CO2eq) from CH4 (AR5),kilotonnes,0.5051,0.4961,0.4874,0.4794,0.4444,0.4439,0.431,0.4268,0.411,0.4028,0.3972,0.3628,0.3689,0.3574,0.335,0.3227,0.317,0.3168,0.319,0.2921,0.2814
Holy See,All sectors without LULUCF,Emissions (CO2eq) from N2O (AR5),kilotonnes,0.1772,0.1798,0.1809,0.1849,0.1777,0.1722,0.1057,0.1006,0.0895,0.0843,0.0818,0.0796,0.0797,0.0776,0.0766,0.0764,0.0746,0.0726,0.0729,0.0651,0.0635
Holy See,All sectors without LULUCF,Emissions (CO2eq) (AR5),kilotonnes,7.1466,7.1635,7.26,7.5429,7.5969,7.5882,7.4291,7.2873,7.0372,6.3151,6.4144,6.2419,5.9899,5.5179,5.2257,5.3754,5.285,5.195,5.1912,4.6341,4.4285
Honduras,Crop Residues,Direct emissions (N2O),kilotonnes,0.1296,0.1199,0.1269,0.1213,0.1125,0.1179,0.1172,0.1414,0.1283,0.1358,0.1241,0.125,0.125,0.1381,0.1343,0.1451,0.1441,0.1517,0.1572,0.1388,0.151
Honduras,Crop Residues,Indirect emissions (N2O),kilotonnes,0.0292,0.027,0.0285,0.0273,0.0253,0.0265,0.0264,0.0318,0.0289,0.0306,0.0279,0.0281,0.0281,0.0311,0.0302,0.0326,0.0324,0.0341,0.0354,0.0312,0.034
Honduras,Crop Residues,Emissions (N2O),kilotonnes,0.1588,0.1469,0.1554,0.1486,0.1379,0.1444,0.1435,0.1732,0.1572,0.1663,0.1521,0.1531,0.1531,0.1692,0.1645,0.1777,0.1765,0.1858,0.1926,0.1701,0.1849
Honduras,Crop Residues,Emissions (CO2eq) from N2O (AR5),kilotonnes,42.0781,38.9215,41.1829,39.3721,36.5335,38.2607,38.0348,45.911,41.6623,44.0794,40.299,40.5739,40.5745,44.8393,43.5978,47.0974,46.7722,49.246,51.0362,45.0636,49.0025
Honduras,Crop Residues,Emissions (CO2eq) (AR5),kilotonnes,42.0781,38.9215,41.1829,39.3721,36.5335,38.2607,38.0348,45.911,41.6623,44.0794,40.299,40.5739,40.5745,44.8393,43.5978,47.0974,46.7722,49.246,51.0362,45.0636,49.0025
Honduras,Rice Cultivation,Emissions (CH4),kilotonnes,0.0887,0.0894,0.1043,0.2116,0.1529,0.1577,0.1477,0.2588,0.2672,0.2545,0.2062,0.2386,0.252,0.226,0.549,0.5206,0.5331,0.4202,0.4097,0.4094,0.4834
Honduras,Rice Cultivation,Emissions (CO2eq) from CH4 (AR5),kilotonnes,2.4837,2.5033,2.9204,5.9247,4.2799,4.4163,4.1364,7.2465,7.4825,7.1266,5.7734,6.6812,7.0552,6.3284,15.3711,14.5769,14.9274,11.7663,11.4707,11.4636,13.5342
Honduras,Rice Cultivation,Emissions (CO2eq) (AR5),kilotonnes,2.4837,2.5033,2.9204,5.9247,4.2799,4.4163,4.1364,7.2465,7.4825,7.1266,5.7734,6.6812,7.0552,6.3284,15.3711,14.5769,14.9274,11.7663,11.4707,11.4636,13.5342
Honduras,Burning - Crop residues,Emissions (CH4),kilotonnes,1.0925,1.0204,1.113,1.0362,1.0103,0.9644,1.0231,1.1616,1.0083,1.0431,1.0433,1.0336,1.0345,1.1222,0.9656,1.0968,1.0339,1.1471,1.1871,1.0042,1.1069
Honduras,Burning - Crop residues,Emissions (CH4),kilotonnes,0.54,,,,,,,,,,,,,,,,,,,,
Honduras,Burning - Crop residues,Emissions (N2O),kilotonnes,0.0283,0.0265,0.0289,0.0269,0.0262,0.025,0.0265,0.0301,0.0261,0.027,0.027,0.0268,0.0268,0.0291,0.025,0.0284,0.0268,0.0297,0.0308,0.026,0.0287
Honduras,Burning - Crop residues,Emissions (N2O),kilotonnes,0.02,,,,,,,,,,,,,,,,,,,,
Honduras,Burning - Crop residues,Emissions (CO2eq) from CH4 (AR5),kilotonnes,30.5911,28.5716,31.1651,29.0138,28.2874,27.0035,28.6481,32.5237,28.2319,29.2055,29.2126,28.9398,28.967,31.4223,27.0374,30.71,28.9485,32.119,33.2397,28.1175,30.9938
Honduras,Burning - Crop residues,Emissions (CO2eq) from CH4 (AR5),kilotonnes,15.12,,,,,,,,,,,,,,,,,,,,
Honduras,Burning - Crop residues,Emissions (CO2eq) from N2O (AR5),kilotonnes,7.5062,7.0106,7.647,7.1191,6.9409,6.6258,7.0294,7.9804,6.9273,7.1662,7.1679,7.101,7.1076,7.7101,6.6342,7.5353,7.1031,7.881,8.156,6.8992,7.605
Honduras,Burning - Crop residues,Emissions (CO2eq) from N2O (AR5),kilotonnes,5.3,,,,,,,,,,,,,,,,,,,,
Honduras,Burning - Crop residues,Emissions (CO2eq) (AR5),kilotonnes,38.0973,35.5823,38.8121,36.1329,35.2283,33.6293,35.6775,40.5041,35.1592,36.3717,36.3805,36.0408,36.0747,39.1324,33.6716,38.2453,36.0516,40,41.3957,35.0166,38.5987
Honduras,Burning - Crop residues,Emissions (CO2eq) (AR5),kilotonnes,20.42,,,,,,,,,,,,,,,,,,,,
Honduras,Enteric Fermentation,Emissions (CH4),kilotonnes,109.6415,114.3578,127.5083,147.3857,150.2409,153.1378,150.4243,152.9698,155.5583,163.1607,164.7128,163.5467,167.1913,168.0281,168.2777,169.0751,169.5832,169.8357,170.5606,171.2015,171.8436
Honduras,Enteric Fermentation,Emissions (CH4),kilotonnes,97.9,,,,,,,,,,,,,,,,,,,,
Honduras,Enteric Fermentation,Emissions (CO2eq) from CH4 (AR5),kilotonnes,3069.962,3202.0176,3570.2328,4126.7992,4206.7449,4287.8576,4211.8815,4283.1551,4355.6313,4568.4985,4611.9585,4579.3078,4681.3562,4704.7881,4711.7748,4734.1032,4748.3289,4755.3988,4775.6974,4793.6407,4811.6217
Honduras,Enteric Fermentation,Emissions (CO2eq) from CH4 (AR5),kilotonnes,2741.2,,,,,,,,,,,,,,,,,,,,
Honduras,Enteric Fermentation,Emissions (CO2eq) (AR5),kilotonnes,3069.962,3202.0176,3570.2328,4126.7992,4206.7449,4287.8576,4211.8815,4283.1551,4355.6313,4568.4985,4611.9585,4579.3078,4681.3562,4704.7881,4711.7748,4734.1032,4748.3289,4755.3988,4775.6974,4793.6407,4811.6217
Honduras,Enteric Fermentation,Emissions (CO2eq) (AR5),kilotonnes,2741.2,,,,,,,,,,,,,,,,,,,,
Honduras,Manure Management,Emissions (CH4),kilotonnes,2.9802,3.1078,3.4933,3.8475,3.9624,4.1725,4.1436,4.1574,4.1657,4.3684,4.4179,4.3821,4.5043,4.5391,4.557,4.5707,4.5722,4.5882,4.6152,4.6278,4.6416
Honduras,Manure Management,Emissions (CH4),kilotonnes,4.33,,,,,,,,,,,,,,,,,,,,
Honduras,Manure Management,Emissions (N2O),kilotonnes,0.189,0.2071,0.2344,0.2243,0.2316,0.2472,0.2388,0.2367,0.2342,0.2453,0.2501,0.2424,0.2559,0.2529,0.2555,0.2542,0.2515,0.2496,0.2533,0.2523,0.2516
Honduras,Manure Management,Emissions (N2O),kilotonnes,3.27,,,,,,,,,,,,,,,,,,,,
Honduras,Manure Management,Emissions (CO2eq) from CH4 (AR5),kilotonnes,83.4463,87.0176,97.8134,107.7293,110.946,116.8313,116.02,116.4062,116.6392,122.3163,123.7009,122.6982,126.1193,127.0961,127.5963,127.98,128.0217,128.4701,129.2247,129.5777,129.9637
Honduras,Manure Management,Emissions (CO2eq) from CH4 (AR5),kilotonnes,121.24,,,,,,,,,,,,,,,,,,,,
Honduras,Manure Management,Emissions (CO2eq) from N2O (AR5),kilotonnes,50.0826,54.8795,62.1175,59.4482,61.3708,65.5063,63.2776,62.736,62.0512,65.0054,66.276,64.2474,67.8186,67.0081,67.7098,67.3679,66.6563,66.14,67.1315,66.8558,66.6678
Honduras,Manure Management,Emissions (CO2eq) from N2O (AR5),kilotonnes,866.55,,,,,,,,,,,,,,,,,,,,
Honduras,Manure Management,Emissions (CO2eq) (AR5),kilotonnes,133.5289,141.8971,159.931,167.1775,172.3168,182.3376,179.2976,179.1422,178.6904,187.3217,189.9769,186.9456,193.9379,194.1042,195.3061,195.3479,194.678,194.6101,196.3562,196.4335,196.6316
Honduras,Manure Management,Emissions (CO2eq) (AR5),kilotonnes,987.79,,,,,,,,,,,,,,,,,,,,
Honduras,Manure left on Pasture,Direct emissions (N2O),kilotonnes,2.3179,2.4086,2.6222,3.0728,3.1431,3.236,3.195,3.2424,3.2893,3.4532,3.4755,3.4826,3.5472,3.6138,3.6238,3.6418,3.6531,3.661,3.6759,3.6908,3.7057
Honduras,Manure left on Pasture,Indirect emissions (N2O),kilotonnes,0.525,0.5444,0.5895,0.6854,0.7003,0.72,0.7114,0.7214,0.7314,0.7662,0.771,0.7726,0.7864,0.8005,0.8027,0.8065,0.8089,0.8106,0.8138,0.817,0.8202
Honduras,Manure left on Pasture,Emissions (N2O),kilotonnes,2.8428,2.953,3.2117,3.7582,3.8434,3.9561,3.9064,3.9638,4.0207,4.2194,4.2465,4.2552,4.3336,4.4143,4.4265,4.4483,4.462,4.4716,4.4897,4.5078,4.5259
Honduras,Manure left on Pasture,Emissions (CO2eq) from N2O (AR5),kilotonnes,753.3438,782.545,851.1069,995.9207,1018.4952,1048.3621,1035.1955,1050.4067,1065.4815,1118.142,1125.326,1127.6201,1148.4037,1169.7843,1173.0175,1178.804,1182.4298,1184.973,1189.7728,1194.5682,1199.3646
Honduras,Manure left on Pasture,Emissions (CO2eq) (AR5),kilotonnes,753.3438,782.545,851.1069,995.9207,1018.4952,1048.3621,1035.1955,1050.4067,1065.4815,1118.142,1125.326,1127.6201,1148.4037,1169.7843,1173.0175,1178.804,1182.4298,1184.973,1189.7728,1194.5682,1199.3646
Honduras,Manure applied to Soils,Direct emissions (N2O),kilotonnes,0.3506,0.3678,0.4873,0.4918,0.5088,0.5416,0.5375,0.5334,0.5282,0.5558,0.5718,0.5435,0.5723,0.5417,0.5463,0.5472,0.5463,0.5464,0.5506,0.5515,0.5527
Honduras,Manure applied to Soils,Indirect emissions (N2O),kilotonnes,0.149,0.1563,0.2071,0.209,0.2162,0.2302,0.2284,0.2267,0.2245,0.2362,0.243,0.231,0.2432,0.2302,0.2322,0.2326,0.2322,0.2322,0.234,0.2344,0.2349
Honduras,Manure applied to Soils,Emissions (N2O),kilotonnes,0.4996,0.5241,0.6944,0.7008,0.725,0.7718,0.7659,0.7601,0.7527,0.792,0.8148,0.7745,0.8155,0.7719,0.7785,0.7798,0.7785,0.7786,0.7846,0.7859,0.7876
Honduras,Manure applied to Soils,Emissions (CO2eq) from N2O (AR5),kilotonnes,132.3936,138.8958,184.0098,185.7053,192.1173,204.5235,202.9632,201.4303,199.4569,209.8853,215.9232,205.2483,216.1199,204.5632,206.3051,206.6504,206.3038,206.3348,207.917,208.2685,208.7165
Honduras,Manure applied to Soils,Emissions (CO2eq) (AR5),kilotonnes,132.3936,138.8958,184.0098,185.7053,192.1173,204.5235,202.9632,201.4303,199.4569,209.8853,215.9232,205.2483,216.1199,204.5632,206.3051,206.6504,206.3038,206.3348,207.917,208.2685,208.7165
Honduras,Synthetic Fertilizers,Direct emissions (N2O),kilotonnes,2.1356,1.7286,0.5361,0.6666,0.4131,0.6579,1.048,0.9977,0.873,0.7483,0.8807,1.3442,1.1851,1.1741,1.163,1.184,1.5077,1.7313,1.929,1.3536,1.3536
Honduras,Synthetic Fertilizers,Indirect emissions (N2O),kilotonnes,0.6941,0.5618,0.1742,0.2167,0.1343,0.2138,0.3406,0.3243,0.2837,0.2432,0.2862,0.4369,0.3852,0.3816,0.378,0.3848,0.49,0.5627,0.6269,0.4399,0.4399
Honduras,Synthetic Fertilizers,Emissions (N2O),kilotonnes,2.8296,2.2904,0.7103,0.8833,0.5474,0.8717,1.3885,1.322,1.1567,0.9915,1.1669,1.7811,1.5703,1.5556,1.5409,1.5687,1.9977,2.294,2.5559,1.7935,1.7935
Honduras,Synthetic Fertilizers,Emissions (CO2eq) from N2O (AR5),kilotonnes,749.8525,606.9446,188.2391,234.0766,145.0646,231.0027,367.9655,350.3239,306.5293,262.7346,309.2199,471.996,416.1292,412.2398,408.3504,415.7186,529.3923,607.9144,677.3084,475.2743,475.2743
Honduras,Synthetic Fertilizers,Emissions (CO2eq) (AR5),kilotonnes,749.8525,606.9446,188.2391,234.0766,145.0646,231.0027,367.9655,350.3239,306.5293,262.7346,309.2199,471.996,416.1292,412.2398,408.3504,415.7186,529.3923,607.9144,677.3084,475.2743,475.2743
Honduras,Drained organic soils,Emissions (CO2eq) (AR5),kilotonnes,0,0,0,0,0,0,0,0,0,0,0,0,0,0,0,0,0,0,0,0,0
Honduras,Drained organic soils (CO2),Emissions (CO2),kilotonnes,0,0,0,0,0,0,0,0,0,0,0,0,0,0,0,0,0,0,0,0,0
Honduras,Drained organic soils (CO2),Emissions (CO2eq) (AR5),kilotonnes,0,0,0,0,0,0,0,0,0,0,0,0,0,0,0,0,0,0,0,0,0
Honduras,Drained organic soils (N2O),Emissions (N2O),kilotonnes,0,0,0,0,0,0,0,0,0,0,0,0,0,0,0,0,0,0,0,0,0
Honduras,Drained organic soils (N2O),Emissions (CO2eq) from N2O (AR5),kilotonnes,0,0,0,0,0,0,0,0,0,0,0,0,0,0,0,0,0,0,0,0,0
Honduras,Drained organic soils (N2O),Emissions (CO2eq) (AR5),kilotonnes,0,0,0,0,0,0,0,0,0,0,0,0,0,0,0,0,0,0,0,0,0
Honduras,On-farm energy use,Emissions (CH4),kilotonnes,0.3169,0.2763,0.2895,0.3118,0.2929,0.1422,0.1729,0.1815,0.225,0.2152,0.2209,0.2062,0.2379,0.2235,0.226,0.2262,0.1505,0.0745,0.0893,0.0848,0.0848
Honduras,On-farm energy use,Emissions (N2O),kilotonnes,0.0072,0.0078,0.0087,0.0096,0.0104,0.0104,0.0114,0.0122,0.0133,0.014,0.0148,0.0156,0.0165,0.0172,0.018,0.0188,0.0177,0.0164,0.0916,0.1068,0.1068
Honduras,On-farm energy use,Emissions (CO2),kilotonnes,163.0064,156.3997,164.5823,177.7002,181.8152,135.5375,152.0109,159.207,176.8023,175.1792,181.1443,182.2699,197.52,196.6148,199.1952,203.933,141.7213,75.516,273.9316,308.057,308.057
Honduras,On-farm energy use,Emissions (CO2eq) from CH4 (AR5),kilotonnes,8.8732,7.7372,8.1074,8.7312,8.2023,3.9819,4.842,5.0807,6.2988,6.0261,6.1856,5.773,6.6604,6.2576,6.3289,6.3323,4.2154,2.0846,2.5005,2.3733,2.3733
Honduras,On-farm energy use,Emissions (CO2eq) from N2O (AR5),kilotonnes,1.9156,2.0779,2.3074,2.553,2.7521,2.7587,3.0172,3.2417,3.5113,3.7061,3.9265,4.1225,4.3785,4.57,4.7809,4.9937,4.6801,4.359,24.2647,28.307,28.307
Honduras,On-farm energy use,Emissions (CO2eq) (AR5),kilotonnes,173.7951,166.2148,174.9971,188.9844,192.7696,142.2781,159.8702,167.5294,186.6124,184.9113,191.2564,192.1653,208.5589,207.4425,210.305,215.259,150.6168,81.9596,300.6968,338.7373,338.7373
Honduras,Forestland,Emissions (CO2),kilotonnes,0,0,0,0,0,0,0,0,0,0,0,0,0,0,0,0,0,0,0,0,0
Honduras,Forestland,Emissions (CO2eq) (AR5),kilotonnes,0,0,0,0,0,0,0,0,0,0,0,0,0,0,0,0,0,0,0,0,0
Honduras,Net Forest conversion,Emissions (CO2),kilotonnes,5534.1368,5356.8944,5356.8944,5356.8944,5356.8944,5356.8944,5356.8944,5356.8944,5356.8944,5356.8944,5356.8944,5897.8668,5897.8668,5897.8668,5897.8668,5897.8668,5524.3634,5524.3634,5524.3634,5524.3634,5524.3634
Honduras,Net Forest conversion,Emissions (CO2eq) (AR5),kilotonnes,5534.1368,5356.8944,5356.8944,5356.8944,5356.8944,5356.8944,5356.8944,5356.8944,5356.8944,5356.8944,5356.8944,5897.8668,5897.8668,5897.8668,5897.8668,5897.8668,5524.3634,5524.3634,5524.3634,5524.3634,5524.3634
Honduras,Savanna fires,Emissions (CH4),kilotonnes,0.7711,0.718,1.2037,6.9686,0.6603,6.0478,3.0595,1.8055,2.4067,2.5987,1.8198,4.7409,0.7478,2.9712,4.1124,1.5137,2.863,1.4392,4.0851,3.6836,8.2179
Honduras,Savanna fires,Emissions (N2O),kilotonnes,0.0704,0.0656,0.1099,0.6363,0.0603,0.5522,0.2793,0.1649,0.2197,0.2373,0.1662,0.4329,0.0683,0.2713,0.3755,0.1382,0.2614,0.1314,0.373,0.3363,0.7503
Honduras,Savanna fires,Emissions (CO2eq) from CH4 (AR5),kilotonnes,21.5917,20.1034,33.7033,195.1213,18.4889,169.3395,85.667,50.5541,67.3876,72.7633,50.9549,132.7462,20.9387,83.1944,115.1485,42.384,80.1649,40.2986,114.383,103.1406,230.1025
Honduras,Savanna fires,Emissions (CO2eq) from N2O (AR5),kilotonnes,18.6581,17.372,29.124,168.6102,15.9768,146.3314,74.0275,43.6853,58.2317,62.877,44.0317,114.7101,18.0937,71.8908,99.5034,36.6253,69.273,34.8233,98.8418,89.127,198.8386
Honduras,Savanna fires,Emissions (CO2eq) (AR5),kilotonnes,40.2498,37.4754,62.8273,363.7315,34.4657,315.6709,159.6945,94.2394,125.6193,135.6404,94.9866,247.4563,39.0324,155.0852,214.6519,79.0093,149.4379,75.1219,213.2247,192.2676,428.9411
Honduras,Fires in organic soils,Emissions (CH4),kilotonnes,0,0,0,0,0,0,0,0,0,0,0,0,0,0,0,0,0,0,0,0,0
Honduras,Fires in organic soils,Emissions (CO2),kilotonnes,0,0,0,0,0,0,0,0,0,0,0,0,0,0,0,0,0,0,0,0,0
Honduras,Fires in organic soils,Emissions (CO2eq) from CH4 (AR5),kilotonnes,0,0,0,0,0,0,0,0,0,0,0,0,0,0,0,0,0,0,0,0,0
Honduras,Fires in organic soils,Emissions (CO2eq) (AR5),kilotonnes,0,0,0,0,0,0,0,0,0,0,0,0,0,0,0,0,0,0,0,0,0
Honduras,Forest fires,Emissions (CH4),kilotonnes,20.9419,0.6289,1.5487,25.4848,0.4411,17.9696,3.5332,4.0959,4.188,7.3646,4.9854,11.5174,0.976,6.9457,9.0781,5.2181,8.0924,2.4402,5.0184,4.6397,19.1619
Honduras,Forest fires,Emissions (N2O),kilotonnes,0.6159,0.0574,0.1414,2.3269,0.0403,1.6407,0.3226,0.374,0.3824,0.6724,0.4552,1.0516,0.0891,0.6342,0.8289,0.4764,0.7389,0.2228,0.4582,0.4236,1.7496
Honduras,Forest fires,Emissions (CO2eq) from CH4 (AR5),kilotonnes,586.3718,17.608,43.3646,713.5739,12.3504,503.148,98.9291,114.6862,117.2648,206.2088,139.5916,322.4872,27.3277,194.4801,254.1857,146.1064,226.5864,68.3268,140.5149,129.9113,536.5337
Honduras,Forest fires,Emissions (CO2eq) from N2O (AR5),kilotonnes,163.2233,15.2157,37.4727,616.621,10.6724,434.7855,85.4876,99.1038,101.3321,178.1913,120.6253,278.671,23.6147,168.0561,219.6496,126.255,195.8002,59.0433,121.4232,112.2603,463.6351
Honduras,Forest fires,Emissions (CO2eq) (AR5),kilotonnes,749.5951,32.8237,80.8373,1330.1949,23.0228,937.9335,184.4167,213.79,218.597,384.4,260.2169,601.1582,50.9424,362.5362,473.8354,272.3614,422.3866,127.37,261.938,242.1715,1000.1688
Honduras,Fires in humid tropical forests,Emissions (CH4),kilotonnes,14.8321,0.4578,1.1471,21.9913,0.4312,17.0225,3.082,3.6967,3.4839,6.3555,4.5937,9.6876,0.857,6.3581,8.1706,4.2238,6.9915,1.8923,4.3886,3.9975,17.4859
Honduras,Fires in humid tropical forests,Emissions (N2O),kilotonnes,0.4362,0.0418,0.1047,2.0079,0.0394,1.5542,0.2814,0.3375,0.3181,0.5803,0.4194,0.8845,0.0782,0.5805,0.746,0.3857,0.6384,0.1728,0.4007,0.365,1.5965
Honduras,Fires in humid tropical forests,Emissions (CO2eq) from CH4 (AR5),kilotonnes,415.2974,12.8178,32.1185,615.7572,12.0727,476.6287,86.2947,103.5089,97.5492,177.9543,128.6228,271.2526,23.9956,178.0275,228.7775,118.2677,195.7634,52.9844,122.882,111.9305,489.604
Honduras,Fires in humid tropical forests,Emissions (CO2eq) from N2O (AR5),kilotonnes,115.6028,11.0763,27.7546,532.0945,10.4324,411.8693,74.5698,89.4452,84.2952,153.7757,111.1469,234.3976,20.7353,153.839,197.6936,102.1987,169.1651,45.7854,106.1861,96.7226,423.0817
Honduras,Fires in humid tropical forests,Emissions (CO2eq) (AR5),kilotonnes,530.9002,23.8941,59.8731,1147.8517,22.5051,888.498,160.8645,192.9541,181.8444,331.73,239.7696,505.6502,44.7308,331.8664,426.4712,220.4664,364.9285,98.7698,229.068,208.6531,912.6857
Honduras,Waste - agri-food systems,Emissions (CH4),kilotonnes,64.3107,64.7324,65.1735,65.5204,66.143,66.7465,67.3093,67.8429,68.3619,68.8527,69.356,69.8702,70.4985,70.9764,71.1227,70.9349,71.3804,71.6457,71.9117,72.0773,72.1827
Honduras,Waste - agri-food systems,Emissions (N2O),kilotonnes,0.1304,0.1357,0.1427,0.1523,0.1594,0.1712,0.1755,0.1847,0.1941,0.1891,0.193,0.2006,0.205,0.2112,0.2056,0.215,0.225,0.2248,0.2282,0.2309,0.2335
Honduras,Waste - agri-food systems,Emissions (CO2),kilotonnes,0.6645,0.6663,0.6671,0.6685,0.6707,0.6734,0.6767,0.6804,0.6838,0.6852,0.6876,0.6909,0.6922,0.6922,0.6941,0.6959,0.6969,0.6987,0.6999,0.7011,0.6996
Honduras,Waste - agri-food systems,Emissions (CO2eq) from CH4 (AR5),kilotonnes,1800.7009,1812.5069,1824.8584,1834.5713,1852.003,1868.9016,1884.6601,1899.5999,1914.1337,1927.8748,1941.967,1956.3651,1973.9577,1987.339,1991.4342,1986.1759,1998.6518,2006.0786,2013.5279,2018.1656,2021.1148
Honduras,Waste - agri-food systems,Emissions (CO2eq) from N2O (AR5),kilotonnes,34.5629,35.9559,37.8125,40.3621,42.2373,45.3605,46.5017,48.9557,51.4261,50.1155,51.1535,53.1623,54.3207,55.9565,54.489,56.9826,59.6128,59.5823,60.4848,61.181,61.8766
Honduras,Waste - agri-food systems,Emissions (CO2eq) (AR5),kilotonnes,1835.9283,1849.1291,1863.338,1875.6019,1894.9109,1914.9355,1931.8386,1949.236,1966.2436,1978.6754,1993.8082,2010.2183,2028.9707,2043.9878,2046.6173,2043.8544,2058.9615,2066.3596,2074.7126,2080.0476,2083.691
Honduras,On-farm electricity use,Emissions (CH4),kilotonnes,0.4119,0.4333,0.4698,0.4911,0.5288,0.5364,0.57,0.6309,0.6648,0.6485,0.6561,0.7011,0.7089,0.7327,0.7518,0.8092,0.7776,0.8543,0.8858,0.9126,0.9126
Honduras,On-farm electricity use,Emissions (N2O),kilotonnes,0.0022,0.0024,0.0025,0.0027,0.0028,0.0029,0.003,0.0034,0.0035,0.0035,0.0035,0.0037,0.0038,0.004,0.0041,0.0044,0.0041,0.0046,0.0047,0.0049,0.0049
Honduras,On-farm electricity use,Emissions (CO2),kilotonnes,93.8594,98.7254,107.0502,111.8868,120.4754,122.2342,129.8848,143.779,151.4883,147.7655,149.495,159.7545,161.5425,166.9654,171.3037,184.4065,177.1662,194.6659,201.8475,207.9564,207.9564
Honduras,On-farm electricity use,Emissions (CO2eq) from CH4 (AR5),kilotonnes,11.5332,12.1324,13.1544,13.7508,14.8064,15.0192,15.96,17.6652,18.6144,18.158,18.3708,19.6308,19.8492,20.5156,21.0504,22.6576,21.7728,23.9204,24.8024,25.5528,25.5528
Honduras,On-farm electricity use,Emissions (CO2eq) from N2O (AR5),kilotonnes,0.583,0.636,0.6625,0.7155,0.742,0.7685,0.795,0.901,0.9275,0.9275,0.9275,0.9805,1.007,1.06,1.0865,1.166,1.0865,1.219,1.2455,1.2985,1.2985
Honduras,On-farm electricity use,Emissions (CO2eq) (AR5),kilotonnes,105.9756,111.4938,120.8671,126.3531,136.0238,138.0219,146.6398,162.3452,171.0302,166.851,168.7933,180.3658,182.3987,188.541,193.4406,208.2301,200.0255,219.8053,227.8954,234.8077,234.8077
Honduras,Food Processing,Emissions (CH4),kilotonnes,0.0182,0.0182,0.0236,0.0239,0.0259,1.9741,1.8738,2.2399,2.4351,2.6314,1.7673,2.1693,2.5773,2.5235,2.6598,3.0339,3.3186,3.5812,3.4707,4.0411,4.1537
Honduras,Food Processing,Emissions (N2O),kilotonnes,0.001,0.0011,0.0011,0.0012,0.0012,0.0065,0.0064,0.0072,0.0068,0.0063,0.0049,0.0052,0.0059,0.0053,0.0051,0.0057,0.0058,0.006,0.0057,0.0057,0.0058
Honduras,Food Processing,Emissions (CO2),kilotonnes,44.6434,51.111,52.6033,58.0665,62.3346,300.3363,258.4278,322.1252,291.6118,243.5998,244.8883,254.1196,285.7001,260.3834,247.784,293.964,280.237,284.7221,270.174,268.229,227.604
Honduras,Food Processing,Emissions (CO2eq) from CH4 (AR5),kilotonnes,0.5096,0.5096,0.6608,0.6692,0.7252,55.2748,52.4664,62.7172,68.1828,73.6792,49.4844,60.7404,72.1644,70.658,74.4744,84.9492,92.9208,100.2736,97.1796,113.1508,116.3048
Honduras,Food Processing,Emissions (CO2eq) from N2O (AR5),kilotonnes,0.265,0.2915,0.2915,0.318,0.318,1.7225,1.696,1.908,1.802,1.6695,1.2985,1.378,1.5635,1.4045,1.3515,1.5105,1.537,1.59,1.5105,1.5105,1.5471
Honduras,Food Processing,Emissions (CO2eq) (AR5),kilotonnes,45.418,51.9121,53.5556,59.0537,63.3778,357.3336,312.5902,386.7504,361.5966,318.9485,295.6712,316.238,359.428,332.4459,323.6099,380.4237,374.6948,386.5857,368.8641,382.8903,345.456
Honduras,Food Packaging,Emissions (CH4),kilotonnes,0.0849,0.0763,0.0753,0.0828,0.0733,0.0692,0.0659,0.0838,0.0876,0.0918,0.2806,0.3487,0.3983,0.3916,0.0553,0.0612,0.0671,0.0728,0.0713,0.1805,0.1855
Honduras,Food Packaging,Emissions (N2O),kilotonnes,0.0002,0.0002,0.0003,0.0003,0.0003,0.0003,0.0003,0.0005,0.0004,0.0003,0.0007,0.0007,0.0008,0.0008,0.0002,0.0002,0.0002,0.0002,0.0002,0.0004,0.0004
Honduras,Food Packaging,Emissions (CO2),kilotonnes,10.6685,11.2476,10.8156,11.8385,12.5008,12.076,10.8565,22.3035,18.2392,11.8312,24.2073,24.6123,26.2288,29.1748,10.6944,11.2526,11.3435,11.7776,12.1802,18.7756,15.9319
Honduras,Food Packaging,Emissions (CO2eq) from CH4 (AR5),kilotonnes,2.3772,2.1364,2.1084,2.3184,2.0524,1.9376,1.8452,2.3464,2.4528,2.5704,7.8568,9.7636,11.1524,10.9648,1.5484,1.7136,1.8788,2.0384,1.9964,5.054,5.1949
Honduras,Food Packaging,Emissions (CO2eq) from N2O (AR5),kilotonnes,0.053,0.053,0.0795,0.0795,0.0795,0.0795,0.0795,0.1325,0.106,0.0795,0.1855,0.1855,0.212,0.212,0.053,0.053,0.053,0.053,0.053,0.106,0.1086
Honduras,Food Packaging,Emissions (CO2eq) (AR5),kilotonnes,13.0987,13.437,13.0035,14.2364,14.6327,14.0931,12.7812,24.7824,20.798,14.4811,32.2496,34.5614,37.5932,40.3516,12.2958,13.0192,13.2753,13.869,14.2296,23.9356,21.2354
Honduras,Food Retail,Emissions (CH4),kilotonnes,0.2203,0.2265,0.2413,0.2711,0.2896,0.2881,0.3168,0.3493,0.3702,0.3705,0.3723,0.3793,0.3874,0.4025,0.4061,0.4288,0.4507,0.5222,0.5148,0.5479,0.5632
Honduras,Food Retail,Emissions (N2O),kilotonnes,0.0013,0.0015,0.0018,0.0022,0.0019,0.0016,0.0018,0.0019,0.002,0.002,0.002,0.0021,0.0021,0.0022,0.0022,0.0023,0.0025,0.0033,0.003,0.003,0.0031
Honduras,Food Retail,Emissions (CO2),kilotonnes,63.1571,97.9165,129.4265,165.018,124.7963,91.1957,94.253,100.969,103.4007,100.0094,100.4177,102.5195,107.7374,114.5,96.6442,98.2887,129.8934,194.1099,189.1252,153.6666,130.3928
Honduras,Food Retail,Emissions (CO2eq) from CH4 (AR5),kilotonnes,6.1684,6.342,6.7564,7.5908,8.1088,8.0668,8.8704,9.7804,10.3656,10.374,10.4244,10.6204,10.8472,11.27,11.3708,12.0064,12.6196,14.6216,14.4144,15.3412,15.7688
Honduras,Food Retail,Emissions (CO2eq) from N2O (AR5),kilotonnes,0.3445,0.3975,0.477,0.583,0.5035,0.424,0.477,0.5035,0.53,0.53,0.53,0.5565,0.5565,0.583,0.583,0.6095,0.6625,0.8745,0.795,0.795,0.8143
Honduras,Food Retail,Emissions (CO2eq) (AR5),kilotonnes,69.67,104.656,136.6599,173.1918,133.4086,99.6865,103.6004,111.2529,114.2963,110.9134,111.3721,113.6964,119.1411,126.353,108.598,110.9046,143.1755,209.606,204.3346,169.8028,146.9759
Honduras,Food Household Consumption,Emissions (CH4),kilotonnes,0.7723,0.8246,0.864,0.8879,0.9545,0.9663,1.0401,1.1877,1.2261,1.2362,1.2511,1.2488,1.2414,1.2749,1.2717,1.3069,1.3537,1.4202,1.4227,1.4227,1.4624
Honduras,Food Household Consumption,Emissions (N2O),kilotonnes,0.0046,0.0048,0.005,0.0051,0.0054,0.0055,0.0059,0.0067,0.0069,0.007,0.0071,0.0071,0.007,0.007,0.0072,0.0073,0.0075,0.0078,0.0079,0.0079,0.0081
Honduras,Food Household Consumption,Emissions (CO2),kilotonnes,278.7167,249.513,262.7949,263.8956,270.5796,280.1385,296.9446,340.6426,355.086,358.958,362.3453,363.1678,359.7903,356.9724,476.5058,421.8693,390.5162,390.142,435.4648,435.4648,369.5109
Honduras,Food Household Consumption,Emissions (CO2eq) from CH4 (AR5),kilotonnes,21.6244,23.0888,24.192,24.8612,26.726,27.0564,29.1228,33.2556,34.3308,34.6136,35.0308,34.9664,34.7592,35.6972,35.6076,36.5932,37.9036,39.7656,39.8356,39.8356,40.946
Honduras,Food Household Consumption,Emissions (CO2eq) from N2O (AR5),kilotonnes,1.219,1.272,1.325,1.3515,1.431,1.4575,1.5635,1.7755,1.8285,1.855,1.8815,1.8815,1.855,1.855,1.908,1.9345,1.9875,2.067,2.0935,2.0935,2.1442
Honduras,Food Household Consumption,Emissions (CO2eq) (AR5),kilotonnes,301.5601,273.8738,288.3119,290.1083,298.7366,308.6524,327.6309,375.6737,391.2453,395.4266,399.2576,400.0157,396.4045,394.5246,514.0214,460.397,430.4073,431.9746,477.3939,477.3939,412.6011
Honduras,Food Transport,Emissions (CH4),kilotonnes,0.0373,0.0395,0.0397,0.0395,0.0409,0.0393,0.0407,0.0523,0.0503,0.0565,0.0565,0.0594,0.0624,0.0617,0.0646,0.0735,0.0745,0.0805,0.0879,0.079,0.0812
Honduras,Food Transport,Emissions (N2O),kilotonnes,0.0046,0.0049,0.0049,0.005,0.0051,0.0049,0.0049,0.0068,0.0064,0.0068,0.0068,0.007,0.0074,0.0074,0.0077,0.0087,0.0091,0.0097,0.0106,0.0095,0.0097
Honduras,Food Transport,Emissions (CO2),kilotonnes,232.1,247.5,248.6,253,256.3,247.6595,246.5595,352.1595,326.9075,338.9755,337.8915,346.6755,366.4435,365.3275,380.7755,430.2915,456.6435,483.041,528.154,472.7195,401.1231
Honduras,Food Transport,Emissions (CO2eq) from CH4 (AR5),kilotonnes,1.0444,1.106,1.1116,1.106,1.1452,1.1004,1.1396,1.4644,1.4084,1.582,1.582,1.6632,1.7472,1.7276,1.8088,2.058,2.086,2.254,2.4612,2.212,2.2737
Honduras,Food Transport,Emissions (CO2eq) from N2O (AR5),kilotonnes,1.219,1.2985,1.2985,1.325,1.3515,1.2985,1.2985,1.802,1.696,1.802,1.802,1.855,1.961,1.961,2.0405,2.3055,2.4115,2.5705,2.809,2.5175,2.5785
Honduras,Food Transport,Emissions (CO2eq) (AR5),kilotonnes,234.3634,249.9045,251.0101,255.431,258.7967,250.0584,248.9976,355.4259,330.0119,342.3595,341.2755,350.1937,370.1517,369.0161,384.6248,434.655,461.141,487.8655,533.4242,477.449,405.9753
Honduras,Energy,Emissions (CH4),kilotonnes,16.9,16.5,16.8,17.4,17.9,18.6,19.2,19.9,20.6,20.8,21.1,23.2,24,24.2,24.6,27.2,26.2,26.8,26.8,28.7,29.5
Honduras,Energy,Emissions (N2O),kilotonnes,0.302,0.313,0.333,0.356,0.38,0.405,0.42,0.469,0.459,0.459,0.46,0.499,0.537,0.523,0.516,0.577,0.581,0.591,0.591,0.619,0.634
Honduras,Energy,Emissions (CO2),kilotonnes,4430,5100,5400,6140,6680,7020,6190,7890,7810,7370,7340,8010,8320,8590,8690,9430,8900,9250,9330,10300,8740
Honduras,Energy,Emissions (CO2eq) from CH4 (AR5),kilotonnes,473.2,462,470.4,487.2,501.2,520.8,537.6,557.2,576.8,582.4,590.8,649.6,672,677.6,688.8,761.6,733.6,750.4,750.4,803.6,826
Honduras,Energy,Emissions (CO2eq) from N2O (AR5),kilotonnes,80.03,82.945,88.245,94.34,100.7,107.325,111.3,124.285,121.635,121.635,121.9,132.235,142.305,138.595,136.74,152.905,153.965,156.615,156.615,164.035,168.01
Honduras,Energy,Emissions (CO2eq) (AR5),kilotonnes,4983.23,5644.945,5958.645,6721.54,7281.9,7648.125,6838.9,8571.485,8508.435,8074.035,8052.7,8791.835,9134.305,9406.195,9515.54,10344.505,9787.565,10157.015,10237.015,11267.635,9734.01
Honduras,IPPU,Emissions (CH4),kilotonnes,0.0001,0,0,0,0,0,0,0,0,0,0,0,0,0,0,0,0,0,0,0,0
Honduras,IPPU,Emissions (N2O),kilotonnes,0.0001,0.0001,0.0001,0.0001,0.0001,0.0001,0.0001,0.0001,0.0001,0.0001,0.0001,0.0001,0.0001,0.0001,0.0001,0.0001,0.0001,0.0001,0.0001,0.0001,0.0001
Honduras,IPPU,Emissions (CO2),kilotonnes,560,578,532,574,624,625,708,732,716,699,663,724,820,741,710,776,837,967,894,821,817
Honduras,IPPU,Emissions (CO2eq) from CH4 (AR5),kilotonnes,0.0019,0.0013,0.0007,0.0003,0.0001,0,0,0,0,0,0,0,0,0,0,0,0,0,0,0,0
Honduras,IPPU,Emissions (CO2eq) from N2O (AR5),kilotonnes,0.019,0.0195,0.02,0.0205,0.021,0.0215,0.022,0.0225,0.0229,0.0234,0.0239,0.0244,0.0248,0.0252,0.0257,0.0261,0.0265,0.027,0.0276,0.0281,0.0284
Honduras,IPPU,Emissions (CO2eq) (AR5),kilotonnes,560.0209,578.0208,532.0207,574.0208,624.0211,625.0215,708.022,732.0225,716.0229,699.0234,663.0239,724.0244,820.0248,741.0252,710.0257,776.0261,837.0265,967.027,894.0276,821.0281,817.0284
Honduras,Waste,Emissions (CH4),kilotonnes,74,76.7,79.4,83,86.4,90,93.3,97.2,100,103,106,110,113,117,121,125,128,132,136,138,142
Honduras,Waste,Emissions (N2O),kilotonnes,0.275,0.282,0.29,0.305,0.316,0.33,0.34,0.352,0.366,0.374,0.376,0.378,0.385,0.394,0.398,0.403,0.413,0.424,0.435,0.439,0.447
Honduras,Waste,Emissions (CO2),kilotonnes,34.9,36.2,37.7,39.1,40.7,42.2,43.7,45.3,46.9,48.5,50.1,51.7,53.3,54.9,56.5,58.2,59.9,61.6,63.3,64.7,66.3
Honduras,Waste,Emissions (CO2eq) from CH4 (AR5),kilotonnes,2072,2147.6,2223.2,2324,2419.2,2520,2612.4,2721.6,2800,2884,2968,3080,3164,3276,3388,3500,3584,3696,3808,3864,3976
Honduras,Waste,Emissions (CO2eq) from N2O (AR5),kilotonnes,72.875,74.73,76.85,80.825,83.74,87.45,90.1,93.28,96.99,99.11,99.64,100.17,102.025,104.41,105.47,106.795,109.445,112.36,115.275,116.335,118.455
Honduras,Waste,Emissions (CO2eq) (AR5),kilotonnes,2179.775,2258.53,2337.75,2443.925,2543.64,2649.65,2746.2,2860.18,2943.89,3031.61,3117.74,3231.87,3319.325,3435.31,3549.97,3664.995,3753.345,3869.96,3986.575,4045.035,4160.755
Honduras,Other,Emissions (N2O),kilotonnes,0.397,0.444,0.48,0.514,0.614,0.628,0.549,0.75,0.723,0.687,0.688,0.762,0.792,0.813,0.823,0.915,0.856,0.852,0.887,0.93,0.952
Honduras,Other,Emissions (CO2eq) from N2O (AR5),kilotonnes,105.205,117.66,127.2,136.21,162.71,166.42,145.485,198.75,191.595,182.055,182.32,201.93,209.88,215.445,218.095,242.475,226.84,225.78,235.055,246.45,252.28
Honduras,Other,Emissions (CO2eq) (AR5),kilotonnes,105.205,117.66,127.2,136.21,162.71,166.42,145.485,198.75,191.595,182.055,182.32,201.93,209.88,215.445,218.095,242.475,226.84,225.78,235.055,246.45,252.28
Honduras,Farm-gate emissions,Emissions (CH4),kilotonnes,114.891,119.5697,133.7122,159.7614,156.3196,164.6225,158.9713,160.5345,163.6311,171.6406,172.4209,174.1481,173.9677,177.1102,178.6878,177.0031,178.736,177.5049,180.947,181.0112,186.3782
Honduras,Farm-gate emissions,Direct emissions (N2O),kilotonnes,4.9336,4.6249,3.7725,4.3525,4.1775,4.5534,4.8976,4.9149,4.8188,4.893,5.0521,5.4953,5.4297,5.4677,5.4674,5.5181,5.8512,6.0904,6.3127,5.7347,5.7629
Honduras,Farm-gate emissions,Indirect emissions (N2O),kilotonnes,1.3972,1.2895,0.9994,1.1383,1.0761,1.1906,1.3067,1.3042,1.2685,1.2762,1.3282,1.4686,1.4429,1.4434,1.4431,1.4565,1.5635,1.6397,1.7101,1.5226,1.529
Honduras,Farm-gate emissions,Emissions (N2O),kilotonnes,6.6258,6.2213,5.1537,6.3879,5.5821,6.5788,6.7604,6.6631,6.5806,6.6928,6.8384,7.6816,7.2401,7.4815,7.5845,7.4143,7.9721,8.1573,8.7714,7.9787,8.4293
Honduras,Farm-gate emissions,Emissions (CO2),kilotonnes,163.0064,156.3997,164.5823,177.7002,181.8152,135.5375,152.0109,159.207,176.8023,175.1792,181.1443,182.2699,197.52,196.6148,199.1952,203.933,141.7213,75.516,273.9316,308.057,308.057
Honduras,Farm-gate emissions,Emissions (CO2eq) from CH4 (AR5),kilotonnes,3216.948,3347.9508,3743.9423,4473.3195,4376.9494,4609.43,4451.1951,4494.9663,4581.6713,4805.9362,4827.786,4876.1462,4871.0967,4959.0869,5003.2571,4956.0863,5004.6068,4970.1374,5066.516,5068.3134,5218.5892
Honduras,Farm-gate emissions,Emissions (CO2eq) from N2O (AR5),kilotonnes,1755.8306,1648.6469,1365.7347,1692.8053,1479.2512,1743.3711,1791.5108,1765.7153,1743.8514,1773.596,1812.1702,2035.6192,1918.6257,1982.6056,2009.8991,1964.7926,2112.6106,2161.6715,2324.4284,2114.3635,2233.7763
Honduras,Farm-gate emissions,Emissions (CO2eq) (AR5),kilotonnes,5135.785,5152.9974,5274.2593,6343.825,6038.0158,6488.3387,6394.7168,6419.8885,6502.3251,6754.7114,6821.1005,7094.0353,6987.2424,7138.3073,7212.3514,7124.812,7258.9387,7207.325,7664.8759,7490.734,7760.4225
Honduras,Land Use change,Emissions (CH4),kilotonnes,14.8321,0.4578,1.1471,21.9913,0.4312,17.0225,3.082,3.6967,3.4839,6.3555,4.5937,9.6876,0.857,6.3581,8.1706,4.2238,6.9915,1.8923,4.3886,3.9975,17.4859
Honduras,Land Use change,Emissions (N2O),kilotonnes,0.4362,0.0418,0.1047,2.0079,0.0394,1.5542,0.2814,0.3375,0.3181,0.5803,0.4194,0.8845,0.0782,0.5805,0.746,0.3857,0.6384,0.1728,0.4007,0.365,1.5965
Honduras,Land Use change,Emissions (CO2),kilotonnes,5534.1368,5356.8944,5356.8944,5356.8944,5356.8944,5356.8944,5356.8944,5356.8944,5356.8944,5356.8944,5356.8944,5897.8668,5897.8668,5897.8668,5897.8668,5897.8668,5524.3634,5524.3634,5524.3634,5524.3634,5524.3634
Honduras,Land Use change,Emissions (CO2eq) from CH4 (AR5),kilotonnes,415.2974,12.8178,32.1185,615.7572,12.0727,476.6287,86.2947,103.5089,97.5492,177.9543,128.6228,271.2526,23.9956,178.0275,228.7775,118.2677,195.7634,52.9844,122.882,111.9305,489.604
Honduras,Land Use change,Emissions (CO2eq) from N2O (AR5),kilotonnes,115.6028,11.0763,27.7546,532.0945,10.4324,411.8693,74.5698,89.4452,84.2952,153.7757,111.1469,234.3976,20.7353,153.839,197.6936,102.1987,169.1651,45.7854,106.1861,96.7226,423.0817
Honduras,Land Use change,Emissions (CO2eq) (AR5),kilotonnes,6065.037,5380.7885,5416.7675,6504.7461,5379.3995,6245.3924,5517.7589,5549.8485,5538.7388,5688.6244,5596.664,6403.517,5942.5976,6229.7332,6324.3379,6118.3331,5889.2919,5623.1332,5753.4314,5733.0165,6437.0491
Honduras,Emissions on agricultural land,Emissions (CH4),kilotonnes,129.7231,120.0274,134.8593,181.7527,156.7508,181.645,162.0532,164.2313,167.115,177.9961,177.0146,183.8357,174.8247,183.4684,186.8584,181.2269,185.7275,179.3972,185.3356,185.0087,203.864
Honduras,Emissions on agricultural land,Emissions (N2O),kilotonnes,7.062,6.2631,5.2584,8.3958,5.6214,8.133,7.0418,7.0006,6.8987,7.2731,7.2578,8.5661,7.3183,8.0621,8.3305,7.8,8.6105,8.33,9.1721,8.3437,10.0259
Honduras,Emissions on agricultural land,Emissions (CO2),kilotonnes,5697.1432,5513.2941,5521.4767,5534.5946,5538.7096,5492.4319,5508.9053,5516.1014,5533.6967,5532.0736,5538.0387,6080.1367,6095.3868,6094.4816,6097.062,6101.7998,5666.0847,5599.8794,5798.295,5832.4204,5832.4204
Honduras,Emissions on agricultural land,Emissions (CO2eq) from CH4 (AR5),kilotonnes,3632.2454,3360.7686,3776.0608,5089.0766,4389.0221,5086.0586,4537.4898,4598.4752,4679.2205,4983.8905,4956.4088,5147.3988,4895.0923,5137.1144,5232.0346,5074.354,5200.3702,5023.1218,5189.3979,5180.2439,5708.1932
Honduras,Emissions on agricultural land,Emissions (CO2eq) from N2O (AR5),kilotonnes,1871.4334,1659.7232,1393.4892,2224.8998,1489.6836,2155.2405,1866.0806,1855.1605,1828.1466,1927.3717,1923.317,2270.0168,1939.361,2136.4445,2207.5928,2066.9913,2281.7757,2207.457,2430.6144,2211.0861,2656.858
Honduras,Emissions on agricultural land,Emissions (CO2eq) (AR5),kilotonnes,11200.822,10533.7859,10691.0268,12848.571,11417.4153,12733.7311,11912.4757,11969.737,12041.0639,12443.3358,12417.7645,13497.5523,12929.84,13368.0405,13536.6893,13243.1451,13148.2306,12830.4582,13418.3073,13223.7504,14197.4716
Honduras,Pre- and post- production,Emissions (CH4),kilotonnes,65.8556,66.3508,66.8872,67.3167,68.056,70.6199,71.2166,72.3868,73.196,73.8876,73.7399,74.7768,75.8742,76.3633,76.332,76.6484,77.4226,78.1769,78.3649,79.2611,79.5413
Honduras,Pre- and post- production,Emissions (N2O),kilotonnes,0.1443,0.1506,0.1583,0.1688,0.1761,0.1929,0.1978,0.2112,0.2201,0.215,0.218,0.2264,0.232,0.2379,0.2321,0.2436,0.2542,0.2564,0.2603,0.2623,0.2655
Honduras,Pre- and post- production,Emissions (CO2),kilotonnes,723.8096,756.6798,811.9576,864.3739,847.6574,1054.3136,1037.6029,1282.6592,1247.4173,1201.8246,1219.9327,1251.5401,1308.1348,1294.0157,1384.4017,1440.7685,1446.4967,1559.1572,1637.6456,1557.513,1353.2188
Honduras,Pre- and post- production,Emissions (CO2eq) from CH4 (AR5),kilotonnes,1843.9581,1857.8221,1872.842,1884.8677,1905.567,1977.3568,1994.0645,2026.8291,2049.4885,2068.852,2064.7162,2093.7499,2124.4773,2138.1722,2137.2946,2146.1539,2167.8334,2188.9522,2194.2175,2219.312,2227.1558
Honduras,Pre- and post- production,Emissions (CO2eq) from N2O (AR5),kilotonnes,38.2464,39.9044,41.9465,44.7346,46.6628,51.111,52.4112,55.9782,58.3161,56.979,57.7785,59.9993,61.4757,63.032,61.5115,64.5616,67.3508,67.9563,68.9913,69.502,70.3678
Honduras,Pre- and post- production,Emissions (CO2eq) (AR5),kilotonnes,2606.0141,2654.4063,2726.7461,2793.9762,2799.8871,3082.7814,3084.0787,3365.4665,3355.2219,3327.6555,3342.4275,3405.2893,3494.0879,3495.22,3583.2078,3651.484,3681.6809,3816.0657,3900.8544,3846.3269,3650.7424
Honduras,Agri-food systems,Emissions (CH4),kilotonnes,195.5787,186.3782,201.7465,249.0694,224.8068,252.2648,233.2698,236.618,240.311,251.8837,250.7545,258.6125,250.6989,259.8317,263.1903,257.8753,263.1501,257.5741,263.7006,264.2699,283.4053
Honduras,Agri-food systems,Emissions (N2O),kilotonnes,7.2063,6.4137,5.4167,8.5647,5.7975,8.3259,7.2396,7.2118,7.1187,7.4881,7.4758,8.7925,7.5503,8.2999,8.5627,8.0436,8.8646,8.5865,9.4325,8.606,10.2914
Honduras,Agri-food systems,Emissions (CO2),kilotonnes,6420.9528,6269.974,6333.4343,6398.9685,6386.367,6546.7456,6546.5083,6798.7605,6781.114,6733.8982,6757.9714,7331.6768,7403.5216,7388.4973,7481.4637,7542.5682,7112.5814,7159.0366,7435.9405,7389.9334,7185.6392
Honduras,Agri-food systems,Emissions (CO2eq) from CH4 (AR5),kilotonnes,5476.2035,5218.5907,5648.9028,6973.9443,6294.5891,7063.4154,6531.5543,6625.3043,6728.709,7052.7425,7021.125,7241.1487,7019.5696,7275.2866,7369.3292,7220.508,7368.2036,7212.074,7383.6154,7399.5559,7935.3489
Honduras,Agri-food systems,Emissions (CO2eq) from N2O (AR5),kilotonnes,1909.6798,1699.6275,1435.4357,2269.6344,1536.3464,2206.3514,1918.4918,1911.1386,1886.4628,1984.3507,1981.0955,2330.0161,2000.8367,2199.4766,2269.1042,2131.5529,2349.1265,2275.4133,2499.6057,2280.588,2727.2258
Honduras,Agri-food systems,Emissions (CO2eq) (AR5),kilotonnes,13806.8361,13188.1922,13417.7729,15642.5472,14217.3024,15816.5125,14996.5544,15335.2035,15396.2858,15770.9913,15760.192,16902.8416,16423.9279,16863.2605,17119.8972,16894.6291,16829.9115,16646.5239,17319.1617,17070.0774,17848.214
Honduras,IPCC Agriculture,Emissions (CH4),kilotonnes,114.5741,119.2933,133.4227,159.4496,156.0267,164.4803,158.7983,160.3531,163.4062,171.4254,172.2,173.9419,173.7299,176.8868,178.4617,176.7769,178.5854,177.4305,180.8577,180.9264,186.2934
Honduras,IPCC Agriculture,Emissions (CH4),kilotonnes,103.061,,,,,,,,,,,,,,,,,,,,
Honduras,IPCC Agriculture,Direct emissions (N2O),kilotonnes,4.9336,4.6249,3.7725,4.3525,4.1775,4.5534,4.8976,4.9149,4.8188,4.893,5.0521,5.4953,5.4297,5.4677,5.4674,5.5181,5.8512,6.0904,6.3127,5.7347,5.7629
Honduras,IPCC Agriculture,Indirect emissions (N2O),kilotonnes,1.3972,1.2895,0.9994,1.1383,1.0761,1.1906,1.3067,1.3042,1.2685,1.2762,1.3282,1.4686,1.4429,1.4434,1.4431,1.4565,1.5635,1.6397,1.7101,1.5226,1.529
Honduras,IPCC Agriculture,Emissions (N2O),kilotonnes,6.6185,6.2135,5.145,6.3783,5.5717,6.5683,6.749,6.6508,6.5673,6.6788,6.8236,7.666,7.2236,7.4643,7.5665,7.3955,7.9545,8.1408,8.6799,7.8719,8.3225
Honduras,IPCC Agriculture,Emissions (N2O),kilotonnes,7.31,,,,,,,,,,,,,,,,,,,,
Honduras,IPCC Agriculture,Emissions (CO2eq) from CH4 (AR5),kilotonnes,3208.0748,3340.2136,3735.835,4464.5883,4368.7471,4605.4481,4446.3531,4489.8856,4575.3725,4799.9102,4821.6004,4870.3733,4864.4364,4952.8293,4996.9282,4949.7541,5000.3914,4968.0528,5064.0154,5065.9401,5216.2159
Honduras,IPCC Agriculture,Emissions (CO2eq) from CH4 (AR5),kilotonnes,2885.708,,,,,,,,,,,,,,,,,,,,
Honduras,IPCC Agriculture,Emissions (CO2eq) from N2O (AR5),kilotonnes,1753.915,1646.569,1363.4272,1690.2523,1476.4991,1740.6124,1788.4935,1762.4735,1740.3402,1769.8899,1808.2437,2031.4967,1914.2472,1978.0355,2005.1183,1959.7989,2107.9305,2157.3126,2300.1637,2086.0565,2205.4693
Honduras,IPCC Agriculture,Emissions (CO2eq) from N2O (AR5),kilotonnes,1937.15,,,,,,,,,,,,,,,,,,,,
Honduras,IPCC Agriculture,Emissions (CO2eq) (AR5),kilotonnes,4961.9898,4986.7826,5099.2622,6154.8405,5845.2462,6346.0605,6234.8466,6252.3592,6315.7127,6569.8001,6629.844,6901.87,6778.6836,6930.8649,7002.0464,6909.553,7108.3219,7125.3654,7364.1791,7151.9967,7421.6852
Honduras,IPCC Agriculture,Emissions (CO2eq) (AR5),kilotonnes,4822.858,,,,,,,,,,,,,,,,,,,,
Honduras,Agricultural Soils,Direct emissions (N2O),kilotonnes,4.9336,4.6249,3.7725,4.3525,4.1775,4.5534,4.8976,4.9149,4.8188,4.893,5.0521,5.4953,5.4297,5.4677,5.4674,5.5181,5.8512,6.0904,6.3127,5.7347,5.7629
Honduras,Agricultural Soils,Indirect emissions (N2O),kilotonnes,1.3972,1.2895,0.9994,1.1383,1.0761,1.1906,1.3067,1.3042,1.2685,1.2762,1.3282,1.4686,1.4429,1.4434,1.4431,1.4565,1.5635,1.6397,1.7101,1.5226,1.529
Honduras,Agricultural Soils,Emissions (N2O),kilotonnes,6.3308,5.9144,4.7718,5.4908,5.2536,5.744,6.2044,6.2191,6.0873,6.1692,6.3803,6.9639,6.8726,6.911,6.9105,6.9746,7.4147,7.7301,8.0228,7.2573,7.2919
Honduras,Agricultural Soils,Emissions (N2O),kilotonnes,4,,,,,,,,,,,,,,,,,,,,
Honduras,Agricultural Soils,Emissions (CO2eq) from N2O (AR5),kilotonnes,1677.6681,1567.3069,1264.5387,1455.0748,1392.2106,1522.1489,1644.159,1648.0719,1613.13,1634.8413,1690.7681,1845.4383,1821.2272,1831.4266,1831.2709,1848.2704,1964.8981,2048.4682,2126.0344,1923.1746,1932.3579
Honduras,Agricultural Soils,Emissions (CO2eq) from N2O (AR5),kilotonnes,1060,,,,,,,,,,,,,,,,,,,,
Honduras,Agricultural Soils,Emissions (CO2eq) (AR5),kilotonnes,1677.6681,1567.3069,1264.5387,1455.0748,1392.2106,1522.1489,1644.159,1648.0719,1613.13,1634.8413,1690.7681,1845.4383,1821.2272,1831.4266,1831.2709,1848.2704,1964.8981,2048.4682,2126.0344,1923.1746,1932.3579
Honduras,Agricultural Soils,Emissions (CO2eq) (AR5),kilotonnes,1060,,,,,,,,,,,,,,,,,,,,
Honduras,LULUCF,Emissions (CH4),kilotonnes,20.9419,0.6289,1.5487,25.4848,0.4411,17.9696,3.5332,4.0959,4.188,7.3646,4.9854,11.5174,0.976,6.9457,9.0781,5.2181,8.0924,2.4402,5.0184,4.6397,19.1619
Honduras,LULUCF,Emissions (CH4),kilotonnes,58.56,,,,,,,,,,,,,,,,,,,,
Honduras,LULUCF,Emissions (N2O),kilotonnes,0.6159,0.0574,0.1414,2.3269,0.0403,1.6407,0.3226,0.374,0.3824,0.6724,0.4552,1.0516,0.0891,0.6342,0.8289,0.4764,0.7389,0.2228,0.4582,0.4236,1.7496
Honduras,LULUCF,Emissions (N2O),kilotonnes,0.4,,,,,,,,,,,,,,,,,,,,
Honduras,LULUCF,Emissions (CO2),kilotonnes,5534.1368,5356.8944,5356.8944,5356.8944,5356.8944,5356.8944,5356.8944,5356.8944,5356.8944,5356.8944,5356.8944,5897.8668,5897.8668,5897.8668,5897.8668,5897.8668,5524.3634,5524.3634,5524.3634,5524.3634,5524.3634
Honduras,LULUCF,Emissions (CO2),kilotonnes,2826.86,,,,,-9611.76,,,,,,,,,,-7395.9,,,,,
Honduras,LULUCF,Emissions (CO2eq) from CH4 (AR5),kilotonnes,586.3718,17.608,43.3646,713.5739,12.3504,503.148,98.9291,114.6862,117.2648,206.2088,139.5916,322.4872,27.3277,194.4801,254.1857,146.1064,226.5864,68.3268,140.5149,129.9113,536.5337
Honduras,LULUCF,Emissions (CO2eq) from N2O (AR5),kilotonnes,163.2233,15.2157,37.4727,616.621,10.6724,434.7855,85.4876,99.1038,101.3321,178.1913,120.6253,278.671,23.6147,168.0561,219.6496,126.255,195.8002,59.0433,121.4232,112.2603,463.6351
Honduras,LULUCF,Emissions (CO2eq) (AR5),kilotonnes,6283.7319,5389.7181,5437.7317,6687.0893,5379.9172,6294.8279,5541.3111,5570.6844,5575.4914,5741.2944,5617.1113,6499.025,5948.8092,6260.403,6371.7021,6170.2281,5946.75,5651.7334,5786.3014,5766.5349,6524.5322
Honduras,LULUCF,Emissions (CO2eq) (AR5),kilotonnes,2826.86,,,,,-9611.76,,,,,,,,,,-7395.9,,,,,
Honduras,AFOLU,Emissions (CH4),kilotonnes,135.516,119.9222,134.9714,184.9344,156.4678,182.4499,162.3315,164.449,167.5942,178.79,177.1854,185.4593,174.7059,183.8325,187.5398,181.995,186.6778,179.8707,185.8761,185.5661,205.4553
Honduras,AFOLU,Emissions (N2O),kilotonnes,7.2345,6.2709,5.2864,8.7052,5.612,8.209,7.0716,7.0248,6.9497,7.3512,7.2788,8.7176,7.3127,8.0985,8.3954,7.8719,8.6933,8.3636,9.1381,8.2955,10.0721
Honduras,AFOLU,Emissions (CO2),kilotonnes,5534.1368,5356.8944,5356.8944,5356.8944,5356.8944,5356.8944,5356.8944,5356.8944,5356.8944,5356.8944,5356.8944,5897.8668,5897.8668,5897.8668,5897.8668,5897.8668,5524.3634,5524.3634,5524.3634,5524.3634,5524.3634
Honduras,AFOLU,Emissions (CO2eq) from CH4 (AR5),kilotonnes,3794.4467,3357.8216,3779.1996,5178.1622,4381.0975,5108.5961,4545.2821,4604.5718,4692.6374,5006.1189,4961.1919,5192.8605,4891.7641,5147.3094,5251.1139,5095.8604,5226.9778,5036.3796,5204.5303,5195.8514,5752.7496
Honduras,AFOLU,Emissions (CO2eq) from N2O (AR5),kilotonnes,1917.1383,1661.7846,1400.8999,2306.8732,1487.1715,2175.3979,1873.9811,1861.5774,1841.6723,1948.0812,1928.869,2310.1677,1937.8619,2146.0917,2224.7679,2086.0539,2303.7307,2216.3558,2421.5869,2198.3168,2669.1044
Honduras,AFOLU,Emissions (CO2eq) (AR5),kilotonnes,11245.7218,10376.5007,10536.9939,12841.9298,11225.1634,12640.8884,11776.1577,11823.0436,11891.2041,12311.0945,12246.9554,13400.895,12727.4928,13191.2678,13373.7486,13079.7811,13055.0719,12777.0988,13150.4805,12918.5316,13946.2173
Honduras,All sectors with LULUCF,Emissions (CH4),kilotonnes,226.416,213.1222,231.1714,285.3344,260.7678,291.0499,274.8315,281.549,288.1942,302.59,304.2854,318.6593,311.7059,325.0325,333.1398,334.195,340.8778,338.6707,348.6761,352.2661,376.9553
Honduras,All sectors with LULUCF,Emissions (N2O),kilotonnes,8.2086,7.31,6.3895,9.8803,6.922,9.5721,8.3807,8.5959,8.4978,8.8713,8.8028,10.3567,9.0268,9.8286,10.1324,9.767,10.5434,10.2307,11.0512,10.2836,12.1052
Honduras,All sectors with LULUCF,Emissions (CO2),kilotonnes,10559.0368,11071.0944,11326.5944,12109.9944,12701.5944,13044.0944,12298.5944,14024.1944,13929.7944,13474.3944,13409.9944,14683.5668,15091.1668,15283.7668,15354.3668,16162.0668,15321.2634,15802.9634,15811.6634,16710.0634,15147.6634
Honduras,All sectors with LULUCF,Emissions (CO2eq) from CH4 (AR5),kilotonnes,6339.6485,5967.4229,6472.8003,7989.3625,7301.4976,8149.3961,7695.2821,7883.3718,8069.4374,8472.5189,8519.9919,8922.4605,8727.7641,9100.9094,9327.9139,9357.4604,9544.5778,9482.7796,9762.9303,9863.4514,10554.7496
Honduras,All sectors with LULUCF,Emissions (CO2eq) from N2O (AR5),kilotonnes,2175.2674,1937.1391,1693.2149,2618.2687,1834.3425,2536.6144,2220.8881,2277.9148,2251.9152,2350.9046,2332.7529,2744.5271,2392.0967,2604.5669,2685.0986,2588.255,2794.0072,2711.1379,2928.5594,2725.1649,3207.8777
Honduras,All sectors with LULUCF,Emissions (CO2eq) (AR5),kilotonnes,19073.9527,18975.6564,19492.6096,22717.6257,21837.4345,23730.1049,22214.7647,24185.481,24251.147,24297.8179,24262.7392,26350.5543,26211.0276,26989.2431,27367.3792,28107.7822,27659.8484,27996.8808,28503.1531,29298.6797,28910.2907
Honduras,All sectors without LULUCF,Emissions (CH4),kilotonnes,205.4742,212.4934,229.6227,259.8496,260.3267,273.0803,271.2983,277.4531,284.0062,295.2254,299.3,307.1419,310.7299,318.0868,324.0617,328.9769,332.7854,336.2305,343.6577,347.6264,357.7934
Honduras,All sectors without LULUCF,Emissions (N2O),kilotonnes,7.5926,7.2525,6.2481,7.5534,6.8818,7.9314,8.0581,8.2219,8.1154,8.1989,8.3477,9.3051,8.9377,9.1944,9.3036,9.2906,9.8046,10.0079,10.593,9.86,10.3556
Honduras,All sectors without LULUCF,Emissions (CO2),kilotonnes,5024.9,5714.2,5969.7,6753.1,7344.7,7687.2,6941.7,8667.3,8572.9,8117.5,8053.1,8785.7,9193.3,9385.9,9456.5,10264.2,9796.9,10278.6,10287.3,11185.7,9623.3
Honduras,All sectors without LULUCF,Emissions (CO2eq) from CH4 (AR5),kilotonnes,5753.2767,5949.8148,6429.4357,7275.7886,7289.1472,7646.2481,7596.3531,7768.6856,7952.1725,8266.3102,8380.4004,8599.9733,8700.4364,8906.4293,9073.7282,9211.3541,9317.9914,9414.4528,9622.4154,9733.5401,10018.2159
Honduras,All sectors without LULUCF,Emissions (CO2eq) from N2O (AR5),kilotonnes,2012.044,1921.9235,1655.7422,2001.6478,1823.6701,2101.8289,2135.4005,2178.811,2150.5831,2172.7133,2212.1276,2465.8561,2368.482,2436.5108,2465.4489,2462,2598.207,2652.0946,2807.1362,2612.9046,2744.2427
Honduras,All sectors without LULUCF,Emissions (CO2eq) (AR5),kilotonnes,12790.2208,13585.9383,14054.8779,16030.5364,16457.5173,17435.277,16673.4536,18614.7966,18675.6556,18556.5235,18645.6279,19851.5294,20262.2184,20728.8401,20995.6771,21937.5541,21713.0984,22345.1474,22716.8517,23532.1447,22385.7586
Hungary,Crop Residues,Direct emissions (N2O),kilotonnes,1.6631,2.3719,1.8754,1.4539,2.6,2.4609,2.2116,1.6175,2.5913,2.1206,1.8964,2.1018,1.7093,2.152,2.5304,2.2505,2.5645,2.2281,2.3143,2.427,2.4018
Hungary,Crop Residues,Direct emissions (N2O),kilotonnes,1.799,2.5979,2.1354,1.7499,2.9995,2.8663,2.6349,1.9771,3.0729,2.5426,2.2348,2.564,2.1123,2.6062,3.0641,2.723,3.2045,2.8918,2.9358,2.9933,2.966
Hungary,Crop Residues,Indirect emissions (N2O),kilotonnes,0.3742,0.5337,0.422,0.3271,0.585,0.5537,0.4976,0.3639,0.583,0.4771,0.4267,0.4729,0.3846,0.4842,0.5693,0.5064,0.577,0.5013,0.5207,0.5461,0.5404
Hungary,Crop Residues,Emissions (N2O),kilotonnes,2.0373,2.9056,2.2973,1.781,3.1851,3.0145,2.7092,1.9814,3.1744,2.5977,2.3231,2.5747,2.0939,2.6362,3.0997,2.7569,3.1415,2.7294,2.835,2.973,2.9422
Hungary,Crop Residues,Emissions (N2O),kilotonnes,1.799,2.5979,2.1354,1.7499,2.9995,2.8663,2.6349,1.9771,3.0729,2.5426,2.2348,2.564,2.1123,2.6062,3.0641,2.723,3.2045,2.8918,2.9358,2.9933,2.966
Hungary,Crop Residues,Emissions (CO2eq) from N2O (AR5),kilotonnes,539.8856,769.9785,608.7948,471.9636,844.039,798.8551,717.934,525.0752,841.21,688.3993,615.6269,682.2927,554.8953,698.5966,821.415,730.5653,832.5012,723.292,751.272,787.8488,779.6742
Hungary,Crop Residues,Emissions (CO2eq) from N2O (AR5),kilotonnes,476.7266,688.4478,565.8739,463.7189,794.8776,759.5737,698.254,523.9363,814.3255,673.7933,592.2184,679.472,559.7608,690.6405,811.99,721.6066,849.1952,766.3138,777.996,793.217,785.9937
Hungary,Crop Residues,Emissions (CO2eq) (AR5),kilotonnes,539.8856,769.9785,608.7948,471.9636,844.039,798.8551,717.934,525.0752,841.21,688.3993,615.6269,682.2927,554.8953,698.5966,821.415,730.5653,832.5012,723.292,751.272,787.8488,779.6742
Hungary,Crop Residues,Emissions (CO2eq) (AR5),kilotonnes,476.7266,688.4478,565.8739,463.7189,794.8776,759.5737,698.254,523.9363,814.3255,673.7933,592.2184,679.472,559.7608,690.6405,811.99,721.6066,849.1952,766.3138,777.996,793.217,785.9937
Hungary,Rice Cultivation,Emissions (CH4),kilotonnes,0.9022,0.6549,0.5888,0.7168,0.7879,0.7462,0.6754,0.7328,0.7095,0.7594,0.56,0.784,0.8288,0.7392,0.672,0.7848,0.8142,0.7742,0.8204,0.742,0.8372
Hungary,Rice Cultivation,Emissions (CH4),kilotonnes,0.87,0.6315,0.5678,0.6912,0.7598,0.7196,0.6513,0.7066,0.6842,0.7323,0.54,0.7317,0.7989,0.7131,0.6491,0.7568,0.796,0.7466,0.7917,0.715,0.8065
Hungary,Rice Cultivation,Emissions (CO2eq) from CH4 (AR5),kilotonnes,25.2605,18.3378,16.4875,20.0704,22.0618,20.8936,18.9101,20.5173,19.8666,21.2621,15.68,21.952,23.2064,20.6976,18.816,21.9755,22.7987,21.6776,22.9712,20.776,23.4416
Hungary,Rice Cultivation,Emissions (CO2eq) from CH4 (AR5),kilotonnes,24.3589,17.6832,15.899,19.354,21.2743,20.1479,18.2351,19.785,19.1575,20.5032,15.1203,20.4881,22.3705,19.9664,18.1746,21.1912,22.2874,20.9039,22.1664,20.0193,22.5822
Hungary,Rice Cultivation,Emissions (CO2eq) (AR5),kilotonnes,25.2605,18.3378,16.4875,20.0704,22.0618,20.8936,18.9101,20.5173,19.8666,21.2621,15.68,21.952,23.2064,20.6976,18.816,21.9755,22.7987,21.6776,22.9712,20.776,23.4416
Hungary,Rice Cultivation,Emissions (CO2eq) (AR5),kilotonnes,24.3589,17.6832,15.899,19.354,21.2743,20.1479,18.2351,19.785,19.1575,20.5032,15.1203,20.4881,22.3705,19.9664,18.1746,21.1912,22.2874,20.9039,22.1664,20.0193,22.5822
Hungary,Burning - Crop residues,Emissions (CH4),kilotonnes,4.3315,4.7025,4.4581,4.2974,4.4853,4.4585,4.4447,4.1168,4.4373,4.421,4.0079,4.3814,4.3765,4.5367,4.4221,4.2104,3.8634,3.7176,3.6481,3.8753,3.6647
Hungary,Burning - Crop residues,Emissions (CH4),kilotonnes,0.009,0.0065,0.0083,0.0095,0.0082,0.008,0.0066,0.0084,0.0085,0.01,0.0019,0.0075,0.0102,0.0092,0.0084,0.008,0.0098,0.0105,0.0114,0.0094,0.01
Hungary,Burning - Crop residues,Emissions (N2O),kilotonnes,0.1123,0.1219,0.1156,0.1114,0.1163,0.1156,0.1152,0.1067,0.115,0.1146,0.1039,0.1136,0.1135,0.1176,0.1146,0.1092,0.1002,0.0964,0.0946,0.1005,0.095
Hungary,Burning - Crop residues,Emissions (N2O),kilotonnes,0.0002,0.0002,0.0002,0.0002,0.0002,0.0002,0.0002,0.0002,0.0002,0.0003,0.0001,0.0002,0.0003,0.0002,0.0002,0.0002,0.0003,0.0003,0.0003,0.0002,0.0003
Hungary,Burning - Crop residues,Emissions (CO2eq) from CH4 (AR5),kilotonnes,121.281,131.6688,124.8279,120.3284,125.5874,124.8383,124.4506,115.2697,124.2448,123.7871,112.2205,122.6791,122.542,127.0264,123.8201,117.8903,108.1751,104.0939,102.1471,108.5089,102.6121
Hungary,Burning - Crop residues,Emissions (CO2eq) from CH4 (AR5),kilotonnes,0.2519,0.1834,0.2325,0.2666,0.2287,0.2248,0.1857,0.2364,0.2379,0.2792,0.0546,0.2114,0.2844,0.2563,0.2351,0.2254,0.2753,0.2932,0.32,0.2632,0.2798
Hungary,Burning - Crop residues,Emissions (CO2eq) from N2O (AR5),kilotonnes,29.7588,32.3076,30.6291,29.525,30.8154,30.6316,30.5365,28.2838,30.486,30.3737,27.5356,30.1018,30.0682,31.1685,30.3818,28.9268,26.543,25.5416,25.0639,26.6249,25.178
Hungary,Burning - Crop residues,Emissions (CO2eq) from N2O (AR5),kilotonnes,0.0618,0.045,0.0571,0.0654,0.0561,0.0552,0.0456,0.058,0.0584,0.0685,0.0134,0.0519,0.0698,0.0629,0.0577,0.0553,0.0676,0.072,0.0785,0.0646,0.0686
Hungary,Burning - Crop residues,Emissions (CO2eq) (AR5),kilotonnes,151.0398,163.9764,155.4569,149.8534,156.4028,155.4699,154.9872,143.5534,154.7308,154.1607,139.7561,152.781,152.6102,158.195,154.2019,146.8171,134.7181,129.6355,127.2109,135.1338,127.79
Hungary,Burning - Crop residues,Emissions (CO2eq) (AR5),kilotonnes,0.3137,0.2284,0.2896,0.332,0.2848,0.28,0.2312,0.2944,0.2963,0.3477,0.068,0.2633,0.3541,0.3192,0.2928,0.2807,0.3429,0.3652,0.3985,0.3277,0.3484
Hungary,Enteric Fermentation,Emissions (CH4),kilotonnes,82.8401,79.4118,77.5432,77.5528,76.5283,74.9563,73.4823,71.7403,71.1853,70.2993,69.4563,68.0133,66.0428,70.3945,71.286,72.6249,73.5458,74.3093,75.973,76.723,76.8213
Hungary,Enteric Fermentation,Emissions (CH4),kilotonnes,83.3779,80.0749,79.129,78.289,76.0615,75.3718,72.5364,72.7578,71.6218,70.5772,70.2436,69.9124,72.7553,74.7847,77.1381,79.1245,80.8693,81.1992,82.5904,82.8848,83.8012
Hungary,Enteric Fermentation,Emissions (CO2eq) from CH4 (AR5),kilotonnes,2319.5228,2223.5304,2171.2096,2171.4784,2142.7924,2098.7764,2057.5044,2008.7284,1993.1884,1968.3804,1944.7764,1904.3724,1849.1984,1971.046,1996.008,2033.4961,2059.2813,2080.6596,2127.244,2148.244,2150.9976
Hungary,Enteric Fermentation,Emissions (CO2eq) from CH4 (AR5),kilotonnes,2334.5815,2242.0967,2215.6114,2192.0932,2129.721,2110.4092,2031.0187,2037.2183,2005.4097,1976.1607,1966.8204,1957.5481,2037.1484,2093.9724,2159.8668,2215.4869,2264.3393,2273.5789,2312.5315,2320.7748,2346.4349
Hungary,Enteric Fermentation,Emissions (CO2eq) (AR5),kilotonnes,2319.5228,2223.5304,2171.2096,2171.4784,2142.7924,2098.7764,2057.5044,2008.7284,1993.1884,1968.3804,1944.7764,1904.3724,1849.1984,1971.046,1996.008,2033.4961,2059.2813,2080.6596,2127.244,2148.244,2150.9976
Hungary,Enteric Fermentation,Emissions (CO2eq) (AR5),kilotonnes,2334.5815,2242.0967,2215.6114,2192.0932,2129.721,2110.4092,2031.0187,2037.2183,2005.4097,1976.1607,1966.8204,1957.5481,2037.1484,2093.9724,2159.8668,2215.4869,2264.3393,2273.5789,2312.5315,2320.7748,2346.4349
Hungary,Manure Management,Emissions (CH4),kilotonnes,30.0544,28.0413,28.7466,29.5578,28.5315,25.5869,24.8788,24.8566,23.7734,22.425,22.0031,21.3394,20.4301,20.7118,21.0772,21.3509,21.5915,20.7183,20.7938,20.029,20.7502
Hungary,Manure Management,Emissions (CH4),kilotonnes,30.6276,30.0106,31.3057,31.7996,29.1667,27.7838,27.1773,27.5481,26.071,24.298,24.0248,23.6709,23.9589,23.5907,24.5137,25.3722,25.3317,24.7706,25.3264,25.2673,25.5624
Hungary,Manure Management,Emissions (N2O),kilotonnes,1.3336,1.2758,1.2916,1.3096,1.3001,1.1656,1.1435,1.1352,1.1174,1.0519,1.0319,1.0251,0.9911,1.0072,1.0124,1.0438,1.0558,1.0377,1.0522,1.0292,1.0552
Hungary,Manure Management,Emissions (N2O),kilotonnes,1.7891,1.7351,1.7494,1.7496,1.6805,1.605,1.563,1.5552,1.5065,1.4376,1.4329,1.4101,1.4448,1.4429,1.4912,1.5233,1.5111,1.474,1.4642,1.4744,1.4605
Hungary,Manure Management,Emissions (CO2eq) from CH4 (AR5),kilotonnes,841.5241,785.1576,804.9059,827.6198,798.8825,716.4326,696.6066,695.9849,665.6565,627.8988,616.0873,597.5028,572.0426,579.9307,590.1614,597.825,604.5628,580.112,582.2263,560.8131,581.0042
Hungary,Manure Management,Emissions (CO2eq) from CH4 (AR5),kilotonnes,857.5734,840.297,876.5607,890.3874,816.6667,777.9472,760.9632,771.3478,729.9874,680.345,672.6943,662.7861,670.8498,660.5407,686.3832,710.4221,709.2881,693.5778,709.1405,707.4836,715.7481
Hungary,Manure Management,Emissions (CO2eq) from N2O (AR5),kilotonnes,353.4057,338.0738,342.268,347.0444,344.5222,308.8922,303.029,300.8387,296.1076,278.7467,273.4485,271.6558,262.646,266.9173,268.2802,276.5982,279.7765,275.0028,278.8289,272.734,279.6207
Hungary,Manure Management,Emissions (CO2eq) from N2O (AR5),kilotonnes,474.1099,459.8115,463.5894,463.6445,445.3229,425.3373,414.2059,412.117,399.2237,380.9709,379.7227,373.6688,382.8807,382.3688,395.1721,403.6768,400.4333,390.6143,388.0066,390.7261,387.0318
Hungary,Manure Management,Emissions (CO2eq) (AR5),kilotonnes,1194.9298,1123.2314,1147.1739,1174.6642,1143.4047,1025.3247,999.6356,996.8236,961.7641,906.6456,889.5358,869.1586,834.6887,846.848,858.4416,874.4231,884.3394,855.1148,861.0552,833.5472,860.6249
Hungary,Manure Management,Emissions (CO2eq) (AR5),kilotonnes,1331.6833,1300.1086,1340.1501,1354.0319,1261.9896,1203.2846,1175.1691,1183.4648,1129.211,1061.3159,1052.417,1036.4549,1053.7305,1042.9095,1081.5553,1114.0988,1109.7214,1084.1921,1097.1471,1098.2097,1102.7798
Hungary,Manure left on Pasture,Direct emissions (N2O),kilotonnes,0.5684,0.567,0.5533,0.5418,0.5663,0.5785,0.5784,0.5464,0.5341,0.5323,0.5284,0.5226,0.5172,0.5528,0.5513,0.5516,0.5584,0.5569,0.559,0.557,0.5386
Hungary,Manure left on Pasture,Indirect emissions (N2O),kilotonnes,0.1765,0.1796,0.1751,0.1709,0.1834,0.1899,0.191,0.1781,0.1727,0.1722,0.1708,0.1695,0.1673,0.1782,0.1763,0.1749,0.1766,0.174,0.1722,0.1698,0.1606
Hungary,Manure left on Pasture,Emissions (N2O),kilotonnes,0.7449,0.7466,0.7284,0.7127,0.7497,0.7684,0.7694,0.7245,0.7069,0.7045,0.6992,0.6921,0.6845,0.731,0.7275,0.7265,0.735,0.731,0.7312,0.7268,0.6992
Hungary,Manure left on Pasture,Emissions (CO2eq) from N2O (AR5),kilotonnes,197.3986,197.855,193.0256,188.8724,198.675,203.6368,203.9031,191.9989,187.3202,186.7028,185.2931,183.397,181.391,193.7232,192.7999,192.5212,194.7701,193.7104,193.7646,192.6079,185.2817
Hungary,Manure left on Pasture,Emissions (CO2eq) (AR5),kilotonnes,197.3986,197.855,193.0256,188.8724,198.675,203.6368,203.9031,191.9989,187.3202,186.7028,185.2931,183.397,181.391,193.7232,192.7999,192.5212,194.7701,193.7104,193.7646,192.6079,185.2817
Hungary,Manure applied to Soils,Direct emissions (N2O),kilotonnes,1.5017,1.4774,1.5241,1.5287,1.5484,1.3913,1.3825,1.3569,1.3337,1.2625,1.2436,1.2487,1.2091,1.2178,1.2188,1.2544,1.273,1.251,1.2708,1.2411,1.2622
Hungary,Manure applied to Soils,Direct emissions (N2O),kilotonnes,1.8094,1.7769,1.8077,1.8117,1.756,1.6678,1.6394,1.6317,1.5797,1.5085,1.5113,1.4959,1.5368,1.5543,1.6045,1.636,1.6053,1.5597,1.5501,1.5502,1.5384
Hungary,Manure applied to Soils,Indirect emissions (N2O),kilotonnes,0.6382,0.6279,0.6477,0.6497,0.6581,0.5913,0.5876,0.5767,0.5668,0.5366,0.5285,0.5307,0.5139,0.5176,0.518,0.5331,0.541,0.5317,0.5401,0.5275,0.5364
Hungary,Manure applied to Soils,Emissions (N2O),kilotonnes,2.1399,2.1053,2.1718,2.1785,2.2065,1.9825,1.9701,1.9335,1.9006,1.7991,1.7721,1.7794,1.723,1.7354,1.7367,1.7875,1.814,1.7827,1.8109,1.7686,1.7986
Hungary,Manure applied to Soils,Emissions (N2O),kilotonnes,1.8094,1.7769,1.8077,1.8117,1.756,1.6678,1.6394,1.6317,1.5797,1.5085,1.5113,1.4959,1.5368,1.5543,1.6045,1.636,1.6053,1.5597,1.5501,1.5502,1.5384
Hungary,Manure applied to Soils,Emissions (CO2eq) from N2O (AR5),kilotonnes,567.0814,557.8971,575.5223,577.2908,584.7196,525.3714,522.0701,512.3847,503.6512,476.7494,469.6041,471.5367,456.5891,459.8784,460.2323,473.6986,480.7009,472.4155,479.8981,468.6658,476.6324
Hungary,Manure applied to Soils,Emissions (CO2eq) from N2O (AR5),kilotonnes,479.4813,470.8653,479.0353,480.0981,465.3522,441.971,434.4478,432.4022,418.6273,399.7474,400.499,396.4203,407.2558,411.9018,425.2046,433.545,425.4128,413.3238,410.7755,410.7994,407.689
Hungary,Manure applied to Soils,Emissions (CO2eq) (AR5),kilotonnes,567.0814,557.8971,575.5223,577.2908,584.7196,525.3714,522.0701,512.3847,503.6512,476.7494,469.6041,471.5367,456.5891,459.8784,460.2323,473.6986,480.7009,472.4155,479.8981,468.6658,476.6324
Hungary,Manure applied to Soils,Emissions (CO2eq) (AR5),kilotonnes,479.4813,470.8653,479.0353,480.0981,465.3522,441.971,434.4478,432.4022,418.6273,399.7474,400.499,396.4203,407.2558,411.9018,425.2046,433.545,425.4128,413.3238,410.7755,410.7994,407.689
Hungary,Synthetic Fertilizers,Direct emissions (N2O),kilotonnes,5.0286,5.28,4.7614,4.5414,4.6043,4.0857,4.5414,5.0286,4.98,4.2752,4.2833,4.7684,4.9176,5.3892,5.1347,5.3237,6.3481,6.6703,6.6672,6.5356,6.9923
Hungary,Synthetic Fertilizers,Direct emissions (N2O),kilotonnes,4.0543,4.3214,4.7614,4.5414,4.6043,4.0857,4.5414,5.0286,4.62,4.3214,4.4157,4.743,4.9176,5.3892,5.3617,5.9453,6.3481,6.6703,6.6672,6.5356,6.965
Hungary,Synthetic Fertilizers,Indirect emissions (N2O),kilotonnes,1.6343,1.716,1.5475,1.476,1.4964,1.3279,1.476,1.6343,1.6185,1.3894,1.3921,1.5497,1.5982,1.7515,1.6688,1.7302,2.0631,2.1679,2.1668,2.1241,2.2725
Hungary,Synthetic Fertilizers,Emissions (N2O),kilotonnes,6.6629,6.996,6.3089,6.0174,6.1007,5.4136,6.0174,6.6629,6.5986,5.6646,5.6753,6.3182,6.5159,7.1407,6.8035,7.0539,8.4112,8.8382,8.8341,8.6597,9.2647
Hungary,Synthetic Fertilizers,Emissions (N2O),kilotonnes,4.0543,4.3214,4.7614,4.5414,4.6043,4.0857,4.5414,5.0286,4.62,4.3214,4.4157,4.743,4.9176,5.3892,5.3617,5.9453,6.3481,6.6703,6.6672,6.5356,6.965
Hungary,Synthetic Fertilizers,Emissions (CO2eq) from N2O (AR5),kilotonnes,1765.6571,1853.94,1671.8566,1594.6091,1616.6798,1434.5964,1594.6091,1765.6571,1748.6186,1501.1176,1503.9647,1674.312,1726.7023,1892.2823,1802.918,1869.2847,2228.9766,2342.1221,2341.0241,2294.808,2455.1573
Hungary,Synthetic Fertilizers,Emissions (CO2eq) from N2O (AR5),kilotonnes,1074.3857,1145.1786,1261.7786,1203.4786,1220.1357,1082.7143,1203.4786,1332.5714,1224.3,1145.1786,1170.1643,1256.8855,1303.1716,1428.1356,1420.8527,1575.5061,1682.2482,1767.6388,1766.8099,1731.9306,1845.7364
Hungary,Synthetic Fertilizers,Emissions (CO2eq) (AR5),kilotonnes,1765.6571,1853.94,1671.8566,1594.6091,1616.6798,1434.5964,1594.6091,1765.6571,1748.6186,1501.1176,1503.9647,1674.312,1726.7023,1892.2823,1802.918,1869.2847,2228.9766,2342.1221,2341.0241,2294.808,2455.1573
Hungary,Synthetic Fertilizers,Emissions (CO2eq) (AR5),kilotonnes,1074.3857,1145.1786,1261.7786,1203.4786,1220.1357,1082.7143,1203.4786,1332.5714,1224.3,1145.1786,1170.1643,1256.8855,1303.1716,1428.1356,1420.8527,1575.5061,1682.2482,1767.6388,1766.8099,1731.9306,1845.7364
Hungary,Drained organic soils,Emissions (CO2eq) (AR5),kilotonnes,6750.707,6737.3916,6719.0715,6685.8261,6617.691,6617.8848,6618.4655,6616.7808,6612.0984,6612.4572,6616.8622,6621.3865,6621.8481,6621.8481,6620.5243,6620.5243,6616.2924,6616.5535,6605.5166,6566.9148,6567.3691
Hungary,Drained organic soils (CO2),Emissions (CO2),kilotonnes,5714.3896,5703.178,5687.6936,5659.5934,5602.0383,5602.2051,5602.6975,5601.2788,5597.2749,5597.5574,5601.2576,5605.0655,5605.4464,5605.4464,5604.2513,5604.2513,5600.6545,5600.8936,5591.5917,5559.3372,5559.7152
Hungary,Drained organic soils (CO2),Emissions (CO2eq) (AR5),kilotonnes,5714.3896,5703.178,5687.6936,5659.5934,5602.0383,5602.2051,5602.6975,5601.2788,5597.2749,5597.5574,5601.2576,5605.0655,5605.4464,5605.4464,5604.2513,5604.2513,5600.6545,5600.8936,5591.5917,5559.3372,5559.7152
Hungary,Drained organic soils (N2O),Emissions (N2O),kilotonnes,3.9106,3.9027,3.892,3.8726,3.8327,3.8328,3.8331,3.8321,3.8295,3.8298,3.8325,3.8352,3.8355,3.8355,3.835,3.835,3.8326,3.8327,3.8261,3.8022,3.8025
Hungary,Drained organic soils (N2O),Emissions (CO2eq) from N2O (AR5),kilotonnes,1036.3174,1034.2136,1031.378,1026.2327,1015.6527,1015.6797,1015.7679,1015.502,1014.8235,1014.8997,1015.6046,1016.321,1016.4017,1016.4017,1016.2729,1016.2729,1015.6379,1015.6599,1013.9249,1007.5776,1007.654
Hungary,Drained organic soils (N2O),Emissions (CO2eq) (AR5),kilotonnes,1036.3174,1034.2136,1031.378,1026.2327,1015.6527,1015.6797,1015.7679,1015.502,1014.8235,1014.8997,1015.6046,1016.321,1016.4017,1016.4017,1016.2729,1016.2729,1015.6379,1015.6599,1013.9249,1007.5776,1007.654
Hungary,On-farm energy use,Emissions (CH4),kilotonnes,0.1714,0.1755,0.1845,0.164,0.1738,0.1862,0.1838,0.147,0.1528,0.1238,0.1142,0.0974,0.08,0.1051,0.1153,0.1095,0.1222,0.1133,0.116,0.1161,0.1161
Hungary,On-farm energy use,Emissions (N2O),kilotonnes,0.3781,0.3058,0.3254,0.308,0.2821,0.2588,0.2869,0.2756,0.294,0.2716,0.3195,0.3083,0.2552,0.3673,0.3712,0.3968,0.4118,0.4043,0.4534,0.4698,0.4698
Hungary,On-farm energy use,Emissions (CO2),kilotonnes,1581.4894,1472.3142,1518.8259,1411.5799,1363.1436,1320.5573,1314.3109,1168.2162,1256.0332,1079.8964,1194.9414,1169.0273,921.6793,1324.446,1437.1717,1394.7226,1548.8736,1440.2013,1513.8203,1529.15,1529.15
Hungary,On-farm energy use,Emissions (CO2eq) from CH4 (AR5),kilotonnes,4.7982,4.9128,5.1658,4.5923,4.8653,5.2136,5.1454,4.1172,4.2779,3.4672,3.1985,2.7273,2.2401,2.9436,3.2289,3.0661,3.4203,3.1723,3.2478,3.2515,3.2515
Hungary,On-farm energy use,Emissions (CO2eq) from N2O (AR5),kilotonnes,100.1944,81.0329,86.2346,81.6181,74.7442,68.574,76.034,73.0215,77.923,71.9777,84.6605,81.7077,67.6382,97.3415,98.3709,105.1641,109.1307,107.1344,120.1475,124.5028,124.5028
Hungary,On-farm energy use,Emissions (CO2eq) (AR5),kilotonnes,1686.4819,1558.26,1610.2263,1497.7903,1442.7531,1394.3449,1395.4904,1245.3549,1338.2342,1155.3413,1282.8005,1253.4623,991.5576,1424.731,1538.7715,1502.9528,1661.4245,1550.5081,1637.2156,1656.9044,1656.9044
Hungary,Forestland,Emissions (CO2),kilotonnes,-4186.2381,-3404.7264,-3404.7264,-3404.7264,-3404.7264,-3404.7264,-3404.7264,-3404.7264,-3404.7264,-3404.7264,-3404.7264,-4376.8296,-4376.8296,-4376.8296,-4376.8296,-4376.8296,-4125.1814,-4125.1814,-4125.1814,-4125.1814,-4125.1814
Hungary,Forestland,Emissions (CO2),kilotonnes,-392.7161,-2092.3004,-1363.2307,-3777.8526,-2792.4676,-5102.4253,-2821.6946,-3012.2938,-4612.8947,-3626.9359,-3564.8754,-3408.5611,-4162.2064,-3540.9201,-4536.5012,-5405.5484,-4458.2693,-4825.9754,-4173.6408,-4837.5966,-6613.7099
Hungary,Forestland,Emissions (CO2eq) (AR5),kilotonnes,-4186.2381,-3404.7264,-3404.7264,-3404.7264,-3404.7264,-3404.7264,-3404.7264,-3404.7264,-3404.7264,-3404.7264,-3404.7264,-4376.8296,-4376.8296,-4376.8296,-4376.8296,-4376.8296,-4125.1814,-4125.1814,-4125.1814,-4125.1814,-4125.1814
Hungary,Forestland,Emissions (CO2eq) (AR5),kilotonnes,-392.7161,-2092.3004,-1363.2307,-3777.8526,-2792.4676,-5102.4253,-2821.6946,-3012.2938,-4612.8947,-3626.9359,-3564.8754,-3408.5611,-4162.2064,-3540.9201,-4536.5012,-5405.5484,-4458.2693,-4825.9754,-4173.6408,-4837.5966,-6613.7099
Hungary,Net Forest conversion,Emissions (CO2),kilotonnes,0,0,0,0,0,0,0,0,0,0,0,44.257,44.257,44.257,44.257,44.257,363.1129,363.1129,363.1129,363.1129,363.1129
Hungary,Net Forest conversion,Emissions (CO2),kilotonnes,121.208,91.4282,106.4679,112.5769,163.4893,75.1031,99.6838,62.9071,44.0821,93.9438,72.4598,70.6333,177.2175,91.6342,152.8278,156.2786,141.9068,187.4292,289.324,264.6088,158.9714
Hungary,Net Forest conversion,Emissions (CO2eq) (AR5),kilotonnes,0,0,0,0,0,0,0,0,0,0,0,44.257,44.257,44.257,44.257,44.257,363.1129,363.1129,363.1129,363.1129,363.1129
Hungary,Net Forest conversion,Emissions (CO2eq) (AR5),kilotonnes,121.208,91.4282,106.4679,112.5769,163.4893,75.1031,99.6838,62.9071,44.0821,93.9438,72.4598,70.6333,177.2175,91.6342,152.8278,156.2786,141.9068,187.4292,289.324,264.6088,158.9714
Hungary,Savanna fires,Emissions (CH4),kilotonnes,0.0007,0.0012,0.039,0.0147,0.0034,0.0069,0.0563,0.0696,0.0024,0.0124,0,0.0021,0.0138,0.0056,0.0566,0.005,0,0.0081,0,0.0043,0.0006
Hungary,Savanna fires,Emissions (CH4),kilotonnes,0.449,0.2305,0.3193,0.2856,0.1951,0.2439,0.0153,0.1912,0.152,0.4308,0.0734,0.207,0.8397,0.0484,0.1941,0.1015,0.0148,0.1011,0.0153,0.0815,0.0325
Hungary,Savanna fires,Emissions (N2O),kilotonnes,0.0001,0.0001,0.0036,0.0013,0.0003,0.0006,0.0051,0.0064,0.0002,0.0011,0,0.0002,0.0013,0.0005,0.0052,0.0005,0,0.0007,0,0.0004,0.0001
Hungary,Savanna fires,Emissions (N2O),kilotonnes,0.041,0.021,0.0292,0.0261,0.0178,0.0223,0.0014,0.0175,0.0139,0.0393,0.0067,0.0189,0.0767,0.0044,0.0177,0.0093,0.0013,0.0092,0.0014,0.0074,0.003
Hungary,Savanna fires,Emissions (CO2eq) from CH4 (AR5),kilotonnes,0.0197,0.0341,1.0913,0.4116,0.0958,0.1922,1.5752,1.9477,0.0682,0.3467,0,0.0592,0.3854,0.158,1.585,0.1399,0,0.2262,0,0.1193,0.0171
Hungary,Savanna fires,Emissions (CO2eq) from CH4 (AR5),kilotonnes,12.5734,6.4539,8.9416,7.997,5.4624,6.8294,0.4283,5.354,4.2553,12.0621,2.0546,5.7957,23.5125,1.3548,5.4347,2.8429,0.4137,2.8305,0.4277,2.2824,0.9098
Hungary,Savanna fires,Emissions (CO2eq) from N2O (AR5),kilotonnes,0.0172,0.0295,0.943,0.3557,0.0828,0.1661,1.3612,1.6831,0.0589,0.2996,0,0.0511,0.333,0.1366,1.3697,0.1209,0,0.1955,0,0.1031,0.0147
Hungary,Savanna fires,Emissions (CO2eq) from N2O (AR5),kilotonnes,10.865,5.577,7.7267,6.9104,4.7202,5.9015,0.3701,4.6266,3.6771,10.4232,1.7755,5.0082,20.3179,1.1708,4.6963,2.4567,0.3575,2.4459,0.3696,1.9723,0.7862
Hungary,Savanna fires,Emissions (CO2eq) (AR5),kilotonnes,0.0369,0.0636,2.0344,0.7673,0.1786,0.3582,2.9363,3.6307,0.1272,0.6463,0,0.1103,0.7185,0.2946,2.9547,0.2607,0,0.4218,0,0.2225,0.0318
Hungary,Savanna fires,Emissions (CO2eq) (AR5),kilotonnes,23.4384,12.0309,16.6683,14.9074,10.1825,12.7309,0.7984,9.9806,7.9325,22.4853,3.8301,10.8039,43.8304,2.5256,10.131,5.2996,0.7711,5.2765,0.7974,4.2547,1.6959
Hungary,Fires in organic soils,Emissions (CH4),kilotonnes,0,0,0,0,0,0,0,0,0,0,0,0,0,0,0,0,0,0,0,0,0
Hungary,Fires in organic soils,Emissions (CO2),kilotonnes,0,0,0,0,0,0,0,0,0,0,0,0,0,0,0,0,0,0,0,0,0
Hungary,Fires in organic soils,Emissions (CO2eq) from CH4 (AR5),kilotonnes,0,0,0,0,0,0,0,0,0,0,0,0,0,0,0,0,0,0,0,0,0
Hungary,Fires in organic soils,Emissions (CO2eq) (AR5),kilotonnes,0,0,0,0,0,0,0,0,0,0,0,0,0,0,0,0,0,0,0,0,0
Hungary,Forest fires,Emissions (CH4),kilotonnes,0.0218,0.005,0,0.0175,0.0624,0.01,0.2246,0.1672,0.0025,0.0225,0,0.0025,0.0225,0,0.0948,0,0,0.005,0,0.005,0
Hungary,Forest fires,Emissions (N2O),kilotonnes,0.0012,0.0005,0,0.0016,0.0057,0.0009,0.0205,0.0153,0.0002,0.0021,0,0.0002,0.0021,0,0.0087,0,0,0.0005,0,0.0005,0
Hungary,Forest fires,Emissions (CO2eq) from CH4 (AR5),kilotonnes,0.6103,0.1398,0,0.4891,1.7469,0.2795,6.2892,4.6816,0.0699,0.6289,0,0.0699,0.629,0,2.6554,0,0,0.1398,0,0.1398,0
Hungary,Forest fires,Emissions (CO2eq) from N2O (AR5),kilotonnes,0.3196,0.1208,0,0.4226,1.5095,0.2415,5.4347,4.0455,0.0604,0.5435,0,0.0604,0.5435,0,2.2946,0,0,0.1208,0,0.1208,0
Hungary,Forest fires,Emissions (CO2eq) (AR5),kilotonnes,0.9299,0.2605,0,0.9117,3.2564,0.5211,11.7239,8.7272,0.1302,1.1724,0,0.1303,1.1725,0,4.95,0,0,0.2605,0,0.2605,0
Hungary,Fires in humid tropical forests,Emissions (CH4),kilotonnes,0,0,0,0,0,0,0,0,0,0,0,0,0,0,0,0,0,0,0,0,0
Hungary,Fires in humid tropical forests,Emissions (N2O),kilotonnes,0,0,0,0,0,0,0,0,0,0,0,0,0,0,0,0,0,0,0,0,0
Hungary,Fires in humid tropical forests,Emissions (CO2eq) from CH4 (AR5),kilotonnes,0,0,0,0,0,0,0,0,0,0,0,0,0,0,0,0,0,0,0,0,0
Hungary,Fires in humid tropical forests,Emissions (CO2eq) from N2O (AR5),kilotonnes,0,0,0,0,0,0,0,0,0,0,0,0,0,0,0,0,0,0,0,0,0
Hungary,Fires in humid tropical forests,Emissions (CO2eq) (AR5),kilotonnes,0,0,0,0,0,0,0,0,0,0,0,0,0,0,0,0,0,0,0,0,0
Hungary,Waste - agri-food systems,Emissions (CH4),kilotonnes,49.4117,50.3034,52.002,93.6119,99.8178,80.1842,77.1293,77.3661,88.3028,104.4194,95.0117,88.1324,98.3264,102.3541,105.1552,91.913,109.8774,105.8759,102.1987,98.4359,94.6263
Hungary,Waste - agri-food systems,Emissions (N2O),kilotonnes,0.5057,0.4884,0.5143,0.5032,0.5048,0.501,0.4959,0.4787,0.4786,0.4767,0.4643,0.4675,0.4657,0.4587,0.4717,0.481,0.4972,0.548,0.592,0.6359,0.6791
Hungary,Waste - agri-food systems,Emissions (CO2),kilotonnes,42.4296,42.6532,43.0492,43.4505,43.795,43.9396,43.9775,44.3086,44.5187,44.1926,44.2073,44.3303,44.1626,44.2524,44.3191,44.1131,44.1597,44.3441,44.5427,44.574,44.5008
Hungary,Waste - agri-food systems,Emissions (CO2eq) from CH4 (AR5),kilotonnes,1383.5267,1408.4945,1456.0563,2621.1332,2794.8979,2245.1583,2159.6199,2166.2501,2472.4778,2923.7443,2660.3269,2467.7065,2753.1387,2865.9149,2944.3448,2573.5647,3076.5661,2964.526,2861.5622,2756.2047,2649.5376
Hungary,Waste - agri-food systems,Emissions (CO2eq) from N2O (AR5),kilotonnes,134.0055,129.4211,136.2815,133.3594,133.7674,132.7759,131.4145,126.8541,126.8177,126.3135,123.0526,123.8843,123.4179,121.5486,125.0124,127.4569,131.7527,145.2252,156.8813,168.5116,179.9694
Hungary,Waste - agri-food systems,Emissions (CO2eq) (AR5),kilotonnes,1559.9618,1580.5688,1635.387,2797.9431,2972.4604,2421.8737,2335.0119,2337.4128,2643.8142,3094.2505,2827.5868,2635.9211,2920.7193,3031.7159,3113.6762,2745.1346,3252.4785,3154.0952,3062.9862,2969.2903,2874.0079
Hungary,Fertilizers Manufacturing,Emissions (N2O),kilotonnes,0,0,0,0,0,0,0,0,0,0,0,0,0,0,0,0.0311,0.0299,3.605,2.7237,2.4873,2.3204
Hungary,Fertilizers Manufacturing,Emissions (CO2),kilotonnes,1810.0677,1766.2933,1729.4989,1700.5651,1594.5278,1533.811,1531.6701,1421.3478,1377.3779,1381.9922,1268.3617,1252.2254,1179.2327,891.6745,1117.7709,990.4183,1100.442,898.2949,739.0312,646.186,620.3386
Hungary,Fertilizers Manufacturing,Emissions (CO2eq) from N2O (AR5),kilotonnes,0,0,0,0,0,0,0,0,0,0,0,0,0,0,0,8.2415,7.9235,955.325,721.7805,659.1345,614.8973
Hungary,Fertilizers Manufacturing,Emissions (CO2eq) (AR5),kilotonnes,1810.0677,1766.2933,1729.4989,1700.5651,1594.5278,1533.811,1531.6701,1421.3478,1377.3779,1381.9922,1268.3617,1252.2254,1179.2327,891.6745,1117.7709,998.6598,1108.3655,1853.6199,1460.8117,1305.3205,1235.2358
Hungary,On-farm electricity use,Emissions (CH4),kilotonnes,1.1459,1.1543,1.2611,1.2671,1.2863,1.11,1.0752,1.1375,1.1291,0.948,0.912,0.9204,0.9384,0.8628,0.978,1.0392,1.0799,1.0848,1.1784,1.2185,1.2185
Hungary,On-farm electricity use,Emissions (N2O),kilotonnes,0.0061,0.0062,0.0067,0.0068,0.0069,0.0059,0.0057,0.0061,0.006,0.0051,0.0049,0.0049,0.005,0.0046,0.0052,0.0056,0.0058,0.0058,0.0063,0.0065,0.0065
Hungary,On-farm electricity use,Emissions (CO2),kilotonnes,447.6808,443.5823,472.7687,529.8058,480.2439,344.5106,328.5421,348.6658,330.258,247.4164,240.9834,242.8093,245.5577,263.7598,298.9767,317.6857,330.1583,331.6258,360.2395,372.492,372.492
Hungary,On-farm electricity use,Emissions (CO2eq) from CH4 (AR5),kilotonnes,32.0852,32.3204,35.3108,35.4788,36.0164,31.08,30.1056,31.85,31.6148,26.544,25.536,25.7712,26.2752,24.1584,27.384,29.0976,30.2372,30.3744,32.9952,34.118,34.118
Hungary,On-farm electricity use,Emissions (CO2eq) from N2O (AR5),kilotonnes,1.6165,1.643,1.7755,1.802,1.8285,1.5635,1.5105,1.6165,1.59,1.3515,1.2985,1.2985,1.325,1.219,1.378,1.484,1.537,1.537,1.6695,1.7225,1.7225
Hungary,On-farm electricity use,Emissions (CO2eq) (AR5),kilotonnes,481.3825,477.5457,509.855,567.0866,518.0888,377.1541,360.1582,382.1323,363.4628,275.3119,267.8179,269.879,273.1579,289.1372,327.7387,348.2673,361.9325,363.5372,394.9042,408.3325,408.3325
Hungary,Food Processing,Emissions (CH4),kilotonnes,1.6006,1.9379,1.9135,2.1404,1.8512,1.6627,1.6746,1.605,1.6781,1.6318,1.7639,1.7718,2.9482,2.9078,2.6999,2.9306,3.118,3.1848,3.206,3.206,3.1639
Hungary,Food Processing,Emissions (N2O),kilotonnes,0.0113,0.014,0.0134,0.0138,0.0131,0.0114,0.0111,0.0103,0.0107,0.0104,0.0111,0.0112,0.0172,0.0172,0.0162,0.0174,0.0183,0.0188,0.0191,0.0191,0.0178
Hungary,Food Processing,Emissions (CO2),kilotonnes,1499.6783,1902.1739,1872.1867,1864.4375,1684.1997,1349.2678,1347.762,1200.2426,1286.9774,1059.7471,1131.9319,1148.5644,1362.4164,1634.8061,1618.3398,1712.2158,1729.5252,1800.2589,1921.0481,1921.0481,1844.2062
Hungary,Food Processing,Emissions (CO2eq) from CH4 (AR5),kilotonnes,44.8168,54.2612,53.578,59.9312,51.8336,46.5556,46.8888,44.94,46.9868,45.6904,49.3892,49.6104,82.5496,81.4184,75.5972,82.0568,87.304,89.1744,89.768,89.768,88.5892
Hungary,Food Processing,Emissions (CO2eq) from N2O (AR5),kilotonnes,2.9945,3.71,3.551,3.657,3.4715,3.021,2.9415,2.7295,2.8355,2.756,2.9415,2.968,4.558,4.558,4.293,4.611,4.8495,4.982,5.0615,5.0615,4.7218
Hungary,Food Processing,Emissions (CO2eq) (AR5),kilotonnes,1547.4896,1960.1451,1929.3157,1928.0257,1739.5048,1398.8444,1397.5923,1247.9121,1336.7997,1108.1935,1184.2626,1201.1428,1449.524,1720.7825,1698.23,1798.8836,1821.6787,1894.4153,2015.8776,2015.8776,1937.5172
Hungary,Food Packaging,Emissions (CH4),kilotonnes,0.5857,0.5637,0.6151,0.566,0.5361,0.5196,0.4964,0.5289,0.5702,0.4551,0.4744,0.4606,0.5561,0.5352,0.5565,0.5901,0.619,0.6333,0.6369,0.5746,0.5671
Hungary,Food Packaging,Emissions (N2O),kilotonnes,0.0039,0.0038,0.004,0.0039,0.0036,0.0032,0.003,0.0032,0.0034,0.0027,0.0028,0.003,0.0035,0.0034,0.0035,0.0037,0.0039,0.0042,0.0042,0.0034,0.0032
Hungary,Food Packaging,Emissions (CO2),kilotonnes,499.757,503.2968,500.5163,515.6082,435.6046,347.6395,327.8397,345.3107,353.1352,244.3343,256.0312,292.798,285.2016,340.3189,353.8395,366.4804,381.9958,400.5398,404.73,257.7795,247.4683
Hungary,Food Packaging,Emissions (CO2eq) from CH4 (AR5),kilotonnes,16.3996,15.7836,17.2228,15.848,15.0108,14.5488,13.8992,14.8092,15.9656,12.7428,13.2832,12.8968,15.5708,14.9856,15.582,16.5228,17.332,17.7324,17.8332,16.0888,15.8775
Hungary,Food Packaging,Emissions (CO2eq) from N2O (AR5),kilotonnes,1.0335,1.007,1.06,1.0335,0.954,0.848,0.795,0.848,0.901,0.7155,0.742,0.795,0.9275,0.901,0.9275,0.9805,1.0335,1.113,1.113,0.901,0.8405
Hungary,Food Packaging,Emissions (CO2eq) (AR5),kilotonnes,517.1901,520.0874,518.7991,532.4897,451.5694,363.0363,342.5339,360.9679,370.0018,257.7926,270.0564,306.4898,301.6999,356.2055,370.349,383.9837,400.3613,419.3852,423.6762,274.7693,264.1864
Hungary,Food Retail,Emissions (CH4),kilotonnes,1.3924,1.4315,1.3521,1.3523,1.3743,1.5052,1.527,1.6079,1.6273,1.6846,1.683,1.6851,1.1559,1.1101,1.121,1.1833,1.2104,1.2484,1.269,1.383,1.3648
Hungary,Food Retail,Emissions (N2O),kilotonnes,0.0086,0.0089,0.0082,0.0083,0.0086,0.0092,0.0091,0.0094,0.0094,0.0099,0.0099,0.0098,0.0069,0.0067,0.0067,0.0071,0.0072,0.0074,0.0075,0.0077,0.0072
Hungary,Food Retail,Emissions (CO2),kilotonnes,1085.8261,1132.3368,1039.5826,1127.1062,1211.7868,1130.155,1039.4787,937.9877,895.5478,895.8573,942.5228,944.4333,710.6112,750.9136,709.6481,739.7366,735.5462,728.9756,718.8152,788.2695,756.7387
Hungary,Food Retail,Emissions (CO2eq) from F-gases (AR5),kilotonnes,502.876,641.063,780.289,953.2825,1132.51,1285.243,1438.4955,1591.748,1612.528,1623.4375,1629.6715,1633.308,1635.9055,1637.9835,1637.9835,1637.9835,1778.2485,1815.133,1851.498,1887.863,1947.7952
Hungary,Food Retail,Emissions (CO2eq) from CH4 (AR5),kilotonnes,38.9872,40.082,37.8588,37.8644,38.4804,42.1456,42.756,45.0212,45.5644,47.1688,47.124,47.1828,32.3652,31.0828,31.388,33.1324,33.8912,34.9552,35.532,38.724,38.2155
Hungary,Food Retail,Emissions (CO2eq) from N2O (AR5),kilotonnes,2.279,2.3585,2.173,2.1995,2.279,2.438,2.4115,2.491,2.491,2.6235,2.6235,2.597,1.8285,1.7755,1.7755,1.8815,1.908,1.961,1.9875,2.0405,1.9036
Hungary,Food Retail,Emissions (CO2eq) (AR5),kilotonnes,1629.9683,1815.8403,1859.9034,2120.4526,2385.0562,2459.9816,2523.1417,2577.2479,2556.1312,2569.0871,2621.9418,2627.5211,2380.7104,2421.7554,2380.7951,2412.734,2549.5939,2581.0248,2607.8327,2716.897,2744.6529
Hungary,Food Household Consumption,Emissions (CH4),kilotonnes,2.0817,2.1936,2.3342,2.4639,2.3588,2.3832,2.458,2.1733,2.274,2.1931,2.227,2.3295,2.1934,2.1524,2.0145,2.0922,2.1398,2.2594,2.1228,2.1228,2.0949
Hungary,Food Household Consumption,Emissions (N2O),kilotonnes,0.0124,0.0132,0.0138,0.0148,0.014,0.0142,0.0145,0.0129,0.0134,0.013,0.0132,0.0135,0.0127,0.0124,0.0117,0.0122,0.0125,0.0132,0.0125,0.0125,0.0117
Hungary,Food Household Consumption,Emissions (CO2),kilotonnes,1837.5496,1948.3889,2008.7128,2279.6411,2033.5255,2053.8934,1973.0113,1718.666,1761.739,1647.8731,1698.9392,1628.3665,1497.6274,1495.8942,1386.651,1507.2602,1576.8983,1670.8226,1580.5598,1580.5598,1517.3374
Hungary,Food Household Consumption,Emissions (CO2eq) from CH4 (AR5),kilotonnes,58.2876,61.4208,65.3576,68.9892,66.0464,66.7296,68.824,60.8524,63.672,61.4068,62.356,65.226,61.4152,60.2672,56.406,58.5816,59.9144,63.2632,59.4384,59.4384,58.6579
Hungary,Food Household Consumption,Emissions (CO2eq) from N2O (AR5),kilotonnes,3.286,3.498,3.657,3.922,3.71,3.763,3.8425,3.4185,3.551,3.445,3.498,3.5775,3.3655,3.286,3.1005,3.233,3.3125,3.498,3.3125,3.3125,3.0902
Hungary,Food Household Consumption,Emissions (CO2eq) (AR5),kilotonnes,1899.1232,2013.3077,2077.7274,2352.5523,2103.2819,2124.386,2045.6778,1782.9369,1828.962,1712.7249,1764.7932,1697.17,1562.4081,1559.4474,1446.1575,1569.0748,1640.1252,1737.5838,1643.3107,1643.3107,1579.0855
Hungary,Food Transport,Emissions (CH4),kilotonnes,0.1193,0.1176,0.1144,0.1168,0.1112,0.1087,0.1064,0.1025,0.0941,0.088,0.0726,0.064,0.0581,0.0535,0.0531,0.0559,0.0574,0.0557,0.0569,0.0347,0.0342
Hungary,Food Transport,Emissions (N2O),kilotonnes,0.0371,0.0361,0.0362,0.0361,0.0358,0.0357,0.0378,0.0385,0.0384,0.0388,0.0348,0.0312,0.0301,0.0297,0.0334,0.0342,0.0349,0.0371,0.0399,0.0332,0.031
Hungary,Food Transport,Emissions (CO2),kilotonnes,703.43,739.0633,785.781,816.268,851.2368,924.9345,984.9691,1015.1183,1007.4183,1000.8033,904.9933,838.675,806.725,760.016,850.185,922.845,944.636,991.921,1054.831,1030.9103,989.6739
Hungary,Food Transport,Emissions (CO2eq) from CH4 (AR5),kilotonnes,3.3404,3.2928,3.2032,3.2704,3.1136,3.0436,2.9792,2.87,2.6348,2.464,2.0328,1.792,1.6268,1.498,1.4868,1.5652,1.6072,1.5596,1.5932,0.9716,0.9588
Hungary,Food Transport,Emissions (CO2eq) from N2O (AR5),kilotonnes,9.8315,9.5665,9.593,9.5665,9.487,9.4605,10.017,10.2025,10.176,10.282,9.222,8.268,7.9765,7.8705,8.851,9.063,9.2485,9.8315,10.5735,8.798,8.2075
Hungary,Food Transport,Emissions (CO2eq) (AR5),kilotonnes,716.6019,751.9226,798.5772,829.1049,863.8374,937.4386,997.9653,1028.1908,1020.2291,1013.5493,916.2481,848.735,816.3283,769.3845,860.5228,933.4732,955.4917,1003.3121,1066.9977,1040.6799,998.8403
Hungary,Energy,Emissions (CH4),kilotonnes,98.1,99.2,101,104,100,105,105,103,99.5,105,106,109,109,108,101,103,103,102,101,99,97.7
Hungary,Energy,Emissions (N2O),kilotonnes,1.14,1.07,1.08,1.08,1.05,1.13,1.18,1.2,1.21,1.25,1.29,1.26,1.2,1.32,1.31,1.4,1.42,1.42,1.48,1.49,1.39
Hungary,Energy,Emissions (CO2),kilotonnes,54700,55700,54600,57600,55800,56600,56100,54800,53600,47500,49800,48400,44800,41800,41000,44000,45000,47200,47600,47500,45600
Hungary,Energy,Emissions (CO2eq) from CH4 (AR5),kilotonnes,2746.8,2777.6,2828,2912,2800,2940,2940,2884,2786,2940,2968,3052,3052,3024,2828,2884,2884,2856,2828,2772,2735.6
Hungary,Energy,Emissions (CO2eq) from N2O (AR5),kilotonnes,302.1,283.55,286.2,286.2,278.25,299.45,312.7,318,320.65,331.25,341.85,333.9,318,349.8,347.15,371,376.3,376.3,392.2,394.85,368.35
Hungary,Energy,Emissions (CO2eq) (AR5),kilotonnes,57748.9,58761.15,57714.2,60798.2,58878.25,59839.45,59352.7,58002,56706.65,50771.25,53109.85,51785.9,48170,45173.8,44175.15,47255,48260.3,50432.3,50820.2,50666.85,48703.95
Hungary,IPPU,Emissions (CH4),kilotonnes,0.247,0.236,0.248,0.244,0.254,0.327,0.322,0.351,0.317,0.281,0.312,0.315,0.27,0.248,0.267,0.314,0.274,0.324,0.318,0.29,0.288
Hungary,IPPU,Emissions (N2O),kilotonnes,6.12,6.79,20,15,16.2,10.7,8.07,9.33,7.54,5.56,5.16,4.61,5.54,5.52,5.54,5.53,5.53,5.52,6.22,5.75,6.35
Hungary,IPPU,Emissions (CO2),kilotonnes,3730,3660,3690,3680,3680,4050,3960,4210,3950,3350,3400,3330,3260,3100,3190,3440,3360,3710,3790,3830,3960
Hungary,IPPU,Emissions (CO2eq) from F-gases (AR5),kilotonnes,1311.8687,1467.3494,1632.5477,1807.4635,2021.2495,2205.8829,2458.5391,2332.211,2545.997,2614.0198,2652.89,2905.5462,3012.4392,3352.5533,3653.7972,3935.6061,4139.6745,4081.3692,4081.3692,4285.4377,4421.4834
Hungary,IPPU,Emissions (CO2eq) from CH4 (AR5),kilotonnes,6.916,6.608,6.944,6.832,7.112,9.156,9.016,9.828,8.876,7.868,8.736,8.82,7.56,6.944,7.476,8.792,7.672,9.072,8.904,8.12,8.064
Hungary,IPPU,Emissions (CO2eq) from N2O (AR5),kilotonnes,1621.8,1799.35,5300,3975,4293,2835.5,2138.55,2472.45,1998.1,1473.4,1367.4,1221.65,1468.1,1462.8,1468.1,1465.45,1465.45,1462.8,1648.3,1523.75,1682.75
Hungary,IPPU,Emissions (CO2eq) (AR5),kilotonnes,6670.5847,6933.3074,10629.4917,9469.2955,10001.3615,9100.5389,8566.1051,9024.489,8502.973,7445.2878,7429.026,7466.0162,7748.0992,7922.2973,8319.3732,8849.8481,8972.7965,9263.2412,9528.5732,9647.3077,10072.2974
Hungary,Waste,Emissions (CH4),kilotonnes,182,175,170,164,159,170,172,167,156,148,136,131,131,119,109,98.3,87.7,88.5,89.2,89,88.5
Hungary,Waste,Emissions (N2O),kilotonnes,0.586,0.585,0.586,0.576,0.578,0.58,0.585,0.581,0.572,0.561,0.554,0.544,0.533,0.524,0.534,0.538,0.562,0.571,0.569,0.612,0.622
Hungary,Waste,Emissions (CO2),kilotonnes,79.7,79.7,79.7,79.7,79.7,80.6,78.3,108,96.8,95.7,110,81.2,81.6,62.9,84.5,41.5,34.8,42.5,38.5,41.3,34
Hungary,Waste,Emissions (CO2eq) from CH4 (AR5),kilotonnes,5096,4900,4760,4592,4452,4760,4816,4676,4368,4144,3808,3668,3668,3332,3052,2752.4,2455.6,2478,2497.6,2492,2478
Hungary,Waste,Emissions (CO2eq) from N2O (AR5),kilotonnes,155.29,155.025,155.29,152.64,153.17,153.7,155.025,153.965,151.58,148.665,146.81,144.16,141.245,138.86,141.51,142.57,148.93,151.315,150.785,162.18,164.83
Hungary,Waste,Emissions (CO2eq) (AR5),kilotonnes,5330.99,5134.725,4994.99,4824.34,4684.87,4994.3,5049.325,4937.965,4616.38,4388.365,4064.81,3893.36,3890.845,3533.76,3278.01,2936.47,2639.33,2671.815,2686.885,2695.48,2676.83
Hungary,Other,Emissions (N2O),kilotonnes,0.796,0.802,0.791,0.826,0.812,0.842,0.829,0.807,0.773,0.718,0.684,0.672,0.626,0.601,0.59,0.62,0.612,0.624,0.616,0.542,0.523
Hungary,Other,Emissions (CO2eq) from N2O (AR5),kilotonnes,210.94,212.53,209.615,218.89,215.18,223.13,219.685,213.855,204.845,190.27,181.26,178.08,165.89,159.265,156.35,164.3,162.18,165.36,163.24,143.63,138.595
Hungary,Other,Emissions (CO2eq) (AR5),kilotonnes,210.94,212.53,209.615,218.89,215.18,223.13,219.685,213.855,204.845,190.27,181.26,178.08,165.89,159.265,156.35,164.3,162.18,165.36,163.24,143.63,138.595
Hungary,Farm-gate emissions,Emissions (CH4),kilotonnes,118.3002,112.9872,111.5603,112.3036,110.5102,105.9409,103.7212,101.663,100.2608,98.0408,96.1415,94.6176,91.772,96.4929,97.6293,99.0855,99.9371,99.6408,101.3513,101.4897,102.1901
Hungary,Farm-gate emissions,Direct emissions (N2O),kilotonnes,8.7617,9.6963,8.7141,8.0659,9.3191,8.5163,8.714,8.5493,9.4392,8.1906,7.9517,8.6415,8.3533,9.3118,9.4351,9.3802,10.7439,10.7064,10.8113,10.7607,11.1948
Hungary,Farm-gate emissions,Indirect emissions (N2O),kilotonnes,2.8233,3.0571,2.7923,2.6237,2.9229,2.6628,2.7521,2.753,2.9411,2.5753,2.5181,2.7228,2.664,2.9315,2.9324,2.9446,3.3578,3.3749,3.3998,3.3674,3.5099
Hungary,Farm-gate emissions,Emissions (N2O),kilotonnes,17.3197,18.3597,17.1345,16.2925,17.7733,16.5525,16.85,16.6583,17.7366,16.035,15.7575,16.6467,16.2138,17.5715,17.7058,17.71,19.502,19.4531,19.6374,19.5301,20.1272
Hungary,Farm-gate emissions,Emissions (CO2),kilotonnes,7295.8789,7175.4923,7206.5195,7071.1734,6965.1819,6922.7624,6917.0085,6769.495,6853.3081,6677.4538,6796.199,6774.0928,6527.1258,6929.8924,7041.423,6998.9739,7149.528,7041.0949,7105.412,7088.4873,7088.8652
Hungary,Farm-gate emissions,Emissions (CO2eq) from CH4 (AR5),kilotonnes,3312.4063,3163.6414,3123.688,3144.5008,3094.2851,2966.3466,2904.1923,2846.5651,2807.3024,2745.1423,2691.9627,2649.2928,2569.6149,2701.8023,2733.6194,2774.3928,2798.2383,2789.9416,2837.8363,2841.713,2861.3241
Hungary,Farm-gate emissions,Emissions (CO2eq) from N2O (AR5),kilotonnes,4589.7163,4865.3279,4540.6518,4317.5118,4709.9307,4386.4032,4465.2448,4414.445,4700.1991,4249.2665,4175.738,4411.3757,4296.6649,4656.4461,4692.0407,4693.1527,5168.0368,5155.0743,5203.924,5175.4729,5333.7158
Hungary,Farm-gate emissions,Emissions (CO2eq) (AR5),kilotonnes,15198.0015,15204.4616,14870.8593,14533.1859,14769.3977,14275.5122,14286.4457,14030.5051,14360.8096,13671.8626,13663.8997,13834.7614,13393.4056,14288.1409,14467.0831,14466.5194,15115.8031,14986.1108,15147.1723,15105.6732,15283.905
Hungary,Land Use change,Emissions (CH4),kilotonnes,0,0,0,0,0,0,0,0,0,0,0,0,0,0,0,0,0,0,0,0,0
Hungary,Land Use change,Emissions (N2O),kilotonnes,0,0,0,0,0,0,0,0,0,0,0,0,0,0,0,0,0,0,0,0,0
Hungary,Land Use change,Emissions (CO2),kilotonnes,0,0,0,0,0,0,0,0,0,0,0,44.257,44.257,44.257,44.257,44.257,363.1129,363.1129,363.1129,363.1129,363.1129
Hungary,Land Use change,Emissions (CO2eq) from CH4 (AR5),kilotonnes,0,0,0,0,0,0,0,0,0,0,0,0,0,0,0,0,0,0,0,0,0
Hungary,Land Use change,Emissions (CO2eq) from N2O (AR5),kilotonnes,0,0,0,0,0,0,0,0,0,0,0,0,0,0,0,0,0,0,0,0,0
Hungary,Land Use change,Emissions (CO2eq) (AR5),kilotonnes,0,0,0,0,0,0,0,0,0,0,0,44.257,44.257,44.257,44.257,44.257,363.1129,363.1129,363.1129,363.1129,363.1129
Hungary,Emissions on agricultural land,Emissions (CH4),kilotonnes,118.3002,112.9872,111.5603,112.3036,110.5102,105.9409,103.7212,101.663,100.2608,98.0408,96.1415,94.6176,91.772,96.4929,97.6293,99.0855,99.9371,99.6408,101.3513,101.4897,102.1901
Hungary,Emissions on agricultural land,Emissions (N2O),kilotonnes,17.3197,18.3597,17.1345,16.2925,17.7733,16.5525,16.85,16.6583,17.7366,16.035,15.7575,16.6467,16.2138,17.5715,17.7058,17.71,19.502,19.4531,19.6374,19.5301,20.1272
Hungary,Emissions on agricultural land,Emissions (CO2),kilotonnes,7295.8789,7175.4923,7206.5195,7071.1734,6965.1819,6922.7624,6917.0085,6769.495,6853.3081,6677.4538,6796.199,6818.3498,6571.3827,6974.1494,7085.68,7043.2309,7512.641,7404.2079,7468.5249,7451.6002,7451.9781
Hungary,Emissions on agricultural land,Emissions (CO2eq) from CH4 (AR5),kilotonnes,3312.4063,3163.6414,3123.688,3144.5008,3094.2851,2966.3466,2904.1923,2846.5651,2807.3024,2745.1423,2691.9627,2649.2928,2569.6149,2701.8023,2733.6194,2774.3928,2798.2383,2789.9416,2837.8363,2841.713,2861.3241
Hungary,Emissions on agricultural land,Emissions (CO2eq) from N2O (AR5),kilotonnes,4589.7163,4865.3279,4540.6518,4317.5118,4709.9307,4386.4032,4465.2448,4414.445,4700.1991,4249.2665,4175.738,4411.3757,4296.6649,4656.4461,4692.0407,4693.1527,5168.0368,5155.0743,5203.924,5175.4729,5333.7158
Hungary,Emissions on agricultural land,Emissions (CO2eq) (AR5),kilotonnes,15198.0015,15204.4616,14870.8593,14533.1859,14769.3977,14275.5122,14286.4457,14030.5051,14360.8096,13671.8626,13663.8997,13879.0184,13437.6625,14332.3978,14511.3401,14510.7763,15478.916,15349.2238,15510.2852,15468.7861,15647.018
Hungary,Pre- and post- production,Emissions (CH4),kilotonnes,56.3373,57.702,59.5924,101.5184,107.3357,87.4736,84.4669,84.5212,95.6756,111.42,102.1446,95.3638,106.1765,109.9759,112.5782,99.8043,118.1019,114.3423,110.6687,106.9755,103.0698
Hungary,Pre- and post- production,Emissions (N2O),kilotonnes,0.5851,0.5706,0.5966,0.5869,0.5868,0.5806,0.5771,0.5591,0.5599,0.5566,0.541,0.5411,0.5411,0.5327,0.5484,0.5923,0.6097,4.2395,3.4052,3.2056,3.0768
Hungary,Pre- and post- production,Emissions (CO2),kilotonnes,7926.4191,8477.7885,8452.0962,8876.8824,8334.9201,7728.1514,7577.2505,7031.6475,7056.9723,6522.2163,6487.9708,6392.2022,6131.5346,6181.6355,6379.7301,6600.7551,6843.3615,6866.7827,6823.7975,6641.8192,6392.7559
Hungary,Pre- and post- production,Emissions (CO2eq) from F-gases (AR5),kilotonnes,502.876,641.063,780.289,953.2825,1132.51,1285.243,1438.4955,1591.748,1612.528,1623.4375,1629.6715,1633.308,1635.9055,1637.9835,1637.9835,1637.9835,1778.2485,1815.133,1851.498,1887.863,1947.7952
Hungary,Pre- and post- production,Emissions (CO2eq) from CH4 (AR5),kilotonnes,1577.4435,1615.6553,1668.5875,2842.5152,3005.3991,2449.2615,2365.0727,2366.5929,2678.9162,3119.7611,2860.0481,2670.1857,2972.9415,3079.3253,3152.1888,2794.5211,3306.8521,3201.5852,3098.7222,2995.3135,2885.9546
Hungary,Pre- and post- production,Emissions (CO2eq) from N2O (AR5),kilotonnes,155.0465,151.2041,158.091,155.5399,155.4974,153.8699,152.9325,148.1601,148.3622,147.487,143.3781,143.3883,143.3989,141.1586,145.3379,156.9514,161.5652,1123.4727,902.3793,849.4821,815.3528
Hungary,Pre- and post- production,Emissions (CO2eq) (AR5),kilotonnes,10161.7851,10885.7109,11059.0637,12828.22,12628.3267,11616.5257,11533.7512,11138.1485,11496.7787,11412.902,11121.0685,10839.0842,10883.7806,11040.1029,11315.2402,11190.211,12090.0273,13006.9735,12676.397,12374.4778,12041.8585
Hungary,Agri-food systems,Emissions (CH4),kilotonnes,174.6375,170.6892,171.1527,213.822,217.8459,193.4146,188.188,186.1842,195.9364,209.4608,198.2861,189.9814,197.9484,206.4688,210.2074,198.8898,218.0389,213.9831,212.0199,208.4652,205.26
Hungary,Agri-food systems,Emissions (N2O),kilotonnes,17.9048,18.9303,17.7311,16.8794,18.3601,17.1331,17.4271,17.2174,18.2965,16.5915,16.2986,17.1878,16.755,18.1042,18.2543,18.3023,20.1117,23.6926,23.0427,22.7357,23.204
Hungary,Agri-food systems,Emissions (CO2),kilotonnes,15222.298,15653.2808,15658.6157,15948.0558,15300.102,14650.9138,14494.2589,13801.1425,13910.2804,13199.6701,13284.1698,13210.552,12702.9174,13155.7849,13465.41,13643.9859,14356.0025,14270.9905,14292.3224,14093.4194,13844.734
Hungary,Agri-food systems,Emissions (CO2eq) from F-gases (AR5),kilotonnes,502.876,641.063,780.289,953.2825,1132.51,1285.243,1438.4955,1591.748,1612.528,1623.4375,1629.6715,1633.308,1635.9055,1637.9835,1637.9835,1637.9835,1778.2485,1815.133,1851.498,1887.863,1947.7952
Hungary,Agri-food systems,Emissions (CO2eq) from CH4 (AR5),kilotonnes,4889.8498,4779.2967,4792.2755,5987.016,6099.6843,5415.6081,5269.2651,5213.158,5486.2186,5864.9034,5552.0108,5319.4785,5542.5565,5781.1276,5885.8082,5568.9139,6105.0904,5991.5268,5936.5586,5837.0265,5747.2787
Hungary,Agri-food systems,Emissions (CO2eq) from N2O (AR5),kilotonnes,4744.7628,5016.532,4698.7428,4473.0517,4865.4282,4540.2731,4618.1774,4562.6051,4848.5613,4396.7535,4319.1161,4554.7641,4440.0638,4797.6047,4837.3786,4850.104,5329.602,6278.547,6106.3033,6024.955,6149.0686
Hungary,Agri-food systems,Emissions (CO2eq) (AR5),kilotonnes,25359.7865,26090.1726,25929.923,27361.406,27397.7244,25892.0379,25820.1969,25168.6536,25857.5883,25084.7646,24784.9682,24718.1026,24321.4431,25372.5007,25826.5803,25700.9873,27568.9433,28356.1973,28186.6822,27843.2639,27688.8765
Hungary,IPCC Agriculture,Emissions (CH4),kilotonnes,118.1289,112.8117,111.3758,112.1396,110.3364,105.7548,103.5374,101.516,100.108,97.917,96.0273,94.5202,91.692,96.3878,97.5139,98.976,99.8149,99.5275,101.2353,101.3736,102.074
Hungary,IPCC Agriculture,Emissions (CH4),kilotonnes,114.8845,110.7236,111.0108,110.7893,105.9961,103.8832,100.3715,101.021,98.3854,95.6174,94.8103,94.3226,97.5233,99.0977,102.3093,105.2616,107.0068,106.7269,108.7199,108.8765,110.1802
Hungary,IPCC Agriculture,Direct emissions (N2O),kilotonnes,8.7617,9.6963,8.7141,8.0659,9.3191,8.5163,8.714,8.5493,9.4392,8.1906,7.9517,8.6415,8.3533,9.3118,9.4351,9.3802,10.7439,10.7064,10.8113,10.7607,11.1948
Hungary,IPCC Agriculture,Indirect emissions (N2O),kilotonnes,2.8233,3.0571,2.7923,2.6237,2.9229,2.6628,2.7521,2.753,2.9411,2.5753,2.5181,2.7228,2.664,2.9315,2.9324,2.9446,3.3578,3.3749,3.3998,3.3674,3.5099
Hungary,IPCC Agriculture,Emissions (N2O),kilotonnes,16.9416,18.0539,16.8091,15.9845,17.4913,16.2937,16.5631,16.3827,17.4426,15.7634,15.438,16.3384,15.9586,17.2042,17.3346,17.3132,19.0902,19.0488,19.1841,19.0603,19.6574
Hungary,IPCC Agriculture,Emissions (N2O),kilotonnes,10.6182,11.6067,11.6505,11.0497,12.2746,11.3867,11.5451,11.3696,11.8965,10.8839,10.6685,11.3297,11.142,12.222,12.7892,13.148,14.0396,14.0261,14.0528,14.0075,14.4402
Hungary,IPCC Agriculture,Emissions (CO2),kilotonnes,104.2017,108.1792,116.7825,127.1595,151.4247,142.2618,143.5778,149.1109,90.7477,98.0475,105.8196,129.4337,142.2901,174.0068,168.9144,202.8333,208.9762,222.9924,213.6429,216.8334,239.3219
Hungary,IPCC Agriculture,Emissions (CO2eq) from CH4 (AR5),kilotonnes,3307.6081,3158.7286,3118.5222,3139.9085,3089.4198,2961.133,2899.0469,2842.4479,2803.0245,2741.6751,2688.7642,2646.5656,2567.3748,2698.8587,2730.3906,2771.3268,2794.818,2786.7693,2834.5885,2838.4614,2858.0725
Hungary,IPCC Agriculture,Emissions (CO2eq) from CH4 (AR5),kilotonnes,3216.7656,3100.2604,3108.3037,3102.1013,2967.8906,2908.7291,2810.4026,2828.5874,2754.7925,2677.288,2654.6896,2641.0337,2730.6531,2774.7358,2864.6598,2947.3255,2996.1901,2988.3538,3044.1585,3048.5408,3085.0449
Hungary,IPCC Agriculture,Emissions (CO2eq) from N2O (AR5),kilotonnes,4489.5219,4784.295,4454.4172,4235.8937,4635.1865,4317.8292,4389.2108,4341.4235,4622.2761,4177.2888,4091.0775,4329.668,4229.0266,4559.1047,4593.6698,4587.9885,5058.9061,5047.9399,5083.7765,5050.9701,5209.213
Hungary,IPCC Agriculture,Emissions (CO2eq) from N2O (AR5),kilotonnes,2813.814,3075.7856,3087.384,2928.1605,3252.7793,3017.4877,3059.4552,3012.9377,3152.5762,2884.2243,2827.155,3002.3673,2952.6314,3238.8412,3389.1419,3484.2121,3720.4809,3716.9221,3723.9886,3711.9932,3826.6582
Hungary,IPCC Agriculture,Emissions (CO2eq) (AR5),kilotonnes,7797.13,7943.0236,7572.9394,7375.8022,7724.6063,7278.9623,7288.2577,7183.8714,7425.3005,6918.9639,6779.8417,6976.2336,6796.4015,7257.9634,7324.0603,7359.3153,7853.7241,7834.7092,7918.365,7889.4316,8067.2855
Hungary,IPCC Agriculture,Emissions (CO2eq) (AR5),kilotonnes,6134.7814,6284.2252,6312.4702,6157.4212,6372.0946,6068.4786,6013.4356,5990.636,5998.1163,5659.5599,5587.6641,5772.8347,5825.5746,6187.5838,6422.716,6634.3709,6925.6472,6928.2684,6981.79,6977.3675,7151.025
Hungary,Agricultural Soils,Direct emissions (N2O),kilotonnes,8.7617,9.6963,8.7141,8.0659,9.3191,8.5163,8.714,8.5493,9.4392,8.1906,7.9517,8.6415,8.3533,9.3118,9.4351,9.3802,10.7439,10.7064,10.8113,10.7607,11.1948
Hungary,Agricultural Soils,Direct emissions (N2O),kilotonnes,8.0637,9.0805,9.0825,8.4923,9.7624,9.029,9.2102,9.0272,9.6702,8.7765,8.5684,9.227,9.0056,10.025,10.5197,10.8006,11.676,11.6742,11.7141,11.6595,12.0679
Hungary,Agricultural Soils,Indirect emissions (N2O),kilotonnes,2.8233,3.0571,2.7923,2.6237,2.9229,2.6628,2.7521,2.753,2.9411,2.5753,2.5181,2.7228,2.664,2.9315,2.9324,2.9446,3.3578,3.3749,3.3998,3.3674,3.5099
Hungary,Agricultural Soils,Indirect emissions (N2O),kilotonnes,0.7652,0.7909,0.8184,0.8075,0.8315,0.7525,0.7717,0.787,0.7196,0.6695,0.6671,0.6924,0.6914,0.7539,0.7781,0.8238,0.8522,0.8776,0.8743,0.8733,0.9115
Hungary,Agricultural Soils,Emissions (N2O),kilotonnes,15.4956,16.6562,15.3984,14.5621,16.0746,15.0118,15.2992,15.1344,16.2099,14.5957,14.3022,15.1995,14.8528,16.0788,16.2024,16.1598,17.9343,17.914,18.0373,17.9302,18.5072
Hungary,Agricultural Soils,Emissions (N2O),kilotonnes,8.8288,9.8714,9.9009,9.2998,10.594,9.7815,9.9819,9.8142,10.3898,9.446,9.2355,9.9194,9.6969,10.7789,11.2978,11.6245,12.5282,12.5518,12.5883,12.5328,12.9795
Hungary,Agricultural Soils,Emissions (CO2eq) from N2O (AR5),kilotonnes,4106.3402,4413.8841,4080.5772,3858.9686,4259.7662,3978.1394,4054.2842,4010.6179,4295.6235,3867.8688,3790.0934,4027.8593,3935.9794,4260.8822,4293.6381,4282.3427,4752.5866,4747.2,4779.8837,4751.5081,4904.3996
Hungary,Agricultural Soils,Emissions (CO2eq) from N2O (AR5),kilotonnes,2339.6423,2615.9291,2623.7375,2464.4505,2807.4003,2592.0952,2645.2037,2600.7627,2753.2941,2503.1848,2447.4189,2628.6466,2569.6809,2856.4095,2993.9121,3080.4801,3319.9801,3326.2359,3335.9035,3321.2025,3439.5578
Hungary,Agricultural Soils,Emissions (CO2eq) (AR5),kilotonnes,4106.3402,4413.8841,4080.5772,3858.9686,4259.7662,3978.1394,4054.2842,4010.6179,4295.6235,3867.8688,3790.0934,4027.8593,3935.9794,4260.8822,4293.6381,4282.3427,4752.5866,4747.2,4779.8837,4751.5081,4904.3996
Hungary,Agricultural Soils,Emissions (CO2eq) (AR5),kilotonnes,2339.6423,2615.9291,2623.7375,2464.4505,2807.4003,2592.0952,2645.2037,2600.7627,2753.2941,2503.1848,2447.4189,2628.6466,2569.6809,2856.4095,2993.9121,3080.4801,3319.9801,3326.2359,3335.9035,3321.2025,3439.5578
Hungary,LULUCF,Emissions (CH4),kilotonnes,0.0218,0.005,0,0.0175,0.0624,0.01,0.2246,0.1672,0.0025,0.0225,0,0.0025,0.0225,0,0.0948,0,0,0.005,0,0.005,0
Hungary,LULUCF,Emissions (CH4),kilotonnes,1.029,0.7492,0.8016,0.7301,0.5238,0.9514,0.2954,0.7949,0.4824,0.7232,0.3632,0.9314,1.4214,0.4738,0.6925,0.8005,0.3634,0.7586,0.3828,0.6414,
Hungary,LULUCF,Emissions (N2O),kilotonnes,0.0012,0.0005,0,0.0016,0.0057,0.0009,0.0205,0.0153,0.0002,0.0021,0,0.0002,0.0021,0,0.0087,0,0,0.0005,0,0.0005,0
Hungary,LULUCF,Emissions (N2O),kilotonnes,0.2146,0.204,0.2091,0.2103,0.1986,0.2248,0.1811,0.2112,0.1802,0.2084,0.1637,0.1997,0.2521,0.1714,0.1887,0.1855,0.1501,0.1679,0.1403,0.1503,
Hungary,LULUCF,Emissions (CO2),kilotonnes,1528.1515,2298.4517,2282.9672,2254.8671,2197.3119,2197.4787,2197.9712,2196.5524,2192.5485,2192.831,2196.5312,1272.4929,1272.8738,1272.8738,1271.6787,1271.6787,1838.586,1838.8251,1829.5232,1797.2687,1797.6467
Hungary,LULUCF,Emissions (CO2),kilotonnes,-1147.0613,-2718.4214,-2222.1977,-4454.6572,-3512.1175,-5900.4236,-3726.9521,-4128.1569,-5965.532,-4499.6969,-4610.9117,-4329.4729,-5184.2909,-4092.8961,-5443.8295,-5948.0249,-4709.0687,-5448.6657,-4710.6477,-5629.157,
Hungary,LULUCF,Emissions (CO2eq) from CH4 (AR5),kilotonnes,0.6103,0.1398,0,0.4891,1.7469,0.2795,6.2892,4.6816,0.0699,0.6289,0,0.0699,0.629,0,2.6554,0,0,0.1398,0,0.1398,0
Hungary,LULUCF,Emissions (CO2eq) from N2O (AR5),kilotonnes,0.3196,0.1208,0,0.4226,1.5095,0.2415,5.4347,4.0455,0.0604,0.5435,0,0.0604,0.5435,0,2.2946,0,0,0.1208,0,0.1208,0
Hungary,LULUCF,Emissions (CO2eq) (AR5),kilotonnes,1529.0814,2298.7122,2282.9672,2255.7788,2200.5683,2197.9998,2209.695,2205.2796,2192.6788,2194.0034,2196.5312,1272.6231,1274.0463,1272.8738,1276.6287,1271.6787,1838.586,1839.0856,1829.5232,1797.5293,1797.6467
Hungary,LULUCF,Emissions (CO2eq) (AR5),kilotonnes,-1147.0613,-2718.4214,-2222.1977,-4454.6572,-3512.1175,-5900.4236,-3726.9521,-4128.1569,-5965.532,-4499.6969,-4610.9117,-4329.4729,-5184.2909,-4092.8961,-5443.8295,-5948.0249,-4709.0687,-5448.6657,-4710.6477,-5629.157,
Hungary,AFOLU,Emissions (CH4),kilotonnes,118.1507,112.8167,111.3758,112.1571,110.3988,105.7647,103.762,101.6832,100.1105,97.9394,96.0273,94.5227,91.7144,96.3878,97.6088,98.976,99.8149,99.5325,101.2353,101.3786,102.074
Hungary,AFOLU,Emissions (N2O),kilotonnes,16.9428,18.0544,16.8091,15.9861,17.497,16.2946,16.5836,16.398,17.4428,15.7654,15.438,16.3386,15.9606,17.2042,17.3433,17.3132,19.0902,19.0493,19.1841,19.0607,19.6574
Hungary,AFOLU,Emissions (CO2),kilotonnes,1528.1515,2298.4517,2282.9672,2254.8671,2197.3119,2197.4787,2197.9712,2196.5524,2192.5485,2192.831,2196.5312,1272.4929,1272.8738,1272.8738,1271.6787,1271.6787,1838.586,1838.8251,1829.5232,1797.2687,1797.6467
Hungary,AFOLU,Emissions (CO2eq) from CH4 (AR5),kilotonnes,3308.2184,3158.8684,3118.5222,3140.3976,3091.1667,2961.4126,2905.3361,2847.1295,2803.0943,2742.304,2688.7642,2646.6355,2568.0038,2698.8587,2733.046,2771.3268,2794.818,2786.9091,2834.5885,2838.6012,2858.0725
Hungary,AFOLU,Emissions (CO2eq) from N2O (AR5),kilotonnes,4489.8415,4784.4158,4454.4172,4236.3163,4636.696,4318.0708,4394.6455,4345.469,4622.3364,4177.8323,4091.0775,4329.7284,4229.5701,4559.1047,4595.9644,4587.9885,5058.9061,5048.0606,5083.7765,5051.0909,5209.213
Hungary,AFOLU,Emissions (CO2eq) (AR5),kilotonnes,9326.2114,10241.7358,9855.9066,9631.581,9925.1746,9476.962,9497.9528,9389.151,9617.9793,9112.9673,8976.3729,8248.8567,8070.4477,8530.8372,8600.689,8630.994,9692.3101,9673.7948,9747.8882,9686.9608,9864.9322
Hungary,All sectors with LULUCF,Emissions (CH4),kilotonnes,398.4977,387.2527,382.6238,380.4011,369.6528,381.0917,381.084,372.0342,355.9275,351.2204,338.3393,334.8377,331.9844,323.6358,307.8758,300.59,290.7889,290.3565,291.7533,289.6686,288.562
Hungary,All sectors with LULUCF,Emissions (N2O),kilotonnes,25.5848,27.3014,39.2661,33.4681,36.137,29.5466,27.2476,28.316,27.5378,23.8544,23.126,23.4246,23.8596,25.1692,25.3173,25.4012,27.2142,27.1843,28.0691,27.4547,28.5424
Hungary,All sectors with LULUCF,Emissions (CO2),kilotonnes,60037.8515,61738.1517,60652.6672,63614.5671,61757.0119,62928.0787,62336.2712,61314.5524,59839.3485,53138.531,55506.5312,53083.6929,49414.4738,46235.7738,45546.1787,48753.1787,50233.386,52791.3251,53258.0232,53168.5687,51391.6467
Hungary,All sectors with LULUCF,Emissions (CO2eq) from F-gases (AR5),kilotonnes,1311.8687,1467.3494,1632.5477,1807.4635,2021.2495,2205.8829,2458.5391,2332.211,2545.997,2614.0198,2652.89,2905.5462,3012.4392,3352.5533,3653.7972,3935.6061,4139.6745,4081.3692,4081.3692,4285.4377,4421.4834
Hungary,All sectors with LULUCF,Emissions (CO2eq) from CH4 (AR5),kilotonnes,11157.9344,10843.0764,10713.4662,10651.2296,10350.2787,10670.5686,10670.3521,10416.9575,9965.9703,9834.172,9473.5002,9375.4555,9295.5638,9061.8027,8620.522,8416.5188,8142.09,8129.9811,8169.0925,8110.7212,8079.7365
Hungary,All sectors with LULUCF,Emissions (CO2eq) from N2O (AR5),kilotonnes,6779.9715,7234.8708,10405.5222,8869.0463,9576.296,7829.8508,7220.6055,7503.739,7297.5114,6321.4173,6128.3975,6207.5184,6322.8051,6669.8297,6709.0744,6731.3085,7211.7661,7203.8356,7438.3015,7275.5009,7563.738
Hungary,All sectors with LULUCF,Emissions (CO2eq) (AR5),kilotonnes,79287.6261,81283.4482,83404.2033,84942.3065,83704.8362,83634.3809,82685.7679,81567.46,79648.8273,71908.1402,73761.3189,71572.2129,68045.282,65319.9595,64529.5723,67836.612,69726.9166,72206.511,72946.7865,72840.2285,71456.6045
Hungary,All sectors without LULUCF,Emissions (CH4),kilotonnes,398.4759,387.2477,382.6238,380.3836,369.5904,381.0818,380.8594,371.867,355.925,351.198,338.3393,334.8352,331.962,323.6358,307.7809,300.59,290.7889,290.3515,291.7533,289.6636,288.562
Hungary,All sectors without LULUCF,Emissions (N2O),kilotonnes,25.5836,27.3009,39.2661,33.4665,36.1313,29.5457,27.2271,28.3007,27.5376,23.8524,23.126,23.4244,23.8576,25.1692,25.3086,25.4012,27.2142,27.1838,28.0691,27.4543,28.5424
Hungary,All sectors without LULUCF,Emissions (CO2),kilotonnes,58509.7,59439.7,58369.7,61359.7,59559.7,60730.6,60138.3,59118,57646.8,50945.7,53310,51811.2,48141.6,44962.9,44274.5,47481.5,48394.8,50952.5,51428.5,51371.3,49594
Hungary,All sectors without LULUCF,Emissions (CO2eq) from F-gases (AR5),kilotonnes,1311.8687,1467.3494,1632.5477,1807.4635,2021.2495,2205.8829,2458.5391,2332.211,2545.997,2614.0198,2652.89,2905.5462,3012.4392,3352.5533,3653.7972,3935.6061,4139.6745,4081.3692,4081.3692,4285.4377,4421.4834
Hungary,All sectors without LULUCF,Emissions (CO2eq) from CH4 (AR5),kilotonnes,11157.3241,10842.9366,10713.4662,10650.7405,10348.5318,10670.289,10664.0629,10412.2759,9965.9005,9833.5431,9473.5002,9375.3856,9294.9348,9061.8027,8617.8666,8416.5188,8142.09,8129.8413,8169.0925,8110.5814,8079.7365
Hungary,All sectors without LULUCF,Emissions (CO2eq) from N2O (AR5),kilotonnes,6779.6519,7234.75,10405.5222,8868.6237,9574.7865,7829.6092,7215.1708,7499.6935,7297.4511,6320.8738,6128.3975,6207.458,6322.2616,6669.8297,6706.7798,6731.3085,7211.7661,7203.7149,7438.3015,7275.3801,7563.738
Hungary,All sectors without LULUCF,Emissions (CO2eq) (AR5),kilotonnes,77758.5447,78984.736,81121.2361,82686.5277,81504.2679,81436.3812,80476.0728,79362.1804,77456.1485,69714.1367,71564.7877,70299.5898,66771.2357,64047.0857,63252.9436,66564.9334,67888.3306,70367.4254,71117.2633,71042.6993,69658.9578
Iceland,Crop Residues,Direct emissions (N2O),kilotonnes,0.0004,0.0004,0.0004,0.0004,0.0004,0.0005,0.0005,0.0004,0.0004,0.0004,0.0004,0.0003,0.0003,0.0003,0.0003,0.0012,0.0018,0.0018,0.0011,0.0018,0.0016
Iceland,Crop Residues,Direct emissions (N2O),kilotonnes,0.0002,0.0002,0.0002,0.0002,0.0003,0.0003,0.0004,0.0004,0.0004,0.0004,0.0004,0.0003,0.0004,0.0002,0.0002,0.0002,0.0003,0.0003,0.0002,0.0003,0.0002
Iceland,Crop Residues,Indirect emissions (N2O),kilotonnes,0.0001,0.0001,0.0001,0.0001,0.0001,0.0001,0.0001,0.0001,0.0001,0.0001,0.0001,0.0001,0.0001,0.0001,0.0001,0.0003,0.0004,0.0004,0.0002,0.0004,0.0004
Iceland,Crop Residues,Emissions (N2O),kilotonnes,0.0005,0.0005,0.0005,0.0005,0.0005,0.0006,0.0006,0.0005,0.0005,0.0005,0.0005,0.0004,0.0004,0.0003,0.0004,0.0015,0.0022,0.0022,0.0013,0.0022,0.002
Iceland,Crop Residues,Emissions (N2O),kilotonnes,0.0002,0.0002,0.0002,0.0002,0.0003,0.0003,0.0004,0.0004,0.0004,0.0004,0.0004,0.0003,0.0004,0.0002,0.0002,0.0002,0.0003,0.0003,0.0002,0.0003,0.0002
Iceland,Crop Residues,Emissions (CO2eq) from N2O (AR5),kilotonnes,0.1245,0.1452,0.132,0.1232,0.143,0.1523,0.1504,0.1441,0.1415,0.1261,0.1413,0.0931,0.1046,0.0851,0.1077,0.4032,0.5803,0.5705,0.349,0.5962,0.5176
Iceland,Crop Residues,Emissions (CO2eq) from N2O (AR5),kilotonnes,0.0527,0.0633,0.0534,0.0599,0.069,0.0689,0.0985,0.0966,0.1108,0.1059,0.102,0.0702,0.1057,0.0494,0.0636,0.0602,0.0732,0.0696,0.0423,0.0711,0.0628
Iceland,Crop Residues,Emissions (CO2eq) (AR5),kilotonnes,0.1245,0.1452,0.132,0.1232,0.143,0.1523,0.1504,0.1441,0.1415,0.1261,0.1413,0.0931,0.1046,0.0851,0.1077,0.4032,0.5803,0.5705,0.349,0.5962,0.5176
Iceland,Crop Residues,Emissions (CO2eq) (AR5),kilotonnes,0.0527,0.0633,0.0534,0.0599,0.069,0.0689,0.0985,0.0966,0.1108,0.1059,0.102,0.0702,0.1057,0.0494,0.0636,0.0602,0.0732,0.0696,0.0423,0.0711,0.0628
Iceland,Enteric Fermentation,Emissions (CH4),kilotonnes,10.8619,10.7589,10.4605,10.3149,10.1468,10.255,10.5168,10.6795,10.8082,10.9912,11.0395,10.9527,10.7828,10.4455,11.085,11.3498,11.2656,11.0984,10.9532,10.7657,10.4492
Iceland,Enteric Fermentation,Emissions (CH4),kilotonnes,11.913,11.981,11.7644,11.6224,11.469,11.5612,11.7826,11.9537,12.0742,12.2456,12.1224,12.1035,11.9833,11.716,12.455,12.5536,12.7224,12.4403,12.0439,11.8664,11.6515
Iceland,Enteric Fermentation,Emissions (CO2eq) from CH4 (AR5),kilotonnes,304.1321,301.2491,292.8953,288.8173,284.11,287.1407,294.47,299.0259,302.6309,307.7538,309.1067,306.6756,301.9187,292.4748,310.3788,317.7956,315.4365,310.7546,306.6904,301.4388,292.578
Iceland,Enteric Fermentation,Emissions (CO2eq) from CH4 (AR5),kilotonnes,333.5654,335.4683,329.4027,325.4278,321.1325,323.7126,329.9122,334.7033,338.0764,342.8756,339.4283,338.8993,335.5335,328.0492,348.7411,351.5012,356.228,348.3286,337.2279,332.2598,326.2432
Iceland,Enteric Fermentation,Emissions (CO2eq) (AR5),kilotonnes,304.1321,301.2491,292.8953,288.8173,284.11,287.1407,294.47,299.0259,302.6309,307.7538,309.1067,306.6756,301.9187,292.4748,310.3788,317.7956,315.4365,310.7546,306.6904,301.4388,292.578
Iceland,Enteric Fermentation,Emissions (CO2eq) (AR5),kilotonnes,333.5654,335.4683,329.4027,325.4278,321.1325,323.7126,329.9122,334.7033,338.0764,342.8756,339.4283,338.8993,335.5335,328.0492,348.7411,351.5012,356.228,348.3286,337.2279,332.2598,326.2432
Iceland,Manure Management,Emissions (CH4),kilotonnes,1.3555,1.3209,1.2516,1.2749,1.2085,1.2505,1.2987,1.3165,1.3596,1.3583,1.3248,1.2933,1.2772,1.1832,1.2671,1.3104,1.2977,1.2974,1.2967,1.2764,1.2453
Iceland,Manure Management,Emissions (CH4),kilotonnes,2.2923,2.2777,2.2294,2.194,2.1497,2.1968,2.304,2.3588,2.3703,2.3955,2.2605,2.329,2.2238,2.136,2.3278,2.3708,2.4174,2.3799,2.3291,2.289,2.2479
Iceland,Manure Management,Emissions (N2O),kilotonnes,0.0608,0.0593,0.0572,0.0568,0.055,0.0559,0.058,0.0591,0.0603,0.0612,0.0605,0.06,0.0589,0.056,0.0602,0.0626,0.0623,0.0626,0.0621,0.0614,0.0605
Iceland,Manure Management,Emissions (N2O),kilotonnes,0.0652,0.065,0.0643,0.0636,0.0628,0.0632,0.0639,0.0651,0.0647,0.0658,0.0652,0.0656,0.0647,0.0635,0.0672,0.0668,0.0677,0.066,0.0633,0.0616,0.0598
Iceland,Manure Management,Emissions (CO2eq) from CH4 (AR5),kilotonnes,37.9531,36.9842,35.0439,35.697,33.8374,35.0149,36.3623,36.8626,38.0697,38.0327,37.095,36.2135,35.7609,33.1307,35.4793,36.6916,36.3362,36.3272,36.3069,35.7392,34.8685
Iceland,Manure Management,Emissions (CO2eq) from CH4 (AR5),kilotonnes,64.1836,63.7752,62.4232,61.4307,60.1924,61.5093,64.5116,66.0465,66.3698,67.0736,63.2944,65.2128,62.2666,59.8079,65.1787,66.3821,67.6876,66.6369,65.2151,64.0923,62.94
Iceland,Manure Management,Emissions (CO2eq) from N2O (AR5),kilotonnes,16.108,15.7236,15.1518,15.0538,14.5772,14.8192,15.3823,15.6681,15.9819,16.211,16.0401,15.9057,15.607,14.8449,15.9608,16.5851,16.5085,16.5935,16.466,16.2607,16.0293
Iceland,Manure Management,Emissions (CO2eq) from N2O (AR5),kilotonnes,17.2811,17.2343,17.028,16.8609,16.6469,16.7458,16.9396,17.2463,17.1384,17.4379,17.2804,17.3951,17.1434,16.8248,17.7973,17.7034,17.9334,17.4991,16.7739,16.3163,15.8469
Iceland,Manure Management,Emissions (CO2eq) (AR5),kilotonnes,54.0611,52.7078,50.1957,50.7508,48.4146,49.8341,51.7446,52.5307,54.0516,54.2437,53.1351,52.1193,51.3679,47.9756,51.4401,53.2767,52.8447,52.9207,52.773,51.9999,50.8978
Iceland,Manure Management,Emissions (CO2eq) (AR5),kilotonnes,81.4647,81.0096,79.4512,78.2915,76.8393,78.2551,81.4512,83.2927,83.5082,84.5115,80.5748,82.6079,79.41,76.6327,82.976,84.0854,85.621,84.136,81.989,80.4086,78.7869
Iceland,Manure left on Pasture,Direct emissions (N2O),kilotonnes,0.1768,0.1771,0.1734,0.1713,0.1694,0.1714,0.1736,0.1752,0.1769,0.1799,0.1821,0.1812,0.1791,0.174,0.1822,0.1833,0.1813,0.1749,0.1715,0.1673,0.1595
Iceland,Manure left on Pasture,Indirect emissions (N2O),kilotonnes,0.0664,0.0668,0.0656,0.0649,0.0642,0.0649,0.0655,0.066,0.0665,0.0676,0.0686,0.0683,0.0676,0.0658,0.0685,0.0685,0.0675,0.0647,0.0632,0.0615,0.0582
Iceland,Manure left on Pasture,Emissions (N2O),kilotonnes,0.2432,0.2439,0.2389,0.2362,0.2337,0.2363,0.2391,0.2412,0.2434,0.2475,0.2506,0.2495,0.2467,0.2398,0.2508,0.2519,0.2488,0.2396,0.2347,0.2289,0.2177
Iceland,Manure left on Pasture,Emissions (CO2eq) from N2O (AR5),kilotonnes,64.4469,64.6424,63.3135,62.5956,61.9185,62.6195,63.3568,63.9236,64.4992,65.5985,66.42,66.1305,65.3648,63.5545,66.4539,66.7417,65.9258,63.5036,62.195,60.6473,57.6805
Iceland,Manure left on Pasture,Emissions (CO2eq) (AR5),kilotonnes,64.4469,64.6424,63.3135,62.5956,61.9185,62.6195,63.3568,63.9236,64.4992,65.5985,66.42,66.1305,65.3648,63.5545,66.4539,66.7417,65.9258,63.5036,62.195,60.6473,57.6805
Iceland,Manure applied to Soils,Direct emissions (N2O),kilotonnes,0.065,0.0635,0.0613,0.0612,0.0591,0.0604,0.0623,0.0633,0.0647,0.0657,0.065,0.0648,0.0637,0.06,0.0644,0.0665,0.0663,0.0664,0.0657,0.0647,0.0636
Iceland,Manure applied to Soils,Direct emissions (N2O),kilotonnes,0.1122,0.1117,0.1099,0.1084,0.1068,0.1077,0.1099,0.1119,0.1115,0.1135,0.1117,0.1127,0.1104,0.1084,0.1152,0.1152,0.1167,0.1141,0.1098,0.1069,0.1041
Iceland,Manure applied to Soils,Indirect emissions (N2O),kilotonnes,0.0276,0.027,0.0261,0.026,0.0251,0.0256,0.0265,0.0269,0.0275,0.0279,0.0276,0.0275,0.0271,0.0255,0.0274,0.0283,0.0282,0.0282,0.0279,0.0275,0.027
Iceland,Manure applied to Soils,Emissions (N2O),kilotonnes,0.0926,0.0904,0.0874,0.0872,0.0842,0.086,0.0888,0.0902,0.0922,0.0936,0.0927,0.0923,0.0907,0.0855,0.0918,0.0948,0.0945,0.0946,0.0936,0.0921,0.0906
Iceland,Manure applied to Soils,Emissions (N2O),kilotonnes,0.1122,0.1117,0.1099,0.1084,0.1068,0.1077,0.1099,0.1119,0.1115,0.1135,0.1117,0.1127,0.1104,0.1084,0.1152,0.1152,0.1167,0.1141,0.1098,0.1069,0.1041
Iceland,Manure applied to Soils,Emissions (CO2eq) from N2O (AR5),kilotonnes,24.5377,23.9683,23.1521,23.1195,22.3181,22.7902,23.5321,23.9016,24.4221,24.8052,24.5538,24.4647,24.0402,22.6586,24.3149,25.1137,25.0449,25.0593,24.8056,24.4193,23.9998
Iceland,Manure applied to Soils,Emissions (CO2eq) from N2O (AR5),kilotonnes,29.7236,29.6097,29.1339,28.7278,28.3014,28.5511,29.1122,29.6505,29.5593,30.0853,29.6048,29.8674,29.246,28.7181,30.525,30.5294,30.9248,30.243,29.1,28.3356,27.5843
Iceland,Manure applied to Soils,Emissions (CO2eq) (AR5),kilotonnes,24.5377,23.9683,23.1521,23.1195,22.3181,22.7902,23.5321,23.9016,24.4221,24.8052,24.5538,24.4647,24.0402,22.6586,24.3149,25.1137,25.0449,25.0593,24.8056,24.4193,23.9998
Iceland,Manure applied to Soils,Emissions (CO2eq) (AR5),kilotonnes,29.7236,29.6097,29.1339,28.7278,28.3014,28.5511,29.1122,29.6505,29.5593,30.0853,29.6048,29.8674,29.246,28.7181,30.525,30.5294,30.9248,30.243,29.1,28.3356,27.5843
Iceland,Synthetic Fertilizers,Direct emissions (N2O),kilotonnes,0.2043,0.1411,0.1742,0.1625,0.1554,0.1536,0.1939,0.2174,0.2408,0.1184,0.1193,0.1362,0.1482,0.1354,0.1696,0.1787,0.1702,0.2053,0.1845,0.1631,0.1793
Iceland,Synthetic Fertilizers,Direct emissions (N2O),kilotonnes,0.1993,0.1946,0.1742,0.1625,0.1556,0.1536,0.1939,0.2183,0.2415,0.1913,0.1709,0.1653,0.1903,0.1825,0.2253,0.1831,0.1702,0.2053,0.1845,0.1631,0.1793
Iceland,Synthetic Fertilizers,Indirect emissions (N2O),kilotonnes,0.0664,0.0459,0.0566,0.0528,0.0505,0.0499,0.063,0.0706,0.0782,0.0385,0.0388,0.0443,0.0482,0.044,0.0551,0.0581,0.0553,0.0667,0.06,0.053,0.0583
Iceland,Synthetic Fertilizers,Emissions (N2O),kilotonnes,0.2707,0.187,0.2308,0.2154,0.2059,0.2035,0.257,0.288,0.319,0.1569,0.158,0.1805,0.1963,0.1794,0.2247,0.2368,0.2255,0.2721,0.2445,0.2161,0.2375
Iceland,Synthetic Fertilizers,Emissions (N2O),kilotonnes,0.1993,0.1946,0.1742,0.1625,0.1556,0.1536,0.1939,0.2183,0.2415,0.1913,0.1709,0.1653,0.1903,0.1825,0.2253,0.1831,0.1702,0.2053,0.1845,0.1631,0.1793
Iceland,Synthetic Fertilizers,Emissions (CO2eq) from N2O (AR5),kilotonnes,71.7298,49.5543,61.1635,57.0749,54.5643,53.9353,68.0992,76.3205,84.5364,41.5757,41.8792,47.8383,52.0262,47.5403,59.5523,62.7581,59.762,72.094,64.7941,57.279,62.9457
Iceland,Synthetic Fertilizers,Emissions (CO2eq) from N2O (AR5),kilotonnes,52.8073,51.5622,46.1611,43.0754,41.2223,40.7059,51.3956,57.8586,64.0092,50.6877,45.2949,43.8083,50.442,48.3515,59.695,48.5098,45.1034,54.4106,48.9012,43.2294,47.5062
Iceland,Synthetic Fertilizers,Emissions (CO2eq) (AR5),kilotonnes,71.7298,49.5543,61.1635,57.0749,54.5643,53.9353,68.0992,76.3205,84.5364,41.5757,41.8792,47.8383,52.0262,47.5403,59.5523,62.7581,59.762,72.094,64.7941,57.279,62.9457
Iceland,Synthetic Fertilizers,Emissions (CO2eq) (AR5),kilotonnes,52.8073,51.5622,46.1611,43.0754,41.2223,40.7059,51.3956,57.8586,64.0092,50.6877,45.2949,43.8083,50.442,48.3515,59.695,48.5098,45.1034,54.4106,48.9012,43.2294,47.5062
Iceland,Drained organic soils,Emissions (CO2eq) (AR5),kilotonnes,869.224,869.224,869.224,869.224,869.224,869.224,869.224,869.224,869.224,869.224,869.224,869.224,869.224,869.224,869.224,869.224,869.224,869.224,869.4902,874.1214,874.1214
Iceland,Drained organic soils,Emissions (CO2eq) (AR5),kilotonnes,95.4653,95.7837,96.7097,97.7592,99.449,100.623,100.7551,100.8871,101.1525,101.2768,101.3035,101.3426,101.3817,101.4207,101.4596,101.5447,101.6208,101.7752,102.0035,102.2594,102.6076
Iceland,Drained organic soils (CO2),Emissions (CO2),kilotonnes,730.8791,730.8791,730.8791,730.8791,730.8791,730.8791,730.8791,730.8791,730.8791,730.8791,730.8791,730.8791,730.8791,730.8791,730.8791,730.8791,730.8791,730.8791,731.1029,734.997,734.997
Iceland,Drained organic soils (CO2),Emissions (CO2),kilotonnes,28.601,28.5957,28.5904,28.585,28.5796,28.5742,28.5688,28.5633,28.5579,28.5524,28.5468,28.5413,28.5357,28.5301,28.5245,28.5188,28.5132,28.5075,28.5017,28.496,28.4903
Iceland,Drained organic soils (CO2),Emissions (CO2eq) (AR5),kilotonnes,730.8791,730.8791,730.8791,730.8791,730.8791,730.8791,730.8791,730.8791,730.8791,730.8791,730.8791,730.8791,730.8791,730.8791,730.8791,730.8791,730.8791,730.8791,731.1029,734.997,734.997
Iceland,Drained organic soils (CO2),Emissions (CO2eq) (AR5),kilotonnes,28.601,28.5957,28.5904,28.585,28.5796,28.5742,28.5688,28.5633,28.5579,28.5524,28.5468,28.5413,28.5357,28.5301,28.5245,28.5188,28.5132,28.5075,28.5017,28.496,28.4903
Iceland,Drained organic soils (N2O),Emissions (N2O),kilotonnes,0.5221,0.5221,0.5221,0.5221,0.5221,0.5221,0.5221,0.5221,0.5221,0.5221,0.5221,0.5221,0.5221,0.5221,0.5221,0.5221,0.5221,0.5221,0.5222,0.525,0.525
Iceland,Drained organic soils (N2O),Emissions (N2O),kilotonnes,0.2523,0.2535,0.2571,0.261,0.2674,0.2719,0.2724,0.2729,0.2739,0.2744,0.2746,0.2747,0.2749,0.2751,0.2752,0.2756,0.2759,0.2765,0.2774,0.2784,0.2797
Iceland,Drained organic soils (N2O),Emissions (CO2eq) from N2O (AR5),kilotonnes,138.345,138.345,138.345,138.345,138.345,138.345,138.345,138.345,138.345,138.345,138.345,138.345,138.345,138.345,138.345,138.345,138.345,138.345,138.3873,139.1244,139.1244
Iceland,Drained organic soils (N2O),Emissions (CO2eq) from N2O (AR5),kilotonnes,66.8643,67.188,68.1193,69.1742,70.8693,72.0488,72.1863,72.3237,72.5947,72.7244,72.7567,72.8013,72.846,72.8906,72.9351,73.0259,73.1076,73.2678,73.5017,73.7634,74.1173
Iceland,Drained organic soils (N2O),Emissions (CO2eq) (AR5),kilotonnes,138.345,138.345,138.345,138.345,138.345,138.345,138.345,138.345,138.345,138.345,138.345,138.345,138.345,138.345,138.345,138.345,138.345,138.345,138.3873,139.1244,139.1244
Iceland,Drained organic soils (N2O),Emissions (CO2eq) (AR5),kilotonnes,66.8643,67.188,68.1193,69.1742,70.8693,72.0488,72.1863,72.3237,72.5947,72.7244,72.7567,72.8013,72.846,72.8906,72.9351,73.0259,73.1076,73.2678,73.5017,73.7634,74.1173
Iceland,On-farm energy use,Emissions (CH4),kilotonnes,0.0706,0.0693,0.0756,0.0755,0.0819,0.0854,0.0856,0.1026,0.0855,0.0928,0.0899,0.0862,0.0811,0.0985,0.087,0.0944,0.0856,0.0828,0.0809,0.0797,0.0797
Iceland,On-farm energy use,Emissions (N2O),kilotonnes,0.2674,0.2295,0.2649,0.2784,0.2807,0.2625,0.1808,0.1691,0.165,0.1886,0.1676,0.1553,0.1503,0.1729,0.1617,0.185,0.1757,0.1696,0.1758,0.1786,0.1786
Iceland,On-farm energy use,Emissions (CO2),kilotonnes,751.0401,671.4876,734.1353,771.4549,746.7169,733.7696,602.1825,645.2931,588.5224,683.1697,614.0616,584.6183,567.5977,677.5062,633.6479,680.6224,574.9477,567.2755,588.4994,579.4697,579.4697
Iceland,On-farm energy use,Emissions (CO2eq) from CH4 (AR5),kilotonnes,1.978,1.9408,2.1161,2.1141,2.2923,2.3904,2.397,2.873,2.3932,2.5996,2.5183,2.4127,2.272,2.7571,2.4368,2.644,2.3978,2.3181,2.2663,2.2322,2.2322
Iceland,On-farm energy use,Emissions (CO2eq) from N2O (AR5),kilotonnes,70.8689,60.806,70.1987,73.786,74.3809,69.5645,47.8994,44.8004,43.7175,49.979,44.4096,41.1543,39.8399,45.8199,42.8506,49.0191,46.5698,44.9552,46.5921,47.3404,47.3404
Iceland,On-farm energy use,Emissions (CO2eq) (AR5),kilotonnes,823.887,734.2345,806.4501,847.3549,823.3902,805.7246,652.4789,692.9665,634.6332,735.7483,660.9895,628.1853,609.7095,726.0833,678.9352,732.2855,623.9152,614.5487,637.3578,629.0423,629.0423
Iceland,Forestland,Emissions (CO2),kilotonnes,-20.1724,-63.1151,-63.1151,-63.1151,-63.1151,-63.1151,-63.1151,-63.1151,-63.1151,-63.1151,-63.1151,-118.2424,-118.2424,-118.2424,-118.2424,-118.2424,-118.654,-118.654,-118.654,-118.654,-118.654
Iceland,Forestland,Emissions (CO2),kilotonnes,-90.4384,-95.9656,-104.9814,-115.7369,-121.7989,-141.2652,-147.5438,-255.7148,-259.8605,-273.3409,-296.7363,-323.8693,-334.5152,-353.2608,-377.1839,-401.5884,-424.9828,-463.3911,-491.4423,-492.0579,-512.3396
Iceland,Forestland,Emissions (CO2eq) (AR5),kilotonnes,-20.1724,-63.1151,-63.1151,-63.1151,-63.1151,-63.1151,-63.1151,-63.1151,-63.1151,-63.1151,-63.1151,-118.2424,-118.2424,-118.2424,-118.2424,-118.2424,-118.654,-118.654,-118.654,-118.654,-118.654
Iceland,Forestland,Emissions (CO2eq) (AR5),kilotonnes,-90.4384,-95.9656,-104.9814,-115.7369,-121.7989,-141.2652,-147.5438,-255.7148,-259.8605,-273.3409,-296.7363,-323.8693,-334.5152,-353.2608,-377.1839,-401.5884,-424.9828,-463.3911,-491.4423,-492.0579,-512.3396
Iceland,Net Forest conversion,Emissions (CO2),kilotonnes,0,0,0,0,0,0,0,0,0,0,0,0,0,0,0,0,0,0,0,0,0
Iceland,Net Forest conversion,Emissions (CO2),kilotonnes,,,,,0.1555,0.1754,1.0925,0.2152,0.0795,0.0795,0.0795,0.4558,0.1073,0.1551,0.1107,0.2238,0.1181,0.1244,0.1193,0.1193,0.2557
Iceland,Net Forest conversion,Emissions (CO2eq) (AR5),kilotonnes,0,0,0,0,0,0,0,0,0,0,0,0,0,0,0,0,0,0,0,0,0
Iceland,Net Forest conversion,Emissions (CO2eq) (AR5),kilotonnes,,,,,0.1555,0.1754,1.0925,0.2152,0.0795,0.0795,0.0795,0.4558,0.1073,0.1551,0.1107,0.2238,0.1181,0.1244,0.1193,0.1193,0.2557
Iceland,Savanna fires,Emissions (CH4),kilotonnes,0.0009,0,0,0,0,0,0.0159,0,0,0,0,0,0,0,0,0,0,0,0,0,0
Iceland,Savanna fires,Emissions (CH4),kilotonnes,,,,,,,0.16,0.0003,0.0026,0,0.0001,,0.0004,0.0012,0.0015,0.0065,,0.0013,,,0
Iceland,Savanna fires,Emissions (N2O),kilotonnes,0.0001,0,0,0,0,0,0.0015,0,0,0,0,0,0,0,0,0,0,0,0,0,0
Iceland,Savanna fires,Emissions (N2O),kilotonnes,,,,,,,0.0146,0,0.0002,0,0,,0,0.0001,0.0001,0.0006,,0.0001,,,0
Iceland,Savanna fires,Emissions (CO2eq) from CH4 (AR5),kilotonnes,0.0239,0,0,0,0,0,0.445,0,0,0,0,0,0,0,0,0,0,0,0,0,0
Iceland,Savanna fires,Emissions (CO2eq) from CH4 (AR5),kilotonnes,,,,,,,4.48,0.0083,0.0724,0.0004,0.004,,0.0114,0.0332,0.0432,0.1817,,0.0353,,,0.0005
Iceland,Savanna fires,Emissions (CO2eq) from N2O (AR5),kilotonnes,0.0207,0,0,0,0,0,0.3845,0,0,0,0,0,0,0,0,0,0,0,0,0,0
Iceland,Savanna fires,Emissions (CO2eq) from N2O (AR5),kilotonnes,,,,,,,3.8713,0.0072,0.0626,0.0003,0.0034,,0.0098,0.0287,0.0373,0.1571,,0.0305,,,0.0005
Iceland,Savanna fires,Emissions (CO2eq) (AR5),kilotonnes,0.0446,0,0,0,0,0,0.8295,0,0,0,0,0,0,0,0,0,0,0,0,0,0
Iceland,Savanna fires,Emissions (CO2eq) (AR5),kilotonnes,,,,,,,8.3514,0.0155,0.135,0.0007,0.0074,,0.0212,0.0618,0.0805,0.3388,,0.0658,,,0.001
Iceland,Fires in organic soils,Emissions (CH4),kilotonnes,0,0,0,0,0,0,0,0,0,0,0,0,0,0,0,0,0,0,0,0,0
Iceland,Fires in organic soils,Emissions (CO2),kilotonnes,0,0,0,0,0,0,0,0,0,0,0,0,0,0,0,0,0,0,0,0,0
Iceland,Fires in organic soils,Emissions (CO2eq) from CH4 (AR5),kilotonnes,0,0,0,0,0,0,0,0,0,0,0,0,0,0,0,0,0,0,0,0,0
Iceland,Fires in organic soils,Emissions (CO2eq) (AR5),kilotonnes,0,0,0,0,0,0,0,0,0,0,0,0,0,0,0,0,0,0,0,0,0
Iceland,Forest fires,Emissions (CH4),kilotonnes,0,0,0,0,0,0,0,0,0,0,0,0,0,0,0,0,0,0,0,0,0
Iceland,Forest fires,Emissions (N2O),kilotonnes,0,0,0,0,0,0,0,0,0,0,0,0,0,0,0,0,0,0,0,0,0
Iceland,Forest fires,Emissions (CO2eq) from CH4 (AR5),kilotonnes,0,0,0,0,0,0,0,0,0,0,0,0,0,0,0,0,0,0,0,0,0
Iceland,Forest fires,Emissions (CO2eq) from N2O (AR5),kilotonnes,0,0,0,0,0,0,0,0,0,0,0,0,0,0,0,0,0,0,0,0,0
Iceland,Forest fires,Emissions (CO2eq) (AR5),kilotonnes,0,0,0,0,0,0,0,0,0,0,0,0,0,0,0,0,0,0,0,0,0
Iceland,Fires in humid tropical forests,Emissions (CH4),kilotonnes,0,0,0,0,0,0,0,0,0,0,0,0,0,0,0,0,0,0,0,0,0
Iceland,Fires in humid tropical forests,Emissions (N2O),kilotonnes,0,0,0,0,0,0,0,0,0,0,0,0,0,0,0,0,0,0,0,0,0
Iceland,Fires in humid tropical forests,Emissions (CO2eq) from CH4 (AR5),kilotonnes,0,0,0,0,0,0,0,0,0,0,0,0,0,0,0,0,0,0,0,0,0
Iceland,Fires in humid tropical forests,Emissions (CO2eq) from N2O (AR5),kilotonnes,0,0,0,0,0,0,0,0,0,0,0,0,0,0,0,0,0,0,0,0,0
Iceland,Fires in humid tropical forests,Emissions (CO2eq) (AR5),kilotonnes,0,0,0,0,0,0,0,0,0,0,0,0,0,0,0,0,0,0,0,0,0
Iceland,Waste - agri-food systems,Emissions (CH4),kilotonnes,6.7813,6.8046,6.5597,6.8576,6.8287,6.7739,6.7081,6.6578,6.5923,6.5016,6.4379,6.3672,6.2887,6.2188,6.0727,5.9915,5.9259,5.8624,5.7983,5.7263,5.6456
Iceland,Waste - agri-food systems,Emissions (N2O),kilotonnes,0.0198,0.0199,0.0214,0.0219,0.0236,0.0244,0.0253,0.0261,0.026,0.026,0.0265,0.0272,0.0276,0.0281,0.0272,0.0274,0.0275,0.0276,0.0276,0.0274,0.0271
Iceland,Waste - agri-food systems,Emissions (CO2),kilotonnes,0.2454,0.2444,0.2457,0.2479,0.2499,0.252,0.2524,0.2547,0.2528,0.2494,0.2499,0.251,0.2506,0.2516,0.2527,0.2525,0.2543,0.2561,0.2568,0.2562,0.2548
Iceland,Waste - agri-food systems,Emissions (CO2eq) from CH4 (AR5),kilotonnes,189.8754,190.5291,183.6706,192.0124,191.203,189.6695,187.826,186.417,184.5846,182.0438,180.2602,178.2824,176.0846,174.1272,170.0358,167.7632,165.9262,164.1475,162.3525,160.3369,158.0775
Iceland,Waste - agri-food systems,Emissions (CO2eq) from N2O (AR5),kilotonnes,5.2429,5.2718,5.6623,5.8028,6.2467,6.476,6.7099,6.9157,6.8877,6.8871,7.025,7.1987,7.3228,7.4345,7.2102,7.256,7.2898,7.322,7.3036,7.2561,7.175
Iceland,Waste - agri-food systems,Emissions (CO2eq) (AR5),kilotonnes,195.3637,196.0453,189.5785,198.063,197.6996,196.3975,194.7884,193.5874,191.7251,189.1803,187.535,185.7321,183.658,181.8132,177.4987,175.2717,173.4703,171.7257,169.9129,167.8493,165.5073
Iceland,Fertilizers Manufacturing,Emissions (N2O),kilotonnes,0,0,0,0,0,0,0,0,0,0,0,0,0,0,0,0,0,0,0,0,0
Iceland,Fertilizers Manufacturing,Emissions (CO2),kilotonnes,0,0,0,0,0,0,0,0,0,0,0,0,0,0,0,0,0,0,0,0,0
Iceland,Fertilizers Manufacturing,Emissions (CO2eq) from N2O (AR5),kilotonnes,0,0,0,0,0,0,0,0,0,0,0,0,0,0,0,0,0,0,0,0,0
Iceland,Fertilizers Manufacturing,Emissions (CO2eq) (AR5),kilotonnes,0,0,0,0,0,0,0,0,0,0,0,0,0,0,0,0,0,0,0,0,0
Iceland,On-farm electricity use,Emissions (CH4),kilotonnes,0.2772,0.2784,0.2544,0.2484,0.264,0.288,0.3036,0.3144,0.3144,0.3048,0.3084,0.3144,0.3192,0.3192,0.3312,0.336,0.354,0.342,0.3744,0.3831,0.3831
Iceland,On-farm electricity use,Emissions (N2O),kilotonnes,0.0015,0.0015,0.0014,0.0013,0.0014,0.0015,0.0016,0.0017,0.0017,0.0016,0.0016,0.0017,0.0017,0.0017,0.0018,0.0018,0.0019,0.0019,0.002,0.0021,0.0021
Iceland,On-farm electricity use,Emissions (CO2),kilotonnes,0.0939,0.0902,0.0787,0.076,0.0797,0.0863,0.0795,0.3081,0.1464,0.0537,0.047,0.0475,0.0473,0.1036,0.1074,0.1089,0.1148,0.1109,0.1214,0.1242,0.1242
Iceland,On-farm electricity use,Emissions (CO2eq) from CH4 (AR5),kilotonnes,7.7616,7.7952,7.1232,6.9552,7.392,8.064,8.5008,8.8032,8.8032,8.5344,8.6352,8.8032,8.9376,8.9376,9.2736,9.408,9.912,9.576,10.4832,10.7268,10.7268
Iceland,On-farm electricity use,Emissions (CO2eq) from N2O (AR5),kilotonnes,0.3975,0.3975,0.371,0.3445,0.371,0.3975,0.424,0.4505,0.4505,0.424,0.424,0.4505,0.4505,0.4505,0.477,0.477,0.5035,0.5035,0.53,0.5565,0.5565
Iceland,On-farm electricity use,Emissions (CO2eq) (AR5),kilotonnes,8.253,8.2829,7.5729,7.3757,7.8427,8.5478,9.0043,9.5618,9.4001,9.0121,9.1062,9.3012,9.4354,9.4917,9.858,9.9939,10.5303,10.1904,11.1346,11.4075,11.4075
Iceland,Food Processing,Emissions (CH4),kilotonnes,0.4765,0.476,0.5228,0.5812,0.5655,0.5359,0.5225,0.4722,0.4874,0.4926,0.4901,0.5197,0.5993,0.6389,0.6246,0.7472,0.5925,0.6906,0.7506,0.7506,0.7415
Iceland,Food Processing,Emissions (N2O),kilotonnes,0.0038,0.0041,0.0047,0.0045,0.0042,0.0039,0.0033,0.0027,0.0029,0.0027,0.0026,0.0028,0.0033,0.0035,0.0034,0.0041,0.0033,0.0038,0.0041,0.0041,0.0034
Iceland,Food Processing,Emissions (CO2),kilotonnes,157.1007,204.0568,235.3336,194.6404,160.3559,141.4655,72.6495,16.3936,34.8602,16.0182,12.7011,3.2648,12.8339,12.8335,16.0152,19.2412,22.3773,16.0366,16.056,16.056,10.81
Iceland,Food Processing,Emissions (CO2eq) from CH4 (AR5),kilotonnes,13.342,13.328,14.6384,16.2736,15.834,15.0052,14.63,13.2216,13.6472,13.7928,13.7228,14.5516,16.7804,17.8892,17.4888,20.9216,16.59,19.3368,21.0168,21.0168,20.7621
Iceland,Food Processing,Emissions (CO2eq) from N2O (AR5),kilotonnes,1.007,1.0865,1.2455,1.1925,1.113,1.0335,0.8745,0.7155,0.7685,0.7155,0.689,0.742,0.8745,0.9275,0.901,1.0865,0.8745,1.007,1.0865,1.0865,0.8955
Iceland,Food Processing,Emissions (CO2eq) (AR5),kilotonnes,171.4497,218.4713,251.2175,212.1065,177.3029,157.5042,88.154,30.3307,49.2759,30.5265,27.1129,18.5584,30.4888,31.6502,34.405,41.2493,39.8418,36.3804,38.1593,38.1593,32.4675
Iceland,Food Packaging,Emissions (CH4),kilotonnes,0.3498,0.375,0.3991,0.3996,0.4011,0.4012,0.5019,0.894,1.4457,1.6386,1.6434,1.4661,1.4227,1.4197,1.5441,1.6927,1.5787,1.6263,1.6308,1.831,1.8088
Iceland,Food Packaging,Emissions (N2O),kilotonnes,0.002,0.0021,0.0023,0.0022,0.0022,0.0022,0.0027,0.0049,0.0079,0.0087,0.0087,0.0081,0.0078,0.0077,0.0084,0.0093,0.0087,0.0089,0.009,0.01,0.0082
Iceland,Food Packaging,Emissions (CO2),kilotonnes,11.5561,11.3006,11.7593,12.8846,12.1323,11.2299,13.5889,12.6229,12.3766,13.9107,16.0117,16.6484,18.628,21.5513,22.9407,27.1554,27.7486,29.7345,31.2377,26.5481,17.874
Iceland,Food Packaging,Emissions (CO2eq) from CH4 (AR5),kilotonnes,9.7944,10.5,11.1748,11.1888,11.2308,11.2336,14.0532,25.032,40.4796,45.8808,46.0152,41.0508,39.8356,39.7516,43.2348,47.3956,44.2036,45.5364,45.6624,51.268,50.6466
Iceland,Food Packaging,Emissions (CO2eq) from N2O (AR5),kilotonnes,0.53,0.5565,0.6095,0.583,0.583,0.583,0.7155,1.2985,2.0935,2.3055,2.3055,2.1465,2.067,2.0405,2.226,2.4645,2.3055,2.3585,2.385,2.65,2.1841
Iceland,Food Packaging,Emissions (CO2eq) (AR5),kilotonnes,21.8805,22.3571,23.5436,24.6564,23.9461,23.0465,28.3576,38.9534,54.9497,62.097,64.3324,59.8457,60.5306,63.3434,68.4015,77.0155,74.2577,77.6294,79.2851,80.4661,70.7046
Iceland,Food Retail,Emissions (CH4),kilotonnes,0.219,0.224,0.2294,0.2269,0.2423,0.2493,0.2561,0.2667,0.2815,0.2757,0.2751,0.2742,0.293,0.3008,0.3243,0.3634,0.3866,0.3727,0.4868,0.3804,0.3758
Iceland,Food Retail,Emissions (N2O),kilotonnes,0.0012,0.0012,0.0013,0.0012,0.0013,0.0013,0.0013,0.0014,0.0015,0.0014,0.0014,0.0015,0.0016,0.0016,0.0017,0.0019,0.002,0.002,0.0026,0.002,0.0016
Iceland,Food Retail,Emissions (CO2),kilotonnes,0.0742,0.0726,0.071,0.0694,0.0732,0.0747,0.0671,0.5896,0.4594,0.3769,0.3702,0.3697,0.7222,0.4259,0.4557,0.1178,0.1254,0.1209,0.1579,0.3538,0.2382
Iceland,Food Retail,Emissions (CO2eq) from F-gases (AR5),kilotonnes,27.014,31.6895,36.365,42.0795,47.794,53.5085,58.7035,63.8985,64.9375,65.457,65.457,65.9765,65.9765,65.9765,65.9765,65.9765,71.1715,72.2105,73.769,74.808,73.5845
Iceland,Food Retail,Emissions (CO2eq) from CH4 (AR5),kilotonnes,6.132,6.272,6.4232,6.3532,6.7844,6.9804,7.1708,7.4676,7.882,7.7196,7.7028,7.6776,8.204,8.4224,9.0804,10.1752,10.8248,10.4356,13.6304,10.6512,10.5221
Iceland,Food Retail,Emissions (CO2eq) from N2O (AR5),kilotonnes,0.318,0.318,0.3445,0.318,0.3445,0.3445,0.3445,0.371,0.3975,0.371,0.371,0.3975,0.424,0.424,0.4505,0.5035,0.53,0.53,0.689,0.53,0.4368
Iceland,Food Retail,Emissions (CO2eq) (AR5),kilotonnes,33.5382,38.3521,43.2037,48.8201,54.9961,60.9081,66.2859,72.3267,73.6764,73.9245,73.901,74.4213,75.3267,75.2488,75.9631,76.773,82.6517,83.297,88.2463,86.343,84.7816
Iceland,Food Household Consumption,Emissions (CH4),kilotonnes,0.0657,0.0658,0.0689,0.0662,0.0727,0.0746,0.086,0.0893,0.0929,0.0952,0.1003,0.0927,0.0919,0.0903,0.0909,0.089,0.0905,0.0876,0.0915,0.0915,0.0904
Iceland,Food Household Consumption,Emissions (N2O),kilotonnes,0.0004,0.0004,0.0004,0.0004,0.0004,0.0004,0.0005,0.0005,0.0005,0.0005,0.0005,0.0005,0.0005,0.0005,0.0005,0.0005,0.0005,0.0005,0.0005,0.0005,0.0004
Iceland,Food Household Consumption,Emissions (CO2),kilotonnes,2.5809,2.0074,2.0074,2.0063,1.7217,1.7221,0.8634,0.9282,1.1522,0.8576,0.8561,0.8548,0.5681,0.5838,0.8703,0.8516,0.5839,0.8692,0.8524,0.8524,0.5739
Iceland,Food Household Consumption,Emissions (CO2eq) from CH4 (AR5),kilotonnes,1.8396,1.8424,1.9292,1.8536,2.0356,2.0888,2.408,2.5004,2.6012,2.6656,2.8084,2.5956,2.5732,2.5284,2.5452,2.492,2.534,2.4528,2.562,2.562,2.5309
Iceland,Food Household Consumption,Emissions (CO2eq) from N2O (AR5),kilotonnes,0.106,0.106,0.106,0.106,0.106,0.106,0.1325,0.1325,0.1325,0.1325,0.1325,0.1325,0.1325,0.1325,0.1325,0.1325,0.1325,0.1325,0.1325,0.1325,0.1092
Iceland,Food Household Consumption,Emissions (CO2eq) (AR5),kilotonnes,4.5265,3.9558,4.0426,3.9659,3.8633,3.9169,3.4039,3.5611,3.8859,3.6557,3.797,3.5829,3.2738,3.2447,3.548,3.4761,3.2504,3.4545,3.5469,3.5469,3.214
Iceland,Food Transport,Emissions (CH4),kilotonnes,0.0145,0.0136,0.0126,0.0116,0.011,0.0103,0.0112,0.0107,0.0096,0.0088,0.0078,0.0071,0.0065,0.0062,0.006,0.0059,0.0061,0.0061,0.006,0.001,0.001
Iceland,Food Transport,Emissions (N2O),kilotonnes,0.0037,0.0037,0.0036,0.0035,0.0036,0.0034,0.004,0.004,0.0037,0.0035,0.0032,0.003,0.0029,0.003,0.0029,0.0032,0.0034,0.0037,0.0037,0.0037,0.003
Iceland,Food Transport,Emissions (CO2),kilotonnes,65.4775,66.666,67.2065,67.4235,70.8475,70.8475,94.0655,101.7045,95.3965,94.2655,89.3195,87.222,85.454,87.101,85.006,89.8785,98.4555,106.693,106.576,101.6263,68.4217
Iceland,Food Transport,Emissions (CO2eq) from CH4 (AR5),kilotonnes,0.406,0.3808,0.3528,0.3248,0.308,0.2884,0.3136,0.2996,0.2688,0.2464,0.2184,0.1988,0.182,0.1736,0.168,0.1652,0.1708,0.1708,0.168,0.028,0.0277
Iceland,Food Transport,Emissions (CO2eq) from N2O (AR5),kilotonnes,0.9805,0.9805,0.954,0.9275,0.954,0.901,1.06,1.06,0.9805,0.9275,0.848,0.795,0.7685,0.795,0.7685,0.848,0.901,0.9805,0.9805,0.9805,0.8081
Iceland,Food Transport,Emissions (CO2eq) (AR5),kilotonnes,66.864,68.0273,68.5133,68.6758,72.1095,72.0369,95.4391,103.0641,96.6458,95.4394,90.3859,88.2158,86.4045,88.0696,85.9425,90.8917,99.5273,107.8443,107.7245,102.6348,69.2574
Iceland,Energy,Emissions (CH4),kilotonnes,0.324,0.309,0.309,0.298,0.302,0.298,0.316,0.354,0.331,0.311,0.387,0.344,0.319,0.358,0.373,0.377,0.344,0.338,0.334,0.33,0.326
Iceland,Energy,Emissions (N2O),kilotonnes,0.0575,0.0564,0.0554,0.0545,0.0556,0.054,0.0572,0.0585,0.0537,0.0508,0.0479,0.0455,0.0444,0.0477,0.0474,0.0497,0.0521,0.0552,0.0506,0.0455,0.0375
Iceland,Energy,Emissions (CO2),kilotonnes,2240,2180,2280,2260,2310,2280,2360,2390,2240,2150,2080,1990,1970,2070,2170,2150,2210,2170,2290,2020,1360
Iceland,Energy,Emissions (CO2eq) from CH4 (AR5),kilotonnes,9.072,8.652,8.652,8.344,8.456,8.344,8.848,9.912,9.268,8.708,10.836,9.632,8.932,10.024,10.444,10.556,9.632,9.464,9.352,9.24,9.128
Iceland,Energy,Emissions (CO2eq) from N2O (AR5),kilotonnes,15.2375,14.946,14.681,14.4425,14.734,14.31,15.158,15.5025,14.2305,13.462,12.6935,12.0575,11.766,12.6405,12.561,13.1705,13.8065,14.628,13.409,12.0575,9.9375
Iceland,Energy,Emissions (CO2eq) (AR5),kilotonnes,2264.3095,2203.598,2303.333,2282.7865,2333.19,2302.654,2384.006,2415.4145,2263.4985,2172.17,2103.5295,2011.6895,1990.698,2092.6645,2193.005,2173.7265,2233.4385,2194.092,2312.761,2041.2975,1379.0655
Iceland,IPPU,Emissions (CH4),kilotonnes,0.0788,0.125,0.135,0.129,0.132,0.134,0.127,0.127,0.121,0.126,0.128,0.134,0.147,0.14,0.122,0.135,0.135,0.152,0.154,0.157,0.148
Iceland,IPPU,Emissions (N2O),kilotonnes,0.0495,0.0589,0.0591,0.0611,0.0613,0.0607,0.0661,0.0508,0.0652,0.0616,0.0625,0.0626,0.0627,0.0627,0.0628,0.0628,0.0629,0.063,0.0631,0.0632,0.0635
Iceland,IPPU,Emissions (CO2),kilotonnes,705,868,946,921,949,934,1010,1200,1680,1730,1750,1710,1740,1710,1520,1600,1570,1720,1730,1670,1640
Iceland,IPPU,Emissions (CO2eq) from F-gases (AR5),kilotonnes,143.8197,146.7349,146.7349,153.5372,161.3113,169.0853,195.3227,234.1929,402.3064,225.4471,234.1929,307.0744,368.295,370.2385,399.3911,406.1934,385.7866,313.8767,350.8034,415.911,409.1087
Iceland,IPPU,Emissions (CO2eq) from CH4 (AR5),kilotonnes,2.2064,3.5,3.78,3.612,3.696,3.752,3.556,3.556,3.388,3.528,3.584,3.752,4.116,3.92,3.416,3.78,3.78,4.256,4.312,4.396,4.144
Iceland,IPPU,Emissions (CO2eq) from N2O (AR5),kilotonnes,13.1175,15.6085,15.6615,16.1915,16.2445,16.0855,17.5165,13.462,17.278,16.324,16.5625,16.589,16.6155,16.6155,16.642,16.642,16.6685,16.695,16.7215,16.748,16.8275
Iceland,IPPU,Emissions (CO2eq) (AR5),kilotonnes,864.1436,1033.8434,1112.1764,1094.3407,1130.2518,1122.9228,1226.3952,1451.2109,2102.9724,1975.2991,2004.3394,2037.4154,2129.0265,2100.774,1939.4491,2026.6154,1976.2351,2054.8277,2101.8369,2107.055,2070.0802
Iceland,Waste,Emissions (CH4),kilotonnes,9.14,9.41,9.45,9.53,9.81,11.7,11.5,10.7,10.4,9.59,9.65,8.95,8.27,8.35,8.36,8.96,9.03,9.09,9.51,8.15,9.17
Iceland,Waste,Emissions (N2O),kilotonnes,0.0242,0.0242,0.0242,0.0249,0.0258,0.0266,0.0282,0.0301,0.0309,0.0319,0.0325,0.0322,0.0314,0.0329,0.0348,0.0356,0.0367,0.0372,0.0384,0.041,0.0421
Iceland,Waste,Emissions (CO2),kilotonnes,2.37,2.05,1.93,1.78,2.04,1.8,1.99,2.02,2,1.83,1.68,1.56,1.55,1.4,1.66,1.66,1.84,1.91,1.82,2.47,1.7
Iceland,Waste,Emissions (CO2eq) from CH4 (AR5),kilotonnes,255.92,263.48,264.6,266.84,274.68,327.6,322,299.6,291.2,268.52,270.2,250.6,231.56,233.8,234.08,250.88,252.84,254.52,266.28,228.2,256.76
Iceland,Waste,Emissions (CO2eq) from N2O (AR5),kilotonnes,6.413,6.413,6.413,6.5985,6.837,7.049,7.473,7.9765,8.1885,8.4535,8.6125,8.533,8.321,8.7185,9.222,9.434,9.7255,9.858,10.176,10.865,11.1565
Iceland,Waste,Emissions (CO2eq) (AR5),kilotonnes,264.703,271.943,272.943,275.2185,283.557,336.449,331.463,309.5965,301.3885,278.8035,280.4925,260.693,241.431,243.9185,244.962,261.974,264.4055,266.288,278.276,241.535,269.6165
Iceland,Other,Emissions (N2O),kilotonnes,0.0361,0.0356,0.0345,0.0331,0.0333,0.0315,0.038,0.0391,0.0363,0.0316,0.0296,0.0263,0.0244,0.0254,0.0252,0.0256,0.0263,0.0273,0.0265,0.023,0.0222
Iceland,Other,Emissions (CO2eq) from N2O (AR5),kilotonnes,9.5665,9.434,9.1425,8.7715,8.8245,8.3475,10.07,10.3615,9.6195,8.374,7.844,6.9695,6.466,6.731,6.678,6.784,6.9695,7.2345,7.0225,6.095,5.883
Iceland,Other,Emissions (CO2eq) (AR5),kilotonnes,9.5665,9.434,9.1425,8.7715,8.8245,8.3475,10.07,10.3615,9.6195,8.374,7.844,6.9695,6.466,6.731,6.678,6.784,6.9695,7.2345,7.0225,6.095,5.883
Iceland,Farm-gate emissions,Emissions (CH4),kilotonnes,12.2888,12.1491,11.7877,11.6653,11.4371,11.5909,11.9169,12.0986,12.2534,12.4424,12.4543,12.3322,12.1411,11.7272,12.4391,12.7547,12.6489,12.4786,12.3308,12.1218,11.7742
Iceland,Farm-gate emissions,Direct emissions (N2O),kilotonnes,0.4464,0.3822,0.4093,0.3955,0.3844,0.3858,0.4303,0.4563,0.4827,0.3644,0.3668,0.3826,0.3913,0.3697,0.4166,0.4298,0.4196,0.4484,0.4228,0.397,0.4039
Iceland,Farm-gate emissions,Indirect emissions (N2O),kilotonnes,0.1605,0.1398,0.1483,0.1438,0.1399,0.1406,0.1551,0.1636,0.1724,0.1341,0.1351,0.1402,0.1428,0.1354,0.1511,0.1551,0.1514,0.16,0.1513,0.1424,0.1438
Iceland,Farm-gate emissions,Emissions (N2O),kilotonnes,1.4573,1.3328,1.4017,1.3966,1.3821,1.3669,1.3477,1.3702,1.4024,1.2703,1.252,1.2601,1.2654,1.256,1.3116,1.3546,1.3311,1.3627,1.3343,1.3044,1.3118
Iceland,Farm-gate emissions,Emissions (CO2),kilotonnes,1481.9192,1402.3667,1465.0144,1502.334,1477.596,1464.6487,1333.0616,1376.1722,1319.4015,1414.0487,1344.9407,1315.4973,1298.4768,1408.3853,1364.527,1411.5014,1305.8267,1298.1546,1319.6022,1314.4667,1314.4667
Iceland,Farm-gate emissions,Emissions (CO2eq) from CH4 (AR5),kilotonnes,344.0871,340.1742,330.0554,326.6283,320.2397,324.5461,333.6743,338.7615,343.0938,348.386,348.72,345.3019,339.9515,328.3626,348.2949,357.1313,354.1704,349.3999,345.2637,339.4102,329.6788
Iceland,Farm-gate emissions,Emissions (CO2eq) from N2O (AR5),kilotonnes,386.1814,353.1848,371.4564,370.0979,366.2471,362.2259,357.1497,363.1033,371.6435,336.6405,331.7888,333.9316,335.3276,332.8483,347.5851,358.9658,352.7361,361.121,353.5891,345.6674,347.6377
Iceland,Farm-gate emissions,Emissions (CO2eq) (AR5),kilotonnes,2212.1877,2095.7256,2166.5262,2199.0602,2164.0828,2151.4207,2023.8855,2078.037,2034.1388,2099.0753,2025.4496,1994.7308,1973.756,2069.5962,2060.4069,2127.5985,2012.7333,2008.6755,2018.455,1999.5443,1991.7832
Iceland,Land Use change,Emissions (CH4),kilotonnes,0,0,0,0,0,0,0,0,0,0,0,0,0,0,0,0,0,0,0,0,0
Iceland,Land Use change,Emissions (N2O),kilotonnes,0,0,0,0,0,0,0,0,0,0,0,0,0,0,0,0,0,0,0,0,0
Iceland,Land Use change,Emissions (CO2),kilotonnes,0,0,0,0,0,0,0,0,0,0,0,0,0,0,0,0,0,0,0,0,0
Iceland,Land Use change,Emissions (CO2eq) from CH4 (AR5),kilotonnes,0,0,0,0,0,0,0,0,0,0,0,0,0,0,0,0,0,0,0,0,0
Iceland,Land Use change,Emissions (CO2eq) from N2O (AR5),kilotonnes,0,0,0,0,0,0,0,0,0,0,0,0,0,0,0,0,0,0,0,0,0
Iceland,Land Use change,Emissions (CO2eq) (AR5),kilotonnes,0,0,0,0,0,0,0,0,0,0,0,0,0,0,0,0,0,0,0,0,0
Iceland,Emissions on agricultural land,Emissions (CH4),kilotonnes,12.2888,12.1491,11.7877,11.6653,11.4371,11.5909,11.9169,12.0986,12.2534,12.4424,12.4543,12.3322,12.1411,11.7272,12.4391,12.7547,12.6489,12.4786,12.3308,12.1218,11.7742
Iceland,Emissions on agricultural land,Emissions (N2O),kilotonnes,1.4573,1.3328,1.4017,1.3966,1.3821,1.3669,1.3477,1.3702,1.4024,1.2703,1.252,1.2601,1.2654,1.256,1.3116,1.3546,1.3311,1.3627,1.3343,1.3044,1.3118
Iceland,Emissions on agricultural land,Emissions (CO2),kilotonnes,1481.9192,1402.3667,1465.0144,1502.334,1477.596,1464.6487,1333.0616,1376.1722,1319.4015,1414.0487,1344.9407,1315.4973,1298.4768,1408.3853,1364.527,1411.5014,1305.8267,1298.1546,1319.6022,1314.4667,1314.4667
Iceland,Emissions on agricultural land,Emissions (CO2eq) from CH4 (AR5),kilotonnes,344.0871,340.1742,330.0554,326.6283,320.2397,324.5461,333.6743,338.7615,343.0938,348.386,348.72,345.3019,339.9515,328.3626,348.2949,357.1313,354.1704,349.3999,345.2637,339.4102,329.6788
Iceland,Emissions on agricultural land,Emissions (CO2eq) from N2O (AR5),kilotonnes,386.1814,353.1848,371.4564,370.0979,366.2471,362.2259,357.1497,363.1033,371.6435,336.6405,331.7888,333.9316,335.3276,332.8483,347.5851,358.9658,352.7361,361.121,353.5891,345.6674,347.6377
Iceland,Emissions on agricultural land,Emissions (CO2eq) (AR5),kilotonnes,2212.1877,2095.7256,2166.5262,2199.0602,2164.0828,2151.4207,2023.8855,2078.037,2034.1388,2099.0753,2025.4496,1994.7308,1973.756,2069.5962,2060.4069,2127.5985,2012.7333,2008.6755,2018.455,1999.5443,1991.7832
Iceland,Pre- and post- production,Emissions (CH4),kilotonnes,8.184,8.2374,8.0469,8.3915,8.3853,8.3332,8.3894,8.7051,9.2238,9.3173,9.263,9.0414,9.0213,8.9939,8.9938,9.2257,8.9343,8.9877,9.1384,9.1639,9.0462
Iceland,Pre- and post- production,Emissions (N2O),kilotonnes,0.0324,0.0329,0.0351,0.035,0.0367,0.0371,0.0387,0.0413,0.0442,0.0444,0.0445,0.0448,0.0454,0.0461,0.0459,0.0482,0.0473,0.0484,0.0495,0.0498,0.0459
Iceland,Pre- and post- production,Emissions (CO2),kilotonnes,237.1287,284.438,316.7022,277.3481,245.4602,225.678,181.5663,132.8016,144.6441,125.732,119.5555,108.6582,118.5041,122.8507,125.648,137.6059,149.6598,153.8212,155.2582,145.817,98.2967
Iceland,Pre- and post- production,Emissions (CO2eq) from F-gases (AR5),kilotonnes,27.014,31.6895,36.365,42.0795,47.794,53.5085,58.7035,63.8985,64.9375,65.457,65.457,65.9765,65.9765,65.9765,65.9765,65.9765,71.1715,72.2105,73.769,74.808,73.5845
Iceland,Pre- and post- production,Emissions (CO2eq) from CH4 (AR5),kilotonnes,229.151,230.6475,225.3122,234.9616,234.7878,233.3299,234.9024,243.7414,258.2666,260.8834,259.363,253.16,252.5974,251.83,251.8266,258.3208,250.1614,251.6559,255.8753,256.5897,253.2937
Iceland,Pre- and post- production,Emissions (CO2eq) from N2O (AR5),kilotonnes,8.5819,8.7168,9.2928,9.2743,9.7182,9.8415,10.2609,10.9437,11.7107,11.7631,11.795,11.8627,12.0398,12.2045,12.1657,12.768,12.5368,12.834,13.1071,13.1921,12.1651
Iceland,Pre- and post- production,Emissions (CO2eq) (AR5),kilotonnes,501.8756,555.4918,587.6721,563.6634,537.7602,522.3579,485.4332,451.3852,479.5589,463.8355,456.1704,439.6574,449.1178,452.8616,455.6168,474.6712,483.5295,490.5217,498.0096,490.4069,437.34
Iceland,Agri-food systems,Emissions (CH4),kilotonnes,20.4728,20.3865,19.8346,20.0568,19.8224,19.9241,20.3063,20.8037,21.4772,21.7596,21.7173,21.3736,21.1625,20.7212,21.4329,21.9804,21.5833,21.4663,21.4692,21.2857,20.8204
Iceland,Agri-food systems,Emissions (N2O),kilotonnes,1.4897,1.3657,1.4368,1.4316,1.4187,1.404,1.3865,1.4115,1.4466,1.3147,1.2965,1.3049,1.3108,1.3021,1.3576,1.4028,1.3784,1.4112,1.3838,1.3542,1.3577
Iceland,Agri-food systems,Emissions (CO2),kilotonnes,1719.0479,1686.8046,1781.7166,1779.6821,1723.0562,1690.3267,1514.6279,1508.9738,1464.0456,1539.7807,1464.4962,1424.1555,1416.9809,1531.236,1490.175,1549.1073,1455.4865,1451.9758,1474.8604,1460.2837,1412.7633
Iceland,Agri-food systems,Emissions (CO2eq) from F-gases (AR5),kilotonnes,27.014,31.6895,36.365,42.0795,47.794,53.5085,58.7035,63.8985,64.9375,65.457,65.457,65.9765,65.9765,65.9765,65.9765,65.9765,71.1715,72.2105,73.769,74.808,73.5845
Iceland,Agri-food systems,Emissions (CO2eq) from CH4 (AR5),kilotonnes,573.2381,570.8217,555.3675,561.5899,555.0274,557.876,568.5767,582.503,601.3604,609.2694,608.083,598.4619,592.5489,580.1926,600.1215,615.4521,604.3318,601.0558,601.139,595.9999,582.9725
Iceland,Agri-food systems,Emissions (CO2eq) from N2O (AR5),kilotonnes,394.7633,361.9016,380.7492,379.3722,375.9653,372.0674,367.4106,374.0469,383.3542,348.4037,343.5838,345.7943,347.3674,345.0527,359.7508,371.7338,365.2729,373.955,366.6961,358.8596,359.8028
Iceland,Agri-food systems,Emissions (CO2eq) (AR5),kilotonnes,2714.0633,2651.2174,2754.1983,2762.7236,2701.8429,2673.7786,2509.3187,2529.4222,2513.6977,2562.9108,2481.62,2434.3882,2422.8737,2522.4578,2516.0237,2602.2697,2496.2628,2499.1972,2516.4645,2489.9512,2429.1231
Iceland,IPCC Agriculture,Emissions (CH4),kilotonnes,12.2182,12.0798,11.7121,11.5898,11.3553,11.5056,11.8313,11.996,12.1679,12.3495,12.3643,12.246,12.06,11.6288,12.3521,12.6603,12.5633,12.3958,12.2499,12.0421,11.6945
Iceland,IPCC Agriculture,Emissions (CH4),kilotonnes,14.2053,14.2587,13.9938,13.8164,13.6187,13.7579,14.0866,14.3125,14.4445,14.641,14.383,14.4326,14.2071,13.852,14.7829,14.9244,15.1398,14.8202,14.373,14.1554,13.8994
Iceland,IPCC Agriculture,Direct emissions (N2O),kilotonnes,0.4464,0.3822,0.4093,0.3955,0.3844,0.3858,0.4303,0.4563,0.4827,0.3644,0.3668,0.3826,0.3913,0.3697,0.4166,0.4298,0.4196,0.4484,0.4228,0.397,0.4039
Iceland,IPCC Agriculture,Indirect emissions (N2O),kilotonnes,0.1605,0.1398,0.1483,0.1438,0.1399,0.1406,0.1551,0.1636,0.1724,0.1341,0.1351,0.1402,0.1428,0.1354,0.1511,0.1551,0.1514,0.16,0.1513,0.1424,0.1438
Iceland,IPCC Agriculture,Emissions (N2O),kilotonnes,1.1899,1.1033,1.1368,1.1182,1.1014,1.1044,1.167,1.2011,1.2375,1.0817,1.0844,1.1048,1.115,1.0831,1.1499,1.1696,1.1553,1.1931,1.1585,1.1258,1.1332
Iceland,IPCC Agriculture,Emissions (N2O),kilotonnes,0.9107,0.9072,0.8796,0.8653,0.8573,0.8628,0.9191,0.9556,0.9868,0.9316,0.9053,0.9011,0.9272,0.9094,0.9867,0.9336,0.9234,0.9562,0.9113,0.8778,0.8904
Iceland,IPCC Agriculture,Emissions (CO2),kilotonnes,0.1183,0.1019,0.1369,2.6466,4.9528,4.2095,2.8716,1.5525,4.7375,3.4431,2.0871,2.5996,3.5792,2.8904,2.2152,3.4787,2.9102,2.3833,3.1958,5.8667,5.4853
Iceland,IPCC Agriculture,Emissions (CO2eq) from CH4 (AR5),kilotonnes,342.1091,338.2334,327.9392,324.5142,317.9473,322.1556,331.2773,335.8885,340.7006,345.7864,346.2017,342.8892,337.6796,325.6055,345.8581,354.4873,351.7727,347.0819,342.9974,337.178,327.4466
Iceland,IPCC Agriculture,Emissions (CO2eq) from CH4 (AR5),kilotonnes,397.7489,399.2435,391.826,386.8584,381.3249,385.2219,394.4238,400.7497,404.4461,409.9492,402.7227,404.1121,397.8001,387.8571,413.9198,417.8833,423.9156,414.9655,402.4431,396.352,389.1832
Iceland,IPCC Agriculture,Emissions (CO2eq) from N2O (AR5),kilotonnes,315.3125,292.3787,301.2578,296.312,291.8662,292.6614,309.2504,318.3029,327.926,286.6615,287.3792,292.7773,295.4878,287.0284,304.7345,309.9467,306.1663,316.1658,306.997,298.327,300.2973
Iceland,IPCC Agriculture,Emissions (CO2eq) from N2O (AR5),kilotonnes,241.343,240.3968,233.0886,229.3098,227.1867,228.6305,243.5524,253.2419,261.5086,246.8732,239.8948,238.8011,245.6982,240.9915,261.485,247.3927,244.7117,253.3981,241.5028,232.6222,235.9602
Iceland,IPCC Agriculture,Emissions (CO2eq) (AR5),kilotonnes,657.4216,630.6121,629.197,620.8262,609.8135,614.817,640.5276,654.1914,668.6266,632.4479,633.5809,635.6665,633.1673,612.6338,650.5926,664.434,657.939,663.2477,649.9943,635.505,627.7438
Iceland,IPCC Agriculture,Emissions (CO2eq) (AR5),kilotonnes,639.2103,639.7422,625.0515,618.8149,613.4644,618.0619,640.8478,655.5442,670.6922,660.2654,644.7046,645.5128,647.0776,631.739,677.62,668.7547,671.5376,670.7469,647.1416,634.841,630.6287
Iceland,Agricultural Soils,Direct emissions (N2O),kilotonnes,0.4464,0.3822,0.4093,0.3955,0.3844,0.3858,0.4303,0.4563,0.4827,0.3644,0.3668,0.3826,0.3913,0.3697,0.4166,0.4298,0.4196,0.4484,0.4228,0.397,0.4039
Iceland,Agricultural Soils,Direct emissions (N2O),kilotonnes,0.7101,0.7078,0.6874,0.6773,0.6731,0.6777,0.7221,0.7502,0.7758,0.7304,0.7102,0.7062,0.7284,0.7157,0.7736,0.7312,0.7221,0.7502,0.7173,0.6922,0.7043
Iceland,Agricultural Soils,Indirect emissions (N2O),kilotonnes,0.1605,0.1398,0.1483,0.1438,0.1399,0.1406,0.1551,0.1636,0.1724,0.1341,0.1351,0.1402,0.1428,0.1354,0.1511,0.1551,0.1514,0.16,0.1513,0.1424,0.1438
Iceland,Agricultural Soils,Indirect emissions (N2O),kilotonnes,0.1354,0.1344,0.1279,0.1244,0.1214,0.1218,0.1331,0.1404,0.1464,0.1354,0.1298,0.1293,0.1341,0.1302,0.146,0.1355,0.1337,0.14,0.1307,0.124,0.1263
Iceland,Agricultural Soils,Emissions (N2O),kilotonnes,1.129,1.044,1.0796,1.0614,1.0464,1.0485,1.1075,1.142,1.1771,1.0206,1.0239,1.0448,1.0562,1.0271,1.0897,1.107,1.093,1.1305,1.0963,1.0644,1.0727
Iceland,Agricultural Soils,Emissions (N2O),kilotonnes,0.8455,0.8421,0.8153,0.8017,0.7945,0.7996,0.8551,0.8905,0.9222,0.8658,0.8401,0.8355,0.8625,0.8459,0.9196,0.8668,0.8558,0.8902,0.848,0.8162,0.8306
Iceland,Agricultural Soils,Emissions (CO2eq) from N2O (AR5),kilotonnes,299.1839,276.6551,286.106,281.2581,277.2889,277.8422,293.4835,302.6348,311.9441,270.4505,271.3392,276.8716,279.8808,272.1835,288.7738,293.3616,289.6579,299.5724,290.531,282.0663,284.268
Iceland,Agricultural Soils,Emissions (CO2eq) from N2O (AR5),kilotonnes,224.0619,223.1625,216.0607,212.449,210.5398,211.8847,226.6128,235.9957,244.3702,229.4353,222.6144,221.406,228.5549,224.1667,243.6878,229.6893,226.7784,235.899,224.7288,216.3059,220.1133
Iceland,Agricultural Soils,Emissions (CO2eq) (AR5),kilotonnes,299.1839,276.6551,286.106,281.2581,277.2889,277.8422,293.4835,302.6348,311.9441,270.4505,271.3392,276.8716,279.8808,272.1835,288.7738,293.3616,289.6579,299.5724,290.531,282.0663,284.268
Iceland,Agricultural Soils,Emissions (CO2eq) (AR5),kilotonnes,224.0619,223.1625,216.0607,212.449,210.5398,211.8847,226.6128,235.9957,244.3702,229.4353,222.6144,221.406,228.5549,224.1667,243.6878,229.6893,226.7784,235.899,224.7288,216.3059,220.1133
Iceland,LULUCF,Emissions (CH4),kilotonnes,0,0,0,0,0,0,0,0,0,0,0,0,0,0,0,0,0,0,0,0,0
Iceland,LULUCF,Emissions (CH4),kilotonnes,138.153,138.0031,137.7951,137.6662,137.5237,137.3248,137.2059,136.6254,136.2968,136.2358,136.1672,136.0997,136.0265,135.9555,135.8806,135.8109,135.7363,135.6718,135.2471,135.4756,
Iceland,LULUCF,Emissions (N2O),kilotonnes,0,0,0,0,0,0,0,0,0,0,0,0,0,0,0,0,0,0,0,0,0
Iceland,LULUCF,Emissions (N2O),kilotonnes,0.002,0.0022,0.0024,0.0025,0.0026,0.0027,0.0213,0.0029,0.0033,0.0031,0.0032,0.0033,0.0034,0.0035,0.0035,0.0041,0.0034,0.0036,0.0034,0.0035,
Iceland,LULUCF,Emissions (CO2),kilotonnes,710.7067,667.764,667.764,667.764,667.764,667.764,667.764,667.764,667.764,667.764,667.764,612.6366,612.6366,612.6366,612.6366,612.6366,612.2251,612.2251,612.4489,616.343,616.343
Iceland,LULUCF,Emissions (CO2),kilotonnes,5729.44,5744.6003,5774.0165,5773.4558,5784.0294,5799.3484,5866.3936,5902.5123,5930.6911,5909.5954,5888.2434,5864.4144,5860.8107,5848.9062,5826.9834,5805.6709,5780.3306,5742.3651,5723.3686,5684.1345,
Iceland,LULUCF,Emissions (CO2eq) from CH4 (AR5),kilotonnes,0,0,0,0,0,0,0,0,0,0,0,0,0,0,0,0,0,0,0,0,0
Iceland,LULUCF,Emissions (CO2eq) from N2O (AR5),kilotonnes,0,0,0,0,0,0,0,0,0,0,0,0,0,0,0,0,0,0,0,0,0
Iceland,LULUCF,Emissions (CO2eq) (AR5),kilotonnes,710.7067,667.764,667.764,667.764,667.764,667.764,667.764,667.764,667.764,667.764,667.764,612.6366,612.6366,612.6366,612.6366,612.6366,612.2251,612.2251,612.4489,616.343,616.343
Iceland,LULUCF,Emissions (CO2eq) (AR5),kilotonnes,5729.44,5744.6003,5774.0165,5773.4558,5784.0294,5799.3484,5866.3936,5902.5123,5930.6911,5909.5954,5888.2434,5864.4144,5860.8107,5848.9062,5826.9834,5805.6709,5780.3306,5742.3651,5723.3686,5684.1345,
Iceland,AFOLU,Emissions (CH4),kilotonnes,12.2182,12.0798,11.7121,11.5898,11.3553,11.5056,11.8313,11.996,12.1679,12.3495,12.3643,12.246,12.06,11.6288,12.3521,12.6603,12.5633,12.3958,12.2499,12.0421,11.6945
Iceland,AFOLU,Emissions (N2O),kilotonnes,1.1899,1.1033,1.1368,1.1182,1.1014,1.1044,1.167,1.2011,1.2375,1.0817,1.0844,1.1048,1.115,1.0831,1.1499,1.1696,1.1553,1.1931,1.1585,1.1258,1.1332
Iceland,AFOLU,Emissions (CO2),kilotonnes,710.7067,667.764,667.764,667.764,667.764,667.764,667.764,667.764,667.764,667.764,667.764,612.6366,612.6366,612.6366,612.6366,612.6366,612.2251,612.2251,612.4489,616.343,616.343
Iceland,AFOLU,Emissions (CO2eq) from CH4 (AR5),kilotonnes,342.1091,338.2334,327.9392,324.5142,317.9473,322.1556,331.2773,335.8885,340.7006,345.7864,346.2017,342.8892,337.6796,325.6055,345.8581,354.4873,351.7727,347.0819,342.9974,337.178,327.4466
Iceland,AFOLU,Emissions (CO2eq) from N2O (AR5),kilotonnes,315.3125,292.3787,301.2578,296.312,291.8662,292.6614,309.2504,318.3029,327.926,286.6615,287.3792,292.7773,295.4878,287.0284,304.7345,309.9467,306.1663,316.1658,306.997,298.327,300.2973
Iceland,AFOLU,Emissions (CO2eq) (AR5),kilotonnes,1368.1283,1298.376,1296.961,1288.5902,1277.5775,1282.581,1308.2916,1321.9554,1336.3906,1300.2119,1301.3449,1248.3031,1245.804,1225.2705,1263.2292,1277.0706,1270.1641,1275.4728,1262.4432,1251.848,1244.0869
Iceland,All sectors with LULUCF,Emissions (CH4),kilotonnes,21.761,21.9238,21.6061,21.5468,21.5993,23.6376,23.7743,23.177,23.0199,22.3765,22.5293,21.674,20.796,20.4768,21.2071,22.1323,22.0723,21.9758,22.2479,20.6791,21.3385
Iceland,All sectors with LULUCF,Emissions (N2O),kilotonnes,1.3572,1.2784,1.31,1.2918,1.2774,1.2772,1.3565,1.3796,1.4236,1.2576,1.2569,1.2714,1.2779,1.2518,1.3201,1.3433,1.3333,1.3758,1.3371,1.2985,1.2985
Iceland,All sectors with LULUCF,Emissions (CO2),kilotonnes,3658.0767,3717.814,3895.694,3850.544,3928.804,3883.564,4039.754,4259.784,4589.764,4549.594,4499.444,4314.1966,4324.1866,4394.0366,4304.2966,4364.2966,4394.0651,4504.1351,4634.2689,4308.813,3618.043
Iceland,All sectors with LULUCF,Emissions (CO2eq) from F-gases (AR5),kilotonnes,143.8197,146.7349,146.7349,153.5372,161.3113,169.0853,195.3227,234.1929,402.3064,225.4471,234.1929,307.0744,368.295,370.2385,399.3911,406.1934,385.7866,313.8767,350.8034,415.911,409.1087
Iceland,All sectors with LULUCF,Emissions (CO2eq) from CH4 (AR5),kilotonnes,609.3075,613.8654,604.9712,603.3102,604.7793,661.8516,665.6813,648.9565,644.5566,626.5424,630.8217,606.8732,582.2876,573.3495,593.7981,619.7033,618.0247,615.3219,622.9414,579.014,597.4786
Iceland,All sectors with LULUCF,Emissions (CO2eq) from N2O (AR5),kilotonnes,359.647,338.7802,347.1558,342.316,338.5062,338.4534,359.4679,365.6054,377.2425,333.275,333.0917,336.9263,338.6563,331.7339,349.8375,355.9772,353.3363,364.5813,354.326,344.0925,344.1018
Iceland,All sectors with LULUCF,Emissions (CO2eq) (AR5),kilotonnes,4770.8509,4817.1945,4994.5559,4949.7074,5033.4007,5052.9543,5260.2257,5508.5387,6013.8694,5734.8585,5697.5503,5565.0705,5613.4255,5669.3585,5647.3234,5746.1705,5751.2126,5797.915,5962.3396,5647.8304,4968.732
Iceland,All sectors without LULUCF,Emissions (CH4),kilotonnes,21.761,21.9238,21.6061,21.5468,21.5993,23.6376,23.7743,23.177,23.0199,22.3765,22.5293,21.674,20.796,20.4768,21.2071,22.1323,22.0723,21.9758,22.2479,20.6791,21.3385
Iceland,All sectors without LULUCF,Emissions (N2O),kilotonnes,1.3572,1.2784,1.31,1.2918,1.2774,1.2772,1.3565,1.3796,1.4236,1.2576,1.2569,1.2714,1.2779,1.2518,1.3201,1.3433,1.3333,1.3758,1.3371,1.2985,1.2985
Iceland,All sectors without LULUCF,Emissions (CO2),kilotonnes,2947.37,3050.05,3227.93,3182.78,3261.04,3215.8,3371.99,3592.02,3922,3881.83,3831.68,3701.56,3711.55,3781.4,3691.66,3751.66,3781.84,3891.91,4021.82,3692.47,3001.7
Iceland,All sectors without LULUCF,Emissions (CO2eq) from F-gases (AR5),kilotonnes,143.8197,146.7349,146.7349,153.5372,161.3113,169.0853,195.3227,234.1929,402.3064,225.4471,234.1929,307.0744,368.295,370.2385,399.3911,406.1934,385.7866,313.8767,350.8034,415.911,409.1087
Iceland,All sectors without LULUCF,Emissions (CO2eq) from CH4 (AR5),kilotonnes,609.3075,613.8654,604.9712,603.3102,604.7793,661.8516,665.6813,648.9565,644.5566,626.5424,630.8217,606.8732,582.2876,573.3495,593.7981,619.7033,618.0247,615.3219,622.9414,579.014,597.4786
Iceland,All sectors without LULUCF,Emissions (CO2eq) from N2O (AR5),kilotonnes,359.647,338.7802,347.1558,342.316,338.5062,338.4534,359.4679,365.6054,377.2425,333.275,333.0917,336.9263,338.6563,331.7339,349.8375,355.9772,353.3363,364.5813,354.326,344.0925,344.1018
Iceland,All sectors without LULUCF,Emissions (CO2eq) (AR5),kilotonnes,4060.1442,4149.4305,4326.7919,4281.9434,4365.6368,4385.1903,4592.4618,4840.7748,5346.1055,5067.0945,5029.7863,4952.4339,5000.7888,5056.7218,5034.6868,5133.5339,5138.9876,5185.6899,5349.8907,5031.4874,4352.389
India,Crop Residues,Direct emissions (N2O),kilotonnes,54.8641,55.4584,49.7926,54.6666,53.9356,55.545,56.2408,59.6745,60.6823,57.4223,61.2574,64.4734,65.2172,65.6526,65.7594,63.5648,66.4905,68.9005,69.7394,70.0521,72.4617
India,Crop Residues,Indirect emissions (N2O),kilotonnes,12.3444,12.4781,11.2033,12.3,12.1355,12.4976,12.6542,13.4268,13.6535,12.92,13.7829,14.5065,14.6739,14.7718,14.7959,14.3021,14.9604,15.5026,15.6914,15.7617,16.3039
India,Crop Residues,Emissions (N2O),kilotonnes,67.2085,67.9365,60.9959,66.9666,66.0711,68.0426,68.895,73.1013,74.3358,70.3423,75.0403,78.9799,79.8911,80.4244,80.5553,77.8668,81.4508,84.4031,85.4307,85.8138,88.7656
India,Crop Residues,Emissions (CO2eq) from N2O (AR5),kilotonnes,17810.2655,18003.1852,16163.9205,17746.1373,17508.8353,18031.2862,18257.1639,19371.8335,19698.9843,18640.7043,19885.6912,20929.6634,21171.1463,21312.4775,21347.1473,20634.708,21584.4725,22366.8149,22639.1462,22740.6673,23522.8756
India,Crop Residues,Emissions (CO2eq) (AR5),kilotonnes,17810.2655,18003.1852,16163.9205,17746.1373,17508.8353,18031.2862,18257.1639,19371.8335,19698.9843,18640.7043,19885.6912,20929.6634,21171.1463,21312.4775,21347.1473,20634.708,21584.4725,22366.8149,22639.1462,22740.6673,23522.8756
India,Rice Cultivation,Emissions (CH4),kilotonnes,4719.7987,4739.644,4346.5491,4496.0643,4423.6713,4608.7285,4624.5836,4635.1396,4806.9279,4424.8957,4524.5549,4645.6956,4513.1122,4658.9909,4656.2516,4580.2484,4559.1364,4620.7908,4661.1549,4621.4168,4750.2
India,Rice Cultivation,Emissions (CH4),kilotonnes,,,,,,,,,,,,,,,,,3396.27,,,,
India,Rice Cultivation,Emissions (CO2eq) from CH4 (AR5),kilotonnes,132154.3642,132710.032,121703.3752,125889.8004,123862.7951,129044.3977,129488.3408,129783.9088,134593.9824,123897.0809,126687.5384,130079.4768,126367.1427,130451.7447,130375.0448,128246.9552,127655.8192,129382.1432,130512.3361,129399.6704,133005.6
India,Rice Cultivation,Emissions (CO2eq) from CH4 (AR5),kilotonnes,,,,,,,,,,,,,,,,,95095.56,,,,
India,Rice Cultivation,Emissions (CO2eq) (AR5),kilotonnes,132154.3642,132710.032,121703.3752,125889.8004,123862.7951,129044.3977,129488.3408,129783.9088,134593.9824,123897.0809,126687.5384,130079.4768,126367.1427,130451.7447,130375.0448,128246.9552,127655.8192,129382.1432,130512.3361,129399.6704,133005.6
India,Rice Cultivation,Emissions (CO2eq) (AR5),kilotonnes,,,,,,,,,,,,,,,,,95095.56,,,,
India,Burning - Crop residues,Emissions (CH4),kilotonnes,121.3383,119.8097,115.2562,118.2215,117.9277,120.2427,122.3469,126.3954,128.8459,122.2766,124.8047,129.1323,128.1007,131.7999,132.165,130.7826,132.408,132.0468,131.2347,129.9331,135.7327
India,Burning - Crop residues,Emissions (CH4),kilotonnes,238.06,,,,,,,,,,272.59,,,,,,,,,,
India,Burning - Crop residues,Emissions (N2O),kilotonnes,3.1458,3.1062,2.9881,3.065,3.0574,3.1174,3.172,3.2769,3.3404,3.1701,3.2357,3.3479,3.3211,3.417,3.4265,3.3907,3.4328,3.4234,3.4024,3.3686,3.519
India,Burning - Crop residues,Emissions (N2O),kilotonnes,6.17,,,,,,,,,,7.07,,,,,,,,,,
India,Burning - Crop residues,Emissions (CO2eq) from CH4 (AR5),kilotonnes,3397.4719,3354.6702,3227.1731,3310.2027,3301.9755,3366.795,3425.7123,3539.0704,3607.6842,3423.7452,3494.5321,3615.7056,3586.8193,3690.3968,3700.62,3661.9128,3707.424,3697.3109,3674.5715,3638.1256,3800.5149
India,Burning - Crop residues,Emissions (CO2eq) from CH4 (AR5),kilotonnes,6665.68,,,,,,,,,,7632.52,,,,,,,,,,
India,Burning - Crop residues,Emissions (CO2eq) from N2O (AR5),kilotonnes,833.6389,823.1367,791.8527,812.2257,810.207,826.1117,840.5683,868.383,885.2188,840.0856,857.4546,887.187,880.0992,905.514,908.0225,898.5249,909.692,907.2105,901.631,892.6882,932.5337
India,Burning - Crop residues,Emissions (CO2eq) from N2O (AR5),kilotonnes,1635.05,,,,,,,,,,1873.55,,,,,,,,,,
India,Burning - Crop residues,Emissions (CO2eq) (AR5),kilotonnes,4231.1109,4177.8069,4019.0258,4122.4284,4112.1825,4192.9067,4266.2806,4407.4534,4492.903,4263.8308,4351.9868,4502.8926,4466.9185,4595.9108,4608.6425,4560.4377,4617.116,4604.5215,4576.2024,4530.8138,4733.0486
India,Burning - Crop residues,Emissions (CO2eq) (AR5),kilotonnes,8300.73,,,,,,,,,,9506.07,,,,,,,,,,
India,Enteric Fermentation,Emissions (CH4),kilotonnes,12348.967,12401.625,12434.718,12488.9938,12714.268,12954.6768,13179.2112,13512.4962,13517.1118,13526.7202,13547.6537,13558.8582,13559.2553,13541.4729,13547.124,13676.7418,13811.8417,13900.0373,14004.3372,13990.9261,14004.5653
India,Enteric Fermentation,Emissions (CH4),kilotonnes,10068.07,,,,,,,,,,10811.12,,,,,10602.63,,,,,
India,Enteric Fermentation,Emissions (CO2eq) from CH4 (AR5),kilotonnes,345771.076,347245.5,348172.104,349691.826,355999.504,362730.95,369017.914,378349.894,378479.1311,378748.166,379334.3048,379648.03,379659.1487,379161.2422,379319.4709,382948.7711,386731.5675,389201.0443,392121.4405,391745.9299,392127.8295
India,Enteric Fermentation,Emissions (CO2eq) from CH4 (AR5),kilotonnes,281905.96,,,,,,,,,,302711.36,,,,,296873.64,,,,,
India,Enteric Fermentation,Emissions (CO2eq) (AR5),kilotonnes,345771.076,347245.5,348172.104,349691.826,355999.504,362730.95,369017.914,378349.894,378479.1311,378748.166,379334.3048,379648.03,379659.1487,379161.2422,379319.4709,382948.7711,386731.5675,389201.0443,392121.4405,391745.9299,392127.8295
India,Enteric Fermentation,Emissions (CO2eq) (AR5),kilotonnes,281905.96,,,,,,,,,,302711.36,,,,,296873.64,,,,,
India,Manure Management,Emissions (CH4),kilotonnes,1064.2359,1070.7222,1075.3063,1082.2476,1096.9671,1113.2429,1128.0618,1153.5127,1154.9739,1156.9254,1159.9868,1162.1108,1163.1536,1162.676,1164.4663,1173.0123,1182.6465,1189.1757,1196.6198,1192.4001,1193.4668
India,Manure Management,Emissions (CH4),kilotonnes,241.19,,,,,,,,,,130.6,,,,,119.6,,,,,
India,Manure Management,Emissions (N2O),kilotonnes,11.9509,12.0211,12.0935,12.1913,12.4297,12.6713,12.9366,13.2027,13.1883,13.1823,13.1808,13.165,13.1451,13.1252,13.1031,13.2929,13.4122,13.47,13.5765,13.7344,13.462
India,Manure Management,Emissions (N2O),kilotonnes,0.0734,,,,,,,,,,0.08,,,,,79.73,,,,,
India,Manure Management,Emissions (CO2eq) from CH4 (AR5),kilotonnes,29798.6055,29980.2229,30108.5768,30302.9323,30715.0774,31170.8022,31585.7311,32298.3566,32339.2697,32393.9116,32479.6313,32539.1015,32568.2995,32554.927,32605.0554,32844.3445,33114.101,33296.9207,33505.3554,33387.2033,33417.0712
India,Manure Management,Emissions (CO2eq) from CH4 (AR5),kilotonnes,6753.32,,,,,,,,,,3656.8,,,,,3348.8,,,,,
India,Manure Management,Emissions (CO2eq) from N2O (AR5),kilotonnes,3166.9807,3185.604,3204.7748,3230.6988,3293.8727,3357.8815,3428.2086,3498.7213,3494.9117,3493.3012,3492.9088,3488.7296,3483.4549,3478.1835,3472.3133,3522.6287,3554.2229,3569.5511,3597.7636,3639.6279,3567.437
India,Manure Management,Emissions (CO2eq) from N2O (AR5),kilotonnes,19.451,,,,,,,,,,21.2,,,,,21128.45,,,,,
India,Manure Management,Emissions (CO2eq) (AR5),kilotonnes,32965.5862,33165.827,33313.3516,33533.6311,34008.9501,34528.6837,35013.9396,35797.078,35834.1813,35887.2127,35972.5401,36027.831,36051.7544,36033.1105,36077.3687,36366.9733,36668.3239,36866.4718,37103.1189,37026.8312,36984.5082
India,Manure Management,Emissions (CO2eq) (AR5),kilotonnes,6772.771,,,,,,,,,,3678,,,,,24477.25,,,,,
India,Manure left on Pasture,Direct emissions (N2O),kilotonnes,146.7382,147.8977,148.671,149.9087,153.0246,156.3973,159.5102,164.6472,164.7346,164.9394,165.3695,165.5655,165.5946,165.3145,165.5798,168.6504,171.4896,173.116,175.4118,175.7777,175.0146
India,Manure left on Pasture,Indirect emissions (N2O),kilotonnes,39.2846,39.5562,39.7463,40.0363,40.9475,41.9228,42.8526,44.2244,44.1462,44.094,44.0906,44.0387,43.9393,43.7791,43.7606,44.7804,45.6508,46.0546,46.7104,46.9949,46.6901
India,Manure left on Pasture,Emissions (N2O),kilotonnes,186.0228,187.4539,188.4173,189.945,193.9722,198.3201,202.3628,208.8717,208.8809,209.0334,209.4601,209.6042,209.5339,209.0936,209.3404,213.4308,217.1403,219.1707,222.1223,222.7725,221.7047
India,Manure left on Pasture,Emissions (CO2eq) from N2O (AR5),kilotonnes,49296.0326,49675.2726,49930.5861,50335.428,51402.6263,52554.833,53626.1504,55350.9999,55353.4353,55393.863,55506.9139,55545.1223,55526.4946,55409.8163,55475.2041,56559.1516,57542.1908,58080.2293,58862.4001,59034.7203,58751.7449
India,Manure left on Pasture,Emissions (CO2eq) (AR5),kilotonnes,49296.0326,49675.2726,49930.5861,50335.428,51402.6263,52554.833,53626.1504,55350.9999,55353.4353,55393.863,55506.9139,55545.1223,55526.4946,55409.8163,55475.2041,56559.1516,57542.1908,58080.2293,58862.4001,59034.7203,58751.7449
India,Manure applied to Soils,Direct emissions (N2O),kilotonnes,30.4484,30.6998,30.9022,31.2048,31.8455,32.5179,33.1851,34.1146,34.1653,34.2438,34.3589,34.4198,34.4599,34.4571,34.5113,35.0195,35.4412,35.7217,36.1094,36.3002,35.8301
India,Manure applied to Soils,Indirect emissions (N2O),kilotonnes,12.9406,13.0474,13.1334,13.2621,13.5344,13.8201,14.1037,14.4987,14.5203,14.5536,14.6025,14.6284,14.6455,14.6442,14.6673,14.8833,15.0625,15.1817,15.3465,15.4276,15.2278
India,Manure applied to Soils,Emissions (N2O),kilotonnes,43.389,43.7473,44.0357,44.4669,45.3799,46.338,47.2888,48.6134,48.6856,48.7974,48.9614,49.0482,49.1054,49.1013,49.1786,49.9028,50.5037,50.9034,51.4559,51.7278,51.0578
India,Manure applied to Soils,Emissions (CO2eq) from N2O (AR5),kilotonnes,11498.0864,11593.0251,11669.4557,11783.7223,12025.6739,12279.5757,12531.5329,12882.5431,12901.6762,12931.3091,12974.7628,12997.7635,13012.9321,13011.845,13032.3321,13224.2291,13383.4917,13489.4014,13635.824,13707.8596,13530.3237
India,Manure applied to Soils,Emissions (CO2eq) (AR5),kilotonnes,11498.0864,11593.0251,11669.4557,11783.7223,12025.6739,12279.5757,12531.5329,12882.5431,12901.6762,12931.3091,12974.7628,12997.7635,13012.9321,13011.845,13032.3321,13224.2291,13383.4917,13489.4014,13635.824,13707.8596,13530.3237
India,Synthetic Fertilizers,Direct emissions (N2O),kilotonnes,171.6031,177.7313,164.5162,174.0807,184.0572,199.9472,216.2422,226.5633,233.5742,244.4887,258.5103,272.9185,264.3284,263.2159,266.3509,272.9933,262.9849,266.4829,277.0146,296.4327,320.6343
India,Synthetic Fertilizers,Indirect emissions (N2O),kilotonnes,55.771,57.7627,53.4678,56.5762,59.8186,64.9828,70.2787,73.6331,75.9116,79.4588,84.0158,88.6985,85.9067,85.5452,86.564,88.7228,85.4701,86.6069,90.0297,96.3406,104.2061
India,Synthetic Fertilizers,Emissions (N2O),kilotonnes,227.3742,235.494,217.9839,230.6569,243.8758,264.93,286.5209,300.1964,309.4859,323.9475,342.5261,361.617,350.2352,348.761,352.9149,361.7161,348.4549,353.0898,367.0443,392.7733,424.8404
India,Synthetic Fertilizers,Emissions (CO2eq) from N2O (AR5),kilotonnes,60254.1535,62405.9102,57765.7357,61124.0763,64627.0738,70206.4456,75928.0465,79552.0412,82013.7535,85846.0958,90769.4155,95828.5033,92812.3195,92421.6678,93522.4447,95854.7674,92340.558,93568.7932,97266.7414,104084.9368,112582.7136
India,Synthetic Fertilizers,Emissions (CO2eq) (AR5),kilotonnes,60254.1535,62405.9102,57765.7357,61124.0763,64627.0738,70206.4456,75928.0465,79552.0412,82013.7535,85846.0958,90769.4155,95828.5033,92812.3195,92421.6678,93522.4447,95854.7674,92340.558,93568.7932,97266.7414,104084.9368,112582.7136
India,Drained organic soils,Emissions (CO2eq) (AR5),kilotonnes,5197.8742,5195.485,5191.4027,5184.1632,5180.4168,5167.6406,5168.3011,5166.6489,5165.187,5169.6703,5167.6735,5166.6797,5164.7901,5163.9585,5159.5961,5158.3581,5151.2018,5151.1862,5152.2066,5110.4744,5106.5182
India,Drained organic soils (CO2),Emissions (CO2),kilotonnes,4989.3234,4987.1322,4983.2256,4976.3578,4972.8339,4960.7204,4961.4148,4959.8349,4958.4544,4962.8263,4960.9248,4960.0144,4958.2084,4957.4127,4953.2382,4952.0492,4945.1758,4945.1662,4946.1663,4906.0323,4902.237
India,Drained organic soils (CO2),Emissions (CO2eq) (AR5),kilotonnes,4989.3234,4987.1322,4983.2256,4976.3578,4972.8339,4960.7204,4961.4148,4959.8349,4958.4544,4962.8263,4960.9248,4960.0144,4958.2084,4957.4127,4953.2382,4952.0492,4945.1758,4945.1662,4946.1663,4906.0323,4902.237
India,Drained organic soils (N2O),Emissions (N2O),kilotonnes,0.787,0.7862,0.7856,0.7842,0.7833,0.7808,0.7807,0.7804,0.7801,0.7805,0.7802,0.7799,0.7796,0.7794,0.7787,0.7785,0.7775,0.7774,0.7775,0.7715,0.7709
India,Drained organic soils (N2O),Emissions (CO2eq) from N2O (AR5),kilotonnes,208.5508,208.3528,208.1771,207.8054,207.5829,206.9202,206.8862,206.814,206.7326,206.844,206.7487,206.6653,206.5817,206.5459,206.3579,206.3089,206.026,206.02,206.0403,204.4421,204.2811
India,Drained organic soils (N2O),Emissions (CO2eq) (AR5),kilotonnes,208.5508,208.3528,208.1771,207.8054,207.5829,206.9202,206.8862,206.814,206.7326,206.844,206.7487,206.6653,206.5817,206.5459,206.3579,206.3089,206.026,206.02,206.0403,204.4421,204.2811
India,On-farm energy use,Emissions (CH4),kilotonnes,39.0641,32.3968,35.6937,37.0399,35.8934,42.6804,49.5226,52.131,63.6541,67.1978,55.3627,42.2832,35.4564,66.5483,54.1966,42.0933,33.6407,28.207,22.8026,16.7173,16.7173
India,On-farm energy use,Emissions (N2O),kilotonnes,9.5749,9.1641,9.2453,9.3165,9.5425,8.9826,10.0262,0.9049,0.9333,1.0823,1.0475,1.0629,0.9435,11.7716,11.761,0.9896,0.9219,0.9022,0.9203,0.0858,0.0858
India,On-farm energy use,Emissions (CO2),kilotonnes,39819.5759,37055.7192,38836.132,42862.387,43494.1661,42525.4464,45681.1626,21605.3182,23541.858,25455.7372,21477.11,17163.1369,14437.4147,51091.8101,47298.9698,16248.6593,13562.2169,11393.0855,9970.0968,5959.5459,5959.5459
India,On-farm energy use,Emissions (CO2eq) from CH4 (AR5),kilotonnes,1093.7954,907.1095,999.4231,1037.1185,1005.0147,1195.0522,1386.6339,1459.6672,1782.3152,1881.5377,1550.1569,1183.9297,992.7788,1863.3513,1517.5045,1178.6125,941.9386,789.7963,638.4718,468.0836,468.0836
India,On-farm energy use,Emissions (CO2eq) from N2O (AR5),kilotonnes,2537.355,2428.4878,2449.9976,2468.8816,2528.7505,2380.3849,2656.9466,239.8005,247.3158,286.8146,277.5941,281.6588,250.0363,3119.4661,3116.6756,262.2522,244.3052,239.0937,243.8923,22.7384,22.7384
India,On-farm energy use,Emissions (CO2eq) (AR5),kilotonnes,43450.7263,40391.3164,42285.5528,46368.3871,47027.9314,46100.8835,49724.7431,23304.7858,25571.489,27624.0894,23304.8611,18628.7253,15680.2299,56074.6275,51933.1499,17689.524,14748.4607,12421.9756,10852.4609,6450.3679,6450.3679
India,Forestland,Emissions (CO2),kilotonnes,-227396.9133,-24494.5727,-24494.5727,-24494.5727,-24494.5727,-24494.5727,-24494.5727,-24494.5727,-24494.5727,-24494.5727,-24494.5727,-71115.44,-71115.44,-71115.44,-71115.44,-71115.44,-40537.2,-40537.2,-40537.2,-40537.2,-40537.2
India,Forestland,Emissions (CO2eq) (AR5),kilotonnes,-227396.9133,-24494.5727,-24494.5727,-24494.5727,-24494.5727,-24494.5727,-24494.5727,-24494.5727,-24494.5727,-24494.5727,-24494.5727,-71115.44,-71115.44,-71115.44,-71115.44,-71115.44,-40537.2,-40537.2,-40537.2,-40537.2,-40537.2
India,Net Forest conversion,Emissions (CO2),kilotonnes,0,23187.626,23187.626,23187.626,23187.626,23187.626,23187.626,23187.626,23187.626,23187.626,23187.626,0,0,0,0,0,0,0,0,0,0
India,Net Forest conversion,Emissions (CO2eq) (AR5),kilotonnes,0,23187.626,23187.626,23187.626,23187.626,23187.626,23187.626,23187.626,23187.626,23187.626,23187.626,0,0,0,0,0,0,0,0,0,0
India,Savanna fires,Emissions (CH4),kilotonnes,3.6066,3.3043,2.2035,4.4626,8.848,4.2103,5.0591,6.677,6.6923,12.9004,8.3869,7.2719,12.3748,5.6178,6.3599,4.6658,7.2325,8.1999,9.069,5.86,3.7266
India,Savanna fires,Emissions (N2O),kilotonnes,0.3293,0.3017,0.2012,0.4075,0.8079,0.3844,0.4619,0.6096,0.611,1.1779,0.7658,0.664,1.1299,0.5129,0.5807,0.426,0.6604,0.7487,0.828,0.535,0.3403
India,Savanna fires,Emissions (CO2eq) from CH4 (AR5),kilotonnes,100.9834,92.5195,61.6991,124.9525,247.7437,117.8891,141.6559,186.9573,187.3854,361.2101,234.8319,203.6144,346.4956,157.2971,178.0781,130.6427,202.5113,229.5963,253.9308,164.0803,104.3436
India,Savanna fires,Emissions (CO2eq) from N2O (AR5),kilotonnes,87.2629,79.9489,53.316,107.9753,214.0829,101.8715,122.4092,161.5555,161.9254,312.1326,202.9254,175.9494,299.4174,135.9252,153.8827,112.8923,174.9962,198.4012,219.4294,141.7868,90.1665
India,Savanna fires,Emissions (CO2eq) (AR5),kilotonnes,188.2463,172.4683,115.0151,232.9278,461.8265,219.7606,264.0652,348.5128,349.3108,673.3426,437.7572,379.5638,645.913,293.2222,331.9609,243.5351,377.5075,427.9975,473.3602,305.8672,194.5101
India,Fires in organic soils,Emissions (CH4),kilotonnes,0,0,0,0,0,0,0,0,0,0,0,0,0,0,0,0,0,0,0,0,0
India,Fires in organic soils,Emissions (CO2),kilotonnes,0,0,0,0,0,0,0,0,0,0,0,0,0,0,0,0,0,0,0,0,0
India,Fires in organic soils,Emissions (CO2eq) from CH4 (AR5),kilotonnes,0,0,0,0,0,0,0,0,0,0,0,0,0,0,0,0,0,0,0,0,0
India,Fires in organic soils,Emissions (CO2eq) (AR5),kilotonnes,0,0,0,0,0,0,0,0,0,0,0,0,0,0,0,0,0,0,0,0,0
India,Forest fires,Emissions (CH4),kilotonnes,51.3943,24.8189,17.3145,72.128,109.5171,63.5891,67.0843,109.741,65.9306,206.181,163.6462,79.7616,188.9527,109.1573,91.6975,68.7096,90.2677,142.7603,115.9623,67.3733,33.7695
India,Forest fires,Emissions (N2O),kilotonnes,1.5345,2.2661,1.5809,6.5856,9.9994,5.806,6.1251,10.0198,6.0197,18.8252,14.9416,7.2826,17.2522,9.9665,8.3724,6.2735,8.2418,13.0346,10.5879,6.1515,3.0833
India,Forest fires,Emissions (CO2eq) from CH4 (AR5),kilotonnes,1439.0397,694.9288,484.8062,2019.5852,3066.4777,1780.4938,1878.3613,3072.7489,1846.0564,5773.0669,4582.0932,2233.325,5290.6758,3056.4058,2567.5313,1923.8683,2527.4969,3997.2884,3246.9434,1886.4532,945.5469
India,Forest fires,Emissions (CO2eq) from N2O (AR5),kilotonnes,406.6465,600.5091,418.9358,1745.1851,2649.8367,1538.5788,1623.1491,2655.2558,1595.2335,4988.6828,3959.5262,1929.8841,4571.834,2641.1333,2218.6819,1662.4732,2184.087,3454.1786,2805.7826,1630.1417,817.0759
India,Forest fires,Emissions (CO2eq) (AR5),kilotonnes,1845.6861,1295.4379,903.742,3764.7703,5716.3143,3319.0726,3501.5104,5728.0047,3441.2898,10761.7497,8541.6194,4163.2091,9862.5098,5697.5391,4786.2133,3586.3415,4711.5839,7451.4669,6052.7261,3516.5949,1762.6228
India,Fires in humid tropical forests,Emissions (CH4),kilotonnes,21.4143,9.6519,2.8577,20.26,29.7281,18.2294,32.7516,27.8842,24.0245,54.9364,63.0973,18.891,43.6458,31.7224,34.1728,19.3641,26.6227,24.5362,11.8767,10.3735,9.7031
India,Fires in humid tropical forests,Emissions (N2O),kilotonnes,0.6298,0.8813,0.2609,1.8498,2.7143,1.6644,2.9904,2.5459,2.1935,5.0159,5.7611,1.7248,3.985,2.8964,3.1201,1.768,2.4308,2.2403,1.0844,0.9471,0.8859
India,Fires in humid tropical forests,Emissions (CO2eq) from CH4 (AR5),kilotonnes,599.6001,270.2529,80.0164,567.2802,832.3876,510.4241,917.0461,780.7576,672.6851,1538.2188,1766.7255,528.9483,1222.0816,888.227,956.8374,542.1949,745.4369,687.0147,332.5485,290.4581,271.6872
India,Fires in humid tropical forests,Emissions (CO2eq) from N2O (AR5),kilotonnes,166.9055,233.5338,69.1446,490.2041,719.2915,441.073,792.4474,674.6764,581.2876,1329.2217,1526.6812,457.0803,1056.0379,767.544,826.8323,468.5271,644.1547,593.6703,287.3653,250.9937,234.7732
India,Fires in humid tropical forests,Emissions (CO2eq) (AR5),kilotonnes,766.5056,503.7867,149.1611,1057.4844,1551.6791,951.4972,1709.4935,1455.434,1253.9727,2867.4404,3293.4067,986.0287,2278.1194,1655.771,1783.6697,1010.722,1389.5915,1280.6851,619.9138,541.4518,506.4604
India,Waste - agri-food systems,Emissions (CH4),kilotonnes,4580.0608,4617.8672,4656.063,4702.6203,4719.4953,4765.6903,4804.8282,4864.2932,4900.3395,4917.0924,4967.5973,5021.6388,5063.2165,5095.0899,5122.3792,5127.949,5158.0951,5191.6281,5223.0754,5255.024,5283.8982
India,Waste - agri-food systems,Emissions (N2O),kilotonnes,18.5625,18.7323,18.469,18.8232,19.1115,19.1863,20.2334,21.2919,21.7351,21.8302,22.8596,23.3841,23.4036,24.1984,24.9032,25.4867,26.2808,27.5228,27.8596,28.1482,28.4331
India,Waste - agri-food systems,Emissions (CO2),kilotonnes,765.2314,766.2493,767.9291,772.6457,777.042,781.1912,785.0749,792.4154,791.9948,795.2033,801.528,803.9294,804.001,804.4505,807.1191,808.0053,810.4828,814.5967,815.1441,816.4679,814.7704
India,Waste - agri-food systems,Emissions (CO2eq) from CH4 (AR5),kilotonnes,128241.7016,129300.2823,130369.7637,131673.3678,132145.8694,133439.3278,134535.1908,136200.2103,137209.5058,137678.5884,139092.7232,140605.8867,141770.0625,142662.5171,143426.6175,143582.5725,144426.6642,145365.5874,146246.1116,147140.6726,147949.1493
India,Waste - agri-food systems,Emissions (CO2eq) from N2O (AR5),kilotonnes,4919.0687,4964.0609,4894.2745,4988.1594,5064.5423,5084.3705,5361.8537,5642.3435,5759.789,5785.0142,6057.8052,6196.7809,6201.9521,6412.5876,6599.3532,6753.9686,6964.4181,7293.5399,7382.782,7459.2704,7534.7653
India,Waste - agri-food systems,Emissions (CO2eq) (AR5),kilotonnes,133926.0017,135030.5925,136031.9673,137434.173,137987.4538,139304.8895,140682.1195,142634.9692,143761.2896,144258.8059,145952.0564,147606.597,148776.0156,149879.5552,150833.0898,151144.5464,152201.565,153473.724,154444.0376,155416.4108,156298.6849
India,Fertilizers Manufacturing,Emissions (N2O),kilotonnes,0.5871,0.5624,0.5148,0.4257,0.5386,0.5022,0.4338,0.3894,0.4032,0.3119,0.2866,0.344,0.3148,0.127,0.1946,0.1595,0.1368,0.1121,0.084,0.0566,0.0582
India,Fertilizers Manufacturing,Emissions (CO2),kilotonnes,17817.8565,18556.9893,20625.0581,20939.624,21695.4681,21015.2664,22957.8407,21145.1701,20594.1122,23594.3475,22796.704,23957.4393,23845.3776,26202.8425,26545.5979,26969.3393,27653.4159,28303.7957,27630.3298,27379.583,25392.3552
India,Fertilizers Manufacturing,Emissions (CO2eq) from N2O (AR5),kilotonnes,155.5815,149.036,136.422,112.8105,142.729,133.083,114.957,103.191,106.848,82.6535,75.949,91.16,83.422,33.655,51.569,42.2675,36.252,29.7065,22.26,14.999,15.4188
India,Fertilizers Manufacturing,Emissions (CO2eq) (AR5),kilotonnes,17973.438,18706.0253,20761.4801,21052.4345,21838.1971,21148.3494,23072.7977,21248.3611,20700.9602,23677.001,22872.653,24048.5993,23928.7996,26236.4975,26597.1669,27011.6068,27689.6679,28333.5022,27652.5898,27394.582,25407.774
India,On-farm electricity use,Emissions (CH4),kilotonnes,101.6703,98.0032,101.3787,104.5022,106.2613,108.3456,118.8223,125.0128,136.6103,144.2444,158.3534,160.3849,169.1445,192.3887,202.6866,207.8128,234.5572,245.1408,249.3382,258.6685,258.6685
India,On-farm electricity use,Emissions (N2O),kilotonnes,0.5429,0.5233,0.5413,0.558,0.5674,0.5785,0.6345,0.6675,0.7295,0.7702,0.8456,0.8564,0.9032,1.0277,1.0828,1.1101,1.253,1.3096,1.332,1.3818,1.3818
India,On-farm electricity use,Emissions (CO2),kilotonnes,76741.5463,74179.4941,74967.3595,76038.3029,80660.9062,81415.872,88107.3778,97595.5619,107761.7526,115481.4325,123225.0044,119053.0605,130542.7741,147023.5174,154893.2109,158810.6346,179248.7293,187336.6688,190544.3346,197674.5593,197674.5593
India,On-farm electricity use,Emissions (CO2eq) from CH4 (AR5),kilotonnes,2846.7684,2744.0896,2838.6036,2926.0616,2975.3164,3033.6768,3327.0244,3500.3584,3825.0884,4038.8432,4433.8952,4490.7772,4736.046,5386.8836,5675.2248,5818.7584,6567.6016,6863.9424,6981.4696,7242.718,7242.718
India,On-farm electricity use,Emissions (CO2eq) from N2O (AR5),kilotonnes,143.8685,138.6745,143.4445,147.87,150.361,153.3025,168.1425,176.8875,193.3175,204.103,224.084,226.946,239.348,272.3405,286.942,294.1765,332.045,347.044,352.98,366.177,366.177
India,On-farm electricity use,Emissions (CO2eq) (AR5),kilotonnes,79732.1832,77062.2582,77949.4076,79112.2345,83786.5836,84602.8513,91602.5447,101272.8078,111780.1585,119724.3787,127882.9836,123770.7837,135518.1681,152682.7415,160855.3777,164923.5695,186148.3759,194547.6552,197878.7842,205283.4543,205283.4543
India,Food Processing,Emissions (CH4),kilotonnes,0,0,0,0,0,0,0,0,0,0,0,0,0,20.9337,23.4032,24.4123,25.1407,25.1407,25.1407,25.1407,25.0846
India,Food Processing,Emissions (N2O),kilotonnes,0,0,0,0,0,0,0,0,0,0,0,0,0,0.1119,0.1251,0.1305,0.1344,0.1344,0.1344,0.1344,0.1382
India,Food Processing,Emissions (CO2),kilotonnes,0,0,0,0,0,0,0,0,0,0,0,0,0,16012.7581,17899.944,18671.1409,19227.7599,19227.7599,19227.7599,19227.7599,17832.1967
India,Food Processing,Emissions (CO2eq) from CH4 (AR5),kilotonnes,0,0,0,0,0,0,0,0,0,0,0,0,0,586.1436,655.2896,683.5444,703.9396,703.9396,703.9396,703.9396,702.3683
India,Food Processing,Emissions (CO2eq) from N2O (AR5),kilotonnes,0,0,0,0,0,0,0,0,0,0,0,0,0,29.6535,33.1515,34.5825,35.616,35.616,35.616,35.616,36.6128
India,Food Processing,Emissions (CO2eq) (AR5),kilotonnes,0,0,0,0,0,0,0,0,0,0,0,0,0,16628.5552,18588.3851,19389.2678,19967.3155,19967.3155,19967.3155,19967.3155,18571.1778
India,Food Packaging,Emissions (CH4),kilotonnes,0.4536,0.4505,0.4594,0.4576,0.4617,0.4387,0.4491,0.4878,0.4868,0.4817,0.4503,0.5118,0.519,3.4598,3.767,3.4942,3.7194,2.2232,2.2256,2.4137,2.4083
India,Food Packaging,Emissions (N2O),kilotonnes,0.0159,0.0154,0.0166,0.0162,0.017,0.0127,0.0147,0.0223,0.021,0.0199,0.0147,0.0262,0.0276,0.0411,0.0501,0.0438,0.0465,0.0396,0.04,0.0399,0.041
India,Food Packaging,Emissions (CO2),kilotonnes,1489.7565,1459.2085,1507.3591,1455.2306,1523.9673,1058.0562,1289.9271,2217.0415,1982.1271,1905.3097,1382.7354,2561.1744,2759.2974,4468.9966,5600.8372,5079.4351,5360.3144,4311.213,4377.137,4376.7324,4059.0663
India,Food Packaging,Emissions (CO2eq) from CH4 (AR5),kilotonnes,12.7008,12.614,12.8632,12.8128,12.9276,12.2836,12.5748,13.6584,13.6304,13.4876,12.6084,14.3304,14.532,96.8744,105.476,97.8376,104.1432,62.2496,62.3168,67.5836,67.4327
India,Food Packaging,Emissions (CO2eq) from N2O (AR5),kilotonnes,4.2135,4.081,4.399,4.293,4.505,3.3655,3.8955,5.9095,5.565,5.2735,3.8955,6.943,7.314,10.8915,13.2765,11.607,12.3225,10.494,10.6,10.5735,10.8694
India,Food Packaging,Emissions (CO2eq) (AR5),kilotonnes,1506.6708,1475.9035,1524.6213,1472.3364,1541.3999,1073.7053,1306.3974,2236.6094,2001.3225,1924.0708,1399.2393,2582.4478,2781.1434,4576.7625,5719.5897,5188.8797,5476.7801,4383.9566,4450.0538,4454.8895,4137.3685
India,Food Retail,Emissions (CH4),kilotonnes,3.5169,3.7655,3.968,4.3992,4.8952,0.8076,0.9087,0.9564,1.0452,9.4532,10.4966,10.805,10.199,13.2058,12.5692,13.7831,15.7142,15.3921,15.1721,14.2358,14.204
India,Food Retail,Emissions (N2O),kilotonnes,0.0188,0.0201,0.0212,0.0235,0.0261,0.0043,0.0049,0.0051,0.0056,0.0505,0.0561,0.0577,0.0545,0.1187,0.1164,0.1258,0.1382,0.1394,0.0814,0.1065,0.1095
India,Food Retail,Emissions (CO2),kilotonnes,2654.557,2850.1518,2934.2473,3200.9359,3715.8668,606.85,673.7759,746.6414,824.4441,7568.1748,8168.0977,8020.5208,7871.3977,13719.1779,12694.7242,14021.9786,15407.9723,15362.2172,11633.0026,12898.8165,11962.6121
India,Food Retail,Emissions (CO2eq) from CH4 (AR5),kilotonnes,98.4732,105.434,111.104,123.1776,137.0656,22.6128,25.4436,26.7792,29.2656,264.6896,293.9048,302.54,285.572,369.7624,351.9376,385.9268,439.9976,430.9788,424.8188,398.6024,397.7127
India,Food Retail,Emissions (CO2eq) from N2O (AR5),kilotonnes,4.982,5.3265,5.618,6.2275,6.9165,1.1395,1.2985,1.3515,1.484,13.3825,14.8665,15.2905,14.4425,31.4555,30.846,33.337,36.623,36.941,21.571,28.2225,29.0124
India,Food Retail,Emissions (CO2eq) (AR5),kilotonnes,2758.0122,2960.9123,3050.9693,3330.341,3859.8489,630.6023,700.518,774.7721,855.1937,7846.2469,8476.869,8338.3513,8171.4122,14120.3958,13077.5078,14441.2424,15884.5929,15830.137,12079.3924,13325.6414,12389.3371
India,Food Household Consumption,Emissions (CH4),kilotonnes,44.2731,44.8267,50.0246,51.467,53.9186,56.4769,61.6227,67.3563,72.828,70.7896,94.2037,95.0104,95.2253,131.4385,136.2216,146.4803,157.7431,165.8139,169.3893,169.3893,169.0112
India,Food Household Consumption,Emissions (N2O),kilotonnes,0.3665,0.3597,0.3793,0.3859,0.4038,0.417,0.4446,0.4751,0.5034,0.4931,0.617,0.6161,0.6107,0.8018,0.8255,0.8758,0.9234,0.962,0.979,0.979,1.0064
India,Food Household Consumption,Emissions (CO2),kilotonnes,53843.0465,54071.7906,56544.386,58677.5989,63610.9828,65577.795,69555.5307,76407.4214,80696.7075,80340.2538,98461.1512,96382.082,98731.9125,120485.404,125773.7573,132267.0883,140744.2593,153306.1434,157187.9589,157187.9589,145779.1554
India,Food Household Consumption,Emissions (CO2eq) from CH4 (AR5),kilotonnes,1239.6468,1255.1476,1400.6888,1441.076,1509.7208,1581.3532,1725.4356,1885.9764,2039.184,1982.1088,2637.7036,2660.2912,2666.3084,3680.278,3814.2048,4101.4484,4416.8068,4642.7892,4742.9004,4742.9004,4732.3136
India,Food Household Consumption,Emissions (CO2eq) from N2O (AR5),kilotonnes,97.1225,95.3205,100.5145,102.2635,107.007,110.505,117.819,125.9015,133.401,130.6715,163.505,163.2665,161.8355,212.477,218.7575,232.087,244.701,254.93,259.435,259.435,266.6958
India,Food Household Consumption,Emissions (CO2eq) (AR5),kilotonnes,55179.8158,55422.2587,58045.5893,60220.9384,65227.7106,67269.6532,71398.7853,78419.2993,82869.2925,82453.0341,101262.3598,99205.6397,101560.0564,124378.159,129806.7196,136600.6237,145405.7671,158203.8626,162190.2943,162190.2943,150778.1648
India,Food Transport,Emissions (CH4),kilotonnes,2.8776,2.9479,3.1242,3.1683,3.2457,3.3109,3.5309,3.8165,4.1633,4.7577,5.2091,5.6615,5.8493,6.2584,6.8322,7.6807,8.2947,9.1194,9.275,7.9937,7.9759
India,Food Transport,Emissions (N2O),kilotonnes,0.4589,0.4915,0.519,0.5208,0.54,0.6053,0.6106,0.6911,0.7543,0.809,0.8596,0.9057,0.9509,0.9845,1.0244,1.0848,1.1003,1.1516,1.1706,1.1217,1.1531
India,Food Transport,Emissions (CO2),kilotonnes,10356.55,10343.7,10681.9,10840.4,11737,12430.1,12980,15333.25,17509.6,19185.6,20753.65,22434.6,23784,24268.55,25292.6,27629.3,28699.85,30908.95,31374.3,28831.5074,26738.898
India,Food Transport,Emissions (CO2eq) from CH4 (AR5),kilotonnes,80.5728,82.5412,87.4776,88.7124,90.8796,92.7052,98.8652,106.862,116.5724,133.2156,145.8548,158.522,163.7804,175.2352,191.3016,215.0596,232.2516,255.3432,259.7,223.8236,223.324
India,Food Transport,Emissions (CO2eq) from N2O (AR5),kilotonnes,121.6085,130.2475,137.535,138.012,143.1,160.4045,161.809,183.1415,199.8895,214.385,227.794,240.0105,251.9885,260.8925,271.466,287.472,291.5795,305.174,310.209,297.2505,305.5697
India,Food Transport,Emissions (CO2eq) (AR5),kilotonnes,10558.7313,10556.4887,10906.9126,11067.1244,11970.9796,12683.2097,13240.6742,15623.2535,17826.0619,19533.2006,21127.2988,22833.1325,24199.7689,24704.6777,25755.3676,28131.8316,29223.6811,31469.4672,31944.209,29352.5815,27267.7917
India,Energy,Emissions (CH4),kilotonnes,3700,3760,3840,3990,4090,4150,4130,4340,4620,5130,5260,5340,5330,4170,4240,4260,4280,4290,4130,4480,4470
India,Energy,Emissions (N2O),kilotonnes,49,49.4,50.5,51,54.3,54.9,56.4,60,62.6,67.5,70.5,75,79.6,79.7,82.9,81.5,83.8,85.1,87.3,92.9,95.5
India,Energy,Emissions (CO2),kilotonnes,986000,989000,1000000,1050000,1110000,1170000,1240000,1330000,1450000,1610000,1620000,1720000,1890000,1910000,2120000,2210000,2260000,2340000,2460000,2480000,2300000
India,Energy,Emissions (CO2eq) from CH4 (AR5),kilotonnes,103600,105280,107520,111720,114520,116200,115640,121520,129360,143640,147280,149520,149240,116760,118720,119280,119840,120120,115640,125440,125160
India,Energy,Emissions (CO2eq) from N2O (AR5),kilotonnes,12985,13091,13382.5,13515,14389.5,14548.5,14946,15900,16589,17887.5,18682.5,19875,21094,21120.5,21968.5,21597.5,22207,22551.5,23134.5,24618.5,25307.5
India,Energy,Emissions (CO2eq) (AR5),kilotonnes,1102585,1107371,1120902.5,1175235,1238909.5,1300748.5,1370586,1467420,1595949,1771527.5,1785962.5,1889395,2060334,2047880.5,2260688.5,2350877.5,2402047,2482671.5,2598774.5,2630058.5,2450467.5
India,IPPU,Emissions (CH4),kilotonnes,3.72,3.51,3.8,4.16,4.24,4.51,4.62,4.82,5.63,6.33,7,7.78,8,8.54,9.19,9.1,10.2,11,11.6,11.8,12.4
India,IPPU,Emissions (N2O),kilotonnes,5.82,5.64,5.59,5.89,6.13,6.09,6.01,5.48,5.48,6.01,1.5,1.47,1.29,1.17,1.23,1.2,1.2,1.2,1.27,0.414,0.419
India,IPPU,Emissions (CO2),kilotonnes,78400,79600,82200,85600,92300,98700,105000,110000,116000,126000,133000,142000,153000,161000,167000,170000,181000,182000,201000,206000,187000
India,IPPU,Emissions (CO2eq) from F-gases (AR5),kilotonnes,12244.1077,12341.2832,12244.1077,15742.4242,19726.618,13410.2132,13313.0378,20698.3726,18463.3371,20115.3199,21767.3027,23127.7591,24488.2155,25848.6719,27306.3038,28666.7602,30027.2166,30513.0939,31679.1994,32845.3049,34011.4104
India,IPPU,Emissions (CO2eq) from CH4 (AR5),kilotonnes,104.16,98.28,106.4,116.48,118.72,126.28,129.36,134.96,157.64,177.24,196,217.84,224,239.12,257.32,254.8,285.6,308,324.8,330.4,347.2
India,IPPU,Emissions (CO2eq) from N2O (AR5),kilotonnes,1542.3,1494.6,1481.35,1560.85,1624.45,1613.85,1592.65,1452.2,1452.2,1592.65,397.5,389.55,341.85,310.05,325.95,318,318,318,336.55,109.71,111.035
India,IPPU,Emissions (CO2eq) (AR5),kilotonnes,92290.5677,93534.1632,96031.8577,103019.7542,113769.788,113850.3432,120035.0478,132285.5326,136073.1771,147885.2099,155360.8027,165735.1491,178054.0655,187397.8419,194889.5738,199239.5602,211630.8166,213139.0939,233340.5494,239285.4149,221469.6454
India,Waste,Emissions (CH4),kilotonnes,4960,5070,5180,5290,5420,5530,5650,5770,5850,5940,6060,6170,6280,6390,6510,6640,6730,6820,6960,7050,7160
India,Waste,Emissions (N2O),kilotonnes,36.8,37.4,38,38.3,38.4,38.8,39.6,41,42.8,43.9,45.1,46.2,47.3,48.2,49,50.2,51.6,53.2,54.3,55.2,56.4
India,Waste,Emissions (CO2eq) from CH4 (AR5),kilotonnes,138880,141960,145040,148120,151760,154840,158200,161560,163800,166320,169680,172760,175840,178920,182280,185920,188440,190960,194880,197400,200480
India,Waste,Emissions (CO2eq) from N2O (AR5),kilotonnes,9752,9911,10070,10149.5,10176,10282,10494,10865,11342,11633.5,11951.5,12243,12534.5,12773,12985,13303,13674,14098,14389.5,14628,14946
India,Waste,Emissions (CO2eq) (AR5),kilotonnes,148632,151871,155110,158269.5,161936,165122,168694,172425,175142,177953.5,181631.5,185003,188374.5,191693,195265,199223,202114,205058,209269.5,212028,215426
India,Other,Emissions (CH4),kilotonnes,45,45,45,45,45,45,45,45,45,45,45,45,45,45,45,45,45,45,45,45,45
India,Other,Emissions (N2O),kilotonnes,33.1,33.3,34.2,34.5,36.7,37.5,38.1,42.1,44.7,46.9,49.4,52.5,54.8,55.1,57.7,58.5,59.1,61.5,63.1,66.6,68.6
India,Other,Emissions (CO2),kilotonnes,14200,14200,14200,14200,14200,14200,14200,14200,14200,14200,14200,14200,14200,14200,14200,14200,14200,14200,14200,14200,14200
India,Other,Emissions (CO2eq) from CH4 (AR5),kilotonnes,1260,1260,1260,1260,1260,1260,1260,1260,1260,1260,1260,1260,1260,1260,1260,1260,1260,1260,1260,1260,1260
India,Other,Emissions (CO2eq) from N2O (AR5),kilotonnes,8771.5,8824.5,9063,9142.5,9725.5,9937.5,10096.5,11156.5,11845.5,12428.5,13091,13912.5,14522,14601.5,15290.5,15502.5,15661.5,16297.5,16721.5,17649,18179
India,Other,Emissions (CO2eq) (AR5),kilotonnes,24231.5,24284.5,24523,24602.5,25185.5,25397.5,25556.5,26616.5,27305.5,27888.5,28551,29372.5,29982,30061.5,30750.5,30962.5,31121.5,31757.5,32181.5,33109,33639
India,Farm-gate emissions,Emissions (CH4),kilotonnes,18297.0106,18367.5019,18009.7268,18227.0297,18397.5754,18843.7816,19108.7853,19486.3519,19678.206,19310.9161,19420.7498,19545.3521,19411.453,19567.1057,19560.5633,19607.5442,19726.9058,19878.4576,20025.2181,19957.2533,20104.4087
India,Farm-gate emissions,Direct emissions (N2O),kilotonnes,403.6539,411.7872,393.882,409.8607,422.8629,444.4074,465.1783,484.9997,493.1565,501.0942,519.496,537.3772,529.6002,528.6401,532.2014,540.2279,536.4061,544.221,558.2752,578.5627,603.9407
India,Farm-gate emissions,Indirect emissions (N2O),kilotonnes,120.3406,122.8445,117.5509,122.1746,126.436,133.2234,139.8892,145.783,148.2316,151.0265,156.4918,161.8721,159.1654,158.7403,159.7878,162.6886,161.1437,163.3459,167.778,174.5248,182.4278
India,Farm-gate emissions,Emissions (N2O),kilotonnes,549.7824,560.011,536.7465,557.7998,575.9196,603.5672,632.445,649.5573,660.2413,671.5138,694.9978,718.2688,708.0848,716.9866,721.6392,721.7942,716.7545,726.8887,745.558,771.5829,804.5465
India,Farm-gate emissions,Emissions (CO2),kilotonnes,44808.8993,42042.8513,43819.3576,47838.7448,48467,47486.1668,50642.5775,26565.1531,28500.3124,30418.5635,26438.0348,22123.1513,19395.6231,56049.2227,52252.208,21200.7086,18507.3927,16338.2517,14916.2632,10865.5782,10861.783
India,Farm-gate emissions,Emissions (CO2eq) from CH4 (AR5),kilotonnes,512316.2964,514290.0542,504272.3514,510356.8324,515132.1104,527625.8861,535045.9881,545617.8543,550989.7679,540705.6515,543780.9955,547269.858,543520.6848,547878.9591,547695.7737,549011.2388,552353.3615,556596.8117,560706.1061,558803.0931,562923.4429
India,Farm-gate emissions,Emissions (CO2eq) from N2O (AR5),kilotonnes,145692.3264,148402.9234,142237.8161,147816.9507,152618.7053,159945.3103,167597.9126,172132.692,174963.9536,177951.1501,184174.4151,190341.2425,187642.482,190001.4414,191234.3802,191275.4632,189939.9553,192625.5154,197572.8682,204469.4673,213204.8145
India,Farm-gate emissions,Emissions (CO2eq) (AR5),kilotonnes,702817.522,704735.8289,690329.5251,706012.5279,716217.8158,735057.3632,753286.4781,744315.6994,754454.0339,749075.3651,754393.4454,759734.2518,750558.7899,793929.6232,791182.3619,761487.4106,760800.7095,765560.5789,773195.2375,774138.1386,786990.0403
India,Land Use change,Emissions (CH4),kilotonnes,21.4143,9.6519,2.8577,20.26,29.7281,18.2294,32.7516,27.8842,24.0245,54.9364,63.0973,18.891,43.6458,31.7224,34.1728,19.3641,26.6227,24.5362,11.8767,10.3735,9.7031
India,Land Use change,Emissions (N2O),kilotonnes,0.6298,0.8813,0.2609,1.8498,2.7143,1.6644,2.9904,2.5459,2.1935,5.0159,5.7611,1.7248,3.985,2.8964,3.1201,1.768,2.4308,2.2403,1.0844,0.9471,0.8859
India,Land Use change,Emissions (CO2),kilotonnes,0,23187.626,23187.626,23187.626,23187.626,23187.626,23187.626,23187.626,23187.626,23187.626,23187.626,0,0,0,0,0,0,0,0,0,0
India,Land Use change,Emissions (CO2eq) from CH4 (AR5),kilotonnes,599.6001,270.2529,80.0164,567.2802,832.3876,510.4241,917.0461,780.7576,672.6851,1538.2188,1766.7255,528.9483,1222.0816,888.227,956.8374,542.1949,745.4369,687.0147,332.5485,290.4581,271.6872
India,Land Use change,Emissions (CO2eq) from N2O (AR5),kilotonnes,166.9055,233.5338,69.1446,490.2041,719.2915,441.073,792.4474,674.6764,581.2876,1329.2217,1526.6812,457.0803,1056.0379,767.544,826.8323,468.5271,644.1547,593.6703,287.3653,250.9937,234.7732
India,Land Use change,Emissions (CO2eq) (AR5),kilotonnes,766.5056,23691.4127,23336.7871,24245.1104,24739.3051,24139.1232,24897.1195,24643.06,24441.5987,26055.0664,26481.0327,986.0287,2278.1194,1655.771,1783.6697,1010.722,1389.5915,1280.6851,619.9138,541.4518,506.4604
India,Emissions on agricultural land,Emissions (CH4),kilotonnes,18318.4249,18377.1538,18012.5846,18247.2897,18427.3035,18862.0111,19141.5369,19514.2361,19702.2305,19365.8525,19483.8472,19564.2431,19455.0988,19598.8281,19594.7361,19626.9083,19753.5285,19902.9938,20037.0948,19967.6268,20114.1118
India,Emissions on agricultural land,Emissions (N2O),kilotonnes,550.4122,560.8923,537.0074,559.6496,578.634,605.2316,635.4353,652.1033,662.4349,676.5297,700.7589,719.9937,712.0699,719.883,724.7593,723.5622,719.1853,729.129,746.6424,772.53,805.4324
India,Emissions on agricultural land,Emissions (CO2),kilotonnes,44808.8993,65230.4773,67006.9836,71026.3708,71654.626,70673.7928,73830.2035,49752.7791,51687.9384,53606.1895,49625.6608,22123.1513,19395.6231,56049.2227,52252.208,21200.7086,18507.3927,16338.2517,14916.2632,10865.5782,10861.783
India,Emissions on agricultural land,Emissions (CO2eq) from CH4 (AR5),kilotonnes,512915.8965,514560.3071,504352.3678,510924.1126,515964.498,528136.3103,535963.0341,546398.6119,551662.453,542243.8703,545547.721,547798.8063,544742.7663,548767.1861,548652.6111,549553.4337,553098.7984,557283.8265,561038.6547,559093.5512,563195.1301
India,Emissions on agricultural land,Emissions (CO2eq) from N2O (AR5),kilotonnes,145859.2319,148636.4572,142306.9608,148307.1549,153337.9968,160386.3833,168390.36,172807.3684,175545.2413,179280.3718,185701.0963,190798.3229,188698.5198,190768.9853,192061.2125,191743.9903,190584.11,193219.1857,197860.2335,204720.461,213439.5877
India,Emissions on agricultural land,Emissions (CO2eq) (AR5),kilotonnes,703584.0276,728427.2416,713666.3122,730257.6383,740957.1208,759196.4864,778183.5975,768958.7594,778895.6326,775130.4315,780874.4781,760720.2804,752836.9093,795585.3941,792966.0316,762498.1325,762190.3011,766841.264,773815.1513,774679.5904,787496.5007
India,Pre- and post- production,Emissions (CH4),kilotonnes,4732.8523,4767.861,4815.0179,4866.6146,4888.2778,4935.07,4990.1619,5061.923,5115.4731,5146.819,5236.3104,5294.0124,5344.1536,5462.7748,5507.859,5531.6124,5603.2644,5654.4582,5693.6163,5732.8657,5761.2507
India,Pre- and post- production,Emissions (N2O),kilotonnes,20.5526,20.7047,20.4612,20.7533,21.2044,21.3063,22.3765,23.5424,24.1521,24.2848,25.5392,26.1902,26.2653,27.4111,28.3221,29.017,30.0134,31.3715,31.681,31.9681,32.3212
India,Pre- and post- production,Emissions (CO2),kilotonnes,163668.5442,162227.5836,168028.2391,171924.738,183721.2332,182885.1308,196349.5271,214237.5017,230160.7383,248870.3216,275588.8707,273212.8064,288338.7603,352985.697,369507.7906,384256.9221,417152.7839,439571.3447,442789.9669,448393.3853,430253.6134
India,Pre- and post- production,Emissions (CO2eq) from CH4 (AR5),kilotonnes,132519.8636,133500.1087,134820.5009,136265.2082,136871.7794,138181.9594,139724.5344,141733.8447,143233.2466,144110.9332,146616.69,148232.3475,149636.3013,152957.6943,154220.0519,154885.1477,156891.4046,158324.8302,159421.2568,160520.2402,161315.0185
India,Pre- and post- production,Emissions (CO2eq) from N2O (AR5),kilotonnes,5446.4452,5486.7469,5422.2075,5499.6359,5619.1608,5646.1705,5929.7752,6238.726,6400.294,6435.4832,6767.8992,6940.3974,6960.3026,7263.9531,7505.3617,7689.4981,7953.5571,8313.4454,8395.453,8471.5439,8565.1211
India,Pre- and post- production,Emissions (CO2eq) (AR5),kilotonnes,301634.853,301214.4392,308270.9475,313689.5822,326212.1735,326713.2607,342003.8368,362210.0724,379794.2789,399416.738,428973.4599,428385.5513,444935.3642,513207.3444,531233.2042,546831.5679,581997.7455,606209.6203,610606.6766,617385.1693,600133.753
India,Agri-food systems,Emissions (CH4),kilotonnes,23051.2771,23145.0148,22827.6025,23113.9043,23315.5813,23797.0811,24131.6989,24576.1592,24817.7036,24512.6716,24720.1575,24858.2555,24799.2524,25061.6029,25102.5951,25158.5208,25356.793,25557.452,25730.7111,25700.4925,25875.3625
India,Agri-food systems,Emissions (N2O),kilotonnes,570.9648,581.597,557.4686,580.403,599.8383,626.5379,657.8118,675.6456,686.5869,700.8145,726.2981,746.1839,738.3352,747.2941,753.0814,752.5792,749.1987,760.5005,778.3233,804.4981,837.7536
India,Agri-food systems,Emissions (CO2),kilotonnes,208477.4435,227458.0609,235035.2227,242951.1088,255375.8592,253558.9235,270179.7306,263990.2808,281848.6767,302476.5111,325214.5316,295335.9576,307734.3834,409034.9197,421759.9986,405457.6307,435660.1766,455909.5964,457706.23,459258.9635,441115.3963
India,Agri-food systems,Emissions (CO2eq) from CH4 (AR5),kilotonnes,645435.7601,648060.4158,639172.8687,647189.3208,652836.2774,666318.2697,675687.5685,688132.4566,694895.6996,686354.8034,692164.411,696031.1538,694379.0676,701724.8803,702872.663,704438.5814,709990.203,715608.6567,720459.9115,719613.7914,724510.1486
India,Agri-food systems,Emissions (CO2eq) from N2O (AR5),kilotonnes,151305.6771,154123.2041,147729.1683,153806.7908,158957.1576,166032.5538,174320.1351,179046.0944,181945.5353,185715.8549,192468.9955,197738.7203,195658.8225,198032.9385,199566.5742,199433.4883,198537.667,201532.6311,206255.6864,213192.0049,222004.7088
India,Agri-food systems,Emissions (CO2eq) (AR5),kilotonnes,1005218.881,1029641.681,1021937.26,1043947.22,1067169.294,1085909.747,1120187.434,1131168.832,1158689.912,1174547.17,1209847.938,1189105.832,1197772.274,1308792.739,1324199.236,1309329.7,1344188.047,1373050.884,1384421.828,1392064.76,1387630.254
India,IPCC Agriculture,Emissions (CH4),kilotonnes,18257.9465,18335.1052,17974.0332,18189.9898,18361.682,18801.1012,19059.2626,19434.221,19614.5519,19243.7184,19365.3871,19503.0689,19375.9966,19500.5574,19506.3668,19565.4509,19693.2651,19850.2506,20002.4155,19940.5361,20087.6914
India,IPCC Agriculture,Emissions (CH4),kilotonnes,14088.3,,,,,,,,,,14612.78,,,,,14423,14422.82,,,,
India,IPCC Agriculture,Direct emissions (N2O),kilotonnes,403.6539,411.7872,393.882,409.8607,422.8629,444.4074,465.1783,484.9997,493.1565,501.0942,519.496,537.3772,529.6002,528.6401,532.2014,540.2279,536.4061,544.221,558.2752,578.5627,603.9407
India,IPCC Agriculture,Indirect emissions (N2O),kilotonnes,120.3406,122.8445,117.5509,122.1746,126.436,133.2234,139.8892,145.783,148.2316,151.0265,156.4918,161.8721,159.1654,158.7403,159.7878,162.6886,161.1437,163.3459,167.778,174.5248,182.4278
India,IPCC Agriculture,Emissions (N2O),kilotonnes,540.2074,550.8469,527.5012,548.4833,566.3772,594.5846,622.4187,648.6524,659.3081,670.4315,693.9503,717.206,707.1413,705.215,709.8781,720.8046,715.8326,725.9865,744.6376,771.4971,804.4607
India,IPCC Agriculture,Emissions (N2O),kilotonnes,192.7334,,,,,,,,,,268.7,,,,,339,338.52,,,,
India,IPCC Agriculture,Emissions (CO2eq) from CH4 (AR5),kilotonnes,511222.501,513382.9446,503272.9282,509319.7139,514127.0957,526430.8339,533659.3542,544158.1871,549207.4527,538824.1138,542230.8386,546085.9283,542527.9059,546015.6078,546178.2692,547832.6263,551411.4229,555807.0154,560067.6343,558335.0095,562455.3593
India,IPCC Agriculture,Emissions (CO2eq) from CH4 (AR5),kilotonnes,394472.4,,,,,,,,,,409157.84,,,,,403844,403838.96,,,,
India,IPCC Agriculture,Emissions (CO2eq) from N2O (AR5),kilotonnes,143154.9714,145974.4356,139787.8185,145348.0691,150089.9548,157564.9254,164940.966,171892.8916,174716.6378,177664.3356,183896.821,190059.5837,187392.4456,186881.9752,188117.7046,191013.211,189695.6501,192386.4217,197328.9759,204446.729,213182.0761
India,IPCC Agriculture,Emissions (CO2eq) from N2O (AR5),kilotonnes,51074.351,,,,,,,,,,71205.5,,,,,89835,89707.8,,,,
India,IPCC Agriculture,Emissions (CO2eq) (AR5),kilotonnes,654377.4724,659357.3802,643060.7467,654667.783,664217.0505,683995.7592,698600.3201,716051.0787,723924.0906,716488.4494,726127.6596,736145.512,729920.3515,732897.583,734295.9739,738845.8373,741107.073,748193.4371,757396.6102,762781.7385,775637.4354
India,IPCC Agriculture,Emissions (CO2eq) (AR5),kilotonnes,445546.751,,,,,,,,,,480363.34,,,,,493679,493546.76,,,,
India,Agricultural Soils,Direct emissions (N2O),kilotonnes,403.6539,411.7872,393.882,409.8607,422.8629,444.4074,465.1783,484.9997,493.1565,501.0942,519.496,537.3772,529.6002,528.6401,532.2014,540.2279,536.4061,544.221,558.2752,578.5627,603.9407
India,Agricultural Soils,Indirect emissions (N2O),kilotonnes,120.3406,122.8445,117.5509,122.1746,126.436,133.2234,139.8892,145.783,148.2316,151.0265,156.4918,161.8721,159.1654,158.7403,159.7878,162.6886,161.1437,163.3459,167.778,174.5248,182.4278
India,Agricultural Soils,Emissions (N2O),kilotonnes,524.7815,535.4179,512.2184,532.8195,550.0822,578.4115,605.8482,631.5631,642.1682,652.9012,676.768,700.0291,689.5452,688.1598,692.7679,703.695,698.3273,708.3444,726.8308,753.859,787.1394
India,Agricultural Soils,Emissions (N2O),kilotonnes,186.49,,,,,,,,,,261.55,,,,,,,,,,
India,Agricultural Soils,Emissions (CO2eq) from N2O (AR5),kilotonnes,139067.0888,141885.746,135737.875,141197.1694,145771.7923,153279.0606,160549.7799,167364.2317,170174.582,173018.8162,179343.5321,185507.7177,182729.4741,182362.3525,183583.4861,186479.165,185056.739,187711.2589,192610.152,199772.6261,208591.9389
India,Agricultural Soils,Emissions (CO2eq) from N2O (AR5),kilotonnes,49419.85,,,,,,,,,,69310.75,,,,,,,,,,
India,Agricultural Soils,Emissions (CO2eq) (AR5),kilotonnes,139067.0888,141885.746,135737.875,141197.1694,145771.7923,153279.0606,160549.7799,167364.2317,170174.582,173018.8162,179343.5321,185507.7177,182729.4741,182362.3525,183583.4861,186479.165,185056.739,187711.2589,192610.152,199772.6261,208591.9389
India,Agricultural Soils,Emissions (CO2eq) (AR5),kilotonnes,49419.85,,,,,,,,,,69310.75,,,,,,,,,,
India,LULUCF,Emissions (CH4),kilotonnes,51.3943,24.8189,17.3145,72.128,109.5171,63.5891,67.0843,109.741,65.9306,206.181,163.6462,79.7616,188.9527,109.1573,91.6975,68.7096,90.2677,142.7603,115.9623,67.3733,33.7695
India,LULUCF,Emissions (CH4),kilotonnes,552.51,,,,,,,,,,153.02,,,,,,55,,,,
India,LULUCF,Emissions (N2O),kilotonnes,1.5345,2.2661,1.5809,6.5856,9.9994,5.806,6.1251,10.0198,6.0197,18.8252,14.9416,7.2826,17.2522,9.9665,8.3724,6.2735,8.2418,13.0346,10.5879,6.1515,3.0833
India,LULUCF,Emissions (N2O),kilotonnes,6.75,,,,,,,,,,1.87,,,,,,2,,,,
India,LULUCF,Emissions (CO2),kilotonnes,-222407.59,3680.1855,3676.279,3669.4111,3665.8872,3653.7737,3654.4682,3652.8882,3651.5077,3655.8796,3653.9781,-66155.4256,-66157.2316,-66158.0273,-66162.2018,-66163.3908,-35592.0242,-35592.0338,-35591.0337,-35631.1677,-35634.963
India,LULUCF,Emissions (CO2),kilotonnes,-236257.43,,,,,,,,,,-256325.07,,,,,,-309476,,,,
India,LULUCF,Emissions (CO2eq) from CH4 (AR5),kilotonnes,1439.0397,694.9288,484.8062,2019.5852,3066.4777,1780.4938,1878.3613,3072.7489,1846.0564,5773.0669,4582.0932,2233.325,5290.6758,3056.4058,2567.5313,1923.8683,2527.4969,3997.2884,3246.9434,1886.4532,945.5469
India,LULUCF,Emissions (CO2eq) from N2O (AR5),kilotonnes,406.6465,600.5091,418.9358,1745.1851,2649.8367,1538.5788,1623.1491,2655.2558,1595.2335,4988.6828,3959.5262,1929.8841,4571.834,2641.1333,2218.6819,1662.4732,2184.087,3454.1786,2805.7826,1630.1417,817.0759
India,LULUCF,Emissions (CO2eq) (AR5),kilotonnes,-220561.9038,4975.6235,4580.021,7434.1815,9382.2015,6972.8463,7155.9785,9380.8929,7092.7976,14417.6293,12195.5975,-61992.2165,-56294.7218,-60460.4883,-61375.9885,-62577.0492,-30880.4403,-28140.5668,-29538.3076,-32114.5728,-33872.3402
India,LULUCF,Emissions (CO2eq) (AR5),kilotonnes,-236257.43,,,,,,,,,,-256325.07,,,,,,-309476,,,,
India,AFOLU,Emissions (CH4),kilotonnes,18309.3407,18359.9241,17991.3477,18262.1178,18471.199,18864.6903,19126.347,19543.962,19680.4825,19449.8993,19529.0333,19582.8305,19564.9493,19609.7148,19598.0643,19634.1605,19783.5329,19993.0108,20118.3778,20007.9094,20121.4609
India,AFOLU,Emissions (N2O),kilotonnes,541.742,553.113,529.0821,555.0689,576.3766,600.3906,628.5438,658.6723,665.3278,689.2567,708.8919,724.4886,724.3935,715.1815,718.2505,727.0781,724.0745,739.0211,755.2255,777.6486,807.544
India,AFOLU,Emissions (CO2),kilotonnes,-222407.59,3680.1855,3676.279,3669.4111,3665.8872,3653.7737,3654.4682,3652.8882,3651.5077,3655.8796,3653.9781,-66155.4256,-66157.2316,-66158.0273,-66162.2018,-66163.3908,-35592.0242,-35592.0338,-35591.0337,-35631.1677,-35634.963
India,AFOLU,Emissions (CO2eq) from CH4 (AR5),kilotonnes,512661.5407,514077.8734,503757.7345,511339.2991,517193.5734,528211.3276,535537.7154,547230.936,551053.5091,544597.1807,546812.9318,548319.2533,547818.5817,549072.0136,548745.8006,549756.4947,553938.9199,559804.3038,563314.5778,560221.4628,563400.9062
India,AFOLU,Emissions (CO2eq) from N2O (AR5),kilotonnes,143561.6179,146574.9447,140206.7543,147093.2542,152739.7915,159103.5042,166564.1151,174548.1474,176311.8713,182653.0184,187856.3472,191989.4679,191964.2796,189523.1085,190336.3866,192675.6842,191879.7371,195840.6002,200134.7585,206076.8706,213999.152
India,AFOLU,Emissions (CO2eq) (AR5),kilotonnes,433815.5686,664333.0037,647640.7677,662101.9645,673599.2521,690968.6056,705756.2987,725431.9716,731016.8881,730906.0787,738323.2571,674153.2956,673625.6297,672437.0947,672919.9853,676268.7881,710226.6328,720052.8702,727858.3026,730667.1657,741765.0952
India,All sectors with LULUCF,Emissions (CH4),kilotonnes,27018.0607,27238.4341,27060.1477,27591.2778,28030.439,28594.2003,28955.967,29703.782,30201.1125,30571.2293,30901.0333,31145.6105,31227.9493,30223.2548,30402.2543,30588.2605,30848.7329,31159.0108,31264.9778,31594.7094,31808.8609
India,All sectors with LULUCF,Emissions (N2O),kilotonnes,666.462,678.853,657.3721,684.7589,711.9066,737.6806,768.6538,807.2523,820.9078,853.5667,875.3919,899.6586,907.3835,899.3515,909.0805,918.4781,919.7745,940.0211,961.1955,992.7626,1028.463
India,All sectors with LULUCF,Emissions (CO2),kilotonnes,856192.41,1086480.186,1100076.279,1153469.411,1220165.887,1286553.774,1362854.468,1457852.888,1583851.508,1753855.88,1770853.978,1810044.574,1991042.768,2019041.973,2235037.798,2328036.609,2419607.976,2500607.966,2639608.966,2664568.832,2465565.037
India,All sectors with LULUCF,Emissions (CO2eq) from F-gases (AR5),kilotonnes,12244.1077,12341.2832,12244.1077,15742.4242,19726.618,13410.2132,13313.0378,20698.3726,18463.3371,20115.3199,21767.3027,23127.7591,24488.2155,25848.6719,27306.3038,28666.7602,30027.2166,30513.0939,31679.1994,32845.3049,34011.4104
India,All sectors with LULUCF,Emissions (CO2eq) from CH4 (AR5),kilotonnes,756505.7007,762676.1534,757684.1345,772555.7791,784852.2934,800637.6076,810767.0754,831705.896,845631.1491,855994.4207,865228.9318,872077.0933,874382.5817,846251.1336,851263.1206,856471.2947,863764.5199,872452.3038,875419.3778,884651.8628,890648.1062
India,All sectors with LULUCF,Emissions (CO2eq) from N2O (AR5),kilotonnes,176612.4179,179896.0447,174203.6043,181461.1042,188655.2415,195485.3542,203693.2651,213921.8474,217540.5713,226195.1684,231978.8472,238409.5179,240456.6296,238328.1585,240906.3366,243396.6842,243740.2371,249105.6002,254716.8085,263082.0806,272542.687
India,All sectors with LULUCF,Emissions (CO2eq) (AR5),kilotonnes,1801554.636,2041393.667,2044208.125,2123228.719,2213400.04,2296086.949,2390627.847,2524179.004,2665486.565,2856160.789,2889829.06,2943658.945,3130370.195,3129469.937,3354513.559,3456571.348,3557139.949,3652678.964,3801424.352,3845148.081,3662767.241
India,All sectors without LULUCF,Emissions (CH4),kilotonnes,26966.6665,27213.6152,27042.8332,27519.1498,27920.922,28530.6112,28888.8826,29594.041,30135.1819,30365.0484,30737.3871,31065.8489,31038.9966,30114.0974,30310.5568,30519.5509,30758.4651,31016.2506,31149.0155,31527.3361,31775.0914
India,All sectors without LULUCF,Emissions (N2O),kilotonnes,664.9274,676.5869,655.7912,678.1733,701.9072,731.8746,762.5287,797.2324,814.8881,834.7415,860.4503,892.376,890.1313,889.385,900.7081,912.2046,911.5326,926.9865,950.6076,986.6111,1025.3797
India,All sectors without LULUCF,Emissions (CO2),kilotonnes,1078600,1082800,1096400,1149800,1216500,1282900,1359200,1454200,1580200,1750200,1767200,1876200,2057200,2085200,2301200,2394200,2455200,2536200,2675200,2700200,2501200
India,All sectors without LULUCF,Emissions (CO2eq) from F-gases (AR5),kilotonnes,12244.1077,12341.2832,12244.1077,15742.4242,19726.618,13410.2132,13313.0378,20698.3726,18463.3371,20115.3199,21767.3027,23127.7591,24488.2155,25848.6719,27306.3038,28666.7602,30027.2166,30513.0939,31679.1994,32845.3049,34011.4104
India,All sectors without LULUCF,Emissions (CO2eq) from CH4 (AR5),kilotonnes,755066.661,761981.2246,757199.3282,770536.1939,781785.8157,798857.1139,808888.7142,828633.1471,843785.0927,850221.3538,860646.8386,869843.7683,869091.9059,843194.7278,848695.5892,854547.4263,861237.0229,868455.0154,872172.4343,882765.4095,889702.5593
India,All sectors without LULUCF,Emissions (CO2eq) from N2O (AR5),kilotonnes,176205.7714,179295.5356,173784.6685,179715.9191,186005.4048,193946.7754,202070.116,211266.5916,215945.3378,221206.4856,228019.321,236479.6337,235884.7956,235687.0252,238687.6546,241734.211,241556.1501,245651.4217,251911.0259,261451.939,271725.6111
India,All sectors without LULUCF,Emissions (CO2eq) (AR5),kilotonnes,2022116.54,2036418.043,2039628.104,2115794.537,2204017.839,2289114.103,2383471.868,2514798.111,2658393.768,2841743.159,2877633.462,3005651.161,3186664.917,3189930.425,3415889.548,3519148.398,3588020.39,3680819.531,3830962.66,3877262.653,3696639.581
Indonesia,Crop Residues,Direct emissions (N2O),kilotonnes,11.6161,11.2371,11.3439,11.5786,12.0031,12.176,12.0536,12.2312,13.0242,13.426,13.5147,13.2389,13.5889,13.5132,13.4466,13.7291,13.1249,13.9761,14.8837,13.106,13.0985
Indonesia,Crop Residues,Indirect emissions (N2O),kilotonnes,2.6136,2.5283,2.5524,2.6052,2.7007,2.7396,2.7121,2.752,2.9305,3.0209,3.0408,2.9788,3.0575,3.0405,3.0255,3.089,2.9531,3.1446,3.3488,2.9488,2.9472
Indonesia,Crop Residues,Emissions (N2O),kilotonnes,14.2297,13.7654,13.8963,14.1838,14.7038,14.9157,14.7657,14.9832,15.9547,16.4469,16.5556,16.2177,16.6464,16.5537,16.4721,16.8182,16.078,17.1207,18.2325,16.0548,16.0457
Indonesia,Crop Residues,Emissions (CO2eq) from N2O (AR5),kilotonnes,3770.8638,3647.8291,3682.5243,3758.6946,3896.4991,3952.6485,3912.9021,3970.5459,4227.9946,4358.42,4387.2232,4297.6817,4411.2856,4386.7259,4365.1129,4456.8118,4260.6795,4536.9879,4831.616,4254.5309,4252.113
Indonesia,Crop Residues,Emissions (CO2eq) (AR5),kilotonnes,3770.8638,3647.8291,3682.5243,3758.6946,3896.4991,3952.6485,3912.9021,3970.5459,4227.9946,4358.42,4387.2232,4297.6817,4411.2856,4386.7259,4365.1129,4456.8118,4260.6795,4536.9879,4831.616,4254.5309,4252.113
Indonesia,Rice Cultivation,Emissions (CH4),kilotonnes,2493.3704,2431.422,2435.8971,2426.6346,2520.8505,2503.1088,2491.9813,2483.8561,2479.6276,2490.199,2494.2161,2463.7705,2450.6619,2459.1191,2425.7134,2407.9535,2241.1368,2304.5652,2405.6138,2257.6043,2253.2463
Indonesia,Rice Cultivation,Emissions (CO2eq) from CH4 (AR5),kilotonnes,69814.3713,68079.816,68205.1184,67945.7698,70583.8153,70087.0458,69775.477,69547.972,69429.5724,69725.5716,69838.0512,68985.5736,68618.5345,68855.3339,67919.9764,67422.6978,62751.8304,64527.8256,67357.1872,63212.9202,63090.8975
Indonesia,Rice Cultivation,Emissions (CO2eq) (AR5),kilotonnes,69814.3713,68079.816,68205.1184,67945.7698,70583.8153,70087.0458,69775.477,69547.972,69429.5724,69725.5716,69838.0512,68985.5736,68618.5345,68855.3339,67919.9764,67422.6978,62751.8304,64527.8256,67357.1872,63212.9202,63090.8975
Indonesia,Burning - Crop residues,Emissions (CH4),kilotonnes,27.6049,26.627,26.1669,26.7011,27.3744,28.0417,27.2323,27.9984,28.9911,29.4988,29.4403,28.5028,28.675,28.4166,28.2269,27.9385,28.5259,31.8634,32.9627,27.7892,27.2435
Indonesia,Burning - Crop residues,Emissions (CH4),kilotonnes,47.39,,,,,,,,,,,,,,,,,,,,
Indonesia,Burning - Crop residues,Emissions (N2O),kilotonnes,0.7157,0.6903,0.6784,0.6922,0.7097,0.727,0.706,0.7259,0.7516,0.7648,0.7633,0.739,0.7434,0.7367,0.7318,0.7243,0.7396,0.8261,0.8546,0.7205,0.7063
Indonesia,Burning - Crop residues,Emissions (N2O),kilotonnes,1.23,,,,,,,,,,,,,,,,,,,,
Indonesia,Burning - Crop residues,Emissions (CO2eq) from CH4 (AR5),kilotonnes,772.9363,745.5562,732.673,747.6295,766.4831,785.1683,762.5037,783.9564,811.7506,825.9674,824.3285,798.0784,802.9002,795.6647,790.3533,782.2785,798.7251,892.1756,922.9554,778.0989,762.8168
Indonesia,Burning - Crop residues,Emissions (CO2eq) from CH4 (AR5),kilotonnes,1326.92,,,,,,,,,,,,,,,,,,,,
Indonesia,Burning - Crop residues,Emissions (CO2eq) from N2O (AR5),kilotonnes,189.6557,182.9374,179.7762,183.4461,188.0722,192.657,187.0958,192.3597,199.1795,202.6679,202.2658,195.8248,197.0079,195.2325,193.9293,191.948,195.9835,218.9134,226.4659,190.9224,187.1726
Indonesia,Burning - Crop residues,Emissions (CO2eq) from N2O (AR5),kilotonnes,325.95,,,,,,,,,,,,,,,,,,,,
Indonesia,Burning - Crop residues,Emissions (CO2eq) (AR5),kilotonnes,962.592,928.4936,912.4492,931.0756,954.5553,977.8253,949.5996,976.316,1010.9301,1028.6354,1026.5943,993.9031,999.9081,990.8973,984.2826,974.2265,994.7085,1111.089,1149.4213,969.0213,949.9895
Indonesia,Burning - Crop residues,Emissions (CO2eq) (AR5),kilotonnes,1652.87,,,,,,,,,,,,,,,,,,,,
Indonesia,Enteric Fermentation,Emissions (CH4),kilotonnes,769.8481,771.3912,785.0961,753.0532,752.2846,743.8413,765.2681,797.7022,829.5318,860.2149,910.4441,939.6245,1015.4557,849.1583,965.205,1005.4416,1021.2966,1048.5995,1028.3981,1066.6834,1098.1923
Indonesia,Enteric Fermentation,Emissions (CH4),kilotonnes,607.89,,,,,,,,,,,,,,,,633.4762,,,,
Indonesia,Enteric Fermentation,Emissions (CO2eq) from CH4 (AR5),kilotonnes,21555.7465,21598.9549,21982.6917,21085.4897,21063.9675,20827.5568,21427.5081,22335.6617,23226.891,24086.0167,25492.4344,26309.4851,28432.7593,23776.4324,27025.7391,28152.3638,28596.3038,29360.7872,28795.1478,29867.1349,30749.3839
Indonesia,Enteric Fermentation,Emissions (CO2eq) from CH4 (AR5),kilotonnes,17020.92,,,,,,,,,,,,,,,,17737.3336,,,,
Indonesia,Enteric Fermentation,Emissions (CO2eq) (AR5),kilotonnes,21555.7465,21598.9549,21982.6917,21085.4897,21063.9675,20827.5568,21427.5081,22335.6617,23226.891,24086.0167,25492.4344,26309.4851,28432.7593,23776.4324,27025.7391,28152.3638,28596.3038,29360.7872,28795.1478,29867.1349,30749.3839
Indonesia,Enteric Fermentation,Emissions (CO2eq) (AR5),kilotonnes,17020.92,,,,,,,,,,,,,,,,17737.3336,,,,
Indonesia,Manure Management,Emissions (CH4),kilotonnes,79.7334,81.6721,91.113,91.7067,89.2512,94.2489,91.8335,97.5374,100.6022,105.374,109.4469,116.8354,123.3849,116.3445,122.4948,126.6392,130.1598,161.2007,165.8663,168.7179,169.3881
Indonesia,Manure Management,Emissions (CH4),kilotonnes,79.69,,,,,,,,,,,,,,,,60,,,,
Indonesia,Manure Management,Emissions (N2O),kilotonnes,10.9687,11.1781,11.8447,11.3165,11.2217,11.1764,11.404,11.9921,12.3458,12.923,13.498,14.1871,15.2718,13.1666,14.7716,15.3439,15.9085,18.5004,18.5668,19.1338,19.3145
Indonesia,Manure Management,Emissions (N2O),kilotonnes,0.513,,,,,,,,,,,,,,,,,,,,
Indonesia,Manure Management,Emissions (CO2eq) from CH4 (AR5),kilotonnes,2232.5343,2286.8187,2551.1629,2567.7878,2499.0331,2638.9695,2571.3371,2731.0478,2816.8622,2950.4709,3064.5135,3271.3903,3454.7784,3257.6458,3429.8544,3545.8982,3644.475,4513.6205,4644.2576,4724.1017,4742.8664
Indonesia,Manure Management,Emissions (CO2eq) from CH4 (AR5),kilotonnes,2231.32,,,,,,,,,,,,,,,,1680,,,,
Indonesia,Manure Management,Emissions (CO2eq) from N2O (AR5),kilotonnes,2906.7004,2962.2076,3138.855,2998.8649,2973.7541,2961.7368,3022.0652,3177.9107,3271.648,3424.5906,3576.9751,3759.5935,4047.0219,3489.1373,3914.468,4066.143,4215.7577,4902.5977,4920.211,5070.4457,5118.3411
Indonesia,Manure Management,Emissions (CO2eq) from N2O (AR5),kilotonnes,135.945,,,,,,,,,,,,,,,,,,,,
Indonesia,Manure Management,Emissions (CO2eq) (AR5),kilotonnes,5139.2347,5249.0262,5690.0179,5566.6527,5472.7872,5600.7064,5593.4024,5908.9584,6088.5102,6375.0615,6641.4887,7030.9838,7501.8002,6746.7831,7344.3223,7612.0412,7860.2327,9416.2182,9564.4686,9794.5474,9861.2075
Indonesia,Manure Management,Emissions (CO2eq) (AR5),kilotonnes,2367.265,,,,,,,,,,,,,,,,1680,,,,
Indonesia,Manure left on Pasture,Direct emissions (N2O),kilotonnes,17.9178,18.4763,20.1828,19.5741,19.3774,19.4578,20.0195,21.1347,21.5546,22.8431,23.475,25.0586,26.9354,25.7472,27.7397,28.6936,29.2421,37.1786,38.076,38.7923,38.4759
Indonesia,Manure left on Pasture,Indirect emissions (N2O),kilotonnes,4.7039,4.8182,5.1924,5.0761,5.0439,5.0979,5.2584,5.5459,5.6693,5.9953,6.1879,6.574,7.0761,6.9014,7.3693,7.621,7.6379,9.3869,9.5939,9.7605,9.7235
Indonesia,Manure left on Pasture,Emissions (N2O),kilotonnes,22.6218,23.2945,25.3752,24.6502,24.4213,24.5557,25.2779,26.6806,27.224,28.8384,29.6629,31.6326,34.0115,32.6486,35.109,36.3145,36.8801,46.5655,47.6699,48.5529,48.1994
Indonesia,Manure left on Pasture,Emissions (CO2eq) from N2O (AR5),kilotonnes,5994.7694,6173.0476,6724.435,6532.2913,6471.643,6507.2666,6698.6559,7070.3687,7214.3485,7642.1749,7860.6606,8382.6449,9013.0485,8651.8714,9303.8968,9623.348,9773.226,12339.8604,12632.5176,12866.5079,12772.8455
Indonesia,Manure left on Pasture,Emissions (CO2eq) (AR5),kilotonnes,5994.7694,6173.0476,6724.435,6532.2913,6471.643,6507.2666,6698.6559,7070.3687,7214.3485,7642.1749,7860.6606,8382.6449,9013.0485,8651.8714,9303.8968,9623.348,9773.226,12339.8604,12632.5176,12866.5079,12772.8455
Indonesia,Manure applied to Soils,Direct emissions (N2O),kilotonnes,6.3408,6.6814,7.6806,7.4439,7.3005,7.3611,7.5123,7.9917,8.0857,8.6595,8.7558,9.5779,10.248,10.0232,10.7072,11.0513,11.506,16.1553,16.791,17.0428,16.6793
Indonesia,Manure applied to Soils,Indirect emissions (N2O),kilotonnes,2.6948,2.8396,3.2643,3.1637,3.1027,3.1285,3.1927,3.3965,3.4364,3.6803,3.7212,4.0706,4.3554,4.2599,4.5506,4.6968,4.89,6.866,7.1362,7.2432,7.0887
Indonesia,Manure applied to Soils,Emissions (N2O),kilotonnes,9.0356,9.5211,10.9448,10.6075,10.4032,10.4896,10.705,11.3881,11.5222,12.3398,12.477,13.6486,14.6033,14.2831,15.2578,15.748,16.396,23.0213,23.9272,24.2859,23.768
Indonesia,Manure applied to Soils,Emissions (CO2eq) from N2O (AR5),kilotonnes,2394.4358,2523.0815,2900.3834,2810.9994,2756.8453,2779.7494,2836.8146,3017.8519,3053.3795,3270.0596,3306.4015,3616.8674,3869.8853,3785.0191,4043.3127,4173.2295,4344.939,6100.6374,6340.7179,6435.7704,6298.5146
Indonesia,Manure applied to Soils,Emissions (CO2eq) (AR5),kilotonnes,2394.4358,2523.0815,2900.3834,2810.9994,2756.8453,2779.7494,2836.8146,3017.8519,3053.3795,3270.0596,3306.4015,3616.8674,3869.8853,3785.0191,4043.3127,4173.2295,4344.939,6100.6374,6340.7179,6435.7704,6298.5146
Indonesia,Synthetic Fertilizers,Direct emissions (N2O),kilotonnes,30.8691,30.6975,31.0304,33.3108,36.2865,37.902,38.2725,39.3371,42.4287,46.1336,43.7576,46.1029,46.3106,43.8602,45.7192,44.2923,46.5776,46.3884,50.8685,46.0158,55.6441
Indonesia,Synthetic Fertilizers,Indirect emissions (N2O),kilotonnes,10.0325,9.9767,10.0849,10.826,11.7931,12.3181,12.4385,12.7846,13.7893,14.9934,14.2212,14.9834,15.051,14.2546,14.8588,14.395,15.1377,15.0762,16.5323,14.9551,18.0843
Indonesia,Synthetic Fertilizers,Emissions (N2O),kilotonnes,40.9016,40.6742,41.1153,44.1368,48.0796,50.2201,50.711,52.1216,56.218,61.127,57.9788,61.0864,61.3616,58.1148,60.578,58.6872,61.7153,61.4647,67.4008,60.971,73.7285
Indonesia,Synthetic Fertilizers,Emissions (CO2eq) from N2O (AR5),kilotonnes,10838.9278,10778.6747,10895.5447,11696.2647,12741.1033,13308.3317,13438.4165,13812.2337,14897.7652,16198.6573,15364.3788,16187.8868,16260.8173,15400.4281,16053.1652,15552.1191,16354.5537,16288.1397,17861.207,16157.3047,19538.0446
Indonesia,Synthetic Fertilizers,Emissions (CO2eq) (AR5),kilotonnes,10838.9278,10778.6747,10895.5447,11696.2647,12741.1033,13308.3317,13438.4165,13812.2337,14897.7652,16198.6573,15364.3788,16187.8868,16260.8173,15400.4281,16053.1652,15552.1191,16354.5537,16288.1397,17861.207,16157.3047,19538.0446
Indonesia,Drained organic soils,Emissions (CO2eq) (AR5),kilotonnes,201052.0025,200391.5777,201895.9958,204435.1358,205848.0879,210518.1683,215671.3316,221386.3272,224778.4447,226936.9019,231085.4378,234805.9785,237718.1703,239081.5212,241842.1292,241779.2924,245148.6703,246247.0773,247921.7808,249421.5786,251117.1169
Indonesia,Drained organic soils,Emissions (CO2eq) (AR5),kilotonnes,277655,281557,282588,283779,287215,293525,299711,305412,310912,316817,325789,336073,349262,359863,342202,376186,383189,383418,385600,398178,
Indonesia,Drained organic soils (CO2),Emissions (CO2),kilotonnes,192946.1745,192313.2037,193757.7221,196195.0361,197550.7902,202034.6759,206983.2458,212471.8694,215729.8009,217803.5199,221787.9228,225359.8149,228156.9938,229466.4923,232118.4694,232058.1157,235293.715,236348.4198,237956.5225,239396.4836,241025.0696
Indonesia,Drained organic soils (CO2),Emissions (CO2),kilotonnes,277655,281557,282588,283779,287215,293525,299711,305412,310912,316817,325789,336073,349262,359863,342202,376186,383189,383418,385600,398178,
Indonesia,Drained organic soils (CO2),Emissions (CO2eq) (AR5),kilotonnes,192946.1745,192313.2037,193757.7221,196195.0361,197550.7902,202034.6759,206983.2458,212471.8694,215729.8009,217803.5199,221787.9228,225359.8149,228156.9938,229466.4923,232118.4694,232058.1157,235293.715,236348.4198,237956.5225,239396.4836,241025.0696
Indonesia,Drained organic soils (CO2),Emissions (CO2eq) (AR5),kilotonnes,277655,281557,282588,283779,287215,293525,299711,305412,310912,316817,325789,336073,349262,359863,342202,376186,383189,383418,385600,398178,
Indonesia,Drained organic soils (N2O),Emissions (N2O),kilotonnes,30.588,30.4844,30.7105,31.0947,31.3106,32.0132,32.7852,33.6395,34.1458,34.4656,35.085,35.6459,36.0799,36.2831,36.6931,36.6837,37.1885,37.3534,37.6047,37.8305,38.0832
Indonesia,Drained organic soils (N2O),Emissions (CO2eq) from N2O (AR5),kilotonnes,8105.828,8078.374,8138.2737,8240.0997,8297.2978,8483.4924,8688.0858,8914.4578,9048.6438,9133.382,9297.515,9446.1636,9561.1765,9615.0289,9723.6599,9721.1767,9854.9553,9898.6575,9965.2583,10025.095,10092.0473
Indonesia,Drained organic soils (N2O),Emissions (CO2eq) (AR5),kilotonnes,8105.828,8078.374,8138.2737,8240.0997,8297.2978,8483.4924,8688.0858,8914.4578,9048.6438,9133.382,9297.515,9446.1636,9561.1765,9615.0289,9723.6599,9721.1767,9854.9553,9898.6575,9965.2583,10025.095,10092.0473
Indonesia,On-farm energy use,Emissions (CH4),kilotonnes,1.2825,1.0664,0.9729,1.0826,1.4472,1.3943,1.6199,1.6232,1.303,0.8429,0.8258,1.2947,1.1901,0.5701,0.3442,0.3199,0.4104,0.4084,0.7402,0.8194,0.8194
Indonesia,On-farm energy use,Emissions (N2O),kilotonnes,3.1086,2.3027,2.3464,2.961,3.6393,3.3646,2.9163,2.7873,2.8983,0.1674,0.1733,2.9862,3.0552,0.351,0.4147,0.1498,0.3756,0.3904,0.4076,0.4062,0.4062
Indonesia,On-farm energy use,Emissions (CO2),kilotonnes,8842.7442,6775.0931,6826.1067,9464.8866,11441.9735,10353.2528,9303.9955,8696.4879,8708.6946,1396.7018,1567.1629,9058.4216,9438.9678,2188.3132,1810.8124,1121.456,1740.3771,1727.0794,1992.5793,2028.9327,2028.9327
Indonesia,On-farm energy use,Emissions (CO2eq) from CH4 (AR5),kilotonnes,35.9092,29.8596,27.24,30.3117,40.5208,39.0414,45.3564,45.449,36.4849,23.6022,23.1217,36.2504,33.3233,15.9617,9.6365,8.9564,11.4913,11.4349,20.726,22.944,22.944
Indonesia,On-farm energy use,Emissions (CO2eq) from N2O (AR5),kilotonnes,823.774,610.2054,621.7887,784.6618,964.4246,891.6208,772.8177,738.6384,768.0561,44.3502,45.914,791.3434,809.6233,93.0215,109.8836,39.6953,99.5437,103.4654,108.0214,107.649,107.649
Indonesia,On-farm energy use,Emissions (CO2eq) (AR5),kilotonnes,9702.4275,7415.1581,7475.1354,10279.8602,12446.9189,11283.915,10122.1696,9480.5753,9513.2356,1464.6542,1636.1985,9886.0154,10281.9143,2297.2963,1930.3324,1170.1077,1851.4121,1841.9798,2121.3268,2159.5256,2159.5256
Indonesia,Forestland,Emissions (CO2),kilotonnes,-487800.4147,-27151.9519,-27151.9519,-27151.9519,-27151.9519,-27151.9519,-27151.9519,-27151.9519,-27151.9519,-27151.9519,-27151.9519,-34778.9127,-34778.9127,-34778.9127,-34778.9127,-34778.9127,0,0,0,0,0
Indonesia,Forestland,Emissions (CO2),kilotonnes,-457235,-508830,-518009,-506873,-497934,-457254,-467461,-428996,-427119,-416882,-391526,-374091,-336152,-351268,-348695,-370033,-378423,-342373,-331220,-355212,
Indonesia,Forestland,Emissions (CO2eq) (AR5),kilotonnes,-487800.4147,-27151.9519,-27151.9519,-27151.9519,-27151.9519,-27151.9519,-27151.9519,-27151.9519,-27151.9519,-27151.9519,-27151.9519,-34778.9127,-34778.9127,-34778.9127,-34778.9127,-34778.9127,0,0,0,0,0
Indonesia,Forestland,Emissions (CO2eq) (AR5),kilotonnes,-457235,-508830,-518009,-506873,-497934,-457254,-467461,-428996,-427119,-416882,-391526,-374091,-336152,-351268,-348695,-370033,-378423,-342373,-331220,-355212,
Indonesia,Net Forest conversion,Emissions (CO2),kilotonnes,724602.1998,74671.5354,74671.5354,74671.5354,74671.5354,74671.5354,74671.5354,74671.5354,74671.5354,74671.5354,74671.5354,391204.1144,391204.1144,391204.1144,391204.1144,391204.1144,221405.954,221405.954,221405.954,221405.954,221405.954
Indonesia,Net Forest conversion,Emissions (CO2),kilotonnes,720073,125609,158970,134897,270270,239115,262992,326219,313327,398444,177359,198218,273118,404351,255390,742505,430162,448314,558628,421075,
Indonesia,Net Forest conversion,Emissions (CO2eq) (AR5),kilotonnes,724602.1998,74671.5354,74671.5354,74671.5354,74671.5354,74671.5354,74671.5354,74671.5354,74671.5354,74671.5354,74671.5354,391204.1144,391204.1144,391204.1144,391204.1144,391204.1144,221405.954,221405.954,221405.954,221405.954,221405.954
Indonesia,Net Forest conversion,Emissions (CO2eq) (AR5),kilotonnes,720073,125609,158970,134897,270270,239115,262992,326219,313327,398444,177359,198218,273118,404351,255390,742505,430162,448314,558628,421075,
Indonesia,Savanna fires,Emissions (CH4),kilotonnes,1.518,1.961,24.9953,6.7817,22.936,6.869,29.1124,3.0101,1.8241,17.0601,1.133,8.4974,8.3308,6.1641,19.9721,22.3723,2.3212,1.6572,7.9434,19.0579,1.7073
Indonesia,Savanna fires,Emissions (N2O),kilotonnes,0.1386,0.1791,2.2822,0.6192,2.0942,0.6272,2.6581,0.2748,0.1666,1.5577,0.1034,0.7759,0.7606,0.5628,1.8235,2.0427,0.2119,0.1513,0.7253,1.7401,0.1559
Indonesia,Savanna fires,Emissions (CO2eq) from CH4 (AR5),kilotonnes,42.5053,54.9093,699.8691,189.8865,642.2082,192.3315,815.147,84.2841,51.0759,477.6815,31.7244,237.9274,233.2627,172.5937,559.2177,626.4249,64.9947,46.4023,222.415,533.6219,47.8046
Indonesia,Savanna fires,Emissions (CO2eq) from N2O (AR5),kilotonnes,36.7301,47.4488,604.7782,164.0867,554.9517,166.1995,704.3933,72.8324,44.1363,412.7792,27.414,205.6003,201.5694,149.1435,483.237,541.3129,56.1639,40.0976,192.1956,461.119,41.3094
Indonesia,Savanna fires,Emissions (CO2eq) (AR5),kilotonnes,79.2354,102.358,1304.6473,353.9731,1197.1599,358.531,1519.5403,157.1165,95.2122,890.4607,59.1384,443.5276,434.8321,321.7372,1042.4548,1167.7378,121.1587,86.5,414.6106,994.7409,89.1139
Indonesia,Fires in organic soils,Emissions (CH4),kilotonnes,291.7018,343.3019,4836.3303,1483.9894,4692.1546,2124.0261,5790.8561,398.563,295.0383,3814.9343,231.5231,1896.2936,1999.4801,1715.8808,4794.6531,5225.4288,538.8962,215.5805,1895.0693,4042.1875,346.2697
Indonesia,Fires in organic soils,Emissions (CO2),kilotonnes,23883.0863,27816.8998,392080.6035,120280.493,380347.1223,172277.642,469272.7792,32294.9014,23906.1134,309120.8764,18777.3233,153655.707,162011.5388,139056.2726,388848.7865,423679.2368,43696.3068,17479.2306,153577.8881,327677.8304,28100.6176
Indonesia,Fires in organic soils,Emissions (CO2),kilotonnes,161571,50885,301753,132075,232018,258887,510710,62747,81744,29992,51383,189026,207050,205076,499389,802870,90267,12512,121322,456427,
Indonesia,Fires in organic soils,Emissions (CO2eq) from CH4 (AR5),kilotonnes,8167.6508,9612.4528,135417.2488,41551.7024,131380.3289,59472.7308,162143.9705,11159.7627,8261.0717,106818.1615,6482.6463,53096.222,55985.4434,48044.6622,134250.2881,146312.0072,15089.093,6036.2543,53061.9408,113181.2509,9695.5527
Indonesia,Fires in organic soils,Emissions (CO2eq) (AR5),kilotonnes,32050.7371,37429.3526,527497.8523,161832.1954,511727.4512,231750.3727,631416.7497,43454.6641,32167.1851,415939.038,25259.9696,206751.929,217996.9822,187100.9348,523099.0746,569991.244,58785.3998,23515.4848,206639.8289,440859.0813,37796.1703
Indonesia,Fires in organic soils,Emissions (CO2eq) (AR5),kilotonnes,161571,50885,301753,132075,232018,258887,510710,62747,81744,29992,51383,189026,207050,205076,499389,802870,90267,12512,121322,456427,
Indonesia,Forest fires,Emissions (CH4),kilotonnes,35.4204,3.1373,62.0652,13.3983,60.8072,20.1595,76.7112,6.8316,4.1361,48.8321,2.1948,14.6463,22.8308,10.9943,52.713,88.7571,6.7252,1.4023,11.3465,59.9652,2.9325
Indonesia,Forest fires,Emissions (N2O),kilotonnes,1.0418,0.2865,5.6668,1.2233,5.552,1.8406,7.0041,0.6238,0.3776,4.4586,0.2004,1.3373,2.0846,1.0038,4.8129,8.1039,0.614,0.128,1.036,5.4751,0.2678
Indonesia,Forest fires,Emissions (CO2eq) from CH4 (AR5),kilotonnes,991.7701,87.8449,1737.8247,375.1532,1702.6019,564.4658,2147.9146,191.2835,115.8095,1367.2988,61.4553,410.0976,639.263,307.8414,1475.9637,2485.1986,188.3043,39.2636,317.7011,1679.0262,82.1101
Indonesia,Forest fires,Emissions (CO2eq) from N2O (AR5),kilotonnes,276.0704,75.9094,1501.7073,324.1813,1471.2702,487.7721,1856.0784,165.2939,100.0745,1181.5245,53.1054,354.3778,552.4066,266.0152,1275.4251,2147.5358,162.7195,33.9289,274.5352,1450.8977,70.9538
Indonesia,Forest fires,Emissions (CO2eq) (AR5),kilotonnes,1267.8405,163.7543,3239.532,699.3346,3173.8721,1052.2379,4003.993,356.5774,215.8839,2548.8234,114.5606,764.4754,1191.6696,573.8566,2751.3888,4632.7344,351.0238,73.1925,592.2363,3129.9239,153.0639
Indonesia,Fires in humid tropical forests,Emissions (CH4),kilotonnes,33.4667,2.949,56.736,13.2001,59.8658,19.8795,75.2916,6.4351,3.9329,48.2474,2.1007,14.0616,21.7679,10.8333,51.3007,82.6944,6.6855,1.1223,10.5759,54.675,2.7045
Indonesia,Fires in humid tropical forests,Emissions (N2O),kilotonnes,0.9843,0.2693,5.1802,1.2052,5.466,1.8151,6.8744,0.5876,0.3591,4.4052,0.1918,1.2839,1.9875,0.9891,4.684,7.5504,0.6104,0.1025,0.9656,4.9921,0.2469
Indonesia,Fires in humid tropical forests,Emissions (CO2eq) from CH4 (AR5),kilotonnes,937.068,82.5722,1588.6091,369.6034,1676.2414,556.6265,2108.1636,180.1832,110.1207,1350.9266,58.8194,393.7247,609.5001,303.3326,1436.4204,2315.4433,187.1945,31.4237,296.1245,1530.9011,75.7268
Indonesia,Fires in humid tropical forests,Emissions (CO2eq) from N2O (AR5),kilotonnes,260.8435,71.3532,1372.7654,319.3855,1448.4912,480.9979,1821.7283,155.7018,95.1587,1167.3768,50.8276,340.2295,526.6876,262.1189,1241.2546,2000.845,161.7604,27.1541,255.8902,1322.8982,65.4378
Indonesia,Fires in humid tropical forests,Emissions (CO2eq) (AR5),kilotonnes,1197.9114,153.9254,2961.3745,688.9889,3124.7327,1037.6245,3929.8919,335.885,205.2794,2518.3035,109.647,733.9542,1136.1877,565.4515,2677.6751,4316.2883,348.9549,58.5778,552.0147,2853.7994,141.1646
Indonesia,Waste - agri-food systems,Emissions (CH4),kilotonnes,2347.4046,2355.2765,2366.6519,2378.0713,2390.9674,2403.2618,2421.6601,2438.5013,2455.7582,2470.3138,2492.0117,2513.3862,2531.2895,2544.4398,2549.0642,2552.5045,2561.3591,2568.711,2575.43,2582.6866,2586.7426
Indonesia,Waste - agri-food systems,Emissions (N2O),kilotonnes,3.8564,3.9129,4.0443,4.097,4.1979,4.2117,4.386,4.5322,4.6205,4.8121,5.0257,5.2461,5.4097,5.5019,5.7602,5.8905,6.122,6.3359,6.3929,6.432,6.4698
Indonesia,Waste - agri-food systems,Emissions (CO2),kilotonnes,2407.0319,2404.4124,2422.9031,2439.8852,2448.2562,2458.2361,2480.8987,2496.7602,2512.2234,2517.4356,2548.7521,2564.381,2566.9441,2566.3997,2564.1559,2560.9677,2568.3554,2576.3748,2578.7885,2585.4166,2580.2452
Indonesia,Waste - agri-food systems,Emissions (CO2eq) from CH4 (AR5),kilotonnes,65727.3281,65947.743,66266.2528,66585.997,66947.0883,67291.3293,67806.4814,68278.0378,68761.2287,69168.787,69776.3266,70374.8145,70876.1059,71244.3135,71373.7976,71470.1248,71718.0554,71923.9086,72112.0411,72315.2254,72428.7918
Indonesia,Waste - agri-food systems,Emissions (CO2eq) from N2O (AR5),kilotonnes,1021.9591,1036.9166,1071.7369,1085.7002,1112.4558,1116.1018,1162.2838,1201.0328,1224.4226,1275.2043,1331.8057,1390.2263,1433.568,1458.0061,1526.4444,1560.9732,1622.3189,1679.0208,1694.1141,1704.4763,1714.4982
Indonesia,Waste - agri-food systems,Emissions (CO2eq) (AR5),kilotonnes,69156.3191,69389.072,69760.8928,70111.5824,70507.8002,70865.6673,71449.6639,71975.8307,72497.8747,72961.4269,73656.8845,74329.4218,74876.618,75268.7193,75464.3979,75592.0657,75908.7298,76179.3041,76384.9437,76605.1183,76723.5353
Indonesia,Fertilizers Manufacturing,Emissions (CO2),kilotonnes,3813.0486,4143.7358,4721.5759,4756.996,4854.9895,5025.8035,5207.2726,5463.3041,6249.4465,7898.5336,7452.7913,8094.1045,8908.1414,5181.3752,8280.8615,8203.4331,7900.9299,8873.9581,8839.0153,8632.8563,7903.7299
Indonesia,Fertilizers Manufacturing,Emissions (CO2eq) (AR5),kilotonnes,3813.0486,4143.7358,4721.5759,4756.996,4854.9895,5025.8035,5207.2726,5463.3041,6249.4465,7898.5336,7452.7913,8094.1045,8908.1414,5181.3752,8280.8615,8203.4331,7900.9299,8873.9581,8839.0153,8632.8563,7903.7299
Indonesia,On-farm electricity use,Emissions (CH4),kilotonnes,0.0264,0.0468,0.048,0.1033,0.1587,0.2141,0.2694,0.3247,0.3801,0.4355,0.4908,0.522,0.5532,0.5844,0.5952,0.6132,3.234,0.6624,0.6876,0.7061,0.7061
Indonesia,On-farm electricity use,Emissions (N2O),kilotonnes,0.0001,0.0002,0.0003,0.0006,0.001,0.0013,0.0017,0.002,0.0024,0.0027,0.0026,0.0028,0.0029,0.0031,0.0031,0.0032,0.0172,0.0035,0.0037,0.0038,0.0038
Indonesia,On-farm electricity use,Emissions (CO2),kilotonnes,14.3919,26.6056,27.1308,58.416,89.7012,120.9865,152.2716,183.5569,214.842,246.1273,290.9089,309.4019,327.8948,346.3878,352.7893,363.4583,1916.8691,392.6204,407.557,418.5105,418.5105
Indonesia,On-farm electricity use,Emissions (CO2eq) from CH4 (AR5),kilotonnes,0.7392,1.3104,1.344,2.8924,4.4436,5.9948,7.5432,9.0916,10.6428,12.194,13.7424,14.616,15.4896,16.3632,16.6656,17.1696,90.552,18.5472,19.2528,19.7708,19.7708
Indonesia,On-farm electricity use,Emissions (CO2eq) from N2O (AR5),kilotonnes,0.0265,0.053,0.0795,0.159,0.265,0.3445,0.4505,0.53,0.636,0.7155,0.689,0.742,0.7685,0.8215,0.8215,0.848,4.558,0.9275,0.9805,1.007,1.007
Indonesia,On-farm electricity use,Emissions (CO2eq) (AR5),kilotonnes,15.1576,27.969,28.5543,61.4674,94.4098,127.3258,160.2653,193.1785,226.1208,259.0368,305.3403,324.7599,344.1529,363.5725,370.2764,381.4759,2011.9791,412.0951,427.7903,439.2883,439.2883
Indonesia,Food Processing,Emissions (CH4),kilotonnes,0.0846,0.0828,0.0742,0.0719,0.1211,0.1063,0.0926,0.0852,0.0833,0.0892,0.102,0.0812,0.0859,0.1548,0.0509,0.0448,0.048,0.048,0.048,0.048,0.0509
Indonesia,Food Processing,Emissions (N2O),kilotonnes,0.0169,0.0166,0.0148,0.0144,0.0242,0.0213,0.0185,0.017,0.0167,0.0178,0.0204,0.0162,0.0172,0.031,0.0102,0.009,0.0096,0.0096,0.0096,0.0096,0.0103
Indonesia,Food Processing,Emissions (CO2),kilotonnes,2118.4019,2076.4459,1854.3724,1799.0779,3015.7104,2642.9907,2304.9462,2121.3276,2069.1781,2213.333,2533.013,2015.723,2135.2003,3843.0983,1269.2387,1112.8907,1194.1917,1194.1917,1194.1917,1194.1917,1093.3309
Indonesia,Food Processing,Emissions (CO2eq) from CH4 (AR5),kilotonnes,2.3688,2.3184,2.0776,2.0132,3.3908,2.9764,2.5928,2.3856,2.3324,2.4976,2.856,2.2736,2.4052,4.3344,1.4252,1.2544,1.344,1.344,1.344,1.344,1.4256
Indonesia,Food Processing,Emissions (CO2eq) from N2O (AR5),kilotonnes,4.4785,4.399,3.922,3.816,6.413,5.6445,4.9025,4.505,4.4255,4.717,5.406,4.293,4.558,8.215,2.703,2.385,2.544,2.544,2.544,2.544,2.7285
Indonesia,Food Processing,Emissions (CO2eq) (AR5),kilotonnes,2125.2492,2083.1633,1860.372,1804.9071,3025.5142,2651.6116,2312.4415,2128.2182,2075.936,2220.5476,2541.275,2022.2896,2142.1635,3855.6477,1273.3669,1116.5301,1198.0797,1198.0797,1198.0797,1198.0797,1097.485
Indonesia,Food Packaging,Emissions (CH4),kilotonnes,0.2655,0.2721,0.2634,0.2705,0.2765,0.2807,0.3006,0.2969,0.3351,0.7311,0.6315,0.4617,0.8281,1.1352,6.5406,6.4151,6.498,7.1093,7.2431,4.5226,4.7971
Indonesia,Food Packaging,Emissions (N2O),kilotonnes,0.008,0.0081,0.0072,0.007,0.0088,0.008,0.0073,0.0069,0.0115,0.0171,0.0189,0.0192,0.0207,0.0158,0.0385,0.0375,0.042,0.0449,0.0533,0.0355,0.0381
Indonesia,Food Packaging,Emissions (CO2),kilotonnes,1483.7962,1509.5094,1389.4459,1365.5681,1586.3206,1487.0617,1406.7962,1357.2695,1157.2929,1886.1697,2061.2799,1918.9,2128.1659,1919.8056,4418.9109,4545.9848,4831.943,5056.6065,5577.6037,4014.1605,3675.1267
Indonesia,Food Packaging,Emissions (CO2eq) from CH4 (AR5),kilotonnes,7.434,7.6188,7.3752,7.574,7.742,7.8596,8.4168,8.3132,9.3828,20.4708,17.682,12.9276,23.1868,31.7856,183.1368,179.6228,181.944,199.0604,202.8068,126.6328,134.3181
Indonesia,Food Packaging,Emissions (CO2eq) from N2O (AR5),kilotonnes,2.12,2.1465,1.908,1.855,2.332,2.12,1.9345,1.8285,3.0475,4.5315,5.0085,5.088,5.4855,4.187,10.2025,9.9375,11.13,11.8985,14.1245,9.4075,10.0899
Indonesia,Food Packaging,Emissions (CO2eq) (AR5),kilotonnes,1493.3502,1519.2747,1398.7291,1374.9971,1596.3946,1497.0413,1417.1475,1367.4112,1169.7232,1911.172,2083.9704,1936.9156,2156.8382,1955.7782,4612.2502,4735.5451,5025.017,5267.5654,5794.535,4150.2008,3819.5347
Indonesia,Food Retail,Emissions (CH4),kilotonnes,0.1544,0.1627,0.1865,0.2179,0.2946,0.32,0.3478,0.3726,4.4434,4.8415,5.2049,5.7652,6.0003,6.5171,7.0066,7.2198,7.7834,7.9426,8.5432,7.6,8.0612
Indonesia,Food Retail,Emissions (N2O),kilotonnes,0.0006,0.0007,0.0012,0.0014,0.0019,0.002,0.0022,0.0023,0.0298,0.0386,0.0318,0.033,0.0342,0.0356,0.0383,0.0394,0.0424,0.0438,0.0466,0.0433,0.0464
Indonesia,Food Retail,Emissions (CO2),kilotonnes,91.9446,100.4146,113.4271,131.2851,174.6672,188.9923,204.9703,221.7703,2773.7951,3783.0578,3640.6128,3801.5112,3954.0912,4024.8656,4328.2565,4504.6815,4875.037,5036.6645,5343.6388,4857.628,4447.3554
Indonesia,Food Retail,Emissions (CO2eq) from CH4 (AR5),kilotonnes,4.3232,4.5556,5.222,6.1012,8.2488,8.96,9.7384,10.4328,124.4152,135.562,145.7372,161.4256,168.0084,182.4788,196.1848,202.1544,217.9352,222.3928,239.2096,212.8,225.7148
Indonesia,Food Retail,Emissions (CO2eq) from N2O (AR5),kilotonnes,0.159,0.1855,0.318,0.371,0.5035,0.53,0.583,0.6095,7.897,10.229,8.427,8.745,9.063,9.434,10.1495,10.441,11.236,11.607,12.349,11.4745,12.3068
Indonesia,Food Retail,Emissions (CO2eq) (AR5),kilotonnes,96.4268,105.1557,118.9671,137.7573,183.4195,198.4823,215.2917,232.8126,2906.1073,3928.8488,3794.777,3971.6818,4131.1626,4216.7784,4534.5908,4717.2769,5104.2082,5270.6643,5595.1974,5081.9025,4685.377
Indonesia,Food Household Consumption,Emissions (CH4),kilotonnes,9.5343,10.121,10.2592,10.7485,11.4791,12.1602,12.787,13.7758,14.5026,15.7438,16.9752,18.345,20.2928,22.0744,23.2739,24.9591,25.5348,26.7582,27.6979,27.6979,29.3789
Indonesia,Food Household Consumption,Emissions (N2O),kilotonnes,0.0949,0.0929,0.1094,0.1121,0.1139,0.1164,0.1157,0.1216,0.1214,0.1244,0.1065,0.1076,0.1168,0.1251,0.132,0.1393,0.145,0.1518,0.156,0.156,0.1673
Indonesia,Food Household Consumption,Emissions (CO2),kilotonnes,12782.2518,11915.1225,11724.0966,12087.5864,12143.901,12262.02,12089.5299,12720.0411,12893.7838,13210.373,14067.8983,14445.9916,15854.4393,15543.0583,16724.0875,17600.4277,19562.9939,20550.233,21115.7257,21115.7257,19332.3029
Indonesia,Food Household Consumption,Emissions (CO2eq) from CH4 (AR5),kilotonnes,266.9604,283.388,287.2576,300.958,321.4148,340.4856,358.036,385.7224,406.0728,440.8264,475.3056,513.66,568.1984,618.0832,651.6692,698.8548,714.9744,749.2296,775.5412,775.5412,822.6085
Indonesia,Food Household Consumption,Emissions (CO2eq) from N2O (AR5),kilotonnes,25.1485,24.6185,28.991,29.7065,30.1835,30.846,30.6605,32.224,32.171,32.966,28.2225,28.514,30.952,33.1515,34.98,36.9145,38.425,40.227,41.34,41.34,44.3388
Indonesia,Food Household Consumption,Emissions (CO2eq) (AR5),kilotonnes,13074.3607,12223.129,12040.3452,12418.2509,12495.4993,12633.3516,12478.2264,13137.9875,13332.0276,13684.1654,14571.4264,14988.1656,16453.5897,16194.293,17410.7367,18336.197,20316.3933,21339.6896,21932.6069,21932.6069,20199.2502
Indonesia,Food Transport,Emissions (CH4),kilotonnes,1.8594,1.9502,2.0245,2.1318,2.337,2.457,2.353,2.4875,2.6162,2.8296,3.0015,3.3667,3.7766,4.0305,4.0849,4.0915,4.264,4.39,4.6575,4.4648,4.7358
Indonesia,Food Transport,Emissions (N2O),kilotonnes,0.1081,0.1133,0.115,0.1165,0.1194,0.1209,0.1153,0.1235,0.1324,0.1488,0.1615,0.1895,0.2199,0.2323,0.2344,0.2212,0.2356,0.2459,0.2602,0.2431,0.2607
Indonesia,Food Transport,Emissions (CO2),kilotonnes,6494.65,6859.9,6977.2,7050.2,7107.9,7142.05,6751.05,6916.9,7370.2,8380.45,9069.75,11102.65,13298.2,13970.2,13964.6,12481.85,13556.65,14273.85,15192.9,14192.7246,12994.0148
Indonesia,Food Transport,Emissions (CO2eq) from CH4 (AR5),kilotonnes,52.0632,54.6056,56.686,59.6904,65.436,68.796,65.884,69.65,73.2536,79.2288,84.042,94.2676,105.7448,112.854,114.3772,114.562,119.392,122.92,130.41,125.0144,132.6015
Indonesia,Food Transport,Emissions (CO2eq) from N2O (AR5),kilotonnes,28.6465,30.0245,30.475,30.8725,31.641,32.0385,30.5545,32.7275,35.086,39.432,42.7975,50.2175,58.2735,61.5595,62.116,58.618,62.434,65.1635,68.953,64.4215,69.0946
Indonesia,Food Transport,Emissions (CO2eq) (AR5),kilotonnes,6575.3597,6944.5301,7064.361,7140.7629,7204.977,7242.8845,6847.4885,7019.2775,7478.5396,8499.1108,9196.5895,11247.1351,13462.2183,14144.6135,14141.0932,12655.03,13738.476,14461.9335,15392.263,14382.1605,13195.7108
Indonesia,Energy,Emissions (CH4),kilotonnes,3280,3370,3310,3430,3390,3510,3850,3830,3960,4370,4510,4860,5850,6140,6380,6070,6250,6790,7210,7250,7690
Indonesia,Energy,Emissions (N2O),kilotonnes,14.3,14.7,14.7,14.9,15.6,15.5,15.5,15.6,15.6,15.9,15.4,16.8,18.7,18.6,19.2,20.1,18.4,19.4,20.4,19.3,20.7
Indonesia,Energy,Emissions (CO2),kilotonnes,256000,281000,290000,300000,322000,325000,329000,359000,399000,430000,411000,490000,507000,383000,384000,476000,533000,498000,546000,592000,542000
Indonesia,Energy,Emissions (CO2eq) from CH4 (AR5),kilotonnes,91840,94360,92680,96040,94920,98280,107800,107240,110880,122360,126280,136080,163800,171920,178640,169960,175000,190120,201880,203000,215320
Indonesia,Energy,Emissions (CO2eq) from N2O (AR5),kilotonnes,3789.5,3895.5,3895.5,3948.5,4134,4107.5,4107.5,4134,4134,4213.5,4081,4452,4955.5,4929,5088,5326.5,4876,5141,5406,5114.5,5485.5
Indonesia,Energy,Emissions (CO2eq) (AR5),kilotonnes,351629.5,379255.5,386575.5,399988.5,421054,427387.5,440907.5,470374,514014,556573.5,541361,630532,675755.5,559849,567728,651286.5,712876,693261,753286,800114.5,762805.5
Indonesia,IPPU,Emissions (CH4),kilotonnes,1.71,2.2,1.92,2.31,2.34,2.26,2.15,2.28,2.46,2.12,1.78,2.25,2.24,2.27,1.53,2.26,2.14,2.36,2.3,2.26,2.16
Indonesia,IPPU,Emissions (N2O),kilotonnes,0.567,0.612,0.657,0.689,0.709,0.709,0.692,0.726,0.785,0.884,0.705,0.705,0.705,0.705,0.705,0.705,0.705,0.705,0.705,0.581,0.665
Indonesia,IPPU,Emissions (CO2),kilotonnes,29200,31000,31700,31800,33200,33500,34500,35200,36300,35300,36000,38000,40600,42200,43000,43000,49000,49400,52500,53100,50200
Indonesia,IPPU,Emissions (CO2eq) from F-gases (AR5),kilotonnes,242.9386,223.5036,181.7181,213.786,216.7013,228.3623,229.3341,229.3341,233.2211,239.0516,251.6844,250.7127,253.6279,267.2325,235.1646,273.063,272.0913,273.063,275.0065,275.9783,281.8088
Indonesia,IPPU,Emissions (CO2eq) from CH4 (AR5),kilotonnes,47.88,61.6,53.76,64.68,65.52,63.28,60.2,63.84,68.88,59.36,49.84,63,62.72,63.56,42.84,63.28,59.92,66.08,64.4,63.28,60.48
Indonesia,IPPU,Emissions (CO2eq) from N2O (AR5),kilotonnes,150.255,162.18,174.105,182.585,187.885,187.885,183.38,192.39,208.025,234.26,186.825,186.825,186.825,186.825,186.825,186.825,186.825,186.825,186.825,153.965,176.225
Indonesia,IPPU,Emissions (CO2eq) (AR5),kilotonnes,29641.0736,31447.2836,32109.5831,32261.051,33670.1063,33979.5273,34972.9141,35685.5641,36810.1261,35832.6716,36488.3494,38500.5377,41103.1729,42717.6175,43464.8296,43523.168,49518.8363,49925.968,53026.2315,53593.2233,50718.5138
Indonesia,Waste,Emissions (CH4),kilotonnes,1680,1690,1740,1770,1810,1850,1830,1980,2040,2030,2110,2200,2250,2290,2330,2390,2430,2560,2590,2650,2700
Indonesia,Waste,Emissions (N2O),kilotonnes,7.16,7.26,7.37,7.53,7.72,7.83,8,8.2,8.47,8.74,9.01,9.39,9.72,10,10.3,10.7,11,11.3,11.6,12,12.2
Indonesia,Waste,Emissions (CO2),kilotonnes,94.3,97.4,101,104,107,111,114,118,121,125,129,132,136,139,143,146,150,153,157,159,163
Indonesia,Waste,Emissions (CO2eq) from CH4 (AR5),kilotonnes,47040,47320,48720,49560,50680,51800,51240,55440,57120,56840,59080,61600,63000,64120,65240,66920,68040,71680,72520,74200,75600
Indonesia,Waste,Emissions (CO2eq) from N2O (AR5),kilotonnes,1897.4,1923.9,1953.05,1995.45,2045.8,2074.95,2120,2173,2244.55,2316.1,2387.65,2488.35,2575.8,2650,2729.5,2835.5,2915,2994.5,3074,3180,3233
Indonesia,Waste,Emissions (CO2eq) (AR5),kilotonnes,49031.7,49341.3,50774.05,51659.45,52832.8,53985.95,53474,57731,59485.55,59281.1,61596.65,64220.35,65711.8,66909,68112.5,69901.5,71105,74827.5,75751,77539,78996
Indonesia,Other,Emissions (N2O),kilotonnes,10.1,10.4,10.6,11.2,11.3,11.4,11.8,12.4,12.1,12.2,11.9,12.9,13.7,13.9,14.9,14.4,14.6,15.8,16.8,16.2,16.6
Indonesia,Other,Emissions (CO2eq) from N2O (AR5),kilotonnes,2676.5,2756,2809,2968,2994.5,3021,3127,3286,3206.5,3233,3153.5,3418.5,3630.5,3683.5,3948.5,3816,3869,4187,4452,4293,4399
Indonesia,Other,Emissions (CO2eq) (AR5),kilotonnes,2676.5,2756,2809,2968,2994.5,3021,3127,3286,3206.5,3233,3153.5,3418.5,3630.5,3683.5,3948.5,3816,3869,4187,4452,4293,4399
Indonesia,Farm-gate emissions,Emissions (CH4),kilotonnes,3373.3573,3314.1398,3364.2413,3305.9598,3414.1439,3377.504,3407.0475,3411.7275,3441.8799,3503.1897,3545.5062,3558.5252,3627.6985,3459.7726,3561.9563,3590.665,3423.8507,3548.2945,3641.5246,3540.6722,3550.5969
Indonesia,Farm-gate emissions,Direct emissions (N2O),kilotonnes,66.7438,67.0924,70.2377,71.9074,74.9675,76.897,77.8578,80.6946,85.0933,91.0622,89.5031,93.9784,97.0828,93.1438,97.6128,97.7662,100.4506,113.6984,120.6192,114.9569,123.8979
Indonesia,Farm-gate emissions,Indirect emissions (N2O),kilotonnes,20.0449,20.1628,21.0939,21.6709,22.6404,23.2842,23.6017,24.4789,25.8256,27.6899,27.1711,28.6068,29.5399,28.4563,29.8041,29.8018,30.6188,34.4738,36.6112,34.9077,37.8437
Indonesia,Farm-gate emissions,Emissions (N2O),kilotonnes,132.3082,132.0898,139.1938,140.2619,146.5834,148.0894,151.9292,154.5932,161.227,168.6305,166.2972,176.9193,182.5337,172.7004,181.8516,182.5124,185.4936,205.3938,215.3895,209.6956,220.4077
Indonesia,Farm-gate emissions,Emissions (CO2),kilotonnes,201788.9187,199088.2968,200583.8288,205659.9227,208992.7637,212387.9288,216287.2413,221168.3573,224438.4955,219200.2218,223355.0856,234418.2366,237595.9616,231654.8055,233929.2818,233179.5717,237034.0921,238075.4993,239949.1018,241425.4163,243054.0023
Indonesia,Farm-gate emissions,Emissions (CO2eq) from CH4 (AR5),kilotonnes,94454.003,92795.9146,94198.755,92566.875,95596.028,94570.1133,95397.3293,95528.371,96372.6369,98089.3103,99274.1737,99638.705,101575.5584,96873.6323,99734.7773,100538.6196,95867.8203,99352.2461,101962.6892,99138.8216,99416.7131
Indonesia,Farm-gate emissions,Emissions (CO2eq) from N2O (AR5),kilotonnes,35061.6849,35003.8061,36886.3592,37169.4092,38844.5911,39243.7028,40261.247,40967.1993,42725.1517,44687.0817,44068.748,46883.6063,48371.4355,45765.6082,48190.6653,48365.7842,49155.8022,54429.357,57078.2107,55569.3449,58408.0372
Indonesia,Farm-gate emissions,Emissions (CO2eq) (AR5),kilotonnes,331304.6067,326888.0176,331668.943,335396.2069,343433.3828,346201.7448,351945.8177,357663.9276,363536.284,361976.6137,366698.0073,380940.5479,387542.9555,374294.046,381854.7245,382083.9755,382057.7147,391857.1024,398990.0017,396133.5828,400878.7526
Indonesia,Land Use change,Emissions (CH4),kilotonnes,325.1685,346.2509,4893.0664,1497.1895,4752.0204,2143.9056,5866.1476,404.9981,298.9712,3863.1817,233.6238,1910.3552,2021.248,1726.7141,4845.9539,5308.1232,545.5817,216.7028,1905.6452,4096.8626,348.9743
Indonesia,Land Use change,Emissions (N2O),kilotonnes,0.9843,0.2693,5.1802,1.2052,5.466,1.8151,6.8744,0.5876,0.3591,4.4052,0.1918,1.2839,1.9875,0.9891,4.684,7.5504,0.6104,0.1025,0.9656,4.9921,0.2469
Indonesia,Land Use change,Emissions (CO2),kilotonnes,748485.286,102488.4352,466752.1389,194952.0284,455018.6577,246949.1774,543944.3146,106966.4368,98577.6488,383792.4118,93448.8587,544859.8214,553215.6532,530260.387,780052.9009,814883.3512,265102.2608,238885.1846,374983.8421,549083.7844,249506.5716
Indonesia,Land Use change,Emissions (CO2eq) from CH4 (AR5),kilotonnes,9104.7188,9695.025,137005.8579,41921.3058,133056.5704,60029.3573,164252.1341,11339.9459,8371.1924,108169.0882,6541.4657,53489.9468,56594.9435,48347.9947,135686.7086,148627.4505,15276.2875,6067.6779,53358.0653,114712.1521,9771.2794
Indonesia,Land Use change,Emissions (CO2eq) from N2O (AR5),kilotonnes,260.8435,71.3532,1372.7654,319.3855,1448.4912,480.9979,1821.7283,155.7018,95.1587,1167.3768,50.8276,340.2295,526.6876,262.1189,1241.2546,2000.845,161.7604,27.1541,255.8902,1322.8982,65.4378
Indonesia,Land Use change,Emissions (CO2eq) (AR5),kilotonnes,757850.8483,112254.8134,605130.7622,237192.7197,589523.7193,307459.5326,710018.177,118462.0845,107043.9999,493128.8768,100041.152,598689.9976,610337.2842,578870.5006,916980.8641,965511.6467,280540.3086,244980.0166,428597.7976,665118.8347,259343.2889
Indonesia,Emissions on agricultural land,Emissions (CH4),kilotonnes,3698.5258,3660.3907,8257.3076,4803.1493,8166.1642,5521.4097,9273.1951,3816.7256,3740.851,7366.3714,3779.13,5468.8804,5648.9465,5186.4867,8407.9102,8898.7882,3969.4324,3764.9973,5547.1698,7637.5348,3899.5712
Indonesia,Emissions on agricultural land,Emissions (N2O),kilotonnes,133.2926,132.3591,144.3741,141.4671,152.0494,149.9045,158.8037,155.1808,161.5861,173.0357,166.489,178.2032,184.5212,173.6895,186.5355,190.0628,186.104,205.4963,216.3551,214.6877,220.6546
Indonesia,Emissions on agricultural land,Emissions (CO2),kilotonnes,950274.2048,301576.732,667335.9677,400611.951,664011.4214,459337.1061,760231.5559,328134.7941,323016.1443,602992.6336,316803.9444,779278.058,790811.6148,761915.1925,1013982.183,1048062.923,502136.3529,476960.6839,614932.9439,790509.2006,492560.5739
Indonesia,Emissions on agricultural land,Emissions (CO2eq) from CH4 (AR5),kilotonnes,103558.7219,102490.9396,231204.6129,134488.1808,228652.5984,154599.4706,259649.4634,106868.3169,104743.8292,206258.3984,105815.6394,153128.6518,158170.5019,145221.627,235421.4859,249166.0701,111144.1078,105419.924,155320.7545,213850.9736,109187.9926
Indonesia,Emissions on agricultural land,Emissions (CO2eq) from N2O (AR5),kilotonnes,35322.5284,35075.1593,38259.1247,37488.7947,40293.0823,39724.7007,42082.9753,41122.9011,42820.3103,45854.4585,44119.5756,47223.8358,48898.1231,46027.7271,49431.92,50366.6292,49317.5627,54456.5112,57334.1009,56892.2432,58473.475
Indonesia,Emissions on agricultural land,Emissions (CO2eq) (AR5),kilotonnes,1089155.455,439142.831,936799.7053,572588.9266,932957.102,653661.2775,1061963.995,476126.0121,470580.2839,855105.4906,466739.1593,979630.5456,997880.2398,953164.5466,1298835.589,1347595.622,662598.0233,636837.119,827587.7993,1061252.418,660222.0415
Indonesia,Pre- and post- production,Emissions (CH4),kilotonnes,2359.3292,2367.9121,2379.5077,2391.6152,2405.6344,2418.8001,2437.8105,2455.844,2478.1189,2494.9845,2518.4176,2541.928,2562.8264,2578.9362,2590.6163,2595.848,2608.7213,2615.6215,2624.3073,2627.726,2634.4725
Indonesia,Pre- and post- production,Emissions (N2O),kilotonnes,4.085,4.1447,4.2922,4.349,4.4671,4.4816,4.6467,4.8055,4.9347,5.1615,5.3674,5.6144,5.8214,5.9448,6.2167,6.3401,6.6138,6.8354,6.9223,6.9233,6.9965
Indonesia,Pre- and post- production,Emissions (CO2),kilotonnes,29205.5169,29036.1462,29230.1518,29689.0147,31421.4461,31328.1408,30597.7355,31480.9297,35240.7618,40135.48,41665.0063,44252.6632,49173.077,47395.1905,51902.9003,51373.6938,56406.97,57954.499,60249.4207,57011.2139,52444.6163
Indonesia,Pre- and post- production,Emissions (CO2eq) from CH4 (AR5),kilotonnes,66061.2169,66301.5398,66626.2152,66965.2262,67357.7643,67726.4017,68258.6926,68763.6334,69387.3283,69859.5666,70515.6918,71173.9849,71759.1391,72210.2127,72537.2564,72683.7428,73044.197,73237.4026,73480.6055,73576.3286,73765.2311
Indonesia,Pre- and post- production,Emissions (CO2eq) from N2O (AR5),kilotonnes,1082.5381,1098.3436,1137.4304,1152.4802,1183.7938,1187.6253,1231.3693,1273.4573,1307.6856,1367.7953,1422.3562,1487.8258,1542.6685,1575.3746,1647.4169,1680.1172,1752.6459,1811.3883,1834.4051,1834.6708,1854.0639
Indonesia,Pre- and post- production,Emissions (CO2eq) (AR5),kilotonnes,96349.2719,96436.0296,96993.7974,97806.7211,99963.0041,100242.1679,100087.7974,101518.0203,105935.7757,111362.8419,113603.0544,116914.4739,122474.8846,121180.7778,126087.5736,125737.5538,131203.813,133003.2898,135564.4313,132422.2133,128063.9112
Indonesia,Agri-food systems,Emissions (CH4),kilotonnes,6057.855,6028.3028,10636.8153,7194.7645,10571.7987,7940.2097,11711.0056,6272.5697,6218.9699,9861.3559,6297.5475,8010.8085,8211.7729,7765.4228,10998.5265,11494.6362,6578.1537,6380.6188,8171.4771,10265.2608,6534.0437
Indonesia,Agri-food systems,Emissions (N2O),kilotonnes,137.3776,136.5038,148.6662,145.8161,156.5165,154.3861,163.4504,159.9863,166.5207,178.1972,171.8563,183.8176,190.3426,179.6343,192.7522,196.4028,192.7178,212.3317,223.2774,221.611,227.6511
Indonesia,Agri-food systems,Emissions (CO2),kilotonnes,979479.7216,330612.8783,696566.1195,430300.9658,695432.8674,490665.2469,790829.2914,359615.7238,358256.9061,643128.1136,358468.9507,823530.7211,839984.6918,809310.383,1065885.083,1099436.617,558543.3229,534915.1828,675182.3646,847520.4145,545005.1902
Indonesia,Agri-food systems,Emissions (CO2eq) from CH4 (AR5),kilotonnes,169619.9388,168792.4794,297830.8281,201453.407,296010.3626,222325.8723,327908.156,175631.9503,174131.1575,276117.9651,176331.3312,224302.6367,229929.641,217431.8397,307958.7423,321849.8128,184188.3048,178657.3266,228801.3599,287427.3023,182953.2236
Indonesia,Agri-food systems,Emissions (CO2eq) from N2O (AR5),kilotonnes,36405.0665,36173.5029,39396.5551,38641.275,41476.8761,40912.3261,43314.3446,42396.3583,44127.9959,47222.2538,45541.9318,48711.6616,50440.7916,47603.1017,51079.3368,52046.7464,51070.2086,56267.8995,59168.506,58726.914,60327.5388
Indonesia,Agri-food systems,Emissions (CO2eq) (AR5),kilotonnes,1185504.727,535578.8606,1033793.503,670395.6477,1032920.106,753903.4453,1162051.792,577644.0324,576516.0595,966468.3324,580342.2137,1096545.019,1120355.124,1074345.324,1424923.162,1473333.176,793801.8363,769840.4088,963152.2306,1193674.631,788285.9527
Indonesia,IPCC Agriculture,Emissions (CH4),kilotonnes,3372.0748,3313.0734,3363.2684,3304.8773,3412.6967,3376.1097,3405.4276,3410.1044,3440.5769,3502.3467,3544.6804,3557.2305,3626.5084,3459.2025,3561.6122,3590.3451,3423.4403,3547.8861,3640.7844,3539.8528,3549.7775
Indonesia,IPCC Agriculture,Emissions (CH4),kilotonnes,2419.05,,,,,,,,,,,,,,,,2927.9048,,,,
Indonesia,IPCC Agriculture,Direct emissions (N2O),kilotonnes,66.7438,67.0924,70.2377,71.9074,74.9675,76.897,77.8578,80.6946,85.0933,91.0622,89.5031,93.9784,97.0828,93.1438,97.6128,97.7662,100.4506,113.6984,120.6192,114.9569,123.8979
Indonesia,IPCC Agriculture,Indirect emissions (N2O),kilotonnes,20.0449,20.1628,21.0939,21.6709,22.6404,23.2842,23.6017,24.4789,25.8256,27.6899,27.1711,28.6068,29.5399,28.4563,29.8041,29.8018,30.6188,34.4738,36.6112,34.9077,37.8437
Indonesia,IPCC Agriculture,Emissions (N2O),kilotonnes,129.1997,129.7872,136.8474,137.3009,142.944,144.7248,149.0129,151.8059,158.3287,168.4631,166.1239,173.9331,179.4785,172.3494,181.4369,182.3626,185.118,205.0034,214.9818,209.2894,220.0015
Indonesia,IPCC Agriculture,Emissions (N2O),kilotonnes,72.903,,,,,,,,,,,,,,,,168.0968,,,,
Indonesia,IPCC Agriculture,Emissions (CO2eq) from CH4 (AR5),kilotonnes,94418.0938,92766.0551,94171.5151,92536.5633,95555.5072,94531.0719,95351.9729,95482.922,96336.152,98065.7081,99251.052,99602.4547,101542.2351,96857.6706,99725.1409,100529.6632,95856.329,99340.8111,101941.9631,99115.8776,99393.7692
Indonesia,IPCC Agriculture,Emissions (CO2eq) from CH4 (AR5),kilotonnes,67733.4,,,,,,,,,,,,,,,,81981.3344,,,,
Indonesia,IPCC Agriculture,Emissions (CO2eq) from N2O (AR5),kilotonnes,34237.9109,34393.6007,36264.5705,36384.7474,37880.1665,38352.082,39488.4293,40228.5609,41957.0955,44642.7315,44022.834,46092.2629,47561.8123,45672.5868,48080.7818,48326.0889,49056.2585,54325.8916,56970.1893,55461.6959,58300.3882
Indonesia,IPCC Agriculture,Emissions (CO2eq) from N2O (AR5),kilotonnes,19319.295,,,,,,,,,,,,,,,,44545.652,,,,
Indonesia,IPCC Agriculture,Emissions (CO2eq) (AR5),kilotonnes,128656.0047,127159.6558,130436.0856,128921.3106,133435.6737,132883.1539,134840.4022,135711.4829,138293.2475,142708.4396,143273.886,145694.7176,149104.0474,142530.2573,147805.9227,148855.7521,144912.5875,153666.7028,158912.1524,154577.5736,157694.1573
Indonesia,IPCC Agriculture,Emissions (CO2eq) (AR5),kilotonnes,87052.695,,,,,,,,,,,,,,,,126526.9864,,,,
Indonesia,Agricultural Soils,Direct emissions (N2O),kilotonnes,66.7438,67.0924,70.2377,71.9074,74.9675,76.897,77.8578,80.6946,85.0933,91.0622,89.5031,93.9784,97.0828,93.1438,97.6128,97.7662,100.4506,113.6984,120.6192,114.9569,123.8979
Indonesia,Agricultural Soils,Direct emissions (N2O),kilotonnes,,,,,,,,,,,,,,,,,107.7935,,,,
Indonesia,Agricultural Soils,Indirect emissions (N2O),kilotonnes,20.0449,20.1628,21.0939,21.6709,22.6404,23.2842,23.6017,24.4789,25.8256,27.6899,27.1711,28.6068,29.5399,28.4563,29.8041,29.8018,30.6188,34.4738,36.6112,34.9077,37.8437
Indonesia,Agricultural Soils,Indirect emissions (N2O),kilotonnes,,,,,,,,,,,,,,,,,28.9935,,,,
Indonesia,Agricultural Soils,Emissions (N2O),kilotonnes,117.3767,117.7396,122.0421,124.673,128.9184,132.1943,134.2448,138.813,145.0646,153.2177,151.7592,158.2311,162.7027,157.8833,164.11,164.2516,168.2579,185.5256,194.8352,187.6951,199.8248
Indonesia,Agricultural Soils,Emissions (N2O),kilotonnes,68.96,,,,,,,,,,,,,,,,,,,,
Indonesia,Agricultural Soils,Emissions (CO2eq) from N2O (AR5),kilotonnes,31104.8248,31201.007,32341.1611,33038.3497,34163.3885,35031.4886,35574.8749,36785.4581,38442.1317,40602.6938,40216.1791,41931.2443,43116.2131,41839.0735,43489.1475,43526.6851,44588.3534,49164.2828,51631.3168,49739.2089,52953.5651
Indonesia,Agricultural Soils,Emissions (CO2eq) from N2O (AR5),kilotonnes,18274.4,,,,,,,,,,,,,,,,,,,,
Indonesia,Agricultural Soils,Emissions (CO2eq) (AR5),kilotonnes,31104.8248,31201.007,32341.1611,33038.3497,34163.3885,35031.4886,35574.8749,36785.4581,38442.1317,40602.6938,40216.1791,41931.2443,43116.2131,41839.0735,43489.1475,43526.6851,44588.3534,49164.2828,51631.3168,49739.2089,52953.5651
Indonesia,Agricultural Soils,Emissions (CO2eq) (AR5),kilotonnes,18274.4,,,,,,,,,,,,,,,,,,,,
Indonesia,LULUCF,Emissions (CH4),kilotonnes,327.1222,346.4392,4898.3955,1497.3877,4752.9618,2144.1856,5867.5673,405.3945,299.1743,3863.7664,233.7179,1910.94,2022.3109,1726.8751,4847.3661,5314.1859,545.6213,216.9828,1906.4158,4102.1528,349.2022
Indonesia,LULUCF,Emissions (CH4),kilotonnes,2.68,,,,,,,,,,,,,,,,,,,,
Indonesia,LULUCF,Emissions (N2O),kilotonnes,1.0418,0.2865,5.6668,1.2233,5.552,1.8406,7.0041,0.6238,0.3776,4.4586,0.2004,1.3373,2.0846,1.0038,4.8129,8.1039,0.614,0.128,1.036,5.4751,0.2678
Indonesia,LULUCF,Emissions (N2O),kilotonnes,0.08,,,,,,,,,,,,,,,,,,,,
Indonesia,LULUCF,Emissions (CO2),kilotonnes,453631.0458,267649.687,633357.9091,363995.1125,625417.4959,421831.9013,723775.6085,292286.3542,287155.4978,574443.9798,288084.8296,735440.7236,746593.7344,724947.9666,977392.4576,1012162.554,500395.9758,475233.6044,612940.3646,788480.268,490531.6413
Indonesia,LULUCF,Emissions (CO2),kilotonnes,821173.37,,,,,,,,,,,,,,,,,,,,
Indonesia,LULUCF,Emissions (CO2eq) from CH4 (AR5),kilotonnes,9159.421,9700.2976,137155.0736,41926.8557,133082.9309,60037.1966,164291.8851,11351.0462,8376.8811,108185.4604,6544.1016,53506.3196,56624.7064,48352.5036,135726.2518,148797.2058,15277.3973,6075.5179,53379.6419,114860.2772,9777.6628
Indonesia,LULUCF,Emissions (CO2eq) from N2O (AR5),kilotonnes,276.0704,75.9094,1501.7073,324.1813,1471.2702,487.7721,1856.0784,165.2939,100.0745,1181.5245,53.1054,354.3778,552.4066,266.0152,1275.4251,2147.5358,162.7195,33.9289,274.5352,1450.8977,70.9538
Indonesia,LULUCF,Emissions (CO2eq) (AR5),kilotonnes,463066.5371,277425.894,772014.6899,406246.1495,759971.6969,482356.87,889923.5719,303802.6943,295632.4534,683810.9647,294682.0365,789301.4211,803770.8474,773566.4854,1114394.135,1163107.296,515836.0926,481343.0512,666594.5417,904791.4428,500380.2578
Indonesia,LULUCF,Emissions (CO2eq) (AR5),kilotonnes,821173.37,,,,,,,,,,,,,,,,,,,,
Indonesia,AFOLU,Emissions (CH4),kilotonnes,3699.197,3659.5126,8261.6639,4802.265,8165.6585,5520.2953,9272.9949,3815.4989,3739.7512,7366.1132,3778.3983,5468.1705,5648.8193,5186.0776,8408.9783,8904.531,3969.0617,3764.8689,5547.2002,7642.0055,3898.9797
Indonesia,AFOLU,Emissions (N2O),kilotonnes,130.2414,130.0736,142.5143,138.5243,148.496,146.5655,156.017,152.4296,158.7063,172.9217,166.3243,175.2703,181.5631,173.3532,186.2498,190.4665,185.732,205.1314,216.0178,214.7645,220.2692
Indonesia,AFOLU,Emissions (CO2),kilotonnes,453631.0458,267649.687,633357.9091,363995.1125,625417.4959,421831.9013,723775.6085,292286.3542,287155.4978,574443.9798,288084.8296,735440.7236,746593.7344,724947.9666,977392.4576,1012162.554,500395.9758,475233.6044,612940.3646,788480.268,490531.6413
Indonesia,AFOLU,Emissions (CO2eq) from CH4 (AR5),kilotonnes,103577.5148,102466.3527,231326.5886,134463.4189,228638.4381,154568.2685,259643.858,106833.9682,104713.0331,206251.1685,105795.1536,153108.7743,158166.9415,145210.1742,235451.3927,249326.869,111133.7263,105416.329,155321.605,213976.1548,109171.4319
Indonesia,AFOLU,Emissions (CO2eq) from N2O (AR5),kilotonnes,34513.9813,34469.5101,37766.2778,36708.9287,39351.4366,38839.8541,41344.5077,40393.8548,42057.17,45824.256,44075.9394,46446.6407,48114.2189,45938.6019,49356.2069,50473.6247,49218.978,54359.8205,57244.7245,56912.5936,58371.342
Indonesia,AFOLU,Emissions (CO2eq) (AR5),kilotonnes,591722.5418,404585.5498,902450.7755,535167.4601,893407.3706,615240.0239,1024763.974,439514.1772,433925.7009,826519.4043,437955.9225,934996.1386,952874.8948,916096.7427,1262200.057,1311963.048,660748.6801,635009.7539,825506.6941,1059369.016,658074.4152
Indonesia,All sectors with LULUCF,Emissions (CH4),kilotonnes,8660.907,8721.7126,13313.5839,10004.575,13367.9985,10882.5553,14955.1449,9627.7789,9742.2112,13768.2332,10400.1783,12530.4205,13751.0593,13618.3476,17120.5083,17366.791,12651.2017,13117.2289,15349.5002,17544.2655,14291.1397
Indonesia,All sectors with LULUCF,Emissions (N2O),kilotonnes,162.3684,163.0456,175.8413,172.8433,183.825,182.0045,192.009,189.3556,195.6613,210.6457,203.3393,215.0653,224.3881,216.5582,231.3548,236.3715,230.437,252.3364,265.5228,262.8455,270.4342
Indonesia,All sectors with LULUCF,Emissions (CO2),kilotonnes,738925.3458,579747.087,955158.9091,695899.1125,980724.4959,780442.9013,1087389.609,686604.3542,722576.4978,1039868.98,735213.8296,1263572.724,1294329.734,1150286.967,1404535.458,1531308.554,1082545.976,1022786.604,1211597.365,1433739.268,1082894.641
Indonesia,All sectors with LULUCF,Emissions (CO2eq) from F-gases (AR5),kilotonnes,242.9386,223.5036,181.7181,213.786,216.7013,228.3623,229.3341,229.3341,233.2211,239.0516,251.6844,250.7127,253.6279,267.2325,235.1646,273.063,272.0913,273.063,275.0065,275.9783,281.8088
Indonesia,All sectors with LULUCF,Emissions (CO2eq) from CH4 (AR5),kilotonnes,242505.3948,244207.9527,372780.3486,280128.0989,374303.9581,304711.5485,418744.058,269577.8082,272781.9131,385510.5285,291204.9936,350851.7743,385029.6615,381313.7342,479374.2327,486270.149,354233.6463,367282.409,429786.005,491239.4348,400151.9119
Indonesia,All sectors with LULUCF,Emissions (CO2eq) from N2O (AR5),kilotonnes,43027.6363,43207.0901,46597.9328,45803.4637,48713.6216,48231.1891,50882.3877,50179.2448,51850.245,55821.116,53884.9144,56992.3157,59462.8439,57387.9269,61309.0319,62638.4497,61065.803,66869.1455,70363.5495,69654.0586,71665.067
Indonesia,All sectors with LULUCF,Emissions (CO2eq) (AR5),kilotonnes,1024701.315,867385.6333,1374718.909,1022044.461,1403958.777,1133614.001,1557245.388,1006590.741,1047441.877,1481439.676,1080555.422,1671667.526,1739075.868,1589255.86,1945453.887,2080490.216,1498117.516,1457211.222,1712021.926,1994908.74,1554993.429
Indonesia,All sectors without LULUCF,Emissions (CH4),kilotonnes,8333.7848,8375.2734,8415.1884,8507.1873,8615.0367,8738.3697,9087.5776,9222.3844,9443.0369,9904.4667,10166.4604,10619.4805,11728.7484,11891.4725,12273.1422,12052.6051,12105.5803,12900.2461,13443.0844,13442.1128,13941.9375
Indonesia,All sectors without LULUCF,Emissions (N2O),kilotonnes,161.3267,162.7592,170.1744,171.6199,178.273,180.1638,185.0049,188.7319,195.2837,206.1871,203.1389,213.7281,222.3035,215.5544,226.5419,228.2676,229.823,252.2084,264.4868,257.3704,270.1665
Indonesia,All sectors without LULUCF,Emissions (CO2),kilotonnes,285294.3,312097.4,321801,331904,355307,358611,363614,394318,435421,465425,447129,528132,547736,425339,427143,519146,582150,547553,598657,645259,592363
Indonesia,All sectors without LULUCF,Emissions (CO2eq) from F-gases (AR5),kilotonnes,242.9386,223.5036,181.7181,213.786,216.7013,228.3623,229.3341,229.3341,233.2211,239.0516,251.6844,250.7127,253.6279,267.2325,235.1646,273.063,272.0913,273.063,275.0065,275.9783,281.8088
Indonesia,All sectors without LULUCF,Emissions (CO2eq) from CH4 (AR5),kilotonnes,233345.9738,234507.6551,235625.2751,238201.2433,241221.0272,244674.3519,254452.1729,258226.762,264405.032,277325.0681,284660.892,297345.4547,328404.9551,332961.2306,343647.9809,337472.9432,338956.249,361206.8911,376406.3631,376379.1576,390374.2492
Indonesia,All sectors without LULUCF,Emissions (CO2eq) from N2O (AR5),kilotonnes,42751.5659,43131.1807,45096.2255,45479.2824,47242.3515,47743.417,49026.3093,50013.9509,51750.1705,54639.5915,53831.809,56637.9379,58910.4373,57121.9118,60033.6068,60490.9139,60903.0835,66835.2166,70089.0143,68203.1609,71594.1132
Indonesia,All sectors without LULUCF,Emissions (CO2eq) (AR5),kilotonnes,561634.7783,589959.7393,602704.2187,615798.3116,643987.08,651257.1312,667321.8163,702788.047,751809.4236,797628.7112,785873.3855,882366.1052,935305.0203,815689.3748,831059.7523,917382.9202,982281.4238,975868.1708,1045427.384,1090117.297,1054613.171
Iran (Islamic Republic of),Crop Residues,Direct emissions (N2O),kilotonnes,2.8905,3.3042,4.2255,4.4219,4.6623,4.6671,4.7307,5.0245,2.7777,3.9359,4.1834,3.3644,3.5224,3.6056,3.813,3.9448,4.6976,3.9488,4.0522,4.8335,4.7208
Iran (Islamic Republic of),Crop Residues,Indirect emissions (N2O),kilotonnes,0.6504,0.7434,0.9507,0.9949,1.049,1.0501,1.0644,1.1305,0.625,0.8856,0.9413,0.757,0.7926,0.8113,0.8579,0.8876,1.057,0.8885,0.9117,1.0875,1.0622
Iran (Islamic Republic of),Crop Residues,Emissions (N2O),kilotonnes,3.5408,4.0476,5.1762,5.4168,5.7113,5.7172,5.7951,6.155,3.4027,4.8215,5.1247,4.1214,4.315,4.4168,4.6709,4.8324,5.7546,4.8372,4.9639,5.9211,5.783
Iran (Islamic Republic of),Crop Residues,Emissions (CO2eq) from N2O (AR5),kilotonnes,938.3129,1072.6105,1371.7003,1435.4556,1513.4853,1515.0484,1535.7119,1631.0799,901.7085,1277.7049,1358.0429,1092.1644,1143.4753,1170.4634,1237.7815,1280.5818,1524.9682,1281.8637,1315.4348,1569.0838,1532.4933
Iran (Islamic Republic of),Crop Residues,Emissions (CO2eq) (AR5),kilotonnes,938.3129,1072.6105,1371.7003,1435.4556,1513.4853,1515.0484,1535.7119,1631.0799,901.7085,1277.7049,1358.0429,1092.1644,1143.4753,1170.4634,1237.7815,1280.5818,1524.9682,1281.8637,1315.4348,1569.0838,1532.4933
Iran (Islamic Republic of),Rice Cultivation,Emissions (CH4),kilotonnes,117.446,113.1511,134.3506,135.2392,134.3971,138.0575,138.5975,135.377,115.8172,117.7717,123.861,116.4936,125.286,124.1863,118.4922,116.4867,131.0085,87.2336,93.9366,92.3927,92.9196
Iran (Islamic Republic of),Rice Cultivation,Emissions (CO2eq) from CH4 (AR5),kilotonnes,3288.4867,3168.2297,3761.8155,3786.6977,3763.1202,3865.6094,3880.7308,3790.5565,3242.8826,3297.6075,3468.109,3261.8197,3508.008,3477.2175,3317.7817,3261.6289,3668.2378,2442.5398,2630.2244,2586.9959,2601.748
Iran (Islamic Republic of),Rice Cultivation,Emissions (CO2eq) (AR5),kilotonnes,3288.4867,3168.2297,3761.8155,3786.6977,3763.1202,3865.6094,3880.7308,3790.5565,3242.8826,3297.6075,3468.109,3261.8197,3508.008,3477.2175,3317.7817,3261.6289,3668.2378,2442.5398,2630.2244,2586.9959,2601.748
Iran (Islamic Republic of),Burning - Crop residues,Emissions (CH4),kilotonnes,6.8374,7.2929,8.3002,8.5961,8.8896,9.2967,9.2705,9.651,7.2297,8.6858,8.7529,8.5055,8.8393,8.686,8.1338,7.5615,7.8734,8.0745,8.2865,10.0836,9.5364
Iran (Islamic Republic of),Burning - Crop residues,Emissions (CH4),kilotonnes,9.48,,,,,,,,,,,,,,,,,,,,
Iran (Islamic Republic of),Burning - Crop residues,Emissions (N2O),kilotonnes,0.1773,0.1891,0.2152,0.2229,0.2305,0.241,0.2403,0.2502,0.1874,0.2252,0.2269,0.2205,0.2292,0.2252,0.2109,0.196,0.2041,0.2093,0.2148,0.2614,0.2472
Iran (Islamic Republic of),Burning - Crop residues,Emissions (N2O),kilotonnes,0.2,,,,,,,,,,,,,,,,,,,,
Iran (Islamic Republic of),Burning - Crop residues,Emissions (CO2eq) from CH4 (AR5),kilotonnes,191.4474,204.2011,232.4049,240.6911,248.9102,260.3082,259.5726,270.2288,202.4318,243.2023,245.08,238.1537,247.5004,243.2084,227.7467,211.7212,220.4543,226.0871,232.0223,282.3405,267.0186
Iran (Islamic Republic of),Burning - Crop residues,Emissions (CO2eq) from CH4 (AR5),kilotonnes,265.44,,,,,,,,,,,,,,,,,,,,
Iran (Islamic Republic of),Burning - Crop residues,Emissions (CO2eq) from N2O (AR5),kilotonnes,46.9755,50.1049,57.0253,59.0585,61.0752,63.8719,63.6914,66.3062,49.6708,59.6746,60.1354,58.4359,60.7293,59.6761,55.8823,51.9501,54.0929,55.4751,56.9314,69.278,65.5185
Iran (Islamic Republic of),Burning - Crop residues,Emissions (CO2eq) from N2O (AR5),kilotonnes,53,,,,,,,,,,,,,,,,,,,,
Iran (Islamic Republic of),Burning - Crop residues,Emissions (CO2eq) (AR5),kilotonnes,238.423,254.306,289.4302,299.7496,309.9854,324.1802,323.2641,336.535,252.1026,302.877,305.2153,296.5896,308.2297,302.8845,283.629,263.6713,274.5472,281.5622,288.9537,351.6185,332.5371
Iran (Islamic Republic of),Burning - Crop residues,Emissions (CO2eq) (AR5),kilotonnes,318.44,,,,,,,,,,,,,,,,,,,,
Iran (Islamic Republic of),Enteric Fermentation,Emissions (CH4),kilotonnes,759.349,754.1098,713.982,717.8848,725.241,733.7394,737.4644,741.5443,665.7354,671.8083,673.788,651.5404,651.8053,647.4371,468.078,509.3875,530.0397,498.8726,521.0208,526.6075,559.4552
Iran (Islamic Republic of),Enteric Fermentation,Emissions (CH4),kilotonnes,808.33,,,,,,,,,,,,,,,,,,,,
Iran (Islamic Republic of),Enteric Fermentation,Emissions (CO2eq) from CH4 (AR5),kilotonnes,21261.772,21115.0744,19991.496,20100.7744,20306.748,20544.7032,20649.0032,20763.2396,18640.5921,18810.6316,18866.064,18243.1303,18250.5474,18128.2397,13106.1827,14262.8502,14841.1124,13968.4324,14588.5825,14745.0099,15664.7446
Iran (Islamic Republic of),Enteric Fermentation,Emissions (CO2eq) from CH4 (AR5),kilotonnes,22633.24,,,,,,,,,,,,,,,,,,,,
Iran (Islamic Republic of),Enteric Fermentation,Emissions (CO2eq) (AR5),kilotonnes,21261.772,21115.0744,19991.496,20100.7744,20306.748,20544.7032,20649.0032,20763.2396,18640.5921,18810.6316,18866.064,18243.1303,18250.5474,18128.2397,13106.1827,14262.8502,14841.1124,13968.4324,14588.5825,14745.0099,15664.7446
Iran (Islamic Republic of),Enteric Fermentation,Emissions (CO2eq) (AR5),kilotonnes,22633.24,,,,,,,,,,,,,,,,,,,,
Iran (Islamic Republic of),Manure Management,Emissions (CH4),kilotonnes,46.7495,46.693,45.6916,47.0823,51.2519,52.5023,53.1864,53.7182,50.0773,54.6494,55.1153,53.6179,54.2476,54.1688,44.0365,45.0441,46.9522,45.595,47.7822,48.3795,49.7782
Iran (Islamic Republic of),Manure Management,Emissions (CH4),kilotonnes,29.45,,,,,,,,,,,,,,,,,,,,
Iran (Islamic Republic of),Manure Management,Emissions (N2O),kilotonnes,1.6704,1.7275,1.7728,1.874,2.1605,2.215,2.2451,2.2635,2.2868,2.495,2.4994,2.5216,2.5564,2.5485,2.2387,2.4321,2.4739,2.3924,2.433,2.4823,2.6035
Iran (Islamic Republic of),Manure Management,Emissions (N2O),kilotonnes,0.81,,,,,,,,,,,,,,,,,,,,
Iran (Islamic Republic of),Manure Management,Emissions (CO2eq) from CH4 (AR5),kilotonnes,1308.9849,1307.4028,1279.3637,1318.3055,1435.0524,1470.0633,1489.2192,1504.1102,1402.1634,1530.184,1543.2284,1501.3021,1518.9334,1516.7264,1233.0228,1261.2351,1314.6614,1276.6597,1337.9027,1354.6262,1393.7905
Iran (Islamic Republic of),Manure Management,Emissions (CO2eq) from CH4 (AR5),kilotonnes,824.6,,,,,,,,,,,,,,,,,,,,
Iran (Islamic Republic of),Manure Management,Emissions (CO2eq) from N2O (AR5),kilotonnes,442.664,457.7967,469.7913,496.6139,572.5269,586.9759,594.9537,599.8268,605.9998,661.1772,662.3522,668.223,677.4485,675.3394,593.2656,644.5142,655.5864,633.9731,644.7451,657.8045,689.9285
Iran (Islamic Republic of),Manure Management,Emissions (CO2eq) from N2O (AR5),kilotonnes,214.65,,,,,,,,,,,,,,,,,,,,
Iran (Islamic Republic of),Manure Management,Emissions (CO2eq) (AR5),kilotonnes,1751.6489,1765.1995,1749.155,1814.9195,2007.5793,2057.0392,2084.1729,2103.9369,2008.1632,2191.3612,2205.5806,2169.5251,2196.3819,2192.0658,1826.2885,1905.7493,1970.2478,1910.6328,1982.6478,2012.4307,2083.719
Iran (Islamic Republic of),Manure Management,Emissions (CO2eq) (AR5),kilotonnes,1039.25,,,,,,,,,,,,,,,,,,,,
Iran (Islamic Republic of),Manure left on Pasture,Direct emissions (N2O),kilotonnes,19.9005,19.8908,19.7113,20.0905,21.1246,21.3912,21.5277,21.6209,20.3593,20.9961,20.9488,20.5004,20.5194,20.3044,17.2096,18.1308,18.2845,17.5833,17.8684,18.0912,19.3843
Iran (Islamic Republic of),Manure left on Pasture,Indirect emissions (N2O),kilotonnes,7.3995,7.3976,7.2769,7.3723,7.5998,7.6625,7.6946,7.7144,7.2036,7.2472,7.2075,7.072,7.0506,6.9594,5.8228,6.2448,6.252,5.9636,6.012,6.0839,6.6115
Iran (Islamic Republic of),Manure left on Pasture,Emissions (N2O),kilotonnes,27.3,27.2884,26.9882,27.4628,28.7244,29.0537,29.2223,29.3353,27.563,28.2432,28.1563,27.5724,27.57,27.2638,23.0324,24.3756,24.5365,23.5469,23.8804,24.175,25.9959
Iran (Islamic Republic of),Manure left on Pasture,Emissions (CO2eq) from N2O (AR5),kilotonnes,7234.505,7231.4261,7151.8738,7277.6408,7611.9634,7699.2341,7743.8995,7773.8599,7304.1918,7484.4607,7461.4151,7306.6945,7306.0617,7224.8964,6103.585,6459.5419,6502.1652,6239.9325,6328.3016,6406.3877,6888.903
Iran (Islamic Republic of),Manure left on Pasture,Emissions (CO2eq) (AR5),kilotonnes,7234.505,7231.4261,7151.8738,7277.6408,7611.9634,7699.2341,7743.8995,7773.8599,7304.1918,7484.4607,7461.4151,7306.6945,7306.0617,7224.8964,6103.585,6459.5419,6502.1652,6239.9325,6328.3016,6406.3877,6888.903
Iran (Islamic Republic of),Manure applied to Soils,Direct emissions (N2O),kilotonnes,3.6465,3.7315,3.8223,4.0215,4.5979,4.7133,4.7759,4.8159,4.8197,5.2677,5.2809,5.272,5.339,5.3188,4.6546,5.0164,5.1034,4.9481,5.0509,5.1497,5.3946
Iran (Islamic Republic of),Manure applied to Soils,Indirect emissions (N2O),kilotonnes,1.5498,1.5859,1.6245,1.7092,1.9541,2.0031,2.0297,2.0467,2.0484,2.2388,2.2444,2.2406,2.2691,2.2605,1.9782,2.132,2.169,2.1029,2.1466,2.1886,2.2927
Iran (Islamic Republic of),Manure applied to Soils,Emissions (N2O),kilotonnes,5.1963,5.3174,5.4468,5.7307,6.5519,6.7164,6.8056,6.8626,6.868,7.5064,7.5253,7.5127,7.608,7.5792,6.6328,7.1484,7.2724,7.0511,7.1976,7.3383,7.6873
Iran (Islamic Republic of),Manure applied to Soils,Emissions (CO2eq) from N2O (AR5),kilotonnes,1377.0132,1409.1079,1443.4001,1518.6344,1736.2644,1779.8559,1803.4868,1818.5901,1820.0301,1989.205,1994.1967,1990.8551,2016.1326,2008.4997,1757.7033,1894.313,1927.1864,1868.5299,1907.3529,1944.6388,2037.1423
Iran (Islamic Republic of),Manure applied to Soils,Emissions (CO2eq) (AR5),kilotonnes,1377.0132,1409.1079,1443.4001,1518.6344,1736.2644,1779.8559,1803.4868,1818.5901,1820.0301,1989.205,1994.1967,1990.8551,2016.1326,2008.4997,1757.7033,1894.313,1927.1864,1868.5299,1907.3529,1944.6388,2037.1423
Iran (Islamic Republic of),Synthetic Fertilizers,Direct emissions (N2O),kilotonnes,13.5547,13.5788,14.8833,15.6872,16.3966,17.1195,21.303,17.5496,18.7561,16.2475,14.8297,8.7844,10.5338,9.8376,11.0237,8.8637,8.8772,9.4694,11.4663,12.8035,14.1929
Iran (Islamic Republic of),Synthetic Fertilizers,Indirect emissions (N2O),kilotonnes,4.4053,4.4131,4.8371,5.0984,5.3289,5.5638,6.9235,5.7036,6.0957,5.2804,4.8196,2.8549,3.4235,3.1972,3.5827,2.8807,2.8851,3.0776,3.7265,4.1612,4.6127
Iran (Islamic Republic of),Synthetic Fertilizers,Emissions (N2O),kilotonnes,17.96,17.992,19.7204,20.7856,21.7254,22.6834,28.2265,23.2532,24.8518,21.5279,19.6493,11.6393,13.9573,13.0348,14.6064,11.7444,11.7623,12.5469,15.1928,16.9647,18.8056
Iran (Islamic Republic of),Synthetic Fertilizers,Emissions (CO2eq) from N2O (AR5),kilotonnes,4759.395,4767.8702,5225.904,5508.1814,5757.2416,6011.0919,7480.0191,6162.0939,6585.7216,5704.9021,5207.07,3084.4158,3698.6765,3454.2271,3870.7052,3112.2632,3117.0014,3324.9404,4026.0943,4495.6445,4983.4839
Iran (Islamic Republic of),Synthetic Fertilizers,Emissions (CO2eq) (AR5),kilotonnes,4759.395,4767.8702,5225.904,5508.1814,5757.2416,6011.0919,7480.0191,6162.0939,6585.7216,5704.9021,5207.07,3084.4158,3698.6765,3454.2271,3870.7052,3112.2632,3117.0014,3324.9404,4026.0943,4495.6445,4983.4839
Iran (Islamic Republic of),Drained organic soils,Emissions (CO2eq) (AR5),kilotonnes,0,0,0,0,0,0,0,0,0,0,0,0,0,0,0,0,0,0,0,0,0
Iran (Islamic Republic of),Drained organic soils (CO2),Emissions (CO2),kilotonnes,0,0,0,0,0,0,0,0,0,0,0,0,0,0,0,0,0,0,0,0,0
Iran (Islamic Republic of),Drained organic soils (CO2),Emissions (CO2eq) (AR5),kilotonnes,0,0,0,0,0,0,0,0,0,0,0,0,0,0,0,0,0,0,0,0,0
Iran (Islamic Republic of),Drained organic soils (N2O),Emissions (N2O),kilotonnes,0,0,0,0,0,0,0,0,0,0,0,0,0,0,0,0,0,0,0,0,0
Iran (Islamic Republic of),Drained organic soils (N2O),Emissions (CO2eq) from N2O (AR5),kilotonnes,0,0,0,0,0,0,0,0,0,0,0,0,0,0,0,0,0,0,0,0,0
Iran (Islamic Republic of),Drained organic soils (N2O),Emissions (CO2eq) (AR5),kilotonnes,0,0,0,0,0,0,0,0,0,0,0,0,0,0,0,0,0,0,0,0,0
Iran (Islamic Republic of),On-farm energy use,Emissions (CH4),kilotonnes,0.7796,0.7004,0.6817,0.7082,0.7003,0.7528,0.8217,0.5338,0.9325,0.9837,0.9149,0.832,0.8668,0.8051,0.7345,0.7519,0.8205,0.8777,0.9096,0.9446,0.9446
Iran (Islamic Republic of),On-farm energy use,Emissions (N2O),kilotonnes,3.9156,3.78,3.5578,3.8084,3.7542,4.0087,4.4467,2.1968,4.729,4.8132,4.7579,4.0699,4.0728,4.0214,3.1641,2.8934,2.9129,2.979,3.128,3.1208,3.1208
Iran (Islamic Republic of),On-farm energy use,Emissions (CO2),kilotonnes,11806.9849,11181.5735,10687.4157,11307.8563,11136.0612,12046.4602,13236.0926,7571.6877,14137.9903,14722.2743,14829.7314,13303.9956,13649.9067,12790.9568,11229.4621,11166.6675,11961.3181,12658.1571,13166.3092,13553.6786,13553.6786
Iran (Islamic Republic of),On-farm energy use,Emissions (CO2eq) from CH4 (AR5),kilotonnes,21.8295,19.6118,19.0876,19.8292,19.6085,21.0792,23.0071,14.9462,26.1112,27.5444,25.6176,23.2967,24.2702,22.5441,20.5667,21.0523,22.9751,24.5745,25.4674,26.4476,26.4476
Iran (Islamic Republic of),On-farm energy use,Emissions (CO2eq) from N2O (AR5),kilotonnes,1037.6212,1001.7055,942.8129,1009.2136,994.858,1062.3161,1178.3741,582.1483,1253.1792,1275.4919,1260.845,1078.5246,1079.2842,1065.6629,838.4946,766.7589,771.9207,789.4305,828.9186,827.0034,827.0034
Iran (Islamic Republic of),On-farm energy use,Emissions (CO2eq) (AR5),kilotonnes,12866.4356,12202.8909,11649.3162,12336.8992,12150.5277,13129.8554,14437.4738,8168.7821,15417.2807,16025.3105,16116.1941,14405.8169,14753.4611,13879.1638,12088.5235,11954.4787,12756.214,13472.1621,14020.6952,14407.1295,14407.1295
Iran (Islamic Republic of),Forestland,Emissions (CO2),kilotonnes,-20414.6859,-44269.7249,-44269.7249,-44269.7249,-44269.7249,-44269.7249,-44269.7249,-44269.7249,-44269.7249,-44269.7249,-44269.7249,0,0,0,0,0,55.6754,55.6754,55.6754,55.6754,55.6754
Iran (Islamic Republic of),Forestland,Emissions (CO2eq) (AR5),kilotonnes,-20414.6859,-44269.7249,-44269.7249,-44269.7249,-44269.7249,-44269.7249,-44269.7249,-44269.7249,-44269.7249,-44269.7249,-44269.7249,0,0,0,0,0,55.6754,55.6754,55.6754,55.6754,55.6754
Iran (Islamic Republic of),Net Forest conversion,Emissions (CO2),kilotonnes,0,0,0,0,0,0,0,0,0,0,0,0,0,0,0,0,0,0,0,0,0
Iran (Islamic Republic of),Net Forest conversion,Emissions (CO2eq) (AR5),kilotonnes,0,0,0,0,0,0,0,0,0,0,0,0,0,0,0,0,0,0,0,0,0
Iran (Islamic Republic of),Savanna fires,Emissions (CH4),kilotonnes,0.8938,0.3017,1.4495,0.9824,1.1116,1.0822,1.0899,1.6743,0.6324,0.5636,2.6549,1.7724,0.2273,0.8279,1.4558,0.8019,1.6258,0.9989,0.7169,2.2181,3.2427
Iran (Islamic Republic of),Savanna fires,Emissions (N2O),kilotonnes,0.0816,0.0275,0.1323,0.0897,0.1015,0.0988,0.0995,0.1529,0.0577,0.0515,0.2424,0.1618,0.0208,0.0756,0.1329,0.0732,0.1484,0.0912,0.0655,0.2025,0.2961
Iran (Islamic Republic of),Savanna fires,Emissions (CO2eq) from CH4 (AR5),kilotonnes,25.0251,8.4466,40.5852,27.5072,31.1245,30.3006,30.5182,46.8791,17.7064,15.7797,74.3375,49.6277,6.3637,23.182,40.7619,22.4538,45.5216,27.9681,20.0727,62.1061,90.7959
Iran (Islamic Republic of),Savanna fires,Emissions (CO2eq) from N2O (AR5),kilotonnes,21.6248,7.2989,35.0709,23.7698,26.8956,26.1837,26.3717,40.5097,15.3006,13.6358,64.2373,42.8848,5.499,20.0323,35.2236,19.403,39.3366,24.1681,17.3454,53.6678,78.4595
Iran (Islamic Republic of),Savanna fires,Emissions (CO2eq) (AR5),kilotonnes,46.6499,15.7455,75.6561,51.2769,58.0202,56.4843,56.8898,87.3888,33.007,29.4155,138.5747,92.5125,11.8627,43.2143,75.9856,41.8568,84.8582,52.1362,37.4182,115.7739,169.2554
Iran (Islamic Republic of),Fires in organic soils,Emissions (CH4),kilotonnes,0,0,0,0,0,0,0,0,0,0,0,0,0,0,0,0,0,0,0,0,0
Iran (Islamic Republic of),Fires in organic soils,Emissions (CO2),kilotonnes,0,0,0,0,0,0,0,0,0,0,0,0,0,0,0,0,0,0,0,0,0
Iran (Islamic Republic of),Fires in organic soils,Emissions (CO2eq) from CH4 (AR5),kilotonnes,0,0,0,0,0,0,0,0,0,0,0,0,0,0,0,0,0,0,0,0,0
Iran (Islamic Republic of),Fires in organic soils,Emissions (CO2eq) (AR5),kilotonnes,0,0,0,0,0,0,0,0,0,0,0,0,0,0,0,0,0,0,0,0,0
Iran (Islamic Republic of),Forest fires,Emissions (CH4),kilotonnes,0.2407,0.01,0,0,0,0.0249,0,0.0249,0.01,0,1.1127,0.0299,0.0423,0.0075,0,0,0.0124,0.1344,0.0423,0.0075,0.0448
Iran (Islamic Republic of),Forest fires,Emissions (N2O),kilotonnes,0.0133,0.0009,0,0,0,0.0023,0,0.0023,0.0009,0,0.1016,0.0027,0.0039,0.0007,0,0,0.0011,0.0123,0.0039,0.0007,0.0041
Iran (Islamic Republic of),Forest fires,Emissions (CO2eq) from CH4 (AR5),kilotonnes,6.7402,0.2788,0,0,0,0.6969,0,0.697,0.2788,0,31.1563,0.8364,1.185,0.2091,0,0,0.3485,3.764,1.1852,0.2091,1.255
Iran (Islamic Republic of),Forest fires,Emissions (CO2eq) from N2O (AR5),kilotonnes,3.529,0.2409,0,0,0,0.6022,0,0.6023,0.2409,0,26.9231,0.7228,1.024,0.1807,0,0,0.3012,3.2526,1.0242,0.1807,1.0845
Iran (Islamic Republic of),Forest fires,Emissions (CO2eq) (AR5),kilotonnes,10.2692,0.5197,0,0,0,1.2991,0,1.2993,0.5197,0,58.0795,1.5592,2.2089,0.3898,0,0,0.6497,7.0167,2.2094,0.3898,2.3396
Iran (Islamic Republic of),Fires in humid tropical forests,Emissions (CH4),kilotonnes,0,0,0,0,0,0,0,0,0,0,0,0,0,0,0,0,0,0,0,0,0
Iran (Islamic Republic of),Fires in humid tropical forests,Emissions (N2O),kilotonnes,0,0,0,0,0,0,0,0,0,0,0,0,0,0,0,0,0,0,0,0,0
Iran (Islamic Republic of),Fires in humid tropical forests,Emissions (CO2eq) from CH4 (AR5),kilotonnes,0,0,0,0,0,0,0,0,0,0,0,0,0,0,0,0,0,0,0,0,0
Iran (Islamic Republic of),Fires in humid tropical forests,Emissions (CO2eq) from N2O (AR5),kilotonnes,0,0,0,0,0,0,0,0,0,0,0,0,0,0,0,0,0,0,0,0,0
Iran (Islamic Republic of),Fires in humid tropical forests,Emissions (CO2eq) (AR5),kilotonnes,0,0,0,0,0,0,0,0,0,0,0,0,0,0,0,0,0,0,0,0,0
Iran (Islamic Republic of),Waste - agri-food systems,Emissions (CH4),kilotonnes,444.4623,453.0486,457.5533,461.6898,464.7846,472.163,504.6011,501.8099,517.4049,500.9146,512.8344,591.1129,591.9837,592.0014,591.704,589.5388,588.6969,587.6163,585.7231,583.4851,580.7169
Iran (Islamic Republic of),Waste - agri-food systems,Emissions (N2O),kilotonnes,2.0249,2.0257,1.9322,1.8828,1.8359,1.8808,2.2425,2.1885,2.305,2.0313,2.1465,3.2904,3.2061,3.1497,3.0345,2.9399,2.8892,2.8331,2.7505,2.6675,2.5836
Iran (Islamic Republic of),Waste - agri-food systems,Emissions (CO2),kilotonnes,11.7656,11.8334,11.8397,11.9217,12.0204,12.1015,12.1765,12.3029,12.3789,12.3834,12.4557,12.5722,12.5853,12.4614,12.4299,12.3742,12.4275,12.4556,12.2772,12.2182,12.1118
Iran (Islamic Republic of),Waste - agri-food systems,Emissions (CO2eq) from CH4 (AR5),kilotonnes,12444.9437,12685.3597,12811.4933,12927.3133,13013.97,13220.5638,14128.8311,14050.6763,14487.3365,14025.6091,14359.3633,16551.1615,16575.5444,16576.0385,16567.7134,16507.0856,16483.5123,16453.2559,16400.2454,16337.5815,16260.0722
Iran (Islamic Republic of),Waste - agri-food systems,Emissions (CO2eq) from N2O (AR5),kilotonnes,536.6116,536.7992,512.0231,498.9402,486.508,498.3991,594.2586,579.9574,610.8315,538.2823,568.8122,871.9483,849.607,834.6588,804.1399,779.0806,765.6297,750.779,728.8765,706.8843,684.6458
Iran (Islamic Republic of),Waste - agri-food systems,Emissions (CO2eq) (AR5),kilotonnes,12993.3209,13233.9924,13335.3561,13438.1752,13512.4984,13731.0644,14735.2662,14642.9365,15110.5469,14576.2748,14940.6312,17435.682,17437.7367,17423.1586,17384.2832,17298.5404,17261.5695,17216.4904,17141.3991,17056.6839,16956.8298
Iran (Islamic Republic of),Fertilizers Manufacturing,Emissions (N2O),kilotonnes,0.5228,0.5074,0.6579,0.4463,0.4238,0.304,0.6647,0.4881,0.4278,0.2723,0.0796,0.0261,0.0366,0.4739,0.4284,0.3879,0.255,0.2066,0.1857,0.1649,0.1649
Iran (Islamic Republic of),Fertilizers Manufacturing,Emissions (CO2),kilotonnes,867.5931,1024.3408,1559.1195,1929.5716,1888.7241,1862.9617,1806.7838,1651.4383,1992.4238,2002.8733,1513.012,1137.5866,1205.3574,3250.6748,3529.5583,3379.479,4232.9438,3301.3973,3381.4759,3445.8956,3533.1335
Iran (Islamic Republic of),Fertilizers Manufacturing,Emissions (CO2eq) from N2O (AR5),kilotonnes,138.542,134.461,174.3435,118.2695,112.307,80.56,176.1455,129.3465,113.367,72.1595,21.094,6.9165,9.699,125.5835,113.526,102.7935,67.575,54.749,49.2105,43.6985,43.6985
Iran (Islamic Republic of),Fertilizers Manufacturing,Emissions (CO2eq) (AR5),kilotonnes,1006.1351,1158.8018,1733.463,2047.8411,2001.0311,1943.5217,1982.9293,1780.7848,2105.7908,2075.0328,1534.106,1144.5031,1215.0564,3376.2583,3643.0843,3482.2725,4300.5188,3356.1463,3430.6864,3489.5941,3576.832
Iran (Islamic Republic of),On-farm electricity use,Emissions (CH4),kilotonnes,10.9783,13.2966,14.9237,16.7897,18.586,19.7619,21.1983,21.2031,25.4134,25.685,29.0253,36.0228,37.9742,39.7219,42.2238,43.3049,43.4646,47.2527,45.6376,46.3203,46.3203
Iran (Islamic Republic of),On-farm electricity use,Emissions (N2O),kilotonnes,0.0586,0.071,0.0797,0.0897,0.0992,0.1055,0.1132,0.1132,0.1357,0.1372,0.155,0.1924,0.2028,0.2122,0.2256,0.2314,0.2322,0.2524,0.2438,0.2474,0.2474
Iran (Islamic Republic of),On-farm electricity use,Emissions (CO2),kilotonnes,5248.9597,6457.589,7031.3686,7405.6032,8390.3944,8910.9197,9706.3116,9656.4748,12317.3117,12376.8055,13657.3521,17316.2224,17996.7569,18464.486,19627.4758,20130.0436,20204.2295,21965.1691,21214.3851,21531.767,21531.767
Iran (Islamic Republic of),On-farm electricity use,Emissions (CO2eq) from CH4 (AR5),kilotonnes,307.3924,372.3048,417.8636,470.1116,520.408,553.3332,593.5524,593.6868,711.5752,719.18,812.7084,1008.6384,1063.2776,1112.2132,1182.2664,1212.5372,1217.0088,1323.0756,1277.8528,1296.9684,1296.9684
Iran (Islamic Republic of),On-farm electricity use,Emissions (CO2eq) from N2O (AR5),kilotonnes,15.529,18.815,21.1205,23.7705,26.288,27.9575,29.998,29.998,35.9605,36.358,41.075,50.986,53.742,56.233,59.784,61.321,61.533,66.886,64.607,65.561,65.561
Iran (Islamic Republic of),On-farm electricity use,Emissions (CO2eq) (AR5),kilotonnes,5571.8811,6848.7088,7470.3527,7899.4853,8937.0904,9492.2104,10329.862,10280.1596,13064.8474,13132.3435,14511.1355,18375.8468,19113.7765,19632.9322,20869.5262,21403.9018,21482.7713,23355.1307,22556.8449,22894.2964,22894.2964
Iran (Islamic Republic of),Food Processing,Emissions (CH4),kilotonnes,260.9324,245.1984,264.4857,341.6395,328.164,364.8997,401.7505,289.411,298.2222,337.6625,346.9356,325.7982,275.9779,24.1465,28.2604,30.0283,36.4775,39.2054,42.9157,35.8031,36.5887
Iran (Islamic Republic of),Food Processing,Emissions (N2O),kilotonnes,0.0455,0.0448,0.0433,0.0484,0.048,0.0507,0.0534,0.081,0.1054,0.1075,0.1024,0.0832,0.0766,0.0126,0.0131,0.0134,0.0128,0.0132,0.0132,0.0125,0.0125
Iran (Islamic Republic of),Food Processing,Emissions (CO2),kilotonnes,5017.6676,5345.1068,5359.6839,5659.1413,6023.8091,6442.2058,6509.1157,11007.9353,12011.0461,11766.6821,9936.5455,10825.8392,11507.6729,4803.8274,5174.8653,5162.0213,5266.3643,5472.5163,5503.6543,5667.9421,5811.4343
Iran (Islamic Republic of),Food Processing,Emissions (CO2eq) from CH4 (AR5),kilotonnes,7306.1072,6865.5552,7405.5996,9565.906,9188.592,10217.1916,11249.014,8103.508,8350.2216,9454.55,9714.1968,9122.3496,7727.3812,676.102,791.2912,840.7924,1021.37,1097.7512,1201.6396,1002.4868,1024.4849
Iran (Islamic Republic of),Food Processing,Emissions (CO2eq) from N2O (AR5),kilotonnes,12.0575,11.872,11.4745,12.826,12.72,13.4355,14.151,21.465,27.931,28.4875,27.136,22.048,20.299,3.339,3.4715,3.551,3.392,3.498,3.498,3.3125,3.3125
Iran (Islamic Republic of),Food Processing,Emissions (CO2eq) (AR5),kilotonnes,12335.8323,12222.534,12776.758,15237.8733,15225.1211,16672.8329,17772.2807,19132.9083,20389.1987,21249.7196,19677.8783,19970.2368,19255.3531,5483.2684,5969.628,6006.3647,6291.1263,6573.7655,6708.7919,6673.7414,6839.2317
Iran (Islamic Republic of),Food Packaging,Emissions (CH4),kilotonnes,0.0424,0.0409,0.0405,0.0496,0.0496,0.0521,0.0538,0.059,0.0587,0.061,0.0647,0.0672,0.0659,0.9077,1.115,1.0295,1.1834,0.1064,0.1155,0.5343,0.546
Iran (Islamic Republic of),Food Packaging,Emissions (N2O),kilotonnes,0.0029,0.003,0.0028,0.0032,0.0032,0.0032,0.0032,0.0039,0.0038,0.004,0.0042,0.0043,0.0043,0.0049,0.0048,0.0047,0.0047,0.0045,0.0046,0.0053,0.0053
Iran (Islamic Republic of),Food Packaging,Emissions (CO2),kilotonnes,540.784,560.6222,531.8698,618.8905,655.121,660.6029,643.7957,1008.0086,961.6321,1040.4798,1163.1665,1281.6382,1294.1033,1492.258,1457.9817,1498.867,1497.8418,1392.8334,1418.7775,1591.1902,1631.4735
Iran (Islamic Republic of),Food Packaging,Emissions (CO2eq) from CH4 (AR5),kilotonnes,1.1872,1.1452,1.134,1.3888,1.3888,1.4588,1.5064,1.652,1.6436,1.708,1.8116,1.8816,1.8452,25.4156,31.22,28.826,33.1352,2.9792,3.234,14.9604,15.2887
Iran (Islamic Republic of),Food Packaging,Emissions (CO2eq) from N2O (AR5),kilotonnes,0.7685,0.795,0.742,0.848,0.848,0.848,0.848,1.0335,1.007,1.06,1.113,1.1395,1.1395,1.2985,1.272,1.2455,1.2455,1.1925,1.219,1.4045,1.4045
Iran (Islamic Republic of),Food Packaging,Emissions (CO2eq) (AR5),kilotonnes,542.7397,562.5624,533.7458,621.1273,657.3578,662.9097,646.1501,1010.6941,964.2827,1043.2478,1166.0911,1284.6593,1297.088,1518.9721,1490.4737,1528.9385,1532.2225,1397.0051,1423.2305,1607.5551,1648.1667
Iran (Islamic Republic of),Food Retail,Emissions (CH4),kilotonnes,0.6146,0.6716,0.7578,0.7561,0.8335,0.7025,0.7765,4.7353,4.9485,5.1948,5.3779,4.6439,4.797,4.923,5.5419,6.1275,6.3807,6.7587,6.694,6.6578,6.8039
Iran (Islamic Republic of),Food Retail,Emissions (N2O),kilotonnes,0.0089,0.0093,0.0097,0.0093,0.0092,0.0098,0.0129,0.0454,0.0405,0.0388,0.0391,0.0323,0.033,0.0337,0.037,0.0415,0.0414,0.042,0.0418,0.046,0.046
Iran (Islamic Republic of),Food Retail,Emissions (CO2),kilotonnes,1020.9553,1060.8124,1086.8061,1016.9336,984.6113,1092.1328,2566.9472,5898.2733,5359.0997,5161.9642,5158.0663,4605.6497,4522.6573,4653.3167,4984.6554,5500.1318,5586.5012,5520.2662,5548.8097,6202.1127,6359.1282
Iran (Islamic Republic of),Food Retail,Emissions (CO2eq) from CH4 (AR5),kilotonnes,17.2088,18.8048,21.2184,21.1708,23.338,19.67,21.742,132.5884,138.558,145.4544,150.5812,130.0292,134.316,137.844,155.1732,171.57,178.6596,189.2436,187.432,186.4184,190.5091
Iran (Islamic Republic of),Food Retail,Emissions (CO2eq) from N2O (AR5),kilotonnes,2.3585,2.4645,2.5705,2.4645,2.438,2.597,3.4185,12.031,10.7325,10.282,10.3615,8.5595,8.745,8.9305,9.805,10.9975,10.971,11.13,11.077,12.19,12.19
Iran (Islamic Republic of),Food Retail,Emissions (CO2eq) (AR5),kilotonnes,1040.5226,1082.0817,1110.595,1040.5689,1010.3873,1114.3998,2592.1077,6042.8927,5508.3902,5317.7006,5319.009,4744.2384,4665.7183,4800.0912,5149.6336,5682.6993,5776.1318,5720.6398,5747.3187,6400.7211,6561.8273
Iran (Islamic Republic of),Food Household Consumption,Emissions (CH4),kilotonnes,19.4213,20.2103,21.589,23.1399,24.6996,26.5854,29.0189,30.7445,31.4345,33.0544,35.4558,33.5488,35.4799,37.3779,40.8593,43.4305,44.9028,47.1866,48.143,48.143,49.1994
Iran (Islamic Republic of),Food Household Consumption,Emissions (N2O),kilotonnes,0.2155,0.2173,0.2295,0.232,0.2418,0.249,0.2659,0.2839,0.2749,0.2866,0.2844,0.2749,0.2761,0.2902,0.3065,0.319,0.3297,0.3362,0.3419,0.3419,0.3419
Iran (Islamic Republic of),Food Household Consumption,Emissions (CO2),kilotonnes,39200.994,40092.6339,43994.4914,44863.6993,48859.0225,51009.1051,56848.4427,60951.1853,58461.4711,61609.3184,60392.3713,62183.0193,58879.5623,63417.9973,65555.4844,67504.7536,71698.5723,69949.7452,71468.659,71468.659,73277.9921
Iran (Islamic Republic of),Food Household Consumption,Emissions (CO2eq) from CH4 (AR5),kilotonnes,543.7964,565.8884,604.492,647.9172,691.5888,744.3912,812.5292,860.846,880.166,925.5232,992.7624,939.3664,993.4372,1046.5812,1144.0604,1216.054,1257.2784,1321.2248,1348.004,1348.004,1377.584
Iran (Islamic Republic of),Food Household Consumption,Emissions (CO2eq) from N2O (AR5),kilotonnes,57.1075,57.5845,60.8175,61.48,64.077,65.985,70.4635,75.2335,72.8485,75.949,75.366,72.8485,73.1665,76.903,81.2225,84.535,87.3705,89.093,90.6035,90.6035,90.6035
Iran (Islamic Republic of),Food Household Consumption,Emissions (CO2eq) (AR5),kilotonnes,39801.8979,40716.1068,44659.8009,45573.0965,49614.6883,51819.4813,57731.4354,61887.2648,59414.4856,62610.7906,61460.4997,63195.2342,59946.166,64541.4815,66780.7673,68805.3426,73043.2212,71360.063,72907.2665,72907.2665,74746.1797
Iran (Islamic Republic of),Food Transport,Emissions (CH4),kilotonnes,2.255,2.343,2.475,2.607,2.706,2.893,3.223,3.168,3.498,4.081,4.598,4.719,5.104,5.181,5.368,5.511,5.731,5.951,6.094,6.0437,6.1763
Iran (Islamic Republic of),Food Transport,Emissions (N2O),kilotonnes,0.1683,0.1837,0.2057,0.2277,0.2508,0.2816,0.3058,0.2959,0.3113,0.3245,0.341,0.341,0.363,0.3729,0.3817,0.3773,0.3905,0.4092,0.4213,0.4382,0.4382
Iran (Islamic Republic of),Food Transport,Emissions (CO2),kilotonnes,7997,8481,9207,9757,10362,11220,11990,11770,12320,12540,12760,12540,13310,13640,13860,13310,13750,14410,14850,15822.4975,16223.0671
Iran (Islamic Republic of),Food Transport,Emissions (CO2eq) from CH4 (AR5),kilotonnes,63.14,65.604,69.3,72.996,75.768,81.004,90.244,88.704,97.944,114.268,128.744,132.132,142.912,145.068,150.304,154.308,160.468,166.628,170.632,169.2236,172.937
Iran (Islamic Republic of),Food Transport,Emissions (CO2eq) from N2O (AR5),kilotonnes,44.5995,48.6805,54.5105,60.3405,66.462,74.624,81.037,78.4135,82.4945,85.9925,90.365,90.365,96.195,98.8185,101.1505,99.9845,103.4825,108.438,111.6445,116.123,116.123
Iran (Islamic Republic of),Food Transport,Emissions (CO2eq) (AR5),kilotonnes,8104.7395,8595.2845,9330.8105,9890.3365,10504.23,11375.628,12161.281,11937.1175,12500.4385,12740.2605,12979.109,12762.497,13549.107,13883.8865,14111.4545,13564.2925,14013.9505,14685.066,15132.2765,16107.8441,16512.127
Iran (Islamic Republic of),Energy,Emissions (CH4),kilotonnes,3680,3410,3490,4380,4360,4670,4950,4790,4860,4990,5180,5240,4800,4810,5120,5240,6210,6690,7050,6380,6520
Iran (Islamic Republic of),Energy,Emissions (N2O),kilotonnes,6.79,6.8,6.73,7.28,7.47,8.05,8.76,8.75,9.11,9.36,9.35,8.69,8.86,9,8.69,8.35,8,8.34,8.57,8.67,8.67
Iran (Islamic Republic of),Energy,Emissions (CO2),kilotonnes,359000,386000,388000,404000,432000,454000,493000,500000,520000,531000,544000,556000,577000,575000,611000,612000,620000,668000,694000,711000,729000
Iran (Islamic Republic of),Energy,Emissions (CO2eq) from CH4 (AR5),kilotonnes,103040,95480,97720,122640,122080,130760,138600,134120,136080,139720,145040,146720,134400,134680,143360,146720,173880,187320,197400,178640,182560
Iran (Islamic Republic of),Energy,Emissions (CO2eq) from N2O (AR5),kilotonnes,1799.35,1802,1783.45,1929.2,1979.55,2133.25,2321.4,2318.75,2414.15,2480.4,2477.75,2302.85,2347.9,2385,2302.85,2212.75,2120,2210.1,2271.05,2297.55,2297.55
Iran (Islamic Republic of),Energy,Emissions (CO2eq) (AR5),kilotonnes,463839.35,483282,487503.45,528569.2,556059.55,586893.25,633921.4,636438.75,658494.15,673200.4,691517.75,705022.85,713747.9,712065,756662.85,760932.75,796000,857530.1,893671.05,891937.55,913857.55
Iran (Islamic Republic of),IPPU,Emissions (CH4),kilotonnes,1.77,2.27,2.51,2.43,3.37,4.76,11.1,9.7,10.2,11,13.4,13.4,10.9,10.4,12.9,12.4,14.5,14.1,15.3,16.1,16.7
Iran (Islamic Republic of),IPPU,Emissions (N2O),kilotonnes,11.6,11.9,12.1,12.3,49,38.6,33.7,51.1,25.8,13.7,14,14.2,14.3,14.4,14.7,14.8,14.9,15,15.2,12.4,12.6
Iran (Islamic Republic of),IPPU,Emissions (CO2),kilotonnes,14900,15900,16600,16800,18300,19700,24600,26600,31400,35400,44300,45300,43700,44400,44600,42700,43100,43200,44000,48600,52700
Iran (Islamic Republic of),IPPU,Emissions (CO2eq) from F-gases (AR5),kilotonnes,1943.5092,1894.9214,2001.8144,1924.0741,1642.2652,1720.0056,1710.2881,1749.1582,1788.0284,1574.2424,1622.8302,1603.3951,1574.2424,1535.3722,1506.2196,1477.067,1447.9143,1418.7617,1389.6091,1360.4564,1331.3038
Iran (Islamic Republic of),IPPU,Emissions (CO2eq) from CH4 (AR5),kilotonnes,49.56,63.56,70.28,68.04,94.36,133.28,310.8,271.6,285.6,308,375.2,375.2,305.2,291.2,361.2,347.2,406,394.8,428.4,450.8,467.6
Iran (Islamic Republic of),IPPU,Emissions (CO2eq) from N2O (AR5),kilotonnes,3074,3153.5,3206.5,3259.5,12985,10229,8930.5,13541.5,6837,3630.5,3710,3763,3789.5,3816,3895.5,3922,3948.5,3975,4028,3286,3339
Iran (Islamic Republic of),IPPU,Emissions (CO2eq) (AR5),kilotonnes,19967.0692,21011.9814,21878.5944,22051.6141,33021.6252,31782.2856,35551.5881,42162.2582,40310.6284,40912.7424,50008.0302,51041.5951,49368.9424,50042.5722,50362.9196,48446.267,48902.4143,48988.5617,49846.0091,53697.2564,57837.9038
Iran (Islamic Republic of),Waste,Emissions (CH4),kilotonnes,467,477,503,513,525,543,587,597,625,633,657,671,663,672,695,705,724,742,749,772,786
Iran (Islamic Republic of),Waste,Emissions (N2O),kilotonnes,3.41,3.46,3.51,3.55,3.6,3.69,3.74,3.81,3.8,3.87,3.95,4.08,4.15,4.22,4.26,4.29,4.32,4.41,4.49,4.55,4.61
Iran (Islamic Republic of),Waste,Emissions (CO2eq) from CH4 (AR5),kilotonnes,13076,13356,14084,14364,14700,15204,16436,16716,17500,17724,18396,18788,18564,18816,19460,19740,20272,20776,20972,21616,22008
Iran (Islamic Republic of),Waste,Emissions (CO2eq) from N2O (AR5),kilotonnes,903.65,916.9,930.15,940.75,954,977.85,991.1,1009.65,1007,1025.55,1046.75,1081.2,1099.75,1118.3,1128.9,1136.85,1144.8,1168.65,1189.85,1205.75,1221.65
Iran (Islamic Republic of),Waste,Emissions (CO2eq) (AR5),kilotonnes,13979.65,14272.9,15014.15,15304.75,15654,16181.85,17427.1,17725.65,18507,18749.55,19442.75,19869.2,19663.75,19934.3,20588.9,20876.85,21416.8,21944.65,22161.85,22821.75,23229.65
Iran (Islamic Republic of),Other,Emissions (N2O),kilotonnes,6.01,6.44,6.96,7.45,8.17,8.96,9.66,9.89,10.2,10.8,10.4,10.6,11,11.5,11.9,11.6,11.2,11.5,11.8,12.4,12.6
Iran (Islamic Republic of),Other,Emissions (CO2eq) from N2O (AR5),kilotonnes,1592.65,1706.6,1844.4,1974.25,2165.05,2374.4,2559.9,2620.85,2703,2862,2756,2809,2915,3047.5,3153.5,3074,2968,3047.5,3127,3286,3339
Iran (Islamic Republic of),Other,Emissions (CO2eq) (AR5),kilotonnes,1592.65,1706.6,1844.4,1974.25,2165.05,2374.4,2559.9,2620.85,2703,2862,2756,2809,2915,3047.5,3153.5,3074,2968,3047.5,3127,3286,3339
Iran (Islamic Republic of),Farm-gate emissions,Emissions (CH4),kilotonnes,932.0552,922.2488,904.4555,910.493,921.5916,935.4309,940.4304,942.4986,840.4246,854.4625,865.087,832.7618,841.2723,836.1114,640.9308,680.0336,718.3201,641.6522,672.6526,680.6259,715.8766
Iran (Islamic Republic of),Farm-gate emissions,Direct emissions (N2O),kilotonnes,39.9922,40.5053,42.6424,44.2212,46.7812,47.8911,52.3373,49.0109,46.7128,46.4472,45.2428,37.9212,39.9146,39.0664,36.7009,35.9557,36.9628,35.9496,38.4377,40.8779,43.6927
Iran (Islamic Republic of),Farm-gate emissions,Indirect emissions (N2O),kilotonnes,14.0049,14.1401,14.6892,15.1747,15.9318,16.2796,17.7122,16.5952,15.9727,15.652,15.2128,12.9246,13.5357,13.2283,12.2416,12.1451,12.363,12.0326,12.7969,13.5212,14.5791
Iran (Islamic Republic of),Farm-gate emissions,Emissions (N2O),kilotonnes,59.8419,60.3695,63.0097,65.3908,68.9597,70.7343,77.0812,70.4695,69.9464,69.684,68.1822,57.8196,60.3295,59.1653,54.6892,53.6956,55.0651,53.654,57.0759,60.4661,64.5394
Iran (Islamic Republic of),Farm-gate emissions,Emissions (CO2),kilotonnes,11806.9849,11181.5735,10687.4157,11307.8563,11136.0612,12046.4602,13236.0926,7571.6877,14137.9903,14722.2743,14829.7314,13303.9956,13649.9067,12790.9568,11229.4621,11166.6675,11961.3181,12658.1571,13166.3092,13553.6786,13553.6786
Iran (Islamic Republic of),Farm-gate emissions,Emissions (CO2eq) from CH4 (AR5),kilotonnes,26097.5457,25822.9664,25324.7528,25493.8051,25804.5637,26192.0639,26332.0511,26389.9604,23531.8876,23924.9495,24222.4365,23317.3302,23555.623,23411.1181,17946.0626,19040.9416,20112.9625,17966.2616,18834.272,19057.5263,20044.5451
Iran (Islamic Republic of),Farm-gate emissions,Emissions (CO2eq) from N2O (AR5),kilotonnes,15858.1117,15997.9207,16697.5786,17328.568,18274.3105,18744.578,20426.5082,18674.4147,18535.8025,18466.2521,18068.2946,15322.1981,15987.3071,15678.7973,14492.6412,14229.3261,14592.2579,14218.3132,15125.1242,16023.5085,17102.9323
Iran (Islamic Republic of),Farm-gate emissions,Emissions (CO2eq) (AR5),kilotonnes,53762.6422,53002.4606,52709.7471,54130.2295,55214.9354,56983.1021,59994.6519,52636.0628,56205.6804,57113.4759,57120.4625,51943.5239,53192.8369,51880.8723,43668.1659,44436.9352,46666.5385,44842.7319,47125.7053,48634.7134,50701.156
Iran (Islamic Republic of),Land Use change,Emissions (CH4),kilotonnes,0,0,0,0,0,0,0,0,0,0,0,0,0,0,0,0,0,0,0,0,0
Iran (Islamic Republic of),Land Use change,Emissions (N2O),kilotonnes,0,0,0,0,0,0,0,0,0,0,0,0,0,0,0,0,0,0,0,0,0
Iran (Islamic Republic of),Land Use change,Emissions (CO2),kilotonnes,0,0,0,0,0,0,0,0,0,0,0,0,0,0,0,0,0,0,0,0,0
Iran (Islamic Republic of),Land Use change,Emissions (CO2eq) from CH4 (AR5),kilotonnes,0,0,0,0,0,0,0,0,0,0,0,0,0,0,0,0,0,0,0,0,0
Iran (Islamic Republic of),Land Use change,Emissions (CO2eq) from N2O (AR5),kilotonnes,0,0,0,0,0,0,0,0,0,0,0,0,0,0,0,0,0,0,0,0,0
Iran (Islamic Republic of),Land Use change,Emissions (CO2eq) (AR5),kilotonnes,0,0,0,0,0,0,0,0,0,0,0,0,0,0,0,0,0,0,0,0,0
Iran (Islamic Republic of),Emissions on agricultural land,Emissions (CH4),kilotonnes,932.0552,922.2488,904.4555,910.493,921.5916,935.4309,940.4304,942.4986,840.4246,854.4625,865.087,832.7618,841.2723,836.1114,640.9308,680.0336,718.3201,641.6522,672.6526,680.6259,715.8766
Iran (Islamic Republic of),Emissions on agricultural land,Emissions (N2O),kilotonnes,59.8419,60.3695,63.0097,65.3908,68.9597,70.7343,77.0812,70.4695,69.9464,69.684,68.1822,57.8196,60.3295,59.1653,54.6892,53.6956,55.0651,53.654,57.0759,60.4661,64.5394
Iran (Islamic Republic of),Emissions on agricultural land,Emissions (CO2),kilotonnes,11806.9849,11181.5735,10687.4157,11307.8563,11136.0612,12046.4602,13236.0926,7571.6877,14137.9903,14722.2743,14829.7314,13303.9956,13649.9067,12790.9568,11229.4621,11166.6675,11961.3181,12658.1571,13166.3092,13553.6786,13553.6786
Iran (Islamic Republic of),Emissions on agricultural land,Emissions (CO2eq) from CH4 (AR5),kilotonnes,26097.5457,25822.9664,25324.7528,25493.8051,25804.5637,26192.0639,26332.0511,26389.9604,23531.8876,23924.9495,24222.4365,23317.3302,23555.623,23411.1181,17946.0626,19040.9416,20112.9625,17966.2616,18834.272,19057.5263,20044.5451
Iran (Islamic Republic of),Emissions on agricultural land,Emissions (CO2eq) from N2O (AR5),kilotonnes,15858.1117,15997.9207,16697.5786,17328.568,18274.3105,18744.578,20426.5082,18674.4147,18535.8025,18466.2521,18068.2946,15322.1981,15987.3071,15678.7973,14492.6412,14229.3261,14592.2579,14218.3132,15125.1242,16023.5085,17102.9323
Iran (Islamic Republic of),Emissions on agricultural land,Emissions (CO2eq) (AR5),kilotonnes,53762.6422,53002.4606,52709.7471,54130.2295,55214.9354,56983.1021,59994.6519,52636.0628,56205.6804,57113.4759,57120.4625,51943.5239,53192.8369,51880.8723,43668.1659,44436.9352,46666.5385,44842.7319,47125.7053,48634.7134,50701.156
Iran (Islamic Republic of),Pre- and post- production,Emissions (CH4),kilotonnes,738.7063,734.8094,761.825,846.6716,839.8233,887.0576,960.6221,851.1308,880.9802,906.6533,934.2917,995.9128,951.3826,704.2594,715.0724,718.9705,726.8369,734.0771,735.3229,726.9873,726.3516
Iran (Islamic Republic of),Pre- and post- production,Emissions (N2O),kilotonnes,3.0474,3.0622,3.1608,2.9394,2.9119,2.8846,3.6616,3.4999,3.6044,3.2022,3.1522,4.2446,4.1985,4.5501,4.4316,4.3151,4.1555,4.0972,4.0028,3.9237,3.8398
Iran (Islamic Republic of),Pre- and post- production,Emissions (CO2),kilotonnes,59905.7193,63033.9385,68782.179,71262.7612,77175.7028,81210.0295,90083.5732,101955.6185,103435.3634,106510.5067,104592.9694,109902.5276,108728.6954,109735.0216,114202.4508,116497.6705,122248.8804,122024.3831,123398.0387,125742.2823,128380.1075
Iran (Islamic Republic of),Pre- and post- production,Emissions (CO2eq) from CH4 (AR5),kilotonnes,20683.7757,20574.6621,21331.1009,23706.8037,23515.0536,24837.6126,26897.4191,23831.6615,24667.4449,25386.2927,26160.1677,27885.5587,26638.7136,19719.2625,20022.0286,20131.1732,20351.4323,20554.1583,20589.0398,20355.6431,20337.8443
Iran (Islamic Republic of),Pre- and post- production,Emissions (CO2eq) from N2O (AR5),kilotonnes,807.5741,811.4717,837.6021,778.9392,771.648,764.4061,970.3201,927.4784,955.1725,848.5708,835.3227,1124.8113,1112.593,1205.7648,1174.3714,1143.5086,1101.1992,1085.7655,1060.736,1039.7773,1017.5388
Iran (Islamic Republic of),Pre- and post- production,Emissions (CO2eq) (AR5),kilotonnes,81397.0691,84420.0724,90950.882,95748.5041,101462.4044,106812.0482,117951.3124,126714.7583,129057.9808,132745.3702,131588.4598,138912.8976,136480.002,130660.0488,135398.8508,137772.3523,143701.5119,143664.3068,145047.8145,147137.7026,149735.4906
Iran (Islamic Republic of),Agri-food systems,Emissions (CH4),kilotonnes,1670.7615,1657.0582,1666.2805,1757.1646,1761.4149,1822.4884,1901.0525,1793.6294,1721.4047,1761.1158,1799.3787,1828.6746,1792.6549,1540.3707,1356.0033,1399.0041,1445.157,1375.7293,1407.9754,1407.6132,1442.2282
Iran (Islamic Republic of),Agri-food systems,Emissions (N2O),kilotonnes,62.8894,63.4317,66.1705,68.3302,71.8715,73.6188,80.7427,73.9694,73.5508,72.8861,71.3344,62.0642,64.5279,63.7153,59.1208,58.0107,59.2206,57.7512,61.0787,64.3898,68.3791
Iran (Islamic Republic of),Agri-food systems,Emissions (CO2),kilotonnes,71712.7042,74215.512,79469.5947,82570.6175,88311.764,93256.4897,103319.6658,109527.3062,117573.3537,121232.781,119422.7009,123206.5233,122378.6021,122525.9784,125431.9129,127664.338,134210.1985,134682.5402,136564.3478,139295.9608,141933.786
Iran (Islamic Republic of),Agri-food systems,Emissions (CO2eq) from CH4 (AR5),kilotonnes,46781.3214,46397.6286,46655.8537,49200.6089,49319.6174,51029.6765,53229.4702,50221.6218,48199.3325,49311.2423,50382.6042,51202.8889,50194.3366,43130.3806,37968.0912,39172.1147,40464.3949,38520.4198,39423.3118,39413.1693,40382.3894
Iran (Islamic Republic of),Agri-food systems,Emissions (CO2eq) from N2O (AR5),kilotonnes,16665.6858,16809.3924,17535.1807,18107.5073,19045.9584,19508.9841,21396.8283,19601.8931,19490.975,19314.8228,18903.6173,16447.0094,17099.9002,16884.5621,15667.0126,15372.8347,15693.4571,15304.0787,16185.8602,17063.2858,18120.4711
Iran (Islamic Republic of),Agri-food systems,Emissions (CO2eq) (AR5),kilotonnes,135159.7114,137422.533,143660.6291,149878.7336,156677.3398,163795.1503,177945.9643,179350.821,185263.6612,189858.8461,188708.9223,190856.4215,189672.8389,182540.9211,179067.0167,182209.2875,190368.0504,188507.0388,192173.5199,195772.4159,200436.6465
Iran (Islamic Republic of),IPCC Agriculture,Emissions (CH4),kilotonnes,931.2756,921.5484,903.7738,909.7849,920.8913,934.678,939.6087,941.9648,839.492,853.4788,864.1721,831.9298,840.4055,835.3062,640.1963,679.2818,717.4996,640.7745,671.743,679.6814,714.9321
Iran (Islamic Republic of),IPCC Agriculture,Emissions (CH4),kilotonnes,908.41,,,,,,,,,,,,,,,,,,,,
Iran (Islamic Republic of),IPCC Agriculture,Direct emissions (N2O),kilotonnes,39.9922,40.5053,42.6424,44.2212,46.7812,47.8911,52.3373,49.0109,46.7128,46.4472,45.2428,37.9212,39.9146,39.0664,36.7009,35.9557,36.9628,35.9496,38.4377,40.8779,43.6927
Iran (Islamic Republic of),IPCC Agriculture,Indirect emissions (N2O),kilotonnes,14.0049,14.1401,14.6892,15.1747,15.9318,16.2796,17.7122,16.5952,15.9727,15.652,15.2128,12.9246,13.5357,13.2283,12.2416,12.1451,12.363,12.0326,12.7969,13.5212,14.5791
Iran (Islamic Republic of),IPCC Agriculture,Emissions (N2O),kilotonnes,55.9264,56.5895,59.4519,61.5825,65.2055,66.7255,72.6345,68.2727,65.2174,64.8708,63.4243,53.7497,56.2567,55.1439,51.5251,50.8021,52.1522,50.675,53.9479,57.3453,61.4186
Iran (Islamic Republic of),IPCC Agriculture,Emissions (N2O),kilotonnes,77.15,,,,,,,,,,,,,,,,,,,,
Iran (Islamic Republic of),IPCC Agriculture,Emissions (CO2eq) from CH4 (AR5),kilotonnes,26075.7161,25803.3546,25305.6652,25473.9759,25784.9552,26170.9848,26309.044,26375.0142,23505.7763,23897.4052,24196.8188,23294.0335,23531.3529,23388.574,17925.4959,19019.8892,20089.9874,17941.6871,18808.8046,19031.0787,20018.0976
Iran (Islamic Republic of),IPCC Agriculture,Emissions (CO2eq) from CH4 (AR5),kilotonnes,25435.48,,,,,,,,,,,,,,,,,,,,
Iran (Islamic Republic of),IPCC Agriculture,Emissions (CO2eq) from N2O (AR5),kilotonnes,14820.4905,14996.2152,15754.7657,16319.3545,17279.4525,17682.2619,19248.1341,18092.2664,17282.6233,17190.7602,16807.4496,14243.6735,14908.0229,14613.1344,13654.1466,13462.5672,13820.3371,13428.8828,14296.2056,15196.5051,16275.9289
Iran (Islamic Republic of),IPCC Agriculture,Emissions (CO2eq) from N2O (AR5),kilotonnes,20444.75,,,,,,,,,,,,,,,,,,,,
Iran (Islamic Republic of),IPCC Agriculture,Emissions (CO2eq) (AR5),kilotonnes,40896.2066,40799.5698,41060.431,41793.3303,43064.4078,43853.2466,45557.1781,44467.2806,40788.3996,41088.1654,41004.2684,37537.7069,38439.3758,38001.7085,31579.6425,32482.4564,33910.3245,31370.5699,33105.0101,34227.5838,36294.0264
Iran (Islamic Republic of),IPCC Agriculture,Emissions (CO2eq) (AR5),kilotonnes,45880.23,,,,,,,,,,,,,,,,,,,,
Iran (Islamic Republic of),Agricultural Soils,Direct emissions (N2O),kilotonnes,39.9922,40.5053,42.6424,44.2212,46.7812,47.8911,52.3373,49.0109,46.7128,46.4472,45.2428,37.9212,39.9146,39.0664,36.7009,35.9557,36.9628,35.9496,38.4377,40.8779,43.6927
Iran (Islamic Republic of),Agricultural Soils,Indirect emissions (N2O),kilotonnes,14.0049,14.1401,14.6892,15.1747,15.9318,16.2796,17.7122,16.5952,15.9727,15.652,15.2128,12.9246,13.5357,13.2283,12.2416,12.1451,12.363,12.0326,12.7969,13.5212,14.5791
Iran (Islamic Republic of),Agricultural Soils,Emissions (N2O),kilotonnes,53.9971,54.6453,57.3316,59.3959,62.713,64.1707,70.0495,65.6061,62.6855,62.0991,60.4556,50.8458,53.4504,52.2947,48.9425,48.1008,49.3257,47.9821,51.2347,54.3991,58.2718
Iran (Islamic Republic of),Agricultural Soils,Emissions (N2O),kilotonnes,76.14,,,,,,,,,,,,,,,,,,,,
Iran (Islamic Republic of),Agricultural Soils,Emissions (CO2eq) from N2O (AR5),kilotonnes,14309.2261,14481.0147,15192.8782,15739.9123,16618.9547,17005.2303,18563.1174,17385.6238,16611.6521,16456.2726,16020.7248,13474.1298,14164.3461,13858.0866,12969.775,12746.6999,13071.3212,12715.2665,13577.1836,14415.7549,15442.0224
Iran (Islamic Republic of),Agricultural Soils,Emissions (CO2eq) from N2O (AR5),kilotonnes,20177.1,,,,,,,,,,,,,,,,,,,,
Iran (Islamic Republic of),Agricultural Soils,Emissions (CO2eq) (AR5),kilotonnes,14309.2261,14481.0147,15192.8782,15739.9123,16618.9547,17005.2303,18563.1174,17385.6238,16611.6521,16456.2726,16020.7248,13474.1298,14164.3461,13858.0866,12969.775,12746.6999,13071.3212,12715.2665,13577.1836,14415.7549,15442.0224
Iran (Islamic Republic of),Agricultural Soils,Emissions (CO2eq) (AR5),kilotonnes,20177.1,,,,,,,,,,,,,,,,,,,,
Iran (Islamic Republic of),LULUCF,Emissions (CH4),kilotonnes,0.2407,0.01,0,0,0,0.0249,0,0.0249,0.01,0,1.1127,0.0299,0.0423,0.0075,0,0,0.0124,0.1344,0.0423,0.0075,0.0448
Iran (Islamic Republic of),LULUCF,Emissions (CH4),kilotonnes,0.311,,,,,,,,,,,,,,,,,,,,
Iran (Islamic Republic of),LULUCF,Emissions (N2O),kilotonnes,0.0133,0.0009,0,0,0,0.0023,0,0.0023,0.0009,0,0.1016,0.0027,0.0039,0.0007,0,0,0.0011,0.0123,0.0039,0.0007,0.0041
Iran (Islamic Republic of),LULUCF,Emissions (N2O),kilotonnes,0.0022,,,,,,,,,,,,,,,,,,,,
Iran (Islamic Republic of),LULUCF,Emissions (CO2),kilotonnes,-20414.6859,-44269.7249,-44269.7249,-44269.7249,-44269.7249,-44269.7249,-44269.7249,-44269.7249,-44269.7249,-44269.7249,-44269.7249,0,0,0,0,0,55.6754,55.6754,55.6754,55.6754,55.6754
Iran (Islamic Republic of),LULUCF,Emissions (CO2),kilotonnes,9278.284,,,,,,,,,,,,,,,,,,,,
Iran (Islamic Republic of),LULUCF,Emissions (CO2eq) from CH4 (AR5),kilotonnes,6.7402,0.2788,0,0,0,0.6969,0,0.697,0.2788,0,31.1563,0.8364,1.185,0.2091,0,0,0.3485,3.764,1.1852,0.2091,1.255
Iran (Islamic Republic of),LULUCF,Emissions (CO2eq) from N2O (AR5),kilotonnes,3.529,0.2409,0,0,0,0.6022,0,0.6023,0.2409,0,26.9231,0.7228,1.024,0.1807,0,0,0.3012,3.2526,1.0242,0.1807,1.0845
Iran (Islamic Republic of),LULUCF,Emissions (CO2eq) (AR5),kilotonnes,-20404.4167,-44269.2052,-44269.7249,-44269.7249,-44269.7249,-44268.4258,-44269.7249,-44268.4257,-44269.2052,-44269.7249,-44211.6454,1.5592,2.2089,0.3898,0,0,56.3251,62.6921,57.8848,56.0652,58.015
Iran (Islamic Republic of),LULUCF,Emissions (CO2eq) (AR5),kilotonnes,9278.284,,,,,,,,,,,,,,,,,,,,
Iran (Islamic Republic of),AFOLU,Emissions (CH4),kilotonnes,931.5163,921.5583,903.7738,909.7849,920.8913,934.7029,939.6087,941.9897,839.502,853.4788,865.2848,831.9596,840.4478,835.3137,640.1963,679.2818,717.512,640.909,671.7853,679.6888,714.9769
Iran (Islamic Republic of),AFOLU,Emissions (N2O),kilotonnes,55.9397,56.5904,59.4519,61.5825,65.2055,66.7278,72.6345,68.275,65.2184,64.8708,63.5259,53.7524,56.2606,55.1446,51.5251,50.8021,52.1534,50.6873,53.9518,57.346,61.4227
Iran (Islamic Republic of),AFOLU,Emissions (CO2),kilotonnes,-20414.6859,-44269.7249,-44269.7249,-44269.7249,-44269.7249,-44269.7249,-44269.7249,-44269.7249,-44269.7249,-44269.7249,-44269.7249,0,0,0,0,0,55.6754,55.6754,55.6754,55.6754,55.6754
Iran (Islamic Republic of),AFOLU,Emissions (CO2eq) from CH4 (AR5),kilotonnes,26082.4564,25803.6334,25305.6652,25473.9759,25784.9552,26171.6817,26309.044,26375.7112,23506.0551,23897.4052,24227.9752,23294.8699,23532.5378,23388.7831,17925.4959,19019.8892,20090.3359,17945.4511,18809.9898,19031.2878,20019.3526
Iran (Islamic Republic of),AFOLU,Emissions (CO2eq) from N2O (AR5),kilotonnes,14824.0195,14996.4561,15754.7657,16319.3545,17279.4525,17682.8641,19248.1341,18092.8687,17282.8642,17190.7602,16834.3727,14244.3963,14909.0469,14613.3151,13654.1466,13462.5672,13820.6383,13432.1354,14297.2298,15196.6858,16277.0134
Iran (Islamic Republic of),AFOLU,Emissions (CO2eq) (AR5),kilotonnes,20491.7899,-3469.6355,-3209.2939,-2476.3946,-1205.3172,-415.1791,1287.4532,198.855,-3480.8055,-3181.5595,-3207.377,37539.2661,38441.5847,38002.0983,31579.6425,32482.4564,33966.6496,31433.2619,33162.8949,34283.649,36352.0414
Iran (Islamic Republic of),All sectors with LULUCF,Emissions (CH4),kilotonnes,5080.2863,4810.8283,4899.2838,5805.2149,5809.2613,6152.4629,6487.7087,6338.6897,6334.702,6487.4788,6715.6848,6756.3596,6314.3478,6327.7137,6468.0963,6636.6818,7666.012,8087.009,8486.0853,7847.7888,8037.6769
Iran (Islamic Republic of),All sectors with LULUCF,Emissions (N2O),kilotonnes,83.7497,85.1904,88.7519,92.1625,133.4455,126.0278,128.4945,141.825,114.1284,102.6008,101.2259,91.3224,94.5706,94.2646,91.0751,89.8421,90.5734,89.9373,94.0118,95.366,99.9027
Iran (Islamic Republic of),All sectors with LULUCF,Emissions (CO2),kilotonnes,353485.3141,357630.2751,360330.2751,376530.2751,406030.2751,429430.2751,473330.2751,482330.2751,507130.2751,522130.2751,544030.2751,601300,620700,619400,655600,654700,663155.6754,711255.6754,738055.6754,759655.6754,781755.6754
Iran (Islamic Republic of),All sectors with LULUCF,Emissions (CO2eq) from F-gases (AR5),kilotonnes,1943.5092,1894.9214,2001.8144,1924.0741,1642.2652,1720.0056,1710.2881,1749.1582,1788.0284,1574.2424,1622.8302,1603.3951,1574.2424,1535.3722,1506.2196,1477.067,1447.9143,1418.7617,1389.6091,1360.4564,1331.3038
Iran (Islamic Republic of),All sectors with LULUCF,Emissions (CO2eq) from CH4 (AR5),kilotonnes,142248.0164,134703.1934,137179.9452,162546.0159,162659.3152,172268.9617,181655.844,177483.3112,177371.6551,181649.4052,188039.1752,189178.0699,176801.7378,177175.9831,181106.6959,185827.0892,214648.3359,226436.2511,237610.3898,219738.0878,225054.9526
Iran (Islamic Republic of),All sectors with LULUCF,Emissions (CO2eq) from N2O (AR5),kilotonnes,22193.6695,22575.4561,23519.2657,24423.0545,35363.0525,33397.3641,34051.0341,37583.6187,30244.0142,27189.2102,26824.8727,24200.4463,25061.1969,24980.1151,24134.8966,23808.1672,24001.9383,23833.3854,24913.1298,25271.9858,26474.2134
Iran (Islamic Republic of),All sectors with LULUCF,Emissions (CO2eq) (AR5),kilotonnes,519870.5091,516803.846,523031.3005,565423.4195,605694.9081,636816.6065,690747.4412,699146.3632,716533.9729,732543.1329,760517.1531,816281.9112,824137.1771,823091.4705,862347.8121,865812.3234,903253.864,962944.0736,1001968.804,1006026.205,1034616.145
Iran (Islamic Republic of),All sectors without LULUCF,Emissions (CH4),kilotonnes,5080.0456,4810.8184,4899.2838,5805.2149,5809.2613,6152.438,6487.7087,6338.6648,6334.692,6487.4788,6714.5721,6756.3298,6314.3055,6327.7062,6468.0963,6636.6818,7665.9996,8086.8745,8486.043,7847.7814,8037.6321
Iran (Islamic Republic of),All sectors without LULUCF,Emissions (N2O),kilotonnes,83.7364,85.1895,88.7519,92.1625,133.4455,126.0255,128.4945,141.8227,114.1274,102.6008,101.1243,91.3197,94.5667,94.2639,91.0751,89.8421,90.5722,89.925,94.0079,95.3653,99.8986
Iran (Islamic Republic of),All sectors without LULUCF,Emissions (CO2),kilotonnes,373900,401900,404600,420800,450300,473700,517600,526600,551400,566400,588300,601300,620700,619400,655600,654700,663100,711200,738000,759600,781700
Iran (Islamic Republic of),All sectors without LULUCF,Emissions (CO2eq) from F-gases (AR5),kilotonnes,1943.5092,1894.9214,2001.8144,1924.0741,1642.2652,1720.0056,1710.2881,1749.1582,1788.0284,1574.2424,1622.8302,1603.3951,1574.2424,1535.3722,1506.2196,1477.067,1447.9143,1418.7617,1389.6091,1360.4564,1331.3038
Iran (Islamic Republic of),All sectors without LULUCF,Emissions (CO2eq) from CH4 (AR5),kilotonnes,142241.2761,134702.9146,137179.9452,162546.0159,162659.3152,172268.2648,181655.844,177482.6142,177371.3763,181649.4052,188008.0188,189177.2335,176800.5529,177175.774,181106.6959,185827.0892,214647.9874,226432.4871,237609.2046,219737.8787,225053.6976
Iran (Islamic Republic of),All sectors without LULUCF,Emissions (CO2eq) from N2O (AR5),kilotonnes,22190.1405,22575.2152,23519.2657,24423.0545,35363.0525,33396.7619,34051.0341,37583.0164,30243.7733,27189.2102,26797.9496,24199.7235,25060.1729,24979.9344,24134.8966,23808.1672,24001.6371,23830.1328,24912.1056,25271.8051,26473.1289
Iran (Islamic Republic of),All sectors without LULUCF,Emissions (CO2eq) (AR5),kilotonnes,540274.9258,561073.0512,567301.0254,609693.1444,649964.633,681085.0323,735017.1661,743414.7889,760803.1781,776812.8578,804728.7986,816280.352,824134.9682,823091.0807,862347.8121,865812.3234,903197.5389,962881.3816,1001910.919,1005970.14,1034558.13
Iraq,Crop Residues,Direct emissions (N2O),kilotonnes,0.3792,0.5405,0.9921,0.8562,0.7933,0.9458,0.8905,0.8876,0.5136,0.5773,0.9558,0.9339,0.9965,1.3418,1.5055,0.7071,0.8028,0.7628,0.5319,1.4072,1.8338
Iraq,Crop Residues,Indirect emissions (N2O),kilotonnes,0.0853,0.1216,0.2232,0.1926,0.1785,0.2128,0.2004,0.1997,0.1156,0.1299,0.2151,0.2101,0.2242,0.3019,0.3387,0.1591,0.1806,0.1716,0.1197,0.3166,0.4126
Iraq,Crop Residues,Emissions (N2O),kilotonnes,0.4645,0.6621,1.2153,1.0488,0.9718,1.1586,1.0909,1.0873,0.6291,0.7071,1.1708,1.1441,1.2207,1.6438,1.8442,0.8662,0.9835,0.9344,0.6516,1.7238,2.2464
Iraq,Crop Residues,Emissions (CO2eq) from N2O (AR5),kilotonnes,123.0879,175.4622,322.0566,277.9447,257.526,307.0273,289.0799,288.1277,166.7159,187.3936,310.2718,303.1747,323.4837,435.5956,488.7089,229.5362,260.6152,247.6169,172.6802,456.8076,595.2978
Iraq,Crop Residues,Emissions (CO2eq) (AR5),kilotonnes,123.0879,175.4622,322.0566,277.9447,257.526,307.0273,289.0799,288.1277,166.7159,187.3936,310.2718,303.1747,323.4837,435.5956,488.7089,229.5362,260.6152,247.6169,172.6802,456.8076,595.2978
Iraq,Rice Cultivation,Emissions (CH4),kilotonnes,28,28,28,8.26,24.64,29.96,35.21,34.79,23.73,15.379,13.4327,18.4086,22.2519,26.8262,22.1057,6.8292,10.5647,15.1992,1.5184,35.7484,28.4805
Iraq,Rice Cultivation,Emissions (CO2eq) from CH4 (AR5),kilotonnes,784,784,784,231.28,689.92,838.88,985.88,974.12,664.44,430.612,376.1162,515.4408,623.0526,751.1347,618.9602,191.2176,295.811,425.5787,42.5163,1000.9563,797.4534
Iraq,Rice Cultivation,Emissions (CO2eq) (AR5),kilotonnes,784,784,784,231.28,689.92,838.88,985.88,974.12,664.44,430.612,376.1162,515.4408,623.0526,751.1347,618.9602,191.2176,295.811,425.5787,42.5163,1000.9563,797.4534
Iraq,Burning - Crop residues,Emissions (CH4),kilotonnes,1.6497,1.741,2.2146,2.1518,2.2931,3.3818,2.2655,2.2985,1.4481,1.3691,1.8716,1.9977,1.893,2.6311,2.6248,1.1901,1.231,1.353,0.9895,2.128,2.7396
Iraq,Burning - Crop residues,Emissions (N2O),kilotonnes,0.0428,0.0451,0.0574,0.0558,0.0595,0.0877,0.0587,0.0596,0.0375,0.0355,0.0485,0.0518,0.0491,0.0682,0.068,0.0309,0.0319,0.0351,0.0257,0.0552,0.071
Iraq,Burning - Crop residues,Emissions (CO2eq) from CH4 (AR5),kilotonnes,46.1916,48.7488,62.009,60.2513,64.2071,94.689,63.4331,64.3581,40.5458,38.3341,52.405,55.9369,53.0036,73.6709,73.4932,33.3241,34.4666,37.8837,27.7052,59.5834,76.709
Iraq,Burning - Crop residues,Emissions (CO2eq) from N2O (AR5),kilotonnes,11.334,11.9615,15.2152,14.7839,15.7545,23.2339,15.5646,15.7916,9.9487,9.406,12.8586,13.7253,13.0055,18.0767,18.0331,8.1767,8.4571,9.2955,6.798,14.62,18.8221
Iraq,Burning - Crop residues,Emissions (CO2eq) (AR5),kilotonnes,57.5257,60.7103,77.2242,75.0352,79.9616,117.9229,78.9977,80.1497,50.4945,47.7401,65.2637,69.6622,66.0092,91.7475,91.5263,41.5008,42.9237,47.1793,34.5032,74.2034,95.5311
Iraq,Enteric Fermentation,Emissions (CH4),kilotonnes,101.415,99.177,97.3626,93.428,87.849,98.419,98.707,105.642,120.3039,154.529,157.888,162.362,163.845,147.6744,152.5343,119.8796,122.0458,124.2921,126.6014,128.9774,131.4236
Iraq,Enteric Fermentation,Emissions (CH4),kilotonnes,,,,,,,,,,,,,,,,,,,,,
Iraq,Enteric Fermentation,Emissions (CO2eq) from CH4 (AR5),kilotonnes,2839.62,2776.956,2726.1522,2615.984,2459.772,2755.732,2763.796,2957.976,3368.5089,4326.812,4420.864,4546.136,4587.66,4134.8833,4270.9597,3356.6279,3417.2833,3480.1789,3544.838,3611.3661,3679.8604
Iraq,Enteric Fermentation,Emissions (CO2eq) from CH4 (AR5),kilotonnes,,,,,,,,,,,,,,,,,,,,,
Iraq,Enteric Fermentation,Emissions (CO2eq) (AR5),kilotonnes,2839.62,2776.956,2726.1522,2615.984,2459.772,2755.732,2763.796,2957.976,3368.5089,4326.812,4420.864,4546.136,4587.66,4134.8833,4270.9597,3356.6279,3417.2833,3480.1789,3544.838,3611.3661,3679.8604
Iraq,Enteric Fermentation,Emissions (CO2eq) (AR5),kilotonnes,,,,,,,,,,,,,,,,,,,,,
Iraq,Manure Management,Emissions (CH4),kilotonnes,4.5591,4.6367,4.5526,4.1822,4.1817,5.0038,5.7165,5.9588,5.7161,6.8495,7.1338,7.385,7.4697,6.8029,6.7225,5.8314,5.929,6.1386,6.3267,6.8391,7.0368
Iraq,Manure Management,Emissions (CH4),kilotonnes,,,,,,,,,,,,,,,,,,,,,
Iraq,Manure Management,Emissions (N2O),kilotonnes,0.0642,0.0717,0.0764,0.0665,0.0746,0.0914,0.0927,0.096,0.0855,0.1102,0.1184,0.1245,0.1255,0.1293,0.1219,0.0994,0.101,0.107,0.1122,0.1306,0.136
Iraq,Manure Management,Emissions (CO2eq) from CH4 (AR5),kilotonnes,127.6542,129.8282,127.472,117.1022,117.0876,140.1075,160.0634,166.8467,160.0506,191.7854,199.7464,206.7794,209.1527,190.4817,188.2297,163.2784,166.0108,171.8817,177.1476,191.4945,197.0291
Iraq,Manure Management,Emissions (CO2eq) from CH4 (AR5),kilotonnes,,,,,,,,,,,,,,,,,,,,,
Iraq,Manure Management,Emissions (CO2eq) from N2O (AR5),kilotonnes,17.022,19.013,20.2515,17.6268,19.7727,24.2136,24.5725,25.4431,22.6608,29.209,31.3787,32.9815,33.2703,34.2552,32.3112,26.3387,26.7732,28.3464,29.7275,34.5981,36.0369
Iraq,Manure Management,Emissions (CO2eq) (AR5),kilotonnes,144.6763,148.8411,147.7235,134.7289,136.8603,164.3212,184.6359,192.2898,182.7114,220.9944,231.1251,239.761,242.423,224.7368,220.5409,189.6171,192.7839,200.228,206.8751,226.0926,233.066
Iraq,Manure Management,Emissions (CO2eq) (AR5),kilotonnes,,,,,,,,,,,,,,,,,,,,,
Iraq,Manure left on Pasture,Direct emissions (N2O),kilotonnes,4.1613,4.1313,4.0847,3.858,3.7226,4.0313,3.6385,3.982,4.6391,6.1386,6.3218,6.5303,6.5733,6.2694,6.349,4.9383,5.0133,5.1322,5.2452,5.4884,5.6062
Iraq,Manure left on Pasture,Indirect emissions (N2O),kilotonnes,1.2609,1.1928,1.1848,1.141,1.0328,1.0989,1.0541,1.1955,1.3909,1.7375,1.7789,1.8353,1.8481,1.6948,1.7152,1.4173,1.4362,1.4645,1.4917,1.5466,1.575
Iraq,Manure left on Pasture,Emissions (N2O),kilotonnes,5.4222,5.3241,5.2694,4.999,4.7554,5.1302,4.6926,5.1776,6.03,7.8762,8.1007,8.3656,8.4214,7.9642,8.0643,6.3557,6.4494,6.5967,6.7369,7.0351,7.1812
Iraq,Manure left on Pasture,Emissions (CO2eq) from N2O (AR5),kilotonnes,1436.8846,1410.8867,1396.4031,1324.7344,1260.1875,1359.4985,1243.5376,1372.053,1597.9431,2087.1843,2146.6929,2216.8856,2231.6638,2110.5198,2137.0352,1684.2497,1709.0952,1748.1196,1785.2703,1864.2892,1903.0141
Iraq,Manure left on Pasture,Emissions (CO2eq) (AR5),kilotonnes,1436.8846,1410.8867,1396.4031,1324.7344,1260.1875,1359.4985,1243.5376,1372.053,1597.9431,2087.1843,2146.6929,2216.8856,2231.6638,2110.5198,2137.0352,1684.2497,1709.0952,1748.1196,1785.2703,1864.2892,1903.0141
Iraq,Manure applied to Soils,Direct emissions (N2O),kilotonnes,0.121,0.1331,0.1442,0.1253,0.1392,0.1841,0.221,0.2257,0.1832,0.2172,0.2335,0.2453,0.2486,0.2377,0.222,0.1947,0.1983,0.2106,0.2214,0.2586,0.2699
Iraq,Manure applied to Soils,Indirect emissions (N2O),kilotonnes,0.0514,0.0566,0.0613,0.0532,0.0591,0.0782,0.0939,0.0959,0.0779,0.0923,0.0992,0.1042,0.1056,0.101,0.0944,0.0827,0.0843,0.0895,0.0941,0.1099,0.1147
Iraq,Manure applied to Soils,Emissions (N2O),kilotonnes,0.1724,0.1897,0.2054,0.1785,0.1983,0.2624,0.3149,0.3216,0.261,0.3095,0.3328,0.3495,0.3542,0.3387,0.3164,0.2774,0.2826,0.3001,0.3155,0.3685,0.3846
Iraq,Manure applied to Soils,Emissions (CO2eq) from N2O (AR5),kilotonnes,45.6857,50.2697,54.4376,47.3038,52.5503,69.5247,83.4574,85.2145,69.1756,82.0186,88.1831,92.6271,93.8696,89.7489,83.8329,73.5223,74.8917,79.5155,83.6009,97.641,101.9105
Iraq,Manure applied to Soils,Emissions (CO2eq) (AR5),kilotonnes,45.6857,50.2697,54.4376,47.3038,52.5503,69.5247,83.4574,85.2145,69.1756,82.0186,88.1831,92.6271,93.8696,89.7489,83.8329,73.5223,74.8917,79.5155,83.6009,97.641,101.9105
Iraq,Synthetic Fertilizers,Direct emissions (N2O),kilotonnes,3.9364,7.8886,7.9703,0.7103,1.6141,2.4181,2.6246,1.9866,2.579,2.7004,1.6968,2.1739,2.4936,2.5117,1.2598,0.9937,1.6417,2.8433,2.7188,2.7188,2.7188
Iraq,Synthetic Fertilizers,Indirect emissions (N2O),kilotonnes,1.2793,2.5638,2.5903,0.2308,0.5246,0.7859,0.853,0.6456,0.8382,0.8776,0.5515,0.7065,0.8104,0.8163,0.4095,0.323,0.5336,0.9241,0.8836,0.8836,0.8836
Iraq,Synthetic Fertilizers,Emissions (N2O),kilotonnes,5.2158,10.4524,10.5606,0.9411,2.1387,3.204,3.4776,2.6322,3.4172,3.5781,2.2483,2.8804,3.3041,3.328,1.6693,1.3167,2.1753,3.7674,3.6024,3.6024,3.6024
Iraq,Synthetic Fertilizers,Emissions (CO2eq) from N2O (AR5),kilotonnes,1382.1785,2769.8746,2798.5666,249.3991,566.7428,849.0604,921.5627,697.5449,905.5614,948.191,595.7989,763.3157,875.5737,881.9079,442.3647,348.9206,576.4445,998.357,954.6337,954.6337,954.6337
Iraq,Synthetic Fertilizers,Emissions (CO2eq) (AR5),kilotonnes,1382.1785,2769.8746,2798.5666,249.3991,566.7428,849.0604,921.5627,697.5449,905.5614,948.191,595.7989,763.3157,875.5737,881.9079,442.3647,348.9206,576.4445,998.357,954.6337,954.6337,954.6337
Iraq,Drained organic soils,Emissions (CO2eq) (AR5),kilotonnes,0,0,0,0,0,0,0,0,0,0,0,0,0,0,0,0,0,0,0,0,0
Iraq,Drained organic soils (CO2),Emissions (CO2),kilotonnes,0,0,0,0,0,0,0,0,0,0,0,0,0,0,0,0,0,0,0,0,0
Iraq,Drained organic soils (CO2),Emissions (CO2eq) (AR5),kilotonnes,0,0,0,0,0,0,0,0,0,0,0,0,0,0,0,0,0,0,0,0,0
Iraq,Drained organic soils (N2O),Emissions (N2O),kilotonnes,0,0,0,0,0,0,0,0,0,0,0,0,0,0,0,0,0,0,0,0,0
Iraq,Drained organic soils (N2O),Emissions (CO2eq) from N2O (AR5),kilotonnes,0,0,0,0,0,0,0,0,0,0,0,0,0,0,0,0,0,0,0,0,0
Iraq,Drained organic soils (N2O),Emissions (CO2eq) (AR5),kilotonnes,0,0,0,0,0,0,0,0,0,0,0,0,0,0,0,0,0,0,0,0,0
Iraq,On-farm energy use,Emissions (CH4),kilotonnes,0.3993,0.4107,0.4942,0.4144,0.4745,0.5264,0.4041,0.2964,0.375,0.4146,0.4581,0.4566,0.4935,0.4572,0.3509,0.2888,0.2704,0.2752,0.2973,0.2866,0.2866
Iraq,On-farm energy use,Emissions (N2O),kilotonnes,1.222,1.3317,1.251,1.0648,1.3902,0.9934,0.6669,0.5453,0.7697,0.8362,0.9257,1.4533,1.5065,1.386,1.0778,0.8115,0.7258,0.7735,0.9115,0.8783,0.8783
Iraq,On-farm energy use,Emissions (CO2),kilotonnes,3928.3857,4129.274,4689.484,3987.4032,4783.798,3922.535,2908.6031,2191.0031,2959.8374,3341.4496,3630.2263,4294.387,4598.0895,4202.5187,3267.4535,2490.9916,2257.9807,2339.8171,2700.2369,2586.7935,2586.7935
Iraq,On-farm energy use,Emissions (CO2eq) from CH4 (AR5),kilotonnes,11.1815,11.5005,13.8384,11.6024,13.2856,14.7392,11.3157,8.2989,10.5005,11.6089,12.8277,12.7847,13.8192,12.8022,9.8255,8.0869,7.5711,7.7055,8.3239,8.0235,8.0235
Iraq,On-farm energy use,Emissions (CO2eq) from N2O (AR5),kilotonnes,323.8186,352.9057,331.5168,282.1723,368.3953,263.2461,176.7403,144.5078,203.9615,221.6031,245.3111,385.1236,399.2282,367.2891,285.6207,215.0467,192.3408,204.9677,241.5523,232.7387,232.7387
Iraq,On-farm energy use,Emissions (CO2eq) (AR5),kilotonnes,4263.3858,4493.6802,5034.8392,4281.178,5165.4789,4200.5203,3096.659,2343.8099,3174.2994,3574.6617,3888.365,4692.2953,5011.1368,4582.61,3562.8997,2714.1251,2457.8926,2552.4903,2950.113,2827.5557,2827.5557
Iraq,Forestland,Emissions (CO2),kilotonnes,-137.3753,-51.7037,-51.7037,-51.7037,-51.7037,-51.7037,-51.7037,-51.7037,-51.7037,-51.7037,-51.7037,6.5043,6.5043,6.5043,6.5043,6.5043,44.3274,44.3274,44.3274,44.3274,44.3274
Iraq,Forestland,Emissions (CO2eq) (AR5),kilotonnes,-137.3753,-51.7037,-51.7037,-51.7037,-51.7037,-51.7037,-51.7037,-51.7037,-51.7037,-51.7037,-51.7037,6.5043,6.5043,6.5043,6.5043,6.5043,44.3274,44.3274,44.3274,44.3274,44.3274
Iraq,Net Forest conversion,Emissions (CO2),kilotonnes,0,0,0,0,0,0,0,0,0,0,0,78.1957,78.1957,78.1957,78.1957,78.1957,451.7726,451.7726,451.7726,451.7726,451.7726
Iraq,Net Forest conversion,Emissions (CO2eq) (AR5),kilotonnes,0,0,0,0,0,0,0,0,0,0,0,78.1957,78.1957,78.1957,78.1957,78.1957,451.7726,451.7726,451.7726,451.7726,451.7726
Iraq,Savanna fires,Emissions (CH4),kilotonnes,0.7316,0.2687,0.4514,0.279,0.2153,0.4721,0.2051,0.2623,0.8077,0.4622,0.6245,0.3582,0.2042,0.4639,0.848,1.5857,1.6424,0.9011,0.9138,13.1587,6.0412
Iraq,Savanna fires,Emissions (N2O),kilotonnes,0.0668,0.0245,0.0412,0.0255,0.0197,0.0431,0.0187,0.0239,0.0737,0.0422,0.057,0.0327,0.0186,0.0424,0.0774,0.1448,0.15,0.0823,0.0834,1.2014,0.5516
Iraq,Savanna fires,Emissions (CO2eq) from CH4 (AR5),kilotonnes,20.4837,7.5242,12.6397,7.8108,6.0295,13.2179,5.7422,7.3445,22.6166,12.9407,17.4852,10.0291,5.7164,12.9886,23.7432,44.3993,45.9873,25.2302,25.586,368.4429,169.153
Iraq,Savanna fires,Emissions (CO2eq) from N2O (AR5),kilotonnes,17.7009,6.5019,10.9223,6.7496,5.2102,11.422,4.962,6.3466,19.5437,11.1825,15.1095,8.6664,4.9398,11.2239,20.5172,38.3668,39.739,21.8021,22.1097,318.3827,146.1703
Iraq,Savanna fires,Emissions (CO2eq) (AR5),kilotonnes,38.1847,14.0261,23.562,14.5604,11.2397,24.6399,10.7041,13.6912,42.1603,24.1232,32.5947,18.6955,10.6562,24.2125,44.2605,82.766,85.7263,47.0323,47.6957,686.8256,315.3233
Iraq,Fires in organic soils,Emissions (CH4),kilotonnes,0,0,0,0,0,0,0,0,0,0,0,0,0,0,0,0,0,0,0,0,0
Iraq,Fires in organic soils,Emissions (CO2),kilotonnes,0,0,0,0,0,0,0,0,0,0,0,0,0,0,0,0,0,0,0,0,0
Iraq,Fires in organic soils,Emissions (CO2eq) from CH4 (AR5),kilotonnes,0,0,0,0,0,0,0,0,0,0,0,0,0,0,0,0,0,0,0,0,0
Iraq,Fires in organic soils,Emissions (CO2eq) (AR5),kilotonnes,0,0,0,0,0,0,0,0,0,0,0,0,0,0,0,0,0,0,0,0,0
Iraq,Forest fires,Emissions (CH4),kilotonnes,0.6559,0,0,0,0,0,0,0,0,0,0,0,0,0,0,0,0,0,0,0,0
Iraq,Forest fires,Emissions (N2O),kilotonnes,0.0363,0,0,0,0,0,0,0,0,0,0,0,0,0,0,0,0,0,0,0,0
Iraq,Forest fires,Emissions (CO2eq) from CH4 (AR5),kilotonnes,18.364,0,0,0,0,0,0,0,0,0,0,0,0,0,0,0,0,0,0,0,0
Iraq,Forest fires,Emissions (CO2eq) from N2O (AR5),kilotonnes,9.6145,0,0,0,0,0,0,0,0,0,0,0,0,0,0,0,0,0,0,0,0
Iraq,Forest fires,Emissions (CO2eq) (AR5),kilotonnes,27.9784,0,0,0,0,0,0,0,0,0,0,0,0,0,0,0,0,0,0,0,0
Iraq,Fires in humid tropical forests,Emissions (CH4),kilotonnes,0,0,0,0,0,0,0,0,0,0,0,0,0,0,0,0,0,0,0,0,0
Iraq,Fires in humid tropical forests,Emissions (N2O),kilotonnes,0,0,0,0,0,0,0,0,0,0,0,0,0,0,0,0,0,0,0,0,0
Iraq,Fires in humid tropical forests,Emissions (CO2eq) from CH4 (AR5),kilotonnes,0,0,0,0,0,0,0,0,0,0,0,0,0,0,0,0,0,0,0,0,0
Iraq,Fires in humid tropical forests,Emissions (CO2eq) from N2O (AR5),kilotonnes,0,0,0,0,0,0,0,0,0,0,0,0,0,0,0,0,0,0,0,0,0
Iraq,Fires in humid tropical forests,Emissions (CO2eq) (AR5),kilotonnes,0,0,0,0,0,0,0,0,0,0,0,0,0,0,0,0,0,0,0,0,0
Iraq,Waste - agri-food systems,Emissions (CH4),kilotonnes,301.8493,307.7349,313.1465,317.4059,322.2564,327.1107,331.5737,339.0151,346.5029,350.2015,354.6235,360.841,368.2626,380.2964,376.6997,383.1788,385.1314,387.6024,389.9845,392.2324,394.0741
Iraq,Waste - agri-food systems,Emissions (N2O),kilotonnes,0.4063,0.4218,0.4447,0.4447,0.4555,0.4562,0.4646,0.5319,0.5888,0.6236,0.6265,0.6598,0.7349,0.8839,0.7656,0.7824,0.7701,0.7893,0.7837,0.7783,0.7736
Iraq,Waste - agri-food systems,Emissions (CO2),kilotonnes,45.7897,45.2493,45.0742,44.3169,45.2724,45.8499,46.3439,46.9214,47.653,47.3469,47.7481,48.2942,48.5922,48.7291,48.6791,48.0937,48.0917,48.3089,48.6705,48.7211,48.2804
Iraq,Waste - agri-food systems,Emissions (CO2eq) from CH4 (AR5),kilotonnes,8451.7805,8616.5774,8768.1027,8887.3655,9023.1786,9159.0991,9284.0629,9492.4232,9702.0812,9805.6416,9929.4584,10103.5488,10311.3533,10648.3005,10547.5915,10729.0073,10783.6781,10852.8672,10919.5666,10982.5077,11034.074
Iraq,Waste - agri-food systems,Emissions (CO2eq) from N2O (AR5),kilotonnes,107.6753,111.7839,117.833,117.8463,120.7094,120.8954,123.1087,140.9462,156.0212,165.2488,166.0228,174.8601,194.7429,234.2321,202.8912,207.3378,204.0866,209.1736,207.6848,206.2569,205.004
Iraq,Waste - agri-food systems,Emissions (CO2eq) (AR5),kilotonnes,8605.2455,8773.6106,8931.0099,9049.5287,9189.1605,9325.8445,9453.5155,9680.2907,9905.7554,10018.2373,10143.2294,10326.7031,10554.6885,10931.2616,10799.1617,10984.4388,11035.8564,11110.3496,11175.9219,11237.4858,11287.3584
Iraq,Fertilizers Manufacturing,Emissions (CO2),kilotonnes,212.412,207.7863,203.9896,201.1336,138.7257,181.1659,205.8409,149.0978,192.515,204.6556,133.8293,183.8195,174.3567,197.7644,61.4573,39.0642,149.0039,110.3219,102.8372,95.2793,86.1258
Iraq,Fertilizers Manufacturing,Emissions (CO2eq) (AR5),kilotonnes,212.412,207.7863,203.9896,201.1336,138.7257,181.1659,205.8409,149.0978,192.515,204.6556,133.8293,183.8195,174.3567,197.7644,61.4573,39.0642,149.0039,110.3219,102.8372,95.2793,86.1258
Iraq,On-farm electricity use,Emissions (CH4),kilotonnes,1.0966,1.1295,1.186,1.003,1.1881,0.9312,0.6084,0.786,0.8184,1.1723,0.8268,0.8304,0.834,0.8376,0.8412,0.8448,0.8484,0.852,0.6048,0.5575,0.5575
Iraq,On-farm electricity use,Emissions (N2O),kilotonnes,0.0058,0.0061,0.0064,0.0054,0.0064,0.005,0.0032,0.0042,0.0044,0.0063,0.0044,0.0044,0.0045,0.0045,0.0045,0.0045,0.0045,0.0045,0.0032,0.0029,0.0029
Iraq,On-farm electricity use,Emissions (CO2),kilotonnes,523.5196,539.2288,566.1948,478.8696,567.218,444.5608,196.0495,277.1304,457.4776,910.8855,690.0928,693.0976,696.1023,463.8648,465.8584,467.8521,469.8458,471.8395,334.9396,308.7559,308.7559
Iraq,On-farm electricity use,Emissions (CO2eq) from CH4 (AR5),kilotonnes,30.7048,31.626,33.208,28.084,33.2668,26.0736,17.0352,22.008,22.9152,32.8244,23.1504,23.2512,23.352,23.4528,23.5536,23.6544,23.7552,23.856,16.9344,15.61,15.61
Iraq,On-farm electricity use,Emissions (CO2eq) from N2O (AR5),kilotonnes,1.537,1.6165,1.696,1.431,1.696,1.325,0.848,1.113,1.166,1.6695,1.166,1.166,1.1925,1.1925,1.1925,1.1925,1.1925,1.1925,0.848,0.7685,0.7685
Iraq,On-farm electricity use,Emissions (CO2eq) (AR5),kilotonnes,555.7614,572.4713,601.0988,508.3846,602.1808,471.9594,213.9327,300.2514,481.5588,945.3794,714.4092,717.5148,720.6468,488.5101,490.6045,492.699,494.7935,496.888,352.722,325.1344,325.1344
Iraq,Food Processing,Emissions (CH4),kilotonnes,189.2055,195.5273,173.504,179.5301,190.8479,181.9048,199.226,107.2695,126.5348,181.0577,223.0805,240.8542,289.2792,289.7177,298.3902,308.1199,343.7623,279.5721,295.5846,327.2317,343.1296
Iraq,Food Processing,Emissions (N2O),kilotonnes,0.0084,0.0098,0.0087,0.0082,0.0084,0.0081,0.0075,0.0122,0.0128,0.0153,0.0167,0.0176,0.0214,0.0237,0.0252,0.0183,0.0197,0.0173,0.0206,0.0205,0.0213
Iraq,Food Processing,Emissions (CO2),kilotonnes,1380.7723,1650.8748,1626.4846,1828.1735,1921.23,1995.3317,1568.5176,1805.5919,3033.4751,3243.3294,2899.5077,3452.5342,4294.1783,5073.5579,4722.7464,4584.9303,5110.9136,4393.1746,4782.1099,5094.3493,4604.9358
Iraq,Food Processing,Emissions (CO2eq) from CH4 (AR5),kilotonnes,5297.754,5474.7644,4858.112,5026.8428,5343.7412,5093.3344,5578.328,3003.546,3542.9744,5069.6156,6246.254,6743.9176,8099.8176,8112.0956,8354.9256,8627.3572,9625.3444,7828.0188,8276.3688,9162.4876,9607.6287
Iraq,Food Processing,Emissions (CO2eq) from N2O (AR5),kilotonnes,2.226,2.597,2.3055,2.173,2.226,2.1465,1.9875,3.233,3.392,4.0545,4.4255,4.664,5.671,6.2805,6.678,4.8495,5.2205,4.5845,5.459,5.4325,5.6356
Iraq,Food Processing,Emissions (CO2eq) (AR5),kilotonnes,6680.7523,7128.2362,6486.9021,6857.1893,7267.1972,7090.8126,7148.8331,4812.3709,6579.8415,8316.9995,9150.1872,10201.1158,12399.6669,13191.934,13084.35,13217.137,14741.4785,12225.7779,13063.9377,14262.2694,14218.2001
Iraq,Food Packaging,Emissions (CH4),kilotonnes,7.2742,5.5039,4.4299,4.3947,2.1961,1.8946,1.6665,1.5444,1.2261,1.552,1.3088,1.2707,1.8513,0.9806,1.4654,1.8449,2.3116,2.3923,2.7669,2.6438,2.7723
Iraq,Food Packaging,Emissions (N2O),kilotonnes,0.0009,0.001,0.0009,0.0008,0.0008,0.0005,0.0009,0.0004,0.0005,0.0006,0.0006,0.0005,0.0006,0.0005,0.0006,0.0005,0.0005,0.0005,0.0007,0.0006,0.0006
Iraq,Food Packaging,Emissions (CO2),kilotonnes,135.6566,143.7146,143.829,133.191,142.5531,98.872,132.466,53.2905,89.1341,78.2816,82.4342,68.4706,84.7309,85.766,83.9948,103.4551,122.9415,118.8543,146.8802,115.7768,104.6541
Iraq,Food Packaging,Emissions (CO2eq) from CH4 (AR5),kilotonnes,203.6776,154.1092,124.0372,123.0516,61.4908,53.0488,46.662,43.2432,34.3308,43.456,36.6464,35.5796,51.8364,27.4568,41.0312,51.6572,64.7248,66.9844,77.4732,74.0266,77.6231
Iraq,Food Packaging,Emissions (CO2eq) from N2O (AR5),kilotonnes,0.2385,0.265,0.2385,0.212,0.212,0.1325,0.2385,0.106,0.1325,0.159,0.159,0.1325,0.159,0.1325,0.159,0.1325,0.1325,0.1325,0.1855,0.159,0.1649
Iraq,Food Packaging,Emissions (CO2eq) (AR5),kilotonnes,339.5727,298.0888,268.1047,256.4546,204.2559,152.0533,179.3665,96.6397,123.5974,121.8966,119.2396,104.1827,136.7263,113.3553,125.185,155.2448,187.7988,185.9712,224.5389,189.9624,182.4421
Iraq,Food Retail,Emissions (CH4),kilotonnes,0.2162,0.2206,0.1946,0.1925,0.2271,0.2108,0.2162,0.2022,0.2162,0.2454,0.2757,0.3049,0.3204,0.4021,0.3783,0.4075,0.3087,0.3279,0.305,0.333,0.3492
Iraq,Food Retail,Emissions (N2O),kilotonnes,0.0011,0.0012,0.0012,0.001,0.0012,0.0012,0.0011,0.0011,0.0011,0.0013,0.0015,0.0016,0.0017,0.0021,0.002,0.0022,0.0016,0.0018,0.0016,0.0018,0.0019
Iraq,Food Retail,Emissions (CO2),kilotonnes,147.3033,170.6327,174.4888,196.6614,217.87,221.7261,186.6355,115.876,174.1032,194.7334,210.1578,254.503,267.3934,222.6684,209.51,225.6656,170.9853,181.5851,168.9385,150.1444,135.72
Iraq,Food Retail,Emissions (CO2eq) from CH4 (AR5),kilotonnes,6.0548,6.1758,5.4493,5.3887,6.3575,5.9034,6.0548,5.6612,6.0548,6.8721,7.7198,8.5372,8.9712,11.2588,10.5924,11.41,8.6436,9.1812,8.54,9.324,9.777
Iraq,Food Retail,Emissions (CO2eq) from N2O (AR5),kilotonnes,0.2882,0.3242,0.3048,0.2755,0.3076,0.3048,0.3021,0.2799,0.2993,0.3492,0.388,0.424,0.4505,0.5565,0.53,0.583,0.424,0.477,0.424,0.477,0.4948
Iraq,Food Retail,Emissions (CO2eq) (AR5),kilotonnes,153.6462,177.1328,180.2429,202.3256,224.5351,227.9343,192.9924,121.8171,180.4572,201.9547,218.2656,263.4642,276.8151,234.4837,220.6324,237.6586,180.0529,191.2433,177.9025,159.9454,145.9919
Iraq,Food Household Consumption,Emissions (CH4),kilotonnes,0.095,0.1024,0.1001,0.0802,0.114,1.4969,1.4333,1.2497,1.2784,2.0549,1.9619,3.0249,2.1202,2.4331,2.3846,3.0123,2.873,3.7034,3.4637,3.4637,3.632
Iraq,Food Household Consumption,Emissions (N2O),kilotonnes,0.0042,0.0046,0.0045,0.0036,0.0054,0.0145,0.0127,0.0112,0.0134,0.0179,0.0171,0.0227,0.0181,0.0194,0.0172,0.0202,0.0197,0.0245,0.0231,0.0231,0.024
Iraq,Food Household Consumption,Emissions (CO2),kilotonnes,880.8175,952.5822,930.344,742.38,1020.753,1992.0211,1446.7451,1303.5606,1891.836,2810.5153,2834.1099,3749.0399,3044.4616,2657.3039,2347.4495,2598.0303,2602.0013,3107.8083,2940.0962,2940.0962,2657.6415
Iraq,Food Household Consumption,Emissions (CO2eq) from CH4 (AR5),kilotonnes,2.66,2.8672,2.8028,2.2456,3.192,41.9132,40.1324,34.9916,35.7952,57.5372,54.9332,84.6972,59.3656,68.1268,66.7688,84.3444,80.444,103.6952,96.9836,96.9836,101.6954
Iraq,Food Household Consumption,Emissions (CO2eq) from N2O (AR5),kilotonnes,1.113,1.219,1.1925,0.954,1.431,3.8425,3.3655,2.968,3.551,4.7435,4.5315,6.0155,4.7965,5.141,4.558,5.353,5.2205,6.4925,6.1215,6.1215,6.3503
Iraq,Food Household Consumption,Emissions (CO2eq) (AR5),kilotonnes,884.5905,956.6684,934.3393,745.5796,1025.376,2037.7768,1490.243,1341.5202,1931.1822,2872.796,2893.5746,3839.7526,3108.6237,2730.5717,2418.7763,2687.7277,2687.6658,3217.996,3043.2013,3043.2013,2765.6872
Iraq,Food Transport,Emissions (CH4),kilotonnes,0.6501,0.693,0.6952,0.5599,0.5984,0.6501,0.6688,0.5511,0.6259,0.649,0.7414,0.847,0.9053,0.8877,0.7282,0.6787,0.7029,0.7986,0.8547,0.8023,0.8413
Iraq,Food Transport,Emissions (N2O),kilotonnes,0.0654,0.072,0.0712,0.0568,0.0636,0.07,0.0704,0.0655,0.0667,0.0687,0.0766,0.0893,0.0964,0.0952,0.0781,0.0691,0.0708,0.0805,0.0862,0.0865,0.0897
Iraq,Food Transport,Emissions (CO2),kilotonnes,2904,3168,3058,2376,2651,2860,2849,2827,2706,2783,3058,3608,3905,3883,3179,2728,2783,3168,3388,3362.2882,3039.2736
Iraq,Food Transport,Emissions (CO2eq) from CH4 (AR5),kilotonnes,18.2028,19.404,19.4656,15.6772,16.7552,18.2028,18.7264,15.4308,17.5252,18.172,20.7592,23.716,25.3484,24.8556,20.3896,19.0036,19.6812,22.3608,23.9316,22.4644,23.5558
Iraq,Food Transport,Emissions (CO2eq) from N2O (AR5),kilotonnes,17.331,19.08,18.868,15.052,16.854,18.55,18.656,17.3575,17.6755,18.2055,20.299,23.6645,25.546,25.228,20.6965,18.3115,18.762,21.3325,22.843,22.9225,23.7794
Iraq,Food Transport,Emissions (CO2eq) (AR5),kilotonnes,2939.5338,3206.484,3096.3336,2406.7292,2684.6092,2896.7528,2886.3824,2859.7883,2741.2007,2819.3775,3099.0582,3655.3805,3955.8944,3933.0836,3220.0861,2765.3151,2821.4432,3211.6933,3434.7746,3407.6751,3086.6088
Iraq,Energy,Emissions (CH4),kilotonnes,2000,2040,1800,1780,2100,1950,2000,1870,2000,2270,2550,2820,3170,3180,3330,3710,4730,4830,5170,4940,5180
Iraq,Energy,Emissions (N2O),kilotonnes,1.04,1.17,1.1,0.994,1.11,1.1,1.09,1.01,1.08,1.26,1.4,1.53,1.78,1.85,1.82,1.77,1.88,1.92,2.03,2.14,2.22
Iraq,Energy,Emissions (CO2),kilotonnes,76400,88500,90500,102000,113000,115000,96800,60100,90300,101000,109000,132000,150000,163000,165000,166000,192000,206000,243000,229000,207000
Iraq,Energy,Emissions (CO2eq) from CH4 (AR5),kilotonnes,56000,57120,50400,49840,58800,54600,56000,52360,56000,63560,71400,78960,88760,89040,93240,103880,132440,135240,144760,138320,145040
Iraq,Energy,Emissions (CO2eq) from N2O (AR5),kilotonnes,275.6,310.05,291.5,263.41,294.15,291.5,288.85,267.65,286.2,333.9,371,405.45,471.7,490.25,482.3,469.05,498.2,508.8,537.95,567.1,588.3
Iraq,Energy,Emissions (CO2eq) (AR5),kilotonnes,132675.6,145930.05,141191.5,152103.41,172094.15,169891.5,153088.85,112727.65,146586.2,164893.9,180771,211365.45,239231.7,252530.25,258722.3,270349.05,324938.2,341748.8,388297.95,367887.1,352628.3
Iraq,IPPU,Emissions (CH4),kilotonnes,0.0086,0.0086,0.0086,0.0086,0.0086,0.0086,0.0086,0.0086,0.0086,0.0069,0.0052,0.0034,0.0017,0.0045,0.0041,0.0038,0.0034,0.003,0.0027,0.0023,0.0019
Iraq,IPPU,Emissions (N2O),kilotonnes,3.54,3.64,3.75,3.85,3.96,4.06,4.16,4.27,4.38,4.49,4.62,4.77,4.93,5.09,5.26,5.43,5.59,5.75,5.91,5.98,6.12
Iraq,IPPU,Emissions (CO2),kilotonnes,3140,3290,4130,1370,1540,1770,1680,2000,2730,2920,3490,4210,4110,4820,3690,3890,4760,5120,5490,5800,5800
Iraq,IPPU,Emissions (CO2eq) from F-gases (AR5),kilotonnes,33.0397,33.8171,34.6916,34.4973,36.1493,36.6351,40.425,42.7572,44.9922,33.5255,24.9741,36.1493,36.1493,36.2464,36.2464,36.3436,36.3436,36.4408,36.4408,36.4408,36.538
Iraq,IPPU,Emissions (CO2eq) from CH4 (AR5),kilotonnes,0.2402,0.2402,0.2402,0.2402,0.2402,0.2402,0.2402,0.2402,0.2402,0.1921,0.1442,0.096,0.0482,0.1257,0.1156,0.1053,0.0949,0.0846,0.0745,0.0641,0.0538
Iraq,IPPU,Emissions (CO2eq) from N2O (AR5),kilotonnes,938.1,964.6,993.75,1020.25,1049.4,1075.9,1102.4,1131.55,1160.7,1189.85,1224.3,1264.05,1306.45,1348.85,1393.9,1438.95,1481.35,1523.75,1566.15,1584.7,1621.8
Iraq,IPPU,Emissions (CO2eq) (AR5),kilotonnes,4111.3799,4288.6573,5158.6819,2424.9875,2625.7895,2882.7754,2823.0652,3174.5474,3935.9325,4143.5676,4739.4183,5510.2953,5452.6474,6205.2222,5120.2621,5365.3989,6277.7885,6680.2754,7092.6653,7421.2049,7458.3917
Iraq,Waste,Emissions (CH4),kilotonnes,285,293,299,287,306,316,326,335,346,356,370,384,403,421,435,448,469,481,493,504,518
Iraq,Waste,Emissions (N2O),kilotonnes,0.635,0.654,0.672,0.699,0.727,0.741,0.759,0.784,0.819,0.875,0.927,0.972,1.01,1.06,1.1,1.11,1.11,1.13,1.17,1.23,1.27
Iraq,Waste,Emissions (CO2eq) from CH4 (AR5),kilotonnes,7980,8204,8372,8036,8568,8848,9128,9380,9688,9968,10360,10752,11284,11788,12180,12544,13132,13468,13804,14112,14504
Iraq,Waste,Emissions (CO2eq) from N2O (AR5),kilotonnes,168.275,173.31,178.08,185.235,192.655,196.365,201.135,207.76,217.035,231.875,245.655,257.58,267.65,280.9,291.5,294.15,294.15,299.45,310.05,325.95,336.55
Iraq,Waste,Emissions (CO2eq) (AR5),kilotonnes,8148.275,8377.31,8550.08,8221.235,8760.655,9044.365,9329.135,9587.76,9905.035,10199.875,10605.655,11009.58,11551.65,12068.9,12471.5,12838.15,13426.15,13767.45,14114.05,14437.95,14840.55
Iraq,Other,Emissions (N2O),kilotonnes,2.19,2.52,2.4,2.14,2.51,2.46,2.34,2.13,2.37,2.97,3.34,3.6,4.17,4.44,4.51,4.19,4.44,4.34,4.71,5.09,5.29
Iraq,Other,Emissions (CO2eq) from N2O (AR5),kilotonnes,580.35,667.8,636,567.1,665.15,651.9,620.1,564.45,628.05,787.05,885.1,954,1105.05,1176.6,1195.15,1110.35,1176.6,1150.1,1248.15,1348.85,1401.85
Iraq,Other,Emissions (CO2eq) (AR5),kilotonnes,580.35,667.8,636,567.1,665.15,651.9,620.1,564.45,628.05,787.05,885.1,954,1105.05,1176.6,1195.15,1110.35,1176.6,1150.1,1248.15,1348.85,1401.85
Iraq,Farm-gate emissions,Emissions (CH4),kilotonnes,136.7547,134.2342,133.0754,108.7154,119.6536,137.7631,142.5082,149.248,152.3808,179.0033,181.4087,190.9681,196.1573,184.8558,185.1861,135.6048,141.6832,148.1592,136.647,187.1381,176.0082
Iraq,Farm-gate emissions,Direct emissions (N2O),kilotonnes,8.5979,12.6935,13.1912,5.5497,6.2692,7.5793,7.3746,7.0818,7.9149,9.6335,9.2079,9.8834,10.312,10.3606,9.3363,6.8338,7.6561,8.9488,8.7173,9.873,10.4287
Iraq,Farm-gate emissions,Indirect emissions (N2O),kilotonnes,2.677,3.9347,4.0596,1.6177,1.795,2.1758,2.2014,2.1368,2.4225,2.8374,2.6447,2.8562,2.9884,2.914,2.5578,1.9821,2.2346,2.6497,2.5891,2.8567,2.9859
Iraq,Farm-gate emissions,Emissions (N2O),kilotonnes,12.6706,18.1014,18.6769,8.3801,9.6081,10.9707,10.4131,9.9435,11.3038,13.495,13.0023,14.4019,15.0001,14.9004,13.2393,9.9025,10.8995,12.5963,12.4391,14.9951,15.0514
Iraq,Farm-gate emissions,Emissions (CO2),kilotonnes,3928.3857,4129.274,4689.484,3987.4032,4783.798,3922.535,2908.6031,2191.0031,2959.8374,3341.4496,3630.2263,4294.387,4598.0895,4202.5187,3267.4535,2490.9916,2257.9807,2339.8171,2700.2369,2586.7935,2586.7935
Iraq,Farm-gate emissions,Emissions (CO2eq) from CH4 (AR5),kilotonnes,3829.1311,3758.5576,3726.1113,3044.0307,3350.3017,3857.3656,3990.2304,4178.9442,4266.6623,5012.0932,5079.4445,5347.1069,5492.4046,5175.9614,5185.2116,3796.9341,3967.1301,4148.4587,3826.1171,5239.8667,4928.2285
Iraq,Farm-gate emissions,Emissions (CO2eq) from N2O (AR5),kilotonnes,3357.7123,4796.8754,4949.3695,2220.7146,2546.1396,2907.2265,2759.4768,2635.0293,2995.5107,3576.1881,3445.6047,3816.4999,3975.0347,3948.617,3508.4238,2624.1578,2888.3567,3338.0207,3296.3726,3973.7109,3988.624
Iraq,Farm-gate emissions,Emissions (CO2eq) (AR5),kilotonnes,11115.2291,12684.707,13364.9649,9252.1485,10680.2393,10687.1271,9658.3103,9004.9766,10222.0105,11929.731,12155.2754,13457.9938,14065.5288,13327.0971,11961.0888,8912.0835,9113.4675,9826.2964,9822.7266,11800.3712,11503.646
Iraq,Land Use change,Emissions (CH4),kilotonnes,0,0,0,0,0,0,0,0,0,0,0,0,0,0,0,0,0,0,0,0,0
Iraq,Land Use change,Emissions (N2O),kilotonnes,0,0,0,0,0,0,0,0,0,0,0,0,0,0,0,0,0,0,0,0,0
Iraq,Land Use change,Emissions (CO2),kilotonnes,0,0,0,0,0,0,0,0,0,0,0,78.1957,78.1957,78.1957,78.1957,78.1957,451.7726,451.7726,451.7726,451.7726,451.7726
Iraq,Land Use change,Emissions (CO2eq) from CH4 (AR5),kilotonnes,0,0,0,0,0,0,0,0,0,0,0,0,0,0,0,0,0,0,0,0,0
Iraq,Land Use change,Emissions (CO2eq) from N2O (AR5),kilotonnes,0,0,0,0,0,0,0,0,0,0,0,0,0,0,0,0,0,0,0,0,0
Iraq,Land Use change,Emissions (CO2eq) (AR5),kilotonnes,0,0,0,0,0,0,0,0,0,0,0,78.1957,78.1957,78.1957,78.1957,78.1957,451.7726,451.7726,451.7726,451.7726,451.7726
Iraq,Emissions on agricultural land,Emissions (CH4),kilotonnes,136.7547,134.2342,133.0754,108.7154,119.6536,137.7631,142.5082,149.248,152.3808,179.0033,181.4087,190.9681,196.1573,184.8558,185.1861,135.6048,141.6832,148.1592,136.647,187.1381,176.0082
Iraq,Emissions on agricultural land,Emissions (N2O),kilotonnes,12.6706,18.1014,18.6769,8.3801,9.6081,10.9707,10.4131,9.9435,11.3038,13.495,13.0023,14.4019,15.0001,14.9004,13.2393,9.9025,10.8995,12.5963,12.4391,14.9951,15.0514
Iraq,Emissions on agricultural land,Emissions (CO2),kilotonnes,3928.3857,4129.274,4689.484,3987.4032,4783.798,3922.535,2908.6031,2191.0031,2959.8374,3341.4496,3630.2263,4372.5827,4676.2852,4280.7144,3345.6492,2569.1873,2709.7533,2791.5897,3152.0095,3038.5662,3038.5662
Iraq,Emissions on agricultural land,Emissions (CO2eq) from CH4 (AR5),kilotonnes,3829.1311,3758.5576,3726.1113,3044.0307,3350.3017,3857.3656,3990.2304,4178.9442,4266.6623,5012.0932,5079.4445,5347.1069,5492.4046,5175.9614,5185.2116,3796.9341,3967.1301,4148.4587,3826.1171,5239.8667,4928.2285
Iraq,Emissions on agricultural land,Emissions (CO2eq) from N2O (AR5),kilotonnes,3357.7123,4796.8754,4949.3695,2220.7146,2546.1396,2907.2265,2759.4768,2635.0293,2995.5107,3576.1881,3445.6047,3816.4999,3975.0347,3948.617,3508.4238,2624.1578,2888.3567,3338.0207,3296.3726,3973.7109,3988.624
Iraq,Emissions on agricultural land,Emissions (CO2eq) (AR5),kilotonnes,11115.2291,12684.707,13364.9649,9252.1485,10680.2393,10687.1271,9658.3103,9004.9766,10222.0105,11929.731,12155.2754,13536.1895,14143.7245,13405.2928,12039.2845,8990.2792,9565.2401,10278.0691,10274.4992,12252.1439,11955.4186
Iraq,Pre- and post- production,Emissions (CH4),kilotonnes,500.3869,510.9116,493.2563,503.1663,517.4279,514.1991,535.3929,450.618,477.2027,536.9328,582.8186,607.9731,663.573,675.5552,680.8876,698.0869,735.9383,675.2487,693.5642,727.2644,745.3559
Iraq,Pre- and post- production,Emissions (N2O),kilotonnes,0.4921,0.5165,0.5375,0.5205,0.5413,0.5555,0.5604,0.6264,0.6877,0.7337,0.7434,0.7959,0.8776,1.0293,0.8932,0.8972,0.8869,0.9184,0.9191,0.9137,0.914
Iraq,Pre- and post- production,Emissions (CO2),kilotonnes,6230.271,6878.0687,6748.405,6000.7261,6704.6222,7839.5275,6631.5986,6578.4686,8592.194,10272.7477,9955.8798,12057.759,12514.8154,12632.6545,11118.6955,10795.0913,11456.7831,11599.8926,11912.4721,12115.4112,10985.3873
Iraq,Pre- and post- production,Emissions (CO2eq) from CH4 (AR5),kilotonnes,14010.8345,14305.5241,13811.1775,14088.6554,14487.9821,14397.5753,14991.0016,12617.304,13361.6768,15034.119,16318.9214,17023.2476,18580.0445,18915.5469,19064.8527,19546.4341,20606.2713,18906.9636,19419.7982,20363.4039,20869.9638
Iraq,Pre- and post- production,Emissions (CO2eq) from N2O (AR5),kilotonnes,130.409,136.8856,142.4384,137.9438,143.436,147.1968,148.5063,166.0036,182.2375,194.4299,196.9918,210.9266,232.5584,272.7631,236.7052,237.7598,235.0386,243.3851,243.5658,242.1379,242.1977
Iraq,Pre- and post- production,Emissions (CO2eq) (AR5),kilotonnes,20371.5144,21320.4784,20702.0209,20227.3252,21336.0403,22384.2996,21771.1065,19361.7761,22136.1082,25501.2966,26471.7931,29291.9332,31327.4184,31820.9644,30420.2533,30579.2852,32298.093,30750.2412,31575.8361,32720.9531,32097.5487
Iraq,Agri-food systems,Emissions (CH4),kilotonnes,637.1416,645.1458,626.3317,611.8816,637.0816,651.9622,677.9011,599.866,629.5835,715.9361,764.2274,798.9412,859.7303,860.411,866.0737,833.6917,877.6215,823.4079,830.2113,914.4025,921.364
Iraq,Agri-food systems,Emissions (N2O),kilotonnes,13.1627,18.618,19.2144,8.9006,10.1493,11.5261,10.9735,10.5699,11.9915,14.2287,13.7456,15.1978,15.8777,15.9297,14.1326,10.7997,11.7864,13.5147,13.3583,15.9089,15.9654
Iraq,Agri-food systems,Emissions (CO2),kilotonnes,10158.6567,11007.3427,11437.8891,9988.1292,11488.4201,11762.0625,9540.2016,8769.4717,11552.0314,13614.1973,13586.1061,16430.3418,17191.1006,16913.3689,14464.3446,13364.2785,14166.5365,14391.4823,15064.4816,15153.9774,14023.9534
Iraq,Agri-food systems,Emissions (CO2eq) from CH4 (AR5),kilotonnes,17839.9655,18064.0817,17537.2889,17132.6861,17838.2839,18254.9409,18981.232,16796.2482,17628.3391,20046.2122,21398.3659,22370.3546,24072.4492,24091.5083,24250.0642,23343.3683,24573.4014,23055.4222,23245.9153,25603.2707,25798.1923
Iraq,Agri-food systems,Emissions (CO2eq) from N2O (AR5),kilotonnes,3488.1213,4933.761,5091.8079,2358.6584,2689.5756,3054.4233,2907.9831,2801.0328,3177.7482,3770.6181,3642.5965,4027.4264,4207.5931,4221.38,3745.129,2861.9176,3123.3953,3581.4058,3539.9384,4215.8489,4230.8217
Iraq,Agri-food systems,Emissions (CO2eq) (AR5),kilotonnes,31486.7435,34005.1854,34066.9858,29479.4737,32016.2796,33071.4267,31429.4167,28366.7527,32358.1187,37431.0276,38627.0685,42828.1228,45471.1429,45226.2573,42459.5379,39569.5644,41863.3332,41028.3103,41850.3353,44973.097,44052.9674
Iraq,IPCC Agriculture,Emissions (CH4),kilotonnes,136.3553,133.8235,132.5812,108.301,119.1791,137.2367,142.1041,148.9516,152.0058,178.5887,180.9506,190.5115,195.6638,184.3985,184.8352,135.316,141.4128,147.884,136.3498,186.8515,175.7216
Iraq,IPCC Agriculture,Emissions (CH4),kilotonnes,,,,,,,,,,,,,,,,,,,,,
Iraq,IPCC Agriculture,Direct emissions (N2O),kilotonnes,8.5979,12.6935,13.1912,5.5497,6.2692,7.5793,7.3746,7.0818,7.9149,9.6335,9.2079,9.8834,10.312,10.3606,9.3363,6.8338,7.6561,8.9488,8.7173,9.873,10.4287
Iraq,IPCC Agriculture,Indirect emissions (N2O),kilotonnes,2.677,3.9347,4.0596,1.6177,1.795,2.1758,2.2014,2.1368,2.4225,2.8374,2.6447,2.8562,2.9884,2.914,2.5578,1.9821,2.2346,2.6497,2.5891,2.8567,2.9859
Iraq,IPCC Agriculture,Emissions (N2O),kilotonnes,11.4487,16.7697,17.4259,7.3153,8.2179,9.9773,9.7462,9.3982,10.5341,12.6588,12.0766,12.9486,13.4936,13.5144,12.1615,9.091,10.1736,11.8228,11.5276,14.1169,14.1732
Iraq,IPCC Agriculture,Emissions (N2O),kilotonnes,,,,,,,,,,,,,,,,,,,,,
Iraq,IPCC Agriculture,Emissions (CO2eq) from CH4 (AR5),kilotonnes,3817.9496,3747.0571,3712.2729,3032.4283,3337.0161,3842.6264,3978.9147,4170.6453,4256.1619,5000.4843,5066.6168,5334.3223,5478.5855,5163.1592,5175.386,3788.8472,3959.559,4140.7531,3817.7932,5231.8432,4920.2049
Iraq,IPCC Agriculture,Emissions (CO2eq) from CH4 (AR5),kilotonnes,,,,,,,,,,,,,,,,,,,,,
Iraq,IPCC Agriculture,Emissions (CO2eq) from N2O (AR5),kilotonnes,3033.8937,4443.9696,4617.8528,1938.5423,2177.7442,2643.9804,2582.7365,2490.5214,2791.5492,3354.585,3200.2936,3431.3763,3575.8065,3581.3279,3222.8031,2409.1111,2696.0159,3133.053,3054.8203,3740.9723,3755.8853
Iraq,IPCC Agriculture,Emissions (CO2eq) from N2O (AR5),kilotonnes,,,,,,,,,,,,,,,,,,,,,
Iraq,IPCC Agriculture,Emissions (CO2eq) (AR5),kilotonnes,6851.8433,8191.0268,8330.1257,4970.9705,5514.7604,6486.6068,6561.6512,6661.1667,7047.7111,8355.0693,8266.9104,8765.6985,9054.3919,8744.4871,8398.1891,6197.9584,6655.5749,7273.8062,6872.6136,8972.8155,8676.0903
Iraq,IPCC Agriculture,Emissions (CO2eq) (AR5),kilotonnes,,,,,,,,,,,,,,,,,,,,,
Iraq,Agricultural Soils,Direct emissions (N2O),kilotonnes,8.5979,12.6935,13.1912,5.5497,6.2692,7.5793,7.3746,7.0818,7.9149,9.6335,9.2079,9.8834,10.312,10.3606,9.3363,6.8338,7.6561,8.9488,8.7173,9.873,10.4287
Iraq,Agricultural Soils,Indirect emissions (N2O),kilotonnes,2.677,3.9347,4.0596,1.6177,1.795,2.1758,2.2014,2.1368,2.4225,2.8374,2.6447,2.8562,2.9884,2.914,2.5578,1.9821,2.2346,2.6497,2.5891,2.8567,2.9859
Iraq,Agricultural Soils,Emissions (N2O),kilotonnes,11.2749,16.6283,17.2508,7.1675,8.0642,9.7551,9.576,9.2186,10.3373,12.4709,11.8526,12.7396,13.3003,13.2746,11.8941,8.816,9.8907,11.5985,11.3064,12.7297,13.4146
Iraq,Agricultural Soils,Emissions (N2O),kilotonnes,,,,,,,,,,,,,,,,,,,,,
Iraq,Agricultural Soils,Emissions (CO2eq) from N2O (AR5),kilotonnes,2987.8367,4406.4933,4571.4638,1899.382,2137.0068,2585.1109,2537.6375,2442.9401,2739.396,3304.7875,3140.9467,3376.003,3524.5909,3517.7722,3151.9416,2336.2289,2621.0467,3073.609,2996.1851,3373.3715,3554.8561
Iraq,Agricultural Soils,Emissions (CO2eq) from N2O (AR5),kilotonnes,,,,,,,,,,,,,,,,,,,,,
Iraq,Agricultural Soils,Emissions (CO2eq) (AR5),kilotonnes,2987.8367,4406.4933,4571.4638,1899.382,2137.0068,2585.1109,2537.6375,2442.9401,2739.396,3304.7875,3140.9467,3376.003,3524.5909,3517.7722,3151.9416,2336.2289,2621.0467,3073.609,2996.1851,3373.3715,3554.8561
Iraq,Agricultural Soils,Emissions (CO2eq) (AR5),kilotonnes,,,,,,,,,,,,,,,,,,,,,
Iraq,LULUCF,Emissions (CH4),kilotonnes,0.6559,0,0,0,0,0,0,0,0,0,0,0,0,0,0,0,0,0,0,0,0
Iraq,LULUCF,Emissions (N2O),kilotonnes,0.0363,0,0,0,0,0,0,0,0,0,0,0,0,0,0,0,0,0,0,0,0
Iraq,LULUCF,Emissions (CO2),kilotonnes,-137.3753,-51.7037,-51.7037,-51.7037,-51.7037,-51.7037,-51.7037,-51.7037,-51.7037,-51.7037,-51.7037,84.7,84.7,84.7,84.7,84.7,496.1,496.1,496.1,496.1,496.1
Iraq,LULUCF,Emissions (CO2eq) from CH4 (AR5),kilotonnes,18.364,0,0,0,0,0,0,0,0,0,0,0,0,0,0,0,0,0,0,0,0
Iraq,LULUCF,Emissions (CO2eq) from N2O (AR5),kilotonnes,9.6145,0,0,0,0,0,0,0,0,0,0,0,0,0,0,0,0,0,0,0,0
Iraq,LULUCF,Emissions (CO2eq) (AR5),kilotonnes,-109.3969,-51.7037,-51.7037,-51.7037,-51.7037,-51.7037,-51.7037,-51.7037,-51.7037,-51.7037,-51.7037,84.7,84.7,84.7,84.7,84.7,496.1,496.1,496.1,496.1,496.1
Iraq,AFOLU,Emissions (CH4),kilotonnes,137.0112,133.8235,132.5812,108.301,119.1791,137.2367,142.1041,148.9516,152.0058,178.5887,180.9506,190.5115,195.6638,184.3985,184.8352,135.316,141.4128,147.884,136.3498,186.8515,175.7216
Iraq,AFOLU,Emissions (N2O),kilotonnes,11.4849,16.7697,17.4259,7.3153,8.2179,9.9773,9.7462,9.3982,10.5341,12.6588,12.0766,12.9486,13.4936,13.5144,12.1615,9.091,10.1736,11.8228,11.5276,14.1169,14.1732
Iraq,AFOLU,Emissions (CO2),kilotonnes,-137.3753,-51.7037,-51.7037,-51.7037,-51.7037,-51.7037,-51.7037,-51.7037,-51.7037,-51.7037,-51.7037,84.7,84.7,84.7,84.7,84.7,496.1,496.1,496.1,496.1,496.1
Iraq,AFOLU,Emissions (CO2eq) from CH4 (AR5),kilotonnes,3836.3135,3747.0571,3712.2729,3032.4283,3337.0161,3842.6264,3978.9147,4170.6453,4256.1619,5000.4843,5066.6168,5334.3223,5478.5855,5163.1592,5175.386,3788.8472,3959.559,4140.7531,3817.7932,5231.8432,4920.2049
Iraq,AFOLU,Emissions (CO2eq) from N2O (AR5),kilotonnes,3043.5082,4443.9696,4617.8528,1938.5423,2177.7442,2643.9804,2582.7365,2490.5214,2791.5492,3354.585,3200.2936,3431.3763,3575.8065,3581.3279,3222.8031,2409.1111,2696.0159,3133.053,3054.8203,3740.9723,3755.8853
Iraq,AFOLU,Emissions (CO2eq) (AR5),kilotonnes,6742.4464,8139.3231,8278.4221,4919.2669,5463.0567,6434.9031,6509.9475,6609.4631,6996.0074,8303.3656,8215.2068,8850.3985,9139.0919,8829.1871,8482.8891,6282.6584,7151.6749,7769.9062,7368.7136,9468.9155,9172.1903
Iraq,All sectors with LULUCF,Emissions (CH4),kilotonnes,2422.0198,2466.832,2231.5898,2175.3096,2525.1877,2403.2452,2468.1127,2353.9602,2498.0144,2804.5956,3100.9557,3394.5149,3768.6655,3785.403,3949.8393,4293.3197,5340.4162,5458.8871,5799.3524,5630.8538,5873.7235
Iraq,All sectors with LULUCF,Emissions (N2O),kilotonnes,18.8899,24.7537,25.3479,14.9983,16.5249,18.3383,18.0952,17.5922,19.1831,22.2538,22.3636,23.8206,25.3836,25.9544,24.8515,21.591,23.1936,24.9628,25.3476,28.5569,29.0732
Iraq,All sectors with LULUCF,Emissions (CO2),kilotonnes,79402.6247,91738.2963,94578.2963,103318.2963,114488.2963,116718.2963,98428.2963,62048.2963,92978.2963,103868.2963,112438.2963,136294.7,154194.7,167904.7,168774.7,169974.7,197256.1,211616.1,248986.1,235296.1,213296.1
Iraq,All sectors with LULUCF,Emissions (CO2eq) from F-gases (AR5),kilotonnes,33.0397,33.8171,34.6916,34.4973,36.1493,36.6351,40.425,42.7572,44.9922,33.5255,24.9741,36.1493,36.1493,36.2464,36.2464,36.3436,36.3436,36.4408,36.4408,36.4408,36.538
Iraq,All sectors with LULUCF,Emissions (CO2eq) from CH4 (AR5),kilotonnes,67816.5538,69071.2974,62484.5132,60908.6685,70705.2564,67290.8667,69107.1549,65910.8856,69944.4021,78528.6764,86826.761,95046.4183,105522.6336,105991.285,110595.5017,120212.9525,149531.6539,152848.8377,162381.8677,157663.9073,164464.2587
Iraq,All sectors with LULUCF,Emissions (CO2eq) from N2O (AR5),kilotonnes,5005.8332,6559.7296,6717.1828,3974.5373,4379.0992,4859.6454,4795.2215,4661.9314,5083.5342,5897.26,5926.3486,6312.4563,6726.6565,6877.9279,6585.6531,5721.6111,6146.3159,6615.153,6717.1203,7567.5723,7704.3853
Iraq,All sectors with LULUCF,Emissions (CO2eq) (AR5),kilotonnes,152258.0513,167403.1404,163814.6839,168235.9994,189608.8012,188905.4435,172371.0978,132663.8705,168051.2249,188327.7582,205216.3801,237689.7238,266480.1394,280810.1593,285992.1012,295945.6073,352970.4135,371116.5315,418121.5288,400564.0204,385501.282
Iraq,All sectors without LULUCF,Emissions (CH4),kilotonnes,2421.3639,2466.832,2231.5898,2175.3096,2525.1877,2403.2452,2468.1127,2353.9602,2498.0144,2804.5956,3100.9557,3394.5149,3768.6655,3785.403,3949.8393,4293.3197,5340.4162,5458.8871,5799.3524,5630.8538,5873.7235
Iraq,All sectors without LULUCF,Emissions (N2O),kilotonnes,18.8537,24.7537,25.3479,14.9983,16.5249,18.3383,18.0952,17.5922,19.1831,22.2538,22.3636,23.8206,25.3836,25.9544,24.8515,21.591,23.1936,24.9628,25.3476,28.5569,29.0732
Iraq,All sectors without LULUCF,Emissions (CO2),kilotonnes,79540,91790,94630,103370,114540,116770,98480,62100,93030,103920,112490,136210,154110,167820,168690,169890,196760,211120,248490,234800,212800
Iraq,All sectors without LULUCF,Emissions (CO2eq) from F-gases (AR5),kilotonnes,33.0397,33.8171,34.6916,34.4973,36.1493,36.6351,40.425,42.7572,44.9922,33.5255,24.9741,36.1493,36.1493,36.2464,36.2464,36.3436,36.3436,36.4408,36.4408,36.4408,36.538
Iraq,All sectors without LULUCF,Emissions (CO2eq) from CH4 (AR5),kilotonnes,67798.1898,69071.2974,62484.5132,60908.6685,70705.2564,67290.8667,69107.1549,65910.8856,69944.4021,78528.6764,86826.761,95046.4183,105522.6336,105991.285,110595.5017,120212.9525,149531.6539,152848.8377,162381.8677,157663.9073,164464.2587
Iraq,All sectors without LULUCF,Emissions (CO2eq) from N2O (AR5),kilotonnes,4996.2187,6559.7296,6717.1828,3974.5373,4379.0992,4859.6454,4795.2215,4661.9314,5083.5342,5897.26,5926.3486,6312.4563,6726.6565,6877.9279,6585.6531,5721.6111,6146.3159,6615.153,6717.1203,7567.5723,7704.3853
Iraq,All sectors without LULUCF,Emissions (CO2eq) (AR5),kilotonnes,152367.4482,167454.8441,163866.3876,168287.7031,189660.5049,188957.1472,172422.8014,132715.5742,168102.9286,188379.4619,205268.0837,237605.0238,266395.4394,280725.4593,285907.4012,295860.9073,352474.3135,370620.4315,417625.4288,400067.9204,385005.182
Ireland,Crop Residues,Direct emissions (N2O),kilotonnes,0.4051,0.4055,0.3749,0.4029,0.467,0.3659,0.3883,0.3721,0.4564,0.3846,0.3795,0.4617,0.3932,0.4388,0.4748,0.4771,0.4219,0.4357,0.3305,0.4127,0.3457
Ireland,Crop Residues,Direct emissions (N2O),kilotonnes,1.2971,1.1594,1.0561,1.0368,1.223,0.9378,0.508,0.4939,0.7523,0.6879,0.6566,0.7226,0.6464,0.7522,0.7475,0.7688,0.7027,0.7397,0.6273,0.732,0.6551
Ireland,Crop Residues,Indirect emissions (N2O),kilotonnes,0.0911,0.0912,0.0843,0.0907,0.1051,0.0823,0.0874,0.0837,0.1027,0.0865,0.0854,0.1039,0.0885,0.0987,0.1068,0.1073,0.0949,0.098,0.0744,0.0929,0.0778
Ireland,Crop Residues,Emissions (N2O),kilotonnes,0.4962,0.4967,0.4592,0.4936,0.5721,0.4482,0.4756,0.4559,0.5591,0.4711,0.4649,0.5655,0.4817,0.5375,0.5816,0.5844,0.5169,0.5337,0.4049,0.5056,0.4235
Ireland,Crop Residues,Emissions (N2O),kilotonnes,1.2971,1.1594,1.0561,1.0368,1.223,0.9378,0.508,0.4939,0.7523,0.6879,0.6566,0.7226,0.6464,0.7522,0.7475,0.7688,0.7027,0.7397,0.6273,0.732,0.6551
Ireland,Crop Residues,Emissions (CO2eq) from N2O (AR5),kilotonnes,131.4961,131.6245,121.6937,130.8062,151.6039,118.7846,126.0398,120.8085,148.1498,124.838,123.2089,149.8679,127.6567,142.4432,154.1362,154.8624,136.9657,141.4355,107.2923,133.9798,112.2196
Ireland,Crop Residues,Emissions (CO2eq) from N2O (AR5),kilotonnes,343.7273,307.2334,279.8648,274.7574,324.1015,248.5107,134.6258,130.8825,199.3468,182.3004,174.0006,191.4773,171.3053,199.3311,198.0999,203.7421,186.2256,196.0089,166.2279,193.9875,173.6146
Ireland,Crop Residues,Emissions (CO2eq) (AR5),kilotonnes,131.4961,131.6245,121.6937,130.8062,151.6039,118.7846,126.0398,120.8085,148.1498,124.838,123.2089,149.8679,127.6567,142.4432,154.1362,154.8624,136.9657,141.4355,107.2923,133.9798,112.2196
Ireland,Crop Residues,Emissions (CO2eq) (AR5),kilotonnes,343.7273,307.2334,279.8648,274.7574,324.1015,248.5107,134.6258,130.8825,199.3468,182.3004,174.0006,191.4773,171.3053,199.3311,198.0999,203.7421,186.2256,196.0089,166.2279,193.9875,173.6146
Ireland,Burning - Crop residues,Emissions (CH4),kilotonnes,0.0842,0.0917,0.1109,0.1034,0.1109,0.1028,0.0945,0.091,0.1196,0.0913,0.084,0.1017,0.1058,0.0654,0.0773,0.0705,0.0733,0.0724,0.0626,0.0686,0.0507
Ireland,Burning - Crop residues,Emissions (N2O),kilotonnes,0.0022,0.0024,0.0029,0.0027,0.0029,0.0027,0.0025,0.0024,0.0031,0.0024,0.0022,0.0026,0.0027,0.0017,0.002,0.0018,0.0019,0.0019,0.0016,0.0018,0.0013
Ireland,Burning - Crop residues,Emissions (CO2eq) from CH4 (AR5),kilotonnes,2.3587,2.5674,3.1056,2.894,3.1056,2.8788,2.646,2.5492,3.3476,2.5553,2.3527,2.8486,2.9635,1.8325,2.1652,1.9747,2.0533,2.0275,1.7533,1.9196,1.421
Ireland,Burning - Crop residues,Emissions (CO2eq) from N2O (AR5),kilotonnes,0.5788,0.63,0.762,0.7101,0.762,0.7064,0.6493,0.6255,0.8214,0.627,0.5773,0.699,0.7272,0.4497,0.5313,0.4845,0.5038,0.4975,0.4302,0.471,0.3487
Ireland,Burning - Crop residues,Emissions (CO2eq) (AR5),kilotonnes,2.9375,3.1973,3.8677,3.6041,3.8677,3.5852,3.2953,3.1747,4.169,3.1823,2.9299,3.5476,3.6907,2.2822,2.6965,2.4592,2.5571,2.525,2.1835,2.3907,1.7696
Ireland,Enteric Fermentation,Emissions (CH4),kilotonnes,536.1536,535.4058,530.1472,527.0512,527.3573,517.0425,514.7293,506.4379,503.671,500.778,483.0974,480.1305,499.2974,507.5793,513.313,519.9013,541.1086,551.2489,492.2858,493.8605,494.5518
Ireland,Enteric Fermentation,Emissions (CH4),kilotonnes,470.9119,469.7495,464.4187,465.4207,464.8462,463.9543,467.593,452.1449,450.7965,442.7148,431.3203,426.1815,452.6588,457.2748,454.9293,470.1793,482.9352,499.825,511.088,498.0188,504.2096
Ireland,Enteric Fermentation,Emissions (CO2eq) from CH4 (AR5),kilotonnes,15012.3022,14991.3624,14844.123,14757.4336,14766.0058,14477.1886,14412.4204,14180.2612,14102.788,14021.784,13526.7258,13443.654,13980.3258,14212.219,14372.7654,14557.235,15151.0394,15434.9688,13784.0011,13828.0953,13847.4495
Ireland,Enteric Fermentation,Emissions (CO2eq) from CH4 (AR5),kilotonnes,13185.5344,13152.9872,13003.7232,13031.7788,13015.6928,12990.7191,13092.6045,12660.056,12622.3034,12396.0154,12076.9684,11933.0824,12674.4461,12803.6934,12738.0216,13165.0193,13522.1861,13995.1011,14310.463,13944.5254,14117.8689
Ireland,Enteric Fermentation,Emissions (CO2eq) (AR5),kilotonnes,15012.3022,14991.3624,14844.123,14757.4336,14766.0058,14477.1886,14412.4204,14180.2612,14102.788,14021.784,13526.7258,13443.654,13980.3258,14212.219,14372.7654,14557.235,15151.0394,15434.9688,13784.0011,13828.0953,13847.4495
Ireland,Enteric Fermentation,Emissions (CO2eq) (AR5),kilotonnes,13185.5344,13152.9872,13003.7232,13031.7788,13015.6928,12990.7191,13092.6045,12660.056,12622.3034,12396.0154,12076.9684,11933.0824,12674.4461,12803.6934,12738.0216,13165.0193,13522.1861,13995.1011,14310.463,13944.5254,14117.8689
Ireland,Manure Management,Emissions (CH4),kilotonnes,73.2639,73.5039,73.1357,72.6228,72.2568,70.7937,70.8486,69.9051,69.1889,68.6509,67.3783,67.636,69.8013,70.8769,72.0238,73.1988,76.6868,77.8523,72.1154,73.0518,73.7517
Ireland,Manure Management,Emissions (CH4),kilotonnes,56.2009,56.8565,56.6832,56.2817,55.7165,56.5305,56.8548,54.94,54.8662,54.3939,53.6965,53.8283,57.6365,58.1183,57.6255,59.8408,61.6134,63.2961,64.7467,62.8718,63.8931
Ireland,Manure Management,Emissions (N2O),kilotonnes,3.9438,3.947,3.9157,3.9002,3.8988,3.8217,3.8252,3.779,3.7673,3.7564,3.6346,3.6239,3.7546,3.8252,3.8768,3.9352,4.1109,4.1875,3.8117,3.8395,3.854
Ireland,Manure Management,Emissions (N2O),kilotonnes,1.8448,1.8687,1.887,1.8851,1.8511,1.9241,1.9644,1.8583,1.8811,1.8516,1.7814,1.7608,1.9523,1.9347,1.8238,1.9182,1.972,2.041,2.1567,2.0025,2.0224
Ireland,Manure Management,Emissions (CO2eq) from CH4 (AR5),kilotonnes,2051.3894,2058.1087,2047.801,2033.4392,2023.19,1982.2243,1983.7612,1957.343,1937.289,1922.2247,1886.593,1893.8092,1954.4356,1984.5543,2016.6657,2049.5677,2147.2293,2179.8644,2019.2312,2045.4515,2065.0479
Ireland,Manure Management,Emissions (CO2eq) from CH4 (AR5),kilotonnes,1573.6265,1591.9829,1587.1303,1575.8875,1560.0609,1582.8543,1591.9353,1538.3207,1536.2539,1523.029,1503.5026,1507.1931,1613.823,1627.3132,1613.5129,1675.5411,1725.1756,1772.2903,1812.9072,1760.411,1789.0059
Ireland,Manure Management,Emissions (CO2eq) from N2O (AR5),kilotonnes,1045.1177,1045.9523,1037.6509,1033.5552,1033.1752,1012.7561,1013.6785,1001.4375,998.3325,995.4556,963.1737,960.3254,994.9727,1013.6853,1027.3411,1042.8234,1089.3755,1109.6963,1010.0919,1017.4611,1021.3206
Ireland,Manure Management,Emissions (CO2eq) from N2O (AR5),kilotonnes,488.8713,495.2077,500.0468,499.56,490.5373,509.8917,520.5548,492.4405,498.502,490.6725,472.0637,466.6215,517.359,512.6827,483.2974,508.3298,522.5704,540.8578,571.5213,530.6555,535.9342
Ireland,Manure Management,Emissions (CO2eq) (AR5),kilotonnes,3096.5071,3104.061,3085.4518,3066.9944,3056.3651,2994.9804,2997.4397,2958.7805,2935.6215,2917.6802,2849.7667,2854.1346,2949.4083,2998.2395,3044.0068,3092.3911,3236.6048,3289.5606,3029.3231,3062.9126,3086.3685
Ireland,Manure Management,Emissions (CO2eq) (AR5),kilotonnes,2062.4978,2087.1906,2087.1771,2075.4475,2050.5983,2092.746,2112.4901,2030.7612,2034.7559,2013.7015,1975.5663,1973.8146,2131.182,2139.996,2096.8103,2183.8709,2247.746,2313.1482,2384.4285,2291.0664,2324.94
Ireland,Manure left on Pasture,Direct emissions (N2O),kilotonnes,5.3601,5.3212,5.2652,5.1924,5.1871,5.0843,4.9993,4.8645,4.7807,4.7188,4.5676,4.5348,4.744,4.7837,4.8202,4.8582,5.0126,5.0896,4.3987,4.3911,4.393
Ireland,Manure left on Pasture,Indirect emissions (N2O),kilotonnes,1.478,1.46,1.443,1.4115,1.4075,1.3697,1.3341,1.286,1.249,1.2238,1.1911,1.1879,1.2478,1.2479,1.2588,1.2686,1.3031,1.3193,1.111,1.1096,1.1126
Ireland,Manure left on Pasture,Emissions (N2O),kilotonnes,6.838,6.7811,6.7082,6.6039,6.5947,6.454,6.3334,6.1506,6.0297,5.9426,5.7587,5.7227,5.9918,6.0316,6.079,6.1268,6.3157,6.4088,5.5097,5.5007,5.5056
Ireland,Manure left on Pasture,Emissions (CO2eq) from N2O (AR5),kilotonnes,1812.0824,1797.0032,1777.6787,1750.0341,1747.5863,1710.3029,1678.3511,1629.8988,1597.8594,1574.7989,1526.0514,1516.5186,1587.8391,1598.3783,1610.9341,1623.6056,1673.6611,1698.3395,1460.0798,1457.6792,1458.9967
Ireland,Manure left on Pasture,Emissions (CO2eq) (AR5),kilotonnes,1812.0824,1797.0032,1777.6787,1750.0341,1747.5863,1710.3029,1678.3511,1629.8988,1597.8594,1574.7989,1526.0514,1516.5186,1587.8391,1598.3783,1610.9341,1623.6056,1673.6611,1698.3395,1460.0798,1457.6792,1458.9967
Ireland,Manure applied to Soils,Direct emissions (N2O),kilotonnes,3.9963,3.9944,3.9678,3.9471,3.9422,3.88,3.8744,3.8191,3.7977,3.7856,3.6681,3.6518,3.7867,3.8535,3.8955,3.9423,4.1058,4.1769,3.7911,3.8119,3.8243
Ireland,Manure applied to Soils,Direct emissions (N2O),kilotonnes,2.4795,2.512,2.5356,2.535,2.4993,2.5919,2.6488,2.5224,2.5639,2.5423,2.4562,2.4328,2.6893,2.6904,2.5684,2.6947,2.787,2.8798,3.033,2.8394,2.8596
Ireland,Manure applied to Soils,Indirect emissions (N2O),kilotonnes,1.6984,1.6976,1.6863,1.6775,1.6754,1.649,1.6466,1.6231,1.614,1.6089,1.5589,1.552,1.6094,1.6377,1.6556,1.6755,1.745,1.7752,1.6112,1.6201,1.6253
Ireland,Manure applied to Soils,Emissions (N2O),kilotonnes,5.6947,5.692,5.6542,5.6247,5.6177,5.529,5.5211,5.4422,5.4117,5.3945,5.2271,5.2038,5.3961,5.4912,5.551,5.6177,5.8508,5.952,5.4023,5.4319,5.4496
Ireland,Manure applied to Soils,Emissions (N2O),kilotonnes,2.4795,2.512,2.5356,2.535,2.4993,2.5919,2.6488,2.5224,2.5639,2.5423,2.4562,2.4328,2.6893,2.6904,2.5684,2.6947,2.787,2.8798,3.033,2.8394,2.8596
Ireland,Manure applied to Soils,Emissions (CO2eq) from N2O (AR5),kilotonnes,1509.0915,1508.387,1498.3558,1490.5326,1488.6793,1465.1975,1463.0867,1442.1815,1434.0927,1429.5551,1385.1707,1378.9988,1429.9706,1455.1809,1471.0196,1488.6979,1550.4579,1577.2832,1431.5976,1439.4628,1444.1426
Ireland,Manure applied to Soils,Emissions (CO2eq) from N2O (AR5),kilotonnes,657.0708,665.6824,671.9266,671.7871,662.3175,686.8667,701.9278,668.4454,679.4243,673.721,650.8976,644.6837,712.6671,712.9646,680.6339,714.0951,738.5431,763.1523,803.7366,752.4319,757.7975
Ireland,Manure applied to Soils,Emissions (CO2eq) (AR5),kilotonnes,1509.0915,1508.387,1498.3558,1490.5326,1488.6793,1465.1975,1463.0867,1442.1815,1434.0927,1429.5551,1385.1707,1378.9988,1429.9706,1455.1809,1471.0196,1488.6979,1550.4579,1577.2832,1431.5976,1439.4628,1444.1426
Ireland,Manure applied to Soils,Emissions (CO2eq) (AR5),kilotonnes,657.0708,665.6824,671.9266,671.7871,662.3175,686.8667,701.9278,668.4454,679.4243,673.721,650.8976,644.6837,712.6671,712.9646,680.6339,714.0951,738.5431,763.1523,803.7366,752.4319,757.7975
Ireland,Synthetic Fertilizers,Direct emissions (N2O),kilotonnes,5.7893,5.7514,5.7123,6.1474,5.534,5.4238,5.0535,4.8551,4.8212,5.6948,4.9288,4.6599,5.5478,5.2137,5.2137,5.2008,5.3288,5.8,6.4192,5.7729,5.9639
Ireland,Synthetic Fertilizers,Direct emissions (N2O),kilotonnes,7.9194,7.1566,7.0754,7.6417,7.2116,7.0542,6.7931,6.4932,6.034,5.7365,6.8541,5.7062,5.9933,7.2271,6.6754,6.5593,6.5478,7.2222,7.9894,7.0984,7.2347
Ireland,Synthetic Fertilizers,Indirect emissions (N2O),kilotonnes,1.8815,1.8692,1.8565,1.9979,1.7986,1.7628,1.6424,1.5779,1.5669,1.8508,1.6019,1.5145,1.803,1.6945,1.6945,1.6903,1.7319,1.885,2.0862,1.8762,1.9383
Ireland,Synthetic Fertilizers,Emissions (N2O),kilotonnes,7.6708,7.6206,7.5689,8.1453,7.3326,7.1866,6.6959,6.433,6.3881,7.5456,6.5306,6.1743,7.3509,6.9082,6.9082,6.891,7.0606,7.685,8.5054,7.649,7.9021
Ireland,Synthetic Fertilizers,Emissions (N2O),kilotonnes,7.9194,7.1566,7.0754,7.6417,7.2116,7.0542,6.7931,6.4932,6.034,5.7365,6.8541,5.7062,5.9933,7.2271,6.6754,6.5593,6.5478,7.2222,7.9894,7.0984,7.2347
Ireland,Synthetic Fertilizers,Emissions (CO2eq) from N2O (AR5),kilotonnes,2032.768,2019.4704,2005.7479,2158.5159,1943.1333,1904.4488,1774.4192,1704.742,1692.8569,1999.5791,1730.6144,1636.1903,1947.9833,1830.6664,1830.6664,1826.1254,1871.0669,2036.5145,2253.9441,2026.9965,2094.0639
Ireland,Synthetic Fertilizers,Emissions (CO2eq) from N2O (AR5),kilotonnes,2098.6524,1896.5069,1874.9811,2025.0542,1911.0806,1869.3718,1800.1757,1720.6885,1599.0213,1520.1594,1816.3239,1512.1502,1588.2302,1915.1745,1768.9776,1738.2083,1735.1563,1913.8909,2117.1831,1881.0746,1917.2019
Ireland,Synthetic Fertilizers,Emissions (CO2eq) (AR5),kilotonnes,2032.768,2019.4704,2005.7479,2158.5159,1943.1333,1904.4488,1774.4192,1704.742,1692.8569,1999.5791,1730.6144,1636.1903,1947.9833,1830.6664,1830.6664,1826.1254,1871.0669,2036.5145,2253.9441,2026.9965,2094.0639
Ireland,Synthetic Fertilizers,Emissions (CO2eq) (AR5),kilotonnes,2098.6524,1896.5069,1874.9811,2025.0542,1911.0806,1869.3718,1800.1757,1720.6885,1599.0213,1520.1594,1816.3239,1512.1502,1588.2302,1915.1745,1768.9776,1738.2083,1735.1563,1913.8909,2117.1831,1881.0746,1917.2019
Ireland,Drained organic soils,Emissions (CO2eq) (AR5),kilotonnes,13276.2676,13260.9843,13242.2735,13212.4892,13172.3167,13160.1267,13152.2148,13129.8919,13107.1298,13064.5916,13050.9039,13049.9721,13045.1799,13043.0397,13012.4917,13012.4917,12998.3873,12988.7398,12973.5289,12869.5748,12860.6289
Ireland,Drained organic soils,Emissions (CO2eq) (AR5),kilotonnes,1029.8659,1024.4317,1019.2766,1014.9343,1011.7639,1023.9273,1024.0632,1016.8961,1018.6394,1013.3261,1022.491,1019.2995,1018.4376,1009.425,1006.8789,1001.0289,1001.2188,1001.4356,1001.8479,999.1056,1001.0796
Ireland,Drained organic soils (CO2),Emissions (CO2),kilotonnes,11204.6076,11191.7424,11175.9904,11150.9308,11117.1512,11106.9013,11100.2488,11081.3641,11062.2188,11026.4857,11014.9764,11014.1959,11010.1623,11008.3839,10982.6395,10982.6395,10970.7111,10962.5952,10949.8196,10862.244,10854.7163
Ireland,Drained organic soils (CO2),Emissions (CO2),kilotonnes,368.1996,362.7655,357.6104,353.2681,350.0977,362.2611,362.397,357.8783,364.7049,361.98,376.5044,377.0353,380.134,375.3359,377.361,376.3544,381.5879,386.7678,389.7971,390.4514,394.0587
Ireland,Drained organic soils (CO2),Emissions (CO2eq) (AR5),kilotonnes,11204.6076,11191.7424,11175.9904,11150.9308,11117.1512,11106.9013,11100.2488,11081.3641,11062.2188,11026.4857,11014.9764,11014.1959,11010.1623,11008.3839,10982.6395,10982.6395,10970.7111,10962.5952,10949.8196,10862.244,10854.7163
Ireland,Drained organic soils (CO2),Emissions (CO2eq) (AR5),kilotonnes,368.1996,362.7655,357.6104,353.2681,350.0977,362.2611,362.397,357.8783,364.7049,361.98,376.5044,377.0353,380.134,375.3359,377.361,376.3544,381.5879,386.7678,389.7971,390.4514,394.0587
Ireland,Drained organic soils (N2O),Emissions (N2O),kilotonnes,7.8176,7.8085,7.7973,7.7795,7.7553,7.748,7.7433,7.7303,7.7166,7.691,7.6827,7.6822,7.6793,7.6779,7.6598,7.6598,7.6516,7.6458,7.6366,7.5748,7.5695
Ireland,Drained organic soils (N2O),Emissions (N2O),kilotonnes,2.4969,2.4969,2.4969,2.4969,2.4969,2.4969,2.4969,2.4869,2.4677,2.4579,2.4377,2.4236,2.4087,2.3928,2.3755,2.3573,2.3382,2.3195,2.3096,2.2968,2.2906
Ireland,Drained organic soils (N2O),Emissions (CO2eq) from N2O (AR5),kilotonnes,2071.66,2069.2419,2066.2831,2061.5584,2055.1655,2053.2254,2051.966,2048.5279,2044.911,2038.1059,2035.9275,2035.7762,2035.0176,2034.6558,2029.8522,2029.8522,2027.6762,2026.1446,2023.7093,2007.3307,2005.9125
Ireland,Drained organic soils (N2O),Emissions (CO2eq) from N2O (AR5),kilotonnes,661.6662,661.6662,661.6662,661.6662,661.6662,661.6662,661.6662,659.0178,653.9345,651.3461,645.9867,642.2642,638.3037,634.0891,629.518,624.6745,619.6308,614.6677,612.0508,608.6542,607.021
Ireland,Drained organic soils (N2O),Emissions (CO2eq) (AR5),kilotonnes,2071.66,2069.2419,2066.2831,2061.5584,2055.1655,2053.2254,2051.966,2048.5279,2044.911,2038.1059,2035.9275,2035.7762,2035.0176,2034.6558,2029.8522,2029.8522,2027.6762,2026.1446,2023.7093,2007.3307,2005.9125
Ireland,Drained organic soils (N2O),Emissions (CO2eq) (AR5),kilotonnes,661.6662,661.6662,661.6662,661.6662,661.6662,661.6662,661.6662,659.0178,653.9345,651.3461,645.9867,642.2642,638.3037,634.0891,629.518,624.6745,619.6308,614.6677,612.0508,608.6542,607.021
Ireland,On-farm energy use,Emissions (CH4),kilotonnes,0.2988,0.3153,0.347,0.4274,0.4709,0.4842,0.4791,0.4713,0.4844,0.4429,0.4419,0.3675,0.3659,0.3817,0.3509,0.3393,0.3104,0.2527,0.2265,0.2016,0.2016
Ireland,On-farm energy use,Emissions (N2O),kilotonnes,0.3636,0.3686,0.3638,0.3813,0.3754,0.3914,0.3718,0.3496,0.3508,0.3051,0.3039,0.2727,0.2629,0.2532,0.2395,0.232,0.2146,0.2254,0.2424,0.243,0.243
Ireland,On-farm energy use,Emissions (CO2),kilotonnes,1141.2324,1156.3859,1148.6122,1220.5846,1228.2283,1278.4292,1241.7868,1174.6849,1192.9602,1051.0189,1058.6206,943.2141,920.9597,900.9891,845.7313,820.2782,766.4506,768.756,799.7005,790.4944,790.4944
Ireland,On-farm energy use,Emissions (CO2eq) from CH4 (AR5),kilotonnes,8.3661,8.827,9.7156,11.9668,13.1853,13.5589,13.4139,13.1956,13.5641,12.4014,12.3726,10.2911,10.2454,10.6871,9.8246,9.5014,8.6913,7.0767,6.341,5.6443,5.6443
Ireland,On-farm energy use,Emissions (CO2eq) from N2O (AR5),kilotonnes,96.3585,97.6697,96.3957,101.0518,99.4845,103.7331,98.532,92.6364,92.9736,80.8465,80.525,72.2741,69.6688,67.0865,63.4584,61.4781,56.8813,59.725,64.24,64.3963,64.3963
Ireland,On-farm energy use,Emissions (CO2eq) (AR5),kilotonnes,1245.957,1262.8826,1254.7235,1333.6031,1340.8981,1395.7213,1353.7327,1280.517,1299.4979,1144.2668,1151.5183,1025.7792,1000.8739,978.7628,919.0143,891.2577,832.0232,835.5578,870.2815,860.5349,860.5349
Ireland,Forestland,Emissions (CO2),kilotonnes,-3578.095,-3243.3242,-3243.3242,-3243.3242,-3243.3242,-3243.3242,-3243.3242,-3243.3242,-3243.3242,-3243.3242,-3243.3242,-3344.1182,-3344.1182,-3344.1182,-3344.1182,-3344.1182,-3889.1933,-3889.1933,-3889.1933,-3889.1933,-3889.1933
Ireland,Forestland,Emissions (CO2),kilotonnes,-584.2084,-1088.8163,-850.7189,-1158.8792,-1753.3315,-1411.7746,-2006.6971,-1921.9489,-2882.852,-2793.7615,-2762.4067,-2995.5852,-3167.6467,-3572.2252,-3109.5696,-3595.157,-3077.4804,-2662.5927,-2427.4893,-2265.0488,-2483.3804
Ireland,Forestland,Emissions (CO2eq) (AR5),kilotonnes,-3578.095,-3243.3242,-3243.3242,-3243.3242,-3243.3242,-3243.3242,-3243.3242,-3243.3242,-3243.3242,-3243.3242,-3243.3242,-3344.1182,-3344.1182,-3344.1182,-3344.1182,-3344.1182,-3889.1933,-3889.1933,-3889.1933,-3889.1933,-3889.1933
Ireland,Forestland,Emissions (CO2eq) (AR5),kilotonnes,-584.2084,-1088.8163,-850.7189,-1158.8792,-1753.3315,-1411.7746,-2006.6971,-1921.9489,-2882.852,-2793.7615,-2762.4067,-2995.5852,-3167.6467,-3572.2252,-3109.5696,-3595.157,-3077.4804,-2662.5927,-2427.4893,-2265.0488,-2483.3804
Ireland,Net Forest conversion,Emissions (CO2),kilotonnes,0,12.7893,12.7893,12.7893,12.7893,12.7893,12.7893,12.7893,12.7893,12.7893,12.7893,0,0,0,0,0,0,0,0,0,0
Ireland,Net Forest conversion,Emissions (CO2),kilotonnes,299.4438,309.77,312.0293,314.2885,316.5478,317.2641,1606.328,707.3806,461.9373,384.9098,207.3901,316.2387,237.3448,843.2621,38.0201,1124.2594,142.9152,66.3235,69.5809,57.5694,95.2803
Ireland,Net Forest conversion,Emissions (CO2eq) (AR5),kilotonnes,0,12.7893,12.7893,12.7893,12.7893,12.7893,12.7893,12.7893,12.7893,12.7893,12.7893,0,0,0,0,0,0,0,0,0,0
Ireland,Net Forest conversion,Emissions (CO2eq) (AR5),kilotonnes,299.4438,309.77,312.0293,314.2885,316.5478,317.2641,1606.328,707.3806,461.9373,384.9098,207.3901,316.2387,237.3448,843.2621,38.0201,1124.2594,142.9152,66.3235,69.5809,57.5694,95.2803
Ireland,Savanna fires,Emissions (CH4),kilotonnes,0.029,0,0,0.0092,0,0.0046,0.0063,0.0293,0,0,0.0757,0.0518,0.0008,0,0,0.0424,0.0002,0.0349,0.0099,0.0085,0.0056
Ireland,Savanna fires,Emissions (CH4),kilotonnes,0.4065,1.081,0.0956,1.1096,0.6893,0.601,0.4167,0.2319,0.1874,0.1535,1.5524,0.5086,0.0569,0.4466,0.714,0.2334,0.0609,1.0446,0.3563,0.1383,0.1019
Ireland,Savanna fires,Emissions (N2O),kilotonnes,0.0026,0,0,0.0008,0,0.0004,0.0006,0.0027,0,0,0.0069,0.0047,0.0001,0,0,0.0039,0,0.0032,0.0009,0.0008,0.0005
Ireland,Savanna fires,Emissions (N2O),kilotonnes,0.0104,0.0278,0.0025,0.0285,0.0177,0.0154,0.0107,0.006,0.0048,0.0039,0.0399,0.0131,0.0015,0.0115,0.0184,0.006,0.0016,0.027,0.0092,0.0036,0.0026
Ireland,Savanna fires,Emissions (CO2eq) from CH4 (AR5),kilotonnes,0.811,0,0,0.2585,0,0.1298,0.1777,0.8202,0,0,2.1186,1.4507,0.0228,0,0,1.1859,0.0057,0.9767,0.2778,0.238,0.1573
Ireland,Savanna fires,Emissions (CO2eq) from CH4 (AR5),kilotonnes,11.3814,30.2694,2.6782,31.069,19.2992,16.8283,11.6664,6.4928,5.2463,4.2975,43.4679,14.2418,1.5926,12.5046,19.992,6.535,1.7048,29.2488,9.9758,3.8736,2.8543
Ireland,Savanna fires,Emissions (CO2eq) from N2O (AR5),kilotonnes,0.7009,0,0,0.2234,0,0.1122,0.1535,0.7088,0,0,1.8307,1.2536,0.0197,0,0,1.0248,0.0049,0.844,0.24,0.2057,0.1359
Ireland,Savanna fires,Emissions (CO2eq) from N2O (AR5),kilotonnes,2.7686,7.3623,0.6513,7.5551,4.6923,4.0909,2.8356,1.5786,1.2764,1.0458,10.5853,3.4698,0.3882,3.0498,4.8791,1.596,0.4167,7.1539,2.4409,0.9483,0.6989
Ireland,Savanna fires,Emissions (CO2eq) (AR5),kilotonnes,1.5119,0,0,0.4819,0,0.2419,0.3312,1.529,0,0,3.9494,2.7043,0.0424,0,0,2.2107,0.0106,1.8207,0.5178,0.4437,0.2932
Ireland,Savanna fires,Emissions (CO2eq) (AR5),kilotonnes,14.15,37.6316,3.3295,38.6241,23.9915,20.9193,14.502,8.0714,6.5227,5.3433,54.0532,17.7116,1.9808,15.5544,24.8712,8.1311,2.1215,36.4027,12.4167,4.8219,3.5532
Ireland,Fires in organic soils,Emissions (CH4),kilotonnes,0,0,0,0,0,0,0,0,0,0,0,0,0,0,0,0,0,0,0,0,0
Ireland,Fires in organic soils,Emissions (CO2),kilotonnes,0,0,0,0,0,0,0,0,0,0,0,0,0,0,0,0,0,0,0,0,0
Ireland,Fires in organic soils,Emissions (CO2eq) from CH4 (AR5),kilotonnes,0,0,0,0,0,0,0,0,0,0,0,0,0,0,0,0,0,0,0,0,0
Ireland,Fires in organic soils,Emissions (CO2eq) (AR5),kilotonnes,0,0,0,0,0,0,0,0,0,0,0,0,0,0,0,0,0,0,0,0,0
Ireland,Forest fires,Emissions (CH4),kilotonnes,0.0295,0,0,0.0075,0,0,0,0.015,0,0,0,0,0,0,0,0.005,0,0.0225,0.0125,0,0.0175
Ireland,Forest fires,Emissions (N2O),kilotonnes,0.0016,0,0,0.0007,0,0,0,0.0014,0,0,0,0,0,0,0,0.0005,0,0.0021,0.0011,0,0.0016
Ireland,Forest fires,Emissions (CO2eq) from CH4 (AR5),kilotonnes,0.8259,0,0,0.2099,0,0,0,0.4197,0,0,0,0,0,0,0,0.1399,0,0.6297,0.3498,0,0.4897
Ireland,Forest fires,Emissions (CO2eq) from N2O (AR5),kilotonnes,0.4325,0,0,0.1814,0,0,0,0.3627,0,0,0,0,0,0,0,0.1209,0,0.5441,0.3023,0,0.4232
Ireland,Forest fires,Emissions (CO2eq) (AR5),kilotonnes,1.2583,0,0,0.3912,0,0,0,0.7824,0,0,0,0,0,0,0,0.2608,0,1.1738,0.6521,0,0.9129
Ireland,Fires in humid tropical forests,Emissions (CH4),kilotonnes,0,0,0,0,0,0,0,0,0,0,0,0,0,0,0,0,0,0,0,0,0
Ireland,Fires in humid tropical forests,Emissions (N2O),kilotonnes,0,0,0,0,0,0,0,0,0,0,0,0,0,0,0,0,0,0,0,0,0
Ireland,Fires in humid tropical forests,Emissions (CO2eq) from CH4 (AR5),kilotonnes,0,0,0,0,0,0,0,0,0,0,0,0,0,0,0,0,0,0,0,0,0
Ireland,Fires in humid tropical forests,Emissions (CO2eq) from N2O (AR5),kilotonnes,0,0,0,0,0,0,0,0,0,0,0,0,0,0,0,0,0,0,0,0,0
Ireland,Fires in humid tropical forests,Emissions (CO2eq) (AR5),kilotonnes,0,0,0,0,0,0,0,0,0,0,0,0,0,0,0,0,0,0,0,0,0
Ireland,Waste - agri-food systems,Emissions (CH4),kilotonnes,20.983,21.4111,21.2441,21.3236,21.6382,21.8171,22.4705,23.1914,23.4825,23.849,24.5508,24.9856,25.2392,25.7397,24.8533,25.214,25.8935,26.2363,26.746,27.1549,27.5395
Ireland,Waste - agri-food systems,Emissions (N2O),kilotonnes,0.2608,0.2766,0.2693,0.2748,0.2789,0.284,0.3016,0.3127,0.3259,0.3353,0.3479,0.3504,0.3544,0.3742,0.3721,0.3977,0.3981,0.4002,0.4126,0.4244,0.4355
Ireland,Waste - agri-food systems,Emissions (CO2),kilotonnes,25.3797,25.4672,25.6296,25.8774,26.0435,26.1299,26.2216,26.3731,26.3928,26.2399,26.1762,26.2505,26.1924,26.2476,26.331,26.4499,26.4748,26.5903,26.7285,26.7644,26.8295
Ireland,Waste - agri-food systems,Emissions (CO2eq) from CH4 (AR5),kilotonnes,587.524,599.5112,594.8353,597.0597,605.8697,610.879,629.1744,649.3601,657.5099,667.7726,687.4219,699.598,706.6969,720.7122,695.8931,705.9921,725.0172,734.6172,748.8869,760.3375,771.1061
Ireland,Waste - agri-food systems,Emissions (CO2eq) from N2O (AR5),kilotonnes,69.116,73.3074,71.3656,72.8237,73.921,75.2553,79.9119,82.8687,86.3544,88.8577,92.2059,92.846,93.9037,99.1639,98.6153,105.3813,105.4895,106.0423,109.3287,112.4698,115.4061
Ireland,Waste - agri-food systems,Emissions (CO2eq) (AR5),kilotonnes,682.0197,698.2858,691.8305,695.7609,705.8343,712.2642,735.3079,758.6019,770.2572,782.8701,805.804,818.6945,826.7929,846.1237,820.8394,837.8233,856.9815,867.2497,884.944,899.5717,913.3417
Ireland,On-farm electricity use,Emissions (CH4),kilotonnes,0.684,0.726,0.726,0.726,0.7296,0.7716,0.7356,0.6732,0.6732,0.6696,0.6696,0.6696,0.6696,0.6696,0.6696,0.6696,0.6696,0.6696,0.6696,0.6696,0.6696
Ireland,On-farm electricity use,Emissions (N2O),kilotonnes,0.0037,0.0039,0.0039,0.0039,0.0039,0.0041,0.0039,0.0036,0.0036,0.0036,0.0036,0.0036,0.0036,0.0035,0.0035,0.0036,0.0036,0.0036,0.0036,0.0036,0.0036
Ireland,On-farm electricity use,Emissions (CO2),kilotonnes,366.0032,404.2739,384.1026,362.2388,349.3487,374.9594,328.2938,285.803,263.6643,251.3604,255.1602,236.6193,254.7736,282.3391,282.3391,282.339,282.339,282.3391,282.3391,282.3391,282.3391
Ireland,On-farm electricity use,Emissions (CO2eq) from CH4 (AR5),kilotonnes,19.152,20.328,20.328,20.328,20.4288,21.6048,20.5968,18.8496,18.8496,18.7488,18.7488,18.7488,18.7488,18.7488,18.7488,18.7488,18.7488,18.7488,18.7488,18.7488,18.7488
Ireland,On-farm electricity use,Emissions (CO2eq) from N2O (AR5),kilotonnes,0.9805,1.0335,1.0335,1.0335,1.0335,1.0865,1.0335,0.954,0.954,0.954,0.954,0.954,0.954,0.9275,0.9275,0.954,0.954,0.954,0.954,0.954,0.954
Ireland,On-farm electricity use,Emissions (CO2eq) (AR5),kilotonnes,386.1357,425.6354,405.4641,383.6003,370.811,397.6507,349.9241,305.6066,283.4679,271.0632,274.863,256.3221,274.4764,302.0154,302.0154,302.0418,302.0418,302.0419,302.0419,302.0419,302.0419
Ireland,Food Processing,Emissions (CH4),kilotonnes,2.2413,2.2991,2.3082,2.158,2.0422,2.2937,2.2187,2.0351,1.8961,2.0639,2.3577,2.462,2.3708,2.4094,2.4365,2.5538,2.6345,2.6646,2.8328,2.8328,2.8655
Ireland,Food Processing,Emissions (N2O),kilotonnes,0.0219,0.0202,0.0192,0.0191,0.0178,0.0225,0.0194,0.0169,0.0169,0.0169,0.0174,0.0181,0.0176,0.0181,0.0179,0.0191,0.0194,0.0197,0.0205,0.0205,0.0187
Ireland,Food Processing,Emissions (CO2),kilotonnes,2563.7499,2444.9312,2274.8513,2157.916,2028.4264,2404.2077,2041.3758,1666.7751,1640.069,1536.1745,1567.3763,1615.8483,1608.5573,1757.2496,1715.0225,1852.8421,1899.2731,1940.0546,2031.4421,2031.4421,1792.0879
Ireland,Food Processing,Emissions (CO2eq) from CH4 (AR5),kilotonnes,62.7564,64.3748,64.6296,60.424,57.1816,64.2236,62.1236,56.9828,53.0908,57.7892,66.0156,68.936,66.3824,67.4632,68.222,71.5064,73.766,74.6088,79.3184,79.3184,80.2339
Ireland,Food Processing,Emissions (CO2eq) from N2O (AR5),kilotonnes,5.8035,5.353,5.088,5.0615,4.717,5.9625,5.141,4.4785,4.4785,4.4785,4.611,4.7965,4.664,4.7965,4.7435,5.0615,5.141,5.2205,5.4325,5.4325,4.9683
Ireland,Food Processing,Emissions (CO2eq) (AR5),kilotonnes,2632.3098,2514.659,2344.5689,2223.4015,2090.325,2474.3938,2108.6404,1728.2364,1697.6383,1598.4422,1638.0029,1689.5808,1679.6037,1829.5093,1787.988,1929.41,1978.1801,2019.8839,2116.193,2116.193,1877.2902
Ireland,Food Packaging,Emissions (CH4),kilotonnes,1.9973,2.127,2.3648,2.5945,3.0435,2.2646,2.4183,2.4843,2.3432,2.1361,2.0679,1.9356,1.8345,1.9331,0.6083,1.8944,2.1537,2.2037,2.2407,2.4725,2.501
Ireland,Food Packaging,Emissions (N2O),kilotonnes,0.0043,0.004,0.004,0.004,0.004,0.0044,0.0052,0.0052,0.005,0.0046,0.0044,0.0043,0.0042,0.0041,0.0032,0.0044,0.0044,0.0045,0.0046,0.005,0.0046
Ireland,Food Packaging,Emissions (CO2),kilotonnes,459.7003,459.1005,447.6164,450.8583,431.4483,429.7326,522.6506,508.8292,465.5619,434.3219,442.0979,401.7493,398.887,430.918,436.4467,500.3404,490.828,513.2752,511.6114,533.0116,470.2096
Ireland,Food Packaging,Emissions (CO2eq) from CH4 (AR5),kilotonnes,55.9244,59.556,66.2144,72.646,85.218,63.4088,67.7124,69.5604,65.6096,59.8108,57.9012,54.1968,51.366,54.1268,17.0324,53.0432,60.3036,61.7036,62.7396,69.23,70.0291
Ireland,Food Packaging,Emissions (CO2eq) from N2O (AR5),kilotonnes,1.1395,1.06,1.06,1.06,1.06,1.166,1.378,1.378,1.325,1.219,1.166,1.1395,1.113,1.0865,0.848,1.166,1.166,1.1925,1.219,1.325,1.2118
Ireland,Food Packaging,Emissions (CO2eq) (AR5),kilotonnes,516.7642,519.7165,514.8908,524.5643,517.7263,494.3074,591.741,579.7676,532.4965,495.3517,501.1651,457.0856,451.366,486.1313,454.3271,554.5496,552.2976,576.1713,575.57,603.5666,541.4505
Ireland,Food Retail,Emissions (CH4),kilotonnes,0.7469,0.7886,0.8999,1.0888,1.0887,1.1285,1.0845,1.161,1.2728,1.0569,0.9539,0.8649,0.8356,0.8464,0.855,0.8956,0.923,0.9335,0.9913,1.1437,1.1569
Ireland,Food Retail,Emissions (N2O),kilotonnes,0.0056,0.0059,0.0065,0.0078,0.0076,0.0079,0.0076,0.0081,0.0087,0.0071,0.0065,0.0058,0.0056,0.0055,0.0053,0.0056,0.0058,0.0059,0.0062,0.0071,0.0065
Ireland,Food Retail,Emissions (CO2),kilotonnes,666.0393,713.1772,746.1714,832.5781,792.5816,833.1552,768.0196,792.254,805.8007,666.1845,630.7446,531.6916,547.482,570.8665,549.1843,574.4628,596.9876,616.5851,657.3189,681.6369,601.3232
Ireland,Food Retail,Emissions (CO2eq) from F-gases (AR5),kilotonnes,429.107,525.734,615.6075,707.0395,803.147,915.359,1009.908,1104.457,1119.5225,1126.7955,1130.9515,1134.0685,1135.627,1137.1855,1137.1855,1137.1855,1228.098,1251.995,1275.3725,1299.2695,902.2705
Ireland,Food Retail,Emissions (CO2eq) from CH4 (AR5),kilotonnes,20.9132,22.0808,25.1972,30.4864,30.4836,31.598,30.366,32.508,35.6384,29.5932,26.7092,24.2172,23.3968,23.6992,23.94,25.0768,25.844,26.138,27.7564,32.0236,32.3932
Ireland,Food Retail,Emissions (CO2eq) from N2O (AR5),kilotonnes,1.484,1.5635,1.7225,2.067,2.014,2.0935,2.014,2.1465,2.3055,1.8815,1.7225,1.537,1.484,1.4575,1.4045,1.484,1.537,1.5635,1.643,1.8815,1.7207
Ireland,Food Retail,Emissions (CO2eq) (AR5),kilotonnes,1117.5435,1262.5555,1388.6986,1572.171,1628.2262,1782.2057,1810.3076,1931.3655,1963.2671,1824.4547,1790.1278,1691.5143,1707.9898,1733.2087,1711.7143,1738.2091,1852.4666,1896.2816,1962.0908,2014.8115,1537.7076
Ireland,Food Household Consumption,Emissions (CH4),kilotonnes,1.7967,1.7827,1.7304,1.736,1.7812,1.8382,1.8828,1.8374,1.9483,1.9611,1.9693,1.8572,1.8432,1.8773,1.7114,1.7177,1.6428,1.5685,1.6099,1.6099,1.6285
Ireland,Food Household Consumption,Emissions (N2O),kilotonnes,0.0114,0.0115,0.0113,0.0115,0.0119,0.0122,0.0127,0.0123,0.0132,0.0133,0.0135,0.0121,0.012,0.0121,0.0112,0.0114,0.0111,0.0106,0.0111,0.0111,0.0102
Ireland,Food Household Consumption,Emissions (CO2),kilotonnes,1149.6855,1210.5422,1168.7029,1184.9144,1223.3336,1262.0492,1281.9206,1210.013,1270.2462,1239.1809,1291.9311,1088.0815,1108.1936,1170.1421,1081.7887,1118.9735,1093.1403,1057.4509,1115.2628,1115.2628,983.8572
Ireland,Food Household Consumption,Emissions (CO2eq) from CH4 (AR5),kilotonnes,50.3076,49.9156,48.4512,48.608,49.8736,51.4696,52.7184,51.4472,54.5524,54.9108,55.1404,52.0016,51.6096,52.5644,47.9192,48.0956,45.9984,43.918,45.0772,45.0772,45.5975
Ireland,Food Household Consumption,Emissions (CO2eq) from N2O (AR5),kilotonnes,3.021,3.0475,2.9945,3.0475,3.1535,3.233,3.3655,3.2595,3.498,3.5245,3.5775,3.2065,3.18,3.2065,2.968,3.021,2.9415,2.809,2.9415,2.9415,2.6902
Ireland,Food Household Consumption,Emissions (CO2eq) (AR5),kilotonnes,1203.0141,1263.5053,1220.1486,1236.5699,1276.3607,1316.7518,1338.0045,1264.7197,1328.2966,1297.6162,1350.649,1143.2896,1162.9832,1225.913,1132.6759,1170.0901,1142.0802,1104.1779,1163.2815,1163.2815,1032.1449
Ireland,Food Transport,Emissions (CH4),kilotonnes,0.1268,0.1223,0.1153,0.107,0.1027,0.0994,0.1041,0.0954,0.0831,0.0692,0.0587,0.0483,0.0421,0.0364,0.0362,0.0321,0.0319,0.0286,0.0287,0.0259,0.0262
Ireland,Food Transport,Emissions (N2O),kilotonnes,0.0392,0.0403,0.0392,0.0393,0.0404,0.0407,0.0438,0.0456,0.0439,0.0397,0.0379,0.0354,0.0349,0.0347,0.0349,0.0357,0.0381,0.0379,0.0395,0.0423,0.0387
Ireland,Food Transport,Emissions (CO2),kilotonnes,800.0415,840.185,853.835,871.975,922.745,980.88,1066.495,1118.735,1057.475,954.3215,907.175,835.7625,812.8975,820.3875,859.2975,856.3325,920.9515,903.9225,935.9745,1075.0151,948.3517
Ireland,Food Transport,Emissions (CO2eq) from CH4 (AR5),kilotonnes,3.5504,3.4244,3.2284,2.996,2.8756,2.7832,2.9148,2.6712,2.3268,1.9376,1.6436,1.3524,1.1788,1.0192,1.0136,0.8988,0.8932,0.8008,0.8036,0.7252,0.7336
Ireland,Food Transport,Emissions (CO2eq) from N2O (AR5),kilotonnes,10.388,10.6795,10.388,10.4145,10.706,10.7855,11.607,12.084,11.6335,10.5205,10.0435,9.381,9.2485,9.1955,9.2485,9.4605,10.0965,10.0435,10.4675,11.2095,10.2517
Ireland,Food Transport,Emissions (CO2eq) (AR5),kilotonnes,813.9799,854.2889,867.4514,885.3855,936.3266,994.4487,1081.0168,1133.4902,1071.4353,966.7796,918.8621,846.4959,823.3248,830.6022,869.5596,866.6918,931.9412,914.7668,947.2456,1086.9498,959.337
Ireland,Energy,Emissions (CH4),kilotonnes,78.4,80.6,85.3,91.2,119,91.8,91.1,90.5,90.7,89.8,89,87.7,87,87.8,87.6,87.9,97.7,99.1,101,95.3,96.4
Ireland,Energy,Emissions (N2O),kilotonnes,1.04,1.06,1.05,1.09,1.08,1.15,1.17,1.16,1.13,1.01,0.994,0.911,0.899,0.876,0.894,0.905,0.916,0.921,0.953,0.948,0.867
Ireland,Energy,Emissions (CO2),kilotonnes,40000,42400,41800,40900,41300,41000,40800,42200,40900,39200,39000,34700,35100,34000,33100,34700,36500,34800,34600,33100,29200
Ireland,Energy,Emissions (CO2eq) from CH4 (AR5),kilotonnes,2195.2,2256.8,2388.4,2553.6,3332,2570.4,2550.8,2534,2539.6,2514.4,2492,2455.6,2436,2458.4,2452.8,2461.2,2735.6,2774.8,2828,2668.4,2699.2
Ireland,Energy,Emissions (CO2eq) from N2O (AR5),kilotonnes,275.6,280.9,278.25,288.85,286.2,304.75,310.05,307.4,299.45,267.65,263.41,241.415,238.235,232.14,236.91,239.825,242.74,244.065,252.545,251.22,229.755
Ireland,Energy,Emissions (CO2eq) (AR5),kilotonnes,42470.8,44937.7,44466.65,43742.45,44918.2,43875.15,43660.85,45041.4,43739.05,41982.05,41755.41,37397.015,37774.235,36690.54,35789.71,37401.025,39478.34,37818.865,37680.545,36019.62,32128.955
Ireland,IPPU,Emissions (CH4),kilotonnes,0,0,0,0,0,0,0,0,0,0,0,0,0,0,0,0,0,0,0,0,0
Ireland,IPPU,Emissions (N2O),kilotonnes,2.55,2.18,1.15,0.711,0.555,0.224,0.784,0.633,0.482,0.331,0.201,0.203,0.203,0.204,0.204,0.204,0.206,0.207,0.209,0.214,0.216
Ireland,IPPU,Emissions (CO2),kilotonnes,2870,3010,2950,2470,2650,3140,3060,3070,2770,1960,1700,1530,1710,1620,1920,2080,2200,2260,2340,2330,2190
Ireland,IPPU,Emissions (CO2eq) from F-gases (AR5),kilotonnes,1574.2424,1681.1354,1720.0056,1933.7916,2069.8373,2273.9057,2371.0812,2487.6917,2604.3023,2468.2566,2682.0426,3206.7901,2876.3936,3158.2024,3012.4392,3274.8129,3187.355,3080.462,2740.3479,2448.8215,1700.5705
Ireland,IPPU,Emissions (CO2eq) from CH4 (AR5),kilotonnes,0,0,0,0.0001,0,0.0001,0.0001,0.0001,0.0001,0.0001,0.0001,0.0001,0.0001,0.0001,0.0001,0.0001,0.0001,0.0001,0.0001,0.0001,0.0001
Ireland,IPPU,Emissions (CO2eq) from N2O (AR5),kilotonnes,675.75,577.7,304.75,188.415,147.075,59.36,207.76,167.745,127.73,87.715,53.265,53.795,53.795,54.06,54.06,54.06,54.59,54.855,55.385,56.71,57.24
Ireland,IPPU,Emissions (CO2eq) (AR5),kilotonnes,5119.9925,5268.8355,4974.7557,4592.2067,4866.9123,5473.2658,5638.8412,5725.4368,5502.0323,4515.9717,4435.3077,4790.5852,4640.1886,4832.2625,4986.4993,5408.873,5441.9451,5395.3171,5135.733,4835.5317,3947.8106
Ireland,Waste,Emissions (CH4),kilotonnes,82.6,88.7,87.1,77.4,61.8,54.8,62.3,42.5,30.4,22.7,26.5,28.2,24.6,25.9,26.4,30.8,35,35.8,36.1,35.5,35.2
Ireland,Waste,Emissions (N2O),kilotonnes,0.296,0.3,0.311,0.324,0.324,0.336,0.34,0.338,0.349,0.36,0.364,0.366,0.36,0.359,0.354,0.368,0.367,0.375,0.378,0.389,0.393
Ireland,Waste,Emissions (CO2),kilotonnes,23.5,25.6,28.6,41.9,44.2,41.6,40.4,30.1,23.2,23.7,20.5,14.4,16.6,15.8,14.4,14.6,8.36,9.18,7.76,10.6,9.66
Ireland,Waste,Emissions (CO2eq) from CH4 (AR5),kilotonnes,2312.8,2483.6,2438.8,2167.2,1730.4,1534.4,1744.4,1190,851.2,635.6,742,789.6,688.8,725.2,739.2,862.4,980,1002.4,1010.8,994,985.6
Ireland,Waste,Emissions (CO2eq) from N2O (AR5),kilotonnes,78.44,79.5,82.415,85.86,85.86,89.04,90.1,89.57,92.485,95.4,96.46,96.99,95.4,95.135,93.81,97.52,97.255,99.375,100.17,103.085,104.145
Ireland,Waste,Emissions (CO2eq) (AR5),kilotonnes,2414.74,2588.7,2549.815,2294.96,1860.46,1665.04,1874.9,1309.67,966.885,754.7,858.96,900.99,800.8,836.135,847.41,974.52,1085.615,1110.955,1118.73,1107.685,1099.405
Ireland,Other,Emissions (N2O),kilotonnes,0.642,0.658,0.626,0.575,0.567,0.558,0.56,0.513,0.48,0.414,0.385,0.339,0.327,0.321,0.328,0.323,0.332,0.318,0.313,0.239,0.218
Ireland,Other,Emissions (CO2eq) from N2O (AR5),kilotonnes,170.13,174.37,165.89,152.375,150.255,147.87,148.4,135.945,127.2,109.71,102.025,89.835,86.655,85.065,86.92,85.595,87.98,84.27,82.945,63.335,57.77
Ireland,Other,Emissions (CO2eq) (AR5),kilotonnes,170.13,174.37,165.89,152.375,150.255,147.87,148.4,135.945,127.2,109.71,102.025,89.835,86.655,85.065,86.92,85.595,87.98,84.27,82.945,63.335,57.77
Ireland,Farm-gate emissions,Emissions (CH4),kilotonnes,609.8296,609.3166,603.7409,600.214,600.196,588.4279,586.1578,576.9346,573.4639,569.963,551.0772,548.2876,569.5712,578.9033,585.765,593.5523,618.1792,629.4612,564.7002,567.191,568.5614
Ireland,Farm-gate emissions,Direct emissions (N2O),kilotonnes,15.5507,15.4725,15.3203,15.6899,15.1304,14.7541,14.3156,13.9109,13.8559,14.5838,13.544,13.3081,14.4718,14.2897,14.4042,14.4783,14.8691,15.5021,14.9395,14.3886,14.5269
Ireland,Farm-gate emissions,Indirect emissions (N2O),kilotonnes,5.149,5.118,5.0702,5.1776,4.9866,4.8638,4.7105,4.5708,4.5326,4.77,4.4373,4.3583,4.7487,4.6788,4.7157,4.7417,4.8749,5.0775,4.8828,4.6986,4.754
Ireland,Farm-gate emissions,Emissions (N2O),kilotonnes,32.8296,32.7169,32.4701,32.932,32.1494,31.5821,30.9693,30.3455,30.2264,31.1087,29.6116,29.2525,30.9202,30.7266,30.8979,31.0527,31.723,32.6433,31.5156,30.7471,30.9492
Ireland,Farm-gate emissions,Emissions (CO2),kilotonnes,12345.84,12348.1283,12324.6026,12371.5154,12345.3794,12385.3305,12342.0356,12256.049,12255.1789,12077.5046,12073.597,11957.4099,11931.122,11909.373,11828.3708,11802.9177,11737.1616,11731.3513,11749.5201,11652.7384,11645.2107
Ireland,Farm-gate emissions,Emissions (CO2eq) from CH4 (AR5),kilotonnes,17075.2274,17060.8654,16904.7452,16805.9921,16805.4867,16475.9804,16412.4192,16154.1693,16056.9887,15958.9653,15430.1627,15352.0536,15947.9931,16209.293,16401.4209,16619.4648,17309.019,17624.9142,15811.6043,15881.3487,15919.7199
Ireland,Farm-gate emissions,Emissions (CO2eq) from N2O (AR5),kilotonnes,8699.854,8669.9789,8604.5678,8726.9875,8519.5901,8369.267,8206.876,8041.5669,8009.9972,8243.8062,7847.0797,7751.9039,8193.8556,8142.546,8187.9394,8228.9545,8406.5935,8650.4801,8351.6253,8147.9831,8201.5367
Ireland,Farm-gate emissions,Emissions (CO2eq) (AR5),kilotonnes,38120.9214,38078.9727,37833.9156,37904.495,37670.4562,37230.5779,36961.3308,36451.7851,36322.1649,36280.2761,35350.8394,35061.3674,36072.9707,36261.212,36417.7311,36651.3369,37452.7741,38006.7455,35912.7498,35682.0702,35766.4673
Ireland,Land Use change,Emissions (CH4),kilotonnes,0,0,0,0,0,0,0,0,0,0,0,0,0,0,0,0,0,0,0,0,0
Ireland,Land Use change,Emissions (N2O),kilotonnes,0,0,0,0,0,0,0,0,0,0,0,0,0,0,0,0,0,0,0,0,0
Ireland,Land Use change,Emissions (CO2),kilotonnes,0,12.7893,12.7893,12.7893,12.7893,12.7893,12.7893,12.7893,12.7893,12.7893,12.7893,0,0,0,0,0,0,0,0,0,0
Ireland,Land Use change,Emissions (CO2eq) from CH4 (AR5),kilotonnes,0,0,0,0,0,0,0,0,0,0,0,0,0,0,0,0,0,0,0,0,0
Ireland,Land Use change,Emissions (CO2eq) from N2O (AR5),kilotonnes,0,0,0,0,0,0,0,0,0,0,0,0,0,0,0,0,0,0,0,0,0
Ireland,Land Use change,Emissions (CO2eq) (AR5),kilotonnes,0,12.7893,12.7893,12.7893,12.7893,12.7893,12.7893,12.7893,12.7893,12.7893,12.7893,0,0,0,0,0,0,0,0,0,0
Ireland,Emissions on agricultural land,Emissions (CH4),kilotonnes,609.8296,609.3166,603.7409,600.214,600.196,588.4279,586.1578,576.9346,573.4639,569.963,551.0772,548.2876,569.5712,578.9033,585.765,593.5523,618.1792,629.4612,564.7002,567.191,568.5614
Ireland,Emissions on agricultural land,Emissions (N2O),kilotonnes,32.8296,32.7169,32.4701,32.932,32.1494,31.5821,30.9693,30.3455,30.2264,31.1087,29.6116,29.2525,30.9202,30.7266,30.8979,31.0527,31.723,32.6433,31.5156,30.7471,30.9492
Ireland,Emissions on agricultural land,Emissions (CO2),kilotonnes,12345.84,12360.9176,12337.392,12384.3047,12358.1688,12398.1199,12354.8249,12268.8383,12267.9683,12090.2939,12086.3863,11957.4099,11931.122,11909.373,11828.3708,11802.9177,11737.1616,11731.3513,11749.5201,11652.7384,11645.2107
Ireland,Emissions on agricultural land,Emissions (CO2eq) from CH4 (AR5),kilotonnes,17075.2274,17060.8654,16904.7452,16805.9921,16805.4867,16475.9804,16412.4192,16154.1693,16056.9887,15958.9653,15430.1627,15352.0536,15947.9931,16209.293,16401.4209,16619.4648,17309.019,17624.9142,15811.6043,15881.3487,15919.7199
Ireland,Emissions on agricultural land,Emissions (CO2eq) from N2O (AR5),kilotonnes,8699.854,8669.9789,8604.5678,8726.9875,8519.5901,8369.267,8206.876,8041.5669,8009.9972,8243.8062,7847.0797,7751.9039,8193.8556,8142.546,8187.9394,8228.9545,8406.5935,8650.4801,8351.6253,8147.9831,8201.5367
Ireland,Emissions on agricultural land,Emissions (CO2eq) (AR5),kilotonnes,38120.9214,38091.762,37846.7049,37917.2843,37683.2456,37243.3673,36974.1201,36464.5744,36334.9542,36293.0654,35363.6287,35061.3674,36072.9707,36261.212,36417.7311,36651.3369,37452.7741,38006.7455,35912.7498,35682.0702,35766.4673
Ireland,Pre- and post- production,Emissions (CH4),kilotonnes,28.576,29.2568,29.3887,29.7339,30.4261,30.2131,30.9145,31.4778,31.6992,31.8058,32.6279,32.8232,32.835,33.5119,31.1703,32.9772,33.949,34.3048,35.119,35.9093,36.3872
Ireland,Pre- and post- production,Emissions (N2O),kilotonnes,0.3469,0.3624,0.3534,0.3604,0.3645,0.3758,0.3942,0.4044,0.4172,0.4205,0.4312,0.4297,0.4323,0.4522,0.4481,0.4775,0.4805,0.4824,0.4981,0.514,0.5177
Ireland,Pre- and post- production,Emissions (CO2),kilotonnes,6030.5994,6097.6772,5900.9092,5886.358,5773.9271,6311.114,6034.977,5608.7824,5529.2099,5107.7836,5120.6613,4736.003,4756.9834,5058.1504,4950.4098,5211.7402,5309.9943,5340.2177,5560.6773,5745.472,5104.9982
Ireland,Pre- and post- production,Emissions (CO2eq) from F-gases (AR5),kilotonnes,429.107,525.734,615.6075,707.0395,803.147,915.359,1009.908,1104.457,1119.5225,1126.7955,1130.9515,1134.0685,1135.627,1137.1855,1137.1855,1137.1855,1228.098,1251.995,1275.3725,1299.2695,902.2705
Ireland,Pre- and post- production,Emissions (CO2eq) from CH4 (AR5),kilotonnes,800.128,819.1908,822.8841,832.5481,851.9309,845.967,865.6064,881.3793,887.5775,890.563,913.5807,919.0508,919.3793,938.3338,872.7691,923.3617,950.5712,960.5352,983.3309,1005.4607,1018.8422
Ireland,Pre- and post- production,Emissions (CO2eq) from N2O (AR5),kilotonnes,91.9325,96.0444,93.6521,95.5077,96.605,99.5823,104.4509,107.1692,110.5489,111.4357,114.2804,113.8605,114.5472,119.8339,118.7553,126.5283,127.3255,127.8253,131.9862,136.2138,137.2029
Ireland,Pre- and post- production,Emissions (CO2eq) (AR5),kilotonnes,7351.7669,7538.6464,7433.0529,7521.4534,7525.6101,8172.0223,8014.9423,7701.7879,7646.8589,7236.5777,7279.4739,6902.9828,6926.5368,7253.5036,7079.1197,7398.8157,7615.989,7680.5731,7951.3668,8186.416,7163.3138
Ireland,Agri-food systems,Emissions (CH4),kilotonnes,638.4056,638.5734,633.1296,629.9479,630.6221,618.641,617.0723,608.4124,605.1631,601.7689,583.7051,581.1109,602.4062,612.4152,616.9354,626.5295,652.1282,663.766,599.8191,603.1003,604.9486
Ireland,Agri-food systems,Emissions (N2O),kilotonnes,33.1766,33.0793,32.8235,33.2924,32.5139,31.9579,31.3635,30.7499,30.6436,31.5292,30.0429,29.6821,31.3525,31.1788,31.346,31.5301,32.2035,33.1257,32.0136,31.2611,31.4669
Ireland,Agri-food systems,Emissions (CO2),kilotonnes,18376.4395,18458.5948,18238.3012,18270.6627,18132.0959,18709.2339,18389.8019,17877.6208,17797.1782,17198.0775,17207.0476,16693.413,16688.1054,16967.5234,16778.7806,17014.6578,17047.1559,17071.5689,17310.1974,17398.2105,16750.2089
Ireland,Agri-food systems,Emissions (CO2eq) from F-gases (AR5),kilotonnes,429.107,525.734,615.6075,707.0395,803.147,915.359,1009.908,1104.457,1119.5225,1126.7955,1130.9515,1134.0685,1135.627,1137.1855,1137.1855,1137.1855,1228.098,1251.995,1275.3725,1299.2695,902.2705
Ireland,Agri-food systems,Emissions (CO2eq) from CH4 (AR5),kilotonnes,17875.3554,17880.0562,17727.6292,17638.5402,17657.4176,17321.9475,17278.0256,17035.5486,16944.5663,16849.5283,16343.7434,16271.1044,16867.3724,17147.6268,17274.19,17542.8264,18259.5902,18585.4493,16794.9352,16886.8094,16938.5621
Ireland,Agri-food systems,Emissions (CO2eq) from N2O (AR5),kilotonnes,8791.7864,8766.0233,8698.2198,8822.4953,8616.1951,8468.8492,8311.3269,8148.736,8120.5461,8355.2419,7961.3602,7865.7643,8308.4028,8262.3799,8306.6948,8355.4829,8533.9189,8778.3054,8483.6115,8284.1969,8338.7396
Ireland,Agri-food systems,Emissions (CO2eq) (AR5),kilotonnes,45472.6883,45630.4084,45279.7578,45438.7377,45208.8557,45415.3896,44989.0624,44166.3624,43981.8131,43529.6431,42643.1026,41964.3502,42999.5076,43514.7156,43496.8509,44050.1526,45068.7631,45687.3186,43864.1166,43868.4863,42929.7811
Ireland,IPCC Agriculture,Emissions (CH4),kilotonnes,609.5308,609.0014,603.3939,599.7866,599.7251,587.9436,585.6788,576.4633,572.9795,569.5201,550.6354,547.9201,569.2053,578.5216,585.4142,593.213,617.8688,629.2085,564.4737,566.9894,568.3598
Ireland,IPCC Agriculture,Emissions (CH4),kilotonnes,527.1129,526.6061,521.1019,521.7024,520.5626,520.4848,524.4479,507.0849,505.6628,497.1087,485.0168,480.0098,510.2953,515.3931,512.5548,530.02,544.5486,563.1211,575.8347,560.8906,568.1027
Ireland,IPCC Agriculture,Direct emissions (N2O),kilotonnes,15.5507,15.4725,15.3203,15.6899,15.1304,14.7541,14.3156,13.9109,13.8559,14.5838,13.544,13.3081,14.4718,14.2897,14.4042,14.4783,14.8691,15.5021,14.9395,14.3886,14.5269
Ireland,IPCC Agriculture,Indirect emissions (N2O),kilotonnes,5.149,5.118,5.0702,5.1776,4.9866,4.8638,4.7105,4.5708,4.5326,4.77,4.4373,4.3583,4.7487,4.6788,4.7157,4.7417,4.8749,5.0775,4.8828,4.6986,4.754
Ireland,IPCC Agriculture,Emissions (N2O),kilotonnes,32.466,32.3483,32.1063,32.5507,31.774,31.1907,30.5975,29.996,29.8756,30.8036,29.3078,28.9797,30.6573,30.4734,30.6584,30.8207,31.5083,32.4179,31.2732,30.5041,30.7062
Ireland,IPCC Agriculture,Emissions (N2O),kilotonnes,22.7121,21.7847,21.5893,22.1727,21.7773,21.2937,20.5854,19.7745,19.625,19.0921,19.9221,18.5647,19.388,20.8249,19.9185,20.1178,20.3557,21.4606,22.588,21.25,21.3527
Ireland,IPCC Agriculture,Emissions (CO2),kilotonnes,458.2268,468.9191,354.7049,465.2426,307.6534,327.5483,319.6119,427.6667,329.1806,396.3432,526.1771,430.9444,275.7473,562.783,445.6247,465.4123,512.7043,416.7351,549.8197,435.883,508.8854
Ireland,IPCC Agriculture,Emissions (CO2eq) from CH4 (AR5),kilotonnes,17066.8613,17052.0384,16895.0296,16794.0253,16792.3014,16462.4215,16399.0053,16140.9737,16043.4246,15946.564,15417.7901,15341.7625,15937.7477,16198.6058,16391.5963,16609.9633,17300.3276,17617.8374,15805.2634,15875.7044,15914.0756
Ireland,IPCC Agriculture,Emissions (CO2eq) from CH4 (AR5),kilotonnes,14759.1609,14744.9701,14590.8536,14607.6664,14575.7537,14573.5734,14684.5398,14198.3767,14158.5572,13919.0444,13580.4711,13440.2755,14288.2691,14431.0066,14351.5345,14840.5604,15247.3618,15767.3914,16123.3702,15704.9364,15906.8748
Ireland,IPCC Agriculture,Emissions (CO2eq) from N2O (AR5),kilotonnes,8603.4954,8572.3093,8508.172,8625.9357,8420.1056,8265.5338,8108.344,7948.9304,7917.0236,8162.9596,7766.5547,7679.6298,8124.1868,8075.4594,8124.481,8167.4764,8349.7121,8590.755,8287.3854,8083.5868,8137.1404
Ireland,IPCC Agriculture,Emissions (CO2eq) from N2O (AR5),kilotonnes,6018.7035,5772.9419,5721.1563,5875.7741,5770.9864,5642.8391,5455.1243,5240.2464,5200.6168,5059.4181,5279.3578,4919.643,5137.8121,5518.5902,5278.4147,5331.2039,5394.2587,5687.0706,5985.8098,5631.2508,5658.4784
Ireland,IPCC Agriculture,Emissions (CO2eq) (AR5),kilotonnes,25670.3567,25624.3477,25403.2016,25419.961,25212.407,24727.9554,24507.3493,24089.9041,23960.4482,24109.5236,23184.3447,23021.3923,24061.9345,24274.0653,24516.0773,24777.4397,25650.0398,26208.5925,24092.6487,23959.2913,24051.2161
Ireland,IPCC Agriculture,Emissions (CO2eq) (AR5),kilotonnes,21236.0912,20986.8311,20666.7147,20948.6831,20654.3934,20543.9608,20459.276,19866.2897,19688.3547,19374.8057,19386.0059,18790.8629,19701.8284,20512.3798,20075.5739,20637.1767,21154.3247,21871.1971,22658.9998,21772.0702,22074.2385
Ireland,Agricultural Soils,Direct emissions (N2O),kilotonnes,15.5507,15.4725,15.3203,15.6899,15.1304,14.7541,14.3156,13.9109,13.8559,14.5838,13.544,13.3081,14.4718,14.2897,14.4042,14.4783,14.8691,15.5021,14.9395,14.3886,14.5269
Ireland,Agricultural Soils,Direct emissions (N2O),kilotonnes,18.8758,17.9891,17.79,18.3441,18.029,17.5144,16.7995,16.1917,15.9938,15.4943,16.3483,15.1423,15.7212,17.0827,16.3429,16.3947,16.511,17.4622,18.3685,17.3268,17.4294
Ireland,Agricultural Soils,Indirect emissions (N2O),kilotonnes,5.149,5.118,5.0702,5.1776,4.9866,4.8638,4.7105,4.5708,4.5326,4.77,4.4373,4.3583,4.7487,4.6788,4.7157,4.7417,4.8749,5.0775,4.8828,4.6986,4.754
Ireland,Agricultural Soils,Indirect emissions (N2O),kilotonnes,1.9915,1.9269,1.9123,1.9435,1.8972,1.8552,1.8215,1.7245,1.75,1.7463,1.7924,1.6615,1.7145,1.8075,1.7519,1.8048,1.8728,1.9575,2.0628,1.9207,1.901
Ireland,Agricultural Soils,Emissions (N2O),kilotonnes,28.5174,28.399,28.1878,28.647,27.8723,27.3659,26.7693,26.2119,26.1052,27.0448,25.664,25.3485,26.8999,26.6465,26.7797,26.8798,27.3956,28.2253,27.459,26.6621,26.8503
Ireland,Agricultural Soils,Emissions (N2O),kilotonnes,20.8673,19.916,19.7023,20.2876,19.9262,19.3696,18.621,17.9162,17.7438,17.2405,18.1407,16.8039,17.4357,18.8902,18.0948,18.1995,18.3837,19.4197,20.4313,19.2475,19.3304
Ireland,Agricultural Soils,Emissions (CO2eq) from N2O (AR5),kilotonnes,7557.098,7525.727,7469.7591,7591.4471,7386.1684,7251.9592,7093.8628,6946.1587,6917.8697,7166.8771,6800.9729,6717.3519,7128.4673,7061.3245,7096.6086,7123.1437,7259.8279,7479.7173,7276.6232,7065.4491,7115.3353
Ireland,Agricultural Soils,Emissions (CO2eq) from N2O (AR5),kilotonnes,5529.8322,5277.7342,5221.1095,5376.2142,5280.449,5132.9474,4934.5695,4747.8059,4702.1148,4568.7456,4807.2941,4453.0215,4620.453,5005.9074,4795.1173,4822.8741,4871.6883,5146.2127,5414.2885,5100.5953,5122.5442
Ireland,Agricultural Soils,Emissions (CO2eq) (AR5),kilotonnes,7557.098,7525.727,7469.7591,7591.4471,7386.1684,7251.9592,7093.8628,6946.1587,6917.8697,7166.8771,6800.9729,6717.3519,7128.4673,7061.3245,7096.6086,7123.1437,7259.8279,7479.7173,7276.6232,7065.4491,7115.3353
Ireland,Agricultural Soils,Emissions (CO2eq) (AR5),kilotonnes,5529.8322,5277.7342,5221.1095,5376.2142,5280.449,5132.9474,4934.5695,4747.8059,4702.1148,4568.7456,4807.2941,4453.0215,4620.453,5005.9074,4795.1173,4822.8741,4871.6883,5146.2127,5414.2885,5100.5953,5122.5442
Ireland,LULUCF,Emissions (CH4),kilotonnes,0.0295,0,0,0.0075,0,0,0,0.015,0,0,0,0,0,0,0,0.005,0,0.0225,0.0125,0,0.0175
Ireland,LULUCF,Emissions (CH4),kilotonnes,17.3404,25.745,14.9934,23.0842,18.5895,18.1728,17.4121,16.67,15.6502,15.4088,27.8226,19.7245,14.9978,18.0682,24.2147,17.619,16.3453,27.013,18.4117,17.0086,
Ireland,LULUCF,Emissions (N2O),kilotonnes,0.0016,0,0,0.0007,0,0,0,0.0014,0,0,0,0,0,0,0,0.0005,0,0.0021,0.0011,0,0.0016
Ireland,LULUCF,Emissions (N2O),kilotonnes,0.6842,0.9255,0.8766,1.0511,0.9148,0.9635,0.996,1.0028,1.0958,1.1867,1.5573,1.3727,1.3284,1.4436,1.5782,1.4245,1.3368,1.5503,1.3603,1.3345,
Ireland,LULUCF,Emissions (CO2),kilotonnes,7626.5126,7961.2075,7945.4555,7920.396,7886.6163,7876.3665,7869.714,7850.8292,7831.6839,7795.9509,7784.4415,7670.0776,7666.0441,7664.2657,7638.5213,7638.5213,7081.5178,7073.4019,7060.6263,6973.0508,6965.523
Ireland,LULUCF,Emissions (CO2),kilotonnes,5247.2798,6276.5659,6198.7649,6242.9263,4733.3301,5242.7518,5678.3921,4907.37,4127.7178,3831.7335,5082.8097,4583.2754,3682.0579,3692.1718,4861.1144,4713.2877,4177.037,5348.3637,3920.3558,3619.7232,
Ireland,LULUCF,Emissions (CO2eq) from CH4 (AR5),kilotonnes,0.8259,0,0,0.2099,0,0,0,0.4197,0,0,0,0,0,0,0,0.1399,0,0.6297,0.3498,0,0.4897
Ireland,LULUCF,Emissions (CO2eq) from N2O (AR5),kilotonnes,0.4325,0,0,0.1814,0,0,0,0.3627,0,0,0,0,0,0,0,0.1209,0,0.5441,0.3023,0,0.4232
Ireland,LULUCF,Emissions (CO2eq) (AR5),kilotonnes,7627.771,7961.2075,7945.4555,7920.7872,7886.6163,7876.3665,7869.714,7851.6116,7831.6839,7795.9509,7784.4415,7670.0776,7666.0441,7664.2657,7638.5213,7638.7821,7081.5178,7074.5757,7061.2784,6973.0508,6966.436
Ireland,LULUCF,Emissions (CO2eq) (AR5),kilotonnes,5247.2798,6276.5659,6198.7649,6242.9263,4733.3301,5242.7518,5678.3921,4907.37,4127.7178,3831.7335,5082.8097,4583.2754,3682.0579,3692.1718,4861.1144,4713.2877,4177.037,5348.3637,3920.3558,3619.7232,
Ireland,AFOLU,Emissions (CH4),kilotonnes,609.5603,609.0014,603.3939,599.7941,599.7251,587.9436,585.6788,576.4783,572.9795,569.5201,550.6354,547.9201,569.2053,578.5216,585.4142,593.218,617.8688,629.231,564.4862,566.9894,568.3773
Ireland,AFOLU,Emissions (N2O),kilotonnes,32.4677,32.3483,32.1063,32.5514,31.774,31.1907,30.5975,29.9973,29.8756,30.8036,29.3078,28.9797,30.6573,30.4734,30.6584,30.8211,31.5083,32.42,31.2743,30.5041,30.7078
Ireland,AFOLU,Emissions (CO2),kilotonnes,7626.5126,7961.2075,7945.4555,7920.396,7886.6163,7876.3665,7869.714,7850.8292,7831.6839,7795.9509,7784.4415,7670.0776,7666.0441,7664.2657,7638.5213,7638.5213,7081.5178,7073.4019,7060.6263,6973.0508,6965.523
Ireland,AFOLU,Emissions (CO2eq) from CH4 (AR5),kilotonnes,17067.6872,17052.0384,16895.0296,16794.2352,16792.3014,16462.4215,16399.0053,16141.3934,16043.4246,15946.564,15417.7901,15341.7625,15937.7477,16198.6058,16391.5963,16610.1032,17300.3276,17618.4671,15805.6132,15875.7044,15914.5654
Ireland,AFOLU,Emissions (CO2eq) from N2O (AR5),kilotonnes,8603.9279,8572.3093,8508.172,8626.1171,8420.1056,8265.5338,8108.344,7949.2931,7917.0236,8162.9596,7766.5547,7679.6298,8124.1868,8075.4594,8124.481,8167.5973,8349.7121,8591.2992,8287.6877,8083.5868,8137.5636
Ireland,AFOLU,Emissions (CO2eq) (AR5),kilotonnes,33298.1277,33585.5552,33348.6572,33340.7482,33099.0233,32604.3218,32377.0633,31941.5157,31792.1322,31905.4744,30968.7863,30691.4699,31727.9787,31938.3309,32154.5986,32416.2218,32731.5576,33283.1682,31153.9271,30932.342,31017.6521
Ireland,All sectors with LULUCF,Emissions (CH4),kilotonnes,770.5603,778.3014,775.7939,768.3941,780.5251,734.5436,739.0788,709.4783,694.0795,682.0201,666.1354,663.8201,680.8053,692.2216,699.4142,711.918,750.5688,764.131,701.5862,697.7894,699.9773
Ireland,All sectors with LULUCF,Emissions (N2O),kilotonnes,36.9957,36.5463,35.2433,35.2514,34.3,33.4587,33.4515,32.6413,32.3166,32.9186,31.2518,30.7987,32.4463,32.2334,32.4384,32.6211,33.3293,34.241,33.1273,32.2941,32.4018
Ireland,All sectors with LULUCF,Emissions (CO2),kilotonnes,50520.0126,53396.8075,52724.0555,51332.296,51880.8163,52057.9665,51770.114,53150.9292,51524.8839,48979.6509,48504.9415,43914.4776,44492.6441,43300.0657,42672.9213,44433.1213,45789.8778,44142.5819,44008.3863,42413.6508,38365.183
Ireland,All sectors with LULUCF,Emissions (CO2eq) from F-gases (AR5),kilotonnes,1574.2424,1681.1354,1720.0056,1933.7916,2069.8373,2273.9057,2371.0812,2487.6917,2604.3023,2468.2566,2682.0426,3206.7901,2876.3936,3158.2024,3012.4392,3274.8129,3187.355,3080.462,2740.3479,2448.8215,1700.5705
Ireland,All sectors with LULUCF,Emissions (CO2eq) from CH4 (AR5),kilotonnes,21575.6872,21792.4385,21722.2297,21515.0352,21854.7014,20567.2216,20694.2053,19865.3935,19434.2247,19096.564,18651.7901,18586.9626,19062.5478,19382.2059,19583.5964,19933.7033,21015.9277,21395.6672,19644.4133,19538.1045,19599.3655
Ireland,All sectors with LULUCF,Emissions (CO2eq) from N2O (AR5),kilotonnes,9803.8479,9684.7793,9339.477,9341.6171,9089.4956,8866.5538,8864.654,8649.9531,8563.8886,8723.4346,8281.7147,8161.6648,8598.2718,8541.8594,8596.181,8644.5973,8832.2771,9073.8642,8778.7327,8557.9368,8586.4736
Ireland,All sectors with LULUCF,Emissions (CO2eq) (AR5),kilotonnes,83473.7902,86555.1607,85505.7679,84122.7399,84894.8506,83765.6476,83700.0545,84153.9675,82127.2995,79267.9062,78120.489,73869.8951,75029.8573,74382.3334,73865.1379,76286.2348,78825.4377,77692.5753,75171.8802,72958.5137,68251.5927
Ireland,All sectors without LULUCF,Emissions (CH4),kilotonnes,770.5308,778.3014,775.7939,768.3866,780.5251,734.5436,739.0788,709.4633,694.0795,682.0201,666.1354,663.8201,680.8053,692.2216,699.4142,711.913,750.5688,764.1085,701.5737,697.7894,699.9598
Ireland,All sectors without LULUCF,Emissions (N2O),kilotonnes,36.994,36.5463,35.2433,35.2507,34.3,33.4587,33.4515,32.64,32.3166,32.9186,31.2518,30.7987,32.4463,32.2334,32.4384,32.6207,33.3293,34.2389,33.1262,32.2941,32.4002
Ireland,All sectors without LULUCF,Emissions (CO2),kilotonnes,42893.5,45435.6,44778.6,43411.9,43994.2,44181.6,43900.4,45300.1,43693.2,41183.7,40720.5,36244.4,36826.6,35635.8,35034.4,36794.6,38708.36,37069.18,36947.76,35440.6,31399.66
Ireland,All sectors without LULUCF,Emissions (CO2eq) from F-gases (AR5),kilotonnes,1574.2424,1681.1354,1720.0056,1933.7916,2069.8373,2273.9057,2371.0812,2487.6917,2604.3023,2468.2566,2682.0426,3206.7901,2876.3936,3158.2024,3012.4392,3274.8129,3187.355,3080.462,2740.3479,2448.8215,1700.5705
Ireland,All sectors without LULUCF,Emissions (CO2eq) from CH4 (AR5),kilotonnes,21574.8614,21792.4385,21722.2297,21514.8254,21854.7014,20567.2216,20694.2053,19864.9737,19434.2247,19096.564,18651.7901,18586.9626,19062.5478,19382.2059,19583.5964,19933.5634,21015.9277,21395.0375,19644.0635,19538.1045,19598.8757
Ireland,All sectors without LULUCF,Emissions (CO2eq) from N2O (AR5),kilotonnes,9803.4154,9684.7793,9339.477,9341.4357,9089.4956,8866.5538,8864.654,8649.5904,8563.8886,8723.4346,8281.7147,8161.6648,8598.2718,8541.8594,8596.181,8644.4764,8832.2771,9073.32,8778.4304,8557.9368,8586.0504
Ireland,All sectors without LULUCF,Emissions (CO2eq) (AR5),kilotonnes,75846.0192,78593.9532,77560.3123,76201.9527,77008.2343,75889.2811,75830.3405,76302.3559,74295.6156,71471.9553,70336.0475,66199.8175,67363.8132,66718.0678,66226.6166,68647.4528,71743.9199,70617.9996,68110.6018,65985.4629,61285.1567
Isle of Man,Drained organic soils,Emissions (CO2eq) (AR5),kilotonnes,24.2984,24.2045,24.2045,24.2045,23.9543,24.0169,24.0169,24.0169,24.1683,24.1683,24.1683,24.1683,24.1683,24.2138,24.2138,24.2138,24.2138,24.2138,23.9006,24.3013,24.3013
Isle of Man,Drained organic soils (CO2),Emissions (CO2),kilotonnes,20.433,20.3541,20.3541,20.3541,20.1437,20.1963,20.1963,20.1963,20.3239,20.3239,20.3239,20.3239,20.3239,20.3625,20.3625,20.3625,20.3625,20.3625,20.0992,20.4361,20.4361
Isle of Man,Drained organic soils (CO2),Emissions (CO2eq) (AR5),kilotonnes,20.433,20.3541,20.3541,20.3541,20.1437,20.1963,20.1963,20.1963,20.3239,20.3239,20.3239,20.3239,20.3239,20.3625,20.3625,20.3625,20.3625,20.3625,20.0992,20.4361,20.4361
Isle of Man,Drained organic soils (N2O),Emissions (N2O),kilotonnes,0.0146,0.0145,0.0145,0.0145,0.0144,0.0144,0.0144,0.0144,0.0145,0.0145,0.0145,0.0145,0.0145,0.0145,0.0145,0.0145,0.0145,0.0145,0.0143,0.0146,0.0146
Isle of Man,Drained organic soils (N2O),Emissions (CO2eq) from N2O (AR5),kilotonnes,3.8654,3.8505,3.8505,3.8505,3.8106,3.8206,3.8206,3.8206,3.8443,3.8443,3.8443,3.8443,3.8443,3.8513,3.8513,3.8513,3.8513,3.8513,3.8015,3.8653,3.8653
Isle of Man,Drained organic soils (N2O),Emissions (CO2eq) (AR5),kilotonnes,3.8654,3.8505,3.8505,3.8505,3.8106,3.8206,3.8206,3.8206,3.8443,3.8443,3.8443,3.8443,3.8443,3.8513,3.8513,3.8513,3.8513,3.8513,3.8015,3.8653,3.8653
Isle of Man,On-farm energy use,Emissions (CH4),kilotonnes,,,0.005,0.0053,0.0059,0.007,0.0068,0.0073,0.0083,0.0084,0.0084,0.0071,0.0102,0.0102,0.009,0.0084,0.0083,0.0081,0.0066,0.0062,0.0062
Isle of Man,On-farm energy use,Emissions (N2O),kilotonnes,,,0,0,0,0,0,0,0,0,0,0,0.0001,0.0001,0,0,0,0,0,0,0
Isle of Man,On-farm energy use,Emissions (CO2),kilotonnes,,,1.5887,1.6614,1.8756,2.2086,2.1346,2.2953,2.6295,2.6351,2.6366,2.2502,3.2084,3.2027,2.8452,2.6384,2.6106,2.5509,2.0909,1.94,1.94
Isle of Man,On-farm energy use,Emissions (CO2eq) from CH4 (AR5),kilotonnes,,,0.1411,0.1475,0.1665,0.1961,0.1895,0.2038,0.2335,0.234,0.2341,0.1998,0.2849,0.2844,0.2526,0.2343,0.2318,0.2265,0.1857,0.1723,0.1723
Isle of Man,On-farm energy use,Emissions (CO2eq) from N2O (AR5),kilotonnes,,,0.0067,0.007,0.0079,0.0093,0.009,0.0096,0.011,0.0111,0.0111,0.0095,0.0135,0.0135,0.012,0.0111,0.011,0.0107,0.0088,0.0082,0.0082
Isle of Man,On-farm energy use,Emissions (CO2eq) (AR5),kilotonnes,,,1.7365,1.816,2.0501,2.414,2.3331,2.5087,2.8741,2.8801,2.8818,2.4595,3.5067,3.5005,3.1098,2.8838,2.8534,2.7881,2.2853,2.1205,2.1205
Isle of Man,Savanna fires,Emissions (CH4),kilotonnes,0,0,0,0,0,0,0,0,0,0,0,0,0,0,0,0,0,0,0,0,0
Isle of Man,Savanna fires,Emissions (N2O),kilotonnes,0,0,0,0,0,0,0,0,0,0,0,0,0,0,0,0,0,0,0,0,0
Isle of Man,Savanna fires,Emissions (CO2eq) from CH4 (AR5),kilotonnes,0.0011,0,0,0,0,0,0,0,0,0,0,0,0,0,0,0,0,0,0,0,0
Isle of Man,Savanna fires,Emissions (CO2eq) from N2O (AR5),kilotonnes,0.0011,0,0,0,0,0,0,0,0,0,0,0,0,0,0,0,0,0,0,0,0
Isle of Man,Savanna fires,Emissions (CO2eq) (AR5),kilotonnes,0.0021,0,0,0,0,0,0,0,0,0,0,0,0,0,0,0,0,0,0,0,0
Isle of Man,Fires in organic soils,Emissions (CH4),kilotonnes,0,0,0,0,0,0,0,0,0,0,0,0,0,0,0,0,0,0,0,0,0
Isle of Man,Fires in organic soils,Emissions (CO2),kilotonnes,0,0,0,0,0,0,0,0,0,0,0,0,0,0,0,0,0,0,0,0,0
Isle of Man,Fires in organic soils,Emissions (CO2eq) from CH4 (AR5),kilotonnes,0,0,0,0,0,0,0,0,0,0,0,0,0,0,0,0,0,0,0,0,0
Isle of Man,Fires in organic soils,Emissions (CO2eq) (AR5),kilotonnes,0,0,0,0,0,0,0,0,0,0,0,0,0,0,0,0,0,0,0,0,0
Isle of Man,Forest fires,Emissions (CH4),kilotonnes,0.0005,0,0,0,0,0,0,0,0,0,0,0,0,0,0,0,0,0,0,0,0
Isle of Man,Forest fires,Emissions (N2O),kilotonnes,0,0,0,0,0,0,0,0,0,0,0,0,0,0,0,0,0,0,0,0,0
Isle of Man,Forest fires,Emissions (CO2eq) from CH4 (AR5),kilotonnes,0.0147,0,0,0,0,0,0,0,0,0,0,0,0,0,0,0,0,0,0,0,0
Isle of Man,Forest fires,Emissions (CO2eq) from N2O (AR5),kilotonnes,0.0077,0,0,0,0,0,0,0,0,0,0,0,0,0,0,0,0,0,0,0,0
Isle of Man,Forest fires,Emissions (CO2eq) (AR5),kilotonnes,0.0224,0,0,0,0,0,0,0,0,0,0,0,0,0,0,0,0,0,0,0,0
Isle of Man,Fires in humid tropical forests,Emissions (CH4),kilotonnes,0,0,0,0,0,0,0,0,0,0,0,0,0,0,0,0,0,0,0,0,0
Isle of Man,Fires in humid tropical forests,Emissions (N2O),kilotonnes,0,0,0,0,0,0,0,0,0,0,0,0,0,0,0,0,0,0,0,0,0
Isle of Man,Fires in humid tropical forests,Emissions (CO2eq) from CH4 (AR5),kilotonnes,0,0,0,0,0,0,0,0,0,0,0,0,0,0,0,0,0,0,0,0,0
Isle of Man,Fires in humid tropical forests,Emissions (CO2eq) from N2O (AR5),kilotonnes,0,0,0,0,0,0,0,0,0,0,0,0,0,0,0,0,0,0,0,0,0
Isle of Man,Fires in humid tropical forests,Emissions (CO2eq) (AR5),kilotonnes,0,0,0,0,0,0,0,0,0,0,0,0,0,0,0,0,0,0,0,0,0
Isle of Man,Waste - agri-food systems,Emissions (CH4),kilotonnes,0.2429,0.2545,0.2643,0.2729,0.2805,0.2873,0.2937,0.2999,0.3057,0.3103,0.3139,0.3165,0.318,0.319,0.3199,0.3208,0.3219,0.3232,0.3247,0.3262,0.2913
Isle of Man,Waste - agri-food systems,Emissions (N2O),kilotonnes,0,0,0,0,0,0,0,0,0,0,0,0,0,0,0,0,0,0,0,0,0
Isle of Man,Waste - agri-food systems,Emissions (CO2),kilotonnes,0.7561,0.7582,0.7639,0.7703,0.7772,0.7798,0.7841,0.7936,0.8037,0.8009,0.8036,0.8073,0.808,0.8096,0.8131,0.8101,0.8088,0.8095,0.8121,0.8112,0
Isle of Man,Waste - agri-food systems,Emissions (CO2eq) from CH4 (AR5),kilotonnes,6.8012,7.1258,7.4015,7.6403,7.8542,8.0453,8.2241,8.3972,8.5604,8.6892,8.7894,8.8615,8.9053,8.9327,8.9579,8.9816,9.0119,9.0494,9.0923,9.1324,8.1553
Isle of Man,Waste - agri-food systems,Emissions (CO2eq) from N2O (AR5),kilotonnes,0,0,0,0,0,0,0,0,0,0,0,0,0,0,0,0,0,0,0,0,0
Isle of Man,Waste - agri-food systems,Emissions (CO2eq) (AR5),kilotonnes,7.5573,7.884,8.1654,8.4106,8.6314,8.825,9.0082,9.1908,9.3641,9.4901,9.5931,9.6688,9.7133,9.7424,9.771,9.7916,9.8208,9.8589,9.9044,9.9436,8.1553
Isle of Man,On-farm electricity use,Emissions (CH4),kilotonnes,,,0,0,0,0,0,0,0,0,0,0,0,0,0,0,0,0,0,0,0
Isle of Man,On-farm electricity use,Emissions (N2O),kilotonnes,,,0,0,0,0,0,0,0,0,0,0,0,0,0,0,0,0,0,0,0
Isle of Man,On-farm electricity use,Emissions (CO2),kilotonnes,,,0,0,0,0,0,0,0,0,0,0,0,0,0,0,0,0,0,0,0
Isle of Man,On-farm electricity use,Emissions (CO2eq) from CH4 (AR5),kilotonnes,,,0,0,0,0,0,0,0,0,0,0,0,0,0,0,0,0,0,0,0
Isle of Man,On-farm electricity use,Emissions (CO2eq) from N2O (AR5),kilotonnes,,,0,0,0,0,0,0,0,0,0,0,0,0,0,0,0,0,0,0,0
Isle of Man,On-farm electricity use,Emissions (CO2eq) (AR5),kilotonnes,,,0,0,0,0,0,0,0,0,0,0,0,0,0,0,0,0,0,0,0
Isle of Man,Farm-gate emissions,Emissions (CH4),kilotonnes,0,0,0.005,0.0053,0.0059,0.007,0.0068,0.0073,0.0083,0.0084,0.0084,0.0071,0.0102,0.0102,0.009,0.0084,0.0083,0.0081,0.0066,0.0062,0.0062
Isle of Man,Farm-gate emissions,Emissions (N2O),kilotonnes,0.0146,0.0145,0.0146,0.0146,0.0144,0.0145,0.0145,0.0145,0.0145,0.0145,0.0145,0.0145,0.0146,0.0146,0.0146,0.0146,0.0146,0.0146,0.0144,0.0146,0.0146
Isle of Man,Farm-gate emissions,Emissions (CO2),kilotonnes,20.433,20.3541,21.9428,22.0155,22.0193,22.4049,22.3309,22.4916,22.9535,22.959,22.9605,22.5742,23.5323,23.5652,23.2077,23.0009,22.9731,22.9134,22.1901,22.3761,22.3761
Isle of Man,Farm-gate emissions,Emissions (CO2eq) from CH4 (AR5),kilotonnes,0.0011,0,0.1411,0.1475,0.1665,0.1961,0.1895,0.2038,0.2335,0.234,0.2341,0.1998,0.2849,0.2844,0.2526,0.2343,0.2318,0.2265,0.1857,0.1723,0.1723
Isle of Man,Farm-gate emissions,Emissions (CO2eq) from N2O (AR5),kilotonnes,3.8665,3.8505,3.8571,3.8574,3.8185,3.8299,3.8296,3.8302,3.8554,3.8554,3.8554,3.8538,3.8578,3.8648,3.8633,3.8624,3.8623,3.862,3.8103,3.8734,3.8734
Isle of Man,Farm-gate emissions,Emissions (CO2eq) (AR5),kilotonnes,24.3005,24.2045,25.941,26.0205,26.0044,26.4309,26.35,26.5256,27.0423,27.0484,27.0501,26.6278,27.675,27.7143,27.3236,27.0976,27.0672,27.0019,26.186,26.4218,26.4218
Isle of Man,Land Use change,Emissions (CH4),kilotonnes,0,0,0,0,0,0,0,0,0,0,0,0,0,0,0,0,0,0,0,0,0
Isle of Man,Land Use change,Emissions (N2O),kilotonnes,0,0,0,0,0,0,0,0,0,0,0,0,0,0,0,0,0,0,0,0,0
Isle of Man,Land Use change,Emissions (CO2),kilotonnes,0,0,0,0,0,0,0,0,0,0,0,0,0,0,0,0,0,0,0,0,0
Isle of Man,Land Use change,Emissions (CO2eq) from CH4 (AR5),kilotonnes,0,0,0,0,0,0,0,0,0,0,0,0,0,0,0,0,0,0,0,0,0
Isle of Man,Land Use change,Emissions (CO2eq) from N2O (AR5),kilotonnes,0,0,0,0,0,0,0,0,0,0,0,0,0,0,0,0,0,0,0,0,0
Isle of Man,Land Use change,Emissions (CO2eq) (AR5),kilotonnes,0,0,0,0,0,0,0,0,0,0,0,0,0,0,0,0,0,0,0,0,0
Isle of Man,Emissions on agricultural land,Emissions (CH4),kilotonnes,0,0,0.005,0.0053,0.0059,0.007,0.0068,0.0073,0.0083,0.0084,0.0084,0.0071,0.0102,0.0102,0.009,0.0084,0.0083,0.0081,0.0066,0.0062,0.0062
Isle of Man,Emissions on agricultural land,Emissions (N2O),kilotonnes,0.0146,0.0145,0.0146,0.0146,0.0144,0.0145,0.0145,0.0145,0.0145,0.0145,0.0145,0.0145,0.0146,0.0146,0.0146,0.0146,0.0146,0.0146,0.0144,0.0146,0.0146
Isle of Man,Emissions on agricultural land,Emissions (CO2),kilotonnes,20.433,20.3541,21.9428,22.0155,22.0193,22.4049,22.3309,22.4916,22.9535,22.959,22.9605,22.5742,23.5323,23.5652,23.2077,23.0009,22.9731,22.9134,22.1901,22.3761,22.3761
Isle of Man,Emissions on agricultural land,Emissions (CO2eq) from CH4 (AR5),kilotonnes,0.0011,0,0.1411,0.1475,0.1665,0.1961,0.1895,0.2038,0.2335,0.234,0.2341,0.1998,0.2849,0.2844,0.2526,0.2343,0.2318,0.2265,0.1857,0.1723,0.1723
Isle of Man,Emissions on agricultural land,Emissions (CO2eq) from N2O (AR5),kilotonnes,3.8665,3.8505,3.8571,3.8574,3.8185,3.8299,3.8296,3.8302,3.8554,3.8554,3.8554,3.8538,3.8578,3.8648,3.8633,3.8624,3.8623,3.862,3.8103,3.8734,3.8734
Isle of Man,Emissions on agricultural land,Emissions (CO2eq) (AR5),kilotonnes,24.3005,24.2045,25.941,26.0205,26.0044,26.4309,26.35,26.5256,27.0423,27.0484,27.0501,26.6278,27.675,27.7143,27.3236,27.0976,27.0672,27.0019,26.186,26.4218,26.4218
Isle of Man,Pre- and post- production,Emissions (CH4),kilotonnes,0.2429,0.2545,0.2643,0.2729,0.2805,0.2873,0.2937,0.2999,0.3057,0.3103,0.3139,0.3165,0.318,0.319,0.3199,0.3208,0.3219,0.3232,0.3247,0.3262,0.2913
Isle of Man,Pre- and post- production,Emissions (N2O),kilotonnes,0,0,0,0,0,0,0,0,0,0,0,0,0,0,0,0,0,0,0,0,0
Isle of Man,Pre- and post- production,Emissions (CO2),kilotonnes,0.7561,0.7582,0.7639,0.7703,0.7772,0.7798,0.7841,0.7936,0.8037,0.8009,0.8036,0.8073,0.808,0.8096,0.8131,0.8101,0.8088,0.8095,0.8121,0.8112,0
Isle of Man,Pre- and post- production,Emissions (CO2eq) from CH4 (AR5),kilotonnes,6.8012,7.1258,7.4015,7.6403,7.8542,8.0453,8.2241,8.3972,8.5604,8.6892,8.7894,8.8615,8.9053,8.9327,8.9579,8.9816,9.0119,9.0494,9.0923,9.1324,8.1553
Isle of Man,Pre- and post- production,Emissions (CO2eq) from N2O (AR5),kilotonnes,0,0,0,0,0,0,0,0,0,0,0,0,0,0,0,0,0,0,0,0,0
Isle of Man,Pre- and post- production,Emissions (CO2eq) (AR5),kilotonnes,7.5573,7.884,8.1654,8.4106,8.6314,8.825,9.0082,9.1908,9.3641,9.4901,9.5931,9.6688,9.7133,9.7424,9.771,9.7916,9.8208,9.8589,9.9044,9.9436,8.1553
Isle of Man,Agri-food systems,Emissions (CH4),kilotonnes,0.2429,0.2545,0.2694,0.2781,0.2865,0.2943,0.3005,0.3072,0.3141,0.3187,0.3223,0.3236,0.3282,0.3292,0.3289,0.3291,0.3301,0.3313,0.3314,0.3323,0.2974
Isle of Man,Agri-food systems,Emissions (N2O),kilotonnes,0.0146,0.0145,0.0146,0.0146,0.0144,0.0145,0.0145,0.0145,0.0145,0.0145,0.0145,0.0145,0.0146,0.0146,0.0146,0.0146,0.0146,0.0146,0.0144,0.0146,0.0146
Isle of Man,Agri-food systems,Emissions (CO2),kilotonnes,21.1891,21.1123,22.7068,22.7858,22.7965,23.1847,23.115,23.2852,23.7572,23.76,23.7642,23.3815,24.3403,24.3748,24.0208,23.811,23.7819,23.7229,23.0021,23.1873,22.3761
Isle of Man,Agri-food systems,Emissions (CO2eq) from CH4 (AR5),kilotonnes,6.8022,7.1258,7.5425,7.7878,8.0207,8.2414,8.4137,8.601,8.7939,8.9232,9.0236,9.0613,9.1902,9.2171,9.2106,9.2159,9.2437,9.2759,9.278,9.3047,8.3276
Isle of Man,Agri-food systems,Emissions (CO2eq) from N2O (AR5),kilotonnes,3.8665,3.8505,3.8571,3.8574,3.8185,3.8299,3.8296,3.8302,3.8554,3.8554,3.8554,3.8538,3.8578,3.8648,3.8633,3.8624,3.8623,3.862,3.8103,3.8734,3.8734
Isle of Man,Agri-food systems,Emissions (CO2eq) (AR5),kilotonnes,31.8578,32.0885,34.1064,34.4311,34.6358,35.256,35.3582,35.7164,36.4064,36.5385,36.6431,36.2966,37.3883,37.4567,37.0946,36.8892,36.888,36.8609,36.0904,36.3654,34.5771
Isle of Man,IPCC Agriculture,Emissions (CH4),kilotonnes,0,0,0,0,0,0,0,0,0,0,0,0,0,0,0,0,0,0,0,0,0
Isle of Man,IPCC Agriculture,Emissions (N2O),kilotonnes,0.0146,0.0145,0.0145,0.0145,0.0144,0.0144,0.0144,0.0144,0.0145,0.0145,0.0145,0.0145,0.0145,0.0145,0.0145,0.0145,0.0145,0.0145,0.0143,0.0146,0.0146
Isle of Man,IPCC Agriculture,Emissions (CO2eq) from CH4 (AR5),kilotonnes,0.0011,0,0,0,0,0,0,0,0,0,0,0,0,0,0,0,0,0,0,0,0
Isle of Man,IPCC Agriculture,Emissions (CO2eq) from N2O (AR5),kilotonnes,3.8665,3.8505,3.8505,3.8505,3.8106,3.8206,3.8206,3.8206,3.8443,3.8443,3.8443,3.8443,3.8443,3.8513,3.8513,3.8513,3.8513,3.8513,3.8015,3.8653,3.8653
Isle of Man,IPCC Agriculture,Emissions (CO2eq) (AR5),kilotonnes,3.8675,3.8505,3.8505,3.8505,3.8106,3.8206,3.8206,3.8206,3.8443,3.8443,3.8443,3.8443,3.8443,3.8513,3.8513,3.8513,3.8513,3.8513,3.8015,3.8653,3.8653
Isle of Man,Agricultural Soils,Emissions (N2O),kilotonnes,0.0146,0.0145,0.0145,0.0145,0.0144,0.0144,0.0144,0.0144,0.0145,0.0145,0.0145,0.0145,0.0145,0.0145,0.0145,0.0145,0.0145,0.0145,0.0143,0.0146,0.0146
Isle of Man,Agricultural Soils,Emissions (CO2eq) from N2O (AR5),kilotonnes,3.8654,3.8505,3.8505,3.8505,3.8106,3.8206,3.8206,3.8206,3.8443,3.8443,3.8443,3.8443,3.8443,3.8513,3.8513,3.8513,3.8513,3.8513,3.8015,3.8653,3.8653
Isle of Man,Agricultural Soils,Emissions (CO2eq) (AR5),kilotonnes,3.8654,3.8505,3.8505,3.8505,3.8106,3.8206,3.8206,3.8206,3.8443,3.8443,3.8443,3.8443,3.8443,3.8513,3.8513,3.8513,3.8513,3.8513,3.8015,3.8653,3.8653
Isle of Man,LULUCF,Emissions (CH4),kilotonnes,0.0005,0,0,0,0,0,0,0,0,0,0,0,0,0,0,0,0,0,0,0,0
Isle of Man,LULUCF,Emissions (N2O),kilotonnes,0,0,0,0,0,0,0,0,0,0,0,0,0,0,0,0,0,0,0,0,0
Isle of Man,LULUCF,Emissions (CO2),kilotonnes,20.433,20.3541,20.3541,20.3541,20.1437,20.1963,20.1963,20.1963,20.3239,20.3239,20.3239,20.3239,20.3239,20.3625,20.3625,20.3625,20.3625,20.3625,20.0992,20.4361,20.4361
Isle of Man,LULUCF,Emissions (CO2eq) from CH4 (AR5),kilotonnes,0.0147,0,0,0,0,0,0,0,0,0,0,0,0,0,0,0,0,0,0,0,0
Isle of Man,LULUCF,Emissions (CO2eq) from N2O (AR5),kilotonnes,0.0077,0,0,0,0,0,0,0,0,0,0,0,0,0,0,0,0,0,0,0,0
Isle of Man,LULUCF,Emissions (CO2eq) (AR5),kilotonnes,20.4553,20.3541,20.3541,20.3541,20.1437,20.1963,20.1963,20.1963,20.3239,20.3239,20.3239,20.3239,20.3239,20.3625,20.3625,20.3625,20.3625,20.3625,20.0992,20.4361,20.4361
Isle of Man,AFOLU,Emissions (CH4),kilotonnes,0.0006,0,0,0,0,0,0,0,0,0,0,0,0,0,0,0,0,0,0,0,0
Isle of Man,AFOLU,Emissions (N2O),kilotonnes,0.0146,0.0145,0.0145,0.0145,0.0144,0.0144,0.0144,0.0144,0.0145,0.0145,0.0145,0.0145,0.0145,0.0145,0.0145,0.0145,0.0145,0.0145,0.0143,0.0146,0.0146
Isle of Man,AFOLU,Emissions (CO2),kilotonnes,20.433,20.3541,20.3541,20.3541,20.1437,20.1963,20.1963,20.1963,20.3239,20.3239,20.3239,20.3239,20.3239,20.3625,20.3625,20.3625,20.3625,20.3625,20.0992,20.4361,20.4361
Isle of Man,AFOLU,Emissions (CO2eq) from CH4 (AR5),kilotonnes,0.0157,0,0,0,0,0,0,0,0,0,0,0,0,0,0,0,0,0,0,0,0
Isle of Man,AFOLU,Emissions (CO2eq) from N2O (AR5),kilotonnes,3.8741,3.8505,3.8505,3.8505,3.8106,3.8206,3.8206,3.8206,3.8443,3.8443,3.8443,3.8443,3.8443,3.8513,3.8513,3.8513,3.8513,3.8513,3.8015,3.8653,3.8653
Isle of Man,AFOLU,Emissions (CO2eq) (AR5),kilotonnes,24.3229,24.2045,24.2045,24.2045,23.9543,24.0169,24.0169,24.0169,24.1683,24.1683,24.1683,24.1683,24.1683,24.2138,24.2138,24.2138,24.2138,24.2138,23.9006,24.3013,24.3013
Isle of Man,All sectors with LULUCF,Emissions (CH4),kilotonnes,0.0006,0,0,0,0,0,0,0,0,0,0,0,0,0,0,0,0,0,0,0,0
Isle of Man,All sectors with LULUCF,Emissions (N2O),kilotonnes,0.0146,0.0145,0.0145,0.0145,0.0144,0.0144,0.0144,0.0144,0.0145,0.0145,0.0145,0.0145,0.0145,0.0145,0.0145,0.0145,0.0145,0.0145,0.0143,0.0146,0.0146
Isle of Man,All sectors with LULUCF,Emissions (CO2),kilotonnes,20.433,20.3541,20.3541,20.3541,20.1437,20.1963,20.1963,20.1963,20.3239,20.3239,20.3239,20.3239,20.3239,20.3625,20.3625,20.3625,20.3625,20.3625,20.0992,20.4361,20.4361
Isle of Man,All sectors with LULUCF,Emissions (CO2eq) from CH4 (AR5),kilotonnes,0.0157,0,0,0,0,0,0,0,0,0,0,0,0,0,0,0,0,0,0,0,0
Isle of Man,All sectors with LULUCF,Emissions (CO2eq) from N2O (AR5),kilotonnes,3.8741,3.8505,3.8505,3.8505,3.8106,3.8206,3.8206,3.8206,3.8443,3.8443,3.8443,3.8443,3.8443,3.8513,3.8513,3.8513,3.8513,3.8513,3.8015,3.8653,3.8653
Isle of Man,All sectors with LULUCF,Emissions (CO2eq) (AR5),kilotonnes,24.3229,24.2045,24.2045,24.2045,23.9543,24.0169,24.0169,24.0169,24.1683,24.1683,24.1683,24.1683,24.1683,24.2138,24.2138,24.2138,24.2138,24.2138,23.9006,24.3013,24.3013
Isle of Man,All sectors without LULUCF,Emissions (CH4),kilotonnes,0,0,0,0,0,0,0,0,0,0,0,0,0,0,0,0,0,0,0,0,0
Isle of Man,All sectors without LULUCF,Emissions (N2O),kilotonnes,0.0146,0.0145,0.0145,0.0145,0.0144,0.0144,0.0144,0.0144,0.0145,0.0145,0.0145,0.0145,0.0145,0.0145,0.0145,0.0145,0.0145,0.0145,0.0143,0.0146,0.0146
Isle of Man,All sectors without LULUCF,Emissions (CO2eq) from CH4 (AR5),kilotonnes,0.0011,0,0,0,0,0,0,0,0,0,0,0,0,0,0,0,0,0,0,0,0
Isle of Man,All sectors without LULUCF,Emissions (CO2eq) from N2O (AR5),kilotonnes,3.8665,3.8505,3.8505,3.8505,3.8106,3.8206,3.8206,3.8206,3.8443,3.8443,3.8443,3.8443,3.8443,3.8513,3.8513,3.8513,3.8513,3.8513,3.8015,3.8653,3.8653
Isle of Man,All sectors without LULUCF,Emissions (CO2eq) (AR5),kilotonnes,3.8675,3.8505,3.8505,3.8505,3.8106,3.8206,3.8206,3.8206,3.8443,3.8443,3.8443,3.8443,3.8443,3.8513,3.8513,3.8513,3.8513,3.8513,3.8015,3.8653,3.8653
Israel,Crop Residues,Direct emissions (N2O),kilotonnes,0.0426,0.0559,0.0617,0.0677,0.0641,0.0721,0.0594,0.0665,0.0486,0.0608,0.0555,0.0628,0.0772,0.0727,0.0743,0.069,0.0615,0.0427,0.0395,0.044,0.0541
Israel,Crop Residues,Indirect emissions (N2O),kilotonnes,0.0096,0.0126,0.0139,0.0152,0.0144,0.0162,0.0134,0.015,0.0109,0.0137,0.0125,0.0141,0.0174,0.0164,0.0167,0.0155,0.0138,0.0096,0.0089,0.0099,0.0122
Israel,Crop Residues,Emissions (N2O),kilotonnes,0.0522,0.0685,0.0756,0.083,0.0785,0.0883,0.0727,0.0815,0.0596,0.0745,0.068,0.0769,0.0946,0.0891,0.091,0.0845,0.0754,0.0523,0.0484,0.0539,0.0663
Israel,Crop Residues,Emissions (CO2eq) from N2O (AR5),kilotonnes,13.8241,18.1416,20.0389,21.9869,20.7994,23.3962,19.2769,21.5937,15.7812,19.7371,18.0111,20.3773,25.0577,23.6093,24.1244,22.4042,19.9747,13.8639,12.8287,14.2923,17.5752
Israel,Crop Residues,Emissions (CO2eq) (AR5),kilotonnes,13.8241,18.1416,20.0389,21.9869,20.7994,23.3962,19.2769,21.5937,15.7812,19.7371,18.0111,20.3773,25.0577,23.6093,24.1244,22.4042,19.9747,13.8639,12.8287,14.2923,17.5752
Israel,Burning - Crop residues,Emissions (CH4),kilotonnes,0.0844,0.1008,0.1047,0.0952,0.0887,0.1049,0.1036,0.1063,0.0859,0.0782,0.0773,0.0732,0.0826,0.0823,0.0795,0.0665,0.0566,0.0576,0.0661,0.0536,0.0651
Israel,Burning - Crop residues,Emissions (N2O),kilotonnes,0.0022,0.0026,0.0027,0.0025,0.0023,0.0027,0.0027,0.0028,0.0022,0.002,0.002,0.0019,0.0021,0.0021,0.0021,0.0017,0.0015,0.0015,0.0017,0.0014,0.0017
Israel,Burning - Crop residues,Emissions (CO2eq) from CH4 (AR5),kilotonnes,2.3625,2.8214,2.9309,2.6652,2.483,2.9386,2.9008,2.9756,2.4041,2.1909,2.164,2.0486,2.3118,2.3046,2.2255,1.8613,1.5853,1.6118,1.8499,1.5022,1.8223
Israel,Burning - Crop residues,Emissions (CO2eq) from N2O (AR5),kilotonnes,0.5797,0.6923,0.7191,0.654,0.6093,0.721,0.7118,0.7301,0.5899,0.5376,0.531,0.5027,0.5673,0.5655,0.5461,0.4567,0.389,0.3955,0.4539,0.3686,0.4471
Israel,Burning - Crop residues,Emissions (CO2eq) (AR5),kilotonnes,2.9422,3.5137,3.65,3.3192,3.0923,3.6596,3.6125,3.7057,2.994,2.7285,2.6949,2.5513,2.8791,2.8701,2.7716,2.318,1.9743,2.0073,2.3039,1.8708,2.2694
Israel,Enteric Fermentation,Emissions (CH4),kilotonnes,16.8528,16.7118,15.4631,15.8968,15.6968,16.0438,17.6228,17.2918,18.0033,17.4403,18.4598,18.7524,19.0654,19.9679,20.4248,21.1704,21.0521,21.1338,22.2063,22.5875,22.8323
Israel,Enteric Fermentation,Emissions (CH4),kilotonnes,33.4225,,,30.7205,31.1355,32.431,33.917,33.953,35.0815,33.7815,34.6165,34.645,35.0394,36.16,36.4859,37.2857,,,,,
Israel,Enteric Fermentation,Emissions (CO2eq) from CH4 (AR5),kilotonnes,471.8784,467.9304,432.966,445.1104,439.5104,449.2264,493.4384,484.1704,504.0924,488.3284,516.8744,525.0672,533.8312,559.1012,571.8933,592.7703,589.4598,591.7476,621.7775,632.4498,639.3036
Israel,Enteric Fermentation,Emissions (CO2eq) from CH4 (AR5),kilotonnes,935.83,,,860.174,871.794,908.068,949.676,950.684,982.282,945.882,969.262,970.06,981.1032,1012.48,1021.6052,1043.9996,,,,,
Israel,Enteric Fermentation,Emissions (CO2eq) (AR5),kilotonnes,471.8784,467.9304,432.966,445.1104,439.5104,449.2264,493.4384,484.1704,504.0924,488.3284,516.8744,525.0672,533.8312,559.1012,571.8933,592.7703,589.4598,591.7476,621.7775,632.4498,639.3036
Israel,Enteric Fermentation,Emissions (CO2eq) (AR5),kilotonnes,935.83,,,860.174,871.794,908.068,949.676,950.684,982.282,945.882,969.262,970.06,981.1032,1012.48,1021.6052,1043.9996,,,,,
Israel,Manure Management,Emissions (CH4),kilotonnes,1.6836,1.7589,1.7906,1.8103,1.8264,1.8985,2.0419,2.0741,2.1262,2.189,2.2574,2.229,2.2247,2.1086,2.1152,2.2971,2.2287,2.3098,2.2776,2.329,2.4391
Israel,Manure Management,Emissions (CH4),kilotonnes,10.3924,,,9.0381,9.0837,9.3935,10.3431,10.4047,10.7863,10.7833,11.1233,2.8498,2.85,2.8321,2.7811,3.0369,,,,,
Israel,Manure Management,Emissions (N2O),kilotonnes,0.1097,0.117,0.1266,0.1239,0.1258,0.1326,0.1347,0.1403,0.1399,0.1468,0.1503,0.1489,0.1476,0.1297,0.1334,0.1428,0.1386,0.142,0.1348,0.1338,0.143
Israel,Manure Management,Emissions (N2O),kilotonnes,0.8256,,,0.7668,0.7706,0.8045,0.869,0.8714,0.9041,0.8884,0.92,0.5784,0.5752,0.5831,0.5677,0.6373,,,,,
Israel,Manure Management,Emissions (CO2eq) from CH4 (AR5),kilotonnes,47.1401,49.2499,50.1372,50.688,51.1405,53.1579,57.1736,58.0752,59.5346,61.291,63.2074,62.4119,62.2907,59.0408,59.2244,64.3193,62.4025,64.674,63.7724,65.2113,68.2946
Israel,Manure Management,Emissions (CO2eq) from CH4 (AR5),kilotonnes,290.9872,,,253.0668,254.3436,263.018,289.6068,291.3316,302.0164,301.9324,311.4524,79.7944,79.8,79.2988,77.8708,85.0332,,,,,
Israel,Manure Management,Emissions (CO2eq) from N2O (AR5),kilotonnes,29.0677,31.0063,33.5617,32.8223,33.3282,35.1469,35.7045,37.1675,37.0623,38.8944,39.8283,39.4467,39.1117,34.3775,35.3519,37.8315,36.7333,37.6188,35.7337,35.4494,37.8819
Israel,Manure Management,Emissions (CO2eq) from N2O (AR5),kilotonnes,218.784,,,203.202,204.209,213.1925,230.285,230.921,239.5865,235.426,243.8,153.276,152.428,154.5215,150.4405,168.8845,,,,,
Israel,Manure Management,Emissions (CO2eq) (AR5),kilotonnes,76.2078,80.2562,83.6989,83.5103,84.4687,88.3048,92.8782,95.2427,96.5969,100.1854,103.0356,101.8587,101.4024,93.4183,94.5763,102.1507,99.1358,102.2928,99.5061,100.6606,106.1765
Israel,Manure Management,Emissions (CO2eq) (AR5),kilotonnes,509.7712,,,456.2688,458.5526,476.2105,519.8918,522.2526,541.6029,537.3584,555.2524,233.0704,232.228,233.8203,228.3113,253.9177,,,,,
Israel,Manure left on Pasture,Direct emissions (N2O),kilotonnes,1.1598,1.1747,1.0754,1.12,1.0944,1.119,1.234,1.2352,1.259,1.2396,1.3133,1.3066,1.3055,1.3381,1.3453,1.462,1.4161,1.4504,1.4908,1.5126,1.5458
Israel,Manure left on Pasture,Indirect emissions (N2O),kilotonnes,0.2664,0.2702,0.2493,0.2594,0.2548,0.261,0.286,0.2858,0.2909,0.2868,0.3035,0.3041,0.3057,0.3126,0.3191,0.3404,0.3281,0.3351,0.343,0.3492,0.356
Israel,Manure left on Pasture,Emissions (N2O),kilotonnes,1.4262,1.4449,1.3247,1.3794,1.3492,1.38,1.52,1.521,1.5499,1.5264,1.6168,1.6107,1.6112,1.6507,1.6644,1.8024,1.7442,1.7856,1.8338,1.8619,1.9018
Israel,Manure left on Pasture,Emissions (CO2eq) from N2O (AR5),kilotonnes,377.9432,382.9017,351.0455,365.5303,357.5399,365.6929,402.8129,403.0762,410.7328,404.4836,428.4571,426.8404,426.9718,437.4235,441.0785,477.6282,462.2125,473.1798,485.9532,493.3956,503.9682
Israel,Manure left on Pasture,Emissions (CO2eq) (AR5),kilotonnes,377.9432,382.9017,351.0455,365.5303,357.5399,365.6929,402.8129,403.0762,410.7328,404.4836,428.4571,426.8404,426.9718,437.4235,441.0785,477.6282,462.2125,473.1798,485.9532,493.3956,503.9682
Israel,Manure applied to Soils,Direct emissions (N2O),kilotonnes,0.1364,0.1436,0.1418,0.1442,0.1428,0.1482,0.1571,0.1624,0.1615,0.1658,0.1727,0.1692,0.1667,0.156,0.1563,0.1744,0.166,0.1727,0.1681,0.1686,0.1772
Israel,Manure applied to Soils,Indirect emissions (N2O),kilotonnes,0.058,0.061,0.0603,0.0613,0.0607,0.063,0.0668,0.069,0.0686,0.0705,0.0734,0.0719,0.0708,0.0663,0.0664,0.0741,0.0706,0.0734,0.0715,0.0716,0.0753
Israel,Manure applied to Soils,Emissions (N2O),kilotonnes,0.1944,0.2046,0.202,0.2055,0.2034,0.2112,0.2239,0.2314,0.2301,0.2363,0.2461,0.2412,0.2375,0.2222,0.2227,0.2485,0.2366,0.246,0.2396,0.2402,0.2525
Israel,Manure applied to Soils,Emissions (CO2eq) from N2O (AR5),kilotonnes,51.5118,54.2095,53.5376,54.4501,53.906,55.9802,59.3245,61.3079,60.9776,62.6201,65.2088,63.9064,62.935,58.896,59.0165,65.8573,62.6889,65.1987,63.4875,63.651,66.9098
Israel,Manure applied to Soils,Emissions (CO2eq) (AR5),kilotonnes,51.5118,54.2095,53.5376,54.4501,53.906,55.9802,59.3245,61.3079,60.9776,62.6201,65.2088,63.9064,62.935,58.896,59.0165,65.8573,62.6889,65.1987,63.4875,63.651,66.9098
Israel,Synthetic Fertilizers,Direct emissions (N2O),kilotonnes,0.77,0.7119,0.7024,0.7889,0.8234,0.7669,0.7464,0.9334,0.7213,0.5673,0.4746,0.704,0.7087,0.737,0.7291,0.7087,0.7354,0.7606,0.7889,0.7119,0.7134
Israel,Synthetic Fertilizers,Indirect emissions (N2O),kilotonnes,0.2502,0.2314,0.2283,0.2564,0.2676,0.2492,0.2426,0.3034,0.2344,0.1844,0.1542,0.2288,0.2303,0.2395,0.237,0.2303,0.239,0.2472,0.2564,0.2314,0.2319
Israel,Synthetic Fertilizers,Emissions (N2O),kilotonnes,1.0202,0.9432,0.9307,1.0452,1.091,1.0161,0.989,1.2368,0.9557,0.7517,0.6288,0.9328,0.939,0.9765,0.9661,0.939,0.9744,1.0078,1.0452,0.9432,0.9453
Israel,Synthetic Fertilizers,Emissions (CO2eq) from N2O (AR5),kilotonnes,270.3662,249.9508,246.6402,276.9875,289.1264,269.2627,262.0897,327.7501,253.2614,199.1882,166.6339,247.192,248.8473,258.7791,256.0203,248.8473,258.2274,267.0556,276.9875,249.9508,250.5026
Israel,Synthetic Fertilizers,Emissions (CO2eq) (AR5),kilotonnes,270.3662,249.9508,246.6402,276.9875,289.1264,269.2627,262.0897,327.7501,253.2614,199.1882,166.6339,247.192,248.8473,258.7791,256.0203,248.8473,258.2274,267.0556,276.9875,249.9508,250.5026
Israel,Drained organic soils,Emissions (CO2eq) (AR5),kilotonnes,0,0,0,0,0,0,0,0,0,0,0,0,0,0,0,0,0,0,0,0,0
Israel,Drained organic soils (CO2),Emissions (CO2),kilotonnes,0,0,0,0,0,0,0,0,0,0,0,0,0,0,0,0,0,0,0,0,0
Israel,Drained organic soils (CO2),Emissions (CO2eq) (AR5),kilotonnes,0,0,0,0,0,0,0,0,0,0,0,0,0,0,0,0,0,0,0,0,0
Israel,Drained organic soils (N2O),Emissions (N2O),kilotonnes,0,0,0,0,0,0,0,0,0,0,0,0,0,0,0,0,0,0,0,0,0
Israel,Drained organic soils (N2O),Emissions (CO2eq) from N2O (AR5),kilotonnes,0,0,0,0,0,0,0,0,0,0,0,0,0,0,0,0,0,0,0,0,0
Israel,Drained organic soils (N2O),Emissions (CO2eq) (AR5),kilotonnes,0,0,0,0,0,0,0,0,0,0,0,0,0,0,0,0,0,0,0,0,0
Israel,On-farm energy use,Emissions (CH4),kilotonnes,0.3227,0.2031,0.1978,0.1993,0.1972,0.1728,0.1745,0.1794,0.1787,0.1917,0.1955,0.1811,0.1922,0.1722,0.1595,0.1585,0.1541,0.1446,0.1355,0.1307,0.1307
Israel,On-farm energy use,Emissions (N2O),kilotonnes,0.2942,0.3083,0.323,0.343,0.3313,0.2838,0.303,0.3209,0.356,0.3598,0.3565,0.3028,0.3531,0.3093,0.3087,0.3232,0.3327,0.3418,0.3447,0.3519,0.3519
Israel,On-farm energy use,Emissions (CO2),kilotonnes,1220.4055,1248.6471,1247.8799,1307.7274,1325.1685,1125.6879,1192.3454,1247.1265,1246.8703,1404.4543,1378.7193,1169.3117,1308.3666,1142.9872,1088.9789,1099.9704,1094.8876,1083.9459,1078.3859,1076.2673,1076.2673
Israel,On-farm energy use,Emissions (CO2eq) from CH4 (AR5),kilotonnes,9.0368,5.6859,5.5392,5.5808,5.5225,4.8384,4.8848,5.0237,5.0048,5.3687,5.4752,5.0702,5.3815,4.8213,4.4659,4.4375,4.3135,4.0487,3.7944,3.66,3.66
Israel,On-farm energy use,Emissions (CO2eq) from N2O (AR5),kilotonnes,77.9654,81.6979,85.584,90.8869,87.7974,75.1998,80.3007,85.0396,94.3485,95.3542,94.4744,80.2417,93.5844,81.9672,81.7971,85.6379,88.1627,90.5765,91.3382,93.2464,93.2464
Israel,On-farm energy use,Emissions (CO2eq) (AR5),kilotonnes,1307.4077,1336.0309,1339.003,1404.1951,1418.4884,1205.7261,1277.5309,1337.1897,1346.2236,1505.1772,1478.669,1254.6236,1407.3325,1229.7757,1175.2419,1190.0457,1187.3638,1178.571,1173.5184,1173.1737,1173.1737
Israel,Forestland,Emissions (CO2),kilotonnes,-25.8793,-7.216,-7.216,-7.216,-7.216,-7.216,-7.216,-7.216,-7.216,-7.216,-7.216,-45.012,-45.012,-45.012,-45.012,-45.012,0,0,0,0,0
Israel,Forestland,Emissions (CO2eq) (AR5),kilotonnes,-25.8793,-7.216,-7.216,-7.216,-7.216,-7.216,-7.216,-7.216,-7.216,-7.216,-7.216,-45.012,-45.012,-45.012,-45.012,-45.012,0,0,0,0,0
Israel,Net Forest conversion,Emissions (CO2),kilotonnes,1.6353,0,0,0,0,0,0,0,0,0,0,0,0,0,0,0,81.7667,81.7667,81.7667,81.7667,81.7667
Israel,Net Forest conversion,Emissions (CO2eq) (AR5),kilotonnes,1.6353,0,0,0,0,0,0,0,0,0,0,0,0,0,0,0,81.7667,81.7667,81.7667,81.7667,81.7667
Israel,Savanna fires,Emissions (CH4),kilotonnes,0.0096,0.008,0.0103,0.0108,0.0241,0.0251,0.0114,0.018,0.0027,0,0.0613,0.0015,0.021,0.0251,0.0087,0.0018,0.0198,0.0023,0.0003,0.01,0.008
Israel,Savanna fires,Emissions (N2O),kilotonnes,0.0009,0.0007,0.0009,0.001,0.0022,0.0023,0.001,0.0016,0.0002,0,0.0056,0.0001,0.0019,0.0023,0.0008,0.0002,0.0018,0.0002,0,0.0009,0.0007
Israel,Savanna fires,Emissions (CO2eq) from CH4 (AR5),kilotonnes,0.2694,0.2227,0.2873,0.3017,0.6752,0.7039,0.3186,0.5028,0.0743,0,1.7156,0.0431,0.589,0.7039,0.2442,0.0503,0.5556,0.0646,0.0072,0.2801,0.2227
Israel,Savanna fires,Emissions (CO2eq) from N2O (AR5),kilotonnes,0.2327,0.1924,0.2483,0.2607,0.5834,0.6083,0.2753,0.4345,0.0642,0,1.4825,0.0372,0.5089,0.6083,0.211,0.0434,0.4801,0.0559,0.0062,0.2421,0.1924
Israel,Savanna fires,Emissions (CO2eq) (AR5),kilotonnes,0.502,0.4151,0.5356,0.5624,1.2586,1.3121,0.594,0.9373,0.1386,0,3.198,0.0804,1.0979,1.3122,0.4552,0.0937,1.0357,0.1205,0.0134,0.5222,0.4152
Israel,Fires in organic soils,Emissions (CH4),kilotonnes,0,0,0,0,0,0,0,0,0,0,0,0,0,0,0,0,0,0,0,0,0
Israel,Fires in organic soils,Emissions (CO2),kilotonnes,0,0,0,0,0,0,0,0,0,0,0,0,0,0,0,0,0,0,0,0,0
Israel,Fires in organic soils,Emissions (CO2eq) from CH4 (AR5),kilotonnes,0,0,0,0,0,0,0,0,0,0,0,0,0,0,0,0,0,0,0,0,0
Israel,Fires in organic soils,Emissions (CO2eq) (AR5),kilotonnes,0,0,0,0,0,0,0,0,0,0,0,0,0,0,0,0,0,0,0,0,0
Israel,Forest fires,Emissions (CH4),kilotonnes,0,0,0,0,0,0,0,0,0,0,0,0,0,0,0,0,0,0,0,0,0
Israel,Forest fires,Emissions (N2O),kilotonnes,0,0,0,0,0,0,0,0,0,0,0,0,0,0,0,0,0,0,0,0,0
Israel,Forest fires,Emissions (CO2eq) from CH4 (AR5),kilotonnes,0,0,0,0,0,0,0,0,0,0,0,0,0,0,0,0,0,0,0,0,0
Israel,Forest fires,Emissions (CO2eq) from N2O (AR5),kilotonnes,0,0,0,0,0,0,0,0,0,0,0,0,0,0,0,0,0,0,0,0,0
Israel,Forest fires,Emissions (CO2eq) (AR5),kilotonnes,0,0,0,0,0,0,0,0,0,0,0,0,0,0,0,0,0,0,0,0,0
Israel,Fires in humid tropical forests,Emissions (CH4),kilotonnes,0,0,0,0,0,0,0,0,0,0,0,0,0,0,0,0,0,0,0,0,0
Israel,Fires in humid tropical forests,Emissions (N2O),kilotonnes,0,0,0,0,0,0,0,0,0,0,0,0,0,0,0,0,0,0,0,0,0
Israel,Fires in humid tropical forests,Emissions (CO2eq) from CH4 (AR5),kilotonnes,0,0,0,0,0,0,0,0,0,0,0,0,0,0,0,0,0,0,0,0,0
Israel,Fires in humid tropical forests,Emissions (CO2eq) from N2O (AR5),kilotonnes,0,0,0,0,0,0,0,0,0,0,0,0,0,0,0,0,0,0,0,0,0
Israel,Fires in humid tropical forests,Emissions (CO2eq) (AR5),kilotonnes,0,0,0,0,0,0,0,0,0,0,0,0,0,0,0,0,0,0,0,0,0
Israel,Waste - agri-food systems,Emissions (CH4),kilotonnes,42.2984,46.3275,50.1679,53.521,56.687,59.5827,62.4035,64.921,67.6285,69.791,71.8077,73.686,75.4494,76.9661,77.5776,79.041,80.3944,81.6409,82.8064,83.8313,84.7693
Israel,Waste - agri-food systems,Emissions (N2O),kilotonnes,0.2887,0.3014,0.3158,0.3161,0.3324,0.3378,0.3478,0.347,0.3592,0.3578,0.3648,0.3715,0.3812,0.3863,0.3719,0.3711,0.3811,0.3873,0.393,0.3983,0.4031
Israel,Waste - agri-food systems,Emissions (CO2),kilotonnes,35.5753,35.558,35.4513,35.5173,35.6076,35.6783,35.7859,35.9948,36.2592,36.2018,36.3697,36.5243,36.5037,36.6837,36.7607,36.7113,36.7963,36.9459,37.0159,37.1034,37.135
Israel,Waste - agri-food systems,Emissions (CO2eq) from CH4 (AR5),kilotonnes,1184.3558,1297.1711,1404.7023,1498.5877,1587.2362,1668.3144,1747.2979,1817.787,1893.598,1954.1473,2010.6156,2063.2093,2112.5846,2155.0515,2172.1735,2213.148,2251.0426,2285.9465,2318.579,2347.2771,2373.5399
Israel,Waste - agri-food systems,Emissions (CO2eq) from N2O (AR5),kilotonnes,76.5046,79.8679,83.6959,83.7626,88.087,89.5278,92.1572,91.9568,95.2004,94.8203,96.6699,98.443,101.0195,102.3616,98.5439,98.3497,100.9796,102.6281,104.1555,105.5391,106.8135
Israel,Waste - agri-food systems,Emissions (CO2eq) (AR5),kilotonnes,1296.4357,1412.5969,1523.8494,1617.8676,1710.9307,1793.5206,1875.241,1945.7387,2025.0576,2085.1695,2143.6551,2198.1767,2250.1077,2294.0967,2307.4781,2348.209,2388.8186,2425.5205,2459.7504,2489.9196,2517.4884
Israel,Fertilizers Manufacturing,Emissions (N2O),kilotonnes,0.1939,0.1996,0.2032,0.2116,0.2251,0.2073,0.2274,0.2234,0.2293,0.244,0.2378,0.2497,0.2504,0.2477,0.2513,0.2432,0.253,0.2607,0.2601,0.2586,0.2495
Israel,Fertilizers Manufacturing,Emissions (CO2),kilotonnes,47.7832,50.4832,50.3477,59.6594,60.8929,56.2893,64.0733,64.0614,66.883,72.3118,71.5405,76.1826,77.4452,77.6133,79.6997,78.0442,82.0991,85.5301,86.2029,86.5321,78.6424
Israel,Fertilizers Manufacturing,Emissions (CO2eq) from N2O (AR5),kilotonnes,51.3835,52.894,53.848,56.074,59.6515,54.9345,60.261,59.201,60.7645,64.66,63.017,66.1705,66.356,65.6405,66.5945,64.448,67.045,69.0855,68.9265,68.529,66.1277
Israel,Fertilizers Manufacturing,Emissions (CO2eq) (AR5),kilotonnes,99.1667,103.3772,104.1957,115.7334,120.5444,111.2238,124.3343,123.2624,127.6475,136.9718,134.5575,142.3531,143.8012,143.2538,146.2942,142.4922,149.1441,154.6156,155.1294,155.0611,144.7701
Israel,On-farm electricity use,Emissions (CH4),kilotonnes,1.9535,1.9895,1.9463,2.0075,2.0411,2.0387,2.1059,2.2223,2.1911,2.0279,1.9847,2.1047,2.2631,2.3219,2.1227,3.1462,3.2194,3.5098,3.5734,3.8636,3.8636
Israel,On-farm electricity use,Emissions (N2O),kilotonnes,0.0104,0.0106,0.0104,0.0107,0.0109,0.0109,0.0112,0.0119,0.0117,0.0108,0.0106,0.0112,0.0121,0.0124,0.0113,0.0167,0.0172,0.0187,0.019,0.0206,0.0206
Israel,On-farm electricity use,Emissions (CO2),kilotonnes,1245.7622,1276.3282,1316.7359,1346.1065,1376.5611,1359.7049,1358.6392,1426.6299,1300.9823,1180.0777,1136.1903,1273.6059,1445.9428,1460.7529,1335.4376,1979.3767,2025.4263,2208.1148,2248.1251,2430.6626,2430.6626
Israel,On-farm electricity use,Emissions (CO2eq) from CH4 (AR5),kilotonnes,54.698,55.706,54.4964,56.21,57.1508,57.0836,58.9652,62.2244,61.3508,56.7812,55.5716,58.9316,63.3668,65.0132,59.4356,88.0936,90.1432,98.2744,100.0552,108.1808,108.1808
Israel,On-farm electricity use,Emissions (CO2eq) from N2O (AR5),kilotonnes,2.756,2.809,2.756,2.8355,2.8885,2.8885,2.968,3.1535,3.1005,2.862,2.809,2.968,3.2065,3.286,2.9945,4.4255,4.558,4.9555,5.035,5.459,5.459
Israel,On-farm electricity use,Emissions (CO2eq) (AR5),kilotonnes,1303.2162,1334.8432,1373.9883,1405.152,1436.6004,1419.677,1420.5724,1492.0078,1365.4336,1239.7209,1194.5709,1335.5055,1512.5161,1529.0521,1397.8677,2071.8958,2120.1275,2311.3447,2353.2153,2544.3024,2544.3024
Israel,Food Processing,Emissions (CH4),kilotonnes,1.3343,1.3595,1.4279,1.6031,1.6091,1.5203,1.5599,1.6139,1.6043,1.5731,1.4807,1.4651,1.5419,2.0267,2.3387,1.9595,2.0675,1.9895,2.1515,2.1515,2.2841
Israel,Food Processing,Emissions (N2O),kilotonnes,0.0071,0.0072,0.0076,0.0085,0.0086,0.0081,0.0083,0.0086,0.0086,0.0084,0.0079,0.0078,0.0082,0.0108,0.0125,0.0105,0.011,0.0106,0.0115,0.0115,0.0111
Israel,Food Processing,Emissions (CO2),kilotonnes,850.9137,872.1833,966.0393,1074.9541,1085.2254,1013.9765,1006.3994,1036.0784,952.5812,915.4331,847.6776,886.5865,985.1731,1275.0447,1471.3216,1232.7697,1300.7117,1251.6425,1353.5555,1353.5555,1230.1431
Israel,Food Processing,Emissions (CO2eq) from CH4 (AR5),kilotonnes,37.3604,38.066,39.9812,44.8868,45.0548,42.5684,43.6772,45.1892,44.9204,44.0468,41.4596,41.0228,43.1732,56.7476,65.4836,54.866,57.89,55.706,60.242,60.242,63.9555
Israel,Food Processing,Emissions (CO2eq) from N2O (AR5),kilotonnes,1.8815,1.908,2.014,2.2525,2.279,2.1465,2.1995,2.279,2.279,2.226,2.0935,2.067,2.173,2.862,3.3125,2.7825,2.915,2.809,3.0475,3.0475,2.9407
Israel,Food Processing,Emissions (CO2eq) (AR5),kilotonnes,890.1556,912.1573,1008.0345,1122.0934,1132.5592,1058.6914,1052.2761,1083.5466,999.7806,961.7059,891.2307,929.6763,1030.5193,1334.6543,1540.1177,1290.4182,1361.5167,1310.1575,1416.845,1416.845,1297.0393
Israel,Food Packaging,Emissions (CH4),kilotonnes,0.2137,0.1698,0.1759,0.1975,0.2061,0.2403,0.2417,0.262,0.2557,0.2486,0.2382,0.2229,0.2141,0.1662,0.1793,0.1824,0.1901,0.195,0.2073,0.2123,0.2254
Israel,Food Packaging,Emissions (N2O),kilotonnes,0.0012,0.0009,0.001,0.0011,0.0011,0.0012,0.0012,0.0013,0.0013,0.0012,0.0017,0.001,0.0011,0.0007,0.0007,0.0007,0.0007,0.0007,0.0007,0.0009,0.0009
Israel,Food Packaging,Emissions (CO2),kilotonnes,138.4552,111.23,120.5567,133.7923,134.7695,153.8098,147.3269,157.685,139.6929,135.5699,188.9679,118.2014,126.8265,77.4273,80.379,79.7123,80.2914,79.9304,80.9377,100.025,90.9051
Israel,Food Packaging,Emissions (CO2eq) from CH4 (AR5),kilotonnes,5.9836,4.7544,4.9252,5.53,5.7708,6.7284,6.7676,7.336,7.1596,6.9608,6.6696,6.2412,5.9948,4.6536,5.0204,5.1072,5.3228,5.46,5.8044,5.9444,6.3108
Israel,Food Packaging,Emissions (CO2eq) from N2O (AR5),kilotonnes,0.318,0.2385,0.265,0.2915,0.2915,0.318,0.318,0.3445,0.3445,0.318,0.4505,0.265,0.2915,0.1855,0.1855,0.1855,0.1855,0.1855,0.1855,0.2385,0.2301
Israel,Food Packaging,Emissions (CO2eq) (AR5),kilotonnes,144.7568,116.2229,125.7469,139.6138,140.8318,160.8562,154.4125,165.3655,147.197,142.8487,196.088,124.7076,133.1128,82.2664,85.5849,85.005,85.7997,85.5759,86.9276,106.2079,97.4461
Israel,Food Retail,Emissions (CH4),kilotonnes,1.5521,1.3082,1.8321,1.5745,1.651,1.7269,1.8195,1.949,2.0421,2.0624,2.2418,2.2527,2.396,2.3433,2.1057,2.3088,2.3449,2.3607,2.3679,2.6577,2.8215
Israel,Food Retail,Emissions (N2O),kilotonnes,0.0083,0.007,0.0098,0.0084,0.0088,0.0092,0.0097,0.0104,0.0109,0.011,0.012,0.012,0.0128,0.0125,0.0112,0.0124,0.0126,0.0126,0.0127,0.0142,0.0137
Israel,Food Retail,Emissions (CO2),kilotonnes,989.7917,839.2435,1239.4528,1055.7965,1113.4526,1151.7317,1173.8875,1251.1976,1212.4998,1200.153,1283.3592,1363.1867,1530.8287,1474.2129,1324.7405,1489.2232,1511.9762,1522.8429,1525.7686,1663.1371,1511.4981
Israel,Food Retail,Emissions (CO2eq) from F-gases (AR5),kilotonnes,708.0785,821.849,934.5805,1061.858,1198.4865,1339.7905,1463.4315,1587.0725,1608.372,1619.2815,1625.5155,1629.152,1631.7495,1634.347,1634.347,1634.347,1753.3125,1785.002,1816.172,1847.342,2027.5119
Israel,Food Retail,Emissions (CO2eq) from CH4 (AR5),kilotonnes,43.4588,36.6296,51.2988,44.086,46.228,48.3532,50.946,54.572,57.1788,57.7472,62.7704,63.0756,67.088,65.6124,58.9596,64.6464,65.6572,66.0996,66.3012,74.4156,79.0029
Israel,Food Retail,Emissions (CO2eq) from N2O (AR5),kilotonnes,2.1995,1.855,2.597,2.226,2.332,2.438,2.5705,2.756,2.8885,2.915,3.18,3.18,3.392,3.3125,2.968,3.286,3.339,3.339,3.3655,3.763,3.6311
Israel,Food Retail,Emissions (CO2eq) (AR5),kilotonnes,1743.5285,1699.5771,2227.9291,2163.9665,2360.4991,2542.3134,2690.8355,2895.5981,2880.9391,2880.0967,2974.8251,3058.5943,3233.0582,3177.4848,3021.0151,3191.5026,3334.2849,3377.2835,3411.6073,3588.6577,3621.644
Israel,Food Household Consumption,Emissions (CH4),kilotonnes,1.6893,1.7205,1.8509,1.9278,1.9716,1.9938,2.0857,2.1879,2.2105,2.2008,2.2253,2.316,2.5044,2.2611,2.3068,2.5265,2.6054,2.6652,2.6584,2.6584,2.8223
Israel,Food Household Consumption,Emissions (N2O),kilotonnes,0.0103,0.0103,0.011,0.0116,0.0119,0.0117,0.0125,0.0128,0.0129,0.013,0.0131,0.0136,0.0145,0.0123,0.0125,0.0135,0.014,0.0143,0.0142,0.0142,0.0137
Israel,Food Household Consumption,Emissions (CO2),kilotonnes,1338.6985,1337.0557,1468.7321,1582.0368,1620.6812,1576.3511,1629.2342,1683.7222,1558.3146,1587.4478,1571.484,1711.124,1903.7666,1617.6473,1646.4121,1629.5299,1679.4808,1717.0582,1711.1278,1711.1278,1555.1132
Israel,Food Household Consumption,Emissions (CO2eq) from CH4 (AR5),kilotonnes,47.3004,48.174,51.8252,53.9784,55.2048,55.8264,58.3996,61.2612,61.894,61.6224,62.3084,64.848,70.1232,63.3108,64.5904,70.742,72.9512,74.6256,74.4352,74.4352,79.0237
Israel,Food Household Consumption,Emissions (CO2eq) from N2O (AR5),kilotonnes,2.7295,2.7295,2.915,3.074,3.1535,3.1005,3.3125,3.392,3.4185,3.445,3.4715,3.604,3.8425,3.2595,3.3125,3.5775,3.71,3.7895,3.763,3.763,3.6311
Israel,Food Household Consumption,Emissions (CO2eq) (AR5),kilotonnes,1388.7284,1387.9592,1523.4723,1639.0892,1679.0395,1635.278,1690.9463,1748.3754,1623.6271,1652.5152,1637.2639,1779.576,1977.7323,1684.2176,1714.315,1703.8494,1756.142,1795.4733,1789.326,1789.326,1637.768
Israel,Food Transport,Emissions (CH4),kilotonnes,0.2134,0.1837,0.187,0.187,0.1826,0.1848,0.1639,0.1529,0.143,0.1166,0.1038,0.1026,0.1088,0.1066,0.1133,0.1199,0.1298,0.132,0.1254,0.0928,0.0985
Israel,Food Transport,Emissions (N2O),kilotonnes,0.0412,0.0425,0.0433,0.0434,0.042,0.0407,0.0378,0.037,0.037,0.0328,0.0325,0.0325,0.0341,0.0329,0.0343,0.0362,0.0377,0.0384,0.0363,0.039,0.0376
Israel,Food Transport,Emissions (CO2),kilotonnes,1474,1507,1562.094,1628.094,1628.094,1551.094,1584.094,1661.094,1826,1815,1936,1826,1991,1892.3235,2013.3265,2112.346,2167.372,2211.376,2090.3555,2256.8954,2051.1196
Israel,Food Transport,Emissions (CO2eq) from CH4 (AR5),kilotonnes,5.9752,5.1436,5.236,5.236,5.1128,5.1744,4.5892,4.2812,4.004,3.2648,2.9064,2.8728,3.0464,2.9848,3.1724,3.3572,3.6344,3.696,3.5112,2.5984,2.7586
Israel,Food Transport,Emissions (CO2eq) from N2O (AR5),kilotonnes,10.918,11.2625,11.4745,11.501,11.13,10.7855,10.017,9.805,9.805,8.692,8.6125,8.6125,9.0365,8.7185,9.0895,9.593,9.9905,10.176,9.6195,10.335,9.9729
Israel,Food Transport,Emissions (CO2eq) (AR5),kilotonnes,1490.8932,1523.4061,1578.8045,1644.831,1644.3368,1567.0539,1598.7002,1675.1802,1839.809,1826.9568,1947.5189,1837.4853,2003.0829,1904.0268,2025.5884,2125.2962,2180.9969,2225.248,2103.4862,2269.8288,2063.8511
Israel,Energy,Emissions (CH4),kilotonnes,6.23,6.45,7.42,8.46,22.8,28.7,36.5,42,51.2,42.3,50.9,63.8,42.6,90.5,105,113,125,135,154,146,155
Israel,Energy,Emissions (N2O),kilotonnes,0.86,0.915,0.963,0.986,0.972,0.931,0.915,0.928,0.9,0.845,0.866,0.876,0.967,0.813,0.79,0.804,0.762,0.738,0.718,0.742,0.716
Israel,Energy,Emissions (CO2),kilotonnes,59100,62600,58700,61900,59000,57200,62300,63000,68000,64300,68400,68700,74800,65300,62900,65800,64900,65600,65800,68000,61800
Israel,Energy,Emissions (CO2eq) from CH4 (AR5),kilotonnes,174.44,180.6,207.76,236.88,638.4,803.6,1022,1176,1433.6,1184.4,1425.2,1786.4,1192.8,2534,2940,3164,3500,3780,4312,4088,4340
Israel,Energy,Emissions (CO2eq) from N2O (AR5),kilotonnes,227.9,242.475,255.195,261.29,257.58,246.715,242.475,245.92,238.5,223.925,229.49,232.14,256.255,215.445,209.35,213.06,201.93,195.57,190.27,196.63,189.74
Israel,Energy,Emissions (CO2eq) (AR5),kilotonnes,59502.34,63023.075,59162.955,62398.17,59895.98,58250.315,63564.475,64421.92,69672.1,65708.325,70054.69,70718.54,76249.055,68049.445,66049.35,69177.06,68601.93,69575.57,70302.27,72284.63,66329.74
Israel,IPPU,Emissions (CH4),kilotonnes,0.0561,0.0561,0.0561,0.0561,0.0561,0.0561,0.0561,0.0561,0.0561,0.0581,0.0601,0.062,0.064,0.066,0.066,0.066,0.066,0.066,0.0616,0.0663,0.0684
Israel,IPPU,Emissions (N2O),kilotonnes,1.61,1.49,1.63,1.68,1.72,1.74,1.74,1.9,1.07,1.09,1.12,1.14,1.16,1.18,1.19,1.21,1.23,1.25,1.27,1.3,1.32
Israel,IPPU,Emissions (CO2),kilotonnes,2920,2620,2650,2710,2900,3130,3230,3290,3160,2700,2960,3200,3230,3160,3340,3280,3000,3040,2840,2480,2480
Israel,IPPU,Emissions (CO2eq) from F-gases (AR5),kilotonnes,1486.7845,1758.8758,1758.8758,1758.8758,1797.746,1962.9443,2167.0127,2312.7759,2477.9742,2643.1725,2798.6532,3877.3008,3935.6061,4907.3606,4168.8272,6345.5574,7550.5331,6714.8242,7890.6472,7472.7927,8201.6087
Israel,IPPU,Emissions (CO2eq) from CH4 (AR5),kilotonnes,1.5708,1.5708,1.5708,1.5708,1.5708,1.5708,1.5708,1.5708,1.5708,1.6268,1.6828,1.736,1.792,1.848,1.848,1.848,1.848,1.848,1.7248,1.8564,1.9152
Israel,IPPU,Emissions (CO2eq) from N2O (AR5),kilotonnes,426.65,394.85,431.95,445.2,455.8,461.1,461.1,503.5,283.55,288.85,296.8,302.1,307.4,312.7,315.35,320.65,325.95,331.25,336.55,344.5,349.8
Israel,IPPU,Emissions (CO2eq) (AR5),kilotonnes,4835.0053,4775.2966,4842.3966,4915.6466,5155.1168,5555.6151,5859.6835,6107.8467,5923.095,5633.6493,6057.136,7381.1368,7474.7981,8381.9086,7826.0252,9948.0554,10878.3311,10087.9222,11068.922,10299.1491,11033.3239
Israel,Waste,Emissions (CH4),kilotonnes,188,192,195,198,203,196,202,208,205,209,215,220,225,230,234,238,244,249,250,246,257
Israel,Waste,Emissions (N2O),kilotonnes,0.717,0.733,0.747,0.768,0.793,0.814,0.846,0.864,0.887,0.895,0.911,0.927,0.954,0.981,0.992,0.996,1,1.02,0.994,1.05,1.07
Israel,Waste,Emissions (CO2eq) from CH4 (AR5),kilotonnes,5264,5376,5460,5544,5684,5488,5656,5824,5740,5852,6020,6160,6300,6440,6552,6664,6832,6972,7000,6888,7196
Israel,Waste,Emissions (CO2eq) from N2O (AR5),kilotonnes,190.005,194.245,197.955,203.52,210.145,215.71,224.19,228.96,235.055,237.175,241.415,245.655,252.81,259.965,262.88,263.94,265,270.3,263.41,278.25,283.55
Israel,Waste,Emissions (CO2eq) (AR5),kilotonnes,5454.005,5570.245,5657.955,5747.52,5894.145,5703.71,5880.19,6052.96,5975.055,6089.175,6261.415,6405.655,6552.81,6699.965,6814.88,6927.94,7097,7242.3,7263.41,7166.25,7479.55
Israel,Other,Emissions (N2O),kilotonnes,1.36,1.33,1.4,1.44,1.39,1.31,1.29,1.29,1.3,1.2,1.24,1.24,1.44,1.19,1.22,1.22,1.19,1.21,1.13,1.17,1.15
Israel,Other,Emissions (CO2eq) from N2O (AR5),kilotonnes,360.4,352.45,371,381.6,368.35,347.15,341.85,341.85,344.5,318,328.6,328.6,381.6,315.35,323.3,323.3,315.35,320.65,299.45,310.05,304.75
Israel,Other,Emissions (CO2eq) (AR5),kilotonnes,360.4,352.45,371,381.6,368.35,347.15,341.85,341.85,344.5,318,328.6,328.6,381.6,315.35,323.3,323.3,315.35,320.65,299.45,310.05,304.75
Israel,Farm-gate emissions,Emissions (CH4),kilotonnes,18.9531,18.7825,17.5664,18.0124,17.8333,18.2452,19.9542,19.6696,20.3968,19.8992,21.0513,21.2372,21.5859,22.3561,22.7876,23.6942,23.5113,23.6481,24.6858,25.1108,25.4751
Israel,Farm-gate emissions,Direct emissions (N2O),kilotonnes,2.1088,2.086,1.9814,2.1208,2.1247,2.1062,2.1969,2.3975,2.1904,2.0335,2.016,2.2426,2.2581,2.3038,2.3051,2.4141,2.3791,2.4264,2.4873,2.4371,2.4906
Israel,Farm-gate emissions,Indirect emissions (N2O),kilotonnes,0.5842,0.5752,0.5517,0.5923,0.5975,0.5894,0.6087,0.6731,0.6049,0.5553,0.5436,0.6189,0.6242,0.6348,0.6392,0.6604,0.6515,0.6653,0.6797,0.6621,0.6753
Israel,Farm-gate emissions,Emissions (N2O),kilotonnes,3.1,3.0898,2.9863,3.1833,3.1837,3.117,3.2472,3.5362,3.2937,3.0974,3.0741,3.3153,3.3871,3.382,3.3892,3.5423,3.5052,3.5771,3.6483,3.5872,3.6631
Israel,Farm-gate emissions,Emissions (CO2),kilotonnes,1220.4055,1248.6471,1247.8799,1307.7274,1325.1685,1125.6879,1192.3454,1247.1265,1246.8703,1404.4543,1378.7193,1169.3117,1308.3666,1142.9872,1088.9789,1099.9704,1094.8876,1083.9459,1078.3859,1076.2673,1076.2673
Israel,Farm-gate emissions,Emissions (CO2eq) from CH4 (AR5),kilotonnes,530.6872,525.9103,491.8605,504.3461,499.3316,510.8652,558.7163,550.7477,571.1103,557.179,589.4365,594.641,604.4043,625.9718,638.0533,663.4386,658.3167,662.1467,691.2013,703.1034,713.3032
Israel,Farm-gate emissions,Emissions (CO2eq) from N2O (AR5),kilotonnes,821.4907,818.7925,791.3753,843.5785,843.69,826.0079,860.4963,937.0996,872.818,820.8152,814.627,878.5445,897.5841,896.2264,898.1458,938.7066,928.8685,947.9446,966.7888,950.5962,970.7236
Israel,Farm-gate emissions,Emissions (CO2eq) (AR5),kilotonnes,2572.5834,2593.3499,2531.1157,2655.652,2668.19,2462.5611,2611.558,2734.9738,2690.7986,2782.4485,2782.7828,2642.4972,2810.3549,2665.1854,2625.1781,2702.1155,2682.0728,2694.0372,2736.3761,2729.9669,2760.2941
Israel,Land Use change,Emissions (CH4),kilotonnes,0,0,0,0,0,0,0,0,0,0,0,0,0,0,0,0,0,0,0,0,0
Israel,Land Use change,Emissions (N2O),kilotonnes,0,0,0,0,0,0,0,0,0,0,0,0,0,0,0,0,0,0,0,0,0
Israel,Land Use change,Emissions (CO2),kilotonnes,1.6353,0,0,0,0,0,0,0,0,0,0,0,0,0,0,0,81.7667,81.7667,81.7667,81.7667,81.7667
Israel,Land Use change,Emissions (CO2eq) from CH4 (AR5),kilotonnes,0,0,0,0,0,0,0,0,0,0,0,0,0,0,0,0,0,0,0,0,0
Israel,Land Use change,Emissions (CO2eq) from N2O (AR5),kilotonnes,0,0,0,0,0,0,0,0,0,0,0,0,0,0,0,0,0,0,0,0,0
Israel,Land Use change,Emissions (CO2eq) (AR5),kilotonnes,1.6353,0,0,0,0,0,0,0,0,0,0,0,0,0,0,0,81.7667,81.7667,81.7667,81.7667,81.7667
Israel,Emissions on agricultural land,Emissions (CH4),kilotonnes,18.9531,18.7825,17.5664,18.0124,17.8333,18.2452,19.9542,19.6696,20.3968,19.8992,21.0513,21.2372,21.5859,22.3561,22.7876,23.6942,23.5113,23.6481,24.6858,25.1108,25.4751
Israel,Emissions on agricultural land,Emissions (N2O),kilotonnes,3.1,3.0898,2.9863,3.1833,3.1837,3.117,3.2472,3.5362,3.2937,3.0974,3.0741,3.3153,3.3871,3.382,3.3892,3.5423,3.5052,3.5771,3.6483,3.5872,3.6631
Israel,Emissions on agricultural land,Emissions (CO2),kilotonnes,1222.0408,1248.6471,1247.8799,1307.7274,1325.1685,1125.6879,1192.3454,1247.1265,1246.8703,1404.4543,1378.7193,1169.3117,1308.3666,1142.9872,1088.9789,1099.9704,1176.6542,1165.7125,1160.1526,1158.034,1158.034
Israel,Emissions on agricultural land,Emissions (CO2eq) from CH4 (AR5),kilotonnes,530.6872,525.9103,491.8605,504.3461,499.3316,510.8652,558.7163,550.7477,571.1103,557.179,589.4365,594.641,604.4043,625.9718,638.0533,663.4386,658.3167,662.1467,691.2013,703.1034,713.3032
Israel,Emissions on agricultural land,Emissions (CO2eq) from N2O (AR5),kilotonnes,821.4907,818.7925,791.3753,843.5785,843.69,826.0079,860.4963,937.0996,872.818,820.8152,814.627,878.5445,897.5841,896.2264,898.1458,938.7066,928.8685,947.9446,966.7888,950.5962,970.7236
Israel,Emissions on agricultural land,Emissions (CO2eq) (AR5),kilotonnes,2574.2188,2593.3499,2531.1157,2655.652,2668.19,2462.5611,2611.558,2734.9738,2690.7986,2782.4485,2782.7828,2642.4972,2810.3549,2665.1854,2625.1781,2702.1155,2763.8395,2775.8038,2818.1427,2811.7336,2842.0608
Israel,Pre- and post- production,Emissions (CH4),kilotonnes,49.2547,53.0587,57.588,61.0184,64.3485,67.2875,70.3801,73.309,76.0752,78.0204,80.0822,82.15,84.4777,86.1919,86.7441,89.2843,90.9515,92.4931,93.8903,95.4676,96.8847
Israel,Pre- and post- production,Emissions (N2O),kilotonnes,0.5611,0.5795,0.6021,0.6114,0.6408,0.6269,0.6559,0.6524,0.6709,0.679,0.6804,0.6993,0.7144,0.7156,0.7057,0.7043,0.7273,0.7433,0.7475,0.7573,0.7502
Israel,Pre- and post- production,Emissions (CO2),kilotonnes,6120.9798,6029.0819,6759.4098,6915.9569,7055.2843,6898.6356,6999.4404,7316.4633,7093.213,6942.1951,7071.5892,7291.4114,8097.4866,7911.7056,7988.0777,8637.7133,8884.1538,9113.4408,9133.089,9639.0389,8985.2192
Israel,Pre- and post- production,Emissions (CO2eq) from F-gases (AR5),kilotonnes,708.0785,821.849,934.5805,1061.858,1198.4865,1339.7905,1463.4315,1587.0725,1608.372,1619.2815,1625.5155,1629.152,1631.7495,1634.347,1634.347,1634.347,1753.3125,1785.002,1816.172,1847.342,2027.5119
Israel,Pre- and post- production,Emissions (CO2eq) from CH4 (AR5),kilotonnes,1379.1322,1485.6447,1612.4651,1708.5149,1801.7582,1884.0488,1970.6427,2052.651,2130.1056,2184.5705,2242.3016,2300.2013,2365.377,2413.3739,2428.8355,2499.9604,2546.6414,2589.8081,2628.9282,2673.0935,2712.7722
Israel,Pre- and post- production,Emissions (CO2eq) from N2O (AR5),kilotonnes,148.6906,153.5644,159.5654,162.0171,169.813,166.1393,173.8037,172.8878,177.8009,179.9383,180.3039,185.31,189.3175,189.6261,187.0009,186.6477,192.7226,196.9681,198.098,200.6741,198.8062
Israel,Pre- and post- production,Emissions (CO2eq) (AR5),kilotonnes,8356.8811,8490.1399,9466.0207,9848.3469,10225.3419,10288.6143,10607.3183,11129.0747,11009.4915,10925.9855,11119.7101,11406.0748,12283.9305,12149.0525,12238.2611,12958.6684,13376.8304,13685.219,13776.2872,14360.1485,13924.3095
Israel,Agri-food systems,Emissions (CH4),kilotonnes,68.2078,71.8412,75.1545,79.0307,82.1818,85.5326,90.3342,92.9785,96.472,97.9196,101.1335,103.3872,106.0636,108.5481,109.5317,112.9785,114.4628,116.1412,118.5761,120.5785,122.3598
Israel,Agri-food systems,Emissions (N2O),kilotonnes,3.6611,3.6693,3.5885,3.7947,3.8245,3.744,3.903,4.1886,3.9646,3.7764,3.7545,4.0145,4.1015,4.0976,4.0949,4.2466,4.2324,4.3204,4.3958,4.3444,4.4133
Israel,Agri-food systems,Emissions (CO2),kilotonnes,7343.0206,7277.7289,8007.2897,8223.6843,8380.4527,8024.3236,8191.7858,8563.5898,8340.0832,8346.6495,8450.3085,8460.7231,9405.8531,9054.6927,9077.0566,9737.6837,10060.8081,10279.1533,10293.2415,10797.0728,10143.2531
Israel,Agri-food systems,Emissions (CO2eq) from F-gases (AR5),kilotonnes,708.0785,821.849,934.5805,1061.858,1198.4865,1339.7905,1463.4315,1587.0725,1608.372,1619.2815,1625.5155,1629.152,1631.7495,1634.347,1634.347,1634.347,1753.3125,1785.002,1816.172,1847.342,2027.5119
Israel,Agri-food systems,Emissions (CO2eq) from CH4 (AR5),kilotonnes,1909.8194,2011.555,2104.3255,2212.861,2301.0898,2394.914,2529.359,2603.3988,2701.2159,2741.7495,2831.7381,2894.8423,2969.7812,3039.3456,3066.8888,3163.399,3204.9582,3251.9548,3320.1296,3376.1969,3426.0754
Israel,Agri-food systems,Emissions (CO2eq) from N2O (AR5),kilotonnes,970.1814,972.357,950.9407,1005.5956,1013.503,992.1473,1034.3,1109.9874,1050.6189,1000.7535,994.9309,1063.8545,1086.9016,1085.8525,1085.1467,1125.3542,1121.5911,1144.9127,1164.8868,1151.2703,1169.5298
Israel,Agri-food systems,Emissions (CO2eq) (AR5),kilotonnes,10931.0999,11083.4898,11997.1364,12503.9989,12893.5319,12751.1753,13218.8763,13864.0484,13700.29,13708.434,13902.4929,14048.5719,15094.2854,14814.2379,14863.4391,15660.7839,16140.6698,16461.0228,16594.4299,17171.8821,16766.3703
Israel,IPCC Agriculture,Emissions (CH4),kilotonnes,18.6304,18.5794,17.3686,17.813,17.636,18.0724,19.7797,19.4901,20.2181,19.7075,20.8558,21.0561,21.3937,22.1839,22.6281,23.5358,23.3573,23.5035,24.5502,24.9801,25.3444
Israel,IPCC Agriculture,Emissions (CH4),kilotonnes,43.8149,,,39.7586,40.2192,41.8245,44.2601,44.3577,45.8678,44.5648,45.7398,37.4948,37.8895,38.9921,39.2671,40.3226,,,,,
Israel,IPCC Agriculture,Direct emissions (N2O),kilotonnes,2.1088,2.086,1.9814,2.1208,2.1247,2.1062,2.1969,2.3975,2.1904,2.0335,2.016,2.2426,2.2581,2.3038,2.3051,2.4141,2.3791,2.4264,2.4873,2.4371,2.4906
Israel,IPCC Agriculture,Indirect emissions (N2O),kilotonnes,0.5842,0.5752,0.5517,0.5923,0.5975,0.5894,0.6087,0.6731,0.6049,0.5553,0.5436,0.6189,0.6242,0.6348,0.6392,0.6604,0.6515,0.6653,0.6797,0.6621,0.6753
Israel,IPCC Agriculture,Emissions (N2O),kilotonnes,2.8058,2.7815,2.6634,2.8403,2.8524,2.8332,2.9441,3.2153,2.9376,2.7376,2.7176,3.0125,3.034,3.0727,3.0806,3.2191,3.1725,3.2354,3.3036,3.2353,3.3112
Israel,IPCC Agriculture,Emissions (N2O),kilotonnes,4.1996,,,4.444,4.6022,4.6079,4.8248,5.1571,4.8269,4.5905,4.5034,3.6999,3.6994,3.8557,4.1018,4.135,,,,,
Israel,IPCC Agriculture,Emissions (CO2eq) from CH4 (AR5),kilotonnes,521.6504,520.2244,486.3213,498.7653,493.8091,506.0268,553.8314,545.7241,566.1054,551.8103,583.9613,589.5709,599.0227,621.1505,633.5874,659.0011,654.0032,658.098,687.407,699.4434,709.6432
Israel,IPCC Agriculture,Emissions (CO2eq) from CH4 (AR5),kilotonnes,1226.8172,,,1113.2408,1126.1376,1171.086,1239.2828,1242.0156,1284.2984,1247.8144,1280.7144,1049.8544,1060.906,1091.7788,1099.4788,1129.0328,,,,,
Israel,IPCC Agriculture,Emissions (CO2eq) from N2O (AR5),kilotonnes,743.5254,737.0946,705.7913,752.6916,755.8926,750.8082,780.1956,852.06,778.4695,725.4609,720.1525,798.3028,803.9997,814.2592,816.3487,853.0687,840.7058,857.3681,875.4507,857.3499,877.4772
Israel,IPCC Agriculture,Emissions (CO2eq) from N2O (AR5),kilotonnes,1112.894,,,1177.66,1219.583,1221.0935,1278.572,1366.6315,1279.1285,1216.4825,1193.401,980.4735,980.341,1021.7605,1086.977,1095.775,,,,,
Israel,IPCC Agriculture,Emissions (CO2eq) (AR5),kilotonnes,1265.1758,1257.319,1192.1126,1251.4569,1249.7016,1256.8349,1334.0271,1397.784,1344.5749,1277.2713,1304.1138,1387.8736,1403.0224,1435.4097,1449.9361,1512.0698,1494.709,1515.4661,1562.8576,1556.7932,1587.1204
Israel,IPCC Agriculture,Emissions (CO2eq) (AR5),kilotonnes,2339.7112,,,2290.9008,2345.7206,2392.1795,2517.8548,2608.6471,2563.4269,2464.2969,2474.1154,2030.3279,2041.247,2113.5393,2186.4558,2224.8078,,,,,
Israel,Agricultural Soils,Direct emissions (N2O),kilotonnes,2.1088,2.086,1.9814,2.1208,2.1247,2.1062,2.1969,2.3975,2.1904,2.0335,2.016,2.2426,2.2581,2.3038,2.3051,2.4141,2.3791,2.4264,2.4873,2.4371,2.4906
Israel,Agricultural Soils,Indirect emissions (N2O),kilotonnes,0.5842,0.5752,0.5517,0.5923,0.5975,0.5894,0.6087,0.6731,0.6049,0.5553,0.5436,0.6189,0.6242,0.6348,0.6392,0.6604,0.6515,0.6653,0.6797,0.6621,0.6753
Israel,Agricultural Soils,Emissions (N2O),kilotonnes,2.693,2.6611,2.5331,2.713,2.7222,2.6956,2.8057,3.0707,2.7953,2.5888,2.5597,2.8616,2.8823,2.9385,2.9443,3.0745,3.0306,3.0917,3.167,3.0992,3.1659
Israel,Agricultural Soils,Emissions (N2O),kilotonnes,3.374,,,3.6772,3.8316,3.8034,3.9558,4.2857,3.9228,3.7021,3.5833,3.1215,3.1242,3.2726,3.534,3.4977,,,,,
Israel,Agricultural Soils,Emissions (CO2eq) from N2O (AR5),kilotonnes,713.6453,705.2037,671.2622,718.9547,721.3717,714.332,743.504,813.7279,740.7531,686.029,678.3108,758.3161,763.8118,778.708,780.2397,814.7371,803.1034,819.298,839.2568,821.2898,838.9558
Israel,Agricultural Soils,Emissions (CO2eq) from N2O (AR5),kilotonnes,894.11,,,974.458,1015.374,1007.901,1048.287,1135.7105,1039.542,981.0565,949.5745,827.1975,827.913,867.239,936.51,926.8905,,,,,
Israel,Agricultural Soils,Emissions (CO2eq) (AR5),kilotonnes,713.6453,705.2037,671.2622,718.9547,721.3717,714.332,743.504,813.7279,740.7531,686.029,678.3108,758.3161,763.8118,778.708,780.2397,814.7371,803.1034,819.298,839.2568,821.2898,838.9558
Israel,Agricultural Soils,Emissions (CO2eq) (AR5),kilotonnes,894.11,,,974.458,1015.374,1007.901,1048.287,1135.7105,1039.542,981.0565,949.5745,827.1975,827.913,867.239,936.51,926.8905,,,,,
Israel,LULUCF,Emissions (CH4),kilotonnes,0,0,0,0,0,0,0,0,0,0,0,0,0,0,0,0,0,0,0,0,0
Israel,LULUCF,Emissions (N2O),kilotonnes,0,0,0,0,0,0,0,0,0,0,0,0,0,0,0,0,0,0,0,0,0
Israel,LULUCF,Emissions (CO2),kilotonnes,-24.244,-7.216,-7.216,-7.216,-7.216,-7.216,-7.216,-7.216,-7.216,-7.216,-7.216,-45.012,-45.012,-45.012,-45.012,-45.012,81.7667,81.7667,81.7667,81.7667,81.7667
Israel,LULUCF,Emissions (CO2),kilotonnes,-212.6667,,,-286.2771,-270.2487,-375.5908,-395.9919,-384.7928,-346.5382,-367.1717,-411.0756,-414.34,-324.9164,-291.2887,-163.4255,-141.1816,-206.1889,-175.5824,-256.3764,,
Israel,LULUCF,Emissions (CO2eq) from CH4 (AR5),kilotonnes,0,0,0,0,0,0,0,0,0,0,0,0,0,0,0,0,0,0,0,0,0
Israel,LULUCF,Emissions (CO2eq) from N2O (AR5),kilotonnes,0,0,0,0,0,0,0,0,0,0,0,0,0,0,0,0,0,0,0,0,0
Israel,LULUCF,Emissions (CO2eq) (AR5),kilotonnes,-24.244,-7.216,-7.216,-7.216,-7.216,-7.216,-7.216,-7.216,-7.216,-7.216,-7.216,-45.012,-45.012,-45.012,-45.012,-45.012,81.7667,81.7667,81.7667,81.7667,81.7667
Israel,LULUCF,Emissions (CO2eq) (AR5),kilotonnes,-212.6667,,,-286.2771,-270.2487,-375.5908,-395.9919,-384.7928,-346.5382,-367.1717,-411.0756,-414.34,-324.9164,-291.2887,-163.4255,-141.1816,-206.1889,-175.5824,-256.3764,,
Israel,AFOLU,Emissions (CH4),kilotonnes,18.6304,18.5794,17.3686,17.813,17.636,18.0724,19.7797,19.4901,20.2181,19.7075,20.8558,21.0561,21.3937,22.1839,22.6281,23.5358,23.3573,23.5035,24.5502,24.9801,25.3444
Israel,AFOLU,Emissions (N2O),kilotonnes,2.8058,2.7815,2.6634,2.8403,2.8524,2.8332,2.9441,3.2153,2.9376,2.7376,2.7176,3.0125,3.034,3.0727,3.0806,3.2191,3.1725,3.2354,3.3036,3.2353,3.3112
Israel,AFOLU,Emissions (CO2),kilotonnes,-24.244,-7.216,-7.216,-7.216,-7.216,-7.216,-7.216,-7.216,-7.216,-7.216,-7.216,-45.012,-45.012,-45.012,-45.012,-45.012,81.7667,81.7667,81.7667,81.7667,81.7667
Israel,AFOLU,Emissions (CO2eq) from CH4 (AR5),kilotonnes,521.6504,520.2244,486.3213,498.7653,493.8091,506.0268,553.8314,545.7241,566.1054,551.8103,583.9613,589.5709,599.0227,621.1505,633.5874,659.0011,654.0032,658.098,687.407,699.4434,709.6432
Israel,AFOLU,Emissions (CO2eq) from N2O (AR5),kilotonnes,743.5254,737.0946,705.7913,752.6916,755.8926,750.8082,780.1956,852.06,778.4695,725.4609,720.1525,798.3028,803.9997,814.2592,816.3487,853.0687,840.7058,857.3681,875.4507,857.3499,877.4772
Israel,AFOLU,Emissions (CO2eq) (AR5),kilotonnes,1240.9318,1250.103,1184.8966,1244.2409,1242.4856,1249.6189,1326.8111,1390.568,1337.3589,1270.0553,1296.8978,1342.8616,1358.0104,1390.3977,1404.9241,1467.0578,1576.4757,1597.2328,1644.6243,1638.5599,1668.8871
Israel,All sectors with LULUCF,Emissions (CH4),kilotonnes,212.9165,217.0855,219.8447,224.3291,243.4921,242.8285,258.3358,269.5462,276.4742,271.0656,286.8159,304.9181,289.0577,342.7499,361.6941,374.6018,392.4233,407.5695,428.6118,417.0464,437.4128
Israel,All sectors with LULUCF,Emissions (N2O),kilotonnes,7.3528,7.2495,7.4034,7.7143,7.7274,7.6282,7.7351,8.1973,7.0946,6.7676,6.8546,7.1955,7.555,7.2367,7.2726,7.4491,7.3545,7.4534,7.4156,7.4973,7.5672
Israel,All sectors with LULUCF,Emissions (CO2),kilotonnes,61995.756,65212.784,61342.784,64602.784,61892.784,60322.784,65522.784,66282.784,71152.784,66992.784,71352.784,71854.988,77984.988,68414.988,66194.988,69034.988,67981.7667,68721.7667,68721.7667,70561.7667,64361.7667
Israel,All sectors with LULUCF,Emissions (CO2eq) from F-gases (AR5),kilotonnes,1486.7845,1758.8758,1758.8758,1758.8758,1797.746,1962.9443,2167.0127,2312.7759,2477.9742,2643.1725,2798.6532,3877.3008,3935.6061,4907.3606,4168.8272,6345.5574,7550.5331,6714.8242,7890.6472,7472.7927,8201.6087
Israel,All sectors with LULUCF,Emissions (CO2eq) from CH4 (AR5),kilotonnes,5961.6612,6078.3952,6155.6521,6281.2161,6817.7799,6799.1976,7233.4022,7547.2949,7741.2762,7589.8371,8030.8441,8537.7069,8093.6147,9596.9985,10127.4354,10488.8491,10987.8512,11411.946,12001.1318,11677.2998,12247.5584
Israel,All sectors with LULUCF,Emissions (CO2eq) from N2O (AR5),kilotonnes,1948.4804,1921.1146,1961.8913,2044.3016,2047.7676,2021.4832,2049.8106,2172.29,1880.0745,1793.4109,1816.4575,1906.7978,2002.0647,1917.7192,1927.2287,1974.0187,1948.9358,1975.1381,1965.1307,1986.7799,2005.3172
Israel,All sectors with LULUCF,Emissions (CO2eq) (AR5),kilotonnes,71392.6821,74971.1696,71219.2032,74687.1775,72556.0774,71106.409,76973.0096,78315.1448,83252.1089,79019.2045,83998.7388,86176.7934,92016.2735,84837.0663,82418.4793,87843.4133,88469.0868,88823.675,90578.6763,91698.639,86816.251
Israel,All sectors without LULUCF,Emissions (CH4),kilotonnes,212.9165,217.0855,219.8447,224.3291,243.4921,242.8285,258.3358,269.5462,276.4742,271.0656,286.8159,304.9181,289.0577,342.7499,361.6941,374.6018,392.4233,407.5695,428.6118,417.0464,437.4128
Israel,All sectors without LULUCF,Emissions (N2O),kilotonnes,7.3528,7.2495,7.4034,7.7143,7.7274,7.6282,7.7351,8.1973,7.0946,6.7676,6.8546,7.1955,7.555,7.2367,7.2726,7.4491,7.3545,7.4534,7.4156,7.4973,7.5672
Israel,All sectors without LULUCF,Emissions (CO2),kilotonnes,62020,65220,61350,64610,61900,60330,65530,66290,71160,67000,71360,71900,78030,68460,66240,69080,67900,68640,68640,70480,64280
Israel,All sectors without LULUCF,Emissions (CO2eq) from F-gases (AR5),kilotonnes,1486.7845,1758.8758,1758.8758,1758.8758,1797.746,1962.9443,2167.0127,2312.7759,2477.9742,2643.1725,2798.6532,3877.3008,3935.6061,4907.3606,4168.8272,6345.5574,7550.5331,6714.8242,7890.6472,7472.7927,8201.6087
Israel,All sectors without LULUCF,Emissions (CO2eq) from CH4 (AR5),kilotonnes,5961.6612,6078.3952,6155.6521,6281.2161,6817.7799,6799.1976,7233.4022,7547.2949,7741.2762,7589.8371,8030.8441,8537.7069,8093.6147,9596.9985,10127.4354,10488.8491,10987.8512,11411.946,12001.1318,11677.2998,12247.5584
Israel,All sectors without LULUCF,Emissions (CO2eq) from N2O (AR5),kilotonnes,1948.4804,1921.1146,1961.8913,2044.3016,2047.7676,2021.4832,2049.8106,2172.29,1880.0745,1793.4109,1816.4575,1906.7978,2002.0647,1917.7192,1927.2287,1974.0187,1948.9358,1975.1381,1965.1307,1986.7799,2005.3172
Israel,All sectors without LULUCF,Emissions (CO2eq) (AR5),kilotonnes,71416.9261,74978.3856,71226.4192,74694.3935,72563.2934,71113.625,76980.2256,78322.3608,83259.3249,79026.4205,84005.9548,86221.8054,92061.2855,84882.0783,82463.4913,87888.4253,88387.3201,88741.9083,90496.9097,91616.8724,86734.4843
Italy,Crop Residues,Direct emissions (N2O),kilotonnes,3.5526,3.3799,3.5652,3.0306,3.8646,3.5758,3.3944,3.3851,3.6338,3.0024,3.1217,3.2247,3.1616,3.1021,3.2708,3.1257,3.2226,2.9109,2.9711,2.8993,2.9586
Italy,Crop Residues,Direct emissions (N2O),kilotonnes,7.5436,7.4584,7.3729,6.3568,7.2973,7.3372,7.0003,6.8173,6.4237,6.1894,6.3242,6.4958,5.7087,5.959,6.8655,6.3845,6.703,6.0252,6.8365,6.9602,7.3627
Italy,Crop Residues,Indirect emissions (N2O),kilotonnes,0.7993,0.7605,0.8022,0.6819,0.8695,0.8046,0.7638,0.7617,0.8176,0.6755,0.7024,0.7256,0.7114,0.698,0.7359,0.7033,0.7251,0.655,0.6685,0.6524,0.6657
Italy,Crop Residues,Emissions (N2O),kilotonnes,4.3519,4.1404,4.3674,3.7125,4.7342,4.3804,4.1582,4.1468,4.4513,3.6779,3.824,3.9503,3.873,3.8001,4.0067,3.829,3.9477,3.5659,3.6396,3.5517,3.6243
Italy,Crop Residues,Emissions (N2O),kilotonnes,7.5436,7.4584,7.3729,6.3568,7.2973,7.3372,7.0003,6.8173,6.4237,6.1894,6.3242,6.4958,5.7087,5.959,6.8655,6.3845,6.703,6.0252,6.8365,6.9602,7.3627
Italy,Crop Residues,Emissions (CO2eq) from N2O (AR5),kilotonnes,1153.2541,1097.2035,1157.3581,983.8095,1254.5613,1160.7957,1101.9227,1098.8993,1179.6071,974.64,1013.3694,1046.8306,1026.3401,1007.0245,1061.7778,1014.6921,1046.1458,944.9666,964.4956,941.2014,960.447
Italy,Crop Residues,Emissions (CO2eq) from N2O (AR5),kilotonnes,1999.0449,1976.4638,1953.81,1684.5406,1933.7761,1944.3449,1855.0882,1806.584,1702.2876,1640.1923,1675.9028,1721.3976,1512.8145,1579.1257,1819.3499,1691.9017,1776.2991,1596.6912,1811.6757,1844.4605,1951.1105
Italy,Crop Residues,Emissions (CO2eq) (AR5),kilotonnes,1153.2541,1097.2035,1157.3581,983.8095,1254.5613,1160.7957,1101.9227,1098.8993,1179.6071,974.64,1013.3694,1046.8306,1026.3401,1007.0245,1061.7778,1014.6921,1046.1458,944.9666,964.4956,941.2014,960.447
Italy,Crop Residues,Emissions (CO2eq) (AR5),kilotonnes,1999.0449,1976.4638,1953.81,1684.5406,1933.7761,1944.3449,1855.0882,1806.584,1702.2876,1640.1923,1675.9028,1721.3976,1512.8145,1579.1257,1819.3499,1691.9017,1776.2991,1596.6912,1811.6757,1844.4605,1951.1105
Italy,Rice Cultivation,Emissions (CH4),kilotonnes,111.0554,109.6815,110.2127,110.2122,115.7799,112.9036,113.9428,117.18,112.9968,120.204,124.8408,124.236,118.4662,108.8736,110.628,114.5748,118.003,118.003,109.4638,110.8951,114.5693
Italy,Rice Cultivation,Emissions (CH4),kilotonnes,66.2564,66.1851,68.5245,69.9991,73.0254,70.0883,70.1962,72.0803,66.0057,73.3886,72.8876,72.2178,71.5656,66.4522,64.5367,66.7305,68.5954,65.8297,64.0499,63.3267,63.2818
Italy,Rice Cultivation,Emissions (CO2eq) from CH4 (AR5),kilotonnes,3109.551,3071.0817,3085.9557,3085.9416,3241.8369,3161.2997,3190.3986,3281.04,3163.9104,3365.712,3495.5424,3478.608,3317.0538,3048.4601,3097.584,3208.0951,3304.0849,3304.0849,3064.9853,3105.0634,3207.9398
Italy,Rice Cultivation,Emissions (CO2eq) from CH4 (AR5),kilotonnes,1855.1804,1853.1821,1918.6847,1959.975,2044.7119,1962.4737,1965.4948,2018.2492,1848.1607,2054.88,2040.8516,2022.099,2003.8378,1860.6607,1807.0281,1868.4533,1920.6713,1843.2312,1793.3962,1773.1471,1771.8909
Italy,Rice Cultivation,Emissions (CO2eq) (AR5),kilotonnes,3109.551,3071.0817,3085.9557,3085.9416,3241.8369,3161.2997,3190.3986,3281.04,3163.9104,3365.712,3495.5424,3478.608,3317.0538,3048.4601,3097.584,3208.0951,3304.0849,3304.0849,3064.9853,3105.0634,3207.9398
Italy,Rice Cultivation,Emissions (CO2eq) (AR5),kilotonnes,1855.1804,1853.1821,1918.6847,1959.975,2044.7119,1962.4737,1965.4948,2018.2492,1848.1607,2054.88,2040.8516,2022.099,2003.8378,1860.6607,1807.0281,1868.4533,1920.6713,1843.2312,1793.3962,1773.1471,1771.8909
Italy,Burning - Crop residues,Emissions (CH4),kilotonnes,5.7087,5.7909,5.9358,5.9136,6.1152,5.6309,5.407,5.4579,5.4819,4.7942,4.847,4.9233,4.993,4.827,4.6989,4.3346,4.1971,4.0423,3.8863,3.9195,3.8134
Italy,Burning - Crop residues,Emissions (CH4),kilotonnes,0.5909,0.5475,0.6157,0.5613,0.6846,0.6363,0.6191,0.6278,0.6668,0.6183,0.6124,0.6035,0.6429,0.6067,0.5988,0.6243,0.669,0.6046,0.6023,0.5937,0.5993
Italy,Burning - Crop residues,Emissions (N2O),kilotonnes,0.148,0.1501,0.1539,0.1533,0.1585,0.146,0.1402,0.1415,0.1421,0.1243,0.1257,0.1276,0.1294,0.1251,0.1218,0.1124,0.1088,0.1048,0.1008,0.1016,0.0989
Italy,Burning - Crop residues,Emissions (N2O),kilotonnes,0.0124,0.0117,0.013,0.0121,0.0144,0.0135,0.0133,0.0135,0.0138,0.0135,0.0132,0.0131,0.0137,0.0129,0.0127,0.0133,0.0142,0.013,0.0129,0.0128,0.013
Italy,Burning - Crop residues,Emissions (CO2eq) from CH4 (AR5),kilotonnes,159.8432,162.1455,166.2019,165.5794,171.2256,157.6663,151.3965,152.8213,153.4944,134.2366,135.7172,137.8519,139.8053,135.1567,131.57,121.3686,117.5177,113.1841,108.8154,109.7464,106.7755
Italy,Burning - Crop residues,Emissions (CO2eq) from CH4 (AR5),kilotonnes,16.5438,15.3312,17.2398,15.7164,19.1697,17.8162,17.3359,17.5785,18.6702,17.3127,17.1478,16.8984,18.0019,16.9879,16.7658,17.4807,18.7319,16.9286,16.8633,16.6238,16.779
Italy,Burning - Crop residues,Emissions (CO2eq) from N2O (AR5),kilotonnes,39.2208,39.7857,40.781,40.6283,42.0137,38.6866,37.1482,37.4978,37.663,32.9377,33.301,33.8248,34.3041,33.1635,32.2834,29.7803,28.8354,27.772,26.7001,26.9285,26.1995
Italy,Burning - Crop residues,Emissions (CO2eq) from N2O (AR5),kilotonnes,3.291,3.1006,3.4499,3.2152,3.8088,3.5742,3.5138,3.5746,3.6617,3.5773,3.5022,3.4632,3.6257,3.4125,3.3762,3.5256,3.7654,3.4352,3.423,3.4026,3.4438
Italy,Burning - Crop residues,Emissions (CO2eq) (AR5),kilotonnes,199.0639,201.9312,206.9829,206.2077,213.2393,196.3529,188.5448,190.3191,191.1574,167.1743,169.0182,171.6767,174.1094,168.3202,163.8533,151.1488,146.3531,140.9561,135.5154,136.675,132.975
Italy,Burning - Crop residues,Emissions (CO2eq) (AR5),kilotonnes,19.8348,18.4318,20.6896,18.9316,22.9784,21.3904,20.8496,21.1531,22.3319,20.89,20.6499,20.3616,21.6276,20.4005,20.142,21.0062,22.4974,20.3637,20.2864,20.0264,20.2228
Italy,Enteric Fermentation,Emissions (CH4),kilotonnes,658.916,562.696,609.6627,584.9461,585.2366,568.2836,566.037,560.8765,575.4997,570.7621,570.346,545.8568,558.854,549.7311,540.6723,541.982,551.8804,551.0625,579.5512,578.5373,580.2533
Italy,Enteric Fermentation,Emissions (CH4),kilotonnes,605.1353,578.9715,561.3025,563.7233,531.7922,531.7169,514.9295,534.9405,529.1924,531.4579,515.3616,515.4061,517.2353,523.4004,517.2751,521.4011,532.6029,537.1685,535.2526,534.558,541.3941
Italy,Enteric Fermentation,Emissions (CO2eq) from CH4 (AR5),kilotonnes,18449.648,15755.488,17070.556,16378.49,16386.6247,15911.9406,15849.036,15704.542,16113.9915,15981.3384,15969.6883,15283.9916,15647.9125,15392.4702,15138.8235,15175.4961,15452.6517,15429.7511,16227.434,16199.0445,16247.0926
Italy,Enteric Fermentation,Emissions (CO2eq) from CH4 (AR5),kilotonnes,16943.7893,16211.202,15716.4711,15784.2526,14890.1809,14888.0728,14418.0254,14978.3342,14817.3877,14880.8203,14430.1237,14431.3706,14482.5891,14655.2101,14483.703,14599.2306,14912.8799,15040.7179,14987.0728,14967.6253,15159.0337
Italy,Enteric Fermentation,Emissions (CO2eq) (AR5),kilotonnes,18449.648,15755.488,17070.556,16378.49,16386.6247,15911.9406,15849.036,15704.542,16113.9915,15981.3384,15969.6883,15283.9916,15647.9125,15392.4702,15138.8235,15175.4961,15452.6517,15429.7511,16227.434,16199.0445,16247.0926
Italy,Enteric Fermentation,Emissions (CO2eq) (AR5),kilotonnes,16943.7893,16211.202,15716.4711,15784.2526,14890.1809,14888.0728,14418.0254,14978.3342,14817.3877,14880.8203,14430.1237,14431.3706,14482.5891,14655.2101,14483.703,14599.2306,14912.8799,15040.7179,14987.0728,14967.6253,15159.0337
Italy,Manure Management,Emissions (CH4),kilotonnes,170.4188,164.0361,168.078,166.0994,166.167,161.8172,162.7088,162.6276,165.1048,165.0814,165.5422,162.4982,161.8072,159.8009,159.3615,158.6144,158.6807,159.5039,164.0823,163.5609,164.2285
Italy,Manure Management,Emissions (CH4),kilotonnes,182.932,196.0657,190.7911,191.069,186.4725,187.4291,187.1173,190.6574,188.0253,186.6889,181.6987,181.6317,176.7583,175.8128,172.356,170.2309,168.4765,168.5753,165.7953,165.5274,165.8872
Italy,Manure Management,Emissions (N2O),kilotonnes,6.1956,5.7408,6.009,5.8302,5.8774,5.7304,5.6914,5.6898,5.9158,5.9312,5.9767,5.8134,5.9197,5.8845,5.7898,5.7962,5.8751,5.9097,6.1356,6.125,6.1529
Italy,Manure Management,Emissions (N2O),kilotonnes,8.7893,8.8201,8.5353,8.5016,8.2152,8.0861,7.8847,8.1131,8.0913,8.083,7.8228,7.6602,7.4443,7.172,6.9909,7.0391,7.1225,7.1161,7.0055,6.9385,6.9723
Italy,Manure Management,Emissions (CO2eq) from CH4 (AR5),kilotonnes,4771.7262,4593.0115,4706.1833,4650.7834,4652.6751,4530.8806,4555.8463,4553.5725,4622.9357,4622.2792,4635.1815,4549.9497,4530.6027,4474.4265,4462.1215,4441.2021,4443.0597,4466.1105,4594.3043,4579.7064,4598.3989
Italy,Manure Management,Emissions (CO2eq) from CH4 (AR5),kilotonnes,5122.0971,5489.8393,5342.1517,5349.9323,5221.2305,5248.014,5239.2853,5338.4083,5264.7081,5227.2894,5087.5645,5085.6864,4949.2315,4922.7588,4825.9687,4766.4659,4717.3421,4720.1077,4642.2672,4634.768,4644.8402
Italy,Manure Management,Emissions (CO2eq) from N2O (AR5),kilotonnes,1641.8312,1521.3245,1592.394,1545.0062,1557.5213,1518.5508,1508.2293,1507.7946,1567.678,1571.7748,1583.8261,1540.5424,1568.7105,1559.3811,1534.2886,1535.9918,1556.8971,1566.0759,1625.9268,1623.1329,1630.5258
Italy,Manure Management,Emissions (CO2eq) from N2O (AR5),kilotonnes,2329.1537,2337.3283,2261.8469,2252.9254,2177.0318,2142.8065,2089.442,2149.9727,2144.1813,2142.0068,2073.0511,2029.9503,1972.7472,1900.5767,1852.5929,1865.3532,1887.4752,1885.7545,1856.4514,1838.6992,1847.6552
Italy,Manure Management,Emissions (CO2eq) (AR5),kilotonnes,6413.5574,6114.336,6298.5773,6195.7896,6210.1964,6049.4314,6064.0756,6061.3671,6190.6137,6194.0539,6219.0076,6090.4921,6099.3132,6033.8076,5996.4101,5977.1939,5999.9568,6032.1864,6220.2312,6202.8393,6228.9247
Italy,Manure Management,Emissions (CO2eq) (AR5),kilotonnes,7451.2508,7827.1676,7603.9986,7602.8577,7398.2623,7390.8205,7328.7273,7488.381,7408.8894,7369.2962,7160.6156,7115.6367,6921.9787,6823.3355,6678.5616,6631.8192,6604.8173,6605.8621,6498.7186,6473.4672,6492.4954
Italy,Manure left on Pasture,Direct emissions (N2O),kilotonnes,6.8297,5.2815,5.9539,5.7663,5.7132,5.5962,5.5775,5.57,5.6535,5.598,5.576,5.4035,5.359,5.2906,5.2242,5.2354,5.3586,5.3307,5.5131,5.5202,5.543
Italy,Manure left on Pasture,Indirect emissions (N2O),kilotonnes,2.0469,1.5072,1.7216,1.6726,1.6501,1.6242,1.622,1.634,1.6502,1.6379,1.6347,1.5944,1.5436,1.541,1.5236,1.5259,1.562,1.5487,1.5824,1.5803,1.5874
Italy,Manure left on Pasture,Emissions (N2O),kilotonnes,8.8766,6.7886,7.6755,7.4389,7.3632,7.2204,7.1995,7.204,7.3037,7.2359,7.2107,6.9978,6.9026,6.8316,6.7478,6.7613,6.9206,6.8793,7.0955,7.1005,7.1304
Italy,Manure left on Pasture,Emissions (CO2eq) from N2O (AR5),kilotonnes,2352.2881,1798.9869,2034.0176,1971.307,1951.255,1913.4014,1907.8752,1909.0633,1935.4735,1917.5021,1910.844,1854.4278,1829.1768,1810.3737,1788.1782,1791.7315,1833.9518,1823.0198,1880.3167,1881.6365,1889.5577
Italy,Manure left on Pasture,Emissions (CO2eq) (AR5),kilotonnes,2352.2881,1798.9869,2034.0176,1971.307,1951.255,1913.4014,1907.8752,1909.0633,1935.4735,1917.5021,1910.844,1854.4278,1829.1768,1810.3737,1788.1782,1791.7315,1833.9518,1823.0198,1880.3167,1881.6365,1889.5577
Italy,Manure applied to Soils,Direct emissions (N2O),kilotonnes,6.849,6.3613,6.6569,6.5243,6.5348,6.4184,6.3574,6.3606,6.563,6.5615,6.603,6.5037,6.5805,6.4888,6.4275,6.4233,6.5118,6.558,6.7521,6.7533,6.7906
Italy,Manure applied to Soils,Direct emissions (N2O),kilotonnes,7.8063,7.8436,7.6423,7.6413,7.3497,7.3319,7.1896,7.4013,7.3658,7.3379,7.0276,7.0619,7.133,7.2875,7.2312,7.2487,7.3345,7.3742,7.2897,7.3041,7.3726
Italy,Manure applied to Soils,Indirect emissions (N2O),kilotonnes,2.9108,2.7036,2.8292,2.7728,2.7773,2.7278,2.7019,2.7033,2.7893,2.7886,2.8063,2.7641,2.7967,2.7577,2.7317,2.7299,2.7675,2.7871,2.8696,2.8701,2.886
Italy,Manure applied to Soils,Emissions (N2O),kilotonnes,9.7598,9.0649,9.4861,9.2971,9.3121,9.1462,9.0593,9.0639,9.3523,9.3501,9.4093,9.2678,9.3773,9.2465,9.1592,9.1532,9.2793,9.3451,9.6217,9.6234,9.6766
Italy,Manure applied to Soils,Emissions (N2O),kilotonnes,7.8063,7.8436,7.6423,7.6413,7.3497,7.3319,7.1896,7.4013,7.3658,7.3379,7.0276,7.0619,7.133,7.2875,7.2312,7.2487,7.3345,7.3742,7.2897,7.3041,7.3726
Italy,Manure applied to Soils,Emissions (CO2eq) from N2O (AR5),kilotonnes,2586.335,2402.2004,2513.8232,2463.7289,2467.708,2423.7399,2400.706,2401.9378,2478.3559,2477.7693,2493.4601,2455.9654,2484.9717,2450.3214,2427.1908,2425.5947,2459.0149,2476.4537,2549.7557,2550.2046,2564.2914
Italy,Manure applied to Soils,Emissions (CO2eq) from N2O (AR5),kilotonnes,2068.6728,2078.5589,2025.217,2024.9505,1947.6577,1942.9532,1905.231,1961.3558,1951.9416,1944.5332,1862.3192,1871.4155,1890.2538,1931.1835,1916.2694,1920.918,1943.6522,1954.1621,1931.7634,1935.575,1953.735
Italy,Manure applied to Soils,Emissions (CO2eq) (AR5),kilotonnes,2586.335,2402.2004,2513.8232,2463.7289,2467.708,2423.7399,2400.706,2401.9378,2478.3559,2477.7693,2493.4601,2455.9654,2484.9717,2450.3214,2427.1908,2425.5947,2459.0149,2476.4537,2549.7557,2550.2046,2564.2914
Italy,Manure applied to Soils,Emissions (CO2eq) (AR5),kilotonnes,2068.6728,2078.5589,2025.217,2024.9505,1947.6577,1942.9532,1905.231,1961.3558,1951.9416,1944.5332,1862.3192,1871.4155,1890.2538,1931.1835,1916.2694,1920.918,1943.6522,1954.1621,1931.7634,1935.575,1953.735
Italy,Synthetic Fertilizers,Direct emissions (N2O),kilotonnes,13.0114,12.1497,13.2786,13.307,13.6159,12.5824,12.5527,12.7675,10.5327,8.0847,7.8352,8.1171,9.2871,9.438,9.0203,9.5109,9.4715,9.4167,9.3463,9.4057,9.0283
Italy,Synthetic Fertilizers,Direct emissions (N2O),kilotonnes,11.9918,12.4083,12.57,12.6514,12.9005,11.9418,12.0206,11.7043,10.057,8.4198,7.9516,8.1621,10.4134,8.2867,7.631,7.8201,8.6424,7.8954,7.4752,7.0287,8.7567
Italy,Synthetic Fertilizers,Indirect emissions (N2O),kilotonnes,4.2287,3.9486,4.3156,4.3248,4.4252,4.0893,4.0796,4.1495,3.4231,2.6275,2.5464,2.6381,3.0183,3.0674,2.9316,3.091,3.0782,3.0604,3.0376,3.0568,2.9342
Italy,Synthetic Fertilizers,Emissions (N2O),kilotonnes,17.2401,16.0983,17.5942,17.6318,18.0411,16.6717,16.6323,16.917,13.9558,10.7122,10.3817,10.7552,12.3055,12.5054,11.9518,12.6019,12.5497,12.4771,12.3839,12.4625,11.9625
Italy,Synthetic Fertilizers,Emissions (N2O),kilotonnes,11.9918,12.4083,12.57,12.6514,12.9005,11.9418,12.0206,11.7043,10.057,8.4198,7.9516,8.1621,10.4134,8.2867,7.631,7.8201,8.6424,7.8954,7.4752,7.0287,8.7567
Italy,Synthetic Fertilizers,Emissions (CO2eq) from N2O (AR5),kilotonnes,4568.6379,4266.0539,4662.4549,4672.4364,4780.8974,4417.9887,4407.5603,4483.0035,3698.2848,2838.7353,2751.1421,2850.1182,3260.948,3313.9178,3167.2358,3339.4977,3325.6704,3306.4247,3281.7331,3302.5734,3170.0719
Italy,Synthetic Fertilizers,Emissions (CO2eq) from N2O (AR5),kilotonnes,3177.8173,3288.1923,3331.0612,3352.6325,3418.6323,3164.5682,3185.4701,3101.6299,2665.1064,2231.2409,2107.18,2162.9606,2759.5471,2195.9866,2022.217,2072.3336,2290.2371,2092.2758,1980.9363,1862.6089,2320.5159
Italy,Synthetic Fertilizers,Emissions (CO2eq) (AR5),kilotonnes,4568.6379,4266.0539,4662.4549,4672.4364,4780.8974,4417.9887,4407.5603,4483.0035,3698.2848,2838.7353,2751.1421,2850.1182,3260.948,3313.9178,3167.2358,3339.4977,3325.6704,3306.4247,3281.7331,3302.5734,3170.0719
Italy,Synthetic Fertilizers,Emissions (CO2eq) (AR5),kilotonnes,3177.8173,3288.1923,3331.0612,3352.6325,3418.6323,3164.5682,3185.4701,3101.6299,2665.1064,2231.2409,2107.18,2162.9606,2759.5471,2195.9866,2022.217,2072.3336,2290.2371,2092.2758,1980.9363,1862.6089,2320.5159
Italy,Drained organic soils,Emissions (CO2eq) (AR5),kilotonnes,833.5011,835.384,837.2668,839.0959,839.0959,839.0959,837.2105,835.3281,835.3281,835.3281,835.3281,835.3281,835.3281,835.0318,835.0318,835.0318,835.0318,835.0318,835.0318,820.7391,820.7391
Italy,Drained organic soils,Emissions (CO2eq) (AR5),kilotonnes,77.4101,77.5863,77.7625,77.7625,77.7625,77.6047,77.6047,77.4468,77.4468,77.4468,77.4468,77.4468,77.4468,77.4468,77.4468,77.4468,77.4468,77.4468,77.2739,77.2739,77.2739
Italy,Drained organic soils (CO2),Emissions (CO2),kilotonnes,703.9455,705.5362,707.127,708.6723,708.6723,708.6723,707.0793,705.4891,705.4891,705.4891,705.4891,705.4891,705.4891,705.2177,705.2177,705.2177,705.2177,705.2177,705.2177,693.1777,693.1777
Italy,Drained organic soils (CO2),Emissions (CO2eq) (AR5),kilotonnes,703.9455,705.5362,707.127,708.6723,708.6723,708.6723,707.0793,705.4891,705.4891,705.4891,705.4891,705.4891,705.4891,705.2177,705.2177,705.2177,705.2177,705.2177,705.2177,693.1777,693.1777
Italy,Drained organic soils (N2O),Emissions (N2O),kilotonnes,0.4889,0.49,0.4911,0.4922,0.4922,0.4922,0.4911,0.49,0.49,0.49,0.49,0.49,0.49,0.4899,0.4899,0.4899,0.4899,0.4899,0.4899,0.4814,0.4814
Italy,Drained organic soils (N2O),Emissions (N2O),kilotonnes,0.2921,0.2928,0.2934,0.2934,0.2934,0.2928,0.2928,0.2923,0.2923,0.2923,0.2923,0.2923,0.2923,0.2923,0.2923,0.2923,0.2923,0.2923,0.2916,0.2916,0.2916
Italy,Drained organic soils (N2O),Emissions (CO2eq) from N2O (AR5),kilotonnes,129.5556,129.8477,130.1399,130.4237,130.4237,130.4237,130.1311,129.8391,129.8391,129.8391,129.8391,129.8391,129.8391,129.8141,129.8141,129.8141,129.8141,129.8141,129.8141,127.5614,127.5614
Italy,Drained organic soils (N2O),Emissions (CO2eq) from N2O (AR5),kilotonnes,77.4101,77.5863,77.7625,77.7625,77.7625,77.6047,77.6047,77.4468,77.4468,77.4468,77.4468,77.4468,77.4468,77.4468,77.4468,77.4468,77.4468,77.4468,77.2739,77.2739,77.2739
Italy,Drained organic soils (N2O),Emissions (CO2eq) (AR5),kilotonnes,129.5556,129.8477,130.1399,130.4237,130.4237,130.4237,130.1311,129.8391,129.8391,129.8391,129.8391,129.8391,129.8391,129.8141,129.8141,129.8141,129.8141,129.8141,129.8141,127.5614,127.5614
Italy,Drained organic soils (N2O),Emissions (CO2eq) (AR5),kilotonnes,77.4101,77.5863,77.7625,77.7625,77.7625,77.6047,77.6047,77.4468,77.4468,77.4468,77.4468,77.4468,77.4468,77.4468,77.4468,77.4468,77.4468,77.4468,77.2739,77.2739,77.2739
Italy,On-farm energy use,Emissions (CH4),kilotonnes,1.1249,1.2041,1.0337,1.1718,1.1237,1.1043,0.9046,1.1239,1.1282,0.7155,0.8384,1.0012,0.9415,0.7645,0.7631,0.587,0.6294,0.5586,0.6209,0.5925,0.5925
Italy,On-farm energy use,Emissions (N2O),kilotonnes,2.9264,3.0539,3.0462,3.0809,3.0482,3.0494,3.0198,2.8659,2.7836,2.812,2.6467,2.6067,2.4946,2.4691,2.485,2.5124,2.5921,2.5966,2.7505,2.8036,2.8036
Italy,On-farm energy use,Emissions (CO2),kilotonnes,8420.3617,8751.9962,8661.0152,8781.9735,8705.8482,8779.2663,8585.0603,8267.3412,8005.8319,7949.565,7564.0497,7470.6411,7143.5168,7018.3238,7020.5656,7104.5075,7199.4836,7195.7707,7611.1232,7729.2348,7729.2348
Italy,On-farm energy use,Emissions (CO2eq) from CH4 (AR5),kilotonnes,31.4962,33.7142,28.943,32.8105,31.4629,30.921,25.3287,31.4686,31.5904,20.0344,23.4761,28.033,26.3619,21.4057,21.3665,16.4366,17.6231,15.6409,17.3859,16.5898,16.5898
Italy,On-farm energy use,Emissions (CO2eq) from N2O (AR5),kilotonnes,775.504,809.2855,807.2461,816.4383,807.7745,808.0812,800.2483,759.4728,737.6431,745.189,701.3726,690.7885,661.0634,654.3132,658.5324,665.7989,686.8963,688.102,728.8928,742.9649,742.9649
Italy,On-farm energy use,Emissions (CO2eq) (AR5),kilotonnes,9227.3619,9594.9959,9497.2044,9631.2223,9545.0856,9618.2685,9410.6373,9058.2827,8775.0655,8714.7884,8288.8983,8189.4626,7830.9422,7694.0427,7700.4645,7786.7429,7904.003,7899.5136,8357.4019,8488.7894,8488.7894
Italy,Forestland,Emissions (CO2),kilotonnes,-35316.1233,-35510.0911,-35510.0911,-35510.0911,-35510.0911,-35510.0911,-35510.0911,-35510.0911,-35510.0911,-35510.0911,-35510.0911,-35461.2808,-35461.2808,-35461.2808,-35461.2808,-35461.2808,-13613.93,-13613.93,-13613.93,-13613.93,-13613.93
Italy,Forestland,Emissions (CO2),kilotonnes,-26004.4454,-31848.6207,-35313.1948,-29355.4511,-33629.3681,-34666.5996,-34195.5623,-18779.6574,-30553.164,-33149.3553,-36256.9265,-32252.4641,-28082.1302,-36946.018,-38072.8715,-39385.3033,-36310.9025,-21542.6323,-31980.2505,-36367.0705,-30260.834
Italy,Forestland,Emissions (CO2eq) (AR5),kilotonnes,-35316.1233,-35510.0911,-35510.0911,-35510.0911,-35510.0911,-35510.0911,-35510.0911,-35510.0911,-35510.0911,-35510.0911,-35510.0911,-35461.2808,-35461.2808,-35461.2808,-35461.2808,-35461.2808,-13613.93,-13613.93,-13613.93,-13613.93,-13613.93
Italy,Forestland,Emissions (CO2eq) (AR5),kilotonnes,-26004.4454,-31848.6207,-35313.1948,-29355.4511,-33629.3681,-34666.5996,-34195.5623,-18779.6574,-30553.164,-33149.3553,-36256.9265,-32252.4641,-28082.1302,-36946.018,-38072.8715,-39385.3033,-36310.9025,-21542.6323,-31980.2505,-36367.0705,-30260.834
Italy,Net Forest conversion,Emissions (CO2),kilotonnes,0,0,0,0,0,0,0,0,0,0,0,0,0,0,0,0,0,0,0,0,0
Italy,Net Forest conversion,Emissions (CO2),kilotonnes,349.9691,351.0838,352.4395,353.3352,354.5295,1827.0134,1835.2713,1837.4307,1844.2407,1851.8129,1867.8461,1874.9407,1880.3156,1889.0134,1897.9635,1916.5085,1924.5352,1927.1111,1933.8086,1941.7822,1947.5905
Italy,Net Forest conversion,Emissions (CO2eq) (AR5),kilotonnes,0,0,0,0,0,0,0,0,0,0,0,0,0,0,0,0,0,0,0,0,0
Italy,Net Forest conversion,Emissions (CO2eq) (AR5),kilotonnes,349.9691,351.0838,352.4395,353.3352,354.5295,1827.0134,1835.2713,1837.4307,1844.2407,1851.8129,1867.8461,1874.9407,1880.3156,1889.0134,1897.9635,1916.5085,1924.5352,1927.1111,1933.8086,1941.7822,1947.5905
Italy,Savanna fires,Emissions (CH4),kilotonnes,0.1477,0.1336,0.0812,0.1438,0.075,0.0288,0.0265,0.7596,0.1153,0.1364,0.0248,0.1341,0.3115,0.0369,0.046,0.0393,0.0877,0.5105,0.0308,0.0546,0.0904
Italy,Savanna fires,Emissions (CH4),kilotonnes,16.0654,10.7712,5.7647,13.1142,9.3761,6.9288,5.9739,31.8207,11.3989,14.4051,9.5389,13.5796,23.3047,2.4912,6.5249,3.9354,4.6233,14.7054,1.4701,3.51,4.5592
Italy,Savanna fires,Emissions (N2O),kilotonnes,0.0135,0.0122,0.0074,0.0131,0.0068,0.0026,0.0024,0.0694,0.0105,0.0125,0.0023,0.0122,0.0284,0.0034,0.0042,0.0036,0.008,0.0466,0.0028,0.005,0.0083
Italy,Savanna fires,Emissions (N2O),kilotonnes,0.5049,0.3385,0.1812,0.4122,0.2947,0.2178,0.1878,1.0001,0.3583,0.4527,0.2998,0.4268,0.7324,0.0783,0.2051,0.1237,0.1453,0.4622,0.0462,0.1103,0.1433
Italy,Savanna fires,Emissions (CO2),kilotonnes,2945.3163,1974.728,1056.8663,2404.2741,1718.9589,1270.284,1095.2127,5833.7871,2089.7927,2640.9294,1748.7901,2489.5897,4272.5337,456.7217,1196.2359,721.4902,847.6016,2695.9956,269.515,643.5076,835.8581
Italy,Savanna fires,Emissions (CO2eq) from CH4 (AR5),kilotonnes,4.1349,3.7417,2.2739,4.0264,2.1006,0.8075,0.7421,21.2677,3.2287,3.8188,0.6942,3.7545,8.7234,1.0334,1.2867,1.1006,2.4543,14.2937,0.8616,1.528,2.5309
Italy,Savanna fires,Emissions (CO2eq) from CH4 (AR5),kilotonnes,449.8301,301.5948,161.4123,367.1982,262.5319,194.007,167.2689,890.9784,319.1683,403.3419,267.0879,380.2282,652.5324,69.7539,182.6978,110.1912,129.4519,411.7521,41.1623,98.2812,127.6583
Italy,Savanna fires,Emissions (CO2eq) from N2O (AR5),kilotonnes,3.5733,3.2333,1.9649,3.4794,1.8152,0.6977,0.6413,18.3781,2.79,3.3,0.5999,3.2444,7.5382,0.893,1.1119,0.9511,2.1208,12.3516,0.7446,1.3204,2.187
Italy,Savanna fires,Emissions (CO2eq) from N2O (AR5),kilotonnes,133.8015,89.7091,48.0119,109.2227,78.0898,57.7072,49.754,265.0206,94.9363,119.9736,79.445,113.0985,194.0951,20.7482,54.3433,32.7763,38.5053,122.4752,12.2437,29.2336,37.9718
Italy,Savanna fires,Emissions (CO2eq) (AR5),kilotonnes,7.7081,6.9751,4.2388,7.5058,3.9158,1.5052,1.3834,39.6458,6.0187,7.1188,1.2941,6.9988,16.2615,1.9264,2.3986,2.0517,4.5751,26.6453,1.6062,2.8484,4.7179
Italy,Savanna fires,Emissions (CO2eq) (AR5),kilotonnes,3528.948,2366.0319,1266.2905,2880.695,2059.5806,1521.9982,1312.2356,6989.7861,2503.8973,3164.245,2095.3231,2982.9164,5119.1612,547.2238,1433.277,864.4577,1015.5588,3230.2229,322.921,771.0224,1001.4882
Italy,Fires in organic soils,Emissions (CH4),kilotonnes,0,0,0,0,0,0,0,0,0,0,0,0,0,0,0,0,0,0,0,0,0
Italy,Fires in organic soils,Emissions (CO2),kilotonnes,0,0,0,0,0,0,0,0,0,0,0,0,0,0,0,0,0,0,0,0,0
Italy,Fires in organic soils,Emissions (CO2eq) from CH4 (AR5),kilotonnes,0,0,0,0,0,0,0,0,0,0,0,0,0,0,0,0,0,0,0,0,0
Italy,Fires in organic soils,Emissions (CO2eq) (AR5),kilotonnes,0,0,0,0,0,0,0,0,0,0,0,0,0,0,0,0,0,0,0,0,0
Italy,Forest fires,Emissions (CH4),kilotonnes,1.3047,0.0872,0.0373,0.1769,0.0947,0.0199,0.0274,1.0435,0.1768,0.2118,0.0174,0.1645,0.6751,0.0922,0.1072,0.0424,0.0822,1.1309,0.1396,0.0723,0.1096
Italy,Forest fires,Emissions (N2O),kilotonnes,0.0722,0.008,0.0034,0.0162,0.0086,0.0018,0.0025,0.0953,0.0161,0.0193,0.0016,0.015,0.0616,0.0084,0.0098,0.0039,0.0075,0.1033,0.0127,0.0066,0.01
Italy,Forest fires,Emissions (CO2eq) from CH4 (AR5),kilotonnes,36.531,2.441,1.0457,4.9546,2.6509,0.5582,0.7676,29.2176,4.9509,5.9292,0.4881,4.6049,18.9021,2.582,3.0004,1.1871,2.3007,31.665,3.9093,2.025,3.0686
Italy,Forest fires,Emissions (CO2eq) from N2O (AR5),kilotonnes,19.1261,2.1094,0.9036,4.2814,2.2907,0.4824,0.6633,25.2478,4.2782,5.1236,0.4218,3.9792,16.3339,2.2312,2.5927,1.0258,1.9881,27.3627,3.3782,1.7499,2.6517
Italy,Forest fires,Emissions (CO2eq) (AR5),kilotonnes,55.6571,4.5504,1.9494,9.236,4.9416,1.0406,1.4308,54.4654,9.2292,11.0527,0.91,8.584,35.2359,4.8132,5.5931,2.2129,4.2888,59.0277,7.2875,3.7749,5.7203
Italy,Fires in humid tropical forests,Emissions (CH4),kilotonnes,0,0,0,0,0,0,0,0,0,0,0,0,0,0,0,0,0,0,0,0,0
Italy,Fires in humid tropical forests,Emissions (N2O),kilotonnes,0,0,0,0,0,0,0,0,0,0,0,0,0,0,0,0,0,0,0,0,0
Italy,Fires in humid tropical forests,Emissions (CO2eq) from CH4 (AR5),kilotonnes,0,0,0,0,0,0,0,0,0,0,0,0,0,0,0,0,0,0,0,0,0
Italy,Fires in humid tropical forests,Emissions (CO2eq) from N2O (AR5),kilotonnes,0,0,0,0,0,0,0,0,0,0,0,0,0,0,0,0,0,0,0,0,0
Italy,Fires in humid tropical forests,Emissions (CO2eq) (AR5),kilotonnes,0,0,0,0,0,0,0,0,0,0,0,0,0,0,0,0,0,0,0,0,0
Italy,Waste - agri-food systems,Emissions (CH4),kilotonnes,465.819,480.0925,493.3157,533.073,518.9141,462.7707,437.9823,413.7134,391.3549,368.2756,345.4435,320.7722,294.9191,271.7039,247.6939,217.5221,205.1932,206.2204,207.2177,207.2177,207.8863
Italy,Waste - agri-food systems,Emissions (N2O),kilotonnes,3.153,3.1478,3.1372,3.4963,3.5283,3.0387,3.0324,3.0324,3.0491,3.0954,3.0967,3.0495,3.0243,3.0281,2.9965,2.9762,3.2142,3.2459,3.252,3.2318,3.2304
Italy,Waste - agri-food systems,Emissions (CO2),kilotonnes,613.4435,613.8509,615.8176,620.4919,623.4852,624.1083,625.1683,627.9694,629.8401,627.8376,627.1871,628.7721,626.673,627.2472,627.4535,623.8503,624.3313,625.3067,626.7255,625.8571,624.513
Italy,Waste - agri-food systems,Emissions (CO2eq) from CH4 (AR5),kilotonnes,13042.9317,13442.59,13812.8406,14926.045,14529.5953,12957.5799,12263.5057,11583.9764,10957.9367,10311.7161,9672.4185,8981.6223,8257.7339,7607.708,6935.4302,6090.6188,5745.41,5774.1702,5802.0942,5802.0945,5820.8153
Italy,Waste - agri-food systems,Emissions (CO2eq) from N2O (AR5),kilotonnes,835.5397,834.164,831.3594,926.5148,935.0075,805.266,803.5945,803.5845,808.0225,820.2849,820.6366,808.1183,801.4481,802.4396,794.0645,788.6882,851.7727,860.1529,861.7679,856.4194,856.0504
Italy,Waste - agri-food systems,Emissions (CO2eq) (AR5),kilotonnes,14491.9149,14890.6048,15260.0176,16473.0517,16088.0881,14386.9543,13692.2685,13015.5304,12395.7993,11759.8386,11120.2422,10418.5128,9685.855,9037.3948,8356.9482,7503.1572,7221.514,7259.6297,7290.5877,7284.371,7301.3787
Italy,Fertilizers Manufacturing,Emissions (N2O),kilotonnes,0.0128,0.038,0.0638,0.0905,0.1126,0.1369,0.1309,0.132,0.3017,0.1665,0.3081,0.2024,0.3628,0.4861,0.4007,0.3276,0.3844,0.3292,0.4359,0.4493,0.4202
Italy,Fertilizers Manufacturing,Emissions (CO2),kilotonnes,2026.1975,2057.6105,2098.4037,2150.8571,2104.3098,2114.2183,2096.2475,2166.7052,2571.8041,2185.9845,2475.8096,1603.5947,2396.0946,2355.839,2151.3421,1988.9313,2375.5954,2394.5169,2254.5869,2223.4732,1922.2284
Italy,Fertilizers Manufacturing,Emissions (CO2eq) from N2O (AR5),kilotonnes,3.392,10.07,16.907,23.9825,29.839,36.2785,34.6885,34.98,79.9505,44.1225,81.6465,53.636,96.142,128.8165,106.1855,86.814,101.866,87.238,115.5135,119.0645,111.3449
Italy,Fertilizers Manufacturing,Emissions (CO2eq) (AR5),kilotonnes,2029.5895,2067.6805,2115.3107,2174.8396,2134.1488,2150.4968,2130.936,2201.6852,2651.7546,2230.107,2557.4561,1657.2307,2492.2366,2484.6555,2257.5276,2075.7453,2477.4614,2481.7549,2370.1004,2342.5377,2033.5734
Italy,On-farm electricity use,Emissions (CH4),kilotonnes,5.8881,6.1953,5.8677,6.1941,6.2217,6.4365,6.6045,6.7905,6.8037,6.7797,6.7317,7.0881,7.1085,6.8121,6.4473,6.8277,6.6813,7.1877,7.0113,7.1241,7.1241
Italy,On-farm electricity use,Emissions (N2O),kilotonnes,0.0314,0.0331,0.0313,0.0331,0.0332,0.0344,0.0353,0.0363,0.0363,0.0362,0.0359,0.0378,0.038,0.0364,0.0345,0.0365,0.0357,0.0384,0.0375,0.0381,0.0381
Italy,On-farm electricity use,Emissions (CO2),kilotonnes,2442.0309,2486.0021,2459.8729,2637.0531,2575.6539,2605.047,2636.5277,2688.7058,2563.0725,2323.5037,2279.3856,2372.3522,2280.9817,2556.7223,2419.8113,2562.577,2507.6324,2697.6865,2631.4829,2673.8171,2673.8171
Italy,On-farm electricity use,Emissions (CO2eq) from CH4 (AR5),kilotonnes,164.8668,173.4684,164.2956,173.4348,174.2076,180.222,184.926,190.134,190.5036,189.8316,188.4876,198.4668,199.038,190.7388,180.5244,191.1756,187.0764,201.2556,196.3164,199.4748,199.4748
Italy,On-farm electricity use,Emissions (CO2eq) from N2O (AR5),kilotonnes,8.321,8.7715,8.2945,8.7715,8.798,9.116,9.3545,9.6195,9.6195,9.593,9.5135,10.017,10.07,9.646,9.1425,9.6725,9.4605,10.176,9.9375,10.0965,10.0965
Italy,On-farm electricity use,Emissions (CO2eq) (AR5),kilotonnes,2615.2187,2668.242,2632.463,2819.2594,2758.6595,2794.385,2830.8082,2888.4593,2763.1956,2522.9283,2477.3867,2580.836,2490.0897,2757.1071,2609.4782,2763.4251,2704.1693,2909.1181,2837.7368,2883.3884,2883.3884
Italy,Food Processing,Emissions (CH4),kilotonnes,14.1448,14.6302,15.0252,15.2413,16.837,17.2115,16.8673,17.1155,17.1549,16.4822,16.5999,16.9765,16.5775,16.3591,17.1942,16.9893,17.2449,17.7334,17.8988,17.8988,17.5891
Italy,Food Processing,Emissions (N2O),kilotonnes,0.0996,0.1034,0.1085,0.1107,0.1173,0.1176,0.1138,0.1121,0.1149,0.106,0.1016,0.1014,0.0993,0.0981,0.1023,0.1022,0.1052,0.106,0.1061,0.1061,0.0992
Italy,Food Processing,Emissions (CO2),kilotonnes,12699.2087,12846.2964,13650.3439,14054.4144,13647.0217,13025.4547,12442.5861,12054.1392,12014.1585,10520.2359,9815.8805,9522.784,9031.0926,9831.4349,10053.7538,9991.8317,10344.6463,10436.4253,10301.8846,10301.8846,8906.1454
Italy,Food Processing,Emissions (CO2eq) from CH4 (AR5),kilotonnes,396.0544,409.6456,420.7056,426.7564,471.436,481.922,472.2844,479.234,480.3372,461.5016,464.7972,475.342,464.17,458.0548,481.4376,475.7004,482.8572,496.5352,501.1664,501.1664,492.4957
Italy,Food Processing,Emissions (CO2eq) from N2O (AR5),kilotonnes,26.394,27.401,28.7525,29.3355,31.0845,31.164,30.157,29.7065,30.4485,28.09,26.924,26.871,26.3145,25.9965,27.1095,27.083,27.878,28.09,28.1165,28.1165,26.2936
Italy,Food Processing,Emissions (CO2eq) (AR5),kilotonnes,13121.6571,13283.343,14099.802,14510.5063,14149.5422,13538.5407,12945.0275,12563.0797,12524.9442,11009.8275,10307.6017,10024.997,9521.5771,10315.4862,10562.3009,10494.6151,10855.3815,10961.0505,10831.1675,10831.1675,9424.9347
Italy,Food Packaging,Emissions (CH4),kilotonnes,12.4391,12.692,12.6212,12.476,14.3371,14.3363,14.2934,15.5907,15.0043,14.0954,13.6829,13.2524,12.2206,10.0744,10.5925,10.8961,11.0273,10.9105,10.4201,13.3336,13.1029
Italy,Food Packaging,Emissions (N2O),kilotonnes,0.084,0.0837,0.0816,0.0818,0.0907,0.0899,0.0893,0.0965,0.0926,0.0861,0.0835,0.0805,0.0742,0.0612,0.0638,0.0659,0.067,0.0659,0.0665,0.0791,0.074
Italy,Food Packaging,Emissions (CO2),kilotonnes,10404.9326,10096.5616,10161.4851,10306.5879,10324.2318,9947.0299,9681.2233,10354.1969,9518.2876,8395.8814,8271.0119,7762.4046,6861.9521,6508.7951,6711.7114,6881.5493,7041.3645,7044.6205,7024.4133,7719.4873,6673.6213
Italy,Food Packaging,Emissions (CO2eq) from CH4 (AR5),kilotonnes,348.2948,355.376,353.3936,349.328,401.4388,401.4164,400.2152,436.5396,420.1204,394.6712,383.1212,371.0672,342.1768,282.0832,296.59,305.0908,308.7644,305.494,291.7628,373.3408,366.8816
Italy,Food Packaging,Emissions (CO2eq) from N2O (AR5),kilotonnes,22.26,22.1805,21.624,21.677,24.0355,23.8235,23.6645,25.5725,24.539,22.8165,22.1275,21.3325,19.663,16.218,16.907,17.4635,17.755,17.4635,17.6225,20.9615,19.6025
Italy,Food Packaging,Emissions (CO2eq) (AR5),kilotonnes,10775.4874,10474.1181,10536.5027,10677.5929,10749.7061,10372.2698,10105.103,10816.309,9962.947,8813.3691,8676.2606,8154.8043,7223.7919,6807.0963,7025.2084,7204.1036,7367.8839,7367.578,7333.7986,8113.7896,7060.1054
Italy,Food Retail,Emissions (CH4),kilotonnes,15.0118,15.7105,16.657,17.8802,18.6574,19.707,20.8567,21.3339,22.0767,22.453,22.7816,23.2514,24.0842,23.819,23.855,24.7371,24.6836,25.2472,26.1655,27.3196,26.8469
Italy,Food Retail,Emissions (N2O),kilotonnes,0.0876,0.0915,0.0964,0.1042,0.1082,0.1152,0.1217,0.1236,0.1293,0.1301,0.1317,0.1327,0.1372,0.1356,0.1345,0.1396,0.1393,0.1422,0.1478,0.1552,0.1451
Italy,Food Retail,Emissions (CO2),kilotonnes,9997.0019,10196.6806,10683.8206,11813.9203,11907.8381,12870.3952,13295.8768,13101.492,13899.4332,13126.2432,13143.0068,12390.1804,12273.5896,13456.0978,12742.6215,13338.537,13338.7094,13566.95,14287.0536,14774.2772,12772.6009
Italy,Food Retail,Emissions (CO2eq) from F-gases (AR5),kilotonnes,10543.2525,12372.412,13966.7575,15612.014,17093.628,19408.52,21140.533,22872.0265,23139.0495,23262.171,23314.6405,23333.3425,23336.979,23335.4205,23335.4205,23335.4205,12511.1185,12725.1525,12938.667,13152.701,12070.1742
Italy,Food Retail,Emissions (CO2eq) from CH4 (AR5),kilotonnes,420.3304,439.894,466.396,500.6456,522.4072,551.796,583.9876,597.3492,618.1476,628.684,637.8848,651.0392,674.3576,666.932,667.94,692.6388,691.1408,706.9216,732.634,764.9488,751.7144
Italy,Food Retail,Emissions (CO2eq) from N2O (AR5),kilotonnes,23.214,24.2475,25.546,27.613,28.673,30.528,32.2505,32.754,34.2645,34.4765,34.9005,35.1655,36.358,35.934,35.6425,36.994,36.9145,37.683,39.167,41.128,38.4615
Italy,Food Retail,Emissions (CO2eq) (AR5),kilotonnes,20983.7988,23033.2341,25142.5201,27954.1929,29552.5463,32861.2392,35052.6479,36603.6217,37690.8948,37051.5747,37130.4326,36409.7276,36321.2842,37494.3843,36781.6245,37403.5903,26577.8832,27036.7071,27997.5216,28733.055,25632.951
Italy,Food Household Consumption,Emissions (CH4),kilotonnes,9.398,9.5044,9.6595,9.9752,10.2514,10.3228,10.3499,10.2217,10.3831,10.4743,10.5949,10.6506,10.5412,10.1751,9.6839,10.0172,9.7462,9.9094,9.8444,9.8444,9.6741
Italy,Food Household Consumption,Emissions (N2O),kilotonnes,0.0682,0.0704,0.0694,0.0701,0.0725,0.0731,0.0715,0.0686,0.069,0.0697,0.0699,0.0695,0.0685,0.0663,0.0615,0.0644,0.0626,0.063,0.0627,0.0627,0.0586
Italy,Food Household Consumption,Emissions (CO2),kilotonnes,10318.7002,10627.2439,10507.5959,11067.5115,11351.5476,11529.2056,10802.5434,10140.2789,10024.088,9916.0954,10333.7251,10019.441,9796.329,10155.2608,8934.0762,9656.4634,9556.9351,9594.7515,9382.8967,9382.8967,8111.6655
Italy,Food Household Consumption,Emissions (CO2eq) from CH4 (AR5),kilotonnes,263.144,266.1232,270.466,279.3056,287.0392,289.0384,289.7972,286.2076,290.7268,293.2804,296.6572,298.2168,295.1536,284.9028,271.1492,280.4816,272.8936,277.4632,275.6432,275.6432,270.8743
Italy,Food Household Consumption,Emissions (CO2eq) from N2O (AR5),kilotonnes,18.073,18.656,18.391,18.5765,19.2125,19.3715,18.9475,18.179,18.285,18.4705,18.5235,18.4175,18.1525,17.5695,16.2975,17.066,16.589,16.695,16.6155,16.6155,15.5382
Italy,Food Household Consumption,Emissions (CO2eq) (AR5),kilotonnes,10599.9172,10912.0231,10796.4529,11365.3936,11657.7993,11837.6155,11111.2881,10444.6655,10333.0998,10227.8463,10648.9058,10336.0753,10109.6351,10457.7331,9221.5229,9954.011,9846.4177,9888.9097,9675.1554,9675.1554,8398.0781
Italy,Food Transport,Emissions (CH4),kilotonnes,4.6797,4.4498,4.157,3.8074,3.4061,3.0191,2.8197,2.6169,2.4183,2.2853,2.1905,2.1719,2.1221,2.1525,2.1815,2.1956,2.1039,2.0705,2.0712,1.3205,1.2977
Italy,Food Transport,Emissions (N2O),kilotonnes,0.7155,0.7169,0.7243,0.7261,0.7165,0.6925,0.6889,0.675,0.6211,0.5823,0.5597,0.543,0.516,0.5054,0.53,0.5234,0.5165,0.5007,0.5135,0.5418,0.5067
Italy,Food Transport,Emissions (CO2),kilotonnes,17653.92,17965.36,18273.45,18483.07,18774.13,18594.96,18763.94,18889.81,17814.51,16932.39,16444.89,16403.62,15427,15104.8,15848.508,15470.414,15245.463,14593.24,14895.36,16388.024,14167.7111
Italy,Food Transport,Emissions (CO2eq) from CH4 (AR5),kilotonnes,131.0316,124.5944,116.396,106.6072,95.3708,84.5348,78.9516,73.2732,67.7124,63.9884,61.334,60.8132,59.4188,60.27,61.082,61.4768,58.9092,57.974,57.9936,36.974,36.3343
Italy,Food Transport,Emissions (CO2eq) from N2O (AR5),kilotonnes,189.6075,189.9785,191.9395,192.4165,189.8725,183.5125,182.5585,178.875,164.5915,154.3095,148.3205,143.895,136.74,133.931,140.45,138.701,136.8725,132.6855,136.0775,143.577,134.2682
Italy,Food Transport,Emissions (CO2eq) (AR5),kilotonnes,17974.5591,18279.9329,18581.7855,18782.0937,19059.3733,18863.0073,19025.4501,19141.9582,18046.8139,17150.6879,16654.5445,16608.3282,15623.1588,15299.001,16050.04,15670.5918,15441.2447,14783.8995,15089.4311,16568.575,14338.3135
Italy,Energy,Emissions (CH4),kilotonnes,295,292,299,315,293,308,312,334,346,332,333,302,324,324,314,332,322,329,324,289,284
Italy,Energy,Emissions (N2O),kilotonnes,8.87,9.06,9.34,9.81,10.9,11,11,11.1,10.9,10.3,10.1,9.79,9.96,9.74,9.66,9.79,9.47,9.3,9.34,9.1,8.51
Italy,Energy,Emissions (CO2),kilotonnes,435000,433000,434000,449000,452000,454000,447000,441000,428000,384000,389000,382000,357000,334000,311000,323000,318000,317000,317000,310000,268000
Italy,Energy,Emissions (CO2eq) from CH4 (AR5),kilotonnes,8260,8176,8372,8820,8204,8624,8736,9352,9688,9296,9324,8456,9072,9072,8792,9296,9016,9212,9072,8092,7952
Italy,Energy,Emissions (CO2eq) from N2O (AR5),kilotonnes,2350.55,2400.9,2475.1,2599.65,2888.5,2915,2915,2941.5,2888.5,2729.5,2676.5,2594.35,2639.4,2581.1,2559.9,2594.35,2509.55,2464.5,2475.1,2411.5,2255.15
Italy,Energy,Emissions (CO2eq) (AR5),kilotonnes,445610.55,443576.9,444847.1,460419.65,463092.5,465539,458651,453293.5,440576.5,396025.5,401000.5,393050.35,368711.4,345653.1,322351.9,334890.35,329525.55,328676.5,328547.1,320503.5,278207.15
Italy,IPPU,Emissions (CH4),kilotonnes,1.27,1.31,1.27,1.52,1.64,1.71,1.73,1.69,1.49,1.06,1.2,1.25,1.22,1.13,0.974,1.03,0.954,1.1,1.14,0.986,0.913
Italy,IPPU,Emissions (N2O),kilotonnes,27.5,28,28,28.6,26.2,25.2,7.09,6.09,3.54,3.16,2.84,2.71,2.68,2.69,2.71,2.59,2.66,2.65,2.52,2.39,2.35
Italy,IPPU,Emissions (CO2),kilotonnes,27300,28300,28100,30100,31400,31700,32200,32400,29700,25200,25800,25100,21900,20400,19500,19800,19100,19600,20300,19600,18700
Italy,IPPU,Emissions (CO2eq) from F-gases (AR5),kilotonnes,9552.3475,10980.8268,11369.5286,11078.0022,11272.3532,11661.055,13021.5114,14090.4415,15062.196,16325.477,17491.5825,18754.8634,19532.2671,20406.8462,21087.0744,22058.829,22641.8818,22836.2327,23419.2854,23613.6364,21670.1272
Italy,IPPU,Emissions (CO2eq) from CH4 (AR5),kilotonnes,35.56,36.68,35.56,42.56,45.92,47.88,48.44,47.32,41.72,29.68,33.6,35,34.16,31.64,27.272,28.84,26.712,30.8,31.92,27.608,25.564
Italy,IPPU,Emissions (CO2eq) from N2O (AR5),kilotonnes,7287.5,7420,7420,7579,6943,6678,1878.85,1613.85,938.1,837.4,752.6,718.15,710.2,712.85,718.15,686.35,704.9,702.25,667.8,633.35,622.75
Italy,IPPU,Emissions (CO2eq) (AR5),kilotonnes,44175.4075,46737.5068,46925.0886,48799.5622,49661.2732,50086.935,47148.8014,48151.6115,45742.016,42392.557,44077.7825,44608.0134,42176.6271,41551.3362,41332.4964,42574.019,42473.4938,43169.2827,44419.0054,43874.5944,41018.4412
Italy,Waste,Emissions (CH4),kilotonnes,1020,997,971,930,871,864,828,805,759,752,740,681,670,647,602,556,555,556,556,549,574
Italy,Waste,Emissions (N2O),kilotonnes,4.68,4.78,4.91,4.96,5.01,5.05,5.09,5.11,5.1,5.15,5.28,5.29,5.25,5.24,5.25,5.13,5.12,5.08,5.06,5,4.84
Italy,Waste,Emissions (CO2),kilotonnes,444,433,454,442,528,487,477,472,484,479,462,459,463,447,416,448,471,436,426,447,434
Italy,Waste,Emissions (CO2eq) from CH4 (AR5),kilotonnes,28560,27916,27188,26040,24388,24192,23184,22540,21252,21056,20720,19068,18760,18116,16856,15568,15540,15568,15568,15372,16072
Italy,Waste,Emissions (CO2eq) from N2O (AR5),kilotonnes,1240.2,1266.7,1301.15,1314.4,1327.65,1338.25,1348.85,1354.15,1351.5,1364.75,1399.2,1401.85,1391.25,1388.6,1391.25,1359.45,1356.8,1346.2,1340.9,1325,1282.6
Italy,Waste,Emissions (CO2eq) (AR5),kilotonnes,30244.2,29615.7,28943.15,27796.4,26243.65,26017.25,25009.85,24366.15,23087.5,22899.75,22581.2,20928.85,20614.25,19951.6,18663.25,17375.45,17367.8,17350.2,17334.9,17144,17788.6
Italy,Other,Emissions (N2O),kilotonnes,7.3,7.09,7.05,6.99,6.61,6.28,6.04,5.77,5.53,5,4.86,4.69,4.48,4.32,4.2,4.23,4.08,3.91,3.84,3.34,3.14
Italy,Other,Emissions (CO2eq) from N2O (AR5),kilotonnes,1934.5,1878.85,1868.25,1852.35,1751.65,1664.2,1600.6,1529.05,1465.45,1325,1287.9,1242.85,1187.2,1144.8,1113,1120.95,1081.2,1036.15,1017.6,885.1,832.1
Italy,Other,Emissions (CO2eq) (AR5),kilotonnes,1934.5,1878.85,1868.25,1852.35,1751.65,1664.2,1600.6,1529.05,1465.45,1325,1287.9,1242.85,1187.2,1144.8,1113,1120.95,1081.2,1036.15,1017.6,885.1,832.1
Italy,Farm-gate emissions,Emissions (CH4),kilotonnes,947.3714,843.5422,895.0041,868.4868,874.4973,849.7684,849.0267,848.0254,860.3268,861.6936,866.4393,838.6496,845.3736,824.034,816.1697,820.1321,833.4783,833.6809,857.6352,857.5599,863.5474
Italy,Farm-gate emissions,Direct emissions (N2O),kilotonnes,30.2426,27.1724,29.4547,28.6282,29.7286,28.1728,27.8821,28.0833,26.3829,23.2465,23.1359,23.249,24.3882,24.3195,23.9428,24.2952,24.5645,24.2162,24.5827,24.5785,24.3205
Italy,Farm-gate emissions,Indirect emissions (N2O),kilotonnes,9.9857,8.9199,9.6685,9.4521,9.7221,9.2458,9.1672,9.2484,8.6802,7.7295,7.6898,7.7221,8.07,8.064,7.9228,8.0501,8.1328,8.0512,8.1581,8.1596,8.0733
Italy,Farm-gate emissions,Emissions (N2O),kilotonnes,50.0008,45.5393,48.8309,47.65,49.0338,46.8391,46.3942,46.5883,44.405,40.346,40.067,40.0211,41.5203,41.3555,40.7563,41.2598,41.7711,41.415,42.2203,42.2548,41.9389
Italy,Farm-gate emissions,Emissions (CO2),kilotonnes,9124.3072,9457.5324,9368.1422,9490.6457,9414.5205,9487.9386,9292.1396,8972.8303,8711.321,8655.054,8269.5387,8176.1302,7849.0059,7723.5416,7725.7833,7809.7252,7904.7013,7900.9885,8316.341,8422.4125,8422.4125
Italy,Farm-gate emissions,Emissions (CO2eq) from CH4 (AR5),kilotonnes,26526.3995,23619.1825,25060.1138,24317.6314,24485.9257,23793.5156,23772.7483,23744.7122,24089.1511,24127.4195,24260.2997,23482.1886,23670.4596,23072.9526,22852.7522,22963.699,23337.3914,23343.0651,24013.7865,24011.6785,24179.3275
Italy,Farm-gate emissions,Emissions (CO2eq) from N2O (AR5),kilotonnes,13250.1999,12067.9216,12940.1798,12627.2576,12993.9701,12412.3657,12294.4624,12345.8863,11767.3343,10691.6872,10617.7542,10605.5811,11002.8919,10959.2022,10800.4129,10933.852,11069.3466,10974.9803,11188.3794,11197.524,11113.8066
Italy,Farm-gate emissions,Emissions (CO2eq) (AR5),kilotonnes,48900.9066,45144.6366,47368.4358,46435.5347,46894.4163,45693.8199,45359.3503,45063.4288,44567.8064,43474.1607,43147.5927,42263.8999,42522.3573,41755.6963,41378.9484,41707.2763,42311.4394,42219.0339,43518.5069,43631.615,43715.5465
Italy,Land Use change,Emissions (CH4),kilotonnes,0,0,0,0,0,0,0,0,0,0,0,0,0,0,0,0,0,0,0,0,0
Italy,Land Use change,Emissions (N2O),kilotonnes,0,0,0,0,0,0,0,0,0,0,0,0,0,0,0,0,0,0,0,0,0
Italy,Land Use change,Emissions (CO2),kilotonnes,0,0,0,0,0,0,0,0,0,0,0,0,0,0,0,0,0,0,0,0,0
Italy,Land Use change,Emissions (CO2eq) from CH4 (AR5),kilotonnes,0,0,0,0,0,0,0,0,0,0,0,0,0,0,0,0,0,0,0,0,0
Italy,Land Use change,Emissions (CO2eq) from N2O (AR5),kilotonnes,0,0,0,0,0,0,0,0,0,0,0,0,0,0,0,0,0,0,0,0,0
Italy,Land Use change,Emissions (CO2eq) (AR5),kilotonnes,0,0,0,0,0,0,0,0,0,0,0,0,0,0,0,0,0,0,0,0,0
Italy,Emissions on agricultural land,Emissions (CH4),kilotonnes,947.3714,843.5422,895.0041,868.4868,874.4973,849.7684,849.0267,848.0254,860.3268,861.6936,866.4393,838.6496,845.3736,824.034,816.1697,820.1321,833.4783,833.6809,857.6352,857.5599,863.5474
Italy,Emissions on agricultural land,Emissions (N2O),kilotonnes,50.0008,45.5393,48.8309,47.65,49.0338,46.8391,46.3942,46.5883,44.405,40.346,40.067,40.0211,41.5203,41.3555,40.7563,41.2598,41.7711,41.415,42.2203,42.2548,41.9389
Italy,Emissions on agricultural land,Emissions (CO2),kilotonnes,9124.3072,9457.5324,9368.1422,9490.6457,9414.5205,9487.9386,9292.1396,8972.8303,8711.321,8655.054,8269.5387,8176.1302,7849.0059,7723.5416,7725.7833,7809.7252,7904.7013,7900.9885,8316.341,8422.4125,8422.4125
Italy,Emissions on agricultural land,Emissions (CO2eq) from CH4 (AR5),kilotonnes,26526.3995,23619.1825,25060.1138,24317.6314,24485.9257,23793.5156,23772.7483,23744.7122,24089.1511,24127.4195,24260.2997,23482.1886,23670.4596,23072.9526,22852.7522,22963.699,23337.3914,23343.0651,24013.7865,24011.6785,24179.3275
Italy,Emissions on agricultural land,Emissions (CO2eq) from N2O (AR5),kilotonnes,13250.1999,12067.9216,12940.1798,12627.2576,12993.9701,12412.3657,12294.4624,12345.8863,11767.3343,10691.6872,10617.7542,10605.5811,11002.8919,10959.2022,10800.4129,10933.852,11069.3466,10974.9803,11188.3794,11197.524,11113.8066
Italy,Emissions on agricultural land,Emissions (CO2eq) (AR5),kilotonnes,48900.9066,45144.6366,47368.4358,46435.5347,46894.4163,45693.8199,45359.3503,45063.4288,44567.8064,43474.1607,43147.5927,42263.8999,42522.3573,41755.6963,41378.9484,41707.2763,42311.4394,42219.0339,43518.5069,43631.615,43715.5465
Italy,Pre- and post- production,Emissions (CH4),kilotonnes,527.3805,543.2747,557.3033,598.6472,588.6248,533.8039,509.7738,487.3826,465.1959,440.8455,418.025,394.1631,367.5732,341.0961,317.6483,289.1851,276.6804,279.2791,280.629,284.0587,283.5211
Italy,Pre- and post- production,Emissions (N2O),kilotonnes,4.2521,4.2848,4.3125,4.7128,4.7793,4.2983,4.2838,4.2765,4.414,4.2723,4.3871,4.2168,4.3203,4.4172,4.3238,4.2358,4.5249,4.4913,4.622,4.6641,4.5723
Italy,Pre- and post- production,Emissions (CO2),kilotonnes,66155.4353,66889.606,68450.7897,71133.9062,71308.2181,71310.419,70344.1131,70023.2974,69035.194,64028.1717,63390.8966,60703.149,58693.7126,60596.1971,59489.2778,60514.154,61034.6774,60953.4974,61404.4035,64089.7172,55852.3027
Italy,Pre- and post- production,Emissions (CO2eq) from F-gases (AR5),kilotonnes,10543.2525,12372.412,13966.7575,15612.014,17093.628,19408.52,21140.533,22872.0265,23139.0495,23262.171,23314.6405,23333.3425,23336.979,23335.4205,23335.4205,23335.4205,12511.1185,12725.1525,12938.667,13152.701,12070.1742
Italy,Pre- and post- production,Emissions (CO2eq) from CH4 (AR5),kilotonnes,14766.6537,15211.6916,15604.4934,16762.1226,16481.4949,14946.5095,14273.6677,13646.714,13025.4847,12343.6733,11704.7005,11036.5675,10292.0487,9550.6896,8894.1534,8097.1828,7747.0516,7819.8138,7857.6106,7953.6425,7938.5904
Italy,Pre- and post- production,Emissions (CO2eq) from N2O (AR5),kilotonnes,1126.8012,1135.469,1142.8139,1248.8873,1266.5225,1139.06,1135.2155,1133.271,1169.721,1132.1634,1162.5926,1117.4528,1144.8881,1170.5511,1145.799,1122.4822,1199.1082,1190.1839,1224.8179,1235.9789,1211.6557
Italy,Pre- and post- production,Emissions (CO2eq) (AR5),kilotonnes,92592.1427,95609.1785,99164.8545,104756.9301,106149.8636,106804.5086,106893.5293,107675.309,106369.4492,100766.1794,99572.8302,96190.5119,93467.6284,94652.8583,92864.6507,93069.2394,82491.9557,82688.6475,83425.4991,86432.0396,77072.7231
Italy,Agri-food systems,Emissions (CH4),kilotonnes,1474.7519,1386.8169,1452.3074,1467.1341,1463.1222,1383.5723,1358.8006,1335.4081,1325.5227,1302.539,1284.4643,1232.8127,1212.9467,1165.1301,1133.8181,1109.3172,1110.1587,1112.96,1138.2642,1141.6186,1147.0685
Italy,Agri-food systems,Emissions (N2O),kilotonnes,54.2528,49.8241,53.1434,52.3628,53.8132,51.1375,50.678,50.8647,48.8191,44.6183,44.4541,44.2379,45.8407,45.7727,45.08,45.4956,46.2961,45.9063,46.8423,46.9189,46.5112
Italy,Agri-food systems,Emissions (CO2),kilotonnes,75279.7426,76347.1384,77818.9319,80624.5519,80722.7386,80798.3576,79636.2527,78996.1278,77746.515,72683.2257,71660.4354,68879.2792,66542.7184,68319.7387,67215.0611,68323.8792,68939.3787,68854.4858,69720.7445,72512.1296,64274.7152
Italy,Agri-food systems,Emissions (CO2eq) from F-gases (AR5),kilotonnes,10543.2525,12372.412,13966.7575,15612.014,17093.628,19408.52,21140.533,22872.0265,23139.0495,23262.171,23314.6405,23333.3425,23336.979,23335.4205,23335.4205,23335.4205,12511.1185,12725.1525,12938.667,13152.701,12070.1742
Italy,Agri-food systems,Emissions (CO2eq) from CH4 (AR5),kilotonnes,41293.0531,38830.8741,40664.6073,41079.754,40967.4207,38740.0252,38046.416,37391.4262,37114.6358,36471.0928,35965.0002,34518.7561,33962.5083,32623.6421,31746.9056,31060.8818,31084.443,31162.8789,31871.3971,31965.321,32117.9179
Italy,Agri-food systems,Emissions (CO2eq) from N2O (AR5),kilotonnes,14377.0011,13203.3906,14082.9937,13876.1449,14260.4927,13551.4257,13429.6779,13479.1574,12937.0553,11823.8506,11780.3469,11723.0339,12147.78,12129.7532,11946.2119,12056.3342,12268.4548,12165.1642,12413.1974,12433.5029,12325.4623
Italy,Agri-food systems,Emissions (CO2eq) (AR5),kilotonnes,141493.0493,140753.8151,146533.2903,151192.4649,153044.2799,152498.3285,152252.8796,152738.7378,150937.2556,144240.3401,142720.4229,138454.4117,135989.9857,136408.5546,134243.599,134776.5157,124803.3951,124907.6814,126944.006,130063.6546,120788.2696
Italy,IPCC Agriculture,Emissions (CH4),kilotonnes,946.2465,842.3382,893.9704,867.315,873.3737,848.6641,848.1221,846.9016,859.1986,860.978,865.6008,837.6484,844.4321,823.2695,815.4066,819.5451,832.8489,833.1223,857.0143,856.9675,862.9549
Italy,IPCC Agriculture,Emissions (CH4),kilotonnes,854.9147,841.7698,821.2338,825.3527,791.9748,789.8706,772.8622,798.3061,783.8902,792.1537,770.5603,769.8591,766.2022,766.2721,754.7666,758.9868,770.3438,772.178,765.7,764.0059,771.1623
Italy,IPCC Agriculture,Direct emissions (N2O),kilotonnes,30.2426,27.1724,29.4547,28.6282,29.7286,28.1728,27.8821,28.0833,26.3829,23.2465,23.1359,23.249,24.3882,24.3195,23.9428,24.2952,24.5645,24.2162,24.5827,24.5785,24.3205
Italy,IPCC Agriculture,Indirect emissions (N2O),kilotonnes,9.9857,8.9199,9.6685,9.4521,9.7221,9.2458,9.1672,9.2484,8.6802,7.7295,7.6898,7.7221,8.07,8.064,7.9228,8.0501,8.1328,8.0512,8.1581,8.1596,8.0733
Italy,IPCC Agriculture,Emissions (N2O),kilotonnes,47.0743,42.4854,45.7847,44.5691,45.9856,43.7898,43.3744,43.7223,41.6215,37.534,37.4203,37.4143,39.0258,38.8864,38.2712,38.7474,39.1791,38.8184,39.4698,39.4512,39.1353
Italy,IPCC Agriculture,Emissions (N2O),kilotonnes,49.4587,49.2905,48.7495,47.5117,48.1497,46.5826,46.1273,46.0147,43.422,41.048,39.9669,41.5507,42.2366,39.8549,40.1177,39.5091,41.2356,40.011,39.8494,39.6776,43.2955
Italy,IPCC Agriculture,Emissions (CO2),kilotonnes,570.8839,588.4758,610.4849,615.9759,629.8348,563.7432,590.4017,591.1938,551.4671,420.3012,381.0596,403.8011,592.1155,481.3077,443.6244,458.296,594.007,456.038,442.3606,429.5812,503.3963
Italy,IPCC Agriculture,Emissions (CO2eq) from CH4 (AR5),kilotonnes,26494.9032,23585.4684,25031.1708,24284.8209,24454.4629,23762.5947,23747.4196,23713.2435,24057.5607,24107.385,24236.8236,23454.1556,23644.0977,23051.5469,22831.3857,22947.2624,23319.7684,23327.4242,23996.4006,23995.0887,24162.7377
Italy,IPCC Agriculture,Emissions (CO2eq) from CH4 (AR5),kilotonnes,23937.6106,23569.5547,22994.5472,23109.8763,22175.293,22116.3767,21640.1414,22352.5703,21948.9267,22180.3024,21575.6876,21556.0544,21453.6603,21455.6176,21133.4656,21251.6306,21569.6253,21620.9853,21439.5995,21392.1642,21592.5438
Italy,IPCC Agriculture,Emissions (CO2eq) from N2O (AR5),kilotonnes,12474.6959,11258.6361,12132.9337,11810.8193,12186.1956,11604.2845,11494.214,11586.4135,11029.6912,9946.4982,9916.3817,9914.7926,10341.8284,10304.889,10141.8805,10268.0532,10382.4503,10286.8783,10459.4866,10454.5591,10370.8417
Italy,IPCC Agriculture,Emissions (CO2eq) from N2O (AR5),kilotonnes,13106.5445,13061.9718,12918.6049,12590.5902,12759.6679,12344.3908,12223.7237,12193.885,11506.839,10877.7193,10591.2177,11010.9326,11192.6956,10561.5394,10631.201,10469.9008,10927.4262,10602.9137,10560.0924,10514.5586,11473.3193
Italy,IPCC Agriculture,Emissions (CO2eq) (AR5),kilotonnes,38969.5991,34844.1045,37164.1045,36095.6402,36640.6585,35366.8792,35241.6337,35299.657,35087.2518,34053.8833,34153.2053,33368.9482,33985.9261,33356.4359,32973.2662,33215.3156,33702.2186,33614.3025,34455.8873,34449.6479,34533.5794
Italy,IPCC Agriculture,Emissions (CO2eq) (AR5),kilotonnes,37615.0389,37220.0023,36523.637,36316.4424,35564.7957,35024.5107,34454.2668,35137.6491,34007.2328,33478.3229,32547.9648,32970.7881,33238.4714,32498.4646,32208.2911,32179.8274,33091.0585,32679.9369,32442.0525,32336.304,33569.2594
Italy,Agricultural Soils,Direct emissions (N2O),kilotonnes,30.2426,27.1724,29.4547,28.6282,29.7286,28.1728,27.8821,28.0833,26.3829,23.2465,23.1359,23.249,24.3882,24.3195,23.9428,24.2952,24.5645,24.2162,24.5827,24.5785,24.3205
Italy,Agricultural Soils,Direct emissions (N2O),kilotonnes,31.7632,31.6337,31.4023,30.4075,31.186,30.1015,29.8939,29.5924,27.537,25.7376,25.1104,26.502,27.0501,25.4516,25.8908,25.3666,26.6115,25.6708,25.6907,25.5871,28.381
Italy,Agricultural Soils,Indirect emissions (N2O),kilotonnes,9.9857,8.9199,9.6685,9.4521,9.7221,9.2458,9.1672,9.2484,8.6802,7.7295,7.6898,7.7221,8.07,8.064,7.9228,8.0501,8.1328,8.0512,8.1581,8.1596,8.0733
Italy,Agricultural Soils,Indirect emissions (N2O),kilotonnes,8.8938,8.825,8.7989,8.5904,8.7341,8.3816,8.3354,8.2957,7.78,7.2139,7.0204,7.3754,7.7285,7.2184,7.2233,7.09,7.4873,7.2112,7.1404,7.1391,7.9292
Italy,Agricultural Soils,Emissions (N2O),kilotonnes,40.7172,36.5822,39.6143,38.5725,39.9428,37.9108,37.5404,37.8217,35.5531,31.466,31.3157,31.4611,32.9482,32.8734,32.3555,32.8352,33.1872,32.7573,33.2306,33.2195,32.8752
Italy,Agricultural Soils,Emissions (N2O),kilotonnes,40.657,40.4587,40.2012,38.9979,39.9201,38.4831,38.2293,37.8881,35.317,32.9515,32.1308,33.8774,34.7786,32.67,33.1141,32.4567,34.0988,32.882,32.831,32.7263,36.3103
Italy,Agricultural Soils,Emissions (CO2eq) from N2O (AR5),kilotonnes,10790.0707,9694.2925,10497.7938,10221.7055,10584.8454,10046.3494,9948.1953,10022.743,9421.5602,8338.4858,8298.6547,8337.181,8731.2757,8711.4514,8574.1966,8701.33,8794.597,8680.6788,8806.1152,8803.1774,8711.9293
Italy,Agricultural Soils,Emissions (CO2eq) from N2O (AR5),kilotonnes,10774.0997,10721.5429,10653.3081,10334.4496,10578.8274,10198.0101,10130.768,10040.3378,9358.996,8732.1352,8514.6644,8977.5191,9216.3228,8657.5501,8775.2319,8601.022,9036.1856,8713.724,8700.218,8672.4568,9622.2203
Italy,Agricultural Soils,Emissions (CO2eq) (AR5),kilotonnes,10790.0707,9694.2925,10497.7938,10221.7055,10584.8454,10046.3494,9948.1953,10022.743,9421.5602,8338.4858,8298.6547,8337.181,8731.2757,8711.4514,8574.1966,8701.33,8794.597,8680.6788,8806.1152,8803.1774,8711.9293
Italy,Agricultural Soils,Emissions (CO2eq) (AR5),kilotonnes,10774.0997,10721.5429,10653.3081,10334.4496,10578.8274,10198.0101,10130.768,10040.3378,9358.996,8732.1352,8514.6644,8977.5191,9216.3228,8657.5501,8775.2319,8601.022,9036.1856,8713.724,8700.218,8672.4568,9622.2203
Italy,LULUCF,Emissions (CH4),kilotonnes,1.3047,0.0872,0.0373,0.1769,0.0947,0.0199,0.0274,1.0435,0.1768,0.2118,0.0174,0.1645,0.6751,0.0922,0.1072,0.0424,0.0822,1.1309,0.1396,0.0723,0.1096
Italy,LULUCF,Emissions (CH4),kilotonnes,28.5705,19.1289,10.4062,23.3476,13.9849,11.9732,9.5667,55.3935,20.22,24.1357,14.0096,22.6775,48.0047,6.2551,10.9758,10.5688,12.2562,60.4433,6.1107,7.2441,
Italy,LULUCF,Emissions (N2O),kilotonnes,0.0722,0.008,0.0034,0.0162,0.0086,0.0018,0.0025,0.0953,0.0161,0.0193,0.0016,0.015,0.0616,0.0084,0.0098,0.0039,0.0075,0.1033,0.0127,0.0066,0.01
Italy,LULUCF,Emissions (N2O),kilotonnes,2.4676,2.2986,2.1388,2.3334,2.2135,2.2095,2.1613,2.9587,2.29,2.1546,1.4416,1.5363,1.817,1.1227,1.2082,1.0991,1.454,1.8809,1.519,1.6541,
Italy,LULUCF,Emissions (CO2),kilotonnes,-34612.1778,-34804.5549,-34802.9641,-34801.4188,-34801.4188,-34801.4188,-34803.0118,-34804.602,-34804.602,-34804.602,-34804.602,-34755.7917,-34755.7917,-34756.0631,-34756.0631,-34756.0631,-12908.7123,-12908.7123,-12908.7123,-12920.7523,-12920.7523
Italy,LULUCF,Emissions (CO2),kilotonnes,-22365.6224,-32444.4479,-36527.1104,-28960.4808,-35012.9571,-35995.0393,-36848.4261,-15485.5044,-32498.3779,-36742.9331,-42702.3891,-34978.0765,-26641.1705,-40561.1763,-41663.8242,-44274.0676,-41400.6399,-22410.9304,-36608.1747,-42235.2382,
Italy,LULUCF,Emissions (CO2eq) from CH4 (AR5),kilotonnes,36.531,2.441,1.0457,4.9546,2.6509,0.5582,0.7676,29.2176,4.9509,5.9292,0.4881,4.6049,18.9021,2.582,3.0004,1.1871,2.3007,31.665,3.9093,2.025,3.0686
Italy,LULUCF,Emissions (CO2eq) from N2O (AR5),kilotonnes,19.1261,2.1094,0.9036,4.2814,2.2907,0.4824,0.6633,25.2478,4.2782,5.1236,0.4218,3.9792,16.3339,2.2312,2.5927,1.0258,1.9881,27.3627,3.3782,1.7499,2.6517
Italy,LULUCF,Emissions (CO2eq) (AR5),kilotonnes,-34556.5207,-34800.0044,-34801.0148,-34792.1828,-34796.4773,-34800.3783,-34801.5809,-34750.1366,-34795.3729,-34793.5493,-34803.6921,-34747.2077,-34720.5558,-34751.2499,-34750.4699,-34753.8501,-12904.4234,-12849.6845,-12901.4247,-12916.9774,-12915.032
Italy,LULUCF,Emissions (CO2eq) (AR5),kilotonnes,-22365.6224,-32444.4479,-36527.1104,-28960.4808,-35012.9571,-35995.0393,-36848.4261,-15485.5044,-32498.3779,-36742.9331,-42702.3891,-34978.0765,-26641.1705,-40561.1763,-41663.8242,-44274.0676,-41400.6399,-22410.9304,-36608.1747,-42235.2382,
Italy,AFOLU,Emissions (CH4),kilotonnes,947.5512,842.4253,894.0077,867.492,873.4683,848.684,848.1495,847.945,859.3754,861.1898,865.6183,837.8129,845.1071,823.3617,815.5138,819.5875,832.931,834.2532,857.1539,857.0398,863.0645
Italy,AFOLU,Emissions (N2O),kilotonnes,47.1465,42.4934,45.7881,44.5853,45.9943,43.7916,43.3769,43.8176,41.6376,37.5533,37.4219,37.4293,39.0874,38.8948,38.281,38.7512,39.1866,38.9217,39.4825,39.4578,39.1453
Italy,AFOLU,Emissions (CO2),kilotonnes,-34612.1778,-34804.5549,-34802.9641,-34801.4188,-34801.4188,-34801.4188,-34803.0118,-34804.602,-34804.602,-34804.602,-34804.602,-34755.7917,-34755.7917,-34756.0631,-34756.0631,-34756.0631,-12908.7123,-12908.7123,-12908.7123,-12920.7523,-12920.7523
Italy,AFOLU,Emissions (CO2eq) from CH4 (AR5),kilotonnes,26531.4342,23587.9094,25032.2165,24289.7755,24457.1137,23763.1529,23748.1872,23742.4611,24062.5116,24113.3142,24237.3118,23458.7605,23662.9998,23054.1288,22834.3861,22948.4495,23322.0691,23359.0892,24000.31,23997.1138,24165.8063
Italy,AFOLU,Emissions (CO2eq) from N2O (AR5),kilotonnes,12493.822,11260.7455,12133.8373,11815.1008,12188.4863,11604.7669,11494.8773,11611.6613,11033.9694,9951.6218,9916.8035,9918.7718,10358.1623,10307.1202,10144.4733,10269.079,10384.4384,10314.241,10462.8648,10456.309,10373.4934
Italy,AFOLU,Emissions (CO2eq) (AR5),kilotonnes,4413.0784,44.1,2363.0897,1303.4574,1844.1812,566.5009,440.0527,549.5204,291.879,-739.666,-650.4868,-1378.2595,-734.6297,-1394.814,-1777.2037,-1538.5345,20797.7952,20764.618,21554.4625,21532.6705,21618.5474
Italy,All sectors with LULUCF,Emissions (CH4),kilotonnes,2263.8212,2132.7353,2165.2777,2114.012,2039.1083,2022.394,1989.8795,1988.635,1965.8654,1946.2498,1939.8183,1822.0629,1840.3271,1795.4917,1732.4878,1708.6175,1710.885,1720.3532,1738.2939,1696.0258,1721.9775
Italy,All sectors with LULUCF,Emissions (N2O),kilotonnes,95.4965,91.4234,95.0881,94.9453,94.7143,91.3216,72.5969,71.8876,66.7076,61.1633,60.5019,59.9093,61.4574,60.8848,60.101,60.4912,60.5166,59.8617,60.2425,59.2878,57.9853
Italy,All sectors with LULUCF,Emissions (CO2),kilotonnes,428131.8222,426928.4451,427751.0359,444740.5812,449126.5812,451385.5812,444873.9882,439067.398,423379.398,374874.398,380457.398,372803.2083,344607.2083,320090.9369,296159.9369,308491.9369,324662.2877,324127.2877,324817.2877,317126.2477,274213.2477
Italy,All sectors with LULUCF,Emissions (CO2eq) from F-gases (AR5),kilotonnes,9552.3475,10980.8268,11369.5286,11078.0022,11272.3532,11661.055,13021.5114,14090.4415,15062.196,16325.477,17491.5825,18754.8634,19532.2671,20406.8462,21087.0744,22058.829,22641.8818,22836.2327,23419.2854,23613.6364,21670.1272
Italy,All sectors with LULUCF,Emissions (CO2eq) from CH4 (AR5),kilotonnes,63386.9942,59716.5894,60627.7765,59192.3355,57095.0337,56627.0329,55716.6272,55681.7811,55044.2316,54494.9942,54314.9118,51017.7605,51529.1598,50273.7688,48509.6581,47841.2895,47904.7811,48169.8892,48672.23,47488.7218,48215.3703
Italy,All sectors with LULUCF,Emissions (CO2eq) from N2O (AR5),kilotonnes,25306.572,24227.1955,25198.3373,25160.5008,25099.2863,24200.2169,19238.1773,19050.2113,17677.5194,16208.2718,16033.0035,15875.9718,16286.2123,16134.4702,15926.7733,16030.179,16036.8884,15863.341,15964.2648,15711.259,15366.0934
Italy,All sectors with LULUCF,Emissions (CO2eq) (AR5),kilotonnes,526377.736,521853.0568,524946.6783,540171.4196,542593.2544,543873.8859,532850.3042,527889.8319,511163.345,461903.141,468296.8957,458451.8039,431954.8474,406906.0222,381683.4427,394422.2345,411245.839,410996.7507,412873.068,403939.8649,359464.8386
Italy,All sectors without LULUCF,Emissions (CH4),kilotonnes,2262.5165,2132.6482,2165.2404,2113.835,2039.0137,2022.3741,1989.8521,1987.5916,1965.6886,1946.038,1939.8008,1821.8984,1839.6521,1795.3995,1732.3806,1708.5751,1710.8029,1719.2223,1738.1543,1695.9535,1721.8679
Italy,All sectors without LULUCF,Emissions (N2O),kilotonnes,95.4243,91.4154,95.0847,94.9291,94.7056,91.3198,72.5944,71.7923,66.6915,61.144,60.5003,59.8943,61.3958,60.8764,60.0912,60.4874,60.5091,59.7584,60.2298,59.2812,57.9753
Italy,All sectors without LULUCF,Emissions (CO2),kilotonnes,462744,461733,462554,479542,483928,486187,479677,473872,458184,409679,415262,407559,379363,354847,330916,343248,337571,337036,337726,330047,287134
Italy,All sectors without LULUCF,Emissions (CO2eq) from F-gases (AR5),kilotonnes,9552.3475,10980.8268,11369.5286,11078.0022,11272.3532,11661.055,13021.5114,14090.4415,15062.196,16325.477,17491.5825,18754.8634,19532.2671,20406.8462,21087.0744,22058.829,22641.8818,22836.2327,23419.2854,23613.6364,21670.1272
Italy,All sectors without LULUCF,Emissions (CO2eq) from CH4 (AR5),kilotonnes,63350.4632,59714.1484,60626.7308,59187.3809,57092.3829,56626.4747,55715.8596,55652.5635,55039.2807,54489.065,54314.4236,51013.1556,51510.2577,50271.1869,48506.6577,47840.1024,47902.4804,48138.2242,48668.3206,47486.6967,48212.3017
Italy,All sectors without LULUCF,Emissions (CO2eq) from N2O (AR5),kilotonnes,25287.4459,24225.0861,25197.4337,25156.2193,25096.9956,24199.7345,19237.514,19024.9635,17673.2412,16203.1482,16032.5817,15871.9926,16269.8784,16132.239,15924.1805,16029.1532,16034.9003,15835.9783,15960.8866,15709.5091,15363.4417
Italy,All sectors without LULUCF,Emissions (CO2eq) (AR5),kilotonnes,560934.2567,556653.0613,559747.6931,574963.6025,577389.7317,578674.2642,567651.8851,562639.9685,545958.7179,496696.6903,503100.5878,493199.0116,466675.4032,441657.2721,416433.9126,429176.0847,424150.2624,423846.4352,425774.4927,416856.8423,372379.8706
Jamaica,Crop Residues,Direct emissions (N2O),kilotonnes,0.0006,0.0007,0.0006,0.0007,0.0006,0.0006,0.0007,0.0006,0.0005,0.0008,0.0009,0.001,0.0011,0.0012,0.0012,0.0011,0.0011,0.0011,0.001,0.001,0.0009
Jamaica,Crop Residues,Indirect emissions (N2O),kilotonnes,0.0001,0.0002,0.0001,0.0001,0.0001,0.0001,0.0001,0.0001,0.0001,0.0002,0.0002,0.0002,0.0003,0.0003,0.0003,0.0002,0.0002,0.0002,0.0002,0.0002,0.0002
Jamaica,Crop Residues,Emissions (N2O),kilotonnes,0.0007,0.0008,0.0007,0.0008,0.0007,0.0008,0.0008,0.0007,0.0007,0.0009,0.0011,0.0013,0.0014,0.0014,0.0014,0.0013,0.0013,0.0013,0.0013,0.0012,0.0012
Jamaica,Crop Residues,Emissions (CO2eq) from N2O (AR5),kilotonnes,0.1893,0.2216,0.1814,0.213,0.183,0.2078,0.214,0.1934,0.1762,0.2478,0.2998,0.3383,0.3655,0.3808,0.3782,0.3573,0.3437,0.3538,0.3376,0.314,0.3067
Jamaica,Crop Residues,Emissions (CO2eq) (AR5),kilotonnes,0.1893,0.2216,0.1814,0.213,0.183,0.2078,0.214,0.1934,0.1762,0.2478,0.2998,0.3383,0.3655,0.3808,0.3782,0.3573,0.3437,0.3538,0.3376,0.314,0.3067
Jamaica,Rice Cultivation,Emissions (CH4),kilotonnes,0.0015,0.0027,0.0012,0.0015,0.0008,0.0001,0.0001,0.0025,0.0034,0.0041,0.0063,0.0049,0.0068,0.0011,0.0007,0.0004,0.0003,0.0001,0,0.0001,0
Jamaica,Rice Cultivation,Emissions (CO2eq) from CH4 (AR5),kilotonnes,0.0408,0.0753,0.0345,0.0408,0.022,0.0031,0.0031,0.069,0.0941,0.116,0.1756,0.138,0.1913,0.0314,0.0188,0.0125,0.0094,0.0031,0,0.0031,0
Jamaica,Rice Cultivation,Emissions (CO2eq) (AR5),kilotonnes,0.0408,0.0753,0.0345,0.0408,0.022,0.0031,0.0031,0.069,0.0941,0.116,0.1756,0.138,0.1913,0.0314,0.0188,0.0125,0.0094,0.0031,0,0.0031,0
Jamaica,Burning - Crop residues,Emissions (CH4),kilotonnes,0.0733,0.0679,0.064,0.0582,0.0579,0.0526,0.0568,0.0579,0.0566,0.0511,0.054,0.0548,0.0558,0.058,0.0581,0.0538,0.0416,0.0401,0.0378,0.0325,0.0249
Jamaica,Burning - Crop residues,Emissions (CH4),kilotonnes,,,,,,,0.25,0.26,0.25,0.22,0.23,,0.24,,,,,,,,
Jamaica,Burning - Crop residues,Emissions (N2O),kilotonnes,0.0019,0.0018,0.0017,0.0015,0.0015,0.0014,0.0015,0.0015,0.0015,0.0013,0.0014,0.0014,0.0014,0.0015,0.0015,0.0014,0.0011,0.001,0.001,0.0008,0.0006
Jamaica,Burning - Crop residues,Emissions (N2O),kilotonnes,,,,,,,0.01,0.01,0.01,0.01,0.01,,0.01,,,,,,,,
Jamaica,Burning - Crop residues,Emissions (CO2eq) from CH4 (AR5),kilotonnes,2.0526,1.9005,1.7933,1.6296,1.6209,1.4724,1.5907,1.6203,1.5849,1.4304,1.5111,1.5349,1.5627,1.6232,1.626,1.5076,1.1656,1.1234,1.0573,0.9097,0.6971
Jamaica,Burning - Crop residues,Emissions (CO2eq) from CH4 (AR5),kilotonnes,,,,,,,7,7.28,7,6.16,6.44,,6.72,,,,,,,,
Jamaica,Burning - Crop residues,Emissions (CO2eq) from N2O (AR5),kilotonnes,0.5036,0.4663,0.44,0.3999,0.3977,0.3613,0.3903,0.3976,0.3889,0.351,0.3708,0.3766,0.3834,0.3983,0.399,0.3699,0.286,0.2756,0.2594,0.2232,0.171
Jamaica,Burning - Crop residues,Emissions (CO2eq) from N2O (AR5),kilotonnes,,,,,,,2.65,2.65,2.65,2.65,2.65,,2.65,,,,,,,,
Jamaica,Burning - Crop residues,Emissions (CO2eq) (AR5),kilotonnes,2.5562,2.3669,2.2333,2.0295,2.0187,1.8336,1.9811,2.0178,1.9738,1.7814,1.8819,1.9115,1.9461,2.0215,2.025,1.8776,1.4516,1.399,1.3168,1.133,0.8682
Jamaica,Burning - Crop residues,Emissions (CO2eq) (AR5),kilotonnes,,,,,,,9.65,9.93,9.65,8.81,9.09,,9.37,,,,,,,,
Jamaica,Enteric Fermentation,Emissions (CH4),kilotonnes,25.613,25.5724,25.5104,27.1775,24.6226,23.3516,14.7987,13.3885,13.0867,12.6362,12.787,12.837,13.0607,12.9555,12.8503,12.3426,12.4262,12.4055,12.4592,12.4922,12.537
Jamaica,Enteric Fermentation,Emissions (CH4),kilotonnes,,,,,,,8.26,8.63,8.31,7.98,7.66,,8.23,,,,,,,,
Jamaica,Enteric Fermentation,Emissions (CO2eq) from CH4 (AR5),kilotonnes,717.164,716.0265,714.2919,760.97,689.4342,653.8448,414.3635,374.878,366.4264,353.8128,358.036,359.436,365.6982,362.754,359.8084,345.5924,347.9337,347.3544,348.8568,349.7808,351.0373
Jamaica,Enteric Fermentation,Emissions (CO2eq) from CH4 (AR5),kilotonnes,,,,,,,231.28,241.64,232.68,223.44,214.48,,230.44,,,,,,,,
Jamaica,Enteric Fermentation,Emissions (CO2eq) (AR5),kilotonnes,717.164,716.0265,714.2919,760.97,689.4342,653.8448,414.3635,374.878,366.4264,353.8128,358.036,359.436,365.6982,362.754,359.8084,345.5924,347.9337,347.3544,348.8568,349.7808,351.0373
Jamaica,Enteric Fermentation,Emissions (CO2eq) (AR5),kilotonnes,,,,,,,231.28,241.64,232.68,223.44,214.48,,230.44,,,,,,,,
Jamaica,Manure Management,Emissions (CH4),kilotonnes,1.0024,1.0276,0.9873,1.0331,1.029,1.1024,0.9026,0.84,0.8865,0.8697,0.8364,0.8316,0.8541,0.8587,0.8595,0.8537,0.8594,0.8706,0.8721,0.8763,0.8807
Jamaica,Manure Management,Emissions (CH4),kilotonnes,,,,,,,4.36,4.8,5.1,4.89,4.72,,4.39,,,,,,,,
Jamaica,Manure Management,Emissions (N2O),kilotonnes,0.0737,0.076,0.0674,0.0721,0.0798,0.0984,0.0875,0.0781,0.0883,0.0872,0.08,0.0801,0.0826,0.0839,0.0843,0.0843,0.0844,0.0853,0.0855,0.0859,0.0865
Jamaica,Manure Management,Emissions (N2O),kilotonnes,,,,,,,3.97,5.18,7.24,7.02,6.98,,6.83,,,,,,,,
Jamaica,Manure Management,Emissions (CO2eq) from CH4 (AR5),kilotonnes,28.0669,28.7719,27.6448,28.9254,28.8122,30.8674,25.2724,23.5191,24.8231,24.3514,23.4193,23.2857,23.9146,24.0446,24.0652,23.9029,24.0646,24.3773,24.4199,24.5372,24.6607
Jamaica,Manure Management,Emissions (CO2eq) from CH4 (AR5),kilotonnes,,,,,,,122.08,134.4,142.8,136.92,132.16,,122.92,,,,,,,,
Jamaica,Manure Management,Emissions (CO2eq) from N2O (AR5),kilotonnes,19.5363,20.1319,17.8622,19.1012,21.1394,26.0745,23.1768,20.6969,23.4102,23.1137,21.2088,21.229,21.8952,22.2214,22.3435,22.3448,22.3716,22.6055,22.6572,22.7542,22.9227
Jamaica,Manure Management,Emissions (CO2eq) from N2O (AR5),kilotonnes,,,,,,,1052.05,1372.7,1918.6,1860.3,1849.7,,1809.95,,,,,,,,
Jamaica,Manure Management,Emissions (CO2eq) (AR5),kilotonnes,47.6032,48.9037,45.507,48.0266,49.9516,56.9419,48.4492,44.216,48.2333,47.4651,44.6281,44.5147,45.8097,46.266,46.4087,46.2477,46.4361,46.9828,47.0771,47.2914,47.5833
Jamaica,Manure Management,Emissions (CO2eq) (AR5),kilotonnes,,,,,,,1174.13,1507.1,2061.4,1997.22,1981.86,,1932.87,,,,,,,,
Jamaica,Manure left on Pasture,Direct emissions (N2O),kilotonnes,0.6615,0.6696,0.6702,0.706,0.6531,0.6275,0.4412,0.4102,0.4103,0.3994,0.4011,0.4015,0.4116,0.4086,0.4057,0.3984,0.4005,0.4078,0.4095,0.4117,0.4142
Jamaica,Manure left on Pasture,Indirect emissions (N2O),kilotonnes,0.1654,0.1671,0.1672,0.1748,0.1636,0.1589,0.1185,0.1119,0.1141,0.1118,0.1125,0.1131,0.1162,0.1156,0.115,0.1138,0.1145,0.1167,0.1175,0.1184,0.1194
Jamaica,Manure left on Pasture,Emissions (N2O),kilotonnes,0.8268,0.8366,0.8374,0.8808,0.8167,0.7864,0.5598,0.5221,0.5244,0.5113,0.5136,0.5146,0.5278,0.5242,0.5206,0.5121,0.515,0.5245,0.5271,0.5301,0.5336
Jamaica,Manure left on Pasture,Emissions (CO2eq) from N2O (AR5),kilotonnes,219.1102,221.7053,221.9225,233.4172,216.4178,208.4056,148.3442,138.3584,138.967,135.482,136.1049,136.3783,139.8795,138.9166,137.97,135.7152,136.4757,139.0024,139.6699,140.4833,141.3963
Jamaica,Manure left on Pasture,Emissions (CO2eq) (AR5),kilotonnes,219.1102,221.7053,221.9225,233.4172,216.4178,208.4056,148.3442,138.3584,138.967,135.482,136.1049,136.3783,139.8795,138.9166,137.97,135.7152,136.4757,139.0024,139.6699,140.4833,141.3963
Jamaica,Manure applied to Soils,Direct emissions (N2O),kilotonnes,0.0972,0.1007,0.0929,0.0946,0.099,0.1139,0.1051,0.0989,0.1053,0.1037,0.0984,0.0976,0.1011,0.1019,0.1023,0.1011,0.101,0.0999,0.1002,0.1002,0.101
Jamaica,Manure applied to Soils,Indirect emissions (N2O),kilotonnes,0.0413,0.0428,0.0395,0.0402,0.0421,0.0484,0.0447,0.0421,0.0448,0.0441,0.0418,0.0415,0.043,0.0433,0.0435,0.043,0.0429,0.0425,0.0426,0.0426,0.0429
Jamaica,Manure applied to Soils,Emissions (N2O),kilotonnes,0.1385,0.1434,0.1324,0.1348,0.1411,0.1623,0.1498,0.141,0.1501,0.1478,0.1402,0.1391,0.144,0.1452,0.1457,0.144,0.1439,0.1424,0.1427,0.1427,0.144
Jamaica,Manure applied to Soils,Emissions (CO2eq) from N2O (AR5),kilotonnes,36.7064,38.0131,35.0843,35.7347,37.4,43.0091,39.6854,37.3638,39.7757,39.1589,37.1446,36.8526,38.1718,38.4752,38.6133,38.1679,38.137,37.7278,37.8259,37.8267,38.1473
Jamaica,Manure applied to Soils,Emissions (CO2eq) (AR5),kilotonnes,36.7064,38.0131,35.0843,35.7347,37.4,43.0091,39.6854,37.3638,39.7757,39.1589,37.1446,36.8526,38.1718,38.4752,38.6133,38.1679,38.137,37.7278,37.8259,37.8267,38.1473
Jamaica,Synthetic Fertilizers,Direct emissions (N2O),kilotonnes,0.1556,0.1326,0.129,0.1532,0.1545,0.1008,0.0761,0.0703,0.0692,0.0708,0.0758,0.0743,0.1,0.0755,0.0761,0.0415,0.0492,0.0591,0.0582,0.0751,0.0611
Jamaica,Synthetic Fertilizers,Indirect emissions (N2O),kilotonnes,0.0506,0.0431,0.0419,0.0498,0.0502,0.0328,0.0247,0.0228,0.0225,0.023,0.0246,0.0242,0.0325,0.0245,0.0247,0.0135,0.016,0.0192,0.0189,0.0244,0.0199
Jamaica,Synthetic Fertilizers,Emissions (N2O),kilotonnes,0.2061,0.1757,0.1709,0.2031,0.2047,0.1336,0.1009,0.0931,0.0917,0.0938,0.1005,0.0985,0.1325,0.1,0.1008,0.0549,0.0652,0.0782,0.0771,0.0995,0.081
Jamaica,Synthetic Fertilizers,Emissions (CO2eq) from N2O (AR5),kilotonnes,54.625,46.5692,45.2946,53.8084,54.2333,35.4069,26.7276,24.6695,24.2943,24.8571,26.6283,26.0931,35.1035,26.4938,26.7105,14.5584,17.2883,20.7351,20.4423,26.3743,21.4558
Jamaica,Synthetic Fertilizers,Emissions (CO2eq) (AR5),kilotonnes,54.625,46.5692,45.2946,53.8084,54.2333,35.4069,26.7276,24.6695,24.2943,24.8571,26.6283,26.0931,35.1035,26.4938,26.7105,14.5584,17.2883,20.7351,20.4423,26.3743,21.4558
Jamaica,Drained organic soils,Emissions (CO2eq) (AR5),kilotonnes,253.5215,253.5215,253.5215,253.7577,253.7577,253.7577,260.263,260.263,260.263,261.9752,264.6136,264.6136,272.6311,272.6311,272.6311,272.6311,273.845,273.845,275.2688,254.3035,254.3035
Jamaica,Drained organic soils (CO2),Emissions (CO2),kilotonnes,242.3227,242.3227,242.3227,242.5588,242.5588,242.5588,248.8136,248.8136,248.8136,250.458,252.9711,252.9711,260.6259,260.6259,260.6259,260.6259,261.772,261.772,263.1383,243.0946,243.0946
Jamaica,Drained organic soils (CO2),Emissions (CO2eq) (AR5),kilotonnes,242.3227,242.3227,242.3227,242.5588,242.5588,242.5588,248.8136,248.8136,248.8136,250.458,252.9711,252.9711,260.6259,260.6259,260.6259,260.6259,261.772,261.772,263.1383,243.0946,243.0946
Jamaica,Drained organic soils (N2O),Emissions (N2O),kilotonnes,0.0423,0.0423,0.0423,0.0423,0.0423,0.0423,0.0432,0.0432,0.0432,0.0435,0.0439,0.0439,0.0453,0.0453,0.0453,0.0453,0.0456,0.0456,0.0458,0.0423,0.0423
Jamaica,Drained organic soils (N2O),Emissions (CO2eq) from N2O (AR5),kilotonnes,11.1989,11.1989,11.1989,11.1989,11.1989,11.1989,11.4494,11.4494,11.4494,11.5171,11.6425,11.6425,12.0052,12.0052,12.0052,12.0052,12.073,12.073,12.1305,11.2089,11.2089
Jamaica,Drained organic soils (N2O),Emissions (CO2eq) (AR5),kilotonnes,11.1989,11.1989,11.1989,11.1989,11.1989,11.1989,11.4494,11.4494,11.4494,11.5171,11.6425,11.6425,12.0052,12.0052,12.0052,12.0052,12.073,12.073,12.1305,11.2089,11.2089
Jamaica,On-farm energy use,Emissions (CH4),kilotonnes,0.3654,0.3357,0.31,0.2957,0.3127,0.4573,0.6512,0.4491,0.5629,0.2481,0.2446,0.2898,0.269,0.3539,0.2841,0.311,0.3302,0.2631,0.3939,0.4158,0.4158
Jamaica,On-farm energy use,Emissions (N2O),kilotonnes,0.0208,0.0218,0.0511,0.051,0.0802,0.0922,0.1755,0.1953,0.0593,0.0352,0.0313,0.0351,0.0327,0.0365,0.0307,0.0288,0.0247,0.0449,0.0278,0.0273,0.0273
Jamaica,On-farm energy use,Emissions (CO2),kilotonnes,1630.9865,1628.5243,1390.6075,1399.051,1771.0488,3032.5028,4786.9136,3323.5972,4021.4137,1578.3966,1449.5668,1725.3878,1586.2892,2066.6901,1611.7758,1759.6638,1889.9647,1530.0619,2434.3914,2598.9145,2598.9145
Jamaica,On-farm energy use,Emissions (CO2eq) from CH4 (AR5),kilotonnes,10.2301,9.3999,8.6805,8.2791,8.7569,12.8031,18.2323,12.5747,15.7614,6.9467,6.8492,8.1146,7.5329,9.9089,7.9537,8.7073,9.2461,7.3666,11.0283,11.6433,11.6433
Jamaica,On-farm energy use,Emissions (CO2eq) from N2O (AR5),kilotonnes,5.5151,5.7688,13.5509,13.5169,21.2483,24.4255,46.4977,51.75,15.7088,9.3176,8.2813,9.3137,8.6697,9.6843,8.1379,7.6264,6.5444,11.9028,7.3768,7.2246,7.2246
Jamaica,On-farm energy use,Emissions (CO2eq) (AR5),kilotonnes,1646.7318,1643.6929,1412.8389,1420.847,1801.054,3069.7314,4851.6437,3387.9219,4052.8839,1594.6608,1464.6973,1742.8161,1602.4919,2086.2833,1627.8674,1775.9975,1905.7553,1549.3313,2452.7965,2617.7824,2617.7824
Jamaica,Forestland,Emissions (CO2),kilotonnes,154.051,-2695.4567,-2695.4567,-2695.4567,-2695.4567,-2695.4567,-2695.4567,-2695.4567,-2695.4567,-2695.4567,-2695.4567,-40.3727,-40.3727,-40.3727,-40.3727,-40.3727,-98.7709,-98.7709,-98.7709,-98.7709,-98.7709
Jamaica,Forestland,Emissions (CO2eq) (AR5),kilotonnes,154.051,-2695.4567,-2695.4567,-2695.4567,-2695.4567,-2695.4567,-2695.4567,-2695.4567,-2695.4567,-2695.4567,-2695.4567,-40.3727,-40.3727,-40.3727,-40.3727,-40.3727,-98.7709,-98.7709,-98.7709,-98.7709,-98.7709
Jamaica,Net Forest conversion,Emissions (CO2),kilotonnes,19.7929,0,0,0,0,0,0,0,0,0,0,0,0,0,0,0,0,0,0,0,0
Jamaica,Net Forest conversion,Emissions (CO2eq) (AR5),kilotonnes,19.7929,0,0,0,0,0,0,0,0,0,0,0,0,0,0,0,0,0,0,0,0
Jamaica,Savanna fires,Emissions (CH4),kilotonnes,0.0059,0.0021,0.0055,0.0025,0.0006,0.017,0.0089,0.0037,0.0012,0.0056,0.0084,0.0075,0.0073,0.0109,0.0068,0.0131,0.0055,0.001,0.0028,0.0125,0.0054
Jamaica,Savanna fires,Emissions (N2O),kilotonnes,0.0005,0.0002,0.0005,0.0002,0.0001,0.0015,0.0008,0.0003,0.0001,0.0005,0.0008,0.0007,0.0007,0.001,0.0006,0.0012,0.0005,0.0001,0.0003,0.0011,0.0005
Jamaica,Savanna fires,Emissions (CO2eq) from CH4 (AR5),kilotonnes,0.1659,0.0601,0.1532,0.0703,0.0165,0.4747,0.2498,0.1024,0.0345,0.1564,0.2365,0.2106,0.2039,0.3054,0.1893,0.3679,0.1535,0.0276,0.0788,0.3495,0.151
Jamaica,Savanna fires,Emissions (CO2eq) from N2O (AR5),kilotonnes,0.1436,0.0519,0.1324,0.0607,0.0143,0.4102,0.2159,0.0885,0.0298,0.1352,0.2043,0.182,0.1762,0.2639,0.1636,0.3179,0.1327,0.0238,0.0681,0.302,0.1305
Jamaica,Savanna fires,Emissions (CO2eq) (AR5),kilotonnes,0.3095,0.112,0.2857,0.131,0.0308,0.8849,0.4657,0.1909,0.0642,0.2916,0.4408,0.3925,0.3802,0.5692,0.353,0.6859,0.2862,0.0514,0.1469,0.6514,0.2815
Jamaica,Fires in organic soils,Emissions (CH4),kilotonnes,0,0,0,0,0,0,0,0,0,0,0,0,0,0,0,0,0,0,0,0,0
Jamaica,Fires in organic soils,Emissions (CO2),kilotonnes,0,0,0,0,0,0,0,0,0,0,0,0,0,0,0,0,0,0,0,0,0
Jamaica,Fires in organic soils,Emissions (CO2eq) from CH4 (AR5),kilotonnes,0,0,0,0,0,0,0,0,0,0,0,0,0,0,0,0,0,0,0,0,0
Jamaica,Fires in organic soils,Emissions (CO2eq) (AR5),kilotonnes,0,0,0,0,0,0,0,0,0,0,0,0,0,0,0,0,0,0,0,0,0
Jamaica,Forest fires,Emissions (CH4),kilotonnes,0.213,0,0,0,0,0.0399,0,0,0.0027,0,0,0,0,0.0025,0.005,0.0586,0,0,0,0,0
Jamaica,Forest fires,Emissions (N2O),kilotonnes,0.0063,0,0,0,0,0.0036,0,0,0.0002,0,0,0,0,0.0002,0.0005,0.0053,0,0,0,0,0
Jamaica,Forest fires,Emissions (CO2eq) from CH4 (AR5),kilotonnes,5.9652,0,0,0,0,1.1182,0,0,0.0745,0,0,0,0,0.0695,0.1389,1.6401,0,0,0,0,0
Jamaica,Forest fires,Emissions (CO2eq) from N2O (AR5),kilotonnes,1.6605,0,0,0,0,0.9663,0,0,0.0644,0,0,0,0,0.06,0.12,1.4172,0,0,0,0,0
Jamaica,Forest fires,Emissions (CO2eq) (AR5),kilotonnes,7.6257,0,0,0,0,2.0845,0,0,0.139,0,0,0,0,0.1295,0.2589,3.0573,0,0,0,0,0
Jamaica,Fires in humid tropical forests,Emissions (CH4),kilotonnes,0.213,0,0,0,0,0.0399,0,0,0.0027,0,0,0,0,0,0,0.0586,0,0,0,0,0
Jamaica,Fires in humid tropical forests,Emissions (N2O),kilotonnes,0.0063,0,0,0,0,0.0036,0,0,0.0002,0,0,0,0,0,0,0.0053,0,0,0,0,0
Jamaica,Fires in humid tropical forests,Emissions (CO2eq) from CH4 (AR5),kilotonnes,5.9652,0,0,0,0,1.1182,0,0,0.0745,0,0,0,0,0,0,1.6401,0,0,0,0,0
Jamaica,Fires in humid tropical forests,Emissions (CO2eq) from N2O (AR5),kilotonnes,1.6605,0,0,0,0,0.9663,0,0,0.0644,0,0,0,0,0,0,1.4172,0,0,0,0,0
Jamaica,Fires in humid tropical forests,Emissions (CO2eq) (AR5),kilotonnes,7.6257,0,0,0,0,2.0845,0,0,0.139,0,0,0,0,0,0,3.0573,0,0,0,0,0
Jamaica,Waste - agri-food systems,Emissions (CH4),kilotonnes,35.8609,35.8879,35.9326,36.0307,36.025,36.0599,36.1828,36.3057,36.3907,36.4452,36.5604,36.7595,36.905,37.0067,36.973,36.8811,36.9611,37.0708,37.2028,37.2675,37.2552
Jamaica,Waste - agri-food systems,Emissions (N2O),kilotonnes,0.0707,0.073,0.0755,0.0757,0.0782,0.0789,0.0802,0.0832,0.0806,0.0831,0.0864,0.0883,0.0907,0.094,0.0912,0.0937,0.0949,0.099,0.1016,0.1037,0.1058
Jamaica,Waste - agri-food systems,Emissions (CO2),kilotonnes,186.7463,186.9161,187.368,187.1222,187.7412,188.5553,189.0381,189.6112,190.1706,189.167,189.8748,190.5963,190.7982,190.4938,190.2827,190.4507,190.3863,190.7992,191.2912,191.3428,190.2316
Jamaica,Waste - agri-food systems,Emissions (CO2eq) from CH4 (AR5),kilotonnes,1004.1051,1004.8615,1006.1125,1008.8589,1008.7013,1009.6785,1013.1184,1016.5599,1018.9392,1020.4653,1023.6923,1029.2647,1033.3409,1036.1864,1035.2427,1032.6707,1034.9108,1037.9826,1041.6776,1043.4889,1043.1466
Jamaica,Waste - agri-food systems,Emissions (CO2eq) from N2O (AR5),kilotonnes,18.7367,19.3542,19.9978,20.0706,20.7131,20.9086,21.2418,22.0449,21.348,22.0164,22.894,23.4006,24.0285,24.901,24.1606,24.8387,25.1567,26.243,26.919,27.4756,28.0287
Jamaica,Waste - agri-food systems,Emissions (CO2eq) (AR5),kilotonnes,1209.5881,1211.1319,1213.4783,1216.0518,1217.1556,1219.1425,1223.3983,1228.216,1230.4577,1231.6486,1236.461,1243.2616,1248.1675,1251.5813,1249.686,1247.9601,1250.4537,1255.0248,1259.8878,1262.3073,1261.4069
Jamaica,On-farm electricity use,Emissions (CH4),kilotonnes,0.0229,0.023,0.023,0.023,0.0232,0.0231,0.0231,0.0232,0.0233,0.0214,0.0372,0.0324,0.0348,0.036,0.0288,0.0252,0.03,0.0504,0.036,0.0375,0.0375
Jamaica,On-farm electricity use,Emissions (N2O),kilotonnes,0.0001,0.0001,0.0001,0.0001,0.0001,0.0001,0.0001,0.0001,0.0001,0.0001,0.0001,0.0002,0.0002,0.0002,0.0001,0.0001,0.0001,0.0002,0.0002,0.0001,0.0001
Jamaica,On-farm electricity use,Emissions (CO2),kilotonnes,15.819,15.8491,15.8792,15.9093,15.9394,15.9696,15.9997,16.0297,12.5843,11.4124,20.1958,17.8806,18.6405,19.4779,15.5823,13.6345,16.2316,27.2691,19.4779,20.257,20.257
Jamaica,On-farm electricity use,Emissions (CO2eq) from CH4 (AR5),kilotonnes,0.6412,0.644,0.644,0.644,0.6496,0.6468,0.6468,0.6496,0.6524,0.5992,1.0416,0.9072,0.9744,1.008,0.8064,0.7056,0.84,1.4112,1.008,1.05,1.05
Jamaica,On-farm electricity use,Emissions (CO2eq) from N2O (AR5),kilotonnes,0.0265,0.0265,0.0265,0.0265,0.0265,0.0265,0.0265,0.0265,0.0265,0.0265,0.0265,0.053,0.053,0.053,0.0265,0.0265,0.0265,0.053,0.053,0.0265,0.0265
Jamaica,On-farm electricity use,Emissions (CO2eq) (AR5),kilotonnes,16.4867,16.5196,16.5497,16.5798,16.6155,16.6429,16.673,16.7058,13.2632,12.0381,21.2639,18.8408,19.6679,20.5389,16.4152,14.3666,17.0981,28.7333,20.5389,21.3335,21.3335
Jamaica,Food Processing,Emissions (CH4),kilotonnes,0,0,0,0,0,0,0,0,0.0233,0.0214,0.0388,0.0388,0.0368,0.0366,0.036,0.054,0.0552,0.06,0.4677,0.4677,0.4677
Jamaica,Food Processing,Emissions (N2O),kilotonnes,0,0,0,0,0,0,0,0,0.0001,0.0001,0.0002,0.0002,0.0002,0.0002,0.0002,0.0002,0.0003,0.0003,0.0023,0.0023,0.0021
Jamaica,Food Processing,Emissions (CO2),kilotonnes,0,0,0,0,0,0,0,0,12.5843,11.4124,21.0428,21.3904,19.7332,19.8025,19.4779,29.2169,29.8661,32.4632,274.571,274.571,241.6363
Jamaica,Food Processing,Emissions (CO2eq) from CH4 (AR5),kilotonnes,0,0,0,0,0,0,0,0,0.6524,0.5992,1.0864,1.0864,1.0304,1.0248,1.008,1.512,1.5456,1.68,13.0956,13.0956,13.0956
Jamaica,Food Processing,Emissions (CO2eq) from N2O (AR5),kilotonnes,0,0,0,0,0,0,0,0,0.0265,0.0265,0.053,0.053,0.053,0.053,0.053,0.053,0.0795,0.0795,0.6095,0.6095,0.5559
Jamaica,Food Processing,Emissions (CO2eq) (AR5),kilotonnes,0,0,0,0,0,0,0,0,13.2632,12.0381,22.1822,22.5298,20.8166,20.8803,20.5389,30.7819,31.4912,34.2227,288.2761,288.2761,255.2878
Jamaica,Food Packaging,Emissions (CH4),kilotonnes,0.0276,0.0279,0.0282,0.0283,0.0288,0.0285,0.0299,0.0303,0.0445,0.0431,0.0387,0.044,0.0447,0.0482,0.039,0.04,0.0415,0.0435,0.1469,0.0601,0.0601
Jamaica,Food Packaging,Emissions (N2O),kilotonnes,0.0001,0.0001,0.0002,0.0002,0.0002,0.0002,0.0003,0.0003,0.0002,0.0002,0.0002,0.0002,0.0003,0.0003,0.0002,0.0002,0.0002,0.0002,0.0007,0.0003,0.0003
Jamaica,Food Packaging,Emissions (CO2),kilotonnes,23.958,24.6767,23.8142,24.9163,24.6767,24.1975,27.0725,25.1559,32.878,25.0625,24.5523,28.1364,28.8644,45.4592,28.5389,22.2209,30.791,34.7663,85.6755,40.7034,35.821
Jamaica,Food Packaging,Emissions (CO2eq) from CH4 (AR5),kilotonnes,0.7728,0.7812,0.7896,0.7924,0.8064,0.798,0.8372,0.8484,1.246,1.2068,1.0836,1.232,1.2516,1.3496,1.092,1.12,1.162,1.218,4.1132,1.6828,1.6828
Jamaica,Food Packaging,Emissions (CO2eq) from N2O (AR5),kilotonnes,0.0265,0.0265,0.053,0.053,0.053,0.053,0.0795,0.0795,0.053,0.053,0.053,0.053,0.0795,0.0795,0.053,0.053,0.053,0.053,0.1855,0.0795,0.0725
Jamaica,Food Packaging,Emissions (CO2eq) (AR5),kilotonnes,24.7573,25.4844,24.6568,25.7617,25.5361,25.0485,27.9892,26.0838,34.177,26.3223,25.6889,29.4214,30.1955,46.8883,29.6839,23.3939,32.006,36.0373,89.9742,42.4657,37.5764
Jamaica,Food Retail,Emissions (CH4),kilotonnes,0.0001,0.0001,0.0001,0.0003,0.0003,0.0003,0.0003,0.1533,0.2716,0.2502,0.1702,0.1633,0.1533,0.1501,0.1483,0.1502,0.1535,0.1527,0.091,0.1835,0.1835
Jamaica,Food Retail,Emissions (N2O),kilotonnes,0,0,0,0,0,0,0,0.0007,0.0012,0.0013,0.0008,0.0007,0.0008,0.0007,0.0008,0.0008,0.0008,0.0008,0.0006,0.0009,0.0008
Jamaica,Food Retail,Emissions (CO2),kilotonnes,3.4025,3.4025,3.4025,18.1466,19.5967,19.2807,20.9819,125.9544,167.3032,152.781,111.9512,110.6073,103.61,102.2143,106.4618,111.8705,116.9709,131.047,105.864,139.0456,122.3672
Jamaica,Food Retail,Emissions (CO2eq) from F-gases (AR5),kilotonnes,21.819,28.053,34.8065,41.56,49.3525,56.6255,62.8595,69.613,70.652,71.1715,71.691,71.691,71.691,71.691,71.691,71.691,77.925,79.4835,81.5615,83.12,86.9229
Jamaica,Food Retail,Emissions (CO2eq) from CH4 (AR5),kilotonnes,0.0028,0.0028,0.0028,0.0084,0.0084,0.0084,0.0084,4.2924,7.6048,7.0056,4.7656,4.5724,4.2924,4.2028,4.1524,4.2056,4.298,4.2756,2.548,5.138,5.138
Jamaica,Food Retail,Emissions (CO2eq) from N2O (AR5),kilotonnes,0,0,0,0,0,0,0,0.1855,0.318,0.3445,0.212,0.1855,0.212,0.1855,0.212,0.212,0.212,0.212,0.159,0.2385,0.2175
Jamaica,Food Retail,Emissions (CO2eq) (AR5),kilotonnes,25.2243,31.4583,38.2118,59.715,68.9576,75.9146,83.8498,200.0453,245.878,231.3026,188.6198,187.0562,179.8054,178.2936,182.5172,187.9791,199.4059,215.0181,190.1325,227.5421,214.6455
Jamaica,Food Household Consumption,Emissions (CH4),kilotonnes,0.3346,0.3952,0.4118,0.4116,0.4021,0.4072,0.4039,0.4202,0.3285,0.3027,0.4068,0.3865,0.3772,0.3625,0.3606,0.3737,0.3959,0.3922,0.3929,0.3929,0.3929
Jamaica,Food Household Consumption,Emissions (N2O),kilotonnes,0.0018,0.0021,0.0022,0.0022,0.0021,0.0019,0.0019,0.002,0.0015,0.0016,0.0019,0.0018,0.0019,0.0017,0.0017,0.0018,0.0019,0.0019,0.0018,0.0018,0.0016
Jamaica,Food Household Consumption,Emissions (CO2),kilotonnes,315.9559,359.4776,374.4082,353.6715,347.5162,322.984,324.1449,333.64,221.9531,200.927,260.9542,254.9449,245.5652,234.0095,227.2422,237.7632,246.3577,243.1187,226.5748,226.5748,199.3973
Jamaica,Food Household Consumption,Emissions (CO2eq) from CH4 (AR5),kilotonnes,9.3688,11.0656,11.5304,11.5248,11.2588,11.4016,11.3092,11.7656,9.198,8.4756,11.3904,10.822,10.5616,10.15,10.0968,10.4636,11.0852,10.9816,11.0012,11.0012,11.0012
Jamaica,Food Household Consumption,Emissions (CO2eq) from N2O (AR5),kilotonnes,0.477,0.5565,0.583,0.583,0.5565,0.5035,0.5035,0.53,0.3975,0.424,0.5035,0.477,0.5035,0.4505,0.4505,0.477,0.5035,0.5035,0.477,0.477,0.435
Jamaica,Food Household Consumption,Emissions (CO2eq) (AR5),kilotonnes,325.8017,371.0997,386.5216,365.7793,359.3315,334.8891,335.9576,345.9356,231.5486,209.8266,272.8481,266.2439,256.6303,244.61,237.7895,248.7038,257.9464,254.6038,238.053,238.053,210.8335
Jamaica,Food Transport,Emissions (CH4),kilotonnes,0.0506,0.0486,0.0545,0.0532,0.0537,0.0559,0.0542,0.0518,0.0512,0.0499,0.0466,0.0459,0.0395,0.0399,0.0408,0.0407,0.0493,0.0484,0.0583,0.0544,0.0544
Jamaica,Food Transport,Emissions (N2O),kilotonnes,0.0049,0.0047,0.0052,0.0052,0.0053,0.0055,0.0053,0.0051,0.005,0.0049,0.0046,0.0046,0.0039,0.004,0.0042,0.0041,0.0047,0.0049,0.0059,0.0052,0.0047
Jamaica,Food Transport,Emissions (CO2),kilotonnes,212.3158,206.8158,226.6157,226.6157,232.1157,242.0157,235.4,226.6,223.3,218.9,204.6,202.4,171.6,182.6,191.4,187,205.9233,220.3472,265.5186,240.3664,211.5346
Jamaica,Food Transport,Emissions (CO2eq) from CH4 (AR5),kilotonnes,1.4168,1.3608,1.526,1.4896,1.5036,1.5652,1.5176,1.4504,1.4336,1.3972,1.3048,1.2852,1.106,1.1172,1.1424,1.1396,1.3804,1.3552,1.6324,1.5232,1.5232
Jamaica,Food Transport,Emissions (CO2eq) from N2O (AR5),kilotonnes,1.2985,1.2455,1.378,1.378,1.4045,1.4575,1.4045,1.3515,1.325,1.2985,1.219,1.219,1.0335,1.06,1.113,1.0865,1.2455,1.2985,1.5635,1.378,1.2568
Jamaica,Food Transport,Emissions (CO2eq) (AR5),kilotonnes,215.0311,209.4221,229.5197,229.4833,235.0238,245.0384,238.3221,229.4019,226.0586,221.5957,207.1238,204.9042,173.7395,184.7772,193.6554,189.2261,208.5492,223.0009,268.7145,243.2676,214.3146
Jamaica,Energy,Emissions (CH4),kilotonnes,5.59,5.64,5.7,5.73,5.82,5.77,6.05,6.14,6.11,6.09,5.26,5.77,5.71,5.89,5.78,5.85,5.95,5.9,6.04,5.87,5.87
Jamaica,Energy,Emissions (N2O),kilotonnes,0.151,0.149,0.183,0.184,0.218,0.219,0.302,0.331,0.202,0.192,0.17,0.166,0.181,0.145,0.141,0.137,0.139,0.135,0.154,0.108,0.0985
Jamaica,Energy,Emissions (CO2),kilotonnes,10000,10300,9940,10400,10300,10100,11300,10500,10500,7550,7360,7930,7580,8130,7270,7520,7750,7440,7670,7920,6970
Jamaica,Energy,Emissions (CO2eq) from CH4 (AR5),kilotonnes,156.52,157.92,159.6,160.44,162.96,161.56,169.4,171.92,171.08,170.52,147.28,161.56,159.88,164.92,161.84,163.8,166.6,165.2,169.12,164.36,164.36
Jamaica,Energy,Emissions (CO2eq) from N2O (AR5),kilotonnes,40.015,39.485,48.495,48.76,57.77,58.035,80.03,87.715,53.53,50.88,45.05,43.99,47.965,38.425,37.365,36.305,36.835,35.775,40.81,28.62,26.1025
Jamaica,Energy,Emissions (CO2eq) (AR5),kilotonnes,10196.535,10497.405,10148.095,10609.2,10520.73,10319.595,11549.43,10759.635,10724.61,7771.4,7552.33,8135.55,7787.845,8333.345,7469.205,7720.105,7953.435,7640.975,7879.93,8112.98,7160.4625
Jamaica,IPPU,Emissions (CH4),kilotonnes,0,0,0,0,0,0,0,0,0,0,0,0,0,0,0,0,0,0,0,0,0
Jamaica,IPPU,Emissions (N2O),kilotonnes,0,0,0,0,0,0,0,0,0,0,0,0,0,0,0,0,0,0,0,0,0
Jamaica,IPPU,Emissions (CO2),kilotonnes,301,292,303,339,341,308,341,297,327,413,354,354,364,387,437,442,420,384,343,358,404
Jamaica,IPPU,Emissions (CO2eq) from F-gases (AR5),kilotonnes,19.5323,25.46,32.1651,39.9391,47.616,56.2646,64.0386,71.5211,79.1008,86.6805,94.2602,92.8026,91.2478,108.8365,114.667,121.4693,128.2716,135.0739,141.8762,148.6785,155.4807
Jamaica,IPPU,Emissions (CO2eq) from CH4 (AR5),kilotonnes,0,0,0,0,0,0,0,0,0,0,0,0,0,0,0,0,0,0,0,0,0
Jamaica,IPPU,Emissions (CO2eq) from N2O (AR5),kilotonnes,0.0077,0.0078,0.0078,0.0079,0.008,0.008,0.0081,0.0081,0.0081,0.0082,0.0082,0.0082,0.0083,0.0083,0.0083,0.0084,0.0084,0.0084,0.0085,0.0085,0.0086
Jamaica,IPPU,Emissions (CO2eq) (AR5),kilotonnes,320.54,317.4678,335.1729,378.947,388.6239,364.2726,405.0467,368.5292,406.109,499.6887,448.2684,446.8108,455.256,495.8448,551.6754,563.4777,548.28,519.0823,484.8846,506.687,559.4893
Jamaica,Waste,Emissions (CH4),kilotonnes,17.2,17.3,17.5,17.6,17.9,17.9,18.1,18.2,18.3,18.2,18.4,18.5,18.5,18.7,18.8,18.9,18.9,19,19.1,19.2,19.3
Jamaica,Waste,Emissions (N2O),kilotonnes,0.121,0.122,0.122,0.125,0.128,0.13,0.133,0.136,0.137,0.137,0.136,0.136,0.137,0.137,0.135,0.133,0.13,0.131,0.131,0.134,0.134
Jamaica,Waste,Emissions (CO2),kilotonnes,0,0,0,0,0,0,45,44,49,44,39,38.2,38,52.6,56.7,60.8,64.9,69,73,77.1,81.2
Jamaica,Waste,Emissions (CO2eq) from CH4 (AR5),kilotonnes,481.6,484.4,490,492.8,501.2,501.2,506.8,509.6,512.4,509.6,515.2,518,518,523.6,526.4,529.2,529.2,532,534.8,537.6,540.4
Jamaica,Waste,Emissions (CO2eq) from N2O (AR5),kilotonnes,32.065,32.33,32.33,33.125,33.92,34.45,35.245,36.04,36.305,36.305,36.04,36.04,36.305,36.305,35.775,35.245,34.45,34.715,34.715,35.51,35.51
Jamaica,Waste,Emissions (CO2eq) (AR5),kilotonnes,513.665,516.73,522.33,525.925,535.12,535.65,587.045,589.64,597.705,589.905,590.24,592.24,592.305,612.505,618.875,625.245,628.55,635.715,642.515,650.21,657.11
Jamaica,Other,Emissions (N2O),kilotonnes,0.499,0.498,0.499,0.516,0.446,0.438,0.439,0.431,0.363,0.329,0.304,0.313,0.302,0.317,0.32,0.318,0.33,0.314,0.374,0.287,0.279
Jamaica,Other,Emissions (CO2eq) from N2O (AR5),kilotonnes,132.235,131.97,132.235,136.74,118.19,116.07,116.335,114.215,96.195,87.185,80.56,82.945,80.03,84.005,84.8,84.27,87.45,83.21,99.11,76.055,73.935
Jamaica,Other,Emissions (CO2eq) (AR5),kilotonnes,132.235,131.97,132.235,136.74,118.19,116.07,116.335,114.215,96.195,87.185,80.56,82.945,80.03,84.005,84.8,84.27,87.45,83.21,99.11,76.055,73.935
Jamaica,Farm-gate emissions,Emissions (CH4),kilotonnes,27.0614,27.0084,26.8785,28.5684,26.0237,24.9809,16.4183,14.7416,14.5973,13.8148,13.9367,14.0257,14.2537,14.2381,14.0593,13.5747,13.6633,13.5804,13.7658,13.8294,13.8639
Jamaica,Farm-gate emissions,Direct emissions (N2O),kilotonnes,0.9148,0.9035,0.8927,0.9545,0.9072,0.8429,0.6231,0.58,0.5854,0.5747,0.5762,0.5745,0.6138,0.5871,0.5852,0.542,0.5517,0.5679,0.5689,0.588,0.5773
Jamaica,Farm-gate emissions,Indirect emissions (N2O),kilotonnes,0.2574,0.2531,0.2487,0.265,0.256,0.2402,0.1881,0.1769,0.1815,0.1791,0.1792,0.179,0.1919,0.1837,0.1834,0.1705,0.1737,0.1786,0.1793,0.1856,0.1824
Jamaica,Farm-gate emissions,Emissions (N2O),kilotonnes,1.3114,1.2986,1.3044,1.3866,1.3669,1.3189,1.1196,1.0753,0.9592,0.9214,0.9128,0.9147,0.9685,0.939,0.931,0.8734,0.8817,0.9234,0.9086,0.931,0.9168
Jamaica,Farm-gate emissions,Emissions (CO2),kilotonnes,1873.3092,1870.847,1632.9301,1641.6098,2013.6076,3275.0617,5035.7272,3572.4108,4270.2273,1828.8546,1702.5379,1978.359,1846.9151,2327.316,1872.4017,2020.2897,2151.7367,1791.8339,2697.5297,2842.0091,2842.0091
Jamaica,Farm-gate emissions,Emissions (CO2eq) from CH4 (AR5),kilotonnes,757.7203,756.2341,752.5983,799.9152,728.6627,699.4655,459.7119,412.7634,408.7243,386.8137,390.2277,392.7198,399.1036,398.6674,393.6615,380.0907,382.5728,380.2524,385.4412,387.2236,388.1893
Jamaica,Farm-gate emissions,Emissions (CO2eq) from N2O (AR5),kilotonnes,347.5286,344.1269,345.6672,367.4508,362.2327,349.4998,296.7014,284.9675,254.2003,244.1804,241.8853,242.4061,256.65,248.8395,246.7211,231.4631,233.6523,244.6998,240.7678,246.7112,242.9639
Jamaica,Farm-gate emissions,Emissions (CO2eq) (AR5),kilotonnes,2978.558,2971.208,2731.1956,2808.9759,3104.503,4324.027,5792.1405,4270.1417,4933.1519,2459.8486,2334.651,2613.4849,2502.6687,2974.823,2512.7843,2631.8436,2767.9618,2416.7861,3323.7387,3475.9439,3473.1624
Jamaica,Land Use change,Emissions (CH4),kilotonnes,0.213,0,0,0,0,0.0399,0,0,0.0027,0,0,0,0,0,0,0.0586,0,0,0,0,0
Jamaica,Land Use change,Emissions (N2O),kilotonnes,0.0063,0,0,0,0,0.0036,0,0,0.0002,0,0,0,0,0,0,0.0053,0,0,0,0,0
Jamaica,Land Use change,Emissions (CO2),kilotonnes,19.7929,0,0,0,0,0,0,0,0,0,0,0,0,0,0,0,0,0,0,0,0
Jamaica,Land Use change,Emissions (CO2eq) from CH4 (AR5),kilotonnes,5.9652,0,0,0,0,1.1182,0,0,0.0745,0,0,0,0,0,0,1.6401,0,0,0,0,0
Jamaica,Land Use change,Emissions (CO2eq) from N2O (AR5),kilotonnes,1.6605,0,0,0,0,0.9663,0,0,0.0644,0,0,0,0,0,0,1.4172,0,0,0,0,0
Jamaica,Land Use change,Emissions (CO2eq) (AR5),kilotonnes,27.4186,0,0,0,0,2.0845,0,0,0.139,0,0,0,0,0,0,3.0573,0,0,0,0,0
Jamaica,Emissions on agricultural land,Emissions (CH4),kilotonnes,27.2745,27.0084,26.8785,28.5684,26.0237,25.0208,16.4183,14.7416,14.6,13.8148,13.9367,14.0257,14.2537,14.2381,14.0593,13.6332,13.6633,13.5804,13.7658,13.8294,13.8639
Jamaica,Emissions on agricultural land,Emissions (N2O),kilotonnes,1.3177,1.2986,1.3044,1.3866,1.3669,1.3225,1.1196,1.0753,0.9595,0.9214,0.9128,0.9147,0.9685,0.939,0.931,0.8788,0.8817,0.9234,0.9086,0.931,0.9168
Jamaica,Emissions on agricultural land,Emissions (CO2),kilotonnes,1893.1021,1870.847,1632.9301,1641.6098,2013.6076,3275.0617,5035.7272,3572.4108,4270.2273,1828.8546,1702.5379,1978.359,1846.9151,2327.316,1872.4017,2020.2897,2151.7367,1791.8339,2697.5297,2842.0091,2842.0091
Jamaica,Emissions on agricultural land,Emissions (CO2eq) from CH4 (AR5),kilotonnes,763.6855,756.2341,752.5983,799.9152,728.6627,700.5838,459.7119,412.7634,408.7989,386.8137,390.2277,392.7198,399.1036,398.6674,393.6615,381.7308,382.5728,380.2524,385.4412,387.2236,388.1893
Jamaica,Emissions on agricultural land,Emissions (CO2eq) from N2O (AR5),kilotonnes,349.189,344.1269,345.6672,367.4508,362.2327,350.4661,296.7014,284.9675,254.2647,244.1804,241.8853,242.4061,256.65,248.8395,246.7211,232.8804,233.6523,244.6998,240.7678,246.7112,242.9639
Jamaica,Emissions on agricultural land,Emissions (CO2eq) (AR5),kilotonnes,3005.9766,2971.208,2731.1956,2808.9759,3104.503,4326.1115,5792.1405,4270.1417,4933.2909,2459.8486,2334.651,2613.4849,2502.6687,2974.823,2512.7843,2634.9009,2767.9618,2416.7861,3323.7387,3475.9439,3473.1624
Jamaica,Pre- and post- production,Emissions (CH4),kilotonnes,36.2967,36.3827,36.4502,36.5471,36.5331,36.5749,36.6942,36.9845,37.1331,37.1339,37.2987,37.4704,37.5913,37.68,37.6265,37.5649,37.6865,37.818,38.3956,38.4636,38.4513
Jamaica,Pre- and post- production,Emissions (N2O),kilotonnes,0.0776,0.08,0.0832,0.0834,0.0859,0.0866,0.0878,0.0914,0.0887,0.0913,0.0942,0.096,0.098,0.1011,0.0984,0.1009,0.1029,0.1073,0.1131,0.1143,0.1154
Jamaica,Pre- and post- production,Emissions (CO2),kilotonnes,758.1975,797.1378,831.4878,826.3816,827.5859,813.0028,812.6371,916.9912,860.7735,809.6623,833.1711,825.9559,778.8115,794.0572,778.9858,792.1567,836.5269,879.8107,1168.973,1132.861,1021.245
Jamaica,Pre- and post- production,Emissions (CO2eq) from F-gases (AR5),kilotonnes,21.819,28.053,34.8065,41.56,49.3525,56.6255,62.8595,69.613,70.652,71.1715,71.691,71.691,71.691,71.691,71.691,71.691,77.925,79.4835,81.5615,83.12,86.9229
Jamaica,Pre- and post- production,Emissions (CO2eq) from CH4 (AR5),kilotonnes,1016.3075,1018.7159,1020.6053,1023.3181,1022.9281,1024.0985,1027.4376,1035.5663,1039.7264,1039.7489,1044.3647,1049.1699,1052.5573,1055.0388,1053.5407,1051.8171,1055.222,1058.9042,1075.076,1076.9797,1076.6374
Jamaica,Pre- and post- production,Emissions (CO2eq) from N2O (AR5),kilotonnes,20.5652,21.2092,22.0383,22.1111,22.7536,22.9491,23.2558,24.2179,23.4945,24.1894,24.961,25.4411,25.963,26.7825,26.0686,26.7467,27.2767,28.4425,29.9665,30.2846,30.593
Jamaica,Pre- and post- production,Emissions (CO2eq) (AR5),kilotonnes,1816.8892,1865.116,1908.9379,1913.3709,1922.6201,1916.676,1926.19,2046.3884,1994.6463,1944.772,1974.1877,1972.2579,1929.0227,1947.5696,1930.2861,1942.4115,1996.9505,2046.6409,2355.577,2323.2453,2215.3982
Jamaica,Agri-food systems,Emissions (CH4),kilotonnes,63.5712,63.3911,63.3287,65.1155,62.5568,61.5958,53.1125,51.7261,51.733,50.9487,51.2354,51.4961,51.845,51.9181,51.6858,51.1981,51.3498,51.3985,52.1613,52.293,52.3152
Jamaica,Agri-food systems,Emissions (N2O),kilotonnes,1.3953,1.3786,1.3876,1.47,1.4528,1.4091,1.2074,1.1667,1.0481,1.0127,1.007,1.0107,1.0665,1.0401,1.0294,0.9797,0.9846,1.0307,1.0216,1.0453,1.0323
Jamaica,Agri-food systems,Emissions (CO2),kilotonnes,2651.2996,2667.9848,2464.4179,2467.9914,2841.1935,4088.0645,5848.3643,4489.402,5131.0008,2638.5169,2535.709,2804.3148,2625.7266,3121.3733,2651.3875,2812.4465,2988.2636,2671.6446,3866.5027,3974.8701,3863.2541
Jamaica,Agri-food systems,Emissions (CO2eq) from F-gases (AR5),kilotonnes,21.819,28.053,34.8065,41.56,49.3525,56.6255,62.8595,69.613,70.652,71.1715,71.691,71.691,71.691,71.691,71.691,71.691,77.925,79.4835,81.5615,83.12,86.9229
Jamaica,Agri-food systems,Emissions (CO2eq) from CH4 (AR5),kilotonnes,1779.993,1774.9501,1773.2036,1823.2334,1751.5908,1724.6823,1487.1495,1448.3297,1448.5253,1426.5626,1434.5924,1441.8897,1451.6609,1453.7063,1447.2022,1433.5479,1437.7947,1439.1566,1460.5172,1464.2033,1464.8267
Jamaica,Agri-food systems,Emissions (CO2eq) from N2O (AR5),kilotonnes,369.7542,365.3361,367.7055,389.562,384.9863,373.4152,319.9572,309.1854,277.7592,268.3697,266.8463,267.8472,282.6129,275.622,272.7898,259.627,260.929,273.1423,270.7343,276.9958,273.5569
Jamaica,Agri-food systems,Emissions (CO2eq) (AR5),kilotonnes,4822.8658,4836.324,4640.1335,4722.3468,5027.1231,6242.7875,7718.3305,6316.5301,6927.9373,4404.6206,4308.8387,4585.7428,4431.6914,4922.3926,4443.0704,4577.3124,4764.9124,4463.427,5679.3157,5799.1892,5688.5606
Jamaica,IPCC Agriculture,Emissions (CH4),kilotonnes,26.6961,26.6727,26.5685,28.2727,25.7109,24.5237,15.7671,14.2925,14.0344,13.5667,13.6921,13.7359,13.9847,13.8842,13.7753,13.2637,13.3331,13.3173,13.3719,13.4136,13.4481
Jamaica,IPCC Agriculture,Emissions (CH4),kilotonnes,,,,,,,12.87,13.7,13.67,13.1,12.62,,12.87,,,,,,,,
Jamaica,IPCC Agriculture,Direct emissions (N2O),kilotonnes,0.9148,0.9035,0.8927,0.9545,0.9072,0.8429,0.6231,0.58,0.5854,0.5747,0.5762,0.5745,0.6138,0.5871,0.5852,0.542,0.5517,0.5679,0.5689,0.588,0.5773
Jamaica,IPCC Agriculture,Indirect emissions (N2O),kilotonnes,0.2574,0.2531,0.2487,0.265,0.256,0.2402,0.1881,0.1769,0.1815,0.1791,0.1792,0.179,0.1919,0.1837,0.1834,0.1705,0.1737,0.1786,0.1793,0.1856,0.1824
Jamaica,IPCC Agriculture,Emissions (N2O),kilotonnes,1.2906,1.2768,1.2533,1.3356,1.2867,1.2267,0.9442,0.8801,0.9,0.8863,0.8815,0.8796,0.9358,0.9025,0.9003,0.8447,0.857,0.8785,0.8807,0.9037,0.8896
Jamaica,IPCC Agriculture,Emissions (N2O),kilotonnes,,,,,,,12.04,15.65,21.74,21.07,21.04,,20.88,,,,,,,,
Jamaica,IPCC Agriculture,Emissions (CO2eq) from CH4 (AR5),kilotonnes,747.4901,746.8342,743.9178,791.6361,719.9058,686.6624,441.4796,400.1887,392.963,379.867,383.3785,384.6052,391.5707,388.7585,385.7078,371.3835,373.3267,372.8858,374.4128,375.5803,376.5461
Jamaica,IPCC Agriculture,Emissions (CO2eq) from CH4 (AR5),kilotonnes,,,,,,,360.36,383.6,382.76,366.8,353.36,,360.36,,,,,,,,
Jamaica,IPCC Agriculture,Emissions (CO2eq) from N2O (AR5),kilotonnes,342.0134,338.3581,332.1164,353.934,340.9844,325.0743,250.2036,233.2175,238.4915,234.8628,233.604,233.0924,247.9802,239.1553,238.5832,223.8367,227.1078,232.797,233.391,239.4866,235.7393
Jamaica,IPCC Agriculture,Emissions (CO2eq) from N2O (AR5),kilotonnes,,,,,,,3190.6,4147.25,5761.1,5583.55,5575.6,,5533.2,,,,,,,,
Jamaica,IPCC Agriculture,Emissions (CO2eq) (AR5),kilotonnes,1089.5035,1085.1924,1076.0341,1145.5701,1060.8902,1011.7367,691.6833,633.4062,631.4545,614.7298,616.9825,617.6976,639.5509,627.9138,624.291,595.2202,600.4346,605.6828,607.8039,615.0669,612.2854
Jamaica,IPCC Agriculture,Emissions (CO2eq) (AR5),kilotonnes,,,,,,,3550.96,4530.85,6143.86,5950.35,5928.96,,5893.56,,,,,,,,
Jamaica,Agricultural Soils,Direct emissions (N2O),kilotonnes,0.9148,0.9035,0.8927,0.9545,0.9072,0.8429,0.6231,0.58,0.5854,0.5747,0.5762,0.5745,0.6138,0.5871,0.5852,0.542,0.5517,0.5679,0.5689,0.588,0.5773
Jamaica,Agricultural Soils,Indirect emissions (N2O),kilotonnes,0.2574,0.2531,0.2487,0.265,0.256,0.2402,0.1881,0.1769,0.1815,0.1791,0.1792,0.179,0.1919,0.1837,0.1834,0.1705,0.1737,0.1786,0.1793,0.1856,0.1824
Jamaica,Agricultural Soils,Emissions (N2O),kilotonnes,1.2145,1.1989,1.1837,1.2618,1.2054,1.1254,0.8544,0.8001,0.81,0.7972,0.7993,0.7974,0.851,0.8161,0.8139,0.7578,0.771,0.792,0.794,0.8159,0.8019
Jamaica,Agricultural Soils,Emissions (N2O),kilotonnes,,,,,,,4.19,5.24,6.95,6.7,6.69,,6.68,,,,,,,,
Jamaica,Agricultural Soils,Emissions (CO2eq) from N2O (AR5),kilotonnes,321.8299,317.708,313.6817,334.3722,319.433,298.2284,226.4206,212.0346,214.6627,211.263,211.8201,211.3049,225.5254,216.2716,215.6771,200.804,204.3176,209.8921,210.4062,216.2072,212.5151
Jamaica,Agricultural Soils,Emissions (CO2eq) from N2O (AR5),kilotonnes,,,,,,,1110.35,1388.6,1841.75,1775.5,1772.85,,1770.2,,,,,,,,
Jamaica,Agricultural Soils,Emissions (CO2eq) (AR5),kilotonnes,321.8299,317.708,313.6817,334.3722,319.433,298.2284,226.4206,212.0346,214.6627,211.263,211.8201,211.3049,225.5254,216.2716,215.6771,200.804,204.3176,209.8921,210.4062,216.2072,212.5151
Jamaica,Agricultural Soils,Emissions (CO2eq) (AR5),kilotonnes,,,,,,,1110.35,1388.6,1841.75,1775.5,1772.85,,1770.2,,,,,,,,
Jamaica,LULUCF,Emissions (CH4),kilotonnes,0.213,0,0,0,0,0.0399,0,0,0.0027,0,0,0,0,0.0025,0.005,0.0586,0,0,0,0,0
Jamaica,LULUCF,Emissions (N2O),kilotonnes,0.0063,0,0,0,0,0.0036,0,0,0.0002,0,0,0,0,0.0002,0.0005,0.0053,0,0,0,0,0
Jamaica,LULUCF,Emissions (CO2),kilotonnes,416.1665,-2453.134,-2453.134,-2452.8979,-2452.8979,-2452.8979,-2446.6431,-2446.6431,-2446.6431,-2444.9987,-2442.4855,212.5984,220.2532,220.2532,220.2532,220.2532,163.0011,163.0011,164.3674,144.3237,144.3237
Jamaica,LULUCF,Emissions (CO2),kilotonnes,,,,,,,-1686,-1638,-1632,-1622,-1618,,-1626,,,,,,,,
Jamaica,LULUCF,Emissions (CO2eq) from CH4 (AR5),kilotonnes,5.9652,0,0,0,0,1.1182,0,0,0.0745,0,0,0,0,0.0695,0.1389,1.6401,0,0,0,0,0
Jamaica,LULUCF,Emissions (CO2eq) from N2O (AR5),kilotonnes,1.6605,0,0,0,0,0.9663,0,0,0.0644,0,0,0,0,0.06,0.12,1.4172,0,0,0,0,0
Jamaica,LULUCF,Emissions (CO2eq) (AR5),kilotonnes,423.7922,-2453.134,-2453.134,-2452.8979,-2452.8979,-2450.8133,-2446.6431,-2446.6431,-2446.5041,-2444.9987,-2442.4855,212.5984,220.2532,220.3827,220.5121,223.3105,163.0011,163.0011,164.3674,144.3237,144.3237
Jamaica,LULUCF,Emissions (CO2eq) (AR5),kilotonnes,,,,,,,-1686,-1638,-1632,-1622,-1618,,-1626,,,,,,,,
Jamaica,AFOLU,Emissions (CH4),kilotonnes,26.9091,26.6727,26.5685,28.2727,25.7109,24.5636,15.7671,14.2925,14.0371,13.5667,13.6921,13.7359,13.9847,13.8867,13.7802,13.3223,13.3331,13.3173,13.3719,13.4136,13.4481
Jamaica,AFOLU,Emissions (N2O),kilotonnes,1.2969,1.2768,1.2533,1.3356,1.2867,1.2303,0.9442,0.8801,0.9002,0.8863,0.8815,0.8796,0.9358,0.9027,0.9008,0.85,0.857,0.8785,0.8807,0.9037,0.8896
Jamaica,AFOLU,Emissions (CO2),kilotonnes,416.1665,-2453.134,-2453.134,-2452.8979,-2452.8979,-2452.8979,-2446.6431,-2446.6431,-2446.6431,-2444.9987,-2442.4855,212.5984,220.2532,220.2532,220.2532,220.2532,163.0011,163.0011,164.3674,144.3237,144.3237
Jamaica,AFOLU,Emissions (CO2eq) from CH4 (AR5),kilotonnes,753.4553,746.8342,743.9178,791.6361,719.9058,687.7806,441.4796,400.1887,393.0375,379.867,383.3785,384.6052,391.5707,388.828,385.8467,373.0235,373.3267,372.8858,374.4128,375.5803,376.5461
Jamaica,AFOLU,Emissions (CO2eq) from N2O (AR5),kilotonnes,343.6739,338.3581,332.1164,353.934,340.9844,326.0406,250.2036,233.2175,238.5559,234.8628,233.604,233.0924,247.9802,239.2153,238.7033,225.2539,227.1078,232.797,233.391,239.4866,235.7393
Jamaica,AFOLU,Emissions (CO2eq) (AR5),kilotonnes,1513.2958,-1367.9416,-1377.0999,-1307.3277,-1392.0077,-1439.0766,-1754.9598,-1813.2369,-1815.0496,-1830.2688,-1825.503,830.2961,859.8041,848.2964,844.8031,818.5307,763.4356,768.6839,772.1713,759.3906,756.6091
Jamaica,All sectors with LULUCF,Emissions (CH4),kilotonnes,49.6991,49.6127,49.7685,51.6027,49.4309,48.2336,39.9171,38.6325,38.4471,37.8567,37.3521,38.0059,38.1947,38.4767,38.3602,38.0723,38.1831,38.2173,38.5119,38.4836,38.6181
Jamaica,All sectors with LULUCF,Emissions (N2O),kilotonnes,2.0679,2.0459,2.0573,2.1606,2.0788,2.0174,1.8182,1.7781,1.6022,1.5443,1.4916,1.4946,1.5558,1.5017,1.4968,1.438,1.456,1.4585,1.5398,1.4328,1.4011
Jamaica,All sectors with LULUCF,Emissions (CO2),kilotonnes,10717.1665,8138.866,7789.866,8286.1021,8188.1021,7955.1021,9239.3569,8394.3569,8429.3569,5562.0013,5310.5145,8534.7984,8202.2532,8789.8532,7983.9532,8243.0532,8397.9011,8056.0011,8250.3674,8499.4237,7599.5237
Jamaica,All sectors with LULUCF,Emissions (CO2eq) from F-gases (AR5),kilotonnes,19.5323,25.46,32.1651,39.9391,47.616,56.2646,64.0386,71.5211,79.1008,86.6805,94.2602,92.8026,91.2478,108.8365,114.667,121.4693,128.2716,135.0739,141.8762,148.6785,155.4807
Jamaica,All sectors with LULUCF,Emissions (CO2eq) from CH4 (AR5),kilotonnes,1391.5753,1389.1542,1393.5178,1444.8761,1384.0658,1350.5406,1117.6796,1081.7087,1076.5175,1059.987,1045.8585,1064.1652,1069.4507,1077.348,1074.0867,1066.0235,1069.1267,1070.0858,1078.3328,1077.5403,1081.3061
Jamaica,All sectors with LULUCF,Emissions (CO2eq) from N2O (AR5),kilotonnes,547.9966,542.1509,545.1842,572.5669,550.8723,534.6036,481.8217,471.1956,424.5941,409.241,395.2623,396.0757,412.2885,397.9586,396.6516,381.0823,385.8512,386.5055,408.0345,379.6801,371.2954
Jamaica,All sectors with LULUCF,Emissions (CO2eq) (AR5),kilotonnes,12676.2708,10095.6311,9760.733,10343.4843,10170.6563,9896.511,10902.8969,10018.7823,10009.5693,7117.9098,6845.8954,10087.8419,9775.2402,10373.9963,9569.3585,9811.6284,9981.1506,9647.6662,9878.6109,10105.3225,9207.6059
Jamaica,All sectors without LULUCF,Emissions (CH4),kilotonnes,49.4861,49.6127,49.7685,51.6027,49.4309,48.1937,39.9171,38.6325,38.4444,37.8567,37.3521,38.0059,38.1947,38.4742,38.3553,38.0137,38.1831,38.2173,38.5119,38.4836,38.6181
Jamaica,All sectors without LULUCF,Emissions (N2O),kilotonnes,2.0616,2.0459,2.0573,2.1606,2.0788,2.0137,1.8182,1.7781,1.602,1.5443,1.4916,1.4946,1.5558,1.5015,1.4963,1.4327,1.456,1.4585,1.5398,1.4328,1.4011
Jamaica,All sectors without LULUCF,Emissions (CO2),kilotonnes,10301,10592,10243,10739,10641,10408,11686,10841,10876,8007,7753,8322.2,7982,8569.6,7763.7,8022.8,8234.9,7893,8086,8355.1,7455.2
Jamaica,All sectors without LULUCF,Emissions (CO2eq) from F-gases (AR5),kilotonnes,19.5323,25.46,32.1651,39.9391,47.616,56.2646,64.0386,71.5211,79.1008,86.6805,94.2602,92.8026,91.2478,108.8365,114.667,121.4693,128.2716,135.0739,141.8762,148.6785,155.4807
Jamaica,All sectors without LULUCF,Emissions (CO2eq) from CH4 (AR5),kilotonnes,1385.6101,1389.1542,1393.5178,1444.8761,1384.0658,1349.4224,1117.6796,1081.7087,1076.443,1059.987,1045.8585,1064.1652,1069.4507,1077.2785,1073.9478,1064.3835,1069.1267,1070.0858,1078.3328,1077.5403,1081.3061
Jamaica,All sectors without LULUCF,Emissions (CO2eq) from N2O (AR5),kilotonnes,546.3362,542.1509,545.1842,572.5669,550.8723,533.6373,481.8217,471.1956,424.5297,409.241,395.2623,396.0757,412.2885,397.8986,396.5316,379.6651,385.8512,386.5055,408.0345,379.6801,371.2954
Jamaica,All sectors without LULUCF,Emissions (CO2eq) (AR5),kilotonnes,12252.4785,12548.7651,12213.867,12796.3821,12623.5541,12347.3243,13349.54,12465.4254,12456.0735,9562.9085,9288.3809,9875.2434,9554.987,10153.6136,9348.8464,9588.3179,9818.1496,9484.6651,9714.2435,9960.9988,9063.2822
Japan,Crop Residues,Direct emissions (N2O),kilotonnes,2.3009,2.2296,2.2251,2.0438,2.187,2.2447,2.1498,2.188,2.1942,2.084,2.0751,2.1013,2.1746,2.1795,2.1871,2.1727,2.1218,2.1304,2.0455,2.0977,1.9754
Japan,Crop Residues,Direct emissions (N2O),kilotonnes,2.4996,2.4423,2.4386,2.2907,2.3626,2.3024,2.192,2.2086,2.1751,2.0342,1.9774,1.9654,2.0056,2.0049,1.9553,1.9337,1.8507,1.8415,1.8278,1.8672,1.8289
Japan,Crop Residues,Indirect emissions (N2O),kilotonnes,0.5177,0.5016,0.5006,0.4599,0.4921,0.505,0.4837,0.4923,0.4937,0.4689,0.4669,0.4728,0.4893,0.4904,0.4921,0.4889,0.4774,0.4793,0.4602,0.472,0.4445
Japan,Crop Residues,Emissions (N2O),kilotonnes,2.8186,2.7312,2.7257,2.5036,2.6791,2.7497,2.6336,2.6803,2.688,2.5529,2.542,2.5741,2.6639,2.6699,2.6793,2.6615,2.5991,2.6097,2.5058,2.5697,2.4199
Japan,Crop Residues,Emissions (N2O),kilotonnes,2.4996,2.4423,2.4386,2.2907,2.3626,2.3024,2.192,2.2086,2.1751,2.0342,1.9774,1.9654,2.0056,2.0049,1.9553,1.9337,1.8507,1.8415,1.8278,1.8672,1.8289
Japan,Crop Residues,Emissions (CO2eq) from N2O (AR5),kilotonnes,746.93,723.7677,722.3177,663.466,709.9683,728.6698,697.8943,710.2717,712.3077,676.5172,673.6305,682.1494,705.9218,707.5291,710.0016,705.3043,688.7746,691.5795,664.0262,680.9674,641.2642
Japan,Crop Residues,Emissions (CO2eq) from N2O (AR5),kilotonnes,662.384,647.2017,646.2306,607.0236,626.0952,610.1363,580.8895,585.2705,576.407,539.065,524.0135,520.8349,531.4898,531.3014,518.1424,512.4266,490.4396,488.0088,484.3799,494.8202,484.6655
Japan,Crop Residues,Emissions (CO2eq) (AR5),kilotonnes,746.93,723.7677,722.3177,663.466,709.9683,728.6698,697.8943,710.2717,712.3077,676.5172,673.6305,682.1494,705.9218,707.5291,710.0016,705.3043,688.7746,691.5795,664.0262,680.9674,641.2642
Japan,Crop Residues,Emissions (CO2eq) (AR5),kilotonnes,662.384,647.2017,646.2306,607.0236,626.0952,610.1363,580.8895,585.2705,576.407,539.065,524.0135,520.8349,531.4898,531.3014,518.1424,512.4266,490.4396,488.0088,484.3799,494.8202,484.6655
Japan,Rice Cultivation,Emissions (CH4),kilotonnes,367.983,354.6774,350.9352,346.1535,353.6379,354.6774,350.9352,347.8167,338.2533,337.6296,341.5797,334.9269,335.9664,337.0059,334.5111,330.3531,326.403,323.7003,305.613,305.613,303.9498
Japan,Rice Cultivation,Emissions (CH4),kilotonnes,487.0176,468.2841,477.0864,464.799,475.0939,488.645,485.2132,477.0953,470.6477,477.8138,487.4494,465.4176,460.4356,483.111,484.0564,478.4401,485.9559,483.7318,481.5681,478.8107,480.1778
Japan,Rice Cultivation,Emissions (CO2eq) from CH4 (AR5),kilotonnes,10303.524,9930.9672,9826.1856,9692.298,9901.8612,9930.9672,9826.1856,9738.8676,9471.0924,9453.6288,9564.2316,9377.9532,9407.0592,9436.1652,9366.3108,9249.8868,9139.284,9063.6084,8557.164,8557.164,8510.5944
Japan,Rice Cultivation,Emissions (CO2eq) from CH4 (AR5),kilotonnes,13636.4914,13111.9556,13358.4201,13014.3717,13302.6303,13682.0596,13585.9684,13358.669,13178.1367,13378.7855,13648.5833,13031.6938,12892.1957,13527.1093,13553.5779,13396.3216,13606.7643,13544.4895,13483.9081,13406.6998,13444.979
Japan,Rice Cultivation,Emissions (CO2eq) (AR5),kilotonnes,10303.524,9930.9672,9826.1856,9692.298,9901.8612,9930.9672,9826.1856,9738.8676,9471.0924,9453.6288,9564.2316,9377.9532,9407.0592,9436.1652,9366.3108,9249.8868,9139.284,9063.6084,8557.164,8557.164,8510.5944
Japan,Rice Cultivation,Emissions (CO2eq) (AR5),kilotonnes,13636.4914,13111.9556,13358.4201,13014.3717,13302.6303,13682.0596,13585.9684,13358.669,13178.1367,13378.7855,13648.5833,13031.6938,12892.1957,13527.1093,13553.5779,13396.3216,13606.7643,13544.4895,13483.9081,13406.6998,13444.979
Japan,Burning - Crop residues,Emissions (CH4),kilotonnes,2.8668,2.7863,2.7721,2.744,2.7965,2.8015,2.7807,2.7498,2.6807,2.6771,2.7042,2.6606,2.6662,2.6728,2.6593,2.631,2.6034,2.5832,2.4516,2.4504,2.4389
Japan,Burning - Crop residues,Emissions (CH4),kilotonnes,3.8364,3.8072,3.6934,3.514,3.3751,3.4273,3.3249,3.2321,3.1137,3.0227,2.941,2.9101,2.8332,2.8844,2.8031,2.6839,2.6843,2.5791,2.5995,2.5691,2.5576
Japan,Burning - Crop residues,Emissions (N2O),kilotonnes,0.0743,0.0722,0.0719,0.0711,0.0725,0.0726,0.0721,0.0713,0.0695,0.0694,0.0701,0.069,0.0691,0.0693,0.0689,0.0682,0.0675,0.067,0.0636,0.0635,0.0632
Japan,Burning - Crop residues,Emissions (N2O),kilotonnes,0.0995,0.0987,0.0958,0.0911,0.0875,0.0889,0.0862,0.0838,0.0807,0.0784,0.0762,0.0754,0.0735,0.0748,0.0727,0.0696,0.0696,0.0669,0.0674,0.0666,0.0663
Japan,Burning - Crop residues,Emissions (CO2eq) from CH4 (AR5),kilotonnes,80.2712,78.0153,77.6181,76.8317,78.3012,78.4429,77.8593,76.9953,75.0604,74.96,75.7176,74.4966,74.6546,74.8388,74.4618,73.6688,72.8941,72.3293,68.6456,68.6121,68.2905
Japan,Burning - Crop residues,Emissions (CO2eq) from CH4 (AR5),kilotonnes,107.4195,106.6023,103.4149,98.3924,94.5027,95.9636,93.0959,90.498,87.1832,84.6345,82.3479,81.4815,79.3285,80.7629,78.4872,75.1491,75.1613,72.2162,72.7851,71.9356,71.6121
Japan,Burning - Crop residues,Emissions (CO2eq) from N2O (AR5),kilotonnes,19.6962,19.1426,19.0452,18.8522,19.2128,19.2476,19.1044,18.8924,18.4176,18.393,18.5788,18.2793,18.318,18.3632,18.2707,18.0761,17.8861,17.7475,16.8436,16.8354,16.7565
Japan,Burning - Crop residues,Emissions (CO2eq) from N2O (AR5),kilotonnes,26.3576,26.157,25.375,24.1426,23.1882,23.5466,22.843,22.2055,21.3922,20.7668,20.2057,19.9931,19.4649,19.8168,19.2584,18.4394,18.4424,17.7197,17.8593,17.6509,17.5715
Japan,Burning - Crop residues,Emissions (CO2eq) (AR5),kilotonnes,99.9673,97.1579,96.6633,95.6839,97.514,97.6905,96.9637,95.8876,93.4781,93.353,94.2964,92.7759,92.9727,93.202,92.7325,91.7449,90.7802,90.0768,85.4891,85.4474,85.047
Japan,Burning - Crop residues,Emissions (CO2eq) (AR5),kilotonnes,133.7771,132.7593,128.7898,122.5349,117.6909,119.5102,115.9388,112.7035,108.5754,105.4014,102.5537,101.4746,98.7934,100.5798,97.7456,93.5884,93.6037,89.9359,90.6445,89.5864,89.1835
Japan,Enteric Fermentation,Emissions (CH4),kilotonnes,257.321,253.8745,255.203,253.2735,250.449,245.964,245.0675,244.778,245.5525,245.3745,242.458,234.9191,230.9425,225.4458,219.7603,214.2625,212.4609,212.0062,212.6055,212.0562,215.383
Japan,Enteric Fermentation,Emissions (CH4),kilotonnes,358.6536,360.5446,357.9963,354.0446,346.7536,346.0284,345.053,346.9313,343.474,339.1904,328.0844,326.1706,318.1252,309.4739,301.7385,301.3572,299.2303,299.765,298.5998,302.5322,305.3176
Japan,Enteric Fermentation,Emissions (CO2eq) from CH4 (AR5),kilotonnes,7204.988,7108.486,7145.684,7091.658,7012.572,6886.992,6861.89,6853.784,6875.47,6870.486,6788.824,6577.7348,6466.39,6312.4824,6153.2884,5999.3513,5948.9043,5936.1742,5952.9541,5937.5737,6030.7252
Japan,Enteric Fermentation,Emissions (CO2eq) from CH4 (AR5),kilotonnes,10042.3008,10095.2487,10023.8966,9913.2497,9709.0995,9688.7952,9661.4849,9714.0756,9617.272,9497.3324,9186.3639,9132.7776,8907.5061,8665.2695,8448.6771,8438.0028,8378.448,8393.4206,8360.7944,8470.9006,8548.8917
Japan,Enteric Fermentation,Emissions (CO2eq) (AR5),kilotonnes,7204.988,7108.486,7145.684,7091.658,7012.572,6886.992,6861.89,6853.784,6875.47,6870.486,6788.824,6577.7348,6466.39,6312.4824,6153.2884,5999.3513,5948.9043,5936.1742,5952.9541,5937.5737,6030.7252
Japan,Enteric Fermentation,Emissions (CO2eq) (AR5),kilotonnes,10042.3008,10095.2487,10023.8966,9913.2497,9709.0995,9688.7952,9661.4849,9714.0756,9617.272,9497.3324,9186.3639,9132.7776,8907.5061,8665.2695,8448.6771,8438.0028,8378.448,8393.4206,8360.7944,8470.9006,8548.8917
Japan,Manure Management,Emissions (CH4),kilotonnes,47.678,47.1836,46.692,46.7086,46.2905,45.2763,45.5669,45.9307,45.6782,45.7037,45.2449,42.499,41.7614,43.8514,43.2865,43.3574,42.5387,42.5758,42.5559,42.5356,42.9556
Japan,Manure Management,Emissions (CH4),kilotonnes,118.4539,117.6971,117.2553,115.4665,112.636,112.0455,109.3985,107.3087,105.3636,103.8228,101.4831,101.2986,99.6177,97.1212,95.3978,95.2845,93.7371,94.2078,94.2373,95.0036,95.4811
Japan,Manure Management,Emissions (N2O),kilotonnes,4.1318,4.0958,4.0923,4.0736,4.0457,3.9703,3.9945,4.0404,4.0548,4.0745,4.0432,3.7838,3.7569,3.8861,3.8203,3.7494,3.7153,3.7298,3.7464,3.7432,3.7904
Japan,Manure Management,Emissions (N2O),kilotonnes,12.9173,12.9188,13.0379,13.1878,13.2169,13.612,13.9321,14.2154,14.3802,14.5832,14.3395,14.2107,13.8696,13.3234,12.9834,12.8611,12.7723,12.9301,12.7754,12.8198,12.8974
Japan,Manure Management,Emissions (CO2eq) from CH4 (AR5),kilotonnes,1334.9827,1321.1406,1307.3749,1307.84,1296.1351,1267.7353,1275.8728,1286.0599,1278.9901,1279.705,1266.857,1189.9731,1169.3183,1227.84,1212.0213,1214.0064,1191.0828,1192.1221,1191.566,1190.9975,1202.7575
Japan,Manure Management,Emissions (CO2eq) from CH4 (AR5),kilotonnes,3316.7079,3295.5177,3283.1495,3233.0609,3153.8076,3137.273,3063.1588,3004.6448,2950.1812,2907.038,2841.5259,2836.3605,2789.2963,2719.3931,2671.1379,2667.9672,2624.6385,2637.8188,2638.6433,2660.102,2673.4705
Japan,Manure Management,Emissions (CO2eq) from N2O (AR5),kilotonnes,1094.9244,1085.3813,1084.4707,1079.5104,1072.1002,1052.13,1058.542,1070.7137,1074.5196,1079.7377,1071.4555,1002.6972,995.5702,1029.8292,1012.3821,993.5796,984.5666,988.3862,992.7838,991.9488,1004.4681
Japan,Manure Management,Emissions (CO2eq) from N2O (AR5),kilotonnes,3423.0905,3423.4931,3455.0452,3494.7761,3502.4746,3607.1724,3692.0013,3767.0685,3810.7455,3864.5552,3799.9738,3765.8437,3675.4403,3530.702,3440.5918,3408.2041,3384.6637,3426.4885,3385.4833,3397.2492,3417.809
Japan,Manure Management,Emissions (CO2eq) (AR5),kilotonnes,2429.9071,2406.5218,2391.8457,2387.3504,2368.2353,2319.8653,2334.4148,2356.7736,2353.5097,2359.4427,2338.3126,2192.6703,2164.8885,2257.6692,2224.4034,2207.5859,2175.6494,2180.5082,2184.3498,2182.9463,2207.2256
Japan,Manure Management,Emissions (CO2eq) (AR5),kilotonnes,6739.7984,6719.0108,6738.1947,6727.837,6656.2822,6744.4454,6755.16,6771.7133,6760.9267,6771.5933,6641.4997,6602.2042,6464.7366,6250.0951,6111.7297,6076.1714,6009.3022,6064.3073,6024.1266,6057.3512,6091.2795
Japan,Manure left on Pasture,Direct emissions (N2O),kilotonnes,4.5518,4.497,4.492,4.448,4.4015,4.2815,4.354,4.4183,4.4174,4.4185,4.3967,3.7592,3.7236,4.3049,4.2676,4.2132,4.1844,4.2086,4.2763,4.2801,4.3347
Japan,Manure left on Pasture,Indirect emissions (N2O),kilotonnes,0.975,0.9623,0.9619,0.9522,0.9422,0.9166,0.9307,0.944,0.9438,0.9441,0.9393,0.8037,0.7961,0.9197,0.9119,0.9003,0.8941,0.8991,0.9135,0.9142,0.9258
Japan,Manure left on Pasture,Emissions (N2O),kilotonnes,5.5268,5.4593,5.4539,5.4002,5.3437,5.1981,5.2847,5.3623,5.3612,5.3626,5.336,4.5629,4.5197,5.2247,5.1795,5.1135,5.0785,5.1076,5.1898,5.1944,5.2605
Japan,Manure left on Pasture,Emissions (CO2eq) from N2O (AR5),kilotonnes,1464.5888,1446.7251,1445.2718,1431.0621,1416.0904,1377.4849,1400.4381,1421.0021,1420.7143,1421.0882,1414.0351,1209.1627,1197.724,1384.5346,1372.5773,1355.0647,1345.8024,1353.5257,1375.2895,1376.508,1394.036
Japan,Manure left on Pasture,Emissions (CO2eq) (AR5),kilotonnes,1464.5888,1446.7251,1445.2718,1431.0621,1416.0904,1377.4849,1400.4381,1421.0021,1420.7143,1421.0882,1414.0351,1209.1627,1197.724,1384.5346,1372.5773,1355.0647,1345.8024,1353.5257,1375.2895,1376.508,1394.036
Japan,Manure applied to Soils,Direct emissions (N2O),kilotonnes,2.8232,2.7911,2.7701,2.7548,2.724,2.6468,2.6921,2.7234,2.7101,2.711,2.6923,2.3207,2.2871,2.6526,2.6312,2.6024,2.5882,2.5981,2.6253,2.6244,2.6414
Japan,Manure applied to Soils,Direct emissions (N2O),kilotonnes,3.4348,3.3562,3.2834,3.2332,3.1451,3.1443,3.1267,3.1087,3.0655,3.0212,2.9608,2.9564,2.8908,2.7996,2.7489,2.755,2.7525,2.7898,2.7719,2.7995,2.8128
Japan,Manure applied to Soils,Indirect emissions (N2O),kilotonnes,1.1999,1.1862,1.1773,1.1708,1.1577,1.1249,1.1441,1.1575,1.1518,1.1522,1.1442,0.9863,0.972,1.1273,1.1182,1.106,1.1,1.1042,1.1158,1.1154,1.1226
Japan,Manure applied to Soils,Emissions (N2O),kilotonnes,4.0231,3.9773,3.9473,3.9256,3.8817,3.7717,3.8363,3.8809,3.8619,3.8632,3.8365,3.307,3.2591,3.7799,3.7494,3.7084,3.6882,3.7023,3.7411,3.7397,3.764
Japan,Manure applied to Soils,Emissions (N2O),kilotonnes,3.4348,3.3562,3.2834,3.2332,3.1451,3.1443,3.1267,3.1087,3.0655,3.0212,2.9608,2.9564,2.8908,2.7996,2.7489,2.755,2.7525,2.7898,2.7719,2.7995,2.8128
Japan,Manure applied to Soils,Emissions (CO2eq) from N2O (AR5),kilotonnes,1066.115,1053.9782,1046.045,1040.2713,1028.6451,999.4998,1016.6077,1028.4372,1023.393,1023.7359,1016.6757,876.3589,863.6579,1001.6828,993.5894,982.724,977.3828,981.108,991.3907,991.0275,997.4494
Japan,Manure applied to Soils,Emissions (CO2eq) from N2O (AR5),kilotonnes,910.2241,889.406,870.1022,856.8078,833.4451,833.229,828.5853,823.7996,812.3631,800.6236,784.6127,783.4415,766.0652,741.8872,728.4627,730.065,729.4156,739.2965,734.5523,741.8662,745.3862
Japan,Manure applied to Soils,Emissions (CO2eq) (AR5),kilotonnes,1066.115,1053.9782,1046.045,1040.2713,1028.6451,999.4998,1016.6077,1028.4372,1023.393,1023.7359,1016.6757,876.3589,863.6579,1001.6828,993.5894,982.724,977.3828,981.108,991.3907,991.0275,997.4494
Japan,Manure applied to Soils,Emissions (CO2eq) (AR5),kilotonnes,910.2241,889.406,870.1022,856.8078,833.4451,833.229,828.5853,823.7996,812.3631,800.6236,784.6127,783.4415,766.0652,741.8872,728.4627,730.065,729.4156,739.2965,734.5523,741.8662,745.3862
Japan,Synthetic Fertilizers,Direct emissions (N2O),kilotonnes,7.6591,7.6057,7.4361,7.7562,7.4578,7.4009,7.127,7.5243,5.6556,5.4995,6.4334,6.0817,6.2322,5.7671,6.2197,5.643,5.9746,6.0579,5.8049,5.8049,5.8049
Japan,Synthetic Fertilizers,Direct emissions (N2O),kilotonnes,4.97,4.8475,4.8407,5.0627,4.8385,4.8143,4.6558,4.9372,3.7029,3.6354,4.2391,4.0118,4.1007,4.2116,4.0738,3.8562,3.8771,3.8723,3.8584,3.8458,3.8282
Japan,Synthetic Fertilizers,Indirect emissions (N2O),kilotonnes,2.4892,2.4719,2.4167,2.5208,2.4238,2.4053,2.3163,2.4454,1.8381,1.7873,2.0909,1.9766,2.0255,1.8743,2.0214,1.834,1.9417,1.9688,1.8866,1.8866,1.8866
Japan,Synthetic Fertilizers,Emissions (N2O),kilotonnes,10.1484,10.0776,9.8529,10.2769,9.8816,9.8062,9.4433,9.9697,7.4936,7.2869,8.5242,8.0583,8.2577,7.6415,8.2411,7.477,7.9163,8.0267,7.6914,7.6914,7.6914
Japan,Synthetic Fertilizers,Emissions (N2O),kilotonnes,4.97,4.8475,4.8407,5.0627,4.8385,4.8143,4.6558,4.9372,3.7029,3.6354,4.2391,4.0118,4.1007,4.2116,4.0738,3.8562,3.8771,3.8723,3.8584,3.8458,3.8282
Japan,Synthetic Fertilizers,Emissions (CO2eq) from N2O (AR5),kilotonnes,2689.3165,2670.5564,2611.0061,2723.3815,2618.6225,2598.6524,2502.4681,2641.9628,1985.8074,1931.0239,2258.9232,2135.446,2188.2915,2024.988,2183.8972,1981.3984,2097.8214,2127.0651,2038.2305,2038.2305,2038.2305
Japan,Synthetic Fertilizers,Emissions (CO2eq) from N2O (AR5),kilotonnes,1317.0407,1284.5798,1282.7801,1341.6227,1282.201,1275.7798,1233.7964,1308.3489,981.2634,963.3937,1123.3686,1063.1214,1086.6769,1116.062,1079.5484,1021.8965,1027.4269,1026.1508,1022.4709,1019.1394,1014.4713
Japan,Synthetic Fertilizers,Emissions (CO2eq) (AR5),kilotonnes,2689.3165,2670.5564,2611.0061,2723.3815,2618.6225,2598.6524,2502.4681,2641.9628,1985.8074,1931.0239,2258.9232,2135.446,2188.2915,2024.988,2183.8972,1981.3984,2097.8214,2127.0651,2038.2305,2038.2305,2038.2305
Japan,Synthetic Fertilizers,Emissions (CO2eq) (AR5),kilotonnes,1317.0407,1284.5798,1282.7801,1341.6227,1282.201,1275.7798,1233.7964,1308.3489,981.2634,963.3937,1123.3686,1063.1214,1086.6769,1116.062,1079.5484,1021.8965,1027.4269,1026.1508,1022.4709,1019.1394,1014.4713
Japan,Drained organic soils,Emissions (CO2eq) (AR5),kilotonnes,6291.6363,6266.1779,6244.8393,6233.0832,6239.5771,6141.8496,6077.0998,5891.2555,5789.5369,5643.3216,5524.4409,5441.1969,5360.9972,5289.0827,5198.6109,5147.5094,5141.4433,5132.6635,5129.5867,5111.6963,5111.7375
Japan,Drained organic soils,Emissions (CO2eq) (AR5),kilotonnes,76.6187,76.8324,76.6561,76.4797,76.3033,76.127,75.2812,75.5074,75.596,76.3485,75.1181,75.3442,75.251,74.5166,74.865,74.6986,72.8383,72.8274,72.9629,73.1432,73.2842
Japan,Drained organic soils (CO2),Emissions (CO2),kilotonnes,5313.2912,5291.7561,5273.7251,5263.7897,5269.2339,5186.6822,5131.9919,4974.9558,4888.9493,4765.3744,4664.9188,4594.5913,4526.8509,4466.0849,4389.6622,4346.4858,4341.3669,4333.9533,4331.3302,4316.1965,4316.2299
Japan,Drained organic soils (CO2),Emissions (CO2eq) (AR5),kilotonnes,5313.2912,5291.7561,5273.7251,5263.7897,5269.2339,5186.6822,5131.9919,4974.9558,4888.9493,4765.3744,4664.9188,4594.5913,4526.8509,4466.0849,4389.6622,4346.4858,4341.3669,4333.9533,4331.3302,4316.1965,4316.2299
Japan,Drained organic soils (N2O),Emissions (N2O),kilotonnes,3.6919,3.6771,3.6646,3.6577,3.6617,3.6044,3.5664,3.4577,3.3984,3.313,3.2435,3.1947,3.1477,3.1057,3.0526,3.0227,3.0192,3.014,3.0123,3.0019,3.0019
Japan,Drained organic soils (N2O),Emissions (N2O),kilotonnes,0.2891,0.2899,0.2893,0.2886,0.2879,0.2873,0.2841,0.2849,0.2853,0.2881,0.2835,0.2843,0.284,0.2812,0.2825,0.2819,0.2749,0.2748,0.2753,0.276,0.2765
Japan,Drained organic soils (N2O),Emissions (CO2eq) from N2O (AR5),kilotonnes,978.3451,974.4218,971.1142,969.2936,970.3432,955.1674,945.1079,916.2997,900.5877,877.9472,859.5221,846.6055,834.1464,822.9978,808.9487,801.0236,800.0764,798.7102,798.2565,795.4999,795.5076
Japan,Drained organic soils (N2O),Emissions (CO2eq) from N2O (AR5),kilotonnes,76.6187,76.8324,76.6561,76.4797,76.3033,76.127,75.2812,75.5074,75.596,76.3485,75.1181,75.3442,75.251,74.5166,74.865,74.6986,72.8383,72.8274,72.9629,73.1432,73.2842
Japan,Drained organic soils (N2O),Emissions (CO2eq) (AR5),kilotonnes,978.3451,974.4218,971.1142,969.2936,970.3432,955.1674,945.1079,916.2997,900.5877,877.9472,859.5221,846.6055,834.1464,822.9978,808.9487,801.0236,800.0764,798.7102,798.2565,795.4999,795.5076
Japan,Drained organic soils (N2O),Emissions (CO2eq) (AR5),kilotonnes,76.6187,76.8324,76.6561,76.4797,76.3033,76.127,75.2812,75.5074,75.596,76.3485,75.1181,75.3442,75.251,74.5166,74.865,74.6986,72.8383,72.8274,72.9629,73.1432,73.2842
Japan,On-farm energy use,Emissions (CH4),kilotonnes,23.5166,16.4272,15.381,13.273,11.528,11.5461,10.6765,10.7198,9.7567,8.4599,7.9275,7.5854,7.3277,7.2542,6.9027,6.8475,6.8794,7.1718,7.307,7.3878,7.3878
Japan,On-farm energy use,Emissions (N2O),kilotonnes,6.3565,6.5744,6.2508,6.3371,6.4356,6.2636,5.8387,5.79,4.8531,5.8133,5.3625,4.985,4.8808,4.4501,4.3863,4.8604,5.1275,4.752,4.7041,4.7676,4.7676
Japan,On-farm energy use,Emissions (CO2),kilotonnes,26262.9579,24755.5406,23456.0341,22893.9081,22456.9334,21814.0685,20221.5734,20054.0515,17292.3724,19311.5954,17940.1741,16795.9272,16353.6185,15155.7339,14769.3532,15915.2218,16569.7864,15652.9376,15519.1177,15669.0705,15669.0705
Japan,On-farm energy use,Emissions (CO2eq) from CH4 (AR5),kilotonnes,658.4646,459.9613,430.6675,371.6451,322.7847,323.2916,298.9423,300.1535,273.1871,236.8769,221.9701,212.3899,205.1744,203.1162,193.2753,191.7288,192.6237,200.811,204.5949,206.8588,206.8588
Japan,On-farm energy use,Emissions (CO2eq) from N2O (AR5),kilotonnes,1684.4834,1742.2106,1656.452,1679.3266,1705.4355,1659.8495,1547.2629,1534.3604,1286.0843,1540.5221,1421.0498,1321.029,1293.4127,1179.2737,1162.3694,1288.0111,1358.7866,1259.2795,1246.5737,1263.4146,1263.4146
Japan,On-farm energy use,Emissions (CO2eq) (AR5),kilotonnes,28605.9059,26957.7125,25543.1535,24944.8798,24485.1536,23797.2096,22067.7787,21888.5654,18851.6438,21088.9944,19583.194,18329.346,17852.2056,16538.1239,16124.998,17394.9617,18121.1967,17113.0282,16970.2862,17139.3439,17139.3439
Japan,Forestland,Emissions (CO2),kilotonnes,-82832.9333,-103297.7,-103297.7,-103297.7,-103297.7,-103297.7,-103297.7,-103297.7,-103297.7,-103297.7,-103297.7,-57393.6,-57393.6,-57393.6,-57393.6,-57393.6,-37836.3333,-37836.3333,-37836.3333,-37836.3333,-37836.3333
Japan,Forestland,Emissions (CO2),kilotonnes,-90636.9684,-90478.5216,-90317.7633,-99039.7134,-98525.1964,-92636.0394,-86787.1391,-85529.3492,-80718.6245,-75837.1845,-76344.5108,-78085.3788,-77653.2379,-69967.8872,-68257.9038,-63088.474,-58544.7224,-60835.4777,-59238.2085,-55243.2149,-57139.4843
Japan,Forestland,Emissions (CO2eq) (AR5),kilotonnes,-82832.9333,-103297.7,-103297.7,-103297.7,-103297.7,-103297.7,-103297.7,-103297.7,-103297.7,-103297.7,-103297.7,-57393.6,-57393.6,-57393.6,-57393.6,-57393.6,-37836.3333,-37836.3333,-37836.3333,-37836.3333,-37836.3333
Japan,Forestland,Emissions (CO2eq) (AR5),kilotonnes,-90636.9684,-90478.5216,-90317.7633,-99039.7134,-98525.1964,-92636.0394,-86787.1391,-85529.3492,-80718.6245,-75837.1845,-76344.5108,-78085.3788,-77653.2379,-69967.8872,-68257.9038,-63088.474,-58544.7224,-60835.4777,-59238.2085,-55243.2149,-57139.4843
Japan,Net Forest conversion,Emissions (CO2),kilotonnes,1990.2667,786.5,786.5,786.5,786.5,786.5,786.5,786.5,786.5,786.5,786.5,3581.6,3581.6,3581.6,3581.6,3581.6,1720.4,1720.4,1720.4,1720.4,1720.4
Japan,Net Forest conversion,Emissions (CO2),kilotonnes,2550.462,2397.8306,1488.9893,1277.1867,1292.4374,1475.4904,1473.179,2556.256,2898.4223,2468.2862,2327.2228,1650.4399,1905.2391,1903.9693,1912.2946,2216.3172,2221.0274,1811.295,1813.0526,1635.4259,1649.5711
Japan,Net Forest conversion,Emissions (CO2eq) (AR5),kilotonnes,1990.2667,786.5,786.5,786.5,786.5,786.5,786.5,786.5,786.5,786.5,786.5,3581.6,3581.6,3581.6,3581.6,3581.6,1720.4,1720.4,1720.4,1720.4,1720.4
Japan,Net Forest conversion,Emissions (CO2eq) (AR5),kilotonnes,2550.462,2397.8306,1488.9893,1277.1867,1292.4374,1475.4904,1473.179,2556.256,2898.4223,2468.2862,2327.2228,1650.4399,1905.2391,1903.9693,1912.2946,2216.3172,2221.0274,1811.295,1813.0526,1635.4259,1649.5711
Japan,Savanna fires,Emissions (CH4),kilotonnes,0.0035,0.0177,0.0317,0.0236,0.0103,0.0156,0.0152,0.033,0.0226,0.0343,0.0221,0.0287,0.0039,0.0323,0.0507,0.0241,0.0089,0.0156,0.0325,0.036,0.0242
Japan,Savanna fires,Emissions (CH4),kilotonnes,0.5051,0.5051,0.5051,0.5051,0.5051,0.5051,0.5051,0.5051,0.5051,0.5051,0.5051,0.5051,0.5051,0.5051,0.5051,0.5051,0.5051,0.5051,0.5051,0.5051,0.5051
Japan,Savanna fires,Emissions (N2O),kilotonnes,0.0003,0.0016,0.0029,0.0022,0.0009,0.0014,0.0014,0.003,0.0021,0.0031,0.002,0.0026,0.0004,0.0029,0.0046,0.0022,0.0008,0.0014,0.003,0.0033,0.0022
Japan,Savanna fires,Emissions (N2O),kilotonnes,0.0461,0.0461,0.0461,0.0461,0.0461,0.0461,0.0461,0.0461,0.0461,0.0461,0.0461,0.0461,0.0461,0.0461,0.0461,0.0461,0.0461,0.0461,0.0461,0.0461,0.0461
Japan,Savanna fires,Emissions (CO2eq) from CH4 (AR5),kilotonnes,0.0979,0.4945,0.8873,0.6601,0.288,0.4358,0.4269,0.9228,0.6332,0.9612,0.6185,0.8043,0.1103,0.9038,1.4186,0.6759,0.2489,0.438,0.9111,1.0091,0.6785
Japan,Savanna fires,Emissions (CO2eq) from CH4 (AR5),kilotonnes,14.1422,14.1422,14.1422,14.1422,14.1422,14.1422,14.1422,14.1422,14.1422,14.1422,14.1422,14.1422,14.1422,14.1422,14.1422,14.1422,14.1422,14.1422,14.1422,14.1422,14.1422
Japan,Savanna fires,Emissions (CO2eq) from N2O (AR5),kilotonnes,0.0845,0.4273,0.7667,0.5704,0.2489,0.3766,0.3689,0.7974,0.5472,0.8306,0.5344,0.695,0.0953,0.781,1.2259,0.584,0.215,0.3785,0.7873,0.872,0.5864
Japan,Savanna fires,Emissions (CO2eq) from N2O (AR5),kilotonnes,12.2207,12.2207,12.2207,12.2207,12.2207,12.2207,12.2207,12.2207,12.2207,12.2207,12.2207,12.2207,12.2207,12.2207,12.2207,12.2207,12.2207,12.2207,12.2207,12.2207,12.2207
Japan,Savanna fires,Emissions (CO2eq) (AR5),kilotonnes,0.1825,0.9218,1.6541,1.2306,0.537,0.8125,0.7958,1.7202,1.1804,1.7919,1.1529,1.4992,0.2056,1.6848,2.6445,1.2599,0.4639,0.8166,1.6984,1.881,1.2649
Japan,Savanna fires,Emissions (CO2eq) (AR5),kilotonnes,26.363,26.363,26.363,26.363,26.363,26.363,26.363,26.363,26.363,26.363,26.363,26.363,26.363,26.363,26.363,26.363,26.363,26.363,26.363,26.363,26.363
Japan,Fires in organic soils,Emissions (CH4),kilotonnes,0,0,0,0,0,0,0,0,0,0,0,0,0,0,0,0,0,0,0,0,0
Japan,Fires in organic soils,Emissions (CO2),kilotonnes,0,0,0,0,0,0,0,0,0,0,0,0,0,0,0,0,0,0,0,0,0
Japan,Fires in organic soils,Emissions (CO2eq) from CH4 (AR5),kilotonnes,0,0,0,0,0,0,0,0,0,0,0,0,0,0,0,0,0,0,0,0,0
Japan,Fires in organic soils,Emissions (CO2eq) (AR5),kilotonnes,0,0,0,0,0,0,0,0,0,0,0,0,0,0,0,0,0,0,0,0,0
Japan,Forest fires,Emissions (CH4),kilotonnes,0.3906,0.1592,0.2388,0.1965,0.1095,0.2289,0.1741,0.3581,0.4628,0.1418,0.1617,0.2711,0.097,0.1368,0.7288,0.2263,0.0945,0.2338,0.4179,0.3831,0.3756
Japan,Forest fires,Emissions (N2O),kilotonnes,0.0216,0.0145,0.0218,0.0179,0.01,0.0209,0.0159,0.0327,0.0423,0.0129,0.0148,0.0248,0.0089,0.0125,0.0665,0.0207,0.0086,0.0213,0.0382,0.035,0.0343
Japan,Forest fires,Emissions (CO2eq) from CH4 (AR5),kilotonnes,10.9365,4.4567,6.6856,5.5021,3.065,6.408,4.875,10.0281,12.9583,3.9698,4.5266,7.5911,2.7163,3.8312,20.4063,6.3375,2.6466,6.5465,11.7003,10.7256,10.5163
Japan,Forest fires,Emissions (CO2eq) from N2O (AR5),kilotonnes,5.7259,3.8512,5.7772,4.7545,2.6486,5.5373,4.2126,8.6656,11.1976,3.4304,3.9116,6.5597,2.3472,3.3106,17.6337,5.4764,2.287,5.657,10.1105,9.2683,9.0875
Japan,Forest fires,Emissions (CO2eq) (AR5),kilotonnes,16.6623,8.308,12.4628,10.2566,5.7136,11.9453,9.0876,18.6936,24.1559,7.4002,8.4382,14.1508,5.0635,7.1418,38.0401,11.8139,4.9336,12.2035,21.8108,19.9939,19.6038
Japan,Fires in humid tropical forests,Emissions (CH4),kilotonnes,0,0,0,0,0,0,0,0,0,0,0,0,0,0,0,0,0,0,0,0,0
Japan,Fires in humid tropical forests,Emissions (N2O),kilotonnes,0,0,0,0,0,0,0,0,0,0,0,0,0,0,0,0,0,0,0,0,0
Japan,Fires in humid tropical forests,Emissions (CO2eq) from CH4 (AR5),kilotonnes,0,0,0,0,0,0,0,0,0,0,0,0,0,0,0,0,0,0,0,0,0
Japan,Fires in humid tropical forests,Emissions (CO2eq) from N2O (AR5),kilotonnes,0,0,0,0,0,0,0,0,0,0,0,0,0,0,0,0,0,0,0,0,0
Japan,Fires in humid tropical forests,Emissions (CO2eq) (AR5),kilotonnes,0,0,0,0,0,0,0,0,0,0,0,0,0,0,0,0,0,0,0,0,0
Japan,Waste - agri-food systems,Emissions (CH4),kilotonnes,250.3751,250.3562,250.5619,250.8469,250.9452,251.2841,251.3287,251.4559,250.9895,251.4333,251.4498,251.4503,251.665,252.2801,247.7334,245.4522,245.908,252.5996,260.0809,267.2552,274.211
Japan,Waste - agri-food systems,Emissions (N2O),kilotonnes,6.0785,6.1021,5.9779,5.9911,5.8531,5.8943,5.7661,5.8011,5.7006,5.5837,5.6219,5.5944,5.655,5.6106,5.4844,5.4472,5.4249,5.7547,6.0281,6.2979,6.56
Japan,Waste - agri-food systems,Emissions (CO2),kilotonnes,3892.6685,3875.7246,3869.7529,3880.062,3890.6366,3888.9483,3882.4592,3881.8237,3896.3249,3901.0083,3912.3337,3922.867,3923.702,3899.0516,3890.7419,3877.8449,3893.6118,3891.6591,3894.5177,3896.7581,3894.5777
Japan,Waste - agri-food systems,Emissions (CO2eq) from CH4 (AR5),kilotonnes,7010.5041,7009.9725,7015.7339,7023.7141,7026.4658,7035.9554,7037.2025,7040.7642,7027.7055,7040.1328,7040.5958,7040.6084,7046.6211,7063.8419,6936.5359,6872.6606,6885.4253,7072.7899,7282.2643,7483.1464,7677.9085
Japan,Waste - agri-food systems,Emissions (CO2eq) from N2O (AR5),kilotonnes,1610.7934,1617.045,1584.1308,1587.6479,1551.082,1561.9879,1528.0096,1537.2966,1510.655,1479.6701,1489.8007,1482.5174,1498.5837,1486.7971,1453.3786,1443.5135,1437.6046,1524.9883,1597.4337,1668.9365,1738.3985
Japan,Waste - agri-food systems,Emissions (CO2eq) (AR5),kilotonnes,12513.966,12502.7421,12469.6177,12491.4241,12468.1845,12486.8916,12447.6712,12459.8844,12434.6854,12420.8112,12442.7301,12445.9928,12468.9068,12449.6905,12280.6564,12194.019,12216.6417,12489.4374,12774.2157,13048.841,13310.8847
Japan,Fertilizers Manufacturing,Emissions (N2O),kilotonnes,0.3057,0.2909,0.2786,0.2604,0.2362,0.233,0.2178,0.1734,0.1805,0.1644,0.1409,0.1285,0.11,0.0908,0.0746,0.0557,0.0415,0.0263,0.0104,0,0
Japan,Fertilizers Manufacturing,Emissions (CO2),kilotonnes,3844.1142,3848.2051,2432.7181,2325.4798,4725.5953,4539.8456,4641.4003,4491.5278,3674.2691,3932.9135,3937.2415,3904.5888,3791.1952,3640.1351,3376.7718,3045.3077,3279.7189,3311.893,3169.3483,3019.0714,2773.5955
Japan,Fertilizers Manufacturing,Emissions (CO2eq) from N2O (AR5),kilotonnes,81.0105,77.0885,73.829,69.006,62.593,61.745,57.717,45.951,47.8325,43.566,37.3385,34.0525,29.15,24.062,19.769,14.7605,10.9975,6.9695,2.756,0,0
Japan,Fertilizers Manufacturing,Emissions (CO2eq) (AR5),kilotonnes,3925.1247,3925.2936,2506.5471,2394.4858,4788.1883,4601.5906,4699.1173,4537.4788,3722.1016,3976.4795,3974.58,3938.6413,3820.3452,3664.1971,3396.5408,3060.0682,3290.7164,3318.8625,3172.1043,3019.0714,2773.5955
Japan,On-farm electricity use,Emissions (CH4),kilotonnes,3.6706,3.7654,3.5998,3.6082,3.8542,3.6561,3.8844,4.1868,4.4052,3.6024,3.9432,4.4268,4.3008,4.0811,4.0787,3.7187,3.5507,3.8543,3.8447,3.7979,3.7979
Japan,On-farm electricity use,Emissions (N2O),kilotonnes,0.0197,0.0201,0.0192,0.0192,0.0205,0.0195,0.0206,0.0223,0.0238,0.0192,0.0209,0.0237,0.0229,0.0217,0.0217,0.0198,0.0189,0.0205,0.0204,0.0202,0.0202
Japan,On-farm electricity use,Emissions (CO2),kilotonnes,1229.9513,1263.7292,1271.1714,1340.6081,1377.6782,1310.6769,1359.6521,1583.9751,1612.8842,1247.3265,1373.1042,1836.2918,1974.3674,1530.5535,1529.6535,1394.6444,1331.6401,1445.4978,1441.8975,1424.3464,1424.3464
Japan,On-farm electricity use,Emissions (CO2eq) from CH4 (AR5),kilotonnes,102.7768,105.4312,100.7944,101.0296,107.9176,102.3708,108.7632,117.2304,123.3456,100.8672,110.4096,123.9504,120.4224,114.2708,114.2036,104.1236,99.4196,107.9204,107.6516,106.3412,106.3412
Japan,On-farm electricity use,Emissions (CO2eq) from N2O (AR5),kilotonnes,5.2205,5.3265,5.088,5.088,5.4325,5.1675,5.459,5.9095,6.307,5.088,5.5385,6.2805,6.0685,5.7505,5.7505,5.247,5.0085,5.4325,5.406,5.353,5.353
Japan,On-farm electricity use,Emissions (CO2eq) (AR5),kilotonnes,1337.9486,1374.4869,1377.0538,1446.7257,1491.0283,1418.2152,1473.8743,1707.115,1742.5368,1353.2817,1489.0523,1966.5227,2100.8583,1650.5748,1649.6076,1504.015,1436.0682,1558.8507,1554.9551,1536.0406,1536.0406
Japan,Food Processing,Emissions (CH4),kilotonnes,25.7186,25.7732,26.7259,27.005,28.7972,29.9091,30.463,32.3995,32.3976,29.5819,30.6286,29.026,29.6186,31.5275,30.1619,30.8642,30.9688,30.0329,29.6627,29.6627,28.5924
Japan,Food Processing,Emissions (N2O),kilotonnes,0.2053,0.2067,0.2131,0.2125,0.2228,0.2269,0.221,0.2254,0.2236,0.2083,0.2106,0.2072,0.2083,0.2151,0.2049,0.2035,0.202,0.1945,0.1917,0.1917,0.1807
Japan,Food Processing,Emissions (CO2),kilotonnes,19494.838,19939.0313,21066.9227,21415.4211,22077.8824,22361.1979,21952.2882,22619.9876,21553.8939,19821.7296,20143.5438,22561.4911,23888.4531,21904.1069,21138.572,20527.3464,20499.1764,19764.0267,19441.5545,19441.5545,17860.7926
Japan,Food Processing,Emissions (CO2eq) from CH4 (AR5),kilotonnes,720.1208,721.6496,748.3252,756.14,806.3216,837.4548,852.964,907.186,907.1328,828.2932,857.6008,812.728,829.3208,882.77,844.5332,864.1976,867.1264,840.9212,830.5556,830.5556,800.5871
Japan,Food Processing,Emissions (CO2eq) from N2O (AR5),kilotonnes,54.4045,54.7755,56.4715,56.3125,59.042,60.1285,58.565,59.731,59.254,55.1995,55.809,54.908,55.1995,57.0015,54.2985,53.9275,53.53,51.5425,50.8005,50.8005,47.8783
Japan,Food Processing,Emissions (CO2eq) (AR5),kilotonnes,20269.3633,20715.4564,21871.7194,22227.8736,22943.246,23258.7812,22863.8172,23586.9046,22520.2807,20705.2223,21056.9536,23429.1271,24772.9734,22843.8784,22037.4037,21445.4715,21419.8328,20656.4904,20322.9106,20322.9106,18709.258
Japan,Food Packaging,Emissions (CH4),kilotonnes,25.5387,24.9781,24.6644,23.7239,23.7031,23.7342,23.0722,23.2434,21.9416,23.1505,22.2074,21.1071,21.9576,21.1082,20.295,19.9441,20.4197,19.7643,19.7403,20.0878,19.363
Japan,Food Packaging,Emissions (N2O),kilotonnes,0.2366,0.2335,0.2298,0.2254,0.224,0.2232,0.2165,0.2157,0.2067,0.2145,0.2069,0.2056,0.2089,0.2074,0.2006,0.2005,0.1997,0.1936,0.1926,0.1952,0.184
Japan,Food Packaging,Emissions (CO2),kilotonnes,19595.186,19419.1369,19646.2497,19626.9365,19104.4207,18963.3327,18149.7611,18464.99,17195.5445,17232.6738,16628.0158,17767.0114,18951.2065,17121.1913,16537.482,16414.0167,16420.4956,15818.9977,15658.5718,16071.7025,14764.9379
Japan,Food Packaging,Emissions (CO2eq) from CH4 (AR5),kilotonnes,715.0836,699.3868,690.6032,664.2692,663.6868,664.5576,646.0216,650.8152,614.3648,648.214,621.8072,590.9988,614.8128,591.0296,568.26,558.4348,571.7516,553.4004,552.7284,562.4584,542.1635
Japan,Food Packaging,Emissions (CO2eq) from N2O (AR5),kilotonnes,62.699,61.8775,60.897,59.731,59.36,59.148,57.3725,57.1605,54.7755,56.8425,54.8285,54.484,55.3585,54.961,53.159,53.1325,52.9205,51.304,51.039,51.728,48.7525
Japan,Food Packaging,Emissions (CO2eq) (AR5),kilotonnes,20372.9686,20180.4012,20397.7499,20350.9367,19827.4675,19687.0383,18853.1552,19172.9657,17864.6848,17937.7303,17304.6515,18412.4942,19621.3778,17767.1819,17158.901,17025.584,17045.1677,16423.7021,16262.3392,16685.8889,15355.8539
Japan,Food Retail,Emissions (CH4),kilotonnes,41.456,41.2447,42.563,42.7371,45.3104,46.7886,47.581,50.2028,50.4209,48.8894,49.1906,48.34,47.0853,47.379,47.7419,46.2192,46.6901,47.3804,46.75,54.9517,52.9689
Japan,Food Retail,Emissions (N2O),kilotonnes,0.287,0.287,0.305,0.3035,0.3148,0.3203,0.3155,0.324,0.3258,0.3094,0.309,0.3068,0.2978,0.3039,0.2987,0.2881,0.2889,0.2941,0.2892,0.3395,0.32
Japan,Food Retail,Emissions (CO2),kilotonnes,23504.699,23741.9003,25591.2747,26250.197,26381.5621,26736.8401,26462.0641,28138.2144,27078.0891,24531.7372,24515.009,27705.4702,28924.9301,25572.6386,25162.4972,24283.7409,24165.2908,24526.6061,24081.6105,28618.8514,26291.8981
Japan,Food Retail,Emissions (CO2eq) from F-gases (AR5),kilotonnes,16933.1025,19690.6085,22421.62,24407.149,26564.6325,29920.6025,32594.9885,35274.5695,35854.3315,36120.3155,36232.5275,36273.0485,36281.3605,36279.2825,36279.2825,36279.2825,38957.305,39643.5645,40329.824,41016.0835,42810.5372
Japan,Food Retail,Emissions (CO2eq) from CH4 (AR5),kilotonnes,1160.768,1154.8516,1191.764,1196.6388,1268.6912,1310.0808,1332.268,1405.6784,1411.7852,1368.9032,1377.3368,1353.52,1318.3884,1326.612,1336.7732,1294.1376,1307.3228,1326.6512,1309,1538.6476,1483.1294
Japan,Food Retail,Emissions (CO2eq) from N2O (AR5),kilotonnes,76.055,76.055,80.825,80.4275,83.422,84.8795,83.6075,85.86,86.337,81.991,81.885,81.302,78.917,80.5335,79.1555,76.3465,76.5585,77.9365,76.638,89.9675,84.7924
Japan,Food Retail,Emissions (CO2eq) (AR5),kilotonnes,41674.6245,44663.4154,49285.4837,51934.4123,54298.3078,58052.4029,60472.9281,64904.3223,64430.5428,62102.9469,62206.7583,65413.3407,66603.596,63259.0666,62857.7084,61933.5075,64506.4771,65574.7583,65797.0725,71263.55,70670.357
Japan,Food Household Consumption,Emissions (CH4),kilotonnes,62.3649,62.8507,64.7984,64.4971,66.2972,68.8086,67.6347,68.9195,68.6548,67.8387,74.097,70.4092,71.671,70.2184,67.0375,66.2083,66.1007,67.6523,64.4338,64.4338,62.1089
Japan,Food Household Consumption,Emissions (N2O),kilotonnes,0.3983,0.3956,0.4097,0.3993,0.412,0.4293,0.4152,0.421,0.4203,0.412,0.447,0.4288,0.433,0.4231,0.4036,0.3965,0.3968,0.4082,0.3836,0.3836,0.3615
Japan,Food Household Consumption,Emissions (CO2),kilotonnes,35355.6633,34832.9079,37156.8847,37537.7613,37323.8195,38787.8941,36981.7714,39199.3229,37549.4702,35860.1919,38737.6037,41721.6322,45365.7376,38485.3624,36842.0125,36010.5973,36038.917,37329.4468,34729.4772,34729.4772,31905.6786
Japan,Food Household Consumption,Emissions (CO2eq) from CH4 (AR5),kilotonnes,1746.2172,1759.8196,1814.3552,1805.9188,1856.3216,1926.6408,1893.7716,1929.746,1922.3344,1899.4836,2074.716,1971.4576,2006.788,1966.1152,1877.05,1853.8324,1850.8196,1894.2644,1804.1464,1804.1464,1739.0483
Japan,Food Household Consumption,Emissions (CO2eq) from N2O (AR5),kilotonnes,105.5495,104.834,108.5705,105.8145,109.18,113.7645,110.028,111.565,111.3795,109.18,118.455,113.632,114.745,112.1215,106.954,105.0725,105.152,108.173,101.654,101.654,95.8066
Japan,Food Household Consumption,Emissions (CO2eq) (AR5),kilotonnes,37207.43,36697.5615,39079.8104,39449.4946,39289.3211,40828.2994,38985.571,41240.6339,39583.1841,37868.8555,40930.7747,43806.7218,47487.2706,40563.5991,38826.0165,37969.5022,37994.8886,39331.8842,36635.2776,36635.2776,33740.5336
Japan,Food Transport,Emissions (CH4),kilotonnes,1.9008,1.888,1.8516,1.7901,1.6904,1.6192,1.5734,1.5169,1.4416,1.3969,1.3708,1.3254,1.316,1.2821,1.2379,1.2136,1.1696,1.1425,1.0758,1.066,1.0275
Japan,Food Transport,Emissions (N2O),kilotonnes,1.3874,1.3939,1.3611,1.3172,1.2595,1.2005,1.1577,1.1192,1.0647,1.042,1.0123,0.9987,1.0048,0.9903,0.9597,0.9546,0.9444,0.9332,0.8786,1.0071,0.9492
Japan,Food Transport,Emissions (CO2),kilotonnes,25944.91,26455.105,26022.365,25548.975,25136.54,24483.42,24123.39,23867.2,23144.48,22856.965,22872.02,22414.28,22437.88,22203.94,21651.96,21520.305,21296.93,21070.93,19812.535,21993.4285,20205.1778
Japan,Food Transport,Emissions (CO2eq) from CH4 (AR5),kilotonnes,53.2224,52.864,51.8448,50.1228,47.3312,45.3376,44.0552,42.4732,40.3648,39.1132,38.3824,37.1112,36.848,35.8988,34.6612,33.9808,32.7488,31.99,30.1224,29.848,28.771
Japan,Food Transport,Emissions (CO2eq) from N2O (AR5),kilotonnes,367.661,369.3835,360.6915,349.058,333.7675,318.1325,306.7905,296.588,282.1455,276.13,268.2595,264.6555,266.272,262.4295,254.3205,252.969,250.266,247.298,232.829,266.8815,251.5299
Japan,Food Transport,Emissions (CO2eq) (AR5),kilotonnes,26365.7934,26877.3525,26434.9013,25948.1558,25517.6387,24846.8901,24474.2357,24206.2612,23466.9903,23172.2082,23178.6619,22716.0467,22741,22502.2683,21940.9417,21807.2548,21579.9448,21350.218,20075.4864,22290.158,20485.4787
Japan,Energy,Emissions (CH4),kilotonnes,241,237,229,231,230,229,230,233,223,214,216,214,214,216,212,208,208,211,202,194,187
Japan,Energy,Emissions (N2O),kilotonnes,26,26.3,26.6,26.4,26.3,26.4,25.3,25.7,24.9,25.1,25.6,25.5,26.2,26.6,25.8,26.1,25.3,25.4,24.4,22.6,21.3
Japan,Energy,Emissions (CO2),kilotonnes,1210000,1190000,1220000,1240000,1260000,1240000,1240000,1250000,1220000,1110000,1180000,1190000,1230000,1240000,1210000,1160000,1140000,1140000,1110000,1070000,983000
Japan,Energy,Emissions (CO2eq) from CH4 (AR5),kilotonnes,6748,6636,6412,6468,6440,6412,6440,6524,6244,5992,6048,5992,5992,6048,5936,5824,5824,5908,5656,5432,5236
Japan,Energy,Emissions (CO2eq) from N2O (AR5),kilotonnes,6890,6969.5,7049,6996,6969.5,6996,6704.5,6810.5,6598.5,6651.5,6784,6757.5,6943,7049,6837,6916.5,6704.5,6731,6466,5989,5644.5
Japan,Energy,Emissions (CO2eq) (AR5),kilotonnes,1223638,1203605.5,1233461,1253464,1273409.5,1253408,1253144.5,1263334.5,1232842.5,1122643.5,1192832,1202749.5,1242935,1253097,1222773,1172740.5,1152528.5,1152639,1122122,1081421,993880.5
Japan,IPPU,Emissions (CH4),kilotonnes,10.9,10.5,10.7,11,11.3,11.5,11.4,11.8,11.2,9.45,11.1,10.7,10.6,11.1,11.2,10.9,10.6,10.8,10.7,10.5,9.56
Japan,IPPU,Emissions (N2O),kilotonnes,13.4,11.1,10,9.98,9.47,8.82,8.59,8.03,7.09,5.96,6.59,5.89,5.65,5.27,4.83,4.39,4.1,4.15,4.12,4.47,5.3
Japan,IPPU,Emissions (CO2),kilotonnes,68400,66600,64600,64600,64600,65800,65500,64900,60600,53800,56000,55800,54900,56900,56500,55600,54500,55500,54200,53200,49500
Japan,IPPU,Emissions (CO2eq) from F-gases (AR5),kilotonnes,55390.0112,56556.1167,52863.4493,55778.7131,55973.064,60540.3105,65204.7325,69383.2772,73173.1201,76768.612,80849.9813,88235.3161,97078.2828,104949.4949,115638.7954,125356.3412,135073.887,141876.1691,148678.4512,155480.7333,162283.0153
Japan,IPPU,Emissions (CO2eq) from CH4 (AR5),kilotonnes,305.2,294,299.6,308,316.4,322,319.2,330.4,313.6,264.6,310.8,299.6,296.8,310.8,313.6,305.2,296.8,302.4,299.6,294,267.68
Japan,IPPU,Emissions (CO2eq) from N2O (AR5),kilotonnes,3551,2941.5,2650,2644.7,2509.55,2337.3,2276.35,2127.95,1878.85,1579.4,1746.35,1560.85,1497.25,1396.55,1279.95,1163.35,1086.5,1099.75,1091.8,1184.55,1404.5
Japan,IPPU,Emissions (CO2eq) (AR5),kilotonnes,127646.2112,126391.6167,120413.0493,123331.4131,123399.014,128999.6105,133300.2825,136741.6272,135965.5701,132412.612,138907.1313,145895.7661,153772.3328,163556.8449,173732.3454,182424.8912,190957.187,198778.3191,204269.8512,210159.2833,213455.1953
Japan,Waste,Emissions (CH4),kilotonnes,581,553,531,507,492,479,471,463,446,411,415,396,372,367,338,326,321,324,313,301,290
Japan,Waste,Emissions (N2O),kilotonnes,9.31,9.2,9.08,8.96,8.78,8.68,8.56,8.54,8.44,8.28,8.17,8.11,8.12,8.13,8.04,8,7.73,7.68,7.73,7.95,7.8
Japan,Waste,Emissions (CO2),kilotonnes,5220,4820,4700,4790,4690,4630,4400,4510,4900,3950,4120,3750,3980,3960,3870,3830,3840,3740,3580,3480,3520
Japan,Waste,Emissions (CO2eq) from CH4 (AR5),kilotonnes,16268,15484,14868,14196,13776,13412,13188,12964,12488,11508,11620,11088,10416,10276,9464,9128,8988,9072,8764,8428,8120
Japan,Waste,Emissions (CO2eq) from N2O (AR5),kilotonnes,2467.15,2438,2406.2,2374.4,2326.7,2300.2,2268.4,2263.1,2236.6,2194.2,2165.05,2149.15,2151.8,2154.45,2130.6,2120,2048.45,2035.2,2048.45,2106.75,2067
Japan,Waste,Emissions (CO2eq) (AR5),kilotonnes,23955.15,22742,21974.2,21360.4,20792.7,20342.2,19856.4,19737.1,19624.6,17652.2,17905.05,16987.15,16547.8,16390.45,15464.6,15078,14876.45,14847.2,14392.45,14014.75,13707
Japan,Other,Emissions (N2O),kilotonnes,13.5,13.1,13.2,13.1,12.7,12.6,12.2,12.4,11.5,10.7,11,11.5,11.8,11.6,11.1,10.7,10.2,10.1,9.64,9.83,9.65
Japan,Other,Emissions (CO2eq) from N2O (AR5),kilotonnes,3577.5,3471.5,3498,3471.5,3365.5,3339,3233,3286,3047.5,2835.5,2915,3047.5,3127,3074,2941.5,2835.5,2703,2676.5,2554.6,2604.95,2557.25
Japan,Other,Emissions (CO2eq) (AR5),kilotonnes,3577.5,3471.5,3498,3471.5,3365.5,3339,3233,3286,3047.5,2835.5,2915,3047.5,3127,3074,2941.5,2835.5,2703,2676.5,2554.6,2604.95,2557.25
Japan,Farm-gate emissions,Emissions (CH4),kilotonnes,699.3689,674.9666,671.0149,662.1762,664.7122,660.2809,655.042,652.028,641.944,639.8792,639.9364,622.6197,618.6681,616.2624,607.1706,597.4756,590.8942,588.053,570.5656,570.0791,572.1395
Japan,Farm-gate emissions,Direct emissions (N2O),kilotonnes,17.335,17.1233,16.9232,17.0028,16.7704,16.5739,16.3229,16.854,14.9773,14.713,15.5975,14.263,14.4175,14.9042,15.3057,14.6312,14.869,14.9949,14.752,14.8071,14.7564
Japan,Farm-gate emissions,Indirect emissions (N2O),kilotonnes,5.1818,5.122,5.0566,5.1036,5.0158,4.9518,4.8748,5.0391,4.4273,4.3525,4.6413,4.2394,4.2829,4.4118,4.5436,4.3291,4.4132,4.4514,4.376,4.3882,4.3794
Japan,Farm-gate emissions,Emissions (N2O),kilotonnes,36.7716,36.6665,36.0622,36.2481,36.0025,35.438,34.6709,35.2556,31.7826,32.3389,32.96,30.5374,30.5552,30.8301,31.1821,30.6633,31.2125,31.0105,30.6573,30.7747,30.7612
Japan,Farm-gate emissions,Emissions (CO2),kilotonnes,31576.2491,30047.2967,28729.7592,28157.6977,27726.1673,27000.7506,25353.5654,25029.0073,22181.3216,24076.9698,22605.0929,21390.5185,20880.4693,19621.8188,19159.0154,20261.7076,20911.1533,19986.891,19850.4479,19985.267,19985.3004
Japan,Farm-gate emissions,Emissions (CO2eq) from CH4 (AR5),kilotonnes,19582.3284,18899.0648,18788.4174,18540.9329,18611.9422,18487.8649,18341.177,18256.783,17974.4333,17916.6179,17918.2188,17433.3518,17322.7069,17255.3464,17000.7762,16729.3179,16545.0378,16465.483,15975.8356,15962.2152,16019.9048
Japan,Farm-gate emissions,Emissions (CO2eq) from N2O (AR5),kilotonnes,9744.4839,9716.611,9556.4895,9605.7341,9540.6669,9391.078,9187.7943,9342.7374,8422.3787,8569.7958,8734.4052,8092.4229,8097.1378,8169.9795,8263.2623,8125.7658,8271.3118,8217.7801,8124.1817,8155.3039,8151.7131
Japan,Farm-gate emissions,Emissions (CO2eq) (AR5),kilotonnes,60903.0614,58662.9726,57074.6661,56304.3647,55878.7764,54879.6935,52882.5367,52628.5278,48578.1336,50563.3835,49257.7169,46916.2933,46300.314,45047.1447,44423.0539,45116.7913,45727.5029,44670.1541,43950.4652,44102.7861,44156.9184
Japan,Land Use change,Emissions (CH4),kilotonnes,0,0,0,0,0,0,0,0,0,0,0,0,0,0,0,0,0,0,0,0,0
Japan,Land Use change,Emissions (N2O),kilotonnes,0,0,0,0,0,0,0,0,0,0,0,0,0,0,0,0,0,0,0,0,0
Japan,Land Use change,Emissions (CO2),kilotonnes,1990.2667,786.5,786.5,786.5,786.5,786.5,786.5,786.5,786.5,786.5,786.5,3581.6,3581.6,3581.6,3581.6,3581.6,1720.4,1720.4,1720.4,1720.4,1720.4
Japan,Land Use change,Emissions (CO2eq) from CH4 (AR5),kilotonnes,0,0,0,0,0,0,0,0,0,0,0,0,0,0,0,0,0,0,0,0,0
Japan,Land Use change,Emissions (CO2eq) from N2O (AR5),kilotonnes,0,0,0,0,0,0,0,0,0,0,0,0,0,0,0,0,0,0,0,0,0
Japan,Land Use change,Emissions (CO2eq) (AR5),kilotonnes,1990.2667,786.5,786.5,786.5,786.5,786.5,786.5,786.5,786.5,786.5,786.5,3581.6,3581.6,3581.6,3581.6,3581.6,1720.4,1720.4,1720.4,1720.4,1720.4
Japan,Emissions on agricultural land,Emissions (CH4),kilotonnes,699.3689,674.9666,671.0149,662.1762,664.7122,660.2809,655.042,652.028,641.944,639.8792,639.9364,622.6197,618.6681,616.2624,607.1706,597.4756,590.8942,588.053,570.5656,570.0791,572.1395
Japan,Emissions on agricultural land,Emissions (N2O),kilotonnes,36.7716,36.6665,36.0622,36.2481,36.0025,35.438,34.6709,35.2556,31.7826,32.3389,32.96,30.5374,30.5552,30.8301,31.1821,30.6633,31.2125,31.0105,30.6573,30.7747,30.7612
Japan,Emissions on agricultural land,Emissions (CO2),kilotonnes,33566.5158,30833.7967,29516.2592,28944.1977,28512.6673,27787.2506,26140.0654,25815.5073,22967.8216,24863.4698,23391.5929,24972.1185,24462.0693,23203.4188,22740.6154,23843.3076,22631.5533,21707.291,21570.8479,21705.667,21705.7004
Japan,Emissions on agricultural land,Emissions (CO2eq) from CH4 (AR5),kilotonnes,19582.3284,18899.0648,18788.4174,18540.9329,18611.9422,18487.8649,18341.177,18256.783,17974.4333,17916.6179,17918.2188,17433.3518,17322.7069,17255.3464,17000.7762,16729.3179,16545.0378,16465.483,15975.8356,15962.2152,16019.9048
Japan,Emissions on agricultural land,Emissions (CO2eq) from N2O (AR5),kilotonnes,9744.4839,9716.611,9556.4895,9605.7341,9540.6669,9391.078,9187.7943,9342.7374,8422.3787,8569.7958,8734.4052,8092.4229,8097.1378,8169.9795,8263.2623,8125.7658,8271.3118,8217.7801,8124.1817,8155.3039,8151.7131
Japan,Emissions on agricultural land,Emissions (CO2eq) (AR5),kilotonnes,62893.328,59449.4726,57861.1661,57090.8647,56665.2764,55666.1935,53669.0367,53415.0278,49364.6336,51349.8835,50044.2169,50497.8933,49881.914,48628.7447,48004.6539,48698.3913,47447.9029,46390.5541,45670.8652,45823.1861,45877.3184
Japan,Pre- and post- production,Emissions (CH4),kilotonnes,411.0247,410.8563,414.765,414.2083,420.5977,425.7999,425.5374,431.9248,430.2512,425.8931,432.8874,426.0848,427.6143,427.8764,418.2863,413.6203,414.8076,422.4263,425.5882,441.2551,442.0696
Japan,Pre- and post- production,Emissions (N2O),kilotonnes,8.9185,8.9298,8.7944,8.7286,8.5429,8.547,8.3304,8.3021,8.146,7.9535,7.9695,7.8937,7.9407,7.8629,7.6482,7.5659,7.5171,7.8251,7.9946,8.4352,8.5755
Japan,Pre- and post- production,Emissions (CO2),kilotonnes,132862.0303,133375.7403,137057.3392,137925.4408,140018.1348,141072.1556,137552.7864,142247.0415,135704.9559,129384.5458,132118.8717,141833.6325,149257.4719,134356.9794,130129.6909,127073.8033,126925.7806,127159.0572,122229.5125,129195.19,119121.0045
Japan,Pre- and post- production,Emissions (CO2eq) from F-gases (AR5),kilotonnes,16933.1025,19690.6085,22421.62,24407.149,26564.6325,29920.6025,32594.9885,35274.5695,35854.3315,36120.3155,36232.5275,36273.0485,36281.3605,36279.2825,36279.2825,36279.2825,38957.305,39643.5645,40329.824,41016.0835,42810.5372
Japan,Pre- and post- production,Emissions (CO2eq) from CH4 (AR5),kilotonnes,11508.6929,11503.9753,11613.4207,11597.8333,11776.7358,11922.3978,11915.0461,12093.8934,12047.0331,11925.0072,12120.8486,11930.3744,11973.2015,11980.5383,11712.0171,11581.3674,11614.6141,11827.9375,11916.4687,12355.1436,12377.949
Japan,Pre- and post- production,Emissions (CO2eq) from N2O (AR5),kilotonnes,2363.3934,2366.3855,2330.5033,2313.0854,2263.879,2264.9534,2207.5491,2200.0616,2158.686,2107.6671,2111.9147,2091.8319,2104.2942,2083.6566,2026.7856,2004.969,1992.0376,2073.6443,2118.5562,2235.321,2272.5113
Japan,Pre- and post- production,Emissions (CO2eq) (AR5),kilotonnes,163667.2191,166936.7096,173422.8833,176243.5086,180623.3822,185180.1093,184270.37,191815.5659,185765.0065,179537.5356,182584.1624,192128.8873,199616.3281,184700.4567,180147.7761,176939.4222,179489.7373,180704.2036,176594.3614,184801.7381,176582.002
Japan,Agri-food systems,Emissions (CH4),kilotonnes,1110.3936,1085.8229,1085.7799,1076.3845,1085.3099,1086.0808,1080.5794,1083.9527,1072.1952,1065.7723,1072.8238,1048.7045,1046.2824,1044.1387,1025.4569,1011.0959,1005.7019,1010.4793,996.1537,1011.3342,1014.2091
Japan,Agri-food systems,Emissions (N2O),kilotonnes,45.6901,45.5962,44.8566,44.9767,44.5455,43.985,43.0013,43.5577,39.9285,40.2923,40.9295,38.4312,38.496,38.693,38.8304,38.2292,38.7296,38.8356,38.6518,39.2099,39.3367
Japan,Agri-food systems,Emissions (CO2),kilotonnes,166428.5461,164209.537,166573.5984,166869.6386,168530.8021,168859.4062,163692.8517,168062.5488,158672.7776,154248.0156,155510.4646,166805.751,173719.5412,157560.3982,152870.3063,150917.1109,149557.3338,148866.3482,143800.3604,150900.857,140826.705
Japan,Agri-food systems,Emissions (CO2eq) from F-gases (AR5),kilotonnes,16933.1025,19690.6085,22421.62,24407.149,26564.6325,29920.6025,32594.9885,35274.5695,35854.3315,36120.3155,36232.5275,36273.0485,36281.3605,36279.2825,36279.2825,36279.2825,38957.305,39643.5645,40329.824,41016.0835,42810.5372
Japan,Agri-food systems,Emissions (CO2eq) from CH4 (AR5),kilotonnes,31091.0213,30403.0401,30401.8382,30138.7662,30388.678,30410.2627,30256.2231,30350.6764,30021.4664,29841.6251,30039.0673,29363.7263,29295.9084,29235.8847,28712.7934,28310.6853,28159.6519,28293.4206,27892.3043,28317.3588,28397.8538
Japan,Agri-food systems,Emissions (CO2eq) from N2O (AR5),kilotonnes,12107.8773,12082.9965,11886.9928,11918.8195,11804.546,11656.0314,11395.3434,11542.799,10581.0646,10677.4629,10846.3198,10184.2548,10201.432,10253.6361,10290.0478,10130.7348,10263.3494,10291.4245,10242.7379,10390.6249,10424.2245
Japan,Agri-food systems,Emissions (CO2eq) (AR5),kilotonnes,226560.5471,226386.1822,231284.0494,233334.3733,237288.6586,240846.3028,237939.4067,245230.5937,235129.6401,230887.4191,232628.3793,242626.7806,249498.2421,233329.2015,228152.43,225637.8135,226937.6401,227094.7578,222265.2266,230624.9242,222459.3204
Japan,IPCC Agriculture,Emissions (CH4),kilotonnes,675.8523,658.5394,655.6339,648.9031,653.1842,648.7348,644.3655,641.3082,632.1874,631.4193,632.0089,615.0344,611.3404,609.0082,600.2679,590.6282,584.0148,580.8811,563.2586,562.6913,564.7516
Japan,IPCC Agriculture,Emissions (CH4),kilotonnes,967.9614,950.333,956.0315,937.8241,937.8586,950.1461,942.9896,934.5674,922.599,923.8497,919.9579,895.7969,881.0117,892.5905,883.9957,877.7657,881.6076,880.2838,877.0047,878.9156,883.534
Japan,IPCC Agriculture,Direct emissions (N2O),kilotonnes,17.335,17.1233,16.9232,17.0028,16.7704,16.5739,16.3229,16.854,14.9773,14.713,15.5975,14.263,14.4175,14.9042,15.3057,14.6312,14.869,14.9949,14.752,14.8071,14.7564
Japan,IPCC Agriculture,Indirect emissions (N2O),kilotonnes,5.1818,5.122,5.0566,5.1036,5.0158,4.9518,4.8748,5.0391,4.4273,4.3525,4.6413,4.2394,4.2829,4.4118,4.5436,4.3291,4.4132,4.4514,4.376,4.3882,4.3794
Japan,IPCC Agriculture,Emissions (N2O),kilotonnes,30.4151,30.0921,29.8115,29.911,29.5669,29.1744,28.8322,29.4656,26.9294,26.5256,27.5976,25.5524,25.6744,26.38,26.7958,25.8028,26.085,26.2585,25.9532,26.0071,25.9936
Japan,IPCC Agriculture,Emissions (N2O),kilotonnes,35.765,35.0878,35.0867,35.0994,34.745,35.0805,35.1959,36.7195,34.1741,33.5838,34.622,34.1299,33.7789,33.4032,32.8255,32.8684,32.6285,32.9631,32.6951,32.4396,32.4565
Japan,IPCC Agriculture,Emissions (CO2),kilotonnes,442.5307,367.6845,408.142,430.1888,402.2226,410.5599,383.4826,500.0792,439.9752,390.1006,402.9403,414.6514,520.161,577.7699,551.4974,459.4006,445.8199,486.3476,434.7629,435.0824,425.3634
Japan,IPCC Agriculture,Emissions (CO2eq) from CH4 (AR5),kilotonnes,18923.8638,18439.1035,18357.75,18169.2878,18289.1575,18164.5733,18042.2346,17956.6296,17701.2462,17679.7411,17696.2487,17220.962,17117.5324,17052.2302,16807.5009,16537.5891,16352.4141,16264.672,15771.2407,15755.3564,15813.0461
Japan,IPCC Agriculture,Emissions (CO2eq) from CH4 (AR5),kilotonnes,27102.9197,26609.3242,26768.8811,26259.0747,26260.04,26604.0914,26403.7079,26167.8874,25832.7732,25867.7905,25758.8211,25082.3133,24668.3267,24992.5348,24751.8801,24577.4407,24685.0121,24647.9451,24556.1309,24609.638,24738.9533
Japan,IPCC Agriculture,Emissions (CO2eq) from N2O (AR5),kilotonnes,8060.0005,7974.4004,7900.0375,7926.4074,7835.2314,7731.2284,7640.5314,7808.377,7136.2944,7029.2736,7313.3554,6771.394,6803.7251,6990.7058,7100.8928,6837.7547,6912.5252,6958.5006,6877.608,6891.8893,6888.2986
Japan,IPCC Agriculture,Emissions (CO2eq) from N2O (AR5),kilotonnes,9477.7279,9298.2627,9297.9636,9301.345,9207.4341,9296.3205,9326.922,9730.6755,9056.1311,8899.7025,9174.8266,9044.4236,8951.4132,8851.8378,8698.7694,8710.1178,8646.563,8735.2161,8664.2025,8596.4883,8600.9765
Japan,IPCC Agriculture,Emissions (CO2eq) (AR5),kilotonnes,26983.8642,26413.504,26257.7875,26095.6952,26124.3889,25895.8018,25682.766,25765.0066,24837.5405,24709.0147,25009.6041,23992.356,23921.2575,24042.936,23908.3937,23375.3438,23264.9393,23223.1726,22648.8487,22647.2457,22701.3446
Japan,IPCC Agriculture,Emissions (CO2eq) (AR5),kilotonnes,37023.1784,36275.2714,36474.9868,35990.6086,35869.6967,36310.9719,36114.1125,36398.6421,35328.8794,35157.5936,35336.588,34541.3884,34139.9009,34422.1425,34002.1469,33746.9591,33777.395,33869.5087,33655.0963,33641.2088,33765.2931
Japan,Agricultural Soils,Direct emissions (N2O),kilotonnes,17.335,17.1233,16.9232,17.0028,16.7704,16.5739,16.3229,16.854,14.9773,14.713,15.5975,14.263,14.4175,14.9042,15.3057,14.6312,14.869,14.9949,14.752,14.8071,14.7564
Japan,Agricultural Soils,Direct emissions (N2O),kilotonnes,13.8527,13.4463,13.373,13.2716,13.0538,12.9949,12.8438,13.5465,11.927,11.4646,12.1964,11.9685,11.9949,12.07,11.9157,11.965,11.8637,11.9514,11.8766,11.7225,11.6635
Japan,Agricultural Soils,Indirect emissions (N2O),kilotonnes,5.1818,5.122,5.0566,5.1036,5.0158,4.9518,4.8748,5.0391,4.4273,4.3525,4.6413,4.2394,4.2829,4.4118,4.5436,4.3291,4.4132,4.4514,4.376,4.3882,4.3794
Japan,Agricultural Soils,Indirect emissions (N2O),kilotonnes,8.8956,8.6239,8.58,8.5489,8.3868,8.3847,8.3339,8.8739,7.7862,7.4576,8.0099,7.8752,7.841,7.935,7.8538,7.9726,7.9229,8.0146,7.9757,7.8306,7.8293
Japan,Agricultural Soils,Emissions (N2O),kilotonnes,26.2087,25.9224,25.6444,25.7641,25.4478,25.1301,24.7642,25.3508,22.8031,22.3785,23.4822,21.6971,21.8481,22.4216,22.9019,21.9831,22.3013,22.4603,22.1404,22.1971,22.1377
Japan,Agricultural Soils,Emissions (N2O),kilotonnes,22.7482,22.0702,21.953,21.8205,21.4406,21.3796,21.1777,22.4204,19.7132,18.9222,20.2062,19.8437,19.8359,20.005,19.7695,19.9376,19.7866,19.9661,19.8523,19.5532,19.4928
Japan,Agricultural Soils,Emissions (CO2eq) from N2O (AR5),kilotonnes,6945.2953,6869.4492,6795.7548,6827.4744,6743.6695,6659.4743,6562.5161,6717.9735,6042.81,5930.3124,6222.7866,5749.7225,5789.7416,5941.7323,6069.0141,5825.515,5909.8575,5951.9884,5867.1933,5882.2333,5866.4876
Japan,Agricultural Soils,Emissions (CO2eq) from N2O (AR5),kilotonnes,6028.2798,5848.6126,5817.5434,5782.4263,5681.7713,5665.6015,5612.0777,5941.4014,5223.9934,5014.3805,5354.647,5258.5868,5256.5081,5301.319,5238.9192,5283.4743,5243.4569,5291.0079,5260.8599,5181.5883,5165.596
Japan,Agricultural Soils,Emissions (CO2eq) (AR5),kilotonnes,6945.2953,6869.4492,6795.7548,6827.4744,6743.6695,6659.4743,6562.5161,6717.9735,6042.81,5930.3124,6222.7866,5749.7225,5789.7416,5941.7323,6069.0141,5825.515,5909.8575,5951.9884,5867.1933,5882.2333,5866.4876
Japan,Agricultural Soils,Emissions (CO2eq) (AR5),kilotonnes,6028.2798,5848.6126,5817.5434,5782.4263,5681.7713,5665.6015,5612.0777,5941.4014,5223.9934,5014.3805,5354.647,5258.5868,5256.5081,5301.319,5238.9192,5283.4743,5243.4569,5291.0079,5260.8599,5181.5883,5165.596
Japan,LULUCF,Emissions (CH4),kilotonnes,0.3906,0.1592,0.2388,0.1965,0.1095,0.2289,0.1741,0.3581,0.4628,0.1418,0.1617,0.2711,0.097,0.1368,0.7288,0.2263,0.0945,0.2338,0.4179,0.3831,0.3756
Japan,LULUCF,Emissions (CH4),kilotonnes,3.5163,3.6795,4.0291,3.2095,3.5626,3.3896,3.0229,2.9814,3.8807,3.2357,2.9541,2.9709,2.7406,2.7967,3.5485,2.869,2.6306,3.4986,2.6543,2.7574,
Japan,LULUCF,Emissions (N2O),kilotonnes,0.0216,0.0145,0.0218,0.0179,0.01,0.0209,0.0159,0.0327,0.0423,0.0129,0.0148,0.0248,0.0089,0.0125,0.0665,0.0207,0.0086,0.0213,0.0382,0.035,0.0343
Japan,LULUCF,Emissions (N2O),kilotonnes,0.6722,0.669,0.6664,0.6536,0.6479,0.6396,0.6309,0.6267,0.6278,0.6187,0.612,0.6113,0.6152,0.6165,0.6243,0.6224,0.6243,0.6365,0.6398,0.6485,
Japan,LULUCF,Emissions (CO2),kilotonnes,-75529.3755,-97219.4439,-97237.4749,-97247.4103,-97241.9661,-97324.5178,-97379.2081,-97536.2442,-97622.2507,-97745.8256,-97846.2812,-49217.4087,-49285.1491,-49345.9151,-49422.3378,-49465.5142,-31774.5665,-31781.98,-31784.6031,-31799.7369,-31799.7034
Japan,LULUCF,Emissions (CO2),kilotonnes,-85029.8354,-85599.4284,-87379.8284,-98105.1877,-94558.59,-89050.3191,-84384.3218,-79896.0718,-69114.2019,-66031.7793,-70237.8811,-68396.228,-70490.5573,-63313.429,-61304.8829,-56805.7439,-52629.1167,-56765.3823,-56152.6024,-50396.4971,
Japan,LULUCF,Emissions (CO2eq) from CH4 (AR5),kilotonnes,10.9365,4.4567,6.6856,5.5021,3.065,6.408,4.875,10.0281,12.9583,3.9698,4.5266,7.5911,2.7163,3.8312,20.4063,6.3375,2.6466,6.5465,11.7003,10.7256,10.5163
Japan,LULUCF,Emissions (CO2eq) from N2O (AR5),kilotonnes,5.7259,3.8512,5.7772,4.7545,2.6486,5.5373,4.2126,8.6656,11.1976,3.4304,3.9116,6.5597,2.3472,3.3106,17.6337,5.4764,2.287,5.657,10.1105,9.2683,9.0875
Japan,LULUCF,Emissions (CO2eq) (AR5),kilotonnes,-75512.7131,-97211.136,-97225.0121,-97237.1538,-97236.2525,-97312.5725,-97370.1205,-97517.5505,-97598.0948,-97738.4254,-97837.843,-49203.2579,-49280.0856,-49338.7733,-49384.2978,-49453.7003,-31769.6329,-31769.7765,-31762.7923,-31779.743,-31780.0997
Japan,LULUCF,Emissions (CO2eq) (AR5),kilotonnes,-85029.8354,-85599.4284,-87379.8284,-98105.1877,-94558.59,-89050.3191,-84384.3218,-79896.0718,-69114.2019,-66031.7793,-70237.8811,-68396.228,-70490.5573,-63313.429,-61304.8829,-56805.7439,-52629.1167,-56765.3823,-56152.6024,-50396.4971,
Japan,AFOLU,Emissions (CH4),kilotonnes,676.2429,658.6986,655.8727,649.0996,653.2937,648.9636,644.5396,641.6663,632.6502,631.5611,632.1705,615.3055,611.4375,609.145,600.9967,590.8545,584.1093,581.1149,563.6765,563.0744,565.1272
Japan,AFOLU,Emissions (N2O),kilotonnes,30.4367,30.1066,29.8333,29.9289,29.5769,29.1953,28.8481,29.4983,26.9717,26.5385,27.6123,25.5772,25.6833,26.3925,26.8624,25.8235,26.0936,26.2798,25.9914,26.0421,26.0279
Japan,AFOLU,Emissions (CO2),kilotonnes,-75529.3755,-97219.4439,-97237.4749,-97247.4103,-97241.9661,-97324.5178,-97379.2081,-97536.2442,-97622.2507,-97745.8256,-97846.2812,-49217.4087,-49285.1491,-49345.9151,-49422.3378,-49465.5142,-31774.5665,-31781.98,-31784.6031,-31799.7369,-31799.7034
Japan,AFOLU,Emissions (CO2eq) from CH4 (AR5),kilotonnes,18934.8003,18443.5603,18364.4356,18174.7898,18292.2225,18170.9813,18047.1096,17966.6577,17714.2045,17683.7109,17700.7753,17228.5531,17120.2487,17056.0613,16827.9072,16543.9266,16355.0606,16271.2185,15782.941,15766.082,15823.5624
Japan,AFOLU,Emissions (CO2eq) from N2O (AR5),kilotonnes,8065.7263,7978.2516,7905.8147,7931.1619,7837.88,7736.7658,7644.744,7817.0425,7147.492,7032.7041,7317.267,6777.9537,6806.0723,6994.0164,7118.5266,6843.2312,6914.8122,6964.1576,6887.7185,6901.1577,6897.386
Japan,AFOLU,Emissions (CO2eq) (AR5),kilotonnes,-48528.8489,-70797.632,-70967.2246,-71141.4586,-71111.8636,-71416.7708,-71687.3544,-71752.544,-72760.5543,-73029.4107,-72828.2389,-25210.9019,-25358.8281,-25295.8373,-25475.904,-26078.3564,-8504.6936,-8546.604,-9113.9436,-9132.4972,-9078.755
Japan,All sectors with LULUCF,Emissions (CH4),kilotonnes,1509.1429,1459.1986,1426.5727,1398.0996,1386.5937,1368.4636,1356.9396,1349.4663,1312.8502,1266.0111,1274.2705,1236.0055,1208.0375,1203.245,1162.1967,1135.7545,1123.7093,1126.9149,1089.3765,1068.5744,1051.6872
Japan,All sectors with LULUCF,Emissions (N2O),kilotonnes,92.6467,89.8066,88.7133,88.3689,86.8269,85.6953,83.4981,84.1683,78.9017,76.5785,78.9723,76.5772,77.4533,77.9925,76.6324,75.0135,73.4236,73.6098,71.8814,70.8921,70.0779
Japan,All sectors with LULUCF,Emissions (CO2),kilotonnes,1208090.625,1164200.556,1192062.525,1212142.59,1232048.034,1213105.482,1212520.792,1221873.756,1187877.749,1070004.174,1142273.719,1200332.591,1239594.851,1251514.085,1220947.662,1169964.486,1166565.434,1167458.02,1135995.397,1094880.263,1004220.297
Japan,All sectors with LULUCF,Emissions (CO2eq) from F-gases (AR5),kilotonnes,55390.0112,56556.1167,52863.4493,55778.7131,55973.064,60540.3105,65204.7325,69383.2772,73173.1201,76768.612,80849.9813,88235.3161,97078.2828,104949.4949,115638.7954,125356.3412,135073.887,141876.1691,148678.4512,155480.7333,162283.0153
Japan,All sectors with LULUCF,Emissions (CO2eq) from CH4 (AR5),kilotonnes,42256.0003,40857.5603,39944.0356,39146.7898,38824.6225,38316.9813,37994.3096,37785.0577,36759.8045,35448.3109,35679.5753,34608.1531,33825.0487,33690.8613,32541.5072,31801.1266,31463.8606,31553.6185,30502.541,29920.082,29447.2424
Japan,All sectors with LULUCF,Emissions (CO2eq) from N2O (AR5),kilotonnes,24551.3763,23798.7516,23509.0147,23417.7619,23009.13,22709.2658,22126.994,22304.5925,20908.942,20293.3041,20927.667,20292.9537,20525.1223,20668.0164,20307.5766,19878.5812,19457.2622,19506.6076,19048.5685,18786.4077,18570.636
Japan,All sectors with LULUCF,Emissions (CO2eq) (AR5),kilotonnes,1330288.012,1285412.985,1308379.025,1330485.855,1349854.85,1334672.04,1337846.828,1351346.683,1318719.616,1202514.401,1279730.942,1343469.014,1391023.305,1410822.458,1389435.541,1347000.535,1352560.443,1360394.415,1334224.958,1299067.486,1214521.19
Japan,All sectors without LULUCF,Emissions (CH4),kilotonnes,1508.7523,1459.0394,1426.3339,1397.9031,1386.4842,1368.2348,1356.7655,1349.1082,1312.3874,1265.8693,1274.1089,1235.7344,1207.9404,1203.1082,1161.4679,1135.5282,1123.6148,1126.6811,1088.9586,1068.1913,1051.3116
Japan,All sectors without LULUCF,Emissions (N2O),kilotonnes,92.6251,89.7921,88.6915,88.351,86.8169,85.6744,83.4822,84.1356,78.8594,76.5656,78.9576,76.5524,77.4444,77.98,76.5658,74.9928,73.415,73.5885,71.8432,70.8571,70.0436
Japan,All sectors without LULUCF,Emissions (CO2),kilotonnes,1283620,1261420,1289300,1309390,1329290,1310430,1309900,1319410,1285500,1167750,1240120,1249550,1288880,1300860,1270370,1219430,1198340,1199240,1167780,1126680,1036020
Japan,All sectors without LULUCF,Emissions (CO2eq) from F-gases (AR5),kilotonnes,55390.0112,56556.1167,52863.4493,55778.7131,55973.064,60540.3105,65204.7325,69383.2772,73173.1201,76768.612,80849.9813,88235.3161,97078.2828,104949.4949,115638.7954,125356.3412,135073.887,141876.1691,148678.4512,155480.7333,162283.0153
Japan,All sectors without LULUCF,Emissions (CO2eq) from CH4 (AR5),kilotonnes,42245.0638,40853.1035,39937.35,39141.2878,38821.5575,38310.5733,37989.4346,37775.0296,36746.8462,35444.3411,35675.0487,34600.562,33822.3324,33687.0302,32521.1009,31794.7891,31461.2141,31547.072,30490.8407,29909.3564,29436.7261
Japan,All sectors without LULUCF,Emissions (CO2eq) from N2O (AR5),kilotonnes,24545.6505,23794.9004,23503.2375,23413.0074,23006.4814,22703.7284,22122.7814,22295.927,20897.7444,20289.8736,20923.7554,20286.394,20522.7751,20664.7058,20289.9428,19873.1047,19454.9752,19500.9506,19038.458,18777.1393,18561.5486
Japan,All sectors without LULUCF,Emissions (CO2eq) (AR5),kilotonnes,1405800.726,1382624.121,1405604.037,1427723.008,1447091.103,1431984.612,1435216.949,1448864.234,1416317.711,1300252.827,1377568.785,1392672.272,1440303.39,1460161.231,1438819.839,1396454.235,1384330.076,1392164.192,1365987.75,1330847.229,1246301.29
Jordan,Crop Residues,Direct emissions (N2O),kilotonnes,0.0141,0.0132,0.0288,0.0208,0.0155,0.0252,0.0188,0.0149,0.014,0.0157,0.0202,0.0212,0.0212,0.0234,0.0245,0.0248,0.0263,0.0226,0.0216,0.0284,0.0243
Jordan,Crop Residues,Indirect emissions (N2O),kilotonnes,0.0032,0.003,0.0065,0.0047,0.0035,0.0057,0.0042,0.0034,0.0031,0.0035,0.0045,0.0048,0.0048,0.0053,0.0055,0.0056,0.0059,0.0051,0.0049,0.0064,0.0055
Jordan,Crop Residues,Emissions (N2O),kilotonnes,0.0173,0.0162,0.0353,0.0254,0.019,0.0309,0.023,0.0182,0.0171,0.0193,0.0247,0.026,0.0259,0.0286,0.03,0.0304,0.0322,0.0277,0.0264,0.0348,0.0298
Jordan,Crop Residues,Emissions (CO2eq) from N2O (AR5),kilotonnes,4.5868,4.2965,9.3545,6.7393,5.037,8.1901,6.1081,4.8361,4.5406,5.1104,6.5539,6.8905,6.8676,7.5911,7.9519,8.0659,8.5451,7.3448,6.9982,9.227,7.8891
Jordan,Crop Residues,Emissions (CO2eq) (AR5),kilotonnes,4.5868,4.2965,9.3545,6.7393,5.037,8.1901,6.1081,4.8361,4.5406,5.1104,6.5539,6.8905,6.8676,7.5911,7.9519,8.0659,8.5451,7.3448,6.9982,9.227,7.8891
Jordan,Burning - Crop residues,Emissions (CH4),kilotonnes,0.0232,0.0167,0.0367,0.0334,0.0137,0.0352,0.0308,0.0246,0.0163,0.02,0.0272,0.0176,0.0204,0.0252,0.0264,0.0266,0.028,0.0122,0.0131,0.0138,0.014
Jordan,Burning - Crop residues,Emissions (CH4),kilotonnes,0.0106,,,,,,,,,,,,,,,,,,,,
Jordan,Burning - Crop residues,Emissions (N2O),kilotonnes,0.0006,0.0004,0.001,0.0009,0.0004,0.0009,0.0008,0.0006,0.0004,0.0005,0.0007,0.0005,0.0005,0.0007,0.0007,0.0007,0.0007,0.0003,0.0003,0.0004,0.0004
Jordan,Burning - Crop residues,Emissions (N2O),kilotonnes,0.0003,,,,,,,,,,,,,,,,,,,,
Jordan,Burning - Crop residues,Emissions (CO2eq) from CH4 (AR5),kilotonnes,0.6482,0.4672,1.0265,0.9357,0.3841,0.9856,0.8628,0.6877,0.4554,0.559,0.7622,0.4935,0.5716,0.7046,0.7403,0.7441,0.7836,0.3422,0.367,0.3857,0.3907
Jordan,Burning - Crop residues,Emissions (CO2eq) from CH4 (AR5),kilotonnes,0.2968,,,,,,,,,,,,,,,,,,,,
Jordan,Burning - Crop residues,Emissions (CO2eq) from N2O (AR5),kilotonnes,0.1591,0.1146,0.2519,0.2296,0.0943,0.2418,0.2117,0.1687,0.1117,0.1372,0.187,0.1211,0.1402,0.1729,0.1816,0.1826,0.1923,0.084,0.0901,0.0946,0.0959
Jordan,Burning - Crop residues,Emissions (CO2eq) from N2O (AR5),kilotonnes,0.0795,,,,,,,,,,,,,,,,,,,,
Jordan,Burning - Crop residues,Emissions (CO2eq) (AR5),kilotonnes,0.8073,0.5818,1.2784,1.1653,0.4784,1.2274,1.0745,0.8564,0.5671,0.6962,0.9493,0.6146,0.7118,0.8774,0.9219,0.9266,0.9759,0.4262,0.4571,0.4803,0.4865
Jordan,Burning - Crop residues,Emissions (CO2eq) (AR5),kilotonnes,0.3763,,,,,,,,,,,,,,,,,,,,
Jordan,Enteric Fermentation,Emissions (CH4),kilotonnes,12.6795,12.4989,13.1965,13.2277,13.4079,15.1492,15.3541,17.8713,21.5857,18.2705,17.9688,18.4816,18.4883,19.2256,21.2019,20.9609,24.674,23.0427,22.7929,22.4565,21.9409
Jordan,Enteric Fermentation,Emissions (CH4),kilotonnes,0.0181,,,,,,,,,,,,,,,,,,,,
Jordan,Enteric Fermentation,Emissions (CO2eq) from CH4 (AR5),kilotonnes,355.026,349.9698,369.5026,370.3745,375.422,424.1768,429.9134,500.3964,604.4004,511.5746,503.1275,517.4848,517.6727,538.3181,593.6541,586.9062,690.8707,645.1967,638.202,628.7817,614.345
Jordan,Enteric Fermentation,Emissions (CO2eq) from CH4 (AR5),kilotonnes,0.5068,,,,,,,,,,,,,,,,,,,,
Jordan,Enteric Fermentation,Emissions (CO2eq) (AR5),kilotonnes,355.026,349.9698,369.5026,370.3745,375.422,424.1768,429.9134,500.3964,604.4004,511.5746,503.1275,517.4848,517.6727,538.3181,593.6541,586.9062,690.8707,645.1967,638.202,628.7817,614.345
Jordan,Enteric Fermentation,Emissions (CO2eq) (AR5),kilotonnes,0.5068,,,,,,,,,,,,,,,,,,,,
Jordan,Manure Management,Emissions (CH4),kilotonnes,0.9001,0.9003,0.9332,0.9761,1.0464,1.1163,1.0096,1.094,1.2151,1.1485,1.1759,1.2114,1.1416,1.1758,1.2467,1.2538,1.3829,1.3165,1.3217,1.3141,1.297
Jordan,Manure Management,Emissions (CH4),kilotonnes,0.0012,,,,,,,,,,,,,,,,,,,,
Jordan,Manure Management,Emissions (N2O),kilotonnes,0.0225,0.0228,0.023,0.0246,0.0271,0.0278,0.0239,0.0236,0.0237,0.0248,0.0268,0.0277,0.0245,0.0249,0.0253,0.0266,0.0267,0.026,0.0267,0.027,0.0268
Jordan,Manure Management,Emissions (N2O),kilotonnes,0.0021,,,,,,,,,,,,,,,,,,,,
Jordan,Manure Management,Emissions (CO2eq) from CH4 (AR5),kilotonnes,25.2025,25.2085,26.129,27.3301,29.3,31.2551,28.2691,30.6328,34.0225,32.1576,32.9261,33.9179,31.9658,32.9213,34.9088,35.1059,38.7223,36.8614,37.0084,36.7959,36.3159
Jordan,Manure Management,Emissions (CO2eq) from CH4 (AR5),kilotonnes,0.0336,,,,,,,,,,,,,,,,,,,,
Jordan,Manure Management,Emissions (CO2eq) from N2O (AR5),kilotonnes,5.9735,6.04,6.0922,6.5085,7.1933,7.3691,6.337,6.2654,6.2728,6.5766,7.0953,7.3393,6.4859,6.6033,6.7122,7.055,7.0629,6.8947,7.0778,7.1607,7.1064
Jordan,Manure Management,Emissions (CO2eq) from N2O (AR5),kilotonnes,0.5565,,,,,,,,,,,,,,,,,,,,
Jordan,Manure Management,Emissions (CO2eq) (AR5),kilotonnes,31.176,31.2485,32.2212,33.8386,36.4933,38.6241,34.6061,36.8982,40.2952,38.7342,40.0215,41.2572,38.4517,39.5247,41.621,42.1609,45.7852,43.7561,44.0862,43.9565,43.4223
Jordan,Manure Management,Emissions (CO2eq) (AR5),kilotonnes,0.5901,,,,,,,,,,,,,,,,,,,,
Jordan,Manure left on Pasture,Direct emissions (N2O),kilotonnes,0.7089,0.7022,0.736,0.7521,0.782,0.8561,0.8236,0.916,1.0806,0.9544,0.9548,0.983,0.9552,0.987,1.0663,1.0697,1.2134,1.1355,1.1336,1.1233,1.0995
Jordan,Manure left on Pasture,Indirect emissions (N2O),kilotonnes,0.2358,0.231,0.2442,0.2484,0.2546,0.2852,0.2793,0.3152,0.3856,0.3343,0.33,0.3396,0.3343,0.3466,0.3792,0.3767,0.4374,0.4052,0.4029,0.3976,0.3879
Jordan,Manure left on Pasture,Emissions (N2O),kilotonnes,0.9447,0.9332,0.9803,1.0006,1.0366,1.1413,1.1029,1.2312,1.4661,1.2887,1.2848,1.3226,1.2895,1.3336,1.4456,1.4464,1.6508,1.5407,1.5364,1.5209,1.4874
Jordan,Manure left on Pasture,Emissions (CO2eq) from N2O (AR5),kilotonnes,250.3395,247.2877,259.7722,265.1464,274.7036,302.4474,292.2679,326.2695,388.519,341.517,340.4666,350.4766,341.7178,353.4068,383.0746,383.2847,437.4672,408.2759,407.1523,403.0363,394.1619
Jordan,Manure left on Pasture,Emissions (CO2eq) (AR5),kilotonnes,250.3395,247.2877,259.7722,265.1464,274.7036,302.4474,292.2679,326.2695,388.519,341.517,340.4666,350.4766,341.7178,353.4068,383.0746,383.2847,437.4672,408.2759,407.1523,403.0363,394.1619
Jordan,Manure applied to Soils,Direct emissions (N2O),kilotonnes,0.044,0.0444,0.0448,0.048,0.0531,0.0544,0.0466,0.0459,0.046,0.0485,0.0524,0.0542,0.0478,0.0486,0.0494,0.052,0.052,0.0507,0.0521,0.0527,0.0523
Jordan,Manure applied to Soils,Indirect emissions (N2O),kilotonnes,0.0187,0.0189,0.019,0.0204,0.0226,0.0231,0.0198,0.0195,0.0195,0.0206,0.0223,0.023,0.0203,0.0207,0.021,0.0221,0.0221,0.0216,0.0221,0.0224,0.0222
Jordan,Manure applied to Soils,Emissions (N2O),kilotonnes,0.0627,0.0633,0.0638,0.0684,0.0756,0.0776,0.0664,0.0654,0.0655,0.0691,0.0747,0.0773,0.0681,0.0693,0.0705,0.074,0.0741,0.0723,0.0742,0.0751,0.0745
Jordan,Manure applied to Soils,Emissions (CO2eq) from N2O (AR5),kilotonnes,16.6266,16.7839,16.9155,18.1154,20.0449,20.557,17.6073,17.3211,17.3528,18.32,19.7912,20.4736,18.0361,18.3636,18.6729,19.6215,19.6369,19.1504,19.669,19.9004,19.7443
Jordan,Manure applied to Soils,Emissions (CO2eq) (AR5),kilotonnes,16.6266,16.7839,16.9155,18.1154,20.0449,20.557,17.6073,17.3211,17.3528,18.32,19.7912,20.4736,18.0361,18.3636,18.6729,19.6215,19.6369,19.1504,19.669,19.9004,19.7443
Jordan,Synthetic Fertilizers,Direct emissions (N2O),kilotonnes,0.1478,0.1571,0.1666,0.1713,0.0739,0.1681,0.0723,0.1021,0.1226,0.1289,0.1603,0.1603,0.165,0.39,0.2929,0.5425,0.3475,0.3156,0.313,0.3065,0.2394
Jordan,Synthetic Fertilizers,Indirect emissions (N2O),kilotonnes,0.048,0.0511,0.0541,0.0557,0.024,0.0546,0.0235,0.0332,0.0398,0.0419,0.0521,0.0521,0.0536,0.1267,0.0952,0.1763,0.1129,0.1026,0.1017,0.0996,0.0778
Jordan,Synthetic Fertilizers,Emissions (N2O),kilotonnes,0.1958,0.2082,0.2207,0.227,0.0979,0.2228,0.0958,0.1353,0.1624,0.1707,0.2124,0.2124,0.2186,0.5167,0.3881,0.7188,0.4604,0.4182,0.4147,0.4061,0.3172
Jordan,Synthetic Fertilizers,Emissions (CO2eq) from N2O (AR5),kilotonnes,51.8882,55.1768,58.4874,60.1427,25.9331,59.0392,25.3813,35.8649,43.0379,45.245,56.2803,56.2803,57.9356,136.9322,102.844,190.4868,122.0124,110.8226,109.9011,107.6113,84.0674
Jordan,Synthetic Fertilizers,Emissions (CO2eq) (AR5),kilotonnes,51.8882,55.1768,58.4874,60.1427,25.9331,59.0392,25.3813,35.8649,43.0379,45.245,56.2803,56.2803,57.9356,136.9322,102.844,190.4868,122.0124,110.8226,109.9011,107.6113,84.0674
Jordan,Drained organic soils,Emissions (CO2eq) (AR5),kilotonnes,0,0,0,0,0,0,0,0,0,0,0,0,0,0,0,0,0,0,0,0,0
Jordan,Drained organic soils (CO2),Emissions (CO2),kilotonnes,0,0,0,0,0,0,0,0,0,0,0,0,0,0,0,0,0,0,0,0,0
Jordan,Drained organic soils (CO2),Emissions (CO2eq) (AR5),kilotonnes,0,0,0,0,0,0,0,0,0,0,0,0,0,0,0,0,0,0,0,0,0
Jordan,Drained organic soils (N2O),Emissions (N2O),kilotonnes,0,0,0,0,0,0,0,0,0,0,0,0,0,0,0,0,0,0,0,0,0
Jordan,Drained organic soils (N2O),Emissions (CO2eq) from N2O (AR5),kilotonnes,0,0,0,0,0,0,0,0,0,0,0,0,0,0,0,0,0,0,0,0,0
Jordan,Drained organic soils (N2O),Emissions (CO2eq) (AR5),kilotonnes,0,0,0,0,0,0,0,0,0,0,0,0,0,0,0,0,0,0,0,0,0
Jordan,On-farm energy use,Emissions (CH4),kilotonnes,0.0697,0.0646,0.0642,0.0686,0.0662,0.0706,0.0699,0.0709,0.0641,0.0684,0.066,0.0644,0.0673,0.4293,0.3578,0.156,0.1324,0.0846,0.0687,0.0617,0.0617
Jordan,On-farm energy use,Emissions (N2O),kilotonnes,0.0777,0.0821,0.084,0.0899,0.1076,0.1234,0.1156,0.1174,0.0972,0.1041,0.097,0.0982,0.1088,0.0912,0.1038,0.1054,0.1165,0.1276,0.1301,0.1356,0.1356
Jordan,On-farm energy use,Emissions (CO2),kilotonnes,468.0243,425.267,424.9186,487.9285,473.6104,529.3731,507.5802,471.7108,405.614,414.3599,376.5353,362.7706,395.9762,459.9665,477.9496,421.4813,433.6657,461.9566,457.6724,469.6202,469.6202
Jordan,On-farm energy use,Emissions (CO2eq) from CH4 (AR5),kilotonnes,1.9521,1.8083,1.7988,1.9216,1.8527,1.9775,1.9561,1.9853,1.7945,1.9158,1.8487,1.8028,1.8836,12.0216,10.0177,4.369,3.708,2.369,1.9243,1.7266,1.7266
Jordan,On-farm energy use,Emissions (CO2eq) from N2O (AR5),kilotonnes,20.5908,21.7518,22.272,23.8182,28.5057,32.6906,30.626,31.098,25.7502,27.5901,25.709,26.0222,28.835,24.1572,27.5003,27.9324,30.8828,33.811,34.4638,35.9237,35.9237
Jordan,On-farm energy use,Emissions (CO2eq) (AR5),kilotonnes,490.5673,448.8272,448.9894,513.6683,503.9688,564.0412,540.1623,504.7941,433.1587,443.8658,404.0929,390.5956,426.6949,496.1453,515.4676,453.7827,468.2566,498.1366,494.0605,507.2705,507.2705
Jordan,Forestland,Emissions (CO2),kilotonnes,0,0,0,0,0,0,0,0,0,0,0,0,0,0,0,0,0,0,0,0,0
Jordan,Forestland,Emissions (CO2eq) (AR5),kilotonnes,0,0,0,0,0,0,0,0,0,0,0,0,0,0,0,0,0,0,0,0,0
Jordan,Net Forest conversion,Emissions (CO2),kilotonnes,0,0,0,0,0,0,0,0,0,0,0,0,0,0,0,0,0,0,0,0,0
Jordan,Net Forest conversion,Emissions (CO2eq) (AR5),kilotonnes,0,0,0,0,0,0,0,0,0,0,0,0,0,0,0,0,0,0,0,0,0
Jordan,Savanna fires,Emissions (CH4),kilotonnes,0.0002,0.0014,0.004,0.0041,0.0005,0.0021,0,0,0,0,0,0,0.0003,0,0,0,0,0,0,0,0.004
Jordan,Savanna fires,Emissions (N2O),kilotonnes,0,0.0001,0.0004,0.0004,0,0.0002,0,0,0,0,0,0,0,0,0,0,0,0,0,0,0.0004
Jordan,Savanna fires,Emissions (CO2eq) from CH4 (AR5),kilotonnes,0.0063,0.0395,0.1131,0.1149,0.0144,0.0593,0,0,0,0,0,0,0.0072,0,0,0,0,0,0,0,0.1131
Jordan,Savanna fires,Emissions (CO2eq) from N2O (AR5),kilotonnes,0.0056,0.0341,0.0977,0.0993,0.0124,0.0512,0,0,0,0,0,0,0.0062,0,0,0,0,0,0,0,0.0978
Jordan,Savanna fires,Emissions (CO2eq) (AR5),kilotonnes,0.0119,0.0736,0.2108,0.2141,0.0268,0.1105,0,0,0,0,0,0,0.0134,0,0,0,0,0,0,0,0.2109
Jordan,Fires in organic soils,Emissions (CH4),kilotonnes,0,0,0,0,0,0,0,0,0,0,0,0,0,0,0,0,0,0,0,0,0
Jordan,Fires in organic soils,Emissions (CO2),kilotonnes,0,0,0,0,0,0,0,0,0,0,0,0,0,0,0,0,0,0,0,0,0
Jordan,Fires in organic soils,Emissions (CO2eq) from CH4 (AR5),kilotonnes,0,0,0,0,0,0,0,0,0,0,0,0,0,0,0,0,0,0,0,0,0
Jordan,Fires in organic soils,Emissions (CO2eq) (AR5),kilotonnes,0,0,0,0,0,0,0,0,0,0,0,0,0,0,0,0,0,0,0,0,0
Jordan,Forest fires,Emissions (CH4),kilotonnes,0,0,0,0,0,0,0,0,0,0,0,0,0,0,0,0,0,0,0,0,0
Jordan,Forest fires,Emissions (N2O),kilotonnes,0,0,0,0,0,0,0,0,0,0,0,0,0,0,0,0,0,0,0,0,0
Jordan,Forest fires,Emissions (CO2eq) from CH4 (AR5),kilotonnes,0,0,0,0,0,0,0,0,0,0,0,0,0,0,0,0,0,0,0,0,0
Jordan,Forest fires,Emissions (CO2eq) from N2O (AR5),kilotonnes,0,0,0,0,0,0,0,0,0,0,0,0,0,0,0,0,0,0,0,0,0
Jordan,Forest fires,Emissions (CO2eq) (AR5),kilotonnes,0,0,0,0,0,0,0,0,0,0,0,0,0,0,0,0,0,0,0,0,0
Jordan,Fires in humid tropical forests,Emissions (CH4),kilotonnes,0,0,0,0,0,0,0,0,0,0,0,0,0,0,0,0,0,0,0,0,0
Jordan,Fires in humid tropical forests,Emissions (N2O),kilotonnes,0,0,0,0,0,0,0,0,0,0,0,0,0,0,0,0,0,0,0,0,0
Jordan,Fires in humid tropical forests,Emissions (CO2eq) from CH4 (AR5),kilotonnes,0,0,0,0,0,0,0,0,0,0,0,0,0,0,0,0,0,0,0,0,0
Jordan,Fires in humid tropical forests,Emissions (CO2eq) from N2O (AR5),kilotonnes,0,0,0,0,0,0,0,0,0,0,0,0,0,0,0,0,0,0,0,0,0
Jordan,Fires in humid tropical forests,Emissions (CO2eq) (AR5),kilotonnes,0,0,0,0,0,0,0,0,0,0,0,0,0,0,0,0,0,0,0,0,0
Jordan,Waste - agri-food systems,Emissions (CH4),kilotonnes,54.2281,55.1942,56.1386,57.0509,57.8576,58.6745,59.532,60.4084,61.5003,62.4907,63.4997,64.5345,65.5774,66.5568,67.1464,67.9877,68.7514,69.3846,69.9351,70.4395,70.8685
Jordan,Waste - agri-food systems,Emissions (N2O),kilotonnes,0.1483,0.1528,0.1568,0.1749,0.172,0.1763,0.1847,0.1921,0.2058,0.2109,0.2173,0.235,0.2371,0.2468,0.222,0.227,0.2389,0.2402,0.2431,0.2453,0.2466
Jordan,Waste - agri-food systems,Emissions (CO2),kilotonnes,21.1357,21.1903,21.2508,21.3082,21.4123,21.5031,21.6687,21.7869,22.0465,22.1202,22.2132,22.2913,22.3551,22.4341,22.4962,22.5388,22.5696,22.6041,22.6375,22.6707,22.6538
Jordan,Waste - agri-food systems,Emissions (CO2eq) from CH4 (AR5),kilotonnes,1518.3867,1545.4363,1571.88,1597.4265,1620.0123,1642.8848,1666.8969,1691.4361,1722.0081,1749.7392,1777.991,1806.9658,1836.1667,1863.5916,1880.0991,1903.6554,1925.0401,1942.7693,1958.1837,1972.3071,1984.3175
Jordan,Waste - agri-food systems,Emissions (CO2eq) from N2O (AR5),kilotonnes,39.3014,40.497,41.5412,46.3489,45.5688,46.7128,48.9382,50.9098,54.5271,55.8969,57.5854,62.2621,62.8202,65.39,58.8171,60.1581,63.3102,63.6452,64.418,64.9939,65.3571
Jordan,Waste - agri-food systems,Emissions (CO2eq) (AR5),kilotonnes,1578.8238,1607.1237,1634.672,1665.0835,1686.9934,1711.1007,1737.5037,1764.1327,1798.5817,1827.7563,1857.7896,1891.5192,1921.342,1951.4157,1961.4124,1986.3523,2010.9199,2029.0185,2045.2391,2059.9717,2072.3284
Jordan,On-farm electricity use,Emissions (CH4),kilotonnes,1.1879,1.1771,1.2527,1.3247,1.5131,1.5575,1.6751,2.0771,2.0555,2.1275,2.2415,2.2787,2.3459,2.4911,2.7409,2.8944,3.0617,3.2197,3.2334,3.3318,3.3318
Jordan,On-farm electricity use,Emissions (N2O),kilotonnes,0.0063,0.0063,0.0067,0.0071,0.0081,0.0083,0.0089,0.0111,0.011,0.0114,0.012,0.0122,0.0125,0.0133,0.0146,0.0155,0.0164,0.0172,0.0172,0.0178,0.0178
Jordan,On-farm electricity use,Emissions (CO2),kilotonnes,701.3171,688.4823,772.7776,750.3176,860.0376,856.1433,873.298,1017.2904,1016.9834,1035.1003,1074.9879,1210.4756,1242.6289,1299.6858,1430.03,1510.1021,1597.3739,1679.8251,1686.9621,1738.3486,1738.3486
Jordan,On-farm electricity use,Emissions (CO2eq) from CH4 (AR5),kilotonnes,33.2612,32.9588,35.0756,37.0916,42.3668,43.61,46.9028,58.1588,57.554,59.57,62.762,63.8036,65.6852,69.7508,76.7452,81.0432,85.7276,90.1516,90.5352,93.2904,93.2904
Jordan,On-farm electricity use,Emissions (CO2eq) from N2O (AR5),kilotonnes,1.6695,1.6695,1.7755,1.8815,2.1465,2.1995,2.3585,2.9415,2.915,3.021,3.18,3.233,3.3125,3.5245,3.869,4.1075,4.346,4.558,4.558,4.717,4.717
Jordan,On-farm electricity use,Emissions (CO2eq) (AR5),kilotonnes,736.2478,723.1106,809.6287,789.2907,904.5509,901.9528,922.5593,1078.3907,1077.4524,1097.6913,1140.9299,1277.5122,1311.6266,1372.9611,1510.6442,1595.2528,1687.4475,1774.5347,1782.0553,1836.356,1836.356
Jordan,Food Processing,Emissions (CH4),kilotonnes,0.5733,0.5617,0.5899,0.7161,0.7152,0.7463,0.8328,0.4612,0.4834,0.6174,0.6316,0.6141,0.6589,0.6323,0.612,0.5805,0.5124,0.4214,0.4019,0.4451,0.4391
Jordan,Food Processing,Emissions (N2O),kilotonnes,0.0013,0.0014,0.0014,0.0014,0.0013,0.0014,0.0012,0.0022,0.0019,0.002,0.0019,0.0022,0.0026,0.0027,0.0033,0.0022,0.0022,0.0021,0.0022,0.0022,0.0022
Jordan,Food Processing,Emissions (CO2),kilotonnes,239.9874,250.5016,259.3444,284.1814,294.1352,332.5553,305.7009,595.8753,629.651,629.7727,497.0585,530.9579,632.8263,701.529,698.394,650.6757,593.6113,505.109,415.6413,422.6753,392.6492
Jordan,Food Processing,Emissions (CO2eq) from CH4 (AR5),kilotonnes,16.0524,15.7276,16.5172,20.0508,20.0256,20.8964,23.3184,12.9136,13.5352,17.2872,17.6848,17.1948,18.4492,17.7044,17.136,16.254,14.3472,11.7992,11.2532,12.4628,12.2959
Jordan,Food Processing,Emissions (CO2eq) from N2O (AR5),kilotonnes,0.3445,0.371,0.371,0.371,0.3445,0.371,0.318,0.583,0.5035,0.53,0.5035,0.583,0.689,0.7155,0.8745,0.583,0.583,0.5565,0.583,0.583,0.5955
Jordan,Food Processing,Emissions (CO2eq) (AR5),kilotonnes,256.3843,266.6002,276.2326,304.6032,314.5053,353.8227,329.3373,609.3719,643.6897,647.5899,515.2468,548.7357,651.9645,719.9489,716.4045,667.5127,608.5415,517.4647,427.4775,435.7211,405.5406
Jordan,Food Packaging,Emissions (CH4),kilotonnes,0.0221,0.0159,0.0219,0.0245,0.0159,0.0152,0.0144,0.0127,0.0099,0.0123,0.0111,0.0099,0.0107,0.0083,0.0125,0.0109,0.01,0.0093,0.0108,0.0074,0.0073
Jordan,Food Packaging,Emissions (N2O),kilotonnes,0.0001,0.0001,0.0001,0.0001,0.0001,0.0001,0.0001,0.0001,0.0001,0.0001,0.0001,0.0001,0.0001,0.0001,0.0001,0.0001,0.0001,0.0001,0.0001,0.0001,0.0001
Jordan,Food Packaging,Emissions (CO2),kilotonnes,11.2953,10.237,15.2919,16.151,17.1366,16.8724,16.9514,16.7375,16.7294,13.3632,13.5135,14.0955,15.9426,15.088,17.3801,18.5384,17.6833,16.6204,16.4169,18.4613,17.1498
Jordan,Food Packaging,Emissions (CO2eq) from CH4 (AR5),kilotonnes,0.6188,0.4452,0.6132,0.686,0.4452,0.4256,0.4032,0.3556,0.2772,0.3444,0.3108,0.2772,0.2996,0.2324,0.35,0.3052,0.28,0.2604,0.3024,0.2072,0.2044
Jordan,Food Packaging,Emissions (CO2eq) from N2O (AR5),kilotonnes,0.0265,0.0265,0.0265,0.0265,0.0265,0.0265,0.0265,0.0265,0.0265,0.0265,0.0265,0.0265,0.0265,0.0265,0.0265,0.0265,0.0265,0.0265,0.0265,0.0265,0.0271
Jordan,Food Packaging,Emissions (CO2eq) (AR5),kilotonnes,11.9406,10.7087,15.9316,16.8635,17.6083,17.3245,17.3811,17.1196,17.0331,13.7341,13.8508,14.3992,16.2687,15.3469,17.7566,18.8701,17.9898,16.9073,16.7458,18.695,17.3813
Jordan,Food Retail,Emissions (CH4),kilotonnes,0.0228,0.0234,0.0251,0.0291,0.0323,0.0029,0.003,0.0027,0.3306,0.3427,0.3322,0.3296,0.362,0.3582,0.3557,0.3594,0.37,0.386,0.4035,0.4112,0.4057
Jordan,Food Retail,Emissions (N2O),kilotonnes,0.0001,0.0001,0.0001,0.0001,0.0001,0.0006,0.0006,0.0005,0.0021,0.0022,0.0021,0.0021,0.0021,0.0021,0.0024,0.0021,0.0022,0.0023,0.0024,0.0026,0.0027
Jordan,Food Retail,Emissions (CO2),kilotonnes,13.4809,13.6644,15.4704,16.0851,17.7244,75.8124,77.9333,71.2718,222.2414,228.1463,216.058,224.7244,227.1642,217.5092,265.8702,225.2223,235.7945,255.5188,264.5365,280.5895,260.6569
Jordan,Food Retail,Emissions (CO2eq) from F-gases (AR5),kilotonnes,27.5335,40.521,54.5475,75.847,101.822,113.7705,130.3945,147.538,149.616,150.655,151.1745,151.1745,151.694,151.694,151.694,151.694,166.24,169.8765,173.513,177.1495,185.4458
Jordan,Food Retail,Emissions (CO2eq) from CH4 (AR5),kilotonnes,0.6384,0.6552,0.7028,0.8153,0.9038,0.0812,0.084,0.0756,9.2568,9.5956,9.3016,9.2288,10.136,10.0296,9.9596,10.0632,10.36,10.808,11.298,11.5136,11.3594
Jordan,Food Retail,Emissions (CO2eq) from N2O (AR5),kilotonnes,0.0265,0.0265,0.0265,0.0267,0.0276,0.159,0.159,0.1325,0.5565,0.583,0.5565,0.5565,0.5565,0.5565,0.636,0.5565,0.583,0.6095,0.636,0.689,0.7038
Jordan,Food Retail,Emissions (CO2eq) (AR5),kilotonnes,41.6793,54.8671,70.7472,92.7741,120.4777,189.8231,208.5708,219.0179,381.6707,388.9799,377.0906,385.6842,389.5507,379.7893,428.1598,387.536,412.9775,436.8128,449.9835,469.9416,458.1659
Jordan,Food Household Consumption,Emissions (CH4),kilotonnes,0.31,0.3262,0.3495,0.4105,0.4501,0.4868,0.5191,0.6002,0.6591,0.7216,0.7658,0.8316,0.8982,0.9126,0.9586,1.0538,1.1063,1.1677,1.1502,1.1502,1.1348
Jordan,Food Household Consumption,Emissions (N2O),kilotonnes,0.0028,0.0028,0.0029,0.0034,0.0037,0.004,0.0039,0.0042,0.0043,0.0047,0.0047,0.0051,0.0056,0.0054,0.0056,0.0062,0.0065,0.007,0.0067,0.0067,0.0068
Jordan,Food Household Consumption,Emissions (CO2),kilotonnes,393.7479,386.8162,423.454,450.8674,487.1267,513.4562,495.6824,503.4619,499.7328,534.0211,519.2119,619.3459,657.3808,617.4371,646.5504,721.8351,750.0485,810.1808,785.5727,785.5727,729.767
Jordan,Food Household Consumption,Emissions (CO2eq) from CH4 (AR5),kilotonnes,8.68,9.1336,9.786,11.494,12.6028,13.6304,14.5348,16.8056,18.4548,20.2048,21.4424,23.2848,25.1496,25.5528,26.8408,29.5064,30.9764,32.6956,32.2056,32.2056,31.7743
Jordan,Food Household Consumption,Emissions (CO2eq) from N2O (AR5),kilotonnes,0.742,0.742,0.7685,0.901,0.9805,1.06,1.0335,1.113,1.1395,1.2455,1.2455,1.3515,1.484,1.431,1.484,1.643,1.7225,1.855,1.7755,1.7755,1.8136
Jordan,Food Household Consumption,Emissions (CO2eq) (AR5),kilotonnes,403.1699,396.6918,434.0085,463.2624,500.71,528.1466,511.2507,521.3805,519.3271,555.4714,541.8998,643.9822,684.0144,644.4209,674.8752,752.9845,782.7474,844.7314,819.5538,819.5538,763.3549
Jordan,Food Transport,Emissions (CH4),kilotonnes,0.0872,0.0803,0.0758,0.0707,0.0668,0.0637,0.0591,0.0641,0.0498,0.0495,0.0428,0.0442,0.0486,0.0516,0.0506,0.057,0.06,0.0674,0.0602,0.0477,0.0471
Jordan,Food Transport,Emissions (N2O),kilotonnes,0.0097,0.0106,0.0108,0.011,0.0117,0.0123,0.0116,0.0128,0.011,0.0115,0.0107,0.0111,0.0122,0.0129,0.0127,0.0143,0.0151,0.0169,0.0151,0.0156,0.0159
Jordan,Food Transport,Emissions (CO2),kilotonnes,391.722,403.822,410.422,417.022,478.622,527.037,517.137,554.522,502.822,561.122,568.822,584.222,751.437,777.822,770.122,858.137,909.822,1000.0185,891.1055,878.3834,815.9846
Jordan,Food Transport,Emissions (CO2eq) from CH4 (AR5),kilotonnes,2.4416,2.2484,2.1224,1.9796,1.8704,1.7836,1.6548,1.7948,1.3944,1.386,1.1984,1.2376,1.3608,1.4448,1.4168,1.596,1.68,1.8872,1.6856,1.3356,1.3177
Jordan,Food Transport,Emissions (CO2eq) from N2O (AR5),kilotonnes,2.5705,2.809,2.862,2.915,3.1005,3.2595,3.074,3.392,2.915,3.0475,2.8355,2.9415,3.233,3.4185,3.3655,3.7895,4.0015,4.4785,4.0015,4.134,4.2227
Jordan,Food Transport,Emissions (CO2eq) (AR5),kilotonnes,396.7341,408.8794,415.4064,421.9166,483.5929,532.0801,521.8658,559.7088,507.1314,565.5555,572.8559,588.4011,756.0308,782.6853,774.9043,863.5225,915.5035,1006.3842,896.7926,883.853,821.525
Jordan,Energy,Emissions (CH4),kilotonnes,6.06,5.86,6.12,7.1,7.87,8,8.36,8.04,7.64,7.74,7.22,7.19,7.22,6.94,6.83,6.99,7.05,7.28,7.03,6.72,6.63
Jordan,Energy,Emissions (N2O),kilotonnes,0.157,0.164,0.171,0.172,0.178,0.187,0.176,0.186,0.163,0.166,0.163,0.188,0.216,0.213,0.235,0.217,0.214,0.236,0.218,0.233,0.238
Jordan,Energy,Emissions (CO2),kilotonnes,14200,14400,15100,15700,17300,19000,19100,19900,19200,20000,19200,20300,22400,22400,24400,23700,22300,23800,18300,18300,17000
Jordan,Energy,Emissions (CO2eq) from CH4 (AR5),kilotonnes,169.68,164.08,171.36,198.8,220.36,224,234.08,225.12,213.92,216.72,202.16,201.32,202.16,194.32,191.24,195.72,197.4,203.84,196.84,188.16,185.64
Jordan,Energy,Emissions (CO2eq) from N2O (AR5),kilotonnes,41.605,43.46,45.315,45.58,47.17,49.555,46.64,49.29,43.195,43.99,43.195,49.82,57.24,56.445,62.275,57.505,56.71,62.54,57.77,61.745,63.07
Jordan,Energy,Emissions (CO2eq) (AR5),kilotonnes,14411.285,14607.54,15316.675,15944.38,17567.53,19273.555,19380.72,20174.41,19457.115,20260.71,19445.355,20551.14,22659.4,22650.765,24653.515,23953.225,22554.11,24066.38,18554.61,18549.905,17248.71
Jordan,IPPU,Emissions (N2O),kilotonnes,0.767,1.02,1.27,1.49,1.68,1.82,1.89,1.93,1.97,2.02,2.06,2.1,2.13,2.15,2.15,2.14,2.1,2.36,2.4,2.47,2.53
Jordan,IPPU,Emissions (CO2),kilotonnes,1150,1340,1490,1410,1560,1510,1520,1630,1650,1480,1480,1070,1480,1540,1610,1650,1660,1710,1710,1820,1810
Jordan,IPPU,Emissions (CO2eq) from F-gases (AR5),kilotonnes,21.573,34.2058,49.7538,66.1765,92.511,123.4128,137.0174,157.4242,177.8311,196.2944,214.7578,219.6165,236.1364,252.6562,269.176,286.6676,303.1874,319.7073,336.2271,352.7469,369.2667
Jordan,IPPU,Emissions (CO2eq) from N2O (AR5),kilotonnes,203.255,270.3,336.55,394.85,445.2,482.3,500.85,511.45,522.05,535.3,545.9,556.5,564.45,569.75,569.75,567.1,556.5,625.4,636,654.55,670.45
Jordan,IPPU,Emissions (CO2eq) (AR5),kilotonnes,1374.828,1644.5058,1876.3038,1871.0265,2097.711,2115.7128,2157.8674,2298.8742,2349.8811,2211.5944,2240.6578,1846.1165,2280.5864,2362.4062,2448.926,2503.7676,2519.6874,2655.1073,2682.2271,2827.2969,2849.7167
Jordan,Waste,Emissions (CH4),kilotonnes,80.4,82.9,85.4,87.7,90.8,94.7,99.9,106,117,120,127,139,147,154,162,171,176,181,185,196,203
Jordan,Waste,Emissions (N2O),kilotonnes,0.234,0.238,0.243,0.259,0.271,0.287,0.296,0.313,0.333,0.352,0.369,0.389,0.409,0.428,0.42,0.413,0.408,0.421,0.426,0.463,0.475
Jordan,Waste,Emissions (CO2eq) from CH4 (AR5),kilotonnes,2251.2,2321.2,2391.2,2455.6,2542.4,2651.6,2797.2,2968,3276,3360,3556,3892,4116,4312,4536,4788,4928,5068,5180,5488,5684
Jordan,Waste,Emissions (CO2eq) from N2O (AR5),kilotonnes,62.01,63.07,64.395,68.635,71.815,76.055,78.44,82.945,88.245,93.28,97.785,103.085,108.385,113.42,111.3,109.445,108.12,111.565,112.89,122.695,125.875
Jordan,Waste,Emissions (CO2eq) (AR5),kilotonnes,2313.21,2384.27,2455.595,2524.235,2614.215,2727.655,2875.64,3050.945,3364.245,3453.28,3653.785,3995.085,4224.385,4425.42,4647.3,4897.445,5036.12,5179.565,5292.89,5610.695,5809.875
Jordan,Other,Emissions (N2O),kilotonnes,0.384,0.377,0.405,0.387,0.38,0.396,0.361,0.349,0.313,0.288,0.315,0.424,0.551,0.541,0.63,0.508,0.412,0.431,0.406,0.505,0.516
Jordan,Other,Emissions (CO2eq) from N2O (AR5),kilotonnes,101.76,99.905,107.325,102.555,100.7,104.94,95.665,92.485,82.945,76.32,83.475,112.36,146.015,143.365,166.95,134.62,109.18,114.215,107.59,133.825,136.74
Jordan,Other,Emissions (CO2eq) (AR5),kilotonnes,101.76,99.905,107.325,102.555,100.7,104.94,95.665,92.485,82.945,76.32,83.475,112.36,146.015,143.365,166.95,134.62,109.18,114.215,107.59,133.825,136.74
Jordan,Farm-gate emissions,Emissions (CH4),kilotonnes,13.6727,13.4819,14.2346,14.3099,14.5348,16.3734,16.4643,19.0608,22.8812,19.5074,19.238,19.775,19.7179,20.8559,22.8329,22.3973,26.2173,24.4561,24.1965,23.8461,23.3175
Jordan,Farm-gate emissions,Direct emissions (N2O),kilotonnes,0.9148,0.917,0.9762,0.9921,0.9244,1.1039,0.9614,1.0789,1.2631,1.1475,1.1877,1.2187,1.1891,1.449,1.4332,1.689,1.6393,1.5245,1.5202,1.5109,1.4155
Jordan,Farm-gate emissions,Indirect emissions (N2O),kilotonnes,0.3057,0.3039,0.3239,0.3292,0.3047,0.3687,0.3268,0.3712,0.4481,0.4004,0.4089,0.4195,0.413,0.4993,0.501,0.5806,0.5783,0.5344,0.5316,0.526,0.4934
Jordan,Farm-gate emissions,Emissions (N2O),kilotonnes,1.3214,1.3264,1.4085,1.437,1.3642,1.6249,1.4285,1.5918,1.8324,1.6773,1.7211,1.7645,1.7359,2.065,2.0639,2.4024,2.3615,2.2128,2.2089,2.1998,2.072
Jordan,Farm-gate emissions,Emissions (CO2),kilotonnes,468.0243,425.267,424.9186,487.9285,473.6104,529.3731,507.5802,471.7108,405.614,414.3599,376.5353,362.7706,395.9762,459.9665,477.9496,421.4813,433.6657,461.9566,457.6724,469.6202,469.6202
Jordan,Farm-gate emissions,Emissions (CO2eq) from CH4 (AR5),kilotonnes,382.8352,377.4932,398.57,400.6767,406.9732,458.4541,461.0014,533.7021,640.6727,546.207,538.6646,553.6991,552.1009,583.9656,639.3209,627.1252,734.0846,684.7694,677.5017,667.6898,652.8914
Jordan,Farm-gate emissions,Emissions (CO2eq) from N2O (AR5),kilotonnes,350.1701,351.4854,373.2433,380.7993,361.5242,430.5863,378.5394,421.8237,485.585,444.4963,456.0834,467.6035,460.0245,547.2272,546.9376,636.6289,625.7996,586.3834,585.3523,582.9541,549.0864
Jordan,Farm-gate emissions,Emissions (CO2eq) (AR5),kilotonnes,1201.0297,1154.2457,1196.7319,1269.4046,1242.1079,1418.4135,1347.121,1427.2367,1531.8718,1405.0631,1371.2832,1384.0732,1408.1016,1591.1593,1664.2081,1685.2353,1793.55,1733.1093,1720.5264,1720.2641,1671.598
Jordan,Land Use change,Emissions (CH4),kilotonnes,0,0,0,0,0,0,0,0,0,0,0,0,0,0,0,0,0,0,0,0,0
Jordan,Land Use change,Emissions (N2O),kilotonnes,0,0,0,0,0,0,0,0,0,0,0,0,0,0,0,0,0,0,0,0,0
Jordan,Land Use change,Emissions (CO2),kilotonnes,0,0,0,0,0,0,0,0,0,0,0,0,0,0,0,0,0,0,0,0,0
Jordan,Land Use change,Emissions (CO2eq) from CH4 (AR5),kilotonnes,0,0,0,0,0,0,0,0,0,0,0,0,0,0,0,0,0,0,0,0,0
Jordan,Land Use change,Emissions (CO2eq) from N2O (AR5),kilotonnes,0,0,0,0,0,0,0,0,0,0,0,0,0,0,0,0,0,0,0,0,0
Jordan,Land Use change,Emissions (CO2eq) (AR5),kilotonnes,0,0,0,0,0,0,0,0,0,0,0,0,0,0,0,0,0,0,0,0,0
Jordan,Emissions on agricultural land,Emissions (CH4),kilotonnes,13.6727,13.4819,14.2346,14.3099,14.5348,16.3734,16.4643,19.0608,22.8812,19.5074,19.238,19.775,19.7179,20.8559,22.8329,22.3973,26.2173,24.4561,24.1965,23.8461,23.3175
Jordan,Emissions on agricultural land,Emissions (N2O),kilotonnes,1.3214,1.3264,1.4085,1.437,1.3642,1.6249,1.4285,1.5918,1.8324,1.6773,1.7211,1.7645,1.7359,2.065,2.0639,2.4024,2.3615,2.2128,2.2089,2.1998,2.072
Jordan,Emissions on agricultural land,Emissions (CO2),kilotonnes,468.0243,425.267,424.9186,487.9285,473.6104,529.3731,507.5802,471.7108,405.614,414.3599,376.5353,362.7706,395.9762,459.9665,477.9496,421.4813,433.6657,461.9566,457.6724,469.6202,469.6202
Jordan,Emissions on agricultural land,Emissions (CO2eq) from CH4 (AR5),kilotonnes,382.8352,377.4932,398.57,400.6767,406.9732,458.4541,461.0014,533.7021,640.6727,546.207,538.6646,553.6991,552.1009,583.9656,639.3209,627.1252,734.0846,684.7694,677.5017,667.6898,652.8914
Jordan,Emissions on agricultural land,Emissions (CO2eq) from N2O (AR5),kilotonnes,350.1701,351.4854,373.2433,380.7993,361.5242,430.5863,378.5394,421.8237,485.585,444.4963,456.0834,467.6035,460.0245,547.2272,546.9376,636.6289,625.7996,586.3834,585.3523,582.9541,549.0864
Jordan,Emissions on agricultural land,Emissions (CO2eq) (AR5),kilotonnes,1201.0297,1154.2457,1196.7319,1269.4046,1242.1079,1418.4135,1347.121,1427.2367,1531.8718,1405.0631,1371.2832,1384.0732,1408.1016,1591.1593,1664.2081,1685.2353,1793.55,1733.1093,1720.5264,1720.2641,1671.598
Jordan,Pre- and post- production,Emissions (CH4),kilotonnes,56.4314,57.3788,58.4535,59.6266,60.651,61.5469,62.6355,63.6264,65.0886,66.3617,67.5247,68.6426,69.9017,71.0109,71.8767,72.9437,73.8718,74.6561,75.1951,75.8329,76.2343
Jordan,Pre- and post- production,Emissions (N2O),kilotonnes,0.1686,0.1741,0.1788,0.198,0.197,0.203,0.211,0.223,0.2362,0.2428,0.2488,0.2678,0.2722,0.2833,0.2607,0.2674,0.2814,0.2858,0.2868,0.2903,0.2922
Jordan,Pre- and post- production,Emissions (CO2),kilotonnes,1772.6863,1774.7138,1918.0111,1955.9327,2176.1948,2343.3797,2308.3717,2780.9458,2910.2065,3023.6458,2911.865,3206.1126,3549.7349,3651.5052,3850.8429,4007.0494,4126.9031,4289.8767,4082.8725,4146.7015,3977.2099
Jordan,Pre- and post- production,Emissions (CO2eq) from F-gases (AR5),kilotonnes,27.5335,40.521,54.5475,75.847,101.822,113.7705,130.3945,147.538,149.616,150.655,151.1745,151.1745,151.694,151.694,151.694,151.694,166.24,169.8765,173.513,177.1495,185.4458
Jordan,Pre- and post- production,Emissions (CO2eq) from CH4 (AR5),kilotonnes,1580.0791,1606.6051,1636.6972,1669.5438,1698.2268,1723.312,1753.7949,1781.5401,1822.4805,1858.1272,1890.691,1921.9926,1957.2471,1988.3064,2012.5475,2042.4234,2068.4113,2090.3713,2105.4637,2123.3223,2134.5596
Jordan,Pre- and post- production,Emissions (CO2eq) from N2O (AR5),kilotonnes,44.6809,46.1415,47.3712,52.4705,52.1949,53.7883,55.9077,59.0983,62.5831,64.3504,65.9329,70.9541,72.1217,75.0625,69.0726,70.8641,74.5727,75.7292,75.9985,76.9189,77.4368
Jordan,Pre- and post- production,Emissions (CO2eq) (AR5),kilotonnes,3424.9798,3467.9815,3656.627,3753.7941,4028.4385,4234.2505,4248.4687,4769.1221,4944.8861,5096.7784,5019.6634,5350.2338,5730.7977,5866.5681,6084.157,6272.0309,6436.1271,6625.8536,6437.8476,6524.0922,6374.652
Jordan,Agri-food systems,Emissions (CH4),kilotonnes,70.1041,70.8607,72.6881,73.9364,75.1857,77.9202,79.0999,82.6872,87.9698,85.8691,86.7627,88.4176,89.6196,91.8669,94.7096,95.341,100.0891,99.1122,99.3916,99.679,99.5518
Jordan,Agri-food systems,Emissions (N2O),kilotonnes,1.49,1.5005,1.5872,1.635,1.5612,1.8278,1.6394,1.8148,2.0686,1.9202,1.9699,2.0323,2.0081,2.3483,2.3246,2.6698,2.6429,2.4985,2.4957,2.4901,2.3642
Jordan,Agri-food systems,Emissions (CO2),kilotonnes,2240.7106,2199.9809,2342.9298,2443.8612,2649.8052,2872.7528,2815.9519,3252.6566,3315.8205,3438.0057,3288.4003,3568.8832,3945.7111,4111.4717,4328.7925,4428.5307,4560.5688,4751.8332,4540.5449,4616.3217,4446.8302
Jordan,Agri-food systems,Emissions (CO2eq) from F-gases (AR5),kilotonnes,27.5335,40.521,54.5475,75.847,101.822,113.7705,130.3945,147.538,149.616,150.655,151.1745,151.1745,151.694,151.694,151.694,151.694,166.24,169.8765,173.513,177.1495,185.4458
Jordan,Agri-food systems,Emissions (CO2eq) from CH4 (AR5),kilotonnes,1962.9143,1984.0984,2035.2672,2070.2206,2105.2001,2181.7661,2214.7963,2315.2422,2463.1532,2404.3342,2429.3556,2475.6917,2509.348,2572.272,2651.8684,2669.5486,2802.496,2775.1407,2782.9653,2791.0121,2787.4509
Jordan,Agri-food systems,Emissions (CO2eq) from N2O (AR5),kilotonnes,394.851,397.6269,420.6145,433.2699,413.7191,484.3746,434.4471,480.922,548.1681,508.8466,522.0163,538.5576,532.1462,622.2897,616.0102,707.493,700.3724,662.1126,661.3508,659.8729,626.5232
Jordan,Agri-food systems,Emissions (CO2eq) (AR5),kilotonnes,4626.0094,4622.2272,4853.3589,5023.1987,5270.5464,5652.6641,5595.5897,6196.3588,6476.7579,6501.8416,6390.9466,6734.307,7138.8993,7457.7274,7748.3651,7957.2662,8229.6771,8358.9629,8158.374,8244.3563,8046.25
Jordan,IPCC Agriculture,Emissions (CH4),kilotonnes,13.603,13.4173,14.1704,14.2413,14.4686,16.3027,16.3945,18.9899,22.8171,19.439,19.172,19.7106,19.6506,20.4266,22.4751,22.2413,26.0849,24.3714,24.1278,23.7844,23.2559
Jordan,IPCC Agriculture,Emissions (CH4),kilotonnes,0.0299,,,,,,,,,,,,,,,,,,,,
Jordan,IPCC Agriculture,Direct emissions (N2O),kilotonnes,0.9148,0.917,0.9762,0.9921,0.9244,1.1039,0.9614,1.0789,1.2631,1.1475,1.1877,1.2187,1.1891,1.449,1.4332,1.689,1.6393,1.5245,1.5202,1.5109,1.4155
Jordan,IPCC Agriculture,Indirect emissions (N2O),kilotonnes,0.3057,0.3039,0.3239,0.3292,0.3047,0.3687,0.3268,0.3712,0.4481,0.4004,0.4089,0.4195,0.413,0.4993,0.501,0.5806,0.5783,0.5344,0.5316,0.526,0.4934
Jordan,IPCC Agriculture,Emissions (N2O),kilotonnes,1.2437,1.2443,1.3244,1.3471,1.2567,1.5015,1.3129,1.4744,1.7352,1.5732,1.6241,1.6663,1.6271,1.9738,1.9601,2.297,2.245,2.0852,2.0788,2.0643,1.9365
Jordan,IPCC Agriculture,Emissions (N2O),kilotonnes,0.5891,,,,,,4,,,,,,,,,,,,,,
Jordan,IPCC Agriculture,Emissions (CO2eq) from CH4 (AR5),kilotonnes,380.8831,375.6849,396.7711,398.7551,405.1206,456.4767,459.0453,531.7169,638.8783,544.2912,536.8159,551.8963,550.2172,571.944,629.3032,622.7562,730.3766,682.4004,675.5774,665.9632,651.1648
Jordan,IPCC Agriculture,Emissions (CO2eq) from CH4 (AR5),kilotonnes,0.8372,,,,,,,,,,,,,,,,,,,,
Jordan,IPCC Agriculture,Emissions (CO2eq) from N2O (AR5),kilotonnes,329.5792,329.7337,350.9713,356.9812,333.0185,397.8957,347.9134,390.7258,459.8348,416.9062,430.3744,441.5813,431.1895,523.07,519.4372,608.6965,594.9168,552.5724,550.8885,547.0304,513.1627
Jordan,IPCC Agriculture,Emissions (CO2eq) from N2O (AR5),kilotonnes,156.1115,,,,,,1060,,,,,,,,,,,,,,
Jordan,IPCC Agriculture,Emissions (CO2eq) (AR5),kilotonnes,710.4624,705.4186,747.7425,755.7363,738.139,854.3724,806.9587,922.4426,1098.7131,961.1973,967.1903,993.4776,981.4068,1095.014,1148.7405,1231.4526,1325.2934,1234.9728,1226.4659,1212.9936,1164.3275
Jordan,IPCC Agriculture,Emissions (CO2eq) (AR5),kilotonnes,156.9487,,,,,,1060,,,,,,,,,,,,,,
Jordan,Agricultural Soils,Direct emissions (N2O),kilotonnes,0.9148,0.917,0.9762,0.9921,0.9244,1.1039,0.9614,1.0789,1.2631,1.1475,1.1877,1.2187,1.1891,1.449,1.4332,1.689,1.6393,1.5245,1.5202,1.5109,1.4155
Jordan,Agricultural Soils,Indirect emissions (N2O),kilotonnes,0.3057,0.3039,0.3239,0.3292,0.3047,0.3687,0.3268,0.3712,0.4481,0.4004,0.4089,0.4195,0.413,0.4993,0.501,0.5806,0.5783,0.5344,0.5316,0.526,0.4934
Jordan,Agricultural Soils,Emissions (N2O),kilotonnes,1.2205,1.2209,1.3001,1.3213,1.2291,1.4726,1.2882,1.4502,1.7111,1.5479,1.5966,1.6382,1.6021,1.9483,1.9341,2.2697,2.2176,2.0588,2.0518,2.0369,1.9089
Jordan,Agricultural Soils,Emissions (N2O),kilotonnes,0.5867,,,,,,4,,,,,,,,,,,,,,
Jordan,Agricultural Soils,Emissions (CO2eq) from N2O (AR5),kilotonnes,323.4411,323.5449,344.5296,350.1438,325.7185,390.2336,341.3646,384.2916,453.4503,410.1924,423.092,434.1209,424.5571,516.2937,512.5434,601.4589,587.6616,545.5937,543.7206,539.7751,505.8627
Jordan,Agricultural Soils,Emissions (CO2eq) from N2O (AR5),kilotonnes,155.4755,,,,,,1060,,,,,,,,,,,,,,
Jordan,Agricultural Soils,Emissions (CO2eq) (AR5),kilotonnes,323.4411,323.5449,344.5296,350.1438,325.7185,390.2336,341.3646,384.2916,453.4503,410.1924,423.092,434.1209,424.5571,516.2937,512.5434,601.4589,587.6616,545.5937,543.7206,539.7751,505.8627
Jordan,Agricultural Soils,Emissions (CO2eq) (AR5),kilotonnes,155.4755,,,,,,1060,,,,,,,,,,,,,,
Jordan,LULUCF,Emissions (CH4),kilotonnes,0,0,0,0,0,0,0,0,0,0,0,0,0,0,0,0,0,0,0,0,0
Jordan,LULUCF,Emissions (CH4),kilotonnes,,,,,,,,,,,,,,,,,0.2197,,,,
Jordan,LULUCF,Emissions (N2O),kilotonnes,0,0,0,0,0,0,0,0,0,0,0,0,0,0,0,0,0,0,0,0,0
Jordan,LULUCF,Emissions (N2O),kilotonnes,,,,,,,,,,,,,,,,,,,,,
Jordan,LULUCF,Emissions (CO2),kilotonnes,0,0,0,0,0,0,0,0,0,0,0,0,0,0,0,0,0,0,0,0,0
Jordan,LULUCF,Emissions (CO2),kilotonnes,738.9868,,,,,,868.33,,,,,,,,,,-922.543,,,,
Jordan,LULUCF,Emissions (CO2eq) from CH4 (AR5),kilotonnes,0,0,0,0,0,0,0,0,0,0,0,0,0,0,0,0,0,0,0,0,0
Jordan,LULUCF,Emissions (CO2eq) from N2O (AR5),kilotonnes,0,0,0,0,0,0,0,0,0,0,0,0,0,0,0,0,0,0,0,0,0
Jordan,LULUCF,Emissions (CO2eq) (AR5),kilotonnes,0,0,0,0,0,0,0,0,0,0,0,0,0,0,0,0,0,0,0,0,0
Jordan,LULUCF,Emissions (CO2eq) (AR5),kilotonnes,738.9868,,,,,,868.33,,,,,,,,,,-922.543,,,,
Jordan,AFOLU,Emissions (CH4),kilotonnes,13.603,13.4173,14.1704,14.2413,14.4686,16.3027,16.3945,18.9899,22.8171,19.439,19.172,19.7106,19.6506,20.4266,22.4751,22.2413,26.0849,24.3714,24.1278,23.7844,23.2559
Jordan,AFOLU,Emissions (N2O),kilotonnes,1.2437,1.2443,1.3244,1.3471,1.2567,1.5015,1.3129,1.4744,1.7352,1.5732,1.6241,1.6663,1.6271,1.9738,1.9601,2.297,2.245,2.0852,2.0788,2.0643,1.9365
Jordan,AFOLU,Emissions (CO2),kilotonnes,0,0,0,0,0,0,0,0,0,0,0,0,0,0,0,0,0,0,0,0,0
Jordan,AFOLU,Emissions (CO2eq) from CH4 (AR5),kilotonnes,380.8831,375.6849,396.7711,398.7551,405.1206,456.4767,459.0453,531.7169,638.8783,544.2912,536.8159,551.8963,550.2172,571.944,629.3032,622.7562,730.3766,682.4004,675.5774,665.9632,651.1648
Jordan,AFOLU,Emissions (CO2eq) from N2O (AR5),kilotonnes,329.5792,329.7337,350.9713,356.9812,333.0185,397.8957,347.9134,390.7258,459.8348,416.9062,430.3744,441.5813,431.1895,523.07,519.4372,608.6965,594.9168,552.5724,550.8885,547.0304,513.1627
Jordan,AFOLU,Emissions (CO2eq) (AR5),kilotonnes,710.4624,705.4186,747.7425,755.7363,738.139,854.3724,806.9587,922.4426,1098.7131,961.1973,967.1903,993.4776,981.4068,1095.014,1148.7405,1231.4526,1325.2934,1234.9728,1226.4659,1212.9936,1164.3275
Jordan,All sectors with LULUCF,Emissions (CH4),kilotonnes,100.063,102.1773,105.6904,109.0413,113.1386,119.0027,124.6545,133.0299,147.4571,147.179,153.392,165.9006,173.8706,181.3666,191.3051,200.2313,209.1349,212.6514,216.1578,226.5044,232.8859
Jordan,All sectors with LULUCF,Emissions (N2O),kilotonnes,2.7857,3.0433,3.4134,3.6551,3.7657,4.1915,4.0359,4.2524,4.5142,4.3992,4.5311,4.7673,4.9331,5.3058,5.3951,5.575,5.379,5.5332,5.5288,5.7353,5.6955
Jordan,All sectors with LULUCF,Emissions (CO2),kilotonnes,15350,15740,16590,17110,18860,20510,20620,21530,20850,21480,20680,21370,23880,23940,26010,25350,23960,25510,20010,20120,18810
Jordan,All sectors with LULUCF,Emissions (CO2eq) from F-gases (AR5),kilotonnes,21.573,34.2058,49.7538,66.1765,92.511,123.4128,137.0174,157.4242,177.8311,196.2944,214.7578,219.6165,236.1364,252.6562,269.176,286.6676,303.1874,319.7073,336.2271,352.7469,369.2667
Jordan,All sectors with LULUCF,Emissions (CO2eq) from CH4 (AR5),kilotonnes,2801.7631,2860.9649,2959.3311,3053.1551,3167.8806,3332.0767,3490.3253,3724.8369,4128.7983,4121.0112,4294.9759,4645.2163,4868.3772,5078.264,5356.5432,5606.4762,5855.7766,5954.2404,6052.4174,6342.1232,6520.8048
Jordan,All sectors with LULUCF,Emissions (CO2eq) from N2O (AR5),kilotonnes,738.2092,806.4687,904.5563,968.6012,997.9035,1110.7457,1069.5084,1126.8958,1196.2698,1165.7962,1200.7294,1263.3463,1307.2795,1406.05,1429.7122,1477.3665,1425.4268,1466.2924,1465.1385,1519.8454,1509.2977
Jordan,All sectors with LULUCF,Emissions (CO2eq) (AR5),kilotonnes,18911.5453,19441.6393,20503.6413,21197.9328,23118.2951,25076.2352,25316.8511,26539.1569,26352.8992,26963.1018,26390.463,27498.1791,30291.7931,30676.9702,33065.4315,32720.5102,31544.3909,33250.24,27863.783,28334.7155,27209.3692
Jordan,All sectors without LULUCF,Emissions (CH4),kilotonnes,100.063,102.1773,105.6904,109.0413,113.1386,119.0027,124.6545,133.0299,147.4571,147.179,153.392,165.9006,173.8706,181.3666,191.3051,200.2313,209.1349,212.6514,216.1578,226.5044,232.8859
Jordan,All sectors without LULUCF,Emissions (N2O),kilotonnes,2.7857,3.0433,3.4134,3.6551,3.7657,4.1915,4.0359,4.2524,4.5142,4.3992,4.5311,4.7673,4.9331,5.3058,5.3951,5.575,5.379,5.5332,5.5288,5.7353,5.6955
Jordan,All sectors without LULUCF,Emissions (CO2),kilotonnes,15350,15740,16590,17110,18860,20510,20620,21530,20850,21480,20680,21370,23880,23940,26010,25350,23960,25510,20010,20120,18810
Jordan,All sectors without LULUCF,Emissions (CO2eq) from F-gases (AR5),kilotonnes,21.573,34.2058,49.7538,66.1765,92.511,123.4128,137.0174,157.4242,177.8311,196.2944,214.7578,219.6165,236.1364,252.6562,269.176,286.6676,303.1874,319.7073,336.2271,352.7469,369.2667
Jordan,All sectors without LULUCF,Emissions (CO2eq) from CH4 (AR5),kilotonnes,2801.7631,2860.9649,2959.3311,3053.1551,3167.8806,3332.0767,3490.3253,3724.8369,4128.7983,4121.0112,4294.9759,4645.2163,4868.3772,5078.264,5356.5432,5606.4762,5855.7766,5954.2404,6052.4174,6342.1232,6520.8048
Jordan,All sectors without LULUCF,Emissions (CO2eq) from N2O (AR5),kilotonnes,738.2092,806.4687,904.5563,968.6012,997.9035,1110.7457,1069.5084,1126.8958,1196.2698,1165.7962,1200.7294,1263.3463,1307.2795,1406.05,1429.7122,1477.3665,1425.4268,1466.2924,1465.1385,1519.8454,1509.2977
Jordan,All sectors without LULUCF,Emissions (CO2eq) (AR5),kilotonnes,18911.5453,19441.6393,20503.6413,21197.9328,23118.2951,25076.2352,25316.8511,26539.1569,26352.8992,26963.1018,26390.463,27498.1791,30291.7931,30676.9702,33065.4315,32720.5102,31544.3909,33250.24,27863.783,28334.7155,27209.3692
Kazakhstan,Crop Residues,Direct emissions (N2O),kilotonnes,2.933,3.7721,3.8359,3.6114,3.1942,3.4381,3.9503,4.6681,3.8801,4.8906,3.2181,5.9223,3.2957,4.3266,4.0949,4.291,4.6938,4.7154,4.6876,4.2145,4.7222
Kazakhstan,Crop Residues,Direct emissions (N2O),kilotonnes,1.6,2.18,2.2,2.12,1.82,2,2.32,2.73,2.21,2.93,1.83,3.69,1.99,2.76,2.63,2.82,3.17,3.23,3.26,2.92,3.26
Kazakhstan,Crop Residues,Indirect emissions (N2O),kilotonnes,0.6599,0.8487,0.8631,0.8126,0.7187,0.7736,0.8888,1.0503,0.873,1.1004,0.7241,1.3325,0.7415,0.9735,0.9213,0.9655,1.0561,1.061,1.0547,0.9483,1.0625
Kazakhstan,Crop Residues,Emissions (N2O),kilotonnes,3.5929,4.6208,4.699,4.424,3.9129,4.2117,4.8392,5.7184,4.7531,5.991,3.9422,7.2548,4.0372,5.3001,5.0162,5.2564,5.7499,5.7763,5.7423,5.1627,5.7847
Kazakhstan,Crop Residues,Emissions (N2O),kilotonnes,1.6,2.18,2.2,2.12,1.82,2,2.32,2.73,2.21,2.93,1.83,3.69,1.99,2.76,2.63,2.82,3.17,3.23,3.26,2.92,3.26
Kazakhstan,Crop Residues,Emissions (CO2eq) from N2O (AR5),kilotonnes,952.1131,1224.5089,1245.2379,1172.3478,1036.9287,1116.0997,1282.382,1515.3718,1259.5619,1587.6025,1044.6871,1922.5269,1069.8561,1404.5317,1329.3002,1392.9542,1523.7205,1530.7234,1521.7032,1368.121,1532.9443
Kazakhstan,Crop Residues,Emissions (CO2eq) from N2O (AR5),kilotonnes,424,577.7,583,561.8,482.3,530,614.8,723.45,585.65,776.45,484.95,977.85,527.35,731.4,696.95,747.3,840.05,855.95,863.9,773.8,863.9
Kazakhstan,Crop Residues,Emissions (CO2eq) (AR5),kilotonnes,952.1131,1224.5089,1245.2379,1172.3478,1036.9287,1116.0997,1282.382,1515.3718,1259.5619,1587.6025,1044.6871,1922.5269,1069.8561,1404.5317,1329.3002,1392.9542,1523.7205,1530.7234,1521.7032,1368.121,1532.9443
Kazakhstan,Crop Residues,Emissions (CO2eq) (AR5),kilotonnes,424,577.7,583,561.8,482.3,530,614.8,723.45,585.65,776.45,484.95,977.85,527.35,731.4,696.95,747.3,840.05,855.95,863.9,773.8,863.9
Kazakhstan,Rice Cultivation,Emissions (CH4),kilotonnes,15.8476,15.2102,14.4481,18.3753,17.7379,18.661,19.2545,19.2105,16.5949,19.1006,20.6612,20.515,20.448,19.6565,20.9419,21.7059,20.7313,22.9691,22.3053,22.413,22.4807
Kazakhstan,Rice Cultivation,Emissions (CH4),kilotonnes,15.14,14.53,14.28,17.56,16.95,17.83,18.4,18.35,15.86,18.25,19.74,19.59,19.53,18.88,20.01,20.75,19.8,21.95,21.31,21.84,21.48
Kazakhstan,Rice Cultivation,Emissions (CO2eq) from CH4 (AR5),kilotonnes,443.7322,425.8845,404.5472,514.5078,496.6601,522.5086,539.1254,537.8946,464.6572,534.8174,578.5136,574.4209,572.5438,550.3818,586.3728,607.7655,580.4769,643.1348,624.5485,627.5642,629.4597
Kazakhstan,Rice Cultivation,Emissions (CO2eq) from CH4 (AR5),kilotonnes,423.92,406.84,399.84,491.68,474.6,499.24,515.2,513.8,444.08,511,552.72,548.52,546.84,528.64,560.28,581,554.4,614.6,596.68,611.52,601.44
Kazakhstan,Rice Cultivation,Emissions (CO2eq) (AR5),kilotonnes,443.7322,425.8845,404.5472,514.5078,496.6601,522.5086,539.1254,537.8946,464.6572,534.8174,578.5136,574.4209,572.5438,550.3818,586.3728,607.7655,580.4769,643.1348,624.5485,627.5642,629.4597
Kazakhstan,Rice Cultivation,Emissions (CO2eq) (AR5),kilotonnes,423.92,406.84,399.84,491.68,474.6,499.24,515.2,513.8,444.08,511,552.72,548.52,546.84,528.64,560.28,581,554.4,614.6,596.68,611.52,601.44
Kazakhstan,Burning - Crop residues,Emissions (CH4),kilotonnes,11.1626,11.9632,12.9707,12.5535,13.1251,13.1651,13.1813,14.0766,14.3085,15.8191,14.5868,15.1809,13.8128,14.4138,13.3579,13.0136,13.8682,13.3892,12.8186,12.7738,13.6131
Kazakhstan,Burning - Crop residues,Emissions (N2O),kilotonnes,0.2894,0.3102,0.3363,0.3255,0.3403,0.3413,0.3417,0.3649,0.371,0.4101,0.3782,0.3936,0.3581,0.3737,0.3463,0.3374,0.3595,0.3471,0.3323,0.3312,0.3529
Kazakhstan,Burning - Crop residues,Emissions (CO2eq) from CH4 (AR5),kilotonnes,312.5527,334.9685,363.1789,351.4992,367.5041,368.6237,369.0762,394.1459,400.638,442.934,408.429,425.0655,386.7591,403.5873,374.0201,364.3818,388.3097,374.8964,358.9207,357.6652,381.1671
Kazakhstan,Burning - Crop residues,Emissions (CO2eq) from N2O (AR5),kilotonnes,76.6912,82.1913,89.1133,86.2475,90.1746,90.4493,90.5604,96.7117,98.3047,108.6829,100.2164,104.2985,94.8992,99.0284,91.7734,89.4085,95.2797,91.9885,88.0685,87.7604,93.5271
Kazakhstan,Burning - Crop residues,Emissions (CO2eq) (AR5),kilotonnes,389.2439,417.1598,452.2922,437.7467,457.6787,459.073,459.6365,490.8576,498.9427,551.6168,508.6454,529.364,481.6583,502.6156,465.7935,453.7903,483.5894,466.8849,446.9892,445.4256,474.6943
Kazakhstan,Enteric Fermentation,Emissions (CH4),kilotonnes,299.2353,307.7955,320.4887,339.4037,361.7896,386.201,404.4586,421.5435,435.073,448.6926,458.3433,466.6898,442.9951,440.4605,450.4395,474.0848,490.8541,512.673,539.0687,560.1493,591.2484
Kazakhstan,Enteric Fermentation,Emissions (CH4),kilotonnes,424.05,434.13,462.58,493.03,526.76,552.47,579.9,600.23,621.32,629.93,643.1,605.86,612.88,633.65,660.59,683.4,712.32,746.1,787.33,821.85,874.14
Kazakhstan,Enteric Fermentation,Emissions (CO2eq) from CH4 (AR5),kilotonnes,8378.5884,8618.2753,8973.6828,9503.3047,10130.1099,10813.6271,11324.8418,11803.2184,12182.0451,12563.3938,12833.6126,13067.3133,12403.8641,12332.8932,12612.3048,13274.3735,13743.9147,14354.843,15093.9241,15684.1811,16554.9558
Kazakhstan,Enteric Fermentation,Emissions (CO2eq) from CH4 (AR5),kilotonnes,11873.4,12155.64,12952.24,13804.84,14749.28,15469.16,16237.2,16806.44,17396.96,17638.04,18006.8,16964.08,17160.64,17742.2,18496.52,19135.2,19944.96,20890.8,22045.24,23011.8,24475.92
Kazakhstan,Enteric Fermentation,Emissions (CO2eq) (AR5),kilotonnes,8378.5884,8618.2753,8973.6828,9503.3047,10130.1099,10813.6271,11324.8418,11803.2184,12182.0451,12563.3938,12833.6126,13067.3133,12403.8641,12332.8932,12612.3048,13274.3735,13743.9147,14354.843,15093.9241,15684.1811,16554.9558
Kazakhstan,Enteric Fermentation,Emissions (CO2eq) (AR5),kilotonnes,11873.4,12155.64,12952.24,13804.84,14749.28,15469.16,16237.2,16806.44,17396.96,17638.04,18006.8,16964.08,17160.64,17742.2,18496.52,19135.2,19944.96,20890.8,22045.24,23011.8,24475.92
Kazakhstan,Manure Management,Emissions (CH4),kilotonnes,23.332,24.2707,24.9739,26.2177,27.5808,28.5401,29.1881,29.9436,30.4259,31.2882,31.5879,31.5821,29.6333,29.1235,29.6502,30.3694,31.2553,32.2533,33.5535,34.6336,36.006
Kazakhstan,Manure Management,Emissions (CH4),kilotonnes,19.3713,19.9724,21.3342,22.9834,23.6024,24.2674,25.3666,26.1164,26.7455,27.046,27.526,25.4766,24.9763,25.3762,25.9868,27.0464,27.9972,29.1189,30.6592,32.01,33.8103
Kazakhstan,Manure Management,Emissions (N2O),kilotonnes,2.3597,2.4247,2.5485,2.726,2.9351,3.1437,3.3147,3.4583,3.5942,3.6878,3.7623,3.8429,3.5756,3.5629,3.641,3.8722,4.0041,4.2282,4.4771,4.6591,4.925
Kazakhstan,Manure Management,Emissions (N2O),kilotonnes,5.12,5.2835,5.6693,6.1468,6.3536,6.6236,6.9009,7.1603,7.2874,7.4191,7.5491,7.1109,7.01,7.0998,7.2815,7.4804,7.6728,8.035,8.4762,8.7856,9.1564
Kazakhstan,Manure Management,Emissions (CO2eq) from CH4 (AR5),kilotonnes,653.2968,679.5791,699.2688,734.0949,772.2627,799.1236,817.2674,838.4217,851.9246,876.0701,884.4606,884.2982,829.7317,815.4587,830.2065,850.342,875.1484,903.0932,939.4983,969.7409,1008.1666
Kazakhstan,Manure Management,Emissions (CO2eq) from CH4 (AR5),kilotonnes,542.3956,559.2269,597.3582,643.5358,660.8678,679.4875,710.264,731.2586,748.8734,757.2886,770.7286,713.344,699.3361,710.5344,727.629,757.2995,783.9205,815.3284,858.4587,896.2811,946.6881
Kazakhstan,Manure Management,Emissions (CO2eq) from N2O (AR5),kilotonnes,625.33,642.533,675.342,722.3916,777.8084,833.0747,878.4085,916.4434,952.4583,977.2561,997.0061,1018.3817,947.5422,944.1692,964.8657,1026.1228,1061.0943,1120.4627,1186.4411,1234.6736,1305.1193
Kazakhstan,Manure Management,Emissions (CO2eq) from N2O (AR5),kilotonnes,1356.7894,1400.1328,1502.3777,1628.8967,1683.7093,1755.246,1828.7385,1897.4769,1931.1716,1966.0721,2000.5221,1884.3885,1857.6526,1881.455,1929.5948,1982.3033,2033.292,2129.2856,2246.1983,2328.184,2426.4407
Kazakhstan,Manure Management,Emissions (CO2eq) (AR5),kilotonnes,1278.6267,1322.1121,1374.6108,1456.4865,1550.0711,1632.1983,1695.6759,1754.8651,1804.3829,1853.3262,1881.4667,1902.6798,1777.2739,1759.6278,1795.0723,1876.4648,1936.2427,2023.5559,2125.9394,2204.4146,2313.2859
Kazakhstan,Manure Management,Emissions (CO2eq) (AR5),kilotonnes,1899.185,1959.3597,2099.7359,2272.4325,2344.5771,2434.7335,2539.0025,2628.7355,2680.045,2723.3607,2771.2507,2597.7325,2556.9888,2591.9894,2657.2238,2739.6028,2817.2125,2944.614,3104.657,3224.4651,3373.1288
Kazakhstan,Manure left on Pasture,Direct emissions (N2O),kilotonnes,4.5136,4.641,4.8656,5.1939,5.5863,6.0309,6.3758,6.729,7.0056,7.2597,7.4715,7.6947,7.5037,7.4895,7.6135,8.0863,8.3602,8.7157,9.1791,9.5441,10.1021
Kazakhstan,Manure left on Pasture,Indirect emissions (N2O),kilotonnes,1.4287,1.4692,1.5391,1.6425,1.7697,1.9153,2.0282,2.15,2.2416,2.3296,2.4049,2.4853,2.4583,2.4468,2.4809,2.6332,2.7216,2.8231,2.9648,3.084,3.2712
Kazakhstan,Manure left on Pasture,Emissions (N2O),kilotonnes,5.9423,6.1102,6.4047,6.8364,7.356,7.9463,8.4041,8.879,9.2472,9.5894,9.8764,10.18,9.962,9.9363,10.0943,10.7195,11.0819,11.5388,12.1439,12.6281,13.3733
Kazakhstan,Manure left on Pasture,Emissions (CO2eq) from N2O (AR5),kilotonnes,1574.7021,1619.2045,1697.2403,1811.6473,1949.335,2105.7664,2227.0789,2352.9362,2450.5176,2541.1889,2617.2535,2697.7121,2639.9222,2633.1207,2674.9995,2840.6714,2936.6909,3057.7735,3218.1209,3346.4387,3543.9272
Kazakhstan,Manure left on Pasture,Emissions (CO2eq) (AR5),kilotonnes,1574.7021,1619.2045,1697.2403,1811.6473,1949.335,2105.7664,2227.0789,2352.9362,2450.5176,2541.1889,2617.2535,2697.7121,2639.9222,2633.1207,2674.9995,2840.6714,2936.6909,3057.7735,3218.1209,3346.4387,3543.9272
Kazakhstan,Manure applied to Soils,Direct emissions (N2O),kilotonnes,1.6951,1.7541,1.82,1.9276,2.0405,2.1544,2.2385,2.3247,2.3914,2.4683,2.5132,2.5484,2.4243,2.4145,2.4568,2.5551,2.6233,2.7259,2.8532,2.9445,3.0679
Kazakhstan,Manure applied to Soils,Direct emissions (N2O),kilotonnes,1.34,1.37,1.47,1.59,1.66,1.73,1.8,1.87,1.91,1.94,1.98,1.87,1.84,1.86,1.91,1.96,2.01,2.09,2.2,2.28,2.39
Kazakhstan,Manure applied to Soils,Indirect emissions (N2O),kilotonnes,0.7204,0.7455,0.7735,0.8192,0.8672,0.9156,0.9513,0.988,1.0164,1.049,1.0681,1.083,1.0303,1.0262,1.0441,1.0859,1.1149,1.1585,1.2126,1.2514,1.3038
Kazakhstan,Manure applied to Soils,Emissions (N2O),kilotonnes,2.4156,2.4996,2.5936,2.7468,2.9077,3.0701,3.1898,3.3127,3.4078,3.5173,3.5813,3.6314,3.4546,3.4407,3.5009,3.641,3.7381,3.8844,4.0659,4.196,4.3717
Kazakhstan,Manure applied to Soils,Emissions (N2O),kilotonnes,1.34,1.37,1.47,1.59,1.66,1.73,1.8,1.87,1.91,1.94,1.98,1.87,1.84,1.86,1.91,1.96,2.01,2.09,2.2,2.28,2.39
Kazakhstan,Manure applied to Soils,Emissions (CO2eq) from N2O (AR5),kilotonnes,640.1217,662.387,687.2923,727.8931,770.5461,813.5711,845.2963,877.8782,903.0699,932.0856,949.0457,962.3212,915.482,911.7764,927.742,964.8563,990.6091,1029.3671,1077.4582,1111.9288,1158.5005
Kazakhstan,Manure applied to Soils,Emissions (CO2eq) from N2O (AR5),kilotonnes,355.1,363.05,389.55,421.35,439.9,458.45,477,495.55,506.15,514.1,524.7,495.55,487.6,492.9,506.15,519.4,532.65,553.85,583,604.2,633.35
Kazakhstan,Manure applied to Soils,Emissions (CO2eq) (AR5),kilotonnes,640.1217,662.387,687.2923,727.8931,770.5461,813.5711,845.2963,877.8782,903.0699,932.0856,949.0457,962.3212,915.482,911.7764,927.742,964.8563,990.6091,1029.3671,1077.4582,1111.9288,1158.5005
Kazakhstan,Manure applied to Soils,Emissions (CO2eq) (AR5),kilotonnes,355.1,363.05,389.55,421.35,439.9,458.45,477,495.55,506.15,514.1,524.7,495.55,487.6,492.9,506.15,519.4,532.65,553.85,583,604.2,633.35
Kazakhstan,Synthetic Fertilizers,Direct emissions (N2O),kilotonnes,0.4714,0.66,0.2011,0.308,0.3897,0.3221,0.4369,0.5893,0.2561,0.4636,0.6396,0.7468,1.6541,0.8759,1.2674,1.4384,1.2575,1.6378,1.2729,0.8571,1.1692
Kazakhstan,Synthetic Fertilizers,Direct emissions (N2O),kilotonnes,0.11,0.1,0.12,0.18,0.26,0.21,0.25,0.44,0.18,0.33,0.52,0.62,1.48,0.77,1.08,1.29,1.1,1.46,1.16,0.75,1.04
Kazakhstan,Synthetic Fertilizers,Indirect emissions (N2O),kilotonnes,0.1532,0.2145,0.0654,0.1001,0.1267,0.1047,0.142,0.1915,0.0832,0.1507,0.2079,0.2427,0.5376,0.2847,0.4119,0.4675,0.4087,0.5323,0.4137,0.2786,0.38
Kazakhstan,Synthetic Fertilizers,Emissions (N2O),kilotonnes,0.6246,0.8745,0.2665,0.4081,0.5164,0.4268,0.5788,0.7808,0.3394,0.6142,0.8475,0.9895,2.1917,1.1606,1.6793,1.9058,1.6661,2.1701,1.6866,1.1356,1.5491
Kazakhstan,Synthetic Fertilizers,Emissions (N2O),kilotonnes,0.11,0.1,0.12,0.18,0.26,0.21,0.25,0.44,0.18,0.33,0.52,0.62,1.48,0.77,1.08,1.29,1.1,1.46,1.16,0.75,1.04
Kazakhstan,Synthetic Fertilizers,Emissions (CO2eq) from N2O (AR5),kilotonnes,165.5304,231.7425,70.6263,108.1465,136.8384,113.1124,153.3915,206.9129,89.9382,162.7715,224.575,262.2166,580.8129,307.5664,445.0228,505.0442,441.5245,575.0674,446.9584,300.9468,410.5208
Kazakhstan,Synthetic Fertilizers,Emissions (CO2eq) from N2O (AR5),kilotonnes,29.15,26.5,31.8,47.7,68.9,55.65,66.25,116.6,47.7,87.45,137.8,164.3,392.2,204.05,286.2,341.85,291.5,386.9,307.4,198.75,275.6
Kazakhstan,Synthetic Fertilizers,Emissions (CO2eq) (AR5),kilotonnes,165.5304,231.7425,70.6263,108.1465,136.8384,113.1124,153.3915,206.9129,89.9382,162.7715,224.575,262.2166,580.8129,307.5664,445.0228,505.0442,441.5245,575.0674,446.9584,300.9468,410.5208
Kazakhstan,Synthetic Fertilizers,Emissions (CO2eq) (AR5),kilotonnes,29.15,26.5,31.8,47.7,68.9,55.65,66.25,116.6,47.7,87.45,137.8,164.3,392.2,204.05,286.2,341.85,291.5,386.9,307.4,198.75,275.6
Kazakhstan,Drained organic soils,Emissions (CO2eq) (AR5),kilotonnes,0,0,0,0,0,0,0,0,0,0,0,0,0,0,0,0,0,0,0,0,0
Kazakhstan,Drained organic soils (CO2),Emissions (CO2),kilotonnes,0,0,0,0,0,0,0,0,0,0,0,0,0,0,0,0,0,0,0,0,0
Kazakhstan,Drained organic soils (CO2),Emissions (CO2eq) (AR5),kilotonnes,0,0,0,0,0,0,0,0,0,0,0,0,0,0,0,0,0,0,0,0,0
Kazakhstan,Drained organic soils (N2O),Emissions (N2O),kilotonnes,0,0,0,0,0,0,0,0,0,0,0,0,0,0,0,0,0,0,0,0,0
Kazakhstan,Drained organic soils (N2O),Emissions (CO2eq) from N2O (AR5),kilotonnes,0,0,0,0,0,0,0,0,0,0,0,0,0,0,0,0,0,0,0,0,0
Kazakhstan,Drained organic soils (N2O),Emissions (CO2eq) (AR5),kilotonnes,0,0,0,0,0,0,0,0,0,0,0,0,0,0,0,0,0,0,0,0,0
Kazakhstan,On-farm energy use,Emissions (CH4),kilotonnes,0.5298,1.6782,0.4541,0.6087,1.7363,2.2045,0.7504,2.5379,6.6277,6.3885,6.6493,6.4199,6.3558,5.781,5.3773,4.1821,3.9968,4.1251,4.0814,3.8222,3.8222
Kazakhstan,On-farm energy use,Emissions (N2O),kilotonnes,0.4748,0.5472,0.5437,0.4303,0.5836,0.842,1.0169,0.5885,0.5699,0.5707,0.5205,0.6055,0.561,0.5655,0.6985,0.5502,0.574,0.6863,0.7196,0.7238,0.7238
Kazakhstan,On-farm energy use,Emissions (CO2),kilotonnes,1488.5879,2035.372,1657.0434,1437.509,2190.4878,3062.8136,3088.8715,2533.6711,3628.7033,3500.7941,3471.4413,3622.7268,3486.4288,3338.0697,3551.8741,2828.1876,2833.7076,3156.7292,3438.5374,3415.87,3415.87
Kazakhstan,On-farm energy use,Emissions (CO2eq) from CH4 (AR5),kilotonnes,14.8334,46.9891,12.716,17.0424,48.6158,61.7247,21.0115,71.06,185.5763,178.8788,186.1803,179.7571,177.9635,161.8676,150.5634,117.0975,111.909,115.5028,114.2781,107.0211,107.0211
Kazakhstan,On-farm energy use,Emissions (CO2eq) from N2O (AR5),kilotonnes,125.8288,145.0172,144.0728,114.0279,154.6593,223.1339,269.489,155.9464,151.0261,151.2453,137.938,160.465,148.6757,149.8492,185.1079,145.8079,152.0981,181.8666,190.6893,191.8056,191.8056
Kazakhstan,On-farm energy use,Emissions (CO2eq) (AR5),kilotonnes,1629.2502,2227.3783,1813.8322,1568.5794,2393.7629,3347.6721,3379.372,2760.6775,3965.3056,3830.9182,3795.5596,3962.949,3813.068,3649.7865,3887.5454,3091.093,3097.7147,3454.0986,3743.5048,3714.6967,3714.6967
Kazakhstan,Forestland,Emissions (CO2),kilotonnes,-1117.422,-2993.6882,-2993.6882,-2993.6882,-2993.6882,-2993.6882,-2993.6882,-2993.6882,-2993.6882,-2993.6882,-2993.6882,-10732.7261,-10732.7261,-10732.7261,-10732.7261,-10732.7261,-2986.4795,-2986.4795,-2986.4795,-2986.4795,-2986.4795
Kazakhstan,Forestland,Emissions (CO2),kilotonnes,1229.0667,3322.7333,5418.2333,4865.6667,3145.2667,1425.2333,-295.1667,-2015.5667,-1470.3333,-2523.7667,-3576.4667,-4629.1667,-5681.8667,-7482.2,-6458.8333,-5435.8333,-4412.8333,-3389.8333,-2865.8667,-6461.0333,-10056.9333
Kazakhstan,Forestland,Emissions (CO2eq) (AR5),kilotonnes,-1117.422,-2993.6882,-2993.6882,-2993.6882,-2993.6882,-2993.6882,-2993.6882,-2993.6882,-2993.6882,-2993.6882,-2993.6882,-10732.7261,-10732.7261,-10732.7261,-10732.7261,-10732.7261,-2986.4795,-2986.4795,-2986.4795,-2986.4795,-2986.4795
Kazakhstan,Forestland,Emissions (CO2eq) (AR5),kilotonnes,1229.0667,3322.7333,5418.2333,4865.6667,3145.2667,1425.2333,-295.1667,-2015.5667,-1470.3333,-2523.7667,-3576.4667,-4629.1667,-5681.8667,-7482.2,-6458.8333,-5435.8333,-4412.8333,-3389.8333,-2865.8667,-6461.0333,-10056.9333
Kazakhstan,Net Forest conversion,Emissions (CO2),kilotonnes,294.7675,1480.0545,1480.0545,1480.0545,1480.0545,1480.0545,1480.0545,1480.0545,1480.0545,1480.0545,1480.0545,871.933,871.933,871.933,871.933,871.933,2.617,2.617,2.617,2.617,2.617
Kazakhstan,Net Forest conversion,Emissions (CO2eq) (AR5),kilotonnes,294.7675,1480.0545,1480.0545,1480.0545,1480.0545,1480.0545,1480.0545,1480.0545,1480.0545,1480.0545,1480.0545,871.933,871.933,871.933,871.933,871.933,2.617,2.617,2.617,2.617,2.617
Kazakhstan,Savanna fires,Emissions (CH4),kilotonnes,44.7333,56.4067,216.1969,89.8798,119.5208,118.0501,131.6392,72.4582,87.7037,43.7229,110.139,25.4141,46.1783,11.1505,55.7503,67.1175,20.8563,129.9646,31.0932,73.6842,36.4478
Kazakhstan,Savanna fires,Emissions (CH4),kilotonnes,1.51,2.19,1.71,4.03,1.26,1.5,2.75,0.9,0.37,0.27,0.5,0.28,0.14,0.017,0.47,1.003,0.134,2.976,0.63,0.21,0.4
Kazakhstan,Savanna fires,Emissions (N2O),kilotonnes,4.0843,5.1502,19.7397,8.2064,10.9128,10.7785,12.0192,6.6158,8.0077,3.9921,10.0562,2.3204,4.2163,1.0181,5.0902,6.1281,1.9043,11.8663,2.8389,6.7277,3.3278
Kazakhstan,Savanna fires,Emissions (N2O),kilotonnes,0.138,0.2,0.156,0.368,0.115,0.137,0.251,0.082,0.034,0.025,0.046,0.026,0.012,0.0015,0.043,0.092,0.012,0.28,0.58,0.21,0.37
Kazakhstan,Savanna fires,Emissions (CO2eq) from CH4 (AR5),kilotonnes,1252.5334,1579.3881,6053.5132,2516.6357,3346.5813,3305.4023,3685.8985,2028.8306,2455.7045,1224.2416,3083.8924,711.5954,1292.9933,312.2139,1561.0074,1879.291,583.9773,3639.0076,870.6105,2063.1573,1020.538
Kazakhstan,Savanna fires,Emissions (CO2eq) from CH4 (AR5),kilotonnes,42.28,61.32,47.88,112.84,35.28,42,77,25.2,10.36,7.56,14,7.84,3.92,0.476,13.16,28.084,3.752,83.328,17.64,5.88,11.2
Kazakhstan,Savanna fires,Emissions (CO2eq) from N2O (AR5),kilotonnes,1082.3522,1364.7973,5231.025,2174.7015,2891.8828,2856.2987,3185.0971,1753.1743,2122.049,1057.9044,2664.8853,614.9113,1117.3149,269.7935,1348.914,1623.9526,504.6326,3144.5772,752.321,1782.8371,881.878
Kazakhstan,Savanna fires,Emissions (CO2eq) from N2O (AR5),kilotonnes,36.57,53,41.34,97.52,30.475,36.305,66.515,21.73,9.01,6.625,12.19,6.89,3.18,0.3975,11.395,24.38,3.18,74.2,153.7,55.65,98.05
Kazakhstan,Savanna fires,Emissions (CO2eq) (AR5),kilotonnes,2334.8856,2944.1854,11284.5382,4691.3372,6238.4641,6161.7009,6870.9956,3782.0049,4577.7536,2282.146,5748.7777,1326.5067,2410.3082,582.0075,2909.9214,3503.2436,1088.6099,6783.5849,1622.9315,3845.9944,1902.416
Kazakhstan,Savanna fires,Emissions (CO2eq) (AR5),kilotonnes,78.85,114.32,89.22,210.36,65.755,78.305,143.515,46.93,19.37,14.185,26.19,14.73,7.1,0.8735,24.555,52.464,6.932,157.528,171.34,61.53,109.25
Kazakhstan,Fires in organic soils,Emissions (CH4),kilotonnes,0,0,0,0,0,0,0,0,0,0,0,0,0,0,0,0,0,0,0,0,0
Kazakhstan,Fires in organic soils,Emissions (CO2),kilotonnes,0,0,0,0,0,0,0,0,0,0,0,0,0,0,0,0,0,0,0,0,0
Kazakhstan,Fires in organic soils,Emissions (CO2eq) from CH4 (AR5),kilotonnes,0,0,0,0,0,0,0,0,0,0,0,0,0,0,0,0,0,0,0,0,0
Kazakhstan,Fires in organic soils,Emissions (CO2eq) (AR5),kilotonnes,0,0,0,0,0,0,0,0,0,0,0,0,0,0,0,0,0,0,0,0,0
Kazakhstan,Forest fires,Emissions (CH4),kilotonnes,3.1222,0.0025,0.2598,0.0824,0.045,0.01,0.0075,0.2219,0.05,0,0.01,0.025,0.0325,0,0,0.0699,0.0125,0,0.007,0.005,0
Kazakhstan,Forest fires,Emissions (N2O),kilotonnes,0.1727,0.0002,0.0237,0.0075,0.0041,0.0009,0.0007,0.0203,0.0046,0,0.0009,0.0023,0.003,0,0,0.0064,0.0011,0,0.0006,0.0005,0
Kazakhstan,Forest fires,Emissions (CO2eq) from CH4 (AR5),kilotonnes,87.4226,0.0699,7.2753,2.3078,1.2595,0.2799,0.2097,6.214,1.3987,0,0.2797,0.6993,0.9093,0,0,1.9579,0.3495,0,0.1968,0.1398,0
Kazakhstan,Forest fires,Emissions (CO2eq) from N2O (AR5),kilotonnes,45.7708,0.0604,6.2868,1.9942,1.0883,0.2419,0.1812,5.3697,1.2087,0,0.2417,0.6042,0.7858,0,0,1.6919,0.302,0,0.1701,0.1208,0
Kazakhstan,Forest fires,Emissions (CO2eq) (AR5),kilotonnes,133.1934,0.1304,13.5621,4.302,2.3478,0.5217,0.3909,11.5838,2.6073,0,0.5214,1.3035,1.6951,0,0,3.6497,0.6514,0,0.3669,0.2606,0
Kazakhstan,Fires in humid tropical forests,Emissions (CH4),kilotonnes,0,0,0,0,0,0,0,0,0,0,0,0,0,0,0,0,0,0,0,0,0
Kazakhstan,Fires in humid tropical forests,Emissions (N2O),kilotonnes,0,0,0,0,0,0,0,0,0,0,0,0,0,0,0,0,0,0,0,0,0
Kazakhstan,Fires in humid tropical forests,Emissions (CO2eq) from CH4 (AR5),kilotonnes,0,0,0,0,0,0,0,0,0,0,0,0,0,0,0,0,0,0,0,0,0
Kazakhstan,Fires in humid tropical forests,Emissions (CO2eq) from N2O (AR5),kilotonnes,0,0,0,0,0,0,0,0,0,0,0,0,0,0,0,0,0,0,0,0,0
Kazakhstan,Fires in humid tropical forests,Emissions (CO2eq) (AR5),kilotonnes,0,0,0,0,0,0,0,0,0,0,0,0,0,0,0,0,0,0,0,0,0
Kazakhstan,Waste - agri-food systems,Emissions (CH4),kilotonnes,54.312,57.0672,59.8614,63.9822,71.3615,63.0089,67.5461,73.1015,72.6679,76.4942,78.7547,85.2695,81.6531,80.8279,80.891,79.0427,74.8071,75.0492,75.3,75.3519,75.3704
Kazakhstan,Waste - agri-food systems,Emissions (N2O),kilotonnes,0.5389,0.5377,0.5533,0.5677,0.5638,0.5773,0.5992,0.6211,0.6449,0.6895,0.7217,0.7195,0.7235,0.7372,0.7095,0.7161,0.7196,0.7326,0.7282,0.7248,0.7216
Kazakhstan,Waste - agri-food systems,Emissions (CO2),kilotonnes,0,0,0,0,0,0,0,0,0,0,0,0,0,0,0,0,0,0,0,0,0
Kazakhstan,Waste - agri-food systems,Emissions (CO2eq) from CH4 (AR5),kilotonnes,1520.7373,1597.882,1676.119,1791.5011,1998.1218,1764.2492,1891.2919,2046.8432,2034.7024,2141.8384,2205.1312,2387.5472,2286.2871,2263.182,2264.9489,2213.1969,2094.5982,2101.3786,2108.3999,2109.8532,2110.3709
Kazakhstan,Waste - agri-food systems,Emissions (CO2eq) from N2O (AR5),kilotonnes,142.7967,142.4871,146.6226,150.4507,149.4179,152.9879,158.7854,164.5914,170.9062,182.725,191.2582,190.6755,191.7292,195.3487,188.0096,189.7556,190.6876,194.1518,192.9691,192.0809,191.2326
Kazakhstan,Waste - agri-food systems,Emissions (CO2eq) (AR5),kilotonnes,1663.534,1740.3691,1822.7416,1941.9518,2147.5397,1917.2371,2050.0772,2211.4346,2205.6086,2324.5633,2396.3893,2578.2226,2478.0163,2458.5307,2452.9585,2402.9525,2285.2858,2295.5304,2301.369,2301.9341,2301.6034
Kazakhstan,Fertilizers Manufacturing,Emissions (N2O),kilotonnes,0,0,0.0746,0.171,0.2581,0.3487,0.1747,0.9243,0.857,0.7486,0.6651,0.9575,0.6771,0.7885,1.2008,1.2467,1.435,1.5406,1.4634,1.4774,1.3326
Kazakhstan,Fertilizers Manufacturing,Emissions (CO2),kilotonnes,0,0,0,0,0,6.4057,39.3485,184.0084,171.0198,215.0025,145.3341,210.7269,157.104,441.6519,614.5473,632.517,716.1172,766.0998,438.9945,739.3163,701.541
Kazakhstan,Fertilizers Manufacturing,Emissions (CO2eq) from N2O (AR5),kilotonnes,0,0,19.769,45.315,68.3965,92.4055,46.2955,244.9395,227.105,198.379,176.2515,253.7375,179.4315,208.9525,318.212,330.3755,380.275,408.259,387.801,391.511,353.1497
Kazakhstan,Fertilizers Manufacturing,Emissions (CO2eq) (AR5),kilotonnes,0,0,19.769,45.315,68.3965,98.8112,85.644,428.9479,398.1248,413.3815,321.5856,464.4644,336.5355,650.6044,932.7593,962.8925,1096.3922,1174.3588,826.7955,1130.8273,1054.6907
Kazakhstan,On-farm electricity use,Emissions (CH4),kilotonnes,10.1875,10.6579,12.5586,6.8925,6.5337,6.9561,7.4109,0.9444,0.87,0.5244,0.7452,0.7284,0.5424,0.9612,0.9071,0.9599,0.7529,0.8616,0.9551,0.9648,0.9648
Kazakhstan,On-farm electricity use,Emissions (N2O),kilotonnes,0.0544,0.0569,0.0671,0.0368,0.0349,0.0371,0.0396,0.005,0.0046,0.0028,0.004,0.0039,0.0029,0.0051,0.0049,0.0051,0.004,0.0046,0.0051,0.0051,0.0051
Kazakhstan,On-farm electricity use,Emissions (CO2),kilotonnes,6199.1654,5034.6915,7153.3394,3814.8874,3248.982,3461.6293,5345.9283,537.4166,410.1755,192.8065,253.9027,261.6344,208.3155,457.7056,431.9918,457.1342,358.5647,410.278,454.8485,459.4199,459.4199
Kazakhstan,On-farm electricity use,Emissions (CO2eq) from CH4 (AR5),kilotonnes,285.25,298.4212,351.6408,192.99,182.9436,194.7708,207.5052,26.4432,24.36,14.6832,20.8656,20.3952,15.1872,26.9136,25.3988,26.8772,21.0812,24.1248,26.7428,27.0144,27.0144
Kazakhstan,On-farm electricity use,Emissions (CO2eq) from N2O (AR5),kilotonnes,14.416,15.0785,17.7815,9.752,9.2485,9.8315,10.494,1.325,1.219,0.742,1.06,1.0335,0.7685,1.3515,1.2985,1.3515,1.06,1.219,1.3515,1.3515,1.3515
Kazakhstan,On-farm electricity use,Emissions (CO2eq) (AR5),kilotonnes,6498.8314,5348.1912,7522.7617,4017.6294,3441.1741,3666.2316,5563.9275,565.1848,435.7545,208.2317,275.8283,283.0631,224.2712,485.9707,458.6891,485.3629,380.7059,435.6218,482.9428,487.7858,487.7858
Kazakhstan,Food Processing,Emissions (CH4),kilotonnes,0.004,0.004,0.004,0.004,0.004,0.004,0.004,0.004,5.3857,4.2564,4.2861,1.1816,2.8431,2.8576,2.5921,2.5776,2.9204,2.6507,3.0712,3.0712,3.0527
Kazakhstan,Food Processing,Emissions (N2O),kilotonnes,0.0008,0.0008,0.0008,0.0008,0.0008,0.0008,0.0008,0.0008,0.0598,0.0459,0.0475,0.0125,0.024,0.0226,0.0214,0.0235,0.0229,0.023,0.0246,0.0246,0.0222
Kazakhstan,Food Processing,Emissions (CO2),kilotonnes,98.7753,98.7753,98.7753,98.7753,98.7753,98.7753,98.7753,98.7753,5767.6594,3705.558,3832.6395,1131.7803,2133.687,2315.4825,2217.0042,2521.932,2452.9636,2453.1477,2580.3955,2580.3955,2448.5505
Kazakhstan,Food Processing,Emissions (CO2eq) from CH4 (AR5),kilotonnes,0.112,0.112,0.112,0.112,0.112,0.112,0.112,0.112,150.7996,119.1792,120.0108,33.0848,79.6068,80.0128,72.5788,72.1728,81.7712,74.2196,85.9936,85.9936,85.4756
Kazakhstan,Food Processing,Emissions (CO2eq) from N2O (AR5),kilotonnes,0.212,0.212,0.212,0.212,0.212,0.212,0.212,0.212,15.847,12.1635,12.5875,3.3125,6.36,5.989,5.671,6.2275,6.0685,6.095,6.519,6.519,5.8803
Kazakhstan,Food Processing,Emissions (CO2eq) (AR5),kilotonnes,99.0993,99.0993,99.0993,99.0993,99.0993,99.0993,99.0993,99.0993,5934.306,3836.9007,3965.2378,1168.1776,2219.6538,2401.4843,2295.254,2600.3323,2540.8033,2533.4623,2672.9081,2672.9081,2539.9063
Kazakhstan,Food Packaging,Emissions (CH4),kilotonnes,0.0509,0.0532,0.0557,0.1105,0.1142,0.1219,0.1301,0.1626,0.6365,1.018,1.1063,1.4775,1.5665,1.4569,0.7789,1.8211,1.7423,1.6443,2.503,1.7445,1.734
Kazakhstan,Food Packaging,Emissions (N2O),kilotonnes,0.0008,0.0008,0.0009,0.0012,0.0012,0.0014,0.0015,0.0013,0.0088,0.0206,0.0205,0.0303,0.0323,0.0284,0.0179,0.0316,0.0279,0.03,0.0381,0.0316,0.0285
Kazakhstan,Food Packaging,Emissions (CO2),kilotonnes,105.9233,104.9205,112.8004,140.4294,147.7734,164.2621,208.7443,158.9663,765.5358,1555.8535,1524.2656,2264.0073,2433.0418,2280.7366,1394.2488,2526.2679,2308.8323,2548.0313,3101.8182,2518.4702,2389.7892
Kazakhstan,Food Packaging,Emissions (CO2eq) from CH4 (AR5),kilotonnes,1.4252,1.4896,1.5596,3.094,3.1976,3.4132,3.6428,4.5528,17.822,28.504,30.9764,41.37,43.862,40.7932,21.8092,50.9908,48.7844,46.0404,70.084,48.846,48.5517
Kazakhstan,Food Packaging,Emissions (CO2eq) from N2O (AR5),kilotonnes,0.212,0.212,0.2385,0.318,0.318,0.371,0.3975,0.3445,2.332,5.459,5.4325,8.0295,8.5595,7.526,4.7435,8.374,7.3935,7.95,10.0965,8.374,7.5535
Kazakhstan,Food Packaging,Emissions (CO2eq) (AR5),kilotonnes,107.5605,106.6221,114.5985,143.8414,151.289,168.0463,212.7846,163.8636,785.6898,1589.8165,1560.6745,2313.4068,2485.4633,2329.0558,1420.8015,2585.6327,2365.0102,2602.0217,3181.9987,2575.6902,2445.8945
Kazakhstan,Food Retail,Emissions (CH4),kilotonnes,0.0009,0.0009,0.001,0.0011,0.0012,0.0013,0.0014,0.0014,1.9672,1.4996,1.5548,1.8561,1.5887,1.9727,2.3451,2.2961,2.4289,2.743,3.1811,2.8261,2.8091
Kazakhstan,Food Retail,Emissions (N2O),kilotonnes,0.0002,0.0002,0.0002,0.0002,0.0002,0.0003,0.0003,0.0003,0.0295,0.024,0.0261,0.0287,0.0225,0.0278,0.0293,0.0292,0.0289,0.0336,0.0366,0.037,0.0334
Kazakhstan,Food Retail,Emissions (CO2),kilotonnes,21.3627,23.5844,23.7553,25.1225,30.7623,31.6168,35.0348,39.6492,3002.1461,1778.8082,1974.9513,2201.5472,1640.3009,2349.4027,2437.3422,2510.9334,2488.101,2842.582,3069.9713,3078.3317,2921.0447
Kazakhstan,Food Retail,Emissions (CO2eq) from F-gases (AR5),kilotonnes,84.6785,124.1605,174.0325,241.5675,330.402,365.2085,420.795,475.862,482.096,485.213,487.291,488.33,488.8495,489.369,489.369,489.369,535.6045,547.553,560.021,571.9695,571.9695
Kazakhstan,Food Retail,Emissions (CO2eq) from CH4 (AR5),kilotonnes,0.0264,0.0261,0.0271,0.0308,0.0339,0.0351,0.0381,0.0398,55.0816,41.9888,43.5344,51.9708,44.4836,55.2356,65.6628,64.2908,68.0092,76.804,89.0708,79.1308,78.6541
Kazakhstan,Food Retail,Emissions (CO2eq) from N2O (AR5),kilotonnes,0.0545,0.0521,0.0569,0.0624,0.0624,0.0675,0.0721,0.0797,7.8175,6.36,6.9165,7.6055,5.9625,7.367,7.7645,7.738,7.6585,8.904,9.699,9.805,8.8443
Kazakhstan,Food Retail,Emissions (CO2eq) (AR5),kilotonnes,106.1221,147.8232,197.8718,266.7832,361.2606,396.9278,455.94,515.6307,3547.1412,2312.37,2512.6932,2749.4535,2179.5965,2901.3743,3000.1385,3072.3312,3099.3732,3475.843,3728.7621,3739.237,3580.5126
Kazakhstan,Food Household Consumption,Emissions (CH4),kilotonnes,1.6314,1.7068,1.5027,1.5679,1.6168,1.7209,1.8514,2.2153,10.4192,10.2123,11.2357,19.6517,14.202,12.5523,24.4465,24.3877,26.6771,33.1001,35.9121,35.9121,35.6958
Kazakhstan,Food Household Consumption,Emissions (N2O),kilotonnes,0.0087,0.0091,0.008,0.0084,0.0086,0.0092,0.0109,0.0158,0.0548,0.0563,0.061,0.1049,0.0793,0.0712,0.1315,0.1327,0.1426,0.1751,0.1921,0.1921,0.1733
Kazakhstan,Food Household Consumption,Emissions (CO2),kilotonnes,992.7235,806.293,855.9138,867.7928,803.964,856.4036,1454.0454,1769.2764,4494.7502,4473.3716,4804.8853,7715.6119,6177.665,5821.1261,9762.4598,9776.3254,10391.4597,12594.0331,15310.4591,15310.4591,14528.1729
Kazakhstan,Food Household Consumption,Emissions (CO2eq) from CH4 (AR5),kilotonnes,45.6792,47.7904,42.0756,43.9012,45.2704,48.1852,51.8392,62.0284,291.7376,285.9444,314.5996,550.2476,397.656,351.4644,684.502,682.8556,746.9588,926.8028,1005.5388,1005.5388,999.4813
Kazakhstan,Food Household Consumption,Emissions (CO2eq) from N2O (AR5),kilotonnes,2.3055,2.4115,2.12,2.226,2.279,2.438,2.8885,4.187,14.522,14.9195,16.165,27.7985,21.0145,18.868,34.8475,35.1655,37.789,46.4015,50.9065,50.9065,45.9185
Kazakhstan,Food Household Consumption,Emissions (CO2eq) (AR5),kilotonnes,1040.7082,856.4949,900.1094,913.92,851.5134,907.0268,1508.7731,1835.4918,4801.0098,4774.2355,5135.6499,8293.658,6596.3355,6191.4585,10481.8093,10494.3465,11176.2075,13567.2374,16366.9044,16366.9044,15573.5727
Kazakhstan,Food Transport,Emissions (CH4),kilotonnes,0.2243,0.1828,0.1824,0.1502,0.1452,0.1294,0.1381,0.1406,0.1504,0.1244,0.1178,0.1225,0.1307,0.1281,0.1284,0.1368,0.1466,0.1449,0.137,0.0747,0.0743
Kazakhstan,Food Transport,Emissions (N2O),kilotonnes,0.0754,0.0678,0.0754,0.0791,0.0772,0.0825,0.0856,0.0984,0.0737,0.0717,0.0723,0.0697,0.0823,0.0714,0.0745,0.0588,0.0842,0.0709,0.0668,0.0644,0.0581
Kazakhstan,Food Transport,Emissions (CO2),kilotonnes,1017.5936,915.9786,1015.8486,969.5336,1023.8586,1059.7736,1164.9086,1340.657,1502.011,1364.532,1420.576,1450.856,1590.186,1496.878,1501.471,1508.163,1654.927,1570.39,1478.169,1447.0623,1373.1248
Kazakhstan,Food Transport,Emissions (CO2eq) from CH4 (AR5),kilotonnes,6.2804,5.1184,5.1072,4.2056,4.0656,3.6232,3.8668,3.9368,4.2112,3.4832,3.2984,3.43,3.6596,3.5868,3.5952,3.8304,4.1048,4.0572,3.836,2.0916,2.079
Kazakhstan,Food Transport,Emissions (CO2eq) from N2O (AR5),kilotonnes,19.981,17.967,19.981,20.9615,20.458,21.8625,22.684,26.076,19.5305,19.0005,19.1595,18.4705,21.8095,18.921,19.7425,15.582,22.313,18.7885,17.702,17.066,15.3938
Kazakhstan,Food Transport,Emissions (CO2eq) (AR5),kilotonnes,1043.855,939.064,1040.9368,994.7007,1048.3822,1085.2593,1191.4594,1370.6698,1525.7527,1387.0157,1443.0339,1472.7565,1615.6551,1519.3858,1524.8087,1527.5754,1681.3448,1593.2357,1499.707,1466.2199,1390.5976
Kazakhstan,Energy,Emissions (CH4),kilotonnes,774,767,795,904,996,1030,1120,1170,1310,1320,1410,1440,1520,1550,1550,1530,1500,1660,1680,1660,1650
Kazakhstan,Energy,Emissions (N2O),kilotonnes,2.49,2.38,2.6,2.85,2.85,3.08,3.29,3.64,3.8,3.37,3.49,3.77,3.8,3.83,3.66,3.54,3.76,3.74,3.62,3.47,3.13
Kazakhstan,Energy,Emissions (CO2),kilotonnes,125000,138000,139000,147000,180000,185000,205000,232000,237000,220000,254000,265000,250000,262000,239000,232000,243000,254000,280000,274000,260000
Kazakhstan,Energy,Emissions (CO2eq) from CH4 (AR5),kilotonnes,21672,21476,22260,25312,27888,28840,31360,32760,36680,36960,39480,40320,42560,43400,43400,42840,42000,46480,47040,46480,46200
Kazakhstan,Energy,Emissions (CO2eq) from N2O (AR5),kilotonnes,659.85,630.7,689,755.25,755.25,816.2,871.85,964.6,1007,893.05,924.85,999.05,1007,1014.95,969.9,938.1,996.4,991.1,959.3,919.55,829.45
Kazakhstan,Energy,Emissions (CO2eq) (AR5),kilotonnes,147331.85,160106.7,161949,173067.25,208643.25,214656.2,237231.85,265724.6,274687,257853.05,294404.85,306319.05,293567,306414.95,283369.9,275778.1,285996.4,301471.1,327999.3,321399.55,307029.45
Kazakhstan,IPPU,Emissions (CH4),kilotonnes,1.57,1.6,1.73,1.92,2.01,2.04,2.13,2.25,2.08,1.95,2.15,2.13,2.12,2.08,2.15,1.9,2.19,2.46,2.27,2.54,2.76
Kazakhstan,IPPU,Emissions (N2O),kilotonnes,0.0317,0.0355,0.0389,0.105,0.12,0.0206,0.0771,0.409,0.4,0.295,0.322,0.438,0.327,0.348,0.549,0.607,0.666,0.702,0.684,0.659,0.663
Kazakhstan,IPPU,Emissions (CO2),kilotonnes,3510,3800,3800,4030,4510,4590,4870,5100,5380,5070,5690,5770,7240,7880,8230,8150,8720,9440,9250,9210,10000
Kazakhstan,IPPU,Emissions (CO2eq) from F-gases (AR5),kilotonnes,63.3584,99.119,142.8479,198.2379,275.9783,378.0125,417.8545,497.5383,698.6915,785.1777,991.1897,1059.2125,1078.6476,1078.6476,1117.5178,1156.388,1204.9757,1214.6932,1224.4108,1234.1283,1234.1283
Kazakhstan,IPPU,Emissions (CO2eq) from CH4 (AR5),kilotonnes,43.96,44.8,48.44,53.76,56.28,57.12,59.64,63,58.24,54.6,60.2,59.64,59.36,58.24,60.2,53.2,61.32,68.88,63.56,71.12,77.28
Kazakhstan,IPPU,Emissions (CO2eq) from N2O (AR5),kilotonnes,8.4005,9.4075,10.3085,27.825,31.8,5.459,20.4315,108.385,106,78.175,85.33,116.07,86.655,92.22,145.485,160.855,176.49,186.03,181.26,174.635,175.695
Kazakhstan,IPPU,Emissions (CO2eq) (AR5),kilotonnes,3625.7189,3953.3265,4001.5964,4309.8229,4874.0583,5030.5915,5367.926,5768.9233,6242.9315,5987.9527,6826.7197,7004.9225,8464.6626,9109.1076,9553.2028,9520.443,10162.7857,10909.6032,10719.2308,10689.8833,11487.1033
Kazakhstan,Waste,Emissions (CH4),kilotonnes,102,111,113,116,115,118,117,119,121,121,127,130,124,129,137,143,145,148,151,157,173
Kazakhstan,Waste,Emissions (N2O),kilotonnes,0.836,0.835,0.839,0.856,0.867,0.88,0.891,0.913,0.939,0.957,0.986,1.01,1.03,1.04,1.03,1.05,1.05,1.07,1.08,1.17,1.18
Kazakhstan,Waste,Emissions (CO2),kilotonnes,0,0,0,0,0,0,0.004,0.595,0.88,7.9,8.48,6.73,6.2,7.65,6.43,6.46,6.14,5.96,6.15,5.99,25.3
Kazakhstan,Waste,Emissions (CO2eq) from CH4 (AR5),kilotonnes,2856,3108,3164,3248,3220,3304,3276,3332,3388,3388,3556,3640,3472,3612,3836,4004,4060,4144,4228,4396,4844
Kazakhstan,Waste,Emissions (CO2eq) from N2O (AR5),kilotonnes,221.54,221.275,222.335,226.84,229.755,233.2,236.115,241.945,248.835,253.605,261.29,267.65,272.95,275.6,272.95,278.25,278.25,283.55,286.2,310.05,312.7
Kazakhstan,Waste,Emissions (CO2eq) (AR5),kilotonnes,3077.54,3329.275,3386.335,3474.84,3449.755,3537.2,3512.119,3574.54,3637.715,3649.505,3825.77,3914.38,3751.15,3895.25,4115.38,4288.71,4344.39,4433.51,4520.35,4712.04,5182
Kazakhstan,Other,Emissions (N2O),kilotonnes,2.13,2,2.17,2.41,2.5,2.6,2.76,2.89,3.73,3.13,3.33,3.68,3.79,3.94,3.49,3.71,3.95,3.73,3.67,4.12,4.21
Kazakhstan,Other,Emissions (CO2eq) from N2O (AR5),kilotonnes,564.45,530,575.05,638.65,662.5,689,731.4,765.85,988.45,829.45,882.45,975.2,1004.35,1044.1,924.85,983.15,1046.75,988.45,972.55,1091.8,1115.65
Kazakhstan,Other,Emissions (CO2eq) (AR5),kilotonnes,564.45,530,575.05,638.65,662.5,689,731.4,765.85,988.45,829.45,882.45,975.2,1004.35,1044.1,924.85,983.15,1046.75,988.45,972.55,1091.8,1115.65
Kazakhstan,Farm-gate emissions,Emissions (CH4),kilotonnes,394.8406,417.3244,589.5324,487.0387,541.4905,566.8218,598.4722,559.7704,590.7338,565.012,641.9674,565.8018,559.4234,520.5858,575.517,610.4733,581.562,715.3742,642.9207,707.4761,703.6182
Kazakhstan,Farm-gate emissions,Direct emissions (N2O),kilotonnes,9.6131,10.8272,10.7227,11.0409,11.2108,11.9457,13.0015,14.3111,13.5333,15.0822,13.8424,16.9121,14.8778,15.1065,15.4325,16.3707,16.9347,17.7948,17.9928,17.5602,19.0614
Kazakhstan,Farm-gate emissions,Indirect emissions (N2O),kilotonnes,2.9623,3.2779,3.2411,3.3744,3.4822,3.7093,4.0104,4.3799,4.2142,4.6297,4.405,5.1436,4.7678,4.7312,4.8583,5.152,5.3013,5.5748,5.6458,5.5622,6.0175
Kazakhstan,Farm-gate emissions,Emissions (N2O),kilotonnes,19.7837,22.5373,37.1319,26.1034,29.4648,30.7604,33.7045,29.7184,30.2903,28.3726,32.9646,29.2182,28.3566,25.3579,30.0669,32.4106,29.0779,40.4975,32.0066,35.5642,34.4084
Kazakhstan,Farm-gate emissions,Emissions (CO2),kilotonnes,1488.5879,2035.372,1657.0434,1437.509,2190.4878,3062.8136,3088.8715,2533.6711,3628.7033,3500.7941,3471.4413,3622.7268,3486.4288,3338.0697,3551.8741,2828.1876,2833.7076,3156.7292,3438.5374,3415.87,3415.87
Kazakhstan,Farm-gate emissions,Emissions (CO2eq) from CH4 (AR5),kilotonnes,11055.5369,11685.0845,16506.9068,13637.0847,15161.7339,15871.01,16757.2209,15673.5711,16540.5457,15820.3356,17975.0885,15842.4503,15663.8555,14576.4026,16114.475,17093.2514,16283.7361,20030.4778,18001.7802,19809.3298,19701.3084
Kazakhstan,Farm-gate emissions,Emissions (CO2eq) from N2O (AR5),kilotonnes,5242.6695,5972.3817,9839.9499,6917.4032,7808.1732,8151.5062,8931.7035,7875.3749,8026.9258,7518.7373,8735.6071,7742.8334,7514.5053,6719.8354,7967.7257,8588.8179,7705.6496,10731.8265,8481.7606,9424.512,9118.2227
Kazakhstan,Farm-gate emissions,Emissions (CO2eq) (AR5),kilotonnes,17786.7943,19692.8382,28003.9001,21991.9969,25160.3949,27085.3297,28777.7959,26082.6171,28196.1748,26839.867,30182.1368,27208.0105,26664.7896,24634.3077,27634.0748,28510.2569,26823.0933,33919.0335,29922.0782,32649.7118,32235.4011
Kazakhstan,Land Use change,Emissions (CH4),kilotonnes,0,0,0,0,0,0,0,0,0,0,0,0,0,0,0,0,0,0,0,0,0
Kazakhstan,Land Use change,Emissions (N2O),kilotonnes,0,0,0,0,0,0,0,0,0,0,0,0,0,0,0,0,0,0,0,0,0
Kazakhstan,Land Use change,Emissions (CO2),kilotonnes,294.7675,1480.0545,1480.0545,1480.0545,1480.0545,1480.0545,1480.0545,1480.0545,1480.0545,1480.0545,1480.0545,871.933,871.933,871.933,871.933,871.933,2.617,2.617,2.617,2.617,2.617
Kazakhstan,Land Use change,Emissions (CO2eq) from CH4 (AR5),kilotonnes,0,0,0,0,0,0,0,0,0,0,0,0,0,0,0,0,0,0,0,0,0
Kazakhstan,Land Use change,Emissions (CO2eq) from N2O (AR5),kilotonnes,0,0,0,0,0,0,0,0,0,0,0,0,0,0,0,0,0,0,0,0,0
Kazakhstan,Land Use change,Emissions (CO2eq) (AR5),kilotonnes,294.7675,1480.0545,1480.0545,1480.0545,1480.0545,1480.0545,1480.0545,1480.0545,1480.0545,1480.0545,1480.0545,871.933,871.933,871.933,871.933,871.933,2.617,2.617,2.617,2.617,2.617
Kazakhstan,Emissions on agricultural land,Emissions (CH4),kilotonnes,394.8406,417.3244,589.5324,487.0387,541.4905,566.8218,598.4722,559.7704,590.7338,565.012,641.9674,565.8018,559.4234,520.5858,575.517,610.4733,581.562,715.3742,642.9207,707.4761,703.6182
Kazakhstan,Emissions on agricultural land,Emissions (N2O),kilotonnes,19.7837,22.5373,37.1319,26.1034,29.4648,30.7604,33.7045,29.7184,30.2903,28.3726,32.9646,29.2182,28.3566,25.3579,30.0669,32.4106,29.0779,40.4975,32.0066,35.5642,34.4084
Kazakhstan,Emissions on agricultural land,Emissions (CO2),kilotonnes,1783.3554,3515.4266,3137.0979,2917.5636,3670.5424,4542.8681,4568.926,4013.7257,5108.7578,4980.8486,4951.4958,4494.6599,4358.3619,4210.0027,4423.8072,3700.1207,2836.3246,3159.3462,3441.1544,3418.487,3418.487
Kazakhstan,Emissions on agricultural land,Emissions (CO2eq) from CH4 (AR5),kilotonnes,11055.5369,11685.0845,16506.9068,13637.0847,15161.7339,15871.01,16757.2209,15673.5711,16540.5457,15820.3356,17975.0885,15842.4503,15663.8555,14576.4026,16114.475,17093.2514,16283.7361,20030.4778,18001.7802,19809.3298,19701.3084
Kazakhstan,Emissions on agricultural land,Emissions (CO2eq) from N2O (AR5),kilotonnes,5242.6695,5972.3817,9839.9499,6917.4032,7808.1732,8151.5062,8931.7035,7875.3749,8026.9258,7518.7373,8735.6071,7742.8334,7514.5053,6719.8354,7967.7257,8588.8179,7705.6496,10731.8265,8481.7606,9424.512,9118.2227
Kazakhstan,Emissions on agricultural land,Emissions (CO2eq) (AR5),kilotonnes,18081.5618,21172.8928,29483.9546,23472.0515,26640.4495,28565.3842,30257.8504,27562.6717,29676.2294,28319.9215,31662.1914,28079.9436,27536.7226,25506.2407,28506.0079,29382.1899,26825.7103,33921.6505,29924.6952,32652.3287,32238.0181
Kazakhstan,Pre- and post- production,Emissions (CH4),kilotonnes,66.4111,69.6728,74.1658,72.7084,79.7766,71.9425,77.082,76.5699,92.0969,94.1293,97.8006,110.2873,102.5265,100.7567,112.0891,111.2219,109.4753,116.1938,121.0595,119.9453,119.701
Kazakhstan,Pre- and post- production,Emissions (N2O),kilotonnes,0.6792,0.6733,0.7803,0.8653,0.9449,1.0573,0.9126,1.667,1.7331,1.6594,1.6182,1.927,1.6439,1.7522,2.1898,2.2437,2.4651,2.6104,2.5549,2.557,2.3748
Kazakhstan,Pre- and post- production,Emissions (CO2),kilotonnes,8435.5438,6984.2433,9260.4328,5916.541,5354.1156,5678.8664,8346.7852,4128.7492,16113.2978,13285.9323,13956.5545,15236.164,14340.3002,15162.9834,18359.0651,19933.2729,20370.9655,23184.5619,26434.6561,26133.455,24821.643
Kazakhstan,Pre- and post- production,Emissions (CO2eq) from F-gases (AR5),kilotonnes,84.6785,124.1605,174.0325,241.5675,330.402,365.2085,420.795,475.862,482.096,485.213,487.291,488.33,488.8495,489.369,489.369,489.369,535.6045,547.553,560.021,571.9695,571.9695
Kazakhstan,Pre- and post- production,Emissions (CO2eq) from CH4 (AR5),kilotonnes,1859.5104,1950.8397,2076.6413,2035.8347,2233.7449,2014.3887,2158.296,2143.9563,2578.7144,2635.6212,2738.4164,3088.0456,2870.7423,2821.1884,3138.4957,3114.2145,3065.3078,3253.4274,3389.6659,3358.4684,3351.627
Kazakhstan,Pre- and post- production,Emissions (CO2eq) from N2O (AR5),kilotonnes,179.9777,178.4202,206.7815,229.2976,250.3923,280.1759,241.8289,441.7551,459.2792,439.7485,428.8307,510.663,435.6352,464.3237,580.2891,594.5696,653.2451,691.7688,677.0446,677.6139,629.3242
Kazakhstan,Pre- and post- production,Emissions (CO2eq) (AR5),kilotonnes,10559.7104,9237.6637,11717.8881,8423.2408,8168.6548,8338.6394,11167.7051,7190.3225,19633.3874,16846.5149,17611.0925,19323.2025,18135.5272,18937.8645,22567.2189,24131.426,24625.1229,27677.3111,31061.3876,30741.5068,29374.5637
Kazakhstan,Agri-food systems,Emissions (CH4),kilotonnes,461.2517,486.9973,663.6981,559.7471,621.2671,638.7642,675.5542,636.3403,682.8307,659.1413,739.768,676.0891,661.9499,621.3425,687.6061,721.6952,691.0373,831.568,763.9802,827.4214,823.3191
Kazakhstan,Agri-food systems,Emissions (N2O),kilotonnes,20.4628,23.2106,37.9122,26.9687,30.4097,31.8177,34.6171,31.3854,32.0234,30.032,34.5828,31.1453,30.0005,27.11,32.2567,34.6543,31.543,43.1079,34.5615,38.1212,36.7832
Kazakhstan,Agri-food systems,Emissions (CO2),kilotonnes,10218.8992,10499.6699,12397.5307,8834.1046,9024.6579,10221.7345,12915.7113,8142.4748,21222.0556,18266.7809,18908.0503,19730.8239,18698.6621,19372.9861,22782.8723,23633.3936,23207.2901,26343.9081,29875.8105,29551.942,28240.13
Kazakhstan,Agri-food systems,Emissions (CO2eq) from F-gases (AR5),kilotonnes,84.6785,124.1605,174.0325,241.5675,330.402,365.2085,420.795,475.862,482.096,485.213,487.291,488.33,488.8495,489.369,489.369,489.369,535.6045,547.553,560.021,571.9695,571.9695
Kazakhstan,Agri-food systems,Emissions (CO2eq) from CH4 (AR5),kilotonnes,12915.0474,13635.9242,18583.5481,15672.9193,17395.4787,17885.3986,18915.5169,17817.5274,19119.2601,18455.9568,20713.5048,18930.4959,18534.5977,17397.591,19252.9707,20207.4659,19349.0438,23283.9052,21391.4461,23167.7982,23052.9354
Kazakhstan,Agri-food systems,Emissions (CO2eq) from N2O (AR5),kilotonnes,5422.6472,6150.8019,10046.7314,7146.7008,8058.5656,8431.6821,9173.5324,8317.13,8486.205,7958.4857,9164.4378,8253.4963,7950.1405,7184.1591,8548.0148,9183.3874,8358.8947,11423.5953,9158.8052,10102.1258,9747.5469
Kazakhstan,Agri-food systems,Emissions (CO2eq) (AR5),kilotonnes,28641.2722,30410.5565,41201.8427,31895.2923,34809.1042,36904.0237,41425.5556,34752.9942,49309.6168,45166.4365,49273.2839,47403.1461,45672.2498,44444.1052,51073.2268,53513.6159,51450.8332,61598.9616,60986.0828,63393.8355,61612.5817
Kazakhstan,IPCC Agriculture,Emissions (CH4),kilotonnes,394.3108,415.6463,589.0782,486.4301,539.7542,564.6173,597.7218,557.2325,584.1061,558.6235,635.3181,559.3819,553.0676,514.8048,570.1397,606.2912,577.5653,711.2491,638.8394,703.6539,699.796
Kazakhstan,IPCC Agriculture,Emissions (CH4),kilotonnes,458.5613,468.6324,498.1942,533.5734,567.3124,594.5674,623.6666,644.6964,663.9255,675.226,690.366,650.9266,657.3863,677.9062,706.5868,731.1964,760.1172,797.1689,839.2992,875.7,929.4303
Kazakhstan,IPCC Agriculture,Direct emissions (N2O),kilotonnes,9.6131,10.8272,10.7227,11.0409,11.2108,11.9457,13.0015,14.3111,13.5333,15.0822,13.8424,16.9121,14.8778,15.1065,15.4325,16.3707,16.9347,17.7948,17.9928,17.5602,19.0614
Kazakhstan,IPCC Agriculture,Indirect emissions (N2O),kilotonnes,2.9623,3.2779,3.2411,3.3744,3.4822,3.7093,4.0104,4.3799,4.2142,4.6297,4.405,5.1436,4.7678,4.7312,4.8583,5.152,5.3013,5.5748,5.6458,5.5622,6.0175
Kazakhstan,IPCC Agriculture,Emissions (N2O),kilotonnes,19.3088,21.9901,36.5882,25.6731,28.8812,29.9184,32.6876,29.1299,29.7204,27.8019,32.444,28.6127,27.7956,24.7924,29.3684,31.8604,28.504,39.8112,31.2871,34.8404,33.6846
Kazakhstan,IPCC Agriculture,Emissions (N2O),kilotonnes,49.32,50.7735,52.3394,54.1768,55.4236,56.9936,58.8009,57.9603,55.3274,54.4591,51.6791,50.4109,47.18,45.2598,47.0215,48.8904,50.5728,52.895,54.6962,55.7156,58.6764
Kazakhstan,IPCC Agriculture,Emissions (CO2),kilotonnes,0.08,0.07,0.06,0.06,0.24,0.25,0.13,0.15,0.56,0.23,0.68,2.47,0.72,0.2,0.55,0.27,0.59,1.97,2.54,3.11,3.67
Kazakhstan,IPCC Agriculture,Emissions (CO2eq) from CH4 (AR5),kilotonnes,11040.7035,11638.0954,16494.1908,13620.0423,15113.1181,15809.2853,16736.2094,15602.5111,16354.9694,15641.4569,17788.9082,15662.6933,15485.892,14414.5349,15963.9116,16976.1539,16171.827,19914.975,17887.5021,19702.3087,19594.2873
Kazakhstan,IPCC Agriculture,Emissions (CO2eq) from CH4 (AR5),kilotonnes,12839.7156,13121.7069,13949.4382,14940.0558,15884.7478,16647.8875,17462.664,18051.4986,18589.9134,18906.3286,19330.2486,18225.944,18406.8161,18981.3744,19784.429,20473.4995,21283.2805,22320.7284,23500.3787,24519.6011,26024.0481
Kazakhstan,IPCC Agriculture,Emissions (CO2eq) from N2O (AR5),kilotonnes,5116.8406,5827.3645,9695.8771,6803.3753,7653.514,7928.3723,8662.2145,7719.4285,7875.8998,7367.4919,8597.6691,7582.3683,7365.8295,6569.9863,7782.6178,8443.01,7553.5516,10549.9599,8291.0713,9232.7064,8926.4172
Kazakhstan,IPCC Agriculture,Emissions (CO2eq) from N2O (AR5),kilotonnes,13069.7894,13454.9828,13869.9278,14356.8467,14687.2593,15103.296,15582.2385,15359.4769,14661.7716,14431.6721,13694.9721,13358.8885,12502.7027,11993.855,12460.6948,12955.9533,13401.792,14017.1856,14494.4983,14764.634,15549.2407
Kazakhstan,IPCC Agriculture,Emissions (CO2eq) (AR5),kilotonnes,16157.5441,17465.4599,26190.0679,20423.4176,22766.6321,23737.6576,25398.4239,23321.9396,24230.8692,23008.9488,26386.5773,23245.0616,22851.7215,20984.5212,23746.5294,25419.1639,23725.3786,30464.9349,26178.5734,28935.0151,28520.7044
Kazakhstan,IPCC Agriculture,Emissions (CO2eq) (AR5),kilotonnes,25909.585,26576.7597,27819.4259,29296.9625,30572.2471,31751.4335,33045.0325,33411.1255,33252.245,33338.2307,33025.9007,31587.3025,30910.2388,30975.4294,32245.6738,33429.7228,34685.6625,36339.884,37997.417,39287.3451,41576.9588
Kazakhstan,Agricultural Soils,Direct emissions (N2O),kilotonnes,9.6131,10.8272,10.7227,11.0409,11.2108,11.9457,13.0015,14.3111,13.5333,15.0822,13.8424,16.9121,14.8778,15.1065,15.4325,16.3707,16.9347,17.7948,17.9928,17.5602,19.0614
Kazakhstan,Agricultural Soils,Direct emissions (N2O),kilotonnes,40.12,41.3,42.31,43.47,44.35,45.5,46.81,45.73,43.16,42.16,39.4,38.65,35.67,33.86,35.26,36.74,38.12,39.86,41.08,41.71,43.99
Kazakhstan,Agricultural Soils,Indirect emissions (N2O),kilotonnes,2.9623,3.2779,3.2411,3.3744,3.4822,3.7093,4.0104,4.3799,4.2142,4.6297,4.405,5.1436,4.7678,4.7312,4.8583,5.152,5.3013,5.5748,5.6458,5.5622,6.0175
Kazakhstan,Agricultural Soils,Indirect emissions (N2O),kilotonnes,4.08,4.19,4.36,4.56,4.72,4.87,5.09,5.07,4.88,4.88,4.73,4.65,4.5,4.3,4.48,4.67,4.78,5,5.14,5.22,5.53
Kazakhstan,Agricultural Soils,Emissions (N2O),kilotonnes,12.5753,14.1051,13.9638,14.4152,14.693,15.6549,17.0119,18.6909,17.7475,19.7119,18.2474,22.0558,19.6456,19.8377,20.2908,21.5227,22.236,23.3696,23.6386,23.1224,25.0788
Kazakhstan,Agricultural Soils,Emissions (N2O),kilotonnes,44.2,45.49,46.67,48.03,49.07,50.37,51.9,50.8,48.04,47.04,44.13,43.3,40.17,38.16,39.74,41.41,42.9,44.86,46.22,46.93,49.52
Kazakhstan,Agricultural Soils,Emissions (CO2eq) from N2O (AR5),kilotonnes,3332.4672,3737.8428,3700.3967,3820.0347,3893.6482,4148.5496,4508.1486,4953.0991,4703.0877,5223.6485,4835.5613,5844.7769,5206.0733,5256.9952,5377.0646,5703.5261,5892.545,6192.9314,6264.2407,6127.4353,6645.8928
Kazakhstan,Agricultural Soils,Emissions (CO2eq) from N2O (AR5),kilotonnes,11713,12054.85,12367.55,12727.95,13003.55,13348.05,13753.5,13462,12730.6,12465.6,11694.45,11474.5,10645.05,10112.4,10531.1,10973.65,11368.5,11887.9,12248.3,12436.45,13122.8
Kazakhstan,Agricultural Soils,Emissions (CO2eq) (AR5),kilotonnes,3332.4672,3737.8428,3700.3967,3820.0347,3893.6482,4148.5496,4508.1486,4953.0991,4703.0877,5223.6485,4835.5613,5844.7769,5206.0733,5256.9952,5377.0646,5703.5261,5892.545,6192.9314,6264.2407,6127.4353,6645.8928
Kazakhstan,Agricultural Soils,Emissions (CO2eq) (AR5),kilotonnes,11713,12054.85,12367.55,12727.95,13003.55,13348.05,13753.5,13462,12730.6,12465.6,11694.45,11474.5,10645.05,10112.4,10531.1,10973.65,11368.5,11887.9,12248.3,12436.45,13122.8
Kazakhstan,LULUCF,Emissions (CH4),kilotonnes,3.1222,0.0025,0.2598,0.0824,0.045,0.01,0.0075,0.2219,0.05,0,0.01,0.025,0.0325,0,0,0.0699,0.0125,0,0.007,0.005,0
Kazakhstan,LULUCF,Emissions (CH4),kilotonnes,2.28,3.33,2.62,6.08,3.97,2.3,4.06,4.95,0.72,0.4,0.89,0.42,0.38,0.077,0.55,1.333,0.151,3.343,4.23,1.27,
Kazakhstan,LULUCF,Emissions (N2O),kilotonnes,0.1727,0.0002,0.0237,0.0075,0.0041,0.0009,0.0007,0.0203,0.0046,0,0.0009,0.0023,0.003,0,0,0.0064,0.0011,0,0.0006,0.0005,0
Kazakhstan,LULUCF,Emissions (N2O),kilotonnes,0.1808,0.2632,0.2061,0.4812,0.2651,0.1798,0.3237,0.3058,0.0533,0.032,0.0677,0.0339,0.0254,0.0047,0.0472,0.1106,0.0121,0.3004,0.2658,0.0897,
Kazakhstan,LULUCF,Emissions (CO2),kilotonnes,-822.6545,-1513.6337,-1513.6337,-1513.6337,-1513.6337,-1513.6337,-1513.6337,-1513.6337,-1513.6337,-1513.6337,-1513.6337,-9860.793,-9860.793,-9860.793,-9860.793,-9860.793,-2983.8625,-2983.8625,-2983.8625,-2983.8625,-2983.8625
Kazakhstan,LULUCF,Emissions (CO2),kilotonnes,95349.1,77330,57793.2667,39021.4,23742.4,6190.0667,-6627.8667,-6594.8667,-6710,-8365.8667,-10374.87,-10701.13,-11597.08,-12485.3667,-7302.9,-2372.2967,1853.6833,6710.9533,12252.1667,9554.9667,
Kazakhstan,LULUCF,Emissions (CO2eq) from CH4 (AR5),kilotonnes,87.4226,0.0699,7.2753,2.3078,1.2595,0.2799,0.2097,6.214,1.3987,0,0.2797,0.6993,0.9093,0,0,1.9579,0.3495,0,0.1968,0.1398,0
Kazakhstan,LULUCF,Emissions (CO2eq) from N2O (AR5),kilotonnes,45.7708,0.0604,6.2868,1.9942,1.0883,0.2419,0.1812,5.3697,1.2087,0,0.2417,0.6042,0.7858,0,0,1.6919,0.302,0,0.1701,0.1208,0
Kazakhstan,LULUCF,Emissions (CO2eq) (AR5),kilotonnes,-689.4611,-1513.5033,-1500.0716,-1509.3317,-1511.2859,-1513.1119,-1513.2428,-1502.0499,-1511.0263,-1513.6337,-1513.1122,-9859.4895,-9859.0979,-9860.793,-9860.793,-9857.1433,-2983.2111,-2983.8625,-2983.4956,-2983.6019,-2983.8625
Kazakhstan,LULUCF,Emissions (CO2eq) (AR5),kilotonnes,95349.1,77330,57793.2667,39021.4,23742.4,6190.0667,-6627.8667,-6594.8667,-6710,-8365.8667,-10374.87,-10701.13,-11597.08,-12485.3667,-7302.9,-2372.2967,1853.6833,6710.9533,12252.1667,9554.9667,
Kazakhstan,AFOLU,Emissions (CH4),kilotonnes,397.4331,415.6488,589.3381,486.5125,539.7992,564.6273,597.7293,557.4545,584.156,558.6235,635.3281,559.4069,553.1,514.8048,570.1397,606.3611,577.5777,711.2491,638.8464,703.6589,699.796
Kazakhstan,AFOLU,Emissions (N2O),kilotonnes,19.4816,21.9903,36.6119,25.6806,28.8853,29.9193,32.6883,29.1502,29.7249,27.8019,32.4449,28.615,27.7985,24.7924,29.3684,31.8668,28.5051,39.8112,31.2877,34.8409,33.6846
Kazakhstan,AFOLU,Emissions (CO2),kilotonnes,-822.6545,-1513.6337,-1513.6337,-1513.6337,-1513.6337,-1513.6337,-1513.6337,-1513.6337,-1513.6337,-1513.6337,-1513.6337,-9860.793,-9860.793,-9860.793,-9860.793,-9860.793,-2983.8625,-2983.8625,-2983.8625,-2983.8625,-2983.8625
Kazakhstan,AFOLU,Emissions (CO2eq) from CH4 (AR5),kilotonnes,11128.1261,11638.1654,16501.4661,13622.3501,15114.3775,15809.5651,16736.4191,15608.7252,16356.3681,15641.4569,17789.1879,15663.3925,15486.8013,14414.5349,15963.9116,16978.1118,16172.1765,19914.975,17887.699,19702.4485,19594.2873
Kazakhstan,AFOLU,Emissions (CO2eq) from N2O (AR5),kilotonnes,5162.6114,5827.4249,9702.1639,6805.3695,7654.6023,7928.6142,8662.3957,7724.7983,7877.1084,7367.4919,8597.9108,7582.9726,7366.6153,6569.9863,7782.6178,8444.7018,7553.8536,10549.9599,8291.2414,9232.8272,8926.4172
Kazakhstan,AFOLU,Emissions (CO2eq) (AR5),kilotonnes,15468.083,15951.9566,24689.9963,18914.0859,21255.3462,22224.5456,23885.1811,21819.8898,22719.8428,21495.3151,24873.465,13385.5721,12992.6236,11123.7282,13885.7364,15562.0206,20742.1675,27481.0724,23195.0778,25951.4132,25536.8419
Kazakhstan,All sectors with LULUCF,Emissions (CH4),kilotonnes,1275.0031,1295.2488,1499.0681,1508.4325,1652.8092,1714.6673,1836.8593,1848.7045,2017.236,2001.5735,2174.4781,2131.5369,2199.22,2195.8848,2259.2897,2281.2611,2224.7677,2521.7091,2472.1164,2523.1989,2525.556
Kazakhstan,All sectors with LULUCF,Emissions (N2O),kilotonnes,24.9693,27.2408,42.2598,31.9016,35.2223,36.4999,39.7064,37.0022,38.5939,35.5539,40.5729,37.513,36.7455,33.9504,38.0974,40.7738,37.9311,49.0532,40.3417,44.2599,42.8676
Kazakhstan,All sectors with LULUCF,Emissions (CO2),kilotonnes,127687.3455,140286.3663,141286.3663,149516.3663,182996.3663,188076.3663,208356.3703,235586.9613,240867.2463,223564.2663,258184.8463,260915.937,247385.407,260026.857,237375.637,230295.667,248742.2775,260462.0975,286272.2875,280232.1275,267041.4375
Kazakhstan,All sectors with LULUCF,Emissions (CO2eq) from F-gases (AR5),kilotonnes,63.3584,99.119,142.8479,198.2379,275.9783,378.0125,417.8545,497.5383,698.6915,785.1777,991.1897,1059.2125,1078.6476,1078.6476,1117.5178,1156.388,1204.9757,1214.6932,1224.4108,1234.1283,1234.1283
Kazakhstan,All sectors with LULUCF,Emissions (CO2eq) from CH4 (AR5),kilotonnes,35700.0861,36266.9654,41973.9061,42236.1101,46278.6575,48010.6851,51432.0591,51763.7252,56482.6081,56044.0569,60885.3879,59683.0325,61578.1613,61484.7749,63260.1116,63875.3118,62293.4965,70607.855,69219.259,70649.5685,70715.5673
Kazakhstan,All sectors with LULUCF,Emissions (CO2eq) from N2O (AR5),kilotonnes,6616.8519,7218.8074,11198.8574,8453.9345,9333.9073,9672.4732,10522.1922,9805.5783,10227.3934,9421.7719,10751.8308,9940.9426,9737.5703,8996.8563,10095.8028,10805.0568,10051.7436,12999.0899,10690.5514,11728.8622,11359.9122
Kazakhstan,All sectors with LULUCF,Emissions (CO2eq) (AR5),kilotonnes,170067.6419,183871.2581,194601.9777,200404.6488,238884.9095,246137.5372,270728.4761,297653.8031,308275.9394,289815.2728,330813.2547,331599.1246,319779.7862,331587.1358,311849.0691,306132.4235,322292.4932,345283.7356,367406.5086,363844.6865,350351.0452
Kazakhstan,All sectors without LULUCF,Emissions (CH4),kilotonnes,1271.8808,1295.2463,1498.8082,1508.3501,1652.7642,1714.6573,1836.8518,1848.4825,2017.1861,2001.5735,2174.4681,2131.5119,2199.1876,2195.8848,2259.2897,2281.1912,2224.7553,2521.7091,2472.1094,2523.1939,2525.556
Kazakhstan,All sectors without LULUCF,Emissions (N2O),kilotonnes,24.7965,27.2406,42.2361,31.8941,35.2182,36.499,39.7057,36.9819,38.5894,35.5539,40.572,37.5107,36.7426,33.9504,38.0974,40.7674,37.93,49.0532,40.3411,44.2594,42.8676
Kazakhstan,All sectors without LULUCF,Emissions (CO2),kilotonnes,128510,141800,142800,151030,184510,189590,209870.004,237100.595,242380.88,225077.9,259698.48,270776.73,257246.2,269887.65,247236.43,240156.46,251726.14,263445.96,289256.15,283215.99,270025.3
Kazakhstan,All sectors without LULUCF,Emissions (CO2eq) from F-gases (AR5),kilotonnes,63.3584,99.119,142.8479,198.2379,275.9783,378.0125,417.8545,497.5383,698.6915,785.1777,991.1897,1059.2125,1078.6476,1078.6476,1117.5178,1156.388,1204.9757,1214.6932,1224.4108,1234.1283,1234.1283
Kazakhstan,All sectors without LULUCF,Emissions (CO2eq) from CH4 (AR5),kilotonnes,35612.6635,36266.8954,41966.6308,42233.8023,46277.3981,48010.4053,51431.8494,51757.5111,56481.2094,56044.0569,60885.1082,59682.3333,61577.252,61484.7749,63260.1116,63873.3539,62293.147,70607.855,69219.0621,70649.4287,70715.5673
Kazakhstan,All sectors without LULUCF,Emissions (CO2eq) from N2O (AR5),kilotonnes,6571.0811,7218.747,11192.5706,8451.9403,9332.819,9672.2313,10522.011,9800.2085,10226.1848,9421.7719,10751.5891,9940.3383,9736.7845,8996.8563,10095.8028,10803.365,10051.4416,12999.0899,10690.3813,11728.7414,11359.9122
Kazakhstan,All sectors without LULUCF,Emissions (CO2eq) (AR5),kilotonnes,170757.103,185384.7614,196102.0493,201913.9805,240396.1954,247650.6491,272241.7189,299155.853,309786.9657,291328.9065,332326.367,341458.6141,329638.8841,341447.9288,321709.8622,315989.5668,325275.7043,348267.5981,370390.0042,366828.2884,353334.9077
Kenya,Crop Residues,Direct emissions (N2O),kilotonnes,0.6212,0.754,0.731,0.7743,0.7062,0.8422,0.902,0.806,0.6956,0.7569,0.935,0.9498,1.0618,1.043,0.9547,1.0267,0.9486,0.9134,1.1102,1.0908,1.0941
Kenya,Crop Residues,Indirect emissions (N2O),kilotonnes,0.1398,0.1697,0.1645,0.1742,0.1589,0.1895,0.203,0.1813,0.1565,0.1703,0.2104,0.2137,0.2389,0.2347,0.2148,0.231,0.2134,0.2055,0.2498,0.2454,0.2462
Kenya,Crop Residues,Emissions (N2O),kilotonnes,0.7609,0.9237,0.8954,0.9485,0.865,1.0317,1.105,0.9873,0.8522,0.9272,1.1454,1.1636,1.3007,1.2776,1.1694,1.2577,1.1621,1.1189,1.3599,1.3363,1.3402
Kenya,Crop Residues,Emissions (CO2eq) from N2O (AR5),kilotonnes,201.6473,244.7785,237.291,251.3431,229.2371,273.4126,292.8273,261.6452,225.8201,245.712,303.5191,308.3423,344.6793,338.5697,309.9034,333.2902,307.953,296.5102,360.3853,354.1069,355.1597
Kenya,Crop Residues,Emissions (CO2eq) (AR5),kilotonnes,201.6473,244.7785,237.291,251.3431,229.2371,273.4126,292.8273,261.6452,225.8201,245.712,303.5191,308.3423,344.6793,338.5697,309.9034,333.2902,307.953,296.5102,360.3853,354.1069,355.1597
Kenya,Rice Cultivation,Emissions (CH4),kilotonnes,0.9717,0.924,0.91,0.7547,0.9256,1.1158,1.6174,1.152,1.1714,1.528,1.4127,1.9624,2.0741,2.1944,1.9873,2.0607,2.0536,2.1274,1.8176,1.7494,1.9793
Kenya,Rice Cultivation,Emissions (CO2eq) from CH4 (AR5),kilotonnes,27.2087,25.872,25.48,21.1308,25.9171,31.2424,45.2878,32.2557,32.7986,42.7848,39.5548,54.9466,58.0748,61.444,55.6444,57.6985,57.5005,59.5683,50.8934,48.9843,55.421
Kenya,Rice Cultivation,Emissions (CO2eq) (AR5),kilotonnes,27.2087,25.872,25.48,21.1308,25.9171,31.2424,45.2878,32.2557,32.7986,42.7848,39.5548,54.9466,58.0748,61.444,55.6444,57.6985,57.5005,59.5683,50.8934,48.9843,55.421
Kenya,Burning - Crop residues,Emissions (CH4),kilotonnes,4.3135,4.671,4.5697,4.7793,3.9284,5.0772,5.3908,4.6022,4.8511,5.3778,5.746,6.0784,6.1881,6.1056,6.0414,5.9754,6.6729,5.9385,6.4485,6.5134,6.2525
Kenya,Burning - Crop residues,Emissions (CH4),kilotonnes,3,,,,,4,,,,,5,,,,,,,,,,
Kenya,Burning - Crop residues,Emissions (N2O),kilotonnes,0.1118,0.1211,0.1185,0.1239,0.1018,0.1316,0.1398,0.1193,0.1258,0.1394,0.149,0.1576,0.1604,0.1583,0.1566,0.1549,0.173,0.154,0.1672,0.1689,0.1621
Kenya,Burning - Crop residues,Emissions (N2O),kilotonnes,0.06,,,,,0.08,,,,,0.1,,,,,,,,,,
Kenya,Burning - Crop residues,Emissions (CO2eq) from CH4 (AR5),kilotonnes,120.7768,130.7887,127.9522,133.8197,109.9945,142.1605,150.9424,128.8607,135.8317,150.5774,160.8876,170.1952,173.2654,170.9578,169.1593,167.3121,186.8407,166.2767,180.5574,182.3757,175.069
Kenya,Burning - Crop residues,Emissions (CO2eq) from CH4 (AR5),kilotonnes,84,,,,,112,,,,,140,,,,,,,,,,
Kenya,Burning - Crop residues,Emissions (CO2eq) from N2O (AR5),kilotonnes,29.635,32.0917,31.3957,32.8354,26.9894,34.882,37.0368,31.6186,33.3291,36.9472,39.477,41.7609,42.5142,41.948,41.5067,41.0534,45.8452,40.7994,44.3034,44.7496,42.9567
Kenya,Burning - Crop residues,Emissions (CO2eq) from N2O (AR5),kilotonnes,15.9,,,,,21.2,,,,,26.5,,,,,,,,,,
Kenya,Burning - Crop residues,Emissions (CO2eq) (AR5),kilotonnes,150.4118,162.8804,159.3478,166.6551,136.9839,177.0425,187.9792,160.4793,169.1607,187.5246,200.3646,211.9561,215.7796,212.9058,210.6659,208.3655,232.6859,207.0761,224.8608,227.1253,218.0257
Kenya,Burning - Crop residues,Emissions (CO2eq) (AR5),kilotonnes,99.9,,,,,133.2,,,,,166.5,,,,,,,,,,
Kenya,Enteric Fermentation,Emissions (CH4),kilotonnes,548.2099,545.8629,572.4897,611.2382,659.9582,632.8756,618.8552,1022.8855,1041.3149,994.5959,997.2429,1022.5386,1002.5344,988.4201,1003.4157,1018.2699,1111.334,1027.3953,1067.8614,1248.0298,1270.2779
Kenya,Enteric Fermentation,Emissions (CH4),kilotonnes,512,,,,,605,,,,,692,,,,,,,,,,
Kenya,Enteric Fermentation,Emissions (CO2eq) from CH4 (AR5),kilotonnes,15349.8772,15284.1616,16029.7114,17114.6685,18478.8306,17720.518,17327.9444,28640.7931,29156.8168,27848.6846,27922.8022,28631.0796,28070.9619,27675.7634,28095.6386,28511.5569,31117.3507,28767.0683,29900.1195,34944.834,35567.7809
Kenya,Enteric Fermentation,Emissions (CO2eq) from CH4 (AR5),kilotonnes,14336,,,,,16940,,,,,19376,,,,,,,,,,
Kenya,Enteric Fermentation,Emissions (CO2eq) (AR5),kilotonnes,15349.8772,15284.1616,16029.7114,17114.6685,18478.8306,17720.518,17327.9444,28640.7931,29156.8168,27848.6846,27922.8022,28631.0796,28070.9619,27675.7634,28095.6386,28511.5569,31117.3507,28767.0683,29900.1195,34944.834,35567.7809
Kenya,Enteric Fermentation,Emissions (CO2eq) (AR5),kilotonnes,14336,,,,,16940,,,,,19376,,,,,,,,,,
Kenya,Manure Management,Emissions (CH4),kilotonnes,16.5538,16.9027,17.7795,18.488,20.0362,19.5324,18.2867,31.7268,33.7055,31.4319,32.064,32.6548,31.922,31.6173,32.1103,32.6831,35.4946,33.4496,34.9529,41.7889,42.341
Kenya,Manure Management,Emissions (CH4),kilotonnes,18,,,,,22,,,,,26,,,,,,,,,,
Kenya,Manure Management,Emissions (N2O),kilotonnes,0.4317,0.4312,0.4459,0.5082,0.5103,0.4669,0.4756,0.626,0.6204,0.6133,0.6089,0.6225,0.6549,0.659,0.6662,0.6837,0.7502,0.7257,0.7497,0.8175,0.8534
Kenya,Manure Management,Emissions (N2O),kilotonnes,0.59,,,,,0.67,,,,,0.73,,,,,,,,,,
Kenya,Manure Management,Emissions (CO2eq) from CH4 (AR5),kilotonnes,463.5056,473.2769,497.8258,517.664,561.0131,546.9071,512.027,888.351,943.7534,880.092,897.7924,914.3331,893.8164,885.285,899.0876,915.1277,993.8495,936.59,978.6814,1170.0896,1185.5482
Kenya,Manure Management,Emissions (CO2eq) from CH4 (AR5),kilotonnes,504,,,,,616,,,,,728,,,,,,,,,,
Kenya,Manure Management,Emissions (CO2eq) from N2O (AR5),kilotonnes,114.399,114.2786,118.1603,134.6715,135.2409,123.7379,126.039,165.8929,164.4186,162.5268,161.3516,164.9654,173.5486,174.6263,176.5562,181.1712,198.8093,192.2975,198.6573,216.6476,226.1481
Kenya,Manure Management,Emissions (CO2eq) from N2O (AR5),kilotonnes,156.35,,,,,177.55,,,,,193.45,,,,,,,,,,
Kenya,Manure Management,Emissions (CO2eq) (AR5),kilotonnes,577.9046,587.5555,615.9861,652.3355,696.254,670.645,638.066,1054.244,1108.172,1042.6188,1059.144,1079.2985,1067.3649,1059.9113,1075.6438,1096.2989,1192.6588,1128.8875,1177.3388,1386.7372,1411.6964
Kenya,Manure Management,Emissions (CO2eq) (AR5),kilotonnes,660.35,,,,,793.55,,,,,921.45,,,,,,,,,,
Kenya,Manure left on Pasture,Direct emissions (N2O),kilotonnes,20.3053,20.2352,21.243,22.5141,24.0443,23.5146,22.418,36.0093,36.6823,35.3638,35.5758,36.4282,35.6847,35.2264,36.0716,36.2121,39.5891,36.3381,38.1125,43.7631,44.6688
Kenya,Manure left on Pasture,Indirect emissions (N2O),kilotonnes,5.2116,5.2355,5.5449,5.8072,6.3246,6.1944,5.7211,10.0621,10.3363,9.9258,10.0166,10.2494,9.6654,9.7132,10.0385,9.9723,10.878,10.1396,10.5884,12.6978,12.8432
Kenya,Manure left on Pasture,Emissions (N2O),kilotonnes,25.5168,25.4707,26.7879,28.3213,30.3689,29.709,28.1391,46.0713,47.0186,45.2896,45.5924,46.6776,45.3501,44.9396,46.1102,46.1844,50.4671,46.4777,48.7009,56.4608,57.512
Kenya,Manure left on Pasture,Emissions (CO2eq) from N2O (AR5),kilotonnes,6761.9545,6749.7354,7098.787,7505.1452,8047.7507,7872.8727,7456.8693,12208.9075,12459.9396,12001.7396,12081.9745,12369.568,12017.7875,11908.9912,12219.1942,12238.8619,13373.7754,12316.5882,12905.7263,14962.1237,15240.6683
Kenya,Manure left on Pasture,Emissions (CO2eq) (AR5),kilotonnes,6761.9545,6749.7354,7098.787,7505.1452,8047.7507,7872.8727,7456.8693,12208.9075,12459.9396,12001.7396,12081.9745,12369.568,12017.7875,11908.9912,12219.1942,12238.8619,13373.7754,12316.5882,12905.7263,14962.1237,15240.6683
Kenya,Manure applied to Soils,Direct emissions (N2O),kilotonnes,0.6386,0.5982,0.6124,0.7355,0.7571,0.6667,0.7661,1.0509,0.9125,0.9565,0.8866,0.9334,0.9335,0.9496,0.9674,0.9727,1.0707,0.9881,0.9878,1.0631,1.1145
Kenya,Manure applied to Soils,Indirect emissions (N2O),kilotonnes,0.2714,0.2542,0.2603,0.3126,0.3218,0.2833,0.3256,0.4466,0.3878,0.4065,0.3768,0.3967,0.3967,0.4036,0.4112,0.4134,0.455,0.42,0.4198,0.4518,0.4737
Kenya,Manure applied to Soils,Emissions (N2O),kilotonnes,0.91,0.8525,0.8727,1.0481,1.0789,0.95,1.0917,1.4975,1.3003,1.3629,1.2634,1.3301,1.3303,1.3532,1.3786,1.3861,1.5257,1.4081,1.4076,1.5149,1.5882
Kenya,Manure applied to Soils,Emissions (CO2eq) from N2O (AR5),kilotonnes,241.1495,225.8998,231.2716,277.7528,285.917,251.7509,289.3057,396.833,344.573,361.1806,334.7994,352.4806,352.5177,358.5923,365.3276,367.3291,404.3111,373.1441,373.0135,401.4362,420.8674
Kenya,Manure applied to Soils,Emissions (CO2eq) (AR5),kilotonnes,241.1495,225.8998,231.2716,277.7528,285.917,251.7509,289.3057,396.833,344.573,361.1806,334.7994,352.4806,352.5177,358.5923,365.3276,367.3291,404.3111,373.1441,373.0135,401.4362,420.8674
Kenya,Synthetic Fertilizers,Direct emissions (N2O),kilotonnes,1.0986,1.2574,0.9857,1.0695,1.0171,1.1395,1.2205,1.2484,1.1483,1.2225,1.2401,1.6041,1.9681,2.3321,1.92,1.5078,1.9544,2.5204,1.8671,2.193,2.8903
Kenya,Synthetic Fertilizers,Indirect emissions (N2O),kilotonnes,0.357,0.4086,0.3203,0.3476,0.3306,0.3703,0.3967,0.4057,0.3732,0.3973,0.403,0.5213,0.6396,0.7579,0.624,0.49,0.6352,0.8191,0.6068,0.7127,0.9394
Kenya,Synthetic Fertilizers,Emissions (N2O),kilotonnes,1.4556,1.666,1.306,1.4171,1.3476,1.5098,1.6171,1.6541,1.5214,1.6198,1.6431,2.1255,2.6078,3.0901,2.544,1.9979,2.5895,3.3395,2.4739,2.9057,3.8297
Kenya,Synthetic Fertilizers,Emissions (CO2eq) from N2O (AR5),kilotonnes,385.7464,441.4915,346.0909,375.5387,357.1262,400.1089,428.5415,438.3299,403.1823,429.2441,435.4346,563.2453,691.056,818.8667,674.1537,529.4407,686.226,884.9739,655.5799,770.0149,1014.8704
Kenya,Synthetic Fertilizers,Emissions (CO2eq) (AR5),kilotonnes,385.7464,441.4915,346.0909,375.5387,357.1262,400.1089,428.5415,438.3299,403.1823,429.2441,435.4346,563.2453,691.056,818.8667,674.1537,529.4407,686.226,884.9739,655.5799,770.0149,1014.8704
Kenya,Drained organic soils,Emissions (CO2eq) (AR5),kilotonnes,189.4703,191.1262,191.1262,191.1262,191.1262,191.1262,191.1262,191.1262,191.1262,191.1262,188.679,184.8613,184.8613,184.2376,184.2376,184.2376,184.2376,184.2376,181.4491,180.735,180.735
Kenya,Drained organic soils (CO2),Emissions (CO2),kilotonnes,163.0273,164.6108,164.6108,164.6108,164.6108,164.6108,164.6108,164.6108,164.6108,164.6108,162.5433,158.8767,158.8767,158.3512,158.3512,158.3512,158.3512,158.3512,156.0065,155.2392,155.2392
Kenya,Drained organic soils (CO2),Emissions (CO2eq) (AR5),kilotonnes,163.0273,164.6108,164.6108,164.6108,164.6108,164.6108,164.6108,164.6108,164.6108,164.6108,162.5433,158.8767,158.8767,158.3512,158.3512,158.3512,158.3512,158.3512,156.0065,155.2392,155.2392
Kenya,Drained organic soils (N2O),Emissions (N2O),kilotonnes,0.0998,0.1001,0.1001,0.1001,0.1001,0.1001,0.1001,0.1001,0.1001,0.1001,0.0986,0.0981,0.0981,0.0977,0.0977,0.0977,0.0977,0.0977,0.096,0.0962,0.0962
Kenya,Drained organic soils (N2O),Emissions (CO2eq) from N2O (AR5),kilotonnes,26.443,26.5154,26.5154,26.5154,26.5154,26.5154,26.5154,26.5154,26.5154,26.5154,26.1357,25.9846,25.9846,25.8864,25.8864,25.8864,25.8864,25.8864,25.4426,25.4959,25.4959
Kenya,Drained organic soils (N2O),Emissions (CO2eq) (AR5),kilotonnes,26.443,26.5154,26.5154,26.5154,26.5154,26.5154,26.5154,26.5154,26.5154,26.5154,26.1357,25.9846,25.9846,25.8864,25.8864,25.8864,25.8864,25.8864,25.4426,25.4959,25.4959
Kenya,On-farm energy use,Emissions (CH4),kilotonnes,0.15,0.1535,0.2028,0.1888,0.1994,0.171,0.2236,0.3757,0.3827,0.364,0.5929,1.1891,0.9396,0.822,0.3843,0.2898,0.2382,0.1818,0.228,0.1968,0.1968
Kenya,On-farm energy use,Emissions (N2O),kilotonnes,0.0567,0.0584,0.0599,0.0712,0.0866,0.0791,0.0942,0.1035,0.0973,0.1071,0.0493,0.0198,0.0148,0.0307,0.0296,0.0265,0.0322,0.0354,0.0278,0.0275,0.0275
Kenya,On-farm energy use,Emissions (CO2),kilotonnes,232.5337,298.1071,323.9065,384.6762,347.9694,317.5181,375.1869,443.4591,431.1993,451.8569,372.8193,470.7237,374.3244,374.4961,287.0809,203.6197,226.3534,269.6872,274.3973,271.8606,271.8606
Kenya,On-farm energy use,Emissions (CO2eq) from CH4 (AR5),kilotonnes,4.2003,4.2988,5.6796,5.2851,5.5841,4.7879,6.2609,10.5207,10.7153,10.1925,16.6001,33.296,26.3094,23.0158,10.7593,8.1157,6.6695,5.0891,6.3846,5.5096,5.5096
Kenya,On-farm energy use,Emissions (CO2eq) from N2O (AR5),kilotonnes,15.0342,15.4828,15.8859,18.856,22.9448,20.9606,24.9575,27.4333,25.7782,28.3774,13.0668,5.2598,3.9347,8.1461,7.8571,7.0324,8.5371,9.3728,7.3725,7.2755,7.2755
Kenya,On-farm energy use,Emissions (CO2eq) (AR5),kilotonnes,251.7683,317.8886,345.472,408.8173,376.4983,343.2665,406.4053,481.413,467.6928,490.4269,402.4862,509.2794,404.5686,405.658,305.6972,218.7678,241.56,284.1491,288.1544,284.6458,284.6458
Kenya,Forestland,Emissions (CO2),kilotonnes,-4458.2606,26.5198,26.5198,26.5198,26.5198,26.5198,26.5198,26.5198,26.5198,26.5198,26.5198,25.831,25.831,25.831,25.831,25.831,-7727.5708,-7727.5708,-7727.5708,-7727.5708,-7727.5708
Kenya,Forestland,Emissions (CO2eq) (AR5),kilotonnes,-4458.2606,26.5198,26.5198,26.5198,26.5198,26.5198,26.5198,26.5198,26.5198,26.5198,26.5198,25.831,25.831,25.831,25.831,25.831,-7727.5708,-7727.5708,-7727.5708,-7727.5708,-7727.5708
Kenya,Net Forest conversion,Emissions (CO2),kilotonnes,0,14977.4103,14977.4103,14977.4103,14977.4103,14977.4103,14977.4103,14977.4103,14977.4103,14977.4103,14977.4103,8157.6953,8157.6953,8157.6953,8157.6953,8157.6953,0,0,0,0,0
Kenya,Net Forest conversion,Emissions (CO2eq) (AR5),kilotonnes,0,14977.4103,14977.4103,14977.4103,14977.4103,14977.4103,14977.4103,14977.4103,14977.4103,14977.4103,14977.4103,8157.6953,8157.6953,8157.6953,8157.6953,8157.6953,0,0,0,0,0
Kenya,Savanna fires,Emissions (CH4),kilotonnes,3.0948,2.5852,2.7543,6.0042,2.0246,3.0166,1.0656,9.0706,3.3157,1.4829,1.9267,1.5919,11.5251,2.9958,2.0761,1.944,2.0248,0.5819,1.3877,2.916,6.2098
Kenya,Savanna fires,Emissions (N2O),kilotonnes,0.2826,0.236,0.2515,0.5482,0.1849,0.2754,0.0973,0.8282,0.3027,0.1354,0.1759,0.1453,1.0523,0.2735,0.1896,0.1775,0.1849,0.0531,0.1267,0.2662,0.567
Kenya,Savanna fires,Emissions (CO2eq) from CH4 (AR5),kilotonnes,86.6546,72.3863,77.1198,168.1171,56.6896,84.4642,29.8376,253.9764,92.8383,41.5216,53.9464,44.5724,322.7023,83.8836,58.1299,54.4334,56.6935,16.2925,38.8546,81.6483,173.8743
Kenya,Savanna fires,Emissions (CO2eq) from N2O (AR5),kilotonnes,74.8808,62.5512,66.6416,145.2751,48.9872,72.9881,25.7836,219.4687,80.2244,35.88,46.6167,38.5163,278.8569,72.4864,50.2318,47.0376,48.9906,14.0788,33.5755,70.5548,150.2501
Kenya,Savanna fires,Emissions (CO2eq) (AR5),kilotonnes,161.5354,134.9376,143.7614,313.3923,105.6769,157.4523,55.6212,473.4451,173.0626,77.4016,100.563,83.0887,601.5593,156.37,108.3617,101.4709,105.6841,30.3713,72.4301,152.2031,324.1245
Kenya,Fires in organic soils,Emissions (CH4),kilotonnes,0,0,0,0,0,0,0,0,0,0,0,0,0,0,0,0,0,0,0,0,0
Kenya,Fires in organic soils,Emissions (CO2),kilotonnes,0,0,0,0,0,0,0,0,0,0,0,0,0,0,0,0,0,0,0,0,0
Kenya,Fires in organic soils,Emissions (CO2eq) from CH4 (AR5),kilotonnes,0,0,0,0,0,0,0,0,0,0,0,0,0,0,0,0,0,0,0,0,0
Kenya,Fires in organic soils,Emissions (CO2eq) (AR5),kilotonnes,0,0,0,0,0,0,0,0,0,0,0,0,0,0,0,0,0,0,0,0,0
Kenya,Forest fires,Emissions (CH4),kilotonnes,4.9261,0.0347,0.0223,0.0497,0.0177,0.1239,0.0347,0.0407,0.0619,0.1561,0.0156,0.0595,0.1561,0.0198,0.005,0.6713,0.0124,0.0396,0.0025,0.1736,0.0383
Kenya,Forest fires,Emissions (N2O),kilotonnes,0.1449,0.0032,0.002,0.0045,0.0016,0.0113,0.0032,0.0037,0.0057,0.0142,0.0014,0.0054,0.0142,0.0018,0.0005,0.0613,0.0011,0.0036,0.0002,0.0158,0.0035
Kenya,Forest fires,Emissions (CO2eq) from CH4 (AR5),kilotonnes,137.9294,0.9711,0.6243,1.3923,0.4957,3.4681,0.9711,1.1404,1.734,4.3698,0.4365,1.6647,4.3698,0.5549,0.1387,18.797,0.3468,1.1098,0.0694,4.8604,1.071
Kenya,Forest fires,Emissions (CO2eq) from N2O (AR5),kilotonnes,38.3943,0.8391,0.5394,1.2032,0.4284,2.9969,0.8391,0.9854,1.4984,3.7761,0.3772,1.4385,3.7761,0.4795,0.1199,16.2431,0.2997,0.959,0.0599,4.2,0.9255
Kenya,Forest fires,Emissions (CO2eq) (AR5),kilotonnes,176.3237,1.8102,1.1637,2.5955,0.9241,6.465,1.8102,2.1258,3.2325,8.1459,0.8138,3.1032,8.1459,1.0344,0.2586,35.0401,0.6465,2.0688,0.1293,9.0604,1.9965
Kenya,Fires in humid tropical forests,Emissions (CH4),kilotonnes,0.0192,0,0,0.0027,0.0053,0,0,0.016,0,0,0.0106,0,0,0,0,0,0,0,0,0.0027,0.016
Kenya,Fires in humid tropical forests,Emissions (N2O),kilotonnes,0.0006,0,0,0.0002,0.0005,0,0,0.0015,0,0,0.001,0,0,0,0,0,0,0,0,0.0002,0.0015
Kenya,Fires in humid tropical forests,Emissions (CO2eq) from CH4 (AR5),kilotonnes,0.5374,0,0,0.0745,0.1489,0,0,0.4467,0,0,0.2978,0,0,0,0,0,0,0,0,0.0745,0.4467
Kenya,Fires in humid tropical forests,Emissions (CO2eq) from N2O (AR5),kilotonnes,0.1497,0,0,0.0643,0.1287,0,0,0.386,0,0,0.2574,0,0,0,0,0,0,0,0,0.0643,0.386
Kenya,Fires in humid tropical forests,Emissions (CO2eq) (AR5),kilotonnes,0.6872,0,0,0.1388,0.2776,0,0,0.8328,0,0,0.5552,0,0,0,0,0,0,0,0,0.1388,0.8328
Kenya,Waste - agri-food systems,Emissions (CH4),kilotonnes,191.2749,192.5523,194.5661,195.9664,197.2846,199.1755,201.6166,204.2067,206.425,209.3628,211.5508,213.9086,216.3481,219.1501,220.6841,222.339,224.4391,226.6558,229.0101,230.8556,232.5775
Kenya,Waste - agri-food systems,Emissions (N2O),kilotonnes,0.6491,0.6532,0.6934,0.6892,0.7149,0.7939,0.8142,0.8185,0.8182,0.8771,0.9049,0.9772,0.9958,1.0157,1.0401,1.0834,1.1053,1.1154,1.1541,1.1889,1.224
Kenya,Waste - agri-food systems,Emissions (CO2),kilotonnes,0,0,0,0,0,0,0,0,0,0,0,0,0,0,0,0,0,0,0,0,0
Kenya,Waste - agri-food systems,Emissions (CO2eq) from CH4 (AR5),kilotonnes,5355.6972,5391.4645,5447.8495,5487.0603,5523.9697,5576.9129,5645.2662,5717.7879,5779.8997,5862.1594,5923.4215,5989.4419,6057.7481,6136.2027,6179.1559,6225.4929,6284.2947,6346.363,6412.2834,6463.9569,6512.1693
Kenya,Waste - agri-food systems,Emissions (CO2eq) from N2O (AR5),kilotonnes,172.0187,173.1094,183.7478,182.6497,189.449,210.376,215.7573,216.8909,216.8332,232.437,239.8112,258.9569,263.8961,269.1696,275.6374,287.1073,292.9122,295.5791,305.8366,315.0491,324.3491
Kenya,Waste - agri-food systems,Emissions (CO2eq) (AR5),kilotonnes,5527.7159,5564.5739,5631.5974,5669.7101,5713.4187,5787.2889,5861.0234,5934.6788,5996.7328,6094.5965,6163.2326,6248.3988,6321.6442,6405.3723,6454.7933,6512.6003,6577.2069,6641.9421,6718.12,6779.006,6836.5183
Kenya,On-farm electricity use,Emissions (CH4),kilotonnes,0.0396,0.0432,0.0456,0.0456,0.054,0.0588,0.0624,0.06,0.0432,0.0437,0.0433,0.0493,0.0512,0.0553,0.0589,0.0586,0.0632,0.0662,0.0659,0.0673,0.0673
Kenya,On-farm electricity use,Emissions (N2O),kilotonnes,0.0002,0.0002,0.0002,0.0002,0.0003,0.0003,0.0003,0.0003,0.0002,0.0002,0.0002,0.0003,0.0003,0.0003,0.0003,0.0003,0.0003,0.0003,0.0003,0.0003,0.0003
Kenya,On-farm electricity use,Emissions (CO2),kilotonnes,15.0248,10.3737,7.2339,5.3876,9.7584,12.1178,13.4673,12.4277,11.5999,11.7281,11.6508,13.2186,13.7474,14.8374,15.8333,15.7237,16.973,17.776,17.6976,18.0705,18.0705
Kenya,On-farm electricity use,Emissions (CO2eq) from CH4 (AR5),kilotonnes,1.1088,1.2096,1.2768,1.2768,1.512,1.6464,1.7472,1.68,1.2096,1.2236,1.2124,1.3804,1.4336,1.5484,1.6492,1.6408,1.7696,1.8536,1.8452,1.8844,1.8844
Kenya,On-farm electricity use,Emissions (CO2eq) from N2O (AR5),kilotonnes,0.053,0.053,0.053,0.053,0.0795,0.0795,0.0795,0.0795,0.053,0.053,0.053,0.0795,0.0795,0.0795,0.0795,0.0795,0.0795,0.0795,0.0795,0.0795,0.0795
Kenya,On-farm electricity use,Emissions (CO2eq) (AR5),kilotonnes,16.1866,11.6363,8.5637,6.7174,11.3499,13.8437,15.294,14.1872,12.8625,13.0047,12.9162,14.6785,15.2605,16.4653,17.562,17.444,18.8221,19.7091,19.6223,20.0344,20.0344
Kenya,Food Processing,Emissions (CH4),kilotonnes,0,0,0,0,0,0,0,0.3684,0.3744,0.2604,0.2748,0.2604,0.2952,0.3554,0.3516,0.3996,0.3816,0.4308,0.1464,0.1464,0.1496
Kenya,Food Processing,Emissions (N2O),kilotonnes,0,0,0,0,0,0,0,0.0018,0.0017,0.0012,0.0013,0.0012,0.0014,0.0016,0.0016,0.0018,0.0018,0.002,0.0007,0.0007,0.0007
Kenya,Food Processing,Emissions (CO2),kilotonnes,0,0,0,0,0,0,0,76.3061,100.5325,69.9216,73.7883,69.9216,79.266,95.4414,94.4103,107.2991,102.4658,115.6768,39.3108,39.3108,34.9429
Kenya,Food Processing,Emissions (CO2eq) from CH4 (AR5),kilotonnes,0,0,0,0,0,0,0,10.3152,10.4832,7.2912,7.6944,7.2912,8.2656,9.9512,9.8448,11.1888,10.6848,12.0624,4.0992,4.0992,4.1896
Kenya,Food Processing,Emissions (CO2eq) from N2O (AR5),kilotonnes,0,0,0,0,0,0,0,0.477,0.4505,0.318,0.3445,0.318,0.371,0.424,0.424,0.477,0.477,0.53,0.1855,0.1855,0.1902
Kenya,Food Processing,Emissions (CO2eq) (AR5),kilotonnes,0,0,0,0,0,0,0,87.0983,111.4662,77.5308,81.8272,77.5308,87.9026,105.8166,104.6791,118.9649,113.6276,128.2692,43.5955,43.5955,39.3227
Kenya,Food Packaging,Emissions (CH4),kilotonnes,0.0205,0.0211,0.0217,0.0223,0.0229,0.0235,0.0242,0.0249,0.0256,0.0262,0.0314,0.005,0.0081,0.0021,0.0019,0.0021,0.0023,0.0023,0.0025,0.0086,0.0088
Kenya,Food Packaging,Emissions (N2O),kilotonnes,0.0011,0.0011,0.0011,0.0011,0.0012,0.0012,0.0012,0.0013,0.0013,0.0013,0.0016,0.0002,0.0004,0.0001,0.0001,0.0001,0.0001,0.0001,0.0001,0.0004,0.0004
Kenya,Food Packaging,Emissions (CO2),kilotonnes,84.0632,74.334,61.7032,50.6086,57.4361,64.0928,72.4565,73.0539,75.3581,91.4836,102.1473,14.3543,26.7083,4.9845,5.187,6.4687,7.35,7.7597,8.1831,27.0032,24.0028
Kenya,Food Packaging,Emissions (CO2eq) from CH4 (AR5),kilotonnes,0.574,0.5908,0.6076,0.6244,0.6412,0.658,0.6776,0.6972,0.7168,0.7336,0.8792,0.14,0.2268,0.0588,0.0532,0.0588,0.0644,0.0644,0.07,0.2408,0.2461
Kenya,Food Packaging,Emissions (CO2eq) from N2O (AR5),kilotonnes,0.2915,0.2915,0.2915,0.2915,0.318,0.318,0.318,0.3445,0.3445,0.3445,0.424,0.053,0.106,0.0265,0.0265,0.0265,0.0265,0.0265,0.0265,0.106,0.1087
Kenya,Food Packaging,Emissions (CO2eq) (AR5),kilotonnes,84.9287,75.2163,62.6023,51.5245,58.3953,65.0688,73.4521,74.0956,76.4194,92.5617,103.4505,14.5473,27.0411,5.0698,5.2667,6.554,7.4409,7.8506,8.2796,27.35,24.3576
Kenya,Food Retail,Emissions (CH4),kilotonnes,0.0647,0.0749,0.0756,0.08,0.0012,0.0014,0.0017,0.002,0.0991,0.1383,0.1383,0.1519,0.1668,0.1677,0.2496,0.2087,0.1707,0.1409,0.2316,0.1996,0.204
Kenya,Food Retail,Emissions (N2O),kilotonnes,0.0003,0.0003,0.0003,0.0004,0,0,0,0,0.0005,0.0006,0.0006,0.0007,0.0008,0.0008,0.0012,0.001,0.0008,0.0007,0.0011,0.0009,0.0009
Kenya,Food Retail,Emissions (CO2),kilotonnes,24.5405,17.9926,11.993,9.4481,0.2186,0.2943,0.3626,0.4245,26.6153,37.1261,37.1261,40.7801,44.7949,45.0205,67.0165,56.0501,45.837,37.8452,62.1851,53.1817,47.2726
Kenya,Food Retail,Emissions (CO2eq) from CH4 (AR5),kilotonnes,1.8116,2.0972,2.1168,2.24,0.0336,0.0392,0.0476,0.056,2.7748,3.8724,3.8724,4.2532,4.6704,4.6956,6.9888,5.8436,4.7796,3.9452,6.4848,5.5888,5.712
Kenya,Food Retail,Emissions (CO2eq) from N2O (AR5),kilotonnes,0.0795,0.0795,0.0795,0.106,0,0,0,0,0.1325,0.159,0.159,0.1855,0.212,0.212,0.318,0.265,0.212,0.1855,0.2915,0.2385,0.2445
Kenya,Food Retail,Emissions (CO2eq) (AR5),kilotonnes,26.4316,20.1693,14.1893,11.7941,0.2522,0.3335,0.4102,0.4805,29.5226,41.1575,41.1575,45.2188,49.6773,49.9281,74.3233,62.1587,50.8286,41.9759,68.9614,59.009,53.2291
Kenya,Food Household Consumption,Emissions (CH4),kilotonnes,0.2723,0.2937,0.3142,0.3249,0.3522,0.3845,0.416,0.4323,0.3943,0.3971,0.4067,0.4452,0.4807,0.523,0.6089,0.6201,0.6373,0.7848,0.9043,0.9043,0.9242
Kenya,Food Household Consumption,Emissions (N2O),kilotonnes,0.0034,0.003,0.0029,0.0025,0.0032,0.0036,0.0035,0.0036,0.0032,0.0033,0.0034,0.0035,0.0039,0.0042,0.0046,0.0052,0.0053,0.006,0.0061,0.0061,0.0063
Kenya,Food Household Consumption,Emissions (CO2),kilotonnes,365.9542,288.5461,250.7016,183.6306,239.1279,304.0593,298.5258,304.6505,303.7561,331.4908,322.5809,324.3788,362.7534,385.5001,469.2429,541.2127,559.5278,619.8895,532.0581,532.0581,472.9405
Kenya,Food Household Consumption,Emissions (CO2eq) from CH4 (AR5),kilotonnes,7.6244,8.2236,8.7976,9.0972,9.8616,10.766,11.648,12.1044,11.0404,11.1188,11.3876,12.4656,13.4596,14.644,17.0492,17.3628,17.8444,21.9744,25.3204,25.3204,25.8786
Kenya,Food Household Consumption,Emissions (CO2eq) from N2O (AR5),kilotonnes,0.901,0.795,0.7685,0.6625,0.848,0.954,0.9275,0.954,0.848,0.8745,0.901,0.9275,1.0335,1.113,1.219,1.378,1.4045,1.59,1.6165,1.6165,1.6573
Kenya,Food Household Consumption,Emissions (CO2eq) (AR5),kilotonnes,374.4796,297.5647,260.2677,193.3903,249.8375,315.7793,311.1013,317.7089,315.6445,343.4841,334.8695,337.7719,377.2465,401.2571,487.5111,559.9535,578.7767,643.4539,558.995,558.995,500.4764
Kenya,Food Transport,Emissions (CH4),kilotonnes,0.0497,0.0503,0.0503,0.0453,0.0463,0.0482,0.0525,0.0524,0.0547,0.0672,0.0847,0.0794,0.0866,0.107,0.1237,0.1518,0.1673,0.1697,0.1731,0.1335,0.1364
Kenya,Food Transport,Emissions (N2O),kilotonnes,0.0085,0.0081,0.0103,0.0101,0.0096,0.0092,0.0103,0.0095,0.0094,0.01,0.012,0.0112,0.0131,0.016,0.0185,0.026,0.0292,0.0236,0.0241,0.0196,0.0201
Kenya,Food Transport,Emissions (CO2),kilotonnes,300.6283,296.282,309.9495,277.7224,305.7118,319.8309,357.8535,361.7544,371.7623,463.8512,553.7899,511.7264,544.3323,648.508,724.3155,896.76,984.1855,955.4615,975.3914,802.7213,713.53
Kenya,Food Transport,Emissions (CO2eq) from CH4 (AR5),kilotonnes,1.3916,1.4084,1.4084,1.2684,1.2964,1.3496,1.47,1.4672,1.5316,1.8816,2.3716,2.2232,2.4248,2.996,3.4636,4.2504,4.6844,4.7516,4.8468,3.738,3.8204
Kenya,Food Transport,Emissions (CO2eq) from N2O (AR5),kilotonnes,2.2525,2.1465,2.7295,2.6765,2.544,2.438,2.7295,2.5175,2.491,2.65,3.18,2.968,3.4715,4.24,4.9025,6.89,7.738,6.254,6.3865,5.194,5.3249
Kenya,Food Transport,Emissions (CO2eq) (AR5),kilotonnes,304.2724,299.8369,314.0874,281.6673,309.5522,323.6185,362.053,365.7391,375.7849,468.3828,559.3415,516.9176,550.2286,655.744,732.6816,907.9004,996.6079,966.4671,986.6247,811.6533,722.6754
Kenya,Energy,Emissions (CH4),kilotonnes,303,311,320,329,338,347,357,367,377,387,398,410,420,432,444,455,467,479,488,499,510
Kenya,Energy,Emissions (N2O),kilotonnes,1.41,1.43,1.48,1.5,1.54,1.57,1.63,1.67,1.71,1.76,1.83,1.88,1.92,2.01,2.08,2.19,2.26,2.29,2.29,2.38,2.44
Kenya,Energy,Emissions (CO2),kilotonnes,9850,8710,7230,5930,6730,7510,8490,8560,8830,10700,10300,11200,10200,10800,11500,13900,14600,13900,14700,14400,12800
Kenya,Energy,Emissions (CO2eq) from CH4 (AR5),kilotonnes,8484,8708,8960,9212,9464,9716,9996,10276,10556,10836,11144,11480,11760,12096,12432,12740,13076,13412,13664,13972,14280
Kenya,Energy,Emissions (CO2eq) from N2O (AR5),kilotonnes,373.65,378.95,392.2,397.5,408.1,416.05,431.95,442.55,453.15,466.4,484.95,498.2,508.8,532.65,551.2,580.35,598.9,606.85,606.85,630.7,646.6
Kenya,Energy,Emissions (CO2eq) (AR5),kilotonnes,18707.65,17796.95,16582.2,15539.5,16602.1,17642.05,18917.95,19278.55,19839.15,22002.4,21928.95,23178.2,22468.8,23428.65,24483.2,27220.35,28274.9,27918.85,28970.85,29002.7,27726.6
Kenya,IPPU,Emissions (N2O),kilotonnes,0.0003,0.0004,0.0004,0.0004,0.0004,0.0004,0.0004,0.0004,0.0004,0.0004,0.0005,0.0005,0.0005,0.0005,0.0005,0.0005,0.0005,0.0005,0.0006,0.0006,0.0006
Kenya,IPPU,Emissions (CO2),kilotonnes,702,676,728,822,883,1050,1060,1210,1350,1580,1750,2000,2050,2250,2550,2730,2870,2670,2590,2610,3170
Kenya,IPPU,Emissions (CO2eq) from F-gases (AR5),kilotonnes,15.4509,18.6577,22.7391,27.4035,32.651,38.2871,44.312,51.2115,58.7912,67.1482,75.9912,72.007,76.8658,81.8217,86.6805,91.6365,96.4952,101.0625,105.9212,110.78,116.6105
Kenya,IPPU,Emissions (CO2eq) from N2O (AR5),kilotonnes,0.0917,0.0943,0.0967,0.0994,0.1023,0.1052,0.1081,0.111,0.1142,0.1174,0.1206,0.1238,0.1272,0.1306,0.1341,0.1378,0.1412,0.145,0.1484,0.1511,0.1542
Kenya,IPPU,Emissions (CO2eq) (AR5),kilotonnes,717.5426,694.752,750.8358,849.5029,915.7532,1088.3923,1104.4201,1261.3225,1408.9054,1647.2656,1826.1118,2072.1308,2126.993,2331.9524,2636.8146,2821.7743,2966.6365,2771.2074,2696.0696,2720.9311,3286.7648
Kenya,Waste,Emissions (CH4),kilotonnes,173,178,183,189,196,201,207,213,219,226,233,240,247,254,262,270,278,285,293,298,305
Kenya,Waste,Emissions (N2O),kilotonnes,1.13,1.16,1.19,1.21,1.25,1.31,1.38,1.44,1.45,1.48,1.53,1.63,1.7,1.75,1.78,1.83,1.89,1.92,1.97,2.04,2.09
Kenya,Waste,Emissions (CO2),kilotonnes,0.689,0.702,0.714,0.727,0.739,0.752,0.776,0.8,0.823,0.847,0.871,0.911,0.951,0.993,1.04,1.08,1.13,1.18,1.23,1.22,1.26
Kenya,Waste,Emissions (CO2eq) from CH4 (AR5),kilotonnes,4844,4984,5124,5292,5488,5628,5796,5964,6132,6328,6524,6720,6916,7112,7336,7560,7784,7980,8204,8344,8540
Kenya,Waste,Emissions (CO2eq) from N2O (AR5),kilotonnes,299.45,307.4,315.35,320.65,331.25,347.15,365.7,381.6,384.25,392.2,405.45,431.95,450.5,463.75,471.7,484.95,500.85,508.8,522.05,540.6,553.85
Kenya,Waste,Emissions (CO2eq) (AR5),kilotonnes,5144.139,5292.102,5440.064,5613.377,5819.989,5975.902,6162.476,6346.4,6517.073,6721.047,6930.321,7152.861,7367.451,7576.743,7808.74,8046.03,8285.98,8489.98,8727.28,8885.82,9095.11
Kenya,Other,Emissions (N2O),kilotonnes,1.39,1.38,1.4,1.4,1.48,1.54,1.61,1.65,1.72,1.84,1.89,1.94,1.94,2.09,2.13,2.23,2.36,2.39,2.39,2.5,2.57
Kenya,Other,Emissions (CO2eq) from N2O (AR5),kilotonnes,368.35,365.7,371,371,392.2,408.1,426.65,437.25,455.8,487.6,500.85,514.1,514.1,553.85,564.45,590.95,625.4,633.35,633.35,662.5,681.05
Kenya,Other,Emissions (CO2eq) (AR5),kilotonnes,368.35,365.7,371,371,392.2,408.1,426.65,437.25,455.8,487.6,500.85,514.1,514.1,553.85,564.45,590.95,625.4,633.35,633.35,662.5,681.05
Kenya,Farm-gate emissions,Emissions (CH4),kilotonnes,573.2937,571.0994,598.706,641.453,687.0725,661.7886,645.4393,1069.8128,1084.7412,1034.7805,1038.9851,1066.0151,1055.1832,1032.1554,1046.015,1061.223,1157.818,1069.6745,1112.6961,1301.1943,1327.2573
Kenya,Farm-gate emissions,Direct emissions (N2O),kilotonnes,22.6636,22.8448,23.5721,25.0934,26.5247,26.163,25.3067,39.1145,39.4387,38.2997,38.6374,39.9156,39.6481,39.5511,39.9137,39.7193,43.5628,40.76,42.0775,48.11,49.7677
Kenya,Farm-gate emissions,Indirect emissions (N2O),kilotonnes,5.9798,6.068,6.29,6.6416,7.1358,7.0376,6.6463,11.0958,11.2538,10.8999,11.0068,11.3811,10.9407,11.1094,11.2885,11.1068,12.1816,11.5842,11.8648,14.1077,14.5024
Kenya,Farm-gate emissions,Emissions (N2O),kilotonnes,29.626,29.8597,30.8379,33.0865,34.6442,34.2537,32.8599,51.9873,51.9388,50.2948,50.7259,52.3401,52.5694,51.8797,52.342,51.9664,56.9824,53.41,55.1096,63.594,65.9762
Kenya,Farm-gate emissions,Emissions (CO2),kilotonnes,395.5611,462.7179,488.5173,549.2871,512.5802,482.1289,539.7977,608.0699,595.8101,616.4678,535.3626,629.6004,533.2011,532.8473,445.4321,361.9709,384.7047,428.0384,430.4039,427.0998,427.0998
Kenya,Farm-gate emissions,Emissions (CO2eq) from CH4 (AR5),kilotonnes,16052.2232,15990.7844,16763.7688,17960.6853,19238.0292,18530.0801,18072.3,29954.7576,30372.754,28973.8529,29091.5834,29848.4229,29545.1303,28900.3498,29288.419,29714.2443,32418.9045,29950.885,31155.4909,36433.4416,37163.203
Kenya,Farm-gate emissions,Emissions (CO2eq) from N2O (AR5),kilotonnes,7850.8898,7912.825,8172.0394,8767.9332,9180.7087,9077.2291,8707.8761,13776.6445,13763.7807,13328.1232,13442.3754,13870.1231,13930.8796,13748.1131,13870.617,13771.1028,15100.334,14153.6512,14604.0562,16852.4051,17483.6922
Kenya,Farm-gate emissions,Emissions (CO2eq) (AR5),kilotonnes,24298.6741,24366.3272,25424.3256,27277.9056,28931.318,28089.4381,27319.9739,44339.4721,44732.3448,42918.4439,43069.3214,44348.1464,44009.211,43181.3102,43604.4681,43847.318,47903.9432,44532.5747,46189.9509,53712.9465,55073.9951
Kenya,Land Use change,Emissions (CH4),kilotonnes,0.0192,0,0,0.0027,0.0053,0,0,0.016,0,0,0.0106,0,0,0,0,0,0,0,0,0.0027,0.016
Kenya,Land Use change,Emissions (N2O),kilotonnes,0.0006,0,0,0.0002,0.0005,0,0,0.0015,0,0,0.001,0,0,0,0,0,0,0,0,0.0002,0.0015
Kenya,Land Use change,Emissions (CO2),kilotonnes,0,14977.4103,14977.4103,14977.4103,14977.4103,14977.4103,14977.4103,14977.4103,14977.4103,14977.4103,14977.4103,8157.6953,8157.6953,8157.6953,8157.6953,8157.6953,0,0,0,0,0
Kenya,Land Use change,Emissions (CO2eq) from CH4 (AR5),kilotonnes,0.5374,0,0,0.0745,0.1489,0,0,0.4467,0,0,0.2978,0,0,0,0,0,0,0,0,0.0745,0.4467
Kenya,Land Use change,Emissions (CO2eq) from N2O (AR5),kilotonnes,0.1497,0,0,0.0643,0.1287,0,0,0.386,0,0,0.2574,0,0,0,0,0,0,0,0,0.0643,0.386
Kenya,Land Use change,Emissions (CO2eq) (AR5),kilotonnes,0.6872,14977.4103,14977.4103,14977.549,14977.6879,14977.4103,14977.4103,14978.243,14977.4103,14977.4103,14977.9654,8157.6953,8157.6953,8157.6953,8157.6953,8157.6953,0,0,0,0.1388,0.8328
Kenya,Emissions on agricultural land,Emissions (CH4),kilotonnes,573.3129,571.0994,598.706,641.4557,687.0778,661.7886,645.4393,1069.8287,1084.7412,1034.7805,1038.9958,1066.0151,1055.1832,1032.1554,1046.015,1061.223,1157.818,1069.6745,1112.6961,1301.197,1327.2732
Kenya,Emissions on agricultural land,Emissions (N2O),kilotonnes,29.6266,29.8597,30.8379,33.0868,34.6447,34.2537,32.8599,51.9888,51.9388,50.2948,50.7269,52.3401,52.5694,51.8797,52.342,51.9664,56.9824,53.41,55.1096,63.5942,65.9777
Kenya,Emissions on agricultural land,Emissions (CO2),kilotonnes,395.5611,15440.1282,15465.9276,15526.6973,15489.9905,15459.5392,15517.208,15585.4801,15573.2204,15593.878,15512.7729,8787.2956,8690.8964,8690.5426,8603.1273,8519.6662,384.7047,428.0384,430.4039,427.0998,427.0998
Kenya,Emissions on agricultural land,Emissions (CO2eq) from CH4 (AR5),kilotonnes,16052.7606,15990.7844,16763.7688,17960.7598,19238.1781,18530.0801,18072.3,29955.2044,30372.754,28973.8529,29091.8812,29848.4229,29545.1303,28900.3498,29288.419,29714.2443,32418.9045,29950.885,31155.4909,36433.5161,37163.6498
Kenya,Emissions on agricultural land,Emissions (CO2eq) from N2O (AR5),kilotonnes,7851.0395,7912.825,8172.0394,8767.9975,9180.8374,9077.2291,8707.8761,13777.0306,13763.7807,13328.1232,13442.6327,13870.1231,13930.8796,13748.1131,13870.617,13771.1028,15100.334,14153.6512,14604.0562,16852.4694,17484.0783
Kenya,Emissions on agricultural land,Emissions (CO2eq) (AR5),kilotonnes,24299.3613,39343.7375,40401.7358,42255.4546,43909.0059,43066.8484,42297.3841,59317.7151,59709.755,57895.8541,58047.2868,52505.8417,52166.9063,51339.0055,51762.1634,52005.0133,47903.9432,44532.5747,46189.9509,53713.0853,55074.8278
Kenya,Pre- and post- production,Emissions (CH4),kilotonnes,191.7217,193.0355,195.0735,196.4845,197.7612,199.6919,202.1734,205.1467,207.4163,210.2957,212.53,214.8998,217.4367,220.3606,222.0787,223.7799,225.8615,228.2505,230.5339,232.3153,234.0679
Kenya,Pre- and post- production,Emissions (N2O),kilotonnes,0.6626,0.6659,0.7082,0.7035,0.7292,0.8082,0.8295,0.835,0.8345,0.8937,0.924,0.9943,1.0157,1.0387,1.0664,1.1178,1.1428,1.1481,1.1865,1.2169,1.2527
Kenya,Pre- and post- production,Emissions (CO2),kilotonnes,790.211,687.5284,641.5812,526.7973,612.2528,700.3951,742.6657,828.6171,889.6242,1005.6014,1101.0833,974.3798,1071.6023,1194.2919,1376.0055,1623.5143,1716.3391,1754.4087,1634.8261,1472.3456,1310.7595
Kenya,Pre- and post- production,Emissions (CO2eq) from CH4 (AR5),kilotonnes,5368.2076,5404.9941,5462.0567,5501.5671,5537.3145,5591.3721,5660.8566,5744.1079,5807.6561,5888.2806,5950.8391,6017.1955,6088.2289,6170.0967,6218.2047,6265.8381,6324.1219,6391.0146,6454.9498,6504.8285,6553.9003
Kenya,Pre- and post- production,Emissions (CO2eq) from N2O (AR5),kilotonnes,175.5962,176.4749,187.6698,186.4392,193.2385,214.1655,219.8118,221.2634,221.1527,236.836,244.8727,263.4884,269.1696,275.2646,282.6069,296.2233,302.8497,304.2446,314.4226,322.4691,331.9541
Kenya,Pre- and post- production,Emissions (CO2eq) (AR5),kilotonnes,6334.0148,6268.9974,6291.3078,6214.8037,6342.8058,6505.9327,6623.334,6793.9884,6918.4329,7130.7181,7296.795,7255.0637,7429.0008,7639.6532,7876.8171,8185.5758,8343.3107,8449.6679,8404.1985,8299.6432,8196.6139
Kenya,Agri-food systems,Emissions (CH4),kilotonnes,765.0346,764.1349,793.7795,837.9402,884.839,861.4804,847.6127,1274.9754,1292.1575,1245.0762,1251.5257,1280.9149,1272.62,1252.5159,1268.0937,1285.0029,1383.6795,1297.925,1343.23,1533.5123,1561.3411
Kenya,Agri-food systems,Emissions (N2O),kilotonnes,30.2892,30.5257,31.5461,33.7903,35.3739,35.0619,33.6894,52.8238,52.7733,51.1885,51.651,53.3344,53.5851,52.9184,53.4084,53.0842,58.1252,54.5581,56.2961,64.8111,67.2303
Kenya,Agri-food systems,Emissions (CO2),kilotonnes,1185.7721,16127.6566,16107.5088,16053.4946,16102.2433,16159.9343,16259.8737,16414.0972,16462.8446,16599.4794,16613.8562,9761.6754,9762.4987,9884.8345,9979.1328,10143.1805,2101.0438,2182.4471,2065.23,1899.4454,1737.8593
Kenya,Agri-food systems,Emissions (CO2eq) from CH4 (AR5),kilotonnes,21420.9682,21395.7785,22225.8256,23462.3269,24775.4925,24121.4522,23733.1566,35699.3123,36180.4101,34862.1336,35042.7203,35865.6184,35633.3592,35070.4465,35506.6237,35980.0824,38743.0264,36341.8996,37610.4407,42938.3446,43717.5501
Kenya,Agri-food systems,Emissions (CO2eq) from N2O (AR5),kilotonnes,8026.6357,8089.2998,8359.7093,8954.4368,9374.0759,9291.3947,8927.6879,13998.294,13984.9333,13564.9592,13687.5054,14133.6115,14200.0492,14023.3777,14153.2239,14067.3261,15403.1837,14457.8958,14918.4788,17174.9386,17816.0324
Kenya,Agri-food systems,Emissions (CO2eq) (AR5),kilotonnes,30633.376,45612.7349,46693.0436,48470.2583,50251.8117,49572.7811,48920.7182,66111.7035,66628.1879,65026.5722,65344.0819,59760.9053,59595.9071,58978.6586,59638.9805,60190.589,56247.2538,52982.2425,54594.1494,62012.7285,63271.4418
Kenya,IPCC Agriculture,Emissions (CH4),kilotonnes,573.1437,570.9459,598.5032,641.2643,686.873,661.6176,645.2157,1069.437,1084.3585,1034.4164,1038.3923,1064.826,1054.2436,1031.3334,1045.6307,1060.9332,1157.5798,1069.4927,1112.4681,1300.9976,1327.0605
Kenya,IPCC Agriculture,Emissions (CH4),kilotonnes,621,,,,,721,,,,,815,,,,,,,,,,
Kenya,IPCC Agriculture,Direct emissions (N2O),kilotonnes,22.6636,22.8448,23.5721,25.0934,26.5247,26.163,25.3067,39.1145,39.4387,38.2997,38.6374,39.9156,39.6481,39.5511,39.9137,39.7193,43.5628,40.76,42.0775,48.11,49.7677
Kenya,IPCC Agriculture,Indirect emissions (N2O),kilotonnes,5.9798,6.068,6.29,6.6416,7.1358,7.0376,6.6463,11.0958,11.2538,10.8999,11.0068,11.3811,10.9407,11.1094,11.2885,11.1068,12.1816,11.5842,11.8648,14.1077,14.5024
Kenya,IPCC Agriculture,Emissions (N2O),kilotonnes,29.5693,29.8013,30.7779,33.0154,34.5576,34.1746,32.7657,51.8838,51.8415,50.1877,50.6766,52.3202,52.5545,51.8489,52.3123,51.9399,56.9502,53.3746,55.0818,63.5665,65.9487
Kenya,IPCC Agriculture,Emissions (N2O),kilotonnes,30.64,,,,,35.9,,,,,40.17,,,,,,,,,,
Kenya,IPCC Agriculture,Emissions (CO2eq) from CH4 (AR5),kilotonnes,16048.0229,15986.4856,16758.0892,17955.4002,19232.445,18525.2922,18066.0392,29944.2369,30362.0387,28963.6604,29074.9833,29815.1269,29518.8209,28877.334,29277.6597,29706.1286,32412.235,29945.7958,31149.1063,36427.932,37157.6934
Kenya,IPCC Agriculture,Emissions (CO2eq) from CH4 (AR5),kilotonnes,17388,,,,,20188,,,,,22820,,,,,,,,,,
Kenya,IPCC Agriculture,Emissions (CO2eq) from N2O (AR5),kilotonnes,7835.8556,7897.3422,8156.1535,8749.0773,9157.7639,9056.2686,8682.9186,13749.2113,13738.0024,13299.7458,13429.3086,13864.8633,13926.9449,13739.9669,13862.7599,13764.0704,15091.797,14144.2785,14596.6837,16845.1295,17476.4167
Kenya,IPCC Agriculture,Emissions (CO2eq) from N2O (AR5),kilotonnes,8119.6,,,,,9513.5,,,,,10645.05,,,,,,,,,,
Kenya,IPCC Agriculture,Emissions (CO2eq) (AR5),kilotonnes,23883.8785,23883.8278,24914.2427,26704.4774,28390.2089,27581.5608,26748.9578,43693.4482,44100.0411,42263.4062,42504.2919,43679.9903,43445.7657,42617.3009,43140.4197,43470.199,47504.0319,44090.0743,45745.79,53273.0615,54634.1101
Kenya,IPCC Agriculture,Emissions (CO2eq) (AR5),kilotonnes,25507.6,,,,,29701.5,,,,,33465.05,,,,,,,,,,
Kenya,Agricultural Soils,Direct emissions (N2O),kilotonnes,22.6636,22.8448,23.5721,25.0934,26.5247,26.163,25.3067,39.1145,39.4387,38.2997,38.6374,39.9156,39.6481,39.5511,39.9137,39.7193,43.5628,40.76,42.0775,48.11,49.7677
Kenya,Agricultural Soils,Indirect emissions (N2O),kilotonnes,5.9798,6.068,6.29,6.6416,7.1358,7.0376,6.6463,11.0958,11.2538,10.8999,11.0068,11.3811,10.9407,11.1094,11.2885,11.1068,12.1816,11.5842,11.8648,14.1077,14.5024
Kenya,Agricultural Soils,Emissions (N2O),kilotonnes,28.7432,29.0129,29.9621,31.8351,33.7606,33.3006,32.0531,50.3103,50.7926,49.2996,49.7429,51.3948,50.6869,50.7581,51.2999,50.9238,55.8421,52.4419,54.0383,62.3139,64.3663
Kenya,Agricultural Soils,Emissions (N2O),kilotonnes,29.01,,,,,34.17,,,,,38.36,,,,,,,,,,
Kenya,Agricultural Soils,Emissions (CO2eq) from N2O (AR5),kilotonnes,7616.9407,7688.4207,7939.9559,8436.2952,8946.5464,8824.6606,8494.0592,13332.231,13460.0304,13064.3917,13181.8633,13619.6208,13432.0252,13450.9063,13594.4653,13494.8083,14798.1519,13897.1028,14320.1475,16513.1775,17057.0617
Kenya,Agricultural Soils,Emissions (CO2eq) from N2O (AR5),kilotonnes,7687.65,,,,,9055.05,,,,,10165.4,,,,,,,,,,
Kenya,Agricultural Soils,Emissions (CO2eq) (AR5),kilotonnes,7616.9407,7688.4207,7939.9559,8436.2952,8946.5464,8824.6606,8494.0592,13332.231,13460.0304,13064.3917,13181.8633,13619.6208,13432.0252,13450.9063,13594.4653,13494.8083,14798.1519,13897.1028,14320.1475,16513.1775,17057.0617
Kenya,Agricultural Soils,Emissions (CO2eq) (AR5),kilotonnes,7687.65,,,,,9055.05,,,,,10165.4,,,,,,,,,,
Kenya,LULUCF,Emissions (CH4),kilotonnes,4.9261,0.0347,0.0223,0.0497,0.0177,0.1239,0.0347,0.0407,0.0619,0.1561,0.0156,0.0595,0.1561,0.0198,0.005,0.6713,0.0124,0.0396,0.0025,0.1736,0.0383
Kenya,LULUCF,Emissions (CH4),kilotonnes,2.71,,,,,2.77,,,,,2.7,,,,,,,,,,
Kenya,LULUCF,Emissions (N2O),kilotonnes,0.1449,0.0032,0.002,0.0045,0.0016,0.0113,0.0032,0.0037,0.0057,0.0142,0.0014,0.0054,0.0142,0.0018,0.0005,0.0613,0.0011,0.0036,0.0002,0.0158,0.0035
Kenya,LULUCF,Emissions (N2O),kilotonnes,0.03,,,,,0.03,,,,,0.03,,,,,,,,,,
Kenya,LULUCF,Emissions (CO2),kilotonnes,-4295.2332,15168.5409,15168.5409,15168.5409,15168.5409,15168.5409,15168.5409,15168.5409,15168.5409,15168.5409,15166.4734,8342.403,8342.403,8341.8775,8341.8775,8341.8775,-7569.2195,-7569.2195,-7571.5642,-7572.3316,-7572.3316
Kenya,LULUCF,Emissions (CO2),kilotonnes,20572,,,,,17524,,,,,21090,,,,,,,,,,
Kenya,LULUCF,Emissions (CO2eq) from CH4 (AR5),kilotonnes,137.9294,0.9711,0.6243,1.3923,0.4957,3.4681,0.9711,1.1404,1.734,4.3698,0.4365,1.6647,4.3698,0.5549,0.1387,18.797,0.3468,1.1098,0.0694,4.8604,1.071
Kenya,LULUCF,Emissions (CO2eq) from N2O (AR5),kilotonnes,38.3943,0.8391,0.5394,1.2032,0.4284,2.9969,0.8391,0.9854,1.4984,3.7761,0.3772,1.4385,3.7761,0.4795,0.1199,16.2431,0.2997,0.959,0.0599,4.2,0.9255
Kenya,LULUCF,Emissions (CO2eq) (AR5),kilotonnes,-4118.9096,15170.3511,15169.7046,15171.1364,15169.465,15175.0059,15170.3511,15170.6667,15171.7734,15176.6868,15167.2872,8345.5062,8350.5489,8342.9119,8342.1361,8376.9176,-7568.573,-7567.1507,-7571.4349,-7563.2711,-7570.3351
Kenya,LULUCF,Emissions (CO2eq) (AR5),kilotonnes,20572,,,,,17524,,,,,21090,,,,,,,,,,
Kenya,AFOLU,Emissions (CH4),kilotonnes,578.0697,570.9806,598.5255,641.314,686.8907,661.7414,645.2504,1069.4778,1084.4205,1034.5725,1038.4079,1064.8854,1054.3997,1031.3532,1045.6357,1061.6045,1157.5922,1069.5323,1112.4706,1301.1712,1327.0987
Kenya,AFOLU,Emissions (N2O),kilotonnes,29.7142,29.8045,30.78,33.0199,34.5592,34.1859,32.7689,51.8875,51.8472,50.202,50.6781,52.3257,52.5688,51.8507,52.3128,52.0012,56.9513,53.3783,55.0821,63.5824,65.9522
Kenya,AFOLU,Emissions (CO2),kilotonnes,-4295.2332,15168.5409,15168.5409,15168.5409,15168.5409,15168.5409,15168.5409,15168.5409,15168.5409,15168.5409,15166.4734,8342.403,8342.403,8341.8775,8341.8775,8341.8775,-7569.2195,-7569.2195,-7571.5642,-7572.3316,-7572.3316
Kenya,AFOLU,Emissions (CO2eq) from CH4 (AR5),kilotonnes,16185.9523,15987.4567,16758.7135,17956.7925,19232.9407,18528.7603,18067.0102,29945.3773,30363.7727,28968.0302,29075.4198,29816.7916,29523.1907,28877.8889,29277.7984,29724.9256,32412.5818,29946.9056,31149.1757,36432.7924,37158.7644
Kenya,AFOLU,Emissions (CO2eq) from N2O (AR5),kilotonnes,7874.2498,7898.1813,8156.6929,8750.2804,9158.1923,9059.2655,8683.7577,13750.1967,13739.5009,13303.5218,13429.6858,13866.3018,13930.7209,13740.4464,13862.8798,13780.3135,15092.0966,14145.2375,14596.7436,16849.3296,17477.3422
Kenya,AFOLU,Emissions (CO2eq) (AR5),kilotonnes,19764.9689,39054.1789,40083.9473,41875.6138,43559.6739,42756.5667,41919.3089,58864.1149,59271.8145,57440.0929,57671.579,52025.4964,51796.3146,50960.2128,51482.5558,51847.1166,39935.4589,36522.9236,38174.3551,45709.7904,47063.775
Kenya,All sectors with LULUCF,Emissions (CH4),kilotonnes,1054.0697,1059.9806,1101.5255,1159.314,1220.8907,1209.7414,1209.2504,1649.4778,1680.4205,1647.5725,1669.4079,1714.8854,1721.3997,1717.3532,1751.6357,1786.6045,1902.5922,1833.5323,1893.4706,2098.1712,2142.0987
Kenya,All sectors with LULUCF,Emissions (N2O),kilotonnes,33.6445,33.7748,34.8503,37.1303,38.8296,38.6063,37.3893,56.648,56.7276,55.2824,55.9285,57.7761,58.1292,57.7012,58.3033,58.2517,63.4618,59.9788,61.7326,70.5029,73.0528
Kenya,All sectors with LULUCF,Emissions (CO2),kilotonnes,6257.4558,24555.2429,23127.2549,21921.2679,22782.2799,23729.2929,24719.3169,24939.3409,25349.3639,27449.3879,27217.3444,21543.314,20593.354,21392.8705,22392.9175,24972.9575,9901.9105,9001.9605,9719.6658,9438.8884,8398.9284
Kenya,All sectors with LULUCF,Emissions (CO2eq) from F-gases (AR5),kilotonnes,15.4509,18.6577,22.7391,27.4035,32.651,38.2871,44.312,51.2115,58.7912,67.1482,75.9912,72.007,76.8658,81.8217,86.6805,91.6365,96.4952,101.0625,105.9212,110.78,116.6105
Kenya,All sectors with LULUCF,Emissions (CO2eq) from CH4 (AR5),kilotonnes,29513.9523,29679.4567,30842.7135,32460.7925,34184.9407,33872.7603,33859.0102,46185.3773,47051.7727,46132.0302,46743.4198,48016.7916,48199.1907,48085.8889,49045.7984,50024.9256,53272.5818,51338.9056,53017.1757,58748.7924,59978.7644
Kenya,All sectors with LULUCF,Emissions (CO2eq) from N2O (AR5),kilotonnes,8915.7915,8950.3257,9235.3397,9839.5298,10289.8446,10230.6707,9908.1659,15011.7077,15032.8151,14649.8392,14821.0564,15310.6756,15404.2481,15290.8271,15450.3639,15436.7013,16817.3879,15894.3824,16359.142,18683.2806,19358.9964
Kenya,All sectors with LULUCF,Emissions (CO2eq) (AR5),kilotonnes,44702.6505,63203.6829,63228.0471,64248.9936,67289.7162,67871.011,68530.805,86187.6374,87492.7429,88298.4056,88857.8118,84942.7882,84273.6586,84851.4082,86975.7604,90526.2208,80088.3753,76336.311,79201.9047,86981.7415,87853.2998
Kenya,All sectors without LULUCF,Emissions (CH4),kilotonnes,1049.1437,1059.9459,1101.5032,1159.2643,1220.873,1209.6176,1209.2157,1649.437,1680.3585,1647.4164,1669.3923,1714.826,1721.2436,1717.3334,1751.6307,1785.9332,1902.5798,1833.4927,1893.4681,2097.9976,2142.0605
Kenya,All sectors without LULUCF,Emissions (N2O),kilotonnes,33.4996,33.7716,34.8483,37.1258,38.828,38.595,37.3861,56.6442,56.7219,55.2682,55.9271,57.7707,58.115,57.6994,58.3028,58.1904,63.4607,59.9752,61.7324,70.4871,73.0493
Kenya,All sectors without LULUCF,Emissions (CO2),kilotonnes,10552.689,9386.702,7958.714,6752.727,7613.739,8560.752,9550.776,9770.8,10180.823,12280.847,12050.871,13200.911,12250.951,13050.993,14051.04,16631.08,17471.13,16571.18,17291.23,17011.22,15971.26
Kenya,All sectors without LULUCF,Emissions (CO2eq) from F-gases (AR5),kilotonnes,15.4509,18.6577,22.7391,27.4035,32.651,38.2871,44.312,51.2115,58.7912,67.1482,75.9912,72.007,76.8658,81.8217,86.6805,91.6365,96.4952,101.0625,105.9212,110.78,116.6105
Kenya,All sectors without LULUCF,Emissions (CO2eq) from CH4 (AR5),kilotonnes,29376.0229,29678.4856,30842.0892,32459.4002,34184.445,33869.2922,33858.0392,46184.2369,47050.0387,46127.6604,46742.9833,48015.1269,48194.8209,48085.334,49045.6597,50006.1286,53272.235,51337.7958,53017.1063,58743.932,59977.6934
Kenya,All sectors without LULUCF,Emissions (CO2eq) from N2O (AR5),kilotonnes,8877.3973,8949.4865,9234.8002,9838.3266,10289.4162,10227.6738,9907.3267,15010.7223,15031.3166,14646.0632,14820.6792,15309.2371,15400.4721,15290.3476,15450.244,15420.4582,16817.0882,15893.4234,16359.0821,18679.0806,19358.0709
Kenya,All sectors without LULUCF,Emissions (CO2eq) (AR5),kilotonnes,48821.5601,48033.3318,48058.3425,49077.8573,52120.2512,52696.0051,53360.4539,71016.9707,72320.9695,73121.7188,73690.5247,76597.282,75923.1097,76508.4963,78633.6243,82149.3032,87656.9484,83903.4618,86773.3397,94545.0126,95423.6349
Kiribati,Enteric Fermentation,Emissions (CH4),kilotonnes,0.0105,0.0108,0.012,0.012,0.0122,0.0124,0.0125,0.0126,0.0126,0.0126,0.013,0.013,0.0135,0.0135,0.014,0.0142,0.0144,0.0145,0.0145,0.0145,0.0146
Kiribati,Enteric Fermentation,Emissions (CH4),kilotonnes,,,,,,,0.047,0.0493,0.0403,,,,,,,,,,,,
Kiribati,Enteric Fermentation,Emissions (CO2eq) from CH4 (AR5),kilotonnes,0.294,0.3024,0.336,0.336,0.3416,0.3472,0.35,0.3528,0.3528,0.3528,0.364,0.364,0.378,0.378,0.392,0.3972,0.4022,0.4054,0.4073,0.4047,0.4083
Kiribati,Enteric Fermentation,Emissions (CO2eq) from CH4 (AR5),kilotonnes,,,,,,,1.316,1.3804,1.1284,,,,,,,,,,,,
Kiribati,Enteric Fermentation,Emissions (CO2eq) (AR5),kilotonnes,0.294,0.3024,0.336,0.336,0.3416,0.3472,0.35,0.3528,0.3528,0.3528,0.364,0.364,0.378,0.378,0.392,0.3972,0.4022,0.4054,0.4073,0.4047,0.4083
Kiribati,Enteric Fermentation,Emissions (CO2eq) (AR5),kilotonnes,,,,,,,1.316,1.3804,1.1284,,,,,,,,,,,,
Kiribati,Manure Management,Emissions (CH4),kilotonnes,0.1553,0.1603,0.1782,0.1782,0.1812,0.1842,0.1856,0.1881,0.1887,0.1891,0.1949,0.1953,0.2024,0.2025,0.2096,0.2123,0.215,0.2166,0.2177,0.2166,0.2187
Kiribati,Manure Management,Emissions (CH4),kilotonnes,,,,,,,0.0715,0.0752,0.0614,,,,,,,,,,,,
Kiribati,Manure Management,Emissions (N2O),kilotonnes,0.0023,0.0025,0.0028,0.0028,0.0028,0.0029,0.0029,0.0031,0.0031,0.0032,0.0033,0.0034,0.0034,0.0034,0.0034,0.0035,0.0035,0.0035,0.0036,0.0036,0.0036
Kiribati,Manure Management,Emissions (N2O),kilotonnes,,,,,,,0.6166,0.648,0.3368,,,,,,,,,,,,
Kiribati,Manure Management,Emissions (CO2eq) from CH4 (AR5),kilotonnes,4.3498,4.4878,4.9896,4.9896,5.0742,5.1587,5.1982,5.2657,5.2825,5.2937,5.4572,5.4684,5.6686,5.6714,5.8688,5.9447,6.0199,6.0652,6.0968,6.0657,6.1228
Kiribati,Manure Management,Emissions (CO2eq) from CH4 (AR5),kilotonnes,,,,,,,2.002,2.1056,1.7192,,,,,,,,,,,,
Kiribati,Manure Management,Emissions (CO2eq) from N2O (AR5),kilotonnes,0.6225,0.6584,0.7338,0.731,0.7491,0.7586,0.7685,0.8117,0.8343,0.8507,0.8733,0.8896,0.9095,0.8984,0.9136,0.924,0.9353,0.9382,0.9472,0.9523,0.9647
Kiribati,Manure Management,Emissions (CO2eq) from N2O (AR5),kilotonnes,,,,,,,163.399,171.72,89.252,,,,,,,,,,,,
Kiribati,Manure Management,Emissions (CO2eq) (AR5),kilotonnes,4.9723,5.1462,5.7234,5.7206,5.8233,5.9174,5.9667,6.0774,6.1168,6.1444,6.3305,6.358,6.5781,6.5698,6.7824,6.8686,6.9552,7.0035,7.0441,7.018,7.0875
Kiribati,Manure Management,Emissions (CO2eq) (AR5),kilotonnes,,,,,,,165.401,173.8256,90.9712,,,,,,,,,,,,
Kiribati,Manure left on Pasture,Direct emissions (N2O),kilotonnes,0.0001,0.0002,0.0002,0.0002,0.0002,0.0002,0.0002,0.0002,0.0002,0.0002,0.0002,0.0002,0.0002,0.0002,0.0002,0.0002,0.0002,0.0002,0.0002,0.0002,0.0002
Kiribati,Manure left on Pasture,Indirect emissions (N2O),kilotonnes,0,0,0,0,0,0,0,0,0,0,0,0,0,0,0,0,0,0,0,0.0001,0.0001
Kiribati,Manure left on Pasture,Emissions (N2O),kilotonnes,0.0002,0.0002,0.0002,0.0002,0.0002,0.0002,0.0002,0.0002,0.0003,0.0003,0.0003,0.0003,0.0003,0.0003,0.0003,0.0003,0.0003,0.0003,0.0003,0.0003,0.0003
Kiribati,Manure left on Pasture,Emissions (CO2eq) from N2O (AR5),kilotonnes,0.0446,0.0486,0.0544,0.0539,0.0557,0.0562,0.0573,0.0633,0.0667,0.0691,0.0706,0.0731,0.0738,0.0721,0.072,0.0728,0.0736,0.0735,0.0746,0.0758,0.077
Kiribati,Manure left on Pasture,Emissions (CO2eq) (AR5),kilotonnes,0.0446,0.0486,0.0544,0.0539,0.0557,0.0562,0.0573,0.0633,0.0667,0.0691,0.0706,0.0731,0.0738,0.0721,0.072,0.0728,0.0736,0.0735,0.0746,0.0758,0.077
Kiribati,Manure applied to Soils,Direct emissions (N2O),kilotonnes,0.0033,0.0035,0.0039,0.0039,0.004,0.004,0.0041,0.0044,0.0046,0.0047,0.0048,0.0049,0.005,0.0049,0.005,0.005,0.0051,0.0051,0.0052,0.0052,0.0053
Kiribati,Manure applied to Soils,Indirect emissions (N2O),kilotonnes,0.0014,0.0015,0.0017,0.0016,0.0017,0.0017,0.0017,0.0019,0.0019,0.002,0.002,0.0021,0.0021,0.0021,0.0021,0.0021,0.0022,0.0022,0.0022,0.0022,0.0022
Kiribati,Manure applied to Soils,Emissions (N2O),kilotonnes,0.0046,0.005,0.0056,0.0055,0.0057,0.0057,0.0058,0.0063,0.0065,0.0067,0.0069,0.007,0.0071,0.007,0.0071,0.0072,0.0073,0.0073,0.0074,0.0074,0.0075
Kiribati,Manure applied to Soils,Emissions (CO2eq) from N2O (AR5),kilotonnes,1.2318,1.3186,1.4716,1.4634,1.5048,1.5217,1.5447,1.6626,1.727,1.7737,1.8173,1.864,1.8947,1.8633,1.8805,1.9007,1.9239,1.9261,1.9483,1.9677,1.9963
Kiribati,Manure applied to Soils,Emissions (CO2eq) (AR5),kilotonnes,1.2318,1.3186,1.4716,1.4634,1.5048,1.5217,1.5447,1.6626,1.727,1.7737,1.8173,1.864,1.8947,1.8633,1.8805,1.9007,1.9239,1.9261,1.9483,1.9677,1.9963
Kiribati,Drained organic soils,Emissions (CO2eq) (AR5),kilotonnes,0,0,0,0,0,0,0,0,0,0,0,0,0,0,0,0,0,0,0,0,0
Kiribati,Drained organic soils (CO2),Emissions (CO2),kilotonnes,0,0,0,0,0,0,0,0,0,0,0,0,0,0,0,0,0,0,0,0,0
Kiribati,Drained organic soils (CO2),Emissions (CO2eq) (AR5),kilotonnes,0,0,0,0,0,0,0,0,0,0,0,0,0,0,0,0,0,0,0,0,0
Kiribati,Drained organic soils (N2O),Emissions (N2O),kilotonnes,0,0,0,0,0,0,0,0,0,0,0,0,0,0,0,0,0,0,0,0,0
Kiribati,Drained organic soils (N2O),Emissions (CO2eq) from N2O (AR5),kilotonnes,0,0,0,0,0,0,0,0,0,0,0,0,0,0,0,0,0,0,0,0,0
Kiribati,Drained organic soils (N2O),Emissions (CO2eq) (AR5),kilotonnes,0,0,0,0,0,0,0,0,0,0,0,0,0,0,0,0,0,0,0,0,0
Kiribati,On-farm energy use,Emissions (CH4),kilotonnes,0.004,0.0043,0.0046,0.0057,0.0062,0.0059,0.0061,0.0055,0.0057,0.0058,0.0058,0.0058,0.0062,0.0082,0.0062,0.0071,0.0069,0.0093,0.0095,0.0101,0.0101
Kiribati,On-farm energy use,Emissions (N2O),kilotonnes,0.0005,0.0003,0.0006,0.0005,0.0005,0.0008,0.001,0.0006,0.0009,0.0007,0.0006,0.0006,0.0007,0.0008,0.0007,0.0007,0.0007,0.0008,0.0008,0.0009,0.0009
Kiribati,On-farm energy use,Emissions (CO2),kilotonnes,4.4517,4.2647,5.1035,5.7168,6.1395,6.7554,7.3295,5.9156,6.7455,6.4332,6.2964,6.2959,6.8144,8.5698,6.6686,7.4708,7.1767,9.5565,9.6915,10.2961,10.2961
Kiribati,On-farm energy use,Emissions (CO2eq) from CH4 (AR5),kilotonnes,0.1126,0.1208,0.128,0.159,0.1728,0.1652,0.1715,0.1533,0.1594,0.1612,0.1638,0.1638,0.174,0.2287,0.1738,0.1996,0.1925,0.2614,0.2654,0.2837,0.2837
Kiribati,On-farm energy use,Emissions (CO2eq) from N2O (AR5),kilotonnes,0.1302,0.0851,0.1528,0.123,0.1255,0.2149,0.2568,0.1612,0.2315,0.1928,0.17,0.1698,0.1936,0.2131,0.1788,0.1852,0.175,0.2182,0.2202,0.2284,0.2284
Kiribati,On-farm energy use,Emissions (CO2eq) (AR5),kilotonnes,4.6945,4.4706,5.3843,5.9987,6.4378,7.1355,7.7578,6.2302,7.1365,6.7871,6.6302,6.6295,7.182,9.0116,7.0212,7.8556,7.5443,10.0361,10.1771,10.8083,10.8083
Kiribati,Savanna fires,Emissions (CH4),kilotonnes,0,0,0,0,0,0,0,0,0,0,0,0,0,0,0,0,0,0,0,0,0
Kiribati,Savanna fires,Emissions (N2O),kilotonnes,0,0,0,0,0,0,0,0,0,0,0,0,0,0,0,0,0,0,0,0,0
Kiribati,Savanna fires,Emissions (CO2eq) from CH4 (AR5),kilotonnes,0,0,0,0,0,0,0,0,0,0,0,0,0,0,0,0,0,0,0,0,0
Kiribati,Savanna fires,Emissions (CO2eq) from N2O (AR5),kilotonnes,0,0,0,0,0,0,0,0,0,0,0,0,0,0,0,0,0,0,0,0,0
Kiribati,Savanna fires,Emissions (CO2eq) (AR5),kilotonnes,0,0,0,0,0,0,0,0,0,0,0,0,0,0,0,0,0,0,0,0,0
Kiribati,Fires in organic soils,Emissions (CH4),kilotonnes,0,0,0,0,0,0,0,0,0,0,0,0,0,0,0,0,0,0,0,0,0
Kiribati,Fires in organic soils,Emissions (CO2),kilotonnes,0,0,0,0,0,0,0,0,0,0,0,0,0,0,0,0,0,0,0,0,0
Kiribati,Fires in organic soils,Emissions (CO2eq) from CH4 (AR5),kilotonnes,0,0,0,0,0,0,0,0,0,0,0,0,0,0,0,0,0,0,0,0,0
Kiribati,Fires in organic soils,Emissions (CO2eq) (AR5),kilotonnes,0,0,0,0,0,0,0,0,0,0,0,0,0,0,0,0,0,0,0,0,0
Kiribati,Forest fires,Emissions (CH4),kilotonnes,0,0,0,0,0,0,0,0,0,0,0,0,0,0,0,0,0,0,0,0,0
Kiribati,Forest fires,Emissions (N2O),kilotonnes,0,0,0,0,0,0,0,0,0,0,0,0,0,0,0,0,0,0,0,0,0
Kiribati,Forest fires,Emissions (CO2eq) from CH4 (AR5),kilotonnes,0,0,0,0,0,0,0,0,0,0,0,0,0,0,0,0,0,0,0,0,0
Kiribati,Forest fires,Emissions (CO2eq) from N2O (AR5),kilotonnes,0,0,0,0,0,0,0,0,0,0,0,0,0,0,0,0,0,0,0,0,0
Kiribati,Forest fires,Emissions (CO2eq) (AR5),kilotonnes,0,0,0,0,0,0,0,0,0,0,0,0,0,0,0,0,0,0,0,0,0
Kiribati,Fires in humid tropical forests,Emissions (CH4),kilotonnes,0,0,0,0,0,0,0,0,0,0,0,0,0,0,0,0,0,0,0,0,0
Kiribati,Fires in humid tropical forests,Emissions (N2O),kilotonnes,0,0,0,0,0,0,0,0,0,0,0,0,0,0,0,0,0,0,0,0,0
Kiribati,Fires in humid tropical forests,Emissions (CO2eq) from CH4 (AR5),kilotonnes,0,0,0,0,0,0,0,0,0,0,0,0,0,0,0,0,0,0,0,0,0
Kiribati,Fires in humid tropical forests,Emissions (CO2eq) from N2O (AR5),kilotonnes,0,0,0,0,0,0,0,0,0,0,0,0,0,0,0,0,0,0,0,0,0
Kiribati,Fires in humid tropical forests,Emissions (CO2eq) (AR5),kilotonnes,0,0,0,0,0,0,0,0,0,0,0,0,0,0,0,0,0,0,0,0,0
Kiribati,Waste - agri-food systems,Emissions (CH4),kilotonnes,0.1135,0.1156,0.1178,0.12,0.1222,0.1246,0.1274,0.1303,0.1333,0.1362,0.1388,0.1412,0.1432,0.1453,0.1447,0.1467,0.1488,0.1508,0.153,0.1546,0.1564
Kiribati,Waste - agri-food systems,Emissions (N2O),kilotonnes,0.0021,0.0022,0.0022,0.0022,0.0023,0.0024,0.0024,0.0024,0.0024,0.0026,0.0026,0.0028,0.0028,0.0028,0.0028,0.0029,0.003,0.003,0.003,0.003,0.0031
Kiribati,Waste - agri-food systems,Emissions (CO2),kilotonnes,0,0,0,0,0,0,0,0,0,0,0,0,0,0,0,0,0,0,0,0,0
Kiribati,Waste - agri-food systems,Emissions (CO2eq) from CH4 (AR5),kilotonnes,3.1772,3.2362,3.2995,3.3586,3.4211,3.4883,3.5665,3.6493,3.7329,3.8149,3.8851,3.9543,4.0095,4.0671,4.0527,4.1072,4.1654,4.2226,4.2826,4.3301,4.3802
Kiribati,Waste - agri-food systems,Emissions (CO2eq) from N2O (AR5),kilotonnes,0.5459,0.5813,0.5763,0.5948,0.5995,0.6451,0.6428,0.6464,0.6381,0.6827,0.6947,0.7343,0.7436,0.7393,0.743,0.7768,0.7919,0.7832,0.795,0.8061,0.8176
Kiribati,Waste - agri-food systems,Emissions (CO2eq) (AR5),kilotonnes,3.7232,3.8175,3.8758,3.9534,4.0206,4.1334,4.2092,4.2957,4.371,4.4976,4.5798,4.6887,4.753,4.8064,4.7958,4.884,4.9573,5.0058,5.0776,5.1362,5.1978
Kiribati,On-farm electricity use,Emissions (CH4),kilotonnes,0,0,0,0,0,0,0,0,0,0,0,0,0,0,0,0,0,0,0,0,0
Kiribati,On-farm electricity use,Emissions (N2O),kilotonnes,0,0,0,0,0,0,0,0,0,0,0,0,0,0,0,0,0,0,0,0,0
Kiribati,On-farm electricity use,Emissions (CO2),kilotonnes,0,0,0,0,0,0,0,0,0,0,0,0,0,0,0,0,0,0,0,0,0
Kiribati,On-farm electricity use,Emissions (CO2eq) from CH4 (AR5),kilotonnes,0,0,0,0,0,0,0,0,0,0,0,0,0,0,0,0,0,0,0,0,0
Kiribati,On-farm electricity use,Emissions (CO2eq) from N2O (AR5),kilotonnes,0,0,0,0,0,0,0,0,0,0,0,0,0,0,0,0,0,0,0,0,0
Kiribati,On-farm electricity use,Emissions (CO2eq) (AR5),kilotonnes,0,0,0,0,0,0,0,0,0,0,0,0,0,0,0,0,0,0,0,0,0
Kiribati,Food Processing,Emissions (CH4),kilotonnes,0.0006,0.0006,0.0007,0.0008,0.0008,0.0009,0.0009,0.0009,0.0009,0.0009,0.0008,0.0013,0.0012,0.0013,0.0013,0.0015,0.0015,0.0017,0.0018,0.0019,0.002
Kiribati,Food Processing,Emissions (N2O),kilotonnes,0,0,0,0,0,0,0,0,0,0,0,0.0001,0,0,0,0,0,0,0,0.0001,0.0001
Kiribati,Food Processing,Emissions (CO2),kilotonnes,0.9256,0.8622,1.1113,1.2731,1.3475,1.771,1.8693,1.6735,1.7781,2.8846,3.6909,3.3885,2.8546,2.9506,3.8392,4.3027,4.4432,4.2628,4.6002,6.207,6.1582
Kiribati,Food Processing,Emissions (CO2eq) from CH4 (AR5),kilotonnes,0.0168,0.0168,0.0196,0.0224,0.0224,0.0252,0.0252,0.0252,0.0252,0.0252,0.0224,0.0364,0.0336,0.0364,0.0364,0.042,0.042,0.0476,0.0504,0.0532,0.0547
Kiribati,Food Processing,Emissions (CO2eq) from N2O (AR5),kilotonnes,0,0,0,0,0,0,0,0,0,0,0,0.0265,0,0,0,0,0,0,0,0.0265,0.0274
Kiribati,Food Processing,Emissions (CO2eq) (AR5),kilotonnes,0.9424,0.879,1.1309,1.2955,1.3699,1.7962,1.8945,1.6987,1.8033,2.9098,3.7133,3.4514,2.8882,2.987,3.8756,4.3447,4.4852,4.3104,4.6506,6.2867,6.2403
Kiribati,Food Packaging,Emissions (CH4),kilotonnes,0,0,0,0,0,0,0,0,0,0,0,0,0,0,0,0,0,0,0,0,0
Kiribati,Food Packaging,Emissions (N2O),kilotonnes,0,0,0,0,0,0,0,0,0,0,0,0,0,0,0,0,0,0,0,0,0
Kiribati,Food Packaging,Emissions (CO2),kilotonnes,0.0596,0.0508,0.0768,0.0605,0.0626,0.0558,0.0659,0.0568,0.0674,0.0592,0.0671,0.0585,0.0597,0.067,0.097,0.0912,0.1046,0.0985,0.1296,0.0912,0.0905
Kiribati,Food Packaging,Emissions (CO2eq) from CH4 (AR5),kilotonnes,0,0,0,0,0,0,0,0,0,0,0,0,0,0,0,0,0,0,0,0,0
Kiribati,Food Packaging,Emissions (CO2eq) from N2O (AR5),kilotonnes,0,0,0,0,0,0,0,0,0,0,0,0,0,0,0,0,0,0,0,0,0
Kiribati,Food Packaging,Emissions (CO2eq) (AR5),kilotonnes,0.0596,0.0508,0.0768,0.0605,0.0626,0.0558,0.0659,0.0568,0.0674,0.0592,0.0671,0.0585,0.0597,0.067,0.097,0.0912,0.1046,0.0985,0.1296,0.0912,0.0905
Kiribati,Food Retail,Emissions (CH4),kilotonnes,0.0012,0.0012,0.0014,0.0014,0.0014,0.0015,0.0016,0.002,0.0019,0.0018,0.0018,0.0018,0.0017,0.0018,0.0019,0.0021,0.0022,0.0022,0.0022,0.0022,0.0023
Kiribati,Food Retail,Emissions (N2O),kilotonnes,0,0,0,0,0,0,0,0,0,0,0,0,0,0,0,0,0,0,0,0,0
Kiribati,Food Retail,Emissions (CO2),kilotonnes,0.3725,0.3307,0.4549,0.4967,0.5384,0.6626,0.6974,0.8561,0.8002,0.7598,0.9847,0.9622,0.9423,0.9911,1.0613,1.1986,1.1024,1.3084,1.2971,1.3272,1.3168
Kiribati,Food Retail,Emissions (CO2eq) from CH4 (AR5),kilotonnes,0.0344,0.0346,0.0388,0.0396,0.0405,0.042,0.0448,0.056,0.0532,0.0504,0.0504,0.0504,0.0476,0.0504,0.0532,0.0588,0.0616,0.0616,0.0616,0.0616,0.0634
Kiribati,Food Retail,Emissions (CO2eq) from N2O (AR5),kilotonnes,0,0,0,0,0,0,0,0,0,0,0,0,0,0,0,0,0,0,0,0,0
Kiribati,Food Retail,Emissions (CO2eq) (AR5),kilotonnes,0.4069,0.3654,0.4937,0.5362,0.5789,0.7046,0.7422,0.9121,0.8534,0.8102,1.0351,1.0126,0.9899,1.0415,1.1145,1.2574,1.164,1.37,1.3587,1.3888,1.3801
Kiribati,Food Household Consumption,Emissions (CH4),kilotonnes,0.0022,0.002,0.0022,0.0028,0.0032,0.0013,0.0012,0.0013,0.0012,0.0012,0.0011,0.0011,0.0012,0.0013,0.0013,0.0014,0.0015,0.0016,0.0016,0.0016,0.0016
Kiribati,Food Household Consumption,Emissions (N2O),kilotonnes,0,0,0,0,0,0,0,0,0,0,0,0,0,0,0,0,0,0,0,0,0
Kiribati,Food Household Consumption,Emissions (CO2),kilotonnes,1.3145,1.6085,1.7115,1.9751,2.1855,1.3894,1.3164,1.4605,1.3235,1.3203,0.8557,0.8732,0.9262,1.0025,0.9719,1.1049,1.1858,1.2402,1.2261,1.2123,1.2028
Kiribati,Food Household Consumption,Emissions (CO2eq) from CH4 (AR5),kilotonnes,0.0616,0.056,0.0616,0.0784,0.0896,0.0364,0.0336,0.0364,0.0336,0.0336,0.0308,0.0308,0.0336,0.0364,0.0364,0.0392,0.042,0.0448,0.0448,0.0448,0.0461
Kiribati,Food Household Consumption,Emissions (CO2eq) from N2O (AR5),kilotonnes,0,0,0,0,0,0,0,0,0,0,0,0,0,0,0,0,0,0,0,0,0
Kiribati,Food Household Consumption,Emissions (CO2eq) (AR5),kilotonnes,1.3761,1.6645,1.7731,2.0535,2.2751,1.4258,1.35,1.4969,1.3571,1.3539,0.8865,0.904,0.9598,1.0389,1.0083,1.1441,1.2278,1.285,1.2709,1.2571,1.2488
Kiribati,Food Transport,Emissions (CH4),kilotonnes,0.0001,0.0001,0.0001,0.0001,0.0001,0.0001,0.0001,0.0001,0.0002,0.0002,0.0002,0.0002,0.0002,0.0002,0.0002,0.0002,0.0002,0.0002,0.0002,0.0002,0.0002
Kiribati,Food Transport,Emissions (N2O),kilotonnes,0,0,0,0,0,0.0001,0.0001,0.0001,0.0001,0.0001,0.0001,0.0001,0.0001,0.0001,0.0001,0.0001,0.0001,0.0001,0.0001,0.0001,0.0001
Kiribati,Food Transport,Emissions (CO2),kilotonnes,0.8399,0.6834,0.949,1.0252,1.0777,1.5149,1.7454,1.2484,2.0204,2.0903,2.504,3.589,3.3034,2.9487,2.7759,3.2125,3.0833,3.1758,3.2683,3.4649,3.4377
Kiribati,Food Transport,Emissions (CO2eq) from CH4 (AR5),kilotonnes,0.0028,0.0028,0.0028,0.0028,0.0028,0.0028,0.0028,0.0028,0.0056,0.0056,0.0056,0.0056,0.0056,0.0056,0.0056,0.0056,0.0056,0.0056,0.0056,0.0056,0.0058
Kiribati,Food Transport,Emissions (CO2eq) from N2O (AR5),kilotonnes,0,0,0,0,0,0.0265,0.0265,0.0265,0.0265,0.0265,0.0265,0.0265,0.0265,0.0265,0.0265,0.0265,0.0265,0.0265,0.0265,0.0265,0.0274
Kiribati,Food Transport,Emissions (CO2eq) (AR5),kilotonnes,0.8427,0.6862,0.9518,1.028,1.0805,1.5442,1.7747,1.2777,2.0525,2.1224,2.5361,3.6211,3.3355,2.9808,2.808,3.2446,3.1154,3.2079,3.3004,3.497,3.4708
Kiribati,Energy,Emissions (CH4),kilotonnes,0.027,0.0272,0.0305,0.0311,0.0318,0.033,0.0339,0.0343,0.0342,0.0347,0.0351,0.0521,0.0533,0.0498,0.0473,0.0493,0.0495,0.0507,0.0505,0.0559,0.0575
Kiribati,Energy,Emissions (N2O),kilotonnes,0.0007,0.0006,0.0008,0.0009,0.0009,0.0012,0.0012,0.001,0.0013,0.0012,0.0012,0.0022,0.0019,0.0019,0.0016,0.0017,0.0018,0.0018,0.0019,0.0021,0.0021
Kiribati,Energy,Emissions (CO2),kilotonnes,33,29.3,40.3,44,47.7,58.7,66,58.7,66,55,58.7,55,51.3,51.3,58.7,62.3,66,66,69.8,76.3,75.7
Kiribati,Energy,Emissions (CO2eq) from CH4 (AR5),kilotonnes,0.756,0.7616,0.854,0.8708,0.8904,0.924,0.9492,0.9604,0.9576,0.9716,0.9828,1.4588,1.4924,1.3944,1.3244,1.3804,1.386,1.4196,1.414,1.5652,1.61
Kiribati,Energy,Emissions (CO2eq) from N2O (AR5),kilotonnes,0.1842,0.1672,0.2178,0.2279,0.2329,0.3048,0.3154,0.2677,0.3472,0.3207,0.3286,0.583,0.4982,0.4982,0.4214,0.4611,0.4664,0.4797,0.4929,0.5486,0.5671
Kiribati,Energy,Emissions (CO2eq) (AR5),kilotonnes,33.9402,30.2288,41.3718,45.0987,48.8233,59.9288,67.2645,59.9281,67.3047,56.2923,60.0114,57.0418,53.2906,53.1926,60.4458,64.1415,67.8524,67.8992,71.7069,78.4137,77.8771
Kiribati,IPPU,Emissions (N2O),kilotonnes,0.0017,0.0018,0.0018,0.0018,0.0018,0.0019,0.0019,0.002,0.002,0.0021,0.0021,0.0021,0.0022,0.0022,0.0023,0.0023,0.0023,0.0024,0.0024,0.0025,0.0025
Kiribati,IPPU,Emissions (CO2),kilotonnes,0.53,0.522,0.538,0.552,0.576,0.609,0.634,0.626,0.634,0.617,0.611,0.608,0.614,0.617,0.623,0.643,0.674,0.705,0.723,0.687,0.694
Kiribati,IPPU,Emissions (CO2eq) from N2O (AR5),kilotonnes,0.4558,0.4638,0.4717,0.4797,0.4876,0.4982,0.5088,0.5194,0.53,0.5433,0.5538,0.5645,0.5751,0.5857,0.5962,0.6069,0.6175,0.6281,0.6386,0.6493,0.6599
Kiribati,IPPU,Emissions (CO2eq) (AR5),kilotonnes,0.9858,0.9858,1.0097,1.0316,1.0636,1.1072,1.1428,1.1454,1.164,1.1603,1.1648,1.1725,1.189,1.2027,1.2192,1.2498,1.2915,1.3331,1.3617,1.3363,1.3539
Kiribati,Waste,Emissions (CH4),kilotonnes,0.513,0.517,0.526,0.533,0.537,0.547,0.561,0.576,0.588,0.602,0.615,0.63,0.648,0.667,0.68,0.704,0.725,0.741,0.759,0.767,0.783
Kiribati,Waste,Emissions (N2O),kilotonnes,0.0038,0.0038,0.0039,0.004,0.004,0.0042,0.0043,0.0044,0.0044,0.0045,0.0046,0.0048,0.005,0.0051,0.0051,0.0052,0.0054,0.0055,0.0055,0.0056,0.0058
Kiribati,Waste,Emissions (CO2eq) from CH4 (AR5),kilotonnes,14.364,14.476,14.728,14.924,15.036,15.316,15.708,16.128,16.464,16.856,17.22,17.64,18.144,18.676,19.04,19.712,20.3,20.748,21.252,21.476,21.924
Kiribati,Waste,Emissions (CO2eq) from N2O (AR5),kilotonnes,0.9938,1.0096,1.0282,1.0547,1.0706,1.1183,1.1501,1.1766,1.1686,1.1899,1.219,1.2773,1.3144,1.3436,1.3541,1.386,1.4204,1.4469,1.4602,1.4973,1.5264
Kiribati,Waste,Emissions (CO2eq) (AR5),kilotonnes,15.3578,15.4857,15.7562,15.9787,16.1066,16.4343,16.8581,17.3046,17.6326,18.0458,18.439,18.9173,19.4584,20.0196,20.3942,21.098,21.7204,22.1949,22.7121,22.9733,23.4504
Kiribati,Other,Emissions (N2O),kilotonnes,0.0016,0.0015,0.0023,0.0024,0.0025,0.0033,0.0033,0.0029,0.0029,0.0023,0.0023,0.0022,0.0021,0.0022,0.0023,0.0024,0.0026,0.0027,0.0027,0.0023,0.0022
Kiribati,Other,Emissions (CO2eq) from N2O (AR5),kilotonnes,0.4134,0.3975,0.5962,0.6307,0.6678,0.8745,0.8825,0.7553,0.7765,0.6201,0.6148,0.5804,0.5459,0.5698,0.6042,0.6413,0.6837,0.7023,0.7208,0.6015,0.5936
Kiribati,Other,Emissions (CO2eq) (AR5),kilotonnes,0.4134,0.3975,0.5962,0.6307,0.6678,0.8745,0.8825,0.7553,0.7765,0.6201,0.6148,0.5804,0.5459,0.5698,0.6042,0.6413,0.6837,0.7023,0.7208,0.6015,0.5936
Kiribati,Farm-gate emissions,Emissions (CH4),kilotonnes,0.1699,0.1754,0.1948,0.1959,0.1996,0.2025,0.2043,0.2061,0.207,0.2074,0.2137,0.2141,0.2222,0.2242,0.2298,0.2336,0.2362,0.2404,0.2418,0.2412,0.2434
Kiribati,Farm-gate emissions,Direct emissions (N2O),kilotonnes,0.0034,0.0036,0.0041,0.004,0.0042,0.0042,0.0043,0.0046,0.0048,0.0049,0.005,0.0052,0.0052,0.0052,0.0052,0.0053,0.0053,0.0053,0.0054,0.0054,0.0055
Kiribati,Farm-gate emissions,Indirect emissions (N2O),kilotonnes,0.0014,0.0015,0.0017,0.0017,0.0017,0.0017,0.0018,0.0019,0.002,0.002,0.0021,0.0021,0.0022,0.0021,0.0022,0.0022,0.0022,0.0022,0.0022,0.0023,0.0023
Kiribati,Farm-gate emissions,Emissions (N2O),kilotonnes,0.0077,0.008,0.0091,0.0089,0.0092,0.0096,0.0099,0.0102,0.0108,0.0109,0.0111,0.0113,0.0116,0.0115,0.0115,0.0116,0.0117,0.0119,0.012,0.0122,0.0123
Kiribati,Farm-gate emissions,Emissions (CO2),kilotonnes,4.4517,4.2647,5.1035,5.7168,6.1395,6.7554,7.3295,5.9156,6.7455,6.4332,6.2964,6.2959,6.8144,8.5698,6.6686,7.4708,7.1767,9.5565,9.6915,10.2961,10.2961
Kiribati,Farm-gate emissions,Emissions (CO2eq) from CH4 (AR5),kilotonnes,4.7564,4.911,5.4536,5.4846,5.5885,5.6711,5.7197,5.7718,5.7947,5.8076,5.985,5.9962,6.2206,6.2781,6.4346,6.5414,6.6146,6.7321,6.7695,6.7541,6.8148
Kiribati,Farm-gate emissions,Emissions (CO2eq) from N2O (AR5),kilotonnes,2.0291,2.1107,2.4126,2.3713,2.4351,2.5514,2.6273,2.6988,2.8595,2.8863,2.9312,2.9965,3.0715,3.0469,3.045,3.0826,3.1079,3.1561,3.1903,3.2242,3.2665
Kiribati,Farm-gate emissions,Emissions (CO2eq) (AR5),kilotonnes,11.2373,11.2865,12.9696,13.5726,14.1632,14.9779,15.6765,14.3862,15.3998,15.1272,15.2126,15.2887,16.1066,17.8948,16.1482,17.0949,16.8992,19.4446,19.6513,20.2744,20.3774
Kiribati,Land Use change,Emissions (CH4),kilotonnes,0,0,0,0,0,0,0,0,0,0,0,0,0,0,0,0,0,0,0,0,0
Kiribati,Land Use change,Emissions (N2O),kilotonnes,0,0,0,0,0,0,0,0,0,0,0,0,0,0,0,0,0,0,0,0,0
Kiribati,Land Use change,Emissions (CO2),kilotonnes,0,0,0,0,0,0,0,0,0,0,0,0,0,0,0,0,0,0,0,0,0
Kiribati,Land Use change,Emissions (CO2eq) from CH4 (AR5),kilotonnes,0,0,0,0,0,0,0,0,0,0,0,0,0,0,0,0,0,0,0,0,0
Kiribati,Land Use change,Emissions (CO2eq) from N2O (AR5),kilotonnes,0,0,0,0,0,0,0,0,0,0,0,0,0,0,0,0,0,0,0,0,0
Kiribati,Land Use change,Emissions (CO2eq) (AR5),kilotonnes,0,0,0,0,0,0,0,0,0,0,0,0,0,0,0,0,0,0,0,0,0
Kiribati,Emissions on agricultural land,Emissions (CH4),kilotonnes,0.1699,0.1754,0.1948,0.1959,0.1996,0.2025,0.2043,0.2061,0.207,0.2074,0.2137,0.2141,0.2222,0.2242,0.2298,0.2336,0.2362,0.2404,0.2418,0.2412,0.2434
Kiribati,Emissions on agricultural land,Emissions (N2O),kilotonnes,0.0077,0.008,0.0091,0.0089,0.0092,0.0096,0.0099,0.0102,0.0108,0.0109,0.0111,0.0113,0.0116,0.0115,0.0115,0.0116,0.0117,0.0119,0.012,0.0122,0.0123
Kiribati,Emissions on agricultural land,Emissions (CO2),kilotonnes,4.4517,4.2647,5.1035,5.7168,6.1395,6.7554,7.3295,5.9156,6.7455,6.4332,6.2964,6.2959,6.8144,8.5698,6.6686,7.4708,7.1767,9.5565,9.6915,10.2961,10.2961
Kiribati,Emissions on agricultural land,Emissions (CO2eq) from CH4 (AR5),kilotonnes,4.7564,4.911,5.4536,5.4846,5.5885,5.6711,5.7197,5.7718,5.7947,5.8076,5.985,5.9962,6.2206,6.2781,6.4346,6.5414,6.6146,6.7321,6.7695,6.7541,6.8148
Kiribati,Emissions on agricultural land,Emissions (CO2eq) from N2O (AR5),kilotonnes,2.0291,2.1107,2.4126,2.3713,2.4351,2.5514,2.6273,2.6988,2.8595,2.8863,2.9312,2.9965,3.0715,3.0469,3.045,3.0826,3.1079,3.1561,3.1903,3.2242,3.2665
Kiribati,Emissions on agricultural land,Emissions (CO2eq) (AR5),kilotonnes,11.2373,11.2865,12.9696,13.5726,14.1632,14.9779,15.6765,14.3862,15.3998,15.1272,15.2126,15.2887,16.1066,17.8948,16.1482,17.0949,16.8992,19.4446,19.6513,20.2744,20.3774
Kiribati,Pre- and post- production,Emissions (CH4),kilotonnes,0.1176,0.1195,0.1222,0.1251,0.1277,0.1284,0.1312,0.1346,0.1375,0.1403,0.1427,0.1456,0.1475,0.1499,0.1494,0.1519,0.1542,0.1565,0.1588,0.1605,0.1625
Kiribati,Pre- and post- production,Emissions (N2O),kilotonnes,0.0021,0.0022,0.0022,0.0022,0.0023,0.0025,0.0025,0.0025,0.0025,0.0027,0.0027,0.003,0.0029,0.0029,0.0029,0.003,0.0031,0.0031,0.0031,0.0032,0.0033
Kiribati,Pre- and post- production,Emissions (CO2),kilotonnes,3.5121,3.5356,4.3035,4.8306,5.2117,5.3937,5.6944,5.2953,5.9896,7.1142,8.1024,8.8714,8.0862,7.9599,8.7453,9.9099,9.9193,10.0857,10.5213,12.3026,12.2059
Kiribati,Pre- and post- production,Emissions (CO2eq) from CH4 (AR5),kilotonnes,3.2928,3.3465,3.4223,3.5018,3.5764,3.5947,3.6729,3.7697,3.8505,3.9297,3.9943,4.0775,4.1299,4.1959,4.1843,4.2528,4.3166,4.3822,4.445,4.4953,4.5501
Kiribati,Pre- and post- production,Emissions (CO2eq) from N2O (AR5),kilotonnes,0.5459,0.5813,0.5763,0.5948,0.5995,0.6716,0.6693,0.6729,0.6646,0.7092,0.7212,0.7873,0.7701,0.7658,0.7695,0.8033,0.8184,0.8097,0.8215,0.8591,0.8724
Kiribati,Pre- and post- production,Emissions (CO2eq) (AR5),kilotonnes,7.3508,7.4634,8.3021,8.9272,9.3876,9.66,10.0365,9.7379,10.5047,11.7531,12.8179,13.7363,12.9861,12.9216,13.6992,14.966,15.0543,15.2776,15.7878,17.657,17.6284
Kiribati,Agri-food systems,Emissions (CH4),kilotonnes,0.2875,0.2949,0.317,0.3209,0.3273,0.3309,0.3354,0.3408,0.3445,0.3478,0.3564,0.3598,0.3697,0.3741,0.3792,0.3855,0.3904,0.3969,0.4005,0.4018,0.4059
Kiribati,Agri-food systems,Emissions (N2O),kilotonnes,0.0097,0.0102,0.0113,0.0112,0.0115,0.0122,0.0124,0.0127,0.0133,0.0136,0.0138,0.0143,0.0145,0.0144,0.0144,0.0147,0.0148,0.015,0.0151,0.0154,0.0156
Kiribati,Agri-food systems,Emissions (CO2),kilotonnes,7.9638,7.8004,9.407,10.5473,11.3513,12.1491,13.0239,11.2109,12.7351,13.5474,14.3988,15.1673,14.9006,16.5297,15.4139,17.3807,17.096,19.6422,20.2128,22.5987,22.502
Kiribati,Agri-food systems,Emissions (CO2eq) from CH4 (AR5),kilotonnes,8.0492,8.2575,8.8759,8.9863,9.1649,9.2658,9.3926,9.5416,9.6452,9.7373,9.9793,10.0737,10.3505,10.474,10.6189,10.7943,10.9312,11.1142,11.2145,11.2494,11.3649
Kiribati,Agri-food systems,Emissions (CO2eq) from N2O (AR5),kilotonnes,2.5751,2.692,2.9888,2.9661,3.0346,3.223,3.2966,3.3717,3.5241,3.5955,3.6524,3.7839,3.8416,3.8126,3.8145,3.8859,3.9263,3.9658,4.0118,4.0833,4.139
Kiribati,Agri-food systems,Emissions (CO2eq) (AR5),kilotonnes,18.5881,18.7499,21.2717,22.4998,23.5507,24.6379,25.7131,24.1241,25.9044,26.8803,28.0305,29.025,29.0927,30.8164,29.8473,32.0609,31.9535,34.7222,35.4392,37.9314,38.0059
Kiribati,IPCC Agriculture,Emissions (CH4),kilotonnes,0.1659,0.1711,0.1902,0.1902,0.1934,0.1966,0.1982,0.2007,0.2013,0.2017,0.2079,0.2083,0.2159,0.2161,0.2236,0.2265,0.2294,0.2311,0.2323,0.2311,0.2333
Kiribati,IPCC Agriculture,Emissions (CH4),kilotonnes,,,,,,,0.1185,0.1245,0.1018,,,,,,,,,,,,
Kiribati,IPCC Agriculture,Direct emissions (N2O),kilotonnes,0.0034,0.0036,0.0041,0.004,0.0042,0.0042,0.0043,0.0046,0.0048,0.0049,0.005,0.0052,0.0052,0.0052,0.0052,0.0053,0.0053,0.0053,0.0054,0.0054,0.0055
Kiribati,IPCC Agriculture,Indirect emissions (N2O),kilotonnes,0.0014,0.0015,0.0017,0.0017,0.0017,0.0017,0.0018,0.0019,0.002,0.002,0.0021,0.0021,0.0022,0.0021,0.0022,0.0022,0.0022,0.0022,0.0022,0.0023,0.0023
Kiribati,IPCC Agriculture,Emissions (N2O),kilotonnes,0.0072,0.0076,0.0085,0.0085,0.0087,0.0088,0.0089,0.0096,0.0099,0.0102,0.0104,0.0107,0.0109,0.0107,0.0108,0.0109,0.0111,0.0111,0.0112,0.0113,0.0115
Kiribati,IPCC Agriculture,Emissions (N2O),kilotonnes,,,,,,,0.6166,0.648,0.3368,,,,,,,,,,,,
Kiribati,IPCC Agriculture,Emissions (CO2eq) from CH4 (AR5),kilotonnes,4.6438,4.7902,5.3256,5.3256,5.4158,5.5059,5.5482,5.6185,5.6353,5.6465,5.8212,5.8324,6.0466,6.0494,6.2608,6.3418,6.422,6.4706,6.5041,6.4703,6.5311
Kiribati,IPCC Agriculture,Emissions (CO2eq) from CH4 (AR5),kilotonnes,,,,,,,3.318,3.486,2.8504,,,,,,,,,,,,
Kiribati,IPCC Agriculture,Emissions (CO2eq) from N2O (AR5),kilotonnes,1.8989,2.0256,2.2598,2.2483,2.3096,2.3365,2.3705,2.5376,2.628,2.6936,2.7612,2.8268,2.878,2.8338,2.8661,2.8974,2.9329,2.9379,2.9701,2.9958,3.0381
Kiribati,IPCC Agriculture,Emissions (CO2eq) from N2O (AR5),kilotonnes,,,,,,,163.399,171.72,89.252,,,,,,,,,,,,
Kiribati,IPCC Agriculture,Emissions (CO2eq) (AR5),kilotonnes,6.5427,6.8159,7.5854,7.5739,7.7254,7.8425,7.9187,8.156,8.2633,8.34,8.5824,8.6592,8.9246,8.8832,9.1269,9.2393,9.3549,9.4085,9.4742,9.4661,9.5691
Kiribati,IPCC Agriculture,Emissions (CO2eq) (AR5),kilotonnes,,,,,,,166.717,175.206,92.1024,,,,,,,,,,,,
Kiribati,Agricultural Soils,Direct emissions (N2O),kilotonnes,0.0034,0.0036,0.0041,0.004,0.0042,0.0042,0.0043,0.0046,0.0048,0.0049,0.005,0.0052,0.0052,0.0052,0.0052,0.0053,0.0053,0.0053,0.0054,0.0054,0.0055
Kiribati,Agricultural Soils,Indirect emissions (N2O),kilotonnes,0.0014,0.0015,0.0017,0.0017,0.0017,0.0017,0.0018,0.0019,0.002,0.002,0.0021,0.0021,0.0022,0.0021,0.0022,0.0022,0.0022,0.0022,0.0022,0.0023,0.0023
Kiribati,Agricultural Soils,Emissions (N2O),kilotonnes,0.0048,0.0052,0.0058,0.0057,0.0059,0.006,0.006,0.0065,0.0068,0.007,0.0071,0.0073,0.0074,0.0073,0.0074,0.0074,0.0075,0.0075,0.0076,0.0077,0.0078
Kiribati,Agricultural Soils,Emissions (CO2eq) from N2O (AR5),kilotonnes,1.2764,1.3672,1.5259,1.5173,1.5605,1.5779,1.602,1.7259,1.7937,1.8429,1.888,1.9371,1.9685,1.9354,1.9526,1.9735,1.9976,1.9996,2.0229,2.0435,2.0734
Kiribati,Agricultural Soils,Emissions (CO2eq) (AR5),kilotonnes,1.2764,1.3672,1.5259,1.5173,1.5605,1.5779,1.602,1.7259,1.7937,1.8429,1.888,1.9371,1.9685,1.9354,1.9526,1.9735,1.9976,1.9996,2.0229,2.0435,2.0734
Kiribati,LULUCF,Emissions (CH4),kilotonnes,0,0,0,0,0,0,0,0,0,0,0,0,0,0,0,0,0,0,0,0,0
Kiribati,LULUCF,Emissions (N2O),kilotonnes,0,0,0,0,0,0,0,0,0,0,0,0,0,0,0,0,0,0,0,0,0
Kiribati,LULUCF,Emissions (CO2),kilotonnes,0,0,0,0,0,0,0,0,0,0,0,0,0,0,0,0,0,0,0,0,0
Kiribati,LULUCF,Emissions (CO2eq) from CH4 (AR5),kilotonnes,0,0,0,0,0,0,0,0,0,0,0,0,0,0,0,0,0,0,0,0,0
Kiribati,LULUCF,Emissions (CO2eq) from N2O (AR5),kilotonnes,0,0,0,0,0,0,0,0,0,0,0,0,0,0,0,0,0,0,0,0,0
Kiribati,LULUCF,Emissions (CO2eq) (AR5),kilotonnes,0,0,0,0,0,0,0,0,0,0,0,0,0,0,0,0,0,0,0,0,0
Kiribati,AFOLU,Emissions (CH4),kilotonnes,0.1659,0.1711,0.1902,0.1902,0.1934,0.1966,0.1982,0.2007,0.2013,0.2017,0.2079,0.2083,0.2159,0.2161,0.2236,0.2265,0.2294,0.2311,0.2323,0.2311,0.2333
Kiribati,AFOLU,Emissions (N2O),kilotonnes,0.0072,0.0076,0.0085,0.0085,0.0087,0.0088,0.0089,0.0096,0.0099,0.0102,0.0104,0.0107,0.0109,0.0107,0.0108,0.0109,0.0111,0.0111,0.0112,0.0113,0.0115
Kiribati,AFOLU,Emissions (CO2),kilotonnes,0,0,0,0,0,0,0,0,0,0,0,0,0,0,0,0,0,0,0,0,0
Kiribati,AFOLU,Emissions (CO2eq) from CH4 (AR5),kilotonnes,4.6438,4.7902,5.3256,5.3256,5.4158,5.5059,5.5482,5.6185,5.6353,5.6465,5.8212,5.8324,6.0466,6.0494,6.2608,6.3418,6.422,6.4706,6.5041,6.4703,6.5311
Kiribati,AFOLU,Emissions (CO2eq) from N2O (AR5),kilotonnes,1.8989,2.0256,2.2598,2.2483,2.3096,2.3365,2.3705,2.5376,2.628,2.6936,2.7612,2.8268,2.878,2.8338,2.8661,2.8974,2.9329,2.9379,2.9701,2.9958,3.0381
Kiribati,AFOLU,Emissions (CO2eq) (AR5),kilotonnes,6.5427,6.8159,7.5854,7.5739,7.7254,7.8425,7.9187,8.156,8.2633,8.34,8.5824,8.6592,8.9246,8.8832,9.1269,9.2393,9.3549,9.4085,9.4742,9.4661,9.5691
Kiribati,All sectors with LULUCF,Emissions (CH4),kilotonnes,0.7059,0.7153,0.7467,0.7543,0.7622,0.7766,0.7931,0.811,0.8235,0.8384,0.858,0.8904,0.9173,0.9329,0.9509,0.9798,1.0039,1.0228,1.0418,1.054,1.0738
Kiribati,All sectors with LULUCF,Emissions (N2O),kilotonnes,0.0149,0.0153,0.0173,0.0175,0.018,0.0194,0.0197,0.0198,0.0206,0.0203,0.0207,0.022,0.0219,0.022,0.022,0.0226,0.0231,0.0234,0.0237,0.0237,0.0241
Kiribati,All sectors with LULUCF,Emissions (CO2),kilotonnes,33.53,29.822,40.838,44.552,48.276,59.309,66.634,59.326,66.634,55.617,59.311,55.608,51.914,51.917,59.323,62.943,66.674,66.705,70.523,76.987,76.394
Kiribati,All sectors with LULUCF,Emissions (CO2eq) from CH4 (AR5),kilotonnes,19.7638,20.0278,20.9076,21.1204,21.3422,21.7459,22.2054,22.7069,23.0569,23.4741,24.024,24.9312,25.683,26.1198,26.6252,27.4342,28.108,28.6382,29.1701,29.5115,30.0651
Kiribati,All sectors with LULUCF,Emissions (CO2eq) from N2O (AR5),kilotonnes,3.946,4.0638,4.5737,4.6412,4.7686,5.1323,5.2272,5.2565,5.4503,5.3674,5.4775,5.8319,5.8115,5.831,5.8421,5.9926,6.1208,6.1947,6.2826,6.2924,6.385
Kiribati,All sectors with LULUCF,Emissions (CO2eq) (AR5),kilotonnes,57.2398,53.9136,66.3193,70.3136,74.3867,86.1872,94.0666,87.2893,95.1411,84.4585,88.8125,86.3711,83.4085,83.8678,91.7903,96.3699,100.9029,101.5379,105.9757,112.7909,112.8441
Kiribati,All sectors without LULUCF,Emissions (CH4),kilotonnes,0.7059,0.7153,0.7467,0.7543,0.7622,0.7766,0.7931,0.811,0.8235,0.8384,0.858,0.8904,0.9173,0.9329,0.9509,0.9798,1.0039,1.0228,1.0418,1.054,1.0738
Kiribati,All sectors without LULUCF,Emissions (N2O),kilotonnes,0.0149,0.0153,0.0173,0.0175,0.018,0.0194,0.0197,0.0198,0.0206,0.0203,0.0207,0.022,0.0219,0.022,0.022,0.0226,0.0231,0.0234,0.0237,0.0237,0.0241
Kiribati,All sectors without LULUCF,Emissions (CO2),kilotonnes,33.53,29.822,40.838,44.552,48.276,59.309,66.634,59.326,66.634,55.617,59.311,55.608,51.914,51.917,59.323,62.943,66.674,66.705,70.523,76.987,76.394
Kiribati,All sectors without LULUCF,Emissions (CO2eq) from CH4 (AR5),kilotonnes,19.7638,20.0278,20.9076,21.1204,21.3422,21.7459,22.2054,22.7069,23.0569,23.4741,24.024,24.9312,25.683,26.1198,26.6252,27.4342,28.108,28.6382,29.1701,29.5115,30.0651
Kiribati,All sectors without LULUCF,Emissions (CO2eq) from N2O (AR5),kilotonnes,3.946,4.0638,4.5737,4.6412,4.7686,5.1323,5.2272,5.2565,5.4503,5.3674,5.4775,5.8319,5.8115,5.831,5.8421,5.9926,6.1208,6.1947,6.2826,6.2924,6.385
Kiribati,All sectors without LULUCF,Emissions (CO2eq) (AR5),kilotonnes,57.2398,53.9136,66.3193,70.3136,74.3867,86.1872,94.0666,87.2893,95.1411,84.4585,88.8125,86.3711,83.4085,83.8678,91.7903,96.3699,100.9029,101.5379,105.9757,112.7909,112.8441
Kuwait,Crop Residues,Direct emissions (N2O),kilotonnes,0.0017,0.0019,0.0024,0.0034,0.002,0.0022,0.0029,0.0038,0.0031,0.0028,0.0037,0.0061,0.0051,0.0057,0.0079,0.0025,0.0012,0.002,0.0023,0.0049,0.0038
Kuwait,Crop Residues,Indirect emissions (N2O),kilotonnes,0.0004,0.0004,0.0005,0.0008,0.0005,0.0005,0.0007,0.0009,0.0007,0.0006,0.0008,0.0014,0.0011,0.0013,0.0018,0.0006,0.0003,0.0005,0.0005,0.0011,0.0008
Kuwait,Crop Residues,Emissions (N2O),kilotonnes,0.0021,0.0023,0.0029,0.0042,0.0025,0.0027,0.0036,0.0046,0.0038,0.0034,0.0045,0.0075,0.0062,0.0069,0.0096,0.0031,0.0015,0.0025,0.0028,0.006,0.0046
Kuwait,Crop Residues,Emissions (CO2eq) from N2O (AR5),kilotonnes,0.5437,0.6074,0.7726,1.1086,0.6594,0.7224,0.9535,1.2273,0.9976,0.9122,1.1866,1.9915,1.6523,1.838,2.5545,0.8228,0.3989,0.6515,0.74,1.5833,1.2247
Kuwait,Crop Residues,Emissions (CO2eq) (AR5),kilotonnes,0.5437,0.6074,0.7726,1.1086,0.6594,0.7224,0.9535,1.2273,0.9976,0.9122,1.1866,1.9915,1.6523,1.838,2.5545,0.8228,0.3989,0.6515,0.74,1.5833,1.2247
Kuwait,Burning - Crop residues,Emissions (CH4),kilotonnes,0.0009,0.001,0.0018,0.0029,0.0013,0.0011,0.0018,0.003,0.002,0.0016,0.0026,0.0043,0.003,0.0024,0.0042,0.0021,0.0012,0.0014,0.0014,0.0034,0.0034
Kuwait,Burning - Crop residues,Emissions (N2O),kilotonnes,0,0,0,0.0001,0,0,0,0.0001,0.0001,0,0.0001,0.0001,0.0001,0.0001,0.0001,0.0001,0,0,0,0.0001,0.0001
Kuwait,Burning - Crop residues,Emissions (CO2eq) from CH4 (AR5),kilotonnes,0.025,0.029,0.0499,0.0803,0.0355,0.0312,0.0492,0.0854,0.0562,0.0437,0.0722,0.1212,0.0836,0.0663,0.1186,0.0599,0.0341,0.0404,0.0382,0.0941,0.0955
Kuwait,Burning - Crop residues,Emissions (CO2eq) from N2O (AR5),kilotonnes,0.0061,0.0071,0.0122,0.0197,0.0087,0.0077,0.0121,0.0209,0.0138,0.0107,0.0177,0.0297,0.0205,0.0163,0.0291,0.0147,0.0084,0.0099,0.0094,0.0231,0.0234
Kuwait,Burning - Crop residues,Emissions (CO2eq) (AR5),kilotonnes,0.0312,0.0361,0.0621,0.1,0.0442,0.0388,0.0612,0.1063,0.07,0.0545,0.09,0.1509,0.1041,0.0825,0.1477,0.0746,0.0425,0.0504,0.0476,0.1172,0.1189
Kuwait,Enteric Fermentation,Emissions (CH4),kilotonnes,4.7504,3.0713,4.1999,4.6077,3.8949,3.7876,3.9594,4.2622,4.5588,4.945,4.9417,4.4291,4.3258,4.6844,5.3705,5.1768,5.7659,5.8962,6.1093,6.8267,6.622
Kuwait,Enteric Fermentation,Emissions (CH4),kilotonnes,,,,,,,,,,,,,,,,,5.854,,,,
Kuwait,Enteric Fermentation,Emissions (CO2eq) from CH4 (AR5),kilotonnes,133.0099,85.9959,117.5978,129.0153,109.0566,106.0528,110.8638,119.3425,127.6466,138.4595,138.3685,124.0159,121.1234,131.1635,150.3742,144.951,161.4452,165.0939,171.0603,191.1475,185.4158
Kuwait,Enteric Fermentation,Emissions (CO2eq) from CH4 (AR5),kilotonnes,,,,,,,,,,,,,,,,,163.912,,,,
Kuwait,Enteric Fermentation,Emissions (CO2eq) (AR5),kilotonnes,133.0099,85.9959,117.5978,129.0153,109.0566,106.0528,110.8638,119.3425,127.6466,138.4595,138.3685,124.0159,121.1234,131.1635,150.3742,144.951,161.4452,165.0939,171.0603,191.1475,185.4158
Kuwait,Enteric Fermentation,Emissions (CO2eq) (AR5),kilotonnes,,,,,,,,,,,,,,,,,163.912,,,,
Kuwait,Manure Management,Emissions (CH4),kilotonnes,0.6924,0.6518,0.7399,0.7708,0.7191,0.8029,0.7585,0.7991,0.8851,0.9964,0.789,0.9763,1.0791,1.0472,1.0759,1.1893,1.1971,1.2706,1.2787,1.3166,1.347
Kuwait,Manure Management,Emissions (CH4),kilotonnes,,,,,,,,,,,,,,,,,0.716,,,,
Kuwait,Manure Management,Emissions (N2O),kilotonnes,0.023,0.0237,0.0261,0.027,0.0267,0.0303,0.0289,0.0284,0.0335,0.0361,0.0289,0.0372,0.0419,0.0407,0.0387,0.0456,0.0453,0.0483,0.0477,0.0493,0.0503
Kuwait,Manure Management,Emissions (N2O),kilotonnes,,,,,,,,,,,,,,,,,0.013,,,,
Kuwait,Manure Management,Emissions (CO2eq) from CH4 (AR5),kilotonnes,19.387,18.2495,20.716,21.581,20.1347,22.4807,21.239,22.3736,24.7832,27.8992,22.0921,27.3351,30.2145,29.3207,30.1253,33.2996,33.5193,35.5779,35.8041,36.8644,37.7148
Kuwait,Manure Management,Emissions (CO2eq) from CH4 (AR5),kilotonnes,,,,,,,,,,,,,,,,,20.048,,,,
Kuwait,Manure Management,Emissions (CO2eq) from N2O (AR5),kilotonnes,6.0952,6.2856,6.918,7.167,7.0704,8.0267,7.6698,7.5329,8.8644,9.5751,7.6528,9.8463,11.1121,10.7896,10.2455,12.0966,11.9938,12.7957,12.6367,13.0545,13.3233
Kuwait,Manure Management,Emissions (CO2eq) from N2O (AR5),kilotonnes,,,,,,,,,,,,,,,,,3.445,,,,
Kuwait,Manure Management,Emissions (CO2eq) (AR5),kilotonnes,25.4821,24.5351,27.6339,28.7481,27.205,30.5073,28.9088,29.9065,33.6476,37.4742,29.745,37.1814,41.3266,40.1103,40.3708,45.3962,45.5132,48.3737,48.4407,49.9189,51.0381
Kuwait,Manure Management,Emissions (CO2eq) (AR5),kilotonnes,,,,,,,,,,,,,,,,,23.493,,,,
Kuwait,Manure left on Pasture,Direct emissions (N2O),kilotonnes,0.4079,0.3489,0.4136,0.4394,0.4071,0.4387,0.4307,0.4374,0.4951,0.5345,0.4633,0.5265,0.5679,0.5703,0.5757,0.6386,0.6541,0.6914,0.6909,0.7278,0.7302
Kuwait,Manure left on Pasture,Indirect emissions (N2O),kilotonnes,0.1199,0.0934,0.1147,0.1231,0.11,0.1161,0.1143,0.1179,0.132,0.1423,0.1272,0.1384,0.1469,0.1506,0.1564,0.1681,0.1769,0.1847,0.1863,0.1973,0.1971
Kuwait,Manure left on Pasture,Emissions (N2O),kilotonnes,0.5278,0.4423,0.5284,0.5625,0.5171,0.5548,0.545,0.5553,0.6271,0.6768,0.5905,0.6649,0.7148,0.7209,0.732,0.8067,0.831,0.8761,0.8772,0.9251,0.9273
Kuwait,Manure left on Pasture,Emissions (CO2eq) from N2O (AR5),kilotonnes,139.86,117.2066,140.0161,149.0592,137.04,147.0165,144.4256,147.1421,166.1851,179.3438,156.4757,176.2088,189.4165,191.0505,193.9901,213.7794,220.2131,232.1606,232.4627,245.1585,245.7306
Kuwait,Manure left on Pasture,Emissions (CO2eq) (AR5),kilotonnes,139.86,117.2066,140.0161,149.0592,137.04,147.0165,144.4256,147.1421,166.1851,179.3438,156.4757,176.2088,189.4165,191.0505,193.9901,213.7794,220.2131,232.1606,232.4627,245.1585,245.7306
Kuwait,Manure applied to Soils,Direct emissions (N2O),kilotonnes,0.0457,0.0471,0.0518,0.0536,0.0529,0.0601,0.0574,0.0563,0.0664,0.0717,0.0572,0.0738,0.0834,0.081,0.0769,0.0908,0.0901,0.0961,0.0949,0.0979,0.1
Kuwait,Manure applied to Soils,Indirect emissions (N2O),kilotonnes,0.0194,0.02,0.022,0.0228,0.0225,0.0256,0.0244,0.0239,0.0282,0.0305,0.0243,0.0314,0.0355,0.0344,0.0327,0.0386,0.0383,0.0408,0.0403,0.0416,0.0425
Kuwait,Manure applied to Soils,Emissions (N2O),kilotonnes,0.0651,0.0671,0.0738,0.0764,0.0754,0.0857,0.0817,0.0802,0.0946,0.1021,0.0815,0.1052,0.1189,0.1154,0.1095,0.1294,0.1284,0.1369,0.1352,0.1396,0.1425
Kuwait,Manure applied to Soils,Emissions (CO2eq) from N2O (AR5),kilotonnes,17.2424,17.7859,19.5601,20.2546,19.9747,22.7049,21.6616,21.2637,25.0583,27.0641,21.5871,27.8792,31.5052,30.5898,29.0234,34.288,34.0266,36.2713,35.8294,36.9862,37.773
Kuwait,Manure applied to Soils,Emissions (CO2eq) (AR5),kilotonnes,17.2424,17.7859,19.5601,20.2546,19.9747,22.7049,21.6616,21.2637,25.0583,27.0641,21.5871,27.8792,31.5052,30.5898,29.0234,34.288,34.0266,36.2713,35.8294,36.9862,37.773
Kuwait,Synthetic Fertilizers,Direct emissions (N2O),kilotonnes,0.0099,0.0164,0.0157,0.0157,0.0157,0.0157,0.0157,0.0157,0.0157,0.0157,0.0157,0.0157,0.0236,0.0471,0.0519,0.0471,0.0377,0.0409,0.0393,0.0393,0.0393
Kuwait,Synthetic Fertilizers,Indirect emissions (N2O),kilotonnes,0.0032,0.0053,0.0051,0.0051,0.0051,0.0051,0.0051,0.0051,0.0051,0.0051,0.0051,0.0051,0.0077,0.0153,0.0169,0.0153,0.0123,0.0133,0.0128,0.0128,0.0128
Kuwait,Synthetic Fertilizers,Emissions (N2O),kilotonnes,0.0131,0.0218,0.0208,0.0208,0.0208,0.0208,0.0208,0.0208,0.0208,0.0208,0.0208,0.0208,0.0312,0.0625,0.0687,0.0625,0.05,0.0541,0.0521,0.0521,0.0521
Kuwait,Synthetic Fertilizers,Emissions (CO2eq) from N2O (AR5),kilotonnes,3.4706,5.7715,5.5177,5.5177,5.5177,5.5177,5.5177,5.5177,5.5177,5.5177,5.5177,5.5177,8.2765,16.553,18.2083,16.553,13.2424,14.346,13.7942,13.7942,13.7942
Kuwait,Synthetic Fertilizers,Emissions (CO2eq) (AR5),kilotonnes,3.4706,5.7715,5.5177,5.5177,5.5177,5.5177,5.5177,5.5177,5.5177,5.5177,5.5177,5.5177,8.2765,16.553,18.2083,16.553,13.2424,14.346,13.7942,13.7942,13.7942
Kuwait,Drained organic soils,Emissions (CO2eq) (AR5),kilotonnes,0,0,0,0,0,0,0,0,0,0,0,0,0,0,0,0,0,0,0,0,0
Kuwait,Drained organic soils (CO2),Emissions (CO2),kilotonnes,0,0,0,0,0,0,0,0,0,0,0,0,0,0,0,0,0,0,0,0,0
Kuwait,Drained organic soils (CO2),Emissions (CO2eq) (AR5),kilotonnes,0,0,0,0,0,0,0,0,0,0,0,0,0,0,0,0,0,0,0,0,0
Kuwait,Drained organic soils (N2O),Emissions (N2O),kilotonnes,0,0,0,0,0,0,0,0,0,0,0,0,0,0,0,0,0,0,0,0,0
Kuwait,Drained organic soils (N2O),Emissions (CO2eq) from N2O (AR5),kilotonnes,0,0,0,0,0,0,0,0,0,0,0,0,0,0,0,0,0,0,0,0,0
Kuwait,Drained organic soils (N2O),Emissions (CO2eq) (AR5),kilotonnes,0,0,0,0,0,0,0,0,0,0,0,0,0,0,0,0,0,0,0,0,0
Kuwait,On-farm energy use,Emissions (CH4),kilotonnes,0.1231,0.1196,0.1199,0.1364,0.146,0.1734,0.1798,0.1685,0.1795,0.1871,0.1888,0.1792,0.1876,0.1817,0.1644,0.1608,0.1483,0.1388,0.1328,0.1265,0.1265
Kuwait,On-farm energy use,Emissions (N2O),kilotonnes,0.0795,0.0832,0.091,0.1206,0.128,0.1615,0.2307,0.245,0.3366,0.4356,0.4249,0.3909,0.4236,0.3773,0.3622,0.3468,0.328,0.3115,0.3139,0.3043,0.3043
Kuwait,On-farm energy use,Emissions (CO2),kilotonnes,614.3459,593.9654,614.2193,807.2452,840.5628,1170.2841,1269.4165,1150.3366,1340.7804,1513.9982,1431.1757,1371.33,1454.0123,1298.4294,1158.7961,1111.6206,1040.9163,976.2922,970.8958,933.3157,933.3157
Kuwait,On-farm energy use,Emissions (CO2eq) from CH4 (AR5),kilotonnes,3.4455,3.3478,3.3565,3.8205,4.0872,4.8557,5.0353,4.7192,5.0254,5.2392,5.2876,5.0177,5.2521,5.0875,4.6026,4.5035,4.1515,3.8866,3.7189,3.5422,3.5422
Kuwait,On-farm energy use,Emissions (CO2eq) from N2O (AR5),kilotonnes,21.0576,22.0571,24.1273,31.9715,33.9269,42.7863,61.1479,64.918,89.1951,115.4421,112.5858,103.5761,112.2578,99.9724,95.9901,91.9106,86.9099,82.5538,83.1885,80.6282,80.6282
Kuwait,On-farm energy use,Emissions (CO2eq) (AR5),kilotonnes,638.849,619.3703,641.7031,843.0372,878.5769,1217.9262,1335.5996,1219.9738,1435.0009,1634.6794,1549.0492,1479.9238,1571.5221,1403.4893,1259.3888,1208.0347,1131.9777,1062.7326,1057.8032,1017.4861,1017.4861
Kuwait,Forestland,Emissions (CO2),kilotonnes,-19.0487,-22.9986,-22.9986,-22.9986,-22.9986,-22.9986,-22.9986,-22.9986,-22.9986,-22.9986,-22.9986,-10.2201,-10.2201,-10.2201,-10.2201,-10.2201,-2.9768,-2.9768,-2.9768,-2.9768,-2.9768
Kuwait,Forestland,Emissions (CO2eq) (AR5),kilotonnes,-19.0487,-22.9986,-22.9986,-22.9986,-22.9986,-22.9986,-22.9986,-22.9986,-22.9986,-22.9986,-22.9986,-10.2201,-10.2201,-10.2201,-10.2201,-10.2201,-2.9768,-2.9768,-2.9768,-2.9768,-2.9768
Kuwait,Net Forest conversion,Emissions (CO2),kilotonnes,0,0,0,0,0,0,0,0,0,0,0,0,0,0,0,0,0,0,0,0,0
Kuwait,Net Forest conversion,Emissions (CO2eq) (AR5),kilotonnes,0,0,0,0,0,0,0,0,0,0,0,0,0,0,0,0,0,0,0,0,0
Kuwait,Savanna fires,Emissions (CH4),kilotonnes,0,0,0,0,0,0,0,0,0,0,0,0,0,0,0,0,0,0,0,0,0.0003
Kuwait,Savanna fires,Emissions (N2O),kilotonnes,0,0,0,0,0,0,0,0,0,0,0,0,0,0,0,0,0,0,0,0,0
Kuwait,Savanna fires,Emissions (CO2eq) from CH4 (AR5),kilotonnes,0,0,0,0,0,0,0,0,0,0,0,0,0,0,0,0,0,0,0,0,0.0072
Kuwait,Savanna fires,Emissions (CO2eq) from N2O (AR5),kilotonnes,0,0,0,0,0,0,0,0,0,0,0,0,0,0,0,0,0,0,0,0,0.0062
Kuwait,Savanna fires,Emissions (CO2eq) (AR5),kilotonnes,0,0,0,0,0,0,0,0,0,0,0,0,0,0,0,0,0,0,0,0,0.0134
Kuwait,Fires in organic soils,Emissions (CH4),kilotonnes,0,0,0,0,0,0,0,0,0,0,0,0,0,0,0,0,0,0,0,0,0
Kuwait,Fires in organic soils,Emissions (CO2),kilotonnes,0,0,0,0,0,0,0,0,0,0,0,0,0,0,0,0,0,0,0,0,0
Kuwait,Fires in organic soils,Emissions (CO2eq) from CH4 (AR5),kilotonnes,0,0,0,0,0,0,0,0,0,0,0,0,0,0,0,0,0,0,0,0,0
Kuwait,Fires in organic soils,Emissions (CO2eq) (AR5),kilotonnes,0,0,0,0,0,0,0,0,0,0,0,0,0,0,0,0,0,0,0,0,0
Kuwait,Forest fires,Emissions (CH4),kilotonnes,0,0,0,0,0,0,0,0,0,0,0,0,0,0,0,0,0,0,0,0,0
Kuwait,Forest fires,Emissions (N2O),kilotonnes,0,0,0,0,0,0,0,0,0,0,0,0,0,0,0,0,0,0,0,0,0
Kuwait,Forest fires,Emissions (CO2eq) from CH4 (AR5),kilotonnes,0,0,0,0,0,0,0,0,0,0,0,0,0,0,0,0,0,0,0,0,0
Kuwait,Forest fires,Emissions (CO2eq) from N2O (AR5),kilotonnes,0,0,0,0,0,0,0,0,0,0,0,0,0,0,0,0,0,0,0,0,0
Kuwait,Forest fires,Emissions (CO2eq) (AR5),kilotonnes,0,0,0,0,0,0,0,0,0,0,0,0,0,0,0,0,0,0,0,0,0
Kuwait,Fires in humid tropical forests,Emissions (CH4),kilotonnes,0,0,0,0,0,0,0,0,0,0,0,0,0,0,0,0,0,0,0,0,0
Kuwait,Fires in humid tropical forests,Emissions (N2O),kilotonnes,0,0,0,0,0,0,0,0,0,0,0,0,0,0,0,0,0,0,0,0,0
Kuwait,Fires in humid tropical forests,Emissions (CO2eq) from CH4 (AR5),kilotonnes,0,0,0,0,0,0,0,0,0,0,0,0,0,0,0,0,0,0,0,0,0
Kuwait,Fires in humid tropical forests,Emissions (CO2eq) from N2O (AR5),kilotonnes,0,0,0,0,0,0,0,0,0,0,0,0,0,0,0,0,0,0,0,0,0
Kuwait,Fires in humid tropical forests,Emissions (CO2eq) (AR5),kilotonnes,0,0,0,0,0,0,0,0,0,0,0,0,0,0,0,0,0,0,0,0,0
Kuwait,Waste - agri-food systems,Emissions (CH4),kilotonnes,47.4318,48.1449,48.6967,49.4861,50.2783,51.1077,51.9442,52.8786,53.6224,54.4148,55.0526,55.8833,56.6416,57.421,58.0041,58.6815,59.1436,59.4099,59.6904,59.9608,60.1561
Kuwait,Waste - agri-food systems,Emissions (N2O),kilotonnes,0.0929,0.0948,0.0873,0.095,0.1,0.1094,0.1115,0.1198,0.12,0.1273,0.131,0.1337,0.1331,0.1499,0.1464,0.1523,0.1564,0.1567,0.1566,0.1565,0.1562
Kuwait,Waste - agri-food systems,Emissions (CO2),kilotonnes,13.4819,13.4388,13.4881,13.614,13.7337,13.9037,14.0302,14.0973,14.2365,14.0538,14.1011,14.261,14.3286,14.3289,14.2909,14.097,14.0715,14.1259,14.2007,14.1927,14.0538
Kuwait,Waste - agri-food systems,Emissions (CO2eq) from CH4 (AR5),kilotonnes,1328.0901,1348.0583,1363.5077,1385.611,1407.7922,1431.0154,1454.4364,1480.6015,1501.426,1523.6137,1541.4717,1564.7332,1585.9658,1607.7867,1624.1159,1643.0818,1656.0205,1663.4771,1671.3323,1678.9026,1684.3697
Kuwait,Waste - agri-food systems,Emissions (CO2eq) from N2O (AR5),kilotonnes,24.6295,25.1097,23.1353,25.1653,26.4974,28.9921,29.558,31.7365,31.7916,33.7416,34.7144,35.438,35.2671,39.7145,38.7846,40.3701,41.4359,41.518,41.5102,41.4805,41.4012
Kuwait,Waste - agri-food systems,Emissions (CO2eq) (AR5),kilotonnes,1366.2015,1386.6068,1400.131,1424.3903,1448.0233,1473.9112,1498.0246,1526.4353,1547.454,1571.4091,1590.2871,1614.4322,1635.5615,1661.83,1677.1915,1697.549,1711.5279,1719.121,1727.0433,1734.5758,1739.8247
Kuwait,On-farm electricity use,Emissions (CH4),kilotonnes,0,0,0,0,0,0,0,0,0,0,0,0,0,0,0,0,0,0,0,0,0
Kuwait,On-farm electricity use,Emissions (N2O),kilotonnes,0,0,0,0,0,0,0,0,0,0,0,0,0,0,0,0,0,0,0,0,0
Kuwait,On-farm electricity use,Emissions (CO2),kilotonnes,0,0,0,0,0,0,0,0,0,0,0,0,0,0,0,0,0,0,0,0,0
Kuwait,On-farm electricity use,Emissions (CO2eq) from CH4 (AR5),kilotonnes,0,0,0,0,0,0,0,0,0,0,0,0,0,0,0,0,0,0,0,0,0
Kuwait,On-farm electricity use,Emissions (CO2eq) from N2O (AR5),kilotonnes,0,0,0,0,0,0,0,0,0,0,0,0,0,0,0,0,0,0,0,0,0
Kuwait,On-farm electricity use,Emissions (CO2eq) (AR5),kilotonnes,0,0,0,0,0,0,0,0,0,0,0,0,0,0,0,0,0,0,0,0,0
Kuwait,Food Processing,Emissions (CH4),kilotonnes,0,0,0,0,0,0,0,0,0,0,0,0,0,0,0,0,0,0.0013,0.0012,0.0012,0.0012
Kuwait,Food Processing,Emissions (N2O),kilotonnes,0,0,0,0,0,0,0,0,0,0,0,0,0,0,0,0,0,0.0003,0.0002,0.0002,0.0002
Kuwait,Food Processing,Emissions (CO2),kilotonnes,0,0,0,0,0,0,0,0,0,0,0,0,0,0,0,0,0,31.863,28.6767,28.6767,26.4728
Kuwait,Food Processing,Emissions (CO2eq) from CH4 (AR5),kilotonnes,0,0,0,0,0,0,0,0,0,0,0,0,0,0,0,0,0,0.0364,0.0336,0.0336,0.0335
Kuwait,Food Processing,Emissions (CO2eq) from N2O (AR5),kilotonnes,0,0,0,0,0,0,0,0,0,0,0,0,0,0,0,0,0,0.0795,0.053,0.053,0.0531
Kuwait,Food Processing,Emissions (CO2eq) (AR5),kilotonnes,0,0,0,0,0,0,0,0,0,0,0,0,0,0,0,0,0,31.9789,28.7633,28.7633,26.5595
Kuwait,Food Packaging,Emissions (CH4),kilotonnes,2.9582,2.0367,1.8712,2.3563,1,0.998,0.8571,0.7881,0.5599,0.5521,0.4171,0.4124,0.5749,0.3101,0.4219,0.4864,0.4943,0.4724,0.5051,0.5051,0.504
Kuwait,Food Packaging,Emissions (N2O),kilotonnes,0.0005,0.0005,0.0005,0.0005,0.0005,0.0005,0.0005,0.0005,0.0006,0.0005,0.0006,0.0006,0.0006,0.0006,0.0007,0.0007,0.0007,0.0009,0.0009,0.0008,0.0008
Kuwait,Food Packaging,Emissions (CO2),kilotonnes,197.0614,197.5646,189.4821,201.5966,201.6192,210.7758,200.7236,202.2581,225.8676,203.6806,232.6859,261.528,286.4337,283.7658,277.4682,321.9305,344.117,365.614,378.0783,336.246,310.4049
Kuwait,Food Packaging,Emissions (CO2eq) from CH4 (AR5),kilotonnes,82.8296,57.0276,52.3936,65.9764,28,27.944,23.9988,22.0668,15.6772,15.4588,11.6788,11.5472,16.0972,8.6828,11.8132,13.6192,13.8404,13.2272,14.1428,14.1428,14.1116
Kuwait,Food Packaging,Emissions (CO2eq) from N2O (AR5),kilotonnes,0.1325,0.1325,0.1325,0.1325,0.1325,0.1325,0.1325,0.1325,0.159,0.1325,0.159,0.159,0.159,0.159,0.1855,0.1855,0.1855,0.2385,0.2385,0.212,0.2124
Kuwait,Food Packaging,Emissions (CO2eq) (AR5),kilotonnes,280.0235,254.7247,242.0082,267.7055,229.7517,238.8523,224.8549,224.4574,241.7038,219.2719,244.5237,273.2342,302.6899,292.6076,289.4669,335.7352,358.1429,379.0797,392.4596,350.6008,324.7288
Kuwait,Food Retail,Emissions (CH4),kilotonnes,0.8765,0.9377,0.9953,1.3308,1.2823,1.1823,1.4749,1.4628,1.5285,1.5873,1.7369,1.7426,1.5581,1.5533,1.6681,1.7513,1.795,1.8866,1.899,2.0557,2.0512
Kuwait,Food Retail,Emissions (N2O),kilotonnes,0.005,0.0054,0.0057,0.0076,0.0073,0.0069,0.0084,0.0085,0.0086,0.0087,0.0095,0.0096,0.0086,0.008,0.0086,0.009,0.0093,0.0097,0.0098,0.0109,0.0109
Kuwait,Food Retail,Emissions (CO2),kilotonnes,462.1084,481.582,496.1416,664.8828,628.4605,579.0073,703.6757,700.5532,745.8924,794.6812,848.4818,877.9746,793.5319,760.5008,816.7052,857.4254,878.8292,923.666,929.7214,999.4423,922.6333
Kuwait,Food Retail,Emissions (CO2eq) from F-gases (AR5),kilotonnes,168.318,231.697,322.6095,407.8075,498.72,571.9695,649.8945,727.8195,737.1705,742.3655,744.963,746.5215,747.5605,748.5995,748.5995,748.5995,818.732,836.9145,854.5775,872.76,898.6836
Kuwait,Food Retail,Emissions (CO2eq) from CH4 (AR5),kilotonnes,24.542,26.2556,27.8684,37.2624,35.9044,33.1044,41.2972,40.9584,42.798,44.4444,48.6332,48.7928,43.6268,43.4924,46.7068,49.0364,50.26,52.8248,53.172,57.5596,57.4325
Kuwait,Food Retail,Emissions (CO2eq) from N2O (AR5),kilotonnes,1.325,1.431,1.5105,2.014,1.9345,1.8285,2.226,2.2525,2.279,2.3055,2.5175,2.544,2.279,2.12,2.279,2.385,2.4645,2.5705,2.597,2.8885,2.8934
Kuwait,Food Retail,Emissions (CO2eq) (AR5),kilotonnes,656.2934,740.9656,848.13,1111.9667,1165.0194,1185.9097,1397.0934,1471.5836,1528.1399,1583.7966,1644.5955,1675.8329,1586.9982,1554.7127,1614.2905,1657.4463,1750.2857,1815.9758,1840.0679,1932.6504,1881.6428
Kuwait,Food Household Consumption,Emissions (CH4),kilotonnes,1.9405,2.0685,2.1933,2.2982,2.4735,2.7726,2.8849,2.953,3.1358,3.2297,3.4727,3.4899,3.1276,3.1175,3.3479,3.5135,3.6028,3.7862,3.8113,3.8113,3.8029
Kuwait,Food Household Consumption,Emissions (N2O),kilotonnes,0.0114,0.0122,0.0128,0.0135,0.0144,0.0165,0.0168,0.0175,0.0181,0.0182,0.0195,0.0196,0.0177,0.0165,0.0178,0.0186,0.0192,0.0202,0.0203,0.0203,0.0203
Kuwait,Food Household Consumption,Emissions (CO2),kilotonnes,1252.465,1293.3409,1326.0688,1382.2483,1447.1495,1599.3099,1618.4662,1660.093,1781.4745,1866.5165,1944.1025,2012.9009,1849.0824,1778.5488,1904.2456,1985.9615,2047.0667,2147.1648,2163.28,2163.28,1997.0279
Kuwait,Food Household Consumption,Emissions (CO2eq) from CH4 (AR5),kilotonnes,54.334,57.918,61.4124,64.3496,69.258,77.6328,80.7772,82.684,87.8024,90.4316,97.2356,97.7172,87.5728,87.29,93.7412,98.378,100.8784,106.0136,106.7164,106.7164,106.4808
Kuwait,Food Household Consumption,Emissions (CO2eq) from N2O (AR5),kilotonnes,3.021,3.233,3.392,3.5775,3.816,4.3725,4.452,4.6375,4.7965,4.823,5.1675,5.194,4.6905,4.3725,4.717,4.929,5.088,5.353,5.3795,5.3795,5.3887
Kuwait,Food Household Consumption,Emissions (CO2eq) (AR5),kilotonnes,1309.82,1354.4919,1390.8732,1450.1754,1520.2235,1681.3152,1703.6954,1747.4145,1874.0734,1961.7711,2046.5056,2115.8121,1941.3457,1870.2113,2002.7038,2089.2685,2153.0331,2258.5314,2275.3759,2275.3759,2108.8974
Kuwait,Food Transport,Emissions (CH4),kilotonnes,0.1617,0.141,0.1459,0.1502,0.1569,0.1613,0.1563,0.1449,0.1239,0.1114,0.101,0.0946,0.0992,0.1057,0.1077,0.1133,0.1133,0.1,0.099,0.1028,0.1026
Kuwait,Food Transport,Emissions (N2O),kilotonnes,0.0258,0.0268,0.0277,0.0286,0.0298,0.0309,0.0314,0.0305,0.0303,0.0297,0.0299,0.0281,0.0294,0.0314,0.032,0.0338,0.0337,0.0296,0.0293,0.0368,0.0369
Kuwait,Food Transport,Emissions (CO2),kilotonnes,662.2,674.3,716.1,778.8,829.4,897.6,1018.6,1052.7,1155,1287,1375,1287,1375,1441,1463,1540,1562,1452,1441,1639.4308,1513.4375
Kuwait,Food Transport,Emissions (CO2eq) from CH4 (AR5),kilotonnes,4.5276,3.948,4.0852,4.2056,4.3932,4.5164,4.3764,4.0572,3.4692,3.1192,2.828,2.6488,2.7776,2.9596,3.0156,3.1724,3.1724,2.8,2.772,2.8784,2.872
Kuwait,Food Transport,Emissions (CO2eq) from N2O (AR5),kilotonnes,6.837,7.102,7.3405,7.579,7.897,8.1885,8.321,8.0825,8.0295,7.8705,7.9235,7.4465,7.791,8.321,8.48,8.957,8.9305,7.844,7.7645,9.752,9.7686
Kuwait,Food Transport,Emissions (CO2eq) (AR5),kilotonnes,673.5646,685.35,727.5257,790.5846,841.6902,910.3049,1031.2974,1064.8397,1166.4987,1297.9897,1385.7515,1297.0953,1385.5686,1452.2806,1474.4956,1552.1294,1574.1029,1462.644,1451.5365,1652.0612,1526.0782
Kuwait,Energy,Emissions (CH4),kilotonnes,809,749,754,948,941,1010,1010,934,886,783,779,875,953,946,917,940,972,913,906,906,904
Kuwait,Energy,Emissions (N2O),kilotonnes,0.46,0.486,0.506,0.518,0.535,0.585,0.58,0.576,0.567,0.602,0.581,0.564,0.539,0.593,0.588,0.614,0.618,0.556,0.555,0.586,0.587
Kuwait,Energy,Emissions (CO2),kilotonnes,53000,57500,58800,60700,63700,72400,73900,75500,82000,86300,88600,85500,99300,95200,90200,95100,101000,104000,106000,108000,99700
Kuwait,Energy,Emissions (CO2eq) from CH4 (AR5),kilotonnes,22652,20972,21112,26544,26348,28280,28280,26152,24808,21924,21812,24500,26684,26488,25676,26320,27216,25564,25368,25368,25312
Kuwait,Energy,Emissions (CO2eq) from N2O (AR5),kilotonnes,121.9,128.79,134.09,137.27,141.775,155.025,153.7,152.64,150.255,159.53,153.965,149.46,142.835,157.145,155.82,162.71,163.77,147.34,147.075,155.29,155.555
Kuwait,Energy,Emissions (CO2eq) (AR5),kilotonnes,75773.9,78600.79,80046.09,87381.27,90189.775,100835.025,102333.7,101804.64,106958.255,108383.53,110565.965,110149.46,126126.835,121845.145,116031.82,121582.71,128379.77,129711.34,131515.075,133523.29,125167.555
Kuwait,IPPU,Emissions (CH4),kilotonnes,0.195,0.214,0.238,0.261,0.287,0.317,0.345,0.374,0.402,0.431,0.459,0.488,0.516,0.545,0.545,0.545,0.545,0.545,0.545,0.618,0.638
Kuwait,IPPU,Emissions (N2O),kilotonnes,0.308,0.317,0.322,0.326,0.332,0.342,0.357,0.376,0.399,0.424,0.451,0.48,0.51,0.541,0.568,0.592,0.609,0.622,0.631,0.674,0.698
Kuwait,IPPU,Emissions (CO2),kilotonnes,2770,2760,3240,3510,3880,4010,4260,4470,4800,4730,4690,5310,5360,5970,5830,5930,6260,6030,5430,6430,6560
Kuwait,IPPU,Emissions (CO2eq) from F-gases (AR5),kilotonnes,1166.1055,1234.1283,1311.8687,1409.0441,1515.9371,1622.8302,1778.3109,1924.0741,2079.5548,2235.0355,2390.5163,2254.4706,2341.9285,2429.3865,2516.8444,2604.3023,2682.0426,2769.5006,2856.9585,2944.4164,3031.8743
Kuwait,IPPU,Emissions (CO2eq) from CH4 (AR5),kilotonnes,5.46,5.992,6.664,7.308,8.036,8.876,9.66,10.472,11.256,12.068,12.852,13.664,14.448,15.26,15.26,15.26,15.26,15.26,15.26,17.304,17.864
Kuwait,IPPU,Emissions (CO2eq) from N2O (AR5),kilotonnes,81.62,84.005,85.33,86.39,87.98,90.63,94.605,99.64,105.735,112.36,119.515,127.2,135.15,143.365,150.52,156.88,161.385,164.83,167.215,178.61,184.97
Kuwait,IPPU,Emissions (CO2eq) (AR5),kilotonnes,4023.1855,4084.1253,4643.8627,5012.7421,5491.9531,5732.3362,6142.5759,6504.1861,6996.5458,7089.4635,7212.8833,7705.3346,7851.5265,8558.0115,8512.6244,8706.4423,9118.6876,8979.5906,8469.4335,9570.3304,9794.7083
Kuwait,Waste,Emissions (CH4),kilotonnes,165,170,174,180,186,195,204,216,227,237,250,266,284,298,310,321,331,335,337,362,374
Kuwait,Waste,Emissions (N2O),kilotonnes,0.132,0.136,0.138,0.14,0.144,0.158,0.169,0.181,0.188,0.2,0.21,0.22,0.224,0.236,0.245,0.255,0.255,0.258,0.262,0.283,0.291
Kuwait,Waste,Emissions (CO2eq) from CH4 (AR5),kilotonnes,4620,4760,4872,5040,5208,5460,5712,6048,6356,6636,7000,7448,7952,8344,8680,8988,9268,9380,9436,10136,10472
Kuwait,Waste,Emissions (CO2eq) from N2O (AR5),kilotonnes,34.98,36.04,36.57,37.1,38.16,41.87,44.785,47.965,49.82,53,55.65,58.3,59.36,62.54,64.925,67.575,67.575,68.37,69.43,74.995,77.115
Kuwait,Waste,Emissions (CO2eq) (AR5),kilotonnes,4654.98,4796.04,4908.57,5077.1,5246.16,5501.87,5756.785,6095.965,6405.82,6689,7055.65,7506.3,8011.36,8406.54,8744.925,9055.575,9335.575,9448.37,9505.43,10210.995,10549.115
Kuwait,Other,Emissions (N2O),kilotonnes,0.751,0.784,0.829,0.829,0.849,0.977,0.997,0.97,0.993,1.11,0.983,0.951,0.902,1.04,0.976,1.09,1.1,1.05,1.04,1.07,1.08
Kuwait,Other,Emissions (CO2eq) from N2O (AR5),kilotonnes,199.015,207.76,219.685,219.685,224.985,258.905,264.205,257.05,263.145,294.15,260.495,252.015,239.03,275.6,258.64,288.85,291.5,278.25,275.6,283.55,286.2
Kuwait,Other,Emissions (CO2eq) (AR5),kilotonnes,199.015,207.76,219.685,219.685,224.985,258.905,264.205,257.05,263.145,294.15,260.495,252.015,239.03,275.6,258.64,288.85,291.5,278.25,275.6,283.55,286.2
Kuwait,Farm-gate emissions,Emissions (CH4),kilotonnes,5.5667,3.8436,5.0614,5.5178,4.7612,4.765,4.8995,5.2329,5.6254,6.1301,5.9222,5.5889,5.5955,5.9156,6.615,6.5291,7.1125,7.3071,7.5222,8.2731,8.0991
Kuwait,Farm-gate emissions,Direct emissions (N2O),kilotonnes,0.4651,0.4143,0.4835,0.5122,0.4778,0.5168,0.5067,0.5132,0.5802,0.6247,0.5398,0.6222,0.68,0.7042,0.7123,0.7791,0.7831,0.8303,0.8274,0.8699,0.8733
Kuwait,Farm-gate emissions,Indirect emissions (N2O),kilotonnes,0.1429,0.1192,0.1424,0.1518,0.138,0.1472,0.1445,0.1478,0.166,0.1785,0.1574,0.1763,0.1911,0.2016,0.2076,0.2226,0.2277,0.2392,0.2399,0.2528,0.2532
Kuwait,Farm-gate emissions,Emissions (N2O),kilotonnes,0.7105,0.6405,0.7431,0.8117,0.7706,0.8558,0.9109,0.9344,1.1163,1.275,1.151,1.2266,1.3368,1.3238,1.3209,1.3942,1.3841,1.4294,1.4289,1.4763,1.4811
Kuwait,Farm-gate emissions,Emissions (CO2),kilotonnes,614.3459,593.9654,614.2193,807.2452,840.5628,1170.2841,1269.4165,1150.3366,1340.7804,1513.9982,1431.1757,1371.33,1454.0123,1298.4294,1158.7961,1111.6206,1040.9163,976.2922,970.8958,933.3157,933.3157
Kuwait,Farm-gate emissions,Emissions (CO2eq) from CH4 (AR5),kilotonnes,155.8674,107.6222,141.7201,154.4971,133.314,133.4204,137.1873,146.5207,157.5114,171.6416,165.8205,156.4899,156.6736,165.6379,185.2208,182.8141,199.1502,204.5988,210.6215,231.6482,226.7754
Kuwait,Farm-gate emissions,Emissions (CO2eq) from N2O (AR5),kilotonnes,188.2756,169.7212,196.924,215.0982,204.1978,226.7822,241.3881,247.6226,295.832,337.8656,305.0234,325.0493,354.2409,350.8097,350.0411,369.4652,366.7931,378.7888,378.6608,391.2281,392.5036
Kuwait,Farm-gate emissions,Emissions (CO2eq) (AR5),kilotonnes,958.4888,871.3088,952.8634,1176.8406,1178.0746,1530.4866,1647.9919,1544.4798,1794.1238,2023.5054,1902.0197,1852.8693,1964.9267,1814.8769,1694.058,1663.8998,1606.8595,1559.6798,1560.1781,1556.1919,1552.5948
Kuwait,Land Use change,Emissions (CH4),kilotonnes,0,0,0,0,0,0,0,0,0,0,0,0,0,0,0,0,0,0,0,0,0
Kuwait,Land Use change,Emissions (N2O),kilotonnes,0,0,0,0,0,0,0,0,0,0,0,0,0,0,0,0,0,0,0,0,0
Kuwait,Land Use change,Emissions (CO2),kilotonnes,0,0,0,0,0,0,0,0,0,0,0,0,0,0,0,0,0,0,0,0,0
Kuwait,Land Use change,Emissions (CO2eq) from CH4 (AR5),kilotonnes,0,0,0,0,0,0,0,0,0,0,0,0,0,0,0,0,0,0,0,0,0
Kuwait,Land Use change,Emissions (CO2eq) from N2O (AR5),kilotonnes,0,0,0,0,0,0,0,0,0,0,0,0,0,0,0,0,0,0,0,0,0
Kuwait,Land Use change,Emissions (CO2eq) (AR5),kilotonnes,0,0,0,0,0,0,0,0,0,0,0,0,0,0,0,0,0,0,0,0,0
Kuwait,Emissions on agricultural land,Emissions (CH4),kilotonnes,5.5667,3.8436,5.0614,5.5178,4.7612,4.765,4.8995,5.2329,5.6254,6.1301,5.9222,5.5889,5.5955,5.9156,6.615,6.5291,7.1125,7.3071,7.5222,8.2731,8.0991
Kuwait,Emissions on agricultural land,Emissions (N2O),kilotonnes,0.7105,0.6405,0.7431,0.8117,0.7706,0.8558,0.9109,0.9344,1.1163,1.275,1.151,1.2266,1.3368,1.3238,1.3209,1.3942,1.3841,1.4294,1.4289,1.4763,1.4811
Kuwait,Emissions on agricultural land,Emissions (CO2),kilotonnes,614.3459,593.9654,614.2193,807.2452,840.5628,1170.2841,1269.4165,1150.3366,1340.7804,1513.9982,1431.1757,1371.33,1454.0123,1298.4294,1158.7961,1111.6206,1040.9163,976.2922,970.8958,933.3157,933.3157
Kuwait,Emissions on agricultural land,Emissions (CO2eq) from CH4 (AR5),kilotonnes,155.8674,107.6222,141.7201,154.4971,133.314,133.4204,137.1873,146.5207,157.5114,171.6416,165.8205,156.4899,156.6736,165.6379,185.2208,182.8141,199.1502,204.5988,210.6215,231.6482,226.7754
Kuwait,Emissions on agricultural land,Emissions (CO2eq) from N2O (AR5),kilotonnes,188.2756,169.7212,196.924,215.0982,204.1978,226.7822,241.3881,247.6226,295.832,337.8656,305.0234,325.0493,354.2409,350.8097,350.0411,369.4652,366.7931,378.7888,378.6608,391.2281,392.5036
Kuwait,Emissions on agricultural land,Emissions (CO2eq) (AR5),kilotonnes,958.4888,871.3088,952.8634,1176.8406,1178.0746,1530.4866,1647.9919,1544.4798,1794.1238,2023.5054,1902.0197,1852.8693,1964.9267,1814.8769,1694.058,1663.8998,1606.8595,1559.6798,1560.1781,1556.1919,1552.5948
Kuwait,Pre- and post- production,Emissions (CH4),kilotonnes,53.3687,53.3288,53.9024,55.6216,55.191,56.2219,57.3174,58.2274,58.9705,59.8953,60.7803,61.6228,62.0014,62.5076,63.5497,64.546,65.149,65.6564,66.006,66.4369,66.6179
Kuwait,Pre- and post- production,Emissions (N2O),kilotonnes,0.1356,0.1397,0.134,0.1452,0.152,0.1642,0.1686,0.1768,0.1776,0.1844,0.1905,0.1916,0.1894,0.2064,0.2055,0.2144,0.2193,0.2174,0.2171,0.2255,0.2253
Kuwait,Pre- and post- production,Emissions (CO2),kilotonnes,2587.3167,2660.2263,2741.2806,3041.1417,3120.3629,3300.5967,3555.4957,3629.7016,3922.471,4165.9321,4414.3713,4453.6645,4318.3766,4278.1443,4475.7099,4719.4144,4846.0844,4934.4337,4954.9571,5181.2685,4784.0302
Kuwait,Pre- and post- production,Emissions (CO2eq) from F-gases (AR5),kilotonnes,168.318,231.697,322.6095,407.8075,498.72,571.9695,649.8945,727.8195,737.1705,742.3655,744.963,746.5215,747.5605,748.5995,748.5995,748.5995,818.732,836.9145,854.5775,872.76,898.6836
Kuwait,Pre- and post- production,Emissions (CO2eq) from CH4 (AR5),kilotonnes,1494.3233,1493.2075,1509.2673,1557.405,1545.3478,1574.213,1604.886,1630.3679,1651.1728,1677.0677,1701.8473,1725.4392,1736.0402,1750.2115,1779.3927,1807.2878,1824.1717,1838.3791,1848.1691,1860.2334,1865.3002
Kuwait,Pre- and post- production,Emissions (CO2eq) from N2O (AR5),kilotonnes,35.945,37.0082,35.5108,38.4683,40.2774,43.5141,44.6895,46.8415,47.0556,48.8731,50.4819,50.7815,50.1866,54.687,54.4461,56.8266,58.1044,57.6035,57.5427,59.7655,59.7174
Kuwait,Pre- and post- production,Emissions (CO2eq) (AR5),kilotonnes,4285.903,4422.139,4608.6681,5044.8225,5204.7081,5490.2933,5854.9657,6034.7305,6357.8698,6634.2384,6911.6634,6976.4067,6852.1639,6831.6422,7058.1483,7332.1284,7547.0925,7667.3308,7715.2465,7974.0274,7607.7314
Kuwait,Agri-food systems,Emissions (CH4),kilotonnes,58.9354,57.1725,58.9638,61.1394,59.9522,60.9869,62.2169,63.4603,64.5959,66.0253,66.7024,67.2118,67.5969,68.4232,70.1648,71.0751,72.2615,72.9635,73.5282,74.7101,74.717
Kuwait,Agri-food systems,Emissions (N2O),kilotonnes,0.8461,0.7801,0.8771,0.9569,0.9225,1.02,1.0795,1.1112,1.2939,1.4594,1.3415,1.4182,1.5261,1.5302,1.5264,1.6086,1.6034,1.6468,1.6461,1.7019,1.7065
Kuwait,Agri-food systems,Emissions (CO2),kilotonnes,3201.6626,3254.1917,3355.4998,3848.3869,3960.9258,4470.8808,4824.9122,4780.0382,5263.2513,5679.9302,5845.547,5824.9945,5772.3888,5576.5736,5634.5061,5831.035,5887.0007,5910.7258,5925.8529,6114.5842,5717.3459
Kuwait,Agri-food systems,Emissions (CO2eq) from F-gases (AR5),kilotonnes,168.318,231.697,322.6095,407.8075,498.72,571.9695,649.8945,727.8195,737.1705,742.3655,744.963,746.5215,747.5605,748.5995,748.5995,748.5995,818.732,836.9145,854.5775,872.76,898.6836
Kuwait,Agri-food systems,Emissions (CO2eq) from CH4 (AR5),kilotonnes,1650.1907,1600.8297,1650.9874,1711.9022,1678.6618,1707.6334,1742.0732,1776.8886,1808.6842,1848.7093,1867.6678,1881.9292,1892.7138,1915.8494,1964.6135,1990.1019,2023.3218,2042.9779,2058.7906,2091.8816,2092.0757
Kuwait,Agri-food systems,Emissions (CO2eq) from N2O (AR5),kilotonnes,224.2205,206.7294,232.4348,253.5665,244.4751,270.2962,286.0777,294.464,342.8876,386.7387,355.5053,375.8308,404.4274,405.4967,404.4872,426.2918,424.8974,436.3923,436.2035,450.9936,452.221
Kuwait,Agri-food systems,Emissions (CO2eq) (AR5),kilotonnes,5244.3918,5293.4478,5561.5315,6221.663,6382.7827,7020.7799,7502.9576,7579.2103,8151.9936,8657.7437,8813.6831,8829.276,8817.0906,8646.5192,8752.2062,8996.0282,9153.952,9227.0106,9275.4245,9530.2193,9160.3262
Kuwait,IPCC Agriculture,Emissions (CH4),kilotonnes,5.4436,3.7241,4.9416,5.3813,4.6152,4.5916,4.7197,5.0643,5.4459,5.9429,5.7333,5.4097,5.4079,5.7339,6.4506,6.3682,6.9642,7.1683,7.3894,8.1466,7.9726
Kuwait,IPCC Agriculture,Emissions (CH4),kilotonnes,,,,,,,,,,,,,,,,,6.57,,,,
Kuwait,IPCC Agriculture,Direct emissions (N2O),kilotonnes,0.4651,0.4143,0.4835,0.5122,0.4778,0.5168,0.5067,0.5132,0.5802,0.6247,0.5398,0.6222,0.68,0.7042,0.7123,0.7791,0.7831,0.8303,0.8274,0.8699,0.8733
Kuwait,IPCC Agriculture,Indirect emissions (N2O),kilotonnes,0.1429,0.1192,0.1424,0.1518,0.138,0.1472,0.1445,0.1478,0.166,0.1785,0.1574,0.1763,0.1911,0.2016,0.2076,0.2226,0.2277,0.2392,0.2399,0.2528,0.2532
Kuwait,IPCC Agriculture,Emissions (N2O),kilotonnes,0.631,0.5572,0.6521,0.691,0.6425,0.6943,0.6802,0.6895,0.7798,0.8393,0.7262,0.8357,0.9131,0.9466,0.9587,1.0474,1.0562,1.1179,1.115,1.1721,1.1769
Kuwait,IPCC Agriculture,Emissions (N2O),kilotonnes,,,,,,,,,,,,,,,,,0.013,,,,
Kuwait,IPCC Agriculture,Emissions (CO2eq) from CH4 (AR5),kilotonnes,152.4219,104.2744,138.3636,150.6767,129.2268,128.5646,132.152,141.8015,152.486,166.4024,160.5329,151.4722,151.4215,160.5504,180.6182,178.3106,194.9987,200.7123,206.9026,228.106,223.2333
Kuwait,IPCC Agriculture,Emissions (CO2eq) from CH4 (AR5),kilotonnes,,,,,,,,,,,,,,,,,183.96,,,,
Kuwait,IPCC Agriculture,Emissions (CO2eq) from N2O (AR5),kilotonnes,167.218,147.6641,172.7967,183.1267,170.2709,183.9959,180.2403,182.7045,206.6369,222.4235,192.4376,221.4732,241.9831,250.8372,254.051,277.5545,279.8831,296.235,295.4723,310.5999,311.8754
Kuwait,IPCC Agriculture,Emissions (CO2eq) from N2O (AR5),kilotonnes,,,,,,,,,,,,,,,,,3.445,,,,
Kuwait,IPCC Agriculture,Emissions (CO2eq) (AR5),kilotonnes,319.6398,251.9384,311.1603,333.8034,299.4977,312.5605,312.3923,324.506,359.1229,388.8259,352.9705,372.9454,393.4046,411.3876,434.6691,455.8651,474.8818,496.9472,502.3749,538.7059,535.1087
Kuwait,IPCC Agriculture,Emissions (CO2eq) (AR5),kilotonnes,,,,,,,,,,,,,,,,,187.405,,,,
Kuwait,Agricultural Soils,Direct emissions (N2O),kilotonnes,0.4651,0.4143,0.4835,0.5122,0.4778,0.5168,0.5067,0.5132,0.5802,0.6247,0.5398,0.6222,0.68,0.7042,0.7123,0.7791,0.7831,0.8303,0.8274,0.8699,0.8733
Kuwait,Agricultural Soils,Indirect emissions (N2O),kilotonnes,0.1429,0.1192,0.1424,0.1518,0.138,0.1472,0.1445,0.1478,0.166,0.1785,0.1574,0.1763,0.1911,0.2016,0.2076,0.2226,0.2277,0.2392,0.2399,0.2528,0.2532
Kuwait,Agricultural Soils,Emissions (N2O),kilotonnes,0.608,0.5335,0.6259,0.6639,0.6158,0.664,0.6512,0.6609,0.7463,0.8032,0.6972,0.7985,0.8711,0.9058,0.9199,1.0017,1.0109,1.0695,1.0673,1.1227,1.1265
Kuwait,Agricultural Soils,Emissions (N2O),kilotonnes,,,,,,,,,,,,,,,,,,,,,
Kuwait,Agricultural Soils,Emissions (CO2eq) from N2O (AR5),kilotonnes,161.1167,141.3713,165.8665,175.94,163.1918,175.9615,172.5584,175.1507,197.7587,212.8377,184.7671,211.5972,230.8505,240.0314,243.7764,265.4432,267.8809,283.4293,282.8262,297.5223,298.5225
Kuwait,Agricultural Soils,Emissions (CO2eq) from N2O (AR5),kilotonnes,,,,,,,,,,,,,,,,,,,,,
Kuwait,Agricultural Soils,Emissions (CO2eq) (AR5),kilotonnes,161.1167,141.3713,165.8665,175.94,163.1918,175.9615,172.5584,175.1507,197.7587,212.8377,184.7671,211.5972,230.8505,240.0314,243.7764,265.4432,267.8809,283.4293,282.8262,297.5223,298.5225
Kuwait,Agricultural Soils,Emissions (CO2eq) (AR5),kilotonnes,,,,,,,,,,,,,,,,,,,,,
Kuwait,LULUCF,Emissions (CH4),kilotonnes,0,0,0,0,0,0,0,0,0,0,0,0,0,0,0,0,0,0,0,0,0
Kuwait,LULUCF,Emissions (N2O),kilotonnes,0,0,0,0,0,0,0,0,0,0,0,0,0,0,0,0,0,0,0,0,0
Kuwait,LULUCF,Emissions (N2O),kilotonnes,,,,,,,,,,,,,,,,,0.031,,,,
Kuwait,LULUCF,Emissions (CO2),kilotonnes,-19.0487,-22.9986,-22.9986,-22.9986,-22.9986,-22.9986,-22.9986,-22.9986,-22.9986,-22.9986,-22.9986,-10.2201,-10.2201,-10.2201,-10.2201,-10.2201,-2.9768,-2.9768,-2.9768,-2.9768,-2.9768
Kuwait,LULUCF,Emissions (CO2),kilotonnes,,,,,,,,,,,,,,,,,-10.429,,,,
Kuwait,LULUCF,Emissions (CO2eq) from CH4 (AR5),kilotonnes,0,0,0,0,0,0,0,0,0,0,0,0,0,0,0,0,0,0,0,0,0
Kuwait,LULUCF,Emissions (CO2eq) from N2O (AR5),kilotonnes,0,0,0,0,0,0,0,0,0,0,0,0,0,0,0,0,0,0,0,0,0
Kuwait,LULUCF,Emissions (CO2eq) (AR5),kilotonnes,-19.0487,-22.9986,-22.9986,-22.9986,-22.9986,-22.9986,-22.9986,-22.9986,-22.9986,-22.9986,-22.9986,-10.2201,-10.2201,-10.2201,-10.2201,-10.2201,-2.9768,-2.9768,-2.9768,-2.9768,-2.9768
Kuwait,LULUCF,Emissions (CO2eq) (AR5),kilotonnes,,,,,,,,,,,,,,,,,-10.429,,,,
Kuwait,AFOLU,Emissions (CH4),kilotonnes,5.4436,3.7241,4.9416,5.3813,4.6152,4.5916,4.7197,5.0643,5.4459,5.9429,5.7333,5.4097,5.4079,5.7339,6.4506,6.3682,6.9642,7.1683,7.3894,8.1466,7.9726
Kuwait,AFOLU,Emissions (N2O),kilotonnes,0.631,0.5572,0.6521,0.691,0.6425,0.6943,0.6802,0.6895,0.7798,0.8393,0.7262,0.8357,0.9131,0.9466,0.9587,1.0474,1.0562,1.1179,1.115,1.1721,1.1769
Kuwait,AFOLU,Emissions (CO2),kilotonnes,-19.0487,-22.9986,-22.9986,-22.9986,-22.9986,-22.9986,-22.9986,-22.9986,-22.9986,-22.9986,-22.9986,-10.2201,-10.2201,-10.2201,-10.2201,-10.2201,-2.9768,-2.9768,-2.9768,-2.9768,-2.9768
Kuwait,AFOLU,Emissions (CO2eq) from CH4 (AR5),kilotonnes,152.4219,104.2744,138.3636,150.6767,129.2268,128.5646,132.152,141.8015,152.486,166.4024,160.5329,151.4722,151.4215,160.5504,180.6182,178.3106,194.9987,200.7123,206.9026,228.106,223.2333
Kuwait,AFOLU,Emissions (CO2eq) from N2O (AR5),kilotonnes,167.218,147.6641,172.7967,183.1267,170.2709,183.9959,180.2403,182.7045,206.6369,222.4235,192.4376,221.4732,241.9831,250.8372,254.051,277.5545,279.8831,296.235,295.4723,310.5999,311.8754
Kuwait,AFOLU,Emissions (CO2eq) (AR5),kilotonnes,300.5912,228.9398,288.1617,310.8048,276.499,289.5619,289.3936,301.5074,336.1242,365.8273,329.9719,362.7253,383.1845,401.1675,424.449,445.6449,471.905,493.9704,499.398,535.729,532.1319
Kuwait,All sectors with LULUCF,Emissions (CH4),kilotonnes,979.6386,922.9381,933.1796,1133.6423,1131.9022,1209.9086,1219.0647,1155.4383,1118.8479,1026.3739,1035.1923,1146.8977,1242.9239,1250.2789,1233.9956,1267.9132,1310.5092,1255.7133,1250.9344,1276.7646,1286.6106
Kuwait,All sectors with LULUCF,Emissions (N2O),kilotonnes,2.282,2.2802,2.4471,2.504,2.5025,2.7563,2.7832,2.7925,2.9268,3.1753,2.9512,3.0507,3.0881,3.3566,3.3357,3.5984,3.6382,3.6039,3.603,3.7851,3.8329
Kuwait,All sectors with LULUCF,Emissions (CO2),kilotonnes,55750.9513,60237.0014,62017.0014,64187.0014,67557.0014,76387.0014,78137.0014,79947.0014,86777.0014,91007.0014,93267.0014,90799.7799,104649.7799,101159.7799,96019.7799,101019.7799,107257.0232,110027.0232,111427.0232,114427.0232,106257.0232
Kuwait,All sectors with LULUCF,Emissions (CO2eq) from F-gases (AR5),kilotonnes,1166.1055,1234.1283,1311.8687,1409.0441,1515.9371,1622.8302,1778.3109,1924.0741,2079.5548,2235.0355,2390.5163,2254.4706,2341.9285,2429.3865,2516.8444,2604.3023,2682.0426,2769.5006,2856.9585,2944.4164,3031.8743
Kuwait,All sectors with LULUCF,Emissions (CO2eq) from CH4 (AR5),kilotonnes,27429.8819,25842.2664,26129.0276,31741.9847,31693.2628,33877.4406,34133.812,32352.2735,31327.742,28738.4704,28985.3849,32113.1362,34801.8695,35007.8104,34551.8782,35501.5706,36694.2587,35159.9723,35026.1626,35749.41,36025.0973
Kuwait,All sectors with LULUCF,Emissions (CO2eq) from N2O (AR5),kilotonnes,604.733,604.2591,648.4717,663.5717,663.1709,730.4259,737.5353,739.9995,775.5919,841.4635,782.0626,808.4482,818.3581,889.4872,883.956,953.5695,964.1131,955.025,954.7923,1003.0449,1015.7154
Kuwait,All sectors with LULUCF,Emissions (CO2eq) (AR5),kilotonnes,84951.6717,87917.6551,90106.3694,98001.6019,101429.3722,112617.698,114786.6595,114963.3484,120959.8901,122821.9708,125424.9651,125975.8349,142611.936,139486.464,133972.4584,140079.2222,147597.4376,148911.5209,150264.9365,154123.8944,146329.7102
Kuwait,All sectors without LULUCF,Emissions (CH4),kilotonnes,979.6386,922.9381,933.1796,1133.6423,1131.9022,1209.9086,1219.0647,1155.4383,1118.8479,1026.3739,1035.1923,1146.8977,1242.9239,1250.2789,1233.9956,1267.9132,1310.5092,1255.7133,1250.9344,1276.7646,1286.6106
Kuwait,All sectors without LULUCF,Emissions (N2O),kilotonnes,2.282,2.2802,2.4471,2.504,2.5025,2.7563,2.7832,2.7925,2.9268,3.1753,2.9512,3.0507,3.0881,3.3566,3.3357,3.5984,3.6382,3.6039,3.603,3.7851,3.8329
Kuwait,All sectors without LULUCF,Emissions (CO2),kilotonnes,55770,60260,62040,64210,67580,76410,78160,79970,86800,91030,93290,90810,104660,101170,96030,101030,107260,110030,111430,114430,106260
Kuwait,All sectors without LULUCF,Emissions (CO2eq) from F-gases (AR5),kilotonnes,1166.1055,1234.1283,1311.8687,1409.0441,1515.9371,1622.8302,1778.3109,1924.0741,2079.5548,2235.0355,2390.5163,2254.4706,2341.9285,2429.3865,2516.8444,2604.3023,2682.0426,2769.5006,2856.9585,2944.4164,3031.8743
Kuwait,All sectors without LULUCF,Emissions (CO2eq) from CH4 (AR5),kilotonnes,27429.8819,25842.2664,26129.0276,31741.9847,31693.2628,33877.4406,34133.812,32352.2735,31327.742,28738.4704,28985.3849,32113.1362,34801.8695,35007.8104,34551.8782,35501.5706,36694.2587,35159.9723,35026.1626,35749.41,36025.0973
Kuwait,All sectors without LULUCF,Emissions (CO2eq) from N2O (AR5),kilotonnes,604.733,604.2591,648.4717,663.5717,663.1709,730.4259,737.5353,739.9995,775.5919,841.4635,782.0626,808.4482,818.3581,889.4872,883.956,953.5695,964.1131,955.025,954.7923,1003.0449,1015.7154
Kuwait,All sectors without LULUCF,Emissions (CO2eq) (AR5),kilotonnes,84970.7203,87940.6538,90129.368,98024.6005,101452.3708,112640.6966,114809.6582,114986.3471,120982.8887,122844.9695,125447.9638,125986.0551,142622.1562,139496.6841,133982.6785,140089.4424,147600.4145,148914.4978,150267.9133,154126.8712,146332.687
Kyrgyzstan,Crop Residues,Direct emissions (N2O),kilotonnes,0.3401,0.3862,0.3717,0.3627,0.3748,0.3554,0.3388,0.3255,0.331,0.4065,0.3407,0.343,0.3067,0.3769,0.3102,0.3782,0.3769,0.3692,0.3797,0.3823,0.3954
Kyrgyzstan,Crop Residues,Indirect emissions (N2O),kilotonnes,0.0765,0.0869,0.0836,0.0816,0.0843,0.08,0.0762,0.0732,0.0745,0.0915,0.0767,0.0772,0.069,0.0848,0.0698,0.0851,0.0848,0.0831,0.0854,0.086,0.089
Kyrgyzstan,Crop Residues,Emissions (N2O),kilotonnes,0.4166,0.4731,0.4553,0.4443,0.4592,0.4354,0.415,0.3987,0.4054,0.498,0.4174,0.4201,0.3757,0.4617,0.38,0.4633,0.4617,0.4522,0.4651,0.4683,0.4844
Kyrgyzstan,Crop Residues,Emissions (CO2eq) from N2O (AR5),kilotonnes,110.4119,125.3586,120.6535,117.7356,121.6837,115.3698,109.9833,105.6529,107.4407,131.9739,110.6101,111.3361,99.5496,122.3624,100.6956,122.7683,122.343,119.8457,123.2628,124.1054,128.3709
Kyrgyzstan,Crop Residues,Emissions (CO2eq) (AR5),kilotonnes,110.4119,125.3586,120.6535,117.7356,121.6837,115.3698,109.9833,105.6529,107.4407,131.9739,110.6101,111.3361,99.5496,122.3624,100.6956,122.7683,122.343,119.8457,123.2628,124.1054,128.3709
Kyrgyzstan,Rice Cultivation,Emissions (CH4),kilotonnes,1.3691,1.2188,1.4619,1.3408,1.3417,1.2709,1.388,1.3443,1.3628,1.3777,1.3922,1.3823,1.5738,1.7373,1.772,1.8927,2.1769,2.3527,2.4939,2.4846,2.6216
Kyrgyzstan,Rice Cultivation,Emissions (CO2eq) from CH4 (AR5),kilotonnes,38.3358,34.1261,40.9329,37.5418,37.5665,35.5847,38.865,37.6403,38.1573,38.5758,38.982,38.705,44.0655,48.6444,49.6168,52.9955,60.9532,65.8767,69.8278,69.5693,73.4035
Kyrgyzstan,Rice Cultivation,Emissions (CO2eq) (AR5),kilotonnes,38.3358,34.1261,40.9329,37.5418,37.5665,35.5847,38.865,37.6403,38.1573,38.5758,38.982,38.705,44.0655,48.6444,49.6168,52.9955,60.9532,65.8767,69.8278,69.5693,73.4035
Kyrgyzstan,Burning - Crop residues,Emissions (CH4),kilotonnes,0.6472,0.7211,0.7299,0.6487,0.6494,0.6611,0.643,0.5974,0.6376,0.6562,0.611,0.6126,0.6152,0.634,0.6265,0.6102,0.5814,0.5594,0.5746,0.5624,0.5681
Kyrgyzstan,Burning - Crop residues,Emissions (CH4),kilotonnes,0.2968,0.3372,0.3283,0.3055,0.3136,0.2968,0.2703,0.2468,0.2523,0.3409,0.2705,,,,,,,,,,
Kyrgyzstan,Burning - Crop residues,Emissions (N2O),kilotonnes,0.0168,0.0187,0.0189,0.0168,0.0168,0.0171,0.0167,0.0155,0.0165,0.017,0.0158,0.0159,0.016,0.0164,0.0162,0.0158,0.0151,0.0145,0.0149,0.0146,0.0147
Kyrgyzstan,Burning - Crop residues,Emissions (N2O),kilotonnes,0.008,0.0091,0.0088,0.0084,0.0087,0.0082,0.0076,0.007,0.0071,0.0095,0.0076,,,,,,,,,,
Kyrgyzstan,Burning - Crop residues,Emissions (CO2eq) from CH4 (AR5),kilotonnes,18.1218,20.1905,20.4371,18.1636,18.1823,18.5118,18.003,16.7276,17.8529,18.3744,17.1077,17.1514,17.2266,17.7519,17.5412,17.0856,16.2797,15.6644,16.0896,15.7473,15.9062
Kyrgyzstan,Burning - Crop residues,Emissions (CO2eq) from CH4 (AR5),kilotonnes,8.3104,9.4416,9.1924,8.554,8.7808,8.3104,7.5684,6.9104,7.0644,9.5452,7.574,,,,,,,,,,
Kyrgyzstan,Burning - Crop residues,Emissions (CO2eq) from N2O (AR5),kilotonnes,4.4465,4.9542,5.0147,4.4568,4.4614,4.5423,4.4174,4.1045,4.3806,4.5085,4.1977,4.2085,4.2269,4.3558,4.3041,4.1923,3.9946,3.8436,3.9479,3.8639,3.9029
Kyrgyzstan,Burning - Crop residues,Emissions (CO2eq) from N2O (AR5),kilotonnes,2.12,2.4115,2.332,2.226,2.3055,2.173,2.014,1.855,1.8815,2.5175,2.014,,,,,,,,,,
Kyrgyzstan,Burning - Crop residues,Emissions (CO2eq) (AR5),kilotonnes,22.5683,25.1447,25.4518,22.6205,22.6437,23.0541,22.4204,20.832,22.2335,22.883,21.3055,21.3599,21.4535,22.1077,21.8453,21.2779,20.2742,19.508,20.0375,19.6112,19.8091
Kyrgyzstan,Burning - Crop residues,Emissions (CO2eq) (AR5),kilotonnes,10.4304,11.8531,11.5244,10.78,11.0863,10.4834,9.5824,8.7654,8.9459,12.0627,9.588,,,,,,,,,,
Kyrgyzstan,Enteric Fermentation,Emissions (CH4),kilotonnes,80.5271,81.4967,82.5131,83.8246,83.4275,85.8348,88.7142,92.0584,96.1025,104.9752,107.8025,111.1442,113.7437,117.4668,121.8162,123.7379,126.7267,129.6623,133.238,137.1321,140.0251
Kyrgyzstan,Enteric Fermentation,Emissions (CH4),kilotonnes,92.8576,94.1466,95.7711,95.6302,98.3188,101.553,105.479,110.134,115.467,121.011,123.724,,,,,,,,,,
Kyrgyzstan,Enteric Fermentation,Emissions (CO2eq) from CH4 (AR5),kilotonnes,2254.7587,2281.9072,2310.3663,2347.0897,2335.971,2403.3746,2483.9977,2577.6346,2690.8696,2939.3062,3018.4687,3112.0387,3184.8247,3289.0716,3410.8546,3464.6626,3548.3467,3630.5436,3730.6641,3839.6999,3920.7019
Kyrgyzstan,Enteric Fermentation,Emissions (CO2eq) from CH4 (AR5),kilotonnes,2600.0128,2636.1048,2681.5908,2677.6456,2752.9264,2843.484,2953.412,3083.752,3233.076,3388.308,3464.272,,,,,,,,,,
Kyrgyzstan,Enteric Fermentation,Emissions (CO2eq) (AR5),kilotonnes,2254.7587,2281.9072,2310.3663,2347.0897,2335.971,2403.3746,2483.9977,2577.6346,2690.8696,2939.3062,3018.4687,3112.0387,3184.8247,3289.0716,3410.8546,3464.6626,3548.3467,3630.5436,3730.6641,3839.6999,3920.7019
Kyrgyzstan,Enteric Fermentation,Emissions (CO2eq) (AR5),kilotonnes,2600.0128,2636.1048,2681.5908,2677.6456,2752.9264,2843.484,2953.412,3083.752,3233.076,3388.308,3464.272,,,,,,,,,,
Kyrgyzstan,Manure Management,Emissions (CH4),kilotonnes,6.0183,6.1242,6.2036,6.3222,6.1967,6.3535,6.587,6.834,7.0848,7.4695,7.7497,7.8426,8.0222,8.3614,8.6583,8.5687,8.8794,9.0459,9.2816,9.5225,9.9049
Kyrgyzstan,Manure Management,Emissions (CH4),kilotonnes,5.0291,5.1098,5.2132,5.1235,5.2634,5.4054,5.596,5.8093,6.0589,6.3287,6.3981,,,,,,,,,,
Kyrgyzstan,Manure Management,Emissions (N2O),kilotonnes,0.5388,0.5441,0.5535,0.5633,0.5761,0.5942,0.6139,0.6378,0.6679,0.7386,0.7476,0.777,0.792,0.8092,0.8409,0.8715,0.8874,0.9169,0.9473,0.9765,0.9867
Kyrgyzstan,Manure Management,Emissions (CO2eq) from CH4 (AR5),kilotonnes,168.5124,171.4786,173.7009,177.0215,173.508,177.8973,184.437,191.3518,198.3744,209.1472,216.9907,219.5928,224.6225,234.1199,242.4323,239.9232,248.6221,253.2839,259.885,266.6313,277.3376
Kyrgyzstan,Manure Management,Emissions (CO2eq) from CH4 (AR5),kilotonnes,140.8148,143.0744,145.9696,143.458,147.3752,151.3512,156.688,162.6604,169.6492,177.2036,179.1468,,,,,,,,,,
Kyrgyzstan,Manure Management,Emissions (CO2eq) from N2O (AR5),kilotonnes,142.7692,144.1942,146.6644,149.2713,152.6758,157.4644,162.6711,169.0129,177.0028,195.7393,198.1089,205.9134,209.875,214.4248,222.8326,230.9383,235.1725,242.9813,251.0312,258.7786,261.4863
Kyrgyzstan,Manure Management,Emissions (CO2eq) (AR5),kilotonnes,311.2816,315.6728,320.3653,326.2928,326.1838,335.3617,347.108,360.3647,375.3772,404.8865,415.0997,425.5061,434.4974,448.5447,465.2649,470.8615,483.7946,496.2653,510.9161,525.4099,538.8239
Kyrgyzstan,Manure Management,Emissions (CO2eq) (AR5),kilotonnes,140.8148,143.0744,145.9696,143.458,147.3752,151.3512,156.688,162.6604,169.6492,177.2036,179.1468,,,,,,,,,,
Kyrgyzstan,Manure left on Pasture,Direct emissions (N2O),kilotonnes,1.3785,1.3916,1.3998,1.4202,1.4173,1.4601,1.4959,1.5502,1.6181,1.783,1.8323,1.9046,1.941,2.0011,2.0678,2.1139,2.1522,2.1927,2.2457,2.306,2.3292
Kyrgyzstan,Manure left on Pasture,Indirect emissions (N2O),kilotonnes,0.4759,0.4797,0.4803,0.4865,0.4815,0.4958,0.5068,0.5248,0.5474,0.6041,0.623,0.6484,0.6614,0.6831,0.7051,0.7191,0.7316,0.7426,0.7586,0.7776,0.7846
Kyrgyzstan,Manure left on Pasture,Emissions (N2O),kilotonnes,1.8544,1.8714,1.8802,1.9066,1.8988,1.9559,2.0027,2.075,2.1655,2.387,2.4553,2.553,2.6024,2.6842,2.7729,2.833,2.8838,2.9353,3.0043,3.0836,3.1137
Kyrgyzstan,Manure left on Pasture,Emissions (CO2eq) from N2O (AR5),kilotonnes,491.4119,495.9101,498.2442,505.262,503.1753,518.3029,530.72,549.8789,573.8596,632.5596,650.6458,676.5399,689.6383,711.3205,734.8167,750.7398,764.2132,777.8441,796.1313,817.1589,825.1391
Kyrgyzstan,Manure left on Pasture,Emissions (CO2eq) (AR5),kilotonnes,491.4119,495.9101,498.2442,505.262,503.1753,518.3029,530.72,549.8789,573.8596,632.5596,650.6458,676.5399,689.6383,711.3205,734.8167,750.7398,764.2132,777.8441,796.1313,817.1589,825.1391
Kyrgyzstan,Manure applied to Soils,Direct emissions (N2O),kilotonnes,0.4511,0.4559,0.4607,0.4688,0.4644,0.4777,0.4941,0.5139,0.5363,0.5799,0.5997,0.6156,0.6288,0.6522,0.6771,0.6836,0.7029,0.7188,0.7384,0.7586,0.7774
Kyrgyzstan,Manure applied to Soils,Indirect emissions (N2O),kilotonnes,0.1917,0.1938,0.1958,0.1992,0.1974,0.203,0.21,0.2184,0.2279,0.2464,0.2549,0.2616,0.2673,0.2772,0.2878,0.2905,0.2988,0.3055,0.3138,0.3224,0.3304
Kyrgyzstan,Manure applied to Soils,Emissions (N2O),kilotonnes,0.6428,0.6497,0.6564,0.668,0.6618,0.6807,0.704,0.7323,0.7642,0.8263,0.8545,0.8772,0.8961,0.9294,0.9649,0.9741,1.0017,1.0243,1.0522,1.081,1.1078
Kyrgyzstan,Manure applied to Soils,Emissions (CO2eq) from N2O (AR5),kilotonnes,170.3404,172.1668,173.9549,177.0259,175.3777,180.3898,186.5703,194.0473,202.5044,218.9753,226.4469,232.4494,237.4656,246.3028,255.7004,258.1332,265.4486,271.4277,278.8244,286.4525,293.5778
Kyrgyzstan,Manure applied to Soils,Emissions (CO2eq) (AR5),kilotonnes,170.3404,172.1668,173.9549,177.0259,175.3777,180.3898,186.5703,194.0473,202.5044,218.9753,226.4469,232.4494,237.4656,246.3028,255.7004,258.1332,265.4486,271.4277,278.8244,286.4525,293.5778
Kyrgyzstan,Synthetic Fertilizers,Direct emissions (N2O),kilotonnes,0.4345,0.4305,0.1451,0.4932,0.4279,0.465,0.4218,0.4108,0.354,0.4068,0.4041,0.3527,0.4228,0.4577,0.5618,0.2009,0.2213,0.1463,0.3921,0.3893,0.4075
Kyrgyzstan,Synthetic Fertilizers,Indirect emissions (N2O),kilotonnes,0.1412,0.1399,0.0471,0.1603,0.1391,0.1511,0.1371,0.1335,0.1151,0.1322,0.1313,0.1146,0.1374,0.1487,0.1826,0.0653,0.0719,0.0476,0.1274,0.1265,0.1324
Kyrgyzstan,Synthetic Fertilizers,Emissions (N2O),kilotonnes,0.5758,0.5704,0.1922,0.6534,0.567,0.6161,0.5589,0.5443,0.4691,0.539,0.5354,0.4674,0.5603,0.6064,0.7443,0.2662,0.2933,0.1939,0.5196,0.5158,0.5399
Kyrgyzstan,Synthetic Fertilizers,Emissions (CO2eq) from N2O (AR5),kilotonnes,152.5804,151.1623,50.9392,173.1613,150.2574,163.2626,148.1055,144.2376,124.3133,142.8361,141.8816,123.8553,148.4697,160.6969,197.246,70.5492,77.7201,51.3802,137.6826,136.6928,143.0729
Kyrgyzstan,Synthetic Fertilizers,Emissions (CO2eq) (AR5),kilotonnes,152.5804,151.1623,50.9392,173.1613,150.2574,163.2626,148.1055,144.2376,124.3133,142.8361,141.8816,123.8553,148.4697,160.6969,197.246,70.5492,77.7201,51.3802,137.6826,136.6928,143.0729
Kyrgyzstan,Drained organic soils,Emissions (CO2eq) (AR5),kilotonnes,0,0,0,0,0,0,0,0,0,0,0,0,0,0,0,0,0,0,0,0,0
Kyrgyzstan,Drained organic soils (CO2),Emissions (CO2),kilotonnes,0,0,0,0,0,0,0,0,0,0,0,0,0,0,0,0,0,0,0,0,0
Kyrgyzstan,Drained organic soils (CO2),Emissions (CO2eq) (AR5),kilotonnes,0,0,0,0,0,0,0,0,0,0,0,0,0,0,0,0,0,0,0,0,0
Kyrgyzstan,Drained organic soils (N2O),Emissions (N2O),kilotonnes,0,0,0,0,0,0,0,0,0,0,0,0,0,0,0,0,0,0,0,0,0
Kyrgyzstan,Drained organic soils (N2O),Emissions (CO2eq) from N2O (AR5),kilotonnes,0,0,0,0,0,0,0,0,0,0,0,0,0,0,0,0,0,0,0,0,0
Kyrgyzstan,Drained organic soils (N2O),Emissions (CO2eq) (AR5),kilotonnes,0,0,0,0,0,0,0,0,0,0,0,0,0,0,0,0,0,0,0,0,0
Kyrgyzstan,On-farm energy use,Emissions (CH4),kilotonnes,0.1023,0.0318,0.2141,0.2737,0.2471,0.09,0.0822,0.1658,0.2427,0.1283,0.1842,0.1414,0.2716,0.2395,0.1547,0.0696,0.0854,0.0617,0.0549,0.0379,0.0379
Kyrgyzstan,On-farm energy use,Emissions (N2O),kilotonnes,0.0495,0.0584,0.0373,0.0423,0.0595,0.0447,0.0552,0.1103,0.0886,0.0733,0.0786,0.1005,0.0887,0.1242,0.1213,0.116,0.1185,0.0017,0.0041,0.0004,0.0004
Kyrgyzstan,On-farm energy use,Emissions (CO2),kilotonnes,192.7706,179.6478,186.6007,219.4978,252.2042,165.8054,186.2232,346.2456,314.5898,245.3317,281.8361,324.7352,324.0047,402.9913,370.6675,331.971,336.7704,35.9952,39.6736,25.1019,25.1019
Kyrgyzstan,On-farm energy use,Emissions (CO2eq) from CH4 (AR5),kilotonnes,2.8631,0.8894,5.995,7.6631,6.9187,2.5192,2.3008,4.6422,6.7968,3.5927,5.1566,3.959,7.6038,6.7061,4.3327,1.9494,2.391,1.7278,1.5384,1.061,1.061
Kyrgyzstan,On-farm energy use,Emissions (CO2eq) from N2O (AR5),kilotonnes,13.1244,15.4751,9.8789,11.2034,15.7695,11.8521,14.6397,29.2329,23.4745,19.4319,20.8214,26.6243,23.5181,32.9163,32.1565,30.7449,31.4136,0.4494,1.0945,0.0968,0.0968
Kyrgyzstan,On-farm energy use,Emissions (CO2eq) (AR5),kilotonnes,208.758,196.0123,202.4746,238.3643,274.8924,180.1767,203.1637,380.1207,344.8611,268.3564,307.8142,355.3185,355.1266,442.6137,407.1567,364.6653,370.575,38.1724,42.3064,26.2597,26.2597
Kyrgyzstan,Forestland,Emissions (CO2),kilotonnes,-1022.8663,-9.2635,-9.2635,-9.2635,-9.2635,-9.2635,-9.2635,-9.2635,-9.2635,-9.2635,-9.2635,-739.5381,-739.5381,-739.5381,-739.5381,-739.5381,-3266.8381,-3266.8381,-3266.8381,-3266.8381,-3266.8381
Kyrgyzstan,Forestland,Emissions (CO2eq) (AR5),kilotonnes,-1022.8663,-9.2635,-9.2635,-9.2635,-9.2635,-9.2635,-9.2635,-9.2635,-9.2635,-9.2635,-9.2635,-739.5381,-739.5381,-739.5381,-739.5381,-739.5381,-3266.8381,-3266.8381,-3266.8381,-3266.8381,-3266.8381
Kyrgyzstan,Net Forest conversion,Emissions (CO2),kilotonnes,0,0,0,0,0,0,0,0,0,0,0,0,0,0,0,0,0,0,0,0,0
Kyrgyzstan,Net Forest conversion,Emissions (CO2eq) (AR5),kilotonnes,0,0,0,0,0,0,0,0,0,0,0,0,0,0,0,0,0,0,0,0,0
Kyrgyzstan,Savanna fires,Emissions (CH4),kilotonnes,0.1134,0.1348,0.375,0.1537,0.1541,0.1938,0.3627,0.2092,0.1565,0.0185,0.0405,0.0635,0.1271,0.0101,0.0241,0.0122,0.0083,0.0176,0.0375,0.0253,0.0642
Kyrgyzstan,Savanna fires,Emissions (N2O),kilotonnes,0.0104,0.0123,0.0342,0.014,0.0141,0.0177,0.0331,0.0191,0.0143,0.0017,0.0037,0.0058,0.0116,0.0009,0.0022,0.0011,0.0008,0.0016,0.0034,0.0023,0.0059
Kyrgyzstan,Savanna fires,Emissions (CO2eq) from CH4 (AR5),kilotonnes,3.1758,3.7752,10.5005,4.3025,4.3143,5.4265,10.1545,5.8577,4.3821,0.5167,1.1354,1.7768,3.5587,0.2838,0.6754,0.3405,0.2327,0.4938,1.0502,0.7097,1.799
Kyrgyzstan,Savanna fires,Emissions (CO2eq) from N2O (AR5),kilotonnes,2.7443,3.2623,9.0738,3.7179,3.7281,4.6892,8.7748,5.0618,3.7867,0.4465,0.9811,1.5354,3.0752,0.2453,0.5837,0.2943,0.2011,0.4267,0.9075,0.6133,1.5546
Kyrgyzstan,Savanna fires,Emissions (CO2eq) (AR5),kilotonnes,5.9202,7.0375,19.5743,8.0204,8.0424,10.1158,18.9293,10.9195,8.1689,0.9631,2.1165,3.3123,6.6338,0.5291,1.2591,0.6348,0.4338,0.9206,1.9577,1.3229,3.3535
Kyrgyzstan,Fires in organic soils,Emissions (CH4),kilotonnes,0,0,0,0,0,0,0,0,0,0,0,0,0,0,0,0,0,0,0,0,0
Kyrgyzstan,Fires in organic soils,Emissions (CO2),kilotonnes,0,0,0,0,0,0,0,0,0,0,0,0,0,0,0,0,0,0,0,0,0
Kyrgyzstan,Fires in organic soils,Emissions (CO2eq) from CH4 (AR5),kilotonnes,0,0,0,0,0,0,0,0,0,0,0,0,0,0,0,0,0,0,0,0,0
Kyrgyzstan,Fires in organic soils,Emissions (CO2eq) (AR5),kilotonnes,0,0,0,0,0,0,0,0,0,0,0,0,0,0,0,0,0,0,0,0,0
Kyrgyzstan,Forest fires,Emissions (CH4),kilotonnes,0.0067,0,0,0,0,0.0025,0,0,0,0,0,0,0,0,0,0,0,0,0,0,0
Kyrgyzstan,Forest fires,Emissions (N2O),kilotonnes,0.0004,0,0,0,0,0.0002,0,0,0,0,0,0,0,0,0,0,0,0,0,0,0
Kyrgyzstan,Forest fires,Emissions (CO2eq) from CH4 (AR5),kilotonnes,0.1869,0,0,0,0,0.0698,0,0,0,0,0,0,0,0,0,0,0,0,0,0,0
Kyrgyzstan,Forest fires,Emissions (CO2eq) from N2O (AR5),kilotonnes,0.0978,0,0,0,0,0.0603,0,0,0,0,0,0,0,0,0,0,0,0,0,0,0
Kyrgyzstan,Forest fires,Emissions (CO2eq) (AR5),kilotonnes,0.2847,0,0,0,0,0.13,0,0,0,0,0,0,0,0,0,0,0,0,0,0,0
Kyrgyzstan,Fires in humid tropical forests,Emissions (CH4),kilotonnes,0,0,0,0,0,0,0,0,0,0,0,0,0,0,0,0,0,0,0,0,0
Kyrgyzstan,Fires in humid tropical forests,Emissions (N2O),kilotonnes,0,0,0,0,0,0,0,0,0,0,0,0,0,0,0,0,0,0,0,0,0
Kyrgyzstan,Fires in humid tropical forests,Emissions (CO2eq) from CH4 (AR5),kilotonnes,0,0,0,0,0,0,0,0,0,0,0,0,0,0,0,0,0,0,0,0,0
Kyrgyzstan,Fires in humid tropical forests,Emissions (CO2eq) from N2O (AR5),kilotonnes,0,0,0,0,0,0,0,0,0,0,0,0,0,0,0,0,0,0,0,0,0
Kyrgyzstan,Fires in humid tropical forests,Emissions (CO2eq) (AR5),kilotonnes,0,0,0,0,0,0,0,0,0,0,0,0,0,0,0,0,0,0,0,0,0
Kyrgyzstan,Waste - agri-food systems,Emissions (CH4),kilotonnes,19.3386,19.7296,20.3786,20.99,22.1092,22.5031,23.0181,23.9884,24.1631,24.814,24.9136,26.1121,23.6203,27.6684,27.3185,26.4841,25.8814,26.0031,26.1251,26.2523,26.3435
Kyrgyzstan,Waste - agri-food systems,Emissions (N2O),kilotonnes,0.1597,0.1625,0.1625,0.1679,0.1694,0.1747,0.1647,0.1707,0.1694,0.1774,0.1797,0.1796,0.183,0.1847,0.1866,0.184,0.1867,0.1919,0.1956,0.1995,0.2032
Kyrgyzstan,Waste - agri-food systems,Emissions (CO2),kilotonnes,0,0,0,0,0,0,0,0,0,0,0,0,0,0,0,0,0,0,0,0,0
Kyrgyzstan,Waste - agri-food systems,Emissions (CO2eq) from CH4 (AR5),kilotonnes,541.4809,552.4302,570.6001,587.7205,619.0576,630.0861,644.5057,671.6758,676.5656,694.7915,697.5807,731.1391,661.3678,774.7154,764.9184,741.5544,724.6798,728.0874,731.504,735.0633,737.6166
Kyrgyzstan,Waste - agri-food systems,Emissions (CO2eq) from N2O (AR5),kilotonnes,42.3315,43.0549,43.0519,44.4933,44.8787,46.2957,43.637,45.2475,44.8937,47.021,47.6134,47.5854,48.4887,48.9459,49.4394,48.7582,49.4801,50.8574,51.8346,52.878,53.8484
Kyrgyzstan,Waste - agri-food systems,Emissions (CO2eq) (AR5),kilotonnes,583.8124,595.4851,613.652,632.2138,663.9363,676.3818,688.1427,716.9233,721.4593,741.8125,745.1941,778.7244,709.8565,823.6613,814.3578,790.3126,774.1598,778.9448,783.3386,787.9412,791.465
Kyrgyzstan,On-farm electricity use,Emissions (CH4),kilotonnes,3.9814,3.1451,2.9807,3.0095,2.5787,3.0539,3.3731,0.7104,0.7128,0.726,0.4524,0.3108,0.2664,0.3048,0.3024,0.27,0.2724,0.2628,0.2676,0.2606,0.2606
Kyrgyzstan,On-farm electricity use,Emissions (N2O),kilotonnes,0.0213,0.0168,0.0159,0.0161,0.0138,0.0163,0.018,0.0038,0.0038,0.0039,0.0024,0.0017,0.0014,0.0016,0.0017,0.0015,0.0015,0.0014,0.0015,0.0014,0.0014
Kyrgyzstan,On-farm electricity use,Emissions (CO2),kilotonnes,257.3364,217.0728,216.2327,200.1234,156.6288,137.4837,147.7613,30.3238,51.9676,44.5399,13.9166,8.05,7.7226,14.5892,14.4743,12.9235,13.0384,12.5789,12.8086,12.4755,12.4755
Kyrgyzstan,On-farm electricity use,Emissions (CO2eq) from CH4 (AR5),kilotonnes,111.4792,88.0628,83.4596,84.266,72.2036,85.5092,94.4468,19.8912,19.9584,20.328,12.6672,8.7024,7.4592,8.5344,8.4672,7.56,7.6272,7.3584,7.4928,7.2968,7.2968
Kyrgyzstan,On-farm electricity use,Emissions (CO2eq) from N2O (AR5),kilotonnes,5.6445,4.452,4.2135,4.2665,3.657,4.3195,4.77,1.007,1.007,1.0335,0.636,0.4505,0.371,0.424,0.4505,0.3975,0.3975,0.371,0.3975,0.371,0.371
Kyrgyzstan,On-farm electricity use,Emissions (CO2eq) (AR5),kilotonnes,374.4601,309.5876,303.9058,288.6559,232.4894,227.3124,246.9781,51.222,72.933,65.9014,27.2198,17.2029,15.5528,23.5476,23.392,20.881,21.0631,20.3083,20.6989,20.1433,20.1433
Kyrgyzstan,Food Processing,Emissions (CH4),kilotonnes,0,0,0,0,0,0,0,0,0,0,0,0,0.0001,0.3048,0.4036,0.4212,0.3151,0.3998,0.4074,0.4074,0.4281
Kyrgyzstan,Food Processing,Emissions (N2O),kilotonnes,0,0,0,0,0,0,0,0,0,0,0,0,0,0.0018,0.0028,0.0029,0.0028,0.0038,0.0036,0.0036,0.0037
Kyrgyzstan,Food Processing,Emissions (CO2),kilotonnes,0,0,0,0,0,0,0,0,0,0,0,0,4.249,59.6565,93.9344,88.2008,132.1825,187.3969,159.9289,159.9289,153.9118
Kyrgyzstan,Food Processing,Emissions (CO2eq) from CH4 (AR5),kilotonnes,0,0,0,0,0,0,0,0,0,0,0,0,0.0028,8.5344,11.3008,11.7936,8.8228,11.1944,11.4072,11.4072,11.9854
Kyrgyzstan,Food Processing,Emissions (CO2eq) from N2O (AR5),kilotonnes,0,0,0,0,0,0,0,0,0,0,0,0,0,0.477,0.742,0.7685,0.742,1.007,0.954,0.954,0.9866
Kyrgyzstan,Food Processing,Emissions (CO2eq) (AR5),kilotonnes,0,0,0,0,0,0,0,0,0,0,0,0,4.2518,68.6679,105.9772,100.7629,141.7473,199.5983,172.2901,172.2901,166.8839
Kyrgyzstan,Food Packaging,Emissions (CH4),kilotonnes,0.0016,0.0043,0.0042,0.0052,0.005,0.0058,0.0063,0.0064,0.0069,0.0071,0.0073,0.0078,0.0087,0.0834,0.0824,0.1192,0.0675,0.0745,0.2196,0.0877,0.0921
Kyrgyzstan,Food Packaging,Emissions (N2O),kilotonnes,0,0,0,0,0,0,0,0,0,0,0,0,0.0001,0.0005,0.0005,0.0006,0.0004,0.0005,0.0013,0.0005,0.0005
Kyrgyzstan,Food Packaging,Emissions (CO2),kilotonnes,0.3063,0.4405,0.5089,0.5909,0.577,0.5279,0.5331,0.5976,0.8044,0.7149,0.5426,0.5967,7.8247,33.7243,5.8959,6.7167,6.0824,18.5917,23.1095,12.7581,12.2781
Kyrgyzstan,Food Packaging,Emissions (CO2eq) from CH4 (AR5),kilotonnes,0.0448,0.1204,0.1176,0.1456,0.14,0.1624,0.1764,0.1792,0.1932,0.1988,0.2044,0.2184,0.2436,2.3352,2.3072,3.3376,1.89,2.086,6.1488,2.4556,2.5801
Kyrgyzstan,Food Packaging,Emissions (CO2eq) from N2O (AR5),kilotonnes,0,0,0,0,0,0,0,0,0,0,0,0,0.0265,0.1325,0.1325,0.159,0.106,0.1325,0.3445,0.1325,0.137
Kyrgyzstan,Food Packaging,Emissions (CO2eq) (AR5),kilotonnes,0.3511,0.5609,0.6265,0.7365,0.717,0.6903,0.7095,0.7768,0.9976,0.9137,0.747,0.8151,8.0948,36.192,8.3356,10.2133,8.0784,20.8102,29.6028,15.3462,14.9952
Kyrgyzstan,Food Retail,Emissions (CH4),kilotonnes,0.1514,0.1539,0.1539,0.1476,0.1522,0.18,0.1817,0.1957,0.1823,0.18,0.2032,0.3043,0.3445,0.3707,0.2274,0.2252,0.2002,0.2306,0.2263,0.2594,0.2725
Kyrgyzstan,Food Retail,Emissions (N2O),kilotonnes,0.0003,0.0002,0.0003,0.0004,0.0004,0.0006,0.0005,0.001,0.001,0.001,0.0011,0.0017,0.0018,0.0021,0.0012,0.0012,0.0032,0.0024,0.0029,0.0028,0.0029
Kyrgyzstan,Food Retail,Emissions (CO2),kilotonnes,6.0916,5.0786,6.5079,7.0213,7.5486,7.0907,6.9103,8.3534,13.2911,11.043,6.2503,7.8806,9.9862,32.4497,13.0913,18.9208,158.0345,97.6725,147.3267,121.3855,116.8185
Kyrgyzstan,Food Retail,Emissions (CO2eq) from F-gases (AR5),kilotonnes,9.8705,11.9485,16.1045,21.2995,23.3775,27.5335,31.17,34.287,34.8065,35.326,35.326,35.326,35.326,35.326,35.326,35.326,38.9625,39.482,40.521,41.56,43.4321
Kyrgyzstan,Food Retail,Emissions (CO2eq) from CH4 (AR5),kilotonnes,4.2379,4.31,4.31,4.1337,4.2619,5.039,5.0871,5.4796,5.1044,5.04,5.6896,8.5204,9.646,10.3796,6.3672,6.3056,5.6056,6.4568,6.3364,7.2632,7.6314
Kyrgyzstan,Food Retail,Emissions (CO2eq) from N2O (AR5),kilotonnes,0.0738,0.0606,0.0776,0.0946,0.0966,0.1468,0.1413,0.265,0.265,0.265,0.2915,0.4505,0.477,0.5565,0.318,0.318,0.848,0.636,0.7685,0.742,0.7674
Kyrgyzstan,Food Retail,Emissions (CO2eq) (AR5),kilotonnes,20.2738,21.3977,27,32.5491,35.2846,39.8099,43.3087,48.385,53.467,51.674,47.5574,52.1775,55.4352,78.7118,55.1025,60.8704,203.4506,144.2473,194.9526,170.9507,168.6494
Kyrgyzstan,Food Household Consumption,Emissions (CH4),kilotonnes,0.6495,0.5016,0.4754,0.6676,0.6884,0.8152,0.9003,0.9291,0.8653,0.8541,0.963,1.2615,1.4475,1.7145,3.9647,3.0741,3.2796,4.4079,4.588,4.588,4.8206
Kyrgyzstan,Food Household Consumption,Emissions (N2O),kilotonnes,0.0035,0.0027,0.0025,0.0036,0.0037,0.0044,0.0048,0.0051,0.0047,0.0047,0.0052,0.007,0.0077,0.0092,0.0206,0.0172,0.0184,0.0239,0.026,0.026,0.0269
Kyrgyzstan,Food Household Consumption,Emissions (CO2),kilotonnes,41.9817,40.0881,39.9506,49.1783,47.9694,42.1768,45.6032,104.9631,122.3391,109.0425,75.7859,94.534,104.8799,189.512,738.2344,666.6789,745.1733,1061.9118,1290.3222,1290.3222,1241.7754
Kyrgyzstan,Food Household Consumption,Emissions (CO2eq) from CH4 (AR5),kilotonnes,18.186,14.0448,13.3112,18.6928,19.2752,22.8256,25.2084,26.0148,24.2284,23.9148,26.964,35.322,40.53,48.006,111.0116,86.0748,91.8288,123.4212,128.464,128.464,134.976
Kyrgyzstan,Food Household Consumption,Emissions (CO2eq) from N2O (AR5),kilotonnes,0.9275,0.7155,0.6625,0.954,0.9805,1.166,1.272,1.3515,1.2455,1.2455,1.378,1.855,2.0405,2.438,5.459,4.558,4.876,6.3335,6.89,6.89,7.1258
Kyrgyzstan,Food Household Consumption,Emissions (CO2eq) (AR5),kilotonnes,61.0952,54.8484,53.9243,68.8251,68.2251,66.1684,72.0836,132.3294,147.813,134.2028,104.1279,131.711,147.4504,239.956,854.705,757.3117,841.8781,1191.6665,1425.6762,1425.6762,1383.8772
Kyrgyzstan,Food Transport,Emissions (CH4),kilotonnes,0.0172,0.0153,0.0144,0.0162,0.0176,0.0154,0.0169,0.0221,0.023,0.0243,0.02,0.0266,0.0345,0.0336,0.0278,0.0252,0.0317,0.0138,0.0164,0.0098,0.0103
Kyrgyzstan,Food Transport,Emissions (N2O),kilotonnes,0.0021,0.0022,0.0021,0.0027,0.0034,0.0033,0.0035,0.005,0.0057,0.0065,0.0056,0.0078,0.0111,0.0122,0.0108,0.0083,0.0105,0.0053,0.0063,0.0078,0.0081
Kyrgyzstan,Food Transport,Emissions (CO2),kilotonnes,93.61,97.9,85.58,103.07,129.8,119.9,127.6,192.5,215.6,249.7,217.8,304.7,433.4,434.502,348.1288,294.2252,360.425,205.2399,243.3904,254.2589,244.6927
Kyrgyzstan,Food Transport,Emissions (CO2eq) from CH4 (AR5),kilotonnes,0.4816,0.4284,0.4032,0.4536,0.4928,0.4312,0.4732,0.6188,0.644,0.6804,0.56,0.7448,0.966,0.9408,0.7784,0.7056,0.8876,0.3864,0.4592,0.2744,0.2883
Kyrgyzstan,Food Transport,Emissions (CO2eq) from N2O (AR5),kilotonnes,0.5565,0.583,0.5565,0.7155,0.901,0.8745,0.9275,1.325,1.5105,1.7225,1.484,2.067,2.9415,3.233,2.862,2.1995,2.7825,1.4045,1.6695,2.067,2.1377
Kyrgyzstan,Food Transport,Emissions (CO2eq) (AR5),kilotonnes,94.6481,98.9114,86.5397,104.2391,131.1938,121.2057,129.0007,194.4438,217.7545,252.1029,219.844,307.5118,437.3075,438.6758,351.7692,297.1303,364.0951,207.0308,245.5191,256.6003,247.1188
Kyrgyzstan,Energy,Emissions (CH4),kilotonnes,5.29,5.38,5.38,5.16,5.32,6.29,6.35,6.84,8.76,9.43,10,12,14.7,16.1,18,18.2,16.9,18.5,20.3,21.7,22.8
Kyrgyzstan,Energy,Emissions (N2O),kilotonnes,0.0543,0.0446,0.0571,0.0696,0.0711,0.108,0.104,0.195,0.193,0.18,0.176,0.22,0.258,0.284,0.283,0.288,0.279,0.123,0.147,0.263,0.272
Kyrgyzstan,Energy,Emissions (CO2),kilotonnes,4390,3660,4690,5060,5440,5110,4980,6020,7050,6500,6010,7150,9520,9010,9430,9700,9150,8610,10800,10100,9720
Kyrgyzstan,Energy,Emissions (CO2eq) from CH4 (AR5),kilotonnes,148.12,150.64,150.64,144.48,148.96,176.12,177.8,191.52,245.28,264.04,280,336,411.6,450.8,504,509.6,473.2,518,568.4,607.6,638.4
Kyrgyzstan,Energy,Emissions (CO2eq) from N2O (AR5),kilotonnes,14.3895,11.819,15.1315,18.444,18.8415,28.62,27.56,51.675,51.145,47.7,46.64,58.3,68.37,75.26,74.995,76.32,73.935,32.595,38.955,69.695,72.08
Kyrgyzstan,Energy,Emissions (CO2eq) (AR5),kilotonnes,4552.5095,3822.459,4855.7715,5222.924,5607.8015,5314.74,5185.36,6263.195,7346.425,6811.74,6336.64,7544.3,9999.97,9536.06,10008.995,10285.92,9697.135,9160.595,11407.355,10777.295,10430.48
Kyrgyzstan,IPPU,Emissions (N2O),kilotonnes,0.0015,0.0015,0.0015,0.0015,0.0015,0.0015,0.0015,0.0016,0.0016,0.0016,0.0016,0.0017,0.0017,0.0017,0.0017,0.0018,0.0018,0.0018,0.0019,0.0019,0.0019
Kyrgyzstan,IPPU,Emissions (CO2),kilotonnes,383,370,398,495,546,589,623,694,692,430,502,603,686,841,857,758,682,762,929,963,963
Kyrgyzstan,IPPU,Emissions (CO2eq) from F-gases (AR5),kilotonnes,8.7264,11.7582,13.9933,18.5605,24.391,26.8204,31.3877,35.2747,39.1617,43.2431,47.3244,48.2962,51.6973,55.0985,58.4996,61.9008,65.3019,68.703,72.1042,75.5053,78.9065
Kyrgyzstan,IPPU,Emissions (CO2eq) from N2O (AR5),kilotonnes,0.3922,0.3975,0.3975,0.4002,0.4028,0.4054,0.4081,0.4134,0.4214,0.4267,0.432,0.4399,0.4479,0.4532,0.4611,0.4691,0.4744,0.4823,0.4903,0.4929,0.5009
Kyrgyzstan,IPPU,Emissions (CO2eq) (AR5),kilotonnes,392.1186,382.1557,412.3908,513.9607,570.7938,616.2259,654.7958,729.6881,731.5831,473.6697,549.7564,651.7361,738.1452,896.5516,915.9607,820.3698,747.7763,831.1853,1001.5944,1038.9982,1042.4073
Kyrgyzstan,Waste,Emissions (CH4),kilotonnes,63.3,63.5,65,65.1,65.6,64.9,55.5,55.2,56.2,57.2,58,59.2,55.9,69,78.9,80.8,85.3,89.9,94.4,88.2,90.7
Kyrgyzstan,Waste,Emissions (N2O),kilotonnes,0.26,0.262,0.264,0.268,0.271,0.276,0.273,0.27,0.267,0.275,0.285,0.294,0.3,0.305,0.31,0.314,0.317,0.322,0.326,0.33,0.334
Kyrgyzstan,Waste,Emissions (CO2eq) from CH4 (AR5),kilotonnes,1772.4,1778,1820,1822.8,1836.8,1817.2,1554,1545.6,1573.6,1601.6,1624,1657.6,1565.2,1932,2209.2,2262.4,2388.4,2517.2,2643.2,2469.6,2539.6
Kyrgyzstan,Waste,Emissions (CO2eq) from N2O (AR5),kilotonnes,68.9,69.43,69.96,71.02,71.815,73.14,72.345,71.55,70.755,72.875,75.525,77.91,79.5,80.825,82.15,83.21,84.005,85.33,86.39,87.45,88.51
Kyrgyzstan,Waste,Emissions (CO2eq) (AR5),kilotonnes,1841.3,1847.43,1889.96,1893.82,1908.615,1890.34,1626.345,1617.15,1644.355,1674.475,1699.525,1735.51,1644.7,2012.825,2291.35,2345.61,2472.405,2602.53,2729.59,2557.05,2628.11
Kyrgyzstan,Other,Emissions (N2O),kilotonnes,0.0908,0.0822,0.0876,0.099,0.105,0.0915,0.0892,0.113,0.131,0.123,0.11,0.136,0.197,0.183,0.166,0.164,0.133,0.137,0.163,0.177,0.182
Kyrgyzstan,Other,Emissions (CO2eq) from N2O (AR5),kilotonnes,24.062,21.783,23.214,26.235,27.825,24.2475,23.638,29.945,34.715,32.595,29.15,36.04,52.205,48.495,43.99,43.46,35.245,36.305,43.195,46.905,48.23
Kyrgyzstan,Other,Emissions (CO2eq) (AR5),kilotonnes,24.062,21.783,23.214,26.235,27.825,24.2475,23.638,29.945,34.715,32.595,29.15,36.04,52.205,48.495,43.99,43.46,35.245,36.305,43.195,46.905,48.23
Kyrgyzstan,Farm-gate emissions,Emissions (CH4),kilotonnes,88.7774,89.7274,91.4976,92.5637,92.0165,94.4041,97.7771,101.2091,105.5869,114.6255,117.78,121.1866,124.3536,128.4492,133.0519,134.8913,138.458,141.6997,145.6805,149.7649,153.2218
Kyrgyzstan,Farm-gate emissions,Direct emissions (N2O),kilotonnes,2.6043,2.6642,2.3772,2.7448,2.6845,2.7581,2.7506,2.8003,2.8394,3.1762,3.1767,3.2159,3.2993,3.4879,3.6169,3.3766,3.4534,3.427,3.7559,3.8362,3.9095
Kyrgyzstan,Farm-gate emissions,Indirect emissions (N2O),kilotonnes,0.8853,0.9003,0.8069,0.9276,0.9023,0.9299,0.9301,0.9499,0.9648,1.0742,1.0859,1.1018,1.1351,1.1939,1.2452,1.16,1.1871,1.1787,1.2852,1.3125,1.3364
Kyrgyzstan,Farm-gate emissions,Emissions (N2O),kilotonnes,4.105,4.1981,3.828,4.3088,4.2533,4.3618,4.3996,4.5329,4.5916,5.081,5.1083,5.2168,5.3427,5.6325,5.8428,5.541,5.6623,5.5404,6.0109,6.1425,6.2536
Kyrgyzstan,Farm-gate emissions,Emissions (CO2),kilotonnes,192.7706,179.6478,186.6007,219.4978,252.2042,165.8054,186.2232,346.2456,314.5898,245.3317,281.8361,324.7352,324.0047,402.9913,370.6675,331.971,336.7704,35.9952,39.6736,25.1019,25.1019
Kyrgyzstan,Farm-gate emissions,Emissions (CO2eq) from CH4 (AR5),kilotonnes,2485.7675,2512.3671,2561.9327,2591.7823,2576.4608,2643.3142,2737.7581,2833.8542,2956.4331,3209.513,3297.8411,3393.2238,3481.9018,3596.5777,3725.4531,3776.9568,3876.8254,3967.5903,4079.0549,4193.4185,4290.2092
Kyrgyzstan,Farm-gate emissions,Emissions (CO2eq) from N2O (AR5),kilotonnes,1087.8291,1112.4836,1014.4235,1141.8342,1127.1289,1155.8731,1165.882,1201.2287,1216.7627,1346.4712,1353.6936,1382.4622,1415.8183,1492.6247,1548.3356,1468.3604,1500.5066,1468.1988,1592.8822,1627.7622,1657.2011
Kyrgyzstan,Farm-gate emissions,Emissions (CO2eq) (AR5),kilotonnes,3766.3672,3804.4985,3762.9569,3953.1144,3955.794,3964.9927,4089.8633,4381.3285,4487.7856,4801.3159,4933.3708,5100.4212,5221.7249,5492.1937,5644.4562,5577.2882,5714.1024,5471.7844,5711.6107,5846.2826,5972.5123
Kyrgyzstan,Land Use change,Emissions (CH4),kilotonnes,0,0,0,0,0,0,0,0,0,0,0,0,0,0,0,0,0,0,0,0,0
Kyrgyzstan,Land Use change,Emissions (N2O),kilotonnes,0,0,0,0,0,0,0,0,0,0,0,0,0,0,0,0,0,0,0,0,0
Kyrgyzstan,Land Use change,Emissions (CO2),kilotonnes,0,0,0,0,0,0,0,0,0,0,0,0,0,0,0,0,0,0,0,0,0
Kyrgyzstan,Land Use change,Emissions (CO2eq) from CH4 (AR5),kilotonnes,0,0,0,0,0,0,0,0,0,0,0,0,0,0,0,0,0,0,0,0,0
Kyrgyzstan,Land Use change,Emissions (CO2eq) from N2O (AR5),kilotonnes,0,0,0,0,0,0,0,0,0,0,0,0,0,0,0,0,0,0,0,0,0
Kyrgyzstan,Land Use change,Emissions (CO2eq) (AR5),kilotonnes,0,0,0,0,0,0,0,0,0,0,0,0,0,0,0,0,0,0,0,0,0
Kyrgyzstan,Emissions on agricultural land,Emissions (CH4),kilotonnes,88.7774,89.7274,91.4976,92.5637,92.0165,94.4041,97.7771,101.2091,105.5869,114.6255,117.78,121.1866,124.3536,128.4492,133.0519,134.8913,138.458,141.6997,145.6805,149.7649,153.2218
Kyrgyzstan,Emissions on agricultural land,Emissions (N2O),kilotonnes,4.105,4.1981,3.828,4.3088,4.2533,4.3618,4.3996,4.5329,4.5916,5.081,5.1083,5.2168,5.3427,5.6325,5.8428,5.541,5.6623,5.5404,6.0109,6.1425,6.2536
Kyrgyzstan,Emissions on agricultural land,Emissions (CO2),kilotonnes,192.7706,179.6478,186.6007,219.4978,252.2042,165.8054,186.2232,346.2456,314.5898,245.3317,281.8361,324.7352,324.0047,402.9913,370.6675,331.971,336.7704,35.9952,39.6736,25.1019,25.1019
Kyrgyzstan,Emissions on agricultural land,Emissions (CO2eq) from CH4 (AR5),kilotonnes,2485.7675,2512.3671,2561.9327,2591.7823,2576.4608,2643.3142,2737.7581,2833.8542,2956.4331,3209.513,3297.8411,3393.2238,3481.9018,3596.5777,3725.4531,3776.9568,3876.8254,3967.5903,4079.0549,4193.4185,4290.2092
Kyrgyzstan,Emissions on agricultural land,Emissions (CO2eq) from N2O (AR5),kilotonnes,1087.8291,1112.4836,1014.4235,1141.8342,1127.1289,1155.8731,1165.882,1201.2287,1216.7627,1346.4712,1353.6936,1382.4622,1415.8183,1492.6247,1548.3356,1468.3604,1500.5066,1468.1988,1592.8822,1627.7622,1657.2011
Kyrgyzstan,Emissions on agricultural land,Emissions (CO2eq) (AR5),kilotonnes,3766.3672,3804.4985,3762.9569,3953.1144,3955.794,3964.9927,4089.8633,4381.3285,4487.7856,4801.3159,4933.3708,5100.4212,5221.7249,5492.1937,5644.4562,5577.2882,5714.1024,5471.7844,5711.6107,5846.2826,5972.5123
Kyrgyzstan,Pre- and post- production,Emissions (CH4),kilotonnes,24.1397,23.5499,24.0072,24.8361,25.5511,26.5733,27.4963,25.8521,25.9534,26.6055,26.5595,28.0231,25.722,30.4802,32.3268,30.619,30.0479,31.3925,31.8504,31.8652,32.2277
Kyrgyzstan,Pre- and post- production,Emissions (N2O),kilotonnes,0.1869,0.1844,0.1833,0.1907,0.1906,0.1993,0.1915,0.1856,0.1846,0.1935,0.194,0.1978,0.2051,0.2121,0.2242,0.2157,0.2235,0.2292,0.2372,0.2416,0.2467
Kyrgyzstan,Pre- and post- production,Emissions (CO2),kilotonnes,399.326,360.58,348.7801,359.9839,342.5238,307.1791,328.4079,336.7379,404.0022,415.0403,314.2954,415.7613,568.0624,764.4337,1213.7591,1087.6659,1414.9361,1583.3917,1876.8863,1851.1291,1781.952
Kyrgyzstan,Pre- and post- production,Emissions (CO2eq) from F-gases (AR5),kilotonnes,9.8705,11.9485,16.1045,21.2995,23.3775,27.5335,31.17,34.287,34.8065,35.326,35.326,35.326,35.326,35.326,35.326,35.326,38.9625,39.482,40.521,41.56,43.4321
Kyrgyzstan,Pre- and post- production,Emissions (CO2eq) from CH4 (AR5),kilotonnes,675.9104,659.3965,672.2017,695.4122,715.4311,744.0535,769.8976,723.8594,726.694,744.9535,743.6659,784.6471,720.2154,853.4458,905.1508,857.3316,841.3418,878.9906,891.8124,892.2245,902.3746
Kyrgyzstan,Pre- and post- production,Emissions (CO2eq) from N2O (AR5),kilotonnes,49.5337,48.866,48.562,50.5239,50.5138,52.8024,50.7478,49.196,48.9217,51.2875,51.4029,52.4084,54.3452,56.2069,59.4034,57.1587,59.2321,60.7419,62.8586,64.0345,65.374
Kyrgyzstan,Pre- and post- production,Emissions (CO2eq) (AR5),kilotonnes,1134.6407,1080.7911,1085.6483,1127.2195,1131.8463,1131.5685,1180.2233,1144.0803,1214.4244,1246.6073,1144.6902,1288.1427,1377.949,1709.4124,2213.6393,2037.4822,2354.4724,2562.6062,2872.0783,2848.948,2793.1327
Kyrgyzstan,Agri-food systems,Emissions (CH4),kilotonnes,112.9171,113.2773,115.5048,117.3998,117.5676,120.9774,125.2734,127.0612,131.5403,141.2309,144.3395,149.2097,150.0756,158.9294,165.3787,165.5103,168.506,173.0922,177.531,181.6301,185.4494
Kyrgyzstan,Agri-food systems,Emissions (N2O),kilotonnes,4.2919,4.3825,4.0113,4.4995,4.4439,4.561,4.5911,4.7186,4.7762,5.2746,5.3023,5.4146,5.5478,5.8446,6.0669,5.7567,5.8858,5.7696,6.2481,6.3841,6.5003
Kyrgyzstan,Agri-food systems,Emissions (CO2),kilotonnes,592.0966,540.2279,535.3808,579.4817,594.728,472.9844,514.6311,682.9835,718.592,660.372,596.1315,740.4965,892.0671,1167.425,1584.4266,1419.6369,1751.7065,1619.3869,1916.5599,1876.231,1807.054
Kyrgyzstan,Agri-food systems,Emissions (CO2eq) from F-gases (AR5),kilotonnes,9.8705,11.9485,16.1045,21.2995,23.3775,27.5335,31.17,34.287,34.8065,35.326,35.326,35.326,35.326,35.326,35.326,35.326,38.9625,39.482,40.521,41.56,43.4321
Kyrgyzstan,Agri-food systems,Emissions (CO2eq) from CH4 (AR5),kilotonnes,3161.678,3171.7637,3234.1344,3287.1945,3291.8919,3387.3677,3507.6556,3557.7136,3683.1271,3954.4665,4041.507,4177.8708,4202.1173,4450.0235,4630.604,4634.2884,4718.1671,4846.5809,4970.8673,5085.643,5192.5839
Kyrgyzstan,Agri-food systems,Emissions (CO2eq) from N2O (AR5),kilotonnes,1137.3628,1161.3496,1062.9855,1192.3582,1177.6428,1208.6756,1216.6298,1250.4247,1265.6844,1397.7587,1405.0965,1434.8706,1470.1635,1548.8316,1607.739,1525.5191,1559.7386,1528.9407,1655.7408,1691.7967,1722.5751
Kyrgyzstan,Agri-food systems,Emissions (CO2eq) (AR5),kilotonnes,4901.0078,4885.2897,4848.6052,5080.3339,5087.6402,5096.5612,5270.0865,5525.4088,5702.21,6047.9232,6078.061,6388.5639,6599.6739,7201.6061,7858.0956,7614.7704,8068.5748,8034.3905,8583.689,8695.2307,8765.645
Kyrgyzstan,IPCC Agriculture,Emissions (CH4),kilotonnes,88.6752,89.6956,91.2835,92.29,91.7694,94.3141,97.6949,101.0433,105.3442,114.4972,117.5959,121.0452,124.0821,128.2097,132.8972,134.8217,138.3727,141.6379,145.6256,149.7271,153.1839
Kyrgyzstan,IPCC Agriculture,Emissions (CH4),kilotonnes,100.7511,101.8432,104.027,103.5508,106.3646,109.6024,113.8841,118.6569,124.1886,130.1942,133.027,,,,,,,,,,
Kyrgyzstan,IPCC Agriculture,Direct emissions (N2O),kilotonnes,2.6043,2.6642,2.3772,2.7448,2.6845,2.7581,2.7506,2.8003,2.8394,3.1762,3.1767,3.2159,3.2993,3.4879,3.6169,3.3766,3.4534,3.427,3.7559,3.8362,3.9095
Kyrgyzstan,IPCC Agriculture,Indirect emissions (N2O),kilotonnes,0.8853,0.9003,0.8069,0.9276,0.9023,0.9299,0.9301,0.9499,0.9648,1.0742,1.0859,1.1018,1.1351,1.1939,1.2452,1.16,1.1871,1.1787,1.2852,1.3125,1.3364
Kyrgyzstan,IPCC Agriculture,Emissions (N2O),kilotonnes,4.0555,4.1397,3.7907,4.2665,4.1938,4.3171,4.3443,4.4226,4.503,5.0077,5.0297,5.1164,5.254,5.5083,5.7214,5.425,5.5437,5.5387,6.0067,6.1421,6.2532
Kyrgyzstan,IPCC Agriculture,Emissions (N2O),kilotonnes,4.1129,4.2526,4.325,4.3675,4.352,4.4903,4.5227,4.647,4.6916,5.0401,5.1041,,,,,,,,,,
Kyrgyzstan,IPCC Agriculture,Emissions (CO2eq) from CH4 (AR5),kilotonnes,2482.9044,2511.4777,2555.9377,2584.1192,2569.5421,2640.7949,2735.4572,2829.212,2949.6363,3205.9203,3292.6845,3389.2648,3474.298,3589.8716,3721.1204,3775.0074,3874.4344,3965.8625,4077.5166,4192.3575,4289.1482
Kyrgyzstan,IPCC Agriculture,Emissions (CO2eq) from CH4 (AR5),kilotonnes,2821.0308,2851.6096,2912.756,2899.4224,2978.2088,3068.8672,3188.7548,3322.3932,3477.2808,3645.4376,3724.756,,,,,,,,,,
Kyrgyzstan,IPCC Agriculture,Emissions (CO2eq) from N2O (AR5),kilotonnes,1074.7047,1097.0085,1004.5446,1130.6308,1111.3595,1144.021,1151.2423,1171.9959,1193.2881,1327.0393,1332.8722,1355.8379,1392.3002,1459.7084,1516.1791,1437.6154,1469.093,1467.7495,1591.7877,1627.6654,1657.1043
Kyrgyzstan,IPCC Agriculture,Emissions (CO2eq) from N2O (AR5),kilotonnes,1089.9185,1126.939,1146.125,1157.3875,1153.28,1189.9295,1198.5155,1231.455,1243.274,1335.6265,1352.5865,,,,,,,,,,
Kyrgyzstan,IPCC Agriculture,Emissions (CO2eq) (AR5),kilotonnes,3557.6092,3608.4862,3560.4823,3714.75,3680.9016,3784.816,3886.6995,4001.2079,4142.9245,4532.9595,4625.5566,4745.1027,4866.5982,5049.5799,5237.2995,5212.6228,5343.5274,5433.612,5669.3042,5820.0229,5946.2525
Kyrgyzstan,IPCC Agriculture,Emissions (CO2eq) (AR5),kilotonnes,3910.9493,3978.5486,4058.881,4056.8099,4131.4888,4258.7967,4387.2703,4553.8482,4720.5548,4981.0641,5077.3425,,,,,,,,,,
Kyrgyzstan,Agricultural Soils,Direct emissions (N2O),kilotonnes,2.6043,2.6642,2.3772,2.7448,2.6845,2.7581,2.7506,2.8003,2.8394,3.1762,3.1767,3.2159,3.2993,3.4879,3.6169,3.3766,3.4534,3.427,3.7559,3.8362,3.9095
Kyrgyzstan,Agricultural Soils,Indirect emissions (N2O),kilotonnes,0.8853,0.9003,0.8069,0.9276,0.9023,0.9299,0.9301,0.9499,0.9648,1.0742,1.0859,1.1018,1.1351,1.1939,1.2452,1.16,1.1871,1.1787,1.2852,1.3125,1.3364
Kyrgyzstan,Agricultural Soils,Emissions (N2O),kilotonnes,3.4896,3.5645,3.1841,3.6724,3.5868,3.688,3.6807,3.7503,3.8042,4.2504,4.2626,4.3177,4.4344,4.6818,4.8621,4.5366,4.6405,4.6057,5.0411,5.1487,5.2459
Kyrgyzstan,Agricultural Soils,Emissions (N2O),kilotonnes,4.1049,4.2435,4.3162,4.3591,4.3433,4.4821,4.5151,4.64,4.6845,5.0306,5.0965,,,,,,,,,,
Kyrgyzstan,Agricultural Soils,Emissions (CO2eq) from N2O (AR5),kilotonnes,924.7446,944.5978,843.7918,973.1848,950.4942,977.3252,975.379,993.8167,1008.118,1126.3449,1129.5844,1144.1807,1175.1231,1240.6826,1288.4587,1202.1905,1229.7249,1220.4978,1335.9011,1364.4096,1390.1606
Kyrgyzstan,Agricultural Soils,Emissions (CO2eq) from N2O (AR5),kilotonnes,1087.7985,1124.5275,1143.793,1155.1615,1150.9745,1187.7565,1196.5015,1229.6,1241.3925,1333.109,1350.5725,,,,,,,,,,
Kyrgyzstan,Agricultural Soils,Emissions (CO2eq) (AR5),kilotonnes,924.7446,944.5978,843.7918,973.1848,950.4942,977.3252,975.379,993.8167,1008.118,1126.3449,1129.5844,1144.1807,1175.1231,1240.6826,1288.4587,1202.1905,1229.7249,1220.4978,1335.9011,1364.4096,1390.1606
Kyrgyzstan,Agricultural Soils,Emissions (CO2eq) (AR5),kilotonnes,1087.7985,1124.5275,1143.793,1155.1615,1150.9745,1187.7565,1196.5015,1229.6,1241.3925,1333.109,1350.5725,,,,,,,,,,
Kyrgyzstan,LULUCF,Emissions (CH4),kilotonnes,0.0067,0,0,0,0,0.0025,0,0,0,0,0,0,0,0,0,0,0,0,0,0,0
Kyrgyzstan,LULUCF,Emissions (CH4),kilotonnes,0.1172,0.1021,0.1107,0.1194,0.0977,0.0866,0.1194,0.1143,0.1055,0.0937,0.0911,,,,,,,,,,
Kyrgyzstan,LULUCF,Emissions (N2O),kilotonnes,0.0004,0,0,0,0,0.0002,0,0,0,0,0,0,0,0,0,0,0,0,0,0,0
Kyrgyzstan,LULUCF,Emissions (N2O),kilotonnes,0.0007,0.0006,0.0006,0.0007,0.0006,0.0005,0.0007,0.0007,0.0006,0.0005,0.0005,,,,,,,,,,
Kyrgyzstan,LULUCF,Emissions (CO2),kilotonnes,-1022.8663,-9.2635,-9.2635,-9.2635,-9.2635,-9.2635,-9.2635,-9.2635,-9.2635,-9.2635,-9.2635,-739.5381,-739.5381,-739.5381,-739.5381,-739.5381,-3266.8381,-3266.8381,-3266.8381,-3266.8381,-3266.8381
Kyrgyzstan,LULUCF,Emissions (CO2),kilotonnes,-231.908,-244.646,-257.038,-256.661,-271.929,-270.677,-232.654,-230.887,-232.29,-236.722,-245.797,,,,,,,,,,
Kyrgyzstan,LULUCF,Emissions (CO2eq) from CH4 (AR5),kilotonnes,0.1869,0,0,0,0,0.0698,0,0,0,0,0,0,0,0,0,0,0,0,0,0,0
Kyrgyzstan,LULUCF,Emissions (CO2eq) from N2O (AR5),kilotonnes,0.0978,0,0,0,0,0.0603,0,0,0,0,0,0,0,0,0,0,0,0,0,0,0
Kyrgyzstan,LULUCF,Emissions (CO2eq) (AR5),kilotonnes,-1022.5816,-9.2635,-9.2635,-9.2635,-9.2635,-9.1334,-9.2635,-9.2635,-9.2635,-9.2635,-9.2635,-739.5381,-739.5381,-739.5381,-739.5381,-739.5381,-3266.8381,-3266.8381,-3266.8381,-3266.8381,-3266.8381
Kyrgyzstan,LULUCF,Emissions (CO2eq) (AR5),kilotonnes,-231.908,-244.646,-257.038,-256.661,-271.929,-270.677,-232.654,-230.887,-232.29,-236.722,-245.797,,,,,,,,,,
Kyrgyzstan,AFOLU,Emissions (CH4),kilotonnes,88.6818,89.6956,91.2835,92.29,91.7694,94.3166,97.6949,101.0433,105.3442,114.4972,117.5959,121.0452,124.0821,128.2097,132.8972,134.8217,138.3727,141.6379,145.6256,149.7271,153.1839
Kyrgyzstan,AFOLU,Emissions (N2O),kilotonnes,4.0559,4.1397,3.7907,4.2665,4.1938,4.3173,4.3443,4.4226,4.503,5.0077,5.0297,5.1164,5.254,5.5083,5.7214,5.425,5.5437,5.5387,6.0067,6.1421,6.2532
Kyrgyzstan,AFOLU,Emissions (CO2),kilotonnes,-1022.8663,-9.2635,-9.2635,-9.2635,-9.2635,-9.2635,-9.2635,-9.2635,-9.2635,-9.2635,-9.2635,-739.5381,-739.5381,-739.5381,-739.5381,-739.5381,-3266.8381,-3266.8381,-3266.8381,-3266.8381,-3266.8381
Kyrgyzstan,AFOLU,Emissions (CO2eq) from CH4 (AR5),kilotonnes,2483.0913,2511.4777,2555.9377,2584.1192,2569.5421,2640.8647,2735.4572,2829.212,2949.6363,3205.9203,3292.6845,3389.2648,3474.298,3589.8716,3721.1204,3775.0074,3874.4344,3965.8625,4077.5166,4192.3575,4289.1482
Kyrgyzstan,AFOLU,Emissions (CO2eq) from N2O (AR5),kilotonnes,1074.8025,1097.0085,1004.5446,1130.6308,1111.3595,1144.0813,1151.2423,1171.9959,1193.2881,1327.0393,1332.8722,1355.8379,1392.3002,1459.7084,1516.1791,1437.6154,1469.093,1467.7495,1591.7877,1627.6654,1657.1043
Kyrgyzstan,AFOLU,Emissions (CO2eq) (AR5),kilotonnes,2535.0275,3599.2227,3551.2189,3705.4865,3671.6381,3775.6826,3877.4361,3991.9444,4133.661,4523.6961,4616.2932,4005.5647,4127.0601,4310.0419,4497.7615,4473.0848,2076.6894,2166.7739,2402.4662,2553.1848,2679.4144
Kyrgyzstan,All sectors with LULUCF,Emissions (CH4),kilotonnes,157.2718,158.5756,161.6635,162.55,162.6894,165.5066,159.5449,163.0833,170.3042,181.1272,185.5959,192.2452,194.6821,213.3097,229.7972,233.8217,240.5727,250.0379,260.3256,259.6271,266.6839
Kyrgyzstan,All sectors with LULUCF,Emissions (N2O),kilotonnes,4.4624,4.53,4.2009,4.7046,4.6424,4.7943,4.8121,5.0022,5.0956,5.5873,5.6023,5.768,6.0107,6.282,6.4822,6.1927,6.2745,6.1225,6.6446,6.914,7.0431
Kyrgyzstan,All sectors with LULUCF,Emissions (CO2),kilotonnes,3750.1337,4020.7365,5078.7365,5545.7365,5976.7365,5689.7365,5593.7365,6704.7365,7732.7365,6920.7365,6502.7365,7013.4619,9466.4619,9111.4619,9547.4619,9718.4619,6565.1619,6105.1619,8462.1619,7796.1619,7416.1619
Kyrgyzstan,All sectors with LULUCF,Emissions (CO2eq) from F-gases (AR5),kilotonnes,8.7264,11.7582,13.9933,18.5605,24.391,26.8204,31.3877,35.2747,39.1617,43.2431,47.3244,48.2962,51.6973,55.0985,58.4996,61.9008,65.3019,68.703,72.1042,75.5053,78.9065
Kyrgyzstan,All sectors with LULUCF,Emissions (CO2eq) from CH4 (AR5),kilotonnes,4403.6113,4440.1177,4526.5777,4551.3992,4555.3021,4634.1847,4467.2572,4566.332,4768.5163,5071.5603,5196.6845,5382.8648,5451.098,5972.6716,6434.3204,6547.0074,6736.0344,7001.0625,7289.1166,7269.5575,7467.1482
Kyrgyzstan,All sectors with LULUCF,Emissions (CO2eq) from N2O (AR5),kilotonnes,1182.5462,1200.438,1113.2476,1246.7299,1230.2438,1270.4943,1275.1934,1325.5793,1350.3245,1480.6359,1484.6191,1528.5278,1592.823,1664.7415,1717.7752,1641.0745,1662.7524,1622.4618,1760.8179,1832.2083,1866.4252
Kyrgyzstan,All sectors with LULUCF,Emissions (CO2eq) (AR5),kilotonnes,9345.0176,9673.0505,10732.5551,11362.4262,11786.6735,11621.2359,11367.5748,12631.9225,13890.7391,13516.1758,13231.3646,13973.1508,16562.0803,16803.9735,17758.0572,17968.4446,15029.2506,14797.3893,17584.2006,16973.4331,16828.6418
Kyrgyzstan,All sectors without LULUCF,Emissions (CH4),kilotonnes,157.2652,158.5756,161.6635,162.55,162.6894,165.5041,159.5449,163.0833,170.3042,181.1272,185.5959,192.2452,194.6821,213.3097,229.7972,233.8217,240.5727,250.0379,260.3256,259.6271,266.6839
Kyrgyzstan,All sectors without LULUCF,Emissions (N2O),kilotonnes,4.4621,4.53,4.2009,4.7046,4.6424,4.7941,4.8121,5.0022,5.0956,5.5873,5.6023,5.768,6.0107,6.282,6.4822,6.1927,6.2745,6.1225,6.6446,6.914,7.0431
Kyrgyzstan,All sectors without LULUCF,Emissions (CO2),kilotonnes,4773,4030,5088,5555,5986,5699,5603,6714,7742,6930,6512,7753,10206,9851,10287,10458,9832,9372,11729,11063,10683
Kyrgyzstan,All sectors without LULUCF,Emissions (CO2eq) from F-gases (AR5),kilotonnes,8.7264,11.7582,13.9933,18.5605,24.391,26.8204,31.3877,35.2747,39.1617,43.2431,47.3244,48.2962,51.6973,55.0985,58.4996,61.9008,65.3019,68.703,72.1042,75.5053,78.9065
Kyrgyzstan,All sectors without LULUCF,Emissions (CO2eq) from CH4 (AR5),kilotonnes,4403.4244,4440.1177,4526.5777,4551.3992,4555.3021,4634.1149,4467.2572,4566.332,4768.5163,5071.5603,5196.6845,5382.8648,5451.098,5972.6716,6434.3204,6547.0074,6736.0344,7001.0625,7289.1166,7269.5575,7467.1482
Kyrgyzstan,All sectors without LULUCF,Emissions (CO2eq) from N2O (AR5),kilotonnes,1182.4484,1200.438,1113.2476,1246.7299,1230.2438,1270.434,1275.1934,1325.5793,1350.3245,1480.6359,1484.6191,1528.5278,1592.823,1664.7415,1717.7752,1641.0745,1662.7524,1622.4618,1760.8179,1832.2083,1866.4252
Kyrgyzstan,All sectors without LULUCF,Emissions (CO2eq) (AR5),kilotonnes,10367.5992,9682.3139,10741.8186,11371.6897,11795.9369,11630.3694,11376.8383,12641.186,13900.0025,13525.4393,13240.628,14712.6888,17301.6184,17543.5116,18497.5952,18707.9827,18296.0887,18064.2274,20851.0387,20240.2711,20095.4798
Lao People's Democratic Republic,Crop Residues,Direct emissions (N2O),kilotonnes,0.5053,0.5273,0.5364,0.541,0.5708,0.5881,0.6124,0.6438,0.747,0.7818,0.7688,0.7661,0.8533,0.8442,0.962,0.9896,1.0025,0.9346,0.8195,0.779,0.8474
Lao People's Democratic Republic,Crop Residues,Indirect emissions (N2O),kilotonnes,0.1137,0.1187,0.1207,0.1217,0.1284,0.1323,0.1378,0.1449,0.1681,0.1759,0.173,0.1724,0.192,0.1899,0.2164,0.2227,0.2256,0.2103,0.1844,0.1753,0.1907
Lao People's Democratic Republic,Crop Residues,Emissions (N2O),kilotonnes,0.619,0.646,0.6571,0.6628,0.6992,0.7204,0.7502,0.7887,0.9151,0.9577,0.9418,0.9384,1.0453,1.0341,1.1784,1.2123,1.228,1.1448,1.0039,0.9543,1.0381
Lao People's Democratic Republic,Crop Residues,Emissions (CO2eq) from N2O (AR5),kilotonnes,164.0261,171.1909,174.1225,175.6302,185.3,190.9002,198.808,209.0085,242.4906,253.7916,249.5836,248.6876,277.0119,274.0408,312.2762,321.2591,325.425,303.3821,266.0222,252.8945,275.0987
Lao People's Democratic Republic,Crop Residues,Emissions (CO2eq) (AR5),kilotonnes,164.0261,171.1909,174.1225,175.6302,185.3,190.9002,198.808,209.0085,242.4906,253.7916,249.5836,248.6876,277.0119,274.0408,312.2762,321.2591,325.425,303.3821,266.0222,252.8945,275.0987
Lao People's Democratic Republic,Rice Cultivation,Emissions (CH4),kilotonnes,70.6785,73.3711,72.5192,74.3086,75.6844,72.3144,72.9909,71.513,77.251,80.4241,84.0155,80.2953,91.7432,87.56,94.108,94.8268,95.63,93.9407,83.3336,79.3117,80.6822
Lao People's Democratic Republic,Rice Cultivation,Emissions (CO2eq) from CH4 (AR5),kilotonnes,1978.999,2054.3906,2030.5365,2080.6408,2119.1633,2024.8034,2043.7441,2002.3633,2163.0282,2251.8751,2352.433,2248.2685,2568.8087,2451.6787,2635.0229,2655.1494,2677.6389,2630.3407,2333.3409,2220.7281,2259.102
Lao People's Democratic Republic,Rice Cultivation,Emissions (CO2eq) (AR5),kilotonnes,1978.999,2054.3906,2030.5365,2080.6408,2119.1633,2024.8034,2043.7441,2002.3633,2163.0282,2251.8751,2352.433,2248.2685,2568.8087,2451.6787,2635.0229,2655.1494,2677.6389,2630.3407,2333.3409,2220.7281,2259.102
Lao People's Democratic Republic,Burning - Crop residues,Emissions (CH4),kilotonnes,1.2153,1.239,1.2291,1.2784,1.3385,1.3348,1.4212,1.5215,1.8073,1.8004,1.8712,1.8298,1.954,1.9209,2.1393,2.1825,2.2079,2.0303,1.7603,1.651,1.7995
Lao People's Democratic Republic,Burning - Crop residues,Emissions (CH4),kilotonnes,0.04,,,,,,,,,,,,,,,,,,,,
Lao People's Democratic Republic,Burning - Crop residues,Emissions (N2O),kilotonnes,0.0315,0.0321,0.0319,0.0331,0.0347,0.0346,0.0368,0.0394,0.0469,0.0467,0.0485,0.0474,0.0507,0.0498,0.0555,0.0566,0.0572,0.0526,0.0456,0.0428,0.0467
Lao People's Democratic Republic,Burning - Crop residues,Emissions (CO2eq) from CH4 (AR5),kilotonnes,34.0286,34.6913,34.4149,35.7943,37.4784,37.3756,39.7927,42.6029,50.6055,50.4099,52.3937,51.2333,54.7121,53.7864,59.9009,61.1107,61.8224,56.8491,49.2894,46.2278,50.3856
Lao People's Democratic Republic,Burning - Crop residues,Emissions (CO2eq) from CH4 (AR5),kilotonnes,1.12,,,,,,,,,,,,,,,,,,,,
Lao People's Democratic Republic,Burning - Crop residues,Emissions (CO2eq) from N2O (AR5),kilotonnes,8.3496,8.5122,8.4444,8.7829,9.1961,9.1709,9.7639,10.4535,12.4171,12.3691,12.8559,12.5711,13.4247,13.1976,14.6979,14.9948,15.1694,13.9491,12.0942,11.3429,12.3631
Lao People's Democratic Republic,Burning - Crop residues,Emissions (CO2eq) (AR5),kilotonnes,42.3782,43.2035,42.8593,44.5772,46.6744,46.5464,49.5566,53.0564,63.0226,62.779,65.2496,63.8045,68.1369,66.984,74.5988,76.1055,76.9918,70.7982,61.3836,57.5708,62.7488
Lao People's Democratic Republic,Burning - Crop residues,Emissions (CO2eq) (AR5),kilotonnes,1.12,,,,,,,,,,,,,,,,,,,,
Lao People's Democratic Republic,Enteric Fermentation,Emissions (CH4),kilotonnes,114.1255,118.2228,120.7195,123.1195,125.8903,124.07,127.361,130.154,134.1827,137.563,140.553,144.3205,151.209,152.647,153.3635,157.3533,163.086,166.9411,170.3336,175.144,179.8323
Lao People's Democratic Republic,Enteric Fermentation,Emissions (CH4),kilotonnes,100.42,,,,,,,,,,,,,,,,,,,,
Lao People's Democratic Republic,Enteric Fermentation,Emissions (CO2eq) from CH4 (AR5),kilotonnes,3195.514,3310.2383,3380.146,3447.346,3524.929,3473.96,3566.108,3644.312,3757.1156,3851.764,3935.484,4040.974,4233.8519,4274.116,4294.1774,4405.893,4566.4086,4674.3499,4769.3407,4904.0306,5035.3049
Lao People's Democratic Republic,Enteric Fermentation,Emissions (CO2eq) from CH4 (AR5),kilotonnes,2811.76,,,,,,,,,,,,,,,,,,,,
Lao People's Democratic Republic,Enteric Fermentation,Emissions (CO2eq) (AR5),kilotonnes,3195.514,3310.2383,3380.146,3447.346,3524.929,3473.96,3566.108,3644.312,3757.1156,3851.764,3935.484,4040.974,4233.8519,4274.116,4294.1774,4405.893,4566.4086,4674.3499,4769.3407,4904.0306,5035.3049
Lao People's Democratic Republic,Enteric Fermentation,Emissions (CO2eq) (AR5),kilotonnes,2811.76,,,,,,,,,,,,,,,,,,,,
Lao People's Democratic Republic,Manure Management,Emissions (CH4),kilotonnes,11.4862,11.5299,12.5902,12.9582,13.4202,13.8615,15.0156,15.8681,16.9382,17.9959,19.0836,18.7946,19.6244,20.4656,21.4347,22.2719,24.6527,25.6456,25.572,27.1291,28.218
Lao People's Democratic Republic,Manure Management,Emissions (CH4),kilotonnes,13,,,,,,,,,,,,,,,,,,,,
Lao People's Democratic Republic,Manure Management,Emissions (N2O),kilotonnes,1.5935,1.6477,1.6998,1.7384,1.7801,1.7656,1.8267,1.8712,1.9373,1.9965,2.0552,2.0958,2.2089,2.2426,2.2708,2.3353,2.4483,2.5151,2.5593,2.6549,2.7362
Lao People's Democratic Republic,Manure Management,Emissions (CO2eq) from CH4 (AR5),kilotonnes,321.6141,322.8371,352.5245,362.8304,375.7653,388.122,420.4361,444.306,474.2699,503.8861,534.3401,526.2477,549.4828,573.0374,600.1716,623.6124,690.2762,718.0755,716.0154,759.6152,790.1033
Lao People's Democratic Republic,Manure Management,Emissions (CO2eq) from CH4 (AR5),kilotonnes,364,,,,,,,,,,,,,,,,,,,,
Lao People's Democratic Republic,Manure Management,Emissions (CO2eq) from N2O (AR5),kilotonnes,422.2796,436.6317,450.4523,460.6741,471.7233,467.885,484.0687,495.8648,513.3748,529.0775,544.6269,555.3859,585.3704,594.2991,601.7558,618.8485,648.7879,666.4965,678.2213,703.5454,725.0836
Lao People's Democratic Republic,Manure Management,Emissions (CO2eq) (AR5),kilotonnes,743.8936,759.4688,802.9769,823.5045,847.4886,856.0069,904.5048,940.1708,987.6447,1032.9636,1078.967,1081.6336,1134.8533,1167.3365,1201.9274,1242.4609,1339.0641,1384.572,1394.2367,1463.1606,1515.1868
Lao People's Democratic Republic,Manure Management,Emissions (CO2eq) (AR5),kilotonnes,364,,,,,,,,,,,,,,,,,,,,
Lao People's Democratic Republic,Manure left on Pasture,Direct emissions (N2O),kilotonnes,1.6159,1.6767,1.731,1.7802,1.8261,1.8071,1.8566,1.8979,1.9531,2.0157,2.0691,2.1415,2.2464,2.2785,2.2958,2.365,2.4439,2.5073,2.5698,2.6597,2.741
Lao People's Democratic Republic,Manure left on Pasture,Indirect emissions (N2O),kilotonnes,0.3528,0.3659,0.3777,0.3887,0.4001,0.397,0.4084,0.42,0.4318,0.4484,0.4611,0.4796,0.5025,0.5107,0.5149,0.5321,0.5501,0.5649,0.5795,0.6001,0.619
Lao People's Democratic Republic,Manure left on Pasture,Emissions (N2O),kilotonnes,1.9688,2.0425,2.1088,2.169,2.2262,2.2041,2.265,2.3179,2.3849,2.4641,2.5302,2.6211,2.749,2.7892,2.8106,2.8971,2.9941,3.0722,3.1493,3.2598,3.36
Lao People's Democratic Republic,Manure left on Pasture,Emissions (CO2eq) from N2O (AR5),kilotonnes,521.7229,541.2746,558.82,574.7771,589.9434,584.0761,600.2269,614.2389,631.9945,652.977,670.4973,694.6036,728.4721,739.1435,744.8127,767.732,793.427,814.1224,834.5711,863.8426,890.4046
Lao People's Democratic Republic,Manure left on Pasture,Emissions (CO2eq) (AR5),kilotonnes,521.7229,541.2746,558.82,574.7771,589.9434,584.0761,600.2269,614.2389,631.9945,652.977,670.4973,694.6036,728.4721,739.1435,744.8127,767.732,793.427,814.1224,834.5711,863.8426,890.4046
Lao People's Democratic Republic,Manure applied to Soils,Direct emissions (N2O),kilotonnes,0.5591,0.5772,0.6086,0.63,0.6468,0.647,0.673,0.6891,0.7166,0.7429,0.7703,0.7874,0.8271,0.8464,0.8647,0.8924,0.9385,0.9675,0.9859,1.0308,1.0669
Lao People's Democratic Republic,Manure applied to Soils,Indirect emissions (N2O),kilotonnes,0.2376,0.2453,0.2586,0.2677,0.2749,0.275,0.286,0.2929,0.3046,0.3157,0.3274,0.3347,0.3515,0.3597,0.3675,0.3793,0.3989,0.4112,0.419,0.4381,0.4534
Lao People's Democratic Republic,Manure applied to Soils,Emissions (N2O),kilotonnes,0.7967,0.8226,0.8672,0.8977,0.9217,0.922,0.959,0.982,1.0211,1.0587,1.0977,1.1221,1.1787,1.2061,1.2321,1.2716,1.3374,1.3787,1.4049,1.4689,1.5203
Lao People's Democratic Republic,Manure applied to Soils,Emissions (CO2eq) from N2O (AR5),kilotonnes,211.1369,217.9796,229.8111,237.887,244.2572,244.324,254.1364,260.2391,270.6034,280.5427,290.8915,297.3526,312.3483,319.6174,326.5152,336.975,354.4059,365.3423,372.2991,389.2598,402.8785
Lao People's Democratic Republic,Manure applied to Soils,Emissions (CO2eq) (AR5),kilotonnes,211.1369,217.9796,229.8111,237.887,244.2572,244.324,254.1364,260.2391,270.6034,280.5427,290.8915,297.3526,312.3483,319.6174,326.5152,336.975,354.4059,365.3423,372.2991,389.2598,402.8785
Lao People's Democratic Republic,Drained organic soils,Emissions (CO2eq) (AR5),kilotonnes,0,0,0,0,0,0,0,0,0,0,0,0,0,0,0,0,0,0,0,0,0
Lao People's Democratic Republic,Drained organic soils (CO2),Emissions (CO2),kilotonnes,0,0,0,0,0,0,0,0,0,0,0,0,0,0,0,0,0,0,0,0,0
Lao People's Democratic Republic,Drained organic soils (CO2),Emissions (CO2eq) (AR5),kilotonnes,0,0,0,0,0,0,0,0,0,0,0,0,0,0,0,0,0,0,0,0,0
Lao People's Democratic Republic,Drained organic soils (N2O),Emissions (N2O),kilotonnes,0,0,0,0,0,0,0,0,0,0,0,0,0,0,0,0,0,0,0,0,0
Lao People's Democratic Republic,Drained organic soils (N2O),Emissions (CO2eq) from N2O (AR5),kilotonnes,0,0,0,0,0,0,0,0,0,0,0,0,0,0,0,0,0,0,0,0,0
Lao People's Democratic Republic,Drained organic soils (N2O),Emissions (CO2eq) (AR5),kilotonnes,0,0,0,0,0,0,0,0,0,0,0,0,0,0,0,0,0,0,0,0,0
Lao People's Democratic Republic,On-farm energy use,Emissions (CH4),kilotonnes,0.0079,0.008,0.0082,0.0079,0.0081,0.0082,0.0208,0.0186,0.0219,0.0254,0.026,0.0264,0.0225,0.0266,0.014,0.0147,0.0171,0.0175,0.0182,0.0191,0.0191
Lao People's Democratic Republic,On-farm energy use,Emissions (N2O),kilotonnes,0.0149,0.0161,0.0161,0.0161,0.0173,0.0173,0.099,0.0801,0.0989,0.1165,0.1101,0.1189,0.098,0.1176,0.0379,0.046,0.0616,0.0639,0.0649,0.0703,0.0703
Lao People's Democratic Republic,On-farm energy use,Emissions (CO2),kilotonnes,42.808,45.8529,45.7552,45.4249,48.4557,48.6913,260.7309,212.6786,261.6162,307.7493,291.5283,314.3107,259.6174,311.8816,104.5205,125.7967,166.1858,172.2062,175.2058,189.3429,189.3429
Lao People's Democratic Republic,On-farm energy use,Emissions (CO2eq) from CH4 (AR5),kilotonnes,0.2222,0.225,0.2286,0.221,0.2257,0.2307,0.5813,0.5208,0.6122,0.7101,0.7281,0.7392,0.6304,0.7446,0.3907,0.4106,0.4796,0.4887,0.5103,0.5342,0.5342
Lao People's Democratic Republic,On-farm energy use,Emissions (CO2eq) from N2O (AR5),kilotonnes,3.9424,4.2669,4.2657,4.263,4.5875,4.5889,26.2315,21.2162,26.2036,30.8708,29.1765,31.5202,25.9774,31.1701,10.0441,12.1972,16.3349,16.9232,17.1883,18.6171,18.6171
Lao People's Democratic Republic,On-farm energy use,Emissions (CO2eq) (AR5),kilotonnes,46.9726,50.3449,50.2495,49.9088,53.2689,53.5109,287.5438,234.4155,288.432,339.3301,321.4329,346.5701,286.2252,343.7964,114.9554,138.4044,183.0002,189.6181,192.9044,208.4942,208.4942
Lao People's Democratic Republic,Forestland,Emissions (CO2),kilotonnes,0,-395.7608,-395.7608,-395.7608,-395.7608,-395.7608,-395.7608,-395.7608,-395.7608,-395.7608,-395.7608,-4409.9055,-4409.9055,-4409.9055,-4409.9055,-4409.9055,-4409.9055,-4409.9055,-4409.9055,-4409.9055,-4409.9055
Lao People's Democratic Republic,Forestland,Emissions (CO2eq) (AR5),kilotonnes,0,-395.7608,-395.7608,-395.7608,-395.7608,-395.7608,-395.7608,-395.7608,-395.7608,-395.7608,-395.7608,-4409.9055,-4409.9055,-4409.9055,-4409.9055,-4409.9055,-4409.9055,-4409.9055,-4409.9055,-4409.9055,-4409.9055
Lao People's Democratic Republic,Net Forest conversion,Emissions (CO2),kilotonnes,10503.3647,12570.1153,12570.1153,12570.1153,12570.1153,12570.1153,12570.1153,12570.1153,12570.1153,12570.1153,12570.1153,13078.9505,13078.9505,13078.9505,13078.9505,13078.9505,13078.9505,13078.9505,13078.9505,13078.9505,13078.9505
Lao People's Democratic Republic,Net Forest conversion,Emissions (CO2eq) (AR5),kilotonnes,10503.3647,12570.1153,12570.1153,12570.1153,12570.1153,12570.1153,12570.1153,12570.1153,12570.1153,12570.1153,12570.1153,13078.9505,13078.9505,13078.9505,13078.9505,13078.9505,13078.9505,13078.9505,13078.9505,13078.9505,13078.9505
Lao People's Democratic Republic,Savanna fires,Emissions (CH4),kilotonnes,1.0775,1.1014,2.1138,2.374,6.3155,6.4178,2.4939,8.4461,2.6366,4.4103,11.3522,2.5356,5.315,6.7837,4.0872,5.7177,7.5811,3.2264,2.3161,5.0883,9.0445
Lao People's Democratic Republic,Savanna fires,Emissions (N2O),kilotonnes,0.0984,0.1006,0.193,0.2168,0.5766,0.586,0.2277,0.7712,0.2407,0.4027,1.0365,0.2315,0.4853,0.6194,0.3732,0.522,0.6922,0.2946,0.2115,0.4646,0.8258
Lao People's Democratic Republic,Savanna fires,Emissions (CO2eq) from CH4 (AR5),kilotonnes,30.1689,30.8388,59.1853,66.4726,176.8331,179.6977,69.8287,236.4915,73.8256,123.4891,317.8611,70.9955,148.8211,189.9436,114.4412,160.0949,212.2715,90.3388,64.8508,142.4727,253.2451
Lao People's Democratic Republic,Savanna fires,Emissions (CO2eq) from N2O (AR5),kilotonnes,26.0699,26.6487,51.1438,57.441,152.8069,155.2822,60.3411,204.3595,63.7949,106.7107,274.6734,61.3494,128.6009,164.1361,98.8921,138.3429,183.4303,78.0645,56.0396,123.115,218.8368
Lao People's Democratic Republic,Savanna fires,Emissions (CO2eq) (AR5),kilotonnes,56.2388,57.4875,110.329,123.9136,329.6399,334.9799,130.1698,440.8511,137.6205,230.1998,592.5345,132.3449,277.422,354.0797,213.3334,298.4378,395.7018,168.4032,120.8904,265.5877,472.0819
Lao People's Democratic Republic,Fires in organic soils,Emissions (CH4),kilotonnes,0,0,0,0,0,0,0,0,0,0,0,0,0,0,0,0,0,0,0,0,0
Lao People's Democratic Republic,Fires in organic soils,Emissions (CO2),kilotonnes,0,0,0,0,0,0,0,0,0,0,0,0,0,0,0,0,0,0,0,0,0
Lao People's Democratic Republic,Fires in organic soils,Emissions (CO2eq) from CH4 (AR5),kilotonnes,0,0,0,0,0,0,0,0,0,0,0,0,0,0,0,0,0,0,0,0,0
Lao People's Democratic Republic,Fires in organic soils,Emissions (CO2eq) (AR5),kilotonnes,0,0,0,0,0,0,0,0,0,0,0,0,0,0,0,0,0,0,0,0,0
Lao People's Democratic Republic,Forest fires,Emissions (CH4),kilotonnes,54.4996,7.1278,24.7277,31.5389,114.868,56.6802,28.4291,120.5481,18.7791,30.2993,89.3813,16.8771,35.1359,43.7963,39.4025,35.7202,56.712,19.775,15.6247,35.4501,80.5258
Lao People's Democratic Republic,Forest fires,Emissions (N2O),kilotonnes,1.6029,0.6508,2.2577,2.8796,10.4879,5.1751,2.5957,11.0066,1.7146,2.7665,8.1609,1.541,3.2081,3.9988,3.5976,3.2614,5.1781,1.8055,1.4266,3.2368,7.3524
Lao People's Democratic Republic,Forest fires,Emissions (CO2eq) from CH4 (AR5),kilotonnes,1525.9885,199.5791,692.3763,883.0892,3216.3046,1587.0453,796.0138,3375.3457,525.8146,848.3792,2502.6758,472.5596,983.8062,1226.2978,1103.2704,1000.1645,1587.9355,553.7006,437.4919,992.604,2254.723
Lao People's Democratic Republic,Forest fires,Emissions (CO2eq) from N2O (AR5),kilotonnes,424.7762,172.4624,598.3034,763.1043,2779.3067,1371.4142,687.8597,2916.739,454.3724,733.1103,2162.6383,408.3531,850.1369,1059.6812,953.3695,864.2726,1372.1834,478.4696,378.0501,857.7393,1948.3748
Lao People's Democratic Republic,Forest fires,Emissions (CO2eq) (AR5),kilotonnes,1950.7647,372.0415,1290.6797,1646.1935,5995.6112,2958.4595,1483.8735,6292.0847,980.187,1581.4895,4665.3141,880.9128,1833.9431,2285.979,2056.6399,1864.4371,2960.1188,1032.1702,815.5421,1850.3432,4203.0977
Lao People's Democratic Republic,Fires in humid tropical forests,Emissions (CH4),kilotonnes,29.9253,4.8183,16.2902,16.757,64.0452,31.9226,16.0964,58.6975,14.0587,17.1149,49.9296,12.4024,16.0986,28.8557,23.271,23.412,33.5116,12.2283,10.7425,19.4048,48.9725
Lao People's Democratic Republic,Fires in humid tropical forests,Emissions (N2O),kilotonnes,0.8802,0.4399,1.4874,1.53,5.8476,2.9147,1.4697,5.3593,1.2836,1.5627,4.5588,1.1324,1.4699,2.6346,2.1247,2.1376,3.0598,1.1165,0.9808,1.7717,4.4714
Lao People's Democratic Republic,Fires in humid tropical forests,Emissions (CO2eq) from CH4 (AR5),kilotonnes,837.9084,134.911,456.1251,469.1946,1793.2649,893.8327,450.6984,1643.5298,393.6423,479.2163,1398.029,347.2667,450.7609,807.9585,651.5873,655.5349,938.3247,342.3928,300.7909,543.3347,1371.2287
Lao People's Democratic Republic,Fires in humid tropical forests,Emissions (CO2eq) from N2O (AR5),kilotonnes,233.2413,116.5807,394.1516,405.4454,1549.6148,772.388,389.4622,1420.2241,340.1583,414.1054,1208.0794,300.0837,389.5162,698.1816,563.0564,566.4677,810.8349,295.872,259.9225,469.512,1184.9205
Lao People's Democratic Republic,Fires in humid tropical forests,Emissions (CO2eq) (AR5),kilotonnes,1071.1497,251.4917,850.2767,874.64,3342.8798,1666.2207,840.1606,3063.7539,733.8006,893.3216,2606.1083,647.3504,840.2771,1506.1401,1214.6438,1222.0026,1749.1595,638.2648,560.7134,1012.8467,2556.1492
Lao People's Democratic Republic,Waste - agri-food systems,Emissions (CH4),kilotonnes,14.8864,15.0117,15.1223,15.2682,15.4071,15.5689,15.7666,15.9403,16.1532,16.3836,16.6635,16.9557,17.1597,17.418,17.4505,17.6865,17.8877,18.0833,18.2694,18.3807,18.4829
Lao People's Democratic Republic,Waste - agri-food systems,Emissions (N2O),kilotonnes,0.1001,0.1031,0.1097,0.1119,0.1141,0.119,0.1196,0.1223,0.1223,0.1306,0.1353,0.1433,0.144,0.1524,0.1738,0.1829,0.1915,0.1934,0.1965,0.199,0.2014
Lao People's Democratic Republic,Waste - agri-food systems,Emissions (CO2),kilotonnes,1.7351,1.7369,1.7364,1.7478,1.7606,1.7724,1.7915,1.8079,1.8286,1.8342,1.8506,1.8673,1.8797,1.8929,1.9013,1.9081,1.9161,1.9218,1.9267,1.9294,1.9304
Lao People's Democratic Republic,Waste - agri-food systems,Emissions (CO2eq) from CH4 (AR5),kilotonnes,416.8194,420.3264,423.4244,427.5106,431.3993,435.9295,441.4646,446.3295,452.2887,458.7418,466.579,474.7608,480.4723,487.705,488.6153,495.2217,500.8547,506.3312,511.5422,514.6592,517.5199
Lao People's Democratic Republic,Waste - agri-food systems,Emissions (CO2eq) from N2O (AR5),kilotonnes,26.5367,27.3131,29.0607,29.6552,30.2368,31.5424,31.6891,32.4169,32.4224,34.6066,35.856,37.9795,38.1715,40.3955,46.0563,48.4776,50.7385,51.2526,52.0658,52.7274,53.3756
Lao People's Democratic Republic,Waste - agri-food systems,Emissions (CO2eq) (AR5),kilotonnes,445.0912,449.3764,454.2214,458.9137,463.3967,469.2444,474.9452,480.5542,486.5397,495.1827,504.2856,514.6076,520.5235,529.9934,536.5729,545.6074,553.5092,559.5056,565.5347,569.316,572.826
Lao People's Democratic Republic,On-farm electricity use,Emissions (CH4),kilotonnes,0.0401,0.0489,0.0417,0.0381,0.0473,0.0424,0.0476,0.0562,0.0532,0.0468,0.051,0.0554,0.0474,0.0423,0.0427,0.0391,0.0411,0.0444,0.0454,0.0459,0.0459
Lao People's Democratic Republic,On-farm electricity use,Emissions (N2O),kilotonnes,0.0002,0.0003,0.0002,0.0002,0.0002,0.0002,0.0002,0.0003,0.0003,0.0002,0.0003,0.0003,0.0003,0.0002,0.0002,0.0002,0.0003,0.0002,0.0002,0.0002,0.0002
Lao People's Democratic Republic,On-farm electricity use,Emissions (CO2),kilotonnes,9.2801,13.1914,11.9484,11.5929,16.0098,14.508,14.1622,15.3182,13.785,12.3202,13.3828,14.5503,12.4359,12.1051,12.2391,11.2011,11.7682,12.7168,12.9918,13.1423,13.1423
Lao People's Democratic Republic,On-farm electricity use,Emissions (CO2eq) from CH4 (AR5),kilotonnes,1.1228,1.3692,1.1676,1.0668,1.3244,1.1872,1.3328,1.5736,1.4896,1.3104,1.428,1.5512,1.3272,1.1844,1.1956,1.0948,1.1508,1.2432,1.2712,1.2852,1.2852
Lao People's Democratic Republic,On-farm electricity use,Emissions (CO2eq) from N2O (AR5),kilotonnes,0.053,0.0795,0.053,0.053,0.053,0.053,0.053,0.0795,0.0795,0.053,0.0795,0.0795,0.0795,0.053,0.053,0.053,0.0795,0.053,0.053,0.053,0.053
Lao People's Democratic Republic,On-farm electricity use,Emissions (CO2eq) (AR5),kilotonnes,10.4559,14.6401,13.169,12.7127,17.3872,15.7482,15.548,16.9713,15.3541,13.6836,14.8903,16.181,13.8426,13.3425,13.4877,12.3489,12.9985,14.013,14.316,14.4805,14.4805
Lao People's Democratic Republic,Food Processing,Emissions (CH4),kilotonnes,0.0005,0.0004,0.0004,0.0004,0.0007,0.0006,0.0005,0.1516,0.1599,0.1464,0.1042,0.1898,0.1515,0.1676,0.1986,0.2732,0.3999,0.4091,0.4738,0.3871,0.4065
Lao People's Democratic Republic,Food Processing,Emissions (N2O),kilotonnes,0.0003,0.0003,0.0002,0.0002,0.0004,0.0003,0.0003,0.0019,0.0021,0.0021,0.0015,0.0018,0.0015,0.0015,0.0015,0.002,0.0029,0.0029,0.0029,0.0027,0.0028
Lao People's Democratic Republic,Food Processing,Emissions (CO2),kilotonnes,7.6512,7.5642,6.8895,6.7166,11.0858,10.084,11.2095,41.7954,48.4328,54.2311,41.5638,61.3873,68.4498,84.467,86.1274,174.0922,305.3947,370.7804,349.406,472.7492,467.998
Lao People's Democratic Republic,Food Processing,Emissions (CO2eq) from CH4 (AR5),kilotonnes,0.014,0.0112,0.0112,0.0112,0.0196,0.0168,0.014,4.2448,4.4772,4.0992,2.9176,5.3144,4.242,4.6928,5.5608,7.6496,11.1972,11.4548,13.2664,10.8388,11.3807
Lao People's Democratic Republic,Food Processing,Emissions (CO2eq) from N2O (AR5),kilotonnes,0.0795,0.0795,0.053,0.053,0.106,0.0795,0.0795,0.5035,0.5565,0.5565,0.3975,0.477,0.3975,0.3975,0.3975,0.53,0.7685,0.7685,0.7685,0.7155,0.7482
Lao People's Democratic Republic,Food Processing,Emissions (CO2eq) (AR5),kilotonnes,7.7447,7.6549,6.9537,6.7808,11.2114,10.1803,11.303,46.5437,53.4665,58.8868,44.8789,67.1787,73.0893,89.5573,92.0857,182.2718,317.3604,383.0037,363.4409,484.3035,480.1268
Lao People's Democratic Republic,Food Packaging,Emissions (CH4),kilotonnes,0.008,0.0079,0.0084,0.0084,0.0082,0.0083,0.0089,0.0089,0.0082,0.0094,0.0102,0.0098,0.0135,0.0134,0.0157,0.0202,0.0307,0.0298,0.0335,0.0229,0.024
Lao People's Democratic Republic,Food Packaging,Emissions (N2O),kilotonnes,0.0001,0.0001,0.0001,0.0001,0.0001,0.0001,0.0001,0.0001,0.0001,0.0001,0.0001,0.0002,0.0002,0.0002,0.0002,0.0002,0.0003,0.0004,0.0005,0.0003,0.0003
Lao People's Democratic Republic,Food Packaging,Emissions (CO2),kilotonnes,1.1295,1.2285,1.2637,1.2788,1.2384,1.4472,1.7901,2.2388,2.166,2.7359,4.0213,5.8409,5.5676,6.0763,6.0964,11.7386,26.5301,46.5985,71.4622,23.7344,23.4959
Lao People's Democratic Republic,Food Packaging,Emissions (CO2eq) from CH4 (AR5),kilotonnes,0.224,0.2212,0.2352,0.2352,0.2296,0.2324,0.2492,0.2492,0.2296,0.2632,0.2856,0.2744,0.378,0.3752,0.4396,0.5656,0.8596,0.8344,0.938,0.6412,0.6733
Lao People's Democratic Republic,Food Packaging,Emissions (CO2eq) from N2O (AR5),kilotonnes,0.0265,0.0265,0.0265,0.0265,0.0265,0.0265,0.0265,0.0265,0.0265,0.0265,0.0265,0.053,0.053,0.053,0.053,0.053,0.0795,0.106,0.1325,0.0795,0.0831
Lao People's Democratic Republic,Food Packaging,Emissions (CO2eq) (AR5),kilotonnes,1.38,1.4762,1.5254,1.5405,1.4945,1.7061,2.0658,2.5145,2.4221,3.0256,4.3334,6.1683,5.9986,6.5045,6.589,12.3572,27.4692,47.5389,72.5327,24.4551,24.2523
Lao People's Democratic Republic,Food Retail,Emissions (CH4),kilotonnes,0,0,0,0,0,0,0.0199,0.026,0.0478,0.072,0.0841,0.0862,0.1152,0.1066,0.0778,0.0887,0.0984,0.1062,0.1086,0.1302,0.1367
Lao People's Democratic Republic,Food Retail,Emissions (N2O),kilotonnes,0,0,0,0,0,0,0.0001,0.0001,0.0003,0.0003,0.0005,0.0005,0.0006,0.0005,0.0004,0.0005,0.0005,0.0005,0.0006,0.0007,0.0007
Lao People's Democratic Republic,Food Retail,Emissions (CO2),kilotonnes,0.3474,0.3475,0.3506,0.3513,0.3585,0.3585,6.3203,7.5148,12.7894,19.422,22.5824,23.1752,30.8101,31.1221,22.9538,26.0838,28.8789,31.1176,31.794,37.2618,36.8873
Lao People's Democratic Republic,Food Retail,Emissions (CO2eq) from CH4 (AR5),kilotonnes,0,0,0,0,0,0,0.5572,0.728,1.3384,2.016,2.3548,2.4136,3.2256,2.9848,2.1784,2.4836,2.7552,2.9736,3.0408,3.6456,3.8279
Lao People's Democratic Republic,Food Retail,Emissions (CO2eq) from N2O (AR5),kilotonnes,0,0,0,0,0,0,0.0265,0.0265,0.0795,0.0795,0.1325,0.1325,0.159,0.1325,0.106,0.1325,0.1325,0.1325,0.159,0.1855,0.194
Lao People's Democratic Republic,Food Retail,Emissions (CO2eq) (AR5),kilotonnes,0.3474,0.3475,0.3506,0.3513,0.3585,0.3585,6.904,8.2693,14.2073,21.5175,25.0697,25.7213,34.1947,34.2394,25.2382,28.6999,31.7666,34.2237,34.9938,41.0929,40.9092
Lao People's Democratic Republic,Food Household Consumption,Emissions (CH4),kilotonnes,0.0902,0.1033,0.1096,0.1263,0.1265,0.1418,0.1574,0.1782,0.1959,0.2254,0.2611,0.2781,0.3212,0.3538,0.3941,0.4413,0.4801,0.5182,0.5297,0.5297,0.5562
Lao People's Democratic Republic,Food Household Consumption,Emissions (N2O),kilotonnes,0.0005,0.0007,0.0006,0.0007,0.0006,0.0007,0.0007,0.001,0.0011,0.001,0.0016,0.0015,0.0018,0.0018,0.002,0.0023,0.0025,0.0027,0.0027,0.0027,0.0028
Lao People's Democratic Republic,Food Household Consumption,Emissions (CO2),kilotonnes,24.7596,32.4038,35.9461,43.6865,48.047,53.768,52.1079,53.1306,55.3852,64.0536,73.2751,77.8188,89.2045,106.1797,117.8225,131.4091,142.5632,153.6335,156.9677,156.9677,155.3901
Lao People's Democratic Republic,Food Household Consumption,Emissions (CO2eq) from CH4 (AR5),kilotonnes,2.5256,2.8924,3.0688,3.5364,3.542,3.9704,4.4072,4.9896,5.4852,6.3112,7.3108,7.7868,8.9936,9.9064,11.0348,12.3564,13.4428,14.5096,14.8316,14.8316,15.5732
Lao People's Democratic Republic,Food Household Consumption,Emissions (CO2eq) from N2O (AR5),kilotonnes,0.1325,0.1855,0.159,0.1855,0.159,0.1855,0.1855,0.265,0.2915,0.265,0.424,0.3975,0.477,0.477,0.53,0.6095,0.6625,0.7155,0.7155,0.7155,0.7482
Lao People's Democratic Republic,Food Household Consumption,Emissions (CO2eq) (AR5),kilotonnes,27.4177,35.4817,39.1739,47.4084,51.748,57.9239,56.7006,58.3852,61.1619,70.6298,81.0099,86.0031,98.6751,116.5631,129.3873,144.375,156.6685,168.8586,172.5148,172.5148,171.7115
Lao People's Democratic Republic,Food Transport,Emissions (CH4),kilotonnes,0.0077,0.0087,0.0085,0.0096,0.0089,0.0111,0.0133,0.012,0.0211,0.0286,0.0336,0.0487,0.0454,0.0414,0.0372,0.0469,0.0399,0.0359,0.037,0.0445,0.0467
Lao People's Democratic Republic,Food Transport,Emissions (N2O),kilotonnes,0.0004,0.0004,0.0004,0.0004,0.0004,0.0005,0.0006,0.0005,0.0008,0.0011,0.0013,0.0022,0.0023,0.0021,0.002,0.0026,0.0024,0.0021,0.0022,0.0023,0.0024
Lao People's Democratic Republic,Food Transport,Emissions (CO2),kilotonnes,24.6365,25.2965,24.621,27.3005,27.374,31.865,40.376,30.5675,50.4505,67.57,84.667,135.9975,141.0915,128.47,124.41,159.4785,144.3705,130.48,133.973,142.9627,141.5259
Lao People's Democratic Republic,Food Transport,Emissions (CO2eq) from CH4 (AR5),kilotonnes,0.2156,0.2436,0.238,0.2688,0.2492,0.3108,0.3724,0.336,0.5908,0.8008,0.9408,1.3636,1.2712,1.1592,1.0416,1.3132,1.1172,1.0052,1.036,1.246,1.3083
Lao People's Democratic Republic,Food Transport,Emissions (CO2eq) from N2O (AR5),kilotonnes,0.106,0.106,0.106,0.106,0.106,0.1325,0.159,0.1325,0.212,0.2915,0.3445,0.583,0.6095,0.5565,0.53,0.689,0.636,0.5565,0.583,0.6095,0.6373
Lao People's Democratic Republic,Food Transport,Emissions (CO2eq) (AR5),kilotonnes,24.9581,25.6461,24.965,27.6753,27.7292,32.3083,40.9074,31.036,51.2533,68.6623,85.9523,137.9441,142.9722,130.1857,125.9816,161.4807,146.1237,132.0417,135.592,144.8182,143.4715
Lao People's Democratic Republic,Energy,Emissions (CH4),kilotonnes,18.2,18.2,18.9,18.8,19.5,19.7,20,20.7,21.5,21.8,23.2,25.9,25.8,28.5,30.6,39.6,54,52.4,56.8,52,54.6
Lao People's Democratic Republic,Energy,Emissions (N2O),kilotonnes,0.224,0.226,0.227,0.228,0.229,0.23,0.234,0.232,0.238,0.241,0.249,0.279,0.275,0.295,0.29,0.397,0.517,0.541,0.546,0.504,0.527
Lao People's Democratic Republic,Energy,Emissions (CO2),kilotonnes,921,1020,1070,1120,1180,1240,1600,1680,1980,2290,2550,2680,2840,3450,3620,8070,13500,17200,18200,19900,19700
Lao People's Democratic Republic,Energy,Emissions (CO2eq) from CH4 (AR5),kilotonnes,509.6,509.6,529.2,526.4,546,551.6,560,579.6,602,610.4,649.6,725.2,722.4,798,856.8,1108.8,1512,1467.2,1590.4,1456,1528.8
Lao People's Democratic Republic,Energy,Emissions (CO2eq) from N2O (AR5),kilotonnes,59.36,59.89,60.155,60.42,60.685,60.95,62.01,61.48,63.07,63.865,65.985,73.935,72.875,78.175,76.85,105.205,137.005,143.365,144.69,133.56,139.655
Lao People's Democratic Republic,Energy,Emissions (CO2eq) (AR5),kilotonnes,1489.96,1589.49,1659.355,1706.82,1786.685,1852.55,2222.01,2321.08,2645.07,2964.265,3265.585,3479.135,3635.275,4326.175,4553.65,9284.005,15149.005,18810.565,19935.09,21489.56,21368.455
Lao People's Democratic Republic,IPPU,Emissions (N2O),kilotonnes,0,0,0,0,0,0,0,0,0,0,0.0001,0.0001,0.0001,0.0001,0.0001,0.0001,0.0001,0.0001,0.0001,0.0001,0.0001
Lao People's Democratic Republic,IPPU,Emissions (CO2),kilotonnes,53.1,53,112,116,116,116,175,173,172,401,477,511,586,844,860,1200,1320,1530,1860,2070,2070
Lao People's Democratic Republic,IPPU,Emissions (CO2eq) from N2O (AR5),kilotonnes,0.0113,0.0115,0.0117,0.0118,0.012,0.0122,0.0124,0.0126,0.0128,0.013,0.0133,0.0134,0.0136,0.0138,0.0139,0.0141,0.0143,0.0145,0.0148,0.0149,0.0151
Lao People's Democratic Republic,IPPU,Emissions (CO2eq) (AR5),kilotonnes,53.1113,53.0115,112.0117,116.0118,116.012,116.0122,175.0124,173.0126,172.0128,401.013,477.0133,511.0134,586.0136,844.0138,860.0139,1200.0141,1320.0143,1530.0145,1860.0148,2070.0149,2070.0151
Lao People's Democratic Republic,Waste,Emissions (CH4),kilotonnes,27.5,28.1,28.7,29.4,30.1,30.8,31.5,32.3,33.1,33.9,34.7,35.5,36.3,37,37.8,38.5,39.3,40,40.8,41.6,42.4
Lao People's Democratic Republic,Waste,Emissions (N2O),kilotonnes,0.196,0.2,0.203,0.21,0.217,0.223,0.228,0.234,0.237,0.245,0.253,0.264,0.272,0.281,0.301,0.326,0.353,0.365,0.371,0.37,0.381
Lao People's Democratic Republic,Waste,Emissions (CO2),kilotonnes,6.5,6.92,7.34,7.78,8.22,8.69,9.02,9.36,9.72,10.1,10.4,10.8,11.1,11.5,11.9,12.3,12.7,13.1,13.5,13.8,14.2
Lao People's Democratic Republic,Waste,Emissions (CO2eq) from CH4 (AR5),kilotonnes,770,786.8,803.6,823.2,842.8,862.4,882,904.4,926.8,949.2,971.6,994,1016.4,1036,1058.4,1078,1100.4,1120,1142.4,1164.8,1187.2
Lao People's Democratic Republic,Waste,Emissions (CO2eq) from N2O (AR5),kilotonnes,51.94,53,53.795,55.65,57.505,59.095,60.42,62.01,62.805,64.925,67.045,69.96,72.08,74.465,79.765,86.39,93.545,96.725,98.315,98.05,100.965
Lao People's Democratic Republic,Waste,Emissions (CO2eq) (AR5),kilotonnes,828.44,846.72,864.735,886.63,908.525,930.185,951.44,975.77,999.325,1024.225,1049.045,1074.76,1099.58,1121.965,1150.065,1176.69,1206.645,1229.825,1254.215,1276.65,1302.365
Lao People's Democratic Republic,Other,Emissions (N2O),kilotonnes,0.141,0.149,0.154,0.16,0.162,0.168,0.177,0.169,0.176,0.182,0.196,0.218,0.225,0.244,0.257,0.326,0.36,0.347,0.353,0.362,0.377
Lao People's Democratic Republic,Other,Emissions (CO2eq) from N2O (AR5),kilotonnes,37.365,39.485,40.81,42.4,42.93,44.52,46.905,44.785,46.64,48.23,51.94,57.77,59.625,64.66,68.105,86.39,95.4,91.955,93.545,95.93,99.905
Lao People's Democratic Republic,Other,Emissions (CO2eq) (AR5),kilotonnes,37.365,39.485,40.81,42.4,42.93,44.52,46.905,44.785,46.64,48.23,51.94,57.77,59.625,64.66,68.105,86.39,95.4,91.955,93.545,95.93,99.905
Lao People's Democratic Republic,Farm-gate emissions,Emissions (CH4),kilotonnes,198.591,205.4722,209.1798,214.0466,222.657,218.0068,219.3032,227.5213,232.8378,242.2191,256.9014,247.8021,269.8681,269.4038,275.1466,282.3668,293.1749,291.8015,283.3338,288.3432,299.5955
Lao People's Democratic Republic,Farm-gate emissions,Direct emissions (N2O),kilotonnes,2.6803,2.7813,2.876,2.9512,3.0437,3.0421,3.142,3.2309,3.4167,3.5404,3.6083,3.695,3.9269,3.9691,4.1224,4.247,4.3849,4.4093,4.3752,4.4695,4.6553
Lao People's Democratic Republic,Farm-gate emissions,Indirect emissions (N2O),kilotonnes,0.7042,0.7299,0.757,0.7782,0.8034,0.8043,0.8323,0.8577,0.9044,0.94,0.9615,0.9867,1.0461,1.0603,1.0988,1.134,1.1745,1.1864,1.1829,1.2135,1.2631
Lao People's Democratic Republic,Farm-gate emissions,Emissions (N2O),kilotonnes,5.1227,5.3076,5.5738,5.7338,6.2559,6.2499,6.1644,6.8505,6.6448,7.0428,7.82,7.1754,7.8159,8.0589,7.9585,8.3409,8.8188,8.5218,8.4394,8.9155,9.5973
Lao People's Democratic Republic,Farm-gate emissions,Emissions (CO2),kilotonnes,42.808,45.8529,45.7552,45.4249,48.4557,48.6913,260.7309,212.6786,261.6162,307.7493,291.5283,314.3107,259.6174,311.8816,104.5205,125.7967,166.1858,172.2062,175.2058,189.3429,189.3429
Lao People's Democratic Republic,Farm-gate emissions,Emissions (CO2eq) from CH4 (AR5),kilotonnes,5560.5468,5753.2211,5857.0358,5993.305,6234.3947,6104.1893,6140.4909,6370.5965,6519.457,6782.1343,7193.24,6938.4582,7556.3071,7543.3067,7704.1048,7906.271,8208.8973,8170.4427,7933.3475,8073.6087,8388.6751
Lao People's Democratic Republic,Farm-gate emissions,Emissions (CO2eq) from N2O (AR5),kilotonnes,1357.5273,1406.5047,1477.0598,1519.4553,1657.8143,1656.2272,1633.5766,1815.3806,1760.879,1866.3394,2072.305,1901.4705,2071.2057,2135.6045,2108.9941,2210.3494,2336.9804,2258.2801,2236.4358,2362.6173,2543.2825
Lao People's Democratic Republic,Farm-gate emissions,Emissions (CO2eq) (AR5),kilotonnes,6960.8821,7205.5786,7379.8508,7558.1852,7940.6647,7809.1079,8034.7984,8398.6557,8541.9522,8956.223,9557.0733,9154.2394,9887.1302,9990.7929,9917.6194,10242.4171,10712.0635,10600.9289,10344.9891,10625.5689,11121.3005
Lao People's Democratic Republic,Land Use change,Emissions (CH4),kilotonnes,29.9253,4.8183,16.2902,16.757,64.0452,31.9226,16.0964,58.6975,14.0587,17.1149,49.9296,12.4024,16.0986,28.8557,23.271,23.412,33.5116,12.2283,10.7425,19.4048,48.9725
Lao People's Democratic Republic,Land Use change,Emissions (N2O),kilotonnes,0.8802,0.4399,1.4874,1.53,5.8476,2.9147,1.4697,5.3593,1.2836,1.5627,4.5588,1.1324,1.4699,2.6346,2.1247,2.1376,3.0598,1.1165,0.9808,1.7717,4.4714
Lao People's Democratic Republic,Land Use change,Emissions (CO2),kilotonnes,10503.3647,12570.1153,12570.1153,12570.1153,12570.1153,12570.1153,12570.1153,12570.1153,12570.1153,12570.1153,12570.1153,13078.9505,13078.9505,13078.9505,13078.9505,13078.9505,13078.9505,13078.9505,13078.9505,13078.9505,13078.9505
Lao People's Democratic Republic,Land Use change,Emissions (CO2eq) from CH4 (AR5),kilotonnes,837.9084,134.911,456.1251,469.1946,1793.2649,893.8327,450.6984,1643.5298,393.6423,479.2163,1398.029,347.2667,450.7609,807.9585,651.5873,655.5349,938.3247,342.3928,300.7909,543.3347,1371.2287
Lao People's Democratic Republic,Land Use change,Emissions (CO2eq) from N2O (AR5),kilotonnes,233.2413,116.5807,394.1516,405.4454,1549.6148,772.388,389.4622,1420.2241,340.1583,414.1054,1208.0794,300.0837,389.5162,698.1816,563.0564,566.4677,810.8349,295.872,259.9225,469.512,1184.9205
Lao People's Democratic Republic,Land Use change,Emissions (CO2eq) (AR5),kilotonnes,11574.5144,12821.607,13420.3919,13444.7552,15912.995,14236.3359,13410.2758,15633.8691,13303.9158,13463.4369,15176.2236,13726.3009,13919.2276,14585.0906,14293.5943,14300.9531,14828.11,13717.2153,13639.6639,14091.7972,15635.0997
Lao People's Democratic Republic,Emissions on agricultural land,Emissions (CH4),kilotonnes,228.5163,210.2904,225.47,230.8036,286.7021,249.9294,235.3996,286.2188,246.8964,259.3339,306.831,260.2045,285.9667,298.2595,298.4176,305.7788,326.6865,304.0298,294.0764,307.748,348.568
Lao People's Democratic Republic,Emissions on agricultural land,Emissions (N2O),kilotonnes,6.0029,5.7475,7.0612,7.2638,12.1035,9.1646,7.6341,12.2098,7.9284,8.6055,12.3788,8.3078,9.2857,10.6935,10.0832,10.4786,11.8785,9.6383,9.4202,10.6873,14.0687
Lao People's Democratic Republic,Emissions on agricultural land,Emissions (CO2),kilotonnes,10546.1726,12615.9682,12615.8705,12615.5401,12618.571,12618.8066,12830.8462,12782.7939,12831.7314,12877.8646,12861.6435,13393.2612,13338.5679,13390.8321,13183.471,13204.7472,13245.1363,13251.1567,13254.1563,13268.2934,13268.2934
Lao People's Democratic Republic,Emissions on agricultural land,Emissions (CO2eq) from CH4 (AR5),kilotonnes,6398.4552,5888.1321,6313.1609,6462.4997,8027.6596,6998.022,6591.1893,8014.1262,6913.0993,7261.3505,8591.2689,7285.7249,8007.068,8351.2653,8355.6921,8561.806,9147.2219,8512.8354,8234.1384,8616.9433,9759.9038
Lao People's Democratic Republic,Emissions on agricultural land,Emissions (CO2eq) from N2O (AR5),kilotonnes,1590.7687,1523.0854,1871.2114,1924.9007,3207.4291,2428.6153,2023.0387,3235.6047,2101.0373,2280.4448,3280.3844,2201.5542,2460.7219,2833.7861,2672.0506,2776.8171,3147.8153,2554.1521,2496.3583,2832.1294,3728.203
Lao People's Democratic Republic,Emissions on agricultural land,Emissions (CO2eq) (AR5),kilotonnes,18535.3965,20027.1856,20800.2427,21002.9405,23853.6597,22045.4438,21445.0742,24032.5248,21845.868,22419.6599,24733.2969,22880.5402,23806.3578,24575.8835,24211.2137,24543.3702,25540.1735,24318.1442,23984.653,24717.3661,26756.4002
Lao People's Democratic Republic,Pre- and post- production,Emissions (CH4),kilotonnes,15.0329,15.1809,15.2909,15.451,15.5987,15.7731,16.0142,16.3732,16.6393,16.9122,17.2077,17.6237,17.8539,18.1431,18.2166,18.5959,18.9778,19.2269,19.4974,19.541,19.6989
Lao People's Democratic Republic,Pre- and post- production,Emissions (N2O),kilotonnes,0.1016,0.1049,0.1112,0.1135,0.1158,0.1208,0.1216,0.1262,0.127,0.1354,0.1406,0.1498,0.1507,0.1587,0.1801,0.1907,0.2004,0.2022,0.2056,0.2079,0.2107
Lao People's Democratic Republic,Pre- and post- production,Emissions (CO2),kilotonnes,69.5394,81.7688,82.7557,92.6744,105.8741,113.8031,127.7575,152.3732,184.8375,222.167,241.343,320.6373,349.4391,370.3131,371.5505,515.9114,661.4217,747.2486,758.5214,848.7475,840.3699
Lao People's Democratic Republic,Pre- and post- production,Emissions (CO2eq) from CH4 (AR5),kilotonnes,420.9214,425.064,428.1452,432.629,436.7641,441.6471,448.3974,458.4507,465.8995,473.5426,481.8166,493.4648,499.9099,508.0078,510.0661,520.6849,531.3775,538.352,545.9262,547.1476,551.5685
Lao People's Democratic Republic,Pre- and post- production,Emissions (CO2eq) from N2O (AR5),kilotonnes,26.9342,27.7901,29.4582,30.0792,30.6873,32.0194,32.2191,33.4504,33.6679,35.8786,37.2605,39.702,39.947,42.065,47.7258,50.5446,53.097,53.5846,54.4773,55.0859,55.8393
Lao People's Democratic Republic,Pre- and post- production,Emissions (CO2eq) (AR5),kilotonnes,517.395,534.6229,540.359,555.3827,573.3255,587.4697,608.374,644.2742,684.4049,731.5883,760.4201,853.8041,889.296,920.3859,929.3424,1087.1409,1245.8961,1339.1852,1358.9249,1450.981,1447.7777
Lao People's Democratic Republic,Agri-food systems,Emissions (CH4),kilotonnes,243.5492,225.4713,240.7609,246.2546,302.3008,265.7025,251.4138,302.592,263.5357,276.2462,324.0388,277.8282,303.8206,316.4026,316.6342,324.3747,345.6643,323.2567,313.5737,327.289,368.2669
Lao People's Democratic Republic,Agri-food systems,Emissions (N2O),kilotonnes,6.1045,5.8524,7.1723,7.3773,12.2193,9.2854,7.7557,12.3361,8.0555,8.7408,12.5194,8.4576,9.4365,10.8523,10.2633,10.6693,12.0789,9.8405,9.6258,10.8952,14.2794
Lao People's Democratic Republic,Agri-food systems,Emissions (CO2),kilotonnes,10615.7121,12697.7369,12698.6261,12708.2146,12724.4451,12732.6097,12958.6037,12935.167,13016.5689,13100.0316,13102.9865,13713.8984,13688.007,13761.1453,13555.0215,13720.6585,13906.558,13998.4053,14012.6778,14117.0409,14108.6633
Lao People's Democratic Republic,Agri-food systems,Emissions (CO2eq) from CH4 (AR5),kilotonnes,6819.3766,6313.1961,6741.3061,6895.1287,8464.4238,7439.6691,7039.5867,8472.5769,7378.9988,7734.8931,9073.0855,7779.1897,8506.9779,8859.273,8865.7582,9082.4909,9678.5994,9051.1875,8780.0646,9164.0909,10311.4723
Lao People's Democratic Republic,Agri-food systems,Emissions (CO2eq) from N2O (AR5),kilotonnes,1617.7028,1550.8755,1900.6696,1954.9799,3238.1164,2460.6347,2055.2579,3269.0551,2134.7052,2316.3234,3317.6449,2241.2561,2500.6689,2875.851,2719.7764,2827.3617,3200.9123,2607.7367,2550.8356,2887.2153,3784.0423
Lao People's Democratic Republic,Agri-food systems,Emissions (CO2eq) (AR5),kilotonnes,19052.7915,20561.8085,21340.6018,21558.3231,24426.9852,22632.9135,22053.4483,24676.799,22530.2729,23151.2481,25493.7169,23734.3443,24695.6538,25496.2693,25140.5561,25630.5111,26786.0696,25657.3294,25343.5779,26168.3471,28204.1779
Lao People's Democratic Republic,IPCC Agriculture,Emissions (CH4),kilotonnes,198.583,205.4641,209.1717,214.0387,222.6489,217.9985,219.2825,227.5027,232.8159,242.1937,256.8754,247.7757,269.8456,269.3772,275.1326,282.3522,293.1578,291.7841,283.3156,288.3241,299.5765
Lao People's Democratic Republic,IPCC Agriculture,Emissions (CH4),kilotonnes,251.41,,,,,,,,,,,,,,,,,,,,
Lao People's Democratic Republic,IPCC Agriculture,Direct emissions (N2O),kilotonnes,2.6803,2.7813,2.876,2.9512,3.0437,3.0421,3.142,3.2309,3.4167,3.5404,3.6083,3.695,3.9269,3.9691,4.1224,4.247,4.3849,4.4093,4.3752,4.4695,4.6553
Lao People's Democratic Republic,IPCC Agriculture,Indirect emissions (N2O),kilotonnes,0.7042,0.7299,0.757,0.7782,0.8034,0.8043,0.8323,0.8577,0.9044,0.94,0.9615,0.9867,1.0461,1.0603,1.0988,1.134,1.1745,1.1864,1.1829,1.2135,1.2631
Lao People's Democratic Republic,IPCC Agriculture,Emissions (N2O),kilotonnes,5.1079,5.2915,5.5577,5.7177,6.2386,6.2326,6.0655,6.7704,6.5459,6.9263,7.7099,7.0564,7.7178,7.9413,7.9206,8.2949,8.7572,8.458,8.3745,8.8453,9.527
Lao People's Democratic Republic,IPCC Agriculture,Emissions (N2O),kilotonnes,7.73,,,,,,,,,,,,,,,,,,,,
Lao People's Democratic Republic,IPCC Agriculture,Emissions (CO2eq) from CH4 (AR5),kilotonnes,5560.3245,5752.996,5856.8072,5993.0841,6234.169,6103.9586,6139.9096,6370.0757,6518.8448,6781.4242,7192.5119,6937.719,7555.6767,7542.5621,7703.714,7905.8604,8208.4177,8169.9539,7932.8372,8073.0744,8388.1409
Lao People's Democratic Republic,IPCC Agriculture,Emissions (CO2eq) from CH4 (AR5),kilotonnes,7039.48,,,,,,,,,,,,,,,,,,,,
Lao People's Democratic Republic,IPCC Agriculture,Emissions (CO2eq) from N2O (AR5),kilotonnes,1353.5849,1402.2377,1472.7941,1515.1923,1653.2268,1651.6383,1607.345,1794.1644,1734.6753,1835.4686,2043.1286,1869.9503,2045.2283,2104.4344,2098.95,2198.1522,2320.6455,2241.3569,2219.2475,2344.0002,2524.6654
Lao People's Democratic Republic,IPCC Agriculture,Emissions (CO2eq) from N2O (AR5),kilotonnes,2048.45,,,,,,,,,,,,,,,,,,,,
Lao People's Democratic Republic,IPCC Agriculture,Emissions (CO2eq) (AR5),kilotonnes,6913.9095,7155.2338,7329.6013,7508.2764,7887.3958,7755.5969,7747.2546,8164.2401,8253.5201,8616.8928,9235.6404,8807.6693,9600.9049,9646.9965,9802.664,10104.0126,10529.0632,10411.3108,10152.0847,10417.0746,10912.8063
Lao People's Democratic Republic,IPCC Agriculture,Emissions (CO2eq) (AR5),kilotonnes,9087.93,,,,,,,,,,,,,,,,,,,,
Lao People's Democratic Republic,Agricultural Soils,Direct emissions (N2O),kilotonnes,2.6803,2.7813,2.876,2.9512,3.0437,3.0421,3.142,3.2309,3.4167,3.5404,3.6083,3.695,3.9269,3.9691,4.1224,4.247,4.3849,4.4093,4.3752,4.4695,4.6553
Lao People's Democratic Republic,Agricultural Soils,Indirect emissions (N2O),kilotonnes,0.7042,0.7299,0.757,0.7782,0.8034,0.8043,0.8323,0.8577,0.9044,0.94,0.9615,0.9867,1.0461,1.0603,1.0988,1.134,1.1745,1.1864,1.1829,1.2135,1.2631
Lao People's Democratic Republic,Agricultural Soils,Emissions (N2O),kilotonnes,3.3845,3.5111,3.633,3.7294,3.8472,3.8464,3.9742,4.0886,4.3211,4.4804,4.5697,4.6817,4.973,5.0294,5.2211,5.381,5.5595,5.5956,5.5581,5.683,5.9184
Lao People's Democratic Republic,Agricultural Soils,Emissions (N2O),kilotonnes,7.72,,,,,,,,,,,,,,,,,,,,
Lao People's Democratic Republic,Agricultural Soils,Emissions (CO2eq) from N2O (AR5),kilotonnes,896.8859,930.4451,962.7536,988.2944,1019.5006,1019.3002,1053.1713,1083.4866,1145.0885,1187.3113,1210.9724,1240.6438,1317.8322,1332.8017,1383.6041,1425.966,1473.258,1482.8469,1472.8924,1505.9969,1568.3819
Lao People's Democratic Republic,Agricultural Soils,Emissions (CO2eq) from N2O (AR5),kilotonnes,2045.8,,,,,,,,,,,,,,,,,,,,
Lao People's Democratic Republic,Agricultural Soils,Emissions (CO2eq) (AR5),kilotonnes,896.8859,930.4451,962.7536,988.2944,1019.5006,1019.3002,1053.1713,1083.4866,1145.0885,1187.3113,1210.9724,1240.6438,1317.8322,1332.8017,1383.6041,1425.966,1473.258,1482.8469,1472.8924,1505.9969,1568.3819
Lao People's Democratic Republic,Agricultural Soils,Emissions (CO2eq) (AR5),kilotonnes,2045.8,,,,,,,,,,,,,,,,,,,,
Lao People's Democratic Republic,LULUCF,Emissions (CH4),kilotonnes,54.4996,7.1278,24.7277,31.5389,114.868,56.6802,28.4291,120.5481,18.7791,30.2993,89.3813,16.8771,35.1359,43.7963,39.4025,35.7202,56.712,19.775,15.6247,35.4501,80.5258
Lao People's Democratic Republic,LULUCF,Emissions (CH4),kilotonnes,52.21,,,,,,,,,,,,,,,,,,,,
Lao People's Democratic Republic,LULUCF,Emissions (N2O),kilotonnes,1.6029,0.6508,2.2577,2.8796,10.4879,5.1751,2.5957,11.0066,1.7146,2.7665,8.1609,1.541,3.2081,3.9988,3.5976,3.2614,5.1781,1.8055,1.4266,3.2368,7.3524
Lao People's Democratic Republic,LULUCF,Emissions (N2O),kilotonnes,0.36,,,,,,,,,,,,,,,,,,,,
Lao People's Democratic Republic,LULUCF,Emissions (CO2),kilotonnes,10503.3647,12174.3545,12174.3545,12174.3545,12174.3545,12174.3545,12174.3545,12174.3545,12174.3545,12174.3545,12174.3545,8669.045,8669.045,8669.045,8669.045,8669.045,8669.045,8669.045,8669.045,8669.045,8669.045
Lao People's Democratic Republic,LULUCF,Emissions (CO2),kilotonnes,40711.78,,,,,,,,,,,,,,,,,,,,
Lao People's Democratic Republic,LULUCF,Emissions (CO2eq) from CH4 (AR5),kilotonnes,1525.9885,199.5791,692.3763,883.0892,3216.3046,1587.0453,796.0138,3375.3457,525.8146,848.3792,2502.6758,472.5596,983.8062,1226.2978,1103.2704,1000.1645,1587.9355,553.7006,437.4919,992.604,2254.723
Lao People's Democratic Republic,LULUCF,Emissions (CO2eq) from N2O (AR5),kilotonnes,424.7762,172.4624,598.3034,763.1043,2779.3067,1371.4142,687.8597,2916.739,454.3724,733.1103,2162.6383,408.3531,850.1369,1059.6812,953.3695,864.2726,1372.1834,478.4696,378.0501,857.7393,1948.3748
Lao People's Democratic Republic,LULUCF,Emissions (CO2eq) (AR5),kilotonnes,12454.1294,12546.396,13465.0342,13820.548,18169.9657,15132.814,13658.228,18466.4392,13154.5415,13755.844,16839.6686,9549.9578,10502.9881,10955.024,10725.6849,10533.4821,11629.1638,9701.2152,9484.5871,10519.3882,12872.1427
Lao People's Democratic Republic,LULUCF,Emissions (CO2eq) (AR5),kilotonnes,40711.78,,,,,,,,,,,,,,,,,,,,
Lao People's Democratic Republic,AFOLU,Emissions (CH4),kilotonnes,253.0826,212.592,233.8994,245.5776,337.5169,274.6787,247.7115,348.0508,251.595,272.493,346.2567,264.6528,304.9815,313.1736,314.5352,318.0723,349.8698,311.5591,298.9403,323.7742,380.1023
Lao People's Democratic Republic,AFOLU,Emissions (N2O),kilotonnes,6.7108,5.9423,7.8155,8.5973,16.7265,11.4077,8.6612,17.777,8.2606,9.6928,15.8708,8.5974,10.9259,11.9401,11.5182,11.5563,13.9352,10.2635,9.8011,12.082,16.8794
Lao People's Democratic Republic,AFOLU,Emissions (CO2),kilotonnes,10503.3647,12174.3545,12174.3545,12174.3545,12174.3545,12174.3545,12174.3545,12174.3545,12174.3545,12174.3545,12174.3545,8669.045,8669.045,8669.045,8669.045,8669.045,8669.045,8669.045,8669.045,8669.045,8669.045
Lao People's Democratic Republic,AFOLU,Emissions (CO2eq) from CH4 (AR5),kilotonnes,7086.3131,5952.5751,6549.1835,6876.1733,9450.4735,7691.0039,6935.9233,9745.4214,7044.6594,7629.8034,9695.1876,7410.2786,8539.4829,8768.8598,8806.9844,8906.0249,9796.3531,8723.6546,8370.3292,9065.6784,10642.8639
Lao People's Democratic Republic,AFOLU,Emissions (CO2eq) from N2O (AR5),kilotonnes,1778.3611,1574.7001,2071.0975,2278.2966,4432.5335,3023.0525,2295.2048,4710.9034,2189.0477,2568.5789,4205.7669,2278.3034,2895.3652,3164.1156,3052.3195,3062.4248,3692.8289,2719.8265,2597.2976,3201.7395,4473.0401
Lao People's Democratic Republic,AFOLU,Emissions (CO2eq) (AR5),kilotonnes,19368.0389,19701.6297,20794.6355,21328.8244,26057.3615,22888.4109,21405.4826,26630.6793,21408.0616,22372.7368,26075.309,18357.627,20103.893,20602.0205,20528.3489,20637.4947,22158.227,20112.5261,19636.6718,20936.4629,23784.949
Lao People's Democratic Republic,All sectors with LULUCF,Emissions (CH4),kilotonnes,298.7826,258.892,281.4994,293.7776,387.1169,325.1787,299.2115,401.0508,306.195,328.193,404.1567,326.0528,367.0815,378.6736,382.9352,396.1723,443.1698,403.9591,396.5403,417.3742,477.1023
Lao People's Democratic Republic,All sectors with LULUCF,Emissions (N2O),kilotonnes,7.2718,6.5173,8.3995,9.1954,17.3346,12.0288,9.3002,18.412,8.9116,10.3608,16.5689,9.3584,11.698,12.7601,12.3662,12.6054,15.1653,11.5166,11.0712,13.3181,18.1645
Lao People's Democratic Republic,All sectors with LULUCF,Emissions (CO2),kilotonnes,11483.9647,13254.2745,13363.6945,13418.1345,13478.5745,13539.0445,13958.3745,14036.7145,14336.0745,14875.4545,15211.7545,11870.845,12106.145,12974.545,13160.945,17951.345,23501.745,27412.145,28742.545,30652.845,30453.245
Lao People's Democratic Republic,All sectors with LULUCF,Emissions (CO2eq) from CH4 (AR5),kilotonnes,8365.9131,7248.9751,7881.9835,8225.7733,10839.2735,9105.0039,8377.9233,11229.4214,8573.4594,9189.4034,11316.3876,9129.4786,10278.2829,10602.8598,10722.1844,11092.8249,12408.7531,11310.8546,11103.1292,11686.4784,13358.8639
Lao People's Democratic Republic,All sectors with LULUCF,Emissions (CO2eq) from N2O (AR5),kilotonnes,1927.0374,1727.0866,2225.8692,2436.7784,4593.6655,3187.6297,2464.5522,4879.191,2361.5756,2745.612,4390.7501,2479.9819,3099.9588,3381.4294,3277.0534,3340.4239,4018.7932,3051.886,2933.8623,3529.2944,4813.5803
Lao People's Democratic Republic,All sectors with LULUCF,Emissions (CO2eq) (AR5),kilotonnes,21776.9152,22230.3362,23471.5471,24080.6862,28911.5135,25831.6781,24800.85,30145.3269,25271.1095,26810.4699,30918.8922,23480.3055,25484.3866,26958.8342,27160.1829,32384.5938,39929.2914,41774.8856,42779.5365,45868.6178,48625.6892
Lao People's Democratic Republic,All sectors without LULUCF,Emissions (CH4),kilotonnes,244.283,251.7641,256.7717,262.2387,272.2489,268.4985,270.7825,280.5027,287.4159,297.8937,314.7754,309.1757,331.9456,334.8772,343.5326,360.4522,386.4578,384.1841,380.9156,381.9241,396.5765
Lao People's Democratic Republic,All sectors without LULUCF,Emissions (N2O),kilotonnes,5.6689,5.8665,6.1418,6.3158,6.8466,6.8536,6.7045,7.4055,7.197,7.5943,8.408,7.8175,8.4899,8.7613,8.7686,9.344,9.9872,9.711,9.6446,10.0813,10.8121
Lao People's Democratic Republic,All sectors without LULUCF,Emissions (CO2),kilotonnes,980.6,1079.92,1189.34,1243.78,1304.22,1364.69,1784.02,1862.36,2161.72,2701.1,3037.4,3201.8,3437.1,4305.5,4491.9,9282.3,14832.7,18743.1,20073.5,21983.8,21784.2
Lao People's Democratic Republic,All sectors without LULUCF,Emissions (CO2eq) from CH4 (AR5),kilotonnes,6839.9245,7049.396,7189.6072,7342.6841,7622.969,7517.9586,7581.9096,7854.0757,8047.6448,8341.0242,8813.7119,8656.919,9294.4767,9376.5621,9618.914,10092.6604,10820.8177,10757.1539,10665.6372,10693.8744,11104.1409
Lao People's Democratic Republic,All sectors without LULUCF,Emissions (CO2eq) from N2O (AR5),kilotonnes,1502.2612,1554.6242,1627.5658,1673.6742,1814.3588,1816.2155,1776.6924,1962.452,1907.2032,2012.5017,2228.1118,2071.6287,2249.8219,2321.7482,2323.6839,2476.1513,2646.6099,2573.4165,2555.8122,2671.5551,2865.2055
Lao People's Democratic Republic,All sectors without LULUCF,Emissions (CO2eq) (AR5),kilotonnes,9322.7858,9683.9402,10006.5129,10260.1382,10741.5478,10698.8641,11142.622,11678.8878,12116.568,13054.6259,14079.2237,13930.3477,14981.3985,16003.8103,16434.498,21851.1117,28300.1276,32073.6704,33294.9495,35349.2296,35753.5464
Latvia,Crop Residues,Direct emissions (N2O),kilotonnes,0.209,0.2089,0.2249,0.2115,0.2256,0.2741,0.2514,0.3123,0.3431,0.3342,0.2982,0.2921,0.4187,0.3893,0.441,0.5945,0.5412,0.5419,0.405,0.6038,0.6628
Latvia,Crop Residues,Direct emissions (N2O),kilotonnes,0.195,0.2069,0.2181,0.2138,0.2466,0.2831,0.259,0.3209,0.3302,0.3376,0.311,0.3148,0.4081,0.3882,0.4114,0.5059,0.4831,0.4722,0.3945,0.5329,0.5712
Latvia,Crop Residues,Indirect emissions (N2O),kilotonnes,0.047,0.047,0.0506,0.0476,0.0508,0.0617,0.0566,0.0703,0.0772,0.0752,0.0671,0.0657,0.0942,0.0876,0.0992,0.1338,0.1218,0.1219,0.0911,0.1359,0.1491
Latvia,Crop Residues,Emissions (N2O),kilotonnes,0.256,0.2559,0.2755,0.2591,0.2764,0.3358,0.308,0.3825,0.4203,0.4094,0.3653,0.3578,0.5129,0.4769,0.5403,0.7283,0.6629,0.6639,0.4962,0.7397,0.812
Latvia,Crop Residues,Emissions (N2O),kilotonnes,0.195,0.2069,0.2181,0.2138,0.2466,0.2831,0.259,0.3209,0.3302,0.3376,0.311,0.3148,0.4081,0.3882,0.4114,0.5059,0.4831,0.4722,0.3945,0.5329,0.5712
Latvia,Crop Residues,Emissions (CO2eq) from N2O (AR5),kilotonnes,67.8398,67.8034,73.0063,68.6725,73.2424,88.9856,81.6143,101.374,111.3846,108.4852,96.7929,94.8208,135.9073,126.3777,143.1675,193.0004,175.6727,175.9229,131.4888,196.0239,215.1725
Latvia,Crop Residues,Emissions (CO2eq) from N2O (AR5),kilotonnes,51.6713,54.8228,57.7967,56.6602,65.343,75.0237,68.6328,85.0281,87.492,89.4643,82.4132,83.4217,108.1536,102.8681,109.0174,134.0713,128.017,125.1438,104.538,141.223,151.3784
Latvia,Crop Residues,Emissions (CO2eq) (AR5),kilotonnes,67.8398,67.8034,73.0063,68.6725,73.2424,88.9856,81.6143,101.374,111.3846,108.4852,96.7929,94.8208,135.9073,126.3777,143.1675,193.0004,175.6727,175.9229,131.4888,196.0239,215.1725
Latvia,Crop Residues,Emissions (CO2eq) (AR5),kilotonnes,51.6713,54.8228,57.7967,56.6602,65.343,75.0237,68.6328,85.0281,87.492,89.4643,82.4132,83.4217,108.1536,102.8681,109.0174,134.0713,128.017,125.1438,104.538,141.223,151.3784
Latvia,Burning - Crop residues,Emissions (CH4),kilotonnes,0.1707,0.1801,0.1658,0.1812,0.1835,0.2024,0.2323,0.2426,0.2771,0.3086,0.3253,0.3315,0.3806,0.3988,0.4229,0.4831,0.5174,0.4825,0.4506,0.5321,0.5381
Latvia,Burning - Crop residues,Emissions (N2O),kilotonnes,0.0044,0.0047,0.0043,0.0047,0.0048,0.0052,0.006,0.0063,0.0072,0.008,0.0084,0.0086,0.0099,0.0103,0.011,0.0125,0.0134,0.0125,0.0117,0.0138,0.0139
Latvia,Burning - Crop residues,Emissions (CO2eq) from CH4 (AR5),kilotonnes,4.7809,5.044,4.6418,5.0743,5.1378,5.667,6.5046,6.7919,7.7596,8.6396,9.1083,9.2807,10.6566,11.1676,11.842,13.5264,14.488,13.5112,12.6161,14.8992,15.0656
Latvia,Burning - Crop residues,Emissions (CO2eq) from N2O (AR5),kilotonnes,1.1731,1.2377,1.139,1.2451,1.2607,1.3905,1.596,1.6665,1.904,2.1199,2.2349,2.2772,2.6148,2.7402,2.9057,3.319,3.5549,3.3153,3.0956,3.6558,3.6966
Latvia,Burning - Crop residues,Emissions (CO2eq) (AR5),kilotonnes,5.954,6.2817,5.7808,6.3193,6.3984,7.0575,8.1007,8.4584,9.6636,10.7595,11.3432,11.5579,13.2714,13.9078,14.7477,16.8453,18.0429,16.8265,15.7118,18.5551,18.7622
Latvia,Enteric Fermentation,Emissions (CH4),kilotonnes,35.1106,34.4012,35.7593,35.7285,34.0906,33.6395,34.3678,33.7106,34.9017,33.308,32.9106,32.96,33.0143,33.747,34.5558,35.5145,35.1882,34.3337,32.7385,32.3174,32.2987
Latvia,Enteric Fermentation,Emissions (CH4),kilotonnes,29.333,30.6931,30.263,30.2394,29.2122,30.1059,30.2785,31.6388,30.6634,30.5575,30.5164,30.8975,31.9082,33.2824,34.4628,34.3292,34.474,34.7536,33.9973,34.0049,34.2411
Latvia,Enteric Fermentation,Emissions (CO2eq) from CH4 (AR5),kilotonnes,983.0982,963.2322,1001.259,1000.398,954.5368,941.9074,962.297,943.8968,977.2476,932.6254,921.4954,922.8786,924.4004,944.916,967.561,994.4061,985.271,961.3449,916.6791,904.8858,904.3636
Latvia,Enteric Fermentation,Emissions (CO2eq) from CH4 (AR5),kilotonnes,821.323,859.4072,847.364,846.7037,817.9403,842.9639,847.7977,885.8856,858.5748,855.6087,854.4589,865.1313,893.4303,931.907,964.9592,961.218,965.2726,973.1008,951.9256,952.1374,958.7512
Latvia,Enteric Fermentation,Emissions (CO2eq) (AR5),kilotonnes,983.0982,963.2322,1001.259,1000.398,954.5368,941.9074,962.297,943.8968,977.2476,932.6254,921.4954,922.8786,924.4004,944.916,967.561,994.4061,985.271,961.3449,916.6791,904.8858,904.3636
Latvia,Enteric Fermentation,Emissions (CO2eq) (AR5),kilotonnes,821.323,859.4072,847.364,846.7037,817.9403,842.9639,847.7977,885.8856,858.5748,855.6087,854.4589,865.1313,893.4303,931.907,964.9592,961.218,965.2726,973.1008,951.9256,952.1374,958.7512
Latvia,Manure Management,Emissions (CH4),kilotonnes,8.3361,8.169,8.5886,8.7377,8.3047,8.1956,8.2437,8.1142,8.2033,7.6967,7.5997,7.7411,7.6063,7.5865,7.7577,7.7332,7.5509,7.3369,6.9154,6.8867,6.8246
Latvia,Manure Management,Emissions (CH4),kilotonnes,3.1357,3.6172,3.7252,3.7535,3.6795,3.8003,3.9159,4.1328,4.0862,4.1047,3.901,3.9142,3.6826,3.6674,3.8642,4.0456,4.0551,4.0702,3.5989,3.7763,3.553
Latvia,Manure Management,Emissions (N2O),kilotonnes,0.3324,0.3256,0.3405,0.3426,0.3264,0.3225,0.3274,0.3227,0.3309,0.3135,0.31,0.3122,0.3093,0.3145,0.3216,0.3242,0.3194,0.3063,0.2911,0.2882,0.2873
Latvia,Manure Management,Emissions (N2O),kilotonnes,0.3485,0.3717,0.3705,0.363,0.351,0.3496,0.3511,0.3579,0.3413,0.3316,0.3164,0.3095,0.2993,0.2945,0.2986,0.2966,0.2904,0.2858,0.2582,0.2596,0.2491
Latvia,Manure Management,Emissions (CO2eq) from CH4 (AR5),kilotonnes,233.4114,228.7312,240.48,244.6546,232.5313,229.478,230.8225,227.1982,229.6934,215.5075,212.793,216.7509,212.9764,212.4225,217.2144,216.5307,211.4264,205.4326,193.6301,192.8271,191.0892
Latvia,Manure Management,Emissions (CO2eq) from CH4 (AR5),kilotonnes,87.8,101.2819,104.3063,105.098,103.0256,106.4092,109.6464,115.7188,114.4131,114.9306,109.2291,109.5975,103.1127,102.6874,108.1981,113.2775,113.5422,113.9667,100.7689,105.7377,99.4842
Latvia,Manure Management,Emissions (CO2eq) from N2O (AR5),kilotonnes,88.083,86.2754,90.2318,90.7895,86.4885,85.4608,86.7562,85.5152,87.6821,83.0755,82.1447,82.7262,81.9725,83.3453,85.2226,85.9063,84.6353,81.1784,77.1382,76.3603,76.1409
Latvia,Manure Management,Emissions (CO2eq) from N2O (AR5),kilotonnes,92.348,98.4964,98.1828,96.2006,93.0155,92.6544,93.0541,94.8548,90.4378,87.8665,83.8382,82.0158,79.3227,78.031,79.1339,78.5972,76.9682,75.7249,68.4099,68.7974,66.0019
Latvia,Manure Management,Emissions (CO2eq) (AR5),kilotonnes,321.4944,315.0065,330.7118,335.4441,319.0199,314.9388,317.5787,312.7134,317.3755,298.5831,294.9377,299.4771,294.9489,295.7678,302.437,302.437,296.0617,286.6111,270.7682,269.1874,267.2301
Latvia,Manure Management,Emissions (CO2eq) (AR5),kilotonnes,180.148,199.7783,202.4891,201.2986,196.0412,199.0636,202.7004,210.5735,204.8509,202.7971,193.0673,191.6132,182.4354,180.7184,187.332,191.8748,190.5104,189.6916,169.1788,174.5351,165.4861
Latvia,Manure left on Pasture,Direct emissions (N2O),kilotonnes,0.2429,0.2382,0.2484,0.2499,0.2426,0.2387,0.2455,0.2407,0.2534,0.2451,0.244,0.2455,0.2462,0.2532,0.2601,0.2691,0.2689,0.2646,0.2542,0.2513,0.2509
Latvia,Manure left on Pasture,Indirect emissions (N2O),kilotonnes,0.0554,0.0547,0.057,0.0574,0.0559,0.055,0.0564,0.0553,0.0584,0.0573,0.0571,0.0577,0.0579,0.0595,0.0609,0.0631,0.0634,0.0627,0.0604,0.0594,0.0589
Latvia,Manure left on Pasture,Emissions (N2O),kilotonnes,0.2983,0.2929,0.3053,0.3072,0.2986,0.2937,0.302,0.2961,0.3118,0.3024,0.3011,0.3032,0.3041,0.3127,0.321,0.3321,0.3323,0.3273,0.3146,0.3107,0.3097
Latvia,Manure left on Pasture,Emissions (CO2eq) from N2O (AR5),kilotonnes,79.05,77.6157,80.9065,81.4198,79.1173,77.8295,80.0262,78.4542,82.6295,80.1233,79.7901,80.3484,80.5899,82.8685,85.0671,88.0176,88.0634,86.7312,83.3734,82.3479,82.0807
Latvia,Manure left on Pasture,Emissions (CO2eq) (AR5),kilotonnes,79.05,77.6157,80.9065,81.4198,79.1173,77.8295,80.0262,78.4542,82.6295,80.1233,79.7901,80.3484,80.5899,82.8685,85.0671,88.0176,88.0634,86.7312,83.3734,82.3479,82.0807
Latvia,Manure applied to Soils,Direct emissions (N2O),kilotonnes,0.3258,0.3183,0.3353,0.3403,0.3268,0.3226,0.328,0.3247,0.3341,0.3164,0.3144,0.3186,0.3134,0.3194,0.3272,0.3266,0.3218,0.3052,0.2909,0.2894,0.2887
Latvia,Manure applied to Soils,Direct emissions (N2O),kilotonnes,0.2967,0.3147,0.3142,0.3069,0.2974,0.2962,0.2991,0.3058,0.2924,0.2842,0.2704,0.2673,0.2575,0.2526,0.2588,0.2555,0.2479,0.2433,0.2144,0.2149,0.2023
Latvia,Manure applied to Soils,Indirect emissions (N2O),kilotonnes,0.1385,0.1353,0.1425,0.1446,0.1389,0.1371,0.1394,0.138,0.142,0.1345,0.1336,0.1354,0.1332,0.1357,0.1391,0.1388,0.1368,0.1297,0.1236,0.123,0.1227
Latvia,Manure applied to Soils,Emissions (N2O),kilotonnes,0.4643,0.4536,0.4778,0.485,0.4657,0.4597,0.4674,0.4626,0.4761,0.4508,0.4481,0.454,0.4465,0.4551,0.4663,0.4655,0.4585,0.4349,0.4145,0.4124,0.4114
Latvia,Manure applied to Soils,Emissions (N2O),kilotonnes,0.2967,0.3147,0.3142,0.3069,0.2974,0.2962,0.2991,0.3058,0.2924,0.2842,0.2704,0.2673,0.2575,0.2526,0.2588,0.2555,0.2479,0.2433,0.2144,0.2149,0.2023
Latvia,Manure applied to Soils,Emissions (CO2eq) from N2O (AR5),kilotonnes,123.0296,120.205,126.6143,128.5133,123.4113,121.8199,123.8614,122.6017,126.1636,119.4744,118.7388,120.3072,118.3333,120.6144,123.5711,123.3458,121.5147,115.2521,109.8441,109.2936,109.0236
Latvia,Manure applied to Soils,Emissions (CO2eq) from N2O (AR5),kilotonnes,78.6233,83.3839,83.2539,81.3248,78.8024,78.4953,79.2632,81.0402,77.4762,75.3175,71.6561,70.8421,68.2295,66.9382,68.5876,67.7035,65.7058,64.482,56.8048,56.9412,53.6089
Latvia,Manure applied to Soils,Emissions (CO2eq) (AR5),kilotonnes,123.0296,120.205,126.6143,128.5133,123.4113,121.8199,123.8614,122.6017,126.1636,119.4744,118.7388,120.3072,118.3333,120.6144,123.5711,123.3458,121.5147,115.2521,109.8441,109.2936,109.0236
Latvia,Manure applied to Soils,Emissions (CO2eq) (AR5),kilotonnes,78.6233,83.3839,83.2539,81.3248,78.8024,78.4953,79.2632,81.0402,77.4762,75.3175,71.6561,70.8421,68.2295,66.9382,68.5876,67.7035,65.7058,64.482,56.8048,56.9412,53.6089
Latvia,Synthetic Fertilizers,Direct emissions (N2O),kilotonnes,0.4478,0.4966,0.4337,0.5893,0.5518,0.6427,0.671,0.7503,0.7893,0.8408,0.9215,0.9723,1.0246,1.0952,1.1461,1.1915,1.2302,1.2169,1.1713,1.2684,1.3254
Latvia,Synthetic Fertilizers,Direct emissions (N2O),kilotonnes,0.3614,0.4966,0.4337,0.5893,0.5531,0.6427,0.671,0.7244,0.7464,0.8156,0.935,0.9397,1.0246,1.0953,1.1456,1.1911,1.2302,1.2163,1.1707,1.2681,1.3247
Latvia,Synthetic Fertilizers,Indirect emissions (N2O),kilotonnes,0.1455,0.1614,0.141,0.1915,0.1793,0.2089,0.2181,0.2439,0.2565,0.2733,0.2995,0.316,0.333,0.3559,0.3725,0.3872,0.3998,0.3955,0.3807,0.4122,0.4308
Latvia,Synthetic Fertilizers,Emissions (N2O),kilotonnes,0.5934,0.658,0.5747,0.7808,0.7311,0.8516,0.8891,0.9942,1.0458,1.1141,1.221,1.2883,1.3576,1.4512,1.5186,1.5787,1.63,1.6124,1.552,1.6807,1.7562
Latvia,Synthetic Fertilizers,Emissions (N2O),kilotonnes,0.3614,0.4966,0.4337,0.5893,0.5531,0.6427,0.671,0.7244,0.7464,0.8156,0.935,0.9397,1.0246,1.0953,1.1456,1.1911,1.2302,1.2163,1.1707,1.2681,1.3247
Latvia,Synthetic Fertilizers,Emissions (CO2eq) from N2O (AR5),kilotonnes,157.2428,174.3586,152.2879,206.9129,193.7422,225.6731,235.6049,263.4581,277.142,295.2399,323.5732,341.4064,359.7747,384.5601,402.4319,418.3504,431.9515,427.2945,411.2878,445.376,465.3941
Latvia,Synthetic Fertilizers,Emissions (CO2eq) from N2O (AR5),kilotonnes,95.7786,131.5914,114.9343,156.1607,146.5829,170.3193,177.815,191.9736,197.8036,216.1264,247.775,249.0243,271.5114,290.2507,303.5764,315.6529,326.0011,322.3157,310.2393,336.0579,351.0493
Latvia,Synthetic Fertilizers,Emissions (CO2eq) (AR5),kilotonnes,157.2428,174.3586,152.2879,206.9129,193.7422,225.6731,235.6049,263.4581,277.142,295.2399,323.5732,341.4064,359.7747,384.5601,402.4319,418.3504,431.9515,427.2945,411.2878,445.376,465.3941
Latvia,Synthetic Fertilizers,Emissions (CO2eq) (AR5),kilotonnes,95.7786,131.5914,114.9343,156.1607,146.5829,170.3193,177.815,191.9736,197.8036,216.1264,247.775,249.0243,271.5114,290.2507,303.5764,315.6529,326.0011,322.3157,310.2393,336.0579,351.0493
Latvia,Drained organic soils,Emissions (CO2eq) (AR5),kilotonnes,5877.5392,5918.8261,5929.5168,5962.307,6039.0017,6051.4882,6088.0695,6130.5323,6192.5426,6205.7276,6257.347,6301.4917,6319.0091,6318.2879,6261.7433,6261.6629,6190.7895,6187.744,6198.4523,6192.161,6203.7355
Latvia,Drained organic soils,Emissions (CO2eq) (AR5),kilotonnes,346.3871,334.9518,323.72,312.6922,301.8684,291.2486,280.8328,270.6211,260.6133,257.7664,254.9653,252.2109,249.5033,246.8423,244.8439,242.8543,240.8706,241.6493,242.4277,243.0049,243.5812
Latvia,Drained organic soils (CO2),Emissions (CO2),kilotonnes,4950.1679,4984.9378,4993.9398,5021.5523,5086.1291,5096.6411,5127.4464,5163.1915,5215.3965,5226.4957,5269.9566,5307.1215,5321.8767,5321.2716,5273.6488,5273.581,5213.8837,5211.3181,5220.3274,5215.0077,5224.7552
Latvia,Drained organic soils (CO2),Emissions (CO2eq) (AR5),kilotonnes,4950.1679,4984.9378,4993.9398,5021.5523,5086.1291,5096.6411,5127.4464,5163.1915,5215.3965,5226.4957,5269.9566,5307.1215,5321.8767,5321.2716,5273.6488,5273.581,5213.8837,5211.3181,5220.3274,5215.0077,5224.7552
Latvia,Drained organic soils (N2O),Emissions (N2O),kilotonnes,3.4995,3.5241,3.5305,3.55,3.5957,3.6032,3.625,3.6503,3.6873,3.6952,3.726,3.7523,3.7628,3.7623,3.7287,3.7286,3.6864,3.6846,3.691,3.6874,3.6943
Latvia,Drained organic soils (N2O),Emissions (N2O),kilotonnes,1.3071,1.264,1.2216,1.18,1.1391,1.0991,1.0597,1.0212,0.9834,0.9727,0.9621,0.9517,0.9415,0.9315,0.9239,0.9164,0.9089,0.9119,0.9148,0.917,0.9192
Latvia,Drained organic soils (N2O),Emissions (CO2eq) from N2O (AR5),kilotonnes,927.3713,933.8883,935.577,940.7547,952.8726,954.8471,960.6231,967.3408,977.1461,979.2319,987.3904,994.3702,997.1324,997.0164,988.0945,988.0819,976.9057,976.4258,978.1249,977.1533,978.9803
Latvia,Drained organic soils (N2O),Emissions (CO2eq) from N2O (AR5),kilotonnes,346.3871,334.9518,323.72,312.6922,301.8684,291.2486,280.8328,270.6211,260.6133,257.7664,254.9653,252.2109,249.5033,246.8423,244.8439,242.8543,240.8706,241.6493,242.4277,243.0049,243.5812
Latvia,Drained organic soils (N2O),Emissions (CO2eq) (AR5),kilotonnes,927.3713,933.8883,935.577,940.7547,952.8726,954.8471,960.6231,967.3408,977.1461,979.2319,987.3904,994.3702,997.1324,997.0164,988.0945,988.0819,976.9057,976.4258,978.1249,977.1533,978.9803
Latvia,Drained organic soils (N2O),Emissions (CO2eq) (AR5),kilotonnes,346.3871,334.9518,323.72,312.6922,301.8684,291.2486,280.8328,270.6211,260.6133,257.7664,254.9653,252.2109,249.5033,246.8423,244.8439,242.8543,240.8706,241.6493,242.4277,243.0049,243.5812
Latvia,On-farm energy use,Emissions (CH4),kilotonnes,0.0546,0.0714,0.0702,0.0577,0.059,0.058,0.0578,0.0576,0.0558,0.0402,0.0447,0.0455,0.0603,0.0451,0.0413,0.0389,0.042,0.0409,0.0406,0.0404,0.0404
Latvia,On-farm energy use,Emissions (N2O),kilotonnes,0.1001,0.1087,0.0989,0.1161,0.1185,0.1209,0.1295,0.1307,0.1184,0.1196,0.1295,0.1332,0.1222,0.1246,0.1257,0.1318,0.1405,0.1503,0.154,0.1596,0.1596
Latvia,On-farm energy use,Emissions (CO2),kilotonnes,325.7333,355.9321,332.2063,378.0734,394.5694,387.1815,397.8301,396.8144,355.3459,340.149,391.8003,394.0283,380.9282,381.4458,377.7745,390.0152,417.9255,432.5518,434.1778,445.4585,445.4585
Latvia,On-farm energy use,Emissions (CO2eq) from CH4 (AR5),kilotonnes,1.5274,1.9999,1.9644,1.6163,1.6516,1.6238,1.6192,1.614,1.5634,1.1244,1.2528,1.2727,1.6882,1.2626,1.1569,1.0905,1.1748,1.1444,1.1362,1.132,1.132
Latvia,On-farm energy use,Emissions (CO2eq) from N2O (AR5),kilotonnes,26.5175,28.8158,26.2094,30.7544,31.411,32.0513,34.3123,34.6366,31.379,31.684,34.3094,35.2896,32.3825,33.0137,33.3114,34.937,37.242,39.8345,40.7997,42.2974,42.2974
Latvia,On-farm energy use,Emissions (CO2eq) (AR5),kilotonnes,353.7782,386.7478,360.3801,410.4441,427.632,420.8566,433.7615,433.065,388.2882,372.9573,427.3625,430.5906,414.9988,415.7221,412.2428,426.0426,456.3423,473.5307,476.1137,488.8879,488.8879
Latvia,Forestland,Emissions (CO2),kilotonnes,-14977.2297,-16189.8034,-16189.8034,-16189.8034,-16189.8034,-16189.8034,-16189.8034,-16189.8034,-16189.8034,-16189.8034,-16189.8034,-5628.8332,-5628.8332,-5628.8332,-5628.8332,-5628.8332,-5710.5915,-5710.5915,-5710.5915,-5710.5915,-5710.5915
Latvia,Forestland,Emissions (CO2),kilotonnes,-14007.774,-14866.5986,-13668.0263,-12923.6982,-9300.9702,-8803.0408,-10182.5374,-9561.2476,-10594.8684,-7697.6843,-5180.0254,-5605.4599,-6179.9412,-5442.211,-1236.4977,-2869.3156,-4101.4454,-5855.8621,-5227.5157,-6112.1282,-3640.0705
Latvia,Forestland,Emissions (CO2eq) (AR5),kilotonnes,-14977.2297,-16189.8034,-16189.8034,-16189.8034,-16189.8034,-16189.8034,-16189.8034,-16189.8034,-16189.8034,-16189.8034,-16189.8034,-5628.8332,-5628.8332,-5628.8332,-5628.8332,-5628.8332,-5710.5915,-5710.5915,-5710.5915,-5710.5915,-5710.5915
Latvia,Forestland,Emissions (CO2eq) (AR5),kilotonnes,-14007.774,-14866.5986,-13668.0263,-12923.6982,-9300.9702,-8803.0408,-10182.5374,-9561.2476,-10594.8684,-7697.6843,-5180.0254,-5605.4599,-6179.9412,-5442.211,-1236.4977,-2869.3156,-4101.4454,-5855.8621,-5227.5157,-6112.1282,-3640.0705
Latvia,Net Forest conversion,Emissions (CO2),kilotonnes,0,0,0,0,0,0,0,0,0,0,0,570.7384,570.7384,570.7384,570.7384,570.7384,581.1366,581.1366,581.1366,581.1366,581.1366
Latvia,Net Forest conversion,Emissions (CO2),kilotonnes,95.5872,457.0803,479.4732,501.9577,523.7056,545.8658,566.4244,586.9839,606.2277,730.831,761.6278,792.3455,821.5889,850.459,651.3676,674.14,693.7282,713.4228,732.7859,857.4435,877.4826
Latvia,Net Forest conversion,Emissions (CO2eq) (AR5),kilotonnes,0,0,0,0,0,0,0,0,0,0,0,570.7384,570.7384,570.7384,570.7384,570.7384,581.1366,581.1366,581.1366,581.1366,581.1366
Latvia,Net Forest conversion,Emissions (CO2eq) (AR5),kilotonnes,95.5872,457.0803,479.4732,501.9577,523.7056,545.8658,566.4244,586.9839,606.2277,730.831,761.6278,792.3455,821.5889,850.459,651.3676,674.14,693.7282,713.4228,732.7859,857.4435,877.4826
Latvia,Savanna fires,Emissions (CH4),kilotonnes,0.0016,0.0158,0.0264,0.125,0.0173,0,0.0132,0.0107,0,0.0056,0.0049,0,0.0056,0.0148,0.0048,0.0077,0,0,0.0114,0.0006,0.0014
Latvia,Savanna fires,Emissions (CH4),kilotonnes,0.0081,0.0172,0.0413,0.0512,0.024,0.0072,0.0922,0.0145,0.0042,0.0159,0.0089,0.0058,0.0067,0.0067,0.0244,0.0116,0.0024,0.0044,0.0072,0.0096,0.0033
Latvia,Savanna fires,Emissions (N2O),kilotonnes,0.0001,0.0014,0.0024,0.0114,0.0016,0,0.0012,0.001,0,0.0005,0.0004,0,0.0005,0.0013,0.0004,0.0007,0,0,0.001,0.0001,0.0001
Latvia,Savanna fires,Emissions (N2O),kilotonnes,0.0007,0.0016,0.0038,0.0047,0.0022,0.0007,0.0084,0.0013,0.0004,0.0015,0.0008,0.0005,0.0006,0.0006,0.0022,0.0011,0.0002,0.0004,0.0007,0.0009,0.0003
Latvia,Savanna fires,Emissions (CO2eq) from CH4 (AR5),kilotonnes,0.0443,0.4422,0.7381,3.4993,0.4839,0,0.3684,0.3009,0,0.1578,0.136,0,0.1574,0.4137,0.1345,0.2152,0,0,0.3201,0.016,0.0388
Latvia,Savanna fires,Emissions (CO2eq) from CH4 (AR5),kilotonnes,0.2263,0.4804,1.1556,1.4346,0.6722,0.2028,2.5826,0.4051,0.1171,0.4465,0.2497,0.1619,0.1872,0.1886,0.6824,0.3259,0.068,0.1237,0.202,0.2687,0.0935
Latvia,Savanna fires,Emissions (CO2eq) from N2O (AR5),kilotonnes,0.0384,0.3821,0.6378,3.0238,0.4181,0,0.3184,0.26,0,0.1364,0.1175,0,0.136,0.3575,0.1162,0.1859,0,0,0.2766,0.0138,0.0335
Latvia,Savanna fires,Emissions (CO2eq) from N2O (AR5),kilotonnes,0.1956,0.4153,0.9985,1.2397,0.5809,0.1752,2.2318,0.3501,0.1012,0.3858,0.2157,0.1399,0.1619,0.163,0.5896,0.2817,0.0588,0.1071,0.1746,0.2321,0.0808
Latvia,Savanna fires,Emissions (CO2eq) (AR5),kilotonnes,0.0827,0.8243,1.3759,6.5231,0.902,0,0.6868,0.5609,0,0.2941,0.2535,0,0.2934,0.7713,0.2507,0.4011,0,0,0.5967,0.0298,0.0723
Latvia,Savanna fires,Emissions (CO2eq) (AR5),kilotonnes,0.4219,0.8957,2.1542,2.6743,1.2531,0.378,4.8144,0.7552,0.2183,0.8324,0.4654,0.3018,0.3492,0.3516,1.272,0.6076,0.1268,0.2308,0.3766,0.5009,0.1744
Latvia,Fires in organic soils,Emissions (CH4),kilotonnes,0,0,0,0,0,0,0,0,0,0,0,0,0,0,0,0,0,0,0,0,0
Latvia,Fires in organic soils,Emissions (CO2),kilotonnes,0,0,0,0,0,0,0,0,0,0,0,0,0,0,0,0,0,0,0,0,0
Latvia,Fires in organic soils,Emissions (CO2eq) from CH4 (AR5),kilotonnes,0,0,0,0,0,0,0,0,0,0,0,0,0,0,0,0,0,0,0,0,0
Latvia,Fires in organic soils,Emissions (CO2eq) (AR5),kilotonnes,0,0,0,0,0,0,0,0,0,0,0,0,0,0,0,0,0,0,0,0,0
Latvia,Forest fires,Emissions (CH4),kilotonnes,0.0329,0.0625,0.115,0.3651,0.0525,0,0,0.01,0,0.005,0.02,0,0,0.005,0,0.0325,0,0.0025,0.0375,0,0
Latvia,Forest fires,Emissions (N2O),kilotonnes,0.0018,0.0057,0.0105,0.0333,0.0048,0,0,0.0009,0,0.0005,0.0018,0,0,0.0005,0,0.003,0,0.0002,0.0034,0,0
Latvia,Forest fires,Emissions (CO2eq) from CH4 (AR5),kilotonnes,0.9202,1.7503,3.2206,10.2228,1.4702,0,0,0.28,0,0.14,0.5601,0,0,0.14,0,0.9101,0,0.07,1.0504,0,0
Latvia,Forest fires,Emissions (CO2eq) from N2O (AR5),kilotonnes,0.4818,1.5125,2.783,8.8338,1.2704,0,0,0.242,0,0.121,0.484,0,0,0.121,0,0.7865,0,0.0605,0.9076,0,0
Latvia,Forest fires,Emissions (CO2eq) (AR5),kilotonnes,1.402,3.2629,6.0036,19.0566,2.7406,0,0,0.522,0,0.261,1.0441,0,0,0.2611,0,1.6966,0,0.1305,1.958,0,0
Latvia,Fires in humid tropical forests,Emissions (CH4),kilotonnes,0,0,0,0,0,0,0,0,0,0,0,0,0,0,0,0,0,0,0,0,0
Latvia,Fires in humid tropical forests,Emissions (N2O),kilotonnes,0,0,0,0,0,0,0,0,0,0,0,0,0,0,0,0,0,0,0,0,0
Latvia,Fires in humid tropical forests,Emissions (CO2eq) from CH4 (AR5),kilotonnes,0,0,0,0,0,0,0,0,0,0,0,0,0,0,0,0,0,0,0,0,0
Latvia,Fires in humid tropical forests,Emissions (CO2eq) from N2O (AR5),kilotonnes,0,0,0,0,0,0,0,0,0,0,0,0,0,0,0,0,0,0,0,0,0
Latvia,Fires in humid tropical forests,Emissions (CO2eq) (AR5),kilotonnes,0,0,0,0,0,0,0,0,0,0,0,0,0,0,0,0,0,0,0,0,0
Latvia,Waste - agri-food systems,Emissions (CH4),kilotonnes,19.123,11.5644,12.0678,12.4,12.5521,12.8974,13.3726,13.5045,20.4251,18.2052,17.7994,17.3071,17.3693,18.0811,18.2069,17.8618,17.2024,16.8932,16.6531,16.4061,16.1519
Latvia,Waste - agri-food systems,Emissions (N2O),kilotonnes,0.0997,0.1005,0.1038,0.108,0.1063,0.107,0.1159,0.1181,0.121,0.1198,0.1146,0.1144,0.1099,0.1096,0.1088,0.1119,0.1128,0.1147,0.1155,0.1163,0.1171
Latvia,Waste - agri-food systems,Emissions (CO2),kilotonnes,27.7757,27.8359,27.9986,28.2526,28.5011,28.7006,28.9904,29.4344,29.6095,29.2371,29.1182,29.2852,29.3156,29.4006,29.4474,29.2758,29.3119,29.4118,29.5601,29.5558,29.5321
Latvia,Waste - agri-food systems,Emissions (CO2eq) from CH4 (AR5),kilotonnes,535.443,323.8035,337.8997,347.1987,351.4593,361.1274,374.434,378.1256,571.9037,509.7468,498.3839,484.5991,486.3399,506.2712,509.7924,500.1317,481.6662,473.0108,466.2857,459.372,452.2535
Latvia,Waste - agri-food systems,Emissions (CO2eq) from N2O (AR5),kilotonnes,26.4171,26.6223,27.5184,28.6211,28.1616,28.3456,30.7148,31.2852,32.063,31.7547,30.3795,30.3233,29.1265,29.0322,28.8192,29.6486,29.8999,30.4046,30.6027,30.8186,31.0343
Latvia,Waste - agri-food systems,Emissions (CO2eq) (AR5),kilotonnes,589.6358,378.2618,393.4167,404.0724,408.122,418.1735,434.1392,438.8452,633.5763,570.7386,557.8817,544.2076,544.782,564.704,568.059,559.0561,540.878,532.8272,526.4484,519.7465,512.8199
Latvia,On-farm electricity use,Emissions (CH4),kilotonnes,0.1884,0.1788,0.186,0.1944,0.1944,0.1872,0.198,0.174,0.1668,0.162,0.1668,0.162,0.1776,0.1848,0.2004,0.1992,0.2184,0.234,0.228,0.2336,0.2336
Latvia,On-farm electricity use,Emissions (N2O),kilotonnes,0.001,0.001,0.001,0.001,0.001,0.001,0.0011,0.0009,0.0009,0.0009,0.0009,0.0009,0.0009,0.001,0.0011,0.0011,0.0012,0.0013,0.0012,0.0013,0.0013
Latvia,On-farm electricity use,Emissions (CO2),kilotonnes,21.2249,18.7173,19.834,21.069,15.705,13.7996,18.5672,15.4258,15.8628,12.9891,16.6357,17.9066,13.4804,16.757,18.1716,18.0627,19.8037,21.2183,20.6742,21.1747,21.1747
Latvia,On-farm electricity use,Emissions (CO2eq) from CH4 (AR5),kilotonnes,5.2752,5.0064,5.208,5.4432,5.4432,5.2416,5.544,4.872,4.6704,4.536,4.6704,4.536,4.9728,5.1744,5.6112,5.5776,6.1152,6.552,6.384,6.5408,6.5408
Latvia,On-farm electricity use,Emissions (CO2eq) from N2O (AR5),kilotonnes,0.265,0.265,0.265,0.265,0.265,0.265,0.2915,0.2385,0.2385,0.2385,0.2385,0.2385,0.2385,0.265,0.2915,0.2915,0.318,0.3445,0.318,0.3445,0.3445
Latvia,On-farm electricity use,Emissions (CO2eq) (AR5),kilotonnes,26.7651,23.9887,25.307,26.7772,21.4132,19.3062,24.4027,20.5363,20.7717,17.7636,21.5446,22.6811,18.6917,22.1964,24.0743,23.9318,26.2369,28.1148,27.3762,28.06,28.06
Latvia,Food Processing,Emissions (CH4),kilotonnes,0.3962,0.404,0.3922,0.3894,0.3699,0.3988,0.4043,0.4369,0.4298,0.3549,0.3725,0.3714,0.3327,0.4081,0.3649,0.3564,0.3643,0.3872,0.3999,0.3999,0.3897
Latvia,Food Processing,Emissions (N2O),kilotonnes,0.004,0.0038,0.0036,0.0033,0.0031,0.0034,0.0034,0.0033,0.0032,0.0027,0.0028,0.0027,0.0023,0.0027,0.0025,0.0024,0.0025,0.0026,0.0026,0.0026,0.0026
Latvia,Food Processing,Emissions (CO2),kilotonnes,362.6635,329.9164,338.095,301.0334,304.3835,300.3786,309.9981,271.1283,235.2134,205.107,214.4502,198.4311,187.1631,193.6402,182.9701,164.451,163.6086,156.6693,157.8463,157.8463,133.5988
Latvia,Food Processing,Emissions (CO2eq) from CH4 (AR5),kilotonnes,11.0936,11.312,10.9816,10.9032,10.3572,11.1664,11.3204,12.2332,12.0344,9.9372,10.43,10.3992,9.3156,11.4268,10.2172,9.9792,10.2004,10.8416,11.1972,11.1972,10.9125
Latvia,Food Processing,Emissions (CO2eq) from N2O (AR5),kilotonnes,1.06,1.007,0.954,0.8745,0.8215,0.901,0.901,0.8745,0.848,0.7155,0.742,0.7155,0.6095,0.7155,0.6625,0.636,0.6625,0.689,0.689,0.689,0.6769
Latvia,Food Processing,Emissions (CO2eq) (AR5),kilotonnes,374.8171,342.2354,350.0306,312.8111,315.5622,312.446,322.2195,284.236,248.0958,215.7597,225.6222,209.5458,197.0882,205.7825,193.8498,175.0662,174.4715,168.1999,169.7325,169.7325,145.1882
Latvia,Food Packaging,Emissions (CH4),kilotonnes,0.0272,0.0288,0.0315,0.0327,0.0325,0.046,0.0406,0.0466,0.0488,0.0461,0.0557,0.0604,0.0681,0.0637,0.0645,0.0591,0.0552,0.0645,0.0689,0.0578,0.0563
Latvia,Food Packaging,Emissions (N2O),kilotonnes,0.0003,0.0002,0.0003,0.0003,0.0002,0.0003,0.0003,0.0003,0.0003,0.0003,0.0004,0.0004,0.0004,0.0004,0.0004,0.0004,0.0004,0.0004,0.0004,0.0003,0.0003
Latvia,Food Packaging,Emissions (CO2),kilotonnes,26.9166,31.5877,38.305,33.1792,31.5646,39.6063,32.8222,33.6288,32.356,21.4806,27.127,26.5302,29.1193,28.8928,27.6105,26.4322,24.6213,27.5372,28.887,17.1771,14.5384
Latvia,Food Packaging,Emissions (CO2eq) from CH4 (AR5),kilotonnes,0.7616,0.8064,0.882,0.9156,0.91,1.288,1.1368,1.3048,1.3664,1.2908,1.5596,1.6912,1.9068,1.7836,1.806,1.6548,1.5456,1.806,1.9292,1.6184,1.5773
Latvia,Food Packaging,Emissions (CO2eq) from N2O (AR5),kilotonnes,0.0795,0.053,0.0795,0.0795,0.053,0.0795,0.0795,0.0795,0.0795,0.0795,0.106,0.106,0.106,0.106,0.106,0.106,0.106,0.106,0.106,0.0795,0.0781
Latvia,Food Packaging,Emissions (CO2eq) (AR5),kilotonnes,27.7577,32.4471,39.2665,34.1743,32.5276,40.9738,34.0385,35.0131,33.8019,22.8509,28.7926,28.3274,31.1321,30.7824,29.5225,28.193,26.2729,29.4492,30.9222,18.875,16.1938
Latvia,Food Retail,Emissions (CH4),kilotonnes,0.3208,0.3223,0.3509,0.3724,0.3812,0.4005,0.4257,0.4707,0.4559,0.4151,0.4314,0.4257,0.4808,0.465,0.4831,0.4611,0.4752,0.4798,0.4812,0.4779,0.4658
Latvia,Food Retail,Emissions (N2O),kilotonnes,0.0022,0.0024,0.0024,0.0025,0.0025,0.0026,0.0029,0.0029,0.0029,0.0027,0.0028,0.0027,0.0027,0.0028,0.0029,0.0027,0.0027,0.0027,0.0027,0.0026,0.0026
Latvia,Food Retail,Emissions (CO2),kilotonnes,89.5611,90.5221,97.6344,104.354,98.4996,91.3884,108.0529,109.9702,106.7087,91.2891,106.7152,103.9705,87.6922,91.7337,94.1755,90.036,87.623,87.7861,89.1067,77.6222,65.6983
Latvia,Food Retail,Emissions (CO2eq) from F-gases (AR5),kilotonnes,243.6455,336.1165,455.082,616.6465,833.7975,916.398,1049.39,1181.8625,1196.928,1204.7205,1209.396,1211.9935,1213.552,1215.1105,1215.1105,1215.1105,1326.2835,1354.856,1383.948,1413.04,1375.2582
Latvia,Food Retail,Emissions (CO2eq) from CH4 (AR5),kilotonnes,8.9824,9.0244,9.8252,10.4272,10.6736,11.214,11.9196,13.1796,12.7652,11.6228,12.0792,11.9196,13.4624,13.02,13.5268,12.9108,13.3056,13.4344,13.4736,13.3812,13.041
Latvia,Food Retail,Emissions (CO2eq) from N2O (AR5),kilotonnes,0.583,0.636,0.636,0.6625,0.6625,0.689,0.7685,0.7685,0.7685,0.7155,0.742,0.7155,0.7155,0.742,0.7685,0.7155,0.7155,0.7155,0.7155,0.689,0.6769
Latvia,Food Retail,Emissions (CO2eq) (AR5),kilotonnes,342.772,436.299,563.1776,732.0902,943.6332,1019.6894,1170.131,1305.7808,1317.1704,1308.3479,1328.9324,1328.5991,1315.4221,1320.6062,1323.5813,1318.7728,1427.9276,1456.792,1487.2438,1504.7324,1454.6744
Latvia,Food Household Consumption,Emissions (CH4),kilotonnes,0.1815,0.2349,0.2174,0.2306,0.2365,0.2596,0.2711,0.2792,0.3089,0.3055,0.3137,0.2863,0.2632,0.2639,0.2595,0.2591,0.2637,0.2403,0.2326,0.2326,0.2267
Latvia,Food Household Consumption,Emissions (N2O),kilotonnes,0.001,0.0013,0.0012,0.0012,0.0013,0.0014,0.0015,0.0015,0.0017,0.0018,0.0018,0.0017,0.0014,0.0015,0.0015,0.0015,0.0015,0.0014,0.0014,0.0014,0.0014
Latvia,Food Household Consumption,Emissions (CO2),kilotonnes,52.7411,69.2537,63.8323,67.6347,65.3948,69.9682,74.0746,74.0434,78.701,77.0869,93.595,87.1837,72.0514,74.0263,74.1411,71.3221,74.6324,73.393,72.6675,72.6675,61.5047
Latvia,Food Household Consumption,Emissions (CO2eq) from CH4 (AR5),kilotonnes,5.082,6.5772,6.0872,6.4568,6.622,7.2688,7.5908,7.8176,8.6492,8.554,8.7836,8.0164,7.3696,7.3892,7.266,7.2548,7.3836,6.7284,6.5128,6.5128,6.3472
Latvia,Food Household Consumption,Emissions (CO2eq) from N2O (AR5),kilotonnes,0.265,0.3445,0.318,0.318,0.3445,0.371,0.3975,0.3975,0.4505,0.477,0.477,0.4505,0.371,0.3975,0.3975,0.3975,0.3975,0.371,0.371,0.371,0.3645
Latvia,Food Household Consumption,Emissions (CO2eq) (AR5),kilotonnes,58.0881,76.1754,70.2375,74.4095,72.3613,77.608,82.0629,82.2585,87.8007,86.1179,102.8556,95.6506,79.792,81.813,81.8046,78.9744,82.4135,80.4924,79.5513,79.5513,68.2164
Latvia,Food Transport,Emissions (CH4),kilotonnes,0.0364,0.0389,0.0381,0.0388,0.0394,0.0393,0.0412,0.0424,0.0368,0.0298,0.0274,0.0245,0.0244,0.0248,0.0248,0.0242,0.0228,0.0215,0.0212,0.0147,0.0143
Latvia,Food Transport,Emissions (N2O),kilotonnes,0.0167,0.0178,0.0184,0.0205,0.0212,0.0213,0.0202,0.0223,0.0218,0.02,0.0187,0.0196,0.0203,0.0188,0.0188,0.0188,0.0172,0.017,0.0172,0.0161,0.0158
Latvia,Food Transport,Emissions (CO2),kilotonnes,179.615,209.805,216.745,230.175,241.885,251.125,273.1304,307.8533,291.9164,257.522,261.266,235.266,228.9124,229.7764,238.2723,251.1186,251.152,261.9078,263.6099,265.9011,225.0548
Latvia,Food Transport,Emissions (CO2eq) from CH4 (AR5),kilotonnes,1.0192,1.0892,1.0668,1.0864,1.1032,1.1004,1.1536,1.1872,1.0304,0.8344,0.7672,0.686,0.6832,0.6944,0.6944,0.6776,0.6384,0.602,0.5936,0.4116,0.4011
Latvia,Food Transport,Emissions (CO2eq) from N2O (AR5),kilotonnes,4.4255,4.717,4.876,5.4325,5.618,5.6445,5.353,5.9095,5.777,5.3,4.9555,5.194,5.3795,4.982,4.982,4.982,4.558,4.505,4.558,4.2665,4.1914
Latvia,Food Transport,Emissions (CO2eq) (AR5),kilotonnes,185.0597,215.6112,222.6878,236.6939,248.6062,257.8699,279.637,314.95,298.7238,263.6564,266.9887,241.146,234.9751,235.4528,243.9487,256.7782,256.3484,267.0148,268.7615,270.5792,229.6474
Latvia,Energy,Emissions (CH4),kilotonnes,21.3,22.4,22.4,23.3,24,24.1,23.9,24.3,23.5,24.8,22.4,22.7,23.5,22.7,23.3,22.1,21.7,22.7,23,23.6,23
Latvia,Energy,Emissions (N2O),kilotonnes,0.391,0.42,0.423,0.452,0.474,0.484,0.497,0.519,0.492,0.502,0.482,0.494,0.51,0.502,0.52,0.517,0.516,0.554,0.582,0.568,0.558
Latvia,Energy,Emissions (CO2),kilotonnes,6630,7060,6830,7250,7270,7380,7940,8170,7750,7050,7760,6920,6610,6580,6380,6460,6470,6340,6140,6640,5620
Latvia,Energy,Emissions (CO2eq) from CH4 (AR5),kilotonnes,596.4,627.2,627.2,652.4,672,674.8,669.2,680.4,658,694.4,627.2,635.6,658,635.6,652.4,618.8,607.6,635.6,644,660.8,644
Latvia,Energy,Emissions (CO2eq) from N2O (AR5),kilotonnes,103.615,111.3,112.095,119.78,125.61,128.26,131.705,137.535,130.38,133.03,127.73,130.91,135.15,133.03,137.8,137.005,136.74,146.81,154.23,150.52,147.87
Latvia,Energy,Emissions (CO2eq) (AR5),kilotonnes,7330.015,7798.5,7569.295,8022.18,8067.61,8183.06,8740.905,8987.935,8538.38,7877.43,8514.93,7686.51,7403.15,7348.63,7170.2,7215.805,7214.34,7122.41,6938.23,7451.32,6411.87
Latvia,IPPU,Emissions (CH4),kilotonnes,0.0347,0.0359,0.0363,0.0363,0.0462,0.048,0.0482,0.0487,0.0445,0.0385,0.0459,0.0361,0.056,0.0138,0,0.0001,0,0,0,0,0
Latvia,IPPU,Emissions (N2O),kilotonnes,0,0,0,0,0,0,0,0,0,0,0,0,0,0,0,0,0,0,0,0,0
Latvia,IPPU,Emissions (CO2),kilotonnes,501,523,529,540,576,594,693,739,740,733,986,1090,1210,1050,1110,8590,828,911,1030,980,928
Latvia,IPPU,Emissions (CO2eq) from F-gases (AR5),kilotonnes,216.7013,303.1874,408.1369,545.1543,737.5617,991.1897,1088.3651,1243.8459,1399.3266,1409.0441,1515.9371,1535.3722,1535.3722,1632.5477,1729.7232,1807.4635,1953.2267,1904.639,1865.7688,1817.1811,1768.5933
Latvia,IPPU,Emissions (CO2eq) from CH4 (AR5),kilotonnes,0.9716,1.0052,1.0164,1.0164,1.2936,1.344,1.3496,1.3636,1.246,1.078,1.2852,1.0108,1.568,0.3864,0,0.0017,0,0,0,0,0
Latvia,IPPU,Emissions (CO2eq) from N2O (AR5),kilotonnes,0.0105,0.0104,0.0103,0.0103,0.0102,0.0101,0.0101,0.01,0.01,0.01,0.0099,0.0098,0.0097,0.0095,0.0094,0.0093,0.0092,0.0091,0.009,0.0086,0.0074
Latvia,IPPU,Emissions (CO2eq) (AR5),kilotonnes,718.6833,827.203,938.1637,1086.181,1314.8655,1586.5438,1782.7248,1984.2195,2140.5826,2143.1321,2503.2323,2626.3928,2746.9499,2682.9436,2839.7326,10397.4746,2781.2359,2815.6481,2895.7778,2797.1897,2696.6007
Latvia,Waste,Emissions (CH4),kilotonnes,15.7,16.3,16.1,16.9,20.1,24.2,27.6,31.4,24.2,25.5,25.3,28.1,30,30.3,29,29.1,29,28.7,29,28.9,28.5
Latvia,Waste,Emissions (N2O),kilotonnes,0.165,0.165,0.163,0.166,0.171,0.172,0.17,0.175,0.178,0.182,0.183,0.185,0.18,0.174,0.178,0.187,0.207,0.197,0.2,0.191,0.196
Latvia,Waste,Emissions (CO2),kilotonnes,1.19,2.36,0.302,0.369,0.446,0.445,1.53,1.2,0.505,0.34,0.341,0.344,0.323,0.427,0.563,0.18,0.173,0.286,0.397,0.0289,0.0388
Latvia,Waste,Emissions (CO2eq) from CH4 (AR5),kilotonnes,439.6,456.4,450.8,473.2,562.8,677.6,772.8,879.2,677.6,714,708.4,786.8,840,848.4,812,814.8,812,803.6,812,809.2,798
Latvia,Waste,Emissions (CO2eq) from N2O (AR5),kilotonnes,43.725,43.725,43.195,43.99,45.315,45.58,45.05,46.375,47.17,48.23,48.495,49.025,47.7,46.11,47.17,49.555,54.855,52.205,53,50.615,51.94
Latvia,Waste,Emissions (CO2eq) (AR5),kilotonnes,484.515,502.485,494.297,517.559,608.561,723.625,819.38,926.775,725.275,762.57,757.236,836.169,888.023,894.937,859.733,864.535,867.028,856.091,865.397,859.8439,849.9788
Latvia,Other,Emissions (N2O),kilotonnes,0.237,0.252,0.25,0.251,0.253,0.246,0.245,0.251,0.227,0.21,0.209,0.193,0.194,0.189,0.189,0.182,0.173,0.174,0.173,0.156,0.149
Latvia,Other,Emissions (CO2eq) from N2O (AR5),kilotonnes,62.805,66.78,66.25,66.515,67.045,65.19,64.925,66.515,60.155,55.65,55.385,51.145,51.41,50.085,50.085,48.23,45.845,46.11,45.845,41.34,39.485
Latvia,Other,Emissions (CO2eq) (AR5),kilotonnes,62.805,66.78,66.25,66.515,67.045,65.19,64.925,66.515,60.155,55.65,55.385,51.145,51.41,50.085,50.085,48.23,45.845,46.11,45.845,41.34,39.485
Latvia,Farm-gate emissions,Emissions (CH4),kilotonnes,43.6737,42.8375,44.6101,44.8301,42.655,42.0956,42.9147,42.1358,43.438,41.3591,40.8852,41.078,41.0671,41.7922,42.7825,43.7775,43.2986,42.194,40.1565,39.7771,39.7032
Latvia,Farm-gate emissions,Direct emissions (N2O),kilotonnes,1.2255,1.2619,1.2423,1.391,1.3469,1.4781,1.4959,1.628,1.7199,1.7365,1.7781,1.8285,2.0029,2.0572,2.1745,2.3817,2.362,2.3286,2.1215,2.413,2.5278
Latvia,Farm-gate emissions,Indirect emissions (N2O),kilotonnes,0.3865,0.3984,0.391,0.4411,0.4249,0.4627,0.4705,0.5074,0.5342,0.5402,0.5574,0.5748,0.6183,0.6388,0.6717,0.7229,0.7218,0.7099,0.6559,0.7305,0.7615
Latvia,Farm-gate emissions,Emissions (N2O),kilotonnes,5.5485,5.6248,5.6098,5.8569,5.8187,5.9927,6.0555,6.2464,6.3979,6.4135,6.5098,6.6096,6.8258,6.909,7.0335,7.3024,7.2435,7.1923,6.9261,7.2925,7.4446
Latvia,Farm-gate emissions,Emissions (CO2),kilotonnes,5275.9012,5340.8699,5326.1461,5399.6257,5480.6986,5483.8226,5525.2764,5560.0059,5570.7423,5566.6447,5661.7568,5701.1499,5702.8049,5702.7174,5651.4233,5663.5962,5631.8092,5643.87,5654.5052,5660.4662,5670.2137
Latvia,Farm-gate emissions,Emissions (CO2eq) from CH4 (AR5),kilotonnes,1222.8622,1199.4494,1249.0833,1255.2424,1194.3413,1178.6761,1201.6117,1179.8019,1216.264,1158.0547,1144.7855,1150.1828,1149.8789,1170.1824,1197.9087,1225.7687,1212.3602,1181.4333,1124.3816,1113.7602,1111.6892
Latvia,Farm-gate emissions,Emissions (CO2eq) from N2O (AR5),kilotonnes,1470.3457,1490.5819,1486.61,1552.0861,1541.9641,1588.0577,1604.7127,1655.3071,1695.4309,1699.5705,1725.092,1751.546,1808.8434,1830.8938,1863.888,1935.1442,1919.5401,1905.9547,1835.4291,1932.5219,1972.8196
Latvia,Farm-gate emissions,Emissions (CO2eq) (AR5),kilotonnes,7969.1091,8030.9013,8061.8394,8206.9542,8217.004,8250.5564,8331.6009,8395.1148,8482.4372,8424.2699,8531.6344,8602.8787,8661.5272,8703.7936,8713.2201,8824.5091,8763.7095,8731.2579,8614.3159,8706.7483,8754.7224
Latvia,Land Use change,Emissions (CH4),kilotonnes,0,0,0,0,0,0,0,0,0,0,0,0,0,0,0,0,0,0,0,0,0
Latvia,Land Use change,Emissions (N2O),kilotonnes,0,0,0,0,0,0,0,0,0,0,0,0,0,0,0,0,0,0,0,0,0
Latvia,Land Use change,Emissions (CO2),kilotonnes,0,0,0,0,0,0,0,0,0,0,0,570.7384,570.7384,570.7384,570.7384,570.7384,581.1366,581.1366,581.1366,581.1366,581.1366
Latvia,Land Use change,Emissions (CO2eq) from CH4 (AR5),kilotonnes,0,0,0,0,0,0,0,0,0,0,0,0,0,0,0,0,0,0,0,0,0
Latvia,Land Use change,Emissions (CO2eq) from N2O (AR5),kilotonnes,0,0,0,0,0,0,0,0,0,0,0,0,0,0,0,0,0,0,0,0,0
Latvia,Land Use change,Emissions (CO2eq) (AR5),kilotonnes,0,0,0,0,0,0,0,0,0,0,0,570.7384,570.7384,570.7384,570.7384,570.7384,581.1366,581.1366,581.1366,581.1366,581.1366
Latvia,Emissions on agricultural land,Emissions (CH4),kilotonnes,43.6737,42.8375,44.6101,44.8301,42.655,42.0956,42.9147,42.1358,43.438,41.3591,40.8852,41.078,41.0671,41.7922,42.7825,43.7775,43.2986,42.194,40.1565,39.7771,39.7032
Latvia,Emissions on agricultural land,Emissions (N2O),kilotonnes,5.5485,5.6248,5.6098,5.8569,5.8187,5.9927,6.0555,6.2464,6.3979,6.4135,6.5098,6.6096,6.8258,6.909,7.0335,7.3024,7.2435,7.1923,6.9261,7.2925,7.4446
Latvia,Emissions on agricultural land,Emissions (CO2),kilotonnes,5275.9012,5340.8699,5326.1461,5399.6257,5480.6986,5483.8226,5525.2764,5560.0059,5570.7423,5566.6447,5661.7568,6271.8882,6273.5433,6273.4557,6222.1617,6234.3345,6212.9458,6225.0066,6235.6418,6241.6028,6251.3503
Latvia,Emissions on agricultural land,Emissions (CO2eq) from CH4 (AR5),kilotonnes,1222.8622,1199.4494,1249.0833,1255.2424,1194.3413,1178.6761,1201.6117,1179.8019,1216.264,1158.0547,1144.7855,1150.1828,1149.8789,1170.1824,1197.9087,1225.7687,1212.3602,1181.4333,1124.3816,1113.7602,1111.6892
Latvia,Emissions on agricultural land,Emissions (CO2eq) from N2O (AR5),kilotonnes,1470.3457,1490.5819,1486.61,1552.0861,1541.9641,1588.0577,1604.7127,1655.3071,1695.4309,1699.5705,1725.092,1751.546,1808.8434,1830.8938,1863.888,1935.1442,1919.5401,1905.9547,1835.4291,1932.5219,1972.8196
Latvia,Emissions on agricultural land,Emissions (CO2eq) (AR5),kilotonnes,7969.1091,8030.9013,8061.8394,8206.9542,8217.004,8250.5564,8331.6009,8395.1148,8482.4372,8424.2699,8531.6344,9173.617,9232.2656,9274.5319,9283.9584,9395.2475,9344.8461,9312.3945,9195.4525,9287.8849,9335.859
Latvia,Pre- and post- production,Emissions (CH4),kilotonnes,20.2735,12.7721,13.2839,13.6583,13.806,14.2288,14.7535,14.9543,21.8721,19.5186,19.1669,18.6374,18.7161,19.4914,19.6041,19.2209,18.602,18.3205,18.0849,17.8226,17.5383
Latvia,Pre- and post- production,Emissions (N2O),kilotonnes,0.1249,0.127,0.1307,0.1368,0.1356,0.137,0.1453,0.1493,0.1518,0.1482,0.142,0.1424,0.1379,0.1368,0.136,0.1388,0.1383,0.1401,0.141,0.1406,0.141
Latvia,Pre- and post- production,Emissions (CO2),kilotonnes,760.4979,777.6381,802.4443,785.6979,785.9336,794.9667,845.6358,841.4842,790.3678,694.7118,748.9073,698.5733,647.7344,664.227,664.7885,650.6984,650.7529,657.9235,662.3517,641.9447,551.1019
Latvia,Pre- and post- production,Emissions (CO2eq) from F-gases (AR5),kilotonnes,243.6455,336.1165,455.082,616.6465,833.7975,916.398,1049.39,1181.8625,1196.928,1204.7205,1209.396,1211.9935,1213.552,1215.1105,1215.1105,1215.1105,1326.2835,1354.856,1383.948,1413.04,1375.2582
Latvia,Pre- and post- production,Emissions (CO2eq) from CH4 (AR5),kilotonnes,567.657,357.6191,371.9505,382.4311,386.5685,398.4066,413.0992,418.72,612.4197,546.522,536.6739,521.8475,524.0503,545.7596,548.914,538.1865,520.855,512.9752,506.3761,499.034,491.0735
Latvia,Pre- and post- production,Emissions (CO2eq) from N2O (AR5),kilotonnes,33.0951,33.6448,34.6469,36.2531,35.9261,36.2956,38.5058,39.5532,40.225,39.2807,37.6405,37.7433,36.5465,36.2402,36.0272,36.7771,36.6574,37.1356,37.3602,37.2581,37.3665
Latvia,Pre- and post- production,Emissions (CO2eq) (AR5),kilotonnes,1604.8955,1505.0186,1664.1237,1821.0286,2042.2257,2146.0668,2346.6308,2481.6199,2639.9406,2485.235,2532.6178,2470.1576,2421.8832,2461.3373,2464.8402,2440.7725,2534.5488,2562.8903,2590.0359,2591.2769,2454.8001
Latvia,Agri-food systems,Emissions (CH4),kilotonnes,63.9471,55.6096,57.8941,58.4883,56.4611,56.3244,57.6682,57.0901,65.3101,60.8777,60.0521,59.7154,59.7832,61.2836,62.3865,62.9984,61.9005,60.5146,58.2413,57.5998,57.2415
Latvia,Agri-food systems,Emissions (N2O),kilotonnes,5.6734,5.7518,5.7406,5.9937,5.9543,6.1296,6.2008,6.3957,6.5496,6.5617,6.6518,6.752,6.9637,7.0458,7.1695,7.4412,7.3819,7.3324,7.0671,7.4331,7.5856
Latvia,Agri-food systems,Emissions (CO2),kilotonnes,6036.3991,6118.5081,6128.5904,6185.3236,6266.6322,6278.7893,6370.9122,6401.4901,6361.1102,6261.3565,6410.6642,6970.4615,6921.2777,6937.6828,6886.9502,6885.0329,6863.6987,6882.9301,6897.9935,6883.5475,6802.4522
Latvia,Agri-food systems,Emissions (CO2eq) from F-gases (AR5),kilotonnes,243.6455,336.1165,455.082,616.6465,833.7975,916.398,1049.39,1181.8625,1196.928,1204.7205,1209.396,1211.9935,1213.552,1215.1105,1215.1105,1215.1105,1326.2835,1354.856,1383.948,1413.04,1375.2582
Latvia,Agri-food systems,Emissions (CO2eq) from CH4 (AR5),kilotonnes,1790.5193,1557.0686,1621.0338,1637.6735,1580.9099,1577.0827,1614.7109,1598.5219,1828.6837,1704.5767,1681.4594,1672.0304,1673.9292,1715.9421,1746.8228,1763.9552,1733.2152,1694.4085,1630.7577,1612.7942,1602.7627
Latvia,Agri-food systems,Emissions (CO2eq) from N2O (AR5),kilotonnes,1503.4408,1524.2268,1521.2569,1588.3391,1577.8902,1624.3533,1643.2185,1694.8603,1735.6559,1738.8513,1762.7325,1789.2892,1845.3899,1867.1339,1899.9152,1971.9213,1956.1975,1943.0903,1872.7893,1969.78,2010.1861
Latvia,Agri-food systems,Emissions (CO2eq) (AR5),kilotonnes,9574.0046,9535.9199,9725.9631,10027.9828,10259.2297,10396.6232,10678.2317,10876.7347,11122.3778,10909.505,11064.2521,11643.7746,11654.1488,11735.8693,11748.7986,11836.02,11879.3949,11875.2849,11785.4884,11879.1618,11790.6591
Latvia,IPCC Agriculture,Emissions (CH4),kilotonnes,43.6191,42.7661,44.54,44.7724,42.5961,42.0376,42.8569,42.0781,43.3822,41.3189,40.8405,41.0325,41.0068,41.7471,42.7411,43.7385,43.2566,42.1532,40.1159,39.7367,39.6628
Latvia,IPCC Agriculture,Emissions (CH4),kilotonnes,32.4687,34.3103,33.9882,33.9929,32.8916,33.9062,34.1944,35.7716,34.7496,34.6621,34.4174,34.8117,35.5908,36.9498,38.327,38.3748,38.5291,38.8238,37.5962,37.7813,37.7941
Latvia,IPCC Agriculture,Direct emissions (N2O),kilotonnes,1.2255,1.2619,1.2423,1.391,1.3469,1.4781,1.4959,1.628,1.7199,1.7365,1.7781,1.8285,2.0029,2.0572,2.1745,2.3817,2.362,2.3286,2.1215,2.413,2.5278
Latvia,IPCC Agriculture,Indirect emissions (N2O),kilotonnes,0.3865,0.3984,0.391,0.4411,0.4249,0.4627,0.4705,0.5074,0.5342,0.5402,0.5574,0.5748,0.6183,0.6388,0.6717,0.7229,0.7218,0.7099,0.6559,0.7305,0.7615
Latvia,IPCC Agriculture,Emissions (N2O),kilotonnes,5.4484,5.5161,5.5109,5.7409,5.7002,5.8717,5.926,6.1157,6.2794,6.2939,6.3803,6.4764,6.7036,6.7845,6.9078,7.1706,7.103,7.042,6.7722,7.1329,7.285
Latvia,IPCC Agriculture,Emissions (N2O),kilotonnes,2.8883,3.1195,2.9914,3.1153,3.038,3.1631,3.1378,3.2685,3.2313,3.3034,3.3971,3.3835,3.5863,3.6641,3.785,3.935,3.9368,3.9439,3.7309,4.0335,4.1445
Latvia,IPCC Agriculture,Emissions (CO2),kilotonnes,6.0243,2.1747,19.5364,26.0825,2.4332,2.9381,2.8013,6.3312,5.9202,8.3362,5.9741,12.2269,15.6941,17.3217,23.6555,26.1477,30.5268,33.9027,44.4891,54.8702,70.9742
Latvia,IPCC Agriculture,Emissions (CO2eq) from CH4 (AR5),kilotonnes,1221.3348,1197.4496,1247.1189,1253.6261,1192.6898,1177.0523,1199.9925,1178.1878,1214.7006,1156.9303,1143.5327,1148.9101,1148.1907,1168.9198,1196.7519,1224.6783,1211.1854,1180.2888,1123.2454,1112.6282,1110.5572
Latvia,IPCC Agriculture,Emissions (CO2eq) from CH4 (AR5),kilotonnes,909.1229,960.6891,951.6703,951.8017,920.9659,949.3731,957.444,1001.6043,972.9879,970.5393,963.688,974.7287,996.543,1034.5944,1073.1573,1074.4955,1078.8148,1087.0675,1052.6945,1057.8751,1058.2355
Latvia,IPCC Agriculture,Emissions (CO2eq) from N2O (AR5),kilotonnes,1443.8282,1461.7662,1460.4006,1521.3317,1510.5532,1556.0063,1570.4004,1620.6704,1664.0519,1667.8866,1690.7826,1716.2564,1776.4609,1797.8801,1830.5766,1900.2072,1882.2981,1866.1203,1794.6294,1890.2245,1930.5222
Latvia,IPCC Agriculture,Emissions (CO2eq) from N2O (AR5),kilotonnes,765.4071,826.6577,792.7302,825.5495,805.0832,838.2263,831.5054,866.1518,856.2985,875.3897,900.2407,896.6352,950.381,970.9945,1003.0376,1042.7815,1043.2573,1045.1245,988.692,1068.8831,1098.2859
Latvia,IPCC Agriculture,Emissions (CO2eq) (AR5),kilotonnes,2665.163,2659.2157,2707.5195,2774.9578,2703.2429,2733.0587,2770.393,2798.8583,2878.7525,2824.8169,2834.3153,2865.1665,2924.6516,2966.7999,3027.3284,3124.8855,3093.4835,3046.4091,2917.8748,3002.8526,3041.0793
Latvia,IPCC Agriculture,Emissions (CO2eq) (AR5),kilotonnes,1680.5543,1789.5215,1763.9369,1803.4337,1728.4823,1790.5375,1791.7508,1874.0874,1835.2067,1854.2651,1869.9028,1883.5908,1962.618,2022.9106,2099.8504,2143.4247,2152.599,2166.0947,2085.8756,2181.6284,2227.4955
Latvia,Agricultural Soils,Direct emissions (N2O),kilotonnes,1.2255,1.2619,1.2423,1.391,1.3469,1.4781,1.4959,1.628,1.7199,1.7365,1.7781,1.8285,2.0029,2.0572,2.1745,2.3817,2.362,2.3286,2.1215,2.413,2.5278
Latvia,Agricultural Soils,Direct emissions (N2O),kilotonnes,2.2752,2.4272,2.3195,2.4151,2.3584,2.4529,2.4209,2.5151,2.4928,2.556,2.6378,2.6314,2.8049,2.8665,2.9581,3.0842,3.0886,3.0957,2.9472,3.1952,3.2944
Latvia,Agricultural Soils,Indirect emissions (N2O),kilotonnes,0.3865,0.3984,0.391,0.4411,0.4249,0.4627,0.4705,0.5074,0.5342,0.5402,0.5574,0.5748,0.6183,0.6388,0.6717,0.7229,0.7218,0.7099,0.6559,0.7305,0.7615
Latvia,Agricultural Soils,Indirect emissions (N2O),kilotonnes,0.2647,0.3206,0.3015,0.3372,0.3286,0.3605,0.3657,0.3954,0.3973,0.4157,0.4429,0.4427,0.4821,0.5032,0.5283,0.5542,0.5578,0.5624,0.5256,0.5787,0.601
Latvia,Agricultural Soils,Emissions (N2O),kilotonnes,5.1114,5.1844,5.1637,5.3822,5.3675,5.544,5.5914,5.7858,5.9414,5.9719,6.0615,6.1557,6.3839,6.4583,6.5748,6.8332,6.7702,6.7231,6.4684,6.8309,6.9836
Latvia,Agricultural Soils,Emissions (N2O),kilotonnes,2.5398,2.7478,2.6209,2.7523,2.687,2.8135,2.7866,2.9106,2.89,2.9718,3.0808,3.074,3.287,3.3697,3.4864,3.6384,3.6464,3.6581,3.4728,3.7739,3.8954
Latvia,Agricultural Soils,Emissions (CO2eq) from N2O (AR5),kilotonnes,1354.5336,1373.871,1368.392,1426.2732,1422.3858,1469.155,1481.7298,1533.2288,1574.4658,1582.5548,1606.2855,1631.253,1691.7376,1711.437,1742.3321,1810.796,1794.1079,1781.6266,1714.119,1810.1946,1850.6511
Latvia,Agricultural Soils,Emissions (CO2eq) from N2O (AR5),kilotonnes,673.059,728.1613,694.5474,729.3489,712.0676,745.5719,738.4513,771.297,765.8607,787.5232,816.4025,814.6195,871.0582,892.9635,923.9037,964.1843,966.2891,969.3996,920.2821,1000.0856,1032.2839
Latvia,Agricultural Soils,Emissions (CO2eq) (AR5),kilotonnes,1354.5336,1373.871,1368.392,1426.2732,1422.3858,1469.155,1481.7298,1533.2288,1574.4658,1582.5548,1606.2855,1631.253,1691.7376,1711.437,1742.3321,1810.796,1794.1079,1781.6266,1714.119,1810.1946,1850.6511
Latvia,Agricultural Soils,Emissions (CO2eq) (AR5),kilotonnes,673.059,728.1613,694.5474,729.3489,712.0676,745.5719,738.4513,771.297,765.8607,787.5232,816.4025,814.6195,871.0582,892.9635,923.9037,964.1843,966.2891,969.3996,920.2821,1000.0856,1032.2839
Latvia,LULUCF,Emissions (CH4),kilotonnes,0.0329,0.0625,0.115,0.3651,0.0525,0,0,0.01,0,0.005,0.02,0,0,0.005,0,0.0325,0,0.0025,0.0375,0,0
Latvia,LULUCF,Emissions (CH4),kilotonnes,22.5362,21.1846,22.2744,21.4815,21.319,20.3701,22.0554,20.3991,20.3933,20.9939,21.1994,21.5738,22.0347,22.5987,24.2177,25.5727,27.0499,28.5755,31.6217,32.0542,
Latvia,LULUCF,Emissions (N2O),kilotonnes,0.0018,0.0057,0.0105,0.0333,0.0048,0,0,0.0009,0,0.0005,0.0018,0,0,0.0005,0,0.003,0,0.0002,0.0034,0,0
Latvia,LULUCF,Emissions (N2O),kilotonnes,1.9452,1.936,1.9521,1.9484,1.9493,1.9418,1.9685,1.9491,1.9513,1.9565,1.9704,1.9646,1.9812,1.9986,1.9696,1.9983,2.0284,2.0588,2.1041,2.1031,
Latvia,LULUCF,Emissions (CO2),kilotonnes,-10027.0618,-11204.8656,-11195.8636,-11168.251,-11103.6743,-11093.1623,-11062.357,-11026.6119,-10974.4069,-10963.3077,-10919.8468,249.0267,263.7819,263.1768,215.554,215.4862,84.4288,81.8633,90.8725,85.5529,95.3003
Latvia,LULUCF,Emissions (CO2),kilotonnes,-12897.1555,-13329.0848,-11634.3248,-11211.049,-7496.3368,-6917.7853,-7726.1426,-7278.7456,-7666.7073,-4763.0274,-2995.7117,-3407.9684,-4786.8856,-3537.5074,265.1047,-1044.3624,-2928.8789,-4159.6643,-1732.8907,-2580.9928,
Latvia,LULUCF,Emissions (CO2eq) from CH4 (AR5),kilotonnes,0.9202,1.7503,3.2206,10.2228,1.4702,0,0,0.28,0,0.14,0.5601,0,0,0.14,0,0.9101,0,0.07,1.0504,0,0
Latvia,LULUCF,Emissions (CO2eq) from N2O (AR5),kilotonnes,0.4818,1.5125,2.783,8.8338,1.2704,0,0,0.242,0,0.121,0.484,0,0,0.121,0,0.7865,0,0.0605,0.9076,0,0
Latvia,LULUCF,Emissions (CO2eq) (AR5),kilotonnes,-10025.6598,-11201.6027,-11189.8599,-11149.1944,-11100.9336,-11093.1623,-11062.357,-11026.0898,-10974.4069,-10963.0467,-10918.8026,249.0267,263.7819,263.4378,215.554,217.1828,84.4288,81.9938,92.8305,85.5529,95.3003
Latvia,LULUCF,Emissions (CO2eq) (AR5),kilotonnes,-12897.1555,-13329.0848,-11634.3248,-11211.049,-7496.3368,-6917.7853,-7726.1426,-7278.7456,-7666.7073,-4763.0274,-2995.7117,-3407.9684,-4786.8856,-3537.5074,265.1047,-1044.3624,-2928.8789,-4159.6643,-1732.8907,-2580.9928,
Latvia,AFOLU,Emissions (CH4),kilotonnes,43.652,42.8286,44.655,45.1375,42.6486,42.0376,42.8569,42.0881,43.3822,41.3239,40.8605,41.0325,41.0068,41.7521,42.7411,43.771,43.2566,42.1557,40.1534,39.7367,39.6628
Latvia,AFOLU,Emissions (N2O),kilotonnes,5.4502,5.5218,5.5214,5.7742,5.705,5.8717,5.926,6.1167,6.2794,6.2944,6.3821,6.4764,6.7036,6.7849,6.9078,7.1736,7.103,7.0422,6.7756,7.1329,7.285
Latvia,AFOLU,Emissions (CO2),kilotonnes,-10027.0618,-11204.8656,-11195.8636,-11168.251,-11103.6743,-11093.1623,-11062.357,-11026.6119,-10974.4069,-10963.3077,-10919.8468,249.0267,263.7819,263.1768,215.554,215.4862,84.4288,81.8633,90.8725,85.5529,95.3003
Latvia,AFOLU,Emissions (CO2eq) from CH4 (AR5),kilotonnes,1222.2551,1199.1999,1250.3395,1263.8489,1194.1599,1177.0523,1199.9925,1178.4679,1214.7006,1157.0703,1144.0928,1148.9101,1148.1907,1169.0599,1196.7519,1225.5884,1211.1854,1180.3588,1124.2958,1112.6282,1110.5572
Latvia,AFOLU,Emissions (CO2eq) from N2O (AR5),kilotonnes,1444.31,1463.2787,1463.1836,1530.1655,1511.8236,1556.0063,1570.4004,1620.9124,1664.0519,1668.0076,1691.2666,1716.2564,1776.4609,1798.0011,1830.5766,1900.9937,1882.2981,1866.1808,1795.537,1890.2245,1930.5222
Latvia,AFOLU,Emissions (CO2eq) (AR5),kilotonnes,-7360.4968,-8542.387,-8482.3404,-8374.2366,-8397.6907,-8360.1036,-8291.964,-8227.2316,-8095.6544,-8138.2298,-8084.4874,3114.1932,3188.4336,3230.2378,3242.8824,3342.0683,3177.9123,3128.4029,3010.7053,3088.4055,3136.3797
Latvia,All sectors with LULUCF,Emissions (CH4),kilotonnes,80.6867,81.5645,83.1913,85.3738,86.7948,90.3856,94.4051,97.8368,91.1267,91.6624,88.6064,91.8686,94.5628,94.7659,95.0411,94.9711,93.9566,93.5557,92.1534,92.2367,91.1628
Latvia,All sectors with LULUCF,Emissions (N2O),kilotonnes,6.2433,6.3588,6.3575,6.6432,6.603,6.7738,6.8381,7.0617,7.1765,7.1884,7.2562,7.3485,7.5877,7.6499,7.7949,8.0596,7.999,7.9672,7.7306,8.048,8.188
Latvia,All sectors with LULUCF,Emissions (CO2),kilotonnes,-2894.8718,-3619.5056,-3836.5616,-3377.882,-3257.2283,-3118.7173,-2427.827,-2116.4119,-2483.9019,-3179.9677,-2173.5058,8259.3707,8084.1049,7893.6038,7706.117,15265.6662,7382.6018,7333.1493,7261.2695,7705.5818,6643.3391
Latvia,All sectors with LULUCF,Emissions (CO2eq) from F-gases (AR5),kilotonnes,216.7013,303.1874,408.1369,545.1543,737.5617,991.1897,1088.3651,1243.8459,1399.3266,1409.0441,1515.9371,1535.3722,1535.3722,1632.5477,1729.7232,1807.4635,1953.2267,1904.639,1865.7688,1817.1811,1768.5933
Latvia,All sectors with LULUCF,Emissions (CO2eq) from CH4 (AR5),kilotonnes,2259.2267,2283.8051,2329.3559,2390.4653,2430.2535,2530.7963,2643.3421,2739.4315,2551.5466,2566.5483,2480.978,2572.3209,2647.7587,2653.4463,2661.1519,2659.1902,2630.7854,2619.5588,2580.2958,2582.6282,2552.5572
Latvia,All sectors with LULUCF,Emissions (CO2eq) from N2O (AR5),kilotonnes,1654.4654,1685.0941,1684.7339,1760.4608,1749.8038,1795.0465,1812.0905,1871.3475,1901.7669,1904.9275,1922.8865,1947.3462,2010.7306,2027.2356,2065.641,2135.793,2119.7474,2111.3149,2048.6211,2132.7081,2169.8245
Latvia,All sectors with LULUCF,Emissions (CO2eq) (AR5),kilotonnes,1235.5216,652.5811,585.6652,1318.1984,1660.3908,2198.3152,3115.9708,3738.2129,3368.7382,2700.5523,3746.2959,14314.4101,14277.9665,14206.8334,14162.633,21868.1129,14086.3613,13968.662,13755.9551,14238.0991,13134.3142
Latvia,All sectors without LULUCF,Emissions (CH4),kilotonnes,80.6538,81.502,83.0763,85.0087,86.7423,90.3856,94.4051,97.8268,91.1267,91.6574,88.5864,91.8686,94.5628,94.7609,95.0411,94.9386,93.9566,93.5532,92.1159,92.2367,91.1628
Latvia,All sectors without LULUCF,Emissions (N2O),kilotonnes,6.2414,6.3531,6.347,6.6099,6.5982,6.7738,6.8381,7.0608,7.1765,7.1879,7.2543,7.3485,7.5877,7.6495,7.7949,8.0566,7.999,7.967,7.7272,8.048,8.188
Latvia,All sectors without LULUCF,Emissions (CO2),kilotonnes,7132.19,7585.36,7359.302,7790.369,7846.446,7974.445,8634.53,8910.2,8490.505,7783.34,8746.341,8010.344,7820.323,7630.427,7490.563,15050.18,7298.173,7251.286,7170.397,7620.0289,6548.0388
Latvia,All sectors without LULUCF,Emissions (CO2eq) from F-gases (AR5),kilotonnes,216.7013,303.1874,408.1369,545.1543,737.5617,991.1897,1088.3651,1243.8459,1399.3266,1409.0441,1515.9371,1535.3722,1535.3722,1632.5477,1729.7232,1807.4635,1953.2267,1904.639,1865.7688,1817.1811,1768.5933
Latvia,All sectors without LULUCF,Emissions (CO2eq) from CH4 (AR5),kilotonnes,2258.3064,2282.0548,2326.1353,2380.2425,2428.7834,2530.7963,2643.3421,2739.1514,2551.5466,2566.4083,2480.4179,2572.3209,2647.7587,2653.3062,2661.1519,2658.28,2630.7854,2619.4888,2579.2454,2582.6282,2552.5572
Latvia,All sectors without LULUCF,Emissions (CO2eq) from N2O (AR5),kilotonnes,1653.9836,1683.5816,1681.9509,1751.6269,1748.5334,1795.0465,1812.0905,1871.1055,1901.7669,1904.8065,1922.4025,1947.3462,2010.7306,2027.1146,2065.641,2135.0065,2119.7474,2111.2544,2047.7134,2132.7081,2169.8245
Latvia,All sectors without LULUCF,Emissions (CO2eq) (AR5),kilotonnes,11261.1813,11854.1838,11775.5252,12467.3928,12761.3244,13291.4775,14178.3278,14764.3028,14343.1451,13663.599,14665.0985,14065.3833,14014.1846,13943.3956,13947.079,21650.9301,14001.9324,13886.6682,13663.1247,14152.5462,13039.0138
Lebanon,Crop Residues,Direct emissions (N2O),kilotonnes,0.0342,0.0392,0.0411,0.0433,0.0482,0.051,0.0518,0.047,0.0512,0.043,0.0307,0.0407,0.0469,0.0481,0.0486,0.0513,0.054,0.0518,0.0517,0.0528,0.0531
Lebanon,Crop Residues,Indirect emissions (N2O),kilotonnes,0.0077,0.0088,0.0093,0.0098,0.0109,0.0115,0.0117,0.0106,0.0115,0.0097,0.0069,0.0091,0.0105,0.0108,0.0109,0.0115,0.0122,0.0117,0.0116,0.0119,0.0119
Lebanon,Crop Residues,Emissions (N2O),kilotonnes,0.0419,0.048,0.0504,0.0531,0.0591,0.0624,0.0635,0.0576,0.0627,0.0527,0.0376,0.0498,0.0574,0.0589,0.0595,0.0628,0.0662,0.0634,0.0634,0.0647,0.0651
Lebanon,Crop Residues,Emissions (CO2eq) from N2O (AR5),kilotonnes,11.1051,12.7277,13.3499,14.0683,15.6615,16.5484,16.8161,15.2625,16.6074,13.9631,9.9587,13.2014,15.2157,15.6033,15.7616,16.6498,17.5363,16.8103,16.7907,17.1558,17.2388
Lebanon,Crop Residues,Emissions (CO2eq) (AR5),kilotonnes,11.1051,12.7277,13.3499,14.0683,15.6615,16.5484,16.8161,15.2625,16.6074,13.9631,9.9587,13.2014,15.2157,15.6033,15.7616,16.6498,17.5363,16.8103,16.7907,17.1558,17.2388
Lebanon,Burning - Crop residues,Emissions (CH4),kilotonnes,0.046,0.0495,0.0493,0.052,0.0518,0.0559,0.06,0.0595,0.0563,0.0465,0.0367,0.0478,0.0542,0.0488,0.0424,0.0458,0.0461,0.048,0.0454,0.047,0.047
Lebanon,Burning - Crop residues,Emissions (CH4),kilotonnes,0.06,,,,,,,,,,,,,,,,,,,,
Lebanon,Burning - Crop residues,Emissions (N2O),kilotonnes,0.0012,0.0013,0.0013,0.0013,0.0013,0.0014,0.0016,0.0015,0.0015,0.0012,0.001,0.0012,0.0014,0.0013,0.0011,0.0012,0.0012,0.0012,0.0012,0.0012,0.0012
Lebanon,Burning - Crop residues,Emissions (N2O),kilotonnes,,,,,,,,,,,,,,,,,,,,,
Lebanon,Burning - Crop residues,Emissions (CO2eq) from CH4 (AR5),kilotonnes,1.2872,1.3849,1.3794,1.4555,1.4514,1.5649,1.6791,1.6647,1.577,1.3017,1.0267,1.3375,1.5171,1.3667,1.1884,1.2817,1.2901,1.343,1.2705,1.3154,1.3154
Lebanon,Burning - Crop residues,Emissions (CO2eq) from CH4 (AR5),kilotonnes,1.68,,,,,,,,,,,,,,,,,,,,
Lebanon,Burning - Crop residues,Emissions (CO2eq) from N2O (AR5),kilotonnes,0.3158,0.3398,0.3385,0.3571,0.3561,0.384,0.412,0.4085,0.387,0.3194,0.2519,0.3282,0.3723,0.3354,0.2916,0.3145,0.3166,0.3295,0.3118,0.3228,0.3228
Lebanon,Burning - Crop residues,Emissions (CO2eq) from N2O (AR5),kilotonnes,,,,,,,,,,,,,,,,,,,,,
Lebanon,Burning - Crop residues,Emissions (CO2eq) (AR5),kilotonnes,1.6031,1.7247,1.7179,1.8127,1.8075,1.9489,2.0911,2.0732,1.964,1.6211,1.2787,1.6657,1.8894,1.7021,1.48,1.5962,1.6067,1.6725,1.5823,1.6382,1.6382
Lebanon,Burning - Crop residues,Emissions (CO2eq) (AR5),kilotonnes,1.68,,,,,,,,,,,,,,,,,,,,
Lebanon,Enteric Fermentation,Emissions (CH4),kilotonnes,7.1344,6.9598,7.2293,7.3328,7.131,7.4944,7.612,7.1659,7.4025,7.238,6.3669,8.2593,8.5257,8.7878,9.032,8.5081,8.395,8.6014,8.6591,8.6008,8.5711
Lebanon,Enteric Fermentation,Emissions (CH4),kilotonnes,6.03,,,,,,,,,,,9.58,9.55,12.64,,,,,,,
Lebanon,Enteric Fermentation,Emissions (CO2eq) from CH4 (AR5),kilotonnes,199.7643,194.8741,202.42,205.319,199.6692,209.8426,213.1354,200.6446,207.2711,202.6651,178.274,231.2593,238.7196,246.0576,252.8963,238.2281,235.0609,240.839,242.4555,240.8221,239.992
Lebanon,Enteric Fermentation,Emissions (CO2eq) from CH4 (AR5),kilotonnes,168.84,,,,,,,,,,,268.24,267.4,353.92,,,,,,,
Lebanon,Enteric Fermentation,Emissions (CO2eq) (AR5),kilotonnes,199.7643,194.8741,202.42,205.319,199.6692,209.8426,213.1354,200.6446,207.2711,202.6651,178.274,231.2593,238.7196,246.0576,252.8963,238.2281,235.0609,240.839,242.4555,240.8221,239.992
Lebanon,Enteric Fermentation,Emissions (CO2eq) (AR5),kilotonnes,168.84,,,,,,,,,,,268.24,267.4,353.92,,,,,,,
Lebanon,Manure Management,Emissions (CH4),kilotonnes,0.6822,0.6857,0.7067,0.7103,0.744,0.7233,0.7304,0.7575,0.8073,0.8313,0.86,1.1023,1.1831,1.075,1.0836,1.1204,1.1719,1.1842,1.1995,1.1724,1.1712
Lebanon,Manure Management,Emissions (CH4),kilotonnes,0.51,,,,,,,,,,,1.79,1.77,1.91,,,,,,,
Lebanon,Manure Management,Emissions (N2O),kilotonnes,0.0387,0.0385,0.0389,0.0371,0.0393,0.037,0.037,0.0391,0.0413,0.0437,0.0467,0.058,0.0627,0.0553,0.0567,0.0599,0.0627,0.0631,0.0644,0.0627,0.0626
Lebanon,Manure Management,Emissions (N2O),kilotonnes,0.34,,,,,,,,,,,0.5,0.49,0.55,,,,,,,
Lebanon,Manure Management,Emissions (CO2eq) from CH4 (AR5),kilotonnes,19.1013,19.2006,19.7888,19.888,20.833,20.2519,20.4524,21.2095,22.6047,23.2755,24.0797,30.8631,33.1263,30.1002,30.34,31.3709,32.8136,33.1563,33.5866,32.826,32.7931
Lebanon,Manure Management,Emissions (CO2eq) from CH4 (AR5),kilotonnes,14.28,,,,,,,,,,,50.12,49.56,53.48,,,,,,,
Lebanon,Manure Management,Emissions (CO2eq) from N2O (AR5),kilotonnes,10.2571,10.1956,10.2983,9.8194,10.4013,9.8026,9.8022,10.3718,10.9487,11.5711,12.369,15.3641,16.6285,14.6469,15.0151,15.8798,16.6195,16.7296,17.065,16.6023,16.582
Lebanon,Manure Management,Emissions (CO2eq) from N2O (AR5),kilotonnes,90.1,,,,,,,,,,,132.5,129.85,145.75,,,,,,,
Lebanon,Manure Management,Emissions (CO2eq) (AR5),kilotonnes,29.3584,29.3962,30.0871,29.7074,31.2343,30.0545,30.2546,31.5813,33.5534,34.8466,36.4486,46.2271,49.7548,44.7471,45.3551,47.2508,49.433,49.8859,50.6516,49.4283,49.375
Lebanon,Manure Management,Emissions (CO2eq) (AR5),kilotonnes,104.38,,,,,,,,,,,182.62,179.41,199.23,,,,,,,
Lebanon,Manure left on Pasture,Direct emissions (N2O),kilotonnes,0.565,0.5664,0.5877,0.6009,0.6209,0.6212,0.6288,0.6344,0.6671,0.6851,0.6819,0.871,0.9268,0.8628,0.8847,0.8963,0.9196,0.933,0.9481,0.9284,0.9267
Lebanon,Manure left on Pasture,Indirect emissions (N2O),kilotonnes,0.1571,0.1555,0.1592,0.1632,0.1678,0.1722,0.1746,0.1715,0.1795,0.184,0.1777,0.2324,0.2444,0.2308,0.2355,0.2355,0.2395,0.2446,0.2484,0.2437,0.2429
Lebanon,Manure left on Pasture,Emissions (N2O),kilotonnes,0.7221,0.7219,0.747,0.7641,0.7887,0.7934,0.8035,0.8059,0.8465,0.8691,0.8596,1.1035,1.1712,1.0936,1.1202,1.1318,1.1592,1.1776,1.1965,1.1721,1.1696
Lebanon,Manure left on Pasture,Emissions (CO2eq) from N2O (AR5),kilotonnes,191.3548,191.3029,197.9495,202.4858,209.0009,210.2522,212.915,213.5647,224.3305,230.2984,227.7857,292.4235,310.3766,289.8052,296.8598,299.9218,307.1808,312.0566,317.072,310.6016,309.9318
Lebanon,Manure left on Pasture,Emissions (CO2eq) (AR5),kilotonnes,191.3548,191.3029,197.9495,202.4858,209.0009,210.2522,212.915,213.5647,224.3305,230.2984,227.7857,292.4235,310.3766,289.8052,296.8598,299.9218,307.1808,312.0566,317.072,310.6016,309.9318
Lebanon,Manure applied to Soils,Direct emissions (N2O),kilotonnes,0.062,0.0631,0.0648,0.065,0.0703,0.0667,0.0672,0.072,0.0766,0.0817,0.088,0.1105,0.1199,0.1048,0.1073,0.1141,0.1198,0.1206,0.1231,0.1197,0.1195
Lebanon,Manure applied to Soils,Indirect emissions (N2O),kilotonnes,0.0263,0.0268,0.0275,0.0276,0.0299,0.0283,0.0286,0.0306,0.0326,0.0347,0.0374,0.047,0.0509,0.0445,0.0456,0.0485,0.0509,0.0512,0.0523,0.0509,0.0508
Lebanon,Manure applied to Soils,Emissions (N2O),kilotonnes,0.0883,0.09,0.0924,0.0927,0.1002,0.095,0.0958,0.1027,0.1092,0.1164,0.1253,0.1575,0.1708,0.1493,0.1529,0.1625,0.1707,0.1718,0.1755,0.1706,0.1703
Lebanon,Manure applied to Soils,Emissions (CO2eq) from N2O (AR5),kilotonnes,23.4109,23.8417,24.4781,24.5524,26.5566,25.1776,25.3802,27.2041,28.9411,30.8469,33.2132,41.7397,45.2654,39.5673,40.5311,43.0699,45.241,45.5275,46.4957,45.205,45.1393
Lebanon,Manure applied to Soils,Emissions (CO2eq) (AR5),kilotonnes,23.4109,23.8417,24.4781,24.5524,26.5566,25.1776,25.3802,27.2041,28.9411,30.8469,33.2132,41.7397,45.2654,39.5673,40.5311,43.0699,45.241,45.5275,46.4957,45.205,45.1393
Lebanon,Synthetic Fertilizers,Direct emissions (N2O),kilotonnes,0.3819,0.4666,0.3118,0.3709,0.3918,0.2295,0.1486,0.227,0.155,0.244,0.2767,0.289,0.2931,0.3138,0.3001,0.2974,0.3262,0.36,0.266,0.266,0.2697
Lebanon,Synthetic Fertilizers,Indirect emissions (N2O),kilotonnes,0.1241,0.1517,0.1013,0.1206,0.1273,0.0746,0.0483,0.0738,0.0504,0.0793,0.0899,0.0939,0.0952,0.102,0.0975,0.0966,0.106,0.117,0.0864,0.0864,0.0877
Lebanon,Synthetic Fertilizers,Emissions (N2O),kilotonnes,0.506,0.6183,0.4132,0.4915,0.5192,0.3041,0.1968,0.3007,0.2054,0.3234,0.3666,0.3829,0.3883,0.4157,0.3977,0.394,0.4322,0.477,0.3524,0.3524,0.3574
Lebanon,Synthetic Fertilizers,Emissions (CO2eq) from N2O (AR5),kilotonnes,134.0796,163.8475,109.4945,130.2405,137.5861,80.5954,52.1599,79.695,54.4209,85.6916,97.1478,101.4706,102.9,110.1671,105.3869,104.418,114.5407,126.404,93.3918,93.3918,94.7152
Lebanon,Synthetic Fertilizers,Emissions (CO2eq) (AR5),kilotonnes,134.0796,163.8475,109.4945,130.2405,137.5861,80.5954,52.1599,79.695,54.4209,85.6916,97.1478,101.4706,102.9,110.1671,105.3869,104.418,114.5407,126.404,93.3918,93.3918,94.7152
Lebanon,Drained organic soils,Emissions (CO2eq) (AR5),kilotonnes,0,0,0,0,0,0,0,0,0,0,0,0,0,0,0,0,0,0,0,0,0
Lebanon,Drained organic soils (CO2),Emissions (CO2),kilotonnes,0,0,0,0,0,0,0,0,0,0,0,0,0,0,0,0,0,0,0,0,0
Lebanon,Drained organic soils (CO2),Emissions (CO2eq) (AR5),kilotonnes,0,0,0,0,0,0,0,0,0,0,0,0,0,0,0,0,0,0,0,0,0
Lebanon,Drained organic soils (N2O),Emissions (N2O),kilotonnes,0,0,0,0,0,0,0,0,0,0,0,0,0,0,0,0,0,0,0,0,0
Lebanon,Drained organic soils (N2O),Emissions (CO2eq) from N2O (AR5),kilotonnes,0,0,0,0,0,0,0,0,0,0,0,0,0,0,0,0,0,0,0,0,0
Lebanon,Drained organic soils (N2O),Emissions (CO2eq) (AR5),kilotonnes,0,0,0,0,0,0,0,0,0,0,0,0,0,0,0,0,0,0,0,0,0
Lebanon,On-farm energy use,Emissions (CH4),kilotonnes,0.5516,0.5587,0.5396,0.5532,0.538,0.5311,0.5106,0.9477,0.8666,0.9153,0.9177,0.8557,0.71,0.5211,0.3896,0.2562,0.182,0.125,0.0781,0.0628,0.0628
Lebanon,On-farm energy use,Emissions (N2O),kilotonnes,0.1612,0.1977,0.169,0.1889,0.075,0.0511,0.0241,0.013,0.0322,0.1635,0.0514,0.0177,0.1636,0.0923,0.0881,0.1131,0.1119,0.1146,0.077,0.075,0.075
Lebanon,On-farm energy use,Emissions (CO2),kilotonnes,724.6529,888.7783,721.2654,838.909,542.5208,462.4163,282.889,377.118,425.749,798.2756,475.224,398.936,738.7872,499.3147,448.4581,473.718,432.0446,421.4366,304.6414,290.6765,290.6765
Lebanon,On-farm energy use,Emissions (CO2eq) from CH4 (AR5),kilotonnes,15.4445,15.6436,15.1079,15.4901,15.0629,14.8716,14.2963,26.5366,24.2641,25.6296,25.6951,23.9582,19.8797,14.5911,10.9076,7.1723,5.0959,3.5002,2.1875,1.7575,1.7575
Lebanon,On-farm energy use,Emissions (CO2eq) from N2O (AR5),kilotonnes,42.7238,52.3883,44.7838,50.0555,19.8856,13.5468,6.3968,3.434,8.5436,43.3151,13.6291,4.6969,43.3648,24.4543,23.357,29.9722,29.6559,30.3607,20.4059,19.8779,19.8779
Lebanon,On-farm energy use,Emissions (CO2eq) (AR5),kilotonnes,782.8212,956.8102,781.157,904.4546,577.4693,490.8347,303.5821,407.0886,458.5566,867.2203,514.5482,427.5911,802.0316,538.3602,482.7228,510.8625,466.7964,455.2975,327.2348,312.3119,312.3119
Lebanon,Forestland,Emissions (CO2),kilotonnes,-6.5866,-3.5253,-3.5253,-3.5253,-3.5253,-3.5253,-3.5253,-3.5253,-3.5253,-3.5253,-3.5253,-75.9384,-75.9384,-75.9384,-75.9384,-75.9384,-78.5131,-78.5131,-78.5131,-78.5131,-78.5131
Lebanon,Forestland,Emissions (CO2eq) (AR5),kilotonnes,-6.5866,-3.5253,-3.5253,-3.5253,-3.5253,-3.5253,-3.5253,-3.5253,-3.5253,-3.5253,-3.5253,-75.9384,-75.9384,-75.9384,-75.9384,-75.9384,-78.5131,-78.5131,-78.5131,-78.5131,-78.5131
Lebanon,Net Forest conversion,Emissions (CO2),kilotonnes,19.5178,10.6973,10.6973,10.6973,10.6973,10.6973,10.6973,10.6973,10.6973,10.6973,10.6973,0,0,0,0,0,0,0,0,0,0
Lebanon,Net Forest conversion,Emissions (CO2eq) (AR5),kilotonnes,19.5178,10.6973,10.6973,10.6973,10.6973,10.6973,10.6973,10.6973,10.6973,10.6973,10.6973,0,0,0,0,0,0,0,0,0,0
Lebanon,Savanna fires,Emissions (CH4),kilotonnes,0.0013,0,0,0,0.0015,0,0.0062,0.0116,0,0,0.0087,0,0.001,0.0012,0,0.0012,0,0.0012,0,0.0153,0.0048
Lebanon,Savanna fires,Emissions (N2O),kilotonnes,0.0001,0,0,0,0.0001,0,0.0006,0.0011,0,0,0.0008,0,0.0001,0.0001,0,0.0001,0,0.0001,0,0.0014,0.0004
Lebanon,Savanna fires,Emissions (CO2eq) from CH4 (AR5),kilotonnes,0.0358,0,0,0,0.0431,0,0.1734,0.3257,0,0,0.2449,0,0.0287,0.034,0,0.034,0,0.034,0,0.4292,0.1349
Lebanon,Savanna fires,Emissions (CO2eq) from N2O (AR5),kilotonnes,0.031,0,0,0,0.0373,0,0.1499,0.2815,0,0,0.2116,0,0.0248,0.0294,0,0.0294,0,0.0294,0,0.3709,0.1166
Lebanon,Savanna fires,Emissions (CO2eq) (AR5),kilotonnes,0.0668,0,0,0,0.0804,0,0.3233,0.6072,0,0,0.4565,0,0.0536,0.0634,0,0.0634,0,0.0634,0,0.8001,0.2514
Lebanon,Fires in organic soils,Emissions (CH4),kilotonnes,0,0,0,0,0,0,0,0,0,0,0,0,0,0,0,0,0,0,0,0,0
Lebanon,Fires in organic soils,Emissions (CO2),kilotonnes,0,0,0,0,0,0,0,0,0,0,0,0,0,0,0,0,0,0,0,0,0
Lebanon,Fires in organic soils,Emissions (CO2eq) from CH4 (AR5),kilotonnes,0,0,0,0,0,0,0,0,0,0,0,0,0,0,0,0,0,0,0,0,0
Lebanon,Fires in organic soils,Emissions (CO2eq) (AR5),kilotonnes,0,0,0,0,0,0,0,0,0,0,0,0,0,0,0,0,0,0,0,0,0
Lebanon,Forest fires,Emissions (CH4),kilotonnes,0,0,0,0,0,0,0,0,0,0,0,0,0,0,0,0,0,0,0,0,0
Lebanon,Forest fires,Emissions (N2O),kilotonnes,0,0,0,0,0,0,0,0,0,0,0,0,0,0,0,0,0,0,0,0,0
Lebanon,Forest fires,Emissions (CO2eq) from CH4 (AR5),kilotonnes,0,0,0,0,0,0,0,0,0,0,0,0,0,0,0,0,0,0,0,0,0
Lebanon,Forest fires,Emissions (CO2eq) from N2O (AR5),kilotonnes,0,0,0,0,0,0,0,0,0,0,0,0,0,0,0,0,0,0,0,0,0
Lebanon,Forest fires,Emissions (CO2eq) (AR5),kilotonnes,0,0,0,0,0,0,0,0,0,0,0,0,0,0,0,0,0,0,0,0,0
Lebanon,Fires in humid tropical forests,Emissions (CH4),kilotonnes,0,0,0,0,0,0,0,0,0,0,0,0,0,0,0,0,0,0,0,0,0
Lebanon,Fires in humid tropical forests,Emissions (N2O),kilotonnes,0,0,0,0,0,0,0,0,0,0,0,0,0,0,0,0,0,0,0,0,0
Lebanon,Fires in humid tropical forests,Emissions (CO2eq) from CH4 (AR5),kilotonnes,0,0,0,0,0,0,0,0,0,0,0,0,0,0,0,0,0,0,0,0,0
Lebanon,Fires in humid tropical forests,Emissions (CO2eq) from N2O (AR5),kilotonnes,0,0,0,0,0,0,0,0,0,0,0,0,0,0,0,0,0,0,0,0,0
Lebanon,Fires in humid tropical forests,Emissions (CO2eq) (AR5),kilotonnes,0,0,0,0,0,0,0,0,0,0,0,0,0,0,0,0,0,0,0,0,0
Lebanon,Waste - agri-food systems,Emissions (CH4),kilotonnes,44.966,46.0878,47.3329,48.4994,49.541,50.34,50.8094,51.7012,52.1844,52.6978,53.1032,53.8377,54.6277,55.3845,55.9574,56.5657,57.0436,57.3574,57.5734,57.617,57.4189
Lebanon,Waste - agri-food systems,Emissions (N2O),kilotonnes,0.1263,0.1284,0.1327,0.1339,0.137,0.1372,0.1335,0.1384,0.1376,0.1369,0.1349,0.1373,0.1451,0.1532,0.146,0.1447,0.1459,0.1454,0.1452,0.1436,0.1414
Lebanon,Waste - agri-food systems,Emissions (CO2),kilotonnes,10.6361,10.6461,10.683,10.7044,10.728,10.7351,10.746,10.8001,10.872,10.9602,10.9974,11.0145,11.0585,11.0869,11.0985,11.1153,11.1262,11.1425,11.1582,11.1303,10.82
Lebanon,Waste - agri-food systems,Emissions (CO2eq) from CH4 (AR5),kilotonnes,1259.0486,1290.459,1325.3211,1357.9829,1387.1474,1409.5204,1422.6643,1447.6333,1461.1628,1475.5378,1486.8897,1507.4563,1529.5748,1550.7661,1566.8059,1583.8398,1597.2208,1606.0064,1612.0557,1613.276,1607.7288
Lebanon,Waste - agri-food systems,Emissions (CO2eq) from N2O (AR5),kilotonnes,33.4582,34.0232,35.1738,35.4713,36.3152,36.3484,35.3849,36.6773,36.4542,36.2656,35.7611,36.3718,38.4545,40.5887,38.6807,38.3351,38.6653,38.5178,38.4731,38.0408,37.4662
Lebanon,Waste - agri-food systems,Emissions (CO2eq) (AR5),kilotonnes,1303.1428,1335.1283,1371.1778,1404.1586,1434.1906,1456.6039,1468.7952,1495.1107,1508.489,1522.7636,1533.6481,1554.8425,1579.0878,1602.4418,1616.585,1633.2903,1647.0123,1655.6667,1661.6869,1662.4471,1656.0151
Lebanon,On-farm electricity use,Emissions (CH4),kilotonnes,0,0,0,0,0,0,0,0,0,0,0,0,0,0,0,0,0,0,0,0,0
Lebanon,On-farm electricity use,Emissions (N2O),kilotonnes,0,0,0,0,0,0,0,0,0,0,0,0,0,0,0,0,0,0,0,0,0
Lebanon,On-farm electricity use,Emissions (CO2),kilotonnes,0,0,0,0,0,0,0,0,0,0,0,0,0,0,0,0,0,0,0,0,0
Lebanon,On-farm electricity use,Emissions (CO2eq) from CH4 (AR5),kilotonnes,0,0,0,0,0,0,0,0,0,0,0,0,0,0,0,0,0,0,0,0,0
Lebanon,On-farm electricity use,Emissions (CO2eq) from N2O (AR5),kilotonnes,0,0,0,0,0,0,0,0,0,0,0,0,0,0,0,0,0,0,0,0,0
Lebanon,On-farm electricity use,Emissions (CO2eq) (AR5),kilotonnes,0,0,0,0,0,0,0,0,0,0,0,0,0,0,0,0,0,0,0,0,0
Lebanon,Food Processing,Emissions (CH4),kilotonnes,0.3775,0.3719,0.3836,0.4196,0.3917,0.4067,0.4283,0.234,0.2233,0.2696,0.3027,0.3015,0.3386,0.3307,0.3369,0.3156,0.2827,0.2286,0.2207,0.2398,0.2418
Lebanon,Food Processing,Emissions (N2O),kilotonnes,0.0021,0.0022,0.0021,0.0022,0.002,0.0019,0.0016,0.0023,0.0028,0.0032,0.0029,0.0029,0.0033,0.0034,0.0039,0.0032,0.0034,0.003,0.0032,0.0031,0.0032
Lebanon,Food Processing,Emissions (CO2),kilotonnes,233.2272,255.7203,250.7569,293.2318,248.2297,243.2904,204.8676,344.35,495.1943,579.3909,450.4592,462.9534,565.0235,613.8379,612.5259,642.4393,644.1881,543.3105,386.5911,393.7554,363.8208
Lebanon,Food Processing,Emissions (CO2eq) from CH4 (AR5),kilotonnes,10.57,10.4132,10.7408,11.7488,10.9676,11.3876,11.9924,6.552,6.2524,7.5488,8.4756,8.442,9.4808,9.2596,9.4332,8.8368,7.9156,6.4008,6.1796,6.7144,6.77
Lebanon,Food Processing,Emissions (CO2eq) from N2O (AR5),kilotonnes,0.5565,0.583,0.5565,0.583,0.53,0.5035,0.424,0.6095,0.742,0.848,0.7685,0.7685,0.8745,0.901,1.0335,0.848,0.901,0.795,0.848,0.8215,0.8394
Lebanon,Food Processing,Emissions (CO2eq) (AR5),kilotonnes,244.3537,266.7165,262.0542,305.5636,259.7273,255.1815,217.284,351.5115,502.1887,587.7877,459.7033,472.1639,575.3788,623.9985,622.9926,652.1241,653.0047,550.5063,393.6187,401.2913,371.4302
Lebanon,Food Packaging,Emissions (CH4),kilotonnes,0.0198,0.0147,0.0142,0.0149,0.0073,0.007,0.0059,0.0053,0.0037,0.004,0.0037,0.0035,0.0047,0.0031,0.0038,0.004,0.0039,0.0038,0.004,0.0038,0.0038
Lebanon,Food Packaging,Emissions (N2O),kilotonnes,0.0004,0.0004,0.0004,0.0003,0.0003,0.0003,0.0003,0.0002,0.0002,0.0002,0.0002,0.0002,0.0002,0.0002,0.0002,0.0002,0.0002,0.0002,0.0002,0.0002,0.0002
Lebanon,Food Packaging,Emissions (CO2),kilotonnes,47.741,54.2578,57.0783,53.5159,46.979,30.3129,28.7317,19.2111,25.8171,26.2216,26.4918,28.111,32.3249,29.0134,30.1461,36.0676,38.0564,37.8896,27.901,31.1057,28.7409
Lebanon,Food Packaging,Emissions (CO2eq) from CH4 (AR5),kilotonnes,0.5544,0.4116,0.3976,0.4172,0.2044,0.196,0.1652,0.1484,0.1036,0.112,0.1036,0.098,0.1316,0.0868,0.1064,0.112,0.1092,0.1064,0.112,0.105,0.1059
Lebanon,Food Packaging,Emissions (CO2eq) from N2O (AR5),kilotonnes,0.106,0.106,0.106,0.0795,0.0795,0.0795,0.0795,0.053,0.053,0.053,0.053,0.053,0.053,0.053,0.053,0.053,0.053,0.053,0.053,0.053,0.0542
Lebanon,Food Packaging,Emissions (CO2eq) (AR5),kilotonnes,48.4014,54.7754,57.5819,54.0126,47.2629,30.5884,28.9764,19.4125,25.9737,26.3866,26.6484,28.262,32.5095,29.1532,30.3055,36.2326,38.2186,38.049,28.066,31.2637,28.901
Lebanon,Food Retail,Emissions (CH4),kilotonnes,0.2159,0.2214,0.2371,0.2453,0.2462,0.2499,0.2434,0.2534,0.2695,0.2904,0.3336,0.3391,0.3046,0.3617,0.3998,0.4212,0.4318,0.4801,0.4642,0.4573,0.4611
Lebanon,Food Retail,Emissions (N2O),kilotonnes,0.0012,0.0013,0.0013,0.0014,0.0014,0.0015,0.0014,0.0015,0.0015,0.0016,0.0018,0.0019,0.0017,0.0019,0.0021,0.0022,0.0022,0.0025,0.0024,0.0024,0.0025
Lebanon,Food Retail,Emissions (CO2),kilotonnes,113.8568,113.6843,118.1791,122.5305,120.6463,122.3692,116.1248,121.3736,131.5296,145.3887,162.9389,170.8466,155.1542,177.0726,195.7492,206.2184,211.3884,235.0412,227.2862,222.6542,205.7273
Lebanon,Food Retail,Emissions (CO2eq) from CH4 (AR5),kilotonnes,6.0452,6.1992,6.6388,6.8684,6.8936,6.9972,6.8152,7.0952,7.546,8.1312,9.3408,9.4948,8.5288,10.1276,11.1944,11.7936,12.0904,13.4428,12.9976,12.8044,12.9105
Lebanon,Food Retail,Emissions (CO2eq) from N2O (AR5),kilotonnes,0.318,0.3445,0.3445,0.371,0.371,0.3975,0.371,0.3975,0.3975,0.424,0.477,0.5035,0.4505,0.5035,0.5565,0.583,0.583,0.6625,0.636,0.636,0.6499
Lebanon,Food Retail,Emissions (CO2eq) (AR5),kilotonnes,120.22,120.228,125.1624,129.7699,127.9109,129.7639,123.311,128.8663,139.4731,153.9439,172.7567,180.8449,164.1335,187.7037,207.5001,218.595,224.0618,249.1465,240.9198,236.0946,219.2877
Lebanon,Food Household Consumption,Emissions (CH4),kilotonnes,0.5589,0.577,0.6129,0.6382,0.6332,0.6339,0.6104,0.6298,0.6763,0.7626,0.8395,0.8451,0.7993,0.9256,1.0189,1.0812,1.1093,1.2319,1.1806,1.1427,1.1522
Lebanon,Food Household Consumption,Emissions (N2O),kilotonnes,0.0044,0.0047,0.0048,0.0051,0.0047,0.0044,0.0038,0.0037,0.0042,0.0064,0.0052,0.0048,0.0067,0.0062,0.0067,0.0075,0.0078,0.0086,0.0077,0.0075,0.0077
Lebanon,Food Household Consumption,Emissions (CO2),kilotonnes,492.1074,524.9928,514.8067,570.7854,514.0112,447.6571,377.0568,339.3214,422.4753,719.2612,538.458,503.1208,762.4979,711.2217,744.8489,843.6165,870.8562,952.7792,843.7204,823.1149,760.5389
Lebanon,Food Household Consumption,Emissions (CO2eq) from CH4 (AR5),kilotonnes,15.6492,16.156,17.1612,17.8696,17.7296,17.7492,17.0912,17.6344,18.9364,21.3528,23.506,23.6628,22.3804,25.9168,28.5292,30.2736,31.0604,34.4932,33.0568,31.9956,32.2608
Lebanon,Food Household Consumption,Emissions (CO2eq) from N2O (AR5),kilotonnes,1.166,1.2455,1.272,1.3515,1.2455,1.166,1.007,0.9805,1.113,1.696,1.378,1.272,1.7755,1.643,1.7755,1.9875,2.067,2.279,2.0405,1.9875,2.0308
Lebanon,Food Household Consumption,Emissions (CO2eq) (AR5),kilotonnes,508.9226,542.3943,533.2399,590.0065,532.9863,466.5723,395.155,357.9363,442.5247,742.31,563.342,528.0556,786.6538,738.7815,775.1536,875.8776,903.9836,989.5514,878.8177,857.098,794.8305
Lebanon,Food Transport,Emissions (CH4),kilotonnes,0.1099,0.0843,0.084,0.0892,0.089,0.0892,0.0787,0.056,0.0786,0.0814,0.0711,0.0713,0.0829,0.0758,0.0814,0.0914,0.0971,0.101,0.0949,0.0675,0.0681
Lebanon,Food Transport,Emissions (N2O),kilotonnes,0.0189,0.0178,0.0174,0.0181,0.0177,0.0174,0.0156,0.0113,0.0151,0.016,0.0143,0.0144,0.0169,0.0154,0.0166,0.0187,0.0198,0.0206,0.0194,0.0192,0.0196
Lebanon,Food Transport,Emissions (CO2),kilotonnes,440,411.4,412.5,440,441.1,445.5,429,337.7,489.5,563.2,556.6,558.8,893.2,739.2,783.2,918.5,974.6,1025.2,964.7,877.1579,810.4734
Lebanon,Food Transport,Emissions (CO2eq) from CH4 (AR5),kilotonnes,3.0772,2.3604,2.352,2.4976,2.492,2.4976,2.2036,1.568,2.2008,2.2792,1.9908,1.9964,2.3212,2.1224,2.2792,2.5592,2.7188,2.828,2.6572,1.89,1.9057
Lebanon,Food Transport,Emissions (CO2eq) from N2O (AR5),kilotonnes,5.0085,4.717,4.611,4.7965,4.6905,4.611,4.134,2.9945,4.0015,4.24,3.7895,3.816,4.4785,4.081,4.399,4.9555,5.247,5.459,5.141,5.088,5.199
Lebanon,Food Transport,Emissions (CO2eq) (AR5),kilotonnes,448.0857,418.4774,419.463,447.2941,448.2825,452.6086,435.3376,342.2625,495.7023,569.7192,562.3803,564.6124,899.9997,745.4034,789.8782,926.0147,982.5658,1033.487,972.4982,884.1359,817.578
Lebanon,Energy,Emissions (CH4),kilotonnes,3.99,3.88,3.98,4.16,4.31,4.36,4.3,4.08,3.53,3.38,3.46,3.53,3.71,3.63,3.76,3.8,3.89,3.95,3.86,3.62,3.65
Lebanon,Energy,Emissions (N2O),kilotonnes,0.263,0.264,0.26,0.266,0.266,0.26,0.238,0.193,0.241,0.267,0.244,0.25,0.27,0.261,0.284,0.307,0.32,0.333,0.316,0.321,0.328
Lebanon,Energy,Emissions (CO2),kilotonnes,13800,14700,14600,16200,14600,13900,12800,11500,15100,18400,17400,17700,20000,19600,21400,23400,24200,25600,17100,17100,15800
Lebanon,Energy,Emissions (CO2eq) from CH4 (AR5),kilotonnes,111.72,108.64,111.44,116.48,120.68,122.08,120.4,114.24,98.84,94.64,96.88,98.84,103.88,101.64,105.28,106.4,108.92,110.6,108.08,101.36,102.2
Lebanon,Energy,Emissions (CO2eq) from N2O (AR5),kilotonnes,69.695,69.96,68.9,70.49,70.49,68.9,63.07,51.145,63.865,70.755,64.66,66.25,71.55,69.165,75.26,81.355,84.8,88.245,83.74,85.065,86.92
Lebanon,Energy,Emissions (CO2eq) (AR5),kilotonnes,13981.415,14878.6,14780.34,16386.97,14791.17,14090.98,12983.47,11665.385,15262.705,18565.395,17561.54,17865.09,20175.43,19770.805,21580.54,23587.755,24393.72,25798.845,17291.82,17286.425,15989.12
Lebanon,IPPU,Emissions (N2O),kilotonnes,0.486,0.505,0.529,0.556,0.581,0.599,0.61,0.614,0.618,0.629,0.652,0.69,0.739,0.793,0.842,0.879,0.903,0.914,0.916,0.956,0.984
Lebanon,IPPU,Emissions (CO2),kilotonnes,1690,1750,1740,2350,2670,2790,2050,2300,2350,2560,2590,2600,2410,2560,2630,2410,2330,2280,2110,2150,2140
Lebanon,IPPU,Emissions (CO2eq) from N2O (AR5),kilotonnes,128.79,133.825,140.185,147.34,153.965,158.735,161.65,162.71,163.77,166.685,172.78,182.85,195.835,210.145,223.13,232.935,239.295,242.21,242.74,253.34,260.76
Lebanon,IPPU,Emissions (CO2eq) (AR5),kilotonnes,1818.79,1883.825,1880.185,2497.34,2823.965,2948.735,2211.65,2462.71,2513.77,2726.685,2762.78,2782.85,2605.835,2770.145,2853.13,2642.935,2569.295,2522.21,2352.74,2403.34,2400.76
Lebanon,Waste,Emissions (CH4),kilotonnes,66.1,69.1,72.3,75.8,79.5,82.2,83.9,85.8,87.7,90.6,94.4,99.3,106,113,119,124,127,129,129,136,140
Lebanon,Waste,Emissions (N2O),kilotonnes,0.187,0.194,0.203,0.21,0.215,0.216,0.216,0.215,0.216,0.218,0.223,0.231,0.245,0.262,0.271,0.27,0.264,0.261,0.262,0.277,0.282
Lebanon,Waste,Emissions (CO2),kilotonnes,0.284,0.267,0.25,0.234,0.217,0.2,0.184,0.167,0.15,0.134,0.117,0.101,0.101,0.0044,0.0053,0.0053,0.0053,0.0053,0.0053,0,0
Lebanon,Waste,Emissions (CO2eq) from CH4 (AR5),kilotonnes,1850.8,1934.8,2024.4,2122.4,2226,2301.6,2349.2,2402.4,2455.6,2536.8,2643.2,2780.4,2968,3164,3332,3472,3556,3612,3612,3808,3920
Lebanon,Waste,Emissions (CO2eq) from N2O (AR5),kilotonnes,49.555,51.41,53.795,55.65,56.975,57.24,57.24,56.975,57.24,57.77,59.095,61.215,64.925,69.43,71.815,71.55,69.96,69.165,69.43,73.405,74.73
Lebanon,Waste,Emissions (CO2eq) (AR5),kilotonnes,1900.639,1986.477,2078.445,2178.284,2283.192,2359.04,2406.624,2459.542,2512.99,2594.704,2702.412,2841.716,3033.026,3233.4344,3403.8203,3543.5553,3625.9653,3681.1703,3681.4353,3881.405,3994.73
Lebanon,Other,Emissions (N2O),kilotonnes,0.474,0.455,0.467,0.473,0.461,0.455,0.444,0.418,0.479,0.505,0.584,0.617,0.709,0.756,0.815,0.909,0.922,0.984,0.927,1.02,1.06
Lebanon,Other,Emissions (CO2eq) from N2O (AR5),kilotonnes,125.61,120.575,123.755,125.345,122.165,120.575,117.66,110.77,126.935,133.825,154.76,163.505,187.885,200.34,215.975,240.885,244.33,260.76,245.655,270.3,280.9
Lebanon,Other,Emissions (CO2eq) (AR5),kilotonnes,125.61,120.575,123.755,125.345,122.165,120.575,117.66,110.77,126.935,133.825,154.76,163.505,187.885,200.34,215.975,240.885,244.33,260.76,245.655,270.3,280.9
Lebanon,Farm-gate emissions,Emissions (CH4),kilotonnes,8.4155,8.2537,8.5249,8.6483,8.4664,8.8047,8.9192,8.9422,9.1327,9.0311,8.19,10.2649,10.474,10.4339,10.5476,9.9317,9.795,9.9597,9.9821,9.8982,9.8569
Lebanon,Farm-gate emissions,Direct emissions (N2O),kilotonnes,1.0431,1.1354,1.0055,1.0802,1.1313,0.9684,0.8964,0.9804,0.9499,1.0538,1.0772,1.3112,1.3866,1.3294,1.3407,1.359,1.4197,1.4653,1.3889,1.367,1.3691
Lebanon,Farm-gate emissions,Indirect emissions (N2O),kilotonnes,0.3152,0.3428,0.2974,0.3211,0.3359,0.2866,0.2631,0.2865,0.2739,0.3077,0.3119,0.3825,0.4012,0.3882,0.3896,0.3921,0.4086,0.4245,0.3988,0.3929,0.3933
Lebanon,Farm-gate emissions,Emissions (N2O),kilotonnes,1.5595,1.7156,1.512,1.6286,1.583,1.3446,1.2228,1.3216,1.2988,1.5698,1.4889,1.7707,2.0157,1.8664,1.8762,1.9255,2.0041,2.0689,1.9303,1.9001,1.9016
Lebanon,Farm-gate emissions,Emissions (CO2),kilotonnes,724.6529,888.7783,721.2654,838.909,542.5208,462.4163,282.889,377.118,425.749,798.2756,475.224,398.936,738.7872,499.3147,448.4581,473.718,432.0446,421.4366,304.6414,290.6765,290.6765
Lebanon,Farm-gate emissions,Emissions (CO2eq) from CH4 (AR5),kilotonnes,235.6332,231.1032,238.6961,242.1527,237.0596,246.531,249.7366,250.3811,255.7169,252.8719,229.3203,287.4181,293.2714,292.1496,295.3324,278.087,274.2605,278.8724,279.5002,277.1503,275.9929
Lebanon,Farm-gate emissions,Emissions (CO2eq) from N2O (AR5),kilotonnes,413.2782,454.6435,400.6925,431.579,419.4853,356.3069,324.032,350.2221,344.1791,416.0056,394.567,469.2243,534.1483,494.6088,497.2031,510.2554,531.0907,548.2476,511.5329,503.528,503.9244
Lebanon,Farm-gate emissions,Emissions (CO2eq) (AR5),kilotonnes,1373.5642,1574.525,1360.654,1512.6407,1199.0657,1065.2542,856.6576,977.7213,1025.645,1467.1532,1099.1114,1155.5785,1566.2068,1286.0732,1240.9935,1262.0605,1237.3958,1248.5566,1095.6744,1071.3548,1070.5938
Lebanon,Land Use change,Emissions (CH4),kilotonnes,0,0,0,0,0,0,0,0,0,0,0,0,0,0,0,0,0,0,0,0,0
Lebanon,Land Use change,Emissions (N2O),kilotonnes,0,0,0,0,0,0,0,0,0,0,0,0,0,0,0,0,0,0,0,0,0
Lebanon,Land Use change,Emissions (CO2),kilotonnes,19.5178,10.6973,10.6973,10.6973,10.6973,10.6973,10.6973,10.6973,10.6973,10.6973,10.6973,0,0,0,0,0,0,0,0,0,0
Lebanon,Land Use change,Emissions (CO2eq) from CH4 (AR5),kilotonnes,0,0,0,0,0,0,0,0,0,0,0,0,0,0,0,0,0,0,0,0,0
Lebanon,Land Use change,Emissions (CO2eq) from N2O (AR5),kilotonnes,0,0,0,0,0,0,0,0,0,0,0,0,0,0,0,0,0,0,0,0,0
Lebanon,Land Use change,Emissions (CO2eq) (AR5),kilotonnes,19.5178,10.6973,10.6973,10.6973,10.6973,10.6973,10.6973,10.6973,10.6973,10.6973,10.6973,0,0,0,0,0,0,0,0,0,0
Lebanon,Emissions on agricultural land,Emissions (CH4),kilotonnes,8.4155,8.2537,8.5249,8.6483,8.4664,8.8047,8.9192,8.9422,9.1327,9.0311,8.19,10.2649,10.474,10.4339,10.5476,9.9317,9.795,9.9597,9.9821,9.8982,9.8569
Lebanon,Emissions on agricultural land,Emissions (N2O),kilotonnes,1.5595,1.7156,1.512,1.6286,1.583,1.3446,1.2228,1.3216,1.2988,1.5698,1.4889,1.7707,2.0157,1.8664,1.8762,1.9255,2.0041,2.0689,1.9303,1.9001,1.9016
Lebanon,Emissions on agricultural land,Emissions (CO2),kilotonnes,744.1707,899.4756,731.9627,849.6063,553.2182,473.1136,293.5863,387.8154,436.4463,808.973,485.9213,398.936,738.7872,499.3147,448.4581,473.718,432.0446,421.4366,304.6414,290.6765,290.6765
Lebanon,Emissions on agricultural land,Emissions (CO2eq) from CH4 (AR5),kilotonnes,235.6332,231.1032,238.6961,242.1527,237.0596,246.531,249.7366,250.3811,255.7169,252.8719,229.3203,287.4181,293.2714,292.1496,295.3324,278.087,274.2605,278.8724,279.5002,277.1503,275.9929
Lebanon,Emissions on agricultural land,Emissions (CO2eq) from N2O (AR5),kilotonnes,413.2782,454.6435,400.6925,431.579,419.4853,356.3069,324.032,350.2221,344.1791,416.0056,394.567,469.2243,534.1483,494.6088,497.2031,510.2554,531.0907,548.2476,511.5329,503.528,503.9244
Lebanon,Emissions on agricultural land,Emissions (CO2eq) (AR5),kilotonnes,1393.082,1585.2223,1371.3513,1523.338,1209.763,1075.9515,867.355,988.4186,1036.3423,1477.8505,1109.8087,1155.5785,1566.2068,1286.0732,1240.9935,1262.0605,1237.3958,1248.5566,1095.6744,1071.3548,1070.5938
Lebanon,Pre- and post- production,Emissions (CH4),kilotonnes,46.248,47.3571,48.6647,49.9066,50.9084,51.7267,52.1761,52.8797,53.4358,54.1058,54.6538,55.3982,56.1578,57.0814,57.7982,58.4791,58.9684,59.4028,59.5378,59.5281,59.3458
Lebanon,Pre- and post- production,Emissions (N2O),kilotonnes,0.1533,0.1548,0.1587,0.161,0.1631,0.1627,0.1562,0.1574,0.1614,0.1643,0.1593,0.1615,0.1739,0.1803,0.1755,0.1765,0.1793,0.1803,0.1781,0.176,0.1745
Lebanon,Pre- and post- production,Emissions (CO2),kilotonnes,1337.5685,1370.7013,1364.004,1490.768,1381.6942,1299.8647,1166.5269,1172.7562,1575.3883,2044.4226,1745.9453,1734.8463,2419.259,2281.4325,2377.5686,2657.9571,2750.2153,2805.363,2461.3569,2358.9184,2180.1213
Lebanon,Pre- and post- production,Emissions (CO2eq) from CH4 (AR5),kilotonnes,1294.9446,1325.9994,1362.6115,1397.3845,1425.4346,1448.348,1460.9319,1480.6313,1496.202,1514.9618,1530.3065,1551.1503,1572.4176,1598.2793,1618.3483,1637.415,1651.1152,1663.2776,1667.0589,1666.7855,1661.6817
Lebanon,Pre- and post- production,Emissions (CO2eq) from N2O (AR5),kilotonnes,40.6132,41.0192,42.0638,42.6528,43.2317,43.1059,41.4004,41.7123,42.7612,43.5266,42.2271,42.7848,46.0865,47.7702,46.4982,46.7621,47.5163,47.7663,47.1916,46.6268,46.2395
Lebanon,Pre- and post- production,Emissions (CO2eq) (AR5),kilotonnes,2673.1262,2737.7199,2768.6792,2930.8053,2850.3605,2791.3186,2668.8592,2695.0998,3114.3515,3602.911,3318.4788,3328.7813,4037.7631,3927.4821,4042.415,4342.1343,4448.8468,4516.4069,4175.6073,4072.3306,3888.0425
Lebanon,Agri-food systems,Emissions (CH4),kilotonnes,54.6635,55.6108,57.1896,58.5549,59.3748,60.5314,61.0953,61.8219,62.5685,63.1369,62.8438,65.6632,66.6317,67.5153,68.3457,68.4108,68.7634,69.3625,69.52,69.4263,69.2027
Lebanon,Agri-food systems,Emissions (N2O),kilotonnes,1.7128,1.8704,1.6708,1.7896,1.7461,1.5072,1.379,1.479,1.4602,1.7341,1.6483,1.9321,2.1896,2.0467,2.0517,2.102,2.1834,2.2491,2.1084,2.0761,2.0761
Lebanon,Agri-food systems,Emissions (CO2),kilotonnes,2081.7392,2270.177,2095.9667,2340.3743,1934.9123,1772.9784,1460.1132,1560.5715,2011.8346,2853.3955,2231.8666,2133.7823,3158.0461,2780.7472,2826.0266,3131.6752,3182.2599,3226.7996,2765.9982,2649.5948,2470.7978
Lebanon,Agri-food systems,Emissions (CO2eq) from CH4 (AR5),kilotonnes,1530.5778,1557.1026,1601.3075,1639.5372,1662.4942,1694.879,1710.6685,1731.0124,1751.9189,1767.8337,1759.6268,1838.5684,1865.689,1890.4289,1913.6806,1915.5021,1925.3757,1942.15,1946.559,1943.9358,1937.6746
Lebanon,Agri-food systems,Emissions (CO2eq) from N2O (AR5),kilotonnes,453.8914,495.6627,442.7563,474.2318,462.7171,399.4128,365.4324,391.9344,386.9403,459.5322,436.7941,512.009,580.2347,542.3791,543.7013,557.0175,578.607,596.0139,558.7245,550.1548,550.1639
Lebanon,Agri-food systems,Emissions (CO2eq) (AR5),kilotonnes,4066.2083,4322.9423,4140.0305,4454.1433,4060.1236,3867.2701,3536.2142,3683.5184,4150.6938,5080.7615,4428.2875,4484.3598,5603.9699,5213.5552,5283.4086,5604.1948,5686.2426,5764.9635,5271.2818,5143.6854,4958.6363
Lebanon,IPCC Agriculture,Emissions (CH4),kilotonnes,7.8639,7.695,7.9853,8.0951,7.9285,8.2736,8.4086,7.9944,8.2662,8.1158,7.2723,9.4093,9.764,9.9128,10.158,9.6755,9.613,9.8347,9.904,9.8355,9.7941
Lebanon,IPCC Agriculture,Emissions (CH4),kilotonnes,6.6,,,,,,,,,,,11.37,11.32,14.55,,,,,,,
Lebanon,IPCC Agriculture,Direct emissions (N2O),kilotonnes,1.0431,1.1354,1.0055,1.0802,1.1313,0.9684,0.8964,0.9804,0.9499,1.0538,1.0772,1.3112,1.3866,1.3294,1.3407,1.359,1.4197,1.4653,1.3889,1.367,1.3691
Lebanon,IPCC Agriculture,Indirect emissions (N2O),kilotonnes,0.3152,0.3428,0.2974,0.3211,0.3359,0.2866,0.2631,0.2865,0.2739,0.3077,0.3119,0.3825,0.4012,0.3882,0.3896,0.3921,0.4086,0.4245,0.3988,0.3929,0.3933
Lebanon,IPCC Agriculture,Emissions (N2O),kilotonnes,1.3983,1.5179,1.3431,1.4397,1.5079,1.2934,1.1986,1.3086,1.2665,1.4064,1.4375,1.7529,1.852,1.7742,1.7881,1.8124,1.8922,1.9543,1.8533,1.8251,1.8266
Lebanon,IPCC Agriculture,Emissions (N2O),kilotonnes,2.99,,,,,,,,,,,2.05,2.06,2.2,,,,,,,
Lebanon,IPCC Agriculture,Emissions (CO2eq) from CH4 (AR5),kilotonnes,220.1886,215.4596,223.5882,226.6626,221.9967,231.6594,235.4403,223.8446,231.4529,227.2423,203.6253,263.4599,273.3917,277.5585,284.4247,270.9147,269.1646,275.3722,277.3126,275.3928,274.2354
Lebanon,IPCC Agriculture,Emissions (CO2eq) from CH4 (AR5),kilotonnes,184.8,,,,,,,,,,,318.36,316.96,407.4,,,,,,,
Lebanon,IPCC Agriculture,Emissions (CO2eq) from N2O (AR5),kilotonnes,370.5544,402.2552,355.9087,381.5235,399.5997,342.7601,317.6352,346.7881,335.6355,372.6906,380.9379,464.5274,490.7834,470.1545,473.846,480.2833,501.4348,517.8869,491.127,483.6501,484.0465
Lebanon,IPCC Agriculture,Emissions (CO2eq) from N2O (AR5),kilotonnes,792.35,,,,,,,,,,,543.25,545.9,583,,,,,,,
Lebanon,IPCC Agriculture,Emissions (CO2eq) (AR5),kilotonnes,590.743,617.7148,579.4969,608.1861,621.5964,574.4195,553.0756,570.6326,567.0883,599.9329,584.5632,727.9873,764.1752,747.713,758.2708,751.198,770.5994,793.2591,768.4396,759.043,758.2819
Lebanon,IPCC Agriculture,Emissions (CO2eq) (AR5),kilotonnes,977.15,,,,,,,,,,,861.61,862.86,990.4,,,,,,,
Lebanon,Agricultural Soils,Direct emissions (N2O),kilotonnes,1.0431,1.1354,1.0055,1.0802,1.1313,0.9684,0.8964,0.9804,0.9499,1.0538,1.0772,1.3112,1.3866,1.3294,1.3407,1.359,1.4197,1.4653,1.3889,1.367,1.3691
Lebanon,Agricultural Soils,Indirect emissions (N2O),kilotonnes,0.3152,0.3428,0.2974,0.3211,0.3359,0.2866,0.2631,0.2865,0.2739,0.3077,0.3119,0.3825,0.4012,0.3882,0.3896,0.3921,0.4086,0.4245,0.3988,0.3929,0.3933
Lebanon,Agricultural Soils,Emissions (N2O),kilotonnes,1.3583,1.4782,1.3029,1.4013,1.4672,1.255,1.1595,1.2669,1.2238,1.3615,1.3891,1.6937,1.7878,1.7175,1.7303,1.7512,1.8283,1.8898,1.7877,1.7598,1.7624
Lebanon,Agricultural Soils,Emissions (N2O),kilotonnes,2.65,,,,,,,,,,,1.55,1.57,1.65,,,,,,,
Lebanon,Agricultural Soils,Emissions (CO2eq) from N2O (AR5),kilotonnes,359.9504,391.7197,345.272,371.347,388.8051,332.5735,307.2712,335.7263,324.2999,360.8001,368.1054,448.8352,473.7578,455.1429,458.5394,464.0596,484.4988,500.7984,473.7502,466.3542,467.0252
Lebanon,Agricultural Soils,Emissions (CO2eq) from N2O (AR5),kilotonnes,702.25,,,,,,,,,,,410.75,416.05,437.25,,,,,,,
Lebanon,Agricultural Soils,Emissions (CO2eq) (AR5),kilotonnes,359.9504,391.7197,345.272,371.347,388.8051,332.5735,307.2712,335.7263,324.2999,360.8001,368.1054,448.8352,473.7578,455.1429,458.5394,464.0596,484.4988,500.7984,473.7502,466.3542,467.0252
Lebanon,Agricultural Soils,Emissions (CO2eq) (AR5),kilotonnes,702.25,,,,,,,,,,,410.75,416.05,437.25,,,,,,,
Lebanon,LULUCF,Emissions (CH4),kilotonnes,0,0,0,0,0,0,0,0,0,0,0,0,0,0,0,0,0,0,0,0,0
Lebanon,LULUCF,Emissions (CH4),kilotonnes,2.9,,,,,,,,,,,0.0147,0.05,0.011,,,,,,,
Lebanon,LULUCF,Emissions (N2O),kilotonnes,0,0,0,0,0,0,0,0,0,0,0,0,0,0,0,0,0,0,0,0,0
Lebanon,LULUCF,Emissions (N2O),kilotonnes,0.02,,,,,,,,,,,0.0002,0.0007,0.0001,,,,,,,
Lebanon,LULUCF,Emissions (CO2),kilotonnes,12.9312,7.172,7.172,7.172,7.172,7.172,7.172,7.172,7.172,7.172,7.172,-75.9384,-75.9384,-75.9384,-75.9384,-75.9384,-78.5131,-78.5131,-78.5131,-78.5131,-78.5131
Lebanon,LULUCF,Emissions (CO2),kilotonnes,-143.87,,,,,,,,,,,-3200.77,-3036.95,-3369.12,,,,,,,
Lebanon,LULUCF,Emissions (CO2eq) from CH4 (AR5),kilotonnes,0,0,0,0,0,0,0,0,0,0,0,0,0,0,0,0,0,0,0,0,0
Lebanon,LULUCF,Emissions (CO2eq) from N2O (AR5),kilotonnes,0,0,0,0,0,0,0,0,0,0,0,0,0,0,0,0,0,0,0,0,0
Lebanon,LULUCF,Emissions (CO2eq) (AR5),kilotonnes,12.9312,7.172,7.172,7.172,7.172,7.172,7.172,7.172,7.172,7.172,7.172,-75.9384,-75.9384,-75.9384,-75.9384,-75.9384,-78.5131,-78.5131,-78.5131,-78.5131,-78.5131
Lebanon,LULUCF,Emissions (CO2eq) (AR5),kilotonnes,-143.87,,,,,,,,,,,-3200.77,-3036.95,-3369.12,,,,,,,
Lebanon,AFOLU,Emissions (CH4),kilotonnes,7.8639,7.695,7.9853,8.0951,7.9285,8.2736,8.4086,7.9944,8.2662,8.1158,7.2723,9.4093,9.764,9.9128,10.158,9.6755,9.613,9.8347,9.904,9.8355,9.7941
Lebanon,AFOLU,Emissions (N2O),kilotonnes,1.3983,1.5179,1.3431,1.4397,1.5079,1.2934,1.1986,1.3086,1.2665,1.4064,1.4375,1.7529,1.852,1.7742,1.7881,1.8124,1.8922,1.9543,1.8533,1.8251,1.8266
Lebanon,AFOLU,Emissions (CO2),kilotonnes,12.9312,7.172,7.172,7.172,7.172,7.172,7.172,7.172,7.172,7.172,7.172,-75.9384,-75.9384,-75.9384,-75.9384,-75.9384,-78.5131,-78.5131,-78.5131,-78.5131,-78.5131
Lebanon,AFOLU,Emissions (CO2eq) from CH4 (AR5),kilotonnes,220.1886,215.4596,223.5882,226.6626,221.9967,231.6594,235.4403,223.8446,231.4529,227.2423,203.6253,263.4599,273.3917,277.5585,284.4247,270.9147,269.1646,275.3722,277.3126,275.3928,274.2354
Lebanon,AFOLU,Emissions (CO2eq) from N2O (AR5),kilotonnes,370.5544,402.2552,355.9087,381.5235,399.5997,342.7601,317.6352,346.7881,335.6355,372.6906,380.9379,464.5274,490.7834,470.1545,473.846,480.2833,501.4348,517.8869,491.127,483.6501,484.0465
Lebanon,AFOLU,Emissions (CO2eq) (AR5),kilotonnes,603.6743,624.8868,586.6689,615.3581,628.7684,581.5915,560.2476,577.8046,574.2603,607.1049,591.7352,652.049,688.2368,671.7746,682.3324,675.2596,692.0863,714.746,689.9265,680.5299,679.7688
Lebanon,All sectors with LULUCF,Emissions (CH4),kilotonnes,77.9539,80.675,84.2653,88.0551,91.7385,94.8336,96.6086,97.8744,99.4962,102.0958,105.1323,112.2393,119.474,126.5428,132.918,137.4755,140.503,142.7847,142.764,149.4555,153.4441
Lebanon,All sectors with LULUCF,Emissions (N2O),kilotonnes,2.8083,2.9359,2.8021,2.9447,3.0309,2.8234,2.7066,2.7486,2.8205,3.0254,3.1405,3.5409,3.815,3.8462,4.0001,4.1774,4.3012,4.4463,4.2743,4.3991,4.4806
Lebanon,All sectors with LULUCF,Emissions (CO2),kilotonnes,15503.2152,16457.439,16347.422,18557.406,17277.389,16697.372,14857.356,13807.339,17457.322,20967.306,19997.289,20224.1626,22334.1626,22084.066,23954.0669,25734.0669,26451.4922,27801.4922,19131.4922,19171.4869,17861.4869
Lebanon,All sectors with LULUCF,Emissions (CO2eq) from CH4 (AR5),kilotonnes,2182.7086,2258.8996,2359.4282,2465.5426,2568.6767,2655.3394,2705.0403,2740.4846,2785.8929,2858.6823,2943.7053,3142.6999,3345.2717,3543.1985,3721.7047,3849.3147,3934.0846,3997.9722,3997.3926,4184.7528,4296.4354
Lebanon,All sectors with LULUCF,Emissions (CO2eq) from N2O (AR5),kilotonnes,744.2044,778.0252,742.5437,780.3485,803.1947,748.2101,717.2552,728.3881,747.4455,801.7256,832.2329,938.3474,1010.9784,1019.2345,1060.026,1107.0083,1139.8198,1178.2669,1132.692,1165.7601,1187.3565
Lebanon,All sectors with LULUCF,Emissions (CO2eq) (AR5),kilotonnes,18430.1283,19494.3638,19449.3939,21803.2971,20649.2604,20100.9215,18279.6516,17276.2116,20990.6603,24627.7139,23773.2272,24305.21,26690.4128,26646.499,28735.7977,30690.3899,31525.3966,32977.7313,24261.5768,24521.9999,23345.2788
Lebanon,All sectors without LULUCF,Emissions (CH4),kilotonnes,77.9539,80.675,84.2653,88.0551,91.7385,94.8336,96.6086,97.8744,99.4962,102.0958,105.1323,112.2393,119.474,126.5428,132.918,137.4755,140.503,142.7847,142.764,149.4555,153.4441
Lebanon,All sectors without LULUCF,Emissions (N2O),kilotonnes,2.8083,2.9359,2.8021,2.9447,3.0309,2.8234,2.7066,2.7486,2.8205,3.0254,3.1405,3.5409,3.815,3.8462,4.0001,4.1774,4.3012,4.4463,4.2743,4.3991,4.4806
Lebanon,All sectors without LULUCF,Emissions (CO2),kilotonnes,15490.284,16450.267,16340.25,18550.234,17270.217,16690.2,14850.184,13800.167,17450.15,20960.134,19990.117,20300.101,22410.101,22160.0044,24030.0053,25810.0053,26530.0053,27880.0053,19210.0053,19250,17940
Lebanon,All sectors without LULUCF,Emissions (CO2eq) from CH4 (AR5),kilotonnes,2182.7086,2258.8996,2359.4282,2465.5426,2568.6767,2655.3394,2705.0403,2740.4846,2785.8929,2858.6823,2943.7053,3142.6999,3345.2717,3543.1985,3721.7047,3849.3147,3934.0846,3997.9722,3997.3926,4184.7528,4296.4354
Lebanon,All sectors without LULUCF,Emissions (CO2eq) from N2O (AR5),kilotonnes,744.2044,778.0252,742.5437,780.3485,803.1947,748.2101,717.2552,728.3881,747.4455,801.7256,832.2329,938.3474,1010.9784,1019.2345,1060.026,1107.0083,1139.8198,1178.2669,1132.692,1165.7601,1187.3565
Lebanon,All sectors without LULUCF,Emissions (CO2eq) (AR5),kilotonnes,18417.197,19487.1918,19442.2219,21796.1251,20642.0884,20093.7495,18272.4796,17269.0396,20983.4883,24620.5419,23766.0552,24381.1483,26766.3512,26722.4374,28811.736,30766.3283,31603.9097,33056.2444,24340.0899,24600.513,23423.7919
Lesotho,Crop Residues,Direct emissions (N2O),kilotonnes,0.0402,0.0601,0.0397,0.0349,0.0333,0.032,0.0391,0.0294,0.0299,0.0274,0.0447,0.0323,0.0306,0.0319,0.0346,0.0268,0.0123,0.0521,0.0491,0.0138,0.0271
Lesotho,Crop Residues,Indirect emissions (N2O),kilotonnes,0.009,0.0135,0.0089,0.0078,0.0075,0.0072,0.0088,0.0066,0.0067,0.0062,0.0101,0.0073,0.0069,0.0072,0.0078,0.006,0.0028,0.0117,0.0111,0.0031,0.0061
Lesotho,Crop Residues,Emissions (N2O),kilotonnes,0.0492,0.0736,0.0487,0.0427,0.0408,0.0392,0.048,0.036,0.0366,0.0335,0.0548,0.0396,0.0374,0.039,0.0424,0.0328,0.0151,0.0639,0.0602,0.0169,0.0332
Lesotho,Crop Residues,Emissions (CO2eq) from N2O (AR5),kilotonnes,13.0394,19.5151,12.9011,11.3144,10.8233,10.3756,12.7078,9.5359,9.7121,8.8794,14.51,10.4847,9.9202,10.341,11.2478,8.6986,4,16.922,15.9541,4.4744,8.7874
Lesotho,Crop Residues,Emissions (CO2eq) (AR5),kilotonnes,13.0394,19.5151,12.9011,11.3144,10.8233,10.3756,12.7078,9.5359,9.7121,8.8794,14.51,10.4847,9.9202,10.341,11.2478,8.6986,4,16.922,15.9541,4.4744,8.7874
Lesotho,Burning - Crop residues,Emissions (CH4),kilotonnes,0.4514,0.5059,0.4105,0.3842,0.3719,0.3238,0.4801,0.3438,0.387,0.394,0.3964,0.3341,0.3556,0.2951,0.3733,0.2787,0.1192,0.4553,0.3497,0.0889,0.2246
Lesotho,Burning - Crop residues,Emissions (N2O),kilotonnes,0.0117,0.0131,0.0106,0.01,0.0096,0.0084,0.0124,0.0089,0.01,0.0102,0.0103,0.0087,0.0092,0.0077,0.0097,0.0072,0.0031,0.0118,0.0091,0.0023,0.0058
Lesotho,Burning - Crop residues,Emissions (CO2eq) from CH4 (AR5),kilotonnes,12.6386,14.166,11.4927,10.7584,10.4142,9.0668,13.444,9.6259,10.8348,11.0309,11.0994,9.3549,9.9582,8.2624,10.4524,7.8027,3.3371,12.7476,9.7928,2.4905,6.2899
Lesotho,Burning - Crop residues,Emissions (CO2eq) from N2O (AR5),kilotonnes,3.1011,3.4759,2.82,2.6398,2.5553,2.2247,3.2988,2.3619,2.6585,2.7067,2.7235,2.2954,2.4434,2.0274,2.5647,1.9146,0.8188,3.1279,2.4029,0.6111,1.5434
Lesotho,Burning - Crop residues,Emissions (CO2eq) (AR5),kilotonnes,15.7398,17.6419,14.3126,13.3982,12.9695,11.2915,16.7427,11.9878,13.4934,13.7376,13.8228,11.6503,12.4016,10.2898,13.0172,9.7173,4.1559,15.8755,12.1957,3.1016,7.8333
Lesotho,Enteric Fermentation,Emissions (CH4),kilotonnes,37.289,37.5886,33.8098,34.3428,33.4262,36.9887,34.8902,35.3133,34.8833,34.8554,34.4212,34.667,35.084,32.4464,31.7615,30.8661,30.1543,33.6287,29.9084,26.5632,30.0741
Lesotho,Enteric Fermentation,Emissions (CH4),kilotonnes,,,,,,,,,,,,,,,,,,,,,
Lesotho,Enteric Fermentation,Emissions (CO2eq) from CH4 (AR5),kilotonnes,1044.0933,1052.4818,946.674,961.5994,935.9327,1035.6847,976.9265,988.7713,976.7324,975.9514,963.7948,970.676,982.352,908.4998,889.3213,864.2499,844.3206,941.6037,837.4352,743.7683,842.0752
Lesotho,Enteric Fermentation,Emissions (CO2eq) from CH4 (AR5),kilotonnes,,,,,,,,,,,,,,,,,,,,,
Lesotho,Enteric Fermentation,Emissions (CO2eq) (AR5),kilotonnes,1044.0933,1052.4818,946.674,961.5994,935.9327,1035.6847,976.9265,988.7713,976.7324,975.9514,963.7948,970.676,982.352,908.4998,889.3213,864.2499,844.3206,941.6037,837.4352,743.7683,842.0752
Lesotho,Enteric Fermentation,Emissions (CO2eq) (AR5),kilotonnes,,,,,,,,,,,,,,,,,,,,,
Lesotho,Manure Management,Emissions (CH4),kilotonnes,0.5516,0.5368,0.4901,0.4736,0.434,0.5131,0.4729,0.501,0.5317,0.5295,0.5007,0.5096,0.5078,0.4999,0.4945,0.4939,0.4819,0.5807,0.4692,0.4859,0.5145
Lesotho,Manure Management,Emissions (CH4),kilotonnes,,,,,,,,,,,,,,,,,,,,,
Lesotho,Manure Management,Emissions (N2O),kilotonnes,0.0745,0.0695,0.0618,0.0474,0.0657,0.0774,0.1112,0.1116,0.059,0.0575,0.0537,0.0522,0.0525,0.0456,0.044,0.0552,0.0518,0.0343,0.0371,0.0373,0.0362
Lesotho,Manure Management,Emissions (N2O),kilotonnes,,,,,,,,,,,,,,,,,,,,,
Lesotho,Manure Management,Emissions (CO2eq) from CH4 (AR5),kilotonnes,15.4458,15.0304,13.724,13.2622,12.1515,14.3664,13.2422,14.0293,14.8885,14.8252,14.0189,14.2689,14.2192,13.9973,13.8447,13.8295,13.4938,16.2607,13.1384,13.6046,14.405
Lesotho,Manure Management,Emissions (CO2eq) from CH4 (AR5),kilotonnes,,,,,,,,,,,,,,,,,,,,,
Lesotho,Manure Management,Emissions (CO2eq) from N2O (AR5),kilotonnes,19.754,18.4183,16.3674,12.5645,17.4084,20.5141,29.4676,29.5825,15.6331,15.233,14.2231,13.8399,13.9012,12.088,11.6686,14.6399,13.7353,9.0818,9.8249,9.8953,9.6027
Lesotho,Manure Management,Emissions (CO2eq) from N2O (AR5),kilotonnes,,,,,,,,,,,,,,,,,,,,,
Lesotho,Manure Management,Emissions (CO2eq) (AR5),kilotonnes,35.1998,33.4487,30.0913,25.8267,29.5599,34.8805,42.7098,43.6118,30.5216,30.0582,28.242,28.1088,28.1205,26.0853,25.5133,28.4694,27.2291,25.3426,22.9633,23.4998,24.0077
Lesotho,Manure Management,Emissions (CO2eq) (AR5),kilotonnes,,,,,,,,,,,,,,,,,,,,,
Lesotho,Manure left on Pasture,Direct emissions (N2O),kilotonnes,1.4426,1.4543,1.3115,1.3335,1.2909,1.4318,1.3557,1.3676,1.3515,1.3553,1.3345,1.3405,1.3565,1.2537,1.232,1.192,1.1585,1.302,1.1623,1.0213,1.1633
Lesotho,Manure left on Pasture,Indirect emissions (N2O),kilotonnes,0.4177,0.4161,0.3792,0.3793,0.3628,0.4078,0.3891,0.3917,0.4033,0.4057,0.3948,0.3935,0.3964,0.3791,0.3709,0.3634,0.3537,0.4231,0.3659,0.3291,0.3734
Lesotho,Manure left on Pasture,Emissions (N2O),kilotonnes,1.8602,1.8705,1.6907,1.7128,1.6537,1.8396,1.7448,1.7593,1.7548,1.761,1.7293,1.734,1.7529,1.6328,1.6029,1.5554,1.5122,1.7251,1.5282,1.3504,1.5367
Lesotho,Manure left on Pasture,Emissions (CO2eq) from N2O (AR5),kilotonnes,492.9579,495.6729,448.0268,453.8868,438.2372,487.4867,462.3682,466.2027,465.0153,466.6614,458.2683,459.5046,464.5124,432.7043,424.7769,412.1843,400.7336,457.1603,404.9818,357.8576,407.2177
Lesotho,Manure left on Pasture,Emissions (CO2eq) (AR5),kilotonnes,492.9579,495.6729,448.0268,453.8868,438.2372,487.4867,462.3682,466.2027,465.0153,466.6614,458.2683,459.5046,464.5124,432.7043,424.7769,412.1843,400.7336,457.1603,404.9818,357.8576,407.2177
Lesotho,Manure applied to Soils,Direct emissions (N2O),kilotonnes,0.0563,0.0541,0.0486,0.0408,0.0492,0.0575,0.0724,0.0744,0.0484,0.047,0.0445,0.0447,0.0448,0.0411,0.0405,0.0454,0.0429,0.0361,0.0358,0.0357,0.0359
Lesotho,Manure applied to Soils,Indirect emissions (N2O),kilotonnes,0.0239,0.023,0.0206,0.0173,0.0209,0.0244,0.0308,0.0316,0.0206,0.02,0.0189,0.019,0.0191,0.0175,0.0172,0.0193,0.0182,0.0153,0.0152,0.0152,0.0152
Lesotho,Manure applied to Soils,Emissions (N2O),kilotonnes,0.0802,0.0771,0.0692,0.0581,0.07,0.082,0.1032,0.1061,0.0689,0.067,0.0633,0.0637,0.0639,0.0586,0.0577,0.0648,0.0611,0.0514,0.051,0.0509,0.0511
Lesotho,Manure applied to Soils,Emissions (CO2eq) from N2O (AR5),kilotonnes,21.2602,20.4329,18.3364,15.4044,18.5606,21.7245,27.3519,28.1099,18.2615,17.7469,16.786,16.8701,16.9276,15.5166,15.2918,17.1623,16.1919,13.6183,13.5021,13.4844,13.5463
Lesotho,Manure applied to Soils,Emissions (CO2eq) (AR5),kilotonnes,21.2602,20.4329,18.3364,15.4044,18.5606,21.7245,27.3519,28.1099,18.2615,17.7469,16.786,16.8701,16.9276,15.5166,15.2918,17.1623,16.1919,13.6183,13.5021,13.4844,13.5463
Lesotho,Drained organic soils,Emissions (CO2eq) (AR5),kilotonnes,0,0,0,0,0,0,0,0,0,0,0,0,0,0,0,0,0,0,0,0,0
Lesotho,Drained organic soils (CO2),Emissions (CO2),kilotonnes,0,0,0,0,0,0,0,0,0,0,0,0,0,0,0,0,0,0,0,0,0
Lesotho,Drained organic soils (CO2),Emissions (CO2eq) (AR5),kilotonnes,0,0,0,0,0,0,0,0,0,0,0,0,0,0,0,0,0,0,0,0,0
Lesotho,Drained organic soils (N2O),Emissions (N2O),kilotonnes,0,0,0,0,0,0,0,0,0,0,0,0,0,0,0,0,0,0,0,0,0
Lesotho,Drained organic soils (N2O),Emissions (CO2eq) from N2O (AR5),kilotonnes,0,0,0,0,0,0,0,0,0,0,0,0,0,0,0,0,0,0,0,0,0
Lesotho,Drained organic soils (N2O),Emissions (CO2eq) (AR5),kilotonnes,0,0,0,0,0,0,0,0,0,0,0,0,0,0,0,0,0,0,0,0,0
Lesotho,On-farm energy use,Emissions (CH4),kilotonnes,0.0426,0.0421,0.0415,0.0428,0.0433,0.0432,0.0419,0.0426,0.0416,0.0408,0.0652,0.1293,0.1621,0.1369,0.1716,0.1526,0.1454,0.1613,0.1754,0.1762,0.1762
Lesotho,On-farm energy use,Emissions (N2O),kilotonnes,0.0077,0.0073,0.0074,0.0073,0.0072,0.0079,0.008,0.0083,0.0091,0.0095,0.0107,0.0124,0.0154,0.0151,0.0144,0.0151,0.0162,0.0157,0.0166,0.017,0.017
Lesotho,On-farm energy use,Emissions (CO2),kilotonnes,36.4537,35.4701,35.8922,35.9851,37.4214,36.0109,36.8887,37.5718,40.8387,42.4355,52.8121,76.6067,94.5686,86.4433,96.1655,93.3881,97.4256,103.2415,109.3341,111.9678,111.9678
Lesotho,On-farm energy use,Emissions (CO2eq) from CH4 (AR5),kilotonnes,1.1935,1.1775,1.1623,1.1985,1.2132,1.2094,1.172,1.1926,1.1653,1.143,1.8255,3.6207,4.5394,3.8346,4.805,4.2715,4.0698,4.5161,4.9115,4.9328,4.9328
Lesotho,On-farm energy use,Emissions (CO2eq) from N2O (AR5),kilotonnes,2.0303,1.9462,1.9658,1.9365,1.9076,2.0949,2.1147,2.2062,2.4209,2.5088,2.8443,3.276,4.0687,3.9986,3.8257,4.0029,4.2807,4.1599,4.3904,4.5033,4.5033
Lesotho,On-farm energy use,Emissions (CO2eq) (AR5),kilotonnes,39.6775,38.5938,39.0203,39.1201,40.5422,39.3152,40.1754,40.9706,44.4249,46.0873,57.4819,83.5033,103.1766,94.2764,104.7963,101.6625,105.7761,111.9175,118.636,121.4039,121.4039
Lesotho,Forestland,Emissions (CO2),kilotonnes,0,0,0,0,0,0,0,0,0,0,0,0,0,0,0,0,0,0,0,0,0
Lesotho,Forestland,Emissions (CO2eq) (AR5),kilotonnes,0,0,0,0,0,0,0,0,0,0,0,0,0,0,0,0,0,0,0,0,0
Lesotho,Net Forest conversion,Emissions (CO2),kilotonnes,0,0,0,0,0,0,0,0,0,0,0,0,0,0,0,0,0,0,0,0,0
Lesotho,Net Forest conversion,Emissions (CO2eq) (AR5),kilotonnes,0,0,0,0,0,0,0,0,0,0,0,0,0,0,0,0,0,0,0,0,0
Lesotho,Savanna fires,Emissions (CH4),kilotonnes,1.7787,0.9021,0.4693,1.2923,0.4186,0.6128,0.5151,1.2432,0.2288,0.5925,0.451,1.0307,0.5839,0.4526,0.3365,0.6612,0.7153,0.2178,0.0821,0.3273,0.087
Lesotho,Savanna fires,Emissions (N2O),kilotonnes,0.1624,0.0824,0.0428,0.118,0.0382,0.0559,0.047,0.1135,0.0209,0.0541,0.0412,0.0941,0.0533,0.0413,0.0307,0.0604,0.0653,0.0199,0.0075,0.0299,0.0079
Lesotho,Savanna fires,Emissions (CO2eq) from CH4 (AR5),kilotonnes,49.8026,25.2595,13.1397,36.1854,11.7205,17.1578,14.4227,34.8097,6.4077,16.5887,12.6282,28.8585,16.3491,12.6723,9.4211,18.5136,20.0277,6.0994,2.2983,9.1641,2.4369
Lesotho,Savanna fires,Emissions (CO2eq) from N2O (AR5),kilotonnes,43.0363,21.8275,11.3544,31.2689,10.128,14.8265,12.4631,30.0802,5.5371,14.3348,10.9124,24.9375,14.1278,10.9505,8.1411,15.9981,17.3065,5.2706,1.986,7.919,2.1058
Lesotho,Savanna fires,Emissions (CO2eq) (AR5),kilotonnes,92.8389,47.0871,24.4941,67.4543,21.8485,31.9843,26.8857,64.8899,11.9447,30.9236,23.5406,53.796,30.4769,23.6228,17.5622,34.5117,37.3342,11.37,4.2843,17.083,4.5427
Lesotho,Fires in organic soils,Emissions (CH4),kilotonnes,0,0,0,0,0,0,0,0,0,0,0,0,0,0,0,0,0,0,0,0,0
Lesotho,Fires in organic soils,Emissions (CO2),kilotonnes,0,0,0,0,0,0,0,0,0,0,0,0,0,0,0,0,0,0,0,0,0
Lesotho,Fires in organic soils,Emissions (CO2eq) from CH4 (AR5),kilotonnes,0,0,0,0,0,0,0,0,0,0,0,0,0,0,0,0,0,0,0,0,0
Lesotho,Fires in organic soils,Emissions (CO2eq) (AR5),kilotonnes,0,0,0,0,0,0,0,0,0,0,0,0,0,0,0,0,0,0,0,0,0
Lesotho,Forest fires,Emissions (CH4),kilotonnes,0.0308,0,0,0,0,0,0,0,0,0,0,0,0,0,0,0,0,0,0,0,0
Lesotho,Forest fires,Emissions (N2O),kilotonnes,0.0017,0,0,0,0,0,0,0,0,0,0,0,0,0,0,0,0,0,0,0,0
Lesotho,Forest fires,Emissions (CO2eq) from CH4 (AR5),kilotonnes,0.8624,0,0,0,0,0,0,0,0,0,0,0,0,0,0,0,0,0,0,0,0
Lesotho,Forest fires,Emissions (CO2eq) from N2O (AR5),kilotonnes,0.4516,0,0,0,0,0,0,0,0,0,0,0,0,0,0,0,0,0,0,0,0
Lesotho,Forest fires,Emissions (CO2eq) (AR5),kilotonnes,1.3139,0,0,0,0,0,0,0,0,0,0,0,0,0,0,0,0,0,0,0,0
Lesotho,Fires in humid tropical forests,Emissions (CH4),kilotonnes,0,0,0,0,0,0,0,0,0,0,0,0,0,0,0,0,0,0,0,0,0
Lesotho,Fires in humid tropical forests,Emissions (N2O),kilotonnes,0,0,0,0,0,0,0,0,0,0,0,0,0,0,0,0,0,0,0,0,0
Lesotho,Fires in humid tropical forests,Emissions (CO2eq) from CH4 (AR5),kilotonnes,0,0,0,0,0,0,0,0,0,0,0,0,0,0,0,0,0,0,0,0,0
Lesotho,Fires in humid tropical forests,Emissions (CO2eq) from N2O (AR5),kilotonnes,0,0,0,0,0,0,0,0,0,0,0,0,0,0,0,0,0,0,0,0,0
Lesotho,Fires in humid tropical forests,Emissions (CO2eq) (AR5),kilotonnes,0,0,0,0,0,0,0,0,0,0,0,0,0,0,0,0,0,0,0,0,0
Lesotho,Waste - agri-food systems,Emissions (CH4),kilotonnes,3.4311,3.4032,3.4175,3.3822,3.4241,3.4181,3.4029,3.4377,3.4148,3.3993,3.4213,3.4316,3.4258,3.431,3.4003,3.4104,3.418,3.4257,3.4372,3.4461,3.4544
Lesotho,Waste - agri-food systems,Emissions (N2O),kilotonnes,0.051,0.051,0.0518,0.0512,0.052,0.0522,0.0532,0.053,0.0522,0.0527,0.054,0.0537,0.0537,0.0534,0.0481,0.0433,0.0383,0.0471,0.0473,0.0475,0.0476
Lesotho,Waste - agri-food systems,Emissions (CO2),kilotonnes,0,0,0,0,0,0,0,0,0,0,0,0,0,0,0,0,0,0,0,0,0
Lesotho,Waste - agri-food systems,Emissions (CO2eq) from CH4 (AR5),kilotonnes,96.0697,95.2897,95.6887,94.7008,95.875,95.7077,95.2807,96.2557,95.6156,95.1806,95.7955,96.0851,95.9222,96.0685,95.2085,95.49,95.7041,95.9209,96.2428,96.4921,96.7236
Lesotho,Waste - agri-food systems,Emissions (CO2eq) from N2O (AR5),kilotonnes,13.5125,13.5239,13.7344,13.5586,13.7833,13.8419,14.0982,14.0378,13.8457,13.9524,14.297,14.2205,14.221,14.1514,12.7446,11.47,10.1471,12.4903,12.5359,12.5773,12.6189
Lesotho,Waste - agri-food systems,Emissions (CO2eq) (AR5),kilotonnes,109.5822,108.8136,109.423,108.2594,109.6584,109.5495,109.3789,110.2935,109.4613,109.133,110.0925,110.3057,110.1432,110.2198,107.9531,106.96,105.8512,108.4112,108.7787,109.0694,109.3425
Lesotho,On-farm electricity use,Emissions (CH4),kilotonnes,0,0,0,0,0,0,0,0,0,0,0,0,0,0,0,0,0,0,0,0,0
Lesotho,On-farm electricity use,Emissions (N2O),kilotonnes,0,0,0,0,0,0,0,0,0,0,0,0,0,0,0,0,0,0,0,0,0
Lesotho,On-farm electricity use,Emissions (CO2),kilotonnes,0,0,0,0,0,0,0,0,0,0,0,0,0,0,0,0,0,0,0,0,0
Lesotho,On-farm electricity use,Emissions (CO2eq) from CH4 (AR5),kilotonnes,0,0,0,0,0,0,0,0,0,0,0,0,0,0,0,0,0,0,0,0,0
Lesotho,On-farm electricity use,Emissions (CO2eq) from N2O (AR5),kilotonnes,0,0,0,0,0,0,0,0,0,0,0,0,0,0,0,0,0,0,0,0,0
Lesotho,On-farm electricity use,Emissions (CO2eq) (AR5),kilotonnes,0,0,0,0,0,0,0,0,0,0,0,0,0,0,0,0,0,0,0,0,0
Lesotho,Food Processing,Emissions (CH4),kilotonnes,0,0,0,0,0,0,0,0,0,0,0,0,0,0,0,0,0,0.0327,0.0339,0.0331,0.0333
Lesotho,Food Processing,Emissions (N2O),kilotonnes,0,0,0,0,0,0,0,0,0,0,0,0,0,0,0,0,0,0.0002,0.0002,0.0002,0.0002
Lesotho,Food Processing,Emissions (CO2),kilotonnes,0,0,0,0,0,0,0,0,0,0,0,0,0,0,0,0,0,25.6074,26.4894,25.8982,23.6282
Lesotho,Food Processing,Emissions (CO2eq) from CH4 (AR5),kilotonnes,0,0,0,0,0,0,0,0,0,0,0,0,0,0,0,0,0,0.9156,0.9492,0.9268,0.9329
Lesotho,Food Processing,Emissions (CO2eq) from N2O (AR5),kilotonnes,0,0,0,0,0,0,0,0,0,0,0,0,0,0,0,0,0,0.053,0.053,0.053,0.0515
Lesotho,Food Processing,Emissions (CO2eq) (AR5),kilotonnes,0,0,0,0,0,0,0,0,0,0,0,0,0,0,0,0,0,26.576,27.4916,26.878,24.6126
Lesotho,Food Packaging,Emissions (CH4),kilotonnes,0.0007,0.0016,0.0018,0.0016,0.0017,0.0017,0.0018,0.0019,0.0018,0.0018,0.0019,0.0017,0.0017,0.0017,0.0018,0.0018,0.0017,0.0015,0.0015,0.0022,0.0022
Lesotho,Food Packaging,Emissions (N2O),kilotonnes,0.0002,0.0002,0.0002,0.0002,0.0002,0.0002,0.0002,0.0002,0.0002,0.0002,0.0002,0,0,0,0,0,0,0,0,0.0001,0.0001
Lesotho,Food Packaging,Emissions (CO2),kilotonnes,1.5913,2.0487,2.1422,1.9909,1.8987,2.094,2.0268,2.0066,2.0002,2.0318,2.2339,0.978,1.0215,0.9737,1.2014,1.2188,1.1046,1.1167,1.1085,1.6022,1.4618
Lesotho,Food Packaging,Emissions (CO2eq) from CH4 (AR5),kilotonnes,0.0196,0.0448,0.0504,0.0448,0.0476,0.0476,0.0504,0.0532,0.0504,0.0504,0.0532,0.0476,0.0476,0.0476,0.0504,0.0504,0.0476,0.042,0.042,0.0616,0.062
Lesotho,Food Packaging,Emissions (CO2eq) from N2O (AR5),kilotonnes,0.053,0.053,0.053,0.053,0.053,0.053,0.053,0.053,0.053,0.053,0.053,0,0,0,0,0,0,0,0,0.0265,0.0257
Lesotho,Food Packaging,Emissions (CO2eq) (AR5),kilotonnes,1.6639,2.1465,2.2456,2.0887,1.9993,2.1946,2.1302,2.1128,2.1036,2.1352,2.3401,1.0256,1.0691,1.0213,1.2518,1.2692,1.1522,1.1587,1.1505,1.6903,1.5495
Lesotho,Food Retail,Emissions (CH4),kilotonnes,0.0177,0.019,0.0194,0.0201,0.0215,0.0221,0.0249,0.0273,0.0288,0.0279,0.0313,0.0354,0.0359,0.0379,0.036,0.0358,0.0407,0.0239,0.0374,0.0392,0.0395
Lesotho,Food Retail,Emissions (N2O),kilotonnes,0.0001,0.0001,0.0001,0.0001,0.0002,0.0002,0.0002,0.0002,0.0002,0.0002,0.0002,0.0002,0.0002,0.0002,0.0002,0.0002,0.0003,0.0002,0.0002,0.0002,0.0002
Lesotho,Food Retail,Emissions (CO2),kilotonnes,19.1386,20.1123,20.1954,20.6123,22.4729,22.629,24.4406,26.8304,28.057,28.0164,31.1154,32.0782,32.5892,33.4972,31.8695,31.5735,35.6259,22.883,33.4628,35.4944,32.3833
Lesotho,Food Retail,Emissions (CO2eq) from CH4 (AR5),kilotonnes,0.4956,0.532,0.5432,0.5628,0.602,0.6188,0.6972,0.7644,0.8064,0.7812,0.8764,0.9912,1.0052,1.0612,1.008,1.0024,1.1396,0.6692,1.0472,1.0976,1.1049
Lesotho,Food Retail,Emissions (CO2eq) from N2O (AR5),kilotonnes,0.0265,0.0265,0.0265,0.0265,0.053,0.053,0.053,0.053,0.053,0.053,0.053,0.053,0.053,0.053,0.053,0.053,0.0795,0.053,0.053,0.053,0.0515
Lesotho,Food Retail,Emissions (CO2eq) (AR5),kilotonnes,19.6607,20.6708,20.7651,21.2016,23.1279,23.3008,25.1908,27.6478,28.9164,28.8506,32.0448,33.1224,33.6474,34.6114,32.9305,32.6289,36.845,23.6052,34.563,36.645,33.5397
Lesotho,Food Household Consumption,Emissions (CH4),kilotonnes,0.0454,0.0474,0.0489,0.0501,0.0478,0.0508,0.0531,0.0623,0.0708,0.0794,0.0852,0.1038,0.1112,0.1195,0.1094,0.1225,0.1227,0.119,0.1266,0.1251,0.1259
Lesotho,Food Household Consumption,Emissions (N2O),kilotonnes,0.0004,0.0004,0.0005,0.0005,0.0005,0.0005,0.0005,0.0005,0.0005,0.0006,0.0006,0.0007,0.0008,0.0008,0.0007,0.0008,0.0008,0.0008,0.0009,0.0008,0.0008
Lesotho,Food Household Consumption,Emissions (CO2),kilotonnes,62.5177,64.9639,66.2256,68.5891,71.153,65.1051,68.8694,74.6885,82.5309,97.6074,100.2266,109.1884,115.1725,119.4627,110.1258,119.2425,121.3955,121.2594,129.173,128.0113,116.7912
Lesotho,Food Household Consumption,Emissions (CO2eq) from CH4 (AR5),kilotonnes,1.2712,1.3272,1.3692,1.4028,1.3384,1.4224,1.4868,1.7444,1.9824,2.2232,2.3856,2.9064,3.1136,3.346,3.0632,3.43,3.4356,3.332,3.5448,3.5028,3.526
Lesotho,Food Household Consumption,Emissions (CO2eq) from N2O (AR5),kilotonnes,0.106,0.106,0.1325,0.1325,0.1325,0.1325,0.1325,0.1325,0.1325,0.159,0.159,0.1855,0.212,0.212,0.1855,0.212,0.212,0.212,0.2385,0.212,0.2059
Lesotho,Food Household Consumption,Emissions (CO2eq) (AR5),kilotonnes,63.8949,66.3971,67.7273,70.1244,72.6239,66.66,70.4887,76.5654,84.6458,99.9896,102.7712,112.2803,118.4981,123.0207,113.3745,122.8845,125.0431,124.8034,132.9563,131.7261,120.5231
Lesotho,Food Transport,Emissions (CH4),kilotonnes,0.0039,0.0038,0.0039,0.0039,0.004,0.004,0.004,0.0057,0.004,0.0048,0.0048,0.0054,0.006,0.0065,0.0068,0.0069,0.0078,0.0083,0.0088,0.0079,0.008
Lesotho,Food Transport,Emissions (N2O),kilotonnes,0.0004,0.0004,0.0004,0.0004,0.0004,0.0004,0.0004,0.0005,0.0004,0.0004,0.0006,0.0006,0.0007,0.0007,0.0008,0.0008,0.0008,0.0009,0.0009,0.0009,0.0009
Lesotho,Food Transport,Emissions (CO2),kilotonnes,16.7475,16.848,17.722,17.9345,18.5085,19.2585,19.033,28.605,20.373,23.9225,24.4318,25.3898,28.6117,30.2761,31.0227,31.7725,35.1123,37.5561,39.4459,37.5594,34.2673
Lesotho,Food Transport,Emissions (CO2eq) from CH4 (AR5),kilotonnes,0.1092,0.1064,0.1092,0.1092,0.112,0.112,0.112,0.1596,0.112,0.1344,0.1344,0.1512,0.168,0.182,0.1904,0.1932,0.2184,0.2324,0.2464,0.2212,0.2227
Lesotho,Food Transport,Emissions (CO2eq) from N2O (AR5),kilotonnes,0.106,0.106,0.106,0.106,0.106,0.106,0.106,0.1325,0.106,0.106,0.159,0.159,0.1855,0.1855,0.212,0.212,0.212,0.2385,0.2385,0.2385,0.2316
Lesotho,Food Transport,Emissions (CO2eq) (AR5),kilotonnes,16.9627,17.0604,17.9372,18.1497,18.7265,19.4765,19.251,28.8971,20.591,24.1629,24.7252,25.7,28.9652,30.6436,31.4251,32.1777,35.5427,38.027,39.9308,38.0191,34.7216
Lesotho,Energy,Emissions (CH4),kilotonnes,12.4,12.5,12.7,12.8,13,13.4,13.6,13.8,14,14.3,14.3,14.3,14.5,14.4,14.3,14.4,14.5,14.9,14.9,15.1,15.2
Lesotho,Energy,Emissions (N2O),kilotonnes,0.303,0.304,0.307,0.308,0.313,0.32,0.324,0.334,0.335,0.342,0.329,0.316,0.306,0.291,0.277,0.264,0.253,0.242,0.229,0.242,0.235
Lesotho,Energy,Emissions (CO2),kilotonnes,1850,1880,1900,1930,1980,2010,2040,2080,2130,2220,2280,2330,2400,2430,2430,2330,2360,2530,2500,2510,2290
Lesotho,Energy,Emissions (CO2eq) from CH4 (AR5),kilotonnes,347.2,350,355.6,358.4,364,375.2,380.8,386.4,392,400.4,400.4,400.4,406,403.2,400.4,403.2,406,417.2,417.2,422.8,425.6
Lesotho,Energy,Emissions (CO2eq) from N2O (AR5),kilotonnes,80.295,80.56,81.355,81.62,82.945,84.8,85.86,88.51,88.775,90.63,87.185,83.74,81.09,77.115,73.405,69.96,67.045,64.13,60.685,64.13,62.275
Lesotho,Energy,Emissions (CO2eq) (AR5),kilotonnes,2277.495,2310.56,2336.955,2370.02,2426.945,2470,2506.66,2554.91,2610.775,2711.03,2767.585,2814.14,2887.09,2910.315,2903.805,2803.16,2833.045,3011.33,2977.885,2996.93,2777.875
Lesotho,IPPU,Emissions (N2O),kilotonnes,0.0377,0.038,0.0383,0.0387,0.039,0.0393,0.0396,0.04,0.0403,0.0407,0.0411,0.0416,0.0421,0.0427,0.0432,0.0438,0.0444,0.045,0.0456,0.0457,0.0462
Lesotho,IPPU,Emissions (CO2),kilotonnes,5.61,5.66,5.74,5.2,5.78,5.67,5.65,6.15,5.63,5.85,5.95,6.17,6.29,6.6,6.55,6.29,6.3,6.39,6.41,6.6,6.66
Lesotho,IPPU,Emissions (CO2eq) from N2O (AR5),kilotonnes,9.9905,10.07,10.1495,10.2555,10.335,10.4145,10.494,10.6,10.6795,10.7855,10.8915,11.024,11.1565,11.3155,11.448,11.607,11.766,11.925,12.084,12.1105,12.243
Lesotho,IPPU,Emissions (CO2eq) (AR5),kilotonnes,15.6005,15.73,15.8895,15.4555,16.115,16.0845,16.144,16.75,16.3095,16.6355,16.8415,17.194,17.4465,17.9155,17.998,17.897,18.066,18.315,18.494,18.7105,18.903
Lesotho,Waste,Emissions (CH4),kilotonnes,10.5,10.7,10.8,11,11.1,11.3,11.4,11.6,11.7,11.9,12.1,12.3,12.5,12.7,13,13.3,13.5,13.7,13.9,14,14.3
Lesotho,Waste,Emissions (N2O),kilotonnes,0.0814,0.0821,0.0828,0.0844,0.0858,0.087,0.089,0.0901,0.0913,0.0921,0.094,0.096,0.0976,0.0985,0.0962,0.09,0.0811,0.0813,0.0824,0.0883,0.088
Lesotho,Waste,Emissions (CO2eq) from CH4 (AR5),kilotonnes,294,299.6,302.4,308,310.8,316.4,319.2,324.8,327.6,333.2,338.8,344.4,350,355.6,364,372.4,378,383.6,389.2,392,400.4
Lesotho,Waste,Emissions (CO2eq) from N2O (AR5),kilotonnes,21.571,21.7565,21.942,22.366,22.737,23.055,23.585,23.8765,24.1945,24.4065,24.91,25.44,25.864,26.1025,25.493,23.85,21.4915,21.5445,21.836,23.3995,23.32
Lesotho,Waste,Emissions (CO2eq) (AR5),kilotonnes,315.571,321.3565,324.342,330.366,333.537,339.455,342.785,348.6765,351.7945,357.6065,363.71,369.84,375.864,381.7025,389.493,396.25,399.4915,405.1445,411.036,415.3995,423.72
Lesotho,Other,Emissions (N2O),kilotonnes,0.085,0.0859,0.0871,0.0877,0.0893,0.0909,0.0919,0.101,0.0956,0.0995,0.0997,0.102,0.104,0.103,0.102,0.102,0.105,0.108,0.109,0.11,0.111
Lesotho,Other,Emissions (CO2eq) from N2O (AR5),kilotonnes,22.525,22.7635,23.0815,23.2405,23.6645,24.0885,24.3535,26.765,25.334,26.3675,26.4205,27.03,27.56,27.295,27.03,27.03,27.825,28.62,28.885,29.15,29.415
Lesotho,Other,Emissions (CO2eq) (AR5),kilotonnes,22.525,22.7635,23.0815,23.2405,23.6645,24.0885,24.3535,26.765,25.334,26.3675,26.4205,27.03,27.56,27.295,27.03,27.03,27.825,28.62,28.885,29.15,29.415
Lesotho,Farm-gate emissions,Emissions (CH4),kilotonnes,40.1134,39.5755,35.2212,36.5359,34.694,38.4816,36.4003,37.4439,36.0725,36.4121,35.8345,36.6707,36.6935,33.8309,33.1373,32.4524,31.616,35.0438,30.9849,27.6414,31.0764
Lesotho,Farm-gate emissions,Direct emissions (N2O),kilotonnes,1.539,1.5685,1.3998,1.4091,1.3734,1.5213,1.4672,1.4714,1.4298,1.4296,1.4237,1.4174,1.4318,1.3267,1.3072,1.2643,1.2137,1.3902,1.2472,1.0708,1.2263
Lesotho,Farm-gate emissions,Indirect emissions (N2O),kilotonnes,0.4506,0.4527,0.4087,0.4045,0.3912,0.4395,0.4287,0.4299,0.4306,0.4319,0.4237,0.4198,0.4223,0.4038,0.3959,0.3887,0.3747,0.4502,0.3922,0.3474,0.3947
Lesotho,Farm-gate emissions,Emissions (N2O),kilotonnes,2.246,2.1935,1.9312,1.9963,1.8854,2.1104,2.0746,2.1437,1.9594,1.9927,1.9633,2.0046,1.9845,1.8401,1.8019,1.7909,1.7248,1.922,1.7096,1.5047,1.6879
Lesotho,Farm-gate emissions,Emissions (CO2),kilotonnes,36.4537,35.4701,35.8922,35.9851,37.4214,36.0109,36.8887,37.5718,40.8387,42.4355,52.8121,76.6067,94.5686,86.4433,96.1655,93.3881,97.4256,103.2415,109.3341,111.9678,111.9678
Lesotho,Farm-gate emissions,Emissions (CO2eq) from CH4 (AR5),kilotonnes,1123.1738,1108.1153,986.1927,1023.0038,971.4321,1077.485,1019.2073,1048.4289,1010.0286,1019.5392,1003.3668,1026.779,1027.4179,947.2663,927.8446,908.6672,885.249,981.2275,867.5762,773.9602,870.1399
Lesotho,Farm-gate emissions,Emissions (CO2eq) from N2O (AR5),kilotonnes,595.1793,581.2889,511.7719,529.0153,499.6204,559.2471,549.772,568.0792,519.2385,528.0711,520.2676,531.2081,525.9012,487.6263,477.5167,474.6007,457.0667,509.3408,453.0422,398.7449,447.3066
Lesotho,Farm-gate emissions,Emissions (CO2eq) (AR5),kilotonnes,1754.8068,1724.8743,1533.8567,1588.0042,1508.4739,1672.743,1605.868,1654.08,1570.1059,1590.0458,1576.4465,1634.5939,1647.8877,1521.3359,1501.5268,1476.656,1439.7413,1593.8097,1429.9525,1284.673,1429.4143
Lesotho,Land Use change,Emissions (CH4),kilotonnes,0,0,0,0,0,0,0,0,0,0,0,0,0,0,0,0,0,0,0,0,0
Lesotho,Land Use change,Emissions (N2O),kilotonnes,0,0,0,0,0,0,0,0,0,0,0,0,0,0,0,0,0,0,0,0,0
Lesotho,Land Use change,Emissions (CO2),kilotonnes,0,0,0,0,0,0,0,0,0,0,0,0,0,0,0,0,0,0,0,0,0
Lesotho,Land Use change,Emissions (CO2eq) from CH4 (AR5),kilotonnes,0,0,0,0,0,0,0,0,0,0,0,0,0,0,0,0,0,0,0,0,0
Lesotho,Land Use change,Emissions (CO2eq) from N2O (AR5),kilotonnes,0,0,0,0,0,0,0,0,0,0,0,0,0,0,0,0,0,0,0,0,0
Lesotho,Land Use change,Emissions (CO2eq) (AR5),kilotonnes,0,0,0,0,0,0,0,0,0,0,0,0,0,0,0,0,0,0,0,0,0
Lesotho,Emissions on agricultural land,Emissions (CH4),kilotonnes,40.1134,39.5755,35.2212,36.5359,34.694,38.4816,36.4003,37.4439,36.0725,36.4121,35.8345,36.6707,36.6935,33.8309,33.1373,32.4524,31.616,35.0438,30.9849,27.6414,31.0764
Lesotho,Emissions on agricultural land,Emissions (N2O),kilotonnes,2.246,2.1935,1.9312,1.9963,1.8854,2.1104,2.0746,2.1437,1.9594,1.9927,1.9633,2.0046,1.9845,1.8401,1.8019,1.7909,1.7248,1.922,1.7096,1.5047,1.6879
Lesotho,Emissions on agricultural land,Emissions (CO2),kilotonnes,36.4537,35.4701,35.8922,35.9851,37.4214,36.0109,36.8887,37.5718,40.8387,42.4355,52.8121,76.6067,94.5686,86.4433,96.1655,93.3881,97.4256,103.2415,109.3341,111.9678,111.9678
Lesotho,Emissions on agricultural land,Emissions (CO2eq) from CH4 (AR5),kilotonnes,1123.1738,1108.1153,986.1927,1023.0038,971.4321,1077.485,1019.2073,1048.4289,1010.0286,1019.5392,1003.3668,1026.779,1027.4179,947.2663,927.8446,908.6672,885.249,981.2275,867.5762,773.9602,870.1399
Lesotho,Emissions on agricultural land,Emissions (CO2eq) from N2O (AR5),kilotonnes,595.1793,581.2889,511.7719,529.0153,499.6204,559.2471,549.772,568.0792,519.2385,528.0711,520.2676,531.2081,525.9012,487.6263,477.5167,474.6007,457.0667,509.3408,453.0422,398.7449,447.3066
Lesotho,Emissions on agricultural land,Emissions (CO2eq) (AR5),kilotonnes,1754.8068,1724.8743,1533.8567,1588.0042,1508.4739,1672.743,1605.868,1654.08,1570.1059,1590.0458,1576.4465,1634.5939,1647.8877,1521.3359,1501.5268,1476.656,1439.7413,1593.8097,1429.9525,1284.673,1429.4143
Lesotho,Pre- and post- production,Emissions (CH4),kilotonnes,3.4988,3.475,3.4915,3.4579,3.4991,3.4967,3.4867,3.5349,3.5202,3.5132,3.5445,3.5779,3.5806,3.5966,3.5543,3.5774,3.5909,3.6111,3.6454,3.6536,3.6633
Lesotho,Pre- and post- production,Emissions (N2O),kilotonnes,0.0521,0.0521,0.053,0.0524,0.0533,0.0535,0.0545,0.0544,0.0535,0.0541,0.0556,0.0552,0.0554,0.0551,0.0498,0.0451,0.0402,0.0492,0.0495,0.0497,0.0498
Lesotho,Pre- and post- production,Emissions (CO2),kilotonnes,99.9951,103.9729,106.2852,109.1268,114.0331,109.0866,114.3698,132.1305,132.9611,151.5781,158.0077,167.6344,177.3949,184.2097,174.2194,183.8073,193.2383,208.4226,229.6796,228.5655,208.5319
Lesotho,Pre- and post- production,Emissions (CO2eq) from CH4 (AR5),kilotonnes,97.9653,97.3001,97.7607,96.8204,97.975,97.9085,97.6271,98.9773,98.5668,98.3698,99.2451,100.1815,100.2566,100.7053,99.5205,100.166,100.5453,101.1121,102.0724,102.3021,102.5721
Lesotho,Pre- and post- production,Emissions (CO2eq) from N2O (AR5),kilotonnes,13.804,13.8154,14.0524,13.8766,14.1278,14.1864,14.4427,14.4088,14.1902,14.3234,14.721,14.618,14.6715,14.6019,13.1951,11.947,10.6506,13.0468,13.1189,13.1603,13.185
Lesotho,Pre- and post- production,Emissions (CO2eq) (AR5),kilotonnes,211.7644,215.0884,218.0982,219.8238,226.136,221.1814,226.4396,245.5166,245.7181,264.2713,271.9738,282.434,292.323,299.5168,286.935,295.9203,304.4342,322.5815,344.8709,344.0279,324.289
Lesotho,Agri-food systems,Emissions (CH4),kilotonnes,43.6121,43.0505,38.7126,39.9937,38.1931,41.9783,39.8869,40.9788,39.5927,39.9253,39.379,40.2486,40.2741,37.4276,36.6916,36.0298,35.2069,38.655,34.6303,31.2951,34.7397
Lesotho,Agri-food systems,Emissions (N2O),kilotonnes,2.2981,2.2457,1.9842,2.0486,1.9387,2.1639,2.1291,2.1981,2.0129,2.0468,2.0188,2.0597,2.0399,1.8952,1.8517,1.836,1.765,1.9713,1.7591,1.5544,1.7377
Lesotho,Agri-food systems,Emissions (CO2),kilotonnes,136.4488,139.443,142.1774,145.1119,151.4545,145.0975,151.2585,169.7023,173.7998,194.0136,210.8198,244.2411,271.9635,270.653,270.3849,277.1954,290.6639,311.6641,339.0137,340.5333,320.4997
Lesotho,Agri-food systems,Emissions (CO2eq) from CH4 (AR5),kilotonnes,1221.1391,1205.4154,1083.9533,1119.8242,1069.4071,1175.3935,1116.8344,1147.4062,1108.5954,1117.909,1102.6119,1126.9606,1127.6745,1047.9716,1027.3651,1008.8332,985.7943,1082.3396,969.6485,876.2624,972.712
Lesotho,Agri-food systems,Emissions (CO2eq) from N2O (AR5),kilotonnes,608.9833,595.1043,525.8242,542.8919,513.7483,573.4335,564.2148,582.488,533.4288,542.3945,534.9886,545.8262,540.5727,502.2282,490.7118,486.5477,467.7173,522.3876,466.1612,411.9052,460.4916
Lesotho,Agri-food systems,Emissions (CO2eq) (AR5),kilotonnes,1966.5712,1939.9626,1751.9549,1807.828,1734.6098,1893.9245,1832.3077,1899.5966,1815.8241,1854.317,1848.4203,1917.0278,1940.2107,1820.8528,1788.4619,1772.5763,1744.1755,1916.3912,1774.8234,1628.7009,1753.7033
Lesotho,IPCC Agriculture,Emissions (CH4),kilotonnes,40.0707,39.5335,35.1797,36.493,34.6507,38.4384,36.3584,37.4013,36.0308,36.3713,35.7693,36.5414,36.5314,33.694,32.9657,32.2998,31.4707,34.8825,30.8095,27.4653,30.9003
Lesotho,IPCC Agriculture,Emissions (CH4),kilotonnes,40.83,,,,,,,,,,,,,,,,,,,,
Lesotho,IPCC Agriculture,Direct emissions (N2O),kilotonnes,1.539,1.5685,1.3998,1.4091,1.3734,1.5213,1.4672,1.4714,1.4298,1.4296,1.4237,1.4174,1.4318,1.3267,1.3072,1.2643,1.2137,1.3902,1.2472,1.0708,1.2263
Lesotho,IPCC Agriculture,Indirect emissions (N2O),kilotonnes,0.4506,0.4527,0.4087,0.4045,0.3912,0.4395,0.4287,0.4299,0.4306,0.4319,0.4237,0.4198,0.4223,0.4038,0.3959,0.3887,0.3747,0.4502,0.3922,0.3474,0.3947
Lesotho,IPCC Agriculture,Emissions (N2O),kilotonnes,2.2383,2.1862,1.9238,1.989,1.8782,2.1025,2.0666,2.1354,1.9503,1.9833,1.9525,1.9922,1.9692,1.825,1.7875,1.7758,1.7086,1.9063,1.693,1.4877,1.671
Lesotho,IPCC Agriculture,Emissions (N2O),kilotonnes,4.44,,,,,,,,,,,,,,,,,,,,
Lesotho,IPCC Agriculture,Emissions (CO2eq) from CH4 (AR5),kilotonnes,1121.9804,1106.9377,985.0304,1021.8053,970.2189,1076.2757,1018.0353,1047.2363,1008.8634,1018.3962,1001.5413,1023.1584,1022.8785,943.4318,923.0396,904.3957,881.1792,976.7113,862.6647,769.0274,865.2071
Lesotho,IPCC Agriculture,Emissions (CO2eq) from CH4 (AR5),kilotonnes,1143.24,,,,,,,,,,,,,,,,,,,,
Lesotho,IPCC Agriculture,Emissions (CO2eq) from N2O (AR5),kilotonnes,593.1489,579.3427,509.806,527.0788,497.7128,557.1522,547.6573,565.873,516.8176,525.5623,517.4233,527.9322,521.8325,483.6277,473.6909,470.5978,452.786,505.1809,448.6519,394.2416,442.8033
Lesotho,IPCC Agriculture,Emissions (CO2eq) from N2O (AR5),kilotonnes,1176.6,,,,,,,,,,,,,,,,,,,,
Lesotho,IPCC Agriculture,Emissions (CO2eq) (AR5),kilotonnes,1715.1293,1686.2805,1494.8364,1548.8841,1467.9317,1633.4279,1565.6926,1613.1093,1525.681,1543.9585,1518.9646,1551.0906,1544.7111,1427.0595,1396.7305,1374.9936,1333.9652,1481.8922,1311.3166,1163.2691,1308.0104
Lesotho,IPCC Agriculture,Emissions (CO2eq) (AR5),kilotonnes,2319.84,,,,,,,,,,,,,,,,,,,,
Lesotho,Agricultural Soils,Direct emissions (N2O),kilotonnes,1.539,1.5685,1.3998,1.4091,1.3734,1.5213,1.4672,1.4714,1.4298,1.4296,1.4237,1.4174,1.4318,1.3267,1.3072,1.2643,1.2137,1.3902,1.2472,1.0708,1.2263
Lesotho,Agricultural Soils,Indirect emissions (N2O),kilotonnes,0.4506,0.4527,0.4087,0.4045,0.3912,0.4395,0.4287,0.4299,0.4306,0.4319,0.4237,0.4198,0.4223,0.4038,0.3959,0.3887,0.3747,0.4502,0.3922,0.3474,0.3947
Lesotho,Agricultural Soils,Emissions (N2O),kilotonnes,1.9897,2.0212,1.8085,1.8136,1.7646,1.9607,1.896,1.9013,1.8603,1.8615,1.8474,1.8372,1.8542,1.7304,1.7031,1.653,1.5884,1.8404,1.6394,1.4182,1.6209
Lesotho,Agricultural Soils,Emissions (N2O),kilotonnes,,,,,,,,,,,,,,,,,,,,,
Lesotho,Agricultural Soils,Emissions (CO2eq) from N2O (AR5),kilotonnes,527.2575,535.621,479.2642,480.6056,467.621,519.5868,502.4279,503.8484,492.9889,493.2877,489.5643,486.8594,491.3601,458.5619,451.3165,438.0452,420.9254,487.7005,434.438,375.8163,429.5514
Lesotho,Agricultural Soils,Emissions (CO2eq) from N2O (AR5),kilotonnes,,,,,,,,,,,,,,,,,,,,,
Lesotho,Agricultural Soils,Emissions (CO2eq) (AR5),kilotonnes,527.2575,535.621,479.2642,480.6056,467.621,519.5868,502.4279,503.8484,492.9889,493.2877,489.5643,486.8594,491.3601,458.5619,451.3165,438.0452,420.9254,487.7005,434.438,375.8163,429.5514
Lesotho,Agricultural Soils,Emissions (CO2eq) (AR5),kilotonnes,,,,,,,,,,,,,,,,,,,,,
Lesotho,LULUCF,Emissions (CH4),kilotonnes,0.0308,0,0,0,0,0,0,0,0,0,0,0,0,0,0,0,0,0,0,0,0
Lesotho,LULUCF,Emissions (N2O),kilotonnes,0.0017,0,0,0,0,0,0,0,0,0,0,0,0,0,0,0,0,0,0,0,0
Lesotho,LULUCF,Emissions (CO2),kilotonnes,0,0,0,0,0,0,0,0,0,0,0,0,0,0,0,0,0,0,0,0,0
Lesotho,LULUCF,Emissions (CO2),kilotonnes,-1377.98,,,,,,,,,,,,,,,,,,,,
Lesotho,LULUCF,Emissions (CO2eq) from CH4 (AR5),kilotonnes,0.8624,0,0,0,0,0,0,0,0,0,0,0,0,0,0,0,0,0,0,0,0
Lesotho,LULUCF,Emissions (CO2eq) from N2O (AR5),kilotonnes,0.4516,0,0,0,0,0,0,0,0,0,0,0,0,0,0,0,0,0,0,0,0
Lesotho,LULUCF,Emissions (CO2eq) (AR5),kilotonnes,1.3139,0,0,0,0,0,0,0,0,0,0,0,0,0,0,0,0,0,0,0,0
Lesotho,LULUCF,Emissions (CO2eq) (AR5),kilotonnes,-1377.98,,,,,,,,,,,,,,,,,,,,
Lesotho,AFOLU,Emissions (CH4),kilotonnes,40.1015,39.5335,35.1797,36.493,34.6507,38.4384,36.3584,37.4013,36.0308,36.3713,35.7693,36.5414,36.5314,33.694,32.9657,32.2998,31.4707,34.8825,30.8095,27.4653,30.9003
Lesotho,AFOLU,Emissions (N2O),kilotonnes,2.24,2.1862,1.9238,1.989,1.8782,2.1025,2.0666,2.1354,1.9503,1.9833,1.9525,1.9922,1.9692,1.825,1.7875,1.7758,1.7086,1.9063,1.693,1.4877,1.671
Lesotho,AFOLU,Emissions (CO2),kilotonnes,0,0,0,0,0,0,0,0,0,0,0,0,0,0,0,0,0,0,0,0,0
Lesotho,AFOLU,Emissions (CO2eq) from CH4 (AR5),kilotonnes,1122.8427,1106.9377,985.0304,1021.8053,970.2189,1076.2757,1018.0353,1047.2363,1008.8634,1018.3962,1001.5413,1023.1584,1022.8785,943.4318,923.0396,904.3957,881.1792,976.7113,862.6647,769.0274,865.2071
Lesotho,AFOLU,Emissions (CO2eq) from N2O (AR5),kilotonnes,593.6005,579.3427,509.806,527.0788,497.7128,557.1522,547.6573,565.873,516.8176,525.5623,517.4233,527.9322,521.8325,483.6277,473.6909,470.5978,452.786,505.1809,448.6519,394.2416,442.8033
Lesotho,AFOLU,Emissions (CO2eq) (AR5),kilotonnes,1716.4432,1686.2805,1494.8364,1548.8841,1467.9317,1633.4279,1565.6926,1613.1093,1525.681,1543.9585,1518.9646,1551.0906,1544.7111,1427.0595,1396.7305,1374.9936,1333.9652,1481.8922,1311.3166,1163.2691,1308.0104
Lesotho,All sectors with LULUCF,Emissions (CH4),kilotonnes,63.0015,62.7335,58.6797,60.293,58.7507,63.1384,61.3584,62.8013,61.7308,62.5713,62.1693,63.1414,63.5314,60.794,60.2657,59.9998,59.4707,63.4825,59.6095,56.5653,60.4003
Lesotho,All sectors with LULUCF,Emissions (N2O),kilotonnes,2.7471,2.6962,2.439,2.5078,2.4053,2.6397,2.6111,2.7005,2.5125,2.5576,2.5163,2.5478,2.5189,2.3602,2.3059,2.2756,2.1921,2.3826,2.159,1.9737,2.1512
Lesotho,All sectors with LULUCF,Emissions (CO2),kilotonnes,1855.61,1885.66,1905.74,1935.2,1985.78,2015.67,2045.65,2086.15,2135.63,2225.85,2285.95,2336.17,2406.29,2436.6,2436.55,2336.29,2366.3,2536.39,2506.41,2516.6,2296.66
Lesotho,All sectors with LULUCF,Emissions (CO2eq) from CH4 (AR5),kilotonnes,1764.0427,1756.5377,1643.0304,1688.2053,1645.0189,1767.8757,1718.0353,1758.4363,1728.4634,1751.9962,1740.7413,1767.9584,1778.8785,1702.2318,1687.4396,1679.9957,1665.1792,1777.5113,1669.0647,1583.8274,1691.2071
Lesotho,All sectors with LULUCF,Emissions (CO2eq) from N2O (AR5),kilotonnes,727.982,714.4927,646.334,664.5608,637.3943,699.5102,691.9498,715.6245,665.8006,677.7518,666.8303,675.1662,667.503,625.4557,611.0669,603.0448,580.9135,631.4004,572.1419,523.0316,570.0563
Lesotho,All sectors with LULUCF,Emissions (CO2eq) (AR5),kilotonnes,4347.6347,4356.6905,4195.1044,4287.9661,4268.1932,4483.0559,4455.6351,4560.2108,4529.894,4655.598,4693.5216,4779.2946,4852.6716,4764.2875,4735.0565,4619.3306,4612.3927,4945.3017,4747.6166,4623.4591,4557.9234
Lesotho,All sectors without LULUCF,Emissions (CH4),kilotonnes,62.9707,62.7335,58.6797,60.293,58.7507,63.1384,61.3584,62.8013,61.7308,62.5713,62.1693,63.1414,63.5314,60.794,60.2657,59.9998,59.4707,63.4825,59.6095,56.5653,60.4003
Lesotho,All sectors without LULUCF,Emissions (N2O),kilotonnes,2.7454,2.6962,2.439,2.5078,2.4053,2.6397,2.6111,2.7005,2.5125,2.5576,2.5163,2.5478,2.5189,2.3602,2.3059,2.2756,2.1921,2.3826,2.159,1.9737,2.1512
Lesotho,All sectors without LULUCF,Emissions (CO2),kilotonnes,1855.61,1885.66,1905.74,1935.2,1985.78,2015.67,2045.65,2086.15,2135.63,2225.85,2285.95,2336.17,2406.29,2436.6,2436.55,2336.29,2366.3,2536.39,2506.41,2516.6,2296.66
Lesotho,All sectors without LULUCF,Emissions (CO2eq) from CH4 (AR5),kilotonnes,1763.1804,1756.5377,1643.0304,1688.2053,1645.0189,1767.8757,1718.0353,1758.4363,1728.4634,1751.9962,1740.7413,1767.9584,1778.8785,1702.2318,1687.4396,1679.9957,1665.1792,1777.5113,1669.0647,1583.8274,1691.2071
Lesotho,All sectors without LULUCF,Emissions (CO2eq) from N2O (AR5),kilotonnes,727.5304,714.4927,646.334,664.5608,637.3943,699.5102,691.9498,715.6245,665.8006,677.7518,666.8303,675.1662,667.503,625.4557,611.0669,603.0448,580.9135,631.4004,572.1419,523.0316,570.0563
Lesotho,All sectors without LULUCF,Emissions (CO2eq) (AR5),kilotonnes,4346.3208,4356.6905,4195.1044,4287.9661,4268.1932,4483.0559,4455.6351,4560.2108,4529.894,4655.598,4693.5216,4779.2946,4852.6716,4764.2875,4735.0565,4619.3306,4612.3927,4945.3017,4747.6166,4623.4591,4557.9234
Liberia,Crop Residues,Direct emissions (N2O),kilotonnes,0.0672,0.0585,0.0512,0.05,0.0512,0.0567,0.0608,0.0781,0.0949,0.1118,0.1132,0.1117,0.1073,0.0995,0.1024,0.1166,0.1364,0.1022,0.1048,0.1082,0.1068
Liberia,Crop Residues,Direct emissions (N2O),kilotonnes,,,,,,,,,,,,,,,0.1253,,,,,,
Liberia,Crop Residues,Indirect emissions (N2O),kilotonnes,0.0151,0.0132,0.0115,0.0113,0.0115,0.0128,0.0137,0.0176,0.0214,0.0251,0.0255,0.0251,0.0241,0.0224,0.023,0.0262,0.0307,0.023,0.0236,0.0243,0.024
Liberia,Crop Residues,Emissions (N2O),kilotonnes,0.0823,0.0716,0.0627,0.0613,0.0627,0.0694,0.0745,0.0957,0.1163,0.1369,0.1387,0.1368,0.1315,0.1219,0.1255,0.1428,0.167,0.1251,0.1284,0.1326,0.1309
Liberia,Crop Residues,Emissions (N2O),kilotonnes,,,,,,,,,,,,,,,0.1253,,,,,,
Liberia,Crop Residues,Emissions (CO2eq) from N2O (AR5),kilotonnes,21.8078,18.9803,16.626,16.2326,16.6236,18.399,19.748,25.3601,30.8063,36.2847,36.7564,36.258,34.8431,32.3162,33.2494,37.8428,44.2632,33.1609,34.0162,35.1273,34.6827
Liberia,Crop Residues,Emissions (CO2eq) from N2O (AR5),kilotonnes,,,,,,,,,,,,,,,33.1952,,,,,,
Liberia,Crop Residues,Emissions (CO2eq) (AR5),kilotonnes,21.8078,18.9803,16.626,16.2326,16.6236,18.399,19.748,25.3601,30.8063,36.2847,36.7564,36.258,34.8431,32.3162,33.2494,37.8428,44.2632,33.1609,34.0162,35.1273,34.6827
Liberia,Crop Residues,Emissions (CO2eq) (AR5),kilotonnes,,,,,,,,,,,,,,,33.1952,,,,,,
Liberia,Rice Cultivation,Emissions (CH4),kilotonnes,1.6876,1.5288,1.4112,1.4112,1.4112,1.4112,1.5288,1.8816,2.2344,2.9115,2.9545,2.9173,2.7174,2.5399,2.6691,3.0829,3.6728,2.747,2.7999,2.8812,2.8224
Liberia,Rice Cultivation,Emissions (CH4),kilotonnes,,,,,,,,,,,,,,,2.5673,,,0.08,,,
Liberia,Rice Cultivation,Emissions (CO2eq) from CH4 (AR5),kilotonnes,47.2517,42.8064,39.5136,39.5136,39.5136,39.5136,42.8064,52.6848,62.5632,81.5231,82.725,81.6845,76.0874,71.1176,74.736,86.3221,102.8388,76.9165,78.3983,80.6736,79.0272
Liberia,Rice Cultivation,Emissions (CO2eq) from CH4 (AR5),kilotonnes,,,,,,,,,,,,,,,71.8844,,,2.24,,,
Liberia,Rice Cultivation,Emissions (CO2eq) (AR5),kilotonnes,47.2517,42.8064,39.5136,39.5136,39.5136,39.5136,42.8064,52.6848,62.5632,81.5231,82.725,81.6845,76.0874,71.1176,74.736,86.3221,102.8388,76.9165,78.3983,80.6736,79.0272
Liberia,Rice Cultivation,Emissions (CO2eq) (AR5),kilotonnes,,,,,,,,,,,,,,,71.8844,,,2.24,,,
Liberia,Burning - Crop residues,Emissions (CH4),kilotonnes,0.2561,0.2369,0.2221,0.2221,0.2221,0.2221,0.2369,0.2832,0.3278,0.4133,0.4187,0.414,0.3888,0.3664,0.3828,0.4357,0.5106,0.3937,0.4004,0.4108,0.4035
Liberia,Burning - Crop residues,Emissions (CH4),kilotonnes,1,,,,,,,,,,,,,,,,,,,,
Liberia,Burning - Crop residues,Emissions (N2O),kilotonnes,0.0066,0.0061,0.0058,0.0058,0.0058,0.0058,0.0061,0.0073,0.0085,0.0107,0.0109,0.0107,0.0101,0.0095,0.0099,0.0113,0.0132,0.0102,0.0104,0.0107,0.0105
Liberia,Burning - Crop residues,Emissions (CO2eq) from CH4 (AR5),kilotonnes,7.1707,6.6339,6.2181,6.2181,6.2181,6.2181,6.6339,7.9304,9.1778,11.572,11.7238,11.5924,10.8856,10.258,10.7191,12.2007,14.2978,11.0226,11.2119,11.5031,11.299
Liberia,Burning - Crop residues,Emissions (CO2eq) from CH4 (AR5),kilotonnes,28,,,,,,,,,,,,,,,,,,,,
Liberia,Burning - Crop residues,Emissions (CO2eq) from N2O (AR5),kilotonnes,1.7595,1.6278,1.5257,1.5257,1.5257,1.5257,1.6278,1.9459,2.252,2.8394,2.8767,2.8444,2.671,2.517,2.6301,2.9937,3.5082,2.7046,2.7511,2.8225,2.7724
Liberia,Burning - Crop residues,Emissions (CO2eq) (AR5),kilotonnes,8.9301,8.2617,7.7438,7.7438,7.7438,7.7438,8.2617,9.8763,11.4298,14.4114,14.6005,14.4368,13.5566,12.7751,13.3492,15.1944,17.806,13.7273,13.9629,14.3256,14.0714
Liberia,Burning - Crop residues,Emissions (CO2eq) (AR5),kilotonnes,28,,,,,,,,,,,,,,,,,,,,
Liberia,Enteric Fermentation,Emissions (CH4),kilotonnes,3.4814,3.4814,3.4815,3.4815,3.4815,3.4816,3.6819,3.8962,4.11,4.3445,4.5945,4.6586,4.6875,4.7915,4.8259,4.872,4.8352,4.9448,5.0644,5.1737,5.3231
Liberia,Enteric Fermentation,Emissions (CH4),kilotonnes,117,,,,,,,,,,,,,,4.8704,,,5.19,,,
Liberia,Enteric Fermentation,Emissions (CO2eq) from CH4 (AR5),kilotonnes,97.4786,97.4799,97.4812,97.482,97.4833,97.4845,103.0932,109.0936,115.08,121.6468,128.6474,130.4394,131.25,134.162,135.1245,136.4168,135.386,138.4533,141.8024,144.8628,149.0469
Liberia,Enteric Fermentation,Emissions (CO2eq) from CH4 (AR5),kilotonnes,3276,,,,,,,,,,,,,,136.3712,,,145.32,,,
Liberia,Enteric Fermentation,Emissions (CO2eq) (AR5),kilotonnes,97.4786,97.4799,97.4812,97.482,97.4833,97.4845,103.0932,109.0936,115.08,121.6468,128.6474,130.4394,131.25,134.162,135.1245,136.4168,135.386,138.4533,141.8024,144.8628,149.0469
Liberia,Enteric Fermentation,Emissions (CO2eq) (AR5),kilotonnes,3276,,,,,,,,,,,,,,136.3712,,,145.32,,,
Liberia,Manure Management,Emissions (CH4),kilotonnes,0.3231,0.3291,0.3331,0.3391,0.3431,0.3491,0.3823,0.4182,0.4581,0.501,0.5497,0.5801,0.587,0.5983,0.5975,0.5986,0.5983,0.6177,0.6426,0.6721,0.7075
Liberia,Manure Management,Emissions (CH4),kilotonnes,4,,,,,,,,,,,,,,0.6,,,,,,
Liberia,Manure Management,Emissions (N2O),kilotonnes,0.0612,0.0614,0.0615,0.0616,0.0618,0.0619,0.071,0.0814,0.0932,0.1069,0.1226,0.1328,0.1338,0.1349,0.134,0.1332,0.1327,0.1394,0.1468,0.1559,0.1668
Liberia,Manure Management,Emissions (N2O),kilotonnes,,,,,,,,,,,,,,,0.1331,,,,,,
Liberia,Manure Management,Emissions (CO2eq) from CH4 (AR5),kilotonnes,9.0466,9.2146,9.3266,9.4946,9.6066,9.7746,10.7039,11.7101,12.8276,14.0267,15.3928,16.2435,16.4362,16.7536,16.7301,16.7606,16.7518,17.2949,17.9915,18.819,19.8098
Liberia,Manure Management,Emissions (CO2eq) from CH4 (AR5),kilotonnes,112,,,,,,,,,,,,,,16.8,,,,,,
Liberia,Manure Management,Emissions (CO2eq) from N2O (AR5),kilotonnes,16.2225,16.2633,16.294,16.3369,16.3729,16.4143,18.8157,21.5582,24.7111,28.3293,32.496,35.1926,35.4574,35.7472,35.5226,35.2926,35.166,36.947,38.8976,41.3186,44.2075
Liberia,Manure Management,Emissions (CO2eq) from N2O (AR5),kilotonnes,,,,,,,,,,,,,,,35.2715,,,,,,
Liberia,Manure Management,Emissions (CO2eq) (AR5),kilotonnes,25.269,25.4778,25.6205,25.8314,25.9794,26.1889,29.5197,33.2683,37.5386,42.3559,47.8888,51.4361,51.8935,52.5008,52.2527,52.0532,51.9177,54.2419,56.889,60.1376,64.0173
Liberia,Manure Management,Emissions (CO2eq) (AR5),kilotonnes,112,,,,,,,,,,,,,,52.0715,,,,,,
Liberia,Manure left on Pasture,Direct emissions (N2O),kilotonnes,0.1809,0.1836,0.1856,0.1883,0.1906,0.1933,0.2047,0.2161,0.2276,0.2393,0.2518,0.2568,0.2597,0.2666,0.2682,0.271,0.2706,0.2757,0.2818,0.2887,0.2974
Liberia,Manure left on Pasture,Direct emissions (N2O),kilotonnes,,,,,,,,,,,,,,,0.3569,,,,,,
Liberia,Manure left on Pasture,Indirect emissions (N2O),kilotonnes,0.0577,0.0582,0.0586,0.0592,0.0597,0.0603,0.0641,0.068,0.072,0.0762,0.0807,0.082,0.0828,0.0846,0.085,0.0857,0.0856,0.0871,0.0892,0.0915,0.0943
Liberia,Manure left on Pasture,Emissions (N2O),kilotonnes,0.2386,0.2418,0.2442,0.2475,0.2503,0.2536,0.2689,0.2841,0.2997,0.3155,0.3325,0.3388,0.3426,0.3513,0.3532,0.3566,0.3562,0.3628,0.371,0.3802,0.3918
Liberia,Manure left on Pasture,Emissions (N2O),kilotonnes,,,,,,,,,,,,,,,0.3569,,,,,,
Liberia,Manure left on Pasture,Emissions (CO2eq) from N2O (AR5),kilotonnes,63.2324,64.076,64.7111,65.5981,66.342,67.2001,71.2461,75.2876,79.4152,83.6175,88.1157,89.7793,90.7787,93.0854,93.6106,94.5101,94.3957,96.1406,98.3145,100.756,103.816
Liberia,Manure left on Pasture,Emissions (CO2eq) from N2O (AR5),kilotonnes,,,,,,,,,,,,,,,94.5785,,,,,,
Liberia,Manure left on Pasture,Emissions (CO2eq) (AR5),kilotonnes,63.2324,64.076,64.7111,65.5981,66.342,67.2001,71.2461,75.2876,79.4152,83.6175,88.1157,89.7793,90.7787,93.0854,93.6106,94.5101,94.3957,96.1406,98.3145,100.756,103.816
Liberia,Manure left on Pasture,Emissions (CO2eq) (AR5),kilotonnes,,,,,,,,,,,,,,,94.5785,,,,,,
Liberia,Manure applied to Soils,Direct emissions (N2O),kilotonnes,0.0367,0.037,0.0373,0.0376,0.0379,0.0382,0.0432,0.0488,0.0553,0.0626,0.071,0.0765,0.0772,0.078,0.0776,0.0773,0.0771,0.0807,0.0846,0.0896,0.0955
Liberia,Manure applied to Soils,Direct emissions (N2O),kilotonnes,,,,,,,,,,,,,,,0.1101,,,,,,
Liberia,Manure applied to Soils,Indirect emissions (N2O),kilotonnes,0.0156,0.0157,0.0158,0.016,0.0161,0.0162,0.0184,0.0208,0.0235,0.0266,0.0302,0.0325,0.0328,0.0332,0.033,0.0328,0.0328,0.0343,0.036,0.0381,0.0406
Liberia,Manure applied to Soils,Emissions (N2O),kilotonnes,0.0523,0.0528,0.0531,0.0536,0.054,0.0544,0.0616,0.0696,0.0788,0.0893,0.1012,0.109,0.11,0.1112,0.1106,0.1101,0.1099,0.115,0.1206,0.1277,0.1361
Liberia,Manure applied to Soils,Emissions (N2O),kilotonnes,,,,,,,,,,,,,,,0.1101,,,,,,
Liberia,Manure applied to Soils,Emissions (CO2eq) from N2O (AR5),kilotonnes,13.8715,13.9878,14.0754,14.1976,14.3002,14.4185,16.3161,18.4465,20.8868,23.6548,26.8276,28.8976,29.1566,29.4705,29.3171,29.1859,29.1225,30.4679,31.9617,33.8352,36.0646
Liberia,Manure applied to Soils,Emissions (CO2eq) from N2O (AR5),kilotonnes,,,,,,,,,,,,,,,29.1765,,,,,,
Liberia,Manure applied to Soils,Emissions (CO2eq) (AR5),kilotonnes,13.8715,13.9878,14.0754,14.1976,14.3002,14.4185,16.3161,18.4465,20.8868,23.6548,26.8276,28.8976,29.1566,29.4705,29.3171,29.1859,29.1225,30.4679,31.9617,33.8352,36.0646
Liberia,Manure applied to Soils,Emissions (CO2eq) (AR5),kilotonnes,,,,,,,,,,,,,,,29.1765,,,,,,
Liberia,Drained organic soils,Emissions (CO2eq) (AR5),kilotonnes,116.2111,126.707,128.2747,128.2747,131.7981,131.7981,131.7981,131.7981,131.7981,132.679,132.679,133.1274,133.1274,133.1274,133.1274,133.1274,133.1274,132.0481,130.7479,129.6814,129.6814
Liberia,Drained organic soils (CO2),Emissions (CO2),kilotonnes,111.588,121.6677,123.1725,123.1725,126.5574,126.5574,126.5574,126.5574,126.5574,127.4037,127.4037,127.8344,127.8344,127.8344,127.8344,127.8344,127.8344,126.795,125.5436,124.5232,124.5232
Liberia,Drained organic soils (CO2),Emissions (CO2eq) (AR5),kilotonnes,111.588,121.6677,123.1725,123.1725,126.5574,126.5574,126.5574,126.5574,126.5574,127.4037,127.4037,127.8344,127.8344,127.8344,127.8344,127.8344,127.8344,126.795,125.5436,124.5232,124.5232
Liberia,Drained organic soils (N2O),Emissions (N2O),kilotonnes,0.0174,0.019,0.0193,0.0193,0.0198,0.0198,0.0198,0.0198,0.0198,0.0199,0.0199,0.02,0.02,0.02,0.02,0.02,0.02,0.0198,0.0196,0.0195,0.0195
Liberia,Drained organic soils (N2O),Emissions (CO2eq) from N2O (AR5),kilotonnes,4.6232,5.0393,5.1023,5.1023,5.2407,5.2407,5.2407,5.2407,5.2407,5.2753,5.2753,5.293,5.293,5.293,5.293,5.293,5.293,5.2531,5.2043,5.1582,5.1582
Liberia,Drained organic soils (N2O),Emissions (CO2eq) (AR5),kilotonnes,4.6232,5.0393,5.1023,5.1023,5.2407,5.2407,5.2407,5.2407,5.2407,5.2753,5.2753,5.293,5.293,5.293,5.293,5.293,5.293,5.2531,5.2043,5.1582,5.1582
Liberia,On-farm energy use,Emissions (CH4),kilotonnes,0.08,0.0824,0.0788,0.0887,0.095,0.1297,0.1277,0.1013,0.0809,0.0802,0.1256,0.1509,0.164,0.1664,0.2365,0.26,0.2852,0.2527,0.2175,0.2137,0.2137
Liberia,On-farm energy use,Emissions (N2O),kilotonnes,0.0004,0.0004,0.0004,0.0004,0.0005,0.0006,0.0006,0.0005,0.0004,0.0004,0.0006,0.0008,0.0008,0.0008,0.0012,0.0013,0.0014,0.0013,0.0011,0.0011,0.0011
Liberia,On-farm energy use,Emissions (CO2),kilotonnes,25.2236,25.9938,24.8512,27.9639,29.9603,40.8995,40.275,31.928,25.517,25.3054,39.5911,47.591,51.7269,52.4574,74.5739,81.9829,89.9475,79.689,68.59,67.3933,67.3933
Liberia,On-farm energy use,Emissions (CO2eq) from CH4 (AR5),kilotonnes,2.2397,2.3081,2.2067,2.4831,2.6603,3.6317,3.5762,2.835,2.2658,2.247,3.5155,4.2258,4.5931,4.6579,6.6218,7.2797,7.9869,7.076,6.0904,5.9842,5.9842
Liberia,On-farm energy use,Emissions (CO2eq) from N2O (AR5),kilotonnes,0.106,0.1092,0.1044,0.1175,0.1259,0.1719,0.1692,0.1342,0.1072,0.1063,0.1664,0.2,0.2174,0.2204,0.3134,0.3445,0.378,0.3348,0.2882,0.2832,0.2832
Liberia,On-farm energy use,Emissions (CO2eq) (AR5),kilotonnes,27.5693,28.4112,27.1623,30.5645,32.7465,44.703,44.0205,34.8972,27.89,27.6587,43.2729,52.0168,56.5373,57.3357,81.509,89.6071,98.3124,87.0998,74.9687,73.6606,73.6606
Liberia,Forestland,Emissions (CO2),kilotonnes,-377.9245,-377.9245,-377.9245,-377.9245,-377.9245,-377.9245,-377.9245,-377.9245,-377.9245,-377.9245,-377.9245,-377.4855,-377.4855,-377.4855,-377.4855,-377.4855,-378.3634,-378.3634,-378.3634,-378.3634,-378.3634
Liberia,Forestland,Emissions (CO2),kilotonnes,,,,,,,,,,,,,,,,,,-3161.34,,,
Liberia,Forestland,Emissions (CO2eq) (AR5),kilotonnes,-377.9245,-377.9245,-377.9245,-377.9245,-377.9245,-377.9245,-377.9245,-377.9245,-377.9245,-377.9245,-377.9245,-377.4855,-377.4855,-377.4855,-377.4855,-377.4855,-378.3634,-378.3634,-378.3634,-378.3634,-378.3634
Liberia,Forestland,Emissions (CO2eq) (AR5),kilotonnes,,,,,,,,,,,,,,,,,,-3161.34,,,
Liberia,Net Forest conversion,Emissions (CO2),kilotonnes,13660.148,13660.148,13660.148,13660.148,13660.148,13660.148,13660.148,13660.148,13660.148,13660.148,13660.148,13659.7091,13659.7091,13659.7091,13659.7091,13659.7091,13660.5869,13660.5869,13660.5869,13660.5869,13660.5869
Liberia,Net Forest conversion,Emissions (CO2eq) (AR5),kilotonnes,13660.148,13660.148,13660.148,13660.148,13660.148,13660.148,13660.148,13660.148,13660.148,13660.148,13660.148,13659.7091,13659.7091,13659.7091,13659.7091,13659.7091,13660.5869,13660.5869,13660.5869,13660.5869,13660.5869
Liberia,Savanna fires,Emissions (CH4),kilotonnes,0.0119,0.0111,0.0043,0.421,0.3179,0.0694,0.4664,0.4085,0.1729,4.1731,0.2196,0.2899,0.588,0.3025,1.387,3.3198,0.1882,0.3874,0.102,1.3361,0.1823
Liberia,Savanna fires,Emissions (N2O),kilotonnes,0.0011,0.001,0.0004,0.0384,0.029,0.0063,0.0426,0.0373,0.0158,0.381,0.02,0.0265,0.0537,0.0276,0.1266,0.3031,0.0172,0.0354,0.0093,0.122,0.0166
Liberia,Savanna fires,Emissions (CO2eq) from CH4 (AR5),kilotonnes,0.3338,0.3097,0.1198,11.7876,8.9019,1.9431,13.058,11.4371,4.8407,116.8478,6.1487,8.1181,16.4637,8.4697,38.836,92.9532,5.2689,10.8474,2.8557,37.4095,5.1037
Liberia,Savanna fires,Emissions (CO2eq) from N2O (AR5),kilotonnes,0.2883,0.2676,0.1035,10.186,7.6924,1.6791,11.2838,9.8831,4.183,100.9717,5.3132,7.0151,14.2267,7.3189,33.5593,80.3237,4.553,9.3735,2.4677,32.3267,4.4102
Liberia,Savanna fires,Emissions (CO2eq) (AR5),kilotonnes,0.6221,0.5774,0.2233,21.9736,16.5943,3.6221,24.3419,21.3202,9.0237,217.8195,11.4619,15.1331,30.6904,15.7887,72.3953,173.2769,9.8219,20.2209,5.3233,69.7362,9.5139
Liberia,Fires in organic soils,Emissions (CH4),kilotonnes,0,0,0,0,0,0,0,0,0,0,0,0,0,0,0,0,0,0,0,0,0
Liberia,Fires in organic soils,Emissions (CO2),kilotonnes,0,0,0,0,0,0,0,0,0,0,0,0,0,0,0,0,0,0,0,0,0
Liberia,Fires in organic soils,Emissions (CO2eq) from CH4 (AR5),kilotonnes,0,0,0,0,0,0,0,0,0,0,0,0,0,0,0,0,0,0,0,0,0
Liberia,Fires in organic soils,Emissions (CO2eq) (AR5),kilotonnes,0,0,0,0,0,0,0,0,0,0,0,0,0,0,0,0,0,0,0,0,0
Liberia,Forest fires,Emissions (CH4),kilotonnes,1.0381,0.016,0,1.782,0.5823,0.0133,3.9257,0.4123,1.5027,15.3087,1.0612,1.907,0.8927,1.2979,7.8407,20.6027,1.3857,1.4409,0.6516,5.4946,1.0231
Liberia,Forest fires,Emissions (N2O),kilotonnes,0.0305,0.0015,0,0.1627,0.0532,0.0012,0.3584,0.0376,0.1372,1.3978,0.0969,0.1741,0.0815,0.1185,0.7159,1.8811,0.1265,0.1316,0.0595,0.5017,0.0934
Liberia,Forest fires,Emissions (CO2eq) from CH4 (AR5),kilotonnes,29.0679,0.4468,0,49.8955,16.3036,0.3724,109.9184,11.5431,42.0767,428.6438,29.7128,53.3965,24.9966,36.3403,219.5396,576.8762,38.7987,40.3465,18.2455,153.8487,28.6456
Liberia,Forest fires,Emissions (CO2eq) from N2O (AR5),kilotonnes,8.0915,0.3861,0,43.1162,14.0885,0.3218,94.9839,9.9747,36.3598,370.4042,25.6757,46.1416,21.6004,31.4028,189.7109,498.4963,33.5272,34.8646,15.7665,132.9453,24.7535
Liberia,Forest fires,Emissions (CO2eq) (AR5),kilotonnes,37.1594,0.8329,0,93.0117,30.3921,0.6941,204.9023,21.5178,78.4365,799.048,55.3885,99.5381,46.597,67.7431,409.2505,1075.3724,72.3259,75.2111,34.012,286.794,53.3991
Liberia,Fires in humid tropical forests,Emissions (CH4),kilotonnes,1.0381,0.016,0,1.782,0.5798,0.0133,3.9257,0.4123,1.5027,15.3087,1.0612,1.907,0.8803,1.2979,7.8407,20.5061,1.3857,1.4335,0.6516,5.4921,1.0107
Liberia,Fires in humid tropical forests,Emissions (N2O),kilotonnes,0.0305,0.0015,0,0.1627,0.0529,0.0012,0.3584,0.0376,0.1372,1.3978,0.0969,0.1741,0.0804,0.1185,0.7159,1.8723,0.1265,0.1309,0.0595,0.5015,0.0923
Liberia,Fires in humid tropical forests,Emissions (CO2eq) from CH4 (AR5),kilotonnes,29.0679,0.4468,0,49.8955,16.2343,0.3724,109.9184,11.5431,42.0767,428.6438,29.7128,53.3965,24.6498,36.3403,219.5396,574.1705,38.7987,40.1384,18.2455,153.7793,28.2987
Liberia,Fires in humid tropical forests,Emissions (CO2eq) from N2O (AR5),kilotonnes,8.0915,0.3861,0,43.1162,14.0285,0.3218,94.9839,9.9747,36.3598,370.4042,25.6757,46.1416,21.3006,31.4028,189.7109,496.1582,33.5272,34.6848,15.7665,132.8854,24.4538
Liberia,Fires in humid tropical forests,Emissions (CO2eq) (AR5),kilotonnes,37.1594,0.8329,0,93.0117,30.2628,0.6941,204.9023,21.5178,78.4365,799.048,55.3885,99.5381,45.9504,67.7431,409.2505,1070.3286,72.3259,74.8231,34.012,286.6647,52.7524
Liberia,Waste - agri-food systems,Emissions (CH4),kilotonnes,8.1859,11.1027,13.0616,14.3246,15.2469,15.9266,16.488,16.9761,17.4209,17.78,18.0959,18.3894,18.6511,18.8919,19.0581,19.2394,19.4227,19.5842,19.7422,19.8819,20.0021
Liberia,Waste - agri-food systems,Emissions (N2O),kilotonnes,0.0403,0.0368,0.0368,0.0371,0.0391,0.0413,0.0403,0.0433,0.0471,0.0487,0.0497,0.0537,0.055,0.0558,0.0581,0.0586,0.0623,0.0646,0.0661,0.0676,0.0691
Liberia,Waste - agri-food systems,Emissions (CO2),kilotonnes,0,0,0,0,0,0,0,0,0,0,0,0,0,0,0,0,0,0,0,0,0
Liberia,Waste - agri-food systems,Emissions (CO2eq) from CH4 (AR5),kilotonnes,229.2048,310.8769,365.7258,401.09,426.9123,445.9435,461.6641,475.3319,487.7863,497.8396,506.6861,514.9039,522.2314,528.9722,533.628,538.7038,543.8345,548.3574,552.7826,556.6922,560.0592
Liberia,Waste - agri-food systems,Emissions (CO2eq) from N2O (AR5),kilotonnes,10.6696,9.7477,9.7608,9.8226,10.363,10.9471,10.6864,11.4663,12.4816,12.9149,13.1575,14.2229,14.5712,14.7824,15.3891,15.5384,16.4988,17.1078,17.51,17.9043,18.3054
Liberia,Waste - agri-food systems,Emissions (CO2eq) (AR5),kilotonnes,239.8745,320.6246,375.4867,410.9126,437.2753,456.8906,472.3506,486.7982,500.2678,510.7545,519.8436,529.1268,536.8026,543.7546,549.0171,554.2422,560.3333,565.4652,570.2927,574.5965,578.3645
Liberia,On-farm electricity use,Emissions (CH4),kilotonnes,0,0,0,0,0,0,0,0,0,0,0,0,0,0,0,0,0,0,0,0,0
Liberia,On-farm electricity use,Emissions (N2O),kilotonnes,0,0,0,0,0,0,0,0,0,0,0,0,0,0,0,0,0,0,0,0,0
Liberia,On-farm electricity use,Emissions (CO2),kilotonnes,0,0,0,0,0,0,0,0,0,0,0,0,0,0,0,0,0,0,0,0,0
Liberia,On-farm electricity use,Emissions (CO2eq) from CH4 (AR5),kilotonnes,0,0,0,0,0,0,0,0,0,0,0,0,0,0,0,0,0,0,0,0,0
Liberia,On-farm electricity use,Emissions (CO2eq) from N2O (AR5),kilotonnes,0,0,0,0,0,0,0,0,0,0,0,0,0,0,0,0,0,0,0,0,0
Liberia,On-farm electricity use,Emissions (CO2eq) (AR5),kilotonnes,0,0,0,0,0,0,0,0,0,0,0,0,0,0,0,0,0,0,0,0,0
Liberia,Food Processing,Emissions (CH4),kilotonnes,0.011,1.2615,1.1687,0.0089,0.0055,0.0089,0.0677,0.0289,0.0314,0.0426,0.0419,0.0433,0.0532,0.0756,0.0806,0.1009,0.1163,0.0695,0.0773,0.0705,0.0727
Liberia,Food Processing,Emissions (N2O),kilotonnes,0.0001,0.008,0.0078,0.0001,0,0.0001,0.0008,0.0005,0.0004,0.0008,0.0007,0.0007,0.0008,0.0012,0.0012,0.0014,0.0016,0.0011,0.0011,0.001,0.001
Liberia,Food Processing,Emissions (CO2),kilotonnes,1.3394,66.872,60.6172,0.7599,0.62,2.3904,10.4549,5.3629,5.2581,15.4773,19.3977,22.8079,20.9477,29.5121,37.0841,36.4152,42.0215,31.6746,25.9932,25.8348,26.0366
Liberia,Food Processing,Emissions (CO2eq) from CH4 (AR5),kilotonnes,0.308,35.322,32.7236,0.2492,0.154,0.2492,1.8956,0.8092,0.8792,1.1928,1.1732,1.2124,1.4896,2.1168,2.2568,2.8252,3.2564,1.946,2.1644,1.974,2.0358
Liberia,Food Processing,Emissions (CO2eq) from N2O (AR5),kilotonnes,0.0265,2.12,2.067,0.0265,0,0.0265,0.212,0.1325,0.106,0.212,0.1855,0.1855,0.212,0.318,0.318,0.371,0.424,0.2915,0.2915,0.265,0.2734
Liberia,Food Processing,Emissions (CO2eq) (AR5),kilotonnes,1.6739,104.314,95.4078,1.0356,0.774,2.6661,12.5625,6.3046,6.2433,16.8821,20.7564,24.2058,22.6493,31.9469,39.6589,39.6114,45.7019,33.9121,28.4491,28.0738,28.3458
Liberia,Food Packaging,Emissions (CH4),kilotonnes,0.0017,0.0015,0.0019,0.0022,0.002,0.0023,0.0015,0.0011,0.0008,0.0007,0.0009,0.001,0.0011,0.0018,0.0019,0.0025,0.0042,0.0046,0.014,0.0045,0.0046
Liberia,Food Packaging,Emissions (N2O),kilotonnes,0,0,0,0,0,0,0,0,0,0,0,0,0,0,0,0,0,0,0.0001,0,0
Liberia,Food Packaging,Emissions (CO2),kilotonnes,0.3071,0.2869,0.2961,0.286,0.2912,0.4031,0.3637,0.276,0.1813,0.1841,0.1896,0.2148,0.2996,0.3186,0.3878,0.4014,0.5244,0.4865,1.002,0.5302,0.5343
Liberia,Food Packaging,Emissions (CO2eq) from CH4 (AR5),kilotonnes,0.0476,0.042,0.0532,0.0616,0.056,0.0644,0.042,0.0308,0.0224,0.0196,0.0252,0.028,0.0308,0.0504,0.0532,0.07,0.1176,0.1288,0.392,0.126,0.1299
Liberia,Food Packaging,Emissions (CO2eq) from N2O (AR5),kilotonnes,0,0,0,0,0,0,0,0,0,0,0,0,0,0,0,0,0,0,0.0265,0,0
Liberia,Food Packaging,Emissions (CO2eq) (AR5),kilotonnes,0.3547,0.3289,0.3493,0.3476,0.3472,0.4675,0.4057,0.3068,0.2037,0.2037,0.2148,0.2428,0.3304,0.369,0.441,0.4714,0.642,0.6153,1.4205,0.6562,0.6643
Liberia,Food Retail,Emissions (CO2eq) from F-gases (AR5),kilotonnes,2.5975,4.6755,6.7535,9.8705,12.9875,15.0655,17.1435,19.741,19.741,20.2605,20.2605,20.2605,20.2605,20.2605,20.2605,20.2605,22.3385,22.858,23.3775,23.897,25.0469
Liberia,Food Retail,Emissions (CO2eq) (AR5),kilotonnes,2.5975,4.6755,6.7535,9.8705,12.9875,15.0655,17.1435,19.741,19.741,20.2605,20.2605,20.2605,20.2605,20.2605,20.2605,20.2605,22.3385,22.858,23.3775,23.897,25.0469
Liberia,Food Household Consumption,Emissions (CH4),kilotonnes,0.0014,0.0016,0.0003,0.0003,0.0003,0.0003,0.0002,0.0003,0,0,0,0,0,0,0,0,0,0,0,0,0
Liberia,Food Household Consumption,Emissions (N2O),kilotonnes,0.0001,0.0001,0,0,0,0,0,0,0,0,0,0,0,0,0,0,0,0,0,0,0
Liberia,Food Household Consumption,Emissions (CO2),kilotonnes,10.0063,11.674,1.9202,1.8095,2.1768,2.1755,1.7866,1.9067,0.1661,0.1661,0.1661,0.1661,0.1661,0.1661,0.1661,0.1661,0.1661,0.1661,0.1661,0.1661,0.1674
Liberia,Food Household Consumption,Emissions (CO2eq) from CH4 (AR5),kilotonnes,0.0392,0.0448,0.0084,0.0084,0.0084,0.0084,0.0056,0.0084,0,0,0,0,0,0,0,0,0,0,0,0,0
Liberia,Food Household Consumption,Emissions (CO2eq) from N2O (AR5),kilotonnes,0.0265,0.0265,0,0,0,0,0,0,0,0,0,0,0,0,0,0,0,0,0,0,0
Liberia,Food Household Consumption,Emissions (CO2eq) (AR5),kilotonnes,10.072,11.7453,1.9286,1.8179,2.1852,2.1839,1.7922,1.9151,0.1661,0.1661,0.1661,0.1661,0.1661,0.1661,0.1661,0.1661,0.1661,0.1661,0.1661,0.1661,0.1674
Liberia,Food Transport,Emissions (CH4),kilotonnes,0.0039,0.0041,0.004,0.0044,0.0047,0.0054,0.0056,0.0048,0.0042,0.004,0.0062,0.0074,0.0085,0.0081,0.0105,0.011,0.0132,0.0125,0.0131,0.0106,0.0109
Liberia,Food Transport,Emissions (N2O),kilotonnes,0.0005,0.0005,0.0005,0.0005,0.0006,0.0007,0.0007,0.0006,0.0005,0.0005,0.0009,0.0011,0.0013,0.0012,0.0017,0.0017,0.0019,0.0018,0.0019,0.0016,0.0017
Liberia,Food Transport,Emissions (CO2),kilotonnes,19.7605,20.976,21.289,23.6155,25.1985,30.28,31.055,28.605,25.4945,23.922,37.0425,40.9796,47.318,44.3006,57.3404,59.5183,70.5598,66.3367,69.7809,60.49,60.9626
Liberia,Food Transport,Emissions (CO2eq) from CH4 (AR5),kilotonnes,0.1092,0.1148,0.112,0.1232,0.1316,0.1512,0.1568,0.1344,0.1176,0.112,0.1736,0.2072,0.238,0.2268,0.294,0.308,0.3696,0.35,0.3668,0.2968,0.3061
Liberia,Food Transport,Emissions (CO2eq) from N2O (AR5),kilotonnes,0.1325,0.1325,0.1325,0.1325,0.159,0.1855,0.1855,0.159,0.1325,0.1325,0.2385,0.2915,0.3445,0.318,0.4505,0.4505,0.5035,0.477,0.5035,0.424,0.4374
Liberia,Food Transport,Emissions (CO2eq) (AR5),kilotonnes,20.0022,21.2233,21.5335,23.8712,25.4891,30.6167,31.3973,28.8984,25.7446,24.1665,37.4546,41.4783,47.9005,44.8454,58.0849,60.2768,71.4329,67.1637,70.6512,61.2108,61.706
Liberia,Energy,Emissions (CH4),kilotonnes,23,24.1,25.3,26.5,27.8,29.5,32.5,32.2,33.5,35.1,36.7,38.1,40.2,41.3,42.4,44.3,46.3,49.4,50.2,51.1,52.7
Liberia,Energy,Emissions (N2O),kilotonnes,0.251,0.263,0.275,0.287,0.301,0.317,0.332,0.343,0.356,0.369,0.39,0.407,0.43,0.44,0.455,0.471,0.495,0.517,0.52,0.539,0.556
Liberia,Energy,Emissions (CO2),kilotonnes,392,422,414,458,499,598,612,568,499,447,733,821,917,803,1080,1090,1270,1120,1250,1280,1290
Liberia,Energy,Emissions (CO2eq) from CH4 (AR5),kilotonnes,644,674.8,708.4,742,778.4,826,910,901.6,938,982.8,1027.6,1066.8,1125.6,1156.4,1187.2,1240.4,1296.4,1383.2,1405.6,1430.8,1475.6
Liberia,Energy,Emissions (CO2eq) from N2O (AR5),kilotonnes,66.515,69.695,72.875,76.055,79.765,84.005,87.98,90.895,94.34,97.785,103.35,107.855,113.95,116.6,120.575,124.815,131.175,137.005,137.8,142.835,147.34
Liberia,Energy,Emissions (CO2eq) (AR5),kilotonnes,1102.515,1166.495,1195.275,1276.055,1357.165,1508.005,1609.98,1560.495,1531.34,1527.585,1863.95,1995.655,2156.55,2076,2387.775,2455.215,2697.575,2640.205,2793.4,2853.635,2912.94
Liberia,IPPU,Emissions (N2O),kilotonnes,0,0,0,0,0,0,0,0,0,0,0,0,0,0,0,0,0.0001,0.0001,0.0001,0.0001,0.0001
Liberia,IPPU,Emissions (CO2),kilotonnes,45.7,43,39.6,27.3,66.4,75.4,79.5,79.8,55,46.2,47.2,50.9,66.8,95.9,135,136,114,131,142,153,153
Liberia,IPPU,Emissions (CO2eq) from F-gases (AR5),kilotonnes,1.409,2.9833,5.2572,8.2113,11.6611,15.0622,17.5888,20.4068,23.2249,25.9458,28.6668,28.6668,30.9018,33.1368,35.2747,37.5097,39.7448,41.9798,44.2148,46.4499,48.6849
Liberia,IPPU,Emissions (CO2eq) from N2O (AR5),kilotonnes,0.0084,0.0087,0.0089,0.0091,0.0092,0.0095,0.0098,0.0102,0.0107,0.0111,0.0115,0.0119,0.0122,0.0125,0.0128,0.0131,0.0135,0.0138,0.0142,0.0146,0.0149
Liberia,IPPU,Emissions (CO2eq) (AR5),kilotonnes,47.1174,45.992,44.8661,35.5204,78.0703,90.4717,97.0986,100.2171,78.2356,72.157,75.8783,79.5786,97.714,129.0493,170.2875,173.5228,153.7582,172.9936,186.229,199.4644,201.6999
Liberia,Waste,Emissions (CH4),kilotonnes,19.4,20,20.6,20.2,20.4,21.1,21.9,23.1,24.2,25.3,26.5,27.6,28.6,29.7,30.4,31.2,31.9,32.8,33.7,35.1,36.1
Liberia,Waste,Emissions (N2O),kilotonnes,0.0643,0.0666,0.0682,0.0655,0.0668,0.0708,0.0739,0.0776,0.0818,0.0866,0.0905,0.0943,0.0987,0.102,0.104,0.106,0.111,0.115,0.118,0.123,0.126
Liberia,Waste,Emissions (CO2eq) from CH4 (AR5),kilotonnes,543.2,560,576.8,565.6,571.2,590.8,613.2,646.8,677.6,708.4,742,772.8,800.8,831.6,851.2,873.6,893.2,918.4,943.6,982.8,1010.8
Liberia,Waste,Emissions (CO2eq) from N2O (AR5),kilotonnes,17.0395,17.649,18.073,17.3575,17.702,18.762,19.5835,20.564,21.677,22.949,23.9825,24.9895,26.1555,27.03,27.56,28.09,29.415,30.475,31.27,32.595,33.39
Liberia,Waste,Emissions (CO2eq) (AR5),kilotonnes,560.2395,577.649,594.873,582.9575,588.902,609.562,632.7835,667.364,699.277,731.349,765.9825,797.7895,826.9555,858.63,878.76,901.69,922.615,948.875,974.87,1015.395,1044.19
Liberia,Other,Emissions (N2O),kilotonnes,0.146,0.154,0.16,0.169,0.177,0.189,0.202,0.204,0.209,0.216,0.236,0.245,0.261,0.265,0.28,0.29,0.31,0.321,0.326,0.336,0.347
Liberia,Other,Emissions (CO2eq) from N2O (AR5),kilotonnes,38.69,40.81,42.4,44.785,46.905,50.085,53.53,54.06,55.385,57.24,62.54,64.925,69.165,70.225,74.2,76.85,82.15,85.065,86.39,89.04,91.955
Liberia,Other,Emissions (CO2eq) (AR5),kilotonnes,38.69,40.81,42.4,44.785,46.905,50.085,53.53,54.06,55.385,57.24,62.54,64.925,69.165,70.225,74.2,76.85,82.15,85.065,86.39,89.04,91.955
Liberia,Farm-gate emissions,Emissions (CH4),kilotonnes,5.84,5.6697,5.5309,5.9635,5.8708,5.6631,6.424,6.989,7.3841,12.4237,8.8626,9.0108,9.1327,8.765,10.0988,12.569,10.0904,9.3432,9.2268,10.6876,9.6525
Liberia,Farm-gate emissions,Direct emissions (N2O),kilotonnes,0.2849,0.2791,0.274,0.2759,0.2797,0.2882,0.3088,0.3431,0.3779,0.4137,0.4361,0.445,0.4443,0.4442,0.4483,0.4648,0.484,0.4585,0.4713,0.4865,0.4998
Liberia,Farm-gate emissions,Indirect emissions (N2O),kilotonnes,0.0884,0.0871,0.086,0.0865,0.0873,0.0893,0.0962,0.1063,0.1169,0.128,0.1364,0.1397,0.1398,0.1402,0.1411,0.1447,0.1491,0.1444,0.1487,0.1539,0.159
Liberia,Farm-gate emissions,Emissions (N2O),kilotonnes,0.46,0.4542,0.4473,0.4879,0.4839,0.4719,0.5451,0.5957,0.6325,1.0607,0.7465,0.7754,0.8024,0.7772,0.8811,1.0784,0.8177,0.809,0.8072,0.9495,0.8732
Liberia,Farm-gate emissions,Emissions (CO2),kilotonnes,136.8115,147.6615,148.0237,151.1364,156.5177,167.4569,166.8325,158.4854,152.0745,152.7091,166.9948,175.4254,179.5613,180.2918,202.4083,209.8174,217.7819,206.484,194.1337,191.9165,191.9165
Liberia,Farm-gate emissions,Emissions (CO2eq) from CH4 (AR5),kilotonnes,163.5211,158.7526,154.8658,166.9789,164.3837,158.5655,179.8717,195.691,206.7551,347.8634,248.1531,252.3037,255.7159,245.4189,282.7674,351.9331,282.53,261.6107,258.3502,299.2521,270.2707
Liberia,Farm-gate emissions,Emissions (CO2eq) from N2O (AR5),kilotonnes,121.9112,120.3514,118.5424,129.2968,128.2234,125.0494,144.4475,157.8562,167.6023,281.0791,197.8273,205.48,212.6439,205.9688,233.4956,285.7863,216.6797,214.3825,213.9012,251.6277,231.3948
Liberia,Farm-gate emissions,Emissions (CO2eq) (AR5),kilotonnes,422.2438,426.7655,421.4319,447.4121,449.1248,451.0718,491.1516,512.0327,526.4318,781.6517,612.9753,633.2091,647.9211,631.6795,718.6714,847.5367,716.9917,682.4772,666.385,742.7963,693.5819
Liberia,Land Use change,Emissions (CH4),kilotonnes,1.0381,0.016,0,1.782,0.5798,0.0133,3.9257,0.4123,1.5027,15.3087,1.0612,1.907,0.8803,1.2979,7.8407,20.5061,1.3857,1.4335,0.6516,5.4921,1.0107
Liberia,Land Use change,Emissions (N2O),kilotonnes,0.0305,0.0015,0,0.1627,0.0529,0.0012,0.3584,0.0376,0.1372,1.3978,0.0969,0.1741,0.0804,0.1185,0.7159,1.8723,0.1265,0.1309,0.0595,0.5015,0.0923
Liberia,Land Use change,Emissions (CO2),kilotonnes,13660.148,13660.148,13660.148,13660.148,13660.148,13660.148,13660.148,13660.148,13660.148,13660.148,13660.148,13659.7091,13659.7091,13659.7091,13659.7091,13659.7091,13660.5869,13660.5869,13660.5869,13660.5869,13660.5869
Liberia,Land Use change,Emissions (CO2eq) from CH4 (AR5),kilotonnes,29.0679,0.4468,0,49.8955,16.2343,0.3724,109.9184,11.5431,42.0767,428.6438,29.7128,53.3965,24.6498,36.3403,219.5396,574.1705,38.7987,40.1384,18.2455,153.7793,28.2987
Liberia,Land Use change,Emissions (CO2eq) from N2O (AR5),kilotonnes,8.0915,0.3861,0,43.1162,14.0285,0.3218,94.9839,9.9747,36.3598,370.4042,25.6757,46.1416,21.3006,31.4028,189.7109,496.1582,33.5272,34.6848,15.7665,132.8854,24.4538
Liberia,Land Use change,Emissions (CO2eq) (AR5),kilotonnes,13697.3074,13660.9809,13660.148,13753.1597,13690.4108,13660.8421,13865.0503,13681.6658,13738.5845,14459.196,13715.5365,13759.2472,13705.6594,13727.4522,14068.9596,14730.0377,13732.9128,13735.4101,13694.599,13947.2516,13713.3394
Liberia,Emissions on agricultural land,Emissions (CH4),kilotonnes,6.8782,5.6857,5.5309,7.7455,6.4506,5.6764,10.3496,7.4012,8.8869,27.7324,9.9238,10.9179,10.0131,10.0628,17.9395,33.0751,11.476,10.7768,9.8784,16.1797,10.6632
Liberia,Emissions on agricultural land,Emissions (N2O),kilotonnes,0.4906,0.4556,0.4473,0.6506,0.5368,0.4731,0.9035,0.6333,0.7697,2.4584,0.8434,0.9495,0.8828,0.8957,1.597,2.9507,0.9442,0.9399,0.8667,1.451,0.9655
Liberia,Emissions on agricultural land,Emissions (CO2),kilotonnes,13796.9595,13807.8096,13808.1717,13811.2844,13816.6657,13827.6049,13826.9805,13818.6334,13812.2225,13812.8571,13827.1428,13835.1345,13839.2704,13840.0009,13862.1174,13869.5264,13878.3689,13867.0709,13854.7206,13852.5034,13852.5034
Liberia,Emissions on agricultural land,Emissions (CO2eq) from CH4 (AR5),kilotonnes,192.589,159.1994,154.8658,216.8744,180.618,158.9379,289.7901,207.2341,248.8318,776.5072,277.8659,305.7003,280.3656,281.7592,502.3071,926.1035,321.3287,301.7491,276.5957,453.0314,298.5694
Liberia,Emissions on agricultural land,Emissions (CO2eq) from N2O (AR5),kilotonnes,130.0027,120.7375,118.5424,172.413,142.2519,125.3711,239.4313,167.8309,203.9621,651.4833,223.5031,251.6216,233.9445,237.3716,423.2065,781.9444,250.2069,249.0673,229.6677,384.5131,255.8486
Liberia,Emissions on agricultural land,Emissions (CO2eq) (AR5),kilotonnes,14119.5512,14087.7465,14081.5799,14200.5718,14139.5356,14111.9139,14356.2019,14193.6985,14265.0163,15240.8476,14328.5118,14392.4563,14353.5805,14359.1317,14787.6309,15577.5744,14449.9045,14417.8873,14360.984,14690.0479,14406.9213
Liberia,Pre- and post- production,Emissions (CH4),kilotonnes,8.2039,12.3714,14.2365,14.3404,15.2594,15.9435,16.563,17.0112,17.4573,17.8273,18.1449,18.4411,18.7139,18.9774,19.1511,19.3538,19.5564,19.6708,19.8466,19.9675,20.0904
Liberia,Pre- and post- production,Emissions (N2O),kilotonnes,0.041,0.0454,0.0451,0.0377,0.0397,0.0421,0.0418,0.0444,0.048,0.05,0.0513,0.0555,0.0571,0.0582,0.061,0.0617,0.0658,0.0675,0.0692,0.0702,0.0718
Liberia,Pre- and post- production,Emissions (CO2),kilotonnes,31.4133,99.8089,84.1225,26.4709,28.2865,35.249,43.6602,36.1506,31.1,39.7495,56.7959,64.1684,68.7314,74.2974,94.9784,96.501,113.2718,98.6639,96.9422,87.0211,87.701
Liberia,Pre- and post- production,Emissions (CO2eq) from F-gases (AR5),kilotonnes,2.5975,4.6755,6.7535,9.8705,12.9875,15.0655,17.1435,19.741,19.741,20.2605,20.2605,20.2605,20.2605,20.2605,20.2605,20.2605,22.3385,22.858,23.3775,23.897,25.0469
Liberia,Pre- and post- production,Emissions (CO2eq) from CH4 (AR5),kilotonnes,229.7088,346.4005,398.623,401.5324,427.2623,446.4167,463.7641,476.3147,488.8055,499.164,508.0581,516.3515,523.9898,531.3662,536.232,541.907,547.5781,550.7822,555.7058,559.089,562.531
Liberia,Pre- and post- production,Emissions (CO2eq) from N2O (AR5),kilotonnes,10.8551,12.0267,11.9603,9.9816,10.522,11.1591,11.0839,11.7578,12.7201,13.2594,13.5815,14.6999,15.1277,15.4184,16.1576,16.3599,17.4263,17.8763,18.3315,18.5933,19.0161
Liberia,Pre- and post- production,Emissions (CO2eq) (AR5),kilotonnes,274.5748,462.9116,501.4594,447.8554,479.0583,507.8903,535.6518,543.9641,552.3665,572.4334,598.696,615.4803,628.1094,641.3425,667.6285,675.0284,700.6147,690.1804,694.3571,688.6004,694.2949
Liberia,Agri-food systems,Emissions (CH4),kilotonnes,15.0821,18.0571,19.7675,22.086,21.71,21.6198,26.9127,24.4125,26.3442,45.5597,28.0687,29.359,28.727,29.0402,37.0907,52.4289,31.0324,30.4475,29.7251,36.1472,30.7536
Liberia,Agri-food systems,Emissions (N2O),kilotonnes,0.5315,0.501,0.4925,0.6883,0.5765,0.5152,0.9453,0.6777,0.8177,2.5085,0.8947,1.005,0.9399,0.9539,1.658,3.0125,1.0099,1.0073,0.9358,1.5212,1.0372
Liberia,Agri-food systems,Emissions (CO2),kilotonnes,13828.3728,13907.6185,13892.2942,13837.7553,13844.9522,13862.8539,13870.6407,13854.784,13843.3225,13852.6066,13883.9387,13899.3029,13908.0018,13914.2983,13957.0958,13966.0274,13991.6407,13965.7348,13951.6628,13939.5245,13940.2044
Liberia,Agri-food systems,Emissions (CO2eq) from F-gases (AR5),kilotonnes,2.5975,4.6755,6.7535,9.8705,12.9875,15.0655,17.1435,19.741,19.741,20.2605,20.2605,20.2605,20.2605,20.2605,20.2605,20.2605,22.3385,22.858,23.3775,23.897,25.0469
Liberia,Agri-food systems,Emissions (CO2eq) from CH4 (AR5),kilotonnes,422.2978,505.5999,553.4889,618.4068,607.8803,605.3545,753.5542,683.5488,737.6373,1275.6712,785.924,822.0518,804.3555,813.1254,1038.5391,1468.0105,868.9068,852.5313,832.3015,1012.1204,861.1004
Liberia,Agri-food systems,Emissions (CO2eq) from N2O (AR5),kilotonnes,140.8578,132.7642,130.5027,182.3945,152.7739,136.5303,250.5153,179.5887,216.6821,664.7426,237.0846,266.3214,249.0722,252.79,439.3641,798.3043,267.6332,266.9436,247.9992,403.1064,274.8646
Liberia,Agri-food systems,Emissions (CO2eq) (AR5),kilotonnes,14394.126,14550.658,14583.0393,14648.4271,14618.594,14619.8042,14891.8537,14737.6626,14817.3829,15813.281,14927.2078,15007.9366,14981.6899,15000.4742,15455.2595,16252.6028,15150.5192,15108.0677,15055.3411,15378.6483,15101.2162
Liberia,IPCC Agriculture,Emissions (CH4),kilotonnes,5.76,5.5873,5.4521,5.8749,5.7758,5.5334,6.2963,6.8877,7.3032,12.3434,8.7371,8.8599,8.9687,8.5986,9.8623,12.3091,9.8051,9.0905,9.0093,10.4739,9.4388
Liberia,IPCC Agriculture,Emissions (CH4),kilotonnes,122,,,,,,,,,,,,,,,,,6.08,,,
Liberia,IPCC Agriculture,Direct emissions (N2O),kilotonnes,0.2849,0.2791,0.274,0.2759,0.2797,0.2882,0.3088,0.3431,0.3779,0.4137,0.4361,0.445,0.4443,0.4442,0.4483,0.4648,0.484,0.4585,0.4713,0.4865,0.4998
Liberia,IPCC Agriculture,Indirect emissions (N2O),kilotonnes,0.0884,0.0871,0.086,0.0865,0.0873,0.0893,0.0962,0.1063,0.1169,0.128,0.1364,0.1397,0.1398,0.1402,0.1411,0.1447,0.1491,0.1444,0.1487,0.1539,0.159
Liberia,IPCC Agriculture,Emissions (N2O),kilotonnes,0.4596,0.4537,0.4469,0.4875,0.4834,0.4712,0.5444,0.5952,0.6321,1.0603,0.7459,0.7746,0.8016,0.7764,0.8799,1.0771,0.8162,0.8077,0.8061,0.9485,0.8721
Liberia,IPCC Agriculture,Emissions (N2O),kilotonnes,,,,,,,,,,,,,,,,,,0.15,,,
Liberia,IPCC Agriculture,Emissions (CO2eq) from CH4 (AR5),kilotonnes,161.2814,156.4445,152.6592,164.4959,161.7234,154.9338,176.2955,192.856,204.4893,345.6164,244.6376,248.0779,251.1228,240.761,276.1457,344.6534,274.5431,254.5347,252.2597,293.268,264.2865
Liberia,IPCC Agriculture,Emissions (CO2eq) from CH4 (AR5),kilotonnes,3416,,,,,,,,,,,,,,,,,170.24,,,
Liberia,IPCC Agriculture,Emissions (CO2eq) from N2O (AR5),kilotonnes,121.8052,120.2421,118.438,129.1793,128.0975,124.8775,144.2782,157.7221,167.495,280.9728,197.661,205.28,212.4265,205.7484,233.1823,285.4418,216.3018,214.0477,213.6129,251.3445,231.1116
Liberia,IPCC Agriculture,Emissions (CO2eq) from N2O (AR5),kilotonnes,,,,,,,,,,,,,,,,,,39.75,,,
Liberia,IPCC Agriculture,Emissions (CO2eq) (AR5),kilotonnes,283.0865,276.6866,271.0971,293.6751,289.8209,279.8114,320.5737,350.5781,371.9843,626.5892,442.2986,453.3579,463.5493,446.5094,509.3279,630.0952,490.8449,468.5824,465.8727,544.6125,495.3981
Liberia,IPCC Agriculture,Emissions (CO2eq) (AR5),kilotonnes,3416,,,,,,,,,,,,,,,,,209.99,,,
Liberia,Agricultural Soils,Direct emissions (N2O),kilotonnes,0.2849,0.2791,0.274,0.2759,0.2797,0.2882,0.3088,0.3431,0.3779,0.4137,0.4361,0.445,0.4443,0.4442,0.4483,0.4648,0.484,0.4585,0.4713,0.4865,0.4998
Liberia,Agricultural Soils,Indirect emissions (N2O),kilotonnes,0.0884,0.0871,0.086,0.0865,0.0873,0.0893,0.0962,0.1063,0.1169,0.128,0.1364,0.1397,0.1398,0.1402,0.1411,0.1447,0.1491,0.1444,0.1487,0.1539,0.159
Liberia,Agricultural Soils,Emissions (N2O),kilotonnes,0.3907,0.3852,0.3793,0.3816,0.3868,0.3972,0.4247,0.4692,0.5145,0.5616,0.5924,0.6046,0.604,0.6044,0.6093,0.6296,0.6531,0.6227,0.6396,0.6599,0.6782
Liberia,Agricultural Soils,Emissions (CO2eq) from N2O (AR5),kilotonnes,103.5349,102.0835,100.5147,101.1306,102.5065,105.2584,112.5509,124.3348,136.349,148.8324,156.9751,160.2279,160.0714,160.1653,161.4701,166.8318,173.0745,165.0225,169.4966,174.8767,179.7214
Liberia,Agricultural Soils,Emissions (CO2eq) (AR5),kilotonnes,103.5349,102.0835,100.5147,101.1306,102.5065,105.2584,112.5509,124.3348,136.349,148.8324,156.9751,160.2279,160.0714,160.1653,161.4701,166.8318,173.0745,165.0225,169.4966,174.8767,179.7214
Liberia,LULUCF,Emissions (CH4),kilotonnes,1.0381,0.016,0,1.782,0.5823,0.0133,3.9257,0.4123,1.5027,15.3087,1.0612,1.907,0.8927,1.2979,7.8407,20.6027,1.3857,1.4409,0.6516,5.4946,1.0231
Liberia,LULUCF,Emissions (N2O),kilotonnes,0.0305,0.0015,0,0.1627,0.0532,0.0012,0.3584,0.0376,0.1372,1.3978,0.0969,0.1741,0.0815,0.1185,0.7159,1.8811,0.1265,0.1316,0.0595,0.5017,0.0934
Liberia,LULUCF,Emissions (CO2),kilotonnes,13393.8115,13403.8912,13405.396,13405.396,13408.781,13408.781,13408.781,13408.781,13408.781,13409.6273,13409.6273,13410.0579,13410.0579,13410.0579,13410.0579,13410.0579,13410.0579,13409.0185,13407.7672,13406.7467,13406.7467
Liberia,LULUCF,Emissions (CO2),kilotonnes,-96811,,,,,,,,,,,,,,-20406.59,,,,,,
Liberia,LULUCF,Emissions (CO2eq) from CH4 (AR5),kilotonnes,29.0679,0.4468,0,49.8955,16.3036,0.3724,109.9184,11.5431,42.0767,428.6438,29.7128,53.3965,24.9966,36.3403,219.5396,576.8762,38.7987,40.3465,18.2455,153.8487,28.6456
Liberia,LULUCF,Emissions (CO2eq) from N2O (AR5),kilotonnes,8.0915,0.3861,0,43.1162,14.0885,0.3218,94.9839,9.9747,36.3598,370.4042,25.6757,46.1416,21.6004,31.4028,189.7109,498.4963,33.5272,34.8646,15.7665,132.9453,24.7535
Liberia,LULUCF,Emissions (CO2eq) (AR5),kilotonnes,13430.9709,13404.7242,13405.396,13498.4077,13439.1731,13409.4751,13613.6833,13430.2988,13487.2175,14208.6752,13465.0158,13509.5961,13456.655,13477.801,13819.3084,14485.4304,13482.3838,13484.2297,13441.7792,13693.5407,13460.1458
Liberia,LULUCF,Emissions (CO2eq) (AR5),kilotonnes,-96811,,,,,,,,,,,,,,-20406.59,,,,,,
Liberia,AFOLU,Emissions (CH4),kilotonnes,6.7982,5.6033,5.4521,7.6568,6.3581,5.5467,10.2219,7.3,8.8059,27.6522,9.7982,10.7669,9.8614,9.8965,17.703,32.9118,11.1908,10.5315,9.6609,15.9685,10.4619
Liberia,AFOLU,Emissions (N2O),kilotonnes,0.4902,0.4552,0.4469,0.6502,0.5366,0.4725,0.9029,0.6328,0.7693,2.458,0.8428,0.9488,0.8831,0.8949,1.5958,2.9583,0.9428,0.9393,0.8656,1.4502,0.9655
Liberia,AFOLU,Emissions (CO2),kilotonnes,13393.8115,13403.8912,13405.396,13405.396,13408.781,13408.781,13408.781,13408.781,13408.781,13409.6273,13409.6273,13410.0579,13410.0579,13410.0579,13410.0579,13410.0579,13410.0579,13409.0185,13407.7672,13406.7467,13406.7467
Liberia,AFOLU,Emissions (CO2eq) from CH4 (AR5),kilotonnes,190.3493,156.8913,152.6592,214.3913,178.0271,155.3062,286.2139,204.3991,246.566,774.2602,274.3504,301.4744,276.1194,277.1013,495.6853,921.5296,313.3419,294.8812,270.5052,447.1166,292.9321
Liberia,AFOLU,Emissions (CO2eq) from N2O (AR5),kilotonnes,129.8967,120.6283,118.438,172.2955,142.186,125.1993,239.2621,167.6968,203.8548,651.3769,223.3367,251.4216,234.0269,237.1512,422.8931,783.938,249.8289,248.9123,229.3795,384.2899,255.8651
Liberia,AFOLU,Emissions (CO2eq) (AR5),kilotonnes,13714.0575,13681.4108,13676.4931,13792.0828,13728.994,13689.2865,13934.257,13780.8769,13859.2018,14835.2644,13907.3144,13962.9539,13920.2043,13924.3104,14328.6364,15115.5256,13973.2287,13952.8121,13907.6519,14238.1532,13955.5439
Liberia,All sectors with LULUCF,Emissions (CH4),kilotonnes,49.1982,49.7033,51.3521,54.3568,54.5581,56.1467,64.6219,62.6,66.5059,88.0522,72.9982,76.4669,78.6614,80.8965,90.503,108.4118,89.3908,92.7315,93.5609,102.1685,99.2619
Liberia,All sectors with LULUCF,Emissions (N2O),kilotonnes,0.9515,0.9388,0.9502,1.1717,1.0814,1.0493,1.5108,1.2575,1.4161,3.1297,1.5593,1.6951,1.6729,1.702,2.4349,3.8253,1.8588,1.8923,1.8296,2.4482,1.9946
Liberia,All sectors with LULUCF,Emissions (CO2),kilotonnes,13831.5115,13868.8912,13858.996,13890.696,13974.181,14082.181,14100.281,14056.581,13962.781,13902.8273,14189.8273,14281.9579,14393.8579,14308.9579,14625.0579,14636.0579,14794.0579,14660.0185,14799.7672,14839.7467,14849.7467
Liberia,All sectors with LULUCF,Emissions (CO2eq) from F-gases (AR5),kilotonnes,1.409,2.9833,5.2572,8.2113,11.6611,15.0622,17.5888,20.4068,23.2249,25.9458,28.6668,28.6668,30.9018,33.1368,35.2747,37.5097,39.7448,41.9798,44.2148,46.4499,48.6849
Liberia,All sectors with LULUCF,Emissions (CO2eq) from CH4 (AR5),kilotonnes,1377.5493,1391.6913,1437.8592,1521.9913,1527.6271,1572.1062,1809.4139,1752.7991,1862.166,2465.4602,2043.9504,2141.0744,2202.5194,2265.1013,2534.0853,3035.5296,2502.9419,2596.4812,2619.7052,2860.7166,2779.3321
Liberia,All sectors with LULUCF,Emissions (CO2eq) from N2O (AR5),kilotonnes,252.1496,248.791,251.7949,310.5021,286.5672,278.0608,400.3654,333.226,375.2675,829.362,413.2207,449.203,443.3096,451.0187,645.2409,1013.7061,492.5824,501.4711,484.8536,648.7744,528.5651
Liberia,All sectors with LULUCF,Emissions (CO2eq) (AR5),kilotonnes,15462.6194,15512.3568,15553.9073,15731.4007,15800.0363,15947.4102,16327.6491,16163.0129,16223.4395,17223.5954,16675.6651,16900.9021,17070.5888,17058.2147,17839.6589,18722.8034,17829.3269,17799.9507,17948.5409,18395.6877,18206.3288
Liberia,All sectors without LULUCF,Emissions (CH4),kilotonnes,48.16,49.6873,51.3521,52.5749,53.9758,56.1334,60.6963,62.1877,65.0032,72.7434,71.9371,74.5599,77.7687,79.5986,82.6623,87.8091,88.0051,91.2905,92.9093,96.6739,98.2388
Liberia,All sectors without LULUCF,Emissions (N2O),kilotonnes,0.921,0.9374,0.9502,1.009,1.0282,1.0481,1.1524,1.2198,1.2789,1.7319,1.4624,1.521,1.5914,1.5835,1.719,1.9442,1.7323,1.7608,1.7701,1.9465,1.9012
Liberia,All sectors without LULUCF,Emissions (CO2),kilotonnes,437.7,465,453.6,485.3,565.4,673.4,691.5,647.8,554,493.2,780.2,871.9,983.8,898.9,1215,1226,1384,1251,1392,1433,1443
Liberia,All sectors without LULUCF,Emissions (CO2eq) from F-gases (AR5),kilotonnes,1.409,2.9833,5.2572,8.2113,11.6611,15.0622,17.5888,20.4068,23.2249,25.9458,28.6668,28.6668,30.9018,33.1368,35.2747,37.5097,39.7448,41.9798,44.2148,46.4499,48.6849
Liberia,All sectors without LULUCF,Emissions (CO2eq) from CH4 (AR5),kilotonnes,1348.4814,1391.2445,1437.8592,1472.0959,1511.3234,1571.7338,1699.4955,1741.256,1820.0893,2036.8164,2014.2376,2087.6779,2177.5228,2228.761,2314.5457,2458.6534,2464.1431,2556.1347,2601.4597,2706.868,2750.6865
Liberia,All sectors without LULUCF,Emissions (CO2eq) from N2O (AR5),kilotonnes,244.0581,248.4049,251.7949,267.3859,272.4788,277.739,305.3816,323.2513,338.9077,458.9579,387.545,403.0614,421.7092,419.6159,455.5301,515.2099,459.0552,466.6065,469.0871,515.8291,503.8116
Liberia,All sectors without LULUCF,Emissions (CO2eq) (AR5),kilotonnes,2031.6485,2107.6326,2148.5113,2232.993,2360.8632,2537.9351,2713.9658,2732.7141,2736.2219,3014.9202,3210.6494,3391.306,3613.9338,3580.4137,4020.3504,4237.373,4346.9431,4315.721,4506.7616,4702.1469,4746.183
Libya,Crop Residues,Direct emissions (N2O),kilotonnes,0.0707,0.0707,0.07,0.0709,0.0709,0.0781,0.073,0.0728,0.0727,0.0718,0.0794,0.0904,0.099,0.0971,0.0958,0.0835,0.0959,0.07,0.0895,0.0738,0.0713
Libya,Crop Residues,Indirect emissions (N2O),kilotonnes,0.0159,0.0159,0.0158,0.0159,0.0159,0.0176,0.0164,0.0164,0.0164,0.0162,0.0179,0.0203,0.0223,0.0218,0.0216,0.0188,0.0216,0.0157,0.0201,0.0166,0.0161
Libya,Crop Residues,Emissions (N2O),kilotonnes,0.0866,0.0866,0.0858,0.0868,0.0868,0.0957,0.0895,0.0892,0.0891,0.088,0.0972,0.1107,0.1212,0.1189,0.1174,0.1023,0.1175,0.0857,0.1096,0.0904,0.0874
Libya,Crop Residues,Emissions (CO2eq) from N2O (AR5),kilotonnes,22.9389,22.9449,22.7292,23.0006,23.0076,25.3543,23.7099,23.6388,23.6065,23.3176,25.763,29.3474,32.1301,31.5053,31.102,27.1176,31.1408,22.7163,29.0493,23.9533,23.1601
Libya,Crop Residues,Emissions (CO2eq) (AR5),kilotonnes,22.9389,22.9449,22.7292,23.0006,23.0076,25.3543,23.7099,23.6388,23.6065,23.3176,25.763,29.3474,32.1301,31.5053,31.102,27.1176,31.1408,22.7163,29.0493,23.9533,23.1601
Libya,Burning - Crop residues,Emissions (CH4),kilotonnes,0.1788,0.1811,0.1753,0.1798,0.1797,0.1823,0.1463,0.1463,0.1462,0.1469,0.1878,0.2355,0.2789,0.2791,0.2839,0.2298,0.2888,0.2022,0.2837,0.2,0.1863
Libya,Burning - Crop residues,Emissions (N2O),kilotonnes,0.0046,0.0047,0.0045,0.0047,0.0047,0.0047,0.0038,0.0038,0.0038,0.0038,0.0049,0.0061,0.0072,0.0072,0.0074,0.006,0.0075,0.0052,0.0074,0.0052,0.0048
Libya,Burning - Crop residues,Emissions (CO2eq) from CH4 (AR5),kilotonnes,5.0076,5.0694,4.9078,5.0348,5.032,5.103,4.096,4.096,4.0934,4.1119,5.2587,6.5938,7.8104,7.8143,7.95,6.4336,8.0878,5.6602,7.9429,5.6001,5.2153
Libya,Burning - Crop residues,Emissions (CO2eq) from N2O (AR5),kilotonnes,1.2287,1.2439,1.2042,1.2354,1.2347,1.2521,1.005,1.005,1.0044,1.0089,1.2903,1.6179,1.9164,1.9174,1.9507,1.5786,1.9845,1.3889,1.9489,1.3741,1.2797
Libya,Burning - Crop residues,Emissions (CO2eq) (AR5),kilotonnes,6.2363,6.3133,6.112,6.2702,6.2667,6.3551,5.101,5.101,5.0978,5.1208,6.549,8.2117,9.7269,9.7316,9.9006,8.0122,10.0723,7.0491,9.8918,6.9742,6.495
Libya,Enteric Fermentation,Emissions (CH4),kilotonnes,35.3134,37.2467,38.531,41.789,45.6483,48.3902,53.2894,55.8822,55.975,58.015,60.246,60.378,60.456,60.9319,60.594,60.2737,60.3394,61.7211,62.2179,61.6907,62.3713
Libya,Enteric Fermentation,Emissions (CO2eq) from CH4 (AR5),kilotonnes,988.7755,1042.9065,1078.868,1170.0913,1278.1528,1354.9262,1492.1018,1564.7009,1567.2996,1624.42,1686.888,1690.584,1692.768,1706.0932,1696.632,1687.6622,1689.5032,1728.1903,1742.1003,1727.3405,1746.397
Libya,Enteric Fermentation,Emissions (CO2eq) (AR5),kilotonnes,988.7755,1042.9065,1078.868,1170.0913,1278.1528,1354.9262,1492.1018,1564.7009,1567.2996,1624.42,1686.888,1690.584,1692.768,1706.0932,1696.632,1687.6622,1689.5032,1728.1903,1742.1003,1727.3405,1746.397
Libya,Manure Management,Emissions (CH4),kilotonnes,1.6444,1.7072,1.7371,1.854,1.975,2.0609,2.1859,2.3967,2.4086,2.4825,2.5714,2.5942,2.6059,2.6299,2.6029,2.5947,2.6036,2.6562,2.6772,2.6736,2.7092
Libya,Manure Management,Emissions (N2O),kilotonnes,0.0344,0.0359,0.0363,0.0375,0.0394,0.0415,0.0437,0.0485,0.049,0.0509,0.0527,0.0535,0.0539,0.054,0.0532,0.053,0.0534,0.0547,0.0551,0.0552,0.0561
Libya,Manure Management,Emissions (CO2eq) from CH4 (AR5),kilotonnes,46.0418,47.8009,48.6394,51.9131,55.2989,57.7046,61.2052,67.1087,67.4402,69.51,71.9998,72.6365,72.9663,73.6381,72.8812,72.6528,72.9011,74.3728,74.963,74.8607,75.8569
Libya,Manure Management,Emissions (CO2eq) from N2O (AR5),kilotonnes,9.129,9.5048,9.6269,9.9357,10.4395,10.986,11.5797,12.8549,12.9853,13.4766,13.9527,14.1674,14.284,14.3144,14.108,14.058,14.1425,14.4866,14.6117,14.6217,14.8723
Libya,Manure Management,Emissions (CO2eq) (AR5),kilotonnes,55.1708,57.3057,58.2662,61.8488,65.7384,68.6906,72.7849,79.9636,80.4256,82.9866,85.9524,86.8039,87.2503,87.9525,86.9892,86.7108,87.0435,88.8593,89.5747,89.4824,90.7292
Libya,Manure left on Pasture,Direct emissions (N2O),kilotonnes,1.5803,1.6533,1.6998,1.8421,1.9986,2.1206,2.3023,2.4494,2.4588,2.5463,2.6423,2.6504,2.6553,2.6745,2.6517,2.6417,2.6481,2.7095,2.7299,2.7181,2.7527
Libya,Manure left on Pasture,Indirect emissions (N2O),kilotonnes,0.5748,0.6054,0.6222,0.6842,0.7483,0.7961,0.8645,0.9157,0.918,0.9495,0.9869,0.9878,0.9885,0.997,0.9892,0.9856,0.9871,1.0114,1.0184,1.0104,1.0217
Libya,Manure left on Pasture,Emissions (N2O),kilotonnes,2.1551,2.2587,2.3219,2.5263,2.7469,2.9167,3.1667,3.3651,3.3768,3.4958,3.6291,3.6382,3.6438,3.6716,3.6409,3.6273,3.6352,3.7209,3.7482,3.7285,3.7744
Libya,Manure left on Pasture,Emissions (CO2eq) from N2O (AR5),kilotonnes,571.1054,598.5672,615.308,669.4765,727.931,772.9296,839.1777,891.7502,894.8465,926.3842,961.7227,964.1322,965.6085,972.969,964.8423,961.234,963.3324,986.0327,993.2792,988.0492,1000.2126
Libya,Manure left on Pasture,Emissions (CO2eq) (AR5),kilotonnes,571.1054,598.5672,615.308,669.4765,727.931,772.9296,839.1777,891.7502,894.8465,926.3842,961.7227,964.1322,965.6085,972.969,964.8423,961.234,963.3324,986.0327,993.2792,988.0492,1000.2126
Libya,Manure applied to Soils,Direct emissions (N2O),kilotonnes,0.0602,0.0619,0.0641,0.0655,0.0687,0.0724,0.0759,0.0839,0.0849,0.089,0.0919,0.093,0.0936,0.0937,0.0922,0.0912,0.0917,0.0937,0.0943,0.0948,0.0964
Libya,Manure applied to Soils,Indirect emissions (N2O),kilotonnes,0.0256,0.0263,0.0273,0.0278,0.0292,0.0308,0.0322,0.0357,0.0361,0.0378,0.0391,0.0395,0.0398,0.0398,0.0392,0.0387,0.039,0.0398,0.0401,0.0403,0.041
Libya,Manure applied to Soils,Emissions (N2O),kilotonnes,0.0858,0.0882,0.0914,0.0933,0.098,0.1032,0.1081,0.1196,0.121,0.1269,0.131,0.1325,0.1334,0.1335,0.1313,0.1299,0.1307,0.1335,0.1344,0.1351,0.1374
Libya,Manure applied to Soils,Emissions (CO2eq) from N2O (AR5),kilotonnes,22.742,23.3644,24.2184,24.7234,25.9577,27.3411,28.6476,31.6858,32.0627,33.6251,34.7076,35.1148,35.3531,35.3753,34.8025,34.4248,34.6277,35.3692,35.6035,35.8004,36.3988
Libya,Manure applied to Soils,Emissions (CO2eq) (AR5),kilotonnes,22.742,23.3644,24.2184,24.7234,25.9577,27.3411,28.6476,31.6858,32.0627,33.6251,34.7076,35.1148,35.3531,35.3753,34.8025,34.4248,34.6277,35.3692,35.6035,35.8004,36.3988
Libya,Synthetic Fertilizers,Direct emissions (N2O),kilotonnes,0.4981,0.3253,0.484,0.374,0.4651,0.5029,0.5029,0.5029,0.5029,0.5029,0.5029,0.5013,0.5091,0.4903,0.275,0.22,0.2467,0.4054,0.2373,0.2373,0.2373
Libya,Synthetic Fertilizers,Indirect emissions (N2O),kilotonnes,0.1619,0.1057,0.1573,0.1216,0.1512,0.1634,0.1634,0.1634,0.1634,0.1634,0.1634,0.1629,0.1655,0.1593,0.0894,0.0715,0.0802,0.1318,0.0771,0.0771,0.0771
Libya,Synthetic Fertilizers,Emissions (N2O),kilotonnes,0.66,0.431,0.6413,0.4956,0.6163,0.6663,0.6663,0.6663,0.6663,0.6663,0.6663,0.6642,0.6746,0.6496,0.3644,0.2915,0.3269,0.5372,0.3144,0.3144,0.3144
Libya,Synthetic Fertilizers,Emissions (CO2eq) from N2O (AR5),kilotonnes,174.9104,114.2159,169.9445,131.3208,163.3233,176.5657,176.5657,176.5657,176.5657,176.5657,176.5657,176.0139,178.7728,172.1516,96.5594,77.2475,86.6276,142.3561,83.3169,83.3169,83.3169
Libya,Synthetic Fertilizers,Emissions (CO2eq) (AR5),kilotonnes,174.9104,114.2159,169.9445,131.3208,163.3233,176.5657,176.5657,176.5657,176.5657,176.5657,176.5657,176.0139,178.7728,172.1516,96.5594,77.2475,86.6276,142.3561,83.3169,83.3169,83.3169
Libya,Drained organic soils,Emissions (CO2eq) (AR5),kilotonnes,0,0,0,0,0,0,0,0,0,0,0,0,0,0,0,0,0,0,0,0,0
Libya,Drained organic soils (CO2),Emissions (CO2),kilotonnes,0,0,0,0,0,0,0,0,0,0,0,0,0,0,0,0,0,0,0,0,0
Libya,Drained organic soils (CO2),Emissions (CO2eq) (AR5),kilotonnes,0,0,0,0,0,0,0,0,0,0,0,0,0,0,0,0,0,0,0,0,0
Libya,Drained organic soils (N2O),Emissions (N2O),kilotonnes,0,0,0,0,0,0,0,0,0,0,0,0,0,0,0,0,0,0,0,0,0
Libya,Drained organic soils (N2O),Emissions (CO2eq) from N2O (AR5),kilotonnes,0,0,0,0,0,0,0,0,0,0,0,0,0,0,0,0,0,0,0,0,0
Libya,Drained organic soils (N2O),Emissions (CO2eq) (AR5),kilotonnes,0,0,0,0,0,0,0,0,0,0,0,0,0,0,0,0,0,0,0,0,0
Libya,On-farm energy use,Emissions (CH4),kilotonnes,0.1355,0.1352,0.1117,0.1147,0.1149,0.1045,0.1596,0.1517,0.1798,0.2002,0.2218,0.173,0.2215,0.244,0.2536,0.2187,0.2416,0.2382,0.2389,0.2359,0.2359
Libya,On-farm energy use,Emissions (N2O),kilotonnes,0.174,0.1692,0.1656,0.165,0.1662,0.1841,0.1728,0.1552,0.1795,0.2647,0.3597,0.2349,0.2502,0.2255,0.2793,0.1249,0.1968,0.1544,0.1405,0.1127,0.1127
Libya,On-farm energy use,Emissions (CO2),kilotonnes,735.4969,725.3141,701.599,707.8452,717.2315,747.4812,672.5589,611.5543,723.1537,966.8637,1226.1362,819.6084,906.9543,909.2385,1060.3896,586.6066,796.6454,704.8919,690.0068,615.9302,615.9302
Libya,On-farm energy use,Emissions (CO2eq) from CH4 (AR5),kilotonnes,3.7942,3.7857,3.1263,3.2114,3.2169,2.9259,4.4683,4.2485,5.0337,5.6065,6.2117,4.8443,6.2022,6.8307,7.102,6.1244,6.7644,6.6702,6.6886,6.6059,6.6059
Libya,On-farm energy use,Emissions (CO2eq) from N2O (AR5),kilotonnes,46.1099,44.8338,43.8918,43.7166,44.0314,48.7739,45.7987,41.1393,47.5632,70.1546,95.3173,62.2586,66.2902,59.7594,74.0155,33.0854,52.1409,40.9044,37.2285,29.8711,29.8711
Libya,On-farm energy use,Emissions (CO2eq) (AR5),kilotonnes,785.401,773.9336,748.6171,754.7732,764.4798,799.181,722.8259,656.9421,775.7507,1042.6247,1327.6652,886.7112,979.4466,975.8286,1141.5071,625.8165,855.5507,752.4665,733.9238,652.4072,652.4072
Libya,Forestland,Emissions (CO2),kilotonnes,0,0,0,0,0,0,0,0,0,0,0,0,0,0,0,0,0,0,0,0,0
Libya,Forestland,Emissions (CO2eq) (AR5),kilotonnes,0,0,0,0,0,0,0,0,0,0,0,0,0,0,0,0,0,0,0,0,0
Libya,Net Forest conversion,Emissions (CO2),kilotonnes,0,0,0,0,0,0,0,0,0,0,0,0,0,0,0,0,0,0,0,0,0
Libya,Net Forest conversion,Emissions (CO2eq) (AR5),kilotonnes,0,0,0,0,0,0,0,0,0,0,0,0,0,0,0,0,0,0,0,0,0
Libya,Savanna fires,Emissions (CH4),kilotonnes,0,0.006,0.0101,0.0033,0,0,0.0038,0,0,0,0,0.0689,0,0.0685,0.0062,0,0,0,0,0.0518,0.0142
Libya,Savanna fires,Emissions (N2O),kilotonnes,0,0.0005,0.0009,0.0003,0,0,0.0004,0,0,0,0,0.0063,0,0.0063,0.0006,0,0,0,0,0.0047,0.0013
Libya,Savanna fires,Emissions (CO2eq) from CH4 (AR5),kilotonnes,0,0.1668,0.283,0.0933,0,0,0.1076,0,0,0,0,1.9285,0,1.9171,0.1722,0,0,0,0,1.4501,0.3987
Libya,Savanna fires,Emissions (CO2eq) from N2O (AR5),kilotonnes,0,0.1441,0.2445,0.0806,0,0,0.093,0,0,0,0,1.6665,0,1.6566,0.1488,0,0,0,0,1.2531,0.3445
Libya,Savanna fires,Emissions (CO2eq) (AR5),kilotonnes,0,0.3109,0.5275,0.1738,0,0,0.2006,0,0,0,0,3.595,0,3.5737,0.321,0,0,0,0,2.7032,0.7433
Libya,Fires in organic soils,Emissions (CH4),kilotonnes,0,0,0,0,0,0,0,0,0,0,0,0,0,0,0,0,0,0,0,0,0
Libya,Fires in organic soils,Emissions (CO2),kilotonnes,0,0,0,0,0,0,0,0,0,0,0,0,0,0,0,0,0,0,0,0,0
Libya,Fires in organic soils,Emissions (CO2eq) from CH4 (AR5),kilotonnes,0,0,0,0,0,0,0,0,0,0,0,0,0,0,0,0,0,0,0,0,0
Libya,Fires in organic soils,Emissions (CO2eq) (AR5),kilotonnes,0,0,0,0,0,0,0,0,0,0,0,0,0,0,0,0,0,0,0,0,0
Libya,Forest fires,Emissions (CH4),kilotonnes,0,0,0,0,0,0,0,0,0,0,0,0,0,0,0,0,0,0,0,0,0
Libya,Forest fires,Emissions (N2O),kilotonnes,0,0,0,0,0,0,0,0,0,0,0,0,0,0,0,0,0,0,0,0,0
Libya,Forest fires,Emissions (CO2eq) from CH4 (AR5),kilotonnes,0,0,0,0,0,0,0,0,0,0,0,0,0,0,0,0,0,0,0,0,0
Libya,Forest fires,Emissions (CO2eq) from N2O (AR5),kilotonnes,0,0,0,0,0,0,0,0,0,0,0,0,0,0,0,0,0,0,0,0,0
Libya,Forest fires,Emissions (CO2eq) (AR5),kilotonnes,0,0,0,0,0,0,0,0,0,0,0,0,0,0,0,0,0,0,0,0,0
Libya,Fires in humid tropical forests,Emissions (CH4),kilotonnes,0,0,0,0,0,0,0,0,0,0,0,0,0,0,0,0,0,0,0,0,0
Libya,Fires in humid tropical forests,Emissions (N2O),kilotonnes,0,0,0,0,0,0,0,0,0,0,0,0,0,0,0,0,0,0,0,0,0
Libya,Fires in humid tropical forests,Emissions (CO2eq) from CH4 (AR5),kilotonnes,0,0,0,0,0,0,0,0,0,0,0,0,0,0,0,0,0,0,0,0,0
Libya,Fires in humid tropical forests,Emissions (CO2eq) from N2O (AR5),kilotonnes,0,0,0,0,0,0,0,0,0,0,0,0,0,0,0,0,0,0,0,0,0
Libya,Fires in humid tropical forests,Emissions (CO2eq) (AR5),kilotonnes,0,0,0,0,0,0,0,0,0,0,0,0,0,0,0,0,0,0,0,0,0
Libya,Waste - agri-food systems,Emissions (CH4),kilotonnes,28.8973,30.0811,31.212,32.2222,33.1854,34.113,34.9926,35.9099,36.6914,37.3775,38.045,38.5723,39.1354,39.6168,39.7579,40.1428,40.5399,40.9537,41.3674,41.7998,42.1695
Libya,Waste - agri-food systems,Emissions (N2O),kilotonnes,0.0229,0.0227,0.0242,0.0239,0.0239,0.0239,0.0237,0.024,0.0225,0.0222,0.022,0.0216,0.0213,0.021,0.0174,0.0173,0.0173,0.0169,0.0166,0.0167,0.0168
Libya,Waste - agri-food systems,Emissions (CO2),kilotonnes,0,0,0,0,0,0,0,0,0,0,0,0,0,0,0,0,0,0,0,0,0
Libya,Waste - agri-food systems,Emissions (CO2eq) from CH4 (AR5),kilotonnes,809.1253,842.2711,873.9346,902.2218,929.1903,955.165,979.7932,1005.4761,1027.3605,1046.5699,1065.2588,1080.0243,1095.7925,1109.2708,1113.2199,1123.9984,1135.1164,1146.7045,1158.2878,1170.395,1180.7446
Libya,Waste - agri-food systems,Emissions (CO2eq) from N2O (AR5),kilotonnes,6.0574,6.0139,6.4194,6.3319,6.3289,6.3249,6.2759,6.3497,5.9506,5.8709,5.8226,5.7372,5.6559,5.5704,4.6063,4.5781,4.5818,4.4828,4.3874,4.4173,4.4473
Libya,Waste - agri-food systems,Emissions (CO2eq) (AR5),kilotonnes,815.1827,848.2849,880.354,908.5537,935.5192,961.4899,986.0691,1011.8259,1033.311,1052.4408,1071.0814,1085.7615,1101.4484,1114.8413,1117.8263,1128.5765,1139.6982,1151.1874,1162.6752,1174.8124,1185.1919
Libya,Fertilizers Manufacturing,Emissions (CO2),kilotonnes,507.0497,518.148,571.2728,566.0962,551.1343,552.3812,565.8181,514.205,398.8487,604.2199,585.8905,612.0771,610.9548,940.8713,551.4457,524.4108,536.1863,622.7054,618.7866,612.7568,494.1193
Libya,Fertilizers Manufacturing,Emissions (CO2eq) (AR5),kilotonnes,507.0497,518.148,571.2728,566.0962,551.1343,552.3812,565.8181,514.205,398.8487,604.2199,585.8905,612.0771,610.9548,940.8713,551.4457,524.4108,536.1863,622.7054,618.7866,612.7568,494.1193
Libya,On-farm electricity use,Emissions (CH4),kilotonnes,1.3331,1.3079,1.2815,1.6835,1.6919,3.5398,3.0767,3.2411,2.6771,2.4779,2.6375,2.1059,1.7927,1.7387,1.446,1.4592,1.4759,1.4952,1.5179,1.5324,1.5324
Libya,On-farm electricity use,Emissions (N2O),kilotonnes,0.0071,0.007,0.0068,0.009,0.009,0.0189,0.0164,0.0173,0.0143,0.0132,0.0141,0.0113,0.0096,0.0093,0.0077,0.0077,0.0078,0.0079,0.0081,0.0082,0.0082
Libya,On-farm electricity use,Emissions (CO2),kilotonnes,1135.8373,1086.122,1036.5091,1372.5271,1199.2161,2660.6823,2263.4987,2105.4014,1544.1242,1456.0926,1495.595,1115.4319,849.4921,1112.0881,924.8214,933.2637,944.0086,956.2883,970.8705,980.0804,980.0804
Libya,On-farm electricity use,Emissions (CO2eq) from CH4 (AR5),kilotonnes,37.3268,36.6212,35.882,47.138,47.3732,99.1144,86.1476,90.7508,74.9588,69.3812,73.85,58.9652,50.1956,48.6836,40.488,40.8576,41.3252,41.8656,42.5012,42.9072,42.9072
Libya,On-farm electricity use,Emissions (CO2eq) from N2O (AR5),kilotonnes,1.8815,1.855,1.802,2.385,2.385,5.0085,4.346,4.5845,3.7895,3.498,3.7365,2.9945,2.544,2.4645,2.0405,2.0405,2.067,2.0935,2.1465,2.173,2.173
Libya,On-farm electricity use,Emissions (CO2eq) (AR5),kilotonnes,1175.0456,1124.5982,1074.1931,1422.0501,1248.9743,2764.8052,2353.9923,2200.7367,1622.8725,1528.9718,1573.1815,1177.3916,902.2317,1163.2362,967.3499,976.1618,987.4008,1000.2474,1015.5182,1025.1606,1025.1606
Libya,Food Processing,Emissions (CH4),kilotonnes,71.4246,57.5768,48.9657,33.418,19.7283,22.0982,18.0001,12.4022,4.2003,2.3078,2.6925,0.6893,1.7908,17.4622,11.3026,10.658,10.4611,18.6803,17.2139,10.3917,8.0788
Libya,Food Processing,Emissions (N2O),kilotonnes,0.0168,0.0157,0.0153,0.0098,0.0067,0.0068,0.0057,0.0041,0.003,0.0045,0.005,0.0027,0.004,0.0068,0.0064,0.006,0.0058,0.0068,0.0072,0.007,0.0071
Libya,Food Processing,Emissions (CO2),kilotonnes,7013.7635,8208.4566,7467.3345,4975.932,3459.0619,3567.2315,3167.0967,2217.829,941.9551,846.7247,795.6929,448.9666,626.0543,1381.4464,1252.06,1091.5056,938.9695,1071.2341,1285.8804,1165.9255,940.1874
Libya,Food Processing,Emissions (CO2eq) from CH4 (AR5),kilotonnes,1999.8888,1612.1504,1371.0396,935.704,552.3924,618.7496,504.0028,347.2616,117.6084,64.6184,75.39,19.3004,50.1424,488.9416,316.4728,298.424,292.9108,523.0484,481.9892,290.9676,226.2068
Libya,Food Processing,Emissions (CO2eq) from N2O (AR5),kilotonnes,4.452,4.1605,4.0545,2.597,1.7755,1.802,1.5105,1.0865,0.795,1.1925,1.325,0.7155,1.06,1.802,1.696,1.59,1.537,1.802,1.908,1.855,1.8838
Libya,Food Processing,Emissions (CO2eq) (AR5),kilotonnes,9018.1043,9824.7675,8842.4286,5914.233,4013.2298,4187.7831,3672.61,2566.1771,1060.3585,912.5356,872.4079,468.9825,677.2567,1872.19,1570.2288,1391.5196,1233.4173,1596.0845,1769.7776,1458.7481,1168.278
Libya,Food Packaging,Emissions (CH4),kilotonnes,0.3322,0.5035,0.497,0.6288,0.3965,0.4287,0.4701,0.4422,0.4917,0.4851,0.3991,0.1675,0.5354,0.9206,0.6129,0.5864,0.5882,1.0284,0.986,0.7354,0.5717
Libya,Food Packaging,Emissions (N2O),kilotonnes,0.0001,0.0002,0.0002,0.0002,0.0002,0.0002,0.0002,0.0002,0.0002,0.0002,0.0002,0.0002,0.0003,0.0004,0.0004,0.0004,0.0004,0.0004,0.0005,0.0004,0.0004
Libya,Food Packaging,Emissions (CO2),kilotonnes,64.8281,90.4959,92.5514,94.3484,74.8798,69.798,68.5385,60.9657,73.3163,73.567,78.8017,54.0984,87.0874,117.8307,115.2583,107.8232,95.5811,103.5119,134.875,113.0521,91.1638
Libya,Food Packaging,Emissions (CO2eq) from CH4 (AR5),kilotonnes,9.3016,14.098,13.916,17.6064,11.102,12.0036,13.1628,12.3816,13.7676,13.5828,11.1748,4.69,14.9912,25.7768,17.1612,16.4192,16.4696,28.7952,27.608,20.5912,16.0082
Libya,Food Packaging,Emissions (CO2eq) from N2O (AR5),kilotonnes,0.0265,0.053,0.053,0.053,0.053,0.053,0.053,0.053,0.053,0.053,0.053,0.053,0.0795,0.106,0.106,0.106,0.106,0.106,0.1325,0.106,0.1076
Libya,Food Packaging,Emissions (CO2eq) (AR5),kilotonnes,74.1562,104.6469,106.5204,112.0078,86.0348,81.8546,81.7543,73.4003,87.1369,87.2028,90.0295,58.8414,102.1581,143.7135,132.5255,124.3484,112.1567,132.4131,162.6155,133.7493,107.2796
Libya,Food Retail,Emissions (CH4),kilotonnes,0.961,0.8737,0.8419,0.9848,0.9531,1.0484,1.0325,0.8585,1.2944,1.3549,1.5281,1.2203,0.9071,0.8798,0.6446,0.2952,0.253,0.2555,0.3261,0.1921,0.1493
Libya,Food Retail,Emissions (N2O),kilotonnes,0.0046,0.0046,0.0048,0.0052,0.0052,0.0055,0.0055,0.0046,0.0069,0.0072,0.0082,0.0065,0.0049,0.0047,0.0034,0.0016,0.0014,0.0014,0.0017,0.001,0.001
Libya,Food Retail,Emissions (CO2),kilotonnes,683.3376,698.2903,674.366,692.3092,726.7004,753.6152,759.5963,557.6469,746.592,796.1618,866.4925,646.353,429.8635,562.7058,412.2784,188.7864,161.8169,163.4286,208.5568,98.8434,79.7061
Libya,Food Retail,Emissions (CO2eq) from CH4 (AR5),kilotonnes,26.9085,24.4623,23.5728,27.5757,26.6862,29.3548,28.91,24.038,36.2432,37.9372,42.7868,34.1684,25.3988,24.6344,18.0488,8.2656,7.084,7.154,9.1308,5.3788,4.1816
Libya,Food Retail,Emissions (CO2eq) from N2O (AR5),kilotonnes,1.2287,1.2264,1.2665,1.3726,1.3797,1.4575,1.4575,1.219,1.8285,1.908,2.173,1.7225,1.2985,1.2455,0.901,0.424,0.371,0.371,0.4505,0.265,0.2691
Libya,Food Retail,Emissions (CO2eq) (AR5),kilotonnes,711.4749,723.979,699.2052,721.2575,754.7662,784.4275,789.9638,582.9039,784.6637,836.007,911.4523,682.2439,456.5608,588.5857,431.2282,197.476,169.2719,170.9536,218.1381,104.4872,84.1568
Libya,Food Household Consumption,Emissions (CH4),kilotonnes,2.8649,3.2123,1.77,1.8347,1.9768,3.3823,3.8043,3.357,2.4975,2.9957,3.073,2.4241,2.2521,2.6265,2.6133,2.5921,2.7816,2.811,4.1632,4.1632,3.2366
Libya,Food Household Consumption,Emissions (N2O),kilotonnes,0.0187,0.0207,0.0129,0.0133,0.014,0.0212,0.0229,0.0207,0.0162,0.0196,0.0202,0.0142,0.0161,0.0172,0.0164,0.0153,0.0164,0.0166,0.0236,0.0236,0.024
Libya,Food Household Consumption,Emissions (CO2),kilotonnes,3291.8361,3545.3477,2333.1409,2414.9892,2352.9494,3422.1751,3385.3491,2759.1075,2076.9281,2509.7244,2510.5097,1717.5438,1836.6787,2354.802,2251.1651,2079.4162,2209.4005,2245.841,3092.9074,3092.9074,2494.081
Libya,Food Household Consumption,Emissions (CO2eq) from CH4 (AR5),kilotonnes,80.2172,89.9444,49.56,51.3716,55.3504,94.7044,106.5204,93.996,69.93,83.8796,86.044,67.8748,63.0588,73.542,73.1724,72.5788,77.8848,78.708,116.5696,116.5696,90.6246
Libya,Food Household Consumption,Emissions (CO2eq) from N2O (AR5),kilotonnes,4.9555,5.4855,3.4185,3.5245,3.71,5.618,6.0685,5.4855,4.293,5.194,5.353,3.763,4.2665,4.558,4.346,4.0545,4.346,4.399,6.254,6.254,6.351
Libya,Food Household Consumption,Emissions (CO2eq) (AR5),kilotonnes,3377.0088,3640.7776,2386.1194,2469.8853,2412.0098,3522.4975,3497.938,2858.589,2151.1511,2598.798,2601.9067,1789.1816,1904.004,2432.902,2328.6835,2156.0495,2291.6313,2328.948,3215.731,3215.731,2591.0566
Libya,Food Transport,Emissions (CH4),kilotonnes,0.2893,0.3036,0.3179,0.3311,0.352,0.3685,0.3828,0.3608,0.4224,0.4488,0.4796,0.396,0.5225,0.5731,0.5852,0.5522,0.5962,0.5907,0.605,0.609,0.4735
Libya,Food Transport,Emissions (N2O),kilotonnes,0.0264,0.0277,0.0289,0.0301,0.032,0.0336,0.0349,0.034,0.0398,0.0423,0.045,0.0373,0.0492,0.054,0.0551,0.0521,0.0562,0.0558,0.0571,0.0586,0.0595
Libya,Food Transport,Emissions (CO2),kilotonnes,1221.0625,1265.0625,1287.0625,1309.0625,1364.0785,1397.635,1409.02,1276.925,1463.875,1694.81,1991.685,1496.1905,1848.67,1936.54,2145.382,1661.223,2002.223,1892.2385,1936.2445,2086.4803,1682.5111
Libya,Food Transport,Emissions (CO2eq) from CH4 (AR5),kilotonnes,8.1004,8.5008,8.9012,9.2708,9.856,10.318,10.7184,10.1024,11.8272,12.5664,13.4288,11.088,14.63,16.0468,16.3856,15.4616,16.6936,16.5396,16.94,17.052,13.2567
Libya,Food Transport,Emissions (CO2eq) from N2O (AR5),kilotonnes,6.996,7.3405,7.6585,7.9765,8.48,8.904,9.2485,9.01,10.547,11.2095,11.925,9.8845,13.038,14.31,14.6015,13.8065,14.893,14.787,15.1315,15.529,15.7698
Libya,Food Transport,Emissions (CO2eq) (AR5),kilotonnes,1236.1589,1280.9038,1303.6222,1326.3098,1382.4145,1416.857,1428.9869,1296.0374,1486.2492,1718.5859,2017.0388,1517.163,1876.338,1966.8968,2176.3691,1690.4911,2033.8096,1923.5651,1968.316,2119.0613,1711.5375
Libya,Energy,Emissions (CH4),kilotonnes,1210,1100,1060,1240,1200,1320,1300,1220,1260,1130,1210,406,991,750,464,410,377,633,566,319,248
Libya,Energy,Emissions (N2O),kilotonnes,0.521,0.52,0.537,0.582,0.585,0.618,0.618,0.582,0.648,0.669,0.696,0.518,0.773,0.78,0.747,0.7,0.688,0.738,0.772,0.774,0.786
Libya,Energy,Emissions (CO2),kilotonnes,45700,46700,45100,46300,48600,50400,50800,47500,53400,54900,58600,38000,51900,56700,52900,45800,40000,42600,49000,50100,40400
Libya,Energy,Emissions (CO2eq) from CH4 (AR5),kilotonnes,33880,30800,29680,34720,33600,36960,36400,34160,35280,31640,33880,11368,27748,21000,12992,11480,10556,17724,15848,8932,6944
Libya,Energy,Emissions (CO2eq) from N2O (AR5),kilotonnes,138.065,137.8,142.305,154.23,155.025,163.77,163.77,154.23,171.72,177.285,184.44,137.27,204.845,206.7,197.955,185.5,182.32,195.57,204.58,205.11,208.29
Libya,Energy,Emissions (CO2eq) (AR5),kilotonnes,79718.065,77637.8,74922.305,81174.23,82355.025,87523.77,87363.77,81814.23,88851.72,86717.285,92664.44,49505.27,79852.845,77906.7,66089.955,57465.5,50738.32,60519.57,65052.58,59237.11,47552.29
Libya,IPPU,Emissions (CH4),kilotonnes,1.4,1.4,1.4,1.4,1.52,1.64,1.77,1.53,1.64,1.64,1.57,3.06,3.4,0.116,0.116,0.116,0.116,0.116,0.116,0.126,0
Libya,IPPU,Emissions (N2O),kilotonnes,0.0176,0.0179,0.0182,0.0185,0.0188,0.0191,0.0194,0.0197,0.0199,0.0202,0.0203,0.0204,0.0204,0.0204,0.0204,0.0205,0.0207,0.021,0.0213,0.0213,0.0215
Libya,IPPU,Emissions (CO2),kilotonnes,3960,3800,4020,4220,4300,4370,4890,4770,4640,5320,5640,3310,2990,1950,4180,3490,3070,3180,3170,2710,2570
Libya,IPPU,Emissions (CO2eq) from F-gases (AR5),kilotonnes,328.453,353.7187,381.8996,400.3629,442.1483,473.2445,521.8322,551.9566,582.081,576.2505,592.7703,643.3015,672.4542,700.6351,728.8159,756.9968,786.1495,814.3303,842.5112,870.6921,898.873
Libya,IPPU,Emissions (CO2eq) from CH4 (AR5),kilotonnes,39.2,39.2,39.2,39.2,42.56,45.92,49.56,42.84,45.92,45.92,43.96,85.68,95.2,3.248,3.248,3.248,3.248,3.248,3.248,3.528,0
Libya,IPPU,Emissions (CO2eq) from N2O (AR5),kilotonnes,4.664,4.7435,4.823,4.9025,4.982,5.0615,5.141,5.2205,5.2735,5.353,5.3795,5.406,5.406,5.406,5.406,5.4325,5.4855,5.565,5.6445,5.6445,5.6975
Libya,IPPU,Emissions (CO2eq) (AR5),kilotonnes,4332.317,4197.6622,4445.9226,4664.4654,4789.6903,4894.226,5466.5332,5370.0171,5273.2745,5947.5235,6282.1098,4044.3875,3763.0602,2659.2891,4917.4699,4255.6773,3864.883,4003.1433,4021.4037,3589.8646,3474.5705
Libya,Waste,Emissions (CH4),kilotonnes,95.6,96.6,97.8,101,103,106,108,110,112,114,115,104,114,106,103,102,103,107,110,106,106
Libya,Waste,Emissions (N2O),kilotonnes,0.24,0.243,0.247,0.254,0.26,0.265,0.271,0.278,0.285,0.289,0.295,0.3,0.32,0.352,0.353,0.353,0.353,0.356,0.358,0.378,0.386
Libya,Waste,Emissions (CO2eq) from CH4 (AR5),kilotonnes,2676.8,2704.8,2738.4,2828,2884,2968,3024,3080,3136,3192,3220,2912,3192,2968,2884,2856,2884,2996,3080,2968,2968
Libya,Waste,Emissions (CO2eq) from N2O (AR5),kilotonnes,63.6,64.395,65.455,67.31,68.9,70.225,71.815,73.67,75.525,76.585,78.175,79.5,84.8,93.28,93.545,93.545,93.545,94.34,94.87,100.17,102.29
Libya,Waste,Emissions (CO2eq) (AR5),kilotonnes,2740.4,2769.195,2803.855,2895.31,2952.9,3038.225,3095.815,3153.67,3211.525,3268.585,3298.175,2991.5,3276.8,3061.28,2977.545,2949.545,2977.545,3090.34,3174.87,3068.17,3070.29
Libya,Other,Emissions (N2O),kilotonnes,1.07,1.09,1.14,1.19,1.18,1.27,1.26,1.16,1.27,1.4,1.49,1.07,1.38,1.45,1.5,1.3,1.25,1.26,1.28,1.35,1.36
Libya,Other,Emissions (CO2eq) from N2O (AR5),kilotonnes,283.55,288.85,302.1,315.35,312.7,336.55,333.9,307.4,336.55,371,394.85,283.55,365.7,384.25,397.5,344.5,331.25,333.9,339.2,357.75,360.4
Libya,Other,Emissions (CO2eq) (AR5),kilotonnes,283.55,288.85,302.1,315.35,312.7,336.55,333.9,307.4,336.55,371,394.85,283.55,365.7,384.25,397.5,344.5,331.25,333.9,339.2,357.75,360.4
Libya,Farm-gate emissions,Emissions (CH4),kilotonnes,37.2721,39.276,40.5652,43.9409,47.9179,50.7378,55.785,58.5769,58.7095,60.8446,63.2271,63.4495,63.5624,64.1533,63.7406,63.3169,63.4734,64.8176,65.4177,64.852,65.5169
Libya,Farm-gate emissions,Direct emissions (N2O),kilotonnes,2.2093,2.1112,2.3179,2.3524,2.6034,2.774,2.954,3.109,3.1193,3.21,3.3164,3.3351,3.3571,3.3556,3.1147,3.0364,3.0825,3.2786,3.1509,3.1239,3.1577
Libya,Farm-gate emissions,Indirect emissions (N2O),kilotonnes,0.7782,0.7533,0.8225,0.8495,0.9446,1.0079,1.0766,1.1312,1.1338,1.167,1.2072,1.2106,1.216,1.218,1.1393,1.1146,1.1278,1.1987,1.1557,1.1444,1.1559
Libya,Farm-gate emissions,Emissions (N2O),kilotonnes,3.2006,3.0748,3.3478,3.4094,3.7582,4.0121,4.2512,4.4477,4.4854,4.6963,4.9408,4.8465,4.8844,4.8666,4.5944,4.3349,4.4679,4.6915,4.5096,4.4462,4.4885
Libya,Farm-gate emissions,Emissions (CO2),kilotonnes,735.4969,725.3141,701.599,707.8452,717.2315,747.4812,672.5589,611.5543,723.1537,966.8637,1226.1362,819.6084,906.9543,909.2385,1060.3896,586.6066,796.6454,704.8919,690.0068,615.9302,615.9302
Libya,Farm-gate emissions,Emissions (CO2eq) from CH4 (AR5),kilotonnes,1043.619,1099.7293,1135.8244,1230.3439,1341.7006,1420.6597,1561.9789,1640.1541,1643.8669,1703.6484,1770.3582,1776.587,1779.7469,1796.2933,1784.7374,1772.8731,1777.2564,1814.8935,1831.6947,1815.8572,1834.4738
Libya,Farm-gate emissions,Emissions (CO2eq) from N2O (AR5),kilotonnes,848.1645,814.819,887.1676,903.4896,995.9252,1063.2027,1126.5773,1178.6397,1188.6343,1244.5327,1309.3193,1284.3187,1294.3551,1289.649,1217.5291,1148.7459,1183.9963,1243.2542,1195.0381,1178.2399,1189.4561
Libya,Farm-gate emissions,Emissions (CO2eq) (AR5),kilotonnes,2627.2803,2639.8624,2724.591,2841.6787,3054.8573,3231.3436,3361.1151,3430.3482,3555.655,3915.0447,4305.8136,3880.5141,3981.0563,3995.1808,4062.6561,3508.2256,3757.8981,3763.0396,3716.7396,3610.0273,3639.8601
Libya,Land Use change,Emissions (CH4),kilotonnes,0,0,0,0,0,0,0,0,0,0,0,0,0,0,0,0,0,0,0,0,0
Libya,Land Use change,Emissions (N2O),kilotonnes,0,0,0,0,0,0,0,0,0,0,0,0,0,0,0,0,0,0,0,0,0
Libya,Land Use change,Emissions (CO2),kilotonnes,0,0,0,0,0,0,0,0,0,0,0,0,0,0,0,0,0,0,0,0,0
Libya,Land Use change,Emissions (CO2eq) from CH4 (AR5),kilotonnes,0,0,0,0,0,0,0,0,0,0,0,0,0,0,0,0,0,0,0,0,0
Libya,Land Use change,Emissions (CO2eq) from N2O (AR5),kilotonnes,0,0,0,0,0,0,0,0,0,0,0,0,0,0,0,0,0,0,0,0,0
Libya,Land Use change,Emissions (CO2eq) (AR5),kilotonnes,0,0,0,0,0,0,0,0,0,0,0,0,0,0,0,0,0,0,0,0,0
Libya,Emissions on agricultural land,Emissions (CH4),kilotonnes,37.2721,39.276,40.5652,43.9409,47.9179,50.7378,55.785,58.5769,58.7095,60.8446,63.2271,63.4495,63.5624,64.1533,63.7406,63.3169,63.4734,64.8176,65.4177,64.852,65.5169
Libya,Emissions on agricultural land,Emissions (N2O),kilotonnes,3.2006,3.0748,3.3478,3.4094,3.7582,4.0121,4.2512,4.4477,4.4854,4.6963,4.9408,4.8465,4.8844,4.8666,4.5944,4.3349,4.4679,4.6915,4.5096,4.4462,4.4885
Libya,Emissions on agricultural land,Emissions (CO2),kilotonnes,735.4969,725.3141,701.599,707.8452,717.2315,747.4812,672.5589,611.5543,723.1537,966.8637,1226.1362,819.6084,906.9543,909.2385,1060.3896,586.6066,796.6454,704.8919,690.0068,615.9302,615.9302
Libya,Emissions on agricultural land,Emissions (CO2eq) from CH4 (AR5),kilotonnes,1043.619,1099.7293,1135.8244,1230.3439,1341.7006,1420.6597,1561.9789,1640.1541,1643.8669,1703.6484,1770.3582,1776.587,1779.7469,1796.2933,1784.7374,1772.8731,1777.2564,1814.8935,1831.6947,1815.8572,1834.4738
Libya,Emissions on agricultural land,Emissions (CO2eq) from N2O (AR5),kilotonnes,848.1645,814.819,887.1676,903.4896,995.9252,1063.2027,1126.5773,1178.6397,1188.6343,1244.5327,1309.3193,1284.3187,1294.3551,1289.649,1217.5291,1148.7459,1183.9963,1243.2542,1195.0381,1178.2399,1189.4561
Libya,Emissions on agricultural land,Emissions (CO2eq) (AR5),kilotonnes,2627.2803,2639.8624,2724.591,2841.6787,3054.8573,3231.3436,3361.1151,3430.3482,3555.655,3915.0447,4305.8136,3880.5141,3981.0563,3995.1808,4062.6561,3508.2256,3757.8981,3763.0396,3716.7396,3610.0273,3639.8601
Libya,Pre- and post- production,Emissions (CH4),kilotonnes,106.1025,93.8589,84.8859,71.1032,58.2839,64.9789,61.7591,56.5717,48.2748,47.4477,48.8548,45.5754,46.936,63.8177,56.9625,56.2859,56.6959,65.8148,66.1795,59.4236,56.2118
Libya,Pre- and post- production,Emissions (N2O),kilotonnes,0.0966,0.0986,0.0931,0.0915,0.091,0.1101,0.1093,0.1049,0.1029,0.1092,0.1147,0.0938,0.1054,0.1134,0.1068,0.1004,0.1053,0.1058,0.1148,0.1155,0.117
Libya,Pre- and post- production,Emissions (CO2),kilotonnes,13917.7148,15411.923,13462.2372,11425.2646,9728.0204,12423.5183,11618.9174,9492.0805,7245.6394,7981.3004,8324.6673,6090.6613,6288.8008,8406.2843,7652.4109,6586.4289,6888.1859,7055.2478,8248.1212,8150.0459,6761.849
Libya,Pre- and post- production,Emissions (CO2eq) from CH4 (AR5),kilotonnes,2970.8687,2628.0482,2376.8062,1990.8882,1631.9504,1819.4098,1729.2552,1584.0065,1351.6957,1328.5355,1367.9332,1276.1111,1314.2093,1786.896,1594.9487,1576.0052,1587.4844,1842.8153,1853.0266,1663.8614,1573.9298
Libya,Pre- and post- production,Emissions (CO2eq) from N2O (AR5),kilotonnes,25.5976,26.1347,24.6724,24.2405,24.1121,29.1679,28.9599,27.7882,27.2566,28.9259,30.3881,24.8702,27.9424,30.0564,28.2973,26.5996,27.9018,28.0413,30.4104,30.5993,31.0015
Libya,Pre- and post- production,Emissions (CO2eq) (AR5),kilotonnes,16914.1811,18066.1059,15863.7158,13440.3934,11384.0829,14272.096,13377.1325,11103.8753,8624.5916,9338.7618,9722.9886,7391.6426,7630.9525,10223.2368,9275.657,8189.0337,8503.5721,8926.1045,10131.5582,9844.5067,8366.7804
Libya,Agri-food systems,Emissions (CH4),kilotonnes,143.3746,133.1349,125.4511,115.044,106.2018,115.7168,117.5441,115.1486,106.9844,108.2923,112.0818,109.0249,110.4984,127.971,120.7031,119.6028,120.1693,130.6325,131.5972,124.2757,121.7287
Libya,Agri-food systems,Emissions (N2O),kilotonnes,3.2972,3.1734,3.4409,3.5009,3.8492,4.1222,4.3605,4.5526,4.5883,4.8055,5.0555,4.9403,4.9898,4.98,4.7012,4.4353,4.5732,4.7973,4.6243,4.5617,4.6055
Libya,Agri-food systems,Emissions (CO2),kilotonnes,14653.2117,16137.2371,14163.8362,12133.1098,10445.2519,13170.9995,12291.4763,10103.6348,7968.7931,8948.1641,9550.8035,6910.2697,7195.7551,9315.5228,8712.8005,7173.0355,7684.8313,7760.1397,8938.128,8765.9761,7377.7792
Libya,Agri-food systems,Emissions (CO2eq) from CH4 (AR5),kilotonnes,4014.4877,3727.7775,3512.6306,3221.2321,2973.6511,3240.0695,3291.2341,3224.1607,2995.5626,3032.1839,3138.2914,3052.6981,3093.9562,3583.1893,3379.6861,3348.8783,3364.7408,3657.7089,3684.7213,3479.7187,3408.4036
Libya,Agri-food systems,Emissions (CO2eq) from N2O (AR5),kilotonnes,873.7621,840.9537,911.84,927.7301,1020.0372,1092.3706,1155.5372,1206.428,1215.8909,1273.4586,1339.7074,1309.1889,1322.2975,1319.7054,1245.8264,1175.3456,1211.8981,1271.2955,1225.4485,1208.8392,1220.4577
Libya,Agri-food systems,Emissions (CO2eq) (AR5),kilotonnes,19541.4615,20705.9682,18588.3068,16282.0721,14438.9402,17503.4396,16738.2476,14534.2235,12180.2466,13253.8065,14028.8022,11272.1567,11612.0088,14218.4175,13338.313,11697.2593,12261.4702,12689.1441,13848.2977,13454.534,12006.6405
Libya,IPCC Agriculture,Emissions (CH4),kilotonnes,37.1366,39.1408,40.4535,43.8262,47.803,50.6334,55.6254,58.4252,58.5298,60.6444,63.0052,63.2765,63.3409,63.9094,63.487,63.0982,63.2319,64.5794,65.1788,64.6161,65.281
Libya,IPCC Agriculture,Direct emissions (N2O),kilotonnes,2.2093,2.1112,2.3179,2.3524,2.6034,2.774,2.954,3.109,3.1193,3.21,3.3164,3.3351,3.3571,3.3556,3.1147,3.0364,3.0825,3.2786,3.1509,3.1239,3.1577
Libya,IPCC Agriculture,Indirect emissions (N2O),kilotonnes,0.7782,0.7533,0.8225,0.8495,0.9446,1.0079,1.0766,1.1312,1.1338,1.167,1.2072,1.2106,1.216,1.218,1.1393,1.1146,1.1278,1.1987,1.1557,1.1444,1.1559
Libya,IPCC Agriculture,Emissions (N2O),kilotonnes,3.0266,2.9056,3.1822,3.2444,3.5921,3.828,4.0784,4.2925,4.3059,4.4316,4.5811,4.6115,4.6342,4.6411,4.3151,4.21,4.2712,4.5372,4.3691,4.3335,4.3758
Libya,IPCC Agriculture,Emissions (CO2eq) from CH4 (AR5),kilotonnes,1039.8248,1095.9436,1132.6981,1227.1325,1338.4837,1417.7338,1557.5106,1635.9056,1638.8332,1698.0419,1764.1464,1771.7427,1773.5447,1789.4626,1777.6354,1766.7487,1770.492,1808.2233,1825.0061,1809.2513,1827.8679
Libya,IPCC Agriculture,Emissions (CO2eq) from N2O (AR5),kilotonnes,802.0545,769.9852,843.2758,859.7729,951.8938,1014.4288,1080.7786,1137.5005,1141.0711,1174.3781,1214.002,1222.0601,1228.0649,1229.8896,1143.5136,1115.6605,1131.8554,1202.3497,1157.8096,1148.3688,1159.585
Libya,IPCC Agriculture,Emissions (CO2eq) (AR5),kilotonnes,1841.8794,1865.9287,1975.9739,2086.9054,2290.3775,2432.1626,2638.2893,2773.4061,2779.9043,2872.42,2978.1484,2993.8029,3001.6097,3019.3522,2921.149,2882.4092,2902.3475,3010.5731,2982.8158,2957.6201,2987.4529
Libya,Agricultural Soils,Direct emissions (N2O),kilotonnes,2.2093,2.1112,2.3179,2.3524,2.6034,2.774,2.954,3.109,3.1193,3.21,3.3164,3.3351,3.3571,3.3556,3.1147,3.0364,3.0825,3.2786,3.1509,3.1239,3.1577
Libya,Agricultural Soils,Indirect emissions (N2O),kilotonnes,0.7782,0.7533,0.8225,0.8495,0.9446,1.0079,1.0766,1.1312,1.1338,1.167,1.2072,1.2106,1.216,1.218,1.1393,1.1146,1.1278,1.1987,1.1557,1.1444,1.1559
Libya,Agricultural Soils,Emissions (N2O),kilotonnes,2.9875,2.8645,3.1404,3.202,3.548,3.7819,4.0306,4.2402,4.2531,4.377,4.5236,4.5457,4.5731,4.5736,4.254,4.151,4.2103,4.4773,4.3066,4.2684,4.3135
Libya,Agricultural Soils,Emissions (CO2eq) from N2O (AR5),kilotonnes,791.6968,759.0924,832.2002,848.5212,940.2196,1002.1907,1068.1009,1123.6405,1127.0814,1159.8926,1198.759,1204.6083,1211.8645,1212.0012,1127.3061,1100.0239,1115.7284,1186.4743,1141.249,1131.1199,1143.0885
Libya,Agricultural Soils,Emissions (CO2eq) (AR5),kilotonnes,791.6968,759.0924,832.2002,848.5212,940.2196,1002.1907,1068.1009,1123.6405,1127.0814,1159.8926,1198.759,1204.6083,1211.8645,1212.0012,1127.3061,1100.0239,1115.7284,1186.4743,1141.249,1131.1199,1143.0885
Libya,LULUCF,Emissions (CH4),kilotonnes,0,0,0,0,0,0,0,0,0,0,0,0,0,0,0,0,0,0,0,0,0
Libya,LULUCF,Emissions (N2O),kilotonnes,0,0,0,0,0,0,0,0,0,0,0,0,0,0,0,0,0,0,0,0,0
Libya,LULUCF,Emissions (CO2),kilotonnes,0,0,0,0,0,0,0,0,0,0,0,0,0,0,0,0,0,0,0,0,0
Libya,LULUCF,Emissions (CO2eq) from CH4 (AR5),kilotonnes,0,0,0,0,0,0,0,0,0,0,0,0,0,0,0,0,0,0,0,0,0
Libya,LULUCF,Emissions (CO2eq) from N2O (AR5),kilotonnes,0,0,0,0,0,0,0,0,0,0,0,0,0,0,0,0,0,0,0,0,0
Libya,LULUCF,Emissions (CO2eq) (AR5),kilotonnes,0,0,0,0,0,0,0,0,0,0,0,0,0,0,0,0,0,0,0,0,0
Libya,AFOLU,Emissions (CH4),kilotonnes,37.1366,39.1408,40.4535,43.8262,47.803,50.6334,55.6254,58.4252,58.5298,60.6444,63.0052,63.2765,63.3409,63.9094,63.487,63.0982,63.2319,64.5794,65.1788,64.6161,65.281
Libya,AFOLU,Emissions (N2O),kilotonnes,3.0266,2.9056,3.1822,3.2444,3.5921,3.828,4.0784,4.2925,4.3059,4.4316,4.5811,4.6115,4.6342,4.6411,4.3151,4.21,4.2712,4.5372,4.3691,4.3335,4.3758
Libya,AFOLU,Emissions (CO2),kilotonnes,0,0,0,0,0,0,0,0,0,0,0,0,0,0,0,0,0,0,0,0,0
Libya,AFOLU,Emissions (CO2eq) from CH4 (AR5),kilotonnes,1039.8248,1095.9436,1132.6981,1227.1325,1338.4837,1417.7338,1557.5106,1635.9056,1638.8332,1698.0419,1764.1464,1771.7427,1773.5447,1789.4626,1777.6354,1766.7487,1770.492,1808.2233,1825.0061,1809.2513,1827.8679
Libya,AFOLU,Emissions (CO2eq) from N2O (AR5),kilotonnes,802.0545,769.9852,843.2758,859.7729,951.8938,1014.4288,1080.7786,1137.5005,1141.0711,1174.3781,1214.002,1222.0601,1228.0649,1229.8896,1143.5136,1115.6605,1131.8554,1202.3497,1157.8096,1148.3688,1159.585
Libya,AFOLU,Emissions (CO2eq) (AR5),kilotonnes,1841.8794,1865.9287,1975.9739,2086.9054,2290.3775,2432.1626,2638.2893,2773.4061,2779.9043,2872.42,2978.1484,2993.8029,3001.6097,3019.3522,2921.149,2882.4092,2902.3475,3010.5731,2982.8158,2957.6201,2987.4529
Libya,All sectors with LULUCF,Emissions (CH4),kilotonnes,1344.1366,1237.1408,1199.6535,1386.2262,1352.323,1478.2734,1465.3954,1389.9552,1432.1698,1306.2844,1389.5752,576.3365,1171.7409,920.0254,630.603,575.2142,543.3479,804.6954,741.2948,489.7421,419.281
Libya,All sectors with LULUCF,Emissions (N2O),kilotonnes,4.8752,4.7765,5.1244,5.2889,5.6359,6.0001,6.2468,6.3322,6.5288,6.8098,7.0824,6.5199,7.1276,7.2435,6.9355,6.5835,6.5829,6.9122,6.8004,6.8568,6.9293
Libya,All sectors with LULUCF,Emissions (CO2),kilotonnes,49660,50500,49120,50520,52900,54770,55690,52270,58040,60220,64240,41310,54890,58650,57080,49290,43070,45780,52170,52810,42970
Libya,All sectors with LULUCF,Emissions (CO2eq) from F-gases (AR5),kilotonnes,328.453,353.7187,381.8996,400.3629,442.1483,473.2445,521.8322,551.9566,582.081,576.2505,592.7703,643.3015,672.4542,700.6351,728.8159,756.9968,786.1495,814.3303,842.5112,870.6921,898.873
Libya,All sectors with LULUCF,Emissions (CO2eq) from CH4 (AR5),kilotonnes,37635.8248,34639.9436,33590.2981,38814.3325,37865.0437,41391.6538,41031.0706,38918.7456,40100.7532,36575.9619,38908.1064,16137.4227,32808.7447,25760.7106,17656.8834,16105.9967,15213.74,22531.4713,20756.2541,13712.7793,11739.8679
Libya,All sectors with LULUCF,Emissions (CO2eq) from N2O (AR5),kilotonnes,1291.9335,1265.7737,1357.9588,1401.5654,1493.5008,1590.0353,1655.4046,1678.021,1730.1396,1804.6011,1876.8465,1727.7861,1888.8159,1919.5256,1837.9196,1744.638,1744.4559,1831.7247,1802.1041,1817.0433,1836.2625
Libya,All sectors with LULUCF,Emissions (CO2eq) (AR5),kilotonnes,88916.2114,86759.4359,84450.1565,91136.2608,92700.6929,98224.9336,98898.3075,93418.7232,100452.9738,99176.8135,105617.7232,59818.5104,90260.0148,87030.8713,77303.6189,67897.6315,60814.3454,70957.5264,75570.8695,69210.5147,57445.0034
Libya,All sectors without LULUCF,Emissions (CH4),kilotonnes,1344.1366,1237.1408,1199.6535,1386.2262,1352.323,1478.2734,1465.3954,1389.9552,1432.1698,1306.2844,1389.5752,576.3365,1171.7409,920.0254,630.603,575.2142,543.3479,804.6954,741.2948,489.7421,419.281
Libya,All sectors without LULUCF,Emissions (N2O),kilotonnes,4.8752,4.7765,5.1244,5.2889,5.6359,6.0001,6.2468,6.3322,6.5288,6.8098,7.0824,6.5199,7.1276,7.2435,6.9355,6.5835,6.5829,6.9122,6.8004,6.8568,6.9293
Libya,All sectors without LULUCF,Emissions (CO2),kilotonnes,49660,50500,49120,50520,52900,54770,55690,52270,58040,60220,64240,41310,54890,58650,57080,49290,43070,45780,52170,52810,42970
Libya,All sectors without LULUCF,Emissions (CO2eq) from F-gases (AR5),kilotonnes,328.453,353.7187,381.8996,400.3629,442.1483,473.2445,521.8322,551.9566,582.081,576.2505,592.7703,643.3015,672.4542,700.6351,728.8159,756.9968,786.1495,814.3303,842.5112,870.6921,898.873
Libya,All sectors without LULUCF,Emissions (CO2eq) from CH4 (AR5),kilotonnes,37635.8248,34639.9436,33590.2981,38814.3325,37865.0437,41391.6538,41031.0706,38918.7456,40100.7532,36575.9619,38908.1064,16137.4227,32808.7447,25760.7106,17656.8834,16105.9967,15213.74,22531.4713,20756.2541,13712.7793,11739.8679
Libya,All sectors without LULUCF,Emissions (CO2eq) from N2O (AR5),kilotonnes,1291.9335,1265.7737,1357.9588,1401.5654,1493.5008,1590.0353,1655.4046,1678.021,1730.1396,1804.6011,1876.8465,1727.7861,1888.8159,1919.5256,1837.9196,1744.638,1744.4559,1831.7247,1802.1041,1817.0433,1836.2625
Libya,All sectors without LULUCF,Emissions (CO2eq) (AR5),kilotonnes,88916.2114,86759.4359,84450.1565,91136.2608,92700.6929,98224.9336,98898.3075,93418.7232,100452.9738,99176.8135,105617.7232,59818.5104,90260.0148,87030.8713,77303.6189,67897.6315,60814.3454,70957.5264,75570.8695,69210.5147,57445.0034
Liechtenstein,Crop Residues,Direct emissions (N2O),kilotonnes,0.0019,0.0019,0.0019,0.002,0.002,0.0019,0.0019,0.0019,0.0019,0.0019,0.0018,0.0021,0.0018,0.0018,0.0018,0.0018,0.0018,0.0018,0.0019,0.0019,0.0021
Liechtenstein,Crop Residues,Emissions (N2O),kilotonnes,0.0019,0.0019,0.0019,0.002,0.002,0.0019,0.0019,0.0019,0.0019,0.0019,0.0018,0.0021,0.0018,0.0018,0.0018,0.0018,0.0018,0.0018,0.0019,0.0019,0.0021
Liechtenstein,Crop Residues,Emissions (CO2eq) from N2O (AR5),kilotonnes,0.4923,0.4961,0.5006,0.5185,0.529,0.5093,0.5057,0.5098,0.5049,0.4985,0.4717,0.5491,0.476,0.4667,0.4841,0.4788,0.4811,0.4895,0.4906,0.4974,0.5561
Liechtenstein,Crop Residues,Emissions (CO2eq) (AR5),kilotonnes,0.4923,0.4961,0.5006,0.5185,0.529,0.5093,0.5057,0.5098,0.5049,0.4985,0.4717,0.5491,0.476,0.4667,0.4841,0.4788,0.4811,0.4895,0.4906,0.4974,0.5561
Liechtenstein,Synthetic Fertilizers,Direct emissions (N2O),kilotonnes,0.0029,0.0029,0.0031,0.003,0.0029,0.0029,0.0029,0.0029,0.003,0.0029,0.0027,0.0032,0.0028,0.0027,0.0026,0.003,0.0027,0.0028,0.0031,0.0029,0.0026
Liechtenstein,Synthetic Fertilizers,Emissions (N2O),kilotonnes,0.0029,0.0029,0.0031,0.003,0.0029,0.0029,0.0029,0.0029,0.003,0.0029,0.0027,0.0032,0.0028,0.0027,0.0026,0.003,0.0027,0.0028,0.0031,0.0029,0.0026
Liechtenstein,Synthetic Fertilizers,Emissions (CO2eq) from N2O (AR5),kilotonnes,0.764,0.7586,0.8189,0.8037,0.7728,0.7803,0.7657,0.7579,0.7973,0.7603,0.7269,0.8393,0.7465,0.7232,0.7011,0.7979,0.7179,0.7513,0.8169,0.7674,0.6822
Liechtenstein,Synthetic Fertilizers,Emissions (CO2eq) (AR5),kilotonnes,0.764,0.7586,0.8189,0.8037,0.7728,0.7803,0.7657,0.7579,0.7973,0.7603,0.7269,0.8393,0.7465,0.7232,0.7011,0.7979,0.7179,0.7513,0.8169,0.7674,0.6822
Liechtenstein,Drained organic soils,Emissions (CO2eq) (AR5),kilotonnes,0,0,0,0,0,0,0,0,0,0,0,0,0,0,0,0,0,0,0,0,0
Liechtenstein,Drained organic soils,Emissions (CO2eq) (AR5),kilotonnes,0.6224,0.621,0.6196,0.6169,0.6141,0.6113,0.6085,0.6058,0.603,0.6047,0.6063,0.608,0.6097,0.6113,0.613,0.6111,0.6092,0.6073,0.6054,0.6035,0.6017
Liechtenstein,Drained organic soils (CO2),Emissions (CO2),kilotonnes,0,0,0,0,0,0,0,0,0,0,0,0,0,0,0,0,0,0,0,0,0
Liechtenstein,Drained organic soils (CO2),Emissions (CO2eq) (AR5),kilotonnes,0,0,0,0,0,0,0,0,0,0,0,0,0,0,0,0,0,0,0,0,0
Liechtenstein,Drained organic soils (N2O),Emissions (N2O),kilotonnes,0,0,0,0,0,0,0,0,0,0,0,0,0,0,0,0,0,0,0,0,0
Liechtenstein,Drained organic soils (N2O),Emissions (N2O),kilotonnes,0.0023,0.0023,0.0023,0.0023,0.0023,0.0023,0.0023,0.0023,0.0023,0.0023,0.0023,0.0023,0.0023,0.0023,0.0023,0.0023,0.0023,0.0023,0.0023,0.0023,0.0023
Liechtenstein,Drained organic soils (N2O),Emissions (CO2eq) from N2O (AR5),kilotonnes,0,0,0,0,0,0,0,0,0,0,0,0,0,0,0,0,0,0,0,0,0
Liechtenstein,Drained organic soils (N2O),Emissions (CO2eq) from N2O (AR5),kilotonnes,0.6224,0.621,0.6196,0.6169,0.6141,0.6113,0.6085,0.6058,0.603,0.6047,0.6063,0.608,0.6097,0.6113,0.613,0.6111,0.6092,0.6073,0.6054,0.6035,0.6017
Liechtenstein,Drained organic soils (N2O),Emissions (CO2eq) (AR5),kilotonnes,0,0,0,0,0,0,0,0,0,0,0,0,0,0,0,0,0,0,0,0,0
Liechtenstein,Drained organic soils (N2O),Emissions (CO2eq) (AR5),kilotonnes,0.6224,0.621,0.6196,0.6169,0.6141,0.6113,0.6085,0.6058,0.603,0.6047,0.6063,0.608,0.6097,0.6113,0.613,0.6111,0.6092,0.6073,0.6054,0.6035,0.6017
Liechtenstein,On-farm energy use,Emissions (CH4),kilotonnes,0.0001,0.0001,0.0001,0.0001,0.0002,0.0002,0.0002,0.0002,0.0002,0.0001,0.0001,0.0001,0.0001,0.0001,0.0001,0.0001,0.0001,0.0001,0.0001,0.0001,0.0001
Liechtenstein,On-farm energy use,Emissions (N2O),kilotonnes,0,0,0,0,0,0,0,0,0,0,0,0,0,0,0,0,0,0,0,0,0
Liechtenstein,On-farm energy use,Emissions (CO2),kilotonnes,1.5599,1.7302,1.759,1.8678,1.9575,2.029,2.0598,2.0186,2.0999,1.6743,1.7804,1.6163,1.66,1.7735,1.4729,1.5789,1.5585,1.6365,1.5356,1.5481,1.5481
Liechtenstein,On-farm energy use,Emissions (CO2eq) from CH4 (AR5),kilotonnes,0.0035,0.0038,0.0039,0.0041,0.0043,0.0045,0.0046,0.0045,0.0047,0.0037,0.004,0.0036,0.0037,0.0039,0.0033,0.0035,0.0035,0.0036,0.0034,0.0034,0.0034
Liechtenstein,On-farm energy use,Emissions (CO2eq) from N2O (AR5),kilotonnes,0.0007,0.0007,0.0007,0.0008,0.0008,0.0009,0.0009,0.0008,0.0009,0.0007,0.0007,0.0007,0.0007,0.0007,0.0006,0.0007,0.0007,0.0007,0.0006,0.0007,0.0007
Liechtenstein,On-farm energy use,Emissions (CO2eq) (AR5),kilotonnes,1.564,1.7348,1.7636,1.8727,1.9626,2.0343,2.0652,2.0239,2.1055,1.6787,1.7851,1.6205,1.6644,1.7782,1.4768,1.5831,1.5626,1.6408,1.5396,1.5522,1.5522
Liechtenstein,Forestland,Emissions (CO2),kilotonnes,10.7375,29.1817,29.1817,29.1817,29.1817,29.1817,29.1817,29.1817,29.1817,29.1817,29.1817,-0.0794,-0.0794,-0.0794,-0.0794,-0.0794,0,0,0,0,0
Liechtenstein,Forestland,Emissions (CO2),kilotonnes,14.1193,-9.2705,-8.8193,-5.0797,-3.1626,-3.3612,1.1748,9.9841,11.8559,8.7754,7.2188,10.8941,11.1256,3.628,3.5068,-1.8048,-3.6169,-1.9754,9.0425,-0.5991,-7.8078
Liechtenstein,Forestland,Emissions (CO2eq) (AR5),kilotonnes,10.7375,29.1817,29.1817,29.1817,29.1817,29.1817,29.1817,29.1817,29.1817,29.1817,29.1817,-0.0794,-0.0794,-0.0794,-0.0794,-0.0794,0,0,0,0,0
Liechtenstein,Forestland,Emissions (CO2eq) (AR5),kilotonnes,14.1193,-9.2705,-8.8193,-5.0797,-3.1626,-3.3612,1.1748,9.9841,11.8559,8.7754,7.2188,10.8941,11.1256,3.628,3.5068,-1.8048,-3.6169,-1.9754,9.0425,-0.5991,-7.8078
Liechtenstein,Net Forest conversion,Emissions (CO2),kilotonnes,11.8279,0.0432,0.0432,0.0432,0.0432,0.0432,0.0432,0.0432,0.0432,0.0432,0.0432,0,0,0,0,0,0,0,0,0,0
Liechtenstein,Net Forest conversion,Emissions (CO2),kilotonnes,3.6568,3.9832,4.3043,4.4729,4.6363,4.8049,4.9683,5.1369,5.3003,5.4051,5.5048,5.6096,5.7092,5.8141,5.9137,6.0186,6.1187,5.8973,5.6758,5.4544,5.233
Liechtenstein,Net Forest conversion,Emissions (CO2eq) (AR5),kilotonnes,11.8279,0.0432,0.0432,0.0432,0.0432,0.0432,0.0432,0.0432,0.0432,0.0432,0.0432,0,0,0,0,0,0,0,0,0,0
Liechtenstein,Net Forest conversion,Emissions (CO2eq) (AR5),kilotonnes,3.6568,3.9832,4.3043,4.4729,4.6363,4.8049,4.9683,5.1369,5.3003,5.4051,5.5048,5.6096,5.7092,5.8141,5.9137,6.0186,6.1187,5.8973,5.6758,5.4544,5.233
Liechtenstein,Savanna fires,Emissions (CH4),kilotonnes,0,0,0,0,0,0,0,0,0,0,0,0,0,0,0,0,0,0,0,0,0
Liechtenstein,Savanna fires,Emissions (N2O),kilotonnes,0,0,0,0,0,0,0,0,0,0,0,0,0,0,0,0,0,0,0,0,0
Liechtenstein,Savanna fires,Emissions (CO2eq) from CH4 (AR5),kilotonnes,0,0,0,0,0,0,0,0,0,0,0,0,0,0,0,0,0,0,0,0,0
Liechtenstein,Savanna fires,Emissions (CO2eq) from N2O (AR5),kilotonnes,0,0,0,0,0,0,0,0,0,0,0,0,0,0,0,0,0,0,0,0,0
Liechtenstein,Savanna fires,Emissions (CO2eq) (AR5),kilotonnes,0,0,0,0,0,0,0,0,0,0,0,0,0,0,0,0,0,0,0,0,0
Liechtenstein,Forest fires,Emissions (CH4),kilotonnes,0,0,0,0,0,0,0,0,0,0,0,0,0,0,0,0,0,0,0,0,0
Liechtenstein,Forest fires,Emissions (N2O),kilotonnes,0,0,0,0,0,0,0,0,0,0,0,0,0,0,0,0,0,0,0,0,0
Liechtenstein,Forest fires,Emissions (CO2eq) from CH4 (AR5),kilotonnes,0,0,0,0,0,0,0,0,0,0,0,0,0,0,0,0,0,0,0,0,0
Liechtenstein,Forest fires,Emissions (CO2eq) from N2O (AR5),kilotonnes,0,0,0,0,0,0,0,0,0,0,0,0,0,0,0,0,0,0,0,0,0
Liechtenstein,Forest fires,Emissions (CO2eq) (AR5),kilotonnes,0,0,0,0,0,0,0,0,0,0,0,0,0,0,0,0,0,0,0,0,0
Liechtenstein,Waste - agri-food systems,Emissions (CH4),kilotonnes,0.2558,0.2575,0.259,0.2605,0.262,0.2634,0.2648,0.2662,0.2676,0.2687,0.2698,0.2712,0.2722,0.2735,0.2746,0.2755,0.2762,0.2768,0.2774,0.2778,0.2383
Liechtenstein,Waste - agri-food systems,Emissions (N2O),kilotonnes,0,0,0,0,0,0,0,0,0,0,0,0,0,0,0,0,0,0,0,0,0
Liechtenstein,Waste - agri-food systems,Emissions (CO2),kilotonnes,0.8083,0.8084,0.8113,0.8162,0.8206,0.8228,0.8261,0.8313,0.835,0.8305,0.8351,0.8396,0.8377,0.8436,0.8451,0.8429,0.8427,0.8441,0.8453,0.8438,0
Liechtenstein,Waste - agri-food systems,Emissions (CO2eq) from CH4 (AR5),kilotonnes,7.1638,7.2087,7.2519,7.2944,7.337,7.376,7.4144,7.4538,7.4935,7.5222,7.5553,7.5938,7.623,7.6572,7.6896,7.714,7.7336,7.7515,7.7675,7.7791,6.6731
Liechtenstein,Waste - agri-food systems,Emissions (CO2eq) from N2O (AR5),kilotonnes,0,0,0,0,0,0,0,0,0,0,0,0,0,0,0,0,0,0,0,0,0
Liechtenstein,Waste - agri-food systems,Emissions (CO2eq) (AR5),kilotonnes,7.9721,8.0172,8.0631,8.1106,8.1576,8.1988,8.2405,8.2851,8.3285,8.3528,8.3904,8.4334,8.4607,8.5008,8.5348,8.5569,8.5763,8.5956,8.6128,8.623,6.6731
Liechtenstein,On-farm electricity use,Emissions (CH4),kilotonnes,0,0,0,0,0,0,0,0,0,0,0,0,0,0,0,0,0,0,0,0,0
Liechtenstein,On-farm electricity use,Emissions (N2O),kilotonnes,0,0,0,0,0,0,0,0,0,0,0,0,0,0,0,0,0,0,0,0,0
Liechtenstein,On-farm electricity use,Emissions (CO2),kilotonnes,0,0,0,0,0,0,0,0,0,0,0,0,0,0,0,0,0,0,0,0,0
Liechtenstein,On-farm electricity use,Emissions (CO2eq) from CH4 (AR5),kilotonnes,0,0,0,0,0,0,0,0,0,0,0,0,0,0,0,0,0,0,0,0,0
Liechtenstein,On-farm electricity use,Emissions (CO2eq) from N2O (AR5),kilotonnes,0,0,0,0,0,0,0,0,0,0,0,0,0,0,0,0,0,0,0,0,0
Liechtenstein,On-farm electricity use,Emissions (CO2eq) (AR5),kilotonnes,0,0,0,0,0,0,0,0,0,0,0,0,0,0,0,0,0,0,0,0,0
Liechtenstein,Energy,Emissions (CH4),kilotonnes,0.0884,0.0898,0.0886,0.0913,0.0961,0.104,0.108,0.111,0.121,0.127,0.133,0.128,0.134,0.145,0.148,0.161,0.152,0.153,0.152,0.154,0.114
Liechtenstein,Energy,Emissions (N2O),kilotonnes,0.0067,0.0065,0.0063,0.0062,0.0059,0.0058,0.0057,0.0055,0.0055,0.0053,0.0052,0.0049,0.005,0.005,0.0048,0.0047,0.0048,0.0047,0.0048,0.0048,0.0044
Liechtenstein,Energy,Emissions (CO2),kilotonnes,194,205,206,206,205,207,214,176,198,197,164,159,164,178,145,145,129,140,128,134,127
Liechtenstein,Energy,Emissions (CO2eq) from CH4 (AR5),kilotonnes,2.4752,2.5144,2.4808,2.5564,2.6908,2.912,3.024,3.108,3.388,3.556,3.724,3.584,3.752,4.06,4.144,4.508,4.256,4.284,4.256,4.312,3.192
Liechtenstein,Energy,Emissions (CO2eq) from N2O (AR5),kilotonnes,1.7649,1.7278,1.6589,1.6351,1.5741,1.5291,1.5025,1.4549,1.4496,1.3913,1.3727,1.2985,1.3197,1.325,1.264,1.2481,1.264,1.2481,1.272,1.264,1.174
Liechtenstein,Energy,Emissions (CO2eq) (AR5),kilotonnes,198.2401,209.2422,210.1397,210.1915,209.2649,211.441,218.5265,180.5628,202.8375,201.9472,169.0967,163.8825,169.0717,183.385,150.4081,150.7561,134.52,145.5322,133.528,139.5761,131.3659
Liechtenstein,IPPU,Emissions (CH4),kilotonnes,0,0,0,0,0,0,0,0,0.0001,0.0001,0,0,0,0,0,0,0,0,0,0.0001,0.0001
Liechtenstein,IPPU,Emissions (N2O),kilotonnes,0.0015,0.0016,0.0016,0.0015,0.0016,0.0014,0.0015,0.0015,0.0017,0.0016,0.0018,0.0017,0.0017,0.0017,0.0017,0.0017,0.0017,0.0017,0.0017,0.0019,0.0019
Liechtenstein,IPPU,Emissions (CO2),kilotonnes,3.21,3.25,3.21,3.43,3.51,3.62,3.35,3.45,3.46,3.42,3.74,3.57,3.46,3.43,3.54,3.7,3.69,3.67,3.67,3.59,3.58
Liechtenstein,IPPU,Emissions (CO2eq) from F-gases (AR5),kilotonnes,7.3173,8.3571,9.1734,9.6301,10.6893,10.9808,12.73,13.5074,14.382,14.5763,14.8678,15.6452,13.313,50.0454,37.8984,21.2814,15.8396,22.7391,27.9865,22.7391,23.3221
Liechtenstein,IPPU,Emissions (CO2eq) from CH4 (AR5),kilotonnes,0.001,0.0011,0.0011,0.0011,0.0012,0.0012,0.0013,0.0014,0.0014,0.0014,0.0014,0.0014,0.0014,0.0014,0.0014,0.0014,0.0014,0.0014,0.0014,0.0015,0.0015
Liechtenstein,IPPU,Emissions (CO2eq) from N2O (AR5),kilotonnes,0.4081,0.4161,0.4293,0.4028,0.4134,0.3763,0.3949,0.3922,0.4399,0.4161,0.4717,0.4452,0.4611,0.4611,0.4611,0.4611,0.4611,0.4585,0.4585,0.4982,0.5088
Liechtenstein,IPPU,Emissions (CO2eq) (AR5),kilotonnes,10.9365,12.0242,12.8137,13.464,14.6139,14.9784,16.4761,17.3509,18.2833,18.4138,19.0809,19.6618,17.2355,53.9378,41.9009,25.4439,19.9921,26.8689,32.1163,26.8287,27.4124
Liechtenstein,Waste,Emissions (CH4),kilotonnes,0.165,0.165,0.163,0.153,0.156,0.153,0.149,0.15,0.137,0.0849,0.0838,0.086,0.0851,0.0843,0.0879,0.0855,0.0866,0.088,0.0867,0.0874,0.0876
Liechtenstein,Waste,Emissions (N2O),kilotonnes,0.003,0.003,0.0031,0.0031,0.0031,0.0031,0.003,0.0031,0.0031,0.0031,0.0031,0.0031,0.0031,0.0031,0.0031,0.003,0.0032,0.0031,0.0031,0.0032,0.0032
Liechtenstein,Waste,Emissions (CO2),kilotonnes,0.067,0.0628,0.0584,0.0566,0.0552,0.0538,0.0537,0.0516,0.0505,0.0479,0.0468,0.0457,0.0452,0.0445,0.0435,0.043,0.0423,0.0412,0.0403,0.039,0.0401
Liechtenstein,Waste,Emissions (CO2eq) from CH4 (AR5),kilotonnes,4.62,4.62,4.564,4.284,4.368,4.284,4.172,4.2,3.836,2.3772,2.3464,2.408,2.3828,2.3604,2.4612,2.394,2.4248,2.464,2.4276,2.4472,2.4528
Liechtenstein,Waste,Emissions (CO2eq) from N2O (AR5),kilotonnes,0.7924,0.8056,0.8162,0.8136,0.8109,0.8083,0.8056,0.8083,0.8136,0.8189,0.8162,0.8189,0.8162,0.8215,0.8136,0.8056,0.8348,0.8295,0.8162,0.8374,0.8348
Liechtenstein,Waste,Emissions (CO2eq) (AR5),kilotonnes,5.4794,5.4884,5.4386,5.1542,5.2341,5.146,5.0313,5.0598,4.7001,3.2439,3.2094,3.2725,3.2442,3.2264,3.3182,3.2426,3.3018,3.3346,3.2841,3.3236,3.3276
Liechtenstein,Other,Emissions (N2O),kilotonnes,0.0031,0.0031,0.0029,0.0029,0.0028,0.0027,0.0026,0.0025,0.0025,0.0024,0.0024,0.0022,0.0022,0.0022,0.002,0.0019,0.0019,0.0019,0.0018,0.0017,0.0016
Liechtenstein,Other,Emissions (CO2eq) from N2O (AR5),kilotonnes,0.8295,0.8109,0.7685,0.7553,0.7341,0.7155,0.6996,0.6731,0.6705,0.6386,0.6334,0.5777,0.583,0.5804,0.53,0.5062,0.5062,0.4929,0.4717,0.4479,0.4267
Liechtenstein,Other,Emissions (CO2eq) (AR5),kilotonnes,0.8295,0.8109,0.7685,0.7553,0.7341,0.7155,0.6996,0.6731,0.6705,0.6386,0.6334,0.5777,0.583,0.5804,0.53,0.5062,0.5062,0.4929,0.4717,0.4479,0.4267
Liechtenstein,Farm-gate emissions,Emissions (CH4),kilotonnes,0.0001,0.0001,0.0001,0.0001,0.0002,0.0002,0.0002,0.0002,0.0002,0.0001,0.0001,0.0001,0.0001,0.0001,0.0001,0.0001,0.0001,0.0001,0.0001,0.0001,0.0001
Liechtenstein,Farm-gate emissions,Emissions (N2O),kilotonnes,0,0,0,0,0,0,0,0,0,0,0,0,0,0,0,0,0,0,0,0,0
Liechtenstein,Farm-gate emissions,Emissions (CO2),kilotonnes,1.5599,1.7302,1.759,1.8678,1.9575,2.029,2.0598,2.0186,2.0999,1.6743,1.7804,1.6163,1.66,1.7735,1.4729,1.5789,1.5585,1.6365,1.5356,1.5481,1.5481
Liechtenstein,Farm-gate emissions,Emissions (CO2eq) from CH4 (AR5),kilotonnes,0.0035,0.0038,0.0039,0.0041,0.0043,0.0045,0.0046,0.0045,0.0047,0.0037,0.004,0.0036,0.0037,0.0039,0.0033,0.0035,0.0035,0.0036,0.0034,0.0034,0.0034
Liechtenstein,Farm-gate emissions,Emissions (CO2eq) from N2O (AR5),kilotonnes,0.0007,0.0007,0.0007,0.0008,0.0008,0.0009,0.0009,0.0008,0.0009,0.0007,0.0007,0.0007,0.0007,0.0007,0.0006,0.0007,0.0007,0.0007,0.0006,0.0007,0.0007
Liechtenstein,Farm-gate emissions,Emissions (CO2eq) (AR5),kilotonnes,1.564,1.7348,1.7636,1.8727,1.9626,2.0343,2.0652,2.0239,2.1055,1.6787,1.7851,1.6205,1.6644,1.7782,1.4768,1.5831,1.5626,1.6408,1.5396,1.5522,1.5522
Liechtenstein,Land Use change,Emissions (CO2),kilotonnes,11.8279,0.0432,0.0432,0.0432,0.0432,0.0432,0.0432,0.0432,0.0432,0.0432,0.0432,0,0,0,0,0,0,0,0,0,0
Liechtenstein,Land Use change,Emissions (CO2eq) (AR5),kilotonnes,11.8279,0.0432,0.0432,0.0432,0.0432,0.0432,0.0432,0.0432,0.0432,0.0432,0.0432,0,0,0,0,0,0,0,0,0,0
Liechtenstein,Emissions on agricultural land,Emissions (CH4),kilotonnes,0.0001,0.0001,0.0001,0.0001,0.0002,0.0002,0.0002,0.0002,0.0002,0.0001,0.0001,0.0001,0.0001,0.0001,0.0001,0.0001,0.0001,0.0001,0.0001,0.0001,0.0001
Liechtenstein,Emissions on agricultural land,Emissions (N2O),kilotonnes,0,0,0,0,0,0,0,0,0,0,0,0,0,0,0,0,0,0,0,0,0
Liechtenstein,Emissions on agricultural land,Emissions (CO2),kilotonnes,13.3878,1.7734,1.8022,1.911,2.0007,2.0722,2.103,2.0618,2.1431,1.7175,1.8236,1.6163,1.66,1.7735,1.4729,1.5789,1.5585,1.6365,1.5356,1.5481,1.5481
Liechtenstein,Emissions on agricultural land,Emissions (CO2eq) from CH4 (AR5),kilotonnes,0.0035,0.0038,0.0039,0.0041,0.0043,0.0045,0.0046,0.0045,0.0047,0.0037,0.004,0.0036,0.0037,0.0039,0.0033,0.0035,0.0035,0.0036,0.0034,0.0034,0.0034
Liechtenstein,Emissions on agricultural land,Emissions (CO2eq) from N2O (AR5),kilotonnes,0.0007,0.0007,0.0007,0.0008,0.0008,0.0009,0.0009,0.0008,0.0009,0.0007,0.0007,0.0007,0.0007,0.0007,0.0006,0.0007,0.0007,0.0007,0.0006,0.0007,0.0007
Liechtenstein,Emissions on agricultural land,Emissions (CO2eq) (AR5),kilotonnes,13.3919,1.778,1.8069,1.9159,2.0058,2.0775,2.1084,2.0671,2.1487,1.7219,1.8283,1.6205,1.6644,1.7782,1.4768,1.5831,1.5626,1.6408,1.5396,1.5522,1.5522
Liechtenstein,Pre- and post- production,Emissions (CH4),kilotonnes,0.2558,0.2575,0.259,0.2605,0.262,0.2634,0.2648,0.2662,0.2676,0.2687,0.2698,0.2712,0.2722,0.2735,0.2746,0.2755,0.2762,0.2768,0.2774,0.2778,0.2383
Liechtenstein,Pre- and post- production,Emissions (N2O),kilotonnes,0,0,0,0,0,0,0,0,0,0,0,0,0,0,0,0,0,0,0,0,0
Liechtenstein,Pre- and post- production,Emissions (CO2),kilotonnes,0.8083,0.8084,0.8113,0.8162,0.8206,0.8228,0.8261,0.8313,0.835,0.8305,0.8351,0.8396,0.8377,0.8436,0.8451,0.8429,0.8427,0.8441,0.8453,0.8438,0
Liechtenstein,Pre- and post- production,Emissions (CO2eq) from CH4 (AR5),kilotonnes,7.1638,7.2087,7.2519,7.2944,7.337,7.376,7.4144,7.4538,7.4935,7.5222,7.5553,7.5938,7.623,7.6572,7.6896,7.714,7.7336,7.7515,7.7675,7.7791,6.6731
Liechtenstein,Pre- and post- production,Emissions (CO2eq) from N2O (AR5),kilotonnes,0,0,0,0,0,0,0,0,0,0,0,0,0,0,0,0,0,0,0,0,0
Liechtenstein,Pre- and post- production,Emissions (CO2eq) (AR5),kilotonnes,7.9721,8.0172,8.0631,8.1106,8.1576,8.1988,8.2405,8.2851,8.3285,8.3528,8.3904,8.4334,8.4607,8.5008,8.5348,8.5569,8.5763,8.5956,8.6128,8.623,6.6731
Liechtenstein,Agri-food systems,Emissions (CH4),kilotonnes,0.256,0.2576,0.2591,0.2607,0.2622,0.2636,0.265,0.2664,0.2678,0.2688,0.27,0.2713,0.2724,0.2736,0.2747,0.2756,0.2763,0.277,0.2775,0.2779,0.2384
Liechtenstein,Agri-food systems,Emissions (N2O),kilotonnes,0,0,0,0,0,0,0,0,0,0,0,0,0,0,0,0,0,0,0,0,0
Liechtenstein,Agri-food systems,Emissions (CO2),kilotonnes,14.1961,2.5818,2.6135,2.7272,2.8213,2.8949,2.9291,2.8931,2.9782,2.548,2.6587,2.4559,2.4977,2.6172,2.3181,2.4218,2.4012,2.4806,2.3809,2.392,1.5481
Liechtenstein,Agri-food systems,Emissions (CO2eq) from CH4 (AR5),kilotonnes,7.1672,7.2126,7.2558,7.2985,7.3413,7.3805,7.419,7.4583,7.4981,7.5259,7.5593,7.5974,7.6266,7.6611,7.6929,7.7175,7.7371,7.7552,7.7709,7.7826,6.6766
Liechtenstein,Agri-food systems,Emissions (CO2eq) from N2O (AR5),kilotonnes,0.0007,0.0007,0.0007,0.0008,0.0008,0.0009,0.0009,0.0008,0.0009,0.0007,0.0007,0.0007,0.0007,0.0007,0.0006,0.0007,0.0007,0.0007,0.0006,0.0007,0.0007
Liechtenstein,Agri-food systems,Emissions (CO2eq) (AR5),kilotonnes,21.364,9.7951,9.87,10.0265,10.1634,10.2763,10.349,10.3523,10.4772,10.0747,10.2187,10.0539,10.125,10.279,10.0116,10.14,10.1389,10.2365,10.1525,10.1752,8.2253
Liechtenstein,IPCC Agriculture,Emissions (CH4),kilotonnes,0,0,0,0,0,0,0,0,0,0,0,0,0,0,0,0,0,0,0,0,0
Liechtenstein,IPCC Agriculture,Emissions (CH4),kilotonnes,0.5652,0.6001,0.6057,0.61,0.6122,0.6298,0.6631,0.6741,0.6788,0.6775,0.6544,0.6702,0.6869,0.6534,0.6665,0.6581,0.6635,0.6428,0.6538,0.6792,0.6873
Liechtenstein,IPCC Agriculture,Emissions (N2O),kilotonnes,0,0,0,0,0,0,0,0,0,0,0,0,0,0,0,0,0,0,0,0,0
Liechtenstein,IPCC Agriculture,Emissions (N2O),kilotonnes,0.0226,0.0232,0.0239,0.0241,0.0239,0.0244,0.0251,0.0253,0.0256,0.0254,0.0246,0.0258,0.0254,0.0244,0.0246,0.0247,0.0243,0.0241,0.0247,0.0251,0.025
Liechtenstein,IPCC Agriculture,Emissions (CO2),kilotonnes,0.045,0.0447,0.0483,0.0474,0.0456,0.046,0.0451,0.0447,0.047,0.0448,0.0429,0.0495,0.044,0.0426,0.0413,0.047,0.0423,0.0443,0.0482,0.0452,0.0402
Liechtenstein,IPCC Agriculture,Emissions (CO2eq) from CH4 (AR5),kilotonnes,0,0,0,0,0,0,0,0,0,0,0,0,0,0,0,0,0,0,0,0,0
Liechtenstein,IPCC Agriculture,Emissions (CO2eq) from CH4 (AR5),kilotonnes,15.8253,16.8036,16.9602,17.0809,17.1429,17.6351,18.5679,18.8744,19.007,18.9689,18.3228,18.7669,19.2335,18.2964,18.6612,18.4281,18.577,17.9989,18.3062,19.0165,19.2456
Liechtenstein,IPCC Agriculture,Emissions (CO2eq) from N2O (AR5),kilotonnes,0,0,0,0,0,0,0,0,0,0,0,0,0,0,0,0,0,0,0,0,0
Liechtenstein,IPCC Agriculture,Emissions (CO2eq) from N2O (AR5),kilotonnes,5.9926,6.1348,6.3451,6.3845,6.3231,6.4746,6.6383,6.7141,6.7904,6.7236,6.5153,6.8449,6.7179,6.4655,6.5178,6.5507,6.445,6.3808,6.5353,6.6501,6.6192
Liechtenstein,IPCC Agriculture,Emissions (CO2eq) (AR5),kilotonnes,0,0,0,0,0,0,0,0,0,0,0,0,0,0,0,0,0,0,0,0,0
Liechtenstein,IPCC Agriculture,Emissions (CO2eq) (AR5),kilotonnes,21.8629,22.983,23.3536,23.5128,23.5116,24.1558,25.2514,25.6332,25.8444,25.7373,24.881,25.6613,25.9954,24.8045,25.2204,25.0258,25.0643,24.4241,24.8897,25.7119,25.9051
Liechtenstein,Agricultural Soils,Direct emissions (N2O),kilotonnes,0.0139,0.0142,0.0147,0.0148,0.0146,0.0148,0.015,0.0151,0.0153,0.015,0.0146,0.0155,0.015,0.0145,0.0146,0.0148,0.0146,0.0145,0.0149,0.015,0.0149
Liechtenstein,Agricultural Soils,Indirect emissions (N2O),kilotonnes,0.0047,0.0047,0.0048,0.0049,0.0048,0.0049,0.0051,0.0052,0.0052,0.0051,0.0049,0.0051,0.005,0.0048,0.0048,0.0048,0.0047,0.0046,0.0048,0.0049,0.0048
Liechtenstein,Agricultural Soils,Emissions (N2O),kilotonnes,0,0,0,0,0,0,0,0,0,0,0,0,0,0,0,0,0,0,0,0,0
Liechtenstein,Agricultural Soils,Emissions (N2O),kilotonnes,0.0186,0.019,0.0196,0.0196,0.0194,0.0198,0.0202,0.0203,0.0205,0.0201,0.0194,0.0206,0.02,0.0193,0.0194,0.0196,0.0192,0.0191,0.0196,0.0199,0.0198
Liechtenstein,Agricultural Soils,Emissions (CO2eq) from N2O (AR5),kilotonnes,0,0,0,0,0,0,0,0,0,0,0,0,0,0,0,0,0,0,0,0,0
Liechtenstein,Agricultural Soils,Emissions (CO2eq) from N2O (AR5),kilotonnes,4.9239,5.0265,5.1829,5.2057,5.1441,5.2346,5.3451,5.3878,5.4286,5.3385,5.1526,5.4517,5.3048,5.1149,5.1483,5.2049,5.0993,5.062,5.1967,5.2618,5.2359
Liechtenstein,Agricultural Soils,Emissions (CO2eq) (AR5),kilotonnes,0,0,0,0,0,0,0,0,0,0,0,0,0,0,0,0,0,0,0,0,0
Liechtenstein,Agricultural Soils,Emissions (CO2eq) (AR5),kilotonnes,4.9239,5.0265,5.1829,5.2057,5.1441,5.2346,5.3451,5.3878,5.4286,5.3385,5.1526,5.4517,5.3048,5.1149,5.1483,5.2049,5.0993,5.062,5.1967,5.2618,5.2359
Liechtenstein,LULUCF,Emissions (CH4),kilotonnes,0,0,0,0,0,0,0,0,0,0,0,0,0,0,0,0,0,0,0,0,0
Liechtenstein,LULUCF,Emissions (CH4),kilotonnes,,,,,,,,,,,,,,,,,,,,,
Liechtenstein,LULUCF,Emissions (N2O),kilotonnes,0,0,0,0,0,0,0,0,0,0,0,0,0,0,0,0,0,0,0,0,0
Liechtenstein,LULUCF,Emissions (N2O),kilotonnes,0.0012,0.0012,0.0012,0.0013,0.0013,0.0013,0.0013,0.0014,0.0014,0.0014,0.0014,0.0014,0.0014,0.0014,0.0014,0.0014,0.0014,0.0014,0.0014,0.0013,
Liechtenstein,LULUCF,Emissions (CO2),kilotonnes,22.5654,29.2249,29.2249,29.2249,29.2249,29.2249,29.2249,29.2249,29.2249,29.2249,29.2249,-0.0794,-0.0794,-0.0794,-0.0794,-0.0794,0,0,0,0,0
Liechtenstein,LULUCF,Emissions (CO2),kilotonnes,24.171,1.2439,2.1505,6.1464,8.3134,8.3672,13.1492,22.2071,24.3212,21.3791,19.9538,23.6731,23.9435,16.4901,16.4081,11.1294,9.3479,10.6513,21.3378,11.3616,
Liechtenstein,LULUCF,Emissions (CO2eq) from CH4 (AR5),kilotonnes,0,0,0,0,0,0,0,0,0,0,0,0,0,0,0,0,0,0,0,0,0
Liechtenstein,LULUCF,Emissions (CO2eq) from N2O (AR5),kilotonnes,0,0,0,0,0,0,0,0,0,0,0,0,0,0,0,0,0,0,0,0,0
Liechtenstein,LULUCF,Emissions (CO2eq) (AR5),kilotonnes,22.5654,29.2249,29.2249,29.2249,29.2249,29.2249,29.2249,29.2249,29.2249,29.2249,29.2249,-0.0794,-0.0794,-0.0794,-0.0794,-0.0794,0,0,0,0,0
Liechtenstein,LULUCF,Emissions (CO2eq) (AR5),kilotonnes,24.171,1.2439,2.1505,6.1464,8.3134,8.3672,13.1492,22.2071,24.3212,21.3791,19.9538,23.6731,23.9435,16.4901,16.4081,11.1294,9.3479,10.6513,21.3378,11.3616,
Liechtenstein,AFOLU,Emissions (CH4),kilotonnes,0,0,0,0,0,0,0,0,0,0,0,0,0,0,0,0,0,0,0,0,0
Liechtenstein,AFOLU,Emissions (N2O),kilotonnes,0,0,0,0,0,0,0,0,0,0,0,0,0,0,0,0,0,0,0,0,0
Liechtenstein,AFOLU,Emissions (CO2),kilotonnes,22.5654,29.2249,29.2249,29.2249,29.2249,29.2249,29.2249,29.2249,29.2249,29.2249,29.2249,-0.0794,-0.0794,-0.0794,-0.0794,-0.0794,0,0,0,0,0
Liechtenstein,AFOLU,Emissions (CO2eq) from CH4 (AR5),kilotonnes,0,0,0,0,0,0,0,0,0,0,0,0,0,0,0,0,0,0,0,0,0
Liechtenstein,AFOLU,Emissions (CO2eq) from N2O (AR5),kilotonnes,0,0,0,0,0,0,0,0,0,0,0,0,0,0,0,0,0,0,0,0,0
Liechtenstein,AFOLU,Emissions (CO2eq) (AR5),kilotonnes,22.5654,29.2249,29.2249,29.2249,29.2249,29.2249,29.2249,29.2249,29.2249,29.2249,29.2249,-0.0794,-0.0794,-0.0794,-0.0794,-0.0794,0,0,0,0,0
Liechtenstein,All sectors with LULUCF,Emissions (CH4),kilotonnes,0.2534,0.2548,0.2516,0.2443,0.2521,0.257,0.257,0.261,0.2581,0.212,0.2168,0.214,0.2191,0.2293,0.2359,0.2465,0.2386,0.241,0.2387,0.2415,0.2017
Liechtenstein,All sectors with LULUCF,Emissions (N2O),kilotonnes,0.0143,0.0142,0.0139,0.0136,0.0133,0.0129,0.0128,0.0126,0.0127,0.0123,0.0124,0.0119,0.012,0.012,0.0116,0.0114,0.0116,0.0114,0.0114,0.0115,0.0111
Liechtenstein,All sectors with LULUCF,Emissions (CO2),kilotonnes,219.8424,237.5377,238.4933,238.7115,237.7901,239.8987,246.6286,208.7265,230.7354,229.6928,197.0117,162.5363,167.4258,181.3951,148.5041,148.6636,132.7323,143.7112,131.7103,137.629,130.6201
Liechtenstein,All sectors with LULUCF,Emissions (CO2eq) from F-gases (AR5),kilotonnes,7.3173,8.3571,9.1734,9.6301,10.6893,10.9808,12.73,13.5074,14.382,14.5763,14.8678,15.6452,13.313,50.0454,37.8984,21.2814,15.8396,22.7391,27.9865,22.7391,23.3221
Liechtenstein,All sectors with LULUCF,Emissions (CO2eq) from CH4 (AR5),kilotonnes,7.0962,7.1355,7.0459,6.8415,7.06,7.1972,7.1973,7.3094,7.2254,5.9346,6.0718,5.9934,6.1362,6.4218,6.6066,6.9034,6.6822,6.7494,6.685,6.7607,5.6463
Liechtenstein,All sectors with LULUCF,Emissions (CO2eq) from N2O (AR5),kilotonnes,3.7948,3.7603,3.6729,3.6067,3.5324,3.4291,3.4026,3.3284,3.3735,3.2648,3.2939,3.1402,3.18,3.1879,3.0687,3.021,3.066,3.029,3.0183,3.0475,2.9442
Liechtenstein,All sectors with LULUCF,Emissions (CO2eq) (AR5),kilotonnes,238.0508,256.7906,258.3855,258.7898,259.0719,261.5059,269.9585,232.8717,255.7162,253.4685,221.2453,187.3151,190.055,241.0502,196.0778,179.8694,158.3201,176.2286,169.4001,170.1762,162.5327
Liechtenstein,All sectors without LULUCF,Emissions (CH4),kilotonnes,0.2534,0.2548,0.2516,0.2443,0.2521,0.257,0.257,0.261,0.2581,0.212,0.2168,0.214,0.2191,0.2293,0.2359,0.2465,0.2386,0.241,0.2387,0.2415,0.2017
Liechtenstein,All sectors without LULUCF,Emissions (N2O),kilotonnes,0.0143,0.0142,0.0139,0.0136,0.0133,0.0129,0.0128,0.0126,0.0127,0.0123,0.0124,0.0119,0.012,0.012,0.0116,0.0114,0.0116,0.0114,0.0114,0.0115,0.0111
Liechtenstein,All sectors without LULUCF,Emissions (CO2),kilotonnes,197.277,208.3128,209.2684,209.4866,208.5652,210.6738,217.4037,179.5016,201.5105,200.4679,167.7868,162.6157,167.5052,181.4745,148.5835,148.743,132.7323,143.7112,131.7103,137.629,130.6201
Liechtenstein,All sectors without LULUCF,Emissions (CO2eq) from F-gases (AR5),kilotonnes,7.3173,8.3571,9.1734,9.6301,10.6893,10.9808,12.73,13.5074,14.382,14.5763,14.8678,15.6452,13.313,50.0454,37.8984,21.2814,15.8396,22.7391,27.9865,22.7391,23.3221
Liechtenstein,All sectors without LULUCF,Emissions (CO2eq) from CH4 (AR5),kilotonnes,7.0962,7.1355,7.0459,6.8415,7.06,7.1972,7.1973,7.3094,7.2254,5.9346,6.0718,5.9934,6.1362,6.4218,6.6066,6.9034,6.6822,6.7494,6.685,6.7607,5.6463
Liechtenstein,All sectors without LULUCF,Emissions (CO2eq) from N2O (AR5),kilotonnes,3.7948,3.7603,3.6729,3.6067,3.5324,3.4291,3.4026,3.3284,3.3735,3.2648,3.2939,3.1402,3.18,3.188,3.0687,3.021,3.0661,3.029,3.0183,3.0475,2.9442
Liechtenstein,All sectors without LULUCF,Emissions (CO2eq) (AR5),kilotonnes,215.4854,227.5657,229.1605,229.5649,229.8469,232.281,240.7336,203.6467,226.4913,224.2436,192.0204,187.3946,190.1344,241.1296,196.1572,179.9488,158.3201,176.2286,169.4001,170.1762,162.5327
Lithuania,Crop Residues,Direct emissions (N2O),kilotonnes,0.5635,0.4908,0.5308,0.5211,0.544,0.5472,0.3876,0.5628,0.6268,0.6771,0.5206,0.5985,0.821,0.7849,0.9185,1.1027,0.9588,0.9598,0.7597,0.9526,1.1711
Lithuania,Crop Residues,Direct emissions (N2O),kilotonnes,0.5924,0.523,0.5361,0.5236,0.5407,0.5681,0.3686,0.6282,0.6681,0.7493,0.643,0.7873,0.9881,0.9166,1.097,1.242,1.1828,1.2199,0.9232,1.0758,1.3637
Lithuania,Crop Residues,Indirect emissions (N2O),kilotonnes,0.1268,0.1104,0.1194,0.1172,0.1224,0.1231,0.0872,0.1266,0.141,0.1523,0.1171,0.1347,0.1847,0.1766,0.2067,0.2481,0.2157,0.216,0.1709,0.2143,0.2635
Lithuania,Crop Residues,Emissions (N2O),kilotonnes,0.6902,0.6012,0.6502,0.6383,0.6664,0.6703,0.4749,0.6894,0.7678,0.8294,0.6377,0.7332,1.0057,0.9616,1.1251,1.3508,1.1746,1.1757,0.9306,1.1669,1.4346
Lithuania,Crop Residues,Emissions (N2O),kilotonnes,0.5924,0.523,0.5361,0.5236,0.5407,0.5681,0.3686,0.6282,0.6681,0.7493,0.643,0.7873,0.9881,0.9166,1.097,1.242,1.1828,1.2199,0.9232,1.0758,1.3637
Lithuania,Crop Residues,Emissions (CO2eq) from N2O (AR5),kilotonnes,182.9137,159.3207,172.3037,169.1461,176.6022,177.6376,125.8382,182.6832,203.4626,219.7997,168.988,194.2903,266.5192,254.8117,298.1566,357.9512,311.2614,311.5728,246.6187,309.235,380.1735
Lithuania,Crop Residues,Emissions (CO2eq) from N2O (AR5),kilotonnes,156.9818,138.6024,142.0578,138.7451,143.2819,150.5414,97.6823,166.4746,177.0426,198.5706,170.4006,208.6269,261.8428,242.8955,290.6945,329.1298,313.4367,323.2788,244.6543,285.093,361.386
Lithuania,Crop Residues,Emissions (CO2eq) (AR5),kilotonnes,182.9137,159.3207,172.3037,169.1461,176.6022,177.6376,125.8382,182.6832,203.4626,219.7997,168.988,194.2903,266.5192,254.8117,298.1566,357.9512,311.2614,311.5728,246.6187,309.235,380.1735
Lithuania,Crop Residues,Emissions (CO2eq) (AR5),kilotonnes,156.9818,138.6024,142.0578,138.7451,143.2819,150.5414,97.6823,166.4746,177.0426,198.5706,170.4006,208.6269,261.8428,242.8955,290.6945,329.1298,313.4367,323.2788,244.6543,285.093,361.386
Lithuania,Burning - Crop residues,Emissions (CH4),kilotonnes,0.4153,0.3931,0.3697,0.3707,0.3873,0.4034,0.3767,0.3975,0.4563,0.5549,0.5782,0.6211,0.712,0.7672,0.8159,0.9347,0.9845,0.9037,0.8709,1.0019,1.0195
Lithuania,Burning - Crop residues,Emissions (N2O),kilotonnes,0.0108,0.0102,0.0096,0.0096,0.01,0.0105,0.0098,0.0103,0.0118,0.0144,0.015,0.0161,0.0185,0.0199,0.0212,0.0242,0.0255,0.0234,0.0226,0.026,0.0264
Lithuania,Burning - Crop residues,Emissions (CO2eq) from CH4 (AR5),kilotonnes,11.6287,11.0055,10.3527,10.3799,10.8441,11.2946,10.5477,11.1313,12.7764,15.5358,16.189,17.391,19.9357,21.4825,22.8463,26.1712,27.5668,25.3039,24.3845,28.0532,28.5469
Lithuania,Burning - Crop residues,Emissions (CO2eq) from N2O (AR5),kilotonnes,2.8533,2.7004,2.5402,2.5469,2.6608,2.7714,2.5881,2.7313,3.135,3.812,3.9723,4.2672,4.8916,5.2712,5.6058,6.4216,6.7641,6.2088,5.9832,6.8834,7.0046
Lithuania,Burning - Crop residues,Emissions (CO2eq) (AR5),kilotonnes,14.4821,13.706,12.8929,12.9268,13.5049,14.066,13.1358,13.8626,15.9113,19.3478,20.1613,21.6583,24.8274,26.7537,28.4521,32.5928,34.3308,31.5127,30.3677,34.9366,35.5514
Lithuania,Enteric Fermentation,Emissions (CH4),kilotonnes,82.1448,71.8107,72.201,74.0405,75.7513,74.2473,73.9775,75.6073,71.3442,69.0156,67.264,66.6583,65.6547,63.4492,62.0376,63.2845,61.8054,59.4112,55.1347,52.9775,52.1196
Lithuania,Enteric Fermentation,Emissions (CH4),kilotonnes,68.6154,64.1582,65.4317,67.4744,68.4354,67.8805,69.1612,69.927,68.428,67.0958,65.9964,65.2647,64.6712,63.431,65.0442,65.3726,63.3811,61.4909,60.5297,59.3248,57.8161
Lithuania,Enteric Fermentation,Emissions (CO2eq) from CH4 (AR5),kilotonnes,2300.0558,2010.6996,2021.628,2073.1346,2121.0354,2078.9232,2071.3712,2117.003,1997.6376,1932.4354,1883.3909,1866.4318,1838.3313,1776.5783,1737.0528,1771.9649,1730.5506,1663.5135,1543.7715,1483.3703,1459.3501
Lithuania,Enteric Fermentation,Emissions (CO2eq) from CH4 (AR5),kilotonnes,1921.23,1796.4306,1832.0864,1889.2836,1916.1918,1900.6539,1936.5126,1957.9554,1915.9828,1878.6829,1847.8986,1827.4118,1810.7946,1776.068,1821.2382,1830.432,1774.6699,1721.744,1694.8305,1661.094,1618.8503
Lithuania,Enteric Fermentation,Emissions (CO2eq) (AR5),kilotonnes,2300.0558,2010.6996,2021.628,2073.1346,2121.0354,2078.9232,2071.3712,2117.003,1997.6376,1932.4354,1883.3909,1866.4318,1838.3313,1776.5783,1737.0528,1771.9649,1730.5506,1663.5135,1543.7715,1483.3703,1459.3501
Lithuania,Enteric Fermentation,Emissions (CO2eq) (AR5),kilotonnes,1921.23,1796.4306,1832.0864,1889.2836,1916.1918,1900.6539,1936.5126,1957.9554,1915.9828,1878.6829,1847.8986,1827.4118,1810.7946,1776.068,1821.2382,1830.432,1774.6699,1721.744,1694.8305,1661.094,1618.8503
Lithuania,Manure Management,Emissions (CH4),kilotonnes,18.986,17.3522,18.3259,18.8703,19.0647,18.9878,19.1383,19.2981,17.4436,16.7329,16.615,16.6453,15.5021,15.1235,14.533,14.4421,13.9532,13.464,12.2113,11.7865,11.8312
Lithuania,Manure Management,Emissions (CH4),kilotonnes,11.6361,11.4407,12.1427,12.5257,12.4915,12.675,12.9482,12.4922,11.8727,11.7124,11.7408,11.6171,11.4981,11.5005,11.4031,11.4347,10.4988,9.9607,9.514,9.177,9.2655
Lithuania,Manure Management,Emissions (N2O),kilotonnes,0.7646,0.6808,0.6989,0.718,0.733,0.7235,0.7254,0.7361,0.6875,0.6621,0.6502,0.6479,0.6254,0.6071,0.5915,0.5981,0.5803,0.5601,0.5175,0.5035,0.4997
Lithuania,Manure Management,Emissions (N2O),kilotonnes,0.6645,0.6397,0.6647,0.6911,0.7034,0.707,0.7249,0.7151,0.6866,0.6733,0.6696,0.6603,0.6576,0.6595,0.6816,0.6951,0.6711,0.6547,0.6371,0.6109,0.6027
Lithuania,Manure Management,Emissions (CO2eq) from CH4 (AR5),kilotonnes,531.6068,485.8624,513.1244,528.369,533.8127,531.6596,535.8716,540.3466,488.4209,468.5201,465.2198,466.0694,434.0597,423.4588,406.9234,404.3801,390.6896,376.9927,341.9168,330.021,331.2739
Lithuania,Manure Management,Emissions (CO2eq) from CH4 (AR5),kilotonnes,325.8115,320.3386,339.9956,350.7185,349.7625,354.9014,362.5498,349.7807,332.4351,327.9478,328.7434,325.2778,321.9473,322.0134,319.2861,320.1714,293.9669,278.9003,266.3919,256.9552,259.4346
Lithuania,Manure Management,Emissions (CO2eq) from N2O (AR5),kilotonnes,202.6125,180.4087,185.2019,190.2681,194.2499,191.7343,192.2265,195.0628,182.1827,175.4612,172.3107,171.6939,165.7363,160.8827,156.746,158.4926,153.7853,148.4325,137.1452,133.4393,132.4183
Lithuania,Manure Management,Emissions (CO2eq) from N2O (AR5),kilotonnes,176.0898,169.5237,176.152,183.1489,186.4027,187.3645,192.1005,189.4916,181.9504,178.42,177.4557,174.9697,174.2697,174.7615,180.6177,184.206,177.8544,173.4981,168.8357,161.8879,159.7167
Lithuania,Manure Management,Emissions (CO2eq) (AR5),kilotonnes,734.2193,666.2711,698.3264,718.6372,728.0627,723.3939,728.0981,735.4094,670.6036,643.9813,637.5306,637.7633,599.796,584.3415,563.6694,562.8727,544.4749,525.4252,479.062,463.4603,463.6923
Lithuania,Manure Management,Emissions (CO2eq) (AR5),kilotonnes,501.9012,489.8623,516.1476,533.8674,536.1653,542.2659,554.6503,539.2723,514.3856,506.3678,506.1991,500.2475,496.217,496.7749,499.9038,504.3774,471.8213,452.3985,435.2276,418.8431,419.1513
Lithuania,Manure left on Pasture,Direct emissions (N2O),kilotonnes,0.5796,0.4951,0.4954,0.5078,0.528,0.5178,0.5198,0.5381,0.5081,0.4952,0.4843,0.478,0.4734,0.4597,0.4501,0.4643,0.4594,0.446,0.4203,0.4054,0.398
Lithuania,Manure left on Pasture,Indirect emissions (N2O),kilotonnes,0.1338,0.1149,0.1146,0.1167,0.1218,0.1199,0.1202,0.1241,0.1174,0.1145,0.1117,0.1102,0.1083,0.1055,0.1033,0.1069,0.1068,0.1046,0.099,0.0951,0.0928
Lithuania,Manure left on Pasture,Emissions (N2O),kilotonnes,0.7134,0.6099,0.61,0.6245,0.6498,0.6377,0.64,0.6623,0.6256,0.6097,0.596,0.5882,0.5817,0.5652,0.5535,0.5712,0.5663,0.5506,0.5193,0.5005,0.4908
Lithuania,Manure left on Pasture,Emissions (CO2eq) from N2O (AR5),kilotonnes,189.0443,161.6295,161.6432,165.4994,172.1866,168.9815,169.5908,175.5042,165.7709,161.563,157.9295,155.8778,154.1591,149.7798,146.6658,151.3754,150.0567,145.9046,137.6111,132.6341,130.0698
Lithuania,Manure left on Pasture,Emissions (CO2eq) (AR5),kilotonnes,189.0443,161.6295,161.6432,165.4994,172.1866,168.9815,169.5908,175.5042,165.7709,161.563,157.9295,155.8778,154.1591,149.7798,146.6658,151.3754,150.0567,145.9046,137.6111,132.6341,130.0698
Lithuania,Manure applied to Soils,Direct emissions (N2O),kilotonnes,0.7443,0.6607,0.6868,0.7076,0.7283,0.7219,0.7308,0.7443,0.6923,0.6675,0.6609,0.6596,0.6331,0.6174,0.6011,0.6089,0.5912,0.5748,0.5349,0.5278,0.527
Lithuania,Manure applied to Soils,Direct emissions (N2O),kilotonnes,0.462,0.4516,0.4717,0.4985,0.5212,0.5295,0.5444,0.5387,0.5229,0.5142,0.5146,0.5085,0.511,0.5171,0.5422,0.5546,0.5554,0.5495,0.5314,0.504,0.4979
Lithuania,Manure applied to Soils,Indirect emissions (N2O),kilotonnes,0.3163,0.2808,0.2919,0.3008,0.3095,0.3068,0.3106,0.3163,0.2942,0.2837,0.2809,0.2804,0.2691,0.2624,0.2555,0.2588,0.2513,0.2443,0.2273,0.2243,0.224
Lithuania,Manure applied to Soils,Emissions (N2O),kilotonnes,1.0606,0.9416,0.9786,1.0084,1.0378,1.0287,1.0414,1.0607,0.9866,0.9512,0.9417,0.94,0.9021,0.8798,0.8566,0.8677,0.8425,0.8192,0.7623,0.7522,0.7509
Lithuania,Manure applied to Soils,Emissions (N2O),kilotonnes,0.462,0.4516,0.4717,0.4985,0.5212,0.5295,0.5444,0.5387,0.5229,0.5142,0.5146,0.5085,0.511,0.5171,0.5422,0.5546,0.5554,0.5495,0.5314,0.504,0.4979
Lithuania,Manure applied to Soils,Emissions (CO2eq) from N2O (AR5),kilotonnes,281.0539,249.5149,259.3357,267.2254,275.0087,272.6063,275.9631,281.0805,261.4384,252.0578,249.5539,249.1002,239.066,233.1386,227.0027,229.942,223.2625,217.0755,202.0061,199.3239,198.9987
Lithuania,Manure applied to Soils,Emissions (CO2eq) from N2O (AR5),kilotonnes,122.4228,119.6738,124.9973,132.0937,138.1129,140.3055,144.2729,142.7656,138.5578,136.2649,136.3741,134.7632,135.4061,137.0367,143.6754,146.978,147.1746,145.6209,140.8202,133.5714,131.9565
Lithuania,Manure applied to Soils,Emissions (CO2eq) (AR5),kilotonnes,281.0539,249.5149,259.3357,267.2254,275.0087,272.6063,275.9631,281.0805,261.4384,252.0578,249.5539,249.1002,239.066,233.1386,227.0027,229.942,223.2625,217.0755,202.0061,199.3239,198.9987
Lithuania,Manure applied to Soils,Emissions (CO2eq) (AR5),kilotonnes,122.4228,119.6738,124.9973,132.0937,138.1129,140.3055,144.2729,142.7656,138.5578,136.2649,136.3741,134.7632,135.4061,137.0367,143.6754,146.978,147.1746,145.6209,140.8202,133.5714,131.9565
Lithuania,Synthetic Fertilizers,Direct emissions (N2O),kilotonnes,1.54,1.6029,1.8071,1.8229,1.8386,1.87,1.9171,1.9957,1.859,2.112,2.2503,2.31,2.4043,2.4707,2.5646,2.5585,2.518,2.6266,2.5054,2.8066,2.9194
Lithuania,Synthetic Fertilizers,Direct emissions (N2O),kilotonnes,1.54,1.6029,1.8071,1.8229,1.8386,1.87,1.9171,1.9957,1.859,2.112,2.2503,2.31,2.3571,2.4357,2.5646,2.6369,2.6636,2.7029,2.7359,2.7657,3.1271
Lithuania,Synthetic Fertilizers,Indirect emissions (N2O),kilotonnes,0.5005,0.5209,0.5873,0.5924,0.5975,0.6078,0.6231,0.6486,0.6042,0.6864,0.7313,0.7507,0.7814,0.803,0.8335,0.8315,0.8184,0.8537,0.8142,0.9122,0.9488
Lithuania,Synthetic Fertilizers,Emissions (N2O),kilotonnes,2.0405,2.1238,2.3945,2.4153,2.4361,2.4778,2.5402,2.6443,2.4632,2.7984,2.9816,3.0608,3.1857,3.2737,3.3981,3.39,3.3364,3.4803,3.3196,3.7188,3.8682
Lithuania,Synthetic Fertilizers,Emissions (N2O),kilotonnes,1.54,1.6029,1.8071,1.8229,1.8386,1.87,1.9171,1.9957,1.859,2.112,2.2503,2.31,2.3571,2.4357,2.5646,2.6369,2.6636,2.7029,2.7359,2.7657,3.1271
Lithuania,Synthetic Fertilizers,Emissions (CO2eq) from N2O (AR5),kilotonnes,540.7325,562.8032,634.533,640.0507,645.5684,656.6038,673.1568,700.7452,652.7414,741.576,790.1316,811.0987,844.2048,867.5225,900.4851,898.3498,884.1363,922.2745,879.7,985.4739,1025.0674
Lithuania,Synthetic Fertilizers,Emissions (CO2eq) from N2O (AR5),kilotonnes,408.1,424.7571,478.8929,483.0571,487.2214,495.55,508.0429,528.8643,492.635,559.68,596.3257,612.15,624.6429,645.4643,679.6114,698.7671,705.8464,716.2571,725.0021,732.9143,828.6929
Lithuania,Synthetic Fertilizers,Emissions (CO2eq) (AR5),kilotonnes,540.7325,562.8032,634.533,640.0507,645.5684,656.6038,673.1568,700.7452,652.7414,741.576,790.1316,811.0987,844.2048,867.5225,900.4851,898.3498,884.1363,922.2745,879.7,985.4739,1025.0674
Lithuania,Synthetic Fertilizers,Emissions (CO2eq) (AR5),kilotonnes,408.1,424.7571,478.8929,483.0571,487.2214,495.55,508.0429,528.8643,492.635,559.68,596.3257,612.15,624.6429,645.4643,679.6114,698.7671,705.8464,716.2571,725.0021,732.9143,828.6929
Lithuania,Drained organic soils,Emissions (CO2eq) (AR5),kilotonnes,11813.3846,11789.9078,11776.3763,11761.0457,11717.3912,11695.9158,11697.9158,11708.6677,11701.4383,11674.7449,11672.1385,11671.7173,11676.3882,11677.7193,11612.5092,11612.3524,11517.7624,11503.5434,11496.9629,11478.7328,11486.1485
Lithuania,Drained organic soils,Emissions (CO2eq) (AR5),kilotonnes,1462.0384,1388.1876,1325.7445,1271.3465,1236.2156,1217.1318,1278.9193,1349.5621,1417.3264,1461.4496,1425.0055,1420.6626,1420.1644,1414.3086,1445.3991,1448.4195,1443.6905,1469.1851,1476.6751,1471.4752,1482.457
Lithuania,Drained organic soils (CO2),Emissions (CO2),kilotonnes,9950.8978,9931.1234,9919.7273,9906.8102,9870.0365,9851.9439,9853.627,9862.6818,9856.5898,9834.1023,9831.9075,9831.5509,9835.4848,9836.6064,9781.6792,9781.5473,9701.8359,9689.8451,9684.2863,9668.9289,9675.1756
Lithuania,Drained organic soils (CO2),Emissions (CO2),kilotonnes,1032.9785,968.4947,915.5196,869.4335,839.3367,824.0869,879.7269,940.9749,999.4188,1039.7359,1005.7369,1005.7442,1002.4205,999.4554,1024.7643,1028.0002,1023.8565,1043.616,1044.026,1036.5512,1042.0786
Lithuania,Drained organic soils (CO2),Emissions (CO2eq) (AR5),kilotonnes,9950.8978,9931.1234,9919.7273,9906.8102,9870.0365,9851.9439,9853.627,9862.6818,9856.5898,9834.1023,9831.9075,9831.5509,9835.4848,9836.6064,9781.6792,9781.5473,9701.8359,9689.8451,9684.2863,9668.9289,9675.1756
Lithuania,Drained organic soils (CO2),Emissions (CO2eq) (AR5),kilotonnes,1032.9785,968.4947,915.5196,869.4335,839.3367,824.0869,879.7269,940.9749,999.4188,1039.7359,1005.7369,1005.7442,1002.4205,999.4554,1024.7643,1028.0002,1023.8565,1043.616,1044.026,1036.5512,1042.0786
Lithuania,Drained organic soils (N2O),Emissions (N2O),kilotonnes,7.0283,7.0143,7.0062,6.9971,6.9711,6.9584,6.9596,6.966,6.9617,6.9458,6.9443,6.944,6.9468,6.9476,6.9088,6.9087,6.8526,6.8441,6.8403,6.8294,6.8339
Lithuania,Drained organic soils (N2O),Emissions (N2O),kilotonnes,1.6191,1.5837,1.548,1.5167,1.4977,1.4832,1.5064,1.5418,1.577,1.5914,1.5821,1.5657,1.5764,1.5655,1.5873,1.5865,1.5843,1.6059,1.6326,1.6412,1.6618
Lithuania,Drained organic soils (N2O),Emissions (CO2eq) from N2O (AR5),kilotonnes,1862.4868,1858.7844,1856.6489,1854.2355,1847.3547,1843.9719,1844.2888,1845.9859,1844.8485,1840.6425,1840.231,1840.1664,1840.9034,1841.1129,1830.8299,1830.8051,1815.9264,1813.6982,1812.6766,1809.8039,1810.9729
Lithuania,Drained organic soils (N2O),Emissions (CO2eq) from N2O (AR5),kilotonnes,429.0599,419.6929,410.2249,401.9129,396.8789,393.0449,399.1924,408.5873,417.9076,421.7137,419.2686,414.9184,417.744,414.8532,420.6348,420.4193,419.834,425.5691,432.6491,434.924,440.3784
Lithuania,Drained organic soils (N2O),Emissions (CO2eq) (AR5),kilotonnes,1862.4868,1858.7844,1856.6489,1854.2355,1847.3547,1843.9719,1844.2888,1845.9859,1844.8485,1840.6425,1840.231,1840.1664,1840.9034,1841.1129,1830.8299,1830.8051,1815.9264,1813.6982,1812.6766,1809.8039,1810.9729
Lithuania,Drained organic soils (N2O),Emissions (CO2eq) (AR5),kilotonnes,429.0599,419.6929,410.2249,401.9129,396.8789,393.0449,399.1924,408.5873,417.9076,421.7137,419.2686,414.9184,417.744,414.8532,420.6348,420.4193,419.834,425.5691,432.6491,434.924,440.3784
Lithuania,On-farm energy use,Emissions (CH4),kilotonnes,0.0459,0.0353,0.0358,0.0356,0.0372,0.0337,0.0386,0.0359,0.0347,0.0326,0.0342,0.0345,0.0341,0.0488,0.0639,0.0629,0.0789,0.0795,0.0791,0.0822,0.0822
Lithuania,On-farm energy use,Emissions (N2O),kilotonnes,0.0401,0.0361,0.0398,0.041,0.0423,0.0459,0.046,0.0483,0.0495,0.0458,0.0508,0.0508,0.0557,0.0533,0.057,0.0521,0.0534,0.0546,0.0546,0.0542,0.0542
Lithuania,On-farm energy use,Emissions (CO2),kilotonnes,196.5489,185.4243,195.0954,194.3547,211.0464,212.4864,233.5376,242.7307,230.6578,202.5298,226.1023,227.1536,229.4788,222.7703,227.6288,211.7269,224.1218,231.6325,225.0244,224.5035,224.5035
Lithuania,On-farm energy use,Emissions (CO2eq) from CH4 (AR5),kilotonnes,1.2847,0.9876,1.0029,0.9981,1.0403,0.9435,1.0806,1.006,0.9729,0.9116,0.9586,0.9647,0.9552,1.3656,1.7893,1.762,2.2101,2.2252,2.2157,2.301,2.301
Lithuania,On-farm energy use,Emissions (CO2eq) from N2O (AR5),kilotonnes,10.6164,9.567,10.5447,10.8687,11.206,12.1578,12.1799,12.811,13.1297,12.1432,13.4519,13.4573,14.7511,14.1173,15.1108,13.8055,14.1533,14.4819,14.4782,14.3516,14.3516
Lithuania,On-farm energy use,Emissions (CO2eq) (AR5),kilotonnes,208.4501,195.9789,206.643,206.2215,223.2927,225.5876,246.7981,256.5477,244.7604,215.5846,240.5128,241.5757,245.1851,238.2533,244.529,227.2943,240.4852,248.3396,241.7182,241.1561,241.1561
Lithuania,Forestland,Emissions (CO2),kilotonnes,-4264.8833,-4761.1667,-4761.1667,-4761.1667,-4761.1667,-4761.1667,-4761.1667,-4761.1667,-4761.1667,-4761.1667,-4761.1667,-12583.6883,-12583.6883,-12583.6883,-12583.6883,-12583.6883,-6030.2103,-6030.2103,-6030.2103,-6030.2103,-6030.2103
Lithuania,Forestland,Emissions (CO2),kilotonnes,-9719.9287,-7250.3814,-6496.6231,-5339.3527,-5160.1699,-4701.5901,-4878.2685,-6089.4841,-7691.6933,-8950.205,-10045.2602,-10578.9367,-10214.9981,-10018.2574,-9234.0419,-8494.2985,-7680.6964,-7565.1147,-7486.7999,-6911.153,-6898.8649
Lithuania,Forestland,Emissions (CO2eq) (AR5),kilotonnes,-4264.8833,-4761.1667,-4761.1667,-4761.1667,-4761.1667,-4761.1667,-4761.1667,-4761.1667,-4761.1667,-4761.1667,-4761.1667,-12583.6883,-12583.6883,-12583.6883,-12583.6883,-12583.6883,-6030.2103,-6030.2103,-6030.2103,-6030.2103,-6030.2103
Lithuania,Forestland,Emissions (CO2eq) (AR5),kilotonnes,-9719.9287,-7250.3814,-6496.6231,-5339.3527,-5160.1699,-4701.5901,-4878.2685,-6089.4841,-7691.6933,-8950.205,-10045.2602,-10578.9367,-10214.9981,-10018.2574,-9234.0419,-8494.2985,-7680.6964,-7565.1147,-7486.7999,-6911.153,-6898.8649
Lithuania,Net Forest conversion,Emissions (CO2),kilotonnes,0,0,0,0,0,0,0,0,0,0,0,1728.815,1728.815,1728.815,1728.815,1728.815,696.6769,696.6769,696.6769,696.6769,696.6769
Lithuania,Net Forest conversion,Emissions (CO2),kilotonnes,,,,152.0236,238.3771,148.9632,148.9632,,,,,,,,,,148.9632,308.5104,166.3213,442.749,193.0471
Lithuania,Net Forest conversion,Emissions (CO2eq) (AR5),kilotonnes,0,0,0,0,0,0,0,0,0,0,0,1728.815,1728.815,1728.815,1728.815,1728.815,696.6769,696.6769,696.6769,696.6769,696.6769
Lithuania,Net Forest conversion,Emissions (CO2eq) (AR5),kilotonnes,,,,152.0236,238.3771,148.9632,148.9632,,,,,,,,,,148.9632,308.5104,166.3213,442.749,193.0471
Lithuania,Savanna fires,Emissions (CH4),kilotonnes,0.0002,0.0046,0.008,0.0491,0.0043,0.0002,0.005,0.0002,0.0159,0.0298,0.0008,0.0052,0,0,0.0004,0.0054,0,0,0.0026,0,0.0029
Lithuania,Savanna fires,Emissions (N2O),kilotonnes,0,0.0004,0.0007,0.0045,0.0004,0,0.0005,0,0.0015,0.0027,0.0001,0.0005,0,0,0,0.0005,0,0,0.0002,0,0.0003
Lithuania,Savanna fires,Emissions (CO2eq) from CH4 (AR5),kilotonnes,0.0062,0.1287,0.2246,1.3744,0.1197,0.0057,0.1404,0.0057,0.4466,0.8341,0.0228,0.1448,0,0,0.0103,0.1504,0,0,0.0729,0,0.0821
Lithuania,Savanna fires,Emissions (CO2eq) from N2O (AR5),kilotonnes,0.0053,0.1112,0.1941,1.1876,0.1035,0.0049,0.1213,0.0049,0.3859,0.7208,0.0197,0.1252,0,0,0.0089,0.13,0,0,0.063,0,0.0709
Lithuania,Savanna fires,Emissions (CO2eq) (AR5),kilotonnes,0.0115,0.24,0.4187,2.562,0.2232,0.0106,0.2618,0.0106,0.8325,1.5549,0.0425,0.27,0,0,0.0192,0.2803,0,0,0.1359,0,0.153
Lithuania,Fires in organic soils,Emissions (CH4),kilotonnes,0,0,0,0,0,0,0,0,0,0,0,0,0,0,0,0,0,0,0,0,0
Lithuania,Fires in organic soils,Emissions (CO2),kilotonnes,0,0,0,0,0,0,0,0,0,0,0,0,0,0,0,0,0,0,0,0,0
Lithuania,Fires in organic soils,Emissions (CO2eq) from CH4 (AR5),kilotonnes,0,0,0,0,0,0,0,0,0,0,0,0,0,0,0,0,0,0,0,0,0
Lithuania,Fires in organic soils,Emissions (CO2eq) (AR5),kilotonnes,0,0,0,0,0,0,0,0,0,0,0,0,0,0,0,0,0,0,0,0,0
Lithuania,Forest fires,Emissions (CH4),kilotonnes,0.0017,0,0.035,0.0675,0.0125,0,0.0025,0,0.0225,0.025,0,0,0,0,0,0.0025,0,0,0.005,0,0
Lithuania,Forest fires,Emissions (N2O),kilotonnes,0.0001,0,0.0032,0.0062,0.0011,0,0.0002,0,0.0021,0.0023,0,0,0,0,0,0.0002,0,0,0.0005,0,0
Lithuania,Forest fires,Emissions (CO2eq) from CH4 (AR5),kilotonnes,0.0471,0,0.9799,1.8898,0.3499,0,0.07,0,0.6299,0.6999,0,0,0,0,0,0.07,0,0,0.14,0,0
Lithuania,Forest fires,Emissions (CO2eq) from N2O (AR5),kilotonnes,0.0246,0,0.8468,1.633,0.3024,0,0.0605,0,0.5443,0.6048,0,0,0,0,0,0.0605,0,0,0.121,0,0
Lithuania,Forest fires,Emissions (CO2eq) (AR5),kilotonnes,0.0717,0,1.8267,3.5228,0.6524,0,0.1305,0,1.1742,1.3047,0,0,0,0,0,0.1305,0,0,0.261,0,0
Lithuania,Fires in humid tropical forests,Emissions (CH4),kilotonnes,0,0,0,0,0,0,0,0,0,0,0,0,0,0,0,0,0,0,0,0,0
Lithuania,Fires in humid tropical forests,Emissions (N2O),kilotonnes,0,0,0,0,0,0,0,0,0,0,0,0,0,0,0,0,0,0,0,0,0
Lithuania,Fires in humid tropical forests,Emissions (CO2eq) from CH4 (AR5),kilotonnes,0,0,0,0,0,0,0,0,0,0,0,0,0,0,0,0,0,0,0,0,0
Lithuania,Fires in humid tropical forests,Emissions (CO2eq) from N2O (AR5),kilotonnes,0,0,0,0,0,0,0,0,0,0,0,0,0,0,0,0,0,0,0,0,0
Lithuania,Fires in humid tropical forests,Emissions (CO2eq) (AR5),kilotonnes,0,0,0,0,0,0,0,0,0,0,0,0,0,0,0,0,0,0,0,0,0
Lithuania,Waste - agri-food systems,Emissions (CH4),kilotonnes,15.1411,17.1999,16.6203,17.523,17.6571,19.3084,19.2386,19.6279,19.3236,18.3611,18.2986,18.4014,18.8203,19.4898,18.7882,17.8605,18.6637,18.3136,18.0547,17.88,17.7143
Lithuania,Waste - agri-food systems,Emissions (N2O),kilotonnes,0.1934,0.1926,0.1975,0.1962,0.2161,0.2293,0.2143,0.2228,0.2302,0.226,0.2132,0.2105,0.2152,0.225,0.2252,0.2238,0.2247,0.2266,0.2227,0.2202,0.2181
Lithuania,Waste - agri-food systems,Emissions (CO2),kilotonnes,16.4328,16.4753,16.5838,16.7792,16.9113,17.0125,17.1157,17.31,17.4417,17.2675,17.2626,17.3755,17.3655,17.4226,17.4526,17.3404,17.3675,17.4412,17.525,17.5374,17.561
Lithuania,Waste - agri-food systems,Emissions (CO2eq) from CH4 (AR5),kilotonnes,423.9519,481.5958,465.3676,490.6439,494.3978,540.6365,538.6814,549.5803,541.0607,514.1099,512.3615,515.2404,526.9672,545.715,526.07,500.0943,522.5839,512.7812,505.5319,500.6413,496.0011
Lithuania,Waste - agri-food systems,Emissions (CO2eq) from N2O (AR5),kilotonnes,51.2482,51.035,52.3431,52.0018,57.2775,60.7641,56.7941,59.0327,61.0116,59.8943,56.4891,55.7779,57.0311,59.6331,59.6688,59.3107,59.5426,60.0413,59.0246,58.3442,57.7895
Lithuania,Waste - agri-food systems,Emissions (CO2eq) (AR5),kilotonnes,491.6329,549.1062,534.2945,559.425,568.5866,618.4131,612.5912,625.9231,619.5141,591.2718,586.1131,588.3938,601.3638,622.7707,603.1914,576.7454,599.4939,590.2637,582.0815,576.5229,571.3515
Lithuania,Fertilizers Manufacturing,Emissions (N2O),kilotonnes,0.2121,0.2506,0.2907,0.3332,0.3599,0.4665,0.4466,0.4665,0.5013,0.5005,0.5357,0.5427,0.5755,0.7538,0.8207,0.8029,0.7465,0.8786,0.7302,0.8261,0.823
Lithuania,Fertilizers Manufacturing,Emissions (CO2),kilotonnes,0,0,588.1195,661.3627,655.7401,1530.4389,697.4462,709.0967,1582.7747,1545.6843,1468.8034,1683.8748,1724.2097,3745.4159,4323.4242,4347.8468,3985.3914,4795.2135,4031.8534,4252.0776,4061.6861
Lithuania,Fertilizers Manufacturing,Emissions (CO2eq) from N2O (AR5),kilotonnes,56.2065,66.409,77.0355,88.298,95.3735,123.6225,118.349,123.6225,132.8445,132.6325,141.9605,143.8155,152.5075,199.757,217.4855,212.7685,197.8225,232.829,193.503,218.9165,218.095
Lithuania,Fertilizers Manufacturing,Emissions (CO2eq) (AR5),kilotonnes,56.2065,66.409,665.155,749.6607,751.1136,1654.0614,815.7952,832.7192,1715.6192,1678.3168,1610.7639,1827.6903,1876.7172,3945.1729,4540.9097,4560.6153,4183.2139,5028.0425,4225.3564,4470.9941,4279.7811
Lithuania,On-farm electricity use,Emissions (CH4),kilotonnes,0.2256,0.2364,0.2256,0.1992,0.2172,0.2316,0.2376,0.2484,0.2364,0.2208,0.2076,0.2004,0.2184,0.2088,0.2172,0.2304,0.2472,0.246,0.2544,0.2618,0.2618
Lithuania,On-farm electricity use,Emissions (N2O),kilotonnes,0.0012,0.0013,0.0012,0.0011,0.0012,0.0012,0.0013,0.0013,0.0013,0.0012,0.0011,0.0011,0.0012,0.0011,0.0012,0.0012,0.0013,0.0014,0.0014,0.0014,0.0014
Lithuania,On-farm electricity use,Emissions (CO2),kilotonnes,18.6705,16.8778,12.7682,10.4943,12.2509,19.4213,19.757,18.2761,16.4358,15.3906,58.4514,45.0763,49.357,25.5025,26.5284,28.1407,30.1926,30.046,31.0719,31.9807,31.9807
Lithuania,On-farm electricity use,Emissions (CO2eq) from CH4 (AR5),kilotonnes,6.3168,6.6192,6.3168,5.5776,6.0816,6.4848,6.6528,6.9552,6.6192,6.1824,5.8128,5.6112,6.1152,5.8464,6.0816,6.4512,6.9216,6.888,7.1232,7.3304,7.3304
Lithuania,On-farm electricity use,Emissions (CO2eq) from N2O (AR5),kilotonnes,0.318,0.3445,0.318,0.2915,0.318,0.318,0.3445,0.3445,0.3445,0.318,0.2915,0.2915,0.318,0.2915,0.318,0.318,0.3445,0.371,0.371,0.371,0.371
Lithuania,On-farm electricity use,Emissions (CO2eq) (AR5),kilotonnes,25.3053,23.8415,19.403,16.3634,18.6505,26.2241,26.7543,25.5758,23.3995,21.891,64.5557,50.979,55.7902,31.6404,32.928,34.9099,37.4587,37.305,38.5661,39.6821,39.6821
Lithuania,Food Processing,Emissions (CH4),kilotonnes,0.6467,0.621,0.6548,0.6451,0.6489,0.7027,0.7487,0.8189,0.734,0.7217,0.7481,0.8079,0.8127,0.8908,0.907,0.9179,0.9622,1.0222,0.9947,0.9947,0.8892
Lithuania,Food Processing,Emissions (N2O),kilotonnes,0.0052,0.0049,0.0048,0.0049,0.0048,0.0048,0.0053,0.0053,0.0049,0.0048,0.0048,0.0055,0.0055,0.0058,0.0058,0.0059,0.0061,0.0064,0.0062,0.0062,0.0062
Lithuania,Food Processing,Emissions (CO2),kilotonnes,404.4647,356.7096,371.4102,379.9178,356.7639,377.6727,388.2844,397.5444,352.4943,334.3359,511.9657,514.376,523.9354,431.1008,393.8452,388.3222,397.1364,407.1062,413.7658,413.7658,395.239
Lithuania,Food Processing,Emissions (CO2eq) from CH4 (AR5),kilotonnes,18.1076,17.388,18.3344,18.0628,18.1692,19.6756,20.9636,22.9292,20.552,20.2076,20.9468,22.6212,22.7556,24.9424,25.396,25.7012,26.9416,28.6216,27.8516,27.8516,24.8976
Lithuania,Food Processing,Emissions (CO2eq) from N2O (AR5),kilotonnes,1.378,1.2985,1.272,1.2985,1.272,1.272,1.4045,1.4045,1.2985,1.272,1.272,1.4575,1.4575,1.537,1.537,1.5635,1.6165,1.696,1.643,1.643,1.6368
Lithuania,Food Processing,Emissions (CO2eq) (AR5),kilotonnes,423.9503,375.3961,391.0166,399.2791,376.2051,398.6203,410.6525,421.8781,374.3448,355.8155,534.1845,538.4547,548.1485,457.5802,420.7782,415.5869,425.6945,437.4238,443.2604,443.2604,421.7735
Lithuania,Food Packaging,Emissions (CH4),kilotonnes,0.1134,0.1124,0.1208,0.1279,0.1178,0.1301,0.1416,0.1546,0.1391,0.1218,0.1405,0.1525,0.1553,0.1603,0.1711,0.1564,0.15,0.1816,0.1799,0.146,0.1305
Lithuania,Food Packaging,Emissions (N2O),kilotonnes,0.0011,0.0011,0.0009,0.0008,0.0008,0.0009,0.0009,0.0009,0.0008,0.0007,0.0008,0.0009,0.0009,0.0009,0.001,0.0009,0.0009,0.001,0.001,0.0005,0.0005
Lithuania,Food Packaging,Emissions (CO2),kilotonnes,89.4996,89.6722,56.469,32.4298,40.8124,61.2416,57.4024,46.6991,45.2326,40.1664,70.3134,65.875,71.3508,51.5196,52.5339,48.8805,46.0009,52.3206,53.3352,52.5509,50.1978
Lithuania,Food Packaging,Emissions (CO2eq) from CH4 (AR5),kilotonnes,3.1752,3.1472,3.3824,3.5812,3.2984,3.6428,3.9648,4.3288,3.8948,3.4104,3.934,4.27,4.3484,4.4884,4.7908,4.3792,4.2,5.0848,5.0372,4.088,3.6544
Lithuania,Food Packaging,Emissions (CO2eq) from N2O (AR5),kilotonnes,0.2915,0.2915,0.2385,0.212,0.212,0.2385,0.2385,0.2385,0.212,0.1855,0.212,0.2385,0.2385,0.2385,0.265,0.2385,0.2385,0.265,0.265,0.1325,0.132
Lithuania,Food Packaging,Emissions (CO2eq) (AR5),kilotonnes,92.9663,93.1109,60.0899,36.223,44.3228,65.1229,61.6057,51.2664,49.3394,43.7623,74.4594,70.3835,75.9377,56.2465,57.5897,53.4982,50.4394,57.6704,58.6374,56.7714,53.9843
Lithuania,Food Retail,Emissions (CH4),kilotonnes,0.3846,0.408,0.4196,0.4655,0.4902,0.5106,0.5423,0.5696,0.5734,0.5472,0.5422,0.5312,0.5737,0.5537,0.5636,0.5525,0.575,0.6014,0.6182,0.6081,0.5436
Lithuania,Food Retail,Emissions (N2O),kilotonnes,0.0025,0.0026,0.0027,0.003,0.0032,0.0032,0.0037,0.0035,0.0036,0.0035,0.0034,0.0037,0.0036,0.0036,0.0035,0.0034,0.0036,0.0038,0.0038,0.0032,0.0032
Lithuania,Food Retail,Emissions (CO2),kilotonnes,75.67,66.4668,66.7484,67.6304,72.1079,91.7405,105.5895,95.9824,85.8095,88.8383,203.0336,184.789,177.7179,122.1844,116.0894,109.6012,119.342,124.6146,127.6421,91.0995,87.0204
Lithuania,Food Retail,Emissions (CO2eq) from F-gases (AR5),kilotonnes,201.566,272.218,375.5985,481.5765,610.932,688.857,783.9255,878.994,890.423,896.1375,899.774,901.852,902.891,904.4495,904.4495,904.4495,987.5695,1008.869,1030.688,1051.9875,1005.5763
Lithuania,Food Retail,Emissions (CO2eq) from CH4 (AR5),kilotonnes,10.7688,11.424,11.7488,13.034,13.7256,14.2968,15.1844,15.9488,16.0552,15.3216,15.1816,14.8736,16.0636,15.5036,15.7808,15.47,16.1,16.8392,17.3096,17.0268,15.2209
Lithuania,Food Retail,Emissions (CO2eq) from N2O (AR5),kilotonnes,0.6625,0.689,0.7155,0.795,0.848,0.848,0.9805,0.9275,0.954,0.9275,0.901,0.9805,0.954,0.954,0.9275,0.901,0.954,1.007,1.007,0.848,0.8448
Lithuania,Food Retail,Emissions (CO2eq) (AR5),kilotonnes,288.6673,350.7978,454.8112,563.0359,697.6135,795.7423,905.6799,991.8527,993.2417,1001.2249,1118.8902,1102.4951,1097.6265,1043.0915,1037.2472,1030.4217,1123.9655,1151.3298,1176.6467,1160.9618,1108.6624
Lithuania,Food Household Consumption,Emissions (CH4),kilotonnes,0.2822,0.2881,0.2964,0.3149,0.3303,0.3439,0.3822,0.3714,0.3728,0.3681,0.3776,0.4059,0.4083,0.4131,0.4009,0.3808,0.3996,0.4204,0.4384,0.4384,0.3919
Lithuania,Food Household Consumption,Emissions (N2O),kilotonnes,0.0015,0.0016,0.0016,0.0017,0.0018,0.0018,0.0021,0.002,0.0021,0.002,0.002,0.0022,0.0023,0.0022,0.0022,0.0021,0.0022,0.0023,0.0024,0.0024,0.0024
Lithuania,Food Household Consumption,Emissions (CO2),kilotonnes,87.1831,86.034,86.1777,89.4792,90.5961,100.85,107.0878,95.9461,88.6003,87.339,158.2567,148.8728,149.1512,116.8488,110.2915,103.0395,113.758,122.8264,128.57,128.57,122.8131
Lithuania,Food Household Consumption,Emissions (CO2eq) from CH4 (AR5),kilotonnes,7.9016,8.0668,8.2992,8.8172,9.2484,9.6292,10.7016,10.3992,10.4384,10.3068,10.5728,11.3652,11.4324,11.5668,11.2252,10.6624,11.1888,11.7712,12.2752,12.2752,10.9733
Lithuania,Food Household Consumption,Emissions (CO2eq) from N2O (AR5),kilotonnes,0.3975,0.424,0.424,0.4505,0.477,0.477,0.5565,0.53,0.5565,0.53,0.53,0.583,0.6095,0.583,0.583,0.5565,0.583,0.6095,0.636,0.636,0.6336
Lithuania,Food Household Consumption,Emissions (CO2eq) (AR5),kilotonnes,95.4822,94.5248,94.9009,98.7469,100.3215,110.9562,118.3459,106.8753,99.5952,98.1758,169.3595,160.821,161.1931,128.9986,122.0997,114.2584,125.5298,135.2071,141.4812,141.4812,134.42
Lithuania,Food Transport,Emissions (CH4),kilotonnes,0.065,0.0671,0.0717,0.0763,0.0837,0.0876,0.0867,0.0883,0.0777,0.0627,0.0549,0.0506,0.0468,0.0453,0.0458,0.0455,0.0441,0.0418,0.042,0.0391,0.035
Lithuania,Food Transport,Emissions (N2O),kilotonnes,0.0195,0.0183,0.0191,0.0204,0.0204,0.0208,0.0211,0.0234,0.024,0.0195,0.02,0.02,0.019,0.0182,0.0191,0.019,0.0201,0.0218,0.0231,0.0175,0.0174
Lithuania,Food Transport,Emissions (CO2),kilotonnes,250.5647,268.2646,278.0435,284.4874,310.4568,327.8314,345.1404,399.7464,398.1408,328.071,338.93,338.251,336.846,336.371,373.491,395.966,425.307,447.5027,465.4221,389.1083,371.6855
Lithuania,Food Transport,Emissions (CO2eq) from CH4 (AR5),kilotonnes,1.82,1.8788,2.0076,2.1364,2.3436,2.4528,2.4276,2.4724,2.1756,1.7556,1.5372,1.4168,1.3104,1.2684,1.2824,1.274,1.2348,1.1704,1.176,1.0948,0.9787
Lithuania,Food Transport,Emissions (CO2eq) from N2O (AR5),kilotonnes,5.1675,4.8495,5.0615,5.406,5.406,5.512,5.5915,6.201,6.36,5.1675,5.3,5.3,5.035,4.823,5.0615,5.035,5.3265,5.777,6.1215,4.6375,4.6201
Lithuania,Food Transport,Emissions (CO2eq) (AR5),kilotonnes,257.5522,274.9929,285.1126,292.0298,318.2064,335.7962,353.1595,408.4198,406.6764,334.9941,345.7672,344.9678,343.1914,342.4624,379.8349,402.275,431.8683,454.4501,472.7196,394.8406,377.2843
Lithuania,Energy,Emissions (CH4),kilotonnes,28.9,30.1,30.1,30.4,30.6,30.7,30.5,29.4,30.6,30.6,31,31.4,31.6,31.8,31,31.1,31.2,31.2,31.4,33,29.5
Lithuania,Energy,Emissions (N2O),kilotonnes,0.342,0.343,0.362,0.378,0.389,0.399,0.412,0.44,0.454,0.413,0.423,0.417,0.43,0.431,0.45,0.466,0.489,0.518,0.537,0.533,0.531
Lithuania,Energy,Emissions (CO2),kilotonnes,11000,12400,12300,12400,12800,13400,13300,14600,14500,12200,13000,13300,13300,12100,12400,12600,12500,13000,13600,13400,12800
Lithuania,Energy,Emissions (CO2eq) from CH4 (AR5),kilotonnes,809.2,842.8,842.8,851.2,856.8,859.6,854,823.2,856.8,856.8,868,879.2,884.8,890.4,868,870.8,873.6,873.6,879.2,924,826
Lithuania,Energy,Emissions (CO2eq) from N2O (AR5),kilotonnes,90.63,90.895,95.93,100.17,103.085,105.735,109.18,116.6,120.31,109.445,112.095,110.505,113.95,114.215,119.25,123.49,129.585,137.27,142.305,141.245,140.715
Lithuania,Energy,Emissions (CO2eq) (AR5),kilotonnes,11899.83,13333.695,13238.73,13351.37,13759.885,14365.335,14263.18,15539.8,15477.11,13166.245,13980.095,14289.705,14298.75,13104.615,13387.25,13594.29,13503.185,14010.87,14621.505,14465.245,13766.715
Lithuania,IPPU,Emissions (CH4),kilotonnes,0.0185,0.0745,0.0679,0.0945,0.0978,0.0902,0.11,0.112,0.127,0.129,0.129,0.129,0.129,0.129,0.129,0.129,0.129,0.129,0.129,0.14,0.142
Lithuania,IPPU,Emissions (N2O),kilotonnes,4.47,4.91,5.27,5.43,5.91,6.67,6.65,8.45,7.86,6.33,6.56,8.45,8.57,7.35,8,8.37,7.91,8.09,8.12,8.29,7.16
Lithuania,IPPU,Emissions (CO2),kilotonnes,1530,1600,1630,1610,1570,1590,1780,3000,2970,1570,1470,2600,2790,2350,2560,2810,2460,2840,2560,2800,2560
Lithuania,IPPU,Emissions (CO2eq) from F-gases (AR5),kilotonnes,191.4357,254.5997,334.2836,454.7811,579.1657,729.7877,819.1891,928.9974,1039.7774,1195.2581,1457.6319,1506.2196,1739.4407,2021.2495,2283.6233,2798.6532,3527.4691,3498.3165,2740.3479,2643.1725,2526.5619
Lithuania,IPPU,Emissions (CO2eq) from CH4 (AR5),kilotonnes,0.518,2.086,1.9012,2.646,2.7384,2.5256,3.08,3.136,3.556,3.612,3.612,3.612,3.612,3.612,3.612,3.612,3.612,3.612,3.612,3.92,3.976
Lithuania,IPPU,Emissions (CO2eq) from N2O (AR5),kilotonnes,1184.55,1301.15,1396.55,1438.95,1566.15,1767.55,1762.25,2239.25,2082.9,1677.45,1738.4,2239.25,2271.05,1947.75,2120,2218.05,2096.15,2143.85,2151.8,2196.85,1897.4
Lithuania,IPPU,Emissions (CO2eq) (AR5),kilotonnes,2906.5037,3157.8357,3362.7348,3506.3771,3718.0541,4089.8633,4364.5191,6171.3834,6096.2334,4446.3201,4669.6439,6349.0816,6804.1027,6322.6115,6967.2353,7830.3152,8087.2311,8485.7785,7455.7599,7643.9425,6987.9379
Lithuania,Waste,Emissions (CH4),kilotonnes,52.9,55.6,61.6,57.3,56.4,55.6,55.1,57.3,56.7,54.1,53.6,53.4,53.4,51,50,48.6,47.7,48.5,47.3,45.3,44.4
Lithuania,Waste,Emissions (N2O),kilotonnes,0.236,0.237,0.236,0.235,0.24,0.25,0.253,0.258,0.26,0.262,0.254,0.249,0.245,0.247,0.257,0.254,0.257,0.259,0.262,0.258,0.25
Lithuania,Waste,Emissions (CO2),kilotonnes,1.2,1.6,1.46,3.93,2.02,3.73,3.43,0.503,0.422,0.462,1.29,4.59,1.07,0.81,2.07,5.97,0.547,1.18,0.76,1.47,1.85
Lithuania,Waste,Emissions (CO2eq) from CH4 (AR5),kilotonnes,1481.2,1556.8,1724.8,1604.4,1579.2,1556.8,1542.8,1604.4,1587.6,1514.8,1500.8,1495.2,1495.2,1428,1400,1360.8,1335.6,1358,1324.4,1268.4,1243.2
Lithuania,Waste,Emissions (CO2eq) from N2O (AR5),kilotonnes,62.54,62.805,62.54,62.275,63.6,66.25,67.045,68.37,68.9,69.43,67.31,65.985,64.925,65.455,68.105,67.31,68.105,68.635,69.43,68.37,66.25
Lithuania,Waste,Emissions (CO2eq) (AR5),kilotonnes,1544.94,1621.205,1788.8,1670.605,1644.82,1626.78,1613.275,1673.273,1656.922,1584.692,1569.4,1565.775,1561.195,1494.265,1470.175,1434.08,1404.252,1427.815,1394.59,1338.24,1311.3
Lithuania,Other,Emissions (N2O),kilotonnes,0.273,0.292,0.304,0.31,0.333,0.35,0.348,0.364,0.344,0.278,0.274,0.272,0.27,0.257,0.263,0.261,0.257,0.254,0.248,0.225,0.217
Lithuania,Other,Emissions (CO2eq) from N2O (AR5),kilotonnes,72.345,77.38,80.56,82.15,88.245,92.75,92.22,96.46,91.16,73.67,72.61,72.08,71.55,68.105,69.695,69.165,68.105,67.31,65.72,59.625,57.505
Lithuania,Other,Emissions (CO2eq) (AR5),kilotonnes,72.345,77.38,80.56,82.15,88.245,92.75,92.22,96.46,91.16,73.67,72.61,72.08,71.55,68.105,69.695,69.165,68.105,67.31,65.72,59.625,57.505
Lithuania,Farm-gate emissions,Emissions (CH4),kilotonnes,101.5922,89.5959,90.9404,93.3663,95.2447,93.6724,93.5361,95.339,89.2948,86.3656,84.4922,83.9643,81.9029,79.3888,77.4508,78.7296,76.822,73.8584,68.2986,65.8481,65.0555
Lithuania,Farm-gate emissions,Direct emissions (N2O),kilotonnes,3.4273,3.2494,3.5201,3.5594,3.6388,3.6569,3.5554,3.8409,3.6862,3.9517,3.916,4.0462,4.3318,4.3327,4.5343,4.7344,4.5275,4.6073,4.2203,4.6924,5.0155
Lithuania,Farm-gate emissions,Indirect emissions (N2O),kilotonnes,1.0774,1.027,1.1132,1.1271,1.1512,1.1575,1.1411,1.2157,1.1569,1.2369,1.241,1.276,1.3435,1.3475,1.399,1.4453,1.3922,1.4185,1.3116,1.446,1.5291
Lithuania,Farm-gate emissions,Emissions (N2O),kilotonnes,12.3484,12.0183,12.3885,12.4567,12.5469,12.5527,12.4376,12.8174,12.5551,12.8595,12.8173,12.9814,13.3216,13.3081,13.5117,13.7633,13.4315,13.5081,12.9671,13.5515,13.959
Lithuania,Farm-gate emissions,Emissions (CO2),kilotonnes,10147.4468,10116.5476,10114.8227,10101.1649,10081.0829,10064.4303,10087.1647,10105.4126,10087.2476,10036.6322,10058.0098,10058.7045,10064.9637,10059.3767,10009.308,9993.2742,9925.9578,9921.4776,9909.3107,9893.4324,9899.6791
Lithuania,Farm-gate emissions,Emissions (CO2eq) from CH4 (AR5),kilotonnes,2844.5822,2508.6839,2546.3326,2614.256,2666.8522,2622.8266,2619.0115,2669.4926,2500.2544,2418.237,2365.7811,2351.0018,2293.2819,2222.8852,2168.6221,2204.4286,2151.0171,2068.0353,1912.3615,1843.7455,1821.554
Lithuania,Farm-gate emissions,Emissions (CO2eq) from N2O (AR5),kilotonnes,3272.3187,3184.8402,3282.9456,3301.0285,3324.9408,3326.4694,3295.9535,3396.6089,3327.0949,3407.7762,3396.5885,3440.0771,3530.2315,3526.6366,3580.6117,3647.2732,3559.346,3579.6488,3436.2821,3591.1452,3699.1277
Lithuania,Farm-gate emissions,Emissions (CO2eq) (AR5),kilotonnes,16264.3477,15810.0717,15944.1009,16016.4494,16072.8759,16013.7263,16002.1297,16171.5142,15914.5969,15862.6454,15820.3795,15849.7834,15888.4771,15808.8985,15758.5419,15844.9759,15636.3208,15569.1617,15257.9543,15328.3231,15420.3608
Lithuania,Land Use change,Emissions (CH4),kilotonnes,0,0,0,0,0,0,0,0,0,0,0,0,0,0,0,0,0,0,0,0,0
Lithuania,Land Use change,Emissions (N2O),kilotonnes,0,0,0,0,0,0,0,0,0,0,0,0,0,0,0,0,0,0,0,0,0
Lithuania,Land Use change,Emissions (CO2),kilotonnes,0,0,0,0,0,0,0,0,0,0,0,1728.815,1728.815,1728.815,1728.815,1728.815,696.6769,696.6769,696.6769,696.6769,696.6769
Lithuania,Land Use change,Emissions (CO2eq) from CH4 (AR5),kilotonnes,0,0,0,0,0,0,0,0,0,0,0,0,0,0,0,0,0,0,0,0,0
Lithuania,Land Use change,Emissions (CO2eq) from N2O (AR5),kilotonnes,0,0,0,0,0,0,0,0,0,0,0,0,0,0,0,0,0,0,0,0,0
Lithuania,Land Use change,Emissions (CO2eq) (AR5),kilotonnes,0,0,0,0,0,0,0,0,0,0,0,1728.815,1728.815,1728.815,1728.815,1728.815,696.6769,696.6769,696.6769,696.6769,696.6769
Lithuania,Emissions on agricultural land,Emissions (CH4),kilotonnes,101.5922,89.5959,90.9404,93.3663,95.2447,93.6724,93.5361,95.339,89.2948,86.3656,84.4922,83.9643,81.9029,79.3888,77.4508,78.7296,76.822,73.8584,68.2986,65.8481,65.0555
Lithuania,Emissions on agricultural land,Emissions (N2O),kilotonnes,12.3484,12.0183,12.3885,12.4567,12.5469,12.5527,12.4376,12.8174,12.5551,12.8595,12.8173,12.9814,13.3216,13.3081,13.5117,13.7633,13.4315,13.5081,12.9671,13.5515,13.959
Lithuania,Emissions on agricultural land,Emissions (CO2),kilotonnes,10147.4468,10116.5476,10114.8227,10101.1649,10081.0829,10064.4303,10087.1647,10105.4126,10087.2476,10036.6322,10058.0098,11787.5195,11793.7787,11788.1917,11738.123,11722.0892,10622.6347,10618.1545,10605.9876,10590.1094,10596.356
Lithuania,Emissions on agricultural land,Emissions (CO2eq) from CH4 (AR5),kilotonnes,2844.5822,2508.6839,2546.3326,2614.256,2666.8522,2622.8266,2619.0115,2669.4926,2500.2544,2418.237,2365.7811,2351.0018,2293.2819,2222.8852,2168.6221,2204.4286,2151.0171,2068.0353,1912.3615,1843.7455,1821.554
Lithuania,Emissions on agricultural land,Emissions (CO2eq) from N2O (AR5),kilotonnes,3272.3187,3184.8402,3282.9456,3301.0285,3324.9408,3326.4694,3295.9535,3396.6089,3327.0949,3407.7762,3396.5885,3440.0771,3530.2315,3526.6366,3580.6117,3647.2732,3559.346,3579.6488,3436.2821,3591.1452,3699.1277
Lithuania,Emissions on agricultural land,Emissions (CO2eq) (AR5),kilotonnes,16264.3477,15810.0717,15944.1009,16016.4494,16072.8759,16013.7263,16002.1297,16171.5142,15914.5969,15862.6454,15820.3795,17578.5984,17617.2921,17537.7135,17487.3569,17573.7909,16332.9977,16265.8386,15954.6312,16025.0001,16117.0377
Lithuania,Pre- and post- production,Emissions (CH4),kilotonnes,16.8586,18.9329,18.4092,19.3519,19.5452,21.3149,21.3777,21.8791,21.457,20.4034,20.3695,20.5499,21.0355,21.7618,21.0938,20.144,21.0418,20.827,20.5823,20.3681,19.9663
Lithuania,Pre- and post- production,Emissions (N2O),kilotonnes,0.4365,0.473,0.5185,0.5613,0.6082,0.7285,0.6953,0.7257,0.7682,0.7582,0.781,0.7866,0.8232,1.0106,1.0787,1.0592,1.0054,1.1419,0.9908,1.0775,1.0722
Lithuania,Pre- and post- production,Emissions (CO2),kilotonnes,942.4854,900.5003,1476.3203,1542.5808,1555.6394,2526.2089,1737.8234,1780.6012,2586.9297,2457.093,2827.0168,2998.4904,3049.9335,4846.3656,5413.6562,5439.1373,5134.4958,5997.0712,5269.1855,5376.6901,5138.1836
Lithuania,Pre- and post- production,Emissions (CO2eq) from F-gases (AR5),kilotonnes,201.566,272.218,375.5985,481.5765,610.932,688.857,783.9255,878.994,890.423,896.1375,899.774,901.852,902.891,904.4495,904.4495,904.4495,987.5695,1008.869,1030.688,1051.9875,1005.5763
Lithuania,Pre- and post- production,Emissions (CO2eq) from CH4 (AR5),kilotonnes,472.0419,530.1198,515.4568,541.8531,547.2646,596.8185,598.5762,612.6139,600.7959,571.2943,570.3467,575.3984,588.9928,609.331,590.6268,564.0323,589.1707,583.1564,576.3047,570.3081,559.0564
Lithuania,Pre- and post- production,Emissions (CO2eq) from N2O (AR5),kilotonnes,115.6697,125.341,137.4081,148.7533,161.184,193.0521,184.2591,192.3012,203.5816,200.9273,206.9561,208.4444,218.1511,267.8171,285.8463,280.6917,266.4281,302.5958,262.5711,285.5287,284.1229
Lithuania,Pre- and post- production,Emissions (CO2eq) (AR5),kilotonnes,1731.763,1828.1792,2504.7837,2714.7638,2875.02,4004.9365,3304.5842,3464.5104,4281.7303,4125.4522,4504.0935,4684.1852,4759.9684,6627.9632,7194.5788,7188.3108,6977.664,7891.6924,7138.7493,7284.5145,6986.9393
Lithuania,Agri-food systems,Emissions (CH4),kilotonnes,118.4509,108.5287,109.3496,112.7182,114.7899,114.9873,114.9138,117.2181,110.7518,106.769,104.8617,104.5143,102.9384,101.1506,98.5446,98.8736,97.8638,94.6854,88.8809,86.2162,85.0218
Lithuania,Agri-food systems,Emissions (N2O),kilotonnes,12.7849,12.4912,12.907,13.018,13.1552,13.2812,13.1329,13.5431,13.3233,13.6177,13.5983,13.768,14.1448,14.3187,14.5904,14.8225,14.4369,14.65,13.9579,14.629,15.0311
Lithuania,Agri-food systems,Emissions (CO2),kilotonnes,11089.9321,11017.048,11591.1431,11643.7457,11636.7224,12590.6392,11824.9881,11886.0138,12674.1773,12493.7252,12885.0266,14786.0098,14843.7122,16634.5573,17151.7792,17161.2265,15757.1305,16615.2257,15875.1731,15966.7995,15734.5396
Lithuania,Agri-food systems,Emissions (CO2eq) from F-gases (AR5),kilotonnes,201.566,272.218,375.5985,481.5765,610.932,688.857,783.9255,878.994,890.423,896.1375,899.774,901.852,902.891,904.4495,904.4495,904.4495,987.5695,1008.869,1030.688,1051.9875,1005.5763
Lithuania,Agri-food systems,Emissions (CO2eq) from CH4 (AR5),kilotonnes,3316.6241,3038.8037,3061.7894,3156.1091,3214.1168,3219.6451,3217.5877,3282.1066,3101.0503,2989.5313,2936.1277,2926.4002,2882.2747,2832.2162,2759.249,2768.4608,2740.1877,2651.1917,2488.6662,2414.0537,2380.6104
Lithuania,Agri-food systems,Emissions (CO2eq) from N2O (AR5),kilotonnes,3387.9884,3310.1812,3420.3537,3449.7819,3486.1248,3519.5215,3480.2126,3588.9101,3530.6766,3608.7036,3603.5446,3648.5215,3748.3826,3794.4537,3866.458,3927.9649,3825.774,3882.2447,3698.8532,3876.6739,3983.2507
Lithuania,Agri-food systems,Emissions (CO2eq) (AR5),kilotonnes,17996.1107,17638.2509,18448.8846,18731.2132,18947.8959,20018.6628,19306.7138,19636.0245,20196.3272,19988.0976,20324.473,22262.7835,22377.2605,24165.6767,24681.9357,24762.1017,23310.6617,24157.5311,23093.3804,23309.5145,23103.977
Lithuania,IPCC Agriculture,Emissions (CH4),kilotonnes,101.5463,89.5606,90.9046,93.3306,95.2076,93.6387,93.4975,95.3031,89.2601,86.3331,84.4579,83.9299,81.8688,79.34,77.3869,78.6667,76.7431,73.7789,68.2195,65.7659,64.9733
Lithuania,IPCC Agriculture,Emissions (CH4),kilotonnes,80.2515,75.5989,77.5744,80.0001,80.9269,80.5555,82.1094,82.4191,80.3006,78.8082,77.7372,76.8818,76.1694,74.9315,76.4473,76.8073,73.8799,71.4516,70.0437,68.5018,67.0816
Lithuania,IPCC Agriculture,Direct emissions (N2O),kilotonnes,3.4273,3.2494,3.5201,3.5594,3.6388,3.6569,3.5554,3.8409,3.6862,3.9517,3.916,4.0462,4.3318,4.3327,4.5343,4.7344,4.5275,4.6073,4.2203,4.6924,5.0155
Lithuania,IPCC Agriculture,Indirect emissions (N2O),kilotonnes,1.0774,1.027,1.1132,1.1271,1.1512,1.1575,1.1411,1.2157,1.1569,1.2369,1.241,1.276,1.3435,1.3475,1.399,1.4453,1.3922,1.4185,1.3116,1.446,1.5291
Lithuania,IPCC Agriculture,Emissions (N2O),kilotonnes,12.3083,11.9822,12.3487,12.4157,12.5047,12.5068,12.3916,12.769,12.5055,12.8137,12.7666,12.9306,13.266,13.2548,13.4547,13.7112,13.3781,13.4535,12.9125,13.4973,13.9048
Lithuania,IPCC Agriculture,Emissions (N2O),kilotonnes,6.3948,6.2706,6.5691,6.6255,6.7072,6.7723,6.6537,7.0992,6.9559,7.3578,7.3531,7.556,7.859,7.8532,8.3566,8.6587,8.5659,8.6496,8.2871,8.4422,9.2306
Lithuania,IPCC Agriculture,Emissions (CO2),kilotonnes,24.1809,22.7681,28.4234,27.6874,27.6086,38.4611,26.1877,38.2609,30.0401,43.1274,22.0627,22.9432,25.3599,32.5411,65.7986,37.2292,32.2539,26.2625,27.3796,28.1858,22.9662
Lithuania,IPCC Agriculture,Emissions (CO2eq) from CH4 (AR5),kilotonnes,2843.2975,2507.6963,2545.3297,2613.2579,2665.8119,2621.8832,2617.9309,2668.4866,2499.2814,2417.3254,2364.8225,2350.0371,2292.3267,2221.5196,2166.8328,2202.6666,2148.807,2065.81,1910.1458,1841.4445,1819.253
Lithuania,IPCC Agriculture,Emissions (CO2eq) from CH4 (AR5),kilotonnes,2247.0415,2116.7692,2172.082,2240.0021,2265.9544,2255.5553,2299.0625,2307.7361,2248.4179,2206.6307,2176.6419,2152.6896,2132.7419,2098.0814,2140.5243,2150.6034,2068.6368,2000.6443,1961.2224,1918.0492,1878.2849
Lithuania,IPCC Agriculture,Emissions (CO2eq) from N2O (AR5),kilotonnes,3261.7023,3175.2732,3272.4009,3290.1598,3313.7348,3314.3116,3283.7736,3383.798,3313.9653,3395.633,3383.1366,3426.6198,3515.4804,3512.5193,3565.5009,3633.4677,3545.1927,3565.1669,3421.8039,3576.7935,3684.7761
Lithuania,IPCC Agriculture,Emissions (CO2eq) from N2O (AR5),kilotonnes,1694.6159,1661.696,1740.7997,1755.7645,1777.4036,1794.648,1763.2395,1881.2997,1843.3208,1949.8225,1948.5672,2002.3432,2082.6224,2081.0903,2214.5099,2294.5485,2269.974,2292.1364,2196.0772,2237.1823,2446.1067
Lithuania,IPCC Agriculture,Emissions (CO2eq) (AR5),kilotonnes,6104.9998,5682.9695,5817.7306,5903.4177,5979.5467,5936.1948,5901.7046,6052.2846,5813.2467,5812.9585,5747.9591,5776.6568,5807.8071,5734.0389,5732.3337,5836.1343,5693.9997,5630.977,5331.9497,5418.2381,5504.0291
Lithuania,IPCC Agriculture,Emissions (CO2eq) (AR5),kilotonnes,3965.8383,3801.2333,3941.3051,4023.4541,4070.9665,4088.6644,4088.4897,4227.2967,4121.7788,4199.5807,4147.2719,4177.9761,4240.7242,4211.7128,4420.8327,4482.3811,4370.8646,4319.0433,4184.6793,4183.4173,4347.3578
Lithuania,Agricultural Soils,Direct emissions (N2O),kilotonnes,3.4273,3.2494,3.5201,3.5594,3.6388,3.6569,3.5554,3.8409,3.6862,3.9517,3.916,4.0462,4.3318,4.3327,4.5343,4.7344,4.5275,4.6073,4.2203,4.6924,5.0155
Lithuania,Agricultural Soils,Direct emissions (N2O),kilotonnes,4.8239,4.7355,4.9401,4.9539,5.0023,5.047,4.936,5.3118,5.2319,5.5559,5.5601,5.7317,5.9811,5.9685,6.3368,6.5654,6.5085,6.5874,6.3162,6.4691,7.1192
Lithuania,Agricultural Soils,Indirect emissions (N2O),kilotonnes,1.0774,1.027,1.1132,1.1271,1.1512,1.1575,1.1411,1.2157,1.1569,1.2369,1.241,1.276,1.3435,1.3475,1.399,1.4453,1.3922,1.4185,1.3116,1.446,1.5291
Lithuania,Agricultural Soils,Indirect emissions (N2O),kilotonnes,0.9064,0.8954,0.9642,0.9805,1.0015,1.0182,0.9929,1.0724,1.0374,1.1287,1.1233,1.164,1.2202,1.2252,1.3383,1.3981,1.3863,1.4074,1.3338,1.3622,1.5087
Lithuania,Agricultural Soils,Emissions (N2O),kilotonnes,11.5329,11.2908,11.6395,11.6836,11.7612,11.7728,11.656,12.0226,11.8048,12.1345,12.1013,12.2662,12.6221,12.6278,12.842,13.0884,12.7722,12.8699,12.3721,12.9678,13.3784
Lithuania,Agricultural Soils,Emissions (N2O),kilotonnes,5.7303,5.6308,5.9043,5.9344,6.0038,6.0652,5.9288,6.3842,6.2693,6.6845,6.6834,6.8957,7.2013,7.1937,7.6751,7.9636,7.8948,7.9949,7.65,7.8313,8.6279
Lithuania,Agricultural Soils,Emissions (CO2eq) from N2O (AR5),kilotonnes,3056.2312,2992.0529,3084.4647,3096.1571,3116.7206,3119.8011,3088.8377,3185.999,3128.2618,3215.639,3206.8339,3250.5334,3344.8525,3346.3655,3403.1402,3468.4235,3384.6433,3410.5256,3278.6125,3436.4708,3545.2823
Lithuania,Agricultural Soils,Emissions (CO2eq) from N2O (AR5),kilotonnes,1518.5262,1492.1723,1564.6476,1572.6156,1591.0008,1607.2834,1571.139,1691.8081,1661.3703,1771.4025,1771.1115,1827.3736,1908.3527,1906.3288,2033.8922,2110.3425,2092.1195,2118.6383,2027.2416,2075.2944,2286.39
Lithuania,Agricultural Soils,Emissions (CO2eq) (AR5),kilotonnes,3056.2312,2992.0529,3084.4647,3096.1571,3116.7206,3119.8011,3088.8377,3185.999,3128.2618,3215.639,3206.8339,3250.5334,3344.8525,3346.3655,3403.1402,3468.4235,3384.6433,3410.5256,3278.6125,3436.4708,3545.2823
Lithuania,Agricultural Soils,Emissions (CO2eq) (AR5),kilotonnes,1518.5262,1492.1723,1564.6476,1572.6156,1591.0008,1607.2834,1571.139,1691.8081,1661.3703,1771.4025,1771.1115,1827.3736,1908.3527,1906.3288,2033.8922,2110.3425,2092.1195,2118.6383,2027.2416,2075.2944,2286.39
Lithuania,LULUCF,Emissions (CH4),kilotonnes,0.0017,0,0.035,0.0675,0.0125,0,0.0025,0,0.0225,0.025,0,0,0,0,0,0.0025,0,0,0.005,0,0
Lithuania,LULUCF,Emissions (CH4),kilotonnes,0.1484,0.1168,0.2096,0.1643,0.1579,0.0398,0.4839,0.0348,0.0644,0.1585,0.0558,0.0955,0.0433,0.0355,0.1151,0.0515,0.0275,0.0122,0.0244,0.0441,
Lithuania,LULUCF,Emissions (N2O),kilotonnes,0.0001,0,0.0032,0.0062,0.0011,0,0.0002,0,0.0021,0.0023,0,0,0,0,0,0.0002,0,0,0.0005,0,0
Lithuania,LULUCF,Emissions (N2O),kilotonnes,0.4317,0.4191,0.4109,0.4281,0.4561,0.4248,0.4835,0.4412,0.472,0.5129,0.52,0.5131,0.4954,0.5137,0.5201,0.5177,0.5459,0.5517,0.5506,0.6124,
Lithuania,LULUCF,Emissions (CO2),kilotonnes,5686.0145,5169.9567,5158.5607,5145.6436,5108.8698,5090.7772,5092.4604,5101.5152,5095.4231,5072.9357,5070.7408,-1023.3225,-1019.3885,-1018.2669,-1073.1941,-1073.3261,4368.3026,4356.3118,4350.753,4335.3956,4341.6422
Lithuania,LULUCF,Emissions (CO2),kilotonnes,-9565.0903,-7385.6316,-6434.8143,-5718.243,-5280.528,-4490.9893,-4107.3533,-5987.3849,-6657.419,-7638.5258,-10573.6763,-10733.8236,-10168.6752,-9507.5462,-8642.7933,-8053.8905,-7294.1341,-6840.0355,-6678.7043,-5619.5433,
Lithuania,LULUCF,Emissions (CO2eq) from CH4 (AR5),kilotonnes,0.0471,0,0.9799,1.8898,0.3499,0,0.07,0,0.6299,0.6999,0,0,0,0,0,0.07,0,0,0.14,0,0
Lithuania,LULUCF,Emissions (CO2eq) from N2O (AR5),kilotonnes,0.0246,0,0.8468,1.633,0.3024,0,0.0605,0,0.5443,0.6048,0,0,0,0,0,0.0605,0,0,0.121,0,0
Lithuania,LULUCF,Emissions (CO2eq) (AR5),kilotonnes,5686.0862,5169.9567,5160.3874,5149.1663,5109.5222,5090.7772,5092.5909,5101.5152,5096.5973,5074.2403,5070.7408,-1023.3225,-1019.3885,-1018.2669,-1073.1941,-1073.1956,4368.3026,4356.3118,4351.014,4335.3956,4341.6422
Lithuania,LULUCF,Emissions (CO2eq) (AR5),kilotonnes,-9565.0903,-7385.6316,-6434.8143,-5718.243,-5280.528,-4490.9893,-4107.3533,-5987.3849,-6657.419,-7638.5258,-10573.6763,-10733.8236,-10168.6752,-9507.5462,-8642.7933,-8053.8905,-7294.1341,-6840.0355,-6678.7043,-5619.5433,
Lithuania,AFOLU,Emissions (CH4),kilotonnes,101.548,89.5606,90.9396,93.3981,95.2201,93.6387,93.5,95.3031,89.2825,86.358,84.4579,83.9299,81.8688,79.34,77.3869,78.6692,76.7431,73.7789,68.2245,65.7659,64.9733
Lithuania,AFOLU,Emissions (N2O),kilotonnes,12.3084,11.9822,12.3519,12.4219,12.5058,12.5068,12.3918,12.769,12.5076,12.816,12.7666,12.9306,13.266,13.2548,13.4547,13.7114,13.3781,13.4535,12.9129,13.4973,13.9048
Lithuania,AFOLU,Emissions (CO2),kilotonnes,5686.0145,5169.9567,5158.5607,5145.6436,5108.8698,5090.7772,5092.4604,5101.5152,5095.4231,5072.9357,5070.7408,-1023.3225,-1019.3885,-1018.2669,-1073.1941,-1073.3261,4368.3026,4356.3118,4350.753,4335.3956,4341.6422
Lithuania,AFOLU,Emissions (CO2eq) from CH4 (AR5),kilotonnes,2843.3445,2507.6963,2546.3096,2615.1476,2666.1618,2621.8832,2618.0009,2668.4866,2499.9113,2418.0253,2364.8225,2350.0371,2292.3267,2221.5196,2166.8328,2202.7366,2148.807,2065.81,1910.2858,1841.4445,1819.253
Lithuania,AFOLU,Emissions (CO2eq) from N2O (AR5),kilotonnes,3261.727,3175.2732,3273.2477,3291.7928,3314.0372,3314.3116,3283.8341,3383.798,3314.5096,3396.2378,3383.1366,3426.6198,3515.4804,3512.5193,3565.5009,3633.5282,3545.1927,3565.1669,3421.9249,3576.7935,3684.7761
Lithuania,AFOLU,Emissions (CO2eq) (AR5),kilotonnes,11791.086,10852.9262,10978.1179,11052.584,11089.0689,11026.972,10994.2954,11153.7998,10909.844,10887.1988,10818.6999,4753.3343,4788.4187,4715.772,4659.1396,4762.9387,10062.3023,9987.2888,9682.9637,9753.6337,9845.6713
Lithuania,All sectors with LULUCF,Emissions (CH4),kilotonnes,183.3665,175.3351,182.7075,181.1926,182.3179,180.0289,179.21,182.1151,176.7095,171.187,169.1869,168.8589,166.9978,162.269,158.5159,158.4982,155.7721,153.6079,147.0535,144.2059,139.0153
Lithuania,All sectors with LULUCF,Emissions (N2O),kilotonnes,17.6294,17.7642,18.5239,18.7749,19.3778,20.1758,20.0548,22.281,21.4256,20.099,20.2776,22.3186,22.781,21.5398,22.4247,23.0624,22.2911,22.5745,22.0799,22.8033,22.0628
Lithuania,All sectors with LULUCF,Emissions (CO2),kilotonnes,18217.2145,19171.5567,19090.0207,19159.5736,19480.8898,20084.5072,20175.8904,22702.0182,22565.8451,18843.3977,19542.0308,14881.2675,15071.6815,13432.5431,13888.8759,14342.6439,19328.8496,20197.4918,20511.513,20536.8656,19703.4922
Lithuania,All sectors with LULUCF,Emissions (CO2eq) from F-gases (AR5),kilotonnes,191.4357,254.5997,334.2836,454.7811,579.1657,729.7877,819.1891,928.9974,1039.7774,1195.2581,1457.6319,1506.2196,1739.4407,2021.2495,2283.6233,2798.6532,3527.4691,3498.3165,2740.3479,2643.1725,2526.5619
Lithuania,All sectors with LULUCF,Emissions (CO2eq) from CH4 (AR5),kilotonnes,5134.2625,4909.3823,5115.8108,5073.3936,5104.9002,5040.8088,5017.8809,5099.2226,4947.8673,4793.2373,4737.2345,4728.0491,4675.9387,4543.5316,4438.4448,4437.9486,4361.619,4301.022,4117.4978,4037.7645,3892.429
Lithuania,All sectors with LULUCF,Emissions (CO2eq) from N2O (AR5),kilotonnes,4671.792,4707.5032,4908.8277,4975.3378,5135.1172,5346.5966,5314.5291,5904.478,5677.7796,5326.2328,5373.5516,5914.4398,6036.9554,5708.0443,5942.5509,6111.5432,5907.1377,5982.2319,5851.1799,6042.8835,5846.6461
Lithuania,All sectors with LULUCF,Emissions (CO2eq) (AR5),kilotonnes,28214.7047,29043.0419,29448.9427,29663.0862,30300.073,31201.7003,31327.4895,34634.7161,34231.2694,30158.1259,31110.4488,27029.976,27524.0164,25705.3685,26553.4949,27690.7889,33125.0754,33979.0623,33220.5386,33260.6862,31969.1292
Lithuania,All sectors without LULUCF,Emissions (CH4),kilotonnes,183.3648,175.3351,182.6725,181.1251,182.3054,180.0289,179.2075,182.1151,176.6871,171.1621,169.1869,168.8589,166.9978,162.269,158.5159,158.4957,155.7721,153.6079,147.0485,144.2059,139.0153
Lithuania,All sectors without LULUCF,Emissions (N2O),kilotonnes,17.6293,17.7642,18.5207,18.7687,19.3767,20.1758,20.0546,22.281,21.4235,20.0967,20.2776,22.3186,22.781,21.5398,22.4247,23.0622,22.2911,22.5745,22.0795,22.8033,22.0628
Lithuania,All sectors without LULUCF,Emissions (CO2),kilotonnes,12531.2,14001.6,13931.46,14013.93,14372.02,14993.73,15083.43,17600.503,17470.422,13770.462,14471.29,15904.59,16091.07,14450.81,14962.07,15415.97,14960.547,15841.18,16160.76,16201.47,15361.85
Lithuania,All sectors without LULUCF,Emissions (CO2eq) from F-gases (AR5),kilotonnes,191.4357,254.5997,334.2836,454.7811,579.1657,729.7877,819.1891,928.9974,1039.7774,1195.2581,1457.6319,1506.2196,1739.4407,2021.2495,2283.6233,2798.6532,3527.4691,3498.3165,2740.3479,2643.1725,2526.5619
Lithuania,All sectors without LULUCF,Emissions (CO2eq) from CH4 (AR5),kilotonnes,5134.2155,4909.3823,5114.8309,5071.5039,5104.5503,5040.8088,5017.8109,5099.2226,4947.2374,4792.5374,4737.2345,4728.0491,4675.9387,4543.5316,4438.4448,4437.8786,4361.619,4301.022,4117.3578,4037.7645,3892.429
Lithuania,All sectors without LULUCF,Emissions (CO2eq) from N2O (AR5),kilotonnes,4671.7673,4707.5032,4907.9809,4973.7048,5134.8148,5346.5966,5314.4686,5904.478,5677.2353,5325.628,5373.5516,5914.4398,6036.9554,5708.0443,5942.5509,6111.4827,5907.1377,5982.2319,5851.0589,6042.8835,5846.6461
Lithuania,All sectors without LULUCF,Emissions (CO2eq) (AR5),kilotonnes,22528.6184,23873.0852,24288.5553,24513.9198,25190.5508,26110.9231,26234.8987,29533.201,29134.6721,25083.8856,26039.708,28053.2984,28543.4048,26723.6354,27626.6889,28763.9845,28756.7728,29622.7505,28869.5246,28925.2905,27627.487
Luxembourg,Crop Residues,Direct emissions (N2O),kilotonnes,0.0247,0.0236,0.0269,0.0267,0.0287,0.0265,0.0266,0.0248,0.0317,0.0305,0.0266,0.0242,0.0246,0.0277,0.0259,0.028,0.0221,0.0239,0.0245,0.0252,0.0227
Luxembourg,Crop Residues,Direct emissions (N2O),kilotonnes,0.0393,0.0359,0.029,0.0238,0.0344,0.0263,0.0278,0.0308,0.0323,0.0323,0.0295,0.0254,0.0364,0.0348,0.0375,0.0271,0.0329,0.0299,0.0302,0.0294,0.0272
Luxembourg,Crop Residues,Indirect emissions (N2O),kilotonnes,0.0056,0.0053,0.0061,0.006,0.0065,0.006,0.006,0.0056,0.0071,0.0069,0.006,0.0055,0.0055,0.0062,0.0058,0.0063,0.005,0.0054,0.0055,0.0057,0.0051
Luxembourg,Crop Residues,Emissions (N2O),kilotonnes,0.0303,0.0289,0.033,0.0326,0.0352,0.0324,0.0326,0.0304,0.0388,0.0373,0.0326,0.0297,0.0302,0.034,0.0318,0.0343,0.0271,0.0293,0.03,0.0308,0.0278
Luxembourg,Crop Residues,Emissions (N2O),kilotonnes,0.0393,0.0359,0.029,0.0238,0.0344,0.0263,0.0278,0.0308,0.0323,0.0323,0.0295,0.0254,0.0364,0.0348,0.0375,0.0271,0.0329,0.0299,0.0302,0.0294,0.0272
Luxembourg,Crop Residues,Emissions (CO2eq) from N2O (AR5),kilotonnes,8.0331,7.6588,8.7486,8.6516,9.3167,8.5948,8.6275,8.0436,10.2918,9.8947,8.6286,7.8689,7.9971,9.0059,8.4223,9.0954,7.1781,7.7551,7.938,8.1652,7.3571
Luxembourg,Crop Residues,Emissions (CO2eq) from N2O (AR5),kilotonnes,10.416,9.5106,7.6893,6.3112,9.1204,6.9815,7.3777,8.1696,8.5542,8.5673,7.8142,6.7217,9.6501,9.2342,9.9357,7.1722,8.71,7.9213,8.0012,7.7867,7.199
Luxembourg,Crop Residues,Emissions (CO2eq) (AR5),kilotonnes,8.0331,7.6588,8.7486,8.6516,9.3167,8.5948,8.6275,8.0436,10.2918,9.8947,8.6286,7.8689,7.9971,9.0059,8.4223,9.0954,7.1781,7.7551,7.938,8.1652,7.3571
Luxembourg,Crop Residues,Emissions (CO2eq) (AR5),kilotonnes,10.416,9.5106,7.6893,6.3112,9.1204,6.9815,7.3777,8.1696,8.5542,8.5673,7.8142,6.7217,9.6501,9.2342,9.9357,7.1722,8.71,7.9213,8.0012,7.7867,7.199
Luxembourg,Burning - Crop residues,Emissions (CH4),kilotonnes,0.0125,0.0119,0.0138,0.013,0.0139,0.0135,0.0145,0.0144,0.0169,0.0161,0.0161,0.0158,0.0151,0.016,0.0143,0.016,0.0153,0.0155,0.0141,0.0148,0.0132
Luxembourg,Burning - Crop residues,Emissions (N2O),kilotonnes,0.0003,0.0003,0.0004,0.0003,0.0004,0.0003,0.0004,0.0004,0.0004,0.0004,0.0004,0.0004,0.0004,0.0004,0.0004,0.0004,0.0004,0.0004,0.0004,0.0004,0.0003
Luxembourg,Burning - Crop residues,Emissions (CO2eq) from CH4 (AR5),kilotonnes,0.351,0.3331,0.3878,0.3638,0.3884,0.3769,0.4048,0.4018,0.4724,0.4495,0.452,0.4429,0.4234,0.4476,0.3993,0.449,0.427,0.4351,0.396,0.4146,0.3698
Luxembourg,Burning - Crop residues,Emissions (CO2eq) from N2O (AR5),kilotonnes,0.0861,0.0817,0.0952,0.0893,0.0953,0.0925,0.0993,0.0986,0.1159,0.1103,0.1109,0.1087,0.1039,0.1098,0.098,0.1102,0.1048,0.1068,0.0972,0.1017,0.0907
Luxembourg,Burning - Crop residues,Emissions (CO2eq) (AR5),kilotonnes,0.4372,0.4148,0.483,0.453,0.4837,0.4694,0.5041,0.5004,0.5883,0.5598,0.5629,0.5516,0.5272,0.5574,0.4973,0.5591,0.5318,0.5418,0.4932,0.5163,0.4606
Luxembourg,Enteric Fermentation,Emissions (CH4),kilotonnes,14.8478,14.8097,14.3138,13.7817,13.5619,13.4674,13.2902,13.8079,14.0539,14.1461,14.3439,13.9384,13.6623,14.1147,14.4094,14.6006,14.8597,15.0165,14.5626,14.505,14.4334
Luxembourg,Enteric Fermentation,Emissions (CH4),kilotonnes,15.3577,15.3777,14.8702,14.4284,14.0988,14.1763,14.0325,14.5351,15.0126,15.064,15.2553,14.7383,14.4844,14.8581,15.2275,15.5301,15.9519,16.0417,16.0071,15.749,16.0947
Luxembourg,Enteric Fermentation,Emissions (CO2eq) from CH4 (AR5),kilotonnes,415.7373,414.6705,400.7853,385.8867,379.7344,377.0872,372.1266,386.6216,393.5081,396.0901,401.6291,390.2757,382.5444,395.2116,403.4645,408.8176,416.0704,420.4628,407.7539,406.1398,404.1358
Luxembourg,Enteric Fermentation,Emissions (CO2eq) from CH4 (AR5),kilotonnes,430.0149,430.5756,416.3654,403.9944,394.7666,396.9378,392.911,406.9842,420.3525,421.792,427.1493,412.6724,405.5636,416.0256,426.3687,434.8431,446.6518,449.169,448.1975,440.9714,450.6515
Luxembourg,Enteric Fermentation,Emissions (CO2eq) (AR5),kilotonnes,415.7373,414.6705,400.7853,385.8867,379.7344,377.0872,372.1266,386.6216,393.5081,396.0901,401.6291,390.2757,382.5444,395.2116,403.4645,408.8176,416.0704,420.4628,407.7539,406.1398,404.1358
Luxembourg,Enteric Fermentation,Emissions (CO2eq) (AR5),kilotonnes,430.0149,430.5756,416.3654,403.9944,394.7666,396.9378,392.911,406.9842,420.3525,421.792,427.1493,412.6724,405.5636,416.0256,426.3687,434.8431,446.6518,449.169,448.1975,440.9714,450.6515
Luxembourg,Manure Management,Emissions (CH4),kilotonnes,2.4803,2.4619,2.4065,2.3616,2.331,2.353,2.2867,2.3425,2.3636,2.3731,2.4217,2.4057,2.3767,2.4335,2.4628,2.5388,2.5845,2.6434,2.512,2.5255,2.5064
Luxembourg,Manure Management,Emissions (CH4),kilotonnes,2.5905,2.5396,2.4611,2.3755,2.2928,2.312,2.227,2.2483,2.2488,2.2027,2.1563,2.1237,2.1294,2.179,2.2193,2.2807,2.4179,2.44,2.4991,2.4128,2.5643
Luxembourg,Manure Management,Emissions (N2O),kilotonnes,0.1208,0.1203,0.1166,0.1128,0.111,0.1106,0.1087,0.1124,0.1141,0.1148,0.1166,0.114,0.112,0.1156,0.1177,0.1198,0.1223,0.1241,0.1198,0.1198,0.1191
Luxembourg,Manure Management,Emissions (N2O),kilotonnes,0.0873,0.087,0.084,0.083,0.0842,0.0835,0.0828,0.0858,0.088,0.0875,0.0894,0.0875,0.0853,0.0869,0.0894,0.0909,0.093,0.0959,0.0957,0.095,0.0953
Luxembourg,Manure Management,Emissions (CO2eq) from CH4 (AR5),kilotonnes,69.4479,68.9342,67.3828,66.1245,65.2674,65.8852,64.0277,65.5912,66.1798,66.447,67.808,67.3586,66.547,68.1376,68.958,71.0867,72.3663,74.0151,70.3363,70.715,70.1797
Luxembourg,Manure Management,Emissions (CO2eq) from CH4 (AR5),kilotonnes,72.5354,71.1098,68.9107,66.515,64.1973,64.737,62.3574,62.9511,62.9652,61.6744,60.3756,59.4633,59.6231,61.0132,62.1402,63.8597,67.7023,68.3188,69.9752,67.5578,71.8001
Luxembourg,Manure Management,Emissions (CO2eq) from N2O (AR5),kilotonnes,32.015,31.8808,30.9064,29.8848,29.4099,29.3175,28.7926,29.7815,30.2396,30.4349,30.8973,30.214,29.6918,30.6405,31.1884,31.7469,32.3999,32.8834,31.753,31.7441,31.5652
Luxembourg,Manure Management,Emissions (CO2eq) from N2O (AR5),kilotonnes,23.1373,23.0483,22.2707,22.0011,22.3072,22.1383,21.944,22.7409,23.3106,23.1919,23.6909,23.1748,22.6017,23.0313,23.6948,24.077,24.647,25.4201,25.3596,25.1786,25.2602
Luxembourg,Manure Management,Emissions (CO2eq) (AR5),kilotonnes,101.4628,100.815,98.2891,96.0093,94.6772,95.2027,92.8203,95.3726,96.4193,96.8819,98.7053,97.5726,96.2388,98.7781,100.1464,102.8336,104.7662,106.8984,102.0893,102.4591,101.7449
Luxembourg,Manure Management,Emissions (CO2eq) (AR5),kilotonnes,95.6727,94.1581,91.1813,88.5161,86.5045,86.8753,84.3014,85.692,86.2758,84.8663,84.0665,82.6381,82.2248,84.0445,85.8351,87.9367,92.3493,93.7389,95.3349,92.7364,97.0603
Luxembourg,Manure left on Pasture,Direct emissions (N2O),kilotonnes,0.1152,0.1152,0.1114,0.1077,0.1062,0.1058,0.1047,0.1092,0.1112,0.1119,0.1138,0.1106,0.1082,0.1111,0.1137,0.1152,0.116,0.1167,0.1127,0.1118,0.1112
Luxembourg,Manure left on Pasture,Indirect emissions (N2O),kilotonnes,0.0252,0.0252,0.0245,0.0238,0.0235,0.0236,0.0233,0.0243,0.0247,0.0249,0.0254,0.0248,0.0242,0.0248,0.0253,0.0257,0.0258,0.026,0.0251,0.025,0.0249
Luxembourg,Manure left on Pasture,Emissions (N2O),kilotonnes,0.1404,0.1404,0.1359,0.1315,0.1298,0.1294,0.128,0.1335,0.1359,0.1367,0.1392,0.1354,0.1324,0.1358,0.1391,0.141,0.1418,0.1427,0.1378,0.1367,0.1361
Luxembourg,Manure left on Pasture,Emissions (CO2eq) from N2O (AR5),kilotonnes,37.1986,37.2174,36.0032,34.8408,34.3942,34.2907,33.9238,35.3798,36.006,36.2296,36.8879,35.87,35.0812,35.9997,36.8492,37.3537,37.5791,37.8256,36.5241,36.2384,36.0787
Luxembourg,Manure left on Pasture,Emissions (CO2eq) (AR5),kilotonnes,37.1986,37.2174,36.0032,34.8408,34.3942,34.2907,33.9238,35.3798,36.006,36.2296,36.8879,35.87,35.0812,35.9997,36.8492,37.3537,37.5791,37.8256,36.5241,36.2384,36.0787
Luxembourg,Manure applied to Soils,Direct emissions (N2O),kilotonnes,0.1168,0.1164,0.1129,0.1095,0.1079,0.1079,0.1059,0.1095,0.1111,0.1117,0.1135,0.1112,0.1094,0.1124,0.1146,0.1168,0.1185,0.1202,0.1153,0.1152,0.1144
Luxembourg,Manure applied to Soils,Direct emissions (N2O),kilotonnes,0.1276,0.1269,0.1228,0.1205,0.1216,0.1203,0.1188,0.1228,0.1248,0.1238,0.1258,0.1235,0.1207,0.1234,0.1272,0.1296,0.1333,0.1377,0.1376,0.1368,0.1375
Luxembourg,Manure applied to Soils,Indirect emissions (N2O),kilotonnes,0.0496,0.0495,0.048,0.0465,0.0458,0.0458,0.045,0.0465,0.0472,0.0475,0.0482,0.0473,0.0465,0.0478,0.0487,0.0497,0.0504,0.0511,0.049,0.0489,0.0486
Luxembourg,Manure applied to Soils,Emissions (N2O),kilotonnes,0.1664,0.1659,0.1608,0.156,0.1537,0.1537,0.1509,0.156,0.1583,0.1592,0.1617,0.1585,0.1559,0.1602,0.1633,0.1665,0.1688,0.1713,0.1643,0.1641,0.163
Luxembourg,Manure applied to Soils,Emissions (N2O),kilotonnes,0.1276,0.1269,0.1228,0.1205,0.1216,0.1203,0.1188,0.1228,0.1248,0.1238,0.1258,0.1235,0.1207,0.1234,0.1272,0.1296,0.1333,0.1377,0.1376,0.1368,0.1375
Luxembourg,Manure applied to Soils,Emissions (CO2eq) from N2O (AR5),kilotonnes,44.1008,43.9665,42.6224,41.35,40.7286,40.7303,39.9756,41.3498,41.9445,42.1826,42.8498,42.0078,41.3151,42.4632,43.262,44.1243,44.7403,45.385,43.5525,43.4873,43.202
Luxembourg,Manure applied to Soils,Emissions (CO2eq) from N2O (AR5),kilotonnes,33.8125,33.6287,32.5526,31.9243,32.2262,31.8895,31.4845,32.5407,33.0773,32.8157,33.3372,32.7149,31.9785,32.7118,33.7179,34.3539,35.332,36.4989,36.4534,36.2524,36.4407
Luxembourg,Manure applied to Soils,Emissions (CO2eq) (AR5),kilotonnes,44.1008,43.9665,42.6224,41.35,40.7286,40.7303,39.9756,41.3498,41.9445,42.1826,42.8498,42.0078,41.3151,42.4632,43.262,44.1243,44.7403,45.385,43.5525,43.4873,43.202
Luxembourg,Manure applied to Soils,Emissions (CO2eq) (AR5),kilotonnes,33.8125,33.6287,32.5526,31.9243,32.2262,31.8895,31.4845,32.5407,33.0773,32.8157,33.3372,32.7149,31.9785,32.7118,33.7179,34.3539,35.332,36.4989,36.4534,36.2524,36.4407
Luxembourg,Synthetic Fertilizers,Direct emissions (N2O),kilotonnes,,,0.2028,0.2028,0.257,0.2236,0.2205,0.2092,0.2095,0.2103,0.2163,0.227,0.2149,0.21,0.1998,0.2044,0.2158,0.2133,0.2049,0.2168,0.2057
Luxembourg,Synthetic Fertilizers,Direct emissions (N2O),kilotonnes,0.2786,0.2376,0.2477,0.2019,0.256,0.2213,0.2184,0.2074,0.2074,0.2086,0.2153,0.2261,0.2144,0.2097,0.1992,0.204,0.2153,0.2133,0.2049,0.2168,0.2057
Luxembourg,Synthetic Fertilizers,Indirect emissions (N2O),kilotonnes,,,0.0659,0.0659,0.0835,0.0727,0.0717,0.068,0.0681,0.0684,0.0703,0.0738,0.0698,0.0683,0.0649,0.0664,0.0701,0.0693,0.0666,0.0705,0.0669
Luxembourg,Synthetic Fertilizers,Emissions (N2O),kilotonnes,,,0.2687,0.2687,0.3405,0.2963,0.2922,0.2772,0.2775,0.2787,0.2866,0.3008,0.2847,0.2783,0.2647,0.2708,0.2859,0.2826,0.2715,0.2872,0.2726
Luxembourg,Synthetic Fertilizers,Emissions (N2O),kilotonnes,0.2786,0.2376,0.2477,0.2019,0.256,0.2213,0.2184,0.2074,0.2074,0.2086,0.2153,0.2261,0.2144,0.2097,0.1992,0.204,0.2153,0.2133,0.2049,0.2168,0.2057
Luxembourg,Synthetic Fertilizers,Emissions (CO2eq) from N2O (AR5),kilotonnes,,,71.2056,71.2056,90.2416,78.5166,77.4351,73.4513,73.5451,73.8486,75.9564,79.7084,75.4543,73.7493,70.1518,71.7684,75.7632,74.9017,71.9395,76.1164,72.2376
Luxembourg,Synthetic Fertilizers,Emissions (CO2eq) from N2O (AR5),kilotonnes,73.8347,62.9562,65.6353,53.4973,67.8513,58.6429,57.884,54.9675,54.9611,55.2911,57.0519,59.9144,56.8169,55.5582,52.7948,54.0722,57.053,56.5317,54.2919,57.4454,54.5192
Luxembourg,Synthetic Fertilizers,Emissions (CO2eq) (AR5),kilotonnes,,,71.2056,71.2056,90.2416,78.5166,77.4351,73.4513,73.5451,73.8486,75.9564,79.7084,75.4543,73.7493,70.1518,71.7684,75.7632,74.9017,71.9395,76.1164,72.2376
Luxembourg,Synthetic Fertilizers,Emissions (CO2eq) (AR5),kilotonnes,73.8347,62.9562,65.6353,53.4973,67.8513,58.6429,57.884,54.9675,54.9611,55.2911,57.0519,59.9144,56.8169,55.5582,52.7948,54.0722,57.053,56.5317,54.2919,57.4454,54.5192
Luxembourg,Drained organic soils,Emissions (CO2eq) (AR5),kilotonnes,5.9451,5.8506,5.5995,5.5837,5.5837,5.5837,5.5837,5.5837,5.5837,5.5837,5.5837,5.5837,5.5837,5.5837,5.6529,5.6529,5.5585,5.5585,5.5585,5.3483,5.3483
Luxembourg,Drained organic soils (CO2),Emissions (CO2),kilotonnes,5.0058,4.9261,4.7147,4.7014,4.7014,4.7014,4.7014,4.7014,4.7014,4.7014,4.7014,4.7014,4.7014,4.7014,4.7596,4.7596,4.6801,4.6801,4.6801,4.5025,4.5025
Luxembourg,Drained organic soils (CO2),Emissions (CO2eq) (AR5),kilotonnes,5.0058,4.9261,4.7147,4.7014,4.7014,4.7014,4.7014,4.7014,4.7014,4.7014,4.7014,4.7014,4.7014,4.7014,4.7596,4.7596,4.6801,4.6801,4.6801,4.5025,4.5025
Luxembourg,Drained organic soils (N2O),Emissions (N2O),kilotonnes,0.0035,0.0035,0.0033,0.0033,0.0033,0.0033,0.0033,0.0033,0.0033,0.0033,0.0033,0.0033,0.0033,0.0033,0.0034,0.0034,0.0033,0.0033,0.0033,0.0032,0.0032
Luxembourg,Drained organic soils (N2O),Emissions (CO2eq) from N2O (AR5),kilotonnes,0.9394,0.9245,0.8848,0.8823,0.8823,0.8823,0.8823,0.8823,0.8823,0.8823,0.8823,0.8823,0.8823,0.8823,0.8934,0.8934,0.8785,0.8785,0.8785,0.8458,0.8458
Luxembourg,Drained organic soils (N2O),Emissions (CO2eq) (AR5),kilotonnes,0.9394,0.9245,0.8848,0.8823,0.8823,0.8823,0.8823,0.8823,0.8823,0.8823,0.8823,0.8823,0.8823,0.8823,0.8934,0.8934,0.8785,0.8785,0.8785,0.8458,0.8458
Luxembourg,On-farm energy use,Emissions (CH4),kilotonnes,0.0386,0.0394,0.0286,0.027,0.0338,0.0331,0.0379,0.0349,0.0355,0.0337,0.0306,0.0266,0.0226,0.0186,0.0181,0.0162,0.0171,0.0154,0.0153,0.0147,0.0147
Luxembourg,On-farm energy use,Emissions (N2O),kilotonnes,0.0177,0.0201,0.0201,0.0213,0.0201,0.0213,0.0213,0.0225,0.0225,0.0262,0.0261,0.0212,0.0212,0.0236,0.0236,0.0236,0.0273,0.0223,0.0199,0.0192,0.0192
Luxembourg,On-farm energy use,Emissions (CO2),kilotonnes,68.233,75.3011,69.7841,71.8239,70.0049,72.119,72.7248,74.5307,74.5627,83.2755,82.2853,68.6527,67.2937,72.021,71.6447,71.1517,80.8104,67.7568,61.3973,59.3478,59.3478
Luxembourg,On-farm energy use,Emissions (CO2eq) from CH4 (AR5),kilotonnes,1.0813,1.1037,0.8007,0.7553,0.9454,0.9272,1.0608,0.9773,0.993,0.9422,0.8562,0.7449,0.6331,0.5218,0.508,0.4544,0.4778,0.4325,0.4277,0.4117,0.4117
Luxembourg,On-farm energy use,Emissions (CO2eq) from N2O (AR5),kilotonnes,4.6822,5.3328,5.3157,5.6401,5.321,5.64,5.6408,5.9607,5.9594,6.9308,6.9243,5.619,5.612,6.2544,6.2529,6.2483,7.2253,5.9214,5.273,5.077,5.077
Luxembourg,On-farm energy use,Emissions (CO2eq) (AR5),kilotonnes,73.9965,81.7376,75.9005,78.2192,76.2713,78.6861,79.4263,81.4687,81.5151,91.1486,90.0658,75.0166,73.5389,78.7973,78.4056,77.8543,88.5136,74.1108,67.0981,64.8365,64.8365
Luxembourg,Forestland,Emissions (CO2),kilotonnes,-557.4606,-518.9991,-518.9991,-518.9991,-518.9991,-518.9991,-518.9991,-518.9991,-518.9991,-518.9991,-518.9991,-242.6241,-242.6241,-242.6241,-242.6241,-242.6241,-279.7007,-279.7007,-279.7007,-279.7007,-279.7007
Luxembourg,Forestland,Emissions (CO2),kilotonnes,-640.3119,-634.6237,-644.7896,-611.1041,-621.2763,-579.4655,-497.593,-418.9555,-412.9622,-394.4815,-63.2086,-230.3419,-330.3124,-534.942,-457.3159,-404.7342,-480.8541,-374.836,-195.9697,-319.833,-382.8671
Luxembourg,Forestland,Emissions (CO2eq) (AR5),kilotonnes,-557.4606,-518.9991,-518.9991,-518.9991,-518.9991,-518.9991,-518.9991,-518.9991,-518.9991,-518.9991,-518.9991,-242.6241,-242.6241,-242.6241,-242.6241,-242.6241,-279.7007,-279.7007,-279.7007,-279.7007,-279.7007
Luxembourg,Forestland,Emissions (CO2eq) (AR5),kilotonnes,-640.3119,-634.6237,-644.7896,-611.1041,-621.2763,-579.4655,-497.593,-418.9555,-412.9622,-394.4815,-63.2086,-230.3419,-330.3124,-534.942,-457.3159,-404.7342,-480.8541,-374.836,-195.9697,-319.833,-382.8671
Luxembourg,Net Forest conversion,Emissions (CO2),kilotonnes,2.3071,0,0,0,0,0,0,0,0,0,0,0,0,0,0,0,0,0,0,0,0
Luxembourg,Net Forest conversion,Emissions (CO2),kilotonnes,24.4202,24.4351,26.273,26.2879,26.3028,26.3178,26.3327,26.3476,12.7237,12.7289,13.7789,13.7848,13.7907,31.6198,31.6394,31.659,14.3477,14.3552,14.3627,14.3702,14.3777
Luxembourg,Net Forest conversion,Emissions (CO2eq) (AR5),kilotonnes,2.3071,0,0,0,0,0,0,0,0,0,0,0,0,0,0,0,0,0,0,0,0
Luxembourg,Net Forest conversion,Emissions (CO2eq) (AR5),kilotonnes,24.4202,24.4351,26.273,26.2879,26.3028,26.3178,26.3327,26.3476,12.7237,12.7289,13.7789,13.7848,13.7907,31.6198,31.6394,31.659,14.3477,14.3552,14.3627,14.3702,14.3777
Luxembourg,Savanna fires,Emissions (CH4),kilotonnes,0,0,0,0,0,0,0,0,0,0,0,0,0,0,0,0,0,0,0,0,0
Luxembourg,Savanna fires,Emissions (N2O),kilotonnes,0,0,0,0,0,0,0,0,0,0,0,0,0,0,0,0,0,0,0,0,0
Luxembourg,Savanna fires,Emissions (CO2eq) from CH4 (AR5),kilotonnes,0,0,0,0,0,0,0,0,0,0,0,0,0,0,0,0,0,0,0,0,0
Luxembourg,Savanna fires,Emissions (CO2eq) from N2O (AR5),kilotonnes,0,0,0,0,0,0,0,0,0,0,0,0,0,0,0,0,0,0,0,0,0
Luxembourg,Savanna fires,Emissions (CO2eq) (AR5),kilotonnes,0,0,0,0,0,0,0,0,0,0,0,0,0,0,0,0,0,0,0,0,0
Luxembourg,Fires in organic soils,Emissions (CH4),kilotonnes,0,0,0,0,0,0,0,0,0,0,0,0,0,0,0,0,0,0,0,0,0
Luxembourg,Fires in organic soils,Emissions (CO2),kilotonnes,0,0,0,0,0,0,0,0,0,0,0,0,0,0,0,0,0,0,0,0,0
Luxembourg,Fires in organic soils,Emissions (CO2eq) from CH4 (AR5),kilotonnes,0,0,0,0,0,0,0,0,0,0,0,0,0,0,0,0,0,0,0,0,0
Luxembourg,Fires in organic soils,Emissions (CO2eq) (AR5),kilotonnes,0,0,0,0,0,0,0,0,0,0,0,0,0,0,0,0,0,0,0,0,0
Luxembourg,Forest fires,Emissions (CH4),kilotonnes,0,0,0,0,0,0,0,0,0,0,0,0,0,0,0,0,0,0.0025,0,0,0
Luxembourg,Forest fires,Emissions (N2O),kilotonnes,0,0,0,0,0,0,0,0,0,0,0,0,0,0,0,0,0,0.0002,0,0,0
Luxembourg,Forest fires,Emissions (CO2eq) from CH4 (AR5),kilotonnes,0,0,0,0,0,0,0,0,0,0,0,0,0,0,0,0,0,0.0699,0,0,0
Luxembourg,Forest fires,Emissions (CO2eq) from N2O (AR5),kilotonnes,0,0,0,0,0,0,0,0,0,0,0,0,0,0,0,0,0,0.0604,0,0,0
Luxembourg,Forest fires,Emissions (CO2eq) (AR5),kilotonnes,0,0,0,0,0,0,0,0,0,0,0,0,0,0,0,0,0,0.1303,0,0,0
Luxembourg,Fires in humid tropical forests,Emissions (CH4),kilotonnes,0,0,0,0,0,0,0,0,0,0,0,0,0,0,0,0,0,0,0,0,0
Luxembourg,Fires in humid tropical forests,Emissions (N2O),kilotonnes,0,0,0,0,0,0,0,0,0,0,0,0,0,0,0,0,0,0,0,0,0
Luxembourg,Fires in humid tropical forests,Emissions (CO2eq) from CH4 (AR5),kilotonnes,0,0,0,0,0,0,0,0,0,0,0,0,0,0,0,0,0,0,0,0,0
Luxembourg,Fires in humid tropical forests,Emissions (CO2eq) from N2O (AR5),kilotonnes,0,0,0,0,0,0,0,0,0,0,0,0,0,0,0,0,0,0,0,0,0
Luxembourg,Fires in humid tropical forests,Emissions (CO2eq) (AR5),kilotonnes,0,0,0,0,0,0,0,0,0,0,0,0,0,0,0,0,0,0,0,0,0
Luxembourg,Waste - agri-food systems,Emissions (CH4),kilotonnes,2.3887,2.4039,2.4228,2.4356,2.4574,2.4718,2.4847,2.5057,2.5228,2.5417,2.5557,2.5808,2.5912,2.6152,2.6122,2.6335,2.6562,2.6775,2.6969,2.7151,2.7308
Luxembourg,Waste - agri-food systems,Emissions (N2O),kilotonnes,0.0221,0.024,0.0241,0.0247,0.025,0.0258,0.0261,0.0262,0.0266,0.027,0.0279,0.0293,0.0303,0.0306,0.0295,0.0297,0.0303,0.0309,0.0314,0.032,0.0325
Luxembourg,Waste - agri-food systems,Emissions (CO2),kilotonnes,17.7652,17.7707,17.8458,18.0152,18.14,18.1936,18.2909,18.4285,18.5268,18.4691,18.4926,18.5622,18.5385,18.6035,18.6436,18.5422,18.5684,18.6093,18.6701,18.6586,18.6915
Luxembourg,Waste - agri-food systems,Emissions (CO2eq) from CH4 (AR5),kilotonnes,66.8831,67.3099,67.8393,68.1965,68.8079,69.2105,69.5721,70.1584,70.6377,71.1679,71.5599,72.2621,72.5524,73.2263,73.1415,73.7386,74.3733,74.9686,75.5127,76.0219,76.4621
Luxembourg,Waste - agri-food systems,Emissions (CO2eq) from N2O (AR5),kilotonnes,5.8637,6.3712,6.3753,6.5482,6.6325,6.8377,6.9227,6.9556,7.0364,7.1498,7.4005,7.7702,8.0406,8.0961,7.8095,7.8591,8.0244,8.1847,8.3298,8.4777,8.6048
Luxembourg,Waste - agri-food systems,Emissions (CO2eq) (AR5),kilotonnes,90.5119,91.4518,92.0604,92.7598,93.5805,94.2418,94.7857,95.5425,96.2009,96.7867,97.453,98.5945,99.1315,99.9259,99.5946,100.1399,100.9661,101.7626,102.5126,103.1582,103.7584
Luxembourg,On-farm electricity use,Emissions (CH4),kilotonnes,0.0408,0.0468,0.0372,0.0408,0.0456,0.0384,0.036,0.036,0.036,0.0444,0.0468,0.0552,0.0456,0.048,0.0468,0.0444,0.0408,0.0396,0.0396,0.0382,0.0382
Luxembourg,On-farm electricity use,Emissions (N2O),kilotonnes,0.0002,0.0002,0.0002,0.0002,0.0002,0.0002,0.0002,0.0002,0.0002,0.0002,0.0002,0.0003,0.0003,0.0002,0.0002,0.0002,0.0002,0.0002,0.0002,0.0002,0.0002
Luxembourg,On-farm electricity use,Emissions (CO2),kilotonnes,16.8748,17.1861,12.0284,12.058,13.3562,11.1159,10.371,10.4162,10.1906,12.8125,13.3713,15.779,12.933,13.8344,13.4885,12.7968,11.7593,11.4134,11.4134,10.9984,10.9984
Luxembourg,On-farm electricity use,Emissions (CO2eq) from CH4 (AR5),kilotonnes,1.1424,1.3104,1.0416,1.1424,1.2768,1.0752,1.008,1.008,1.008,1.2432,1.3104,1.5456,1.2768,1.344,1.3104,1.2432,1.1424,1.1088,1.1088,1.0696,1.0696
Luxembourg,On-farm electricity use,Emissions (CO2eq) from N2O (AR5),kilotonnes,0.053,0.053,0.053,0.053,0.053,0.053,0.053,0.053,0.053,0.053,0.053,0.0795,0.0795,0.053,0.053,0.053,0.053,0.053,0.053,0.053,0.053
Luxembourg,On-farm electricity use,Emissions (CO2eq) (AR5),kilotonnes,18.0702,18.5495,13.123,13.2534,14.686,12.2441,11.432,11.4772,11.2516,14.1087,14.7347,17.4041,14.2893,15.2314,14.8519,14.093,12.9547,12.5752,12.5752,12.121,12.121
Luxembourg,Food Processing,Emissions (CH4),kilotonnes,0.1806,0.1868,0.23,0.2262,0.1986,0.2009,0.1792,0.1552,0.1611,0.1754,0.1743,0.201,0.1868,0.1724,0.259,0.1905,0.2121,0.1679,0.1787,0.1787,0.1711
Luxembourg,Food Processing,Emissions (N2O),kilotonnes,0.001,0.0009,0.0014,0.0012,0.001,0.0011,0.001,0.0009,0.0009,0.0008,0.0008,0.0012,0.0012,0.001,0.0014,0.0011,0.0012,0.001,0.001,0.001,0.0009
Luxembourg,Food Processing,Emissions (CO2),kilotonnes,100.5674,99.9099,108.5778,95.6324,86.4479,81.0234,72.1093,64.9408,62.539,59.8139,62.8298,80.7645,72.4602,69.7838,101.0811,76.9913,85.6291,75.9511,80.0175,80.0175,66.1165
Luxembourg,Food Processing,Emissions (CO2eq) from CH4 (AR5),kilotonnes,5.0568,5.2304,6.44,6.3336,5.5608,5.6252,5.0176,4.3456,4.5108,4.9112,4.8804,5.628,5.2304,4.8272,7.252,5.334,5.9388,4.7012,5.0036,5.0036,4.7916
Luxembourg,Food Processing,Emissions (CO2eq) from N2O (AR5),kilotonnes,0.265,0.2385,0.371,0.318,0.265,0.2915,0.265,0.2385,0.2385,0.212,0.212,0.318,0.318,0.265,0.371,0.2915,0.318,0.265,0.265,0.265,0.2328
Luxembourg,Food Processing,Emissions (CO2eq) (AR5),kilotonnes,105.8892,105.3788,115.3888,102.284,92.2737,86.9401,77.3919,69.5249,67.2883,64.9371,67.9222,86.7105,78.0086,74.876,108.7041,82.6168,91.8859,80.9173,85.2861,85.2861,71.1409
Luxembourg,Food Packaging,Emissions (CH4),kilotonnes,0.1011,0.1144,0.1424,0.1743,0.1583,0.1506,0.1227,0.1021,0.1134,0.1335,0.1186,0.0825,0.0915,0.0863,0.0928,0.1004,0.1036,0.0916,0.096,0.0855,0.0819
Luxembourg,Food Packaging,Emissions (N2O),kilotonnes,0.0005,0.0005,0.0008,0.0009,0.0007,0.0008,0.0007,0.0006,0.0007,0.0006,0.0005,0.0005,0.0006,0.0005,0.0005,0.0006,0.0006,0.0005,0.0005,0.0005,0.0004
Luxembourg,Food Packaging,Emissions (CO2),kilotonnes,53.7948,58.0122,64.4857,70.1413,63.2129,60.2697,46.9117,38.4622,44.088,52.1679,46.0446,38.6612,44.9881,46.5198,42.4764,44.7869,44.9484,39.9286,42.238,37.3114,30.8295
Luxembourg,Food Packaging,Emissions (CO2eq) from CH4 (AR5),kilotonnes,2.8308,3.2032,3.9872,4.8804,4.4324,4.2168,3.4356,2.8588,3.1752,3.738,3.3208,2.31,2.562,2.4164,2.5984,2.8112,2.9008,2.5648,2.688,2.394,2.2926
Luxembourg,Food Packaging,Emissions (CO2eq) from N2O (AR5),kilotonnes,0.1325,0.1325,0.212,0.2385,0.1855,0.212,0.1855,0.159,0.1855,0.159,0.1325,0.1325,0.159,0.1325,0.1325,0.159,0.159,0.1325,0.1325,0.1325,0.1164
Luxembourg,Food Packaging,Emissions (CO2eq) (AR5),kilotonnes,56.7581,61.3479,68.6849,75.2602,67.8308,64.6985,50.5328,41.48,47.4487,56.0649,49.4979,41.1037,47.7091,49.0687,45.2073,47.7571,48.0082,42.6259,45.0585,39.8379,33.2385
Luxembourg,Food Retail,Emissions (CH4),kilotonnes,0.2286,0.2731,0.2281,0.2716,0.2582,0.2811,0.2848,0.3212,0.321,0.2987,0.311,0.2993,0.3044,0.3139,0.2899,0.2956,0.2799,0.3459,0.3537,0.3367,0.3224
Luxembourg,Food Retail,Emissions (N2O),kilotonnes,0.0014,0.0014,0.0015,0.0016,0.0014,0.0017,0.0017,0.0019,0.0019,0.0015,0.0015,0.0018,0.002,0.0018,0.0017,0.0018,0.0017,0.0021,0.0022,0.002,0.0018
Luxembourg,Food Retail,Emissions (CO2),kilotonnes,157.5574,156.857,131.1005,137.5735,128.7858,129.0235,127.438,133.4754,135.1481,132.4202,147.049,123.953,137.2372,143.9258,129.5463,140.5745,139.477,163.6872,169.6759,145.9567,120.6005
Luxembourg,Food Retail,Emissions (CO2eq) from F-gases (AR5),kilotonnes,54.028,64.418,73.769,83.6395,92.9905,105.4585,115.329,125.719,127.2775,128.3165,128.836,128.836,129.3555,129.3555,129.3555,129.3555,139.226,141.8235,144.421,146.499,139.7027
Luxembourg,Food Retail,Emissions (CO2eq) from CH4 (AR5),kilotonnes,6.4008,7.6468,6.3868,7.6048,7.2296,7.8708,7.9744,8.9936,8.988,8.3636,8.708,8.3804,8.5232,8.7892,8.1172,8.2768,7.8372,9.6852,9.9036,9.4276,9.0281
Luxembourg,Food Retail,Emissions (CO2eq) from N2O (AR5),kilotonnes,0.371,0.371,0.3975,0.424,0.371,0.4505,0.4505,0.5035,0.5035,0.3975,0.3975,0.477,0.53,0.477,0.4505,0.477,0.4505,0.5565,0.583,0.53,0.4657
Luxembourg,Food Retail,Emissions (CO2eq) (AR5),kilotonnes,218.3572,229.2928,211.6538,229.2418,229.3769,242.8033,251.1919,268.6915,271.9171,269.4978,284.9905,261.6464,275.6459,282.5475,267.4695,278.6838,286.9907,315.7524,324.5835,302.4133,269.7969
Luxembourg,Food Household Consumption,Emissions (CH4),kilotonnes,0.1354,0.1373,0.1374,0.1393,0.1428,0.1433,0.1412,0.1425,0.133,0.1514,0.1377,0.1417,0.1515,0.1605,0.1627,0.1621,0.1604,0.1592,0.1521,0.1521,0.1457
Luxembourg,Food Household Consumption,Emissions (N2O),kilotonnes,0.0014,0.0014,0.0014,0.0014,0.0014,0.0015,0.0015,0.0015,0.0015,0.0014,0.0012,0.0013,0.0015,0.0014,0.0014,0.0014,0.0014,0.0014,0.0013,0.0013,0.0011
Luxembourg,Food Household Consumption,Emissions (CO2),kilotonnes,184.7532,191.5047,179.2266,181.9618,192.3233,189.5107,186.6429,182.0717,183.0176,186.8382,181.1811,170.746,175.0251,177.6854,165.3529,179.3863,182.8829,185.915,172.6207,172.6207,142.6323
Luxembourg,Food Household Consumption,Emissions (CO2eq) from CH4 (AR5),kilotonnes,3.7912,3.8444,3.8472,3.9004,3.9984,4.0124,3.9536,3.99,3.724,4.2392,3.8556,3.9676,4.242,4.494,4.5556,4.5388,4.4912,4.4576,4.2588,4.2588,4.0783
Luxembourg,Food Household Consumption,Emissions (CO2eq) from N2O (AR5),kilotonnes,0.371,0.371,0.371,0.371,0.371,0.3975,0.3975,0.3975,0.3975,0.371,0.318,0.3445,0.3975,0.371,0.371,0.371,0.371,0.371,0.3445,0.3445,0.3027
Luxembourg,Food Household Consumption,Emissions (CO2eq) (AR5),kilotonnes,188.9154,195.7201,183.4448,186.2332,196.6927,193.9206,190.994,186.4592,187.1391,191.4484,185.3547,175.0581,179.6646,182.5504,170.2795,184.2961,187.7451,190.7436,177.224,177.224,147.0133
Luxembourg,Food Transport,Emissions (CH4),kilotonnes,0.041,0.0398,0.0382,0.0378,0.0376,0.0344,0.0301,0.0274,0.0254,0.0217,0.0199,0.0188,0.0171,0.015,0.0133,0.0117,0.0109,0.011,0.0111,0,0
Luxembourg,Food Transport,Emissions (N2O),kilotonnes,0.0159,0.0162,0.0162,0.0168,0.018,0.0178,0.017,0.0169,0.0174,0.0162,0.0172,0.0187,0.0186,0.0183,0.018,0.0181,0.0175,0.0186,0.0196,0.0209,0.0184
Luxembourg,Food Transport,Emissions (CO2),kilotonnes,375.6807,394.5785,410.516,452.6909,526.8532,555.9986,531.7383,510.6162,518.0112,477.6333,505.6003,535.5052,511.3443,500.3632,478.1413,445.822,431.7295,441.584,465.0717,563.6858,465.7599
Luxembourg,Food Transport,Emissions (CO2eq) from CH4 (AR5),kilotonnes,1.148,1.1144,1.0696,1.0584,1.0528,0.9632,0.8428,0.7672,0.7112,0.6076,0.5572,0.5264,0.4788,0.42,0.3724,0.3276,0.3052,0.308,0.3108,0,0
Luxembourg,Food Transport,Emissions (CO2eq) from N2O (AR5),kilotonnes,4.2135,4.293,4.293,4.452,4.77,4.717,4.505,4.4785,4.611,4.293,4.558,4.9555,4.929,4.8495,4.77,4.7965,4.6375,4.929,5.194,5.5385,4.8661
Luxembourg,Food Transport,Emissions (CO2eq) (AR5),kilotonnes,381.0422,399.9859,415.8786,458.2013,532.676,561.6788,537.0861,515.8619,523.3334,482.5339,510.7155,540.9871,516.7521,505.6327,483.2837,450.9461,436.6722,446.821,470.5765,569.2243,470.626
Luxembourg,Energy,Emissions (CH4),kilotonnes,2.78,2.78,2.75,2.7,2.71,2.66,2.57,2.49,2.45,2.39,2.37,2.25,2.24,2.26,2.3,2.32,2.34,2.38,2.42,2.36,2.26
Luxembourg,Energy,Emissions (N2O),kilotonnes,0.241,0.249,0.248,0.257,0.277,0.279,0.272,0.27,0.276,0.261,0.275,0.288,0.286,0.285,0.283,0.278,0.277,0.285,0.299,0.313,0.275
Luxembourg,Energy,Emissions (CO2),kilotonnes,7870,8440,9050,9540,10900,11200,10900,10500,10400,9910,10400,10300,10100,9570,9150,8710,8460,8740,9110,9210,7610
Luxembourg,Energy,Emissions (CO2eq) from CH4 (AR5),kilotonnes,77.84,77.84,77,75.6,75.88,74.48,71.96,69.72,68.6,66.92,66.36,63,62.72,63.28,64.4,64.96,65.52,66.64,67.76,66.08,63.28
Luxembourg,Energy,Emissions (CO2eq) from N2O (AR5),kilotonnes,63.865,65.985,65.72,68.105,73.405,73.935,72.08,71.55,73.14,69.165,72.875,76.32,75.79,75.525,74.995,73.67,73.405,75.525,79.235,82.945,72.875
Luxembourg,Energy,Emissions (CO2eq) (AR5),kilotonnes,8011.705,8583.825,9192.72,9683.705,11049.285,11348.415,11044.04,10641.27,10541.74,10046.085,10539.235,10439.32,10238.51,9708.805,9289.395,8848.63,8598.925,8882.165,9256.995,9359.025,7746.155
Luxembourg,IPPU,Emissions (CH4),kilotonnes,0.0315,0.0129,0,0,0,0,0,0,0,0,0,0,0,0,0,0,0,0,0,0,0
Luxembourg,IPPU,Emissions (N2O),kilotonnes,0.0199,0.019,0.0181,0.0172,0.0163,0.0155,0.0147,0.014,0.0133,0.0126,0.0118,0.0121,0.0123,0.0126,0.0129,0.0131,0.0133,0.0135,0.0137,0.0145,0.0155
Luxembourg,IPPU,Emissions (CO2),kilotonnes,708,621,633,577,628,600,616,615,544,496,522,541,514,500,491,459,484,502,507,529,519
Luxembourg,IPPU,Emissions (CO2eq) from F-gases (AR5),kilotonnes,59.1799,70.7437,82.502,93.58,105.9212,117.5823,132.1586,143.8197,155.4807,164.2265,170.0571,178.8028,186.5769,198.2379,210.8707,211.8425,206.9837,217.673,200.1814,188.5204,179.7746
Luxembourg,IPPU,Emissions (CO2eq) from CH4 (AR5),kilotonnes,0.882,0.3612,0,0,0,0,0,0,0,0,0,0,0,0,0,0,0,0,0,0,0
Luxembourg,IPPU,Emissions (CO2eq) from N2O (AR5),kilotonnes,5.2735,5.035,4.7965,4.558,4.3195,4.1075,3.8955,3.71,3.5245,3.339,3.127,3.2065,3.2595,3.339,3.4185,3.4715,3.5245,3.5775,3.6305,3.8425,4.1075
Luxembourg,IPPU,Emissions (CO2eq) (AR5),kilotonnes,773.3354,697.1399,720.2985,675.138,738.2407,721.6898,752.0541,762.5297,703.0052,663.5655,695.1841,723.0093,703.8364,701.5769,705.2892,674.314,694.5082,723.2505,710.8119,721.3629,702.8821
Luxembourg,Waste,Emissions (CH4),kilotonnes,4.84,4.39,4.34,4.2,3.93,3.77,4.05,4.02,3.71,3.73,4.49,3.92,3.5,3.37,3.18,2.31,2.23,2.13,2.06,1.94,1.87
Luxembourg,Waste,Emissions (N2O),kilotonnes,0.0341,0.0341,0.0351,0.0382,0.0383,0.0397,0.041,0.0416,0.0427,0.0431,0.0439,0.0425,0.0446,0.0453,0.0458,0.0452,0.0465,0.0465,0.0471,0.0473,0.0444
Luxembourg,Waste,Emissions (CO2),kilotonnes,0,0,0,0,0,0,0,0,0,0,0,0,0,0,0,0,0,0,0,0,0
Luxembourg,Waste,Emissions (CO2eq) from CH4 (AR5),kilotonnes,135.52,122.92,121.52,117.6,110.04,105.56,113.4,112.56,103.88,104.44,125.72,109.76,98,94.36,89.04,64.68,62.44,59.64,57.68,54.32,52.36
Luxembourg,Waste,Emissions (CO2eq) from N2O (AR5),kilotonnes,9.0365,9.0365,9.3015,10.123,10.1495,10.5205,10.865,11.024,11.3155,11.4215,11.6335,11.2625,11.819,12.0045,12.137,11.978,12.3225,12.3225,12.4815,12.5345,11.766
Luxembourg,Waste,Emissions (CO2eq) (AR5),kilotonnes,144.5565,131.9565,130.8215,127.723,120.1895,116.0805,124.265,123.584,115.1955,115.8615,137.3535,121.0225,109.819,106.3645,101.177,76.658,74.7625,71.9625,70.1615,66.8545,64.126
Luxembourg,Other,Emissions (N2O),kilotonnes,0.197,0.205,0.218,0.228,0.258,0.262,0.242,0.221,0.212,0.188,0.19,0.184,0.171,0.159,0.145,0.127,0.114,0.108,0.103,0.0846,0.0728
Luxembourg,Other,Emissions (CO2eq) from N2O (AR5),kilotonnes,52.205,54.325,57.77,60.42,68.37,69.43,64.13,58.565,56.18,49.82,50.35,48.76,45.315,42.135,38.425,33.655,30.21,28.62,27.295,22.419,19.292
Luxembourg,Other,Emissions (CO2eq) (AR5),kilotonnes,52.205,54.325,57.77,60.42,68.37,69.43,64.13,58.565,56.18,49.82,50.35,48.76,45.315,42.135,38.425,33.655,30.21,28.62,27.295,22.419,19.292
Luxembourg,Farm-gate emissions,Emissions (CH4),kilotonnes,17.3792,17.3229,16.7627,16.1832,15.9406,15.867,15.6293,16.1997,16.4698,16.5689,16.8123,16.3865,16.0767,16.5828,16.9046,17.1717,17.4765,17.6909,17.1041,17.06,16.9678
Luxembourg,Farm-gate emissions,Direct emissions (N2O),kilotonnes,0.2567,0.2552,0.454,0.4466,0.4998,0.4638,0.4577,0.4527,0.4634,0.4644,0.4702,0.4731,0.4571,0.4613,0.454,0.4645,0.4723,0.4741,0.4573,0.4689,0.454
Luxembourg,Farm-gate emissions,Indirect emissions (N2O),kilotonnes,0.0804,0.08,0.1444,0.1422,0.1594,0.148,0.1459,0.1444,0.1471,0.1475,0.1499,0.1513,0.1461,0.1471,0.1448,0.1481,0.1513,0.1518,0.1463,0.15,0.1455
Luxembourg,Farm-gate emissions,Emissions (N2O),kilotonnes,0.4795,0.4795,0.7388,0.7266,0.7939,0.7474,0.7373,0.7357,0.7509,0.7567,0.7666,0.7633,0.7401,0.7513,0.7438,0.7598,0.7769,0.7761,0.747,0.7614,0.7413
Luxembourg,Farm-gate emissions,Emissions (CO2),kilotonnes,73.2388,80.2272,74.4987,76.5253,74.7063,76.8204,77.4262,79.2321,79.2641,87.9769,86.9867,73.3541,71.9951,76.7224,76.4043,75.9112,85.4905,72.4369,66.0774,63.8504,63.8504
Luxembourg,Farm-gate emissions,Emissions (CO2eq) from CH4 (AR5),kilotonnes,486.6175,485.0415,469.3566,453.1302,446.3356,444.2765,437.6199,453.5919,461.1533,463.9288,470.7452,458.8221,450.1478,464.3186,473.3299,480.8077,489.3416,495.3454,478.9139,477.6811,475.097
Luxembourg,Farm-gate emissions,Emissions (CO2eq) from N2O (AR5),kilotonnes,127.0551,127.0626,195.7819,192.5446,210.3896,198.0647,195.377,194.9476,198.9847,200.5138,203.1375,202.279,196.1378,199.1052,197.1179,201.3404,205.8691,205.6574,197.9557,201.7759,196.4542
Luxembourg,Farm-gate emissions,Emissions (CO2eq) (AR5),kilotonnes,686.9114,692.3312,739.6372,722.2001,731.4315,719.1616,710.423,727.7716,739.4021,752.4195,760.8695,734.4552,718.2807,740.1462,746.8521,758.0594,780.7012,773.4397,742.9469,743.3073,735.4015
Luxembourg,Land Use change,Emissions (CH4),kilotonnes,0,0,0,0,0,0,0,0,0,0,0,0,0,0,0,0,0,0,0,0,0
Luxembourg,Land Use change,Emissions (N2O),kilotonnes,0,0,0,0,0,0,0,0,0,0,0,0,0,0,0,0,0,0,0,0,0
Luxembourg,Land Use change,Emissions (CO2),kilotonnes,2.3071,0,0,0,0,0,0,0,0,0,0,0,0,0,0,0,0,0,0,0,0
Luxembourg,Land Use change,Emissions (CO2eq) from CH4 (AR5),kilotonnes,0,0,0,0,0,0,0,0,0,0,0,0,0,0,0,0,0,0,0,0,0
Luxembourg,Land Use change,Emissions (CO2eq) from N2O (AR5),kilotonnes,0,0,0,0,0,0,0,0,0,0,0,0,0,0,0,0,0,0,0,0,0
Luxembourg,Land Use change,Emissions (CO2eq) (AR5),kilotonnes,2.3071,0,0,0,0,0,0,0,0,0,0,0,0,0,0,0,0,0,0,0,0
Luxembourg,Emissions on agricultural land,Emissions (CH4),kilotonnes,17.3792,17.3229,16.7627,16.1832,15.9406,15.867,15.6293,16.1997,16.4698,16.5689,16.8123,16.3865,16.0767,16.5828,16.9046,17.1717,17.4765,17.6909,17.1041,17.06,16.9678
Luxembourg,Emissions on agricultural land,Emissions (N2O),kilotonnes,0.4795,0.4795,0.7388,0.7266,0.7939,0.7474,0.7373,0.7357,0.7509,0.7567,0.7666,0.7633,0.7401,0.7513,0.7438,0.7598,0.7769,0.7761,0.747,0.7614,0.7413
Luxembourg,Emissions on agricultural land,Emissions (CO2),kilotonnes,75.5459,80.2272,74.4987,76.5253,74.7063,76.8204,77.4262,79.2321,79.2641,87.9769,86.9867,73.3541,71.9951,76.7224,76.4043,75.9112,85.4905,72.4369,66.0774,63.8504,63.8504
Luxembourg,Emissions on agricultural land,Emissions (CO2eq) from CH4 (AR5),kilotonnes,486.6175,485.0415,469.3566,453.1302,446.3356,444.2765,437.6199,453.5919,461.1533,463.9288,470.7452,458.8221,450.1478,464.3186,473.3299,480.8077,489.3416,495.3454,478.9139,477.6811,475.097
Luxembourg,Emissions on agricultural land,Emissions (CO2eq) from N2O (AR5),kilotonnes,127.0551,127.0626,195.7819,192.5446,210.3896,198.0647,195.377,194.9476,198.9847,200.5138,203.1375,202.279,196.1378,199.1052,197.1179,201.3404,205.8691,205.6574,197.9557,201.7759,196.4542
Luxembourg,Emissions on agricultural land,Emissions (CO2eq) (AR5),kilotonnes,689.2185,692.3312,739.6372,722.2001,731.4315,719.1616,710.423,727.7716,739.4021,752.4195,760.8695,734.4552,718.2807,740.1462,746.8521,758.0594,780.7012,773.4397,742.9469,743.3073,735.4015
Luxembourg,Pre- and post- production,Emissions (CH4),kilotonnes,3.1162,3.2021,3.2361,3.3256,3.2985,3.3205,3.2787,3.2901,3.3127,3.3668,3.364,3.3793,3.3881,3.4113,3.4767,3.4382,3.4639,3.4927,3.5281,3.5063,3.4901
Luxembourg,Pre- and post- production,Emissions (N2O),kilotonnes,0.0425,0.0446,0.0456,0.0468,0.0477,0.0489,0.0482,0.0482,0.0492,0.0477,0.0493,0.0531,0.0545,0.0538,0.0527,0.0529,0.0529,0.0547,0.0562,0.0579,0.0553
Luxembourg,Pre- and post- production,Emissions (CO2),kilotonnes,906.9935,935.8191,923.7808,968.0731,1029.1193,1045.1354,993.5021,958.411,971.5213,940.1551,974.5687,983.9711,972.5264,970.7159,948.7301,918.9,914.9946,937.0886,959.7073,1029.2491,855.6286
Luxembourg,Pre- and post- production,Emissions (CO2eq) from F-gases (AR5),kilotonnes,54.028,64.418,73.769,83.6395,92.9905,105.4585,115.329,125.719,127.2775,128.3165,128.836,128.836,129.3555,129.3555,129.3555,129.3555,139.226,141.8235,144.421,146.499,139.7027
Luxembourg,Pre- and post- production,Emissions (CO2eq) from CH4 (AR5),kilotonnes,87.2531,89.6595,90.6117,93.1165,92.3587,92.9741,91.8041,92.1216,92.7549,94.2707,94.1923,94.6201,94.8656,95.5171,97.3475,96.2702,96.9889,97.7942,98.7863,98.1755,97.7224
Luxembourg,Pre- and post- production,Emissions (CO2eq) from N2O (AR5),kilotonnes,11.2697,11.8302,12.0728,12.4047,12.648,12.9592,12.7792,12.7856,13.0254,12.6353,13.0715,14.0772,14.4536,14.2441,13.9575,14.0071,14.0134,14.4917,14.9018,15.3412,14.6415
Luxembourg,Pre- and post- production,Emissions (CO2eq) (AR5),kilotonnes,1059.5442,1101.7268,1100.2343,1157.2337,1227.1166,1256.5272,1213.4144,1189.0372,1204.5791,1175.3775,1210.6685,1221.5044,1211.2011,1209.8326,1189.3906,1158.5328,1165.2229,1191.198,1217.8164,1289.2648,1107.6951
Luxembourg,Agri-food systems,Emissions (CH4),kilotonnes,20.4954,20.525,19.9989,19.5088,19.2391,19.1875,18.908,19.4898,19.7824,19.9357,20.1763,19.7658,19.4648,19.9941,20.3813,20.6099,20.9404,21.1836,20.6322,20.5663,20.4578
Luxembourg,Agri-food systems,Emissions (N2O),kilotonnes,0.522,0.5241,0.7844,0.7734,0.8417,0.7963,0.7855,0.7839,0.8,0.8043,0.8159,0.8164,0.7947,0.8051,0.7965,0.8126,0.8297,0.8308,0.8032,0.8193,0.7966
Luxembourg,Agri-food systems,Emissions (CO2),kilotonnes,982.5393,1016.0463,998.2795,1044.5983,1103.8256,1121.9558,1070.9283,1037.6431,1050.7855,1028.132,1061.5554,1057.3252,1044.5216,1047.4383,1025.1344,994.8113,1000.4851,1009.5255,1025.7847,1093.0994,919.479
Luxembourg,Agri-food systems,Emissions (CO2eq) from F-gases (AR5),kilotonnes,54.028,64.418,73.769,83.6395,92.9905,105.4585,115.329,125.719,127.2775,128.3165,128.836,128.836,129.3555,129.3555,129.3555,129.3555,139.226,141.8235,144.421,146.499,139.7027
Luxembourg,Agri-food systems,Emissions (CO2eq) from CH4 (AR5),kilotonnes,573.8706,574.701,559.9683,546.2467,538.6943,537.2506,529.4239,545.7135,553.9082,558.1995,564.9376,553.4422,545.0134,559.8356,570.6773,577.0779,586.3305,593.1396,577.7002,575.8566,572.8194
Luxembourg,Agri-food systems,Emissions (CO2eq) from N2O (AR5),kilotonnes,138.3248,138.8928,207.8547,204.9493,223.0377,211.0239,208.1562,207.7332,212.01,213.1491,216.209,216.3562,210.5914,213.3494,211.0754,215.3475,219.8825,220.1491,212.8575,217.1171,211.0956
Luxembourg,Agri-food systems,Emissions (CO2eq) (AR5),kilotonnes,1748.7627,1794.0581,1839.8715,1879.4338,1958.5481,1975.6888,1923.8374,1916.8088,1943.9812,1927.797,1971.538,1955.9596,1929.4819,1949.9788,1936.2427,1916.5922,1945.9241,1964.6377,1960.7634,2032.5721,1843.0967
Luxembourg,IPCC Agriculture,Emissions (CH4),kilotonnes,17.3406,17.2835,16.7341,16.1562,15.9068,15.8339,15.5914,16.1648,16.4343,16.5352,16.7818,16.3599,16.0541,16.5642,16.8865,17.1555,17.4594,17.6755,17.0888,17.0453,16.953
Luxembourg,IPCC Agriculture,Emissions (CH4),kilotonnes,17.9482,17.9173,17.3313,16.8039,16.3916,16.4884,16.2596,16.7834,17.2613,17.2667,17.4116,16.862,16.6138,17.0371,17.4467,17.8108,18.3698,18.4817,18.5062,18.1618,18.659
Luxembourg,IPCC Agriculture,Direct emissions (N2O),kilotonnes,0.2567,0.2552,0.454,0.4466,0.4998,0.4638,0.4577,0.4527,0.4634,0.4644,0.4702,0.4731,0.4571,0.4613,0.454,0.4645,0.4723,0.4741,0.4573,0.4689,0.454
Luxembourg,IPCC Agriculture,Indirect emissions (N2O),kilotonnes,0.0804,0.08,0.1444,0.1422,0.1594,0.148,0.1459,0.1444,0.1471,0.1475,0.1499,0.1513,0.1461,0.1471,0.1448,0.1481,0.1513,0.1518,0.1463,0.15,0.1455
Luxembourg,IPCC Agriculture,Emissions (N2O),kilotonnes,0.4618,0.4594,0.7187,0.7053,0.7738,0.7261,0.716,0.7132,0.7284,0.7305,0.7404,0.7421,0.719,0.7277,0.7202,0.7362,0.7496,0.7537,0.7271,0.7423,0.7222
Luxembourg,IPCC Agriculture,Emissions (N2O),kilotonnes,0.8748,0.8154,0.8054,0.7305,0.8152,0.7608,0.7573,0.7673,0.7791,0.78,0.7939,0.7979,0.7811,0.7789,0.7831,0.7824,0.8087,0.8145,0.7985,0.7981,0.7746
Luxembourg,IPCC Agriculture,Emissions (CO2),kilotonnes,7.7103,7.3094,8.1823,7.1556,7.828,8.9378,7.9474,7.7468,7.5079,8.85,8.2041,9.8723,9.798,10.4851,10.9098,11.441,11.3275,13.0548,14.9069,14.6099,15.0156
Luxembourg,IPCC Agriculture,Emissions (CO2eq) from CH4 (AR5),kilotonnes,485.5362,483.9378,468.5559,452.3749,445.3902,443.3493,436.5591,452.6146,460.1603,462.9866,469.889,458.0772,449.5147,463.7967,472.8219,480.3533,488.8637,494.9129,478.4862,477.2694,474.6853
Luxembourg,IPCC Agriculture,Emissions (CO2eq) from CH4 (AR5),kilotonnes,502.5503,501.6854,485.2761,470.5094,458.964,461.6748,455.2684,469.9353,483.3176,483.4664,487.5249,472.1357,465.1867,477.0387,488.509,498.7028,514.3541,517.4877,518.1727,508.5291,522.4516
Luxembourg,IPCC Agriculture,Emissions (CO2eq) from N2O (AR5),kilotonnes,122.3729,121.7297,190.4661,186.9045,205.0686,192.4247,189.7363,188.9869,193.0253,193.583,196.2132,196.66,190.5257,192.8508,190.865,195.0922,198.6438,199.7359,192.6827,196.6989,191.3771
Luxembourg,IPCC Agriculture,Emissions (CO2eq) from N2O (AR5),kilotonnes,231.81,216.0783,213.4179,193.5883,216.0217,201.6217,200.6773,203.3261,206.456,206.7023,210.3805,211.4396,206.9829,206.3994,207.5201,207.3228,214.3088,215.8386,211.6048,211.5039,205.2683
Luxembourg,IPCC Agriculture,Emissions (CO2eq) (AR5),kilotonnes,607.9091,605.6675,659.022,639.2794,650.4588,635.7741,626.2953,641.6015,653.1856,656.5696,666.1022,654.7373,640.0405,656.6475,663.6869,675.4454,687.5075,694.6489,671.1688,673.9682,666.0625
Luxembourg,IPCC Agriculture,Emissions (CO2eq) (AR5),kilotonnes,742.0707,725.073,706.8763,671.2533,682.8137,672.2342,663.8931,681.0082,697.2815,699.0187,706.1095,693.4476,681.9675,693.9233,706.9388,717.4666,739.9905,746.3812,744.6844,734.6429,742.7355
Luxembourg,Agricultural Soils,Direct emissions (N2O),kilotonnes,0.2567,0.2552,0.454,0.4466,0.4998,0.4638,0.4577,0.4527,0.4634,0.4644,0.4702,0.4731,0.4571,0.4613,0.454,0.4645,0.4723,0.4741,0.4573,0.4689,0.454
Luxembourg,Agricultural Soils,Direct emissions (N2O),kilotonnes,0.6161,0.5694,0.5639,0.5053,0.5717,0.5279,0.5256,0.531,0.5385,0.5397,0.5487,0.5522,0.5414,0.5385,0.5394,0.5376,0.5571,0.5581,0.5446,0.545,0.5255
Luxembourg,Agricultural Soils,Indirect emissions (N2O),kilotonnes,0.0804,0.08,0.1444,0.1422,0.1594,0.148,0.1459,0.1444,0.1471,0.1475,0.1499,0.1513,0.1461,0.1471,0.1448,0.1481,0.1513,0.1518,0.1463,0.15,0.1455
Luxembourg,Agricultural Soils,Indirect emissions (N2O),kilotonnes,0.1713,0.159,0.1574,0.1422,0.1593,0.1494,0.1488,0.1504,0.1526,0.1528,0.1557,0.1582,0.1544,0.1534,0.1543,0.1539,0.1586,0.1605,0.1582,0.1581,0.1538
Luxembourg,Agricultural Soils,Emissions (N2O),kilotonnes,0.3406,0.3387,0.6018,0.5922,0.6625,0.6151,0.607,0.6004,0.6138,0.6152,0.6234,0.6277,0.6065,0.6117,0.6022,0.616,0.6269,0.6292,0.6069,0.6221,0.6027
Luxembourg,Agricultural Soils,Emissions (N2O),kilotonnes,0.7874,0.7284,0.7213,0.6475,0.731,0.6773,0.6745,0.6815,0.6911,0.6925,0.7045,0.7104,0.6958,0.692,0.6937,0.6915,0.7157,0.7186,0.7028,0.7031,0.6793
Luxembourg,Agricultural Soils,Emissions (CO2eq) from N2O (AR5),kilotonnes,90.2718,89.7672,159.4646,156.9304,175.5634,163.0147,160.8443,159.1068,162.6698,163.0378,165.205,166.3374,160.7301,162.1005,159.5786,163.2352,166.1392,166.7458,160.8325,164.8531,159.7212
Luxembourg,Agricultural Soils,Emissions (CO2eq) from N2O (AR5),kilotonnes,208.6727,193.0299,191.1473,171.5872,193.7145,179.4833,178.7333,180.5852,183.1454,183.5104,186.6897,188.2648,184.3812,183.3681,183.8253,183.2457,189.6618,190.4185,186.2451,186.3253,180.0082
Luxembourg,Agricultural Soils,Emissions (CO2eq) (AR5),kilotonnes,90.2718,89.7672,159.4646,156.9304,175.5634,163.0147,160.8443,159.1068,162.6698,163.0378,165.205,166.3374,160.7301,162.1005,159.5786,163.2352,166.1392,166.7458,160.8325,164.8531,159.7212
Luxembourg,Agricultural Soils,Emissions (CO2eq) (AR5),kilotonnes,208.6727,193.0299,191.1473,171.5872,193.7145,179.4833,178.7333,180.5852,183.1454,183.5104,186.6897,188.2648,184.3812,183.3681,183.8253,183.2457,189.6618,190.4185,186.2451,186.3253,180.0082
Luxembourg,LULUCF,Emissions (CH4),kilotonnes,0,0,0,0,0,0,0,0,0,0,0,0,0,0,0,0,0,0.0025,0,0,0
Luxembourg,LULUCF,Emissions (CH4),kilotonnes,,,,,,,,,,,,,,,,,,,,,
Luxembourg,LULUCF,Emissions (N2O),kilotonnes,0,0,0,0,0,0,0,0,0,0,0,0,0,0,0,0,0,0.0002,0,0,0
Luxembourg,LULUCF,Emissions (N2O),kilotonnes,0.0705,0.0694,0.0684,0.0673,0.0662,0.0652,0.0641,0.0631,0.0607,0.0583,0.056,0.0537,0.0514,0.0489,0.0463,0.0437,0.0411,0.0387,0.0362,0.0338,
Luxembourg,LULUCF,Emissions (CO2),kilotonnes,-550.1477,-514.073,-514.2844,-514.2977,-514.2977,-514.2977,-514.2977,-514.2977,-514.2977,-514.2977,-514.2977,-237.9227,-237.9227,-237.9227,-237.8645,-237.8645,-275.0206,-275.0206,-275.0206,-275.1981,-275.1981
Luxembourg,LULUCF,Emissions (CO2),kilotonnes,-743.1399,-724.8347,-721.1494,-675.6537,-695.1509,-640.0721,-543.612,-451.153,-466.0871,-446.4652,-134.7808,-305.5427,-395.6338,-572.4106,-484.6501,-433.1312,-520.1112,-386.2636,-201.2194,-322.4622,
Luxembourg,LULUCF,Emissions (CO2eq) from CH4 (AR5),kilotonnes,0,0,0,0,0,0,0,0,0,0,0,0,0,0,0,0,0,0.0699,0,0,0
Luxembourg,LULUCF,Emissions (CO2eq) from N2O (AR5),kilotonnes,0,0,0,0,0,0,0,0,0,0,0,0,0,0,0,0,0,0.0604,0,0,0
Luxembourg,LULUCF,Emissions (CO2eq) (AR5),kilotonnes,-550.1477,-514.073,-514.2844,-514.2977,-514.2977,-514.2977,-514.2977,-514.2977,-514.2977,-514.2977,-514.2977,-237.9227,-237.9227,-237.9227,-237.8645,-237.8645,-275.0206,-274.8903,-275.0206,-275.1981,-275.1981
Luxembourg,LULUCF,Emissions (CO2eq) (AR5),kilotonnes,-743.1399,-724.8347,-721.1494,-675.6537,-695.1509,-640.0721,-543.612,-451.153,-466.0871,-446.4652,-134.7808,-305.5427,-395.6338,-572.4106,-484.6501,-433.1312,-520.1112,-386.2636,-201.2194,-322.4622,
Luxembourg,AFOLU,Emissions (CH4),kilotonnes,17.3406,17.2835,16.7341,16.1562,15.9068,15.8339,15.5914,16.1648,16.4343,16.5352,16.7818,16.3599,16.0541,16.5642,16.8865,17.1555,17.4594,17.678,17.0888,17.0453,16.953
Luxembourg,AFOLU,Emissions (N2O),kilotonnes,0.4618,0.4594,0.7187,0.7053,0.7738,0.7261,0.716,0.7132,0.7284,0.7305,0.7404,0.7421,0.719,0.7277,0.7202,0.7362,0.7496,0.7539,0.7271,0.7423,0.7222
Luxembourg,AFOLU,Emissions (CO2),kilotonnes,-550.1477,-514.073,-514.2844,-514.2977,-514.2977,-514.2977,-514.2977,-514.2977,-514.2977,-514.2977,-514.2977,-237.9227,-237.9227,-237.9227,-237.8645,-237.8645,-275.0206,-275.0206,-275.0206,-275.1981,-275.1981
Luxembourg,AFOLU,Emissions (CO2eq) from CH4 (AR5),kilotonnes,485.5362,483.9378,468.5559,452.3749,445.3902,443.3493,436.5591,452.6146,460.1603,462.9866,469.889,458.0772,449.5147,463.7967,472.8219,480.3533,488.8637,494.9828,478.4862,477.2694,474.6853
Luxembourg,AFOLU,Emissions (CO2eq) from N2O (AR5),kilotonnes,122.3729,121.7297,190.4661,186.9045,205.0686,192.4247,189.7363,188.9869,193.0253,193.583,196.2132,196.66,190.5257,192.8508,190.865,195.0922,198.6438,199.7964,192.6827,196.6989,191.3771
Luxembourg,AFOLU,Emissions (CO2eq) (AR5),kilotonnes,57.7614,91.5946,144.7377,124.9818,136.1611,121.4764,111.9977,127.3039,138.8879,142.2719,151.8046,416.8146,402.1178,418.7249,425.8224,437.5809,412.4869,419.7586,396.1482,398.7701,390.8643
Luxembourg,All sectors with LULUCF,Emissions (CH4),kilotonnes,24.9921,24.4664,23.8241,23.0562,22.5468,22.2639,22.2114,22.6748,22.5943,22.6552,23.6418,22.5299,21.7941,22.1942,22.3665,21.7855,22.0294,22.188,21.5688,21.3453,21.083
Luxembourg,All sectors with LULUCF,Emissions (N2O),kilotonnes,0.9538,0.9665,1.2379,1.2457,1.3634,1.3223,1.2857,1.2598,1.2724,1.2352,1.2611,1.2687,1.2329,1.2296,1.2069,1.1995,1.2004,1.2069,1.1899,1.2017,1.1299
Luxembourg,All sectors with LULUCF,Emissions (CO2),kilotonnes,8027.8523,8546.927,9168.7156,9602.7023,11013.7023,11285.7023,11001.7023,10600.7023,10429.7023,9891.7023,10407.7023,10603.0773,10376.0773,9832.0773,9403.1355,8931.1355,8668.9794,8966.9794,9341.9794,9463.8019,7853.8019
Luxembourg,All sectors with LULUCF,Emissions (CO2eq) from F-gases (AR5),kilotonnes,59.1799,70.7437,82.502,93.58,105.9212,117.5823,132.1586,143.8197,155.4807,164.2265,170.0571,178.8028,186.5769,198.2379,210.8707,211.8425,206.9837,217.673,200.1814,188.5204,179.7746
Luxembourg,All sectors with LULUCF,Emissions (CO2eq) from CH4 (AR5),kilotonnes,699.7782,685.059,667.0759,645.5749,631.3102,623.3893,621.9191,634.8946,632.6403,634.3466,661.969,630.8372,610.2347,621.4367,626.2619,609.9933,616.8237,621.2628,603.9262,597.6694,590.3253
Luxembourg,All sectors with LULUCF,Emissions (CO2eq) from N2O (AR5),kilotonnes,252.7529,256.1112,328.0541,330.1105,361.3126,350.4177,340.7068,333.8359,337.1853,327.3285,334.1987,336.209,326.7092,325.8543,319.8405,317.8667,318.1058,319.8414,315.3247,318.4399,299.4176
Luxembourg,All sectors with LULUCF,Emissions (CO2eq) (AR5),kilotonnes,9039.5633,9558.841,10246.3476,10671.9677,12112.2464,12377.0917,12096.4868,11713.2525,11555.0087,11017.6039,11573.9271,11748.9264,11499.5982,10977.6063,10560.1086,10070.8379,9810.8926,10125.7566,10461.4117,10568.4315,8923.3194
Luxembourg,All sectors without LULUCF,Emissions (CH4),kilotonnes,24.9921,24.4664,23.8241,23.0562,22.5468,22.2639,22.2114,22.6748,22.5943,22.6552,23.6418,22.5299,21.7941,22.1942,22.3665,21.7855,22.0294,22.1855,21.5688,21.3453,21.083
Luxembourg,All sectors without LULUCF,Emissions (N2O),kilotonnes,0.9538,0.9665,1.2379,1.2457,1.3634,1.3223,1.2857,1.2598,1.2724,1.2352,1.2611,1.2687,1.2329,1.2296,1.2069,1.1995,1.2004,1.2067,1.1899,1.2017,1.1299
Luxembourg,All sectors without LULUCF,Emissions (CO2),kilotonnes,8578,9061,9683,10117,11528,11800,11516,11115,10944,10406,10922,10841,10614,10070,9641,9169,8944,9242,9617,9739,8129
Luxembourg,All sectors without LULUCF,Emissions (CO2eq) from F-gases (AR5),kilotonnes,59.1799,70.7437,82.502,93.58,105.9212,117.5823,132.1586,143.8197,155.4807,164.2265,170.0571,178.8028,186.5769,198.2379,210.8707,211.8425,206.9837,217.673,200.1814,188.5204,179.7746
Luxembourg,All sectors without LULUCF,Emissions (CO2eq) from CH4 (AR5),kilotonnes,699.7782,685.059,667.0759,645.5749,631.3102,623.3893,621.9191,634.8946,632.6403,634.3466,661.969,630.8372,610.2347,621.4367,626.2619,609.9933,616.8237,621.1929,603.9262,597.6694,590.3253
Luxembourg,All sectors without LULUCF,Emissions (CO2eq) from N2O (AR5),kilotonnes,252.7529,256.1112,328.0541,330.1105,361.3126,350.4177,340.7068,333.8359,337.1853,327.3285,334.1987,336.209,326.7092,325.8543,319.8405,317.8667,318.1058,319.7809,315.3247,318.4399,299.4176
Luxembourg,All sectors without LULUCF,Emissions (CO2eq) (AR5),kilotonnes,9589.711,10072.914,10760.632,11186.2654,12626.544,12891.3894,12610.7845,12227.5502,12069.3063,11531.9016,12088.2248,11986.8491,11737.5208,11215.529,10797.9731,10308.7024,10085.9133,10400.6469,10736.4323,10843.6296,9198.5176
Madagascar,Crop Residues,Direct emissions (N2O),kilotonnes,0.7364,0.7613,0.7541,0.7957,0.8331,0.8838,0.9008,0.9191,0.9631,1.0427,1.0691,0.9733,1.0253,0.8099,0.8621,0.7919,0.8077,0.7365,1.0039,1.0602,1.0832
Madagascar,Crop Residues,Indirect emissions (N2O),kilotonnes,0.1657,0.1713,0.1697,0.179,0.1875,0.1989,0.2027,0.2068,0.2167,0.2346,0.2406,0.219,0.2307,0.1822,0.194,0.1782,0.1817,0.1657,0.2259,0.2386,0.2437
Madagascar,Crop Residues,Emissions (N2O),kilotonnes,0.9021,0.9326,0.9238,0.9748,1.0206,1.0827,1.1035,1.1259,1.1798,1.2773,1.3097,1.1923,1.256,0.9922,1.0561,0.9701,0.9894,0.9023,1.2298,1.2988,1.327
Madagascar,Crop Residues,Emissions (CO2eq) from N2O (AR5),kilotonnes,239.0587,247.1391,244.8106,258.3199,270.4556,286.9164,292.4231,298.3553,312.6491,338.478,347.0635,315.9681,332.8368,262.9297,279.8658,257.074,262.1911,239.1023,325.899,344.1749,351.6437
Madagascar,Crop Residues,Emissions (CO2eq) (AR5),kilotonnes,239.0587,247.1391,244.8106,258.3199,270.4556,286.9164,292.4231,298.3553,312.6491,338.478,347.0635,315.9681,332.8368,262.9297,279.8658,257.074,262.1911,239.1023,325.899,344.1749,351.6437
Madagascar,Rice Cultivation,Emissions (CH4),kilotonnes,213.9977,214.5905,215.1869,215.785,219.0765,221.2,223.0864,225.0984,227.1388,229.1961,231.2943,204.3113,215.8068,163.0382,168.4571,148.8366,152.479,129.1808,261.9008,283.136,296.408
Madagascar,Rice Cultivation,Emissions (CO2eq) from CH4 (AR5),kilotonnes,5991.9364,6008.5352,6025.2332,6041.9807,6134.1414,6193.6,6246.419,6302.756,6359.8858,6417.4912,6476.2412,5720.7162,6042.5901,4565.0697,4716.798,4167.4257,4269.412,3617.0624,7333.2224,7927.808,8299.424
Madagascar,Rice Cultivation,Emissions (CO2eq) (AR5),kilotonnes,5991.9364,6008.5352,6025.2332,6041.9807,6134.1414,6193.6,6246.419,6302.756,6359.8858,6417.4912,6476.2412,5720.7162,6042.5901,4565.0697,4716.798,4167.4257,4269.412,3617.0624,7333.2224,7927.808,8299.424
Madagascar,Burning - Crop residues,Emissions (CH4),kilotonnes,2.4369,2.4461,2.455,2.4632,2.4949,2.6752,2.7093,2.7327,2.7505,2.8017,2.8186,2.6211,2.7005,2.1489,2.1668,1.9362,1.9452,1.6911,2.7007,2.8871,2.9991
Madagascar,Burning - Crop residues,Emissions (CH4),kilotonnes,,,,,,0.1,,,,,,,,,,,,,,,
Madagascar,Burning - Crop residues,Emissions (N2O),kilotonnes,0.0632,0.0634,0.0636,0.0639,0.0647,0.0694,0.0702,0.0708,0.0713,0.0726,0.0731,0.068,0.07,0.0557,0.0562,0.0502,0.0504,0.0438,0.07,0.0749,0.0778
Madagascar,Burning - Crop residues,Emissions (CO2eq) from CH4 (AR5),kilotonnes,68.2319,68.4909,68.7408,68.971,69.8574,74.9051,75.861,76.516,77.0151,78.4465,78.9204,73.3909,75.614,60.1688,60.6691,54.2133,54.4647,47.351,75.6195,80.8398,83.9749
Madagascar,Burning - Crop residues,Emissions (CO2eq) from CH4 (AR5),kilotonnes,,,,,,2.8,,,,,,,,,,,,,,,
Madagascar,Burning - Crop residues,Emissions (CO2eq) from N2O (AR5),kilotonnes,16.7421,16.8056,16.867,16.9234,17.1409,18.3795,18.6141,18.7748,18.8972,19.2484,19.3647,18.0079,18.5534,14.7636,14.8864,13.3023,13.364,11.6185,18.5548,19.8357,20.6049
Madagascar,Burning - Crop residues,Emissions (CO2eq) (AR5),kilotonnes,84.974,85.2966,85.6077,85.8944,86.9984,93.2846,94.4751,95.2908,95.9123,97.6949,98.2851,91.3988,94.1675,74.9325,75.5555,67.5156,67.8288,58.9695,94.1742,100.6755,104.5798
Madagascar,Burning - Crop residues,Emissions (CO2eq) (AR5),kilotonnes,,,,,,2.8,,,,,,,,,,,,,,,
Madagascar,Enteric Fermentation,Emissions (CH4),kilotonnes,358.3996,306.3366,277.3552,282.9742,286.9285,330.8317,333.3718,336.6796,340.2772,343.4189,346.0614,349.1089,352.0091,351.7452,357.0738,360.4057,361.1168,361.8182,304.1533,307.4943,315.9132
Madagascar,Enteric Fermentation,Emissions (CH4),kilotonnes,245.8,,,,,318.3,,,,,,,,,,,,,,,
Madagascar,Enteric Fermentation,Emissions (CO2eq) from CH4 (AR5),kilotonnes,10035.1877,8577.4251,7765.9466,7923.2779,8033.9969,9263.2874,9334.4118,9427.0277,9527.7627,9615.7281,9689.7198,9775.0492,9856.2548,9848.8664,9998.0656,10091.359,10111.2717,10130.9104,8516.2927,8609.8408,8845.5685
Madagascar,Enteric Fermentation,Emissions (CO2eq) from CH4 (AR5),kilotonnes,6882.4,,,,,8912.4,,,,,,,,,,,,,,,
Madagascar,Enteric Fermentation,Emissions (CO2eq) (AR5),kilotonnes,10035.1877,8577.4251,7765.9466,7923.2779,8033.9969,9263.2874,9334.4118,9427.0277,9527.7627,9615.7281,9689.7198,9775.0492,9856.2548,9848.8664,9998.0656,10091.359,10111.2717,10130.9104,8516.2927,8609.8408,8845.5685
Madagascar,Enteric Fermentation,Emissions (CO2eq) (AR5),kilotonnes,6882.4,,,,,8912.4,,,,,,,,,,,,,,,
Madagascar,Manure Management,Emissions (CH4),kilotonnes,11.6962,10.1533,9.3105,9.5617,9.7357,11.6594,11.7888,11.9073,12.0439,12.2059,12.3377,12.4745,12.6141,12.576,13.0193,13.1753,13.2559,13.3275,11.6367,11.784,12.0624
Madagascar,Manure Management,Emissions (CH4),kilotonnes,9.2,,,,,11.9,,,,,,,,,,,,,,,
Madagascar,Manure Management,Emissions (N2O),kilotonnes,0.432,0.3811,0.3977,0.4329,0.4662,0.7376,0.7552,0.7709,0.7875,0.8153,0.8322,0.8504,0.8706,0.862,0.9072,0.9267,0.9469,0.9627,0.9466,0.9628,0.97
Madagascar,Manure Management,Emissions (N2O),kilotonnes,11.5,,,,,14.9,,,,,,,,,,,,,,,
Madagascar,Manure Management,Emissions (CO2eq) from CH4 (AR5),kilotonnes,327.4936,284.2936,260.6952,267.7263,272.6002,326.4619,330.0855,333.4052,337.2282,341.7645,345.456,349.286,353.1956,352.1286,364.5396,368.9096,371.1646,373.1688,325.8286,329.9514,337.7475
Madagascar,Manure Management,Emissions (CO2eq) from CH4 (AR5),kilotonnes,257.6,,,,,333.2,,,,,,,,,,,,,,,
Madagascar,Manure Management,Emissions (CO2eq) from N2O (AR5),kilotonnes,114.4921,100.9914,105.3874,114.7258,123.54,195.4772,200.116,204.2768,208.6809,216.0576,220.5385,225.3559,230.7013,228.4334,240.418,245.5871,250.9182,255.1254,250.8607,255.1375,257.061
Madagascar,Manure Management,Emissions (CO2eq) from N2O (AR5),kilotonnes,3047.5,,,,,3948.5,,,,,,,,,,,,,,,
Madagascar,Manure Management,Emissions (CO2eq) (AR5),kilotonnes,441.9857,385.285,366.0825,382.452,396.1402,521.9391,530.2016,537.682,545.9091,557.822,565.9944,574.6419,583.8969,580.562,604.9576,614.4967,622.0828,628.2942,576.6894,585.0889,594.8085
Madagascar,Manure Management,Emissions (CO2eq) (AR5),kilotonnes,3305.1,,,,,4281.7,,,,,,,,,,,,,,,
Madagascar,Manure left on Pasture,Direct emissions (N2O),kilotonnes,14.0433,12.0898,10.9729,11.1883,11.3374,13.003,13.1085,13.2322,13.3756,13.5045,13.6162,13.7397,13.8549,13.8373,14.1309,14.2694,14.304,14.3395,12.141,12.2746,12.6059
Madagascar,Manure left on Pasture,Indirect emissions (N2O),kilotonnes,3.0586,2.6527,2.4182,2.473,2.5102,2.8511,2.8757,2.9042,2.9369,2.9687,2.9947,3.0238,3.0505,3.0467,3.1092,3.1437,3.1505,3.1576,2.6852,2.7151,2.7865
Madagascar,Manure left on Pasture,Emissions (N2O),kilotonnes,17.1019,14.7425,13.3912,13.6613,13.8475,15.8541,15.9842,16.1364,16.3125,16.4733,16.6109,16.7635,16.9054,16.884,17.2401,17.413,17.4545,17.4972,14.8263,14.9897,15.3924
Madagascar,Manure left on Pasture,Emissions (CO2eq) from N2O (AR5),kilotonnes,4532.004,3906.7687,3548.655,3620.2564,3669.5977,4201.3489,4235.8209,4276.1568,4322.8159,4365.4152,4401.8833,4442.3171,4479.9407,4474.2568,4568.6222,4614.4512,4625.4447,4636.7545,3928.967,3972.2719,4078.9942
Madagascar,Manure left on Pasture,Emissions (CO2eq) (AR5),kilotonnes,4532.004,3906.7687,3548.655,3620.2564,3669.5977,4201.3489,4235.8209,4276.1568,4322.8159,4365.4152,4401.8833,4442.3171,4479.9407,4474.2568,4568.6222,4614.4512,4625.4447,4636.7545,3928.967,3972.2719,4078.9942
Madagascar,Manure applied to Soils,Direct emissions (N2O),kilotonnes,0.4077,0.3606,0.3639,0.3827,0.4035,0.5505,0.5604,0.5722,0.5852,0.602,0.6117,0.6234,0.635,0.63,0.6612,0.6736,0.6849,0.6941,0.6649,0.675,0.6828
Madagascar,Manure applied to Soils,Indirect emissions (N2O),kilotonnes,0.1733,0.1533,0.1547,0.1626,0.1715,0.234,0.2382,0.2432,0.2487,0.2558,0.26,0.2649,0.2699,0.2677,0.281,0.2863,0.2911,0.295,0.2826,0.2869,0.2902
Madagascar,Manure applied to Soils,Emissions (N2O),kilotonnes,0.5809,0.5139,0.5186,0.5453,0.575,0.7845,0.7986,0.8154,0.8339,0.8578,0.8717,0.8883,0.9049,0.8977,0.9422,0.9598,0.976,0.9892,0.9475,0.9619,0.973
Madagascar,Manure applied to Soils,Emissions (CO2eq) from N2O (AR5),kilotonnes,153.9464,136.1794,137.4287,144.51,152.367,207.9011,211.6209,216.0752,220.9933,227.3239,231.0017,235.4098,239.8087,237.8939,249.6923,254.3527,258.6298,262.1269,251.0773,254.8988,257.8461
Madagascar,Manure applied to Soils,Emissions (CO2eq) (AR5),kilotonnes,153.9464,136.1794,137.4287,144.51,152.367,207.9011,211.6209,216.0752,220.9933,227.3239,231.0017,235.4098,239.8087,237.8939,249.6923,254.3527,258.6298,262.1269,251.0773,254.8988,257.8461
Madagascar,Synthetic Fertilizers,Direct emissions (N2O),kilotonnes,0.0597,0.0504,0.0422,0.0737,0.045,0.1173,0.06,0.0708,0.1179,0.0693,0.0719,0.1361,0.2646,0.1613,0.2878,0.2584,0.1467,0.4936,0.4509,0.38,0.3003
Madagascar,Synthetic Fertilizers,Indirect emissions (N2O),kilotonnes,0.0194,0.0164,0.0137,0.0239,0.0146,0.0381,0.0195,0.023,0.0383,0.0225,0.0234,0.0442,0.086,0.0524,0.0935,0.084,0.0477,0.1604,0.1465,0.1235,0.0976
Madagascar,Synthetic Fertilizers,Emissions (N2O),kilotonnes,0.079,0.0667,0.0559,0.0976,0.0596,0.1554,0.0796,0.0938,0.1562,0.0918,0.0953,0.1803,0.3506,0.2137,0.3814,0.3424,0.1944,0.654,0.5974,0.5036,0.3979
Madagascar,Synthetic Fertilizers,Emissions (CO2eq) from N2O (AR5),kilotonnes,20.9451,17.6842,14.8065,25.8606,15.7887,41.1817,21.084,24.845,41.3943,24.3382,25.2572,47.7883,92.9113,56.6193,101.0644,90.736,51.5191,173.3141,158.3168,133.4424,105.4337
Madagascar,Synthetic Fertilizers,Emissions (CO2eq) (AR5),kilotonnes,20.9451,17.6842,14.8065,25.8606,15.7887,41.1817,21.084,24.845,41.3943,24.3382,25.2572,47.7883,92.9113,56.6193,101.0644,90.736,51.5191,173.3141,158.3168,133.4424,105.4337
Madagascar,Drained organic soils,Emissions (CO2eq) (AR5),kilotonnes,4535.8185,4535.9743,4532.3039,4521.3108,4526.9609,4527.8521,4536.4633,4537.3216,4529.8487,4527.2627,4530.5296,4543.869,4544.3577,4536.6108,4537.0713,4535.3134,4535.513,4528.1848,4530.6507,4556.2539,4555.1617
Madagascar,Drained organic soils (CO2),Emissions (CO2),kilotonnes,4341.5036,4341.6718,4338.1816,4327.7164,4333.1144,4333.9858,4342.2556,4343.1172,4336.007,4333.6776,4336.8216,4349.5894,4350.0927,4342.7302,4343.1407,4341.4671,4341.6941,4334.656,4337.0095,4361.5704,4360.5234
Madagascar,Drained organic soils (CO2),Emissions (CO2eq) (AR5),kilotonnes,4341.5036,4341.6718,4338.1816,4327.7164,4333.1144,4333.9858,4342.2556,4343.1172,4336.007,4333.6776,4336.8216,4349.5894,4350.0927,4342.7302,4343.1407,4341.4671,4341.6941,4334.656,4337.0095,4361.5704,4360.5234
Madagascar,Drained organic soils (N2O),Emissions (N2O),kilotonnes,0.7333,0.7332,0.7325,0.7305,0.7315,0.7316,0.7329,0.7328,0.7315,0.7305,0.731,0.7331,0.7331,0.7316,0.7318,0.7315,0.7314,0.7303,0.7307,0.7347,0.7345
Madagascar,Drained organic soils (N2O),Emissions (CO2eq) from N2O (AR5),kilotonnes,194.3149,194.3025,194.1222,193.5944,193.8465,193.8663,194.2077,194.2045,193.8417,193.5851,193.708,194.2795,194.265,193.8807,193.9306,193.8462,193.8189,193.5289,193.6412,194.6836,194.6383
Madagascar,Drained organic soils (N2O),Emissions (CO2eq) (AR5),kilotonnes,194.3149,194.3025,194.1222,193.5944,193.8465,193.8663,194.2077,194.2045,193.8417,193.5851,193.708,194.2795,194.265,193.8807,193.9306,193.8462,193.8189,193.5289,193.6412,194.6836,194.6383
Madagascar,On-farm energy use,Emissions (CH4),kilotonnes,0.0302,0.031,0.0254,0.0287,0.0281,0.039,0.0355,0.0317,0.0372,0.0425,0.0862,0.2147,0.3397,0.4431,0.2938,0.2249,0.1809,0.1947,0.1764,0.1529,0.1529
Madagascar,On-farm energy use,Emissions (N2O),kilotonnes,0.0195,0.0192,0.0153,0.019,0.0205,0.0209,0.0203,0.0224,0.0257,0.0248,0.0223,0.0262,0.0278,0.0304,0.0359,0.0383,0.0395,0.0487,0.046,0.048,0.048
Madagascar,On-farm energy use,Emissions (CO2),kilotonnes,75.6007,74.1654,56.0104,70.599,74.718,77.8604,73.7566,81.2534,88.5324,88.7251,99.9081,149.6736,189.9553,225.9847,199.8581,186.451,167.9149,199.7334,194.273,193.1559,193.1559
Madagascar,On-farm energy use,Emissions (CO2eq) from CH4 (AR5),kilotonnes,0.8465,0.8679,0.71,0.8022,0.7877,1.0918,0.9931,0.8887,1.0423,1.1897,2.4145,6.0114,9.5126,12.4068,8.2274,6.2978,5.0666,5.4527,4.9394,4.2818,4.2818
Madagascar,On-farm energy use,Emissions (CO2eq) from N2O (AR5),kilotonnes,5.1777,5.0923,4.0472,5.0237,5.4291,5.5375,5.3776,5.9242,6.8036,6.5711,5.9174,6.9411,7.3723,8.0613,9.5208,10.1567,10.46,12.9175,12.1907,12.7247,12.7247
Madagascar,On-farm energy use,Emissions (CO2eq) (AR5),kilotonnes,81.6249,80.1255,60.7676,76.4249,80.9347,84.4896,80.1272,88.0663,96.3783,96.4859,108.2401,162.6261,206.8402,246.4528,217.6063,202.9056,183.4416,218.1036,211.403,210.1624,210.1624
Madagascar,Forestland,Emissions (CO2),kilotonnes,-1457.7823,-5084.4603,-5084.4603,-5084.4603,-5084.4603,-5084.4603,-5084.4603,-5084.4603,-5084.4603,-5084.4603,-5084.4603,-2624.7193,-2624.7193,-2624.7193,-2624.7193,-2624.7193,0,0,0,0,0
Madagascar,Forestland,Emissions (CO2),kilotonnes,,,,,,-171480.6,-181867.2,-189888.1,-186230.2,-182501.2,-111347.2,,,,,,,,,,
Madagascar,Forestland,Emissions (CO2eq) (AR5),kilotonnes,-1457.7823,-5084.4603,-5084.4603,-5084.4603,-5084.4603,-5084.4603,-5084.4603,-5084.4603,-5084.4603,-5084.4603,-5084.4603,-2624.7193,-2624.7193,-2624.7193,-2624.7193,-2624.7193,0,0,0,0,0
Madagascar,Forestland,Emissions (CO2eq) (AR5),kilotonnes,,,,,,-171480.6,-181867.2,-189888.1,-186230.2,-182501.2,-111347.2,,,,,,,,,,
Madagascar,Net Forest conversion,Emissions (CO2),kilotonnes,25023.3671,21749.0457,21749.0457,21749.0457,21749.0457,21749.0457,21749.0457,21749.0457,21749.0457,21749.0457,21749.0457,7324.4673,7324.4673,7324.4673,7324.4673,7324.4673,4699.0369,4699.0369,4699.0369,4699.0369,4699.0369
Madagascar,Net Forest conversion,Emissions (CO2eq) (AR5),kilotonnes,25023.3671,21749.0457,21749.0457,21749.0457,21749.0457,21749.0457,21749.0457,21749.0457,21749.0457,21749.0457,21749.0457,7324.4673,7324.4673,7324.4673,7324.4673,7324.4673,4699.0369,4699.0369,4699.0369,4699.0369,4699.0369
Madagascar,Savanna fires,Emissions (CH4),kilotonnes,38.7362,54.9087,43.7553,75.6295,44.4813,74.3158,50.028,73.1128,45.3843,55.4235,50.708,50.0799,52.6125,49.1489,40.628,41.9508,59.9049,38.442,38.8871,42.7891,45.2197
Madagascar,Savanna fires,Emissions (N2O),kilotonnes,3.5368,5.0134,3.995,6.9053,4.0613,6.7854,4.5678,6.6755,4.1438,5.0604,4.6299,4.5725,4.8038,4.4875,3.7095,3.8303,5.4696,3.5099,3.5506,3.9068,4.1288
Madagascar,Savanna fires,Emissions (CO2eq) from CH4 (AR5),kilotonnes,1084.6136,1537.4439,1225.1478,2117.6253,1245.4769,2080.8435,1400.785,2047.1572,1270.7598,1551.8589,1419.8232,1402.2372,1473.1503,1376.1701,1137.5844,1174.6212,1677.3382,1076.3747,1088.8398,1198.0958,1266.1506
Madagascar,Savanna fires,Emissions (CO2eq) from N2O (AR5),kilotonnes,937.2478,1328.5521,1058.6875,1829.9044,1076.2545,1798.1202,1210.4609,1769.0108,1098.1022,1341.0085,1226.9124,1211.7158,1272.994,1189.1905,983.0213,1015.026,1449.439,930.1281,940.8996,1035.3111,1094.1192
Madagascar,Savanna fires,Emissions (CO2eq) (AR5),kilotonnes,2021.8614,2865.996,2283.8354,3947.5297,2321.7313,3878.9638,2611.2459,3816.168,2368.862,2892.8675,2646.7357,2613.953,2746.1443,2565.3605,2120.6058,2189.6472,3126.7772,2006.5027,2029.7394,2233.4069,2360.2698
Madagascar,Fires in organic soils,Emissions (CH4),kilotonnes,0,0,0,0,0,0,0,0,0,0,0,0,0,0,0,0,0,0,0,0,0
Madagascar,Fires in organic soils,Emissions (CO2),kilotonnes,0,0,0,0,0,0,0,0,0,0,0,0,0,0,0,0,0,0,0,0,0
Madagascar,Fires in organic soils,Emissions (CO2eq) from CH4 (AR5),kilotonnes,0,0,0,0,0,0,0,0,0,0,0,0,0,0,0,0,0,0,0,0,0
Madagascar,Fires in organic soils,Emissions (CO2eq) (AR5),kilotonnes,0,0,0,0,0,0,0,0,0,0,0,0,0,0,0,0,0,0,0,0,0
Madagascar,Forest fires,Emissions (CH4),kilotonnes,5.1411,6.2873,4.2341,5.2398,7.2482,17.2298,11.313,7.9615,3.9337,10.9608,20.1908,21.6915,9.2632,15.1497,6.8805,22.5055,15.5623,17.6198,12.8056,10.6601,11.2354
Madagascar,Forest fires,Emissions (N2O),kilotonnes,0.1512,0.5741,0.3866,0.4784,0.6618,1.5732,1.0329,0.7269,0.3592,1.0008,1.8435,1.9805,0.8458,1.3832,0.6282,2.0548,1.4209,1.6088,1.1692,0.9733,1.0258
Madagascar,Forest fires,Emissions (CO2eq) from CH4 (AR5),kilotonnes,143.9508,176.0436,118.5537,146.7132,202.9486,482.4352,316.7626,222.9209,110.1435,306.9031,565.3428,607.3626,259.3698,424.1903,192.6542,630.1529,435.7452,493.3548,358.5554,298.4815,314.5907
Madagascar,Forest fires,Emissions (CO2eq) from N2O (AR5),kilotonnes,40.0701,152.1247,102.4458,126.7794,175.3741,416.8869,273.7242,192.6328,95.1783,265.2043,488.5299,524.8405,224.1294,366.5558,166.4783,544.5343,376.5407,426.3229,309.8387,257.927,271.8474
Madagascar,Forest fires,Emissions (CO2eq) (AR5),kilotonnes,184.0209,328.1683,220.9995,273.4926,378.3227,899.3221,590.4869,415.5537,205.3218,572.1073,1053.8727,1132.203,483.4992,790.7461,359.1325,1174.6872,812.2859,919.6777,668.3941,556.4085,586.4382
Madagascar,Fires in humid tropical forests,Emissions (CH4),kilotonnes,1.7192,2.9042,2.4573,2.4762,2.9072,9.6223,6.9243,3.427,2.5217,5.7394,8.6058,9.7123,4.1751,7.5071,3.6551,13.0969,7.8725,8.3216,5.9716,3.9692,5.4337
Madagascar,Fires in humid tropical forests,Emissions (N2O),kilotonnes,0.0506,0.2652,0.2244,0.2261,0.2654,0.8786,0.6322,0.3129,0.2302,0.524,0.7857,0.8868,0.3812,0.6854,0.3337,1.1958,0.7188,0.7598,0.5452,0.3624,0.4961
Madagascar,Fires in humid tropical forests,Emissions (CO2eq) from CH4 (AR5),kilotonnes,48.1383,81.3172,68.8039,69.3337,81.4012,269.4236,193.8815,95.9567,70.6088,160.7046,240.9629,271.943,116.9032,210.1975,102.3427,366.7143,220.4294,233.0057,167.2051,111.1363,152.1426
Madagascar,Fires in humid tropical forests,Emissions (CO2eq) from N2O (AR5),kilotonnes,13.3997,70.2687,59.4555,59.9134,70.3413,232.8172,167.5389,82.9191,61.0152,138.8697,208.2234,234.9942,101.0196,181.6381,88.4375,316.889,190.4798,201.3473,144.487,96.0363,131.4711
Madagascar,Fires in humid tropical forests,Emissions (CO2eq) (AR5),kilotonnes,61.538,151.5859,128.2594,129.2471,151.7425,502.2408,361.4204,178.8758,131.6239,299.5743,449.1863,506.9372,217.9227,391.8356,190.7802,683.6032,410.9092,434.3531,311.692,207.1726,283.6137
Madagascar,Waste - agri-food systems,Emissions (CH4),kilotonnes,98.8173,98.7746,98.7379,98.8734,98.7549,99.8503,100.7228,101.78,102.9857,104.0299,105.0465,106.0712,107.0549,108.0558,108.514,109.4134,110.4042,111.4662,112.5398,113.4866,114.3569
Madagascar,Waste - agri-food systems,Emissions (N2O),kilotonnes,0.2602,0.2607,0.267,0.2822,0.2921,0.3143,0.326,0.3384,0.3407,0.3515,0.3618,0.3739,0.3814,0.3876,0.376,0.3809,0.394,0.3975,0.4089,0.4193,0.4299
Madagascar,Waste - agri-food systems,Emissions (CO2),kilotonnes,0,0,0,0,0,0,0,0,0,0,0,0,0,0,0,0,0,0,0,0,0
Madagascar,Waste - agri-food systems,Emissions (CO2eq) from CH4 (AR5),kilotonnes,2766.8835,2765.6899,2764.6621,2768.4564,2765.1359,2795.8092,2820.2379,2849.8403,2883.5993,2912.8384,2941.302,2969.9946,2997.5385,3025.5632,3038.3923,3063.5741,3091.3186,3121.053,3151.1135,3177.6242,3201.9927
Madagascar,Waste - agri-food systems,Emissions (CO2eq) from N2O (AR5),kilotonnes,68.9582,69.0983,70.7476,74.7841,77.4015,83.2944,86.3833,89.6641,90.2944,93.1402,95.8717,99.0952,101.0684,102.7264,99.6465,100.9406,104.402,105.3428,108.3555,111.1071,113.9156
Madagascar,Waste - agri-food systems,Emissions (CO2eq) (AR5),kilotonnes,2835.8416,2834.7882,2835.4096,2843.2405,2842.5374,2879.1036,2906.6212,2939.5044,2973.8937,3005.9786,3037.1737,3069.0898,3098.6069,3128.2896,3138.0388,3164.5147,3195.7206,3226.3958,3259.469,3288.7312,3315.9082
Madagascar,On-farm electricity use,Emissions (CH4),kilotonnes,0.0477,0.0462,0.0447,0.0432,0.0418,0.0403,0.0388,0.0374,0.0359,0.0343,0.0329,0.0314,0.03,0.0284,0.027,0.0255,0.024,0.028,0.03,0.0306,0.0306
Madagascar,On-farm electricity use,Emissions (N2O),kilotonnes,0.0003,0.0003,0.0002,0.0002,0.0002,0.0002,0.0002,0.0002,0.0002,0.0002,0.0002,0.0002,0.0002,0.0002,0.0002,0.0002,0.0001,0.0002,0.0002,0.0002,0.0002
Madagascar,On-farm electricity use,Emissions (CO2),kilotonnes,13.5243,13.1044,12.6846,12.2649,11.845,11.4253,11.0055,10.5857,10.1658,9.7461,9.3263,8.9065,8.4867,8.0669,7.6471,7.2273,6.8075,7.9421,8.5093,8.6819,8.6819
Madagascar,On-farm electricity use,Emissions (CO2eq) from CH4 (AR5),kilotonnes,1.3356,1.2936,1.2516,1.2096,1.1704,1.1284,1.0864,1.0472,1.0052,0.9604,0.9212,0.8792,0.84,0.7952,0.756,0.714,0.672,0.784,0.84,0.8568,0.8568
Madagascar,On-farm electricity use,Emissions (CO2eq) from N2O (AR5),kilotonnes,0.0795,0.0795,0.053,0.053,0.053,0.053,0.053,0.053,0.053,0.053,0.053,0.053,0.053,0.053,0.053,0.053,0.0265,0.053,0.053,0.053,0.053
Madagascar,On-farm electricity use,Emissions (CO2eq) (AR5),kilotonnes,14.9394,14.4775,13.9892,13.5275,13.0684,12.6067,12.1449,11.6859,11.224,10.7595,10.3005,9.8387,9.3797,8.9151,8.4561,7.9943,7.506,8.7791,9.4023,9.5917,9.5917
Madagascar,Food Processing,Emissions (CH4),kilotonnes,3.5417,3.0987,3.1597,1.9242,0.0049,0.0068,0.0171,0.0564,0.0565,0.2334,0.2918,0.3047,0.2119,0.2793,0.2555,0.3084,0.2024,0.2025,0.1721,0.2216,0.2278
Madagascar,Food Processing,Emissions (N2O),kilotonnes,0.0179,0.0171,0.0166,0.0102,0.0005,0.0006,0.0017,0.0015,0.0013,0.0019,0.0016,0.0028,0.002,0.0023,0.0022,0.0029,0.002,0.0021,0.0019,0.0021,0.0021
Madagascar,Food Processing,Emissions (CO2),kilotonnes,248.6575,270.9741,178.6304,147.1625,10.9162,12.2001,28.2352,26.3192,33.6709,42.9107,31.4374,72.0543,68.4928,72.6884,60.135,86.5762,62.7514,76.8103,80.5975,82.4004,73.5492
Madagascar,Food Processing,Emissions (CO2eq) from CH4 (AR5),kilotonnes,99.1676,86.7636,88.4716,53.8776,0.1372,0.1904,0.4788,1.5792,1.582,6.5352,8.1704,8.5316,5.9332,7.8204,7.154,8.6352,5.6672,5.67,4.8188,6.2048,6.3784
Madagascar,Food Processing,Emissions (CO2eq) from N2O (AR5),kilotonnes,4.7435,4.5315,4.399,2.703,0.1325,0.159,0.4505,0.3975,0.3445,0.5035,0.424,0.742,0.53,0.6095,0.583,0.7685,0.53,0.5565,0.5035,0.5565,0.5682
Madagascar,Food Processing,Emissions (CO2eq) (AR5),kilotonnes,352.5686,362.2692,271.501,203.7431,11.1859,12.5495,29.1645,28.2959,35.5974,49.9494,40.0318,81.3279,74.956,81.1183,67.872,95.9799,68.9486,83.0368,85.9198,89.1617,80.4958
Madagascar,Food Retail,Emissions (CH4),kilotonnes,0.0092,0.0097,0.0092,0.0099,0.0113,0.011,0.011,0.011,0.0109,0.0102,0.0114,0.0116,0.012,0.0129,0.0132,0.0129,0.0313,0.0332,0.0336,0.0219,0.0225
Madagascar,Food Retail,Emissions (N2O),kilotonnes,0.0001,0.0001,0.0001,0.0001,0.0001,0.0001,0.0001,0.0001,0.0001,0.0001,0.0001,0.0001,0.0001,0.0001,0.0001,0.0001,0.0002,0.0002,0.0002,0.0001,0.0001
Madagascar,Food Retail,Emissions (CO2),kilotonnes,2.6155,2.75,2.6009,2.8061,3.2099,3.131,3.1172,3.1193,3.0969,2.8889,3.2392,3.2856,3.4072,3.6456,3.7362,3.6685,8.8687,9.4246,9.5305,6.2022,5.536
Madagascar,Food Retail,Emissions (CO2eq) from F-gases (AR5),kilotonnes,3.6365,3.117,4.6755,5.195,6.234,6.7535,7.7925,8.312,8.8315,8.8315,8.8315,8.8315,8.8315,8.8315,8.8315,8.8315,9.351,9.351,9.8705,9.8705,10.2883
Madagascar,Food Retail,Emissions (CO2eq) from CH4 (AR5),kilotonnes,0.2576,0.2716,0.2576,0.2772,0.3164,0.308,0.308,0.308,0.3052,0.2856,0.3192,0.3248,0.336,0.3612,0.3696,0.3612,0.8764,0.9296,0.9408,0.6132,0.6304
Madagascar,Food Retail,Emissions (CO2eq) from N2O (AR5),kilotonnes,0.0265,0.0265,0.0265,0.0265,0.0265,0.0265,0.0265,0.0265,0.0265,0.0265,0.0265,0.0265,0.0265,0.0265,0.0265,0.0265,0.053,0.053,0.053,0.0265,0.0271
Madagascar,Food Retail,Emissions (CO2eq) (AR5),kilotonnes,6.5361,6.1651,7.5605,8.3048,9.7868,10.219,11.2442,11.7658,12.2601,12.0325,12.4164,12.4684,12.6012,12.8648,12.9638,12.8877,19.1491,19.7582,20.3948,16.7124,16.4817
Madagascar,Food Household Consumption,Emissions (CH4),kilotonnes,0.087,0.0917,0.0907,0.1003,0.1134,0.1142,0.1188,0.1215,0.1312,0.1272,0.1388,0.1468,0.1551,0.161,0.166,0.1717,0.1792,0.1872,0.1969,0.2312,0.2377
Madagascar,Food Household Consumption,Emissions (N2O),kilotonnes,0.0007,0.0008,0.0007,0.0008,0.0009,0.0009,0.0009,0.0009,0.001,0.001,0.0011,0.0011,0.0011,0.0011,0.0011,0.0012,0.0011,0.0012,0.0013,0.0015,0.0015
Madagascar,Food Household Consumption,Emissions (CO2),kilotonnes,58.0725,57.0564,49.8115,59.2495,65.5613,62.7193,62.3664,65.1286,67.3179,67.8906,75.2397,79.8506,80.5376,76.5125,74.4648,76.374,66.8569,79.7075,82.7339,94.1498,84.0365
Madagascar,Food Household Consumption,Emissions (CO2eq) from CH4 (AR5),kilotonnes,2.436,2.5676,2.5396,2.8084,3.1752,3.1976,3.3264,3.402,3.6736,3.5616,3.8864,4.1104,4.3428,4.508,4.648,4.8076,5.0176,5.2416,5.5132,6.4736,6.6547
Madagascar,Food Household Consumption,Emissions (CO2eq) from N2O (AR5),kilotonnes,0.1855,0.212,0.1855,0.212,0.2385,0.2385,0.2385,0.2385,0.265,0.265,0.2915,0.2915,0.2915,0.2915,0.2915,0.318,0.2915,0.318,0.3445,0.3975,0.4059
Madagascar,Food Household Consumption,Emissions (CO2eq) (AR5),kilotonnes,60.694,59.836,52.5366,62.2699,68.975,66.1554,65.9313,68.7691,71.2565,71.7172,79.4176,84.2525,85.1719,81.312,79.4043,81.4996,72.166,85.2671,88.5916,101.0209,91.0971
Madagascar,Food Transport,Emissions (CH4),kilotonnes,0.0168,0.016,0.0118,0.0155,0.0166,0.0157,0.0156,0.0154,0.0164,0.0144,0.0151,0.0177,0.0202,0.0211,0.0229,0.027,0.0311,0.0289,0.0303,0.0264,0.0271
Madagascar,Food Transport,Emissions (N2O),kilotonnes,0.002,0.0019,0.0014,0.0018,0.0019,0.0018,0.0018,0.0018,0.002,0.0017,0.0021,0.0024,0.0028,0.0029,0.0035,0.004,0.0042,0.0039,0.0041,0.0038,0.0039
Madagascar,Food Transport,Emissions (CO2),kilotonnes,82.95,80.22,60.185,80.425,86.965,85.165,84.595,88.375,95.855,82.785,86.9159,94.0961,108.6615,111.3076,120.9429,140.9719,160.0058,148.8914,155.5675,145.4957,129.867
Madagascar,Food Transport,Emissions (CO2eq) from CH4 (AR5),kilotonnes,0.4704,0.448,0.3304,0.434,0.4648,0.4396,0.4368,0.4312,0.4592,0.4032,0.4228,0.4956,0.5656,0.5908,0.6412,0.756,0.8708,0.8092,0.8484,0.7392,0.7599
Madagascar,Food Transport,Emissions (CO2eq) from N2O (AR5),kilotonnes,0.53,0.5035,0.371,0.477,0.5035,0.477,0.477,0.477,0.53,0.4505,0.5565,0.636,0.742,0.7685,0.9275,1.06,1.113,1.0335,1.0865,1.007,1.0282
Madagascar,Food Transport,Emissions (CO2eq) (AR5),kilotonnes,83.9504,81.1715,60.8864,81.336,87.9333,86.0816,85.5088,89.2832,96.8442,83.6387,87.8952,95.2277,109.9691,112.6669,122.5116,142.7879,161.9896,150.7341,157.5024,147.2419,131.6551
Madagascar,Energy,Emissions (CH4),kilotonnes,60,59.2,68.4,71.4,74.5,79.6,89.1,91.4,93.7,96.2,102,103,105,122,123,125,128,135,139,143,147
Madagascar,Energy,Emissions (N2O),kilotonnes,0.556,0.565,0.583,0.609,0.631,0.654,0.758,0.769,0.775,0.778,0.795,0.808,0.834,0.877,0.88,0.904,0.933,0.962,0.972,0.999,1.02
Madagascar,Energy,Emissions (CO2),kilotonnes,1840,1710,1220,1600,1720,1670,1610,1680,1810,1700,1880,2300,2650,3060,3010,3430,3270,3800,3990,3910,3490
Madagascar,Energy,Emissions (CO2eq) from CH4 (AR5),kilotonnes,1680,1657.6,1915.2,1999.2,2086,2228.8,2494.8,2559.2,2623.6,2693.6,2856,2884,2940,3416,3444,3500,3584,3780,3892,4004,4116
Madagascar,Energy,Emissions (CO2eq) from N2O (AR5),kilotonnes,147.34,149.725,154.495,161.385,167.215,173.31,200.87,203.785,205.375,206.17,210.675,214.12,221.01,232.405,233.2,239.56,247.245,254.93,257.58,264.735,270.3
Madagascar,Energy,Emissions (CO2eq) (AR5),kilotonnes,3667.34,3517.325,3289.695,3760.585,3973.215,4072.11,4305.67,4442.985,4638.975,4599.77,4946.675,5398.12,5811.01,6708.405,6687.2,7169.56,7101.245,7834.93,8139.58,8178.735,7876.3
Madagascar,IPPU,Emissions (N2O),kilotonnes,0.0002,0.0002,0.0002,0.0002,0.0002,0.0002,0.0002,0.0002,0.0002,0.0002,0.0002,0.0002,0.0002,0.0003,0.0003,0.0003,0.0003,0.0003,0.0003,0.0003,0.0003
Madagascar,IPPU,Emissions (CO2),kilotonnes,73.5,75.3,67.3,135,127,120,121,168,126,119,128,144,156,159,128,128,128,147,152,162,163
Madagascar,IPPU,Emissions (CO2eq) from F-gases (AR5),kilotonnes,3.3526,4.4506,3.8773,5.2183,6.4136,7.6088,8.1822,9.0276,9.8147,10.5921,11.3695,12.0498,12.8272,13.6046,14.382,15.1594,16.034,16.8114,17.5888,18.3662,19.1436
Madagascar,IPPU,Emissions (CO2eq) from N2O (AR5),kilotonnes,0.0458,0.0474,0.0488,0.0504,0.0519,0.0535,0.0551,0.0567,0.0583,0.0599,0.0617,0.0633,0.0652,0.067,0.0686,0.0708,0.0726,0.0745,0.0766,0.0776,0.0795
Madagascar,IPPU,Emissions (CO2eq) (AR5),kilotonnes,76.8984,79.7981,71.2261,140.2687,133.4655,127.6624,129.2373,177.0843,135.873,129.652,139.4313,156.1131,168.8924,172.6716,142.4506,143.2301,144.1066,163.8858,169.6653,180.4438,182.2231
Madagascar,Waste,Emissions (CH4),kilotonnes,90.1,93.1,95.2,98.5,102,105,109,113,118,121,125,129,134,138,142,146,152,157,162,164,168
Madagascar,Waste,Emissions (N2O),kilotonnes,0.451,0.465,0.479,0.494,0.514,0.54,0.565,0.589,0.602,0.614,0.627,0.645,0.663,0.677,0.679,0.678,0.68,0.689,0.716,0.736,0.749
Madagascar,Waste,Emissions (CO2eq) from CH4 (AR5),kilotonnes,2522.8,2606.8,2665.6,2758,2856,2940,3052,3164,3304,3388,3500,3612,3752,3864,3976,4088,4256,4396,4536,4592,4704
Madagascar,Waste,Emissions (CO2eq) from N2O (AR5),kilotonnes,119.515,123.225,126.935,130.91,136.21,143.1,149.725,156.085,159.53,162.71,166.155,170.925,175.695,179.405,179.935,179.67,180.2,182.585,189.74,195.04,198.485
Madagascar,Waste,Emissions (CO2eq) (AR5),kilotonnes,2642.315,2730.025,2792.535,2888.91,2992.21,3083.1,3201.725,3320.085,3463.53,3550.71,3666.155,3782.925,3927.695,4043.405,4155.935,4267.67,4436.2,4578.585,4725.74,4787.04,4902.485
Madagascar,Other,Emissions (N2O),kilotonnes,0.37,0.37,0.38,0.407,0.426,0.443,0.499,0.51,0.523,0.524,0.552,0.573,0.596,0.65,0.656,0.682,0.712,0.729,0.747,0.771,0.794
Madagascar,Other,Emissions (CO2eq) from N2O (AR5),kilotonnes,98.05,98.05,100.7,107.855,112.89,117.395,132.235,135.15,138.595,138.86,146.28,151.845,157.94,172.25,173.84,180.73,188.68,193.185,197.955,204.315,210.41
Madagascar,Other,Emissions (CO2eq) (AR5),kilotonnes,98.05,98.05,100.7,107.855,112.89,117.395,132.235,135.15,138.595,138.86,146.28,151.845,157.94,172.25,173.84,180.73,188.68,193.185,197.955,204.315,210.41
Madagascar,Farm-gate emissions,Emissions (CH4),kilotonnes,625.2968,588.4663,548.0883,586.4423,562.745,640.7211,621.0198,649.5625,627.6319,643.0885,643.3063,618.8104,636.0828,579.1004,581.6387,566.5295,588.8828,544.6543,619.4551,648.2435,672.7553
Madagascar,Farm-gate emissions,Direct emissions (N2O),kilotonnes,15.247,13.2621,12.1332,12.4404,12.6189,14.5547,14.6298,14.7942,15.0418,15.2185,15.3689,15.4725,15.7799,15.4385,15.9421,15.9932,15.9432,16.2638,14.2607,14.3899,14.6723
Madagascar,Farm-gate emissions,Indirect emissions (N2O),kilotonnes,3.4169,2.9936,2.7563,2.8386,2.8837,3.3221,3.3361,3.3772,3.4407,3.4817,3.5186,3.552,3.6371,3.5491,3.6777,3.6921,3.671,3.7788,3.3402,3.364,3.418
Madagascar,Farm-gate emissions,Emissions (N2O),kilotonnes,23.4488,22.4661,20.0936,23.4306,20.8469,26.2216,24.1122,26.4439,24.2422,25.4039,25.176,25.2747,25.9222,25.1548,25.0605,25.2624,26.852,25.3382,22.9449,23.4811,24.0493
Madagascar,Farm-gate emissions,Emissions (CO2),kilotonnes,4417.1043,4415.8372,4394.192,4398.3154,4407.8324,4411.8462,4416.0122,4424.3706,4424.5394,4422.4027,4436.7297,4499.263,4540.048,4568.7148,4542.9989,4527.9182,4509.609,4534.3893,4531.2824,4554.7263,4553.6793
Madagascar,Farm-gate emissions,Emissions (CO2eq) from CH4 (AR5),kilotonnes,17508.3096,16477.0567,15346.4736,16420.3833,15756.8605,17940.1897,17388.5554,18187.7507,17573.6939,18006.4789,18012.5751,17326.6908,17810.3174,16214.8104,16285.8842,15862.8265,16488.7178,15250.3199,17344.7424,18150.8176,18837.1473
Madagascar,Farm-gate emissions,Emissions (CO2eq) from N2O (AR5),kilotonnes,6213.9288,5953.5152,5324.8121,6209.1185,5524.42,6948.7289,6389.7251,7007.6235,6424.1783,6732.0261,6671.6468,6697.7837,6869.3835,6666.0292,6641.0218,6694.5323,7115.785,6714.6162,6080.407,6222.4805,6373.0659
Madagascar,Farm-gate emissions,Emissions (CO2eq) (AR5),kilotonnes,28139.3427,26846.409,25065.4777,27027.8172,25689.1129,29300.7648,28194.2928,29619.7448,28422.4115,29160.9077,29120.9516,28523.7375,29219.749,27449.5545,27469.9048,27085.2769,28114.1119,26499.3255,27956.4318,28928.0244,29763.8926
Madagascar,Land Use change,Emissions (CH4),kilotonnes,1.7192,2.9042,2.4573,2.4762,2.9072,9.6223,6.9243,3.427,2.5217,5.7394,8.6058,9.7123,4.1751,7.5071,3.6551,13.0969,7.8725,8.3216,5.9716,3.9692,5.4337
Madagascar,Land Use change,Emissions (N2O),kilotonnes,0.0506,0.2652,0.2244,0.2261,0.2654,0.8786,0.6322,0.3129,0.2302,0.524,0.7857,0.8868,0.3812,0.6854,0.3337,1.1958,0.7188,0.7598,0.5452,0.3624,0.4961
Madagascar,Land Use change,Emissions (CO2),kilotonnes,25023.3671,21749.0457,21749.0457,21749.0457,21749.0457,21749.0457,21749.0457,21749.0457,21749.0457,21749.0457,21749.0457,7324.4673,7324.4673,7324.4673,7324.4673,7324.4673,4699.0369,4699.0369,4699.0369,4699.0369,4699.0369
Madagascar,Land Use change,Emissions (CO2eq) from CH4 (AR5),kilotonnes,48.1383,81.3172,68.8039,69.3337,81.4012,269.4236,193.8815,95.9567,70.6088,160.7046,240.9629,271.943,116.9032,210.1975,102.3427,366.7143,220.4294,233.0057,167.2051,111.1363,152.1426
Madagascar,Land Use change,Emissions (CO2eq) from N2O (AR5),kilotonnes,13.3997,70.2687,59.4555,59.9134,70.3413,232.8172,167.5389,82.9191,61.0152,138.8697,208.2234,234.9942,101.0196,181.6381,88.4375,316.889,190.4798,201.3473,144.487,96.0363,131.4711
Madagascar,Land Use change,Emissions (CO2eq) (AR5),kilotonnes,25084.9051,21900.6316,21877.3051,21878.2929,21900.7882,22251.2865,22110.4662,21927.9215,21880.6697,22048.62,22198.2321,7831.4046,7542.3901,7716.3029,7515.2475,8008.0705,5109.9461,5133.39,5010.7289,4906.2095,4982.6507
Madagascar,Emissions on agricultural land,Emissions (CH4),kilotonnes,627.016,591.3705,550.5456,588.9185,565.6522,650.3433,627.9442,652.9896,630.1537,648.828,651.9121,628.5226,640.2579,586.6074,585.2938,579.6265,596.7553,552.9759,625.4267,652.2126,678.1889
Madagascar,Emissions on agricultural land,Emissions (N2O),kilotonnes,23.4994,22.7313,20.318,23.6567,21.1123,27.1002,24.7444,26.7568,24.4724,25.9279,25.9618,26.1614,26.3034,25.8403,25.3942,26.4582,27.5708,26.098,23.4902,23.8435,24.5454
Madagascar,Emissions on agricultural land,Emissions (CO2),kilotonnes,29440.4714,26164.8829,26143.2378,26147.3611,26156.8781,26160.892,26165.058,26173.4163,26173.5851,26171.4485,26185.7754,11823.7303,11864.5153,11893.1822,11867.4662,11852.3855,9208.6459,9233.4263,9230.3193,9253.7632,9252.7163
Madagascar,Emissions on agricultural land,Emissions (CO2eq) from CH4 (AR5),kilotonnes,17556.4479,16558.3739,15415.2774,16489.717,15838.2617,18209.6133,17582.437,18283.7074,17644.3026,18167.1834,18253.538,17598.6338,17927.2206,16425.0079,16388.2269,16229.5408,16709.1473,15483.3257,17511.9475,18261.9539,18989.29
Madagascar,Emissions on agricultural land,Emissions (CO2eq) from N2O (AR5),kilotonnes,6227.3285,6023.7839,5384.2676,6269.0319,5594.7612,7181.546,6557.264,7090.5426,6485.1934,6870.8958,6879.8702,6932.7779,6970.4031,6847.6673,6729.4592,7011.4212,7306.2648,6915.9636,6224.894,6318.5168,6504.537
Madagascar,Emissions on agricultural land,Emissions (CO2eq) (AR5),kilotonnes,53224.2478,48747.0407,46942.7828,48906.1101,47589.9011,51552.0514,50304.759,51547.6663,50303.0812,51209.5277,51319.1837,36355.1421,36762.139,35165.8574,34985.1523,35093.3475,33224.058,31632.7155,32967.1607,33834.234,34746.5432
Madagascar,Pre- and post- production,Emissions (CH4),kilotonnes,102.5197,102.0369,102.054,100.9665,98.9429,100.0383,100.9241,102.0217,103.2366,104.4494,105.5365,106.5834,107.4841,108.5585,108.9986,109.9589,110.8722,111.946,113.0027,114.0183,114.9026
Madagascar,Pre- and post- production,Emissions (N2O),kilotonnes,0.2812,0.2809,0.286,0.2953,0.2957,0.3179,0.3307,0.3429,0.3453,0.3564,0.3669,0.3805,0.3876,0.3942,0.3831,0.3893,0.4016,0.4051,0.4166,0.427,0.4377
Madagascar,Pre- and post- production,Emissions (CO2),kilotonnes,405.8198,424.1049,303.9124,301.908,178.4974,174.6407,189.3193,193.5278,210.1065,206.2213,206.1585,258.1931,269.5858,272.221,266.926,314.8179,305.2903,322.7759,336.9387,336.93,301.6706
Madagascar,Pre- and post- production,Emissions (CO2eq) from F-gases (AR5),kilotonnes,3.6365,3.117,4.6755,5.195,6.234,6.7535,7.7925,8.312,8.8315,8.8315,8.8315,8.8315,8.8315,8.8315,8.8315,8.8315,9.351,9.351,9.8705,9.8705,10.2883
Madagascar,Pre- and post- production,Emissions (CO2eq) from CH4 (AR5),kilotonnes,2870.5507,2857.0343,2857.5129,2827.0632,2770.3999,2801.0732,2825.8743,2856.6079,2890.6245,2924.5844,2955.022,2984.3362,3009.5561,3039.6388,3051.9611,3078.8481,3104.4226,3134.4874,3164.0747,3192.5118,3217.2727
Madagascar,Pre- and post- production,Emissions (CO2eq) from N2O (AR5),kilotonnes,74.5232,74.4513,75.7826,78.2556,78.3555,84.2484,87.6288,90.8566,91.5134,94.4387,97.2232,100.8442,102.7114,104.4754,101.528,103.1666,106.416,107.3568,110.396,113.1476,115.9979
Madagascar,Pre- and post- production,Emissions (CO2eq) (AR5),kilotonnes,3354.5301,3358.7075,3241.8833,3212.4218,3033.4868,3066.7158,3110.6149,3149.3043,3201.0759,3234.0759,3267.2352,3352.205,3390.6848,3425.1667,3429.2466,3505.6641,3525.4799,3573.9711,3621.2799,3652.4598,3645.2295
Madagascar,Agri-food systems,Emissions (CH4),kilotonnes,729.5357,693.4074,652.5997,689.885,664.5951,750.3817,728.8683,755.0113,733.3903,753.2774,757.4486,735.1061,747.742,695.166,694.2924,689.5853,707.6275,664.9219,738.4294,766.2309,793.0915
Madagascar,Agri-food systems,Emissions (N2O),kilotonnes,23.7806,23.0122,20.604,23.952,21.408,27.4181,25.0751,27.0996,24.8178,26.2843,26.3287,26.542,26.691,26.2345,25.7773,26.8475,27.9724,26.5031,23.9068,24.2704,24.9832
Madagascar,Agri-food systems,Emissions (CO2),kilotonnes,29846.2912,26588.9878,26447.1502,26449.2691,26335.3755,26335.5327,26354.3773,26366.9441,26383.6916,26377.6698,26391.9339,12081.9234,12134.1011,12165.4032,12134.3922,12167.2034,9513.9362,9556.2022,9567.258,9590.6932,9554.3869
Madagascar,Agri-food systems,Emissions (CO2eq) from F-gases (AR5),kilotonnes,3.6365,3.117,4.6755,5.195,6.234,6.7535,7.7925,8.312,8.8315,8.8315,8.8315,8.8315,8.8315,8.8315,8.8315,8.8315,9.351,9.351,9.8705,9.8705,10.2883
Madagascar,Agri-food systems,Emissions (CO2eq) from CH4 (AR5),kilotonnes,20426.9986,19415.4082,18272.7903,19316.7802,18608.6616,21010.6865,20408.3113,21140.3153,20534.9272,21091.7679,21208.56,20582.9701,20936.7766,19464.6467,19440.188,19308.3888,19813.5698,18617.8131,20676.0222,21454.4657,22206.5627
Madagascar,Agri-food systems,Emissions (CO2eq) from N2O (AR5),kilotonnes,6301.8517,6098.2352,5460.0502,6347.2876,5673.1167,7265.7945,6644.8928,7181.3992,6576.7068,6965.3345,6977.0935,7033.6221,7073.1145,6952.1427,6830.9872,7114.5878,7412.6808,7023.3204,6335.2899,6431.6644,6620.5349
Madagascar,Agri-food systems,Emissions (CO2eq) (AR5),kilotonnes,56578.7779,52105.7482,50184.6662,52118.5319,50623.3878,54618.7672,53415.3739,54696.9706,53504.1571,54443.6036,54586.4189,39707.3471,40152.8238,38591.0241,38414.3989,38599.0116,36749.5379,35206.6866,36588.4407,37486.6938,38391.7727
Madagascar,IPCC Agriculture,Emissions (CH4),kilotonnes,625.2665,588.4353,548.063,586.4136,562.7169,640.6821,620.9844,649.5308,627.5947,643.046,643.22,618.5957,635.743,578.6573,581.3449,566.3046,588.7018,544.4595,619.2787,648.0906,672.6023
Madagascar,IPCC Agriculture,Emissions (CH4),kilotonnes,284.1,,,,,451,460.6,457.4,461.1,466,470.9,,,,,,,,,,
Madagascar,IPCC Agriculture,Direct emissions (N2O),kilotonnes,15.247,13.2621,12.1332,12.4404,12.6189,14.5547,14.6298,14.7942,15.0418,15.2185,15.3689,15.4725,15.7799,15.4385,15.9421,15.9932,15.9432,16.2638,14.2607,14.3899,14.6723
Madagascar,IPCC Agriculture,Indirect emissions (N2O),kilotonnes,3.4169,2.9936,2.7563,2.8386,2.8837,3.3221,3.3361,3.3772,3.4407,3.4817,3.5186,3.552,3.6371,3.5491,3.6777,3.6921,3.671,3.7788,3.3402,3.364,3.418
Madagascar,IPCC Agriculture,Emissions (N2O),kilotonnes,23.4292,22.4469,20.0784,23.4117,20.8264,26.2007,24.0919,26.4215,24.2165,25.3791,25.1537,25.2485,25.8944,25.1244,25.0245,25.2241,26.8125,25.2894,22.8989,23.433,24.0013
Madagascar,IPCC Agriculture,Emissions (N2O),kilotonnes,66.4,,,,,42.8,44.2,43.9,44.6,45.2,45.7,,,,,,,,,,
Madagascar,IPCC Agriculture,Emissions (CO2eq) from CH4 (AR5),kilotonnes,17507.4632,16476.1888,15345.7635,16419.5811,15756.0729,17939.0979,17387.5624,18186.8621,17572.6515,18005.2892,18010.1605,17320.6794,17800.8049,16202.4036,16277.6568,15856.5287,16483.6512,15244.8672,17339.803,18146.5358,18832.8655
Madagascar,IPCC Agriculture,Emissions (CO2eq) from CH4 (AR5),kilotonnes,7954.8,,,,,12628,12896.8,12807.2,12910.8,13048,13185.2,,,,,,,,,,
Madagascar,IPCC Agriculture,Emissions (CO2eq) from N2O (AR5),kilotonnes,6208.7511,5948.4229,5320.7649,6204.0948,5518.9909,6943.1914,6384.3475,7001.6992,6417.3747,6725.455,6665.7294,6690.8425,6862.0112,6657.9679,6631.5009,6684.3756,7105.325,6701.6988,6068.2163,6209.7558,6360.3413
Madagascar,IPCC Agriculture,Emissions (CO2eq) from N2O (AR5),kilotonnes,17596,,,,,11342,11713,11633.5,11819,11978,12110.5,,,,,,,,,,
Madagascar,IPCC Agriculture,Emissions (CO2eq) (AR5),kilotonnes,23716.2142,22424.6117,20666.5284,22623.6759,21275.0638,24882.2893,23771.9099,25188.5613,23990.0262,24730.7442,24675.89,24011.5219,24662.8161,22860.3715,22909.1577,22540.9042,23588.9762,21946.566,23408.0193,24356.2917,25193.2068
Madagascar,IPCC Agriculture,Emissions (CO2eq) (AR5),kilotonnes,25550.8,,,,,23970,24609.8,24440.7,24729.8,25026,25295.7,,,,,,,,,,
Madagascar,Agricultural Soils,Direct emissions (N2O),kilotonnes,15.247,13.2621,12.1332,12.4404,12.6189,14.5547,14.6298,14.7942,15.0418,15.2185,15.3689,15.4725,15.7799,15.4385,15.9421,15.9932,15.9432,16.2638,14.2607,14.3899,14.6723
Madagascar,Agricultural Soils,Indirect emissions (N2O),kilotonnes,3.4169,2.9936,2.7563,2.8386,2.8837,3.3221,3.3361,3.3772,3.4407,3.4817,3.5186,3.552,3.6371,3.5491,3.6777,3.6921,3.671,3.7788,3.3402,3.364,3.418
Madagascar,Agricultural Soils,Emissions (N2O),kilotonnes,19.3972,16.989,15.622,16.0096,16.2342,18.6084,18.6987,18.9043,19.2139,19.4307,19.6185,19.7576,20.15,19.7192,20.3516,20.4168,20.3457,20.7729,18.3317,18.4886,18.8247
Madagascar,Agricultural Soils,Emissions (N2O),kilotonnes,54.8,,,,,27.9,,,,,,,,,,,,,,,
Madagascar,Agricultural Soils,Emissions (CO2eq) from N2O (AR5),kilotonnes,5140.2691,4502.0738,4139.823,4242.5412,4302.0555,4931.2144,4955.1565,5009.6368,5091.6944,5149.1404,5198.9138,5235.7629,5339.7625,5225.5804,5393.1752,5410.4601,5391.6037,5504.8267,4857.9012,4899.4716,4988.5561
Madagascar,Agricultural Soils,Emissions (CO2eq) from N2O (AR5),kilotonnes,14522,,,,,7393.5,,,,,,,,,,,,,,,
Madagascar,Agricultural Soils,Emissions (CO2eq) (AR5),kilotonnes,5140.2691,4502.0738,4139.823,4242.5412,4302.0555,4931.2144,4955.1565,5009.6368,5091.6944,5149.1404,5198.9138,5235.7629,5339.7625,5225.5804,5393.1752,5410.4601,5391.6037,5504.8267,4857.9012,4899.4716,4988.5561
Madagascar,Agricultural Soils,Emissions (CO2eq) (AR5),kilotonnes,14522,,,,,7393.5,,,,,,,,,,,,,,,
Madagascar,LULUCF,Emissions (CH4),kilotonnes,5.1411,6.2873,4.2341,5.2398,7.2482,17.2298,11.313,7.9615,3.9337,10.9608,20.1908,21.6915,9.2632,15.1497,6.8805,22.5055,15.5623,17.6198,12.8056,10.6601,11.2354
Madagascar,LULUCF,Emissions (CH4),kilotonnes,13.4,,,,,8.7,8.1,6.2,4.6,8.5,8.3,,,,,,,,,,
Madagascar,LULUCF,Emissions (N2O),kilotonnes,0.1512,0.5741,0.3866,0.4784,0.6618,1.5732,1.0329,0.7269,0.3592,1.0008,1.8435,1.9805,0.8458,1.3832,0.6282,2.0548,1.4209,1.6088,1.1692,0.9733,1.0258
Madagascar,LULUCF,Emissions (N2O),kilotonnes,0.1,,,,,0.6,0.6,0.4,0.3,0.5,0.5,,,,,,,,,,
Madagascar,LULUCF,Emissions (CO2),kilotonnes,27907.0883,21006.2572,21002.7671,20992.3018,20997.6998,20998.5713,21006.8411,21007.7026,21000.5924,20998.263,21001.407,9049.3375,9049.8407,9042.4782,9042.8888,9041.2152,9040.731,9033.6929,9036.0464,9060.6073,9059.5603
Madagascar,LULUCF,Emissions (CO2),kilotonnes,-233568.5,,,,,-158181.7,-169010.8,-174745.3,-171179.6,-167805.7,-96520.6,,,,,,,,,,
Madagascar,LULUCF,Emissions (CO2eq) from CH4 (AR5),kilotonnes,143.9508,176.0436,118.5537,146.7132,202.9486,482.4352,316.7626,222.9209,110.1435,306.9031,565.3428,607.3626,259.3698,424.1903,192.6542,630.1529,435.7452,493.3548,358.5554,298.4815,314.5907
Madagascar,LULUCF,Emissions (CO2eq) from N2O (AR5),kilotonnes,40.0701,152.1247,102.4458,126.7794,175.3741,416.8869,273.7242,192.6328,95.1783,265.2043,488.5299,524.8405,224.1294,366.5558,166.4783,544.5343,376.5407,426.3229,309.8387,257.927,271.8474
Madagascar,LULUCF,Emissions (CO2eq) (AR5),kilotonnes,28091.1093,21334.4255,21223.7665,21265.7944,21376.0225,21897.8933,21597.3279,21423.2562,21205.9143,21570.3704,22055.2797,10181.5405,9533.3399,9833.2243,9402.0213,10215.9023,9853.0169,9953.3705,9704.4405,9617.0158,9645.9985
Madagascar,LULUCF,Emissions (CO2eq) (AR5),kilotonnes,-233568.5,,,,,-158181.7,-169010.8,-174745.3,-171179.6,-167805.7,-96520.6,,,,,,,,,,
Madagascar,AFOLU,Emissions (CH4),kilotonnes,630.4076,594.7226,552.297,591.6534,569.9651,657.9119,632.2973,657.4923,631.5284,654.0069,663.4108,640.2872,645.0062,593.8069,588.2254,588.8101,604.2642,562.0794,632.0842,658.7506,683.8377
Madagascar,AFOLU,Emissions (N2O),kilotonnes,23.5805,23.0209,20.4649,23.8901,21.4882,27.7739,25.1248,27.1484,24.5757,26.3798,26.9972,27.229,26.7402,26.5076,25.6528,27.2789,28.2335,26.8982,24.0681,24.4064,25.0271
Madagascar,AFOLU,Emissions (CO2),kilotonnes,27907.0883,21006.2572,21002.7671,20992.3018,20997.6998,20998.5713,21006.8411,21007.7026,21000.5924,20998.263,21001.407,9049.3375,9049.8407,9042.4782,9042.8888,9041.2152,9040.731,9033.6929,9036.0464,9060.6073,9059.5603
Madagascar,AFOLU,Emissions (CO2eq) from CH4 (AR5),kilotonnes,17651.414,16652.2324,15464.3172,16566.2943,15959.0215,18421.5331,17704.325,18409.783,17682.795,18312.1922,18575.5033,17928.042,18060.1747,16626.5939,16470.3109,16486.6816,16919.3964,15738.222,17698.3584,18445.0174,19147.4563
Madagascar,AFOLU,Emissions (CO2eq) from N2O (AR5),kilotonnes,6248.8212,6100.5476,5423.2107,6330.8742,5694.365,7360.0783,6658.0718,7194.332,6512.553,6990.6593,7154.2593,7215.683,7086.1406,7024.5237,6797.9793,7228.9098,7481.8657,7128.0216,6378.0549,6467.6828,6632.1887
Madagascar,AFOLU,Emissions (CO2eq) (AR5),kilotonnes,51807.3235,43759.0372,41890.2949,43889.4703,42651.0862,46780.1827,45369.2379,46611.8176,45195.9405,46301.1145,46731.1697,34193.0624,34196.156,32693.5958,32311.179,32756.8066,33441.9931,31899.9365,33112.4597,33973.3075,34839.2053
Madagascar,All sectors with LULUCF,Emissions (CH4),kilotonnes,780.5076,747.0226,715.897,761.5534,746.4651,842.5119,830.3973,861.8923,843.2284,871.2069,890.4108,872.2872,884.0062,853.8069,853.2254,859.8101,884.2642,854.0794,933.0842,965.7506,998.8377
Madagascar,All sectors with LULUCF,Emissions (N2O),kilotonnes,24.9576,24.4211,21.9071,25.4003,23.0594,29.4111,26.947,29.0166,26.4759,28.2961,28.9714,29.2552,28.8334,28.7119,27.868,29.5432,30.5587,29.2785,26.5034,26.9126,27.5904
Madagascar,All sectors with LULUCF,Emissions (CO2),kilotonnes,29820.5883,22791.5572,22290.0671,22727.3018,22844.6998,22788.5713,22737.8411,22855.7026,22936.5924,22817.263,23009.407,11493.3375,11855.8407,12261.4782,12180.8888,12599.2152,12438.731,12980.6929,13178.0464,13132.6073,12712.5603
Madagascar,All sectors with LULUCF,Emissions (CO2eq) from F-gases (AR5),kilotonnes,3.3526,4.4506,3.8773,5.2183,6.4136,7.6088,8.1822,9.0276,9.8147,10.5921,11.3695,12.0498,12.8272,13.6046,14.382,15.1594,16.034,16.8114,17.5888,18.3662,19.1436
Madagascar,All sectors with LULUCF,Emissions (CO2eq) from CH4 (AR5),kilotonnes,21854.214,20916.6324,20045.1172,21323.4943,20901.0215,23590.3331,23251.125,24132.983,23610.395,24393.7922,24931.5033,24424.042,24752.1747,23906.5939,23890.3109,24074.6816,24759.3964,23914.222,26126.3584,27041.0174,27967.4563
Madagascar,All sectors with LULUCF,Emissions (CO2eq) from N2O (AR5),kilotonnes,6613.772,6471.595,5805.3895,6731.0746,6110.7319,7793.9368,7140.9569,7689.4087,7016.1113,7498.4592,7677.4311,7752.6363,7640.8508,7608.6507,7385.0229,7828.9406,8098.0633,7758.7961,7023.4065,7131.8505,7311.4632
Madagascar,All sectors with LULUCF,Emissions (CO2eq) (AR5),kilotonnes,58291.9269,50184.2353,48144.451,50787.089,49862.8668,54180.45,53138.1052,54687.1219,53572.9135,54720.1065,55629.711,43682.0655,44261.6934,43790.3274,43470.6046,44517.9967,45312.2246,44670.5223,46345.4001,47323.8413,48010.6233
Madagascar,All sectors without LULUCF,Emissions (CH4),kilotonnes,775.3665,740.7353,711.663,756.3136,739.2169,825.2821,819.0844,853.9308,839.2947,860.246,870.22,850.5957,874.743,838.6573,846.3449,837.3046,868.7018,836.4595,920.2787,955.0906,987.6023
Madagascar,All sectors without LULUCF,Emissions (N2O),kilotonnes,24.8064,23.8471,21.5205,24.9219,22.3976,27.8379,25.9141,28.2897,26.1167,27.2953,27.1279,27.2747,27.9876,27.3287,27.2398,27.4883,29.1378,27.6697,25.3342,25.9393,26.5646
Madagascar,All sectors without LULUCF,Emissions (CO2),kilotonnes,1913.5,1785.3,1287.3,1735,1847,1790,1731,1848,1936,1819,2008,2444,2806,3219,3138,3558,3398,3947,4142,4072,3653
Madagascar,All sectors without LULUCF,Emissions (CO2eq) from F-gases (AR5),kilotonnes,3.3526,4.4506,3.8773,5.2183,6.4136,7.6088,8.1822,9.0276,9.8147,10.5921,11.3695,12.0498,12.8272,13.6046,14.382,15.1594,16.034,16.8114,17.5888,18.3662,19.1436
Madagascar,All sectors without LULUCF,Emissions (CO2eq) from CH4 (AR5),kilotonnes,21710.2632,20740.5888,19926.5635,21176.7811,20698.0729,23107.8979,22934.3624,23910.0621,23500.2515,24086.8892,24366.1605,23816.6794,24492.8049,23482.4036,23697.6568,23444.5287,24323.6512,23420.8672,25767.803,26742.5358,27652.8655
Madagascar,All sectors without LULUCF,Emissions (CO2eq) from N2O (AR5),kilotonnes,6573.7019,6319.4703,5702.9436,6604.2952,5935.3578,7377.0499,6867.2327,7496.7759,6920.933,7233.2549,7188.9012,7227.7959,7416.7214,7242.095,7218.5446,7284.4063,7721.5226,7332.4732,6713.5679,6873.9235,7039.6158
Madagascar,All sectors without LULUCF,Emissions (CO2eq) (AR5),kilotonnes,30200.8176,28849.8097,26920.6845,29521.2946,28486.8443,32282.5567,31540.7772,33263.8656,32366.9992,33149.7362,33574.4312,33500.525,34728.3534,33957.1031,34068.5833,34302.0944,35459.2078,34717.1518,36640.9596,37706.8255,38364.6249
Malawi,Crop Residues,Direct emissions (N2O),kilotonnes,0.5405,0.4899,0.4192,0.5163,0.4747,0.4117,0.6259,0.6893,0.652,0.7847,0.7748,0.8106,0.8234,0.8502,0.778,0.634,0.5762,0.7483,0.647,0.7487,0.7991
Malawi,Crop Residues,Indirect emissions (N2O),kilotonnes,0.1216,0.1102,0.0943,0.1162,0.1068,0.0926,0.1408,0.1551,0.1467,0.1766,0.1743,0.1824,0.1853,0.1913,0.175,0.1427,0.1297,0.1684,0.1456,0.1685,0.1798
Malawi,Crop Residues,Emissions (N2O),kilotonnes,0.6621,0.6001,0.5135,0.6325,0.5815,0.5043,0.7667,0.8444,0.7987,0.9613,0.9491,0.993,1.0087,1.0415,0.953,0.7767,0.7059,0.9166,0.7926,0.9172,0.9789
Malawi,Crop Residues,Emissions (CO2eq) from N2O (AR5),kilotonnes,175.4596,159.0342,136.0775,167.6042,154.0912,133.6342,203.1802,223.7756,211.6646,254.7411,251.5097,263.14,267.2986,275.9889,252.548,205.8274,187.0646,242.9009,210.028,243.0562,259.4096
Malawi,Crop Residues,Emissions (CO2eq) (AR5),kilotonnes,175.4596,159.0342,136.0775,167.6042,154.0912,133.6342,203.1802,223.7756,211.6646,254.7411,251.5097,263.14,267.2986,275.9889,252.548,205.8274,187.0646,242.9009,210.028,243.0562,259.4096
Malawi,Rice Cultivation,Emissions (CH4),kilotonnes,3.0466,3.5102,3.922,3.8075,2.9798,3.4295,3.6422,4.0664,4.4187,4.4777,4.1369,4.3091,4.2092,4.5693,4.718,4.6033,3.7573,4.5417,4.478,4.9401,5.0934
Malawi,Rice Cultivation,Emissions (CO2eq) from CH4 (AR5),kilotonnes,85.3051,98.2862,109.8168,106.6103,83.4333,96.0263,101.9808,113.8584,123.723,125.3753,115.8321,120.6556,117.8587,127.939,132.104,128.8916,105.205,127.1668,125.3832,138.3231,142.6155
Malawi,Rice Cultivation,Emissions (CO2eq) (AR5),kilotonnes,85.3051,98.2862,109.8168,106.6103,83.4333,96.0263,101.9808,113.8584,123.723,125.3753,115.8321,120.6556,117.8587,127.939,132.104,128.8916,105.205,127.1668,125.3832,138.3231,142.6155
Malawi,Burning - Crop residues,Emissions (CH4),kilotonnes,3.9773,4.018,4.1471,4.4873,4.2524,4.2011,4.8782,3.4103,4.451,4.4833,4.7132,4.6601,4.5983,4.6782,4.7565,4.6767,4.6495,4.8005,4.6935,4.8304,4.9153
Malawi,Burning - Crop residues,Emissions (CH4),kilotonnes,,,,,,,,,,,,,,,,,,,,,
Malawi,Burning - Crop residues,Emissions (N2O),kilotonnes,0.1031,0.1042,0.1075,0.1163,0.1102,0.1089,0.1265,0.0884,0.1154,0.1162,0.1222,0.1208,0.1192,0.1213,0.1233,0.1212,0.1205,0.1245,0.1217,0.1252,0.1274
Malawi,Burning - Crop residues,Emissions (N2O),kilotonnes,,,,,,,,,,,,,,,,,,,,,
Malawi,Burning - Crop residues,Emissions (CO2eq) from CH4 (AR5),kilotonnes,111.364,112.5051,116.118,125.644,119.066,117.6313,136.5898,95.4872,124.6277,125.5314,131.9706,130.4834,128.7536,130.9896,133.1808,130.9472,130.1863,134.4132,131.4171,135.25,137.6283
Malawi,Burning - Crop residues,Emissions (CO2eq) from CH4 (AR5),kilotonnes,,,,,,,,,,,,,,,,,,,,,
Malawi,Burning - Crop residues,Emissions (CO2eq) from N2O (AR5),kilotonnes,27.3254,27.6054,28.4919,30.8293,29.2153,28.8632,33.5151,23.4297,30.5799,30.8017,32.3817,32.0168,31.5923,32.141,32.6786,32.1306,31.9439,32.981,32.2459,33.1863,33.7699
Malawi,Burning - Crop residues,Emissions (CO2eq) from N2O (AR5),kilotonnes,,,,,,,,,,,,,,,,,,,,,
Malawi,Burning - Crop residues,Emissions (CO2eq) (AR5),kilotonnes,138.6894,140.1105,144.61,156.4734,148.2813,146.4946,170.1049,118.9169,155.2077,156.3331,164.3523,162.5002,160.346,163.1306,165.8595,163.0777,162.1302,167.3942,163.6629,168.4364,171.3982
Malawi,Burning - Crop residues,Emissions (CO2eq) (AR5),kilotonnes,,,,,,,,,,,,,,,,,,,,,
Malawi,Enteric Fermentation,Emissions (CH4),kilotonnes,34.3115,33.7586,33.2418,34.4562,36.1489,36.7177,38.668,43.4597,48.2776,51.5962,57.0458,61.5398,66.0933,70.9337,75.9848,82.3837,88.912,92.4262,102.8972,119.8765,125.3246
Malawi,Enteric Fermentation,Emissions (CH4),kilotonnes,,,,,,,,,,,,,,,,,,,,,
Malawi,Enteric Fermentation,Emissions (CO2eq) from CH4 (AR5),kilotonnes,960.7224,945.2402,930.7711,964.7744,1012.1705,1028.096,1082.7052,1216.8726,1351.7724,1444.6926,1597.2834,1723.1151,1850.611,1986.1448,2127.5746,2306.7442,2489.5349,2587.9343,2881.122,3356.542,3509.0883
Malawi,Enteric Fermentation,Emissions (CO2eq) from CH4 (AR5),kilotonnes,,,,,,,,,,,,,,,,,,,,,
Malawi,Enteric Fermentation,Emissions (CO2eq) (AR5),kilotonnes,960.7224,945.2402,930.7711,964.7744,1012.1705,1028.096,1082.7052,1216.8726,1351.7724,1444.6926,1597.2834,1723.1151,1850.611,1986.1448,2127.5746,2306.7442,2489.5349,2587.9343,2881.122,3356.542,3509.0883
Malawi,Enteric Fermentation,Emissions (CO2eq) (AR5),kilotonnes,,,,,,,,,,,,,,,,,,,,,
Malawi,Manure Management,Emissions (CH4),kilotonnes,1.8319,1.7825,1.804,1.8191,1.8999,2.0315,2.1596,2.5979,3.0454,3.3649,3.9475,4.3925,4.8773,5.295,5.4348,6.0784,6.4367,7.0247,9.8971,12.3848,12.0026
Malawi,Manure Management,Emissions (CH4),kilotonnes,,,,,,,,,,,,,,,,,,,,,
Malawi,Manure Management,Emissions (N2O),kilotonnes,0.2289,0.2148,0.223,0.2142,0.234,0.2807,0.3045,0.4343,0.568,0.6634,0.8485,0.9814,1.129,1.2454,1.2289,1.4269,1.492,1.7052,2.8498,3.7297,3.4737
Malawi,Manure Management,Emissions (N2O),kilotonnes,,,,,,,,,,,,,,,,,,,,,
Malawi,Manure Management,Emissions (CO2eq) from CH4 (AR5),kilotonnes,51.2921,49.9101,50.5132,50.936,53.1984,56.882,60.4688,72.741,85.2701,94.2164,110.5311,122.9909,136.5647,148.2608,152.1742,170.1961,180.2283,196.6923,277.1192,346.7732,336.0725
Malawi,Manure Management,Emissions (CO2eq) from CH4 (AR5),kilotonnes,,,,,,,,,,,,,,,,,,,,,
Malawi,Manure Management,Emissions (CO2eq) from N2O (AR5),kilotonnes,60.6678,56.917,59.0928,56.769,62.0206,74.3814,80.6807,115.0828,150.5106,175.7903,224.8612,260.0826,299.1801,330.04,325.6698,378.1179,395.3738,451.8724,755.2012,988.3583,920.5346
Malawi,Manure Management,Emissions (CO2eq) from N2O (AR5),kilotonnes,,,,,,,,,,,,,,,,,,,,,
Malawi,Manure Management,Emissions (CO2eq) (AR5),kilotonnes,111.9599,106.8272,109.6059,107.705,115.2191,131.2634,141.1495,187.8238,235.7807,270.0067,335.3923,383.0735,435.7448,478.3008,477.844,548.3141,575.6021,648.5647,1032.3204,1335.1315,1256.6071
Malawi,Manure Management,Emissions (CO2eq) (AR5),kilotonnes,,,,,,,,,,,,,,,,,,,,,
Malawi,Manure left on Pasture,Direct emissions (N2O),kilotonnes,1.5242,1.5034,1.4887,1.5367,1.6037,1.63,1.7188,1.9099,2.1006,2.2371,2.4499,2.6381,2.8259,3.0249,3.2505,3.5053,3.7864,3.9211,4.2564,4.9011,5.1655
Malawi,Manure left on Pasture,Indirect emissions (N2O),kilotonnes,0.4123,0.407,0.4032,0.4161,0.4453,0.45,0.4865,0.5482,0.6081,0.6561,0.7224,0.7901,0.8549,0.919,0.9936,1.0809,1.1808,1.2277,1.3328,1.5532,1.6447
Malawi,Manure left on Pasture,Emissions (N2O),kilotonnes,1.9365,1.9103,1.8919,1.9529,2.049,2.0799,2.2053,2.4581,2.7087,2.8932,3.1723,3.4282,3.6808,3.944,4.244,4.5862,4.9672,5.1488,5.5892,6.4543,6.8102
Malawi,Manure left on Pasture,Emissions (CO2eq) from N2O (AR5),kilotonnes,513.1713,506.2401,501.3441,517.5089,542.9844,551.1856,584.4008,651.3998,717.8056,766.6949,840.6521,908.4811,975.4059,1045.1482,1124.6703,1215.3436,1316.309,1364.4232,1481.135,1710.3974,1804.7017
Malawi,Manure left on Pasture,Emissions (CO2eq) (AR5),kilotonnes,513.1713,506.2401,501.3441,517.5089,542.9844,551.1856,584.4008,651.3998,717.8056,766.6949,840.6521,908.4811,975.4059,1045.1482,1124.6703,1215.3436,1316.309,1364.4232,1481.135,1710.3974,1804.7017
Malawi,Manure applied to Soils,Direct emissions (N2O),kilotonnes,0.1438,0.1366,0.1383,0.1343,0.1478,0.1733,0.1841,0.2526,0.3232,0.3738,0.4708,0.5416,0.6191,0.6804,0.6754,0.779,0.816,0.9262,1.5097,1.9632,1.8367
Malawi,Manure applied to Soils,Indirect emissions (N2O),kilotonnes,0.0611,0.0581,0.0588,0.0571,0.0628,0.0736,0.0782,0.1073,0.1374,0.1588,0.2001,0.2302,0.2631,0.2892,0.2871,0.3311,0.3468,0.3936,0.6416,0.8344,0.7806
Malawi,Manure applied to Soils,Emissions (N2O),kilotonnes,0.2049,0.1947,0.197,0.1913,0.2107,0.2469,0.2623,0.3599,0.4606,0.5326,0.6709,0.7717,0.8822,0.9696,0.9625,1.1101,1.1628,1.3198,2.1513,2.7976,2.6173
Malawi,Manure applied to Soils,Emissions (CO2eq) from N2O (AR5),kilotonnes,54.302,51.5833,52.2103,50.7073,55.825,65.4261,69.5218,95.3814,122.046,141.1426,177.7822,204.509,233.7952,256.9431,255.0596,294.1635,308.1486,349.7512,570.084,741.351,693.5943
Malawi,Manure applied to Soils,Emissions (CO2eq) (AR5),kilotonnes,54.302,51.5833,52.2103,50.7073,55.825,65.4261,69.5218,95.3814,122.046,141.1426,177.7822,204.509,233.7952,256.9431,255.0596,294.1635,308.1486,349.7512,570.084,741.351,693.5943
Malawi,Synthetic Fertilizers,Direct emissions (N2O),kilotonnes,0.5435,0.2637,0.9442,0.9584,1.1256,1.0398,1.3036,1.3252,1.543,1.1321,1.5169,1.3347,0.9181,0.9238,1.8591,1.7196,0.9944,1.3587,1.3842,1.2146,1.2146
Malawi,Synthetic Fertilizers,Indirect emissions (N2O),kilotonnes,0.1766,0.0857,0.3069,0.3115,0.3658,0.3379,0.4237,0.4307,0.5015,0.3679,0.493,0.4338,0.2984,0.3002,0.6042,0.5589,0.3232,0.4416,0.4499,0.3947,0.3947
Malawi,Synthetic Fertilizers,Emissions (N2O),kilotonnes,0.7202,0.3494,1.251,1.2699,1.4914,1.3778,1.7273,1.7559,2.0445,1.5,2.01,1.7685,1.2165,1.224,2.4633,2.2784,1.3176,1.8003,1.8341,1.6093,1.6093
Malawi,Synthetic Fertilizers,Emissions (CO2eq) from N2O (AR5),kilotonnes,190.8455,92.5922,331.5187,336.5177,395.2313,365.1158,457.7411,465.3058,541.7864,397.4991,532.6381,468.6606,322.3674,324.3556,652.7692,603.7809,349.1598,477.0761,486.0241,426.4616,426.4614
Malawi,Synthetic Fertilizers,Emissions (CO2eq) (AR5),kilotonnes,190.8455,92.5922,331.5187,336.5177,395.2313,365.1158,457.7411,465.3058,541.7864,397.4991,532.6381,468.6606,322.3674,324.3556,652.7692,603.7809,349.1598,477.0761,486.0241,426.4616,426.4614
Malawi,Drained organic soils,Emissions (CO2eq) (AR5),kilotonnes,894.1659,904.0218,907.8627,904.8146,910.3908,910.3908,911.048,913.1956,921.4177,923.6183,921.4711,923.2129,923.6406,916.776,884.9507,884.9507,885.3932,887.5391,884.9515,884.5578,872.9777
Malawi,Drained organic soils (CO2),Emissions (CO2),kilotonnes,858.8236,868.2899,871.98,869.0529,874.4114,874.4114,875.0429,877.1056,885.0061,887.1199,885.0577,886.731,887.1421,880.5417,849.9536,849.9536,850.3786,852.4396,849.9543,849.5993,838.4626
Malawi,Drained organic soils (CO2),Emissions (CO2eq) (AR5),kilotonnes,858.8236,868.2899,871.98,869.0529,874.4114,874.4114,875.0429,877.1056,885.0061,887.1199,885.0577,886.731,887.1421,880.5417,849.9536,849.9536,850.3786,852.4396,849.9543,849.5993,838.4626
Malawi,Drained organic soils (N2O),Emissions (N2O),kilotonnes,0.1334,0.1348,0.1354,0.135,0.1358,0.1358,0.1359,0.1362,0.1374,0.1377,0.1374,0.1377,0.1377,0.1367,0.1321,0.1321,0.1321,0.1325,0.1321,0.1319,0.1302
Malawi,Drained organic soils (N2O),Emissions (CO2eq) from N2O (AR5),kilotonnes,35.3423,35.7319,35.8827,35.7618,35.9794,35.9794,36.005,36.09,36.4116,36.4984,36.4134,36.4819,36.4985,36.2343,34.9971,34.9971,35.0146,35.0995,34.9971,34.9584,34.5151
Malawi,Drained organic soils (N2O),Emissions (CO2eq) (AR5),kilotonnes,35.3423,35.7319,35.8827,35.7618,35.9794,35.9794,36.005,36.09,36.4116,36.4984,36.4134,36.4819,36.4985,36.2343,34.9971,34.9971,35.0146,35.0995,34.9971,34.9584,34.5151
Malawi,On-farm energy use,Emissions (CH4),kilotonnes,0.1271,0.1388,0.125,0.09,0.0938,0.0959,0.0975,0.1011,0.1012,0.1096,0.1223,0.1611,0.1272,0.1051,0.0725,0.0641,0.0574,0.0516,0.0538,0.0501,0.0501
Malawi,On-farm energy use,Emissions (N2O),kilotonnes,0.0085,0.0091,0.009,0.0104,0.0104,0.0106,0.0105,0.0123,0.017,0.0176,0.0158,0.0164,0.0181,0.0186,0.0129,0.0138,0.0163,0.0204,0.0256,0.0281,0.0281
Malawi,On-farm energy use,Emissions (CO2),kilotonnes,64.2376,69.1972,65.2138,58.3684,59.8096,60.3596,61.0261,68.2725,81.2274,86.545,85.5018,99.3068,92.143,87.1126,62.3696,63.1991,69.462,79.5737,95.2229,101.7936,101.7936
Malawi,On-farm energy use,Emissions (CO2eq) from CH4 (AR5),kilotonnes,3.5592,3.8854,3.4996,2.5203,2.6263,2.6845,2.7286,2.8294,2.8343,3.0698,3.4255,4.5115,3.5611,2.9416,2.0299,1.7944,1.6067,1.4461,1.5075,1.4031,1.4031
Malawi,On-farm energy use,Emissions (CO2eq) from N2O (AR5),kilotonnes,2.2438,2.4138,2.3938,2.7485,2.7665,2.8004,2.7697,3.2722,4.5153,4.6607,4.1781,4.3378,4.7979,4.9299,3.4115,3.6524,4.3154,5.3963,6.7712,7.4431,7.4431
Malawi,On-farm energy use,Emissions (CO2eq) (AR5),kilotonnes,70.0406,75.4964,71.1072,63.6371,65.2024,65.8445,66.5244,74.3741,88.5771,94.2755,93.1053,108.156,100.5019,94.9842,67.8111,68.646,75.3841,86.4161,103.5016,110.6397,110.6397
Malawi,Forestland,Emissions (CO2),kilotonnes,0,0,0,0,0,0,0,0,0,0,0,0,0,0,0,0,0,0,0,0,0
Malawi,Forestland,Emissions (CO2eq) (AR5),kilotonnes,0,0,0,0,0,0,0,0,0,0,0,0,0,0,0,0,0,0,0,0,0
Malawi,Net Forest conversion,Emissions (CO2),kilotonnes,7068.6,7068.6,7068.6,7068.6,7068.6,7068.6,7068.6,7068.6,7068.6,7068.6,7068.6,7068.6,7068.6,7068.6,7068.6,7068.6,7068.6,7068.6,7068.6,7068.6,7068.6
Malawi,Net Forest conversion,Emissions (CO2eq) (AR5),kilotonnes,7068.6,7068.6,7068.6,7068.6,7068.6,7068.6,7068.6,7068.6,7068.6,7068.6,7068.6,7068.6,7068.6,7068.6,7068.6,7068.6,7068.6,7068.6,7068.6,7068.6,7068.6
Malawi,Savanna fires,Emissions (CH4),kilotonnes,4.8803,4.3205,5.8196,7.3395,5.0377,6.7586,4.8635,5.8553,5.8296,4.2439,6.7473,5.4676,6.5369,5.1055,4.574,5.1163,5.689,4.2841,5.8896,4.5626,4.7349
Malawi,Savanna fires,Emissions (N2O),kilotonnes,0.4456,0.3945,0.5314,0.6701,0.46,0.6171,0.4441,0.5346,0.5323,0.3875,0.6161,0.4992,0.5968,0.4662,0.4176,0.4671,0.5194,0.3912,0.5377,0.4166,0.4323
Malawi,Savanna fires,Emissions (CO2eq) from CH4 (AR5),kilotonnes,136.6477,120.9744,162.9488,205.5069,141.0556,189.2413,136.1777,163.9494,163.2301,118.8291,188.9242,153.0936,183.0321,142.9546,128.0713,143.2563,159.2926,119.9547,164.9087,127.7527,132.578
Malawi,Savanna fires,Emissions (CO2eq) from N2O (AR5),kilotonnes,118.0814,104.5376,140.809,177.5848,121.8905,163.5292,117.6753,141.6737,141.0521,102.6839,163.2551,132.2928,158.1636,123.5314,110.6703,123.7921,137.6496,103.6565,142.5026,110.395,114.5647
Malawi,Savanna fires,Emissions (CO2eq) (AR5),kilotonnes,254.7291,225.512,303.7578,383.0916,262.9461,352.7705,253.853,305.623,304.2822,221.513,352.1793,285.3864,341.1958,266.486,238.7415,267.0484,296.9422,223.6111,307.4112,238.1477,247.1428
Malawi,Fires in organic soils,Emissions (CH4),kilotonnes,0,0,0,0,0,0,0,0,0,0,0,0,0,0,0,0,0,0,0,0,0
Malawi,Fires in organic soils,Emissions (CO2),kilotonnes,0,0,0,0,0,0,0,0,0,0,0,0,0,0,0,0,0,0,0,0,0
Malawi,Fires in organic soils,Emissions (CO2eq) from CH4 (AR5),kilotonnes,0,0,0,0,0,0,0,0,0,0,0,0,0,0,0,0,0,0,0,0,0
Malawi,Fires in organic soils,Emissions (CO2eq) (AR5),kilotonnes,0,0,0,0,0,0,0,0,0,0,0,0,0,0,0,0,0,0,0,0,0
Malawi,Forest fires,Emissions (CH4),kilotonnes,1.6597,5.547,6.0657,11.0424,7.0591,12.1107,5.5272,8.0278,9.7237,4.4104,14.6025,8.7259,13.1832,8.4395,11.2756,10.501,15.2623,6.9619,8.6491,5.6717,7.9748
Malawi,Forest fires,Emissions (N2O),kilotonnes,0.0488,0.5065,0.5538,1.0082,0.6445,1.1058,0.5047,0.733,0.8878,0.4027,1.3333,0.7967,1.2037,0.7706,1.0295,0.9588,1.3935,0.6357,0.7897,0.5178,0.7281
Malawi,Forest fires,Emissions (CO2eq) from CH4 (AR5),kilotonnes,46.4714,155.317,169.8397,309.1869,197.6546,339.1009,154.7604,224.7775,272.2647,123.4909,408.8694,244.3256,369.1284,236.3064,315.7178,294.0279,427.3441,194.9339,242.1744,158.8065,223.2941
Malawi,Forest fires,Emissions (CO2eq) from N2O (AR5),kilotonnes,12.9357,134.2142,146.7636,267.1778,170.7994,293.0274,133.7332,194.2371,235.2722,106.7123,353.3165,211.1292,318.9751,204.1996,272.8213,254.0784,369.2811,168.4483,209.2703,137.2295,192.9552
Malawi,Forest fires,Emissions (CO2eq) (AR5),kilotonnes,59.4071,289.5312,316.6033,576.3647,368.454,632.1283,288.4937,419.0147,507.5368,230.2032,762.1859,455.4547,688.1035,440.506,588.5391,548.1063,796.6252,363.3821,451.4447,296.036,416.2493
Malawi,Fires in humid tropical forests,Emissions (CH4),kilotonnes,0.2774,2.9536,3.2197,8.0302,4.0791,9.2698,3.1718,4.5819,6.652,3.2727,11.7367,7.0723,10.3396,7.0217,8.6528,8.493,12.9047,4.768,7.288,4.643,6.3088
Malawi,Fires in humid tropical forests,Emissions (N2O),kilotonnes,0.0082,0.2697,0.294,0.7332,0.3724,0.8464,0.2896,0.4183,0.6074,0.2988,1.0716,0.6457,0.944,0.6411,0.79,0.7754,1.1783,0.4353,0.6654,0.4239,0.576
Malawi,Fires in humid tropical forests,Emissions (CO2eq) from CH4 (AR5),kilotonnes,7.7686,82.7007,90.1504,224.8451,114.2137,259.5543,88.8099,128.2921,186.2548,91.6358,328.627,198.0247,289.5086,196.6076,242.2778,237.8034,361.3324,133.5044,204.0639,130.0044,176.6469
Malawi,Fires in humid tropical forests,Emissions (CO2eq) from N2O (AR5),kilotonnes,2.1624,71.4642,77.9017,194.2955,98.6955,224.2888,76.7434,110.8611,160.9484,79.1853,283.9766,171.1192,250.1732,169.8946,209.3596,205.4931,312.2383,115.3652,176.3378,112.3408,152.646
Malawi,Fires in humid tropical forests,Emissions (CO2eq) (AR5),kilotonnes,9.931,154.1648,168.0521,419.1406,212.9092,483.8431,165.5533,239.1531,347.2032,170.821,612.6037,369.144,539.6818,366.5023,451.6374,443.2965,673.5706,248.8696,380.4018,242.3452,329.2928
Malawi,Waste - agri-food systems,Emissions (CH4),kilotonnes,13.924,14.3046,14.903,15.0925,15.4664,15.9335,16.4005,16.9193,17.7263,18.235,18.5411,19.4011,20.0947,20.5201,21.0468,21.1614,21.7288,22.4234,23.2328,23.7729,24.3316
Malawi,Waste - agri-food systems,Emissions (N2O),kilotonnes,0.218,0.2253,0.2277,0.235,0.2401,0.2481,0.2663,0.283,0.2944,0.2989,0.3189,0.3365,0.3428,0.3606,0.3864,0.3955,0.3995,0.4235,0.4369,0.4482,0.4599
Malawi,Waste - agri-food systems,Emissions (CO2),kilotonnes,0,0,0,0,0,0,0,0,0,0,0,0,0,0,0,0,0,0,0,0,0
Malawi,Waste - agri-food systems,Emissions (CO2eq) from CH4 (AR5),kilotonnes,389.8718,400.5284,417.2837,422.5897,433.0601,446.1379,459.214,473.7391,496.337,510.5795,519.1513,543.2307,562.6522,574.5624,589.3112,592.5195,608.4071,627.8559,650.5195,665.6413,681.2848
Malawi,Waste - agri-food systems,Emissions (CO2eq) from N2O (AR5),kilotonnes,57.7733,59.7169,60.343,62.286,63.6223,65.7334,70.5782,74.9838,78.011,79.2216,84.5215,89.1704,90.8467,95.5497,102.408,104.8202,105.8607,112.2278,115.7743,118.7742,121.8701
Malawi,Waste - agri-food systems,Emissions (CO2eq) (AR5),kilotonnes,447.6451,460.2454,477.6267,484.8757,496.6824,511.8713,529.7921,548.7229,574.348,589.8011,603.6729,632.4011,653.4989,670.1121,691.7192,697.3397,714.2678,740.0836,766.2937,784.4155,803.1549
Malawi,Fertilizers Manufacturing,Emissions (N2O),kilotonnes,0.0017,0.0017,0.0017,0.0017,0.0018,0.0018,0.0018,0.0015,0.0021,0.0023,0.0024,0.0023,0.0024,0.0024,0.0024,0.0025,0.0025,0.0026,0.0026,0.0026,0.0027
Malawi,Fertilizers Manufacturing,Emissions (CO2),kilotonnes,0.3814,0.3397,0.3814,0.399,0.4108,0.3985,0.4023,0.3457,0.487,0.5275,0.5032,0.5539,0.5486,0.5644,0.4837,0.5328,0.6066,0.6752,0.7121,0.6963,0.6224
Malawi,Fertilizers Manufacturing,Emissions (CO2eq) from N2O (AR5),kilotonnes,0.4405,0.442,0.4507,0.4595,0.4639,0.4726,0.477,0.3975,0.5565,0.6095,0.6236,0.6183,0.636,0.6466,0.6431,0.6519,0.6643,0.6855,0.689,0.6943,0.7031
Malawi,Fertilizers Manufacturing,Emissions (CO2eq) (AR5),kilotonnes,0.822,0.7817,0.8322,0.8585,0.8747,0.8711,0.8793,0.7432,1.0435,1.137,1.1269,1.1722,1.1846,1.211,1.1268,1.1847,1.2709,1.3607,1.4011,1.3906,1.3256
Malawi,On-farm electricity use,Emissions (CH4),kilotonnes,0.0403,0.041,0.0429,0.0439,0.0485,0.0507,0.0519,0.0528,0.0588,0.0639,0.0664,0.0684,0.0582,0.059,0.0664,0.0602,0.0717,0.0514,0.0585,0.0569,0.0569
Malawi,On-farm electricity use,Emissions (N2O),kilotonnes,0.0001,0.0002,0.0002,0.0002,0.0002,0.0002,0.0002,0.0003,0.0003,0.0003,0.0002,0.0003,0.0002,0.0002,0.0003,0.0002,0.0003,0.0002,0.0002,0.0002,0.0002
Malawi,On-farm electricity use,Emissions (CO2),kilotonnes,11.416,11.6286,12.1767,12.4475,13.7565,14.3812,14.7408,14.9951,16.6669,18.1139,18.8099,19.3838,16.518,16.7579,18.8341,17.09,20.3328,14.5665,16.5905,16.1418,16.1418
Malawi,On-farm electricity use,Emissions (CO2eq) from CH4 (AR5),kilotonnes,1.1284,1.148,1.2012,1.2292,1.358,1.4196,1.4532,1.4784,1.6464,1.7892,1.8592,1.9152,1.6296,1.652,1.8592,1.6856,2.0076,1.4392,1.638,1.5932,1.5932
Malawi,On-farm electricity use,Emissions (CO2eq) from N2O (AR5),kilotonnes,0.0265,0.053,0.053,0.053,0.053,0.053,0.053,0.0795,0.0795,0.0795,0.053,0.0795,0.053,0.053,0.0795,0.053,0.0795,0.053,0.053,0.053,0.053
Malawi,On-farm electricity use,Emissions (CO2eq) (AR5),kilotonnes,12.5709,12.8296,13.4309,13.7297,15.1675,15.8538,16.247,16.553,18.3928,19.9826,20.7221,21.3785,18.2006,18.4629,20.7728,18.8286,22.4199,16.0587,18.2815,17.788,17.788
Malawi,Food Processing,Emissions (CH4),kilotonnes,2.0365,1.8215,1.6445,0.9864,0.0024,0.0033,0.0076,0.0253,0.0254,0.1055,0.1239,0.1325,0.0938,0.106,0.098,0.1192,0.0781,0.0792,0.0665,0.0832,0.0849
Malawi,Food Processing,Emissions (N2O),kilotonnes,0.0097,0.0092,0.0088,0.0053,0.0002,0.0003,0.0007,0.0006,0.0006,0.0008,0.0007,0.0012,0.0009,0.001,0.0009,0.0012,0.0008,0.0009,0.0008,0.0008,0.0008
Malawi,Food Processing,Emissions (CO2),kilotonnes,108.6525,113.4605,117.7203,77.3523,5.4962,6.1366,14.8717,14.0839,18.5097,25.2416,15.9528,32.8943,26.8802,25.4172,18.3202,25.4933,22.0685,25.8729,27.2017,27.9427,24.9791
Malawi,Food Processing,Emissions (CO2eq) from CH4 (AR5),kilotonnes,57.022,51.002,46.046,27.6192,0.0672,0.0924,0.2128,0.7084,0.7112,2.954,3.4692,3.71,2.6264,2.968,2.744,3.3376,2.1868,2.2176,1.862,2.3296,2.3773
Malawi,Food Processing,Emissions (CO2eq) from N2O (AR5),kilotonnes,2.5705,2.438,2.332,1.4045,0.053,0.0795,0.1855,0.159,0.159,0.212,0.1855,0.318,0.2385,0.265,0.2385,0.318,0.212,0.2385,0.212,0.212,0.2147
Malawi,Food Processing,Emissions (CO2eq) (AR5),kilotonnes,168.245,166.9005,166.0983,106.376,5.6164,6.3085,15.27,14.9513,19.3799,28.4076,19.6075,36.9223,29.7451,28.6502,21.3027,29.1489,24.4673,28.329,29.2757,30.4843,27.5711
Malawi,Food Packaging,Emissions (CH4),kilotonnes,0,0,0,0,0,0,0,0,0,0,0.0005,0.0005,0.0007,0,0,0,0,0,0,0.0002,0.0002
Malawi,Food Packaging,Emissions (N2O),kilotonnes,0,0,0,0,0,0,0,0,0,0,0,0,0.0001,0,0,0,0,0,0,0,0
Malawi,Food Packaging,Emissions (CO2),kilotonnes,0.0125,0.0111,0.0125,0.013,0.0134,0.013,0.0131,0.0139,0.0154,0.0155,1.3193,1.2081,2.2437,0.0097,0.018,0.0181,0.0261,0.0296,0.0296,0.4354,0.3892
Malawi,Food Packaging,Emissions (CO2eq) from CH4 (AR5),kilotonnes,0,0,0,0,0,0,0,0,0,0,0.014,0.014,0.0196,0,0,0,0,0,0,0.0056,0.0057
Malawi,Food Packaging,Emissions (CO2eq) from N2O (AR5),kilotonnes,0,0,0,0,0,0,0,0,0,0,0,0,0.0265,0,0,0,0,0,0,0,0
Malawi,Food Packaging,Emissions (CO2eq) (AR5),kilotonnes,0.0125,0.0111,0.0125,0.013,0.0134,0.013,0.0131,0.0139,0.0154,0.0155,1.3333,1.2221,2.2898,0.0097,0.018,0.0181,0.0261,0.0296,0.0296,0.441,0.3949
Malawi,Food Retail,Emissions (CH4),kilotonnes,0.0252,0.0215,0.0236,0.049,0.0297,0.0311,0.0327,0.035,0.0371,0.0373,0.0476,0.0414,0.0328,0.0478,0.0581,0.0437,0.0197,0.0104,0.0261,0.0406,0.0414
Malawi,Food Retail,Emissions (N2O),kilotonnes,0.0001,0.0001,0.0001,0.0002,0.0001,0.0001,0.0001,0.0001,0.0002,0.0002,0.0002,0.0002,0.0001,0.0002,0.0002,0.0002,0.0001,0,0.0001,0.0002,0.0002
Malawi,Food Retail,Emissions (CO2),kilotonnes,7.1479,6.0948,6.6999,13.9002,8.4154,8.8109,9.2732,9.926,10.5264,10.5789,13.5,11.7463,9.3018,13.5714,16.4687,12.4087,5.5944,2.964,7.4,11.5142,10.293
Malawi,Food Retail,Emissions (CO2eq) from CH4 (AR5),kilotonnes,0.7056,0.602,0.6608,1.372,0.8316,0.8708,0.9156,0.98,1.0388,1.0444,1.3328,1.1592,0.9184,1.3384,1.6268,1.2236,0.5516,0.2912,0.7308,1.1368,1.1601
Malawi,Food Retail,Emissions (CO2eq) from N2O (AR5),kilotonnes,0.0265,0.0265,0.0265,0.053,0.0265,0.0265,0.0265,0.0265,0.053,0.053,0.053,0.053,0.0265,0.053,0.053,0.053,0.0265,0,0.0265,0.053,0.0537
Malawi,Food Retail,Emissions (CO2eq) (AR5),kilotonnes,7.88,6.7233,7.3872,15.3252,9.2735,9.7082,10.2153,10.9325,11.6182,11.6763,14.8858,12.9585,10.2467,14.9628,18.1485,13.6853,6.1725,3.2552,8.1573,12.704,11.5068
Malawi,Food Household Consumption,Emissions (CH4),kilotonnes,0.0951,0.0845,0.0902,0.0933,0.1082,0.1204,0.1299,0.1333,0.1423,0.1503,0.1715,0.1769,0.1438,0.1712,0.1948,0.1782,0.2248,0.2034,0.1805,0.1858,0.1896
Malawi,Food Household Consumption,Emissions (N2O),kilotonnes,0.0005,0.0004,0.0005,0.0005,0.0006,0.0006,0.0006,0.0006,0.0007,0.0007,0.0008,0.0008,0.0006,0.0007,0.0008,0.0007,0.0009,0.0009,0.0008,0.0008,0.0008
Malawi,Food Household Consumption,Emissions (CO2),kilotonnes,46.3182,35.8852,38.7252,41.2082,46.2076,47.9343,50.4271,50.1498,52.6617,52.5241,56.5708,57.9354,46.2938,51.2392,57.8819,52.5636,66.0522,59.8481,53.3466,54.9109,49.087
Malawi,Food Household Consumption,Emissions (CO2eq) from CH4 (AR5),kilotonnes,2.6628,2.366,2.5256,2.6124,3.0296,3.3712,3.6372,3.7324,3.9844,4.2084,4.802,4.9532,4.0264,4.7936,5.4544,4.9896,6.2944,5.6952,5.054,5.2024,5.309
Malawi,Food Household Consumption,Emissions (CO2eq) from N2O (AR5),kilotonnes,0.1325,0.106,0.1325,0.1325,0.159,0.159,0.159,0.159,0.1855,0.1855,0.212,0.212,0.159,0.1855,0.212,0.1855,0.2385,0.2385,0.212,0.212,0.2147
Malawi,Food Household Consumption,Emissions (CO2eq) (AR5),kilotonnes,49.1135,38.3572,41.3833,43.9531,49.3962,51.4645,54.2233,54.0412,56.8316,56.918,61.5848,63.1006,50.4792,56.2183,63.5483,57.7387,72.5851,65.7818,58.6126,60.3253,54.6107
Malawi,Food Transport,Emissions (CH4),kilotonnes,0.0072,0.0066,0.0062,0.0068,0.0071,0.0062,0.0065,0.0061,0.0073,0.0067,0.0083,0.0084,0.0086,0.0095,0.0096,0.0091,0.0112,0.0099,0.0104,0.0094,0.0096
Malawi,Food Transport,Emissions (N2O),kilotonnes,0.0007,0.0006,0.0006,0.0007,0.0007,0.0006,0.0006,0.0006,0.0007,0.0006,0.001,0.0009,0.0009,0.0011,0.0012,0.0011,0.0012,0.0011,0.0011,0.0011,0.0011
Malawi,Food Transport,Emissions (CO2),kilotonnes,32.8225,30.348,29.314,32.6385,34.1165,30.948,32.613,31.387,38.2975,34.493,42.8951,40.1984,41.0821,44.9679,44.6859,42.4016,51.6694,45.4459,47.7795,48.5528,43.4033
Malawi,Food Transport,Emissions (CO2eq) from CH4 (AR5),kilotonnes,0.2016,0.1848,0.1736,0.1904,0.1988,0.1736,0.182,0.1708,0.2044,0.1876,0.2324,0.2352,0.2408,0.266,0.2688,0.2548,0.3136,0.2772,0.2912,0.2632,0.2686
Malawi,Food Transport,Emissions (CO2eq) from N2O (AR5),kilotonnes,0.1855,0.159,0.159,0.1855,0.1855,0.159,0.159,0.159,0.1855,0.159,0.265,0.2385,0.2385,0.2915,0.318,0.2915,0.318,0.2915,0.2915,0.2915,0.2952
Malawi,Food Transport,Emissions (CO2eq) (AR5),kilotonnes,33.2096,30.6918,29.6466,33.0144,34.5008,31.2806,32.954,31.7168,38.6874,34.8396,43.3925,40.6721,41.5614,45.5254,45.2727,42.9479,52.301,46.0146,48.3622,49.1075,43.9671
Malawi,Energy,Emissions (CH4),kilotonnes,34.5,34.8,35.6,36.6,36.8,38.5,39.8,41,42.2,43.5,43.3,44.8,46.5,46.3,47.2,48.3,49.4,52.8,53.7,53.7,54.8
Malawi,Energy,Emissions (N2O),kilotonnes,0.302,0.303,0.309,0.315,0.318,0.324,0.327,0.336,0.344,0.345,0.353,0.35,0.36,0.366,0.364,0.369,0.376,0.388,0.39,0.393,0.398
Malawi,Energy,Emissions (CO2),kilotonnes,804,716,804,841,866,840,848,899,995,1000,954,1050,1040,1070,917,1010,1150,1280,1350,1320,1180
Malawi,Energy,Emissions (CO2eq) from CH4 (AR5),kilotonnes,966,974.4,996.8,1024.8,1030.4,1078,1114.4,1148,1181.6,1218,1212.4,1254.4,1302,1296.4,1321.6,1352.4,1383.2,1478.4,1503.6,1503.6,1534.4
Malawi,Energy,Emissions (CO2eq) from N2O (AR5),kilotonnes,80.03,80.295,81.885,83.475,84.27,85.86,86.655,89.04,91.16,91.425,93.545,92.75,95.4,96.99,96.46,97.785,99.64,102.82,103.35,104.145,105.47
Malawi,Energy,Emissions (CO2eq) (AR5),kilotonnes,1850.03,1770.695,1882.685,1949.275,1980.67,2003.86,2049.055,2136.04,2267.76,2309.425,2259.945,2397.15,2437.4,2463.39,2335.06,2460.185,2632.84,2861.22,2956.95,2927.745,2819.87
Malawi,IPPU,Emissions (N2O),kilotonnes,0.229,0.236,0.242,0.249,0.255,0.263,0.271,0.279,0.288,0.297,0.306,0.315,0.324,0.334,0.344,0.354,0.365,0.375,0.386,0.392,0.401
Malawi,IPPU,Emissions (CO2),kilotonnes,95.7,106,77.8,98.3,83.3,102,111,110,130,128,112,135,132,130,145,100,99.1,122,131,136,136
Malawi,IPPU,Emissions (CO2eq) from N2O (AR5),kilotonnes,60.685,62.54,64.13,65.985,67.575,69.695,71.815,73.935,76.32,78.705,81.09,83.475,85.86,88.51,91.16,93.81,96.725,99.375,102.29,103.88,106.265
Malawi,IPPU,Emissions (CO2eq) (AR5),kilotonnes,156.385,168.54,141.93,164.285,150.875,171.695,182.815,183.935,206.32,206.705,193.09,218.475,217.86,218.51,236.16,193.81,195.825,221.375,233.29,239.88,242.265
Malawi,Waste,Emissions (CH4),kilotonnes,60.8,62.3,63.9,65.7,67.5,69.6,71.7,74.2,76.8,79.5,82.1,84.9,87.7,90.6,93.5,96.6,99.4,103,106,108,111
Malawi,Waste,Emissions (N2O),kilotonnes,0.402,0.413,0.425,0.436,0.448,0.461,0.483,0.51,0.54,0.56,0.584,0.612,0.64,0.666,0.697,0.732,0.762,0.787,0.796,0.83,0.857
Malawi,Waste,Emissions (CO2eq) from CH4 (AR5),kilotonnes,1702.4,1744.4,1789.2,1839.6,1890,1948.8,2007.6,2077.6,2150.4,2226,2298.8,2377.2,2455.6,2536.8,2618,2704.8,2783.2,2884,2968,3024,3108
Malawi,Waste,Emissions (CO2eq) from N2O (AR5),kilotonnes,106.53,109.445,112.625,115.54,118.72,122.165,127.995,135.15,143.1,148.4,154.76,162.18,169.6,176.49,184.705,193.98,201.93,208.555,210.94,219.95,227.105
Malawi,Waste,Emissions (CO2eq) (AR5),kilotonnes,1808.93,1853.845,1901.825,1955.14,2008.72,2070.965,2135.595,2212.75,2293.5,2374.4,2453.56,2539.38,2625.2,2713.29,2802.705,2898.78,2985.13,3092.555,3178.94,3243.95,3335.105
Malawi,Other,Emissions (N2O),kilotonnes,0.207,0.207,0.213,0.219,0.222,0.228,0.231,0.239,0.249,0.249,0.258,0.252,0.258,0.265,0.264,0.267,0.276,0.283,0.288,0.29,0.294
Malawi,Other,Emissions (CO2eq) from N2O (AR5),kilotonnes,54.855,54.855,56.445,58.035,58.83,60.42,61.215,63.335,65.985,65.985,68.37,66.78,68.37,70.225,69.96,70.755,73.14,74.995,76.32,76.85,77.91
Malawi,Other,Emissions (CO2eq) (AR5),kilotonnes,54.855,54.855,56.445,58.035,58.83,60.42,61.215,63.335,65.985,65.985,68.37,66.78,68.37,70.225,69.96,70.755,73.14,74.995,76.32,76.85,77.91
Malawi,Farm-gate emissions,Emissions (CH4),kilotonnes,48.1747,47.5286,49.0596,51.9997,50.4125,53.2343,54.309,59.4906,66.1235,68.2755,76.7131,80.5304,86.4422,90.6868,95.5405,102.9225,109.5019,113.1288,127.9092,146.6444,152.1209
Malawi,Farm-gate emissions,Direct emissions (N2O),kilotonnes,2.7521,2.3936,2.9903,3.1457,3.3518,3.2547,3.8324,4.177,4.6189,4.5277,5.2124,5.325,5.1865,5.4793,6.563,6.6379,6.173,6.9542,7.7972,8.8276,9.0159
Malawi,Farm-gate emissions,Indirect emissions (N2O),kilotonnes,0.7716,0.661,0.8631,0.9009,0.9807,0.9542,1.1292,1.2414,1.3936,1.3594,1.5898,1.6365,1.6017,1.6997,2.0599,2.1134,1.9805,2.2313,2.5698,2.9508,2.9999
Malawi,Farm-gate emissions,Emissions (N2O),kilotonnes,4.4432,3.9119,4.8597,5.1926,5.283,5.3619,5.983,6.6242,7.3825,7.2095,8.5422,8.717,8.7891,9.1672,10.5376,10.9125,10.4339,11.5591,14.0339,16.2098,16.2075
Malawi,Farm-gate emissions,Emissions (CO2),kilotonnes,923.0612,937.4871,937.1938,927.4213,934.221,934.7709,936.0691,945.3781,966.2336,973.6649,970.5595,986.0378,979.285,967.6543,912.3232,913.1527,919.8406,932.0132,945.1772,951.3929,940.2562
Malawi,Farm-gate emissions,Emissions (CO2eq) from CH4 (AR5),kilotonnes,1348.8906,1330.8014,1373.6676,1455.9919,1411.5501,1490.5614,1520.6509,1665.738,1851.4576,1911.7147,2147.9668,2254.8501,2420.3813,2539.2304,2675.1348,2881.8298,3066.0537,3167.6074,3581.4577,4106.044,4259.3857
Malawi,Farm-gate emissions,Emissions (CO2eq) from N2O (AR5),kilotonnes,1177.4391,1036.6556,1287.8208,1376.0314,1400.0042,1420.9154,1585.4897,1755.411,1956.3721,1910.5126,2263.6716,2310.0024,2329.0996,2429.3124,2792.4744,2891.8056,2764.9793,3063.1572,3718.9892,4295.6074,4294.9944
Malawi,Farm-gate emissions,Emissions (CO2eq) (AR5),kilotonnes,3449.3908,3304.944,3598.6822,3759.4446,3745.7753,3846.2478,4042.2097,4366.5271,4774.0632,4795.8922,5382.1978,5550.8902,5728.7659,5936.1971,6379.9325,6686.788,6750.8736,7162.7779,8245.6241,9353.0443,9494.6362
Malawi,Land Use change,Emissions (CH4),kilotonnes,0.2774,2.9536,3.2197,8.0302,4.0791,9.2698,3.1718,4.5819,6.652,3.2727,11.7367,7.0723,10.3396,7.0217,8.6528,8.493,12.9047,4.768,7.288,4.643,6.3088
Malawi,Land Use change,Emissions (N2O),kilotonnes,0.0082,0.2697,0.294,0.7332,0.3724,0.8464,0.2896,0.4183,0.6074,0.2988,1.0716,0.6457,0.944,0.6411,0.79,0.7754,1.1783,0.4353,0.6654,0.4239,0.576
Malawi,Land Use change,Emissions (CO2),kilotonnes,7068.6,7068.6,7068.6,7068.6,7068.6,7068.6,7068.6,7068.6,7068.6,7068.6,7068.6,7068.6,7068.6,7068.6,7068.6,7068.6,7068.6,7068.6,7068.6,7068.6,7068.6
Malawi,Land Use change,Emissions (CO2eq) from CH4 (AR5),kilotonnes,7.7686,82.7007,90.1504,224.8451,114.2137,259.5543,88.8099,128.2921,186.2548,91.6358,328.627,198.0247,289.5086,196.6076,242.2778,237.8034,361.3324,133.5044,204.0639,130.0044,176.6469
Malawi,Land Use change,Emissions (CO2eq) from N2O (AR5),kilotonnes,2.1624,71.4642,77.9017,194.2955,98.6955,224.2888,76.7434,110.8611,160.9484,79.1853,283.9766,171.1192,250.1732,169.8946,209.3596,205.4931,312.2383,115.3652,176.3378,112.3408,152.646
Malawi,Land Use change,Emissions (CO2eq) (AR5),kilotonnes,7078.531,7222.7648,7236.6521,7487.7406,7281.5092,7552.4431,7234.1533,7307.7531,7415.8032,7239.421,7681.2037,7437.744,7608.2818,7435.1023,7520.2374,7511.8965,7742.1706,7317.4696,7449.0018,7310.9452,7397.8928
Malawi,Emissions on agricultural land,Emissions (CH4),kilotonnes,48.4521,50.4822,52.2792,60.0299,54.4916,62.5041,57.4807,64.0725,72.7754,71.5482,88.4498,87.6027,96.7818,97.7085,104.1933,111.4155,122.4066,117.8968,135.1972,151.2874,158.4297
Malawi,Emissions on agricultural land,Emissions (N2O),kilotonnes,4.4513,4.1816,5.1537,5.9258,5.6555,6.2083,6.2726,7.0425,7.9899,7.5083,9.6138,9.3627,9.7331,9.8083,11.3277,11.6879,11.6121,11.9944,14.6993,16.6338,16.7835
Malawi,Emissions on agricultural land,Emissions (CO2),kilotonnes,7991.6612,8006.0871,8005.7938,7996.0213,8002.821,8003.3709,8004.6691,8013.9781,8034.8336,8042.2649,8039.1595,8054.6378,8047.885,8036.2543,7980.9232,7981.7527,7988.4406,8000.6132,8013.7772,8019.9929,8008.8562
Malawi,Emissions on agricultural land,Emissions (CO2eq) from CH4 (AR5),kilotonnes,1356.6592,1413.502,1463.818,1680.837,1525.7638,1750.1157,1609.4608,1794.03,2037.7124,2003.3505,2476.5938,2452.8748,2709.8899,2735.8381,2917.4126,3119.6331,3427.386,3301.1118,3785.5216,4236.0485,4436.0326
Malawi,Emissions on agricultural land,Emissions (CO2eq) from N2O (AR5),kilotonnes,1179.6015,1108.1197,1365.7225,1570.3269,1498.6997,1645.2042,1662.2331,1866.2721,2117.3205,1989.6979,2547.6482,2481.1216,2579.2728,2599.207,3001.8341,3097.2987,3077.2176,3178.5225,3895.327,4407.9482,4447.6403
Malawi,Emissions on agricultural land,Emissions (CO2eq) (AR5),kilotonnes,10527.9218,10527.7088,10835.3343,11247.1852,11027.2845,11398.6909,11276.363,11674.2802,12189.8664,12035.3132,13063.4015,12988.6342,13337.0477,13371.2994,13900.1699,14198.6845,14493.0442,14480.2475,15694.6258,16663.9896,16892.5291
Malawi,Pre- and post- production,Emissions (CH4),kilotonnes,16.1283,16.2797,16.7104,16.2719,15.6623,16.1452,16.6291,17.1718,17.9972,18.5987,18.9593,19.8292,20.4326,20.9136,21.4737,21.5718,22.1343,22.7777,23.5748,24.149,24.7142
Malawi,Pre- and post- production,Emissions (N2O),kilotonnes,0.2308,0.2375,0.2396,0.2437,0.2436,0.2516,0.2703,0.2867,0.299,0.3038,0.3242,0.3422,0.348,0.3662,0.3923,0.4014,0.4053,0.4292,0.4425,0.4539,0.4657
Malawi,Pre- and post- production,Emissions (CO2),kilotonnes,206.751,197.7679,205.03,177.9587,108.4165,108.6225,122.3412,120.9014,137.1646,141.4945,149.5511,163.9202,142.8682,152.5277,156.6925,150.5081,166.35,149.4022,153.06,160.1941,144.9158
Malawi,Pre- and post- production,Emissions (CO2eq) from CH4 (AR5),kilotonnes,451.5922,455.8312,467.8909,455.6129,438.5453,452.0655,465.6148,480.8091,503.9222,520.7631,530.8609,555.2175,572.1134,585.5804,601.2644,604.0107,619.7611,637.7763,660.0955,676.1721,691.9987
Malawi,Pre- and post- production,Emissions (CO2eq) from N2O (AR5),kilotonnes,61.1553,62.9414,63.4967,64.574,64.5632,66.6831,71.6382,75.9643,79.23,80.5201,85.9136,90.6897,92.2247,97.0443,103.952,106.3731,107.3995,113.7347,117.2583,120.29,123.4045
Malawi,Pre- and post- production,Emissions (CO2eq) (AR5),kilotonnes,719.4985,716.5406,736.4176,698.1456,611.5249,627.3711,659.5942,677.6748,720.3168,742.7777,766.3257,809.8274,807.2063,835.1524,861.909,860.8919,893.5106,900.9132,930.4138,956.6562,960.319
Malawi,Agri-food systems,Emissions (CH4),kilotonnes,64.5804,66.7619,68.9896,76.3018,70.1539,78.6493,74.1098,81.2443,90.7727,90.1469,107.4091,107.4319,117.2144,118.6221,125.667,132.9873,144.541,140.6746,158.772,175.4365,183.144
Malawi,Agri-food systems,Emissions (N2O),kilotonnes,4.6821,4.4191,5.3933,6.1694,5.8991,6.46,6.5429,7.3292,8.2889,7.8121,9.938,9.7049,10.0811,10.1745,11.7199,12.0893,12.0174,12.4236,15.1418,17.0877,17.2492
Malawi,Agri-food systems,Emissions (CO2),kilotonnes,8198.4122,8203.855,8210.8238,8173.98,8111.2375,8111.9935,8127.0103,8134.8795,8171.9982,8183.7594,8188.7106,8218.5579,8190.7532,8188.782,8137.6158,8132.2608,8154.7906,8150.0154,8166.8373,8180.187,8153.772
Malawi,Agri-food systems,Emissions (CO2eq) from CH4 (AR5),kilotonnes,1808.2514,1869.3333,1931.7089,2136.4498,1964.3091,2202.1812,2075.0756,2274.8391,2541.6346,2524.1136,3007.4548,3008.0923,3282.0032,3321.4185,3518.677,3723.6438,4047.1471,3938.8881,4445.6171,4912.2206,5128.0313
Malawi,Agri-food systems,Emissions (CO2eq) from N2O (AR5),kilotonnes,1240.7568,1171.0612,1429.2192,1634.901,1563.2628,1711.8872,1733.8712,1942.2364,2196.5504,2070.2179,2633.5619,2571.8113,2671.4975,2696.2513,3105.7861,3203.6718,3184.617,3292.2572,4012.5853,4528.2382,4571.0448
Malawi,Agri-food systems,Emissions (CO2eq) (AR5),kilotonnes,11247.4203,11244.2494,11571.7519,11945.3308,11638.8094,12026.0619,11935.9572,12351.955,12910.1832,12778.091,13829.7272,13798.4616,14144.254,14206.4518,14762.0789,15059.5764,15386.5548,15381.1607,16625.0396,17620.6457,17852.8481
Malawi,IPCC Agriculture,Emissions (CH4),kilotonnes,48.0475,47.3899,48.9346,51.9097,50.3187,53.1385,54.2115,59.3896,66.0223,68.1659,76.5908,80.3692,86.315,90.5817,95.468,102.8584,109.4445,113.0772,127.8554,146.5943,152.0708
Malawi,IPCC Agriculture,Emissions (CH4),kilotonnes,,,,,,,,,,,,,,,,,,,,,
Malawi,IPCC Agriculture,Direct emissions (N2O),kilotonnes,2.7521,2.3936,2.9903,3.1457,3.3518,3.2547,3.8324,4.177,4.6189,4.5277,5.2124,5.325,5.1865,5.4793,6.563,6.6379,6.173,6.9542,7.7972,8.8276,9.0159
Malawi,IPCC Agriculture,Indirect emissions (N2O),kilotonnes,0.7716,0.661,0.8631,0.9009,0.9807,0.9542,1.1292,1.2414,1.3936,1.3594,1.5898,1.6365,1.6017,1.6997,2.0599,2.1134,1.9805,2.2313,2.5698,2.9508,2.9999
Malawi,IPCC Agriculture,Emissions (N2O),kilotonnes,4.4347,3.9028,4.8507,5.1822,5.2726,5.3514,5.9725,6.6118,7.3655,7.1919,8.5264,8.7006,8.7709,9.1486,10.5248,10.8987,10.4176,11.5387,14.0084,16.1818,16.1794
Malawi,IPCC Agriculture,Emissions (N2O),kilotonnes,,,,,,,,,,,,,,,,,,,,,
Malawi,IPCC Agriculture,Emissions (CO2eq) from CH4 (AR5),kilotonnes,1345.3313,1326.916,1370.168,1453.4717,1408.9238,1487.8769,1517.9223,1662.9086,1848.6233,1908.6449,2144.5413,2250.3386,2416.8202,2536.2888,2673.1049,2880.0353,3064.447,3166.1613,3579.9501,4104.641,4257.9826
Malawi,IPCC Agriculture,Emissions (CO2eq) from CH4 (AR5),kilotonnes,,,,,,,,,,,,,,,,,,,,,
Malawi,IPCC Agriculture,Emissions (CO2eq) from N2O (AR5),kilotonnes,1175.1953,1034.2418,1285.427,1373.283,1397.2377,1418.1149,1582.72,1752.1389,1951.8568,1905.8519,2259.4935,2305.6646,2324.3017,2424.3824,2789.063,2888.1532,2760.6639,3057.7609,3712.218,4288.1643,4287.5513
Malawi,IPCC Agriculture,Emissions (CO2eq) from N2O (AR5),kilotonnes,,,,,,,,,,,,,,,,,,,,,
Malawi,IPCC Agriculture,Emissions (CO2eq) (AR5),kilotonnes,2520.5266,2361.1578,2655.5949,2826.7547,2806.1615,2905.9919,3100.6423,3415.0474,3800.48,3814.4968,4404.0348,4556.0032,4741.1219,4960.6712,5462.1678,5768.1885,5825.1109,6223.9222,7292.1681,8392.8053,8545.5339
Malawi,IPCC Agriculture,Emissions (CO2eq) (AR5),kilotonnes,,,,,,,,,,,,,,,,,,,,,
Malawi,Agricultural Soils,Direct emissions (N2O),kilotonnes,2.7521,2.3936,2.9903,3.1457,3.3518,3.2547,3.8324,4.177,4.6189,4.5277,5.2124,5.325,5.1865,5.4793,6.563,6.6379,6.173,6.9542,7.7972,8.8276,9.0159
Malawi,Agricultural Soils,Indirect emissions (N2O),kilotonnes,0.7716,0.661,0.8631,0.9009,0.9807,0.9542,1.1292,1.2414,1.3936,1.3594,1.5898,1.6365,1.6017,1.6997,2.0599,2.1134,1.9805,2.2313,2.5698,2.9508,2.9999
Malawi,Agricultural Soils,Emissions (N2O),kilotonnes,3.6571,3.1894,3.9888,4.1815,4.4683,4.3447,5.0975,5.5545,6.1499,6.0248,6.9396,7.0991,6.9259,7.3157,8.7549,8.8834,8.2856,9.3179,10.4991,11.9103,12.146
Malawi,Agricultural Soils,Emissions (N2O),kilotonnes,,,,,,,,,,,,,,,,,,,,,
Malawi,Agricultural Soils,Emissions (CO2eq) from N2O (AR5),kilotonnes,969.1207,845.1817,1057.0333,1108.1,1184.1113,1151.3411,1350.8489,1471.9527,1629.7141,1596.5761,1838.9954,1881.2724,1835.3657,1938.6701,2320.0442,2354.1126,2195.6966,2469.251,2782.2683,3156.2247,3218.6821
Malawi,Agricultural Soils,Emissions (CO2eq) from N2O (AR5),kilotonnes,,,,,,,,,,,,,,,,,,,,,
Malawi,Agricultural Soils,Emissions (CO2eq) (AR5),kilotonnes,969.1207,845.1817,1057.0333,1108.1,1184.1113,1151.3411,1350.8489,1471.9527,1629.7141,1596.5761,1838.9954,1881.2724,1835.3657,1938.6701,2320.0442,2354.1126,2195.6966,2469.251,2782.2683,3156.2247,3218.6821
Malawi,Agricultural Soils,Emissions (CO2eq) (AR5),kilotonnes,,,,,,,,,,,,,,,,,,,,,
Malawi,LULUCF,Emissions (CH4),kilotonnes,1.6597,5.547,6.0657,11.0424,7.0591,12.1107,5.5272,8.0278,9.7237,4.4104,14.6025,8.7259,13.1832,8.4395,11.2756,10.501,15.2623,6.9619,8.6491,5.6717,7.9748
Malawi,LULUCF,Emissions (CH4),kilotonnes,,,,,,,,,,,,,,,,,,,,,
Malawi,LULUCF,Emissions (N2O),kilotonnes,0.0488,0.5065,0.5538,1.0082,0.6445,1.1058,0.5047,0.733,0.8878,0.4027,1.3333,0.7967,1.2037,0.7706,1.0295,0.9588,1.3935,0.6357,0.7897,0.5178,0.7281
Malawi,LULUCF,Emissions (N2O),kilotonnes,,,,,,,,,,,,,,,,,,,,,
Malawi,LULUCF,Emissions (CO2),kilotonnes,7927.4236,7936.8899,7940.58,7937.6529,7943.0114,7943.0114,7943.6429,7945.7056,7953.6061,7955.7199,7953.6577,7955.331,7955.7421,7949.1417,7918.5536,7918.5536,7918.9786,7921.0396,7918.5543,7918.1993,7907.0626
Malawi,LULUCF,Emissions (CO2),kilotonnes,,,,,,,,,,,,,,,,,,,,,
Malawi,LULUCF,Emissions (CO2eq) from CH4 (AR5),kilotonnes,46.4714,155.317,169.8397,309.1869,197.6546,339.1009,154.7604,224.7775,272.2647,123.4909,408.8694,244.3256,369.1284,236.3064,315.7178,294.0279,427.3441,194.9339,242.1744,158.8065,223.2941
Malawi,LULUCF,Emissions (CO2eq) from N2O (AR5),kilotonnes,12.9357,134.2142,146.7636,267.1778,170.7994,293.0274,133.7332,194.2371,235.2722,106.7123,353.3165,211.1292,318.9751,204.1996,272.8213,254.0784,369.2811,168.4483,209.2703,137.2295,192.9552
Malawi,LULUCF,Emissions (CO2eq) (AR5),kilotonnes,7986.8307,8226.4211,8257.1834,8514.0176,8311.4653,8575.1397,8232.1366,8364.7202,8461.143,8185.9231,8715.8436,8410.7857,8643.8455,8389.6476,8507.0927,8466.6599,8715.6038,8284.4217,8369.9991,8214.2353,8323.3119
Malawi,LULUCF,Emissions (CO2eq) (AR5),kilotonnes,,,,,,,,,,,,,,,,,,,,,
Malawi,AFOLU,Emissions (CH4),kilotonnes,49.7072,52.9369,55.0003,62.9521,57.3778,65.2492,59.7387,67.4174,75.746,72.5763,91.1932,89.0952,99.4982,99.0213,106.7437,113.3594,124.7068,120.0391,136.5044,152.266,160.0456
Malawi,AFOLU,Emissions (N2O),kilotonnes,4.4835,4.4093,5.4045,6.1904,5.9171,6.4571,6.4772,7.3448,8.2533,7.5946,9.8597,9.4973,9.9746,9.9192,11.5543,11.8575,11.8111,12.1744,14.7981,16.6996,16.9076
Malawi,AFOLU,Emissions (CO2),kilotonnes,7927.4236,7936.8899,7940.58,7937.6529,7943.0114,7943.0114,7943.6429,7945.7056,7953.6061,7955.7199,7953.6577,7955.331,7955.7421,7949.1417,7918.5536,7918.5536,7918.9786,7921.0396,7918.5543,7918.1993,7907.0626
Malawi,AFOLU,Emissions (CO2eq) from CH4 (AR5),kilotonnes,1391.8027,1482.233,1540.0077,1762.6585,1606.5784,1826.9778,1672.6827,1887.6861,2120.888,2032.1358,2553.4108,2494.6642,2785.9486,2772.5952,2988.8226,3174.0632,3491.7911,3361.0951,3822.1246,4263.4475,4481.2767
Malawi,AFOLU,Emissions (CO2eq) from N2O (AR5),kilotonnes,1188.131,1168.4559,1432.1906,1640.4608,1568.0371,1711.1424,1716.4533,1946.376,2187.1289,2012.5642,2612.81,2516.7937,2643.2768,2628.582,3061.8843,3142.2316,3129.9449,3226.2092,3921.4883,4425.3938,4480.5065
Malawi,AFOLU,Emissions (CO2eq) (AR5),kilotonnes,10507.3573,10587.5789,10912.7783,11340.7722,11117.6268,11481.1316,11332.7789,11779.7677,12261.623,12000.4199,13119.8784,12966.7889,13384.9675,13350.3189,13969.2605,14234.8484,14540.7147,14508.3439,15662.1672,16607.0406,16868.8458
Malawi,All sectors with LULUCF,Emissions (CH4),kilotonnes,145.0072,150.0369,154.5003,165.2521,161.6778,173.3492,171.2387,182.6174,194.746,195.5763,216.5932,218.7952,233.6982,235.9213,247.4437,258.2594,273.5068,275.8391,296.2044,313.966,325.8456
Malawi,All sectors with LULUCF,Emissions (N2O),kilotonnes,5.6235,5.5683,6.5935,7.4094,7.1601,7.7331,7.7892,8.7088,9.6743,9.0456,11.3607,11.0263,11.5566,11.5502,13.2233,13.5795,13.5901,14.0074,16.6581,18.6046,18.8576
Malawi,All sectors with LULUCF,Emissions (CO2),kilotonnes,8827.1236,8758.8899,8822.38,8876.9529,8892.3114,8885.0114,8902.6429,8954.7056,9078.6061,9083.7199,9019.6577,9140.331,9127.7421,9149.1417,8980.5536,9028.5536,9168.0786,9323.0396,9399.5543,9374.1993,9223.0626
Malawi,All sectors with LULUCF,Emissions (CO2eq) from CH4 (AR5),kilotonnes,4060.2027,4201.033,4326.0077,4627.0585,4526.9784,4853.7778,4794.6827,5113.2861,5452.888,5476.1358,6064.6108,6126.2642,6543.5486,6605.7952,6928.4226,7231.2632,7658.1911,7723.4951,8293.7246,8791.0475,9123.6767
Malawi,All sectors with LULUCF,Emissions (CO2eq) from N2O (AR5),kilotonnes,1490.231,1475.5909,1747.2756,1963.4958,1897.4321,2049.2824,2064.1333,2307.836,2563.6939,2397.0792,3010.575,2921.9787,3062.5068,3060.797,3504.1693,3598.5616,3601.3799,3711.9542,4414.3883,4930.2188,4997.2565
Malawi,All sectors with LULUCF,Emissions (CO2eq) (AR5),kilotonnes,14377.5573,14435.5139,14895.6633,15467.5072,15316.7218,15788.0716,15761.4589,16375.8277,17095.188,16956.9349,18094.8434,18188.5739,18733.7975,18815.7339,19413.1455,19858.3784,20427.6497,20758.4889,22107.6672,23095.4656,23343.9958
Malawi,All sectors without LULUCF,Emissions (CH4),kilotonnes,143.3475,144.4899,148.4346,154.2097,154.6187,161.2385,165.7115,174.5896,185.0223,191.1659,201.9908,210.0692,220.515,227.4817,236.168,247.7584,258.2445,268.8772,287.5554,308.2943,317.8708
Malawi,All sectors without LULUCF,Emissions (N2O),kilotonnes,5.5747,5.0618,6.0397,6.4012,6.5156,6.6274,7.2845,7.9758,8.7865,8.6429,10.0274,10.2296,10.3529,10.7796,12.1938,12.6207,12.1966,13.3717,15.8684,18.0868,18.1294
Malawi,All sectors without LULUCF,Emissions (CO2),kilotonnes,899.7,822,881.8,939.3,949.3,942,959,1009,1125,1128,1066,1185,1172,1200,1062,1110,1249.1,1402,1481,1456,1316
Malawi,All sectors without LULUCF,Emissions (CO2eq) from CH4 (AR5),kilotonnes,4013.7313,4045.716,4156.168,4317.8717,4329.3238,4514.6769,4639.9223,4888.5086,5180.6233,5352.6449,5655.7413,5881.9386,6174.4202,6369.4888,6612.7049,6937.2353,7230.847,7528.5613,8051.5501,8632.241,8900.3826
Malawi,All sectors without LULUCF,Emissions (CO2eq) from N2O (AR5),kilotonnes,1477.2953,1341.3768,1600.512,1696.318,1726.6327,1756.2549,1930.4,2113.5989,2328.4218,2290.3669,2657.2585,2710.8496,2743.5317,2856.5974,3231.348,3344.4832,3232.0989,3543.5059,4205.118,4792.9893,4804.3013
Malawi,All sectors without LULUCF,Emissions (CO2eq) (AR5),kilotonnes,6390.7266,6209.0928,6638.4799,6953.4897,7005.2565,7212.9319,7529.3223,8011.1074,8634.045,8771.0118,9378.9998,9777.7882,10089.9519,10426.0862,10906.0528,11391.7185,11712.0459,12474.0672,13737.6681,14881.2303,15020.6839
Malaysia,Crop Residues,Direct emissions (N2O),kilotonnes,0.4797,0.4664,0.4808,0.4863,0.4899,0.495,0.4708,0.4953,0.4877,0.5129,0.5096,0.5275,0.5322,0.5292,0.4153,0.5462,0.5484,0.5278,0.54,0.4956,0.4849
Malaysia,Crop Residues,Indirect emissions (N2O),kilotonnes,0.1079,0.105,0.1082,0.1094,0.1102,0.1114,0.1059,0.1114,0.1097,0.1154,0.1147,0.1187,0.1197,0.1191,0.0935,0.1229,0.1234,0.1188,0.1215,0.1115,0.1091
Malaysia,Crop Residues,Emissions (N2O),kilotonnes,0.5876,0.5714,0.589,0.5958,0.6001,0.6064,0.5767,0.6067,0.5975,0.6283,0.6242,0.6462,0.652,0.6483,0.5088,0.6691,0.6718,0.6465,0.6615,0.6072,0.594
Malaysia,Crop Residues,Emissions (CO2eq) from N2O (AR5),kilotonnes,155.7074,151.4201,156.0767,157.8779,159.0217,160.694,152.8267,160.7875,158.3243,166.5027,165.4216,171.2416,172.7696,171.8034,134.829,177.3012,178.0246,171.3323,175.2933,160.8956,157.4075
Malaysia,Crop Residues,Emissions (CO2eq) (AR5),kilotonnes,155.7074,151.4201,156.0767,157.8779,159.0217,160.694,152.8267,160.7875,158.3243,166.5027,165.4216,171.2416,172.7696,171.8034,134.829,177.3012,178.0246,171.3323,175.2933,160.8956,157.4075
Malaysia,Rice Cultivation,Emissions (CH4),kilotonnes,125.0094,120.5186,121.3953,120.1966,121.7889,120.9838,115.4016,120.4546,117.4774,120.7562,121.2851,123.0084,122.4769,120.1749,109.9588,121.9426,123.2328,122.6563,125.2385,120.2474,115.493
Malaysia,Rice Cultivation,Emissions (CO2eq) from CH4 (AR5),kilotonnes,3500.2645,3374.5215,3399.069,3365.5041,3410.0903,3387.5467,3231.2446,3372.7281,3289.367,3381.1744,3395.983,3444.2363,3429.3525,3364.8979,3078.8451,3414.3936,3450.5184,3434.3772,3506.6769,3366.9268,3233.8046
Malaysia,Rice Cultivation,Emissions (CO2eq) (AR5),kilotonnes,3500.2645,3374.5215,3399.069,3365.5041,3410.0903,3387.5467,3231.2446,3372.7281,3289.367,3381.1744,3395.983,3444.2363,3429.3525,3364.8979,3078.8451,3414.3936,3450.5184,3434.3772,3506.6769,3366.9268,3233.8046
Malaysia,Burning - Crop residues,Emissions (CH4),kilotonnes,1.148,1.0967,1.1069,1.0852,1.0967,1.0927,1.0464,1.0443,1.0173,1.0357,1.0378,1.0545,1.0493,1.0287,0.9393,1.0422,1.0526,1.0493,1.0677,1.0198,0.9859
Malaysia,Burning - Crop residues,Emissions (CH4),kilotonnes,1.0062,1.0252,1.0467,1.0752,1.0962,1.0795,1.0957,1.1048,1.1705,1.1914,1.2333,1.2452,,,,,,,,,
Malaysia,Burning - Crop residues,Emissions (N2O),kilotonnes,0.0298,0.0284,0.0287,0.0281,0.0284,0.0283,0.0271,0.0271,0.0264,0.0269,0.0269,0.0273,0.0272,0.0267,0.0244,0.027,0.0273,0.0272,0.0277,0.0264,0.0256
Malaysia,Burning - Crop residues,Emissions (N2O),kilotonnes,0.0233,0.0237,0.0242,0.0248,0.0253,0.0249,0.0253,0.0255,0.027,0.0275,0.0285,0.0288,,,,,,,,,
Malaysia,Burning - Crop residues,Emissions (CO2eq) from CH4 (AR5),kilotonnes,32.1438,30.7071,30.994,30.3867,30.7076,30.5961,29.2988,29.2399,28.4836,28.9991,29.0597,29.5261,29.3817,28.8031,26.2997,29.1819,29.4727,29.3791,29.8958,28.5554,27.6041
Malaysia,Burning - Crop residues,Emissions (CO2eq) from CH4 (AR5),kilotonnes,28.1736,28.7056,29.3076,30.1056,30.6936,30.226,30.6796,30.9344,32.774,33.3592,34.5324,34.8656,,,,,,,,,
Malaysia,Burning - Crop residues,Emissions (CO2eq) from N2O (AR5),kilotonnes,7.8871,7.5346,7.605,7.456,7.5347,7.5074,7.1891,7.1746,6.989,7.1155,7.1304,7.2448,7.2094,7.0674,6.4532,7.1604,7.2317,7.2088,7.3355,7.0067,6.7732
Malaysia,Burning - Crop residues,Emissions (CO2eq) from N2O (AR5),kilotonnes,6.1745,6.2805,6.413,6.572,6.7045,6.5985,6.7045,6.7575,7.155,7.2875,7.5525,7.632,,,,,,,,,
Malaysia,Burning - Crop residues,Emissions (CO2eq) (AR5),kilotonnes,40.0309,38.2417,38.599,37.8427,38.2423,38.1034,36.4878,36.4145,35.4726,36.1147,36.1901,36.771,36.5911,35.8706,32.7529,36.3422,36.7044,36.5879,37.2313,35.5621,34.3773
Malaysia,Burning - Crop residues,Emissions (CO2eq) (AR5),kilotonnes,34.3481,34.9861,35.7206,36.6776,37.3981,36.8245,37.3841,37.6919,39.929,40.6467,42.0849,42.4976,,,,,,,,,
Malaysia,Enteric Fermentation,Emissions (CH4),kilotonnes,48.0343,49.0544,46.7047,48.3719,50.1618,50.0445,49.939,53.1936,53.9232,54.1832,53.1199,49.5279,48.1852,48.5524,48.1358,47.683,46.6268,44.7541,43.0158,41.854,41.5561
Malaysia,Enteric Fermentation,Emissions (CH4),kilotonnes,55.13,55.92,53.34,55.73,58.17,58.08,57.98,61.81,62.61,63.01,61.74,57.47,55.83,56.07,55.65,55.33,54.82,,,,
Malaysia,Enteric Fermentation,Emissions (CO2eq) from CH4 (AR5),kilotonnes,1344.9609,1373.5219,1307.7322,1354.4138,1404.5304,1401.246,1398.291,1489.4199,1509.8507,1517.1285,1487.3564,1386.7823,1349.186,1359.468,1347.8036,1335.1253,1305.5504,1253.1137,1204.4416,1171.9116,1163.571
Malaysia,Enteric Fermentation,Emissions (CO2eq) from CH4 (AR5),kilotonnes,1543.64,1565.76,1493.52,1560.44,1628.76,1626.24,1623.44,1730.68,1753.08,1764.28,1728.72,1609.16,1563.24,1569.96,1558.2,1549.24,1534.96,,,,
Malaysia,Enteric Fermentation,Emissions (CO2eq) (AR5),kilotonnes,1344.9609,1373.5219,1307.7322,1354.4138,1404.5304,1401.246,1398.291,1489.4199,1509.8507,1517.1285,1487.3564,1386.7823,1349.186,1359.468,1347.8036,1335.1253,1305.5504,1253.1137,1204.4416,1171.9116,1163.571
Malaysia,Enteric Fermentation,Emissions (CO2eq) (AR5),kilotonnes,1543.64,1565.76,1493.52,1560.44,1628.76,1626.24,1623.44,1730.68,1753.08,1764.28,1728.72,1609.16,1563.24,1569.96,1558.2,1549.24,1534.96,,,,
Malaysia,Manure Management,Emissions (CH4),kilotonnes,17.1453,18.4835,19.0939,19.2029,19.7056,18.914,18.9736,19.2759,19.3153,18.4821,19.2713,18.6759,19.2721,20.873,21.8632,20.1815,18.1534,19.342,19.3001,19.4053,19.5352
Malaysia,Manure Management,Emissions (CH4),kilotonnes,18.43,19.25,20.15,20.64,21.16,20.27,20.44,20.66,20.48,19.73,20.78,20.15,20.76,21.13,21.49,21.79,20.23,,,,
Malaysia,Manure Management,Emissions (N2O),kilotonnes,0.9889,1.0466,1.0632,1.1213,1.1602,1.1265,1.1312,1.1831,1.1989,1.2,1.227,1.1991,1.2193,1.2793,1.2962,1.2857,1.2731,1.276,1.2047,1.2206,1.2386
Malaysia,Manure Management,Emissions (N2O),kilotonnes,0.26,0.29,0.31,0.33,0.34,0.32,0.33,0.35,0.36,0.37,0.38,0.39,0.4,0.42,0.44,0.44,0.44,,,,
Malaysia,Manure Management,Emissions (CO2eq) from CH4 (AR5),kilotonnes,480.0689,517.5393,534.6288,537.6822,551.7564,529.5912,531.2601,539.7258,540.8295,517.4992,539.5969,522.926,539.6181,584.4453,612.1694,565.082,508.2966,541.575,540.4019,543.3483,546.9855
Malaysia,Manure Management,Emissions (CO2eq) from CH4 (AR5),kilotonnes,516.04,539,564.2,577.92,592.48,567.56,572.32,578.48,573.44,552.44,581.84,564.2,581.28,591.64,601.72,610.12,566.44,,,,
Malaysia,Manure Management,Emissions (CO2eq) from N2O (AR5),kilotonnes,262.0502,277.3528,281.7562,297.1512,307.4541,298.5253,299.7602,313.5334,317.6975,317.9901,325.166,317.7694,323.1135,339.0145,343.5056,340.7212,337.3728,338.1449,319.236,323.4706,328.2395
Malaysia,Manure Management,Emissions (CO2eq) from N2O (AR5),kilotonnes,68.9,76.85,82.15,87.45,90.1,84.8,87.45,92.75,95.4,98.05,100.7,103.35,106,111.3,116.6,116.6,116.6,,,,
Malaysia,Manure Management,Emissions (CO2eq) (AR5),kilotonnes,742.1191,794.8921,816.385,834.8334,859.2105,828.1165,831.0203,853.2592,858.5269,835.4894,864.7629,840.6954,862.7316,923.4598,955.675,905.8032,845.6694,879.7199,859.6379,866.8189,875.225
Malaysia,Manure Management,Emissions (CO2eq) (AR5),kilotonnes,584.94,615.85,646.35,665.37,682.58,652.36,659.77,671.23,668.84,650.49,682.54,667.55,687.28,702.94,718.32,726.72,683.04,,,,
Malaysia,Manure left on Pasture,Direct emissions (N2O),kilotonnes,1.4502,1.5986,1.689,1.8001,1.8682,1.7906,1.8325,1.9378,1.996,2.0476,2.133,2.1769,2.2646,2.3898,2.4129,2.4768,2.4889,2.4901,2.2653,2.383,2.4324
Malaysia,Manure left on Pasture,Indirect emissions (N2O),kilotonnes,0.3247,0.3555,0.3747,0.3985,0.4138,0.3983,0.4103,0.4368,0.4519,0.4646,0.4814,0.49,0.5081,0.5337,0.5384,0.5522,0.5538,0.5524,0.5033,0.5285,0.5362
Malaysia,Manure left on Pasture,Emissions (N2O),kilotonnes,1.7748,1.9541,2.0637,2.1985,2.2819,2.189,2.2428,2.3746,2.4479,2.5123,2.6145,2.6669,2.7727,2.9235,2.9513,3.029,3.0427,3.0424,2.7686,2.9116,2.9686
Malaysia,Manure left on Pasture,Emissions (CO2eq) from N2O (AR5),kilotonnes,470.3332,517.8389,546.8737,582.6136,604.7098,580.0786,594.3358,629.2566,648.6868,665.7517,692.8322,706.7235,734.7773,774.7318,782.099,802.6731,806.3173,806.2453,733.6736,771.5629,786.6744
Malaysia,Manure left on Pasture,Emissions (CO2eq) (AR5),kilotonnes,470.3332,517.8389,546.8737,582.6136,604.7098,580.0786,594.3358,629.2566,648.6868,665.7517,692.8322,706.7235,734.7773,774.7318,782.099,802.6731,806.3173,806.2453,733.6736,771.5629,786.6744
Malaysia,Manure applied to Soils,Direct emissions (N2O),kilotonnes,0.7886,0.8856,0.9514,1.0062,1.0415,0.9882,1.0072,1.0499,1.0751,1.0931,1.1566,1.1917,1.2542,1.3421,1.3669,1.3903,1.3787,1.4022,1.2812,1.3551,1.392
Malaysia,Manure applied to Soils,Indirect emissions (N2O),kilotonnes,0.3352,0.3764,0.4044,0.4276,0.4426,0.42,0.428,0.4462,0.4569,0.4646,0.4916,0.5065,0.533,0.5704,0.5809,0.5909,0.5859,0.5959,0.5445,0.5759,0.5916
Malaysia,Manure applied to Soils,Emissions (N2O),kilotonnes,1.1238,1.262,1.3558,1.4338,1.4842,1.4082,1.4352,1.4961,1.5321,1.5577,1.6482,1.6982,1.7872,1.9125,1.9479,1.9812,1.9647,1.9981,1.8256,1.931,1.9836
Malaysia,Manure applied to Soils,Emissions (CO2eq) from N2O (AR5),kilotonnes,297.7946,334.4247,359.2856,379.9648,393.303,373.1701,380.3316,396.4671,405.9944,412.7906,436.7677,450.0178,473.6148,506.8165,516.1908,525.025,520.6331,529.4993,483.7949,511.7274,525.6451
Malaysia,Manure applied to Soils,Emissions (CO2eq) (AR5),kilotonnes,297.7946,334.4247,359.2856,379.9648,393.303,373.1701,380.3316,396.4671,405.9944,412.7906,436.7677,450.0178,473.6148,506.8165,516.1908,525.025,520.6331,529.4993,483.7949,511.7274,525.6451
Malaysia,Synthetic Fertilizers,Direct emissions (N2O),kilotonnes,5.4778,5.2158,6.5626,8.2057,9.4665,10.4299,10.2072,10.4541,11.4235,7.6573,10.71,11.0953,11.3229,8.7262,9.4577,8.4583,8.2854,7.4944,6.0795,6.0795,6.0795
Malaysia,Synthetic Fertilizers,Indirect emissions (N2O),kilotonnes,1.7803,1.6951,2.1329,2.6668,3.0766,3.3897,3.3173,3.3976,3.7126,2.4886,3.4807,3.606,3.68,2.836,3.0738,2.7489,2.6928,2.4357,1.9758,1.9758,1.9758
Malaysia,Synthetic Fertilizers,Emissions (N2O),kilotonnes,7.2581,6.911,8.6955,10.8725,12.5431,13.8196,13.5245,13.8517,15.1362,10.1459,14.1907,14.7012,15.0029,11.5622,12.5315,11.2072,10.9781,9.9301,8.0554,8.0554,8.0554
Malaysia,Synthetic Fertilizers,Emissions (CO2eq) from N2O (AR5),kilotonnes,1923.3965,1831.4113,2304.3022,2881.2214,3323.9337,3662.1834,3584.0008,3670.6977,4011.0813,2688.6572,3760.5355,3895.8204,3975.7688,3063.991,3320.8396,2969.9076,2909.2073,2631.4743,2134.6682,2134.6682,2134.6682
Malaysia,Synthetic Fertilizers,Emissions (CO2eq) (AR5),kilotonnes,1923.3965,1831.4113,2304.3022,2881.2214,3323.9337,3662.1834,3584.0008,3670.6977,4011.0813,2688.6572,3760.5355,3895.8204,3975.7688,3063.991,3320.8396,2969.9076,2909.2073,2631.4743,2134.6682,2134.6682,2134.6682
Malaysia,Drained organic soils,Emissions (CO2eq) (AR5),kilotonnes,21756.8232,22284.4018,22618.0488,22832.2263,23377.4104,23907.6719,24830.9493,26110.4323,27872.0863,29157.4754,30134.6259,30559.1216,30961.2349,31140.103,31972.4614,31954.681,32382.2333,32552.1554,32674.1678,32997.1539,33167.4958
Malaysia,Drained organic soils (CO2),Emissions (CO2),kilotonnes,20880.9635,21387.7325,21708.1649,21913.8851,22437.7149,22946.9226,23833.9584,25063.5749,26756.2068,27991.1811,28929.8546,29337.6532,29723.9187,29895.7479,30695.0927,30678.0134,31088.7968,31252.0894,31369.3455,31679.9088,31843.5622
Malaysia,Drained organic soils (CO2),Emissions (CO2eq) (AR5),kilotonnes,20880.9635,21387.7325,21708.1649,21913.8851,22437.7149,22946.9226,23833.9584,25063.5749,26756.2068,27991.1811,28929.8546,29337.6532,29723.9187,29895.7479,30695.0927,30678.0134,31088.7968,31252.0894,31369.3455,31679.9088,31843.5622
Malaysia,Drained organic soils (N2O),Emissions (N2O),kilotonnes,3.3051,3.3837,3.4335,3.4654,3.546,3.6255,3.7622,3.9504,4.2109,4.4011,4.5463,4.6093,4.6691,4.6957,4.8203,4.8176,4.8809,4.9059,4.9239,4.9707,4.996
Malaysia,Drained organic soils (N2O),Emissions (CO2eq) from N2O (AR5),kilotonnes,875.8597,896.6693,909.8838,918.3412,939.6955,960.7494,996.9909,1046.8574,1115.8796,1166.2943,1204.7713,1221.4684,1237.3163,1244.3551,1277.3687,1276.6675,1293.4365,1300.066,1304.8222,1317.2451,1323.9335
Malaysia,Drained organic soils (N2O),Emissions (CO2eq) (AR5),kilotonnes,875.8597,896.6693,909.8838,918.3412,939.6955,960.7494,996.9909,1046.8574,1115.8796,1166.2943,1204.7713,1221.4684,1237.3163,1244.3551,1277.3687,1276.6675,1293.4365,1300.066,1304.8222,1317.2451,1323.9335
Malaysia,On-farm energy use,Emissions (CH4),kilotonnes,0.1594,0.1498,0.152,0.1557,0.2555,0.1563,0.2138,0.24,0.1662,0.1405,0.3714,0.4252,0.5182,0.5423,0.5513,0.4401,0.3705,0.4576,0.4612,0.4432,0.4432
Malaysia,On-farm energy use,Emissions (N2O),kilotonnes,0.1222,0.1183,0.1147,0.1172,0.1038,0.1215,0.1092,0.8097,0.2981,0.22,1.2627,1.0623,1.1356,1.1205,1.0837,0.9546,0.4467,1.1106,1.09,1.0912,1.0912
Malaysia,On-farm energy use,Emissions (CO2),kilotonnes,623.3747,624.9997,675.1433,697.3617,676.8773,727.2631,868.3119,2509.974,1163.3285,857.3917,3621.8487,3180.2683,3397.2312,3367.3332,3262.1564,2846.567,1552.4362,3274.5869,3243.1945,3239.4021,3239.4021
Malaysia,On-farm energy use,Emissions (CO2eq) from CH4 (AR5),kilotonnes,4.4626,4.1943,4.2555,4.3609,7.1543,4.376,5.9854,6.7203,4.6547,3.9335,10.4005,11.9052,14.5083,15.1834,15.4359,12.3225,10.3738,12.8132,12.9144,12.4102,12.4102
Malaysia,On-farm energy use,Emissions (CO2eq) from N2O (AR5),kilotonnes,32.3753,31.3379,30.389,31.0543,27.5068,32.2026,28.9427,214.581,78.9902,58.2959,334.6227,281.4964,300.9443,296.9195,287.187,252.9791,118.3699,294.3074,288.8382,289.1685,289.1685
Malaysia,On-farm energy use,Emissions (CO2eq) (AR5),kilotonnes,660.2126,660.5319,709.7877,732.7768,711.5384,763.8417,903.24,2731.2753,1246.9735,919.6211,3966.8719,3473.67,3712.6839,3679.4361,3564.7793,3111.8686,1681.1798,3581.7075,3544.9472,3540.9807,3540.9807
Malaysia,Forestland,Emissions (CO2),kilotonnes,36389.6148,35779.4791,35779.4791,35779.4791,35779.4791,35779.4791,35779.4791,35779.4791,35779.4791,35779.4791,35779.4791,-156527.7066,-156527.7066,-156527.7066,-156527.7066,-156527.7066,280.3393,280.3393,280.3393,280.3393,280.3393
Malaysia,Forestland,Emissions (CO2),kilotonnes,-235244.29,,,,,-233918.04,,,,,,-242586.19,,,-267147.77,,-259146.03,,,,
Malaysia,Forestland,Emissions (CO2eq) (AR5),kilotonnes,36389.6148,35779.4791,35779.4791,35779.4791,35779.4791,35779.4791,35779.4791,35779.4791,35779.4791,35779.4791,35779.4791,-156527.7066,-156527.7066,-156527.7066,-156527.7066,-156527.7066,280.3393,280.3393,280.3393,280.3393,280.3393
Malaysia,Forestland,Emissions (CO2eq) (AR5),kilotonnes,-235244.29,,,,,-233918.04,,,,,,-242586.19,,,-267147.77,,-259146.03,,,,
Malaysia,Net Forest conversion,Emissions (CO2),kilotonnes,42354.9935,32600.0895,32600.0895,32600.0895,32600.0895,32600.0895,32600.0895,32600.0895,32600.0895,32600.0895,32600.0895,0,0,0,0,0,31414.1809,31414.1809,31414.1809,31414.1809,31414.1809
Malaysia,Net Forest conversion,Emissions (CO2),kilotonnes,54298.83,,,,,35985.19,,,,,,3560.43,,,3317.15,,17801.28,,,,
Malaysia,Net Forest conversion,Emissions (CO2eq) (AR5),kilotonnes,42354.9935,32600.0895,32600.0895,32600.0895,32600.0895,32600.0895,32600.0895,32600.0895,32600.0895,32600.0895,32600.0895,0,0,0,0,0,31414.1809,31414.1809,31414.1809,31414.1809,31414.1809
Malaysia,Net Forest conversion,Emissions (CO2eq) (AR5),kilotonnes,54298.83,,,,,35985.19,,,,,,3560.43,,,3317.15,,17801.28,,,,
Malaysia,Savanna fires,Emissions (CH4),kilotonnes,0.0681,0.0291,0.2033,0.1616,0.3811,0.4465,0.0957,0.191,0.0631,0.4476,0.273,0.0812,0.0893,0.0704,0.4015,0.219,0.3333,0.0032,0.0629,0.1869,0.0422
Malaysia,Savanna fires,Emissions (N2O),kilotonnes,0.0062,0.0027,0.0186,0.0148,0.0348,0.0408,0.0087,0.0174,0.0058,0.0409,0.0249,0.0074,0.0082,0.0064,0.0367,0.02,0.0304,0.0003,0.0057,0.0171,0.0039
Malaysia,Savanna fires,Emissions (CO2eq) from CH4 (AR5),kilotonnes,1.9079,0.8135,5.6925,4.5259,10.6713,12.5024,2.6793,5.3491,1.7673,12.5338,7.6432,2.2735,2.4997,1.9706,11.2417,6.1319,9.333,0.0886,1.7622,5.2325,1.1815
Malaysia,Savanna fires,Emissions (CO2eq) from N2O (AR5),kilotonnes,1.6486,0.7029,4.9191,3.9109,9.2214,10.8037,2.3153,4.6223,1.5272,10.8309,6.6047,1.9646,2.1601,1.7029,9.7143,5.2988,8.0649,0.0766,1.5228,4.5216,1.021
Malaysia,Savanna fires,Emissions (CO2eq) (AR5),kilotonnes,3.5565,1.5164,10.6116,8.4368,19.8926,23.3062,4.9946,9.9714,3.2944,23.3647,14.2479,4.2381,4.6599,3.6735,20.9561,11.4308,17.3979,0.1652,3.285,9.7542,2.2024
Malaysia,Fires in organic soils,Emissions (CH4),kilotonnes,46.2402,1.2516,64.8065,60.6897,138.348,160.9931,41.4239,92.6471,41.4575,199.1007,111.8028,83.2438,53.9735,64.111,219.1051,75.7321,83.5258,2.2813,57.6975,80.2693,19.933
Malaysia,Fires in organic soils,Emissions (CO2),kilotonnes,3785.9159,101.3796,5291.1608,4922.952,11224.9139,13082.6985,3356.1769,7506.6889,3360.0816,16153.2165,9067.665,6744.3482,4373.8761,5195.9429,17796.4376,6135.6511,6782.6255,184.787,4690.3678,6512.0175,1616.8478
Malaysia,Fires in organic soils,Emissions (CO2eq) from CH4 (AR5),kilotonnes,1294.7254,35.0448,1814.5819,1699.3118,3873.7443,4507.8071,1159.8684,2594.1176,1160.8099,5574.8185,3130.4777,2330.8257,1511.2574,1795.1079,6134.9441,2120.4993,2338.7213,63.877,1615.5304,2247.5399,558.1231
Malaysia,Fires in organic soils,Emissions (CO2eq) (AR5),kilotonnes,5080.6414,136.4244,7105.7427,6622.2638,15098.6582,17590.5056,4516.0453,10100.8065,4520.8916,21728.035,12198.1427,9075.1739,5885.1335,6991.0508,23931.3817,8256.1505,9121.3468,248.664,6305.8982,8759.5574,2174.9709
Malaysia,Forest fires,Emissions (CH4),kilotonnes,6.9444,0.2154,1.236,1.058,2.0277,2.381,1.3441,1.2923,0.9623,3.6173,2.3284,0.6595,0.6415,0.6831,2.9249,0.8907,2.1828,0.0027,0.7537,1.1812,0.3165
Malaysia,Forest fires,Emissions (N2O),kilotonnes,0.2042,0.0197,0.1129,0.0966,0.1851,0.2174,0.1227,0.118,0.0879,0.3303,0.2126,0.0602,0.0586,0.0624,0.2671,0.0813,0.1993,0.0002,0.0688,0.1078,0.0289
Malaysia,Forest fires,Emissions (CO2eq) from CH4 (AR5),kilotonnes,194.4443,6.0311,34.6076,29.6254,56.7767,66.6688,37.634,36.1839,26.9432,101.2849,65.1963,18.4652,17.9627,19.1255,81.8965,24.9386,61.118,0.0745,21.1049,33.073,8.8609
Malaysia,Forest fires,Emissions (CO2eq) from N2O (AR5),kilotonnes,54.1257,5.2117,29.9055,25.6002,49.0624,57.6106,32.5207,31.2676,23.2825,87.5234,56.3381,15.9563,15.5221,16.5269,70.7692,21.5502,52.814,0.0643,18.2374,28.5794,7.657
Malaysia,Forest fires,Emissions (CO2eq) (AR5),kilotonnes,248.5701,11.2428,64.5131,55.2255,105.8391,124.2794,70.1546,67.4514,50.2257,188.8083,121.5345,34.4215,33.4848,35.6523,152.6657,46.4889,113.932,0.1388,39.3424,61.6525,16.518
Malaysia,Fires in humid tropical forests,Emissions (CH4),kilotonnes,6.7393,0.2154,1.2286,1.0531,2.0104,2.3587,1.3243,1.2551,0.9573,3.5925,2.3136,0.6595,0.6143,0.6781,2.8852,0.8882,2.1035,0.0027,0.7339,1.1514,0.3165
Malaysia,Fires in humid tropical forests,Emissions (N2O),kilotonnes,0.1982,0.0197,0.1122,0.0962,0.1836,0.2154,0.1209,0.1146,0.0874,0.328,0.2112,0.0602,0.0561,0.0619,0.2634,0.0811,0.1921,0.0002,0.067,0.1051,0.0289
Malaysia,Fires in humid tropical forests,Emissions (CO2eq) from CH4 (AR5),kilotonnes,188.6996,6.0311,34.3995,29.4866,56.2911,66.0445,37.079,35.1434,26.8045,100.5913,64.7801,18.4652,17.1997,18.9867,80.7866,24.8693,58.8982,0.0745,20.55,32.2406,8.8609
Malaysia,Fires in humid tropical forests,Emissions (CO2eq) from N2O (AR5),kilotonnes,52.5267,5.2117,29.7256,25.4803,48.6428,57.0711,32.0411,30.3684,23.1626,86.924,55.9785,15.9563,14.8628,16.407,69.8101,21.4903,50.8957,0.0643,17.7579,27.8601,7.657
Malaysia,Fires in humid tropical forests,Emissions (CO2eq) (AR5),kilotonnes,241.2264,11.2428,64.1251,54.9669,104.9339,123.1156,69.1202,65.5118,49.9671,187.5152,120.7586,34.4215,32.0624,35.3937,150.5967,46.3595,109.794,0.1388,38.3079,60.1007,16.518
Malaysia,Waste - agri-food systems,Emissions (CH4),kilotonnes,196.9582,197.9303,199.3151,200.5128,202.0472,203.7896,205.4641,207.3771,209.1716,210.1907,212.3348,213.9807,215.2545,216.7126,215.1712,215.1265,216.0027,216.1499,216.7602,216.9797,216.9238
Malaysia,Waste - agri-food systems,Emissions (N2O),kilotonnes,0.6438,0.6439,0.6682,0.6789,0.7115,0.7393,0.7579,0.7799,0.764,0.8052,0.8399,0.8556,0.8754,0.907,0.8479,0.8671,0.8907,0.9139,0.9288,0.9411,0.9534
Malaysia,Waste - agri-food systems,Emissions (CO2),kilotonnes,453.547,453.3534,454.8492,456.4419,458.6678,461.1859,463.4349,466.5527,469.7138,467.3429,471.504,474.2973,475.2644,475.7618,476.5646,474.5012,474.4953,475.529,477.633,477.9546,476.5085
Malaysia,Waste - agri-food systems,Emissions (CO2eq) from CH4 (AR5),kilotonnes,5514.8287,5542.0488,5580.8237,5614.3597,5657.3222,5706.11,5752.9945,5806.559,5856.8051,5885.3398,5945.3746,5991.4605,6027.1268,6067.9521,6024.794,6023.5414,6048.0769,6052.1974,6069.2843,6075.4329,6073.8666
Malaysia,Waste - agri-food systems,Emissions (CO2eq) from N2O (AR5),kilotonnes,170.6081,170.6299,177.0697,179.9208,188.5452,195.9046,200.8443,206.6832,202.4538,213.3738,222.5669,226.7382,231.9791,240.3459,224.6955,229.7826,236.0266,242.189,246.1264,249.4037,252.643
Malaysia,Waste - agri-food systems,Emissions (CO2eq) (AR5),kilotonnes,6138.9837,6166.0321,6212.7425,6250.7225,6304.5352,6363.2005,6417.2737,6479.7949,6528.9727,6566.0565,6639.4455,6692.4961,6734.3703,6784.0599,6726.0541,6727.8253,6758.5988,6769.9154,6793.0437,6802.7911,6803.0181
Malaysia,Fertilizers Manufacturing,Emissions (N2O),kilotonnes,0,0,0,0,0,0,0,0,0,0,0,0,0,0,0,0,0,0,0,0,0
Malaysia,Fertilizers Manufacturing,Emissions (CO2),kilotonnes,237.2949,378.7349,851.8967,795.7577,692.4291,893.0828,967.9079,956.2589,1261.2358,1548.8739,1619.0411,1810.3869,1922.5702,2004.0582,2132.6045,2157.211,2337.7097,2584.0011,2664.7221,2650.5597,2481.5997
Malaysia,Fertilizers Manufacturing,Emissions (CO2eq) from N2O (AR5),kilotonnes,0,0,0,0,0,0,0,0,0,0,0,0,0,0,0,0,0,0,0,0,0
Malaysia,Fertilizers Manufacturing,Emissions (CO2eq) (AR5),kilotonnes,237.2949,378.7349,851.8967,795.7577,692.4291,893.0828,967.9079,956.2589,1261.2358,1548.8739,1619.0411,1810.3869,1922.5702,2004.0582,2132.6045,2157.211,2337.7097,2584.0011,2664.7221,2650.5597,2481.5997
Malaysia,On-farm electricity use,Emissions (CH4),kilotonnes,0.2101,0.217,0.2239,0.2308,0.2377,0.2445,0.2514,0.2583,0.2652,0.2928,0.3348,0.3672,0.4128,0.45,0.5016,0.5604,0.6516,0.7008,0.7404,0.7882,0.7882
Malaysia,On-farm electricity use,Emissions (N2O),kilotonnes,0.0011,0.0011,0.0012,0.0012,0.0013,0.0013,0.0013,0.0014,0.0014,0.0016,0.0018,0.002,0.0022,0.0024,0.0027,0.0031,0.0035,0.0038,0.0039,0.0042,0.0042
Malaysia,On-farm electricity use,Emissions (CO2),kilotonnes,121.0036,124.9679,128.9323,132.8966,136.8609,140.8253,144.7897,148.754,152.1079,153.2867,211.7226,205.9273,230.949,256.4764,285.8858,319.3987,371.3779,399.4193,421.9893,449.21,449.21
Malaysia,On-farm electricity use,Emissions (CO2eq) from CH4 (AR5),kilotonnes,5.8828,6.076,6.2692,6.4624,6.6556,6.846,7.0392,7.2324,7.4256,8.1984,9.3744,10.2816,11.5584,12.6,14.0448,15.6912,18.2448,19.6224,20.7312,22.0696,22.0696
Malaysia,On-farm electricity use,Emissions (CO2eq) from N2O (AR5),kilotonnes,0.2915,0.2915,0.318,0.318,0.3445,0.3445,0.3445,0.371,0.371,0.424,0.477,0.53,0.583,0.636,0.7155,0.8215,0.9275,1.007,1.0335,1.113,1.113
Malaysia,On-farm electricity use,Emissions (CO2eq) (AR5),kilotonnes,127.1779,131.3354,135.5195,139.677,143.861,148.0158,152.1734,156.3574,159.9045,161.9091,221.574,216.7389,243.0904,269.7124,300.6461,335.9114,390.5502,420.0487,443.754,472.3926,472.3926
Malaysia,Food Processing,Emissions (CH4),kilotonnes,0.0268,0.0253,0.0238,0.0247,0.0457,0.0409,0.0327,9.8161,10.4879,8.9339,5.4776,8.8648,7.0469,7.5868,8.4371,9.0367,9.7754,10.1491,11.0099,9.5286,9.5286
Malaysia,Food Processing,Emissions (N2O),kilotonnes,0.0016,0.0016,0.0016,0.0017,0.003,0.0028,0.0024,0.0193,0.0225,0.0221,0.018,0.0174,0.0154,0.0182,0.0181,0.0195,0.0213,0.023,0.0223,0.0234,0.0244
Malaysia,Food Processing,Emissions (CO2),kilotonnes,971.9726,934.4007,811.2879,881.5482,1531.342,1341.826,1148.9701,4229.2953,4574.2082,4310.0688,3178.4084,4512.4214,4989.1224,5533.1978,5543.5615,4918.5909,5429.2387,5087.4527,4816.6708,4822.8043,4515.3745
Malaysia,Food Processing,Emissions (CO2eq) from CH4 (AR5),kilotonnes,0.7504,0.7084,0.6664,0.6916,1.2796,1.1452,0.9156,274.8508,293.6612,250.1492,153.3728,248.2144,197.3132,212.4304,236.2388,253.0276,273.7112,284.1748,308.2772,266.8008,266.8008
Malaysia,Food Processing,Emissions (CO2eq) from N2O (AR5),kilotonnes,0.424,0.424,0.424,0.4505,0.795,0.742,0.636,5.1145,5.9625,5.8565,4.77,4.611,4.081,4.823,4.7965,5.1675,5.6445,6.095,5.9095,6.201,6.467
Malaysia,Food Processing,Emissions (CO2eq) (AR5),kilotonnes,973.147,935.5331,812.3783,882.6903,1533.4166,1343.7132,1150.5217,4509.2606,4873.8319,4566.0745,3336.5512,4765.2468,5190.5166,5750.4512,5784.5968,5176.786,5708.5944,5377.7225,5130.8575,5095.8061,4788.6423
Malaysia,Food Packaging,Emissions (CH4),kilotonnes,0.28,0.2776,0.2858,0.3175,0.3438,0.3627,0.3652,0.3599,0.3812,0.3498,0.3212,0.3408,0.5814,0.3101,0.3636,0.3795,0.6215,0.6112,0.6832,0.5387,0.5387
Malaysia,Food Packaging,Emissions (N2O),kilotonnes,0.0004,0.0005,0.0005,0.0005,0.0005,0.0005,0.0005,0.0006,0.0006,0.0006,0.0007,0.0007,0.0015,0.0008,0.0008,0.0008,0.0014,0.0015,0.0025,0.0014,0.0015
Malaysia,Food Packaging,Emissions (CO2),kilotonnes,263.7554,286.5502,297.8173,304.7487,299.5569,311.5417,305.3619,311.6078,332.571,327.2698,341.2396,351.1645,477.0569,394.746,425.0709,351.4711,440.8163,393.2723,466.6317,485.9488,454.972
Malaysia,Food Packaging,Emissions (CO2eq) from CH4 (AR5),kilotonnes,7.84,7.7728,8.0024,8.89,9.6264,10.1556,10.2256,10.0772,10.6736,9.7944,8.9936,9.5424,16.2792,8.6828,10.1808,10.626,17.402,17.1136,19.1296,15.0836,15.0836
Malaysia,Food Packaging,Emissions (CO2eq) from N2O (AR5),kilotonnes,0.106,0.1325,0.1325,0.1325,0.1325,0.1325,0.1325,0.159,0.159,0.159,0.1855,0.1855,0.3975,0.212,0.212,0.212,0.371,0.3975,0.6625,0.371,0.3869
Malaysia,Food Packaging,Emissions (CO2eq) (AR5),kilotonnes,271.7014,294.4555,305.9522,313.7712,309.3158,321.8298,315.72,321.844,343.4036,337.2232,350.4187,360.8924,493.7336,403.6408,435.4637,362.3091,458.5893,410.7834,486.4238,501.4034,470.4425
Malaysia,Food Retail,Emissions (CH4),kilotonnes,0.0541,0.0536,0.0552,0.0614,0.0666,0.0703,0.0708,4.184,4.3577,4.6023,5.0707,5.3176,5.572,5.8083,5.9743,6.129,6.3929,6.3059,6.3892,7.2079,7.2079
Malaysia,Food Retail,Emissions (N2O),kilotonnes,0.0003,0.0003,0.0003,0.0003,0.0004,0.0004,0.0004,0.0232,0.0246,0.0266,0.0295,0.0305,0.0307,0.0323,0.033,0.0337,0.0353,0.0357,0.0349,0.0403,0.042
Malaysia,Food Retail,Emissions (CO2),kilotonnes,30.3375,32.6912,32.9528,38.4449,42.6294,42.6294,42.3678,2710.2981,2820.3653,2768.1024,3647.253,3340.9421,3419.9814,3624.3631,3704.1246,3755.7567,3959.0751,3880.2355,3798.5433,4491.7108,4205.3866
Malaysia,Food Retail,Emissions (CO2eq) from CH4 (AR5),kilotonnes,1.5154,1.5008,1.5445,1.7194,1.8651,1.9671,1.9817,117.152,122.0156,128.8644,141.9796,148.8928,156.016,162.6324,167.2804,171.612,179.0012,176.5652,178.8976,201.8212,201.8212
Malaysia,Food Retail,Emissions (CO2eq) from N2O (AR5),kilotonnes,0.0664,0.0718,0.0768,0.0852,0.0951,0.1001,0.0986,6.148,6.519,7.049,7.8175,8.0825,8.1355,8.5595,8.745,8.9305,9.3545,9.4605,9.2485,10.6795,11.1375
Malaysia,Food Retail,Emissions (CO2eq) (AR5),kilotonnes,31.9192,34.2639,34.5741,40.2495,44.5896,44.6965,44.4481,2833.5981,2948.8999,2904.0158,3797.0501,3497.9174,3584.1329,3795.555,3880.15,3936.2992,4147.4308,4066.2612,3986.6894,4704.2115,4418.3453
Malaysia,Food Household Consumption,Emissions (CH4),kilotonnes,3.1701,3.5073,3.7664,4.0428,4.2772,4.5214,4.7807,5.174,5.4092,5.7953,6.2606,6.3794,6.8631,7.3,7.5661,7.8531,8.6308,8.4381,8.6969,8.6969,8.6969
Malaysia,Food Household Consumption,Emissions (N2O),kilotonnes,0.0177,0.0193,0.0207,0.0221,0.0234,0.0247,0.0261,0.0281,0.0295,0.0323,0.0342,0.0354,0.0372,0.0398,0.0412,0.0428,0.0469,0.0463,0.0474,0.0474,0.0494
Malaysia,Food Household Consumption,Emissions (CO2),kilotonnes,2239.3212,2413.4716,2596.6341,2716.9591,2904.1372,3080.8158,3262.3223,3477.9965,3715.5355,3489.5835,4390.4748,4057.5192,4271.3018,4604.6102,4703.1817,4882.9746,5284.2387,5490.0708,5432.8627,5432.8627,5086.5448
Malaysia,Food Household Consumption,Emissions (CO2eq) from CH4 (AR5),kilotonnes,88.7628,98.2044,105.4592,113.1984,119.7616,126.5992,133.8596,144.872,151.4576,162.2684,175.2968,178.6232,192.1668,204.4,211.8508,219.8868,241.6624,236.2668,243.5132,243.5132,243.5132
Malaysia,Food Household Consumption,Emissions (CO2eq) from N2O (AR5),kilotonnes,4.6905,5.1145,5.4855,5.8565,6.201,6.5455,6.9165,7.4465,7.8175,8.5595,9.063,9.381,9.858,10.547,10.918,11.342,12.4285,12.2695,12.561,12.561,13.0997
Malaysia,Food Household Consumption,Emissions (CO2eq) (AR5),kilotonnes,2332.7745,2516.7905,2707.5788,2836.014,3030.0998,3213.9605,3403.0984,3630.315,3874.8106,3660.4114,4574.8346,4245.5234,4473.3266,4819.5572,4925.9505,5114.2034,5538.3296,5738.6071,5688.9369,5688.9369,5343.1577
Malaysia,Food Transport,Emissions (CH4),kilotonnes,0.9621,1.0028,0.9955,1.0267,1.0635,1.075,0.9788,0.9377,0.9412,0.9027,0.9254,0.8302,0.8846,1.1893,1.2112,1.2026,1.2433,1.1991,1.1771,1.2362,1.2362
Malaysia,Food Transport,Emissions (N2O),kilotonnes,0.0817,0.0914,0.0968,0.1065,0.1177,0.1245,0.1191,0.148,0.1569,0.1584,0.1752,0.1533,0.163,0.2272,0.2327,0.2334,0.2445,0.2401,0.2335,0.2479,0.2585
Malaysia,Food Transport,Emissions (CO2),kilotonnes,3448.606,3735.377,3823.246,4076.2276,4374.046,4351.896,4154.346,4429.1276,4659.9776,4565.075,4695.795,4746.4,4749.677,6237.46,7007.47,6538.69,6711.2,6488.8453,6290.489,6884.3382,6445.4959
Malaysia,Food Transport,Emissions (CO2eq) from CH4 (AR5),kilotonnes,26.9388,28.0784,27.874,28.7476,29.778,30.1,27.4064,26.2556,26.3536,25.2756,25.9112,23.2456,24.7688,33.3004,33.9136,33.6728,34.8124,33.5748,32.9588,34.6136,34.6136
Malaysia,Food Transport,Emissions (CO2eq) from N2O (AR5),kilotonnes,21.6505,24.221,25.652,28.2225,31.1905,32.9925,31.5615,39.22,41.5785,41.976,46.428,40.6245,43.195,60.208,61.6655,61.851,64.7925,63.6265,61.8775,65.6935,68.5111
Malaysia,Food Transport,Emissions (CO2eq) (AR5),kilotonnes,3497.1953,3787.6764,3876.772,4133.1977,4435.0145,4414.9885,4213.3139,4494.6032,4727.9097,4632.3266,4768.1342,4810.2701,4817.6408,6330.9684,7103.0491,6634.2138,6810.8049,6586.0466,6385.3253,6984.6453,6548.6206
Malaysia,Energy,Emissions (CH4),kilotonnes,1040,1030,1060,1180,1280,1350,1360,1340,1410,1330,1220,1210,1200,1290,1300,1310,1320,1300,1320,1280,1280
Malaysia,Energy,Emissions (N2O),kilotonnes,1.34,1.45,1.55,1.72,1.92,2.02,1.99,2.39,2.52,2.51,2.92,2.73,2.89,3.46,3.5,3.84,3.85,4.27,4.27,4.43,4.62
Malaysia,Energy,Emissions (CO2),kilotonnes,116000,125000,126000,147000,163000,163000,162000,168000,185000,181000,193000,196000,204000,226000,233000,229000,240000,237000,245000,251000,235000
Malaysia,Energy,Emissions (CO2eq) from CH4 (AR5),kilotonnes,29120,28840,29680,33040,35840,37800,38080,37520,39480,37240,34160,33880,33600,36120,36400,36680,36960,36400,36960,35840,35840
Malaysia,Energy,Emissions (CO2eq) from N2O (AR5),kilotonnes,355.1,384.25,410.75,455.8,508.8,535.3,527.35,633.35,667.8,665.15,773.8,723.45,765.85,916.9,927.5,1017.6,1020.25,1131.55,1131.55,1173.95,1224.3
Malaysia,Energy,Emissions (CO2eq) (AR5),kilotonnes,145475.1,154224.25,156090.75,180495.8,199348.8,201335.3,200607.35,206153.35,225147.8,218905.15,227933.8,230603.45,238365.85,263036.9,270327.5,266697.6,277980.25,274531.55,283091.55,288013.95,272064.3
Malaysia,IPPU,Emissions (CH4),kilotonnes,1.4,1.51,2.63,2.41,2.08,2.37,2.39,2.63,3.03,4.19,4.58,4.71,4.75,4.1,4.34,4.12,5.61,5.73,5.36,5.98,6.22
Malaysia,IPPU,Emissions (N2O),kilotonnes,1.59,0.891,1.17,1.23,1.26,1.26,1.32,1.36,1.78,2.33,2.82,2.82,2.82,2.82,2.82,2.82,2.82,2.82,2.82,3.39,3.53
Malaysia,IPPU,Emissions (CO2),kilotonnes,14000,14500,18100,19900,19500,20100,21000,21100,23400,21900,19800,19500,20700,22000,22600,21500,26800,26200,26600,24500,27200
Malaysia,IPPU,Emissions (CO2eq) from F-gases (AR5),kilotonnes,668.5672,892.0707,1030.0599,1166.1055,1243.8459,1350.7389,1535.3722,1651.9828,1778.3109,1311.8687,1350.7389,1477.067,1894.9214,1972.6618,2089.2724,2720.9128,2924.9813,2555.7146,2672.3251,2779.2181,2886.1111
Malaysia,IPPU,Emissions (CO2eq) from CH4 (AR5),kilotonnes,39.2,42.28,73.64,67.48,58.24,66.36,66.92,73.64,84.84,117.32,128.24,131.88,133,114.8,121.52,115.36,157.08,160.44,150.08,167.44,174.16
Malaysia,IPPU,Emissions (CO2eq) from N2O (AR5),kilotonnes,421.35,236.115,310.05,325.95,333.9,333.9,349.8,360.4,471.7,617.45,747.3,747.3,747.3,747.3,747.3,747.3,747.3,747.3,747.3,898.35,935.45
Malaysia,IPPU,Emissions (CO2eq) (AR5),kilotonnes,15129.1172,15670.4657,19513.7499,21459.5355,21135.9859,21850.9989,22952.0922,23186.0228,25734.8509,23946.6387,22026.2789,21856.247,23475.2214,24834.7618,25558.0924,25083.5728,30629.3613,29663.4546,30169.7051,28345.0081,31195.7211
Malaysia,Waste,Emissions (CH4),kilotonnes,294,313,336,347,359,372,387,396,402,416,428,439,457,465,477,487,503,515,532,538,550
Malaysia,Waste,Emissions (N2O),kilotonnes,1.13,1.16,1.18,1.2,1.24,1.28,1.32,1.36,1.37,1.39,1.41,1.46,1.5,1.54,1.55,1.56,1.56,1.59,1.63,1.66,1.69
Malaysia,Waste,Emissions (CO2),kilotonnes,41.7,43.3,44.8,46.4,48,49.6,51.2,52.8,54.4,56.1,57.8,59.5,61.1,62.8,64.5,66.2,67.7,69.2,70.6,72.5,74.2
Malaysia,Waste,Emissions (CO2eq) from CH4 (AR5),kilotonnes,8232,8764,9408,9716,10052,10416,10836,11088,11256,11648,11984,12292,12796,13020,13356,13636,14084,14420,14896,15064,15400
Malaysia,Waste,Emissions (CO2eq) from N2O (AR5),kilotonnes,299.45,307.4,312.7,318,328.6,339.2,349.8,360.4,363.05,368.35,373.65,386.9,397.5,408.1,410.75,413.4,413.4,421.35,431.95,439.9,447.85
Malaysia,Waste,Emissions (CO2eq) (AR5),kilotonnes,8573.15,9114.7,9765.5,10080.4,10428.6,10804.8,11237,11501.2,11673.45,12072.45,12415.45,12738.4,13254.6,13490.9,13831.25,14115.6,14565.1,14910.55,15398.55,15576.4,15922.05
Malaysia,Other,Emissions (N2O),kilotonnes,2.49,2.6,2.74,2.65,2.71,2.68,2.62,2.77,2.84,2.61,2.89,3.04,3.01,3.25,3.48,3.38,3.27,3.33,3.49,3.55,3.62
Malaysia,Other,Emissions (CO2eq) from N2O (AR5),kilotonnes,659.85,689,726.1,702.25,718.15,710.2,694.3,734.05,752.6,691.65,765.85,805.6,797.65,861.25,922.2,895.7,866.55,882.45,924.85,940.75,959.3
Malaysia,Other,Emissions (CO2eq) (AR5),kilotonnes,659.85,689,726.1,702.25,718.15,710.2,694.3,734.05,752.6,691.65,765.85,805.6,797.65,861.25,922.2,895.7,866.55,882.45,924.85,940.75,959.3
Malaysia,Farm-gate emissions,Emissions (CH4),kilotonnes,191.5646,189.3321,188.6561,189.1741,193.3896,191.6378,185.67,194.3994,191.9626,195.0453,195.3586,192.7732,191.5909,191.2417,181.8498,191.5085,189.7695,188.2624,189.1462,183.1566,178.0556
Malaysia,Farm-gate emissions,Direct emissions (N2O),kilotonnes,8.1963,8.1664,9.6838,11.4983,12.8661,13.7037,13.5176,13.9371,14.9824,11.3109,14.5092,14.9914,15.374,12.9874,13.6529,12.8715,12.7014,11.9145,10.166,10.3133,10.3888
Malaysia,Farm-gate emissions,Indirect emissions (N2O),kilotonnes,2.548,2.532,3.0201,3.6024,4.0433,4.3194,4.2616,4.392,4.7312,3.5332,4.5684,4.7211,4.8409,4.0592,4.2865,4.0149,3.9559,3.7027,3.1451,3.1918,3.2127
Malaysia,Farm-gate emissions,Emissions (N2O),kilotonnes,15.1964,15.2781,17.3626,19.8475,21.7826,22.9657,22.8177,24.3169,25.4535,20.7329,26.1655,26.6179,27.2742,24.1751,25.2007,23.9914,23.3157,22.9372,20.563,20.8312,20.9567
Malaysia,Farm-gate emissions,Emissions (CO2),kilotonnes,21504.3382,22012.7322,22383.3082,22611.2468,23114.5922,23674.1856,24702.2703,27573.549,27919.5353,28848.5728,32551.7033,32517.9216,33121.1499,33263.081,33957.2492,33524.5804,32641.233,34526.6763,34612.54,34919.3109,35082.9644
Malaysia,Farm-gate emissions,Emissions (CO2eq) from CH4 (AR5),kilotonnes,5363.8086,5301.2976,5282.3719,5296.8735,5414.9102,5365.8585,5198.7592,5443.183,5374.9528,5461.2685,5470.0397,5397.6494,5364.5464,5354.7684,5091.7954,5362.2371,5313.5448,5271.3469,5296.0929,5128.3849,4985.5568
Malaysia,Farm-gate emissions,Emissions (CO2eq) from N2O (AR5),kilotonnes,4027.0526,4048.6926,4601.0914,5259.5914,5772.3808,6085.9145,6046.6931,6443.9776,6745.1701,5494.2289,6933.8521,7053.7468,7227.6742,6406.4022,6678.1872,6357.734,6178.6581,6078.3548,5449.1846,5520.2665,5553.5309
Malaysia,Farm-gate emissions,Emissions (CO2eq) (AR5),kilotonnes,30895.1994,31362.7224,32266.7715,33167.7116,34301.8832,35125.9586,35947.7226,39460.7096,40039.6582,39804.0703,44955.5951,44969.3178,45713.3705,45024.2516,45727.2318,45244.5516,44133.4359,45876.378,45357.8176,45567.9623,45622.0521
Malaysia,Land Use change,Emissions (CH4),kilotonnes,52.9795,1.467,66.035,61.7428,140.3584,163.3518,42.7481,93.9022,42.4148,202.6932,114.1164,83.9032,54.5878,64.7891,221.9904,76.6203,85.6293,2.284,58.4314,81.4207,20.2494
Malaysia,Land Use change,Emissions (N2O),kilotonnes,0.1982,0.0197,0.1122,0.0962,0.1836,0.2154,0.1209,0.1146,0.0874,0.328,0.2112,0.0602,0.0561,0.0619,0.2634,0.0811,0.1921,0.0002,0.067,0.1051,0.0289
Malaysia,Land Use change,Emissions (CO2),kilotonnes,46140.9094,32701.4691,37891.2503,37523.0415,43825.0034,45682.788,35956.2664,40106.7784,35960.1711,48753.306,41667.7545,6744.3482,4373.8761,5195.9429,17796.4376,6135.6511,38196.8064,31598.9679,36104.5487,37926.1984,33031.0287
Malaysia,Land Use change,Emissions (CO2eq) from CH4 (AR5),kilotonnes,1483.4251,41.0759,1848.9813,1728.7984,3930.0354,4573.8516,1196.9474,2629.2609,1187.6145,5675.4097,3195.2578,2349.2908,1528.4571,1814.0946,6215.7307,2145.3686,2397.6195,63.9514,1636.0804,2279.7805,566.984
Malaysia,Land Use change,Emissions (CO2eq) from N2O (AR5),kilotonnes,52.5267,5.2117,29.7256,25.4803,48.6428,57.0711,32.0411,30.3684,23.1626,86.924,55.9785,15.9563,14.8628,16.407,69.8101,21.4903,50.8957,0.0643,17.7579,27.8601,7.657
Malaysia,Land Use change,Emissions (CO2eq) (AR5),kilotonnes,47676.8612,32747.7567,39769.9573,39277.3202,47803.6816,50313.7107,37185.255,42766.4078,37170.9482,54515.6397,44918.9908,9109.5954,5917.1959,7026.4445,24081.9784,8302.51,40645.3216,31662.9837,37758.3869,40233.839,33605.6698
Malaysia,Emissions on agricultural land,Emissions (CH4),kilotonnes,244.5441,190.7991,254.6912,250.9169,333.7481,354.9896,228.4181,288.3016,234.3774,397.7385,309.4749,276.6764,246.1787,256.0308,403.8402,268.1288,275.3987,190.5464,247.5776,264.5773,198.305
Malaysia,Emissions on agricultural land,Emissions (N2O),kilotonnes,15.3946,15.2978,17.4748,19.9437,21.9661,23.1811,22.9386,24.4315,25.5409,21.061,26.3767,26.6781,27.3303,24.237,25.4641,24.0725,23.5078,22.9374,20.63,20.9363,20.9856
Malaysia,Emissions on agricultural land,Emissions (CO2),kilotonnes,67645.2475,54714.2013,60274.5586,60134.2883,66939.5955,69356.9736,60658.5368,67680.3274,63879.7064,77601.8788,74219.4577,39262.2698,37495.026,38459.0239,51753.6868,39660.2316,70838.0394,66125.6442,70717.0887,72845.5093,68113.9931
Malaysia,Emissions on agricultural land,Emissions (CO2eq) from CH4 (AR5),kilotonnes,6847.2337,5342.3735,7131.3533,7025.6719,9344.9456,9939.7101,6395.7066,8072.444,6562.5672,11136.6783,8665.2975,7746.9402,6893.0035,7168.8631,11307.5261,7507.6057,7711.1643,5335.2983,6932.1732,7408.1653,5552.5408
Malaysia,Emissions on agricultural land,Emissions (CO2eq) from N2O (AR5),kilotonnes,4079.5793,4053.9043,4630.817,5285.0717,5821.0236,6142.9855,6078.7342,6474.346,6768.3327,5581.1529,6989.8306,7069.7031,7242.5369,6422.8092,6747.9973,6379.2243,6229.5539,6078.4191,5466.9425,5548.1266,5561.1879
Malaysia,Emissions on agricultural land,Emissions (CO2eq) (AR5),kilotonnes,78572.0606,64110.4791,72036.7288,72445.0318,82105.5647,85439.6692,73132.9776,82227.1174,77210.6063,94319.71,89874.5858,54078.9131,51630.5664,52050.6961,69809.2102,53547.0616,84778.7575,77539.3617,83116.2045,85801.8012,79227.7218
Malaysia,Pre- and post- production,Emissions (CH4),kilotonnes,201.6614,203.0139,204.6657,206.2168,208.0817,210.1044,211.9437,228.1071,231.014,231.0675,230.7251,236.0807,236.6153,239.3571,239.2251,240.2878,243.3182,243.5541,245.4569,244.9762,244.9203
Malaysia,Pre- and post- production,Emissions (N2O),kilotonnes,0.7466,0.7581,0.7893,0.8113,0.8578,0.8934,0.9077,1.0005,0.9995,1.0468,1.0993,1.0949,1.1254,1.2277,1.1764,1.2004,1.2436,1.2643,1.2733,1.3057,1.3334
Malaysia,Pre- and post- production,Emissions (CO2),kilotonnes,7765.8381,8359.5469,8997.6162,9403.0247,10439.6692,10623.8028,10489.5006,16729.8909,17985.7151,17629.603,18555.4385,19499.0587,20535.9231,23130.6735,24278.4636,23398.5942,25008.1517,24798.826,24369.5419,25695.3891,24115.092
Malaysia,Pre- and post- production,Emissions (CO2eq) from CH4 (AR5),kilotonnes,5646.5189,5684.3896,5730.6394,5774.0691,5826.2885,5882.9231,5934.4225,6386.999,6468.3923,6469.8902,6460.303,6610.2605,6625.2292,6701.9981,6698.3032,6728.0578,6812.9109,6819.515,6872.7919,6859.3349,6857.7686
Malaysia,Pre- and post- production,Emissions (CO2eq) from N2O (AR5),kilotonnes,197.837,200.8852,209.1584,214.986,227.3038,236.7617,240.5339,265.1422,264.8613,277.3978,291.3079,290.1527,298.2291,325.3314,311.748,318.1071,329.5451,335.045,337.4189,346.0227,353.3582
Malaysia,Pre- and post- production,Emissions (CO2eq) (AR5),kilotonnes,13610.194,14244.8217,14937.4141,15392.0798,16493.2616,16743.4876,16664.4571,23382.0321,24718.9687,24376.891,25307.0494,26399.472,27459.3814,30158.0031,31288.5148,30444.7592,32150.6077,31953.386,31579.7527,32900.7466,31326.2188
Malaysia,Agri-food systems,Emissions (CH4),kilotonnes,446.2054,393.813,459.3569,457.1336,541.8298,565.094,440.3618,516.4087,465.3914,628.806,540.2,512.7572,482.794,495.3879,643.0653,508.4166,518.717,434.1005,493.0345,509.5536,443.2253
Malaysia,Agri-food systems,Emissions (N2O),kilotonnes,16.1412,16.0558,18.2641,20.7549,22.8239,24.0745,23.8463,25.432,26.5404,22.1077,27.476,27.773,28.4557,25.4647,26.6405,25.2729,24.7513,24.2018,21.9033,22.2421,22.319
Malaysia,Agri-food systems,Emissions (CO2),kilotonnes,75411.0857,63073.7482,69272.1748,69537.313,77379.2648,79980.7764,71148.0374,84410.2183,81865.4215,95231.4819,92774.8962,58761.3285,58030.9491,61589.6974,76032.1504,63058.8258,95846.191,90924.4703,95086.6307,98540.8984,92229.0851
Malaysia,Agri-food systems,Emissions (CO2eq) from CH4 (AR5),kilotonnes,12493.7525,11026.7631,12861.9927,12799.741,15171.2341,15822.6332,12330.1291,14459.443,13030.9595,17606.5685,15125.6005,14357.2007,13518.2326,13870.8612,18005.8293,14235.6636,14524.0752,12154.8133,13804.9652,14267.5002,12410.3094
Malaysia,Agri-food systems,Emissions (CO2eq) from N2O (AR5),kilotonnes,4277.4163,4254.7895,4839.9754,5500.0577,6048.3274,6379.7472,6319.2682,6739.4882,7033.194,5858.5507,7281.1385,7359.8558,7540.7661,6748.1406,7059.7453,6697.3314,6559.099,6413.4642,5804.3614,5894.1493,5914.5461
Malaysia,Agri-food systems,Emissions (CO2eq) (AR5),kilotonnes,92182.2545,78355.3009,86974.1429,87837.1117,98598.8263,102183.1568,89797.4347,105609.1495,101929.5751,118696.601,115181.6352,80478.3851,79089.9478,82208.6993,101097.725,83991.8207,116929.3652,109492.7477,114695.9572,118702.5479,110553.9407
Malaysia,IPCC Agriculture,Emissions (CH4),kilotonnes,191.4052,189.1823,188.5042,189.0183,193.1341,191.4815,185.4562,194.1594,191.7964,194.9048,194.9871,192.348,191.0728,190.6995,181.2986,191.0684,189.399,187.8048,188.6849,182.7134,177.6124
Malaysia,IPCC Agriculture,Emissions (CH4),kilotonnes,160.55,159.01,158.92,161.37,163.81,163.93,164.79,168.66,168.12,169.76,169.11,164.49,162.25,160.81,166.04,166.48,167.11,,,,
Malaysia,IPCC Agriculture,Direct emissions (N2O),kilotonnes,8.1963,8.1664,9.6838,11.4983,12.8661,13.7037,13.5176,13.9371,14.9824,11.3109,14.5092,14.9914,15.374,12.9874,13.6529,12.8715,12.7014,11.9145,10.166,10.3133,10.3888
Malaysia,IPCC Agriculture,Indirect emissions (N2O),kilotonnes,2.548,2.532,3.0201,3.6024,4.0433,4.3194,4.2616,4.392,4.7312,3.5332,4.5684,4.7211,4.8409,4.0592,4.2865,4.0149,3.9559,3.7027,3.1451,3.1918,3.2127
Malaysia,IPCC Agriculture,Emissions (N2O),kilotonnes,15.0743,15.1598,17.2479,19.7303,21.6788,22.8442,22.7085,23.5072,25.1554,20.513,24.9028,25.5557,26.1386,23.0547,24.117,23.0368,22.869,21.8266,19.473,19.74,19.8655
Malaysia,IPCC Agriculture,Emissions (N2O),kilotonnes,13.98,11.38,14.19,13.87,16.13,18.02,16.6,19.09,20.2,16.33,17.51,17.4,20.44,19.28,20.58,19.98,20.02,,,,
Malaysia,IPCC Agriculture,Emissions (CO2eq) from CH4 (AR5),kilotonnes,5359.346,5297.1033,5278.1165,5292.5126,5407.7559,5361.4824,5192.7738,5436.4627,5370.298,5457.335,5459.6392,5385.7442,5350.0381,5339.585,5076.3595,5349.9146,5303.171,5258.5337,5283.1784,5115.9747,4973.1466
Malaysia,IPCC Agriculture,Emissions (CO2eq) from CH4 (AR5),kilotonnes,4495.4,4452.28,4449.76,4518.36,4586.68,4590.04,4614.12,4722.48,4707.36,4753.28,4735.08,4605.72,4543,4502.68,4649.12,4661.44,4679.08,,,,
Malaysia,IPCC Agriculture,Emissions (CO2eq) from N2O (AR5),kilotonnes,3994.6773,4017.3547,4570.7024,5228.5371,5744.874,6053.7118,6017.7504,6229.3966,6666.1799,5435.933,6599.2294,6772.2504,6926.7299,6109.4827,6391.0002,6104.7549,6060.2883,5784.0474,5160.3464,5231.0981,5264.3625
Malaysia,IPCC Agriculture,Emissions (CO2eq) from N2O (AR5),kilotonnes,3704.7,3015.7,3760.35,3675.55,4274.45,4775.3,4399,5058.85,5353,4327.45,4640.15,4611,5416.6,5109.2,5453.7,5294.7,5305.3,,,,
Malaysia,IPCC Agriculture,Emissions (CO2eq) (AR5),kilotonnes,9354.0233,9314.458,9848.8188,10521.0497,11152.6298,11415.1943,11210.5242,11665.8593,12036.4779,10893.2681,12058.8686,12157.9946,12276.7679,11449.0677,11467.3597,11454.6695,11363.4593,11042.5811,10443.5249,10347.0728,10237.5091
Malaysia,IPCC Agriculture,Emissions (CO2eq) (AR5),kilotonnes,8200.1,7467.98,8210.11,8193.91,8861.13,9365.34,9013.12,9781.33,10060.36,9080.73,9375.23,9216.72,9959.6,9611.88,10102.82,9956.14,9984.38,,,,
Malaysia,Agricultural Soils,Direct emissions (N2O),kilotonnes,8.1963,8.1664,9.6838,11.4983,12.8661,13.7037,13.5176,13.9371,14.9824,11.3109,14.5092,14.9914,15.374,12.9874,13.6529,12.8715,12.7014,11.9145,10.166,10.3133,10.3888
Malaysia,Agricultural Soils,Direct emissions (N2O),kilotonnes,9.98,7.93,9.97,9.67,11.39,12.93,11.84,13.68,14.52,11.55,12.47,12.38,14.61,13.67,14.6,13.62,13.6,,,,
Malaysia,Agricultural Soils,Indirect emissions (N2O),kilotonnes,2.548,2.532,3.0201,3.6024,4.0433,4.3194,4.2616,4.392,4.7312,3.5332,4.5684,4.7211,4.8409,4.0592,4.2865,4.0149,3.9559,3.7027,3.1451,3.1918,3.2127
Malaysia,Agricultural Soils,Indirect emissions (N2O),kilotonnes,3.18,2.5,3.17,3.06,3.55,3.98,3.62,4.2,4.45,3.48,3.67,3.62,4.32,3.98,4.27,3.89,3.88,,,,
Malaysia,Agricultural Soils,Emissions (N2O),kilotonnes,14.0494,14.0821,16.1374,18.5661,20.4553,21.6486,21.5415,22.2795,23.9244,19.2453,23.6239,24.3218,24.884,21.7423,22.7597,21.7041,21.5382,20.5231,18.2349,18.4758,18.5975
Malaysia,Agricultural Soils,Emissions (N2O),kilotonnes,23.9692,18.7412,22.4842,22.5553,26.4311,29.9616,27.2295,30.5346,37.3985,39.6021,40.1322,35.3026,,,,,,,,,
Malaysia,Agricultural Soils,Emissions (CO2eq) from N2O (AR5),kilotonnes,3723.0915,3731.7644,4276.422,4920.0189,5420.6637,5736.8755,5708.4859,5904.0663,6339.9663,5099.9965,6260.3284,6445.2716,6594.2469,5761.6979,6031.3271,5751.5745,5707.6188,5438.6172,4832.2521,4896.0993,4928.3287
Malaysia,Agricultural Soils,Emissions (CO2eq) from N2O (AR5),kilotonnes,6351.838,4966.418,5958.313,5977.1545,7004.2415,7939.824,7215.8175,8091.669,9910.6025,10494.5565,10635.033,9355.189,,,,,,,,,
Malaysia,Agricultural Soils,Emissions (CO2eq) (AR5),kilotonnes,3723.0915,3731.7644,4276.422,4920.0189,5420.6637,5736.8755,5708.4859,5904.0663,6339.9663,5099.9965,6260.3284,6445.2716,6594.2469,5761.6979,6031.3271,5751.5745,5707.6188,5438.6172,4832.2521,4896.0993,4928.3287
Malaysia,Agricultural Soils,Emissions (CO2eq) (AR5),kilotonnes,6351.838,4966.418,5958.313,5977.1545,7004.2415,7939.824,7215.8175,8091.669,9910.6025,10494.5565,10635.033,9355.189,,,,,,,,,
Malaysia,LULUCF,Emissions (CH4),kilotonnes,53.1846,1.467,66.0425,61.7478,140.3757,163.3741,42.7679,93.9393,42.4198,202.718,114.1312,83.9032,54.615,64.794,222.03,76.6228,85.7085,2.284,58.4513,81.4505,20.2494
Malaysia,LULUCF,Emissions (N2O),kilotonnes,0.2042,0.0197,0.1129,0.0966,0.1851,0.2174,0.1227,0.118,0.0879,0.3303,0.2126,0.0602,0.0586,0.0624,0.2671,0.0813,0.1993,0.0002,0.0688,0.1078,0.0289
Malaysia,LULUCF,Emissions (CO2),kilotonnes,103411.4876,89868.6807,95378.8944,95216.4057,102042.1974,104409.1896,95569.7039,100949.8324,98495.857,112523.9662,106377.0882,-120445.7051,-122429.9118,-121436.0159,-108036.1763,-119714.042,69565.9425,63131.3966,67754.2335,69886.4464,65154.9302
Malaysia,LULUCF,Emissions (CO2),kilotonnes,-228567.73,-235339.34,-255679.16,-261365.11,-246104.5,-232127.79,-256518.57,-231163.19,-256093.65,-251402.96,-262702.24,-260456.74,,,,,,,,,
Malaysia,LULUCF,Emissions (CO2eq) from CH4 (AR5),kilotonnes,1489.1698,41.0759,1849.1894,1728.9372,3930.521,4574.4759,1197.5023,2630.3015,1187.7532,5676.1034,3195.674,2349.2908,1529.2201,1814.2334,6216.8406,2145.438,2399.8393,63.9514,1636.6353,2280.6129,566.984
Malaysia,LULUCF,Emissions (CO2eq) from N2O (AR5),kilotonnes,54.1257,5.2117,29.9055,25.6002,49.0624,57.6106,32.5207,31.2676,23.2825,87.5234,56.3381,15.9563,15.5221,16.5269,70.7692,21.5502,52.814,0.0643,18.2374,28.5794,7.657
Malaysia,LULUCF,Emissions (CO2eq) (AR5),kilotonnes,104954.7831,89914.9683,97257.9893,96970.943,106021.7808,109041.2761,96799.7269,103611.4015,99706.8926,118287.593,109629.1003,-118080.458,-120885.1696,-119605.2556,-101748.5665,-117547.0538,72018.5957,63195.4124,69409.1062,72195.6388,65729.5713
Malaysia,LULUCF,Emissions (CO2eq) (AR5),kilotonnes,-228567.73,-235339.34,-255679.16,-261365.11,-246104.5,-232127.79,-256518.57,-231163.19,-256093.65,-251402.96,-262702.24,-260456.74,,,,,,,,,
Malaysia,AFOLU,Emissions (CH4),kilotonnes,244.5898,190.6493,254.5466,250.7661,333.5099,354.8557,228.2241,288.0987,234.2161,397.6228,309.1183,276.2513,245.6878,255.4935,403.3286,267.6912,275.1075,190.0888,247.1362,264.1638,197.8618
Malaysia,AFOLU,Emissions (N2O),kilotonnes,15.2785,15.1795,17.3608,19.8269,21.8639,23.0616,22.8312,23.6251,25.2433,20.8432,25.1153,25.6159,26.1972,23.117,24.384,23.1181,23.0683,21.8268,19.5418,19.8478,19.8944
Malaysia,AFOLU,Emissions (CO2),kilotonnes,103411.4876,89868.6807,95378.8944,95216.4057,102042.1974,104409.1896,95569.7039,100949.8324,98495.857,112523.9662,106377.0882,-120445.7051,-122429.9118,-121436.0159,-108036.1763,-119714.042,69565.9425,63131.3966,67754.2335,69886.4464,65154.9302
Malaysia,AFOLU,Emissions (CO2eq) from CH4 (AR5),kilotonnes,6848.5158,5338.1792,7127.3059,7021.4498,9338.2769,9935.9584,6390.2761,8066.7642,6558.0512,11133.4384,8655.3132,7735.035,6879.2582,7153.8184,11293.2001,7495.3526,7703.0103,5322.4851,6919.8137,7396.5876,5540.1306
Malaysia,AFOLU,Emissions (CO2eq) from N2O (AR5),kilotonnes,4048.803,4022.5664,4600.6078,5254.1373,5793.9364,6111.3224,6050.2711,6260.6642,6689.4624,5523.4564,6655.5676,6788.2067,6942.252,6126.0096,6461.7694,6126.3051,6113.1022,5784.1117,5178.5838,5259.6775,5272.0195
Malaysia,AFOLU,Emissions (CO2eq) (AR5),kilotonnes,114308.8064,99229.4263,107106.8081,107491.9927,117174.4106,120456.4704,108010.2511,115277.2608,111743.3706,129180.8611,121687.9689,-105922.4634,-108608.4016,-108156.1879,-90281.2067,-106092.3843,83382.055,74237.9934,79852.6311,82542.7116,75967.0803
Malaysia,All sectors with LULUCF,Emissions (CH4),kilotonnes,1579.9898,1535.1593,1653.1766,1780.1761,1974.5899,2079.2257,1977.6141,2026.7287,2049.2461,2147.8128,1961.6983,1929.9613,1907.4378,2014.5935,2184.6686,2068.8112,2103.7175,2010.8188,2104.4962,2088.1438,2034.0818
Malaysia,All sectors with LULUCF,Emissions (N2O),kilotonnes,21.8285,21.2805,24.0008,26.6269,28.9939,30.3016,30.0812,31.5051,33.7533,29.6832,35.1553,35.6659,36.4172,34.187,35.734,34.7181,34.5683,33.8368,31.7518,32.8778,33.3544
Malaysia,All sectors with LULUCF,Emissions (CO2),kilotonnes,233453.1876,229411.9807,239523.6944,262162.8057,284590.1974,287558.7896,278620.9039,290102.6324,306950.257,315480.0662,319234.8882,95113.7949,102331.1882,126626.7841,147628.3237,130852.158,336433.6425,326400.5966,339424.8335,345458.9464,327429.1302
Malaysia,All sectors with LULUCF,Emissions (CO2eq) from F-gases (AR5),kilotonnes,668.5672,892.0707,1030.0599,1166.1055,1243.8459,1350.7389,1535.3722,1651.9828,1778.3109,1311.8687,1350.7389,1477.067,1894.9214,1972.6618,2089.2724,2720.9128,2924.9813,2555.7146,2672.3251,2779.2181,2886.1111
Malaysia,All sectors with LULUCF,Emissions (CO2eq) from CH4 (AR5),kilotonnes,44239.7158,42984.4592,46288.9459,49844.9298,55288.5169,58218.3184,55373.1961,56748.4042,57378.8912,60138.7584,54927.5532,54038.915,53408.2582,56408.6184,61170.7201,57926.7126,58904.0903,56302.9251,58925.8937,58468.0276,56954.2906
Malaysia,All sectors with LULUCF,Emissions (CO2eq) from N2O (AR5),kilotonnes,5784.553,5639.3314,6360.2078,7056.1373,7683.3864,8029.9224,7971.5211,8348.8642,8944.6124,7866.0564,9316.1676,9451.4567,9650.552,9059.5596,9469.5194,9200.3051,9160.6022,8966.7617,8414.2338,8712.6275,8838.9195
Malaysia,All sectors with LULUCF,Emissions (CO2eq) (AR5),kilotonnes,284146.0236,278927.842,293202.9079,320229.9782,348805.9465,355157.7693,343500.9934,356851.8836,375052.0715,384796.7497,384829.3478,160081.2336,167284.9198,194067.6239,220357.8356,200700.0886,407423.3163,394225.998,409437.2862,415418.8197,396108.4514
Malaysia,All sectors without LULUCF,Emissions (CH4),kilotonnes,1526.8052,1533.6923,1587.1342,1718.4283,1834.2141,1915.8515,1934.8462,1932.7894,2006.8264,1945.0948,1847.5671,1846.058,1852.8228,1949.7995,1962.6386,1992.1884,2018.009,2008.5348,2046.0449,2006.6934,2013.8324
Malaysia,All sectors without LULUCF,Emissions (N2O),kilotonnes,21.6243,21.2608,23.8879,26.5303,28.8088,30.0842,29.9585,31.3872,33.6654,29.353,34.9428,35.6057,36.3586,34.1247,35.467,34.6368,34.369,33.8366,31.683,32.77,33.3255
Malaysia,All sectors without LULUCF,Emissions (CO2),kilotonnes,130041.7,139543.3,144144.8,166946.4,182548,183149.6,183051.2,189152.8,208454.4,202956.1,212857.8,215559.5,224761.1,248062.8,255664.5,250566.2,266867.7,263269.2,271670.6,275572.5,262274.2
Malaysia,All sectors without LULUCF,Emissions (CO2eq) from F-gases (AR5),kilotonnes,668.5672,892.0707,1030.0599,1166.1055,1243.8459,1350.7389,1535.3722,1651.9828,1778.3109,1311.8687,1350.7389,1477.067,1894.9214,1972.6618,2089.2724,2720.9128,2924.9813,2555.7146,2672.3251,2779.2181,2886.1111
Malaysia,All sectors without LULUCF,Emissions (CO2eq) from CH4 (AR5),kilotonnes,42750.546,42943.3833,44439.7565,48115.9926,51357.9959,53643.8424,54175.6938,54118.1027,56191.138,54462.655,51731.8792,51689.6242,51879.0381,54594.385,54953.8795,55781.2746,56504.251,56238.9737,57289.2584,56187.4147,56387.3066
Malaysia,All sectors without LULUCF,Emissions (CO2eq) from N2O (AR5),kilotonnes,5730.4273,5634.1197,6330.3024,7030.5371,7634.324,7972.3118,7939.0004,8317.5966,8921.3299,7778.533,9259.8294,9435.5004,9635.0299,9043.0327,9398.7502,9178.7549,9107.7883,8966.6974,8395.9964,8684.0481,8831.2625
Malaysia,All sectors without LULUCF,Emissions (CO2eq) (AR5),kilotonnes,179191.2405,189012.8737,195944.9187,223259.0352,242784.1657,246116.4931,246701.2664,253240.4821,275345.1788,266509.1567,275200.2474,278161.6915,288170.0894,313672.8795,322106.4021,318247.1424,335404.7206,331030.5856,340028.18,343223.1809,330378.8802
Maldives,Crop Residues,Direct emissions (N2O),kilotonnes,0,0,0,0,0,0,0,0,0,0,0,0,0,0,0,0,0,0,0,0,0
Maldives,Crop Residues,Indirect emissions (N2O),kilotonnes,0,0,0,0,0,0,0,0,0,0,0,0,0,0,0,0,0,0,0,0,0
Maldives,Crop Residues,Emissions (N2O),kilotonnes,0,0,0,0,0,0,0,0,0,0,0,0,0,0,0,0,0,0,0,0,0
Maldives,Crop Residues,Emissions (CO2eq) from N2O (AR5),kilotonnes,0.0064,0.0068,0.0068,0.0106,0.0076,0.0073,0.0079,0.008,0.0083,0.0083,0.0091,0.0094,0.0099,0.0103,0.0105,0.0105,0.0106,0.0106,0.0108,0.0107,0.0107
Maldives,Crop Residues,Emissions (CO2eq) (AR5),kilotonnes,0.0064,0.0068,0.0068,0.0106,0.0076,0.0073,0.0079,0.008,0.0083,0.0083,0.0091,0.0094,0.0099,0.0103,0.0105,0.0105,0.0106,0.0106,0.0108,0.0107,0.0107
Maldives,Burning - Crop residues,Emissions (CH4),kilotonnes,0.0001,0.0001,0.0001,0.0001,0.0001,0.0001,0.0001,0.0001,0.0001,0.0001,0.0001,0.0001,0.0001,0.0001,0.0001,0.0001,0.0001,0.0001,0.0001,0.0001,0.0001
Maldives,Burning - Crop residues,Emissions (N2O),kilotonnes,0,0,0,0,0,0,0,0,0,0,0,0,0,0,0,0,0,0,0,0,0
Maldives,Burning - Crop residues,Emissions (CO2eq) from CH4 (AR5),kilotonnes,0.0016,0.0017,0.0015,0.0019,0.0019,0.0018,0.0019,0.0018,0.0019,0.0017,0.0018,0.0018,0.0019,0.0021,0.0026,0.0028,0.0025,0.0025,0.0026,0.0025,0.0026
Maldives,Burning - Crop residues,Emissions (CO2eq) from N2O (AR5),kilotonnes,0.0004,0.0004,0.0004,0.0005,0.0005,0.0004,0.0005,0.0004,0.0005,0.0004,0.0004,0.0004,0.0005,0.0005,0.0006,0.0007,0.0006,0.0006,0.0006,0.0006,0.0006
Maldives,Burning - Crop residues,Emissions (CO2eq) (AR5),kilotonnes,0.002,0.0022,0.0019,0.0024,0.0024,0.0023,0.0024,0.0023,0.0024,0.0022,0.0023,0.0023,0.0024,0.0026,0.0033,0.0035,0.0031,0.0031,0.0032,0.0031,0.0032
Maldives,Synthetic Fertilizers,Direct emissions (N2O),kilotonnes,,,0.0001,0.0002,0.0003,0.0005,0.0019,0.004,0.001,0.0022,0.002,0.0011,0.0048,0.004,0.0032,0.0036,0.0053,0.0055,0.0064,0.0064,0.0037
Maldives,Synthetic Fertilizers,Indirect emissions (N2O),kilotonnes,,,0,0.0001,0.0001,0.0002,0.0006,0.0013,0.0003,0.0007,0.0006,0.0004,0.0015,0.0013,0.001,0.0012,0.0017,0.0018,0.0021,0.0021,0.0012
Maldives,Synthetic Fertilizers,Emissions (N2O),kilotonnes,,,0.0002,0.0002,0.0004,0.0007,0.0025,0.0053,0.0013,0.0029,0.0026,0.0015,0.0063,0.0053,0.0042,0.0047,0.0071,0.0073,0.0085,0.0085,0.0048
Maldives,Synthetic Fertilizers,Emissions (CO2eq) from N2O (AR5),kilotonnes,,,0.0497,0.0662,0.1104,0.1876,0.6566,1.4125,0.3531,0.778,0.7007,0.3862,1.671,1.4152,1.1208,1.2486,1.8687,1.9312,2.2406,2.2406,1.2832
Maldives,Synthetic Fertilizers,Emissions (CO2eq) (AR5),kilotonnes,,,0.0497,0.0662,0.1104,0.1876,0.6566,1.4125,0.3531,0.778,0.7007,0.3862,1.671,1.4152,1.1208,1.2486,1.8687,1.9312,2.2406,2.2406,1.2832
Maldives,Drained organic soils,Emissions (CO2eq) (AR5),kilotonnes,0,0,0,0,0,0,0,0,0,0,0,0,0,0,0,0,0,0,0,0,0
Maldives,Drained organic soils (CO2),Emissions (CO2),kilotonnes,0,0,0,0,0,0,0,0,0,0,0,0,0,0,0,0,0,0,0,0,0
Maldives,Drained organic soils (CO2),Emissions (CO2eq) (AR5),kilotonnes,0,0,0,0,0,0,0,0,0,0,0,0,0,0,0,0,0,0,0,0,0
Maldives,Drained organic soils (N2O),Emissions (N2O),kilotonnes,0,0,0,0,0,0,0,0,0,0,0,0,0,0,0,0,0,0,0,0,0
Maldives,Drained organic soils (N2O),Emissions (CO2eq) from N2O (AR5),kilotonnes,0,0,0,0,0,0,0,0,0,0,0,0,0,0,0,0,0,0,0,0,0
Maldives,Drained organic soils (N2O),Emissions (CO2eq) (AR5),kilotonnes,0,0,0,0,0,0,0,0,0,0,0,0,0,0,0,0,0,0,0,0,0
Maldives,On-farm energy use,Emissions (CH4),kilotonnes,0.1357,0.1445,0.1973,0.1642,0.2157,0.1955,0.2465,0.2412,0.2283,0.2284,0.2345,0.2283,0.2566,0.23,0.2618,0.2485,0.3028,0.2847,0.3274,0.3416,0.3416
Maldives,On-farm energy use,Emissions (N2O),kilotonnes,0.0007,0.0007,0.001,0.0008,0.0011,0.001,0.0012,0.0012,0.0011,0.0011,0.0012,0.0011,0.0013,0.0012,0.0013,0.0012,0.0015,0.0014,0.0016,0.0017,0.0017
Maldives,On-farm energy use,Emissions (CO2),kilotonnes,42.8006,45.5768,62.2148,51.7753,68.0172,61.6327,77.7388,76.0477,72.003,72.0304,73.9464,71.9851,80.929,72.5303,82.5426,78.3447,95.4698,89.7781,103.2333,107.708,107.708
Maldives,On-farm energy use,Emissions (CO2eq) from CH4 (AR5),kilotonnes,3.8005,4.047,5.5244,4.5974,6.0396,5.4727,6.9028,6.7526,6.3935,6.3959,6.5661,6.3919,7.1861,6.4403,7.3294,6.9566,8.4772,7.9718,9.1666,9.5639,9.5639
Maldives,On-farm energy use,Emissions (CO2eq) from N2O (AR5),kilotonnes,0.1798,0.1915,0.2614,0.2176,0.2858,0.259,0.3267,0.3195,0.3025,0.3027,0.3107,0.3025,0.3401,0.3048,0.3468,0.3292,0.4012,0.3772,0.4338,0.4526,0.4526
Maldives,On-farm energy use,Emissions (CO2eq) (AR5),kilotonnes,46.7809,49.8153,68.0006,56.5903,74.3426,67.3643,84.9682,83.1199,78.699,78.729,80.8232,78.6794,88.4552,79.2754,90.2188,85.6305,104.3482,98.1271,112.8337,117.7246,117.7246
Maldives,Forestland,Emissions (CO2),kilotonnes,0,0,0,0,0,0,0,0,0,0,0,0,0,0,0,0,0,0,0,0,0
Maldives,Forestland,Emissions (CO2eq) (AR5),kilotonnes,0,0,0,0,0,0,0,0,0,0,0,0,0,0,0,0,0,0,0,0,0
Maldives,Net Forest conversion,Emissions (CO2),kilotonnes,0,0,0,0,0,0,0,0,0,0,0,0,0,0,0,0,0,0,0,0,0
Maldives,Net Forest conversion,Emissions (CO2eq) (AR5),kilotonnes,0,0,0,0,0,0,0,0,0,0,0,0,0,0,0,0,0,0,0,0,0
Maldives,Savanna fires,Emissions (CH4),kilotonnes,0,0,0,0,0,0,0,0,0,0,0,0,0,0,0,0,0,0,0,0,0
Maldives,Savanna fires,Emissions (N2O),kilotonnes,0,0,0,0,0,0,0,0,0,0,0,0,0,0,0,0,0,0,0,0,0
Maldives,Savanna fires,Emissions (CO2eq) from CH4 (AR5),kilotonnes,0,0,0,0,0,0,0,0,0,0,0,0,0,0,0,0,0,0,0,0,0
Maldives,Savanna fires,Emissions (CO2eq) from N2O (AR5),kilotonnes,0,0,0,0,0,0,0,0,0,0,0,0,0,0,0,0,0,0,0,0,0
Maldives,Savanna fires,Emissions (CO2eq) (AR5),kilotonnes,0,0,0,0,0,0,0,0,0,0,0,0,0,0,0,0,0,0,0,0,0
Maldives,Fires in organic soils,Emissions (CH4),kilotonnes,0,0,0,0,0,0,0,0,0,0,0,0,0,0,0,0,0,0,0,0,0
Maldives,Fires in organic soils,Emissions (CO2),kilotonnes,0,0,0,0,0,0,0,0,0,0,0,0,0,0,0,0,0,0,0,0,0
Maldives,Fires in organic soils,Emissions (CO2eq) from CH4 (AR5),kilotonnes,0,0,0,0,0,0,0,0,0,0,0,0,0,0,0,0,0,0,0,0,0
Maldives,Fires in organic soils,Emissions (CO2eq) (AR5),kilotonnes,0,0,0,0,0,0,0,0,0,0,0,0,0,0,0,0,0,0,0,0,0
Maldives,Forest fires,Emissions (CH4),kilotonnes,0,0,0,0,0,0,0,0,0,0,0,0,0,0,0,0,0,0,0,0,0
Maldives,Forest fires,Emissions (N2O),kilotonnes,0,0,0,0,0,0,0,0,0,0,0,0,0,0,0,0,0,0,0,0,0
Maldives,Forest fires,Emissions (CO2eq) from CH4 (AR5),kilotonnes,0,0,0,0,0,0,0,0,0,0,0,0,0,0,0,0,0,0,0,0,0
Maldives,Forest fires,Emissions (CO2eq) from N2O (AR5),kilotonnes,0,0,0,0,0,0,0,0,0,0,0,0,0,0,0,0,0,0,0,0,0
Maldives,Forest fires,Emissions (CO2eq) (AR5),kilotonnes,0,0,0,0,0,0,0,0,0,0,0,0,0,0,0,0,0,0,0,0,0
Maldives,Fires in humid tropical forests,Emissions (CH4),kilotonnes,0,0,0,0,0,0,0,0,0,0,0,0,0,0,0,0,0,0,0,0,0
Maldives,Fires in humid tropical forests,Emissions (N2O),kilotonnes,0,0,0,0,0,0,0,0,0,0,0,0,0,0,0,0,0,0,0,0,0
Maldives,Fires in humid tropical forests,Emissions (CO2eq) from CH4 (AR5),kilotonnes,0,0,0,0,0,0,0,0,0,0,0,0,0,0,0,0,0,0,0,0,0
Maldives,Fires in humid tropical forests,Emissions (CO2eq) from N2O (AR5),kilotonnes,0,0,0,0,0,0,0,0,0,0,0,0,0,0,0,0,0,0,0,0,0
Maldives,Fires in humid tropical forests,Emissions (CO2eq) (AR5),kilotonnes,0,0,0,0,0,0,0,0,0,0,0,0,0,0,0,0,0,0,0,0,0
Maldives,Waste - agri-food systems,Emissions (CH4),kilotonnes,1.817,1.8403,1.864,1.893,1.9158,1.9333,1.9646,1.9714,1.9946,2.0087,2.0318,2.0582,2.0859,2.1217,2.1541,2.1859,2.2205,2.2526,2.2832,2.3073,2.3117
Maldives,Waste - agri-food systems,Emissions (N2O),kilotonnes,0.0087,0.0093,0.0099,0.009,0.0091,0.0107,0.0097,0.0105,0.0107,0.0114,0.0132,0.0138,0.0146,0.0161,0.0139,0.014,0.0143,0.0128,0.0132,0.0135,0.0136
Maldives,Waste - agri-food systems,Emissions (CO2),kilotonnes,0.2525,0.2567,0.2571,0.2591,0.261,0.2603,0.2641,0.2662,0.2687,0.269,0.2703,0.2711,0.2716,0.2733,0.2747,0.276,0.2768,0.2779,0.2792,0.2799,0.2749
Maldives,Waste - agri-food systems,Emissions (CO2eq) from CH4 (AR5),kilotonnes,50.8749,51.5283,52.1913,53.005,53.6422,54.1311,55.0079,55.2003,55.8492,56.2434,56.8892,57.6288,58.4046,59.4066,60.314,61.2049,62.1744,63.0733,63.9282,64.6043,64.7285
Maldives,Waste - agri-food systems,Emissions (CO2eq) from N2O (AR5),kilotonnes,2.2996,2.4626,2.621,2.3968,2.4047,2.845,2.5725,2.7945,2.8358,3.0237,3.4984,3.6574,3.8787,4.2672,3.6772,3.7149,3.7872,3.389,3.4938,3.572,3.6128
Maldives,Waste - agri-food systems,Emissions (CO2eq) (AR5),kilotonnes,53.427,54.2476,55.0694,55.6609,56.3078,57.2364,57.8445,58.261,58.9537,59.5361,60.6579,61.5573,62.5549,63.9471,64.2659,65.1958,66.2384,66.7402,67.7013,68.4562,68.6161
Maldives,On-farm electricity use,Emissions (CH4),kilotonnes,0,0,0,0,0,0,0,0,0,0,0,0,0,0,0,0,0,0,0,0,0
Maldives,On-farm electricity use,Emissions (N2O),kilotonnes,0,0,0,0,0,0,0,0,0,0,0,0,0,0,0,0,0,0,0,0,0
Maldives,On-farm electricity use,Emissions (CO2),kilotonnes,0,0,0,0,0,0,0,0,0,0,0,0,0,0,0,0,0,0,0,0,0
Maldives,On-farm electricity use,Emissions (CO2eq) from CH4 (AR5),kilotonnes,0,0,0,0,0,0,0,0,0,0,0,0,0,0,0,0,0,0,0,0,0
Maldives,On-farm electricity use,Emissions (CO2eq) from N2O (AR5),kilotonnes,0,0,0,0,0,0,0,0,0,0,0,0,0,0,0,0,0,0,0,0,0
Maldives,On-farm electricity use,Emissions (CO2eq) (AR5),kilotonnes,0,0,0,0,0,0,0,0,0,0,0,0,0,0,0,0,0,0,0,0,0
Maldives,Food Processing,Emissions (CH4),kilotonnes,0.0119,0.0111,0.013,0.0126,0.0133,0.0138,0.0161,0.0118,0.0153,0.0194,0.0208,0.028,0.0273,0.0023,0.0028,0.0025,0.0024,0.0025,0.0026,0.003,0.0031
Maldives,Food Processing,Emissions (N2O),kilotonnes,0.0001,0.0001,0.0001,0,0.0001,0.0001,0.0001,0.0001,0.0001,0.0002,0.0002,0.0003,0.0003,0.0001,0.0001,0.0001,0.0001,0.0001,0.0001,0.0001,0.0001
Maldives,Food Processing,Emissions (CO2),kilotonnes,6.3211,6.5157,8.2692,7.1768,9.3657,8.5281,10.1446,17.5096,19.8536,19.9267,17.3983,19.55,22.608,9.1382,11.1981,10.983,12.2513,12.3255,11.9882,12.3552,12.8185
Maldives,Food Processing,Emissions (CO2eq) from CH4 (AR5),kilotonnes,0.3332,0.3108,0.364,0.3528,0.3724,0.3864,0.4508,0.3304,0.4284,0.5432,0.5824,0.784,0.7644,0.0644,0.0784,0.07,0.0672,0.07,0.0728,0.084,0.0877
Maldives,Food Processing,Emissions (CO2eq) from N2O (AR5),kilotonnes,0.0265,0.0265,0.0265,0,0.0265,0.0265,0.0265,0.0265,0.0265,0.053,0.053,0.0795,0.0795,0.0265,0.0265,0.0265,0.0265,0.0265,0.0265,0.0265,0.0281
Maldives,Food Processing,Emissions (CO2eq) (AR5),kilotonnes,6.6808,6.853,8.6597,7.5296,9.7646,8.941,10.6219,17.8665,20.3085,20.5229,18.0337,20.4135,23.4519,9.2291,11.303,11.0795,12.345,12.422,12.0875,12.4657,12.9343
Maldives,Food Packaging,Emissions (CH4),kilotonnes,0,0,0,0,0,0,0,0,0,0,0,0,0,0,0.0001,0,0,0,0,0,0
Maldives,Food Packaging,Emissions (N2O),kilotonnes,0,0,0,0,0,0,0,0,0,0,0,0,0,0,0,0,0,0,0,0,0
Maldives,Food Packaging,Emissions (CO2),kilotonnes,0.9562,0.8701,1.0793,0.8949,1.1048,0.8963,1.0408,1.2587,1.2456,1.2323,1.2113,1.4067,1.5142,1.5041,1.8168,1.7331,1.8726,1.8365,1.7901,1.9762,2.0503
Maldives,Food Packaging,Emissions (CO2eq) from CH4 (AR5),kilotonnes,0,0,0,0,0,0,0,0,0,0,0,0,0,0,0.0028,0,0,0,0,0,0
Maldives,Food Packaging,Emissions (CO2eq) from N2O (AR5),kilotonnes,0,0,0,0,0,0,0,0,0,0,0,0,0,0,0,0,0,0,0,0,0
Maldives,Food Packaging,Emissions (CO2eq) (AR5),kilotonnes,0.9562,0.8701,1.0793,0.8949,1.1048,0.8963,1.0408,1.2587,1.2456,1.2323,1.2113,1.4067,1.5142,1.5041,1.8196,1.7331,1.8726,1.8365,1.7901,1.9762,2.0503
Maldives,Food Retail,Emissions (CH4),kilotonnes,0.0059,0.0061,0.0073,0.0084,0.0087,0.0087,0.0105,0.0109,0.0142,0.0142,0.0147,0.0153,0.0159,0.0159,0.0312,0.0378,0.0406,0.0445,0.0471,0.0347,0.0362
Maldives,Food Retail,Emissions (N2O),kilotonnes,0,0,0,0,0,0,0.0001,0.0001,0.0001,0.0001,0.0001,0.0001,0.0001,0.0001,0.0002,0.0002,0.0002,0.0002,0.0002,0.0002,0.0002
Maldives,Food Retail,Emissions (CO2),kilotonnes,2.222,2.3222,2.7501,2.9824,3.1991,3.1729,3.8222,4.0595,5.3648,5.4091,5.4392,5.5492,5.8665,5.8594,11.489,13.9017,14.9357,16.3718,17.3484,12.7959,13.2757
Maldives,Food Retail,Emissions (CO2eq) from CH4 (AR5),kilotonnes,0.1652,0.1708,0.2044,0.2352,0.2436,0.2436,0.294,0.3052,0.3976,0.3976,0.4116,0.4284,0.4452,0.4452,0.8736,1.0584,1.1368,1.246,1.3188,0.9716,1.0139
Maldives,Food Retail,Emissions (CO2eq) from N2O (AR5),kilotonnes,0,0,0,0,0,0,0.0265,0.0265,0.0265,0.0265,0.0265,0.0265,0.0265,0.0265,0.053,0.053,0.053,0.053,0.053,0.053,0.0562
Maldives,Food Retail,Emissions (CO2eq) (AR5),kilotonnes,2.3872,2.493,2.9545,3.2176,3.4427,3.4165,4.1427,4.3912,5.7889,5.8332,5.8773,6.0041,6.3382,6.3311,12.4156,15.0131,16.1255,17.6708,18.7202,13.8205,14.3458
Maldives,Food Household Consumption,Emissions (CH4),kilotonnes,0.0234,0.0262,0.0288,0.0315,0.0364,0.0392,0.0468,0.0528,0.0593,0.0712,0.0578,0.0636,0.0711,0.0739,0.0843,0.0958,0.1086,0.1204,0.1321,0.1323,0.1381
Maldives,Food Household Consumption,Emissions (N2O),kilotonnes,0.0002,0.0002,0.0002,0.0002,0.0003,0.0002,0.0003,0.0003,0.0003,0.0004,0.0003,0.0004,0.0004,0.0005,0.0005,0.0005,0.0006,0.0007,0.0007,0.0007,0.0007
Maldives,Food Household Consumption,Emissions (CO2),kilotonnes,15.1074,11.2693,15.8793,17.5304,32.0096,24.3775,30.4807,28.0783,35.9356,42.4746,35.9759,37.7825,38.5495,50.4778,56.8863,51.7997,57.5338,62.7448,67.2111,69.5081,72.1147
Maldives,Food Household Consumption,Emissions (CO2eq) from CH4 (AR5),kilotonnes,0.6552,0.7336,0.8064,0.882,1.0192,1.0976,1.3104,1.4784,1.6604,1.9936,1.6184,1.7808,1.9908,2.0692,2.3604,2.6824,3.0408,3.3712,3.6988,3.7044,3.8658
Maldives,Food Household Consumption,Emissions (CO2eq) from N2O (AR5),kilotonnes,0.053,0.053,0.053,0.053,0.0795,0.053,0.0795,0.0795,0.0795,0.106,0.0795,0.106,0.106,0.1325,0.1325,0.1325,0.159,0.1855,0.1855,0.1855,0.1965
Maldives,Food Household Consumption,Emissions (CO2eq) (AR5),kilotonnes,15.8156,12.0559,16.7387,18.4654,33.1083,25.5281,31.8706,29.6362,37.6755,44.5742,37.6738,39.6693,40.6463,52.6795,59.3792,54.6146,60.7336,66.3015,71.0954,73.398,76.177
Maldives,Food Transport,Emissions (CH4),kilotonnes,0.0085,0.0072,0.0079,0.0069,0.0078,0.0079,0.0097,0.0091,0.0152,0.0193,0.022,0.0331,0.035,0.0329,0.038,0.0308,0.0275,0.0288,0.0296,0.0335,0.035
Maldives,Food Transport,Emissions (N2O),kilotonnes,0.0004,0.0003,0.0003,0.0003,0.0004,0.0004,0.0005,0.0005,0.0008,0.001,0.0012,0.0019,0.0022,0.002,0.0025,0.0021,0.0019,0.002,0.0021,0.0021,0.0022
Maldives,Food Transport,Emissions (CO2),kilotonnes,16.58,13.1905,15.006,13.5255,17.326,16.952,22.2075,18.078,28.3075,35.706,43.4575,72.924,86.597,80.769,101.37,83.633,79.9155,83.841,86.2625,86.4486,89.6904
Maldives,Food Transport,Emissions (CO2eq) from CH4 (AR5),kilotonnes,0.238,0.2016,0.2212,0.1932,0.2184,0.2212,0.2716,0.2548,0.4256,0.5404,0.616,0.9268,0.98,0.9212,1.064,0.8624,0.77,0.8064,0.8288,0.938,0.9789
Maldives,Food Transport,Emissions (CO2eq) from N2O (AR5),kilotonnes,0.106,0.0795,0.0795,0.0795,0.106,0.106,0.1325,0.1325,0.212,0.265,0.318,0.5035,0.583,0.53,0.6625,0.5565,0.5035,0.53,0.5565,0.5565,0.5896
Maldives,Food Transport,Emissions (CO2eq) (AR5),kilotonnes,16.924,13.4716,15.3067,13.7982,17.6504,17.2792,22.6116,18.4653,28.9451,36.5114,44.3915,74.3543,88.16,82.2202,103.0965,85.0519,81.189,85.1774,87.6478,87.9431,91.2589
Maldives,Energy,Emissions (CH4),kilotonnes,0.168,0.155,0.172,0.162,0.177,0.176,0.198,0.196,0.249,0.287,0.311,0.45,0.474,0.45,0.503,0.435,0.403,0.42,0.427,0.528,0.551
Maldives,Energy,Emissions (N2O),kilotonnes,0.0088,0.0076,0.0084,0.0074,0.0095,0.0087,0.0105,0.0099,0.0124,0.0141,0.0154,0.0362,0.04,0.0423,0.0468,0.0368,0.0377,0.0395,0.0406,0.0504,0.0534
Maldives,Energy,Emissions (CO2),kilotonnes,451,462,594,506,667,601,759,781,843,884,935,986,1110,1090,1320,1300,1440,1500,1540,1600,1660
Maldives,Energy,Emissions (CO2eq) from CH4 (AR5),kilotonnes,4.704,4.34,4.816,4.536,4.956,4.928,5.544,5.488,6.972,8.036,8.708,12.6,13.272,12.6,14.084,12.18,11.284,11.76,11.956,14.784,15.428
Maldives,Energy,Emissions (CO2eq) from N2O (AR5),kilotonnes,2.3373,2.0166,2.2313,1.9636,2.5149,2.3028,2.7825,2.6341,3.286,3.7365,4.081,9.593,10.6,11.2095,12.402,9.752,9.9905,10.4675,10.759,13.356,14.151
Maldives,Energy,Emissions (CO2eq) (AR5),kilotonnes,458.0413,468.3567,601.0473,512.4996,674.4709,608.2309,767.3265,789.1221,853.258,895.7725,947.789,1008.193,1133.872,1113.8095,1346.486,1321.932,1461.2745,1522.2275,1562.715,1628.14,1689.579
Maldives,IPPU,Emissions (N2O),kilotonnes,0.0001,0.0001,0.0001,0.0001,0.0001,0.0001,0.0001,0.0001,0.0001,0.0001,0.0001,0.0001,0.0001,0.0001,0.0001,0.0001,0.0001,0.0001,0.0001,0.0001,0.0001
Maldives,IPPU,Emissions (CO2),kilotonnes,1.98,1.63,1.61,1.56,1.94,1.92,2.26,2.19,2.15,2.08,1.98,2.07,2.49,2.5,2.99,2.83,3.47,4.17,4.51,3.89,4.05
Maldives,IPPU,Emissions (CO2eq) from N2O (AR5),kilotonnes,0.0224,0.0229,0.0235,0.0241,0.0248,0.0255,0.0261,0.0268,0.0276,0.0284,0.0292,0.0299,0.0307,0.0318,0.0326,0.0334,0.0342,0.0347,0.0355,0.0363,0.0371
Maldives,IPPU,Emissions (CO2eq) (AR5),kilotonnes,2.0024,1.6529,1.6335,1.5841,1.9648,1.9455,2.2861,2.2168,2.1776,2.1084,2.0091,2.0999,2.5207,2.5318,3.0226,2.8634,3.5042,4.2047,4.5455,3.9263,4.0871
Maldives,Waste,Emissions (CH4),kilotonnes,2.35,2.46,2.61,2.8,2.98,3.09,3.31,3.49,3.67,3.79,3.98,4.2,4.38,4.6,4.83,5.02,5.21,5.39,5.56,5.75,5.94
Maldives,Waste,Emissions (N2O),kilotonnes,0.0186,0.0191,0.0196,0.0195,0.0189,0.0192,0.0194,0.0206,0.0209,0.0229,0.0251,0.0277,0.0297,0.0313,0.0308,0.0298,0.0282,0.027,0.0269,0.0319,0.0328
Maldives,Waste,Emissions (CO2),kilotonnes,1.33,1.42,1.51,1.61,1.72,1.84,1.95,2.02,2.1,2.18,2.27,2.63,2.74,2.85,2.96,3.07,3.17,3.27,3.37,3.54,3.66
Maldives,Waste,Emissions (CO2eq) from CH4 (AR5),kilotonnes,65.8,68.88,73.08,78.4,83.44,86.52,92.68,97.72,102.76,106.12,111.44,117.6,122.64,128.8,135.24,140.56,145.88,150.92,155.68,161,166.32
Maldives,Waste,Emissions (CO2eq) from N2O (AR5),kilotonnes,4.929,5.0615,5.194,5.1675,5.0085,5.088,5.141,5.459,5.5385,6.0685,6.6515,7.3405,7.8705,8.2945,8.162,7.897,7.473,7.155,7.1285,8.4535,8.692
Maldives,Waste,Emissions (CO2eq) (AR5),kilotonnes,72.059,75.3615,79.784,85.1775,90.1685,93.448,99.771,105.199,110.3985,114.3685,120.3615,127.5705,133.2505,139.9445,146.362,151.527,156.523,161.345,166.1785,172.9935,178.672
Maldives,Other,Emissions (N2O),kilotonnes,0.0262,0.0242,0.0306,0.0278,0.0364,0.0343,0.04,0.0373,0.0403,0.0426,0.0461,0.0617,0.0744,0.0754,0.103,0.0809,0.0823,0.0863,0.0887,0.1,0.105
Maldives,Other,Emissions (CO2eq) from N2O (AR5),kilotonnes,6.943,6.413,8.109,7.367,9.646,9.0895,10.6,9.8845,10.6795,11.289,12.2165,16.3505,19.716,19.981,27.295,21.4385,21.8095,22.8695,23.5055,26.5,27.825
Maldives,Other,Emissions (CO2eq) (AR5),kilotonnes,6.943,6.413,8.109,7.367,9.646,9.0895,10.6,9.8845,10.6795,11.289,12.2165,16.3505,19.716,19.981,27.295,21.4385,21.8095,22.8695,23.5055,26.5,27.825
Maldives,Farm-gate emissions,Emissions (CH4),kilotonnes,0.1358,0.1446,0.1974,0.1643,0.2158,0.1955,0.2466,0.2412,0.2284,0.2285,0.2346,0.2283,0.2567,0.2301,0.2619,0.2486,0.3028,0.2848,0.3275,0.3417,0.3417
Maldives,Farm-gate emissions,Direct emissions (N2O),kilotonnes,0,0,0.0002,0.0002,0.0003,0.0006,0.0019,0.004,0.001,0.0022,0.002,0.0011,0.0048,0.0041,0.0032,0.0036,0.0054,0.0055,0.0064,0.0064,0.0037
Maldives,Farm-gate emissions,Indirect emissions (N2O),kilotonnes,0,0,0.0001,0.0001,0.0001,0.0002,0.0006,0.0013,0.0003,0.0007,0.0007,0.0004,0.0016,0.0013,0.001,0.0012,0.0017,0.0018,0.0021,0.0021,0.0012
Maldives,Farm-gate emissions,Emissions (N2O),kilotonnes,0.0007,0.0007,0.0012,0.0011,0.0015,0.0017,0.0037,0.0066,0.0025,0.0041,0.0039,0.0026,0.0076,0.0065,0.0056,0.006,0.0086,0.0088,0.0101,0.0102,0.0066
Maldives,Farm-gate emissions,Emissions (CO2),kilotonnes,42.8006,45.5768,62.2148,51.7753,68.0172,61.6327,77.7388,76.0477,72.003,72.0304,73.9464,71.9851,80.929,72.5303,82.5426,78.3447,95.4698,89.7781,103.2333,107.708,107.708
Maldives,Farm-gate emissions,Emissions (CO2eq) from CH4 (AR5),kilotonnes,3.8021,4.0487,5.5259,4.5993,6.0415,5.4745,6.9047,6.7545,6.3954,6.3977,6.5679,6.3937,7.188,6.4424,7.332,6.9594,8.4797,7.9743,9.1692,9.5664,9.5665
Maldives,Farm-gate emissions,Emissions (CO2eq) from N2O (AR5),kilotonnes,0.1867,0.1987,0.3182,0.2948,0.4042,0.4543,0.9916,1.7406,0.6644,1.0894,1.021,0.6985,2.0214,1.7308,1.4787,1.5891,2.2811,2.3197,2.6858,2.7045,1.7471
Maldives,Farm-gate emissions,Emissions (CO2eq) (AR5),kilotonnes,46.7893,49.8242,68.059,56.6694,74.4629,67.5615,85.6351,84.5427,79.0628,79.5175,81.5353,79.0773,90.1384,80.7035,91.3533,86.8932,106.2306,100.072,115.0883,119.979,119.0216
Maldives,Land Use change,Emissions (CH4),kilotonnes,0,0,0,0,0,0,0,0,0,0,0,0,0,0,0,0,0,0,0,0,0
Maldives,Land Use change,Emissions (N2O),kilotonnes,0,0,0,0,0,0,0,0,0,0,0,0,0,0,0,0,0,0,0,0,0
Maldives,Land Use change,Emissions (CO2),kilotonnes,0,0,0,0,0,0,0,0,0,0,0,0,0,0,0,0,0,0,0,0,0
Maldives,Land Use change,Emissions (CO2eq) from CH4 (AR5),kilotonnes,0,0,0,0,0,0,0,0,0,0,0,0,0,0,0,0,0,0,0,0,0
Maldives,Land Use change,Emissions (CO2eq) from N2O (AR5),kilotonnes,0,0,0,0,0,0,0,0,0,0,0,0,0,0,0,0,0,0,0,0,0
Maldives,Land Use change,Emissions (CO2eq) (AR5),kilotonnes,0,0,0,0,0,0,0,0,0,0,0,0,0,0,0,0,0,0,0,0,0
Maldives,Emissions on agricultural land,Emissions (CH4),kilotonnes,0.1358,0.1446,0.1974,0.1643,0.2158,0.1955,0.2466,0.2412,0.2284,0.2285,0.2346,0.2283,0.2567,0.2301,0.2619,0.2486,0.3028,0.2848,0.3275,0.3417,0.3417
Maldives,Emissions on agricultural land,Emissions (N2O),kilotonnes,0.0007,0.0007,0.0012,0.0011,0.0015,0.0017,0.0037,0.0066,0.0025,0.0041,0.0039,0.0026,0.0076,0.0065,0.0056,0.006,0.0086,0.0088,0.0101,0.0102,0.0066
Maldives,Emissions on agricultural land,Emissions (CO2),kilotonnes,42.8006,45.5768,62.2148,51.7753,68.0172,61.6327,77.7388,76.0477,72.003,72.0304,73.9464,71.9851,80.929,72.5303,82.5426,78.3447,95.4698,89.7781,103.2333,107.708,107.708
Maldives,Emissions on agricultural land,Emissions (CO2eq) from CH4 (AR5),kilotonnes,3.8021,4.0487,5.5259,4.5993,6.0415,5.4745,6.9047,6.7545,6.3954,6.3977,6.5679,6.3937,7.188,6.4424,7.332,6.9594,8.4797,7.9743,9.1692,9.5664,9.5665
Maldives,Emissions on agricultural land,Emissions (CO2eq) from N2O (AR5),kilotonnes,0.1867,0.1987,0.3182,0.2948,0.4042,0.4543,0.9916,1.7406,0.6644,1.0894,1.021,0.6985,2.0214,1.7308,1.4787,1.5891,2.2811,2.3197,2.6858,2.7045,1.7471
Maldives,Emissions on agricultural land,Emissions (CO2eq) (AR5),kilotonnes,46.7893,49.8242,68.059,56.6694,74.4629,67.5615,85.6351,84.5427,79.0628,79.5175,81.5353,79.0773,90.1384,80.7035,91.3533,86.8932,106.2306,100.072,115.0883,119.979,119.0216
Maldives,Pre- and post- production,Emissions (CH4),kilotonnes,1.8667,1.8909,1.921,1.9524,1.982,2.0029,2.0477,2.056,2.0986,2.1328,2.1471,2.1982,2.2352,2.2467,2.3105,2.3528,2.3996,2.4488,2.4946,2.5108,2.5241
Maldives,Pre- and post- production,Emissions (N2O),kilotonnes,0.0094,0.0099,0.0105,0.0095,0.0099,0.0114,0.0107,0.0115,0.012,0.0131,0.015,0.0165,0.0176,0.0188,0.0172,0.0169,0.0171,0.0158,0.0163,0.0166,0.0169
Maldives,Pre- and post- production,Emissions (CO2),kilotonnes,41.4392,34.4245,43.241,42.3691,63.2662,54.1871,67.9599,69.2503,90.9758,105.0177,103.7525,137.4835,155.4068,148.0218,183.0349,162.3265,166.7857,177.3975,184.8795,183.3639,190.2245
Maldives,Pre- and post- production,Emissions (CO2eq) from CH4 (AR5),kilotonnes,52.2665,52.9451,53.7873,54.6682,55.4958,56.0799,57.3347,57.5691,58.7612,59.7182,60.1176,61.5488,62.585,62.9066,64.6932,65.8781,67.1892,68.5669,69.8474,70.3023,70.6747
Maldives,Pre- and post- production,Emissions (CO2eq) from N2O (AR5),kilotonnes,2.4851,2.6216,2.78,2.5293,2.6167,3.0305,2.8375,3.0595,3.1803,3.4742,3.9754,4.3729,4.6737,4.9827,4.5517,4.4834,4.5292,4.184,4.3153,4.3935,4.4832
Maldives,Pre- and post- production,Emissions (CO2eq) (AR5),kilotonnes,96.1908,89.9912,99.8083,99.5666,121.3786,113.2975,128.1321,129.8789,152.9173,168.2101,167.8455,203.4052,222.6655,215.9111,252.2798,232.688,238.5041,250.1484,259.0423,258.0597,265.3824
Maldives,Agri-food systems,Emissions (CH4),kilotonnes,2.0024,2.0355,2.1183,2.1167,2.1978,2.1984,2.2943,2.2973,2.327,2.3613,2.3816,2.4265,2.4919,2.4768,2.5723,2.6013,2.7025,2.7336,2.822,2.8525,2.8658
Maldives,Agri-food systems,Emissions (N2O),kilotonnes,0.0101,0.0106,0.0117,0.0107,0.0114,0.0132,0.0144,0.0181,0.0145,0.0172,0.0189,0.0191,0.0253,0.0253,0.0228,0.0229,0.0257,0.0245,0.0264,0.0268,0.0235
Maldives,Agri-food systems,Emissions (CO2),kilotonnes,84.2398,80.0013,105.4558,94.1444,131.2834,115.8198,145.6987,145.298,162.9787,177.0482,177.6989,209.4686,236.3359,220.5521,265.5775,240.6712,262.2555,267.1755,288.1128,291.072,297.9326
Maldives,Agri-food systems,Emissions (CO2eq) from CH4 (AR5),kilotonnes,56.0685,56.9938,59.3132,59.2675,61.5372,61.5544,64.2394,64.3236,65.1566,66.1158,66.6855,67.9425,69.7729,69.3491,72.0252,72.8375,75.6689,76.5412,79.0166,79.8687,80.2412
Maldives,Agri-food systems,Emissions (CO2eq) from N2O (AR5),kilotonnes,2.6718,2.8204,3.0983,2.8241,3.0209,3.4848,3.8291,4.8001,3.8448,4.5636,4.9964,5.0714,6.6952,6.7135,6.0304,6.0725,6.8104,6.5037,7.0011,7.098,6.2302
Maldives,Agri-food systems,Emissions (CO2eq) (AR5),kilotonnes,142.9801,139.8155,167.8673,156.236,195.8415,180.859,213.7672,214.4216,231.9801,247.7276,249.3808,282.4825,312.804,296.6146,343.6331,319.5812,344.7348,350.2204,374.1306,378.0387,384.404
Maldives,IPCC Agriculture,Emissions (CH4),kilotonnes,0.0001,0.0001,0.0001,0.0001,0.0001,0.0001,0.0001,0.0001,0.0001,0.0001,0.0001,0.0001,0.0001,0.0001,0.0001,0.0001,0.0001,0.0001,0.0001,0.0001,0.0001
Maldives,IPCC Agriculture,Direct emissions (N2O),kilotonnes,0,0,0.0002,0.0002,0.0003,0.0006,0.0019,0.004,0.001,0.0022,0.002,0.0011,0.0048,0.0041,0.0032,0.0036,0.0054,0.0055,0.0064,0.0064,0.0037
Maldives,IPCC Agriculture,Indirect emissions (N2O),kilotonnes,0,0,0.0001,0.0001,0.0001,0.0002,0.0006,0.0013,0.0003,0.0007,0.0007,0.0004,0.0016,0.0013,0.001,0.0012,0.0017,0.0018,0.0021,0.0021,0.0012
Maldives,IPCC Agriculture,Emissions (N2O),kilotonnes,0,0,0.0002,0.0003,0.0004,0.0007,0.0025,0.0054,0.0014,0.003,0.0027,0.0015,0.0063,0.0054,0.0043,0.0048,0.0071,0.0073,0.0085,0.0085,0.0049
Maldives,IPCC Agriculture,Emissions (CO2eq) from CH4 (AR5),kilotonnes,0.0016,0.0017,0.0015,0.0019,0.0019,0.0018,0.0019,0.0018,0.0019,0.0017,0.0018,0.0018,0.0019,0.0021,0.0026,0.0028,0.0025,0.0025,0.0026,0.0025,0.0026
Maldives,IPCC Agriculture,Emissions (CO2eq) from N2O (AR5),kilotonnes,0.0068,0.0072,0.0568,0.0772,0.1184,0.1953,0.665,1.421,0.3619,0.7867,0.7103,0.396,1.6814,1.4261,1.1319,1.2599,1.88,1.9424,2.252,2.252,1.2945
Maldives,IPCC Agriculture,Emissions (CO2eq) (AR5),kilotonnes,0.0084,0.009,0.0583,0.0791,0.1203,0.1971,0.6669,1.4228,0.3638,0.7885,0.7121,0.3979,1.6833,1.4282,1.1345,1.2627,1.8825,1.9449,2.2546,2.2545,1.2971
Maldives,Agricultural Soils,Direct emissions (N2O),kilotonnes,0,0,0.0002,0.0002,0.0003,0.0006,0.0019,0.004,0.001,0.0022,0.002,0.0011,0.0048,0.0041,0.0032,0.0036,0.0054,0.0055,0.0064,0.0064,0.0037
Maldives,Agricultural Soils,Indirect emissions (N2O),kilotonnes,0,0,0.0001,0.0001,0.0001,0.0002,0.0006,0.0013,0.0003,0.0007,0.0007,0.0004,0.0016,0.0013,0.001,0.0012,0.0017,0.0018,0.0021,0.0021,0.0012
Maldives,Agricultural Soils,Emissions (N2O),kilotonnes,0,0,0.0002,0.0003,0.0004,0.0007,0.0025,0.0054,0.0014,0.003,0.0027,0.0015,0.0063,0.0054,0.0043,0.0048,0.0071,0.0073,0.0085,0.0085,0.0049
Maldives,Agricultural Soils,Emissions (CO2eq) from N2O (AR5),kilotonnes,0.0064,0.0068,0.0565,0.0768,0.1179,0.1949,0.6645,1.4206,0.3614,0.7863,0.7098,0.3956,1.6809,1.4256,1.1312,1.2592,1.8794,1.9418,2.2514,2.2513,1.2939
Maldives,Agricultural Soils,Emissions (CO2eq) (AR5),kilotonnes,0.0064,0.0068,0.0565,0.0768,0.1179,0.1949,0.6645,1.4206,0.3614,0.7863,0.7098,0.3956,1.6809,1.4256,1.1312,1.2592,1.8794,1.9418,2.2514,2.2513,1.2939
Maldives,LULUCF,Emissions (CH4),kilotonnes,0,0,0,0,0,0,0,0,0,0,0,0,0,0,0,0,0,0,0,0,0
Maldives,LULUCF,Emissions (N2O),kilotonnes,0,0,0,0,0,0,0,0,0,0,0,0,0,0,0,0,0,0,0,0,0
Maldives,LULUCF,Emissions (CO2),kilotonnes,0,0,0,0,0,0,0,0,0,0,0,0,0,0,0,0,0,0,0,0,0
Maldives,LULUCF,Emissions (CO2eq) from CH4 (AR5),kilotonnes,0,0,0,0,0,0,0,0,0,0,0,0,0,0,0,0,0,0,0,0,0
Maldives,LULUCF,Emissions (CO2eq) from N2O (AR5),kilotonnes,0,0,0,0,0,0,0,0,0,0,0,0,0,0,0,0,0,0,0,0,0
Maldives,LULUCF,Emissions (CO2eq) (AR5),kilotonnes,0,0,0,0,0,0,0,0,0,0,0,0,0,0,0,0,0,0,0,0,0
Maldives,AFOLU,Emissions (CH4),kilotonnes,0.0001,0.0001,0.0001,0.0001,0.0001,0.0001,0.0001,0.0001,0.0001,0.0001,0.0001,0.0001,0.0001,0.0001,0.0001,0.0001,0.0001,0.0001,0.0001,0.0001,0.0001
Maldives,AFOLU,Emissions (N2O),kilotonnes,0,0,0.0002,0.0003,0.0004,0.0007,0.0025,0.0054,0.0014,0.003,0.0027,0.0015,0.0063,0.0054,0.0043,0.0048,0.0071,0.0073,0.0085,0.0085,0.0049
Maldives,AFOLU,Emissions (CO2),kilotonnes,0,0,0,0,0,0,0,0,0,0,0,0,0,0,0,0,0,0,0,0,0
Maldives,AFOLU,Emissions (CO2eq) from CH4 (AR5),kilotonnes,0.0016,0.0017,0.0015,0.0019,0.0019,0.0018,0.0019,0.0018,0.0019,0.0017,0.0018,0.0018,0.0019,0.0021,0.0026,0.0028,0.0025,0.0025,0.0026,0.0025,0.0026
Maldives,AFOLU,Emissions (CO2eq) from N2O (AR5),kilotonnes,0.0068,0.0072,0.0568,0.0772,0.1184,0.1953,0.665,1.421,0.3619,0.7867,0.7103,0.396,1.6814,1.4261,1.1319,1.2599,1.88,1.9424,2.252,2.252,1.2945
Maldives,AFOLU,Emissions (CO2eq) (AR5),kilotonnes,0.0084,0.009,0.0583,0.0791,0.1203,0.1971,0.6669,1.4228,0.3638,0.7885,0.7121,0.3979,1.6833,1.4282,1.1345,1.2627,1.8825,1.9449,2.2546,2.2545,1.2971
Maldives,All sectors with LULUCF,Emissions (CH4),kilotonnes,2.5181,2.6151,2.7821,2.9621,3.1571,3.2661,3.5081,3.6861,3.9191,4.0771,4.2911,4.6501,4.8541,5.0501,5.3331,5.4551,5.6131,5.8101,5.9871,6.2781,6.4911
Maldives,All sectors with LULUCF,Emissions (N2O),kilotonnes,0.0537,0.051,0.0589,0.0551,0.0653,0.063,0.0725,0.0733,0.0751,0.0827,0.0894,0.1272,0.1506,0.1545,0.185,0.1524,0.1554,0.1603,0.1648,0.1909,0.1962
Maldives,All sectors with LULUCF,Emissions (CO2),kilotonnes,454.31,465.05,597.12,509.17,670.66,604.76,763.21,785.21,847.25,888.26,939.25,990.7,1115.23,1095.35,1325.95,1305.9,1446.64,1507.44,1547.88,1607.43,1667.71
Maldives,All sectors with LULUCF,Emissions (CO2eq) from CH4 (AR5),kilotonnes,70.5056,73.2217,77.8975,82.9379,88.3979,91.4498,98.2259,103.2098,109.7339,114.1577,120.1498,130.2018,135.9139,141.4021,149.3266,152.7428,157.1665,162.6825,167.6386,175.7865,181.7506
Maldives,All sectors with LULUCF,Emissions (CO2eq) from N2O (AR5),kilotonnes,14.2385,13.5213,15.6146,14.5995,17.3125,16.7011,19.2146,19.4254,19.8934,21.9091,23.6884,33.71,39.8986,40.9429,49.0235,40.3808,41.1872,42.4691,43.6805,50.5978,51.9996
Maldives,All sectors with LULUCF,Emissions (CO2eq) (AR5),kilotonnes,539.0541,551.793,690.6321,606.7074,776.3704,712.911,880.6505,907.8452,976.8773,1024.3268,1083.0883,1154.6118,1291.0425,1277.695,1524.3001,1499.0236,1644.9936,1712.5916,1759.1991,1833.8143,1901.4602
Maldives,All sectors without LULUCF,Emissions (CH4),kilotonnes,2.5181,2.6151,2.7821,2.9621,3.1571,3.2661,3.5081,3.6861,3.9191,4.0771,4.2911,4.6501,4.8541,5.0501,5.3331,5.4551,5.6131,5.8101,5.9871,6.2781,6.4911
Maldives,All sectors without LULUCF,Emissions (N2O),kilotonnes,0.0537,0.051,0.0589,0.0551,0.0653,0.063,0.0725,0.0733,0.0751,0.0827,0.0894,0.1272,0.1506,0.1545,0.185,0.1524,0.1554,0.1603,0.1648,0.1909,0.1962
Maldives,All sectors without LULUCF,Emissions (CO2),kilotonnes,454.31,465.05,597.12,509.17,670.66,604.76,763.21,785.21,847.25,888.26,939.25,990.7,1115.23,1095.35,1325.95,1305.9,1446.64,1507.44,1547.88,1607.43,1667.71
Maldives,All sectors without LULUCF,Emissions (CO2eq) from CH4 (AR5),kilotonnes,70.5056,73.2217,77.8975,82.9379,88.3979,91.4498,98.2259,103.2098,109.7339,114.1577,120.1498,130.2018,135.9139,141.4021,149.3266,152.7428,157.1665,162.6825,167.6386,175.7865,181.7506
Maldives,All sectors without LULUCF,Emissions (CO2eq) from N2O (AR5),kilotonnes,14.2385,13.5213,15.6146,14.5995,17.3125,16.7011,19.2146,19.4254,19.8934,21.9091,23.6884,33.71,39.8986,40.9429,49.0235,40.3808,41.1872,42.4691,43.6805,50.5978,51.9996
Maldives,All sectors without LULUCF,Emissions (CO2eq) (AR5),kilotonnes,539.0541,551.793,690.6321,606.7074,776.3704,712.911,880.6505,907.8452,976.8773,1024.3268,1083.0883,1154.6118,1291.0425,1277.695,1524.3001,1499.0236,1644.9936,1712.5916,1759.1991,1833.8143,1901.4602
Mali,Crop Residues,Direct emissions (N2O),kilotonnes,0.5555,0.6379,0.6416,0.7754,0.6107,0.7591,0.818,0.8674,0.9983,1.1471,1.1378,1.3024,1.3309,1.4209,1.4141,1.628,1.7723,1.7987,1.963,2.0037,2.0231
Mali,Crop Residues,Indirect emissions (N2O),kilotonnes,0.125,0.1435,0.1444,0.1745,0.1374,0.1708,0.184,0.1952,0.2246,0.2581,0.256,0.293,0.2995,0.3197,0.3182,0.3663,0.3988,0.4047,0.4417,0.4508,0.4552
Mali,Crop Residues,Emissions (N2O),kilotonnes,0.6805,0.7814,0.7859,0.9498,0.7482,0.9299,1.002,1.0626,1.2229,1.4052,1.3938,1.5955,1.6304,1.7406,1.7323,1.9943,2.1711,2.2034,2.4047,2.4545,2.4783
Mali,Crop Residues,Emissions (CO2eq) from N2O (AR5),kilotonnes,180.3239,207.0756,208.2672,251.7006,198.2602,246.4234,265.5344,281.5906,324.0803,372.3845,369.3634,422.8031,432.0583,461.2668,459.0593,528.4934,575.3458,583.8936,637.2426,650.4398,656.762
Mali,Crop Residues,Emissions (CO2eq) (AR5),kilotonnes,180.3239,207.0756,208.2672,251.7006,198.2602,246.4234,265.5344,281.5906,324.0803,372.3845,369.3634,422.8031,432.0583,461.2668,459.0593,528.4934,575.3458,583.8936,637.2426,650.4398,656.762
Mali,Rice Cultivation,Emissions (CH4),kilotonnes,24.6917,32.7767,24.9628,28.3949,22.044,28.9816,28.5946,27.4308,33.7786,36.8749,43.1155,40.3522,42.147,46.1315,47.8929,53.3498,58.425,53.7512,67.8663,64.7251,62.8642
Mali,Rice Cultivation,Emissions (CO2eq) from CH4 (AR5),kilotonnes,691.3684,917.7484,698.9576,795.0564,617.2334,811.4851,800.6482,768.0632,945.8019,1032.4966,1207.2346,1129.8616,1180.116,1291.6831,1341.0006,1493.7944,1635.9003,1505.033,1900.2572,1812.3022,1760.1976
Mali,Rice Cultivation,Emissions (CO2eq) (AR5),kilotonnes,691.3684,917.7484,698.9576,795.0564,617.2334,811.4851,800.6482,768.0632,945.8019,1032.4966,1207.2346,1129.8616,1180.116,1291.6831,1341.0006,1493.7944,1635.9003,1505.033,1900.2572,1812.3022,1760.1976
Mali,Burning - Crop residues,Emissions (CH4),kilotonnes,0.9684,1.4104,1.3997,1.468,1.1605,1.7724,1.7324,1.701,1.6823,1.9924,2.2894,3.3724,2.4825,2.6974,3.204,3.5794,4.0378,4.4828,4.8553,5.253,4.5091
Mali,Burning - Crop residues,Emissions (CH4),kilotonnes,1.75,,,,,,,,,,4.06,,,,,,,,,,
Mali,Burning - Crop residues,Emissions (N2O),kilotonnes,0.0251,0.0366,0.0363,0.0381,0.0301,0.0459,0.0449,0.0441,0.0436,0.0517,0.0594,0.0874,0.0644,0.0699,0.0831,0.0928,0.1047,0.1162,0.1259,0.1362,0.1169
Mali,Burning - Crop residues,Emissions (N2O),kilotonnes,0.01,,,,,,,,,,,,,,,,,,,,
Mali,Burning - Crop residues,Emissions (CO2eq) from CH4 (AR5),kilotonnes,27.1153,39.4901,39.1919,41.1045,32.4952,49.626,48.5069,47.628,47.1044,55.7878,64.1024,94.4263,69.5112,75.5259,89.7132,100.2237,113.0594,125.5194,135.9497,147.0851,126.2561
Mali,Burning - Crop residues,Emissions (CO2eq) from CH4 (AR5),kilotonnes,49,,,,,,,,,,113.68,,,,,,,,,,
Mali,Burning - Crop residues,Emissions (CO2eq) from N2O (AR5),kilotonnes,6.6533,9.6897,9.6165,10.0858,7.9734,12.1767,11.9021,11.6865,11.558,13.6887,15.7288,23.1694,17.056,18.5318,22.013,24.5919,27.7414,30.7987,33.358,36.0903,30.9795
Mali,Burning - Crop residues,Emissions (CO2eq) from N2O (AR5),kilotonnes,2.65,,,,,,,,,,,,,,,,,,,,
Mali,Burning - Crop residues,Emissions (CO2eq) (AR5),kilotonnes,33.7687,49.1797,48.8084,51.1903,40.4686,61.8027,60.409,59.3145,58.6624,69.4765,79.8313,117.5958,86.5671,94.0577,111.7261,124.8157,140.8008,156.3181,169.3077,183.1754,157.2356
Mali,Burning - Crop residues,Emissions (CO2eq) (AR5),kilotonnes,51.65,,,,,,,,,,113.68,,,,,,,,,,
Mali,Enteric Fermentation,Emissions (CH4),kilotonnes,308.2635,318.7061,352.1376,370.4758,391.9274,408.6279,407.4615,438.6546,456.3826,473.7261,495.7761,512.7825,538.2742,542.9961,563.2912,582.8547,622.9265,664.4736,687.7889,711.4709,737.1308
Mali,Enteric Fermentation,Emissions (CH4),kilotonnes,246.7205,,,,,,,,,,,,,,,,,,,,
Mali,Enteric Fermentation,Emissions (CO2eq) from CH4 (AR5),kilotonnes,8631.3787,8923.7705,9859.852,10373.3235,10973.9682,11441.5818,11408.922,12282.3284,12778.7115,13264.3318,13881.7315,14357.9096,15071.6765,15203.8906,15772.1526,16319.9304,17441.9426,18605.2611,19258.0888,19921.1858,20639.6622
Mali,Enteric Fermentation,Emissions (CO2eq) from CH4 (AR5),kilotonnes,6908.174,,,,,,,,,,,,,,,,,,,,
Mali,Enteric Fermentation,Emissions (CO2eq) (AR5),kilotonnes,8631.3787,8923.7705,9859.852,10373.3235,10973.9682,11441.5818,11408.922,12282.3284,12778.7115,13264.3318,13881.7315,14357.9096,15071.6765,15203.8906,15772.1526,16319.9304,17441.9426,18605.2611,19258.0888,19921.1858,20639.6622
Mali,Enteric Fermentation,Emissions (CO2eq) (AR5),kilotonnes,6908.174,,,,,,,,,,,,,,,,,,,,
Mali,Manure Management,Emissions (CH4),kilotonnes,12.4646,12.9513,14.0487,14.7129,15.5472,16.1587,16.0002,17.012,17.861,18.5092,19.8986,20.543,21.1784,21.9072,22.6618,23.409,25.094,26.8528,27.7928,28.7693,29.7841
Mali,Manure Management,Emissions (CH4),kilotonnes,10.7503,,,,,,,,,,524.39,,,,,,,,,,
Mali,Manure Management,Emissions (N2O),kilotonnes,0.1765,0.1791,0.1999,0.2096,0.2197,0.2281,0.2313,0.248,0.258,0.2668,0.2716,0.2794,0.2947,0.2904,0.3016,0.3107,0.3342,0.3501,0.3621,0.374,0.388
Mali,Manure Management,Emissions (N2O),kilotonnes,,,,,,,,,,,1.23,,,,,,,,,,
Mali,Manure Management,Emissions (CO2eq) from CH4 (AR5),kilotonnes,349.0083,362.6353,393.3645,411.96,435.3202,452.4446,448.0053,476.3363,500.108,518.258,557.1601,575.2026,592.9954,613.4012,634.5311,655.452,702.632,751.8791,778.197,805.5401,833.9555
Mali,Manure Management,Emissions (CO2eq) from CH4 (AR5),kilotonnes,301.0084,,,,,,,,,,14682.92,,,,,,,,,,
Mali,Manure Management,Emissions (CO2eq) from N2O (AR5),kilotonnes,46.7779,47.4552,52.9684,55.5382,58.215,60.4463,61.2928,65.7324,68.3766,70.6939,71.9642,74.0524,78.1024,76.9566,79.9147,82.3387,88.5526,92.7647,95.9653,99.1092,102.8135
Mali,Manure Management,Emissions (CO2eq) from N2O (AR5),kilotonnes,,,,,,,,,,,325.95,,,,,,,,,,
Mali,Manure Management,Emissions (CO2eq) (AR5),kilotonnes,395.7862,410.0905,446.3329,467.4983,493.5352,512.8909,509.2981,542.0687,568.4846,588.9519,629.1243,649.255,671.0978,690.3579,714.4458,737.7907,791.1846,844.6438,874.1623,904.6493,936.769
Mali,Manure Management,Emissions (CO2eq) (AR5),kilotonnes,301.0084,,,,,,,,,,15008.87,,,,,,,,,,
Mali,Manure left on Pasture,Direct emissions (N2O),kilotonnes,11.887,12.2488,13.3896,13.999,14.7474,15.2451,15.373,16.4661,17.0855,17.7367,18.7112,19.3656,20.2494,20.594,21.3818,22.1429,23.7842,25.2329,26.1624,27.1116,28.1381
Mali,Manure left on Pasture,Indirect emissions (N2O),kilotonnes,3.4008,3.509,3.7949,3.9771,4.2206,4.3579,4.3768,4.7124,4.8989,5.0983,5.4375,5.6427,5.8998,6.0457,6.2893,6.5308,7.0493,7.5385,7.8359,8.1423,8.4702
Mali,Manure left on Pasture,Emissions (N2O),kilotonnes,15.2878,15.7578,17.1845,17.9761,18.968,19.603,19.7498,21.1785,21.9844,22.8351,24.1487,25.0084,26.1492,26.6398,27.671,28.6737,30.8335,32.7714,33.9982,35.2539,36.6083
Mali,Manure left on Pasture,Emissions (CO2eq) from N2O (AR5),kilotonnes,4051.2799,4175.8104,4553.8828,4763.6739,5026.5327,5194.8079,5233.6867,5612.3136,5825.8756,6051.2957,6399.4131,6627.213,6929.5388,7059.5427,7332.8263,7598.5214,8170.8666,8684.4166,9009.5316,9342.2718,9701.1928
Mali,Manure left on Pasture,Emissions (CO2eq) (AR5),kilotonnes,4051.2799,4175.8104,4553.8828,4763.6739,5026.5327,5194.8079,5233.6867,5612.3136,5825.8756,6051.2957,6399.4131,6627.213,6929.5388,7059.5427,7332.8263,7598.5214,8170.8666,8684.4166,9009.5316,9342.2718,9701.1928
Mali,Manure applied to Soils,Direct emissions (N2O),kilotonnes,0.2445,0.25,0.2756,0.3016,0.3277,0.3478,0.3593,0.3998,0.4178,0.4359,0.4101,0.4228,0.4715,0.4228,0.4453,0.4598,0.4942,0.5206,0.5402,0.5579,0.5825
Mali,Manure applied to Soils,Indirect emissions (N2O),kilotonnes,0.1039,0.1063,0.1171,0.1282,0.1393,0.1478,0.1527,0.1699,0.1775,0.1853,0.1743,0.1797,0.2004,0.1797,0.1892,0.1954,0.21,0.2212,0.2296,0.2371,0.2476
Mali,Manure applied to Soils,Emissions (N2O),kilotonnes,0.3484,0.3563,0.3928,0.4297,0.467,0.4956,0.512,0.5697,0.5953,0.6212,0.5845,0.6025,0.6719,0.6024,0.6345,0.6552,0.7042,0.7418,0.7698,0.795,0.83
Mali,Manure applied to Soils,Emissions (CO2eq) from N2O (AR5),kilotonnes,92.3173,94.4245,104.0895,113.8828,123.7526,131.3209,135.6723,150.9834,157.756,164.6106,154.8813,159.6643,178.0471,159.6462,168.1519,173.6208,186.6233,196.5779,203.9958,210.6677,219.9628
Mali,Manure applied to Soils,Emissions (CO2eq) (AR5),kilotonnes,92.3173,94.4245,104.0895,113.8828,123.7526,131.3209,135.6723,150.9834,157.756,164.6106,154.8813,159.6643,178.0471,159.6462,168.1519,173.6208,186.6233,196.5779,203.9958,210.6677,219.9628
Mali,Synthetic Fertilizers,Direct emissions (N2O),kilotonnes,0.1997,0.22,0.8288,0.7015,0.7318,0.7928,0.9797,0.5795,1.0226,1.0429,1.0632,0.8776,0.93,1.1714,1.4127,1.6541,1.8955,1.6184,1.6184,1.6175,2.4707
Mali,Synthetic Fertilizers,Indirect emissions (N2O),kilotonnes,0.0649,0.0715,0.2694,0.228,0.2378,0.2577,0.3184,0.1883,0.3324,0.3389,0.3455,0.2852,0.3023,0.3807,0.4591,0.5376,0.616,0.526,0.526,0.5257,0.803
Mali,Synthetic Fertilizers,Emissions (N2O),kilotonnes,0.2646,0.2915,1.0982,0.9295,0.9697,1.0504,1.2981,0.7679,1.355,1.3819,1.4087,1.1628,1.2323,1.5521,1.8719,2.1917,2.5115,2.1444,2.1444,2.1432,3.2737
Mali,Synthetic Fertilizers,Emissions (CO2eq) from N2O (AR5),kilotonnes,70.1242,77.2475,291.0226,246.3245,256.9613,278.3685,343.9869,203.4879,359.0734,366.1934,373.3135,308.1532,326.5591,411.3054,496.0516,580.7979,665.5441,568.269,568.269,567.9585,867.5289
Mali,Synthetic Fertilizers,Emissions (CO2eq) (AR5),kilotonnes,70.1242,77.2475,291.0226,246.3245,256.9613,278.3685,343.9869,203.4879,359.0734,366.1934,373.3135,308.1532,326.5591,411.3054,496.0516,580.7979,665.5441,568.269,568.269,567.9585,867.5289
Mali,Drained organic soils,Emissions (CO2eq) (AR5),kilotonnes,0,0,0,0,0,0,0,0,0,0,0,0,0,0,0,0,0,0,0,0,0
Mali,Drained organic soils (CO2),Emissions (CO2),kilotonnes,0,0,0,0,0,0,0,0,0,0,0,0,0,0,0,0,0,0,0,0,0
Mali,Drained organic soils (CO2),Emissions (CO2eq) (AR5),kilotonnes,0,0,0,0,0,0,0,0,0,0,0,0,0,0,0,0,0,0,0,0,0
Mali,Drained organic soils (N2O),Emissions (N2O),kilotonnes,0,0,0,0,0,0,0,0,0,0,0,0,0,0,0,0,0,0,0,0,0
Mali,Drained organic soils (N2O),Emissions (CO2eq) from N2O (AR5),kilotonnes,0,0,0,0,0,0,0,0,0,0,0,0,0,0,0,0,0,0,0,0,0
Mali,Drained organic soils (N2O),Emissions (CO2eq) (AR5),kilotonnes,0,0,0,0,0,0,0,0,0,0,0,0,0,0,0,0,0,0,0,0,0
Mali,On-farm energy use,Emissions (CH4),kilotonnes,0.1037,0.1081,0.1052,0.1069,0.1214,0.1249,0.1275,0.1465,0.1556,0.168,0.18,0.2008,0.2242,0.3667,0.6617,0.5922,0.6373,0.6726,0.7319,0.7459,0.7459
Mali,On-farm energy use,Emissions (N2O),kilotonnes,0.0005,0.0005,0.0005,0.0005,0.0006,0.0006,0.0006,0.0007,0.0008,0.0008,0.0009,0.001,0.0011,0.0018,0.0033,0.003,0.0032,0.0034,0.0037,0.0037,0.0037
Mali,On-farm energy use,Emissions (CO2),kilotonnes,32.714,34.0989,33.1724,33.7185,38.2665,39.3718,40.2071,46.1865,49.0509,52.9755,56.7456,63.3243,70.7063,115.6294,208.6637,186.7305,200.9504,212.1044,230.7934,235.2193,235.2193
Mali,On-farm energy use,Emissions (CO2eq) from CH4 (AR5),kilotonnes,2.9048,3.0278,2.9455,2.994,3.3979,3.496,3.5702,4.1011,4.3555,4.704,5.0387,5.6229,6.2784,10.2673,18.5283,16.5807,17.8434,18.8338,20.4933,20.8863,20.8863
Mali,On-farm energy use,Emissions (CO2eq) from N2O (AR5),kilotonnes,0.1375,0.1433,0.1394,0.1417,0.1608,0.1654,0.1689,0.1941,0.2061,0.2226,0.2384,0.2661,0.2971,0.4859,0.8768,0.7846,0.8444,0.8912,0.9698,0.9884,0.9884
Mali,On-farm energy use,Emissions (CO2eq) (AR5),kilotonnes,35.7563,37.27,36.2573,36.8542,41.8252,43.0333,43.9462,50.4817,53.6125,57.9021,62.0228,69.2132,77.2818,126.3826,228.0688,204.0958,219.6381,231.8294,252.2565,257.094,257.094
Mali,Forestland,Emissions (CO2),kilotonnes,-499.5833,-4746.0417,-4746.0417,-4746.0417,-4746.0417,-4746.0417,-4746.0417,-4746.0417,-4746.0417,-4746.0417,-4746.0417,-679.4333,-679.4333,-679.4333,-679.4333,-679.4333,-79.9333,-79.9333,-79.9333,-79.9333,-79.9333
Mali,Forestland,Emissions (CO2eq) (AR5),kilotonnes,-499.5833,-4746.0417,-4746.0417,-4746.0417,-4746.0417,-4746.0417,-4746.0417,-4746.0417,-4746.0417,-4746.0417,-4746.0417,-679.4333,-679.4333,-679.4333,-679.4333,-679.4333,-79.9333,-79.9333,-79.9333,-79.9333,-79.9333
Mali,Net Forest conversion,Emissions (CO2),kilotonnes,499.5833,4746.0417,4746.0417,4746.0417,4746.0417,4746.0417,4746.0417,4746.0417,4746.0417,4746.0417,4746.0417,679.4333,679.4333,679.4333,679.4333,679.4333,79.9333,79.9333,79.9333,79.9333,79.9333
Mali,Net Forest conversion,Emissions (CO2eq) (AR5),kilotonnes,499.5833,4746.0417,4746.0417,4746.0417,4746.0417,4746.0417,4746.0417,4746.0417,4746.0417,4746.0417,4746.0417,679.4333,679.4333,679.4333,679.4333,679.4333,79.9333,79.9333,79.9333,79.9333,79.9333
Mali,Savanna fires,Emissions (CH4),kilotonnes,108.5242,84.6632,66.7493,64.9972,93.9278,90.2399,88.8567,81.6366,86.9549,65.8199,71.8944,68.0426,61.7616,67.6317,61.7238,59.0319,82.6049,60.96,51.3461,57.1397,69.6544
Mali,Savanna fires,Emissions (N2O),kilotonnes,9.9087,7.7301,6.0945,5.9345,8.576,8.2393,8.113,7.4538,7.9394,6.0096,6.5643,6.2126,5.6391,6.1751,5.6356,5.3899,7.5422,5.5659,4.6881,5.2171,6.3597
Mali,Savanna fires,Emissions (CO2eq) from CH4 (AR5),kilotonnes,3038.678,2370.5686,1868.9793,1819.9225,2629.9773,2526.7176,2487.9867,2285.824,2434.7368,1842.9576,2013.0434,1905.1918,1729.3242,1893.6878,1728.2656,1652.8936,2312.9385,1706.8793,1437.6905,1599.912,1950.3228
Mali,Savanna fires,Emissions (CO2eq) from N2O (AR5),kilotonnes,2625.814,2048.4805,1615.0419,1572.6504,2272.6434,2183.4136,2149.9451,1975.2501,2103.9301,1592.5557,1739.532,1646.3342,1494.3617,1636.3933,1493.4469,1428.3157,1998.6806,1474.9663,1242.3521,1382.5326,1685.3333
Mali,Savanna fires,Emissions (CO2eq) (AR5),kilotonnes,5664.492,4419.0491,3484.0211,3392.5729,4902.6207,4710.1313,4637.9318,4261.0741,4538.6669,3435.5133,3752.5754,3551.5261,3223.6858,3530.0811,3221.7124,3081.2092,4311.6191,3181.8456,2680.0426,2982.4446,3635.656
Mali,Fires in organic soils,Emissions (CH4),kilotonnes,0,0,0,0,0,0,0,0,0,0,0,0,0,0,0,0,0,0,0,0,0
Mali,Fires in organic soils,Emissions (CO2),kilotonnes,0,0,0,0,0,0,0,0,0,0,0,0,0,0,0,0,0,0,0,0,0
Mali,Fires in organic soils,Emissions (CO2eq) from CH4 (AR5),kilotonnes,0,0,0,0,0,0,0,0,0,0,0,0,0,0,0,0,0,0,0,0,0
Mali,Fires in organic soils,Emissions (CO2eq) (AR5),kilotonnes,0,0,0,0,0,0,0,0,0,0,0,0,0,0,0,0,0,0,0,0,0
Mali,Forest fires,Emissions (CH4),kilotonnes,73.4428,0.0133,0.008,0.0186,0.016,0.0266,0.0319,0.0372,0.016,0.0053,0.0293,0.0106,0.0266,0.0027,0.0133,0.0053,0.0346,0.0186,0.0053,0.0133,0.0372
Mali,Forest fires,Emissions (N2O),kilotonnes,2.1601,0.0012,0.0007,0.0017,0.0015,0.0024,0.0029,0.0034,0.0015,0.0005,0.0027,0.001,0.0024,0.0002,0.0012,0.0005,0.0032,0.0017,0.0005,0.0012,0.0034
Mali,Forest fires,Emissions (CO2eq) from CH4 (AR5),kilotonnes,2056.3982,0.3724,0.2235,0.5214,0.4469,0.7449,0.8938,1.0428,0.4469,0.149,0.8194,0.298,0.7449,0.0745,0.3724,0.149,0.9683,0.5214,0.149,0.3724,1.0428
Mali,Forest fires,Emissions (CO2eq) from N2O (AR5),kilotonnes,572.4217,0.3218,0.1931,0.4506,0.3862,0.6437,0.7724,0.9011,0.3862,0.1288,0.708,0.2575,0.6437,0.0644,0.3218,0.1287,0.8368,0.4506,0.1287,0.3218,0.9011
Mali,Forest fires,Emissions (CO2eq) (AR5),kilotonnes,2628.8199,0.6943,0.4166,0.972,0.8331,1.3885,1.6662,1.944,0.8331,0.2777,1.5274,0.5554,1.3886,0.1389,0.6943,0.2777,1.8051,0.972,0.2777,0.6943,1.9439
Mali,Fires in humid tropical forests,Emissions (CH4),kilotonnes,36.6115,0.0133,0.008,0.0186,0.016,0.0266,0.0319,0.0372,0.016,0.0053,0.0293,0.0106,0.0266,0.0027,0.0133,0.0053,0.0346,0.0186,0.0053,0.0133,0.0372
Mali,Fires in humid tropical forests,Emissions (N2O),kilotonnes,1.0768,0.0012,0.0007,0.0017,0.0015,0.0024,0.0029,0.0034,0.0015,0.0005,0.0027,0.001,0.0024,0.0002,0.0012,0.0005,0.0032,0.0017,0.0005,0.0012,0.0034
Mali,Fires in humid tropical forests,Emissions (CO2eq) from CH4 (AR5),kilotonnes,1025.1223,0.3724,0.2235,0.5214,0.4469,0.7449,0.8938,1.0428,0.4469,0.149,0.8194,0.298,0.7449,0.0745,0.3724,0.149,0.9683,0.5214,0.149,0.3724,1.0428
Mali,Fires in humid tropical forests,Emissions (CO2eq) from N2O (AR5),kilotonnes,285.3544,0.3218,0.1931,0.4506,0.3862,0.6437,0.7724,0.9011,0.3862,0.1288,0.708,0.2575,0.6437,0.0644,0.3218,0.1287,0.8368,0.4506,0.1287,0.3218,0.9011
Mali,Fires in humid tropical forests,Emissions (CO2eq) (AR5),kilotonnes,1310.4766,0.6943,0.4166,0.972,0.8331,1.3885,1.6662,1.944,0.8331,0.2777,1.5274,0.5554,1.3886,0.1389,0.6943,0.2777,1.8051,0.972,0.2777,0.6943,1.9439
Mali,Waste - agri-food systems,Emissions (CH4),kilotonnes,30.9451,31.7136,32.4763,33.2629,34.0522,34.8675,35.6616,36.4327,37.3186,38.1927,38.9763,39.7788,40.5952,41.3347,41.6045,42.2576,43.1404,43.9434,44.7828,45.4181,46.0595
Mali,Waste - agri-food systems,Emissions (N2O),kilotonnes,0.2571,0.2664,0.2763,0.2946,0.3064,0.3253,0.3381,0.3616,0.3795,0.4055,0.4255,0.444,0.4483,0.4856,0.4791,0.4835,0.514,0.5402,0.557,0.5723,0.5881
Mali,Waste - agri-food systems,Emissions (CO2),kilotonnes,0,0,0,0,0,0,0,0,0,0,0,0,0,0,0,0,0,0,0,0,0
Mali,Waste - agri-food systems,Emissions (CO2eq) from CH4 (AR5),kilotonnes,866.4641,887.9811,909.3373,931.3601,953.4622,976.2908,998.5244,1020.115,1044.9216,1069.3958,1091.3376,1113.8069,1136.6654,1157.3727,1164.9267,1183.2139,1207.9305,1230.4166,1253.9191,1271.7068,1289.6649
Mali,Waste - agri-food systems,Emissions (CO2eq) from N2O (AR5),kilotonnes,68.1222,70.5838,73.2141,78.0672,81.208,86.1927,89.586,95.836,100.5797,107.4637,112.7669,117.6498,118.8054,128.6938,126.9643,128.1157,136.208,143.1655,147.5924,151.6679,155.8383
Mali,Waste - agri-food systems,Emissions (CO2eq) (AR5),kilotonnes,934.5863,958.5649,982.5514,1009.4272,1034.6702,1062.4835,1088.1104,1115.951,1145.5013,1176.8595,1204.1045,1231.4567,1255.4708,1286.0665,1291.891,1311.3296,1344.1385,1373.5821,1401.5115,1423.3747,1445.5032
Mali,On-farm electricity use,Emissions (CH4),kilotonnes,0,0,0,0,0,0,0,0,0,0,0,0,0,0,0,0,0,0,0,0,0
Mali,On-farm electricity use,Emissions (N2O),kilotonnes,0,0,0,0,0,0,0,0,0,0,0,0,0,0,0,0,0,0,0,0,0
Mali,On-farm electricity use,Emissions (CO2),kilotonnes,0,0,0,0,0,0,0,0,0,0,0,0,0,0,0,0,0,0,0,0,0
Mali,On-farm electricity use,Emissions (CO2eq) from CH4 (AR5),kilotonnes,0,0,0,0,0,0,0,0,0,0,0,0,0,0,0,0,0,0,0,0,0
Mali,On-farm electricity use,Emissions (CO2eq) from N2O (AR5),kilotonnes,0,0,0,0,0,0,0,0,0,0,0,0,0,0,0,0,0,0,0,0,0
Mali,On-farm electricity use,Emissions (CO2eq) (AR5),kilotonnes,0,0,0,0,0,0,0,0,0,0,0,0,0,0,0,0,0,0,0,0,0
Mali,Food Processing,Emissions (CH4),kilotonnes,0,0,0,0,0,0,0,0,0,0,0,0,0,0,0,0,0,0,0,0,0
Mali,Food Processing,Emissions (N2O),kilotonnes,0,0,0,0,0,0,0,0,0,0,0,0,0,0,0,0,0,0,0,0,0
Mali,Food Processing,Emissions (CO2),kilotonnes,0,0,0,0,0.4477,0.2985,0.2985,0.2985,0.2985,0.2985,0.2985,0.2985,0.2985,0,0,0,0,0,0,0,0
Mali,Food Processing,Emissions (CO2eq) from CH4 (AR5),kilotonnes,0,0,0,0,0,0,0,0,0,0,0,0,0,0,0,0,0,0,0,0,0
Mali,Food Processing,Emissions (CO2eq) from N2O (AR5),kilotonnes,0,0,0,0,0,0,0,0,0,0,0,0,0,0,0,0,0,0,0,0,0
Mali,Food Processing,Emissions (CO2eq) (AR5),kilotonnes,0,0,0,0,0.4477,0.2985,0.2985,0.2985,0.2985,0.2985,0.2985,0.2985,0.2985,0,0,0,0,0,0,0,0
Mali,Food Packaging,Emissions (CH4),kilotonnes,0.0015,0.0013,0.0016,0.0018,0.0016,0.0018,0.0011,0.0009,0.0006,0.0005,0.0007,0.0007,0.0008,0.0013,0.0013,0.0019,0.0032,0.0037,0.0113,0.0035,0.0036
Mali,Food Packaging,Emissions (N2O),kilotonnes,0,0,0,0,0,0,0,0,0,0,0,0,0,0,0,0,0,0,0.0001,0,0
Mali,Food Packaging,Emissions (CO2),kilotonnes,0.6519,0.5711,0.6137,0.5357,0.5199,0.6181,0.6419,0.6317,0.5668,0.737,0.5121,0.565,0.7514,0.984,0.9516,1.0495,1.1808,1.2553,2.6977,1.3765,1.3928
Mali,Food Packaging,Emissions (CO2eq) from CH4 (AR5),kilotonnes,0.042,0.0364,0.0448,0.0504,0.0448,0.0504,0.0308,0.0252,0.0168,0.014,0.0196,0.0196,0.0224,0.0364,0.0364,0.0532,0.0896,0.1036,0.3164,0.098,0.1011
Mali,Food Packaging,Emissions (CO2eq) from N2O (AR5),kilotonnes,0,0,0,0,0,0,0,0,0,0,0,0,0,0,0,0,0,0,0.0265,0,0
Mali,Food Packaging,Emissions (CO2eq) (AR5),kilotonnes,0.6939,0.6075,0.6585,0.5861,0.5647,0.6685,0.6727,0.6569,0.5836,0.751,0.5317,0.5846,0.7738,1.0204,0.988,1.1027,1.2704,1.3589,3.0406,1.4745,1.4939
Mali,Food Retail,Emissions (CH4),kilotonnes,0.0302,0.037,0.0403,0.0412,0.0454,0.047,0.0496,0.0541,0.0465,0.0492,0.0541,0.0491,0.0437,0.047,0.058,0.0655,0.0706,0.0941,0.1025,0.076,0.0784
Mali,Food Retail,Emissions (N2O),kilotonnes,0.0002,0.0002,0.0003,0.0003,0.0003,0.0003,0.0003,0.0004,0.0003,0.0003,0.0003,0.0003,0.0002,0.0002,0.0002,0.0003,0.0003,0.0004,0.0004,0.0004,0.0004
Mali,Food Retail,Emissions (CO2),kilotonnes,10.5476,13.1312,14.5306,14.1008,16.2597,18.5615,19.5684,20.248,17.6915,19.0002,21.2089,18.0993,16.2447,17.6587,21.7386,24.5632,26.4462,35.2756,38.414,29.1969,29.5435
Mali,Food Retail,Emissions (CO2eq) from CH4 (AR5),kilotonnes,0.8456,1.036,1.1284,1.1536,1.2712,1.316,1.3888,1.5148,1.302,1.3776,1.5148,1.3748,1.2236,1.316,1.624,1.834,1.9768,2.6348,2.87,2.128,2.1943
Mali,Food Retail,Emissions (CO2eq) from N2O (AR5),kilotonnes,0.053,0.053,0.0795,0.0795,0.0795,0.0795,0.0795,0.106,0.0795,0.0795,0.0795,0.0795,0.053,0.053,0.053,0.0795,0.0795,0.106,0.106,0.106,0.1082
Mali,Food Retail,Emissions (CO2eq) (AR5),kilotonnes,11.4462,14.2202,15.7385,15.3339,17.6104,19.957,21.0367,21.8688,19.073,20.4573,22.8032,19.5536,17.5213,19.0277,23.4156,26.4767,28.5025,38.0164,41.39,31.4309,31.846
Mali,Food Household Consumption,Emissions (CH4),kilotonnes,0.1123,0.1385,0.1386,0.1438,0.1725,0.1915,0.1986,0.2304,0.2527,0.2703,0.322,0.3602,0.3532,0.3665,0.405,0.4433,0.4755,0.5394,0.5906,0.5906,0.609
Mali,Food Household Consumption,Emissions (N2O),kilotonnes,0.0009,0.001,0.0011,0.0011,0.0013,0.0014,0.0014,0.0017,0.0016,0.0018,0.002,0.0022,0.0021,0.0018,0.0019,0.0021,0.0023,0.0026,0.0028,0.0028,0.0029
Mali,Food Household Consumption,Emissions (CO2),kilotonnes,65.9925,77.5346,78.3089,79.2334,91.9447,109.6792,100.7966,109.7954,112.6829,124.4976,149.0601,161.1555,170.3959,173.9972,191.2274,207.2465,223.3145,250.5781,273.5674,273.5674,276.8145
Mali,Food Household Consumption,Emissions (CO2eq) from CH4 (AR5),kilotonnes,3.1444,3.878,3.8808,4.0264,4.83,5.362,5.5608,6.4512,7.0756,7.5684,9.016,10.0856,9.8896,10.262,11.34,12.4124,13.314,15.1032,16.5368,16.5368,17.0522
Mali,Food Household Consumption,Emissions (CO2eq) from N2O (AR5),kilotonnes,0.2385,0.265,0.2915,0.2915,0.3445,0.371,0.371,0.4505,0.424,0.477,0.53,0.583,0.5565,0.477,0.5035,0.5565,0.6095,0.689,0.742,0.742,0.7574
Mali,Food Household Consumption,Emissions (CO2eq) (AR5),kilotonnes,69.3754,81.6776,82.4812,83.5513,97.1192,115.4122,106.7284,116.6971,120.1825,132.543,158.6061,171.8241,180.842,184.7362,203.0709,220.2154,237.238,266.3703,290.8462,290.8462,294.6241
Mali,Food Transport,Emissions (CH4),kilotonnes,0.009,0.0089,0.0091,0.0092,0.0093,0.0094,0.0112,0.0173,0.0202,0.0268,0.0264,0.0311,0.0341,0.0396,0.0419,0.0471,0.049,0.0582,0.0613,0.0481,0.0496
Mali,Food Transport,Emissions (N2O),kilotonnes,0.0008,0.0008,0.0008,0.0008,0.0009,0.0009,0.001,0.0008,0.0009,0.0012,0.0016,0.0018,0.0019,0.0022,0.0027,0.003,0.0027,0.0031,0.0033,0.0028,0.0029
Mali,Food Transport,Emissions (CO2),kilotonnes,38.74,38.94,40.905,41.55,42.48,44.53,52.87,62.665,75.145,97.36,95.9237,104.1196,115.7832,131.3407,137.7652,154.3947,157.7859,187.7878,196.6796,162.2869,164.2132
Mali,Food Transport,Emissions (CO2eq) from CH4 (AR5),kilotonnes,0.252,0.2492,0.2548,0.2576,0.2604,0.2632,0.3136,0.4844,0.5656,0.7504,0.7392,0.8708,0.9548,1.1088,1.1732,1.3188,1.372,1.6296,1.7164,1.3468,1.3888
Mali,Food Transport,Emissions (CO2eq) from N2O (AR5),kilotonnes,0.212,0.212,0.212,0.212,0.2385,0.2385,0.265,0.212,0.2385,0.318,0.424,0.477,0.5035,0.583,0.7155,0.795,0.7155,0.8215,0.8745,0.742,0.7574
Mali,Food Transport,Emissions (CO2eq) (AR5),kilotonnes,39.204,39.4012,41.3718,42.0196,42.9789,45.0317,53.4486,63.3614,75.9491,98.4284,97.0869,105.4674,117.2415,133.0325,139.6539,156.5085,159.8734,190.2389,199.2705,164.3757,166.3593
Mali,Energy,Emissions (CH4),kilotonnes,20.9,21.3,21.8,22.2,22.6,23.3,23.7,24.4,24.9,25.6,26.1,26.8,27.6,29,29,34.3,35.2,39.4,40.4,38.5,39.7
Mali,Energy,Emissions (N2O),kilotonnes,0.257,0.26,0.266,0.27,0.274,0.281,0.288,0.295,0.303,0.314,0.317,0.321,0.333,0.339,0.34,0.354,0.359,0.379,0.383,0.386,0.394
Mali,Energy,Emissions (CO2),kilotonnes,832,840,858,858,891,917,1080,1300,1560,1790,1980,2160,2300,2480,2650,2850,2860,2840,3310,3370,3410
Mali,Energy,Emissions (CO2eq) from CH4 (AR5),kilotonnes,585.2,596.4,610.4,621.6,632.8,652.4,663.6,683.2,697.2,716.8,730.8,750.4,772.8,812,812,960.4,985.6,1103.2,1131.2,1078,1111.6
Mali,Energy,Emissions (CO2eq) from N2O (AR5),kilotonnes,68.105,68.9,70.49,71.55,72.61,74.465,76.32,78.175,80.295,83.21,84.005,85.065,88.245,89.835,90.1,93.81,95.135,100.435,101.495,102.29,104.41
Mali,Energy,Emissions (CO2eq) (AR5),kilotonnes,1485.305,1505.3,1538.89,1551.15,1596.41,1643.865,1819.92,2061.375,2337.495,2590.01,2794.805,2995.465,3161.045,3381.835,3552.1,3904.21,3940.735,4043.635,4542.695,4550.29,4626.01
Mali,IPPU,Emissions (N2O),kilotonnes,0.0001,0.0001,0.0001,0.0001,0.0001,0.0001,0.0001,0.0001,0.0002,0.0002,0.0002,0.0002,0.0002,0.0002,0.0002,0.0002,0.0002,0.0002,0.0002,0.0002,0.0002
Mali,IPPU,Emissions (CO2),kilotonnes,58.3,60.1,62,62.6,65.8,67.6,69.7,72.4,74.1,75.4,75.9,77.2,77.9,251,336,324,331,340,349,472,473
Mali,IPPU,Emissions (CO2eq) from N2O (AR5),kilotonnes,0.0321,0.0329,0.0339,0.035,0.036,0.0374,0.0384,0.0397,0.0413,0.0427,0.044,0.0453,0.0466,0.048,0.0496,0.0509,0.0525,0.0541,0.0557,0.0567,0.058
Mali,IPPU,Emissions (CO2eq) (AR5),kilotonnes,58.3321,60.1329,62.0339,62.635,65.836,67.6374,69.7384,72.4398,74.1413,75.4427,75.944,77.2453,77.9466,251.048,336.0496,324.0509,331.0525,340.0541,349.0557,472.0567,473.058
Mali,Waste,Emissions (CH4),kilotonnes,59.8,62.1,64.4,66.9,69.3,72.1,74.8,77.8,80.9,84.1,87.4,90.6,93.8,97,101,104,108,112,116,118,121
Mali,Waste,Emissions (N2O),kilotonnes,0.476,0.49,0.506,0.529,0.553,0.586,0.611,0.646,0.681,0.724,0.764,0.804,0.828,0.867,0.893,0.918,0.94,0.976,1.01,1.05,1.09
Mali,Waste,Emissions (CO2),kilotonnes,3.37,3.56,3.76,3.97,4.2,4.44,4.7,4.98,5.27,5.57,5.88,6.19,6.52,6.85,7.2,7.56,7.95,8.34,8.76,8.89,9.22
Mali,Waste,Emissions (CO2eq) from CH4 (AR5),kilotonnes,1674.4,1738.8,1803.2,1873.2,1940.4,2018.8,2094.4,2178.4,2265.2,2354.8,2447.2,2536.8,2626.4,2716,2828,2912,3024,3136,3248,3304,3388
Mali,Waste,Emissions (CO2eq) from N2O (AR5),kilotonnes,126.14,129.85,134.09,140.185,146.545,155.29,161.915,171.19,180.465,191.86,202.46,213.06,219.42,229.755,236.645,243.27,249.1,258.64,267.65,278.25,288.85
Mali,Waste,Emissions (CO2eq) (AR5),kilotonnes,1803.91,1872.21,1941.05,2017.355,2091.145,2178.53,2261.015,2354.57,2450.935,2552.23,2655.54,2756.05,2852.34,2952.605,3071.845,3162.83,3281.05,3402.98,3524.41,3591.14,3686.07
Mali,Other,Emissions (N2O),kilotonnes,0.158,0.162,0.165,0.168,0.172,0.175,0.186,0.19,0.203,0.222,0.224,0.229,0.236,0.246,0.25,0.272,0.279,0.31,0.318,0.315,0.325
Mali,Other,Emissions (CO2eq) from N2O (AR5),kilotonnes,41.87,42.93,43.725,44.52,45.58,46.375,49.29,50.35,53.795,58.83,59.36,60.685,62.54,65.19,66.25,72.08,73.935,82.15,84.27,83.475,86.125
Mali,Other,Emissions (CO2eq) (AR5),kilotonnes,41.87,42.93,43.725,44.52,45.58,46.375,49.29,50.35,53.795,58.83,59.36,60.685,62.54,65.19,66.25,72.08,73.935,82.15,84.27,83.475,86.125
Mali,Farm-gate emissions,Emissions (CH4),kilotonnes,455.0162,450.6157,459.4032,480.1557,524.7283,545.9054,542.7728,566.5815,596.8149,597.0906,633.154,645.2934,666.0679,681.7306,699.4354,722.817,793.7256,811.1931,840.3813,868.104,904.6886
Mali,Farm-gate emissions,Direct emissions (N2O),kilotonnes,12.8867,13.3567,15.1356,15.7775,16.4177,17.1448,17.5299,18.3129,19.5243,20.3627,21.3224,21.9685,22.9818,23.6091,24.6539,25.8848,27.9462,29.1706,30.284,31.2906,33.2144
Mali,Farm-gate emissions,Indirect emissions (N2O),kilotonnes,3.6946,3.8303,4.3258,4.5078,4.7351,4.9342,5.0319,5.2659,5.6334,5.8807,6.2134,6.4007,6.702,6.9258,7.2558,7.6301,8.2741,8.6904,9.0331,9.3559,9.976
Mali,Farm-gate emissions,Emissions (N2O),kilotonnes,26.6922,25.1333,25.7926,26.4679,29.9792,30.5929,30.9517,31.3254,33.3995,32.5722,34.4318,34.9496,35.6831,37.0722,37.9334,39.3112,44.2045,43.8965,44.4969,46.3776,50.0587
Mali,Farm-gate emissions,Emissions (CO2),kilotonnes,32.714,34.0989,33.1724,33.7185,38.2665,39.3718,40.2071,46.1865,49.0509,52.9755,56.7456,63.3243,70.7063,115.6294,208.6637,186.7305,200.9504,212.1044,230.7934,235.2193,235.2193
Mali,Farm-gate emissions,Emissions (CO2eq) from CH4 (AR5),kilotonnes,12740.4537,12617.2407,12863.2907,13444.361,14692.3922,15285.3511,15197.6393,15864.2811,16710.818,16718.5358,17728.3107,18068.2149,18649.9016,19088.4559,19584.1914,20238.8749,22224.3161,22713.4057,23530.6765,24306.9114,25331.2804
Mali,Farm-gate emissions,Emissions (CO2eq) from N2O (AR5),kilotonnes,7073.4279,6660.3266,6835.0282,7013.9979,7944.4993,8107.1227,8202.1892,8301.2386,8850.856,8631.645,9124.4349,9261.6557,9456.0203,9824.1286,10052.3404,10417.4643,11714.1988,11632.5782,11791.6843,12290.0583,13265.5611
Mali,Farm-gate emissions,Emissions (CO2eq) (AR5),kilotonnes,19846.5956,19311.6662,19731.4913,20492.0774,22675.158,23431.8457,23440.0356,24211.7062,25610.7249,25403.1563,26909.4912,27393.1949,28176.6283,29028.2139,29845.1955,30843.0696,34139.4653,34558.0882,35553.1542,36832.189,38832.0609
Mali,Land Use change,Emissions (CH4),kilotonnes,36.6115,0.0133,0.008,0.0186,0.016,0.0266,0.0319,0.0372,0.016,0.0053,0.0293,0.0106,0.0266,0.0027,0.0133,0.0053,0.0346,0.0186,0.0053,0.0133,0.0372
Mali,Land Use change,Emissions (N2O),kilotonnes,1.0768,0.0012,0.0007,0.0017,0.0015,0.0024,0.0029,0.0034,0.0015,0.0005,0.0027,0.001,0.0024,0.0002,0.0012,0.0005,0.0032,0.0017,0.0005,0.0012,0.0034
Mali,Land Use change,Emissions (CO2),kilotonnes,499.5833,4746.0417,4746.0417,4746.0417,4746.0417,4746.0417,4746.0417,4746.0417,4746.0417,4746.0417,4746.0417,679.4333,679.4333,679.4333,679.4333,679.4333,79.9333,79.9333,79.9333,79.9333,79.9333
Mali,Land Use change,Emissions (CO2eq) from CH4 (AR5),kilotonnes,1025.1223,0.3724,0.2235,0.5214,0.4469,0.7449,0.8938,1.0428,0.4469,0.149,0.8194,0.298,0.7449,0.0745,0.3724,0.149,0.9683,0.5214,0.149,0.3724,1.0428
Mali,Land Use change,Emissions (CO2eq) from N2O (AR5),kilotonnes,285.3544,0.3218,0.1931,0.4506,0.3862,0.6437,0.7724,0.9011,0.3862,0.1288,0.708,0.2575,0.6437,0.0644,0.3218,0.1287,0.8368,0.4506,0.1287,0.3218,0.9011
Mali,Land Use change,Emissions (CO2eq) (AR5),kilotonnes,1810.06,4746.7359,4746.4582,4747.0136,4746.8748,4747.4302,4747.7079,4747.9856,4746.8748,4746.3194,4747.5691,679.9888,680.8219,679.5722,680.1276,679.711,81.7384,80.9053,80.211,80.6276,81.8773
Mali,Emissions on agricultural land,Emissions (CH4),kilotonnes,491.6277,450.629,459.4112,480.1744,524.7443,545.932,542.8048,566.6187,596.8309,597.0959,633.1832,645.304,666.0945,681.7332,699.4487,722.8223,793.7602,811.2117,840.3866,868.1173,904.7258
Mali,Emissions on agricultural land,Emissions (N2O),kilotonnes,27.769,25.1345,25.7933,26.4696,29.9807,30.5953,30.9546,31.3288,33.4009,32.5727,34.4345,34.9506,35.6855,37.0724,37.9346,39.3117,44.2077,43.8982,44.4974,46.3788,50.0621
Mali,Emissions on agricultural land,Emissions (CO2),kilotonnes,532.2974,4780.1406,4779.2141,4779.7602,4784.3082,4785.4135,4786.2488,4792.2282,4795.0926,4799.0172,4802.7873,742.7576,750.1396,795.0627,888.0971,866.1638,280.8837,292.0377,310.7267,315.1527,315.1527
Mali,Emissions on agricultural land,Emissions (CO2eq) from CH4 (AR5),kilotonnes,13765.5759,12617.6132,12863.5142,13444.8824,14692.8391,15286.096,15198.5332,15865.3239,16711.2649,16718.6848,17729.13,18068.5128,18650.6465,19088.5304,19584.5638,20239.0238,22225.2844,22713.9271,23530.8255,24307.2838,25332.3233
Mali,Emissions on agricultural land,Emissions (CO2eq) from N2O (AR5),kilotonnes,7358.7823,6660.6484,6835.2213,7014.4485,7944.8855,8107.7664,8202.9616,8302.1398,8851.2422,8631.7738,9125.1429,9261.9132,9456.664,9824.193,10052.6622,10417.593,11715.0356,11633.0288,11791.813,12290.3801,13266.4622
Mali,Emissions on agricultural land,Emissions (CO2eq) (AR5),kilotonnes,21656.6556,24058.4021,24477.9495,25239.091,27422.0328,28179.2758,28187.7436,28959.6918,30357.5997,30149.4758,31657.0603,28073.1837,28857.4501,29707.7861,30525.3231,31522.7807,34221.2037,34638.9935,35633.3653,36912.8166,38913.9381
Mali,Pre- and post- production,Emissions (CH4),kilotonnes,31.0981,31.8993,32.6659,33.4589,34.281,35.1172,35.9221,36.7354,37.6386,38.5395,39.3795,40.2199,41.027,41.7891,42.1107,42.8154,43.7387,44.6388,45.5485,46.1363,46.8
Mali,Pre- and post- production,Emissions (N2O),kilotonnes,0.259,0.2684,0.2785,0.2968,0.3089,0.3279,0.3408,0.3645,0.3823,0.4088,0.4294,0.4483,0.4525,0.4898,0.4839,0.4889,0.5193,0.5463,0.5636,0.5783,0.5942
Mali,Pre- and post- production,Emissions (CO2),kilotonnes,115.932,130.1769,134.3582,135.4199,151.652,173.6873,174.1754,193.6386,206.3847,241.8933,267.0033,284.2379,303.4737,323.9806,351.6828,387.2539,408.7274,474.8968,511.3587,466.4277,471.9639
Mali,Pre- and post- production,Emissions (CO2eq) from CH4 (AR5),kilotonnes,870.7481,893.1807,914.6461,936.8481,959.8686,983.2824,1005.8184,1028.5906,1053.8816,1079.1062,1102.6272,1126.1577,1148.7558,1170.0959,1179.1003,1198.8323,1224.6829,1249.8878,1275.3587,1291.8164,1310.4013
Mali,Pre- and post- production,Emissions (CO2eq) from N2O (AR5),kilotonnes,68.6257,71.1138,73.7971,78.6502,81.8705,86.8817,90.3015,96.6045,101.3217,108.3382,113.8004,118.7893,119.9184,129.8068,128.2363,129.5467,137.6125,144.782,149.3414,153.2579,157.4612
Mali,Pre- and post- production,Emissions (CO2eq) (AR5),kilotonnes,1055.3058,1094.4714,1122.8014,1150.9181,1193.3911,1243.8514,1270.2953,1318.8337,1361.588,1429.3377,1483.4309,1529.1849,1572.1479,1623.8833,1659.0194,1715.6329,1771.0228,1869.5666,1936.0588,1911.502,1939.8265
Mali,Agri-food systems,Emissions (CH4),kilotonnes,522.7259,482.5284,492.0772,513.6332,559.0253,581.0492,578.7268,603.3541,634.4695,635.6354,672.5628,685.5239,707.1215,723.5224,741.5594,765.6377,837.4988,855.8505,885.9352,914.2536,951.5259
Mali,Agri-food systems,Emissions (N2O),kilotonnes,28.028,25.4029,26.0718,26.7664,30.2896,30.9232,31.2953,31.6934,33.7833,32.9816,34.8639,35.3989,36.138,37.5623,38.4185,39.8005,44.727,44.4446,45.061,46.9571,50.6563
Mali,Agri-food systems,Emissions (CO2),kilotonnes,648.2294,4910.3175,4913.5723,4915.1801,4935.9602,4959.1008,4960.4242,4985.8668,5001.4773,5040.9105,5069.7906,1026.9955,1053.6133,1119.0433,1239.7799,1253.4177,689.6111,766.9345,822.0854,781.5804,787.1166
Mali,Agri-food systems,Emissions (CO2eq) from CH4 (AR5),kilotonnes,14636.324,13510.7939,13778.1603,14381.7304,15652.7077,16269.3784,16204.3516,16893.9145,17765.1465,17797.791,18831.7572,19194.6705,19799.4023,20258.6264,20763.6641,21437.8561,23449.9673,23963.8149,24806.1842,25599.1003,26642.7246
Mali,Agri-food systems,Emissions (CO2eq) from N2O (AR5),kilotonnes,7427.408,6731.7622,6909.0184,7093.0986,8026.756,8194.6481,8293.2631,8398.7442,8952.564,8740.112,9238.9434,9380.7026,9576.5824,9953.9998,10180.8985,10547.1397,11852.6481,11777.8108,11941.1544,12443.638,13423.9235
Mali,Agri-food systems,Emissions (CO2eq) (AR5),kilotonnes,22711.9614,25152.8736,25600.751,26390.0091,28615.4239,29423.1272,29458.0388,30278.5255,31719.1878,31578.8134,33140.4912,29602.3686,30429.598,31331.6695,32184.3425,33238.4135,35992.2266,36508.5601,37569.424,38824.3186,40853.7647
Mali,IPCC Agriculture,Emissions (CH4),kilotonnes,454.9125,450.5076,459.298,480.0488,524.6069,545.7805,542.6453,566.435,596.6594,596.9226,632.974,645.0926,665.8437,681.3639,698.7737,722.2248,793.0883,810.5204,839.6494,867.358,903.9426
Mali,IPCC Agriculture,Emissions (CH4),kilotonnes,376.2608,,,,,,,,,,626.61,,,,,,,,,,
Mali,IPCC Agriculture,Direct emissions (N2O),kilotonnes,12.8867,13.3567,15.1356,15.7775,16.4177,17.1448,17.5299,18.3129,19.5243,20.3627,21.3224,21.9685,22.9818,23.6091,24.6539,25.8848,27.9462,29.1706,30.284,31.2906,33.2144
Mali,IPCC Agriculture,Indirect emissions (N2O),kilotonnes,3.6946,3.8303,4.3258,4.5078,4.7351,4.9342,5.0319,5.2659,5.6334,5.8807,6.2134,6.4007,6.702,6.9258,7.2558,7.6301,8.2741,8.6904,9.0331,9.3559,9.976
Mali,IPCC Agriculture,Emissions (N2O),kilotonnes,26.6917,25.1328,25.792,26.4674,29.9786,30.5923,30.951,31.3247,33.3987,32.5714,34.4309,34.9486,35.682,37.0703,37.9301,39.3082,44.2013,43.8932,44.4933,46.3738,50.055
Mali,IPCC Agriculture,Emissions (N2O),kilotonnes,4.99,,,,,,,,,,113.69,,,,,,,,,,
Mali,IPCC Agriculture,Emissions (CO2eq) from CH4 (AR5),kilotonnes,12737.5488,12614.2129,12860.3451,13441.3669,14688.9943,15281.8551,15194.0691,15860.1799,16706.4625,16713.8318,17723.2719,18062.592,18643.6232,19078.1886,19565.6631,20222.2941,22206.4727,22694.5719,23510.1833,24286.0251,25310.3942
Mali,IPCC Agriculture,Emissions (CO2eq) from CH4 (AR5),kilotonnes,10535.3024,,,,,,,,,,17545.08,,,,,,,,,,
Mali,IPCC Agriculture,Emissions (CO2eq) from N2O (AR5),kilotonnes,7073.2905,6660.1833,6834.8888,7013.8562,7944.3385,8106.9573,8202.0203,8301.0446,8850.6499,8631.4224,9124.1965,9261.3897,9455.7232,9823.6427,10051.4636,10416.6797,11713.3544,11631.6869,11790.7145,12289.0699,13264.5727
Mali,IPCC Agriculture,Emissions (CO2eq) from N2O (AR5),kilotonnes,1322.35,,,,,,,,,,30127.85,,,,,,,,,,
Mali,IPCC Agriculture,Emissions (CO2eq) (AR5),kilotonnes,19810.8393,19274.3962,19695.234,20455.2232,22633.3328,23388.8124,23396.0894,24161.2245,25557.1124,25345.2543,26847.4684,27323.9817,28099.3465,28901.8314,29617.1267,30638.9738,33919.8272,34326.2588,35300.8978,36575.095,38574.9669
Mali,IPCC Agriculture,Emissions (CO2eq) (AR5),kilotonnes,11857.6524,,,,,,,,,,47672.93,,,,,,,,,,
Mali,Agricultural Soils,Direct emissions (N2O),kilotonnes,12.8867,13.3567,15.1356,15.7775,16.4177,17.1448,17.5299,18.3129,19.5243,20.3627,21.3224,21.9685,22.9818,23.6091,24.6539,25.8848,27.9462,29.1706,30.284,31.2906,33.2144
Mali,Agricultural Soils,Indirect emissions (N2O),kilotonnes,3.6946,3.8303,4.3258,4.5078,4.7351,4.9342,5.0319,5.2659,5.6334,5.8807,6.2134,6.4007,6.702,6.9258,7.2558,7.6301,8.2741,8.6904,9.0331,9.3559,9.976
Mali,Agricultural Soils,Emissions (N2O),kilotonnes,16.5813,17.187,19.4614,20.2852,21.1529,22.0789,22.5618,23.5788,25.1577,26.2433,27.5357,28.3692,29.6838,30.5349,31.9098,33.5148,36.2203,37.861,39.3171,40.6466,43.1904
Mali,Agricultural Soils,Emissions (N2O),kilotonnes,4.7,,,,,,,,,,112.46,,,,,,,,,,
Mali,Agricultural Soils,Emissions (CO2eq) from N2O (AR5),kilotonnes,4394.0453,4554.558,5157.2621,5375.5818,5605.5068,5850.9207,5978.8803,6248.3755,6666.7852,6954.4842,7296.9713,7517.8336,7866.2033,8091.761,8456.0891,8881.4334,9598.3798,10033.1572,10419.0391,10771.3378,11445.4465
Mali,Agricultural Soils,Emissions (CO2eq) from N2O (AR5),kilotonnes,1245.5,,,,,,,,,,29801.9,,,,,,,,,,
Mali,Agricultural Soils,Emissions (CO2eq) (AR5),kilotonnes,4394.0453,4554.558,5157.2621,5375.5818,5605.5068,5850.9207,5978.8803,6248.3755,6666.7852,6954.4842,7296.9713,7517.8336,7866.2033,8091.761,8456.0891,8881.4334,9598.3798,10033.1572,10419.0391,10771.3378,11445.4465
Mali,Agricultural Soils,Emissions (CO2eq) (AR5),kilotonnes,1245.5,,,,,,,,,,29801.9,,,,,,,,,,
Mali,LULUCF,Emissions (CH4),kilotonnes,73.4428,0.0133,0.008,0.0186,0.016,0.0266,0.0319,0.0372,0.016,0.0053,0.0293,0.0106,0.0266,0.0027,0.0133,0.0053,0.0346,0.0186,0.0053,0.0133,0.0372
Mali,LULUCF,Emissions (CH4),kilotonnes,44.63,,,,,,,,,,18,,,,,,,,,,
Mali,LULUCF,Emissions (N2O),kilotonnes,2.1601,0.0012,0.0007,0.0017,0.0015,0.0024,0.0029,0.0034,0.0015,0.0005,0.0027,0.001,0.0024,0.0002,0.0012,0.0005,0.0032,0.0017,0.0005,0.0012,0.0034
Mali,LULUCF,Emissions (N2O),kilotonnes,0.31,,,,,,,,,,,,,,,,,,,,
Mali,LULUCF,Emissions (CO2),kilotonnes,0,0,0,0,0,0,0,0,0,0,0,0,0,0,0,0,0,0,0,0,0
Mali,LULUCF,Emissions (CO2),kilotonnes,-65646.05,,,,,,,,,,-245177,,,,,,,,,,
Mali,LULUCF,Emissions (CO2eq) from CH4 (AR5),kilotonnes,2056.3982,0.3724,0.2235,0.5214,0.4469,0.7449,0.8938,1.0428,0.4469,0.149,0.8194,0.298,0.7449,0.0745,0.3724,0.149,0.9683,0.5214,0.149,0.3724,1.0428
Mali,LULUCF,Emissions (CO2eq) from N2O (AR5),kilotonnes,572.4217,0.3218,0.1931,0.4506,0.3862,0.6437,0.7724,0.9011,0.3862,0.1288,0.708,0.2575,0.6437,0.0644,0.3218,0.1287,0.8368,0.4506,0.1287,0.3218,0.9011
Mali,LULUCF,Emissions (CO2eq) (AR5),kilotonnes,2628.8199,0.6943,0.4166,0.972,0.8331,1.3885,1.6662,1.944,0.8331,0.2777,1.5274,0.5554,1.3886,0.1389,0.6943,0.2777,1.8051,0.972,0.2777,0.6943,1.9439
Mali,LULUCF,Emissions (CO2eq) (AR5),kilotonnes,-65646.05,,,,,,,,,,-245177,,,,,,,,,,
Mali,AFOLU,Emissions (CH4),kilotonnes,528.3552,450.5209,459.306,480.0674,524.6229,545.8071,542.6772,566.4722,596.6753,596.9279,633.0033,645.1032,665.8703,681.3665,698.787,722.2301,793.1229,810.539,839.6547,867.3713,903.9799
Mali,AFOLU,Emissions (N2O),kilotonnes,28.8517,25.134,25.7928,26.4691,29.9801,30.5947,30.9539,31.3281,33.4001,32.5719,34.4336,34.9496,35.6844,37.0706,37.9313,39.3087,44.2045,43.8949,44.4937,46.3751,50.0584
Mali,AFOLU,Emissions (CO2),kilotonnes,0,0,0,0,0,0,0,0,0,0,0,0,0,0,0,0,0,0,0,0,0
Mali,AFOLU,Emissions (CO2eq) from CH4 (AR5),kilotonnes,14793.947,12614.5854,12860.5686,13441.8883,14689.4412,15282.5999,15194.963,15861.2227,16706.9094,16713.9808,17724.0913,18062.89,18644.3681,19078.2631,19566.0355,20222.4431,22207.4411,22695.0933,23510.3322,24286.3976,25311.437
Mali,AFOLU,Emissions (CO2eq) from N2O (AR5),kilotonnes,7645.7122,6660.5051,6835.0819,7014.3068,7944.7247,8107.601,8202.7927,8301.9457,8851.0361,8631.5512,9124.9045,9261.6471,9456.3669,9823.7071,10051.7854,10416.8084,11714.1912,11632.1375,11790.8432,12289.3917,13265.4739
Mali,AFOLU,Emissions (CO2eq) (AR5),kilotonnes,22439.6592,19275.0905,19695.6505,20456.1951,22634.1659,23390.2009,23397.7557,24163.1684,25557.9456,25345.532,26848.9958,27324.5371,28100.735,28901.9702,29617.8209,30639.2515,33921.6323,34327.2308,35301.1755,36575.7893,38576.9108
Mali,All sectors with LULUCF,Emissions (CH4),kilotonnes,609.0552,533.9209,545.506,569.1674,616.5229,641.2071,641.1772,668.6722,702.4753,706.6279,746.5033,762.5032,787.2703,807.3665,828.787,860.5301,936.3229,961.939,996.0547,1023.8713,1064.6799
Mali,All sectors with LULUCF,Emissions (N2O),kilotonnes,29.7429,26.0461,26.7299,27.4362,30.9792,31.6369,32.0391,32.4592,34.5873,33.8321,35.7388,36.3038,37.0816,38.5228,39.4145,40.8529,45.7827,45.5601,46.205,48.1263,51.8676
Mali,All sectors with LULUCF,Emissions (CO2),kilotonnes,893.67,903.66,923.76,924.57,961,989.04,1154.4,1377.38,1639.37,1870.97,2061.78,2243.39,2384.42,2737.85,2993.2,3181.56,3198.95,3188.34,3667.76,3850.89,3892.22
Mali,All sectors with LULUCF,Emissions (CO2eq) from CH4 (AR5),kilotonnes,17053.547,14949.7854,15274.1686,15936.6883,17262.6412,17953.7999,17952.963,18722.8227,19669.3094,19785.5808,20902.0913,21350.09,22043.5681,22606.2631,23206.0355,24094.8431,26217.0411,26934.2933,27889.5322,28668.3976,29811.037
Mali,All sectors with LULUCF,Emissions (CO2eq) from N2O (AR5),kilotonnes,7881.8592,6902.218,7083.4208,7270.5968,8209.4957,8383.7683,8490.3561,8601.7004,9165.6325,8965.4939,9470.7735,9620.5024,9826.6185,10208.5351,10444.83,10826.0193,12132.4137,12073.4166,12244.3139,12753.4634,13744.9169
Mali,All sectors with LULUCF,Emissions (CO2eq) (AR5),kilotonnes,25829.0762,22755.6634,23281.3494,24131.8551,26433.137,27326.6083,27597.7191,28701.9032,30474.3119,30622.0447,32434.6448,33213.9824,34254.6067,35552.6482,36644.0655,38102.4224,41548.4047,42196.0499,43801.6061,45272.751,47448.1739
Mali,All sectors without LULUCF,Emissions (CH4),kilotonnes,535.6125,533.9076,545.498,569.1488,616.5069,641.1805,641.1453,668.635,702.4594,706.6226,746.474,762.4926,787.2437,807.3639,828.7737,860.5248,936.2883,961.9204,996.0494,1023.858,1064.6426
Mali,All sectors without LULUCF,Emissions (N2O),kilotonnes,27.5828,26.0449,26.7292,27.4345,30.9778,31.6344,32.0362,32.4558,34.5858,33.8316,35.7361,36.3028,37.0792,38.5225,39.4132,40.8524,45.7795,45.5584,46.2045,48.1251,51.8642
Mali,All sectors without LULUCF,Emissions (CO2),kilotonnes,893.67,903.66,923.76,924.57,961,989.04,1154.4,1377.38,1639.37,1870.97,2061.78,2243.39,2384.42,2737.85,2993.2,3181.56,3198.95,3188.34,3667.76,3850.89,3892.22
Mali,All sectors without LULUCF,Emissions (CO2eq) from CH4 (AR5),kilotonnes,14997.1488,14949.4129,15273.9451,15936.1669,17262.1943,17953.0551,17952.0691,18721.7799,19668.8625,19785.4318,20901.2719,21349.792,22042.8232,22606.1886,23205.6631,24094.6941,26216.0727,26933.7719,27889.3833,28668.0251,29809.9942
Mali,All sectors without LULUCF,Emissions (CO2eq) from N2O (AR5),kilotonnes,7309.4375,6901.8962,7083.2277,7270.1462,8209.1095,8383.1247,8489.5837,8600.7993,9165.2463,8965.3651,9470.0654,9620.245,9825.9749,10208.4707,10444.5082,10825.8905,12131.5769,12072.966,12244.1852,12753.1416,13744.0158
Mali,All sectors without LULUCF,Emissions (CO2eq) (AR5),kilotonnes,23200.2563,22754.9691,23280.9329,24130.8831,26432.3038,27325.2197,27596.0529,28699.9592,30473.4788,30621.7669,32433.1174,33213.427,34253.2181,35552.5094,36643.3712,38102.1447,41546.5996,42195.0779,43801.3284,45272.0567,47446.2299
Malta,Crop Residues,Direct emissions (N2O),kilotonnes,0.0035,0.0034,0.0032,0.0031,0.0032,0.0031,0.0031,0.0033,0.0038,0.0036,0.0035,0.0034,0.0033,0.0032,0.0032,0.0028,0.0029,0.0033,0.0004,0.0004,0.0003
Malta,Crop Residues,Direct emissions (N2O),kilotonnes,0.0128,0.0139,0.0105,0.0118,0.0119,0.0114,0.0111,0.0117,0.0119,0.0115,0.0121,0.0122,0.0122,0.0123,0.0125,0.0124,0.013,0.0128,0.0124,0.0129,0.0127
Malta,Crop Residues,Indirect emissions (N2O),kilotonnes,0.0008,0.0008,0.0007,0.0007,0.0007,0.0007,0.0007,0.0007,0.0009,0.0008,0.0008,0.0008,0.0007,0.0007,0.0007,0.0006,0.0006,0.0007,0.0001,0.0001,0.0001
Malta,Crop Residues,Emissions (N2O),kilotonnes,0.0043,0.0041,0.0039,0.0038,0.0039,0.0038,0.0038,0.004,0.0047,0.0043,0.0043,0.0042,0.004,0.0039,0.0039,0.0034,0.0035,0.004,0.0005,0.0005,0.0004
Malta,Crop Residues,Emissions (N2O),kilotonnes,0.0128,0.0139,0.0105,0.0118,0.0119,0.0114,0.0111,0.0117,0.0119,0.0115,0.0121,0.0122,0.0122,0.0123,0.0125,0.0124,0.013,0.0128,0.0124,0.0129,0.0127
Malta,Crop Residues,Emissions (CO2eq) from N2O (AR5),kilotonnes,1.1421,1.0967,1.0416,1.0161,1.0353,0.9995,0.9989,1.0697,1.239,1.1525,1.1354,1.1149,1.0635,1.0436,1.0247,0.9008,0.9318,1.0575,0.123,0.1211,0.1029
Malta,Crop Residues,Emissions (CO2eq) from N2O (AR5),kilotonnes,3.3887,3.6907,2.7943,3.1196,3.1461,3.01,2.9413,3.0932,3.152,3.0555,3.2197,3.2289,3.237,3.27,3.3058,3.279,3.4415,3.4017,3.2952,3.4194,3.3632
Malta,Crop Residues,Emissions (CO2eq) (AR5),kilotonnes,1.1421,1.0967,1.0416,1.0161,1.0353,0.9995,0.9989,1.0697,1.239,1.1525,1.1354,1.1149,1.0635,1.0436,1.0247,0.9008,0.9318,1.0575,0.123,0.1211,0.1029
Malta,Crop Residues,Emissions (CO2eq) (AR5),kilotonnes,3.3887,3.6907,2.7943,3.1196,3.1461,3.01,2.9413,3.0932,3.152,3.0555,3.2197,3.2289,3.237,3.27,3.3058,3.279,3.4415,3.4017,3.2952,3.4194,3.3632
Malta,Burning - Crop residues,Emissions (CH4),kilotonnes,0.0026,0.0026,0.0022,0.0026,0.0026,0.0027,0.0028,0.003,0.0032,0.003,0.0029,0.0028,0.0028,0.0027,0.0026,0.0022,0.0023,0.0027,0,0,0
Malta,Burning - Crop residues,Emissions (N2O),kilotonnes,0.0001,0.0001,0.0001,0.0001,0.0001,0.0001,0.0001,0.0001,0.0001,0.0001,0.0001,0.0001,0.0001,0.0001,0.0001,0.0001,0.0001,0.0001,0,0,0
Malta,Burning - Crop residues,Emissions (CO2eq) from CH4 (AR5),kilotonnes,0.072,0.0726,0.0605,0.0726,0.0733,0.0744,0.0786,0.0847,0.0907,0.0847,0.0821,0.0791,0.0776,0.0751,0.0716,0.0606,0.0643,0.0746,0,0,0
Malta,Burning - Crop residues,Emissions (CO2eq) from N2O (AR5),kilotonnes,0.0177,0.0178,0.0148,0.0178,0.018,0.0183,0.0193,0.0208,0.0223,0.0208,0.0202,0.0194,0.019,0.0184,0.0176,0.0149,0.0158,0.0183,0,0,0
Malta,Burning - Crop residues,Emissions (CO2eq) (AR5),kilotonnes,0.0897,0.0904,0.0753,0.0904,0.0913,0.0927,0.0979,0.1054,0.113,0.1054,0.1023,0.0985,0.0966,0.0935,0.0891,0.0754,0.0801,0.0929,0,0,0
Malta,Enteric Fermentation,Emissions (CH4),kilotonnes,1.8815,1.8333,1.8212,1.8192,1.7604,1.8589,1.8801,1.8131,1.8149,1.6017,1.4913,1.454,1.4873,1.4646,1.4437,1.444,1.4131,1.3745,1.3864,1.3709,1.3822
Malta,Enteric Fermentation,Emissions (CH4),kilotonnes,1.9778,1.883,1.8787,1.8143,1.9078,1.7235,1.6815,1.6905,1.6157,1.5275,1.4782,1.4381,1.4701,1.4384,1.4147,1.4002,1.3878,1.3435,1.3488,1.3547,1.381
Malta,Enteric Fermentation,Emissions (CO2eq) from CH4 (AR5),kilotonnes,52.6812,51.3323,50.9944,50.9366,49.29,52.0478,52.6442,50.7668,50.8177,44.8479,41.7551,40.7107,41.6451,41.0101,40.4234,40.4313,39.5674,38.4867,38.8182,38.3855,38.7012
Malta,Enteric Fermentation,Emissions (CO2eq) from CH4 (AR5),kilotonnes,55.3779,52.724,52.6042,50.7994,53.4174,48.2587,47.082,47.3353,45.239,42.7702,41.3906,40.2675,41.1634,40.276,39.6122,39.2065,38.8583,37.6187,37.7656,37.933,38.6679
Malta,Enteric Fermentation,Emissions (CO2eq) (AR5),kilotonnes,52.6812,51.3323,50.9944,50.9366,49.29,52.0478,52.6442,50.7668,50.8177,44.8479,41.7551,40.7107,41.6451,41.0101,40.4234,40.4313,39.5674,38.4867,38.8182,38.3855,38.7012
Malta,Enteric Fermentation,Emissions (CO2eq) (AR5),kilotonnes,55.3779,52.724,52.6042,50.7994,53.4174,48.2587,47.082,47.3353,45.239,42.7702,41.3906,40.2675,41.1634,40.276,39.6122,39.2065,38.8583,37.6187,37.7656,37.933,38.6679
Malta,Manure Management,Emissions (CH4),kilotonnes,1.5648,1.5502,1.5517,1.5347,1.4476,1.531,1.4905,1.4841,1.5158,1.3009,1.3014,1.0157,1.0159,1.0574,1.0341,0.9882,0.9493,0.8686,0.8992,0.8847,0.9949
Malta,Manure Management,Emissions (CH4),kilotonnes,0.344,0.3328,0.3296,0.3097,0.3131,0.2572,0.2571,0.2607,0.2473,0.2387,0.2352,0.2171,0.2196,0.2174,0.2152,0.2057,0.1985,0.1922,0.1948,0.1945,0.2001
Malta,Manure Management,Emissions (N2O),kilotonnes,0.0241,0.0257,0.0242,0.025,0.023,0.0243,0.0241,0.024,0.0244,0.0213,0.0203,0.0179,0.0182,0.0183,0.0182,0.018,0.0175,0.0165,0.0169,0.0167,0.0175
Malta,Manure Management,Emissions (N2O),kilotonnes,0.0818,0.0799,0.0803,0.0761,0.079,0.0717,0.0711,0.0722,0.0671,0.0633,0.0611,0.0585,0.0596,0.0584,0.0571,0.0573,0.0545,0.0535,0.0539,0.0537,0.0553
Malta,Manure Management,Emissions (CO2eq) from CH4 (AR5),kilotonnes,43.8157,43.4048,43.4473,42.9707,40.5327,42.8682,41.7354,41.5534,42.4415,36.4245,36.4382,28.4388,28.4445,29.6068,28.9551,27.6701,26.5802,24.3204,25.1776,24.7728,27.858
Malta,Manure Management,Emissions (CO2eq) from CH4 (AR5),kilotonnes,9.632,9.3171,9.2288,8.6713,8.7666,7.2029,7.1981,7.2998,6.9245,6.6828,6.5862,6.0774,6.15,6.0866,6.0263,5.7607,5.5591,5.3822,5.4547,5.4454,5.6016
Malta,Manure Management,Emissions (CO2eq) from N2O (AR5),kilotonnes,6.3948,6.8183,6.4147,6.6222,6.0942,6.4454,6.3805,6.3563,6.4665,5.6319,5.3812,4.748,4.8289,4.8454,4.8344,4.7639,4.6348,4.3693,4.4692,4.4184,4.6328
Malta,Manure Management,Emissions (CO2eq) from N2O (AR5),kilotonnes,21.6841,21.1776,21.2855,20.1753,20.9476,19.0084,18.8423,19.1333,17.7755,16.7791,16.194,15.5105,15.7812,15.4722,15.141,15.1787,14.4556,14.1823,14.2796,14.2258,14.6451
Malta,Manure Management,Emissions (CO2eq) (AR5),kilotonnes,50.2104,50.2231,49.862,49.5929,46.6269,49.3136,48.1159,47.9097,48.9079,42.0564,41.8193,33.1868,33.2734,34.4522,33.7895,32.434,31.2149,28.6898,29.6468,29.1912,32.4908
Malta,Manure Management,Emissions (CO2eq) (AR5),kilotonnes,31.3161,30.4947,30.5144,28.8466,29.7142,26.2114,26.0404,26.4331,24.7,23.4619,22.7802,21.5879,21.9312,21.5588,21.1672,20.9395,20.0146,19.5645,19.7343,19.6712,20.2466
Malta,Manure left on Pasture,Direct emissions (N2O),kilotonnes,0.0159,0.0154,0.0151,0.0158,0.0158,0.0165,0.017,0.0161,0.0163,0.0146,0.0135,0.0134,0.0137,0.0132,0.013,0.0132,0.013,0.013,0.0133,0.0131,0.0131
Malta,Manure left on Pasture,Indirect emissions (N2O),kilotonnes,0.0043,0.0041,0.004,0.0043,0.0045,0.0046,0.0048,0.0044,0.0045,0.0042,0.0039,0.0038,0.0038,0.0037,0.0036,0.0037,0.0037,0.0037,0.0038,0.0038,0.0038
Malta,Manure left on Pasture,Emissions (N2O),kilotonnes,0.0202,0.0195,0.0191,0.0201,0.0203,0.0211,0.0218,0.0205,0.0208,0.0188,0.0174,0.0172,0.0175,0.0169,0.0166,0.017,0.0167,0.0167,0.0171,0.017,0.0169
Malta,Manure left on Pasture,Emissions (CO2eq) from N2O (AR5),kilotonnes,5.3546,5.1746,5.0683,5.3304,5.3733,5.6011,5.7696,5.4444,5.5196,4.9867,4.6021,4.5632,4.6389,4.4782,4.4043,4.497,4.4359,4.4237,4.5358,4.4954,4.486
Malta,Manure left on Pasture,Emissions (CO2eq) (AR5),kilotonnes,5.3546,5.1746,5.0683,5.3304,5.3733,5.6011,5.7696,5.4444,5.5196,4.9867,4.6021,4.5632,4.6389,4.4782,4.4043,4.497,4.4359,4.4237,4.5358,4.4954,4.486
Malta,Manure applied to Soils,Direct emissions (N2O),kilotonnes,0.0289,0.0324,0.0294,0.0313,0.0283,0.03,0.0296,0.0298,0.0306,0.0265,0.0253,0.0219,0.0223,0.0223,0.0224,0.0222,0.0215,0.0202,0.0208,0.0206,0.0217
Malta,Manure applied to Soils,Direct emissions (N2O),kilotonnes,0.0554,0.0544,0.0552,0.0522,0.0531,0.0479,0.0476,0.0484,0.0451,0.0423,0.0405,0.0396,0.0403,0.039,0.038,0.0384,0.0363,0.0362,0.0366,0.0364,0.0375
Malta,Manure applied to Soils,Indirect emissions (N2O),kilotonnes,0.0123,0.0138,0.0125,0.0133,0.012,0.0128,0.0126,0.0127,0.013,0.0113,0.0108,0.0093,0.0095,0.0095,0.0095,0.0094,0.0091,0.0086,0.0088,0.0088,0.0092
Malta,Manure applied to Soils,Emissions (N2O),kilotonnes,0.0412,0.0462,0.042,0.0447,0.0404,0.0428,0.0422,0.0425,0.0436,0.0377,0.0361,0.0312,0.0318,0.0318,0.032,0.0316,0.0307,0.0289,0.0297,0.0294,0.0309
Malta,Manure applied to Soils,Emissions (N2O),kilotonnes,0.0554,0.0544,0.0552,0.0522,0.0531,0.0479,0.0476,0.0484,0.0451,0.0423,0.0405,0.0396,0.0403,0.039,0.038,0.0384,0.0363,0.0362,0.0366,0.0364,0.0375
Malta,Manure applied to Soils,Emissions (CO2eq) from N2O (AR5),kilotonnes,10.9174,12.242,11.1179,11.8336,10.7023,11.3318,11.1788,11.262,11.5626,9.999,9.5624,8.2807,8.4211,8.4351,8.4719,8.3683,8.1257,7.6467,7.858,7.7819,8.2011
Malta,Manure applied to Soils,Emissions (CO2eq) from N2O (AR5),kilotonnes,14.6928,14.4237,14.6206,13.8279,14.0655,12.6813,12.6253,12.8213,11.9527,11.2136,10.7344,10.4828,10.6693,10.3311,10.0798,10.1765,9.6089,9.6033,9.7057,9.6429,9.934
Malta,Manure applied to Soils,Emissions (CO2eq) (AR5),kilotonnes,10.9174,12.242,11.1179,11.8336,10.7023,11.3318,11.1788,11.262,11.5626,9.999,9.5624,8.2807,8.4211,8.4351,8.4719,8.3683,8.1257,7.6467,7.858,7.7819,8.2011
Malta,Manure applied to Soils,Emissions (CO2eq) (AR5),kilotonnes,14.6928,14.4237,14.6206,13.8279,14.0655,12.6813,12.6253,12.8213,11.9527,11.2136,10.7344,10.4828,10.6693,10.3311,10.0798,10.1765,9.6089,9.6033,9.7057,9.6429,9.934
Malta,Synthetic Fertilizers,Direct emissions (N2O),kilotonnes,0.0119,0.0098,0.0104,0.0084,0.0083,0.0093,0.0107,0.0093,0.0064,0.0069,0.0087,0.0074,0.0086,0.009,0.0093,0.0097,0.0089,0.0092,0.0092,0.0092,0.0092
Malta,Synthetic Fertilizers,Direct emissions (N2O),kilotonnes,0.0119,0.0098,0.0104,0.0084,0.0083,0.0093,0.0107,0.0093,0.0064,0.0069,0.0087,0.0074,0.0086,0.009,0.0093,0.0097,0.0089,0.0092,0.0092,0.0092,0.0092
Malta,Synthetic Fertilizers,Indirect emissions (N2O),kilotonnes,0.0039,0.0032,0.0034,0.0027,0.0027,0.003,0.0035,0.003,0.0021,0.0022,0.0028,0.0024,0.0028,0.0029,0.003,0.0032,0.0029,0.003,0.003,0.003,0.003
Malta,Synthetic Fertilizers,Emissions (N2O),kilotonnes,0.0157,0.013,0.0137,0.0112,0.011,0.0123,0.0142,0.0123,0.0085,0.0092,0.0115,0.0098,0.0114,0.0119,0.0124,0.0129,0.0118,0.0122,0.0122,0.0122,0.0122
Malta,Synthetic Fertilizers,Emissions (N2O),kilotonnes,0.0119,0.0098,0.0104,0.0084,0.0083,0.0093,0.0107,0.0093,0.0064,0.0069,0.0087,0.0074,0.0086,0.009,0.0093,0.0097,0.0089,0.0092,0.0092,0.0092,0.0092
Malta,Synthetic Fertilizers,Emissions (CO2eq) from N2O (AR5),kilotonnes,4.1643,3.4457,3.6398,2.9574,2.9077,3.2603,3.7589,3.2653,2.2468,2.4276,3.0453,2.5977,3.0253,3.153,3.2807,3.4085,3.1349,3.2305,3.2317,3.2329,3.2341
Malta,Synthetic Fertilizers,Emissions (CO2eq) from N2O (AR5),kilotonnes,3.1428,2.6005,2.747,2.232,2.1945,2.4606,2.8369,2.4644,1.6957,1.8321,2.2984,1.9605,2.2833,2.3796,2.476,2.5725,2.3659,2.4381,2.439,2.4399,2.4409
Malta,Synthetic Fertilizers,Emissions (CO2eq) (AR5),kilotonnes,4.1643,3.4457,3.6398,2.9574,2.9077,3.2603,3.7589,3.2653,2.2468,2.4276,3.0453,2.5977,3.0253,3.153,3.2807,3.4085,3.1349,3.2305,3.2317,3.2329,3.2341
Malta,Synthetic Fertilizers,Emissions (CO2eq) (AR5),kilotonnes,3.1428,2.6005,2.747,2.232,2.1945,2.4606,2.8369,2.4644,1.6957,1.8321,2.2984,1.9605,2.2833,2.3796,2.476,2.5725,2.3659,2.4381,2.439,2.4399,2.4409
Malta,Drained organic soils,Emissions (CO2eq) (AR5),kilotonnes,0,0,0,0,0,0,0,0,0,0,0,0,0,0,0,0,0,0,0,0,0
Malta,Drained organic soils (CO2),Emissions (CO2),kilotonnes,0,0,0,0,0,0,0,0,0,0,0,0,0,0,0,0,0,0,0,0,0
Malta,Drained organic soils (CO2),Emissions (CO2eq) (AR5),kilotonnes,0,0,0,0,0,0,0,0,0,0,0,0,0,0,0,0,0,0,0,0,0
Malta,Drained organic soils (N2O),Emissions (N2O),kilotonnes,0,0,0,0,0,0,0,0,0,0,0,0,0,0,0,0,0,0,0,0,0
Malta,Drained organic soils (N2O),Emissions (CO2eq) from N2O (AR5),kilotonnes,0,0,0,0,0,0,0,0,0,0,0,0,0,0,0,0,0,0,0,0,0
Malta,Drained organic soils (N2O),Emissions (CO2eq) (AR5),kilotonnes,0,0,0,0,0,0,0,0,0,0,0,0,0,0,0,0,0,0,0,0,0
Malta,On-farm energy use,Emissions (CH4),kilotonnes,0.0037,0.0037,0.004,0.004,0.0037,0.0038,0.0043,0.0037,0.0044,0.0048,0.0048,0.0047,0.0046,0.0053,0.0055,0.0053,0.0053,0.005,0.005,0.0049,0.0049
Malta,On-farm energy use,Emissions (N2O),kilotonnes,0.0037,0.0034,0.001,0.0024,0.0041,0.0019,0.0019,0.0022,0.005,0.005,0.0038,0.005,0.0038,0.0075,0.0087,0.0075,0.0087,0.0063,0.0063,0.0058,0.0058
Malta,On-farm energy use,Emissions (CO2),kilotonnes,14.9525,14.39,8.5589,12.0732,16.1586,10.8323,11.6591,11.9953,19.5858,21.563,19.8994,20.4292,18.5123,28.9333,32.0788,29.3975,31.2802,25.4629,25.4998,24.184,24.184
Malta,On-farm energy use,Emissions (CO2eq) from CH4 (AR5),kilotonnes,0.1043,0.1035,0.1125,0.1115,0.1024,0.1071,0.119,0.104,0.1238,0.134,0.1348,0.1305,0.1298,0.1479,0.153,0.149,0.1495,0.1408,0.1409,0.1384,0.1384
Malta,On-farm energy use,Emissions (CO2eq) from N2O (AR5),kilotonnes,0.9827,0.9069,0.2533,0.6314,1.0958,0.4916,0.507,0.5917,1.3277,1.3319,1.0095,1.3302,1.0066,1.986,2.3121,1.9863,2.3098,1.6583,1.6583,1.5275,1.5275
Malta,On-farm energy use,Emissions (CO2eq) (AR5),kilotonnes,16.0395,15.4004,8.9246,12.8161,17.3568,11.431,12.2851,12.691,21.0373,23.029,21.0437,21.8899,19.6487,31.0671,34.5439,31.5328,33.7395,27.2619,27.2989,25.8499,25.8499
Malta,Forestland,Emissions (CO2),kilotonnes,-0.1228,-0.4495,-0.4495,-0.4495,-0.4495,-0.4495,-0.4495,-0.4495,-0.4495,-0.4495,-0.4495,-0.3049,-0.3049,-0.3049,-0.3049,-0.3049,-4.5348,-4.5348,-4.5348,-4.5348,-4.5348
Malta,Forestland,Emissions (CO2),kilotonnes,-0.0082,-0.0081,-0.0079,-0.0077,-0.0708,-0.0713,-0.0718,-0.0723,-0.0728,-0.0733,-0.0738,-0.0743,-0.0748,-0.0753,-0.0758,-0.096,-0.0967,-0.0974,-0.1002,-0.1389,-0.286
Malta,Forestland,Emissions (CO2eq) (AR5),kilotonnes,-0.1228,-0.4495,-0.4495,-0.4495,-0.4495,-0.4495,-0.4495,-0.4495,-0.4495,-0.4495,-0.4495,-0.3049,-0.3049,-0.3049,-0.3049,-0.3049,-4.5348,-4.5348,-4.5348,-4.5348,-4.5348
Malta,Forestland,Emissions (CO2eq) (AR5),kilotonnes,-0.0082,-0.0081,-0.0079,-0.0077,-0.0708,-0.0713,-0.0718,-0.0723,-0.0728,-0.0733,-0.0738,-0.0743,-0.0748,-0.0753,-0.0758,-0.096,-0.0967,-0.0974,-0.1002,-0.1389,-0.286
Malta,Net Forest conversion,Emissions (CO2),kilotonnes,0,0,0,0,0,0,0,0,0,0,0,0,0,0,0,0,0,0,0,0,0
Malta,Net Forest conversion,Emissions (CO2eq) (AR5),kilotonnes,0,0,0,0,0,0,0,0,0,0,0,0,0,0,0,0,0,0,0,0,0
Malta,Savanna fires,Emissions (CH4),kilotonnes,0,0,0,0,0,0,0,0,0,0,0,0,0,0,0,0,0,0,0,0,0
Malta,Savanna fires,Emissions (N2O),kilotonnes,0,0,0,0,0,0,0,0,0,0,0,0,0,0,0,0,0,0,0,0,0
Malta,Savanna fires,Emissions (CO2eq) from CH4 (AR5),kilotonnes,0,0,0,0,0,0,0,0,0,0,0,0,0,0,0,0,0,0,0,0,0
Malta,Savanna fires,Emissions (CO2eq) from N2O (AR5),kilotonnes,0,0,0,0,0,0,0,0,0,0,0,0,0,0,0,0,0,0,0,0,0
Malta,Savanna fires,Emissions (CO2eq) (AR5),kilotonnes,0,0,0,0,0,0,0,0,0,0,0,0,0,0,0,0,0,0,0,0,0
Malta,Fires in organic soils,Emissions (CH4),kilotonnes,0,0,0,0,0,0,0,0,0,0,0,0,0,0,0,0,0,0,0,0,0
Malta,Fires in organic soils,Emissions (CO2),kilotonnes,0,0,0,0,0,0,0,0,0,0,0,0,0,0,0,0,0,0,0,0,0
Malta,Fires in organic soils,Emissions (CO2eq) from CH4 (AR5),kilotonnes,0,0,0,0,0,0,0,0,0,0,0,0,0,0,0,0,0,0,0,0,0
Malta,Fires in organic soils,Emissions (CO2eq) (AR5),kilotonnes,0,0,0,0,0,0,0,0,0,0,0,0,0,0,0,0,0,0,0,0,0
Malta,Forest fires,Emissions (CH4),kilotonnes,0,0,0,0,0,0,0,0,0,0,0,0,0,0,0,0,0,0,0,0,0
Malta,Forest fires,Emissions (N2O),kilotonnes,0,0,0,0,0,0,0,0,0,0,0,0,0,0,0,0,0,0,0,0,0
Malta,Forest fires,Emissions (CO2eq) from CH4 (AR5),kilotonnes,0,0,0,0,0,0,0,0,0,0,0,0,0,0,0,0,0,0,0,0,0
Malta,Forest fires,Emissions (CO2eq) from N2O (AR5),kilotonnes,0,0,0,0,0,0,0,0,0,0,0,0,0,0,0,0,0,0,0,0,0
Malta,Forest fires,Emissions (CO2eq) (AR5),kilotonnes,0,0,0,0,0,0,0,0,0,0,0,0,0,0,0,0,0,0,0,0,0
Malta,Fires in humid tropical forests,Emissions (CH4),kilotonnes,0,0,0,0,0,0,0,0,0,0,0,0,0,0,0,0,0,0,0,0,0
Malta,Fires in humid tropical forests,Emissions (N2O),kilotonnes,0,0,0,0,0,0,0,0,0,0,0,0,0,0,0,0,0,0,0,0,0
Malta,Fires in humid tropical forests,Emissions (CO2eq) from CH4 (AR5),kilotonnes,0,0,0,0,0,0,0,0,0,0,0,0,0,0,0,0,0,0,0,0,0
Malta,Fires in humid tropical forests,Emissions (CO2eq) from N2O (AR5),kilotonnes,0,0,0,0,0,0,0,0,0,0,0,0,0,0,0,0,0,0,0,0,0
Malta,Fires in humid tropical forests,Emissions (CO2eq) (AR5),kilotonnes,0,0,0,0,0,0,0,0,0,0,0,0,0,0,0,0,0,0,0,0,0
Malta,Waste - agri-food systems,Emissions (CH4),kilotonnes,4.8673,4.9299,4.9758,5.0127,5.0436,5.0703,5.0974,5.1307,5.1658,5.1878,5.2106,5.2309,5.2512,5.2761,5.288,5.3169,5.348,5.3849,5.4298,5.4736,5.5003
Malta,Waste - agri-food systems,Emissions (N2O),kilotonnes,0.0231,0.0234,0.024,0.0245,0.0246,0.0244,0.0247,0.0254,0.0252,0.0249,0.0246,0.0249,0.0249,0.0258,0.027,0.027,0.0277,0.0289,0.0298,0.0308,0.0313
Malta,Waste - agri-food systems,Emissions (CO2),kilotonnes,0.1653,0.1653,0.166,0.1675,0.1683,0.1687,0.1691,0.1703,0.1713,0.1709,0.1712,0.1717,0.1716,0.1724,0.1731,0.1728,0.1731,0.1742,0.1752,0.1754,0.175
Malta,Waste - agri-food systems,Emissions (CO2eq) from CH4 (AR5),kilotonnes,136.2839,138.0385,139.3222,140.3545,141.2219,141.9689,142.727,143.6585,144.6413,145.2583,145.8979,146.4649,147.0328,147.7307,148.0649,148.8734,149.7441,150.7779,152.0358,153.2604,154.0085
Malta,Waste - agri-food systems,Emissions (CO2eq) from N2O (AR5),kilotonnes,6.1146,6.1945,6.3684,6.4852,6.5137,6.4647,6.5348,6.7373,6.681,6.588,6.5208,6.6054,6.609,6.8278,7.1608,7.1456,7.3481,7.6638,7.8939,8.1514,8.3016
Malta,Waste - agri-food systems,Emissions (CO2eq) (AR5),kilotonnes,142.5638,144.3983,145.8566,147.0071,147.9038,148.6022,149.4309,150.566,151.4936,152.0172,152.5899,153.2421,153.8134,154.7309,155.3988,156.1917,157.2653,158.616,160.1048,161.5872,162.4851
Malta,On-farm electricity use,Emissions (CH4),kilotonnes,0.0011,0.0011,0.0012,0.0013,0.0012,0.0013,0.0013,0.0013,0.0013,0.0012,0.0132,0.012,0.012,0.0132,0.0144,0.0144,0.0144,0.0156,0.0144,0.0144,0.0144
Malta,On-farm electricity use,Emissions (N2O),kilotonnes,0,0,0,0,0,0,0,0,0,0,0,0,0,0,0,0,0,0,0,0,0
Malta,On-farm electricity use,Emissions (CO2),kilotonnes,0.7802,0.7813,0.8251,0.8993,0.8913,0.9102,0.9227,0.9218,0.9227,0.85,9.35,8.5,8.7153,9.4684,10.3291,10.3291,10.3291,11.1899,10.3292,10.3292,10.3292
Malta,On-farm electricity use,Emissions (CO2eq) from CH4 (AR5),kilotonnes,0.0308,0.0308,0.0336,0.0364,0.0336,0.0364,0.0364,0.0364,0.0364,0.0336,0.3696,0.336,0.336,0.3696,0.4032,0.4032,0.4032,0.4368,0.4032,0.4032,0.4032
Malta,On-farm electricity use,Emissions (CO2eq) from N2O (AR5),kilotonnes,0,0,0,0,0,0,0,0,0,0,0,0,0,0,0,0,0,0,0,0,0
Malta,On-farm electricity use,Emissions (CO2eq) (AR5),kilotonnes,0.811,0.8121,0.8587,0.9357,0.9249,0.9466,0.9591,0.9582,0.9591,0.8836,9.7196,8.836,9.0513,9.838,10.7323,10.7323,10.7323,11.6267,10.7324,10.7324,10.7324
Malta,Food Processing,Emissions (CH4),kilotonnes,0,0,0,0,0,0,0,0,0,0,0.0732,0.0708,0.0708,0.0684,0.072,0.0744,0.072,0.0816,0.0876,0.0876,0.0812
Malta,Food Processing,Emissions (N2O),kilotonnes,0,0,0,0,0,0,0,0,0,0,0.0004,0.0004,0.0004,0.0004,0.0004,0.0004,0.0004,0.0004,0.0005,0.0005,0.0004
Malta,Food Processing,Emissions (CO2),kilotonnes,0,0,0,0,0,0,0,0,0,0,51.85,50.15,51.4202,49.0636,51.6459,53.3674,51.6459,58.532,62.8358,62.8358,60.8722
Malta,Food Processing,Emissions (CO2eq) from CH4 (AR5),kilotonnes,0,0,0,0,0,0,0,0,0,0,2.0496,1.9824,1.9824,1.9152,2.016,2.0832,2.016,2.2848,2.4528,2.4528,2.2733
Malta,Food Processing,Emissions (CO2eq) from N2O (AR5),kilotonnes,0,0,0,0,0,0,0,0,0,0,0.106,0.106,0.106,0.106,0.106,0.106,0.106,0.106,0.1325,0.1325,0.1097
Malta,Food Processing,Emissions (CO2eq) (AR5),kilotonnes,0,0,0,0,0,0,0,0,0,0,54.0056,52.2384,53.5086,51.0848,53.7679,55.5566,53.7679,60.9228,65.4211,65.4211,63.2553
Malta,Food Packaging,Emissions (CH4),kilotonnes,0.0004,0.0005,0.0005,0.0004,0.0005,0.0005,0.0004,0.0004,0.0004,0.0004,0.0023,0.0023,0.0025,0.0023,0.0024,0.0023,0.0025,0.0029,0.0027,0.0024,0.0022
Malta,Food Packaging,Emissions (N2O),kilotonnes,0,0,0,0,0,0,0,0,0,0,0,0,0,0,0,0,0,0,0,0,0
Malta,Food Packaging,Emissions (CO2),kilotonnes,5.8078,11.5301,10.3637,8.739,9.0681,9.3748,7.6141,8.2598,7.6689,7.332,8.9324,9.4965,10.2908,9.6798,10.5499,7.4122,6.2906,6.9356,10.1257,8.2166,7.9598
Malta,Food Packaging,Emissions (CO2eq) from CH4 (AR5),kilotonnes,0.0112,0.014,0.014,0.0112,0.014,0.014,0.0112,0.0112,0.0112,0.0112,0.0644,0.0644,0.07,0.0644,0.0672,0.0644,0.07,0.0812,0.0756,0.0672,0.0623
Malta,Food Packaging,Emissions (CO2eq) from N2O (AR5),kilotonnes,0,0,0,0,0,0,0,0,0,0,0,0,0,0,0,0,0,0,0,0,0
Malta,Food Packaging,Emissions (CO2eq) (AR5),kilotonnes,5.819,11.5441,10.3777,8.7502,9.0821,9.3888,7.6253,8.271,7.6801,7.3432,8.9968,9.5609,10.3608,9.7442,10.6171,7.4766,6.3606,7.0168,10.2013,8.2838,8.0221
Malta,Food Retail,Emissions (CH4),kilotonnes,0.043,0.0721,0.0762,0.082,0.0824,0.0743,0.0876,0.0875,0.0858,0.0829,0.1082,0.1097,0.1194,0.1186,0.1249,0.1328,0.1316,0.1447,0.1478,0.1503,0.1393
Malta,Food Retail,Emissions (N2O),kilotonnes,0.0002,0.0004,0.0004,0.0004,0.0004,0.0004,0.0004,0.0004,0.0005,0.0005,0.0006,0.0006,0.0007,0.0007,0.0007,0.0008,0.0008,0.0008,0.0008,0.0009,0.0007
Malta,Food Retail,Emissions (CO2),kilotonnes,36.0032,51.051,53.9495,58.0635,58.344,52.6405,62.084,61.9905,60.775,64.0575,87.0277,82.6746,95.4129,95.1618,102.0654,108.0707,106.8294,113.1631,114.065,117.6565,113.9797
Malta,Food Retail,Emissions (CO2eq) from F-gases (AR5),kilotonnes,62.34,76.886,88.315,100.2635,116.8875,131.4335,144.9405,158.967,161.045,162.084,162.6035,163.123,163.123,163.123,163.123,163.123,176.1105,179.2275,182.864,185.981,216.2309
Malta,Food Retail,Emissions (CO2eq) from CH4 (AR5),kilotonnes,1.204,2.0188,2.1336,2.296,2.3072,2.0804,2.4528,2.45,2.4024,2.3212,3.0296,3.0716,3.3432,3.3208,3.4972,3.7184,3.6848,4.0516,4.1384,4.2084,3.9005
Malta,Food Retail,Emissions (CO2eq) from N2O (AR5),kilotonnes,0.0651,0.106,0.106,0.106,0.106,0.106,0.106,0.106,0.1325,0.1325,0.159,0.159,0.1855,0.1855,0.1855,0.212,0.212,0.212,0.212,0.2385,0.1975
Malta,Food Retail,Emissions (CO2eq) (AR5),kilotonnes,99.6124,130.0618,144.5041,160.729,177.6447,186.2604,209.5833,223.5135,224.3549,228.5952,252.8198,249.0282,262.0646,261.7911,268.8711,275.1241,286.8367,296.6542,301.2794,308.0844,334.3087
Malta,Food Household Consumption,Emissions (CH4),kilotonnes,0.094,0.0908,0.0959,0.1059,0.1037,0.1042,0.1102,0.1101,0.1079,0.0952,0.0985,0.0991,0.1036,0.1017,0.1026,0.1096,0.1111,0.1214,0.1262,0.1262,0.117
Malta,Food Household Consumption,Emissions (N2O),kilotonnes,0.0005,0.0005,0.0005,0.0006,0.0006,0.0006,0.0006,0.0006,0.0006,0.0005,0.0005,0.0005,0.0006,0.0006,0.0006,0.0006,0.0006,0.0007,0.0007,0.0007,0.0006
Malta,Food Household Consumption,Emissions (CO2),kilotonnes,76.7264,74.9044,79.3051,87.5532,86.3422,82.0304,86.6556,86.538,84.9859,73.2717,75.2114,75.2689,80.2953,78.3816,78.6833,85.2477,86.7329,94.1187,97.1603,97.1603,94.124
Malta,Food Household Consumption,Emissions (CO2eq) from CH4 (AR5),kilotonnes,2.632,2.5424,2.6852,2.9652,2.9036,2.9176,3.0856,3.0828,3.0212,2.6656,2.758,2.7748,2.9008,2.8476,2.8728,3.0688,3.1108,3.3992,3.5336,3.5336,3.275
Malta,Food Household Consumption,Emissions (CO2eq) from N2O (AR5),kilotonnes,0.1325,0.1325,0.1325,0.159,0.159,0.159,0.159,0.159,0.159,0.1325,0.1325,0.1325,0.159,0.159,0.159,0.159,0.159,0.1855,0.1855,0.1855,0.1536
Malta,Food Household Consumption,Emissions (CO2eq) (AR5),kilotonnes,79.4909,77.5793,82.1228,90.6774,89.4048,85.107,89.9002,89.7798,88.1661,76.0698,78.1019,78.1762,83.3551,81.3882,81.7151,88.4755,90.0027,97.7034,100.8794,100.8794,97.5527
Malta,Food Transport,Emissions (CH4),kilotonnes,0.0064,0.0058,0.0055,0.0053,0.0047,0.0051,0.0049,0.0048,0.0054,0.0044,0.0044,0.0041,0.0037,0.0036,0.0032,0.0031,0.003,0.0031,0.0026,0.0018,0.0017
Malta,Food Transport,Emissions (N2O),kilotonnes,0.0012,0.0011,0.0009,0.001,0.0011,0.0012,0.0012,0.0012,0.0014,0.0012,0.0013,0.0013,0.0013,0.0013,0.0013,0.0014,0.0014,0.0015,0.0013,0.0013,0.0011
Malta,Food Transport,Emissions (CO2),kilotonnes,35.112,32.725,22.022,28.105,34.265,38.1934,39.3413,40.5594,44.3323,39.1174,42.784,41.8124,41.1403,42.2604,41.7073,44.0817,43.8648,46.2222,40.8873,40.945,39.6655
Malta,Food Transport,Emissions (CO2eq) from CH4 (AR5),kilotonnes,0.1792,0.1624,0.154,0.1484,0.1316,0.1428,0.1372,0.1344,0.1512,0.1232,0.1232,0.1148,0.1036,0.1008,0.0896,0.0868,0.084,0.0868,0.0728,0.0504,0.0467
Malta,Food Transport,Emissions (CO2eq) from N2O (AR5),kilotonnes,0.318,0.2915,0.2385,0.265,0.2915,0.318,0.318,0.318,0.371,0.318,0.3445,0.3445,0.3445,0.3445,0.3445,0.371,0.371,0.3975,0.3445,0.3445,0.2853
Malta,Food Transport,Emissions (CO2eq) (AR5),kilotonnes,35.6092,33.1789,22.4145,28.5184,34.6881,38.6542,39.7965,41.0118,44.8545,39.5586,43.2517,42.2717,41.5884,42.7057,42.1414,44.5395,44.3198,46.7065,41.3046,41.3399,39.9975
Malta,Energy,Emissions (CH4),kilotonnes,0.126,0.125,0.122,0.125,0.115,0.119,0.116,0.117,0.124,0.107,0.121,0.113,0.119,0.111,0.112,0.0973,0.0885,0.121,0.111,0.123,0.114
Malta,Energy,Emissions (N2O),kilotonnes,0.024,0.0251,0.0227,0.0253,0.0255,0.0317,0.0306,0.0325,0.0343,0.0298,0.0325,0.031,0.0305,0.0293,0.0305,0.0278,0.0263,0.0258,0.0264,0.0297,0.0246
Malta,Energy,Emissions (CO2),kilotonnes,2120,2490,2300,2580,2570,2700,2570,2720,2560,2480,2560,2550,2680,2350,2350,1620,1320,1530,2240,2240,2170
Malta,Energy,Emissions (CO2eq) from CH4 (AR5),kilotonnes,3.528,3.5,3.416,3.5,3.22,3.332,3.248,3.276,3.472,2.996,3.388,3.164,3.332,3.108,3.136,2.7244,2.478,3.388,3.108,3.444,3.192
Malta,Energy,Emissions (CO2eq) from N2O (AR5),kilotonnes,6.36,6.6515,6.0155,6.7045,6.7575,8.4005,8.109,8.6125,9.0895,7.897,8.6125,8.215,8.0825,7.7645,8.0825,7.367,6.9695,6.837,6.996,7.8705,6.519
Malta,Energy,Emissions (CO2eq) (AR5),kilotonnes,2129.888,2500.1515,2309.4315,2590.2045,2579.9775,2711.7325,2581.357,2731.8885,2572.5615,2490.893,2572.0005,2561.379,2691.4145,2360.8725,2361.2185,1630.0914,1329.4475,1540.225,2250.104,2251.3145,2179.711
Malta,IPPU,Emissions (CH4),kilotonnes,0,0,0,0,0,0,0,0,0,0,0,0,0,0,0,0,0,0,0,0,0
Malta,IPPU,Emissions (N2O),kilotonnes,0.0099,0.0095,0.009,0.0085,0.008,0.0075,0.0072,0.007,0.0067,0.0064,0.0062,0.0062,0.0062,0.0063,0.0063,0.0063,0.0064,0.0064,0.0064,0.0096,0.0168
Malta,IPPU,Emissions (CO2),kilotonnes,32.4,35,35.2,33.2,40.5,43.5,50.5,46.4,41,35.1,46.3,32.8,56.3,56.3,57.2,57.2,58,58.4,58.7,50.4,47.1
Malta,IPPU,Emissions (CO2eq) from F-gases (AR5),kilotonnes,56.3618,70.4522,86.1946,98.1472,110.78,129.2434,144.7914,159.3678,173.9441,188.5204,195.3227,230.3058,272.0913,290.5546,303.1874,317.7637,336.2271,352.7469,337.1988,322.6225,375.0973
Malta,IPPU,Emissions (CO2eq) from CH4 (AR5),kilotonnes,0,0,0,0,0,0,0,0,0,0,0,0,0,0,0,0,0,0,0,0,0
Malta,IPPU,Emissions (CO2eq) from N2O (AR5),kilotonnes,2.6341,2.5095,2.3797,2.2498,2.1147,1.9796,1.9107,1.8418,1.7702,1.7013,1.6298,1.6404,1.6483,1.6589,1.6668,1.6748,1.6828,1.6881,1.6933,2.5546,4.452
Malta,IPPU,Emissions (CO2eq) (AR5),kilotonnes,91.3959,107.9618,123.7743,133.5971,153.3947,174.7229,197.2021,207.6095,216.7143,225.3217,243.2524,264.7462,330.0396,348.5135,362.0543,376.6385,395.9098,412.835,397.5922,375.5771,426.6493
Malta,Waste,Emissions (CH4),kilotonnes,2.47,2.61,2.7,2.85,2.92,3.32,3.84,4.21,4.47,5.11,5.45,5.77,2.98,2.92,3.06,3.41,3.43,3.45,3.63,3.8,3.83
Malta,Waste,Emissions (N2O),kilotonnes,0.032,0.0328,0.0305,0.0323,0.033,0.0332,0.0348,0.0289,0.0295,0.0296,0.0291,0.0289,0.0288,0.0293,0.03,0.0306,0.031,0.0312,0.0293,0.0375,0.0342
Malta,Waste,Emissions (CO2),kilotonnes,0.23,0.231,0.231,0.231,0.215,0.215,0.215,0.215,0.241,0.328,0.354,0.476,0.431,0.248,0.439,0.371,0.358,0.331,0.362,0.361,0.42
Malta,Waste,Emissions (CO2eq) from CH4 (AR5),kilotonnes,69.16,73.08,75.6,79.8,81.76,92.96,107.52,117.88,125.16,143.08,152.6,161.56,83.44,81.76,85.68,95.48,96.04,96.6,101.64,106.4,107.24
Malta,Waste,Emissions (CO2eq) from N2O (AR5),kilotonnes,8.48,8.692,8.0825,8.5595,8.745,8.798,9.222,7.6585,7.8175,7.844,7.7115,7.6585,7.632,7.7645,7.95,8.109,8.215,8.268,7.7645,9.9375,9.063
Malta,Waste,Emissions (CO2eq) (AR5),kilotonnes,77.87,82.003,83.9135,88.5905,90.72,101.973,116.957,125.7535,133.2185,151.252,160.6655,169.6945,91.503,89.7725,94.069,103.96,104.613,105.199,109.7665,116.6985,116.723
Malta,Other,Emissions (N2O),kilotonnes,0.0515,0.0586,0.0526,0.0585,0.0602,0.0619,0.0613,0.0609,0.058,0.0515,0.0547,0.0544,0.0554,0.0494,0.0465,0.0341,0.028,0.0209,0.018,0.0233,0.0203
Malta,Other,Emissions (CO2eq) from N2O (AR5),kilotonnes,13.6475,15.529,13.939,15.5025,15.953,16.4035,16.2445,16.1385,15.37,13.6475,14.4955,14.416,14.681,13.091,12.3225,9.0365,7.42,5.5385,4.77,6.1745,5.3795
Malta,Other,Emissions (CO2eq) (AR5),kilotonnes,13.6475,15.529,13.939,15.5025,15.953,16.4035,16.2445,16.1385,15.37,13.6475,14.4955,14.416,14.681,13.091,12.3225,9.0365,7.42,5.5385,4.77,6.1745,5.3795
Malta,Farm-gate emissions,Emissions (CH4),kilotonnes,3.4526,3.3898,3.3791,3.3604,3.2142,3.3963,3.3778,3.3039,3.3383,2.9104,2.8004,2.4771,2.5106,2.53,2.4858,2.4397,2.3701,2.2508,2.2906,2.2606,2.3821
Malta,Farm-gate emissions,Direct emissions (N2O),kilotonnes,0.0602,0.061,0.0581,0.0587,0.0556,0.0589,0.0604,0.0585,0.0571,0.0516,0.051,0.0462,0.0478,0.0477,0.0479,0.0479,0.0463,0.0457,0.0437,0.0433,0.0444
Malta,Farm-gate emissions,Indirect emissions (N2O),kilotonnes,0.0213,0.0218,0.0206,0.0211,0.0199,0.0211,0.0215,0.0209,0.0205,0.0185,0.0182,0.0163,0.0169,0.0168,0.0169,0.0169,0.0164,0.016,0.0158,0.0156,0.0161
Malta,Farm-gate emissions,Emissions (N2O),kilotonnes,0.1093,0.1121,0.104,0.1072,0.1027,0.1062,0.108,0.1057,0.1071,0.0964,0.0934,0.0855,0.0868,0.0904,0.0919,0.0903,0.089,0.0845,0.0826,0.0814,0.0837
Malta,Farm-gate emissions,Emissions (CO2),kilotonnes,14.9525,14.39,8.5589,12.0732,16.1586,10.8323,11.6591,11.9953,19.5858,21.563,19.8994,20.4292,18.5123,28.9333,32.0788,29.3975,31.2802,25.4629,25.4998,24.184,24.184
Malta,Farm-gate emissions,Emissions (CO2eq) from CH4 (AR5),kilotonnes,96.6731,94.9132,94.6147,94.0914,89.9985,95.0975,94.5772,92.509,93.4737,81.4912,78.4103,69.3591,70.297,70.8398,69.6031,68.311,66.3614,63.0225,64.1366,63.2967,66.6976
Malta,Farm-gate emissions,Emissions (CO2eq) from N2O (AR5),kilotonnes,28.9734,29.7019,27.5504,28.4089,27.2265,28.148,28.6129,28.0102,28.3844,25.5503,24.7561,22.654,23.0033,23.9597,24.3457,23.9397,23.5888,22.4044,21.876,21.5772,22.1845
Malta,Farm-gate emissions,Emissions (CO2eq) (AR5),kilotonnes,140.599,139.0051,130.724,134.5735,133.3836,134.0778,134.8492,132.5145,141.4439,128.6045,123.0657,112.4423,111.8126,123.7328,126.0275,121.6482,121.2303,110.8898,111.5123,109.0579,113.0661
Malta,Land Use change,Emissions (CH4),kilotonnes,0,0,0,0,0,0,0,0,0,0,0,0,0,0,0,0,0,0,0,0,0
Malta,Land Use change,Emissions (N2O),kilotonnes,0,0,0,0,0,0,0,0,0,0,0,0,0,0,0,0,0,0,0,0,0
Malta,Land Use change,Emissions (CO2),kilotonnes,0,0,0,0,0,0,0,0,0,0,0,0,0,0,0,0,0,0,0,0,0
Malta,Land Use change,Emissions (CO2eq) from CH4 (AR5),kilotonnes,0,0,0,0,0,0,0,0,0,0,0,0,0,0,0,0,0,0,0,0,0
Malta,Land Use change,Emissions (CO2eq) from N2O (AR5),kilotonnes,0,0,0,0,0,0,0,0,0,0,0,0,0,0,0,0,0,0,0,0,0
Malta,Land Use change,Emissions (CO2eq) (AR5),kilotonnes,0,0,0,0,0,0,0,0,0,0,0,0,0,0,0,0,0,0,0,0,0
Malta,Emissions on agricultural land,Emissions (CH4),kilotonnes,3.4526,3.3898,3.3791,3.3604,3.2142,3.3963,3.3778,3.3039,3.3383,2.9104,2.8004,2.4771,2.5106,2.53,2.4858,2.4397,2.3701,2.2508,2.2906,2.2606,2.3821
Malta,Emissions on agricultural land,Emissions (N2O),kilotonnes,0.1093,0.1121,0.104,0.1072,0.1027,0.1062,0.108,0.1057,0.1071,0.0964,0.0934,0.0855,0.0868,0.0904,0.0919,0.0903,0.089,0.0845,0.0826,0.0814,0.0837
Malta,Emissions on agricultural land,Emissions (CO2),kilotonnes,14.9525,14.39,8.5589,12.0732,16.1586,10.8323,11.6591,11.9953,19.5858,21.563,19.8994,20.4292,18.5123,28.9333,32.0788,29.3975,31.2802,25.4629,25.4998,24.184,24.184
Malta,Emissions on agricultural land,Emissions (CO2eq) from CH4 (AR5),kilotonnes,96.6731,94.9132,94.6147,94.0914,89.9985,95.0975,94.5772,92.509,93.4737,81.4912,78.4103,69.3591,70.297,70.8398,69.6031,68.311,66.3614,63.0225,64.1366,63.2967,66.6976
Malta,Emissions on agricultural land,Emissions (CO2eq) from N2O (AR5),kilotonnes,28.9734,29.7019,27.5504,28.4089,27.2265,28.148,28.6129,28.0102,28.3844,25.5503,24.7561,22.654,23.0033,23.9597,24.3457,23.9397,23.5888,22.4044,21.876,21.5772,22.1845
Malta,Emissions on agricultural land,Emissions (CO2eq) (AR5),kilotonnes,140.599,139.0051,130.724,134.5735,133.3836,134.0778,134.8492,132.5145,141.4439,128.6045,123.0657,112.4423,111.8126,123.7328,126.0275,121.6482,121.2303,110.8898,111.5123,109.0579,113.0661
Malta,Pre- and post- production,Emissions (CH4),kilotonnes,5.0122,5.1002,5.1551,5.2076,5.2361,5.2557,5.3018,5.3348,5.3666,5.3719,5.5104,5.5289,5.5632,5.5839,5.6075,5.6535,5.6826,5.7542,5.8111,5.8563,5.8561
Malta,Pre- and post- production,Emissions (N2O),kilotonnes,0.025,0.0254,0.0258,0.0265,0.0267,0.0266,0.0269,0.0276,0.0277,0.0271,0.0274,0.0277,0.0279,0.0288,0.03,0.0302,0.0309,0.0323,0.0331,0.0342,0.0341
Malta,Pre- and post- production,Emissions (CO2),kilotonnes,154.5949,171.1571,166.6314,183.5275,189.0789,183.318,196.7868,198.4398,198.8561,184.7995,275.3267,268.0741,287.4464,284.188,295.154,308.6816,305.8658,330.3357,335.5785,337.3188,327.1054
Malta,Pre- and post- production,Emissions (CO2eq) from F-gases (AR5),kilotonnes,62.34,76.886,88.315,100.2635,116.8875,131.4335,144.9405,158.967,161.045,162.084,162.6035,163.123,163.123,163.123,163.123,163.123,176.1105,179.2275,182.864,185.981,216.2309
Malta,Pre- and post- production,Emissions (CO2eq) from CH4 (AR5),kilotonnes,140.3411,142.8069,144.3426,145.8117,146.6119,147.1601,148.4502,149.3733,150.2637,150.4131,154.2923,154.8089,155.7688,156.3491,157.0109,158.2982,159.1129,161.1183,162.7122,163.976,163.9695
Malta,Pre- and post- production,Emissions (CO2eq) from N2O (AR5),kilotonnes,6.6303,6.7245,6.8454,7.0152,7.0702,7.0477,7.1178,7.3203,7.3435,7.171,7.2628,7.3474,7.404,7.6228,7.9558,7.9936,8.1961,8.5648,8.7684,9.0524,9.0479
Malta,Pre- and post- production,Emissions (CO2eq) (AR5),kilotonnes,363.9062,397.5745,406.1344,436.6178,459.6484,468.9592,497.2953,514.1003,517.5083,504.4676,599.4853,593.3535,613.7422,611.2829,623.2437,638.0963,649.2853,679.2464,689.923,696.3282,716.3538
Malta,Agri-food systems,Emissions (CH4),kilotonnes,8.4648,8.49,8.5342,8.568,8.4504,8.6521,8.6796,8.6387,8.7049,8.2823,8.3108,8.006,8.0738,8.1139,8.0934,8.0932,8.0527,8.005,8.1017,8.1169,8.2381
Malta,Agri-food systems,Emissions (N2O),kilotonnes,0.1344,0.1375,0.1298,0.1337,0.1294,0.1328,0.1348,0.1333,0.1348,0.1235,0.1208,0.1132,0.1147,0.1192,0.1219,0.1205,0.1199,0.1169,0.1156,0.1156,0.1179
Malta,Agri-food systems,Emissions (CO2),kilotonnes,169.5474,185.5471,175.1902,195.6006,205.2375,194.1502,208.4459,210.4351,218.4418,206.3626,295.2261,288.5033,305.9587,313.1213,327.2328,338.079,337.146,355.7986,361.0783,361.5028,351.2894
Malta,Agri-food systems,Emissions (CO2eq) from F-gases (AR5),kilotonnes,62.34,76.886,88.315,100.2635,116.8875,131.4335,144.9405,158.967,161.045,162.084,162.6035,163.123,163.123,163.123,163.123,163.123,176.1105,179.2275,182.864,185.981,216.2309
Malta,Agri-food systems,Emissions (CO2eq) from CH4 (AR5),kilotonnes,237.0142,237.7201,238.9573,239.9031,236.6103,242.2576,243.0274,241.8822,243.7374,231.9043,232.7026,224.168,226.0658,227.189,226.614,226.6092,225.4743,224.1408,226.8487,227.2727,230.6671
Malta,Agri-food systems,Emissions (CO2eq) from N2O (AR5),kilotonnes,35.6037,36.4264,34.3958,35.4241,34.2967,35.1957,35.7307,35.3305,35.7279,32.7213,32.0188,30.0014,30.4073,31.5825,32.3015,31.9332,31.7848,30.9692,30.6443,30.6296,31.2324
Malta,Agri-food systems,Emissions (CO2eq) (AR5),kilotonnes,504.5053,536.5796,536.8583,571.1914,593.032,603.037,632.1445,646.6148,658.9522,633.0721,722.551,705.7958,725.5548,735.0158,749.2712,759.7445,770.5156,790.1361,801.4353,805.386,829.4199
Malta,IPCC Agriculture,Emissions (CH4),kilotonnes,3.4489,3.3861,3.3751,3.3564,3.2106,3.3925,3.3735,3.3002,3.3339,2.9056,2.7956,2.4725,2.506,2.5247,2.4804,2.4344,2.3647,2.2458,2.2856,2.2557,2.3771
Malta,IPCC Agriculture,Emissions (CH4),kilotonnes,2.3218,2.2158,2.2083,2.124,2.2209,1.9808,1.9386,1.9513,1.863,1.7662,1.7135,1.6552,1.6898,1.6558,1.6299,1.606,1.5863,1.5357,1.5436,1.5492,1.5811
Malta,IPCC Agriculture,Direct emissions (N2O),kilotonnes,0.0602,0.061,0.0581,0.0587,0.0556,0.0589,0.0604,0.0585,0.0571,0.0516,0.051,0.0462,0.0478,0.0477,0.0479,0.0479,0.0463,0.0457,0.0437,0.0433,0.0444
Malta,IPCC Agriculture,Indirect emissions (N2O),kilotonnes,0.0213,0.0218,0.0206,0.0211,0.0199,0.0211,0.0215,0.0209,0.0205,0.0185,0.0182,0.0163,0.0169,0.0168,0.0169,0.0169,0.0164,0.016,0.0158,0.0156,0.0161
Malta,IPCC Agriculture,Emissions (N2O),kilotonnes,0.1056,0.1087,0.103,0.1048,0.0986,0.1044,0.1061,0.1035,0.1021,0.0914,0.0896,0.0805,0.083,0.0829,0.0831,0.0828,0.0803,0.0783,0.0763,0.0757,0.078
Malta,IPCC Agriculture,Emissions (N2O),kilotonnes,0.1925,0.1879,0.1859,0.1764,0.1805,0.1664,0.1671,0.1682,0.1548,0.1473,0.1455,0.14,0.1436,0.1412,0.1393,0.1403,0.1342,0.1333,0.1337,0.1337,0.1366
Malta,IPCC Agriculture,Emissions (CO2eq) from CH4 (AR5),kilotonnes,96.5689,94.8096,94.5022,93.9799,89.896,94.9904,94.4582,92.4049,93.3499,81.3571,78.2754,69.2286,70.1672,70.692,69.4501,68.162,66.2119,62.8818,63.9957,63.1583,66.5592
Malta,IPCC Agriculture,Emissions (CO2eq) from CH4 (AR5),kilotonnes,65.0099,62.0411,61.833,59.4707,62.184,55.4616,54.2801,54.6351,52.1635,49.453,47.9768,46.3449,47.3134,46.3626,45.6385,44.9672,44.4174,43.0009,43.2203,43.3784,44.2695
Malta,IPCC Agriculture,Emissions (CO2eq) from N2O (AR5),kilotonnes,27.9907,28.795,27.2971,27.7776,26.1308,27.6564,28.1059,27.4185,27.0567,24.2184,23.7466,21.3238,21.9967,21.9737,22.0336,21.9533,21.2789,20.7461,20.2177,20.0497,20.657
Malta,IPCC Agriculture,Emissions (CO2eq) from N2O (AR5),kilotonnes,51.0148,49.7808,49.2654,46.7416,47.8317,44.1027,44.2849,44.5618,41.0151,39.0235,38.5699,37.0868,38.0563,37.4288,36.9076,37.1736,35.5635,35.3246,35.4339,35.4395,36.2013
Malta,IPCC Agriculture,Emissions (CO2eq) (AR5),kilotonnes,124.5595,123.6046,121.7993,121.7575,116.0268,122.6468,122.5641,119.8235,120.4066,105.5755,102.022,90.5524,92.164,92.6657,91.4837,90.1154,87.4908,83.6279,84.2134,83.2079,87.2161
Malta,IPCC Agriculture,Emissions (CO2eq) (AR5),kilotonnes,116.0247,111.8219,111.0984,106.2123,110.0158,99.5642,98.565,99.197,93.1786,88.4765,86.5467,83.4317,85.3697,83.7914,82.5461,82.1409,79.9809,78.3255,78.6542,78.8179,80.4708
Malta,Agricultural Soils,Direct emissions (N2O),kilotonnes,0.0602,0.061,0.0581,0.0587,0.0556,0.0589,0.0604,0.0585,0.0571,0.0516,0.051,0.0462,0.0478,0.0477,0.0479,0.0479,0.0463,0.0457,0.0437,0.0433,0.0444
Malta,Agricultural Soils,Direct emissions (N2O),kilotonnes,0.0803,0.0784,0.0763,0.0726,0.0735,0.0687,0.0697,0.0697,0.0637,0.0611,0.0616,0.0594,0.0613,0.0605,0.0601,0.0607,0.0584,0.0585,0.0584,0.0587,0.0595
Malta,Agricultural Soils,Indirect emissions (N2O),kilotonnes,0.0213,0.0218,0.0206,0.0211,0.0199,0.0211,0.0215,0.0209,0.0205,0.0185,0.0182,0.0163,0.0169,0.0168,0.0169,0.0169,0.0164,0.016,0.0158,0.0156,0.0161
Malta,Agricultural Soils,Indirect emissions (N2O),kilotonnes,0.0303,0.0295,0.0292,0.0276,0.028,0.026,0.0263,0.0263,0.024,0.0229,0.0228,0.022,0.0227,0.0223,0.0221,0.0223,0.0213,0.0213,0.0214,0.0214,0.0218
Malta,Agricultural Soils,Emissions (N2O),kilotonnes,0.0814,0.0829,0.0787,0.0798,0.0755,0.08,0.0819,0.0794,0.0776,0.0701,0.0692,0.0625,0.0647,0.0646,0.0648,0.0648,0.0627,0.0617,0.0594,0.059,0.0605
Malta,Agricultural Soils,Emissions (N2O),kilotonnes,0.1107,0.1079,0.1056,0.1003,0.1014,0.0947,0.096,0.096,0.0877,0.0839,0.0844,0.0814,0.0841,0.0829,0.0821,0.083,0.0797,0.0798,0.0798,0.0801,0.0813
Malta,Agricultural Soils,Emissions (CO2eq) from N2O (AR5),kilotonnes,21.5782,21.9589,20.8676,21.1376,20.0186,21.1927,21.7061,21.0414,20.568,18.5657,18.3453,16.5564,17.1488,17.1099,17.1816,17.1746,16.6284,16.3585,15.7484,15.6313,16.0241
Malta,Agricultural Soils,Emissions (CO2eq) from N2O (AR5),kilotonnes,29.3307,28.6032,27.9799,26.5664,26.8842,25.0942,25.4426,25.4286,23.2396,22.2444,22.3759,21.5763,22.2751,21.9566,21.7667,21.9949,21.108,21.1424,21.1543,21.2136,21.5563
Malta,Agricultural Soils,Emissions (CO2eq) (AR5),kilotonnes,21.5782,21.9589,20.8676,21.1376,20.0186,21.1927,21.7061,21.0414,20.568,18.5657,18.3453,16.5564,17.1488,17.1099,17.1816,17.1746,16.6284,16.3585,15.7484,15.6313,16.0241
Malta,Agricultural Soils,Emissions (CO2eq) (AR5),kilotonnes,29.3307,28.6032,27.9799,26.5664,26.8842,25.0942,25.4426,25.4286,23.2396,22.2444,22.3759,21.5763,22.2751,21.9566,21.7667,21.9949,21.108,21.1424,21.1543,21.2136,21.5563
Malta,LULUCF,Emissions (CH4),kilotonnes,0,0,0,0,0,0,0,0,0,0,0,0,0,0,0,0,0,0,0,0,0
Malta,LULUCF,Emissions (CH4),kilotonnes,,,,,,,,,,,,,,,,,,,,,
Malta,LULUCF,Emissions (N2O),kilotonnes,0,0,0,0,0,0,0,0,0,0,0,0,0,0,0,0,0,0,0,0,0
Malta,LULUCF,Emissions (N2O),kilotonnes,0.0032,0.0029,0.0027,0.0026,0.0025,0.0024,0.0024,0.0023,0.0022,0.0021,0.0019,0.0019,0.0018,0.0018,0.0018,0.0018,0.0017,0.0017,0.0017,0.0016,
Malta,LULUCF,Emissions (CO2),kilotonnes,-0.1228,-0.4495,-0.4495,-0.4495,-0.4495,-0.4495,-0.4495,-0.4495,-0.4495,-0.4495,-0.4495,-0.3049,-0.3049,-0.3049,-0.3049,-0.3049,-4.5348,-4.5348,-4.5348,-4.5348,-4.5348
Malta,LULUCF,Emissions (CO2),kilotonnes,6.8497,6.6988,6.4994,6.0281,5.5774,5.1557,4.7275,4.2806,3.8579,3.4654,2.6947,2.4151,2.1355,1.856,1.5764,1.2968,1.0172,0.7413,0.4617,0.1821,
Malta,LULUCF,Emissions (CO2eq) from CH4 (AR5),kilotonnes,0,0,0,0,0,0,0,0,0,0,0,0,0,0,0,0,0,0,0,0,0
Malta,LULUCF,Emissions (CO2eq) from N2O (AR5),kilotonnes,0,0,0,0,0,0,0,0,0,0,0,0,0,0,0,0,0,0,0,0,0
Malta,LULUCF,Emissions (CO2eq) (AR5),kilotonnes,-0.1228,-0.4495,-0.4495,-0.4495,-0.4495,-0.4495,-0.4495,-0.4495,-0.4495,-0.4495,-0.4495,-0.3049,-0.3049,-0.3049,-0.3049,-0.3049,-4.5348,-4.5348,-4.5348,-4.5348,-4.5348
Malta,LULUCF,Emissions (CO2eq) (AR5),kilotonnes,6.8497,6.6988,6.4994,6.0281,5.5774,5.1557,4.7275,4.2806,3.8579,3.4654,2.6947,2.4151,2.1355,1.856,1.5764,1.2968,1.0172,0.7413,0.4617,0.1821,
Malta,AFOLU,Emissions (CH4),kilotonnes,3.4489,3.3861,3.3751,3.3564,3.2106,3.3925,3.3735,3.3002,3.3339,2.9056,2.7956,2.4725,2.506,2.5247,2.4804,2.4344,2.3647,2.2458,2.2856,2.2557,2.3771
Malta,AFOLU,Emissions (N2O),kilotonnes,0.1056,0.1087,0.103,0.1048,0.0986,0.1044,0.1061,0.1035,0.1021,0.0914,0.0896,0.0805,0.083,0.0829,0.0831,0.0828,0.0803,0.0783,0.0763,0.0757,0.078
Malta,AFOLU,Emissions (CO2),kilotonnes,-0.1228,-0.4495,-0.4495,-0.4495,-0.4495,-0.4495,-0.4495,-0.4495,-0.4495,-0.4495,-0.4495,-0.3049,-0.3049,-0.3049,-0.3049,-0.3049,-4.5348,-4.5348,-4.5348,-4.5348,-4.5348
Malta,AFOLU,Emissions (CO2eq) from CH4 (AR5),kilotonnes,96.5689,94.8096,94.5022,93.9799,89.896,94.9904,94.4582,92.4049,93.3499,81.3571,78.2754,69.2286,70.1672,70.692,69.4501,68.162,66.2119,62.8818,63.9957,63.1583,66.5592
Malta,AFOLU,Emissions (CO2eq) from N2O (AR5),kilotonnes,27.9907,28.795,27.2971,27.7776,26.1308,27.6564,28.1059,27.4185,27.0567,24.2184,23.7466,21.3238,21.9967,21.9737,22.0336,21.9533,21.2789,20.7461,20.2177,20.0497,20.657
Malta,AFOLU,Emissions (CO2eq) (AR5),kilotonnes,124.4367,123.1552,121.3499,121.308,115.5773,122.1974,122.1146,119.374,119.9572,105.126,101.5726,90.2475,91.8591,92.3608,91.1787,89.8105,82.956,79.0931,79.6786,78.6731,82.6813
Malta,All sectors with LULUCF,Emissions (CH4),kilotonnes,6.0449,6.1211,6.1971,6.3314,6.2456,6.8315,7.3295,7.6272,7.9279,8.1226,8.3666,8.3555,5.605,5.5557,5.6524,5.9417,5.8832,5.8168,6.0266,6.1787,6.3211
Malta,All sectors with LULUCF,Emissions (N2O),kilotonnes,0.2231,0.2346,0.2178,0.2294,0.2253,0.2386,0.24,0.2327,0.2306,0.2087,0.2121,0.201,0.2039,0.1972,0.1964,0.1817,0.1719,0.1626,0.1564,0.1758,0.1739
Malta,All sectors with LULUCF,Emissions (CO2),kilotonnes,2152.5072,2524.7815,2334.9815,2612.9815,2610.2655,2743.2655,2620.2655,2766.1655,2600.7915,2514.9785,2606.2045,2582.9711,2736.4261,2406.2431,2407.3341,1677.2661,1373.8232,1584.1962,2294.5272,2286.2262,2212.9852
Malta,All sectors with LULUCF,Emissions (CO2eq) from F-gases (AR5),kilotonnes,56.3618,70.4522,86.1946,98.1472,110.78,129.2434,144.7914,159.3678,173.9441,188.5204,195.3227,230.3058,272.0913,290.5546,303.1874,317.7637,336.2271,352.7469,337.1988,322.6225,375.0973
Malta,All sectors with LULUCF,Emissions (CO2eq) from CH4 (AR5),kilotonnes,169.2569,171.3896,173.5182,177.2799,174.876,191.2824,205.2262,213.5609,221.9819,227.4331,234.2634,233.9526,156.9392,155.56,158.2661,166.3664,164.7299,162.8698,168.7437,173.0023,176.9912
Malta,All sectors with LULUCF,Emissions (CO2eq) from N2O (AR5),kilotonnes,59.1123,62.1771,57.7138,60.7939,59.701,63.238,63.592,61.6698,61.1039,55.3082,56.1959,53.2537,54.0405,52.2526,52.0554,48.1406,45.5662,43.0777,41.4415,46.5868,46.0705
Malta,All sectors with LULUCF,Emissions (CO2eq) (AR5),kilotonnes,2437.2381,2828.8004,2652.4082,2949.2026,2955.6226,3127.0293,3033.8752,3200.764,3057.8214,2986.2402,3091.9865,3100.4832,3219.4971,2904.6103,2920.843,2209.5369,1920.3463,2142.8905,2841.9113,2828.4377,2811.1441
Malta,All sectors without LULUCF,Emissions (CH4),kilotonnes,6.0449,6.1211,6.1971,6.3314,6.2456,6.8315,7.3295,7.6272,7.9279,8.1226,8.3666,8.3555,5.605,5.5557,5.6524,5.9417,5.8832,5.8168,6.0266,6.1787,6.3211
Malta,All sectors without LULUCF,Emissions (N2O),kilotonnes,0.2231,0.2346,0.2178,0.2294,0.2253,0.2386,0.24,0.2327,0.2306,0.2087,0.2121,0.201,0.2039,0.1972,0.1964,0.1817,0.1719,0.1626,0.1564,0.1758,0.1739
Malta,All sectors without LULUCF,Emissions (CO2),kilotonnes,2152.63,2525.231,2335.431,2613.431,2610.715,2743.715,2620.715,2766.615,2601.241,2515.428,2606.654,2583.276,2736.731,2406.548,2407.639,1677.571,1378.358,1588.731,2299.062,2290.761,2217.52
Malta,All sectors without LULUCF,Emissions (CO2eq) from F-gases (AR5),kilotonnes,56.3618,70.4522,86.1946,98.1472,110.78,129.2434,144.7914,159.3678,173.9441,188.5204,195.3227,230.3058,272.0913,290.5546,303.1874,317.7637,336.2271,352.7469,337.1988,322.6225,375.0973
Malta,All sectors without LULUCF,Emissions (CO2eq) from CH4 (AR5),kilotonnes,169.2569,171.3896,173.5182,177.2799,174.876,191.2824,205.2262,213.5609,221.9819,227.4331,234.2634,233.9526,156.9392,155.56,158.2661,166.3664,164.7299,162.8698,168.7437,173.0023,176.9912
Malta,All sectors without LULUCF,Emissions (CO2eq) from N2O (AR5),kilotonnes,59.1123,62.1771,57.7138,60.7939,59.701,63.238,63.592,61.6698,61.1039,55.3082,56.1959,53.2537,54.0405,52.2526,52.0554,48.1406,45.5662,43.0777,41.4415,46.5868,46.0705
Malta,All sectors without LULUCF,Emissions (CO2eq) (AR5),kilotonnes,2437.3609,2829.2499,2652.8577,2949.652,2956.072,3127.4787,3034.3246,3201.2135,3058.2709,2986.6897,3092.436,3100.7881,3219.802,2904.9152,2921.1479,2209.8418,1924.8811,2147.4254,2846.4461,2832.9726,2815.6789
Marshall Islands,Drained organic soils,Emissions (CO2eq) (AR5),kilotonnes,0,0,0,0,0,0,0,0,0,0,0,0,0,0,0,0,0,0,0,0,0
Marshall Islands,Drained organic soils (CO2),Emissions (CO2),kilotonnes,0,0,0,0,0,0,0,0,0,0,0,0,0,0,0,0,0,0,0,0,0
Marshall Islands,Drained organic soils (CO2),Emissions (CO2eq) (AR5),kilotonnes,0,0,0,0,0,0,0,0,0,0,0,0,0,0,0,0,0,0,0,0,0
Marshall Islands,Drained organic soils (N2O),Emissions (N2O),kilotonnes,0,0,0,0,0,0,0,0,0,0,0,0,0,0,0,0,0,0,0,0,0
Marshall Islands,Drained organic soils (N2O),Emissions (CO2eq) from N2O (AR5),kilotonnes,0,0,0,0,0,0,0,0,0,0,0,0,0,0,0,0,0,0,0,0,0
Marshall Islands,Drained organic soils (N2O),Emissions (CO2eq) (AR5),kilotonnes,0,0,0,0,0,0,0,0,0,0,0,0,0,0,0,0,0,0,0,0,0
Marshall Islands,On-farm energy use,Emissions (CH4),kilotonnes,0.0437,0.0447,0.0475,0.0484,0.0502,0.0511,0.0553,0.0608,0.0635,0.0667,0.0715,0.0772,0.0762,0.0787,0.0797,0.0792,0.0775,0.0772,0.076,0.0752,0.0752
Marshall Islands,On-farm energy use,Emissions (N2O),kilotonnes,0.0002,0.0002,0.0002,0.0002,0.0003,0.0003,0.0003,0.0003,0.0003,0.0003,0.0004,0.0004,0.0004,0.0004,0.0004,0.0004,0.0004,0.0004,0.0004,0.0004,0.0004
Marshall Islands,On-farm energy use,Emissions (CO2),kilotonnes,13.7941,14.0995,14.9727,15.2494,15.8396,16.1152,17.4476,19.1693,20.0144,21.0186,22.5337,24.358,24.0169,24.8165,25.1462,24.9619,24.4328,24.3302,23.9544,23.716,23.716
Marshall Islands,On-farm energy use,Emissions (CO2eq) from CH4 (AR5),kilotonnes,1.2248,1.252,1.3295,1.3541,1.4065,1.4309,1.5493,1.7021,1.7772,1.8663,2.0009,2.1629,2.1326,2.2036,2.2329,2.2165,2.1695,2.1604,2.127,2.1059,2.1059
Marshall Islands,On-farm energy use,Emissions (CO2eq) from N2O (AR5),kilotonnes,0.058,0.0592,0.0629,0.0641,0.0666,0.0677,0.0733,0.0805,0.0841,0.0883,0.0947,0.1024,0.1009,0.1043,0.1057,0.1049,0.1027,0.1022,0.1007,0.0997,0.0997
Marshall Islands,On-farm energy use,Emissions (CO2eq) (AR5),kilotonnes,15.0769,15.4107,16.3651,16.6675,17.3127,17.6138,19.0701,20.952,21.8757,22.9733,24.6293,26.6233,26.2504,27.1244,27.4847,27.2832,26.7049,26.5929,26.182,25.9215,25.9215
Marshall Islands,Forestland,Emissions (CO2),kilotonnes,0,0,0,0,0,0,0,0,0,0,0,0,0,0,0,0,0,0,0,0,0
Marshall Islands,Forestland,Emissions (CO2eq) (AR5),kilotonnes,0,0,0,0,0,0,0,0,0,0,0,0,0,0,0,0,0,0,0,0,0
Marshall Islands,Net Forest conversion,Emissions (CO2),kilotonnes,0,0,0,0,0,0,0,0,0,0,0,0,0,0,0,0,0,0,0,0,0
Marshall Islands,Net Forest conversion,Emissions (CO2eq) (AR5),kilotonnes,0,0,0,0,0,0,0,0,0,0,0,0,0,0,0,0,0,0,0,0,0
Marshall Islands,Savanna fires,Emissions (CH4),kilotonnes,0,0,0,0,0,0,0,0,0,0,0,0,0,0,0,0,0,0,0,0,0
Marshall Islands,Savanna fires,Emissions (N2O),kilotonnes,0,0,0,0,0,0,0,0,0,0,0,0,0,0,0,0,0,0,0,0,0
Marshall Islands,Savanna fires,Emissions (CO2eq) from CH4 (AR5),kilotonnes,0,0,0,0,0,0,0,0,0,0,0,0,0,0,0,0,0,0,0,0,0
Marshall Islands,Savanna fires,Emissions (CO2eq) from N2O (AR5),kilotonnes,0,0,0,0,0,0,0,0,0,0,0,0,0,0,0,0,0,0,0,0,0
Marshall Islands,Savanna fires,Emissions (CO2eq) (AR5),kilotonnes,0,0,0,0,0,0,0,0,0,0,0,0,0,0,0,0,0,0,0,0,0
Marshall Islands,Fires in organic soils,Emissions (CH4),kilotonnes,0,0,0,0,0,0,0,0,0,0,0,0,0,0,0,0,0,0,0,0,0
Marshall Islands,Fires in organic soils,Emissions (CO2),kilotonnes,0,0,0,0,0,0,0,0,0,0,0,0,0,0,0,0,0,0,0,0,0
Marshall Islands,Fires in organic soils,Emissions (CO2eq) from CH4 (AR5),kilotonnes,0,0,0,0,0,0,0,0,0,0,0,0,0,0,0,0,0,0,0,0,0
Marshall Islands,Fires in organic soils,Emissions (CO2eq) (AR5),kilotonnes,0,0,0,0,0,0,0,0,0,0,0,0,0,0,0,0,0,0,0,0,0
Marshall Islands,Forest fires,Emissions (CH4),kilotonnes,0,0,0,0,0,0,0,0,0,0,0,0,0,0,0,0,0,0,0,0,0
Marshall Islands,Forest fires,Emissions (N2O),kilotonnes,0,0,0,0,0,0,0,0,0,0,0,0,0,0,0,0,0,0,0,0,0
Marshall Islands,Forest fires,Emissions (CO2eq) from CH4 (AR5),kilotonnes,0,0,0,0,0,0,0,0,0,0,0,0,0,0,0,0,0,0,0,0,0
Marshall Islands,Forest fires,Emissions (CO2eq) from N2O (AR5),kilotonnes,0,0,0,0,0,0,0,0,0,0,0,0,0,0,0,0,0,0,0,0,0
Marshall Islands,Forest fires,Emissions (CO2eq) (AR5),kilotonnes,0,0,0,0,0,0,0,0,0,0,0,0,0,0,0,0,0,0,0,0,0
Marshall Islands,Fires in humid tropical forests,Emissions (CH4),kilotonnes,0,0,0,0,0,0,0,0,0,0,0,0,0,0,0,0,0,0,0,0,0
Marshall Islands,Fires in humid tropical forests,Emissions (N2O),kilotonnes,0,0,0,0,0,0,0,0,0,0,0,0,0,0,0,0,0,0,0,0,0
Marshall Islands,Fires in humid tropical forests,Emissions (CO2eq) from CH4 (AR5),kilotonnes,0,0,0,0,0,0,0,0,0,0,0,0,0,0,0,0,0,0,0,0,0
Marshall Islands,Fires in humid tropical forests,Emissions (CO2eq) from N2O (AR5),kilotonnes,0,0,0,0,0,0,0,0,0,0,0,0,0,0,0,0,0,0,0,0,0
Marshall Islands,Fires in humid tropical forests,Emissions (CO2eq) (AR5),kilotonnes,0,0,0,0,0,0,0,0,0,0,0,0,0,0,0,0,0,0,0,0,0
Marshall Islands,Waste - agri-food systems,Emissions (CH4),kilotonnes,0.0648,0.0657,0.0669,0.0683,0.0696,0.0706,0.0712,0.0716,0.0717,0.0719,0.072,0.0722,0.0724,0.0727,0.073,0.0734,0.0737,0.0742,0.0746,0.0751,0.0756
Marshall Islands,Waste - agri-food systems,Emissions (N2O),kilotonnes,0,0,0,0,0,0,0,0,0,0,0,0,0,0,0,0,0,0,0,0,0
Marshall Islands,Waste - agri-food systems,Emissions (CO2),kilotonnes,0,0,0,0,0,0,0,0,0,0,0,0,0,0,0,0,0,0,0,0,0
Marshall Islands,Waste - agri-food systems,Emissions (CO2eq) from CH4 (AR5),kilotonnes,1.8154,1.8389,1.8731,1.9123,1.9485,1.9764,1.9946,2.0047,2.009,2.0121,2.0159,2.0218,2.0285,2.0364,2.0453,2.0547,2.0646,2.0764,2.0893,2.1028,2.1173
Marshall Islands,Waste - agri-food systems,Emissions (CO2eq) from N2O (AR5),kilotonnes,0,0,0,0,0,0,0,0,0,0,0,0,0,0,0,0,0,0,0,0,0
Marshall Islands,Waste - agri-food systems,Emissions (CO2eq) (AR5),kilotonnes,1.8154,1.8389,1.8731,1.9123,1.9485,1.9764,1.9946,2.0047,2.009,2.0121,2.0159,2.0218,2.0285,2.0364,2.0453,2.0547,2.0646,2.0764,2.0893,2.1028,2.1173
Marshall Islands,On-farm electricity use,Emissions (CH4),kilotonnes,0,0,0,0,0,0,0,0,0,0,0,0,0,0,0,0,0,0,0,0,0
Marshall Islands,On-farm electricity use,Emissions (N2O),kilotonnes,0,0,0,0,0,0,0,0,0,0,0,0,0,0,0,0,0,0,0,0,0
Marshall Islands,On-farm electricity use,Emissions (CO2),kilotonnes,0,0,0,0,0,0,0,0,0,0,0,0,0,0,0,0,0,0,0,0,0
Marshall Islands,On-farm electricity use,Emissions (CO2eq) from CH4 (AR5),kilotonnes,0,0,0,0,0,0,0,0,0,0,0,0,0,0,0,0,0,0,0,0,0
Marshall Islands,On-farm electricity use,Emissions (CO2eq) from N2O (AR5),kilotonnes,0,0,0,0,0,0,0,0,0,0,0,0,0,0,0,0,0,0,0,0,0
Marshall Islands,On-farm electricity use,Emissions (CO2eq) (AR5),kilotonnes,0,0,0,0,0,0,0,0,0,0,0,0,0,0,0,0,0,0,0,0,0
Marshall Islands,Food Processing,Emissions (CH4),kilotonnes,0.0036,0.0036,0.0039,0.0041,0.0047,0.0053,0.0053,0.0059,0.0066,0.0074,0.008,0.0075,0.007,0.0084,0.0095,0.0108,0.0116,0.0129,0.0142,0.0145,0.015
Marshall Islands,Food Processing,Emissions (N2O),kilotonnes,0,0,0,0,0,0,0,0,0,0.0001,0.0001,0.0001,0.0001,0.0001,0.0001,0.0001,0.0001,0.0001,0.0002,0.0002,0.0002
Marshall Islands,Food Processing,Emissions (CO2),kilotonnes,2.7769,3.0308,3.0334,3.0669,3.3053,3.4394,3.4271,3.5638,3.4484,6.9231,8.5512,8.5636,7.5679,7.9948,9.3527,9.8762,9.6269,9.4945,10.2454,13.8078,13.6454
Marshall Islands,Food Processing,Emissions (CO2eq) from CH4 (AR5),kilotonnes,0.1008,0.1008,0.1092,0.1148,0.1316,0.1484,0.1484,0.1652,0.1848,0.2072,0.224,0.21,0.196,0.2352,0.266,0.3024,0.3248,0.3612,0.3976,0.406,0.4205
Marshall Islands,Food Processing,Emissions (CO2eq) from N2O (AR5),kilotonnes,0,0,0,0,0,0,0,0,0,0.0265,0.0265,0.0265,0.0265,0.0265,0.0265,0.0265,0.0265,0.0265,0.053,0.053,0.0548
Marshall Islands,Food Processing,Emissions (CO2eq) (AR5),kilotonnes,2.8777,3.1316,3.1426,3.1817,3.4369,3.5878,3.5755,3.729,3.6332,7.1568,8.8017,8.8001,7.7904,8.2565,9.6452,10.2051,9.9782,9.8822,10.696,14.2668,14.1206
Marshall Islands,Food Packaging,Emissions (CH4),kilotonnes,0,0,0,0.0001,0.0001,0.0001,0.0001,0.0001,0.0001,0.0001,0.0001,0.0001,0.0001,0.0001,0.0001,0.0001,0.0001,0.0001,0.0001,0.0001,0.0001
Marshall Islands,Food Packaging,Emissions (N2O),kilotonnes,0,0,0,0,0,0,0,0,0,0,0,0,0,0,0,0,0,0,0,0,0
Marshall Islands,Food Packaging,Emissions (CO2),kilotonnes,0.1788,0.1785,0.2097,0.1458,0.1534,0.1083,0.1207,0.1209,0.1306,0.142,0.1554,0.1477,0.1583,0.1815,0.2362,0.2093,0.2267,0.2193,0.2873,0.1964,0.1941
Marshall Islands,Food Packaging,Emissions (CO2eq) from CH4 (AR5),kilotonnes,0,0,0,0.0028,0.0028,0.0028,0.0028,0.0028,0.0028,0.0028,0.0028,0.0028,0.0028,0.0028,0.0028,0.0028,0.0028,0.0028,0.0028,0.0028,0.0029
Marshall Islands,Food Packaging,Emissions (CO2eq) from N2O (AR5),kilotonnes,0,0,0,0,0,0,0,0,0,0,0,0,0,0,0,0,0,0,0,0,0
Marshall Islands,Food Packaging,Emissions (CO2eq) (AR5),kilotonnes,0.1788,0.1785,0.2097,0.1486,0.1562,0.1111,0.1235,0.1237,0.1334,0.1448,0.1582,0.1505,0.1611,0.1843,0.239,0.2121,0.2295,0.2221,0.2901,0.1992,0.197
Marshall Islands,Food Retail,Emissions (CH4),kilotonnes,0.005,0.0052,0.0056,0.0058,0.0059,0.006,0.0054,0.0056,0.0053,0.0052,0.0052,0.0052,0.005,0.0047,0.0054,0.0054,0.0055,0.0056,0.0056,0.0057,0.0059
Marshall Islands,Food Retail,Emissions (N2O),kilotonnes,0,0,0,0,0,0,0,0,0,0,0,0,0,0,0,0,0,0,0,0,0
Marshall Islands,Food Retail,Emissions (CO2),kilotonnes,2.0622,2.1624,2.3577,2.4336,2.4986,2.5881,2.3092,2.362,2.2697,2.2034,2.1085,2.1283,2.1087,1.9805,2.2764,2.2764,2.3143,2.3599,2.3599,2.4445,2.4157
Marshall Islands,Food Retail,Emissions (CO2eq) from CH4 (AR5),kilotonnes,0.14,0.1456,0.1568,0.1624,0.1652,0.168,0.1512,0.1568,0.1484,0.1456,0.1456,0.1456,0.14,0.1316,0.1512,0.1512,0.154,0.1568,0.1568,0.1596,0.1653
Marshall Islands,Food Retail,Emissions (CO2eq) from N2O (AR5),kilotonnes,0,0,0,0,0,0,0,0,0,0,0,0,0,0,0,0,0,0,0,0,0
Marshall Islands,Food Retail,Emissions (CO2eq) (AR5),kilotonnes,2.2022,2.308,2.5145,2.596,2.6638,2.7561,2.4604,2.5188,2.4181,2.349,2.2541,2.2739,2.2487,2.1121,2.4276,2.4276,2.4683,2.5167,2.5167,2.6041,2.581
Marshall Islands,Food Household Consumption,Emissions (CH4),kilotonnes,0.0034,0.0037,0.0038,0.0041,0.0043,0.0042,0.0041,0.004,0.0035,0.0035,0.0035,0.0035,0.0022,0.0028,0.0031,0.0031,0.0032,0.0033,0.0033,0.0034,0.0035
Marshall Islands,Food Household Consumption,Emissions (N2O),kilotonnes,0,0,0,0,0,0,0,0,0,0,0,0,0,0,0,0,0,0,0,0,0
Marshall Islands,Food Household Consumption,Emissions (CO2),kilotonnes,1.4219,1.566,1.6651,1.7945,1.8551,1.8754,1.8353,1.7526,1.5578,1.5455,1.4852,1.4986,0.979,1.2577,1.3611,1.3934,1.4257,1.4516,1.4851,1.498,1.4804
Marshall Islands,Food Household Consumption,Emissions (CO2eq) from CH4 (AR5),kilotonnes,0.0952,0.1036,0.1064,0.1148,0.1204,0.1176,0.1148,0.112,0.098,0.098,0.098,0.098,0.0616,0.0784,0.0868,0.0868,0.0896,0.0924,0.0924,0.0952,0.0986
Marshall Islands,Food Household Consumption,Emissions (CO2eq) from N2O (AR5),kilotonnes,0,0,0,0,0,0,0,0,0,0,0,0,0,0,0,0,0,0,0,0,0
Marshall Islands,Food Household Consumption,Emissions (CO2eq) (AR5),kilotonnes,1.5171,1.6696,1.7715,1.9093,1.9755,1.993,1.9501,1.8646,1.6558,1.6435,1.5832,1.5966,1.0406,1.3361,1.4479,1.4802,1.5153,1.544,1.5775,1.5932,1.579
Marshall Islands,Energy,Emissions (CH4),kilotonnes,0.154,0.155,0.16,0.167,0.175,0.185,0.2,0.224,0.255,0.291,0.33,0.3,0.315,0.33,0.345,0.36,0.375,0.39,0.405,0.42,0.435
Marshall Islands,Energy,Emissions (N2O),kilotonnes,0.0026,0.0027,0.0028,0.0029,0.003,0.0032,0.0034,0.0038,0.0042,0.0047,0.0053,0.0049,0.0051,0.0053,0.0055,0.0058,0.006,0.0062,0.0064,0.0067,0.0069
Marshall Islands,Energy,Emissions (CO2),kilotonnes,99,103,110,106,117,114,121,125,128,132,136,139,136,139,143,143,143,147,155,170,168
Marshall Islands,Energy,Emissions (CO2eq) from CH4 (AR5),kilotonnes,4.312,4.34,4.48,4.676,4.9,5.18,5.6,6.272,7.14,8.148,9.24,8.4,8.82,9.24,9.66,10.08,10.5,10.92,11.34,11.76,12.18
Marshall Islands,Energy,Emissions (CO2eq) from N2O (AR5),kilotonnes,0.6996,0.7076,0.7288,0.7606,0.7977,0.8427,0.9063,0.9991,1.1183,1.2534,1.4045,1.2906,1.3488,1.4071,1.4681,1.5264,1.5847,1.643,1.7013,1.7622,1.8206
Marshall Islands,Energy,Emissions (CO2eq) (AR5),kilotonnes,104.0116,108.0476,115.2087,111.4365,122.6976,120.0227,127.5063,132.2711,136.2583,141.4015,146.6445,148.6906,146.1688,149.6472,154.1281,154.6064,155.0847,159.563,168.0413,183.5222,182.0006
Marshall Islands,IPPU,Emissions (CH4),kilotonnes,0,0,0,0,0,0,0,0,0,0,0,0,0,0,0,0,0,0,0,0,0
Marshall Islands,IPPU,Emissions (N2O),kilotonnes,0,0,0,0,0,0,0,0,0,0,0,0,0,0,0,0,0,0,0,0,0
Marshall Islands,IPPU,Emissions (CO2),kilotonnes,0,0,0,0,0,0,0,0,0,0,0,0,0,0,0,0,0,0,0,0,0
Marshall Islands,IPPU,Emissions (CO2eq) from CH4 (AR5),kilotonnes,0,0,0,0,0,0,0,0,0,0,0,0,0,0,0,0,0,0,0,0,0
Marshall Islands,IPPU,Emissions (CO2eq) from N2O (AR5),kilotonnes,0,0,0,0,0,0,0,0,0,0,0,0,0,0,0,0,0,0,0,0,0
Marshall Islands,IPPU,Emissions (CO2eq) (AR5),kilotonnes,0,0,0,0,0,0,0,0,0,0,0,0,0,0,0,0,0,0,0,0,0
Marshall Islands,Waste,Emissions (CH4),kilotonnes,0.0772,0.0773,0.0773,0.0774,0.0774,0.0774,0.0775,0.0777,0.0779,0.0781,0.0784,0.0786,0.0788,0.0791,0.0793,0.0795,0.0796,0.0798,0.0799,0.0802,0.0804
Marshall Islands,Waste,Emissions (N2O),kilotonnes,0.0039,0.0037,0.0036,0.0035,0.0034,0.0034,0.0034,0.0034,0.0035,0.0036,0.0038,0.0035,0.0035,0.0035,0.0035,0.0035,0.0034,0.0034,0.0034,0.0034,0.0034
Marshall Islands,Waste,Emissions (CO2),kilotonnes,0,0,0,0,0,0,0,0,0,0,0,0,0,0,0,0,0,0,0,0,0
Marshall Islands,Waste,Emissions (CO2eq) from CH4 (AR5),kilotonnes,2.1616,2.1644,2.1644,2.1672,2.1672,2.1672,2.17,2.1756,2.1812,2.1868,2.1952,2.2008,2.2064,2.2148,2.2204,2.226,2.2288,2.2344,2.2372,2.2456,2.2512
Marshall Islands,Waste,Emissions (CO2eq) from N2O (AR5),kilotonnes,1.0282,0.9805,0.9434,0.9143,0.8957,0.8904,0.8931,0.9063,0.9249,0.954,0.9938,0.9222,0.9196,0.9169,0.9169,0.9143,0.9116,0.909,0.9063,0.9037,0.901
Marshall Islands,Waste,Emissions (CO2eq) (AR5),kilotonnes,3.1898,3.1449,3.1078,3.0814,3.0629,3.0576,3.0631,3.0819,3.1061,3.1408,3.1889,3.123,3.126,3.1317,3.1373,3.1402,3.1404,3.1433,3.1435,3.1492,3.1522
Marshall Islands,Other,Emissions (CH4),kilotonnes,0,0,0,0,0,0,0,0,0,0,0,0,0,0,0,0,0,0,0,0,0
Marshall Islands,Other,Emissions (N2O),kilotonnes,0,,,,,0,,,,,0,0,0,0,0,0,0,0,0,0,0
Marshall Islands,Other,Emissions (CO2),kilotonnes,0,0,0,0,0,0,0,0,0,0,0,0,0,0,0,0,0,0,0,0,0
Marshall Islands,Other,Emissions (CO2eq) from CH4 (AR5),kilotonnes,0,0,0,0,0,0,0,0,0,0,0,0,0,0,0,0,0,0,0,0,0
Marshall Islands,Other,Emissions (CO2eq) from N2O (AR5),kilotonnes,0,,,,,0,,,,,0,0,0,0,0,0,0,0,0,0,0
Marshall Islands,Other,Emissions (CO2eq) (AR5),kilotonnes,0,0,0,0,0,0,0,0,0,0,0,0,0,0,0,0,0,0,0,0,0
Marshall Islands,Farm-gate emissions,Emissions (CH4),kilotonnes,0.0437,0.0447,0.0475,0.0484,0.0502,0.0511,0.0553,0.0608,0.0635,0.0667,0.0715,0.0772,0.0762,0.0787,0.0797,0.0792,0.0775,0.0772,0.076,0.0752,0.0752
Marshall Islands,Farm-gate emissions,Emissions (N2O),kilotonnes,0.0002,0.0002,0.0002,0.0002,0.0003,0.0003,0.0003,0.0003,0.0003,0.0003,0.0004,0.0004,0.0004,0.0004,0.0004,0.0004,0.0004,0.0004,0.0004,0.0004,0.0004
Marshall Islands,Farm-gate emissions,Emissions (CO2),kilotonnes,13.7941,14.0995,14.9727,15.2494,15.8396,16.1152,17.4476,19.1693,20.0144,21.0186,22.5337,24.358,24.0169,24.8165,25.1462,24.9619,24.4328,24.3302,23.9544,23.716,23.716
Marshall Islands,Farm-gate emissions,Emissions (CO2eq) from CH4 (AR5),kilotonnes,1.2248,1.252,1.3295,1.3541,1.4065,1.4309,1.5493,1.7021,1.7772,1.8663,2.0009,2.1629,2.1326,2.2036,2.2329,2.2165,2.1695,2.1604,2.127,2.1059,2.1059
Marshall Islands,Farm-gate emissions,Emissions (CO2eq) from N2O (AR5),kilotonnes,0.058,0.0592,0.0629,0.0641,0.0666,0.0677,0.0733,0.0805,0.0841,0.0883,0.0947,0.1024,0.1009,0.1043,0.1057,0.1049,0.1027,0.1022,0.1007,0.0997,0.0997
Marshall Islands,Farm-gate emissions,Emissions (CO2eq) (AR5),kilotonnes,15.0769,15.4107,16.3651,16.6675,17.3127,17.6138,19.0701,20.952,21.8757,22.9733,24.6293,26.6233,26.2504,27.1244,27.4847,27.2832,26.7049,26.5929,26.182,25.9215,25.9215
Marshall Islands,Land Use change,Emissions (CH4),kilotonnes,0,0,0,0,0,0,0,0,0,0,0,0,0,0,0,0,0,0,0,0,0
Marshall Islands,Land Use change,Emissions (N2O),kilotonnes,0,0,0,0,0,0,0,0,0,0,0,0,0,0,0,0,0,0,0,0,0
Marshall Islands,Land Use change,Emissions (CO2),kilotonnes,0,0,0,0,0,0,0,0,0,0,0,0,0,0,0,0,0,0,0,0,0
Marshall Islands,Land Use change,Emissions (CO2eq) from CH4 (AR5),kilotonnes,0,0,0,0,0,0,0,0,0,0,0,0,0,0,0,0,0,0,0,0,0
Marshall Islands,Land Use change,Emissions (CO2eq) from N2O (AR5),kilotonnes,0,0,0,0,0,0,0,0,0,0,0,0,0,0,0,0,0,0,0,0,0
Marshall Islands,Land Use change,Emissions (CO2eq) (AR5),kilotonnes,0,0,0,0,0,0,0,0,0,0,0,0,0,0,0,0,0,0,0,0,0
Marshall Islands,Emissions on agricultural land,Emissions (CH4),kilotonnes,0.0437,0.0447,0.0475,0.0484,0.0502,0.0511,0.0553,0.0608,0.0635,0.0667,0.0715,0.0772,0.0762,0.0787,0.0797,0.0792,0.0775,0.0772,0.076,0.0752,0.0752
Marshall Islands,Emissions on agricultural land,Emissions (N2O),kilotonnes,0.0002,0.0002,0.0002,0.0002,0.0003,0.0003,0.0003,0.0003,0.0003,0.0003,0.0004,0.0004,0.0004,0.0004,0.0004,0.0004,0.0004,0.0004,0.0004,0.0004,0.0004
Marshall Islands,Emissions on agricultural land,Emissions (CO2),kilotonnes,13.7941,14.0995,14.9727,15.2494,15.8396,16.1152,17.4476,19.1693,20.0144,21.0186,22.5337,24.358,24.0169,24.8165,25.1462,24.9619,24.4328,24.3302,23.9544,23.716,23.716
Marshall Islands,Emissions on agricultural land,Emissions (CO2eq) from CH4 (AR5),kilotonnes,1.2248,1.252,1.3295,1.3541,1.4065,1.4309,1.5493,1.7021,1.7772,1.8663,2.0009,2.1629,2.1326,2.2036,2.2329,2.2165,2.1695,2.1604,2.127,2.1059,2.1059
Marshall Islands,Emissions on agricultural land,Emissions (CO2eq) from N2O (AR5),kilotonnes,0.058,0.0592,0.0629,0.0641,0.0666,0.0677,0.0733,0.0805,0.0841,0.0883,0.0947,0.1024,0.1009,0.1043,0.1057,0.1049,0.1027,0.1022,0.1007,0.0997,0.0997
Marshall Islands,Emissions on agricultural land,Emissions (CO2eq) (AR5),kilotonnes,15.0769,15.4107,16.3651,16.6675,17.3127,17.6138,19.0701,20.952,21.8757,22.9733,24.6293,26.6233,26.2504,27.1244,27.4847,27.2832,26.7049,26.5929,26.182,25.9215,25.9215
Marshall Islands,Pre- and post- production,Emissions (CH4),kilotonnes,0.0768,0.0782,0.0802,0.0824,0.0846,0.0862,0.0861,0.0872,0.0872,0.0881,0.0888,0.0885,0.0867,0.0887,0.0911,0.0928,0.0941,0.0961,0.0978,0.0988,0.1002
Marshall Islands,Pre- and post- production,Emissions (N2O),kilotonnes,0,0,0,0,0,0,0,0,0,0.0001,0.0001,0.0001,0.0001,0.0001,0.0001,0.0001,0.0001,0.0001,0.0002,0.0002,0.0002
Marshall Islands,Pre- and post- production,Emissions (CO2),kilotonnes,6.4398,6.9377,7.2659,7.4408,7.8124,8.0112,7.6923,7.7993,7.4065,10.814,12.3003,12.3382,10.8139,11.4145,13.2264,13.7553,13.5936,13.5253,14.3777,17.9467,17.7356
Marshall Islands,Pre- and post- production,Emissions (CO2eq) from CH4 (AR5),kilotonnes,2.1514,2.1889,2.2455,2.3071,2.3685,2.4132,2.4118,2.4415,2.443,2.4657,2.4863,2.4782,2.4289,2.4844,2.5521,2.5979,2.6358,2.6896,2.7389,2.7664,2.8046
Marshall Islands,Pre- and post- production,Emissions (CO2eq) from N2O (AR5),kilotonnes,0,0,0,0,0,0,0,0,0,0.0265,0.0265,0.0265,0.0265,0.0265,0.0265,0.0265,0.0265,0.0265,0.053,0.053,0.0548
Marshall Islands,Pre- and post- production,Emissions (CO2eq) (AR5),kilotonnes,8.5912,9.1266,9.5114,9.7479,10.1809,10.4244,10.1041,10.2408,9.8495,13.3062,14.8131,14.8429,13.2693,13.9254,15.805,16.3797,16.2559,16.2414,17.1696,20.7661,20.5949
Marshall Islands,Agri-food systems,Emissions (CH4),kilotonnes,0.1206,0.1229,0.1277,0.1308,0.1348,0.1373,0.1415,0.148,0.1507,0.1547,0.1603,0.1658,0.1629,0.1674,0.1709,0.1719,0.1716,0.1732,0.1738,0.174,0.1754
Marshall Islands,Agri-food systems,Emissions (N2O),kilotonnes,0.0002,0.0002,0.0002,0.0002,0.0003,0.0003,0.0003,0.0003,0.0003,0.0004,0.0005,0.0005,0.0005,0.0005,0.0005,0.0005,0.0005,0.0005,0.0006,0.0006,0.0006
Marshall Islands,Agri-food systems,Emissions (CO2),kilotonnes,20.2339,21.0372,22.2386,22.6902,23.652,24.1264,25.1399,26.9686,27.4209,31.8326,34.834,36.6962,34.8308,36.231,38.3726,38.7172,38.0264,37.8555,38.3321,41.6627,41.4516
Marshall Islands,Agri-food systems,Emissions (CO2eq) from CH4 (AR5),kilotonnes,3.3762,3.4408,3.575,3.6612,3.775,3.8442,3.9611,4.1436,4.2201,4.3321,4.4872,4.641,4.5615,4.688,4.785,4.8144,4.8053,4.85,4.8659,4.8723,4.9104
Marshall Islands,Agri-food systems,Emissions (CO2eq) from N2O (AR5),kilotonnes,0.058,0.0592,0.0629,0.0641,0.0666,0.0677,0.0733,0.0805,0.0841,0.1148,0.1212,0.1289,0.1274,0.1308,0.1322,0.1314,0.1292,0.1287,0.1537,0.1527,0.1544
Marshall Islands,Agri-food systems,Emissions (CO2eq) (AR5),kilotonnes,23.668,24.5373,25.8765,26.4154,27.4936,28.0383,29.1742,31.1928,31.7251,36.2795,39.4424,41.4661,39.5197,41.0497,43.2898,43.6629,42.9609,42.8343,43.3516,46.6876,46.5164
Marshall Islands,IPCC Agriculture,Emissions (CH4),kilotonnes,0,0,0,0,0,0,0,0,0,0,0,0,0,0,0,0,0,0,0,0,0
Marshall Islands,IPCC Agriculture,Emissions (N2O),kilotonnes,0,0,0,0,0,0,0,0,0,0,0,0,0,0,0,0,0,0,0,0,0
Marshall Islands,IPCC Agriculture,Emissions (CO2eq) from CH4 (AR5),kilotonnes,0,0,0,0,0,0,0,0,0,0,0,0,0,0,0,0,0,0,0,0,0
Marshall Islands,IPCC Agriculture,Emissions (CO2eq) from N2O (AR5),kilotonnes,0,0,0,0,0,0,0,0,0,0,0,0,0,0,0,0,0,0,0,0,0
Marshall Islands,IPCC Agriculture,Emissions (CO2eq) (AR5),kilotonnes,0,0,0,0,0,0,0,0,0,0,0,0,0,0,0,0,0,0,0,0,0
Marshall Islands,Agricultural Soils,Emissions (N2O),kilotonnes,0,0,0,0,0,0,0,0,0,0,0,0,0,0,0,0,0,0,0,0,0
Marshall Islands,Agricultural Soils,Emissions (CO2eq) from N2O (AR5),kilotonnes,0,0,0,0,0,0,0,0,0,0,0,0,0,0,0,0,0,0,0,0,0
Marshall Islands,Agricultural Soils,Emissions (CO2eq) (AR5),kilotonnes,0,0,0,0,0,0,0,0,0,0,0,0,0,0,0,0,0,0,0,0,0
Marshall Islands,LULUCF,Emissions (CH4),kilotonnes,0,0,0,0,0,0,0,0,0,0,0,0,0,0,0,0,0,0,0,0,0
Marshall Islands,LULUCF,Emissions (N2O),kilotonnes,0,0,0,0,0,0,0,0,0,0,0,0,0,0,0,0,0,0,0,0,0
Marshall Islands,LULUCF,Emissions (CO2),kilotonnes,0,0,0,0,0,0,0,0,0,0,0,0,0,0,0,0,0,0,0,0,0
Marshall Islands,LULUCF,Emissions (CO2eq) from CH4 (AR5),kilotonnes,0,0,0,0,0,0,0,0,0,0,0,0,0,0,0,0,0,0,0,0,0
Marshall Islands,LULUCF,Emissions (CO2eq) from N2O (AR5),kilotonnes,0,0,0,0,0,0,0,0,0,0,0,0,0,0,0,0,0,0,0,0,0
Marshall Islands,LULUCF,Emissions (CO2eq) (AR5),kilotonnes,0,0,0,0,0,0,0,0,0,0,0,0,0,0,0,0,0,0,0,0,0
Marshall Islands,AFOLU,Emissions (CH4),kilotonnes,0,0,0,0,0,0,0,0,0,0,0,0,0,0,0,0,0,0,0,0,0
Marshall Islands,AFOLU,Emissions (N2O),kilotonnes,0,0,0,0,0,0,0,0,0,0,0,0,0,0,0,0,0,0,0,0,0
Marshall Islands,AFOLU,Emissions (CO2),kilotonnes,0,0,0,0,0,0,0,0,0,0,0,0,0,0,0,0,0,0,0,0,0
Marshall Islands,AFOLU,Emissions (CO2eq) from CH4 (AR5),kilotonnes,0,0,0,0,0,0,0,0,0,0,0,0,0,0,0,0,0,0,0,0,0
Marshall Islands,AFOLU,Emissions (CO2eq) from N2O (AR5),kilotonnes,0,0,0,0,0,0,0,0,0,0,0,0,0,0,0,0,0,0,0,0,0
Marshall Islands,AFOLU,Emissions (CO2eq) (AR5),kilotonnes,0,0,0,0,0,0,0,0,0,0,0,0,0,0,0,0,0,0,0,0,0
Marshall Islands,All sectors with LULUCF,Emissions (CH4),kilotonnes,0.2312,0.2323,0.2373,0.2444,0.2524,0.2624,0.2775,0.3017,0.3329,0.3691,0.4084,0.3786,0.3938,0.4091,0.4243,0.4395,0.4546,0.4698,0.4849,0.5002,0.5154
Marshall Islands,All sectors with LULUCF,Emissions (N2O),kilotonnes,0.0065,0.0064,0.0063,0.0063,0.0064,0.0065,0.0068,0.0072,0.0077,0.0083,0.009,0.0084,0.0086,0.0088,0.009,0.0092,0.0094,0.0096,0.0098,0.0101,0.0103
Marshall Islands,All sectors with LULUCF,Emissions (CO2),kilotonnes,99,103,110,106,117,114,121,125,128,132,136,139,136,139,143,143,143,147,155,170,168
Marshall Islands,All sectors with LULUCF,Emissions (CO2eq) from CH4 (AR5),kilotonnes,6.4736,6.5044,6.6444,6.8432,7.0672,7.3472,7.77,8.4476,9.3212,10.3348,11.4352,10.6008,11.0264,11.4548,11.8804,12.306,12.7288,13.1544,13.5772,14.0056,14.4312
Marshall Islands,All sectors with LULUCF,Emissions (CO2eq) from N2O (AR5),kilotonnes,1.7278,1.6881,1.6721,1.6748,1.6934,1.7331,1.7994,1.9053,2.0431,2.2074,2.3983,2.2128,2.2684,2.324,2.385,2.4407,2.4963,2.5519,2.6076,2.6659,2.7216
Marshall Islands,All sectors with LULUCF,Emissions (CO2eq) (AR5),kilotonnes,107.2014,111.1924,118.3166,114.518,125.7605,123.0803,130.5694,135.3529,139.3644,144.5422,149.8334,151.8135,149.2948,152.7789,157.2654,157.7466,158.2251,162.7063,171.1848,186.6715,185.1527
Marshall Islands,All sectors without LULUCF,Emissions (CH4),kilotonnes,0.2312,0.2323,0.2373,0.2444,0.2524,0.2624,0.2775,0.3017,0.3329,0.3691,0.4084,0.3786,0.3938,0.4091,0.4243,0.4395,0.4546,0.4698,0.4849,0.5002,0.5154
Marshall Islands,All sectors without LULUCF,Emissions (N2O),kilotonnes,0.0065,0.0064,0.0063,0.0063,0.0064,0.0065,0.0068,0.0072,0.0077,0.0083,0.009,0.0084,0.0086,0.0088,0.009,0.0092,0.0094,0.0096,0.0098,0.0101,0.0103
Marshall Islands,All sectors without LULUCF,Emissions (CO2),kilotonnes,99,103,110,106,117,114,121,125,128,132,136,139,136,139,143,143,143,147,155,170,168
Marshall Islands,All sectors without LULUCF,Emissions (CO2eq) from CH4 (AR5),kilotonnes,6.4736,6.5044,6.6444,6.8432,7.0672,7.3472,7.77,8.4476,9.3212,10.3348,11.4352,10.6008,11.0264,11.4548,11.8804,12.306,12.7288,13.1544,13.5772,14.0056,14.4312
Marshall Islands,All sectors without LULUCF,Emissions (CO2eq) from N2O (AR5),kilotonnes,1.7278,1.6881,1.6721,1.6748,1.6934,1.7331,1.7994,1.9053,2.0431,2.2074,2.3983,2.2128,2.2684,2.324,2.385,2.4407,2.4963,2.5519,2.6076,2.6659,2.7216
Marshall Islands,All sectors without LULUCF,Emissions (CO2eq) (AR5),kilotonnes,107.2014,111.1924,118.3166,114.518,125.7605,123.0803,130.5693,135.3529,139.3644,144.5422,149.8334,151.8135,149.2948,152.7789,157.2654,157.7466,158.2251,162.7063,171.1848,186.6715,185.1527
Martinique,Burning - Crop residues,Emissions (CH4),kilotonnes,0.0054,0.0054,0.0057,0.0055,0.0058,0.0066,0.0061,0.0064,0.0068,0.0068,0.0071,0.0072,0.0071,0.0065,0.0067,0.0068,0.0075,0.0076,0.0079,0.0081,
Martinique,Burning - Crop residues,Emissions (N2O),kilotonnes,0.0001,0.0001,0.0001,0.0001,0.0001,0.0002,0.0002,0.0002,0.0002,0.0002,0.0002,0.0002,0.0002,0.0002,0.0002,0.0002,0.0002,0.0002,0.0002,0.0002,
Martinique,Burning - Crop residues,Emissions (CO2eq) from CH4 (AR5),kilotonnes,0.1523,0.1523,0.1592,0.1533,0.1617,0.1838,0.172,0.1794,0.1897,0.1916,0.1999,0.2006,0.1988,0.1833,0.1864,0.1898,0.2088,0.214,0.2212,0.2263,
Martinique,Burning - Crop residues,Emissions (CO2eq) from N2O (AR5),kilotonnes,0.0374,0.0374,0.0391,0.0376,0.0397,0.0451,0.0422,0.044,0.0465,0.047,0.049,0.0492,0.0488,0.045,0.0457,0.0466,0.0512,0.0525,0.0543,0.0555,
Martinique,Burning - Crop residues,Emissions (CO2eq) (AR5),kilotonnes,0.1897,0.1897,0.1983,0.1909,0.2013,0.2289,0.2142,0.2234,0.2362,0.2387,0.2489,0.2499,0.2476,0.2283,0.2321,0.2363,0.2601,0.2665,0.2754,0.2819,
Martinique,Enteric Fermentation,Emissions (CH4),kilotonnes,1.8024,1.8144,1.5453,1.4743,1.5888,1.3945,1.4998,1.2877,1.2983,1.2267,1.1513,1.0927,1.0686,0.9573,0.9933,0.9334,0.9643,0.9249,0.8462,0.7998,
Martinique,Enteric Fermentation,Emissions (CO2eq) from CH4 (AR5),kilotonnes,50.4662,50.8044,43.2679,41.2795,44.4858,39.0451,41.9956,36.0543,36.3534,34.3483,32.2369,30.5952,29.9203,26.805,27.8126,26.1365,26.9995,25.8959,23.6926,22.3931,
Martinique,Enteric Fermentation,Emissions (CO2eq) (AR5),kilotonnes,50.4662,50.8044,43.2679,41.2795,44.4858,39.0451,41.9956,36.0543,36.3534,34.3483,32.2369,30.5952,29.9203,26.805,27.8126,26.1365,26.9995,25.8959,23.6926,22.3931,
Martinique,Manure Management,Emissions (CH4),kilotonnes,0.0851,0.0978,0.0735,0.0656,0.0693,0.0505,0.0749,0.0474,0.0512,0.0498,0.0506,0.0492,0.049,0.0481,0.0517,0.0476,0.0454,0.0433,0.0381,0.037,
Martinique,Manure Management,Emissions (N2O),kilotonnes,0.0083,0.0105,0.0067,0.0061,0.0064,0.0037,0.008,0.0039,0.0044,0.0043,0.0042,0.0042,0.0043,0.0045,0.0047,0.0042,0.0039,0.0037,0.0031,0.003,
Martinique,Manure Management,Emissions (CO2eq) from CH4 (AR5),kilotonnes,2.3822,2.7374,2.0581,1.8365,1.9399,1.4139,2.0959,1.3262,1.4332,1.3937,1.4181,1.3784,1.3725,1.3465,1.4483,1.3329,1.2707,1.2129,1.0663,1.0357,
Martinique,Manure Management,Emissions (CO2eq) from N2O (AR5),kilotonnes,2.189,2.7812,1.781,1.6108,1.688,0.9891,2.13,1.0261,1.1533,1.1275,1.1181,1.1245,1.129,1.1806,1.2448,1.116,1.0262,0.986,0.818,0.802,
Martinique,Manure Management,Emissions (CO2eq) (AR5),kilotonnes,4.5712,5.5186,3.8391,3.4473,3.6278,2.403,4.2259,2.3522,2.5865,2.5211,2.5361,2.5029,2.5015,2.527,2.6931,2.4489,2.2969,2.1989,1.8842,1.8377,
Martinique,Manure left on Pasture,Direct emissions (N2O),kilotonnes,0.0445,0.0515,0.0396,0.0363,0.0391,0.0342,0.0357,0.0305,0.0314,0.03,0.0294,0.0282,0.0277,0.0252,0.0267,0.0251,0.0252,0.024,0.022,0.0209,
Martinique,Manure left on Pasture,Indirect emissions (N2O),kilotonnes,0.0109,0.0126,0.0099,0.009,0.0097,0.0085,0.0086,0.0072,0.0075,0.0072,0.0071,0.0068,0.0066,0.006,0.0067,0.0064,0.0064,0.0061,0.0056,0.0054,
Martinique,Manure left on Pasture,Emissions (N2O),kilotonnes,0.0554,0.0641,0.0494,0.0453,0.0487,0.0427,0.0444,0.0378,0.0389,0.0372,0.0365,0.035,0.0343,0.0312,0.0334,0.0315,0.0315,0.03,0.0276,0.0263,
Martinique,Manure left on Pasture,Emissions (CO2eq) from N2O (AR5),kilotonnes,14.6761,16.9927,13.1042,12.0007,12.9127,11.3189,11.7619,10.0121,10.3097,9.8613,9.6705,9.2803,9.0913,8.2723,8.8477,8.355,8.354,7.9558,7.3029,6.9741,
Martinique,Manure left on Pasture,Emissions (CO2eq) (AR5),kilotonnes,14.6761,16.9927,13.1042,12.0007,12.9127,11.3189,11.7619,10.0121,10.3097,9.8613,9.6705,9.2803,9.0913,8.2723,8.8477,8.355,8.354,7.9558,7.3029,6.9741,
Martinique,Manure applied to Soils,Direct emissions (N2O),kilotonnes,0.0081,0.0126,0.0071,0.006,0.0063,0.004,0.0074,0.0039,0.0045,0.0045,0.0049,0.0049,0.005,0.0051,0.0053,0.0048,0.0043,0.0041,0.0035,0.0034,
Martinique,Manure applied to Soils,Indirect emissions (N2O),kilotonnes,0.0034,0.0053,0.003,0.0026,0.0027,0.0017,0.0031,0.0017,0.0019,0.0019,0.0021,0.0021,0.0021,0.0022,0.0023,0.002,0.0018,0.0017,0.0015,0.0014,
Martinique,Manure applied to Soils,Emissions (N2O),kilotonnes,0.0115,0.0179,0.0101,0.0086,0.009,0.0057,0.0105,0.0056,0.0065,0.0064,0.007,0.007,0.0071,0.0073,0.0076,0.0069,0.0062,0.0058,0.005,0.0048,
Martinique,Manure applied to Soils,Emissions (CO2eq) from N2O (AR5),kilotonnes,3.0563,4.7414,2.6751,2.2744,2.3761,1.5176,2.7852,1.4914,1.7096,1.7026,1.8628,1.8628,1.8883,1.9397,2.0125,1.816,1.6303,1.5387,1.3175,1.2749,
Martinique,Manure applied to Soils,Emissions (CO2eq) (AR5),kilotonnes,3.0563,4.7414,2.6751,2.2744,2.3761,1.5176,2.7852,1.4914,1.7096,1.7026,1.8628,1.8628,1.8883,1.9397,2.0125,1.816,1.6303,1.5387,1.3175,1.2749,
Martinique,Drained organic soils,Emissions (CO2eq) (AR5),kilotonnes,0,0,0,0,0,0,0,0,0,0,0,0,0,0,0,0,0,0,0,0,0
Martinique,Drained organic soils (CO2),Emissions (CO2),kilotonnes,0,0,0,0,0,0,0,0,0,0,0,0,0,0,0,0,0,0,0,0,0
Martinique,Drained organic soils (CO2),Emissions (CO2eq) (AR5),kilotonnes,0,0,0,0,0,0,0,0,0,0,0,0,0,0,0,0,0,0,0,0,0
Martinique,Drained organic soils (N2O),Emissions (N2O),kilotonnes,0,0,0,0,0,0,0,0,0,0,0,0,0,0,0,0,0,0,0,0,0
Martinique,Drained organic soils (N2O),Emissions (CO2eq) from N2O (AR5),kilotonnes,0,0,0,0,0,0,0,0,0,0,0,0,0,0,0,0,0,0,0,0,0
Martinique,Drained organic soils (N2O),Emissions (CO2eq) (AR5),kilotonnes,0,0,0,0,0,0,0,0,0,0,0,0,0,0,0,0,0,0,0,0,0
Martinique,On-farm energy use,Emissions (CH4),kilotonnes,0.0067,0.0068,0.0068,0.0068,0.0067,0.0069,0.0068,0.0069,0.0069,0.0069,0.0067,0.0031,0.0031,0.0032,0.003,0.003,0.003,0.003,0.003,0.003,0.003
Martinique,On-farm energy use,Emissions (N2O),kilotonnes,0.0063,0.0066,0.007,0.0073,0.0069,0.0075,0.0078,0.0091,0.0101,0.0109,0.0103,0.004,0.0044,0.005,0.005,0.0057,0.0063,0.0067,0.0071,0.0074,0.0074
Martinique,On-farm energy use,Emissions (CO2),kilotonnes,35.7934,37.2906,38.8187,39.3921,39.0143,42.4527,43.1043,46.6266,49.3896,51.0419,49.6247,21.8492,22.9458,24.5923,23.513,24.0739,25.5302,26.0471,26.564,27.0808,27.0808
Martinique,On-farm energy use,Emissions (CO2eq) from CH4 (AR5),kilotonnes,0.1864,0.1893,0.1918,0.1906,0.1877,0.1925,0.1894,0.1936,0.1935,0.1926,0.1884,0.0879,0.088,0.0893,0.0843,0.0832,0.0851,0.0845,0.084,0.0834,0.0834
Martinique,On-farm energy use,Emissions (CO2eq) from N2O (AR5),kilotonnes,1.657,1.7578,1.8499,1.9267,1.8205,1.9784,2.0753,2.4005,2.6882,2.8762,2.74,1.0562,1.1744,1.3324,1.33,1.5037,1.6728,1.7724,1.8721,1.9718,1.9718
Martinique,On-farm energy use,Emissions (CO2eq) (AR5),kilotonnes,37.6368,39.2377,40.8604,41.5094,41.0225,44.6236,45.3691,49.2207,52.2713,54.1107,52.553,22.9933,24.2082,26.014,24.9273,25.6608,27.2881,27.9041,28.52,29.136,29.136
Martinique,Forestland,Emissions (CO2),kilotonnes,-59.4,-102.3,-102.3,-102.3,-102.3,-102.3,-102.3,-102.3,-102.3,-102.3,-102.3,-132,-132,-132,-132,-132,-132,-132,-132,-132,-132
Martinique,Forestland,Emissions (CO2eq) (AR5),kilotonnes,-59.4,-102.3,-102.3,-102.3,-102.3,-102.3,-102.3,-102.3,-102.3,-102.3,-102.3,-132,-132,-132,-132,-132,-132,-132,-132,-132,-132
Martinique,Net Forest conversion,Emissions (CO2),kilotonnes,0,0,0,0,0,0,0,0,0,0,0,0,0,0,0,0,0,0,0,0,0
Martinique,Net Forest conversion,Emissions (CO2eq) (AR5),kilotonnes,0,0,0,0,0,0,0,0,0,0,0,0,0,0,0,0,0,0,0,0,0
Martinique,Savanna fires,Emissions (CH4),kilotonnes,0,0,0,0,0,0,0,0,0,0,0,0,0,0,0,0,0,0,0,0,0
Martinique,Savanna fires,Emissions (N2O),kilotonnes,0,0,0,0,0,0,0,0,0,0,0,0,0,0,0,0,0,0,0,0,0
Martinique,Savanna fires,Emissions (CO2eq) from CH4 (AR5),kilotonnes,0,0,0,0,0,0,0,0,0,0,0,0,0,0,0,0,0,0,0,0,0
Martinique,Savanna fires,Emissions (CO2eq) from N2O (AR5),kilotonnes,0,0,0,0,0,0,0,0,0,0,0,0,0,0,0,0,0,0,0,0,0
Martinique,Savanna fires,Emissions (CO2eq) (AR5),kilotonnes,0,0,0,0,0,0,0,0,0,0,0,0,0,0,0,0,0,0,0,0,0
Martinique,Fires in organic soils,Emissions (CH4),kilotonnes,0,0,0,0,0,0,0,0,0,0,0,0,0,0,0,0,0,0,0,0,0
Martinique,Fires in organic soils,Emissions (CO2),kilotonnes,0,0,0,0,0,0,0,0,0,0,0,0,0,0,0,0,0,0,0,0,0
Martinique,Fires in organic soils,Emissions (CO2eq) from CH4 (AR5),kilotonnes,0,0,0,0,0,0,0,0,0,0,0,0,0,0,0,0,0,0,0,0,0
Martinique,Fires in organic soils,Emissions (CO2eq) (AR5),kilotonnes,0,0,0,0,0,0,0,0,0,0,0,0,0,0,0,0,0,0,0,0,0
Martinique,Forest fires,Emissions (CH4),kilotonnes,0,0,0,0,0,0,0,0,0,0,0,0,0,0,0,0,0,0,0,0,0
Martinique,Forest fires,Emissions (N2O),kilotonnes,0,0,0,0,0,0,0,0,0,0,0,0,0,0,0,0,0,0,0,0,0
Martinique,Forest fires,Emissions (CO2eq) from CH4 (AR5),kilotonnes,0,0,0,0,0,0,0,0,0,0,0,0,0,0,0,0,0,0,0,0,0
Martinique,Forest fires,Emissions (CO2eq) from N2O (AR5),kilotonnes,0,0,0,0,0,0,0,0,0,0,0,0,0,0,0,0,0,0,0,0,0
Martinique,Forest fires,Emissions (CO2eq) (AR5),kilotonnes,0,0,0,0,0,0,0,0,0,0,0,0,0,0,0,0,0,0,0,0,0
Martinique,Fires in humid tropical forests,Emissions (CH4),kilotonnes,0,0,0,0,0,0,0,0,0,0,0,0,0,0,0,0,0,0,0,0,0
Martinique,Fires in humid tropical forests,Emissions (N2O),kilotonnes,0,0,0,0,0,0,0,0,0,0,0,0,0,0,0,0,0,0,0,0,0
Martinique,Fires in humid tropical forests,Emissions (CO2eq) from CH4 (AR5),kilotonnes,0,0,0,0,0,0,0,0,0,0,0,0,0,0,0,0,0,0,0,0,0
Martinique,Fires in humid tropical forests,Emissions (CO2eq) from N2O (AR5),kilotonnes,0,0,0,0,0,0,0,0,0,0,0,0,0,0,0,0,0,0,0,0,0
Martinique,Fires in humid tropical forests,Emissions (CO2eq) (AR5),kilotonnes,0,0,0,0,0,0,0,0,0,0,0,0,0,0,0,0,0,0,0,0,0
Martinique,Waste - agri-food systems,Emissions (CH4),kilotonnes,0,0,0,0,0,0,0,0,0,0,0,0,0,0,0,0,0,0,0,0,0
Martinique,Waste - agri-food systems,Emissions (N2O),kilotonnes,0,0,0,0,0,0,0,0,0,0,0,0,0,0,0,0,0,0,0,0,0
Martinique,Waste - agri-food systems,Emissions (CO2eq) from CH4 (AR5),kilotonnes,0,0,0,0,0,0,0,0,0,0,0,0,0,0,0,0,0,0,0,0,0
Martinique,Waste - agri-food systems,Emissions (CO2eq) from N2O (AR5),kilotonnes,0,0,0,0,0,0,0,0,0,0,0,0,0,0,0,0,0,0,0,0,0
Martinique,Waste - agri-food systems,Emissions (CO2eq) (AR5),kilotonnes,0,0,0,0,0,0,0,0,0,0,0,0,0,0,0,0,0,0,0,0,0
Martinique,On-farm electricity use,Emissions (CH4),kilotonnes,0,0,0,0,0,0,0,0,0,0,0,0,0,0,0,0,0,0,0,0,0
Martinique,On-farm electricity use,Emissions (N2O),kilotonnes,0,0,0,0,0,0,0,0,0,0,0,0,0,0,0,0,0,0,0,0,0
Martinique,On-farm electricity use,Emissions (CO2),kilotonnes,0,0,0,0,0,0,0,0,0,0,0,0,0,0,0,0,0,0,0,0,0
Martinique,On-farm electricity use,Emissions (CO2eq) from CH4 (AR5),kilotonnes,0,0,0,0,0,0,0,0,0,0,0,0,0,0,0,0,0,0,0,0,0
Martinique,On-farm electricity use,Emissions (CO2eq) from N2O (AR5),kilotonnes,0,0,0,0,0,0,0,0,0,0,0,0,0,0,0,0,0,0,0,0,0
Martinique,On-farm electricity use,Emissions (CO2eq) (AR5),kilotonnes,0,0,0,0,0,0,0,0,0,0,0,0,0,0,0,0,0,0,0,0,0
Martinique,Farm-gate emissions,Emissions (CH4),kilotonnes,1.8995,1.9244,1.6313,1.5521,1.6705,1.4584,1.5876,1.3483,1.3632,1.2902,1.2158,1.1522,1.1278,1.0151,1.0547,0.9908,1.0201,0.9788,0.8951,0.8478,0.003
Martinique,Farm-gate emissions,Direct emissions (N2O),kilotonnes,0.0526,0.0641,0.0467,0.0423,0.0454,0.0382,0.0431,0.0345,0.0359,0.0345,0.0344,0.0332,0.0327,0.0303,0.032,0.03,0.0295,0.028,0.0255,0.0243,
Martinique,Farm-gate emissions,Indirect emissions (N2O),kilotonnes,0.0144,0.0179,0.0129,0.0115,0.0123,0.0102,0.0118,0.0089,0.0094,0.0091,0.0091,0.0089,0.0087,0.0082,0.009,0.0084,0.0082,0.0078,0.007,0.0068,
Martinique,Farm-gate emissions,Emissions (N2O),kilotonnes,0.0816,0.0993,0.0734,0.0674,0.0711,0.0598,0.0709,0.0565,0.06,0.0589,0.0583,0.0505,0.0503,0.0482,0.0509,0.0484,0.0481,0.0464,0.0429,0.0418,0.0074
Martinique,Farm-gate emissions,Emissions (CO2),kilotonnes,35.7934,37.2906,38.8187,39.3921,39.0143,42.4527,43.1043,46.6266,49.3896,51.0419,49.6247,21.8492,22.9458,24.5923,23.513,24.0739,25.5302,26.0471,26.564,27.0808,27.0808
Martinique,Farm-gate emissions,Emissions (CO2eq) from CH4 (AR5),kilotonnes,53.1872,53.8834,45.677,43.4599,46.775,40.8352,44.453,37.7534,38.1698,36.1262,34.0432,32.2622,31.5796,28.4241,29.5316,27.7424,28.5641,27.4073,25.064,23.7385,0.0834
Martinique,Farm-gate emissions,Emissions (CO2eq) from N2O (AR5),kilotonnes,21.6156,26.3105,19.4494,17.8502,18.837,15.8491,18.7946,14.9739,15.9073,15.6146,15.4403,13.3731,13.3318,12.77,13.4808,12.8372,12.7345,12.3055,11.3648,11.0784,1.9718
Martinique,Farm-gate emissions,Emissions (CO2eq) (AR5),kilotonnes,110.5963,117.4846,103.945,100.7023,104.6263,99.1371,106.3518,99.354,103.4667,102.7827,99.1082,67.4844,67.8572,65.7864,66.5254,64.6536,66.8288,65.7599,62.9927,61.8977,29.136
Martinique,Land Use change,Emissions (CH4),kilotonnes,0,0,0,0,0,0,0,0,0,0,0,0,0,0,0,0,0,0,0,0,0
Martinique,Land Use change,Emissions (N2O),kilotonnes,0,0,0,0,0,0,0,0,0,0,0,0,0,0,0,0,0,0,0,0,0
Martinique,Land Use change,Emissions (CO2),kilotonnes,0,0,0,0,0,0,0,0,0,0,0,0,0,0,0,0,0,0,0,0,0
Martinique,Land Use change,Emissions (CO2eq) from CH4 (AR5),kilotonnes,0,0,0,0,0,0,0,0,0,0,0,0,0,0,0,0,0,0,0,0,0
Martinique,Land Use change,Emissions (CO2eq) from N2O (AR5),kilotonnes,0,0,0,0,0,0,0,0,0,0,0,0,0,0,0,0,0,0,0,0,0
Martinique,Land Use change,Emissions (CO2eq) (AR5),kilotonnes,0,0,0,0,0,0,0,0,0,0,0,0,0,0,0,0,0,0,0,0,0
Martinique,Emissions on agricultural land,Emissions (CH4),kilotonnes,1.8995,1.9244,1.6313,1.5521,1.6705,1.4584,1.5876,1.3483,1.3632,1.2902,1.2158,1.1522,1.1278,1.0151,1.0547,0.9908,1.0201,0.9788,0.8951,0.8478,0.003
Martinique,Emissions on agricultural land,Emissions (N2O),kilotonnes,0.0816,0.0993,0.0734,0.0674,0.0711,0.0598,0.0709,0.0565,0.06,0.0589,0.0583,0.0505,0.0503,0.0482,0.0509,0.0484,0.0481,0.0464,0.0429,0.0418,0.0074
Martinique,Emissions on agricultural land,Emissions (CO2),kilotonnes,35.7934,37.2906,38.8187,39.3921,39.0143,42.4527,43.1043,46.6266,49.3896,51.0419,49.6247,21.8492,22.9458,24.5923,23.513,24.0739,25.5302,26.0471,26.564,27.0808,27.0808
Martinique,Emissions on agricultural land,Emissions (CO2eq) from CH4 (AR5),kilotonnes,53.1872,53.8834,45.677,43.4599,46.775,40.8352,44.453,37.7534,38.1698,36.1262,34.0432,32.2622,31.5796,28.4241,29.5316,27.7424,28.5641,27.4073,25.064,23.7385,0.0834
Martinique,Emissions on agricultural land,Emissions (CO2eq) from N2O (AR5),kilotonnes,21.6156,26.3105,19.4494,17.8502,18.837,15.8491,18.7946,14.9739,15.9073,15.6146,15.4403,13.3731,13.3318,12.77,13.4808,12.8372,12.7345,12.3055,11.3648,11.0784,1.9718
Martinique,Emissions on agricultural land,Emissions (CO2eq) (AR5),kilotonnes,110.5963,117.4846,103.945,100.7023,104.6263,99.1371,106.3518,99.354,103.4667,102.7827,99.1082,67.4844,67.8572,65.7864,66.5254,64.6536,66.8288,65.7599,62.9927,61.8977,29.136
Martinique,Pre- and post- production,Emissions (CH4),kilotonnes,0,0,0,0,0,0,0,0,0,0,0,0,0,0,0,0,0,0,0,0,0
Martinique,Pre- and post- production,Emissions (N2O),kilotonnes,0,0,0,0,0,0,0,0,0,0,0,0,0,0,0,0,0,0,0,0,0
Martinique,Pre- and post- production,Emissions (CO2),kilotonnes,0,0,0,0,0,0,0,0,0,0,0,0,0,0,0,0,0,0,0,0,0
Martinique,Pre- and post- production,Emissions (CO2eq) from CH4 (AR5),kilotonnes,0,0,0,0,0,0,0,0,0,0,0,0,0,0,0,0,0,0,0,0,0
Martinique,Pre- and post- production,Emissions (CO2eq) from N2O (AR5),kilotonnes,0,0,0,0,0,0,0,0,0,0,0,0,0,0,0,0,0,0,0,0,0
Martinique,Pre- and post- production,Emissions (CO2eq) (AR5),kilotonnes,0,0,0,0,0,0,0,0,0,0,0,0,0,0,0,0,0,0,0,0,0
Martinique,Agri-food systems,Emissions (CH4),kilotonnes,1.8995,1.9244,1.6313,1.5521,1.6705,1.4584,1.5876,1.3483,1.3632,1.2902,1.2158,1.1522,1.1278,1.0151,1.0547,0.9908,1.0201,0.9788,0.8951,0.8478,0.003
Martinique,Agri-food systems,Emissions (N2O),kilotonnes,0.0816,0.0993,0.0734,0.0674,0.0711,0.0598,0.0709,0.0565,0.06,0.0589,0.0583,0.0505,0.0503,0.0482,0.0509,0.0484,0.0481,0.0464,0.0429,0.0418,0.0074
Martinique,Agri-food systems,Emissions (CO2),kilotonnes,35.7934,37.2906,38.8187,39.3921,39.0143,42.4527,43.1043,46.6266,49.3896,51.0419,49.6247,21.8492,22.9458,24.5923,23.513,24.0739,25.5302,26.0471,26.564,27.0808,27.0808
Martinique,Agri-food systems,Emissions (CO2eq) from CH4 (AR5),kilotonnes,53.1872,53.8834,45.677,43.4599,46.775,40.8352,44.453,37.7534,38.1698,36.1262,34.0432,32.2622,31.5796,28.4241,29.5316,27.7424,28.5641,27.4073,25.064,23.7385,0.0834
Martinique,Agri-food systems,Emissions (CO2eq) from N2O (AR5),kilotonnes,21.6156,26.3105,19.4494,17.8502,18.837,15.8491,18.7946,14.9739,15.9073,15.6146,15.4403,13.3731,13.3318,12.77,13.4808,12.8372,12.7345,12.3055,11.3648,11.0784,1.9718
Martinique,Agri-food systems,Emissions (CO2eq) (AR5),kilotonnes,110.5963,117.4846,103.945,100.7023,104.6263,99.1371,106.3518,99.354,103.4667,102.7827,99.1082,67.4844,67.8572,65.7864,66.5254,64.6536,66.8288,65.7599,62.9927,61.8977,29.136
Martinique,IPCC Agriculture,Emissions (CH4),kilotonnes,1.8929,1.9176,1.6245,1.5453,1.6638,1.4515,1.5808,1.3414,1.3563,1.2833,1.2091,1.1491,1.1247,1.012,1.0517,0.9878,1.0171,0.9758,0.8921,0.8448,0
Martinique,IPCC Agriculture,Direct emissions (N2O),kilotonnes,0.0526,0.0641,0.0467,0.0423,0.0454,0.0382,0.0431,0.0345,0.0359,0.0345,0.0344,0.0332,0.0327,0.0303,0.032,0.03,0.0295,0.028,0.0255,0.0243,
Martinique,IPCC Agriculture,Indirect emissions (N2O),kilotonnes,0.0144,0.0179,0.0129,0.0115,0.0123,0.0102,0.0118,0.0089,0.0094,0.0091,0.0091,0.0089,0.0087,0.0082,0.009,0.0084,0.0082,0.0078,0.007,0.0068,
Martinique,IPCC Agriculture,Emissions (N2O),kilotonnes,0.0753,0.0927,0.0664,0.0601,0.0642,0.0523,0.0631,0.0474,0.0499,0.0481,0.0479,0.0465,0.0459,0.0432,0.0459,0.0428,0.0417,0.0397,0.0358,0.0344,0
Martinique,IPCC Agriculture,Emissions (CO2eq) from CH4 (AR5),kilotonnes,53.0008,53.6942,45.4852,43.2693,46.5874,40.6427,44.2635,37.5598,37.9763,35.9336,33.8548,32.1742,31.4916,28.3348,29.4473,27.6592,28.479,27.3227,24.98,23.6551,0
Martinique,IPCC Agriculture,Emissions (CO2eq) from N2O (AR5),kilotonnes,19.9587,24.5527,17.5994,15.9235,17.0164,13.8707,16.7192,12.5735,13.2191,12.7384,12.7004,12.3169,12.1575,11.4376,12.1508,11.3336,11.0617,10.5331,9.4926,9.1066,0
Martinique,IPCC Agriculture,Emissions (CO2eq) (AR5),kilotonnes,72.9594,78.2468,63.0846,59.1929,63.6038,54.5134,60.9827,50.1333,51.1954,48.672,46.5552,44.4911,43.6491,39.7724,41.5981,38.9928,39.5408,37.8558,34.4726,32.7617,0
Martinique,Agricultural Soils,Direct emissions (N2O),kilotonnes,0.0526,0.0641,0.0467,0.0423,0.0454,0.0382,0.0431,0.0345,0.0359,0.0345,0.0344,0.0332,0.0327,0.0303,0.032,0.03,0.0295,0.028,0.0255,0.0243,
Martinique,Agricultural Soils,Indirect emissions (N2O),kilotonnes,0.0144,0.0179,0.0129,0.0115,0.0123,0.0102,0.0118,0.0089,0.0094,0.0091,0.0091,0.0089,0.0087,0.0082,0.009,0.0084,0.0082,0.0078,0.007,0.0068,
Martinique,Agricultural Soils,Emissions (N2O),kilotonnes,0.0669,0.082,0.0595,0.0539,0.0577,0.0484,0.0549,0.0434,0.0454,0.0436,0.0435,0.042,0.0414,0.0385,0.041,0.0384,0.0377,0.0358,0.0325,0.0311,0
Martinique,Agricultural Soils,Emissions (CO2eq) from N2O (AR5),kilotonnes,17.7323,21.7341,15.7793,14.2751,15.2888,12.8365,14.547,11.5034,12.0193,11.5639,11.5333,11.1431,10.9797,10.212,10.8603,10.171,9.9843,9.4946,8.6204,8.249,0
Martinique,Agricultural Soils,Emissions (CO2eq) (AR5),kilotonnes,17.7323,21.7341,15.7793,14.2751,15.2888,12.8365,14.547,11.5034,12.0193,11.5639,11.5333,11.1431,10.9797,10.212,10.8603,10.171,9.9843,9.4946,8.6204,8.249,0
Martinique,LULUCF,Emissions (CH4),kilotonnes,0,0,0,0,0,0,0,0,0,0,0,0,0,0,0,0,0,0,0,0,0
Martinique,LULUCF,Emissions (N2O),kilotonnes,0,0,0,0,0,0,0,0,0,0,0,0,0,0,0,0,0,0,0,0,0
Martinique,LULUCF,Emissions (CO2),kilotonnes,-59.4,-102.3,-102.3,-102.3,-102.3,-102.3,-102.3,-102.3,-102.3,-102.3,-102.3,-132,-132,-132,-132,-132,-132,-132,-132,-132,-132
Martinique,LULUCF,Emissions (CO2eq) from CH4 (AR5),kilotonnes,0,0,0,0,0,0,0,0,0,0,0,0,0,0,0,0,0,0,0,0,0
Martinique,LULUCF,Emissions (CO2eq) from N2O (AR5),kilotonnes,0,0,0,0,0,0,0,0,0,0,0,0,0,0,0,0,0,0,0,0,0
Martinique,LULUCF,Emissions (CO2eq) (AR5),kilotonnes,-59.4,-102.3,-102.3,-102.3,-102.3,-102.3,-102.3,-102.3,-102.3,-102.3,-102.3,-132,-132,-132,-132,-132,-132,-132,-132,-132,-132
Martinique,AFOLU,Emissions (CH4),kilotonnes,1.8929,1.9176,1.6245,1.5453,1.6638,1.4515,1.5808,1.3414,1.3563,1.2833,1.2091,1.1491,1.1247,1.012,1.0517,0.9878,1.0171,0.9758,0.8921,0.8448,0
Martinique,AFOLU,Emissions (N2O),kilotonnes,0.0753,0.0927,0.0664,0.0601,0.0642,0.0523,0.0631,0.0474,0.0499,0.0481,0.0479,0.0465,0.0459,0.0432,0.0459,0.0428,0.0417,0.0397,0.0358,0.0344,0
Martinique,AFOLU,Emissions (CO2),kilotonnes,-59.4,-102.3,-102.3,-102.3,-102.3,-102.3,-102.3,-102.3,-102.3,-102.3,-102.3,-132,-132,-132,-132,-132,-132,-132,-132,-132,-132
Martinique,AFOLU,Emissions (CO2eq) from CH4 (AR5),kilotonnes,53.0008,53.6942,45.4852,43.2693,46.5874,40.6427,44.2635,37.5598,37.9763,35.9336,33.8548,32.1742,31.4916,28.3348,29.4473,27.6592,28.479,27.3227,24.98,23.6551,0
Martinique,AFOLU,Emissions (CO2eq) from N2O (AR5),kilotonnes,19.9587,24.5527,17.5994,15.9235,17.0164,13.8707,16.7192,12.5735,13.2191,12.7384,12.7004,12.3169,12.1575,11.4376,12.1508,11.3336,11.0617,10.5331,9.4926,9.1066,0
Martinique,AFOLU,Emissions (CO2eq) (AR5),kilotonnes,13.5594,-24.0532,-39.2154,-43.1071,-38.6962,-47.7866,-41.3173,-52.1667,-51.1046,-53.628,-55.7448,-87.5089,-88.3509,-92.2276,-90.4019,-93.0072,-92.4592,-94.1442,-97.5274,-99.2383,-132
Martinique,All sectors with LULUCF,Emissions (CH4),kilotonnes,1.8929,1.9176,1.6245,1.5453,1.6638,1.4515,1.5808,1.3414,1.3563,1.2833,1.2091,1.1491,1.1247,1.012,1.0517,0.9878,1.0171,0.9758,0.8921,0.8448,0
Martinique,All sectors with LULUCF,Emissions (N2O),kilotonnes,0.0753,0.0927,0.0664,0.0601,0.0642,0.0523,0.0631,0.0474,0.0499,0.0481,0.0479,0.0465,0.0459,0.0432,0.0459,0.0428,0.0417,0.0397,0.0358,0.0344,0
Martinique,All sectors with LULUCF,Emissions (CO2),kilotonnes,-59.4,-102.3,-102.3,-102.3,-102.3,-102.3,-102.3,-102.3,-102.3,-102.3,-102.3,-132,-132,-132,-132,-132,-132,-132,-132,-132,-132
Martinique,All sectors with LULUCF,Emissions (CO2eq) from CH4 (AR5),kilotonnes,53.0008,53.6942,45.4852,43.2693,46.5874,40.6427,44.2635,37.5598,37.9763,35.9336,33.8548,32.1742,31.4916,28.3348,29.4473,27.6592,28.479,27.3227,24.98,23.6551,0
Martinique,All sectors with LULUCF,Emissions (CO2eq) from N2O (AR5),kilotonnes,19.9587,24.5527,17.5994,15.9235,17.0164,13.8707,16.7192,12.5735,13.2191,12.7384,12.7004,12.3169,12.1575,11.4376,12.1508,11.3336,11.0617,10.5331,9.4926,9.1066,0
Martinique,All sectors with LULUCF,Emissions (CO2eq) (AR5),kilotonnes,13.5594,-24.0532,-39.2154,-43.1071,-38.6962,-47.7866,-41.3173,-52.1667,-51.1046,-53.628,-55.7448,-87.5089,-88.3509,-92.2276,-90.4019,-93.0072,-92.4592,-94.1442,-97.5274,-99.2383,-132
Martinique,All sectors without LULUCF,Emissions (CH4),kilotonnes,1.8929,1.9176,1.6245,1.5453,1.6638,1.4515,1.5808,1.3414,1.3563,1.2833,1.2091,1.1491,1.1247,1.012,1.0517,0.9878,1.0171,0.9758,0.8921,0.8448,0
Martinique,All sectors without LULUCF,Emissions (N2O),kilotonnes,0.0753,0.0927,0.0664,0.0601,0.0642,0.0523,0.0631,0.0474,0.0499,0.0481,0.0479,0.0465,0.0459,0.0432,0.0459,0.0428,0.0417,0.0397,0.0358,0.0344,0
Martinique,All sectors without LULUCF,Emissions (CO2eq) from CH4 (AR5),kilotonnes,53.0008,53.6942,45.4852,43.2693,46.5874,40.6427,44.2635,37.5598,37.9763,35.9336,33.8548,32.1742,31.4916,28.3348,29.4473,27.6592,28.479,27.3227,24.98,23.6551,0
Martinique,All sectors without LULUCF,Emissions (CO2eq) from N2O (AR5),kilotonnes,19.9587,24.5527,17.5994,15.9235,17.0164,13.8707,16.7192,12.5735,13.2191,12.7384,12.7004,12.3169,12.1575,11.4376,12.1508,11.3336,11.0617,10.5331,9.4926,9.1066,0
Martinique,All sectors without LULUCF,Emissions (CO2eq) (AR5),kilotonnes,72.9594,78.2468,63.0846,59.1929,63.6038,54.5134,60.9827,50.1333,51.1954,48.672,46.5552,44.4911,43.6491,39.7724,41.5981,38.9928,39.5408,37.8558,34.4726,32.7617,0
Mauritania,Crop Residues,Direct emissions (N2O),kilotonnes,0.0558,0.0469,0.0344,0.0586,0.045,0.0544,0.0587,0.0628,0.0627,0.0587,0.0815,0.0513,0.0968,0.0837,0.0881,0.0835,0.0847,0.0851,0.1063,0.1091,0.1171
Mauritania,Crop Residues,Indirect emissions (N2O),kilotonnes,0.0126,0.0106,0.0077,0.0132,0.0101,0.0122,0.0132,0.0141,0.0141,0.0132,0.0183,0.0115,0.0218,0.0188,0.0198,0.0188,0.0191,0.0191,0.0239,0.0245,0.0263
Mauritania,Crop Residues,Emissions (N2O),kilotonnes,0.0684,0.0575,0.0421,0.0718,0.0551,0.0667,0.0719,0.0769,0.0768,0.0719,0.0998,0.0628,0.1186,0.1025,0.1079,0.1022,0.1038,0.1042,0.1302,0.1336,0.1434
Mauritania,Crop Residues,Emissions (CO2eq) from N2O (AR5),kilotonnes,18.1257,15.2406,11.1625,19.0382,14.6134,17.6653,19.0436,20.3893,20.3462,19.0652,26.4442,16.6465,31.4177,27.1652,28.5978,27.0915,27.5069,27.6136,34.5039,35.4025,38.0077
Mauritania,Crop Residues,Emissions (CO2eq) (AR5),kilotonnes,18.1257,15.2406,11.1625,19.0382,14.6134,17.6653,19.0436,20.3893,20.3462,19.0652,26.4442,16.6465,31.4177,27.1652,28.5978,27.0915,27.5069,27.6136,34.5039,35.4025,38.0077
Mauritania,Rice Cultivation,Emissions (CH4),kilotonnes,5.0352,3.6378,4.753,5.908,5.096,5.18,4.403,4.872,4.83,3.7598,7.1966,8.6828,10.36,11.452,15.9891,12.362,12.1772,16.5368,17.2642,20.5061,19.3917
Mauritania,Rice Cultivation,Emissions (CO2eq) from CH4 (AR5),kilotonnes,140.9867,101.8573,133.084,165.424,142.688,145.04,123.284,136.416,135.24,105.2755,201.5037,243.1184,290.08,320.656,447.6954,346.136,340.9616,463.0304,483.3987,574.1702,542.967
Mauritania,Rice Cultivation,Emissions (CO2eq) (AR5),kilotonnes,140.9867,101.8573,133.084,165.424,142.688,145.04,123.284,136.416,135.24,105.2755,201.5037,243.1184,290.08,320.656,447.6954,346.136,340.9616,463.0304,483.3987,574.1702,542.967
Mauritania,Burning - Crop residues,Emissions (CH4),kilotonnes,0.0678,0.0362,0.0484,0.0868,0.0441,0.0682,0.1175,0.0913,0.0869,0.0794,0.102,0.0954,0.1474,0.0997,0.1383,0.1107,0.1254,0.1305,0.1429,0.1762,0.1663
Mauritania,Burning - Crop residues,Emissions (CH4),kilotonnes,0.237,,,,,,,,,,,,,,,,,,,,
Mauritania,Burning - Crop residues,Emissions (N2O),kilotonnes,0.0018,0.0009,0.0013,0.0022,0.0011,0.0018,0.003,0.0024,0.0023,0.0021,0.0026,0.0025,0.0038,0.0026,0.0036,0.0029,0.0033,0.0034,0.0037,0.0046,0.0043
Mauritania,Burning - Crop residues,Emissions (N2O),kilotonnes,0.0069,,,,,,,,,,,,,,,,,,,,
Mauritania,Burning - Crop residues,Emissions (CO2eq) from CH4 (AR5),kilotonnes,1.8973,1.0149,1.3549,2.4296,1.2352,1.9108,3.2888,2.5563,2.4335,2.2244,2.8557,2.6714,4.1263,2.7909,3.8732,3.1003,3.5113,3.6542,4.0017,4.9334,4.6559
Mauritania,Burning - Crop residues,Emissions (CO2eq) from CH4 (AR5),kilotonnes,6.636,,,,,,,,,,,,,,,,,,,,
Mauritania,Burning - Crop residues,Emissions (CO2eq) from N2O (AR5),kilotonnes,0.4655,0.249,0.3325,0.5961,0.3031,0.4689,0.807,0.6272,0.5971,0.5458,0.7007,0.6555,1.0125,0.6848,0.9504,0.7607,0.8616,0.8966,0.9819,1.2105,1.1424
Mauritania,Burning - Crop residues,Emissions (CO2eq) from N2O (AR5),kilotonnes,1.8285,,,,,,,,,,,,,,,,,,,,
Mauritania,Burning - Crop residues,Emissions (CO2eq) (AR5),kilotonnes,2.3628,1.2639,1.6873,3.0257,1.5382,2.3796,4.0958,3.1835,3.0306,2.7703,3.5564,3.3269,5.1388,3.4757,4.8236,3.861,4.3728,4.5508,4.9836,6.1439,5.7983
Mauritania,Burning - Crop residues,Emissions (CO2eq) (AR5),kilotonnes,8.4645,,,,,,,,,,,,,,,,,,,,
Mauritania,Enteric Fermentation,Emissions (CH4),kilotonnes,182.8503,189.8999,195.8782,199.5515,194.899,197.539,203.226,193.2082,180.6393,193.75,197.4855,202.2831,207.2085,212.3906,218.395,225.5093,225.3737,227.2264,229.1427,232.5646,234.1532
Mauritania,Enteric Fermentation,Emissions (CH4),kilotonnes,181.2827,,,,,,,,,,149.923,,,,,174.0701,,,197.4401,,
Mauritania,Enteric Fermentation,Emissions (CO2eq) from CH4 (AR5),kilotonnes,5119.8084,5317.1981,5484.5907,5587.4414,5457.172,5531.092,5690.328,5409.8293,5057.9008,5425.0006,5529.5949,5663.9276,5801.8377,5946.9377,6115.06,6314.2608,6310.4624,6362.3383,6415.9969,6511.8094,6556.2884
Mauritania,Enteric Fermentation,Emissions (CO2eq) from CH4 (AR5),kilotonnes,5075.9156,,,,,,,,,,4197.844,,,,,4873.9628,,,5528.3228,,
Mauritania,Enteric Fermentation,Emissions (CO2eq) (AR5),kilotonnes,5119.8084,5317.1981,5484.5907,5587.4414,5457.172,5531.092,5690.328,5409.8293,5057.9008,5425.0006,5529.5949,5663.9276,5801.8377,5946.9377,6115.06,6314.2608,6310.4624,6362.3383,6415.9969,6511.8094,6556.2884
Mauritania,Enteric Fermentation,Emissions (CO2eq) (AR5),kilotonnes,5075.9156,,,,,,,,,,4197.844,,,,,4873.9628,,,5528.3228,,
Mauritania,Manure Management,Emissions (CH4),kilotonnes,8.1373,8.465,8.7557,8.9384,8.8463,8.9797,9.1128,8.8098,8.1913,8.6302,8.8001,9.001,9.1593,9.4167,9.748,9.9482,9.9416,10.0206,10.1293,10.2676,10.3338
Mauritania,Manure Management,Emissions (CH4),kilotonnes,8.7122,,,,,,,,,,9.313,,,,,10.5901,,,11.6855,,
Mauritania,Manure Management,Emissions (N2O),kilotonnes,0.0673,0.0696,0.0716,0.0724,0.0695,0.0699,0.0744,0.0694,0.0658,0.0723,0.0738,0.0761,0.0787,0.0809,0.0797,0.087,0.0856,0.0865,0.087,0.0888,0.0894
Mauritania,Manure Management,Emissions (N2O),kilotonnes,0.1112,,,,,,,,,,,,,,,,,,,,
Mauritania,Manure Management,Emissions (CO2eq) from CH4 (AR5),kilotonnes,227.844,237.0198,245.159,250.2739,247.6972,251.4302,255.1584,246.6744,229.3575,241.6448,246.4034,252.0279,256.4598,263.6672,272.9426,278.5494,278.3641,280.5758,283.6217,287.4929,289.3466
Mauritania,Manure Management,Emissions (CO2eq) from CH4 (AR5),kilotonnes,243.9416,,,,,,,,,,260.764,,,,,296.5228,,,327.194,,
Mauritania,Manure Management,Emissions (CO2eq) from N2O (AR5),kilotonnes,17.8221,18.4421,18.9758,19.1948,18.4208,18.5264,19.7286,18.401,17.435,19.1498,19.5654,20.1634,20.8487,21.4273,21.128,23.065,22.6797,22.913,23.0491,23.5334,23.6896
Mauritania,Manure Management,Emissions (CO2eq) from N2O (AR5),kilotonnes,29.468,,,,,,,,,,,,,,,,,,,,
Mauritania,Manure Management,Emissions (CO2eq) (AR5),kilotonnes,245.6661,255.4619,264.1348,269.4687,266.118,269.9566,274.887,265.0754,246.7925,260.7945,265.9688,272.1913,277.3085,285.0945,294.0706,301.6144,301.0438,303.4888,306.6709,311.0263,313.0362
Mauritania,Manure Management,Emissions (CO2eq) (AR5),kilotonnes,273.4096,,,,,,,,,,260.764,,,,,296.5228,,,327.194,,
Mauritania,Manure left on Pasture,Direct emissions (N2O),kilotonnes,5.5634,5.7755,5.9439,6.0336,5.7958,5.8402,6.1914,5.8082,5.4995,5.9967,6.1401,6.3238,6.5149,6.7122,6.8003,7.197,7.118,7.1971,7.2494,7.3743,7.4259
Mauritania,Manure left on Pasture,Indirect emissions (N2O),kilotonnes,1.9358,2.0143,2.0847,2.1134,2.0711,2.0862,2.1533,2.0718,1.9341,2.0695,2.1312,2.2029,2.2777,2.3551,2.3725,2.538,2.4761,2.5125,2.542,2.5901,2.6063
Mauritania,Manure left on Pasture,Emissions (N2O),kilotonnes,7.4992,7.7898,8.0286,8.147,7.8669,7.9265,8.3447,7.88,7.4336,8.0662,8.2712,8.5267,8.7926,9.0673,9.1728,9.7351,9.594,9.7097,9.7913,9.9644,10.0322
Mauritania,Manure left on Pasture,Emissions (CO2eq) from N2O (AR5),kilotonnes,1987.286,2064.3024,2127.5777,2158.9645,2084.7365,2100.513,2211.3573,2088.2006,1969.8926,2137.5473,2191.8735,2259.5816,2330.0394,2402.8305,2430.7926,2579.7948,2542.4176,2573.0694,2594.704,2640.5706,2658.5309
Mauritania,Manure left on Pasture,Emissions (CO2eq) (AR5),kilotonnes,1987.286,2064.3024,2127.5777,2158.9645,2084.7365,2100.513,2211.3573,2088.2006,1969.8926,2137.5473,2191.8735,2259.5816,2330.0394,2402.8305,2430.7926,2579.7948,2542.4176,2573.0694,2594.704,2640.5706,2658.5309
Mauritania,Manure applied to Soils,Direct emissions (N2O),kilotonnes,0.1146,0.1181,0.1225,0.1238,0.1227,0.1237,0.1267,0.1206,0.1145,0.1237,0.1256,0.129,0.1326,0.1362,0.1374,0.1475,0.1457,0.147,0.1485,0.151,0.152
Mauritania,Manure applied to Soils,Indirect emissions (N2O),kilotonnes,0.0487,0.0502,0.0521,0.0526,0.0521,0.0526,0.0538,0.0513,0.0487,0.0526,0.0534,0.0548,0.0563,0.0579,0.0584,0.0627,0.0619,0.0625,0.0631,0.0642,0.0646
Mauritania,Manure applied to Soils,Emissions (N2O),kilotonnes,0.1633,0.1684,0.1746,0.1765,0.1748,0.1763,0.1805,0.1719,0.1631,0.1763,0.179,0.1839,0.1889,0.1941,0.1957,0.2102,0.2076,0.2095,0.2116,0.2151,0.2166
Mauritania,Manure applied to Soils,Emissions (CO2eq) from N2O (AR5),kilotonnes,43.2619,44.6139,46.2606,46.7672,46.326,46.7134,47.8281,45.5507,43.2341,46.7233,47.4379,48.7298,50.0599,51.4458,51.87,55.6952,55.0251,55.5244,56.0871,57.014,57.3973
Mauritania,Manure applied to Soils,Emissions (CO2eq) (AR5),kilotonnes,43.2619,44.6139,46.2606,46.7672,46.326,46.7134,47.8281,45.5507,43.2341,46.7233,47.4379,48.7298,50.0599,51.4458,51.87,55.6952,55.0251,55.5244,56.0871,57.014,57.3973
Mauritania,Drained organic soils,Emissions (CO2eq) (AR5),kilotonnes,0,0,0,0,0,0,0,0,0,0,0,0,0,0,0,0,0,0,0,0,0
Mauritania,Drained organic soils (CO2),Emissions (CO2),kilotonnes,0,0,0,0,0,0,0,0,0,0,0,0,0,0,0,0,0,0,0,0,0
Mauritania,Drained organic soils (CO2),Emissions (CO2eq) (AR5),kilotonnes,0,0,0,0,0,0,0,0,0,0,0,0,0,0,0,0,0,0,0,0,0
Mauritania,Drained organic soils (N2O),Emissions (N2O),kilotonnes,0,0,0,0,0,0,0,0,0,0,0,0,0,0,0,0,0,0,0,0,0
Mauritania,Drained organic soils (N2O),Emissions (CO2eq) from N2O (AR5),kilotonnes,0,0,0,0,0,0,0,0,0,0,0,0,0,0,0,0,0,0,0,0,0
Mauritania,Drained organic soils (N2O),Emissions (CO2eq) (AR5),kilotonnes,0,0,0,0,0,0,0,0,0,0,0,0,0,0,0,0,0,0,0,0,0
Mauritania,On-farm energy use,Emissions (CH4),kilotonnes,0.0196,0.0193,0.0207,0.021,0.0231,0.0209,0.0197,0.0214,0.0178,0.0206,0.02,0.0235,0.0247,0.022,0.0271,0.0342,0.0298,0.0461,0.0454,0.0491,0.0491
Mauritania,On-farm energy use,Emissions (N2O),kilotonnes,0.0712,0.0737,0.0755,0.0776,0.0891,0.0767,0.0715,0.0768,0.0541,0.0584,0.054,0.0547,0.056,0.0497,0.0571,0.0723,0.0623,0.0962,0.0693,0.0717,0.0717
Mauritania,On-farm energy use,Emissions (CO2),kilotonnes,218.8813,225.1818,233.2573,239.7728,272.4401,242.8725,232.2955,249.5885,193.1983,217.8944,200.1047,225.9209,233.2247,208.2348,245.9937,315.0867,262.2484,442.9212,387.8421,416.2118,416.2118
Mauritania,On-farm energy use,Emissions (CO2eq) from CH4 (AR5),kilotonnes,0.548,0.5414,0.5791,0.5877,0.6461,0.5857,0.5518,0.5993,0.4982,0.5756,0.56,0.6593,0.6926,0.6171,0.7577,0.9568,0.8334,1.2906,1.2716,1.3743,1.3743
Mauritania,On-farm energy use,Emissions (CO2eq) from N2O (AR5),kilotonnes,18.878,19.5305,20.0201,20.5549,23.6211,20.3289,18.9605,20.3403,14.3426,15.4694,14.3064,14.5025,14.8402,13.1817,15.1213,19.1623,16.4971,25.4855,18.3558,19.0027,19.0027
Mauritania,On-farm energy use,Emissions (CO2eq) (AR5),kilotonnes,238.3074,245.2537,253.8565,260.9155,296.7073,263.787,251.8078,270.5282,208.0391,233.9394,214.971,241.0827,248.7574,222.0336,261.8727,335.2057,279.5789,469.6973,407.4695,436.5888,436.5888
Mauritania,Forestland,Emissions (CO2),kilotonnes,-216.0099,-235.5704,-235.5704,-235.5704,-235.5704,-235.5704,-235.5704,-235.5704,-235.5704,-235.5704,-235.5704,-258.6668,-258.6668,-258.6668,-258.6668,-258.6668,-1750.9668,-1750.9668,-1750.9668,-1750.9668,-1750.9668
Mauritania,Forestland,Emissions (CO2),kilotonnes,,,,,,,,,,,-756.6029,,,,,-870.595,,,-900.445,,
Mauritania,Forestland,Emissions (CO2eq) (AR5),kilotonnes,-216.0099,-235.5704,-235.5704,-235.5704,-235.5704,-235.5704,-235.5704,-235.5704,-235.5704,-235.5704,-235.5704,-258.6668,-258.6668,-258.6668,-258.6668,-258.6668,-1750.9668,-1750.9668,-1750.9668,-1750.9668,-1750.9668
Mauritania,Forestland,Emissions (CO2eq) (AR5),kilotonnes,,,,,,,,,,,-756.6029,,,,,-870.595,,,-900.445,,
Mauritania,Net Forest conversion,Emissions (CO2),kilotonnes,614.1348,631.448,631.448,631.448,631.448,631.448,631.448,631.448,631.448,631.448,631.448,654.2917,654.2917,654.2917,654.2917,654.2917,668.4788,668.4788,668.4788,668.4788,668.4788
Mauritania,Net Forest conversion,Emissions (CO2),kilotonnes,,,,,,,,,,,,,,,,,,,11.0825,,
Mauritania,Net Forest conversion,Emissions (CO2eq) (AR5),kilotonnes,614.1348,631.448,631.448,631.448,631.448,631.448,631.448,631.448,631.448,631.448,631.448,654.2917,654.2917,654.2917,654.2917,654.2917,668.4788,668.4788,668.4788,668.4788,668.4788
Mauritania,Net Forest conversion,Emissions (CO2eq) (AR5),kilotonnes,,,,,,,,,,,,,,,,,,,11.0825,,
Mauritania,Savanna fires,Emissions (CH4),kilotonnes,9.838,6.2147,1.1128,0.392,3.1072,3.3958,3.8681,9.8105,4.3009,4.3776,7.5599,3.4684,3.3523,2.7785,0.4329,0.5202,1.9009,0.9742,0.2689,1.7754,1.8637
Mauritania,Savanna fires,Emissions (N2O),kilotonnes,0.8983,0.5674,0.1016,0.0358,0.2837,0.3101,0.3532,0.8957,0.3927,0.3997,0.6903,0.3167,0.3061,0.2537,0.0395,0.0475,0.1736,0.0889,0.0246,0.1621,0.1702
Mauritania,Savanna fires,Emissions (CO2eq) from CH4 (AR5),kilotonnes,275.4638,174.011,31.1572,10.9746,87.0005,95.0822,108.3055,274.6932,120.4263,122.5735,211.6775,97.1148,93.8638,77.7974,12.1224,14.5653,53.2264,27.2773,7.5289,49.7117,52.183
Mauritania,Savanna fires,Emissions (CO2eq) from N2O (AR5),kilotonnes,238.0368,150.3682,26.9239,9.4835,75.1798,82.1634,93.5901,237.3708,104.064,105.9195,182.917,83.9199,81.1105,67.2271,10.4753,12.5863,45.9945,23.5711,6.506,42.9574,45.0929
Mauritania,Savanna fires,Emissions (CO2eq) (AR5),kilotonnes,513.5006,324.3792,58.0812,20.4582,162.1803,177.2456,201.8956,512.064,224.4903,228.493,394.5945,181.0347,174.9743,145.0246,22.5977,27.1516,99.2209,50.8484,14.0349,92.6691,97.2759
Mauritania,Fires in organic soils,Emissions (CH4),kilotonnes,0,0,0,0,0,0,0,0,0,0,0,0,0,0,0,0,0,0,0,0,0
Mauritania,Fires in organic soils,Emissions (CO2),kilotonnes,0,0,0,0,0,0,0,0,0,0,0,0,0,0,0,0,0,0,0,0,0
Mauritania,Fires in organic soils,Emissions (CO2eq) from CH4 (AR5),kilotonnes,0,0,0,0,0,0,0,0,0,0,0,0,0,0,0,0,0,0,0,0,0
Mauritania,Fires in organic soils,Emissions (CO2eq) (AR5),kilotonnes,0,0,0,0,0,0,0,0,0,0,0,0,0,0,0,0,0,0,0,0,0
Mauritania,Forest fires,Emissions (CH4),kilotonnes,0.0015,0,0,0,0,0,0,0,0,0,0,0,0,0,0,0,0,0,0,0,0
Mauritania,Forest fires,Emissions (N2O),kilotonnes,0,0,0,0,0,0,0,0,0,0,0,0,0,0,0,0,0,0,0,0,0
Mauritania,Forest fires,Emissions (CO2eq) from CH4 (AR5),kilotonnes,0.0414,0,0,0,0,0,0,0,0,0,0,0,0,0,0,0,0,0,0,0,0
Mauritania,Forest fires,Emissions (CO2eq) from N2O (AR5),kilotonnes,0.0114,0,0,0,0,0,0,0,0,0,0,0,0,0,0,0,0,0,0,0,0
Mauritania,Forest fires,Emissions (CO2eq) (AR5),kilotonnes,0.0528,0,0,0,0,0,0,0,0,0,0,0,0,0,0,0,0,0,0,0,0
Mauritania,Fires in humid tropical forests,Emissions (CH4),kilotonnes,0,0,0,0,0,0,0,0,0,0,0,0,0,0,0,0,0,0,0,0,0
Mauritania,Fires in humid tropical forests,Emissions (N2O),kilotonnes,0,0,0,0,0,0,0,0,0,0,0,0,0,0,0,0,0,0,0,0,0
Mauritania,Fires in humid tropical forests,Emissions (CO2eq) from CH4 (AR5),kilotonnes,0,0,0,0,0,0,0,0,0,0,0,0,0,0,0,0,0,0,0,0,0
Mauritania,Fires in humid tropical forests,Emissions (CO2eq) from N2O (AR5),kilotonnes,0,0,0,0,0,0,0,0,0,0,0,0,0,0,0,0,0,0,0,0,0
Mauritania,Fires in humid tropical forests,Emissions (CO2eq) (AR5),kilotonnes,0,0,0,0,0,0,0,0,0,0,0,0,0,0,0,0,0,0,0,0,0
Mauritania,Waste - agri-food systems,Emissions (CH4),kilotonnes,12.2501,12.4958,12.7237,12.9523,13.1836,13.4135,13.6472,13.875,14.0877,14.3094,14.5569,14.7924,15.0275,15.2577,15.3003,15.5231,15.7231,15.9327,16.1396,16.2938,16.4452
Mauritania,Waste - agri-food systems,Emissions (N2O),kilotonnes,0.0696,0.0748,0.0791,0.084,0.0814,0.0856,0.085,0.0911,0.0932,0.0956,0.1002,0.1019,0.1096,0.1157,0.1152,0.1155,0.1173,0.1208,0.1242,0.1272,0.1302
Mauritania,Waste - agri-food systems,Emissions (CO2),kilotonnes,0,0,0,0,0,0,0,0,0,0,0,0,0,0,0,0,0,0,0,0,0
Mauritania,Waste - agri-food systems,Emissions (CO2eq) from CH4 (AR5),kilotonnes,343.0038,349.8811,356.263,362.6636,369.1418,375.579,382.1225,388.4998,394.4563,400.6624,407.5931,414.1884,420.7704,427.2145,428.4078,434.6462,440.2464,446.1168,451.909,456.2254,460.4644
Mauritania,Waste - agri-food systems,Emissions (CO2eq) from N2O (AR5),kilotonnes,18.4496,19.8339,20.9721,22.2596,21.5723,22.6792,22.5244,24.1449,24.7024,25.3443,26.5464,26.9933,29.0325,30.6594,30.5269,30.5957,31.0714,32.0143,32.9104,33.7026,34.506
Mauritania,Waste - agri-food systems,Emissions (CO2eq) (AR5),kilotonnes,361.4534,369.715,377.2351,384.9232,390.7141,398.2582,404.6468,412.6447,419.1588,426.0067,434.1395,441.1817,449.8029,457.8739,458.9347,465.2419,471.3178,478.1311,484.8194,489.928,494.9705
Mauritania,On-farm electricity use,Emissions (CH4),kilotonnes,0,0,0,0,0,0,0,0,0,0,0,0,0,0,0,0,0,0,0,0,0
Mauritania,On-farm electricity use,Emissions (N2O),kilotonnes,0,0,0,0,0,0,0,0,0,0,0,0,0,0,0,0,0,0,0,0,0
Mauritania,On-farm electricity use,Emissions (CO2),kilotonnes,0,0,0,0,0,0,0,0,0,0,0,0,0,0,0,0,0,0,0,0,0
Mauritania,On-farm electricity use,Emissions (CO2eq) from CH4 (AR5),kilotonnes,0,0,0,0,0,0,0,0,0,0,0,0,0,0,0,0,0,0,0,0,0
Mauritania,On-farm electricity use,Emissions (CO2eq) from N2O (AR5),kilotonnes,0,0,0,0,0,0,0,0,0,0,0,0,0,0,0,0,0,0,0,0,0
Mauritania,On-farm electricity use,Emissions (CO2eq) (AR5),kilotonnes,0,0,0,0,0,0,0,0,0,0,0,0,0,0,0,0,0,0,0,0,0
Mauritania,Food Processing,Emissions (CH4),kilotonnes,0.005,0.5967,0.619,0.0053,0.0037,0.0063,0.0458,0.0162,0.0169,0.0218,0.0202,0.0206,0.0245,0.0346,0.0361,0.0442,0.0497,0.0284,0.0316,0.028,0.0288
Mauritania,Food Processing,Emissions (N2O),kilotonnes,0,0.0032,0.0032,0,0,0,0.0003,0.0002,0.0002,0.0003,0.0002,0.0003,0.0003,0.0004,0.0004,0.0005,0.0005,0.0004,0.0004,0.0004,0.0004
Mauritania,Food Processing,Emissions (CO2),kilotonnes,3.7926,185.4034,183.0229,2.1403,1.727,5.7561,26.6498,16.6174,19.3887,69.9423,53.1916,60.0061,55.7388,79.385,88.2464,99.2232,94.962,108.0331,71.4812,72.7885,73.6018
Mauritania,Food Processing,Emissions (CO2eq) from CH4 (AR5),kilotonnes,0.14,16.7076,17.332,0.1484,0.1036,0.1764,1.2824,0.4536,0.4732,0.6104,0.5656,0.5768,0.686,0.9688,1.0108,1.2376,1.3916,0.7952,0.8848,0.784,0.8072
Mauritania,Food Processing,Emissions (CO2eq) from N2O (AR5),kilotonnes,0,0.848,0.848,0,0,0,0.0795,0.053,0.053,0.0795,0.053,0.0795,0.0795,0.106,0.106,0.1325,0.1325,0.106,0.106,0.106,0.1083
Mauritania,Food Processing,Emissions (CO2eq) (AR5),kilotonnes,3.9326,202.959,201.2029,2.2887,1.8306,5.9325,28.0117,17.124,19.9149,70.6322,53.8102,60.6624,56.5043,80.4598,89.3632,100.5933,96.4861,108.9343,72.472,73.6785,74.5173
Mauritania,Food Packaging,Emissions (CH4),kilotonnes,0.0008,0.0007,0.001,0.0013,0.0013,0.0016,0.001,0.0006,0.0004,0.0004,0.0005,0.0005,0.0005,0.0008,0.0008,0.0011,0.0018,0.0019,0.0057,0.002,0.0021
Mauritania,Food Packaging,Emissions (N2O),kilotonnes,0,0,0,0,0,0,0,0,0,0,0,0,0,0,0,0,0,0,0,0,0
Mauritania,Food Packaging,Emissions (CO2),kilotonnes,0.8697,0.7954,0.894,0.8054,0.8111,0.9707,0.9271,0.8552,0.6685,0.8317,0.5199,0.565,0.7971,0.8571,0.9229,1.0937,1.185,1.6593,2.7491,1.4878,1.5044
Mauritania,Food Packaging,Emissions (CO2eq) from CH4 (AR5),kilotonnes,0.0224,0.0196,0.028,0.0364,0.0364,0.0448,0.028,0.0168,0.0112,0.0112,0.014,0.014,0.014,0.0224,0.0224,0.0308,0.0504,0.0532,0.1596,0.056,0.0577
Mauritania,Food Packaging,Emissions (CO2eq) from N2O (AR5),kilotonnes,0,0,0,0,0,0,0,0,0,0,0,0,0,0,0,0,0,0,0,0,0
Mauritania,Food Packaging,Emissions (CO2eq) (AR5),kilotonnes,0.8921,0.815,0.922,0.8418,0.8475,1.0155,0.9551,0.872,0.6797,0.8429,0.5339,0.579,0.8111,0.8795,0.9453,1.1245,1.2354,1.7125,2.9087,1.5438,1.5621
Mauritania,Food Retail,Emissions (CH4),kilotonnes,0.0118,0.013,0.0153,0.0182,0.0211,0.0238,0.025,0.0206,0.0244,0.0236,0.0252,0.024,0.0265,0.0302,0.0316,0.0387,0.0391,0.0434,0.0498,0.0472,0.0486
Mauritania,Food Retail,Emissions (N2O),kilotonnes,0.0001,0.0001,0.0001,0.0001,0.0001,0.0001,0.0001,0.0001,0.0001,0.0001,0.0002,0.0001,0.0001,0.0001,0.0001,0.0002,0.0002,0.0002,0.0002,0.0002,0.0002
Mauritania,Food Retail,Emissions (CO2),kilotonnes,4.8442,5.1061,5.4552,5.6298,6.0662,6.2844,6.8081,7.6809,9.2517,9.0781,9.8736,8.8309,9.8402,11.2669,11.8004,14.4706,14.6187,16.213,18.5919,17.5835,17.78
Mauritania,Food Retail,Emissions (CO2eq) from CH4 (AR5),kilotonnes,0.3314,0.3633,0.427,0.5099,0.5895,0.666,0.7011,0.5768,0.6832,0.6608,0.7056,0.672,0.742,0.8456,0.8848,1.0836,1.0948,1.2152,1.3944,1.3216,1.3607
Mauritania,Food Retail,Emissions (CO2eq) from N2O (AR5),kilotonnes,0.0197,0.0203,0.0215,0.0221,0.0232,0.0244,0.025,0.0265,0.0265,0.0265,0.053,0.0265,0.0265,0.0265,0.0265,0.053,0.053,0.053,0.053,0.053,0.0542
Mauritania,Food Retail,Emissions (CO2eq) (AR5),kilotonnes,5.1954,5.4897,5.9037,6.1617,6.6789,6.9748,7.5341,8.2842,9.9614,9.7654,10.6322,9.5294,10.6087,12.139,12.7117,15.6072,15.7665,17.4812,20.0393,18.9581,19.1948
Mauritania,Food Household Consumption,Emissions (CH4),kilotonnes,0.0636,0.0671,0.0831,0.0903,0.093,0.1012,0.109,0.115,0.1363,0.1368,0.1414,0.1627,0.1896,0.2069,0.2167,0.2239,0.2308,0.2498,0.2522,0.2595,0.2672
Mauritania,Food Household Consumption,Emissions (N2O),kilotonnes,0.0004,0.0004,0.0006,0.0006,0.0006,0.0007,0.0007,0.0008,0.0009,0.0009,0.0009,0.001,0.0011,0.001,0.001,0.0011,0.0011,0.0012,0.0012,0.0013,0.0013
Mauritania,Food Household Consumption,Emissions (CO2),kilotonnes,50.1827,50.0032,61.8731,66.9382,75.8321,85.9649,89.3268,88.2133,101.524,124.5717,92.8561,132.1524,141.1946,161.1989,161.7987,169.555,181.1738,190.8887,187.9582,201.2621,203.5108
Mauritania,Food Household Consumption,Emissions (CO2eq) from CH4 (AR5),kilotonnes,1.7808,1.8788,2.3268,2.5284,2.604,2.8336,3.052,3.22,3.8164,3.8304,3.9592,4.5556,5.3088,5.7932,6.0676,6.2692,6.4624,6.9944,7.0616,7.266,7.4808
Mauritania,Food Household Consumption,Emissions (CO2eq) from N2O (AR5),kilotonnes,0.106,0.106,0.159,0.159,0.159,0.1855,0.1855,0.212,0.2385,0.2385,0.2385,0.265,0.2915,0.265,0.265,0.2915,0.2915,0.318,0.318,0.3445,0.352
Mauritania,Food Household Consumption,Emissions (CO2eq) (AR5),kilotonnes,52.0695,51.988,64.3589,69.6256,78.5951,88.984,92.5643,91.6453,105.5789,128.6406,97.0538,136.973,146.7949,167.2571,168.1313,176.1157,187.9277,198.2011,195.3378,208.8726,211.3436
Mauritania,Food Transport,Emissions (CH4),kilotonnes,0.0119,0.0122,0.0132,0.0136,0.0143,0.0146,0.0143,0.0153,0.0186,0.019,0.0184,0.0213,0.0244,0.0232,0.0276,0.0284,0.0278,0.0316,0.0333,0.0241,0.0248
Mauritania,Food Transport,Emissions (N2O),kilotonnes,0.0011,0.0011,0.0012,0.0013,0.0013,0.0014,0.0013,0.0014,0.0018,0.0018,0.0021,0.0024,0.0027,0.0026,0.0034,0.0034,0.003,0.0034,0.0036,0.0029,0.003
Mauritania,Food Transport,Emissions (CO2),kilotonnes,51.69,53.67,59.52,62.045,65.895,69.69,68.01,76.575,94.855,94.91,92.6626,99.1058,114.6699,106.6314,126.5606,129.7835,124.4528,142.2252,148.8981,119.4529,120.7876
Mauritania,Food Transport,Emissions (CO2eq) from CH4 (AR5),kilotonnes,0.3332,0.3416,0.3696,0.3808,0.4004,0.4088,0.4004,0.4284,0.5208,0.532,0.5152,0.5964,0.6832,0.6496,0.7728,0.7952,0.7784,0.8848,0.9324,0.6748,0.6947
Mauritania,Food Transport,Emissions (CO2eq) from N2O (AR5),kilotonnes,0.2915,0.2915,0.318,0.3445,0.3445,0.371,0.3445,0.371,0.477,0.477,0.5565,0.636,0.7155,0.689,0.901,0.901,0.795,0.901,0.954,0.7685,0.7852
Mauritania,Food Transport,Emissions (CO2eq) (AR5),kilotonnes,52.3147,54.3031,60.2076,62.7703,66.6399,70.4698,68.7549,77.3744,95.8528,95.919,93.7343,100.3382,116.0686,107.97,128.2344,131.4797,126.0262,144.011,150.7845,120.8962,122.2675
Mauritania,Energy,Emissions (CH4),kilotonnes,10.4,11.4,13.4,16,18.5,20.9,22,18.1,18,18,17.7,18.1,18.5,18.9,19,19.4,19.8,20.2,20.5,20.3,20.9
Mauritania,Energy,Emissions (N2O),kilotonnes,0.102,0.105,0.111,0.114,0.12,0.126,0.129,0.137,0.144,0.145,0.146,0.149,0.159,0.156,0.164,0.167,0.168,0.178,0.18,0.184,0.188
Mauritania,Energy,Emissions (CO2),kilotonnes,1110,1170,1250,1290,1390,1440,1560,1760,1840,2020,2010,2160,2440,2160,2570,2970,2870,3820,3430,3580,3620
Mauritania,Energy,Emissions (CO2eq) from CH4 (AR5),kilotonnes,291.2,319.2,375.2,448,518,585.2,616,506.8,504,504,495.6,506.8,518,529.2,532,543.2,554.4,565.6,574,568.4,585.2
Mauritania,Energy,Emissions (CO2eq) from N2O (AR5),kilotonnes,27.03,27.825,29.415,30.21,31.8,33.39,34.185,36.305,38.16,38.425,38.69,39.485,42.135,41.34,43.46,44.255,44.52,47.17,47.7,48.76,49.82
Mauritania,Energy,Emissions (CO2eq) (AR5),kilotonnes,1428.23,1517.025,1654.615,1768.21,1939.8,2058.59,2210.185,2303.105,2382.16,2562.425,2544.29,2706.285,3000.135,2730.54,3145.46,3557.455,3468.92,4432.77,4051.7,4197.16,4255.02
Mauritania,IPPU,Emissions (CH4),kilotonnes,0,0,0.0001,0.0001,0.0002,0.0002,0.0002,0.0002,0.0002,0.0001,0.0001,0.0001,0.0001,0.0001,0.0001,0.0001,0.0001,0.0001,0.0001,0,0
Mauritania,IPPU,Emissions (N2O),kilotonnes,0,0,0,0,0,0,0,0,0,0,0,0,0,0,0,0,0,0,0,0.0001,0.0001
Mauritania,IPPU,Emissions (CO2),kilotonnes,8.95,9.32,9.88,8.32,10.6,10.7,10.8,11.9,11.9,12.4,12.8,13.8,14.4,14.9,15.7,14.7,14,14.8,14.8,16,16.4
Mauritania,IPPU,Emissions (CO2eq) from F-gases (AR5),kilotonnes,0.4169,0.6657,1.1175,1.7103,2.4294,3.1971,3.9939,4.7616,5.4613,6.054,6.4816,6.7245,6.9966,7.6186,8.5612,9.5232,10.3978,11.3695,12.2441,12.2441,12.9243
Mauritania,IPPU,Emissions (CO2eq) from CH4 (AR5),kilotonnes,0,0.0012,0.0025,0.0037,0.0049,0.0049,0.0049,0.0049,0.0049,0.0015,0.002,0.002,0.002,0.0018,0.0017,0.0016,0.0015,0.0015,0.0015,0.0004,0.0001
Mauritania,IPPU,Emissions (CO2eq) from N2O (AR5),kilotonnes,0.0079,0.0081,0.0084,0.0086,0.0089,0.0091,0.0094,0.0096,0.0099,0.0102,0.0105,0.0108,0.0112,0.0115,0.0118,0.0122,0.0125,0.0129,0.0132,0.0134,0.0138
Mauritania,IPPU,Emissions (CO2eq) (AR5),kilotonnes,9.3748,9.995,11.0083,10.0426,13.0432,13.9111,14.8082,16.6761,17.3761,18.4657,19.2941,20.5373,21.4097,22.5319,24.2747,24.237,24.4118,26.1839,27.0588,28.2579,29.3382
Mauritania,Waste,Emissions (CH4),kilotonnes,18,18.7,19.4,20.1,20.9,21.8,22.9,23.7,24.6,25.4,26.4,27.6,28.6,29.8,31.1,32.3,33.3,34.5,35.7,36.4,37.5
Mauritania,Waste,Emissions (N2O),kilotonnes,0.131,0.135,0.139,0.148,0.152,0.157,0.157,0.163,0.168,0.174,0.18,0.185,0.194,0.203,0.213,0.217,0.219,0.221,0.225,0.235,0.241
Mauritania,Waste,Emissions (CO2),kilotonnes,5.33,5.33,5.33,5.33,5.33,5.33,5.33,5.33,5.33,5.33,5.33,3.37,1.41,4.76,8.1,11.4,12.2,12.9,13.6,11.7,12.3
Mauritania,Waste,Emissions (CO2eq) from CH4 (AR5),kilotonnes,504,523.6,543.2,562.8,585.2,610.4,641.2,663.6,688.8,711.2,739.2,772.8,800.8,834.4,870.8,904.4,932.4,966,999.6,1019.2,1050
Mauritania,Waste,Emissions (CO2eq) from N2O (AR5),kilotonnes,34.715,35.775,36.835,39.22,40.28,41.605,41.605,43.195,44.52,46.11,47.7,49.025,51.41,53.795,56.445,57.505,58.035,58.565,59.625,62.275,63.865
Mauritania,Waste,Emissions (CO2eq) (AR5),kilotonnes,544.045,564.705,585.365,607.35,630.81,657.335,688.135,712.125,738.65,762.64,792.23,825.195,853.62,892.955,935.345,973.305,1002.635,1037.465,1072.825,1093.175,1126.165
Mauritania,Other,Emissions (N2O),kilotonnes,0.095,0.0996,0.106,0.11,0.116,0.121,0.124,0.133,0.153,0.154,0.154,0.16,0.17,0.161,0.179,0.181,0.18,0.198,0.205,0.207,0.213
Mauritania,Other,Emissions (CO2eq) from N2O (AR5),kilotonnes,25.175,26.394,28.09,29.15,30.74,32.065,32.86,35.245,40.545,40.81,40.81,42.4,45.05,42.665,47.435,47.965,47.7,52.47,54.325,54.855,56.445
Mauritania,Other,Emissions (CO2eq) (AR5),kilotonnes,25.175,26.394,28.09,29.15,30.74,32.065,32.86,35.245,40.545,40.81,40.81,42.4,45.05,42.665,47.435,47.965,47.7,52.47,54.325,54.855,56.445
Mauritania,Farm-gate emissions,Emissions (CH4),kilotonnes,205.9482,208.2729,210.5687,214.8975,212.0157,215.1836,220.747,216.8132,198.0663,210.6177,221.1641,223.5543,230.2521,236.1595,244.7304,248.4846,249.5485,254.9345,256.9936,265.339,265.9577
Mauritania,Farm-gate emissions,Direct emissions (N2O),kilotonnes,5.7338,5.9406,6.1008,6.2161,5.9635,6.0183,6.3768,5.9916,5.6767,6.1792,6.3471,6.5041,6.7442,6.9321,7.0257,7.428,7.3484,7.4292,7.5042,7.6343,7.6949
Mauritania,Farm-gate emissions,Indirect emissions (N2O),kilotonnes,1.997,2.075,2.1445,2.1793,2.1334,2.1511,2.2203,2.1372,1.9968,2.1353,2.2029,2.2693,2.3558,2.4318,2.4507,2.6195,2.5571,2.5942,2.629,2.6788,2.6973
Mauritania,Farm-gate emissions,Emissions (N2O),kilotonnes,8.7693,8.7273,8.4953,8.5834,8.5404,8.6278,9.0993,9.1731,8.1883,8.8469,9.3707,9.2234,9.5446,9.7508,9.6564,10.2572,10.2301,10.2984,10.3177,10.6403,10.7278
Mauritania,Farm-gate emissions,Emissions (CO2),kilotonnes,218.8813,225.1818,233.2573,239.7728,272.4401,242.8725,232.2955,249.5885,193.1983,217.8944,200.1047,225.9209,233.2247,208.2348,245.9937,315.0867,262.2484,442.9212,387.8421,416.2118,416.2118
Mauritania,Farm-gate emissions,Emissions (CO2eq) from CH4 (AR5),kilotonnes,5766.5482,5831.6425,5895.9249,6017.1313,5936.439,6025.1409,6180.9165,6070.7685,5545.8563,5897.2944,6192.5952,6259.5195,6447.0601,6612.4664,6852.4513,6957.5686,6987.3592,7138.1666,7195.8194,7429.4919,7446.8153
Mauritania,Farm-gate emissions,Emissions (CO2eq) from N2O (AR5),kilotonnes,2323.8761,2312.7467,2251.2531,2274.5991,2263.2006,2286.3793,2411.3151,2430.8799,2169.9116,2344.4203,2483.2449,2444.1991,2529.3289,2583.9624,2558.9354,2718.1558,2710.9825,2729.0736,2734.1878,2819.6911,2842.8634
Mauritania,Farm-gate emissions,Emissions (CO2eq) (AR5),kilotonnes,8309.3056,8369.571,8380.4354,8531.5033,8472.0797,8554.3926,8824.5271,8751.2369,7908.9662,8459.609,8875.9448,8929.6395,9209.6137,9404.6636,9657.3804,9990.8111,9960.59,10310.1614,10317.8493,10665.3949,10705.8905
Mauritania,Land Use change,Emissions (CH4),kilotonnes,0,0,0,0,0,0,0,0,0,0,0,0,0,0,0,0,0,0,0,0,0
Mauritania,Land Use change,Emissions (N2O),kilotonnes,0,0,0,0,0,0,0,0,0,0,0,0,0,0,0,0,0,0,0,0,0
Mauritania,Land Use change,Emissions (CO2),kilotonnes,614.1348,631.448,631.448,631.448,631.448,631.448,631.448,631.448,631.448,631.448,631.448,654.2917,654.2917,654.2917,654.2917,654.2917,668.4788,668.4788,668.4788,668.4788,668.4788
Mauritania,Land Use change,Emissions (CO2eq) from CH4 (AR5),kilotonnes,0,0,0,0,0,0,0,0,0,0,0,0,0,0,0,0,0,0,0,0,0
Mauritania,Land Use change,Emissions (CO2eq) from N2O (AR5),kilotonnes,0,0,0,0,0,0,0,0,0,0,0,0,0,0,0,0,0,0,0,0,0
Mauritania,Land Use change,Emissions (CO2eq) (AR5),kilotonnes,614.1348,631.448,631.448,631.448,631.448,631.448,631.448,631.448,631.448,631.448,631.448,654.2917,654.2917,654.2917,654.2917,654.2917,668.4788,668.4788,668.4788,668.4788,668.4788
Mauritania,Emissions on agricultural land,Emissions (CH4),kilotonnes,205.9482,208.2729,210.5687,214.8975,212.0157,215.1836,220.747,216.8132,198.0663,210.6177,221.1641,223.5543,230.2521,236.1595,244.7304,248.4846,249.5485,254.9345,256.9936,265.339,265.9577
Mauritania,Emissions on agricultural land,Emissions (N2O),kilotonnes,8.7693,8.7273,8.4953,8.5834,8.5404,8.6278,9.0993,9.1731,8.1883,8.8469,9.3707,9.2234,9.5446,9.7508,9.6564,10.2572,10.2301,10.2984,10.3177,10.6403,10.7278
Mauritania,Emissions on agricultural land,Emissions (CO2),kilotonnes,833.0161,856.6298,864.7053,871.2208,903.888,874.3204,863.7434,881.0365,824.6462,849.3424,831.5526,880.2126,887.5163,862.5264,900.2854,969.3784,930.7272,1111.4,1056.3209,1084.6906,1084.6906
Mauritania,Emissions on agricultural land,Emissions (CO2eq) from CH4 (AR5),kilotonnes,5766.5482,5831.6425,5895.9249,6017.1313,5936.439,6025.1409,6180.9165,6070.7685,5545.8563,5897.2944,6192.5952,6259.5195,6447.0601,6612.4664,6852.4513,6957.5686,6987.3592,7138.1666,7195.8194,7429.4919,7446.8153
Mauritania,Emissions on agricultural land,Emissions (CO2eq) from N2O (AR5),kilotonnes,2323.8761,2312.7467,2251.2531,2274.5991,2263.2006,2286.3793,2411.3151,2430.8799,2169.9116,2344.4203,2483.2449,2444.1991,2529.3289,2583.9624,2558.9354,2718.1558,2710.9825,2729.0736,2734.1878,2819.6911,2842.8634
Mauritania,Emissions on agricultural land,Emissions (CO2eq) (AR5),kilotonnes,8923.4405,9001.019,9011.8833,9162.9512,9103.5277,9185.8406,9455.9751,9382.6849,8540.4142,9091.057,9507.3928,9583.9312,9863.9053,10058.9553,10311.672,10645.1027,10629.0688,10978.6402,10986.3281,11333.8737,11374.3693
Mauritania,Pre- and post- production,Emissions (CH4),kilotonnes,12.3433,13.1854,13.4552,13.081,13.317,13.561,13.8424,14.0427,14.2843,14.511,14.7626,15.0215,15.293,15.5534,15.6131,15.8594,16.0723,16.2878,16.5122,16.6546,16.8166
Mauritania,Pre- and post- production,Emissions (N2O),kilotonnes,0.0712,0.0796,0.0842,0.086,0.0834,0.0878,0.0874,0.0936,0.0962,0.0987,0.1036,0.1057,0.1138,0.1198,0.1201,0.1207,0.1221,0.126,0.1296,0.132,0.1351
Mauritania,Pre- and post- production,Emissions (CO2),kilotonnes,111.3792,294.9781,310.7652,137.5587,150.3314,168.6661,191.7218,189.9418,225.6879,299.3338,249.1038,300.6602,322.2406,359.3393,389.329,414.126,416.3923,459.0193,429.6785,412.5748,417.1846
Mauritania,Pre- and post- production,Emissions (CO2eq) from CH4 (AR5),kilotonnes,345.6117,369.192,376.7464,366.2675,372.8758,379.7086,387.5863,393.1954,399.9611,406.3072,413.3527,420.6032,428.2044,435.4941,437.1662,444.0626,450.024,456.0596,462.3418,466.3278,470.8654
Mauritania,Pre- and post- production,Emissions (CO2eq) from N2O (AR5),kilotonnes,18.8668,21.0997,22.3186,22.7852,22.099,23.2601,23.1588,24.8074,25.4974,26.1658,27.4474,28.0003,30.1455,31.7459,31.8254,31.9737,32.3434,33.3923,34.3414,34.9746,35.8057
Mauritania,Pre- and post- production,Emissions (CO2eq) (AR5),kilotonnes,475.8577,685.2698,709.8302,526.6113,545.3061,571.6348,602.467,607.9446,651.1465,731.8068,689.9039,749.2637,780.5905,826.5793,858.3206,890.1623,898.7597,948.4712,926.3617,913.8772,923.8557
Mauritania,Agri-food systems,Emissions (CH4),kilotonnes,218.2914,221.4584,224.024,227.9785,225.3327,228.7446,234.5894,230.8559,212.3506,225.1286,235.9267,238.5758,245.5452,251.7129,260.3435,264.344,265.6208,271.2224,273.5058,281.9936,282.7743
Mauritania,Agri-food systems,Emissions (N2O),kilotonnes,8.8405,8.807,8.5795,8.6694,8.6238,8.7156,9.1867,9.2667,8.2846,8.9456,9.4743,9.3291,9.6584,9.8706,9.7765,10.3778,10.3522,10.4244,10.4473,10.7723,10.8629
Mauritania,Agri-food systems,Emissions (CO2),kilotonnes,944.3954,1151.6078,1175.4705,1008.7795,1054.2194,1042.9865,1055.4652,1070.9783,1050.3341,1148.6762,1080.6564,1180.8728,1209.7569,1221.8657,1289.6144,1383.5044,1347.1195,1570.4193,1485.9994,1497.2654,1501.8752
Mauritania,Agri-food systems,Emissions (CO2eq) from CH4 (AR5),kilotonnes,6112.1599,6200.8345,6272.6714,6383.3988,6309.3148,6404.8495,6568.5029,6463.9639,5945.8175,6303.6015,6605.9479,6680.1227,6875.2646,7047.9606,7289.6175,7401.6312,7437.3832,7594.2262,7658.1613,7895.8197,7917.6807
Mauritania,Agri-food systems,Emissions (CO2eq) from N2O (AR5),kilotonnes,2342.7429,2333.8465,2273.5717,2297.3843,2285.2996,2309.6394,2434.474,2455.6873,2195.409,2370.5861,2510.6923,2472.1994,2559.4743,2615.7083,2590.7608,2750.1294,2743.3258,2762.4659,2768.5292,2854.6657,2878.6691
Mauritania,Agri-food systems,Emissions (CO2eq) (AR5),kilotonnes,9399.2982,9686.2887,9721.7135,9689.5625,9648.8338,9757.4753,10058.4421,9990.6295,9191.5606,9822.8638,10197.2966,10333.1949,10644.4959,10885.5346,11169.9926,11535.265,11527.8285,11927.1114,11912.6899,12247.7509,12298.225
Mauritania,IPCC Agriculture,Emissions (CH4),kilotonnes,205.9286,208.2536,210.5481,214.8766,211.9926,215.1627,220.7273,216.7918,198.0485,210.5971,221.1441,223.5307,230.2274,236.1375,244.7033,248.4504,249.5188,254.8884,256.9481,265.2899,265.9086
Mauritania,IPCC Agriculture,Emissions (CH4),kilotonnes,193.9399,,,,,,,,,,,,,,,184.8432,,,209.4435,,
Mauritania,IPCC Agriculture,Direct emissions (N2O),kilotonnes,5.7338,5.9406,6.1008,6.2161,5.9635,6.0183,6.3768,5.9916,5.6767,6.1792,6.3471,6.5041,6.7442,6.9321,7.0257,7.428,7.3484,7.4292,7.5042,7.6343,7.6949
Mauritania,IPCC Agriculture,Indirect emissions (N2O),kilotonnes,1.997,2.075,2.1445,2.1793,2.1334,2.1511,2.2203,2.1372,1.9968,2.1353,2.2029,2.2693,2.3558,2.4318,2.4507,2.6195,2.5571,2.5942,2.629,2.6788,2.6973
Mauritania,IPCC Agriculture,Emissions (N2O),kilotonnes,8.6981,8.6536,8.4197,8.5058,8.4512,8.5511,9.0278,9.0964,8.1342,8.7885,9.3167,9.1687,9.4886,9.7011,9.5993,10.1849,10.1679,10.2022,10.2484,10.5686,10.6561
Mauritania,IPCC Agriculture,Emissions (N2O),kilotonnes,5.1443,,,,,,,,,,,,,,,5.1163,,,5.8684,,
Mauritania,IPCC Agriculture,Emissions (CO2eq) from CH4 (AR5),kilotonnes,5766.0002,5831.1011,5895.3458,6016.5435,5935.7929,6024.5552,6180.3647,6070.1692,5545.3581,5896.7188,6192.0352,6258.8602,6446.3676,6611.8493,6851.6935,6956.6118,6986.5258,7136.876,7194.5479,7428.1176,7445.4409
Mauritania,IPCC Agriculture,Emissions (CO2eq) from CH4 (AR5),kilotonnes,5430.3172,,,,,,,,,,,,,,,5175.6096,,,5864.418,,
Mauritania,IPCC Agriculture,Emissions (CO2eq) from N2O (AR5),kilotonnes,2304.9981,2293.2162,2231.233,2254.0443,2239.5795,2266.0504,2392.3546,2410.5396,2155.569,2328.9508,2468.9386,2429.6967,2514.4887,2570.7807,2543.8141,2698.9935,2694.4853,2703.5882,2715.832,2800.6885,2823.8608
Mauritania,IPCC Agriculture,Emissions (CO2eq) from N2O (AR5),kilotonnes,1363.2395,,,,,,,,,,,,,,,1355.8195,,,1555.126,,
Mauritania,IPCC Agriculture,Emissions (CO2eq) (AR5),kilotonnes,8070.9983,8124.3173,8126.5789,8270.5878,8175.3724,8290.6056,8572.7193,8480.7088,7700.9271,8225.6697,8660.9738,8688.5568,8960.8562,9182.63,9395.5076,9655.6053,9681.0111,9840.4641,9910.3799,10228.8061,10269.3017
Mauritania,IPCC Agriculture,Emissions (CO2eq) (AR5),kilotonnes,6793.5567,,,,,,,,,,,,,,,6531.4291,,,7419.544,,
Mauritania,Agricultural Soils,Direct emissions (N2O),kilotonnes,5.7338,5.9406,6.1008,6.2161,5.9635,6.0183,6.3768,5.9916,5.6767,6.1792,6.3471,6.5041,6.7442,6.9321,7.0257,7.428,7.3484,7.4292,7.5042,7.6343,7.6949
Mauritania,Agricultural Soils,Indirect emissions (N2O),kilotonnes,1.997,2.075,2.1445,2.1793,2.1334,2.1511,2.2203,2.1372,1.9968,2.1353,2.2029,2.2693,2.3558,2.4318,2.4507,2.6195,2.5571,2.5942,2.629,2.6788,2.6973
Mauritania,Agricultural Soils,Emissions (N2O),kilotonnes,7.7308,8.0157,8.2453,8.3954,8.0969,8.1694,8.5971,8.1288,7.6735,8.3145,8.55,8.7734,9.1001,9.3639,9.4765,10.0475,9.9055,10.0234,10.1332,10.3132,10.3922
Mauritania,Agricultural Soils,Emissions (N2O),kilotonnes,5.0262,,,,,,,,,,,,,,,,,,,,
Mauritania,Agricultural Soils,Emissions (CO2eq) from N2O (AR5),kilotonnes,2048.6736,2124.1569,2185.0008,2224.7698,2145.6759,2164.8917,2278.229,2154.1406,2033.4729,2203.3357,2265.7555,2324.9579,2411.517,2481.4414,2511.2604,2662.5814,2624.9495,2656.2074,2685.295,2732.9871,2753.9359
Mauritania,Agricultural Soils,Emissions (CO2eq) from N2O (AR5),kilotonnes,1331.943,,,,,,,,,,,,,,,,,,,,
Mauritania,Agricultural Soils,Emissions (CO2eq) (AR5),kilotonnes,2048.6736,2124.1569,2185.0008,2224.7698,2145.6759,2164.8917,2278.229,2154.1406,2033.4729,2203.3357,2265.7555,2324.9579,2411.517,2481.4414,2511.2604,2662.5814,2624.9495,2656.2074,2685.295,2732.9871,2753.9359
Mauritania,Agricultural Soils,Emissions (CO2eq) (AR5),kilotonnes,1331.943,,,,,,,,,,,,,,,,,,,,
Mauritania,LULUCF,Emissions (CH4),kilotonnes,0.0015,0,0,0,0,0,0,0,0,0,0,0,0,0,0,0,0,0,0,0,0
Mauritania,LULUCF,Emissions (CH4),kilotonnes,0.0164,,,,,,,,,,,,,,,,,,,,
Mauritania,LULUCF,Emissions (N2O),kilotonnes,0,0,0,0,0,0,0,0,0,0,0,0,0,0,0,0,0,0,0,0,0
Mauritania,LULUCF,Emissions (N2O),kilotonnes,0.0001,,,,,,,,,,,,,,,,,,,,
Mauritania,LULUCF,Emissions (CO2),kilotonnes,398.1249,395.8775,395.8775,395.8775,395.8775,395.8775,395.8775,395.8775,395.8775,395.8775,395.8775,395.6248,395.6248,395.6248,395.6248,395.6248,-1082.488,-1082.488,-1082.488,-1082.488,-1082.488
Mauritania,LULUCF,Emissions (CO2),kilotonnes,-1319.8392,,,,,,,,,,,,,,,,,,,,
Mauritania,LULUCF,Emissions (CO2eq) from CH4 (AR5),kilotonnes,0.0414,0,0,0,0,0,0,0,0,0,0,0,0,0,0,0,0,0,0,0,0
Mauritania,LULUCF,Emissions (CO2eq) from N2O (AR5),kilotonnes,0.0114,0,0,0,0,0,0,0,0,0,0,0,0,0,0,0,0,0,0,0,0
Mauritania,LULUCF,Emissions (CO2eq) (AR5),kilotonnes,398.1777,395.8775,395.8775,395.8775,395.8775,395.8775,395.8775,395.8775,395.8775,395.8775,395.8775,395.6248,395.6248,395.6248,395.6248,395.6248,-1082.488,-1082.488,-1082.488,-1082.488,-1082.488
Mauritania,LULUCF,Emissions (CO2eq) (AR5),kilotonnes,-1319.8392,,,,,,,,,,,,,,,,,,,,
Mauritania,AFOLU,Emissions (CH4),kilotonnes,205.9301,208.2536,210.5481,214.8766,211.9926,215.1627,220.7273,216.7918,198.0485,210.5971,221.1441,223.5307,230.2274,236.1375,244.7033,248.4504,249.5188,254.8884,256.9481,265.2899,265.9086
Mauritania,AFOLU,Emissions (N2O),kilotonnes,8.6981,8.6536,8.4197,8.5058,8.4512,8.5511,9.0278,9.0964,8.1342,8.7885,9.3167,9.1687,9.4886,9.7011,9.5993,10.1849,10.1679,10.2022,10.2484,10.5686,10.6561
Mauritania,AFOLU,Emissions (CO2),kilotonnes,398.1249,395.8775,395.8775,395.8775,395.8775,395.8775,395.8775,395.8775,395.8775,395.8775,395.8775,395.6248,395.6248,395.6248,395.6248,395.6248,-1082.488,-1082.488,-1082.488,-1082.488,-1082.488
Mauritania,AFOLU,Emissions (CO2eq) from CH4 (AR5),kilotonnes,5766.0416,5831.1011,5895.3458,6016.5435,5935.7929,6024.5552,6180.3647,6070.1692,5545.3581,5896.7188,6192.0352,6258.8602,6446.3676,6611.8493,6851.6935,6956.6118,6986.5258,7136.876,7194.5479,7428.1176,7445.4409
Mauritania,AFOLU,Emissions (CO2eq) from N2O (AR5),kilotonnes,2305.0095,2293.2162,2231.233,2254.0443,2239.5795,2266.0504,2392.3546,2410.5396,2155.569,2328.9508,2468.9386,2429.6967,2514.4887,2570.7807,2543.8141,2698.9935,2694.4853,2703.5882,2715.832,2800.6885,2823.8608
Mauritania,AFOLU,Emissions (CO2eq) (AR5),kilotonnes,8469.1759,8520.1948,8522.4564,8666.4653,8571.2499,8686.4831,8968.5969,8876.5863,8096.8046,8621.5472,9056.8514,9084.1816,9356.4811,9578.2548,9791.1325,10051.2301,8598.5231,8757.9761,8827.8919,9146.3181,9186.8137
Mauritania,All sectors with LULUCF,Emissions (CH4),kilotonnes,234.3301,238.3537,243.3482,250.9767,251.3928,257.8629,265.6275,258.5919,240.6487,253.9972,265.2442,269.2308,277.3275,284.8375,294.8034,300.1505,302.6188,309.5885,313.1482,321.9899,324.3086
Mauritania,All sectors with LULUCF,Emissions (N2O),kilotonnes,9.0262,8.9933,8.7758,8.8779,8.8393,8.9552,9.4378,9.5294,8.5993,9.2615,9.7968,9.6627,10.0117,10.2211,10.1553,10.7499,10.7349,10.7993,10.8585,11.1947,11.2981
Mauritania,All sectors with LULUCF,Emissions (CO2),kilotonnes,1522.4049,1580.5275,1661.0875,1699.5275,1801.8075,1851.9075,1972.0075,2173.1075,2253.1075,2433.6075,2424.0075,2572.7948,2851.4348,2575.2848,2989.4248,3391.7248,1813.712,2765.212,2375.912,2525.212,2566.212
Mauritania,All sectors with LULUCF,Emissions (CO2eq) from F-gases (AR5),kilotonnes,0.4169,0.6657,1.1175,1.7103,2.4294,3.1971,3.9939,4.7616,5.4613,6.054,6.4816,6.7245,6.9966,7.6186,8.5612,9.5232,10.3978,11.3695,12.2441,12.2441,12.9243
Mauritania,All sectors with LULUCF,Emissions (CO2eq) from CH4 (AR5),kilotonnes,6561.2416,6673.9023,6813.7483,7027.3472,7038.9978,7220.1601,7437.5696,7240.5741,6738.163,7111.9203,7426.8372,7538.4621,7765.1695,7975.4511,8254.4952,8404.2134,8473.3273,8668.4775,8768.1493,9015.718,9080.641
Mauritania,All sectors with LULUCF,Emissions (CO2eq) from N2O (AR5),kilotonnes,2391.9374,2383.2184,2325.5814,2352.6329,2342.4084,2373.1195,2501.014,2525.2942,2278.8039,2454.3061,2596.1491,2560.6175,2653.0948,2708.5922,2691.1659,2848.7307,2844.7529,2861.806,2877.4952,2966.5919,2994.0046
Mauritania,All sectors with LULUCF,Emissions (CO2eq) (AR5),kilotonnes,10476.0007,10638.3138,10801.5347,11081.2179,11185.6431,11448.3842,11914.5851,11943.7374,11275.5357,12005.8879,12453.4754,12678.599,13276.6958,13266.9467,13943.6472,14654.1921,13142.19,14306.865,14033.8007,14519.766,14653.7819
Mauritania,All sectors without LULUCF,Emissions (CH4),kilotonnes,234.3286,238.3537,243.3482,250.9767,251.3928,257.8629,265.6275,258.5919,240.6487,253.9972,265.2442,269.2308,277.3275,284.8375,294.8034,300.1505,302.6188,309.5885,313.1482,321.9899,324.3086
Mauritania,All sectors without LULUCF,Emissions (N2O),kilotonnes,9.0261,8.9933,8.7758,8.8779,8.8393,8.9552,9.4378,9.5294,8.5993,9.2615,9.7968,9.6627,10.0117,10.2211,10.1553,10.7499,10.7349,10.7993,10.8585,11.1947,11.2981
Mauritania,All sectors without LULUCF,Emissions (CO2),kilotonnes,1124.28,1184.65,1265.21,1303.65,1405.93,1456.03,1576.13,1777.23,1857.23,2037.73,2028.13,2177.17,2455.81,2179.66,2593.8,2996.1,2896.2,3847.7,3458.4,3607.7,3648.7
Mauritania,All sectors without LULUCF,Emissions (CO2eq) from F-gases (AR5),kilotonnes,0.4169,0.6657,1.1175,1.7103,2.4294,3.1971,3.9939,4.7616,5.4613,6.054,6.4816,6.7245,6.9966,7.6186,8.5612,9.5232,10.3978,11.3695,12.2441,12.2441,12.9243
Mauritania,All sectors without LULUCF,Emissions (CO2eq) from CH4 (AR5),kilotonnes,6561.2002,6673.9023,6813.7483,7027.3472,7038.9978,7220.1601,7437.5696,7240.5741,6738.163,7111.9203,7426.8372,7538.4621,7765.1695,7975.4511,8254.4952,8404.2134,8473.3273,8668.4775,8768.1493,9015.718,9080.641
Mauritania,All sectors without LULUCF,Emissions (CO2eq) from N2O (AR5),kilotonnes,2391.926,2383.2184,2325.5814,2352.6329,2342.4084,2373.1195,2501.014,2525.2942,2278.8039,2454.3061,2596.1491,2560.6175,2653.0948,2708.5922,2691.1659,2848.7307,2844.7529,2861.806,2877.4952,2966.5919,2994.0046
Mauritania,All sectors without LULUCF,Emissions (CO2eq) (AR5),kilotonnes,10077.8231,10242.4363,10405.6572,10685.3404,10789.7656,11052.5067,11518.7075,11547.8599,10879.6582,11610.0104,12057.5979,12282.9742,12881.071,12871.3219,13548.0223,14258.5673,14224.678,15389.353,15116.2887,15602.254,15736.2699
Mauritius,Crop Residues,Direct emissions (N2O),kilotonnes,0.0005,0.0006,0.0005,0.0004,0.0004,0.0005,0.0004,0.0006,0.0005,0.0006,0.0007,0.0008,0.0009,0.0007,0.0009,0.0007,0.0007,0.0006,0.0006,0.0005,0.0006
Mauritius,Crop Residues,Indirect emissions (N2O),kilotonnes,0.0001,0.0001,0.0001,0.0001,0.0001,0.0001,0.0001,0.0001,0.0001,0.0001,0.0002,0.0002,0.0002,0.0002,0.0002,0.0002,0.0001,0.0001,0.0001,0.0001,0.0001
Mauritius,Crop Residues,Emissions (N2O),kilotonnes,0.0006,0.0007,0.0006,0.0005,0.0005,0.0006,0.0005,0.0007,0.0006,0.0008,0.0009,0.001,0.0011,0.0009,0.0011,0.0009,0.0008,0.0007,0.0007,0.0007,0.0008
Mauritius,Crop Residues,Emissions (CO2eq) from N2O (AR5),kilotonnes,0.1638,0.1845,0.1463,0.1346,0.1389,0.1501,0.1281,0.1863,0.1655,0.1996,0.2407,0.2578,0.28,0.2413,0.301,0.2389,0.2136,0.1795,0.1837,0.1754,0.2029
Mauritius,Crop Residues,Emissions (CO2eq) (AR5),kilotonnes,0.1638,0.1845,0.1463,0.1346,0.1389,0.1501,0.1281,0.1863,0.1655,0.1996,0.2407,0.2578,0.28,0.2413,0.301,0.2389,0.2136,0.1795,0.1837,0.1754,0.2029
Mauritius,Rice Cultivation,Emissions (CH4),kilotonnes,0,0,0,0,0,0,0,0,0,0,0,0.0212,0.0547,0.0538,0.0729,0.0602,0.0285,0.0099,0.0023,0.0011,0
Mauritius,Rice Cultivation,Emissions (CO2eq) from CH4 (AR5),kilotonnes,0,0,0,0,0,0,0,0,0,0,0,0.5946,1.5311,1.5063,2.0414,1.6847,0.7977,0.2775,0.0644,0.0297,0
Mauritius,Rice Cultivation,Emissions (CO2eq) (AR5),kilotonnes,0,0,0,0,0,0,0,0,0,0,0,0.5946,1.5311,1.5063,2.0414,1.6847,0.7977,0.2775,0.0644,0.0297,0
Mauritius,Burning - Crop residues,Emissions (CH4),kilotonnes,0.1284,0.1286,0.1269,0.1247,0.1225,0.1201,0.1173,0.1148,0.109,0.106,0.1032,0.0997,0.0956,0.0945,0.0898,0.0926,0.0907,0.0879,0.0839,0.0793,0.0769
Mauritius,Burning - Crop residues,Emissions (CH4),kilotonnes,0.4059,0.4418,0.3144,0.2796,0.2233,0.1882,,,,,,,,0.08,,,,,,,
Mauritius,Burning - Crop residues,Emissions (N2O),kilotonnes,0.0033,0.0033,0.0033,0.0032,0.0032,0.0031,0.003,0.003,0.0028,0.0027,0.0027,0.0026,0.0025,0.0025,0.0023,0.0024,0.0024,0.0023,0.0022,0.0021,0.002
Mauritius,Burning - Crop residues,Emissions (N2O),kilotonnes,0.0112,0.0122,0.0087,0.0077,0.0062,0.0052,,,,,,,,,,,,,,,
Mauritius,Burning - Crop residues,Emissions (CO2eq) from CH4 (AR5),kilotonnes,3.5953,3.601,3.5541,3.4909,3.4293,3.3635,3.2836,3.215,3.0518,2.9681,2.8886,2.7929,2.6777,2.6469,2.5135,2.5938,2.5408,2.4625,2.3483,2.2194,2.1544
Mauritius,Burning - Crop residues,Emissions (CO2eq) from CH4 (AR5),kilotonnes,11.3652,12.3704,8.8032,7.8288,6.2524,5.2696,,,,,,,,2.24,,,,,,,
Mauritius,Burning - Crop residues,Emissions (CO2eq) from N2O (AR5),kilotonnes,0.8822,0.8836,0.8721,0.8566,0.8414,0.8253,0.8057,0.7889,0.7488,0.7283,0.7088,0.6853,0.657,0.6495,0.6167,0.6364,0.6234,0.6042,0.5762,0.5446,0.5286
Mauritius,Burning - Crop residues,Emissions (CO2eq) from N2O (AR5),kilotonnes,2.968,3.233,2.3055,2.0405,1.643,1.378,,,,,,,,,,,,,,,
Mauritius,Burning - Crop residues,Emissions (CO2eq) (AR5),kilotonnes,4.4774,4.4846,4.4261,4.3474,4.2707,4.1888,4.0893,4.0039,3.8007,3.6964,3.5974,3.4782,3.3347,3.2964,3.1302,3.2302,3.1643,3.0667,2.9245,2.764,2.683
Mauritius,Burning - Crop residues,Emissions (CO2eq) (AR5),kilotonnes,14.3332,15.6034,11.1087,9.8693,7.8954,6.6476,,,,,,,,2.24,,,,,,,
Mauritius,Enteric Fermentation,Emissions (CH4),kilotonnes,1.3287,0.8266,0.6815,0.6664,0.5785,0.4661,0.4311,0.4271,0.4296,0.4315,0.4581,0.4507,0.4727,0.4538,0.4236,0.4235,0.3831,0.3353,0.3422,0.331,0.3375
Mauritius,Enteric Fermentation,Emissions (CH4),kilotonnes,3.1084,3.2021,2.8441,2.8241,2.6646,2.8022,0.7,,,,,,,0.8,,,,,,,
Mauritius,Enteric Fermentation,Emissions (CO2eq) from CH4 (AR5),kilotonnes,37.2029,23.1441,19.0813,18.6599,16.198,13.05,12.0711,11.959,12.0294,12.0824,12.8276,12.6188,13.2364,12.7074,11.8596,11.8575,10.7262,9.3897,9.5825,9.2691,9.4505
Mauritius,Enteric Fermentation,Emissions (CO2eq) from CH4 (AR5),kilotonnes,87.0352,89.6588,79.6348,79.0748,74.6088,78.4616,19.6,,,,,,,22.4,,,,,,,
Mauritius,Enteric Fermentation,Emissions (CO2eq) (AR5),kilotonnes,37.2029,23.1441,19.0813,18.6599,16.198,13.05,12.0711,11.959,12.0294,12.0824,12.8276,12.6188,13.2364,12.7074,11.8596,11.8575,10.7262,9.3897,9.5825,9.2691,9.4505
Mauritius,Enteric Fermentation,Emissions (CO2eq) (AR5),kilotonnes,87.0352,89.6588,79.6348,79.0748,74.6088,78.4616,19.6,,,,,,,22.4,,,,,,,
Mauritius,Manure Management,Emissions (CH4),kilotonnes,0.2086,0.2167,0.2281,0.228,0.2288,0.2348,0.2449,0.285,0.2963,0.3001,0.3198,0.3219,0.3207,0.319,0.3196,0.3278,0.3333,0.3492,0.3489,0.355,0.3615
Mauritius,Manure Management,Emissions (CH4),kilotonnes,0.4751,0.457,0.4527,0.4409,0.4758,0.521,0.14,,,,,,,0.16,,,,,,,
Mauritius,Manure Management,Emissions (N2O),kilotonnes,0.0107,0.0114,0.011,0.0112,0.0112,0.0112,0.0133,0.0151,0.0137,0.0141,0.018,0.0185,0.0152,0.0154,0.0161,0.0181,0.0192,0.0185,0.0178,0.0185,0.0191
Mauritius,Manure Management,Emissions (N2O),kilotonnes,0.0275,0.0286,0.0294,0.0281,0.0244,0.0268,0.03,,,,,,,0.02,,,,,,,
Mauritius,Manure Management,Emissions (CO2eq) from CH4 (AR5),kilotonnes,5.8398,6.0678,6.3856,6.3835,6.4057,6.5745,6.8581,7.9788,8.2953,8.4015,8.9553,9.0144,8.9787,8.9328,8.9476,9.1788,9.3331,9.7776,9.7682,9.9402,10.1228
Mauritius,Manure Management,Emissions (CO2eq) from CH4 (AR5),kilotonnes,13.3028,12.796,12.6756,12.3452,13.3224,14.588,3.92,,,,,,,4.48,,,,,,,
Mauritius,Manure Management,Emissions (CO2eq) from N2O (AR5),kilotonnes,2.8482,3.0114,2.9118,2.955,2.9565,2.9678,3.518,3.9988,3.6343,3.7325,4.7683,4.8997,4.0208,4.0816,4.2576,4.8064,5.0902,4.9124,4.7111,4.8926,5.0587
Mauritius,Manure Management,Emissions (CO2eq) from N2O (AR5),kilotonnes,7.2875,7.579,7.791,7.4465,6.466,7.102,7.95,,,,,,,5.3,,,,,,,
Mauritius,Manure Management,Emissions (CO2eq) (AR5),kilotonnes,8.6879,9.0793,9.2974,9.3385,9.3622,9.5423,10.3761,11.9776,11.9297,12.134,13.7236,13.9142,12.9995,13.0144,13.2052,13.9852,14.4233,14.69,14.4794,14.8329,15.1815
Mauritius,Manure Management,Emissions (CO2eq) (AR5),kilotonnes,20.5903,20.375,20.4666,19.7917,19.7884,21.69,11.87,,,,,,,9.78,,,,,,,
Mauritius,Manure left on Pasture,Direct emissions (N2O),kilotonnes,0.1311,0.1228,0.1253,0.1247,0.1226,0.122,0.123,0.1402,0.1471,0.1481,0.1539,0.1546,0.1585,0.1569,0.1557,0.1576,0.1581,0.1659,0.1666,0.1686,0.1713
Mauritius,Manure left on Pasture,Indirect emissions (N2O),kilotonnes,0.0319,0.03,0.0298,0.0298,0.0284,0.0277,0.0275,0.0311,0.0326,0.0329,0.0342,0.0343,0.0352,0.0347,0.0345,0.0349,0.0351,0.0367,0.0369,0.0373,0.0379
Mauritius,Manure left on Pasture,Emissions (N2O),kilotonnes,0.163,0.1528,0.1551,0.1545,0.1511,0.1497,0.1505,0.1713,0.1797,0.1809,0.1881,0.1889,0.1937,0.1916,0.1902,0.1925,0.1932,0.2025,0.2034,0.2059,0.2092
Mauritius,Manure left on Pasture,Emissions (CO2eq) from N2O (AR5),kilotonnes,43.189,40.5043,41.1057,40.939,40.0302,39.6734,39.8787,45.3847,47.6149,47.9458,49.8425,50.0657,51.3227,50.7771,50.4026,51.0207,51.2002,53.6677,53.912,54.569,55.4292
Mauritius,Manure left on Pasture,Emissions (CO2eq) (AR5),kilotonnes,43.189,40.5043,41.1057,40.939,40.0302,39.6734,39.8787,45.3847,47.6149,47.9458,49.8425,50.0657,51.3227,50.7771,50.4026,51.0207,51.2002,53.6677,53.912,54.569,55.4292
Mauritius,Manure applied to Soils,Direct emissions (N2O),kilotonnes,0.0129,0.0142,0.0147,0.0148,0.0149,0.0152,0.0164,0.0188,0.0187,0.019,0.0214,0.0219,0.0205,0.0205,0.0208,0.022,0.0227,0.0231,0.0228,0.0233,0.0239
Mauritius,Manure applied to Soils,Indirect emissions (N2O),kilotonnes,0.0055,0.006,0.0062,0.0063,0.0063,0.0065,0.007,0.008,0.0079,0.0081,0.0091,0.0093,0.0087,0.0087,0.0088,0.0094,0.0097,0.0098,0.0097,0.0099,0.0102
Mauritius,Manure applied to Soils,Emissions (N2O),kilotonnes,0.0184,0.0202,0.0209,0.021,0.0212,0.0216,0.0234,0.0268,0.0266,0.0271,0.0305,0.0311,0.0292,0.0291,0.0296,0.0314,0.0324,0.033,0.0325,0.0333,0.034
Mauritius,Manure applied to Soils,Emissions (CO2eq) from N2O (AR5),kilotonnes,4.8763,5.3514,5.5394,5.5708,5.6125,5.7346,6.2114,7.1117,7.0621,7.1684,8.0899,8.2528,7.7302,7.7243,7.8518,8.3146,8.5885,8.7401,8.6023,8.8167,9.0207
Mauritius,Manure applied to Soils,Emissions (CO2eq) (AR5),kilotonnes,4.8763,5.3514,5.5394,5.5708,5.6125,5.7346,6.2114,7.1117,7.0621,7.1684,8.0899,8.2528,7.7302,7.7243,7.8518,8.3146,8.5885,8.7401,8.6023,8.8167,9.0207
Mauritius,Synthetic Fertilizers,Direct emissions (N2O),kilotonnes,0.209,0.1312,0.1733,0.1688,0.165,0.1557,0.1354,0.1385,0.1147,0.1093,0.0805,0.1217,0.1641,0.1193,0.1675,0.1032,0.1423,0.1317,0.1164,0.1222,0.0888
Mauritius,Synthetic Fertilizers,Indirect emissions (N2O),kilotonnes,0.0679,0.0426,0.0563,0.0549,0.0536,0.0506,0.044,0.045,0.0373,0.0355,0.0262,0.0396,0.0533,0.0388,0.0544,0.0336,0.0462,0.0428,0.0378,0.0397,0.0289
Mauritius,Synthetic Fertilizers,Emissions (N2O),kilotonnes,0.2769,0.1739,0.2296,0.2237,0.2186,0.2063,0.1794,0.1835,0.152,0.1448,0.1067,0.1613,0.2175,0.1581,0.2219,0.1368,0.1885,0.1744,0.1543,0.1619,0.1177
Mauritius,Synthetic Fertilizers,Emissions (CO2eq) from N2O (AR5),kilotonnes,73.3851,46.0726,60.849,59.2709,57.9301,54.6692,47.5293,48.6383,40.2791,38.3699,28.2781,42.7344,57.635,41.9054,58.8053,36.2475,49.9633,46.2288,40.8783,42.9028,31.1957
Mauritius,Synthetic Fertilizers,Emissions (CO2eq) (AR5),kilotonnes,73.3851,46.0726,60.849,59.2709,57.9301,54.6692,47.5293,48.6383,40.2791,38.3699,28.2781,42.7344,57.635,41.9054,58.8053,36.2475,49.9633,46.2288,40.8783,42.9028,31.1957
Mauritius,Drained organic soils,Emissions (CO2eq) (AR5),kilotonnes,0,0,0,0,0,0,0,0,0,0,0,0,0,0,0,0,0,0,0,0,0
Mauritius,Drained organic soils (CO2),Emissions (CO2),kilotonnes,0,0,0,0,0,0,0,0,0,0,0,0,0,0,0,0,0,0,0,0,0
Mauritius,Drained organic soils (CO2),Emissions (CO2eq) (AR5),kilotonnes,0,0,0,0,0,0,0,0,0,0,0,0,0,0,0,0,0,0,0,0,0
Mauritius,Drained organic soils (N2O),Emissions (N2O),kilotonnes,0,0,0,0,0,0,0,0,0,0,0,0,0,0,0,0,0,0,0,0,0
Mauritius,Drained organic soils (N2O),Emissions (CO2eq) from N2O (AR5),kilotonnes,0,0,0,0,0,0,0,0,0,0,0,0,0,0,0,0,0,0,0,0,0
Mauritius,Drained organic soils (N2O),Emissions (CO2eq) (AR5),kilotonnes,0,0,0,0,0,0,0,0,0,0,0,0,0,0,0,0,0,0,0,0,0
Mauritius,On-farm energy use,Emissions (CH4),kilotonnes,0.0557,0.0571,0.0556,0.0586,0.0499,0.0483,0.0474,0.0491,0.0849,0.0606,0.068,0.0642,0.0607,0.0557,0.0495,0.0463,0.0435,0.0424,0.0423,0.0408,0.0408
Mauritius,On-farm energy use,Emissions (N2O),kilotonnes,0.0031,0.0031,0.0031,0.0031,0.0031,0.0031,0.0031,0.0032,0.0034,0.0033,0.0034,0.0034,0.0033,0.0033,0.0033,0.0033,0.0036,0.0036,0.0035,0.0036,0.0036
Mauritius,On-farm energy use,Emissions (CO2),kilotonnes,59.8588,62.2236,61.5184,61.3021,56.6264,56.3665,59.4493,65.7663,75.57,66.6385,68.7074,66.6132,61.7328,59.7743,62.6568,60.8121,63.1336,64.2161,68.7548,69.9744,69.9744
Mauritius,On-farm energy use,Emissions (CO2eq) from CH4 (AR5),kilotonnes,1.5606,1.5984,1.558,1.6418,1.3967,1.3527,1.3267,1.3735,2.3759,1.6958,1.903,1.7977,1.6991,1.5582,1.3873,1.2958,1.2181,1.1858,1.1842,1.1436,1.1436
Mauritius,On-farm energy use,Emissions (CO2eq) from N2O (AR5),kilotonnes,0.8238,0.8271,0.8252,0.8274,0.812,0.8106,0.8136,0.8424,0.8929,0.8735,0.8941,0.8928,0.8746,0.8678,0.8662,0.8623,0.9591,0.9437,0.9339,0.9474,0.9474
Mauritius,On-farm energy use,Emissions (CO2eq) (AR5),kilotonnes,62.2433,64.6491,63.9016,63.7713,58.8351,58.5297,61.5897,67.9822,78.8388,69.2077,71.5045,69.3037,64.3065,62.2003,64.9103,62.9703,65.3108,66.3457,70.8729,72.0654,72.0654
Mauritius,Forestland,Emissions (CO2),kilotonnes,-22.9373,-9.8534,-9.8534,-9.8534,-9.8534,-9.8534,-9.8534,-9.8534,-9.8534,-9.8534,-9.8534,0.2809,0.2809,0.2809,0.2809,0.2809,-27.717,-27.717,-27.717,-27.717,-27.717
Mauritius,Forestland,Emissions (CO2eq) (AR5),kilotonnes,-22.9373,-9.8534,-9.8534,-9.8534,-9.8534,-9.8534,-9.8534,-9.8534,-9.8534,-9.8534,-9.8534,0.2809,0.2809,0.2809,0.2809,0.2809,-27.717,-27.717,-27.717,-27.717,-27.717
Mauritius,Net Forest conversion,Emissions (CO2),kilotonnes,0,94.4165,94.4165,94.4165,94.4165,94.4165,94.4165,94.4165,94.4165,94.4165,94.4165,4.847,4.847,4.847,4.847,4.847,2.6924,2.6924,2.6924,2.6924,2.6924
Mauritius,Net Forest conversion,Emissions (CO2eq) (AR5),kilotonnes,0,94.4165,94.4165,94.4165,94.4165,94.4165,94.4165,94.4165,94.4165,94.4165,94.4165,4.847,4.847,4.847,4.847,4.847,2.6924,2.6924,2.6924,2.6924,2.6924
Mauritius,Savanna fires,Emissions (CH4),kilotonnes,0,0,0,0.0003,0,0,0.0035,0,0,0,0.0003,0,0.0003,0.0003,0.0005,0,0,0,0,0,0
Mauritius,Savanna fires,Emissions (N2O),kilotonnes,0,0,0,0,0,0,0.0003,0,0,0,0,0,0,0,0,0,0,0,0,0,0
Mauritius,Savanna fires,Emissions (CO2eq) from CH4 (AR5),kilotonnes,0,0,0,0.0096,0,0,0.098,0,0,0,0.0072,0,0.0096,0.0072,0.0143,0,0,0,0,0,0
Mauritius,Savanna fires,Emissions (CO2eq) from N2O (AR5),kilotonnes,0,0,0,0.0083,0,0,0.0847,0,0,0,0.0062,0,0.0083,0.0062,0.0124,0,0,0,0,0,0
Mauritius,Savanna fires,Emissions (CO2eq) (AR5),kilotonnes,0,0,0,0.018,0,0,0.1827,0,0,0,0.0134,0,0.018,0.0134,0.0267,0,0,0,0,0,0
Mauritius,Fires in organic soils,Emissions (CH4),kilotonnes,0,0,0,0,0,0,0,0,0,0,0,0,0,0,0,0,0,0,0,0,0
Mauritius,Fires in organic soils,Emissions (CO2),kilotonnes,0,0,0,0,0,0,0,0,0,0,0,0,0,0,0,0,0,0,0,0,0
Mauritius,Fires in organic soils,Emissions (CO2eq) from CH4 (AR5),kilotonnes,0,0,0,0,0,0,0,0,0,0,0,0,0,0,0,0,0,0,0,0,0
Mauritius,Fires in organic soils,Emissions (CO2eq) (AR5),kilotonnes,0,0,0,0,0,0,0,0,0,0,0,0,0,0,0,0,0,0,0,0,0
Mauritius,Forest fires,Emissions (CH4),kilotonnes,0,0,0,0,0,0,0,0,0,0,0,0,0,0,0,0,0,0,0,0,0
Mauritius,Forest fires,Emissions (N2O),kilotonnes,0,0,0,0,0,0,0,0,0,0,0,0,0,0,0,0,0,0,0,0,0
Mauritius,Forest fires,Emissions (CO2eq) from CH4 (AR5),kilotonnes,0,0,0,0,0,0,0,0,0,0,0,0,0,0,0,0,0,0,0,0,0
Mauritius,Forest fires,Emissions (CO2eq) from N2O (AR5),kilotonnes,0,0,0,0,0,0,0,0,0,0,0,0,0,0,0,0,0,0,0,0,0
Mauritius,Forest fires,Emissions (CO2eq) (AR5),kilotonnes,0,0,0,0,0,0,0,0,0,0,0,0,0,0,0,0,0,0,0,0,0
Mauritius,Fires in humid tropical forests,Emissions (CH4),kilotonnes,0,0,0,0,0,0,0,0,0,0,0,0,0,0,0,0,0,0,0,0,0
Mauritius,Fires in humid tropical forests,Emissions (N2O),kilotonnes,0,0,0,0,0,0,0,0,0,0,0,0,0,0,0,0,0,0,0,0,0
Mauritius,Fires in humid tropical forests,Emissions (CO2eq) from CH4 (AR5),kilotonnes,0,0,0,0,0,0,0,0,0,0,0,0,0,0,0,0,0,0,0,0,0
Mauritius,Fires in humid tropical forests,Emissions (CO2eq) from N2O (AR5),kilotonnes,0,0,0,0,0,0,0,0,0,0,0,0,0,0,0,0,0,0,0,0,0
Mauritius,Fires in humid tropical forests,Emissions (CO2eq) (AR5),kilotonnes,0,0,0,0,0,0,0,0,0,0,0,0,0,0,0,0,0,0,0,0,0
Mauritius,Waste - agri-food systems,Emissions (CH4),kilotonnes,8.2959,8.494,8.3085,8.3938,8.4045,8.413,8.4412,8.3665,8.3981,8.5554,8.5788,8.5119,8.5489,8.5779,8.5128,8.0778,8.1028,8.3784,8.6551,8.9219,9.1641
Mauritius,Waste - agri-food systems,Emissions (N2O),kilotonnes,0.0373,0.0385,0.0399,0.0409,0.041,0.0421,0.0428,0.0448,0.0435,0.0479,0.0488,0.0476,0.0485,0.0494,0.0481,0.0491,0.0497,0.0552,0.06,0.0648,0.0696
Mauritius,Waste - agri-food systems,Emissions (CO2),kilotonnes,0,0,0,0,0,0,0,0,0,0,0,0,0,0,0,0,0,0,0,0,0
Mauritius,Waste - agri-food systems,Emissions (CO2eq) from CH4 (AR5),kilotonnes,232.2864,237.831,232.6379,235.0269,235.3255,235.5653,236.3536,234.2626,235.1481,239.5506,240.2077,238.3323,239.3694,240.1813,238.3597,226.1797,226.8796,234.5944,242.3437,249.8134,256.596
Mauritius,Waste - agri-food systems,Emissions (CO2eq) from N2O (AR5),kilotonnes,9.8918,10.2124,10.5747,10.8257,10.8652,11.1593,11.3429,11.8667,11.5346,12.6977,12.9276,12.6161,12.8655,13.089,12.7358,13.023,13.1778,14.6186,15.905,17.1794,18.4509
Mauritius,Waste - agri-food systems,Emissions (CO2eq) (AR5),kilotonnes,242.1782,248.0434,243.2127,245.8525,246.1908,246.7245,247.6965,246.1293,246.6827,252.2483,253.1353,250.9483,252.2349,253.2703,251.0955,239.2026,240.0574,249.2131,258.2487,266.9929,275.0469
Mauritius,Fertilizers Manufacturing,Emissions (N2O),kilotonnes,0,0,0,0,0,0,0,0,0,0,0,0,0,0,0,0,0,0,0,0,0
Mauritius,Fertilizers Manufacturing,Emissions (CO2),kilotonnes,0,0,0,0,0,0,0,0,0,0,0,0,0,0,0,0,0,0,0,0,0
Mauritius,Fertilizers Manufacturing,Emissions (CO2eq) from N2O (AR5),kilotonnes,0,0,0,0,0,0,0,0,0,0,0,0,0,0,0,0,0,0,0,0,0
Mauritius,Fertilizers Manufacturing,Emissions (CO2eq) (AR5),kilotonnes,0,0,0,0,0,0,0,0,0,0,0,0,0,0,0,0,0,0,0,0,0
Mauritius,On-farm electricity use,Emissions (CH4),kilotonnes,0.0324,0.0324,0.0324,0.0324,0.0288,0.0324,0.0348,0.0336,0.0312,0.024,0.0288,0.0264,0.03,0.0304,0.0321,0.0261,0.0306,0.028,0.0223,0.0204,0.0204
Mauritius,On-farm electricity use,Emissions (N2O),kilotonnes,0.0002,0.0002,0.0002,0.0002,0.0002,0.0002,0.0002,0.0002,0.0002,0.0001,0.0002,0.0001,0.0002,0.0002,0.0002,0.0001,0.0002,0.0001,0.0002,0.0001,0.0001
Mauritius,On-farm electricity use,Emissions (CO2),kilotonnes,17.3068,17.5846,17.5265,17.6168,15.2637,18.3379,22.4859,22.2331,20.2235,15.4143,19.3641,17.3728,19.8771,18.9921,19.9641,16.3003,19.0669,17.4967,13.9076,12.6963,12.6963
Mauritius,On-farm electricity use,Emissions (CO2eq) from CH4 (AR5),kilotonnes,0.9072,0.9072,0.9072,0.9072,0.8064,0.9072,0.9744,0.9408,0.8736,0.672,0.8064,0.7392,0.84,0.8512,0.8988,0.7308,0.8568,0.784,0.6244,0.5712,0.5712
Mauritius,On-farm electricity use,Emissions (CO2eq) from N2O (AR5),kilotonnes,0.053,0.053,0.053,0.053,0.053,0.053,0.053,0.053,0.053,0.0265,0.053,0.0265,0.053,0.053,0.053,0.0265,0.053,0.0265,0.053,0.0265,0.0265
Mauritius,On-farm electricity use,Emissions (CO2eq) (AR5),kilotonnes,18.267,18.5448,18.4867,18.577,16.1231,19.2981,23.5133,23.2269,21.1501,16.1128,20.2235,18.1385,20.7701,19.8963,20.9159,17.0576,19.9767,18.3072,14.585,13.294,13.294
Mauritius,Food Processing,Emissions (CH4),kilotonnes,0.0412,0.0375,0.0315,0.0187,0,0.0001,0.0001,0.0004,0.0004,0.0016,0.0019,0.0019,0.0013,0.0015,0.0013,0.0017,0.0011,0.0009,0.0008,0.001,0.001
Mauritius,Food Processing,Emissions (N2O),kilotonnes,0.0028,0.0027,0.0024,0.0015,0.0001,0.0001,0.0002,0.0002,0.0002,0.0002,0.0002,0.0003,0.0002,0.0003,0.0002,0.0003,0.0002,0.0002,0.0002,0.0002,0.0002
Mauritius,Food Processing,Emissions (CO2),kilotonnes,363.5265,453.2082,423.149,281.4483,19.6111,24.0348,63.6606,57.8082,70.1322,93.6463,65.5504,122.8056,102.6099,96.6803,84.109,106.2641,83.4766,91.7681,92.4856,95.4539,97.4935
Mauritius,Food Processing,Emissions (CO2eq) from CH4 (AR5),kilotonnes,1.1536,1.05,0.882,0.5236,0,0.0028,0.0028,0.0112,0.0112,0.0448,0.0532,0.0532,0.0364,0.042,0.0364,0.0476,0.0308,0.0252,0.0224,0.028,0.0278
Mauritius,Food Processing,Emissions (CO2eq) from N2O (AR5),kilotonnes,0.742,0.7155,0.636,0.3975,0.0265,0.0265,0.053,0.053,0.053,0.053,0.053,0.0795,0.053,0.0795,0.053,0.0795,0.053,0.053,0.053,0.053,0.0535
Mauritius,Food Processing,Emissions (CO2eq) (AR5),kilotonnes,365.4221,454.9737,424.667,282.3694,19.6376,24.0641,63.7164,57.8724,70.1964,93.7441,65.6566,122.9383,102.6993,96.8018,84.1984,106.3912,83.5604,91.8463,92.561,95.5349,97.5748
Mauritius,Food Packaging,Emissions (CH4),kilotonnes,0,0,0,0,0,0,0,0,0,0,0,0,0,0,0,0,0,0,0,0,0
Mauritius,Food Packaging,Emissions (N2O),kilotonnes,0,0,0,0,0,0,0,0,0,0,0,0,0,0,0,0,0,0,0,0,0
Mauritius,Food Packaging,Emissions (CO2),kilotonnes,0.0418,0.0444,0.0449,0.0475,0.048,0.0511,0.0564,0.0573,0.0585,0.0576,5.4209,4.5104,8.5648,0.0368,0.0825,0.0756,0.0986,0.1051,0.1007,1.683,1.719
Mauritius,Food Packaging,Emissions (CO2eq) from CH4 (AR5),kilotonnes,0,0,0,0,0,0,0,0,0,0,0,0,0,0,0,0,0,0,0,0,0
Mauritius,Food Packaging,Emissions (CO2eq) from N2O (AR5),kilotonnes,0,0,0,0,0,0,0,0,0,0,0,0,0,0,0,0,0,0,0,0,0
Mauritius,Food Packaging,Emissions (CO2eq) (AR5),kilotonnes,0.0418,0.0444,0.0449,0.0475,0.048,0.0511,0.0564,0.0573,0.0585,0.0576,5.4209,4.5104,8.5648,0.0368,0.0825,0.0756,0.0986,0.1051,0.1007,1.683,1.719
Mauritius,Food Retail,Emissions (CH4),kilotonnes,0.0035,0.0039,0.004,0.0052,0.0059,0.0059,0.0064,0.1038,0.113,0.1183,0.1257,0.1332,0.1376,0.1433,0.1506,0.1542,0.156,0.16,0.1612,0.1673,0.166
Mauritius,Food Retail,Emissions (N2O),kilotonnes,0,0,0,0,0,0,0,0.0006,0.0007,0.0005,0.0009,0.0005,0.0009,0.0008,0.0009,0.0009,0.0009,0.001,0.001,0.001,0.001
Mauritius,Food Retail,Emissions (CO2),kilotonnes,1.8845,2.0971,2.1811,2.8317,3.1163,3.328,4.125,68.6892,73.2542,75.9833,84.492,87.6252,91.1977,89.3136,99.6019,102.3123,103.9462,106.5505,107.5607,110.2913,112.648
Mauritius,Food Retail,Emissions (CO2eq) from F-gases (AR5),kilotonnes,5.7145,7.273,9.351,11.9485,15.0655,17.1435,19.2215,21.2995,21.819,21.819,21.819,21.819,21.819,21.819,21.819,21.819,23.897,24.4165,24.936,25.4555,26.6654
Mauritius,Food Retail,Emissions (CO2eq) from CH4 (AR5),kilotonnes,0.098,0.1092,0.112,0.1456,0.1652,0.1652,0.1792,2.9064,3.164,3.3124,3.5196,3.7296,3.8528,4.0124,4.2168,4.3176,4.368,4.48,4.5136,4.6844,4.6472
Mauritius,Food Retail,Emissions (CO2eq) from N2O (AR5),kilotonnes,0,0,0,0,0,0,0,0.159,0.1855,0.1325,0.2385,0.1325,0.2385,0.212,0.2385,0.2385,0.2385,0.265,0.265,0.265,0.2676
Mauritius,Food Retail,Emissions (CO2eq) (AR5),kilotonnes,7.697,9.4793,11.6441,14.9258,18.347,20.6367,23.5257,93.0541,98.4227,101.2472,110.0691,113.3063,117.108,115.357,125.8762,128.6874,132.4497,135.712,137.2753,140.6962,144.2281
Mauritius,Food Household Consumption,Emissions (CH4),kilotonnes,0.1475,0.1565,0.1593,0.1688,0.172,0.1817,0.184,0.191,0.1937,0.2019,0.2111,0.2152,0.2233,0.2315,0.2391,0.2465,0.2533,0.2586,0.267,0.267,0.2649
Mauritius,Food Household Consumption,Emissions (N2O),kilotonnes,0.001,0.0011,0.0011,0.0011,0.0013,0.0012,0.0011,0.0012,0.0013,0.0009,0.0015,0.0009,0.0015,0.0014,0.0014,0.0015,0.0015,0.0016,0.0016,0.0016,0.0016
Mauritius,Food Household Consumption,Emissions (CO2),kilotonnes,112.4079,118.5748,119.076,126.0682,127.5734,139.8817,150.7152,156.0727,156.0056,160.1032,173.7084,173.3876,179.0135,176.1452,182.2595,187.5171,192.118,195.8059,202.3712,202.3712,206.6954
Mauritius,Food Household Consumption,Emissions (CO2eq) from CH4 (AR5),kilotonnes,4.13,4.382,4.4604,4.7264,4.816,5.0876,5.152,5.348,5.4236,5.6532,5.9108,6.0256,6.2524,6.482,6.6948,6.902,7.0924,7.2408,7.476,7.476,7.4167
Mauritius,Food Household Consumption,Emissions (CO2eq) from N2O (AR5),kilotonnes,0.265,0.2915,0.2915,0.2915,0.3445,0.318,0.2915,0.318,0.3445,0.2385,0.3975,0.2385,0.3975,0.371,0.371,0.3975,0.3975,0.424,0.424,0.424,0.4281
Mauritius,Food Household Consumption,Emissions (CO2eq) (AR5),kilotonnes,116.8029,123.2483,123.8279,131.0861,132.7339,145.2873,156.1587,161.7387,161.7737,165.9949,180.0167,179.6517,185.6634,182.9982,189.3253,194.8166,199.6079,203.4707,210.2712,210.2712,214.5402
Mauritius,Food Transport,Emissions (CH4),kilotonnes,0.0152,0.0143,0.0142,0.0142,0.0141,0.0142,0.0133,0.0134,0.0132,0.0138,0.014,0.0142,0.0149,0.0156,0.0164,0.0175,0.0191,0.02,0.0204,0.0192,0.019
Mauritius,Food Transport,Emissions (N2O),kilotonnes,0.0016,0.0015,0.0016,0.0016,0.0017,0.0017,0.0017,0.0018,0.0018,0.002,0.0021,0.0021,0.0022,0.0023,0.0024,0.0026,0.0028,0.003,0.003,0.0028,0.0028
Mauritius,Food Transport,Emissions (CO2),kilotonnes,80.6885,80.7985,83.6585,86.7385,88.2989,89.9445,91.1589,87.0845,88.4045,92.1285,97.2205,98.3205,102.0605,104.1225,106.9005,110.7465,117.584,119.8365,122.088,127.6884,130.4168
Mauritius,Food Transport,Emissions (CO2eq) from CH4 (AR5),kilotonnes,0.4256,0.4004,0.3976,0.3976,0.3948,0.3976,0.3724,0.3752,0.3696,0.3864,0.392,0.3976,0.4172,0.4368,0.4592,0.49,0.5348,0.56,0.5712,0.5376,0.5333
Mauritius,Food Transport,Emissions (CO2eq) from N2O (AR5),kilotonnes,0.424,0.3975,0.424,0.424,0.4505,0.4505,0.4505,0.477,0.477,0.53,0.5565,0.5565,0.583,0.6095,0.636,0.689,0.742,0.795,0.795,0.742,0.7492
Mauritius,Food Transport,Emissions (CO2eq) (AR5),kilotonnes,81.5381,81.5964,84.4801,87.5601,89.1442,90.7926,91.9818,87.9367,89.2511,93.0449,98.169,99.2746,103.0607,105.1688,107.9957,111.9255,118.8608,121.1915,123.4542,128.968,131.6993
Mauritius,Energy,Emissions (CH4),kilotonnes,0.698,0.716,0.681,0.694,0.708,0.694,0.686,0.67,0.682,0.648,0.663,0.655,0.644,0.642,0.637,0.692,0.673,0.624,0.623,0.63,0.625
Mauritius,Energy,Emissions (N2O),kilotonnes,0.0855,0.0901,0.0855,0.0888,0.0907,0.0918,0.0946,0.0958,0.0976,0.0921,0.0977,0.0956,0.0951,0.0961,0.0967,0.104,0.102,0.102,0.101,0.103,0.104
Mauritius,Energy,Emissions (CO2),kilotonnes,2690,2860,2890,3060,3090,3290,3630,3690,3770,3710,3920,3920,3970,4070,4210,4210,4350,4540,4590,4680,4780
Mauritius,Energy,Emissions (CO2eq) from CH4 (AR5),kilotonnes,19.544,20.048,19.068,19.432,19.824,19.432,19.208,18.76,19.096,18.144,18.564,18.34,18.032,17.976,17.836,19.376,18.844,17.472,17.444,17.64,17.5
Mauritius,Energy,Emissions (CO2eq) from N2O (AR5),kilotonnes,22.6575,23.8765,22.6575,23.532,24.0355,24.327,25.069,25.387,25.864,24.4065,25.8905,25.334,25.2015,25.4665,25.6255,27.56,27.03,27.03,26.765,27.295,27.56
Mauritius,Energy,Emissions (CO2eq) (AR5),kilotonnes,2732.2015,2903.9245,2931.7255,3102.964,3133.8595,3333.759,3674.277,3734.147,3814.96,3752.5505,3964.4545,3963.674,4013.2335,4113.4425,4253.4615,4256.936,4395.874,4584.502,4634.209,4724.935,4825.06
Mauritius,IPPU,Emissions (N2O),kilotonnes,0.336,0.233,0.305,0.327,0.315,0.324,0.326,0.329,0.332,0.335,0.338,0.341,0.344,0.347,0.349,0.352,0.355,0.358,0.361,0.364,0.367
Mauritius,IPPU,Emissions (CO2),kilotonnes,9.43,9.52,10,10.8,12.6,15.6,14.3,15.7,17.4,11.5,10.3,14.6,14.7,14.9,15.4,14.8,14.8,15.5,15.6,15.2,15.3
Mauritius,IPPU,Emissions (CO2eq) from F-gases (AR5),kilotonnes,108.8365,9.1928,9.8147,11.5639,15.0622,17.8803,20.504,22.0588,24.6826,27.112,29.5413,31.6792,33.8171,36.0521,38.8702,41.2996,43.8261,46.2555,48.6849,51.1143,53.5437
Mauritius,IPPU,Emissions (CO2eq) from N2O (AR5),kilotonnes,89.04,61.745,80.825,86.655,83.475,85.86,86.39,87.185,87.98,88.775,89.57,90.365,91.16,91.955,92.485,93.28,94.075,94.87,95.665,96.46,97.255
Mauritius,IPPU,Emissions (CO2eq) (AR5),kilotonnes,207.3065,80.4578,100.6397,109.0189,111.1372,119.3403,121.194,124.9438,130.0626,127.387,129.4113,136.6442,139.6771,142.9071,146.7552,149.3796,152.7011,156.6255,159.9499,162.7743,166.0987
Mauritius,Waste,Emissions (CH4),kilotonnes,19.6,19.9,19.9,20,20.3,20.2,20.4,20.5,20.8,20.8,20.9,21,21.1,21.2,21.2,21.2,21.4,21.4,21.6,21.7,21.8
Mauritius,Waste,Emissions (N2O),kilotonnes,0.0594,0.0599,0.0603,0.0619,0.0638,0.0647,0.065,0.0655,0.066,0.0679,0.0692,0.0706,0.0703,0.0698,0.0689,0.0687,0.0686,0.0696,0.0697,0.0711,0.0715
Mauritius,Waste,Emissions (CO2),kilotonnes,0.0558,0.0549,0.0558,0.052,0.052,0.052,0.052,0.052,0.052,0.052,0.052,0.052,0.052,0.052,0.052,0.052,0.052,0.052,0.052,0.052,0.052
Mauritius,Waste,Emissions (CO2eq) from CH4 (AR5),kilotonnes,548.8,557.2,557.2,560,568.4,565.6,571.2,574,582.4,582.4,585.2,588,590.8,593.6,593.6,593.6,599.2,599.2,604.8,607.6,610.4
Mauritius,Waste,Emissions (CO2eq) from N2O (AR5),kilotonnes,15.741,15.8735,15.9795,16.4035,16.907,17.1455,17.225,17.3575,17.49,17.9935,18.338,18.709,18.6295,18.497,18.2585,18.2055,18.179,18.444,18.4705,18.8415,18.9475
Mauritius,Waste,Emissions (CO2eq) (AR5),kilotonnes,564.5968,573.1284,573.2353,576.4555,585.359,582.7975,588.477,591.4095,599.942,600.4455,603.59,606.761,609.4815,612.149,611.9105,611.8575,617.431,617.696,623.3225,626.4935,629.3995
Mauritius,Other,Emissions (N2O),kilotonnes,0.14,0.143,0.139,0.152,0.158,0.159,0.163,0.152,0.138,0.142,0.15,0.153,0.152,0.153,0.155,0.16,0.157,0.163,0.163,0.158,0.159
Mauritius,Other,Emissions (CO2eq) from N2O (AR5),kilotonnes,37.1,37.895,36.835,40.28,41.87,42.135,43.195,40.28,36.57,37.63,39.75,40.545,40.28,40.545,41.075,42.4,41.605,43.195,43.195,41.87,42.135
Mauritius,Other,Emissions (CO2eq) (AR5),kilotonnes,37.1,37.895,36.835,40.28,41.87,42.135,43.195,40.28,36.57,37.63,39.75,40.545,40.28,40.545,41.075,42.4,41.605,43.195,43.195,41.87,42.135
Mauritius,Farm-gate emissions,Emissions (CH4),kilotonnes,1.7214,1.229,1.0921,1.0781,0.9796,0.8693,0.8442,0.8759,0.9197,0.8981,0.9493,0.9578,1.0047,0.9771,0.9558,0.9504,0.8791,0.8248,0.8196,0.8072,0.8168
Mauritius,Farm-gate emissions,Direct emissions (N2O),kilotonnes,0.3535,0.2688,0.3137,0.3087,0.3029,0.2934,0.2752,0.2981,0.281,0.2769,0.2566,0.2989,0.344,0.2974,0.3449,0.2836,0.3238,0.3212,0.3063,0.3147,0.2847
Mauritius,Farm-gate emissions,Indirect emissions (N2O),kilotonnes,0.1054,0.0788,0.0925,0.091,0.0885,0.0849,0.0785,0.0843,0.078,0.0766,0.0696,0.0834,0.0974,0.0824,0.098,0.078,0.0911,0.0894,0.0845,0.0871,0.077
Mauritius,Farm-gate emissions,Emissions (N2O),kilotonnes,0.4761,0.3654,0.4236,0.4172,0.4088,0.3956,0.3735,0.4036,0.3789,0.3737,0.3503,0.4067,0.4624,0.401,0.4646,0.3854,0.4401,0.435,0.4143,0.4258,0.3864
Mauritius,Farm-gate emissions,Emissions (CO2),kilotonnes,59.8588,62.2236,61.5184,61.3021,56.6264,56.3665,59.4493,65.7663,75.57,66.6385,68.7074,66.6132,61.7328,59.7743,62.6568,60.8121,63.1336,64.2161,68.7548,69.9744,69.9744
Mauritius,Farm-gate emissions,Emissions (CO2eq) from CH4 (AR5),kilotonnes,48.1985,34.4113,30.579,30.1857,27.4297,24.3407,23.6375,24.5262,25.7525,25.1478,26.5817,26.8185,28.1326,27.3588,26.7637,26.6106,24.616,23.0931,22.9476,22.6022,22.8713
Mauritius,Farm-gate emissions,Emissions (CO2eq) from N2O (AR5),kilotonnes,126.1684,96.8349,112.2495,110.5626,108.3217,104.831,98.9695,106.9512,100.3977,99.0179,92.8286,107.7885,122.5286,106.2531,123.1135,102.1268,116.6384,115.2765,109.7974,112.8485,102.3832
Mauritius,Farm-gate emissions,Emissions (CO2eq) (AR5),kilotonnes,234.2258,193.4698,204.3469,202.0504,192.3778,185.5381,182.0564,197.2437,201.7201,190.8043,188.1177,201.2201,212.394,193.3862,212.5341,189.5496,204.388,202.5857,201.4999,205.425,195.2289
Mauritius,Land Use change,Emissions (CH4),kilotonnes,0,0,0,0,0,0,0,0,0,0,0,0,0,0,0,0,0,0,0,0,0
Mauritius,Land Use change,Emissions (N2O),kilotonnes,0,0,0,0,0,0,0,0,0,0,0,0,0,0,0,0,0,0,0,0,0
Mauritius,Land Use change,Emissions (CO2),kilotonnes,0,94.4165,94.4165,94.4165,94.4165,94.4165,94.4165,94.4165,94.4165,94.4165,94.4165,4.847,4.847,4.847,4.847,4.847,2.6924,2.6924,2.6924,2.6924,2.6924
Mauritius,Land Use change,Emissions (CO2eq) from CH4 (AR5),kilotonnes,0,0,0,0,0,0,0,0,0,0,0,0,0,0,0,0,0,0,0,0,0
Mauritius,Land Use change,Emissions (CO2eq) from N2O (AR5),kilotonnes,0,0,0,0,0,0,0,0,0,0,0,0,0,0,0,0,0,0,0,0,0
Mauritius,Land Use change,Emissions (CO2eq) (AR5),kilotonnes,0,94.4165,94.4165,94.4165,94.4165,94.4165,94.4165,94.4165,94.4165,94.4165,94.4165,4.847,4.847,4.847,4.847,4.847,2.6924,2.6924,2.6924,2.6924,2.6924
Mauritius,Emissions on agricultural land,Emissions (CH4),kilotonnes,1.7214,1.229,1.0921,1.0781,0.9796,0.8693,0.8442,0.8759,0.9197,0.8981,0.9493,0.9578,1.0047,0.9771,0.9558,0.9504,0.8791,0.8248,0.8196,0.8072,0.8168
Mauritius,Emissions on agricultural land,Emissions (N2O),kilotonnes,0.4761,0.3654,0.4236,0.4172,0.4088,0.3956,0.3735,0.4036,0.3789,0.3737,0.3503,0.4067,0.4624,0.401,0.4646,0.3854,0.4401,0.435,0.4143,0.4258,0.3864
Mauritius,Emissions on agricultural land,Emissions (CO2),kilotonnes,59.8588,156.6401,155.9349,155.7186,151.0429,150.783,153.8659,160.1829,169.9865,161.055,163.1239,71.4602,66.5798,64.6213,67.5039,65.6592,65.826,66.9086,71.4472,72.6668,72.6668
Mauritius,Emissions on agricultural land,Emissions (CO2eq) from CH4 (AR5),kilotonnes,48.1985,34.4113,30.579,30.1857,27.4297,24.3407,23.6375,24.5262,25.7525,25.1478,26.5817,26.8185,28.1326,27.3588,26.7637,26.6106,24.616,23.0931,22.9476,22.6022,22.8713
Mauritius,Emissions on agricultural land,Emissions (CO2eq) from N2O (AR5),kilotonnes,126.1684,96.8349,112.2495,110.5626,108.3217,104.831,98.9695,106.9512,100.3977,99.0179,92.8286,107.7885,122.5286,106.2531,123.1135,102.1268,116.6384,115.2765,109.7974,112.8485,102.3832
Mauritius,Emissions on agricultural land,Emissions (CO2eq) (AR5),kilotonnes,234.2258,287.8863,298.7634,296.4669,286.7943,279.9546,276.4729,291.6602,296.1366,285.2208,282.5342,206.0672,217.241,198.2332,217.3811,194.3966,207.0804,205.2781,204.1923,208.1175,197.9214
Mauritius,Pre- and post- production,Emissions (CH4),kilotonnes,8.5357,8.7386,8.5499,8.6331,8.6253,8.6473,8.6798,8.7087,8.7496,8.915,8.9603,8.9028,8.956,9.0002,8.9523,8.5238,8.5629,8.8459,9.1268,9.3968,9.6354
Mauritius,Pre- and post- production,Emissions (N2O),kilotonnes,0.0429,0.044,0.0452,0.0453,0.0443,0.0453,0.046,0.0488,0.0477,0.0516,0.0537,0.0515,0.0535,0.0544,0.0532,0.0545,0.0553,0.0611,0.066,0.0705,0.0754
Mauritius,Pre- and post- production,Emissions (CO2),kilotonnes,575.856,672.3076,645.636,514.751,253.9114,275.578,332.202,391.945,408.0785,437.3332,445.7563,504.0221,503.3235,485.2905,492.9175,523.2159,516.2903,531.5628,538.5138,550.1841,561.6689
Mauritius,Pre- and post- production,Emissions (CO2eq) from F-gases (AR5),kilotonnes,5.7145,7.273,9.351,11.9485,15.0655,17.1435,19.2215,21.2995,21.819,21.819,21.819,21.819,21.819,21.819,21.819,21.819,23.897,24.4165,24.936,25.4555,26.6654
Mauritius,Pre- and post- production,Emissions (CO2eq) from CH4 (AR5),kilotonnes,239.0008,244.6798,239.3971,241.7273,241.5079,242.1257,243.0344,243.8442,244.9901,249.6194,250.8897,249.2775,250.7682,252.0057,250.6657,238.6677,239.7624,247.6844,255.5513,263.1106,269.7922
Mauritius,Pre- and post- production,Emissions (CO2eq) from N2O (AR5),kilotonnes,11.3758,11.6699,11.9792,11.9917,11.7397,12.0073,12.1909,12.9267,12.6476,13.6782,14.2261,13.6496,14.1905,14.414,14.0873,14.454,14.6618,16.1821,17.495,18.6899,19.9758
Mauritius,Pre- and post- production,Emissions (CO2eq) (AR5),kilotonnes,831.9471,935.9303,906.3633,780.4184,522.2245,546.8544,606.6488,670.0154,687.5353,722.4498,732.6911,788.7681,790.1012,773.5292,779.4895,798.1565,794.6115,819.8459,836.4961,857.4402,878.1023
Mauritius,Agri-food systems,Emissions (CH4),kilotonnes,10.2571,9.9675,9.642,9.7112,9.6049,9.5167,9.524,9.5847,9.6694,9.8131,9.9097,9.8606,9.9607,9.9773,9.9082,9.4742,9.4421,9.6706,9.9464,10.204,10.4523
Mauritius,Agri-food systems,Emissions (N2O),kilotonnes,0.519,0.4095,0.4688,0.4625,0.4531,0.4409,0.4195,0.4524,0.4266,0.4253,0.404,0.4583,0.5159,0.4553,0.5177,0.4399,0.4955,0.4961,0.4803,0.4964,0.4617
Mauritius,Agri-food systems,Emissions (CO2),kilotonnes,635.7148,828.9477,801.5709,670.4696,404.9543,426.361,486.0678,552.1278,578.065,598.3882,608.8802,575.4823,569.9033,549.9118,560.4214,588.8751,582.1163,598.4714,609.961,622.8509,634.3357
Mauritius,Agri-food systems,Emissions (CO2eq) from F-gases (AR5),kilotonnes,5.7145,7.273,9.351,11.9485,15.0655,17.1435,19.2215,21.2995,21.819,21.819,21.819,21.819,21.819,21.819,21.819,21.819,23.897,24.4165,24.936,25.4555,26.6654
Mauritius,Agri-food systems,Emissions (CO2eq) from CH4 (AR5),kilotonnes,287.1993,279.0911,269.9761,271.913,268.9376,266.4663,266.6719,268.3704,270.7426,274.7673,277.4714,276.0959,278.9008,279.3645,277.4294,265.2783,264.3785,270.7775,278.4989,285.7128,292.6636
Mauritius,Agri-food systems,Emissions (CO2eq) from N2O (AR5),kilotonnes,137.5442,108.5049,124.2287,122.5543,120.0614,116.8382,111.1604,119.8779,113.0452,112.6961,107.0547,121.4381,136.7191,120.6671,137.2008,116.5808,131.3001,131.4586,127.2924,131.5384,122.359
Mauritius,Agri-food systems,Emissions (CO2eq) (AR5),kilotonnes,1066.1728,1223.8167,1205.1267,1076.8854,809.0188,826.809,883.1216,961.6756,983.6719,1007.6705,1015.2253,994.8353,1007.3422,971.7624,996.8706,992.5531,1001.6919,1025.124,1040.6884,1065.5576,1076.0236
Mauritius,IPCC Agriculture,Emissions (CH4),kilotonnes,1.6656,1.1719,1.0365,1.0194,0.9297,0.821,0.7968,0.8269,0.8349,0.8376,0.8814,0.8936,0.9441,0.9214,0.9063,0.9041,0.8356,0.7824,0.7773,0.7664,0.776
Mauritius,IPCC Agriculture,Emissions (CH4),kilotonnes,3.9894,4.1009,3.6112,3.5446,3.3637,3.5114,0.84,,,,,,,1.04,,,,,,,
Mauritius,IPCC Agriculture,Direct emissions (N2O),kilotonnes,0.3535,0.2688,0.3137,0.3087,0.3029,0.2934,0.2752,0.2981,0.281,0.2769,0.2566,0.2989,0.344,0.2974,0.3449,0.2836,0.3238,0.3212,0.3063,0.3147,0.2847
Mauritius,IPCC Agriculture,Indirect emissions (N2O),kilotonnes,0.1054,0.0788,0.0925,0.091,0.0885,0.0849,0.0785,0.0843,0.078,0.0766,0.0696,0.0834,0.0974,0.0824,0.098,0.078,0.0911,0.0894,0.0845,0.0871,0.077
Mauritius,IPCC Agriculture,Emissions (N2O),kilotonnes,0.473,0.3623,0.4205,0.4141,0.4057,0.3925,0.3704,0.4004,0.3755,0.3704,0.3469,0.4034,0.4591,0.3977,0.4613,0.3821,0.4365,0.4314,0.4108,0.4223,0.3828
Mauritius,IPCC Agriculture,Emissions (N2O),kilotonnes,0.4877,0.5065,0.4605,0.4809,0.4735,0.4456,0.09,,,,,,,0.09,,,,,,,
Mauritius,IPCC Agriculture,Emissions (CO2eq) from CH4 (AR5),kilotonnes,46.6379,32.8129,29.021,28.5439,26.033,22.988,22.3108,23.1527,23.3766,23.4521,24.6787,25.0208,26.4335,25.8006,25.3764,25.3148,23.3979,21.9072,21.7634,21.4585,21.7277
Mauritius,IPCC Agriculture,Emissions (CO2eq) from CH4 (AR5),kilotonnes,111.7032,114.8252,101.1136,99.2488,94.1836,98.3192,23.52,,,,,,,29.12,,,,,,,
Mauritius,IPCC Agriculture,Emissions (CO2eq) from N2O (AR5),kilotonnes,125.3446,96.0078,111.4243,109.7352,107.5097,104.0204,98.1559,106.1088,99.5047,98.1445,91.9345,106.8957,121.654,105.3853,122.2474,101.2645,115.6793,114.3328,108.8636,111.9011,101.4358
Mauritius,IPCC Agriculture,Emissions (CO2eq) from N2O (AR5),kilotonnes,129.2405,134.2225,122.0325,127.4385,125.4775,118.084,23.85,,,,,,,23.85,,,,,,,
Mauritius,IPCC Agriculture,Emissions (CO2eq) (AR5),kilotonnes,171.9825,128.8207,140.4453,138.2791,133.5426,127.0083,120.4667,129.2615,122.8813,121.5965,116.6132,131.9164,148.0875,131.1859,147.6238,126.5792,139.0772,136.24,130.627,133.3596,123.1635
Mauritius,IPCC Agriculture,Emissions (CO2eq) (AR5),kilotonnes,240.9437,249.0477,223.1461,226.6873,219.6611,216.4032,47.37,,,,,,,52.97,,,,,,,
Mauritius,Agricultural Soils,Emissions (CH4),kilotonnes,,,,,,,,,,,,,,,,,,,,,
Mauritius,Agricultural Soils,Direct emissions (N2O),kilotonnes,0.3535,0.2688,0.3137,0.3087,0.3029,0.2934,0.2752,0.2981,0.281,0.2769,0.2566,0.2989,0.344,0.2974,0.3449,0.2836,0.3238,0.3212,0.3063,0.3147,0.2847
Mauritius,Agricultural Soils,Indirect emissions (N2O),kilotonnes,0.1054,0.0788,0.0925,0.091,0.0885,0.0849,0.0785,0.0843,0.078,0.0766,0.0696,0.0834,0.0974,0.0824,0.098,0.078,0.0911,0.0894,0.0845,0.0871,0.077
Mauritius,Agricultural Soils,Emissions (N2O),kilotonnes,0.4589,0.3476,0.4062,0.3997,0.3914,0.3782,0.3538,0.3823,0.3589,0.3535,0.3262,0.3823,0.4414,0.3798,0.4429,0.3616,0.415,0.4106,0.3909,0.4018,0.3617
Mauritius,Agricultural Soils,Emissions (N2O),kilotonnes,0.449,0.4657,0.4224,0.4451,0.4429,0.4136,0.06,,,,,,,0.07,,,,,,,
Mauritius,Agricultural Soils,Emissions (CO2eq) from CH4 (AR5),kilotonnes,,,,,,,,,,,,,,,,,,,,,
Mauritius,Agricultural Soils,Emissions (CO2eq) from N2O (AR5),kilotonnes,121.6142,92.1128,107.6404,105.9153,103.7117,100.2273,93.7475,101.321,95.1216,93.6837,86.4513,101.3106,116.9678,100.6481,117.3607,95.8216,109.9656,108.8161,103.5762,106.4639,95.8485
Mauritius,Agricultural Soils,Emissions (CO2eq) from N2O (AR5),kilotonnes,118.985,123.4105,111.936,117.9515,117.3685,109.604,15.9,,,,,,,18.55,,,,,,,
Mauritius,Agricultural Soils,Emissions (CO2eq) (AR5),kilotonnes,121.6142,92.1128,107.6404,105.9153,103.7117,100.2273,93.7475,101.321,95.1216,93.6837,86.4513,101.3106,116.9678,100.6481,117.3607,95.8216,109.9656,108.8161,103.5762,106.4639,95.8485
Mauritius,Agricultural Soils,Emissions (CO2eq) (AR5),kilotonnes,118.985,123.4105,111.936,117.9515,117.3685,109.604,15.9,,,,,,,18.55,,,,,,,
Mauritius,LULUCF,Emissions (CH4),kilotonnes,0,0,0,0,0,0,0,0,0,0,0,0,0,0,0,0,0,0,0,0,0
Mauritius,LULUCF,Emissions (CH4),kilotonnes,0.0077,0.0109,0.0109,0.0101,0.0114,0.0027,0.12,,,,,,,,,,,,,,
Mauritius,LULUCF,Emissions (N2O),kilotonnes,0,0,0,0,0,0,0,0,0,0,0,0,0,0,0,0,0,0,0,0,0
Mauritius,LULUCF,Emissions (N2O),kilotonnes,0.0001,0.0002,0.0002,0.0002,0.0002,0,0.24,,,,,,,0.27,,,,,,,
Mauritius,LULUCF,Emissions (CO2),kilotonnes,-22.9373,84.5631,84.5631,84.5631,84.5631,84.5631,84.5631,84.5631,84.5631,84.5631,84.5631,5.1279,5.1279,5.1279,5.1279,5.1279,-25.0246,-25.0246,-25.0246,-25.0246,-25.0246
Mauritius,LULUCF,Emissions (CO2),kilotonnes,-82.02,-217.91,-183.84,-199.74,-197.68,-176.69,-525.69,,,,,,,-490.71,,,,,,,
Mauritius,LULUCF,Emissions (CO2eq) from CH4 (AR5),kilotonnes,0,0,0,0,0,0,0,0,0,0,0,0,0,0,0,0,0,0,0,0,0
Mauritius,LULUCF,Emissions (CO2eq) from N2O (AR5),kilotonnes,0,0,0,0,0,0,0,0,0,0,0,0,0,0,0,0,0,0,0,0,0
Mauritius,LULUCF,Emissions (CO2eq) (AR5),kilotonnes,-22.9373,84.5631,84.5631,84.5631,84.5631,84.5631,84.5631,84.5631,84.5631,84.5631,84.5631,5.1279,5.1279,5.1279,5.1279,5.1279,-25.0246,-25.0246,-25.0246,-25.0246,-25.0246
Mauritius,LULUCF,Emissions (CO2eq) (AR5),kilotonnes,-82.02,-217.91,-183.84,-199.74,-197.68,-176.69,-525.69,,,,,,,-490.71,,,,,,,
Mauritius,AFOLU,Emissions (CH4),kilotonnes,1.6656,1.1719,1.0365,1.0194,0.9297,0.821,0.7968,0.8269,0.8349,0.8376,0.8814,0.8936,0.9441,0.9214,0.9063,0.9041,0.8356,0.7824,0.7773,0.7664,0.776
Mauritius,AFOLU,Emissions (N2O),kilotonnes,0.473,0.3623,0.4205,0.4141,0.4057,0.3925,0.3704,0.4004,0.3755,0.3704,0.3469,0.4034,0.4591,0.3977,0.4613,0.3821,0.4365,0.4314,0.4108,0.4223,0.3828
Mauritius,AFOLU,Emissions (CO2),kilotonnes,-22.9373,84.5631,84.5631,84.5631,84.5631,84.5631,84.5631,84.5631,84.5631,84.5631,84.5631,5.1279,5.1279,5.1279,5.1279,5.1279,-25.0246,-25.0246,-25.0246,-25.0246,-25.0246
Mauritius,AFOLU,Emissions (CO2eq) from CH4 (AR5),kilotonnes,46.6379,32.8129,29.021,28.5439,26.033,22.988,22.3108,23.1527,23.3766,23.4521,24.6787,25.0208,26.4335,25.8006,25.3764,25.3148,23.3979,21.9072,21.7634,21.4585,21.7277
Mauritius,AFOLU,Emissions (CO2eq) from N2O (AR5),kilotonnes,125.3446,96.0078,111.4243,109.7352,107.5097,104.0204,98.1559,106.1088,99.5047,98.1445,91.9345,106.8957,121.654,105.3853,122.2474,101.2645,115.6793,114.3328,108.8636,111.9011,101.4358
Mauritius,AFOLU,Emissions (CO2eq) (AR5),kilotonnes,149.0452,213.3838,225.0084,222.8422,218.1057,211.5714,205.0298,213.8246,207.4444,206.1596,201.1762,137.0444,153.2154,136.3138,152.7517,131.7072,114.0527,111.2155,105.6024,108.335,98.1389
Mauritius,All sectors with LULUCF,Emissions (CH4),kilotonnes,21.9636,21.7879,21.6175,21.7134,21.9377,21.715,21.8828,21.9969,22.3169,22.2856,22.4444,22.5486,22.6881,22.7634,22.7433,22.7961,22.9086,22.8064,23.0003,23.0964,23.201
Mauritius,All sectors with LULUCF,Emissions (N2O),kilotonnes,1.0939,0.8883,1.0103,1.0438,1.0332,1.032,1.019,1.0427,1.0091,1.0074,1.0018,1.0636,1.1205,1.0636,1.1309,1.0668,1.1191,1.124,1.1055,1.1184,1.0843
Mauritius,All sectors with LULUCF,Emissions (CO2),kilotonnes,2676.5485,2954.138,2984.6189,3155.4151,3187.2151,3390.2151,3728.9151,3790.3151,3872.0151,3806.1151,4014.9151,3939.7799,3989.8799,4090.0799,4230.5799,4229.9799,4339.8274,4530.5274,4580.6274,4670.2274,4770.3274
Mauritius,All sectors with LULUCF,Emissions (CO2eq) from F-gases (AR5),kilotonnes,108.8365,9.1928,9.8147,11.5639,15.0622,17.8803,20.504,22.0588,24.6826,27.112,29.5413,31.6792,33.8171,36.0521,38.8702,41.2996,43.8261,46.2555,48.6849,51.1143,53.5437
Mauritius,All sectors with LULUCF,Emissions (CO2eq) from CH4 (AR5),kilotonnes,614.9819,610.0609,605.289,607.9759,614.257,608.02,612.7188,615.9127,624.8726,623.9961,628.4427,631.3608,635.2655,637.3766,636.8124,638.2908,641.4419,638.5792,644.0074,646.6985,649.6277
Mauritius,All sectors with LULUCF,Emissions (CO2eq) from N2O (AR5),kilotonnes,289.8831,235.3978,267.7213,276.6057,273.7972,273.4879,270.0349,276.3183,267.4087,266.9495,265.483,281.8487,296.925,281.8488,299.6914,282.71,296.5683,297.8718,292.9591,296.3676,287.3333
Mauritius,All sectors with LULUCF,Emissions (CO2eq) (AR5),kilotonnes,3690.25,3808.7895,3867.4439,4051.5605,4090.3314,4289.6032,4632.1728,4704.6049,4788.9789,4724.1726,4938.3821,4884.6686,4955.8875,5045.3574,5205.9539,5192.2802,5321.6638,5513.234,5566.2788,5664.4078,5760.8321
Mauritius,All sectors without LULUCF,Emissions (CH4),kilotonnes,21.9636,21.7879,21.6175,21.7134,21.9377,21.715,21.8828,21.9969,22.3169,22.2856,22.4444,22.5486,22.6881,22.7634,22.7433,22.7961,22.9086,22.8064,23.0003,23.0964,23.201
Mauritius,All sectors without LULUCF,Emissions (N2O),kilotonnes,1.0939,0.8883,1.0103,1.0438,1.0332,1.032,1.019,1.0427,1.0091,1.0074,1.0018,1.0636,1.1205,1.0636,1.1309,1.0668,1.1191,1.124,1.1055,1.1184,1.0843
Mauritius,All sectors without LULUCF,Emissions (CO2),kilotonnes,2699.4858,2869.5749,2900.0558,3070.852,3102.652,3305.652,3644.352,3705.752,3787.452,3721.552,3930.352,3934.652,3984.752,4084.952,4225.452,4224.852,4364.852,4555.552,4605.652,4695.252,4795.352
Mauritius,All sectors without LULUCF,Emissions (CO2eq) from F-gases (AR5),kilotonnes,108.8365,9.1928,9.8147,11.5639,15.0622,17.8803,20.504,22.0588,24.6826,27.112,29.5413,31.6792,33.8171,36.0521,38.8702,41.2996,43.8261,46.2555,48.6849,51.1143,53.5437
Mauritius,All sectors without LULUCF,Emissions (CO2eq) from CH4 (AR5),kilotonnes,614.9819,610.0609,605.289,607.9759,614.257,608.02,612.7188,615.9127,624.8726,623.9961,628.4427,631.3608,635.2655,637.3766,636.8124,638.2908,641.4419,638.5792,644.0074,646.6985,649.6277
Mauritius,All sectors without LULUCF,Emissions (CO2eq) from N2O (AR5),kilotonnes,289.8831,235.3978,267.7213,276.6057,273.7972,273.4879,270.0349,276.3183,267.4087,266.9495,265.483,281.8487,296.925,281.8488,299.6914,282.71,296.5683,297.8718,292.9591,296.3676,287.3333
Mauritius,All sectors without LULUCF,Emissions (CO2eq) (AR5),kilotonnes,3713.1873,3724.2264,3782.8808,3966.9975,4005.7683,4205.0401,4547.6097,4620.0418,4704.4159,4639.6095,4853.819,4879.5406,4950.7596,5040.2295,5200.826,5187.1523,5346.6883,5538.2585,5591.3034,5689.4324,5785.8567
Mayotte,Drained organic soils,Emissions (CO2eq) (AR5),kilotonnes,0,0,0,0,0,0,0,0,0,0,0,0,0,0,0,0,0,0,0,0,0
Mayotte,Drained organic soils (CO2),Emissions (CO2),kilotonnes,0,0,0,0,0,0,0,0,0,0,0,0,0,0,0,0,0,0,0,0,0
Mayotte,Drained organic soils (CO2),Emissions (CO2eq) (AR5),kilotonnes,0,0,0,0,0,0,0,0,0,0,0,0,0,0,0,0,0,0,0,0,0
Mayotte,Drained organic soils (N2O),Emissions (N2O),kilotonnes,0,0,0,0,0,0,0,0,0,0,0,0,0,0,0,0,0,0,0,0,0
Mayotte,Drained organic soils (N2O),Emissions (CO2eq) from N2O (AR5),kilotonnes,0,0,0,0,0,0,0,0,0,0,0,0,0,0,0,0,0,0,0,0,0
Mayotte,Drained organic soils (N2O),Emissions (CO2eq) (AR5),kilotonnes,0,0,0,0,0,0,0,0,0,0,0,0,0,0,0,0,0,0,0,0,0
Mayotte,On-farm energy use,Emissions (CH4),kilotonnes,0.0298,0.0319,0.0324,0.0352,0.0377,0.0427,0.0458,0.0496,0.0565,0.0606,0.061,0.0293,0.0309,0.0323,0.036,0.0379,0.0399,0.0417,0.0435,0.0453,0.0453
Mayotte,On-farm energy use,Emissions (N2O),kilotonnes,0.0001,0.0002,0.0002,0.0002,0.0002,0.0002,0.0002,0.0002,0.0003,0.0003,0.0003,0.0001,0.0002,0.0002,0.0002,0.0002,0.0002,0.0002,0.0002,0.0002,0.0002
Mayotte,On-farm energy use,Emissions (CO2),kilotonnes,9.3968,10.0665,10.2267,11.0879,11.8946,13.4507,14.4456,15.6446,17.8224,19.1147,19.2287,9.2271,9.7538,10.1855,11.3421,11.951,12.5819,13.1475,13.7131,14.2787,14.2787
Mayotte,On-farm energy use,Emissions (CO2eq) from CH4 (AR5),kilotonnes,0.8344,0.8939,0.9081,0.9846,1.0562,1.1944,1.2827,1.3892,1.5825,1.6973,1.7074,0.8193,0.8661,0.9044,1.0071,1.0612,1.1172,1.1674,1.2177,1.2679,1.2679
Mayotte,On-farm energy use,Emissions (CO2eq) from N2O (AR5),kilotonnes,0.0395,0.0423,0.043,0.0466,0.05,0.0565,0.0607,0.0657,0.0749,0.0803,0.0808,0.0388,0.041,0.0428,0.0477,0.0502,0.0529,0.0552,0.0576,0.06,0.06
Mayotte,On-farm energy use,Emissions (CO2eq) (AR5),kilotonnes,10.2707,11.0027,11.1778,12.1191,13.0007,14.7016,15.789,17.0995,19.4798,20.8923,21.0169,10.0852,10.6609,11.1328,12.3969,13.0624,13.7519,14.3701,14.9883,15.6066,15.6066
Mayotte,Forestland,Emissions (CO2),kilotonnes,-2.2774,-1.9419,-1.9419,-1.9419,-1.9419,-1.9419,-1.9419,-1.9419,-1.9419,-1.9419,-1.9419,-2.1395,-2.1395,-2.1395,-2.1395,-2.1395,2.1436,2.1436,2.1436,2.1436,2.1436
Mayotte,Forestland,Emissions (CO2eq) (AR5),kilotonnes,-2.2774,-1.9419,-1.9419,-1.9419,-1.9419,-1.9419,-1.9419,-1.9419,-1.9419,-1.9419,-1.9419,-2.1395,-2.1395,-2.1395,-2.1395,-2.1395,2.1436,2.1436,2.1436,2.1436,2.1436
Mayotte,Net Forest conversion,Emissions (CO2),kilotonnes,66.3848,26.466,26.466,26.466,26.466,26.466,26.466,26.466,26.466,26.466,26.466,11.5108,11.5108,11.5108,11.5108,11.5108,11.1534,11.1534,11.1534,11.1534,11.1534
Mayotte,Net Forest conversion,Emissions (CO2eq) (AR5),kilotonnes,66.3848,26.466,26.466,26.466,26.466,26.466,26.466,26.466,26.466,26.466,26.466,11.5108,11.5108,11.5108,11.5108,11.5108,11.1534,11.1534,11.1534,11.1534,11.1534
Mayotte,Savanna fires,Emissions (CH4),kilotonnes,0,0,0,0,0,0,0,0,0,0,0,0,0,0,0,0,0,0,0,0,0
Mayotte,Savanna fires,Emissions (N2O),kilotonnes,0,0,0,0,0,0,0,0,0,0,0,0,0,0,0,0,0,0,0,0,0
Mayotte,Savanna fires,Emissions (CO2eq) from CH4 (AR5),kilotonnes,0,0,0,0,0,0,0,0,0,0,0,0,0,0,0,0,0,0,0,0,0
Mayotte,Savanna fires,Emissions (CO2eq) from N2O (AR5),kilotonnes,0,0,0,0,0,0,0,0,0,0,0,0,0,0,0,0,0,0,0,0,0
Mayotte,Savanna fires,Emissions (CO2eq) (AR5),kilotonnes,0,0,0,0,0,0,0,0,0,0,0,0,0,0,0,0,0,0,0,0,0
Mayotte,Fires in organic soils,Emissions (CH4),kilotonnes,0,0,0,0,0,0,0,0,0,0,0,0,0,0,0,0,0,0,0,0,0
Mayotte,Fires in organic soils,Emissions (CO2),kilotonnes,0,0,0,0,0,0,0,0,0,0,0,0,0,0,0,0,0,0,0,0,0
Mayotte,Fires in organic soils,Emissions (CO2eq) from CH4 (AR5),kilotonnes,0,0,0,0,0,0,0,0,0,0,0,0,0,0,0,0,0,0,0,0,0
Mayotte,Fires in organic soils,Emissions (CO2eq) (AR5),kilotonnes,0,0,0,0,0,0,0,0,0,0,0,0,0,0,0,0,0,0,0,0,0
Mayotte,Forest fires,Emissions (CH4),kilotonnes,0,0,0,0,0,0,0,0,0,0,0,0,0,0,0,0,0,0,0,0,0
Mayotte,Forest fires,Emissions (N2O),kilotonnes,0,0,0,0,0,0,0,0,0,0,0,0,0,0,0,0,0,0,0,0,0
Mayotte,Forest fires,Emissions (CO2eq) from CH4 (AR5),kilotonnes,0,0,0,0,0,0,0,0,0,0,0,0,0,0,0,0,0,0,0,0,0
Mayotte,Forest fires,Emissions (CO2eq) from N2O (AR5),kilotonnes,0,0,0,0,0,0,0,0,0,0,0,0,0,0,0,0,0,0,0,0,0
Mayotte,Forest fires,Emissions (CO2eq) (AR5),kilotonnes,0,0,0,0,0,0,0,0,0,0,0,0,0,0,0,0,0,0,0,0,0
Mayotte,Fires in humid tropical forests,Emissions (CH4),kilotonnes,0,0,0,0,0,0,0,0,0,0,0,0,0,0,0,0,0,0,0,0,0
Mayotte,Fires in humid tropical forests,Emissions (N2O),kilotonnes,0,0,0,0,0,0,0,0,0,0,0,0,0,0,0,0,0,0,0,0,0
Mayotte,Fires in humid tropical forests,Emissions (CO2eq) from CH4 (AR5),kilotonnes,0,0,0,0,0,0,0,0,0,0,0,0,0,0,0,0,0,0,0,0,0
Mayotte,Fires in humid tropical forests,Emissions (CO2eq) from N2O (AR5),kilotonnes,0,0,0,0,0,0,0,0,0,0,0,0,0,0,0,0,0,0,0,0,0
Mayotte,Fires in humid tropical forests,Emissions (CO2eq) (AR5),kilotonnes,0,0,0,0,0,0,0,0,0,0,0,0,0,0,0,0,0,0,0,0,0
Mayotte,On-farm electricity use,Emissions (CH4),kilotonnes,0,0,0,0,0,0,0,0,0,0,0,0,0,0,0,0,0,0,0,0,0
Mayotte,On-farm electricity use,Emissions (N2O),kilotonnes,0,0,0,0,0,0,0,0,0,0,0,0,0,0,0,0,0,0,0,0,0
Mayotte,On-farm electricity use,Emissions (CO2),kilotonnes,0,0,0,0,0,0,0,0,0,0,0,0,0,0,0,0,0,0,0,0,0
Mayotte,On-farm electricity use,Emissions (CO2eq) from CH4 (AR5),kilotonnes,0,0,0,0,0,0,0,0,0,0,0,0,0,0,0,0,0,0,0,0,0
Mayotte,On-farm electricity use,Emissions (CO2eq) from N2O (AR5),kilotonnes,0,0,0,0,0,0,0,0,0,0,0,0,0,0,0,0,0,0,0,0,0
Mayotte,On-farm electricity use,Emissions (CO2eq) (AR5),kilotonnes,0,0,0,0,0,0,0,0,0,0,0,0,0,0,0,0,0,0,0,0,0
Mayotte,Farm-gate emissions,Emissions (CH4),kilotonnes,0.0298,0.0319,0.0324,0.0352,0.0377,0.0427,0.0458,0.0496,0.0565,0.0606,0.061,0.0293,0.0309,0.0323,0.036,0.0379,0.0399,0.0417,0.0435,0.0453,0.0453
Mayotte,Farm-gate emissions,Emissions (N2O),kilotonnes,0.0001,0.0002,0.0002,0.0002,0.0002,0.0002,0.0002,0.0002,0.0003,0.0003,0.0003,0.0001,0.0002,0.0002,0.0002,0.0002,0.0002,0.0002,0.0002,0.0002,0.0002
Mayotte,Farm-gate emissions,Emissions (CO2),kilotonnes,9.3968,10.0665,10.2267,11.0879,11.8946,13.4507,14.4456,15.6446,17.8224,19.1147,19.2287,9.2271,9.7538,10.1855,11.3421,11.951,12.5819,13.1475,13.7131,14.2787,14.2787
Mayotte,Farm-gate emissions,Emissions (CO2eq) from CH4 (AR5),kilotonnes,0.8344,0.8939,0.9081,0.9846,1.0562,1.1944,1.2827,1.3892,1.5825,1.6973,1.7074,0.8193,0.8661,0.9044,1.0071,1.0612,1.1172,1.1674,1.2177,1.2679,1.2679
Mayotte,Farm-gate emissions,Emissions (CO2eq) from N2O (AR5),kilotonnes,0.0395,0.0423,0.043,0.0466,0.05,0.0565,0.0607,0.0657,0.0749,0.0803,0.0808,0.0388,0.041,0.0428,0.0477,0.0502,0.0529,0.0552,0.0576,0.06,0.06
Mayotte,Farm-gate emissions,Emissions (CO2eq) (AR5),kilotonnes,10.2707,11.0027,11.1778,12.1191,13.0007,14.7016,15.789,17.0995,19.4798,20.8923,21.0169,10.0852,10.6609,11.1328,12.3969,13.0624,13.7519,14.3701,14.9883,15.6066,15.6066
Mayotte,Land Use change,Emissions (CH4),kilotonnes,0,0,0,0,0,0,0,0,0,0,0,0,0,0,0,0,0,0,0,0,0
Mayotte,Land Use change,Emissions (N2O),kilotonnes,0,0,0,0,0,0,0,0,0,0,0,0,0,0,0,0,0,0,0,0,0
Mayotte,Land Use change,Emissions (CO2),kilotonnes,66.3848,26.466,26.466,26.466,26.466,26.466,26.466,26.466,26.466,26.466,26.466,11.5108,11.5108,11.5108,11.5108,11.5108,11.1534,11.1534,11.1534,11.1534,11.1534
Mayotte,Land Use change,Emissions (CO2eq) from CH4 (AR5),kilotonnes,0,0,0,0,0,0,0,0,0,0,0,0,0,0,0,0,0,0,0,0,0
Mayotte,Land Use change,Emissions (CO2eq) from N2O (AR5),kilotonnes,0,0,0,0,0,0,0,0,0,0,0,0,0,0,0,0,0,0,0,0,0
Mayotte,Land Use change,Emissions (CO2eq) (AR5),kilotonnes,66.3848,26.466,26.466,26.466,26.466,26.466,26.466,26.466,26.466,26.466,26.466,11.5108,11.5108,11.5108,11.5108,11.5108,11.1534,11.1534,11.1534,11.1534,11.1534
Mayotte,Emissions on agricultural land,Emissions (CH4),kilotonnes,0.0298,0.0319,0.0324,0.0352,0.0377,0.0427,0.0458,0.0496,0.0565,0.0606,0.061,0.0293,0.0309,0.0323,0.036,0.0379,0.0399,0.0417,0.0435,0.0453,0.0453
Mayotte,Emissions on agricultural land,Emissions (N2O),kilotonnes,0.0001,0.0002,0.0002,0.0002,0.0002,0.0002,0.0002,0.0002,0.0003,0.0003,0.0003,0.0001,0.0002,0.0002,0.0002,0.0002,0.0002,0.0002,0.0002,0.0002,0.0002
Mayotte,Emissions on agricultural land,Emissions (CO2),kilotonnes,75.7817,36.5325,36.6927,37.554,38.3606,39.9168,40.9117,42.1107,44.2884,45.5807,45.6947,20.7379,21.2646,21.6964,22.853,23.4618,23.7353,24.3009,24.8665,25.4321,25.4321
Mayotte,Emissions on agricultural land,Emissions (CO2eq) from CH4 (AR5),kilotonnes,0.8344,0.8939,0.9081,0.9846,1.0562,1.1944,1.2827,1.3892,1.5825,1.6973,1.7074,0.8193,0.8661,0.9044,1.0071,1.0612,1.1172,1.1674,1.2177,1.2679,1.2679
Mayotte,Emissions on agricultural land,Emissions (CO2eq) from N2O (AR5),kilotonnes,0.0395,0.0423,0.043,0.0466,0.05,0.0565,0.0607,0.0657,0.0749,0.0803,0.0808,0.0388,0.041,0.0428,0.0477,0.0502,0.0529,0.0552,0.0576,0.06,0.06
Mayotte,Emissions on agricultural land,Emissions (CO2eq) (AR5),kilotonnes,76.6555,37.4687,37.6438,38.5851,39.4667,41.1677,42.255,43.5656,45.9459,47.3583,47.4829,21.596,22.1717,22.6436,23.9077,24.5732,24.9053,25.5235,26.1417,26.76,26.76
Mayotte,Pre- and post- production,Emissions (CH4),kilotonnes,0,0,0,0,0,0,0,0,0,0,0,0,0,0,0,0,0,0,0,0,0
Mayotte,Pre- and post- production,Emissions (N2O),kilotonnes,0,0,0,0,0,0,0,0,0,0,0,0,0,0,0,0,0,0,0,0,0
Mayotte,Pre- and post- production,Emissions (CO2),kilotonnes,0,0,0,0,0,0,0,0,0,0,0,0,0,0,0,0,0,0,0,0,0
Mayotte,Pre- and post- production,Emissions (CO2eq) from CH4 (AR5),kilotonnes,0,0,0,0,0,0,0,0,0,0,0,0,0,0,0,0,0,0,0,0,0
Mayotte,Pre- and post- production,Emissions (CO2eq) from N2O (AR5),kilotonnes,0,0,0,0,0,0,0,0,0,0,0,0,0,0,0,0,0,0,0,0,0
Mayotte,Pre- and post- production,Emissions (CO2eq) (AR5),kilotonnes,0,0,0,0,0,0,0,0,0,0,0,0,0,0,0,0,0,0,0,0,0
Mayotte,Agri-food systems,Emissions (CH4),kilotonnes,0.0298,0.0319,0.0324,0.0352,0.0377,0.0427,0.0458,0.0496,0.0565,0.0606,0.061,0.0293,0.0309,0.0323,0.036,0.0379,0.0399,0.0417,0.0435,0.0453,0.0453
Mayotte,Agri-food systems,Emissions (N2O),kilotonnes,0.0001,0.0002,0.0002,0.0002,0.0002,0.0002,0.0002,0.0002,0.0003,0.0003,0.0003,0.0001,0.0002,0.0002,0.0002,0.0002,0.0002,0.0002,0.0002,0.0002,0.0002
Mayotte,Agri-food systems,Emissions (CO2),kilotonnes,75.7817,36.5325,36.6927,37.554,38.3606,39.9168,40.9117,42.1107,44.2884,45.5807,45.6947,20.7379,21.2646,21.6964,22.853,23.4618,23.7353,24.3009,24.8665,25.4321,25.4321
Mayotte,Agri-food systems,Emissions (CO2eq) from CH4 (AR5),kilotonnes,0.8344,0.8939,0.9081,0.9846,1.0562,1.1944,1.2827,1.3892,1.5825,1.6973,1.7074,0.8193,0.8661,0.9044,1.0071,1.0612,1.1172,1.1674,1.2177,1.2679,1.2679
Mayotte,Agri-food systems,Emissions (CO2eq) from N2O (AR5),kilotonnes,0.0395,0.0423,0.043,0.0466,0.05,0.0565,0.0607,0.0657,0.0749,0.0803,0.0808,0.0388,0.041,0.0428,0.0477,0.0502,0.0529,0.0552,0.0576,0.06,0.06
Mayotte,Agri-food systems,Emissions (CO2eq) (AR5),kilotonnes,76.6555,37.4687,37.6438,38.5851,39.4667,41.1677,42.255,43.5656,45.9459,47.3583,47.4829,21.596,22.1717,22.6436,23.9077,24.5732,24.9053,25.5235,26.1417,26.76,26.76
Mayotte,IPCC Agriculture,Emissions (CH4),kilotonnes,0,0,0,0,0,0,0,0,0,0,0,0,0,0,0,0,0,0,0,0,0
Mayotte,IPCC Agriculture,Emissions (N2O),kilotonnes,0,0,0,0,0,0,0,0,0,0,0,0,0,0,0,0,0,0,0,0,0
Mayotte,IPCC Agriculture,Emissions (CO2eq) from CH4 (AR5),kilotonnes,0,0,0,0,0,0,0,0,0,0,0,0,0,0,0,0,0,0,0,0,0
Mayotte,IPCC Agriculture,Emissions (CO2eq) from N2O (AR5),kilotonnes,0,0,0,0,0,0,0,0,0,0,0,0,0,0,0,0,0,0,0,0,0
Mayotte,IPCC Agriculture,Emissions (CO2eq) (AR5),kilotonnes,0,0,0,0,0,0,0,0,0,0,0,0,0,0,0,0,0,0,0,0,0
Mayotte,Agricultural Soils,Emissions (N2O),kilotonnes,0,0,0,0,0,0,0,0,0,0,0,0,0,0,0,0,0,0,0,0,0
Mayotte,Agricultural Soils,Emissions (CO2eq) from N2O (AR5),kilotonnes,0,0,0,0,0,0,0,0,0,0,0,0,0,0,0,0,0,0,0,0,0
Mayotte,Agricultural Soils,Emissions (CO2eq) (AR5),kilotonnes,0,0,0,0,0,0,0,0,0,0,0,0,0,0,0,0,0,0,0,0,0
Mayotte,LULUCF,Emissions (CH4),kilotonnes,0,0,0,0,0,0,0,0,0,0,0,0,0,0,0,0,0,0,0,0,0
Mayotte,LULUCF,Emissions (N2O),kilotonnes,0,0,0,0,0,0,0,0,0,0,0,0,0,0,0,0,0,0,0,0,0
Mayotte,LULUCF,Emissions (CO2),kilotonnes,64.1074,24.5241,24.5241,24.5241,24.5241,24.5241,24.5241,24.5241,24.5241,24.5241,24.5241,9.3714,9.3714,9.3714,9.3714,9.3714,13.297,13.297,13.297,13.297,13.297
Mayotte,LULUCF,Emissions (CO2eq) from CH4 (AR5),kilotonnes,0,0,0,0,0,0,0,0,0,0,0,0,0,0,0,0,0,0,0,0,0
Mayotte,LULUCF,Emissions (CO2eq) from N2O (AR5),kilotonnes,0,0,0,0,0,0,0,0,0,0,0,0,0,0,0,0,0,0,0,0,0
Mayotte,LULUCF,Emissions (CO2eq) (AR5),kilotonnes,64.1074,24.5241,24.5241,24.5241,24.5241,24.5241,24.5241,24.5241,24.5241,24.5241,24.5241,9.3714,9.3714,9.3714,9.3714,9.3714,13.297,13.297,13.297,13.297,13.297
Mayotte,AFOLU,Emissions (CH4),kilotonnes,0,0,0,0,0,0,0,0,0,0,0,0,0,0,0,0,0,0,0,0,0
Mayotte,AFOLU,Emissions (N2O),kilotonnes,0,0,0,0,0,0,0,0,0,0,0,0,0,0,0,0,0,0,0,0,0
Mayotte,AFOLU,Emissions (CO2),kilotonnes,64.1074,24.5241,24.5241,24.5241,24.5241,24.5241,24.5241,24.5241,24.5241,24.5241,24.5241,9.3714,9.3714,9.3714,9.3714,9.3714,13.297,13.297,13.297,13.297,13.297
Mayotte,AFOLU,Emissions (CO2eq) from CH4 (AR5),kilotonnes,0,0,0,0,0,0,0,0,0,0,0,0,0,0,0,0,0,0,0,0,0
Mayotte,AFOLU,Emissions (CO2eq) from N2O (AR5),kilotonnes,0,0,0,0,0,0,0,0,0,0,0,0,0,0,0,0,0,0,0,0,0
Mayotte,AFOLU,Emissions (CO2eq) (AR5),kilotonnes,64.1074,24.5241,24.5241,24.5241,24.5241,24.5241,24.5241,24.5241,24.5241,24.5241,24.5241,9.3714,9.3714,9.3714,9.3714,9.3714,13.297,13.297,13.297,13.297,13.297
Mayotte,All sectors with LULUCF,Emissions (CH4),kilotonnes,0,0,0,0,0,0,0,0,0,0,0,0,0,0,0,0,0,0,0,0,0
Mayotte,All sectors with LULUCF,Emissions (N2O),kilotonnes,0,0,0,0,0,0,0,0,0,0,0,0,0,0,0,0,0,0,0,0,0
Mayotte,All sectors with LULUCF,Emissions (CO2),kilotonnes,64.1074,24.5241,24.5241,24.5241,24.5241,24.5241,24.5241,24.5241,24.5241,24.5241,24.5241,9.3714,9.3714,9.3714,9.3714,9.3714,13.297,13.297,13.297,13.297,13.297
Mayotte,All sectors with LULUCF,Emissions (CO2eq) from CH4 (AR5),kilotonnes,0,0,0,0,0,0,0,0,0,0,0,0,0,0,0,0,0,0,0,0,0
Mayotte,All sectors with LULUCF,Emissions (CO2eq) from N2O (AR5),kilotonnes,0,0,0,0,0,0,0,0,0,0,0,0,0,0,0,0,0,0,0,0,0
Mayotte,All sectors with LULUCF,Emissions (CO2eq) (AR5),kilotonnes,64.1074,24.5241,24.5241,24.5241,24.5241,24.5241,24.5241,24.5241,24.5241,24.5241,24.5241,9.3714,9.3714,9.3714,9.3714,9.3714,13.297,13.297,13.297,13.297,13.297
Mayotte,All sectors without LULUCF,Emissions (CH4),kilotonnes,0,0,0,0,0,0,0,0,0,0,0,0,0,0,0,0,0,0,0,0,0
Mayotte,All sectors without LULUCF,Emissions (N2O),kilotonnes,0,0,0,0,0,0,0,0,0,0,0,0,0,0,0,0,0,0,0,0,0
Mayotte,All sectors without LULUCF,Emissions (CO2eq) from CH4 (AR5),kilotonnes,0,0,0,0,0,0,0,0,0,0,0,0,0,0,0,0,0,0,0,0,0
Mayotte,All sectors without LULUCF,Emissions (CO2eq) from N2O (AR5),kilotonnes,0,0,0,0,0,0,0,0,0,0,0,0,0,0,0,0,0,0,0,0,0
Mayotte,All sectors without LULUCF,Emissions (CO2eq) (AR5),kilotonnes,0,0,0,0,0,0,0,0,0,0,0,0,0,0,0,0,0,0,0,0,0
Mexico,Crop Residues,Direct emissions (N2O),kilotonnes,4.7108,5.1427,4.8599,5.1904,5.2056,4.7031,5.2212,5.4461,5.7327,5.0061,5.5506,4.5602,5.377,5.3453,5.8325,5.5479,6.0581,5.8889,5.6177,5.5319,5.6405
Mexico,Crop Residues,Indirect emissions (N2O),kilotonnes,1.0599,1.1571,1.0935,1.1678,1.1713,1.0582,1.1748,1.2254,1.2899,1.1264,1.2489,1.0261,1.2098,1.2027,1.3123,1.2483,1.3631,1.325,1.264,1.2447,1.2691
Mexico,Crop Residues,Emissions (N2O),kilotonnes,5.7708,6.2998,5.9534,6.3583,6.3768,5.7613,6.3959,6.6714,7.0226,6.1325,6.7995,5.5863,6.5869,6.548,7.1448,6.7961,7.4212,7.2139,6.8817,6.7765,6.9097
Mexico,Crop Residues,Emissions (CO2eq) from N2O (AR5),kilotonnes,1529.258,1669.4591,1577.6529,1684.9449,1689.8567,1526.739,1694.9184,1767.9329,1860.9937,1625.1182,1801.8772,1480.3686,1745.5239,1735.2158,1893.3705,1800.9713,1966.6059,1911.6958,1823.6508,1795.7837,1831.0614
Mexico,Crop Residues,Emissions (CO2eq) (AR5),kilotonnes,1529.258,1669.4591,1577.6529,1684.9449,1689.8567,1526.739,1694.9184,1767.9329,1860.9937,1625.1182,1801.8772,1480.3686,1745.5239,1735.2158,1893.3705,1800.9713,1966.6059,1911.6958,1823.6508,1795.7837,1831.0614
Mexico,Rice Cultivation,Emissions (CH4),kilotonnes,9.6511,6.111,5.7925,6.888,7.1635,6.5986,8.09,8.1449,5.7728,6.2256,4.7927,3.9074,3.6501,3.8041,4.6657,4.6652,4.7541,4.7711,5.1832,4.4219,5.4591
Mexico,Rice Cultivation,Emissions (CO2eq) from CH4 (AR5),kilotonnes,270.2314,171.1089,162.189,192.864,200.5786,184.7605,226.5188,228.0585,161.6393,174.3169,134.1948,109.4085,102.2018,106.5156,130.6396,130.6268,133.1147,133.5905,145.1302,123.8123,152.8544
Mexico,Rice Cultivation,Emissions (CO2eq) (AR5),kilotonnes,270.2314,171.1089,162.189,192.864,200.5786,184.7605,226.5188,228.0585,161.6393,174.3169,134.1948,109.4085,102.2018,106.5156,130.6396,130.6268,133.1147,133.5905,145.1302,123.8123,152.8544
Mexico,Burning - Crop residues,Emissions (CH4),kilotonnes,21.2285,23.0052,21.093,22.1795,22.5521,19.7813,21.6919,21.8639,22.0097,19.0245,21.33,18.4051,20.657,21.2662,21.2233,21.4465,22.7288,21.9157,21.2619,20.1518,21.363
Mexico,Burning - Crop residues,Emissions (CH4),kilotonnes,28.7314,31.35,30.359,32.2629,33.0338,31.55,,35.7848,37.3533,32.4543,35.6319,30.7576,35.9605,37.391,,,,,,,
Mexico,Burning - Crop residues,Emissions (N2O),kilotonnes,0.5504,0.5964,0.5469,0.575,0.5847,0.5128,0.5624,0.5668,0.5706,0.4932,0.553,0.4772,0.5356,0.5513,0.5502,0.556,0.5893,0.5682,0.5512,0.5225,0.5539
Mexico,Burning - Crop residues,Emissions (N2O),kilotonnes,0.7955,0.8825,0.8665,0.9211,0.945,0.871,,0.9953,1.0397,0.8918,1.0002,0.8508,1.0347,1.0683,,,,,,,
Mexico,Burning - Crop residues,Emissions (CO2eq) from CH4 (AR5),kilotonnes,594.3981,644.1466,590.6052,621.0267,631.4597,553.8751,607.3743,612.1904,616.2706,532.6864,597.2392,515.3415,578.397,595.4538,594.2511,600.5015,636.4061,613.6391,595.3327,564.2512,598.1626
Mexico,Burning - Crop residues,Emissions (CO2eq) from CH4 (AR5),kilotonnes,804.4792,877.8,850.052,903.3612,924.9464,883.4,,1001.9744,1045.8924,908.7204,997.6932,861.2128,1006.894,1046.948,,,,,,,
Mexico,Burning - Crop residues,Emissions (CO2eq) from N2O (AR5),kilotonnes,145.8477,158.0545,144.917,152.3815,154.9415,135.9045,149.0317,150.2134,151.2146,130.7055,146.5448,126.4495,141.9215,146.1067,145.8116,147.3453,156.1552,150.5688,146.077,138.4505,146.7714
Mexico,Burning - Crop residues,Emissions (CO2eq) from N2O (AR5),kilotonnes,210.8075,233.8625,229.6225,244.0915,250.425,230.815,,263.7545,275.5205,236.327,265.053,225.462,274.1955,283.0995,,,,,,,
Mexico,Burning - Crop residues,Emissions (CO2eq) (AR5),kilotonnes,740.2458,802.201,735.5223,773.4082,786.4013,689.7796,756.4059,762.4038,767.4852,663.3919,743.784,641.791,720.3185,741.5605,740.0627,747.8468,792.5613,764.2079,741.4097,702.7018,744.934
Mexico,Burning - Crop residues,Emissions (CO2eq) (AR5),kilotonnes,1015.2867,1111.6625,1079.6745,1147.4527,1175.3714,1114.215,,1265.7289,1321.4129,1145.0474,1262.7462,1086.6748,1281.0895,1330.0475,,,,,,,
Mexico,Enteric Fermentation,Emissions (CH4),kilotonnes,2009.4631,2016.6068,2064.5623,2069.1671,2058.5546,2044.2706,2055.6285,2071.8367,2094.566,2126.7339,2146.6728,2164.0099,2107.8535,2135.1719,2165.9802,2199.2667,2216.3502,2245.5279,2275.9537,2300.1077,2324.5929
Mexico,Enteric Fermentation,Emissions (CH4),kilotonnes,1741.4376,1706.6552,1788.57,1789.4524,1780.0124,1763.5514,1771.1395,1785.0329,1803.7648,1829.5467,1845.4376,1858.3214,1806.9552,1828.8619,,,,,,,
Mexico,Enteric Fermentation,Emissions (CO2eq) from CH4 (AR5),kilotonnes,56264.9665,56464.9899,57807.7435,57936.6793,57639.5277,57239.578,57557.5968,58011.4289,58647.8482,59548.5484,60106.8384,60592.2763,59019.8984,59784.8122,60647.4459,61579.4679,62057.8066,62874.7818,63726.7047,64403.0153,65088.6017
Mexico,Enteric Fermentation,Emissions (CO2eq) from CH4 (AR5),kilotonnes,48760.2528,47786.3456,50079.96,50104.6672,49840.3472,49379.4392,49591.906,49980.9212,50505.4144,51227.3076,51672.2528,52032.9992,50594.7456,51208.1332,,,,,,,
Mexico,Enteric Fermentation,Emissions (CO2eq) (AR5),kilotonnes,56264.9665,56464.9899,57807.7435,57936.6793,57639.5277,57239.578,57557.5968,58011.4289,58647.8482,59548.5484,60106.8384,60592.2763,59019.8984,59784.8122,60647.4459,61579.4679,62057.8066,62874.7818,63726.7047,64403.0153,65088.6017
Mexico,Enteric Fermentation,Emissions (CO2eq) (AR5),kilotonnes,48760.2528,47786.3456,50079.96,50104.6672,49840.3472,49379.4392,49591.906,49980.9212,50505.4144,51227.3076,51672.2528,52032.9992,50594.7456,51208.1332,,,,,,,
Mexico,Manure Management,Emissions (CH4),kilotonnes,72.0258,72.5223,73.4985,73.3422,74.0434,74.3516,75.1262,75.5967,76.1604,76.8675,77.5022,78.0067,77.4443,78.4124,78.9165,79.9457,80.8691,82.0464,83.4372,84.6368,85.7059
Mexico,Manure Management,Emissions (CH4),kilotonnes,73.7843,73.7876,74.0757,73.5705,74.5081,74.329,74.7038,74.4695,74.6076,75.0248,75.5176,76.0133,75.801,76.6581,,,,,,,
Mexico,Manure Management,Emissions (N2O),kilotonnes,5.3466,5.367,5.3516,5.2292,5.4209,5.4691,5.5396,5.5567,5.5658,5.5841,5.6435,5.6827,5.7782,5.8904,5.8717,5.9647,6.0853,6.2441,6.4456,6.6184,6.7588
Mexico,Manure Management,Emissions (N2O),kilotonnes,7.5428,7.8066,7.9629,7.9399,8.184,8.1229,8.2777,8.5378,8.6754,8.694,8.7987,8.83,8.8915,43.7324,,,,,,,
Mexico,Manure Management,Emissions (CO2eq) from CH4 (AR5),kilotonnes,2016.723,2030.6234,2057.9581,2053.5811,2073.2149,2081.846,2103.5323,2116.7073,2132.4914,2152.2887,2170.0613,2184.1866,2168.4409,2195.5459,2209.6615,2238.4809,2264.3357,2297.2981,2336.2429,2369.8316,2399.7644
Mexico,Manure Management,Emissions (CO2eq) from CH4 (AR5),kilotonnes,2065.9604,2066.0528,2074.1196,2059.974,2086.2268,2081.212,2091.7064,2085.146,2089.0128,2100.6944,2114.4928,2128.3724,2122.428,2146.4268,,,,,,,
Mexico,Manure Management,Emissions (CO2eq) from N2O (AR5),kilotonnes,1416.8492,1422.255,1418.1696,1385.7342,1436.5365,1449.3066,1467.9996,1472.536,1474.9451,1479.7947,1495.5183,1505.9162,1531.2286,1560.9535,1556.004,1580.6368,1612.6062,1654.6882,1708.0817,1753.8752,1791.0923
Mexico,Manure Management,Emissions (CO2eq) from N2O (AR5),kilotonnes,1998.842,2068.749,2110.1685,2104.0735,2168.76,2152.5685,2193.5905,2262.517,2298.981,2303.91,2331.6555,2339.95,2356.2475,11589.086,,,,,,,
Mexico,Manure Management,Emissions (CO2eq) (AR5),kilotonnes,3433.5722,3452.8785,3476.1277,3439.3153,3509.7513,3531.1525,3571.5319,3589.2434,3607.4365,3632.0834,3665.5796,3690.1028,3699.6695,3756.4994,3765.6655,3819.1177,3876.9419,3951.9864,4044.3246,4123.7068,4190.8567
Mexico,Manure Management,Emissions (CO2eq) (AR5),kilotonnes,4064.8024,4134.8018,4184.2881,4164.0475,4254.9868,4233.7805,4285.2969,4347.663,4387.9938,4404.6044,4446.1483,4468.3224,4478.6755,13735.5128,,,,,,,
Mexico,Manure left on Pasture,Direct emissions (N2O),kilotonnes,48.6804,48.9439,50.1092,50.2976,50.1007,49.9485,50.3546,50.6916,51.2499,52.0041,52.456,52.8626,51.6108,52.2406,52.9416,53.7166,54.1558,54.8174,55.5153,56.0875,56.6613
Mexico,Manure left on Pasture,Indirect emissions (N2O),kilotonnes,12.3145,12.3765,12.6555,12.7054,12.6671,12.6406,12.7364,12.822,12.9552,13.1278,13.228,13.3195,13.0499,13.1835,13.3368,13.5101,13.6096,13.7536,13.8945,14.0198,14.145
Mexico,Manure left on Pasture,Emissions (N2O),kilotonnes,60.9949,61.3204,62.7647,63.003,62.7679,62.5891,63.091,63.5135,64.2051,65.1318,65.684,66.1821,64.6607,65.4241,66.2784,67.2267,67.7654,68.5711,69.4099,70.1073,70.8063
Mexico,Manure left on Pasture,Emissions (CO2eq) from N2O (AR5),kilotonnes,16163.6408,16249.8976,16632.6359,16695.7879,16633.4817,16586.1111,16719.1037,16831.0891,17014.3474,17259.9299,17406.2692,17538.2481,17135.0857,17337.3932,17563.7693,17815.0757,17957.8246,18171.3367,18393.6145,18578.4375,18763.6668
Mexico,Manure left on Pasture,Emissions (CO2eq) (AR5),kilotonnes,16163.6408,16249.8976,16632.6359,16695.7879,16633.4817,16586.1111,16719.1037,16831.0891,17014.3474,17259.9299,17406.2692,17538.2481,17135.0857,17337.3932,17563.7693,17815.0757,17957.8246,18171.3367,18393.6145,18578.4375,18763.6668
Mexico,Manure applied to Soils,Direct emissions (N2O),kilotonnes,6.3183,6.4275,6.4641,6.3831,6.6057,6.6768,6.8106,6.8736,6.9214,6.9468,7.021,7.0647,7.1568,7.2691,7.2751,7.3819,7.5263,7.6732,7.8721,8.0529,8.2029
Mexico,Manure applied to Soils,Indirect emissions (N2O),kilotonnes,2.6853,2.7317,2.7472,2.7128,2.8074,2.8376,2.8945,2.9213,2.9416,2.9524,2.9839,3.0025,3.0416,3.0894,3.0919,3.1373,3.1987,3.2611,3.3457,3.4225,3.4862
Mexico,Manure applied to Soils,Emissions (N2O),kilotonnes,9.0036,9.1592,9.2113,9.096,9.4131,9.5144,9.705,9.7948,9.863,9.8992,10.0049,10.0672,10.1984,10.3584,10.367,10.5192,10.725,10.9343,11.2178,11.4754,11.6891
Mexico,Manure applied to Soils,Emissions (CO2eq) from N2O (AR5),kilotonnes,2385.9652,2427.1817,2440.9956,2410.4294,2494.4752,2521.3169,2571.8374,2595.6259,2613.6988,2623.2818,2651.3068,2667.8007,2702.5837,2744.9832,2747.2673,2787.5782,2842.1195,2897.5875,2972.7169,3040.973,3097.6189
Mexico,Manure applied to Soils,Emissions (CO2eq) (AR5),kilotonnes,2385.9652,2427.1817,2440.9956,2410.4294,2494.4752,2521.3169,2571.8374,2595.6259,2613.6988,2623.2818,2651.3068,2667.8007,2702.5837,2744.9832,2747.2673,2787.5782,2842.1195,2897.5875,2972.7169,3040.973,3097.6189
Mexico,Synthetic Fertilizers,Direct emissions (N2O),kilotonnes,21.0886,21.593,16.7805,17.0097,14.8112,19.1629,16.6189,17.9436,14.7632,16.3219,16.8874,21.4093,20.939,23.2058,22.287,17.446,23.4338,22.8798,20.9289,20.9289,22.2481
Mexico,Synthetic Fertilizers,Indirect emissions (N2O),kilotonnes,6.8538,7.0177,5.4537,5.5282,4.8136,6.2279,5.4011,5.8317,4.798,5.3046,5.4884,6.958,6.8052,7.5419,7.2433,5.67,7.616,7.4359,6.8019,6.8019,7.2306
Mexico,Synthetic Fertilizers,Emissions (N2O),kilotonnes,27.9424,28.6107,22.2342,22.5379,19.6248,25.3908,22.02,23.7752,19.5613,21.6266,22.3758,28.3674,27.7442,30.7477,29.5302,23.116,31.0497,30.3158,27.7308,27.7308,29.4788
Mexico,Synthetic Fertilizers,Emissions (CO2eq) from N2O (AR5),kilotonnes,7404.7246,7581.8421,5892.0597,5972.535,5200.5665,6728.5718,5835.2982,6300.433,5183.7321,5731.0417,5929.5898,7517.3532,7352.216,8148.1352,7825.5111,6125.7268,8228.1768,8033.6789,7348.6495,7348.6495,7811.8714
Mexico,Synthetic Fertilizers,Emissions (CO2eq) (AR5),kilotonnes,7404.7246,7581.8421,5892.0597,5972.535,5200.5665,6728.5718,5835.2982,6300.433,5183.7321,5731.0417,5929.5898,7517.3532,7352.216,8148.1352,7825.5111,6125.7268,8228.1768,8033.6789,7348.6495,7348.6495,7811.8714
Mexico,Drained organic soils,Emissions (CO2eq) (AR5),kilotonnes,0,0,0,0,0,0,0,0,0,0,0,0,0,0,0,0,0,0,0,0,0
Mexico,Drained organic soils (CO2),Emissions (CO2),kilotonnes,0,0,0,0,0,0,0,0,0,0,0,0,0,0,0,0,0,0,0,0,0
Mexico,Drained organic soils (CO2),Emissions (CO2eq) (AR5),kilotonnes,0,0,0,0,0,0,0,0,0,0,0,0,0,0,0,0,0,0,0,0,0
Mexico,Drained organic soils (N2O),Emissions (N2O),kilotonnes,0,0,0,0,0,0,0,0,0,0,0,0,0,0,0,0,0,0,0,0,0
Mexico,Drained organic soils (N2O),Emissions (CO2eq) from N2O (AR5),kilotonnes,0,0,0,0,0,0,0,0,0,0,0,0,0,0,0,0,0,0,0,0,0
Mexico,Drained organic soils (N2O),Emissions (CO2eq) (AR5),kilotonnes,0,0,0,0,0,0,0,0,0,0,0,0,0,0,0,0,0,0,0,0,0
Mexico,On-farm energy use,Emissions (CH4),kilotonnes,0.625,0.5875,0.8403,1.5149,1.5188,1.4694,1.7936,1.3999,1.6331,1.0785,2.0655,2.1587,0.8886,1.2452,0.7465,1.5971,0.8257,2.024,1.9342,2.1718,2.1718
Mexico,On-farm energy use,Emissions (N2O),kilotonnes,2.3759,2.3114,2.2464,2.4081,2.5496,2.6977,2.9137,3.0586,3.1662,3.2388,3.2155,3.3314,3.5463,3.3355,3.3329,3.6198,3.6897,3.7719,3.9435,4.0656,4.0656
Mexico,On-farm energy use,Emissions (CO2),kilotonnes,9260.8485,8788.3063,8840.3973,9368.7757,9778.6164,9878.6119,10110.1485,9869.8029,9902.3373,9400.6409,9679.4088,9973.8511,10109.1465,9740.35,9539.1042,10544.7763,10458.3308,11067.9209,11491.7532,11882.283,11882.283
Mexico,On-farm energy use,Emissions (CO2eq) from CH4 (AR5),kilotonnes,17.5004,16.4507,23.5284,42.4166,42.5271,41.1432,50.2207,39.1966,45.728,30.1994,57.8339,60.4428,24.8796,34.8653,20.901,44.7185,23.1188,56.673,54.1579,60.8093,60.8093
Mexico,On-farm energy use,Emissions (CO2eq) from N2O (AR5),kilotonnes,629.607,612.5088,595.2937,638.1467,675.6331,714.8841,772.1403,810.5201,839.0334,858.2938,852.1152,882.8338,939.7622,883.8983,883.2168,959.2556,977.7723,999.5616,1045.032,1077.395,1077.395
Mexico,On-farm energy use,Emissions (CO2eq) (AR5),kilotonnes,9907.9559,9417.2658,9459.2194,10049.3389,10496.7765,10634.6393,10932.5096,10719.5196,10787.0987,10289.134,10589.3579,10917.1276,11073.7882,10659.1135,10443.222,11548.7504,11459.2219,12124.1555,12590.9431,13020.4874,13020.4874
Mexico,Forestland,Emissions (CO2),kilotonnes,-3.3311,-81516.8873,-81516.8873,-81516.8873,-81516.8873,-81516.8873,-81516.8873,-81516.8873,-81516.8873,-81516.8873,-81516.8873,-392.3876,-392.3876,-392.3876,-392.3876,-392.3876,-373.6163,-373.6163,-373.6163,-373.6163,-373.6163
Mexico,Forestland,Emissions (CO2eq) (AR5),kilotonnes,-3.3311,-81516.8873,-81516.8873,-81516.8873,-81516.8873,-81516.8873,-81516.8873,-81516.8873,-81516.8873,-81516.8873,-81516.8873,-392.3876,-392.3876,-392.3876,-392.3876,-392.3876,-373.6163,-373.6163,-373.6163,-373.6163,-373.6163
Mexico,Net Forest conversion,Emissions (CO2),kilotonnes,22314.8361,14786.0785,14786.0785,14786.0785,14786.0785,14786.0785,14786.0785,14786.0785,14786.0785,14786.0785,14786.0785,14242.426,14242.426,14242.426,14242.426,14242.426,14821.3956,14821.3956,14821.3956,14821.3956,14821.3956
Mexico,Net Forest conversion,Emissions (CO2eq) (AR5),kilotonnes,22314.8361,14786.0785,14786.0785,14786.0785,14786.0785,14786.0785,14786.0785,14786.0785,14786.0785,14786.0785,14786.0785,14242.426,14242.426,14242.426,14242.426,14242.426,14821.3956,14821.3956,14821.3956,14821.3956,14821.3956
Mexico,Savanna fires,Emissions (CH4),kilotonnes,13.7839,10.2278,14.148,21.7535,7.4718,25.2432,12.1205,15.8599,15.4749,16.3291,8.7001,33.9938,14.6809,15.807,5.0616,7.7026,11.9752,20.1537,14.3452,19.0225,13.7608
Mexico,Savanna fires,Emissions (N2O),kilotonnes,1.2585,0.9338,1.2918,1.9862,0.6822,2.3048,1.1067,1.4481,1.4129,1.4909,0.7944,3.1038,1.3404,1.4432,0.4621,0.7033,1.0934,1.8401,1.3098,1.7368,1.2564
Mexico,Savanna fires,Emissions (CO2eq) from CH4 (AR5),kilotonnes,385.9503,286.3779,396.1433,609.0967,209.2112,706.8101,339.3741,444.0771,433.2967,457.2135,243.6018,951.826,411.0643,442.5955,141.726,215.6717,335.3066,564.3023,401.6667,532.6298,385.3037
Mexico,Savanna fires,Emissions (CO2eq) from N2O (AR5),kilotonnes,333.5115,247.4678,342.3195,526.339,180.7858,610.7761,293.2635,383.7406,374.4248,395.0921,210.5037,822.5018,355.2132,382.4602,122.4697,186.3685,289.7487,487.6308,347.0924,460.2616,332.9526
Mexico,Savanna fires,Emissions (CO2eq) (AR5),kilotonnes,719.4619,533.8457,738.4628,1135.4357,389.997,1317.5862,632.6375,827.8177,807.7215,852.3056,454.1055,1774.3279,766.2776,825.0557,264.1957,402.0402,625.0553,1051.9331,748.7591,992.8914,718.2563
Mexico,Fires in organic soils,Emissions (CH4),kilotonnes,0,0,0,0,0,0,0,0,0,0,0,0,0,0,0,0,0,0,0,0,0
Mexico,Fires in organic soils,Emissions (CO2),kilotonnes,0,0,0,0,0,0,0,0,0,0,0,0,0,0,0,0,0,0,0,0,0
Mexico,Fires in organic soils,Emissions (CO2eq) from CH4 (AR5),kilotonnes,0,0,0,0,0,0,0,0,0,0,0,0,0,0,0,0,0,0,0,0,0
Mexico,Fires in organic soils,Emissions (CO2eq) (AR5),kilotonnes,0,0,0,0,0,0,0,0,0,0,0,0,0,0,0,0,0,0,0,0,0
Mexico,Forest fires,Emissions (CH4),kilotonnes,152.1181,15.7189,33.6561,75.4457,10.8928,45.4662,35.3312,23.3127,33.2351,32.6892,16.3061,47.998,21.0198,48.0896,4.2546,23.4863,26.4312,40.5543,18.4819,51.3665,43.9872
Mexico,Forest fires,Emissions (N2O),kilotonnes,5.6091,1.4352,3.073,6.8885,0.9946,4.1513,3.2259,2.1286,3.0345,2.9847,1.4888,4.3824,1.9192,4.3908,0.3885,2.1444,2.4133,3.7028,1.6875,4.69,4.0162
Mexico,Forest fires,Emissions (CO2eq) from CH4 (AR5),kilotonnes,4259.3074,440.1283,942.3721,2112.4809,304.9995,1273.0549,989.2746,652.7568,930.583,915.2972,456.5711,1343.9443,588.5543,1346.5082,119.1278,657.6176,740.0733,1135.5193,517.4938,1438.2606,1231.6403
Mexico,Forest fires,Emissions (CO2eq) from N2O (AR5),kilotonnes,1486.4218,380.3283,814.3325,1825.459,263.5594,1100.0855,854.8623,564.067,804.1451,790.9362,394.537,1161.3432,508.5877,1163.5587,102.942,568.2674,639.5198,981.2368,447.1822,1242.8448,1064.2979
Mexico,Forest fires,Emissions (CO2eq) (AR5),kilotonnes,5745.7292,820.4566,1756.7046,3937.9399,568.5589,2373.1404,1844.1368,1216.8239,1734.7281,1706.2334,851.1082,2505.2875,1097.1419,2510.067,222.0698,1225.885,1379.5931,2116.7562,964.676,2681.1054,2295.9383
Mexico,Fires in humid tropical forests,Emissions (CH4),kilotonnes,66.7484,3.3155,17.7174,52.2727,4.3247,16.5351,19.4023,7.1337,12.0685,16.8964,4.5984,22.9607,2.9022,17.4385,2.3247,16.1473,10.1427,8.9388,2.583,13.1297,15.3413
Mexico,Fires in humid tropical forests,Emissions (N2O),kilotonnes,1.9632,0.3027,1.6177,4.7727,0.3949,1.5097,1.7715,0.6513,1.1019,1.5427,0.4199,2.0964,0.265,1.5922,0.2123,1.4743,0.9261,0.8161,0.2358,1.1988,1.4007
Mexico,Fires in humid tropical forests,Emissions (CO2eq) from CH4 (AR5),kilotonnes,1868.9551,92.8346,496.0879,1463.6367,121.0906,462.9835,543.2654,199.7448,337.9191,473.0983,128.7553,642.8998,81.2613,488.279,65.0924,452.1243,283.9943,250.2851,72.3247,367.6327,429.5573
Mexico,Fires in humid tropical forests,Emissions (CO2eq) from N2O (AR5),kilotonnes,520.2448,80.2212,428.6847,1264.773,104.6381,400.0781,469.4522,172.6056,292.0061,408.8186,111.2614,555.5493,70.2204,421.9368,56.2483,390.6944,245.4081,216.279,62.4979,317.6826,371.1935
Mexico,Fires in humid tropical forests,Emissions (CO2eq) (AR5),kilotonnes,2389.1999,173.0558,924.7726,2728.4098,225.7287,863.0617,1012.7176,372.3504,629.9252,881.9169,240.0166,1198.4491,151.4816,910.2158,121.3407,842.8187,529.4024,466.5641,134.8226,685.3153,800.7508
Mexico,Waste - agri-food systems,Emissions (CH4),kilotonnes,1554.2217,1580.5547,1596.3455,1611.5052,1611.5117,1604.963,1660.1741,1934.0851,2050.6163,2102.9268,1974.4222,2023.0769,2027.192,2027.6584,2053.811,2086.9393,2139.2988,2084.9671,2032.1715,1978.3461,1922.9625
Mexico,Waste - agri-food systems,Emissions (N2O),kilotonnes,2.9919,3.0966,3.1467,3.1738,3.2073,3.2481,3.3193,3.4865,3.5148,3.5205,3.5922,3.6003,3.6897,3.7816,3.9091,3.9392,4.0315,4.2277,4.4242,4.6149,4.8048
Mexico,Waste - agri-food systems,Emissions (CO2),kilotonnes,0,0,0,0,0,0,0,0,0,0,0,0,0,0,0,0,0,0,0,0,0
Mexico,Waste - agri-food systems,Emissions (CO2eq) from CH4 (AR5),kilotonnes,43518.2072,44255.5305,44697.6748,45122.1462,45122.3281,44938.9636,46484.8749,54154.3828,57417.2578,58881.9511,55283.8229,56646.1542,56761.3763,56774.4338,57506.7084,58434.2994,59900.3675,58379.0797,56900.8028,55393.6921,53842.9501
Mexico,Waste - agri-food systems,Emissions (CO2eq) from N2O (AR5),kilotonnes,792.8443,820.5911,833.8626,841.0641,849.9274,860.7352,879.6192,923.9292,931.4088,932.9419,951.9355,954.0866,977.772,1002.1356,1035.9099,1043.8885,1068.3604,1120.3349,1172.4023,1222.94,1273.2719
Mexico,Waste - agri-food systems,Emissions (CO2eq) (AR5),kilotonnes,44311.0515,45076.1216,45531.5375,45963.2103,45972.2555,45799.6988,47364.4941,55078.312,58348.6665,59814.893,56235.7584,57600.2408,57739.1484,57776.5694,58542.6183,59478.1879,60968.7279,59499.4146,58073.2051,56616.6321,55116.222
Mexico,Fertilizers Manufacturing,Emissions (N2O),kilotonnes,0.148,0.0997,0.0512,0.0018,0,0,0,0,0,0,0,0,0,0,0,0,0,0,0,0,0
Mexico,Fertilizers Manufacturing,Emissions (CO2),kilotonnes,0,25.1659,307.9197,268.7758,374.177,342.7893,282.5774,322.2771,364.8444,460.1741,433.126,889.1641,546.6298,2537.6777,2383.0854,1778.4204,2051.2212,1812.5733,808.0565,443.56,362.6403
Mexico,Fertilizers Manufacturing,Emissions (CO2eq) from N2O (AR5),kilotonnes,39.22,26.4205,13.568,0.477,0,0,0,0,0,0,0,0,0,0,0,0,0,0,0,0,0
Mexico,Fertilizers Manufacturing,Emissions (CO2eq) (AR5),kilotonnes,39.22,51.5864,321.4877,269.2528,374.177,342.7893,282.5774,322.2771,364.8444,460.1741,433.126,889.1641,546.6298,2537.6777,2383.0854,1778.4204,2051.2212,1812.5733,808.0565,443.56,362.6403
Mexico,On-farm electricity use,Emissions (CH4),kilotonnes,9.4808,8.9552,8.6588,8.8052,8.3612,9.68,9.68,9.3644,9.7304,11.1583,10.3195,13.167,12.9786,12.3378,12.033,12.0703,13.6014,13.8846,14.853,15.4169,15.4169
Mexico,On-farm electricity use,Emissions (N2O),kilotonnes,0.0506,0.0478,0.0462,0.047,0.0446,0.0517,0.0517,0.05,0.052,0.0596,0.0551,0.0704,0.0693,0.0659,0.0643,0.0645,0.0727,0.0742,0.0794,0.0824,0.0824
Mexico,On-farm electricity use,Emissions (CO2),kilotonnes,4419.6796,4189.0968,4029.4187,4189.612,3452.2893,4108.6377,3890.2511,3741.4311,3492.1344,4232.4027,3933.8756,4938.414,4904.4557,4919.0081,4797.4921,4812.3227,5422.7735,5535.6781,5921.7548,6146.6073,6146.6073
Mexico,On-farm electricity use,Emissions (CO2eq) from CH4 (AR5),kilotonnes,265.4624,250.7456,242.4464,246.5456,234.1136,271.04,271.04,262.2032,272.4512,312.4324,288.946,368.676,363.4008,345.4584,336.924,337.9684,380.8392,388.7688,415.884,431.6732,431.6732
Mexico,On-farm electricity use,Emissions (CO2eq) from N2O (AR5),kilotonnes,13.409,12.667,12.243,12.455,11.819,13.7005,13.7005,13.25,13.78,15.794,14.6015,18.656,18.3645,17.4635,17.0395,17.0925,19.2655,19.663,21.041,21.836,21.836
Mexico,On-farm electricity use,Emissions (CO2eq) (AR5),kilotonnes,4698.551,4452.5094,4284.1081,4448.6126,3698.2219,4393.3782,4174.9916,4016.8843,3778.3656,4560.6291,4237.4231,5325.746,5286.221,5281.93,5151.4556,5167.3836,5822.8782,5944.1099,6358.6798,6600.1165,6600.1165
Mexico,Food Processing,Emissions (CH4),kilotonnes,1.4769,1.4894,1.8394,1.9244,1.9797,2.0619,2.1648,2.2349,2.2319,2.1233,2.1391,2.0827,2.3519,2.3783,2.4451,2.5415,2.7814,2.8167,2.8611,2.8611,3.1961
Mexico,Food Processing,Emissions (N2O),kilotonnes,0.0302,0.0308,0.0311,0.0323,0.0329,0.0292,0.027,0.0274,0.0233,0.0208,0.0199,0.0183,0.0201,0.0203,0.0191,0.0188,0.0206,0.0205,0.0201,0.0201,0.0227
Mexico,Food Processing,Emissions (CO2),kilotonnes,4031.0071,4128.9706,4003.6979,4123.2914,4049.8845,3592.4458,3297.5928,3245.3838,2711.6558,2436.7235,2356.0365,2214.443,2444.3648,2790.119,2551.3929,2480.3941,2715.162,2764.17,2747.4784,2747.4784,2246.2492
Mexico,Food Processing,Emissions (CO2eq) from CH4 (AR5),kilotonnes,41.3532,41.7032,51.5032,53.8832,55.4316,57.7332,60.6144,62.5772,62.4932,59.4524,59.8948,58.3156,65.8532,66.5924,68.4628,71.162,77.8792,78.8676,80.1108,80.1108,89.49
Mexico,Food Processing,Emissions (CO2eq) from N2O (AR5),kilotonnes,8.003,8.162,8.2415,8.5595,8.7185,7.738,7.155,7.261,6.1745,5.512,5.2735,4.8495,5.3265,5.3795,5.0615,4.982,5.459,5.4325,5.3265,5.3265,6.0036
Mexico,Food Processing,Emissions (CO2eq) (AR5),kilotonnes,4080.3633,4178.8358,4063.4426,4185.7341,4114.0346,3657.917,3365.3622,3315.222,2780.3235,2501.6879,2421.2048,2277.6081,2515.5445,2862.0909,2624.9172,2556.5381,2798.5002,2848.4701,2832.9157,2832.9157,2341.7429
Mexico,Food Packaging,Emissions (CH4),kilotonnes,3.1106,3.0002,2.9704,3.0427,2.9795,3.0055,3.0275,3.9722,3.63,3.2168,3.0582,3.1923,3.2186,3.3394,3.2372,3.2489,3.446,3.3819,3.4031,3.5232,3.9357
Mexico,Food Packaging,Emissions (N2O),kilotonnes,0.0279,0.0258,0.024,0.0234,0.0229,0.0242,0.0234,0.0315,0.0283,0.0233,0.0219,0.0222,0.0227,0.0218,0.0211,0.0209,0.0226,0.0218,0.0212,0.0209,0.0236
Mexico,Food Packaging,Emissions (CO2),kilotonnes,3839.5705,3497.9513,3220.8548,3085.7994,2800.3112,3028.4191,2961.6605,3983.9389,3624.6895,2845.1009,2783.0834,2812.3674,2978.4655,2904.0791,2771.2591,2681.884,2878.7197,2715.336,2655.2591,2533.7153,2071.4835
Mexico,Food Packaging,Emissions (CO2eq) from CH4 (AR5),kilotonnes,87.0968,84.0056,83.1712,85.1956,83.426,84.154,84.77,111.2216,101.64,90.0704,85.6296,89.3844,90.1208,93.5032,90.6416,90.9692,96.488,94.6932,95.2868,98.6496,110.1993
Mexico,Food Packaging,Emissions (CO2eq) from N2O (AR5),kilotonnes,7.3935,6.837,6.36,6.201,6.0685,6.413,6.201,8.3475,7.4995,6.1745,5.8035,5.883,6.0155,5.777,5.5915,5.5385,5.989,5.777,5.618,5.5385,6.2425
Mexico,Food Packaging,Emissions (CO2eq) (AR5),kilotonnes,3934.0608,3588.7939,3310.386,3177.196,2889.8057,3118.9861,3052.6315,4103.508,3733.829,2941.3458,2874.5165,2907.6348,3074.6018,3003.3593,2867.4922,2778.3917,2981.1967,2815.8062,2756.1639,2637.9034,2187.9253
Mexico,Food Retail,Emissions (CH4),kilotonnes,3.9504,4.0795,4.1838,4.2573,4.3148,4.3691,4.3706,4.5394,4.6524,4.764,4.6516,4.8667,5.0088,5.1691,5.1556,5.3428,5.3898,5.3167,5.6864,5.7032,6.3709
Mexico,Food Retail,Emissions (N2O),kilotonnes,0.0228,0.0235,0.0241,0.024,0.0246,0.025,0.0251,0.0259,0.0266,0.0271,0.0266,0.0277,0.0285,0.0294,0.0293,0.0304,0.0303,0.0299,0.0319,0.0324,0.0365
Mexico,Food Retail,Emissions (CO2),kilotonnes,2768.1172,2853.8092,2911.3952,2642.6605,2641.0562,2697.9723,2684.2219,2678.7323,2525.5542,2624.657,2625.9537,2668.2338,2746.7968,2978.8009,2972.3403,3049.8381,3040.7682,3008.3606,3147.2356,3174.8776,2595.677
Mexico,Food Retail,Emissions (CO2eq) from F-gases (AR5),kilotonnes,703.9225,860.8115,1022.376,1242.644,1463.4315,1639.0225,1821.8865,2004.231,2030.7255,2044.2325,2052.025,2056.7005,2060.337,2062.9345,2062.9345,2062.9345,2230.2135,2273.8515,2316.97,2360.608,2466.6509
Mexico,Food Retail,Emissions (CO2eq) from CH4 (AR5),kilotonnes,110.6112,114.226,117.1464,119.2044,120.8144,122.3348,122.3768,127.1032,130.2672,133.392,130.2448,136.2676,140.2464,144.7348,144.3568,149.5984,150.9144,148.8676,159.2192,159.6896,178.3858
Mexico,Food Retail,Emissions (CO2eq) from N2O (AR5),kilotonnes,6.042,6.2275,6.3865,6.36,6.519,6.625,6.6515,6.8635,7.049,7.1815,7.049,7.3405,7.5525,7.791,7.7645,8.056,8.0295,7.9235,8.4535,8.586,9.6774
Mexico,Food Retail,Emissions (CO2eq) (AR5),kilotonnes,3588.6929,3835.0742,4057.3041,4010.8689,4231.8211,4465.9546,4635.1367,4816.93,4693.5959,4809.463,4815.2725,4868.5424,4954.9327,5194.2612,5187.3961,5270.427,5429.9256,5439.0032,5631.8783,5703.7612,5250.3911
Mexico,Food Household Consumption,Emissions (CH4),kilotonnes,21.4697,22.7161,23.1144,23.6172,24.0879,25.0868,25.0874,26.9622,27.8889,28.4783,28.5871,30.3318,30.489,30.6352,31.5283,32.7003,34.3772,34.4714,36.8327,36.8327,41.145
Mexico,Food Household Consumption,Emissions (N2O),kilotonnes,0.1268,0.1332,0.1354,0.1384,0.1405,0.1456,0.1457,0.1554,0.1603,0.1629,0.1638,0.173,0.1739,0.1741,0.1791,0.1853,0.1937,0.1937,0.2064,0.2064,0.2326
Mexico,Food Household Consumption,Emissions (CO2),kilotonnes,19806.1084,20162.8428,20346.9995,21164.6352,19580.7078,19898.2504,19349.9359,19880.6875,19185.8014,19567.7206,19862.5225,20212.9866,20465.8698,20546.6319,21004.5059,21313.4301,21677.1521,21610.0778,22583.8165,22583.8165,18463.7959
Mexico,Food Household Consumption,Emissions (CO2eq) from CH4 (AR5),kilotonnes,601.1516,636.0508,647.2032,661.2816,674.4612,702.4304,702.4472,754.9416,780.8892,797.3924,800.4388,849.2904,853.692,857.7856,882.7924,915.6084,962.5616,965.1992,1031.3156,1031.3156,1152.0604
Mexico,Food Household Consumption,Emissions (CO2eq) from N2O (AR5),kilotonnes,33.602,35.298,35.881,36.676,37.2325,38.584,38.6105,41.181,42.4795,43.1685,43.407,45.845,46.0835,46.1365,47.4615,49.1045,51.3305,51.3305,54.696,54.696,61.6489
Mexico,Food Household Consumption,Emissions (CO2eq) (AR5),kilotonnes,20440.862,20834.1916,21030.0837,21862.5928,20292.4015,20639.2648,20090.9936,20676.8101,20009.1701,20408.2815,20706.3683,21108.122,21365.6453,21450.554,21934.7598,22278.143,22691.0442,22626.6075,23669.8281,23669.8281,19677.5052
Mexico,Food Transport,Emissions (CH4),kilotonnes,2.3289,2.3019,2.2964,2.3194,2.2867,2.2884,2.1468,2.1241,2.1677,2.1291,2.1642,2.1783,2.144,2.2533,2.2434,2.2562,2.3791,2.3309,2.3307,2.1688,2.4227
Mexico,Food Transport,Emissions (N2O),kilotonnes,0.4517,0.4656,0.4854,0.5244,0.5694,0.613,0.6743,0.7206,0.7393,0.7307,0.7458,0.7517,0.748,0.7457,0.7384,0.7562,0.7799,0.7589,0.7562,0.8577,0.9667
Mexico,Food Transport,Emissions (CO2),kilotonnes,11533.232,11814.601,12089.3665,12761.8665,13432.901,14334.532,15125.948,15991.0135,16640.9795,16246.0635,16605.5635,16643.991,16732.0255,16515.9755,16636.2695,16553.4195,17123.0035,16638.9035,16638.203,18445.7933,15080.6824
Mexico,Food Transport,Emissions (CO2eq) from CH4 (AR5),kilotonnes,65.2092,64.4532,64.2992,64.9432,64.0276,64.0752,60.1104,59.4748,60.6956,59.6148,60.5976,60.9924,60.032,63.0924,62.8152,63.1736,66.6148,65.2652,65.2596,60.7264,67.8362
Mexico,Food Transport,Emissions (CO2eq) from N2O (AR5),kilotonnes,119.7005,123.384,128.631,138.966,150.891,162.445,178.6895,190.959,195.9145,193.6355,197.637,199.2005,198.22,197.6105,195.676,200.393,206.6735,201.1085,200.393,227.2905,256.1834
Mexico,Food Transport,Emissions (CO2eq) (AR5),kilotonnes,11718.1417,12002.4382,12282.2967,12965.7757,13647.8196,14561.0522,15364.7479,16241.4473,16897.5896,16499.3138,16863.7981,16904.1839,16990.2775,16776.6784,16894.7607,16816.9861,17396.2918,16905.2772,16903.8556,18733.8102,15404.7019
Mexico,Energy,Emissions (CH4),kilotonnes,1370,1350,1310,1400,1370,1400,1510,1570,1690,1590,1530,1540,1460,1450,1360,1280,1210,1120,1040,931,1040
Mexico,Energy,Emissions (N2O),kilotonnes,8.88,8.93,9.02,9.67,10.2,10.9,11.6,12.2,12.4,12.2,12.5,12.7,12.9,12.7,12.6,13.1,13.3,13.3,13.3,11.8,13.3
Mexico,Energy,Emissions (CO2),kilotonnes,403000,414000,412000,437000,433000,458000,473000,487000,536000,505000,476000,484000,487000,491000,487000,473000,483000,468000,460000,444000,363000
Mexico,Energy,Emissions (CO2eq) from CH4 (AR5),kilotonnes,38360,37800,36680,39200,38360,39200,42280,43960,47320,44520,42840,43120,40880,40600,38080,35840,33880,31360,29120,26068,29120
Mexico,Energy,Emissions (CO2eq) from N2O (AR5),kilotonnes,2353.2,2366.45,2390.3,2562.55,2703,2888.5,3074,3233,3286,3233,3312.5,3365.5,3418.5,3365.5,3339,3471.5,3524.5,3524.5,3524.5,3127,3524.5
Mexico,Energy,Emissions (CO2eq) (AR5),kilotonnes,443713.2,454166.45,451070.3,478762.55,474063,500088.5,518354,534193,586606,552753,522152.5,530485.5,531298.5,534965.5,528419,512311.5,520404.5,502884.5,492644.5,473195,395644.5
Mexico,IPPU,Emissions (CH4),kilotonnes,1.98,1.83,1.69,1.81,1.8,1.67,1.69,1.43,1.66,1.34,1.7,2,1.99,2,2.05,1.95,1.75,1.82,2.23,2.6,2.28
Mexico,IPPU,Emissions (N2O),kilotonnes,138,147,156,166,174,181,186,198,210,232,231,233,236,236,236,236,236,236,236,239,254
Mexico,IPPU,Emissions (CO2),kilotonnes,23000,21300,21800,21900,23000,24100,25400,26700,26600,25300,25100,25800,26700,25600,26400,26600,27700,28700,28100,25800,27900
Mexico,IPPU,Emissions (CO2eq) from F-gases (AR5),kilotonnes,4946.2308,4042.4991,5461.2608,7948.9525,10300.5986,15645.2488,20892.7235,21961.6536,24293.8646,27209.1283,43826.1317,32165.0767,32748.1294,34885.9895,38092.7796,38384.306,42854.3771,45089.4126,47421.6236,49753.8346,51988.8702
Mexico,IPPU,Emissions (CO2eq) from CH4 (AR5),kilotonnes,55.44,51.24,47.32,50.68,50.4,46.76,47.32,40.04,46.48,37.52,47.6,56,55.72,56,57.4,54.6,49,50.96,62.44,72.8,63.84
Mexico,IPPU,Emissions (CO2eq) from N2O (AR5),kilotonnes,36570,38955,41340,43990,46110,47965,49290,52470,55650,61480,61215,61745,62540,62540,62540,62540,62540,62540,62540,63335,67310
Mexico,IPPU,Emissions (CO2eq) (AR5),kilotonnes,64571.6708,64348.7391,68648.5808,73889.6325,79460.9986,87757.0088,95630.0435,101171.6936,106590.3446,114026.6483,130188.7317,119766.0767,122043.8494,123081.9895,127090.1796,127578.906,133143.3771,136380.3726,138124.0636,138961.6346,147262.7102
Mexico,Waste,Emissions (CH4),kilotonnes,1960,1980,2020,2050,2100,2130,2180,2170,2160,2180,2230,2290,2340,2380,2430,2470,2510,2560,2590,2620,2650
Mexico,Waste,Emissions (N2O),kilotonnes,5.58,5.65,5.72,5.82,5.89,5.98,6.09,6.21,6.34,6.39,6.48,6.5,6.6,6.75,7,7.25,7.51,7.67,7.76,8.45,8.1
Mexico,Waste,Emissions (CO2),kilotonnes,36.4,38.4,46.9,62.9,64.2,80.2,81.3,81.5,139,150,169,173,175,432,440,447,455,462,470,508,575
Mexico,Waste,Emissions (CO2eq) from CH4 (AR5),kilotonnes,54880,55440,56560,57400,58800,59640,61040,60760,60480,61040,62440,64120,65520,66640,68040,69160,70280,71680,72520,73360,74200
Mexico,Waste,Emissions (CO2eq) from N2O (AR5),kilotonnes,1478.7,1497.25,1515.8,1542.3,1560.85,1584.7,1613.85,1645.65,1680.1,1693.35,1717.2,1722.5,1749,1788.75,1855,1921.25,1990.15,2032.55,2056.4,2239.25,2146.5
Mexico,Waste,Emissions (CO2eq) (AR5),kilotonnes,56395.1,56975.65,58122.7,59005.2,60425.05,61304.9,62735.15,62487.15,62299.1,62883.35,64326.2,66015.5,67444,68860.75,70335,71528.25,72725.15,74174.55,75046.4,76107.25,76921.5
Mexico,Other,Emissions (N2O),kilotonnes,9.34,9.15,9.09,9.6,9.79,10.3,10.4,10.4,10.6,10.1,10.5,10.9,10.8,10.8,10.6,10.5,10.6,10.8,10.8,10.9,10.9
Mexico,Other,Emissions (CO2eq) from N2O (AR5),kilotonnes,2475.1,2424.75,2408.85,2544,2594.35,2729.5,2756,2756,2809,2676.5,2782.5,2888.5,2862,2862,2809,2782.5,2809,2862,2862,2888.5,2888.5
Mexico,Other,Emissions (CO2eq) (AR5),kilotonnes,2475.1,2424.75,2408.85,2544,2594.35,2729.5,2756,2756,2809,2676.5,2782.5,2888.5,2862,2862,2809,2782.5,2809,2862,2862,2888.5,2888.5
Mexico,Farm-gate emissions,Emissions (CH4),kilotonnes,2126.7775,2129.0606,2179.9346,2194.8452,2171.3043,2171.7147,2174.4506,2194.7021,2215.6169,2246.259,2261.0632,2300.4815,2225.1744,2255.7067,2276.5938,2314.6238,2337.5032,2376.4387,2402.1155,2430.5125,2453.0534
Mexico,Farm-gate emissions,Direct emissions (N2O),kilotonnes,80.7981,82.1071,78.2137,78.8809,76.7231,80.4912,79.0051,80.9548,78.6672,80.2789,81.9151,85.8968,85.0836,88.0608,88.3362,84.0923,91.1739,91.2594,89.934,90.6011,92.7528
Mexico,Farm-gate emissions,Indirect emissions (N2O),kilotonnes,22.9135,23.283,21.9498,22.1142,21.4594,22.7644,22.2068,22.8003,21.9847,22.5112,22.9492,24.3061,24.1066,25.0174,24.9843,23.5656,25.7873,25.7757,25.3061,25.4889,26.131
Mexico,Farm-gate emissions,Emissions (N2O),kilotonnes,113.243,114.5987,109.6002,111.1936,107.4199,114.24,111.3343,114.3852,111.3675,113.5972,115.0707,122.798,120.3907,124.2987,123.5374,118.5017,128.4189,129.4594,127.4902,129.0333,131.5186
Mexico,Farm-gate emissions,Emissions (CO2),kilotonnes,9260.8485,8788.3063,8840.3973,9368.7757,9778.6164,9878.6119,10110.1485,9869.8029,9902.3373,9400.6409,9679.4088,9973.8511,10109.1465,9740.35,9539.1042,10544.7763,10458.3308,11067.9209,11491.7532,11882.283,11882.283
Mexico,Farm-gate emissions,Emissions (CO2eq) from CH4 (AR5),kilotonnes,59549.7697,59613.6974,61038.1675,61455.6644,60796.5192,60808.0129,60884.6169,61451.6588,62037.2742,62895.2533,63309.7692,64413.4817,62304.882,63159.7882,63744.6252,64809.4672,65450.0885,66540.2848,67259.2351,68054.3496,68685.4962
Mexico,Farm-gate emissions,Emissions (CO2eq) from N2O (AR5),kilotonnes,30009.404,30368.6667,29044.0439,29466.2988,28466.2771,30273.6101,29503.5928,30312.091,29512.39,30103.2577,30493.7251,32541.472,31903.5349,32939.1461,32737.4203,31402.9582,34031.0092,34306.7484,33784.9148,34193.8261,34852.4299
Mexico,Farm-gate emissions,Emissions (CO2eq) (AR5),kilotonnes,98820.0223,98770.6705,98922.6087,100290.7388,99041.4127,100960.235,100498.3581,101633.5528,101452.0014,102399.1519,103482.9031,106928.8048,104317.5633,105839.2843,106021.1497,106757.2016,109939.4285,111914.9541,112535.903,114130.4586,115420.2091
Mexico,Land Use change,Emissions (CH4),kilotonnes,66.7484,3.3155,17.7174,52.2727,4.3247,16.5351,19.4023,7.1337,12.0685,16.8964,4.5984,22.9607,2.9022,17.4385,2.3247,16.1473,10.1427,8.9388,2.583,13.1297,15.3413
Mexico,Land Use change,Emissions (N2O),kilotonnes,1.9632,0.3027,1.6177,4.7727,0.3949,1.5097,1.7715,0.6513,1.1019,1.5427,0.4199,2.0964,0.265,1.5922,0.2123,1.4743,0.9261,0.8161,0.2358,1.1988,1.4007
Mexico,Land Use change,Emissions (CO2),kilotonnes,22314.8361,14786.0785,14786.0785,14786.0785,14786.0785,14786.0785,14786.0785,14786.0785,14786.0785,14786.0785,14786.0785,14242.426,14242.426,14242.426,14242.426,14242.426,14821.3956,14821.3956,14821.3956,14821.3956,14821.3956
Mexico,Land Use change,Emissions (CO2eq) from CH4 (AR5),kilotonnes,1868.9551,92.8346,496.0879,1463.6367,121.0906,462.9835,543.2654,199.7448,337.9191,473.0983,128.7553,642.8998,81.2613,488.279,65.0924,452.1243,283.9943,250.2851,72.3247,367.6327,429.5573
Mexico,Land Use change,Emissions (CO2eq) from N2O (AR5),kilotonnes,520.2448,80.2212,428.6847,1264.773,104.6381,400.0781,469.4522,172.6056,292.0061,408.8186,111.2614,555.5493,70.2204,421.9368,56.2483,390.6944,245.4081,216.279,62.4979,317.6826,371.1935
Mexico,Land Use change,Emissions (CO2eq) (AR5),kilotonnes,24704.036,14959.1344,15710.8511,17514.4883,15011.8072,15649.1402,15798.7962,15158.4289,15416.0037,15667.9954,15026.0952,15440.8751,14393.9076,15152.6418,14363.7667,15085.2447,15350.798,15287.9597,14956.2182,15506.7109,15622.1464
Mexico,Emissions on agricultural land,Emissions (CH4),kilotonnes,2193.5259,2132.3761,2197.652,2247.1179,2175.6289,2188.2499,2193.8529,2201.8358,2227.6855,2263.1554,2265.6616,2323.4422,2228.0765,2273.1453,2278.9185,2330.7711,2347.6458,2385.3775,2404.6986,2443.6422,2468.3948
Mexico,Emissions on agricultural land,Emissions (N2O),kilotonnes,115.2062,114.9015,111.2178,115.9663,107.8148,115.7498,113.1058,115.0366,112.4694,115.1399,115.4905,124.8944,120.6557,125.8909,123.7497,119.976,129.345,130.2756,127.7261,130.2321,132.9193
Mexico,Emissions on agricultural land,Emissions (CO2),kilotonnes,31575.6846,23574.3849,23626.4758,24154.8542,24564.6949,24664.6905,24896.227,24655.8814,24688.4158,24186.7194,24465.4873,24216.2771,24351.5725,23982.776,23781.5302,24787.2023,25279.7264,25889.3165,26313.1488,26703.6786,26703.6786
Mexico,Emissions on agricultural land,Emissions (CO2eq) from CH4 (AR5),kilotonnes,61418.7248,59706.532,61534.2554,62919.3011,60917.6099,61270.9965,61427.8823,61651.4037,62375.1932,63368.3516,63438.5245,65056.3815,62386.1433,63648.0672,63809.7175,65261.5915,65734.0828,66790.5699,67331.5597,68421.9823,69115.0534
Mexico,Emissions on agricultural land,Emissions (CO2eq) from N2O (AR5),kilotonnes,30529.6489,30448.888,29472.7286,30731.0718,28570.9152,30673.6883,29973.045,30484.6966,29804.3961,30512.0763,30604.9865,33097.0212,31973.7552,33361.0828,32793.6686,31793.6526,34276.4173,34523.0274,33847.4127,34511.5087,35223.6234
Mexico,Emissions on agricultural land,Emissions (CO2eq) (AR5),kilotonnes,123524.0583,113729.8048,114633.4598,117805.2271,114053.22,116609.3752,116297.1543,116791.9817,116868.0052,118067.1473,118508.9983,122369.6799,118711.471,120991.9261,120384.9163,121842.4463,125290.2265,127202.9137,127492.1212,129637.1695,131042.3554
Mexico,Pre- and post- production,Emissions (CH4),kilotonnes,1596.039,1623.097,1639.4087,1655.4714,1655.5215,1651.4547,1706.6512,1983.2823,2100.9176,2154.7966,2025.3419,2078.8957,2083.3829,2083.7715,2110.4536,2145.0993,2201.2737,2147.1693,2098.1385,2044.852,1995.4498
Mexico,Pre- and post- production,Emissions (N2O),kilotonnes,3.8499,3.923,3.9441,3.9651,4.0422,4.1368,4.2665,4.4973,4.5446,4.5449,4.6253,4.6636,4.7522,4.8388,4.9604,5.0153,5.1513,5.3267,5.5394,5.8348,6.1693
Mexico,Pre- and post- production,Emissions (CO2),kilotonnes,46397.7148,46672.4376,46909.6523,48236.6408,46331.327,48003.0466,47592.1876,49843.4642,48545.6592,48412.8423,48600.1612,50379.5999,50818.6079,53192.2922,53116.3452,52669.7089,54908.8002,54085.0993,54501.8039,56075.8484,46967.1355
Mexico,Pre- and post- production,Emissions (CO2eq) from F-gases (AR5),kilotonnes,703.9225,860.8115,1022.376,1242.644,1463.4315,1639.0225,1821.8865,2004.231,2030.7255,2044.2325,2052.025,2056.7005,2060.337,2062.9345,2062.9345,2062.9345,2230.2135,2273.8515,2316.97,2360.608,2466.6509
Mexico,Pre- and post- production,Emissions (CO2eq) from CH4 (AR5),kilotonnes,44689.0916,45446.7149,45903.4444,46353.1998,46354.6025,46240.7312,47786.2337,55531.9044,58825.6942,60334.3055,56709.5745,58209.0806,58334.7215,58345.6006,59092.7012,60062.7794,61635.6647,60120.7413,58747.8788,57255.8573,55872.595
Mexico,Pre- and post- production,Emissions (CO2eq) from N2O (AR5),kilotonnes,1020.2143,1039.5871,1045.1736,1050.7586,1071.1759,1096.2407,1130.6272,1191.7912,1204.3058,1204.4079,1225.707,1235.8611,1259.3345,1282.2936,1314.5044,1329.055,1365.1074,1411.5699,1467.9303,1546.2135,1634.8638
Mexico,Pre- and post- production,Emissions (CO2eq) (AR5),kilotonnes,92810.9432,94019.5511,94880.6464,96883.2432,95220.5369,96979.041,98330.935,108571.3908,110606.3846,111995.7882,108587.4677,111881.2421,112473.001,114883.1209,115586.4853,116124.4778,120139.7858,117891.262,117034.583,117238.5272,106941.2452
Mexico,Agri-food systems,Emissions (CH4),kilotonnes,3789.5649,3755.4731,3837.0607,3902.5893,3831.1504,3839.7046,3900.5041,4185.1181,4328.6031,4417.952,4291.0035,4402.3379,4311.4595,4356.9167,4389.3721,4475.8704,4548.9196,4532.5468,4502.8371,4488.4943,4463.8446
Mexico,Agri-food systems,Emissions (N2O),kilotonnes,119.0561,118.8244,115.1619,119.9314,111.8569,119.8865,117.3723,119.5339,117.014,119.6848,120.1158,129.558,125.4079,130.7297,128.7101,124.9913,134.4963,135.6023,133.2654,136.0669,139.0886
Mexico,Agri-food systems,Emissions (CO2),kilotonnes,77973.3994,70246.8225,70536.1281,72391.495,70896.0219,72667.7371,72488.4146,74499.3456,73234.075,72599.5617,73065.6485,74595.877,75170.1804,77175.0682,76897.8754,77456.9112,80188.5266,79974.4158,80814.9527,82779.527,73670.8141
Mexico,Agri-food systems,Emissions (CO2eq) from F-gases (AR5),kilotonnes,703.9225,860.8115,1022.376,1242.644,1463.4315,1639.0225,1821.8865,2004.231,2030.7255,2044.2325,2052.025,2056.7005,2060.337,2062.9345,2062.9345,2062.9345,2230.2135,2273.8515,2316.97,2360.608,2466.6509
Mexico,Agri-food systems,Emissions (CO2eq) from CH4 (AR5),kilotonnes,106107.8164,105153.2469,107437.6998,109272.501,107272.2123,107511.7277,109214.116,117183.3081,121200.8874,123702.657,120148.099,123265.4621,120720.8648,121993.6679,122902.4188,125324.3708,127369.7475,126911.3111,126079.4386,125677.8396,124987.6484
Mexico,Agri-food systems,Emissions (CO2eq) from N2O (AR5),kilotonnes,31549.8632,31488.475,30517.9022,31781.8304,29642.0911,31769.9289,31103.6722,31676.4878,31008.7019,31716.4842,31830.6935,34332.8824,33233.0897,34643.3764,34108.173,33122.7076,35641.5247,35934.5973,35315.343,36057.7222,36858.4872
Mexico,Agri-food systems,Emissions (CO2eq) (AR5),kilotonnes,216335.0015,207749.356,209514.1061,214688.4703,209273.7568,213588.4161,214628.0893,225363.3725,227474.3898,230062.9355,227096.466,234250.922,231184.4719,235875.047,235971.4016,237966.9241,245430.0123,245094.1757,244526.7043,246875.6968,237983.6006
Mexico,IPCC Agriculture,Emissions (CH4),kilotonnes,2126.1525,2128.4731,2179.0943,2193.3303,2169.7854,2170.2453,2172.657,2193.3022,2213.9838,2245.1805,2258.9977,2298.3228,2224.2858,2254.4615,2275.8473,2313.0267,2336.6775,2374.4147,2400.1813,2428.3407,2450.8817
Mexico,IPCC Agriculture,Emissions (CH4),kilotonnes,1864.9343,1825.9376,1906.339,1910.7138,1903.719,1885.0186,1898.1105,1912.9643,1928.2829,1951.7214,1968.8052,1974.1767,1926.8414,1950.6652,,,,,,,
Mexico,IPCC Agriculture,Direct emissions (N2O),kilotonnes,80.7981,82.1071,78.2137,78.8809,76.7231,80.4912,79.0051,80.9548,78.6672,80.2789,81.9151,85.8968,85.0836,88.0608,88.3362,84.0923,91.1739,91.2594,89.934,90.6011,92.7528
Mexico,IPCC Agriculture,Indirect emissions (N2O),kilotonnes,22.9135,23.283,21.9498,22.1142,21.4594,22.7644,22.2068,22.8003,21.9847,22.5112,22.9492,24.3061,24.1066,25.0174,24.9843,23.5656,25.7873,25.7757,25.3061,25.4889,26.131
Mexico,IPCC Agriculture,Emissions (N2O),kilotonnes,110.8672,112.2874,107.3538,108.7855,104.8704,111.5424,108.4206,111.3267,108.2013,110.3584,111.8551,119.4666,116.8444,120.9632,120.2045,114.8819,124.7292,125.6875,123.5467,124.9677,127.453
Mexico,IPCC Agriculture,Emissions (N2O),kilotonnes,92.0485,92.5237,89.1204,90.1339,90.4616,88.6593,88.9321,92.755,89.8024,90.694,93.2757,92.0752,94.2236,94.9843,,,,,,,
Mexico,IPCC Agriculture,Emissions (CO2eq) from CH4 (AR5),kilotonnes,59532.2693,59597.2467,61014.6391,61413.2478,60753.9922,60766.8697,60834.3961,61412.4623,61991.5462,62865.0539,63251.9354,64353.039,62280.0025,63124.9229,63723.7241,64764.7487,65426.9697,66483.6118,67205.0771,67993.5402,68624.6868
Mexico,IPCC Agriculture,Emissions (CO2eq) from CH4 (AR5),kilotonnes,52218.1604,51126.2528,53377.492,53499.9864,53304.132,52780.5208,53147.094,53563.0004,53991.9212,54648.1992,55126.5456,55276.9476,53951.5592,54618.6256,,,,,,,
Mexico,IPCC Agriculture,Emissions (CO2eq) from N2O (AR5),kilotonnes,29379.7971,29756.158,28448.7503,28828.1521,27790.644,29558.726,28731.4524,29501.5709,28673.3565,29244.9639,29641.6099,31658.6382,30963.7726,32055.2478,31854.2036,30443.7025,33053.2369,33307.1868,32739.8828,33116.431,33775.0349
Mexico,IPCC Agriculture,Emissions (CO2eq) from N2O (AR5),kilotonnes,24392.8525,24518.7805,23616.906,23885.4835,23972.324,23494.7145,23567.0065,24580.075,23797.636,24033.91,24718.0605,24399.928,24969.254,25170.8395,,,,,,,
Mexico,IPCC Agriculture,Emissions (CO2eq) (AR5),kilotonnes,88912.0664,89353.4046,89463.3894,90241.3999,88544.6362,90325.5957,89565.8486,90914.0332,90664.9027,92110.0178,92893.5453,96011.6771,93243.7751,95180.1707,95577.9277,95208.4512,98480.2066,99790.7986,99944.9599,101109.9713,102399.7217
Mexico,IPCC Agriculture,Emissions (CO2eq) (AR5),kilotonnes,76611.0129,75645.0333,76994.398,77385.4699,77276.456,76275.2353,76714.1005,78143.0754,77789.5572,78682.1092,79844.6061,79676.8756,78920.8132,79789.4651,,,,,,,
Mexico,Agricultural Soils,Direct emissions (N2O),kilotonnes,80.7981,82.1071,78.2137,78.8809,76.7231,80.4912,79.0051,80.9548,78.6672,80.2789,81.9151,85.8968,85.0836,88.0608,88.3362,84.0923,91.1739,91.2594,89.934,90.6011,92.7528
Mexico,Agricultural Soils,Indirect emissions (N2O),kilotonnes,22.9135,23.283,21.9498,22.1142,21.4594,22.7644,22.2068,22.8003,21.9847,22.5112,22.9492,24.3061,24.1066,25.0174,24.9843,23.5656,25.7873,25.7757,25.3061,25.4889,26.131
Mexico,Agricultural Soils,Emissions (N2O),kilotonnes,103.7117,105.3901,100.1636,100.9951,98.1826,103.2556,101.2119,103.755,100.652,102.7901,104.8643,110.2029,109.1902,113.0782,113.3204,107.6579,116.9612,117.0351,115.2401,116.09,118.8838
Mexico,Agricultural Soils,Emissions (N2O),kilotonnes,83.7103,83.8346,80.291,81.2729,81.3326,79.6654,79.6725,83.2219,80.0873,81.1082,83.4768,82.3944,84.2974,50.1835,,,,,,,
Mexico,Agricultural Soils,Emissions (CO2eq) from N2O (AR5),kilotonnes,27483.5887,27928.3806,26543.3441,26763.6973,26018.3803,27362.7387,26821.1577,27495.0809,26672.7721,27239.3716,27789.0431,29203.7706,28935.4093,29965.7274,30029.9182,28529.352,30994.7269,31014.2989,30538.6317,30763.8436,31504.2185
Mexico,Agricultural Soils,Emissions (CO2eq) from N2O (AR5),kilotonnes,22183.2295,22216.169,21277.115,21537.3185,21553.139,21111.331,21113.2125,22053.8035,21223.1345,21493.673,22121.352,21834.516,22338.811,13298.6275,,,,,,,
Mexico,Agricultural Soils,Emissions (CO2eq) (AR5),kilotonnes,27483.5887,27928.3806,26543.3441,26763.6973,26018.3803,27362.7387,26821.1577,27495.0809,26672.7721,27239.3716,27789.0431,29203.7706,28935.4093,29965.7274,30029.9182,28529.352,30994.7269,31014.2989,30538.6317,30763.8436,31504.2185
Mexico,Agricultural Soils,Emissions (CO2eq) (AR5),kilotonnes,22183.2295,22216.169,21277.115,21537.3185,21553.139,21111.331,21113.2125,22053.8035,21223.1345,21493.673,22121.352,21834.516,22338.811,13298.6275,,,,,,,
Mexico,LULUCF,Emissions (CH4),kilotonnes,152.1181,15.7189,33.6561,75.4457,10.8928,45.4662,35.3312,23.3127,33.2351,32.6892,16.3061,47.998,21.0198,48.0896,4.2546,23.4863,26.4312,40.5543,18.4819,51.3665,43.9872
Mexico,LULUCF,Emissions (CH4),kilotonnes,24.4476,11.8043,21.0248,34.9771,7.6714,26.579,26.3695,16.0229,24.1067,33.0952,12.0914,106.2214,27.0005,22.6252,,,,,,,
Mexico,LULUCF,Emissions (N2O),kilotonnes,5.6091,1.4352,3.073,6.8885,0.9946,4.1513,3.2259,2.1286,3.0345,2.9847,1.4888,4.3824,1.9192,4.3908,0.3885,2.1444,2.4133,3.7028,1.6875,4.69,4.0162
Mexico,LULUCF,Emissions (N2O),kilotonnes,0.8232,0.3667,0.6795,1.0066,0.246,0.8624,0.7787,0.5056,0.768,1.0181,0.3713,3.7398,1.0228,1.2444,,,,,,,
Mexico,LULUCF,Emissions (CO2),kilotonnes,22311.505,-66730.8088,-66730.8088,-66730.8088,-66730.8088,-66730.8088,-66730.8088,-66730.8088,-66730.8088,-66730.8088,-66730.8088,13850.0384,13850.0384,13850.0384,13850.0384,13850.0384,14447.7793,14447.7793,14447.7793,14447.7793,14447.7793
Mexico,LULUCF,Emissions (CO2),kilotonnes,49447.16,46078.57,45571.14,48366.54,42188.45,47050.13,46450.23,26701.27,28808.93,30772.61,25725.85,50920.6,30850.3,31461.59,,,,,,,
Mexico,LULUCF,Emissions (CO2eq) from CH4 (AR5),kilotonnes,4259.3074,440.1283,942.3721,2112.4809,304.9995,1273.0549,989.2746,652.7568,930.583,915.2972,456.5711,1343.9443,588.5543,1346.5082,119.1278,657.6176,740.0733,1135.5193,517.4938,1438.2606,1231.6403
Mexico,LULUCF,Emissions (CO2eq) from N2O (AR5),kilotonnes,1486.4218,380.3283,814.3325,1825.459,263.5594,1100.0855,854.8623,564.067,804.1451,790.9362,394.537,1161.3432,508.5877,1163.5587,102.942,568.2674,639.5198,981.2368,447.1822,1242.8448,1064.2979
Mexico,LULUCF,Emissions (CO2eq) (AR5),kilotonnes,28057.2342,-65910.3522,-64974.1042,-62792.8689,-66162.2499,-64357.6683,-64886.672,-65513.9849,-64996.0807,-65024.5754,-65879.7006,16355.3259,14947.1803,16360.1054,14072.1082,15075.9234,15827.3724,16564.5354,15412.4553,17128.8847,16743.7175
Mexico,LULUCF,Emissions (CO2eq) (AR5),kilotonnes,49447.16,46078.57,45571.14,48366.54,42188.45,47050.13,46450.23,26701.27,28808.93,30772.61,25725.85,50920.6,30850.3,31461.59,,,,,,,
Mexico,AFOLU,Emissions (CH4),kilotonnes,2278.2706,2144.192,2212.7504,2268.776,2180.6783,2215.7116,2207.9882,2216.615,2247.2189,2277.8697,2275.3038,2346.3208,2245.3056,2302.5511,2280.1019,2336.5131,2363.1087,2414.969,2418.6632,2479.7072,2494.8688
Mexico,AFOLU,Emissions (N2O),kilotonnes,116.4763,113.7226,110.4267,115.674,105.8649,115.6936,111.6465,113.4552,111.2359,113.343,113.344,123.849,118.7636,125.354,120.593,117.0263,127.1425,129.3903,125.2342,129.6576,131.4692
Mexico,AFOLU,Emissions (CO2),kilotonnes,22311.505,-66730.8088,-66730.8088,-66730.8088,-66730.8088,-66730.8088,-66730.8088,-66730.8088,-66730.8088,-66730.8088,-66730.8088,13850.0384,13850.0384,13850.0384,13850.0384,13850.0384,14447.7793,14447.7793,14447.7793,14447.7793,14447.7793
Mexico,AFOLU,Emissions (CO2eq) from CH4 (AR5),kilotonnes,63791.5767,60037.375,61957.0112,63525.7287,61058.9917,62039.9247,61823.6707,62065.2191,62922.1292,63780.3512,63708.5065,65696.9833,62868.5567,64471.4312,63842.852,65422.3663,66167.043,67619.1311,67722.571,69431.8009,69856.3272
Mexico,AFOLU,Emissions (CO2eq) from N2O (AR5),kilotonnes,30866.2189,30136.4862,29263.0827,30653.6111,28054.2034,30658.8115,29586.3147,30065.6379,29477.5017,30035.9001,30036.1469,32819.9814,31472.3603,33218.8065,31957.1455,31011.9699,33692.7568,34288.4236,33187.0649,34359.2758,34839.3328
Mexico,AFOLU,Emissions (CO2eq) (AR5),kilotonnes,116969.3006,23443.0524,24489.2852,27448.531,22382.3863,25967.9274,24679.1766,25400.0482,25668.8221,27085.4425,27013.8446,112367.003,108190.9554,111540.2761,109650.0359,110284.3746,114307.5791,116355.334,115357.4152,118238.856,119143.4393
Mexico,All sectors with LULUCF,Emissions (CH4),kilotonnes,5610.2506,5476.022,5544.4404,5720.586,5652.4783,5747.3816,5899.6782,5958.045,6098.8789,6049.2097,6037.0038,6178.3208,6047.2956,6134.5511,6072.1519,6088.4631,6084.8587,6096.789,6050.8932,6033.3072,6187.1488
Mexico,All sectors with LULUCF,Emissions (N2O),kilotonnes,278.2763,284.4526,290.2567,306.764,305.7449,323.8736,325.7365,340.2652,350.5759,374.033,373.824,386.949,385.0636,391.604,386.793,383.8763,394.5525,397.1603,393.0942,399.8076,417.7692
Mexico,All sectors with LULUCF,Emissions (CO2),kilotonnes,448347.905,368607.5912,367116.0912,392232.0912,389333.3912,415449.3912,431750.4912,447050.6912,496008.1912,463719.1912,434538.1912,523823.0384,527725.0384,530882.0384,527690.0384,513897.0384,525602.7793,511609.7793,503017.7793,484755.7793,405922.7793
Mexico,All sectors with LULUCF,Emissions (CO2eq) from F-gases (AR5),kilotonnes,4946.2308,4042.4991,5461.2608,7948.9525,10300.5986,15645.2488,20892.7235,21961.6536,24293.8646,27209.1283,43826.1317,32165.0767,32748.1294,34885.9895,38092.7796,38384.306,42854.3771,45089.4126,47421.6236,49753.8346,51988.8702
Mexico,All sectors with LULUCF,Emissions (CO2eq) from CH4 (AR5),kilotonnes,157087.0167,153328.615,155244.3312,160176.4087,158269.3917,160926.6847,165190.9907,166825.2591,170768.6092,169377.8712,169036.1065,172992.9833,169324.2767,171767.4312,170020.252,170476.9663,170376.043,170710.0911,169425.011,168932.6009,173240.1672
Mexico,All sectors with LULUCF,Emissions (CO2eq) from N2O (AR5),kilotonnes,73743.2189,75379.9362,76918.0327,81292.4611,81022.4034,85826.5115,86320.1647,90170.2879,92902.6017,99118.7501,99063.3469,102541.4814,102041.8603,103775.0565,102500.1455,101727.2199,104556.4068,105247.4736,104169.9649,105949.0258,110708.8328
Mexico,All sectors with LULUCF,Emissions (CO2eq) (AR5),kilotonnes,684124.3714,601358.6415,604739.7159,641649.9135,638925.7848,677847.8361,704154.3701,726007.8918,783973.2666,759424.9408,746463.7763,831522.5797,831839.3049,841310.5156,838303.2155,824485.5306,843389.6062,832656.7567,824034.3788,809391.2406,741860.6494
Mexico,All sectors without LULUCF,Emissions (CH4),kilotonnes,5458.1325,5460.3031,5510.7843,5645.1403,5641.5854,5701.9153,5864.347,5934.7322,6065.6438,6016.5205,6020.6977,6130.3228,6026.2758,6086.4615,6067.8973,6064.9767,6058.4275,6056.2347,6032.4113,5981.9407,6143.1617
Mexico,All sectors without LULUCF,Emissions (N2O),kilotonnes,272.6672,283.0174,287.1838,299.8755,304.7504,319.7224,322.5106,338.1367,347.5413,371.0484,372.3351,382.5666,383.1444,387.2132,386.4045,381.7319,392.1392,393.4575,391.4067,395.1177,413.753
Mexico,All sectors without LULUCF,Emissions (CO2),kilotonnes,426036.4,435338.4,433846.9,458962.9,456064.2,482180.2,498481.3,513781.5,562739,530450,501269,509973,513875,517032,513840,500047,511155,497162,488570,470308,391475
Mexico,All sectors without LULUCF,Emissions (CO2eq) from F-gases (AR5),kilotonnes,4946.2308,4042.4991,5461.2608,7948.9525,10300.5986,15645.2488,20892.7235,21961.6536,24293.8646,27209.1283,43826.1317,32165.0767,32748.1294,34885.9895,38092.7796,38384.306,42854.3771,45089.4126,47421.6236,49753.8346,51988.8702
Mexico,All sectors without LULUCF,Emissions (CO2eq) from CH4 (AR5),kilotonnes,152827.7093,152888.4867,154301.9591,158063.9278,157964.3922,159653.6297,164201.7161,166172.5023,169838.0262,168462.5739,168579.5354,171649.039,168735.7225,170420.9229,169901.1241,169819.3487,169635.9697,169574.5718,168907.5171,167494.3402,172008.5268
Mexico,All sectors without LULUCF,Emissions (CO2eq) from N2O (AR5),kilotonnes,72256.7971,74999.608,76103.7003,79467.0021,80758.844,84726.426,85465.3024,89606.2209,92098.4565,98327.8139,98668.8099,101380.1382,101533.2726,102611.4978,102397.2036,101158.9525,103916.8869,104266.2368,103722.7828,104706.181,109644.5349
Mexico,All sectors without LULUCF,Emissions (CO2eq) (AR5),kilotonnes,656067.1372,667268.9937,669713.8201,704442.7824,705088.0348,742205.5045,769041.0421,791521.8767,848969.3473,824449.5162,812343.4769,815167.2538,816892.1246,824950.4103,824231.1073,809409.6073,827562.2337,816092.2212,808621.9235,792262.3559,725116.9319
Micronesia (Federated States of),Crop Residues,Direct emissions (N2O),kilotonnes,0,0,0,0.0001,0.0001,0.0001,0.0001,0.0001,0.0001,0.0001,0.0001,0.0001,0.0001,0.0001,0.0001,0.0001,0.0001,0.0001,0.0001,0.0001,0.0001
Micronesia (Federated States of),Crop Residues,Indirect emissions (N2O),kilotonnes,0,0,0,0,0,0,0,0,0,0,0,0,0,0,0,0,0,0,0,0,0
Micronesia (Federated States of),Crop Residues,Emissions (N2O),kilotonnes,0.0001,0.0001,0.0001,0.0001,0.0001,0.0001,0.0001,0.0001,0.0001,0.0001,0.0001,0.0001,0.0001,0.0001,0.0001,0.0001,0.0001,0.0001,0.0001,0.0001,0.0001
Micronesia (Federated States of),Crop Residues,Emissions (CO2eq) from N2O (AR5),kilotonnes,0.0156,0.0158,0.0161,0.0163,0.0164,0.0165,0.0167,0.0165,0.0176,0.0182,0.0189,0.0196,0.0202,0.0213,0.0224,0.0216,0.0218,0.0219,0.0218,0.0218,0.0218
Micronesia (Federated States of),Crop Residues,Emissions (CO2eq) (AR5),kilotonnes,0.0156,0.0158,0.0161,0.0163,0.0164,0.0165,0.0167,0.0165,0.0176,0.0182,0.0189,0.0196,0.0202,0.0213,0.0224,0.0216,0.0218,0.0219,0.0218,0.0218,0.0218
Micronesia (Federated States of),Rice Cultivation,Emissions (CH4),kilotonnes,0.0197,0.0202,0.0204,0.0207,0.0207,0.0207,0.0207,0.0211,0.0209,0.0211,0.0214,0.0218,0.0211,0.0223,0.023,0.0226,0.0226,0.0228,0.0226,0.0226,0.0226
Micronesia (Federated States of),Rice Cultivation,Emissions (CO2eq) from CH4 (AR5),kilotonnes,0.5525,0.5657,0.5723,0.5788,0.5788,0.5788,0.5788,0.592,0.5854,0.592,0.5986,0.6117,0.592,0.6249,0.6446,0.6315,0.6315,0.638,0.6315,0.6315,0.6315
Micronesia (Federated States of),Rice Cultivation,Emissions (CO2eq) (AR5),kilotonnes,0.5525,0.5657,0.5723,0.5788,0.5788,0.5788,0.5788,0.592,0.5854,0.592,0.5986,0.6117,0.592,0.6249,0.6446,0.6315,0.6315,0.638,0.6315,0.6315,0.6315
Micronesia (Federated States of),Burning - Crop residues,Emissions (CH4),kilotonnes,0.0002,0.0002,0.0002,0.0002,0.0003,0.0003,0.0003,0.0003,0.0003,0.0003,0.0003,0.0003,0.0003,0.0003,0.0003,0.0003,0.0003,0.0003,0.0003,0.0003,0.0003
Micronesia (Federated States of),Burning - Crop residues,Emissions (N2O),kilotonnes,0,0,0,0,0,0,0,0,0,0,0,0,0,0,0,0,0,0,0,0,0
Micronesia (Federated States of),Burning - Crop residues,Emissions (CO2eq) from CH4 (AR5),kilotonnes,0.0067,0.0068,0.0069,0.007,0.0071,0.0071,0.0071,0.0071,0.0074,0.0076,0.0078,0.008,0.008,0.0085,0.0091,0.0085,0.0086,0.0087,0.0086,0.0086,0.0086
Micronesia (Federated States of),Burning - Crop residues,Emissions (CO2eq) from N2O (AR5),kilotonnes,0.0017,0.0017,0.0017,0.0017,0.0017,0.0018,0.0018,0.0018,0.0018,0.0019,0.0019,0.002,0.002,0.0021,0.0022,0.0021,0.0021,0.0021,0.0021,0.0021,0.0021
Micronesia (Federated States of),Burning - Crop residues,Emissions (CO2eq) (AR5),kilotonnes,0.0084,0.0085,0.0086,0.0087,0.0088,0.0089,0.0089,0.0089,0.0092,0.0095,0.0097,0.01,0.0099,0.0106,0.0113,0.0106,0.0107,0.0109,0.0107,0.0107,0.0107
Micronesia (Federated States of),Enteric Fermentation,Emissions (CH4),kilotonnes,0.9534,0.9541,0.9541,0.9563,0.9558,0.9572,0.9567,0.9638,0.9656,1.0313,1.0312,1.098,1.0987,1.1329,1.1369,1.1602,1.1838,1.1699,1.1993,1.2327,1.2568
Micronesia (Federated States of),Enteric Fermentation,Emissions (CH4),kilotonnes,0.0268,,,,,,,,,,,,,,,,,,,,
Micronesia (Federated States of),Enteric Fermentation,Emissions (CO2eq) from CH4 (AR5),kilotonnes,26.6949,26.7142,26.7159,26.7756,26.7621,26.8024,26.7873,26.9858,27.0371,28.877,28.8728,30.7436,30.7646,31.7204,31.8329,32.4864,33.1477,32.7572,33.5811,34.5164,35.19
Micronesia (Federated States of),Enteric Fermentation,Emissions (CO2eq) from CH4 (AR5),kilotonnes,0.7504,,,,,,,,,,,,,,,,,,,,
Micronesia (Federated States of),Enteric Fermentation,Emissions (CO2eq) (AR5),kilotonnes,26.6949,26.7142,26.7159,26.7756,26.7621,26.8024,26.7873,26.9858,27.0371,28.877,28.8728,30.7436,30.7646,31.7204,31.8329,32.4864,33.1477,32.7572,33.5811,34.5164,35.19
Micronesia (Federated States of),Enteric Fermentation,Emissions (CO2eq) (AR5),kilotonnes,0.7504,,,,,,,,,,,,,,,,,,,,
Micronesia (Federated States of),Manure Management,Emissions (CH4),kilotonnes,0.5421,0.5428,0.5428,0.5449,0.5444,0.5458,0.5453,0.5588,0.5606,0.5676,0.5673,0.6011,0.6018,0.6188,0.6226,0.6296,0.6388,0.6476,0.6492,0.6646,0.671
Micronesia (Federated States of),Manure Management,Emissions (N2O),kilotonnes,0.0069,0.0069,0.0069,0.0069,0.0069,0.0069,0.0069,0.007,0.007,0.0072,0.0072,0.0076,0.0076,0.0078,0.0078,0.0079,0.008,0.0081,0.008,0.0082,0.0083
Micronesia (Federated States of),Manure Management,Emissions (CO2eq) from CH4 (AR5),kilotonnes,15.1786,15.1973,15.1989,15.2565,15.2435,15.2825,15.2679,15.6463,15.6958,15.892,15.8852,16.8298,16.8512,17.327,17.4341,17.6275,17.8861,18.1329,18.1782,18.6086,18.7873
Micronesia (Federated States of),Manure Management,Emissions (CO2eq) from N2O (AR5),kilotonnes,1.8236,1.823,1.8229,1.8209,1.8217,1.8204,1.8209,1.8652,1.8602,1.9076,1.9034,2.0164,2.0172,2.0741,2.0685,2.0951,2.1234,2.1399,2.1303,2.1618,2.2044
Micronesia (Federated States of),Manure Management,Emissions (CO2eq) (AR5),kilotonnes,17.0022,17.0202,17.0218,17.0774,17.0653,17.1029,17.0888,17.5114,17.556,17.7997,17.7886,18.8462,18.8684,19.4011,19.5026,19.7226,20.0094,20.2728,20.3085,20.7704,20.9917
Micronesia (Federated States of),Manure left on Pasture,Direct emissions (N2O),kilotonnes,0.0256,0.0256,0.0256,0.0256,0.0256,0.0256,0.0256,0.0258,0.0258,0.0276,0.0276,0.0294,0.0294,0.0303,0.0303,0.031,0.0316,0.0312,0.0319,0.0326,0.0334
Micronesia (Federated States of),Manure left on Pasture,Indirect emissions (N2O),kilotonnes,0.0056,0.0056,0.0056,0.0056,0.0056,0.0056,0.0056,0.0057,0.0057,0.0061,0.0061,0.0065,0.0065,0.0067,0.0067,0.0068,0.0069,0.0069,0.007,0.0072,0.0073
Micronesia (Federated States of),Manure left on Pasture,Emissions (N2O),kilotonnes,0.0312,0.0312,0.0312,0.0312,0.0312,0.0312,0.0312,0.0315,0.0315,0.0337,0.0337,0.0358,0.0359,0.037,0.037,0.0378,0.0385,0.0381,0.0389,0.0398,0.0407
Micronesia (Federated States of),Manure left on Pasture,Emissions (CO2eq) from N2O (AR5),kilotonnes,8.2716,8.2731,8.2732,8.2777,8.2767,8.2797,8.2786,8.3467,8.3501,8.9189,8.9179,9.4998,9.5016,9.8032,9.8113,10.0134,10.21,10.0955,10.2991,10.5537,10.7926
Micronesia (Federated States of),Manure left on Pasture,Emissions (CO2eq) (AR5),kilotonnes,8.2716,8.2731,8.2732,8.2777,8.2767,8.2797,8.2786,8.3467,8.3501,8.9189,8.9179,9.4998,9.5016,9.8032,9.8113,10.0134,10.21,10.0955,10.2991,10.5537,10.7926
Micronesia (Federated States of),Manure applied to Soils,Direct emissions (N2O),kilotonnes,0.0052,0.0052,0.0052,0.0053,0.0053,0.0053,0.0053,0.0054,0.0054,0.0055,0.0054,0.0057,0.0057,0.0059,0.0058,0.0059,0.006,0.006,0.006,0.0061,0.0062
Micronesia (Federated States of),Manure applied to Soils,Indirect emissions (N2O),kilotonnes,0.0022,0.0022,0.0022,0.0022,0.0022,0.0022,0.0022,0.0023,0.0023,0.0023,0.0023,0.0024,0.0024,0.0025,0.0025,0.0025,0.0025,0.0026,0.0026,0.0026,0.0026
Micronesia (Federated States of),Manure applied to Soils,Emissions (N2O),kilotonnes,0.0075,0.0075,0.0075,0.0075,0.0075,0.0075,0.0075,0.0077,0.0077,0.0078,0.0077,0.0081,0.0081,0.0083,0.0083,0.0084,0.0085,0.0086,0.0086,0.0087,0.0088
Micronesia (Federated States of),Manure applied to Soils,Emissions (CO2eq) from N2O (AR5),kilotonnes,1.9801,1.9808,1.9809,1.9831,1.9836,1.9851,1.9845,2.0426,2.0353,2.0609,2.0484,2.1516,2.1566,2.2099,2.2088,2.2282,2.2548,2.2782,2.2746,2.3097,2.3362
Micronesia (Federated States of),Manure applied to Soils,Emissions (CO2eq) (AR5),kilotonnes,1.9801,1.9808,1.9809,1.9831,1.9836,1.9851,1.9845,2.0426,2.0353,2.0609,2.0484,2.1516,2.1566,2.2099,2.2088,2.2282,2.2548,2.2782,2.2746,2.3097,2.3362
Micronesia (Federated States of),Drained organic soils,Emissions (CO2eq) (AR5),kilotonnes,0,0,0,0,0,0,0,0,0,0,0,0,0,0,0,0,0,0,0,0,0
Micronesia (Federated States of),Drained organic soils (CO2),Emissions (CO2),kilotonnes,0,0,0,0,0,0,0,0,0,0,0,0,0,0,0,0,0,0,0,0,0
Micronesia (Federated States of),Drained organic soils (CO2),Emissions (CO2eq) (AR5),kilotonnes,0,0,0,0,0,0,0,0,0,0,0,0,0,0,0,0,0,0,0,0,0
Micronesia (Federated States of),Drained organic soils (N2O),Emissions (N2O),kilotonnes,0,0,0,0,0,0,0,0,0,0,0,0,0,0,0,0,0,0,0,0,0
Micronesia (Federated States of),Drained organic soils (N2O),Emissions (CO2eq) from N2O (AR5),kilotonnes,0,0,0,0,0,0,0,0,0,0,0,0,0,0,0,0,0,0,0,0,0
Micronesia (Federated States of),Drained organic soils (N2O),Emissions (CO2eq) (AR5),kilotonnes,0,0,0,0,0,0,0,0,0,0,0,0,0,0,0,0,0,0,0,0,0
Micronesia (Federated States of),On-farm energy use,Emissions (CH4),kilotonnes,0.0647,0.0716,0.068,0.072,0.0719,0.0753,0.074,0.0785,0.0716,0.0989,0.0641,0.0823,0.0939,0.1024,0.1047,0.1032,0.1012,0.0998,0.0977,0.0963,0.0963
Micronesia (Federated States of),On-farm energy use,Emissions (N2O),kilotonnes,0.0003,0.0004,0.0003,0.0004,0.0004,0.0004,0.0004,0.0004,0.0004,0.0005,0.0003,0.0004,0.0005,0.0005,0.0005,0.0005,0.0005,0.0005,0.0005,0.0005,0.0005
Micronesia (Federated States of),On-farm energy use,Emissions (CO2),kilotonnes,20.3925,22.5658,21.4581,22.7093,22.6737,23.7491,23.3503,24.7642,22.5766,31.1805,20.2025,25.9609,29.6082,32.2837,33.0072,32.5466,31.9136,31.4642,30.8049,30.3644,30.3644
Micronesia (Federated States of),On-farm energy use,Emissions (CO2eq) from CH4 (AR5),kilotonnes,1.8107,2.0037,1.9054,2.0165,2.0133,2.1088,2.0734,2.1989,2.0047,2.7687,1.7939,2.3052,2.6291,2.8666,2.9309,2.89,2.8338,2.7939,2.7353,2.6962,2.6962
Micronesia (Federated States of),On-farm energy use,Emissions (CO2eq) from N2O (AR5),kilotonnes,0.0857,0.0948,0.0902,0.0954,0.0953,0.0998,0.0981,0.1041,0.0949,0.131,0.0849,0.1091,0.1244,0.1357,0.1387,0.1368,0.1341,0.1322,0.1294,0.1276,0.1276
Micronesia (Federated States of),On-farm energy use,Emissions (CO2eq) (AR5),kilotonnes,22.2889,24.6644,23.4536,24.8212,24.7823,25.9577,25.5218,27.0672,24.6761,34.0801,22.0813,28.3752,32.3617,35.286,36.0767,35.5734,34.8815,34.3903,33.6697,33.1882,33.1882
Micronesia (Federated States of),Forestland,Emissions (CO2),kilotonnes,-381.1104,-381.3951,-381.3951,-381.3951,-381.3951,-381.3951,-381.3951,-381.3951,-381.3951,-381.3951,-381.3951,-29.3118,-29.3118,-29.3118,-29.3118,-29.3118,-34.9327,-34.9327,-34.9327,-34.9327,-34.9327
Micronesia (Federated States of),Forestland,Emissions (CO2eq) (AR5),kilotonnes,-381.1104,-381.3951,-381.3951,-381.3951,-381.3951,-381.3951,-381.3951,-381.3951,-381.3951,-381.3951,-381.3951,-29.3118,-29.3118,-29.3118,-29.3118,-29.3118,-34.9327,-34.9327,-34.9327,-34.9327,-34.9327
Micronesia (Federated States of),Net Forest conversion,Emissions (CO2),kilotonnes,351.988,351.8219,351.8219,351.8219,351.8219,351.8219,351.8219,351.8219,351.8219,351.8219,351.8219,0,0,0,0,0,0,0,0,0,0
Micronesia (Federated States of),Net Forest conversion,Emissions (CO2eq) (AR5),kilotonnes,351.988,351.8219,351.8219,351.8219,351.8219,351.8219,351.8219,351.8219,351.8219,351.8219,351.8219,0,0,0,0,0,0,0,0,0,0
Micronesia (Federated States of),Savanna fires,Emissions (CH4),kilotonnes,0,0,0,0,0,0,0,0,0,0,0,0,0,0,0,0,0,0,0,0,0
Micronesia (Federated States of),Savanna fires,Emissions (N2O),kilotonnes,0,0,0,0,0,0,0,0,0,0,0,0,0,0,0,0,0,0,0,0,0
Micronesia (Federated States of),Savanna fires,Emissions (CO2eq) from CH4 (AR5),kilotonnes,0,0,0,0,0,0,0,0,0,0,0,0,0,0,0,0,0,0,0,0,0
Micronesia (Federated States of),Savanna fires,Emissions (CO2eq) from N2O (AR5),kilotonnes,0,0,0,0,0,0,0,0,0,0,0,0,0,0,0,0,0,0,0,0,0
Micronesia (Federated States of),Savanna fires,Emissions (CO2eq) (AR5),kilotonnes,0,0,0,0,0,0,0,0,0,0,0,0,0,0,0,0,0,0,0,0,0
Micronesia (Federated States of),Fires in organic soils,Emissions (CH4),kilotonnes,0,0,0,0,0,0,0,0,0,0,0,0,0,0,0,0,0,0,0,0,0
Micronesia (Federated States of),Fires in organic soils,Emissions (CO2),kilotonnes,0,0,0,0,0,0,0,0,0,0,0,0,0,0,0,0,0,0,0,0,0
Micronesia (Federated States of),Fires in organic soils,Emissions (CO2eq) from CH4 (AR5),kilotonnes,0,0,0,0,0,0,0,0,0,0,0,0,0,0,0,0,0,0,0,0,0
Micronesia (Federated States of),Fires in organic soils,Emissions (CO2eq) (AR5),kilotonnes,0,0,0,0,0,0,0,0,0,0,0,0,0,0,0,0,0,0,0,0,0
Micronesia (Federated States of),Forest fires,Emissions (CH4),kilotonnes,0,0,0,0,0,0,0,0,0,0,0,0,0,0,0,0,0,0,0,0,0
Micronesia (Federated States of),Forest fires,Emissions (N2O),kilotonnes,0,0,0,0,0,0,0,0,0,0,0,0,0,0,0,0,0,0,0,0,0
Micronesia (Federated States of),Forest fires,Emissions (CO2eq) from CH4 (AR5),kilotonnes,0,0,0,0,0,0,0,0,0,0,0,0,0,0,0,0,0,0,0,0,0
Micronesia (Federated States of),Forest fires,Emissions (CO2eq) from N2O (AR5),kilotonnes,0,0,0,0,0,0,0,0,0,0,0,0,0,0,0,0,0,0,0,0,0
Micronesia (Federated States of),Forest fires,Emissions (CO2eq) (AR5),kilotonnes,0,0,0,0,0,0,0,0,0,0,0,0,0,0,0,0,0,0,0,0,0
Micronesia (Federated States of),Fires in humid tropical forests,Emissions (CH4),kilotonnes,0,0,0,0,0,0,0,0,0,0,0,0,0,0,0,0,0,0,0,0,0
Micronesia (Federated States of),Fires in humid tropical forests,Emissions (N2O),kilotonnes,0,0,0,0,0,0,0,0,0,0,0,0,0,0,0,0,0,0,0,0,0
Micronesia (Federated States of),Fires in humid tropical forests,Emissions (CO2eq) from CH4 (AR5),kilotonnes,0,0,0,0,0,0,0,0,0,0,0,0,0,0,0,0,0,0,0,0,0
Micronesia (Federated States of),Fires in humid tropical forests,Emissions (CO2eq) from N2O (AR5),kilotonnes,0,0,0,0,0,0,0,0,0,0,0,0,0,0,0,0,0,0,0,0,0
Micronesia (Federated States of),Fires in humid tropical forests,Emissions (CO2eq) (AR5),kilotonnes,0,0,0,0,0,0,0,0,0,0,0,0,0,0,0,0,0,0,0,0,0
Micronesia (Federated States of),Waste - agri-food systems,Emissions (CH4),kilotonnes,0.1415,0.1412,0.141,0.1408,0.1405,0.1398,0.1389,0.1378,0.1364,0.1359,0.1358,0.1365,0.1379,0.1397,0.1417,0.1435,0.1452,0.1468,0.1483,0.1498,0.1513
Micronesia (Federated States of),Waste - agri-food systems,Emissions (N2O),kilotonnes,0,0,0,0,0,0,0,0,0,0,0,0,0,0,0,0,0,0,0,0,0
Micronesia (Federated States of),Waste - agri-food systems,Emissions (CO2),kilotonnes,0,0,0,0,0,0,0,0,0,0,0,0,0,0,0,0,0,0,0,0,0
Micronesia (Federated States of),Waste - agri-food systems,Emissions (CO2eq) from CH4 (AR5),kilotonnes,3.961,3.9525,3.9474,3.9437,3.9329,3.9154,3.8888,3.8578,3.8183,3.8041,3.8024,3.8224,3.8606,3.9119,3.9665,4.018,4.0654,4.1099,4.152,4.1938,4.237
Micronesia (Federated States of),Waste - agri-food systems,Emissions (CO2eq) from N2O (AR5),kilotonnes,0.0089,0.0089,0.0089,0.0089,0.0089,0.0089,0.0089,0.0091,0.0086,0.009,0.0091,0.0091,0.0091,0.0092,0.0092,0.0092,0.0093,0.0093,0.0093,0.0093,0.0094
Micronesia (Federated States of),Waste - agri-food systems,Emissions (CO2eq) (AR5),kilotonnes,3.9699,3.9615,3.9563,3.9526,3.9418,3.9243,3.8978,3.8668,3.8269,3.8131,3.8115,3.8315,3.8698,3.921,3.9756,4.0272,4.0747,4.1192,4.1613,4.2031,4.2464
Micronesia (Federated States of),On-farm electricity use,Emissions (CH4),kilotonnes,0,0,0,0,0,0,0,0,0,0,0,0,0,0,0,0,0,0,0,0,0
Micronesia (Federated States of),On-farm electricity use,Emissions (N2O),kilotonnes,0,0,0,0,0,0,0,0,0,0,0,0,0,0,0,0,0,0,0,0,0
Micronesia (Federated States of),On-farm electricity use,Emissions (CO2),kilotonnes,0,0,0,0,0,0,0,0,0,0,0,0,0,0,0,0,0,0,0,0,0
Micronesia (Federated States of),On-farm electricity use,Emissions (CO2eq) from CH4 (AR5),kilotonnes,0,0,0,0,0,0,0,0,0,0,0,0,0,0,0,0,0,0,0,0,0
Micronesia (Federated States of),On-farm electricity use,Emissions (CO2eq) from N2O (AR5),kilotonnes,0,0,0,0,0,0,0,0,0,0,0,0,0,0,0,0,0,0,0,0,0
Micronesia (Federated States of),On-farm electricity use,Emissions (CO2eq) (AR5),kilotonnes,0,0,0,0,0,0,0,0,0,0,0,0,0,0,0,0,0,0,0,0,0
Micronesia (Federated States of),Food Processing,Emissions (CO2),kilotonnes,3.5904,4.2078,3.7504,4.2532,4.0398,3.6506,3.4271,3.7633,2.9635,7.7098,6.4763,7.2082,6.9557,7.8222,8.8948,9.8762,9.6269,9.2362,9.974,13.4822,13.4005
Micronesia (Federated States of),Food Processing,Emissions (CO2eq) (AR5),kilotonnes,3.5904,4.2078,3.7504,4.2532,4.0398,3.6506,3.4271,3.7633,2.9635,7.7098,6.4763,7.2082,6.9557,7.8222,8.8948,9.8762,9.6269,9.2362,9.974,13.4822,13.4005
Micronesia (Federated States of),Food Packaging,Emissions (CO2),kilotonnes,0.2311,0.2479,0.2593,0.2022,0.1875,0.115,0.1207,0.1277,0.1123,0.1581,0.1177,0.1244,0.1455,0.1776,0.2247,0.2093,0.2267,0.2134,0.2804,0.1735,0.1724
Micronesia (Federated States of),Food Packaging,Emissions (CO2eq) (AR5),kilotonnes,0.2311,0.2479,0.2593,0.2022,0.1875,0.115,0.1207,0.1277,0.1123,0.1581,0.1177,0.1244,0.1455,0.1776,0.2247,0.2093,0.2267,0.2134,0.2804,0.1735,0.1724
Micronesia (Federated States of),Food Retail,Emissions (CO2),kilotonnes,3.1817,3.3106,3.5822,3.5135,3.233,2.44,2.3402,1.9416,1.7257,1.9139,1.8598,1.4392,1.4921,1.4637,1.2717,1.0949,1.0927,1.0927,1.0919,1.0877,1.0811
Micronesia (Federated States of),Food Retail,Emissions (CO2eq) (AR5),kilotonnes,3.1817,3.3106,3.5822,3.5135,3.233,2.44,2.3402,1.9416,1.7257,1.9139,1.8598,1.4392,1.4921,1.4637,1.2717,1.0949,1.0927,1.0927,1.0919,1.0877,1.0811
Micronesia (Federated States of),Food Household Consumption,Emissions (CO2),kilotonnes,1.9445,1.9686,2.2023,2.2669,2.128,1.6598,1.4519,1.4974,1.5071,1.553,1.4242,1.1626,1.2773,1.3636,1.3442,1.0773,1.0773,1.0598,1.0857,1.0883,1.0817
Micronesia (Federated States of),Food Household Consumption,Emissions (CO2eq) (AR5),kilotonnes,1.9445,1.9686,2.2023,2.2669,2.128,1.6598,1.4519,1.4974,1.5071,1.553,1.4242,1.1626,1.2773,1.3636,1.3442,1.0773,1.0773,1.0598,1.0857,1.0883,1.0817
Micronesia (Federated States of),Energy,Emissions (CO2),kilotonnes,128,143,136,147,143,121,121,132,110,147,103,117,125,136,136,143,143,143,151,165,164
Micronesia (Federated States of),Energy,Emissions (CO2eq) (AR5),kilotonnes,128,143,136,147,143,121,121,132,110,147,103,117,125,136,136,143,143,143,151,165,164
Micronesia (Federated States of),IPPU,Emissions (CO2),kilotonnes,0,0,0,0,0,0,0,0,0,0,0,0,0,0,0,0,0,0,0,0,0
Micronesia (Federated States of),IPPU,Emissions (CO2eq) (AR5),kilotonnes,0,0,0,0,0,0,0,0,0,0,0,0,0,0,0,0,0,0,0,0,0
Micronesia (Federated States of),Waste,Emissions (CH4),kilotonnes,0.145,0.145,0.145,0.145,0.145,0.144,0.144,0.143,0.142,0.142,0.141,0.141,0.141,0.142,0.142,0.144,0.146,0.147,0.149,0.145,0.146
Micronesia (Federated States of),Waste,Emissions (CO2eq) from CH4 (AR5),kilotonnes,4.06,4.06,4.06,4.06,4.06,4.032,4.032,4.004,3.976,3.976,3.948,3.948,3.948,3.976,3.976,4.032,4.088,4.116,4.172,4.06,4.088
Micronesia (Federated States of),Waste,Emissions (CO2eq) (AR5),kilotonnes,4.06,4.06,4.06,4.06,4.06,4.032,4.032,4.004,3.976,3.976,3.948,3.948,3.948,3.976,3.976,4.032,4.088,4.116,4.172,4.06,4.088
Micronesia (Federated States of),Farm-gate emissions,Emissions (CH4),kilotonnes,1.5801,1.5888,1.5857,1.5941,1.593,1.5993,1.5969,1.6225,1.6189,1.7192,1.6842,1.8035,1.8159,1.8767,1.8876,1.9159,1.9467,1.9404,1.9691,2.0165,2.0469
Micronesia (Federated States of),Farm-gate emissions,Direct emissions (N2O),kilotonnes,0.0309,0.0309,0.0309,0.0309,0.0309,0.0309,0.0309,0.0313,0.0313,0.0331,0.0331,0.0351,0.0352,0.0362,0.0363,0.0369,0.0376,0.0373,0.0379,0.0388,0.0396
Micronesia (Federated States of),Farm-gate emissions,Indirect emissions (N2O),kilotonnes,0.0079,0.0079,0.0079,0.0079,0.0079,0.0079,0.0079,0.008,0.008,0.0084,0.0084,0.0089,0.0089,0.0092,0.0092,0.0093,0.0095,0.0095,0.0096,0.0098,0.01
Micronesia (Federated States of),Farm-gate emissions,Emissions (N2O),kilotonnes,0.046,0.046,0.046,0.046,0.046,0.0461,0.046,0.0467,0.0466,0.0492,0.049,0.0521,0.0522,0.0538,0.0538,0.0547,0.0556,0.0554,0.0561,0.0573,0.0584
Micronesia (Federated States of),Farm-gate emissions,Emissions (CO2),kilotonnes,20.3925,22.5658,21.4581,22.7093,22.6737,23.7491,23.3503,24.7642,22.5766,31.1805,20.2025,25.9609,29.6082,32.2837,33.0072,32.5466,31.9136,31.4642,30.8049,30.3644,30.3644
Micronesia (Federated States of),Farm-gate emissions,Emissions (CO2eq) from CH4 (AR5),kilotonnes,44.2435,44.4877,44.3994,44.6344,44.6049,44.7797,44.7146,45.4302,45.3304,48.1373,47.1582,50.4983,50.8448,52.5474,52.8516,53.6439,54.5076,54.3307,55.1347,56.4612,57.3136
Micronesia (Federated States of),Farm-gate emissions,Emissions (CO2eq) from N2O (AR5),kilotonnes,12.1783,12.1892,12.185,12.1951,12.1955,12.2033,12.2006,12.3768,12.3599,13.0385,12.9753,13.7986,13.8219,14.2462,14.252,14.4972,14.7461,14.6698,14.8573,15.1767,15.4847
Micronesia (Federated States of),Farm-gate emissions,Emissions (CO2eq) (AR5),kilotonnes,76.8143,79.2428,78.0424,79.5388,79.4741,80.7321,80.2655,82.5712,80.2668,92.3562,80.336,90.2578,94.2749,99.0773,100.1107,100.6877,101.1674,100.4648,100.7969,102.0024,103.1627
Micronesia (Federated States of),Land Use change,Emissions (CH4),kilotonnes,0,0,0,0,0,0,0,0,0,0,0,0,0,0,0,0,0,0,0,0,0
Micronesia (Federated States of),Land Use change,Emissions (N2O),kilotonnes,0,0,0,0,0,0,0,0,0,0,0,0,0,0,0,0,0,0,0,0,0
Micronesia (Federated States of),Land Use change,Emissions (CO2),kilotonnes,351.988,351.8219,351.8219,351.8219,351.8219,351.8219,351.8219,351.8219,351.8219,351.8219,351.8219,0,0,0,0,0,0,0,0,0,0
Micronesia (Federated States of),Land Use change,Emissions (CO2eq) from CH4 (AR5),kilotonnes,0,0,0,0,0,0,0,0,0,0,0,0,0,0,0,0,0,0,0,0,0
Micronesia (Federated States of),Land Use change,Emissions (CO2eq) from N2O (AR5),kilotonnes,0,0,0,0,0,0,0,0,0,0,0,0,0,0,0,0,0,0,0,0,0
Micronesia (Federated States of),Land Use change,Emissions (CO2eq) (AR5),kilotonnes,351.988,351.8219,351.8219,351.8219,351.8219,351.8219,351.8219,351.8219,351.8219,351.8219,351.8219,0,0,0,0,0,0,0,0,0,0
Micronesia (Federated States of),Emissions on agricultural land,Emissions (CH4),kilotonnes,1.5801,1.5888,1.5857,1.5941,1.593,1.5993,1.5969,1.6225,1.6189,1.7192,1.6842,1.8035,1.8159,1.8767,1.8876,1.9159,1.9467,1.9404,1.9691,2.0165,2.0469
Micronesia (Federated States of),Emissions on agricultural land,Emissions (N2O),kilotonnes,0.046,0.046,0.046,0.046,0.046,0.0461,0.046,0.0467,0.0466,0.0492,0.049,0.0521,0.0522,0.0538,0.0538,0.0547,0.0556,0.0554,0.0561,0.0573,0.0584
Micronesia (Federated States of),Emissions on agricultural land,Emissions (CO2),kilotonnes,372.3805,374.3878,373.28,374.5312,374.4957,375.5711,375.1723,376.5862,374.3985,383.0024,372.0245,25.9609,29.6082,32.2837,33.0072,32.5466,31.9136,31.4642,30.8049,30.3644,30.3644
Micronesia (Federated States of),Emissions on agricultural land,Emissions (CO2eq) from CH4 (AR5),kilotonnes,44.2435,44.4877,44.3994,44.6344,44.6049,44.7797,44.7146,45.4302,45.3304,48.1373,47.1582,50.4983,50.8448,52.5474,52.8516,53.6439,54.5076,54.3307,55.1347,56.4612,57.3136
Micronesia (Federated States of),Emissions on agricultural land,Emissions (CO2eq) from N2O (AR5),kilotonnes,12.1783,12.1892,12.185,12.1951,12.1955,12.2033,12.2006,12.3768,12.3599,13.0385,12.9753,13.7986,13.8219,14.2462,14.252,14.4972,14.7461,14.6698,14.8573,15.1767,15.4847
Micronesia (Federated States of),Emissions on agricultural land,Emissions (CO2eq) (AR5),kilotonnes,428.8023,431.0647,429.8643,431.3607,431.296,432.5541,432.0874,434.3932,432.0888,444.1782,432.1579,90.2578,94.2749,99.0773,100.1107,100.6877,101.1674,100.4648,100.7969,102.0024,103.1627
Micronesia (Federated States of),Pre- and post- production,Emissions (CH4),kilotonnes,0.1415,0.1412,0.141,0.1408,0.1405,0.1398,0.1389,0.1378,0.1364,0.1359,0.1358,0.1365,0.1379,0.1397,0.1417,0.1435,0.1452,0.1468,0.1483,0.1498,0.1513
Micronesia (Federated States of),Pre- and post- production,Emissions (N2O),kilotonnes,0,0,0,0,0,0,0,0,0,0,0,0,0,0,0,0,0,0,0,0,0
Micronesia (Federated States of),Pre- and post- production,Emissions (CO2),kilotonnes,8.9477,9.7349,9.7942,10.2358,9.5883,7.8654,7.3399,7.33,6.3086,11.3348,9.878,9.9344,9.8706,10.8271,11.7354,12.2577,12.0236,11.6021,12.432,15.8317,15.7358
Micronesia (Federated States of),Pre- and post- production,Emissions (CO2eq) from CH4 (AR5),kilotonnes,3.961,3.9525,3.9474,3.9437,3.9329,3.9154,3.8888,3.8578,3.8183,3.8041,3.8024,3.8224,3.8606,3.9119,3.9665,4.018,4.0654,4.1099,4.152,4.1938,4.237
Micronesia (Federated States of),Pre- and post- production,Emissions (CO2eq) from N2O (AR5),kilotonnes,0.0089,0.0089,0.0089,0.0089,0.0089,0.0089,0.0089,0.0091,0.0086,0.009,0.0091,0.0091,0.0091,0.0092,0.0092,0.0092,0.0093,0.0093,0.0093,0.0093,0.0094
Micronesia (Federated States of),Pre- and post- production,Emissions (CO2eq) (AR5),kilotonnes,12.9176,13.6964,13.7505,14.1884,13.5301,11.7897,11.2377,11.1968,10.1355,15.1479,13.6895,13.7659,13.7404,14.7481,15.711,16.2849,16.0983,15.7213,16.5933,20.0348,19.9821
Micronesia (Federated States of),Agri-food systems,Emissions (CH4),kilotonnes,1.7216,1.73,1.7267,1.7349,1.7335,1.7391,1.7358,1.7603,1.7553,1.855,1.82,1.94,1.9538,2.0164,2.0292,2.0594,2.0919,2.0872,2.1174,2.1663,2.1982
Micronesia (Federated States of),Agri-food systems,Emissions (N2O),kilotonnes,0.046,0.046,0.046,0.0461,0.0461,0.0461,0.0461,0.0467,0.0467,0.0492,0.049,0.0521,0.0522,0.0538,0.0538,0.0547,0.0557,0.0554,0.0561,0.0573,0.0585
Micronesia (Federated States of),Agri-food systems,Emissions (CO2),kilotonnes,381.3282,384.1227,383.0742,384.767,384.084,383.4365,382.5122,383.9162,380.7071,394.3372,381.9025,35.8953,39.4788,43.1108,44.7426,44.8043,43.9372,43.0663,43.2369,46.1961,46.1002
Micronesia (Federated States of),Agri-food systems,Emissions (CO2eq) from CH4 (AR5),kilotonnes,48.2045,48.4403,48.3468,48.5781,48.5378,48.6951,48.6034,49.288,49.1487,51.9414,50.9606,54.3207,54.7055,56.4592,56.818,57.6618,58.573,58.4406,59.2867,60.655,61.5506
Micronesia (Federated States of),Agri-food systems,Emissions (CO2eq) from N2O (AR5),kilotonnes,12.1872,12.1982,12.1939,12.204,12.2044,12.2122,12.2095,12.3859,12.3684,13.0476,12.9844,13.8077,13.831,14.2554,14.2612,14.5064,14.7554,14.6791,14.8666,15.1861,15.4941
Micronesia (Federated States of),Agri-food systems,Emissions (CO2eq) (AR5),kilotonnes,441.72,444.7611,443.6149,445.5491,444.8262,444.3438,443.3251,445.59,442.2243,459.3261,445.8474,104.0237,108.0153,113.8254,115.8218,116.9726,117.2656,116.1861,117.3902,122.0372,123.1449
Micronesia (Federated States of),IPCC Agriculture,Emissions (CH4),kilotonnes,1.5155,1.5173,1.5176,1.5221,1.5211,1.524,1.5229,1.544,1.5473,1.6203,1.6202,1.7212,1.722,1.7743,1.7829,1.8126,1.8455,1.8406,1.8714,1.9202,1.9506
Micronesia (Federated States of),IPCC Agriculture,Emissions (CH4),kilotonnes,0.0275,,,,,,,,,,,,,,,,,,,,
Micronesia (Federated States of),IPCC Agriculture,Direct emissions (N2O),kilotonnes,0.0309,0.0309,0.0309,0.0309,0.0309,0.0309,0.0309,0.0313,0.0313,0.0331,0.0331,0.0351,0.0352,0.0362,0.0363,0.0369,0.0376,0.0373,0.0379,0.0388,0.0396
Micronesia (Federated States of),IPCC Agriculture,Indirect emissions (N2O),kilotonnes,0.0079,0.0079,0.0079,0.0079,0.0079,0.0079,0.0079,0.008,0.008,0.0084,0.0084,0.0089,0.0089,0.0092,0.0092,0.0093,0.0095,0.0095,0.0096,0.0098,0.01
Micronesia (Federated States of),IPCC Agriculture,Emissions (N2O),kilotonnes,0.0456,0.0456,0.0456,0.0457,0.0457,0.0457,0.0457,0.0463,0.0463,0.0487,0.0486,0.0517,0.0517,0.0532,0.0533,0.0542,0.0551,0.0549,0.0556,0.0568,0.058
Micronesia (Federated States of),IPCC Agriculture,Emissions (N2O),kilotonnes,0,,,,,,,,,,,,,,,,,,,,
Micronesia (Federated States of),IPCC Agriculture,Emissions (CO2eq) from CH4 (AR5),kilotonnes,42.4328,42.484,42.494,42.6179,42.5916,42.6709,42.6412,43.2313,43.3257,45.3686,45.3643,48.1931,48.2158,49.6807,49.9207,50.7539,51.6739,51.5369,52.3993,53.765,54.6174
Micronesia (Federated States of),IPCC Agriculture,Emissions (CO2eq) from CH4 (AR5),kilotonnes,0.77,,,,,,,,,,,,,,,,,,,,
Micronesia (Federated States of),IPCC Agriculture,Emissions (CO2eq) from N2O (AR5),kilotonnes,12.0926,12.0944,12.0948,12.0997,12.1002,12.1035,12.1024,12.2727,12.265,12.9075,12.8904,13.6895,13.6975,14.1106,14.1133,14.3604,14.612,14.5376,14.7279,15.0492,15.3571
Micronesia (Federated States of),IPCC Agriculture,Emissions (CO2eq) from N2O (AR5),kilotonnes,0,,,,,,,,,,,,,,,,,,,,
Micronesia (Federated States of),IPCC Agriculture,Emissions (CO2eq) (AR5),kilotonnes,54.5254,54.5784,54.5888,54.7176,54.6918,54.7744,54.7436,55.504,55.5907,58.2761,58.2547,61.8826,61.9132,63.7913,64.034,65.1143,66.2859,66.0745,67.1272,68.8142,69.9745
Micronesia (Federated States of),IPCC Agriculture,Emissions (CO2eq) (AR5),kilotonnes,0.77,,,,,,,,,,,,,,,,,,,,
Micronesia (Federated States of),Agricultural Soils,Direct emissions (N2O),kilotonnes,0.0309,0.0309,0.0309,0.0309,0.0309,0.0309,0.0309,0.0313,0.0313,0.0331,0.0331,0.0351,0.0352,0.0362,0.0363,0.0369,0.0376,0.0373,0.0379,0.0388,0.0396
Micronesia (Federated States of),Agricultural Soils,Indirect emissions (N2O),kilotonnes,0.0079,0.0079,0.0079,0.0079,0.0079,0.0079,0.0079,0.008,0.008,0.0084,0.0084,0.0089,0.0089,0.0092,0.0092,0.0093,0.0095,0.0095,0.0096,0.0098,0.01
Micronesia (Federated States of),Agricultural Soils,Emissions (N2O),kilotonnes,0.0387,0.0388,0.0388,0.0388,0.0388,0.0388,0.0388,0.0393,0.0393,0.0415,0.0415,0.044,0.0441,0.0454,0.0454,0.0463,0.0471,0.0468,0.0475,0.0486,0.0496
Micronesia (Federated States of),Agricultural Soils,Emissions (CO2eq) from N2O (AR5),kilotonnes,10.2673,10.2698,10.2702,10.277,10.2768,10.2813,10.2798,10.4058,10.403,10.998,10.9851,11.6711,11.6784,12.0344,12.0426,12.2632,12.4865,12.3956,12.5955,12.8852,13.1506
Micronesia (Federated States of),Agricultural Soils,Emissions (CO2eq) (AR5),kilotonnes,10.2673,10.2698,10.2702,10.277,10.2768,10.2813,10.2798,10.4058,10.403,10.998,10.9851,11.6711,11.6784,12.0344,12.0426,12.2632,12.4865,12.3956,12.5955,12.8852,13.1506
Micronesia (Federated States of),LULUCF,Emissions (CH4),kilotonnes,0,0,0,0,0,0,0,0,0,0,0,0,0,0,0,0,0,0,0,0,0
Micronesia (Federated States of),LULUCF,Emissions (CH4),kilotonnes,0.0002,,,,,,,,,,,,,,,,,,,,
Micronesia (Federated States of),LULUCF,Emissions (N2O),kilotonnes,0,0,0,0,0,0,0,0,0,0,0,0,0,0,0,0,0,0,0,0,0
Micronesia (Federated States of),LULUCF,Emissions (CO2),kilotonnes,-29.1224,-29.5731,-29.5731,-29.5731,-29.5731,-29.5731,-29.5731,-29.5731,-29.5731,-29.5731,-29.5731,-29.3118,-29.3118,-29.3118,-29.3118,-29.3118,-34.9327,-34.9327,-34.9327,-34.9327,-34.9327
Micronesia (Federated States of),LULUCF,Emissions (CO2),kilotonnes,-568.4086,,,,,,,,,,,,,,,,,,,,
Micronesia (Federated States of),LULUCF,Emissions (CO2eq) from CH4 (AR5),kilotonnes,0,0,0,0,0,0,0,0,0,0,0,0,0,0,0,0,0,0,0,0,0
Micronesia (Federated States of),LULUCF,Emissions (CO2eq) from N2O (AR5),kilotonnes,0,0,0,0,0,0,0,0,0,0,0,0,0,0,0,0,0,0,0,0,0
Micronesia (Federated States of),LULUCF,Emissions (CO2eq) (AR5),kilotonnes,-29.1224,-29.5731,-29.5731,-29.5731,-29.5731,-29.5731,-29.5731,-29.5731,-29.5731,-29.5731,-29.5731,-29.3118,-29.3118,-29.3118,-29.3118,-29.3118,-34.9327,-34.9327,-34.9327,-34.9327,-34.9327
Micronesia (Federated States of),LULUCF,Emissions (CO2eq) (AR5),kilotonnes,-568.4086,,,,,,,,,,,,,,,,,,,,
Micronesia (Federated States of),AFOLU,Emissions (CH4),kilotonnes,1.5155,1.5173,1.5176,1.5221,1.5211,1.524,1.5229,1.544,1.5473,1.6203,1.6202,1.7212,1.722,1.7743,1.7829,1.8126,1.8455,1.8406,1.8714,1.9202,1.9506
Micronesia (Federated States of),AFOLU,Emissions (N2O),kilotonnes,0.0456,0.0456,0.0456,0.0457,0.0457,0.0457,0.0457,0.0463,0.0463,0.0487,0.0486,0.0517,0.0517,0.0532,0.0533,0.0542,0.0551,0.0549,0.0556,0.0568,0.058
Micronesia (Federated States of),AFOLU,Emissions (CO2),kilotonnes,-29.1224,-29.5731,-29.5731,-29.5731,-29.5731,-29.5731,-29.5731,-29.5731,-29.5731,-29.5731,-29.5731,-29.3118,-29.3118,-29.3118,-29.3118,-29.3118,-34.9327,-34.9327,-34.9327,-34.9327,-34.9327
Micronesia (Federated States of),AFOLU,Emissions (CO2eq) from CH4 (AR5),kilotonnes,42.4328,42.484,42.494,42.6179,42.5916,42.6709,42.6412,43.2313,43.3257,45.3686,45.3643,48.1931,48.2158,49.6807,49.9207,50.7539,51.6739,51.5369,52.3993,53.765,54.6174
Micronesia (Federated States of),AFOLU,Emissions (CO2eq) from N2O (AR5),kilotonnes,12.0926,12.0944,12.0948,12.0997,12.1002,12.1035,12.1024,12.2727,12.265,12.9075,12.8904,13.6895,13.6975,14.1106,14.1133,14.3604,14.612,14.5376,14.7279,15.0492,15.3571
Micronesia (Federated States of),AFOLU,Emissions (CO2eq) (AR5),kilotonnes,25.403,25.0053,25.0157,25.1445,25.1186,25.2013,25.1705,25.9309,26.0176,28.703,28.6816,32.5708,32.6014,34.4795,34.7222,35.8025,31.3532,31.1418,32.1945,33.8815,35.0418
Micronesia (Federated States of),All sectors with LULUCF,Emissions (CH4),kilotonnes,1.6605,1.6623,1.6626,1.6671,1.6661,1.668,1.6669,1.687,1.6893,1.7623,1.7612,1.8622,1.863,1.9163,1.9249,1.9566,1.9915,1.9876,2.0204,2.0652,2.0966
Micronesia (Federated States of),All sectors with LULUCF,Emissions (N2O),kilotonnes,0.0456,0.0456,0.0456,0.0457,0.0457,0.0457,0.0457,0.0463,0.0463,0.0487,0.0486,0.0517,0.0517,0.0532,0.0533,0.0542,0.0551,0.0549,0.0556,0.0568,0.058
Micronesia (Federated States of),All sectors with LULUCF,Emissions (CO2),kilotonnes,98.8776,113.4269,106.4269,117.4269,113.4269,91.4269,91.4269,102.4269,80.4269,117.4269,73.4269,87.6882,95.6882,106.6882,106.6882,113.6882,108.0673,108.0673,116.0673,130.0673,129.0673
Micronesia (Federated States of),All sectors with LULUCF,Emissions (CO2eq) from CH4 (AR5),kilotonnes,46.4928,46.544,46.554,46.6779,46.6516,46.7029,46.6732,47.2353,47.3017,49.3446,49.3123,52.1411,52.1638,53.6567,53.8967,54.7859,55.7619,55.6529,56.5713,57.825,58.7054
Micronesia (Federated States of),All sectors with LULUCF,Emissions (CO2eq) from N2O (AR5),kilotonnes,12.0926,12.0944,12.0948,12.0997,12.1002,12.1035,12.1024,12.2727,12.265,12.9075,12.8904,13.6895,13.6975,14.1106,14.1133,14.3604,14.612,14.5376,14.7279,15.0492,15.3571
Micronesia (Federated States of),All sectors with LULUCF,Emissions (CO2eq) (AR5),kilotonnes,157.463,172.0653,165.0757,176.2045,172.1786,150.2333,150.2025,161.9349,139.9936,179.679,135.6296,153.5188,161.5494,174.4555,174.6982,182.8345,178.4412,178.2578,187.3665,202.9415,203.1298
Micronesia (Federated States of),All sectors without LULUCF,Emissions (CH4),kilotonnes,1.6605,1.6623,1.6626,1.6671,1.6661,1.668,1.6669,1.687,1.6893,1.7623,1.7612,1.8622,1.863,1.9163,1.9249,1.9566,1.9915,1.9876,2.0204,2.0652,2.0966
Micronesia (Federated States of),All sectors without LULUCF,Emissions (N2O),kilotonnes,0.0456,0.0456,0.0456,0.0457,0.0457,0.0457,0.0457,0.0463,0.0463,0.0487,0.0486,0.0517,0.0517,0.0532,0.0533,0.0542,0.0551,0.0549,0.0556,0.0568,0.058
Micronesia (Federated States of),All sectors without LULUCF,Emissions (CO2),kilotonnes,128,143,136,147,143,121,121,132,110,147,103,117,125,136,136,143,143,143,151,165,164
Micronesia (Federated States of),All sectors without LULUCF,Emissions (CO2eq) from CH4 (AR5),kilotonnes,46.4928,46.544,46.554,46.6779,46.6516,46.7029,46.6732,47.2353,47.3017,49.3446,49.3123,52.1411,52.1638,53.6567,53.8967,54.7859,55.7619,55.6529,56.5713,57.825,58.7054
Micronesia (Federated States of),All sectors without LULUCF,Emissions (CO2eq) from N2O (AR5),kilotonnes,12.0926,12.0944,12.0948,12.0997,12.1002,12.1035,12.1024,12.2727,12.265,12.9075,12.8904,13.6895,13.6975,14.1106,14.1133,14.3604,14.612,14.5376,14.7279,15.0492,15.3571
Micronesia (Federated States of),All sectors without LULUCF,Emissions (CO2eq) (AR5),kilotonnes,186.5854,201.6384,194.6488,205.7776,201.7518,179.8064,179.7756,191.508,169.5667,209.2521,165.2027,182.8306,190.8612,203.7673,204.01,212.1463,213.3739,213.1905,222.2992,237.8742,238.0625
Monaco,Drained organic soils,Emissions (CO2eq) (AR5),kilotonnes,0,0,0,0,0,0,0,0,0,0,0,0,0,0,0,0,0,0,0,0,0
Monaco,Drained organic soils (CO2),Emissions (CO2),kilotonnes,0,0,0,0,0,0,0,0,0,0,0,0,0,0,0,0,0,0,0,0,0
Monaco,Drained organic soils (CO2),Emissions (CO2eq) (AR5),kilotonnes,0,0,0,0,0,0,0,0,0,0,0,0,0,0,0,0,0,0,0,0,0
Monaco,Drained organic soils (N2O),Emissions (N2O),kilotonnes,0,0,0,0,0,0,0,0,0,0,0,0,0,0,0,0,0,0,0,0,0
Monaco,Drained organic soils (N2O),Emissions (CO2eq) from N2O (AR5),kilotonnes,0,0,0,0,0,0,0,0,0,0,0,0,0,0,0,0,0,0,0,0,0
Monaco,Drained organic soils (N2O),Emissions (CO2eq) (AR5),kilotonnes,0,0,0,0,0,0,0,0,0,0,0,0,0,0,0,0,0,0,0,0,0
Monaco,Forestland,Emissions (CO2),kilotonnes,0,0,0,0,0,0,0,0,0,0,0,0,0,0,0,0,0,0,0,0,0
Monaco,Forestland,Emissions (CO2eq) (AR5),kilotonnes,0,0,0,0,0,0,0,0,0,0,0,0,0,0,0,0,0,0,0,0,0
Monaco,Net Forest conversion,Emissions (CO2),kilotonnes,0,0,0,0,0,0,0,0,0,0,0,0,0,0,0,0,0,0,0,0,0
Monaco,Net Forest conversion,Emissions (CO2eq) (AR5),kilotonnes,0,0,0,0,0,0,0,0,0,0,0,0,0,0,0,0,0,0,0,0,0
Monaco,Savanna fires,Emissions (CH4),kilotonnes,0,0,0,0,0,0,0,0,0,0,0,0,0,0,0,0,0,0,0,0,0
Monaco,Savanna fires,Emissions (N2O),kilotonnes,0,0,0,0,0,0,0,0,0,0,0,0,0,0,0,0,0,0,0,0,0
Monaco,Savanna fires,Emissions (CO2eq) from CH4 (AR5),kilotonnes,0,0,0,0,0,0,0,0,0,0,0,0,0,0,0,0,0,0,0,0,0
Monaco,Savanna fires,Emissions (CO2eq) from N2O (AR5),kilotonnes,0,0,0,0,0,0,0,0,0,0,0,0,0,0,0,0,0,0,0,0,0
Monaco,Savanna fires,Emissions (CO2eq) (AR5),kilotonnes,0,0,0,0,0,0,0,0,0,0,0,0,0,0,0,0,0,0,0,0,0
Monaco,Waste - agri-food systems,Emissions (CH4),kilotonnes,0.1269,0.1281,0.1292,0.1304,0.1315,0.1326,0.1336,0.1347,0.1358,0.1368,0.1377,0.1387,0.1397,0.1407,0.1416,0.1425,0.1432,0.1439,0.1446,0.1452,0.1458
Monaco,Waste - agri-food systems,Emissions (N2O),kilotonnes,0,0,0,0,0,0,0,0,0,0,0,0,0,0,0,0,0,0,0,0,0
Monaco,Waste - agri-food systems,Emissions (CO2),kilotonnes,0.4941,0.4947,0.4967,0.5011,0.5043,0.5046,0.5066,0.5122,0.5145,0.5105,0.5102,0.5131,0.5117,0.5147,0.5165,0.5137,0.5145,0.5143,0.5169,0.5175,0.5156
Monaco,Waste - agri-food systems,Emissions (CO2eq) from CH4 (AR5),kilotonnes,3.5544,3.5865,3.6178,3.6501,3.6827,3.7126,3.7422,3.7728,3.8026,3.8292,3.8555,3.8838,3.9107,3.9388,3.9659,3.9894,4.0103,4.0293,4.0478,4.0657,4.0814
Monaco,Waste - agri-food systems,Emissions (CO2eq) from N2O (AR5),kilotonnes,0,0,0,0,0,0,0,0,0,0,0,0,0,0,0,0,0,0,0,0,0
Monaco,Waste - agri-food systems,Emissions (CO2eq) (AR5),kilotonnes,4.0485,4.0813,4.1145,4.1512,4.1869,4.2173,4.2488,4.285,4.3171,4.3398,4.3657,4.3968,4.4224,4.4536,4.4824,4.5031,4.5248,4.5436,4.5647,4.5832,4.5971
Monaco,Energy,Emissions (CH4),kilotonnes,0.178,0.177,0.17,0.175,0.173,0.168,0.163,0.16,0.162,0.161,0.165,0.151,0.158,0.165,0.157,0.16,0.165,0.164,0.168,0.163,0.149
Monaco,Energy,Emissions (N2O),kilotonnes,0.0061,0.006,0.006,0.0061,0.0062,0.0062,0.0061,0.0061,0.0062,0.0062,0.0064,0.0062,0.0063,0.0066,0.0064,0.0066,0.0064,0.0065,0.0072,0.0066,0.0062
Monaco,Energy,Emissions (CO2),kilotonnes,96,99,99.5,95.8,91.2,89,83.2,83.3,83.4,79.2,76.9,76.9,79.1,79.7,75.1,77.8,75.7,74,75.7,72.4,61.9
Monaco,Energy,Emissions (CO2eq) from CH4 (AR5),kilotonnes,4.984,4.956,4.76,4.9,4.844,4.704,4.564,4.48,4.536,4.508,4.62,4.228,4.424,4.62,4.396,4.48,4.62,4.592,4.704,4.564,4.172
Monaco,Energy,Emissions (CO2eq) from N2O (AR5),kilotonnes,1.6085,1.59,1.5926,1.6165,1.6536,1.651,1.6059,1.6218,1.6404,1.643,1.6828,1.643,1.6721,1.7569,1.696,1.7384,1.6933,1.7119,1.9186,1.7464,1.6298
Monaco,Energy,Emissions (CO2eq) (AR5),kilotonnes,102.5926,105.546,105.8526,102.3165,97.6976,95.355,89.3699,89.4018,89.5764,85.351,83.2028,82.771,85.1961,86.0769,81.192,84.0184,82.0134,80.3039,82.3226,78.7104,67.7018
Monaco,IPPU,Emissions (CH4),kilotonnes,0.0016,0.0015,0.0016,0.0015,0.0014,0.0014,0.0014,0.0015,0.0013,0.0011,0.0013,0.0013,0.0012,0.0012,0.0013,0.0012,0.0012,0.0013,0.0012,0.0012,0.0012
Monaco,IPPU,Emissions (N2O),kilotonnes,0.0119,0.0106,0.0099,0.01,0.0087,0.0082,0.0065,0.0058,0.0054,0.005,0.005,0.0046,0.0046,0.0045,0.0043,0.0045,0.0045,0.0045,0.0045,0.0033,0.003
Monaco,IPPU,Emissions (CO2),kilotonnes,17.8,17.7,17.4,17.3,17.2,17.2,17.1,17.5,16.4,14.4,15.8,15.8,15.5,15.1,14.7,14,14.3,14.6,14.5,13.7,13.2
Monaco,IPPU,Emissions (CO2eq) from F-gases (AR5),kilotonnes,7.4922,7.7838,8.2502,8.5709,8.8916,8.843,9.6495,10.5921,11.5639,12.3413,13.4102,14.965,13.6046,16.5198,15.3537,16.7142,16.9085,14.6735,17.8803,18.1718,13.313
Monaco,IPPU,Emissions (CO2eq) from CH4 (AR5),kilotonnes,0.0445,0.0426,0.044,0.0431,0.0389,0.0395,0.0406,0.042,0.037,0.0294,0.0361,0.035,0.0339,0.0328,0.0361,0.033,0.0342,0.0367,0.0344,0.0328,0.0322
Monaco,IPPU,Emissions (CO2eq) from N2O (AR5),kilotonnes,3.1535,2.809,2.6315,2.6394,2.3108,2.173,1.7119,1.5264,1.4284,1.3303,1.3197,1.2111,1.227,1.1792,1.1369,1.1792,1.1792,1.1792,1.1925,0.8719,0.8003
Monaco,IPPU,Emissions (CO2eq) (AR5),kilotonnes,28.4902,28.3353,28.3256,28.5534,28.4413,28.2554,28.502,29.6605,29.4292,28.101,30.566,32.0111,30.3654,32.8318,31.2267,31.9265,32.4219,30.4894,33.6072,32.7764,27.3455
Monaco,Waste,Emissions (CH4),kilotonnes,0.509,0.511,0.518,0.521,0.521,0.519,0.511,0.508,0.508,0.49,0.495,0.487,0.474,0.466,0.458,0.433,0.441,0.446,0.45,0.278,0.0538
Monaco,Waste,Emissions (N2O),kilotonnes,0.003,0.003,0.003,0.0031,0.0031,0.0031,0.0031,0.0031,0.0031,0.0032,0.0032,0.0033,0.0034,0.0034,0.0035,0.0035,0.0036,0.0036,0.0037,0.0036,0.0035
Monaco,Waste,Emissions (CO2),kilotonnes,0.925,0.961,1.03,1.03,1.04,1.06,1.05,1.06,1.09,0.967,1.07,1.14,1.23,1.09,1.13,1.17,1.13,1.17,1.2,1.2,1.21
Monaco,Waste,Emissions (CO2eq) from CH4 (AR5),kilotonnes,14.252,14.308,14.504,14.588,14.588,14.532,14.308,14.224,14.224,13.72,13.86,13.636,13.272,13.048,12.824,12.124,12.348,12.488,12.6,7.784,1.5064
Monaco,Waste,Emissions (CO2eq) from N2O (AR5),kilotonnes,0.7924,0.7977,0.8056,0.8162,0.8162,0.8136,0.8109,0.8136,0.8242,0.8348,0.8586,0.8719,0.8931,0.9037,0.9222,0.9355,0.9461,0.9646,0.9805,0.9593,0.9275
Monaco,Waste,Emissions (CO2eq) (AR5),kilotonnes,15.9694,16.0666,16.3396,16.4342,16.4442,16.4055,16.1689,16.0975,16.1381,15.5217,15.7886,15.6479,15.395,15.0417,14.8762,14.2294,14.4241,14.6226,14.7805,9.9433,3.6439
Monaco,Other,Emissions (N2O),kilotonnes,0.0037,0.0037,0.0035,0.0034,0.0033,0.0032,0.003,0.0028,0.0027,0.0026,0.0025,0.0024,0.0024,0.0023,0.0021,0.0021,0.0021,0.002,0.0019,0.0018,0.0017
Monaco,Other,Emissions (CO2eq) from N2O (AR5),kilotonnes,0.9832,0.9673,0.9328,0.9037,0.8692,0.8374,0.7871,0.7473,0.7155,0.6758,0.6625,0.6386,0.6228,0.6042,0.5591,0.5565,0.5538,0.5406,0.5141,0.4638,0.4399
Monaco,Other,Emissions (CO2eq) (AR5),kilotonnes,0.9832,0.9673,0.9328,0.9037,0.8692,0.8374,0.7871,0.7473,0.7155,0.6758,0.6625,0.6386,0.6228,0.6042,0.5591,0.5565,0.5538,0.5406,0.5141,0.4638,0.4399
Monaco,Farm-gate emissions,Emissions (CH4),kilotonnes,0,0,0,0,0,0,0,0,0,0,0,0,0,0,0,0,0,0,0,0,0
Monaco,Farm-gate emissions,Emissions (N2O),kilotonnes,0,0,0,0,0,0,0,0,0,0,0,0,0,0,0,0,0,0,0,0,0
Monaco,Farm-gate emissions,Emissions (CO2),kilotonnes,0,0,0,0,0,0,0,0,0,0,0,0,0,0,0,0,0,0,0,0,0
Monaco,Farm-gate emissions,Emissions (CO2eq) from CH4 (AR5),kilotonnes,0,0,0,0,0,0,0,0,0,0,0,0,0,0,0,0,0,0,0,0,0
Monaco,Farm-gate emissions,Emissions (CO2eq) from N2O (AR5),kilotonnes,0,0,0,0,0,0,0,0,0,0,0,0,0,0,0,0,0,0,0,0,0
Monaco,Farm-gate emissions,Emissions (CO2eq) (AR5),kilotonnes,0,0,0,0,0,0,0,0,0,0,0,0,0,0,0,0,0,0,0,0,0
Monaco,Land Use change,Emissions (CO2),kilotonnes,0,0,0,0,0,0,0,0,0,0,0,0,0,0,0,0,0,0,0,0,0
Monaco,Land Use change,Emissions (CO2eq) (AR5),kilotonnes,0,0,0,0,0,0,0,0,0,0,0,0,0,0,0,0,0,0,0,0,0
Monaco,Emissions on agricultural land,Emissions (CH4),kilotonnes,0,0,0,0,0,0,0,0,0,0,0,0,0,0,0,0,0,0,0,0,0
Monaco,Emissions on agricultural land,Emissions (N2O),kilotonnes,0,0,0,0,0,0,0,0,0,0,0,0,0,0,0,0,0,0,0,0,0
Monaco,Emissions on agricultural land,Emissions (CO2),kilotonnes,0,0,0,0,0,0,0,0,0,0,0,0,0,0,0,0,0,0,0,0,0
Monaco,Emissions on agricultural land,Emissions (CO2eq) from CH4 (AR5),kilotonnes,0,0,0,0,0,0,0,0,0,0,0,0,0,0,0,0,0,0,0,0,0
Monaco,Emissions on agricultural land,Emissions (CO2eq) from N2O (AR5),kilotonnes,0,0,0,0,0,0,0,0,0,0,0,0,0,0,0,0,0,0,0,0,0
Monaco,Emissions on agricultural land,Emissions (CO2eq) (AR5),kilotonnes,0,0,0,0,0,0,0,0,0,0,0,0,0,0,0,0,0,0,0,0,0
Monaco,Pre- and post- production,Emissions (CH4),kilotonnes,0.1269,0.1281,0.1292,0.1304,0.1315,0.1326,0.1336,0.1347,0.1358,0.1368,0.1377,0.1387,0.1397,0.1407,0.1416,0.1425,0.1432,0.1439,0.1446,0.1452,0.1458
Monaco,Pre- and post- production,Emissions (N2O),kilotonnes,0,0,0,0,0,0,0,0,0,0,0,0,0,0,0,0,0,0,0,0,0
Monaco,Pre- and post- production,Emissions (CO2),kilotonnes,0.4941,0.4947,0.4967,0.5011,0.5043,0.5046,0.5066,0.5122,0.5145,0.5105,0.5102,0.5131,0.5117,0.5147,0.5165,0.5137,0.5145,0.5143,0.5169,0.5175,0.5156
Monaco,Pre- and post- production,Emissions (CO2eq) from CH4 (AR5),kilotonnes,3.5544,3.5865,3.6178,3.6501,3.6827,3.7126,3.7422,3.7728,3.8026,3.8292,3.8555,3.8838,3.9107,3.9388,3.9659,3.9894,4.0103,4.0293,4.0478,4.0657,4.0814
Monaco,Pre- and post- production,Emissions (CO2eq) from N2O (AR5),kilotonnes,0,0,0,0,0,0,0,0,0,0,0,0,0,0,0,0,0,0,0,0,0
Monaco,Pre- and post- production,Emissions (CO2eq) (AR5),kilotonnes,4.0485,4.0813,4.1145,4.1512,4.1869,4.2173,4.2488,4.285,4.3171,4.3398,4.3657,4.3968,4.4224,4.4536,4.4824,4.5031,4.5248,4.5436,4.5647,4.5832,4.5971
Monaco,Agri-food systems,Emissions (CH4),kilotonnes,0.1269,0.1281,0.1292,0.1304,0.1315,0.1326,0.1336,0.1347,0.1358,0.1368,0.1377,0.1387,0.1397,0.1407,0.1416,0.1425,0.1432,0.1439,0.1446,0.1452,0.1458
Monaco,Agri-food systems,Emissions (N2O),kilotonnes,0,0,0,0,0,0,0,0,0,0,0,0,0,0,0,0,0,0,0,0,0
Monaco,Agri-food systems,Emissions (CO2),kilotonnes,0.4941,0.4947,0.4967,0.5011,0.5043,0.5046,0.5066,0.5122,0.5145,0.5105,0.5102,0.5131,0.5117,0.5147,0.5165,0.5137,0.5145,0.5143,0.5169,0.5175,0.5156
Monaco,Agri-food systems,Emissions (CO2eq) from CH4 (AR5),kilotonnes,3.5544,3.5865,3.6178,3.6501,3.6827,3.7126,3.7422,3.7728,3.8026,3.8292,3.8555,3.8838,3.9107,3.9388,3.9659,3.9894,4.0103,4.0293,4.0478,4.0657,4.0814
Monaco,Agri-food systems,Emissions (CO2eq) from N2O (AR5),kilotonnes,0,0,0,0,0,0,0,0,0,0,0,0,0,0,0,0,0,0,0,0,0
Monaco,Agri-food systems,Emissions (CO2eq) (AR5),kilotonnes,4.0485,4.0813,4.1145,4.1512,4.1869,4.2173,4.2488,4.285,4.3171,4.3398,4.3657,4.3968,4.4224,4.4536,4.4824,4.5031,4.5248,4.5436,4.5647,4.5832,4.5971
Monaco,IPCC Agriculture,Emissions (CH4),kilotonnes,0,0,0,0,0,0,0,0,0,0,0,0,0,0,0,0,0,0,0,0,0
Monaco,IPCC Agriculture,Emissions (N2O),kilotonnes,0,0,0,0,0,0,0,0,0,0,0,0,0,0,0,0,0,0,0,0,0
Monaco,IPCC Agriculture,Emissions (CO2eq) from CH4 (AR5),kilotonnes,0,0,0,0,0,0,0,0,0,0,0,0,0,0,0,0,0,0,0,0,0
Monaco,IPCC Agriculture,Emissions (CO2eq) from N2O (AR5),kilotonnes,0,0,0,0,0,0,0,0,0,0,0,0,0,0,0,0,0,0,0,0,0
Monaco,IPCC Agriculture,Emissions (CO2eq) (AR5),kilotonnes,0,0,0,0,0,0,0,0,0,0,0,0,0,0,0,0,0,0,0,0,0
Monaco,Agricultural Soils,Emissions (N2O),kilotonnes,0,0,0,0,0,0,0,0,0,0,0,0,0,0,0,0,0,0,0,0,0
Monaco,Agricultural Soils,Emissions (CO2eq) from N2O (AR5),kilotonnes,0,0,0,0,0,0,0,0,0,0,0,0,0,0,0,0,0,0,0,0,0
Monaco,Agricultural Soils,Emissions (CO2eq) (AR5),kilotonnes,0,0,0,0,0,0,0,0,0,0,0,0,0,0,0,0,0,0,0,0,0
Monaco,LULUCF,Emissions (CH4),kilotonnes,,,,,,,,,,,,,,,,,,,,,
Monaco,LULUCF,Emissions (N2O),kilotonnes,0,0,0.0001,0.0001,0.0001,0,0,0,0,0,0,0,0,0,0,0,0,0,0,0,
Monaco,LULUCF,Emissions (CO2),kilotonnes,0,0,0,0,0,0,0,0,0,0,0,0,0,0,0,0,0,0,0,0,0
Monaco,LULUCF,Emissions (CO2),kilotonnes,-0.0477,-0.0501,-0.0528,-0.0545,-0.0384,-0.0575,-0.0555,-0.0657,-0.0666,-0.0688,-0.0596,-0.0519,-0.0443,-0.045,-0.0397,0.0545,-0.0172,-0.0145,-0.0284,0.0619,
Monaco,LULUCF,Emissions (CO2eq) (AR5),kilotonnes,0,0,0,0,0,0,0,0,0,0,0,0,0,0,0,0,0,0,0,0,0
Monaco,LULUCF,Emissions (CO2eq) (AR5),kilotonnes,-0.0477,-0.0501,-0.0528,-0.0545,-0.0384,-0.0575,-0.0555,-0.0657,-0.0666,-0.0688,-0.0596,-0.0519,-0.0443,-0.045,-0.0397,0.0545,-0.0172,-0.0145,-0.0284,0.0619,
Monaco,AFOLU,Emissions (CH4),kilotonnes,0,0,0,0,0,0,0,0,0,0,0,0,0,0,0,0,0,0,0,0,0
Monaco,AFOLU,Emissions (N2O),kilotonnes,0,0,0,0,0,0,0,0,0,0,0,0,0,0,0,0,0,0,0,0,0
Monaco,AFOLU,Emissions (CO2),kilotonnes,0,0,0,0,0,0,0,0,0,0,0,0,0,0,0,0,0,0,0,0,0
Monaco,AFOLU,Emissions (CO2eq) from CH4 (AR5),kilotonnes,0,0,0,0,0,0,0,0,0,0,0,0,0,0,0,0,0,0,0,0,0
Monaco,AFOLU,Emissions (CO2eq) from N2O (AR5),kilotonnes,0,0,0,0,0,0,0,0,0,0,0,0,0,0,0,0,0,0,0,0,0
Monaco,AFOLU,Emissions (CO2eq) (AR5),kilotonnes,0,0,0,0,0,0,0,0,0,0,0,0,0,0,0,0,0,0,0,0,0
Monaco,All sectors with LULUCF,Emissions (CH4),kilotonnes,0.6886,0.6895,0.6896,0.6975,0.6954,0.6884,0.6755,0.6695,0.6713,0.6521,0.6613,0.6393,0.6332,0.6322,0.6163,0.5942,0.6072,0.6113,0.6192,0.4422,0.204
Monaco,All sectors with LULUCF,Emissions (N2O),kilotonnes,0.0247,0.0233,0.0225,0.0226,0.0213,0.0207,0.0186,0.0178,0.0174,0.0169,0.0171,0.0165,0.0167,0.0168,0.0163,0.0166,0.0165,0.0166,0.0174,0.0153,0.0143
Monaco,All sectors with LULUCF,Emissions (CO2),kilotonnes,114.725,117.661,117.93,114.13,109.44,107.26,101.35,101.86,100.89,94.567,93.77,93.84,95.83,95.89,90.93,92.97,91.13,89.77,91.4,87.3,76.31
Monaco,All sectors with LULUCF,Emissions (CO2eq) from F-gases (AR5),kilotonnes,7.4922,7.7838,8.2502,8.5709,8.8916,8.843,9.6495,10.5921,11.5639,12.3413,13.4102,14.965,13.6046,16.5198,15.3537,16.7142,16.9085,14.6735,17.8803,18.1718,13.313
Monaco,All sectors with LULUCF,Emissions (CO2eq) from CH4 (AR5),kilotonnes,19.2805,19.3066,19.308,19.5311,19.4709,19.2755,18.9126,18.746,18.797,18.2574,18.5161,17.899,17.7299,17.7008,17.2561,16.637,17.0022,17.1167,17.3384,12.3808,5.7106
Monaco,All sectors with LULUCF,Emissions (CO2eq) from N2O (AR5),kilotonnes,6.5376,6.1639,5.9625,5.9758,5.6498,5.4749,4.9158,4.709,4.6083,4.4838,4.5236,4.3646,4.4149,4.444,4.3142,4.4096,4.3725,4.3964,4.6057,4.0413,3.7975
Monaco,All sectors with LULUCF,Emissions (CO2eq) (AR5),kilotonnes,148.0353,150.9152,151.4507,148.2077,143.4523,140.8533,134.8279,135.9072,135.8592,129.6495,130.2199,131.0686,131.5793,134.5546,127.854,130.7308,129.4132,125.9565,131.2244,121.8938,99.1311
Monaco,All sectors without LULUCF,Emissions (CH4),kilotonnes,0.6886,0.6895,0.6896,0.6975,0.6954,0.6884,0.6755,0.6695,0.6713,0.6521,0.6613,0.6393,0.6332,0.6322,0.6163,0.5942,0.6072,0.6113,0.6192,0.4422,0.204
Monaco,All sectors without LULUCF,Emissions (N2O),kilotonnes,0.0247,0.0233,0.0225,0.0226,0.0213,0.0207,0.0186,0.0178,0.0174,0.0169,0.0171,0.0165,0.0167,0.0168,0.0163,0.0166,0.0165,0.0166,0.0174,0.0153,0.0143
Monaco,All sectors without LULUCF,Emissions (CO2),kilotonnes,114.725,117.661,117.93,114.13,109.44,107.26,101.35,101.86,100.89,94.567,93.77,93.84,95.83,95.89,90.93,92.97,91.13,89.77,91.4,87.3,76.31
Monaco,All sectors without LULUCF,Emissions (CO2eq) from F-gases (AR5),kilotonnes,7.4922,7.7838,8.2502,8.5709,8.8916,8.843,9.6495,10.5921,11.5639,12.3413,13.4102,14.965,13.6046,16.5198,15.3537,16.7142,16.9085,14.6735,17.8803,18.1718,13.313
Monaco,All sectors without LULUCF,Emissions (CO2eq) from CH4 (AR5),kilotonnes,19.2805,19.3066,19.308,19.5311,19.4709,19.2755,18.9126,18.746,18.797,18.2574,18.5161,17.899,17.7299,17.7008,17.2561,16.637,17.0022,17.1167,17.3384,12.3808,5.7106
Monaco,All sectors without LULUCF,Emissions (CO2eq) from N2O (AR5),kilotonnes,6.5376,6.1639,5.9625,5.9758,5.6498,5.4749,4.9158,4.7091,4.6083,4.4838,4.5236,4.3646,4.4149,4.444,4.3142,4.4096,4.3725,4.3964,4.6057,4.0412,3.7975
Monaco,All sectors without LULUCF,Emissions (CO2eq) (AR5),kilotonnes,148.0353,150.9152,151.4507,148.2077,143.4523,140.8533,134.8279,135.9072,135.8592,129.6495,130.2199,131.0686,131.5793,134.5546,127.854,130.7308,129.4132,125.9565,131.2244,121.8938,99.1311
Mongolia,Crop Residues,Direct emissions (N2O),kilotonnes,0.041,0.0424,0.0406,0.047,0.0404,0.0285,0.038,0.0341,0.0546,0.0943,0.0882,0.1084,0.1158,0.096,0.1215,0.0686,0.1188,0.0668,0.109,0.1077,0.1093
Mongolia,Crop Residues,Indirect emissions (N2O),kilotonnes,0.0092,0.0095,0.0091,0.0106,0.0091,0.0064,0.0085,0.0077,0.0123,0.0212,0.0199,0.0244,0.0261,0.0216,0.0273,0.0154,0.0267,0.015,0.0245,0.0242,0.0246
Mongolia,Crop Residues,Emissions (N2O),kilotonnes,0.0502,0.0519,0.0497,0.0576,0.0495,0.0349,0.0465,0.0418,0.0669,0.1156,0.1081,0.1328,0.1419,0.1177,0.1489,0.0841,0.1456,0.0818,0.1335,0.132,0.1338
Mongolia,Crop Residues,Emissions (CO2eq) from N2O (AR5),kilotonnes,13.3049,13.7508,13.1719,15.2667,13.1083,9.2446,12.3286,11.0643,17.7384,30.6269,28.6399,35.1969,37.5997,31.1784,39.4465,22.2845,38.5771,21.6856,35.3899,34.9718,35.4661
Mongolia,Crop Residues,Emissions (CO2eq) (AR5),kilotonnes,13.3049,13.7508,13.1719,15.2667,13.1083,9.2446,12.3286,11.0643,17.7384,30.6269,28.6399,35.1969,37.5997,31.1784,39.4465,22.2845,38.5771,21.6856,35.3899,34.9718,35.4661
Mongolia,Burning - Crop residues,Emissions (CH4),kilotonnes,0.1929,0.2081,0.2253,0.2188,0.1815,0.1661,0.1274,0.126,0.162,0.2688,0.2703,0.3147,0.3211,0.2976,0.3145,0.3901,0.3835,0.2927,0.3325,0.3467,0.3551
Mongolia,Burning - Crop residues,Emissions (CH4),kilotonnes,,,,,,,0.04,,,,,,,,,,,,,,
Mongolia,Burning - Crop residues,Emissions (N2O),kilotonnes,0.005,0.0054,0.0058,0.0057,0.0047,0.0043,0.0033,0.0033,0.0042,0.007,0.007,0.0082,0.0083,0.0077,0.0082,0.0101,0.0099,0.0076,0.0086,0.009,0.0092
Mongolia,Burning - Crop residues,Emissions (CO2eq) from CH4 (AR5),kilotonnes,5.4,5.8254,6.3094,6.1278,5.0808,4.6495,3.5673,3.5275,4.5365,7.527,7.567,8.8104,8.9909,8.3328,8.8073,10.9233,10.7375,8.1947,9.3108,9.7082,9.9438
Mongolia,Burning - Crop residues,Emissions (CO2eq) from CH4 (AR5),kilotonnes,,,,,,,1.12,,,,,,,,,,,,,,
Mongolia,Burning - Crop residues,Emissions (CO2eq) from N2O (AR5),kilotonnes,1.325,1.4294,1.5481,1.5036,1.2467,1.1409,0.8753,0.8656,1.1131,1.8469,1.8567,2.1618,2.2061,2.0446,2.1611,2.6802,2.6347,2.0107,2.2846,2.3821,2.4399
Mongolia,Burning - Crop residues,Emissions (CO2eq) (AR5),kilotonnes,6.725,7.2548,7.8575,7.6313,6.3274,5.7904,4.4426,4.3931,5.6496,9.3739,9.4238,10.9722,11.197,10.3774,10.9684,13.6035,13.3721,10.2054,11.5954,12.0904,12.3838
Mongolia,Burning - Crop residues,Emissions (CO2eq) (AR5),kilotonnes,,,,,,,1.12,,,,,,,,,,,,,,
Mongolia,Enteric Fermentation,Emissions (CH4),kilotonnes,403.6781,346.9543,270.9518,263.5159,253.7389,286.7688,319.4827,360.6673,374.1951,383.749,301.4662,331.6518,370.4605,411.4357,475.3088,518.3839,565.0894,607.4884,609.9271,655.2375,634.3336
Mongolia,Enteric Fermentation,Emissions (CH4),kilotonnes,,,,,,,280.72,,,,,,,,,,,,,,
Mongolia,Enteric Fermentation,Emissions (CO2eq) from CH4 (AR5),kilotonnes,11302.9864,9714.7196,7586.6504,7378.4452,7104.6892,8029.5264,8945.5156,10098.6848,10477.4641,10744.9733,8441.0544,9286.2513,10372.8937,11520.2007,13308.6469,14514.7479,15822.5035,17009.6752,17077.9591,18346.6488,17761.3396
Mongolia,Enteric Fermentation,Emissions (CO2eq) from CH4 (AR5),kilotonnes,,,,,,,7860.16,,,,,,,,,,,,,,
Mongolia,Enteric Fermentation,Emissions (CO2eq) (AR5),kilotonnes,11302.9864,9714.7196,7586.6504,7378.4452,7104.6892,8029.5264,8945.5156,10098.6848,10477.4641,10744.9733,8441.0544,9286.2513,10372.8937,11520.2007,13308.6469,14514.7479,15822.5035,17009.6752,17077.9591,18346.6488,17761.3396
Mongolia,Enteric Fermentation,Emissions (CO2eq) (AR5),kilotonnes,,,,,,,7860.16,,,,,,,,,,,,,,
Mongolia,Manure Management,Emissions (CH4),kilotonnes,17.9077,15.7654,12.2296,12.9353,12.3419,13.2034,14.3298,15.708,14.3617,14.9277,11.5988,13.2345,14.8426,16.5895,19.0932,21.2926,22.6818,24.1019,24.3323,26.5722,26.4314
Mongolia,Manure Management,Emissions (CH4),kilotonnes,,,,,,,8.19,,,,,,,,,,,,,,
Mongolia,Manure Management,Emissions (N2O),kilotonnes,2.6003,2.1109,1.4556,1.3949,1.2333,1.3918,1.5569,1.7645,1.9094,1.9717,1.6327,1.7418,1.932,2.1662,2.5356,2.7735,3.0286,3.2705,3.2645,3.5094,3.4347
Mongolia,Manure Management,Emissions (CO2eq) from CH4 (AR5),kilotonnes,501.4166,441.4309,342.4283,362.187,345.5731,369.696,401.2339,439.8235,402.1287,417.9756,324.7662,370.5659,415.5924,464.5062,534.6083,596.1924,635.0915,674.854,681.3031,744.0208,740.0792
Mongolia,Manure Management,Emissions (CO2eq) from CH4 (AR5),kilotonnes,,,,,,,229.32,,,,,,,,,,,,,,
Mongolia,Manure Management,Emissions (CO2eq) from N2O (AR5),kilotonnes,689.0863,559.3903,385.7464,369.6442,326.8342,368.8225,412.5696,467.6029,505.9922,522.4887,432.6543,461.5737,511.9772,574.0402,671.935,734.9806,802.5722,866.6795,865.0955,930.0027,910.2051
Mongolia,Manure Management,Emissions (CO2eq) (AR5),kilotonnes,1190.5028,1000.8212,728.1746,731.8313,672.4073,738.5185,813.8034,907.4265,908.1209,940.4643,757.4205,832.1395,927.5696,1038.5465,1206.5433,1331.173,1437.6636,1541.5335,1546.3985,1674.0234,1650.2843
Mongolia,Manure Management,Emissions (CO2eq) (AR5),kilotonnes,,,,,,,229.32,,,,,,,,,,,,,,
Mongolia,Manure left on Pasture,Direct emissions (N2O),kilotonnes,9.1716,8.0305,6.6639,6.3039,6.3785,7.436,8.3977,9.6174,10.2562,10.4058,7.949,8.7981,9.8305,10.8752,12.5283,13.5461,14.8517,15.9863,16.0122,17.1373,16.3522
Mongolia,Manure left on Pasture,Direct emissions (N2O),kilotonnes,10.74,8.62,7.89,8.15,8.78,9.41,10.6,12.09,12.8,13.04,10.06,11.1,12.4,13.75,15.88,,,,,,
Mongolia,Manure left on Pasture,Indirect emissions (N2O),kilotonnes,3.4197,3.0298,2.579,2.4335,2.4982,2.9252,3.3082,3.794,4.0464,4.0988,3.1044,3.4474,3.8566,4.2603,4.8992,5.2882,5.8035,6.246,6.2587,6.6925,6.3636
Mongolia,Manure left on Pasture,Emissions (N2O),kilotonnes,12.5913,11.0603,9.2429,8.7374,8.8766,10.3612,11.7059,13.4114,14.3025,14.5046,11.0533,12.2456,13.6871,15.1354,17.4275,18.8344,20.6552,22.2323,22.2709,23.8298,22.7158
Mongolia,Manure left on Pasture,Emissions (N2O),kilotonnes,10.74,8.62,7.89,8.15,8.78,9.41,10.6,12.09,12.8,13.04,10.06,11.1,12.4,13.75,15.88,,,,,,
Mongolia,Manure left on Pasture,Emissions (CO2eq) from N2O (AR5),kilotonnes,3336.6888,2930.9724,2449.374,2315.4043,2352.3047,2745.7148,3102.0644,3554.0255,3790.1693,3843.7272,2929.1282,3245.0721,3627.0729,4010.8935,4618.2899,4991.1044,5473.6255,5891.5628,5901.7814,6314.8867,6019.6851
Mongolia,Manure left on Pasture,Emissions (CO2eq) from N2O (AR5),kilotonnes,2846.1,2284.3,2090.85,2159.75,2326.7,2493.65,2809,3203.85,3392,3455.6,2665.9,2941.5,3286,3643.75,4208.2,,,,,,
Mongolia,Manure left on Pasture,Emissions (CO2eq) (AR5),kilotonnes,3336.6888,2930.9724,2449.374,2315.4043,2352.3047,2745.7148,3102.0644,3554.0255,3790.1693,3843.7272,2929.1282,3245.0721,3627.0729,4010.8935,4618.2899,4991.1044,5473.6255,5891.5628,5901.7814,6314.8867,6019.6851
Mongolia,Manure left on Pasture,Emissions (CO2eq) (AR5),kilotonnes,2846.1,2284.3,2090.85,2159.75,2326.7,2493.65,2809,3203.85,3392,3455.6,2665.9,2941.5,3286,3643.75,4208.2,,,,,,
Mongolia,Manure applied to Soils,Direct emissions (N2O),kilotonnes,1.6824,1.4598,1.1277,1.1411,1.0667,1.2032,1.3445,1.5148,1.5335,1.5905,1.2324,1.3624,1.5354,1.7099,1.9817,2.1717,2.3606,2.5311,2.5492,2.7458,2.6632
Mongolia,Manure applied to Soils,Indirect emissions (N2O),kilotonnes,0.715,0.6204,0.4793,0.485,0.4534,0.5113,0.5714,0.6438,0.6518,0.6759,0.5238,0.579,0.6525,0.7267,0.8422,0.923,1.0032,1.0757,1.0834,1.1669,1.1318
Mongolia,Manure applied to Soils,Emissions (N2O),kilotonnes,2.3974,2.0803,1.6069,1.6261,1.5201,1.7145,1.9159,2.1586,2.1853,2.2664,1.7562,1.9415,2.1879,2.4367,2.8239,3.0946,3.3638,3.6068,3.6326,3.9127,3.795
Mongolia,Manure applied to Soils,Emissions (CO2eq) from N2O (AR5),kilotonnes,635.3087,551.2741,425.8378,430.9118,402.8163,454.3435,507.7151,572.0369,579.0992,600.5983,465.3949,514.4882,579.7881,645.7141,748.3342,820.0803,891.4044,955.8016,962.6494,1036.8663,1005.6723
Mongolia,Manure applied to Soils,Emissions (CO2eq) (AR5),kilotonnes,635.3087,551.2741,425.8378,430.9118,402.8163,454.3435,507.7151,572.0369,579.0992,600.5983,465.3949,514.4882,579.7881,645.7141,748.3342,820.0803,891.4044,955.8016,962.6494,1036.8663,1005.6723
Mongolia,Synthetic Fertilizers,Direct emissions (N2O),kilotonnes,0.0534,0.0503,0.0699,0.0626,0.0923,0.0575,0.1023,0.094,0.1088,0.1182,0.1733,0.2189,0.2661,0.3986,0.3006,0.3251,0.3609,0.5606,0.6367,0.7256,0.678
Mongolia,Synthetic Fertilizers,Direct emissions (N2O),kilotonnes,0.05,0.05,0.07,0.06,0.09,0.06,0.1,0.09,0.11,0.12,0.17,0.22,0.26,0.39,0.29,,,,,,
Mongolia,Synthetic Fertilizers,Indirect emissions (N2O),kilotonnes,0.0174,0.0163,0.0227,0.0204,0.03,0.0187,0.0333,0.0305,0.0353,0.0384,0.0563,0.0712,0.0865,0.1295,0.0977,0.1056,0.1173,0.1822,0.2069,0.2358,0.2203
Mongolia,Synthetic Fertilizers,Emissions (N2O),kilotonnes,0.0708,0.0666,0.0926,0.083,0.1223,0.0761,0.1356,0.1245,0.1441,0.1566,0.2296,0.2901,0.3526,0.5281,0.3983,0.4307,0.4781,0.7428,0.8437,0.9615,0.8983
Mongolia,Synthetic Fertilizers,Emissions (N2O),kilotonnes,0.05,0.05,0.07,0.06,0.09,0.06,0.1,0.09,0.11,0.12,0.17,0.22,0.26,0.39,0.29,,,,,,
Mongolia,Synthetic Fertilizers,Emissions (CO2eq) from N2O (AR5),kilotonnes,18.7601,17.6566,24.5426,21.9935,32.4053,20.1782,35.9256,33.0012,38.1879,41.4929,60.8379,76.8778,93.4453,139.9559,105.539,114.1372,126.7058,196.831,223.5698,254.7872,238.052
Mongolia,Synthetic Fertilizers,Emissions (CO2eq) from N2O (AR5),kilotonnes,13.25,13.25,18.55,15.9,23.85,15.9,26.5,23.85,29.15,31.8,45.05,58.3,68.9,103.35,76.85,,,,,,
Mongolia,Synthetic Fertilizers,Emissions (CO2eq) (AR5),kilotonnes,18.7601,17.6566,24.5426,21.9935,32.4053,20.1782,35.9256,33.0012,38.1879,41.4929,60.8379,76.8778,93.4453,139.9559,105.539,114.1372,126.7058,196.831,223.5698,254.7872,238.052
Mongolia,Synthetic Fertilizers,Emissions (CO2eq) (AR5),kilotonnes,13.25,13.25,18.55,15.9,23.85,15.9,26.5,23.85,29.15,31.8,45.05,58.3,68.9,103.35,76.85,,,,,,
Mongolia,Drained organic soils,Emissions (CO2eq) (AR5),kilotonnes,26604.7304,26568.1966,26569.6355,26582.2866,26652.8036,26667.7131,26692.148,26725.8136,26717.7158,26743.2766,26751.2132,26822.6145,26845.4197,26864.6095,26870.2337,26870.3671,26650.6994,26573.8012,26563.4366,26503.5776,26513.9495
Mongolia,Drained organic soils (CO2),Emissions (CO2),kilotonnes,22376.6065,22345.8514,22347.0427,22357.6506,22417.013,22429.566,22450.1128,22478.4183,22471.5581,22493.11,22499.7921,22559.8439,22579.0106,22595.1502,22599.8991,22600.0112,22415.0896,22350.359,22341.6662,22291.3071,22300.0509
Mongolia,Drained organic soils (CO2),Emissions (CO2eq) (AR5),kilotonnes,22376.6065,22345.8514,22347.0427,22357.6506,22417.013,22429.566,22450.1128,22478.4183,22471.5581,22493.11,22499.7921,22559.8439,22579.0106,22595.1502,22599.8991,22600.0112,22415.0896,22350.359,22341.6662,22291.3071,22300.0509
Mongolia,Drained organic soils (N2O),Emissions (N2O),kilotonnes,15.9552,15.9334,15.9343,15.942,15.9841,15.993,16.0077,16.0279,16.0232,16.0384,16.0431,16.0859,16.0997,16.1112,16.1145,16.1146,15.9834,15.9375,15.9312,15.8954,15.9015
Mongolia,Drained organic soils (N2O),Emissions (CO2eq) from N2O (AR5),kilotonnes,4228.1239,4222.3452,4222.5928,4224.636,4235.7906,4238.1471,4242.0352,4247.3953,4246.1577,4250.1666,4251.421,4262.7706,4266.4091,4269.4593,4270.3346,4270.3558,4235.6098,4223.4422,4221.7704,4212.2705,4213.8986
Mongolia,Drained organic soils (N2O),Emissions (CO2eq) (AR5),kilotonnes,4228.1239,4222.3452,4222.5928,4224.636,4235.7906,4238.1471,4242.0352,4247.3953,4246.1577,4250.1666,4251.421,4262.7706,4266.4091,4269.4593,4270.3346,4270.3558,4235.6098,4223.4422,4221.7704,4212.2705,4213.8986
Mongolia,On-farm energy use,Emissions (CH4),kilotonnes,0.0395,0.0424,0.0398,0.0399,0.0627,0.121,0.0516,0.0586,0.0447,0.0802,0.0874,0.1017,0.0662,0.0415,0.0641,0.0864,0.0629,0.0733,0.0554,0.0536,0.0536
Mongolia,On-farm energy use,Emissions (N2O),kilotonnes,0.0269,0.033,0.0298,0.0315,0.0353,0.0347,0.0361,0.044,0.0465,0.0448,0.0527,0.0665,0.0733,0.0776,0.0668,0.0621,0.051,0.0731,0.0754,0.0771,0.0771
Mongolia,On-farm energy use,Emissions (CO2),kilotonnes,94.6513,112.2189,102.006,106.4126,122.5801,136.7667,119.3909,144.4111,147.1856,151.8175,171.8815,212.5317,221.0523,223.9662,204.1604,199.031,161.7688,221.6565,222.5354,226.2104,226.2104
Mongolia,On-farm energy use,Emissions (CO2eq) from CH4 (AR5),kilotonnes,1.1051,1.187,1.1132,1.1181,1.7568,3.3888,1.4443,1.6411,1.2528,2.246,2.4462,2.8485,1.8549,1.163,1.7961,2.4202,1.7619,2.0513,1.55,1.5008,1.5008
Mongolia,On-farm energy use,Emissions (CO2eq) from N2O (AR5),kilotonnes,7.1157,8.7368,7.8896,8.3401,9.3555,9.1952,9.5785,11.6556,12.3191,11.882,13.9582,17.6152,19.4234,20.5759,17.712,16.4476,13.5262,19.3826,19.98,20.4336,20.4336
Mongolia,On-farm energy use,Emissions (CO2eq) (AR5),kilotonnes,102.8721,122.1427,111.0088,115.8708,133.6924,149.3507,130.4137,157.7078,160.7575,165.9454,188.2858,232.9953,242.3306,245.7051,223.6685,217.8988,177.0569,243.0904,244.0654,248.1447,248.1447
Mongolia,Forestland,Emissions (CO2),kilotonnes,-64.002,-15.0674,-15.0674,-15.0674,-15.0674,-15.0674,-15.0674,-15.0674,-15.0674,-15.0674,-15.0674,0,0,0,0,0,-0.8294,-0.8294,-0.8294,-0.8294,-0.8294
Mongolia,Forestland,Emissions (CO2),kilotonnes,-25134.97,-25776.59,-25833.03,-25497.11,-25590.34,-25609.71,,-24711.09,-24670.51,-24906.26,-24627.06,-24593.38,-24560,-24733.68,,,,,,,
Mongolia,Forestland,Emissions (CO2eq) (AR5),kilotonnes,-64.002,-15.0674,-15.0674,-15.0674,-15.0674,-15.0674,-15.0674,-15.0674,-15.0674,-15.0674,-15.0674,0,0,0,0,0,-0.8294,-0.8294,-0.8294,-0.8294,-0.8294
Mongolia,Forestland,Emissions (CO2eq) (AR5),kilotonnes,-25134.97,-25776.59,-25833.03,-25497.11,-25590.34,-25609.71,,-24711.09,-24670.51,-24906.26,-24627.06,-24593.38,-24560,-24733.68,,,,,,,
Mongolia,Net Forest conversion,Emissions (CO2),kilotonnes,1281.8377,1120.9341,1120.9341,1120.9341,1120.9341,1120.9341,1120.9341,1120.9341,1120.9341,1120.9341,1120.9341,153.9919,153.9919,153.9919,153.9919,153.9919,154.2684,154.2684,154.2684,154.2684,154.2684
Mongolia,Net Forest conversion,Emissions (CO2eq) (AR5),kilotonnes,1281.8377,1120.9341,1120.9341,1120.9341,1120.9341,1120.9341,1120.9341,1120.9341,1120.9341,1120.9341,1120.9341,153.9919,153.9919,153.9919,153.9919,153.9919,154.2684,154.2684,154.2684,154.2684,154.2684
Mongolia,Savanna fires,Emissions (CH4),kilotonnes,9.7463,3.0114,9.4478,17.1698,13.2127,9.5995,11.6793,16.8015,7.8529,3.9908,2.46,17.0707,21.0769,8.9258,11.4943,18.8977,10.4705,4.7465,0.3028,3.2063,0.614
Mongolia,Savanna fires,Emissions (N2O),kilotonnes,0.8899,0.275,0.8626,1.5677,1.2064,0.8765,1.0664,1.5341,0.717,0.3644,0.2246,1.5586,1.9244,0.815,1.0495,1.7254,0.956,0.4334,0.0276,0.2927,0.0561
Mongolia,Savanna fires,Emissions (CO2eq) from CH4 (AR5),kilotonnes,272.8957,84.3189,264.5385,480.7542,369.9552,268.785,327.0203,470.4429,219.8807,111.7419,68.8799,477.9802,590.1521,249.9233,321.8406,529.135,293.1752,132.9019,8.4777,89.7754,17.1931
Mongolia,Savanna fires,Emissions (CO2eq) from N2O (AR5),kilotonnes,235.8171,72.8625,228.5958,415.4344,319.6896,232.2653,282.5882,406.5241,190.0056,96.5596,59.5212,413.0373,509.9684,215.9663,278.1123,457.2416,253.3416,114.8446,7.3258,77.5777,14.8571
Mongolia,Savanna fires,Emissions (CO2eq) (AR5),kilotonnes,508.7129,157.1814,493.1343,896.1886,689.6448,501.0503,609.6084,876.967,409.8862,208.3014,128.4011,891.0175,1100.1205,465.8895,599.9529,986.3766,546.5168,247.7464,15.8035,167.3531,32.0502
Mongolia,Fires in organic soils,Emissions (CH4),kilotonnes,0,0,0,0,0,0,0,0,0,0,0,0,0,0,0,0,0,0,0,0,0
Mongolia,Fires in organic soils,Emissions (CO2),kilotonnes,0,0,0,0,0,0,0,0,0,0,0,0,0,0,0,0,0,0,0,0,0
Mongolia,Fires in organic soils,Emissions (CO2eq) from CH4 (AR5),kilotonnes,0,0,0,0,0,0,0,0,0,0,0,0,0,0,0,0,0,0,0,0,0
Mongolia,Fires in organic soils,Emissions (CO2eq) (AR5),kilotonnes,0,0,0,0,0,0,0,0,0,0,0,0,0,0,0,0,0,0,0,0,0
Mongolia,Forest fires,Emissions (CH4),kilotonnes,15.5249,0.0749,0.9697,0.1927,0,0.015,0.083,0.1994,0.1376,0.9946,0.0081,0.7351,0.1449,0.0075,0.0262,0.6485,0.0163,0.3784,0.0849,0.002,0.0025
Mongolia,Forest fires,Emissions (N2O),kilotonnes,0.8588,0.0068,0.0885,0.0176,0,0.0014,0.0076,0.0182,0.0126,0.0908,0.0007,0.0671,0.0132,0.0007,0.0024,0.0592,0.0015,0.0346,0.0077,0.0002,0.0002
Mongolia,Forest fires,Emissions (CO2eq) from CH4 (AR5),kilotonnes,434.6965,2.097,27.1528,5.3958,0,0.4194,2.3245,5.5836,3.8539,27.8493,0.2274,20.5833,4.0581,0.2097,0.7348,18.1567,0.455,10.5954,2.3765,0.0569,0.0699
Mongolia,Forest fires,Emissions (CO2eq) from N2O (AR5),kilotonnes,227.5881,1.8121,23.4636,4.6626,0,0.3625,2.0086,4.825,3.3303,24.0654,0.1965,17.7866,3.5067,0.1812,0.6349,15.6898,0.3932,9.1558,2.0536,0.0492,0.0604
Mongolia,Forest fires,Emissions (CO2eq) (AR5),kilotonnes,662.2846,3.9091,50.6164,10.0584,0,0.7819,4.3331,10.4086,7.1842,51.9147,0.4239,38.3699,7.5648,0.3909,1.3697,33.8465,0.8483,19.7513,4.4302,0.1061,0.1303
Mongolia,Fires in humid tropical forests,Emissions (CH4),kilotonnes,0,0,0,0,0,0,0,0,0,0,0,0,0,0,0,0,0,0,0,0,0
Mongolia,Fires in humid tropical forests,Emissions (N2O),kilotonnes,0,0,0,0,0,0,0,0,0,0,0,0,0,0,0,0,0,0,0,0,0
Mongolia,Fires in humid tropical forests,Emissions (CO2eq) from CH4 (AR5),kilotonnes,0,0,0,0,0,0,0,0,0,0,0,0,0,0,0,0,0,0,0,0,0
Mongolia,Fires in humid tropical forests,Emissions (CO2eq) from N2O (AR5),kilotonnes,0,0,0,0,0,0,0,0,0,0,0,0,0,0,0,0,0,0,0,0,0
Mongolia,Fires in humid tropical forests,Emissions (CO2eq) (AR5),kilotonnes,0,0,0,0,0,0,0,0,0,0,0,0,0,0,0,0,0,0,0,0,0
Mongolia,Waste - agri-food systems,Emissions (CH4),kilotonnes,67.6439,69.284,70.8135,72.2785,73.7275,75.1409,77.1439,78.6415,80.155,81.7033,82.2666,84.2575,85.7469,86.5248,87.7049,88.6633,89.6622,90.6478,91.6165,92.5492,93.4104
Mongolia,Waste - agri-food systems,Emissions (N2O),kilotonnes,0.0846,0.0821,0.0804,0.08,0.0827,0.0818,0.0876,0.0931,0.0989,0.1064,0.0926,0.1023,0.11,0.1108,0.1132,0.1088,0.1218,0.1189,0.1207,0.1224,0.1241
Mongolia,Waste - agri-food systems,Emissions (CO2),kilotonnes,107.7523,108.3163,108.8153,109.5029,110.6507,111.8726,113.4346,114.5481,116.0132,114.9572,117.283,119.1957,120.0548,120.1751,120.0269,119.7639,119.5651,119.7017,120.4142,120.8025,120.4668
Mongolia,Waste - agri-food systems,Emissions (CO2eq) from CH4 (AR5),kilotonnes,1894.0306,1939.9509,1982.7773,2023.7987,2064.3702,2103.9442,2160.0304,2201.9607,2244.3397,2287.6921,2303.4635,2359.2098,2400.9122,2422.6935,2455.7374,2482.5727,2510.5416,2538.1375,2565.2608,2591.3766,2615.4911
Mongolia,Waste - agri-food systems,Emissions (CO2eq) from N2O (AR5),kilotonnes,22.4304,21.7648,21.309,21.1916,21.9131,21.6711,23.2036,24.6801,26.2017,28.1918,24.5355,27.104,29.1477,29.3656,29.9991,28.8208,32.2796,31.508,31.9844,32.4471,32.8929
Mongolia,Waste - agri-food systems,Emissions (CO2eq) (AR5),kilotonnes,2024.2133,2070.032,2112.9017,2154.4932,2196.9339,2237.4878,2296.6686,2341.1889,2386.5547,2430.8411,2445.282,2505.5095,2550.1147,2572.2342,2605.7634,2631.1575,2662.3864,2689.3472,2717.6594,2744.6262,2768.8508
Mongolia,On-farm electricity use,Emissions (CH4),kilotonnes,0.018,0.0204,0.0312,0.0288,0.0312,0.0336,0.0288,0.0312,0.0396,0.0385,0.0427,0.0437,0.0478,0.0599,0.0765,0.0658,0.0679,0.0753,0.0817,0.0828,0.0828
Mongolia,On-farm electricity use,Emissions (N2O),kilotonnes,0.0001,0.0001,0.0002,0.0002,0.0002,0.0002,0.0002,0.0002,0.0002,0.0002,0.0002,0.0002,0.0002,0.0004,0.0005,0.0003,0.0004,0.0005,0.0005,0.0005,0.0005
Mongolia,On-farm electricity use,Emissions (CO2),kilotonnes,16.751,18.3571,30.7816,23.5966,23.2697,25.5121,20.7772,25.6751,29.0826,28.4735,35.0125,31.9335,35.1873,45.6872,58.3222,50.1735,51.8216,57.4982,62.3507,63.1564,63.1564
Mongolia,On-farm electricity use,Emissions (CO2eq) from CH4 (AR5),kilotonnes,0.504,0.5712,0.8736,0.8064,0.8736,0.9408,0.8064,0.8736,1.1088,1.078,1.1956,1.2236,1.3384,1.6772,2.142,1.8424,1.9012,2.1084,2.2876,2.3184,2.3184
Mongolia,On-farm electricity use,Emissions (CO2eq) from N2O (AR5),kilotonnes,0.0265,0.0265,0.053,0.053,0.053,0.053,0.053,0.053,0.053,0.053,0.053,0.053,0.053,0.106,0.1325,0.0795,0.106,0.1325,0.1325,0.1325,0.1325
Mongolia,On-farm electricity use,Emissions (CO2eq) (AR5),kilotonnes,17.2815,18.9548,31.7082,24.456,24.1963,26.5059,21.6366,26.6017,30.2444,29.6045,36.2611,33.2101,36.5787,47.4704,60.5967,52.0954,53.8288,59.7391,64.7708,65.6073,65.6073
Mongolia,Food Processing,Emissions (CH4),kilotonnes,1.0166,1.1496,1.368,1.412,1.4883,7.3067,8.2731,10.6016,11.8641,20.347,38.7912,46.8895,41.4207,40.9187,33.0138,27.6494,43.1981,52.01,56.2195,56.729,60.3889
Mongolia,Food Processing,Emissions (N2O),kilotonnes,0.0018,0.0017,0.0018,0.0019,0.0021,0.0023,0.0026,0.0029,0.003,0.0029,0.0031,0.0037,0.0042,0.0045,0.0034,0.0032,0.0031,0.0038,0.0041,0.0041,0.0043
Mongolia,Food Processing,Emissions (CO2),kilotonnes,118.4177,124.317,130.1497,124.8311,133.2591,135.024,147.3297,186.4009,180.5891,205.3089,208.5043,348.0939,595.5796,680.3837,371.2817,294.8262,326.2719,431.132,438.0325,634.2176,629.425
Mongolia,Food Processing,Emissions (CO2eq) from CH4 (AR5),kilotonnes,28.4648,32.1888,38.304,39.536,41.6724,204.5876,231.6468,296.8448,332.1948,569.716,1086.1536,1312.906,1159.7796,1145.7236,924.3864,774.1832,1209.5468,1456.28,1574.146,1588.412,1690.8902
Mongolia,Food Processing,Emissions (CO2eq) from N2O (AR5),kilotonnes,0.477,0.4505,0.477,0.5035,0.5565,0.6095,0.689,0.7685,0.795,0.7685,0.8215,0.9805,1.113,1.1925,0.901,0.848,0.8215,1.007,1.0865,1.0865,1.1294
Mongolia,Food Processing,Emissions (CO2eq) (AR5),kilotonnes,147.3595,156.9563,168.9307,164.8706,175.488,340.2211,379.6655,484.0142,513.5789,775.7934,1295.4794,1661.9804,1756.4722,1827.2998,1296.5691,1069.8574,1536.6402,1888.419,2013.265,2223.7161,2321.4446
Mongolia,Food Packaging,Emissions (CH4),kilotonnes,0.281,0.3148,0.3658,0.382,0.3997,1.9886,2.2769,2.921,3.0596,5.4636,10.6262,12.8576,11.1086,10.4973,10.5586,8.425,12.948,15.9762,18.5225,13.213,14.0655
Mongolia,Food Packaging,Emissions (N2O),kilotonnes,0.001,0.001,0.001,0.0011,0.0012,0.0014,0.0016,0.0018,0.0018,0.0018,0.002,0.0025,0.0026,0.0028,0.0026,0.0025,0.0023,0.0027,0.003,0.0026,0.0027
Mongolia,Food Packaging,Emissions (CO2),kilotonnes,60.1369,63.3116,63.6888,59.9171,66.8717,69.2695,76.9165,96.0599,89.2089,101.9934,105.8713,168.5429,273.2605,331.3515,221.0387,172.8952,185.9098,245.5756,349.0403,230.9628,229.2175
Mongolia,Food Packaging,Emissions (CO2eq) from CH4 (AR5),kilotonnes,7.868,8.8144,10.2424,10.696,11.1916,55.6808,63.7532,81.788,85.6688,152.9808,297.5336,360.0128,311.0408,293.9244,295.6408,235.9,362.544,447.3336,518.63,369.964,393.8326
Mongolia,Food Packaging,Emissions (CO2eq) from N2O (AR5),kilotonnes,0.265,0.265,0.265,0.2915,0.318,0.371,0.424,0.477,0.477,0.477,0.53,0.6625,0.689,0.742,0.689,0.6625,0.6095,0.7155,0.795,0.689,0.7162
Mongolia,Food Packaging,Emissions (CO2eq) (AR5),kilotonnes,68.2699,72.391,74.1962,70.9046,78.3813,125.3213,141.0937,178.3249,175.3547,255.4512,403.9349,529.2182,584.9903,626.0179,517.3685,409.4577,549.0633,693.6247,868.4653,601.6158,623.7663
Mongolia,Food Retail,Emissions (CH4),kilotonnes,0.1795,0.142,0.1591,0.225,0.1999,0.1198,0.1365,0.122,0.1151,0.1698,0.1788,0.1991,0.2313,0.2161,0.2474,0.264,0.2782,0.3146,0.3001,0.2837,0.302
Mongolia,Food Retail,Emissions (N2O),kilotonnes,0.001,0.0007,0.001,0.0016,0.0013,0.0007,0.0009,0.0008,0.0006,0.0009,0.0009,0.0024,0.0026,0.0031,0.003,0.0026,0.0036,0.0033,0.0045,0.0032,0.0033
Mongolia,Food Retail,Emissions (CO2),kilotonnes,167.071,127.8119,156.9985,184.3697,149.066,90.9257,98.4988,100.3874,84.5631,125.5377,146.5572,237.4264,268.0842,281.1541,289.1185,269.8127,338.6189,337.3931,407.2568,313.3331,310.9653
Mongolia,Food Retail,Emissions (CO2eq) from CH4 (AR5),kilotonnes,5.026,3.976,4.4548,6.3,5.5972,3.3544,3.822,3.416,3.2228,4.7544,5.0064,5.5748,6.4764,6.0508,6.9272,7.392,7.7896,8.8088,8.4028,7.9436,8.4561
Mongolia,Food Retail,Emissions (CO2eq) from N2O (AR5),kilotonnes,0.265,0.1855,0.265,0.424,0.3445,0.1855,0.2385,0.212,0.159,0.2385,0.2385,0.636,0.689,0.8215,0.795,0.689,0.954,0.8745,1.1925,0.848,0.8815
Mongolia,Food Retail,Emissions (CO2eq) (AR5),kilotonnes,172.362,131.9734,161.7183,191.0937,155.0077,94.4656,102.5593,104.0154,87.9449,130.5306,151.8021,243.6372,275.2496,288.0264,296.8407,277.8937,347.3625,347.0764,416.8521,322.1247,320.3029
Mongolia,Food Household Consumption,Emissions (CH4),kilotonnes,0.2318,0.4046,0.5562,0.5274,0.5366,0.7516,0.4963,0.6234,0.5434,1.0389,1.066,1.0214,0.9722,1.2138,0.9934,0.9005,1.1277,1.0817,1.2521,1.2521,1.3329
Mongolia,Food Household Consumption,Emissions (N2O),kilotonnes,0.0012,0.002,0.003,0.0029,0.0029,0.0039,0.0028,0.0034,0.0027,0.0052,0.0053,0.005,0.0047,0.0063,0.0052,0.0047,0.0058,0.0056,0.0065,0.0065,0.0068
Mongolia,Food Household Consumption,Emissions (CO2),kilotonnes,120.8883,199.3839,299.505,236.6281,234.5895,306.266,222.8252,284.9423,251.9099,403.7744,436.927,409.1266,403.7618,511.8755,452.8455,426.5217,505.7774,502.2385,568.959,568.959,564.6596
Mongolia,Food Household Consumption,Emissions (CO2eq) from CH4 (AR5),kilotonnes,6.4904,11.3288,15.5736,14.7672,15.0248,21.0448,13.8964,17.4552,15.2152,29.0892,29.848,28.5992,27.2216,33.9864,27.8152,25.214,31.5756,30.2876,35.0588,35.0588,37.3207
Mongolia,Food Household Consumption,Emissions (CO2eq) from N2O (AR5),kilotonnes,0.318,0.53,0.795,0.7685,0.7685,1.0335,0.742,0.901,0.7155,1.378,1.4045,1.325,1.2455,1.6695,1.378,1.2455,1.537,1.484,1.7225,1.7225,1.7905
Mongolia,Food Household Consumption,Emissions (CO2eq) (AR5),kilotonnes,127.6967,211.2427,315.8736,252.1638,250.3828,328.3443,237.4636,303.2985,267.8406,434.2416,468.1795,439.0508,432.2289,547.5314,482.0387,452.9812,538.89,534.0101,605.7403,605.7403,603.7707
Mongolia,Food Transport,Emissions (CH4),kilotonnes,0.042,0.0396,0.0423,0.0439,0.0452,0.0418,0.046,0.0563,0.0599,0.053,0.0477,0.0549,0.0654,0.0644,0.0694,0.072,0.0637,0.0695,0.0733,0.0678,0.0722
Mongolia,Food Transport,Emissions (N2O),kilotonnes,0.0099,0.0104,0.0115,0.0125,0.0149,0.0149,0.017,0.0213,0.0232,0.0222,0.0251,0.032,0.036,0.0383,0.0351,0.0341,0.0287,0.0403,0.0425,0.0371,0.0386
Mongolia,Food Transport,Emissions (CO2),kilotonnes,117.13,111.415,125.805,116.78,140.045,121.985,135.875,168.955,180.53,164.2,161.795,193.865,225.1365,229.3075,240.741,241.746,211.576,257.9545,272.96,238.1279,236.3284
Mongolia,Food Transport,Emissions (CO2eq) from CH4 (AR5),kilotonnes,1.176,1.1088,1.1844,1.2292,1.2656,1.1704,1.288,1.5764,1.6772,1.484,1.3356,1.5372,1.8312,1.8032,1.9432,2.016,1.7836,1.946,2.0524,1.8984,2.0209
Mongolia,Food Transport,Emissions (CO2eq) from N2O (AR5),kilotonnes,2.6235,2.756,3.0475,3.3125,3.9485,3.9485,4.505,5.6445,6.148,5.883,6.6515,8.48,9.54,10.1495,9.3015,9.0365,7.6055,10.6795,11.2625,9.8315,10.2194
Mongolia,Food Transport,Emissions (CO2eq) (AR5),kilotonnes,120.9295,115.2798,130.0369,121.3217,145.2591,127.1039,141.668,176.1759,188.3552,171.567,169.7821,203.8822,236.5077,241.2602,251.9857,252.7985,220.9651,270.58,286.2749,249.8578,248.5687
Mongolia,Energy,Emissions (CH4),kilotonnes,12.3,13.7,14.7,15,15.3,71.6,80.1,99.4,106,185,346,426,370,352,361,295,447,550,587,589,627
Mongolia,Energy,Emissions (N2O),kilotonnes,0.214,0.219,0.236,0.242,0.264,0.29,0.325,0.367,0.381,0.384,0.418,0.496,0.541,0.578,0.544,0.523,0.497,0.605,0.649,0.659,0.685
Mongolia,Energy,Emissions (CO2),kilotonnes,7460,7850,8210,7950,8530,8540,9480,12100,12000,13100,13900,21600,35200,43800,29700,23300,25500,34400,36300,39700,39400
Mongolia,Energy,Emissions (CO2eq) from CH4 (AR5),kilotonnes,344.4,383.6,411.6,420,428.4,2004.8,2242.8,2783.2,2968,5180,9688,11928,10360,9856,10108,8260,12516,15400,16436,16492,17556
Mongolia,Energy,Emissions (CO2eq) from N2O (AR5),kilotonnes,56.71,58.035,62.54,64.13,69.96,76.85,86.125,97.255,100.965,101.76,110.77,131.44,143.365,153.17,144.16,138.595,131.705,160.325,171.985,174.635,181.525
Mongolia,Energy,Emissions (CO2eq) (AR5),kilotonnes,7861.11,8291.635,8684.14,8434.13,9028.36,10621.65,11808.925,14980.455,15068.965,18381.76,23698.77,33659.44,45703.365,53809.17,39952.16,31698.595,38147.705,49960.325,52907.985,56366.635,57137.525
Mongolia,IPPU,Emissions (N2O),kilotonnes,0.0007,0.0007,0.0007,0.0007,0.0008,0.0008,0.0008,0.0008,0.0008,0.0008,0.0008,0.0008,0.0008,0.0009,0.0009,0.0009,0.0009,0.0009,0.0009,0.001,0.001
Mongolia,IPPU,Emissions (CO2),kilotonnes,56.2,48,80,83.8,78.4,96.2,112,136,148,124,196,183,180,120,206,206,216,324,438,512,512
Mongolia,IPPU,Emissions (CO2eq) from F-gases (AR5),kilotonnes,0,0,0,0,0,0,0,3.6927,11.2724,23.0306,41.3967,67.0511,101.0625,109.8083,112.7235,100.0907,108.8365,117.5823,125.3563,134.1021,142.8479
Mongolia,IPPU,Emissions (CO2eq) from N2O (AR5),kilotonnes,0.1913,0.1932,0.195,0.1972,0.1993,0.2017,0.2043,0.207,0.2099,0.2131,0.2165,0.2205,0.2247,0.2292,0.2335,0.2377,0.2417,0.2457,0.2494,0.2517,0.2555
Mongolia,IPPU,Emissions (CO2eq) (AR5),kilotonnes,56.3913,48.1932,80.195,83.9972,78.5993,96.4017,112.2043,139.8996,159.4822,147.2436,237.6133,250.2715,281.2872,230.0375,318.957,306.3284,325.0782,441.828,563.6057,646.3539,655.1034
Mongolia,Waste,Emissions (CH4),kilotonnes,16.5,16.6,16.9,17.2,17.8,18.2,18.7,19.3,19.9,20.5,20.9,21.7,22.5,23.3,23.9,24.8,25.2,25.6,26.3,27,27.6
Mongolia,Waste,Emissions (N2O),kilotonnes,0.117,0.118,0.12,0.117,0.116,0.117,0.118,0.12,0.125,0.132,0.133,0.134,0.136,0.143,0.148,0.149,0.156,0.159,0.166,0.166,0.17
Mongolia,Waste,Emissions (CO2),kilotonnes,0.61,0.616,0.632,0.649,0.681,0.703,0.716,0.735,0.754,0.774,0.791,0.81,0.828,0.828,0.828,0.828,0.828,0.843,0.856,0.883,0.895
Mongolia,Waste,Emissions (CO2eq) from CH4 (AR5),kilotonnes,462,464.8,473.2,481.6,498.4,509.6,523.6,540.4,557.2,574,585.2,607.6,630,652.4,669.2,694.4,705.6,716.8,736.4,756,772.8
Mongolia,Waste,Emissions (CO2eq) from N2O (AR5),kilotonnes,31.005,31.27,31.8,31.005,30.74,31.005,31.27,31.8,33.125,34.98,35.245,35.51,36.04,37.895,39.22,39.485,41.34,42.135,43.99,43.99,45.05
Mongolia,Waste,Emissions (CO2eq) (AR5),kilotonnes,493.615,496.686,505.632,513.254,529.821,541.308,555.586,572.935,591.079,609.754,621.236,643.92,666.868,691.123,709.248,734.713,747.768,759.778,781.246,800.873,818.745
Mongolia,Other,Emissions (N2O),kilotonnes,0.166,0.164,0.183,0.171,0.196,0.208,0.256,0.277,0.283,0.27,0.273,0.32,0.356,0.362,0.375,0.366,0.348,0.395,0.425,0.431,0.445
Mongolia,Other,Emissions (CO2eq) from N2O (AR5),kilotonnes,43.99,43.46,48.495,45.315,51.94,55.12,67.84,73.405,74.995,71.55,72.345,84.8,94.34,95.93,99.375,96.99,92.22,104.675,112.625,114.215,117.925
Mongolia,Other,Emissions (CO2eq) (AR5),kilotonnes,43.99,43.46,48.495,45.315,51.94,55.12,67.84,73.405,74.995,71.55,72.345,84.8,94.34,95.93,99.375,96.99,92.22,104.675,112.625,114.215,117.925
Mongolia,Farm-gate emissions,Emissions (CH4),kilotonnes,431.5644,365.9815,292.8943,293.8797,279.5377,309.8588,345.6708,393.3614,396.6165,403.0166,315.8826,362.3734,406.7673,437.2902,506.275,559.0507,598.6882,636.7028,634.95,685.4162,661.7877
Mongolia,Farm-gate emissions,Direct emissions (N2O),kilotonnes,10.9484,9.583,7.9021,7.5546,7.5778,8.7251,9.8824,11.2603,11.9531,12.2088,9.4429,10.4879,11.7478,13.0798,14.9321,16.1115,17.6919,19.1448,19.3072,20.7164,19.8026
Mongolia,Farm-gate emissions,Indirect emissions (N2O),kilotonnes,4.1613,3.6761,3.0901,2.9494,2.9906,3.4616,3.9215,4.476,4.7457,4.8344,3.7043,4.122,4.6217,5.1381,5.8664,6.3323,6.9508,7.5189,7.5736,8.1195,7.7403
Mongolia,Farm-gate emissions,Emissions (N2O),kilotonnes,34.5869,31.6167,29.2804,29.4458,29.0323,30.487,32.4743,35.1101,35.3992,35.4694,31.1072,34.0709,36.4071,37.3956,40.5731,43.1295,44.6717,46.3858,46.1881,48.6195,47.0215
Mongolia,Farm-gate emissions,Emissions (CO2),kilotonnes,22471.2578,22458.0703,22449.0487,22464.0632,22539.5931,22566.3327,22569.5037,22622.8294,22618.7437,22644.9275,22671.6736,22772.3756,22800.0629,22819.1164,22804.0594,22799.0422,22576.8584,22572.0155,22564.2016,22517.5175,22526.2613
Mongolia,Farm-gate emissions,Emissions (CO2eq) from CH4 (AR5),kilotonnes,12083.8037,10247.4818,8201.0398,8228.6324,7827.0551,8676.0457,9678.7813,11014.1199,11105.2627,11284.4637,8844.7137,10146.4563,11389.484,12244.1259,14175.6992,15653.4188,16763.2696,17827.6771,17778.6007,19191.654,18530.0565
Mongolia,Farm-gate emissions,Emissions (CO2eq) from N2O (AR5),kilotonnes,9165.5305,8378.4182,7759.2991,7803.1345,7693.5512,8079.052,8605.6804,9304.1713,9380.7824,9399.3892,8243.4124,9028.7935,9647.8901,9909.8283,10751.8645,11429.3123,11837.9973,12292.2407,12239.8467,12884.1784,12460.7098
Mongolia,Farm-gate emissions,Emissions (CO2eq) (AR5),kilotonnes,43720.592,41083.9703,38409.3876,38495.8302,38060.1994,39321.4305,40853.9654,42941.1206,43104.7889,43328.7803,39759.7997,41947.6253,43837.4371,44973.0706,47731.6231,49881.7733,51178.1252,52691.9333,52582.649,54593.35,53517.0276
Mongolia,Land Use change,Emissions (CH4),kilotonnes,0,0,0,0,0,0,0,0,0,0,0,0,0,0,0,0,0,0,0,0,0
Mongolia,Land Use change,Emissions (N2O),kilotonnes,0,0,0,0,0,0,0,0,0,0,0,0,0,0,0,0,0,0,0,0,0
Mongolia,Land Use change,Emissions (CO2),kilotonnes,1281.8377,1120.9341,1120.9341,1120.9341,1120.9341,1120.9341,1120.9341,1120.9341,1120.9341,1120.9341,1120.9341,153.9919,153.9919,153.9919,153.9919,153.9919,154.2684,154.2684,154.2684,154.2684,154.2684
Mongolia,Land Use change,Emissions (CO2eq) from CH4 (AR5),kilotonnes,0,0,0,0,0,0,0,0,0,0,0,0,0,0,0,0,0,0,0,0,0
Mongolia,Land Use change,Emissions (CO2eq) from N2O (AR5),kilotonnes,0,0,0,0,0,0,0,0,0,0,0,0,0,0,0,0,0,0,0,0,0
Mongolia,Land Use change,Emissions (CO2eq) (AR5),kilotonnes,1281.8377,1120.9341,1120.9341,1120.9341,1120.9341,1120.9341,1120.9341,1120.9341,1120.9341,1120.9341,1120.9341,153.9919,153.9919,153.9919,153.9919,153.9919,154.2684,154.2684,154.2684,154.2684,154.2684
Mongolia,Emissions on agricultural land,Emissions (CH4),kilotonnes,431.5644,365.9815,292.8943,293.8797,279.5377,309.8588,345.6708,393.3614,396.6165,403.0166,315.8826,362.3734,406.7673,437.2902,506.275,559.0507,598.6882,636.7028,634.95,685.4162,661.7877
Mongolia,Emissions on agricultural land,Emissions (N2O),kilotonnes,34.5869,31.6167,29.2804,29.4458,29.0323,30.487,32.4743,35.1101,35.3992,35.4694,31.1072,34.0709,36.4071,37.3956,40.5731,43.1295,44.6717,46.3858,46.1881,48.6195,47.0215
Mongolia,Emissions on agricultural land,Emissions (CO2),kilotonnes,23753.0955,23579.0044,23569.9828,23584.9973,23660.5272,23687.2668,23690.4378,23743.7635,23739.6778,23765.8616,23792.6077,22926.3675,22954.0549,22973.1083,22958.0514,22953.0342,22731.1268,22726.2839,22718.47,22671.7859,22680.5297
Mongolia,Emissions on agricultural land,Emissions (CO2eq) from CH4 (AR5),kilotonnes,12083.8037,10247.4818,8201.0398,8228.6324,7827.0551,8676.0457,9678.7813,11014.1199,11105.2627,11284.4637,8844.7137,10146.4563,11389.484,12244.1259,14175.6992,15653.4188,16763.2696,17827.6771,17778.6007,19191.654,18530.0565
Mongolia,Emissions on agricultural land,Emissions (CO2eq) from N2O (AR5),kilotonnes,9165.5305,8378.4182,7759.2991,7803.1345,7693.5512,8079.052,8605.6804,9304.1713,9380.7824,9399.3892,8243.4124,9028.7935,9647.8901,9909.8283,10751.8645,11429.3123,11837.9973,12292.2407,12239.8467,12884.1784,12460.7098
Mongolia,Emissions on agricultural land,Emissions (CO2eq) (AR5),kilotonnes,45002.4297,42204.9044,39530.3217,39616.7643,39181.1335,40442.3646,41974.8995,44062.0547,44225.723,44449.7144,40880.7338,42101.6173,43991.429,45127.0626,47885.6151,50035.7653,51332.3936,52846.2017,52736.9174,54747.6184,53671.296
Mongolia,Pre- and post- production,Emissions (CH4),kilotonnes,69.4128,71.355,73.3361,74.8976,76.4284,85.383,88.4015,92.997,95.8367,108.8141,133.0192,145.3237,139.5929,139.495,132.664,126.04,147.3458,160.1751,168.0657,164.1776,169.6546
Mongolia,Pre- and post- production,Emissions (N2O),kilotonnes,0.0996,0.098,0.0989,0.1002,0.1053,0.1052,0.1127,0.1235,0.1304,0.1396,0.1292,0.1481,0.1603,0.1662,0.163,0.1562,0.1657,0.1751,0.1818,0.1764,0.1802
Mongolia,Pre- and post- production,Emissions (CO2),kilotonnes,708.1472,752.9128,915.7439,855.6255,857.7517,860.8549,815.657,976.9687,931.8968,1144.2451,1211.9503,1508.184,1921.0647,2199.9346,1753.3745,1575.7392,1739.5407,1951.4936,2219.0135,2169.5593,2154.2191
Mongolia,Pre- and post- production,Emissions (CO2eq) from CH4 (AR5),kilotonnes,1943.5598,1997.9389,2053.4101,2097.1335,2139.9954,2390.723,2475.2432,2603.9147,2683.4273,3046.7945,3724.5363,4069.0634,3908.6002,3905.8591,3714.5922,3529.1203,4125.6824,4484.9019,4705.8384,4596.9718,4750.3299
Mongolia,Pre- and post- production,Emissions (CO2eq) from N2O (AR5),kilotonnes,26.4054,25.9783,26.2115,26.5446,27.9021,27.8721,29.8551,32.7361,34.5492,36.9898,34.2345,39.241,42.4772,44.0466,43.1961,41.3818,43.9131,46.401,48.1759,46.7571,47.7622
Mongolia,Pre- and post- production,Emissions (CO2eq) (AR5),kilotonnes,2678.1124,2776.83,2995.3656,2979.3036,3025.6491,3279.4499,3320.7553,3613.6195,3649.8734,4228.0294,4970.7211,5616.4884,5872.1421,6149.8403,5511.1628,5146.2414,5909.1363,6482.7965,6973.0278,6813.2882,6952.3113
Mongolia,Agri-food systems,Emissions (CH4),kilotonnes,500.9773,437.3365,366.2304,368.7774,355.9661,395.2417,434.0723,486.3584,492.4532,511.8307,448.9018,507.6971,546.3601,576.7852,638.939,685.0907,746.034,796.8778,803.0157,849.5938,831.4424
Mongolia,Agri-food systems,Emissions (N2O),kilotonnes,34.6866,31.7147,29.3793,29.546,29.1376,30.5922,32.5869,35.2336,35.5296,35.609,31.2364,34.219,36.5674,37.5618,40.7361,43.2856,44.8374,46.5609,46.3699,48.796,47.2018
Mongolia,Agri-food systems,Emissions (CO2),kilotonnes,24461.2427,24331.9172,24485.7267,24440.6228,24518.2789,24548.1217,24506.0948,24720.7322,24671.5747,24910.1066,25004.558,24434.5515,24875.1196,25173.0429,24711.4259,24528.7734,24470.6675,24677.7776,24937.4835,24841.3452,24834.7488
Mongolia,Agri-food systems,Emissions (CO2eq) from CH4 (AR5),kilotonnes,14027.3635,12245.4207,10254.4499,10325.7659,9967.0504,11066.7687,12154.0245,13618.0345,13788.69,14331.2583,12569.25,14215.5197,15298.0842,16149.9851,17890.2914,19182.5391,20888.952,22312.579,22484.4392,23788.6259,23280.3865
Mongolia,Agri-food systems,Emissions (CO2eq) from N2O (AR5),kilotonnes,9191.9359,8404.3965,7785.5106,7829.6792,7721.4533,8106.9241,8635.5355,9336.9074,9415.3317,9436.3789,8277.6469,9068.0345,9690.3673,9953.875,10795.0606,11470.6941,11881.9104,12338.6417,12288.0226,12930.9355,12508.472
Mongolia,Agri-food systems,Emissions (CO2eq) (AR5),kilotonnes,47680.542,44981.7344,42525.6872,42596.0679,42206.7826,43721.8145,45295.6548,47675.6741,47875.5963,48677.7438,45851.4549,47718.1057,49863.5711,51276.9029,53396.7779,55182.0066,57241.5299,59328.9983,59709.9452,61560.9066,60623.6073
Mongolia,IPCC Agriculture,Emissions (CH4),kilotonnes,431.525,365.9391,292.8545,293.8398,279.4749,309.7377,345.6192,393.3028,396.5718,402.9363,315.7953,362.2717,406.701,437.2487,506.2108,558.9642,598.6253,636.6295,634.8947,685.3626,661.7341
Mongolia,IPCC Agriculture,Emissions (CH4),kilotonnes,,,,,,,288.95,,,,,,,,,,,,,,
Mongolia,IPCC Agriculture,Direct emissions (N2O),kilotonnes,10.9484,9.583,7.9021,7.5546,7.5778,8.7251,9.8824,11.2603,11.9531,12.2088,9.4429,10.4879,11.7478,13.0798,14.9321,16.1115,17.6919,19.1448,19.3072,20.7164,19.8026
Mongolia,IPCC Agriculture,Indirect emissions (N2O),kilotonnes,4.1613,3.6761,3.0901,2.9494,2.9906,3.4616,3.9215,4.476,4.7457,4.8344,3.7043,4.122,4.6217,5.1381,5.8664,6.3323,6.9508,7.5189,7.5736,8.1195,7.7403
Mongolia,IPCC Agriculture,Emissions (N2O),kilotonnes,34.5601,31.5837,29.2506,29.4143,28.997,30.4523,32.4381,35.0661,35.3527,35.4246,31.0545,34.0044,36.3338,37.3179,40.5062,43.0674,44.6206,46.3127,46.1127,48.5424,46.9444
Mongolia,IPCC Agriculture,Emissions (N2O),kilotonnes,,,,,,,1.27,,,,,,,,,,,,,,
Mongolia,IPCC Agriculture,Emissions (CO2eq) from CH4 (AR5),kilotonnes,12082.6986,10246.2948,8199.9266,8227.5143,7825.2983,8672.6569,9677.337,11012.4788,11104.0099,11282.2178,8842.2676,10143.6078,11387.6291,12242.9629,14173.9031,15650.9986,16761.5077,17825.6258,17777.0507,19190.1532,18528.5557
Mongolia,IPCC Agriculture,Emissions (CO2eq) from CH4 (AR5),kilotonnes,,,,,,,8090.6,,,,,,,,,,,,,,
Mongolia,IPCC Agriculture,Emissions (CO2eq) from N2O (AR5),kilotonnes,9158.4147,8369.6813,7751.4095,7794.7945,7684.1957,8069.8569,8596.1019,9292.5157,9368.4633,9387.5072,8229.4542,9011.1783,9628.4668,9889.2525,10734.1525,11412.8647,11824.471,12272.8581,12219.8667,12863.7449,12440.2762
Mongolia,IPCC Agriculture,Emissions (CO2eq) from N2O (AR5),kilotonnes,,,,,,,336.55,,,,,,,,,,,,,,
Mongolia,IPCC Agriculture,Emissions (CO2eq) (AR5),kilotonnes,21241.1134,18615.9762,15951.3361,16022.3087,15509.494,16742.5138,18273.4389,20304.9945,20472.4733,20669.725,17071.7218,19154.7861,21016.0958,22132.2154,24908.0556,27063.8632,28585.9787,30098.4839,29996.9174,32053.8981,30968.8319
Mongolia,IPCC Agriculture,Emissions (CO2eq) (AR5),kilotonnes,,,,,,,8427.15,,,,,,,,,,,,,,
Mongolia,Agricultural Soils,Direct emissions (N2O),kilotonnes,10.9484,9.583,7.9021,7.5546,7.5778,8.7251,9.8824,11.2603,11.9531,12.2088,9.4429,10.4879,11.7478,13.0798,14.9321,16.1115,17.6919,19.1448,19.3072,20.7164,19.8026
Mongolia,Agricultural Soils,Direct emissions (N2O),kilotonnes,10.82,8.69,7.98,8.24,8.9,9.49,10.72,12.21,12.94,13.22,10.29,11.39,12.74,14.205,16.25,,,,,,
Mongolia,Agricultural Soils,Indirect emissions (N2O),kilotonnes,4.1613,3.6761,3.0901,2.9494,2.9906,3.4616,3.9215,4.476,4.7457,4.8344,3.7043,4.122,4.6217,5.1381,5.8664,6.3323,6.9508,7.5189,7.5736,8.1195,7.7403
Mongolia,Agricultural Soils,Emissions (N2O),kilotonnes,31.0649,29.1924,26.9265,26.4461,26.5525,28.1797,29.8116,31.7642,32.7221,33.0816,29.1903,30.6959,32.4691,34.3291,36.913,38.5583,40.6261,42.6012,42.8119,44.7313,43.4444
Mongolia,Agricultural Soils,Emissions (N2O),kilotonnes,,,,,,,1.27,,,,,,,,,,,,,,
Mongolia,Agricultural Soils,Emissions (CO2eq) from N2O (AR5),kilotonnes,8232.1864,7735.9991,7135.5192,7008.2123,7036.4252,7467.6282,7900.0689,8417.5231,8671.3525,8766.6121,7735.422,8134.4056,8604.3151,9097.2013,9781.9442,10217.9622,10765.9226,11289.3233,11345.1608,11853.7824,11512.7741
Mongolia,Agricultural Soils,Emissions (CO2eq) from N2O (AR5),kilotonnes,,,,,,,336.55,,,,,,,,,,,,,,
Mongolia,Agricultural Soils,Emissions (CO2eq) (AR5),kilotonnes,8232.1864,7735.9991,7135.5192,7008.2123,7036.4252,7467.6282,7900.0689,8417.5231,8671.3525,8766.6121,7735.422,8134.4056,8604.3151,9097.2013,9781.9442,10217.9622,10765.9226,11289.3233,11345.1608,11853.7824,11512.7741
Mongolia,Agricultural Soils,Emissions (CO2eq) (AR5),kilotonnes,,,,,,,336.55,,,,,,,,,,,,,,
Mongolia,LULUCF,Emissions (CH4),kilotonnes,15.5249,0.0749,0.9697,0.1927,0,0.015,0.083,0.1994,0.1376,0.9946,0.0081,0.7351,0.1449,0.0075,0.0262,0.6485,0.0163,0.3784,0.0849,0.002,0.0025
Mongolia,LULUCF,Emissions (N2O),kilotonnes,0.8588,0.0068,0.0885,0.0176,0,0.0014,0.0076,0.0182,0.0126,0.0908,0.0007,0.0671,0.0132,0.0007,0.0024,0.0592,0.0015,0.0346,0.0077,0.0002,0.0002
Mongolia,LULUCF,Emissions (CO2),kilotonnes,23594.4422,23451.7181,23452.9094,23463.5173,23522.8796,23535.4327,23555.9795,23584.285,23577.4248,23598.9766,23605.6588,22713.8358,22733.0025,22749.1421,22753.891,22754.0032,22568.5286,22503.798,22495.1052,22444.7461,22453.4899
Mongolia,LULUCF,Emissions (CO2),kilotonnes,,,,,,,-2082.58,,,,,,,,,,,,,,
Mongolia,LULUCF,Emissions (CO2eq) from CH4 (AR5),kilotonnes,434.6965,2.097,27.1528,5.3958,0,0.4194,2.3245,5.5836,3.8539,27.8493,0.2274,20.5833,4.0581,0.2097,0.7348,18.1567,0.455,10.5954,2.3765,0.0569,0.0699
Mongolia,LULUCF,Emissions (CO2eq) from N2O (AR5),kilotonnes,227.5881,1.8121,23.4636,4.6626,0,0.3625,2.0086,4.825,3.3303,24.0654,0.1965,17.7866,3.5067,0.1812,0.6349,15.6898,0.3932,9.1558,2.0536,0.0492,0.0604
Mongolia,LULUCF,Emissions (CO2eq) (AR5),kilotonnes,24256.7268,23455.6272,23503.5257,23473.5757,23522.8796,23536.2146,23560.3126,23594.6936,23584.609,23650.8913,23606.0827,22752.2057,22740.5674,22749.533,22755.2607,22787.8496,22569.3768,22523.5493,22499.5354,22444.8522,22453.6202
Mongolia,LULUCF,Emissions (CO2eq) (AR5),kilotonnes,,,,,,,-2082.58,,,,,,,,,,,,,,
Mongolia,AFOLU,Emissions (CH4),kilotonnes,447.0498,366.014,293.8243,294.0325,279.4749,309.7527,345.7022,393.5022,396.7094,403.931,315.8034,363.0068,406.846,437.2562,506.2371,559.6127,598.6415,637.0079,634.9795,685.3646,661.7366
Mongolia,AFOLU,Emissions (N2O),kilotonnes,35.4189,31.5905,29.3391,29.4319,28.997,30.4537,32.4457,35.0843,35.3653,35.5154,31.0553,34.0716,36.3471,37.3186,40.5086,43.1266,44.6221,46.3472,46.1205,48.5426,46.9447
Mongolia,AFOLU,Emissions (CO2),kilotonnes,23594.4422,23451.7181,23452.9094,23463.5173,23522.8796,23535.4327,23555.9795,23584.285,23577.4248,23598.9766,23605.6588,22713.8358,22733.0025,22749.1421,22753.891,22754.0032,22568.5286,22503.798,22495.1052,22444.7461,22453.4899
Mongolia,AFOLU,Emissions (CO2eq) from CH4 (AR5),kilotonnes,12517.3951,10248.3919,8227.0794,8232.91,7825.2983,8673.0764,9679.6615,11018.0624,11107.8639,11310.067,8842.495,10164.1911,11391.6872,12243.1726,14174.6379,15669.1553,16761.9627,17836.2212,17779.4272,19190.2101,18528.6256
Mongolia,AFOLU,Emissions (CO2eq) from N2O (AR5),kilotonnes,9386.0028,8371.4934,7774.8731,7799.4571,7684.1957,8070.2193,8598.1106,9297.3406,9371.7936,9411.5726,8229.6507,9028.9649,9631.9735,9889.4337,10734.7874,11428.5544,11824.8642,12282.014,12221.9204,12863.794,12440.3366
Mongolia,AFOLU,Emissions (CO2eq) (AR5),kilotonnes,45497.8401,42071.6034,39454.8618,39495.8844,39032.3737,40278.7284,41833.7515,43899.688,44057.0823,44320.6163,40677.8045,41906.9918,43756.6632,44881.7484,47663.3163,49851.7129,51155.3555,52622.0332,52496.4528,54498.7503,53422.4521
Mongolia,All sectors with LULUCF,Emissions (CH4),kilotonnes,475.8498,396.314,325.4243,326.2325,312.5749,399.5527,444.5022,512.2022,522.6094,609.431,682.7034,810.7068,799.346,812.5562,891.1371,879.4127,1070.8415,1212.6079,1248.2795,1301.3646,1316.3366
Mongolia,All sectors with LULUCF,Emissions (N2O),kilotonnes,35.9166,32.0923,29.8789,29.9627,29.5737,31.0694,33.1455,35.8491,36.1551,36.3022,31.8801,35.0224,37.3809,38.4025,41.5765,44.1655,45.624,47.5071,47.3614,49.7996,48.2456
Mongolia,All sectors with LULUCF,Emissions (CO2),kilotonnes,31111.2522,31350.3341,31743.5414,31497.9663,32131.9606,32172.3357,33148.6955,35821.02,35726.1788,36823.7506,37702.4498,44497.6458,58113.8305,66669.9701,52660.719,46260.8312,48285.3566,57228.641,59233.9612,62657.6291,62366.3849
Mongolia,All sectors with LULUCF,Emissions (CO2eq) from F-gases (AR5),kilotonnes,0,0,0,0,0,0,0,3.6927,11.2724,23.0306,41.3967,67.0511,101.0625,109.8083,112.7235,100.0907,108.8365,117.5823,125.3563,134.1021,142.8479
Mongolia,All sectors with LULUCF,Emissions (CO2eq) from CH4 (AR5),kilotonnes,13323.7951,11096.7919,9111.8794,9134.51,8752.0983,11187.4764,12446.0615,14341.6624,14633.0639,17064.067,19115.695,22699.7911,22381.6872,22751.5726,24951.8379,24623.5553,29983.5627,33953.0212,34951.8272,36438.2101,36857.4256
Mongolia,All sectors with LULUCF,Emissions (CO2eq) from N2O (AR5),kilotonnes,9517.8992,8504.4516,7917.9031,7940.1043,7837.035,8233.396,8783.5499,9500.0076,9581.0885,9620.0757,8448.2272,9280.9354,9905.9432,10176.6579,11017.7759,11703.8621,12090.3709,12589.3946,12550.7697,13196.8858,12785.0921
Mongolia,All sectors with LULUCF,Emissions (CO2eq) (AR5),kilotonnes,53952.9465,50951.5775,48773.3239,48572.5806,48721.094,51593.208,54378.3069,59666.3827,59951.6035,63530.9239,65307.7687,76545.4234,90502.5234,99708.0089,88743.0563,82688.3393,90468.1267,103888.6391,106861.9145,112426.8272,112151.7505
Mongolia,All sectors without LULUCF,Emissions (CH4),kilotonnes,460.325,396.2391,324.4545,326.0398,312.5749,399.5377,444.4192,512.0028,522.4718,608.4363,682.6953,809.9717,799.201,812.5487,891.1108,878.7642,1070.8253,1212.2295,1248.1947,1301.3626,1316.3341
Mongolia,All sectors without LULUCF,Emissions (N2O),kilotonnes,35.0578,32.0854,29.7903,29.9451,29.5737,31.0681,33.1379,35.8309,36.1425,36.2114,31.8794,34.9553,37.3677,38.4018,41.5741,44.1063,45.6226,47.4726,47.3536,49.7994,48.2454
Mongolia,All sectors without LULUCF,Emissions (CO2),kilotonnes,7516.81,7898.616,8290.632,8034.449,8609.081,8636.903,9592.716,12236.735,12148.754,13224.774,14096.791,21783.81,35380.828,43920.828,29906.828,23506.828,25716.828,34724.843,36738.856,40212.883,39912.895
Mongolia,All sectors without LULUCF,Emissions (CO2eq) from F-gases (AR5),kilotonnes,0,0,0,0,0,0,0,3.6927,11.2724,23.0306,41.3967,67.0511,101.0625,109.8083,112.7235,100.0907,108.8365,117.5823,125.3563,134.1021,142.8479
Mongolia,All sectors without LULUCF,Emissions (CO2eq) from CH4 (AR5),kilotonnes,12889.0986,11094.6948,9084.7266,9129.1143,8752.0983,11187.0569,12443.737,14336.0788,14629.2099,17036.2178,19115.4676,22679.2078,22377.6291,22751.3629,24951.1031,24605.3986,29983.1077,33942.4258,34949.4507,36438.1532,36857.3557
Mongolia,All sectors without LULUCF,Emissions (CO2eq) from N2O (AR5),kilotonnes,9290.3111,8502.6395,7894.4396,7935.4416,7837.035,8233.0335,8781.5412,9495.1826,9577.7582,9596.0103,8448.0307,9263.1488,9902.4365,10176.4767,11017.141,11688.1724,12089.9777,12580.2388,12548.7161,13196.8366,12785.0317
Mongolia,All sectors without LULUCF,Emissions (CO2eq) (AR5),kilotonnes,29696.2197,27495.9504,25269.7981,25099.0049,25198.2143,28056.9935,30817.9943,36071.6891,36366.9945,39880.0326,41701.686,53793.2176,67761.956,76958.4759,65987.7956,59900.4897,67898.7499,81365.0899,84362.3791,89981.975,89698.1303
Montenegro,Crop Residues,Direct emissions (N2O),kilotonnes,,,,,,,0.0078,0.001,0.0013,0.0014,0.0013,0.0018,0.0016,0.0021,0.0022,0.0021,0.0022,0.0022,0.0022,0.0022,0.0021
Montenegro,Crop Residues,Indirect emissions (N2O),kilotonnes,,,,,,,0.0018,0.0002,0.0003,0.0003,0.0003,0.0004,0.0004,0.0005,0.0005,0.0005,0.0005,0.0005,0.0005,0.0005,0.0005
Montenegro,Crop Residues,Emissions (N2O),kilotonnes,,,,,,,0.0096,0.0013,0.0016,0.0017,0.0016,0.0023,0.0019,0.0025,0.0027,0.0026,0.0028,0.0028,0.0027,0.0027,0.0025
Montenegro,Crop Residues,Emissions (CO2eq) from N2O (AR5),kilotonnes,,,,,,,2.538,0.3397,0.4307,0.4561,0.4323,0.5989,0.5114,0.6699,0.7285,0.6932,0.7302,0.7296,0.7274,0.7103,0.6735
Montenegro,Crop Residues,Emissions (CO2eq) (AR5),kilotonnes,,,,,,,2.538,0.3397,0.4307,0.4561,0.4323,0.5989,0.5114,0.6699,0.7285,0.6932,0.7302,0.7296,0.7274,0.7103,0.6735
Montenegro,Burning - Crop residues,Emissions (CH4),kilotonnes,,,,,,,0.0084,0.0015,0.0015,0.0015,0.0015,0.0022,0.0021,0.0023,0.0026,0.0025,0.0025,0.0026,0.0026,0.0026,0.0024
Montenegro,Burning - Crop residues,Emissions (CH4),kilotonnes,,,,,,,,,,,,0.01,,,,,,,,,
Montenegro,Burning - Crop residues,Emissions (N2O),kilotonnes,,,,,,,0.0002,0,0,0,0,0.0001,0.0001,0.0001,0.0001,0.0001,0.0001,0.0001,0.0001,0.0001,0.0001
Montenegro,Burning - Crop residues,Emissions (CO2eq) from CH4 (AR5),kilotonnes,,,,,,,0.2348,0.043,0.0427,0.0424,0.042,0.0612,0.0601,0.0633,0.0715,0.0698,0.0701,0.0717,0.072,0.0717,0.0678
Montenegro,Burning - Crop residues,Emissions (CO2eq) from CH4 (AR5),kilotonnes,,,,,,,,,,,,0.28,,,,,,,,,
Montenegro,Burning - Crop residues,Emissions (CO2eq) from N2O (AR5),kilotonnes,,,,,,,0.0576,0.0106,0.0105,0.0104,0.0103,0.015,0.0147,0.0155,0.0175,0.0171,0.0172,0.0176,0.0177,0.0176,0.0166
Montenegro,Burning - Crop residues,Emissions (CO2eq) (AR5),kilotonnes,,,,,,,0.2924,0.0536,0.0532,0.0528,0.0523,0.0762,0.0748,0.0788,0.089,0.0869,0.0873,0.0893,0.0897,0.0893,0.0845
Montenegro,Burning - Crop residues,Emissions (CO2eq) (AR5),kilotonnes,,,,,,,,,,,,0.28,,,,,,,,,
Montenegro,Enteric Fermentation,Emissions (CH4),kilotonnes,,,,,,,13.5965,12.8309,12.4253,12.004,11.4722,10.2082,10.4604,10.4576,10.7217,10.8701,10.5113,10.3124,10.0631,9.7454,9.6558
Montenegro,Enteric Fermentation,Emissions (CH4),kilotonnes,,,,,,,,,,,,7.6,,,,,,,,,
Montenegro,Enteric Fermentation,Emissions (CO2eq) from CH4 (AR5),kilotonnes,,,,,,,380.7026,359.2658,347.9072,336.1113,321.2207,285.8304,292.8905,292.8136,300.2064,304.3621,294.3177,288.747,281.7674,272.8709,270.3622
Montenegro,Enteric Fermentation,Emissions (CO2eq) from CH4 (AR5),kilotonnes,,,,,,,,,,,,212.8,,,,,,,,,
Montenegro,Enteric Fermentation,Emissions (CO2eq) (AR5),kilotonnes,,,,,,,380.7026,359.2658,347.9072,336.1113,321.2207,285.8304,292.8905,292.8136,300.2064,304.3621,294.3177,288.747,281.7674,272.8709,270.3622
Montenegro,Enteric Fermentation,Emissions (CO2eq) (AR5),kilotonnes,,,,,,,,,,,,212.8,,,,,,,,,
Montenegro,Manure Management,Emissions (CH4),kilotonnes,,,,,,,2.1145,1.9939,1.9379,1.8879,1.8087,1.6369,1.6862,1.7049,1.7582,1.8026,1.9495,1.7483,1.6916,1.6334,1.6448
Montenegro,Manure Management,Emissions (CH4),kilotonnes,,,,,,,,,,,,1.66,,,,,,,,,
Montenegro,Manure Management,Emissions (N2O),kilotonnes,,,,,,,0.1054,0.0999,0.0971,0.094,0.09,0.0796,0.0811,0.0817,0.0843,0.0857,0.0857,0.0823,0.0798,0.0772,0.0769
Montenegro,Manure Management,Emissions (N2O),kilotonnes,,,,,,,,,,,,0.12,,,,,,,,,
Montenegro,Manure Management,Emissions (CO2eq) from CH4 (AR5),kilotonnes,,,,,,,59.2062,55.8296,54.2617,52.8623,50.6433,45.8326,47.214,47.7365,49.2296,50.4724,54.5851,48.952,47.364,45.7343,46.0535
Montenegro,Manure Management,Emissions (CO2eq) from CH4 (AR5),kilotonnes,,,,,,,,,,,,46.48,,,,,,,,,
Montenegro,Manure Management,Emissions (CO2eq) from N2O (AR5),kilotonnes,,,,,,,27.9204,26.4649,25.7261,24.9148,23.8393,21.0988,21.4819,21.6383,22.3523,22.7048,22.7183,21.8033,21.1552,20.4699,20.372
Montenegro,Manure Management,Emissions (CO2eq) from N2O (AR5),kilotonnes,,,,,,,,,,,,31.8,,,,,,,,,
Montenegro,Manure Management,Emissions (CO2eq) (AR5),kilotonnes,,,,,,,87.1267,82.2946,79.9879,77.7772,74.4826,66.9314,68.6959,69.3748,71.5819,73.1772,77.3034,70.7553,68.5191,66.2042,66.4254
Montenegro,Manure Management,Emissions (CO2eq) (AR5),kilotonnes,,,,,,,,,,,,78.28,,,,,,,,,
Montenegro,Manure left on Pasture,Direct emissions (N2O),kilotonnes,,,,,,,0.1267,0.1185,0.1128,0.1088,0.1051,0.0975,0.1052,0.106,0.1061,0.1076,0.1049,0.1026,0.1002,0.0977,0.0977
Montenegro,Manure left on Pasture,Indirect emissions (N2O),kilotonnes,,,,,,,0.0385,0.0355,0.0337,0.0324,0.0315,0.0302,0.0333,0.0338,0.0334,0.0336,0.033,0.0322,0.0316,0.0308,0.031
Montenegro,Manure left on Pasture,Emissions (N2O),kilotonnes,,,,,,,0.1652,0.154,0.1465,0.1412,0.1366,0.1276,0.1385,0.1398,0.1395,0.1412,0.1379,0.1349,0.1318,0.1285,0.1287
Montenegro,Manure left on Pasture,Emissions (CO2eq) from N2O (AR5),kilotonnes,,,,,,,43.7863,40.8009,38.8281,37.4284,36.2068,33.8219,36.7021,37.0563,36.9667,37.42,36.5347,35.7359,34.9156,34.0485,34.1169
Montenegro,Manure left on Pasture,Emissions (CO2eq) (AR5),kilotonnes,,,,,,,43.7863,40.8009,38.8281,37.4284,36.2068,33.8219,36.7021,37.0563,36.9667,37.42,36.5347,35.7359,34.9156,34.0485,34.1169
Montenegro,Manure applied to Soils,Direct emissions (N2O),kilotonnes,,,,,,,0.0973,0.0929,0.0894,0.0868,0.0835,0.0747,0.0764,0.0772,0.0792,0.0811,0.0833,0.0788,0.0759,0.0738,0.074
Montenegro,Manure applied to Soils,Indirect emissions (N2O),kilotonnes,,,,,,,0.0414,0.0395,0.038,0.0369,0.0355,0.0317,0.0325,0.0328,0.0337,0.0345,0.0354,0.0335,0.0322,0.0313,0.0314
Montenegro,Manure applied to Soils,Emissions (N2O),kilotonnes,,,,,,,0.1387,0.1324,0.1274,0.1237,0.119,0.1064,0.1088,0.11,0.1129,0.1156,0.1187,0.1123,0.1081,0.1051,0.1054
Montenegro,Manure applied to Soils,Emissions (CO2eq) from N2O (AR5),kilotonnes,,,,,,,36.7568,35.0803,33.7547,32.768,31.5475,28.2031,28.8366,29.1433,29.9089,30.6266,31.4602,29.7688,28.646,27.8534,27.931
Montenegro,Manure applied to Soils,Emissions (CO2eq) (AR5),kilotonnes,,,,,,,36.7568,35.0803,33.7547,32.768,31.5475,28.2031,28.8366,29.1433,29.9089,30.6266,31.4602,29.7688,28.646,27.8534,27.931
Montenegro,Synthetic Fertilizers,Direct emissions (N2O),kilotonnes,,,,,,,0.0273,0.0218,0.0207,0.0171,0.0214,0.0183,0.02,0.0222,0.0208,0.0202,0.0208,0.0164,0.0197,0.0197,0.0226
Montenegro,Synthetic Fertilizers,Indirect emissions (N2O),kilotonnes,,,,,,,0.0089,0.0071,0.0067,0.0056,0.0069,0.006,0.0065,0.0072,0.0068,0.0066,0.0068,0.0053,0.0064,0.0064,0.0074
Montenegro,Synthetic Fertilizers,Emissions (N2O),kilotonnes,,,,,,,0.0362,0.0289,0.0275,0.0227,0.0283,0.0243,0.0266,0.0294,0.0276,0.0268,0.0276,0.0217,0.0261,0.0261,0.03
Montenegro,Synthetic Fertilizers,Emissions (CO2eq) from N2O (AR5),kilotonnes,,,,,,,9.5897,7.6641,7.2778,6.0088,7.504,6.4336,7.0385,7.8038,7.3091,7.0911,7.3037,5.7603,6.9272,6.9272,7.942
Montenegro,Synthetic Fertilizers,Emissions (CO2eq) (AR5),kilotonnes,,,,,,,9.5897,7.6641,7.2778,6.0088,7.504,6.4336,7.0385,7.8038,7.3091,7.0911,7.3037,5.7603,6.9272,6.9272,7.942
Montenegro,Drained organic soils,Emissions (CO2eq) (AR5),kilotonnes,,,,,,,41.4146,41.4146,41.4146,41.4146,41.4146,41.4146,41.4146,41.4146,41.4146,41.4146,41.4146,41.4146,41.4146,22.0452,22.0452
Montenegro,Drained organic soils (CO2),Emissions (CO2),kilotonnes,,,,,,,34.8934,34.8934,34.8934,34.8934,34.8934,34.8934,34.8934,34.8934,34.8934,34.8934,34.8934,34.8934,34.8934,18.5739,18.5739
Montenegro,Drained organic soils (CO2),Emissions (CO2eq) (AR5),kilotonnes,,,,,,,34.8934,34.8934,34.8934,34.8934,34.8934,34.8934,34.8934,34.8934,34.8934,34.8934,34.8934,34.8934,34.8934,18.5739,18.5739
Montenegro,Drained organic soils (N2O),Emissions (N2O),kilotonnes,,,,,,,0.0246,0.0246,0.0246,0.0246,0.0246,0.0246,0.0246,0.0246,0.0246,0.0246,0.0246,0.0246,0.0246,0.0131,0.0131
Montenegro,Drained organic soils (N2O),Emissions (CO2eq) from N2O (AR5),kilotonnes,,,,,,,6.5212,6.5212,6.5212,6.5212,6.5212,6.5212,6.5212,6.5212,6.5212,6.5212,6.5212,6.5212,6.5212,3.4713,3.4713
Montenegro,Drained organic soils (N2O),Emissions (CO2eq) (AR5),kilotonnes,,,,,,,6.5212,6.5212,6.5212,6.5212,6.5212,6.5212,6.5212,6.5212,6.5212,6.5212,6.5212,6.5212,6.5212,3.4713,3.4713
Montenegro,On-farm energy use,Emissions (CH4),kilotonnes,,,,,,,0.0059,0.0065,0.0061,0.007,0.0062,0.0049,0.0047,0.0052,0.0049,0.0051,0.0046,0.0045,0.0024,0.0019,0.0019
Montenegro,On-farm energy use,Emissions (N2O),kilotonnes,,,,,,,0.0014,0.0014,0.0014,0.0014,0.0014,0.0014,0.0014,0.0063,0.005,0.0063,0.0038,0.0038,0.0039,0.0036,0.0036
Montenegro,On-farm energy use,Emissions (CO2),kilotonnes,,,,,,,17.8677,22.9115,22.0061,20.9224,19.0716,16.9258,15.2267,26.0857,21.9309,25.5073,17.6916,17.0723,15.6078,14.3431,14.3431
Montenegro,On-farm energy use,Emissions (CO2eq) from CH4 (AR5),kilotonnes,,,,,,,0.1646,0.1823,0.1698,0.1957,0.1746,0.1379,0.1323,0.1462,0.1372,0.143,0.1281,0.1258,0.0667,0.0526,0.0526
Montenegro,On-farm energy use,Emissions (CO2eq) from N2O (AR5),kilotonnes,,,,,,,0.3727,0.3825,0.3779,0.3824,0.3759,0.3655,0.3626,1.6632,1.3347,1.6608,1.0064,1.0051,1.0233,0.961,0.961
Montenegro,On-farm energy use,Emissions (CO2eq) (AR5),kilotonnes,,,,,,,18.405,23.4763,22.5538,21.5005,19.6221,17.4293,15.7216,27.8952,23.4028,27.3111,18.8261,18.2033,16.6977,15.3567,15.3567
Montenegro,Forestland,Emissions (CO2),kilotonnes,,,,,,,-4158.891,-4158.891,-4158.891,-4158.891,-4158.891,0,0,0,0,0,0,0,0,0,0
Montenegro,Forestland,Emissions (CO2eq) (AR5),kilotonnes,,,,,,,-4158.891,-4158.891,-4158.891,-4158.891,-4158.891,0,0,0,0,0,0,0,0,0,0
Montenegro,Net Forest conversion,Emissions (CO2),kilotonnes,,,,,,,0,0,0,0,0,0,0,0,0,0,0,0,0,0,0
Montenegro,Net Forest conversion,Emissions (CO2eq) (AR5),kilotonnes,,,,,,,0,0,0,0,0,0,0,0,0,0,0,0,0,0,0
Montenegro,Savanna fires,Emissions (CH4),kilotonnes,,,,,,,0.0204,0.3054,0.052,0.0012,0.0073,0.112,0.2766,0.0075,0.002,0.1248,0.0064,0.2676,0.0277,0.0179,0.0599
Montenegro,Savanna fires,Emissions (N2O),kilotonnes,,,,,,,0.0019,0.0279,0.0048,0.0001,0.0007,0.0102,0.0253,0.0007,0.0002,0.0114,0.0006,0.0244,0.0025,0.0016,0.0055
Montenegro,Savanna fires,Emissions (CO2eq) from CH4 (AR5),kilotonnes,,,,,,,0.5724,8.5506,1.4567,0.0341,0.2033,3.1373,7.7446,0.2105,0.0547,3.4955,0.1795,7.4921,0.7768,0.5011,1.6766
Montenegro,Savanna fires,Emissions (CO2eq) from N2O (AR5),kilotonnes,,,,,,,0.4947,7.3888,1.2588,0.0294,0.1757,2.711,6.6924,0.1819,0.0473,3.0206,0.1551,6.4742,0.6712,0.4331,1.4488
Montenegro,Savanna fires,Emissions (CO2eq) (AR5),kilotonnes,,,,,,,1.0671,15.9395,2.7155,0.0635,0.3789,5.8483,14.437,0.3924,0.102,6.5161,0.3345,13.9663,1.448,0.9342,3.1254
Montenegro,Fires in organic soils,Emissions (CH4),kilotonnes,,,,,,,0,0,0,0,0,0,0,0,0,0,0,0,0,0,0
Montenegro,Fires in organic soils,Emissions (CO2),kilotonnes,,,,,,,0,0,0,0,0,0,0,0,0,0,0,0,0,0,0
Montenegro,Fires in organic soils,Emissions (CO2eq) from CH4 (AR5),kilotonnes,,,,,,,0,0,0,0,0,0,0,0,0,0,0,0,0,0,0
Montenegro,Fires in organic soils,Emissions (CO2eq) (AR5),kilotonnes,,,,,,,0,0,0,0,0,0,0,0,0,0,0,0,0,0,0
Montenegro,Forest fires,Emissions (CH4),kilotonnes,,,,,,,0,0.0299,0.0025,0,0,0.0872,0.0897,0,0.005,0.0673,0,0.2891,0.0025,0.0374,0.0972
Montenegro,Forest fires,Emissions (N2O),kilotonnes,,,,,,,0,0.0027,0.0002,0,0,0.008,0.0082,0,0.0005,0.0061,0,0.0264,0.0002,0.0034,0.0089
Montenegro,Forest fires,Emissions (CO2eq) from CH4 (AR5),kilotonnes,,,,,,,0,0.8375,0.0698,0,0,2.4424,2.5126,0,0.1396,1.8844,0,8.095,0.0698,1.0469,2.7216
Montenegro,Forest fires,Emissions (CO2eq) from N2O (AR5),kilotonnes,,,,,,,0,0.7237,0.0603,0,0,2.1106,2.1713,0,0.1206,1.6283,0,6.9952,0.0603,0.9047,2.3518
Montenegro,Forest fires,Emissions (CO2eq) (AR5),kilotonnes,,,,,,,0,1.5612,0.1301,0,0,4.553,4.6839,0,0.2602,3.5127,0,15.0902,0.1301,1.9516,5.0734
Montenegro,Fires in humid tropical forests,Emissions (CH4),kilotonnes,,,,,,,0,0,0,0,0,0,0,0,0,0,0,0,0,0,0
Montenegro,Fires in humid tropical forests,Emissions (N2O),kilotonnes,,,,,,,0,0,0,0,0,0,0,0,0,0,0,0,0,0,0
Montenegro,Fires in humid tropical forests,Emissions (CO2eq) from CH4 (AR5),kilotonnes,,,,,,,0,0,0,0,0,0,0,0,0,0,0,0,0,0,0
Montenegro,Fires in humid tropical forests,Emissions (CO2eq) from N2O (AR5),kilotonnes,,,,,,,0,0,0,0,0,0,0,0,0,0,0,0,0,0,0
Montenegro,Fires in humid tropical forests,Emissions (CO2eq) (AR5),kilotonnes,,,,,,,0,0,0,0,0,0,0,0,0,0,0,0,0,0,0
Montenegro,Waste - agri-food systems,Emissions (CH4),kilotonnes,,,,,,,4.0228,4.2812,4.5524,4.7469,4.8965,5.0354,5.2117,5.272,5.3753,5.4338,5.5268,5.5913,5.6608,5.7198,5.7665
Montenegro,Waste - agri-food systems,Emissions (N2O),kilotonnes,,,,,,,0.0307,0.0324,0.0342,0.0342,0.0343,0.0343,0.0334,0.0342,0.0328,0.032,0.0345,0.0348,0.0347,0.0346,0.0345
Montenegro,Waste - agri-food systems,Emissions (CO2),kilotonnes,,,,,,,18.253,18.5066,18.6839,18.6093,18.606,18.6837,18.5947,18.669,18.6928,18.5879,18.6521,18.7395,18.8451,18.8505,18.7263
Montenegro,Waste - agri-food systems,Emissions (CO2eq) from CH4 (AR5),kilotonnes,,,,,,,112.6395,119.8734,127.4685,132.9128,137.1015,140.9898,145.9282,147.6151,150.5087,152.1472,154.7501,156.5567,158.5031,160.1554,161.4616
Montenegro,Waste - agri-food systems,Emissions (CO2eq) from N2O (AR5),kilotonnes,,,,,,,8.1238,8.5779,9.0688,9.0524,9.082,9.0791,8.8569,9.0698,8.6962,8.4684,9.1517,9.2106,9.1968,9.1774,9.1507
Montenegro,Waste - agri-food systems,Emissions (CO2eq) (AR5),kilotonnes,,,,,,,139.0163,146.9579,155.2211,160.5745,164.7895,168.7526,173.3798,175.354,177.8977,179.2035,182.5539,184.5067,186.5451,188.1833,189.3385
Montenegro,On-farm electricity use,Emissions (CH4),kilotonnes,,,,,,,0.0324,0.0336,0.0432,0.0444,0.0456,0.0144,0.012,0.0144,0.0156,0.0168,0.0168,0.0216,0.0209,0.0219,0.0219
Montenegro,On-farm electricity use,Emissions (N2O),kilotonnes,,,,,,,0.0002,0.0002,0.0002,0.0002,0.0002,0.0001,0.0001,0.0001,0.0001,0.0001,0.0001,0.0001,0.0001,0.0002,0.0002
Montenegro,On-farm electricity use,Emissions (CO2),kilotonnes,,,,,,,11.5988,12.872,19.1862,10.7144,16.0522,7.8549,5.4546,5.5807,6.0457,6.5107,6.5108,8.371,8.0919,8.5012,8.5012
Montenegro,On-farm electricity use,Emissions (CO2eq) from CH4 (AR5),kilotonnes,,,,,,,0.9072,0.9408,1.2096,1.2432,1.2768,0.4032,0.336,0.4032,0.4368,0.4704,0.4704,0.6048,0.5852,0.6132,0.6132
Montenegro,On-farm electricity use,Emissions (CO2eq) from N2O (AR5),kilotonnes,,,,,,,0.053,0.053,0.053,0.053,0.053,0.0265,0.0265,0.0265,0.0265,0.0265,0.0265,0.0265,0.0265,0.053,0.053
Montenegro,On-farm electricity use,Emissions (CO2eq) (AR5),kilotonnes,,,,,,,12.559,13.8658,20.4488,12.0106,17.382,8.2846,5.8171,6.0104,6.509,7.0076,7.0077,9.0023,8.7036,9.1674,9.1674
Montenegro,Food Processing,Emissions (CH4),kilotonnes,,,,,,,0,0,0,0.0348,0.0336,0.141,0.1459,0.0259,0.0457,0.039,0.0389,0.0377,0.0393,0.0472,0.0507
Montenegro,Food Processing,Emissions (N2O),kilotonnes,,,,,,,0,0,0,0.0002,0.0001,0.0011,0.0013,0.0003,0.0007,0.0005,0.0005,0.0005,0.0005,0.0006,0.0006
Montenegro,Food Processing,Emissions (CO2),kilotonnes,,,,,,,0,0,0,8.3978,11.8279,84.5792,77.1809,24.7134,70.3009,52.8267,49.842,49.377,52.0904,62.6584,60.4305
Montenegro,Food Processing,Emissions (CO2eq) from CH4 (AR5),kilotonnes,,,,,,,0,0,0,0.9744,0.9408,3.948,4.0852,0.7252,1.2796,1.092,1.0892,1.0556,1.1004,1.3216,1.4196
Montenegro,Food Processing,Emissions (CO2eq) from N2O (AR5),kilotonnes,,,,,,,0,0,0,0.053,0.0265,0.2915,0.3445,0.0795,0.1855,0.1325,0.1325,0.1325,0.1325,0.159,0.1616
Montenegro,Food Processing,Emissions (CO2eq) (AR5),kilotonnes,,,,,,,0,0,0,9.4252,12.7952,88.8187,81.6106,25.5181,71.766,54.0512,51.0637,50.5651,53.3233,64.139,62.0117
Montenegro,Food Packaging,Emissions (CH4),kilotonnes,,,,,,,0.2536,0.3432,0.3083,0.1554,0.1931,0.2009,0.1723,0.1044,0.1029,0.1094,0.0958,0.1012,0.1012,0.0421,0.0452
Montenegro,Food Packaging,Emissions (N2O),kilotonnes,,,,,,,0.0016,0.002,0.0015,0.0008,0.0009,0.0013,0.0014,0.0006,0.0006,0.0007,0.0006,0.0006,0.0006,0.0003,0.0003
Montenegro,Food Packaging,Emissions (CO2),kilotonnes,,,,,,,90.0056,129.2817,136.7811,48.0004,67.8518,102.8417,75.282,39.2039,37.7062,39.793,32.6138,34.6419,36.3076,14.6159,14.0962
Montenegro,Food Packaging,Emissions (CO2eq) from CH4 (AR5),kilotonnes,,,,,,,7.1008,9.6096,8.6324,4.3512,5.4068,5.6252,4.8244,2.9232,2.8812,3.0632,2.6824,2.8336,2.8336,1.1788,1.2662
Montenegro,Food Packaging,Emissions (CO2eq) from N2O (AR5),kilotonnes,,,,,,,0.424,0.53,0.3975,0.212,0.2385,0.3445,0.371,0.159,0.159,0.1855,0.159,0.159,0.159,0.0795,0.0808
Montenegro,Food Packaging,Emissions (CO2eq) (AR5),kilotonnes,,,,,,,97.5304,139.4213,145.811,52.5636,73.4971,108.8114,80.4774,42.2861,40.7464,43.0417,35.4552,37.6345,39.3002,15.8742,15.4432
Montenegro,Food Retail,Emissions (CH4),kilotonnes,,,,,,,0.0018,0.0021,0.0023,0.0022,0.0024,0.0026,0.004,0.0094,0.0844,0.0841,0.096,0.1058,0.106,0.1369,0.147
Montenegro,Food Retail,Emissions (N2O),kilotonnes,,,,,,,0,0,0,0,0,0,0,0.0001,0.0005,0.0005,0.0006,0.0007,0.0007,0.0009,0.0009
Montenegro,Food Retail,Emissions (CO2),kilotonnes,,,,,,,0.7174,0.7106,0.8976,0.5746,0.8364,1.4401,1.8,3.9825,37.0621,37.2422,42.1745,46.5929,46.5779,60.2259,58.0845
Montenegro,Food Retail,Emissions (CO2eq) from CH4 (AR5),kilotonnes,,,,,,,0.0517,0.0599,0.0635,0.0618,0.0672,0.0728,0.112,0.2632,2.3632,2.3548,2.688,2.9624,2.968,3.8332,4.1173
Montenegro,Food Retail,Emissions (CO2eq) from N2O (AR5),kilotonnes,,,,,,,0,0,0,0,0,0,0,0.0265,0.1325,0.1325,0.159,0.1855,0.1855,0.2385,0.2425
Montenegro,Food Retail,Emissions (CO2eq) (AR5),kilotonnes,,,,,,,0.7691,0.7705,0.9611,0.6364,0.9036,1.5129,1.912,4.2722,39.5578,39.7295,45.0215,49.7408,49.7314,64.2976,62.4443
Montenegro,Food Household Consumption,Emissions (CH4),kilotonnes,,,,,,,0.2331,0.2511,0.2639,0.2595,0.2516,0.2421,0.263,0.2534,0.2377,0.2503,0.2585,0.2539,0.2504,0.2533,0.2721
Montenegro,Food Household Consumption,Emissions (N2O),kilotonnes,,,,,,,0.0014,0.0015,0.0012,0.0012,0.0011,0.0017,0.0021,0.0015,0.0014,0.0015,0.0015,0.0015,0.0015,0.0015,0.0015
Montenegro,Food Household Consumption,Emissions (CO2),kilotonnes,,,,,,,84.767,94.8914,113.2052,65.0416,88.4235,128.8038,118.1505,98.0404,91.8177,96.6563,99.5092,98.2888,97.2047,98.4008,94.9021
Montenegro,Food Household Consumption,Emissions (CO2eq) from CH4 (AR5),kilotonnes,,,,,,,6.5268,7.0308,7.3892,7.266,7.0448,6.7788,7.364,7.0952,6.6556,7.0084,7.238,7.1092,7.0112,7.0924,7.6181
Montenegro,Food Household Consumption,Emissions (CO2eq) from N2O (AR5),kilotonnes,,,,,,,0.371,0.3975,0.318,0.318,0.2915,0.4505,0.5565,0.3975,0.371,0.3975,0.3975,0.3975,0.3975,0.3975,0.4041
Montenegro,Food Household Consumption,Emissions (CO2eq) (AR5),kilotonnes,,,,,,,91.6648,102.3197,120.9124,72.6256,95.7598,136.0331,126.071,105.5331,98.8443,104.0622,107.1447,105.7955,104.6134,105.8907,102.9242
Montenegro,Energy,Emissions (CH4),kilotonnes,,,,,,,6.43,7.45,7.9,7.69,8.36,8.57,8.1,8.19,7.54,8.67,9.44,9.53,9.38,9.04,9.71
Montenegro,Energy,Emissions (N2O),kilotonnes,,,,,,,0.107,0.124,0.127,0.131,0.139,0.14,0.137,0.146,0.131,0.152,0.168,0.174,0.182,0.181,0.184
Montenegro,Energy,Emissions (CO2),kilotonnes,,,,,,,2110,2090,2640,1690,2460,2460,2250,2180,2120,2260,2030,2120,2250,2250,2170
Montenegro,Energy,Emissions (CO2eq) from CH4 (AR5),kilotonnes,,,,,,,180.04,208.6,221.2,215.32,234.08,239.96,226.8,229.32,211.12,242.76,264.32,266.84,262.64,253.12,271.88
Montenegro,Energy,Emissions (CO2eq) from N2O (AR5),kilotonnes,,,,,,,28.355,32.86,33.655,34.715,36.835,37.1,36.305,38.69,34.715,40.28,44.52,46.11,48.23,47.965,48.76
Montenegro,Energy,Emissions (CO2eq) (AR5),kilotonnes,,,,,,,2318.395,2331.46,2894.855,1940.035,2730.915,2737.06,2513.105,2448.01,2365.835,2543.04,2338.84,2432.95,2560.87,2551.085,2490.64
Montenegro,IPPU,Emissions (CH4),kilotonnes,,,,,,,0.0123,0.013,0.0136,0.0107,0.0126,0.013,0.0085,0.0092,0.0105,0.0133,0.0151,0.0158,0.0159,0.0164,0.015
Montenegro,IPPU,Emissions (N2O),kilotonnes,,,,,,,0.0756,0.115,0.0723,0.0673,0.0626,0.0619,0.0603,0.0605,0.0623,0.0648,0.0664,0.0694,0.0709,0.0476,0.0438
Montenegro,IPPU,Emissions (CO2),kilotonnes,,,,,,,83.6,94.9,91.9,74.4,91.6,112,103,104,91.4,94.8,97.2,100,101,109,104
Montenegro,IPPU,Emissions (CO2eq) from F-gases (AR5),kilotonnes,,,,,,,433.4025,480.0468,524.7475,574.307,623.8664,661.7649,741.4487,786.1495,832.7937,846.3982,918.3081,956.2065,981.4721,952.3195,1078.6476
Montenegro,IPPU,Emissions (CO2eq) from CH4 (AR5),kilotonnes,,,,,,,0.3444,0.364,0.3808,0.2996,0.3528,0.364,0.2372,0.2576,0.294,0.3724,0.4228,0.4424,0.4452,0.4592,0.42
Montenegro,IPPU,Emissions (CO2eq) from N2O (AR5),kilotonnes,,,,,,,20.034,30.475,19.1595,17.8345,16.589,16.4035,15.9795,16.0325,16.5095,17.172,17.596,18.391,18.7885,12.614,11.607
Montenegro,IPPU,Emissions (CO2eq) (AR5),kilotonnes,,,,,,,537.3809,605.7858,636.1878,666.8411,732.4082,790.5324,860.6654,906.4396,940.9972,958.7426,1033.5269,1075.0399,1101.7058,1074.3927,1194.6746
Montenegro,Waste,Emissions (CH4),kilotonnes,,,,,,,7.12,8.13,8,8.32,9.19,9.62,9.89,10.7,9.93,11.4,11.9,12.8,13.5,13.4,13.8
Montenegro,Waste,Emissions (N2O),kilotonnes,,,,,,,0.0759,0.0898,0.0895,0.0897,0.0958,0.0947,0.0923,0.0927,0.0939,0.0969,0.0992,0.105,0.108,0.108,0.11
Montenegro,Waste,Emissions (CO2),kilotonnes,,,,,,,0.451,0.52,0.519,0.519,0.559,0.563,0.557,0.56,0.576,0.601,0.615,0.642,0.657,0.665,0.68
Montenegro,Waste,Emissions (CO2eq) from CH4 (AR5),kilotonnes,,,,,,,199.36,227.64,224,232.96,257.32,269.36,276.92,299.6,278.04,319.2,333.2,358.4,378,375.2,386.4
Montenegro,Waste,Emissions (CO2eq) from N2O (AR5),kilotonnes,,,,,,,20.1135,23.797,23.7175,23.7705,25.387,25.0955,24.4595,24.5655,24.8835,25.6785,26.288,27.825,28.62,28.62,29.15
Montenegro,Waste,Emissions (CO2eq) (AR5),kilotonnes,,,,,,,219.9245,251.957,248.2365,257.2495,283.266,295.0185,301.9365,324.7255,303.4995,345.4795,360.103,386.867,407.277,404.485,416.23
Montenegro,Other,Emissions (N2O),kilotonnes,,,,,,,0.0835,0.0889,0.0878,0.0825,0.0874,0.0881,0.0795,0.0786,0.0743,0.0857,0.0929,0.0953,0.0966,0.0902,0.0907
Montenegro,Other,Emissions (CO2eq) from N2O (AR5),kilotonnes,,,,,,,22.1275,23.5585,23.267,21.8625,23.161,23.3465,21.0675,20.829,19.6895,22.7105,24.6185,25.2545,25.599,23.903,24.0355
Montenegro,Other,Emissions (CO2eq) (AR5),kilotonnes,,,,,,,22.1275,23.5585,23.267,21.8625,23.161,23.3465,21.0675,20.829,19.6895,22.7105,24.6185,25.2545,25.599,23.903,24.0355
Montenegro,Farm-gate emissions,Emissions (CH4),kilotonnes,,,,,,,15.7457,15.1383,14.4228,13.9016,13.2959,11.9643,12.4301,12.1775,12.4893,12.8051,12.4743,12.3353,11.7874,11.4011,11.3647
Montenegro,Farm-gate emissions,Direct emissions (N2O),kilotonnes,,,,,,,0.2592,0.2342,0.2243,0.2141,0.2113,0.1923,0.2032,0.2075,0.2084,0.211,0.2113,0.2001,0.198,0.1933,0.1964
Montenegro,Farm-gate emissions,Indirect emissions (N2O),kilotonnes,,,,,,,0.0905,0.0823,0.0787,0.0752,0.0743,0.0683,0.0726,0.0743,0.0743,0.0752,0.0756,0.0716,0.0707,0.0691,0.0703
Montenegro,Farm-gate emissions,Emissions (N2O),kilotonnes,,,,,,,0.4832,0.4704,0.4309,0.4095,0.4023,0.3765,0.4082,0.3951,0.3969,0.4142,0.4017,0.4069,0.3796,0.3581,0.3658
Montenegro,Farm-gate emissions,Emissions (CO2),kilotonnes,,,,,,,52.7611,57.8049,56.8995,55.8158,53.965,51.8192,50.1201,60.9791,56.8243,60.4007,52.585,51.9657,50.5012,32.917,32.917
Montenegro,Farm-gate emissions,Emissions (CO2eq) from CH4 (AR5),kilotonnes,,,,,,,440.8806,423.8714,403.8382,389.2457,372.2839,334.9994,348.0415,340.9701,349.6993,358.5428,349.2804,345.3887,330.0468,319.2306,318.2127
Montenegro,Farm-gate emissions,Emissions (CO2eq) from N2O (AR5),kilotonnes,,,,,,,128.0375,124.6531,114.1858,108.5196,106.6129,99.7691,108.1614,104.6936,105.1863,109.7553,106.4468,107.8161,100.6048,94.8922,96.9332
Montenegro,Farm-gate emissions,Emissions (CO2eq) (AR5),kilotonnes,,,,,,,621.6792,606.3294,574.9234,553.581,532.8618,486.5877,506.323,506.6428,511.71,528.6989,508.3123,505.1705,481.1528,447.0399,448.0629
Montenegro,Land Use change,Emissions (CH4),kilotonnes,,,,,,,0,0,0,0,0,0,0,0,0,0,0,0,0,0,0
Montenegro,Land Use change,Emissions (N2O),kilotonnes,,,,,,,0,0,0,0,0,0,0,0,0,0,0,0,0,0,0
Montenegro,Land Use change,Emissions (CO2),kilotonnes,,,,,,,0,0,0,0,0,0,0,0,0,0,0,0,0,0,0
Montenegro,Land Use change,Emissions (CO2eq) from CH4 (AR5),kilotonnes,,,,,,,0,0,0,0,0,0,0,0,0,0,0,0,0,0,0
Montenegro,Land Use change,Emissions (CO2eq) from N2O (AR5),kilotonnes,,,,,,,0,0,0,0,0,0,0,0,0,0,0,0,0,0,0
Montenegro,Land Use change,Emissions (CO2eq) (AR5),kilotonnes,,,,,,,0,0,0,0,0,0,0,0,0,0,0,0,0,0,0
Montenegro,Emissions on agricultural land,Emissions (CH4),kilotonnes,,,,,,,15.7457,15.1383,14.4228,13.9016,13.2959,11.9643,12.4301,12.1775,12.4893,12.8051,12.4743,12.3353,11.7874,11.4011,11.3647
Montenegro,Emissions on agricultural land,Emissions (N2O),kilotonnes,,,,,,,0.4832,0.4704,0.4309,0.4095,0.4023,0.3765,0.4082,0.3951,0.3969,0.4142,0.4017,0.4069,0.3796,0.3581,0.3658
Montenegro,Emissions on agricultural land,Emissions (CO2),kilotonnes,,,,,,,52.7611,57.8049,56.8995,55.8158,53.965,51.8192,50.1201,60.9791,56.8243,60.4007,52.585,51.9657,50.5012,32.917,32.917
Montenegro,Emissions on agricultural land,Emissions (CO2eq) from CH4 (AR5),kilotonnes,,,,,,,440.8806,423.8714,403.8382,389.2457,372.2839,334.9994,348.0415,340.9701,349.6993,358.5428,349.2804,345.3887,330.0468,319.2306,318.2127
Montenegro,Emissions on agricultural land,Emissions (CO2eq) from N2O (AR5),kilotonnes,,,,,,,128.0375,124.6531,114.1858,108.5196,106.6129,99.7691,108.1614,104.6936,105.1863,109.7553,106.4468,107.8161,100.6048,94.8922,96.9332
Montenegro,Emissions on agricultural land,Emissions (CO2eq) (AR5),kilotonnes,,,,,,,621.6792,606.3294,574.9234,553.581,532.8618,486.5877,506.323,506.6428,511.71,528.6989,508.3123,505.1705,481.1528,447.0399,448.0629
Montenegro,Pre- and post- production,Emissions (CH4),kilotonnes,,,,,,,4.5438,4.9112,5.1701,5.2432,5.4228,5.6364,5.8089,5.6795,5.8616,5.9334,6.0328,6.1115,6.1786,6.2212,6.3034
Montenegro,Pre- and post- production,Emissions (N2O),kilotonnes,,,,,,,0.0339,0.0361,0.0371,0.0366,0.0366,0.0385,0.0383,0.0368,0.0361,0.0353,0.0378,0.0382,0.0381,0.0381,0.0381
Montenegro,Pre- and post- production,Emissions (CO2),kilotonnes,,,,,,,205.3418,256.2623,288.754,151.3381,203.5978,344.2034,296.4627,190.1899,261.6254,251.6168,249.3024,256.0111,259.1176,263.2527,254.7409
Montenegro,Pre- and post- production,Emissions (CO2eq) from CH4 (AR5),kilotonnes,,,,,,,127.226,137.5145,144.7632,146.8094,151.8379,157.8178,162.6498,159.0251,164.1251,166.136,168.9181,171.1223,173.0015,174.1946,176.4958
Montenegro,Pre- and post- production,Emissions (CO2eq) from N2O (AR5),kilotonnes,,,,,,,8.9718,9.5584,9.8373,9.6884,9.6915,10.1921,10.1554,9.7588,9.5707,9.3429,10.0262,10.1116,10.0978,10.1049,10.0927
Montenegro,Pre- and post- production,Emissions (CO2eq) (AR5),kilotonnes,,,,,,,341.5395,403.3352,443.3545,307.8359,365.1272,512.2133,469.2679,358.9739,435.3212,427.0957,428.2467,437.2449,442.217,447.5522,441.3294
Montenegro,Agri-food systems,Emissions (CH4),kilotonnes,,,,,,,20.2895,20.0495,19.5929,19.1448,18.7186,17.6006,18.239,17.857,18.3509,18.7385,18.5071,18.4468,17.966,17.6223,17.6682
Montenegro,Agri-food systems,Emissions (N2O),kilotonnes,,,,,,,0.517,0.5065,0.468,0.4461,0.4389,0.4149,0.4465,0.4319,0.433,0.4494,0.4395,0.445,0.4177,0.3962,0.4039
Montenegro,Agri-food systems,Emissions (CO2),kilotonnes,,,,,,,258.1029,314.0671,345.6535,207.1539,257.5628,396.0226,346.5828,251.1691,318.4497,312.0175,301.8875,307.9768,309.6187,296.1697,287.6579
Montenegro,Agri-food systems,Emissions (CO2eq) from CH4 (AR5),kilotonnes,,,,,,,568.1066,561.3859,548.6013,536.0551,524.1218,492.8172,510.6913,499.9952,513.8244,524.6788,518.1985,516.5109,503.0484,493.4252,494.7085
Montenegro,Agri-food systems,Emissions (CO2eq) from N2O (AR5),kilotonnes,,,,,,,137.0093,134.2115,124.0231,118.208,116.3044,109.9612,118.3168,114.4524,114.7571,119.0982,116.473,117.9277,110.7026,104.9971,107.0259
Montenegro,Agri-food systems,Emissions (CO2eq) (AR5),kilotonnes,,,,,,,963.2188,1009.6645,1018.2779,861.4169,897.9891,998.801,975.5909,865.6167,947.0312,955.7945,936.5589,942.4154,923.3698,894.592,889.3923
Montenegro,IPCC Agriculture,Emissions (CH4),kilotonnes,,,,,,,15.7399,15.1318,14.4167,13.8946,13.2896,11.9593,12.4253,12.1723,12.4844,12.8,12.4697,12.3308,11.785,11.3992,11.3629
Montenegro,IPCC Agriculture,Emissions (CH4),kilotonnes,,,,,,,11.93,11.17,10.91,8.8,9.15,9.27,,,,,,,,,
Montenegro,IPCC Agriculture,Direct emissions (N2O),kilotonnes,,,,,,,0.2592,0.2342,0.2243,0.2141,0.2113,0.1923,0.2032,0.2075,0.2084,0.211,0.2113,0.2001,0.198,0.1933,0.1964
Montenegro,IPCC Agriculture,Indirect emissions (N2O),kilotonnes,,,,,,,0.0905,0.0823,0.0787,0.0752,0.0743,0.0683,0.0726,0.0743,0.0743,0.0752,0.0756,0.0716,0.0707,0.0691,0.0703
Montenegro,IPCC Agriculture,Emissions (N2O),kilotonnes,,,,,,,0.4818,0.4689,0.4295,0.4081,0.4009,0.3751,0.4068,0.3888,0.3919,0.4079,0.3979,0.4031,0.3758,0.3545,0.3622
Montenegro,IPCC Agriculture,Emissions (N2O),kilotonnes,,,,,,,0.69,0.63,0.62,0.55,0.61,0.6,,,,,,,,,
Montenegro,IPCC Agriculture,Emissions (CO2eq) from CH4 (AR5),kilotonnes,,,,,,,440.7161,423.6891,403.6683,389.05,372.1093,334.8615,347.9092,340.8239,349.5622,358.3998,349.1523,345.2628,329.9802,319.1781,318.1601
Montenegro,IPCC Agriculture,Emissions (CO2eq) from CH4 (AR5),kilotonnes,,,,,,,334.04,312.76,305.48,246.4,256.2,259.56,,,,,,,,,
Montenegro,IPCC Agriculture,Emissions (CO2eq) from N2O (AR5),kilotonnes,,,,,,,127.6648,124.2706,113.8079,108.1371,106.2371,99.4035,107.7987,103.0303,103.8516,108.0945,105.4405,106.811,99.5815,93.9312,95.9722
Montenegro,IPCC Agriculture,Emissions (CO2eq) from N2O (AR5),kilotonnes,,,,,,,182.85,166.95,164.3,145.75,161.65,159,,,,,,,,,
Montenegro,IPCC Agriculture,Emissions (CO2eq) (AR5),kilotonnes,,,,,,,568.3808,547.9597,517.4763,497.1871,478.3463,434.265,455.708,443.8542,453.4138,466.4943,454.5928,452.0738,429.5617,413.1093,414.1323
Montenegro,IPCC Agriculture,Emissions (CO2eq) (AR5),kilotonnes,,,,,,,516.89,479.71,469.78,392.15,417.85,418.56,,,,,,,,,
Montenegro,Agricultural Soils,Direct emissions (N2O),kilotonnes,,,,,,,0.2592,0.2342,0.2243,0.2141,0.2113,0.1923,0.2032,0.2075,0.2084,0.211,0.2113,0.2001,0.198,0.1933,0.1964
Montenegro,Agricultural Soils,Indirect emissions (N2O),kilotonnes,,,,,,,0.0905,0.0823,0.0787,0.0752,0.0743,0.0683,0.0726,0.0743,0.0743,0.0752,0.0756,0.0716,0.0707,0.0691,0.0703
Montenegro,Agricultural Soils,Emissions (N2O),kilotonnes,,,,,,,0.3743,0.3412,0.3276,0.3139,0.3102,0.2852,0.3004,0.3064,0.3073,0.3108,0.3115,0.2963,0.2933,0.2755,0.2798
Montenegro,Agricultural Soils,Emissions (N2O),kilotonnes,,,,,,,,,,,,0.48,,,,,,,,,
Montenegro,Agricultural Soils,Emissions (CO2eq) from N2O (AR5),kilotonnes,,,,,,,99.1921,90.4063,86.8125,83.1825,82.2118,75.5787,79.6098,81.1946,81.4345,82.352,82.5499,78.5159,77.7374,73.0107,74.1347
Montenegro,Agricultural Soils,Emissions (CO2eq) from N2O (AR5),kilotonnes,,,,,,,,,,,,127.2,,,,,,,,,
Montenegro,Agricultural Soils,Emissions (CO2eq) (AR5),kilotonnes,,,,,,,99.1921,90.4063,86.8125,83.1825,82.2118,75.5787,79.6098,81.1946,81.4345,82.352,82.5499,78.5159,77.7374,73.0107,74.1347
Montenegro,Agricultural Soils,Emissions (CO2eq) (AR5),kilotonnes,,,,,,,,,,,,127.2,,,,,,,,,
Montenegro,LULUCF,Emissions (CH4),kilotonnes,,,,,,,0,0.0299,0.0025,0,0,0.0872,0.0897,0,0.005,0.0673,0,0.2891,0.0025,0.0374,0.0972
Montenegro,LULUCF,Emissions (N2O),kilotonnes,,,,,,,0,0.0027,0.0002,0,0,0.008,0.0082,0,0.0005,0.0061,0,0.0264,0.0002,0.0034,0.0089
Montenegro,LULUCF,Emissions (CO2),kilotonnes,,,,,,,-4123.9976,-4123.9976,-4123.9976,-4123.9976,-4123.9976,34.8934,34.8934,34.8934,34.8934,34.8934,34.8934,34.8934,34.8934,18.5739,18.5739
Montenegro,LULUCF,Emissions (CO2),kilotonnes,,,,,,,-1864.6,-2364.3,-2269.7,-2405.3,-2262.8,-2166.9,,,,,,,,,
Montenegro,LULUCF,Emissions (CO2eq) from CH4 (AR5),kilotonnes,,,,,,,0,0.8375,0.0698,0,0,2.4424,2.5126,0,0.1396,1.8844,0,8.095,0.0698,1.0469,2.7216
Montenegro,LULUCF,Emissions (CO2eq) from N2O (AR5),kilotonnes,,,,,,,0,0.7237,0.0603,0,0,2.1106,2.1713,0,0.1206,1.6283,0,6.9952,0.0603,0.9047,2.3518
Montenegro,LULUCF,Emissions (CO2eq) (AR5),kilotonnes,,,,,,,-4123.9976,-4122.4364,-4123.8675,-4123.9976,-4123.9976,39.4464,39.5773,34.8934,35.1536,38.4061,34.8934,49.9836,35.0235,20.5255,23.6473
Montenegro,LULUCF,Emissions (CO2eq) (AR5),kilotonnes,,,,,,,-1864.6,-2364.3,-2269.7,-2405.3,-2262.8,-2166.9,,,,,,,,,
Montenegro,AFOLU,Emissions (CH4),kilotonnes,,,,,,,15.7399,15.1617,14.4192,13.8946,13.2896,12.0466,12.5151,12.1723,12.4893,12.8673,12.4697,12.6199,11.7875,11.4366,11.4601
Montenegro,AFOLU,Emissions (N2O),kilotonnes,,,,,,,0.4818,0.4717,0.4297,0.4081,0.4009,0.3831,0.415,0.3888,0.3923,0.414,0.3979,0.4295,0.376,0.3579,0.371
Montenegro,AFOLU,Emissions (CO2),kilotonnes,,,,,,,-4123.9976,-4123.9976,-4123.9976,-4123.9976,-4123.9976,34.8934,34.8934,34.8934,34.8934,34.8934,34.8934,34.8934,34.8934,18.5739,18.5739
Montenegro,AFOLU,Emissions (CO2eq) from CH4 (AR5),kilotonnes,,,,,,,440.7161,424.5266,403.7381,389.05,372.1093,337.3039,350.4219,340.8239,349.7017,360.2842,349.1523,353.3579,330.05,320.225,320.8817
Montenegro,AFOLU,Emissions (CO2eq) from N2O (AR5),kilotonnes,,,,,,,127.6648,124.9943,113.8682,108.1371,106.2371,101.5141,109.97,103.0303,103.9722,109.7229,105.4405,113.8062,99.6418,94.8359,98.324
Montenegro,AFOLU,Emissions (CO2eq) (AR5),kilotonnes,,,,,,,-3555.6168,-3574.4767,-3606.3913,-3626.8105,-3645.6513,473.7115,495.2853,478.7476,488.5674,504.9005,489.4862,502.0574,464.5852,433.6348,437.7795
Montenegro,All sectors with LULUCF,Emissions (CH4),kilotonnes,,,,,,,29.3022,30.7547,30.3328,29.9153,30.8522,30.2496,30.5135,31.0715,29.9698,32.9506,33.8248,34.9657,34.6834,33.893,34.9851
Montenegro,All sectors with LULUCF,Emissions (N2O),kilotonnes,,,,,,,0.8238,0.8894,0.8063,0.7786,0.7857,0.7678,0.7841,0.7666,0.7538,0.8134,0.8244,0.8732,0.8335,0.7847,0.7995
Montenegro,All sectors with LULUCF,Emissions (CO2),kilotonnes,,,,,,,-1929.9466,-1938.5776,-1391.5786,-2359.0786,-1571.8386,2607.4564,2388.4504,2319.4534,2246.8694,2390.2944,2162.7084,2255.5354,2386.5504,2378.2389,2293.2539
Montenegro,All sectors with LULUCF,Emissions (CO2eq) from F-gases (AR5),kilotonnes,,,,,,,433.4025,480.0468,524.7475,574.307,623.8664,661.7649,741.4487,786.1495,832.7937,846.3982,918.3081,956.2065,981.4721,952.3195,1078.6476
Montenegro,All sectors with LULUCF,Emissions (CO2eq) from CH4 (AR5),kilotonnes,,,,,,,820.4605,861.1306,849.3189,837.6296,863.8621,846.9879,854.379,870.0015,839.1557,922.6166,947.0951,979.0403,971.1352,949.0042,979.5817
Montenegro,All sectors with LULUCF,Emissions (CO2eq) from N2O (AR5),kilotonnes,,,,,,,218.2948,235.6848,213.6672,206.3196,208.2091,203.4596,207.7815,203.1473,199.7697,215.5639,218.463,231.3867,220.8793,207.9379,211.8765
Montenegro,All sectors with LULUCF,Emissions (CO2eq) (AR5),kilotonnes,,,,,,,-457.7888,-361.7154,196.155,-740.8224,124.099,4319.6688,4192.0597,4178.7516,4118.5885,4374.8731,4246.5746,4422.1689,4560.037,4487.5005,4563.3596
Montenegro,All sectors without LULUCF,Emissions (CH4),kilotonnes,,,,,,,29.3022,30.7248,30.3303,29.9153,30.8522,30.1623,30.4238,31.0715,29.9649,32.8833,33.8248,34.6766,34.6809,33.8556,34.8879
Montenegro,All sectors without LULUCF,Emissions (N2O),kilotonnes,,,,,,,0.8238,0.8866,0.8061,0.7786,0.7857,0.7598,0.7759,0.7666,0.7534,0.8073,0.8244,0.8468,0.8333,0.7813,0.7907
Montenegro,All sectors without LULUCF,Emissions (CO2),kilotonnes,,,,,,,2194.051,2185.42,2732.419,1764.919,2552.159,2572.563,2353.557,2284.56,2211.976,2355.401,2127.815,2220.642,2351.657,2359.665,2274.68
Montenegro,All sectors without LULUCF,Emissions (CO2eq) from F-gases (AR5),kilotonnes,,,,,,,433.4025,480.0468,524.7475,574.307,623.8664,661.7649,741.4487,786.1495,832.7937,846.3982,918.3081,956.2065,981.4721,952.3195,1078.6476
Montenegro,All sectors without LULUCF,Emissions (CO2eq) from CH4 (AR5),kilotonnes,,,,,,,820.4605,860.2931,849.2491,837.6296,863.8621,844.5455,851.8664,870.0015,839.0162,920.7322,947.0951,970.9452,971.0654,947.9573,976.8601
Montenegro,All sectors without LULUCF,Emissions (CO2eq) from N2O (AR5),kilotonnes,,,,,,,218.2948,234.9611,213.6069,206.3196,208.2091,201.349,205.6102,203.1473,199.6491,213.9355,218.463,224.3915,220.819,207.0332,209.5247
Montenegro,All sectors without LULUCF,Emissions (CO2eq) (AR5),kilotonnes,,,,,,,3666.2088,3760.7209,4320.0225,3383.1752,4248.0966,4280.2224,4152.4824,4143.8583,4083.4349,4336.467,4211.6812,4372.1852,4525.0135,4466.975,4539.7123
Montserrat,Crop Residues,Direct emissions (N2O),kilotonnes,,,,,,,,,,,,,,,,,,,,,
Montserrat,Crop Residues,Indirect emissions (N2O),kilotonnes,,,,,,,,,,,,,,,,,,,,,
Montserrat,Crop Residues,Emissions (N2O),kilotonnes,,,,,,,,,,,,,,,,,,,,,
Montserrat,Crop Residues,Emissions (CO2eq) from N2O (AR5),kilotonnes,,,,,,,,,,,,,,,,,,,,,
Montserrat,Crop Residues,Emissions (CO2eq) (AR5),kilotonnes,,,,,,,,,,,,,,,,,,,,,
Montserrat,Burning - Crop residues,Emissions (CH4),kilotonnes,,,,,,,,,,,,,,,,,,,,,
Montserrat,Burning - Crop residues,Emissions (N2O),kilotonnes,,,,,,,,,,,,,,,,,,,,,
Montserrat,Burning - Crop residues,Emissions (CO2eq) from CH4 (AR5),kilotonnes,,,,,,,,,,,,,,,,,,,,,
Montserrat,Burning - Crop residues,Emissions (CO2eq) from N2O (AR5),kilotonnes,,,,,,,,,,,,,,,,,,,,,
Montserrat,Burning - Crop residues,Emissions (CO2eq) (AR5),kilotonnes,,,,,,,,,,,,,,,,,,,,,
Montserrat,Drained organic soils,Emissions (CO2eq) (AR5),kilotonnes,0,0,0,0,0,0,0,0,0,0,0,0,0,0,0,0,0,0,0,0,0
Montserrat,Drained organic soils (CO2),Emissions (CO2),kilotonnes,0,0,0,0,0,0,0,0,0,0,0,0,0,0,0,0,0,0,0,0,0
Montserrat,Drained organic soils (CO2),Emissions (CO2eq) (AR5),kilotonnes,0,0,0,0,0,0,0,0,0,0,0,0,0,0,0,0,0,0,0,0,0
Montserrat,Drained organic soils (N2O),Emissions (N2O),kilotonnes,0,0,0,0,0,0,0,0,0,0,0,0,0,0,0,0,0,0,0,0,0
Montserrat,Drained organic soils (N2O),Emissions (CO2eq) from N2O (AR5),kilotonnes,0,0,0,0,0,0,0,0,0,0,0,0,0,0,0,0,0,0,0,0,0
Montserrat,Drained organic soils (N2O),Emissions (CO2eq) (AR5),kilotonnes,0,0,0,0,0,0,0,0,0,0,0,0,0,0,0,0,0,0,0,0,0
Montserrat,On-farm energy use,Emissions (CH4),kilotonnes,0.0023,0.0022,0.0037,0.0026,0.003,0.0024,0.0024,0.0025,0.0039,0.0031,0.0064,0.0023,0.0024,0.0045,0.0035,0.0045,0.0015,0.0009,0.001,0.0005,0.0005
Montserrat,On-farm energy use,Emissions (N2O),kilotonnes,0,0,0,0,0,0,0,0,0,0,0,0,0,0,0,0,0,0,0,0,0
Montserrat,On-farm energy use,Emissions (CO2),kilotonnes,0.7242,0.6824,1.1708,0.8087,0.9528,0.7438,0.7531,0.7809,1.2374,0.9622,2.0152,0.7363,0.7652,1.4109,1.092,1.4187,0.4685,0.2973,0.3247,0.1713,0.1713
Montserrat,On-farm energy use,Emissions (CO2eq) from CH4 (AR5),kilotonnes,0.0643,0.0606,0.104,0.0718,0.0846,0.066,0.0669,0.0693,0.1099,0.0854,0.1789,0.0654,0.0679,0.1253,0.097,0.126,0.0416,0.0264,0.0288,0.0152,0.0152
Montserrat,On-farm energy use,Emissions (CO2eq) from N2O (AR5),kilotonnes,0.003,0.0029,0.0049,0.0034,0.004,0.0031,0.0032,0.0033,0.0052,0.004,0.0085,0.0031,0.0032,0.0059,0.0046,0.006,0.002,0.0012,0.0014,0.0007,0.0007
Montserrat,On-farm energy use,Emissions (CO2eq) (AR5),kilotonnes,0.7915,0.7458,1.2797,0.8839,1.0414,0.8129,0.8232,0.8535,1.3524,1.0517,2.2027,0.8047,0.8363,1.5421,1.1936,1.5507,0.5121,0.3249,0.3549,0.1872,0.1872
Montserrat,Forestland,Emissions (CO2),kilotonnes,0.0093,-0.5493,-0.5493,-0.5493,-0.5493,-0.5493,-0.5493,-0.5493,-0.5493,-0.5493,-0.5493,-0.3363,-0.3363,-0.3363,-0.3363,-0.3363,-0.7273,-0.7273,-0.7273,-0.7273,-0.7273
Montserrat,Forestland,Emissions (CO2eq) (AR5),kilotonnes,0.0093,-0.5493,-0.5493,-0.5493,-0.5493,-0.5493,-0.5493,-0.5493,-0.5493,-0.5493,-0.5493,-0.3363,-0.3363,-0.3363,-0.3363,-0.3363,-0.7273,-0.7273,-0.7273,-0.7273,-0.7273
Montserrat,Net Forest conversion,Emissions (CO2),kilotonnes,22.5058,0,0,0,0,0,0,0,0,0,0,0,0,0,0,0,0,0,0,0,0
Montserrat,Net Forest conversion,Emissions (CO2eq) (AR5),kilotonnes,22.5058,0,0,0,0,0,0,0,0,0,0,0,0,0,0,0,0,0,0,0,0
Montserrat,Savanna fires,Emissions (CH4),kilotonnes,0,0,0,0,0,0,0,0,0,0,0.0047,0,0,0,0,0,0,0,0,0,0
Montserrat,Savanna fires,Emissions (N2O),kilotonnes,0,0,0,0,0,0,0,0,0,0,0.0004,0,0,0,0,0,0,0,0,0,0
Montserrat,Savanna fires,Emissions (CO2eq) from CH4 (AR5),kilotonnes,0,0,0,0,0,0,0,0,0,0,0.1312,0,0,0,0,0,0,0,0,0,0
Montserrat,Savanna fires,Emissions (CO2eq) from N2O (AR5),kilotonnes,0,0,0,0,0,0,0,0,0,0,0.1133,0,0,0,0,0,0,0,0,0,0
Montserrat,Savanna fires,Emissions (CO2eq) (AR5),kilotonnes,0,0,0,0,0,0,0,0,0,0,0.2445,0,0,0,0,0,0,0,0,0,0
Montserrat,Fires in organic soils,Emissions (CH4),kilotonnes,0,0,0,0,0,0,0,0,0,0,0,0,0,0,0,0,0,0,0,0,0
Montserrat,Fires in organic soils,Emissions (CO2),kilotonnes,0,0,0,0,0,0,0,0,0,0,0,0,0,0,0,0,0,0,0,0,0
Montserrat,Fires in organic soils,Emissions (CO2eq) from CH4 (AR5),kilotonnes,0,0,0,0,0,0,0,0,0,0,0,0,0,0,0,0,0,0,0,0,0
Montserrat,Fires in organic soils,Emissions (CO2eq) (AR5),kilotonnes,0,0,0,0,0,0,0,0,0,0,0,0,0,0,0,0,0,0,0,0,0
Montserrat,Forest fires,Emissions (CH4),kilotonnes,0,0,0,0,0,0,0,0,0,0,0.008,0,0,0,0,0,0,0,0,0,0
Montserrat,Forest fires,Emissions (N2O),kilotonnes,0,0,0,0,0,0,0,0,0,0,0.0007,0,0,0,0,0,0,0,0,0,0
Montserrat,Forest fires,Emissions (CO2eq) from CH4 (AR5),kilotonnes,0,0,0,0,0,0,0,0,0,0,0.2236,0,0,0,0,0,0,0,0,0,0
Montserrat,Forest fires,Emissions (CO2eq) from N2O (AR5),kilotonnes,0,0,0,0,0,0,0,0,0,0,0.1932,0,0,0,0,0,0,0,0,0,0
Montserrat,Forest fires,Emissions (CO2eq) (AR5),kilotonnes,0,0,0,0,0,0,0,0,0,0,0.4168,0,0,0,0,0,0,0,0,0,0
Montserrat,Fires in humid tropical forests,Emissions (CH4),kilotonnes,0,0,0,0,0,0,0,0,0,0,0.008,0,0,0,0,0,0,0,0,0,0
Montserrat,Fires in humid tropical forests,Emissions (N2O),kilotonnes,0,0,0,0,0,0,0,0,0,0,0.0007,0,0,0,0,0,0,0,0,0,0
Montserrat,Fires in humid tropical forests,Emissions (CO2eq) from CH4 (AR5),kilotonnes,0,0,0,0,0,0,0,0,0,0,0.2236,0,0,0,0,0,0,0,0,0,0
Montserrat,Fires in humid tropical forests,Emissions (CO2eq) from N2O (AR5),kilotonnes,0,0,0,0,0,0,0,0,0,0,0.1932,0,0,0,0,0,0,0,0,0,0
Montserrat,Fires in humid tropical forests,Emissions (CO2eq) (AR5),kilotonnes,0,0,0,0,0,0,0,0,0,0,0.4168,0,0,0,0,0,0,0,0,0,0
Montserrat,Waste - agri-food systems,Emissions (CH4),kilotonnes,0,0,0,0,0,0,0,0,0,0,0,0,0,0,0,0,0,0,0,0,0
Montserrat,Waste - agri-food systems,Emissions (N2O),kilotonnes,0,0,0,0,0,0,0,0,0,0,0,0,0,0,0,0,0,0,0,0,0
Montserrat,Waste - agri-food systems,Emissions (CO2eq) from CH4 (AR5),kilotonnes,0,0,0,0,0,0,0,0,0,0,0,0,0,0,0,0,0,0,0,0,0
Montserrat,Waste - agri-food systems,Emissions (CO2eq) from N2O (AR5),kilotonnes,0,0,0,0,0,0,0,0,0,0,0,0,0,0,0,0,0,0,0,0,0
Montserrat,Waste - agri-food systems,Emissions (CO2eq) (AR5),kilotonnes,0,0,0,0,0,0,0,0,0,0,0,0,0,0,0,0,0,0,0,0,0
Montserrat,On-farm electricity use,Emissions (CH4),kilotonnes,0,0,0,0,0,0,0,0,0,0,0,0,0,0,0,0,0,0,0,0,0
Montserrat,On-farm electricity use,Emissions (N2O),kilotonnes,0,0,0,0,0,0,0,0,0,0,0,0,0,0,0,0,0,0,0,0,0
Montserrat,On-farm electricity use,Emissions (CO2),kilotonnes,0,0,0,0,0,0,0,0,0,0,0,0,0,0,0,0,0,0,0,0,0
Montserrat,On-farm electricity use,Emissions (CO2eq) from CH4 (AR5),kilotonnes,0,0,0,0,0,0,0,0,0,0,0,0,0,0,0,0,0,0,0,0,0
Montserrat,On-farm electricity use,Emissions (CO2eq) from N2O (AR5),kilotonnes,0,0,0,0,0,0,0,0,0,0,0,0,0,0,0,0,0,0,0,0,0
Montserrat,On-farm electricity use,Emissions (CO2eq) (AR5),kilotonnes,0,0,0,0,0,0,0,0,0,0,0,0,0,0,0,0,0,0,0,0,0
Montserrat,Farm-gate emissions,Emissions (CH4),kilotonnes,0.0023,0.0022,0.0037,0.0026,0.003,0.0024,0.0024,0.0025,0.0039,0.0031,0.0111,0.0023,0.0024,0.0045,0.0035,0.0045,0.0015,0.0009,0.001,0.0005,0.0005
Montserrat,Farm-gate emissions,Direct emissions (N2O),kilotonnes,,,,,,,,,,,,,,,,,,,,,
Montserrat,Farm-gate emissions,Indirect emissions (N2O),kilotonnes,,,,,,,,,,,,,,,,,,,,,
Montserrat,Farm-gate emissions,Emissions (N2O),kilotonnes,0,0,0,0,0,0,0,0,0,0,0.0005,0,0,0,0,0,0,0,0,0,0
Montserrat,Farm-gate emissions,Emissions (CO2),kilotonnes,0.7242,0.6824,1.1708,0.8087,0.9528,0.7438,0.7531,0.7809,1.2374,0.9622,2.0152,0.7363,0.7652,1.4109,1.092,1.4187,0.4685,0.2973,0.3247,0.1713,0.1713
Montserrat,Farm-gate emissions,Emissions (CO2eq) from CH4 (AR5),kilotonnes,0.0643,0.0606,0.104,0.0718,0.0846,0.066,0.0669,0.0693,0.1099,0.0854,0.3101,0.0654,0.0679,0.1253,0.097,0.126,0.0416,0.0264,0.0288,0.0152,0.0152
Montserrat,Farm-gate emissions,Emissions (CO2eq) from N2O (AR5),kilotonnes,0.003,0.0029,0.0049,0.0034,0.004,0.0031,0.0032,0.0033,0.0052,0.004,0.1218,0.0031,0.0032,0.0059,0.0046,0.006,0.002,0.0012,0.0014,0.0007,0.0007
Montserrat,Farm-gate emissions,Emissions (CO2eq) (AR5),kilotonnes,0.7915,0.7458,1.2797,0.8839,1.0414,0.8129,0.8232,0.8535,1.3524,1.0517,2.4472,0.8047,0.8363,1.5421,1.1936,1.5507,0.5121,0.3249,0.3549,0.1872,0.1872
Montserrat,Land Use change,Emissions (CH4),kilotonnes,0,0,0,0,0,0,0,0,0,0,0.008,0,0,0,0,0,0,0,0,0,0
Montserrat,Land Use change,Emissions (N2O),kilotonnes,0,0,0,0,0,0,0,0,0,0,0.0007,0,0,0,0,0,0,0,0,0,0
Montserrat,Land Use change,Emissions (CO2),kilotonnes,22.5058,0,0,0,0,0,0,0,0,0,0,0,0,0,0,0,0,0,0,0,0
Montserrat,Land Use change,Emissions (CO2eq) from CH4 (AR5),kilotonnes,0,0,0,0,0,0,0,0,0,0,0.2236,0,0,0,0,0,0,0,0,0,0
Montserrat,Land Use change,Emissions (CO2eq) from N2O (AR5),kilotonnes,0,0,0,0,0,0,0,0,0,0,0.1932,0,0,0,0,0,0,0,0,0,0
Montserrat,Land Use change,Emissions (CO2eq) (AR5),kilotonnes,22.5058,0,0,0,0,0,0,0,0,0,0.4168,0,0,0,0,0,0,0,0,0,0
Montserrat,Emissions on agricultural land,Emissions (CH4),kilotonnes,0.0023,0.0022,0.0037,0.0026,0.003,0.0024,0.0024,0.0025,0.0039,0.0031,0.0191,0.0023,0.0024,0.0045,0.0035,0.0045,0.0015,0.0009,0.001,0.0005,0.0005
Montserrat,Emissions on agricultural land,Emissions (N2O),kilotonnes,0,0,0,0,0,0,0,0,0,0,0.0012,0,0,0,0,0,0,0,0,0,0
Montserrat,Emissions on agricultural land,Emissions (CO2),kilotonnes,23.2299,0.6824,1.1708,0.8087,0.9528,0.7438,0.7531,0.7809,1.2374,0.9622,2.0152,0.7363,0.7652,1.4109,1.092,1.4187,0.4685,0.2973,0.3247,0.1713,0.1713
Montserrat,Emissions on agricultural land,Emissions (CO2eq) from CH4 (AR5),kilotonnes,0.0643,0.0606,0.104,0.0718,0.0846,0.066,0.0669,0.0693,0.1099,0.0854,0.5337,0.0654,0.0679,0.1253,0.097,0.126,0.0416,0.0264,0.0288,0.0152,0.0152
Montserrat,Emissions on agricultural land,Emissions (CO2eq) from N2O (AR5),kilotonnes,0.003,0.0029,0.0049,0.0034,0.004,0.0031,0.0032,0.0033,0.0052,0.004,0.315,0.0031,0.0032,0.0059,0.0046,0.006,0.002,0.0012,0.0014,0.0007,0.0007
Montserrat,Emissions on agricultural land,Emissions (CO2eq) (AR5),kilotonnes,23.2973,0.7458,1.2797,0.8839,1.0414,0.8129,0.8232,0.8535,1.3524,1.0517,2.864,0.8047,0.8363,1.5421,1.1936,1.5507,0.5121,0.3249,0.3549,0.1872,0.1872
Montserrat,Pre- and post- production,Emissions (CH4),kilotonnes,0,0,0,0,0,0,0,0,0,0,0,0,0,0,0,0,0,0,0,0,0
Montserrat,Pre- and post- production,Emissions (N2O),kilotonnes,0,0,0,0,0,0,0,0,0,0,0,0,0,0,0,0,0,0,0,0,0
Montserrat,Pre- and post- production,Emissions (CO2),kilotonnes,0,0,0,0,0,0,0,0,0,0,0,0,0,0,0,0,0,0,0,0,0
Montserrat,Pre- and post- production,Emissions (CO2eq) from CH4 (AR5),kilotonnes,0,0,0,0,0,0,0,0,0,0,0,0,0,0,0,0,0,0,0,0,0
Montserrat,Pre- and post- production,Emissions (CO2eq) from N2O (AR5),kilotonnes,0,0,0,0,0,0,0,0,0,0,0,0,0,0,0,0,0,0,0,0,0
Montserrat,Pre- and post- production,Emissions (CO2eq) (AR5),kilotonnes,0,0,0,0,0,0,0,0,0,0,0,0,0,0,0,0,0,0,0,0,0
Montserrat,Agri-food systems,Emissions (CH4),kilotonnes,0.0023,0.0022,0.0037,0.0026,0.003,0.0024,0.0024,0.0025,0.0039,0.0031,0.0191,0.0023,0.0024,0.0045,0.0035,0.0045,0.0015,0.0009,0.001,0.0005,0.0005
Montserrat,Agri-food systems,Emissions (N2O),kilotonnes,0,0,0,0,0,0,0,0,0,0,0.0012,0,0,0,0,0,0,0,0,0,0
Montserrat,Agri-food systems,Emissions (CO2),kilotonnes,23.2299,0.6824,1.1708,0.8087,0.9528,0.7438,0.7531,0.7809,1.2374,0.9622,2.0152,0.7363,0.7652,1.4109,1.092,1.4187,0.4685,0.2973,0.3247,0.1713,0.1713
Montserrat,Agri-food systems,Emissions (CO2eq) from CH4 (AR5),kilotonnes,0.0643,0.0606,0.104,0.0718,0.0846,0.066,0.0669,0.0693,0.1099,0.0854,0.5337,0.0654,0.0679,0.1253,0.097,0.126,0.0416,0.0264,0.0288,0.0152,0.0152
Montserrat,Agri-food systems,Emissions (CO2eq) from N2O (AR5),kilotonnes,0.003,0.0029,0.0049,0.0034,0.004,0.0031,0.0032,0.0033,0.0052,0.004,0.315,0.0031,0.0032,0.0059,0.0046,0.006,0.002,0.0012,0.0014,0.0007,0.0007
Montserrat,Agri-food systems,Emissions (CO2eq) (AR5),kilotonnes,23.2973,0.7458,1.2797,0.8839,1.0414,0.8129,0.8232,0.8535,1.3524,1.0517,2.864,0.8047,0.8363,1.5421,1.1936,1.5507,0.5121,0.3249,0.3549,0.1872,0.1872
Montserrat,IPCC Agriculture,Emissions (CH4),kilotonnes,0,0,0,0,0,0,0,0,0,0,0.0047,0,0,0,0,0,0,0,0,0,0
Montserrat,IPCC Agriculture,Direct emissions (N2O),kilotonnes,,,,,,,,,,,,,,,,,,,,,
Montserrat,IPCC Agriculture,Indirect emissions (N2O),kilotonnes,,,,,,,,,,,,,,,,,,,,,
Montserrat,IPCC Agriculture,Emissions (N2O),kilotonnes,0,0,0,0,0,0,0,0,0,0,0.0004,0,0,0,0,0,0,0,0,0,0
Montserrat,IPCC Agriculture,Emissions (CO2eq) from CH4 (AR5),kilotonnes,0,0,0,0,0,0,0,0,0,0,0.1312,0,0,0,0,0,0,0,0,0,0
Montserrat,IPCC Agriculture,Emissions (CO2eq) from N2O (AR5),kilotonnes,0,0,0,0,0,0,0,0,0,0,0.1133,0,0,0,0,0,0,0,0,0,0
Montserrat,IPCC Agriculture,Emissions (CO2eq) (AR5),kilotonnes,0,0,0,0,0,0,0,0,0,0,0.2445,0,0,0,0,0,0,0,0,0,0
Montserrat,Agricultural Soils,Direct emissions (N2O),kilotonnes,,,,,,,,,,,,,,,,,,,,,
Montserrat,Agricultural Soils,Indirect emissions (N2O),kilotonnes,,,,,,,,,,,,,,,,,,,,,
Montserrat,Agricultural Soils,Emissions (N2O),kilotonnes,0,0,0,0,0,0,0,0,0,0,0,0,0,0,0,0,0,0,0,0,0
Montserrat,Agricultural Soils,Emissions (CO2eq) from N2O (AR5),kilotonnes,0,0,0,0,0,0,0,0,0,0,0,0,0,0,0,0,0,0,0,0,0
Montserrat,Agricultural Soils,Emissions (CO2eq) (AR5),kilotonnes,0,0,0,0,0,0,0,0,0,0,0,0,0,0,0,0,0,0,0,0,0
Montserrat,LULUCF,Emissions (CH4),kilotonnes,0,0,0,0,0,0,0,0,0,0,0.008,0,0,0,0,0,0,0,0,0,0
Montserrat,LULUCF,Emissions (N2O),kilotonnes,0,0,0,0,0,0,0,0,0,0,0.0007,0,0,0,0,0,0,0,0,0,0
Montserrat,LULUCF,Emissions (CO2),kilotonnes,22.5151,-0.5493,-0.5493,-0.5493,-0.5493,-0.5493,-0.5493,-0.5493,-0.5493,-0.5493,-0.5493,-0.3363,-0.3363,-0.3363,-0.3363,-0.3363,-0.7273,-0.7273,-0.7273,-0.7273,-0.7273
Montserrat,LULUCF,Emissions (CO2eq) from CH4 (AR5),kilotonnes,0,0,0,0,0,0,0,0,0,0,0.2236,0,0,0,0,0,0,0,0,0,0
Montserrat,LULUCF,Emissions (CO2eq) from N2O (AR5),kilotonnes,0,0,0,0,0,0,0,0,0,0,0.1932,0,0,0,0,0,0,0,0,0,0
Montserrat,LULUCF,Emissions (CO2eq) (AR5),kilotonnes,22.5151,-0.5493,-0.5493,-0.5493,-0.5493,-0.5493,-0.5493,-0.5493,-0.5493,-0.5493,-0.1325,-0.3363,-0.3363,-0.3363,-0.3363,-0.3363,-0.7273,-0.7273,-0.7273,-0.7273,-0.7273
Montserrat,AFOLU,Emissions (CH4),kilotonnes,0,0,0,0,0,0,0,0,0,0,0.0127,0,0,0,0,0,0,0,0,0,0
Montserrat,AFOLU,Emissions (N2O),kilotonnes,0,0,0,0,0,0,0,0,0,0,0.0012,0,0,0,0,0,0,0,0,0,0
Montserrat,AFOLU,Emissions (CO2),kilotonnes,22.5151,-0.5493,-0.5493,-0.5493,-0.5493,-0.5493,-0.5493,-0.5493,-0.5493,-0.5493,-0.5493,-0.3363,-0.3363,-0.3363,-0.3363,-0.3363,-0.7273,-0.7273,-0.7273,-0.7273,-0.7273
Montserrat,AFOLU,Emissions (CO2eq) from CH4 (AR5),kilotonnes,0,0,0,0,0,0,0,0,0,0,0.3548,0,0,0,0,0,0,0,0,0,0
Montserrat,AFOLU,Emissions (CO2eq) from N2O (AR5),kilotonnes,0,0,0,0,0,0,0,0,0,0,0.3066,0,0,0,0,0,0,0,0,0,0
Montserrat,AFOLU,Emissions (CO2eq) (AR5),kilotonnes,22.5151,-0.5493,-0.5493,-0.5493,-0.5493,-0.5493,-0.5493,-0.5493,-0.5493,-0.5493,0.112,-0.3363,-0.3363,-0.3363,-0.3363,-0.3363,-0.7273,-0.7273,-0.7273,-0.7273,-0.7273
Montserrat,All sectors with LULUCF,Emissions (CH4),kilotonnes,0,0,0,0,0,0,0,0,0,0,0.0127,0,0,0,0,0,0,0,0,0,0
Montserrat,All sectors with LULUCF,Emissions (N2O),kilotonnes,0,0,0,0,0,0,0,0,0,0,0.0012,0,0,0,0,0,0,0,0,0,0
Montserrat,All sectors with LULUCF,Emissions (CO2),kilotonnes,22.5151,-0.5493,-0.5493,-0.5493,-0.5493,-0.5493,-0.5493,-0.5493,-0.5493,-0.5493,-0.5493,-0.3363,-0.3363,-0.3363,-0.3363,-0.3363,-0.7273,-0.7273,-0.7273,-0.7273,-0.7273
Montserrat,All sectors with LULUCF,Emissions (CO2eq) from CH4 (AR5),kilotonnes,0,0,0,0,0,0,0,0,0,0,0.3548,0,0,0,0,0,0,0,0,0,0
Montserrat,All sectors with LULUCF,Emissions (CO2eq) from N2O (AR5),kilotonnes,0,0,0,0,0,0,0,0,0,0,0.3066,0,0,0,0,0,0,0,0,0,0
Montserrat,All sectors with LULUCF,Emissions (CO2eq) (AR5),kilotonnes,22.5151,-0.5493,-0.5493,-0.5493,-0.5493,-0.5493,-0.5493,-0.5493,-0.5493,-0.5493,0.112,-0.3363,-0.3363,-0.3363,-0.3363,-0.3363,-0.7273,-0.7273,-0.7273,-0.7273,-0.7273
Montserrat,All sectors without LULUCF,Emissions (CH4),kilotonnes,0,0,0,0,0,0,0,0,0,0,0.0047,0,0,0,0,0,0,0,0,0,0
Montserrat,All sectors without LULUCF,Emissions (N2O),kilotonnes,0,0,0,0,0,0,0,0,0,0,0.0004,0,0,0,0,0,0,0,0,0,0
Montserrat,All sectors without LULUCF,Emissions (CO2eq) from CH4 (AR5),kilotonnes,0,0,0,0,0,0,0,0,0,0,0.1312,0,0,0,0,0,0,0,0,0,0
Montserrat,All sectors without LULUCF,Emissions (CO2eq) from N2O (AR5),kilotonnes,0,0,0,0,0,0,0,0,0,0,0.1133,0,0,0,0,0,0,0,0,0,0
Montserrat,All sectors without LULUCF,Emissions (CO2eq) (AR5),kilotonnes,0,0,0,0,0,0,0,0,0,0,0.2445,0,0,0,0,0,0,0,0,0,0
Morocco,Crop Residues,Direct emissions (N2O),kilotonnes,0.7839,1.2345,1.3286,1.856,1.9735,1.2004,2.0806,0.83,1.3731,2.2704,1.7779,1.9687,1.3606,2.1887,1.6245,2.52,0.9449,2.191,2.2228,1.2545,0.9483
Morocco,Crop Residues,Indirect emissions (N2O),kilotonnes,0.1764,0.2778,0.2989,0.4176,0.444,0.2701,0.4681,0.1867,0.309,0.5108,0.4,0.4429,0.3061,0.4925,0.3655,0.567,0.2126,0.493,0.5001,0.2823,0.2134
Morocco,Crop Residues,Emissions (N2O),kilotonnes,0.9603,1.5122,1.6276,2.2736,2.4175,1.4705,2.5488,1.0167,1.6821,2.7813,2.1779,2.4116,1.6667,2.6811,1.99,3.0871,1.1575,2.6839,2.7229,1.5368,1.1617
Morocco,Crop Residues,Emissions (CO2eq) from N2O (AR5),kilotonnes,254.4759,400.7445,431.3117,602.5017,640.6409,389.67,675.4228,269.4266,445.7535,737.0391,577.1398,639.0773,441.6795,710.4965,527.3473,818.0703,306.7342,711.2411,721.5771,407.241,307.8428
Morocco,Crop Residues,Emissions (CO2eq) (AR5),kilotonnes,254.4759,400.7445,431.3117,602.5017,640.6409,389.67,675.4228,269.4266,445.7535,737.0391,577.1398,639.0773,441.6795,710.4965,527.3473,818.0703,306.7342,711.2411,721.5771,407.241,307.8428
Morocco,Rice Cultivation,Emissions (CH4),kilotonnes,1.568,2.1,1.792,0.952,1.232,1.764,1.4,1.26,1.792,2.184,2.072,0.7112,2.562,1.4,1.234,2.3268,2.1076,2.2436,2.2655,2.2324,1.6206
Morocco,Rice Cultivation,Emissions (CO2eq) from CH4 (AR5),kilotonnes,43.904,58.8,50.176,26.656,34.496,49.392,39.2,35.28,50.176,61.152,58.016,19.9136,71.736,39.2,34.5509,65.1504,59.0117,62.8219,63.4334,62.5083,45.3779
Morocco,Rice Cultivation,Emissions (CO2eq) (AR5),kilotonnes,43.904,58.8,50.176,26.656,34.496,49.392,39.2,35.28,50.176,61.152,58.016,19.9136,71.736,39.2,34.5509,65.1504,59.0117,62.8219,63.4334,62.5083,45.3779
Morocco,Burning - Crop residues,Emissions (CH4),kilotonnes,3.8138,3.6455,3.5857,3.9213,4.0001,3.9005,4.0461,3.4253,3.7119,3.8526,3.7309,3.8804,3.7432,3.9761,3.6166,3.9031,3.011,4.0385,3.4976,2.909,3.2941
Morocco,Burning - Crop residues,Emissions (N2O),kilotonnes,0.0989,0.0945,0.093,0.1017,0.1037,0.1011,0.1049,0.0888,0.0962,0.0999,0.0967,0.1006,0.097,0.1031,0.0938,0.1012,0.0781,0.1047,0.0907,0.0754,0.0854
Morocco,Burning - Crop residues,Emissions (CO2eq) from CH4 (AR5),kilotonnes,106.7873,102.0751,100.4006,109.7954,112.0022,109.214,113.2905,95.9088,103.9326,107.8729,104.466,108.6523,104.8089,111.3297,101.2644,109.2873,84.3093,113.0769,97.9332,81.453,92.2344
Morocco,Burning - Crop residues,Emissions (CO2eq) from N2O (AR5),kilotonnes,26.2024,25.0462,24.6353,26.9405,27.482,26.7979,27.7981,23.5332,25.502,26.4688,25.6329,26.6601,25.717,27.317,24.8473,26.8159,20.687,27.7457,24.0299,19.9862,22.6316
Morocco,Burning - Crop residues,Emissions (CO2eq) (AR5),kilotonnes,132.9897,127.1213,125.0359,136.7359,139.4842,136.0119,141.0886,119.442,129.4346,134.3417,130.0988,135.3124,130.5259,138.6467,126.1117,136.1032,104.9963,140.8227,121.9631,101.4392,114.866
Morocco,Enteric Fermentation,Emissions (CH4),kilotonnes,234.1806,231.9893,229.4849,233.5555,237.5311,236.5249,240.8864,238.1341,240.1194,239.3846,246.7751,260.851,259.4011,265.9907,271.8249,270.8306,274.6455,275.3194,281.0597,286.5978,282.8373
Morocco,Enteric Fermentation,Emissions (CH4),kilotonnes,211.99,,,,,,,,,,224.5,,241.3,,,,,,,,
Morocco,Enteric Fermentation,Emissions (CO2eq) from CH4 (AR5),kilotonnes,6557.0568,6495.7004,6425.5772,6539.554,6650.8708,6622.6972,6744.8203,6667.7548,6723.3432,6702.7688,6909.7028,7303.8288,7263.2302,7447.7389,7611.0971,7583.2569,7690.073,7708.9429,7869.6727,8024.7372,7919.443
Morocco,Enteric Fermentation,Emissions (CO2eq) from CH4 (AR5),kilotonnes,5935.72,,,,,,,,,,6286,,6756.4,,,,,,,,
Morocco,Enteric Fermentation,Emissions (CO2eq) (AR5),kilotonnes,6557.0568,6495.7004,6425.5772,6539.554,6650.8708,6622.6972,6744.8203,6667.7548,6723.3432,6702.7688,6909.7028,7303.8288,7263.2302,7447.7389,7611.0971,7583.2569,7690.073,7708.9429,7869.6727,8024.7372,7919.443
Morocco,Enteric Fermentation,Emissions (CO2eq) (AR5),kilotonnes,5935.72,,,,,,,,,,6286,,6756.4,,,,,,,,
Morocco,Manure Management,Emissions (CH4),kilotonnes,10.6448,10.5944,10.4545,10.6025,10.7498,10.6976,11.0948,11.0299,11.2955,11.365,11.498,12.1843,12.239,12.5275,12.7091,12.7659,12.9723,13.1554,13.382,13.6551,13.4769
Morocco,Manure Management,Emissions (CH4),kilotonnes,8.26,,,,,,,,,,11.9,,12.6,,,,,,,,
Morocco,Manure Management,Emissions (N2O),kilotonnes,0.2229,0.2218,0.2204,0.2226,0.2248,0.2246,0.2398,0.243,0.2495,0.2536,0.2659,0.2791,0.2817,0.2876,0.2937,0.2956,0.3004,0.3122,0.3155,0.3229,0.3191
Morocco,Manure Management,Emissions (N2O),kilotonnes,4.01,,,,,,,,,,10.3,,10.9,,,,,,,,
Morocco,Manure Management,Emissions (CO2eq) from CH4 (AR5),kilotonnes,298.0548,296.6444,292.7254,296.8701,300.9939,299.5333,310.6534,308.8385,316.2746,318.2189,321.943,341.1609,342.6916,350.7706,355.8543,357.4453,363.2235,368.3526,374.6967,382.3422,377.3532
Morocco,Manure Management,Emissions (CO2eq) from CH4 (AR5),kilotonnes,231.28,,,,,,,,,,333.2,,352.8,,,,,,,,
Morocco,Manure Management,Emissions (CO2eq) from N2O (AR5),kilotonnes,59.0559,58.7682,58.4099,58.9922,59.5799,59.514,63.5472,64.4066,66.1286,67.2027,70.4663,73.9594,74.6619,76.2027,77.8436,78.3219,79.5975,82.7276,83.6144,85.5601,84.5699
Morocco,Manure Management,Emissions (CO2eq) from N2O (AR5),kilotonnes,1062.65,,,,,,,,,,2729.5,,2888.5,,,,,,,,
Morocco,Manure Management,Emissions (CO2eq) (AR5),kilotonnes,357.1107,355.4126,351.1353,355.8623,360.5738,359.0473,374.2005,373.2451,382.4032,385.4216,392.4093,415.1204,417.3534,426.9733,433.6979,435.7672,442.821,451.0802,458.3111,467.9024,461.9232
Morocco,Manure Management,Emissions (CO2eq) (AR5),kilotonnes,1293.93,,,,,,,,,,3062.7,,3241.3,,,,,,,,
Morocco,Manure left on Pasture,Direct emissions (N2O),kilotonnes,10.3893,10.335,10.2227,10.3753,10.5344,10.4946,10.8516,10.8472,10.9954,11.046,11.4658,12.093,12.0739,12.3797,12.6456,12.6621,12.7874,12.9768,13.2298,13.5107,13.3371
Morocco,Manure left on Pasture,Indirect emissions (N2O),kilotonnes,3.2767,3.2638,3.2024,3.2605,3.316,3.2986,3.3911,3.3682,3.4018,3.4134,3.537,3.7348,3.7212,3.7999,3.8781,3.8586,3.9063,3.9282,4.0092,4.149,4.1301
Morocco,Manure left on Pasture,Emissions (N2O),kilotonnes,13.666,13.5988,13.425,13.6358,13.8504,13.7931,14.2427,14.2155,14.3972,14.4594,15.0028,15.8279,15.7951,16.1797,16.5237,16.5207,16.6936,16.905,17.2391,17.6597,17.4672
Morocco,Manure left on Pasture,Emissions (CO2eq) from N2O (AR5),kilotonnes,3621.4806,3603.6847,3557.6381,3613.4953,3670.359,3655.1786,3774.324,3767.0948,3815.2603,3831.7485,3975.7392,4194.3828,4185.7038,4287.6116,4378.7851,4377.9836,4423.8153,4479.815,4568.3586,4679.8093,4628.8209
Morocco,Manure left on Pasture,Emissions (CO2eq) (AR5),kilotonnes,3621.4806,3603.6847,3557.6381,3613.4953,3670.359,3655.1786,3774.324,3767.0948,3815.2603,3831.7485,3975.7392,4194.3828,4185.7038,4287.6116,4378.7851,4377.9836,4423.8153,4479.815,4568.3586,4679.8093,4628.8209
Morocco,Manure applied to Soils,Direct emissions (N2O),kilotonnes,0.4067,0.4033,0.4067,0.4107,0.4144,0.4152,0.4464,0.4518,0.4645,0.4734,0.4934,0.5209,0.5234,0.5352,0.5498,0.556,0.5598,0.5826,0.5906,0.6004,0.5913
Morocco,Manure applied to Soils,Indirect emissions (N2O),kilotonnes,0.1729,0.1714,0.1728,0.1745,0.1761,0.1765,0.1897,0.192,0.1974,0.2012,0.2097,0.2214,0.2224,0.2274,0.2337,0.2363,0.2379,0.2476,0.251,0.2552,0.2513
Morocco,Manure applied to Soils,Emissions (N2O),kilotonnes,0.5796,0.5747,0.5795,0.5852,0.5905,0.5916,0.6361,0.6438,0.6618,0.6746,0.7031,0.7423,0.7458,0.7626,0.7834,0.7923,0.7977,0.8303,0.8416,0.8556,0.8426
Morocco,Manure applied to Soils,Emissions (CO2eq) from N2O (AR5),kilotonnes,153.5864,152.2909,153.5714,155.0867,156.4769,156.7812,168.5745,170.5974,175.3886,178.7698,186.3176,196.7035,197.6363,202.0902,207.6086,209.9598,211.3936,220.0209,223.0138,226.7324,223.2814
Morocco,Manure applied to Soils,Emissions (CO2eq) (AR5),kilotonnes,153.5864,152.2909,153.5714,155.0867,156.4769,156.7812,168.5745,170.5974,175.3886,178.7698,186.3176,196.7035,197.6363,202.0902,207.6086,209.9598,211.3936,220.0209,223.0138,226.7324,223.2814
Morocco,Synthetic Fertilizers,Direct emissions (N2O),kilotonnes,3.2623,3.1114,3.8997,3.2612,3.6379,5.3015,5.0498,4.7899,4.3224,3.0792,3.4617,3.4797,2.9132,3.7554,3.6617,3.8224,1.7933,3.9474,3.3157,3.3157,3.3157
Morocco,Synthetic Fertilizers,Indirect emissions (N2O),kilotonnes,1.0602,1.0112,1.2674,1.0599,1.1823,1.723,1.6412,1.5567,1.4048,1.0008,1.1251,1.1309,0.9468,1.2205,1.19,1.2423,0.5828,1.2829,1.0776,1.0776,1.0776
Morocco,Synthetic Fertilizers,Emissions (N2O),kilotonnes,4.3225,4.1226,5.1671,4.3211,4.8202,7.0245,6.691,6.3466,5.7271,4.08,4.5868,4.6106,3.86,4.9758,4.8517,5.0647,2.3761,5.2303,4.3933,4.3933,4.3933
Morocco,Synthetic Fertilizers,Emissions (CO2eq) from N2O (AR5),kilotonnes,1145.4701,1092.5004,1369.2837,1145.0949,1277.3647,1861.4992,1773.106,1681.8436,1517.6927,1081.2002,1215.506,1221.8016,1022.8948,1318.5983,1285.7074,1342.135,629.6675,1386.0409,1164.2302,1164.2302,1164.2302
Morocco,Synthetic Fertilizers,Emissions (CO2eq) (AR5),kilotonnes,1145.4701,1092.5004,1369.2837,1145.0949,1277.3647,1861.4992,1773.106,1681.8436,1517.6927,1081.2002,1215.506,1221.8016,1022.8948,1318.5983,1285.7074,1342.135,629.6675,1386.0409,1164.2302,1164.2302,1164.2302
Morocco,Drained organic soils,Emissions (CO2eq) (AR5),kilotonnes,0,0,0,0,0,0,0,0,0,0,0,0,0,0,0,0,0,0,0,0,0
Morocco,Drained organic soils (CO2),Emissions (CO2),kilotonnes,0,0,0,0,0,0,0,0,0,0,0,0,0,0,0,0,0,0,0,0,0
Morocco,Drained organic soils (CO2),Emissions (CO2eq) (AR5),kilotonnes,0,0,0,0,0,0,0,0,0,0,0,0,0,0,0,0,0,0,0,0,0
Morocco,Drained organic soils (N2O),Emissions (N2O),kilotonnes,0,0,0,0,0,0,0,0,0,0,0,0,0,0,0,0,0,0,0,0,0
Morocco,Drained organic soils (N2O),Emissions (CO2eq) from N2O (AR5),kilotonnes,0,0,0,0,0,0,0,0,0,0,0,0,0,0,0,0,0,0,0,0,0
Morocco,Drained organic soils (N2O),Emissions (CO2eq) (AR5),kilotonnes,0,0,0,0,0,0,0,0,0,0,0,0,0,0,0,0,0,0,0,0,0
Morocco,On-farm energy use,Emissions (CH4),kilotonnes,0.6894,0.7573,0.7459,0.4551,0.5702,0.5655,0.7012,0.952,1.029,1.0727,0.9585,0.1982,0.1955,0.2033,0.2037,0.214,0.22,0.2399,0.2442,0.2523,0.2523
Morocco,On-farm energy use,Emissions (N2O),kilotonnes,0.0374,0.0402,0.0512,0.083,0.1032,0.1783,0.2725,0.3845,0.5646,0.6238,0.6419,0.7242,0.7563,0.7884,0.8128,0.8365,0.8879,0.9341,0.9697,1.0011,1.0011
Morocco,On-farm energy use,Emissions (CO2),kilotonnes,1153.049,1213.0347,1280.7751,1324.2758,1463.9526,1710.1283,2074.9188,2538.0923,3107.1986,3283.7558,3356.4845,2235.6119,2347.3814,2445.7753,2504.6186,2588.567,2700.835,2913.9182,2997.4665,3096.036,3096.036
Morocco,On-farm energy use,Emissions (CO2eq) from CH4 (AR5),kilotonnes,19.3025,21.2053,20.8861,12.7437,15.9652,15.8349,19.6348,26.6564,28.8126,30.0348,26.837,5.5497,5.4726,5.6923,5.7045,5.9916,6.1613,6.7166,6.8367,7.0631,7.0631
Morocco,On-farm energy use,Emissions (CO2eq) from N2O (AR5),kilotonnes,9.9146,10.6523,13.5713,21.9844,27.3586,47.2416,72.2161,101.8958,149.6112,165.3149,170.1113,191.9005,200.4109,208.9167,215.3981,221.661,235.3059,247.5463,256.9742,265.2894,265.2894
Morocco,On-farm energy use,Emissions (CO2eq) (AR5),kilotonnes,1182.2661,1244.8923,1315.2325,1359.0039,1507.2764,1773.2048,2166.7696,2666.6445,3285.6224,3479.1055,3553.4328,2433.0621,2553.2649,2660.3843,2725.7212,2816.2196,2942.3022,3168.1811,3261.2773,3368.3886,3368.3886
Morocco,Forestland,Emissions (CO2),kilotonnes,-4931.4487,-4619.0937,-4619.0937,-4619.0937,-4619.0937,-4619.0937,-4619.0937,-4619.0937,-4619.0937,-4619.0937,-4619.0937,-2257.9722,-2257.9722,-2257.9722,-2257.9722,-2257.9722,-1939.1988,-1939.1988,-1939.1988,-1939.1988,-1939.1988
Morocco,Forestland,Emissions (CO2eq) (AR5),kilotonnes,-4931.4487,-4619.0937,-4619.0937,-4619.0937,-4619.0937,-4619.0937,-4619.0937,-4619.0937,-4619.0937,-4619.0937,-4619.0937,-2257.9722,-2257.9722,-2257.9722,-2257.9722,-2257.9722,-1939.1988,-1939.1988,-1939.1988,-1939.1988,-1939.1988
Morocco,Net Forest conversion,Emissions (CO2),kilotonnes,37.1349,95.2499,95.2499,95.2499,95.2499,95.2499,95.2499,95.2499,95.2499,95.2499,95.2499,817.5027,817.5027,817.5027,817.5027,817.5027,0,0,0,0,0
Morocco,Net Forest conversion,Emissions (CO2eq) (AR5),kilotonnes,37.1349,95.2499,95.2499,95.2499,95.2499,95.2499,95.2499,95.2499,95.2499,95.2499,95.2499,817.5027,817.5027,817.5027,817.5027,817.5027,0,0,0,0,0
Morocco,Savanna fires,Emissions (CH4),kilotonnes,0.0299,0.0103,0.0043,0.0345,0.0734,0.0789,0.0509,0.0123,0.003,0.0661,0.0589,0.0579,0.117,0.0774,0.0727,0.0015,0.045,0.036,0.0011,0.033,0.0516
Morocco,Savanna fires,Emissions (N2O),kilotonnes,0.0027,0.0009,0.0004,0.0031,0.0067,0.0072,0.0046,0.0011,0.0003,0.006,0.0054,0.0053,0.0107,0.0071,0.0066,0.0001,0.0041,0.0033,0.0001,0.003,0.0047
Morocco,Savanna fires,Emissions (CO2eq) from CH4 (AR5),kilotonnes,0.8381,0.289,0.1204,0.9654,2.054,2.2079,1.4253,0.3446,0.085,1.8496,1.6484,1.6207,3.2769,2.1681,2.0348,0.0431,1.2594,1.0093,0.0318,0.9249,1.444
Morocco,Savanna fires,Emissions (CO2eq) from N2O (AR5),kilotonnes,0.7245,0.2497,0.104,0.8342,1.7749,1.9079,1.2317,0.2978,0.0735,1.5983,1.4245,1.4005,2.8317,1.8735,1.7583,0.0373,1.0883,0.8722,0.0275,0.7992,1.2478
Morocco,Savanna fires,Emissions (CO2eq) (AR5),kilotonnes,1.5626,0.5386,0.2244,1.7996,3.829,4.1158,2.657,0.6424,0.1585,3.448,3.0729,3.0213,6.1085,4.0416,3.7931,0.0804,2.3476,1.8815,0.0593,1.7241,2.6919
Morocco,Fires in organic soils,Emissions (CH4),kilotonnes,0,0,0,0,0,0,0,0,0,0,0,0,0,0,0,0,0,0,0,0,0
Morocco,Fires in organic soils,Emissions (CO2),kilotonnes,0,0,0,0,0,0,0,0,0,0,0,0,0,0,0,0,0,0,0,0,0
Morocco,Fires in organic soils,Emissions (CO2eq) from CH4 (AR5),kilotonnes,0,0,0,0,0,0,0,0,0,0,0,0,0,0,0,0,0,0,0,0,0
Morocco,Fires in organic soils,Emissions (CO2eq) (AR5),kilotonnes,0,0,0,0,0,0,0,0,0,0,0,0,0,0,0,0,0,0,0,0,0
Morocco,Forest fires,Emissions (CH4),kilotonnes,0.0068,0,0,0.01,0.0547,0.0647,0.0946,0.0075,0.005,0.01,0,0,0.1045,0,0.0149,0,0.0622,0.0199,0,0.0498,0.1518
Morocco,Forest fires,Emissions (N2O),kilotonnes,0.0004,0,0,0.0009,0.005,0.0059,0.0086,0.0007,0.0005,0.0009,0,0,0.0095,0,0.0014,0,0.0057,0.0018,0,0.0045,0.0139
Morocco,Forest fires,Emissions (CO2eq) from CH4 (AR5),kilotonnes,0.1915,0,0,0.2787,1.5326,1.8114,2.6474,0.209,0.1393,0.2787,0,0,2.9261,0,0.4181,0,1.7418,0.5574,0,1.3934,4.2502
Morocco,Forest fires,Emissions (CO2eq) from N2O (AR5),kilotonnes,0.1002,0,0,0.2408,1.3244,1.5653,2.2877,0.1806,0.1204,0.2408,0,0,2.5285,0,0.3613,0,1.5052,0.4816,0,1.2041,3.6727
Morocco,Forest fires,Emissions (CO2eq) (AR5),kilotonnes,0.2916,0,0,0.5195,2.857,3.3767,4.9352,0.3896,0.2597,0.5195,0,0,5.4547,0,0.7793,0,3.247,1.039,0,2.5975,7.9228
Morocco,Fires in humid tropical forests,Emissions (CH4),kilotonnes,0,0,0,0,0,0,0,0,0,0,0,0,0,0,0,0,0,0,0,0,0
Morocco,Fires in humid tropical forests,Emissions (N2O),kilotonnes,0,0,0,0,0,0,0,0,0,0,0,0,0,0,0,0,0,0,0,0,0
Morocco,Fires in humid tropical forests,Emissions (CO2eq) from CH4 (AR5),kilotonnes,0,0,0,0,0,0,0,0,0,0,0,0,0,0,0,0,0,0,0,0,0
Morocco,Fires in humid tropical forests,Emissions (CO2eq) from N2O (AR5),kilotonnes,0,0,0,0,0,0,0,0,0,0,0,0,0,0,0,0,0,0,0,0,0
Morocco,Fires in humid tropical forests,Emissions (CO2eq) (AR5),kilotonnes,0,0,0,0,0,0,0,0,0,0,0,0,0,0,0,0,0,0,0,0,0
Morocco,Waste - agri-food systems,Emissions (CH4),kilotonnes,166.3661,169.4621,171.1039,173.2918,175.2846,177.3135,179.025,180.5378,182.5551,184.3245,185.1409,186.7595,187.9948,189.597,189.9057,190.7165,191.8722,192.9981,194.0901,195.0402,195.9066
Morocco,Waste - agri-food systems,Emissions (N2O),kilotonnes,0.9404,0.9921,1.0143,1.0301,1.0541,1.0477,1.0984,1.0726,1.0887,1.1194,1.1708,1.2069,1.221,1.249,1.256,1.2832,1.3002,1.2973,1.304,1.3099,1.3156
Morocco,Waste - agri-food systems,Emissions (CO2),kilotonnes,0,0,0,0,0,0,0,0,0,0,0,0,0,0,0,0,0,0,0,0,0
Morocco,Waste - agri-food systems,Emissions (CO2eq) from CH4 (AR5),kilotonnes,4658.2496,4744.9374,4790.9094,4852.1697,4907.9685,4964.7775,5012.6993,5055.0586,5111.5431,5161.0865,5183.9443,5229.2652,5263.8544,5308.7146,5317.3609,5340.0626,5372.421,5403.9455,5434.5228,5461.1259,5485.3839
Morocco,Waste - agri-food systems,Emissions (CO2eq) from N2O (AR5),kilotonnes,249.2083,262.905,268.7871,272.9763,279.3267,277.6404,291.0716,284.2258,288.495,296.6432,310.2562,319.8299,323.5543,330.9934,332.8345,340.0529,344.5532,343.7877,345.5621,347.1125,348.6284
Morocco,Waste - agri-food systems,Emissions (CO2eq) (AR5),kilotonnes,4907.4578,5007.8424,5059.6964,5125.1461,5187.2952,5242.4179,5303.7709,5339.2844,5400.0381,5457.7297,5494.2005,5549.0951,5587.4087,5639.708,5650.1953,5680.1155,5716.9742,5747.7333,5780.0849,5808.2384,5834.0123
Morocco,Fertilizers Manufacturing,Emissions (N2O),kilotonnes,0.0052,0.0049,0.0047,0.0044,0.0039,0.0036,0.0034,0.0029,0.0026,0.0024,0.0037,0,0.0011,0,0.001,0.0004,0.0004,0,0,0,0
Morocco,Fertilizers Manufacturing,Emissions (CO2),kilotonnes,487.0079,636.396,1285.2914,1198.183,1107.8531,1021.0217,1430.9949,1291.9553,904.3094,1431.2705,2058.9767,2378.5864,2621.8449,2110.4295,2255.109,2346.0017,3265.565,2849.7565,2933.3881,3002.8602,2746.692
Morocco,Fertilizers Manufacturing,Emissions (CO2eq) from N2O (AR5),kilotonnes,1.378,1.2985,1.2455,1.166,1.0335,0.954,0.901,0.7685,0.689,0.636,0.9805,0,0.2915,0,0.265,0.106,0.106,0,0,0,0
Morocco,Fertilizers Manufacturing,Emissions (CO2eq) (AR5),kilotonnes,488.3859,637.6945,1286.5369,1199.349,1108.8866,1021.9757,1431.8959,1292.7238,904.9984,1431.9065,2059.9572,2378.5864,2622.1364,2110.4295,2255.374,2346.1077,3265.671,2849.7565,2933.3881,3002.8602,2746.692
Morocco,On-farm electricity use,Emissions (CH4),kilotonnes,0.8532,1.7147,1.6667,1.8695,2.0903,2.4455,2.4731,2.6951,1.5587,1.6115,1.7063,3.2866,3.529,3.8194,4.0234,4.1842,4.6774,4.4625,4.039,4.0421,4.0421
Morocco,On-farm electricity use,Emissions (N2O),kilotonnes,0.0046,0.0092,0.0089,0.01,0.0112,0.0131,0.0132,0.0144,0.0083,0.0086,0.0091,0.0176,0.0189,0.0204,0.0215,0.0223,0.0251,0.0239,0.0216,0.0216,0.0216
Morocco,On-farm electricity use,Emissions (CO2),kilotonnes,590.5904,1199.2894,1228.8314,1317.857,1497.7624,1690.9651,1688.0212,1802.1794,1021.9221,937.6332,971.5322,1988.3702,2048.7889,2466.0158,2597.7226,2701.5385,3019.959,2881.2795,2607.7942,2609.8086,2609.8086
Morocco,On-farm electricity use,Emissions (CO2eq) from CH4 (AR5),kilotonnes,23.8896,48.0116,46.6676,52.346,58.5284,68.474,69.2468,75.4628,43.6436,45.122,47.7764,92.0248,98.812,106.9432,112.6552,117.1576,130.9672,124.95,113.092,113.1788,113.1788
Morocco,On-farm electricity use,Emissions (CO2eq) from N2O (AR5),kilotonnes,1.219,2.438,2.3585,2.65,2.968,3.4715,3.498,3.816,2.1995,2.279,2.4115,4.664,5.0085,5.406,5.6975,5.9095,6.6515,6.3335,5.724,5.724,5.724
Morocco,On-farm electricity use,Emissions (CO2eq) (AR5),kilotonnes,615.699,1249.739,1277.8575,1372.853,1559.2588,1762.9106,1760.766,1881.4582,1067.7652,985.0342,1021.7201,2085.059,2152.6094,2578.365,2716.0753,2824.6056,3157.5777,3012.563,2726.6102,2728.7114,2728.7114
Morocco,Food Processing,Emissions (CH4),kilotonnes,0,0,0,0,0,0,0,0,0,0,0,0.0026,0.0031,1.8527,1.9139,1.9508,2.0029,2.124,2.169,2.169,2.0973
Morocco,Food Processing,Emissions (N2O),kilotonnes,0,0,0,0,0,0,0,0,0,0,0,0.0004,0.0005,0.0159,0.0157,0.0159,0.015,0.0175,0.0174,0.0174,0.0178
Morocco,Food Processing,Emissions (CO2),kilotonnes,0,0,0,0,0,0,0,0,0,0,0,25.3614,30.4337,1961.603,1911.1756,1928.7965,1822.2034,2144.1863,2116.403,2116.403,1935.8568
Morocco,Food Processing,Emissions (CO2eq) from CH4 (AR5),kilotonnes,0,0,0,0,0,0,0,0,0,0,0,0.0728,0.0868,51.8756,53.5892,54.6224,56.0812,59.472,60.732,60.732,58.7243
Morocco,Food Processing,Emissions (CO2eq) from N2O (AR5),kilotonnes,0,0,0,0,0,0,0,0,0,0,0,0.106,0.1325,4.2135,4.1605,4.2135,3.975,4.6375,4.611,4.611,4.7176
Morocco,Food Processing,Emissions (CO2eq) (AR5),kilotonnes,0,0,0,0,0,0,0,0,0,0,0,25.5402,30.653,2017.6921,1968.9253,1987.6324,1882.2596,2208.2958,2181.746,2181.746,1999.2987
Morocco,Food Packaging,Emissions (CH4),kilotonnes,0.0194,0.0379,0.039,0.0451,0.0444,0.0428,0.0488,0.0467,0.0457,0.0471,0.0307,0.0439,0.0468,0.2132,0.2326,0.2886,0.2657,0.2811,0.2873,0.2112,0.2042
Morocco,Food Packaging,Emissions (N2O),kilotonnes,0.0002,0.0004,0.0005,0.0005,0.0005,0.0005,0.0006,0.0006,0.0006,0.0006,0.0005,0.0006,0.0006,0.0017,0.0018,0.0021,0.0019,0.0021,0.0021,0.0017,0.0017
Morocco,Food Packaging,Emissions (CO2),kilotonnes,25.1363,46.7452,62.4873,64.9669,65.395,63.4915,67.7249,66.0333,67.0367,66.0888,58.8391,69.9164,68.7164,222.9526,234.4908,279.7705,252.2706,270.766,273.605,220.3824,201.582
Morocco,Food Packaging,Emissions (CO2eq) from CH4 (AR5),kilotonnes,0.5432,1.0612,1.092,1.2628,1.2432,1.1984,1.3664,1.3076,1.2796,1.3188,0.8596,1.2292,1.3104,5.9696,6.5128,8.0808,7.4396,7.8708,8.0444,5.9136,5.7181
Morocco,Food Packaging,Emissions (CO2eq) from N2O (AR5),kilotonnes,0.053,0.106,0.1325,0.1325,0.1325,0.1325,0.159,0.159,0.159,0.159,0.1325,0.159,0.159,0.4505,0.477,0.5565,0.5035,0.5565,0.5565,0.4505,0.4609
Morocco,Food Packaging,Emissions (CO2eq) (AR5),kilotonnes,25.7325,47.9124,63.7118,66.3622,66.7707,64.8224,69.2503,67.4999,68.4753,67.5666,59.8312,71.3046,70.1858,229.3727,241.4806,288.4078,260.2137,279.1933,282.2059,226.7465,207.761
Morocco,Food Retail,Emissions (CH4),kilotonnes,0.0297,0.0295,0.0295,0.0311,0.0533,0.0525,0.0517,0.0494,0.0464,0.0428,0.3341,0.7536,0.8079,0.8263,0.8463,0.8567,0.8672,0.9389,0.949,0.9729,0.9407
Morocco,Food Retail,Emissions (N2O),kilotonnes,0.0003,0.0003,0.0003,0.0003,0.0004,0.0004,0.0004,0.0004,0.0004,0.0004,0.0018,0.0042,0.0045,0.0046,0.0047,0.0048,0.0049,0.0052,0.0053,0.0054,0.0055
Morocco,Food Retail,Emissions (CO2),kilotonnes,34.5856,37.9401,38.4027,37.4774,43.8393,46.6154,48.3504,50.7795,53.0929,52.3989,190.2481,503.5223,517.9219,582.3166,596.5056,604.5122,613.8288,663.4339,671.6696,673.7915,616.3117
Morocco,Food Retail,Emissions (CO2eq) from CH4 (AR5),kilotonnes,0.8304,0.8264,0.8264,0.8707,1.4915,1.4714,1.4472,1.3827,1.298,1.1972,9.3548,21.1008,22.6212,23.1364,23.6964,23.9876,24.2816,26.2892,26.572,27.2412,26.3407
Morocco,Food Retail,Emissions (CO2eq) from N2O (AR5),kilotonnes,0.0719,0.0767,0.0774,0.0774,0.0929,0.0944,0.0951,0.0936,0.0929,0.0988,0.477,1.113,1.1925,1.219,1.2455,1.272,1.2985,1.378,1.4045,1.431,1.4641
Morocco,Food Retail,Emissions (CO2eq) (AR5),kilotonnes,35.488,38.8431,39.3065,38.4255,45.4237,48.1811,49.8927,52.2558,54.4838,53.6949,200.0799,525.7361,541.7356,606.672,621.4475,629.7718,639.4089,691.1011,699.6461,702.4637,644.1164
Morocco,Food Household Consumption,Emissions (CH4),kilotonnes,2.0384,1.9449,2.0782,2.2819,2.4497,2.6829,2.9537,3.1581,3.4405,3.5557,3.7629,4.0781,4.3719,4.5047,4.7761,4.9065,5.063,5.2963,5.3751,5.3751,5.1974
Morocco,Food Household Consumption,Emissions (N2O),kilotonnes,0.0135,0.013,0.0137,0.0144,0.0151,0.016,0.0175,0.0187,0.0203,0.021,0.0222,0.0244,0.0262,0.0269,0.0285,0.0293,0.0302,0.0315,0.032,0.032,0.0327
Morocco,Food Household Consumption,Emissions (CO2),kilotonnes,2665.3468,2667.2311,2903.2642,3007.0891,3193.3517,3037.5965,3287.8761,3502.1322,3737.3139,3571.8573,3701.2787,4422.5749,4636.3204,5051.0905,5330.4445,5469.4113,5676.7384,5890.8866,5996.582,5996.582,5485.0252
Morocco,Food Household Consumption,Emissions (CO2eq) from CH4 (AR5),kilotonnes,57.0752,54.4572,58.1896,63.8932,68.5916,75.1212,82.7036,88.4268,96.334,99.5596,105.3612,114.1868,122.4132,126.1316,133.7308,137.382,141.764,148.2964,150.5028,150.5028,145.5275
Morocco,Food Household Consumption,Emissions (CO2eq) from N2O (AR5),kilotonnes,3.5775,3.445,3.6305,3.816,4.0015,4.24,4.6375,4.9555,5.3795,5.565,5.883,6.466,6.943,7.1285,7.5525,7.7645,8.003,8.3475,8.48,8.48,8.6761
Morocco,Food Household Consumption,Emissions (CO2eq) (AR5),kilotonnes,2725.9995,2725.1333,2965.0843,3074.7983,3265.9448,3116.9577,3375.2172,3595.5145,3839.0274,3676.9819,3812.5229,4543.2277,4765.6766,5184.3506,5471.7278,5614.5578,5826.5054,6047.5305,6155.5648,6155.5648,5639.2288
Morocco,Food Transport,Emissions (CH4),kilotonnes,0.074,0.0729,0.0717,0.0694,0.0673,0.0658,0.063,0.058,0.0583,0.0553,0.0518,0.0545,0.0552,0.0564,0.0567,0.061,0.0646,0.0666,0.0648,0.0583,0.0564
Morocco,Food Transport,Emissions (N2O),kilotonnes,0.0112,0.0116,0.0119,0.0119,0.0121,0.0123,0.0127,0.0138,0.0153,0.0161,0.0169,0.0176,0.0178,0.0195,0.0193,0.0211,0.0226,0.0232,0.0226,0.0223,0.0228
Morocco,Food Transport,Emissions (CO2),kilotonnes,898.7,943.8,988.9,1030.7,1076.9,1122,1155,1232,1342,1419,1496,1584,1606,1665.878,1687.862,1797.878,1874.878,1940.878,1885.7595,1969.9043,1801.8556
Morocco,Food Transport,Emissions (CO2eq) from CH4 (AR5),kilotonnes,2.072,2.0412,2.0076,1.9432,1.8844,1.8424,1.764,1.624,1.6324,1.5484,1.4504,1.526,1.5456,1.5792,1.5876,1.708,1.8088,1.8648,1.8144,1.6324,1.5784
Morocco,Food Transport,Emissions (CO2eq) from N2O (AR5),kilotonnes,2.968,3.074,3.1535,3.1535,3.2065,3.2595,3.3655,3.657,4.0545,4.2665,4.4785,4.664,4.717,5.1675,5.1145,5.5915,5.989,6.148,5.989,5.9095,6.0461
Morocco,Food Transport,Emissions (CO2eq) (AR5),kilotonnes,903.74,948.9152,994.0611,1035.7967,1081.9909,1127.1019,1160.1295,1237.281,1347.6869,1424.8149,1501.9289,1590.19,1612.2626,1672.6247,1694.5641,1805.1775,1882.6758,1948.8908,1893.5629,1977.4462,1809.4802
Morocco,Energy,Emissions (CH4),kilotonnes,20.6,20.5,20.5,21.6,37,36.5,35.9,34.3,32.2,29.7,29.7,29.5,29.2,28.9,28.7,27.6,26.4,26.4,26.4,24.2,23.4
Morocco,Energy,Emissions (N2O),kilotonnes,0.976,1.04,1.05,1.05,1.26,1.28,1.29,1.27,1.26,1.34,1.36,1.43,1.45,1.47,1.54,1.62,1.65,1.71,1.71,1.73,1.77
Morocco,Energy,Emissions (CO2),kilotonnes,29900,32800,33200,32400,37900,40300,41800,43900,45900,45300,49000,49700,51200,50600,52000,53300,53300,56100,57600,63300,57900
Morocco,Energy,Emissions (CO2eq) from CH4 (AR5),kilotonnes,576.8,574,574,604.8,1036,1022,1005.2,960.4,901.6,831.6,831.6,826,817.6,809.2,803.6,772.8,739.2,739.2,739.2,677.6,655.2
Morocco,Energy,Emissions (CO2eq) from N2O (AR5),kilotonnes,258.64,275.6,278.25,278.25,333.9,339.2,341.85,336.55,333.9,355.1,360.4,378.95,384.25,389.55,408.1,429.3,437.25,453.15,453.15,458.45,469.05
Morocco,Energy,Emissions (CO2eq) (AR5),kilotonnes,30735.44,33649.6,34052.25,33283.05,39269.9,41661.2,43147.05,45196.95,47135.5,46486.7,50192,50904.95,52401.85,51798.75,53211.7,54502.1,54476.45,57292.35,58792.35,64436.05,59024.25
Morocco,IPPU,Emissions (CH4),kilotonnes,0.0004,0.0004,0.0004,0.0004,0.0004,0.0004,0.0005,0.0005,0.0005,0.0005,0.0005,0.0006,0.0006,0.0006,0.0006,0.0006,0.0007,0.0007,0.0007,0.0007,0.0007
Morocco,IPPU,Emissions (N2O),kilotonnes,0.096,0.0972,0.0984,0.0996,0.101,0.102,0.103,0.105,0.106,0.107,0.109,0.11,0.112,0.113,0.115,0.117,0.118,0.12,0.121,0.122,0.123
Morocco,IPPU,Emissions (CO2),kilotonnes,3560,4280,4380,4470,4690,4690,4790,5360,5780,5960,5600,5450,6060,6320,5400,5490,5440,5670,5840,5220,5210
Morocco,IPPU,Emissions (CO2eq) from F-gases (AR5),kilotonnes,,,,,,,,,,,8.8818,14.382,20.7955,27.9865,36.538,47.4216,61.3177,79.6839,103.006,100.0907,111.7518
Morocco,IPPU,Emissions (CO2eq) from CH4 (AR5),kilotonnes,0.0098,0.0098,0.0098,0.0098,0.0098,0.0098,0.0127,0.0133,0.0138,0.0144,0.015,0.0156,0.0161,0.0167,0.0173,0.0179,0.0184,0.019,0.0196,0.0202,0.0207
Morocco,IPPU,Emissions (CO2eq) from N2O (AR5),kilotonnes,25.44,25.758,26.076,26.394,26.765,27.03,27.295,27.825,28.09,28.355,28.885,29.15,29.68,29.945,30.475,31.005,31.27,31.8,32.065,32.33,32.595
Morocco,IPPU,Emissions (CO2eq) (AR5),kilotonnes,3585.4498,4305.7678,4406.0858,4496.4038,4716.7748,4717.0398,4817.3077,5387.8383,5808.1038,5988.3694,5637.7818,5493.5475,6110.4917,6377.9482,5467.0302,5568.4445,5532.6061,5781.5029,5975.0906,5352.4409,5354.3675
Morocco,Waste,Emissions (CH4),kilotonnes,463,476,487,501,514,527,545,564,573,588,606,625,642,662,681,702,716,734,750,766,783
Morocco,Waste,Emissions (N2O),kilotonnes,1.54,1.56,1.57,1.64,1.7,1.73,1.77,1.79,1.82,1.84,1.9,1.96,2.03,2.08,2.12,2.17,2.21,2.24,2.26,2.33,2.37
Morocco,Waste,Emissions (CO2eq) from CH4 (AR5),kilotonnes,12964,13328,13636,14028,14392,14756,15260,15792,16044,16464,16968,17500,17976,18536,19068,19656,20048,20552,21000,21448,21924
Morocco,Waste,Emissions (CO2eq) from N2O (AR5),kilotonnes,408.1,413.4,416.05,434.6,450.5,458.45,469.05,474.35,482.3,487.6,503.5,519.4,537.95,551.2,561.8,575.05,585.65,593.6,598.9,617.45,628.05
Morocco,Waste,Emissions (CO2eq) (AR5),kilotonnes,13372.1,13741.4,14052.05,14462.6,14842.5,15214.45,15729.05,16266.35,16526.3,16951.6,17471.5,18019.4,18513.95,19087.2,19629.8,20231.05,20633.65,21145.6,21598.9,22065.45,22552.05
Morocco,Other,Emissions (N2O),kilotonnes,0.803,0.839,0.863,0.863,0.982,1,0.996,0.997,1.02,0.987,1.03,1.11,1.11,1.11,1.13,1.17,1.17,1.23,1.24,1.24,1.26
Morocco,Other,Emissions (CO2eq) from N2O (AR5),kilotonnes,212.795,222.335,228.695,228.695,260.23,265,263.94,264.205,270.3,261.555,272.95,294.15,294.15,294.15,299.45,310.05,310.05,325.95,328.6,328.6,333.9
Morocco,Other,Emissions (CO2eq) (AR5),kilotonnes,212.795,222.335,228.695,228.695,260.23,265,263.94,264.205,270.3,261.555,272.95,294.15,294.15,294.15,299.45,310.05,310.05,325.95,328.6,328.6,333.9
Morocco,Farm-gate emissions,Emissions (CH4),kilotonnes,250.9266,249.0969,246.0673,249.5209,254.1565,253.5314,258.1794,254.8137,257.9509,257.9249,265.0933,277.8831,278.2577,284.175,289.6609,290.042,293.0014,295.0329,300.4502,305.6796,301.5327
Morocco,Farm-gate emissions,Direct emissions (N2O),kilotonnes,14.8422,15.0842,15.8577,15.9032,16.5602,17.4116,18.4284,16.9188,17.1554,16.8691,17.1988,18.0623,16.8711,18.8589,18.4815,19.5605,16.0853,19.6978,19.3589,18.6813,18.1924
Morocco,Farm-gate emissions,Indirect emissions (N2O),kilotonnes,4.6861,4.7242,4.9415,4.9126,5.1185,5.4681,5.6902,5.3037,5.3129,5.1262,5.2718,5.5301,5.1965,5.7403,5.6673,5.9042,4.9396,5.9517,5.838,5.764,5.6724
Morocco,Farm-gate emissions,Emissions (N2O),kilotonnes,19.8902,20.1658,21.1642,21.2262,22.1171,23.3909,24.7405,22.94,23.3789,22.9786,23.4805,24.7015,23.2133,25.7853,25.3558,26.6981,22.2954,27.0038,26.5729,25.8477,25.2751
Morocco,Farm-gate emissions,Emissions (CO2),kilotonnes,1153.049,1213.0347,1280.7751,1324.2758,1463.9526,1710.1283,2074.9188,2538.0923,3107.1986,3283.7558,3356.4845,2235.6119,2347.3814,2445.7753,2504.6186,2588.567,2700.835,2913.9182,2997.4665,3096.036,3096.036
Morocco,Farm-gate emissions,Emissions (CO2eq) from CH4 (AR5),kilotonnes,7025.9435,6974.7141,6889.8857,6986.5846,7116.382,7098.8793,7229.0242,7134.7831,7222.624,7221.897,7422.6133,7780.7261,7791.2162,7956.8996,8110.506,8121.1746,8204.0381,8260.9203,8412.6045,8559.0288,8442.9158
Morocco,Farm-gate emissions,Emissions (CO2eq) from N2O (AR5),kilotonnes,5270.9103,5343.9369,5608.5255,5624.9301,5861.0369,6198.5905,6556.2204,6079.0959,6195.4103,6089.3422,6222.3375,6545.8858,6151.5358,6833.1064,6719.2956,7074.9848,5908.2892,7156.0096,7041.8256,6849.6478,6697.9141
Morocco,Farm-gate emissions,Emissions (CO2eq) (AR5),kilotonnes,13449.9028,13531.6857,13779.1862,13935.7904,14441.3716,15007.5981,15860.1634,15751.9712,16525.2329,16594.9951,17001.4352,16562.2238,16290.1333,17235.7814,17334.4202,17784.7264,16813.1623,18330.8481,18451.8965,18504.7126,18236.8659
Morocco,Land Use change,Emissions (CH4),kilotonnes,0,0,0,0,0,0,0,0,0,0,0,0,0,0,0,0,0,0,0,0,0
Morocco,Land Use change,Emissions (N2O),kilotonnes,0,0,0,0,0,0,0,0,0,0,0,0,0,0,0,0,0,0,0,0,0
Morocco,Land Use change,Emissions (CO2),kilotonnes,37.1349,95.2499,95.2499,95.2499,95.2499,95.2499,95.2499,95.2499,95.2499,95.2499,95.2499,817.5027,817.5027,817.5027,817.5027,817.5027,0,0,0,0,0
Morocco,Land Use change,Emissions (CO2eq) from CH4 (AR5),kilotonnes,0,0,0,0,0,0,0,0,0,0,0,0,0,0,0,0,0,0,0,0,0
Morocco,Land Use change,Emissions (CO2eq) from N2O (AR5),kilotonnes,0,0,0,0,0,0,0,0,0,0,0,0,0,0,0,0,0,0,0,0,0
Morocco,Land Use change,Emissions (CO2eq) (AR5),kilotonnes,37.1349,95.2499,95.2499,95.2499,95.2499,95.2499,95.2499,95.2499,95.2499,95.2499,95.2499,817.5027,817.5027,817.5027,817.5027,817.5027,0,0,0,0,0
Morocco,Emissions on agricultural land,Emissions (CH4),kilotonnes,250.9266,249.0969,246.0673,249.5209,254.1565,253.5314,258.1794,254.8137,257.9509,257.9249,265.0933,277.8831,278.2577,284.175,289.6609,290.042,293.0014,295.0329,300.4502,305.6796,301.5327
Morocco,Emissions on agricultural land,Emissions (N2O),kilotonnes,19.8902,20.1658,21.1642,21.2262,22.1171,23.3909,24.7405,22.94,23.3789,22.9786,23.4805,24.7015,23.2133,25.7853,25.3558,26.6981,22.2954,27.0038,26.5729,25.8477,25.2751
Morocco,Emissions on agricultural land,Emissions (CO2),kilotonnes,1190.1839,1308.2845,1376.025,1419.5256,1559.2025,1805.3782,2170.1687,2633.3422,3202.4484,3379.0057,3451.7344,3053.1146,3164.8841,3263.278,3322.1213,3406.0697,2700.835,2913.9182,2997.4665,3096.036,3096.036
Morocco,Emissions on agricultural land,Emissions (CO2eq) from CH4 (AR5),kilotonnes,7025.9435,6974.7141,6889.8857,6986.5846,7116.382,7098.8793,7229.0242,7134.7831,7222.624,7221.897,7422.6133,7780.7261,7791.2162,7956.8996,8110.506,8121.1746,8204.0381,8260.9203,8412.6045,8559.0288,8442.9158
Morocco,Emissions on agricultural land,Emissions (CO2eq) from N2O (AR5),kilotonnes,5270.9103,5343.9369,5608.5255,5624.9301,5861.0369,6198.5905,6556.2204,6079.0959,6195.4103,6089.3422,6222.3375,6545.8858,6151.5358,6833.1064,6719.2956,7074.9848,5908.2892,7156.0096,7041.8256,6849.6478,6697.9141
Morocco,Emissions on agricultural land,Emissions (CO2eq) (AR5),kilotonnes,13487.0377,13626.9355,13874.4361,14031.0403,14536.6214,15102.848,15955.4133,15847.2211,16620.4827,16690.2449,17096.6851,17379.7265,17107.636,18053.2841,18151.9229,18602.2291,16813.1623,18330.8481,18451.8965,18504.7126,18236.8659
Morocco,Pre- and post- production,Emissions (CH4),kilotonnes,169.3807,173.262,174.989,177.5888,179.9896,182.603,184.6153,186.5451,187.7047,189.6369,191.0267,194.9788,196.8087,200.8697,201.7547,202.9643,204.813,206.1675,206.9743,207.8688,208.4447
Morocco,Pre- and post- production,Emissions (N2O),kilotonnes,0.9754,1.0315,1.0543,1.0716,1.0972,1.0936,1.1461,1.1233,1.1361,1.1685,1.225,1.2717,1.2906,1.338,1.3485,1.3791,1.4003,1.4007,1.405,1.4103,1.4178
Morocco,Pre- and post- production,Emissions (CO2),kilotonnes,4701.367,5531.4018,6507.177,6656.2734,6985.1015,6981.6902,7677.9675,7945.0797,7125.675,7478.2487,8476.8748,10972.3316,11530.0262,14060.286,14613.3101,15127.9087,16525.4432,16641.1868,16485.2014,16589.732,15397.1319
Morocco,Pre- and post- production,Emissions (CO2eq) from CH4 (AR5),kilotonnes,4742.66,4851.335,4899.6925,4972.4856,5039.7076,5112.8848,5169.2273,5223.2625,5255.7307,5309.8325,5348.7467,5459.4056,5510.6436,5624.3502,5649.1329,5683.001,5734.7634,5772.6887,5795.2804,5820.3267,5836.4517
Morocco,Pre- and post- production,Emissions (CO2eq) from N2O (AR5),kilotonnes,258.4757,273.3431,279.385,283.9717,290.7616,289.7923,303.7276,297.6754,301.0694,309.6475,324.6192,337.0019,341.9983,354.5784,357.347,365.4664,371.0797,371.1887,372.3271,373.7185,375.7172
Morocco,Pre- and post- production,Emissions (CO2eq) (AR5),kilotonnes,9702.5027,10656.0799,11686.2545,11912.7308,12315.5707,12384.3673,13150.9225,13466.0176,12682.4751,13097.7287,14150.2407,16768.7391,17382.6681,20039.2146,20619.7899,21176.3761,22631.2863,22785.0643,22652.8089,22783.7772,21609.3008
Morocco,Agri-food systems,Emissions (CH4),kilotonnes,420.3073,422.3589,421.0564,427.1097,434.1461,436.1344,442.7947,441.3588,445.6555,447.5618,456.12,472.8618,475.0664,485.0446,491.4157,493.0063,497.8143,501.2003,507.4245,513.5484,509.9774
Morocco,Agri-food systems,Emissions (N2O),kilotonnes,20.8656,21.1973,22.2185,22.2977,23.2143,24.4845,25.8866,24.0633,24.515,24.1471,24.7055,25.9732,24.5039,27.1233,26.7043,28.0772,23.6957,28.4045,27.9779,27.258,26.6929
Morocco,Agri-food systems,Emissions (CO2),kilotonnes,5891.5509,6839.6863,7883.202,8075.799,8544.3039,8787.0683,9848.1362,10578.4219,10328.1235,10857.2545,11928.6092,14025.4462,14694.9103,17323.564,17935.4314,18533.9784,19226.2782,19555.105,19482.6679,19685.768,18493.1679
Morocco,Agri-food systems,Emissions (CO2eq) from CH4 (AR5),kilotonnes,11768.6035,11826.0491,11789.5782,11959.0702,12156.0897,12211.7642,12398.2516,12358.0456,12478.3547,12531.7295,12771.36,13240.1317,13301.8597,13581.2498,13759.6389,13804.1757,13938.8016,14033.6091,14207.8849,14379.3555,14279.3675
Morocco,Agri-food systems,Emissions (CO2eq) from N2O (AR5),kilotonnes,5529.386,5617.28,5887.9104,5908.9018,6151.7985,6488.3828,6859.9481,6376.7712,6496.4797,6398.9897,6546.9566,6882.8877,6493.5341,7187.6848,7076.6425,7440.4512,6279.3689,7527.1984,7414.1527,7223.3663,7073.6313
Morocco,Agri-food systems,Emissions (CO2eq) (AR5),kilotonnes,23189.5404,24283.0154,25560.6907,25943.7711,26852.1921,27487.2153,29106.3358,29313.2387,29302.9578,29787.9737,31246.9258,34148.4656,34490.3041,38092.4987,38771.7128,39778.6052,39444.4487,41115.9124,41104.7054,41288.4898,39846.1667
Morocco,IPCC Agriculture,Emissions (CH4),kilotonnes,250.2372,248.3396,245.3214,249.0657,253.5863,252.9659,257.4782,253.8617,256.9218,256.8522,264.1349,277.6849,278.0623,283.9717,289.4572,289.828,292.7813,294.793,300.206,305.4273,301.2805
Morocco,IPCC Agriculture,Emissions (CH4),kilotonnes,221.55,,,,,,,,,,237.6,,255.7,,,,,,,,
Morocco,IPCC Agriculture,Direct emissions (N2O),kilotonnes,14.8422,15.0842,15.8577,15.9032,16.5602,17.4116,18.4284,16.9188,17.1554,16.8691,17.1988,18.0623,16.8711,18.8589,18.4815,19.5605,16.0853,19.6978,19.3589,18.6813,18.1924
Morocco,IPCC Agriculture,Indirect emissions (N2O),kilotonnes,4.6861,4.7242,4.9415,4.9126,5.1185,5.4681,5.6902,5.3037,5.3129,5.1262,5.2718,5.5301,5.1965,5.7403,5.6673,5.9042,4.9396,5.9517,5.838,5.764,5.6724
Morocco,IPCC Agriculture,Emissions (N2O),kilotonnes,19.8528,20.1256,21.113,21.1432,22.0139,23.2126,24.4679,22.5555,22.8143,22.3548,22.8386,23.9773,22.4571,24.9969,24.543,25.8616,21.4075,26.0697,25.6032,24.8466,24.2741
Morocco,IPCC Agriculture,Emissions (N2O),kilotonnes,52.5,,,,,,,,,,54.9,,51.8,,,,,,,,
Morocco,IPCC Agriculture,Emissions (CO2eq) from CH4 (AR5),kilotonnes,7006.641,6953.5088,6868.9995,6973.8409,7100.4169,7083.0444,7209.3895,7108.1267,7193.8114,7191.8622,7395.7763,7775.1764,7785.7435,7951.2073,8104.8015,8115.1831,8197.8768,8254.2037,8405.7678,8551.9657,8435.8526
Morocco,IPCC Agriculture,Emissions (CO2eq) from CH4 (AR5),kilotonnes,6203.4,,,,,,,,,,6652.8,,7159.6,,,,,,,,
Morocco,IPCC Agriculture,Emissions (CO2eq) from N2O (AR5),kilotonnes,5260.9958,5333.2845,5594.9542,5602.9456,5833.6783,6151.3489,6484.0043,5977.2,6045.7991,5924.0273,6052.2261,6353.9853,5951.1249,6624.1897,6503.8975,6853.3238,5672.9833,6908.4634,6784.8514,6584.3584,6432.6247
Morocco,IPCC Agriculture,Emissions (CO2eq) from N2O (AR5),kilotonnes,13912.5,,,,,,,,,,14548.5,,13727,,,,,,,,
Morocco,IPCC Agriculture,Emissions (CO2eq) (AR5),kilotonnes,12267.6367,12286.7934,12463.9537,12576.7865,12934.0952,13234.3933,13693.3938,13085.3268,13239.6105,13115.8896,13448.0024,14129.1617,13736.8684,14575.397,14608.699,14968.5068,13870.8601,15162.6671,15190.6192,15136.3241,14868.4773
Morocco,IPCC Agriculture,Emissions (CO2eq) (AR5),kilotonnes,20115.9,,,,,,,,,,21201.3,,20886.6,,,,,,,,
Morocco,Agricultural Soils,Direct emissions (N2O),kilotonnes,14.8422,15.0842,15.8577,15.9032,16.5602,17.4116,18.4284,16.9188,17.1554,16.8691,17.1988,18.0623,16.8711,18.8589,18.4815,19.5605,16.0853,19.6978,19.3589,18.6813,18.1924
Morocco,Agricultural Soils,Indirect emissions (N2O),kilotonnes,4.6861,4.7242,4.9415,4.9126,5.1185,5.4681,5.6902,5.3037,5.3129,5.1262,5.2718,5.5301,5.1965,5.7403,5.6673,5.9042,4.9396,5.9517,5.838,5.764,5.6724
Morocco,Agricultural Soils,Emissions (N2O),kilotonnes,19.5284,19.8084,20.7993,20.8158,21.6786,22.8797,24.1186,22.2225,22.4683,21.9953,22.4706,23.5923,22.0676,24.5992,24.1489,25.4647,21.0249,25.6495,25.1969,24.4453,23.8648
Morocco,Agricultural Soils,Emissions (N2O),kilotonnes,48.49,,,,,,,,,,44.6,,40.9,,,,,,,,
Morocco,Agricultural Soils,Emissions (CO2eq) from N2O (AR5),kilotonnes,5175.013,5249.2205,5511.8049,5516.1786,5744.8415,6063.1291,6391.4274,5888.9625,5954.095,5828.7575,5954.7025,6251.9652,5847.9144,6518.7965,6399.4483,6748.1487,5571.6106,6797.1179,6677.1797,6478.0129,6324.1753
Morocco,Agricultural Soils,Emissions (CO2eq) from N2O (AR5),kilotonnes,12849.85,,,,,,,,,,11819,,10838.5,,,,,,,,
Morocco,Agricultural Soils,Emissions (CO2eq) (AR5),kilotonnes,5175.013,5249.2205,5511.8049,5516.1786,5744.8415,6063.1291,6391.4274,5888.9625,5954.095,5828.7575,5954.7025,6251.9652,5847.9144,6518.7965,6399.4483,6748.1487,5571.6106,6797.1179,6677.1797,6478.0129,6324.1753
Morocco,Agricultural Soils,Emissions (CO2eq) (AR5),kilotonnes,12849.85,,,,,,,,,,11819,,10838.5,,,,,,,,
Morocco,LULUCF,Emissions (CH4),kilotonnes,0.0068,0,0,0.01,0.0547,0.0647,0.0946,0.0075,0.005,0.01,0,0,0.1045,0,0.0149,0,0.0622,0.0199,0,0.0498,0.1518
Morocco,LULUCF,Emissions (CH4),kilotonnes,0.36,,,,,,,,,,,,,,,,,,,,
Morocco,LULUCF,Emissions (N2O),kilotonnes,0.0004,0,0,0.0009,0.005,0.0059,0.0086,0.0007,0.0005,0.0009,0,0,0.0095,0,0.0014,0,0.0057,0.0018,0,0.0045,0.0139
Morocco,LULUCF,Emissions (N2O),kilotonnes,,,,,,,,,,,,,0.004,,,,,,,,
Morocco,LULUCF,Emissions (CO2),kilotonnes,-4894.3138,-4523.8438,-4523.8438,-4523.8438,-4523.8438,-4523.8438,-4523.8438,-4523.8438,-4523.8438,-4523.8438,-4523.8438,-1440.4695,-1440.4695,-1440.4695,-1440.4695,-1440.4695,-1939.1988,-1939.1988,-1939.1988,-1939.1988,-1939.1988
Morocco,LULUCF,Emissions (CO2),kilotonnes,3636.98,,,,,,,,,,4503.72,,4435.5,,,,,,,,
Morocco,LULUCF,Emissions (CO2eq) from CH4 (AR5),kilotonnes,0.1915,0,0,0.2787,1.5326,1.8114,2.6474,0.209,0.1393,0.2787,0,0,2.9261,0,0.4181,0,1.7418,0.5574,0,1.3934,4.2502
Morocco,LULUCF,Emissions (CO2eq) from N2O (AR5),kilotonnes,0.1002,0,0,0.2408,1.3244,1.5653,2.2877,0.1806,0.1204,0.2408,0,0,2.5285,0,0.3613,0,1.5052,0.4816,0,1.2041,3.6727
Morocco,LULUCF,Emissions (CO2eq) (AR5),kilotonnes,-4894.0222,-4523.8438,-4523.8438,-4523.3243,-4520.9868,-4520.4671,-4518.9086,-4523.4542,-4523.5841,-4523.3243,-4523.8438,-1440.4695,-1435.0148,-1440.4695,-1439.6902,-1440.4695,-1935.9518,-1938.1598,-1939.1988,-1936.6013,-1931.276
Morocco,LULUCF,Emissions (CO2eq) (AR5),kilotonnes,3636.98,,,,,,,,,,4503.72,,4435.5,,,,,,,,
Morocco,AFOLU,Emissions (CH4),kilotonnes,250.244,248.3396,245.3214,249.0757,253.6411,253.0306,257.5727,253.8691,256.9268,256.8622,264.1349,277.6849,278.1668,283.9717,289.4721,289.828,292.8435,294.8129,300.206,305.4771,301.4322
Morocco,AFOLU,Emissions (N2O),kilotonnes,19.8532,20.1256,21.113,21.1441,22.0189,23.2185,24.4766,22.5562,22.8148,22.3557,22.8386,23.9773,22.4666,24.9969,24.5444,25.8616,21.4132,26.0715,25.6032,24.8512,24.2879
Morocco,AFOLU,Emissions (CO2),kilotonnes,-4894.3138,-4523.8438,-4523.8438,-4523.8438,-4523.8438,-4523.8438,-4523.8438,-4523.8438,-4523.8438,-4523.8438,-4523.8438,-1440.4695,-1440.4695,-1440.4695,-1440.4695,-1440.4695,-1939.1988,-1939.1988,-1939.1988,-1939.1988,-1939.1988
Morocco,AFOLU,Emissions (CO2eq) from CH4 (AR5),kilotonnes,7006.8324,6953.5088,6868.9995,6974.1196,7101.9495,7084.8558,7212.0369,7108.3357,7193.9507,7192.1409,7395.7763,7775.1764,7788.6697,7951.2073,8105.2195,8115.1831,8199.6186,8254.761,8405.7678,8553.3591,8440.1028
Morocco,AFOLU,Emissions (CO2eq) from N2O (AR5),kilotonnes,5261.0959,5333.2845,5594.9542,5603.1864,5835.0027,6152.9142,6486.2921,5977.3807,6045.9195,5924.2681,6052.2261,6353.9853,5953.6534,6624.1897,6504.2588,6853.3238,5674.4885,6908.945,6784.8514,6585.5625,6436.2974
Morocco,AFOLU,Emissions (CO2eq) (AR5),kilotonnes,7373.6145,7762.9496,7940.1099,8053.4622,8413.1084,8713.9263,9174.4852,8561.8726,8716.0264,8592.5652,8924.1586,12688.6922,12301.8536,13134.9275,13169.0088,13528.0373,11934.9083,13224.5072,13251.4204,13199.7228,12937.2014
Morocco,All sectors with LULUCF,Emissions (CH4),kilotonnes,733.8444,744.84,752.8218,771.676,804.6414,816.5309,838.4732,852.1696,862.1273,874.5627,899.8354,932.1854,949.3673,974.8723,999.1727,1019.4286,1035.2442,1055.2136,1076.6067,1095.6778,1107.833
Morocco,All sectors with LULUCF,Emissions (N2O),kilotonnes,23.2682,23.6618,24.6944,24.7967,26.0619,27.3305,28.6356,26.7182,27.0208,26.6297,27.2376,28.5873,27.1686,29.7699,29.4494,30.9386,26.5612,31.3715,30.9342,30.2732,29.8109
Morocco,All sectors with LULUCF,Emissions (CO2),kilotonnes,28565.6862,32556.1562,33056.1562,32346.1562,38066.1562,40466.1562,42066.1562,44736.1562,47156.1562,46736.1562,50076.1562,53709.5305,55819.5305,55479.5305,55959.5305,57349.5305,56800.8012,59830.8012,61500.8012,66580.8012,61170.8012
Morocco,All sectors with LULUCF,Emissions (CO2eq) from F-gases (AR5),kilotonnes,,,,,,,,,,,8.8818,14.382,20.7955,27.9865,36.538,47.4216,61.3177,79.6839,103.006,100.0907,111.7518
Morocco,All sectors with LULUCF,Emissions (CO2eq) from CH4 (AR5),kilotonnes,20547.6422,20855.5186,21079.0093,21606.9294,22529.9593,22862.8656,23477.2496,23860.749,24139.5645,24487.7553,25195.3912,26101.192,26582.2858,27296.424,27976.8368,28544.0009,28986.837,29545.9801,30144.9874,30678.9793,31019.3235
Morocco,All sectors with LULUCF,Emissions (CO2eq) from N2O (AR5),kilotonnes,6166.0709,6270.3775,6544.0252,6571.1254,6906.3977,7242.5942,7588.4271,7080.3107,7160.5095,7056.8781,7217.9611,7575.6353,7199.6834,7889.0347,7804.0838,8198.7288,7038.7085,8313.445,8197.5664,8022.3925,7899.8924
Morocco,All sectors with LULUCF,Emissions (CO2eq) (AR5),kilotonnes,55279.3993,59682.0524,60679.1907,60524.211,67502.5132,70571.6161,73131.8329,75677.2159,78456.2302,78280.7897,82498.3904,87400.7397,89622.2953,90692.9758,91776.9891,94139.6818,92887.6644,97769.9101,99946.3609,105382.2637,100201.7689
Morocco,All sectors without LULUCF,Emissions (CH4),kilotonnes,733.8375,744.84,752.8218,771.6661,804.5867,816.4662,838.3786,852.1621,862.1223,874.5527,899.8354,932.1854,949.2628,974.8723,999.1578,1019.4286,1035.182,1055.1937,1076.6067,1095.6281,1107.6812
Morocco,All sectors without LULUCF,Emissions (N2O),kilotonnes,23.2678,23.6618,24.6944,24.7958,26.0569,27.3246,28.6269,26.7175,27.0203,26.6288,27.2376,28.5873,27.1591,29.7699,29.448,30.9386,26.5555,31.3697,30.9342,30.2686,29.7971
Morocco,All sectors without LULUCF,Emissions (CO2),kilotonnes,33460,37080,37580,36870,42590,44990,46590,49260,51680,51260,54600,55150,57260,56920,57400,58790,58740,61770,63440,68520,63110
Morocco,All sectors without LULUCF,Emissions (CO2eq) from F-gases (AR5),kilotonnes,,,,,,,,,,,8.8818,14.382,20.7955,27.9865,36.538,47.4216,61.3177,79.6839,103.006,100.0907,111.7518
Morocco,All sectors without LULUCF,Emissions (CO2eq) from CH4 (AR5),kilotonnes,20547.4508,20855.5186,21079.0093,21606.6507,22528.4267,22861.0542,23474.6022,23860.54,24139.4252,24487.4766,25195.3912,26101.192,26579.3597,27296.424,27976.4188,28544.0009,28985.0952,29545.4227,30144.9874,30677.5858,31015.0733
Morocco,All sectors without LULUCF,Emissions (CO2eq) from N2O (AR5),kilotonnes,6165.9708,6270.3775,6544.0252,6570.8846,6905.0733,7241.0289,7586.1393,7080.13,7160.3891,7056.6373,7217.9611,7575.6353,7197.1549,7889.0347,7803.7225,8198.7288,7037.2033,8312.9634,8197.5664,8021.1884,7896.2197
Morocco,All sectors without LULUCF,Emissions (CO2eq) (AR5),kilotonnes,60173.4215,64205.8962,65203.0345,65047.5353,72023.5,75092.0831,77650.7415,80200.67,82979.8143,82804.114,87022.2342,88841.2092,91057.3101,92133.4453,93216.6792,95580.1513,94823.6163,99708.07,101885.5597,107318.865,102133.0448
Mozambique,Crop Residues,Direct emissions (N2O),kilotonnes,0.3838,0.3619,0.4588,0.4047,0.367,0.4844,0.5542,0.5297,0.5287,0.602,0.7261,0.7463,0.7145,0.5921,0.5044,0.4091,0.5049,0.5371,0.6188,0.6255,0.6761
Mozambique,Crop Residues,Indirect emissions (N2O),kilotonnes,0.0864,0.0814,0.1032,0.0911,0.0826,0.109,0.1247,0.1192,0.119,0.1355,0.1634,0.1679,0.1608,0.1332,0.1135,0.0921,0.1136,0.1208,0.1392,0.1407,0.1521
Mozambique,Crop Residues,Emissions (N2O),kilotonnes,0.4702,0.4434,0.5621,0.4957,0.4495,0.5934,0.6789,0.6488,0.6477,0.7375,0.8894,0.9142,0.8752,0.7253,0.6179,0.5012,0.6184,0.6579,0.758,0.7662,0.8283
Mozambique,Crop Residues,Emissions (CO2eq) from N2O (AR5),kilotonnes,124.6015,117.4928,148.9476,131.3662,119.1253,157.2615,179.915,171.9435,171.63,195.4363,235.7015,242.2599,231.9403,192.2152,163.746,132.8159,163.8892,174.3535,200.8738,203.0396,219.4867
Mozambique,Crop Residues,Emissions (CO2eq) (AR5),kilotonnes,124.6015,117.4928,148.9476,131.3662,119.1253,157.2615,179.915,171.9435,171.63,195.4363,235.7015,242.2599,231.9403,192.2152,163.746,132.8159,163.8892,174.3535,200.8738,203.0396,219.4867
Mozambique,Rice Cultivation,Emissions (CH4),kilotonnes,12.8937,12.1963,23.429,8.4,6.65,22.246,25.039,25.347,21.763,12.74,15.8615,16.7145,25.438,28.259,26.355,16.4419,22.89,22.75,24.5,21,19.8743
Mozambique,Rice Cultivation,Emissions (CO2eq) from CH4 (AR5),kilotonnes,361.0242,341.4967,656.012,235.2,186.2,622.888,701.092,709.716,609.364,356.72,444.1223,468.0049,712.264,791.252,737.94,460.3726,640.92,637,686,588,556.4812
Mozambique,Rice Cultivation,Emissions (CO2eq) (AR5),kilotonnes,361.0242,341.4967,656.012,235.2,186.2,622.888,701.092,709.716,609.364,356.72,444.1223,468.0049,712.264,791.252,737.94,460.3726,640.92,637,686,588,556.4812
Mozambique,Burning - Crop residues,Emissions (CH4),kilotonnes,3.7134,3.5462,4.8213,3.9095,3.7523,5.6753,5.089,5.0967,5.8399,4.7023,5.1112,5.3368,4.8838,5.3508,5.2603,4.688,5.0641,5.041,4.9765,5.0093,6.692
Mozambique,Burning - Crop residues,Emissions (CH4),kilotonnes,,,,,,,,,,,,,,,,,,,,,
Mozambique,Burning - Crop residues,Emissions (N2O),kilotonnes,0.0963,0.0919,0.125,0.1014,0.0973,0.1471,0.1319,0.1321,0.1514,0.1219,0.1325,0.1384,0.1266,0.1387,0.1364,0.1215,0.1313,0.1307,0.129,0.1299,0.1735
Mozambique,Burning - Crop residues,Emissions (N2O),kilotonnes,,,,,,,,,,,,,,,,,,,,,
Mozambique,Burning - Crop residues,Emissions (CO2eq) from CH4 (AR5),kilotonnes,103.9745,99.2937,134.997,109.4673,105.0643,158.9097,142.4913,142.7067,163.5165,131.665,143.1129,149.4293,136.7458,149.8214,147.2891,131.265,141.7955,141.1487,139.3411,140.2607,187.3753
Mozambique,Burning - Crop residues,Emissions (CO2eq) from CH4 (AR5),kilotonnes,,,,,,,,,,,,,,,,,,,,,
Mozambique,Burning - Crop residues,Emissions (CO2eq) from N2O (AR5),kilotonnes,25.5123,24.3637,33.1243,26.86,25.7797,38.9917,34.9631,35.016,40.1221,32.3067,35.1157,36.6655,33.5534,36.7617,36.1404,32.2085,34.7924,34.6337,34.1902,34.4158,45.9763
Mozambique,Burning - Crop residues,Emissions (CO2eq) from N2O (AR5),kilotonnes,,,,,,,,,,,,,,,,,,,,,
Mozambique,Burning - Crop residues,Emissions (CO2eq) (AR5),kilotonnes,129.4867,123.6574,168.1213,136.3273,130.844,197.9014,177.4544,177.7227,203.6386,163.9716,178.2286,186.0948,170.2992,186.5831,183.4295,163.4735,176.5879,175.7825,173.5313,174.6766,233.3516
Mozambique,Burning - Crop residues,Emissions (CO2eq) (AR5),kilotonnes,,,,,,,,,,,,,,,,,,,,,
Mozambique,Enteric Fermentation,Emissions (CH4),kilotonnes,58.2362,55.8277,60.7544,61.6635,67.0787,72.321,62.281,71.171,76.2377,68.4812,67.9684,72.3384,79.54,84.098,89.325,77.4836,85.6205,87.6588,100.5059,102.7787,107.4641
Mozambique,Enteric Fermentation,Emissions (CH4),kilotonnes,,,,,,,,,,,,,,,,,,,,,
Mozambique,Enteric Fermentation,Emissions (CO2eq) from CH4 (AR5),kilotonnes,1630.6124,1563.1746,1701.1224,1726.5791,1878.2037,2024.988,1743.868,1992.788,2134.6548,1917.4749,1903.1165,2025.4758,2227.12,2354.744,2501.1,2169.5421,2397.3742,2454.4475,2814.1645,2877.8026,3008.9946
Mozambique,Enteric Fermentation,Emissions (CO2eq) from CH4 (AR5),kilotonnes,,,,,,,,,,,,,,,,,,,,,
Mozambique,Enteric Fermentation,Emissions (CO2eq) (AR5),kilotonnes,1630.6124,1563.1746,1701.1224,1726.5791,1878.2037,2024.988,1743.868,1992.788,2134.6548,1917.4749,1903.1165,2025.4758,2227.12,2354.744,2501.1,2169.5421,2397.3742,2454.4475,2814.1645,2877.8026,3008.9946
Mozambique,Enteric Fermentation,Emissions (CO2eq) (AR5),kilotonnes,,,,,,,,,,,,,,,,,,,,,
Mozambique,Manure Management,Emissions (CH4),kilotonnes,4.5866,3.7704,3.8851,3.5114,3.8331,4.0997,3.4103,3.8537,4.1739,3.8757,3.8762,4.1296,4.5199,4.4194,5.0682,4.2285,4.6536,4.7361,5.0885,5.8631,5.567
Mozambique,Manure Management,Emissions (CH4),kilotonnes,,,,,,,,,,,,,,,,,,,,,
Mozambique,Manure Management,Emissions (N2O),kilotonnes,1.0898,0.7614,0.7424,0.6298,0.694,0.7571,0.5579,0.6323,0.7188,0.6351,0.6349,0.7056,0.8072,0.6718,0.8782,0.7454,0.7955,0.79,0.7957,0.8397,0.8133
Mozambique,Manure Management,Emissions (CO2eq) from CH4 (AR5),kilotonnes,128.4247,105.5717,108.7826,98.3197,107.3257,114.7905,95.4881,107.9042,116.8698,108.5203,108.5335,115.6297,126.5561,123.7443,141.9096,118.3985,130.3017,132.6104,142.4766,164.1661,155.877
Mozambique,Manure Management,Emissions (CO2eq) from CH4 (AR5),kilotonnes,,,,,,,,,,,,,,,,,,,,,
Mozambique,Manure Management,Emissions (CO2eq) from N2O (AR5),kilotonnes,288.7937,201.766,196.731,166.8923,183.9135,200.638,147.8372,167.5509,190.4689,168.3142,168.2511,186.9954,213.9098,178.0297,232.7258,197.5204,210.8091,209.337,210.8684,222.5285,215.5348
Mozambique,Manure Management,Emissions (CO2eq) (AR5),kilotonnes,417.2184,307.3377,305.5136,265.212,291.2392,315.4285,243.3253,275.4551,307.3387,276.8345,276.7846,302.6251,340.4659,301.774,374.6354,315.9188,341.1108,341.9474,353.345,386.6946,371.4117
Mozambique,Manure Management,Emissions (CO2eq) (AR5),kilotonnes,,,,,,,,,,,,,,,,,,,,,
Mozambique,Manure left on Pasture,Direct emissions (N2O),kilotonnes,2.5645,2.5003,2.693,2.6467,2.8634,3.0471,2.6812,3.0336,3.2352,2.9755,2.9661,3.1154,3.3885,3.6071,3.8322,3.2417,3.6032,3.6935,4.1588,4.5326,4.5353
Mozambique,Manure left on Pasture,Indirect emissions (N2O),kilotonnes,0.8038,0.79,0.8322,0.8061,0.858,0.903,0.7898,0.8738,0.9398,0.8382,0.8362,0.8726,0.9534,1.0053,1.0637,0.8593,0.9605,0.973,1.0653,1.1353,1.146
Mozambique,Manure left on Pasture,Emissions (N2O),kilotonnes,3.3683,3.2903,3.5252,3.4528,3.7214,3.9501,3.471,3.9074,4.175,3.8136,3.8023,3.988,4.3419,4.6125,4.8959,4.101,4.5637,4.6665,5.2241,5.6679,5.6813
Mozambique,Manure left on Pasture,Emissions (CO2eq) from N2O (AR5),kilotonnes,892.6041,871.927,934.1891,914.9856,986.171,1046.774,919.8241,1035.4656,1106.3754,1010.6119,1007.6144,1056.8077,1150.6005,1222.303,1297.4034,1086.7646,1209.3845,1236.6262,1384.3832,1501.9818,1505.5362
Mozambique,Manure left on Pasture,Emissions (CO2eq) (AR5),kilotonnes,892.6041,871.927,934.1891,914.9856,986.171,1046.774,919.8241,1035.4656,1106.3754,1010.6119,1007.6144,1056.8077,1150.6005,1222.303,1297.4034,1086.7646,1209.3845,1236.6262,1384.3832,1501.9818,1505.5362
Mozambique,Manure applied to Soils,Direct emissions (N2O),kilotonnes,0.6213,0.4553,0.4469,0.3821,0.4171,0.4495,0.3475,0.3865,0.4369,0.3948,0.3929,0.4283,0.4815,0.4158,0.5248,0.4438,0.4747,0.4725,0.4739,0.5216,0.4927
Mozambique,Manure applied to Soils,Indirect emissions (N2O),kilotonnes,0.264,0.1935,0.1899,0.1624,0.1772,0.191,0.1477,0.1643,0.1857,0.1678,0.167,0.182,0.2046,0.1767,0.223,0.1886,0.2017,0.2008,0.2014,0.2217,0.2094
Mozambique,Manure applied to Soils,Emissions (N2O),kilotonnes,0.8853,0.6488,0.6369,0.5445,0.5943,0.6405,0.4952,0.5508,0.6226,0.5625,0.5599,0.6103,0.6861,0.5925,0.7478,0.6325,0.6764,0.6733,0.6753,0.7433,0.7022
Mozambique,Manure applied to Soils,Emissions (CO2eq) from N2O (AR5),kilotonnes,234.6001,171.9256,168.767,144.3044,157.4893,169.7383,131.234,145.9624,164.9801,149.0747,148.3655,161.7295,181.8221,157.021,198.1757,167.6066,179.2441,178.4363,178.9642,196.9733,186.0709
Mozambique,Manure applied to Soils,Emissions (CO2eq) (AR5),kilotonnes,234.6001,171.9256,168.767,144.3044,157.4893,169.7383,131.234,145.9624,164.9801,149.0747,148.3655,161.7295,181.8221,157.021,198.1757,167.6066,179.2441,178.4363,178.9642,196.9733,186.0709
Mozambique,Synthetic Fertilizers,Direct emissions (N2O),kilotonnes,0.1524,0.2514,0.2781,0.0289,0.0536,0.1006,0.2698,0.1801,0.6578,0.2378,0.6818,0.5121,0.3738,0.4185,0.5273,0.2155,0.3016,0.3553,0.4166,0.4166,0.7527
Mozambique,Synthetic Fertilizers,Indirect emissions (N2O),kilotonnes,0.0495,0.0817,0.0904,0.0094,0.0174,0.0327,0.0877,0.0585,0.2138,0.0773,0.2216,0.1664,0.1215,0.136,0.1714,0.07,0.098,0.1155,0.1354,0.1354,0.2446
Mozambique,Synthetic Fertilizers,Emissions (N2O),kilotonnes,0.202,0.3331,0.3685,0.0382,0.0711,0.1333,0.3575,0.2387,0.8716,0.3151,0.9033,0.6786,0.4953,0.5545,0.6987,0.2855,0.3996,0.4708,0.5519,0.5519,0.9974
Mozambique,Synthetic Fertilizers,Emissions (CO2eq) from N2O (AR5),kilotonnes,53.5215,88.2829,97.6629,10.1305,18.8374,35.3131,94.7275,63.2547,230.97,83.499,239.3845,179.8211,131.2539,146.9323,185.1497,75.6534,105.898,124.7519,146.2652,146.2652,264.2997
Mozambique,Synthetic Fertilizers,Emissions (CO2eq) (AR5),kilotonnes,53.5215,88.2829,97.6629,10.1305,18.8374,35.3131,94.7275,63.2547,230.97,83.499,239.3845,179.8211,131.2539,146.9323,185.1497,75.6534,105.898,124.7519,146.2652,146.2652,264.2997
Mozambique,Drained organic soils,Emissions (CO2eq) (AR5),kilotonnes,0,0,0,0,0,0,0,0,0,0,0,0,0,0,0,0,0,0,0,0,0
Mozambique,Drained organic soils (CO2),Emissions (CO2),kilotonnes,0,0,0,0,0,0,0,0,0,0,0,0,0,0,0,0,0,0,0,0,0
Mozambique,Drained organic soils (CO2),Emissions (CO2eq) (AR5),kilotonnes,0,0,0,0,0,0,0,0,0,0,0,0,0,0,0,0,0,0,0,0,0
Mozambique,Drained organic soils (N2O),Emissions (N2O),kilotonnes,0,0,0,0,0,0,0,0,0,0,0,0,0,0,0,0,0,0,0,0,0
Mozambique,Drained organic soils (N2O),Emissions (CO2eq) from N2O (AR5),kilotonnes,0,0,0,0,0,0,0,0,0,0,0,0,0,0,0,0,0,0,0,0,0
Mozambique,Drained organic soils (N2O),Emissions (CO2eq) (AR5),kilotonnes,0,0,0,0,0,0,0,0,0,0,0,0,0,0,0,0,0,0,0,0,0
Mozambique,On-farm energy use,Emissions (CH4),kilotonnes,0.0073,0.0086,0.0093,0.0107,0.0104,0.0114,0.0104,0.0432,0.0324,0.0354,0.0483,0.1132,0.1722,0.2636,0.3654,0.2686,0.1527,0.1368,0.0477,0.0429,0.0429
Mozambique,On-farm energy use,Emissions (N2O),kilotonnes,0.0051,0.0051,0.0052,0.0064,0.0064,0.0052,0.0064,0.0079,0.0079,0.0091,0.0094,0.0111,0.0113,0.2174,0.249,0.2603,0.4433,0.4715,0.0036,0.0011,0.0011
Mozambique,On-farm energy use,Emissions (CO2),kilotonnes,23.1704,27.1659,27.8865,33.9565,33.4678,27.4368,27.9621,44.2313,40.7112,46.6787,58.111,83.7332,101.6875,653.8182,786.9298,775.2137,1216.8666,1285.1718,57.3772,47.6756,47.6756
Mozambique,On-farm energy use,Emissions (CO2eq) from CH4 (AR5),kilotonnes,0.2046,0.2417,0.2595,0.2988,0.2899,0.318,0.2923,1.2096,0.9081,0.99,1.3514,3.1695,4.8205,7.3822,10.2301,7.5222,4.2752,3.8304,1.3349,1.2006,1.2006
Mozambique,On-farm energy use,Emissions (CO2eq) from N2O (AR5),kilotonnes,1.3511,1.3634,1.3679,1.7037,1.701,1.3769,1.6931,2.0931,2.0819,2.4183,2.5041,2.9364,3.0044,57.6128,65.9841,68.9846,117.4846,124.9466,0.9643,0.283,0.283
Mozambique,On-farm energy use,Emissions (CO2eq) (AR5),kilotonnes,24.7261,28.7711,29.5138,35.9591,35.4588,29.1316,29.9476,47.5339,43.7011,50.087,61.9665,89.8391,109.5124,718.8131,863.144,851.7205,1338.6264,1413.9489,59.6763,49.1592,49.1592
Mozambique,Forestland,Emissions (CO2),kilotonnes,0,-367.4223,-367.4223,-367.4223,-367.4223,-367.4223,-367.4223,-367.4223,-367.4223,-367.4223,-367.4223,-501.2311,-501.2311,-501.2311,-501.2311,-501.2311,-365.6558,-365.6558,-365.6558,-365.6558,-365.6558
Mozambique,Forestland,Emissions (CO2eq) (AR5),kilotonnes,0,-367.4223,-367.4223,-367.4223,-367.4223,-367.4223,-367.4223,-367.4223,-367.4223,-367.4223,-367.4223,-501.2311,-501.2311,-501.2311,-501.2311,-501.2311,-365.6558,-365.6558,-365.6558,-365.6558,-365.6558
Mozambique,Net Forest conversion,Emissions (CO2),kilotonnes,48356.66,49295.0883,49295.0883,49295.0883,49295.0883,49295.0883,49295.0883,49295.0883,49295.0883,49295.0883,49295.0883,46081.9097,46081.9097,46081.9097,46081.9097,46081.9097,53193.2092,53193.2092,53193.2092,53193.2092,53193.2092
Mozambique,Net Forest conversion,Emissions (CO2eq) (AR5),kilotonnes,48356.66,49295.0883,49295.0883,49295.0883,49295.0883,49295.0883,49295.0883,49295.0883,49295.0883,49295.0883,49295.0883,46081.9097,46081.9097,46081.9097,46081.9097,46081.9097,53193.2092,53193.2092,53193.2092,53193.2092,53193.2092
Mozambique,Savanna fires,Emissions (CH4),kilotonnes,193.2581,236.1111,253.0052,264.7321,246.7539,263.4401,246.6516,261.5233,275.9878,243.7926,274.1616,245.993,252.3568,258.7081,258.6703,254.5416,221.4602,215.1225,245.3881,237.7229,227.7926
Mozambique,Savanna fires,Emissions (N2O),kilotonnes,17.6453,21.558,23.1005,24.1712,22.5297,24.0532,22.5204,23.8782,25.1989,22.2593,25.0322,22.4602,23.0413,23.6212,23.6177,23.2408,20.2203,19.6416,22.405,21.7051,20.7985
Mozambique,Savanna fires,Emissions (CO2eq) from CH4 (AR5),kilotonnes,5411.2267,6611.1101,7084.147,7412.4985,6909.1079,7376.3214,6906.245,7322.6514,7727.6591,6826.1917,7676.5261,6887.8052,7065.9916,7243.8266,7242.7673,7127.1638,6200.8858,6023.4291,6870.867,6656.2412,6378.1915
Mozambique,Savanna fires,Emissions (CO2eq) from N2O (AR5),kilotonnes,4676.0056,5712.8614,6121.627,6405.3655,5970.3704,6374.1038,5967.8965,6327.726,6677.7054,5898.72,6633.5198,5951.9621,6105.9384,6259.611,6258.6956,6158.7991,5358.3742,5205.0284,5937.3253,5751.8606,5511.5894
Mozambique,Savanna fires,Emissions (CO2eq) (AR5),kilotonnes,10087.2323,12323.9715,13205.7739,13817.864,12879.4783,13750.4253,12874.1416,13650.3774,14405.3645,12724.9117,14310.0459,12839.7674,13171.9299,13503.4376,13501.4629,13285.9629,11559.26,11228.4575,12808.1924,12408.1019,11889.7808
Mozambique,Fires in organic soils,Emissions (CH4),kilotonnes,0,0,0,0,0,0,0,0,0,0,0,0,0,0,0,0,0,0,0,0,0
Mozambique,Fires in organic soils,Emissions (CO2),kilotonnes,0,0,0,0,0,0,0,0,0,0,0,0,0,0,0,0,0,0,0,0,0
Mozambique,Fires in organic soils,Emissions (CO2eq) from CH4 (AR5),kilotonnes,0,0,0,0,0,0,0,0,0,0,0,0,0,0,0,0,0,0,0,0,0
Mozambique,Fires in organic soils,Emissions (CO2eq) (AR5),kilotonnes,0,0,0,0,0,0,0,0,0,0,0,0,0,0,0,0,0,0,0,0,0
Mozambique,Forest fires,Emissions (CH4),kilotonnes,13.9122,311.5008,278.0428,364.0793,349.0563,412.0939,407.8529,416.8907,491.5217,425.7612,554.0285,411.2988,471.0642,472.6749,441.9338,418.4685,472.8022,435.9163,452.5196,353.254,330.1351
Mozambique,Forest fires,Emissions (N2O),kilotonnes,0.4092,28.4414,25.3865,33.242,31.8704,37.626,37.2387,38.0639,44.8781,38.8738,50.5852,37.5534,43.0102,43.1573,40.3505,38.208,43.1689,39.8011,41.317,32.2536,30.1428
Mozambique,Forest fires,Emissions (CO2eq) from CH4 (AR5),kilotonnes,389.5421,8722.0214,7785.1995,10194.219,9773.575,11538.63,11419.8811,11672.9384,13762.6077,11921.3122,15512.7973,11516.367,13189.7967,13234.8983,12374.1462,11717.1181,13238.4624,12205.6554,12670.5477,9891.1113,9243.7839
Mozambique,Forest fires,Emissions (CO2eq) from N2O (AR5),kilotonnes,108.4335,7536.9641,6727.4279,8809.1349,8445.6436,9970.8814,9868.2668,10086.9413,11892.6882,10301.5687,13405.0803,9951.6433,11397.7048,11436.6784,10692.8763,10125.1184,11439.7583,10547.2783,10949.0059,8547.2103,7987.835
Mozambique,Forest fires,Emissions (CO2eq) (AR5),kilotonnes,497.9756,16258.9855,14512.6274,19003.3539,18219.2187,21509.5114,21288.148,21759.8797,25655.2959,22222.8809,28917.8776,21468.0103,24587.5015,24671.5767,23067.0225,21842.2365,24678.2207,22752.9337,23619.5535,18438.3216,17231.6189
Mozambique,Fires in humid tropical forests,Emissions (CH4),kilotonnes,3.6391,66.3135,77.0906,101.7013,89.3699,121.205,123.3524,124.9272,143.2609,125.8189,149.5498,109.4281,137.4453,132.0437,116.9728,125.8213,143.1175,139.8324,123.6411,102.7927,100.2622
Mozambique,Fires in humid tropical forests,Emissions (N2O),kilotonnes,0.107,6.0547,7.0387,9.2858,8.1599,11.0665,11.2626,11.4064,13.0803,11.4878,13.6545,9.9913,12.5494,12.0562,10.6801,11.488,13.0673,12.7673,11.289,9.3854,9.1544
Mozambique,Fires in humid tropical forests,Emissions (CO2eq) from CH4 (AR5),kilotonnes,101.8947,1856.7778,2158.5377,2847.6358,2502.3582,3393.7404,3453.8675,3497.9604,4011.3064,3522.9283,4187.3937,3063.9868,3848.4677,3697.2243,3275.2392,3522.9972,4007.2904,3915.3081,3461.9512,2878.195,2807.3414
Mozambique,Fires in humid tropical forests,Emissions (CO2eq) from N2O (AR5),kilotonnes,28.3635,1604.4982,1865.2581,2460.7288,2162.3639,2932.6343,2984.592,3022.694,3466.2919,3044.2695,3618.4543,2647.6843,3325.5781,3194.8841,2830.2338,3044.3291,3462.8216,3383.3369,2991.5774,2487.1359,2425.9091
Mozambique,Fires in humid tropical forests,Emissions (CO2eq) (AR5),kilotonnes,130.2581,3461.276,4023.7958,5308.3646,4664.7222,6326.3747,6438.4594,6520.6544,7477.5983,6567.1978,7805.848,5711.6711,7174.0458,6892.1084,6105.473,6567.3263,7470.112,7298.6451,6453.5287,5365.3309,5233.2505
Mozambique,Waste - agri-food systems,Emissions (CH4),kilotonnes,70.2512,71.7487,73.2168,74.5062,75.8861,77.3385,78.2856,79.4783,81.8724,82.9131,84.135,89.4262,90.5402,92.3195,92.5823,92.9986,93.3676,93.8172,94.3262,94.8183,95.2642
Mozambique,Waste - agri-food systems,Emissions (N2O),kilotonnes,0.2306,0.2303,0.2584,0.2758,0.2853,0.2938,0.3247,0.3338,0.3453,0.3535,0.3776,0.3972,0.4124,0.4139,0.4511,0.4743,0.5009,0.5164,0.5293,0.5422,0.5554
Mozambique,Waste - agri-food systems,Emissions (CO2),kilotonnes,0,0,0,0,0,0,0,0,0,0,0,0,0,0,0,0,0,0,0,0,0
Mozambique,Waste - agri-food systems,Emissions (CO2eq) from CH4 (AR5),kilotonnes,1967.0333,2008.9631,2050.0705,2086.1741,2124.8104,2165.4777,2191.9959,2225.393,2292.4274,2321.566,2355.7787,2503.9344,2535.125,2584.9459,2592.3057,2603.9605,2614.2927,2626.8828,2641.1339,2654.9137,2667.3977
Mozambique,Waste - agri-food systems,Emissions (CO2eq) from N2O (AR5),kilotonnes,61.1187,61.0405,68.4882,73.0824,75.6009,77.8498,86.0449,88.4691,91.4996,93.6872,100.0694,105.2525,109.2802,109.6876,119.5381,125.6763,132.7483,136.8421,140.2589,143.6819,147.1942
Mozambique,Waste - agri-food systems,Emissions (CO2eq) (AR5),kilotonnes,2028.152,2070.0036,2118.5587,2159.2566,2200.4113,2243.3275,2278.0408,2313.8621,2383.927,2415.2531,2455.8481,2609.1869,2644.4052,2694.6335,2711.8438,2729.6368,2747.041,2763.7249,2781.3929,2798.5956,2814.592
Mozambique,On-farm electricity use,Emissions (CH4),kilotonnes,0.0001,0.0006,0.0005,0.0008,0.001,0.001,0.0012,0.0011,0.0012,0.0011,0.0011,0.0012,0.0162,0.0312,0.0027,0.0356,0.0259,0.0228,0.0228,0.0268,0.0268
Mozambique,On-farm electricity use,Emissions (N2O),kilotonnes,0,0,0,0,0,0,0,0,0,0,0,0,0,0,0,0,0,0,0,0,0
Mozambique,On-farm electricity use,Emissions (CO2),kilotonnes,0.0001,0.0005,0.0004,0.0007,0.0008,0.0008,0.0009,0.0008,0.0009,0.0009,0.0009,0.0009,0.0122,0.0234,0.0021,0.0267,0.0195,0.0171,0.0171,0.0201,0.0201
Mozambique,On-farm electricity use,Emissions (CO2eq) from CH4 (AR5),kilotonnes,0.0028,0.0168,0.014,0.0224,0.028,0.028,0.0336,0.0308,0.0336,0.0308,0.0308,0.0336,0.4536,0.8736,0.0756,0.9968,0.7252,0.6384,0.6384,0.7504,0.7504
Mozambique,On-farm electricity use,Emissions (CO2eq) from N2O (AR5),kilotonnes,0,0,0,0,0,0,0,0,0,0,0,0,0,0,0,0,0,0,0,0,0
Mozambique,On-farm electricity use,Emissions (CO2eq) (AR5),kilotonnes,0.0029,0.0173,0.0144,0.0231,0.0288,0.0288,0.0345,0.0316,0.0345,0.0317,0.0317,0.0345,0.4658,0.897,0.0777,1.0235,0.7447,0.6555,0.6555,0.7705,0.7705
Mozambique,Food Processing,Emissions (CH4),kilotonnes,0,0,0,0,0,0,0,0,0,0,0,0,0.0002,0.0002,0.0002,0,0.0004,0.0003,0.0003,0.0003,0.0003
Mozambique,Food Processing,Emissions (N2O),kilotonnes,0,0,0,0,0,0,0,0,0,0,0,0,0,0,0,0,0,0,0,0,0
Mozambique,Food Processing,Emissions (CO2),kilotonnes,0,0,0,0,0,0,0,0,0,0,0,0,10.7151,10.7712,12.6786,0,19.9716,15.7641,16.9422,16.9422,15.1985
Mozambique,Food Processing,Emissions (CO2eq) from CH4 (AR5),kilotonnes,0,0,0,0,0,0,0,0,0,0,0,0,0.0056,0.0056,0.0056,0,0.0112,0.0084,0.0084,0.0084,0.0089
Mozambique,Food Processing,Emissions (CO2eq) from N2O (AR5),kilotonnes,0,0,0,0,0,0,0,0,0,0,0,0,0,0,0,0,0,0,0,0,0
Mozambique,Food Processing,Emissions (CO2eq) (AR5),kilotonnes,0,0,0,0,0,0,0,0,0,0,0,0,10.7207,10.7768,12.6842,0,19.9828,15.7725,16.9506,16.9506,15.2073
Mozambique,Food Packaging,Emissions (CH4),kilotonnes,0.7887,0.7288,0.7887,0.8646,1.0239,1.1376,1.168,1.0618,1.1807,1.595,1.5954,0.8075,0.8692,0.8573,0.9977,1.2619,1.1271,1.4112,1.0759,1.3201,1.3908
Mozambique,Food Packaging,Emissions (N2O),kilotonnes,0.0092,0.0079,0.0086,0.0096,0.0099,0.0101,0.0098,0.0061,0.0068,0.0085,0.009,0.0041,0.0047,0.0046,0.0053,0.0068,0.006,0.0075,0.0057,0.0065,0.0065
Mozambique,Food Packaging,Emissions (CO2),kilotonnes,15.284,18.3156,16.9261,20.4629,20.8418,19.9576,21.2208,24.505,24.7864,30.7766,32.4928,6.7829,7.7107,8.2845,11.5031,48.6483,17.5915,15.6681,11.2051,21.7031,19.4694
Mozambique,Food Packaging,Emissions (CO2eq) from CH4 (AR5),kilotonnes,22.0836,20.4064,22.0836,24.2088,28.6692,31.8528,32.704,29.7304,33.0596,44.66,44.6712,22.61,24.3376,24.0044,27.9356,35.3332,31.5588,39.5136,30.1252,36.9628,38.9429
Mozambique,Food Packaging,Emissions (CO2eq) from N2O (AR5),kilotonnes,2.438,2.0935,2.279,2.544,2.6235,2.6765,2.597,1.6165,1.802,2.2525,2.385,1.0865,1.2455,1.219,1.4045,1.802,1.59,1.9875,1.5105,1.7225,1.7317
Mozambique,Food Packaging,Emissions (CO2eq) (AR5),kilotonnes,39.8056,40.8155,41.2887,47.2157,52.1345,54.4869,56.5218,55.8519,59.648,77.6891,79.549,30.4794,33.2938,33.5079,40.8432,85.7835,50.7403,57.1692,42.8408,60.3884,60.144
Mozambique,Food Retail,Emissions (CH4),kilotonnes,0.0297,0.0334,0.0344,0.0363,0.0373,0.0413,0.0479,0.0394,0.0399,0.0447,0.0447,0.05,0.0437,0.0818,0.0101,0.118,0.0966,0.0656,0.0685,0.0724,0.0763
Mozambique,Food Retail,Emissions (N2O),kilotonnes,0.0002,0.0002,0.0002,0.0002,0.0002,0.0002,0.0003,0.0003,0.0003,0.0003,0.0003,0.0003,0.0003,0.0004,0.0001,0.0006,0.0005,0.0005,0.0004,0.0004,0.0004
Mozambique,Food Retail,Emissions (CO2),kilotonnes,0.0223,0.0251,0.0258,0.0272,0.028,0.031,0.0359,7.1667,7.167,8.5088,8.5088,9.851,9.4238,0.0851,0.9061,2.5858,2.1937,16.4604,4.9178,7.3777,6.6184
Mozambique,Food Retail,Emissions (CO2eq) from F-gases (AR5),kilotonnes,25.975,35.326,45.1965,57.145,71.691,81.5615,92.471,103.3805,104.939,105.4585,105.978,105.978,105.978,106.4975,106.4975,106.4975,115.8485,118.446,121.0435,123.641,129.1622
Mozambique,Food Retail,Emissions (CO2eq) from CH4 (AR5),kilotonnes,0.8316,0.9352,0.9632,1.0164,1.0444,1.1564,1.3412,1.1032,1.1172,1.2516,1.2516,1.4,1.2236,2.2904,0.2828,3.304,2.7048,1.8368,1.918,2.0272,2.1358
Mozambique,Food Retail,Emissions (CO2eq) from N2O (AR5),kilotonnes,0.053,0.053,0.053,0.053,0.053,0.053,0.0795,0.0795,0.0795,0.0795,0.0795,0.0795,0.0795,0.106,0.0265,0.159,0.1325,0.1325,0.106,0.106,0.1066
Mozambique,Food Retail,Emissions (CO2eq) (AR5),kilotonnes,26.8819,36.3393,46.2385,58.2416,72.8164,82.8019,93.9276,111.7299,113.3027,115.2984,115.8179,117.3085,116.7049,108.979,107.7129,112.5463,120.8795,136.8757,127.9853,133.1519,138.0229
Mozambique,Food Household Consumption,Emissions (CH4),kilotonnes,0.1192,0.1344,0.1258,0.1252,0.1359,0.1607,0.1728,0.1741,0.1928,0.2232,0.2659,0.3111,0.3629,0.4171,0.4812,0.4859,0.4969,0.4503,0.4445,0.4445,0.4683
Mozambique,Food Household Consumption,Emissions (N2O),kilotonnes,0.0009,0.001,0.0009,0.0009,0.001,0.0011,0.0011,0.0011,0.0012,0.0013,0.0016,0.0017,0.002,0.0022,0.0027,0.0027,0.0027,0.0025,0.0025,0.0025,0.0025
Mozambique,Food Household Consumption,Emissions (CO2),kilotonnes,33.645,37.475,35.1214,35.0807,37.3292,36.5786,31.1783,31.9072,24.3516,27.2496,27.31,25.0907,16.59,12.9662,34.6585,24.8421,24.0044,25.9031,53.1477,53.1477,47.6776
Mozambique,Food Household Consumption,Emissions (CO2eq) from CH4 (AR5),kilotonnes,3.3376,3.7632,3.5224,3.5056,3.8052,4.4996,4.8384,4.8748,5.3984,6.2496,7.4452,8.7108,10.1612,11.6788,13.4736,13.6052,13.9132,12.6084,12.446,12.446,13.1128
Mozambique,Food Household Consumption,Emissions (CO2eq) from N2O (AR5),kilotonnes,0.2385,0.265,0.2385,0.2385,0.265,0.2915,0.2915,0.2915,0.318,0.3445,0.424,0.4505,0.53,0.583,0.7155,0.7155,0.7155,0.6625,0.6625,0.6625,0.666
Mozambique,Food Household Consumption,Emissions (CO2eq) (AR5),kilotonnes,37.2211,41.5032,38.8823,38.8248,41.3994,41.3697,36.3082,37.0735,30.068,33.8437,35.1792,34.252,27.2812,25.228,48.8476,39.1628,38.6331,39.174,66.2562,66.2562,61.4564
Mozambique,Food Transport,Emissions (CH4),kilotonnes,0.011,0.0118,0.0127,0.0146,0.0143,0.0153,0.0148,0.0209,0.0206,0.0211,0.0298,0.0336,0.0348,0.037,0.0396,0.0529,0.0812,0.0795,0.0919,0.059,0.0622
Mozambique,Food Transport,Emissions (N2O),kilotonnes,0.0012,0.0013,0.0014,0.0016,0.0015,0.0016,0.0016,0.0021,0.002,0.0021,0.0029,0.0032,0.0033,0.0035,0.0038,0.005,0.0076,0.0075,0.0087,0.0057,0.0057
Mozambique,Food Transport,Emissions (CO2),kilotonnes,90.306,89.536,97.031,119.41,121.61,111.332,120.258,150.23,146.72,163.45,181.94,209.88,204.78,222.19,238.5,271.1,418.92,448.31,518.89,338.0698,303.2748
Mozambique,Food Transport,Emissions (CO2eq) from CH4 (AR5),kilotonnes,0.308,0.3304,0.3556,0.4088,0.4004,0.4284,0.4144,0.5852,0.5768,0.5908,0.8344,0.9408,0.9744,1.036,1.1088,1.4812,2.2736,2.226,2.5732,1.652,1.7405
Mozambique,Food Transport,Emissions (CO2eq) from N2O (AR5),kilotonnes,0.318,0.3445,0.371,0.424,0.3975,0.424,0.424,0.5565,0.53,0.5565,0.7685,0.848,0.8745,0.9275,1.007,1.325,2.014,1.9875,2.3055,1.5105,1.5186
Mozambique,Food Transport,Emissions (CO2eq) (AR5),kilotonnes,90.932,90.2109,97.7576,120.2428,122.4079,112.1844,121.0964,151.3717,147.8268,164.5973,183.5429,211.6688,206.6289,224.1535,240.6158,273.9062,423.2076,452.5235,523.7687,341.2323,306.5339
Mozambique,Energy,Emissions (CH4),kilotonnes,104,96.1,104,114,135,150,154,140,130,127,129,143,239,263,274,293,320,404,442,392,413
Mozambique,Energy,Emissions (N2O),kilotonnes,1.03,0.882,0.968,1.08,1.11,1.13,1.1,0.679,0.698,0.664,0.636,0.683,0.869,0.973,0.907,1.01,0.98,0.992,1.1,0.938,0.943
Mozambique,Energy,Emissions (CO2),kilotonnes,1210,1450,1340,1620,1650,1580,1680,1940,1890,2140,2300,2740,2650,3620,7770,5770,7060,7660,8050,7870,7060
Mozambique,Energy,Emissions (CO2eq) from CH4 (AR5),kilotonnes,2912,2690.8,2912,3192,3780,4200,4312,3920,3640,3556,3612,4004,6692,7364,7672,8204,8960,11312,12376,10976,11564
Mozambique,Energy,Emissions (CO2eq) from N2O (AR5),kilotonnes,272.95,233.73,256.52,286.2,294.15,299.45,291.5,179.935,184.97,175.96,168.54,180.995,230.285,257.845,240.355,267.65,259.7,262.88,291.5,248.57,249.895
Mozambique,Energy,Emissions (CO2eq) (AR5),kilotonnes,4394.95,4374.53,4508.52,5098.2,5724.15,6079.45,6283.5,6039.935,5714.97,5871.96,6080.54,6924.995,9572.285,11241.845,15682.355,14241.65,16279.7,19234.88,20717.5,19094.57,18873.895
Mozambique,IPPU,Emissions (N2O),kilotonnes,0.364,0.375,0.386,0.397,0.409,0.422,0.434,0.447,0.46,0.474,0.488,0.503,0.518,0.533,0.548,0.565,0.581,0.598,0.615,0.624,0.639
Mozambique,IPPU,Emissions (CO2),kilotonnes,268,607,709,969,1170,1160,1220,1240,1220,1250,1300,1350,1430,1490,1570,1590,1940,1920,1930,2010,2010
Mozambique,IPPU,Emissions (CO2eq) from F-gases (AR5),kilotonnes,48.6849,156.4525,156.4525,224.4753,297.3569,316.792,331.3683,344.0011,344.9729,361.4927,378.9843,458.6682,490.7361,523.7757,555.8436,587.9115,620.9512,653.0191,685.087,718.1266,750.1945
Mozambique,IPPU,Emissions (CO2eq) from N2O (AR5),kilotonnes,96.46,99.375,102.29,105.205,108.385,111.83,115.01,118.455,121.9,125.61,129.32,133.295,137.27,141.245,145.22,149.725,153.965,158.47,162.975,165.36,169.335
Mozambique,IPPU,Emissions (CO2eq) (AR5),kilotonnes,413.1449,862.8275,967.7425,1298.6803,1575.7419,1588.622,1666.3783,1702.4561,1686.8729,1737.1027,1808.3043,1941.9632,2058.0061,2155.0207,2271.0636,2327.6365,2714.9162,2731.4891,2778.062,2893.4866,2929.5295
Mozambique,Waste,Emissions (CH4),kilotonnes,94.1,97.2,100,104,107,111,114,118,122,125,130,134,139,144,149,153,158,162,168,170,175
Mozambique,Waste,Emissions (N2O),kilotonnes,0.415,0.427,0.44,0.469,0.505,0.528,0.558,0.588,0.62,0.638,0.668,0.704,0.741,0.762,0.797,0.838,0.892,0.936,0.963,0.978,1.01
Mozambique,Waste,Emissions (CO2eq) from CH4 (AR5),kilotonnes,2634.8,2721.6,2800,2912,2996,3108,3192,3304,3416,3500,3640,3752,3892,4032,4172,4284,4424,4536,4704,4760,4900
Mozambique,Waste,Emissions (CO2eq) from N2O (AR5),kilotonnes,109.975,113.155,116.6,124.285,133.825,139.92,147.87,155.82,164.3,169.07,177.02,186.56,196.365,201.93,211.205,222.07,236.38,248.04,255.195,259.17,267.65
Mozambique,Waste,Emissions (CO2eq) (AR5),kilotonnes,2744.775,2834.755,2916.6,3036.285,3129.825,3247.92,3339.87,3459.82,3580.3,3669.07,3817.02,3938.56,4088.365,4233.93,4383.205,4506.07,4660.38,4784.04,4959.195,5019.17,5167.65
Mozambique,Other,Emissions (N2O),kilotonnes,0.6,0.549,0.598,0.661,0.676,0.687,0.681,0.533,0.514,0.514,0.5,0.553,0.68,0.744,0.735,0.762,0.837,0.825,0.897,0.829,0.849
Mozambique,Other,Emissions (CO2eq) from N2O (AR5),kilotonnes,159,145.485,158.47,175.165,179.14,182.055,180.465,141.245,136.21,136.21,132.5,146.545,180.2,197.16,194.775,201.93,221.805,218.625,237.705,219.685,224.985
Mozambique,Other,Emissions (CO2eq) (AR5),kilotonnes,159,145.485,158.47,175.165,179.14,182.055,180.465,141.245,136.21,136.21,132.5,146.545,180.2,197.16,194.775,201.93,221.805,218.625,237.705,219.685,224.985
Mozambique,Farm-gate emissions,Emissions (CH4),kilotonnes,272.6953,311.4603,345.9043,342.2273,328.0783,367.7934,342.4813,367.0349,384.0347,333.6272,367.0272,344.6255,366.9106,381.0989,385.0441,357.6523,339.8412,335.4452,380.5066,372.4168,367.4329
Mozambique,Farm-gate emissions,Direct emissions (N2O),kilotonnes,3.722,3.5689,3.8769,3.4623,3.701,4.0816,3.8528,4.13,4.8586,4.2101,4.7668,4.8021,4.9583,5.0335,5.3887,4.3102,4.8843,5.0584,5.6681,6.0962,6.4568
Mozambique,Farm-gate emissions,Indirect emissions (N2O),kilotonnes,1.2037,1.1466,1.2158,1.069,1.1353,1.2357,1.1499,1.2158,1.4582,1.2187,1.3881,1.3889,1.4403,1.4513,1.5716,1.21,1.3739,1.4102,1.5413,1.6331,1.7522
Mozambique,Farm-gate emissions,Emissions (N2O),kilotonnes,23.7622,27.132,29.0657,29.44,28.1637,30.28,28.2192,29.9963,32.3937,28.4543,31.964,29.5063,30.385,31.1339,31.8416,29.8881,27.8486,27.5023,30.5428,30.4051,29.9954
Mozambique,Farm-gate emissions,Emissions (CO2),kilotonnes,23.1704,27.1659,27.8865,33.9565,33.4678,27.4368,27.9621,44.2313,40.7112,46.6787,58.111,83.7332,101.6875,653.8182,786.9298,775.2137,1216.8666,1285.1718,57.3772,47.6756,47.6756
Mozambique,Farm-gate emissions,Emissions (CO2eq) from CH4 (AR5),kilotonnes,7635.467,8720.8884,9685.3204,9582.3635,9186.1916,10298.2156,9589.4767,10276.9759,10752.9722,9341.5618,10276.7627,9649.5145,10273.4979,10670.7704,10781.2361,10014.2642,9515.5524,9392.4662,10654.1841,10427.6712,10288.1201
Mozambique,Farm-gate emissions,Emissions (CO2eq) from N2O (AR5),kilotonnes,6296.9899,7189.9828,7702.4168,7801.6083,7463.3875,8024.1974,7478.0906,7949.0121,8584.3339,7540.3811,8470.4565,7819.1777,8052.0227,8250.4867,8438.0208,7920.3531,7379.8761,7288.1137,8093.8346,8057.3479,7948.777
Mozambique,Farm-gate emissions,Emissions (CO2eq) (AR5),kilotonnes,13955.6273,15938.0372,17415.6237,17417.9283,16683.0469,18349.8497,17095.5294,18270.2193,19378.0172,16928.6216,18805.3302,17552.4253,18427.2082,19575.0753,20006.1867,18709.8311,18112.2951,17965.7517,18805.3959,18532.6947,18284.5728
Mozambique,Land Use change,Emissions (CH4),kilotonnes,3.6391,66.3135,77.0906,101.7013,89.3699,121.205,123.3524,124.9272,143.2609,125.8189,149.5498,109.4281,137.4453,132.0437,116.9728,125.8213,143.1175,139.8324,123.6411,102.7927,100.2622
Mozambique,Land Use change,Emissions (N2O),kilotonnes,0.107,6.0547,7.0387,9.2858,8.1599,11.0665,11.2626,11.4064,13.0803,11.4878,13.6545,9.9913,12.5494,12.0562,10.6801,11.488,13.0673,12.7673,11.289,9.3854,9.1544
Mozambique,Land Use change,Emissions (CO2),kilotonnes,48356.66,49295.0883,49295.0883,49295.0883,49295.0883,49295.0883,49295.0883,49295.0883,49295.0883,49295.0883,49295.0883,46081.9097,46081.9097,46081.9097,46081.9097,46081.9097,53193.2092,53193.2092,53193.2092,53193.2092,53193.2092
Mozambique,Land Use change,Emissions (CO2eq) from CH4 (AR5),kilotonnes,101.8947,1856.7778,2158.5377,2847.6358,2502.3582,3393.7404,3453.8675,3497.9604,4011.3064,3522.9283,4187.3937,3063.9868,3848.4677,3697.2243,3275.2392,3522.9972,4007.2904,3915.3081,3461.9512,2878.195,2807.3414
Mozambique,Land Use change,Emissions (CO2eq) from N2O (AR5),kilotonnes,28.3635,1604.4982,1865.2581,2460.7288,2162.3639,2932.6343,2984.592,3022.694,3466.2919,3044.2695,3618.4543,2647.6843,3325.5781,3194.8841,2830.2338,3044.3291,3462.8216,3383.3369,2991.5774,2487.1359,2425.9091
Mozambique,Land Use change,Emissions (CO2eq) (AR5),kilotonnes,48486.9181,52756.3643,53318.8841,54603.4529,53959.8105,55621.463,55733.5478,55815.7427,56772.6867,55862.2861,57100.9363,51793.5808,53255.9555,52974.0181,52187.3827,52649.236,60663.3213,60491.8543,59646.7379,58558.5401,58426.4597
Mozambique,Emissions on agricultural land,Emissions (CH4),kilotonnes,276.3343,377.7738,422.9949,443.9285,417.4482,488.9984,465.8337,491.962,527.2957,459.4461,516.577,454.0536,504.3559,513.1427,502.017,483.4736,482.9587,475.2777,504.1477,475.2095,467.6951
Mozambique,Emissions on agricultural land,Emissions (N2O),kilotonnes,23.8693,33.1867,36.1044,38.7258,36.3236,41.3465,39.4818,41.4027,45.4741,39.9421,45.6185,39.4976,42.9343,43.1901,42.5217,41.3762,40.9158,40.2696,41.8317,39.7905,39.1498
Mozambique,Emissions on agricultural land,Emissions (CO2),kilotonnes,48379.8304,49322.2543,49322.9748,49329.0449,49328.5562,49322.5251,49323.0505,49339.3196,49335.7995,49341.7671,49353.1993,46165.6429,46183.5973,46735.7279,46868.8395,46857.1234,54410.0759,54478.3811,53250.5864,53240.8849,53240.8849
Mozambique,Emissions on agricultural land,Emissions (CO2eq) from CH4 (AR5),kilotonnes,7737.3617,10577.6662,11843.8581,12429.9993,11688.5498,13691.9559,13043.3442,13774.9363,14764.2786,12864.4901,14464.1564,12713.5013,14121.9657,14367.9948,14056.4753,13537.2614,13522.8428,13307.7744,14116.1354,13305.8662,13095.4615
Mozambique,Emissions on agricultural land,Emissions (CO2eq) from N2O (AR5),kilotonnes,6325.3533,8794.481,9567.6749,10262.3371,9625.7514,10956.8317,10462.6826,10971.7061,12050.6258,10584.6506,12088.9108,10466.8619,11377.6008,11445.3708,11268.2546,10964.6822,10842.6977,10671.4506,11085.412,10544.4837,10374.6861
Mozambique,Emissions on agricultural land,Emissions (CO2eq) (AR5),kilotonnes,62442.5454,68694.4015,70734.5078,72021.3812,70642.8574,73971.3127,72829.0772,74085.962,76150.7039,72790.9078,75906.2666,69346.0062,71683.1637,72549.0934,72193.5694,71359.067,78775.6164,78457.606,78452.1338,77091.2348,76711.0325
Mozambique,Pre- and post- production,Emissions (CH4),kilotonnes,71.1999,72.6577,74.1789,75.5477,77.0985,78.6944,79.6903,80.7756,83.3076,84.7982,86.0719,90.6296,91.8672,93.7441,94.1138,94.9529,95.1957,95.8469,96.0301,96.7414,97.2889
Mozambique,Pre- and post- production,Emissions (N2O),kilotonnes,0.2421,0.2407,0.2695,0.2881,0.2979,0.3068,0.3375,0.3434,0.3556,0.3657,0.3914,0.4065,0.4227,0.4246,0.463,0.4894,0.5177,0.5344,0.5466,0.5573,0.5706
Mozambique,Pre- and post- production,Emissions (CO2),kilotonnes,139.2574,145.3522,149.1047,174.9815,179.8098,167.9,172.6939,213.8097,203.0259,229.9859,250.2525,251.6055,249.2318,254.3204,298.2484,347.2029,482.7007,522.1228,605.1199,437.2606,392.2587
Mozambique,Pre- and post- production,Emissions (CO2eq) from F-gases (AR5),kilotonnes,25.975,35.326,45.1965,57.145,71.691,81.5615,92.471,103.3805,104.939,105.4585,105.978,105.978,105.978,106.4975,106.4975,106.4975,115.8485,118.446,121.0435,123.641,129.1622
Mozambique,Pre- and post- production,Emissions (CO2eq) from CH4 (AR5),kilotonnes,1993.5969,2034.4151,2077.0093,2115.3361,2158.7576,2203.4429,2231.3275,2261.7174,2332.613,2374.3488,2410.0119,2537.6296,2572.281,2624.8347,2635.1877,2658.6809,2665.4795,2683.7144,2688.8431,2708.7605,2724.089
Mozambique,Pre- and post- production,Emissions (CO2eq) from N2O (AR5),kilotonnes,64.1662,63.7965,71.4297,76.3419,78.9399,81.2948,89.4369,91.0131,94.2291,96.9202,103.7264,107.717,112.0097,112.5231,122.6916,129.6778,137.2003,141.6121,144.8434,147.6834,151.2171
Mozambique,Pre- and post- production,Emissions (CO2eq) (AR5),kilotonnes,2222.9955,2278.8898,2342.7402,2423.8046,2489.1983,2534.1992,2585.9293,2669.9207,2734.807,2806.7133,2869.9688,3002.9301,3039.5005,3098.1757,3162.6252,3242.0591,3401.229,3465.8953,3559.85,3417.3455,3396.727
Mozambique,Agri-food systems,Emissions (CH4),kilotonnes,347.5342,450.4315,497.1738,519.4763,494.5467,567.6928,545.524,572.7376,610.6033,544.2442,602.6489,544.6832,596.2231,606.8868,596.1308,578.4265,578.1544,571.1246,600.1778,571.951,564.9839
Mozambique,Agri-food systems,Emissions (N2O),kilotonnes,24.1114,33.4275,36.374,39.0139,36.6215,41.6533,39.8193,41.7461,45.8296,40.3078,46.01,39.9041,43.357,43.6147,42.9847,41.8655,41.4336,40.804,42.3783,40.3478,39.7204
Mozambique,Agri-food systems,Emissions (CO2),kilotonnes,48519.0878,49467.6065,49472.0795,49504.0264,49508.366,49490.4251,49495.7444,49553.1293,49538.8254,49571.753,49603.4518,46417.2484,46432.8291,46990.0483,47167.0879,47204.3263,54892.7766,55000.5039,53855.7063,53678.1455,53633.1436
Mozambique,Agri-food systems,Emissions (CO2eq) from F-gases (AR5),kilotonnes,25.975,35.326,45.1965,57.145,71.691,81.5615,92.471,103.3805,104.939,105.4585,105.978,105.978,105.978,106.4975,106.4975,106.4975,115.8485,118.446,121.0435,123.641,129.1622
Mozambique,Agri-food systems,Emissions (CO2eq) from CH4 (AR5),kilotonnes,9730.9586,12612.0813,13920.8674,14545.3354,13847.3074,15895.3989,15274.6716,16036.6537,17096.8915,15238.8389,16874.1683,15251.131,16694.2467,16992.8295,16691.663,16195.9423,16188.3223,15991.4887,16804.9785,16014.6267,15819.5505
Mozambique,Agri-food systems,Emissions (CO2eq) from N2O (AR5),kilotonnes,6389.5195,8858.2775,9639.1046,10338.679,9704.6913,11038.1265,10552.1195,11062.7192,12144.8549,10681.5708,12192.6372,10574.5789,11489.6105,11557.8939,11390.9462,11094.36,10979.898,10813.0627,11230.2554,10692.1672,10525.9032
Mozambique,Agri-food systems,Emissions (CO2eq) (AR5),kilotonnes,64665.5409,70973.2913,73077.248,74445.1858,73132.0557,76505.512,75415.0065,76755.8827,78885.5109,75597.6211,78776.2353,72348.9363,74722.6643,75647.2691,75356.1946,74601.1261,82176.8454,81923.5013,82011.9837,80508.5803,80107.7594
Mozambique,IPCC Agriculture,Emissions (CH4),kilotonnes,272.6879,311.4517,345.895,342.2166,328.0679,367.7821,342.4709,366.9917,384.0023,333.5919,366.979,344.5123,366.7385,380.8353,384.6788,357.3836,339.6885,335.3084,380.4589,372.374,367.39
Mozambique,IPCC Agriculture,Emissions (CH4),kilotonnes,,,,,,,,,,,,,,,,,,,,,
Mozambique,IPCC Agriculture,Direct emissions (N2O),kilotonnes,3.722,3.5689,3.8769,3.4623,3.701,4.0816,3.8528,4.13,4.8586,4.2101,4.7668,4.8021,4.9583,5.0335,5.3887,4.3102,4.8843,5.0584,5.6681,6.0962,6.4568
Mozambique,IPCC Agriculture,Indirect emissions (N2O),kilotonnes,1.2037,1.1466,1.2158,1.069,1.1353,1.2357,1.1499,1.2158,1.4582,1.2187,1.3881,1.3889,1.4403,1.4513,1.5716,1.21,1.3739,1.4102,1.5413,1.6331,1.7522
Mozambique,IPCC Agriculture,Emissions (N2O),kilotonnes,23.7571,27.1269,29.0606,29.4336,28.1573,30.2748,28.2128,29.9884,32.3859,28.4451,31.9545,29.4952,30.3737,30.9165,31.5926,29.6278,27.4053,27.0308,30.5391,30.404,29.9943
Mozambique,IPCC Agriculture,Emissions (N2O),kilotonnes,,,,,,,,,,,,,,,,,,,,,
Mozambique,IPCC Agriculture,Emissions (CO2eq) from CH4 (AR5),kilotonnes,7635.2625,8720.6467,9685.061,9582.0646,9185.9017,10297.8976,9589.1844,10275.7663,10752.0641,9340.5719,10275.4113,9646.345,10268.6774,10663.3883,10771.006,10006.742,9511.2772,9388.6358,10652.8493,10426.4707,10286.9196
Mozambique,IPCC Agriculture,Emissions (CO2eq) from CH4 (AR5),kilotonnes,,,,,,,,,,,,,,,,,,,,,
Mozambique,IPCC Agriculture,Emissions (CO2eq) from N2O (AR5),kilotonnes,6295.6387,7188.6194,7701.0489,7799.9046,7461.6864,8022.8205,7476.3975,7946.9191,8582.2519,7537.9627,8467.9524,7816.2412,8049.0183,8192.8739,8372.0367,7851.3686,7262.3915,7163.1671,8092.8703,8057.0648,7948.494
Mozambique,IPCC Agriculture,Emissions (CO2eq) from N2O (AR5),kilotonnes,,,,,,,,,,,,,,,,,,,,,
Mozambique,IPCC Agriculture,Emissions (CO2eq) (AR5),kilotonnes,13930.9012,15909.266,17386.1099,17381.9692,16647.5881,18320.7181,17065.5819,18222.6854,19334.3161,16878.5346,18743.3637,17462.5862,18317.6958,18856.2622,19143.0427,17858.1106,16773.6687,16551.8028,18745.7195,18483.5355,18235.4136
Mozambique,IPCC Agriculture,Emissions (CO2eq) (AR5),kilotonnes,,,,,,,,,,,,,,,,,,,,,
Mozambique,Agricultural Soils,Direct emissions (N2O),kilotonnes,3.722,3.5689,3.8769,3.4623,3.701,4.0816,3.8528,4.13,4.8586,4.2101,4.7668,4.8021,4.9583,5.0335,5.3887,4.3102,4.8843,5.0584,5.6681,6.0962,6.4568
Mozambique,Agricultural Soils,Indirect emissions (N2O),kilotonnes,1.2037,1.1466,1.2158,1.069,1.1353,1.2357,1.1499,1.2158,1.4582,1.2187,1.3881,1.3889,1.4403,1.4513,1.5716,1.21,1.3739,1.4102,1.5413,1.6331,1.7522
Mozambique,Agricultural Soils,Emissions (N2O),kilotonnes,4.9258,4.7156,5.0927,4.5313,4.8363,5.3173,5.0026,5.3458,6.3168,5.4288,6.155,6.191,6.3986,6.4848,6.9603,5.5202,6.2582,6.4686,7.2094,7.7293,8.209
Mozambique,Agricultural Soils,Emissions (N2O),kilotonnes,,,,,,,,,,,,,,,,,,,,,
Mozambique,Agricultural Soils,Emissions (CO2eq) from N2O (AR5),kilotonnes,1305.3272,1249.6282,1349.5666,1200.7867,1281.6229,1409.0869,1325.7006,1416.6262,1673.9555,1438.6219,1631.0658,1640.6182,1695.6168,1718.4715,1844.4748,1462.8405,1658.4158,1714.168,1910.4864,2048.2599,2175.3935
Mozambique,Agricultural Soils,Emissions (CO2eq) from N2O (AR5),kilotonnes,,,,,,,,,,,,,,,,,,,,,
Mozambique,Agricultural Soils,Emissions (CO2eq) (AR5),kilotonnes,1305.3272,1249.6282,1349.5666,1200.7867,1281.6229,1409.0869,1325.7006,1416.6262,1673.9555,1438.6219,1631.0658,1640.6182,1695.6168,1718.4715,1844.4748,1462.8405,1658.4158,1714.168,1910.4864,2048.2599,2175.3935
Mozambique,Agricultural Soils,Emissions (CO2eq) (AR5),kilotonnes,,,,,,,,,,,,,,,,,,,,,
Mozambique,LULUCF,Emissions (CH4),kilotonnes,13.9122,311.5008,278.0428,364.0793,349.0563,412.0939,407.8529,416.8907,491.5217,425.7612,554.0285,411.2988,471.0642,472.6749,441.9338,418.4685,472.8022,435.9163,452.5196,353.254,330.1351
Mozambique,LULUCF,Emissions (CH4),kilotonnes,,,,,,,,,,,,,,,,,,,,,
Mozambique,LULUCF,Emissions (N2O),kilotonnes,0.4092,28.4414,25.3865,33.242,31.8704,37.626,37.2387,38.0639,44.8781,38.8738,50.5852,37.5534,43.0102,43.1573,40.3505,38.208,43.1689,39.8011,41.317,32.2536,30.1428
Mozambique,LULUCF,Emissions (N2O),kilotonnes,,,,,,,,,,,,,,,,,,,,,
Mozambique,LULUCF,Emissions (CO2),kilotonnes,48356.66,48927.666,48927.666,48927.666,48927.666,48927.666,48927.666,48927.666,48927.666,48927.666,48927.666,45580.6786,45580.6786,45580.6786,45580.6786,45580.6786,52827.5534,52827.5534,52827.5534,52827.5534,52827.5534
Mozambique,LULUCF,Emissions (CO2),kilotonnes,,,,,,,,,,,,,,,,,,,,,
Mozambique,LULUCF,Emissions (CO2eq) from CH4 (AR5),kilotonnes,389.5421,8722.0214,7785.1995,10194.219,9773.575,11538.63,11419.8811,11672.9384,13762.6077,11921.3122,15512.7973,11516.367,13189.7967,13234.8983,12374.1462,11717.1181,13238.4624,12205.6554,12670.5477,9891.1113,9243.7839
Mozambique,LULUCF,Emissions (CO2eq) from N2O (AR5),kilotonnes,108.4335,7536.9641,6727.4279,8809.1349,8445.6436,9970.8814,9868.2668,10086.9413,11892.6882,10301.5687,13405.0803,9951.6433,11397.7048,11436.6784,10692.8763,10125.1184,11439.7583,10547.2783,10949.0059,8547.2103,7987.835
Mozambique,LULUCF,Emissions (CO2eq) (AR5),kilotonnes,48854.6356,65186.6516,63440.2934,67931.02,67146.8847,70437.1775,70215.814,70687.5457,74582.9619,71150.5469,77845.5436,67048.6889,70168.18,70252.2553,68647.7011,67422.9151,77505.7741,75580.4871,76447.1069,71265.875,70059.1723
Mozambique,LULUCF,Emissions (CO2eq) (AR5),kilotonnes,,,,,,,,,,,,,,,,,,,,,
Mozambique,AFOLU,Emissions (CH4),kilotonnes,286.6002,622.9524,623.9379,706.2958,677.1242,779.876,750.3238,783.8823,875.524,759.353,921.0074,755.8111,837.8026,853.5102,826.6126,775.8521,812.4907,771.2247,832.9785,725.6279,697.5251
Mozambique,AFOLU,Emissions (N2O),kilotonnes,24.1663,55.5682,54.4471,62.6756,60.0277,67.9008,65.4516,68.0523,77.2639,67.319,82.5397,67.0486,73.3839,74.0738,71.9431,67.8358,70.5742,66.8319,71.8561,62.6576,60.1371
Mozambique,AFOLU,Emissions (CO2),kilotonnes,48356.66,48927.666,48927.666,48927.666,48927.666,48927.666,48927.666,48927.666,48927.666,48927.666,48927.666,45580.6786,45580.6786,45580.6786,45580.6786,45580.6786,52827.5534,52827.5534,52827.5534,52827.5534,52827.5534
Mozambique,AFOLU,Emissions (CO2eq) from CH4 (AR5),kilotonnes,8024.8046,17442.6681,17470.2605,19776.2837,18959.4767,21836.5276,21009.0655,21948.7047,24514.6718,21261.8841,25788.2086,21162.712,23458.4741,23898.2866,23145.1522,21723.8601,22749.7397,21594.2912,23323.397,20317.5819,19530.7034
Mozambique,AFOLU,Emissions (CO2eq) from N2O (AR5),kilotonnes,6404.0722,14725.5835,14428.4768,16609.0395,15907.3301,17993.7019,17344.6643,18033.8604,20474.9401,17839.5314,21873.0327,17767.8845,19446.7231,19629.5523,19064.913,17976.4869,18702.1498,17710.4454,19041.8761,16604.2751,15936.329
Mozambique,AFOLU,Emissions (CO2eq) (AR5),kilotonnes,62785.5368,81095.9176,80826.4033,85312.9892,83794.4728,88757.8956,87281.3959,88910.2311,93917.278,88029.0815,96588.9073,84511.2751,88485.8758,89108.5175,87790.7438,85281.0256,94279.4428,92132.2899,95192.8265,89749.4105,88294.5858
Mozambique,All sectors with LULUCF,Emissions (CH4),kilotonnes,484.7002,816.2524,827.9379,924.2958,919.1242,1040.876,1018.3238,1041.8823,1127.524,1011.353,1180.0074,1032.8111,1215.8026,1260.5102,1249.6126,1221.8521,1290.4907,1337.2247,1442.9785,1287.6279,1285.5251
Mozambique,All sectors with LULUCF,Emissions (N2O),kilotonnes,26.5753,57.8012,56.8391,65.2826,62.7277,70.6678,68.2246,70.2993,79.5559,69.609,84.8317,69.4916,76.1919,77.0858,74.9301,71.0108,73.8642,70.1829,75.4311,66.0266,63.5781
Mozambique,All sectors with LULUCF,Emissions (CO2),kilotonnes,49834.66,50984.666,50976.666,51516.666,51747.666,51667.666,51827.666,52107.666,52037.666,52317.666,52527.666,49670.6786,49660.6786,50690.6786,54920.6786,52940.6786,61827.5534,62407.5534,62807.5534,62707.5534,61897.5534
Mozambique,All sectors with LULUCF,Emissions (CO2eq) from F-gases (AR5),kilotonnes,48.6849,156.4525,156.4525,224.4753,297.3569,316.792,331.3683,344.0011,344.9729,361.4927,378.9843,458.6682,490.7361,523.7757,555.8436,587.9115,620.9512,653.0191,685.087,718.1266,750.1945
Mozambique,All sectors with LULUCF,Emissions (CO2eq) from CH4 (AR5),kilotonnes,13571.6046,22855.0681,23182.2605,25880.2837,25735.4767,29144.5276,28513.0655,29172.7047,31570.6718,28317.8841,33040.2086,28918.712,34042.4741,35294.2866,34989.1522,34211.8601,36133.7397,37442.2912,40403.397,36053.5819,35994.7034
Mozambique,All sectors with LULUCF,Emissions (CO2eq) from N2O (AR5),kilotonnes,7042.4572,15317.3285,15062.3568,17299.8945,16622.8301,18726.9569,18079.5093,18629.3154,21082.3201,18446.3814,22480.4127,18415.2795,20190.8431,20427.7323,19856.468,18817.8619,19573.9998,18598.4604,19989.2511,17497.0601,16848.194
Mozambique,All sectors with LULUCF,Emissions (CO2eq) (AR5),kilotonnes,70497.4067,89313.5151,89377.7358,94921.3195,94403.3297,99855.9426,98751.6092,100253.6872,105035.6308,99443.4243,108427.2716,97463.3383,104384.7319,106936.4732,110322.1424,106558.3122,118156.244,119101.324,123885.2884,116976.3221,115490.6454
Mozambique,All sectors without LULUCF,Emissions (CH4),kilotonnes,470.7879,504.7517,549.895,560.2166,570.0679,628.7821,610.4709,624.9917,636.0023,585.5919,625.979,621.5123,744.7385,787.8353,807.6788,803.3836,817.6885,901.3084,990.4589,934.374,955.39
Mozambique,All sectors without LULUCF,Emissions (N2O),kilotonnes,26.1661,29.3599,31.4526,32.0406,30.8573,33.0418,30.9858,32.2354,34.6779,30.7351,34.2465,31.9382,33.1817,33.9285,34.5796,32.8028,30.6953,30.3818,34.1141,33.773,33.4353
Mozambique,All sectors without LULUCF,Emissions (CO2),kilotonnes,1478,2057,2049,2589,2820,2740,2900,3180,3110,3390,3600,4090,4080,5110,9340,7360,9000,9580,9980,9880,9070
Mozambique,All sectors without LULUCF,Emissions (CO2eq) from F-gases (AR5),kilotonnes,48.6849,156.4525,156.4525,224.4753,297.3569,316.792,331.3683,344.0011,344.9729,361.4927,378.9843,458.6682,490.7361,523.7757,555.8436,587.9115,620.9512,653.0191,685.087,718.1266,750.1945
Mozambique,All sectors without LULUCF,Emissions (CO2eq) from CH4 (AR5),kilotonnes,13182.0625,14133.0467,15397.061,15686.0646,15961.9017,17605.8976,17093.1844,17499.7663,17808.0641,16396.5719,17527.4113,17402.345,20852.6774,22059.3883,22615.006,22494.742,22895.2772,25236.6358,27732.8493,26162.4707,26750.9196
Mozambique,All sectors without LULUCF,Emissions (CO2eq) from N2O (AR5),kilotonnes,6934.0237,7780.3644,8334.9289,8490.7596,8177.1864,8756.0755,8211.2425,8542.3741,9189.6319,8144.8127,9075.3324,8463.6362,8793.1383,8991.0539,9163.5917,8692.7436,8134.2415,8051.1821,9040.2453,8949.8498,8860.359
Mozambique,All sectors without LULUCF,Emissions (CO2eq) (AR5),kilotonnes,21642.7711,24126.8635,25937.4424,26990.2995,27256.445,29418.7651,28535.7952,29566.1415,30452.6689,28292.8773,30581.728,30414.6494,34216.5518,36684.2179,41674.4413,39135.3971,40650.4699,43520.8369,47438.1815,45710.4471,45431.4731
Myanmar,Crop Residues,Direct emissions (N2O),kilotonnes,4.9752,5.1195,5.1418,5.3976,5.7023,6.3025,6.958,7.0527,7.2787,7.317,7.3195,6.7748,6.3531,6.4351,6.348,6.3186,6.2321,6.3513,6.4958,6.3232,6.118
Myanmar,Crop Residues,Indirect emissions (N2O),kilotonnes,1.1194,1.1519,1.1569,1.2145,1.283,1.4181,1.5655,1.5868,1.6377,1.6463,1.6469,1.5243,1.4294,1.4479,1.4283,1.4217,1.4022,1.429,1.4616,1.4227,1.3766
Myanmar,Crop Residues,Emissions (N2O),kilotonnes,6.0946,6.2713,6.2987,6.612,6.9853,7.7205,8.5235,8.6395,8.9164,8.9633,8.9664,8.2991,7.7825,7.883,7.7764,7.7402,7.6344,7.7803,7.9574,7.7459,7.4946
Myanmar,Crop Residues,Emissions (CO2eq) from N2O (AR5),kilotonnes,1615.0618,1661.904,1669.1553,1752.1912,1851.1035,2045.9373,2258.7264,2289.4717,2362.8367,2375.2697,2376.0861,2199.2608,2062.3599,2089.0017,2060.7349,2051.1604,2023.1029,2061.7764,2108.7039,2052.6752,1986.0718
Myanmar,Crop Residues,Emissions (CO2eq) (AR5),kilotonnes,1615.0618,1661.904,1669.1553,1752.1912,1851.1035,2045.9373,2258.7264,2289.4717,2362.8367,2375.2697,2376.0861,2199.2608,2062.3599,2089.0017,2060.7349,2051.1604,2023.1029,2061.7764,2108.7039,2052.6752,1986.0718
Myanmar,Rice Cultivation,Emissions (CH4),kilotonnes,986.2753,1003.462,997.9284,1021.5514,1065.3774,1155.5628,1263.6078,1253.7279,1264.1145,1261.0746,1253.7279,1184.189,1093.7503,1088.1137,1075.0673,1059.4096,1052.2877,1087.0295,1118.85,1083.1003,1041.6184
Myanmar,Rice Cultivation,Emissions (CO2eq) from CH4 (AR5),kilotonnes,27615.7073,28096.9356,27941.9948,28603.4388,29830.5684,32355.758,35381.0181,35104.3823,35395.2068,35310.0878,35104.3823,33157.2924,30625.0085,30467.1844,30101.8846,29663.4678,29464.0548,30436.8264,31327.8004,30326.8092,29165.3165
Myanmar,Rice Cultivation,Emissions (CO2eq) (AR5),kilotonnes,27615.7073,28096.9356,27941.9948,28603.4388,29830.5684,32355.758,35381.0181,35104.3823,35395.2068,35310.0878,35104.3823,33157.2924,30625.0085,30467.1844,30101.8846,29663.4678,29464.0548,30436.8264,31327.8004,30326.8092,29165.3165
Myanmar,Burning - Crop residues,Emissions (CH4),kilotonnes,10.2464,10.5608,10.5338,10.8214,11.2606,12.1748,13.226,13.226,13.345,13.3353,13.3198,12.7203,11.8869,11.9189,11.858,11.7094,11.6837,12.0237,12.4014,12.0532,11.6881
Myanmar,Burning - Crop residues,Emissions (CH4),kilotonnes,0.024,0.0249,0.0247,0.0255,0.0264,0.0282,,,,,,,,,,,,,,,
Myanmar,Burning - Crop residues,Emissions (N2O),kilotonnes,0.2656,0.2738,0.2731,0.2806,0.2919,0.3156,0.3429,0.3429,0.346,0.3457,0.3453,0.3298,0.3082,0.309,0.3074,0.3036,0.3029,0.3117,0.3215,0.3125,0.303
Myanmar,Burning - Crop residues,Emissions (N2O),kilotonnes,0.0006,0.0006,0.0006,0.0007,0.0007,0.0007,,,,,,,,,,,,,,,
Myanmar,Burning - Crop residues,Emissions (CO2eq) from CH4 (AR5),kilotonnes,286.8992,295.7028,294.9455,302.9994,315.2968,340.895,370.3267,370.3282,373.66,373.3877,372.9548,356.1677,332.8319,333.7299,332.0243,327.8625,327.1425,336.6631,347.238,337.4893,327.2673
Myanmar,Burning - Crop residues,Emissions (CO2eq) from CH4 (AR5),kilotonnes,0.672,0.6972,0.6916,0.714,0.7392,0.7896,,,,,,,,,,,,,,,
Myanmar,Burning - Crop residues,Emissions (CO2eq) from N2O (AR5),kilotonnes,70.3966,72.5567,72.3709,74.3471,77.3645,83.6455,90.8672,90.8676,91.6851,91.6183,91.512,87.393,81.6671,81.8874,81.4689,80.4477,80.2711,82.6072,85.2019,82.8099,80.3017
Myanmar,Burning - Crop residues,Emissions (CO2eq) from N2O (AR5),kilotonnes,0.159,0.159,0.159,0.1855,0.1855,0.1855,,,,,,,,,,,,,,,
Myanmar,Burning - Crop residues,Emissions (CO2eq) (AR5),kilotonnes,357.2958,368.2595,367.3164,377.3465,392.6613,424.5406,461.1939,461.1958,465.3451,465.006,464.4668,443.5607,414.499,415.6173,413.4932,408.3103,407.4136,419.2703,432.4399,420.2992,407.5691
Myanmar,Burning - Crop residues,Emissions (CO2eq) (AR5),kilotonnes,0.831,0.8562,0.8506,0.8995,0.9247,0.9751,,,,,,,,,,,,,,,
Myanmar,Enteric Fermentation,Emissions (CH4),kilotonnes,692.1884,709.0027,728.1131,740.2393,754.414,767.9094,785.2596,818.2209,841.9293,859.3272,889.8832,910.4709,960.208,991.5509,1027.9279,1076.7625,1119.2835,1189.8871,1210.083,1248.2678,1274.4965
Myanmar,Enteric Fermentation,Emissions (CH4),kilotonnes,404.43,469.29,484.11,495.49,506.49,519.23,,,,,,,,,,,,,,,
Myanmar,Enteric Fermentation,Emissions (CO2eq) from CH4 (AR5),kilotonnes,19381.2759,19852.0753,20387.1667,20726.6993,21123.5916,21501.4624,21987.2675,22910.1855,23574.0217,24061.1604,24916.7298,25493.1843,26885.824,27763.4239,28781.981,30149.3507,31339.938,33316.8377,33882.3236,34951.4987,35685.9024
Myanmar,Enteric Fermentation,Emissions (CO2eq) from CH4 (AR5),kilotonnes,11324.04,13140.12,13555.08,13873.72,14181.72,14538.44,,,,,,,,,,,,,,,
Myanmar,Enteric Fermentation,Emissions (CO2eq) (AR5),kilotonnes,19381.2759,19852.0753,20387.1667,20726.6993,21123.5916,21501.4624,21987.2675,22910.1855,23574.0217,24061.1604,24916.7298,25493.1843,26885.824,27763.4239,28781.981,30149.3507,31339.938,33316.8377,33882.3236,34951.4987,35685.9024
Myanmar,Enteric Fermentation,Emissions (CO2eq) (AR5),kilotonnes,11324.04,13140.12,13555.08,13873.72,14181.72,14538.44,,,,,,,,,,,,,,,
Myanmar,Manure Management,Emissions (CH4),kilotonnes,65.8229,68.5284,71.1772,73.6452,76.6029,79.9258,84.3151,103.7476,111.5582,119.2419,129.3279,122.42,147.2337,154.4251,164.7088,187.497,197.6351,214.2099,217.5471,227.7062,217.5005
Myanmar,Manure Management,Emissions (CH4),kilotonnes,52.07,,,,,,,,,,,,,,,,,,,,
Myanmar,Manure Management,Emissions (N2O),kilotonnes,8.951,9.2013,9.4652,9.6342,9.8531,10.0709,10.3501,10.4693,10.7633,10.9726,11.3823,12.108,12.3931,12.8703,13.4223,13.8849,14.415,15.6252,15.8838,16.2613,16.6158
Myanmar,Manure Management,Emissions (N2O),kilotonnes,0.2,0.21,0.22,0.23,0.24,0.25,,,,,,,,,,,,,,,
Myanmar,Manure Management,Emissions (CO2eq) from CH4 (AR5),kilotonnes,1843.041,1918.794,1992.9626,2062.0651,2144.8805,2237.9235,2360.8233,2904.9317,3123.6292,3338.7741,3621.1801,3427.7606,4122.5435,4323.9038,4611.845,5249.9151,5533.7836,5997.8778,6091.3188,6375.7724,6090.0149
Myanmar,Manure Management,Emissions (CO2eq) from CH4 (AR5),kilotonnes,1457.96,,,,,,,,,,,,,,,,,,,,
Myanmar,Manure Management,Emissions (CO2eq) from N2O (AR5),kilotonnes,2372.0245,2438.3517,2508.2816,2553.0593,2611.0836,2668.7773,2742.7693,2774.3612,2852.2813,2907.7447,3016.3172,3208.609,3284.1836,3410.6345,3556.8992,3679.5056,3819.9763,4140.6667,4209.2138,4309.2519,4403.1768
Myanmar,Manure Management,Emissions (CO2eq) from N2O (AR5),kilotonnes,53,55.65,58.3,60.95,63.6,66.25,,,,,,,,,,,,,,,
Myanmar,Manure Management,Emissions (CO2eq) (AR5),kilotonnes,4215.0655,4357.1457,4501.2443,4615.1243,4755.9641,4906.7007,5103.5927,5679.2929,5975.9105,6246.5188,6637.4973,6636.3695,7406.7271,7734.5383,8168.7442,8929.4208,9353.7599,10138.5445,10300.5325,10685.0242,10493.1917
Myanmar,Manure Management,Emissions (CO2eq) (AR5),kilotonnes,1510.96,55.65,58.3,60.95,63.6,66.25,,,,,,,,,,,,,,,
Myanmar,Manure left on Pasture,Direct emissions (N2O),kilotonnes,9.3236,9.6055,9.9168,10.0653,10.3135,10.5736,10.9047,11.168,11.5382,11.9257,12.3512,13.1174,13.6101,14.2142,15.004,15.8453,16.3948,17.769,18.3122,18.8188,19.2554
Myanmar,Manure left on Pasture,Indirect emissions (N2O),kilotonnes,2.0758,2.1383,2.2116,2.2477,2.3055,2.3684,2.4495,2.5206,2.611,2.7343,2.8241,3.0136,3.1496,3.3052,3.5088,3.7256,3.8947,4.2357,4.4121,4.5801,4.6509
Myanmar,Manure left on Pasture,Emissions (N2O),kilotonnes,11.3994,11.7439,12.1284,12.313,12.619,12.9421,13.3542,13.6886,14.1492,14.66,15.1753,16.131,16.7597,17.5194,18.5128,19.5709,20.2895,22.0047,22.7243,23.3989,23.9063
Myanmar,Manure left on Pasture,Emissions (CO2eq) from N2O (AR5),kilotonnes,3020.8314,3112.1261,3214.0231,3262.9489,3344.0364,3429.6462,3538.873,3627.4858,3749.5259,3884.887,4021.4448,4274.7024,4441.3229,4642.6489,4905.8979,5186.2911,5376.7159,5831.2466,6021.9288,6200.7117,6335.1752
Myanmar,Manure left on Pasture,Emissions (CO2eq) (AR5),kilotonnes,3020.8314,3112.1261,3214.0231,3262.9489,3344.0364,3429.6462,3538.873,3627.4858,3749.5259,3884.887,4021.4448,4274.7024,4441.3229,4642.6489,4905.8979,5186.2911,5376.7159,5831.2466,6021.9288,6200.7117,6335.1752
Myanmar,Manure applied to Soils,Direct emissions (N2O),kilotonnes,3.3184,3.4421,3.5666,3.6241,3.7369,3.8574,4.0103,4.3555,4.5693,4.7551,5.0309,5.1276,5.5931,5.8488,6.2237,6.8226,6.996,7.5708,7.7115,7.8808,7.9301
Myanmar,Manure applied to Soils,Indirect emissions (N2O),kilotonnes,1.4103,1.4629,1.5158,1.5403,1.5882,1.6394,1.7044,1.8511,1.942,2.0209,2.1381,2.1792,2.3771,2.4857,2.6451,2.8996,2.9733,3.2176,3.2774,3.3494,3.3703
Myanmar,Manure applied to Soils,Emissions (N2O),kilotonnes,4.7287,4.905,5.0824,5.1644,5.3251,5.4968,5.7147,6.2065,6.5113,6.7761,7.169,7.3069,7.9701,8.3345,8.8687,9.7223,9.9693,10.7884,10.9889,11.2302,11.3004
Myanmar,Manure applied to Soils,Emissions (CO2eq) from N2O (AR5),kilotonnes,1253.0956,1299.8226,1346.8376,1368.5621,1411.1577,1456.6396,1514.3986,1644.7282,1725.4924,1795.6545,1899.7761,1936.3271,2112.089,2208.6463,2350.2144,2576.4017,2641.8633,2858.9376,2912.0482,2976,2994.593
Myanmar,Manure applied to Soils,Emissions (CO2eq) (AR5),kilotonnes,1253.0956,1299.8226,1346.8376,1368.5621,1411.1577,1456.6396,1514.3986,1644.7282,1725.4924,1795.6545,1899.7761,1936.3271,2112.089,2208.6463,2350.2144,2576.4017,2641.8633,2858.9376,2912.0482,2976,2994.593
Myanmar,Synthetic Fertilizers,Direct emissions (N2O),kilotonnes,2.5929,1.1629,0.5074,1.0818,1.603,0.8453,1.0532,1.2649,0.978,0.9067,0.8061,1.8239,2.0586,2.9073,3.7091,1.8366,2.3518,4.027,4.2633,5.5525,5.9981
Myanmar,Synthetic Fertilizers,Indirect emissions (N2O),kilotonnes,0.8427,0.3779,0.1649,0.3516,0.521,0.2747,0.3423,0.4111,0.3178,0.2947,0.262,0.5928,0.669,0.9449,1.2054,0.5969,0.7643,1.3088,1.3856,1.8046,1.9494
Myanmar,Synthetic Fertilizers,Emissions (N2O),kilotonnes,3.4355,1.5408,0.6724,1.4333,2.124,1.1201,1.3955,1.676,1.2958,1.2014,1.0681,2.4166,2.7276,3.8522,4.9145,2.4335,3.1162,5.3358,5.6489,7.3571,7.9475
Myanmar,Synthetic Fertilizers,Emissions (CO2eq) from N2O (AR5),kilotonnes,910.417,408.3082,178.1769,379.8315,562.8694,296.818,369.7948,444.1455,343.3927,318.3756,283.0569,640.4094,722.8243,1020.8216,1302.3418,644.8751,825.7903,1413.9976,1496.9684,1949.6385,2106.0749
Myanmar,Synthetic Fertilizers,Emissions (CO2eq) (AR5),kilotonnes,910.417,408.3082,178.1769,379.8315,562.8694,296.818,369.7948,444.1455,343.3927,318.3756,283.0569,640.4094,722.8243,1020.8216,1302.3418,644.8751,825.7903,1413.9976,1496.9684,1949.6385,2106.0749
Myanmar,Drained organic soils,Emissions (CO2eq) (AR5),kilotonnes,14745.7496,14749.0206,14749.866,14744.2775,14738.3055,14749.0626,14751.1003,14753.5383,14749.9417,14756.1642,14754.4729,14749.8546,14748.1264,14741.1631,14725.2376,14716.3384,14675.9268,14660.1377,14646.7995,14659.7842,14652.7252
Myanmar,Drained organic soils (CO2),Emissions (CO2),kilotonnes,14145.2294,14148.4817,14149.3356,14144.1263,14138.5379,14148.9259,14150.926,14153.3169,14149.9787,14156.0241,14154.3383,14149.8924,14148.2131,14141.5053,14126.2332,14117.6875,14079.0221,14063.8993,14051.1318,14063.871,14057.1468
Myanmar,Drained organic soils (CO2),Emissions (CO2eq) (AR5),kilotonnes,14145.2294,14148.4817,14149.3356,14144.1263,14138.5379,14148.9259,14150.926,14153.3169,14149.9787,14156.0241,14154.3383,14149.8924,14148.2131,14141.5053,14126.2332,14117.6875,14079.0221,14063.8993,14051.1318,14063.871,14057.1468
Myanmar,Drained organic soils (N2O),Emissions (N2O),kilotonnes,2.2661,2.2662,2.2662,2.2647,2.2633,2.2647,2.2648,2.265,2.264,2.2647,2.2647,2.264,2.2638,2.2629,2.2604,2.2591,2.2525,2.25,2.2478,2.2487,2.2475
Myanmar,Drained organic soils (N2O),Emissions (CO2eq) from N2O (AR5),kilotonnes,600.5203,600.5389,600.5304,600.1512,599.7676,600.1367,600.1742,600.2214,599.963,600.1401,600.1346,599.9623,599.9133,599.6577,599.0044,598.6509,596.9047,596.2384,595.6677,595.9132,595.5783
Myanmar,Drained organic soils (N2O),Emissions (CO2eq) (AR5),kilotonnes,600.5203,600.5389,600.5304,600.1512,599.7676,600.1367,600.1742,600.2214,599.963,600.1401,600.1346,599.9623,599.9133,599.6577,599.0044,598.6509,596.9047,596.2384,595.6677,595.9132,595.5783
Myanmar,On-farm energy use,Emissions (CH4),kilotonnes,0.0715,0.0728,0.0379,0.0549,0.0363,0.0374,0.0365,0.0354,0.0336,0.0287,0.0484,0.0447,0.0386,0.0758,0.0911,0.0912,0.1452,0.2415,0.5032,0.5857,0.5857
Myanmar,On-farm energy use,Emissions (N2O),kilotonnes,0.1552,0.1463,0.1369,0.1279,0.1188,0.1098,0.0975,0.0889,0.0889,0.0643,0.2229,0.1689,0.0964,0.3266,0.3354,0.3355,0.558,0.3559,1.4926,1.7241,1.7241
Myanmar,On-farm energy use,Emissions (CO2),kilotonnes,433.7048,425.7135,374.8595,362.0521,334.8719,323.2812,295.9319,273.5481,272.3142,203.2257,611.9253,471.7493,287.958,899.9656,915.9694,917.4418,1506.37,1088.2389,4109.4477,4748.1434,4748.1434
Myanmar,On-farm energy use,Emissions (CO2eq) from CH4 (AR5),kilotonnes,2.0028,2.0383,1.062,1.5382,1.0157,1.0472,1.0229,0.9924,0.942,0.8047,1.3546,1.2521,1.0812,2.1229,2.5507,2.5523,4.0666,6.7622,14.0905,16.3984,16.3984
Myanmar,On-farm energy use,Emissions (CO2eq) from N2O (AR5),kilotonnes,41.1312,38.7636,36.2827,33.9036,31.4785,29.1007,25.8492,23.5681,23.5655,17.0392,59.0702,44.7491,25.5509,86.5462,88.8857,88.896,147.8785,94.3166,395.5505,456.8835,456.8835
Myanmar,On-farm energy use,Emissions (CO2eq) (AR5),kilotonnes,476.8389,466.5154,412.2042,397.4939,367.3661,353.4291,322.804,298.1086,296.8217,221.0696,672.35,517.7504,314.5901,988.6347,1007.4057,1008.8901,1658.3151,1189.3178,4519.0887,5221.4254,5221.4254
Myanmar,Forestland,Emissions (CO2),kilotonnes,-128.4116,10.6342,10.6342,10.6342,10.6342,10.6342,10.6342,10.6342,10.6342,10.6342,10.6342,984.4877,984.4877,984.4877,984.4877,984.4877,1552.1363,1552.1363,1552.1363,1552.1363,1552.1363
Myanmar,Forestland,Emissions (CO2eq) (AR5),kilotonnes,-128.4116,10.6342,10.6342,10.6342,10.6342,10.6342,10.6342,10.6342,10.6342,10.6342,10.6342,984.4877,984.4877,984.4877,984.4877,984.4877,1552.1363,1552.1363,1552.1363,1552.1363,1552.1363
Myanmar,Net Forest conversion,Emissions (CO2),kilotonnes,122219.8567,104007.1659,104007.1659,104007.1659,104007.1659,104007.1659,104007.1659,104007.1659,104007.1659,104007.1659,104007.1659,86304.4354,86304.4354,86304.4354,86304.4354,86304.4354,81540.3961,81540.3961,81540.3961,81540.3961,81540.3961
Myanmar,Net Forest conversion,Emissions (CO2eq) (AR5),kilotonnes,122219.8567,104007.1659,104007.1659,104007.1659,104007.1659,104007.1659,104007.1659,104007.1659,104007.1659,104007.1659,104007.1659,86304.4354,86304.4354,86304.4354,86304.4354,86304.4354,81540.3961,81540.3961,81540.3961,81540.3961,81540.3961
Myanmar,Savanna fires,Emissions (CH4),kilotonnes,9.3302,6.6053,6.1937,12.2457,22.6139,15.6419,14.0237,24.2906,13.316,23.2343,26.2974,12.8542,18.9077,14.2804,17.8068,17.2133,12.6982,14.3546,11.0242,12.8038,18.2951
Myanmar,Savanna fires,Emissions (N2O),kilotonnes,0.8519,0.6031,0.5655,1.1181,2.0647,1.4282,1.2804,2.2178,1.2158,2.1214,2.4011,1.1736,1.7264,1.3039,1.6258,1.5716,1.1594,1.3106,1.0066,1.169,1.6704
Myanmar,Savanna fires,Emissions (CO2eq) from CH4 (AR5),kilotonnes,261.245,184.9478,173.4235,342.8798,633.1897,437.9737,392.6637,680.136,372.8477,650.56,736.328,359.9183,529.4155,399.8523,498.591,481.9718,355.5495,401.9288,308.6765,358.5072,512.2634
Myanmar,Savanna fires,Emissions (CO2eq) from N2O (AR5),kilotonnes,225.7498,159.819,149.8606,296.2929,547.1585,378.4664,339.3127,587.7262,322.189,562.1687,636.2835,311.0164,457.484,345.5245,430.8477,416.4865,307.2411,347.3189,266.7367,309.797,442.6624
Myanmar,Savanna fires,Emissions (CO2eq) (AR5),kilotonnes,486.9948,344.7668,323.2841,639.1727,1180.3482,816.4401,731.9764,1267.8622,695.0367,1212.7287,1372.6115,670.9347,986.8995,745.3768,929.4387,898.4584,662.7906,749.2476,575.4132,668.3042,954.9258
Myanmar,Fires in organic soils,Emissions (CH4),kilotonnes,20.3863,24.0437,17.208,30.4517,55.3082,21.7809,44.2276,38.9023,18.9327,37.6717,55.0277,18.9534,23.5686,40.6518,36.3225,56.7743,43.1679,21.0453,50.002,29.6282,59.1224
Myanmar,Fires in organic soils,Emissions (CO2),kilotonnes,1669.1279,1947.5394,1393.8498,2467.6825,4481.317,1765.6864,3586.2358,3154.0414,1534.3082,3051.5732,4459.7751,1536.3234,1910.1547,3296.0887,2942.2926,4603.3614,3499.6431,1709.9075,4053.1156,2406.3021,4795.754
Myanmar,Fires in organic soils,Emissions (CO2eq) from CH4 (AR5),kilotonnes,570.8163,673.2235,481.8246,852.6466,1548.6302,609.8645,1238.3729,1089.2643,530.1155,1054.8064,1540.775,530.6953,659.9209,1138.2503,1017.0304,1589.68,1208.7023,589.2693,1400.0554,829.5896,1655.427
Myanmar,Fires in organic soils,Emissions (CO2eq) (AR5),kilotonnes,2239.9442,2620.7628,1875.6744,3320.3291,6029.9472,2375.5508,4824.6088,4243.3058,2064.4237,4106.3797,6000.5502,2067.0188,2570.0757,4434.339,3959.323,6193.0414,4708.3454,2299.1767,5453.171,3235.8918,6451.181
Myanmar,Forest fires,Emissions (CH4),kilotonnes,214.4746,107.3234,86.8479,227.8438,406.5763,220.8683,198.792,367.5284,160.9591,319.4599,345.9527,164.7259,258.2401,203.6147,264.668,282.1258,160.1692,180.3228,148.7599,178.8806,273.314
Myanmar,Forest fires,Emissions (N2O),kilotonnes,6.3081,9.7991,7.9296,20.8031,37.1222,20.1662,18.1506,33.5569,14.6963,29.1681,31.587,15.0402,23.5784,18.5909,24.1653,25.7593,14.6241,16.4643,13.5824,16.3326,24.9548
Myanmar,Forest fires,Emissions (CO2eq) from CH4 (AR5),kilotonnes,6005.2893,3005.0562,2431.7399,6379.6255,11384.136,6184.3123,5566.1763,10290.7956,4506.856,8944.8759,9686.6754,4612.3264,7230.7218,5701.2112,7410.7047,7899.5237,4484.7375,5049.037,4165.2767,5008.6567,7652.7908
Myanmar,Forest fires,Emissions (CO2eq) from N2O (AR5),kilotonnes,1671.6401,2596.7605,2101.3404,5512.8286,9837.3784,5344.0525,4809.9023,8892.5897,3894.5114,7729.5395,8370.5511,3985.6517,6248.2867,4926.5901,6403.8155,6826.2189,3875.3981,4363.0265,3599.3423,4328.1327,6613.0095
Myanmar,Forest fires,Emissions (CO2eq) (AR5),kilotonnes,7676.9295,5601.8168,4533.0803,11892.4541,21221.5145,11528.3649,10376.0786,19183.3852,8401.3674,16674.4154,18057.2265,8597.9781,13479.0085,10627.8013,13814.5201,14725.7426,8360.1356,9412.0636,7764.619,9336.7894,14265.8003
Myanmar,Fires in humid tropical forests,Emissions (CH4),kilotonnes,149.1895,71.966,64.4266,178.0569,297.8657,173.4425,143.7387,276.0066,132.3173,234.3811,263.4366,137.9048,190.3406,154.2479,211.2308,223.7274,129.1967,148.226,126.6648,141.5534,225.5124
Myanmar,Fires in humid tropical forests,Emissions (N2O),kilotonnes,4.3879,6.5708,5.8824,16.2574,27.1964,15.8361,13.124,25.2006,12.0811,21.4,24.0529,12.5913,17.3789,14.0835,19.2863,20.4273,11.7962,13.5337,11.565,12.9244,20.5903
Myanmar,Fires in humid tropical forests,Emissions (CO2eq) from CH4 (AR5),kilotonnes,4177.3051,2015.0481,1803.9441,4985.5943,8340.2386,4856.3897,4024.6829,7728.1846,3704.8854,6562.6718,7376.2258,3861.3334,5329.5365,4318.9413,5914.4611,6264.368,3617.5075,4150.3281,3546.6151,3963.4952,6314.3472
Myanmar,Fires in humid tropical forests,Emissions (CO2eq) from N2O (AR5),kilotonnes,1162.8001,1741.2644,1558.843,4308.2038,7207.054,4196.5541,3477.851,6678.1595,3201.5042,5671.0044,6374.0212,3336.6957,4605.4147,3732.1287,5110.8659,5413.231,3125.9983,3586.4249,3064.7381,3424.9768,5456.4196
Myanmar,Fires in humid tropical forests,Emissions (CO2eq) (AR5),kilotonnes,5340.1052,3756.3124,3362.787,9293.7981,15547.2926,9052.9438,7502.5338,14406.3441,6906.3896,12233.6762,13750.2471,7198.029,9934.9511,8051.07,11025.327,11677.599,6743.5059,7736.753,6611.3532,7388.472,11770.7669
Myanmar,Waste - agri-food systems,Emissions (CH4),kilotonnes,228.0015,229.2402,230.3081,232.0418,233.9814,236.1137,237.9481,240.0517,242.7506,245.7201,248.6161,251.6681,254.0914,256.2184,254.9061,256.3085,257.1891,257.992,259.3754,259.7573,260.4322
Myanmar,Waste - agri-food systems,Emissions (N2O),kilotonnes,0.7899,0.8227,0.8603,0.9159,0.9789,1.0234,1.1048,1.1546,1.2281,1.3019,1.3917,1.4365,1.4647,1.4739,1.5545,1.6195,1.6545,1.6855,1.7007,1.7085,1.7171
Myanmar,Waste - agri-food systems,Emissions (CO2),kilotonnes,128.7302,128.1826,128.0816,129.4359,130.5241,131.2063,131.8524,133.4057,135.6189,137.0217,138.439,140.4794,140.9043,141.1198,141.367,141.3473,141.0934,141.2015,141.7053,141.8353,142.6245
Myanmar,Waste - agri-food systems,Emissions (CO2eq) from CH4 (AR5),kilotonnes,6384.0425,6418.7245,6448.6281,6497.1698,6551.4797,6611.1849,6662.5468,6721.4464,6797.0181,6880.1629,6961.2516,7046.7077,7114.5585,7174.1163,7137.3701,7176.6369,7201.2943,7223.7751,7262.512,7273.2048,7292.1026
Myanmar,Waste - agri-food systems,Emissions (CO2eq) from N2O (AR5),kilotonnes,209.3246,218.0163,227.987,242.7092,259.4193,271.1961,292.7633,305.9817,325.4361,344.996,368.8098,380.6731,388.1371,390.5762,411.9546,429.1775,438.4489,446.6571,450.6798,452.7435,455.0287
Myanmar,Waste - agri-food systems,Emissions (CO2eq) (AR5),kilotonnes,6722.0973,6764.9234,6804.6967,6869.3148,6941.4231,7013.5873,7087.1625,7160.8338,7258.0731,7362.1806,7468.5004,7567.8603,7643.5998,7705.8123,7690.6918,7747.1617,7780.8366,7811.6337,7854.8971,7867.7836,7889.7558
Myanmar,Fertilizers Manufacturing,Emissions (N2O),kilotonnes,0.6174,0.6208,0.6268,0.6362,0.6164,0.6133,0.6343,0.6104,0.6143,0.6409,0.6127,0.6312,0.6214,0.6037,0.6015,0.572,0.5848,0.5927,0.5815,0.5686,0.5913
Myanmar,Fertilizers Manufacturing,Emissions (CO2),kilotonnes,43.5677,46.6774,7.7908,135.5223,9.9366,3.1683,82.3171,75.7554,73.5353,50.4427,24.3916,118.0461,146.2128,114.0262,115.4341,93.3227,51.9516,33.4567,89.5208,80.4128,79.8013
Myanmar,Fertilizers Manufacturing,Emissions (CO2eq) from N2O (AR5),kilotonnes,163.611,164.512,166.102,168.593,163.346,162.5245,168.0895,161.756,162.7895,169.8385,162.3655,167.268,164.671,159.9805,159.3975,151.58,154.972,157.0655,154.0975,150.679,156.7062
Myanmar,Fertilizers Manufacturing,Emissions (CO2eq) (AR5),kilotonnes,207.1787,211.1894,173.8928,304.1153,173.2826,165.6928,250.4066,237.5114,236.3248,220.2812,186.7571,285.3141,310.8838,274.0067,274.8316,244.9027,206.9236,190.5222,243.6183,231.0918,236.5075
Myanmar,On-farm electricity use,Emissions (CH4),kilotonnes,0,0,0,0,0,0,0,0,0,0,0,0,0,0,0,0,0,0,0,0,0
Myanmar,On-farm electricity use,Emissions (N2O),kilotonnes,0,0,0,0,0,0,0,0,0,0,0,0,0,0,0,0,0,0,0,0,0
Myanmar,On-farm electricity use,Emissions (CO2),kilotonnes,0,0,0,0,0,0,0,0,0,0,0,0,0,0,0,0,0,0,0,0,0
Myanmar,On-farm electricity use,Emissions (CO2eq) from CH4 (AR5),kilotonnes,0,0,0,0,0,0,0,0,0,0,0,0,0,0,0,0,0,0,0,0,0
Myanmar,On-farm electricity use,Emissions (CO2eq) from N2O (AR5),kilotonnes,0,0,0,0,0,0,0,0,0,0,0,0,0,0,0,0,0,0,0,0,0
Myanmar,On-farm electricity use,Emissions (CO2eq) (AR5),kilotonnes,0,0,0,0,0,0,0,0,0,0,0,0,0,0,0,0,0,0,0,0,0
Myanmar,Food Processing,Emissions (CH4),kilotonnes,0,0,0,0,0,0,0,0,0,0,0,0,0.0134,0.0134,0.0134,0.0134,0.0139,0.0138,0.0114,0.0114,0.0116
Myanmar,Food Processing,Emissions (N2O),kilotonnes,0,0,0,0,0,0,0,0,0,0,0,0,0.0027,0.0027,0.0027,0.0027,0.0027,0.0027,0.0022,0.0022,0.0023
Myanmar,Food Processing,Emissions (CO2),kilotonnes,0,0,0,0,0,0,0,0,0,0,0,0,331.3752,331.3752,331.3752,331.3752,356.6202,353.7591,294.6219,294.6219,292.3814
Myanmar,Food Processing,Emissions (CO2eq) from CH4 (AR5),kilotonnes,0,0,0,0,0,0,0,0,0,0,0,0,0.3752,0.3752,0.3752,0.3752,0.3892,0.3864,0.3192,0.3192,0.3253
Myanmar,Food Processing,Emissions (CO2eq) from N2O (AR5),kilotonnes,0,0,0,0,0,0,0,0,0,0,0,0,0.7155,0.7155,0.7155,0.7155,0.7155,0.7155,0.583,0.583,0.6063
Myanmar,Food Processing,Emissions (CO2eq) (AR5),kilotonnes,0,0,0,0,0,0,0,0,0,0,0,0,332.4659,332.4659,332.4659,332.4659,357.7249,354.861,295.5241,295.5241,293.3131
Myanmar,Food Packaging,Emissions (CH4),kilotonnes,0,0,0,0,0,0,0,0,0,0,0,0.0005,0.001,0.0005,0.0018,0.0009,0.0015,0.0025,0.0025,0.0013,0.0013
Myanmar,Food Packaging,Emissions (N2O),kilotonnes,0,0,0,0,0,0,0,0,0,0,0,0.0001,0.0002,0.0001,0.0003,0.0001,0.0002,0.0003,0.0003,0.0002,0.0002
Myanmar,Food Packaging,Emissions (CO2),kilotonnes,0.6743,0.6085,0.6306,0.6589,0.7833,0.7449,0.8025,0.8025,0.6546,0.6758,0.8169,5.3381,10.4442,4.8197,17.7894,9.7166,26.9759,65.5122,67.8454,25.8711,25.6744
Myanmar,Food Packaging,Emissions (CO2eq) from CH4 (AR5),kilotonnes,0,0,0,0,0,0,0,0,0,0,0,0.014,0.028,0.014,0.0504,0.0252,0.042,0.07,0.07,0.0364,0.0371
Myanmar,Food Packaging,Emissions (CO2eq) from N2O (AR5),kilotonnes,0,0,0,0,0,0,0,0,0,0,0,0.0265,0.053,0.0265,0.0795,0.0265,0.053,0.0795,0.0795,0.053,0.0551
Myanmar,Food Packaging,Emissions (CO2eq) (AR5),kilotonnes,0.6743,0.6085,0.6306,0.6589,0.7833,0.7449,0.8025,0.8025,0.6546,0.6758,0.8169,5.3786,10.5252,4.8602,17.9193,9.7683,27.0709,65.6617,67.9949,25.9605,25.7666
Myanmar,Food Retail,Emissions (CH4),kilotonnes,0.1114,0.1155,0.1212,0.1381,0.1489,0.1597,0.1643,0.172,0.1658,0.1607,0.1638,0,0,0,0,0.2108,0.1984,0.2452,0.5113,0.2793,0.2847
Myanmar,Food Retail,Emissions (N2O),kilotonnes,0.0004,0.0004,0.0004,0.0004,0.0004,0.0005,0.0005,0.0005,0.0005,0.0005,0.0005,0,0,0,0,0.0011,0.0011,0.0013,0.004,0.0018,0.0019
Myanmar,Food Retail,Emissions (CO2),kilotonnes,56.9564,49.1178,51.5991,56.1105,71.0545,65.4153,72.7463,72.1824,54.4751,56.9564,73.3102,0.3582,0.2781,0.2993,0.3723,106.1719,99.935,123.6123,412.6713,180.1214,178.7517
Myanmar,Food Retail,Emissions (CO2eq) from CH4 (AR5),kilotonnes,3.1198,3.2348,3.393,3.8674,4.1693,4.4712,4.6006,4.8163,4.6437,4.5,4.5862,0,0,0,0,5.9024,5.5552,6.8656,14.3164,7.8204,7.9708
Myanmar,Food Retail,Emissions (CO2eq) from N2O (AR5),kilotonnes,0.1085,0.1109,0.1115,0.117,0.1183,0.1201,0.1219,0.1232,0.1262,0.1274,0.1256,0,0,0,0,0.2915,0.2915,0.3445,1.06,0.477,0.4961
Myanmar,Food Retail,Emissions (CO2eq) (AR5),kilotonnes,60.1846,52.4636,55.1036,60.0949,75.3421,70.0066,77.4688,77.1218,59.2451,61.5838,78.0221,0.3582,0.2781,0.2993,0.3723,112.3658,105.7817,130.8224,428.0477,188.4188,187.2185
Myanmar,Food Household Consumption,Emissions (CH4),kilotonnes,0.3715,0.3584,0.4074,0.4591,0.4732,0.5147,0.4599,0.4691,0.5109,0.5708,0.7472,0.9479,1.0237,1.0537,1.1501,0.9993,0.9672,1.2597,2.1549,2.1549,2.1963
Myanmar,Food Household Consumption,Emissions (N2O),kilotonnes,0.0026,0.0027,0.0029,0.0032,0.0033,0.0036,0.0032,0.0033,0.0036,0.0039,0.0049,0.006,0.0064,0.0065,0.007,0.0062,0.006,0.0076,0.0118,0.0118,0.0123
Myanmar,Food Household Consumption,Emissions (CO2),kilotonnes,288.9049,288.7513,296.1355,330.1702,342.5806,364.1543,329.6472,334.8313,353.9973,372.0881,492.9799,568.8797,601.2398,625.9033,674.4561,598.5061,582.2854,729.5405,1094.3499,1094.3499,1086.0278
Myanmar,Food Household Consumption,Emissions (CO2eq) from CH4 (AR5),kilotonnes,10.402,10.0352,11.4072,12.8548,13.2496,14.4116,12.8772,13.1348,14.3052,15.9824,20.9216,26.5412,28.6636,29.5036,32.2028,27.9804,27.0816,35.2716,60.3372,60.3372,61.4975
Myanmar,Food Household Consumption,Emissions (CO2eq) from N2O (AR5),kilotonnes,0.689,0.7155,0.7685,0.848,0.8745,0.954,0.848,0.8745,0.954,1.0335,1.2985,1.59,1.696,1.7225,1.855,1.643,1.59,2.014,3.127,3.127,3.2521
Myanmar,Food Household Consumption,Emissions (CO2eq) (AR5),kilotonnes,299.9959,299.502,308.3112,343.873,356.7047,379.5199,343.3724,348.8406,369.2565,389.104,515.2,597.0109,631.5994,657.1294,708.5139,628.1295,610.957,766.8261,1157.8141,1157.8141,1150.7775
Myanmar,Food Transport,Emissions (CH4),kilotonnes,0.0718,0.0622,0.0668,0.0643,0.0657,0.0747,0.0805,0.0923,0.0973,0.1016,0.1304,0.1315,0.1468,0.1572,0.1674,0.1771,0.1771,0.2219,0.2276,0.1908,0.1945
Myanmar,Food Transport,Emissions (N2O),kilotonnes,0.0062,0.005,0.006,0.0063,0.0068,0.0075,0.0068,0.0079,0.0158,0.0175,0.0192,0.0198,0.033,0.0432,0.0521,0.0579,0.0551,0.0768,0.0782,0.0535,0.0556
Myanmar,Food Transport,Emissions (CO2),kilotonnes,370.095,293.387,364.529,406.626,450.355,502.8165,419.983,470.868,216.985,237.365,238.155,243.71,321.455,378.245,430.105,472.585,474.15,654.785,668.165,520.2683,516.3119
Myanmar,Food Transport,Emissions (CO2eq) from CH4 (AR5),kilotonnes,2.0104,1.7416,1.8704,1.8004,1.8396,2.0916,2.254,2.5844,2.7244,2.8448,3.6512,3.682,4.1104,4.4016,4.6872,4.9588,4.9588,6.2132,6.3728,5.3424,5.4451
Myanmar,Food Transport,Emissions (CO2eq) from N2O (AR5),kilotonnes,1.643,1.325,1.59,1.6695,1.802,1.9875,1.802,2.0935,4.187,4.6375,5.088,5.247,8.745,11.448,13.8065,15.3435,14.6015,20.352,20.723,14.1775,14.7446
Myanmar,Food Transport,Emissions (CO2eq) (AR5),kilotonnes,373.7484,296.4536,367.9894,410.0959,453.9966,506.8956,424.039,475.5459,223.8964,244.8473,246.8942,252.639,334.3104,394.0946,448.5987,492.8873,493.7103,681.3502,695.2608,539.7882,536.5016
Myanmar,Energy,Emissions (CH4),kilotonnes,217,225,236,269,290,311,320,335,323,313,319,325,324,328,364,393,410,412,429,416,424
Myanmar,Energy,Emissions (N2O),kilotonnes,1.77,1.81,1.82,1.91,1.93,1.96,1.99,2.01,2.06,2.08,2.05,2.12,2.17,2.29,2.41,2.49,3.31,3.96,4.01,3.5,3.64
Myanmar,Energy,Emissions (CO2),kilotonnes,10100,8710,9150,9950,12600,11600,12900,12800,9660,10100,13000,15200,11800,12700,15800,21900,24400,22800,24100,26300,26100
Myanmar,Energy,Emissions (CO2eq) from CH4 (AR5),kilotonnes,6076,6300,6608,7532,8120,8708,8960,9380,9044,8764,8932,9100,9072,9184,10192,11004,11480,11536,12012,11648,11872
Myanmar,Energy,Emissions (CO2eq) from N2O (AR5),kilotonnes,469.05,479.65,482.3,506.15,511.45,519.4,527.35,532.65,545.9,551.2,543.25,561.8,575.05,606.85,638.65,659.85,877.15,1049.4,1062.65,927.5,964.6
Myanmar,Energy,Emissions (CO2eq) (AR5),kilotonnes,16645.05,15489.65,16240.3,17988.15,21231.45,20827.4,22387.35,22712.65,19249.9,19415.2,22475.25,24861.8,21447.05,22490.85,26630.65,33563.85,36757.15,35385.4,37174.65,38875.5,38936.6
Myanmar,IPPU,Emissions (CH4),kilotonnes,0.293,0.196,0.0978,0.0997,0.106,0.115,0.129,0.146,0.167,0.191,0.219,0.288,0.288,0.288,0.288,0.288,0.288,0.288,0.288,0.348,0.364
Myanmar,IPPU,Emissions (N2O),kilotonnes,0.0004,0.0004,0.0004,0.0004,0.0004,0.0004,0.0004,0.0004,0.0004,0.0004,0.0004,0.0004,0.0004,0.0004,0.0004,0.0004,0.0004,0.0004,0.0004,0.0004,0.0004
Myanmar,IPPU,Emissions (CO2),kilotonnes,409,372,379,387,368,435,431,438,462,450,464,468,629,712,787,664,1360,2420,2820,3300,3320
Myanmar,IPPU,Emissions (CO2eq) from F-gases (AR5),kilotonnes,233.2211,177.8311,191.4357,233.2211,316.792,219.6165,264.3172,275.9783,288.6111,300.2722,311.9332,323.5943,336.2271,347.8881,359.5492,371.2103,382.8713,395.5041,407.1652,418.8262,430.4873
Myanmar,IPPU,Emissions (CO2eq) from CH4 (AR5),kilotonnes,8.204,5.488,2.7384,2.7916,2.968,3.22,3.612,4.088,4.676,5.348,6.132,8.064,8.064,8.064,8.064,8.064,8.064,8.064,8.064,9.744,10.192
Myanmar,IPPU,Emissions (CO2eq) from N2O (AR5),kilotonnes,0.0978,0.0988,0.0999,0.101,0.102,0.1028,0.1036,0.1041,0.1049,0.1055,0.1063,0.1071,0.1081,0.1092,0.11,0.111,0.1121,0.1132,0.1142,0.1145,0.1153
Myanmar,IPPU,Emissions (CO2eq) (AR5),kilotonnes,650.5229,555.4179,573.274,623.1137,687.862,657.9394,699.0329,718.1704,755.3921,755.7256,782.1715,799.7653,973.3992,1068.0613,1154.7232,1043.3853,1751.0474,2823.6813,3235.3434,3728.6847,3760.7946
Myanmar,Waste,Emissions (CH4),kilotonnes,270,274,278,282,286,291,295,298,302,306,311,315,319,324,329,334,338,343,348,351,355
Myanmar,Waste,Emissions (N2O),kilotonnes,1.51,1.53,1.55,1.63,1.72,1.82,1.93,2.03,2.16,2.28,2.43,2.55,2.65,2.69,2.77,2.89,3.02,3.12,3.15,3.32,3.43
Myanmar,Waste,Emissions (CO2),kilotonnes,32.6,33.2,33.8,34.4,34.9,35.5,36,36.5,36.9,37.4,37.9,38.5,39.1,39.7,40.3,41,41.7,42.4,43.2,43.4,43.9
Myanmar,Waste,Emissions (CO2eq) from CH4 (AR5),kilotonnes,7560,7672,7784,7896,8008,8148,8260,8344,8456,8568,8708,8820,8932,9072,9212,9352,9464,9604,9744,9828,9940
Myanmar,Waste,Emissions (CO2eq) from N2O (AR5),kilotonnes,400.15,405.45,410.75,431.95,455.8,482.3,511.45,537.95,572.4,604.2,643.95,675.75,702.25,712.85,734.05,765.85,800.3,826.8,834.75,879.8,908.95
Myanmar,Waste,Emissions (CO2eq) (AR5),kilotonnes,7992.75,8110.65,8228.55,8362.35,8498.7,8665.8,8807.45,8918.45,9065.3,9209.6,9389.85,9534.25,9673.35,9824.55,9986.35,10158.85,10306,10473.2,10621.95,10751.2,10892.85
Myanmar,Other,Emissions (N2O),kilotonnes,0.981,0.965,1,1.08,1.07,1.08,1.06,1.08,0.998,0.993,1.02,1.02,1.09,1.13,1.19,1.23,1.23,1.38,1.4,1.32,1.34
Myanmar,Other,Emissions (CO2eq) from N2O (AR5),kilotonnes,259.965,255.725,265,286.2,283.55,286.2,280.9,286.2,264.47,263.145,270.3,270.3,288.85,299.45,315.35,325.95,325.95,365.7,371,349.8,355.1
Myanmar,Other,Emissions (CO2eq) (AR5),kilotonnes,259.965,255.725,265,286.2,283.55,286.2,280.9,286.2,264.47,263.145,270.3,270.3,288.85,299.45,315.35,325.95,325.95,365.7,371,349.8,355.1
Myanmar,Farm-gate emissions,Emissions (CH4),kilotonnes,1763.9347,1798.2319,1813.9841,1858.5579,1930.3051,2031.2521,2160.4687,2213.2484,2244.2967,2276.242,2312.6046,2242.6991,2232.0252,2260.3649,2297.4599,2352.6829,2393.7334,2517.7463,2570.4088,2584.517,2564.1844
Myanmar,Farm-gate emissions,Direct emissions (N2O),kilotonnes,20.21,19.33,19.1327,20.1688,21.3558,21.5788,22.9262,23.8411,24.3642,24.9045,25.5077,26.8437,27.6149,29.4054,31.2848,30.8231,31.9747,35.7181,36.7829,38.5754,39.3016
Myanmar,Farm-gate emissions,Indirect emissions (N2O),kilotonnes,5.4481,5.131,5.0492,5.354,5.6977,5.7006,6.0617,6.3696,6.5085,6.6962,6.8711,7.3099,7.6251,8.1837,8.7876,8.6438,9.0346,10.1912,10.5366,11.1568,11.3471
Myanmar,Farm-gate emissions,Emissions (N2O),kilotonnes,38.148,36.9517,36.8888,38.9483,41.6454,41.4686,43.3236,45.5946,45.5507,47.3694,48.995,50.1978,52.0279,54.6618,58.0238,57.8216,59.6971,65.7627,68.2718,71.4479,73.2095
Myanmar,Farm-gate emissions,Emissions (CO2),kilotonnes,14578.9342,14574.1952,14524.1951,14506.1784,14473.4099,14472.2071,14446.8579,14426.865,14422.2929,14359.2497,14766.2636,14621.6416,14436.1711,15041.471,15042.2025,15035.1293,15585.3921,15152.1383,18160.5796,18812.0144,18805.2903
Myanmar,Farm-gate emissions,Emissions (CO2eq) from CH4 (AR5),kilotonnes,49390.1713,50350.4937,50791.5552,52039.6206,54048.5427,56875.0598,60493.1222,61970.956,62840.3074,63734.7747,64752.9295,62795.5755,62496.7046,63290.2171,64328.8766,65875.1204,67024.535,70496.896,71971.4477,72366.4752,71797.163
Myanmar,Farm-gate emissions,Emissions (CO2eq) from N2O (AR5),kilotonnes,10109.2281,9792.1909,9775.5191,10321.2877,11036.0198,10989.1676,11480.7655,12082.5757,12070.9318,12552.8977,12983.6814,13302.4292,13787.3949,14485.3689,15376.295,15322.7151,15819.7441,17427.1059,18092.0201,18933.6808,19400.5177
Myanmar,Farm-gate emissions,Emissions (CO2eq) (AR5),kilotonnes,74078.3336,74716.8798,75091.2694,76867.0867,79557.9723,82336.4346,86420.7457,88480.3967,89333.532,90646.9221,92502.8744,90719.6464,90720.2706,92817.0569,94747.3741,96232.9648,98429.6712,103076.1402,108224.0473,110112.1704,110002.9709
Myanmar,Land Use change,Emissions (CH4),kilotonnes,169.5758,96.0097,81.6346,208.5086,353.1739,195.2234,187.9663,314.9089,151.25,272.0528,318.4643,156.8582,213.9092,194.8997,247.5533,280.5017,172.3646,169.2713,176.6668,171.1816,284.6348
Myanmar,Land Use change,Emissions (N2O),kilotonnes,4.3879,6.5708,5.8824,16.2574,27.1964,15.8361,13.124,25.2006,12.0811,21.4,24.0529,12.5913,17.3789,14.0835,19.2863,20.4273,11.7962,13.5337,11.565,12.9244,20.5903
Myanmar,Land Use change,Emissions (CO2),kilotonnes,123888.9846,105954.7052,105401.0157,106474.8483,108488.4829,105772.8522,107593.4017,107161.2073,105541.4741,107058.7391,108466.941,87840.7588,88214.5901,89600.5241,89246.728,90907.7968,85040.0392,83250.3035,85593.5117,83946.6982,86336.1501
Myanmar,Land Use change,Emissions (CO2eq) from CH4 (AR5),kilotonnes,4748.1214,2688.2715,2285.7687,5838.2409,9888.8688,5466.2541,5263.0558,8817.4489,4235.0009,7617.4782,8917.0009,4392.0287,5989.4574,5457.1916,6931.4915,7854.0479,4826.2098,4739.5974,4946.6705,4793.0848,7969.7742
Myanmar,Land Use change,Emissions (CO2eq) from N2O (AR5),kilotonnes,1162.8001,1741.2644,1558.843,4308.2038,7207.054,4196.5541,3477.851,6678.1595,3201.5042,5671.0044,6374.0212,3336.6957,4605.4147,3732.1287,5110.8659,5413.231,3125.9983,3586.4249,3064.7381,3424.9768,5456.4196
Myanmar,Land Use change,Emissions (CO2eq) (AR5),kilotonnes,129799.9061,110384.2411,109245.6273,116621.2931,125584.4056,115435.6604,116334.3085,122656.8158,112977.9792,120347.2217,123757.9631,95569.4832,98809.4622,98789.8443,101289.0854,104175.0757,92992.2474,91576.3258,93604.9203,92164.7598,99762.3439
Myanmar,Emissions on agricultural land,Emissions (CH4),kilotonnes,1933.5105,1894.2416,1895.6187,2067.0665,2283.479,2226.4755,2348.4349,2528.1573,2395.5467,2548.2947,2631.0689,2399.5573,2445.9344,2455.2646,2545.0131,2633.1846,2566.098,2687.0176,2747.0756,2755.6986,2848.8192
Myanmar,Emissions on agricultural land,Emissions (N2O),kilotonnes,42.536,43.5225,42.7712,55.2056,68.8418,57.3046,56.4476,70.7952,57.6318,68.7694,73.0479,62.7892,69.4068,68.7453,77.31,78.2489,71.4934,79.2963,79.8368,84.3723,93.7998
Myanmar,Emissions on agricultural land,Emissions (CO2),kilotonnes,138467.9187,120528.9005,119925.2108,120981.0268,122961.8927,120245.0593,122040.2596,121588.0723,119963.767,121417.9888,123233.2046,102462.4004,102650.7612,104641.995,104288.9305,105942.9261,100625.4313,98402.4418,103754.0913,102758.7127,105141.4404
Myanmar,Emissions on agricultural land,Emissions (CO2eq) from CH4 (AR5),kilotonnes,54138.2927,53038.7653,53077.3239,57877.8615,63937.4115,62341.3139,65756.178,70788.405,67075.3082,71352.2529,73669.9304,67187.6042,68486.162,68747.4087,71260.3681,73729.1683,71850.7448,75236.4934,76918.1182,77159.56,79766.9372
Myanmar,Emissions on agricultural land,Emissions (CO2eq) from N2O (AR5),kilotonnes,11272.0283,11533.4552,11334.3621,14629.4915,18243.0737,15185.7217,14958.6165,18760.7352,15272.436,18223.9021,19357.7026,16639.1249,18392.8096,18217.4975,20487.1608,20735.9461,18945.7425,21013.5308,21156.7581,22358.6576,24856.9373
Myanmar,Emissions on agricultural land,Emissions (CO2eq) (AR5),kilotonnes,203878.2397,185101.121,184336.8967,193488.3798,205142.378,197772.095,202755.0541,211137.2125,202311.5112,210994.1438,216260.8376,186289.1295,189529.7327,191606.9013,196036.4594,200408.0405,191421.9186,194652.466,201828.9676,202276.9303,209765.3148
Myanmar,Pre- and post- production,Emissions (CH4),kilotonnes,228.5562,229.7763,230.9035,232.7033,234.6692,236.8628,238.6528,240.7851,243.5247,246.5532,249.6575,252.748,255.2763,257.4432,256.2388,257.71,258.5472,259.7351,262.2831,262.395,263.1207
Myanmar,Pre- and post- production,Emissions (N2O),kilotonnes,1.4165,1.4516,1.4964,1.562,1.6059,1.6482,1.7495,1.7767,1.8622,1.9647,2.029,2.0936,2.1284,2.1301,2.2181,2.2595,2.3044,2.3669,2.3787,2.3466,2.3807
Myanmar,Pre- and post- production,Emissions (CO2),kilotonnes,888.9285,806.7247,848.7666,1058.5238,1005.2341,1067.5056,1037.3485,1087.8453,835.2662,854.5497,968.0926,1076.8115,1551.9094,1595.7885,1710.8992,1753.0248,1733.0115,2101.8673,2768.8796,2337.4807,2321.573
Myanmar,Pre- and post- production,Emissions (CO2eq) from CH4 (AR5),kilotonnes,6399.5747,6433.7361,6465.2987,6515.6924,6570.7383,6632.1593,6682.2786,6741.9819,6818.6915,6903.4901,6990.4106,7076.9449,7147.7357,7208.4107,7174.6857,7215.8789,7239.3211,7272.5819,7343.9276,7347.0604,7367.3785
Myanmar,Pre- and post- production,Emissions (CO2eq) from N2O (AR5),kilotonnes,375.376,384.6797,396.559,413.9367,425.5601,436.7822,463.6247,470.8289,493.4928,520.6329,537.6874,554.8046,564.0176,564.4692,587.8086,598.7775,610.6724,627.2281,630.3498,621.84,630.889
Myanmar,Pre- and post- production,Emissions (CO2eq) (AR5),kilotonnes,7663.8793,7625.1405,7710.6243,7988.1528,8001.5324,8136.447,8183.2518,8300.656,8147.4505,8278.6727,8496.1906,8708.5611,9263.6626,9368.6684,9473.3935,9567.6812,9583.005,10001.6773,10743.157,10306.3811,10319.8405
Myanmar,Agri-food systems,Emissions (CH4),kilotonnes,2162.0667,2124.0179,2126.5222,2299.7698,2518.1482,2463.3383,2587.0877,2768.9424,2639.0714,2794.848,2880.7265,2652.3053,2701.2106,2712.7078,2801.2519,2890.8945,2824.6452,2946.7527,3009.3588,3018.0936,3111.9398
Myanmar,Agri-food systems,Emissions (N2O),kilotonnes,43.9525,44.9741,44.2676,56.7677,70.4477,58.9528,58.1971,72.5719,59.4941,70.7341,75.0769,64.8828,71.5352,70.8753,79.5282,80.5084,73.7978,81.6632,82.2155,86.7189,96.1805
Myanmar,Agri-food systems,Emissions (CO2),kilotonnes,139356.8473,121335.6252,120773.9774,122039.5505,123967.1268,121312.5649,123077.6081,122675.9176,120799.0332,122272.5386,124201.2972,103539.212,104202.6706,106237.7835,105999.8297,107695.9509,102358.4428,100504.3091,106522.9709,105096.1934,107463.0134
Myanmar,Agri-food systems,Emissions (CO2eq) from CH4 (AR5),kilotonnes,60537.8674,59472.5014,59542.6225,64393.5539,70508.1497,68973.4732,72438.4567,77530.3869,73893.9997,78255.743,80660.341,74264.5491,75633.8977,75955.8194,78435.0538,80945.0471,79090.0659,82509.0753,84262.0457,84506.6204,87134.3157
Myanmar,Agri-food systems,Emissions (CO2eq) from N2O (AR5),kilotonnes,11647.4043,11918.1349,11730.9211,15043.4282,18668.6338,15622.5039,15422.2412,19231.5641,15765.9288,18744.535,19895.39,17193.9295,18956.8271,18781.9668,21074.9694,21334.7236,19556.4149,21640.7589,21787.1079,22980.4976,25487.8263
Myanmar,Agri-food systems,Emissions (CO2eq) (AR5),kilotonnes,211542.119,192726.2615,192047.521,201476.5326,213143.9103,205908.542,210938.306,219437.8685,210458.9617,219272.8165,224757.0282,194997.6906,198793.3954,200975.5697,205509.8529,209975.7216,201004.9236,204654.1433,212572.1246,212583.3113,220085.1554
Myanmar,IPCC Agriculture,Emissions (CH4),kilotonnes,1763.8632,1798.1591,1813.9462,1858.5029,1930.2688,2031.2147,2160.4321,2213.213,2244.263,2276.2132,2312.5562,2242.6544,2231.9865,2260.2891,2297.3688,2352.5917,2393.5882,2517.5048,2569.9056,2583.9313,2563.5987
Myanmar,IPCC Agriculture,Emissions (CH4),kilotonnes,963.754,983.3749,995.4547,1019.2055,1046.6064,1109.0682,,,,,,,,,,,,,,,
Myanmar,IPCC Agriculture,Direct emissions (N2O),kilotonnes,20.21,19.33,19.1327,20.1688,21.3558,21.5788,22.9262,23.8411,24.3642,24.9045,25.5077,26.8437,27.6149,29.4054,31.2848,30.8231,31.9747,35.7181,36.7829,38.5754,39.3016
Myanmar,IPCC Agriculture,Indirect emissions (N2O),kilotonnes,5.4481,5.131,5.0492,5.354,5.6977,5.7006,6.0617,6.3696,6.5085,6.6962,6.8711,7.3099,7.6251,8.1837,8.7876,8.6438,9.0346,10.1912,10.5366,11.1568,11.3471
Myanmar,IPCC Agriculture,Emissions (N2O),kilotonnes,37.9928,36.8054,36.7518,38.8203,41.5266,41.3587,43.2261,45.5057,45.4618,47.3051,48.7721,50.029,51.9315,54.3352,57.6883,57.4861,59.1391,65.4068,66.7791,69.7238,71.4854
Myanmar,IPCC Agriculture,Emissions (N2O),kilotonnes,8.4006,8.7406,8.8906,9.2807,9.7307,10.4407,,,,,,,,,,,,,,,
Myanmar,IPCC Agriculture,Emissions (CO2eq) from CH4 (AR5),kilotonnes,49388.1685,50348.4555,50790.4931,52038.0824,54047.527,56874.0126,60492.0994,61969.9636,62839.3654,63733.97,64751.5749,62794.3234,62495.6233,63288.0942,64326.3259,65872.568,67020.4684,70490.1338,71957.3572,72350.0767,71780.7646
Myanmar,IPCC Agriculture,Emissions (CO2eq) from CH4 (AR5),kilotonnes,26985.112,27534.4972,27872.7316,28537.754,29304.9792,31053.9096,,,,,,,,,,,,,,,
Myanmar,IPCC Agriculture,Emissions (CO2eq) from N2O (AR5),kilotonnes,10068.0969,9753.4272,9739.2364,10287.3841,11004.5412,10960.067,11454.9163,12059.0076,12047.3663,12535.8585,12924.6112,13257.6802,13761.844,14398.8227,15287.4093,15233.8191,15671.8656,17332.7893,17696.4695,18476.7973,18943.6342
Myanmar,IPCC Agriculture,Emissions (CO2eq) from N2O (AR5),kilotonnes,2226.159,2316.259,2356.009,2459.3855,2578.6355,2766.7855,,,,,,,,,,,,,,,
Myanmar,IPCC Agriculture,Emissions (CO2eq) (AR5),kilotonnes,59456.2654,60101.8827,60529.7296,62325.4665,65052.0682,67834.0796,71947.0157,74028.9712,74886.7316,76269.8284,77676.1861,76052.0035,76257.4673,77686.9168,79613.7352,81106.3871,82692.334,87822.923,89653.8267,90826.874,90724.3987
Myanmar,IPCC Agriculture,Emissions (CO2eq) (AR5),kilotonnes,29211.271,29850.7562,30228.7406,30997.1395,31883.6147,33820.6951,,,,,,,,,,,,,,,
Myanmar,Agricultural Soils,Direct emissions (N2O),kilotonnes,20.21,19.33,19.1327,20.1688,21.3558,21.5788,22.9262,23.8411,24.3642,24.9045,25.5077,26.8437,27.6149,29.4054,31.2848,30.8231,31.9747,35.7181,36.7829,38.5754,39.3016
Myanmar,Agricultural Soils,Indirect emissions (N2O),kilotonnes,5.4481,5.131,5.0492,5.354,5.6977,5.7006,6.0617,6.3696,6.5085,6.6962,6.8711,7.3099,7.6251,8.1837,8.7876,8.6438,9.0346,10.1912,10.5366,11.1568,11.3471
Myanmar,Agricultural Soils,Emissions (N2O),kilotonnes,27.9242,26.7272,26.448,27.7875,29.3167,29.5441,31.2527,32.4757,33.1366,33.8654,34.6434,36.4176,37.5038,39.852,42.3328,41.726,43.2618,48.1592,49.5672,51.9809,52.8962
Myanmar,Agricultural Soils,Emissions (N2O),kilotonnes,8.2,8.53,8.67,9.05,9.49,10.19,,,,,,,,,,,,,,,
Myanmar,Agricultural Soils,Emissions (CO2eq) from N2O (AR5),kilotonnes,7399.9261,7082.6998,7008.7234,7363.6849,7768.9346,7829.1778,8281.9671,8606.0526,8781.2108,8974.3268,9180.4985,9650.6618,9938.5093,10560.7762,11218.1935,11057.3792,11464.3771,12762.1965,13135.3171,13774.9386,14017.4932
Myanmar,Agricultural Soils,Emissions (CO2eq) from N2O (AR5),kilotonnes,2173,2260.45,2297.55,2398.25,2514.85,2700.35,,,,,,,,,,,,,,,
Myanmar,Agricultural Soils,Emissions (CO2eq) (AR5),kilotonnes,7399.9261,7082.6998,7008.7234,7363.6849,7768.9346,7829.1778,8281.9671,8606.0526,8781.2108,8974.3268,9180.4985,9650.6618,9938.5093,10560.7762,11218.1935,11057.3792,11464.3771,12762.1965,13135.3171,13774.9386,14017.4932
Myanmar,Agricultural Soils,Emissions (CO2eq) (AR5),kilotonnes,2173,2260.45,2297.55,2398.25,2514.85,2700.35,,,,,,,,,,,,,,,
Myanmar,LULUCF,Emissions (CH4),kilotonnes,234.8609,131.3671,104.0559,258.2954,461.8845,242.6492,243.0196,406.4307,179.8918,357.1315,400.9804,183.6793,281.8087,244.2665,300.9905,338.9001,203.3371,201.3681,198.7619,208.5088,332.4363
Myanmar,LULUCF,Emissions (CH4),kilotonnes,144.85,,,,,,,,,,,,,,,,,,,,
Myanmar,LULUCF,Emissions (N2O),kilotonnes,6.3081,9.7991,7.9296,20.8031,37.1222,20.1662,18.1506,33.5569,14.6963,29.1681,31.587,15.0402,23.5784,18.5909,24.1653,25.7593,14.6241,16.4643,13.5824,16.3326,24.9548
Myanmar,LULUCF,Emissions (N2O),kilotonnes,4.26,,,,,,,,,,,,,,,,,,,,
Myanmar,LULUCF,Emissions (CO2),kilotonnes,137905.8023,120113.8212,119560.9855,120629.6089,122637.655,119932.4123,121754.962,121325.1584,119702.087,121225.3974,122631.9135,102975.1389,103347.2909,104726.5171,104357.4488,106009.972,100671.1976,98866.3392,101196.7798,99562.7055,101945.4332
Myanmar,LULUCF,Emissions (CO2),kilotonnes,-108564.683,-100569.87,-99400.32,-98290.13,-97026.58,-95774.73,,,,,,,,,,,,,,,
Myanmar,LULUCF,Emissions (CO2eq) from CH4 (AR5),kilotonnes,6576.1056,3678.2797,2913.5645,7232.2721,12932.7663,6794.1768,6804.5492,11380.0599,5036.9715,9999.6824,11227.4505,5143.0218,7890.6427,6839.4615,8427.7351,9489.2037,5693.4397,5638.3063,5565.332,5838.2464,9308.2178
Myanmar,LULUCF,Emissions (CO2eq) from N2O (AR5),kilotonnes,1671.6401,2596.7605,2101.3404,5512.8286,9837.3784,5344.0525,4809.9023,8892.5897,3894.5114,7729.5395,8370.5511,3985.6517,6248.2867,4926.5901,6403.8155,6826.2189,3875.3981,4363.0265,3599.3423,4328.1327,6613.0095
Myanmar,LULUCF,Emissions (CO2eq) (AR5),kilotonnes,146153.5481,126388.8614,124575.8904,133374.7096,145407.7997,132070.6416,133369.4135,141597.808,128633.5699,138954.6192,142229.915,112103.8123,117486.2203,116492.5687,119188.9994,122325.3945,110240.0355,108867.672,110361.4542,109729.0846,117866.6605
Myanmar,LULUCF,Emissions (CO2eq) (AR5),kilotonnes,-108564.683,-100569.87,-99400.32,-98290.13,-97026.58,-95774.73,,,,,,,,,,,,,,,
Myanmar,AFOLU,Emissions (CH4),kilotonnes,1998.7241,1929.5263,1918.0021,2116.7984,2392.1533,2273.8639,2403.4517,2619.6437,2424.1549,2633.3447,2713.5366,2426.3338,2513.7952,2504.5556,2598.3593,2691.4918,2596.9253,2718.8729,2768.6675,2792.4401,2896.0351
Myanmar,AFOLU,Emissions (N2O),kilotonnes,44.3009,46.6045,44.6814,59.6234,78.6488,61.525,61.3767,79.0626,60.158,76.4732,80.3591,65.0692,75.5099,72.9261,81.8537,83.2454,73.7633,81.871,80.3616,86.0563,96.4402
Myanmar,AFOLU,Emissions (CO2),kilotonnes,137905.8023,120113.8212,119560.9855,120629.6089,122637.655,119932.4123,121754.962,121325.1584,119702.087,121225.3974,122631.9135,102975.1389,103347.2909,104726.5171,104357.4488,106009.972,100671.1976,98866.3392,101196.7798,99562.7055,101945.4332
Myanmar,AFOLU,Emissions (CO2eq) from CH4 (AR5),kilotonnes,55964.2741,54026.7352,53704.0576,59270.3545,66980.2933,63668.1894,67296.6486,73350.0235,67876.3368,73733.6523,75979.0254,67937.3451,70386.2661,70127.5556,72754.061,75361.7717,72713.9081,76128.4401,77522.6892,78188.3231,81088.9823
Myanmar,AFOLU,Emissions (CO2eq) from N2O (AR5),kilotonnes,11739.737,12350.1878,11840.5769,15800.2127,20841.9196,16304.1195,16264.8186,20951.5973,15941.8777,20265.398,21295.1622,17243.3318,20010.1307,19325.4128,21691.2248,22060.0379,19547.2638,21695.8158,21295.8119,22804.93,25556.6436
Myanmar,AFOLU,Emissions (CO2eq) (AR5),kilotonnes,205609.8134,186490.7442,185105.62,195700.1761,210459.8679,199904.7212,205316.4291,215626.7792,203520.3015,215224.4477,219906.1011,188155.8158,193743.6877,194179.4855,198802.7346,203431.7816,192932.3695,196690.5951,200015.2809,200555.9587,208591.0592
Myanmar,All sectors with LULUCF,Emissions (CH4),kilotonnes,2486.0171,2428.7223,2432.0999,2667.8981,2968.2593,2875.9789,3018.5807,3252.7897,3049.3219,3252.5357,3343.7556,3066.6218,3157.0832,3156.8436,3291.6473,3418.7798,3345.2133,3474.1609,3545.9555,3559.7881,3675.3991
Myanmar,All sectors with LULUCF,Emissions (N2O),kilotonnes,48.5623,50.9099,49.0518,64.2438,83.3691,66.3854,66.3571,84.183,65.3764,81.8266,85.8595,70.7596,81.4203,79.0365,88.2241,89.8558,81.3237,90.3314,88.922,94.1968,104.8506
Myanmar,All sectors with LULUCF,Emissions (CO2),kilotonnes,148447.4023,129229.0212,129123.7855,131001.0089,135640.555,132002.9123,135121.962,134599.6584,129860.987,131812.7974,136133.8135,118681.6389,115815.3909,118178.2171,120984.7488,128614.972,126472.8976,124128.7392,128159.9798,129206.1055,131409.3332
Myanmar,All sectors with LULUCF,Emissions (CO2eq) from F-gases (AR5),kilotonnes,233.2211,177.8311,191.4357,233.2211,316.792,219.6165,264.3172,275.9783,288.6111,300.2722,311.9332,323.5943,336.2271,347.8881,359.5492,371.2103,382.8713,395.5041,407.1652,418.8262,430.4873
Myanmar,All sectors with LULUCF,Emissions (CO2eq) from CH4 (AR5),kilotonnes,69608.4781,68004.2232,68098.796,74701.1461,83111.2613,80527.4094,84520.2606,91078.1115,85381.0128,91071.0003,93625.1574,85865.4091,88398.3301,88391.6196,92166.125,95725.8357,93665.9721,97276.5041,99286.7532,99674.0671,102911.1743
Myanmar,All sectors with LULUCF,Emissions (CO2eq) from N2O (AR5),kilotonnes,12868.9998,13491.1116,12998.7268,17024.6136,22092.8217,17592.1223,17584.6222,22308.5014,17324.7527,21684.0485,22752.7685,18751.2889,21576.3889,20944.6719,23379.3847,23811.799,21550.7758,23937.829,23564.3261,24962.1445,27785.4089
Myanmar,All sectors with LULUCF,Emissions (CO2eq) (AR5),kilotonnes,231158.1013,210902.1871,210412.744,222959.9897,241161.43,230342.0606,237491.162,248262.2497,232855.3636,244868.1183,252823.6726,223621.9312,226126.3369,227862.3968,236889.8077,248523.8169,242072.5169,245738.5763,251418.2243,254261.1434,262536.4037
Myanmar,All sectors without LULUCF,Emissions (CH4),kilotonnes,2251.1562,2297.3551,2328.044,2409.6026,2506.3748,2633.3297,2775.5611,2846.359,2869.43,2895.4042,2942.7752,2882.9424,2875.2745,2912.5771,2990.6568,3079.8797,3141.8762,3272.7928,3347.1936,3351.2793,3342.9627
Myanmar,All sectors without LULUCF,Emissions (N2O),kilotonnes,42.2542,41.1108,41.1222,43.4407,46.247,46.2191,48.2065,50.6261,50.6802,52.6585,54.2725,55.7194,57.8419,60.4456,64.0588,64.0965,66.6995,73.8672,75.3396,77.8642,79.8958
Myanmar,All sectors without LULUCF,Emissions (CO2),kilotonnes,10541.6,9115.2,9562.8,10371.4,13002.9,12070.5,13367,13274.5,10158.9,10587.4,13501.9,15706.5,12468.1,13451.7,16627.3,22605,25801.7,25262.4,26963.2,29643.4,29463.9
Myanmar,All sectors without LULUCF,Emissions (CO2eq) from F-gases (AR5),kilotonnes,233.2211,177.8311,191.4357,233.2211,316.792,219.6165,264.3172,275.9783,288.6111,300.2722,311.9332,323.5943,336.2271,347.8881,359.5492,371.2103,382.8713,395.5041,407.1652,418.8262,430.4873
Myanmar,All sectors without LULUCF,Emissions (CO2eq) from CH4 (AR5),kilotonnes,63032.3725,64325.9435,65185.2315,67468.874,70178.495,73733.2326,77715.7114,79698.0516,80344.0414,81071.318,82397.7069,80722.3874,80507.6873,81552.1582,83738.3899,86236.632,87972.5324,91638.1978,93721.4212,93835.8207,93602.9566
Myanmar,All sectors without LULUCF,Emissions (CO2eq) from N2O (AR5),kilotonnes,11197.3597,10894.3511,10897.3864,11511.7851,12255.4432,12248.0698,12774.7199,13415.9117,13430.2412,13954.5089,14382.2175,14765.6372,15328.1021,16018.0818,16975.5693,16985.5801,17675.3777,19574.8024,19964.9837,20634.0118,21172.3994
Myanmar,All sectors without LULUCF,Emissions (CO2eq) (AR5),kilotonnes,85004.5533,84513.3257,85836.8536,89585.2801,95753.6302,98271.4189,104121.7485,106664.4417,104221.7937,105913.4991,110593.7576,111518.1189,108640.1166,111369.8282,117700.8084,126198.4224,131832.4814,136870.9043,141056.7701,144532.0588,144669.7433
Namibia,Crop Residues,Direct emissions (N2O),kilotonnes,0.0292,0.0279,0.0233,0.0245,0.03,0.0287,0.0385,0.0252,0.0233,0.0259,0.0271,0.0269,0.0367,0.0206,0.0317,0.0269,0.0199,0.0306,0.0331,0.015,0.0406
Namibia,Crop Residues,Indirect emissions (N2O),kilotonnes,0.0066,0.0063,0.0052,0.0055,0.0068,0.0065,0.0087,0.0057,0.0052,0.0058,0.0061,0.0061,0.0083,0.0046,0.0071,0.0061,0.0045,0.0069,0.0074,0.0034,0.0091
Namibia,Crop Residues,Emissions (N2O),kilotonnes,0.0357,0.0341,0.0286,0.03,0.0368,0.0352,0.0472,0.0308,0.0286,0.0317,0.0331,0.033,0.0449,0.0253,0.0388,0.0329,0.0244,0.0375,0.0405,0.0184,0.0497
Namibia,Crop Residues,Emissions (CO2eq) from N2O (AR5),kilotonnes,9.4735,9.0412,7.5702,7.9432,9.7536,9.3192,12.5019,8.1696,7.5681,8.3922,8.7821,8.7451,11.9078,6.6942,10.2848,8.7302,6.4562,9.9268,10.7334,4.8688,13.1825
Namibia,Crop Residues,Emissions (CO2eq) (AR5),kilotonnes,9.4735,9.0412,7.5702,7.9432,9.7536,9.3192,12.5019,8.1696,7.5681,8.3922,8.7821,8.7451,11.9078,6.6942,10.2848,8.7302,6.4562,9.9268,10.7334,4.8688,13.1825
Namibia,Burning - Crop residues,Emissions (CH4),kilotonnes,0.1195,0.0575,0.0585,0.065,0.0696,0.0513,0.0804,0.0764,0.0773,0.0752,0.0748,0.0786,0.128,0.061,0.0961,0.0834,0.0626,0.0827,0.0692,0.0967,0.0967
Namibia,Burning - Crop residues,Emissions (N2O),kilotonnes,0.0031,0.0015,0.0015,0.0017,0.0018,0.0013,0.0021,0.002,0.002,0.002,0.0019,0.002,0.0033,0.0016,0.0025,0.0022,0.0016,0.0021,0.0018,0.0025,0.0025
Namibia,Burning - Crop residues,Emissions (CO2eq) from CH4 (AR5),kilotonnes,3.3468,1.6106,1.6374,1.8188,1.9494,1.4355,2.2507,2.1398,2.1655,2.1068,2.0936,2.2002,3.5843,1.7083,2.6907,2.3363,1.7525,2.3159,1.9377,2.7065,2.7065
Namibia,Burning - Crop residues,Emissions (CO2eq) from N2O (AR5),kilotonnes,0.8212,0.3952,0.4018,0.4463,0.4783,0.3522,0.5523,0.525,0.5313,0.5169,0.5137,0.5399,0.8795,0.4192,0.6602,0.5733,0.43,0.5683,0.4755,0.6641,0.6641
Namibia,Burning - Crop residues,Emissions (CO2eq) (AR5),kilotonnes,4.1679,2.0058,2.0391,2.2651,2.4278,1.7877,2.803,2.6648,2.6968,2.6238,2.6073,2.7401,4.4637,2.1275,3.3509,2.9096,2.1825,2.8842,2.4132,3.3706,3.3706
Namibia,Enteric Fermentation,Emissions (CH4),kilotonnes,105.3113,103.9572,101.9423,103.1109,100.41,126.5784,103.0832,101.385,107.9074,105.7595,104.5729,103.537,119.1525,106.5255,114.101,111.1503,123.2529,115.6163,113.6029,116.0743,113.6103
Namibia,Enteric Fermentation,Emissions (CH4),kilotonnes,155.4,155.8,150,152.9,,142.7,149.5,147.2,152,150,140.8,166.8,177.7,159.9,173.8,169.2,190.5,,,,
Namibia,Enteric Fermentation,Emissions (CO2eq) from CH4 (AR5),kilotonnes,2948.7154,2910.8013,2854.3856,2887.1059,2811.4809,3544.1951,2886.3283,2838.7811,3021.4086,2961.2646,2928.0415,2899.0361,3336.2708,2982.7153,3194.8268,3112.2083,3451.0805,3237.2553,3180.8813,3250.0806,3181.0894
Namibia,Enteric Fermentation,Emissions (CO2eq) from CH4 (AR5),kilotonnes,4351.2,4362.4,4200,4281.2,,3995.6,4186,4121.6,4256,4200,3942.4,4670.4,4975.6,4477.2,4866.4,4737.6,5334,,,,
Namibia,Enteric Fermentation,Emissions (CO2eq) (AR5),kilotonnes,2948.7154,2910.8013,2854.3856,2887.1059,2811.4809,3544.1951,2886.3283,2838.7811,3021.4086,2961.2646,2928.0415,2899.0361,3336.2708,2982.7153,3194.8268,3112.2083,3451.0805,3237.2553,3180.8813,3250.0806,3181.0894
Namibia,Enteric Fermentation,Emissions (CO2eq) (AR5),kilotonnes,4351.2,4362.4,4200,4281.2,,3995.6,4186,4121.6,4256,4200,3942.4,4670.4,4975.6,4477.2,4866.4,4737.6,5334,,,,
Namibia,Manure Management,Emissions (CH4),kilotonnes,3.5397,3.4867,3.4049,3.4594,3.3974,4.225,3.4824,3.4351,3.646,3.5816,3.5525,3.5273,4.0503,3.6086,3.8617,3.7653,4.146,3.9179,3.8622,3.9429,3.8707
Namibia,Manure Management,Emissions (CH4),kilotonnes,3.8,3.7,3.7,3.7,,3.6,3.8,3.7,3.7,3.6,3.4,3.9,4.2,3.8,4.2,4,4.5,,,,
Namibia,Manure Management,Emissions (N2O),kilotonnes,0.0626,0.0616,0.0623,0.0656,0.0662,0.0809,0.0721,0.0745,0.0789,0.0801,0.0818,0.0836,0.0906,0.0837,0.0949,0.0914,0.0976,0.0956,0.099,0.1017,0.1023
Namibia,Manure Management,Emissions (N2O),kilotonnes,0.4,0.4,0.4,0.3,,0.3,0.4,0.4,0.4,0.4,0.4,0.4,0.5,0.4,0.5,0.4,0.5,,,,
Namibia,Manure Management,Emissions (CO2eq) from CH4 (AR5),kilotonnes,99.1104,97.6282,95.3359,96.8619,95.1281,118.3012,97.5069,96.1822,102.0873,100.2852,99.4687,98.7638,113.4095,101.0397,108.1281,105.4286,116.0885,109.7014,108.1407,110.4021,108.3799
Namibia,Manure Management,Emissions (CO2eq) from CH4 (AR5),kilotonnes,106.4,103.6,103.6,103.6,,100.8,106.4,103.6,103.6,100.8,95.2,109.2,117.6,106.4,117.6,112,126,,,,
Namibia,Manure Management,Emissions (CO2eq) from N2O (AR5),kilotonnes,16.5968,16.3205,16.5186,17.3749,17.5337,21.4348,19.0937,19.7337,20.9039,21.2238,21.6866,22.1597,24.0155,22.1782,25.1575,24.2202,25.8745,25.3232,26.238,26.9428,27.0998
Namibia,Manure Management,Emissions (CO2eq) from N2O (AR5),kilotonnes,106,106,106,79.5,,79.5,106,106,106,106,106,106,132.5,106,132.5,106,132.5,,,,
Namibia,Manure Management,Emissions (CO2eq) (AR5),kilotonnes,115.7072,113.9487,111.8545,114.2368,112.6618,139.736,116.6006,115.9159,122.9911,121.509,121.1552,120.9235,137.425,123.218,133.2857,129.6488,141.9629,135.0245,134.3787,137.3449,135.4797
Namibia,Manure Management,Emissions (CO2eq) (AR5),kilotonnes,212.4,209.6,209.6,183.1,,180.3,212.4,209.6,209.6,206.8,201.2,215.2,250.1,212.4,250.1,218,258.5,,,,
Namibia,Manure left on Pasture,Direct emissions (N2O),kilotonnes,4.1346,4.0824,4.0206,4.0673,3.9608,4.9795,4.0699,3.9999,4.2553,4.1712,4.1297,4.092,4.6914,4.1983,4.4666,4.369,4.8468,4.5538,4.4702,4.5655,4.4707
Namibia,Manure left on Pasture,Indirect emissions (N2O),kilotonnes,1.0878,1.0632,1.0841,1.1011,1.0628,1.2817,1.0889,1.0669,1.1267,1.109,1.1091,1.1056,1.2179,1.0774,1.1296,1.1166,1.2129,1.1485,1.1259,1.1378,1.1123
Namibia,Manure left on Pasture,Emissions (N2O),kilotonnes,5.2223,5.1456,5.1047,5.1684,5.0236,6.2611,5.1589,5.0668,5.382,5.2801,5.2388,5.1977,5.9093,5.2757,5.5963,5.4856,6.0597,5.7023,5.5961,5.7034,5.583
Namibia,Manure left on Pasture,Emissions (CO2eq) from N2O (AR5),kilotonnes,1383.9135,1363.5744,1352.7532,1369.6216,1331.241,1659.1982,1367.1026,1342.7,1426.2411,1399.2295,1388.2897,1377.3864,1565.9699,1398.061,1483.0071,1453.6711,1605.8163,1511.1002,1482.9657,1511.3888,1479.4852
Namibia,Manure left on Pasture,Emissions (CO2eq) (AR5),kilotonnes,1383.9135,1363.5744,1352.7532,1369.6216,1331.241,1659.1982,1367.1026,1342.7,1426.2411,1399.2295,1388.2897,1377.3864,1565.9699,1398.061,1483.0071,1453.6711,1605.8163,1511.1002,1482.9657,1511.3888,1479.4852
Namibia,Manure applied to Soils,Direct emissions (N2O),kilotonnes,0.0696,0.0692,0.0701,0.0726,0.0719,0.0835,0.0759,0.0764,0.0799,0.0804,0.0819,0.0831,0.0873,0.0809,0.0869,0.0855,0.0917,0.089,0.09,0.0916,0.0913
Namibia,Manure applied to Soils,Indirect emissions (N2O),kilotonnes,0.0296,0.0294,0.0298,0.0309,0.0306,0.0355,0.0322,0.0325,0.0339,0.0342,0.0348,0.0353,0.0371,0.0344,0.0369,0.0363,0.039,0.0378,0.0382,0.0389,0.0388
Namibia,Manure applied to Soils,Emissions (N2O),kilotonnes,0.0992,0.0986,0.0999,0.1034,0.1024,0.119,0.1081,0.1089,0.1138,0.1146,0.1167,0.1184,0.1244,0.1152,0.1238,0.1218,0.1306,0.1269,0.1282,0.1306,0.1301
Namibia,Manure applied to Soils,Emissions (CO2eq) from N2O (AR5),kilotonnes,26.2944,26.1186,26.4629,27.4129,27.1489,31.5341,28.6467,28.8457,30.1549,30.3667,30.9221,31.3742,32.9665,30.5391,32.8152,32.2699,34.6149,33.627,33.977,34.6033,34.4682
Namibia,Manure applied to Soils,Emissions (CO2eq) (AR5),kilotonnes,26.2944,26.1186,26.4629,27.4129,27.1489,31.5341,28.6467,28.8457,30.1549,30.3667,30.9221,31.3742,32.9665,30.5391,32.8152,32.2699,34.6149,33.627,33.977,34.6033,34.4682
Namibia,Synthetic Fertilizers,Direct emissions (N2O),kilotonnes,0.0016,0.0016,0.0459,0.0127,0.031,0.0158,0.0297,0.021,0.0033,0.0199,0.0448,0.0765,0.1651,0.1215,0.0609,0.1531,0.3088,0.2961,0.3199,0.2963,0.0429
Namibia,Synthetic Fertilizers,Indirect emissions (N2O),kilotonnes,0.0005,0.0005,0.0149,0.0041,0.0101,0.0051,0.0097,0.0068,0.0011,0.0065,0.0146,0.0249,0.0536,0.0395,0.0198,0.0498,0.1003,0.0962,0.104,0.0963,0.0139
Namibia,Synthetic Fertilizers,Emissions (N2O),kilotonnes,0.0021,0.0021,0.0608,0.0168,0.0411,0.0209,0.0394,0.0278,0.0044,0.0264,0.0593,0.1013,0.2187,0.1609,0.0807,0.2028,0.4091,0.3923,0.4239,0.3926,0.0568
Namibia,Synthetic Fertilizers,Emissions (CO2eq) from N2O (AR5),kilotonnes,0.5518,0.5518,16.1116,4.4417,10.8864,5.5342,10.4394,7.3771,1.1587,6.9964,15.7199,26.849,57.9544,42.6513,21.3766,53.7544,108.4139,103.9539,112.3211,104.0416,15.0509
Namibia,Synthetic Fertilizers,Emissions (CO2eq) (AR5),kilotonnes,0.5518,0.5518,16.1116,4.4417,10.8864,5.5342,10.4394,7.3771,1.1587,6.9964,15.7199,26.849,57.9544,42.6513,21.3766,53.7544,108.4139,103.9539,112.3211,104.0416,15.0509
Namibia,Drained organic soils,Emissions (CO2eq) (AR5),kilotonnes,2.5106,2.5106,2.5106,2.5106,2.5106,2.5106,2.5106,2.8678,2.8678,2.8678,2.8678,2.8678,2.8678,2.8678,2.8678,2.8678,2.8678,2.8678,2.8678,4.0087,4.0087
Namibia,Drained organic soils (CO2),Emissions (CO2),kilotonnes,2.3704,2.3704,2.3704,2.3704,2.3704,2.3704,2.3704,2.7131,2.7131,2.7131,2.7131,2.7131,2.7131,2.7131,2.7131,2.7131,2.7131,2.7131,2.7131,3.7903,3.7903
Namibia,Drained organic soils (CO2),Emissions (CO2eq) (AR5),kilotonnes,2.3704,2.3704,2.3704,2.3704,2.3704,2.3704,2.3704,2.7131,2.7131,2.7131,2.7131,2.7131,2.7131,2.7131,2.7131,2.7131,2.7131,2.7131,2.7131,3.7903,3.7903
Namibia,Drained organic soils (N2O),Emissions (N2O),kilotonnes,0.0005,0.0005,0.0005,0.0005,0.0005,0.0005,0.0005,0.0006,0.0006,0.0006,0.0006,0.0006,0.0006,0.0006,0.0006,0.0006,0.0006,0.0006,0.0006,0.0008,0.0008
Namibia,Drained organic soils (N2O),Emissions (CO2eq) from N2O (AR5),kilotonnes,0.1402,0.1402,0.1402,0.1402,0.1402,0.1402,0.1402,0.1546,0.1546,0.1546,0.1546,0.1546,0.1546,0.1546,0.1546,0.1546,0.1546,0.1546,0.1546,0.2184,0.2184
Namibia,Drained organic soils (N2O),Emissions (CO2eq) (AR5),kilotonnes,0.1402,0.1402,0.1402,0.1402,0.1402,0.1402,0.1402,0.1546,0.1546,0.1546,0.1546,0.1546,0.1546,0.1546,0.1546,0.1546,0.1546,0.1546,0.1546,0.2184,0.2184
Namibia,On-farm energy use,Emissions (CH4),kilotonnes,0.032,0.0397,0.0349,0.0377,0.0422,0.0507,0.0506,0.0534,0.0628,0.0702,0.0772,0.0831,0.114,0.0861,0.1195,0.1309,0.1597,0.1685,0.1546,0.162,0.162
Namibia,On-farm energy use,Emissions (N2O),kilotonnes,0.1198,0.169,0.1443,0.1554,0.1641,0.1692,0.1815,0.1889,0.2443,0.2628,0.2826,0.2541,0.2743,0.2252,0.3619,0.3854,0.4106,0.4353,0.3822,0.3863,0.3863
Namibia,On-farm energy use,Emissions (CO2),kilotonnes,357.8826,480.2981,409.9302,436.8699,464.8199,478.7002,514.4715,535.1314,679.6811,731.5754,788.8949,714.8275,792.9971,673.7027,1028.282,1097.4704,1181.9892,1249.2365,1105.797,1121.4185,1121.4185
Namibia,On-farm energy use,Emissions (CO2eq) from CH4 (AR5),kilotonnes,0.8952,1.1117,0.9767,1.0552,1.1829,1.4191,1.4159,1.4957,1.7583,1.9658,2.1608,2.3277,3.1908,2.4112,3.347,3.6652,4.4707,4.7179,4.3287,4.5355,4.5355
Namibia,On-farm energy use,Emissions (CO2eq) from N2O (AR5),kilotonnes,31.7416,44.7739,38.2402,41.1775,43.4844,44.8317,48.0856,50.0527,64.727,69.6468,74.8922,67.3345,72.6862,59.6835,95.9001,102.1387,108.8137,115.3565,101.2917,102.3705,102.3705
Namibia,On-farm energy use,Emissions (CO2eq) (AR5),kilotonnes,390.5194,526.1838,449.1471,479.1026,509.4873,524.951,563.973,586.6799,746.1664,803.188,865.9479,784.4896,868.8742,735.7973,1127.529,1203.2743,1295.2735,1369.3108,1211.4174,1228.3246,1228.3246
Namibia,Forestland,Emissions (CO2),kilotonnes,0,0,0,0,0,0,0,0,0,0,0,0,0,0,0,0,0,0,0,0,0
Namibia,Forestland,Emissions (CO2),kilotonnes,,-108914.9,-113364.7,-113781.5,,-113321.7,-109695.3,-106905.1,-115500.5,-103623.9,-107834.2,-105879.6,-104930.4,-122816.5,-119906.7,-121991.8,-126598.1,,,,
Namibia,Forestland,Emissions (CO2eq) (AR5),kilotonnes,0,0,0,0,0,0,0,0,0,0,0,0,0,0,0,0,0,0,0,0,0
Namibia,Forestland,Emissions (CO2eq) (AR5),kilotonnes,,-108914.9,-113364.7,-113781.5,,-113321.7,-109695.3,-106905.1,-115500.5,-103623.9,-107834.2,-105879.6,-104930.4,-122816.5,-119906.7,-121991.8,-126598.1,,,,
Namibia,Net Forest conversion,Emissions (CO2),kilotonnes,10557.7953,10557.9143,10557.9143,10557.9143,10557.9143,10557.9143,10557.9143,10557.9143,10557.9143,10557.9143,10557.9143,10557.7061,10557.7061,10557.7061,10557.7061,10557.7061,10558.0035,10558.0035,10558.0035,10558.0035,10558.0035
Namibia,Net Forest conversion,Emissions (CO2),kilotonnes,8727.4,8939.3,8939.3,8939.3,,8939.3,8939.3,8939.3,8939.3,8939.3,8939.3,9768.7,9768.7,9768.7,9768.7,9768.7,9768.7,,,,
Namibia,Net Forest conversion,Emissions (CO2eq) (AR5),kilotonnes,10557.7953,10557.9143,10557.9143,10557.9143,10557.9143,10557.9143,10557.9143,10557.9143,10557.9143,10557.9143,10557.9143,10557.7061,10557.7061,10557.7061,10557.7061,10557.7061,10558.0035,10558.0035,10558.0035,10558.0035,10558.0035
Namibia,Net Forest conversion,Emissions (CO2eq) (AR5),kilotonnes,8727.4,8939.3,8939.3,8939.3,,8939.3,8939.3,8939.3,8939.3,8939.3,8939.3,9768.7,9768.7,9768.7,9768.7,9768.7,9768.7,,,,
Namibia,Savanna fires,Emissions (CH4),kilotonnes,74.3115,66.9992,47.382,56.2038,65.0615,53.1586,96.1822,83.6664,44.0243,99.4654,86.4444,177.8581,190.4281,64.6516,41.0998,39.0575,40.2609,45.1468,30.1942,11.3487,74.4308
Namibia,Savanna fires,Emissions (N2O),kilotonnes,6.785,6.1173,4.3262,5.1316,5.9404,4.8536,8.7818,7.6391,4.0196,9.0816,7.8927,16.2392,17.3869,5.903,3.7526,3.5661,3.676,4.1221,2.7569,1.0362,6.7959
Namibia,Savanna fires,Emissions (CO2eq) from CH4 (AR5),kilotonnes,2080.7228,1875.9766,1326.696,1573.7059,1821.7222,1488.4412,2693.1004,2342.6585,1232.6797,2785.0317,2420.4426,4980.0269,5331.9857,1810.2438,1150.7931,1093.6101,1127.3049,1264.1112,845.4376,317.7634,2084.0624
Namibia,Savanna fires,Emissions (CO2eq) from N2O (AR5),kilotonnes,1798.016,1621.0885,1146.4384,1359.8872,1574.2056,1286.2074,2327.19,2024.3625,1065.196,2406.6307,2091.5781,4303.3928,4607.5311,1564.2868,994.4353,945.0218,974.1385,1092.357,730.5684,274.589,1800.9017
Namibia,Savanna fires,Emissions (CO2eq) (AR5),kilotonnes,3878.7388,3497.0651,2473.1344,2933.593,3395.9278,2774.6486,5020.2903,4367.0209,2297.8757,5191.6624,4512.0207,9283.4197,9939.5169,3374.5306,2145.2284,2038.6319,2101.4434,2356.4682,1576.0061,592.3524,3884.9641
Namibia,Fires in organic soils,Emissions (CH4),kilotonnes,0,0,0,0,0,0,0,0,0,0,0,0,0,0,0,0,0,0,0,0,0
Namibia,Fires in organic soils,Emissions (CO2),kilotonnes,0,0,0,0,0,0,0,0,0,0,0,0,0,0,0,0,0,0,0,0,0
Namibia,Fires in organic soils,Emissions (CO2eq) from CH4 (AR5),kilotonnes,0,0,0,0,0,0,0,0,0,0,0,0,0,0,0,0,0,0,0,0,0
Namibia,Fires in organic soils,Emissions (CO2eq) (AR5),kilotonnes,0,0,0,0,0,0,0,0,0,0,0,0,0,0,0,0,0,0,0,0,0
Namibia,Forest fires,Emissions (CH4),kilotonnes,3.1943,0,0,0,0,0,0,0.005,0.0099,0.0074,0.0025,0,0.005,0,0,0.0025,0,0.0025,0,0.0174,0.0471
Namibia,Forest fires,Emissions (N2O),kilotonnes,0.094,0,0,0,0,0,0,0.0005,0.0009,0.0007,0.0002,0,0.0005,0,0,0.0002,0,0.0002,0,0.0016,0.0043
Namibia,Forest fires,Emissions (CO2eq) from CH4 (AR5),kilotonnes,89.4401,0,0,0,0,0,0,0.1389,0.2778,0.2083,0.0694,0,0.1389,0,0,0.0695,0,0.0694,0,0.4861,1.3195
Namibia,Forest fires,Emissions (CO2eq) from N2O (AR5),kilotonnes,24.8968,0,0,0,0,0,0,0.12,0.24,0.18,0.06,0,0.12,0,0,0.06,0,0.06,0,0.4201,1.1402
Namibia,Forest fires,Emissions (CO2eq) (AR5),kilotonnes,114.3369,0,0,0,0,0,0,0.2589,0.5178,0.3884,0.1295,0,0.2589,0,0,0.1295,0,0.1295,0,0.9062,2.4597
Namibia,Fires in humid tropical forests,Emissions (CH4),kilotonnes,0,0,0,0,0,0,0,0,0,0,0,0,0,0,0,0,0,0,0,0,0
Namibia,Fires in humid tropical forests,Emissions (N2O),kilotonnes,0,0,0,0,0,0,0,0,0,0,0,0,0,0,0,0,0,0,0,0,0
Namibia,Fires in humid tropical forests,Emissions (CO2eq) from CH4 (AR5),kilotonnes,0,0,0,0,0,0,0,0,0,0,0,0,0,0,0,0,0,0,0,0,0
Namibia,Fires in humid tropical forests,Emissions (CO2eq) from N2O (AR5),kilotonnes,0,0,0,0,0,0,0,0,0,0,0,0,0,0,0,0,0,0,0,0,0
Namibia,Fires in humid tropical forests,Emissions (CO2eq) (AR5),kilotonnes,0,0,0,0,0,0,0,0,0,0,0,0,0,0,0,0,0,0,0,0,0
Namibia,Waste - agri-food systems,Emissions (CH4),kilotonnes,4.9252,4.9606,5.0159,5.0825,5.1485,5.2397,5.296,5.385,5.4488,5.5414,5.6054,5.6767,5.7617,5.8297,5.7587,5.6909,5.7591,5.8352,5.8997,5.9412,5.98
Namibia,Waste - agri-food systems,Emissions (N2O),kilotonnes,0.0474,0.0472,0.0448,0.0463,0.0461,0.047,0.0472,0.0488,0.0494,0.0477,0.0477,0.049,0.0485,0.0489,0.0519,0.0531,0.0554,0.0544,0.0553,0.056,0.0568
Namibia,Waste - agri-food systems,Emissions (CO2),kilotonnes,0,0,0,0,0,0,0,0,0,0,0,0,0,0,0,0,0,0,0,0,0
Namibia,Waste - agri-food systems,Emissions (CO2eq) from CH4 (AR5),kilotonnes,137.9062,138.8981,140.4448,142.3092,144.1588,146.7124,148.2892,150.7809,152.5656,155.1596,156.951,158.9465,161.3277,163.2313,161.2442,159.3456,161.256,163.3859,165.1926,166.3538,167.4409
Namibia,Waste - agri-food systems,Emissions (CO2eq) from N2O (AR5),kilotonnes,12.556,12.5077,11.8793,12.263,12.2144,12.4618,12.4958,12.9371,13.0955,12.6532,12.6322,12.986,12.8586,12.9688,13.7419,14.0737,14.6699,14.4041,14.647,14.8459,15.0457
Namibia,Waste - agri-food systems,Emissions (CO2eq) (AR5),kilotonnes,150.4622,151.4057,152.324,154.5721,156.3731,159.1742,160.7849,163.718,165.6611,167.8128,169.5832,171.9325,174.1863,176.2001,174.9861,173.4192,175.9259,177.79,179.8396,181.1997,182.4866
Namibia,On-farm electricity use,Emissions (CH4),kilotonnes,0,0,0,0,0,0,0,0,0,0,0,0,0,0,0,0,0,0,0,0,0
Namibia,On-farm electricity use,Emissions (N2O),kilotonnes,0,0,0,0,0,0,0,0,0,0,0,0,0,0,0,0,0,0,0,0,0
Namibia,On-farm electricity use,Emissions (CO2),kilotonnes,0,0,0,0,0,0,0,0,0,0,0,0,0,0,0,0,0,0,0,0,0
Namibia,On-farm electricity use,Emissions (CO2eq) from CH4 (AR5),kilotonnes,0,0,0,0,0,0,0,0,0,0,0,0,0,0,0,0,0,0,0,0,0
Namibia,On-farm electricity use,Emissions (CO2eq) from N2O (AR5),kilotonnes,0,0,0,0,0,0,0,0,0,0,0,0,0,0,0,0,0,0,0,0,0
Namibia,On-farm electricity use,Emissions (CO2eq) (AR5),kilotonnes,0,0,0,0,0,0,0,0,0,0,0,0,0,0,0,0,0,0,0,0,0
Namibia,Food Processing,Emissions (CH4),kilotonnes,1.0751,0.6444,0.5588,0.4189,0.4426,0.4537,0.4657,0.4926,0.5999,0.6156,0.8526,0.8661,0.8257,0.8048,1.0068,1.2057,1.3799,0.9984,1.0587,1.2363,1.2636
Namibia,Food Processing,Emissions (N2O),kilotonnes,0.0144,0.0118,0.0099,0.0077,0.0075,0.0071,0.0069,0.0073,0.0085,0.0089,0.0104,0.015,0.0161,0.0172,0.0194,0.0243,0.0359,0.0206,0.0203,0.0279,0.029
Namibia,Food Processing,Emissions (CO2),kilotonnes,440.1762,426.5684,343.3786,286.9378,279.5359,341.3446,357.7492,357.8394,525.9062,447.657,459.0052,394.8227,407.5486,251.17,623.2749,727.0301,763.8194,616.9656,649.561,647.8809,592.8884
Namibia,Food Processing,Emissions (CO2eq) from CH4 (AR5),kilotonnes,30.1028,18.0432,15.6464,11.7292,12.3928,12.7036,13.0396,13.7928,16.7972,17.2368,23.8728,24.2508,23.1196,22.5344,28.1904,33.7596,38.6372,27.9552,29.6436,34.6164,35.3814
Namibia,Food Processing,Emissions (CO2eq) from N2O (AR5),kilotonnes,3.816,3.127,2.6235,2.0405,1.9875,1.8815,1.8285,1.9345,2.2525,2.3585,2.756,3.975,4.2665,4.558,5.141,6.4395,9.5135,5.459,5.3795,7.3935,7.6755
Namibia,Food Processing,Emissions (CO2eq) (AR5),kilotonnes,474.095,447.7386,361.6485,300.7075,293.9162,355.9297,372.6173,373.5667,544.9559,467.2523,485.634,423.0485,434.9347,278.2624,656.6063,767.2292,811.9701,650.3798,684.5841,689.8908,635.9453
Namibia,Food Packaging,Emissions (CH4),kilotonnes,0.0071,0.0123,0.0124,0.0363,0.059,0.0622,0.0634,0.074,0.0924,0.0954,0.1319,0.1341,0.1282,0.1242,0.1547,0.1804,0.204,0.2085,0.2132,0.1905,0.1947
Namibia,Food Packaging,Emissions (N2O),kilotonnes,0.0002,0.0003,0.0003,0.0006,0.0008,0.0008,0.0008,0.0009,0.001,0.0011,0.0014,0.0017,0.0018,0.0018,0.0023,0.0025,0.003,0.0032,0.0032,0.0027,0.0028
Namibia,Food Packaging,Emissions (CO2),kilotonnes,3.3751,6.8851,6.5684,18.2685,25.5613,32.6057,34.5576,36.4032,54.5251,49.2613,54.2556,45.0368,47.0207,26.1957,74.9619,73.5659,65.3997,65.9686,64.6638,70.3408,64.3702
Namibia,Food Packaging,Emissions (CO2eq) from CH4 (AR5),kilotonnes,0.1988,0.3444,0.3472,1.0164,1.652,1.7416,1.7752,2.072,2.5872,2.6712,3.6932,3.7548,3.5896,3.4776,4.3316,5.0512,5.712,5.838,5.9696,5.334,5.4519
Namibia,Food Packaging,Emissions (CO2eq) from N2O (AR5),kilotonnes,0.053,0.0795,0.0795,0.159,0.212,0.212,0.212,0.2385,0.265,0.2915,0.371,0.4505,0.477,0.477,0.6095,0.6625,0.795,0.848,0.848,0.7155,0.7428
Namibia,Food Packaging,Emissions (CO2eq) (AR5),kilotonnes,3.6269,7.309,6.9951,19.4439,27.4253,34.5593,36.5448,38.7137,57.3773,52.224,58.3198,49.2421,51.0873,30.1503,79.903,79.2796,71.9067,72.6546,71.4814,76.3903,70.5649
Namibia,Food Retail,Emissions (CH4),kilotonnes,0,0,0,0,0,0,0,0,0,0,0,0,0,0,0,0,0,0,0,0,0
Namibia,Food Retail,Emissions (N2O),kilotonnes,0,0,0,0,0,0,0,0,0,0,0,0,0,0,0,0,0,0,0,0,0
Namibia,Food Retail,Emissions (CO2),kilotonnes,0.4248,0.5232,0.4559,0.487,0.5077,0.5983,0.6035,0.6113,0.8625,0.7952,0.803,0.6838,0.8107,0.5958,0.8755,0.8755,0.8755,0.8755,0.8755,0.8755,0.8012
Namibia,Food Retail,Emissions (CO2eq) from CH4 (AR5),kilotonnes,0,0,0,0,0,0,0,0,0,0,0,0,0,0,0,0,0,0,0,0,0
Namibia,Food Retail,Emissions (CO2eq) from N2O (AR5),kilotonnes,0,0,0,0,0,0,0,0,0,0,0,0,0,0,0,0,0,0,0,0,0
Namibia,Food Retail,Emissions (CO2eq) (AR5),kilotonnes,0.4248,0.5232,0.4559,0.487,0.5077,0.5983,0.6035,0.6113,0.8625,0.7952,0.803,0.6838,0.8107,0.5958,0.8755,0.8755,0.8755,0.8755,0.8755,0.8755,0.8012
Namibia,Food Household Consumption,Emissions (CH4),kilotonnes,0,0,0,0,0,0,0,0,0,0,0.0002,0.0003,0.0005,0.0003,0.0003,0.0003,0.0003,0.0003,0.0003,0.0003,0.0003
Namibia,Food Household Consumption,Emissions (N2O),kilotonnes,0,0,0,0,0,0,0,0,0,0,0,0,0,0,0,0,0,0,0,0,0
Namibia,Food Household Consumption,Emissions (CO2),kilotonnes,0,0,0,0,0,0,0,0,0,0,1.2184,2.4368,3.6552,2.4368,2.4368,2.4368,2.4368,2.4368,2.4368,2.4368,2.23
Namibia,Food Household Consumption,Emissions (CO2eq) from CH4 (AR5),kilotonnes,0,0,0,0,0,0,0,0,0,0,0.0056,0.0084,0.014,0.0084,0.0084,0.0084,0.0084,0.0084,0.0084,0.0084,0.0086
Namibia,Food Household Consumption,Emissions (CO2eq) from N2O (AR5),kilotonnes,0,0,0,0,0,0,0,0,0,0,0,0,0,0,0,0,0,0,0,0,0
Namibia,Food Household Consumption,Emissions (CO2eq) (AR5),kilotonnes,0,0,0,0,0,0,0,0,0,0,1.224,2.4452,3.6692,2.4452,2.4452,2.4452,2.4452,2.4452,2.4452,2.4452,2.2385
Namibia,Food Transport,Emissions (CH4),kilotonnes,0.0232,0.0256,0.022,0.0216,0.0221,0.0277,0.0212,0.0192,0.0174,0.0176,0.016,0.0162,0.0151,0.0157,0.0167,0.0177,0.0178,0.0176,0.0175,0.0172,0.0176
Namibia,Food Transport,Emissions (N2O),kilotonnes,0.0046,0.0054,0.0049,0.0052,0.0057,0.0079,0.0064,0.0062,0.006,0.0067,0.0068,0.0069,0.0063,0.0065,0.0069,0.0074,0.0074,0.0073,0.0073,0.0084,0.0087
Namibia,Food Transport,Emissions (CO2),kilotonnes,118.072,144.469,127.2465,133.0155,140.8996,166.5905,148.1915,149.5295,161.6295,180.3295,189.3675,191.7985,187.6365,198.8675,211.2055,224.6435,225.7435,223.487,222.3585,240.7816,220.3439
Namibia,Food Transport,Emissions (CO2eq) from CH4 (AR5),kilotonnes,0.6496,0.7168,0.616,0.6048,0.6188,0.7756,0.5936,0.5376,0.4872,0.4928,0.448,0.4536,0.4228,0.4396,0.4676,0.4956,0.4984,0.4928,0.49,0.4816,0.4922
Namibia,Food Transport,Emissions (CO2eq) from N2O (AR5),kilotonnes,1.219,1.431,1.2985,1.378,1.5105,2.0935,1.696,1.643,1.59,1.7755,1.802,1.8285,1.6695,1.7225,1.8285,1.961,1.961,1.9345,1.9345,2.226,2.3109
Namibia,Food Transport,Emissions (CO2eq) (AR5),kilotonnes,119.9406,146.6168,129.161,134.9983,143.0289,169.4596,150.4811,151.7101,163.7067,182.5978,191.6175,194.0806,189.7288,201.0296,213.5016,227.1001,228.2029,225.9143,224.783,243.4892,223.1471
Namibia,Energy,Emissions (CH4),kilotonnes,9.13,9.24,9.08,9.36,11.6,11.7,11.9,12.8,15.1,15.1,15,14.5,15,14.4,15.3,16.9,16.9,17.3,17.7,18.1,18.5
Namibia,Energy,Emissions (N2O),kilotonnes,0.228,0.298,0.264,0.28,0.292,0.291,0.292,0.301,0.354,0.379,0.401,0.407,0.425,0.462,0.489,0.519,0.546,0.575,0.571,0.603,0.626
Namibia,Energy,Emissions (CO2),kilotonnes,1640,2020,1760,1880,1960,2310,2330,2360,3330,3070,3100,2640,3130,2300,3380,3520,3760,3800,3760,3770,3450
Namibia,Energy,Emissions (CO2eq) from CH4 (AR5),kilotonnes,255.64,258.72,254.24,262.08,324.8,327.6,333.2,358.4,422.8,422.8,420,406,420,403.2,428.4,473.2,473.2,484.4,495.6,506.8,518
Namibia,Energy,Emissions (CO2eq) from N2O (AR5),kilotonnes,60.42,78.97,69.96,74.2,77.38,77.115,77.38,79.765,93.81,100.435,106.265,107.855,112.625,122.43,129.585,137.535,144.69,152.375,151.315,159.795,165.89
Namibia,Energy,Emissions (CO2eq) (AR5),kilotonnes,1956.06,2357.69,2084.2,2216.28,2362.18,2714.715,2740.58,2798.165,3846.61,3593.235,3626.265,3153.855,3662.625,2825.63,3937.985,4130.735,4377.89,4436.775,4406.915,4436.595,4133.89
Namibia,IPPU,Emissions (N2O),kilotonnes,0.0383,0.039,0.0395,0.04,0.0405,0.041,0.0414,0.0419,0.0425,0.0431,0.0438,0.0447,0.0456,0.0467,0.0478,0.0489,0.05,0.0511,0.0522,0.0522,0.0531
Namibia,IPPU,Emissions (CO2),kilotonnes,9.05,12.9,18.4,25.8,55.4,66.7,64.3,77.3,77.2,79.5,78.6,225,303,345,367,376,317,457,524,574,572
Namibia,IPPU,Emissions (CO2eq) from F-gases (AR5),kilotonnes,33.1368,37.5097,41.5911,47.0329,55.2928,103.9777,105.9212,107.8648,100.0907,100.0907,99.119,104.9495,105.9212,110.78,117.5823,132.1586,139.9327,141.8762,146.7349,152.5655,157.4242
Namibia,IPPU,Emissions (CO2eq) from N2O (AR5),kilotonnes,10.1495,10.335,10.4675,10.6,10.7325,10.865,10.971,11.1035,11.2625,11.4215,11.607,11.8455,12.084,12.3755,12.667,12.9585,13.25,13.5415,13.833,13.833,14.0715
Namibia,IPPU,Emissions (CO2eq) (AR5),kilotonnes,52.3363,60.7447,70.4586,83.4329,121.4253,181.5427,181.1922,196.2683,188.5532,191.0122,189.326,341.795,421.0052,468.1555,497.2493,521.1171,470.1827,612.4177,684.5679,740.3985,743.4957
Namibia,Waste,Emissions (CH4),kilotonnes,10.7,10.9,11.2,11.5,11.8,12,12.3,12.6,12.9,13.2,13.6,13.9,14.5,15,15.5,16.1,16.5,17,17.4,17.6,18
Namibia,Waste,Emissions (N2O),kilotonnes,0.0783,0.0797,0.0809,0.0806,0.0799,0.0812,0.0817,0.0831,0.0847,0.0844,0.0837,0.0835,0.0843,0.0852,0.0878,0.0925,0.0981,0.101,0.102,0.0991,0.101
Namibia,Waste,Emissions (CO2),kilotonnes,1.2,1.3,1.3,1.4,1.4,1.5,1.6,1.7,1.7,1.8,1.9,2.1,2.3,2.3,2.4,2.4,2.4,2.59,2.68,2.77,2.86
Namibia,Waste,Emissions (CO2eq) from CH4 (AR5),kilotonnes,299.6,305.2,313.6,322,330.4,336,344.4,352.8,361.2,369.6,380.8,389.2,406,420,434,450.8,462,476,487.2,492.8,504
Namibia,Waste,Emissions (CO2eq) from N2O (AR5),kilotonnes,20.7495,21.1205,21.4385,21.359,21.1735,21.518,21.6505,22.0215,22.4455,22.366,22.1805,22.1275,22.3395,22.578,23.267,24.5125,25.9965,26.765,27.03,26.2615,26.765
Namibia,Waste,Emissions (CO2eq) (AR5),kilotonnes,321.5495,327.6205,336.3385,344.759,352.9735,359.018,367.6505,376.5215,385.3455,393.766,404.8805,413.4275,430.6395,444.878,459.667,477.7125,490.3965,505.355,516.91,521.8315,533.625
Namibia,Other,Emissions (N2O),kilotonnes,0.0922,0.106,0.0946,0.096,0.101,0.106,0.1,0.0986,0.106,0.103,0.0996,0.101,0.106,0.109,0.115,0.123,0.124,0.124,0.124,0.125,0.126
Namibia,Other,Emissions (CO2eq) from N2O (AR5),kilotonnes,24.433,28.09,25.069,25.44,26.765,28.09,26.5,26.129,28.09,27.295,26.394,26.765,28.09,28.885,30.475,32.595,32.86,32.86,32.86,33.125,33.39
Namibia,Other,Emissions (CO2eq) (AR5),kilotonnes,24.433,28.09,25.069,25.44,26.765,28.09,26.5,26.129,28.09,27.295,26.394,26.765,28.09,28.885,30.475,32.595,32.86,32.86,32.86,33.125,33.39
Namibia,Farm-gate emissions,Emissions (CH4),kilotonnes,183.3139,174.5403,152.8226,162.8767,168.9808,184.064,202.8787,188.6163,155.7178,208.9519,194.7217,285.0841,313.8729,174.9328,159.2781,154.1874,167.882,164.9322,147.8831,131.6246,192.1705
Namibia,Farm-gate emissions,Direct emissions (N2O),kilotonnes,4.2349,4.181,4.1599,4.177,4.0937,5.1074,4.214,4.1224,4.3618,4.2973,4.2834,4.2785,4.9804,4.4213,4.6461,4.6344,5.2671,4.9695,4.9132,4.9685,4.6454
Namibia,Farm-gate emissions,Indirect emissions (N2O),kilotonnes,1.1244,1.0993,1.1341,1.1416,1.1102,1.3287,1.1395,1.1119,1.167,1.1554,1.1646,1.1719,1.3169,1.1559,1.1935,1.2087,1.3567,1.2894,1.2755,1.2764,1.1742
Namibia,Farm-gate emissions,Emissions (N2O),kilotonnes,12.3304,11.6302,9.8288,10.6734,11.3769,11.5417,14.3915,13.1393,9.8741,14.8798,13.7077,22.0299,24.0531,11.7912,10.052,9.8888,10.8102,10.9146,9.4292,7.7724,13.1073
Namibia,Farm-gate emissions,Emissions (CO2),kilotonnes,360.253,482.6684,412.3006,439.2403,467.1903,481.0705,516.8418,537.8446,682.3942,734.2886,791.608,717.5406,795.7103,676.4158,1030.9951,1100.1835,1184.7023,1251.9496,1108.5102,1125.2089,1125.2089
Namibia,Farm-gate emissions,Emissions (CO2eq) from CH4 (AR5),kilotonnes,5132.7905,4887.1286,4279.0316,4560.5477,4731.4635,5153.7922,5680.6022,5281.2572,4360.0993,5850.6541,5452.2072,7982.3546,8788.4411,4898.1183,4459.7856,4317.2486,4700.697,4618.1017,4140.7261,3685.4881,5380.7736
Namibia,Farm-gate emissions,Emissions (CO2eq) from N2O (AR5),kilotonnes,3267.549,3082.0043,2604.637,2828.4455,3014.8722,3058.5521,3813.7525,3481.921,2616.6358,3943.1576,3632.539,5837.9362,6374.0655,3124.6679,2663.7915,2620.5342,2864.7125,2892.3675,2498.7254,2059.6872,3473.4412
Namibia,Farm-gate emissions,Emissions (CO2eq) (AR5),kilotonnes,8760.5925,8451.8013,7295.9692,7828.2335,8213.526,8693.4148,10011.1965,9301.0227,7659.1293,10528.1003,9876.3543,14537.8315,15958.2169,8699.202,8154.5722,8037.9662,8750.1118,8762.4187,7747.9616,6870.3842,9979.4237
Namibia,Land Use change,Emissions (CH4),kilotonnes,0,0,0,0,0,0,0,0,0,0,0,0,0,0,0,0,0,0,0,0,0
Namibia,Land Use change,Emissions (N2O),kilotonnes,0,0,0,0,0,0,0,0,0,0,0,0,0,0,0,0,0,0,0,0,0
Namibia,Land Use change,Emissions (CO2),kilotonnes,10557.7953,10557.9143,10557.9143,10557.9143,10557.9143,10557.9143,10557.9143,10557.9143,10557.9143,10557.9143,10557.9143,10557.7061,10557.7061,10557.7061,10557.7061,10557.7061,10558.0035,10558.0035,10558.0035,10558.0035,10558.0035
Namibia,Land Use change,Emissions (CO2eq) from CH4 (AR5),kilotonnes,0,0,0,0,0,0,0,0,0,0,0,0,0,0,0,0,0,0,0,0,0
Namibia,Land Use change,Emissions (CO2eq) from N2O (AR5),kilotonnes,0,0,0,0,0,0,0,0,0,0,0,0,0,0,0,0,0,0,0,0,0
Namibia,Land Use change,Emissions (CO2eq) (AR5),kilotonnes,10557.7953,10557.9143,10557.9143,10557.9143,10557.9143,10557.9143,10557.9143,10557.9143,10557.9143,10557.9143,10557.9143,10557.7061,10557.7061,10557.7061,10557.7061,10557.7061,10558.0035,10558.0035,10558.0035,10558.0035,10558.0035
Namibia,Emissions on agricultural land,Emissions (CH4),kilotonnes,183.3139,174.5403,152.8226,162.8767,168.9808,184.064,202.8787,188.6163,155.7178,208.9519,194.7217,285.0841,313.8729,174.9328,159.2781,154.1874,167.882,164.9322,147.8831,131.6246,192.1705
Namibia,Emissions on agricultural land,Emissions (N2O),kilotonnes,12.3304,11.6302,9.8288,10.6734,11.3769,11.5417,14.3915,13.1393,9.8741,14.8798,13.7077,22.0299,24.0531,11.7912,10.052,9.8888,10.8102,10.9146,9.4292,7.7724,13.1073
Namibia,Emissions on agricultural land,Emissions (CO2),kilotonnes,10918.0483,11040.5827,10970.2149,10997.1546,11025.1046,11038.9848,11074.7561,11095.7589,11240.3085,11292.2028,11349.5223,11275.2467,11353.4164,11234.1219,11588.7012,11657.8896,11742.7058,11809.9531,11666.5137,11683.2124,11683.2124
Namibia,Emissions on agricultural land,Emissions (CO2eq) from CH4 (AR5),kilotonnes,5132.7905,4887.1286,4279.0316,4560.5477,4731.4635,5153.7922,5680.6022,5281.2572,4360.0993,5850.6541,5452.2072,7982.3546,8788.4411,4898.1183,4459.7856,4317.2486,4700.697,4618.1017,4140.7261,3685.4881,5380.7736
Namibia,Emissions on agricultural land,Emissions (CO2eq) from N2O (AR5),kilotonnes,3267.549,3082.0043,2604.637,2828.4455,3014.8722,3058.5521,3813.7525,3481.921,2616.6358,3943.1576,3632.539,5837.9362,6374.0655,3124.6679,2663.7915,2620.5342,2864.7125,2892.3675,2498.7254,2059.6872,3473.4412
Namibia,Emissions on agricultural land,Emissions (CO2eq) (AR5),kilotonnes,19318.3879,19009.7156,17853.8835,18386.1478,18771.4403,19251.3291,20569.1108,19858.937,18217.0436,21086.0146,20434.2686,25095.5376,26515.923,19256.9082,18712.2784,18595.6724,19308.1153,19320.4222,18305.9651,17428.3877,20537.4272
Namibia,Pre- and post- production,Emissions (CH4),kilotonnes,6.0306,5.6429,5.6091,5.5593,5.6722,5.7833,5.8463,5.9708,6.1585,6.27,6.6061,6.6934,6.7312,6.7747,6.9372,7.095,7.3611,7.06,7.1894,7.3855,7.4563
Namibia,Pre- and post- production,Emissions (N2O),kilotonnes,0.0666,0.0647,0.0599,0.0598,0.0601,0.0628,0.0613,0.0632,0.0649,0.0644,0.0663,0.0726,0.0727,0.0744,0.0805,0.0873,0.1017,0.0855,0.0861,0.095,0.0973
Namibia,Pre- and post- production,Emissions (CO2),kilotonnes,562.0481,578.4457,477.6494,438.7088,446.5045,541.1391,541.1018,544.3834,742.9233,678.043,704.6497,634.7786,646.6717,479.2658,912.7546,1028.5518,1058.2749,909.7335,939.8956,962.3156,880.6336
Namibia,Pre- and post- production,Emissions (CO2eq) from CH4 (AR5),kilotonnes,168.8574,158.0025,157.0544,155.6596,158.8224,161.9332,163.6976,167.1833,172.4372,175.5604,184.9706,187.4141,188.4737,189.6913,194.2422,198.6604,206.112,197.6803,201.3042,206.7942,208.775
Namibia,Pre- and post- production,Emissions (CO2eq) from N2O (AR5),kilotonnes,17.644,17.1452,15.8808,15.8405,15.9244,16.6488,16.2323,16.7531,17.203,17.0787,17.5612,19.24,19.2716,19.7263,21.3209,23.1367,26.9394,22.6456,22.809,25.1809,25.7749
Namibia,Pre- and post- production,Emissions (CO2eq) (AR5),kilotonnes,748.5495,753.5934,650.5845,610.2088,621.2512,719.7212,721.0317,728.3198,932.5636,870.6821,907.1815,841.4328,854.4171,688.6833,1128.3177,1250.3488,1291.3263,1130.0594,1164.0088,1194.2907,1115.1835
Namibia,Agri-food systems,Emissions (CH4),kilotonnes,189.3446,180.1833,158.4316,168.436,174.6531,189.8473,208.725,194.5872,161.8763,215.2219,201.3278,291.7775,320.6041,181.7075,166.2153,161.2825,175.2432,171.9922,155.0725,139.0101,199.6267
Namibia,Agri-food systems,Emissions (N2O),kilotonnes,12.397,11.6949,9.8887,10.7332,11.437,11.6045,14.4528,13.2025,9.939,14.9443,13.774,22.1026,24.1258,11.8656,10.1325,9.9761,10.9119,11,9.5152,7.8674,13.2046
Namibia,Agri-food systems,Emissions (CO2),kilotonnes,11480.0964,11619.0285,11447.8642,11435.8633,11471.6091,11580.124,11615.8579,11640.1423,11983.2318,11970.2458,12054.172,11910.0254,12000.0882,11713.3877,12501.4558,12686.4414,12800.9807,12719.6866,12606.4093,12645.528,12563.846
Namibia,Agri-food systems,Emissions (CO2eq) from CH4 (AR5),kilotonnes,5301.6479,5045.131,4436.086,4716.2073,4890.2859,5315.7254,5844.2998,5448.4405,4532.5365,6026.2145,5637.1778,8169.7688,8976.9148,5087.8097,4654.0278,4515.9089,4906.809,4815.7819,4342.0303,3892.2823,5589.5487
Namibia,Agri-food systems,Emissions (CO2eq) from N2O (AR5),kilotonnes,3285.193,3099.1495,2620.5178,2844.2859,3030.7965,3075.2009,3829.9847,3498.6741,2633.8388,3960.2363,3650.1003,5857.1762,6393.3372,3144.3941,2685.1124,2643.6708,2891.6519,2915.0131,2521.5344,2084.8681,3499.2161
Namibia,Agri-food systems,Emissions (CO2eq) (AR5),kilotonnes,20066.9374,19763.3089,18504.468,18996.3565,19392.6915,19971.0503,21290.1425,20587.2568,19149.6072,21956.6967,21341.45,25936.9704,27370.3401,19945.5915,19840.5961,19846.0212,20599.4417,20450.4816,19469.974,18622.6784,21652.6108
Namibia,IPCC Agriculture,Emissions (CH4),kilotonnes,183.282,174.5006,152.7877,162.839,168.9386,184.0133,202.8281,188.5629,155.655,208.8817,194.6445,285.001,313.7589,174.8467,159.1585,154.0565,167.7224,164.7637,147.7285,131.4626,192.0085
Namibia,IPCC Agriculture,Emissions (CH4),kilotonnes,251,252.1,223.6,226.7,,224.4,254.1,266.5,229.4,296.5,266.2,301.4,318.4,201.7,234,219.2,217.7,,,,
Namibia,IPCC Agriculture,Direct emissions (N2O),kilotonnes,4.2349,4.181,4.1599,4.177,4.0937,5.1074,4.214,4.1224,4.3618,4.2973,4.2834,4.2785,4.9804,4.4213,4.6461,4.6344,5.2671,4.9695,4.9132,4.9685,4.6454
Namibia,IPCC Agriculture,Indirect emissions (N2O),kilotonnes,1.1244,1.0993,1.1341,1.1416,1.1102,1.3287,1.1395,1.1119,1.167,1.1554,1.1646,1.1719,1.3169,1.1559,1.1935,1.2087,1.3567,1.2894,1.2755,1.2764,1.1742
Namibia,IPCC Agriculture,Emissions (N2O),kilotonnes,12.2106,11.4612,9.6845,10.518,11.2128,11.3725,14.2101,12.9504,9.6298,14.617,13.4251,21.7759,23.7788,11.566,9.6902,9.5034,10.3996,10.4793,9.0469,7.3861,12.721
Namibia,IPCC Agriculture,Emissions (N2O),kilotonnes,8.6,8.7,7.8,8,,7.9,8.8,9.3,8,10.1,9.1,10.4,11,7.4,8.3,8,8.3,,,,
Namibia,IPCC Agriculture,Emissions (CO2eq) from CH4 (AR5),kilotonnes,5131.8953,4886.0168,4278.055,4559.4925,4730.2806,5152.373,5679.1863,5279.7614,4358.341,5848.6883,5450.0464,7980.0269,8785.2502,4895.7072,4456.4386,4313.5834,4696.2264,4613.3838,4136.3974,3680.9526,5376.2381
Namibia,IPCC Agriculture,Emissions (CO2eq) from CH4 (AR5),kilotonnes,7028,7058.8,6260.8,6347.6,,6283.2,7114.8,7462,6423.2,8302,7453.6,8439.2,8915.2,5647.6,6552,6137.6,6095.6,,,,
Namibia,IPCC Agriculture,Emissions (CO2eq) from N2O (AR5),kilotonnes,3235.8074,3037.2303,2566.3968,2787.268,2971.3877,3013.7204,3765.6669,3431.8682,2551.9088,3873.5108,3557.6469,5770.6018,6301.3794,3064.9844,2567.8914,2518.3954,2755.8988,2777.011,2397.4337,1957.3167,3371.0707
Namibia,IPCC Agriculture,Emissions (CO2eq) from N2O (AR5),kilotonnes,2279,2305.5,2067,2120,,2093.5,2332,2464.5,2120,2676.5,2411.5,2756,2915,1961,2199.5,2120,2199.5,,,,
Namibia,IPCC Agriculture,Emissions (CO2eq) (AR5),kilotonnes,8367.7028,7923.2472,6844.4518,7346.7605,7701.6683,8166.0934,9444.8532,8711.6297,6910.2498,9722.1991,9007.6932,13750.6287,15086.6296,7960.6916,7024.3301,6831.9788,7452.1252,7390.3948,6533.8311,5638.2693,8747.3088
Namibia,IPCC Agriculture,Emissions (CO2eq) (AR5),kilotonnes,9307,9364.3,8327.8,8467.6,,8376.7,9446.8,9926.5,8543.2,10978.5,9865.1,11195.2,11830.2,7608.6,8751.5,8257.6,8295.1,,,,
Namibia,Agricultural Soils,Direct emissions (N2O),kilotonnes,4.2349,4.181,4.1599,4.177,4.0937,5.1074,4.214,4.1224,4.3618,4.2973,4.2834,4.2785,4.9804,4.4213,4.6461,4.6344,5.2671,4.9695,4.9132,4.9685,4.6454
Namibia,Agricultural Soils,Direct emissions (N2O),kilotonnes,5.1,5.2,5.1,5.2,,4.9,5,5,5.1,5.1,4.7,5.7,6.1,5.4,5.8,5.7,6.5,,,,
Namibia,Agricultural Soils,Indirect emissions (N2O),kilotonnes,1.1244,1.0993,1.1341,1.1416,1.1102,1.3287,1.1395,1.1119,1.167,1.1554,1.1646,1.1719,1.3169,1.1559,1.1935,1.2087,1.3567,1.2894,1.2755,1.2764,1.1742
Namibia,Agricultural Soils,Indirect emissions (N2O),kilotonnes,0.004,0.004,0.0072,0.0053,,0.023,0.03,0.035,0.024,0.038,0.056,0.062,0.064,0.049,0.026,0.06,0.1,,,,
Namibia,Agricultural Soils,Emissions (N2O),kilotonnes,5.3599,5.2809,5.2945,5.3191,5.2044,6.4367,5.3541,5.2349,5.5293,5.4534,5.4486,5.451,6.2979,5.5777,5.8401,5.8437,6.6244,6.2595,6.1893,6.2457,5.8204
Namibia,Agricultural Soils,Emissions (N2O),kilotonnes,,,,,,,,,,,,,,,,,,,,,
Namibia,Agricultural Soils,Emissions (CO2eq) from N2O (AR5),kilotonnes,1420.3734,1399.4262,1403.0381,1409.5597,1379.1701,1705.726,1418.8309,1387.247,1465.2775,1445.1394,1443.8685,1444.5094,1668.9532,1478.1002,1547.6384,1548.5802,1755.4559,1658.7626,1640.1518,1655.1209,1542.4051
Namibia,Agricultural Soils,Emissions (CO2eq) from N2O (AR5),kilotonnes,,,,,,,,,,,,,,,,,,,,,
Namibia,Agricultural Soils,Emissions (CO2eq) (AR5),kilotonnes,1420.3734,1399.4262,1403.0381,1409.5597,1379.1701,1705.726,1418.8309,1387.247,1465.2775,1445.1394,1443.8685,1444.5094,1668.9532,1478.1002,1547.6384,1548.5802,1755.4559,1658.7626,1640.1518,1655.1209,1542.4051
Namibia,Agricultural Soils,Emissions (CO2eq) (AR5),kilotonnes,,,,,,,,,,,,,,,,,,,,,
Namibia,LULUCF,Emissions (CH4),kilotonnes,3.1943,0,0,0,0,0,0,0.005,0.0099,0.0074,0.0025,0,0.005,0,0,0.0025,0,0.0025,0,0.0174,0.0471
Namibia,LULUCF,Emissions (CH4),kilotonnes,,,,,,,,,,,,,,,,,,,,,
Namibia,LULUCF,Emissions (N2O),kilotonnes,0.094,0,0,0,0,0,0,0.0005,0.0009,0.0007,0.0002,0,0.0005,0,0,0.0002,0,0.0002,0,0.0016,0.0043
Namibia,LULUCF,Emissions (N2O),kilotonnes,,,,,,,,,,,,,,,,,,,,,
Namibia,LULUCF,Emissions (CO2),kilotonnes,10560.1657,10560.2847,10560.2847,10560.2847,10560.2847,10560.2847,10560.2847,10560.6274,10560.6274,10560.6274,10560.6274,10560.4193,10560.4193,10560.4193,10560.4193,10560.4193,10560.7166,10560.7166,10560.7166,10561.7938,10561.7938
Namibia,LULUCF,Emissions (CO2),kilotonnes,10572,,,,,,,,,,,,,,,,,,,,
Namibia,LULUCF,Emissions (CO2eq) from CH4 (AR5),kilotonnes,89.4401,0,0,0,0,0,0,0.1389,0.2778,0.2083,0.0694,0,0.1389,0,0,0.0695,0,0.0694,0,0.4861,1.3195
Namibia,LULUCF,Emissions (CO2eq) from N2O (AR5),kilotonnes,24.8968,0,0,0,0,0,0,0.12,0.24,0.18,0.06,0,0.12,0,0,0.06,0,0.06,0,0.4201,1.1402
Namibia,LULUCF,Emissions (CO2eq) (AR5),kilotonnes,10674.5026,10560.2847,10560.2847,10560.2847,10560.2847,10560.2847,10560.2847,10560.8863,10561.1453,10561.0158,10560.7569,10560.4193,10560.6782,10560.4193,10560.4193,10560.5487,10560.7166,10560.8461,10560.7166,10562.7001,10564.2536
Namibia,LULUCF,Emissions (CO2eq) (AR5),kilotonnes,10572,,,,,,,,,,,,,,,,,,,,
Namibia,AFOLU,Emissions (CH4),kilotonnes,186.4763,174.5006,152.7877,162.839,168.9386,184.0133,202.8281,188.5679,155.665,208.8892,194.647,285.001,313.7639,174.8467,159.1585,154.059,167.7224,164.7662,147.7285,131.48,192.0556
Namibia,AFOLU,Emissions (N2O),kilotonnes,12.3045,11.4612,9.6845,10.518,11.2128,11.3725,14.2101,12.9509,9.6308,14.6177,13.4253,21.7759,23.7792,11.566,9.6902,9.5036,10.3996,10.4795,9.0469,7.3877,12.7253
Namibia,AFOLU,Emissions (CO2),kilotonnes,10560.1657,10560.2847,10560.2847,10560.2847,10560.2847,10560.2847,10560.2847,10560.6274,10560.6274,10560.6274,10560.6274,10560.4193,10560.4193,10560.4193,10560.4193,10560.4193,10560.7166,10560.7166,10560.7166,10561.7938,10561.7938
Namibia,AFOLU,Emissions (CO2eq) from CH4 (AR5),kilotonnes,5221.3355,4886.0168,4278.055,4559.4925,4730.2806,5152.373,5679.1863,5279.9003,4358.6188,5848.8967,5450.1158,7980.0269,8785.3891,4895.7072,4456.4386,4313.6528,4696.2264,4613.4532,4136.3974,3681.4387,5377.5576
Namibia,AFOLU,Emissions (CO2eq) from N2O (AR5),kilotonnes,3260.7042,3037.2303,2566.3968,2787.268,2971.3877,3013.7204,3765.6669,3431.9883,2552.1488,3873.6908,3557.7069,5770.6018,6301.4994,3064.9844,2567.8914,2518.4555,2755.8988,2777.071,2397.4337,1957.7368,3372.2109
Namibia,AFOLU,Emissions (CO2eq) (AR5),kilotonnes,19042.2054,18483.5318,17404.7365,17907.0451,18261.953,18726.3781,20005.1379,19272.516,17471.395,20283.2149,19568.4501,24311.048,25647.3078,18521.1109,17584.7493,17392.5276,18012.8418,17951.2409,17094.5477,16200.9694,19311.5624
Namibia,All sectors with LULUCF,Emissions (CH4),kilotonnes,206.3063,194.6406,173.0677,183.699,192.3386,207.7133,227.0281,213.9679,183.665,237.1892,223.247,313.401,343.2639,204.2467,189.9585,187.059,201.1224,199.0662,182.8285,167.18,228.5556
Namibia,All sectors with LULUCF,Emissions (N2O),kilotonnes,12.7413,11.9839,10.1635,11.0146,11.7262,11.8917,14.7252,13.4755,10.218,15.2272,14.0534,22.4121,24.4401,12.2689,10.4298,10.287,11.2177,11.3306,9.8961,8.267,13.6314
Namibia,All sectors with LULUCF,Emissions (CO2),kilotonnes,12210.4157,12594.4847,12339.9847,12467.4847,12577.0847,12938.4847,12956.1847,12999.6274,13969.5274,13711.9274,13741.1274,13427.5193,13995.7193,13207.7193,14309.8193,14458.8193,14640.1166,14820.3066,14847.3966,14908.5638,14586.6538
Namibia,All sectors with LULUCF,Emissions (CO2eq) from F-gases (AR5),kilotonnes,33.1368,37.5097,41.5911,47.0329,55.2928,103.9777,105.9212,107.8648,100.0907,100.0907,99.119,104.9495,105.9212,110.78,117.5823,132.1586,139.9327,141.8762,146.7349,152.5655,157.4242
Namibia,All sectors with LULUCF,Emissions (CO2eq) from CH4 (AR5),kilotonnes,5776.5755,5449.9368,4845.895,5143.5725,5385.4806,5815.973,6356.7863,5991.1003,5142.6188,6641.2967,6250.9158,8775.2269,9611.3891,5718.9072,5318.8386,5237.6528,5631.4264,5573.8532,5119.1974,4681.0387,6399.5576
Namibia,All sectors with LULUCF,Emissions (CO2eq) from N2O (AR5),kilotonnes,3376.4562,3175.7458,2693.3318,2918.867,3107.4387,3151.3084,3902.1684,3571.0073,2707.7568,4035.2083,3724.1534,5939.1948,6476.6379,3251.2529,2763.8854,2726.0565,2972.6953,3002.6125,2622.4717,2190.7513,3612.3274
Namibia,All sectors with LULUCF,Emissions (CO2eq) (AR5),kilotonnes,21396.5842,21257.677,19920.8025,20576.957,21125.2968,22009.7438,23321.0606,22669.5998,21919.9938,24488.5231,23815.3156,28246.8904,30189.6675,22288.6594,22510.1256,22554.6872,23384.171,23538.6485,22735.8006,21932.9193,24755.9631
Namibia,All sectors without LULUCF,Emissions (CH4),kilotonnes,203.112,194.6406,173.0677,183.699,192.3386,207.7133,227.0281,213.9629,183.655,237.1817,223.2445,313.401,343.2589,204.2467,189.9585,187.0565,201.1224,199.0637,182.8285,167.1626,228.5085
Namibia,All sectors without LULUCF,Emissions (N2O),kilotonnes,12.6474,11.9839,10.1635,11.0146,11.7262,11.8917,14.7252,13.475,10.217,15.2265,14.0532,22.4121,24.4397,12.2689,10.4298,10.2868,11.2177,11.3304,9.8961,8.2654,13.6271
Namibia,All sectors without LULUCF,Emissions (CO2),kilotonnes,1650.25,2034.2,1779.7,1907.2,2016.8,2378.2,2395.9,2439,3408.9,3151.3,3180.5,2867.1,3435.3,2647.3,3749.4,3898.4,4079.4,4259.59,4286.68,4346.77,4024.86
Namibia,All sectors without LULUCF,Emissions (CO2eq) from F-gases (AR5),kilotonnes,33.1368,37.5097,41.5911,47.0329,55.2928,103.9777,105.9212,107.8648,100.0907,100.0907,99.119,104.9495,105.9212,110.78,117.5823,132.1586,139.9327,141.8762,146.7349,152.5655,157.4242
Namibia,All sectors without LULUCF,Emissions (CO2eq) from CH4 (AR5),kilotonnes,5687.1353,5449.9368,4845.895,5143.5725,5385.4806,5815.973,6356.7863,5990.9614,5142.341,6641.0883,6250.8464,8775.2269,9611.2502,5718.9072,5318.8386,5237.5834,5631.4264,5573.7838,5119.1974,4680.5526,6398.2381
Namibia,All sectors without LULUCF,Emissions (CO2eq) from N2O (AR5),kilotonnes,3351.5594,3175.7458,2693.3318,2918.867,3107.4387,3151.3084,3902.1684,3570.8872,2707.5168,4035.0283,3724.0934,5939.1948,6476.5179,3251.2529,2763.8854,2725.9964,2972.6953,3002.5525,2622.4717,2190.3312,3611.1872
Namibia,All sectors without LULUCF,Emissions (CO2eq) (AR5),kilotonnes,10722.0816,10697.3924,9360.5179,10016.6724,10565.0122,11449.4592,12760.776,12108.7134,11358.8485,13927.5074,13254.5587,17686.4712,19628.9893,11728.2401,11949.7064,11994.1385,12823.4544,12977.8024,12175.084,11370.2193,14191.7096
Nauru,Burning - Crop residues,Emissions (CH4),kilotonnes,,,,,,,,,,,,,,,,,,0,0,0,0
Nauru,Burning - Crop residues,Emissions (N2O),kilotonnes,,,,,,,,,,,,,,,,,,0,0,0,0
Nauru,Burning - Crop residues,Emissions (CO2eq) from CH4 (AR5),kilotonnes,,,,,,,,,,,,,,,,,,0,0,0,0
Nauru,Burning - Crop residues,Emissions (CO2eq) from N2O (AR5),kilotonnes,,,,,,,,,,,,,,,,,,0,0,0,0
Nauru,Burning - Crop residues,Emissions (CO2eq) (AR5),kilotonnes,,,,,,,,,,,,,,,,,,0,0,0,0
Nauru,Enteric Fermentation,Emissions (CH4),kilotonnes,0.0028,0.0028,0.0028,0.0028,0.0028,0.0028,0.0028,0.0029,0.003,0.003,0.003,0.003,0.003,0.003,0.003,0.003,0.003,0.003,0.003,0.003,0.003
Nauru,Enteric Fermentation,Emissions (CH4),kilotonnes,0.0028,,,0.0028,,,,0.0006,,,0.0013,,,,,,,,,,
Nauru,Enteric Fermentation,Emissions (CO2eq) from CH4 (AR5),kilotonnes,0.0784,0.0784,0.0784,0.0784,0.0784,0.0784,0.0784,0.0812,0.084,0.084,0.084,0.084,0.084,0.084,0.084,0.084,0.084,0.0849,0.085,0.0852,0.0854
Nauru,Enteric Fermentation,Emissions (CO2eq) from CH4 (AR5),kilotonnes,0.0784,,,0.0784,,,,0.0168,,,0.0364,,,,,,,,,,
Nauru,Enteric Fermentation,Emissions (CO2eq) (AR5),kilotonnes,0.0784,0.0784,0.0784,0.0784,0.0784,0.0784,0.0784,0.0812,0.084,0.084,0.084,0.084,0.084,0.084,0.084,0.084,0.084,0.0849,0.085,0.0852,0.0854
Nauru,Enteric Fermentation,Emissions (CO2eq) (AR5),kilotonnes,0.0784,,,0.0784,,,,0.0168,,,0.0364,,,,,,,,,,
Nauru,Manure Management,Emissions (CH4),kilotonnes,0.0396,0.0396,0.0396,0.0396,0.0396,0.0396,0.0396,0.041,0.0424,0.0424,0.0424,0.0424,0.0424,0.0424,0.0424,0.0424,0.0424,0.0429,0.0429,0.043,0.0431
Nauru,Manure Management,Emissions (CH4),kilotonnes,0.0562,,,0.0562,,,,0.0113,,,0.0262,,,,,,,,,,
Nauru,Manure Management,Emissions (N2O),kilotonnes,0.0003,0.0003,0.0003,0.0003,0.0003,0.0003,0.0003,0.0004,0.0004,0.0004,0.0004,0.0004,0.0004,0.0004,0.0004,0.0004,0.0004,0.0004,0.0004,0.0004,0.0004
Nauru,Manure Management,Emissions (N2O),kilotonnes,0.0004,,,0.0004,,,,0.0001,,,0.0002,,,,,,,,,,
Nauru,Manure Management,Emissions (CO2eq) from CH4 (AR5),kilotonnes,1.1082,1.1082,1.1082,1.1082,1.1082,1.1082,1.1082,1.1477,1.1872,1.1872,1.1872,1.1872,1.1872,1.1872,1.1872,1.1872,1.1876,1.2001,1.2015,1.2037,1.2066
Nauru,Manure Management,Emissions (CO2eq) from CH4 (AR5),kilotonnes,1.5736,,,1.5736,,,,0.3164,,,0.7336,,,,,,,,,,
Nauru,Manure Management,Emissions (CO2eq) from N2O (AR5),kilotonnes,0.0917,0.0917,0.0917,0.0917,0.0917,0.0917,0.0917,0.0948,0.0979,0.0979,0.0979,0.0979,0.0979,0.0979,0.0979,0.0979,0.0979,0.0989,0.0983,0.0985,0.0994
Nauru,Manure Management,Emissions (CO2eq) from N2O (AR5),kilotonnes,0.106,,,0.106,,,,0.0265,,,0.053,,,,,,,,,,
Nauru,Manure Management,Emissions (CO2eq) (AR5),kilotonnes,1.2,1.2,1.2,1.2,1.2,1.2,1.2,1.2425,1.2851,1.2851,1.2851,1.2851,1.2851,1.2851,1.2851,1.2851,1.2855,1.2991,1.2999,1.3022,1.306
Nauru,Manure Management,Emissions (CO2eq) (AR5),kilotonnes,1.6796,,,1.6796,,,,0.3429,,,0.7866,,,,,,,,,,
Nauru,Manure left on Pasture,Direct emissions (N2O),kilotonnes,0,0,0,0,0,0,0,0,0,0,0,0,0,0,0,0,0,0,0,0,0
Nauru,Manure left on Pasture,Indirect emissions (N2O),kilotonnes,0,0,0,0,0,0,0,0,0,0,0,0,0,0,0,0,0,0,0,0,0
Nauru,Manure left on Pasture,Emissions (N2O),kilotonnes,0,0,0,0,0,0,0,0,0,0,0,0,0,0,0,0,0,0,0,0,0
Nauru,Manure left on Pasture,Emissions (CO2eq) from N2O (AR5),kilotonnes,0.0008,0.0008,0.0008,0.0008,0.0008,0.0008,0.0008,0.0008,0.0008,0.0008,0.0008,0.0008,0.0008,0.0008,0.0008,0.0008,0.0008,0.0008,0.0007,0.0007,0.0008
Nauru,Manure left on Pasture,Emissions (CO2eq) (AR5),kilotonnes,0.0008,0.0008,0.0008,0.0008,0.0008,0.0008,0.0008,0.0008,0.0008,0.0008,0.0008,0.0008,0.0008,0.0008,0.0008,0.0008,0.0008,0.0008,0.0007,0.0007,0.0008
Nauru,Manure applied to Soils,Direct emissions (N2O),kilotonnes,0.0003,0.0003,0.0003,0.0003,0.0003,0.0003,0.0003,0.0003,0.0003,0.0003,0.0003,0.0003,0.0003,0.0003,0.0003,0.0003,0.0003,0.0003,0.0003,0.0003,0.0003
Nauru,Manure applied to Soils,Indirect emissions (N2O),kilotonnes,0.0001,0.0001,0.0001,0.0001,0.0001,0.0001,0.0001,0.0001,0.0001,0.0001,0.0001,0.0001,0.0001,0.0001,0.0001,0.0001,0.0001,0.0001,0.0001,0.0001,0.0001
Nauru,Manure applied to Soils,Emissions (N2O),kilotonnes,0.0004,0.0004,0.0004,0.0004,0.0004,0.0004,0.0004,0.0005,0.0005,0.0005,0.0005,0.0005,0.0005,0.0005,0.0005,0.0005,0.0005,0.0005,0.0005,0.0005,0.0005
Nauru,Manure applied to Soils,Emissions (CO2eq) from N2O (AR5),kilotonnes,0.1168,0.1168,0.1168,0.1168,0.1168,0.1168,0.1168,0.1205,0.1241,0.1241,0.1241,0.1241,0.1241,0.1241,0.1241,0.1241,0.1242,0.1253,0.1234,0.1236,0.1259
Nauru,Manure applied to Soils,Emissions (CO2eq) (AR5),kilotonnes,0.1168,0.1168,0.1168,0.1168,0.1168,0.1168,0.1168,0.1205,0.1241,0.1241,0.1241,0.1241,0.1241,0.1241,0.1241,0.1241,0.1242,0.1253,0.1234,0.1236,0.1259
Nauru,Synthetic Fertilizers,Direct emissions (N2O),kilotonnes,,,,,,,,,,,,,0,0,0,0,0,0,0,0,0
Nauru,Synthetic Fertilizers,Indirect emissions (N2O),kilotonnes,,,,,,,,,,,,,0,0,0,0,0,0,0,0,0
Nauru,Synthetic Fertilizers,Emissions (N2O),kilotonnes,,,,,,,,,,,,,0,0,0,0,0,0,0,0,0
Nauru,Synthetic Fertilizers,Emissions (CO2eq) from N2O (AR5),kilotonnes,,,,,,,,,,,,,0,0,0,0,0,0,0,0,0
Nauru,Synthetic Fertilizers,Emissions (CO2eq) (AR5),kilotonnes,,,,,,,,,,,,,0,0,0,0,0,0,0,0,0
Nauru,Drained organic soils,Emissions (CO2eq) (AR5),kilotonnes,0,0,0,0,0,0,0,0,0,0,0,0,0,0,0,0,0,0,0,0,0
Nauru,Drained organic soils (CO2),Emissions (CO2),kilotonnes,0,0,0,0,0,0,0,0,0,0,0,0,0,0,0,0,0,0,0,0,0
Nauru,Drained organic soils (CO2),Emissions (CO2eq) (AR5),kilotonnes,0,0,0,0,0,0,0,0,0,0,0,0,0,0,0,0,0,0,0,0,0
Nauru,Drained organic soils (N2O),Emissions (N2O),kilotonnes,0,0,0,0,0,0,0,0,0,0,0,0,0,0,0,0,0,0,0,0,0
Nauru,Drained organic soils (N2O),Emissions (CO2eq) from N2O (AR5),kilotonnes,0,0,0,0,0,0,0,0,0,0,0,0,0,0,0,0,0,0,0,0,0
Nauru,Drained organic soils (N2O),Emissions (CO2eq) (AR5),kilotonnes,0,0,0,0,0,0,0,0,0,0,0,0,0,0,0,0,0,0,0,0,0
Nauru,On-farm energy use,Emissions (CH4),kilotonnes,0.0384,0.0321,0.0293,0.0232,0.0262,0.0304,0.0408,0.0447,0.0482,0.0423,0.0471,0.0347,0.034,0.039,0.036,0.03,0.025,0.022,0.0202,0.017,0.017
Nauru,On-farm energy use,Emissions (N2O),kilotonnes,0.0002,0.0002,0.0001,0.0001,0.0001,0.0002,0.0002,0.0002,0.0002,0.0002,0.0002,0.0002,0.0002,0.0002,0.0002,0.0002,0.0001,0.0001,0.0001,0.0001,0.0001
Nauru,On-farm energy use,Emissions (CO2),kilotonnes,12.115,10.1255,9.2467,7.3011,8.2485,9.5746,12.8756,14.1038,15.2042,13.3325,14.865,10.9474,10.7371,12.2856,11.3493,9.464,7.8978,6.9333,6.3634,5.3663,5.3663
Nauru,On-farm energy use,Emissions (CO2eq) from CH4 (AR5),kilotonnes,1.0757,0.8991,0.8211,0.6483,0.7324,0.8502,1.1433,1.2523,1.3501,1.1839,1.3199,0.9721,0.9534,1.0909,1.0078,0.8404,0.7013,0.6156,0.565,0.4765,0.4765
Nauru,On-farm energy use,Emissions (CO2eq) from N2O (AR5),kilotonnes,0.0509,0.0425,0.0389,0.0307,0.0347,0.0402,0.0541,0.0593,0.0639,0.056,0.0625,0.046,0.0451,0.0516,0.0477,0.0398,0.0332,0.0291,0.0267,0.0225,0.0225
Nauru,On-farm energy use,Emissions (CO2eq) (AR5),kilotonnes,13.2416,11.0672,10.1066,7.9801,9.0156,10.465,14.0729,15.4154,16.6181,14.5724,16.2474,11.9655,11.7356,13.4282,12.4047,10.3441,8.6323,7.578,6.9552,5.8653,5.8653
Nauru,Forestland,Emissions (CO2),kilotonnes,0,0,0,0,0,0,0,0,0,0,0,0,0,0,0,0,0,0,0,0,0
Nauru,Forestland,Emissions (CO2eq) (AR5),kilotonnes,0,0,0,0,0,0,0,0,0,0,0,0,0,0,0,0,0,0,0,0,0
Nauru,Net Forest conversion,Emissions (CO2),kilotonnes,0,0,0,0,0,0,0,0,0,0,0,0,0,0,0,0,0,0,0,0,0
Nauru,Net Forest conversion,Emissions (CO2eq) (AR5),kilotonnes,0,0,0,0,0,0,0,0,0,0,0,0,0,0,0,0,0,0,0,0,0
Nauru,Savanna fires,Emissions (CH4),kilotonnes,0,0,0,0,0,0,0,0,0,0,0,0,0,0,0,0,0,0,0,0,0
Nauru,Savanna fires,Emissions (N2O),kilotonnes,0,0,0,0,0,0,0,0,0,0,0,0,0,0,0,0,0,0,0,0,0
Nauru,Savanna fires,Emissions (CO2eq) from CH4 (AR5),kilotonnes,0,0,0,0,0,0,0,0,0,0,0,0,0,0,0,0,0,0,0,0,0
Nauru,Savanna fires,Emissions (CO2eq) from N2O (AR5),kilotonnes,0,0,0,0,0,0,0,0,0,0,0,0,0,0,0,0,0,0,0,0,0
Nauru,Savanna fires,Emissions (CO2eq) (AR5),kilotonnes,0,0,0,0,0,0,0,0,0,0,0,0,0,0,0,0,0,0,0,0,0
Nauru,Fires in organic soils,Emissions (CH4),kilotonnes,0,0,0,0,0,0,0,0,0,0,0,0,0,0,0,0,0,0,0,0,0
Nauru,Fires in organic soils,Emissions (CO2),kilotonnes,0,0,0,0,0,0,0,0,0,0,0,0,0,0,0,0,0,0,0,0,0
Nauru,Fires in organic soils,Emissions (CO2eq) from CH4 (AR5),kilotonnes,0,0,0,0,0,0,0,0,0,0,0,0,0,0,0,0,0,0,0,0,0
Nauru,Fires in organic soils,Emissions (CO2eq) (AR5),kilotonnes,0,0,0,0,0,0,0,0,0,0,0,0,0,0,0,0,0,0,0,0,0
Nauru,Forest fires,Emissions (CH4),kilotonnes,0,0,0,0,0,0,0,0,0,0,0,0,0,0,0,0,0,0,0,0,0
Nauru,Forest fires,Emissions (N2O),kilotonnes,0,0,0,0,0,0,0,0,0,0,0,0,0,0,0,0,0,0,0,0,0
Nauru,Forest fires,Emissions (CO2eq) from CH4 (AR5),kilotonnes,0,0,0,0,0,0,0,0,0,0,0,0,0,0,0,0,0,0,0,0,0
Nauru,Forest fires,Emissions (CO2eq) from N2O (AR5),kilotonnes,0,0,0,0,0,0,0,0,0,0,0,0,0,0,0,0,0,0,0,0,0
Nauru,Forest fires,Emissions (CO2eq) (AR5),kilotonnes,0,0,0,0,0,0,0,0,0,0,0,0,0,0,0,0,0,0,0,0,0
Nauru,Fires in humid tropical forests,Emissions (CH4),kilotonnes,0,0,0,0,0,0,0,0,0,0,0,0,0,0,0,0,0,0,0,0,0
Nauru,Fires in humid tropical forests,Emissions (N2O),kilotonnes,0,0,0,0,0,0,0,0,0,0,0,0,0,0,0,0,0,0,0,0,0
Nauru,Fires in humid tropical forests,Emissions (CO2eq) from CH4 (AR5),kilotonnes,0,0,0,0,0,0,0,0,0,0,0,0,0,0,0,0,0,0,0,0,0
Nauru,Fires in humid tropical forests,Emissions (CO2eq) from N2O (AR5),kilotonnes,0,0,0,0,0,0,0,0,0,0,0,0,0,0,0,0,0,0,0,0,0
Nauru,Fires in humid tropical forests,Emissions (CO2eq) (AR5),kilotonnes,0,0,0,0,0,0,0,0,0,0,0,0,0,0,0,0,0,0,0,0,0
Nauru,Waste - agri-food systems,Emissions (CH4),kilotonnes,0.0132,0.0131,0.0129,0.0128,0.0127,0.0126,0.0126,0.0126,0.0126,0.0127,0.013,0.0131,0.0132,0.0133,0.0133,0.0134,0.0135,0.0136,0.0138,0.0139,0.014
Nauru,Waste - agri-food systems,Emissions (N2O),kilotonnes,0,0,0,0,0,0,0,0,0,0,0,0,0,0,0,0,0,0,0,0,0
Nauru,Waste - agri-food systems,Emissions (CO2),kilotonnes,0,0,0,0,0,0,0,0,0,0,0,0,0,0,0,0,0,0,0,0,0
Nauru,Waste - agri-food systems,Emissions (CO2eq) from CH4 (AR5),kilotonnes,0.3697,0.3655,0.3613,0.3573,0.3543,0.3522,0.3515,0.3522,0.3534,0.3557,0.3649,0.367,0.3694,0.372,0.3717,0.3748,0.3784,0.3821,0.3857,0.3887,0.3912
Nauru,Waste - agri-food systems,Emissions (CO2eq) from N2O (AR5),kilotonnes,0,0,0,0,0,0,0,0,0,0,0.0006,0.0006,0.0006,0.0006,0.0004,0.0004,0.0004,0.0004,0.0004,0.0004,0.0004
Nauru,Waste - agri-food systems,Emissions (CO2eq) (AR5),kilotonnes,0.3697,0.3655,0.3613,0.3573,0.3543,0.3522,0.3515,0.3522,0.3534,0.3557,0.3655,0.3676,0.37,0.3726,0.3721,0.3752,0.3788,0.3825,0.3861,0.3891,0.3915
Nauru,On-farm electricity use,Emissions (CH4),kilotonnes,0,0,0,0,0,0,0,0,0,0,0,0,0,0,0,0,0,0,0,0,0
Nauru,On-farm electricity use,Emissions (N2O),kilotonnes,0,0,0,0,0,0,0,0,0,0,0,0,0,0,0,0,0,0,0,0,0
Nauru,On-farm electricity use,Emissions (CO2),kilotonnes,0,0,0,0,0,0,0,0,0,0,0,0,0,0,0,0,0,0,0,0,0
Nauru,On-farm electricity use,Emissions (CO2eq) from CH4 (AR5),kilotonnes,0,0,0,0,0,0,0,0,0,0,0,0,0,0,0,0,0,0,0,0,0
Nauru,On-farm electricity use,Emissions (CO2eq) from N2O (AR5),kilotonnes,0,0,0,0,0,0,0,0,0,0,0,0,0,0,0,0,0,0,0,0,0
Nauru,On-farm electricity use,Emissions (CO2eq) (AR5),kilotonnes,0,0,0,0,0,0,0,0,0,0,0,0,0,0,0,0,0,0,0,0,0
Nauru,Food Processing,Emissions (CH4),kilotonnes,0,0.0001,0.0001,0.0001,0.0001,0.0001,0.0001,0,0,0,0.0001,0,0,0,0,0,0,0,0,0,0
Nauru,Food Processing,Emissions (N2O),kilotonnes,0,0,0,0,0,0,0,0,0,0,0,0,0,0,0,0,0,0,0,0,0
Nauru,Food Processing,Emissions (CO2),kilotonnes,2.3646,2.3746,2.1234,1.9096,1.8645,1.8796,1.2462,1.2544,1.1854,2.1136,2.7666,2.4828,2.4484,2.7435,3.3552,3.7986,2.9621,3.0809,3.3247,4.4875,4.4468
Nauru,Food Processing,Emissions (CO2eq) from CH4 (AR5),kilotonnes,0,0.0028,0.0028,0.0028,0.0028,0.0028,0.0028,0,0,0,0.0028,0,0,0,0,0,0,0,0,0,0
Nauru,Food Processing,Emissions (CO2eq) from N2O (AR5),kilotonnes,0,0,0,0,0,0,0,0,0,0,0,0,0,0,0,0,0,0,0,0,0
Nauru,Food Processing,Emissions (CO2eq) (AR5),kilotonnes,2.3646,2.3774,2.1262,1.9124,1.8673,1.8824,1.249,1.2544,1.1854,2.1136,2.7694,2.4828,2.4484,2.7435,3.3552,3.7986,2.9621,3.0809,3.3247,4.4875,4.4468
Nauru,Food Packaging,Emissions (CH4),kilotonnes,0,0,0,0,0,0,0,0,0,0,0,0,0,0,0,0,0,0,0,0,0
Nauru,Food Packaging,Emissions (N2O),kilotonnes,0,0,0,0,0,0,0,0,0,0,0,0,0,0,0,0,0,0,0,0,0
Nauru,Food Packaging,Emissions (CO2),kilotonnes,0.1522,0.1399,0.1468,0.0908,0.0866,0.0592,0.0439,0.0426,0.0449,0.0433,0.0503,0.0428,0.0512,0.0623,0.0847,0.0805,0.0697,0.0712,0.0935,0.0032,0.0032
Nauru,Food Packaging,Emissions (CO2eq) from CH4 (AR5),kilotonnes,0,0,0,0,0,0,0,0,0,0,0,0,0,0,0,0,0,0,0,0,0
Nauru,Food Packaging,Emissions (CO2eq) from N2O (AR5),kilotonnes,0,0,0,0,0,0,0,0,0,0,0,0,0,0,0,0,0,0,0,0,0
Nauru,Food Packaging,Emissions (CO2eq) (AR5),kilotonnes,0.1522,0.1399,0.1468,0.0908,0.0866,0.0592,0.0439,0.0426,0.0449,0.0433,0.0503,0.0428,0.0512,0.0623,0.0847,0.0805,0.0697,0.0712,0.0935,0.0032,0.0032
Nauru,Food Retail,Emissions (CH4),kilotonnes,0.0013,0.0042,0.0062,0.0069,0.0061,0.0044,0.0026,0.0018,0.0017,0.002,0.0021,0.0021,0.0012,0.0012,0.0011,0.0012,0.0013,0.0021,0.0023,0.0016,0.0013
Nauru,Food Retail,Emissions (N2O),kilotonnes,0,0,0,0,0,0,0,0,0,0,0,0,0,0,0,0,0,0,0,0,0
Nauru,Food Retail,Emissions (CO2),kilotonnes,1.4645,1.402,1.3377,1.1466,1.1466,1.0823,0.7644,0.7644,0.7232,0.851,0.8288,0.866,0.4872,0.5084,0.4818,0.4871,0.5486,0.8741,0.969,0.6685,0.6624
Nauru,Food Retail,Emissions (CO2eq) from CH4 (AR5),kilotonnes,0.0368,0.1176,0.173,0.1937,0.1712,0.1219,0.0729,0.0504,0.0476,0.056,0.0588,0.0588,0.0336,0.0336,0.0308,0.0336,0.0364,0.0588,0.0644,0.0448,0.0377
Nauru,Food Retail,Emissions (CO2eq) from N2O (AR5),kilotonnes,0,0,0,0,0,0,0,0,0,0,0,0,0,0,0,0,0,0,0,0,0
Nauru,Food Retail,Emissions (CO2eq) (AR5),kilotonnes,1.5013,1.5196,1.5107,1.3403,1.3178,1.2042,0.8373,0.8148,0.7708,0.907,0.8876,0.9248,0.5208,0.542,0.5126,0.5207,0.585,0.9329,1.0334,0.7133,0.7001
Nauru,Food Household Consumption,Emissions (CH4),kilotonnes,0.0021,0.002,0.002,0.002,0.002,0.0019,0.0011,0.0012,0.0012,0.0012,0.0014,0.0014,0.0014,0.0014,0.0015,0.0017,0.0018,0.002,0.0021,0.0022,0.0018
Nauru,Food Household Consumption,Emissions (N2O),kilotonnes,0,0,0,0,0,0,0,0,0,0,0,0,0,0,0,0,0,0,0,0,0
Nauru,Food Household Consumption,Emissions (CO2),kilotonnes,0.8782,0.8255,0.8421,0.842,0.8383,0.8365,0.4752,0.5246,0.528,0.5215,0.5611,0.5663,0.5938,0.5984,0.6307,0.7322,0.7812,0.8284,0.8859,0.9247,0.9163
Nauru,Food Household Consumption,Emissions (CO2eq) from CH4 (AR5),kilotonnes,0.0588,0.056,0.056,0.056,0.056,0.0532,0.0308,0.0336,0.0336,0.0336,0.0392,0.0392,0.0392,0.0392,0.042,0.0476,0.0504,0.056,0.0588,0.0616,0.0518
Nauru,Food Household Consumption,Emissions (CO2eq) from N2O (AR5),kilotonnes,0,0,0,0,0,0,0,0,0,0,0,0,0,0,0,0,0,0,0,0,0
Nauru,Food Household Consumption,Emissions (CO2eq) (AR5),kilotonnes,0.937,0.8815,0.8981,0.898,0.8943,0.8897,0.506,0.5582,0.5616,0.5551,0.6003,0.6055,0.633,0.6376,0.6727,0.7798,0.8316,0.8844,0.9447,0.9863,0.9681
Nauru,Energy,Emissions (CH4),kilotonnes,0.001,0.0033,0.0048,0.0054,0.0048,0.0034,0.002,0.0014,0.0015,0.0018,0.0026,0.002,0.0019,0.0018,0.0016,0.0015,0.0013,0.0012,0.001,0.0009,0.0008
Nauru,Energy,Emissions (N2O),kilotonnes,0.0001,0.0002,0.0003,0.0003,0.0003,0.0002,0.0002,0.0001,0.0002,0.0002,0.0003,0.0002,0.0002,0.0002,0.0002,0.0002,0.0003,0.0003,0.0003,0.0003,0.0003
Nauru,Energy,Emissions (CO2),kilotonnes,84.3,80.7,77,66,66,62.3,44,44,44,40.3,44,40.3,44,47.7,51.3,55,44,47.7,50.4,55.1,54.6
Nauru,Energy,Emissions (CO2eq) from CH4 (AR5),kilotonnes,0.0288,0.0921,0.1355,0.1518,0.1341,0.0955,0.0571,0.0395,0.042,0.0515,0.0722,0.0571,0.0532,0.049,0.0451,0.0412,0.037,0.033,0.0291,0.0251,0.0211
Nauru,Energy,Emissions (CO2eq) from N2O (AR5),kilotonnes,0.0231,0.0509,0.0708,0.0782,0.0718,0.0578,0.0437,0.0374,0.0429,0.0583,0.0806,0.062,0.0631,0.0641,0.0649,0.066,0.067,0.0681,0.0689,0.07,0.071
Nauru,Energy,Emissions (CO2eq) (AR5),kilotonnes,84.3519,80.843,77.2063,66.2299,66.2059,62.4532,44.1008,44.0768,44.0849,40.4098,44.1528,40.4191,44.1163,47.8131,51.41,55.1071,44.104,47.8011,50.498,55.195,54.6921
Nauru,IPPU,Emissions (N2O),kilotonnes,0.0002,0.0002,0.0002,0.0002,0.0002,0.0002,0.0002,0.0002,0.0002,0.0002,0.0002,0.0002,0.0002,0.0002,0.0002,0.0002,0.0002,0.0002,0.0002,0.0002,0.0002
Nauru,IPPU,Emissions (CO2),kilotonnes,0.383,0.392,0.402,0.411,0.42,0.428,0.436,0.444,0.452,0.452,0.452,0.452,0.452,0.457,0.462,0.467,0.472,0.477,0.482,0.483,0.487
Nauru,IPPU,Emissions (CO2eq) from N2O (AR5),kilotonnes,0.0541,0.0543,0.0543,0.0546,0.0546,0.0546,0.0543,0.0541,0.0535,0.0535,0.0541,0.0551,0.0564,0.0583,0.0596,0.0607,0.0612,0.0612,0.061,0.0617,0.0625
Nauru,IPPU,Emissions (CO2eq) (AR5),kilotonnes,0.4371,0.4463,0.4563,0.4656,0.4746,0.4826,0.4903,0.4981,0.5055,0.5055,0.5061,0.5071,0.5084,0.5153,0.5216,0.5277,0.5332,0.5382,0.543,0.5447,0.5495
Nauru,Waste,Emissions (CH4),kilotonnes,0.0605,0.0611,0.0617,0.0625,0.0635,0.0643,0.065,0.0711,0.0759,0.0774,0.0798,0.0828,0.0859,0.0925,0.0997,0.102,0.104,0.105,0.105,0.112,0.116
Nauru,Waste,Emissions (N2O),kilotonnes,0.0007,0.0007,0.0007,0.0007,0.0007,0.0007,0.0008,0.0008,0.0007,0.0007,0.0006,0.0007,0.0007,0.0007,0.0007,0.0007,0.0007,0.0006,0.0006,0.0006,0.0006
Nauru,Waste,Emissions (CO2eq) from CH4 (AR5),kilotonnes,1.694,1.7108,1.7276,1.75,1.778,1.8004,1.82,1.9908,2.1252,2.1672,2.2344,2.3184,2.4052,2.59,2.7916,2.856,2.912,2.94,2.94,3.136,3.248
Nauru,Waste,Emissions (CO2eq) from N2O (AR5),kilotonnes,0.1786,0.1807,0.185,0.1895,0.1937,0.1985,0.2025,0.204,0.1964,0.1773,0.1521,0.1794,0.1781,0.1768,0.1752,0.1738,0.1725,0.1712,0.1699,0.1685,0.1672
Nauru,Waste,Emissions (CO2eq) (AR5),kilotonnes,1.8726,1.8915,1.9126,1.9395,1.9717,1.9989,2.0225,2.1948,2.3216,2.3445,2.3865,2.4978,2.5833,2.7668,2.9668,3.0298,3.0845,3.1112,3.1099,3.3045,3.4152
Nauru,Farm-gate emissions,Emissions (CH4),kilotonnes,0.0808,0.0745,0.0717,0.0655,0.0685,0.0727,0.0832,0.0886,0.0936,0.0877,0.0925,0.0801,0.0794,0.0844,0.0814,0.0754,0.0705,0.0679,0.0661,0.063,0.0632
Nauru,Farm-gate emissions,Direct emissions (N2O),kilotonnes,0.0003,0.0003,0.0003,0.0003,0.0003,0.0003,0.0003,0.0003,0.0003,0.0003,0.0003,0.0003,0.0003,0.0003,0.0003,0.0003,0.0003,0.0003,0.0003,0.0003,0.0003
Nauru,Farm-gate emissions,Indirect emissions (N2O),kilotonnes,0.0001,0.0001,0.0001,0.0001,0.0001,0.0001,0.0001,0.0001,0.0001,0.0001,0.0001,0.0001,0.0001,0.0001,0.0001,0.0001,0.0001,0.0001,0.0001,0.0001,0.0001
Nauru,Farm-gate emissions,Emissions (N2O),kilotonnes,0.001,0.001,0.0009,0.0009,0.0009,0.0009,0.001,0.001,0.0011,0.0011,0.0011,0.001,0.001,0.001,0.001,0.001,0.001,0.001,0.0009,0.0009,0.0009
Nauru,Farm-gate emissions,Emissions (CO2),kilotonnes,12.115,10.1255,9.2467,7.3011,8.2485,9.5746,12.8756,14.1038,15.2042,13.3325,14.865,10.9474,10.7371,12.2856,11.3493,9.464,7.8978,6.9333,6.3634,5.3663,5.3663
Nauru,Farm-gate emissions,Emissions (CO2eq) from CH4 (AR5),kilotonnes,2.2624,2.0857,2.0077,1.8349,1.9191,2.0368,2.3299,2.4813,2.6213,2.4551,2.5911,2.2433,2.2246,2.3621,2.279,2.1116,1.9729,1.9007,1.8516,1.7654,1.7684
Nauru,Farm-gate emissions,Emissions (CO2eq) from N2O (AR5),kilotonnes,0.2602,0.2519,0.2482,0.24,0.244,0.2496,0.2634,0.2753,0.2867,0.2788,0.2853,0.2688,0.2679,0.2744,0.2705,0.2626,0.2561,0.2541,0.2492,0.2453,0.2487
Nauru,Farm-gate emissions,Emissions (CO2eq) (AR5),kilotonnes,14.6376,12.4631,11.5026,9.376,10.4115,11.861,15.4689,16.8604,18.1121,16.0664,17.7414,13.4595,13.2296,14.9222,13.8987,11.8382,10.1267,9.0881,8.4642,7.377,7.3834
Nauru,Land Use change,Emissions (CH4),kilotonnes,0,0,0,0,0,0,0,0,0,0,0,0,0,0,0,0,0,0,0,0,0
Nauru,Land Use change,Emissions (N2O),kilotonnes,0,0,0,0,0,0,0,0,0,0,0,0,0,0,0,0,0,0,0,0,0
Nauru,Land Use change,Emissions (CO2),kilotonnes,0,0,0,0,0,0,0,0,0,0,0,0,0,0,0,0,0,0,0,0,0
Nauru,Land Use change,Emissions (CO2eq) from CH4 (AR5),kilotonnes,0,0,0,0,0,0,0,0,0,0,0,0,0,0,0,0,0,0,0,0,0
Nauru,Land Use change,Emissions (CO2eq) from N2O (AR5),kilotonnes,0,0,0,0,0,0,0,0,0,0,0,0,0,0,0,0,0,0,0,0,0
Nauru,Land Use change,Emissions (CO2eq) (AR5),kilotonnes,0,0,0,0,0,0,0,0,0,0,0,0,0,0,0,0,0,0,0,0,0
Nauru,Emissions on agricultural land,Emissions (CH4),kilotonnes,0.0808,0.0745,0.0717,0.0655,0.0685,0.0727,0.0832,0.0886,0.0936,0.0877,0.0925,0.0801,0.0794,0.0844,0.0814,0.0754,0.0705,0.0679,0.0661,0.063,0.0632
Nauru,Emissions on agricultural land,Emissions (N2O),kilotonnes,0.001,0.001,0.0009,0.0009,0.0009,0.0009,0.001,0.001,0.0011,0.0011,0.0011,0.001,0.001,0.001,0.001,0.001,0.001,0.001,0.0009,0.0009,0.0009
Nauru,Emissions on agricultural land,Emissions (CO2),kilotonnes,12.115,10.1255,9.2467,7.3011,8.2485,9.5746,12.8756,14.1038,15.2042,13.3325,14.865,10.9474,10.7371,12.2856,11.3493,9.464,7.8978,6.9333,6.3634,5.3663,5.3663
Nauru,Emissions on agricultural land,Emissions (CO2eq) from CH4 (AR5),kilotonnes,2.2624,2.0857,2.0077,1.8349,1.9191,2.0368,2.3299,2.4813,2.6213,2.4551,2.5911,2.2433,2.2246,2.3621,2.279,2.1116,1.9729,1.9007,1.8516,1.7654,1.7684
Nauru,Emissions on agricultural land,Emissions (CO2eq) from N2O (AR5),kilotonnes,0.2602,0.2519,0.2482,0.24,0.244,0.2496,0.2634,0.2753,0.2867,0.2788,0.2853,0.2688,0.2679,0.2744,0.2705,0.2626,0.2561,0.2541,0.2492,0.2453,0.2487
Nauru,Emissions on agricultural land,Emissions (CO2eq) (AR5),kilotonnes,14.6376,12.4631,11.5026,9.376,10.4115,11.861,15.4689,16.8604,18.1121,16.0664,17.7414,13.4595,13.2296,14.9222,13.8987,11.8382,10.1267,9.0881,8.4642,7.377,7.3834
Nauru,Pre- and post- production,Emissions (CH4),kilotonnes,0.0166,0.0194,0.0212,0.0218,0.0209,0.0189,0.0164,0.0156,0.0155,0.0159,0.0166,0.0166,0.0158,0.0159,0.0159,0.0163,0.0166,0.0177,0.0182,0.0177,0.0172
Nauru,Pre- and post- production,Emissions (N2O),kilotonnes,0,0,0,0,0,0,0,0,0,0,0,0,0,0,0,0,0,0,0,0,0
Nauru,Pre- and post- production,Emissions (CO2),kilotonnes,4.8595,4.742,4.45,3.989,3.936,3.8576,2.5297,2.586,2.4815,3.5294,4.2068,3.9579,3.5806,3.9126,4.5524,5.0984,4.3616,4.8546,5.2731,6.0839,6.0287
Nauru,Pre- and post- production,Emissions (CO2eq) from CH4 (AR5),kilotonnes,0.4653,0.5419,0.5931,0.6099,0.5843,0.5301,0.458,0.4362,0.4346,0.4453,0.4657,0.465,0.4422,0.4448,0.4445,0.456,0.4652,0.4969,0.5089,0.4951,0.4806
Nauru,Pre- and post- production,Emissions (CO2eq) from N2O (AR5),kilotonnes,0,0,0,0,0,0,0,0,0,0,0.0006,0.0006,0.0006,0.0006,0.0004,0.0004,0.0004,0.0004,0.0004,0.0004,0.0004
Nauru,Pre- and post- production,Emissions (CO2eq) (AR5),kilotonnes,5.3248,5.2839,5.0431,4.5989,4.5203,4.3878,2.9877,3.0222,2.9161,3.9747,4.6731,4.4235,4.0234,4.358,4.9973,5.5548,4.8272,5.3519,5.7824,6.5794,6.5096
Nauru,Agri-food systems,Emissions (CH4),kilotonnes,0.0974,0.0938,0.0929,0.0873,0.0894,0.0917,0.0996,0.1042,0.1091,0.1036,0.1092,0.0967,0.0952,0.1002,0.0973,0.0917,0.0871,0.0856,0.0843,0.0807,0.0803
Nauru,Agri-food systems,Emissions (N2O),kilotonnes,0.001,0.001,0.0009,0.0009,0.0009,0.0009,0.001,0.001,0.0011,0.0011,0.0011,0.001,0.001,0.001,0.001,0.001,0.001,0.001,0.0009,0.0009,0.0009
Nauru,Agri-food systems,Emissions (CO2),kilotonnes,16.9745,14.8675,13.6967,11.2901,12.1845,13.4322,15.4053,16.6898,17.6857,16.8619,19.0718,14.9053,14.3177,16.1982,15.9017,14.5624,12.2594,11.7879,11.6365,11.4502,11.3949
Nauru,Agri-food systems,Emissions (CO2eq) from CH4 (AR5),kilotonnes,2.7277,2.6276,2.6008,2.4448,2.5034,2.567,2.7879,2.9174,3.0558,2.9004,3.0568,2.7083,2.6668,2.8069,2.7235,2.5675,2.4381,2.3976,2.3605,2.2605,2.249
Nauru,Agri-food systems,Emissions (CO2eq) from N2O (AR5),kilotonnes,0.2602,0.2519,0.2482,0.24,0.244,0.2496,0.2634,0.2753,0.2867,0.2788,0.2859,0.2695,0.2686,0.2751,0.2709,0.263,0.2564,0.2545,0.2495,0.2457,0.249
Nauru,Agri-food systems,Emissions (CO2eq) (AR5),kilotonnes,19.9624,17.747,16.5457,13.9749,14.9319,16.2487,18.4566,19.8826,21.0282,20.0411,22.4145,17.883,17.253,19.2802,18.8961,17.3929,14.9539,14.44,14.2466,13.9563,13.893
Nauru,IPCC Agriculture,Emissions (CH4),kilotonnes,0.0424,0.0424,0.0424,0.0424,0.0424,0.0424,0.0424,0.0439,0.0454,0.0454,0.0454,0.0454,0.0454,0.0454,0.0454,0.0454,0.0454,0.0459,0.0459,0.046,0.0461
Nauru,IPCC Agriculture,Emissions (CH4),kilotonnes,0.059,,,0.059,,,,0.0118,,,0.0275,,,,,,,,,,
Nauru,IPCC Agriculture,Direct emissions (N2O),kilotonnes,0.0003,0.0003,0.0003,0.0003,0.0003,0.0003,0.0003,0.0003,0.0003,0.0003,0.0003,0.0003,0.0003,0.0003,0.0003,0.0003,0.0003,0.0003,0.0003,0.0003,0.0003
Nauru,IPCC Agriculture,Indirect emissions (N2O),kilotonnes,0.0001,0.0001,0.0001,0.0001,0.0001,0.0001,0.0001,0.0001,0.0001,0.0001,0.0001,0.0001,0.0001,0.0001,0.0001,0.0001,0.0001,0.0001,0.0001,0.0001,0.0001
Nauru,IPCC Agriculture,Emissions (N2O),kilotonnes,0.0008,0.0008,0.0008,0.0008,0.0008,0.0008,0.0008,0.0008,0.0008,0.0008,0.0008,0.0008,0.0008,0.0008,0.0008,0.0008,0.0008,0.0008,0.0008,0.0008,0.0009
Nauru,IPCC Agriculture,Emissions (N2O),kilotonnes,0.0012,,,0.0012,,,,0.0002,,,0.0006,,,,,,,,,,
Nauru,IPCC Agriculture,Emissions (CO2eq) from CH4 (AR5),kilotonnes,1.1866,1.1866,1.1866,1.1866,1.1866,1.1866,1.1866,1.2289,1.2712,1.2712,1.2712,1.2712,1.2712,1.2712,1.2712,1.2712,1.2716,1.2851,1.2865,1.2889,1.2919
Nauru,IPCC Agriculture,Emissions (CO2eq) from CH4 (AR5),kilotonnes,1.652,,,1.652,,,,0.3304,,,0.77,,,,,,,,,,
Nauru,IPCC Agriculture,Emissions (CO2eq) from N2O (AR5),kilotonnes,0.2093,0.2093,0.2093,0.2093,0.2093,0.2093,0.2093,0.2161,0.2228,0.2228,0.2228,0.2228,0.2228,0.2228,0.2228,0.2229,0.2229,0.225,0.2224,0.2228,0.2261
Nauru,IPCC Agriculture,Emissions (CO2eq) from N2O (AR5),kilotonnes,0.318,,,0.318,,,,0.053,,,0.159,,,,,,,,,,
Nauru,IPCC Agriculture,Emissions (CO2eq) (AR5),kilotonnes,1.396,1.396,1.396,1.396,1.396,1.396,1.396,1.445,1.494,1.494,1.494,1.494,1.494,1.494,1.494,1.4941,1.4945,1.5101,1.509,1.5117,1.5181
Nauru,IPCC Agriculture,Emissions (CO2eq) (AR5),kilotonnes,1.97,,,1.97,,,,0.3834,,,0.929,,,,,,,,,,
Nauru,Agricultural Soils,Direct emissions (N2O),kilotonnes,0.0003,0.0003,0.0003,0.0003,0.0003,0.0003,0.0003,0.0003,0.0003,0.0003,0.0003,0.0003,0.0003,0.0003,0.0003,0.0003,0.0003,0.0003,0.0003,0.0003,0.0003
Nauru,Agricultural Soils,Indirect emissions (N2O),kilotonnes,0.0001,0.0001,0.0001,0.0001,0.0001,0.0001,0.0001,0.0001,0.0001,0.0001,0.0001,0.0001,0.0001,0.0001,0.0001,0.0001,0.0001,0.0001,0.0001,0.0001,0.0001
Nauru,Agricultural Soils,Emissions (N2O),kilotonnes,0.0004,0.0004,0.0004,0.0004,0.0004,0.0004,0.0004,0.0005,0.0005,0.0005,0.0005,0.0005,0.0005,0.0005,0.0005,0.0005,0.0005,0.0005,0.0005,0.0005,0.0005
Nauru,Agricultural Soils,Emissions (N2O),kilotonnes,0.0008,,,0.0008,,,,0.0001,,,0.0004,,,,,,,,,,
Nauru,Agricultural Soils,Emissions (CO2eq) from N2O (AR5),kilotonnes,0.1176,0.1176,0.1176,0.1176,0.1176,0.1176,0.1176,0.1212,0.1249,0.1249,0.1249,0.1249,0.1249,0.1249,0.1249,0.1249,0.1249,0.1261,0.1241,0.1243,0.1267
Nauru,Agricultural Soils,Emissions (CO2eq) from N2O (AR5),kilotonnes,0.212,,,0.212,,,,0.0265,,,0.106,,,,,,,,,,
Nauru,Agricultural Soils,Emissions (CO2eq) (AR5),kilotonnes,0.1176,0.1176,0.1176,0.1176,0.1176,0.1176,0.1176,0.1212,0.1249,0.1249,0.1249,0.1249,0.1249,0.1249,0.1249,0.1249,0.1249,0.1261,0.1241,0.1243,0.1267
Nauru,Agricultural Soils,Emissions (CO2eq) (AR5),kilotonnes,0.212,,,0.212,,,,0.0265,,,0.106,,,,,,,,,,
Nauru,LULUCF,Emissions (CH4),kilotonnes,0,0,0,0,0,0,0,0,0,0,0,0,0,0,0,0,0,0,0,0,0
Nauru,LULUCF,Emissions (N2O),kilotonnes,0,0,0,0,0,0,0,0,0,0,0,0,0,0,0,0,0,0,0,0,0
Nauru,LULUCF,Emissions (CO2),kilotonnes,0,0,0,0,0,0,0,0,0,0,0,0,0,0,0,0,0,0,0,0,0
Nauru,LULUCF,Emissions (CO2),kilotonnes,,,,,,,,,,,,,,,,,,,,,
Nauru,LULUCF,Emissions (CO2eq) from CH4 (AR5),kilotonnes,0,0,0,0,0,0,0,0,0,0,0,0,0,0,0,0,0,0,0,0,0
Nauru,LULUCF,Emissions (CO2eq) from N2O (AR5),kilotonnes,0,0,0,0,0,0,0,0,0,0,0,0,0,0,0,0,0,0,0,0,0
Nauru,LULUCF,Emissions (CO2eq) (AR5),kilotonnes,0,0,0,0,0,0,0,0,0,0,0,0,0,0,0,0,0,0,0,0,0
Nauru,LULUCF,Emissions (CO2eq) (AR5),kilotonnes,,,,,,,,,,,,,,,,,,,,,
Nauru,AFOLU,Emissions (CH4),kilotonnes,0.0424,0.0424,0.0424,0.0424,0.0424,0.0424,0.0424,0.0439,0.0454,0.0454,0.0454,0.0454,0.0454,0.0454,0.0454,0.0454,0.0454,0.0459,0.0459,0.046,0.0461
Nauru,AFOLU,Emissions (N2O),kilotonnes,0.0008,0.0008,0.0008,0.0008,0.0008,0.0008,0.0008,0.0008,0.0008,0.0008,0.0008,0.0008,0.0008,0.0008,0.0008,0.0008,0.0008,0.0008,0.0008,0.0008,0.0009
Nauru,AFOLU,Emissions (CO2),kilotonnes,0,0,0,0,0,0,0,0,0,0,0,0,0,0,0,0,0,0,0,0,0
Nauru,AFOLU,Emissions (CO2eq) from CH4 (AR5),kilotonnes,1.1866,1.1866,1.1866,1.1866,1.1866,1.1866,1.1866,1.2289,1.2712,1.2712,1.2712,1.2712,1.2712,1.2712,1.2712,1.2712,1.2716,1.2851,1.2865,1.2889,1.2919
Nauru,AFOLU,Emissions (CO2eq) from N2O (AR5),kilotonnes,0.2093,0.2093,0.2093,0.2093,0.2093,0.2093,0.2093,0.2161,0.2228,0.2228,0.2228,0.2228,0.2228,0.2228,0.2228,0.2229,0.2229,0.225,0.2224,0.2228,0.2261
Nauru,AFOLU,Emissions (CO2eq) (AR5),kilotonnes,1.396,1.396,1.396,1.396,1.396,1.396,1.396,1.445,1.494,1.494,1.494,1.494,1.494,1.494,1.494,1.4941,1.4945,1.5101,1.509,1.5117,1.5181
Nauru,All sectors with LULUCF,Emissions (CH4),kilotonnes,0.1039,0.1068,0.1089,0.1103,0.1107,0.1101,0.1094,0.1164,0.1228,0.1246,0.1278,0.1302,0.1332,0.1397,0.1467,0.1489,0.1507,0.1521,0.152,0.1589,0.1629
Nauru,All sectors with LULUCF,Emissions (N2O),kilotonnes,0.0018,0.0019,0.002,0.002,0.002,0.002,0.0019,0.0019,0.0019,0.0019,0.0019,0.002,0.002,0.002,0.002,0.002,0.002,0.002,0.002,0.002,0.002
Nauru,All sectors with LULUCF,Emissions (CO2),kilotonnes,84.683,81.092,77.402,66.411,66.42,62.728,44.436,44.444,44.452,40.752,44.452,40.752,44.452,48.157,51.762,55.467,44.472,48.177,50.882,55.583,55.087
Nauru,All sectors with LULUCF,Emissions (CO2eq) from CH4 (AR5),kilotonnes,2.9095,2.9896,3.0498,3.0884,3.0988,3.0825,3.0638,3.2592,3.4384,3.4899,3.5778,3.6467,3.7296,3.9102,4.1079,4.1684,4.2206,4.2581,4.2557,4.45,4.561
Nauru,All sectors with LULUCF,Emissions (CO2eq) from N2O (AR5),kilotonnes,0.465,0.4953,0.5194,0.5316,0.5294,0.5202,0.5098,0.5115,0.5156,0.5119,0.5095,0.5194,0.5204,0.522,0.5225,0.5234,0.5236,0.5255,0.5222,0.523,0.5269
Nauru,All sectors with LULUCF,Emissions (CO2eq) (AR5),kilotonnes,88.0575,84.5768,80.9711,70.031,70.0482,66.3307,48.0096,48.2147,48.406,44.7539,48.5394,44.9181,48.702,52.5892,56.3924,60.1587,49.2162,52.9606,55.6598,60.556,60.1749
Nauru,All sectors without LULUCF,Emissions (CH4),kilotonnes,0.1039,0.1068,0.1089,0.1103,0.1107,0.1101,0.1094,0.1164,0.1228,0.1246,0.1278,0.1302,0.1332,0.1397,0.1467,0.1489,0.1507,0.1521,0.152,0.1589,0.1629
Nauru,All sectors without LULUCF,Emissions (N2O),kilotonnes,0.0018,0.0019,0.002,0.002,0.002,0.002,0.0019,0.0019,0.0019,0.0019,0.0019,0.002,0.002,0.002,0.002,0.002,0.002,0.002,0.002,0.002,0.002
Nauru,All sectors without LULUCF,Emissions (CO2),kilotonnes,84.683,81.092,77.402,66.411,66.42,62.728,44.436,44.444,44.452,40.752,44.452,40.752,44.452,48.157,51.762,55.467,44.472,48.177,50.882,55.583,55.087
Nauru,All sectors without LULUCF,Emissions (CO2eq) from CH4 (AR5),kilotonnes,2.9095,2.9896,3.0498,3.0884,3.0988,3.0825,3.0638,3.2592,3.4384,3.4899,3.5778,3.6467,3.7296,3.9102,4.1079,4.1684,4.2206,4.2581,4.2557,4.45,4.561
Nauru,All sectors without LULUCF,Emissions (CO2eq) from N2O (AR5),kilotonnes,0.465,0.4953,0.5194,0.5316,0.5294,0.5202,0.5098,0.5115,0.5156,0.5119,0.5095,0.5194,0.5204,0.522,0.5225,0.5234,0.5236,0.5255,0.5222,0.523,0.5269
Nauru,All sectors without LULUCF,Emissions (CO2eq) (AR5),kilotonnes,88.0575,84.5768,80.9711,70.031,70.0482,66.3307,48.0096,48.2147,48.406,44.7539,48.5394,44.9181,48.702,52.5892,56.3924,60.1587,49.2162,52.9606,55.6598,60.556,60.1749
Nepal,Crop Residues,Direct emissions (N2O),kilotonnes,1.5885,1.579,1.6114,1.638,1.6949,1.7,1.6907,1.6284,1.7581,1.7649,1.7192,1.8417,1.9626,1.8163,1.9734,1.9162,1.8063,2.0073,2.0294,2.109,2.1489
Nepal,Crop Residues,Indirect emissions (N2O),kilotonnes,0.3574,0.3553,0.3626,0.3685,0.3813,0.3825,0.3804,0.3664,0.3956,0.3971,0.3868,0.4144,0.4416,0.4087,0.444,0.4311,0.4064,0.4516,0.4566,0.4745,0.4835
Nepal,Crop Residues,Emissions (N2O),kilotonnes,1.946,1.9342,1.974,2.0065,2.0762,2.0824,2.0711,1.9948,2.1536,2.162,2.106,2.2561,2.4042,2.225,2.4174,2.3474,2.2127,2.4589,2.486,2.5835,2.6324
Nepal,Crop Residues,Emissions (CO2eq) from N2O (AR5),kilotonnes,515.6802,512.569,523.1118,531.7339,550.1914,551.8477,548.8306,528.6172,570.7107,572.9372,558.0959,597.8764,637.1092,589.6287,640.6156,622.0496,586.3734,651.6143,658.8025,684.6271,697.5884
Nepal,Crop Residues,Emissions (CO2eq) (AR5),kilotonnes,515.6802,512.569,523.1118,531.7339,550.1914,551.8477,548.8306,528.6172,570.7107,572.9372,558.0959,597.8764,637.1092,589.6287,640.6156,622.0496,586.3734,651.6143,658.8025,684.6271,697.5884
Nepal,Rice Cultivation,Emissions (CH4),kilotonnes,163.3678,158.8581,161.7568,161.7568,163.3041,161.4499,162.2581,150.7471,162.2387,162.938,155.1206,156.711,160.3779,148.7621,155.7135,149.2622,142.7237,162.5746,153.8908,156.2154,152.7776
Nepal,Rice Cultivation,Emissions (CO2eq) from CH4 (AR5),kilotonnes,4574.2986,4448.0281,4529.1903,4529.1903,4572.5159,4520.5961,4543.2265,4220.9176,4542.6841,4562.265,4343.3764,4387.9071,4490.5825,4165.3385,4359.9782,4179.3425,3996.2643,4552.0875,4308.9411,4374.0321,4277.7722
Nepal,Rice Cultivation,Emissions (CO2eq) (AR5),kilotonnes,4574.2986,4448.0281,4529.1903,4529.1903,4572.5159,4520.5961,4543.2265,4220.9176,4542.6841,4562.265,4343.3764,4387.9071,4490.5825,4165.3385,4359.9782,4179.3425,3996.2643,4552.0875,4308.9411,4374.0321,4277.7722
Nepal,Burning - Crop residues,Emissions (CH4),kilotonnes,5.3428,5.2755,5.3488,5.3801,5.3904,5.4177,5.4332,5.359,5.5236,5.5267,5.4607,5.6086,5.5667,5.3313,5.6459,5.4394,5.3787,5.6563,5.6599,5.6416,5.6366
Nepal,Burning - Crop residues,Emissions (N2O),kilotonnes,0.1385,0.1368,0.1387,0.1395,0.1398,0.1405,0.1409,0.1389,0.1432,0.1433,0.1416,0.1454,0.1443,0.1382,0.1464,0.141,0.1394,0.1466,0.1467,0.1463,0.1461
Nepal,Burning - Crop residues,Emissions (CO2eq) from CH4 (AR5),kilotonnes,149.5997,147.7149,149.7662,150.6432,150.9306,151.6966,152.1296,150.0522,154.6608,154.7487,152.8988,157.0411,155.8677,149.2767,158.0843,152.3018,150.604,158.3774,158.4758,157.9661,157.8243
Nepal,Burning - Crop residues,Emissions (CO2eq) from N2O (AR5),kilotonnes,36.7073,36.2449,36.7482,36.9634,37.0339,37.2219,37.3281,36.8184,37.9492,37.9707,37.5168,38.5332,38.2453,36.6281,38.7892,37.3704,36.9538,38.8611,38.8853,38.7602,38.7254
Nepal,Burning - Crop residues,Emissions (CO2eq) (AR5),kilotonnes,186.307,183.9597,186.5143,187.6066,187.9645,188.9185,189.4577,186.8706,192.61,192.7195,190.4157,195.5743,194.113,185.9048,196.8735,189.6722,187.5578,197.2385,197.3611,196.7263,196.5497
Nepal,Enteric Fermentation,Emissions (CH4),kilotonnes,446.3767,451.8388,456.5781,464.9687,472.979,482.1008,490.3405,502.836,512.8751,527.5011,539.3018,551.0179,561.6426,570.6344,568.1932,567.9645,573.4957,576.2508,585.3417,591.716,596.318
Nepal,Enteric Fermentation,Emissions (CH4),kilotonnes,430.52,,,,,,,,,,,,,,,,,,,,
Nepal,Enteric Fermentation,Emissions (CO2eq) from CH4 (AR5),kilotonnes,12498.5468,12651.486,12784.1867,13019.1227,13243.4125,13498.8228,13729.5337,14079.4073,14360.5018,14770.0309,15100.4502,15428.5011,15725.9928,15977.7636,15909.4087,15903.0057,16057.8786,16135.0236,16389.5674,16568.0489,16696.9037
Nepal,Enteric Fermentation,Emissions (CO2eq) from CH4 (AR5),kilotonnes,12054.56,,,,,,,,,,,,,,,,,,,,
Nepal,Enteric Fermentation,Emissions (CO2eq) (AR5),kilotonnes,12498.5468,12651.486,12784.1867,13019.1227,13243.4125,13498.8228,13729.5337,14079.4073,14360.5018,14770.0309,15100.4502,15428.5011,15725.9928,15977.7636,15909.4087,15903.0057,16057.8786,16135.0236,16389.5674,16568.0489,16696.9037
Nepal,Enteric Fermentation,Emissions (CO2eq) (AR5),kilotonnes,12054.56,,,,,,,,,,,,,,,,,,,,
Nepal,Manure Management,Emissions (CH4),kilotonnes,34.2766,34.7564,35.1511,35.7322,36.2978,36.9651,37.5407,38.438,39.1802,40.2654,41.1195,42.1646,43.0144,43.7132,43.5294,43.5544,44.2119,44.492,45.3764,45.8984,46.3256
Nepal,Manure Management,Emissions (CH4),kilotonnes,38,,,,,,,,,,,,,,,,,,,,
Nepal,Manure Management,Emissions (N2O),kilotonnes,0.4623,0.4716,0.4802,0.4888,0.497,0.5053,0.5146,0.5293,0.5412,0.5557,0.5695,0.6044,0.6246,0.6382,0.6388,0.6428,0.6862,0.6933,0.7124,0.7267,0.7416
Nepal,Manure Management,Emissions (N2O),kilotonnes,7.65,,,,,,,,,,,,,,,,,,,,
Nepal,Manure Management,Emissions (CO2eq) from CH4 (AR5),kilotonnes,959.7451,973.1799,984.2321,1000.5012,1016.3379,1035.0239,1051.1397,1076.2649,1097.0465,1127.4323,1151.3448,1180.6079,1204.4041,1223.9701,1218.8224,1219.5237,1237.9346,1245.7771,1270.5386,1285.1557,1297.1158
Nepal,Manure Management,Emissions (CO2eq) from CH4 (AR5),kilotonnes,1064,,,,,,,,,,,,,,,,,,,,
Nepal,Manure Management,Emissions (CO2eq) from N2O (AR5),kilotonnes,122.5217,124.963,127.2425,129.52,131.7078,133.8931,136.3813,140.271,143.4272,147.2613,150.9247,160.1535,165.5139,169.1287,169.2715,170.3467,181.8487,183.7234,188.7889,192.5626,196.5361
Nepal,Manure Management,Emissions (CO2eq) from N2O (AR5),kilotonnes,2027.25,,,,,,,,,,,,,,,,,,,,
Nepal,Manure Management,Emissions (CO2eq) (AR5),kilotonnes,1082.2668,1098.1429,1111.4746,1130.0213,1148.0457,1168.917,1187.5209,1216.536,1240.4737,1274.6936,1302.2695,1340.7615,1369.918,1393.0989,1388.094,1389.8704,1419.7833,1429.5005,1459.3275,1477.7183,1493.6519
Nepal,Manure Management,Emissions (CO2eq) (AR5),kilotonnes,3091.25,,,,,,,,,,,,,,,,,,,,
Nepal,Manure left on Pasture,Direct emissions (N2O),kilotonnes,5.3787,5.4671,5.5414,5.6609,5.7757,5.8908,6.0156,6.21,6.3569,6.5505,6.7364,6.9792,7.1706,7.3231,7.3698,7.3922,7.6748,7.738,7.9195,8.1191,8.314
Nepal,Manure left on Pasture,Indirect emissions (N2O),kilotonnes,1.4722,1.4982,1.5198,1.5536,1.5868,1.6193,1.6584,1.7201,1.7649,1.8218,1.8789,1.9469,2.0032,2.0487,2.0766,2.0849,2.1802,2.2022,2.2637,2.3364,2.4031
Nepal,Manure left on Pasture,Emissions (N2O),kilotonnes,6.851,6.9654,7.0612,7.2145,7.3626,7.5101,7.674,7.9301,8.1217,8.3723,8.6154,8.9262,9.1738,9.3718,9.4464,9.477,9.855,9.9402,10.1832,10.4555,10.7171
Nepal,Manure left on Pasture,Emissions (CO2eq) from N2O (AR5),kilotonnes,1815.5073,1845.8184,1871.2188,1911.8411,1951.0806,1990.1663,2033.6132,2101.4718,2152.2627,2218.6609,2283.0689,2365.4413,2431.0652,2483.5198,2503.2985,2511.4085,2611.5745,2634.1579,2698.5478,2770.7026,2840.031
Nepal,Manure left on Pasture,Emissions (CO2eq) (AR5),kilotonnes,1815.5073,1845.8184,1871.2188,1911.8411,1951.0806,1990.1663,2033.6132,2101.4718,2152.2627,2218.6609,2283.0689,2365.4413,2431.0652,2483.5198,2503.2985,2511.4085,2611.5745,2634.1579,2698.5478,2770.7026,2840.031
Nepal,Manure applied to Soils,Direct emissions (N2O),kilotonnes,1.1069,1.1261,1.1439,1.1669,1.1883,1.2094,1.2311,1.2643,1.2914,1.326,1.359,1.4315,1.476,1.5073,1.5034,1.5101,1.5897,1.6018,1.6354,1.6636,1.6967
Nepal,Manure applied to Soils,Indirect emissions (N2O),kilotonnes,0.4705,0.4786,0.4862,0.4959,0.505,0.514,0.5232,0.5373,0.5488,0.5636,0.5776,0.6084,0.6273,0.6406,0.6389,0.6418,0.6756,0.6808,0.6951,0.707,0.7211
Nepal,Manure applied to Soils,Emissions (N2O),kilotonnes,1.5774,1.6047,1.6301,1.6629,1.6934,1.7234,1.7543,1.8017,1.8402,1.8896,1.9365,2.0399,2.1033,2.1478,2.1423,2.1519,2.2653,2.2825,2.3305,2.3706,2.4178
Nepal,Manure applied to Soils,Emissions (CO2eq) from N2O (AR5),kilotonnes,418.011,425.2564,431.9802,440.6594,448.7471,456.6933,464.8964,477.4464,487.662,500.7349,513.1839,540.5604,557.3807,569.1797,567.7165,570.2465,600.2999,604.8748,617.5747,628.2052,640.7131
Nepal,Manure applied to Soils,Emissions (CO2eq) (AR5),kilotonnes,418.011,425.2564,431.9802,440.6594,448.7471,456.6933,464.8964,477.4464,487.662,500.7349,513.1839,540.5604,557.3807,569.1797,567.7165,570.2465,600.2999,604.8748,617.5747,628.2052,640.7131
Nepal,Synthetic Fertilizers,Direct emissions (N2O),kilotonnes,0.8135,0.7418,0.3432,0.0859,0.1276,0.0449,0.138,0.0305,0.0438,0.4452,0.678,0.8607,0.7221,1.2302,1.5198,1.6625,1.6614,1.44,1.9997,1.9091,2.0777
Nepal,Synthetic Fertilizers,Indirect emissions (N2O),kilotonnes,0.2644,0.2411,0.1115,0.0279,0.0415,0.0146,0.0448,0.0099,0.0142,0.1447,0.2204,0.2797,0.2347,0.3998,0.494,0.5403,0.5399,0.468,0.6499,0.6204,0.6752
Nepal,Synthetic Fertilizers,Emissions (N2O),kilotonnes,1.0779,0.9829,0.4547,0.1138,0.169,0.0595,0.1828,0.0404,0.0581,0.5899,0.8984,1.1404,0.9567,1.63,2.0138,2.2029,2.2013,1.9079,2.6496,2.5295,2.7529
Nepal,Synthetic Fertilizers,Emissions (CO2eq) from N2O (AR5),kilotonnes,285.6557,260.4565,120.4951,30.1541,44.7925,15.7585,48.4507,10.6988,15.3943,156.3214,238.0768,302.1977,253.5373,431.9625,533.657,583.7618,583.3481,505.6052,702.1316,670.3206,729.5234
Nepal,Synthetic Fertilizers,Emissions (CO2eq) (AR5),kilotonnes,285.6557,260.4565,120.4951,30.1541,44.7925,15.7585,48.4507,10.6988,15.3943,156.3214,238.0768,302.1977,253.5373,431.9625,533.657,583.7618,583.3481,505.6052,702.1316,670.3206,729.5234
Nepal,Drained organic soils,Emissions (CO2eq) (AR5),kilotonnes,2673.9777,2699.2706,2698.5181,2695.0512,2688.7451,2678.4613,2676.6937,2671.4725,2668.8198,2667.9681,2667.3283,2664.829,2664.2473,2665.0222,2667.5875,2666.8813,2614.6749,2601.1731,2602.7739,2571.0427,2569.8151
Nepal,Drained organic soils (CO2),Emissions (CO2),kilotonnes,2465.48,2489.198,2488.6664,2485.5726,2479.9136,2470.3762,2468.7889,2464.0397,2461.5453,2460.7023,2460.0255,2457.6647,2457.1037,2457.7157,2459.9501,2459.2723,2411.7571,2399.3749,2401.0308,2372.2062,2371.3214
Nepal,Drained organic soils (CO2),Emissions (CO2eq) (AR5),kilotonnes,2465.48,2489.198,2488.6664,2485.5726,2479.9136,2470.3762,2468.7889,2464.0397,2461.5453,2460.7023,2460.0255,2457.6647,2457.1037,2457.7157,2459.9501,2459.2723,2411.7571,2399.3749,2401.0308,2372.2062,2371.3214
Nepal,Drained organic soils (N2O),Emissions (N2O),kilotonnes,0.7868,0.7927,0.7919,0.7905,0.788,0.7852,0.7845,0.7828,0.7822,0.7821,0.7823,0.7818,0.7817,0.7823,0.7835,0.7834,0.7657,0.7615,0.7613,0.7503,0.749
Nepal,Drained organic soils (N2O),Emissions (CO2eq) from N2O (AR5),kilotonnes,208.4977,210.0727,209.8517,209.4785,208.8314,208.0852,207.9048,207.4328,207.2745,207.2658,207.3028,207.1643,207.1436,207.3065,207.6374,207.6091,202.9178,201.7982,201.7431,198.8366,198.4937
Nepal,Drained organic soils (N2O),Emissions (CO2eq) (AR5),kilotonnes,208.4977,210.0727,209.8517,209.4785,208.8314,208.0852,207.9048,207.4328,207.2745,207.2658,207.3028,207.1643,207.1436,207.3065,207.6374,207.6091,202.9178,201.7982,201.7431,198.8366,198.4937
Nepal,On-farm energy use,Emissions (CH4),kilotonnes,0.2411,0.2414,0.1166,0.1394,0.1223,0.188,0.117,0.1496,0.1414,0.1382,0.1922,0.1728,0.1174,0.2416,0.2908,0.2447,0.2613,0.2549,0.2403,0.2302,0.2302
Nepal,On-farm energy use,Emissions (N2O),kilotonnes,0.0823,0.0725,0.0743,0.0708,0.0781,0.0772,0.0768,0.0635,0.0941,0.1224,0.1313,0.1361,0.1359,0.1545,0.1588,0.1487,0.2459,0.3024,0.3269,0.3605,0.3605
Nepal,On-farm energy use,Emissions (CO2),kilotonnes,294.577,272.2555,241.1881,240.8519,257.3106,277.9064,256.8895,233.2894,314.3596,391.4669,435.8431,449.7361,441.4792,522.3196,542.4494,483.6548,733.9864,854.7952,913.542,987.8434,987.8434
Nepal,On-farm energy use,Emissions (CO2eq) from CH4 (AR5),kilotonnes,6.7513,6.7592,3.2641,3.9019,3.425,5.2644,3.2755,4.1895,3.9587,3.8696,5.3823,4.8397,3.2861,6.7659,8.1424,6.8527,7.3152,7.1383,6.729,6.4465,6.4465
Nepal,On-farm energy use,Emissions (CO2eq) from N2O (AR5),kilotonnes,21.8194,19.2156,19.7024,18.7557,20.6868,20.449,20.3555,16.8166,24.9497,32.4387,34.7918,36.0712,36.0004,40.95,42.0867,39.4138,65.1623,80.1274,86.6214,95.5284,95.5284
Nepal,On-farm energy use,Emissions (CO2eq) (AR5),kilotonnes,323.1477,298.2303,264.1546,263.5096,281.4224,303.6198,280.5205,254.2955,343.268,427.7752,476.0172,490.647,480.7656,570.0355,592.6785,529.9213,806.464,942.0609,1006.8925,1089.8184,1089.8184
Nepal,Forestland,Emissions (CO2),kilotonnes,-4304.1045,-7173.6394,-7173.6394,-7173.6394,-7173.6394,-7173.6394,-7173.6394,-7173.6394,-7173.6394,-7173.6394,-7173.6394,0,0,0,0,0,0,0,0,0,0
Nepal,Forestland,Emissions (CO2eq) (AR5),kilotonnes,-4304.1045,-7173.6394,-7173.6394,-7173.6394,-7173.6394,-7173.6394,-7173.6394,-7173.6394,-7173.6394,-7173.6394,-7173.6394,0,0,0,0,0,0,0,0,0,0
Nepal,Net Forest conversion,Emissions (CO2),kilotonnes,0,0,0,0,0,0,0,0,0,0,0,0,0,0,0,0,0,0,0,0,0
Nepal,Net Forest conversion,Emissions (CO2eq) (AR5),kilotonnes,0,0,0,0,0,0,0,0,0,0,0,0,0,0,0,0,0,0,0,0,0
Nepal,Savanna fires,Emissions (CH4),kilotonnes,0.1255,0.3154,0.0733,0.4629,0.5586,0.585,0.2472,0.2138,0.5038,0.7666,0.6186,0.2323,0.4864,0.492,0.797,0.1183,1.9887,0.333,0.5579,0.9869,0.2409
Nepal,Savanna fires,Emissions (N2O),kilotonnes,0.0115,0.0288,0.0067,0.0423,0.051,0.0534,0.0226,0.0195,0.046,0.07,0.0565,0.0212,0.0444,0.0449,0.0728,0.0108,0.1816,0.0304,0.0509,0.0901,0.022
Nepal,Savanna fires,Emissions (CO2eq) from CH4 (AR5),kilotonnes,3.5127,8.8311,2.0534,12.9623,15.641,16.381,6.9203,5.9865,14.1056,21.4662,17.3197,6.5032,13.6183,13.7772,22.3163,3.3135,55.685,9.3246,15.6205,27.6336,6.7439
Nepal,Savanna fires,Emissions (CO2eq) from N2O (AR5),kilotonnes,3.035,7.6312,1.7744,11.2011,13.5159,14.1553,5.98,5.1731,12.1891,18.5496,14.9664,5.6196,11.768,11.9053,19.2842,2.8633,48.1191,8.0576,13.4982,23.879,5.8276
Nepal,Savanna fires,Emissions (CO2eq) (AR5),kilotonnes,6.5477,16.4623,3.8277,24.1634,29.1569,30.5362,12.9003,11.1596,26.2947,40.0158,32.2861,12.1228,25.3863,25.6825,41.6006,6.1768,103.8041,17.3822,29.1187,51.5126,12.5715
Nepal,Fires in organic soils,Emissions (CH4),kilotonnes,0,0,0,0,0,0,0,0,0,0,0,0,0,0,0,0,0,0,0,0,0
Nepal,Fires in organic soils,Emissions (CO2),kilotonnes,0,0,0,0,0,0,0,0,0,0,0,0,0,0,0,0,0,0,0,0,0
Nepal,Fires in organic soils,Emissions (CO2eq) from CH4 (AR5),kilotonnes,0,0,0,0,0,0,0,0,0,0,0,0,0,0,0,0,0,0,0,0,0
Nepal,Fires in organic soils,Emissions (CO2eq) (AR5),kilotonnes,0,0,0,0,0,0,0,0,0,0,0,0,0,0,0,0,0,0,0,0,0
Nepal,Forest fires,Emissions (CH4),kilotonnes,12.3186,9.9388,2.2312,17.1144,14.0263,14.7892,8.6087,5.8028,12.1413,17.4886,21.1378,12.3859,21.5036,22.5857,21.5503,3.0485,53.6431,13.1783,9.1297,29.4476,4.5374
Nepal,Forest fires,Emissions (N2O),kilotonnes,0.3764,0.9075,0.2037,1.5626,1.2807,1.3503,0.786,0.5298,1.1086,1.5968,1.93,1.1309,1.9634,2.0622,1.9676,0.2783,4.8978,1.2032,0.8336,2.6887,0.4143
Nepal,Forest fires,Emissions (CO2eq) from CH4 (AR5),kilotonnes,344.9201,278.2851,62.4741,479.2035,392.7377,414.0962,241.043,162.4776,339.9563,489.6819,591.8572,346.806,602.0999,632.3991,603.4086,85.3576,1502.0065,368.9932,255.6307,824.5326,127.0466
Nepal,Forest fires,Emissions (CO2eq) from N2O (AR5),kilotonnes,99.7394,240.4746,53.9858,414.0943,339.3766,357.8331,208.2926,140.4019,293.7666,423.149,511.4419,299.6856,520.2929,546.4753,521.4237,73.7601,1297.9296,318.8582,220.8983,712.5037,109.7848
Nepal,Forest fires,Emissions (CO2eq) (AR5),kilotonnes,444.6595,518.7597,116.4599,893.2978,732.1142,771.9294,449.3356,302.8795,633.723,912.8309,1103.2991,646.4916,1122.3928,1178.8744,1124.8323,159.1177,2799.9361,687.8514,476.529,1537.0363,236.8314
Nepal,Fires in humid tropical forests,Emissions (CH4),kilotonnes,11.5292,9.4169,2.184,16.6373,13.5791,13.9269,8.5018,5.8028,11.3213,16.3034,20.4147,12.1052,20.8402,22.377,20.0843,2.9044,49.7344,12.9696,8.0139,27.9691,4.5225
Nepal,Fires in humid tropical forests,Emissions (N2O),kilotonnes,0.3391,0.8598,0.1994,1.5191,1.2398,1.2716,0.7763,0.5298,1.0337,1.4886,1.864,1.1053,1.9028,2.0431,1.8338,0.2652,4.541,1.1842,0.7317,2.5537,0.4129
Nepal,Fires in humid tropical forests,Emissions (CO2eq) from CH4 (AR5),kilotonnes,322.8168,263.6732,61.1523,465.8448,380.2142,389.9541,238.0517,162.4776,316.9958,456.4954,571.6126,338.9452,583.5244,626.5554,562.3591,81.3219,1392.5642,363.1491,224.3899,783.1338,126.6291
Nepal,Fires in humid tropical forests,Emissions (CO2eq) from N2O (AR5),kilotonnes,89.8596,227.848,52.8436,402.5506,328.5547,336.9712,205.7077,140.4019,273.9258,394.4715,493.9479,292.8928,504.2412,541.4256,485.9516,70.2727,1203.3571,313.8081,193.9021,676.7298,109.4241
Nepal,Fires in humid tropical forests,Emissions (CO2eq) (AR5),kilotonnes,412.6764,491.5212,113.9958,868.3954,708.7689,726.9252,443.7594,302.8795,590.9216,850.9669,1065.5605,631.838,1087.7655,1167.9809,1048.3106,151.5946,2595.9213,676.9572,418.292,1459.8636,236.0532
Nepal,Waste - agri-food systems,Emissions (CH4),kilotonnes,95.6676,96.4288,97.1182,97.6734,98.2928,98.8764,99.4296,100.1076,100.9284,101.7097,102.411,103.2154,103.623,103.674,103.3379,103.5832,104.1053,104.8339,105.7129,106.5823,107.4177
Nepal,Waste - agri-food systems,Emissions (N2O),kilotonnes,0.4506,0.4566,0.4618,0.4787,0.4936,0.508,0.5048,0.5156,0.5305,0.5472,0.5571,0.5797,0.5872,0.594,0.6074,0.6137,0.6248,0.6399,0.6496,0.6601,0.671
Nepal,Waste - agri-food systems,Emissions (CO2),kilotonnes,11.6787,11.7251,11.7289,11.7524,11.8248,11.8827,11.9382,12.0072,12.1086,12.1213,12.2354,12.3909,12.394,12.4049,12.4181,12.4542,12.4577,12.5445,12.614,12.6306,12.619
Nepal,Waste - agri-food systems,Emissions (CO2eq) from CH4 (AR5),kilotonnes,2678.6916,2700.0061,2719.3093,2734.8558,2752.1988,2768.5393,2784.0301,2803.0118,2825.9952,2847.872,2867.5089,2890.0303,2901.4447,2902.8712,2893.4623,2900.3294,2914.9478,2935.3502,2959.961,2984.3046,3007.6945
Nepal,Waste - agri-food systems,Emissions (CO2eq) from N2O (AR5),kilotonnes,119.4067,121.0022,122.3836,126.8649,130.7917,134.625,133.7709,136.6299,140.5929,145.0041,147.6215,153.6225,155.6036,157.4015,160.9514,162.6421,165.5731,169.562,172.1378,174.9251,177.8028
Nepal,Waste - agri-food systems,Emissions (CO2eq) (AR5),kilotonnes,2809.777,2832.7334,2853.4218,2873.4731,2894.8153,2915.047,2929.7393,2951.6489,2978.6967,3004.9974,3027.3657,3056.0437,3069.4424,3072.6776,3066.8318,3075.4257,3092.9786,3117.4566,3144.7128,3171.8604,3198.1163
Nepal,On-farm electricity use,Emissions (CH4),kilotonnes,0.0348,0.0372,0.042,0.0456,0.06,0.0552,0.0576,0.0564,0.0576,0.0672,0.0996,0.078,0.0804,0.1068,0.099,0.12,0.1392,0.1512,0.2124,0.2351,0.2351
Nepal,On-farm electricity use,Emissions (N2O),kilotonnes,0.0002,0.0002,0.0002,0.0002,0.0003,0.0003,0.0003,0.0003,0.0003,0.0004,0.0005,0.0004,0.0004,0.0006,0.0005,0.0007,0.0007,0.0007,0.0011,0.0012,0.0012
Nepal,On-farm electricity use,Emissions (CO2),kilotonnes,0.3565,0.2258,0.056,0.057,0.2109,0.2469,0.1775,0.114,0.1156,0.1826,0.0876,0.0686,0.2555,0.247,0.229,0.2775,0.3218,0.3496,0.4911,0.5436,0.5436
Nepal,On-farm electricity use,Emissions (CO2eq) from CH4 (AR5),kilotonnes,0.9744,1.0416,1.176,1.2768,1.68,1.5456,1.6128,1.5792,1.6128,1.8816,2.7888,2.184,2.2512,2.9904,2.772,3.36,3.8976,4.2336,5.9472,6.5828,6.5828
Nepal,On-farm electricity use,Emissions (CO2eq) from N2O (AR5),kilotonnes,0.053,0.053,0.053,0.053,0.0795,0.0795,0.0795,0.0795,0.0795,0.106,0.1325,0.106,0.106,0.159,0.1325,0.1855,0.1855,0.1855,0.2915,0.318,0.318
Nepal,On-farm electricity use,Emissions (CO2eq) (AR5),kilotonnes,1.3839,1.3204,1.285,1.3868,1.9704,1.872,1.8698,1.7727,1.8079,2.1702,3.0089,2.3586,2.6127,3.3964,3.1335,3.823,4.4049,4.7687,6.7298,7.4444,7.4444
Nepal,Food Processing,Emissions (CH4),kilotonnes,6.6297,6.9029,7.5102,7.878,7.7525,8.2825,8.7655,6.6462,6.8726,7.7141,7.7022,7.2123,6.152,0.5974,0.6734,0.6991,0.7342,0.7443,0.7792,0.7239,0.7351
Nepal,Food Processing,Emissions (N2O),kilotonnes,0.0122,0.0122,0.0122,0.0129,0.0127,0.0128,0.0126,0.0193,0.025,0.0257,0.025,0.021,0.0182,0.0032,0.0035,0.0037,0.004,0.0041,0.0041,0.0037,0.0038
Nepal,Food Processing,Emissions (CO2),kilotonnes,40.9262,44.0019,34.5247,38.2949,34.6825,40.725,31.2758,55.1518,76.541,82.7274,80.1995,87.836,90.6357,42.5889,54.3785,44.439,68.1479,76.3359,74.3421,103.4747,103.4747
Nepal,Food Processing,Emissions (CO2eq) from CH4 (AR5),kilotonnes,185.6316,193.2812,210.2856,220.584,217.07,231.91,245.434,186.0936,192.4328,215.9948,215.6616,201.9444,172.256,16.7272,18.8552,19.5748,20.5576,20.8404,21.8176,20.2692,20.5835
Nepal,Food Processing,Emissions (CO2eq) from N2O (AR5),kilotonnes,3.233,3.233,3.233,3.4185,3.3655,3.392,3.339,5.1145,6.625,6.8105,6.625,5.565,4.823,0.848,0.9275,0.9805,1.06,1.0865,1.0865,0.9805,0.9958
Nepal,Food Processing,Emissions (CO2eq) (AR5),kilotonnes,229.7908,240.5161,248.0433,262.2974,255.118,276.027,280.0488,246.3599,275.5988,305.5327,302.4861,295.3454,267.7147,60.1641,74.1612,64.9943,89.7655,98.2628,97.2462,124.7244,125.0539
Nepal,Food Packaging,Emissions (CH4),kilotonnes,0.0046,0.0046,0.0047,0.0046,0.0046,0.0044,0.0044,0.0045,0.0045,0.0042,0.004,0.0043,0.004,0.0334,0.039,0.036,0.0371,0.0154,0.0161,0.0222,0.0225
Nepal,Food Packaging,Emissions (N2O),kilotonnes,0.0004,0.0004,0.0004,0.0004,0.0004,0.0004,0.0004,0.0004,0.0004,0.0004,0.0004,0.0005,0.0005,0.0007,0.0007,0.0007,0.0007,0.0007,0.0007,0.0007,0.0007
Nepal,Food Packaging,Emissions (CO2),kilotonnes,6.8899,6.6234,5.1001,5.4217,4.6827,4.9673,3.7691,4.5536,5.5804,5.995,6.6156,7.381,7.0866,9.8194,12.1574,9.2442,13.7651,13.3282,18.0224,12.3801,12.3801
Nepal,Food Packaging,Emissions (CO2eq) from CH4 (AR5),kilotonnes,0.1288,0.1288,0.1316,0.1288,0.1288,0.1232,0.1232,0.126,0.126,0.1176,0.112,0.1204,0.112,0.9352,1.092,1.008,1.0388,0.4312,0.4508,0.6216,0.6312
Nepal,Food Packaging,Emissions (CO2eq) from N2O (AR5),kilotonnes,0.106,0.106,0.106,0.106,0.106,0.106,0.106,0.106,0.106,0.106,0.106,0.1325,0.1325,0.1855,0.1855,0.1855,0.1855,0.1855,0.1855,0.1855,0.1884
Nepal,Food Packaging,Emissions (CO2eq) (AR5),kilotonnes,7.1247,6.8582,5.3377,5.6565,4.9175,5.1965,3.9983,4.7856,5.8124,6.2186,6.8336,7.6339,7.3311,10.9401,13.4349,10.4377,14.9894,13.9449,18.6587,13.1872,13.1997
Nepal,Food Retail,Emissions (CH4),kilotonnes,0.0148,0.0151,0.0164,0.017,0.0422,0.0446,0.0492,0.0533,0.0497,0.0565,0.0603,0.0678,0.0706,0.0775,0.0713,0.0786,0.094,0.1058,0.1182,0.0987,0.1002
Nepal,Food Retail,Emissions (N2O),kilotonnes,0.0001,0.0001,0.0001,0.0001,0.0002,0.0003,0.0003,0.0003,0.0003,0.0004,0.0003,0.0004,0.0004,0.0005,0.0004,0.0005,0.0006,0.0007,0.0007,0.0006,0.0006
Nepal,Food Retail,Emissions (CO2),kilotonnes,6.3583,7.8509,9.7217,11.2731,13.7276,16.1062,14.119,14.8513,18.3353,22.2687,24.8848,28.3058,32.5509,36.4909,39.08,37.4713,60.8075,69.3706,80.6722,52.9106,52.9106
Nepal,Food Retail,Emissions (CO2eq) from CH4 (AR5),kilotonnes,0.4144,0.4228,0.4592,0.476,1.1816,1.2488,1.3776,1.4924,1.3916,1.582,1.6884,1.8984,1.9768,2.17,1.9964,2.2008,2.632,2.9624,3.3096,2.7636,2.8064
Nepal,Food Retail,Emissions (CO2eq) from N2O (AR5),kilotonnes,0.0265,0.0265,0.0265,0.0265,0.053,0.0795,0.0795,0.0795,0.0795,0.106,0.0795,0.106,0.106,0.1325,0.106,0.1325,0.159,0.1855,0.1855,0.159,0.1615
Nepal,Food Retail,Emissions (CO2eq) (AR5),kilotonnes,6.7992,8.3002,10.2074,11.7756,14.9622,17.4345,15.5761,16.4232,19.8064,23.9567,26.6527,30.3102,34.6337,38.7934,41.1824,39.8046,63.5985,72.5185,84.1673,55.8332,55.8785
Nepal,Food Household Consumption,Emissions (CH4),kilotonnes,0.3204,0.3595,0.3672,0.3974,0.4371,0.4655,0.5015,0.5195,0.5052,0.6069,0.6411,0.7419,0.7813,0.8097,0.8519,1.0354,1.2318,1.4115,1.5067,1.5067,1.5301
Nepal,Food Household Consumption,Emissions (N2O),kilotonnes,0.004,0.0045,0.0041,0.0043,0.0042,0.0045,0.004,0.0039,0.0034,0.0042,0.0037,0.0043,0.0043,0.0045,0.0048,0.0056,0.0068,0.0078,0.0084,0.0084,0.0085
Nepal,Food Household Consumption,Emissions (CO2),kilotonnes,311.1839,378.1558,334.1329,370.0056,304.8013,306.0512,247.6477,211.184,176.5884,164.0528,164.2766,180.0105,179.1324,193.3558,218.4259,174.9797,278.6081,317.2208,364.5183,364.5183,364.5183
Nepal,Food Household Consumption,Emissions (CO2eq) from CH4 (AR5),kilotonnes,8.9712,10.066,10.2816,11.1272,12.2388,13.034,14.042,14.546,14.1456,16.9932,17.9508,20.7732,21.8764,22.6716,23.8532,28.9912,34.4904,39.522,42.1876,42.1876,42.8417
Nepal,Food Household Consumption,Emissions (CO2eq) from N2O (AR5),kilotonnes,1.06,1.1925,1.0865,1.1395,1.113,1.1925,1.06,1.0335,0.901,1.113,0.9805,1.1395,1.1395,1.1925,1.272,1.484,1.802,2.067,2.226,2.226,2.2606
Nepal,Food Household Consumption,Emissions (CO2eq) (AR5),kilotonnes,321.2151,389.4143,345.501,382.2723,318.1531,320.2777,262.7497,226.7635,191.635,182.159,183.2079,201.9232,202.1483,217.2199,243.5511,205.4549,314.9005,358.8098,408.9319,408.9319,409.6206
Nepal,Food Transport,Emissions (CH4),kilotonnes,0.0222,0.0221,0.0235,0.0241,0.0254,0.0256,0.0315,0.0302,0.0385,0.0498,0.0569,0.0603,0.0668,0.0756,0.0851,0.0721,0.121,0.1463,0.1628,0.1059,0.1075
Nepal,Food Transport,Emissions (N2O),kilotonnes,0.0015,0.0014,0.0015,0.0015,0.0016,0.0017,0.0018,0.0019,0.0028,0.0037,0.0041,0.0042,0.0047,0.0053,0.0059,0.005,0.0084,0.0103,0.0114,0.0074,0.0075
Nepal,Food Transport,Emissions (CO2),kilotonnes,90.86,82.5,86.9,86.13,92.07,92.07,97.24,99.88,147.4,192.5,213.4,215.6,237.6,268.4,299.2,257.4,429,524.7,583,375.7156,375.7156
Nepal,Food Transport,Emissions (CO2eq) from CH4 (AR5),kilotonnes,0.6216,0.6188,0.658,0.6748,0.7112,0.7168,0.882,0.8456,1.078,1.3944,1.5932,1.6884,1.8704,2.1168,2.3828,2.0188,3.388,4.0964,4.5584,2.9652,3.0112
Nepal,Food Transport,Emissions (CO2eq) from N2O (AR5),kilotonnes,0.3975,0.371,0.3975,0.3975,0.424,0.4505,0.477,0.5035,0.742,0.9805,1.0865,1.113,1.2455,1.4045,1.5635,1.325,2.226,2.7295,3.021,1.961,1.9915
Nepal,Food Transport,Emissions (CO2eq) (AR5),kilotonnes,91.8791,83.4898,87.9555,87.2023,93.2052,93.2373,98.599,101.2291,149.22,194.8749,216.0797,218.4014,240.7159,271.9213,303.1463,260.7438,434.614,531.5259,590.5794,380.6418,380.7183
Nepal,Energy,Emissions (CH4),kilotonnes,93.5,96,99.1,101,103,106,108,110,112,114,115,116,107,119,122,122,125,127,128,129,131
Nepal,Energy,Emissions (N2O),kilotonnes,1.82,1.85,1.9,1.94,1.98,2.03,2.06,2.08,2.16,2.24,2.28,2.19,2.1,2.26,2.31,2.31,2.47,2.58,2.64,2.57,2.61
Nepal,Energy,Emissions (CO2),kilotonnes,2920,3120,2480,2700,2470,2870,2340,2460,3250,3670,4310,4430,4450,5080,6410,5260,8010,9290,9830,10700,10700
Nepal,Energy,Emissions (CO2eq) from CH4 (AR5),kilotonnes,2618,2688,2774.8,2828,2884,2968,3024,3080,3136,3192,3220,3248,2996,3332,3416,3416,3500,3556,3584,3612,3668
Nepal,Energy,Emissions (CO2eq) from N2O (AR5),kilotonnes,482.3,490.25,503.5,514.1,524.7,537.95,545.9,551.2,572.4,593.6,604.2,580.35,556.5,598.9,612.15,612.15,654.55,683.7,699.6,681.05,691.65
Nepal,Energy,Emissions (CO2eq) (AR5),kilotonnes,6020.3,6298.25,5758.3,6042.1,5878.7,6375.95,5909.9,6091.2,6958.4,7455.6,8134.2,8258.35,8002.5,9010.9,10438.15,9288.15,12164.55,13529.7,14113.6,14993.05,15059.65
Nepal,IPPU,Emissions (N2O),kilotonnes,0.0072,0.0073,0.0074,0.0075,0.0076,0.0077,0.0078,0.0079,0.008,0.0081,0.0081,0.0082,0.0083,0.0084,0.0085,0.0086,0.0087,0.0088,0.0089,0.009,0.0091
Nepal,IPPU,Emissions (CO2),kilotonnes,186,181,184,367,184,187,189,191,189,566,610,878,1100,1220,1260,1570,1990,2370,3510,3850,3850
Nepal,IPPU,Emissions (CO2eq) from N2O (AR5),kilotonnes,1.8948,1.9292,1.961,1.9928,2.0219,2.0484,2.0723,2.0935,2.1147,2.1359,2.1571,2.1809,2.2075,2.234,2.2604,2.2896,2.3135,2.3399,2.3664,2.385,2.4089
Nepal,IPPU,Emissions (CO2eq) (AR5),kilotonnes,187.8947,182.9292,185.961,368.9928,186.022,189.0485,191.0723,193.0935,191.1147,568.1359,612.1571,880.181,1102.2075,1222.234,1262.2604,1572.2896,1992.3135,2372.34,3512.3664,3852.385,3852.4088
Nepal,Waste,Emissions (CH4),kilotonnes,101,103,104,105,107,108,109,110,112,113,114,116,117,119,121,123,124,125,127,128,130
Nepal,Waste,Emissions (N2O),kilotonnes,0.854,0.869,0.884,0.909,0.938,0.976,0.999,1.02,1.03,1.06,1.08,1.12,1.15,1.19,1.23,1.28,1.31,1.34,1.35,1.38,1.41
Nepal,Waste,Emissions (CO2eq) from CH4 (AR5),kilotonnes,2828,2884,2912,2940,2996,3024,3052,3080,3136,3164,3192,3248,3276,3332,3388,3444,3472,3500,3556,3584,3640
Nepal,Waste,Emissions (CO2eq) from N2O (AR5),kilotonnes,226.31,230.285,234.26,240.885,248.57,258.64,264.735,270.3,272.95,280.9,286.2,296.8,304.75,315.35,325.95,339.2,347.15,355.1,357.75,365.7,373.65
Nepal,Waste,Emissions (CO2eq) (AR5),kilotonnes,3054.31,3114.285,3146.26,3180.885,3244.57,3282.64,3316.735,3350.3,3408.95,3444.9,3478.2,3544.8,3580.75,3647.35,3713.95,3783.2,3819.15,3855.1,3913.75,3949.7,4013.65
Nepal,Other,Emissions (N2O),kilotonnes,0.73,0.748,0.749,0.769,0.783,0.812,0.809,0.831,0.867,0.897,0.93,0.942,0.915,0.999,1.05,1.03,1.14,1.21,1.25,1.22,1.25
Nepal,Other,Emissions (CO2eq) from N2O (AR5),kilotonnes,193.45,198.22,198.485,203.785,207.495,215.18,214.385,220.215,229.755,237.705,246.45,249.63,242.475,264.735,278.25,272.95,302.1,320.65,331.25,323.3,331.25
Nepal,Other,Emissions (CO2eq) (AR5),kilotonnes,193.45,198.22,198.485,203.785,207.495,215.18,214.385,220.215,229.755,237.705,246.45,249.63,242.475,264.735,278.25,272.95,302.1,320.65,331.25,323.3,331.25
Nepal,Farm-gate emissions,Emissions (CH4),kilotonnes,649.7305,651.2857,659.0247,668.4401,678.6522,686.7066,695.9366,697.7435,720.4628,737.1362,741.8133,755.9071,771.2054,769.1747,774.1697,766.5836,768.0601,789.5617,791.0669,800.6887,801.5288
Nepal,Farm-gate emissions,Direct emissions (N2O),kilotonnes,8.8878,8.914,8.6399,8.5517,8.7865,8.845,9.0753,9.1332,9.4502,10.0866,10.4926,11.1131,11.3313,11.8769,12.3665,12.481,12.7321,12.787,13.584,13.8007,14.2372
Nepal,Farm-gate emissions,Indirect emissions (N2O),kilotonnes,2.5645,2.5732,2.4801,2.446,2.5147,2.5304,2.6069,2.6337,2.7235,2.9272,3.0637,3.2494,3.3068,3.4978,3.6535,3.6981,3.8022,3.8026,4.0653,4.1383,4.283
Nepal,Farm-gate emissions,Emissions (N2O),kilotonnes,12.9337,12.9895,12.6118,12.5295,12.855,12.9369,13.2217,13.3009,13.7805,14.6873,15.2375,16.0514,16.3689,17.1329,17.8202,17.9059,18.5532,18.5238,19.6475,20.0129,20.5395
Nepal,Farm-gate emissions,Emissions (CO2),kilotonnes,2760.057,2761.4534,2729.8544,2726.4246,2737.2243,2748.2826,2725.6784,2697.3291,2775.9049,2852.1692,2895.8686,2907.4008,2898.5829,2980.0354,3002.3995,2942.927,3145.7435,3254.1701,3314.5728,3360.0496,3359.1648
Nepal,Farm-gate emissions,Emissions (CO2eq) from CH4 (AR5),kilotonnes,18192.4541,18235.9991,18452.6927,18716.3216,19002.2628,19227.7848,19486.2253,19536.818,20172.9574,20639.8128,20770.7722,21165.4002,21593.7515,21536.8921,21676.7524,21464.3399,21505.6818,22107.7285,22149.8724,22419.2828,22442.8064
Nepal,Farm-gate emissions,Emissions (CO2eq) from N2O (AR5),kilotonnes,3427.4355,3442.2277,3342.1251,3320.3072,3406.5874,3428.2702,3503.7405,3524.7461,3651.8194,3892.1404,4037.9281,4253.6177,4337.7636,4540.2093,4722.3566,4745.0696,4916.5975,4908.82,5206.5934,5303.4224,5442.9672
Nepal,Farm-gate emissions,Emissions (CO2eq) (AR5),kilotonnes,24379.9466,24439.6802,24524.6722,24763.0534,25146.0744,25404.3375,25715.6443,25758.8932,26600.6817,27384.1225,27704.5688,28326.4187,28830.098,29057.1367,29401.5086,29152.3365,29568.0228,30270.7186,30671.0387,31082.7548,31244.9384
Nepal,Land Use change,Emissions (CH4),kilotonnes,11.5292,9.4169,2.184,16.6373,13.5791,13.9269,8.5018,5.8028,11.3213,16.3034,20.4147,12.1052,20.8402,22.377,20.0843,2.9044,49.7344,12.9696,8.0139,27.9691,4.5225
Nepal,Land Use change,Emissions (N2O),kilotonnes,0.3391,0.8598,0.1994,1.5191,1.2398,1.2716,0.7763,0.5298,1.0337,1.4886,1.864,1.1053,1.9028,2.0431,1.8338,0.2652,4.541,1.1842,0.7317,2.5537,0.4129
Nepal,Land Use change,Emissions (CO2),kilotonnes,0,0,0,0,0,0,0,0,0,0,0,0,0,0,0,0,0,0,0,0,0
Nepal,Land Use change,Emissions (CO2eq) from CH4 (AR5),kilotonnes,322.8168,263.6732,61.1523,465.8448,380.2142,389.9541,238.0517,162.4776,316.9958,456.4954,571.6126,338.9452,583.5244,626.5554,562.3591,81.3219,1392.5642,363.1491,224.3899,783.1338,126.6291
Nepal,Land Use change,Emissions (CO2eq) from N2O (AR5),kilotonnes,89.8596,227.848,52.8436,402.5506,328.5547,336.9712,205.7077,140.4019,273.9258,394.4715,493.9479,292.8928,504.2412,541.4256,485.9516,70.2727,1203.3571,313.8081,193.9021,676.7298,109.4241
Nepal,Land Use change,Emissions (CO2eq) (AR5),kilotonnes,412.6764,491.5212,113.9958,868.3954,708.7689,726.9252,443.7594,302.8795,590.9216,850.9669,1065.5605,631.838,1087.7655,1167.9809,1048.3106,151.5946,2595.9213,676.9572,418.292,1459.8636,236.0532
Nepal,Emissions on agricultural land,Emissions (CH4),kilotonnes,661.2597,660.7026,661.2087,685.0774,692.2313,700.6335,704.4385,703.5463,731.784,753.4396,762.228,768.0123,792.0456,791.5517,794.254,769.4879,817.7945,802.5313,799.0808,828.6577,806.0513
Nepal,Emissions on agricultural land,Emissions (N2O),kilotonnes,13.2728,13.8493,12.8112,14.0485,14.0949,14.2085,13.9979,13.8307,14.8141,16.1759,17.1014,17.1566,18.2717,19.176,19.654,18.1711,23.0942,19.708,20.3792,22.5666,20.9524
Nepal,Emissions on agricultural land,Emissions (CO2),kilotonnes,2760.057,2761.4534,2729.8544,2726.4246,2737.2243,2748.2826,2725.6784,2697.3291,2775.9049,2852.1692,2895.8686,2907.4008,2898.5829,2980.0354,3002.3995,2942.927,3145.7435,3254.1701,3314.5728,3360.0496,3359.1648
Nepal,Emissions on agricultural land,Emissions (CO2eq) from CH4 (AR5),kilotonnes,18515.2708,18499.6723,18513.845,19182.1664,19382.4771,19617.7388,19724.277,19699.2957,20489.9532,21096.3082,21342.3848,21504.3454,22177.2759,22163.4474,22239.1115,21545.6617,22898.246,22470.8775,22374.2623,23202.4166,22569.4355
Nepal,Emissions on agricultural land,Emissions (CO2eq) from N2O (AR5),kilotonnes,3517.2951,3670.0757,3394.9686,3722.8578,3735.142,3765.2413,3709.4483,3665.148,3925.7452,4286.612,4531.876,4546.5105,4842.0047,5081.6349,5208.3082,4815.3423,6119.9546,5222.6281,5400.4955,5980.1521,5552.3912
Nepal,Emissions on agricultural land,Emissions (CO2eq) (AR5),kilotonnes,24792.623,24931.2015,24638.668,25631.4488,25854.8433,26131.2627,26159.4036,26061.7727,27191.6033,28235.0894,28770.1294,28958.2567,29917.8635,30225.1177,30449.8192,29303.9311,32163.9441,30947.6758,31089.3307,32542.6184,31480.9915
Nepal,Pre- and post- production,Emissions (CH4),kilotonnes,102.6941,103.7702,105.0822,106.0401,106.6146,107.7542,108.8393,107.4177,108.4565,110.2084,110.9751,111.38,110.7781,105.3744,105.1576,105.6244,106.4626,107.4084,108.5083,109.2748,110.1483
Nepal,Pre- and post- production,Emissions (N2O),kilotonnes,0.469,0.4754,0.4803,0.4981,0.513,0.528,0.5242,0.5417,0.5627,0.582,0.5911,0.6105,0.6157,0.6088,0.6232,0.6299,0.646,0.6642,0.676,0.6821,0.6933
Nepal,Pre- and post- production,Emissions (CO2),kilotonnes,468.2535,531.0829,482.1643,522.9347,461.9998,472.0493,406.1673,397.7419,436.6693,479.8478,501.6995,531.5928,559.6551,563.3069,635.8889,536.2659,863.1081,1013.8496,1133.6601,922.1735,922.1619
Nepal,Pre- and post- production,Emissions (CO2eq) from CH4 (AR5),kilotonnes,2875.4336,2905.5653,2942.3013,2969.1234,2985.2092,3017.1177,3047.5017,3007.6946,3036.782,3085.8356,3107.3037,3118.6391,3101.7875,2950.4824,2944.4139,2957.483,2980.9522,3007.4362,3038.2322,3059.6946,3084.1512
Nepal,Pre- and post- production,Emissions (CO2eq) from N2O (AR5),kilotonnes,124.2827,125.9842,127.2861,132.0059,135.9327,139.925,138.9119,143.5464,149.1259,154.2261,156.6315,161.7845,163.1561,161.3235,165.1384,166.9351,171.1911,176.0015,179.1338,180.7551,183.7185
Nepal,Pre- and post- production,Emissions (CO2eq) (AR5),kilotonnes,3467.9698,3562.6324,3551.7517,3624.064,3583.1417,3629.092,3592.581,3548.9829,3622.5772,3719.9095,3765.6346,3812.0164,3824.5988,3675.1128,3745.4412,3660.684,4015.2514,4197.2872,4351.0261,4162.6233,4190.0317
Nepal,Agri-food systems,Emissions (CH4),kilotonnes,763.9537,764.4728,766.2909,791.1175,798.8459,808.3877,813.2778,810.9639,840.2405,863.648,873.2032,879.3923,902.8237,896.9261,899.4116,875.1123,924.2571,909.9398,907.5891,937.9325,916.1995
Nepal,Agri-food systems,Emissions (N2O),kilotonnes,13.7418,14.3248,13.2915,14.5467,14.6078,14.7365,14.5221,14.3724,15.3769,16.7579,17.6925,17.7672,18.8874,19.7847,20.2772,18.801,23.7402,20.3722,21.0552,23.2487,21.6457
Nepal,Agri-food systems,Emissions (CO2),kilotonnes,3228.3105,3292.5364,3212.0187,3249.3593,3199.224,3220.3319,3131.8457,3095.071,3212.5742,3332.017,3397.568,3438.9936,3458.238,3543.3423,3638.2885,3479.1929,4008.8515,4268.0197,4448.2329,4282.2231,4281.3268
Nepal,Agri-food systems,Emissions (CO2eq) from CH4 (AR5),kilotonnes,21390.7044,21405.2376,21456.1463,22151.2898,22367.6862,22634.8565,22771.7787,22706.9902,23526.7352,24182.1438,24449.6885,24622.9845,25279.0634,25113.9299,25183.5254,24503.1447,25879.1982,25478.3137,25412.4945,26262.1113,25653.5867
Nepal,Agri-food systems,Emissions (CO2eq) from N2O (AR5),kilotonnes,3641.5779,3796.0599,3522.2547,3854.8637,3871.0747,3905.1664,3848.3602,3808.6944,4074.8711,4440.8381,4688.5074,4708.295,5005.1609,5242.9583,5373.4466,4982.2774,6291.1457,5398.6296,5579.6293,6160.9073,5736.1098
Nepal,Agri-food systems,Emissions (CO2eq) (AR5),kilotonnes,28260.5928,28493.8339,28190.4197,29255.5128,29437.985,29760.3548,29751.9846,29610.7556,30814.1805,31954.9989,32535.764,32770.2731,33742.4623,33900.2305,34195.2604,32964.6151,36179.1955,35144.963,35440.3568,36705.2417,35671.0233
Nepal,IPCC Agriculture,Emissions (CH4),kilotonnes,649.4894,651.0443,658.9082,668.3007,678.5299,686.5186,695.8196,697.5939,720.3214,736.998,741.6211,755.7343,771.0881,768.9331,773.8789,766.3388,767.7988,789.3068,790.8266,800.4584,801.2986
Nepal,IPCC Agriculture,Emissions (CH4),kilotonnes,470.09,,,,,,,,,,,,,,,,,,,,
Nepal,IPCC Agriculture,Direct emissions (N2O),kilotonnes,8.8878,8.914,8.6399,8.5517,8.7865,8.845,9.0753,9.1332,9.4502,10.0866,10.4926,11.1131,11.3313,11.8769,12.3665,12.481,12.7321,12.787,13.584,13.8007,14.2372
Nepal,IPCC Agriculture,Indirect emissions (N2O),kilotonnes,2.5645,2.5732,2.4801,2.446,2.5147,2.5304,2.6069,2.6337,2.7235,2.9272,3.0637,3.2494,3.3068,3.4978,3.6535,3.6981,3.8022,3.8026,4.0653,4.1383,4.283
Nepal,IPCC Agriculture,Emissions (N2O),kilotonnes,12.8514,12.917,12.5374,12.4587,12.777,12.8597,13.1448,13.2375,13.6863,14.5649,15.1062,15.9153,16.2331,16.9783,17.6614,17.7572,18.3073,18.2215,19.3206,19.6524,20.179
Nepal,IPCC Agriculture,Emissions (N2O),kilotonnes,27.14,,,,,,,,,,,,,,,,,,,,
Nepal,IPCC Agriculture,Emissions (CO2eq) from CH4 (AR5),kilotonnes,18185.7028,18229.2399,18449.4286,18712.4197,18998.8378,19222.5204,19482.9498,19532.6285,20168.9987,20635.9432,20765.3898,21160.5604,21590.4654,21530.1262,21668.61,21457.4872,21498.3665,22100.5902,22143.1435,22412.8363,22436.3599
Nepal,IPCC Agriculture,Emissions (CO2eq) from CH4 (AR5),kilotonnes,13162.52,,,,,,,,,,,,,,,,,,,,
Nepal,IPCC Agriculture,Emissions (CO2eq) from N2O (AR5),kilotonnes,3405.6161,3423.0121,3322.4226,3301.5515,3385.9006,3407.8211,3483.3851,3507.9295,3626.8697,3859.7017,4003.1363,4217.5465,4301.7632,4499.2593,4680.27,4705.6558,4851.4352,4828.6926,5119.972,5207.8939,5347.4387
Nepal,IPCC Agriculture,Emissions (CO2eq) from N2O (AR5),kilotonnes,7192.1,,,,,,,,,,,,,,,,,,,,
Nepal,IPCC Agriculture,Emissions (CO2eq) (AR5),kilotonnes,21591.3189,21652.252,21771.8512,22013.9712,22384.7384,22630.3415,22966.3348,23040.558,23795.8684,24495.645,24768.5261,25378.107,25892.2286,26029.3855,26348.88,26163.143,26349.8017,26929.2828,27263.1154,27620.7303,27783.7986
Nepal,IPCC Agriculture,Emissions (CO2eq) (AR5),kilotonnes,20354.62,,,,,,,,,,,,,,,,,,,,
Nepal,Agricultural Soils,Direct emissions (N2O),kilotonnes,8.8878,8.914,8.6399,8.5517,8.7865,8.845,9.0753,9.1332,9.4502,10.0866,10.4926,11.1131,11.3313,11.8769,12.3665,12.481,12.7321,12.787,13.584,13.8007,14.2372
Nepal,Agricultural Soils,Indirect emissions (N2O),kilotonnes,2.5645,2.5732,2.4801,2.446,2.5147,2.5304,2.6069,2.6337,2.7235,2.9272,3.0637,3.2494,3.3068,3.4978,3.6535,3.6981,3.8022,3.8026,4.0653,4.1383,4.283
Nepal,Agricultural Soils,Emissions (N2O),kilotonnes,12.2391,12.2799,11.9119,11.7882,12.0892,12.1606,12.4668,12.5497,12.9559,13.7959,14.3386,15.1443,15.4198,16.157,16.8035,16.9625,17.3001,17.3511,18.4106,18.6894,19.2692
Nepal,Agricultural Soils,Emissions (N2O),kilotonnes,19.49,,,,,,,,,,,,,,,,,,,,
Nepal,Agricultural Soils,Emissions (CO2eq) from N2O (AR5),kilotonnes,3243.3519,3254.173,3156.6576,3123.867,3203.643,3222.5509,3303.6957,3325.667,3433.3042,3655.9201,3799.7282,4013.2402,4086.236,4281.5972,4452.925,4495.0755,4584.5136,4598.0504,4878.7996,4952.6921,5106.3496
Nepal,Agricultural Soils,Emissions (CO2eq) from N2O (AR5),kilotonnes,5164.85,,,,,,,,,,,,,,,,,,,,
Nepal,Agricultural Soils,Emissions (CO2eq) (AR5),kilotonnes,3243.3519,3254.173,3156.6576,3123.867,3203.643,3222.5509,3303.6957,3325.667,3433.3042,3655.9201,3799.7282,4013.2402,4086.236,4281.5972,4452.925,4495.0755,4584.5136,4598.0504,4878.7996,4952.6921,5106.3496
Nepal,Agricultural Soils,Emissions (CO2eq) (AR5),kilotonnes,5164.85,,,,,,,,,,,,,,,,,,,,
Nepal,LULUCF,Emissions (CH4),kilotonnes,12.3186,9.9388,2.2312,17.1144,14.0263,14.7892,8.6087,5.8028,12.1413,17.4886,21.1378,12.3859,21.5036,22.5857,21.5503,3.0485,53.6431,13.1783,9.1297,29.4476,4.5374
Nepal,LULUCF,Emissions (CH4),kilotonnes,17,,,,,,,,,,,,,,,,,,,,
Nepal,LULUCF,Emissions (N2O),kilotonnes,0.3764,0.9075,0.2037,1.5626,1.2807,1.3503,0.786,0.5298,1.1086,1.5968,1.93,1.1309,1.9634,2.0622,1.9676,0.2783,4.8978,1.2032,0.8336,2.6887,0.4143
Nepal,LULUCF,Emissions (CO2),kilotonnes,-1838.6245,-4684.4414,-4684.973,-4688.0668,-4693.7258,-4703.2632,-4704.8505,-4709.5997,-4712.0941,-4712.9371,-4713.6139,2457.6647,2457.1037,2457.7157,2459.9501,2459.2723,2411.7571,2399.3749,2401.0308,2372.2062,2371.3214
Nepal,LULUCF,Emissions (CO2),kilotonnes,-12775,,,,,,,,,,,,,,,,,,,,
Nepal,LULUCF,Emissions (CO2eq) from CH4 (AR5),kilotonnes,344.9201,278.2851,62.4741,479.2035,392.7377,414.0962,241.043,162.4776,339.9563,489.6819,591.8572,346.806,602.0999,632.3991,603.4086,85.3576,1502.0065,368.9932,255.6307,824.5326,127.0466
Nepal,LULUCF,Emissions (CO2eq) from N2O (AR5),kilotonnes,99.7394,240.4746,53.9858,414.0943,339.3766,357.8331,208.2926,140.4019,293.7666,423.149,511.4419,299.6856,520.2929,546.4753,521.4237,73.7601,1297.9296,318.8582,220.8983,712.5037,109.7848
Nepal,LULUCF,Emissions (CO2eq) (AR5),kilotonnes,-1393.965,-4165.6817,-4568.5131,-3794.769,-3961.6116,-3931.3339,-4255.5149,-4406.7203,-4078.3712,-3800.1062,-3610.3148,3104.1563,3579.4965,3636.5901,3584.7824,2618.3899,5211.6932,3087.2263,2877.5598,3909.2425,2608.1528
Nepal,LULUCF,Emissions (CO2eq) (AR5),kilotonnes,-12775,,,,,,,,,,,,,,,,,,,,
Nepal,AFOLU,Emissions (CH4),kilotonnes,661.808,660.983,661.1394,685.4151,692.5563,701.3077,704.4283,703.3966,732.4627,754.4866,762.7588,768.1202,792.5916,791.5188,795.4292,769.3873,821.4419,802.4851,799.9562,829.906,805.8359
Nepal,AFOLU,Emissions (N2O),kilotonnes,13.2278,13.8245,12.7412,14.0213,14.0576,14.21,13.9309,13.7673,14.7949,16.1617,17.0361,17.0462,18.1964,19.0405,19.629,18.0355,23.2052,19.4247,20.1542,22.3411,20.5933
Nepal,AFOLU,Emissions (CO2),kilotonnes,-1838.6245,-4684.4414,-4684.973,-4688.0668,-4693.7258,-4703.2632,-4704.8505,-4709.5997,-4712.0941,-4712.9371,-4713.6139,2457.6647,2457.1037,2457.7157,2459.9501,2459.2723,2411.7571,2399.3749,2401.0308,2372.2062,2371.3214
Nepal,AFOLU,Emissions (CO2eq) from CH4 (AR5),kilotonnes,18530.6229,18507.525,18511.9027,19191.6232,19391.5755,19636.6166,19723.9928,19695.1062,20508.9551,21125.6251,21357.2471,21507.3664,22192.5654,22162.5253,22272.0186,21542.8448,23000.3731,22469.5834,22398.7741,23237.3689,22563.4064
Nepal,AFOLU,Emissions (CO2eq) from N2O (AR5),kilotonnes,3505.3555,3663.4867,3376.4084,3715.6458,3725.2771,3765.6543,3691.6777,3648.3313,3920.6363,4282.8508,4514.5781,4517.2321,4822.0561,5045.7346,5201.6937,4779.4159,6149.3648,5147.5508,5340.8702,5920.3976,5457.2235
Nepal,AFOLU,Emissions (CO2eq) (AR5),kilotonnes,20197.3539,17486.5702,17203.3381,18219.2022,18423.1269,18699.0076,18710.82,18633.8378,19717.4972,20695.5387,21158.2113,28482.2633,29471.7252,29665.9756,29933.6624,28781.5329,31561.4949,30016.509,30140.6752,31529.9727,30391.9514
Nepal,All sectors with LULUCF,Emissions (CH4),kilotonnes,856.308,859.983,864.2394,891.4151,902.5563,915.3077,921.4283,923.3966,956.4627,981.4866,991.7588,1000.1202,1016.5916,1029.5188,1038.4292,1014.3873,1070.4419,1054.4851,1054.9562,1086.906,1066.8359
Nepal,All sectors with LULUCF,Emissions (N2O),kilotonnes,16.6389,17.2988,16.2816,17.6468,17.7663,18.0357,17.8067,17.7062,18.8598,20.3668,21.3343,21.3064,22.3698,23.4979,24.2276,22.6642,28.1339,24.5635,25.4032,27.5201,25.8724
Nepal,All sectors with LULUCF,Emissions (CO2),kilotonnes,1267.3755,-1383.4414,-2020.973,-1621.0668,-2039.7258,-1646.2632,-2175.8505,-2058.5997,-1273.0941,-476.9371,206.3861,7765.6647,8007.1037,8757.7157,10129.9501,9289.2723,12411.7571,14059.3749,15741.0308,16922.2062,16921.3214
Nepal,All sectors with LULUCF,Emissions (CO2eq) from CH4 (AR5),kilotonnes,23976.6229,24079.525,24198.7027,24959.6232,25271.5755,25628.6166,25799.9928,25855.1062,26780.9551,27481.6251,27769.2471,28003.3664,28464.5654,28826.5253,29076.0186,28402.8448,29972.3731,29525.5834,29538.7741,30433.3689,29871.4064
Nepal,All sectors with LULUCF,Emissions (CO2eq) from N2O (AR5),kilotonnes,4409.3102,4584.1709,4314.6144,4676.4086,4708.0641,4779.4727,4718.77,4692.1398,4997.856,5397.1917,5653.5852,5646.1931,5927.9886,6226.9535,6420.3041,6006.0055,7455.4782,6509.3407,6731.8367,7292.8326,6856.1824
Nepal,All sectors with LULUCF,Emissions (CO2eq) (AR5),kilotonnes,29653.3086,27280.2544,26492.3441,28014.965,27939.9138,28761.8261,28342.9123,28488.6463,30505.7169,32401.8796,33629.2184,41415.2242,42399.6576,43811.1946,45626.2728,43698.1225,49839.6084,50094.299,52011.6416,54648.4077,53648.9102
Nepal,All sectors without LULUCF,Emissions (CH4),kilotonnes,843.9894,850.0443,862.0082,874.3007,888.5299,900.5186,912.8196,917.5939,944.3214,963.998,970.6211,987.7343,995.0881,1006.9331,1016.8789,1011.3388,1016.7988,1041.3068,1045.8266,1057.4584,1062.2986
Nepal,All sectors without LULUCF,Emissions (N2O),kilotonnes,16.2625,16.3913,16.0778,16.0842,16.4856,16.6854,17.0207,17.1764,17.7513,18.77,19.4043,20.1755,20.4064,21.4358,22.2599,22.3858,23.236,23.3603,24.5696,24.8314,25.4581
Nepal,All sectors without LULUCF,Emissions (CO2),kilotonnes,3106,3301,2664,3067,2654,3057,2529,2651,3439,4236,4920,5308,5550,6300,7670,6830,10000,11660,13340,14550,14550
Nepal,All sectors without LULUCF,Emissions (CO2eq) from CH4 (AR5),kilotonnes,23631.7028,23801.2399,24136.2286,24480.4197,24878.8378,25214.5204,25558.9498,25692.6285,26440.9987,26991.9432,27177.3898,27656.5604,27862.4654,28194.1262,28472.61,28317.4872,28470.3665,29156.5902,29283.1435,29608.8363,29744.3599
Nepal,All sectors without LULUCF,Emissions (CO2eq) from N2O (AR5),kilotonnes,4309.5708,4343.6963,4260.6286,4262.3143,4368.6875,4421.6396,4510.4774,4551.738,4704.0894,4974.0426,5142.1434,5346.5075,5407.6957,5680.4782,5898.8804,5932.2454,6157.5487,6190.4825,6510.9384,6580.3289,6746.3976
Nepal,All sectors without LULUCF,Emissions (CO2eq) (AR5),kilotonnes,31047.2736,31445.9362,31060.8572,31809.734,31901.5254,32693.1599,32598.4271,32895.3665,34584.0881,36201.9859,37239.5332,38311.0679,38820.1611,40174.6044,42041.4905,41079.7326,44627.9152,47007.0727,49134.0819,50739.1653,51040.7574
Netherlands,Crop Residues,Direct emissions (N2O),kilotonnes,0.496,0.4634,0.4659,0.4662,0.4883,0.4663,0.4523,0.4363,0.5115,0.5222,0.4873,0.46,0.4703,0.4749,0.473,0.4645,0.4057,0.4253,0.392,0.4454,0.412
Netherlands,Crop Residues,Direct emissions (N2O),kilotonnes,1.5231,1.4397,1.4328,1.3271,1.2834,1.2629,1.2604,1.1329,1.1436,1.1341,1.1585,1.1856,1.1647,1.0693,1.1208,1.0481,1.0187,1.1332,1.1242,1.102,1.1079
Netherlands,Crop Residues,Indirect emissions (N2O),kilotonnes,0.1116,0.1043,0.1048,0.1049,0.1099,0.1049,0.1018,0.0982,0.1151,0.1175,0.1096,0.1035,0.1058,0.1068,0.1064,0.1045,0.0913,0.0957,0.0882,0.1002,0.0927
Netherlands,Crop Residues,Emissions (N2O),kilotonnes,0.6076,0.5676,0.5707,0.5711,0.5982,0.5712,0.5541,0.5344,0.6265,0.6397,0.597,0.5635,0.5761,0.5817,0.5795,0.569,0.497,0.521,0.4802,0.5456,0.5046
Netherlands,Crop Residues,Emissions (N2O),kilotonnes,1.5231,1.4397,1.4328,1.3271,1.2834,1.2629,1.2604,1.1329,1.1436,1.1341,1.1585,1.1856,1.1647,1.0693,1.1208,1.0481,1.0187,1.1332,1.1242,1.102,1.1079
Netherlands,Crop Residues,Emissions (CO2eq) from N2O (AR5),kilotonnes,161.004,150.4259,151.2444,151.3391,158.5189,151.3613,146.828,141.6252,166.0295,169.5174,158.1959,149.3365,152.6711,154.1483,153.5578,150.7803,131.693,138.065,127.2656,144.5742,133.73
Netherlands,Crop Residues,Emissions (CO2eq) from N2O (AR5),kilotonnes,403.6139,381.5298,379.6808,351.6785,340.1087,334.6658,333.9987,300.2282,303.0569,300.5349,307.0144,314.1881,308.6529,283.3723,297.0228,277.7545,269.9626,300.3094,297.9029,292.0255,293.5921
Netherlands,Crop Residues,Emissions (CO2eq) (AR5),kilotonnes,161.004,150.4259,151.2444,151.3391,158.5189,151.3613,146.828,141.6252,166.0295,169.5174,158.1959,149.3365,152.6711,154.1483,153.5578,150.7803,131.693,138.065,127.2656,144.5742,133.73
Netherlands,Crop Residues,Emissions (CO2eq) (AR5),kilotonnes,403.6139,381.5298,379.6808,351.6785,340.1087,334.6658,333.9987,300.2282,303.0569,300.5349,307.0144,314.1881,308.6529,283.3723,297.0228,277.7545,269.9626,300.3094,297.9029,292.0255,293.5921
Netherlands,Burning - Crop residues,Emissions (CH4),kilotonnes,0.2024,0.2081,0.21,0.2059,0.2087,0.2037,0.2058,0.2033,0.2287,0.2138,0.2112,0.2079,0.2056,0.2068,0.1876,0.1841,0.1603,0.1486,0.1577,0.1815,0.1701
Netherlands,Burning - Crop residues,Emissions (N2O),kilotonnes,0.0052,0.0054,0.0054,0.0053,0.0054,0.0053,0.0053,0.0053,0.0059,0.0055,0.0055,0.0054,0.0053,0.0054,0.0049,0.0048,0.0042,0.0039,0.0041,0.0047,0.0044
Netherlands,Burning - Crop residues,Emissions (CO2eq) from CH4 (AR5),kilotonnes,5.6685,5.8272,5.8806,5.7641,5.845,5.7024,5.7635,5.6927,6.4033,5.9876,5.9136,5.8202,5.7573,5.7915,5.2526,5.154,4.4873,4.161,4.4169,5.0826,4.7616
Netherlands,Burning - Crop residues,Emissions (CO2eq) from N2O (AR5),kilotonnes,1.3909,1.4298,1.4429,1.4143,1.4342,1.3992,1.4142,1.3968,1.5712,1.4692,1.451,1.4281,1.4127,1.4211,1.2888,1.2646,1.101,1.021,1.0838,1.2471,1.1684
Netherlands,Burning - Crop residues,Emissions (CO2eq) (AR5),kilotonnes,7.0594,7.2571,7.3236,7.1785,7.2792,7.1015,7.1777,7.0895,7.9745,7.4568,7.3646,7.2483,7.17,7.2125,6.5414,6.4187,5.5883,5.182,5.5006,6.3297,5.9299
Netherlands,Enteric Fermentation,Emissions (CH4),kilotonnes,356.9774,356.4257,342.7504,337.0903,335.1414,337.3068,331.9304,336.3464,348.682,351.9825,351.6088,345.7343,344.7195,354.8913,365.869,380.9412,384.4751,359.8089,332.3835,336.7482,332.867
Netherlands,Enteric Fermentation,Emissions (CH4),kilotonnes,315.6801,320.1149,303.8673,304.7948,306.1249,303.9361,305.2573,309.2082,314.7864,316.4426,318.7069,314.4693,314.8241,325.4591,328.8798,340.3764,352.4683,346.4926,330.7068,325.434,327.848
Netherlands,Enteric Fermentation,Emissions (CO2eq) from CH4 (AR5),kilotonnes,9995.367,9979.9209,9597.0114,9438.5272,9383.9603,9444.5898,9294.0505,9417.7001,9763.096,9855.5087,9845.0474,9680.5612,9652.1447,9936.9564,10244.332,10666.3524,10765.3027,10074.65,9306.7391,9428.9508,9320.2767
Netherlands,Enteric Fermentation,Emissions (CO2eq) from CH4 (AR5),kilotonnes,8839.0437,8963.2164,8508.2841,8534.2555,8571.4974,8510.2095,8547.2049,8657.8298,8814.0182,8860.3919,8923.7937,8805.1407,8815.0735,9112.8541,9208.6351,9530.5402,9869.1137,9701.7928,9259.7909,9112.1514,9179.7443
Netherlands,Enteric Fermentation,Emissions (CO2eq) (AR5),kilotonnes,9995.367,9979.9209,9597.0114,9438.5272,9383.9603,9444.5898,9294.0505,9417.7001,9763.096,9855.5087,9845.0474,9680.5612,9652.1447,9936.9564,10244.332,10666.3524,10765.3027,10074.65,9306.7391,9428.9508,9320.2767
Netherlands,Enteric Fermentation,Emissions (CO2eq) (AR5),kilotonnes,8839.0437,8963.2164,8508.2841,8534.2555,8571.4974,8510.2095,8547.2049,8657.8298,8814.0182,8860.3919,8923.7937,8805.1407,8815.0735,9112.8541,9208.6351,9530.5402,9869.1137,9701.7928,9259.7909,9112.1514,9179.7443
Netherlands,Manure Management,Emissions (CH4),kilotonnes,137.9029,135.9679,126.0544,121.7927,121.7895,123.0871,122.1315,125.6039,130.7995,132.0574,134.7863,134.4792,132.8636,134.6625,136.4372,141.4757,141.4637,137.4846,130.4457,131.1885,127.91
Netherlands,Manure Management,Emissions (CH4),kilotonnes,174.4396,166.6806,157.9146,148.5313,147.0585,146.7715,145.3632,144.5909,145.9898,149.7687,148.412,147.8277,145.201,145.3694,145.5296,150.8187,154.0412,154.7055,151.9471,152.8352,147.5656
Netherlands,Manure Management,Emissions (N2O),kilotonnes,4.2087,4.1712,3.9662,3.8159,3.8168,3.8605,3.8058,3.8871,4.0474,4.0825,4.1252,4.0748,4.0415,4.1336,4.2318,4.4045,4.4256,4.2261,3.9627,3.9999,3.9257
Netherlands,Manure Management,Emissions (N2O),kilotonnes,2.6272,2.5472,2.4381,2.3409,2.3128,2.3412,2.3395,2.4202,2.4649,2.4954,2.4731,2.4443,2.3649,2.3521,2.4519,2.6069,2.6839,2.7122,2.736,2.6384,2.6375
Netherlands,Manure Management,Emissions (CO2eq) from CH4 (AR5),kilotonnes,3861.2822,3807.102,3529.5236,3410.196,3410.1067,3446.4376,3419.6813,3516.9094,3662.3858,3697.6063,3774.0165,3765.4189,3720.1815,3770.5495,3820.2412,3961.3184,3960.9826,3849.5675,3652.4785,3673.2784,3581.4791
Netherlands,Manure Management,Emissions (CO2eq) from CH4 (AR5),kilotonnes,4884.3088,4667.0582,4421.6082,4158.8755,4117.6375,4109.6029,4070.1694,4048.5439,4087.7155,4193.5237,4155.537,4139.1761,4065.6272,4070.3442,4074.8279,4222.9237,4313.1538,4331.7548,4254.5177,4279.3862,4131.8379
Netherlands,Manure Management,Emissions (CO2eq) from N2O (AR5),kilotonnes,1115.3149,1105.3621,1051.0527,1011.2113,1011.451,1023.0231,1008.5284,1030.0929,1072.574,1081.8754,1093.1891,1079.815,1071.0041,1095.4031,1121.4302,1167.2033,1172.7954,1119.9231,1050.118,1059.9612,1040.3014
Netherlands,Manure Management,Emissions (CO2eq) from N2O (AR5),kilotonnes,696.2004,675.0139,646.1052,620.3334,612.8894,620.4176,619.9746,641.3629,653.2111,661.2802,655.3724,647.7302,626.7002,623.3048,649.7477,690.8411,711.2456,718.7391,725.043,699.189,698.9336
Netherlands,Manure Management,Emissions (CO2eq) (AR5),kilotonnes,4976.5971,4912.464,4580.5763,4421.4073,4421.5577,4469.4607,4428.2096,4547.0023,4734.9598,4779.4817,4867.2056,4845.2339,4791.1857,4865.9526,4941.6714,5128.5216,5133.7779,4969.4906,4702.5964,4733.2396,4621.7806
Netherlands,Manure Management,Emissions (CO2eq) (AR5),kilotonnes,5580.5093,5342.0721,5067.7134,4779.2088,4730.5269,4730.0205,4690.144,4689.9068,4740.9265,4854.8039,4810.9094,4786.9064,4692.3274,4693.649,4724.5756,4913.7648,5024.3994,5050.4939,4979.5606,4978.5752,4830.7715
Netherlands,Manure left on Pasture,Direct emissions (N2O),kilotonnes,2.7126,2.7083,2.6002,2.5566,2.5731,2.6207,2.5905,2.6153,2.6686,2.6906,2.6929,2.643,2.6343,2.7071,2.8134,2.9033,2.9167,2.7213,2.515,2.549,2.5216
Netherlands,Manure left on Pasture,Indirect emissions (N2O),kilotonnes,0.6567,0.6569,0.6317,0.625,0.6323,0.6491,0.6431,0.6505,0.6559,0.6575,0.6574,0.6467,0.644,0.6599,0.686,0.7048,0.7104,0.66,0.613,0.6228,0.6153
Netherlands,Manure left on Pasture,Emissions (N2O),kilotonnes,3.3693,3.3653,3.2319,3.1817,3.2054,3.2697,3.2336,3.2659,3.3245,3.3481,3.3504,3.2897,3.2783,3.3671,3.4994,3.6081,3.6271,3.3813,3.128,3.1718,3.1369
Netherlands,Manure left on Pasture,Emissions (CO2eq) from N2O (AR5),kilotonnes,892.8742,891.797,856.4667,843.1398,849.4258,866.4832,856.905,865.4505,880.9808,887.2371,887.8481,871.781,868.7394,892.2688,927.3435,956.1519,961.1875,896.0475,828.9151,840.5331,831.2855
Netherlands,Manure left on Pasture,Emissions (CO2eq) (AR5),kilotonnes,892.8742,891.797,856.4667,843.1398,849.4258,866.4832,856.905,865.4505,880.9808,887.2371,887.8481,871.781,868.7394,892.2688,927.3435,956.1519,961.1875,896.0475,828.9151,840.5331,831.2855
Netherlands,Manure applied to Soils,Direct emissions (N2O),kilotonnes,4.8048,4.7411,4.4847,4.2448,4.2817,4.3613,4.3066,4.4029,4.5784,4.6148,4.7038,4.641,4.5903,4.6827,4.799,4.9796,4.9753,4.7906,4.5183,4.549,4.4519
Netherlands,Manure applied to Soils,Direct emissions (N2O),kilotonnes,4.43,4.2524,3.5973,3.6216,3.3081,3.3037,3.6376,3.6549,3.5448,3.5884,3.7112,3.5814,3.399,3.7414,3.8775,3.9161,3.949,4.2469,4.2404,3.9952,3.9456
Netherlands,Manure applied to Soils,Indirect emissions (N2O),kilotonnes,2.042,2.015,1.906,1.8041,1.8197,1.8536,1.8303,1.8712,1.9458,1.9613,1.9991,1.9724,1.9509,1.9902,2.0396,2.1163,2.1145,2.036,1.9203,1.9333,1.892
Netherlands,Manure applied to Soils,Emissions (N2O),kilotonnes,6.8468,6.7561,6.3907,6.0489,6.1014,6.2149,6.1369,6.2741,6.5242,6.5761,6.7029,6.6135,6.5412,6.6729,6.8386,7.0959,7.0898,6.8265,6.4386,6.4823,6.3439
Netherlands,Manure applied to Soils,Emissions (N2O),kilotonnes,4.43,4.2524,3.5973,3.6216,3.3081,3.3037,3.6376,3.6549,3.5448,3.5884,3.7112,3.5814,3.399,3.7414,3.8775,3.9161,3.949,4.2469,4.2404,3.9952,3.9456
Netherlands,Manure applied to Soils,Emissions (CO2eq) from N2O (AR5),kilotonnes,1814.4099,1790.3589,1693.5448,1602.9538,1616.8742,1646.9496,1626.2757,1662.6464,1728.9082,1742.6754,1776.2676,1752.5667,1733.4156,1768.3166,1812.2212,1880.4131,1878.8088,1809.0333,1706.2343,1717.8066,1681.1393
Netherlands,Manure applied to Soils,Emissions (CO2eq) from N2O (AR5),kilotonnes,1173.9438,1126.8877,953.2816,959.7195,876.6541,875.4782,963.9574,968.5416,939.3815,950.9247,983.4551,949.0638,900.7469,991.4782,1027.5252,1037.7576,1046.4802,1125.4158,1123.6992,1058.7294,1045.5881
Netherlands,Manure applied to Soils,Emissions (CO2eq) (AR5),kilotonnes,1814.4099,1790.3589,1693.5448,1602.9538,1616.8742,1646.9496,1626.2757,1662.6464,1728.9082,1742.6754,1776.2676,1752.5667,1733.4156,1768.3166,1812.2212,1880.4131,1878.8088,1809.0333,1706.2343,1717.8066,1681.1393
Netherlands,Manure applied to Soils,Emissions (CO2eq) (AR5),kilotonnes,1173.9438,1126.8877,953.2816,959.7195,876.6541,875.4782,963.9574,968.5416,939.3815,950.9247,983.4551,949.0638,900.7469,991.4782,1027.5252,1037.7576,1046.4802,1125.4158,1123.6992,1058.7294,1045.5881
Netherlands,Synthetic Fertilizers,Direct emissions (N2O),kilotonnes,4.7143,4.6514,4.5916,4.5659,4.7221,4.3882,4.5221,3.7906,3.6309,3.523,3.4251,3.3363,3.63,3.1742,3.4836,3.7929,3.5212,3.5257,3.2811,3.286,3.3688
Netherlands,Synthetic Fertilizers,Direct emissions (N2O),kilotonnes,5.4985,4.8236,4.6702,4.6962,4.7983,4.4494,4.6441,4.1742,3.8055,3.6389,3.5753,3.563,3.5641,3.9132,3.8374,4.3523,4.0965,4.1456,3.8625,3.943,4.0407
Netherlands,Synthetic Fertilizers,Indirect emissions (N2O),kilotonnes,1.5321,1.5117,1.4923,1.4839,1.5347,1.4261,1.4697,1.2319,1.18,1.145,1.1131,1.0843,1.1797,1.0316,1.1322,1.2327,1.1444,1.1459,1.0664,1.068,1.0949
Netherlands,Synthetic Fertilizers,Emissions (N2O),kilotonnes,6.2464,6.1631,6.0839,6.0499,6.2567,5.8143,5.9917,5.0225,4.811,4.6679,4.5382,4.4206,4.8097,4.2059,4.6157,5.0256,4.6656,4.6716,4.3475,4.354,4.4637
Netherlands,Synthetic Fertilizers,Emissions (N2O),kilotonnes,5.4985,4.8236,4.6702,4.6962,4.7983,4.4494,4.6441,4.1742,3.8055,3.6389,3.5753,3.563,3.5641,3.9132,3.8374,4.3523,4.0965,4.1456,3.8625,3.943,4.0407
Netherlands,Synthetic Fertilizers,Emissions (CO2eq) from N2O (AR5),kilotonnes,1655.3036,1633.2329,1612.2381,1603.2112,1658.0348,1540.7897,1587.8058,1330.9579,1274.9038,1236.9973,1202.6277,1171.4694,1274.5837,1114.5545,1223.1719,1331.7892,1236.3793,1237.9629,1152.0747,1153.8128,1182.8799
Netherlands,Synthetic Fertilizers,Emissions (CO2eq) from N2O (AR5),kilotonnes,1457.1019,1278.2498,1237.5961,1244.5061,1271.5462,1179.0909,1230.6897,1106.1755,1008.4448,964.3187,947.4671,944.1879,944.4753,1037.0102,1016.8982,1153.3536,1085.5596,1098.5939,1023.5588,1044.8884,1070.7968
Netherlands,Synthetic Fertilizers,Emissions (CO2eq) (AR5),kilotonnes,1655.3036,1633.2329,1612.2381,1603.2112,1658.0348,1540.7897,1587.8058,1330.9579,1274.9038,1236.9973,1202.6277,1171.4694,1274.5837,1114.5545,1223.1719,1331.7892,1236.3793,1237.9629,1152.0747,1153.8128,1182.8799
Netherlands,Synthetic Fertilizers,Emissions (CO2eq) (AR5),kilotonnes,1457.1019,1278.2498,1237.5961,1244.5061,1271.5462,1179.0909,1230.6897,1106.1755,1008.4448,964.3187,947.4671,944.1879,944.4753,1037.0102,1016.8982,1153.3536,1085.5596,1098.5939,1023.5588,1044.8884,1070.7968
Netherlands,Drained organic soils,Emissions (CO2eq) (AR5),kilotonnes,8830.9745,8787.4372,8682.6729,8607.1846,8560.6832,8562.5379,8559.575,8559.941,8562.8859,8562.8859,8562.9221,8562.0759,8560.2862,8560.2862,8554.7918,8553.0015,8528.2635,8525.3392,8520.1207,8491.4777,8493.7474
Netherlands,Drained organic soils,Emissions (CO2eq) (AR5),kilotonnes,702.7297,695.9228,689.154,682.4233,676.8944,671.3966,665.93,660.4945,655.09,649.899,644.7283,639.5781,634.4483,629.4941,626.6945,623.8963,621.0994,619.7568,618.4143,617.0722,615.7304
Netherlands,Drained organic soils (CO2),Emissions (CO2),kilotonnes,7431.8508,7395.1843,7306.9796,7243.4017,7204.2383,7205.7957,7203.3001,7203.618,7206.0942,7206.0942,7206.122,7205.4113,7203.9035,7203.9035,7199.2771,7197.7688,7176.8426,7174.377,7169.9825,7145.8958,7147.8101
Netherlands,Drained organic soils (CO2),Emissions (CO2eq) (AR5),kilotonnes,7431.8508,7395.1843,7306.9796,7243.4017,7204.2383,7205.7957,7203.3001,7203.618,7206.0942,7206.0942,7206.122,7205.4113,7203.9035,7203.9035,7199.2771,7197.7688,7176.8426,7174.377,7169.9825,7145.8958,7147.8101
Netherlands,Drained organic soils (N2O),Emissions (N2O),kilotonnes,5.2797,5.2538,5.1913,5.1464,5.1187,5.1198,5.118,5.1182,5.12,5.12,5.12,5.1195,5.1184,5.1184,5.1151,5.1141,5.0997,5.098,5.0949,5.0777,5.079
Netherlands,Drained organic soils (N2O),Emissions (N2O),kilotonnes,2.6518,2.6261,2.6006,2.5752,2.5543,2.5336,2.5129,2.4924,2.472,2.4524,2.4329,2.4135,2.3941,2.3754,2.3649,2.3543,2.3438,2.3387,2.3336,2.3286,2.3235
Netherlands,Drained organic soils (N2O),Emissions (CO2eq) from N2O (AR5),kilotonnes,1399.1236,1392.2529,1375.6933,1363.7829,1356.4449,1356.7423,1356.2749,1356.323,1356.7918,1356.7918,1356.8,1356.6646,1356.3827,1356.3827,1355.5147,1355.2327,1351.4208,1350.9623,1350.1382,1345.5819,1345.9373
Netherlands,Drained organic soils (N2O),Emissions (CO2eq) from N2O (AR5),kilotonnes,702.7297,695.9228,689.154,682.4233,676.8944,671.3966,665.93,660.4945,655.09,649.899,644.7283,639.5781,634.4483,629.4941,626.6945,623.8963,621.0994,619.7568,618.4143,617.0722,615.7304
Netherlands,Drained organic soils (N2O),Emissions (CO2eq) (AR5),kilotonnes,1399.1236,1392.2529,1375.6933,1363.7829,1356.4449,1356.7423,1356.2749,1356.323,1356.7918,1356.7918,1356.8,1356.6646,1356.3827,1356.3827,1355.5147,1355.2327,1351.4208,1350.9623,1350.1382,1345.5819,1345.9373
Netherlands,Drained organic soils (N2O),Emissions (CO2eq) (AR5),kilotonnes,702.7297,695.9228,689.154,682.4233,676.8944,671.3966,665.93,660.4945,655.09,649.899,644.7283,639.5781,634.4483,629.4941,626.6945,623.8963,621.0994,619.7568,618.4143,617.0722,615.7304
Netherlands,On-farm energy use,Emissions (CH4),kilotonnes,0.9537,0.9309,0.8663,0.8632,0.8668,0.8758,0.7726,0.7709,0.7688,0.7679,0.8736,0.7736,0.7739,0.7622,0.6835,0.7134,0.7202,0.7039,0.6854,0.6858,0.6858
Netherlands,On-farm energy use,Emissions (N2O),kilotonnes,0.874,0.8685,0.7861,0.7541,0.7198,0.731,0.7032,0.6675,0.6309,0.6088,0.6403,0.6354,0.5838,0.6218,0.5958,0.6858,0.6527,0.6095,0.6042,0.6059,0.6059
Netherlands,On-farm energy use,Emissions (CO2),kilotonnes,10366.2729,10124.0433,9333.2843,9253.4252,9292.7499,9407.2681,8202.1086,8098.6136,8124.286,8009.2087,9298.8724,8138.5037,8106.7555,8068.9517,7165.021,7590.3045,7616.4685,7358.3822,7147.7509,7144.2969,7144.2969
Netherlands,On-farm energy use,Emissions (CO2eq) from CH4 (AR5),kilotonnes,26.704,26.0657,24.2551,24.1709,24.27,24.5214,21.6332,21.5864,21.5277,21.5013,24.462,21.6608,21.6691,21.3405,19.1393,19.9752,20.1648,19.7102,19.1918,19.2023,19.2023
Netherlands,On-farm energy use,Emissions (CO2eq) from N2O (AR5),kilotonnes,231.6042,230.1617,208.3072,199.8293,190.7467,193.7165,186.344,176.8893,167.1895,161.3357,169.6712,168.3933,154.7066,164.764,157.8961,181.7399,172.9777,161.5148,160.115,160.5588,160.5588
Netherlands,On-farm energy use,Emissions (CO2eq) (AR5),kilotonnes,10624.5811,10380.2708,9565.8466,9477.4254,9507.7666,9625.5059,8410.0858,8297.0893,8313.0031,8192.0457,9493.0056,8328.5579,8283.1312,8255.0561,7342.0564,7792.0196,7809.611,7539.6072,7327.0578,7324.0581,7324.0581
Netherlands,Forestland,Emissions (CO2),kilotonnes,-598.0113,-838.6591,-838.6591,-838.6591,-838.6591,-838.6591,-838.6591,-838.6591,-838.6591,-838.6591,-838.6591,-725.0388,-725.0388,-725.0388,-725.0388,-725.0388,-558.5872,-558.5872,-558.5872,-558.5872,-558.5872
Netherlands,Forestland,Emissions (CO2),kilotonnes,-2755.1204,-2763.7594,-2772.4322,-2377.3308,-2389.2455,-2395.6108,-2402.1252,-2408.8142,-2415.7135,-2403.6422,-2361.0932,-2364.5609,-2368.337,-2380.3892,-2349.027,-2316.8843,-2284.0282,-2279.4406,-2271.2274,-2262.6651,-2261.7789
Netherlands,Forestland,Emissions (CO2eq) (AR5),kilotonnes,-598.0113,-838.6591,-838.6591,-838.6591,-838.6591,-838.6591,-838.6591,-838.6591,-838.6591,-838.6591,-838.6591,-725.0388,-725.0388,-725.0388,-725.0388,-725.0388,-558.5872,-558.5872,-558.5872,-558.5872,-558.5872
Netherlands,Forestland,Emissions (CO2eq) (AR5),kilotonnes,-2755.1204,-2763.7594,-2772.4322,-2377.3308,-2389.2455,-2395.6108,-2402.1252,-2408.8142,-2415.7135,-2403.6422,-2361.0932,-2364.5609,-2368.337,-2380.3892,-2349.027,-2316.8843,-2284.0282,-2279.4406,-2271.2274,-2262.6651,-2261.7789
Netherlands,Net Forest conversion,Emissions (CO2),kilotonnes,30.1418,44.616,44.616,44.616,44.616,44.616,44.616,44.616,44.616,44.616,44.616,183.3223,183.3223,183.3223,183.3223,183.3223,46.5931,46.5931,46.5931,46.5931,46.5931
Netherlands,Net Forest conversion,Emissions (CO2),kilotonnes,569.8049,591.1622,612.8923,637.351,638.425,654.3915,670.3984,686.5718,702.5399,795.1032,813.4322,834.9414,855.9117,990.5015,1025.6554,1061.7349,1098.6596,616.2734,631.1314,646.0472,661.4112
Netherlands,Net Forest conversion,Emissions (CO2eq) (AR5),kilotonnes,30.1418,44.616,44.616,44.616,44.616,44.616,44.616,44.616,44.616,44.616,44.616,183.3223,183.3223,183.3223,183.3223,183.3223,46.5931,46.5931,46.5931,46.5931,46.5931
Netherlands,Net Forest conversion,Emissions (CO2eq) (AR5),kilotonnes,569.8049,591.1622,612.8923,637.351,638.425,654.3915,670.3984,686.5718,702.5399,795.1032,813.4322,834.9414,855.9117,990.5015,1025.6554,1061.7349,1098.6596,616.2734,631.1314,646.0472,661.4112
Netherlands,Savanna fires,Emissions (CH4),kilotonnes,0.0001,0,0,0.0002,0,0,0,0.0002,0,0,0,0,0,0,0,0,0,0,0,0,0.0002
Netherlands,Savanna fires,Emissions (CH4),kilotonnes,0.0005,0.0005,0.0005,0.0005,0.0005,0.0005,0.0005,0.0005,0.0005,0.0005,0.0005,0.0005,0.0005,0.0005,0.0005,0.0005,0.0005,0.0005,0.0005,0.0005,0.0005
Netherlands,Savanna fires,Emissions (N2O),kilotonnes,0,0,0,0,0,0,0,0,0,0,0,0,0,0,0,0,0,0,0,0,0
Netherlands,Savanna fires,Emissions (N2O),kilotonnes,0,0,0,0,0,0,0,0,0,0,0,0,0,0,0,0,0,0,0,0,0
Netherlands,Savanna fires,Emissions (CO2),kilotonnes,0.3643,0.3614,0.3607,0.3593,0.36,0.3602,0.3613,0.3631,0.3644,0.3662,0.3667,0.3671,0.367,0.3689,0.3701,0.3744,0.3775,0.3763,0.3766,0.3772,0.3779
Netherlands,Savanna fires,Emissions (CO2eq) from CH4 (AR5),kilotonnes,0.0026,0,0,0.0057,0,0,0,0.0057,0,0,0,0,0,0,0,0,0,0,0,0,0.0057
Netherlands,Savanna fires,Emissions (CO2eq) from CH4 (AR5),kilotonnes,0.0145,0.0144,0.0144,0.0143,0.0144,0.0144,0.0144,0.0145,0.0145,0.0146,0.0146,0.0147,0.0147,0.0147,0.0148,0.0149,0.0151,0.015,0.015,0.0151,0.0151
Netherlands,Savanna fires,Emissions (CO2eq) from N2O (AR5),kilotonnes,0.0021,0,0,0.0049,0,0,0,0.0049,0,0,0,0,0,0,0,0,0,0,0,0,0.0049
Netherlands,Savanna fires,Emissions (CO2eq) from N2O (AR5),kilotonnes,0.0126,0.0125,0.0124,0.0124,0.0124,0.0124,0.0125,0.0125,0.0126,0.0126,0.0127,0.0127,0.0127,0.0127,0.0128,0.0129,0.013,0.013,0.013,0.013,0.013
Netherlands,Savanna fires,Emissions (CO2eq) (AR5),kilotonnes,0.0047,0,0,0.0106,0,0,0,0.0106,0,0,0,0,0,0,0,0,0,0,0,0,0.0106
Netherlands,Savanna fires,Emissions (CO2eq) (AR5),kilotonnes,0.3914,0.3883,0.3875,0.386,0.3868,0.387,0.3882,0.3901,0.3915,0.3935,0.394,0.3944,0.3944,0.3964,0.3976,0.4023,0.4056,0.4043,0.4046,0.4053,0.4061
Netherlands,Fires in organic soils,Emissions (CH4),kilotonnes,0,0,0,0,0,0,0,0,0,0,0,0,0,0,0,0,0,0,0,0,0
Netherlands,Fires in organic soils,Emissions (CO2),kilotonnes,0,0,0,0,0,0,0,0,0,0,0,0,0,0,0,0,0,0,0,0,0
Netherlands,Fires in organic soils,Emissions (CO2eq) from CH4 (AR5),kilotonnes,0,0,0,0,0,0,0,0,0,0,0,0,0,0,0,0,0,0,0,0,0
Netherlands,Fires in organic soils,Emissions (CO2eq) (AR5),kilotonnes,0,0,0,0,0,0,0,0,0,0,0,0,0,0,0,0,0,0,0,0,0
Netherlands,Forest fires,Emissions (CH4),kilotonnes,0,0,0,0,0,0,0,0,0,0,0,0,0,0,0,0,0,0,0,0,0
Netherlands,Forest fires,Emissions (N2O),kilotonnes,0,0,0,0,0,0,0,0,0,0,0,0,0,0,0,0,0,0,0,0,0
Netherlands,Forest fires,Emissions (CO2eq) from CH4 (AR5),kilotonnes,0,0,0,0,0,0,0,0,0,0,0,0,0,0,0,0,0,0,0,0,0
Netherlands,Forest fires,Emissions (CO2eq) from N2O (AR5),kilotonnes,0,0,0,0,0,0,0,0,0,0,0,0,0,0,0,0,0,0,0,0,0
Netherlands,Forest fires,Emissions (CO2eq) (AR5),kilotonnes,0,0,0,0,0,0,0,0,0,0,0,0,0,0,0,0,0,0,0,0,0
Netherlands,Fires in humid tropical forests,Emissions (CH4),kilotonnes,0,0,0,0,0,0,0,0,0,0,0,0,0,0,0,0,0,0,0,0,0
Netherlands,Fires in humid tropical forests,Emissions (N2O),kilotonnes,0,0,0,0,0,0,0,0,0,0,0,0,0,0,0,0,0,0,0,0,0
Netherlands,Fires in humid tropical forests,Emissions (CO2eq) from CH4 (AR5),kilotonnes,0,0,0,0,0,0,0,0,0,0,0,0,0,0,0,0,0,0,0,0,0
Netherlands,Fires in humid tropical forests,Emissions (CO2eq) from N2O (AR5),kilotonnes,0,0,0,0,0,0,0,0,0,0,0,0,0,0,0,0,0,0,0,0,0
Netherlands,Fires in humid tropical forests,Emissions (CO2eq) (AR5),kilotonnes,0,0,0,0,0,0,0,0,0,0,0,0,0,0,0,0,0,0,0,0,0
Netherlands,Waste - agri-food systems,Emissions (CH4),kilotonnes,46.7169,36.8581,45.5978,43.0047,43.7944,44.0407,35.3564,43.8924,40.9373,39.08,37.4505,39.4337,39.0866,39.1764,39.9461,39.4261,42.0313,44.6467,47.262,49.8974,52.5061
Netherlands,Waste - agri-food systems,Emissions (N2O),kilotonnes,0.9573,0.8927,0.9179,0.8807,0.9475,0.9514,0.9067,0.959,0.9449,0.9531,0.9268,0.9671,1.0062,1.0058,0.9828,1.0422,1.124,1.1939,1.271,1.3488,1.4258
Netherlands,Waste - agri-food systems,Emissions (CO2),kilotonnes,575.8841,576.5993,578.6105,582.9631,585.6885,586.5525,588.0272,591.15,593.6226,591.7246,591.1201,592.5423,590.9042,591.8637,592.2286,588.935,589.4485,590.7741,592.7499,592.6591,592.7457
Netherlands,Waste - agri-food systems,Emissions (CO2eq) from CH4 (AR5),kilotonnes,1308.0731,1032.0272,1276.7382,1204.1316,1226.2422,1233.1407,989.9798,1228.9868,1146.2452,1094.2408,1048.6134,1104.144,1094.4255,1096.9392,1118.4894,1103.9302,1176.8761,1250.1066,1323.3366,1397.1271,1470.17
Netherlands,Waste - agri-food systems,Emissions (CO2eq) from N2O (AR5),kilotonnes,253.6889,236.5603,243.2475,233.3741,251.0919,252.1078,240.2645,254.1406,250.3906,252.5737,245.5994,256.2787,266.6463,266.5475,260.4498,276.1804,297.8549,316.3746,336.8205,357.4281,377.8277
Netherlands,Waste - agri-food systems,Emissions (CO2eq) (AR5),kilotonnes,2137.6461,1845.1869,2098.5962,2020.4688,2063.0227,2071.8011,1818.2716,2074.2773,1990.2584,1938.539,1885.3329,1952.9651,1951.9759,1955.3505,1971.1678,1969.0455,2064.1795,2157.2553,2252.907,2347.2143,2440.7434
Netherlands,Fertilizers Manufacturing,Emissions (N2O),kilotonnes,1.8455,1.8554,1.8734,1.9015,1.8423,1.8332,1.8959,1.8245,1.836,1.9157,1.8314,1.8866,1.8573,1.8043,1.7978,1.7096,1.748,1.7714,1.7379,1.6994,1.5761
Netherlands,Fertilizers Manufacturing,Emissions (CO2),kilotonnes,4542.7014,4567.0599,4611.5511,4680.5452,4534.8517,4512.4523,4666.9323,4491.0243,4519.3069,4715.6288,4508.0252,4643.9536,4571.7963,4441.4274,4425.3133,4208.3597,4302.8576,4360.3953,4277.9921,4183.2421,3762.2869
Netherlands,Fertilizers Manufacturing,Emissions (CO2eq) from N2O (AR5),kilotonnes,489.0575,491.681,496.451,503.8975,488.2095,485.798,502.4135,483.4925,486.54,507.6605,485.321,499.949,492.1845,478.1395,476.417,453.044,463.22,469.421,460.5435,450.341,417.655
Netherlands,Fertilizers Manufacturing,Emissions (CO2eq) (AR5),kilotonnes,5031.7589,5058.7409,5108.0021,5184.4427,5023.0612,4998.2503,5169.3458,4974.5168,5005.8469,5223.2893,4993.3462,5143.9026,5063.9808,4919.5669,4901.7303,4661.4037,4766.0776,4829.8163,4738.5356,4633.5831,4179.9419
Netherlands,On-farm electricity use,Emissions (CH4),kilotonnes,5.041,5.191,5.1322,5.5342,6.1305,6.9009,6.8937,7.5573,7.8333,8.4992,8.3121,8.354,8.9384,9.4639,9.8072,10.7755,10.6747,11.4607,11.8915,12.3083,12.3083
Netherlands,On-farm electricity use,Emissions (N2O),kilotonnes,0.0269,0.0277,0.0273,0.0295,0.0327,0.0369,0.0368,0.0403,0.0418,0.0454,0.0444,0.0446,0.0478,0.0505,0.0524,0.0576,0.0571,0.0612,0.0635,0.0657,0.0657
Netherlands,On-farm electricity use,Emissions (CO2),kilotonnes,2006.64,2136.9471,2057.3165,2234.8138,2386.9656,2613.9606,2601.2493,2866.9082,2889.1648,2977.6982,2877.9953,2816.3532,3282.749,3500.2308,3627.1569,3985.3014,3948.0225,4238.7098,4398.0332,4552.2084,4552.2084
Netherlands,On-farm electricity use,Emissions (CO2eq) from CH4 (AR5),kilotonnes,141.148,145.348,143.7016,154.9576,171.654,193.2252,193.0236,211.6044,219.3324,237.9776,232.7388,233.912,250.2752,264.9892,274.6016,301.714,298.8916,320.8996,332.962,344.6324,344.6324
Netherlands,On-farm electricity use,Emissions (CO2eq) from N2O (AR5),kilotonnes,7.1285,7.3405,7.2345,7.8175,8.6655,9.7785,9.752,10.6795,11.077,12.031,11.766,11.819,12.667,13.3825,13.886,15.264,15.1315,16.218,16.8275,17.4105,17.4105
Netherlands,On-farm electricity use,Emissions (CO2eq) (AR5),kilotonnes,2154.9165,2289.6356,2208.2526,2397.5889,2567.2851,2816.9643,2804.0249,3089.1921,3119.5742,3227.7068,3122.5001,3062.0842,3545.6912,3778.6025,3915.6445,4302.2794,4262.0456,4575.8274,4747.8227,4914.2513,4914.2513
Netherlands,Food Processing,Emissions (CH4),kilotonnes,9.2072,9.7073,9.4647,9.2295,9.1472,9.1777,9.3026,9.5555,9.1704,8.1185,8.5501,8.5049,8.1608,8.1433,8.4681,8.6206,9.0611,9.3626,8.8695,8.8695,8.1959
Netherlands,Food Processing,Emissions (N2O),kilotonnes,0.0592,0.0616,0.0605,0.0582,0.057,0.0573,0.0588,0.0619,0.0578,0.0512,0.0538,0.0537,0.0523,0.0512,0.0538,0.0546,0.0571,0.0595,0.057,0.057,0.0529
Netherlands,Food Processing,Emissions (CO2),kilotonnes,7942.8048,8068.687,8007.1584,7737.4149,7476.6775,7299.4711,7270.9903,7454.122,6960.0105,5948.0663,6246.8132,6412.1423,6439.4859,6319.349,6681.3104,6845.8653,7083.8064,7249.7385,7107.4573,7107.4573,6392.2415
Netherlands,Food Processing,Emissions (CO2eq) from CH4 (AR5),kilotonnes,257.8016,271.8044,265.0116,258.426,256.1216,256.9756,260.4728,267.554,256.7712,227.318,239.4028,238.1372,228.5024,228.0124,237.1068,241.3768,253.7108,262.1528,248.346,248.346,229.4843
Netherlands,Food Processing,Emissions (CO2eq) from N2O (AR5),kilotonnes,15.688,16.324,16.0325,15.423,15.105,15.1845,15.582,16.4035,15.317,13.568,14.257,14.2305,13.8595,13.568,14.257,14.469,15.1315,15.7675,15.105,15.105,14.0087
Netherlands,Food Processing,Emissions (CO2eq) (AR5),kilotonnes,8216.2944,8356.8154,8288.2025,8011.2639,7747.9041,7571.6312,7547.0451,7738.0795,7232.0987,6188.9523,6500.473,6664.51,6681.8478,6560.9294,6932.6742,7101.7111,7352.6487,7527.6588,7370.9083,7370.9083,6635.7344
Netherlands,Food Packaging,Emissions (CH4),kilotonnes,2.5911,2.5595,2.606,2.6292,2.6591,2.6565,2.3759,2.6273,2.6572,2.2646,2.4459,2.4365,2.0294,2.0395,1.877,1.86,1.8962,1.8086,1.8083,2.173,2.008
Netherlands,Food Packaging,Emissions (N2O),kilotonnes,0.0155,0.0153,0.0155,0.0156,0.0157,0.0157,0.0142,0.0156,0.0157,0.0136,0.0146,0.0144,0.0126,0.0125,0.0117,0.0117,0.0121,0.0118,0.0118,0.013,0.0121
Netherlands,Food Packaging,Emissions (CO2),kilotonnes,1858.4378,1875.8794,1853.0589,1881.9271,1837.8272,1818.1436,1730.9678,1862.6194,1813.8897,1599.0486,1726.1212,1586.9725,1593.9631,1584.3218,1520.4313,1583.52,1642.2459,1630.135,1635.7219,1514.0467,1361.6898
Netherlands,Food Packaging,Emissions (CO2eq) from CH4 (AR5),kilotonnes,72.5508,71.666,72.968,73.6176,74.4548,74.382,66.5252,73.5644,74.4016,63.4088,68.4852,68.222,56.8232,57.106,52.556,52.08,53.0936,50.6408,50.6324,60.844,56.2229
Netherlands,Food Packaging,Emissions (CO2eq) from N2O (AR5),kilotonnes,4.1075,4.0545,4.1075,4.134,4.1605,4.1605,3.763,4.134,4.1605,3.604,3.869,3.816,3.339,3.3125,3.1005,3.1005,3.2065,3.127,3.127,3.445,3.195
Netherlands,Food Packaging,Emissions (CO2eq) (AR5),kilotonnes,1935.0961,1951.5999,1930.1344,1959.6787,1916.4425,1896.6861,1801.256,1940.3178,1892.4518,1666.0614,1798.4754,1659.0105,1654.1253,1644.7403,1576.0878,1638.7005,1698.546,1683.9028,1689.4813,1578.3357,1421.1077
Netherlands,Food Retail,Emissions (CH4),kilotonnes,4.0628,4.2258,4.3667,4.5,4.6542,4.6823,4.8368,4.9745,5.0197,5.1469,5.1532,5.1412,4.9456,4.9537,4.8553,4.9374,4.9553,5.0276,5.0776,5.7173,5.2831
Netherlands,Food Retail,Emissions (N2O),kilotonnes,0.0259,0.0276,0.0281,0.0288,0.0302,0.0301,0.0314,0.0321,0.0332,0.0335,0.0341,0.0331,0.0317,0.0317,0.0307,0.0311,0.0309,0.0311,0.0319,0.0365,0.0339
Netherlands,Food Retail,Emissions (CO2),kilotonnes,2635.088,2843.4767,2794.5228,2924.451,3030.3177,2891.8537,2959.2321,2917.2306,2974.1571,2939.1604,3073.671,2772.7948,2966.3267,2987.0223,2718.2674,2835.1472,2798.6596,2858.2566,2859.5587,3044.9374,2738.5286
Netherlands,Food Retail,Emissions (CO2eq) from F-gases (AR5),kilotonnes,1669.1535,1956.9565,2209.953,2479.054,2736.726,3094.142,3372.594,3651.046,3699.3595,3724.815,3739.361,3748.1925,3754.4265,3759.6215,3759.6215,3759.6215,4035.476,4107.6865,4179.897,4252.1075,3765.0479
Netherlands,Food Retail,Emissions (CO2eq) from CH4 (AR5),kilotonnes,113.7584,118.3224,122.2676,126,130.3176,131.1044,135.4304,139.286,140.5516,144.1132,144.2896,143.9536,138.4768,138.7036,135.9484,138.2472,138.7484,140.7728,142.1728,160.0844,147.9261
Netherlands,Food Retail,Emissions (CO2eq) from N2O (AR5),kilotonnes,6.8635,7.314,7.4465,7.632,8.003,7.9765,8.321,8.5065,8.798,8.8775,9.0365,8.7715,8.4005,8.4005,8.1355,8.2415,8.1885,8.2415,8.4535,9.6725,8.9705
Netherlands,Food Retail,Emissions (CO2eq) (AR5),kilotonnes,4424.8634,4926.0696,5134.1899,5537.137,5905.3643,6125.0766,6475.5775,6716.0691,6822.8662,6816.9661,6966.3581,6673.7124,6867.6305,6893.7479,6621.9728,6741.2574,6981.0725,7114.9574,7190.082,7466.8018,6660.4731
Netherlands,Food Household Consumption,Emissions (CH4),kilotonnes,3.1047,3.1574,3.2405,3.3117,3.3148,3.3451,3.3874,3.391,3.4516,3.5044,3.5599,3.5066,3.5669,3.5791,3.4419,3.4237,3.4273,3.4231,3.4753,3.4753,3.2114
Netherlands,Food Household Consumption,Emissions (N2O),kilotonnes,0.0202,0.0206,0.0209,0.0214,0.0212,0.0213,0.0215,0.0211,0.0219,0.0222,0.023,0.0218,0.0224,0.0226,0.021,0.0211,0.0212,0.0211,0.0214,0.0214,0.0198
Netherlands,Food Household Consumption,Emissions (CO2),kilotonnes,3810.4203,4029.3566,3933.9969,4032.7079,3869.3165,3747.5446,3777.4929,3518.8438,3803.8589,3752.3848,4172.8422,3469.2707,3748.6757,3913.6862,3206.024,3325.4537,3412.6443,3346.7905,3352.3845,3352.3845,3015.0376
Netherlands,Food Household Consumption,Emissions (CO2eq) from CH4 (AR5),kilotonnes,86.9316,88.4072,90.734,92.7276,92.8144,93.6628,94.8472,94.948,96.6448,98.1232,99.6772,98.1848,99.8732,100.2148,96.3732,95.8636,95.9644,95.8468,97.3084,97.3084,89.9179
Netherlands,Food Household Consumption,Emissions (CO2eq) from N2O (AR5),kilotonnes,5.353,5.459,5.5385,5.671,5.618,5.6445,5.6975,5.5915,5.8035,5.883,6.095,5.777,5.936,5.989,5.565,5.5915,5.618,5.5915,5.671,5.671,5.2594
Netherlands,Food Household Consumption,Emissions (CO2eq) (AR5),kilotonnes,3902.7049,4123.2228,4030.2694,4131.1065,3967.7489,3846.8519,3878.0376,3619.3833,3906.3072,3856.391,4278.6144,3573.2325,3854.4849,4019.89,3307.9622,3426.9088,3514.2267,3448.2288,3455.3639,3455.3639,3110.2149
Netherlands,Food Transport,Emissions (CH4),kilotonnes,0.4656,0.4442,0.4266,0.3963,0.3756,0.3521,0.3401,0.3098,0.2991,0.2838,0.2708,0.2578,0.2424,0.2258,0.198,0.1909,0.1919,0.1909,0.1886,0.112,0.1035
Netherlands,Food Transport,Emissions (N2O),kilotonnes,0.0999,0.0995,0.0994,0.0985,0.0972,0.0956,0.0964,0.0935,0.0935,0.0892,0.0907,0.0913,0.0869,0.0855,0.0798,0.0806,0.081,0.0821,0.0819,0.0846,0.0785
Netherlands,Food Transport,Emissions (CO2),kilotonnes,2472.707,2489.0365,2552.1005,2587.3415,2634.5905,2646.4455,2718.5845,2662.11,2686.75,2570.913,2618.92,2627.5705,2510.541,2445.41,2266.66,2304.256,2321.966,2364.9495,2365.035,2560.6269,2302.9538
Netherlands,Food Transport,Emissions (CO2eq) from CH4 (AR5),kilotonnes,13.0368,12.4376,11.9448,11.0964,10.5168,9.8588,9.5228,8.6744,8.3748,7.9464,7.5824,7.2184,6.7872,6.3224,5.544,5.3452,5.3732,5.3452,5.2808,3.136,2.8978
Netherlands,Food Transport,Emissions (CO2eq) from N2O (AR5),kilotonnes,26.4735,26.3675,26.341,26.1025,25.758,25.334,25.546,24.7775,24.7775,23.638,24.0355,24.1945,23.0285,22.6575,21.147,21.359,21.465,21.7565,21.7035,22.419,20.7918
Netherlands,Food Transport,Emissions (CO2eq) (AR5),kilotonnes,2512.2173,2527.8416,2590.3863,2624.5404,2670.8653,2681.6383,2753.6533,2695.5619,2719.9023,2602.4974,2650.5379,2658.9834,2540.3567,2474.3899,2293.351,2330.9602,2348.8042,2392.0512,2392.0193,2586.1819,2326.6434
Netherlands,Energy,Emissions (CH4),kilotonnes,275,280,277,264,292,270,266,255,281,265,285,269,265,277,241,201,194,179,161,158,146
Netherlands,Energy,Emissions (N2O),kilotonnes,2.52,2.55,2.55,2.55,2.53,2.54,2.52,2.51,2.54,2.52,2.57,2.56,2.53,2.52,2.45,2.63,2.59,2.58,2.5,2.48,2.3
Netherlands,Energy,Emissions (CO2),kilotonnes,175000,180000,181000,184000,185000,181000,179000,178000,177000,174000,186000,174000,170000,169000,163000,168000,168000,165000,162000,159000,143000
Netherlands,Energy,Emissions (CO2eq) from CH4 (AR5),kilotonnes,7700,7840,7756,7392,8176,7560,7448,7140,7868,7420,7980,7532,7420,7756,6748,5628,5432,5012,4508,4424,4088
Netherlands,Energy,Emissions (CO2eq) from N2O (AR5),kilotonnes,667.8,675.75,675.75,675.75,670.45,673.1,667.8,665.15,673.1,667.8,681.05,678.4,670.45,667.8,649.25,696.95,686.35,683.7,662.5,657.2,609.5
Netherlands,Energy,Emissions (CO2eq) (AR5),kilotonnes,183367.8,188515.75,189431.75,192067.75,193846.45,189233.1,187115.8,185805.15,185541.1,182087.8,194661.05,182210.4,178090.45,177423.8,170397.25,174324.95,174118.35,170695.7,167170.5,164081.2,147697.5
Netherlands,IPPU,Emissions (CH4),kilotonnes,6.02,5.97,5.9,5.94,5.87,5.73,4.59,4.83,4.77,4.68,4.82,4.88,4.57,4.51,4.5,4.4,4.52,4.56,4.59,4.68,4.87
Netherlands,IPPU,Emissions (N2O),kilotonnes,17,15.6,15.6,20.8,21.4,22,29.7,26.5,4.89,4.79,4.68,4.93,15.2,15.2,15.2,15.2,15.2,15.2,15.2,15.2,13.8
Netherlands,IPPU,Emissions (CO2),kilotonnes,13400,13000,13300,12500,13200,12700,12600,12900,13300,13100,13800,13800,12600,12000,11700,11200,11600,12100,12200,13000,12100
Netherlands,IPPU,Emissions (CO2eq) from F-gases (AR5),kilotonnes,9911.8967,5811.0924,4703.2922,5325.2151,4975.3835,5257.1923,5733.352,6054.0311,6442.7329,6656.5189,6996.633,6063.7486,6646.8013,6656.5189,5461.2608,6141.489,5908.2679,5849.9626,4994.8186,5344.6502,4732.4448
Netherlands,IPPU,Emissions (CO2eq) from CH4 (AR5),kilotonnes,168.56,167.16,165.2,166.32,164.36,160.44,128.52,135.24,133.56,131.04,134.96,136.64,127.96,126.28,126,123.2,126.56,127.68,128.52,131.04,136.36
Netherlands,IPPU,Emissions (CO2eq) from N2O (AR5),kilotonnes,4505,4134,4134,5512,5671,5830,7870.5,7022.5,1295.85,1269.35,1240.2,1306.45,4028,4028,4028,4028,4028,4028,4028,4028,3657
Netherlands,IPPU,Emissions (CO2eq) (AR5),kilotonnes,27985.4567,23112.2524,22302.4922,23503.5351,24010.7435,23947.6323,26332.372,26111.7711,21172.1429,21156.9089,22171.793,21306.8386,23402.7613,22810.7989,21315.2608,21492.689,21662.8279,22105.6426,21351.3386,22503.6902,20625.8048
Netherlands,Waste,Emissions (CH4),kilotonnes,444,421,403,381,371,311,304,288,271,262,249,237,231,219,211,199,200,202,202,195,184
Netherlands,Waste,Emissions (N2O),kilotonnes,2.24,2.24,2.23,2.19,2.22,2.28,2.25,2.28,2.26,2.27,2.2,2.19,2.18,2.14,2.08,2.02,1.96,1.93,1.88,1.87,1.89
Netherlands,Waste,Emissions (CO2),kilotonnes,12.2,12.2,12.3,12.3,12.3,12.4,12.5,12.6,12.6,12.9,12.9,13.1,13.3,12.8,13,13.1,13.3,13.9,12.9,13.5,13.6
Netherlands,Waste,Emissions (CO2eq) from CH4 (AR5),kilotonnes,12432,11788,11284,10668,10388,8708,8512,8064,7588,7336,6972,6636,6468,6132,5908,5572,5600,5656,5656,5460,5152
Netherlands,Waste,Emissions (CO2eq) from N2O (AR5),kilotonnes,593.6,593.6,590.95,580.35,588.3,604.2,596.25,604.2,598.9,601.55,583,580.35,577.7,567.1,551.2,535.3,519.4,511.45,498.2,495.55,500.85
Netherlands,Waste,Emissions (CO2eq) (AR5),kilotonnes,13037.8,12393.8,11887.25,11260.65,10988.6,9324.6,9120.75,8680.8,8199.5,7950.45,7567.9,7229.45,7059,6711.9,6472.2,6120.4,6132.7,6181.35,6167.1,5969.05,5666.45
Netherlands,Other,Emissions (N2O),kilotonnes,2.38,2.34,2.32,2.25,2.2,2.13,2.09,1.98,1.88,1.73,1.74,1.63,1.55,1.49,1.35,1.31,1.27,1.24,1.19,1.04,0.963
Netherlands,Other,Emissions (CO2eq) from N2O (AR5),kilotonnes,630.7,620.1,614.8,596.25,583,564.45,553.85,524.7,498.2,458.45,461.1,431.95,410.75,394.85,357.75,347.15,336.55,328.6,315.35,275.6,255.195
Netherlands,Other,Emissions (CO2eq) (AR5),kilotonnes,630.7,620.1,614.8,596.25,583,564.45,553.85,524.7,498.2,458.45,461.1,431.95,410.75,394.85,357.75,347.15,336.55,328.6,315.35,275.6,255.195
Netherlands,Farm-gate emissions,Emissions (CH4),kilotonnes,496.0366,493.5327,469.8811,459.9523,458.0065,461.4733,455.0403,462.9248,480.479,485.0216,487.48,481.195,478.5626,490.5228,503.1773,523.3143,526.8192,498.146,463.6724,468.8041,461.633
Netherlands,Farm-gate emissions,Direct emissions (N2O),kilotonnes,12.7277,12.5642,12.1425,11.8336,12.0652,11.8364,11.8714,11.2451,11.3893,11.3505,11.3091,11.0804,11.3249,11.0389,11.569,12.1403,11.8189,11.4628,10.7065,10.8294,10.7543
Netherlands,Farm-gate emissions,Indirect emissions (N2O),kilotonnes,4.3425,4.2879,4.1348,4.0179,4.0965,4.0337,4.0449,3.8518,3.8968,3.8813,3.8794,3.807,3.8804,3.7886,3.9642,4.1583,4.0606,3.9376,3.6878,3.7243,3.6949
Netherlands,Farm-gate emissions,Emissions (N2O),kilotonnes,27.4378,27.151,26.2264,25.5732,25.8224,25.5867,25.5486,24.775,25.0904,25.0487,25.0794,24.7225,24.9544,24.7066,25.4808,26.5078,26.0617,25.3378,24.0602,24.2418,24.0642
Netherlands,Farm-gate emissions,Emissions (CO2),kilotonnes,17798.1238,17519.2276,16640.2638,16496.8269,16496.9882,16613.0637,15405.4087,15302.2315,15330.3802,15215.3029,16504.9944,15343.915,15310.659,15272.8552,14364.2982,14788.0733,14793.3111,14532.7592,14317.7335,14290.1927,14292.107
Netherlands,Farm-gate emissions,Emissions (CO2eq) from CH4 (AR5),kilotonnes,13889.0242,13818.9159,13156.6707,12878.6639,12824.182,12921.2511,12741.1284,12961.8942,13453.4129,13580.6039,13649.4395,13473.4611,13399.7526,13734.6379,14088.9651,14652.8001,14750.9373,13948.0888,12982.8262,13126.5141,12925.7254
Netherlands,Farm-gate emissions,Emissions (CO2eq) from N2O (AR5),kilotonnes,7271.0275,7195.0212,6949.9901,6776.8868,6842.9304,6780.4648,6770.376,6565.387,6648.9487,6637.8993,6646.0508,6551.4547,6612.916,6547.259,6752.4242,7024.575,6906.3636,6714.5297,6375.9447,6424.0757,6377.0056
Netherlands,Farm-gate emissions,Emissions (CO2eq) (AR5),kilotonnes,38958.1754,38533.1648,36746.9247,36152.3776,36164.1007,36314.7797,34916.9132,34829.5127,35432.7417,35433.8061,36800.4847,35368.8309,35323.3276,35554.7521,35205.6874,36465.4483,36450.612,35195.3777,33676.5043,33840.7825,33594.838
Netherlands,Land Use change,Emissions (CH4),kilotonnes,0,0,0,0,0,0,0,0,0,0,0,0,0,0,0,0,0,0,0,0,0
Netherlands,Land Use change,Emissions (N2O),kilotonnes,0,0,0,0,0,0,0,0,0,0,0,0,0,0,0,0,0,0,0,0,0
Netherlands,Land Use change,Emissions (CO2),kilotonnes,30.1418,44.616,44.616,44.616,44.616,44.616,44.616,44.616,44.616,44.616,44.616,183.3223,183.3223,183.3223,183.3223,183.3223,46.5931,46.5931,46.5931,46.5931,46.5931
Netherlands,Land Use change,Emissions (CO2eq) from CH4 (AR5),kilotonnes,0,0,0,0,0,0,0,0,0,0,0,0,0,0,0,0,0,0,0,0,0
Netherlands,Land Use change,Emissions (CO2eq) from N2O (AR5),kilotonnes,0,0,0,0,0,0,0,0,0,0,0,0,0,0,0,0,0,0,0,0,0
Netherlands,Land Use change,Emissions (CO2eq) (AR5),kilotonnes,30.1418,44.616,44.616,44.616,44.616,44.616,44.616,44.616,44.616,44.616,44.616,183.3223,183.3223,183.3223,183.3223,183.3223,46.5931,46.5931,46.5931,46.5931,46.5931
Netherlands,Emissions on agricultural land,Emissions (CH4),kilotonnes,496.0366,493.5327,469.8811,459.9523,458.0065,461.4733,455.0403,462.9248,480.479,485.0216,487.48,481.195,478.5626,490.5228,503.1773,523.3143,526.8192,498.146,463.6724,468.8041,461.633
Netherlands,Emissions on agricultural land,Emissions (N2O),kilotonnes,27.4378,27.151,26.2264,25.5732,25.8224,25.5867,25.5486,24.775,25.0904,25.0487,25.0794,24.7225,24.9544,24.7066,25.4808,26.5078,26.0617,25.3378,24.0602,24.2418,24.0642
Netherlands,Emissions on agricultural land,Emissions (CO2),kilotonnes,17828.2656,17563.8436,16684.8798,16541.4429,16541.6042,16657.6797,15450.0247,15346.8475,15374.9962,15259.9189,16549.6104,15527.2373,15493.9814,15456.1775,14547.6205,14971.3956,14839.9043,14579.3523,14364.3266,14336.7858,14338.7001
Netherlands,Emissions on agricultural land,Emissions (CO2eq) from CH4 (AR5),kilotonnes,13889.0242,13818.9159,13156.6707,12878.6639,12824.182,12921.2511,12741.1284,12961.8942,13453.4129,13580.6039,13649.4395,13473.4611,13399.7526,13734.6379,14088.9651,14652.8001,14750.9373,13948.0888,12982.8262,13126.5141,12925.7254
Netherlands,Emissions on agricultural land,Emissions (CO2eq) from N2O (AR5),kilotonnes,7271.0275,7195.0212,6949.9901,6776.8868,6842.9304,6780.4648,6770.376,6565.387,6648.9487,6637.8993,6646.0508,6551.4547,6612.916,6547.259,6752.4242,7024.575,6906.3636,6714.5297,6375.9447,6424.0757,6377.0056
Netherlands,Emissions on agricultural land,Emissions (CO2eq) (AR5),kilotonnes,38988.3173,38577.7808,36791.5407,36196.9936,36208.7167,36359.3957,34961.5292,34874.1287,35477.3577,35478.4221,36845.1007,35552.1532,35506.6499,35738.0744,35389.0098,36648.7706,36497.2052,35241.9709,33723.0975,33887.3757,33641.4311
Netherlands,Pre- and post- production,Emissions (CH4),kilotonnes,71.1893,62.1433,70.8345,68.6056,70.0758,71.1553,62.4929,72.3078,69.3686,66.8974,65.7425,67.6347,66.9701,67.5817,68.5936,69.2342,72.2378,75.9202,78.5728,82.5528,83.6161
Netherlands,Pre- and post- production,Emissions (N2O),kilotonnes,3.0504,3.0004,3.043,3.0342,3.0438,3.0415,3.0617,3.048,3.0448,3.1239,3.0188,3.1126,3.1172,3.0641,3.03,3.0085,3.1314,3.2321,3.2764,3.3264,3.2646
Netherlands,Pre- and post- production,Emissions (CO2),kilotonnes,25844.6834,26587.0425,26388.3156,26662.1645,26356.2352,26116.4239,26313.4764,26364.0083,26240.7605,25094.6247,25815.5082,24921.5999,25704.4419,25783.3112,25037.3919,25676.8383,26099.6508,26639.7493,26588.9326,26907.5624,24717.6923
Netherlands,Pre- and post- production,Emissions (CO2eq) from F-gases (AR5),kilotonnes,1669.1535,1956.9565,2209.953,2479.054,2736.726,3094.142,3372.594,3651.046,3699.3595,3724.815,3739.361,3748.1925,3754.4265,3759.6215,3759.6215,3759.6215,4035.476,4107.6865,4179.897,4252.1075,3765.0479
Netherlands,Pre- and post- production,Emissions (CO2eq) from CH4 (AR5),kilotonnes,1993.3003,1740.0128,1983.3658,1920.9568,1962.1214,1992.3495,1749.8018,2024.618,1942.3216,1873.128,1840.7894,1893.772,1875.1635,1892.2876,1920.6194,1938.557,2022.6581,2125.7646,2200.039,2311.4783,2341.2515
Netherlands,Pre- and post- production,Emissions (CO2eq) from N2O (AR5),kilotonnes,808.3604,795.1008,806.399,804.0516,806.6114,805.9843,811.3395,807.7256,806.8641,827.8357,799.9794,824.8362,826.0613,811.997,802.9578,797.2499,829.8159,856.4976,868.2515,881.4921,865.1185
Netherlands,Pre- and post- production,Emissions (CO2eq) (AR5),kilotonnes,30315.4976,31079.1127,31388.0334,31866.2269,31861.6941,32008.8998,32247.2118,32847.3978,32689.3057,31520.4033,32195.638,31388.4007,32160.0931,32247.2174,31520.5906,32172.2666,32987.6008,33729.698,33837.1201,34352.6403,31689.1101
Netherlands,Agri-food systems,Emissions (CH4),kilotonnes,567.2259,555.676,540.7156,528.5579,528.0823,532.6286,517.5332,535.2326,549.8477,551.919,553.2225,548.8298,545.5327,558.1045,571.7709,592.5485,599.057,574.0662,542.2452,551.3569,545.2492
Netherlands,Agri-food systems,Emissions (N2O),kilotonnes,30.4883,30.1514,29.2694,28.6073,28.8662,28.6281,28.6102,27.8231,28.1351,28.1726,28.0982,27.8351,28.0716,27.7708,28.5109,29.5163,29.1931,28.5699,27.3366,27.5682,27.3288
Netherlands,Agri-food systems,Emissions (CO2),kilotonnes,43672.949,44150.8862,43073.1955,43203.6074,42897.8394,42774.1037,41763.5012,41710.8558,41615.7567,40354.5436,42365.1186,40448.8373,41198.4232,41239.4888,39585.0124,40648.2339,40939.5551,41219.1017,40953.2592,41244.3482,39056.3924
Netherlands,Agri-food systems,Emissions (CO2eq) from F-gases (AR5),kilotonnes,1669.1535,1956.9565,2209.953,2479.054,2736.726,3094.142,3372.594,3651.046,3699.3595,3724.815,3739.361,3748.1925,3754.4265,3759.6215,3759.6215,3759.6215,4035.476,4107.6865,4179.897,4252.1075,3765.0479
Netherlands,Agri-food systems,Emissions (CO2eq) from CH4 (AR5),kilotonnes,15882.3245,15558.9287,15140.0365,14799.6207,14786.3035,14913.6007,14490.9302,14986.5122,15395.7344,15453.7319,15490.2289,15367.2331,15274.9161,15626.9255,16009.5845,16591.357,16773.5954,16073.8534,15182.8651,15437.9925,15266.9768
Netherlands,Agri-food systems,Emissions (CO2eq) from N2O (AR5),kilotonnes,8079.3879,7990.1221,7756.3891,7580.9384,7649.5419,7586.4491,7581.7155,7373.1125,7455.8128,7465.7349,7446.0302,7376.2909,7438.9772,7359.256,7555.3819,7821.8249,7736.1795,7571.0273,7244.1962,7305.5678,7242.1241
Netherlands,Agri-food systems,Emissions (CO2eq) (AR5),kilotonnes,69303.8148,69656.8935,68179.5741,68063.2205,68070.4107,68368.2954,67208.7409,67721.5266,68166.6634,66998.8254,69040.7387,66940.5539,67666.7431,67985.2918,66909.6003,68821.0373,69484.806,68971.6689,67560.2175,68240.016,65330.5413
Netherlands,IPCC Agriculture,Emissions (CH4),kilotonnes,495.0829,492.6018,469.0148,459.089,457.1397,460.5975,454.2677,462.1539,479.7102,484.2537,486.6063,480.4214,477.7887,489.7606,502.4938,522.6009,526.099,497.4421,462.9869,468.1183,460.9473
Netherlands,IPCC Agriculture,Emissions (CH4),kilotonnes,490.1197,486.7955,461.7819,453.3261,453.1834,450.7076,450.6205,453.7991,460.7762,466.2113,467.119,462.297,460.025,470.8285,474.4094,491.1951,506.5096,501.1981,482.6539,478.2692,475.4136
Netherlands,IPCC Agriculture,Direct emissions (N2O),kilotonnes,12.7277,12.5642,12.1425,11.8336,12.0652,11.8364,11.8714,11.2451,11.3893,11.3505,11.3091,11.0804,11.3249,11.0389,11.569,12.1403,11.8189,11.4628,10.7065,10.8294,10.7543
Netherlands,IPCC Agriculture,Indirect emissions (N2O),kilotonnes,4.3425,4.2879,4.1348,4.0179,4.0965,4.0337,4.0449,3.8518,3.8968,3.8813,3.8794,3.807,3.8804,3.7886,3.9642,4.1583,4.0606,3.9376,3.6878,3.7243,3.6949
Netherlands,IPCC Agriculture,Emissions (N2O),kilotonnes,26.5639,26.2825,25.4403,24.8191,25.1026,24.8557,24.8454,24.1075,24.4595,24.4399,24.4392,24.087,24.3706,24.0849,24.885,25.822,25.409,24.7284,23.456,23.6359,23.4583
Netherlands,IPCC Agriculture,Emissions (N2O),kilotonnes,25.7902,24.7458,22.6615,22.1732,21.4242,21.1057,21.4787,20.451,20.0009,19.2137,19.271,18.5086,17.9657,18.7304,18.9735,19.479,19.0971,19.6807,19.4031,19.0509,19.0962
Netherlands,IPCC Agriculture,Emissions (CO2),kilotonnes,99.9037,84.4603,88.0992,98.4798,89.2016,83.0222,93.2825,94.0155,81.1933,84.7705,92.0352,108.7337,142.0624,130.8697,129.6525,134.649,85.8872,98.7248,83.1234,85.1619,78.2068
Netherlands,IPCC Agriculture,Emissions (CO2eq) from CH4 (AR5),kilotonnes,13862.3202,13792.8502,13132.4156,12854.493,12799.912,12896.7298,12719.4952,12940.3078,13431.8852,13559.1027,13624.9774,13451.8003,13378.0836,13713.2974,14069.8258,14632.8249,14730.7725,13928.3786,12963.6344,13107.3118,12906.5231
Netherlands,IPCC Agriculture,Emissions (CO2eq) from CH4 (AR5),kilotonnes,13723.3525,13630.2746,12929.8923,12693.1309,12689.1349,12619.8124,12617.3743,12706.3737,12901.7337,13053.9156,13079.3307,12944.3169,12880.7007,13183.1983,13283.463,13753.4639,14182.2675,14033.5476,13514.3085,13391.5375,13311.5822
Netherlands,IPCC Agriculture,Emissions (CO2eq) from N2O (AR5),kilotonnes,7039.4233,6964.8595,6741.6829,6577.0575,6652.1837,6586.7483,6584.032,6388.4976,6481.7593,6476.5635,6476.3796,6383.0614,6458.2094,6382.495,6594.5281,6842.8351,6733.3859,6553.015,6215.8296,6263.5169,6216.4468
Netherlands,IPCC Agriculture,Emissions (CO2eq) from N2O (AR5),kilotonnes,6834.3918,6557.6465,6005.3084,5875.8908,5677.4139,5593.0013,5691.8488,5419.5155,5300.2327,5091.6318,5106.8031,4904.7767,4760.9002,4963.5521,5027.9749,5161.9358,5060.7233,5215.3888,5141.8101,5048.487,5060.4824
Netherlands,IPCC Agriculture,Emissions (CO2eq) (AR5),kilotonnes,20901.7435,20757.7097,19874.0985,19431.5505,19452.0957,19483.4781,19303.5272,19328.8055,19913.6444,20035.6662,20101.3571,19834.8617,19836.2929,20095.7924,20664.3539,21475.6599,21464.1584,20481.3936,19179.464,19370.8287,19122.9699
Netherlands,IPCC Agriculture,Emissions (CO2eq) (AR5),kilotonnes,20657.648,20272.3813,19023.2999,18667.5015,18455.7504,18295.8359,18402.5055,18219.9048,18283.1596,18230.3178,18278.169,17957.8273,17783.6633,18277.6201,18441.0904,19050.0487,19328.878,19347.6612,18739.242,18525.1864,18450.2714
Netherlands,Agricultural Soils,Direct emissions (N2O),kilotonnes,12.7277,12.5642,12.1425,11.8336,12.0652,11.8364,11.8714,11.2451,11.3893,11.3505,11.3091,11.0804,11.3249,11.0389,11.569,12.1403,11.8189,11.4628,10.7065,10.8294,10.7543
Netherlands,Agricultural Soils,Direct emissions (N2O),kilotonnes,20.4176,19.5844,17.7463,17.369,16.693,16.4183,16.7305,15.7576,15.4893,14.7581,14.8472,14.1179,13.7189,14.4414,14.5496,14.8335,14.3986,14.9144,14.6424,14.4337,14.4615
Netherlands,Agricultural Soils,Indirect emissions (N2O),kilotonnes,4.3425,4.2879,4.1348,4.0179,4.0965,4.0337,4.0449,3.8518,3.8968,3.8813,3.8794,3.807,3.8804,3.7886,3.9642,4.1583,4.0606,3.9376,3.6878,3.7243,3.6949
Netherlands,Agricultural Soils,Indirect emissions (N2O),kilotonnes,2.7454,2.6143,2.4771,2.4633,2.4184,2.3461,2.4087,2.2731,2.0466,1.9602,1.9506,1.9465,1.8818,1.9369,1.9721,2.0385,2.0145,2.0541,2.0246,1.9787,1.9972
Netherlands,Agricultural Soils,Emissions (N2O),kilotonnes,22.3499,22.1059,21.4686,20.9978,21.2804,20.9899,21.0343,20.2151,20.4061,20.3518,20.3085,20.0069,20.3237,19.9459,20.6483,21.4127,20.9792,20.4984,19.4892,19.6314,19.5282
Netherlands,Agricultural Soils,Emissions (N2O),kilotonnes,23.163,22.1986,20.2234,19.8323,19.1114,18.7645,19.1391,18.0308,17.5359,16.7183,16.7979,16.0643,15.6008,16.3783,16.5216,16.8721,16.4131,16.9685,16.667,16.4124,16.4587
Netherlands,Agricultural Soils,Emissions (CO2eq) from N2O (AR5),kilotonnes,5922.7153,5858.0676,5689.1873,5564.4269,5639.2985,5562.326,5574.0894,5357.003,5407.6141,5393.219,5381.7395,5301.8183,5385.7925,5285.6709,5471.809,5674.3672,5559.4895,5432.0709,5164.6279,5202.3086,5174.9721
Netherlands,Agricultural Soils,Emissions (CO2eq) from N2O (AR5),kilotonnes,6138.1913,5882.6325,5359.2032,5255.5574,5064.5245,4972.5837,5071.8741,4778.1526,4647.0216,4430.3516,4451.4306,4257.0464,4134.2,4340.2474,4378.2272,4471.0946,4349.4777,4496.6497,4416.7672,4349.298,4361.5488
Netherlands,Agricultural Soils,Emissions (CO2eq) (AR5),kilotonnes,5922.7153,5858.0676,5689.1873,5564.4269,5639.2985,5562.326,5574.0894,5357.003,5407.6141,5393.219,5381.7395,5301.8183,5385.7925,5285.6709,5471.809,5674.3672,5559.4895,5432.0709,5164.6279,5202.3086,5174.9721
Netherlands,Agricultural Soils,Emissions (CO2eq) (AR5),kilotonnes,6138.1913,5882.6325,5359.2032,5255.5574,5064.5245,4972.5837,5071.8741,4778.1526,4647.0216,4430.3516,4451.4306,4257.0464,4134.2,4340.2474,4378.2272,4471.0946,4349.4777,4496.6497,4416.7672,4349.298,4361.5488
Netherlands,LULUCF,Emissions (CH4),kilotonnes,0,0,0,0,0,0,0,0,0,0,0,0,0,0,0,0,0,0,0,0,0
Netherlands,LULUCF,Emissions (CH4),kilotonnes,0.0113,0.0115,0.0117,0.0118,0.0119,0.012,0.0121,0.0121,0.0122,0.0123,0.0124,0.0125,0.0126,0.0126,0.0127,0.0128,0.0128,0.0129,0.013,0.013,
Netherlands,LULUCF,Emissions (N2O),kilotonnes,0,0,0,0,0,0,0,0,0,0,0,0,0,0,0,0,0,0,0,0,0
Netherlands,LULUCF,Emissions (N2O),kilotonnes,0.2779,0.2841,0.291,0.2988,0.3022,0.3064,0.3114,0.3172,0.3237,0.3355,0.3432,0.3528,0.3642,0.3506,0.3383,0.3274,0.3177,0.3246,0.3323,0.341,
Netherlands,LULUCF,Emissions (CO2),kilotonnes,6863.9813,6601.1413,6512.9365,6449.3586,6410.1953,6411.7526,6409.257,6409.5749,6412.0511,6412.0511,6412.079,6663.6948,6662.187,6662.187,6657.5606,6656.0523,6664.8486,6662.3829,6657.9885,6633.9017,6635.816
Netherlands,LULUCF,Emissions (CO2),kilotonnes,5447.1296,5487.3817,5429.8701,5493.8802,5294.6299,5122.2927,5043.3213,4996.9357,4805.9222,4972.1482,4915.965,4915.5815,4845.9366,5009.4993,4854.7906,4816.0372,4774.648,4638.3258,4535.8228,4420.1328,
Netherlands,LULUCF,Emissions (CO2eq) from CH4 (AR5),kilotonnes,0,0,0,0,0,0,0,0,0,0,0,0,0,0,0,0,0,0,0,0,0
Netherlands,LULUCF,Emissions (CO2eq) from N2O (AR5),kilotonnes,0,0,0,0,0,0,0,0,0,0,0,0,0,0,0,0,0,0,0,0,0
Netherlands,LULUCF,Emissions (CO2eq) (AR5),kilotonnes,6863.9813,6601.1413,6512.9365,6449.3586,6410.1953,6411.7526,6409.257,6409.5749,6412.0511,6412.0511,6412.079,6663.6948,6662.187,6662.187,6657.5606,6656.0523,6664.8486,6662.3829,6657.9885,6633.9017,6635.816
Netherlands,LULUCF,Emissions (CO2eq) (AR5),kilotonnes,5447.1296,5487.3817,5429.8701,5493.8802,5294.6299,5122.2927,5043.3213,4996.9357,4805.9222,4972.1482,4915.965,4915.5815,4845.9366,5009.4993,4854.7906,4816.0372,4774.648,4638.3258,4535.8228,4420.1328,
Netherlands,AFOLU,Emissions (CH4),kilotonnes,495.0829,492.6018,469.0148,459.089,457.1397,460.5975,454.2677,462.1539,479.7102,484.2537,486.6063,480.4214,477.7887,489.7606,502.4938,522.6009,526.099,497.4421,462.9869,468.1183,460.9473
Netherlands,AFOLU,Emissions (N2O),kilotonnes,26.5639,26.2825,25.4403,24.8191,25.1026,24.8557,24.8454,24.1075,24.4595,24.4399,24.4392,24.087,24.3706,24.0849,24.885,25.822,25.409,24.7284,23.456,23.6359,23.4583
Netherlands,AFOLU,Emissions (CO2),kilotonnes,6863.9813,6601.1413,6512.9365,6449.3586,6410.1953,6411.7526,6409.257,6409.5749,6412.0511,6412.0511,6412.079,6663.6948,6662.187,6662.187,6657.5606,6656.0523,6664.8486,6662.3829,6657.9885,6633.9017,6635.816
Netherlands,AFOLU,Emissions (CO2eq) from CH4 (AR5),kilotonnes,13862.3202,13792.8502,13132.4156,12854.493,12799.912,12896.7298,12719.4952,12940.3078,13431.8852,13559.1027,13624.9774,13451.8003,13378.0836,13713.2974,14069.8258,14632.8249,14730.7725,13928.3786,12963.6344,13107.3118,12906.5231
Netherlands,AFOLU,Emissions (CO2eq) from N2O (AR5),kilotonnes,7039.4233,6964.8595,6741.6829,6577.0575,6652.1837,6586.7483,6584.032,6388.4976,6481.7593,6476.5635,6476.3796,6383.0614,6458.2094,6382.495,6594.5281,6842.8351,6733.3859,6553.015,6215.8296,6263.5169,6216.4468
Netherlands,AFOLU,Emissions (CO2eq) (AR5),kilotonnes,27765.7248,27358.8509,26387.035,25880.9091,25862.291,25895.2307,25712.7843,25738.3804,26325.6956,26447.7173,26513.436,26498.5565,26498.48,26757.9795,27321.9146,28131.7122,28129.007,27143.7765,25837.4525,26004.7304,25758.7859
Netherlands,All sectors with LULUCF,Emissions (CH4),kilotonnes,1220.1029,1199.5718,1154.9148,1110.029,1126.0097,1047.3275,1028.8577,1009.9839,1036.4802,1015.9337,1025.4263,991.3014,978.3587,990.2706,958.9938,927.0009,924.619,883.0021,830.5769,825.7983,795.8173
Netherlands,All sectors with LULUCF,Emissions (N2O),kilotonnes,50.7039,49.0125,48.1403,52.6091,53.4526,53.8057,61.4054,57.3775,36.0295,35.7499,35.6292,35.397,45.8306,45.4349,45.965,46.982,46.429,45.6784,44.226,44.2259,42.4113
Netherlands,All sectors with LULUCF,Emissions (CO2),kilotonnes,195276.1813,199613.3413,200825.2365,202961.6586,204622.4953,200124.1526,198021.757,197322.1749,196724.6511,193524.9511,206224.979,194476.7948,189275.487,187674.987,181370.5606,185869.1523,186278.1486,183776.2829,180870.8885,178647.4017,161749.416
Netherlands,All sectors with LULUCF,Emissions (CO2eq) from F-gases (AR5),kilotonnes,9911.8967,5811.0924,4703.2922,5325.2151,4975.3835,5257.1923,5733.352,6054.0311,6442.7329,6656.5189,6996.633,6063.7486,6646.8013,6656.5189,5461.2608,6141.489,5908.2679,5849.9626,4994.8186,5344.6502,4732.4448
Netherlands,All sectors with LULUCF,Emissions (CO2eq) from CH4 (AR5),kilotonnes,34162.8802,33588.0102,32337.6156,31080.813,31528.272,29325.1698,28808.0152,28279.5478,29021.4452,28446.1427,28711.9374,27756.4403,27394.0436,27727.5774,26851.8258,25956.0249,25889.3325,24724.0586,23256.1544,23122.3518,22282.8831
Netherlands,All sectors with LULUCF,Emissions (CO2eq) from N2O (AR5),kilotonnes,13436.5233,12988.3095,12757.1829,13941.4075,14164.9337,14258.4983,16272.432,15205.0476,9547.8093,9473.7135,9441.7296,9380.2114,12145.1094,12040.245,12180.7281,12450.2351,12303.6859,12104.765,11719.8796,11719.8669,11238.9918
Netherlands,All sectors with LULUCF,Emissions (CO2eq) (AR5),kilotonnes,252787.4816,252000.7533,250623.3272,253309.0942,255291.0844,248965.013,248835.5563,246860.8014,241736.6384,238101.3262,251375.279,237677.1951,235461.4413,234099.3284,225864.3753,230416.9012,230379.4349,226455.0691,220841.7411,218834.2706,200003.7357
Netherlands,All sectors without LULUCF,Emissions (CH4),kilotonnes,1220.1029,1199.5718,1154.9148,1110.029,1126.0097,1047.3275,1028.8577,1009.9839,1036.4802,1015.9337,1025.4263,991.3014,978.3587,990.2706,958.9938,927.0009,924.619,883.0021,830.5769,825.7983,795.8173
Netherlands,All sectors without LULUCF,Emissions (N2O),kilotonnes,50.7039,49.0125,48.1403,52.6091,53.4526,53.8057,61.4054,57.3775,36.0295,35.7499,35.6292,35.397,45.8306,45.4349,45.965,46.982,46.429,45.6784,44.226,44.2259,42.4113
Netherlands,All sectors without LULUCF,Emissions (CO2),kilotonnes,188412.2,193012.2,194312.3,196512.3,198212.3,193712.4,191612.5,190912.6,190312.6,187112.9,199812.9,187813.1,182613.3,181012.8,174713,179213.1,179613.3,177113.9,174212.9,172013.5,155113.6
Netherlands,All sectors without LULUCF,Emissions (CO2eq) from F-gases (AR5),kilotonnes,9911.8967,5811.0924,4703.2922,5325.2151,4975.3835,5257.1923,5733.352,6054.0311,6442.7329,6656.5189,6996.633,6063.7486,6646.8013,6656.5189,5461.2608,6141.489,5908.2679,5849.9626,4994.8186,5344.6502,4732.4448
Netherlands,All sectors without LULUCF,Emissions (CO2eq) from CH4 (AR5),kilotonnes,34162.8802,33588.0102,32337.6156,31080.813,31528.272,29325.1698,28808.0152,28279.5478,29021.4452,28446.1427,28711.9374,27756.4403,27394.0436,27727.5774,26851.8258,25956.0249,25889.3325,24724.0586,23256.1544,23122.3518,22282.8831
Netherlands,All sectors without LULUCF,Emissions (CO2eq) from N2O (AR5),kilotonnes,13436.5233,12988.3095,12757.1829,13941.4075,14164.9337,14258.4983,16272.432,15205.0476,9547.8093,9473.7135,9441.7296,9380.2114,12145.1094,12040.245,12180.7281,12450.2351,12303.6859,12104.765,11719.8796,11719.8669,11238.9918
Netherlands,All sectors without LULUCF,Emissions (CO2eq) (AR5),kilotonnes,245923.5002,245399.6121,244110.3907,246859.7356,248880.8892,242553.2604,242426.2993,240451.2265,235324.5873,231689.2751,244963.2001,231013.5003,228799.2543,227437.1413,219206.8147,223760.8489,223714.5863,219792.6861,214183.7526,212200.3689,193367.9197
Netherlands Antilles (former),Drained organic soils,Emissions (CO2eq) (AR5),kilotonnes,0,0,0,0,0,0,0,0,0,0,0,0,0,0,0,0,0,0,0,0,0
Netherlands Antilles (former),Drained organic soils (CO2),Emissions (CO2),kilotonnes,0,0,0,0,0,0,0,0,0,0,0,0,0,0,0,0,0,0,0,0,0
Netherlands Antilles (former),Drained organic soils (CO2),Emissions (CO2eq) (AR5),kilotonnes,0,0,0,0,0,0,0,0,0,0,0,0,0,0,0,0,0,0,0,0,0
Netherlands Antilles (former),Drained organic soils (N2O),Emissions (N2O),kilotonnes,0,0,0,0,0,0,0,0,0,0,0,0,0,0,0,0,0,0,0,0,0
Netherlands Antilles (former),Drained organic soils (N2O),Emissions (CO2eq) from N2O (AR5),kilotonnes,0,0,0,0,0,0,0,0,0,0,0,0,0,0,0,0,0,0,0,0,0
Netherlands Antilles (former),Drained organic soils (N2O),Emissions (CO2eq) (AR5),kilotonnes,0,0,0,0,0,0,0,0,0,0,0,0,0,0,0,0,0,0,0,0,0
Netherlands Antilles (former),On-farm energy use,Emissions (CH4),kilotonnes,0.0339,0.0337,0.0333,0.0404,0.0407,0.0411,0.0527,0.0548,0.0551,0.052,0.0522,,,,,,,,,,
Netherlands Antilles (former),On-farm energy use,Emissions (N2O),kilotonnes,0.0241,0.0241,0.0246,0.0268,0.0284,0.0302,0.0406,0.0437,0.0418,0.037,0.0344,,,,,,,,,,
Netherlands Antilles (former),On-farm energy use,Emissions (CO2),kilotonnes,241.3941,242.8327,243.5419,303.279,309.8253,317.7054,413.0343,435.3584,436.3268,410.2712,408.3261,,,,,,,,,,
Netherlands Antilles (former),On-farm energy use,Emissions (CO2eq) from CH4 (AR5),kilotonnes,0.9503,0.9449,0.9318,1.1312,1.1384,1.1495,1.475,1.5352,1.5414,1.4565,1.4615,,,,,,,,,,
Netherlands Antilles (former),On-farm energy use,Emissions (CO2eq) from N2O (AR5),kilotonnes,6.3785,6.3781,6.5281,7.1054,7.5153,8.0001,10.7485,11.5729,11.0738,9.8124,9.1031,,,,,,,,,,
Netherlands Antilles (former),On-farm energy use,Emissions (CO2eq) (AR5),kilotonnes,248.7229,250.1557,251.0019,311.5155,318.479,326.855,425.2578,448.4665,448.942,421.5401,418.8907,,,,,,,,,,
Netherlands Antilles (former),Forestland,Emissions (CO2),kilotonnes,0.0014,-0.0813,-0.0813,-0.0813,-0.0813,-0.0813,-0.0813,-0.0813,-0.0813,-0.0813,-0.0813,-0.0498,-0.0498,-0.0498,-0.0498,-0.0498,-0.1076,-0.1076,-0.1076,-0.1076,-0.1076
Netherlands Antilles (former),Forestland,Emissions (CO2eq) (AR5),kilotonnes,0.0014,-0.0813,-0.0813,-0.0813,-0.0813,-0.0813,-0.0813,-0.0813,-0.0813,-0.0813,-0.0813,-0.0498,-0.0498,-0.0498,-0.0498,-0.0498,-0.1076,-0.1076,-0.1076,-0.1076,-0.1076
Netherlands Antilles (former),Net Forest conversion,Emissions (CO2),kilotonnes,0,0,0,0,0,0,0,0,0,0,0,0,0,0,0,0,0,0,0,0,0
Netherlands Antilles (former),Net Forest conversion,Emissions (CO2eq) (AR5),kilotonnes,0,0,0,0,0,0,0,0,0,0,0,0,0,0,0,0,0,0,0,0,0
Netherlands Antilles (former),Savanna fires,Emissions (CH4),kilotonnes,0,0,0,0,0,0,0,0,0,0,0,0,0,0,0,0,0,0,0,0,0
Netherlands Antilles (former),Savanna fires,Emissions (N2O),kilotonnes,0,0,0,0,0,0,0,0,0,0,0,0,0,0,0,0,0,0,0,0,0
Netherlands Antilles (former),Savanna fires,Emissions (CO2eq) from CH4 (AR5),kilotonnes,0,0,0,0,0,0,0,0,0,0,0,0,0,0,0,0,0,0,0,0,0
Netherlands Antilles (former),Savanna fires,Emissions (CO2eq) from N2O (AR5),kilotonnes,0,0,0,0,0,0,0,0,0,0,0,0,0,0,0,0,0,0,0,0,0
Netherlands Antilles (former),Savanna fires,Emissions (CO2eq) (AR5),kilotonnes,0,0,0,0,0,0,0,0,0,0,0,0,0,0,0,0,0,0,0,0,0
Netherlands Antilles (former),Fires in organic soils,Emissions (CH4),kilotonnes,0,0,0,0,0,0,0,0,0,0,0,0,0,0,0,0,0,0,0,0,0
Netherlands Antilles (former),Fires in organic soils,Emissions (CO2),kilotonnes,0,0,0,0,0,0,0,0,0,0,0,0,0,0,0,0,0,0,0,0,0
Netherlands Antilles (former),Fires in organic soils,Emissions (CO2eq) from CH4 (AR5),kilotonnes,0,0,0,0,0,0,0,0,0,0,0,0,0,0,0,0,0,0,0,0,0
Netherlands Antilles (former),Fires in organic soils,Emissions (CO2eq) (AR5),kilotonnes,0,0,0,0,0,0,0,0,0,0,0,0,0,0,0,0,0,0,0,0,0
Netherlands Antilles (former),Forest fires,Emissions (CH4),kilotonnes,0,0,0,0,0,0,0,0,0,0,0,0,0,0,0,0,0,0,0,0,0
Netherlands Antilles (former),Forest fires,Emissions (N2O),kilotonnes,0,0,0,0,0,0,0,0,0,0,0,0,0,0,0,0,0,0,0,0,0
Netherlands Antilles (former),Forest fires,Emissions (CO2eq) from CH4 (AR5),kilotonnes,0,0,0,0,0,0,0,0,0,0,0,0,0,0,0,0,0,0,0,0,0
Netherlands Antilles (former),Forest fires,Emissions (CO2eq) from N2O (AR5),kilotonnes,0,0,0,0,0,0,0,0,0,0,0,0,0,0,0,0,0,0,0,0,0
Netherlands Antilles (former),Forest fires,Emissions (CO2eq) (AR5),kilotonnes,0,0,0,0,0,0,0,0,0,0,0,0,0,0,0,0,0,0,0,0,0
Netherlands Antilles (former),Fires in humid tropical forests,Emissions (CH4),kilotonnes,0,0,0,0,0,0,0,0,0,0,0,0,0,0,0,0,0,0,0,0,0
Netherlands Antilles (former),Fires in humid tropical forests,Emissions (N2O),kilotonnes,0,0,0,0,0,0,0,0,0,0,0,0,0,0,0,0,0,0,0,0,0
Netherlands Antilles (former),Fires in humid tropical forests,Emissions (CO2eq) from CH4 (AR5),kilotonnes,0,0,0,0,0,0,0,0,0,0,0,0,0,0,0,0,0,0,0,0,0
Netherlands Antilles (former),Fires in humid tropical forests,Emissions (CO2eq) from N2O (AR5),kilotonnes,0,0,0,0,0,0,0,0,0,0,0,0,0,0,0,0,0,0,0,0,0
Netherlands Antilles (former),Fires in humid tropical forests,Emissions (CO2eq) (AR5),kilotonnes,0,0,0,0,0,0,0,0,0,0,0,0,0,0,0,0,0,0,0,0,0
Netherlands Antilles (former),Waste - agri-food systems,Emissions (CH4),kilotonnes,0,0,0,0,0,0,0,0,0,0,0,0,0,0,0,0,0,0,0,0,0
Netherlands Antilles (former),Waste - agri-food systems,Emissions (N2O),kilotonnes,0,0,0,0,0,0,0,0,0,0,0,0,0,0,0,0,0,0,0,0,0
Netherlands Antilles (former),Waste - agri-food systems,Emissions (CO2eq) from CH4 (AR5),kilotonnes,0,0,0,0,0,0,0,0,0,0,0,0,0,0,0,0,0,0,0,0,0
Netherlands Antilles (former),Waste - agri-food systems,Emissions (CO2eq) from N2O (AR5),kilotonnes,0,0,0,0,0,0,0,0,0,0,0,0,0,0,0,0,0,0,0,0,0
Netherlands Antilles (former),Waste - agri-food systems,Emissions (CO2eq) (AR5),kilotonnes,0,0,0,0,0,0,0,0,0,0,0,0,0,0,0,0,0,0,0,0,0
Netherlands Antilles (former),On-farm electricity use,Emissions (CH4),kilotonnes,0,0,0,0,0,0,0,0,0,0,0,,,,,,,,,,
Netherlands Antilles (former),On-farm electricity use,Emissions (N2O),kilotonnes,0,0,0,0,0,0,0,0,0,0,0,,,,,,,,,,
Netherlands Antilles (former),On-farm electricity use,Emissions (CO2),kilotonnes,0,0,0,0,0,0,0,0,0,0,0,,,,,,,,,,
Netherlands Antilles (former),On-farm electricity use,Emissions (CO2eq) from CH4 (AR5),kilotonnes,0,0,0,0,0,0,0,0,0,0,0,,,,,,,,,,
Netherlands Antilles (former),On-farm electricity use,Emissions (CO2eq) from N2O (AR5),kilotonnes,0,0,0,0,0,0,0,0,0,0,0,,,,,,,,,,
Netherlands Antilles (former),On-farm electricity use,Emissions (CO2eq) (AR5),kilotonnes,0,0,0,0,0,0,0,0,0,0,0,,,,,,,,,,
Netherlands Antilles (former),Food Processing,Emissions (CH4),kilotonnes,0.0144,0.0164,0.0006,0.0005,0.0007,0.0005,0.0005,0.0005,0.0061,0.0052,0.0053,,,,,,,,,,
Netherlands Antilles (former),Food Processing,Emissions (N2O),kilotonnes,0.0002,0.0002,0.0001,0.0001,0.0002,0.0002,0.0002,0.0002,0.0001,0.0001,0.0001,,,,,,,,,,
Netherlands Antilles (former),Food Processing,Emissions (CO2),kilotonnes,80.8183,86.7085,49.1311,52.1711,64.9567,43.524,43.3187,51.3218,30.9265,33.3915,25.2816,,,,,,,,,,
Netherlands Antilles (former),Food Processing,Emissions (CO2eq) from CH4 (AR5),kilotonnes,0.4032,0.4592,0.0168,0.014,0.0196,0.014,0.014,0.014,0.1708,0.1456,0.1484,,,,,,,,,,
Netherlands Antilles (former),Food Processing,Emissions (CO2eq) from N2O (AR5),kilotonnes,0.053,0.053,0.0265,0.0265,0.053,0.053,0.053,0.053,0.0265,0.0265,0.0265,,,,,,,,,,
Netherlands Antilles (former),Food Processing,Emissions (CO2eq) (AR5),kilotonnes,81.2745,87.2207,49.1744,52.2116,65.0293,43.591,43.3857,51.3888,31.1238,33.5636,25.4565,,,,,,,,,,
Netherlands Antilles (former),Food Packaging,Emissions (CH4),kilotonnes,0,0,0,0,0,0,0,0,0,0,0,,,,,,,,,,
Netherlands Antilles (former),Food Packaging,Emissions (N2O),kilotonnes,0,0,0,0,0,0,0,0,0,0,0,,,,,,,,,,
Netherlands Antilles (former),Food Packaging,Emissions (CO2),kilotonnes,0.0007,0.0007,0.0006,0.0007,0.0007,0.0007,0.0007,0.0008,0.0007,0.0007,0.0004,,,,,,,,,,
Netherlands Antilles (former),Food Packaging,Emissions (CO2eq) from CH4 (AR5),kilotonnes,0,0,0,0,0,0,0,0,0,0,0,,,,,,,,,,
Netherlands Antilles (former),Food Packaging,Emissions (CO2eq) from N2O (AR5),kilotonnes,0,0,0,0,0,0,0,0,0,0,0,,,,,,,,,,
Netherlands Antilles (former),Food Packaging,Emissions (CO2eq) (AR5),kilotonnes,0.0007,0.0007,0.0006,0.0007,0.0007,0.0007,0.0007,0.0008,0.0007,0.0007,0.0004,,,,,,,,,,
Netherlands Antilles (former),Food Household Consumption,Emissions (CH4),kilotonnes,0.0041,0.0041,0.0041,0.0039,0.004,0.0041,0.005,0.0052,0.0052,0.005,0.0051,,,,,,,,,,
Netherlands Antilles (former),Food Household Consumption,Emissions (N2O),kilotonnes,0.0001,0.0001,0.0001,0.0001,0.0001,0.0001,0.0001,0.0001,0.0001,0.0001,0.0001,,,,,,,,,,
Netherlands Antilles (former),Food Household Consumption,Emissions (CO2),kilotonnes,51.6366,51.6366,51.6366,49.8248,50.7307,51.6366,62.5074,65.2252,66.1311,63.4134,64.3193,,,,,,,,,,
Netherlands Antilles (former),Food Household Consumption,Emissions (CO2eq) from CH4 (AR5),kilotonnes,0.1148,0.1148,0.1148,0.1092,0.112,0.1148,0.14,0.1456,0.1456,0.14,0.1428,,,,,,,,,,
Netherlands Antilles (former),Food Household Consumption,Emissions (CO2eq) from N2O (AR5),kilotonnes,0.0265,0.0265,0.0265,0.0265,0.0265,0.0265,0.0265,0.0265,0.0265,0.0265,0.0265,,,,,,,,,,
Netherlands Antilles (former),Food Household Consumption,Emissions (CO2eq) (AR5),kilotonnes,51.7779,51.7779,51.7779,49.9605,50.8692,51.7779,62.6739,65.3973,66.3032,63.5799,64.4886,,,,,,,,,,
Netherlands Antilles (former),Food Transport,Emissions (CH4),kilotonnes,0.0108,0.01,0.0094,0.0087,0.0083,0.0081,0.0084,0.0087,0.0088,0.0085,0.0087,,,,,,,,,,
Netherlands Antilles (former),Food Transport,Emissions (N2O),kilotonnes,0.0026,0.0027,0.0026,0.0026,0.0025,0.0025,0.0026,0.0027,0.0028,0.0026,0.0027,,,,,,,,,,
Netherlands Antilles (former),Food Transport,Emissions (CO2),kilotonnes,149.6,152.9,152.9,152.9,156.2,159.5,165,171.6,174.9,168.3,171.6,,,,,,,,,,
Netherlands Antilles (former),Food Transport,Emissions (CO2eq) from CH4 (AR5),kilotonnes,0.3024,0.28,0.2632,0.2436,0.2324,0.2268,0.2352,0.2436,0.2464,0.238,0.2436,,,,,,,,,,
Netherlands Antilles (former),Food Transport,Emissions (CO2eq) from N2O (AR5),kilotonnes,0.689,0.7155,0.689,0.689,0.6625,0.6625,0.689,0.7155,0.742,0.689,0.7155,,,,,,,,,,
Netherlands Antilles (former),Food Transport,Emissions (CO2eq) (AR5),kilotonnes,150.5914,153.8955,153.8522,153.8326,157.0949,160.3893,165.9242,172.5591,175.8884,169.227,172.5591,,,,,,,,,,
Netherlands Antilles (former),Energy,Emissions (CH4),kilotonnes,0.304,0.304,0.264,0.261,0.275,0.292,0.284,0.298,0.299,0.262,0.198,0.257,0.216,0.209,0.227,0.226,0.202,0.168,0.141,0.16,0.151
Netherlands Antilles (former),Energy,Emissions (N2O),kilotonnes,0.0652,0.0667,0.0575,0.0603,0.0654,0.0686,0.0681,0.0728,0.0745,0.0575,0.0473,0.0605,0.0515,0.0486,0.0529,0.0541,0.0474,0.0431,0.0371,0.0393,0.0371
Netherlands Antilles (former),Energy,Emissions (CO2),kilotonnes,5610,5720,5510,5510,5790,5730,5980,6730,6470,6620,4560,5820,6930,6140,6820,7340,6490,6290,6480,6700,5900
Netherlands Antilles (former),Energy,Emissions (CO2eq) from CH4 (AR5),kilotonnes,8.512,8.512,7.392,7.308,7.7,8.176,7.952,8.344,8.372,7.336,5.544,7.196,6.048,5.852,6.356,6.328,5.656,4.704,3.948,4.48,4.228
Netherlands Antilles (former),Energy,Emissions (CO2eq) from N2O (AR5),kilotonnes,17.278,17.6755,15.2375,15.9795,17.331,18.179,18.0465,19.292,19.7425,15.2375,12.5345,16.0325,13.6475,12.879,14.0185,14.3365,12.561,11.4215,9.8315,10.4145,9.8315
Netherlands Antilles (former),Energy,Emissions (CO2eq) (AR5),kilotonnes,5635.79,5746.1875,5532.6295,5533.2875,5815.031,5756.355,6005.9985,6757.636,6498.1145,6642.5735,4578.0785,5843.2285,6949.6955,6158.731,6840.3745,7360.6645,6508.217,6306.1255,6493.7795,6714.8945,5914.0595
Netherlands Antilles (former),IPPU,Emissions (N2O),kilotonnes,0,0,0,0,0,0,0,0,0,0,0,0,0,0,0,0,0,0,0,0,0
Netherlands Antilles (former),IPPU,Emissions (CO2),kilotonnes,49.6,50.2,50.2,50.3,51.6,54.5,55.4,58.8,58.4,56.1,56.7,57.4,40.1,40.1,40.7,40.1,39.5,39.6,39.5,36.3,34.7
Netherlands Antilles (former),IPPU,Emissions (CO2eq) from N2O (AR5),kilotonnes,0.0004,0.0004,0.0004,0.0004,0.0004,0.0004,0.0004,0.0004,0.0004,0.0004,0.0004,0.0004,0.0004,0.0005,0.0005,0.0005,0.0005,0.0005,0.0005,0.0005,0.0005
Netherlands Antilles (former),IPPU,Emissions (CO2eq) (AR5),kilotonnes,49.6004,50.2004,50.2004,50.3004,51.6004,54.5004,55.4004,58.8004,58.4004,56.1004,56.7004,57.4004,40.1004,40.1005,40.7005,40.1005,39.5005,39.6005,39.5005,36.3005,34.7005
Netherlands Antilles (former),Waste,Emissions (CH4),kilotonnes,1.73,1.71,1.7,1.68,1.68,1.69,1.73,1.77,1.82,1.87,1.91,1.94,1.96,1.98,2,2.02,2.02,2.03,2.05,2.12,2.15
Netherlands Antilles (former),Waste,Emissions (N2O),kilotonnes,0.0042,0.0042,0.0041,0.0041,0.0042,0.0043,0.0045,0.0048,0.005,0.0053,0.0054,0.0055,0.0056,0.0057,0.0058,0.0059,0.006,0.0061,0.0062,0.0065,0.0067
Netherlands Antilles (former),Waste,Emissions (CO2eq) from CH4 (AR5),kilotonnes,48.44,47.88,47.6,47.04,47.04,47.32,48.44,49.56,50.96,52.36,53.48,54.32,54.88,55.44,56,56.56,56.56,56.84,57.4,59.36,60.2
Netherlands Antilles (former),Waste,Emissions (CO2eq) from N2O (AR5),kilotonnes,1.1183,1.1024,1.0892,1.0944,1.1051,1.1369,1.1899,1.2588,1.3303,1.3966,1.4416,1.4628,1.4761,1.5158,1.5423,1.5635,1.5873,1.6271,1.6536,1.7305,1.7702
Netherlands Antilles (former),Waste,Emissions (CO2eq) (AR5),kilotonnes,49.5583,48.9824,48.6891,48.1345,48.145,48.4569,49.6298,50.8188,52.2903,53.7565,54.9216,55.7828,56.356,56.9558,57.5423,58.1235,58.1474,58.4671,59.0536,61.0904,61.9702
Netherlands Antilles (former),Other,Emissions (N2O),kilotonnes,0.136,0.134,0.129,0.129,0.131,0.136,0.136,0.146,0.146,0.13,0.103,0.126,0.0968,0.0937,0.0994,0.0998,0.0893,0.0779,0.067,0.0709,0.0658
Netherlands Antilles (former),Other,Emissions (CO2eq) from N2O (AR5),kilotonnes,36.04,35.51,34.185,34.185,34.715,36.04,36.04,38.69,38.69,34.45,27.295,33.39,25.652,24.8305,26.341,26.447,23.6645,20.6435,17.755,18.7885,17.437
Netherlands Antilles (former),Other,Emissions (CO2eq) (AR5),kilotonnes,36.04,35.51,34.185,34.185,34.715,36.04,36.04,38.69,38.69,34.45,27.295,33.39,25.652,24.8305,26.341,26.447,23.6645,20.6435,17.755,18.7885,17.437
Netherlands Antilles (former),Farm-gate emissions,Emissions (CH4),kilotonnes,0.0339,0.0337,0.0333,0.0404,0.0407,0.0411,0.0527,0.0548,0.0551,0.052,0.0522,0,0,0,0,0,0,0,0,0,0
Netherlands Antilles (former),Farm-gate emissions,Emissions (N2O),kilotonnes,0.0241,0.0241,0.0246,0.0268,0.0284,0.0302,0.0406,0.0437,0.0418,0.037,0.0344,0,0,0,0,0,0,0,0,0,0
Netherlands Antilles (former),Farm-gate emissions,Emissions (CO2),kilotonnes,241.3941,242.8327,243.5419,303.279,309.8253,317.7054,413.0343,435.3584,436.3268,410.2712,408.3261,0,0,0,0,0,0,0,0,0,0
Netherlands Antilles (former),Farm-gate emissions,Emissions (CO2eq) from CH4 (AR5),kilotonnes,0.9503,0.9449,0.9318,1.1312,1.1384,1.1495,1.475,1.5352,1.5414,1.4565,1.4615,0,0,0,0,0,0,0,0,0,0
Netherlands Antilles (former),Farm-gate emissions,Emissions (CO2eq) from N2O (AR5),kilotonnes,6.3785,6.3781,6.5281,7.1054,7.5153,8.0001,10.7485,11.5729,11.0738,9.8124,9.1031,0,0,0,0,0,0,0,0,0,0
Netherlands Antilles (former),Farm-gate emissions,Emissions (CO2eq) (AR5),kilotonnes,248.7229,250.1557,251.0019,311.5155,318.479,326.855,425.2578,448.4665,448.942,421.5401,418.8907,0,0,0,0,0,0,0,0,0,0
Netherlands Antilles (former),Land Use change,Emissions (CH4),kilotonnes,0,0,0,0,0,0,0,0,0,0,0,0,0,0,0,0,0,0,0,0,0
Netherlands Antilles (former),Land Use change,Emissions (N2O),kilotonnes,0,0,0,0,0,0,0,0,0,0,0,0,0,0,0,0,0,0,0,0,0
Netherlands Antilles (former),Land Use change,Emissions (CO2),kilotonnes,0,0,0,0,0,0,0,0,0,0,0,0,0,0,0,0,0,0,0,0,0
Netherlands Antilles (former),Land Use change,Emissions (CO2eq) from CH4 (AR5),kilotonnes,0,0,0,0,0,0,0,0,0,0,0,0,0,0,0,0,0,0,0,0,0
Netherlands Antilles (former),Land Use change,Emissions (CO2eq) from N2O (AR5),kilotonnes,0,0,0,0,0,0,0,0,0,0,0,0,0,0,0,0,0,0,0,0,0
Netherlands Antilles (former),Land Use change,Emissions (CO2eq) (AR5),kilotonnes,0,0,0,0,0,0,0,0,0,0,0,0,0,0,0,0,0,0,0,0,0
Netherlands Antilles (former),Emissions on agricultural land,Emissions (CH4),kilotonnes,0.0339,0.0337,0.0333,0.0404,0.0407,0.0411,0.0527,0.0548,0.0551,0.052,0.0522,0,0,0,0,0,0,0,0,0,0
Netherlands Antilles (former),Emissions on agricultural land,Emissions (N2O),kilotonnes,0.0241,0.0241,0.0246,0.0268,0.0284,0.0302,0.0406,0.0437,0.0418,0.037,0.0344,0,0,0,0,0,0,0,0,0,0
Netherlands Antilles (former),Emissions on agricultural land,Emissions (CO2),kilotonnes,241.3941,242.8327,243.5419,303.279,309.8253,317.7054,413.0343,435.3584,436.3268,410.2712,408.3261,0,0,0,0,0,0,0,0,0,0
Netherlands Antilles (former),Emissions on agricultural land,Emissions (CO2eq) from CH4 (AR5),kilotonnes,0.9503,0.9449,0.9318,1.1312,1.1384,1.1495,1.475,1.5352,1.5414,1.4565,1.4615,0,0,0,0,0,0,0,0,0,0
Netherlands Antilles (former),Emissions on agricultural land,Emissions (CO2eq) from N2O (AR5),kilotonnes,6.3785,6.3781,6.5281,7.1054,7.5153,8.0001,10.7485,11.5729,11.0738,9.8124,9.1031,0,0,0,0,0,0,0,0,0,0
Netherlands Antilles (former),Emissions on agricultural land,Emissions (CO2eq) (AR5),kilotonnes,248.7229,250.1557,251.0019,311.5155,318.479,326.855,425.2578,448.4665,448.942,421.5401,418.8907,0,0,0,0,0,0,0,0,0,0
Netherlands Antilles (former),Pre- and post- production,Emissions (CH4),kilotonnes,0.0293,0.0305,0.0141,0.0131,0.013,0.0127,0.0139,0.0144,0.0201,0.0187,0.0191,0,0,0,0,0,0,0,0,0,0
Netherlands Antilles (former),Pre- and post- production,Emissions (N2O),kilotonnes,0.0029,0.003,0.0028,0.0028,0.0028,0.0028,0.0029,0.003,0.003,0.0028,0.0029,0,0,0,0,0,0,0,0,0,0
Netherlands Antilles (former),Pre- and post- production,Emissions (CO2),kilotonnes,282.0556,291.2458,253.6683,254.8966,271.8881,254.6613,270.8268,288.1478,271.9583,265.1056,261.2013,,,,,,,,,,
Netherlands Antilles (former),Pre- and post- production,Emissions (CO2eq) from CH4 (AR5),kilotonnes,0.8204,0.854,0.3948,0.3668,0.364,0.3556,0.3892,0.4032,0.5628,0.5236,0.5348,0,0,0,0,0,0,0,0,0,0
Netherlands Antilles (former),Pre- and post- production,Emissions (CO2eq) from N2O (AR5),kilotonnes,0.7685,0.795,0.742,0.742,0.742,0.742,0.7685,0.795,0.795,0.742,0.7685,0,0,0,0,0,0,0,0,0,0
Netherlands Antilles (former),Pre- and post- production,Emissions (CO2eq) (AR5),kilotonnes,283.6445,292.8948,254.8051,256.0054,272.9941,255.7589,271.9845,289.346,273.3161,266.3712,262.5046,0,0,0,0,0,0,0,0,0,0
Netherlands Antilles (former),Agri-food systems,Emissions (CH4),kilotonnes,0.0632,0.0642,0.0474,0.0535,0.0537,0.0538,0.0666,0.0692,0.0752,0.0707,0.0713,0,0,0,0,0,0,0,0,0,0
Netherlands Antilles (former),Agri-food systems,Emissions (N2O),kilotonnes,0.027,0.0271,0.0274,0.0296,0.0312,0.033,0.0435,0.0467,0.0448,0.0398,0.0373,0,0,0,0,0,0,0,0,0,0
Netherlands Antilles (former),Agri-food systems,Emissions (CO2),kilotonnes,523.4497,534.0785,497.2102,558.1756,581.7134,572.3667,683.8611,723.5062,708.2851,675.3768,669.5274,0,0,0,0,0,0,0,0,0,0
Netherlands Antilles (former),Agri-food systems,Emissions (CO2eq) from CH4 (AR5),kilotonnes,1.7707,1.7989,1.3266,1.498,1.5024,1.5051,1.8642,1.9384,2.1042,1.9801,1.9963,0,0,0,0,0,0,0,0,0,0
Netherlands Antilles (former),Agri-food systems,Emissions (CO2eq) from N2O (AR5),kilotonnes,7.147,7.1731,7.2701,7.8474,8.2573,8.7421,11.517,12.3679,11.8688,10.5544,9.8716,0,0,0,0,0,0,0,0,0,0
Netherlands Antilles (former),Agri-food systems,Emissions (CO2eq) (AR5),kilotonnes,532.3674,543.0505,505.807,567.5209,591.4731,582.6139,697.2423,737.8125,722.2581,687.9113,681.3953,0,0,0,0,0,0,0,0,0,0
Netherlands Antilles (former),IPCC Agriculture,Emissions (CH4),kilotonnes,0,0,0,0,0,0,0,0,0,0,0,0,0,0,0,0,0,0,0,0,0
Netherlands Antilles (former),IPCC Agriculture,Emissions (N2O),kilotonnes,0,0,0,0,0,0,0,0,0,0,0,0,0,0,0,0,0,0,0,0,0
Netherlands Antilles (former),IPCC Agriculture,Emissions (CO2eq) from CH4 (AR5),kilotonnes,0,0,0,0,0,0,0,0,0,0,0,0,0,0,0,0,0,0,0,0,0
Netherlands Antilles (former),IPCC Agriculture,Emissions (CO2eq) from N2O (AR5),kilotonnes,0,0,0,0,0,0,0,0,0,0,0,0,0,0,0,0,0,0,0,0,0
Netherlands Antilles (former),IPCC Agriculture,Emissions (CO2eq) (AR5),kilotonnes,0,0,0,0,0,0,0,0,0,0,0,0,0,0,0,0,0,0,0,0,0
Netherlands Antilles (former),Agricultural Soils,Emissions (N2O),kilotonnes,0,0,0,0,0,0,0,0,0,0,0,0,0,0,0,0,0,0,0,0,0
Netherlands Antilles (former),Agricultural Soils,Emissions (CO2eq) from N2O (AR5),kilotonnes,0,0,0,0,0,0,0,0,0,0,0,0,0,0,0,0,0,0,0,0,0
Netherlands Antilles (former),Agricultural Soils,Emissions (CO2eq) (AR5),kilotonnes,0,0,0,0,0,0,0,0,0,0,0,0,0,0,0,0,0,0,0,0,0
Netherlands Antilles (former),LULUCF,Emissions (CH4),kilotonnes,0,0,0,0,0,0,0,0,0,0,0,0,0,0,0,0,0,0,0,0,0
Netherlands Antilles (former),LULUCF,Emissions (N2O),kilotonnes,0,0,0,0,0,0,0,0,0,0,0,0,0,0,0,0,0,0,0,0,0
Netherlands Antilles (former),LULUCF,Emissions (CO2),kilotonnes,0.0014,-0.0813,-0.0813,-0.0813,-0.0813,-0.0813,-0.0813,-0.0813,-0.0813,-0.0813,-0.0813,-0.0498,-0.0498,-0.0498,-0.0498,-0.0498,-0.1076,-0.1076,-0.1076,-0.1076,-0.1076
Netherlands Antilles (former),LULUCF,Emissions (CO2eq) from CH4 (AR5),kilotonnes,0,0,0,0,0,0,0,0,0,0,0,0,0,0,0,0,0,0,0,0,0
Netherlands Antilles (former),LULUCF,Emissions (CO2eq) from N2O (AR5),kilotonnes,0,0,0,0,0,0,0,0,0,0,0,0,0,0,0,0,0,0,0,0,0
Netherlands Antilles (former),LULUCF,Emissions (CO2eq) (AR5),kilotonnes,0.0014,-0.0813,-0.0813,-0.0813,-0.0813,-0.0813,-0.0813,-0.0813,-0.0813,-0.0813,-0.0813,-0.0498,-0.0498,-0.0498,-0.0498,-0.0498,-0.1076,-0.1076,-0.1076,-0.1076,-0.1076
Netherlands Antilles (former),AFOLU,Emissions (CH4),kilotonnes,0,0,0,0,0,0,0,0,0,0,0,0,0,0,0,0,0,0,0,0,0
Netherlands Antilles (former),AFOLU,Emissions (N2O),kilotonnes,0,0,0,0,0,0,0,0,0,0,0,0,0,0,0,0,0,0,0,0,0
Netherlands Antilles (former),AFOLU,Emissions (CO2),kilotonnes,0.0014,-0.0813,-0.0813,-0.0813,-0.0813,-0.0813,-0.0813,-0.0813,-0.0813,-0.0813,-0.0813,-0.0498,-0.0498,-0.0498,-0.0498,-0.0498,-0.1076,-0.1076,-0.1076,-0.1076,-0.1076
Netherlands Antilles (former),AFOLU,Emissions (CO2eq) from CH4 (AR5),kilotonnes,0,0,0,0,0,0,0,0,0,0,0,0,0,0,0,0,0,0,0,0,0
Netherlands Antilles (former),AFOLU,Emissions (CO2eq) from N2O (AR5),kilotonnes,0,0,0,0,0,0,0,0,0,0,0,0,0,0,0,0,0,0,0,0,0
Netherlands Antilles (former),AFOLU,Emissions (CO2eq) (AR5),kilotonnes,0.0014,-0.0813,-0.0813,-0.0813,-0.0813,-0.0813,-0.0813,-0.0813,-0.0813,-0.0813,-0.0813,-0.0498,-0.0498,-0.0498,-0.0498,-0.0498,-0.1076,-0.1076,-0.1076,-0.1076,-0.1076
Netherlands Antilles (former),All sectors with LULUCF,Emissions (CH4),kilotonnes,2.034,2.014,1.964,1.941,1.955,1.982,2.014,2.068,2.119,2.132,2.108,2.197,2.176,2.189,2.227,2.246,2.222,2.198,2.191,2.28,2.301
Netherlands Antilles (former),All sectors with LULUCF,Emissions (N2O),kilotonnes,0.2054,0.2049,0.1906,0.1934,0.2006,0.2089,0.2086,0.2236,0.2255,0.1928,0.1557,0.192,0.1539,0.148,0.1581,0.1598,0.1427,0.1271,0.1103,0.1167,0.1096
Netherlands Antilles (former),All sectors with LULUCF,Emissions (CO2),kilotonnes,5659.6014,5770.1187,5560.1187,5560.2187,5841.5187,5784.4187,6035.3187,6788.7187,6528.3187,6676.0187,4616.6187,5877.3502,6970.0502,6180.0502,6860.6502,7380.0502,6529.3924,6329.4924,6519.3924,6736.1924,5934.5924
Netherlands Antilles (former),All sectors with LULUCF,Emissions (CO2eq) from CH4 (AR5),kilotonnes,56.952,56.392,54.992,54.348,54.74,55.496,56.392,57.904,59.332,59.696,59.024,61.516,60.928,61.292,62.356,62.888,62.216,61.544,61.348,63.84,64.428
Netherlands Antilles (former),All sectors with LULUCF,Emissions (CO2eq) from N2O (AR5),kilotonnes,54.4367,54.2883,50.512,51.2593,53.1514,55.3562,55.2767,59.2411,59.7632,51.0845,41.2715,50.8857,40.776,39.2258,41.9023,42.3475,37.8133,33.6926,29.2406,30.9339,29.0392
Netherlands Antilles (former),All sectors with LULUCF,Emissions (CO2eq) (AR5),kilotonnes,5770.9901,5880.799,5665.6227,5665.826,5949.4101,5895.2709,6146.9874,6905.8638,6647.4139,6786.7992,4716.9142,5989.752,7071.7542,6280.568,6964.9085,7485.2857,6629.4217,6424.7289,6609.9809,6830.9663,6028.0596
Netherlands Antilles (former),All sectors without LULUCF,Emissions (CH4),kilotonnes,2.034,2.014,1.964,1.941,1.955,1.982,2.014,2.068,2.119,2.132,2.108,2.197,2.176,2.189,2.227,2.246,2.222,2.198,2.191,2.28,2.301
Netherlands Antilles (former),All sectors without LULUCF,Emissions (N2O),kilotonnes,0.2054,0.2049,0.1906,0.1934,0.2006,0.2089,0.2086,0.2236,0.2255,0.1928,0.1557,0.192,0.1539,0.148,0.1581,0.1598,0.1427,0.1271,0.1103,0.1167,0.1096
Netherlands Antilles (former),All sectors without LULUCF,Emissions (CO2),kilotonnes,5659.6,5770.2,5560.2,5560.3,5841.6,5784.5,6035.4,6788.8,6528.4,6676.1,4616.7,5877.4,6970.1,6180.1,6860.7,7380.1,6529.5,6329.6,6519.5,6736.3,5934.7
Netherlands Antilles (former),All sectors without LULUCF,Emissions (CO2eq) from CH4 (AR5),kilotonnes,56.952,56.392,54.992,54.348,54.74,55.496,56.392,57.904,59.332,59.696,59.024,61.516,60.928,61.292,62.356,62.888,62.216,61.544,61.348,63.84,64.428
Netherlands Antilles (former),All sectors without LULUCF,Emissions (CO2eq) from N2O (AR5),kilotonnes,54.4367,54.2883,50.512,51.2593,53.1514,55.3562,55.2767,59.2411,59.7632,51.0845,41.2715,50.8857,40.776,39.2258,41.9023,42.3475,37.8133,33.6926,29.2406,30.9339,29.0392
Netherlands Antilles (former),All sectors without LULUCF,Emissions (CO2eq) (AR5),kilotonnes,5770.9887,5880.8803,5665.704,5665.9073,5949.4914,5895.3522,6147.0687,6905.9451,6647.4952,6786.8805,4716.9955,5989.8017,7071.804,6280.6178,6964.9583,7485.3355,6629.5293,6424.8366,6610.0886,6831.0739,6028.1672
New Caledonia,Crop Residues,Direct emissions (N2O),kilotonnes,0.0007,0.0007,0.0006,0.0009,0.0008,0.0009,0.0006,0.0008,0.0006,0.0004,0.0005,0.0004,0.0006,0.0006,0.0007,0.001,0.0013,0.0013,0.0014,0.0013,0.0014
New Caledonia,Crop Residues,Indirect emissions (N2O),kilotonnes,0.0002,0.0002,0.0001,0.0002,0.0002,0.0002,0.0001,0.0002,0.0001,0.0001,0.0001,0.0001,0.0001,0.0001,0.0002,0.0002,0.0003,0.0003,0.0003,0.0003,0.0003
New Caledonia,Crop Residues,Emissions (N2O),kilotonnes,0.0009,0.0009,0.0008,0.0011,0.001,0.0011,0.0008,0.001,0.0008,0.0005,0.0006,0.0005,0.0008,0.0007,0.0009,0.0013,0.0015,0.0016,0.0018,0.0016,0.0017
New Caledonia,Crop Residues,Emissions (CO2eq) from N2O (AR5),kilotonnes,0.2261,0.2349,0.2044,0.2805,0.2526,0.2995,0.2025,0.2732,0.211,0.1403,0.1593,0.142,0.2066,0.1957,0.2351,0.3332,0.4071,0.4332,0.4667,0.4125,0.4586
New Caledonia,Crop Residues,Emissions (CO2eq) (AR5),kilotonnes,0.2261,0.2349,0.2044,0.2805,0.2526,0.2995,0.2025,0.2732,0.211,0.1403,0.1593,0.142,0.2066,0.1957,0.2351,0.3332,0.4071,0.4332,0.4667,0.4125,0.4586
New Caledonia,Burning - Crop residues,Emissions (CH4),kilotonnes,0.0032,0.0032,0.0027,0.0041,0.0035,0.0043,0.0027,0.0038,0.003,0.0019,0.0023,0.002,0.0024,0.0027,0.0022,0.0023,0.0028,0.0028,0.003,0.003,0.0031
New Caledonia,Burning - Crop residues,Emissions (N2O),kilotonnes,0.0001,0.0001,0.0001,0.0001,0.0001,0.0001,0.0001,0.0001,0.0001,0,0.0001,0.0001,0.0001,0.0001,0.0001,0.0001,0.0001,0.0001,0.0001,0.0001,0.0001
New Caledonia,Burning - Crop residues,Emissions (CO2eq) from CH4 (AR5),kilotonnes,0.0907,0.0897,0.0756,0.1137,0.099,0.1215,0.0756,0.1058,0.0832,0.0529,0.0643,0.0567,0.0683,0.0762,0.0607,0.0642,0.0772,0.0797,0.0839,0.0841,0.087
New Caledonia,Burning - Crop residues,Emissions (CO2eq) from N2O (AR5),kilotonnes,0.0223,0.022,0.0185,0.0279,0.0243,0.0298,0.0185,0.026,0.0204,0.013,0.0158,0.0139,0.0168,0.0187,0.0149,0.0157,0.0189,0.0196,0.0206,0.0206,0.0213
New Caledonia,Burning - Crop residues,Emissions (CO2eq) (AR5),kilotonnes,0.113,0.1118,0.0942,0.1416,0.1233,0.1514,0.0942,0.1318,0.1036,0.0659,0.08,0.0706,0.0851,0.0949,0.0756,0.0799,0.0961,0.0993,0.1045,0.1048,0.1083
New Caledonia,Enteric Fermentation,Emissions (CH4),kilotonnes,6.9063,6.9004,6.9732,6.9547,6.9602,6.2367,5.5123,5.7004,5.7016,5.698,5.6954,5.6933,5.3655,5.7726,5.8317,5.6411,5.4117,5.3954,5.3898,5.3451,5.3019
New Caledonia,Enteric Fermentation,Emissions (CO2eq) from CH4 (AR5),kilotonnes,193.3767,193.2123,195.2505,194.7308,194.8848,174.6287,154.3444,159.6122,159.6447,159.5432,159.4704,159.4121,150.233,161.632,163.2876,157.9495,151.5277,151.07,150.914,149.6641,148.4535
New Caledonia,Enteric Fermentation,Emissions (CO2eq) (AR5),kilotonnes,193.3767,193.2123,195.2505,194.7308,194.8848,174.6287,154.3444,159.6122,159.6447,159.5432,159.4704,159.4121,150.233,161.632,163.2876,157.9495,151.5277,151.07,150.914,149.6641,148.4535
New Caledonia,Manure Management,Emissions (CH4),kilotonnes,0.6287,0.6219,0.618,0.6228,0.7008,0.6724,0.6714,0.7008,0.7572,0.741,0.7429,0.7478,0.6281,0.7485,0.7575,0.7572,0.7401,0.7309,0.7357,0.7384,0.7412
New Caledonia,Manure Management,Emissions (N2O),kilotonnes,0.026,0.0258,0.0259,0.0265,0.0272,0.0253,0.0226,0.0234,0.0239,0.0235,0.0238,0.0235,0.0212,0.024,0.0242,0.0237,0.0229,0.0228,0.0227,0.0227,0.0225
New Caledonia,Manure Management,Emissions (CO2eq) from CH4 (AR5),kilotonnes,17.6027,17.4124,17.3052,17.438,19.6234,18.8264,18.8,19.6232,21.2004,20.7471,20.8006,20.9396,17.5863,20.9574,21.211,21.2016,20.7215,20.4653,20.6005,20.6741,20.7533
New Caledonia,Manure Management,Emissions (CO2eq) from N2O (AR5),kilotonnes,6.8956,6.8417,6.8576,7.0151,7.201,6.7065,6.0022,6.2059,6.3207,6.2225,6.3001,6.2398,5.6202,6.3543,6.4194,6.2752,6.0724,6.0339,6.0228,6.0092,5.9661
New Caledonia,Manure Management,Emissions (CO2eq) (AR5),kilotonnes,24.4983,24.2541,24.1628,24.4531,26.8244,25.5329,24.8022,25.8291,27.5211,26.9696,27.1008,27.1794,23.2066,27.3117,27.6304,27.4768,26.7939,26.4992,26.6233,26.6833,26.7194
New Caledonia,Manure left on Pasture,Direct emissions (N2O),kilotonnes,0.1973,0.1971,0.199,0.1986,0.1986,0.1781,0.1568,0.1621,0.1619,0.1618,0.1617,0.1615,0.1523,0.1639,0.1656,0.16,0.1535,0.153,0.1528,0.1515,0.1503
New Caledonia,Manure left on Pasture,Indirect emissions (N2O),kilotonnes,0.0436,0.0434,0.0438,0.0437,0.0437,0.039,0.0348,0.0359,0.0358,0.0358,0.0357,0.0357,0.0337,0.0359,0.0363,0.0351,0.0337,0.0336,0.0336,0.0333,0.033
New Caledonia,Manure left on Pasture,Emissions (N2O),kilotonnes,0.2409,0.2405,0.2428,0.2423,0.2423,0.2172,0.1916,0.198,0.1978,0.1975,0.1974,0.1972,0.186,0.1999,0.2019,0.1951,0.1872,0.1866,0.1864,0.1848,0.1833
New Caledonia,Manure left on Pasture,Emissions (CO2eq) from N2O (AR5),kilotonnes,63.8365,63.7312,64.3548,64.2076,64.2099,57.5559,50.7724,52.4624,52.4082,52.3496,52.3133,52.2543,49.2868,52.9637,53.4906,51.7054,49.5995,49.4498,49.3915,48.9842,48.5759
New Caledonia,Manure left on Pasture,Emissions (CO2eq) (AR5),kilotonnes,63.8365,63.7312,64.3548,64.2076,64.2099,57.5559,50.7724,52.4624,52.4082,52.3496,52.3133,52.2543,49.2868,52.9637,53.4906,51.7054,49.5995,49.4498,49.3915,48.9842,48.5759
New Caledonia,Manure applied to Soils,Direct emissions (N2O),kilotonnes,0.0111,0.0107,0.0105,0.0117,0.0124,0.0124,0.0113,0.0116,0.0119,0.0113,0.0119,0.0114,0.0096,0.0116,0.0117,0.0117,0.0115,0.0114,0.0113,0.0114,0.0113
New Caledonia,Manure applied to Soils,Indirect emissions (N2O),kilotonnes,0.0047,0.0046,0.0044,0.005,0.0053,0.0053,0.0048,0.0049,0.0051,0.0048,0.0051,0.0048,0.0041,0.0049,0.005,0.005,0.0049,0.0048,0.0048,0.0048,0.0048
New Caledonia,Manure applied to Soils,Emissions (N2O),kilotonnes,0.0158,0.0153,0.0149,0.0167,0.0177,0.0176,0.0161,0.0166,0.017,0.0161,0.017,0.0162,0.0136,0.0165,0.0166,0.0167,0.0164,0.0162,0.0161,0.0162,0.0161
New Caledonia,Manure applied to Soils,Emissions (CO2eq) from N2O (AR5),kilotonnes,4.1844,4.0516,3.9471,4.4327,4.6786,4.6705,4.2738,4.3862,4.5069,4.2787,4.5,4.3021,3.6166,4.3714,4.4029,4.4167,4.3345,4.294,4.2622,4.3003,4.2544
New Caledonia,Manure applied to Soils,Emissions (CO2eq) (AR5),kilotonnes,4.1844,4.0516,3.9471,4.4327,4.6786,4.6705,4.2738,4.3862,4.5069,4.2787,4.5,4.3021,3.6166,4.3714,4.4029,4.4167,4.3345,4.294,4.2622,4.3003,4.2544
New Caledonia,Synthetic Fertilizers,Direct emissions (N2O),kilotonnes,0.0047,0.0047,0.0114,0.0236,0.0094,0.0123,0.0099,0.0124,0.0085,0.0056,0.0088,0.0108,0.0121,0.0078,0.0088,0.0088,0.0088,0.0088,0.0088,0.0088,0.0088
New Caledonia,Synthetic Fertilizers,Indirect emissions (N2O),kilotonnes,0.0015,0.0015,0.0037,0.0077,0.0031,0.004,0.0032,0.004,0.0028,0.0018,0.0029,0.0035,0.0039,0.0025,0.0029,0.0029,0.0029,0.0029,0.0029,0.0029,0.0029
New Caledonia,Synthetic Fertilizers,Emissions (N2O),kilotonnes,0.0062,0.0062,0.0152,0.0313,0.0125,0.0163,0.0132,0.0164,0.0112,0.0074,0.0116,0.0143,0.0161,0.0104,0.0116,0.0116,0.0117,0.0117,0.0117,0.0117,0.0117
New Caledonia,Synthetic Fertilizers,Emissions (CO2eq) from N2O (AR5),kilotonnes,1.6553,1.6553,4.0169,8.2876,3.3161,4.3314,3.4927,4.3534,2.974,1.9643,3.0844,3.7851,4.2653,2.7533,3.0844,3.0844,3.1009,3.1009,3.1009,3.1009,3.1009
New Caledonia,Synthetic Fertilizers,Emissions (CO2eq) (AR5),kilotonnes,1.6553,1.6553,4.0169,8.2876,3.3161,4.3314,3.4927,4.3534,2.974,1.9643,3.0844,3.7851,4.2653,2.7533,3.0844,3.0844,3.1009,3.1009,3.1009,3.1009,3.1009
New Caledonia,Drained organic soils,Emissions (CO2eq) (AR5),kilotonnes,0,0,0,0,0,0,0,0,0,0,0,0,0,0,0,0,0,0,0,0,0
New Caledonia,Drained organic soils (CO2),Emissions (CO2),kilotonnes,0,0,0,0,0,0,0,0,0,0,0,0,0,0,0,0,0,0,0,0,0
New Caledonia,Drained organic soils (CO2),Emissions (CO2eq) (AR5),kilotonnes,0,0,0,0,0,0,0,0,0,0,0,0,0,0,0,0,0,0,0,0,0
New Caledonia,Drained organic soils (N2O),Emissions (N2O),kilotonnes,0,0,0,0,0,0,0,0,0,0,0,0,0,0,0,0,0,0,0,0,0
New Caledonia,Drained organic soils (N2O),Emissions (CO2eq) from N2O (AR5),kilotonnes,0,0,0,0,0,0,0,0,0,0,0,0,0,0,0,0,0,0,0,0,0
New Caledonia,Drained organic soils (N2O),Emissions (CO2eq) (AR5),kilotonnes,0,0,0,0,0,0,0,0,0,0,0,0,0,0,0,0,0,0,0,0,0
New Caledonia,On-farm energy use,Emissions (CH4),kilotonnes,0.0602,0.0515,0.0512,0.0516,0.051,0.0511,0.0714,0.0788,0.0609,0.0619,0.0722,0.0619,0.0577,0.0553,0.0505,0.046,0.0421,0.0407,0.044,0.0427,0.0427
New Caledonia,On-farm energy use,Emissions (N2O),kilotonnes,0.0045,0.0044,0.0045,0.0046,0.0048,0.0052,0.0057,0.0063,0.0059,0.0052,0.0071,0.0072,0.0073,0.0073,0.0066,0.0063,0.0067,0.0068,0.0081,0.0084,0.0084
New Caledonia,On-farm energy use,Emissions (CO2),kilotonnes,63.4218,49.9497,59.7423,63.774,89.1531,134.9516,186.2533,264.8374,209.4546,196.9728,216.1376,234.2725,209.3426,220.1452,141.9055,103.5138,79.9181,61.2409,63.3861,47.965,47.965
New Caledonia,On-farm energy use,Emissions (CO2eq) from CH4 (AR5),kilotonnes,1.6851,1.4416,1.4325,1.4451,1.428,1.4321,1.9993,2.2065,1.7039,1.7334,2.0217,1.732,1.616,1.5495,1.4138,1.2889,1.1786,1.1405,1.231,1.1955,1.1955
New Caledonia,On-farm energy use,Emissions (CO2eq) from N2O (AR5),kilotonnes,1.183,1.1643,1.1941,1.2091,1.2764,1.3774,1.499,1.675,1.5708,1.385,1.88,1.9089,1.9227,1.9443,1.7563,1.6767,1.7869,1.8128,2.1372,2.214,2.214
New Caledonia,On-farm energy use,Emissions (CO2eq) (AR5),kilotonnes,66.29,52.5556,62.369,66.4282,91.8576,137.7611,189.7517,268.719,212.7294,200.0912,220.0393,237.9135,212.8813,223.639,145.0756,106.4794,82.8836,64.1942,66.7544,51.3744,51.3744
New Caledonia,Forestland,Emissions (CO2),kilotonnes,-207.8877,-36.1947,-36.1947,-36.1947,-36.1947,-36.1947,-36.1947,-36.1947,-36.1947,-36.1947,-36.1947,0,0,0,0,0,0,0,0,0,0
New Caledonia,Forestland,Emissions (CO2eq) (AR5),kilotonnes,-207.8877,-36.1947,-36.1947,-36.1947,-36.1947,-36.1947,-36.1947,-36.1947,-36.1947,-36.1947,-36.1947,0,0,0,0,0,0,0,0,0,0
New Caledonia,Net Forest conversion,Emissions (CO2),kilotonnes,0,0,0,0,0,0,0,0,0,0,0,30.9357,30.9357,30.9357,30.9357,30.9357,30.9357,30.9357,30.9357,30.9357,30.9357
New Caledonia,Net Forest conversion,Emissions (CO2eq) (AR5),kilotonnes,0,0,0,0,0,0,0,0,0,0,0,30.9357,30.9357,30.9357,30.9357,30.9357,30.9357,30.9357,30.9357,30.9357,30.9357
New Caledonia,Savanna fires,Emissions (CH4),kilotonnes,0.0002,0,0.1729,0,0.1511,0.0691,0.0773,0,0,0,0,0.0133,0,0.0109,0.0023,0.0366,0.0425,0.0629,0.0222,0.1813,0.0111
New Caledonia,Savanna fires,Emissions (N2O),kilotonnes,0,0,0.0158,0,0.0138,0.0063,0.0071,0,0,0,0,0.0012,0,0.001,0.0002,0.0033,0.0039,0.0057,0.002,0.0166,0.001
New Caledonia,Savanna fires,Emissions (CO2eq) from CH4 (AR5),kilotonnes,0.0058,0,4.8413,0,4.2312,1.9354,2.1636,0,0,0,0,0.3736,0,0.3065,0.0634,1.0239,1.189,1.7605,0.6203,5.0764,0.3102
New Caledonia,Savanna fires,Emissions (CO2eq) from N2O (AR5),kilotonnes,0.005,0,4.1836,0,3.6563,1.6724,1.8696,0,0,0,0,0.3229,0,0.2648,0.0548,0.8848,1.0275,1.5213,0.536,4.3866,0.2681
New Caledonia,Savanna fires,Emissions (CO2eq) (AR5),kilotonnes,0.0109,0,9.0249,0,7.8875,3.6078,4.0331,0,0,0,0,0.6965,0,0.5713,0.1182,1.9087,2.2165,3.2818,1.1563,9.463,0.5783
New Caledonia,Fires in organic soils,Emissions (CH4),kilotonnes,0,0,0,0,0,0,0,0,0,0,0,0,0,0,0,0,0,0,0,0,0
New Caledonia,Fires in organic soils,Emissions (CO2),kilotonnes,0,0,0,0,0,0,0,0,0,0,0,0,0,0,0,0,0,0,0,0,0
New Caledonia,Fires in organic soils,Emissions (CO2eq) from CH4 (AR5),kilotonnes,0,0,0,0,0,0,0,0,0,0,0,0,0,0,0,0,0,0,0,0,0
New Caledonia,Fires in organic soils,Emissions (CO2eq) (AR5),kilotonnes,0,0,0,0,0,0,0,0,0,0,0,0,0,0,0,0,0,0,0,0,0
New Caledonia,Forest fires,Emissions (CH4),kilotonnes,0.0044,0,0.0373,0,0.0533,0.0533,0.0373,0,0,0,0,0,0,0,0,0.024,0,0.0959,0,0.1971,0
New Caledonia,Forest fires,Emissions (N2O),kilotonnes,0.0001,0,0.0034,0,0.0049,0.0049,0.0034,0,0,0,0,0,0,0,0,0.0022,0,0.0088,0,0.018,0
New Caledonia,Forest fires,Emissions (CO2eq) from CH4 (AR5),kilotonnes,0.1228,0,1.0443,0,1.4918,1.4919,1.0442,0,0,0,0,0,0,0,0,0.6714,0,2.6849,0,5.5195,0
New Caledonia,Forest fires,Emissions (CO2eq) from N2O (AR5),kilotonnes,0.0342,0,0.9024,0,1.2891,1.2892,0.9023,0,0,0,0,0,0,0,0,0.5801,0,2.3201,0,4.7695,0
New Caledonia,Forest fires,Emissions (CO2eq) (AR5),kilotonnes,0.157,0,1.9466,0,2.7809,2.7811,1.9465,0,0,0,0,0,0,0,0,1.2515,0,5.0051,0,10.289,0
New Caledonia,Fires in humid tropical forests,Emissions (CH4),kilotonnes,0.0044,0,0.0373,0,0.0533,0.0533,0.0373,0,0,0,0,0,0,0,0,0.024,0,0.0959,0,0.1971,0
New Caledonia,Fires in humid tropical forests,Emissions (N2O),kilotonnes,0.0001,0,0.0034,0,0.0049,0.0049,0.0034,0,0,0,0,0,0,0,0,0.0022,0,0.0088,0,0.018,0
New Caledonia,Fires in humid tropical forests,Emissions (CO2eq) from CH4 (AR5),kilotonnes,0.1228,0,1.0443,0,1.4918,1.4919,1.0442,0,0,0,0,0,0,0,0,0.6714,0,2.6849,0,5.5195,0
New Caledonia,Fires in humid tropical forests,Emissions (CO2eq) from N2O (AR5),kilotonnes,0.0342,0,0.9024,0,1.2891,1.2892,0.9023,0,0,0,0,0,0,0,0,0.5801,0,2.3201,0,4.7695,0
New Caledonia,Fires in humid tropical forests,Emissions (CO2eq) (AR5),kilotonnes,0.157,0,1.9466,0,2.7809,2.7811,1.9465,0,0,0,0,0,0,0,0,1.2515,0,5.0051,0,10.289,0
New Caledonia,Waste - agri-food systems,Emissions (CH4),kilotonnes,0.3439,0.3523,0.3599,0.3674,0.3739,0.3791,0.3841,0.3914,0.3983,0.4038,0.4118,0.42,0.4283,0.4366,0.434,0.4387,0.4379,0.4401,0.4423,0.4443,0.4463
New Caledonia,Waste - agri-food systems,Emissions (N2O),kilotonnes,0.0065,0.007,0.007,0.0071,0.0072,0.0073,0.0073,0.0076,0.0075,0.0078,0.008,0.0084,0.0086,0.0086,0.0086,0.0083,0.0082,0.0083,0.0083,0.0083,0.0083
New Caledonia,Waste - agri-food systems,Emissions (CO2),kilotonnes,0,0,0,0,0,0,0,0,0,0,0,0,0,0,0,0,0,0,0,0,0
New Caledonia,Waste - agri-food systems,Emissions (CO2eq) from CH4 (AR5),kilotonnes,9.6283,9.8638,10.0775,10.2861,10.469,10.6142,10.7557,10.9599,11.1527,11.307,11.5308,11.7606,11.9922,12.2235,12.1521,12.2837,12.2599,12.3224,12.3841,12.4401,12.4964
New Caledonia,Waste - agri-food systems,Emissions (CO2eq) from N2O (AR5),kilotonnes,1.723,1.8427,1.8462,1.8925,1.8974,1.9253,1.9429,2.025,1.9839,2.0796,2.1226,2.221,2.2863,2.2857,2.2718,2.2052,2.1767,2.1993,2.2019,2.204,2.2062
New Caledonia,Waste - agri-food systems,Emissions (CO2eq) (AR5),kilotonnes,11.3513,11.7066,11.9237,12.1786,12.3664,12.5395,12.6987,12.9849,13.1366,13.3867,13.6534,13.9816,14.2785,14.5093,14.4239,14.4889,14.4366,14.5217,14.586,14.6441,14.7026
New Caledonia,On-farm electricity use,Emissions (CH4),kilotonnes,0,0,0,0,0,0,0,0,0,0,0,0,0,0,0,0,0,0,0,0,0
New Caledonia,On-farm electricity use,Emissions (N2O),kilotonnes,0,0,0,0,0,0,0,0,0,0,0,0,0,0,0,0,0,0,0,0,0
New Caledonia,On-farm electricity use,Emissions (CO2),kilotonnes,0,0,0,0,0,0,0,0,0,0,0,0,0,0,0,0,0,0,0,0,0
New Caledonia,On-farm electricity use,Emissions (CO2eq) from CH4 (AR5),kilotonnes,0,0,0,0,0,0,0,0,0,0,0,0,0,0,0,0,0,0,0,0,0
New Caledonia,On-farm electricity use,Emissions (CO2eq) from N2O (AR5),kilotonnes,0,0,0,0,0,0,0,0,0,0,0,0,0,0,0,0,0,0,0,0,0
New Caledonia,On-farm electricity use,Emissions (CO2eq) (AR5),kilotonnes,0,0,0,0,0,0,0,0,0,0,0,0,0,0,0,0,0,0,0,0,0
New Caledonia,Farm-gate emissions,Emissions (CH4),kilotonnes,7.5986,7.577,7.818,7.6331,7.8667,7.0337,6.3351,6.4838,6.5226,6.5027,6.5127,6.5184,6.0537,6.5901,6.6442,6.4831,6.2391,6.2327,6.1946,6.3105,6.1
New Caledonia,Farm-gate emissions,Direct emissions (N2O),kilotonnes,0.2138,0.2132,0.2216,0.2348,0.2212,0.2038,0.1787,0.1869,0.183,0.1791,0.1829,0.1841,0.1746,0.1839,0.1867,0.1815,0.175,0.1745,0.1744,0.173,0.1718
New Caledonia,Farm-gate emissions,Indirect emissions (N2O),kilotonnes,0.05,0.0497,0.0521,0.0566,0.0522,0.0485,0.0429,0.045,0.0438,0.0425,0.0437,0.0441,0.0419,0.0435,0.0442,0.0432,0.0417,0.0416,0.0416,0.0413,0.041
New Caledonia,Farm-gate emissions,Emissions (N2O),kilotonnes,0.2944,0.2932,0.3199,0.3225,0.3193,0.2892,0.2571,0.2618,0.2566,0.2504,0.2576,0.2603,0.245,0.2599,0.2621,0.2581,0.2504,0.2516,0.2488,0.262,0.2448
New Caledonia,Farm-gate emissions,Emissions (CO2),kilotonnes,63.4218,49.9497,59.7423,63.774,89.1531,134.9516,186.2533,264.8374,209.4546,196.9728,216.1376,234.2725,209.3426,220.1452,141.9055,103.5138,79.9181,61.2409,63.3861,47.965,47.965
New Caledonia,Farm-gate emissions,Emissions (CO2eq) from CH4 (AR5),kilotonnes,212.7611,212.1561,218.9051,213.7275,220.2663,196.9442,177.3829,181.5478,182.6321,182.0766,182.357,182.5141,169.5036,184.5216,186.0365,181.5281,174.694,174.516,173.4497,176.6941,170.7995
New Caledonia,Farm-gate emissions,Emissions (CO2eq) from N2O (AR5),kilotonnes,78.0082,77.7009,84.777,85.4604,84.6153,76.6433,68.1308,69.3821,68.012,66.3533,68.2528,68.969,64.9349,68.8662,69.4584,68.3922,66.3478,66.6655,65.938,69.4284,64.8594
New Caledonia,Farm-gate emissions,Emissions (CO2eq) (AR5),kilotonnes,354.1911,339.8067,363.4245,362.9619,394.0348,408.5391,431.767,515.7673,460.0988,445.4027,466.7474,485.7556,443.7812,473.533,397.4004,353.4342,320.9599,302.4224,302.7738,294.0875,283.6238
New Caledonia,Land Use change,Emissions (CH4),kilotonnes,0.0044,0,0.0373,0,0.0533,0.0533,0.0373,0,0,0,0,0,0,0,0,0.024,0,0.0959,0,0.1971,0
New Caledonia,Land Use change,Emissions (N2O),kilotonnes,0.0001,0,0.0034,0,0.0049,0.0049,0.0034,0,0,0,0,0,0,0,0,0.0022,0,0.0088,0,0.018,0
New Caledonia,Land Use change,Emissions (CO2),kilotonnes,0,0,0,0,0,0,0,0,0,0,0,30.9357,30.9357,30.9357,30.9357,30.9357,30.9357,30.9357,30.9357,30.9357,30.9357
New Caledonia,Land Use change,Emissions (CO2eq) from CH4 (AR5),kilotonnes,0.1228,0,1.0443,0,1.4918,1.4919,1.0442,0,0,0,0,0,0,0,0,0.6714,0,2.6849,0,5.5195,0
New Caledonia,Land Use change,Emissions (CO2eq) from N2O (AR5),kilotonnes,0.0342,0,0.9024,0,1.2891,1.2892,0.9023,0,0,0,0,0,0,0,0,0.5801,0,2.3201,0,4.7695,0
New Caledonia,Land Use change,Emissions (CO2eq) (AR5),kilotonnes,0.157,0,1.9466,0,2.7809,2.7811,1.9465,0,0,0,0,30.9357,30.9357,30.9357,30.9357,32.1872,30.9357,35.9407,30.9357,41.2247,30.9357
New Caledonia,Emissions on agricultural land,Emissions (CH4),kilotonnes,7.603,7.577,7.8553,7.6331,7.9199,7.087,6.3724,6.4838,6.5226,6.5027,6.5127,6.5184,6.0537,6.5901,6.6442,6.5071,6.2391,6.3286,6.1946,6.5076,6.1
New Caledonia,Emissions on agricultural land,Emissions (N2O),kilotonnes,0.2945,0.2932,0.3233,0.3225,0.3242,0.2941,0.2605,0.2618,0.2566,0.2504,0.2576,0.2603,0.245,0.2599,0.2621,0.2603,0.2504,0.2603,0.2488,0.28,0.2448
New Caledonia,Emissions on agricultural land,Emissions (CO2),kilotonnes,63.4218,49.9497,59.7423,63.774,89.1531,134.9516,186.2533,264.8374,209.4546,196.9728,216.1376,265.2082,240.2783,251.0809,172.8411,134.4495,110.8538,92.1766,94.3218,78.9006,78.9006
New Caledonia,Emissions on agricultural land,Emissions (CO2eq) from CH4 (AR5),kilotonnes,212.8839,212.1561,219.9494,213.7275,221.7581,198.4361,178.427,181.5478,182.6321,182.0766,182.357,182.5141,169.5036,184.5216,186.0365,182.1995,174.694,177.2009,173.4497,182.2136,170.7995
New Caledonia,Emissions on agricultural land,Emissions (CO2eq) from N2O (AR5),kilotonnes,78.0424,77.7009,85.6794,85.4604,85.9044,77.9325,69.0331,69.3821,68.012,66.3533,68.2528,68.969,64.9349,68.8662,69.4584,68.9723,66.3478,68.9856,65.938,74.1979,64.8594
New Caledonia,Emissions on agricultural land,Emissions (CO2eq) (AR5),kilotonnes,354.3481,339.8067,365.3711,362.9619,396.8156,411.3203,433.7135,515.7673,460.0988,445.4027,466.7474,516.6913,474.7168,504.4687,428.3361,385.6213,351.8956,338.3631,333.7094,335.3121,314.5595
New Caledonia,Pre- and post- production,Emissions (CH4),kilotonnes,0.3439,0.3523,0.3599,0.3674,0.3739,0.3791,0.3841,0.3914,0.3983,0.4038,0.4118,0.42,0.4283,0.4366,0.434,0.4387,0.4379,0.4401,0.4423,0.4443,0.4463
New Caledonia,Pre- and post- production,Emissions (N2O),kilotonnes,0.0065,0.007,0.007,0.0071,0.0072,0.0073,0.0073,0.0076,0.0075,0.0078,0.008,0.0084,0.0086,0.0086,0.0086,0.0083,0.0082,0.0083,0.0083,0.0083,0.0083
New Caledonia,Pre- and post- production,Emissions (CO2),kilotonnes,0,0,0,0,0,0,0,0,0,0,0,0,0,0,0,0,0,0,0,0,0
New Caledonia,Pre- and post- production,Emissions (CO2eq) from CH4 (AR5),kilotonnes,9.6283,9.8638,10.0775,10.2861,10.469,10.6142,10.7557,10.9599,11.1527,11.307,11.5308,11.7606,11.9922,12.2235,12.1521,12.2837,12.2599,12.3224,12.3841,12.4401,12.4964
New Caledonia,Pre- and post- production,Emissions (CO2eq) from N2O (AR5),kilotonnes,1.723,1.8427,1.8462,1.8925,1.8974,1.9253,1.9429,2.025,1.9839,2.0796,2.1226,2.221,2.2863,2.2857,2.2718,2.2052,2.1767,2.1993,2.2019,2.204,2.2062
New Caledonia,Pre- and post- production,Emissions (CO2eq) (AR5),kilotonnes,11.3513,11.7066,11.9237,12.1786,12.3664,12.5395,12.6987,12.9849,13.1366,13.3867,13.6534,13.9816,14.2785,14.5093,14.4239,14.4889,14.4366,14.5217,14.586,14.6441,14.7026
New Caledonia,Agri-food systems,Emissions (CH4),kilotonnes,7.9469,7.9293,8.2152,8.0005,8.2938,7.4661,6.7565,6.8753,6.9209,6.9066,6.9246,6.9384,6.482,7.0266,7.0782,6.9458,6.6769,6.7687,6.6369,6.9519,6.5463
New Caledonia,Agri-food systems,Emissions (N2O),kilotonnes,0.301,0.3002,0.3303,0.3296,0.3313,0.3014,0.2678,0.2695,0.2641,0.2582,0.2656,0.2686,0.2537,0.2685,0.2707,0.2686,0.2586,0.2686,0.2571,0.2883,0.2531
New Caledonia,Agri-food systems,Emissions (CO2),kilotonnes,63.4218,49.9497,59.7423,63.774,89.1531,134.9516,186.2533,264.8374,209.4546,196.9728,216.1376,265.2082,240.2783,251.0809,172.8411,134.4495,110.8538,92.1766,94.3218,78.9006,78.9006
New Caledonia,Agri-food systems,Emissions (CO2eq) from CH4 (AR5),kilotonnes,222.5121,222.0199,230.0269,224.0137,232.2271,209.0503,189.1828,192.5077,193.7848,193.3837,193.8878,194.2747,181.4958,196.7451,198.1886,194.4832,186.9539,189.5234,185.8338,194.6537,183.2958
New Caledonia,Agri-food systems,Emissions (CO2eq) from N2O (AR5),kilotonnes,79.7654,79.5437,87.5256,87.3529,87.8018,79.8579,70.976,71.4071,69.9959,68.4329,70.3754,71.19,67.2212,71.152,71.7303,71.1775,68.5245,71.1849,68.1398,76.4019,67.0656
New Caledonia,Agri-food systems,Emissions (CO2eq) (AR5),kilotonnes,365.6994,351.5132,377.2948,375.1406,409.182,423.8598,446.4121,528.7522,473.2353,458.7894,480.4008,530.6729,488.9954,518.9779,442.76,400.1102,366.3322,352.8849,348.2954,349.9562,329.2621
New Caledonia,IPCC Agriculture,Emissions (CH4),kilotonnes,7.5384,7.5255,7.7669,7.5815,7.8157,6.9826,6.2637,6.405,6.4617,6.4408,6.4405,6.4565,5.996,6.5347,6.5937,6.4371,6.197,6.192,6.1507,6.2678,6.0573
New Caledonia,IPCC Agriculture,Direct emissions (N2O),kilotonnes,0.2138,0.2132,0.2216,0.2348,0.2212,0.2038,0.1787,0.1869,0.183,0.1791,0.1829,0.1841,0.1746,0.1839,0.1867,0.1815,0.175,0.1745,0.1744,0.173,0.1718
New Caledonia,IPCC Agriculture,Indirect emissions (N2O),kilotonnes,0.05,0.0497,0.0521,0.0566,0.0522,0.0485,0.0429,0.045,0.0438,0.0425,0.0437,0.0441,0.0419,0.0435,0.0442,0.0432,0.0417,0.0416,0.0416,0.0413,0.041
New Caledonia,IPCC Agriculture,Emissions (N2O),kilotonnes,0.2899,0.2888,0.3154,0.3179,0.3145,0.284,0.2514,0.2555,0.2507,0.2452,0.2505,0.2531,0.2378,0.2525,0.2555,0.2518,0.2436,0.2447,0.2408,0.2536,0.2364
New Caledonia,IPCC Agriculture,Emissions (CO2eq) from CH4 (AR5),kilotonnes,211.076,210.7144,217.4726,212.2824,218.8384,195.5121,175.3835,179.3412,180.9282,180.3432,180.3353,180.7821,167.8877,182.9721,184.6227,180.2392,173.5154,173.3755,172.2187,175.4987,169.604
New Caledonia,IPCC Agriculture,Emissions (CO2eq) from N2O (AR5),kilotonnes,76.8252,76.5366,83.5829,84.2513,83.3388,75.266,66.6317,67.7071,66.4412,64.9683,66.3728,67.0601,63.0122,66.9219,67.7022,66.7155,64.5609,64.8527,63.8007,67.2144,62.6454
New Caledonia,IPCC Agriculture,Emissions (CO2eq) (AR5),kilotonnes,287.9012,287.2511,301.0555,296.5337,302.1772,270.778,242.0153,247.0483,247.3694,245.3116,246.7081,247.8421,230.8999,249.894,252.3249,246.9547,238.0763,238.2282,236.0194,242.7131,232.2494
New Caledonia,Agricultural Soils,Direct emissions (N2O),kilotonnes,0.2138,0.2132,0.2216,0.2348,0.2212,0.2038,0.1787,0.1869,0.183,0.1791,0.1829,0.1841,0.1746,0.1839,0.1867,0.1815,0.175,0.1745,0.1744,0.173,0.1718
New Caledonia,Agricultural Soils,Indirect emissions (N2O),kilotonnes,0.05,0.0497,0.0521,0.0566,0.0522,0.0485,0.0429,0.045,0.0438,0.0425,0.0437,0.0441,0.0419,0.0435,0.0442,0.0432,0.0417,0.0416,0.0416,0.0413,0.041
New Caledonia,Agricultural Soils,Emissions (N2O),kilotonnes,0.2638,0.2629,0.2737,0.2914,0.2734,0.2523,0.2217,0.232,0.2268,0.2216,0.2266,0.2282,0.2165,0.2275,0.231,0.2247,0.2168,0.2161,0.2159,0.2143,0.2128
New Caledonia,Agricultural Soils,Emissions (CO2eq) from N2O (AR5),kilotonnes,69.9024,69.6729,72.5232,77.2083,72.4572,66.8573,58.7414,61.4752,60.1001,58.7329,60.0569,60.4835,57.3752,60.2841,61.213,59.5397,57.442,57.2779,57.2213,56.7979,56.3899
New Caledonia,Agricultural Soils,Emissions (CO2eq) (AR5),kilotonnes,69.9024,69.6729,72.5232,77.2083,72.4572,66.8573,58.7414,61.4752,60.1001,58.7329,60.0569,60.4835,57.3752,60.2841,61.213,59.5397,57.442,57.2779,57.2213,56.7979,56.3899
New Caledonia,LULUCF,Emissions (CH4),kilotonnes,0.0044,0,0.0373,0,0.0533,0.0533,0.0373,0,0,0,0,0,0,0,0,0.024,0,0.0959,0,0.1971,0
New Caledonia,LULUCF,Emissions (N2O),kilotonnes,0.0001,0,0.0034,0,0.0049,0.0049,0.0034,0,0,0,0,0,0,0,0,0.0022,0,0.0088,0,0.018,0
New Caledonia,LULUCF,Emissions (CO2),kilotonnes,-207.8877,-36.1947,-36.1947,-36.1947,-36.1947,-36.1947,-36.1947,-36.1947,-36.1947,-36.1947,-36.1947,30.9357,30.9357,30.9357,30.9357,30.9357,30.9357,30.9357,30.9357,30.9357,30.9357
New Caledonia,LULUCF,Emissions (CO2eq) from CH4 (AR5),kilotonnes,0.1228,0,1.0443,0,1.4918,1.4919,1.0442,0,0,0,0,0,0,0,0,0.6714,0,2.6849,0,5.5195,0
New Caledonia,LULUCF,Emissions (CO2eq) from N2O (AR5),kilotonnes,0.0342,0,0.9024,0,1.2891,1.2892,0.9023,0,0,0,0,0,0,0,0,0.5801,0,2.3201,0,4.7695,0
New Caledonia,LULUCF,Emissions (CO2eq) (AR5),kilotonnes,-207.7307,-36.1947,-34.2481,-36.1947,-33.4139,-33.4136,-34.2482,-36.1947,-36.1947,-36.1947,-36.1947,30.9357,30.9357,30.9357,30.9357,32.1872,30.9357,35.9407,30.9357,41.2247,30.9357
New Caledonia,AFOLU,Emissions (CH4),kilotonnes,7.5428,7.5255,7.8042,7.5815,7.8689,7.0359,6.301,6.405,6.4617,6.4408,6.4405,6.4565,5.996,6.5347,6.5937,6.4611,6.197,6.2879,6.1507,6.4649,6.0573
New Caledonia,AFOLU,Emissions (N2O),kilotonnes,0.29,0.2888,0.3188,0.3179,0.3194,0.2889,0.2548,0.2555,0.2507,0.2452,0.2505,0.2531,0.2378,0.2525,0.2555,0.2539,0.2436,0.2535,0.2408,0.2716,0.2364
New Caledonia,AFOLU,Emissions (CO2),kilotonnes,-207.8877,-36.1947,-36.1947,-36.1947,-36.1947,-36.1947,-36.1947,-36.1947,-36.1947,-36.1947,-36.1947,30.9357,30.9357,30.9357,30.9357,30.9357,30.9357,30.9357,30.9357,30.9357,30.9357
New Caledonia,AFOLU,Emissions (CO2eq) from CH4 (AR5),kilotonnes,211.1987,210.7144,218.5169,212.2824,220.3301,197.004,176.4277,179.3412,180.9282,180.3432,180.3353,180.7821,167.8877,182.9721,184.6227,180.9106,173.5154,176.0605,172.2187,181.0181,169.604
New Caledonia,AFOLU,Emissions (CO2eq) from N2O (AR5),kilotonnes,76.8594,76.5366,84.4853,84.2513,84.6279,76.5552,67.5341,67.7071,66.4412,64.9683,66.3728,67.0601,63.0122,66.9219,67.7022,67.2956,64.5609,67.1728,63.8007,71.9839,62.6454
New Caledonia,AFOLU,Emissions (CO2eq) (AR5),kilotonnes,80.1705,251.0563,266.8074,260.339,268.7633,237.3644,207.767,210.8536,211.1747,209.1168,210.5134,278.7778,261.8356,280.8297,283.2605,279.1419,269.012,274.169,266.9551,283.9377,263.1851
New Caledonia,All sectors with LULUCF,Emissions (CH4),kilotonnes,7.5428,7.5255,7.8042,7.5815,7.8689,7.0359,6.301,6.405,6.4617,6.4408,6.4405,6.4565,5.996,6.5347,6.5937,6.4611,6.197,6.2879,6.1507,6.4649,6.0573
New Caledonia,All sectors with LULUCF,Emissions (N2O),kilotonnes,0.29,0.2888,0.3188,0.3179,0.3194,0.2889,0.2548,0.2555,0.2507,0.2452,0.2505,0.2531,0.2378,0.2525,0.2555,0.2539,0.2436,0.2535,0.2408,0.2716,0.2364
New Caledonia,All sectors with LULUCF,Emissions (CO2),kilotonnes,-207.8877,-36.1947,-36.1947,-36.1947,-36.1947,-36.1947,-36.1947,-36.1947,-36.1947,-36.1947,-36.1947,30.9357,30.9357,30.9357,30.9357,30.9357,30.9357,30.9357,30.9357,30.9357,30.9357
New Caledonia,All sectors with LULUCF,Emissions (CO2eq) from CH4 (AR5),kilotonnes,211.1987,210.7144,218.5169,212.2824,220.3301,197.004,176.4277,179.3412,180.9282,180.3432,180.3353,180.7821,167.8877,182.9721,184.6227,180.9106,173.5154,176.0605,172.2187,181.0181,169.604
New Caledonia,All sectors with LULUCF,Emissions (CO2eq) from N2O (AR5),kilotonnes,76.8594,76.5366,84.4853,84.2513,84.6279,76.5552,67.5341,67.7071,66.4412,64.9683,66.3728,67.0601,63.0122,66.9219,67.7022,67.2956,64.5609,67.1728,63.8007,71.9839,62.6454
New Caledonia,All sectors with LULUCF,Emissions (CO2eq) (AR5),kilotonnes,80.1705,251.0563,266.8074,260.339,268.7633,237.3644,207.767,210.8536,211.1747,209.1168,210.5134,278.7778,261.8356,280.8297,283.2605,279.1419,269.012,274.169,266.9551,283.9377,263.1851
New Caledonia,All sectors without LULUCF,Emissions (CH4),kilotonnes,7.5384,7.5255,7.7669,7.5815,7.8157,6.9826,6.2637,6.405,6.4617,6.4408,6.4405,6.4565,5.996,6.5347,6.5937,6.4371,6.197,6.192,6.1507,6.2678,6.0573
New Caledonia,All sectors without LULUCF,Emissions (N2O),kilotonnes,0.2899,0.2888,0.3154,0.3179,0.3145,0.284,0.2514,0.2555,0.2507,0.2452,0.2505,0.2531,0.2378,0.2525,0.2555,0.2518,0.2436,0.2447,0.2408,0.2536,0.2364
New Caledonia,All sectors without LULUCF,Emissions (CO2eq) from CH4 (AR5),kilotonnes,211.076,210.7144,217.4726,212.2824,218.8384,195.5121,175.3835,179.3412,180.9282,180.3432,180.3353,180.7821,167.8877,182.9721,184.6227,180.2392,173.5154,173.3755,172.2187,175.4987,169.604
New Caledonia,All sectors without LULUCF,Emissions (CO2eq) from N2O (AR5),kilotonnes,76.8252,76.5366,83.5829,84.2513,83.3388,75.266,66.6317,67.7071,66.4412,64.9683,66.3728,67.0601,63.0122,66.9219,67.7022,66.7155,64.5609,64.8527,63.8007,67.2144,62.6454
New Caledonia,All sectors without LULUCF,Emissions (CO2eq) (AR5),kilotonnes,287.9012,287.2511,301.0555,296.5337,302.1772,270.778,242.0153,247.0483,247.3694,245.3116,246.7081,247.8421,230.8999,249.894,252.3249,246.9547,238.0763,238.2282,236.0194,242.7131,232.2494
New Zealand,Crop Residues,Direct emissions (N2O),kilotonnes,0.1581,0.174,0.1741,0.1711,0.1367,0.1576,0.1437,0.1678,0.1807,0.2039,0.1836,0.1829,0.2138,0.2009,0.1965,0.2001,0.1964,0.1681,0.1776,0.1847,0.1858
New Zealand,Crop Residues,Direct emissions (N2O),kilotonnes,0.7891,0.7728,0.7824,0.7893,0.7826,0.8469,0.8137,0.816,0.8507,0.8743,0.8276,0.8533,0.8616,0.8458,0.8935,0.8542,0.8594,0.8478,0.8581,0.8616,0.8679
New Zealand,Crop Residues,Indirect emissions (N2O),kilotonnes,0.0356,0.0391,0.0392,0.0385,0.0308,0.0355,0.0323,0.0377,0.0407,0.0459,0.0413,0.0412,0.0481,0.0452,0.0442,0.045,0.0442,0.0378,0.04,0.0415,0.0418
New Zealand,Crop Residues,Emissions (N2O),kilotonnes,0.1937,0.2131,0.2133,0.2096,0.1675,0.1931,0.176,0.2055,0.2213,0.2497,0.2249,0.2241,0.2619,0.2461,0.2407,0.2452,0.2406,0.2059,0.2175,0.2262,0.2276
New Zealand,Crop Residues,Emissions (N2O),kilotonnes,0.7891,0.7728,0.7824,0.7893,0.7826,0.8469,0.8137,0.816,0.8507,0.8743,0.8276,0.8533,0.8616,0.8458,0.8935,0.8542,0.8594,0.8478,0.8581,0.8616,0.8679
New Zealand,Crop Residues,Emissions (CO2eq) from N2O (AR5),kilotonnes,51.3256,56.4718,56.5267,55.5324,44.3744,51.1592,46.6332,54.4596,58.6547,66.1824,59.6062,59.3891,69.4066,65.2267,63.7973,64.9671,63.7693,54.5608,57.6504,59.9437,60.3162
New Zealand,Crop Residues,Emissions (CO2eq) from N2O (AR5),kilotonnes,209.1055,204.7833,207.3304,209.1681,207.3814,224.4313,215.6192,216.2502,225.4271,231.6954,219.3164,226.1327,228.3199,224.1373,236.7699,226.3744,227.7506,224.6552,227.3918,228.3199,229.9836
New Zealand,Crop Residues,Emissions (CO2eq) (AR5),kilotonnes,51.3256,56.4718,56.5267,55.5324,44.3744,51.1592,46.6332,54.4596,58.6547,66.1824,59.6062,59.3891,69.4066,65.2267,63.7973,64.9671,63.7693,54.5608,57.6504,59.9437,60.3162
New Zealand,Crop Residues,Emissions (CO2eq) (AR5),kilotonnes,209.1055,204.7833,207.3304,209.1681,207.3814,224.4313,215.6192,216.2502,225.4271,231.6954,219.3164,226.1327,228.3199,224.1373,236.7699,226.3744,227.7506,224.6552,227.3918,228.3199,229.9836
New Zealand,Burning - Crop residues,Emissions (CH4),kilotonnes,0.1045,0.0988,0.0981,0.0985,0.0969,0.0945,0.0942,0.0898,0.0951,0.1164,0.1065,0.1067,0.1116,0.1034,0.11,0.1049,0.1025,0.0915,0.0916,0.0937,0.0914
New Zealand,Burning - Crop residues,Emissions (CH4),kilotonnes,0.9362,1.0392,1.0266,0.9808,0.73,0.8751,0.8281,1.0293,0.8497,0.8358,0.9594,0.6524,1.0408,1.0756,0.897,0.6104,0.7966,0.774,0.629,0.8011,0.799
New Zealand,Burning - Crop residues,Emissions (N2O),kilotonnes,0.0027,0.0026,0.0025,0.0026,0.0025,0.0025,0.0024,0.0023,0.0025,0.003,0.0028,0.0028,0.0029,0.0027,0.0029,0.0027,0.0027,0.0024,0.0024,0.0024,0.0024
New Zealand,Burning - Crop residues,Emissions (N2O),kilotonnes,0.0163,0.0181,0.018,0.0171,0.0127,0.0152,0.0144,0.0179,0.0148,0.0146,0.0166,0.0114,0.0181,0.0187,0.0156,0.0106,0.0138,0.0134,0.011,0.0139,0.0139
New Zealand,Burning - Crop residues,Emissions (CO2eq) from CH4 (AR5),kilotonnes,2.9257,2.767,2.7459,2.7587,2.7146,2.6461,2.6362,2.5133,2.6634,3.2583,2.9826,2.9865,3.1255,2.8961,3.0811,2.9372,2.8706,2.562,2.5637,2.6224,2.5582
New Zealand,Burning - Crop residues,Emissions (CO2eq) from CH4 (AR5),kilotonnes,26.2125,29.0985,28.7442,27.4612,20.4412,24.5018,23.188,28.8199,23.7905,23.4027,26.8642,18.2665,29.1432,30.1171,25.1162,17.0921,22.3045,21.6712,17.6109,22.4296,22.3713
New Zealand,Burning - Crop residues,Emissions (CO2eq) from N2O (AR5),kilotonnes,0.7179,0.6789,0.6738,0.6769,0.6661,0.6493,0.6469,0.6167,0.6535,0.7995,0.7318,0.7328,0.7669,0.7106,0.756,0.7207,0.7044,0.6286,0.6291,0.6435,0.6277
New Zealand,Burning - Crop residues,Emissions (CO2eq) from N2O (AR5),kilotonnes,4.3191,4.7935,4.7641,4.5361,3.3673,4.0363,3.8268,4.7482,3.9291,3.8609,4.412,3.0085,4.7909,4.9568,4.1387,2.8182,3.6679,3.5593,2.9023,3.6936,3.6708
New Zealand,Burning - Crop residues,Emissions (CO2eq) (AR5),kilotonnes,3.6436,3.4459,3.4196,3.4356,3.3806,3.2953,3.2831,3.13,3.3169,4.0578,3.7145,3.7193,3.8923,3.6067,3.8371,3.6579,3.575,3.1906,3.1928,3.2659,3.1858
New Zealand,Burning - Crop residues,Emissions (CO2eq) (AR5),kilotonnes,30.5316,33.8921,33.5083,31.9973,23.8085,28.5381,27.0148,33.5681,27.7196,27.2636,31.2763,21.2749,33.9341,35.0739,29.255,19.9103,25.9724,25.2305,20.5132,26.1232,26.0421
New Zealand,Enteric Fermentation,Emissions (CH4),kilotonnes,981.8859,986.3457,1010.8016,1020.8645,1015.9373,1015.3933,1023.7177,1014.2672,988.1421,997.0364,994.8751,996.7365,1013.146,1009.2406,1017.6409,988.1374,987.6769,981.972,976.704,971.4556,959.8305
New Zealand,Enteric Fermentation,Emissions (CH4),kilotonnes,1175.1366,1187.551,1177.8878,1192.8346,1192.8416,1201.3394,1207.7573,1174.9911,1129.5591,1133.2757,1131.5896,1144.5496,1167.9038,1170.5047,1179.2397,1160.9025,1147.1045,1148.2583,1153.6934,1158.6017,1153.2609
New Zealand,Enteric Fermentation,Emissions (CO2eq) from CH4 (AR5),kilotonnes,27492.8055,27617.6805,28302.4457,28584.2057,28446.2442,28431.0124,28664.0944,28399.4827,27667.9784,27917.0179,27856.5017,27908.621,28368.0877,28258.7364,28493.9444,27667.846,27654.9529,27495.2151,27347.7127,27200.7557,26875.2529
New Zealand,Enteric Fermentation,Emissions (CO2eq) from CH4 (AR5),kilotonnes,32903.8253,33251.429,32980.8576,33399.3691,33399.564,33637.5043,33817.2036,32899.7521,31627.6548,31731.7187,31684.5091,32047.3879,32701.3051,32774.1317,33018.7118,32505.271,32118.9252,32151.2324,32303.4163,32440.8466,32291.3059
New Zealand,Enteric Fermentation,Emissions (CO2eq) (AR5),kilotonnes,27492.8055,27617.6805,28302.4457,28584.2057,28446.2442,28431.0124,28664.0944,28399.4827,27667.9784,27917.0179,27856.5017,27908.621,28368.0877,28258.7364,28493.9444,27667.846,27654.9529,27495.2151,27347.7127,27200.7557,26875.2529
New Zealand,Enteric Fermentation,Emissions (CO2eq) (AR5),kilotonnes,32903.8253,33251.429,32980.8576,33399.3691,33399.564,33637.5043,33817.2036,32899.7521,31627.6548,31731.7187,31684.5091,32047.3879,32701.3051,32774.1317,33018.7118,32505.271,32118.9252,32151.2324,32303.4163,32440.8466,32291.3059
New Zealand,Manure Management,Emissions (CH4),kilotonnes,96.4732,101.0299,105.5956,110.1299,113.9605,113.4882,114.4516,115.023,117.7857,123.4517,125.1784,127.9947,132.3609,131.9659,135.6842,132.324,135.3045,131.9822,131.3093,127.9035,126.555
New Zealand,Manure Management,Emissions (CH4),kilotonnes,36.6865,38.3202,39.1088,40.5667,41.4551,41.8369,42.886,43.1988,44.0084,46.7621,49.5315,53.305,57.5579,61.5394,65.3683,64.9983,64.6337,64.6457,64.9919,64.8934,64.8202
New Zealand,Manure Management,Emissions (N2O),kilotonnes,1.4947,1.5219,1.5948,1.5921,1.5456,1.5238,1.5356,1.5494,1.5379,1.5535,1.5293,1.5447,1.555,1.554,1.5745,1.5217,1.5326,1.5536,1.552,1.5732,1.5623
New Zealand,Manure Management,Emissions (N2O),kilotonnes,0.2201,0.2294,0.2324,0.2481,0.26,0.2562,0.2629,0.2712,0.2729,0.288,0.3091,0.3319,0.3558,0.3807,0.39,0.392,0.3868,0.3936,0.3955,0.3906,0.3861
New Zealand,Manure Management,Emissions (CO2eq) from CH4 (AR5),kilotonnes,2701.2483,2828.8377,2956.6763,3083.6381,3190.895,3177.67,3204.645,3220.6439,3297.9988,3456.6485,3504.9938,3583.8508,3706.1054,3695.0464,3799.1583,3705.0726,3788.5272,3695.5016,3676.66,3581.2976,3543.5407
New Zealand,Manure Management,Emissions (CO2eq) from CH4 (AR5),kilotonnes,1027.2234,1072.9648,1095.0466,1135.8681,1160.743,1171.4323,1200.8086,1209.5661,1232.2345,1309.3382,1386.8815,1492.5402,1611.6216,1723.1038,1830.3126,1819.9521,1809.7428,1810.0807,1819.7745,1817.0158,1814.9666
New Zealand,Manure Management,Emissions (CO2eq) from N2O (AR5),kilotonnes,396.1057,403.3087,422.612,421.9067,409.5941,403.8026,406.9301,410.5808,407.5441,411.6802,405.2759,409.3579,412.0753,411.8116,417.2478,403.262,406.1389,411.6977,411.2876,416.9112,413.9981
New Zealand,Manure Management,Emissions (CO2eq) from N2O (AR5),kilotonnes,58.3242,60.7981,61.5911,65.7575,68.8917,67.8967,69.6807,71.8748,72.3281,76.3251,81.9098,87.959,94.2984,100.8925,103.358,103.8723,102.4899,104.3095,104.8028,103.5012,102.3179
New Zealand,Manure Management,Emissions (CO2eq) (AR5),kilotonnes,3097.354,3232.1464,3379.2883,3505.5448,3600.4891,3581.4726,3611.5751,3631.2247,3705.543,3868.3288,3910.2697,3993.2087,4118.1808,4106.858,4216.4062,4108.3346,4194.666,4107.1992,4087.9477,3998.2088,3957.5388
New Zealand,Manure Management,Emissions (CO2eq) (AR5),kilotonnes,1085.5476,1133.7629,1156.6377,1201.6257,1229.6347,1239.329,1270.4894,1281.4409,1304.5625,1385.6633,1468.7913,1580.4992,1705.92,1823.9963,1933.6705,1923.8244,1912.2327,1914.3903,1924.5774,1920.517,1917.2845
New Zealand,Manure left on Pasture,Direct emissions (N2O),kilotonnes,29.5747,29.3645,29.9037,30.0736,29.7839,29.82,30.051,29.6197,28.3779,28.3138,28.2199,28.0595,28.4142,28.2642,28.3112,27.4818,27.2498,27.1833,27.0328,26.9329,26.5598
New Zealand,Manure left on Pasture,Indirect emissions (N2O),kilotonnes,9.1298,8.934,9.0185,9.0557,8.9724,9.0202,9.0813,8.8799,8.3223,8.1943,8.1871,8.0557,8.1402,8.0759,8.0206,7.7957,7.6473,7.6278,7.5795,7.5264,7.3944
New Zealand,Manure left on Pasture,Emissions (N2O),kilotonnes,38.7044,38.2985,38.9222,39.1293,38.7562,38.8402,39.1323,38.4995,36.7002,36.5081,36.407,36.1152,36.5543,36.3401,36.3318,35.2775,34.8971,34.8111,34.6123,34.4594,33.9542
New Zealand,Manure left on Pasture,Emissions (CO2eq) from N2O (AR5),kilotonnes,10256.6778,10149.098,10314.3956,10369.2759,10270.398,10292.6523,10370.0532,10202.372,9725.5425,9674.6423,9647.8562,9570.5293,9686.8991,9630.1328,9627.9192,9348.5449,9247.7414,9224.9509,9172.2668,9131.7372,8997.8657
New Zealand,Manure left on Pasture,Emissions (CO2eq) (AR5),kilotonnes,10256.6778,10149.098,10314.3956,10369.2759,10270.398,10292.6523,10370.0532,10202.372,9725.5425,9674.6423,9647.8562,9570.5293,9686.8991,9630.1328,9627.9192,9348.5449,9247.7414,9224.9509,9172.2668,9131.7372,8997.8657
New Zealand,Manure applied to Soils,Direct emissions (N2O),kilotonnes,0.8531,0.8833,0.9604,0.9781,0.979,0.9729,0.9706,0.9897,1.0051,1.0293,1.0341,1.0528,1.078,1.076,1.1056,1.0816,1.1078,1.1023,1.1008,1.0929,1.0854
New Zealand,Manure applied to Soils,Direct emissions (N2O),kilotonnes,0.1573,0.1634,0.167,0.18,0.1897,0.1869,0.1878,0.1913,0.1904,0.1937,0.2042,0.2149,0.2261,0.2382,0.2454,0.2492,0.2502,0.2565,0.2582,0.2582,0.2558
New Zealand,Manure applied to Soils,Indirect emissions (N2O),kilotonnes,0.3626,0.3754,0.4082,0.4157,0.4161,0.4135,0.4125,0.4206,0.4272,0.4375,0.4395,0.4474,0.4581,0.4573,0.4699,0.4597,0.4708,0.4685,0.4678,0.4645,0.4613
New Zealand,Manure applied to Soils,Emissions (N2O),kilotonnes,1.2157,1.2587,1.3686,1.3937,1.3951,1.3864,1.3831,1.4104,1.4323,1.4668,1.4736,1.5002,1.5361,1.5333,1.5755,1.5413,1.5786,1.5708,1.5687,1.5573,1.5467
New Zealand,Manure applied to Soils,Emissions (N2O),kilotonnes,0.1573,0.1634,0.167,0.18,0.1897,0.1869,0.1878,0.1913,0.1904,0.1937,0.2042,0.2149,0.2261,0.2382,0.2454,0.2492,0.2502,0.2565,0.2582,0.2582,0.2558
New Zealand,Manure applied to Soils,Emissions (CO2eq) from N2O (AR5),kilotonnes,322.1487,333.5563,362.6681,369.3417,369.7057,367.3963,366.526,373.7453,379.5661,388.6915,390.4999,397.5465,407.0754,406.3125,417.5156,408.4545,418.3254,416.2489,415.6964,412.6924,409.8657
New Zealand,Manure applied to Soils,Emissions (CO2eq) from N2O (AR5),kilotonnes,41.6734,43.2971,44.245,47.7012,50.2745,49.5302,49.78,50.6894,50.4605,51.3251,54.1047,56.9369,59.928,63.1145,65.0334,66.039,66.3139,67.9748,68.426,68.4327,67.7757
New Zealand,Manure applied to Soils,Emissions (CO2eq) (AR5),kilotonnes,322.1487,333.5563,362.6681,369.3417,369.7057,367.3963,366.526,373.7453,379.5661,388.6915,390.4999,397.5465,407.0754,406.3125,417.5156,408.4545,418.3254,416.2489,415.6964,412.6924,409.8657
New Zealand,Manure applied to Soils,Emissions (CO2eq) (AR5),kilotonnes,41.6734,43.2971,44.245,47.7012,50.2745,49.5302,49.78,50.6894,50.4605,51.3251,54.1047,56.9369,59.928,63.1145,65.0334,66.039,66.3139,67.9748,68.426,68.4327,67.7757
New Zealand,Synthetic Fertilizers,Direct emissions (N2O),kilotonnes,3.6259,4.2271,4.3843,5.0757,5.4686,5.5786,4.8714,4.9029,5.1543,4.6671,5.3586,5.7671,5.7043,5.8143,6.3643,6.7414,6.7886,6.9614,7.1971,7.1029,7.3857
New Zealand,Synthetic Fertilizers,Direct emissions (N2O),kilotonnes,2.0479,2.6894,2.8068,3.3213,3.6295,3.7333,3.1649,3.0588,3.3747,3.156,3.5425,3.7585,3.7069,3.712,4.3003,4.2833,4.4672,4.584,4.7392,4.7963,5.1951
New Zealand,Synthetic Fertilizers,Indirect emissions (N2O),kilotonnes,1.1784,1.3738,1.4249,1.6496,1.7773,1.813,1.5832,1.5934,1.6751,1.5168,1.7415,1.8743,1.8539,1.8896,2.0684,2.191,2.2063,2.2625,2.3391,2.3084,2.4004
New Zealand,Synthetic Fertilizers,Emissions (N2O),kilotonnes,4.8043,5.601,5.8092,6.7253,7.2459,7.3916,6.4546,6.4963,6.8294,6.184,7.1001,7.6415,7.5582,7.7039,8.4327,8.9324,8.9949,9.2239,9.5362,9.4113,9.7861
New Zealand,Synthetic Fertilizers,Emissions (N2O),kilotonnes,2.0479,2.6894,2.8068,3.3213,3.6295,3.7333,3.1649,3.0588,3.3747,3.156,3.5425,3.7585,3.7069,3.712,4.3003,4.2833,4.4672,4.584,4.7392,4.7963,5.1951
New Zealand,Synthetic Fertilizers,Emissions (CO2eq) from N2O (AR5),kilotonnes,1273.1492,1484.2555,1539.4323,1782.2102,1920.1521,1958.7759,1710.4804,1721.5157,1809.7986,1638.7505,1881.5284,2024.988,2002.9173,2041.5411,2234.6598,2367.0841,2383.6371,2444.3316,2527.0968,2493.9907,2593.3089
New Zealand,Synthetic Fertilizers,Emissions (CO2eq) from N2O (AR5),kilotonnes,542.685,712.6962,743.8147,880.1458,961.8282,989.3168,838.7017,810.575,894.2999,836.3442,938.7662,996.0141,982.3202,983.6801,1139.5728,1135.0758,1183.8106,1214.7638,1255.8861,1271.0233,1376.7129
New Zealand,Synthetic Fertilizers,Emissions (CO2eq) (AR5),kilotonnes,1273.1492,1484.2555,1539.4323,1782.2102,1920.1521,1958.7759,1710.4804,1721.5157,1809.7986,1638.7505,1881.5284,2024.988,2002.9173,2041.5411,2234.6598,2367.0841,2383.6371,2444.3316,2527.0968,2493.9907,2593.3089
New Zealand,Synthetic Fertilizers,Emissions (CO2eq) (AR5),kilotonnes,542.685,712.6962,743.8147,880.1458,961.8282,989.3168,838.7017,810.575,894.2999,836.3442,938.7662,996.0141,982.3202,983.6801,1139.5728,1135.0758,1183.8106,1214.7638,1255.8861,1271.0233,1376.7129
New Zealand,Drained organic soils,Emissions (CO2eq) (AR5),kilotonnes,2758.9017,2764.3326,2761.4117,2758.7174,2755.6505,2754.8093,2752.2706,2752.2816,2752.7987,2750.8112,2749.3886,2749.0266,2749.2685,2749.5505,2747.8606,2747.713,2746.723,2745.5189,2745.3797,2736.1878,2735.8055
New Zealand,Drained organic soils,Emissions (CO2eq) (AR5),kilotonnes,587.7563,588.248,588.6284,589.0541,589.5763,590.1963,590.8731,591.6421,592.1471,592.6833,593.2184,593.7175,594.2495,594.232,594.4168,594.4347,594.4373,594.3279,594.2123,593.984,593.6725
New Zealand,Drained organic soils (CO2),Emissions (CO2),kilotonnes,2461.5447,2466.1411,2463.6469,2461.2465,2458.5204,2457.7905,2455.5761,2455.6001,2456.1062,2454.6287,2453.7181,2453.4033,2453.6414,2454.3654,2452.9524,2452.8172,2451.8486,2450.8014,2450.5912,2442.068,2441.7179
New Zealand,Drained organic soils (CO2),Emissions (CO2eq) (AR5),kilotonnes,2461.5447,2466.1411,2463.6469,2461.2465,2458.5204,2457.7905,2455.5761,2455.6001,2456.1062,2454.6287,2453.7181,2453.4033,2453.6414,2454.3654,2452.9524,2452.8172,2451.8486,2450.8014,2450.5912,2442.068,2441.7179
New Zealand,Drained organic soils (N2O),Emissions (N2O),kilotonnes,1.1221,1.1253,1.1236,1.1225,1.1212,1.1208,1.1196,1.1196,1.1196,1.1177,1.1157,1.1156,1.1156,1.1139,1.1129,1.1128,1.1127,1.1121,1.1124,1.1099,1.1098
New Zealand,Drained organic soils (N2O),Emissions (N2O),kilotonnes,2.2179,2.2198,2.2212,2.2228,2.2248,2.2272,2.2297,2.2326,2.2345,2.2365,2.2386,2.2404,2.2425,2.2424,2.2431,2.2431,2.2432,2.2427,2.2423,2.2414,2.2403
New Zealand,Drained organic soils (N2O),Emissions (CO2eq) from N2O (AR5),kilotonnes,297.357,298.1915,297.7649,297.4709,297.13,297.0188,296.6945,296.6815,296.6925,296.1825,295.6705,295.6233,295.6271,295.1851,294.9082,294.8958,294.8744,294.7175,294.7885,294.1198,294.0875
New Zealand,Drained organic soils (N2O),Emissions (CO2eq) from N2O (AR5),kilotonnes,587.7563,588.248,588.6284,589.0541,589.5763,590.1963,590.8731,591.6421,592.1471,592.6833,593.2184,593.7175,594.2495,594.232,594.4168,594.4347,594.4373,594.3279,594.2123,593.984,593.6725
New Zealand,Drained organic soils (N2O),Emissions (CO2eq) (AR5),kilotonnes,297.357,298.1915,297.7649,297.4709,297.13,297.0188,296.6945,296.6815,296.6925,296.1825,295.6705,295.6233,295.6271,295.1851,294.9082,294.8958,294.8744,294.7175,294.7885,294.1198,294.0875
New Zealand,Drained organic soils (N2O),Emissions (CO2eq) (AR5),kilotonnes,587.7563,588.248,588.6284,589.0541,589.5763,590.1963,590.8731,591.6421,592.1471,592.6833,593.2184,593.7175,594.2495,594.232,594.4168,594.4347,594.4373,594.3279,594.2123,593.984,593.6725
New Zealand,On-farm energy use,Emissions (CH4),kilotonnes,0.3054,0.3247,0.3542,0.3302,0.3135,0.2911,0.4916,0.3894,0.2724,0.2442,0.2129,0.2019,0.2151,0.223,0.2423,0.2111,0.2069,0.1787,0.1849,0.1734,0.1734
New Zealand,On-farm energy use,Emissions (N2O),kilotonnes,0.4769,0.4783,0.5314,0.5307,0.5097,0.549,0.5352,0.5296,0.4954,0.4481,0.4276,0.4595,0.4853,0.4706,0.536,0.4925,0.4754,0.433,0.4231,0.4005,0.4005
New Zealand,On-farm energy use,Emissions (CO2),kilotonnes,1513.7162,1526.5118,1667.0805,1758.8376,1688.1886,1779.35,1788.4572,1727.1619,1582.7282,1445.633,1336.7399,1416.5888,1473.4038,1430.4564,1603.9279,1479.9022,1430.0223,1294.5166,1258.527,1189.4468,1189.4468
New Zealand,On-farm energy use,Emissions (CO2eq) from CH4 (AR5),kilotonnes,8.55,9.0917,9.9163,9.2453,8.7789,8.1504,13.7659,10.9035,7.627,6.8372,5.9614,5.652,6.0234,6.2434,6.7839,5.9101,5.792,5.0049,5.1766,4.8552,4.8552
New Zealand,On-farm energy use,Emissions (CO2eq) from N2O (AR5),kilotonnes,126.3824,126.753,140.8256,140.6372,135.0781,145.4725,141.828,140.3333,131.2723,118.7336,113.3229,121.7618,128.6171,124.7204,142.0464,130.517,125.9763,114.7508,112.1125,106.1257,106.1257
New Zealand,On-farm energy use,Emissions (CO2eq) (AR5),kilotonnes,1648.6486,1662.3566,1817.8224,1908.7202,1832.0457,1932.9729,1944.0511,1878.3987,1721.6274,1571.2038,1456.0242,1544.0026,1608.0443,1561.4203,1752.7582,1616.3293,1561.7907,1414.2724,1375.8162,1300.4278,1300.4278
New Zealand,Forestland,Emissions (CO2),kilotonnes,-28066.3639,-24121.3286,-24121.3286,-24121.3286,-24121.3286,-24121.3286,-24121.3286,-24121.3286,-24121.3286,-24121.3286,-24121.3286,-18155.187,-18155.187,-18155.187,-18155.187,-18155.187,-13541.3128,-13541.3128,-13541.3128,-13541.3128,-13541.3128
New Zealand,Forestland,Emissions (CO2),kilotonnes,-25961.602,-25777.5333,-23302.2815,-26515.8631,-29911.623,-32965.1339,-33460.2016,-36728.8235,-30634.7035,-30973.2605,-30968.8363,-29616.7004,-27961.2563,-28714.2022,-27704.8963,-27275.8436,-26103.4023,-22181.9435,-19858.0446,-19335.0399,-19983.306
New Zealand,Forestland,Emissions (CO2eq) (AR5),kilotonnes,-28066.3639,-24121.3286,-24121.3286,-24121.3286,-24121.3286,-24121.3286,-24121.3286,-24121.3286,-24121.3286,-24121.3286,-24121.3286,-18155.187,-18155.187,-18155.187,-18155.187,-18155.187,-13541.3128,-13541.3128,-13541.3128,-13541.3128,-13541.3128
New Zealand,Forestland,Emissions (CO2eq) (AR5),kilotonnes,-25961.602,-25777.5333,-23302.2815,-26515.8631,-29911.623,-32965.1339,-33460.2016,-36728.8235,-30634.7035,-30973.2605,-30968.8363,-29616.7004,-27961.2563,-28714.2022,-27704.8963,-27275.8436,-26103.4023,-22181.9435,-19858.0446,-19335.0399,-19983.306
New Zealand,Net Forest conversion,Emissions (CO2),kilotonnes,1012.7981,147.5992,147.5992,147.5992,147.5992,147.5992,147.5992,147.5992,147.5992,147.5992,147.5992,302.5991,302.5991,302.5991,302.5991,302.5991,1795.2337,1795.2337,1795.2337,1795.2337,1795.2337
New Zealand,Net Forest conversion,Emissions (CO2),kilotonnes,42.5477,43.1358,39.8787,66.8075,114.2047,196.4724,243.3334,328.3234,62.2337,126.8255,155.047,221.5023,192.4872,193.993,188.1228,227.8998,231.6865,105.8225,105.9798,125.1282,84.8683
New Zealand,Net Forest conversion,Emissions (CO2eq) (AR5),kilotonnes,1012.7981,147.5992,147.5992,147.5992,147.5992,147.5992,147.5992,147.5992,147.5992,147.5992,147.5992,302.5991,302.5991,302.5991,302.5991,302.5991,1795.2337,1795.2337,1795.2337,1795.2337,1795.2337
New Zealand,Net Forest conversion,Emissions (CO2eq) (AR5),kilotonnes,42.5477,43.1358,39.8787,66.8075,114.2047,196.4724,243.3334,328.3234,62.2337,126.8255,155.047,221.5023,192.4872,193.993,188.1228,227.8998,231.6865,105.8225,105.9798,125.1282,84.8683
New Zealand,Savanna fires,Emissions (CH4),kilotonnes,0.0082,0.0156,0.0002,0.0006,0.0071,0,0.0146,0.0249,0.006,0.0002,0.011,0.011,0.001,0.0085,0.0067,0.0089,0.0288,0.0298,0,0.0231,0.0612
New Zealand,Savanna fires,Emissions (N2O),kilotonnes,0.0008,0.0014,0,0.0001,0.0006,0,0.0013,0.0023,0.0005,0,0.001,0.001,0.0001,0.0008,0.0006,0.0008,0.0026,0.0027,0,0.0021,0.0056
New Zealand,Savanna fires,Emissions (CO2eq) from CH4 (AR5),kilotonnes,0.2309,0.4361,0.0057,0.017,0.1988,0,0.409,0.6984,0.1682,0.0046,0.3067,0.3068,0.0284,0.2384,0.1875,0.2499,0.8065,0.8349,0,0.6475,1.7141
New Zealand,Savanna fires,Emissions (CO2eq) from N2O (AR5),kilotonnes,0.1995,0.3768,0.0049,0.0147,0.1718,0,0.3534,0.6036,0.1453,0.004,0.2651,0.2651,0.0245,0.206,0.162,0.216,0.6969,0.7214,0,0.5595,1.4812
New Zealand,Savanna fires,Emissions (CO2eq) (AR5),kilotonnes,0.4304,0.8129,0.0106,0.0317,0.3705,0,0.7624,1.302,0.3135,0.0085,0.5718,0.5719,0.0529,0.4445,0.3494,0.4659,1.5034,1.5563,0,1.207,3.1953
New Zealand,Fires in organic soils,Emissions (CH4),kilotonnes,0,0,0,0,0,0,0,0,0,0,0,0,0,0,0,0,0,0,0,0,0
New Zealand,Fires in organic soils,Emissions (CO2),kilotonnes,0,0,0,0,0,0,0,0,0,0,0,0,0,0,0,0,0,0,0,0,0
New Zealand,Fires in organic soils,Emissions (CO2eq) from CH4 (AR5),kilotonnes,0,0,0,0,0,0,0,0,0,0,0,0,0,0,0,0,0,0,0,0,0
New Zealand,Fires in organic soils,Emissions (CO2eq) (AR5),kilotonnes,0,0,0,0,0,0,0,0,0,0,0,0,0,0,0,0,0,0,0,0,0
New Zealand,Forest fires,Emissions (CH4),kilotonnes,0.0858,0.0498,0.0025,0.0274,0.0075,0,0,0.0822,0.0299,0.0125,0.0075,0,0.0349,0.0398,0,0,0,0.0449,0,0.1944,0.0847
New Zealand,Forest fires,Emissions (N2O),kilotonnes,0.0047,0.0045,0.0002,0.0025,0.0007,0,0,0.0075,0.0027,0.0011,0.0007,0,0.0032,0.0036,0,0,0,0.0041,0,0.0177,0.0077
New Zealand,Forest fires,Emissions (CO2eq) from CH4 (AR5),kilotonnes,2.4029,1.395,0.0697,0.7681,0.2092,0,0,2.3009,0.8382,0.3493,0.2095,0,0.9769,1.1156,0,0,0,1.2565,0,5.4419,2.3726
New Zealand,Forest fires,Emissions (CO2eq) from N2O (AR5),kilotonnes,1.258,1.2054,0.0603,0.6637,0.1808,0,0,1.9883,0.7243,0.3018,0.181,0,0.8442,0.964,0,0,0,1.0857,0,4.7025,2.0503
New Zealand,Forest fires,Emissions (CO2eq) (AR5),kilotonnes,3.6609,2.6004,0.13,1.4318,0.39,0,0,4.2891,1.5626,0.6511,0.3905,0,1.8211,2.0796,0,0,0,2.3422,0,10.1444,4.4229
New Zealand,Fires in humid tropical forests,Emissions (CH4),kilotonnes,0,0,0,0,0,0,0,0,0,0,0,0,0,0,0,0,0,0,0,0,0
New Zealand,Fires in humid tropical forests,Emissions (N2O),kilotonnes,0,0,0,0,0,0,0,0,0,0,0,0,0,0,0,0,0,0,0,0,0
New Zealand,Fires in humid tropical forests,Emissions (CO2eq) from CH4 (AR5),kilotonnes,0,0,0,0,0,0,0,0,0,0,0,0,0,0,0,0,0,0,0,0,0
New Zealand,Fires in humid tropical forests,Emissions (CO2eq) from N2O (AR5),kilotonnes,0,0,0,0,0,0,0,0,0,0,0,0,0,0,0,0,0,0,0,0,0
New Zealand,Fires in humid tropical forests,Emissions (CO2eq) (AR5),kilotonnes,0,0,0,0,0,0,0,0,0,0,0,0,0,0,0,0,0,0,0,0,0
New Zealand,Waste - agri-food systems,Emissions (CH4),kilotonnes,34.2308,34.5063,34.9983,35.3253,35.894,36.2645,36.684,37.117,37.598,37.8923,38.4073,39.0988,39.5656,40.2735,41.0816,41.6296,42.014,42.3347,42.8429,43.1165,43.4341
New Zealand,Waste - agri-food systems,Emissions (N2O),kilotonnes,0.1683,0.1734,0.1778,0.1832,0.1906,0.1911,0.1983,0.2035,0.2077,0.2077,0.218,0.249,0.2463,0.2609,0.2731,0.2879,0.3007,0.3138,0.3281,0.3403,0.3539
New Zealand,Waste - agri-food systems,Emissions (CO2),kilotonnes,19.8494,19.8683,20.0392,20.2652,20.3965,20.4761,20.4535,20.6199,20.5958,20.5214,20.6728,20.7842,20.8212,20.8856,20.9283,20.8296,20.8768,20.9492,20.9697,20.9753,20.9688
New Zealand,Waste - agri-food systems,Emissions (CO2eq) from CH4 (AR5),kilotonnes,958.461,966.1765,979.9523,989.1084,1005.0322,1015.4071,1027.1528,1039.277,1052.7439,1060.9843,1075.4042,1094.7665,1107.8371,1127.6587,1150.2841,1165.6279,1176.3913,1185.3725,1199.6009,1207.2629,1216.1535
New Zealand,Waste - agri-food systems,Emissions (CO2eq) from N2O (AR5),kilotonnes,44.6083,45.9542,47.1235,48.5368,50.519,50.6477,52.5603,53.9302,55.0278,55.0359,57.7738,65.9781,65.2813,69.1461,72.3674,76.2884,79.6919,83.1449,86.9451,90.1927,93.7729
New Zealand,Waste - agri-food systems,Emissions (CO2eq) (AR5),kilotonnes,1022.9187,1031.9991,1047.115,1057.9104,1075.9477,1086.5309,1100.1666,1113.827,1128.3674,1136.5416,1153.8507,1181.5288,1193.9395,1217.6903,1243.5797,1262.7459,1276.9599,1289.4666,1307.5156,1318.4309,1330.8953
New Zealand,On-farm electricity use,Emissions (CH4),kilotonnes,1.5539,1.7039,1.7315,1.7243,1.6883,1.7771,2.0099,2.2043,2.3711,2.4275,2.5583,2.503,2.7635,2.8426,3.2026,3.3334,3.079,3.0287,2.8498,2.7793,2.7793
New Zealand,On-farm electricity use,Emissions (N2O),kilotonnes,0.0083,0.0091,0.0092,0.0092,0.009,0.0095,0.0107,0.0118,0.0126,0.013,0.0137,0.0134,0.0148,0.0152,0.0171,0.0178,0.0164,0.0162,0.0152,0.0148,0.0148
New Zealand,On-farm electricity use,Emissions (CO2),kilotonnes,213.5858,291.7427,254.7947,306.0292,275.2275,350.2839,386.6047,359.7715,424.1451,339.621,322.5285,293.6427,399.0684,454.7556,512.3439,533.2676,492.5719,484.5095,455.9073,444.6201,444.6201
New Zealand,On-farm electricity use,Emissions (CO2eq) from CH4 (AR5),kilotonnes,43.5092,47.7092,48.482,48.2804,47.2724,49.7588,56.2772,61.7204,66.3908,67.97,71.6324,70.084,77.378,79.5928,89.6728,93.3352,86.212,84.8036,79.7944,77.8204,77.8204
New Zealand,On-farm electricity use,Emissions (CO2eq) from N2O (AR5),kilotonnes,2.1995,2.4115,2.438,2.438,2.385,2.5175,2.8355,3.127,3.339,3.445,3.6305,3.551,3.922,4.028,4.5315,4.717,4.346,4.293,4.028,3.922,3.922
New Zealand,On-farm electricity use,Emissions (CO2eq) (AR5),kilotonnes,259.2945,341.8634,305.7147,356.7476,324.8849,402.5602,445.7174,424.6189,493.8749,411.036,397.7914,367.2777,480.3684,538.3764,606.5482,631.3198,583.1299,573.6061,539.7297,526.3625,526.3625
New Zealand,Food Processing,Emissions (CH4),kilotonnes,2.2592,2.3855,2.5249,2.4548,2.5583,2.7548,2.6608,2.61,2.7157,2.8944,2.9291,2.8983,2.5777,2.8446,3.0267,3.2052,3.2496,3.4193,3.579,3.579,3.3578
New Zealand,Food Processing,Emissions (N2O),kilotonnes,0.0133,0.014,0.0147,0.0143,0.0149,0.0159,0.0152,0.0152,0.0155,0.0405,0.0476,0.0456,0.0448,0.0438,0.0517,0.0554,0.0533,0.0514,0.0563,0.0563,0.0473
New Zealand,Food Processing,Emissions (CO2),kilotonnes,933.0465,1052.698,1027.5009,1062.9651,1064.2647,1171.1179,1049.0184,1077.7388,1008.9558,2625.7672,3271.5272,3126.0192,3011.3364,3032.9593,3665.2995,3932.0082,3702.5565,3629.455,3833.981,3833.981,3319.1321
New Zealand,Food Processing,Emissions (CO2eq) from CH4 (AR5),kilotonnes,63.2576,66.794,70.6972,68.7344,71.6324,77.1344,74.5024,73.08,76.0396,81.0432,82.0148,81.1524,72.1756,79.6488,84.7476,89.7456,90.9888,95.7404,100.212,100.212,94.0191
New Zealand,Food Processing,Emissions (CO2eq) from N2O (AR5),kilotonnes,3.5245,3.71,3.8955,3.7895,3.9485,4.2135,4.028,4.028,4.1075,10.7325,12.614,12.084,11.872,11.607,13.7005,14.681,14.1245,13.621,14.9195,14.9195,12.5324
New Zealand,Food Processing,Emissions (CO2eq) (AR5),kilotonnes,999.8286,1123.202,1102.0936,1135.489,1139.8456,1252.4658,1127.5488,1154.8468,1089.1029,2717.5429,3366.156,3219.2556,3095.384,3124.2151,3763.7476,4036.4348,3807.6698,3738.8164,3949.1125,3949.1125,3425.6836
New Zealand,Food Packaging,Emissions (CH4),kilotonnes,1.3396,1.2821,1.3126,1.2909,1.2896,1.3468,1.1758,1.1403,1.3764,1.3917,2.0449,1.2161,0.8811,0.8161,0.7781,0.7684,0.7698,0.7656,0.77,0.9406,0.8825
New Zealand,Food Packaging,Emissions (N2O),kilotonnes,0.0074,0.007,0.0072,0.007,0.007,0.0073,0.0063,0.0062,0.0074,0.0076,0.0111,0.0066,0.0048,0.0045,0.0043,0.0043,0.0043,0.0043,0.0043,0.0052,0.0044
New Zealand,Food Packaging,Emissions (CO2),kilotonnes,300.4199,329.2574,310.2069,305.4479,287.8259,316.9854,276.2008,219.306,302.9315,262.4134,328.4959,213.9559,204.6858,217.2886,236.2086,219.2062,231.9164,228.5309,215.5353,243.5484,210.8433
New Zealand,Food Packaging,Emissions (CO2eq) from CH4 (AR5),kilotonnes,37.5088,35.8988,36.7528,36.1452,36.1088,37.7104,32.9224,31.9284,38.5392,38.9676,57.2572,34.0508,24.6708,22.8508,21.7868,21.5152,21.5544,21.4368,21.56,26.3368,24.7092
New Zealand,Food Packaging,Emissions (CO2eq) from N2O (AR5),kilotonnes,1.961,1.855,1.908,1.855,1.855,1.9345,1.6695,1.643,1.961,2.014,2.9415,1.749,1.272,1.1925,1.1395,1.1395,1.1395,1.1395,1.1395,1.378,1.1575
New Zealand,Food Packaging,Emissions (CO2eq) (AR5),kilotonnes,339.8897,367.0112,348.8677,343.4481,325.7897,356.6303,310.7927,252.8774,343.4317,303.395,388.6946,249.7557,230.6286,241.3319,259.1349,241.8609,254.6103,251.1072,238.2348,271.2632,236.7101
New Zealand,Food Retail,Emissions (CH4),kilotonnes,0.6601,0.666,0.6735,0.6976,0.7562,0.7887,0.8499,0.8773,0.8716,0.8667,0.8719,0.8607,0.9001,0.9019,0.8991,0.9163,0.9129,0.9178,0.9081,0.9998,0.938
New Zealand,Food Retail,Emissions (N2O),kilotonnes,0.004,0.0041,0.0041,0.0043,0.0046,0.0048,0.005,0.0052,0.0052,0.0051,0.0052,0.0051,0.0053,0.0053,0.0053,0.0054,0.0054,0.0054,0.0053,0.0058,0.0049
New Zealand,Food Retail,Emissions (CO2),kilotonnes,163.1147,188.1274,171.5632,208.664,213.2864,241.8995,240.7516,219.2323,231.6207,191.617,189.8358,176.5104,211.8375,223.5037,227.8026,231.827,232.4919,235.6211,222.464,249.9148,216.3548
New Zealand,Food Retail,Emissions (CO2eq) from F-gases (AR5),kilotonnes,382.352,464.433,539.241,615.6075,684.701,783.406,861.331,939.256,951.724,958.4775,962.114,964.192,965.7505,967.309,967.309,967.309,1043.156,1063.4165,1083.1575,1102.8985,1098.2645
New Zealand,Food Retail,Emissions (CO2eq) from CH4 (AR5),kilotonnes,18.4828,18.648,18.858,19.5328,21.1736,22.0836,23.7972,24.5644,24.4048,24.2676,24.4132,24.0996,25.2028,25.2532,25.1748,25.6564,25.5612,25.6984,25.4268,27.9944,26.2644
New Zealand,Food Retail,Emissions (CO2eq) from N2O (AR5),kilotonnes,1.06,1.0865,1.0865,1.1395,1.219,1.272,1.325,1.378,1.378,1.3515,1.378,1.3515,1.4045,1.4045,1.4045,1.431,1.431,1.431,1.4045,1.537,1.2911
New Zealand,Food Retail,Emissions (CO2eq) (AR5),kilotonnes,565.0095,672.2949,730.7487,844.9438,920.38,1048.6611,1127.2048,1184.4307,1209.1275,1175.7136,1177.741,1166.1535,1204.1953,1217.4704,1221.6909,1226.2234,1302.6401,1326.167,1332.4528,1382.3447,1342.1748
New Zealand,Food Household Consumption,Emissions (CH4),kilotonnes,1.4682,1.4947,1.4966,1.557,1.586,1.5696,1.6251,1.5933,1.5851,1.6521,1.6254,1.6178,1.5934,1.5711,1.5704,1.6012,1.5708,1.5829,1.5952,1.5952,1.4966
New Zealand,Food Household Consumption,Emissions (N2O),kilotonnes,0.0079,0.0081,0.008,0.0084,0.0085,0.0085,0.0087,0.0086,0.0085,0.0089,0.0088,0.0087,0.0086,0.0085,0.0085,0.0086,0.0085,0.0085,0.0086,0.0086,0.0072
New Zealand,Food Household Consumption,Emissions (CO2),kilotonnes,267.6215,318.8886,279.9781,337.8258,325.0361,371.2862,375.4761,318.3626,335.4514,293.1963,264.0563,250.6009,290.2965,310.0451,310.5299,317.9243,311.7767,317.3396,315.8109,315.8109,273.402
New Zealand,Food Household Consumption,Emissions (CO2eq) from CH4 (AR5),kilotonnes,41.1096,41.8516,41.9048,43.596,44.408,43.9488,45.5028,44.6124,44.3828,46.2588,45.5112,45.2984,44.6152,43.9908,43.9712,44.8336,43.9824,44.3212,44.6656,44.6656,41.9054
New Zealand,Food Household Consumption,Emissions (CO2eq) from N2O (AR5),kilotonnes,2.0935,2.1465,2.12,2.226,2.2525,2.2525,2.3055,2.279,2.2525,2.3585,2.332,2.3055,2.279,2.2525,2.2525,2.279,2.2525,2.2525,2.279,2.279,1.9144
New Zealand,Food Household Consumption,Emissions (CO2eq) (AR5),kilotonnes,310.8246,362.8867,324.0029,383.6478,371.6966,417.4875,423.2844,365.254,382.0867,341.8136,311.8995,298.2048,337.1907,356.2884,356.7536,365.0369,358.0116,363.9133,362.7555,362.7555,317.2217
New Zealand,Food Transport,Emissions (CH4),kilotonnes,0.1785,0.1632,0.1556,0.1434,0.1308,0.1128,0.1137,0.1146,0.1125,0.108,0.1004,0.0977,0.0972,0.0972,0.0977,0.1008,0.1018,0.1049,0.1063,0.024,0.0225
New Zealand,Food Transport,Emissions (N2O),kilotonnes,0.0728,0.0703,0.0707,0.0734,0.0761,0.074,0.0711,0.069,0.0649,0.0612,0.0568,0.056,0.0565,0.0567,0.0565,0.0586,0.0593,0.0596,0.0603,0.0693,0.0582
New Zealand,Food Transport,Emissions (CO2),kilotonnes,1202.995,1202.965,1266.125,1312.355,1343.84,1355.785,1372.405,1407.215,1413.395,1392.47,1386.58,1388.955,1389.915,1416.275,1426.825,1487.705,1511.45,1616.375,1639.04,1635.8291,1416.1606
New Zealand,Food Transport,Emissions (CO2eq) from CH4 (AR5),kilotonnes,4.998,4.5696,4.3568,4.0152,3.6624,3.1584,3.1836,3.2088,3.15,3.024,2.8112,2.7356,2.7216,2.7216,2.7356,2.8224,2.8504,2.9372,2.9764,0.672,0.6305
New Zealand,Food Transport,Emissions (CO2eq) from N2O (AR5),kilotonnes,19.292,18.6295,18.7355,19.451,20.1665,19.61,18.8415,18.285,17.1985,16.218,15.052,14.84,14.9725,15.0255,14.9725,15.529,15.7145,15.794,15.9795,18.3645,15.4262
New Zealand,Food Transport,Emissions (CO2eq) (AR5),kilotonnes,1227.285,1226.1641,1289.2173,1335.8212,1367.6689,1378.5534,1394.4301,1428.7088,1433.7435,1411.712,1404.4432,1406.5306,1407.6091,1434.0221,1444.5331,1506.0564,1530.0149,1635.1062,1657.9959,1654.8656,1432.2173
New Zealand,Energy,Emissions (CH4),kilotonnes,55.8,57.6,58.8,55.1,53,52.2,54.8,54.1,58.2,62,66.5,63.9,64.1,62.3,60.7,57.7,56.9,55.2,55.8,53.4,50.1
New Zealand,Energy,Emissions (N2O),kilotonnes,1.21,1.23,1.28,1.35,1.4,1.42,1.4,1.35,1.28,1.15,1.11,1.14,1.18,1.16,1.22,1.22,1.2,1.19,1.2,1.25,1.05
New Zealand,Energy,Emissions (CO2),kilotonnes,32800,34100,33000,33800,34300,33900,33200,33300,33900,32200,31600,31300,34200,33500,34700,34900,33900,34300,34000,35000,30300
New Zealand,Energy,Emissions (CO2eq) from CH4 (AR5),kilotonnes,1562.4,1612.8,1646.4,1542.8,1484,1461.6,1534.4,1514.8,1629.6,1736,1862,1789.2,1794.8,1744.4,1699.6,1615.6,1593.2,1545.6,1562.4,1495.2,1402.8
New Zealand,Energy,Emissions (CO2eq) from N2O (AR5),kilotonnes,320.65,325.95,339.2,357.75,371,376.3,371,357.75,339.2,304.75,294.15,302.1,312.7,307.4,323.3,323.3,318,315.35,318,331.25,278.25
New Zealand,Energy,Emissions (CO2eq) (AR5),kilotonnes,34683.05,36038.75,34985.6,35700.55,36155,35737.9,35105.4,35172.55,35868.8,34240.75,33756.15,33391.3,36307.5,35551.8,36722.9,36838.9,35811.2,36160.95,35880.4,36826.45,31981.05
New Zealand,IPPU,Emissions (CH4),kilotonnes,5.58,4.95,5.29,2.27,2.55,0.831,0.97,1.04,1.35,1.93,1.95,1.95,2.59,3.3,5.09,4.31,5.05,4.51,3.73,4.32,3.88
New Zealand,IPPU,Emissions (N2O),kilotonnes,0.162,0.161,0.159,0.158,0.156,0.154,0.148,0.141,0.134,0.127,0.12,0.121,0.123,0.124,0.126,0.127,0.128,0.129,0.131,0.133,0.119
New Zealand,IPPU,Emissions (CO2),kilotonnes,3420,3230,3380,2390,2510,2050,2100,2310,2320,2440,2560,2580,2800,3040,3670,3430,3560,3340,3100,3230,2860
New Zealand,IPPU,Emissions (CO2eq) from F-gases (AR5),kilotonnes,818.2174,784.2059,787.1212,878.4661,967.8676,1049.4949,1136.9529,1234.1283,1311.8687,1409.0441,1583.96,1632.5477,1807.4635,1865.7688,2050.4022,2021.2495,2001.8144,2118.425,2205.8829,2312.7759,2303.0584
New Zealand,IPPU,Emissions (CO2eq) from CH4 (AR5),kilotonnes,156.24,138.6,148.12,63.56,71.4,23.268,27.16,29.12,37.8,54.04,54.6,54.6,72.52,92.4,142.52,120.68,141.4,126.28,104.44,120.96,108.64
New Zealand,IPPU,Emissions (CO2eq) from N2O (AR5),kilotonnes,42.93,42.665,42.135,41.87,41.34,40.81,39.22,37.365,35.51,33.655,31.8,32.065,32.595,32.86,33.39,33.655,33.92,34.185,34.715,35.245,31.535
New Zealand,IPPU,Emissions (CO2eq) (AR5),kilotonnes,4437.3874,4195.4709,4357.3762,3373.8961,3590.6076,3163.5729,3303.3329,3610.6133,3705.1787,3936.7391,4230.36,4299.2127,4712.5785,5031.0288,5896.3122,5605.5845,5737.1344,5618.89,5445.0379,5698.9809,5303.2334
New Zealand,Waste,Emissions (CH4),kilotonnes,175,178,181,177,180,182,180,180,177,176,173,169,166,163,162,160,162,163,164,162,159
New Zealand,Waste,Emissions (N2O),kilotonnes,0.227,0.23,0.233,0.24,0.246,0.251,0.256,0.259,0.263,0.263,0.266,0.277,0.284,0.294,0.295,0.306,0.314,0.321,0.331,0.34,0.346
New Zealand,Waste,Emissions (CO2),kilotonnes,3.16,3.05,2.94,2.8,2.86,2.8,2.81,2.76,2.64,2.58,2.6,2.52,2.53,2.47,2.47,2.4,2.41,2.28,2.21,2.16,2.15
New Zealand,Waste,Emissions (CO2eq) from CH4 (AR5),kilotonnes,4900,4984,5068,4956,5040,5096,5040,5040,4956,4928,4844,4732,4648,4564,4536,4480,4536,4564,4592,4536,4452
New Zealand,Waste,Emissions (CO2eq) from N2O (AR5),kilotonnes,60.155,60.95,61.745,63.6,65.19,66.515,67.84,68.635,69.695,69.695,70.49,73.405,75.26,77.91,78.175,81.09,83.21,85.065,87.715,90.1,91.69
New Zealand,Waste,Emissions (CO2eq) (AR5),kilotonnes,4963.315,5048,5132.685,5022.4,5108.05,5165.315,5110.65,5111.395,5028.335,5000.275,4917.09,4807.925,4725.79,4644.38,4616.645,4563.49,4621.62,4651.345,4681.925,4628.26,4545.84
New Zealand,Other,Emissions (N2O),kilotonnes,0.626,0.626,0.623,0.635,0.61,0.601,0.586,0.569,0.569,0.517,0.507,0.5,0.516,0.526,0.536,0.545,0.525,0.55,0.545,0.512,0.507
New Zealand,Other,Emissions (CO2eq) from N2O (AR5),kilotonnes,165.89,165.89,165.095,168.275,161.65,159.265,155.29,150.785,150.785,137.005,134.355,132.5,136.74,139.39,142.04,144.425,139.125,145.75,144.425,135.68,134.355
New Zealand,Other,Emissions (CO2eq) (AR5),kilotonnes,165.89,165.89,165.095,168.275,161.65,159.265,155.29,150.785,150.785,137.005,134.355,132.5,136.74,139.39,142.04,144.425,139.125,145.75,144.425,135.68,134.355
New Zealand,Farm-gate emissions,Emissions (CH4),kilotonnes,1078.7772,1087.8147,1116.8496,1131.4237,1130.3154,1129.2671,1138.7697,1129.7944,1106.3013,1120.8488,1120.3838,1125.0506,1145.8347,1141.5415,1153.6841,1120.7863,1123.3196,1114.2542,1108.2898,1099.6492,1086.7115
New Zealand,Farm-gate emissions,Direct emissions (N2O),kilotonnes,34.2118,34.6489,35.4225,36.2985,36.3682,36.5291,36.0366,35.68,34.718,34.2141,34.7962,35.0623,35.4103,35.3554,35.9777,35.505,35.3426,35.4151,35.5084,35.3133,35.2167
New Zealand,Farm-gate emissions,Indirect emissions (N2O),kilotonnes,10.7063,10.7224,10.8908,11.1595,11.1965,11.2822,11.1094,10.9317,10.4653,10.1945,10.4094,10.4187,10.5003,10.468,10.6031,10.4914,10.3686,10.3965,10.4264,10.3409,10.2979
New Zealand,Farm-gate emissions,Emissions (N2O),kilotonnes,48.0153,48.5007,49.5657,50.7059,50.7444,51.0073,50.3402,49.8147,48.3391,47.5308,48.2821,48.6045,49.0695,48.9655,49.8076,49.127,48.8372,48.9155,49.0246,48.7424,48.595
New Zealand,Farm-gate emissions,Emissions (CO2),kilotonnes,3975.2609,3992.6529,4130.7274,4220.0841,4146.709,4237.1405,4244.0333,4182.762,4038.8344,3900.2618,3790.458,3869.9921,3927.0451,3884.8218,4056.8803,3932.7194,3881.8709,3745.318,3709.1182,3631.5149,3631.1648
New Zealand,Farm-gate emissions,Emissions (CO2eq) from CH4 (AR5),kilotonnes,30205.7604,30458.8129,31271.7897,31679.8649,31648.8314,31619.4789,31885.5506,31634.2419,30976.4358,31383.7665,31370.7463,31501.4171,32083.3704,31963.1607,32303.1551,31382.0158,31452.9492,31199.1185,31032.113,30790.1783,30427.921
New Zealand,Farm-gate emissions,Emissions (CO2eq) from N2O (AR5),kilotonnes,12724.0637,12852.6906,13134.9039,13437.0666,13447.2703,13516.9269,13340.1457,13200.9084,12809.8696,12595.6666,12794.7568,12880.1938,13003.4095,12975.8468,13199.0123,13018.6621,12941.8641,12962.6083,12991.528,12916.7237,12877.6768
New Zealand,Farm-gate emissions,Emissions (CO2eq) (AR5),kilotonnes,46905.0851,47304.1564,48537.421,49337.0156,49242.8108,49373.5463,49469.7296,49017.9123,47825.1398,47879.6948,47955.9611,48251.603,49013.825,48823.8294,49559.0478,48333.3973,48276.6841,47907.0447,47732.7592,47338.4169,46936.7626
New Zealand,Land Use change,Emissions (CH4),kilotonnes,0,0,0,0,0,0,0,0,0,0,0,0,0,0,0,0,0,0,0,0,0
New Zealand,Land Use change,Emissions (N2O),kilotonnes,0,0,0,0,0,0,0,0,0,0,0,0,0,0,0,0,0,0,0,0,0
New Zealand,Land Use change,Emissions (CO2),kilotonnes,1012.7981,147.5992,147.5992,147.5992,147.5992,147.5992,147.5992,147.5992,147.5992,147.5992,147.5992,302.5991,302.5991,302.5991,302.5991,302.5991,1795.2337,1795.2337,1795.2337,1795.2337,1795.2337
New Zealand,Land Use change,Emissions (CO2eq) from CH4 (AR5),kilotonnes,0,0,0,0,0,0,0,0,0,0,0,0,0,0,0,0,0,0,0,0,0
New Zealand,Land Use change,Emissions (CO2eq) from N2O (AR5),kilotonnes,0,0,0,0,0,0,0,0,0,0,0,0,0,0,0,0,0,0,0,0,0
New Zealand,Land Use change,Emissions (CO2eq) (AR5),kilotonnes,1012.7981,147.5992,147.5992,147.5992,147.5992,147.5992,147.5992,147.5992,147.5992,147.5992,147.5992,302.5991,302.5991,302.5991,302.5991,302.5991,1795.2337,1795.2337,1795.2337,1795.2337,1795.2337
New Zealand,Emissions on agricultural land,Emissions (CH4),kilotonnes,1078.7772,1087.8147,1116.8496,1131.4237,1130.3154,1129.2671,1138.7697,1129.7944,1106.3013,1120.8488,1120.3838,1125.0506,1145.8347,1141.5415,1153.6841,1120.7863,1123.3196,1114.2542,1108.2898,1099.6492,1086.7115
New Zealand,Emissions on agricultural land,Emissions (N2O),kilotonnes,48.0153,48.5007,49.5657,50.7059,50.7444,51.0073,50.3402,49.8147,48.3391,47.5308,48.2821,48.6045,49.0695,48.9655,49.8076,49.127,48.8372,48.9155,49.0246,48.7424,48.595
New Zealand,Emissions on agricultural land,Emissions (CO2),kilotonnes,4988.0591,4140.2521,4278.3266,4367.6833,4294.3082,4384.7397,4391.6325,4330.3611,4186.4336,4047.8609,3938.0572,4172.5911,4229.6442,4187.4209,4359.4794,4235.3185,5677.1047,5540.5517,5504.3519,5426.7486,5426.3985
New Zealand,Emissions on agricultural land,Emissions (CO2eq) from CH4 (AR5),kilotonnes,30205.7604,30458.8129,31271.7897,31679.8649,31648.8314,31619.4789,31885.5506,31634.2419,30976.4358,31383.7665,31370.7463,31501.4171,32083.3704,31963.1607,32303.1551,31382.0158,31452.9492,31199.1185,31032.113,30790.1783,30427.921
New Zealand,Emissions on agricultural land,Emissions (CO2eq) from N2O (AR5),kilotonnes,12724.0637,12852.6906,13134.9039,13437.0666,13447.2703,13516.9269,13340.1457,13200.9084,12809.8696,12595.6666,12794.7568,12880.1938,13003.4095,12975.8468,13199.0123,13018.6621,12941.8641,12962.6083,12991.528,12916.7237,12877.6768
New Zealand,Emissions on agricultural land,Emissions (CO2eq) (AR5),kilotonnes,47917.8832,47451.7556,48685.0202,49484.6148,49390.4099,49521.1454,49617.3288,49165.5115,47972.739,48027.294,48103.5603,48554.2021,49316.4241,49126.4284,49861.6468,48635.9964,50071.9179,49702.2785,49527.993,49133.6506,48731.9963
New Zealand,Pre- and post- production,Emissions (CH4),kilotonnes,41.6903,42.2017,42.893,43.1933,43.9032,44.6143,45.1192,45.6568,46.6304,47.2327,48.5373,48.2924,48.3786,49.347,50.6562,51.5549,51.6979,52.1539,52.6513,53.0344,52.9108
New Zealand,Pre- and post- production,Emissions (N2O),kilotonnes,0.282,0.286,0.2917,0.2998,0.3107,0.3111,0.3153,0.3195,0.3218,0.344,0.3612,0.3844,0.3811,0.3949,0.4165,0.438,0.4479,0.4592,0.4781,0.5003,0.4906
New Zealand,Pre- and post- production,Emissions (CO2),kilotonnes,3100.6328,3403.5474,3330.208,3553.5522,3529.8771,3827.834,3720.9101,3622.2461,3737.0953,5125.6063,5783.6965,5470.4683,5527.9608,5675.7129,6399.9378,6742.7679,6503.6402,6532.7803,6703.7082,6744.6796,5901.4818
New Zealand,Pre- and post- production,Emissions (CO2eq) from F-gases (AR5),kilotonnes,382.352,464.433,539.241,615.6075,684.701,783.406,861.331,939.256,951.724,958.4775,962.114,964.192,965.7505,967.309,967.309,967.309,1043.156,1063.4165,1083.1575,1102.8985,1098.2645
New Zealand,Pre- and post- production,Emissions (CO2eq) from CH4 (AR5),kilotonnes,1167.327,1181.6477,1201.0039,1209.4124,1229.2898,1249.2015,1263.3384,1278.3914,1305.6511,1322.5155,1359.0442,1352.1873,1354.6011,1381.7167,1418.3729,1443.5363,1447.5405,1460.3101,1474.2361,1484.9641,1481.5026
New Zealand,Pre- and post- production,Emissions (CO2eq) from N2O (AR5),kilotonnes,74.7388,75.7932,77.307,79.4358,82.3455,82.4477,83.5653,84.6702,85.2643,91.1554,95.7218,101.8591,101.0033,104.6561,110.3684,116.0649,118.6999,121.6759,126.6951,132.5927,130.0164
New Zealand,Pre- and post- production,Emissions (CO2eq) (AR5),kilotonnes,4725.0506,5125.4214,5147.7599,5458.0079,5526.2134,5942.8892,5929.1448,5924.5636,6079.7346,7497.7547,8200.5764,7888.7067,7949.3156,8129.3946,8895.988,9269.6781,9113.0365,9178.1828,9387.7968,9465.1349,8611.2653
New Zealand,Agri-food systems,Emissions (CH4),kilotonnes,1120.4674,1130.0165,1159.7426,1174.617,1174.2186,1173.8814,1183.8889,1175.4512,1152.9317,1168.0815,1168.9211,1173.343,1194.2133,1190.8885,1204.3403,1172.3411,1175.0175,1166.4082,1160.941,1152.6837,1139.6223
New Zealand,Agri-food systems,Emissions (N2O),kilotonnes,48.2974,48.7867,49.8574,51.0057,51.0552,51.3184,50.6555,50.1343,48.6609,47.8748,48.6433,48.9889,49.4506,49.3604,50.2241,49.565,49.2851,49.3747,49.5027,49.2427,49.0856
New Zealand,Agri-food systems,Emissions (CO2),kilotonnes,8088.6919,7543.7995,7608.5345,7921.2354,7824.1853,8212.5737,8112.5425,7952.6072,7923.5288,9173.4672,9721.7537,9643.0594,9757.605,9863.1338,10759.4171,10978.0864,12180.7449,12073.332,12208.0601,12171.4282,11327.8803
New Zealand,Agri-food systems,Emissions (CO2eq) from F-gases (AR5),kilotonnes,382.352,464.433,539.241,615.6075,684.701,783.406,861.331,939.256,951.724,958.4775,962.114,964.192,965.7505,967.309,967.309,967.309,1043.156,1063.4165,1083.1575,1102.8985,1098.2645
New Zealand,Agri-food systems,Emissions (CO2eq) from CH4 (AR5),kilotonnes,31373.0874,31640.4607,32472.7936,32889.2773,32878.1213,32868.6804,33148.8889,32912.6333,32282.0869,32706.282,32729.7905,32853.6044,33437.9714,33344.8774,33721.528,32825.5521,32900.4896,32659.4286,32506.3491,32275.1425,31909.4235
New Zealand,Agri-food systems,Emissions (CO2eq) from N2O (AR5),kilotonnes,12798.8025,12928.4838,13212.2109,13516.5025,13529.6158,13599.3746,13423.7111,13285.5786,12895.1339,12686.8219,12890.4786,12982.0529,13104.4128,13080.5029,13309.3808,13134.7269,13060.5639,13084.2842,13118.223,13049.3164,13007.6933
New Zealand,Agri-food systems,Emissions (CO2eq) (AR5),kilotonnes,52642.9338,52577.177,53832.78,54942.6227,54916.6233,55464.0346,55546.4736,55090.0751,54052.4736,55525.0487,56304.1367,56442.9088,57265.7397,57255.823,58757.6349,57905.6744,59184.9544,58880.4612,58915.7897,58598.7855,57343.2617
New Zealand,IPCC Agriculture,Emissions (CH4),kilotonnes,1078.4718,1087.49,1116.4955,1131.0936,1130.0019,1128.976,1138.278,1129.4049,1106.0289,1120.6046,1120.1709,1124.8488,1145.6195,1141.3185,1153.4418,1120.5752,1123.1128,1114.0755,1108.1049,1099.4758,1086.5381
New Zealand,IPCC Agriculture,Emissions (CH4),kilotonnes,1212.7593,1226.9104,1218.0232,1234.3821,1235.0267,1244.0514,1251.4714,1219.2192,1174.4171,1180.8736,1182.0805,1198.5069,1226.5025,1233.1197,1245.505,1226.5113,1212.5347,1213.678,1219.3143,1224.2961,1218.8801
New Zealand,IPCC Agriculture,Direct emissions (N2O),kilotonnes,34.2118,34.6489,35.4225,36.2985,36.3682,36.5291,36.0366,35.68,34.718,34.2141,34.7962,35.0623,35.4103,35.3554,35.9777,35.505,35.3426,35.4151,35.5084,35.3133,35.2167
New Zealand,IPCC Agriculture,Indirect emissions (N2O),kilotonnes,10.7063,10.7224,10.8908,11.1595,11.1965,11.2822,11.1094,10.9317,10.4653,10.1945,10.4094,10.4187,10.5003,10.468,10.6031,10.4914,10.3686,10.3965,10.4264,10.3409,10.2979
New Zealand,IPCC Agriculture,Emissions (N2O),kilotonnes,47.5384,48.0224,49.0343,50.1752,50.2347,50.4583,49.805,49.2852,47.8438,47.0828,47.8545,48.145,48.5841,48.4948,49.2716,48.6345,48.3618,48.4825,48.6016,48.3419,48.1945
New Zealand,IPCC Agriculture,Emissions (N2O),kilotonnes,21.8292,23.0558,23.384,24.2086,24.6191,24.8541,24.1973,23.5966,23.5879,23.6522,24.1553,24.7647,25.1142,25.2109,26.1288,25.8482,25.9444,26.0851,26.407,26.479,26.8525
New Zealand,IPCC Agriculture,Emissions (CO2),kilotonnes,790.7798,901.7461,1033.9006,1001.726,1006.9083,1064.1014,929.8237,995.8202,942.6377,965.7707,961.1953,1019.7067,1056.7803,965.9346,998.7602,1050.2374,998.1463,967.0879,1016.1406,1020.5034,951.5068
New Zealand,IPCC Agriculture,Emissions (CO2eq) from CH4 (AR5),kilotonnes,30197.2104,30449.7212,31261.8735,31670.6196,31640.0525,31611.3285,31871.7846,31623.3384,30968.8088,31376.9293,31364.7849,31495.7651,32077.3469,31956.9173,32296.3712,31376.1057,31447.1571,31194.1136,31026.9364,30785.3232,30423.0658
New Zealand,IPCC Agriculture,Emissions (CO2eq) from CH4 (AR5),kilotonnes,33957.2612,34353.4923,34104.6484,34562.6984,34580.7482,34833.4384,35041.2002,34138.1381,32883.6797,33064.4595,33098.2548,33558.1945,34342.0699,34527.3527,34874.1406,34342.3152,33950.9725,33982.9843,34140.8017,34280.2919,34128.6438
New Zealand,IPCC Agriculture,Emissions (CO2eq) from N2O (AR5),kilotonnes,12597.6814,12725.9376,12994.0783,13296.4294,13312.1922,13371.4544,13198.3178,13060.5751,12678.5974,12476.933,12681.4339,12758.432,12874.7924,12851.1264,13056.966,12888.1451,12815.8877,12847.8574,12879.4155,12810.5979,12771.5511
New Zealand,IPCC Agriculture,Emissions (CO2eq) from N2O (AR5),kilotonnes,5784.7488,6109.7869,6196.7524,6415.2664,6524.0622,6586.3298,6412.2777,6253.1058,6250.7856,6267.8271,6401.161,6562.6531,6655.2534,6680.876,6924.1353,6849.7789,6875.2788,6912.5451,6997.8563,7016.928,7115.9024
New Zealand,IPCC Agriculture,Emissions (CO2eq) (AR5),kilotonnes,42794.8918,43175.6588,44255.9518,44967.049,44952.2447,44982.7828,45070.1024,44683.9135,43647.4062,43853.8623,44046.2189,44254.1971,44952.1393,44808.0437,45353.3372,44264.2508,44263.0448,44041.971,43906.3519,43595.9211,43194.6169
New Zealand,IPCC Agriculture,Emissions (CO2eq) (AR5),kilotonnes,40532.7897,41365.0253,41335.3014,41979.6908,42111.7187,42483.8696,42383.3016,41387.0641,40077.103,40298.0573,40460.6111,41140.5543,42054.1036,42174.1633,42797.0361,42242.3315,41824.3976,41862.6172,42154.7986,42317.7233,42196.053
New Zealand,Agricultural Soils,Direct emissions (N2O),kilotonnes,34.2118,34.6489,35.4225,36.2985,36.3682,36.5291,36.0366,35.68,34.718,34.2141,34.7962,35.0623,35.4103,35.3554,35.9777,35.505,35.3426,35.4151,35.5084,35.3133,35.2167
New Zealand,Agricultural Soils,Direct emissions (N2O),kilotonnes,17.1781,18.2406,18.5215,19.1751,19.5063,19.676,19.133,18.6414,18.7531,18.8539,19.2528,19.7382,19.9914,20.0546,20.8816,20.6207,20.7734,20.8773,21.1514,21.2421,21.6132
New Zealand,Agricultural Soils,Indirect emissions (N2O),kilotonnes,10.7063,10.7224,10.8908,11.1595,11.1965,11.2822,11.1094,10.9317,10.4653,10.1945,10.4094,10.4187,10.5003,10.468,10.6031,10.4914,10.3686,10.3965,10.4264,10.3409,10.2979
New Zealand,Agricultural Soils,Indirect emissions (N2O),kilotonnes,4.4147,4.5677,4.6121,4.7682,4.8401,4.9067,4.7869,4.6661,4.547,4.4957,4.5768,4.6832,4.7488,4.7568,4.8416,4.8249,4.7705,4.8007,4.8491,4.8324,4.8393
New Zealand,Agricultural Soils,Emissions (N2O),kilotonnes,46.0402,46.4965,47.4369,48.5805,48.6859,48.9321,48.2656,47.7312,46.3028,45.5262,46.3214,46.5965,47.0261,46.9374,47.6936,47.1092,46.824,46.9238,47.0472,46.7641,46.6243
New Zealand,Agricultural Soils,Emissions (N2O),kilotonnes,21.5929,22.8083,23.1336,23.9433,24.3464,24.5826,23.9199,23.3075,23.3001,23.3496,23.8296,24.4215,24.7402,24.8114,25.7232,25.4456,25.5439,25.678,26.0006,26.0745,26.4525
New Zealand,Agricultural Soils,Emissions (CO2eq) from N2O (AR5),kilotonnes,12200.6583,12321.5731,12570.7877,12873.8311,12901.7602,12967.0025,12790.3874,12648.774,12270.2544,12064.4493,12275.1612,12348.0762,12461.9256,12438.3982,12638.8002,12483.9464,12408.3476,12434.8097,12467.4988,12392.4838,12355.4441
New Zealand,Agricultural Soils,Emissions (CO2eq) from N2O (AR5),kilotonnes,5722.1055,6044.1953,6130.3972,6344.9728,6451.8033,6514.3967,6338.7701,6176.4828,6174.5284,6187.641,6314.8392,6471.6856,6556.1641,6575.0267,6816.6386,6743.0884,6769.121,6804.6762,6890.1512,6909.7331,7009.9137
New Zealand,Agricultural Soils,Emissions (CO2eq) (AR5),kilotonnes,12200.6583,12321.5731,12570.7877,12873.8311,12901.7602,12967.0025,12790.3874,12648.774,12270.2544,12064.4493,12275.1612,12348.0762,12461.9256,12438.3982,12638.8002,12483.9464,12408.3476,12434.8097,12467.4988,12392.4838,12355.4441
New Zealand,Agricultural Soils,Emissions (CO2eq) (AR5),kilotonnes,5722.1055,6044.1953,6130.3972,6344.9728,6451.8033,6514.3967,6338.7701,6176.4828,6174.5284,6187.641,6314.8392,6471.6856,6556.1641,6575.0267,6816.6386,6743.0884,6769.121,6804.6762,6890.1512,6909.7331,7009.9137
New Zealand,LULUCF,Emissions (CH4),kilotonnes,0.0858,0.0498,0.0025,0.0274,0.0075,0,0,0.0822,0.0299,0.0125,0.0075,0,0.0349,0.0398,0,0,0,0.0449,0,0.1944,0.0847
New Zealand,LULUCF,Emissions (CH4),kilotonnes,3.08,3.151,3.3137,3.472,3.1215,4.488,4.5962,6.1903,3.5153,3.9628,3.8311,2.7566,3.0507,2.9693,2.6721,2.97,4.0862,3.6598,3.2002,3.0623,
New Zealand,LULUCF,Emissions (N2O),kilotonnes,0.0047,0.0045,0.0002,0.0025,0.0007,0,0,0.0075,0.0027,0.0011,0.0007,0,0.0032,0.0036,0,0,0,0.0041,0,0.0177,0.0077
New Zealand,LULUCF,Emissions (N2O),kilotonnes,0.7981,0.7853,0.7705,0.7567,0.7424,0.7539,0.754,0.8162,0.6818,0.6726,0.656,0.642,0.6339,0.5974,0.528,0.4999,0.4468,0.3843,0.4058,0.3721,
New Zealand,LULUCF,Emissions (CO2),kilotonnes,-24592.021,-21507.5883,-21510.0825,-21512.4829,-21515.209,-21515.9389,-21518.1533,-21518.1293,-21517.6232,-21519.1007,-21520.0113,-15399.1846,-15398.9466,-15398.2225,-15399.6356,-15399.7707,-9294.2304,-9295.2776,-9295.4878,-9304.011,-9304.3611
New Zealand,LULUCF,Emissions (CO2),kilotonnes,-27130.1952,-27075.4031,-25205.4338,-26350.5473,-26193.2501,-25650.5945,-24036.5851,-23356.599,-29990.6435,-29103.3725,-29983.3457,-26025.0565,-25461.4123,-23997.0633,-26010.1955,-27117.0994,-25631.1003,-26134.8082,-26957.2898,-27612.5294,
New Zealand,LULUCF,Emissions (CO2eq) from CH4 (AR5),kilotonnes,2.4029,1.395,0.0697,0.7681,0.2092,0,0,2.3009,0.8382,0.3493,0.2095,0,0.9769,1.1156,0,0,0,1.2565,0,5.4419,2.3726
New Zealand,LULUCF,Emissions (CO2eq) from N2O (AR5),kilotonnes,1.258,1.2054,0.0603,0.6637,0.1808,0,0,1.9883,0.7243,0.3018,0.181,0,0.8442,0.964,0,0,0,1.0857,0,4.7025,2.0503
New Zealand,LULUCF,Emissions (CO2eq) (AR5),kilotonnes,-24588.3602,-21504.988,-21509.9526,-21511.0511,-21514.819,-21515.9389,-21518.1533,-21513.8402,-21516.0606,-21518.4496,-21519.6208,-15399.1846,-15397.1255,-15396.143,-15399.6356,-15399.7707,-9294.2304,-9292.9354,-9295.4878,-9293.8666,-9299.9382
New Zealand,LULUCF,Emissions (CO2eq) (AR5),kilotonnes,-27130.1952,-27075.4031,-25205.4338,-26350.5473,-26193.2501,-25650.5945,-24036.5851,-23356.599,-29990.6435,-29103.3725,-29983.3457,-26025.0565,-25461.4123,-23997.0633,-26010.1955,-27117.0994,-25631.1003,-26134.8082,-26957.2898,-27612.5294,
New Zealand,AFOLU,Emissions (CH4),kilotonnes,1078.5576,1087.5399,1116.498,1131.121,1130.0093,1128.976,1138.278,1129.4871,1106.0588,1120.6171,1120.1784,1124.8488,1145.6544,1141.3583,1153.4418,1120.5752,1123.1128,1114.1204,1108.1049,1099.6702,1086.6228
New Zealand,AFOLU,Emissions (N2O),kilotonnes,47.5432,48.027,49.0345,50.1777,50.2354,50.4583,49.805,49.2927,47.8465,47.0839,47.8552,48.145,48.5873,48.4985,49.2716,48.6345,48.3618,48.4866,48.6016,48.3596,48.2023
New Zealand,AFOLU,Emissions (CO2),kilotonnes,-24592.021,-21507.5883,-21510.0825,-21512.4829,-21515.209,-21515.9389,-21518.1533,-21518.1293,-21517.6232,-21519.1007,-21520.0113,-15399.1846,-15398.9466,-15398.2225,-15399.6356,-15399.7707,-9294.2304,-9295.2776,-9295.4878,-9304.011,-9304.3611
New Zealand,AFOLU,Emissions (CO2eq) from CH4 (AR5),kilotonnes,30199.6133,30451.1162,31261.9432,31671.3876,31640.2617,31611.3285,31871.7846,31625.6393,30969.6471,31377.2786,31364.9944,31495.7651,32078.3238,31958.0329,32296.3712,31376.1057,31447.1571,31195.37,31026.9364,30790.7651,30425.4384
New Zealand,AFOLU,Emissions (CO2eq) from N2O (AR5),kilotonnes,12598.9393,12727.143,12994.1386,13297.0932,13312.3729,13371.4544,13198.3178,13062.5634,12679.3217,12477.2348,12681.615,12758.432,12875.6365,12852.0904,13056.966,12888.1451,12815.8877,12848.9432,12879.4155,12815.3004,12773.6014
New Zealand,AFOLU,Emissions (CO2eq) (AR5),kilotonnes,18206.5316,21670.6708,22745.9992,23455.9979,23437.4256,23466.8439,23551.9491,23170.0733,22131.3456,22335.4127,22526.5981,28855.0125,29555.0138,29411.9007,29953.7016,28864.48,34968.8144,34749.0356,34610.864,34302.0545,33894.6787
New Zealand,All sectors with LULUCF,Emissions (CH4),kilotonnes,1314.9376,1328.0899,1361.588,1365.491,1365.5593,1364.007,1374.048,1364.6271,1342.6088,1360.5471,1361.6284,1359.6988,1378.3444,1369.9583,1381.2318,1342.5852,1347.0628,1336.8304,1331.6349,1319.3902,1299.6028
New Zealand,All sectors with LULUCF,Emissions (N2O),kilotonnes,49.7682,50.274,51.3295,52.5607,52.6474,52.8843,52.195,51.6117,50.0925,49.1409,49.8582,50.183,50.6903,50.6025,51.4486,50.8325,50.5288,50.6766,50.8086,50.5946,50.2243
New Zealand,All sectors with LULUCF,Emissions (CO2),kilotonnes,11631.139,15825.4617,14872.8575,14680.3171,15297.651,14436.8611,13784.6567,14094.6307,14705.0168,13123.4793,12642.5887,18483.3354,21603.5834,21144.2475,22972.8344,22932.6293,28168.1796,28347.0024,27806.7222,28928.149,23857.7889
New Zealand,All sectors with LULUCF,Emissions (CO2eq) from F-gases (AR5),kilotonnes,818.2174,784.2059,787.1212,878.4661,967.8676,1049.4949,1136.9529,1234.1283,1311.8687,1409.0441,1583.96,1632.5477,1807.4635,1865.7688,2050.4022,2021.2495,2001.8144,2118.425,2205.8829,2312.7759,2303.0584
New Zealand,All sectors with LULUCF,Emissions (CO2eq) from CH4 (AR5),kilotonnes,36818.2533,37186.5162,38124.4632,38233.7476,38235.6617,38192.1965,38473.3446,38209.5593,37593.0471,38095.3186,38125.5944,38071.5651,38593.6438,38358.8329,38674.4912,37592.3857,37717.7571,37431.25,37285.7764,36942.9251,36388.8784
New Zealand,All sectors with LULUCF,Emissions (CO2eq) from N2O (AR5),kilotonnes,13188.5643,13322.598,13602.3136,13928.5882,13951.5529,14014.3444,13831.6678,13677.0984,13274.5117,13022.3398,13212.41,13298.502,13432.9315,13409.6504,13633.871,13470.6151,13390.1427,13429.2932,13464.2705,13407.5754,13309.4314
New Zealand,All sectors with LULUCF,Emissions (CO2eq) (AR5),kilotonnes,62456.174,67118.7818,67386.7554,67721.119,68452.7332,67692.8969,67226.622,67215.4166,66884.4443,65650.1818,65564.5531,71485.9502,75437.6223,74778.4995,77331.5988,76016.8796,81277.8938,81325.9706,80762.6519,81591.4254,75859.1571
New Zealand,All sectors without LULUCF,Emissions (CH4),kilotonnes,1314.8518,1328.04,1361.5855,1365.4636,1365.5519,1364.007,1374.048,1364.5449,1342.5789,1360.5346,1361.6209,1359.6988,1378.3095,1369.9185,1381.2318,1342.5852,1347.0628,1336.7855,1331.6349,1319.1958,1299.5181
New Zealand,All sectors without LULUCF,Emissions (N2O),kilotonnes,49.7634,50.2694,51.3293,52.5582,52.6467,52.8843,52.195,51.6042,50.0898,49.1398,49.8575,50.183,50.6871,50.5988,51.4486,50.8325,50.5288,50.6725,50.8086,50.5769,50.2165
New Zealand,All sectors without LULUCF,Emissions (CO2),kilotonnes,36223.16,37333.05,36382.94,36192.8,36812.86,35952.8,35302.81,35612.76,36222.64,34642.58,34162.6,33882.52,37002.53,36542.47,38372.47,38332.4,37462.41,37642.28,37102.21,38232.16,33162.15
New Zealand,All sectors without LULUCF,Emissions (CO2eq) from F-gases (AR5),kilotonnes,818.2174,784.2059,787.1212,878.4661,967.8676,1049.4949,1136.9529,1234.1283,1311.8687,1409.0441,1583.96,1632.5477,1807.4635,1865.7688,2050.4022,2021.2495,2001.8144,2118.425,2205.8829,2312.7759,2303.0584
New Zealand,All sectors without LULUCF,Emissions (CO2eq) from CH4 (AR5),kilotonnes,36815.8504,37185.1212,38124.3935,38232.9796,38235.4525,38192.1965,38473.3446,38207.2584,37592.2088,38094.9693,38125.3849,38071.5651,38592.6669,38357.7173,38674.4912,37592.3857,37717.7571,37429.9936,37285.7764,36937.4832,36386.5058
New Zealand,All sectors without LULUCF,Emissions (CO2eq) from N2O (AR5),kilotonnes,13187.3064,13321.3926,13602.2533,13927.9244,13951.3722,14014.3444,13831.6678,13675.1101,13273.7874,13022.038,13212.2289,13298.502,13432.0874,13408.6864,13633.871,13470.6151,13390.1427,13428.2074,13464.2705,13402.8729,13307.3811
New Zealand,All sectors without LULUCF,Emissions (CO2eq) (AR5),kilotonnes,87044.5341,88623.7697,88896.708,89232.1701,89967.5522,89208.8358,88744.7753,88729.2568,88400.5049,87168.6314,87084.1739,86885.1348,90834.7478,90174.6425,92731.2344,91416.6503,90572.1243,90618.906,90058.1398,90885.292,85159.0953
Nicaragua,Crop Residues,Direct emissions (N2O),kilotonnes,0.192,0.1857,0.2166,0.2357,0.1893,0.228,0.2042,0.1968,0.1863,0.2059,0.2099,0.2373,0.2368,0.2169,0.1931,0.1735,0.2111,0.202,0.1985,0.205,0.2051
Nicaragua,Crop Residues,Indirect emissions (N2O),kilotonnes,0.0432,0.0418,0.0487,0.053,0.0426,0.0513,0.046,0.0443,0.0419,0.0463,0.0472,0.0534,0.0533,0.0488,0.0434,0.039,0.0475,0.0455,0.0447,0.0461,0.0461
Nicaragua,Crop Residues,Emissions (N2O),kilotonnes,0.2352,0.2275,0.2654,0.2887,0.2319,0.2792,0.2502,0.2411,0.2282,0.2522,0.2571,0.2907,0.2901,0.2657,0.2365,0.2126,0.2586,0.2475,0.2431,0.2511,0.2512
Nicaragua,Crop Residues,Emissions (CO2eq) from N2O (AR5),kilotonnes,62.3193,60.2868,70.3212,76.5014,61.4657,74.0004,66.3043,63.8798,60.4719,66.8435,68.1386,77.0296,76.8784,70.4086,62.6786,56.3326,68.5416,65.5825,64.4238,66.5538,66.5765
Nicaragua,Crop Residues,Emissions (CO2eq) (AR5),kilotonnes,62.3193,60.2868,70.3212,76.5014,61.4657,74.0004,66.3043,63.8798,60.4719,66.8435,68.1386,77.0296,76.8784,70.4086,62.6786,56.3326,68.5416,65.5825,64.4238,66.5538,66.5765
Nicaragua,Rice Cultivation,Emissions (CH4),kilotonnes,2.5989,2.3543,2.5796,2.6032,2.062,2.6787,2.4587,1.9139,1.9927,2.0651,2.4728,2.8106,3.105,2.0962,1.853,1.5266,1.8743,1.9012,1.9532,2.0695,2.0718
Nicaragua,Rice Cultivation,Emissions (CO2eq) from CH4 (AR5),kilotonnes,72.7693,65.9203,72.2284,72.89,57.7369,75.0029,68.8446,53.588,55.7965,57.8239,69.2382,78.6956,86.9393,58.6949,51.8851,42.7445,52.481,53.2328,54.6903,57.9447,58.0113
Nicaragua,Rice Cultivation,Emissions (CO2eq) (AR5),kilotonnes,72.7693,65.9203,72.2284,72.89,57.7369,75.0029,68.8446,53.588,55.7965,57.8239,69.2382,78.6956,86.9393,58.6949,51.8851,42.7445,52.481,53.2328,54.6903,57.9447,58.0113
Nicaragua,Burning - Crop residues,Emissions (CH4),kilotonnes,1.1053,1.0523,1.2176,1.2773,1.0615,1.2933,1.1458,1.1497,1.0605,1.1086,1.1479,1.2183,1.2131,1.3585,1.0682,0.9355,1.1766,1.0924,1.006,1.0635,1.0547
Nicaragua,Burning - Crop residues,Emissions (CH4),kilotonnes,3,,,,,,,,,,,,,,,,,,,,
Nicaragua,Burning - Crop residues,Emissions (N2O),kilotonnes,0.0287,0.0273,0.0316,0.0331,0.0275,0.0335,0.0297,0.0298,0.0275,0.0287,0.0298,0.0316,0.0315,0.0352,0.0277,0.0243,0.0305,0.0283,0.0261,0.0276,0.0273
Nicaragua,Burning - Crop residues,Emissions (CO2eq) from CH4 (AR5),kilotonnes,30.9472,29.4636,34.0939,35.7635,29.7211,36.2126,32.082,32.1911,29.6927,31.0416,32.141,34.1121,33.9673,38.0377,29.9099,26.1933,32.9437,30.5864,28.1667,29.7791,29.5328
Nicaragua,Burning - Crop residues,Emissions (CO2eq) from CH4 (AR5),kilotonnes,84,,,,,,,,,,,,,,,,,,,,
Nicaragua,Burning - Crop residues,Emissions (CO2eq) from N2O (AR5),kilotonnes,7.5935,7.2295,8.3656,8.7753,7.2927,8.8855,7.872,7.8987,7.2857,7.6167,7.8864,8.3701,8.3346,9.3333,7.339,6.4271,8.0834,7.505,6.9113,7.3069,7.2465
Nicaragua,Burning - Crop residues,Emissions (CO2eq) (AR5),kilotonnes,38.5407,36.6931,42.4596,44.5388,37.0138,45.0981,39.9539,40.0899,36.9785,38.6582,40.0274,42.4822,42.3019,47.371,37.2489,32.6204,41.0271,38.0913,35.078,37.0861,36.7793
Nicaragua,Burning - Crop residues,Emissions (CO2eq) (AR5),kilotonnes,84,,,,,,,,,,,,,,,,,,,,
Nicaragua,Enteric Fermentation,Emissions (CH4),kilotonnes,201.59,203.103,206.296,215.0425,209.8655,216.162,222.0905,222.686,223.294,226.72,229.6549,253.4359,263.5453,277.2645,290.9215,305.3987,304.2119,297.3937,306.4247,310.228,316.0388
Nicaragua,Enteric Fermentation,Emissions (CH4),kilotonnes,143,,,,,,,,,,,,,,,,,,,,
Nicaragua,Enteric Fermentation,Emissions (CO2eq) from CH4 (AR5),kilotonnes,5644.52,5686.884,5776.288,6021.19,5876.234,6052.536,6218.534,6235.208,6252.232,6348.16,6430.3372,7096.204,7379.2683,7763.4067,8145.801,8551.1636,8517.9332,8327.024,8579.8919,8686.3836,8849.0875
Nicaragua,Enteric Fermentation,Emissions (CO2eq) from CH4 (AR5),kilotonnes,4004,,,,,,,,,,,,,,,,,,,,
Nicaragua,Enteric Fermentation,Emissions (CO2eq) (AR5),kilotonnes,5644.52,5686.884,5776.288,6021.19,5876.234,6052.536,6218.534,6235.208,6252.232,6348.16,6430.3372,7096.204,7379.2683,7763.4067,8145.801,8551.1636,8517.9332,8327.024,8579.8919,8686.3836,8849.0875
Nicaragua,Enteric Fermentation,Emissions (CO2eq) (AR5),kilotonnes,4004,,,,,,,,,,,,,,,,,,,,
Nicaragua,Manure Management,Emissions (CH4),kilotonnes,4.9651,5.0416,5.1245,5.3349,5.2619,5.4161,5.5366,5.5527,5.5677,5.6459,5.7163,6.0683,6.372,6.6304,6.9555,7.2956,7.3194,7.0573,7.2338,7.3051,7.426
Nicaragua,Manure Management,Emissions (CH4),kilotonnes,4,,,,,,,,,,,,,,,,,,,,
Nicaragua,Manure Management,Emissions (N2O),kilotonnes,0.2041,0.2094,0.2153,0.2218,0.2233,0.229,0.2332,0.2358,0.2383,0.2424,0.2454,0.2288,0.2525,0.2543,0.2674,0.2814,0.2911,0.2615,0.2637,0.259,0.2623
Nicaragua,Manure Management,Emissions (N2O),kilotonnes,1,,,,,,,,,,,,,,,,,,,,
Nicaragua,Manure Management,Emissions (CO2eq) from CH4 (AR5),kilotonnes,139.0219,141.1651,143.4869,149.3771,147.3338,151.6513,155.0239,155.4749,155.8956,158.0854,160.0555,169.911,178.416,185.6509,194.7553,204.2781,204.9445,197.6046,202.5477,204.5434,207.9279
Nicaragua,Manure Management,Emissions (CO2eq) from CH4 (AR5),kilotonnes,112,,,,,,,,,,,,,,,,,,,,
Nicaragua,Manure Management,Emissions (CO2eq) from N2O (AR5),kilotonnes,54.0773,55.4802,57.0676,58.7787,59.1802,60.6866,61.7917,62.4975,63.1399,64.2452,65.0349,60.6207,66.9034,67.382,70.8527,74.5733,77.1544,69.2889,69.8707,68.6359,69.5063
Nicaragua,Manure Management,Emissions (CO2eq) from N2O (AR5),kilotonnes,265,,,,,,,,,,,,,,,,,,,,
Nicaragua,Manure Management,Emissions (CO2eq) (AR5),kilotonnes,193.0992,196.6453,200.5545,208.1559,206.5141,212.3379,216.8155,217.9724,219.0355,222.3306,225.0904,230.5317,245.3194,253.0328,265.608,278.8515,282.0989,266.8935,272.4184,273.1794,277.4342
Nicaragua,Manure Management,Emissions (CO2eq) (AR5),kilotonnes,377,,,,,,,,,,,,,,,,,,,,
Nicaragua,Manure left on Pasture,Direct emissions (N2O),kilotonnes,3.9659,4.0054,4.0597,4.2535,4.1257,4.2407,4.3565,4.3399,4.3227,4.3702,4.4318,4.9974,5.2208,5.5456,5.8861,6.2423,6.1911,6.05,6.2553,6.4331,6.5541
Nicaragua,Manure left on Pasture,Indirect emissions (N2O),kilotonnes,0.8797,0.8884,0.9002,0.9428,0.9164,0.9413,0.9659,0.9624,0.9587,0.9688,0.9819,1.1021,1.1497,1.2187,1.2911,1.3668,1.3559,1.3259,1.3696,1.4073,1.433
Nicaragua,Manure left on Pasture,Emissions (N2O),kilotonnes,4.8456,4.8938,4.96,5.1963,5.0421,5.182,5.3224,5.3023,5.2814,5.339,5.4137,6.0995,6.3705,6.7643,7.1772,7.6092,7.5471,7.3759,7.6249,7.8405,7.9871
Nicaragua,Manure left on Pasture,Emissions (CO2eq) from N2O (AR5),kilotonnes,1284.0765,1296.8568,1314.3951,1377.023,1336.1656,1373.2203,1410.4371,1405.1121,1399.5831,1414.8432,1434.6401,1616.3805,1688.1708,1792.545,1901.9466,2016.4265,1999.9708,1954.6251,2020.59,2077.7238,2116.5823
Nicaragua,Manure left on Pasture,Emissions (CO2eq) (AR5),kilotonnes,1284.0765,1296.8568,1314.3951,1377.023,1336.1656,1373.2203,1410.4371,1405.1121,1399.5831,1414.8432,1434.6401,1616.3805,1688.1708,1792.545,1901.9466,2016.4265,1999.9708,1954.6251,2020.59,2077.7238,2116.5823
Nicaragua,Manure applied to Soils,Direct emissions (N2O),kilotonnes,0.593,0.6029,0.6181,0.63,0.6417,0.6689,0.6825,0.7028,0.7233,0.7471,0.7547,0.7268,0.7505,0.7445,0.7389,0.7344,0.7632,0.7325,0.7333,0.6758,0.6862
Nicaragua,Manure applied to Soils,Indirect emissions (N2O),kilotonnes,0.252,0.2562,0.2627,0.2678,0.2727,0.2843,0.29,0.2987,0.3074,0.3175,0.3207,0.3089,0.3189,0.3164,0.314,0.3121,0.3244,0.3113,0.3116,0.2872,0.2916
Nicaragua,Manure applied to Soils,Emissions (N2O),kilotonnes,0.8451,0.8591,0.8808,0.8978,0.9144,0.9532,0.9725,1.0014,1.0307,1.0647,1.0754,1.0356,1.0694,1.0608,1.0529,1.0465,1.0876,1.0438,1.0449,0.9631,0.9778
Nicaragua,Manure applied to Soils,Emissions (CO2eq) from N2O (AR5),kilotonnes,223.9464,227.6708,233.4222,237.9079,242.3061,252.5936,257.713,265.3787,273.1482,282.1364,284.9796,274.4403,283.3933,281.123,279.0193,277.3274,288.2078,276.6194,276.9046,255.2122,259.1162
Nicaragua,Manure applied to Soils,Emissions (CO2eq) (AR5),kilotonnes,223.9464,227.6708,233.4222,237.9079,242.3061,252.5936,257.713,265.3787,273.1482,282.1364,284.9796,274.4403,283.3933,281.123,279.0193,277.3274,288.2078,276.6194,276.9046,255.2122,259.1162
Nicaragua,Synthetic Fertilizers,Direct emissions (N2O),kilotonnes,0.2231,0.1881,0.5537,0.5762,0.5245,0.5596,0.6705,0.658,0.5361,0.7431,0.6264,0.864,1.0274,0.5703,0.7946,0.8781,0.9343,1.2201,0.7591,0.8481,1.0553
Nicaragua,Synthetic Fertilizers,Indirect emissions (N2O),kilotonnes,0.0725,0.0611,0.18,0.1873,0.1705,0.1819,0.2179,0.2138,0.1742,0.2415,0.2036,0.2808,0.3339,0.1853,0.2583,0.2854,0.3036,0.3965,0.2467,0.2756,0.343
Nicaragua,Synthetic Fertilizers,Emissions (N2O),kilotonnes,0.2957,0.2492,0.7337,0.7635,0.695,0.7414,0.8885,0.8718,0.7103,0.9845,0.83,1.1447,1.3613,0.7556,1.0529,1.1635,1.2379,1.6166,1.0059,1.1238,1.3982
Nicaragua,Synthetic Fertilizers,Emissions (CO2eq) from N2O (AR5),kilotonnes,78.351,66.0356,194.4209,202.3167,184.1746,196.4735,235.4449,231.0362,188.2356,260.9034,219.9512,303.3565,360.7403,200.231,279.0125,308.3298,328.0423,428.403,266.5563,297.7952,370.5278
Nicaragua,Synthetic Fertilizers,Emissions (CO2eq) (AR5),kilotonnes,78.351,66.0356,194.4209,202.3167,184.1746,196.4735,235.4449,231.0362,188.2356,260.9034,219.9512,303.3565,360.7403,200.231,279.0125,308.3298,328.0423,428.403,266.5563,297.7952,370.5278
Nicaragua,Drained organic soils,Emissions (CO2eq) (AR5),kilotonnes,43.0908,43.0908,43.0908,43.0908,43.0908,43.0908,43.0908,43.0908,43.0908,43.0908,41.1878,41.1878,41.1878,41.1878,39.2849,39.2849,39.2849,39.2849,39.2849,34.2529,34.2529
Nicaragua,Drained organic soils (CO2),Emissions (CO2),kilotonnes,41.0812,41.0812,41.0812,41.0812,41.0812,41.0812,41.0812,41.0812,41.0812,41.0812,39.2656,39.2656,39.2656,39.2656,37.4501,37.4501,37.4501,37.4501,37.4501,32.6802,32.6802
Nicaragua,Drained organic soils (CO2),Emissions (CO2eq) (AR5),kilotonnes,41.0812,41.0812,41.0812,41.0812,41.0812,41.0812,41.0812,41.0812,41.0812,41.0812,39.2656,39.2656,39.2656,39.2656,37.4501,37.4501,37.4501,37.4501,37.4501,32.6802,32.6802
Nicaragua,Drained organic soils (N2O),Emissions (N2O),kilotonnes,0.0076,0.0076,0.0076,0.0076,0.0076,0.0076,0.0076,0.0076,0.0076,0.0076,0.0073,0.0073,0.0073,0.0073,0.0069,0.0069,0.0069,0.0069,0.0069,0.0059,0.0059
Nicaragua,Drained organic soils (N2O),Emissions (CO2eq) from N2O (AR5),kilotonnes,2.0096,2.0096,2.0096,2.0096,2.0096,2.0096,2.0096,2.0096,2.0096,2.0096,1.9222,1.9222,1.9222,1.9222,1.8348,1.8348,1.8348,1.8348,1.8348,1.5727,1.5727
Nicaragua,Drained organic soils (N2O),Emissions (CO2eq) (AR5),kilotonnes,2.0096,2.0096,2.0096,2.0096,2.0096,2.0096,2.0096,2.0096,2.0096,2.0096,1.9222,1.9222,1.9222,1.9222,1.8348,1.8348,1.8348,1.8348,1.8348,1.5727,1.5727
Nicaragua,On-farm energy use,Emissions (CH4),kilotonnes,0.0049,0.0049,0.0051,0.0053,0.0054,0.0054,0.0056,0.0049,0.0053,0.0055,0.0054,0.0054,0.0055,0.0056,0.0058,0.0062,0.0062,0.0064,0.0062,0.0063,0.0063
Nicaragua,On-farm energy use,Emissions (N2O),kilotonnes,0.005,0.005,0.0063,0.0075,0.0087,0.0087,0.01,0.005,0.0087,0.0099,0.0099,0.0099,0.0099,0.0112,0.0124,0.0136,0.0136,0.0149,0.0136,0.0139,0.0139
Nicaragua,On-farm energy use,Emissions (CO2),kilotonnes,21.9268,21.9268,25.1131,28.2994,31.4857,31.1221,34.3811,22.0722,30.7585,33.4357,33.2903,33.2903,33.7993,36.4766,39.6629,46.052,46.052,49.0201,45.9065,47.1553,47.1553
Nicaragua,On-farm energy use,Emissions (CO2eq) from CH4 (AR5),kilotonnes,0.1372,0.1372,0.1421,0.1471,0.1521,0.1508,0.1561,0.1377,0.1495,0.1527,0.1521,0.1521,0.154,0.1571,0.1621,0.1745,0.1745,0.1787,0.174,0.1764,0.1764
Nicaragua,On-farm energy use,Emissions (CO2eq) from N2O (AR5),kilotonnes,1.3347,1.3347,1.6606,1.9865,2.3124,2.3117,2.6377,1.335,2.3109,2.6358,2.6355,2.6355,2.6365,2.9614,3.2873,3.6149,3.6149,3.9403,3.6146,3.68,3.68
Nicaragua,On-farm energy use,Emissions (CO2eq) (AR5),kilotonnes,23.3987,23.3987,26.9159,30.4331,33.9503,33.5846,37.1749,23.5449,33.2189,36.2242,36.0779,36.0779,36.5899,39.5951,43.1123,49.8414,49.8414,53.1392,49.6952,51.0117,51.0117
Nicaragua,Forestland,Emissions (CO2),kilotonnes,-38.3198,-266.4878,-266.4878,-266.4878,-266.4878,-266.4878,-266.4878,-266.4878,-266.4878,-266.4878,-266.4878,-978.4188,-978.4188,-978.4188,-978.4188,-978.4188,-978.4188,-978.4188,-978.4188,-978.4188,-978.4188
Nicaragua,Forestland,Emissions (CO2eq) (AR5),kilotonnes,-38.3198,-266.4878,-266.4878,-266.4878,-266.4878,-266.4878,-266.4878,-266.4878,-266.4878,-266.4878,-266.4878,-978.4188,-978.4188,-978.4188,-978.4188,-978.4188,-978.4188,-978.4188,-978.4188,-978.4188,-978.4188
Nicaragua,Net Forest conversion,Emissions (CO2),kilotonnes,19489.9865,23825.763,23825.763,23825.763,23825.763,23825.763,23825.763,23825.763,23825.763,23825.763,23825.763,11895.4722,11895.4722,11895.4722,11895.4722,11895.4722,20430.0855,20430.0855,20430.0855,20430.0855,20430.0855
Nicaragua,Net Forest conversion,Emissions (CO2eq) (AR5),kilotonnes,19489.9865,23825.763,23825.763,23825.763,23825.763,23825.763,23825.763,23825.763,23825.763,23825.763,23825.763,11895.4722,11895.4722,11895.4722,11895.4722,11895.4722,20430.0855,20430.0855,20430.0855,20430.0855,20430.0855
Nicaragua,Savanna fires,Emissions (CH4),kilotonnes,0.7869,0.5576,0.7658,4.0691,1.1158,5.031,1.4321,1.3002,2.2648,0.8597,2.9075,1.5129,0.8694,2.6999,3.2758,0.9627,2.4074,0.705,2.4716,2.0551,3.2644
Nicaragua,Savanna fires,Emissions (N2O),kilotonnes,0.0719,0.0509,0.0699,0.3715,0.1019,0.4593,0.1308,0.1187,0.2068,0.0785,0.2655,0.1381,0.0794,0.2465,0.2991,0.0879,0.2198,0.0644,0.2257,0.1876,0.2981
Nicaragua,Savanna fires,Emissions (CO2eq) from CH4 (AR5),kilotonnes,22.034,15.612,21.4421,113.9342,31.2415,140.8671,40.0982,36.407,63.414,24.0706,81.4105,42.3611,24.3431,75.5962,91.7231,26.9556,67.4074,19.7388,69.206,57.5441,91.4034
Nicaragua,Savanna fires,Emissions (CO2eq) from N2O (AR5),kilotonnes,19.0405,13.4908,18.5288,98.454,26.9967,121.7276,34.6501,31.4604,54.7979,20.8001,70.3493,36.6055,21.0356,65.3249,79.2607,23.2932,58.2488,17.0569,59.803,49.7256,78.9845
Nicaragua,Savanna fires,Emissions (CO2eq) (AR5),kilotonnes,41.0745,29.1027,39.9709,212.3882,58.2382,262.5947,74.7483,67.8674,118.2119,44.8707,151.7597,78.9666,45.3787,140.9211,170.9839,50.2488,125.6562,36.7957,129.009,107.2696,170.3879
Nicaragua,Fires in organic soils,Emissions (CH4),kilotonnes,0,0,0,0,0,0,0,0,0,0,0,0,0,0,0,0,0,0,0,0,0
Nicaragua,Fires in organic soils,Emissions (CO2),kilotonnes,0,0,0,0,0,0,0,0,0,0,0,0,0,0,0,0,0,0,0,0,0
Nicaragua,Fires in organic soils,Emissions (CO2eq) from CH4 (AR5),kilotonnes,0,0,0,0,0,0,0,0,0,0,0,0,0,0,0,0,0,0,0,0,0
Nicaragua,Fires in organic soils,Emissions (CO2eq) (AR5),kilotonnes,0,0,0,0,0,0,0,0,0,0,0,0,0,0,0,0,0,0,0,0,0
Nicaragua,Forest fires,Emissions (CH4),kilotonnes,6.406,0.1859,0.1112,3.9826,0.2977,4.2871,0.8538,0.2925,0.8114,0.4337,1.5221,0.9838,0.4868,1.9627,2.6238,1.2294,2.8366,0.4736,2.0035,2.3442,4.0708
Nicaragua,Forest fires,Emissions (N2O),kilotonnes,0.1884,0.017,0.0102,0.3636,0.0272,0.3914,0.078,0.0267,0.0741,0.0396,0.139,0.0898,0.0444,0.1792,0.2396,0.1122,0.259,0.0432,0.1829,0.214,0.3717
Nicaragua,Forest fires,Emissions (CO2eq) from CH4 (AR5),kilotonnes,179.3683,5.2051,3.1141,111.5137,8.3342,120.0377,23.9065,8.191,22.7206,12.1449,42.6186,27.5467,13.6295,54.9564,73.4653,34.422,79.4246,13.262,56.0991,65.6368,113.9811
Nicaragua,Forest fires,Emissions (CO2eq) from N2O (AR5),kilotonnes,49.9292,4.4979,2.691,96.3624,7.2018,103.7282,20.6584,7.0781,19.6336,10.4948,36.8281,23.8039,11.7777,47.4895,63.4836,29.7451,68.6332,11.4601,48.477,56.7187,98.4946
Nicaragua,Forest fires,Emissions (CO2eq) (AR5),kilotonnes,229.2975,9.703,5.805,207.876,15.536,223.7659,44.5649,15.2691,42.3541,22.6397,79.4467,51.3506,25.4072,102.4459,136.949,64.1671,148.0578,24.7222,104.5761,122.3555,212.4757
Nicaragua,Fires in humid tropical forests,Emissions (CH4),kilotonnes,6.1423,0.1809,0.1038,3.9331,0.2927,4.2524,0.8488,0.2901,0.809,0.4337,1.5221,0.9367,0.4843,1.9479,2.6238,1.2294,2.8366,0.4736,2.0011,2.2698,3.9518
Nicaragua,Fires in humid tropical forests,Emissions (N2O),kilotonnes,0.1807,0.0165,0.0095,0.3591,0.0267,0.3883,0.0775,0.0265,0.0739,0.0396,0.139,0.0855,0.0442,0.1778,0.2396,0.1122,0.259,0.0432,0.1827,0.2072,0.3608
Nicaragua,Fires in humid tropical forests,Emissions (CO2eq) from CH4 (AR5),kilotonnes,171.9845,5.0663,2.9058,110.1255,8.1954,119.066,23.7677,8.1216,22.6512,12.1449,42.6186,26.2278,13.5601,54.5399,73.4653,34.422,79.4246,13.262,56.0297,63.5545,110.6495
Nicaragua,Fires in humid tropical forests,Emissions (CO2eq) from N2O (AR5),kilotonnes,47.8738,4.3779,2.511,95.1628,7.0819,102.8886,20.5384,7.0181,19.5736,10.4948,36.8281,22.6643,11.7177,47.1296,63.4836,29.7451,68.6332,11.4601,48.417,54.9194,95.6156
Nicaragua,Fires in humid tropical forests,Emissions (CO2eq) (AR5),kilotonnes,219.8584,9.4442,5.4169,205.2884,15.2773,221.9545,44.3061,15.1397,42.2247,22.6397,79.4467,48.8921,25.2778,101.6695,136.949,64.1671,148.0578,24.7222,104.4467,118.4738,206.265
Nicaragua,Waste - agri-food systems,Emissions (CH4),kilotonnes,62.5436,62.7589,62.8701,63.0178,63.0577,63.3401,63.6894,64.0558,64.3585,64.6894,65.0301,65.3424,65.8153,66.3706,66.3671,65.7323,66.0124,66.2368,66.2785,66.293,66.3082
Nicaragua,Waste - agri-food systems,Emissions (N2O),kilotonnes,0.1098,0.1214,0.1194,0.1249,0.1276,0.1307,0.1366,0.1399,0.1407,0.1434,0.1469,0.1494,0.15,0.1599,0.1485,0.1477,0.1545,0.1567,0.1579,0.1592,0.1604
Nicaragua,Waste - agri-food systems,Emissions (CO2),kilotonnes,0,0,0,0,0,0,0,0,0,0,0,0,0,0,0,0,0,0,0,0,0
Nicaragua,Waste - agri-food systems,Emissions (CO2eq) from CH4 (AR5),kilotonnes,1751.222,1757.2496,1760.3622,1764.4984,1765.6161,1773.5238,1783.3027,1793.5627,1802.0369,1811.3035,1820.842,1829.5879,1842.8282,1858.3778,1858.2775,1840.504,1848.3469,1854.63,1855.7991,1856.2036,1856.6308
Nicaragua,Waste - agri-food systems,Emissions (CO2eq) from N2O (AR5),kilotonnes,29.1065,32.1642,31.6367,33.0934,33.8118,34.6356,36.1874,37.0711,37.2849,37.998,38.9317,39.6003,39.7623,42.3639,39.3647,39.1419,40.9301,41.5258,41.8441,42.1805,42.5119
Nicaragua,Waste - agri-food systems,Emissions (CO2eq) (AR5),kilotonnes,1780.3285,1789.4138,1791.9989,1797.5918,1799.4279,1808.1595,1819.49,1830.6338,1839.3218,1849.3015,1859.7737,1869.1882,1882.5905,1900.7417,1897.6421,1879.6459,1889.2771,1896.1558,1897.6432,1898.3841,1899.1428
Nicaragua,On-farm electricity use,Emissions (CH4),kilotonnes,0.1092,0.1068,0.09,0.0768,0.0804,0.0792,0.0792,0.0732,0.0816,0.1032,0.0792,0.09,0.1128,0.1056,0.1332,0.1356,0.1344,0.138,0.1524,0.1562,0.1562
Nicaragua,On-farm electricity use,Emissions (N2O),kilotonnes,0.0006,0.0006,0.0005,0.0004,0.0004,0.0004,0.0004,0.0004,0.0004,0.0006,0.0004,0.0005,0.0006,0.0005,0.0007,0.0007,0.0007,0.0007,0.0008,0.0008,0.0008
Nicaragua,On-farm electricity use,Emissions (CO2),kilotonnes,53.7533,53.2984,42.5755,34.7759,35.9154,31.7596,34.4448,32.5192,32.6422,43.4999,30.3656,35.3138,38.2228,43.4634,54.8232,55.811,55.3171,56.7988,62.7257,64.3061,64.3061
Nicaragua,On-farm electricity use,Emissions (CO2eq) from CH4 (AR5),kilotonnes,3.0576,2.9904,2.52,2.1504,2.2512,2.2176,2.2176,2.0496,2.2848,2.8896,2.2176,2.52,3.1584,2.9568,3.7296,3.7968,3.7632,3.864,4.2672,4.3736,4.3736
Nicaragua,On-farm electricity use,Emissions (CO2eq) from N2O (AR5),kilotonnes,0.159,0.159,0.1325,0.106,0.106,0.106,0.106,0.106,0.106,0.159,0.106,0.1325,0.159,0.1325,0.1855,0.1855,0.1855,0.1855,0.212,0.212,0.212
Nicaragua,On-farm electricity use,Emissions (CO2eq) (AR5),kilotonnes,56.9699,56.4478,45.228,37.0323,38.2726,34.0832,36.7684,34.6748,35.033,46.5485,32.6892,37.9663,41.5402,46.5527,58.7383,59.7933,59.2658,60.8483,67.2049,68.8917,68.8917
Nicaragua,Food Processing,Emissions (CH4),kilotonnes,0.0164,0.0168,0.0208,0.0195,0.021,1.4859,1.2882,1.5083,1.584,1.7079,1.1391,1.281,1.5249,1.4912,1.5245,1.5839,1.9759,1.8841,1.8131,2.0417,2.0417
Nicaragua,Food Processing,Emissions (N2O),kilotonnes,0.0008,0.0008,0.0008,0.0008,0.0008,0.0041,0.0038,0.0039,0.0039,0.0036,0.0029,0.0029,0.0031,0.0031,0.0031,0.0033,0.0033,0.0033,0.0032,0.0032,0.0033
Nicaragua,Food Processing,Emissions (CO2),kilotonnes,35.2713,37.1808,36.6275,37.5446,38.9125,173.6988,175.7643,177.1893,155.3271,140.1442,141.4614,144.0328,148.0009,124.2808,123.4643,155.2429,163.1042,157.2897,145.7554,145.1882,123.2533
Nicaragua,Food Processing,Emissions (CO2eq) from CH4 (AR5),kilotonnes,0.4592,0.4704,0.5824,0.546,0.588,41.6052,36.0696,42.2324,44.352,47.8212,31.8948,35.868,42.6972,41.7536,42.686,44.3492,55.3252,52.7548,50.7668,57.1676,57.1676
Nicaragua,Food Processing,Emissions (CO2eq) from N2O (AR5),kilotonnes,0.212,0.212,0.212,0.212,0.212,1.0865,1.007,1.0335,1.0335,0.954,0.7685,0.7685,0.8215,0.8215,0.8215,0.8745,0.8745,0.8745,0.848,0.848,0.8655
Nicaragua,Food Processing,Emissions (CO2eq) (AR5),kilotonnes,35.9425,37.8632,37.4219,38.3026,39.7125,216.3905,212.8409,220.4552,200.7126,188.9194,174.1247,180.6693,191.5196,166.8559,166.9718,200.4666,219.3039,210.919,197.3702,203.2038,181.2864
Nicaragua,Food Packaging,Emissions (CH4),kilotonnes,0.0764,0.0703,0.0663,0.0676,0.0594,0.0521,0.0453,0.0564,0.057,0.0596,0.1809,0.2059,0.2356,0.2314,0.0317,0.0319,0.04,0.0383,0.0373,0.1047,0.1047
Nicaragua,Food Packaging,Emissions (N2O),kilotonnes,0.0002,0.0002,0.0002,0.0002,0.0002,0.0002,0.0002,0.0003,0.0002,0.0002,0.0004,0.0004,0.0004,0.0004,0.0001,0.0001,0.0001,0.0001,0.0001,0.0002,0.0002
Nicaragua,Food Packaging,Emissions (CO2),kilotonnes,8.414,8.1663,7.5149,7.6377,7.786,6.9669,7.366,12.2499,9.6975,6.7885,13.9655,13.9308,13.569,13.9077,5.3104,5.9214,6.5802,6.4847,6.5734,9.3085,7.9022
Nicaragua,Food Packaging,Emissions (CO2eq) from CH4 (AR5),kilotonnes,2.1392,1.9684,1.8564,1.8928,1.6632,1.4588,1.2684,1.5792,1.596,1.6688,5.0652,5.7652,6.5968,6.4792,0.8876,0.8932,1.12,1.0724,1.0444,2.9316,2.9316
Nicaragua,Food Packaging,Emissions (CO2eq) from N2O (AR5),kilotonnes,0.053,0.053,0.053,0.053,0.053,0.053,0.053,0.0795,0.053,0.053,0.106,0.106,0.106,0.106,0.0265,0.0265,0.0265,0.0265,0.0265,0.053,0.0541
Nicaragua,Food Packaging,Emissions (CO2eq) (AR5),kilotonnes,10.6062,10.1877,9.4243,9.5835,9.5022,8.4787,8.6874,13.9086,11.3465,8.5103,19.1367,19.802,20.2718,20.4929,6.2245,6.8411,7.7267,7.5836,7.6443,12.2931,10.8879
Nicaragua,Food Retail,Emissions (CH4),kilotonnes,0.0102,0.0102,0.0099,0.0095,0.0097,0.0094,0.1451,0.1839,0.1874,0.1948,0.1808,0.1844,0.1912,0.2277,0.235,0.2405,0.2654,0.2446,0.2604,0.2819,0.2819
Nicaragua,Food Retail,Emissions (N2O),kilotonnes,0.0001,0.0001,0.0001,0.0001,0.0001,0.0001,0.001,0.0012,0.0011,0.0014,0.0012,0.0013,0.0013,0.0016,0.0016,0.0017,0.0018,0.0018,0.0018,0.002,0.002
Nicaragua,Food Retail,Emissions (CO2),kilotonnes,4.9446,5.2413,5.3119,5.6086,5.8911,5.7357,108.9729,118.6865,109.1132,127.9458,119.1439,123.9421,118.6915,158.754,166.4179,177.7855,190.788,188.496,192.6845,198.7286,168.7049
Nicaragua,Food Retail,Emissions (CO2eq) from CH4 (AR5),kilotonnes,0.2847,0.2847,0.2772,0.2659,0.2716,0.2622,4.0628,5.1492,5.2472,5.4544,5.0624,5.1632,5.3536,6.3756,6.58,6.734,7.4312,6.8488,7.2912,7.8932,7.8932
Nicaragua,Food Retail,Emissions (CO2eq) from N2O (AR5),kilotonnes,0.0268,0.0254,0.0268,0.0258,0.028,0.0281,0.265,0.318,0.2915,0.371,0.318,0.3445,0.3445,0.424,0.424,0.4505,0.477,0.477,0.477,0.53,0.5409
Nicaragua,Food Retail,Emissions (CO2eq) (AR5),kilotonnes,5.2561,5.5513,5.6159,5.9003,6.1907,6.0261,113.3007,124.1537,114.6519,133.7712,124.5243,129.4498,124.3896,165.5536,173.4219,184.97,198.6962,195.8218,200.4527,207.1518,177.139
Nicaragua,Food Household Consumption,Emissions (CH4),kilotonnes,0.3865,0.3896,0.4046,0.4432,0.4649,0.5166,0.5408,0.6325,0.6709,0.666,0.7243,0.7859,0.8501,0.8855,0.9147,0.9353,1.0316,0.9509,1.068,1.068,1.068
Nicaragua,Food Household Consumption,Emissions (N2O),kilotonnes,0.0024,0.0024,0.0025,0.0025,0.0025,0.0028,0.0029,0.0036,0.0034,0.004,0.0038,0.0042,0.0045,0.0047,0.0049,0.005,0.0055,0.0051,0.0057,0.0057,0.0058
Nicaragua,Food Household Consumption,Emissions (CO2),kilotonnes,249.5418,253.5876,256.8913,264.1618,269.1222,268.7815,294.5686,342.2641,325.6972,339.9682,345.3424,373.8603,359.979,444.1242,460.2151,481.0214,526.689,501.7264,549.9093,549.9093,466.8295
Nicaragua,Food Household Consumption,Emissions (CO2eq) from CH4 (AR5),kilotonnes,10.822,10.9088,11.3288,12.4096,13.0172,14.4648,15.1424,17.71,18.7852,18.648,20.2804,22.0052,23.8028,24.794,25.6116,26.1884,28.8848,26.6252,29.904,29.904,29.904
Nicaragua,Food Household Consumption,Emissions (CO2eq) from N2O (AR5),kilotonnes,0.636,0.636,0.6625,0.6625,0.6625,0.742,0.7685,0.954,0.901,1.06,1.007,1.113,1.1925,1.2455,1.2985,1.325,1.4575,1.3515,1.5105,1.5105,1.5416
Nicaragua,Food Household Consumption,Emissions (CO2eq) (AR5),kilotonnes,260.9998,265.1324,268.8826,277.2339,282.8019,283.9883,310.4795,360.9281,345.3834,359.6762,366.6298,396.9785,384.9743,470.1637,487.1252,508.5348,557.0313,529.7031,581.3238,581.3238,498.2751
Nicaragua,Food Transport,Emissions (CH4),kilotonnes,0.0208,0.0216,0.023,0.0227,0.0231,0.0232,0.023,0.0244,0.0241,0.0264,0.0268,0.0277,0.03,0.0285,0.0309,0.0351,0.0375,0.0395,0.038,0.0367,0.0367
Nicaragua,Food Transport,Emissions (N2O),kilotonnes,0.003,0.003,0.0032,0.0031,0.0031,0.0031,0.0031,0.0033,0.0032,0.0033,0.0034,0.0036,0.0038,0.0037,0.004,0.0046,0.0047,0.005,0.0049,0.0047,0.0048
Nicaragua,Food Transport,Emissions (CO2),kilotonnes,156.455,158.444,165.044,165.249,158.214,157.338,161.738,167.25,160.557,164.4207,168.2525,174.468,188.2061,182.527,199.2261,226.0661,231.3961,246.3545,236.8525,231.0585,196.1504
Nicaragua,Food Transport,Emissions (CO2eq) from CH4 (AR5),kilotonnes,0.5824,0.6048,0.644,0.6356,0.6468,0.6496,0.644,0.6832,0.6748,0.7392,0.7504,0.7756,0.84,0.798,0.8652,0.9828,1.05,1.106,1.064,1.0276,1.0276
Nicaragua,Food Transport,Emissions (CO2eq) from N2O (AR5),kilotonnes,0.795,0.795,0.848,0.8215,0.8215,0.8215,0.8215,0.8745,0.848,0.8745,0.901,0.954,1.007,0.9805,1.06,1.219,1.2455,1.325,1.2985,1.2455,1.2711
Nicaragua,Food Transport,Emissions (CO2eq) (AR5),kilotonnes,157.8324,159.8438,166.536,166.7061,159.6823,158.8091,163.2035,168.8077,162.0798,166.0344,169.9039,176.1976,190.0531,184.3055,201.1513,228.2679,233.6916,248.7855,239.215,233.3316,198.4491
Nicaragua,Energy,Emissions (CH4),kilotonnes,15.2,15.2,14.8,14.2,14.5,14,13.2,13.4,13.4,13.5,13.6,13.7,14.2,14.3,14.1,14.2,15.6,14.1,14,14.5,14.5
Nicaragua,Energy,Emissions (N2O),kilotonnes,0.244,0.231,0.244,0.235,0.255,0.256,0.251,0.256,0.26,0.267,0.268,0.275,0.287,0.302,0.316,0.328,0.329,0.328,0.325,0.34,0.347
Nicaragua,Energy,Emissions (CO2),kilotonnes,3500,3710,3760,3970,4170,4060,4210,4340,4160,4240,4240,4540,4310,4100,4330,4980,5180,5110,5040,5560,4720
Nicaragua,Energy,Emissions (CO2eq) from CH4 (AR5),kilotonnes,425.6,425.6,414.4,397.6,406,392,369.6,375.2,375.2,378,380.8,383.6,397.6,400.4,394.8,397.6,436.8,394.8,392,406,406
Nicaragua,Energy,Emissions (CO2eq) from N2O (AR5),kilotonnes,64.66,61.215,64.66,62.275,67.575,67.84,66.515,67.84,68.9,70.755,71.02,72.875,76.055,80.03,83.74,86.92,87.185,86.92,86.125,90.1,91.955
Nicaragua,Energy,Emissions (CO2eq) (AR5),kilotonnes,3990.26,4196.815,4239.06,4429.875,4643.575,4519.84,4646.115,4783.04,4604.1,4688.755,4691.82,4996.475,4783.655,4580.43,4808.54,5464.52,5703.985,5591.72,5518.125,6056.1,5217.955
Nicaragua,IPPU,Emissions (N2O),kilotonnes,0.0001,0.0001,0.0001,0.0001,0.0001,0.0001,0.0001,0.0001,0.0001,0.0001,0.0001,0.0001,0.0001,0.0001,0.0001,0.0001,0.0001,0.0001,0.0001,0.0001,0.0001
Nicaragua,IPPU,Emissions (CO2),kilotonnes,252,244,257,401,246,248,247,247,245,244,269,306,274,286,306,322,338,339,301,269,270
Nicaragua,IPPU,Emissions (CO2eq) from N2O (AR5),kilotonnes,0.0147,0.0149,0.0151,0.0153,0.0155,0.0157,0.0159,0.0161,0.0163,0.0165,0.0167,0.0169,0.0171,0.0173,0.0175,0.0177,0.0179,0.0181,0.0183,0.0185,0.0187
Nicaragua,IPPU,Emissions (CO2eq) (AR5),kilotonnes,252.0147,244.0149,257.0151,401.0153,246.0155,248.0157,247.0159,247.0161,245.0163,244.0165,269.0167,306.0169,274.0171,286.0173,306.0175,322.0177,338.0179,339.0181,301.0183,269.0186,270.0187
Nicaragua,Waste,Emissions (CH4),kilotonnes,48.8,49.8,50.7,52.1,53.3,54.6,55.8,57,58.1,58.8,59.8,61.3,62.8,64.4,65.5,66.6,67.6,69.2,69.7,71.3,72.5
Nicaragua,Waste,Emissions (N2O),kilotonnes,0.174,0.177,0.18,0.188,0.193,0.199,0.207,0.215,0.221,0.226,0.232,0.237,0.241,0.249,0.251,0.251,0.25,0.255,0.26,0.27,0.275
Nicaragua,Waste,Emissions (CO2eq) from CH4 (AR5),kilotonnes,1366.4,1394.4,1419.6,1458.8,1492.4,1528.8,1562.4,1596,1626.8,1646.4,1674.4,1716.4,1758.4,1803.2,1834,1864.8,1892.8,1937.6,1951.6,1996.4,2030
Nicaragua,Waste,Emissions (CO2eq) from N2O (AR5),kilotonnes,46.11,46.905,47.7,49.82,51.145,52.735,54.855,56.975,58.565,59.89,61.48,62.805,63.865,65.985,66.515,66.515,66.25,67.575,68.9,71.55,72.875
Nicaragua,Waste,Emissions (CO2eq) (AR5),kilotonnes,1412.51,1441.305,1467.3,1508.62,1543.545,1581.535,1617.255,1652.975,1685.365,1706.29,1735.88,1779.205,1822.265,1869.185,1900.515,1931.315,1959.05,2005.175,2020.5,2067.95,2102.875
Nicaragua,Other,Emissions (N2O),kilotonnes,0.289,0.292,0.298,0.29,0.297,0.29,0.3,0.312,0.304,0.313,0.315,0.329,0.33,0.318,0.335,0.364,0.369,0.363,0.353,0.369,0.374
Nicaragua,Other,Emissions (CO2eq) from N2O (AR5),kilotonnes,76.585,77.38,78.97,76.85,78.705,76.85,79.5,82.68,80.56,82.945,83.475,87.185,87.45,84.27,88.775,96.46,97.785,96.195,93.545,97.785,99.11
Nicaragua,Other,Emissions (CO2eq) (AR5),kilotonnes,76.585,77.38,78.97,76.85,78.705,76.85,79.5,82.68,80.56,82.945,83.475,87.185,87.45,84.27,88.775,96.46,97.785,96.195,93.545,97.785,99.11
Nicaragua,Farm-gate emissions,Emissions (CH4),kilotonnes,211.0511,212.1136,215.9886,228.3322,219.3721,230.5865,232.6692,232.6074,234.185,236.4048,241.9048,265.0513,275.1103,290.0551,304.0799,316.1253,316.9959,308.1559,319.0956,322.7275,329.8621
Nicaragua,Farm-gate emissions,Direct emissions (N2O),kilotonnes,4.974,4.9821,5.4482,5.6954,5.4812,5.6971,5.9138,5.8975,5.7684,6.0663,6.0228,6.8254,7.2354,7.0772,7.6127,8.0284,8.0997,8.2046,7.9462,8.1621,8.5006
Nicaragua,Farm-gate emissions,Indirect emissions (N2O),kilotonnes,1.2474,1.2475,1.3916,1.4508,1.4022,1.4587,1.5198,1.5192,1.4823,1.5741,1.5535,1.7452,1.8558,1.7692,1.9068,2.0034,2.0314,2.0792,1.9726,2.0163,2.1138
Nicaragua,Farm-gate emissions,Emissions (N2O),kilotonnes,6.5387,6.5298,7.1705,7.7877,7.2525,7.894,7.8448,7.8136,7.7396,8.0077,8.1341,8.9863,9.4718,9.4009,10.1329,10.4459,10.6932,10.6598,10.4548,10.6725,11.2219
Nicaragua,Farm-gate emissions,Emissions (CO2),kilotonnes,63.008,63.008,66.1943,69.3806,72.5669,72.2033,75.4623,63.1535,71.8397,74.517,72.5559,72.5559,73.065,75.7422,77.113,83.5021,83.5021,86.4702,83.3567,79.8355,79.8355
Nicaragua,Farm-gate emissions,Emissions (CO2eq) from CH4 (AR5),kilotonnes,5909.4296,5939.1821,6047.6814,6393.302,6142.4195,6456.4208,6514.7387,6513.0066,6557.1803,6619.3342,6773.3345,7421.4359,7703.0881,8121.5435,8514.2365,8851.5097,8875.8842,8628.3653,8934.6766,9036.3713,9236.1394
Nicaragua,Farm-gate emissions,Emissions (CO2eq) from N2O (AR5),kilotonnes,1732.7489,1730.3947,1900.1916,2063.7531,1921.9036,2091.9086,2078.8603,2070.608,2050.9828,2122.0339,2155.5379,2381.3608,2510.015,2491.2315,2685.2315,2768.1596,2833.6988,2824.856,2770.509,2828.2062,2973.7928
Nicaragua,Farm-gate emissions,Emissions (CO2eq) (AR5),kilotonnes,7705.1865,7732.5848,8014.0673,8526.4357,8136.89,8620.5327,8669.0614,8646.7681,8680.0028,8815.885,9001.4283,9875.3527,10286.1681,10688.5173,11276.5811,11703.1714,11793.0851,11539.6916,11788.5423,11944.413,12289.7676
Nicaragua,Land Use change,Emissions (CH4),kilotonnes,6.1423,0.1809,0.1038,3.9331,0.2927,4.2524,0.8488,0.2901,0.809,0.4337,1.5221,0.9367,0.4843,1.9479,2.6238,1.2294,2.8366,0.4736,2.0011,2.2698,3.9518
Nicaragua,Land Use change,Emissions (N2O),kilotonnes,0.1807,0.0165,0.0095,0.3591,0.0267,0.3883,0.0775,0.0265,0.0739,0.0396,0.139,0.0855,0.0442,0.1778,0.2396,0.1122,0.259,0.0432,0.1827,0.2072,0.3608
Nicaragua,Land Use change,Emissions (CO2),kilotonnes,19489.9865,23825.763,23825.763,23825.763,23825.763,23825.763,23825.763,23825.763,23825.763,23825.763,23825.763,11895.4722,11895.4722,11895.4722,11895.4722,11895.4722,20430.0855,20430.0855,20430.0855,20430.0855,20430.0855
Nicaragua,Land Use change,Emissions (CO2eq) from CH4 (AR5),kilotonnes,171.9845,5.0663,2.9058,110.1255,8.1954,119.066,23.7677,8.1216,22.6512,12.1449,42.6186,26.2278,13.5601,54.5399,73.4653,34.422,79.4246,13.262,56.0297,63.5545,110.6495
Nicaragua,Land Use change,Emissions (CO2eq) from N2O (AR5),kilotonnes,47.8738,4.3779,2.511,95.1628,7.0819,102.8886,20.5384,7.0181,19.5736,10.4948,36.8281,22.6643,11.7177,47.1296,63.4836,29.7451,68.6332,11.4601,48.417,54.9194,95.6156
Nicaragua,Land Use change,Emissions (CO2eq) (AR5),kilotonnes,19709.8448,23835.2072,23831.1798,24031.0513,23841.0403,24047.7175,23870.0691,23840.9027,23867.9877,23848.4026,23905.2097,11944.3643,11920.7501,11997.1418,12032.4212,11959.6393,20578.1433,20454.8077,20534.5322,20548.5593,20636.3505
Nicaragua,Emissions on agricultural land,Emissions (CH4),kilotonnes,217.1934,212.2946,216.0924,232.2653,219.6648,234.8388,233.5181,232.8974,234.994,236.8385,243.4269,265.988,275.5946,292.003,306.7036,317.3547,319.8325,308.6295,321.0967,324.9973,333.8139
Nicaragua,Emissions on agricultural land,Emissions (N2O),kilotonnes,6.7193,6.5463,7.18,8.1469,7.2792,8.2823,7.9223,7.8401,7.8134,8.0473,8.2731,9.0718,9.516,9.5787,10.3725,10.5581,10.9522,10.7031,10.6375,10.8797,11.5827
Nicaragua,Emissions on agricultural land,Emissions (CO2),kilotonnes,19552.9945,23888.771,23891.9573,23895.1436,23898.3299,23897.9663,23901.2253,23888.9164,23897.6027,23900.2799,23898.3189,11968.0282,11968.5372,11971.2145,11972.5852,11978.9743,20513.5876,20516.5557,20513.4422,20509.921,20509.921
Nicaragua,Emissions on agricultural land,Emissions (CO2eq) from CH4 (AR5),kilotonnes,6081.4141,5944.2484,6050.5873,6503.4275,6150.6149,6575.4868,6538.5065,6521.1283,6579.8315,6631.4791,6815.9531,7447.6637,7716.6482,8176.0834,8587.7019,8885.9317,8955.3088,8641.6274,8990.7063,9099.9258,9346.7888
Nicaragua,Emissions on agricultural land,Emissions (CO2eq) from N2O (AR5),kilotonnes,1780.6227,1734.7726,1902.7026,2158.9159,1928.9855,2194.7971,2099.3987,2077.6261,2070.5564,2132.5287,2192.366,2404.0251,2521.7327,2538.3611,2748.7152,2797.9047,2902.332,2836.3162,2818.926,2883.1256,3069.4083
Nicaragua,Emissions on agricultural land,Emissions (CO2eq) (AR5),kilotonnes,27415.0313,31567.7919,31845.2471,32557.487,31977.9303,32668.2502,32539.1304,32487.6708,32547.9905,32664.2877,32906.638,21819.717,22206.9181,22685.659,23309.0023,23662.8107,32371.2284,31994.4992,32323.0745,32492.9723,32926.1182
Nicaragua,Pre- and post- production,Emissions (CH4),kilotonnes,63.1631,63.3742,63.4847,63.6571,63.7162,65.5065,65.811,66.5345,66.9635,67.4473,67.3612,67.9173,68.7599,69.3405,69.2371,68.6946,69.4972,69.5322,69.6477,69.9822,69.9974
Nicaragua,Pre- and post- production,Emissions (N2O),kilotonnes,0.1169,0.1285,0.1267,0.132,0.1347,0.1414,0.148,0.1526,0.1529,0.1565,0.159,0.1623,0.1637,0.1739,0.1629,0.1631,0.1706,0.1727,0.1744,0.1758,0.1773
Nicaragua,Pre- and post- production,Emissions (CO2),kilotonnes,508.38,515.9184,513.9651,514.9776,515.8412,644.2805,782.8546,850.159,793.0342,822.7673,818.5313,865.5478,866.6693,967.0571,1009.457,1101.8483,1173.8746,1157.1501,1194.5008,1198.4992,1027.1463
Nicaragua,Pre- and post- production,Emissions (CO2eq) from CH4 (AR5),kilotonnes,1768.5671,1774.4771,1777.571,1782.3988,1784.0541,1834.182,1842.7075,1862.9663,1874.9769,1888.5247,1886.1128,1901.6851,1925.277,1941.535,1938.6375,1923.4484,1945.9213,1946.9012,1950.1367,1959.5012,1959.9284
Nicaragua,Pre- and post- production,Emissions (CO2eq) from N2O (AR5),kilotonnes,30.9883,34.0446,33.5715,34.9742,35.6948,37.4728,39.2084,40.4366,40.5179,41.4695,42.1382,43.0188,43.3928,46.0739,43.1807,43.2229,45.1966,45.7658,46.2166,46.5795,46.9971
Nicaragua,Pre- and post- production,Emissions (CO2eq) (AR5),kilotonnes,2307.9354,2324.4401,2325.1076,2332.3506,2335.5901,2515.9353,2664.7704,2753.5619,2708.529,2752.7615,2746.7823,2810.2517,2835.3391,2954.666,2991.2751,3068.5196,3164.9926,3149.8171,3190.8541,3204.5799,3034.0719
Nicaragua,Agri-food systems,Emissions (CH4),kilotonnes,280.3565,275.6688,279.5771,295.9224,283.381,300.3453,299.3291,299.4319,301.9574,304.2858,310.7881,333.9053,344.3545,361.3435,375.9407,386.0493,389.3296,378.1617,390.7444,394.9795,403.8113
Nicaragua,Agri-food systems,Emissions (N2O),kilotonnes,6.8363,6.6748,7.3067,8.2788,7.4139,8.4237,8.0702,7.9927,7.9663,8.2038,8.4321,9.2341,9.6797,9.7526,10.5355,10.7212,11.1227,10.8758,10.8119,11.0555,11.76
Nicaragua,Agri-food systems,Emissions (CO2),kilotonnes,20061.3745,24404.6893,24405.9224,24410.1211,24414.1711,24542.2468,24684.0799,24739.0754,24690.6369,24723.0472,24716.8502,12833.576,12835.2065,12938.2716,12982.0422,13080.8226,21687.4622,21673.7058,21707.943,21708.4202,21537.0673
Nicaragua,Agri-food systems,Emissions (CO2eq) from CH4 (AR5),kilotonnes,7849.9812,7718.7255,7828.1583,8285.8263,7934.6689,8409.6688,8381.2139,8384.0945,8454.8083,8520.0038,8702.066,9349.3488,9641.9252,10117.6184,10526.3393,10809.3802,10901.2301,10588.5285,10940.8431,11059.4269,11306.7173
Nicaragua,Agri-food systems,Emissions (CO2eq) from N2O (AR5),kilotonnes,1811.611,1768.8172,1936.2741,2193.8901,1964.6803,2232.2699,2138.6071,2118.0627,2111.0742,2173.9982,2234.5042,2447.0439,2565.1255,2584.4351,2791.8958,2841.1276,2947.5286,2882.0819,2865.1426,2929.7051,3116.4054
Nicaragua,Agri-food systems,Emissions (CO2eq) (AR5),kilotonnes,29722.9667,33892.232,34170.3547,34889.8376,34313.5203,35184.1855,35203.9009,35241.2327,35256.5194,35417.0492,35653.4203,24629.9687,25042.2572,25640.325,26300.2774,26731.3304,35536.221,35144.3163,35513.9286,35697.5522,35960.19
Nicaragua,IPCC Agriculture,Emissions (CH4),kilotonnes,211.0462,212.1087,215.9835,228.327,219.3667,230.5811,232.6637,232.6025,234.1797,236.3993,241.8994,265.0458,275.1048,290.0495,304.0741,316.1191,316.9896,308.1495,319.0894,322.7212,329.8558
Nicaragua,IPCC Agriculture,Emissions (CH4),kilotonnes,161,,,,,,,,,,,,,,,,,,,,
Nicaragua,IPCC Agriculture,Direct emissions (N2O),kilotonnes,4.974,4.9821,5.4482,5.6954,5.4812,5.6971,5.9138,5.8975,5.7684,6.0663,6.0228,6.8254,7.2354,7.0772,7.6127,8.0284,8.0997,8.2046,7.9462,8.1621,8.5006
Nicaragua,IPCC Agriculture,Indirect emissions (N2O),kilotonnes,1.2474,1.2475,1.3916,1.4508,1.4022,1.4587,1.5198,1.5192,1.4823,1.5741,1.5535,1.7452,1.8558,1.7692,1.9068,2.0034,2.0314,2.0792,1.9726,2.0163,2.1138
Nicaragua,IPCC Agriculture,Emissions (N2O),kilotonnes,6.5336,6.5248,7.1643,7.7803,7.2437,7.8853,7.8348,7.8086,7.7308,7.9977,8.1242,8.9763,9.4618,9.3897,10.1205,10.4322,10.6796,10.645,10.4411,10.6586,11.208
Nicaragua,IPCC Agriculture,Emissions (N2O),kilotonnes,12,,,,,,,,,,,,,,,,,,,,
Nicaragua,IPCC Agriculture,Emissions (CO2eq) from CH4 (AR5),kilotonnes,5909.2924,5939.0449,6047.5393,6393.1549,6142.2673,6456.27,6514.5826,6512.869,6557.0308,6619.1815,6773.1823,7421.2838,7702.9341,8121.3864,8514.0744,8851.3352,8875.7097,8628.1866,8934.5026,9036.1949,9235.963
Nicaragua,IPCC Agriculture,Emissions (CO2eq) from CH4 (AR5),kilotonnes,4508,,,,,,,,,,,,,,,,,,,,
Nicaragua,IPCC Agriculture,Emissions (CO2eq) from N2O (AR5),kilotonnes,1731.4141,1729.0599,1898.5309,2061.7665,1919.5912,2089.5969,2076.2225,2069.2729,2048.6718,2119.3981,2152.9024,2378.7253,2507.3785,2488.2701,2681.9442,2764.5447,2830.0839,2820.9157,2766.8944,2824.5262,2970.1127
Nicaragua,IPCC Agriculture,Emissions (CO2eq) from N2O (AR5),kilotonnes,3180,,,,,,,,,,,,,,,,,,,,
Nicaragua,IPCC Agriculture,Emissions (CO2eq) (AR5),kilotonnes,7640.7066,7668.1049,7946.0702,8454.9214,8061.8585,8545.8668,8590.8052,8582.1419,8605.7026,8738.5796,8926.0847,9800.0091,10210.3126,10609.6565,11196.0186,11615.8799,11705.7936,11449.1023,11701.397,11860.7211,12206.0757
Nicaragua,IPCC Agriculture,Emissions (CO2eq) (AR5),kilotonnes,7688,,,,,,,,,,,,,,,,,,,,
Nicaragua,Agricultural Soils,Direct emissions (N2O),kilotonnes,4.974,4.9821,5.4482,5.6954,5.4812,5.6971,5.9138,5.8975,5.7684,6.0663,6.0228,6.8254,7.2354,7.0772,7.6127,8.0284,8.0997,8.2046,7.9462,8.1621,8.5006
Nicaragua,Agricultural Soils,Indirect emissions (N2O),kilotonnes,1.2474,1.2475,1.3916,1.4508,1.4022,1.4587,1.5198,1.5192,1.4823,1.5741,1.5535,1.7452,1.8558,1.7692,1.9068,2.0034,2.0314,2.0792,1.9726,2.0163,2.1138
Nicaragua,Agricultural Soils,Emissions (N2O),kilotonnes,6.2291,6.2372,6.8474,7.1538,6.891,7.1634,7.4412,7.4242,7.2583,7.6481,7.5835,8.5778,9.0985,8.8537,9.5264,10.0387,10.1381,10.2908,9.9257,10.1844,10.6203
Nicaragua,Agricultural Soils,Emissions (N2O),kilotonnes,11,,,,,,,,,,,,,,,,,,,,
Nicaragua,Agricultural Soils,Emissions (CO2eq) from N2O (AR5),kilotonnes,1650.7027,1652.8595,1814.5689,1895.7585,1826.1216,1898.2972,1971.9088,1967.4163,1923.4483,2026.7361,2009.6318,2273.1291,2411.105,2346.2299,2524.4918,2660.2511,2686.5973,2727.0649,2630.3095,2698.8578,2814.3754
Nicaragua,Agricultural Soils,Emissions (CO2eq) from N2O (AR5),kilotonnes,2915,,,,,,,,,,,,,,,,,,,,
Nicaragua,Agricultural Soils,Emissions (CO2eq) (AR5),kilotonnes,1650.7027,1652.8595,1814.5689,1895.7585,1826.1216,1898.2972,1971.9088,1967.4163,1923.4483,2026.7361,2009.6318,2273.1291,2411.105,2346.2299,2524.4918,2660.2511,2686.5973,2727.0649,2630.3095,2698.8578,2814.3754
Nicaragua,Agricultural Soils,Emissions (CO2eq) (AR5),kilotonnes,2915,,,,,,,,,,,,,,,,,,,,
Nicaragua,LULUCF,Emissions (CH4),kilotonnes,6.406,0.1859,0.1112,3.9826,0.2977,4.2871,0.8538,0.2925,0.8114,0.4337,1.5221,0.9838,0.4868,1.9627,2.6238,1.2294,2.8366,0.4736,2.0035,2.3442,4.0708
Nicaragua,LULUCF,Emissions (CH4),kilotonnes,86,,,,,,,,,,,,,,,,,,,,
Nicaragua,LULUCF,Emissions (N2O),kilotonnes,0.1884,0.017,0.0102,0.3636,0.0272,0.3914,0.078,0.0267,0.0741,0.0396,0.139,0.0898,0.0444,0.1792,0.2396,0.1122,0.259,0.0432,0.1829,0.214,0.3717
Nicaragua,LULUCF,Emissions (N2O),kilotonnes,1,,,,,,,,,,,,,,,,,,,,
Nicaragua,LULUCF,Emissions (CO2),kilotonnes,19492.7479,23600.3564,23600.3564,23600.3564,23600.3564,23600.3564,23600.3564,23600.3564,23600.3564,23600.3564,23598.5408,10956.319,10956.319,10956.319,10954.5035,10954.5035,19489.1168,19489.1168,19489.1168,19484.3469,19484.3469
Nicaragua,LULUCF,Emissions (CO2),kilotonnes,45380,,,,,,,,,,,,,,,,,,,,
Nicaragua,LULUCF,Emissions (CO2eq) from CH4 (AR5),kilotonnes,179.3683,5.2051,3.1141,111.5137,8.3342,120.0377,23.9065,8.191,22.7206,12.1449,42.6186,27.5467,13.6295,54.9564,73.4653,34.422,79.4246,13.262,56.0991,65.6368,113.9811
Nicaragua,LULUCF,Emissions (CO2eq) from N2O (AR5),kilotonnes,49.9292,4.4979,2.691,96.3624,7.2018,103.7282,20.6584,7.0781,19.6336,10.4948,36.8281,23.8039,11.7777,47.4895,63.4836,29.7451,68.6332,11.4601,48.477,56.7187,98.4946
Nicaragua,LULUCF,Emissions (CO2eq) (AR5),kilotonnes,19722.0454,23610.0593,23606.1614,23808.2324,23615.8924,23824.1223,23644.9213,23615.6255,23642.7105,23622.996,23677.9875,11007.6696,10981.7263,11058.7649,11091.4525,11018.6706,19637.1746,19513.8389,19593.6929,19606.7024,19696.8225
Nicaragua,LULUCF,Emissions (CO2eq) (AR5),kilotonnes,45380,,,,,,,,,,,,,,,,,,,,
Nicaragua,AFOLU,Emissions (CH4),kilotonnes,217.4522,212.2946,216.0948,232.3096,219.6643,234.8681,233.5175,232.895,234.9911,236.8331,243.4215,266.0297,275.5916,292.0122,306.6978,317.3485,319.8262,308.6232,321.0929,325.0654,333.9266
Nicaragua,AFOLU,Emissions (N2O),kilotonnes,6.7221,6.5417,7.1744,8.1439,7.2709,8.2767,7.9128,7.8353,7.8049,8.0373,8.2631,9.0661,9.5062,9.5689,10.3601,10.5445,10.9386,10.6882,10.624,10.8726,11.5797
Nicaragua,AFOLU,Emissions (CO2),kilotonnes,19492.7479,23600.3564,23600.3564,23600.3564,23600.3564,23600.3564,23600.3564,23600.3564,23600.3564,23600.3564,23598.5408,10956.319,10956.319,10956.319,10954.5035,10954.5035,19489.1168,19489.1168,19489.1168,19484.3469,19484.3469
Nicaragua,AFOLU,Emissions (CO2eq) from CH4 (AR5),kilotonnes,6088.6608,5944.25,6050.6533,6504.6685,6150.6015,6576.3077,6538.4892,6521.06,6579.7514,6631.3264,6815.801,7448.8304,7716.5636,8176.3427,8587.5397,8885.7572,8955.1343,8641.4486,8990.6017,9101.8317,9349.9441
Nicaragua,AFOLU,Emissions (CO2eq) from N2O (AR5),kilotonnes,1781.3433,1733.5578,1901.2219,2158.1289,1926.793,2193.3251,2096.8809,2076.351,2068.3054,2129.8929,2189.7305,2402.5293,2519.1562,2535.7596,2745.4279,2794.2898,2898.7171,2832.3758,2815.3714,2881.2449,3068.6073
Nicaragua,AFOLU,Emissions (CO2eq) (AR5),kilotonnes,27362.752,31278.1642,31552.2316,32263.1538,31677.7509,32369.9891,32235.7264,32197.7674,32248.4131,32361.5756,32604.0722,20807.6787,21192.0388,21668.4214,22287.4711,22634.5505,31342.9682,30962.9412,31295.0899,31467.4234,31902.8983
Nicaragua,All sectors with LULUCF,Emissions (CH4),kilotonnes,281.4522,277.2946,281.5948,298.6096,287.4643,303.4681,302.5175,303.295,306.4911,309.1331,316.8215,341.0297,352.5916,370.7122,386.2978,398.1485,403.0262,391.9232,404.7929,410.8654,420.9266
Nicaragua,All sectors with LULUCF,Emissions (N2O),kilotonnes,7.4291,7.2418,7.8965,8.8569,8.016,9.0218,8.6708,8.6183,8.59,8.8434,9.0782,9.9072,10.3643,10.438,11.2622,11.4876,11.8866,11.6343,11.5621,11.8517,12.5757
Nicaragua,All sectors with LULUCF,Emissions (CO2),kilotonnes,23244.7479,27554.3564,27617.3564,27971.3564,28016.3564,27908.3564,28057.3564,28187.3564,28005.3564,28084.3564,28107.5408,15802.319,15540.319,15342.319,15590.5035,16256.5035,25007.1168,24938.1168,24830.1168,25313.3469,24474.3469
Nicaragua,All sectors with LULUCF,Emissions (CO2eq) from CH4 (AR5),kilotonnes,7880.6608,7764.25,7884.6533,8361.0685,8049.0015,8497.1077,8470.4892,8492.26,8581.7514,8655.7264,8871.001,9548.8304,9872.5636,10379.9427,10816.3397,11148.1572,11284.7343,10973.8486,11334.2017,11504.2317,11785.9441
Nicaragua,All sectors with LULUCF,Emissions (CO2eq) from N2O (AR5),kilotonnes,1968.7129,1919.0727,2092.567,2347.0892,2124.2335,2390.7658,2297.7668,2283.8621,2276.3467,2343.4994,2405.7222,2625.4112,2746.5433,2766.0619,2984.4754,3044.2025,3149.955,3083.0839,3063.9597,3140.6984,3332.566
Nicaragua,All sectors with LULUCF,Emissions (CO2eq) (AR5),kilotonnes,33094.1216,37237.6791,37594.5767,38679.5141,38189.5914,38796.2298,38825.6123,38963.4785,38863.4544,39083.5821,39384.2639,27976.5607,28159.426,28488.3237,29391.3187,30448.8632,39441.8061,38995.0493,39228.2782,39958.277,39592.857
Nicaragua,All sectors without LULUCF,Emissions (CH4),kilotonnes,275.0462,277.1087,281.4835,294.627,287.1667,299.1811,301.6637,303.0025,305.6797,308.6993,315.2994,340.0458,352.1048,368.7495,383.6741,396.9191,400.1896,391.4495,402.7894,408.5212,416.8558
Nicaragua,All sectors without LULUCF,Emissions (N2O),kilotonnes,7.2407,7.2248,7.8863,8.4933,7.9888,8.6303,8.5929,8.5916,8.5159,8.8038,8.9392,9.8174,10.3199,10.2588,11.0226,11.3753,11.6276,11.591,11.3792,11.6377,12.204
Nicaragua,All sectors without LULUCF,Emissions (CO2),kilotonnes,3752,3954,4017,4371,4416,4308,4457,4587,4405,4484,4509,4846,4584,4386,4636,5302,5518,5449,5341,5829,4990
Nicaragua,All sectors without LULUCF,Emissions (CO2eq) from CH4 (AR5),kilotonnes,7701.2924,7759.0449,7881.5393,8249.5549,8040.6673,8377.07,8446.5826,8484.069,8559.0308,8643.5815,8828.3823,9521.2838,9858.9341,10324.9864,10742.8744,11113.7352,11205.3097,10960.5866,11278.1026,11438.5949,11671.963
Nicaragua,All sectors without LULUCF,Emissions (CO2eq) from N2O (AR5),kilotonnes,1918.7838,1914.5748,2089.876,2250.7268,2117.0317,2287.0376,2277.1084,2276.784,2256.7131,2333.0046,2368.8941,2601.6073,2734.7656,2718.5725,2920.9918,3014.4574,3081.3218,3071.6238,3015.4827,3083.9797,3234.0714
Nicaragua,All sectors without LULUCF,Emissions (CO2eq) (AR5),kilotonnes,13372.0762,13627.6197,13988.4153,14871.2817,14573.699,14972.1075,15180.6911,15347.853,15220.7439,15460.5861,15706.2765,16968.891,17177.6997,17429.5588,18299.8662,19430.1926,19804.6315,19481.2104,19634.5853,20351.5746,19896.0344
Niger,Crop Residues,Direct emissions (N2O),kilotonnes,0.7816,1.0069,0.9899,0.9746,0.8834,1.0736,1.1766,1.1669,1.3678,1.0813,1.4888,1.1636,1.4591,1.3684,1.4624,1.4886,1.6059,1.6357,1.6759,1.5288,1.5948
Niger,Crop Residues,Indirect emissions (N2O),kilotonnes,0.1759,0.2266,0.2227,0.2193,0.1988,0.2416,0.2647,0.2625,0.3078,0.2433,0.335,0.2618,0.3283,0.3079,0.329,0.3349,0.3613,0.368,0.3771,0.344,0.3588
Niger,Crop Residues,Emissions (N2O),kilotonnes,0.9574,1.2335,1.2126,1.1939,1.0822,1.3151,1.4413,1.4294,1.6756,1.3245,1.8238,1.4254,1.7874,1.6762,1.7914,1.8235,1.9672,2.0037,2.053,1.8728,1.9536
Niger,Crop Residues,Emissions (CO2eq) from N2O (AR5),kilotonnes,253.7146,326.8736,321.3327,316.3824,286.7854,348.5146,381.945,378.7933,444.0358,351.0018,483.3159,377.7261,473.6649,444.201,474.721,483.2382,521.3152,530.9799,544.0416,496.2909,517.7037
Niger,Crop Residues,Emissions (CO2eq) (AR5),kilotonnes,253.7146,326.8736,321.3327,316.3824,286.7854,348.5146,381.945,378.7933,444.0358,351.0018,483.3159,377.7261,473.6649,444.201,474.721,483.2382,521.3152,530.9799,544.0416,496.2909,517.7037
Niger,Rice Cultivation,Emissions (CH4),kilotonnes,2.156,2.7162,2.3376,1.8336,2.2915,1.4389,1.6145,1.6422,1.5693,1.7815,3.2777,2.1827,1.6462,2.1141,2.5164,2.0498,2.3038,2.3327,2.9359,2.6204,3.7071
Niger,Rice Cultivation,Emissions (CO2eq) from CH4 (AR5),kilotonnes,60.368,76.0527,65.4526,51.3402,64.163,40.2902,45.2074,45.9812,43.9397,49.8832,91.7758,61.1144,46.0937,59.1936,70.4604,57.3935,64.506,65.3154,82.2048,73.3718,103.8
Niger,Rice Cultivation,Emissions (CO2eq) (AR5),kilotonnes,60.368,76.0527,65.4526,51.3402,64.163,40.2902,45.2074,45.9812,43.9397,49.8832,91.7758,61.1144,46.0937,59.1936,70.4604,57.3935,64.506,65.3154,82.2048,73.3718,103.8
Niger,Burning - Crop residues,Emissions (CH4),kilotonnes,0.061,0.0751,0.0591,0.0484,0.0596,0.0372,0.0833,0.0853,0.0536,0.0424,0.0942,0.063,0.076,0.0812,0.1353,0.1246,0.1339,0.1217,0.1126,0.1214,0.1471
Niger,Burning - Crop residues,Emissions (CH4),kilotonnes,,,,,,,,,1,,,,,,,,,,,,
Niger,Burning - Crop residues,Emissions (N2O),kilotonnes,0.0016,0.0019,0.0015,0.0013,0.0015,0.001,0.0022,0.0022,0.0014,0.0011,0.0024,0.0016,0.002,0.0021,0.0035,0.0032,0.0035,0.0032,0.0029,0.0031,0.0038
Niger,Burning - Crop residues,Emissions (N2O),kilotonnes,,,,,,,,,,,,,,,,,,,,,
Niger,Burning - Crop residues,Emissions (CO2eq) from CH4 (AR5),kilotonnes,1.708,2.1031,1.6538,1.3561,1.6685,1.043,2.3338,2.3888,1.5008,1.1859,2.6368,1.7637,2.1288,2.2723,3.7898,3.49,3.749,3.407,3.1537,3.3991,4.1191
Niger,Burning - Crop residues,Emissions (CO2eq) from CH4 (AR5),kilotonnes,,,,,,,,,28,,,,,,,,,,,,
Niger,Burning - Crop residues,Emissions (CO2eq) from N2O (AR5),kilotonnes,0.4191,0.516,0.4058,0.3327,0.4094,0.2559,0.5726,0.5861,0.3682,0.291,0.647,0.4328,0.5223,0.5575,0.9299,0.8563,0.9199,0.836,0.7738,0.834,1.0107
Niger,Burning - Crop residues,Emissions (CO2eq) from N2O (AR5),kilotonnes,,,,,,,,,,,,,,,,,,,,,
Niger,Burning - Crop residues,Emissions (CO2eq) (AR5),kilotonnes,2.1271,2.6191,2.0596,1.6888,2.0779,1.2989,2.9064,2.9749,1.869,1.4768,3.2838,2.1965,2.6512,2.8298,4.7197,4.3463,4.6688,4.243,3.9276,4.2331,5.1298
Niger,Burning - Crop residues,Emissions (CO2eq) (AR5),kilotonnes,,,,,,,,,28,,,,,,,,,,,,
Niger,Enteric Fermentation,Emissions (CH4),kilotonnes,356.1862,372.2693,388.3533,405.2285,423.6896,441.0829,457.3243,477.6118,499.6686,522.8926,507.0473,530.6044,555.4209,583.8332,611.2531,638.1561,668.7629,701.0289,735.048,770.9202,808.7511
Niger,Enteric Fermentation,Emissions (CH4),kilotonnes,271,,,,,,,,490,,,,,,,,,,,,
Niger,Enteric Fermentation,Emissions (CO2eq) from CH4 (AR5),kilotonnes,9973.2125,10423.5405,10873.8911,11346.3973,11863.3083,12350.3209,12805.081,13373.1312,13990.7195,14640.9941,14197.3247,14856.9234,15551.7842,16347.3283,17115.0871,17868.3707,18725.3612,19628.8086,20581.3443,21585.7655,22645.0308
Niger,Enteric Fermentation,Emissions (CO2eq) from CH4 (AR5),kilotonnes,7588,,,,,,,,13720,,,,,,,,,,,,
Niger,Enteric Fermentation,Emissions (CO2eq) (AR5),kilotonnes,9973.2125,10423.5405,10873.8911,11346.3973,11863.3083,12350.3209,12805.081,13373.1312,13990.7195,14640.9941,14197.3247,14856.9234,15551.7842,16347.3283,17115.0871,17868.3707,18725.3612,19628.8086,20581.3443,21585.7655,22645.0308
Niger,Enteric Fermentation,Emissions (CO2eq) (AR5),kilotonnes,7588,,,,,,,,13720,,,,,,,,,,,,
Niger,Manure Management,Emissions (CH4),kilotonnes,15.1925,15.7456,16.3258,16.9328,17.569,18.2359,18.9079,19.6412,20.4169,21.3428,20.7642,21.5885,22.4547,23.3596,24.3132,25.3131,26.3639,27.4737,28.6484,29.8718,31.1579
Niger,Manure Management,Emissions (CH4),kilotonnes,12,,,,,,,,20,,,,,,,,,,,,
Niger,Manure Management,Emissions (N2O),kilotonnes,0.1642,0.172,0.1796,0.1874,0.1963,0.2036,0.2083,0.2176,0.2278,0.2416,0.234,0.2455,0.2577,0.2725,0.2853,0.2968,0.3113,0.3268,0.3434,0.3606,0.3787
Niger,Manure Management,Emissions (CO2eq) from CH4 (AR5),kilotonnes,425.3906,440.8781,457.1229,474.1196,491.9327,510.6047,529.4223,549.9529,571.6746,597.5995,581.3966,604.4767,628.7307,654.0694,680.7698,708.7658,738.1882,769.2649,802.1564,836.409,872.4211
Niger,Manure Management,Emissions (CO2eq) from CH4 (AR5),kilotonnes,336,,,,,,,,560,,,,,,,,,,,,
Niger,Manure Management,Emissions (CO2eq) from N2O (AR5),kilotonnes,43.5108,45.5847,47.6015,49.6541,52.0108,53.9408,55.1915,57.674,60.3713,64.0239,62.0219,65.0657,68.2855,72.203,75.6103,78.6633,82.4908,86.6102,91.0059,95.5559,100.3589
Niger,Manure Management,Emissions (CO2eq) (AR5),kilotonnes,468.9014,486.4628,504.7244,523.7737,543.9435,564.5454,584.6138,607.6269,632.0459,661.6234,643.4184,669.5424,697.0161,726.2724,756.3801,787.4291,820.6789,855.8751,893.1623,931.9649,972.78
Niger,Manure Management,Emissions (CO2eq) (AR5),kilotonnes,336,,,,,,,,560,,,,,,,,,,,,
Niger,Manure left on Pasture,Direct emissions (N2O),kilotonnes,12.2127,12.8111,13.4178,14.0555,14.747,15.4184,16.0538,16.8272,17.6591,18.5878,17.9972,18.8924,19.8371,20.8946,21.9404,22.9874,24.1542,25.3877,26.6926,28.0639,29.5108
Niger,Manure left on Pasture,Indirect emissions (N2O),kilotonnes,3.6614,3.8222,3.9858,4.1573,4.3415,4.5226,4.6976,4.9032,5.1232,5.3652,5.1811,5.4151,5.6612,5.9329,6.2038,6.4767,6.7769,7.0931,7.4264,7.7759,8.1435
Niger,Manure left on Pasture,Emissions (N2O),kilotonnes,15.8742,16.6332,17.4036,18.2128,19.0885,19.941,20.7514,21.7304,22.7823,23.953,23.1783,24.3075,25.4983,26.8275,28.1442,29.4642,30.9311,32.4808,34.119,35.8398,37.6543
Niger,Manure left on Pasture,Emissions (CO2eq) from N2O (AR5),kilotonnes,4206.6499,4407.8092,4611.9585,4826.3914,5058.4519,5284.3707,5499.1182,5758.5629,6037.3086,6347.5572,6142.2459,6441.4891,6757.0494,7109.2964,7458.2085,7808.0077,8196.7469,8607.3995,9041.5416,9497.5463,9978.3875
Niger,Manure left on Pasture,Emissions (CO2eq) (AR5),kilotonnes,4206.6499,4407.8092,4611.9585,4826.3914,5058.4519,5284.3707,5499.1182,5758.5629,6037.3086,6347.5572,6142.2459,6441.4891,6757.0494,7109.2964,7458.2085,7808.0077,8196.7469,8607.3995,9041.5416,9497.5463,9978.3875
Niger,Manure applied to Soils,Direct emissions (N2O),kilotonnes,0.2563,0.27,0.2807,0.2915,0.3063,0.3121,0.3066,0.318,0.3324,0.3537,0.3433,0.3592,0.376,0.4041,0.4217,0.4307,0.4509,0.4726,0.4958,0.5196,0.5447
Niger,Manure applied to Soils,Indirect emissions (N2O),kilotonnes,0.1089,0.1148,0.1193,0.1239,0.1302,0.1326,0.1303,0.1352,0.1413,0.1503,0.1459,0.1527,0.1598,0.1717,0.1792,0.1831,0.1916,0.2008,0.2107,0.2208,0.2315
Niger,Manure applied to Soils,Emissions (N2O),kilotonnes,0.3652,0.3848,0.4,0.4154,0.4364,0.4447,0.4369,0.4532,0.4737,0.504,0.4893,0.5118,0.5357,0.5758,0.6009,0.6138,0.6426,0.6734,0.7065,0.7404,0.7762
Niger,Manure applied to Soils,Emissions (CO2eq) from N2O (AR5),kilotonnes,96.7761,101.9774,105.988,110.0791,115.651,117.8473,115.7791,120.0959,125.5361,133.5612,129.656,135.6385,141.9729,152.5807,159.2351,162.658,170.2784,178.4519,187.221,196.2157,205.6923
Niger,Manure applied to Soils,Emissions (CO2eq) (AR5),kilotonnes,96.7761,101.9774,105.988,110.0791,115.651,117.8473,115.7791,120.0959,125.5361,133.5612,129.656,135.6385,141.9729,152.5807,159.2351,162.658,170.2784,178.4519,187.221,196.2157,205.6923
Niger,Synthetic Fertilizers,Direct emissions (N2O),kilotonnes,0.0396,0.053,0.1025,0.0396,0.0333,0.0438,0.0636,0.0394,0.0245,0.0519,0.0759,0.0599,0.2013,0.1119,0.198,0.1056,0.1012,0.1012,0.1012,0.1733,0.0958
Niger,Synthetic Fertilizers,Indirect emissions (N2O),kilotonnes,0.0129,0.0172,0.0333,0.0129,0.0108,0.0142,0.0207,0.0128,0.008,0.0169,0.0247,0.0195,0.0654,0.0364,0.0644,0.0343,0.0329,0.0329,0.0329,0.0563,0.0312
Niger,Synthetic Fertilizers,Emissions (N2O),kilotonnes,0.0525,0.0702,0.1359,0.0524,0.0441,0.058,0.0843,0.0522,0.0324,0.0688,0.1005,0.0794,0.2668,0.1483,0.2624,0.1399,0.1341,0.1341,0.1341,0.2296,0.127
Niger,Synthetic Fertilizers,Emissions (CO2eq) from N2O (AR5),kilotonnes,13.9156,18.6001,36.0029,13.899,11.6809,15.3723,22.3411,13.8383,8.5965,18.2304,26.6449,21.0389,70.6933,39.3034,69.5387,37.0846,35.5358,35.5358,35.5367,60.8378,33.6552
Niger,Synthetic Fertilizers,Emissions (CO2eq) (AR5),kilotonnes,13.9156,18.6001,36.0029,13.899,11.6809,15.3723,22.3411,13.8383,8.5965,18.2304,26.6449,21.0389,70.6933,39.3034,69.5387,37.0846,35.5358,35.5358,35.5367,60.8378,33.6552
Niger,Drained organic soils,Emissions (CO2eq) (AR5),kilotonnes,0,0,0,0,0,0,0,0,0,0,0,0,0,0,0,0,0,0,0,0,0
Niger,Drained organic soils (CO2),Emissions (CO2),kilotonnes,0,0,0,0,0,0,0,0,0,0,0,0,0,0,0,0,0,0,0,0,0
Niger,Drained organic soils (CO2),Emissions (CO2eq) (AR5),kilotonnes,0,0,0,0,0,0,0,0,0,0,0,0,0,0,0,0,0,0,0,0,0
Niger,Drained organic soils (N2O),Emissions (N2O),kilotonnes,0,0,0,0,0,0,0,0,0,0,0,0,0,0,0,0,0,0,0,0,0
Niger,Drained organic soils (N2O),Emissions (CO2eq) from N2O (AR5),kilotonnes,0,0,0,0,0,0,0,0,0,0,0,0,0,0,0,0,0,0,0,0,0
Niger,Drained organic soils (N2O),Emissions (CO2eq) (AR5),kilotonnes,0,0,0,0,0,0,0,0,0,0,0,0,0,0,0,0,0,0,0,0,0
Niger,On-farm energy use,Emissions (CH4),kilotonnes,0.0242,0.0245,0.0253,0.0257,0.0242,0.022,0.0199,0.0203,0.0178,0.0211,0.0222,0.0186,0.0283,0.0358,0.0425,0.0486,0.0437,0.0398,0.0323,0.0303,0.0303
Niger,On-farm energy use,Emissions (N2O),kilotonnes,0.0038,0.0038,0.005,0.0051,0.0071,0.0063,0.0058,0.0069,0.0073,0.0103,0.0139,0.0125,0.0129,0.0175,0.0171,0.0151,0.014,0.0162,0.0127,0.0118,0.0118
Niger,On-farm energy use,Emissions (CO2),kilotonnes,29.0247,28.8361,31.2718,32.7296,34.8719,32.0673,30.2583,35.1506,33.8414,44.9072,56.0445,47.7515,63.3822,81.0069,86.0835,88.0429,80.2451,94.2976,76.8989,75.0619,75.0619
Niger,On-farm energy use,Emissions (CO2eq) from CH4 (AR5),kilotonnes,0.6785,0.6863,0.7092,0.7191,0.6783,0.6153,0.557,0.5689,0.4994,0.591,0.6222,0.5205,0.7915,1.0028,1.1895,1.3614,1.2238,1.1139,0.9048,0.8478,0.8478
Niger,On-farm energy use,Emissions (CO2eq) from N2O (AR5),kilotonnes,1.0033,1.0076,1.323,1.3572,1.8709,1.6737,1.5452,1.8363,1.9381,2.7203,3.6902,3.301,3.4155,4.6279,4.5246,3.9955,3.7039,4.2978,3.3548,3.1208,3.1208
Niger,On-farm energy use,Emissions (CO2eq) (AR5),kilotonnes,30.7065,30.53,33.3039,34.8059,37.4211,34.3562,32.3605,37.5558,36.2789,48.2186,60.3568,51.573,67.5892,86.6376,91.7976,93.3999,85.1729,99.7092,81.1584,79.0305,79.0305
Niger,Forestland,Emissions (CO2),kilotonnes,-32.19,-72.8614,-72.8614,-72.8614,-72.8614,-72.8614,-72.8614,-72.8614,-72.8614,-72.8614,-72.8614,-47.7972,-47.7972,-47.7972,-47.7972,-47.7972,-31.6573,-31.6573,-31.6573,-31.6573,-31.6573
Niger,Forestland,Emissions (CO2eq) (AR5),kilotonnes,-32.19,-72.8614,-72.8614,-72.8614,-72.8614,-72.8614,-72.8614,-72.8614,-72.8614,-72.8614,-72.8614,-47.7972,-47.7972,-47.7972,-47.7972,-47.7972,-31.6573,-31.6573,-31.6573,-31.6573,-31.6573
Niger,Net Forest conversion,Emissions (CO2),kilotonnes,5702.8536,1304.2069,1304.2069,1304.2069,1304.2069,1304.2069,1304.2069,1304.2069,1304.2069,1304.2069,1304.2069,1277.5334,1277.5334,1277.5334,1277.5334,1277.5334,1275.7595,1275.7595,1275.7595,1275.7595,1275.7595
Niger,Net Forest conversion,Emissions (CO2eq) (AR5),kilotonnes,5702.8536,1304.2069,1304.2069,1304.2069,1304.2069,1304.2069,1304.2069,1304.2069,1304.2069,1304.2069,1304.2069,1277.5334,1277.5334,1277.5334,1277.5334,1277.5334,1275.7595,1275.7595,1275.7595,1275.7595,1275.7595
Niger,Savanna fires,Emissions (CH4),kilotonnes,4.8417,3.5256,2.4346,3.053,2.0294,2.1902,1.6926,2.9267,2.4106,2.199,2.7124,2.0831,2.0987,2.4976,3.2573,2.0249,3.5541,2.7124,3.1815,2.2921,3.5022
Niger,Savanna fires,Emissions (N2O),kilotonnes,0.4421,0.3219,0.2223,0.2788,0.1853,0.2,0.1545,0.2672,0.2201,0.2008,0.2477,0.1902,0.1916,0.228,0.2974,0.1849,0.3245,0.2477,0.2905,0.2093,0.3198
Niger,Savanna fires,Emissions (CO2eq) from CH4 (AR5),kilotonnes,135.5689,98.7163,68.1684,85.4844,56.8237,61.3257,47.3929,81.947,67.4964,61.5718,75.9467,58.3282,58.7648,69.9315,91.2049,56.6961,99.5161,75.9463,89.0828,64.1774,98.0623
Niger,Savanna fires,Emissions (CO2eq) from N2O (AR5),kilotonnes,117.1493,85.3037,58.9064,73.8697,49.1031,52.9934,40.9537,70.8129,58.3257,53.2061,65.6279,50.4032,50.7805,60.43,78.813,48.9929,85.9949,65.6275,76.9791,55.4577,84.7386
Niger,Savanna fires,Emissions (CO2eq) (AR5),kilotonnes,252.7182,184.02,127.0749,159.3541,105.9268,114.3192,88.3466,152.7599,125.8222,114.7779,141.5746,108.7313,109.5453,130.3615,170.0179,105.689,185.511,141.5738,166.0619,119.6351,182.8009
Niger,Fires in organic soils,Emissions (CH4),kilotonnes,0,0,0,0,0,0,0,0,0,0,0,0,0,0,0,0,0,0,0,0,0
Niger,Fires in organic soils,Emissions (CO2),kilotonnes,0,0,0,0,0,0,0,0,0,0,0,0,0,0,0,0,0,0,0,0,0
Niger,Fires in organic soils,Emissions (CO2eq) from CH4 (AR5),kilotonnes,0,0,0,0,0,0,0,0,0,0,0,0,0,0,0,0,0,0,0,0,0
Niger,Fires in organic soils,Emissions (CO2eq) (AR5),kilotonnes,0,0,0,0,0,0,0,0,0,0,0,0,0,0,0,0,0,0,0,0,0
Niger,Forest fires,Emissions (CH4),kilotonnes,4.1825,0,0,0,0,0,0,0,0,0,0,0,0,0,0,0,0,0,0,0,0
Niger,Forest fires,Emissions (N2O),kilotonnes,0.123,0,0,0,0,0,0,0,0,0,0,0,0,0,0,0,0,0,0,0,0
Niger,Forest fires,Emissions (CO2eq) from CH4 (AR5),kilotonnes,117.1102,0,0,0,0,0,0,0,0,0,0,0,0,0,0,0,0,0,0,0,0
Niger,Forest fires,Emissions (CO2eq) from N2O (AR5),kilotonnes,32.599,0,0,0,0,0,0,0,0,0,0,0,0,0,0,0,0,0,0,0,0
Niger,Forest fires,Emissions (CO2eq) (AR5),kilotonnes,149.7092,0,0,0,0,0,0,0,0,0,0,0,0,0,0,0,0,0,0,0,0
Niger,Fires in humid tropical forests,Emissions (CH4),kilotonnes,0,0,0,0,0,0,0,0,0,0,0,0,0,0,0,0,0,0,0,0,0
Niger,Fires in humid tropical forests,Emissions (N2O),kilotonnes,0,0,0,0,0,0,0,0,0,0,0,0,0,0,0,0,0,0,0,0,0
Niger,Fires in humid tropical forests,Emissions (CO2eq) from CH4 (AR5),kilotonnes,0,0,0,0,0,0,0,0,0,0,0,0,0,0,0,0,0,0,0,0,0
Niger,Fires in humid tropical forests,Emissions (CO2eq) from N2O (AR5),kilotonnes,0,0,0,0,0,0,0,0,0,0,0,0,0,0,0,0,0,0,0,0,0
Niger,Fires in humid tropical forests,Emissions (CO2eq) (AR5),kilotonnes,0,0,0,0,0,0,0,0,0,0,0,0,0,0,0,0,0,0,0,0,0
Niger,Waste - agri-food systems,Emissions (CH4),kilotonnes,52.54,54.3428,56.1401,57.9253,58.8261,59.7352,60.6431,61.5666,62.5165,63.4654,64.4189,65.391,66.383,67.3898,68.4108,69.3873,70.4063,71.446,72.519,73.6022,74.7095
Niger,Waste - agri-food systems,Emissions (N2O),kilotonnes,0.2864,0.3173,0.3277,0.3682,0.3867,0.3993,0.4116,0.4311,0.4569,0.4619,0.4858,0.5017,0.5234,0.5355,0.545,0.5684,0.5957,0.6147,0.6349,0.6558,0.6775
Niger,Waste - agri-food systems,Emissions (CO2),kilotonnes,0,0,0,0,0,0,0,0,0,0,0,0,0,0,0,0,0,0,0,0,0
Niger,Waste - agri-food systems,Emissions (CO2eq) from CH4 (AR5),kilotonnes,1471.1188,1521.5997,1571.924,1621.9091,1647.1303,1672.5851,1698.0066,1723.8654,1750.4609,1777.0301,1803.729,1830.9492,1858.7252,1886.9157,1915.5019,1942.8444,1971.3766,2000.4883,2030.5326,2060.8618,2091.8649
Niger,Waste - agri-food systems,Emissions (CO2eq) from N2O (AR5),kilotonnes,75.9001,84.0849,86.8319,97.5713,102.4683,105.8128,109.0707,114.2336,121.0696,122.4052,128.7273,132.9603,138.7041,141.8986,144.4233,150.6141,157.8521,162.9048,168.2462,173.7879,179.5342
Niger,Waste - agri-food systems,Emissions (CO2eq) (AR5),kilotonnes,1547.0189,1605.6846,1658.756,1719.4805,1749.5986,1778.3979,1807.0772,1838.099,1871.5305,1899.4354,1932.4563,1963.9095,1997.4293,2028.8143,2059.9252,2093.4584,2129.2287,2163.3931,2198.7787,2234.6497,2271.3991
Niger,On-farm electricity use,Emissions (CH4),kilotonnes,0.0051,0.0053,0.0056,0.0058,0.0061,0.0062,0.007,0.0068,0.0072,0.0071,0.0063,0.0066,0.0076,0.008,0.0066,0.0072,0.0072,0.0072,0.0108,0.0116,0.0116
Niger,On-farm electricity use,Emissions (N2O),kilotonnes,0,0,0,0,0,0,0,0,0,0,0,0,0,0,0,0,0,0,0,0,0
Niger,On-farm electricity use,Emissions (CO2),kilotonnes,1.4389,1.5079,1.5768,1.6458,2.1181,2.283,2.7577,2.598,2.7791,2.7239,2.4694,2.5807,2.9952,3.0469,2.5164,2.7297,2.7512,2.7512,4.1268,4.4489,4.4489
Niger,On-farm electricity use,Emissions (CO2eq) from CH4 (AR5),kilotonnes,0.1428,0.1484,0.1568,0.1624,0.1708,0.1736,0.196,0.1904,0.2016,0.1988,0.1764,0.1848,0.2128,0.224,0.1848,0.2016,0.2016,0.2016,0.3024,0.3248,0.3248
Niger,On-farm electricity use,Emissions (CO2eq) from N2O (AR5),kilotonnes,0,0,0,0,0,0,0,0,0,0,0,0,0,0,0,0,0,0,0,0,0
Niger,On-farm electricity use,Emissions (CO2eq) (AR5),kilotonnes,1.5817,1.6563,1.7336,1.8082,2.2889,2.4566,2.9537,2.7884,2.9807,2.9227,2.6458,2.7655,3.208,3.2709,2.7012,2.9313,2.9528,2.9528,4.4292,4.7737,4.7737
Niger,Food Processing,Emissions (CH4),kilotonnes,0.0084,0.9631,0.8823,0.0066,0.004,0.0064,0.045,0.02,0.0217,0.0291,0.0283,0.0258,0.0375,0.067,0.0713,0.0861,0.0982,0.0573,0.0633,0.0596,0.0619
Niger,Food Processing,Emissions (N2O),kilotonnes,0.0001,0.0067,0.0065,0.0001,0,0.0001,0.0007,0.0004,0.0004,0.0006,0.0005,0.0004,0.0005,0.0011,0.0011,0.0012,0.0013,0.001,0.0009,0.0009,0.0009
Niger,Food Processing,Emissions (CO2),kilotonnes,2.5079,109.8158,104.9819,1.2858,1.0176,2.8381,11.6678,6.6942,8.3772,33.0668,31.2269,36.1148,42.0326,76.0773,77.2586,70.826,70.8079,58.5415,48.842,49.6192,50.4326
Niger,Food Processing,Emissions (CO2eq) from CH4 (AR5),kilotonnes,0.2352,26.9668,24.7044,0.1848,0.112,0.1792,1.26,0.56,0.6076,0.8148,0.7924,0.7224,1.05,1.876,1.9964,2.4108,2.7496,1.6044,1.7724,1.6688,1.7345
Niger,Food Processing,Emissions (CO2eq) from N2O (AR5),kilotonnes,0.0265,1.7755,1.7225,0.0265,0,0.0265,0.1855,0.106,0.106,0.159,0.1325,0.106,0.1325,0.2915,0.2915,0.318,0.3445,0.265,0.2385,0.2385,0.2459
Niger,Food Processing,Emissions (CO2eq) (AR5),kilotonnes,2.7696,138.5581,131.4088,1.4971,1.1296,3.0438,13.1133,7.3602,9.0908,34.0406,32.1518,36.9432,43.2151,78.2448,79.5465,73.5548,73.902,60.4109,50.8529,51.5265,52.413
Niger,Food Packaging,Emissions (CH4),kilotonnes,0.0071,0.0107,0.0116,0.032,0.0428,0.046,0.0468,0.0521,0.0571,0.061,0.0877,0.0842,0.0972,0.1375,0.1641,0.1756,0.2065,0.2155,0.2266,0.1743,0.1812
Niger,Food Packaging,Emissions (N2O),kilotonnes,0.0001,0.0001,0.0001,0.0002,0.0003,0.0003,0.0003,0.0003,0.0003,0.0003,0.0004,0.0004,0.0005,0.0006,0.0008,0.0008,0.001,0.001,0.0011,0.0009,0.0009
Niger,Food Packaging,Emissions (CO2),kilotonnes,2.3226,2.4317,2.6233,4.6503,5.9936,5.5416,5.4853,5.7938,6.709,7.9753,10.3648,9.3216,11.9601,11.0046,21.6182,19.4593,16.8428,16.3888,18.404,16.8797,17.1564
Niger,Food Packaging,Emissions (CO2eq) from CH4 (AR5),kilotonnes,0.1988,0.2996,0.3248,0.896,1.1984,1.288,1.3104,1.4588,1.5988,1.708,2.4556,2.3576,2.7216,3.85,4.5948,4.9168,5.782,6.034,6.3448,4.8804,5.0725
Niger,Food Packaging,Emissions (CO2eq) from N2O (AR5),kilotonnes,0.0265,0.0265,0.0265,0.053,0.0795,0.0795,0.0795,0.0795,0.0795,0.0795,0.106,0.106,0.1325,0.159,0.212,0.212,0.265,0.265,0.2915,0.2385,0.2459
Niger,Food Packaging,Emissions (CO2eq) (AR5),kilotonnes,2.5479,2.7578,2.9746,5.5993,7.2715,6.9091,6.8752,7.3321,8.3873,9.7628,12.9264,11.7852,14.8142,15.0136,26.425,24.5881,22.8898,22.6878,25.0403,21.9986,22.4748
Niger,Food Retail,Emissions (CH4),kilotonnes,0.0008,0.0008,0.0027,0.0009,0.0009,0.001,0.001,0.001,0.0112,0.0133,0.0149,0.0106,0.0129,0.0134,0.0172,0.0187,0.0185,0.0193,0.0264,0.0203,0.0211
Niger,Food Retail,Emissions (N2O),kilotonnes,0,0,0,0,0,0,0,0,0.0001,0.0001,0.0001,0.0001,0.0001,0.0001,0.0001,0.0001,0.0001,0.0001,0.0001,0.0001,0.0001
Niger,Food Retail,Emissions (CO2),kilotonnes,0.2325,0.2344,0.7772,0.2564,0.271,0.2349,0.226,0.2346,4.2985,5.0997,5.8319,4.1424,5.0319,5.1191,6.5797,7.1382,7.0614,7.3824,14.2792,8.415,8.553
Niger,Food Retail,Emissions (CO2eq) from CH4 (AR5),kilotonnes,0.0224,0.0224,0.0756,0.0252,0.0261,0.0269,0.0276,0.0285,0.3136,0.3724,0.4172,0.2968,0.3612,0.3752,0.4816,0.5236,0.518,0.5404,0.7392,0.5684,0.5908
Niger,Food Retail,Emissions (CO2eq) from N2O (AR5),kilotonnes,0,0,0,0,0,0,0,0,0.0265,0.0265,0.0265,0.0265,0.0265,0.0265,0.0265,0.0265,0.0265,0.0265,0.0265,0.0265,0.0273
Niger,Food Retail,Emissions (CO2eq) (AR5),kilotonnes,0.2549,0.2568,0.8528,0.2816,0.2971,0.2618,0.2536,0.2631,4.6386,5.4986,6.2756,4.4657,5.4196,5.5208,7.0878,7.6883,7.6059,7.9493,15.0449,9.0099,9.171
Niger,Food Household Consumption,Emissions (CH4),kilotonnes,0.0813,0.1149,0.1024,0.1087,0.1173,0.1299,0.1467,0.1631,0.1787,0.2281,0.2521,0.2831,0.3225,0.3358,0.343,0.3722,0.3707,0.3889,0.5271,0.5271,0.5478
Niger,Food Household Consumption,Emissions (N2O),kilotonnes,0.0006,0.0008,0.0007,0.0008,0.0009,0.0009,0.001,0.0011,0.0011,0.0015,0.0015,0.0017,0.0018,0.0015,0.0015,0.0017,0.0016,0.0017,0.0023,0.0023,0.0024
Niger,Food Household Consumption,Emissions (CO2),kilotonnes,38.5028,43.9538,42.5473,48.5871,60.8913,60.4218,68.0253,71.8496,76.0296,95.2287,107.7745,120.5341,145.5618,153.0973,157.6377,173.5498,165.458,177.9122,227.1513,227.1513,230.8751
Niger,Food Household Consumption,Emissions (CO2eq) from CH4 (AR5),kilotonnes,2.2764,3.2172,2.8672,3.0436,3.2844,3.6372,4.1076,4.5668,5.0036,6.3868,7.0588,7.9268,9.03,9.4024,9.604,10.4216,10.3796,10.8892,14.7588,14.7588,15.3396
Niger,Food Household Consumption,Emissions (CO2eq) from N2O (AR5),kilotonnes,0.159,0.212,0.1855,0.212,0.2385,0.2385,0.265,0.2915,0.2915,0.3975,0.3975,0.4505,0.477,0.3975,0.3975,0.4505,0.424,0.4505,0.6095,0.6095,0.6284
Niger,Food Household Consumption,Emissions (CO2eq) (AR5),kilotonnes,40.9382,47.383,45.6,51.8427,64.4142,64.2975,72.3979,76.7079,81.3247,102.013,115.2308,128.9114,155.0688,162.8972,167.6392,184.4219,176.2616,189.2519,242.5196,242.5196,246.8431
Niger,Food Transport,Emissions (CH4),kilotonnes,0.01,0.0106,0.0105,0.0112,0.0112,0.0108,0.0112,0.0128,0.0125,0.0161,0.0183,0.0173,0.0281,0.0261,0.0288,0.0321,0.0278,0.0293,0.0326,0.0294,0.0306
Niger,Food Transport,Emissions (N2O),kilotonnes,0.001,0.001,0.001,0.0011,0.0011,0.001,0.0011,0.0013,0.0012,0.0016,0.0018,0.0017,0.0028,0.0026,0.0028,0.0032,0.0027,0.0029,0.0032,0.0029,0.003
Niger,Food Transport,Emissions (CO2),kilotonnes,38.0761,39.82,39.8361,42.9161,44.0161,44.0161,45.4461,53.3661,54.4661,71.5161,88.0161,84.9361,114.4161,121.0161,127.6318,132.0318,128.7318,135.3336,150.7374,131.7475,133.9073
Niger,Food Transport,Emissions (CO2eq) from CH4 (AR5),kilotonnes,0.28,0.2968,0.294,0.3136,0.3136,0.3024,0.3136,0.3584,0.35,0.4508,0.5124,0.4844,0.7868,0.7308,0.8064,0.8988,0.7784,0.8204,0.9128,0.8232,0.8556
Niger,Food Transport,Emissions (CO2eq) from N2O (AR5),kilotonnes,0.265,0.265,0.265,0.2915,0.2915,0.265,0.2915,0.3445,0.318,0.424,0.477,0.4505,0.742,0.689,0.742,0.848,0.7155,0.7685,0.848,0.7685,0.7923
Niger,Food Transport,Emissions (CO2eq) (AR5),kilotonnes,38.6211,40.3818,40.3951,43.5212,44.6212,44.5835,46.0512,54.069,55.1341,72.3909,89.0055,85.871,115.9449,122.4359,129.1802,133.7786,130.2257,136.9225,152.4982,133.3392,135.5552
Niger,Energy,Emissions (CH4),kilotonnes,17.7,18.4,19.1,19.7,20.4,21,21.6,22.3,23.2,24,24.8,22.7,28.3,36.6,37.5,37.8,39.1,40.7,41.1,43.2,44.9
Niger,Energy,Emissions (N2O),kilotonnes,0.215,0.222,0.229,0.237,0.256,0.262,0.269,0.278,0.288,0.298,0.311,0.261,0.294,0.379,0.397,0.412,0.421,0.438,0.442,0.452,0.466
Niger,Energy,Emissions (CO2),kilotonnes,734,693,717,775,819,710,683,709,795,955,1180,1300,1840,2070,2250,2120,2140,2070,2340,2440,2480
Niger,Energy,Emissions (CO2eq) from CH4 (AR5),kilotonnes,495.6,515.2,534.8,551.6,571.2,588,604.8,624.4,649.6,672,694.4,635.6,792.4,1024.8,1050,1058.4,1094.8,1139.6,1150.8,1209.6,1257.2
Niger,Energy,Emissions (CO2eq) from N2O (AR5),kilotonnes,56.975,58.83,60.685,62.805,67.84,69.43,71.285,73.67,76.32,78.97,82.415,69.165,77.91,100.435,105.205,109.18,111.565,116.07,117.13,119.78,123.49
Niger,Energy,Emissions (CO2eq) (AR5),kilotonnes,1286.575,1267.03,1312.485,1389.405,1458.04,1367.43,1359.085,1407.07,1520.92,1705.97,1956.815,2004.765,2710.31,3195.235,3405.205,3287.58,3346.365,3325.67,3607.93,3769.38,3860.69
Niger,IPPU,Emissions (N2O),kilotonnes,0.0001,0.0001,0.0001,0.0001,0.0001,0.0001,0.0002,0.0002,0.0002,0.0002,0.0002,0.0002,0.0002,0.0002,0.0002,0.0002,0.0002,0.0002,0.0002,0.0002,0.0003
Niger,IPPU,Emissions (CO2),kilotonnes,45.8,50.2,53.4,54.4,55.6,58.6,60.8,53.7,60.3,55.2,51.6,64.7,68.9,51.8,48.9,60.9,61.3,61.8,62.5,144,145
Niger,IPPU,Emissions (CO2eq) from N2O (AR5),kilotonnes,0.0331,0.0342,0.0355,0.0368,0.0382,0.0397,0.0411,0.0427,0.0445,0.0461,0.048,0.0498,0.0517,0.0538,0.0559,0.058,0.0602,0.0625,0.0649,0.0657,0.0676
Niger,IPPU,Emissions (CO2eq) (AR5),kilotonnes,45.8331,50.2342,53.4355,54.4368,55.6382,58.6397,60.8411,53.7427,60.3445,55.2461,51.648,64.7498,68.9517,51.8538,48.9559,60.958,61.3602,61.8625,62.5649,144.0657,145.0676
Niger,Waste,Emissions (CH4),kilotonnes,60.2,62.4,64.7,67.1,69.4,72.2,74.9,77.7,80.6,83.5,86.7,90,93.7,97.2,101,105,109,113,118,119,122
Niger,Waste,Emissions (N2O),kilotonnes,0.487,0.505,0.524,0.557,0.589,0.631,0.663,0.698,0.741,0.779,0.819,0.855,0.899,0.934,0.967,1,1.04,1.09,1.15,1.17,1.21
Niger,Waste,Emissions (CO2eq) from CH4 (AR5),kilotonnes,1685.6,1747.2,1811.6,1878.8,1943.2,2021.6,2097.2,2175.6,2256.8,2338,2427.6,2520,2623.6,2721.6,2828,2940,3052,3164,3304,3332,3416
Niger,Waste,Emissions (CO2eq) from N2O (AR5),kilotonnes,129.055,133.825,138.86,147.605,156.085,167.215,175.695,184.97,196.365,206.435,217.035,226.575,238.235,247.51,256.255,265,275.6,288.85,304.75,310.05,320.65
Niger,Waste,Emissions (CO2eq) (AR5),kilotonnes,1814.655,1881.025,1950.46,2026.405,2099.285,2188.815,2272.895,2360.57,2453.165,2544.435,2644.635,2746.575,2861.835,2969.11,3084.255,3205,3327.6,3452.85,3608.75,3642.05,3736.65
Niger,Other,Emissions (N2O),kilotonnes,0.124,0.127,0.131,0.137,0.142,0.146,0.149,0.158,0.163,0.176,0.191,0.168,0.2,0.239,0.252,0.264,0.272,0.283,0.293,0.301,0.313
Niger,Other,Emissions (CO2eq) from N2O (AR5),kilotonnes,32.86,33.655,34.715,36.305,37.63,38.69,39.485,41.87,43.195,46.64,50.615,44.52,53,63.335,66.78,69.96,72.08,74.995,77.645,79.765,82.945
Niger,Other,Emissions (CO2eq) (AR5),kilotonnes,32.86,33.655,34.715,36.305,37.63,38.69,39.485,41.87,43.195,46.64,50.615,44.52,53,63.335,66.78,69.96,72.08,74.995,77.645,79.765,82.945
Niger,Farm-gate emissions,Emissions (CH4),kilotonnes,378.4617,394.3563,409.5356,427.122,445.6634,463.0071,479.6427,501.9275,524.1368,548.2795,533.918,556.5402,581.7248,611.9214,641.5179,667.7171,701.1623,733.7091,769.9588,805.8561,847.2958
Niger,Farm-gate emissions,Direct emissions (N2O),kilotonnes,13.2902,14.141,14.7909,15.3612,15.97,16.8478,17.6006,18.3515,19.3839,20.0747,19.9053,20.4751,21.8735,22.7789,24.0224,25.0124,26.3123,27.5971,28.9655,30.2856,31.7461
Niger,Farm-gate emissions,Indirect emissions (N2O),kilotonnes,3.9591,4.1807,4.3611,4.5133,4.6812,4.9111,5.1133,5.3137,5.5802,5.7757,5.6867,5.849,6.2147,6.4489,6.7764,7.0291,7.3628,7.6948,8.0471,8.397,8.765
Niger,Farm-gate emissions,Emissions (N2O),kilotonnes,17.8609,18.8214,19.5604,20.347,21.0414,22.1697,23.0847,24.1592,25.4207,26.3041,26.09,26.7739,28.5524,29.7479,31.4022,32.5415,34.3282,35.8858,37.6621,39.2674,41.2252
Niger,Farm-gate emissions,Emissions (CO2),kilotonnes,29.0247,28.8361,31.2718,32.7296,34.8719,32.0673,30.2583,35.1506,33.8414,44.9072,56.0445,47.7515,63.3822,81.0069,86.0835,88.0429,80.2451,94.2976,76.8989,75.0619,75.0619
Niger,Farm-gate emissions,Emissions (CO2eq) from CH4 (AR5),kilotonnes,10596.9265,11041.977,11466.9981,11959.4168,12478.5745,12964.1997,13429.9944,14053.97,14675.8303,15351.8255,14949.7027,15583.1269,16288.2936,17133.7979,17962.5016,18696.0776,19632.5442,20543.8561,21558.8467,22563.9707,23724.2811
Niger,Farm-gate emissions,Emissions (CO2eq) from N2O (AR5),kilotonnes,4733.1388,4987.6723,5183.5188,5391.9656,5575.9634,5874.9686,6117.4464,6402.1999,6736.4803,6970.592,6913.8496,7095.0953,7566.3842,7883.1999,8321.5809,8623.4964,9096.9858,9509.7386,9980.4545,10405.8591,10924.6678
Niger,Farm-gate emissions,Emissions (CO2eq) (AR5),kilotonnes,15359.09,16058.4855,16681.7886,17384.112,18089.4098,18871.2356,19577.699,20491.3204,21446.152,22367.3247,21919.5968,22725.9737,23918.06,25098.0047,26370.1661,27407.617,28809.7751,30147.8924,31616.2001,33044.8917,34724.0109
Niger,Land Use change,Emissions (CH4),kilotonnes,0,0,0,0,0,0,0,0,0,0,0,0,0,0,0,0,0,0,0,0,0
Niger,Land Use change,Emissions (N2O),kilotonnes,0,0,0,0,0,0,0,0,0,0,0,0,0,0,0,0,0,0,0,0,0
Niger,Land Use change,Emissions (CO2),kilotonnes,5702.8536,1304.2069,1304.2069,1304.2069,1304.2069,1304.2069,1304.2069,1304.2069,1304.2069,1304.2069,1304.2069,1277.5334,1277.5334,1277.5334,1277.5334,1277.5334,1275.7595,1275.7595,1275.7595,1275.7595,1275.7595
Niger,Land Use change,Emissions (CO2eq) from CH4 (AR5),kilotonnes,0,0,0,0,0,0,0,0,0,0,0,0,0,0,0,0,0,0,0,0,0
Niger,Land Use change,Emissions (CO2eq) from N2O (AR5),kilotonnes,0,0,0,0,0,0,0,0,0,0,0,0,0,0,0,0,0,0,0,0,0
Niger,Land Use change,Emissions (CO2eq) (AR5),kilotonnes,5702.8536,1304.2069,1304.2069,1304.2069,1304.2069,1304.2069,1304.2069,1304.2069,1304.2069,1304.2069,1304.2069,1277.5334,1277.5334,1277.5334,1277.5334,1277.5334,1275.7595,1275.7595,1275.7595,1275.7595,1275.7595
Niger,Emissions on agricultural land,Emissions (CH4),kilotonnes,378.4617,394.3563,409.5356,427.122,445.6634,463.0071,479.6427,501.9275,524.1368,548.2795,533.918,556.5402,581.7248,611.9214,641.5179,667.7171,701.1623,733.7091,769.9588,805.8561,847.2958
Niger,Emissions on agricultural land,Emissions (N2O),kilotonnes,17.8609,18.8214,19.5604,20.347,21.0414,22.1697,23.0847,24.1592,25.4207,26.3041,26.09,26.7739,28.5524,29.7479,31.4022,32.5415,34.3282,35.8858,37.6621,39.2674,41.2252
Niger,Emissions on agricultural land,Emissions (CO2),kilotonnes,5731.8782,1333.0431,1335.4787,1336.9366,1339.0788,1336.2742,1334.4652,1339.3575,1338.0484,1349.1142,1360.2514,1325.2849,1340.9156,1358.5403,1363.6169,1365.5763,1356.0046,1370.0571,1352.6583,1350.8214,1350.8214
Niger,Emissions on agricultural land,Emissions (CO2eq) from CH4 (AR5),kilotonnes,10596.9265,11041.977,11466.9981,11959.4168,12478.5745,12964.1997,13429.9944,14053.97,14675.8303,15351.8255,14949.7027,15583.1269,16288.2936,17133.7979,17962.5016,18696.0776,19632.5442,20543.8561,21558.8467,22563.9707,23724.2811
Niger,Emissions on agricultural land,Emissions (CO2eq) from N2O (AR5),kilotonnes,4733.1388,4987.6723,5183.5188,5391.9656,5575.9634,5874.9686,6117.4464,6402.1999,6736.4803,6970.592,6913.8496,7095.0953,7566.3842,7883.1999,8321.5809,8623.4964,9096.9858,9509.7386,9980.4545,10405.8591,10924.6678
Niger,Emissions on agricultural land,Emissions (CO2eq) (AR5),kilotonnes,21061.9436,17362.6924,17985.9956,18688.3189,19393.6167,20175.4425,20881.906,21795.5274,22750.359,23671.5316,23223.8037,24003.5071,25195.5934,26375.5381,27647.6995,28685.1504,30085.5345,31423.6518,32891.9596,34320.6512,35999.7703
Niger,Pre- and post- production,Emissions (CH4),kilotonnes,52.6527,55.4482,57.1552,58.0905,59.0084,59.9354,60.9008,61.8224,62.8049,63.8201,64.8265,65.8186,66.8888,67.9776,69.0418,70.0792,71.1352,72.1635,73.4058,74.4245,75.5637
Niger,Pre- and post- production,Emissions (N2O),kilotonnes,0.2882,0.3259,0.336,0.3704,0.389,0.4016,0.4147,0.4342,0.46,0.466,0.4901,0.506,0.5291,0.5414,0.5513,0.5754,0.6024,0.6214,0.6425,0.6629,0.6848
Niger,Pre- and post- production,Emissions (CO2),kilotonnes,83.0808,197.7636,192.3426,99.3415,114.3077,115.3355,133.6082,140.5363,152.6595,215.6105,245.6836,257.6297,321.9977,369.3613,393.2424,405.7348,391.6531,398.3097,463.5407,438.2616,445.3733
Niger,Pre- and post- production,Emissions (CO2eq) from CH4 (AR5),kilotonnes,1474.2744,1552.5509,1600.3468,1626.5347,1652.2356,1678.1924,1705.2218,1731.0283,1758.5361,1786.9617,1815.1418,1842.922,1872.8876,1903.3741,1933.1699,1962.2176,1991.7858,2020.5783,2055.363,2083.8862,2115.7826
Niger,Pre- and post- production,Emissions (CO2eq) from N2O (AR5),kilotonnes,76.3771,86.3639,89.0314,98.1543,103.0778,106.4223,109.8922,115.0551,121.8911,123.4917,129.8668,134.0998,140.2146,143.4621,146.0928,152.4691,159.6276,164.6803,170.2602,175.6694,181.474
Niger,Pre- and post- production,Emissions (CO2eq) (AR5),kilotonnes,1633.7323,1836.6784,1881.7209,1824.0306,1869.621,1899.9502,1948.7221,1986.6197,2033.0867,2126.064,2190.6922,2234.6515,2335.0999,2416.1975,2472.5051,2520.4214,2543.0665,2583.5683,2689.1638,2697.8172,2742.6299
Niger,Agri-food systems,Emissions (CH4),kilotonnes,431.1143,449.8046,466.6909,485.2126,504.6718,522.9426,540.5434,563.7499,586.9417,612.0995,598.7444,622.3589,648.6136,679.899,710.5597,737.7963,772.2975,805.8727,843.3646,880.2806,922.8594
Niger,Agri-food systems,Emissions (N2O),kilotonnes,18.1491,19.1473,19.8964,20.7174,21.4303,22.5713,23.4994,24.5934,25.8806,26.7701,26.5801,27.28,29.0815,30.2893,31.9535,33.1169,34.9306,36.5072,38.3046,39.9303,41.91
Niger,Agri-food systems,Emissions (CO2),kilotonnes,5814.959,1530.8067,1527.8213,1436.2781,1453.3865,1451.6097,1468.0734,1479.8938,1490.7079,1564.7247,1605.935,1582.9146,1662.9133,1727.9016,1756.8593,1771.3111,1747.6577,1768.3668,1816.199,1789.083,1796.1947
Niger,Agri-food systems,Emissions (CO2eq) from CH4 (AR5),kilotonnes,12071.2009,12594.5279,13067.3449,13585.9515,14130.8101,14642.3921,15135.2162,15784.9983,16434.3663,17138.7872,16764.8445,17426.0489,18161.1812,19037.1721,19895.6716,20658.2952,21624.3301,22564.4344,23614.2097,24647.8569,25840.0636
Niger,Agri-food systems,Emissions (CO2eq) from N2O (AR5),kilotonnes,4809.5159,5074.0362,5272.5502,5490.1199,5679.0412,5981.3909,6227.3385,6517.2549,6858.3715,7094.0837,7043.7164,7229.1951,7706.5988,8026.662,8467.6737,8775.9655,9256.6133,9674.4189,10150.7147,10581.5285,11106.1419
Niger,Agri-food systems,Emissions (CO2eq) (AR5),kilotonnes,22695.6758,19199.3708,19867.7164,20512.3495,21263.2377,22075.3927,22830.6281,23782.147,24783.4457,25797.5956,25414.4959,26238.1586,27530.6933,28791.7356,30120.2046,31205.5718,32628.6011,34007.2201,35581.1234,37018.4684,38742.4002
Niger,IPCC Agriculture,Emissions (CH4),kilotonnes,378.4374,394.3318,409.5103,427.0963,445.6391,462.9852,479.6228,501.9072,524.119,548.2584,533.8957,556.5217,581.6965,611.8855,641.4754,667.6684,701.1186,733.6694,769.9265,805.8258,847.2655
Niger,IPCC Agriculture,Emissions (CH4),kilotonnes,285,,,,,,,,515,,,,,,,,,,,,
Niger,IPCC Agriculture,Direct emissions (N2O),kilotonnes,13.2902,14.141,14.7909,15.3612,15.97,16.8478,17.6006,18.3515,19.3839,20.0747,19.9053,20.4751,21.8735,22.7789,24.0224,25.0124,26.3123,27.5971,28.9655,30.2856,31.7461
Niger,IPCC Agriculture,Indirect emissions (N2O),kilotonnes,3.9591,4.1807,4.3611,4.5133,4.6812,4.9111,5.1133,5.3137,5.5802,5.7757,5.6867,5.849,6.2147,6.4489,6.7764,7.0291,7.3628,7.6948,8.0471,8.397,8.765
Niger,IPCC Agriculture,Emissions (N2O),kilotonnes,17.8571,18.8176,19.5555,20.3419,21.0343,22.1634,23.0789,24.1523,25.4134,26.2939,26.0761,26.7615,28.5395,29.7305,31.3851,32.5264,34.3143,35.8696,37.6494,39.2556,41.2134
Niger,IPCC Agriculture,Emissions (N2O),kilotonnes,15,,,,,,,,6,,,,,,,,,,,,
Niger,IPCC Agriculture,Emissions (CO2eq) from CH4 (AR5),kilotonnes,10596.248,11041.2907,11466.2889,11958.6977,12477.8961,12963.5845,13429.4374,14053.401,14675.3309,15351.2345,14949.0805,15582.6064,16287.5021,17132.7952,17961.3121,18694.7162,19631.3204,20542.7423,21557.942,22563.1229,23723.4333
Niger,IPCC Agriculture,Emissions (CO2eq) from CH4 (AR5),kilotonnes,7980,,,,,,,,14420,,,,,,,,,,,,
Niger,IPCC Agriculture,Emissions (CO2eq) from N2O (AR5),kilotonnes,4732.1355,4986.6648,5182.1958,5390.6084,5574.0925,5873.295,6115.9012,6400.3636,6734.5422,6967.8716,6910.1594,7091.7942,7562.9687,7878.572,8317.0564,8619.5009,9093.2818,9505.4408,9977.0998,10402.7383,10921.5471
Niger,IPCC Agriculture,Emissions (CO2eq) from N2O (AR5),kilotonnes,3975,,,,,,,,1590,,,,,,,,,,,,
Niger,IPCC Agriculture,Emissions (CO2eq) (AR5),kilotonnes,15328.3835,16027.9555,16648.4847,17349.3061,18051.9886,18836.8794,19545.3386,20453.7646,21409.8731,22319.1061,21859.24,22674.4007,23850.4708,25011.3671,26278.3685,27314.2171,28724.6022,30048.1831,31535.0418,32965.8612,34644.9803
Niger,IPCC Agriculture,Emissions (CO2eq) (AR5),kilotonnes,11955,,,,,,,,16010,,,,,,,,,,,,
Niger,Agricultural Soils,Direct emissions (N2O),kilotonnes,13.2902,14.141,14.7909,15.3612,15.97,16.8478,17.6006,18.3515,19.3839,20.0747,19.9053,20.4751,21.8735,22.7789,24.0224,25.0124,26.3123,27.5971,28.9655,30.2856,31.7461
Niger,Agricultural Soils,Indirect emissions (N2O),kilotonnes,3.9591,4.1807,4.3611,4.5133,4.6812,4.9111,5.1133,5.3137,5.5802,5.7757,5.6867,5.849,6.2147,6.4489,6.7764,7.0291,7.3628,7.6948,8.0471,8.397,8.765
Niger,Agricultural Soils,Emissions (N2O),kilotonnes,17.2493,18.3217,19.152,19.8745,20.6512,21.7589,22.7139,23.6652,24.9641,25.8504,25.5919,26.3241,28.0882,29.2279,30.7989,32.0415,33.675,35.292,37.0126,38.6826,40.5111
Niger,Agricultural Soils,Emissions (N2O),kilotonnes,15,,,,,,,,4,,,,,,,,,,,,
Niger,Agricultural Soils,Emissions (CO2eq) from N2O (AR5),kilotonnes,4571.0562,4855.2603,5075.2821,5266.7519,5472.5692,5766.1048,6019.1834,6271.2905,6615.4769,6850.3506,6781.8627,6975.8926,7443.3804,7745.3815,8161.7032,8490.9885,8923.8763,9352.3672,9808.3409,10250.8907,10735.4388
Niger,Agricultural Soils,Emissions (CO2eq) from N2O (AR5),kilotonnes,3975,,,,,,,,1060,,,,,,,,,,,,
Niger,Agricultural Soils,Emissions (CO2eq) (AR5),kilotonnes,4571.0562,4855.2603,5075.2821,5266.7519,5472.5692,5766.1048,6019.1834,6271.2905,6615.4769,6850.3506,6781.8627,6975.8926,7443.3804,7745.3815,8161.7032,8490.9885,8923.8763,9352.3672,9808.3409,10250.8907,10735.4388
Niger,Agricultural Soils,Emissions (CO2eq) (AR5),kilotonnes,3975,,,,,,,,1060,,,,,,,,,,,,
Niger,LULUCF,Emissions (CH4),kilotonnes,4.1825,0,0,0,0,0,0,0,0,0,0,0,0,0,0,0,0,0,0,0,0
Niger,LULUCF,Emissions (CH4),kilotonnes,6,,,,,,,,2,,,,,,,,,,,,
Niger,LULUCF,Emissions (N2O),kilotonnes,0.123,0,0,0,0,0,0,0,0,0,0,0,0,0,0,0,0,0,0,0,0
Niger,LULUCF,Emissions (N2O),kilotonnes,,,,,,,,,,,,,,,,,,,,,
Niger,LULUCF,Emissions (CO2),kilotonnes,5670.6635,1231.3455,1231.3455,1231.3455,1231.3455,1231.3455,1231.3455,1231.3455,1231.3455,1231.3455,1231.3455,1229.7362,1229.7362,1229.7362,1229.7362,1229.7362,1244.1022,1244.1022,1244.1022,1244.1022,1244.1022
Niger,LULUCF,Emissions (CO2),kilotonnes,-16916,,,,,,,,-34613,,,,,,,,,,,,
Niger,LULUCF,Emissions (CO2eq) from CH4 (AR5),kilotonnes,117.1102,0,0,0,0,0,0,0,0,0,0,0,0,0,0,0,0,0,0,0,0
Niger,LULUCF,Emissions (CO2eq) from N2O (AR5),kilotonnes,32.599,0,0,0,0,0,0,0,0,0,0,0,0,0,0,0,0,0,0,0,0
Niger,LULUCF,Emissions (CO2eq) (AR5),kilotonnes,5820.3727,1231.3455,1231.3455,1231.3455,1231.3455,1231.3455,1231.3455,1231.3455,1231.3455,1231.3455,1231.3455,1229.7362,1229.7362,1229.7362,1229.7362,1229.7362,1244.1022,1244.1022,1244.1022,1244.1022,1244.1022
Niger,LULUCF,Emissions (CO2eq) (AR5),kilotonnes,-16916,,,,,,,,-34613,,,,,,,,,,,,
Niger,AFOLU,Emissions (CH4),kilotonnes,382.6199,394.3318,409.5103,427.0963,445.6391,462.9852,479.6228,501.9072,524.119,548.2584,533.8957,556.5217,581.6965,611.8855,641.4754,667.6684,701.1186,733.6694,769.9265,805.8258,847.2655
Niger,AFOLU,Emissions (N2O),kilotonnes,17.9801,18.8176,19.5555,20.3419,21.0343,22.1634,23.0789,24.1523,25.4134,26.2939,26.0761,26.7615,28.5395,29.7305,31.3851,32.5264,34.3143,35.8696,37.6494,39.2556,41.2134
Niger,AFOLU,Emissions (CO2),kilotonnes,5670.6635,1231.3455,1231.3455,1231.3455,1231.3455,1231.3455,1231.3455,1231.3455,1231.3455,1231.3455,1231.3455,1229.7362,1229.7362,1229.7362,1229.7362,1229.7362,1244.1022,1244.1022,1244.1022,1244.1022,1244.1022
Niger,AFOLU,Emissions (CO2eq) from CH4 (AR5),kilotonnes,10713.3583,11041.2907,11466.2889,11958.6977,12477.8961,12963.5845,13429.4374,14053.401,14675.3309,15351.2345,14949.0805,15582.6064,16287.5021,17132.7952,17961.3121,18694.7162,19631.3204,20542.7423,21557.942,22563.1229,23723.4333
Niger,AFOLU,Emissions (CO2eq) from N2O (AR5),kilotonnes,4764.7344,4986.6648,5182.1958,5390.6084,5574.0925,5873.295,6115.9012,6400.3636,6734.5422,6967.8716,6910.1594,7091.7942,7562.9687,7878.572,8317.0564,8619.5009,9093.2818,9505.4408,9977.0998,10402.7383,10921.5471
Niger,AFOLU,Emissions (CO2eq) (AR5),kilotonnes,21148.7562,17259.301,17879.8302,18580.6516,19283.3341,20068.2249,20776.6841,21685.1101,22641.2186,23550.4516,23090.5855,23904.1369,25080.207,26241.1033,27508.1047,28543.9533,29968.7044,31292.2853,32779.144,34209.9634,35889.0825
Niger,All sectors with LULUCF,Emissions (CH4),kilotonnes,460.5199,475.1318,493.3103,513.8963,535.4391,556.1852,576.1228,601.9072,627.919,655.7584,645.3957,669.2217,703.6965,745.6855,779.9754,810.4684,849.2186,887.3694,929.0265,968.0258,1014.1655
Niger,All sectors with LULUCF,Emissions (N2O),kilotonnes,18.8063,19.6717,20.4396,21.2731,22.0215,23.2025,24.16,25.2865,26.6055,27.547,27.3973,28.0457,29.9327,31.2827,33.0013,34.2026,36.0475,37.6808,39.5347,41.1789,43.2026
Niger,All sectors with LULUCF,Emissions (CO2),kilotonnes,6450.4635,1974.5455,2001.7455,2060.7455,2105.9455,1999.9455,1975.1455,1994.0455,2086.6455,2241.5455,2462.9455,2594.4362,3138.6362,3351.5362,3528.6362,3410.6362,3445.4022,3375.9022,3646.6022,3828.1022,3869.1022
Niger,All sectors with LULUCF,Emissions (CO2eq) from CH4 (AR5),kilotonnes,12894.5583,13303.6907,13812.6889,14389.0977,14992.2961,15573.1845,16131.4374,16853.401,17581.7309,18361.2345,18071.0805,18738.2064,19703.5021,20879.1952,21839.3121,22693.1162,23778.1204,24846.3423,26012.742,27104.7229,28396.6333
Niger,All sectors with LULUCF,Emissions (CO2eq) from N2O (AR5),kilotonnes,4983.6576,5213.0089,5416.4913,5637.3603,5835.6856,6148.6697,6402.4073,6700.9162,7050.4668,7299.9627,7260.2724,7432.1041,7932.1654,8289.9058,8745.3523,9063.699,9552.587,9985.4184,10476.6897,10912.399,11448.6996
Niger,All sectors with LULUCF,Emissions (CO2eq) (AR5),kilotonnes,24328.6794,20491.2451,21230.9258,22087.2034,22933.9273,23721.7997,24508.9902,25548.3628,26718.8432,27902.7427,27794.2984,28764.7467,30774.3037,32520.6371,34113.3006,35167.4513,36776.1096,38207.6629,40136.0339,41845.2241,43714.4351
Niger,All sectors without LULUCF,Emissions (CH4),kilotonnes,456.3374,475.1318,493.3103,513.8963,535.4391,556.1852,576.1228,601.9072,627.919,655.7584,645.3957,669.2217,703.6965,745.6855,779.9754,810.4684,849.2186,887.3694,929.0265,968.0258,1014.1655
Niger,All sectors without LULUCF,Emissions (N2O),kilotonnes,18.6832,19.6717,20.4396,21.2731,22.0215,23.2025,24.16,25.2865,26.6055,27.547,27.3973,28.0457,29.9327,31.2827,33.0013,34.2026,36.0475,37.6808,39.5347,41.1789,43.2026
Niger,All sectors without LULUCF,Emissions (CO2),kilotonnes,779.8,743.2,770.4,829.4,874.6,768.6,743.8,762.7,855.3,1010.2,1231.6,1364.7,1908.9,2121.8,2298.9,2180.9,2201.3,2131.8,2402.5,2584,2625
Niger,All sectors without LULUCF,Emissions (CO2eq) from CH4 (AR5),kilotonnes,12777.448,13303.6907,13812.6889,14389.0977,14992.2961,15573.1845,16131.4374,16853.401,17581.7309,18361.2345,18071.0805,18738.2064,19703.5021,20879.1952,21839.3121,22693.1162,23778.1204,24846.3423,26012.742,27104.7229,28396.6333
Niger,All sectors without LULUCF,Emissions (CO2eq) from N2O (AR5),kilotonnes,4951.0586,5213.0089,5416.4913,5637.3603,5835.6856,6148.6697,6402.4073,6700.9162,7050.4668,7299.9627,7260.2724,7432.1041,7932.1654,8289.9058,8745.3523,9063.699,9552.587,9985.4184,10476.6897,10912.399,11448.6996
Niger,All sectors without LULUCF,Emissions (CO2eq) (AR5),kilotonnes,18508.3066,19259.8996,19999.5803,20855.8579,21702.5818,22490.4542,23277.6447,24317.0173,25487.4977,26671.3972,26562.9529,27535.0105,29544.5675,31290.9009,32883.5644,33937.7151,35532.0074,36963.5607,38891.9317,40601.1219,42470.3329
Nigeria,Crop Residues,Direct emissions (N2O),kilotonnes,5.1104,4.8152,5.0856,5.3098,5.5917,5.9198,6.3942,6.2138,6.5669,4.6087,5.2314,4.6263,4.9836,4.8166,5.5468,5.7241,6.7189,6.7724,6.9468,6.9841,6.7328
Nigeria,Crop Residues,Indirect emissions (N2O),kilotonnes,1.1498,1.0834,1.1443,1.1947,1.2581,1.3319,1.4387,1.3981,1.4776,1.0369,1.1771,1.0409,1.1213,1.0837,1.248,1.2879,1.5118,1.5238,1.563,1.5714,1.5149
Nigeria,Crop Residues,Emissions (N2O),kilotonnes,6.2602,5.8986,6.2299,6.5046,6.8498,7.2517,7.8328,7.6119,8.0445,5.6456,6.4084,5.6672,6.1049,5.9003,6.7948,7.012,8.2306,8.2962,8.5098,8.5556,8.2477
Nigeria,Crop Residues,Emissions (CO2eq) from N2O (AR5),kilotonnes,1658.9624,1563.1391,1650.911,1723.7076,1815.2076,1921.705,2075.7036,2017.1622,2131.7928,1496.0834,1698.2298,1501.8212,1617.7979,1563.5847,1800.6292,1858.1762,2181.1198,2198.4966,2255.1001,2267.2275,2185.6451
Nigeria,Crop Residues,Emissions (CO2eq) (AR5),kilotonnes,1658.9624,1563.1391,1650.911,1723.7076,1815.2076,1921.705,2075.7036,2017.1622,2131.7928,1496.0834,1698.2298,1501.8212,1617.7979,1563.5847,1800.6292,1858.1762,2181.1198,2198.4966,2255.1001,2267.2275,2185.6451
Nigeria,Rice Cultivation,Emissions (CH4),kilotonnes,240.7465,231.7692,239.2138,241.9508,257.059,273.0431,298.333,268.3355,260.7814,201.1016,266.3243,248.455,313.5305,320.9297,337.4089,341.7486,540.3385,616.1206,647.401,581.5928,575.5531
Nigeria,Rice Cultivation,Emissions (CH4),kilotonnes,,,,,,,,,,,,,,,,,328.0756,,,,
Nigeria,Rice Cultivation,Emissions (CO2eq) from CH4 (AR5),kilotonnes,6740.9026,6489.5365,6697.9864,6774.6224,7197.6531,7645.2074,8353.324,7513.3934,7301.8781,5630.8454,7457.0813,6956.7402,8778.8531,8986.0308,9447.45,9568.961,15129.4791,17251.3767,18127.2281,16284.5982,16115.4871
Nigeria,Rice Cultivation,Emissions (CO2eq) from CH4 (AR5),kilotonnes,,,,,,,,,,,,,,,,,9186.1168,,,,
Nigeria,Rice Cultivation,Emissions (CO2eq) (AR5),kilotonnes,6740.9026,6489.5365,6697.9864,6774.6224,7197.6531,7645.2074,8353.324,7513.3934,7301.8781,5630.8454,7457.0813,6956.7402,8778.8531,8986.0308,9447.45,9568.961,15129.4791,17251.3767,18127.2281,16284.5982,16115.4871
Nigeria,Rice Cultivation,Emissions (CO2eq) (AR5),kilotonnes,,,,,,,,,,,,,,,,,9186.1168,,,,
Nigeria,Burning - Crop residues,Emissions (CH4),kilotonnes,11.8931,12.1044,12.2357,12.7823,13.0182,13.5359,14.7407,14.4272,14.0795,11.9543,14.9761,18.3281,19.9958,20.1233,21.9316,23.1317,27.2882,26.2345,27.3197,29.2174,28.3555
Nigeria,Burning - Crop residues,Emissions (CH4),kilotonnes,,,,,,,,,,,,,,,,,,,,,
Nigeria,Burning - Crop residues,Emissions (N2O),kilotonnes,0.3083,0.3138,0.3172,0.3314,0.3375,0.3509,0.3822,0.374,0.365,0.3099,0.3883,0.4752,0.5184,0.5217,0.5686,0.5997,0.7075,0.6802,0.7083,0.7575,0.7351
Nigeria,Burning - Crop residues,Emissions (N2O),kilotonnes,,,,,,,,,,,,,,,,,,,,,
Nigeria,Burning - Crop residues,Emissions (CO2eq) from CH4 (AR5),kilotonnes,333.0067,338.9224,342.6003,357.9055,364.5092,379.0055,412.7382,403.961,394.2259,334.7215,419.3311,513.1855,559.8816,563.4522,614.0856,647.6886,764.07,734.5646,764.9509,818.0878,793.9553
Nigeria,Burning - Crop residues,Emissions (CO2eq) from CH4 (AR5),kilotonnes,,,,,,,,,,,,,,,,,,,,,
Nigeria,Burning - Crop residues,Emissions (CO2eq) from N2O (AR5),kilotonnes,81.71,83.1615,84.064,87.8194,89.4398,92.9967,101.2737,99.1201,96.7314,82.1307,102.8914,125.9205,137.3784,138.2545,150.6784,158.9236,187.4801,180.2404,187.6963,200.7345,194.8131
Nigeria,Burning - Crop residues,Emissions (CO2eq) from N2O (AR5),kilotonnes,,,,,,,,,,,,,,,,,,,,,
Nigeria,Burning - Crop residues,Emissions (CO2eq) (AR5),kilotonnes,414.7166,422.0839,426.6643,445.7249,453.9489,472.0022,514.0119,503.0811,490.9573,416.8522,522.2226,639.106,697.2599,701.7067,764.764,806.6122,951.5501,914.805,952.6472,1018.8223,988.7684
Nigeria,Burning - Crop residues,Emissions (CO2eq) (AR5),kilotonnes,,,,,,,,,,,,,,,,,,,,,
Nigeria,Enteric Fermentation,Emissions (CH4),kilotonnes,857.3794,886.2749,898.9184,909.0931,937.5547,955.6323,972.177,987.8529,999.6587,1019.8071,1035.7799,1186.2219,1205.8817,1225.2498,1248.6313,1263.7886,1281.4831,1302.7003,1324.2202,1352.8373,1369.9656
Nigeria,Enteric Fermentation,Emissions (CH4),kilotonnes,,,,,,,,,,,,,,,,,1252.4,,,,
Nigeria,Enteric Fermentation,Emissions (CO2eq) from CH4 (AR5),kilotonnes,24006.6239,24815.6983,25169.7159,25454.6068,26251.5307,26757.7054,27220.955,27659.8802,27990.4432,28554.5974,29001.8381,33214.2118,33764.6885,34306.9947,34961.6761,35386.0813,35881.5264,36475.6096,37078.1659,37879.4435,38359.0369
Nigeria,Enteric Fermentation,Emissions (CO2eq) from CH4 (AR5),kilotonnes,,,,,,,,,,,,,,,,,35067.2,,,,
Nigeria,Enteric Fermentation,Emissions (CO2eq) (AR5),kilotonnes,24006.6239,24815.6983,25169.7159,25454.6068,26251.5307,26757.7054,27220.955,27659.8802,27990.4432,28554.5974,29001.8381,33214.2118,33764.6885,34306.9947,34961.6761,35386.0813,35881.5264,36475.6096,37078.1659,37879.4435,38359.0369
Nigeria,Enteric Fermentation,Emissions (CO2eq) (AR5),kilotonnes,,,,,,,,,,,,,,,,,35067.2,,,,
Nigeria,Manure Management,Emissions (CH4),kilotonnes,38.8315,40.4761,41.9271,42.0812,43.4713,44.4969,45.4548,46.4385,47.4211,48.52,49.8085,53.1794,54.4025,54.9374,56.0395,57.1681,58.8036,60.2122,61.1735,61.9451,62.5709
Nigeria,Manure Management,Emissions (CH4),kilotonnes,,,,,,,,,,,,,,,,,59.2987,,,,
Nigeria,Manure Management,Emissions (N2O),kilotonnes,2.6809,2.7907,3.1781,2.9962,3.1144,3.2294,3.3502,3.4745,3.5997,3.7381,3.8741,3.3948,3.5194,3.6275,3.7262,3.8911,4.0346,4.1824,4.2145,4.2157,4.2233
Nigeria,Manure Management,Emissions (N2O),kilotonnes,,,,,,,,,,,,,,,,,5.4684,,,,
Nigeria,Manure Management,Emissions (CO2eq) from CH4 (AR5),kilotonnes,1087.2816,1133.3307,1173.9581,1178.2737,1217.1962,1245.9128,1272.7331,1300.2791,1327.7918,1358.5589,1394.6376,1489.0223,1523.2691,1538.2464,1569.1065,1600.7073,1646.5002,1685.9423,1712.8567,1734.4638,1751.9855
Nigeria,Manure Management,Emissions (CO2eq) from CH4 (AR5),kilotonnes,,,,,,,,,,,,,,,,,1660.3636,,,,
Nigeria,Manure Management,Emissions (CO2eq) from N2O (AR5),kilotonnes,710.4383,739.5387,842.2097,793.9836,825.3259,855.8028,887.815,920.7518,953.9174,990.5833,1026.6306,899.6326,932.6309,961.2839,987.4513,1031.1456,1069.1662,1108.3292,1116.8339,1117.1655,1119.1632
Nigeria,Manure Management,Emissions (CO2eq) from N2O (AR5),kilotonnes,,,,,,,,,,,,,,,,,1449.126,,,,
Nigeria,Manure Management,Emissions (CO2eq) (AR5),kilotonnes,1797.7198,1872.8695,2016.1678,1972.2573,2042.5221,2101.7156,2160.5482,2221.0309,2281.7092,2349.1422,2421.2682,2388.6549,2455.8999,2499.5303,2556.5578,2631.8529,2715.6664,2794.2715,2829.6906,2851.6293,2871.1486
Nigeria,Manure Management,Emissions (CO2eq) (AR5),kilotonnes,,,,,,,,,,,,,,,,,3109.4896,,,,
Nigeria,Manure left on Pasture,Direct emissions (N2O),kilotonnes,35.6104,36.932,37.4605,37.9613,39.1289,39.9188,40.6494,41.3645,41.9783,42.8478,43.5862,49.4184,50.3207,50.8713,51.8436,52.3909,53.4879,54.4462,55.4705,56.4526,57.1331
Nigeria,Manure left on Pasture,Indirect emissions (N2O),kilotonnes,10.8114,11.3382,11.5374,11.7304,12.0697,12.3318,12.5778,12.8231,13.0471,13.3329,13.6028,15.4906,15.8059,16.0484,16.3561,16.5152,16.9989,17.3424,17.7152,18.0886,18.3233
Nigeria,Manure left on Pasture,Emissions (N2O),kilotonnes,46.4218,48.2702,48.9979,49.6917,51.1986,52.2506,53.2272,54.1876,55.0254,56.1807,57.189,64.909,66.1266,66.9198,68.1998,68.9061,70.4868,71.7886,73.1857,74.5412,75.4564
Nigeria,Manure left on Pasture,Emissions (CO2eq) from N2O (AR5),kilotonnes,12301.7858,12791.5935,12984.4449,13168.2953,13567.6288,13846.4117,14105.2028,14359.7205,14581.7178,14887.8768,15155.077,17200.8971,17523.5487,17733.7383,18072.935,18260.1084,18679.0018,19023.9666,19394.212,19753.418,19995.9332
Nigeria,Manure left on Pasture,Emissions (CO2eq) (AR5),kilotonnes,12301.7858,12791.5935,12984.4449,13168.2953,13567.6288,13846.4117,14105.2028,14359.7205,14581.7178,14887.8768,15155.077,17200.8971,17523.5487,17733.7383,18072.935,18260.1084,18679.0018,19023.9666,19394.212,19753.418,19995.9332
Nigeria,Manure applied to Soils,Direct emissions (N2O),kilotonnes,1.8609,1.9462,2.1599,2.0805,2.1581,2.2382,2.321,2.4012,2.4657,2.5699,2.647,2.456,2.5405,2.5841,2.6461,2.7128,2.827,2.921,2.9597,2.9578,2.9685
Nigeria,Manure applied to Soils,Indirect emissions (N2O),kilotonnes,0.7909,0.8271,0.918,0.8842,0.9172,0.9512,0.9864,1.0205,1.0479,1.0922,1.125,1.0438,1.0797,1.0983,1.1246,1.153,1.2015,1.2414,1.2579,1.2571,1.2616
Nigeria,Manure applied to Soils,Emissions (N2O),kilotonnes,2.6518,2.7733,3.0779,2.9647,3.0753,3.1894,3.3074,3.4217,3.5137,3.6621,3.772,3.4999,3.6202,3.6824,3.7708,3.8658,4.0285,4.1624,4.2176,4.2149,4.2301
Nigeria,Manure applied to Soils,Emissions (CO2eq) from N2O (AR5),kilotonnes,702.716,734.9157,815.6377,785.634,814.9591,845.1928,876.4732,906.7463,931.1257,970.4518,999.5695,927.4652,959.363,975.8331,999.2488,1024.4357,1067.5505,1103.0365,1117.6644,1116.9556,1120.9809
Nigeria,Manure applied to Soils,Emissions (CO2eq) (AR5),kilotonnes,702.716,734.9157,815.6377,785.634,814.9591,845.1928,876.4732,906.7463,931.1257,970.4518,999.5695,927.4652,959.363,975.8331,999.2488,1024.4357,1067.5505,1103.0365,1117.6644,1116.9556,1120.9809
Nigeria,Synthetic Fertilizers,Direct emissions (N2O),kilotonnes,1.6594,2.3069,1.9663,2.6365,1.8282,3.3506,3.4077,1.1018,1.9648,1.565,4.1352,2.1753,3.0266,4.2354,3.8052,3.0816,4.5374,7.1186,6.8577,6.8577,6.8577
Nigeria,Synthetic Fertilizers,Indirect emissions (N2O),kilotonnes,0.5393,0.7497,0.6391,0.8569,0.5942,1.089,1.1075,0.3581,0.6386,0.5086,1.3439,0.707,0.9836,1.3765,1.2367,1.0015,1.4747,2.3135,2.2288,2.2288,2.2288
Nigeria,Synthetic Fertilizers,Emissions (N2O),kilotonnes,2.1987,3.0566,2.6054,3.4934,2.4224,4.4396,4.5152,1.4599,2.6034,2.0736,5.4792,2.8823,4.0102,5.612,5.0419,4.0832,6.0121,9.4321,9.0865,9.0865,9.0865
Nigeria,Synthetic Fertilizers,Emissions (CO2eq) from N2O (AR5),kilotonnes,582.6669,809.9952,690.4326,925.7451,641.9433,1176.4849,1196.5307,386.872,689.8919,549.5001,1451.9826,763.8012,1062.6979,1487.1723,1336.1114,1082.0373,1593.2102,2499.5084,2407.9149,2407.9149,2407.9149
Nigeria,Synthetic Fertilizers,Emissions (CO2eq) (AR5),kilotonnes,582.6669,809.9952,690.4326,925.7451,641.9433,1176.4849,1196.5307,386.872,689.8919,549.5001,1451.9826,763.8012,1062.6979,1487.1723,1336.1114,1082.0373,1593.2102,2499.5084,2407.9149,2407.9149,2407.9149
Nigeria,Drained organic soils,Emissions (CO2eq) (AR5),kilotonnes,0,0,0,0,0,0,0,0,0,0,0,0,0,0,0,0,0,0,0,0,0
Nigeria,Drained organic soils (CO2),Emissions (CO2),kilotonnes,0,0,0,0,0,0,0,0,0,0,0,0,0,0,0,0,0,0,0,0,0
Nigeria,Drained organic soils (CO2),Emissions (CO2eq) (AR5),kilotonnes,0,0,0,0,0,0,0,0,0,0,0,0,0,0,0,0,0,0,0,0,0
Nigeria,Drained organic soils (N2O),Emissions (N2O),kilotonnes,0,0,0,0,0,0,0,0,0,0,0,0,0,0,0,0,0,0,0,0,0
Nigeria,Drained organic soils (N2O),Emissions (CO2eq) from N2O (AR5),kilotonnes,0,0,0,0,0,0,0,0,0,0,0,0,0,0,0,0,0,0,0,0,0
Nigeria,Drained organic soils (N2O),Emissions (CO2eq) (AR5),kilotonnes,0,0,0,0,0,0,0,0,0,0,0,0,0,0,0,0,0,0,0,0,0
Nigeria,On-farm energy use,Emissions (CH4),kilotonnes,1.1861,1.489,1.5695,1.4763,1.4533,1.6196,1.4278,1.4111,1.6407,1.6406,1.9239,2.3105,2.7561,3.1579,3.5716,3.3333,3.5904,3.5631,3.7875,3.8307,3.8307
Nigeria,On-farm energy use,Emissions (N2O),kilotonnes,0.0361,0.0436,0.0482,0.0465,0.048,0.0518,0.048,0.0398,0.0507,0.0453,0.0573,0.0624,0.0733,0.0837,0.0943,0.0886,0.0952,0.0947,0.1004,0.1016,0.1016
Nigeria,On-farm energy use,Emissions (CO2),kilotonnes,1129.9878,1382.4867,1438.4002,1402.3306,1465.5562,1550.0976,1342.4883,1281.2572,1586.3309,1492.9101,1778.3528,2144.9532,2550.2455,2917.932,3317.6161,3139.041,3388.9151,3398.0439,3638.1392,3702.2438,3702.2438
Nigeria,On-farm energy use,Emissions (CO2eq) from CH4 (AR5),kilotonnes,33.2105,41.6912,43.9469,41.3371,40.6937,45.3487,39.9775,39.5094,45.9397,45.9379,53.8699,64.6941,77.1712,88.4213,100.0038,93.3331,100.5318,99.7662,106.0498,107.2589,107.2589
Nigeria,On-farm energy use,Emissions (CO2eq) from N2O (AR5),kilotonnes,9.5542,11.5488,12.7728,12.3209,12.7164,13.7364,12.7256,10.5522,13.4423,12.007,15.1932,16.5313,19.4369,22.1811,24.9983,23.4787,25.2212,25.086,26.6081,26.93,26.93
Nigeria,On-farm energy use,Emissions (CO2eq) (AR5),kilotonnes,1172.7525,1435.7267,1495.12,1455.9886,1518.9663,1609.1826,1395.1914,1331.3189,1645.7129,1550.855,1847.4158,2226.1787,2646.8536,3028.5344,3442.6182,3255.8527,3514.6681,3522.8961,3770.797,3836.4328,3836.4328
Nigeria,Forestland,Emissions (CO2),kilotonnes,0,0,0,0,0,0,0,0,0,0,0,0,0,0,0,0,0,0,0,0,0
Nigeria,Forestland,Emissions (CO2eq) (AR5),kilotonnes,0,0,0,0,0,0,0,0,0,0,0,0,0,0,0,0,0,0,0,0,0
Nigeria,Net Forest conversion,Emissions (CO2),kilotonnes,45992.6758,45992.9575,45992.9575,45992.9575,45992.9575,45992.9575,45992.9575,45992.9575,45992.9575,45992.9575,45992.9575,45992.9575,45992.9575,45992.9575,45992.9575,45992.9575,45991.2677,45991.2677,45991.2677,45991.2677,45991.2677
Nigeria,Net Forest conversion,Emissions (CO2eq) (AR5),kilotonnes,45992.6758,45992.9575,45992.9575,45992.9575,45992.9575,45992.9575,45992.9575,45992.9575,45992.9575,45992.9575,45992.9575,45992.9575,45992.9575,45992.9575,45992.9575,45992.9575,45991.2677,45991.2677,45991.2677,45991.2677,45991.2677
Nigeria,Savanna fires,Emissions (CH4),kilotonnes,106.6372,82.1195,72.8278,91.1576,78.3799,107.4397,80.4645,79.3502,67.2244,55.9029,68.7273,55.1473,50.9904,51.4456,45.0225,44.431,69.3276,50.3983,40.935,45.6302,52.4902
Nigeria,Savanna fires,Emissions (N2O),kilotonnes,9.7364,7.4979,6.6495,8.3231,7.1564,9.8097,7.3468,7.245,6.1379,5.1042,6.2751,5.0352,4.6556,4.6972,4.1107,4.0567,6.3299,4.6016,3.7375,4.1662,4.7926
Nigeria,Savanna fires,Emissions (CO2eq) from CH4 (AR5),kilotonnes,2985.8414,2299.3472,2039.1787,2552.4129,2194.637,3008.3108,2253.0053,2221.8069,1882.284,1565.2806,1924.3636,1544.1249,1427.7305,1440.4782,1260.6294,1244.0668,1941.1739,1411.1535,1146.1808,1277.6452,1469.7248
Nigeria,Savanna fires,Emissions (CO2eq) from N2O (AR5),kilotonnes,2580.1566,1986.9359,1762.1164,2205.6176,1896.4527,2599.5729,1946.8904,1919.931,1626.5389,1352.6066,1662.9011,1334.3254,1233.7454,1244.761,1089.3482,1075.036,1677.4274,1219.4207,990.4497,1104.0521,1270.034
Nigeria,Savanna fires,Emissions (CO2eq) (AR5),kilotonnes,5565.998,4286.2832,3801.295,4758.0305,4091.0897,5607.8836,4199.8957,4141.7379,3508.8229,2917.8871,3587.2647,2878.4503,2661.4759,2685.2392,2349.9777,2319.1028,3618.6013,2630.5742,2136.6305,2381.6972,2739.7588
Nigeria,Fires in organic soils,Emissions (CH4),kilotonnes,0,0,0,0,0,0,0,0,0,0,0,0,0,0,0,0,0,0,0,0,0
Nigeria,Fires in organic soils,Emissions (CO2),kilotonnes,0,0,0,0,0,0,0,0,0,0,0,0,0,0,0,0,0,0,0,0,0
Nigeria,Fires in organic soils,Emissions (CO2eq) from CH4 (AR5),kilotonnes,0,0,0,0,0,0,0,0,0,0,0,0,0,0,0,0,0,0,0,0,0
Nigeria,Fires in organic soils,Emissions (CO2eq) (AR5),kilotonnes,0,0,0,0,0,0,0,0,0,0,0,0,0,0,0,0,0,0,0,0,0
Nigeria,Forest fires,Emissions (CH4),kilotonnes,335.6201,10.5027,8.6877,12.385,6.2351,18.2629,9.0489,6.6485,6.9675,3.626,5.5087,3.7414,2.669,4.4616,3.1282,2.3662,7.6619,5.8337,2.0717,6.2368,20.1155
Nigeria,Forest fires,Emissions (N2O),kilotonnes,9.8712,0.9589,0.7932,1.1308,0.5693,1.6675,0.8262,0.607,0.6362,0.3311,0.503,0.3416,0.2437,0.4074,0.2856,0.216,0.6996,0.5326,0.1892,0.5694,1.8366
Nigeria,Forest fires,Emissions (CO2eq) from CH4 (AR5),kilotonnes,9397.3614,294.0767,243.2552,346.7809,174.5839,511.3621,253.3698,186.1567,195.0888,101.5288,154.2441,104.7599,74.7309,124.9247,87.5902,66.2544,214.532,163.3433,58.0083,174.6304,563.2326
Nigeria,Forest fires,Emissions (CO2eq) from N2O (AR5),kilotonnes,2615.8622,254.1206,210.2042,299.6639,150.8632,441.8836,218.9446,160.8637,168.5822,87.7341,133.287,90.5262,64.5772,107.9513,75.6894,57.2524,185.3836,141.1499,50.1268,150.9034,486.7064
Nigeria,Forest fires,Emissions (CO2eq) (AR5),kilotonnes,12013.2236,548.1974,453.4594,646.4448,325.4471,953.2457,472.3144,347.0204,363.671,189.2629,287.5311,195.2861,139.3081,232.876,163.2796,123.5068,399.9156,304.4932,108.1351,325.5338,1049.939
Nigeria,Fires in humid tropical forests,Emissions (CH4),kilotonnes,219.297,10.4879,8.6579,12.3627,6.2054,18.2332,9.0142,6.6336,6.9526,3.5988,5.4418,3.729,2.6491,4.4418,3.0242,2.3538,7.6544,5.8114,2.0692,6.2318,20.0981
Nigeria,Fires in humid tropical forests,Emissions (N2O),kilotonnes,6.4499,0.9576,0.7905,1.1288,0.5666,1.6648,0.823,0.6057,0.6348,0.3286,0.4969,0.3405,0.2419,0.4056,0.2761,0.2149,0.6989,0.5306,0.1889,0.569,1.835
Nigeria,Fires in humid tropical forests,Emissions (CO2eq) from CH4 (AR5),kilotonnes,6140.3164,293.6604,242.4225,346.1564,173.7513,510.5295,252.3984,185.7404,194.6725,100.7655,152.3708,104.4129,74.1758,124.3697,84.6764,65.9075,214.3238,162.7189,57.9389,174.4916,562.7469
Nigeria,Fires in humid tropical forests,Emissions (CO2eq) from N2O (AR5),kilotonnes,1709.2267,253.7609,209.4847,299.1243,150.1438,441.1641,218.1052,160.5039,168.2224,87.0745,131.6682,90.2264,64.0976,107.4716,73.1714,56.9527,185.2037,140.6103,50.0668,150.7835,486.2868
Nigeria,Fires in humid tropical forests,Emissions (CO2eq) (AR5),kilotonnes,7849.5431,547.4213,451.9072,645.2807,323.895,951.6936,470.5036,346.2443,362.8949,187.8401,284.039,194.6393,138.2733,231.8414,157.8478,122.8602,399.5276,303.3292,108.0057,325.2751,1049.0337
Nigeria,Waste - agri-food systems,Emissions (CH4),kilotonnes,946.4342,954.5579,962.7836,966.682,976.0085,986.0677,997.3866,1008.9411,1020.4504,1029.4615,1039.3407,1049.0526,1058.9865,1069.1312,1076.8673,1084.5508,1090.5116,1096.0749,1102.3413,1109.511,1116.2048
Nigeria,Waste - agri-food systems,Emissions (N2O),kilotonnes,2.5058,2.561,2.6502,2.6676,2.7958,2.9444,3.0881,3.2404,3.3002,3.4202,3.5029,3.6057,3.6692,3.8364,3.744,3.7143,3.8084,3.7886,3.8968,4.0038,4.1125
Nigeria,Waste - agri-food systems,Emissions (CO2),kilotonnes,0,0,0,0,0,0,0,0,0,0,0,0,0,0,0,0,0,0,0,0,0
Nigeria,Waste - agri-food systems,Emissions (CO2eq) from CH4 (AR5),kilotonnes,26500.1579,26727.6212,26957.941,27067.0959,27328.2374,27609.8949,27926.8242,28250.3502,28572.6103,28824.9215,29101.5393,29373.474,29651.6211,29935.6749,30152.284,30367.4236,30534.3261,30690.096,30865.5567,31066.3084,31253.7346
Nigeria,Waste - agri-food systems,Emissions (CO2eq) from N2O (AR5),kilotonnes,664.0387,678.658,702.3005,706.9204,740.8888,780.2556,818.3499,858.7108,874.5618,906.3555,928.2572,955.5136,972.3401,1016.6414,992.1488,984.2868,1009.2161,1003.9884,1032.6402,1061.011,1089.8158
Nigeria,Waste - agri-food systems,Emissions (CO2eq) (AR5),kilotonnes,27164.1966,27406.2792,27660.2415,27774.0162,28069.1262,28390.1504,28745.1741,29109.0609,29447.172,29731.277,30029.7965,30328.9876,30623.9612,30952.3162,31144.4328,31351.7103,31543.5422,31694.0844,31898.1969,32127.3194,32343.5505
Nigeria,On-farm electricity use,Emissions (CH4),kilotonnes,0,0,0,0,0,0,0,0,0,0,0,0,0,0,0,0,0,0,0,0,0
Nigeria,On-farm electricity use,Emissions (N2O),kilotonnes,0,0,0,0,0,0,0,0,0,0,0,0,0,0,0,0,0,0,0,0,0
Nigeria,On-farm electricity use,Emissions (CO2),kilotonnes,0,0,0,0,0,0,0,0,0,0,0,0,0,0,0,0,0,0,0,0,0
Nigeria,On-farm electricity use,Emissions (CO2eq) from CH4 (AR5),kilotonnes,0,0,0,0,0,0,0,0,0,0,0,0,0,0,0,0,0,0,0,0,0
Nigeria,On-farm electricity use,Emissions (CO2eq) from N2O (AR5),kilotonnes,0,0,0,0,0,0,0,0,0,0,0,0,0,0,0,0,0,0,0,0,0
Nigeria,On-farm electricity use,Emissions (CO2eq) (AR5),kilotonnes,0,0,0,0,0,0,0,0,0,0,0,0,0,0,0,0,0,0,0,0,0
Nigeria,Food Processing,Emissions (CH4),kilotonnes,3.9052,428.1621,309.5,2.5345,1.4599,2.1346,13.4954,5.4439,5.4908,6.7602,6.6845,6.9615,8.2253,10.561,11.1543,13.2287,13.3412,7.6842,8.2269,7.1201,6.9683
Nigeria,Food Processing,Emissions (N2O),kilotonnes,0.0048,0.3998,0.385,0.0035,0.0021,0.0051,0.0378,0.0218,0.0196,0.0327,0.0287,0.0296,0.0334,0.0537,0.0505,0.0577,0.0625,0.0448,0.0431,0.0414,0.0424
Nigeria,Food Processing,Emissions (CO2),kilotonnes,337.2369,16163.3702,13367.9929,170.8933,119.6498,407.7209,1534.069,765.7207,889.3515,2569.1688,2858.058,3500.3577,2375.7532,4042.7556,3983.1079,3407.6642,3540.3933,3421.9909,2808.9384,2644.9922,2644.9922
Nigeria,Food Processing,Emissions (CO2eq) from CH4 (AR5),kilotonnes,109.3456,11988.5388,8666,70.966,40.8772,59.7688,377.8712,152.4292,153.7424,189.2856,187.166,194.922,230.3084,295.708,312.3204,370.4036,373.5536,215.1576,230.3532,199.3628,195.1128
Nigeria,Food Processing,Emissions (CO2eq) from N2O (AR5),kilotonnes,1.272,105.947,102.025,0.9275,0.5565,1.3515,10.017,5.777,5.194,8.6655,7.6055,7.844,8.851,14.2305,13.3825,15.2905,16.5625,11.872,11.4215,10.971,11.2285
Nigeria,Food Processing,Emissions (CO2eq) (AR5),kilotonnes,447.8545,28257.856,22136.0179,242.7868,161.0835,468.8412,1921.9572,923.9269,1048.2879,2767.1199,3052.8295,3703.1237,2614.9126,4352.6941,4308.8108,3793.3583,3930.5094,3649.0205,3050.7131,2855.326,2851.3336
Nigeria,Food Packaging,Emissions (CH4),kilotonnes,2.6978,4.2627,3.5781,11.6834,14.9129,14.9144,13.7416,13.9601,14.2884,14.042,20.5387,22.5576,21.1675,21.4161,25.4213,26.6658,27.5595,28.3995,27.9566,28.7207,28.1084
Nigeria,Food Packaging,Emissions (N2O),kilotonnes,0.004,0.0048,0.0054,0.0114,0.0153,0.0151,0.0151,0.0164,0.0166,0.0177,0.0224,0.0291,0.0312,0.0298,0.0375,0.0381,0.0458,0.0468,0.0485,0.0416,0.0426
Nigeria,Food Packaging,Emissions (CO2),kilotonnes,276.6994,325.3165,306.3697,579.0463,674.9393,753.5008,689.2917,647.4022,704.3207,610.2384,934.8263,903.0046,687.8423,587.6546,1128.0063,954.9544,847.3537,957.4025,1016.5453,1032.5459,1032.5459
Nigeria,Food Packaging,Emissions (CO2eq) from CH4 (AR5),kilotonnes,75.5384,119.3556,100.1868,327.1352,417.5612,417.6032,384.7648,390.8828,400.0752,393.176,575.0836,631.6128,592.69,599.6508,711.7964,746.6424,771.666,795.186,782.7848,804.1796,787.0362
Nigeria,Food Packaging,Emissions (CO2eq) from N2O (AR5),kilotonnes,1.06,1.272,1.431,3.021,4.0545,4.0015,4.0015,4.346,4.399,4.6905,5.936,7.7115,8.268,7.897,9.9375,10.0965,12.137,12.402,12.8525,11.024,11.2828
Nigeria,Food Packaging,Emissions (CO2eq) (AR5),kilotonnes,353.2978,445.9441,407.9875,909.2025,1096.555,1175.1055,1078.058,1042.631,1108.7949,1008.1049,1515.8459,1542.3289,1288.8003,1195.2024,1849.7402,1711.6933,1631.1567,1764.9905,1812.1826,1847.7495,1830.8649
Nigeria,Food Retail,Emissions (CH4),kilotonnes,0.3942,0.4098,0.5541,0.5944,0.741,0.7988,0.685,0.8824,0.7685,0.7794,0.9155,1.0383,1.1134,1.0299,1.0717,1.1004,1.1297,1.1596,1.19,1.212,1.1862
Nigeria,Food Retail,Emissions (N2O),kilotonnes,0.0024,0.0025,0.0035,0.0037,0.0046,0.005,0.0043,0.0059,0.0047,0.0049,0.0055,0.0059,0.0059,0.0044,0.0046,0.0047,0.0049,0.005,0.0051,0.0059,0.006
Nigeria,Food Retail,Emissions (CO2),kilotonnes,139.606,147.7131,202.2284,206.1805,268.2367,317.7075,273.4628,331.3387,293.2061,301.9282,360.8436,382.6173,413.4287,385.21,400.8393,411.5727,422.4944,433.6671,445.0281,465.532,465.532
Nigeria,Food Retail,Emissions (CO2eq) from F-gases (AR5),kilotonnes,102.861,130.3945,188.5785,244.165,316.3755,351.7015,400.5345,449.3675,455.6015,458.7185,460.277,461.316,461.8355,462.355,462.355,462.355,504.4345,515.344,526.2535,537.163,560.5179
Nigeria,Food Retail,Emissions (CO2eq) from CH4 (AR5),kilotonnes,11.0376,11.4744,15.5148,16.6432,20.748,22.3664,19.18,24.7072,21.518,21.8232,25.634,29.0724,31.1752,28.8372,30.0076,30.8112,31.6316,32.4688,33.32,33.936,33.2126
Nigeria,Food Retail,Emissions (CO2eq) from N2O (AR5),kilotonnes,0.636,0.6625,0.9275,0.9805,1.219,1.325,1.1395,1.5635,1.2455,1.2985,1.4575,1.5635,1.5635,1.166,1.219,1.2455,1.2985,1.325,1.3515,1.5635,1.6002
Nigeria,Food Retail,Emissions (CO2eq) (AR5),kilotonnes,254.1406,290.2445,407.2492,467.9692,606.5792,693.1004,694.3168,806.9769,771.5711,783.7684,848.2121,874.5692,908.0029,877.5682,894.4209,905.9844,959.859,982.8049,1005.9531,1038.1945,1060.8627
Nigeria,Food Household Consumption,Emissions (CH4),kilotonnes,3.1104,3.3145,5.2659,5.1345,6.2314,6.8096,5.1532,6.509,6.6928,6.5935,7.7292,8.7941,9.359,8.6668,9.0126,9.2547,9.5042,9.7562,10.0141,10.0141,9.8006
Nigeria,Food Household Consumption,Emissions (N2O),kilotonnes,0.0347,0.041,0.0522,0.0457,0.0468,0.0564,0.0414,0.0487,0.0505,0.0487,0.053,0.0593,0.0558,0.0436,0.0451,0.0463,0.0476,0.0488,0.0502,0.0502,0.0514
Nigeria,Food Household Consumption,Emissions (CO2),kilotonnes,3109.024,3825.998,4393.2681,3560.6197,3309.6618,4471.7798,3234.0438,3090.4568,3806.5905,3471.4743,3900.5422,4421.4687,4258.3985,4033.9197,4158.402,4270.9358,4423.0651,4551.5674,4699.205,4699.205,4699.205
Nigeria,Food Household Consumption,Emissions (CO2eq) from CH4 (AR5),kilotonnes,87.0912,92.806,147.4452,143.766,174.4792,190.6688,144.2896,182.252,187.3984,184.618,216.4176,246.2348,262.052,242.6704,252.3528,259.1316,266.1176,273.1736,280.3948,280.3948,274.4174
Nigeria,Food Household Consumption,Emissions (CO2eq) from N2O (AR5),kilotonnes,9.1955,10.865,13.833,12.1105,12.402,14.946,10.971,12.9055,13.3825,12.9055,14.045,15.7145,14.787,11.554,11.9515,12.2695,12.614,12.932,13.303,13.303,13.6153
Nigeria,Food Household Consumption,Emissions (CO2eq) (AR5),kilotonnes,3205.3107,3929.669,4554.5463,3716.4962,3496.543,4677.3946,3389.3044,3285.6143,4007.3714,3668.9978,4131.0048,4683.418,4535.2375,4288.1441,4422.7063,4542.3369,4701.7967,4837.673,4992.9028,4992.9028,4987.2377
Nigeria,Food Transport,Emissions (CH4),kilotonnes,0.543,0.6142,0.7419,0.755,0.7532,0.7349,0.6981,0.7043,0.8025,0.7944,0.8832,0.8356,0.8706,1.3546,1.4763,1.3554,1.4877,1.4877,1.9175,1.4578,1.4267
Nigeria,Food Transport,Emissions (N2O),kilotonnes,0.0775,0.0859,0.1029,0.1038,0.1008,0.1007,0.0943,0.0914,0.105,0.1025,0.1208,0.1142,0.1177,0.1782,0.1973,0.1812,0.2,0.2,0.2582,0.1968,0.2014
Nigeria,Food Transport,Emissions (CO2),kilotonnes,2248.1,2519.365,2960.175,3200.6675,3256.565,2866.325,2562.1025,2303.3425,2770.3825,2587.88,3058.555,2746.515,2820.705,4866.24,5369.72,4876.515,5585.41,5585.935,7203.925,5224.2388,5224.2388
Nigeria,Food Transport,Emissions (CO2eq) from CH4 (AR5),kilotonnes,15.204,17.1976,20.7732,21.14,21.0896,20.5772,19.5468,19.7204,22.47,22.2432,24.7296,23.3968,24.3768,37.9288,41.3364,37.9512,41.6556,41.6556,53.69,40.8184,39.9482
Nigeria,Food Transport,Emissions (CO2eq) from N2O (AR5),kilotonnes,20.5375,22.7635,27.2685,27.507,26.712,26.6855,24.9895,24.221,27.825,27.1625,32.012,30.263,31.1905,47.223,52.2845,48.018,53,53,68.423,52.152,53.3762
Nigeria,Food Transport,Emissions (CO2eq) (AR5),kilotonnes,2283.8415,2559.3261,3008.2167,3249.3145,3304.3666,2913.5877,2606.6388,2347.2839,2820.6775,2637.2857,3115.2966,2800.1748,2876.2723,4951.3918,5463.3409,4962.4842,5680.0656,5680.5906,7326.038,5317.2092,5317.5633
Nigeria,Energy,Emissions (CH4),kilotonnes,8190,8180,6700,7580,7360,7050,6480,6070,5860,5570,5850,6120,6210,5770,5870,5810,5310,5460,5340,5160,5050
Nigeria,Energy,Emissions (N2O),kilotonnes,12.8,13.2,13.5,13.9,14.2,14.5,14.8,15.3,15.8,16.1,16.9,17.4,18.1,18.9,18.9,19.2,19.7,20.2,20.8,21.3,21.8
Nigeria,Energy,Emissions (CO2),kilotonnes,78600,81900,86800,90800,95900,105000,97600,93500,89400,73800,112000,126000,111000,110000,116000,102000,107000,121000,134000,137000,137000
Nigeria,Energy,Emissions (CO2eq) from CH4 (AR5),kilotonnes,229320,229040,187600,212240,206080,197400,181440,169960,164080,155960,163800,171360,173880,161560,164360,162680,148680,152880,149520,144480,141400
Nigeria,Energy,Emissions (CO2eq) from N2O (AR5),kilotonnes,3392,3498,3577.5,3683.5,3763,3842.5,3922,4054.5,4187,4266.5,4478.5,4611,4796.5,5008.5,5008.5,5088,5220.5,5353,5512,5644.5,5777
Nigeria,Energy,Emissions (CO2eq) (AR5),kilotonnes,311312,314438,277977.5,306723.5,305743,306242.5,282962,267514.5,257667,234026.5,280278.5,301971,289676.5,276568.5,285368.5,269768,260900.5,279233,289032,287124.5,284177
Nigeria,IPPU,Emissions (CH4),kilotonnes,0.0563,0.0595,0.0634,0.0667,0.07,0.0733,0.0766,0.0799,0.0832,0.0865,0.0898,0.0931,0.0964,0.0997,0.0997,0.0997,0.0997,0.0997,0.0997,0.108,0.11
Nigeria,IPPU,Emissions (N2O),kilotonnes,0.0014,0.0014,0.0014,0.0014,0.0015,0.0015,0.0016,0.0016,0.0017,0.0017,0.0017,0.0018,0.0018,0.0019,0.0019,0.002,0.0021,0.0021,0.0022,0.0022,0.0022
Nigeria,IPPU,Emissions (CO2),kilotonnes,2230,3050,3010,3190,3230,2530,2810,3370,5490,5490,5500,6230,8210,9710,9720,10200,10900,10600,11400,11500,11600
Nigeria,IPPU,Emissions (CO2eq) from F-gases (AR5),kilotonnes,244.8822,276.9501,307.0744,371.2103,442.1483,526.691,582.081,649.1321,724.9289,790.0365,860.0028,880.4097,937.7432,991.1897,1049.4949,1107.8002,1166.1055,1224.4108,1282.716,1341.0213,1399.3266
Nigeria,IPPU,Emissions (CO2eq) from CH4 (AR5),kilotonnes,1.5764,1.666,1.7752,1.8676,1.96,2.0524,2.1448,2.2372,2.3296,2.422,2.5144,2.6068,2.6992,2.7916,2.7916,2.7916,2.7916,2.7916,2.7916,3.024,3.08
Nigeria,IPPU,Emissions (CO2eq) from N2O (AR5),kilotonnes,0.3578,0.3657,0.3763,0.3843,0.3949,0.4054,0.4161,0.4267,0.4373,0.4505,0.4611,0.4744,0.4876,0.5009,0.5141,0.5274,0.5433,0.5565,0.5698,0.5777,0.591
Nigeria,IPPU,Emissions (CO2eq) (AR5),kilotonnes,2476.8163,3328.9818,3319.2259,3563.4621,3674.5032,3059.1488,3394.6418,4021.7959,6217.6958,6282.909,6362.9783,7113.4908,9150.93,10704.4821,10772.8006,11311.1192,12069.4403,11827.7589,12686.0774,12844.623,13002.9975
Nigeria,Waste,Emissions (CH4),kilotonnes,736,765,798,828,861,891,924,960,1000,1040,1080,1130,1170,1220,1270,1310,1350,1400,1440,1480,1520
Nigeria,Waste,Emissions (N2O),kilotonnes,4.48,4.59,4.71,4.86,5.04,5.3,5.55,5.82,6.01,6.21,6.34,6.51,6.62,6.8,6.86,6.9,6.88,6.87,7.05,7.42,7.55
Nigeria,Waste,Emissions (CO2eq) from CH4 (AR5),kilotonnes,20608,21420,22344,23184,24108,24948,25872,26880,28000,29120,30240,31640,32760,34160,35560,36680,37800,39200,40320,41440,42560
Nigeria,Waste,Emissions (CO2eq) from N2O (AR5),kilotonnes,1187.2,1216.35,1248.15,1287.9,1335.6,1404.5,1470.75,1542.3,1592.65,1645.65,1680.1,1725.15,1754.3,1802,1817.9,1828.5,1823.2,1820.55,1868.25,1966.3,2000.75
Nigeria,Waste,Emissions (CO2eq) (AR5),kilotonnes,21795.2,22636.35,23592.15,24471.9,25443.6,26352.5,27342.75,28422.3,29592.65,30765.65,31920.1,33365.15,34514.3,35962,37377.9,38508.5,39623.2,41020.55,42188.25,43406.3,44560.75
Nigeria,Other,Emissions (N2O),kilotonnes,7.1,7.54,7.76,8.03,8.25,8.51,8.51,8.79,9.14,9.14,9.79,10.1,10.6,11.5,11.7,11.7,12.2,12.5,13.2,13.3,13.7
Nigeria,Other,Emissions (CO2eq) from N2O (AR5),kilotonnes,1881.5,1998.1,2056.4,2127.95,2186.25,2255.15,2255.15,2329.35,2422.1,2422.1,2594.35,2676.5,2809,3047.5,3100.5,3100.5,3233,3312.5,3498,3524.5,3630.5
Nigeria,Other,Emissions (CO2eq) (AR5),kilotonnes,1881.5,1998.1,2056.4,2127.95,2186.25,2255.15,2255.15,2329.35,2422.1,2422.1,2594.35,2676.5,2809,3047.5,3100.5,3100.5,3233,3312.5,3498,3524.5,3630.5
Nigeria,Farm-gate emissions,Emissions (CH4),kilotonnes,1256.6738,1254.2331,1266.6924,1298.5414,1330.9364,1395.7675,1412.5976,1397.8154,1390.8058,1338.9265,1437.5401,1563.6421,1647.5569,1675.8437,1712.6054,1733.6014,1980.8315,2059.229,2104.8369,2075.0535,2092.766
Nigeria,Farm-gate emissions,Direct emissions (N2O),kilotonnes,44.2411,46.0002,46.6724,47.9881,48.707,51.4274,52.7722,51.0813,52.9758,51.5913,55.5997,58.6761,60.8713,62.5075,63.8418,63.9094,67.5713,71.2582,72.2347,73.2523,73.6921
Nigeria,Farm-gate emissions,Indirect emissions (N2O),kilotonnes,13.2915,13.9984,14.2387,14.6662,14.8392,15.7039,16.1104,15.5998,16.2111,15.9706,17.2488,18.2823,18.9906,19.6069,19.9654,19.9576,21.1868,22.4211,22.7649,23.1459,23.3285
Nigeria,Farm-gate emissions,Emissions (N2O),kilotonnes,70.2943,70.6446,71.1041,74.3514,74.2025,80.5732,80.0099,77.8146,79.3402,76.7594,83.4433,85.926,88.6287,91.0446,92.3072,92.5032,99.9252,103.2381,103.7603,105.6392,106.8733
Nigeria,Farm-gate emissions,Emissions (CO2),kilotonnes,1129.9878,1382.4867,1438.4002,1402.3306,1465.5562,1550.0976,1342.4883,1281.2572,1586.3309,1492.9101,1778.3528,2144.9532,2550.2455,2917.932,3317.6161,3139.041,3388.9151,3398.0439,3638.1392,3702.2438,3702.2438
Nigeria,Farm-gate emissions,Emissions (CO2eq) from CH4 (AR5),kilotonnes,35186.8666,35118.5264,35467.3863,36359.1584,37266.2199,39081.4905,39552.7332,39138.8301,38942.5626,37489.9417,40251.1216,43781.9788,46131.5939,46923.6237,47952.9514,48540.8382,55463.2813,57658.4129,58935.4322,58101.4975,58597.4485
Nigeria,Farm-gate emissions,Emissions (CO2eq) from N2O (AR5),kilotonnes,18627.99,18720.8285,18842.5892,19703.1235,19663.6735,21351.9032,21202.6151,20620.8561,21025.158,20341.2397,22112.4753,22770.3944,23486.5989,24126.8089,24461.4006,24513.3415,26480.1772,27358.0844,27496.4794,27994.3982,28321.4144
Nigeria,Farm-gate emissions,Emissions (CO2eq) (AR5),kilotonnes,54944.8444,55221.8415,55748.3756,57464.6125,58395.4496,61983.4913,62097.8366,61040.9434,61554.0516,59324.0915,64141.9497,68697.3265,72168.4383,73968.3646,75731.9681,76193.2207,85332.3737,88414.5412,90070.0508,89798.1395,90621.1068
Nigeria,Land Use change,Emissions (CH4),kilotonnes,219.297,10.4879,8.6579,12.3627,6.2054,18.2332,9.0142,6.6336,6.9526,3.5988,5.4418,3.729,2.6491,4.4418,3.0242,2.3538,7.6544,5.8114,2.0692,6.2318,20.0981
Nigeria,Land Use change,Emissions (N2O),kilotonnes,6.4499,0.9576,0.7905,1.1288,0.5666,1.6648,0.823,0.6057,0.6348,0.3286,0.4969,0.3405,0.2419,0.4056,0.2761,0.2149,0.6989,0.5306,0.1889,0.569,1.835
Nigeria,Land Use change,Emissions (CO2),kilotonnes,45992.6758,45992.9575,45992.9575,45992.9575,45992.9575,45992.9575,45992.9575,45992.9575,45992.9575,45992.9575,45992.9575,45992.9575,45992.9575,45992.9575,45992.9575,45992.9575,45991.2677,45991.2677,45991.2677,45991.2677,45991.2677
Nigeria,Land Use change,Emissions (CO2eq) from CH4 (AR5),kilotonnes,6140.3164,293.6604,242.4225,346.1564,173.7513,510.5295,252.3984,185.7404,194.6725,100.7655,152.3708,104.4129,74.1758,124.3697,84.6764,65.9075,214.3238,162.7189,57.9389,174.4916,562.7469
Nigeria,Land Use change,Emissions (CO2eq) from N2O (AR5),kilotonnes,1709.2267,253.7609,209.4847,299.1243,150.1438,441.1641,218.1052,160.5039,168.2224,87.0745,131.6682,90.2264,64.0976,107.4716,73.1714,56.9527,185.2037,140.6103,50.0668,150.7835,486.2868
Nigeria,Land Use change,Emissions (CO2eq) (AR5),kilotonnes,53842.2189,46540.3788,46444.8647,46638.2382,46316.8525,46944.6511,46463.4611,46339.2018,46355.8524,46180.7976,46276.9965,46187.5968,46131.2308,46224.7988,46150.8053,46115.8176,46390.7952,46294.5969,46099.2734,46316.5428,47040.3014
Nigeria,Emissions on agricultural land,Emissions (CH4),kilotonnes,1475.9708,1264.721,1275.3503,1310.9041,1337.1418,1414.0007,1421.6118,1404.4489,1397.7584,1342.5253,1442.9819,1567.3711,1650.2061,1680.2855,1715.6296,1735.9552,1988.4859,2065.0404,2106.9061,2081.2853,2112.8641
Nigeria,Emissions on agricultural land,Emissions (N2O),kilotonnes,76.7442,71.6022,71.8946,75.4802,74.7691,82.238,80.8329,78.4202,79.975,77.088,83.9402,86.2665,88.8706,91.4501,92.5833,92.7181,100.6241,103.7687,103.9492,106.2082,108.7083
Nigeria,Emissions on agricultural land,Emissions (CO2),kilotonnes,47122.6637,47375.4442,47431.3577,47395.2881,47458.5137,47543.0551,47335.4458,47274.2147,47579.2884,47485.8676,47771.3103,48137.9107,48543.2029,48910.8895,49310.5736,49131.9985,49380.1828,49389.3116,49629.4069,49693.5115,49693.5115
Nigeria,Emissions on agricultural land,Emissions (CO2eq) from CH4 (AR5),kilotonnes,41327.183,35412.1868,35709.8088,36705.3148,37439.9712,39592.02,39805.1316,39324.5705,39137.2351,37590.7072,40403.4924,43886.3918,46205.7697,47047.9934,48037.6278,48606.7456,55677.6052,57821.1318,58993.3711,58275.9891,59160.1955
Nigeria,Emissions on agricultural land,Emissions (CO2eq) from N2O (AR5),kilotonnes,20337.2167,18974.5894,19052.0739,20002.2478,19813.8173,21793.0673,21420.7202,20781.36,21193.3804,20428.3143,22244.1435,22860.6208,23550.6964,24234.2805,24534.572,24570.2942,26665.3809,27498.6947,27546.5462,28145.1817,28807.7012
Nigeria,Emissions on agricultural land,Emissions (CO2eq) (AR5),kilotonnes,108787.0633,101762.2203,102193.2404,104102.8507,104712.3022,108928.1424,108561.2977,107380.1452,107909.904,105504.889,110418.9462,114884.9233,118299.6691,120193.1634,121882.7733,122309.0383,131723.1689,134709.1381,136169.3242,136114.6823,137661.4081
Nigeria,Pre- and post- production,Emissions (CH4),kilotonnes,957.0848,1391.3212,1282.4236,987.3838,1000.1069,1011.46,1031.1599,1036.4408,1048.4934,1058.431,1076.0918,1089.2397,1099.7223,1112.1596,1125.0035,1136.1558,1143.5339,1144.5621,1151.6464,1158.0357,1163.6951
Nigeria,Pre- and post- production,Emissions (N2O),kilotonnes,2.6292,3.095,3.1992,2.8357,2.9654,3.1267,3.281,3.4246,3.4966,3.6267,3.7333,3.8438,3.9132,4.1461,4.079,4.0423,4.1692,4.134,4.3019,4.3397,4.4563
Nigeria,Pre- and post- production,Emissions (CO2),kilotonnes,6110.6663,22981.7628,21230.0341,7717.4073,7629.0526,8817.034,8292.9698,7138.2609,8463.8513,9540.6897,11112.8251,11953.9633,10556.1277,13915.7799,15040.0755,13921.6421,14818.7165,14950.5629,16173.6418,14066.5139,14066.5139
Nigeria,Pre- and post- production,Emissions (CO2eq) from F-gases (AR5),kilotonnes,102.861,130.3945,188.5785,244.165,316.3755,351.7015,400.5345,449.3675,455.6015,458.7185,460.277,461.316,461.8355,462.355,462.355,462.355,504.4345,515.344,526.2535,537.163,560.5179
Nigeria,Pre- and post- production,Emissions (CO2eq) from CH4 (AR5),kilotonnes,26798.3747,38956.9936,35907.861,27646.7463,28002.9926,28320.8793,28872.4766,29020.3418,29357.8143,29636.0675,30130.5701,30498.7128,30792.2235,31140.4701,31500.0976,31812.3636,32018.9505,32047.7376,32246.0995,32425,32583.4619
Nigeria,Pre- and post- production,Emissions (CO2eq) from N2O (AR5),kilotonnes,696.7397,820.168,847.7855,751.4669,785.8328,828.5651,869.4684,907.5238,926.6078,961.078,989.3132,1018.6101,1037.0001,1098.7119,1080.9238,1071.2068,1104.8281,1095.5194,1139.9917,1150.0245,1180.9188
Nigeria,Pre- and post- production,Emissions (CO2eq) (AR5),kilotonnes,33708.6417,62889.3189,58174.2591,36359.7854,36734.2535,38318.1798,38435.4493,37515.4939,39203.8748,40596.5537,42692.9854,43932.6022,42847.1868,46617.3168,48083.4519,47267.5674,48446.9296,48609.1639,50085.9865,48178.7014,48391.4125
Nigeria,Agri-food systems,Emissions (CH4),kilotonnes,2433.0556,2656.0422,2557.7739,2298.2879,2337.2487,2425.4607,2452.7717,2440.8897,2446.2518,2400.9562,2519.0737,2656.6109,2749.9283,2792.4451,2840.6331,2872.111,3132.0198,3209.6025,3258.5525,3239.321,3276.5592
Nigeria,Agri-food systems,Emissions (N2O),kilotonnes,79.3734,74.6972,75.0938,78.3159,77.7345,85.3647,84.1139,81.8448,83.4717,80.7147,87.6734,90.1103,92.7838,95.5962,96.6622,96.7604,104.7932,107.9027,108.2511,110.5479,113.1646
Nigeria,Agri-food systems,Emissions (CO2),kilotonnes,53233.33,70357.207,68661.3918,55112.6954,55087.5663,56360.0891,55628.4156,54412.4756,56043.1397,57026.5573,58884.1354,60091.874,59099.3306,62826.6694,64350.6491,63053.6406,64198.8993,64339.8745,65803.0487,63760.0254,63760.0254
Nigeria,Agri-food systems,Emissions (CO2eq) from F-gases (AR5),kilotonnes,102.861,130.3945,188.5785,244.165,316.3755,351.7015,400.5345,449.3675,455.6015,458.7185,460.277,461.316,461.8355,462.355,462.355,462.355,504.4345,515.344,526.2535,537.163,560.5179
Nigeria,Agri-food systems,Emissions (CO2eq) from CH4 (AR5),kilotonnes,68125.5577,74369.1804,71617.6698,64352.061,65442.9638,67912.8993,68677.6082,68344.9123,68495.0494,67226.7747,70534.0624,74385.1046,76997.9932,78188.4635,79537.7254,80419.1092,87696.5557,89868.8694,91239.4706,90700.9891,91743.6573
Nigeria,Agri-food systems,Emissions (CO2eq) from N2O (AR5),kilotonnes,21033.9564,19794.7573,19899.8594,20753.7147,20599.65,22621.6323,22290.1886,21688.8838,22119.9882,21389.3922,23233.4568,23879.2309,24587.6965,25332.9924,25615.4958,25641.501,27770.209,28594.2141,28686.5379,29295.2062,29988.62
Nigeria,Agri-food systems,Emissions (CO2eq) (AR5),kilotonnes,142495.705,164651.5392,160367.4995,140462.6361,141446.5557,147246.3222,146996.747,144895.6391,147113.7788,146101.4427,153111.9316,158817.5255,161146.8558,166810.4802,169966.2253,169576.6058,180170.0985,183318.3021,186255.3107,184293.3837,186052.8207
Nigeria,IPCC Agriculture,Emissions (CH4),kilotonnes,1255.4877,1252.7441,1265.1228,1297.065,1329.4831,1394.1479,1411.1698,1396.4043,1389.1651,1337.2858,1435.6161,1561.3316,1644.8008,1672.6858,1709.0338,1730.268,1977.2411,2055.666,2101.0494,2071.2228,2088.9353
Nigeria,IPCC Agriculture,Emissions (CH4),kilotonnes,2510,,,,,,,,,,,,,,,,1639.953,,,,
Nigeria,IPCC Agriculture,Direct emissions (N2O),kilotonnes,44.2411,46.0002,46.6724,47.9881,48.707,51.4274,52.7722,51.0813,52.9758,51.5913,55.5997,58.6761,60.8713,62.5075,63.8418,63.9094,67.5713,71.2582,72.2347,73.2523,73.6921
Nigeria,IPCC Agriculture,Indirect emissions (N2O),kilotonnes,13.2915,13.9984,14.2387,14.6662,14.8392,15.7039,16.1104,15.5998,16.2111,15.9706,17.2488,18.2823,18.9906,19.6069,19.9654,19.9576,21.1868,22.4211,22.7649,23.1459,23.3285
Nigeria,IPCC Agriculture,Emissions (N2O),kilotonnes,70.2582,70.6011,71.0559,74.3049,74.1546,80.5214,79.9618,77.7747,79.2895,76.7141,83.386,85.8636,88.5553,90.9609,92.2128,92.4146,99.83,103.1434,103.6599,105.5376,106.7716
Nigeria,IPCC Agriculture,Emissions (N2O),kilotonnes,10,,,,,,,,,,,,,,,,80.5628,,,,
Nigeria,IPCC Agriculture,Emissions (CO2eq) from CH4 (AR5),kilotonnes,35153.6561,35076.8351,35423.4393,36317.8213,37225.5262,39036.1418,39512.7557,39099.3207,38896.6229,37444.0038,40197.2517,43717.2847,46054.4227,46835.2024,47852.9476,48447.5051,55362.7495,57558.6468,58829.3825,57994.2385,58490.1896
Nigeria,IPCC Agriculture,Emissions (CO2eq) from CH4 (AR5),kilotonnes,70280,,,,,,,,,,,,,,,,45918.684,,,,
Nigeria,IPCC Agriculture,Emissions (CO2eq) from N2O (AR5),kilotonnes,18618.4359,18709.2797,18829.8163,19690.8026,19650.9571,21338.1668,21189.8895,20610.3039,21011.7158,20329.2327,22097.2821,22753.8631,23467.162,24104.6278,24436.4022,24489.8629,26454.956,27332.9984,27469.8713,27967.4682,28294.4844
Nigeria,IPCC Agriculture,Emissions (CO2eq) from N2O (AR5),kilotonnes,2650,,,,,,,,,,,,,,,,21349.142,,,,
Nigeria,IPCC Agriculture,Emissions (CO2eq) (AR5),kilotonnes,53772.0919,53786.1148,54253.2557,56008.6239,56876.4833,60374.3087,60702.6452,59709.6245,59908.3387,57773.2365,62294.5339,66471.1478,69521.5847,70939.8301,72289.3499,72937.3679,81817.7056,84891.6452,86299.2538,85961.7067,86784.674
Nigeria,IPCC Agriculture,Emissions (CO2eq) (AR5),kilotonnes,72930,,,,,,,,,,,,,,,,67267.826,,,,
Nigeria,Agricultural Soils,Direct emissions (N2O),kilotonnes,44.2411,46.0002,46.6724,47.9881,48.707,51.4274,52.7722,51.0813,52.9758,51.5913,55.5997,58.6761,60.8713,62.5075,63.8418,63.9094,67.5713,71.2582,72.2347,73.2523,73.6921
Nigeria,Agricultural Soils,Direct emissions (N2O),kilotonnes,,,,,,,,,,,,,,,,,55.8828,,,,
Nigeria,Agricultural Soils,Indirect emissions (N2O),kilotonnes,13.2915,13.9984,14.2387,14.6662,14.8392,15.7039,16.1104,15.5998,16.2111,15.9706,17.2488,18.2823,18.9906,19.6069,19.9654,19.9576,21.1868,22.4211,22.7649,23.1459,23.3285
Nigeria,Agricultural Soils,Indirect emissions (N2O),kilotonnes,,,,,,,,,,,,,,,,,18.0184,,,,
Nigeria,Agricultural Soils,Emissions (N2O),kilotonnes,57.5326,59.9987,60.911,62.6543,63.5462,67.1313,68.8827,66.6811,69.1869,67.5619,72.8485,76.9584,79.8619,82.1144,83.8073,83.867,88.758,93.6793,94.9996,96.3982,97.0207
Nigeria,Agricultural Soils,Emissions (CO2eq) from N2O (AR5),kilotonnes,15246.131,15899.6435,16141.4263,16603.3819,16839.7388,17789.7944,18253.9103,17670.501,18334.5281,17903.9121,19304.859,20393.9846,21163.4074,21760.3283,22208.9243,22224.7576,23520.8823,24825.0081,25174.8914,25545.516,25710.4742
Nigeria,Agricultural Soils,Emissions (CO2eq) (AR5),kilotonnes,15246.131,15899.6435,16141.4263,16603.3819,16839.7388,17789.7944,18253.9103,17670.501,18334.5281,17903.9121,19304.859,20393.9846,21163.4074,21760.3283,22208.9243,22224.7576,23520.8823,24825.0081,25174.8914,25545.516,25710.4742
Nigeria,LULUCF,Emissions (CH4),kilotonnes,335.6201,10.5027,8.6877,12.385,6.2351,18.2629,9.0489,6.6485,6.9675,3.626,5.5087,3.7414,2.669,4.4616,3.1282,2.3662,7.6619,5.8337,2.0717,6.2368,20.1155
Nigeria,LULUCF,Emissions (CH4),kilotonnes,8,,,,,,,,,,,,,,,,,,,,
Nigeria,LULUCF,Emissions (N2O),kilotonnes,9.8712,0.9589,0.7932,1.1308,0.5693,1.6675,0.8262,0.607,0.6362,0.3311,0.503,0.3416,0.2437,0.4074,0.2856,0.216,0.6996,0.5326,0.1892,0.5694,1.8366
Nigeria,LULUCF,Emissions (N2O),kilotonnes,,,,,,,,,,,,,,,,,,,,,
Nigeria,LULUCF,Emissions (CO2),kilotonnes,45992.6758,45992.9575,45992.9575,45992.9575,45992.9575,45992.9575,45992.9575,45992.9575,45992.9575,45992.9575,45992.9575,45992.9575,45992.9575,45992.9575,45992.9575,45992.9575,45991.2677,45991.2677,45991.2677,45991.2677,45991.2677
Nigeria,LULUCF,Emissions (CO2),kilotonnes,97835,,,,,,,,,,,,,,,,,,,,
Nigeria,LULUCF,Emissions (CO2eq) from CH4 (AR5),kilotonnes,9397.3614,294.0767,243.2552,346.7809,174.5839,511.3621,253.3698,186.1567,195.0888,101.5288,154.2441,104.7599,74.7309,124.9247,87.5902,66.2544,214.532,163.3433,58.0083,174.6304,563.2326
Nigeria,LULUCF,Emissions (CO2eq) from N2O (AR5),kilotonnes,2615.8622,254.1206,210.2042,299.6639,150.8632,441.8836,218.9446,160.8637,168.5822,87.7341,133.287,90.5262,64.5772,107.9513,75.6894,57.2524,185.3836,141.1499,50.1268,150.9034,486.7064
Nigeria,LULUCF,Emissions (CO2eq) (AR5),kilotonnes,58005.8994,46541.1548,46446.4168,46639.4023,46318.4046,46946.2031,46465.2719,46339.9779,46356.6285,46182.2204,46280.4886,46188.2436,46132.2656,46225.8335,46156.2371,46116.4643,46391.1832,46295.7609,46099.4028,46316.8015,47041.2067
Nigeria,LULUCF,Emissions (CO2eq) (AR5),kilotonnes,97835,,,,,,,,,,,,,,,,,,,,
Nigeria,AFOLU,Emissions (CH4),kilotonnes,1591.1078,1263.2469,1273.8105,1309.4501,1335.7182,1412.4109,1420.2188,1403.0528,1396.1326,1340.9119,1441.1249,1565.073,1647.4698,1677.1474,1712.1621,1732.6343,1984.9029,2061.4996,2103.1211,2077.4596,2109.0508
Nigeria,AFOLU,Emissions (N2O),kilotonnes,80.1294,71.56,71.8491,75.4357,74.7239,82.1889,80.7881,78.3818,79.9257,77.0452,83.8889,86.2052,88.799,91.3682,92.4985,92.6306,100.5296,103.676,103.849,106.1071,108.6083
Nigeria,AFOLU,Emissions (CO2),kilotonnes,45992.6758,45992.9575,45992.9575,45992.9575,45992.9575,45992.9575,45992.9575,45992.9575,45992.9575,45992.9575,45992.9575,45992.9575,45992.9575,45992.9575,45992.9575,45992.9575,45991.2677,45991.2677,45991.2677,45991.2677,45991.2677
Nigeria,AFOLU,Emissions (CO2eq) from CH4 (AR5),kilotonnes,44551.0175,35370.9119,35666.6945,36664.6022,37400.1101,39547.5039,39766.1255,39285.4774,39091.7117,37545.5326,40351.4958,43822.0446,46129.1536,46960.1271,47940.5378,48513.7595,55577.2815,57721.9901,58887.3908,58168.8689,59053.4222
Nigeria,AFOLU,Emissions (CO2eq) from N2O (AR5),kilotonnes,21234.298,18963.4003,19040.0205,19990.4665,19801.8203,21780.0504,21408.834,20771.1675,21180.2979,20416.9668,22230.5692,22844.3893,23531.7392,24212.5791,24512.0916,24547.1153,26640.3396,27474.1483,27519.9981,28118.3716,28781.1908
Nigeria,AFOLU,Emissions (CO2eq) (AR5),kilotonnes,111777.9914,100327.2697,100699.6725,102648.0262,103194.888,107320.5118,107167.917,106049.6024,106264.9671,103955.4569,108575.0225,112659.3914,115653.8503,117165.6637,118445.5869,119053.8322,128208.8888,131187.406,132398.6565,132278.5082,133825.8807
Nigeria,All sectors with LULUCF,Emissions (CH4),kilotonnes,10517.1641,10208.3064,8771.8739,9717.5168,9556.7882,9353.4842,8824.2954,8433.1327,8256.2158,7950.9984,8371.2147,8815.1661,9027.5662,8667.2471,8852.2618,8852.734,8645.0026,8921.5993,8883.2208,8717.5676,8679.1608
Nigeria,All sectors with LULUCF,Emissions (N2O),kilotonnes,104.5108,96.8914,97.8206,102.2272,102.2153,110.5004,109.6496,108.2934,110.8773,108.4969,116.9207,120.217,124.1209,128.5701,129.9604,130.4326,139.3116,143.2481,144.9012,148.1292,151.6605
Nigeria,All sectors with LULUCF,Emissions (CO2),kilotonnes,126822.6758,130942.9575,135802.9575,139982.9575,145122.9575,153522.9575,146402.9575,142862.9575,140882.9575,125282.9575,163492.9575,178222.9575,165202.9575,165702.9575,171712.9575,158192.9575,163891.2677,177591.2677,191391.2677,194491.2677,194591.2677
Nigeria,All sectors with LULUCF,Emissions (CO2eq) from F-gases (AR5),kilotonnes,244.8822,276.9501,307.0744,371.2103,442.1483,526.691,582.081,649.1321,724.9289,790.0365,860.0028,880.4097,937.7432,991.1897,1049.4949,1107.8002,1166.1055,1224.4108,1282.716,1341.0213,1399.3266
Nigeria,All sectors with LULUCF,Emissions (CO2eq) from CH4 (AR5),kilotonnes,294480.5939,285832.5779,245612.4697,272090.4698,267590.0701,261897.5563,247080.2703,236127.7146,231174.0413,222627.9546,234394.0102,246824.6514,252771.8528,242682.9187,247863.3294,247876.5511,242060.0731,249804.7817,248730.1824,244091.8929,243016.5022
Nigeria,All sectors with LULUCF,Emissions (CO2eq) from N2O (AR5),kilotonnes,27695.3558,25676.216,25922.4468,27090.2007,27087.0652,29282.6058,29057.1501,28697.7442,29382.4852,28751.6673,30983.9803,31857.5137,32892.0268,34071.0799,34439.5057,34564.6426,36917.5829,37960.7548,38398.8178,39254.2493,40190.0318
Nigeria,All sectors with LULUCF,Emissions (CO2eq) (AR5),kilotonnes,449243.5077,442728.7014,407644.9485,439534.8383,440242.2411,445229.8106,423122.4589,408337.5483,402164.4129,377452.6159,429730.9508,457785.5322,451804.5802,443448.1458,455065.2876,441741.9514,444035.0291,466581.2149,479802.9839,479178.4312,479197.1283
Nigeria,All sectors without LULUCF,Emissions (CH4),kilotonnes,10181.544,10197.8036,8763.1862,9705.1317,9550.5531,9335.2212,8815.2464,8426.4842,8249.2483,7947.3723,8365.7059,8811.4247,9024.8972,8662.7855,8849.1335,8850.3677,8637.3408,8915.7657,8881.1491,8711.3308,8659.0453
Nigeria,All sectors without LULUCF,Emissions (N2O),kilotonnes,94.6396,95.9324,97.0273,101.0964,101.646,108.8329,108.8234,107.6863,110.2411,108.1658,116.4177,119.8754,123.8772,128.1627,129.6748,130.2166,138.6121,142.7155,144.712,147.5598,149.8239
Nigeria,All sectors without LULUCF,Emissions (CO2),kilotonnes,80830,84950,89810,93990,99130,107530,100410,96870,94890,79290,117500,132230,119210,119710,125720,112200,117900,131600,145400,148500,148600
Nigeria,All sectors without LULUCF,Emissions (CO2eq) from F-gases (AR5),kilotonnes,244.8822,276.9501,307.0744,371.2103,442.1483,526.691,582.081,649.1321,724.9289,790.0365,860.0028,880.4097,937.7432,991.1897,1049.4949,1107.8002,1166.1055,1224.4108,1282.716,1341.0213,1399.3266
Nigeria,All sectors without LULUCF,Emissions (CO2eq) from CH4 (AR5),kilotonnes,285083.2325,285538.5011,245369.2145,271743.6889,267415.4862,261386.1942,246826.9005,235941.5579,230978.9525,222526.4258,234239.7661,246719.8915,252697.1219,242557.994,247775.7392,247810.2967,241845.5411,249641.4384,248672.1741,243917.2625,242453.2696
Nigeria,All sectors without LULUCF,Emissions (CO2eq) from N2O (AR5),kilotonnes,25079.4936,25422.0954,25712.2426,26790.5368,26936.2019,28840.7223,28838.2055,28536.8805,29213.903,28663.9332,30850.6932,31766.9875,32827.4496,33963.1286,34363.8163,34507.3902,36732.1993,37819.6049,38348.6911,39103.3459,39703.3254
Nigeria,All sectors without LULUCF,Emissions (CO2eq) (AR5),kilotonnes,391237.6082,396187.5466,361198.5316,392895.436,393923.8365,398283.6075,376657.187,361997.5705,355807.7845,331270.3955,383450.4622,411597.2886,405672.3146,397222.3123,408909.0505,395625.4871,397643.8459,420285.454,433703.5812,432861.6297,432155.9215
Niue,Enteric Fermentation,Emissions (CH4),kilotonnes,0.0108,0.0109,0.0109,0.0109,0.0109,0.011,0.0109,0.0113,0.0111,0.0111,0.0111,0.0111,0.0111,0.0112,0.0112,0.0112,0.0112,0.0112,0.0112,0.0113,0.0113
Niue,Enteric Fermentation,Emissions (CH4),kilotonnes,,,,,,,,,,,,,,,,,,,,,
Niue,Enteric Fermentation,Emissions (CO2eq) from CH4 (AR5),kilotonnes,0.3016,0.3044,0.3044,0.3052,0.3052,0.308,0.3055,0.315,0.3105,0.31,0.3106,0.3111,0.3117,0.3122,0.3129,0.3136,0.3141,0.3145,0.3146,0.315,0.3154
Niue,Enteric Fermentation,Emissions (CO2eq) from CH4 (AR5),kilotonnes,,,,,,,,,,,,,,,,,,,,,
Niue,Enteric Fermentation,Emissions (CO2eq) (AR5),kilotonnes,0.3016,0.3044,0.3044,0.3052,0.3052,0.308,0.3055,0.315,0.3105,0.31,0.3106,0.3111,0.3117,0.3122,0.3129,0.3136,0.3141,0.3145,0.3146,0.315,0.3154
Niue,Enteric Fermentation,Emissions (CO2eq) (AR5),kilotonnes,,,,,,,,,,,,,,,,,,,,,
Niue,Manure Management,Emissions (CH4),kilotonnes,0.0279,0.0294,0.0294,0.0294,0.0294,0.0308,0.0308,0.0322,0.0321,0.0318,0.0321,0.0324,0.0327,0.033,0.0333,0.0337,0.0339,0.0341,0.0342,0.0344,0.0346
Niue,Manure Management,Emissions (CH4),kilotonnes,,,,,,,,,,,,,,,,,,,,,
Niue,Manure Management,Emissions (N2O),kilotonnes,0.0003,0.0003,0.0003,0.0003,0.0003,0.0003,0.0003,0.0003,0.0003,0.0003,0.0003,0.0003,0.0003,0.0003,0.0003,0.0003,0.0003,0.0003,0.0003,0.0003,0.0003
Niue,Manure Management,Emissions (CO2eq) from CH4 (AR5),kilotonnes,0.7809,0.8221,0.8221,0.8229,0.8229,0.8623,0.8615,0.9027,0.8982,0.8913,0.8995,0.9076,0.9152,0.9227,0.9331,0.9426,0.9502,0.9556,0.9573,0.9627,0.9697
Niue,Manure Management,Emissions (CO2eq) from CH4 (AR5),kilotonnes,,,,,,,,,,,,,,,,,,,,,
Niue,Manure Management,Emissions (CO2eq) from N2O (AR5),kilotonnes,0.0693,0.0746,0.0746,0.0746,0.0746,0.0777,0.078,0.0812,0.0809,0.081,0.0813,0.0826,0.0832,0.0838,0.0846,0.086,0.0866,0.087,0.0872,0.0876,0.0889
Niue,Manure Management,Emissions (CO2eq) (AR5),kilotonnes,0.8503,0.8967,0.8967,0.8975,0.8975,0.94,0.9395,0.9839,0.9791,0.9723,0.9808,0.9902,0.9983,1.0065,1.0177,1.0287,1.0368,1.0426,1.0445,1.0503,1.0586
Niue,Manure Management,Emissions (CO2eq) (AR5),kilotonnes,,,,,,,,,,,,,,,,,,,,,
Niue,Manure left on Pasture,Direct emissions (N2O),kilotonnes,0.0002,0.0002,0.0002,0.0002,0.0002,0.0002,0.0002,0.0002,0.0002,0.0002,0.0002,0.0002,0.0002,0.0002,0.0002,0.0002,0.0002,0.0002,0.0002,0.0002,0.0002
Niue,Manure left on Pasture,Indirect emissions (N2O),kilotonnes,0,0,0,0,0,0,0,0,0,0,0,0,0,0,0,0,0,0,0,0,0
Niue,Manure left on Pasture,Emissions (N2O),kilotonnes,0.0003,0.0003,0.0003,0.0003,0.0003,0.0003,0.0003,0.0003,0.0003,0.0003,0.0003,0.0003,0.0003,0.0003,0.0003,0.0003,0.0003,0.0003,0.0003,0.0003,0.0003
Niue,Manure left on Pasture,Emissions (CO2eq) from N2O (AR5),kilotonnes,0.0686,0.0689,0.0689,0.069,0.069,0.069,0.0684,0.0702,0.069,0.0692,0.0691,0.0692,0.0692,0.0692,0.0692,0.0693,0.0693,0.0693,0.0693,0.0693,0.0694
Niue,Manure left on Pasture,Emissions (CO2eq) (AR5),kilotonnes,0.0686,0.0689,0.0689,0.069,0.069,0.069,0.0684,0.0702,0.069,0.0692,0.0691,0.0692,0.0692,0.0692,0.0692,0.0693,0.0693,0.0693,0.0693,0.0693,0.0694
Niue,Manure applied to Soils,Direct emissions (N2O),kilotonnes,0.0003,0.0003,0.0003,0.0003,0.0003,0.0003,0.0003,0.0003,0.0003,0.0003,0.0003,0.0003,0.0003,0.0003,0.0003,0.0003,0.0003,0.0003,0.0003,0.0003,0.0003
Niue,Manure applied to Soils,Indirect emissions (N2O),kilotonnes,0.0001,0.0001,0.0001,0.0001,0.0001,0.0001,0.0001,0.0001,0.0001,0.0001,0.0001,0.0001,0.0001,0.0001,0.0001,0.0001,0.0001,0.0001,0.0001,0.0001,0.0001
Niue,Manure applied to Soils,Emissions (N2O),kilotonnes,0.0004,0.0004,0.0004,0.0004,0.0004,0.0004,0.0004,0.0004,0.0004,0.0004,0.0004,0.0005,0.0005,0.0005,0.0005,0.0005,0.0005,0.0005,0.0005,0.0005,0.0005
Niue,Manure applied to Soils,Emissions (CO2eq) from N2O (AR5),kilotonnes,0.0982,0.1081,0.1081,0.1082,0.1082,0.1118,0.1128,0.1166,0.1162,0.1175,0.1173,0.1201,0.1208,0.1215,0.1224,0.1253,0.126,0.1265,0.1267,0.1272,0.1299
Niue,Manure applied to Soils,Emissions (CO2eq) (AR5),kilotonnes,0.0982,0.1081,0.1081,0.1082,0.1082,0.1118,0.1128,0.1166,0.1162,0.1175,0.1173,0.1201,0.1208,0.1215,0.1224,0.1253,0.126,0.1265,0.1267,0.1272,0.1299
Niue,Drained organic soils,Emissions (CO2eq) (AR5),kilotonnes,0,0,0,0,0,0,0,0,0,0,0,0,0,0,0,0,0,0,0,0,0
Niue,Drained organic soils (CO2),Emissions (CO2),kilotonnes,0,0,0,0,0,0,0,0,0,0,0,0,0,0,0,0,0,0,0,0,0
Niue,Drained organic soils (CO2),Emissions (CO2eq) (AR5),kilotonnes,0,0,0,0,0,0,0,0,0,0,0,0,0,0,0,0,0,0,0,0,0
Niue,Drained organic soils (N2O),Emissions (N2O),kilotonnes,0,0,0,0,0,0,0,0,0,0,0,0,0,0,0,0,0,0,0,0,0
Niue,Drained organic soils (N2O),Emissions (CO2eq) from N2O (AR5),kilotonnes,0,0,0,0,0,0,0,0,0,0,0,0,0,0,0,0,0,0,0,0,0
Niue,Drained organic soils (N2O),Emissions (CO2eq) (AR5),kilotonnes,0,0,0,0,0,0,0,0,0,0,0,0,0,0,0,0,0,0,0,0,0
Niue,On-farm energy use,Emissions (CH4),kilotonnes,0,0,0,0,0,0,0,0,0,0,0,0,0,0,0,0,0,0,0,0,0
Niue,On-farm energy use,Emissions (N2O),kilotonnes,0,0,0,0,0,0,0,0,0,0,0,0,0,0,0,0,0,0,0,0,0
Niue,On-farm energy use,Emissions (CO2),kilotonnes,0.0673,0.0695,0.0654,0.0648,0.0543,0.0528,0.0603,0.0404,0.0639,0.0504,0.0453,0.0484,0.0493,0.0494,0.0494,0.0512,0.0611,0.0612,0.0615,0.0639,0.0639
Niue,On-farm energy use,Emissions (CO2eq) from CH4 (AR5),kilotonnes,0.0006,0.0006,0.0006,0.0005,0.0005,0.0005,0.0005,0.0004,0.0011,0.0005,0.0005,0.0006,0.0006,0.0006,0.0007,0.0007,0.001,0.001,0.001,0.0011,0.0011
Niue,On-farm energy use,Emissions (CO2eq) from N2O (AR5),kilotonnes,0.0055,0.0056,0.0053,0.0053,0.0043,0.0042,0.0048,0.0029,0.0034,0.0038,0.0033,0.0034,0.0033,0.0032,0.003,0.003,0.0032,0.0032,0.0032,0.0032,0.0032
Niue,On-farm energy use,Emissions (CO2eq) (AR5),kilotonnes,0.0733,0.0757,0.0712,0.0706,0.0591,0.0575,0.0656,0.0437,0.0683,0.0547,0.0491,0.0523,0.0533,0.0532,0.0531,0.055,0.0653,0.0654,0.0657,0.0682,0.0682
Niue,Forestland,Emissions (CO2),kilotonnes,-0.069,0,0,0,0,0,0,0,0,0,0,-2.3177,-2.3177,-2.3177,-2.3177,-2.3177,-2.1793,-2.1793,-2.1793,-2.1793,-2.1793
Niue,Forestland,Emissions (CO2eq) (AR5),kilotonnes,-0.069,0,0,0,0,0,0,0,0,0,0,-2.3177,-2.3177,-2.3177,-2.3177,-2.3177,-2.1793,-2.1793,-2.1793,-2.1793,-2.1793
Niue,Net Forest conversion,Emissions (CO2),kilotonnes,2.3173,1.3906,1.3906,1.3906,1.3906,1.3906,1.3906,1.3906,1.3906,1.3906,1.3906,0,0,0,0,0,0,0,0,0,0
Niue,Net Forest conversion,Emissions (CO2eq) (AR5),kilotonnes,2.3173,1.3906,1.3906,1.3906,1.3906,1.3906,1.3906,1.3906,1.3906,1.3906,1.3906,0,0,0,0,0,0,0,0,0,0
Niue,Savanna fires,Emissions (CH4),kilotonnes,0,0,0,0,0,0,0,0,0,0,0,0,0,0,0,0,0,0,0,0,0
Niue,Savanna fires,Emissions (N2O),kilotonnes,0,0,0,0,0,0,0,0,0,0,0,0,0,0,0,0,0,0,0,0,0
Niue,Savanna fires,Emissions (CO2eq) from CH4 (AR5),kilotonnes,0,0,0,0,0,0,0,0,0,0,0,0,0,0,0,0,0,0,0,0,0
Niue,Savanna fires,Emissions (CO2eq) from N2O (AR5),kilotonnes,0,0,0,0,0,0,0,0,0,0,0,0,0,0,0,0,0,0,0,0,0
Niue,Savanna fires,Emissions (CO2eq) (AR5),kilotonnes,0,0,0,0,0,0,0,0,0,0,0,0,0,0,0,0,0,0,0,0,0
Niue,Fires in organic soils,Emissions (CH4),kilotonnes,0,0,0,0,0,0,0,0,0,0,0,0,0,0,0,0,0,0,0,0,0
Niue,Fires in organic soils,Emissions (CO2),kilotonnes,0,0,0,0,0,0,0,0,0,0,0,0,0,0,0,0,0,0,0,0,0
Niue,Fires in organic soils,Emissions (CO2eq) from CH4 (AR5),kilotonnes,0,0,0,0,0,0,0,0,0,0,0,0,0,0,0,0,0,0,0,0,0
Niue,Fires in organic soils,Emissions (CO2eq) (AR5),kilotonnes,0,0,0,0,0,0,0,0,0,0,0,0,0,0,0,0,0,0,0,0,0
Niue,Forest fires,Emissions (CH4),kilotonnes,0,0,0,0,0,0,0,0,0,0,0,0,0,0,0,0,0,0,0,0,0
Niue,Forest fires,Emissions (N2O),kilotonnes,0,0,0,0,0,0,0,0,0,0,0,0,0,0,0,0,0,0,0,0,0
Niue,Forest fires,Emissions (CO2eq) from CH4 (AR5),kilotonnes,0,0,0,0,0,0,0,0,0,0,0,0,0,0,0,0,0,0,0,0,0
Niue,Forest fires,Emissions (CO2eq) from N2O (AR5),kilotonnes,0,0,0,0,0,0,0,0,0,0,0,0,0,0,0,0,0,0,0,0,0
Niue,Forest fires,Emissions (CO2eq) (AR5),kilotonnes,0,0,0,0,0,0,0,0,0,0,0,0,0,0,0,0,0,0,0,0,0
Niue,Fires in humid tropical forests,Emissions (CH4),kilotonnes,0,0,0,0,0,0,0,0,0,0,0,0,0,0,0,0,0,0,0,0,0
Niue,Fires in humid tropical forests,Emissions (N2O),kilotonnes,0,0,0,0,0,0,0,0,0,0,0,0,0,0,0,0,0,0,0,0,0
Niue,Fires in humid tropical forests,Emissions (CO2eq) from CH4 (AR5),kilotonnes,0,0,0,0,0,0,0,0,0,0,0,0,0,0,0,0,0,0,0,0,0
Niue,Fires in humid tropical forests,Emissions (CO2eq) from N2O (AR5),kilotonnes,0,0,0,0,0,0,0,0,0,0,0,0,0,0,0,0,0,0,0,0,0
Niue,Fires in humid tropical forests,Emissions (CO2eq) (AR5),kilotonnes,0,0,0,0,0,0,0,0,0,0,0,0,0,0,0,0,0,0,0,0,0
Niue,Waste - agri-food systems,Emissions (CH4),kilotonnes,0,0,0,0,0,0,0,0,0,0,0,0,0,0,0,0,0,0,0,0,0
Niue,Waste - agri-food systems,Emissions (N2O),kilotonnes,0,0,0,0,0,0,0,0,0,0,0,0,0,0,0,0,0,0,0,0,0
Niue,Waste - agri-food systems,Emissions (CO2eq) from CH4 (AR5),kilotonnes,0,0,0,0,0,0,0,0,0,0,0,0,0,0,0,0,0,0,0,0,0
Niue,Waste - agri-food systems,Emissions (CO2eq) from N2O (AR5),kilotonnes,0,0,0,0,0,0,0,0,0,0,0,0,0,0,0,0,0,0,0,0,0
Niue,Waste - agri-food systems,Emissions (CO2eq) (AR5),kilotonnes,0,0,0,0,0,0,0,0,0,0,0,0,0,0,0,0,0,0,0,0,0
Niue,On-farm electricity use,Emissions (CH4),kilotonnes,0,0,0,0,0,0,0,0,0,0,0,0,0,0,0,0,0,0,0,0,0
Niue,On-farm electricity use,Emissions (N2O),kilotonnes,0,0,0,0,0,0,0,0,0,0,0,0,0,0,0,0,0,0,0,0,0
Niue,On-farm electricity use,Emissions (CO2),kilotonnes,0,0,0,0,0,0,0,0,0,0,0,0,0,0,0,0,0,0,0,0,0
Niue,On-farm electricity use,Emissions (CO2eq) from CH4 (AR5),kilotonnes,0,0,0,0,0,0,0,0,0,0,0,0,0,0,0,0,0,0,0,0,0
Niue,On-farm electricity use,Emissions (CO2eq) from N2O (AR5),kilotonnes,0,0,0,0,0,0,0,0,0,0,0,0,0,0,0,0,0,0,0,0,0
Niue,On-farm electricity use,Emissions (CO2eq) (AR5),kilotonnes,0,0,0,0,0,0,0,0,0,0,0,0,0,0,0,0,0,0,0,0,0
Niue,Food Processing,Emissions (CH4),kilotonnes,0,0,0,0,0,0,0,0,0,0,0,0,0,0,0,0,0,0,0,0,0
Niue,Food Processing,Emissions (N2O),kilotonnes,0,0,0,0,0,0,0,0,0,0,0,0,0,0,0,0,0,0,0,0,0
Niue,Food Processing,Emissions (CO2),kilotonnes,0.2056,0.2157,0.2021,0.1062,0.1037,0.1107,0.1039,0.1046,0.1975,0.1925,0.2308,0.4516,0.4079,0.4216,0.7194,0.5062,0.4935,0.4734,0.5116,0.6904,0.6847
Niue,Food Processing,Emissions (CO2eq) from CH4 (AR5),kilotonnes,0,0,0,0,0,0,0,0,0,0,0,0,0,0,0,0,0,0,0,0,0
Niue,Food Processing,Emissions (CO2eq) from N2O (AR5),kilotonnes,0,0,0,0,0,0,0,0,0,0,0,0,0,0,0,0,0,0,0,0,0
Niue,Food Processing,Emissions (CO2eq) (AR5),kilotonnes,0.2056,0.2157,0.2021,0.1062,0.1037,0.1107,0.1039,0.1046,0.1975,0.1925,0.2308,0.4516,0.4079,0.4216,0.7194,0.5062,0.4935,0.4734,0.5116,0.6904,0.6847
Niue,Food Packaging,Emissions (CH4),kilotonnes,0,0,0,0,0,0,0,0,0,0,0,0,0,0,0,0,0,0,0,0,0
Niue,Food Packaging,Emissions (N2O),kilotonnes,0,0,0,0,0,0,0,0,0,0,0,0,0,0,0,0,0,0,0,0,0
Niue,Food Packaging,Emissions (CO2),kilotonnes,0.0132,0.0127,0.014,0.005,0.0048,0.0035,0.0037,0.0036,0.0075,0.0039,0.0042,0.0078,0.0085,0.0096,0.0182,0.0107,0.0116,0.0109,0.0144,0.0073,0.0072
Niue,Food Packaging,Emissions (CO2eq) from CH4 (AR5),kilotonnes,0,0,0,0,0,0,0,0,0,0,0,0,0,0,0,0,0,0,0,0,0
Niue,Food Packaging,Emissions (CO2eq) from N2O (AR5),kilotonnes,0,0,0,0,0,0,0,0,0,0,0,0,0,0,0,0,0,0,0,0,0
Niue,Food Packaging,Emissions (CO2eq) (AR5),kilotonnes,0.0132,0.0127,0.014,0.005,0.0048,0.0035,0.0037,0.0036,0.0075,0.0039,0.0042,0.0078,0.0085,0.0096,0.0182,0.0107,0.0116,0.0109,0.0144,0.0073,0.0072
Niue,Food Retail,Emissions (CH4),kilotonnes,0.0003,0.0003,0.0003,0.0003,0.0003,0.0002,0.0002,0.0002,0.0002,0.0002,0.0002,0.0002,0.0002,0.0002,0.0002,0.0002,0.0002,0.0002,0.0003,0.0002,0.0002
Niue,Food Retail,Emissions (N2O),kilotonnes,0,0,0,0,0,0,0,0,0,0,0,0,0,0,0,0,0,0,0,0,0
Niue,Food Retail,Emissions (CO2),kilotonnes,0.1392,0.1409,0.1437,0.1437,0.1431,0.1021,0.0992,0.0987,0.1015,0.106,0.0941,0.0988,0.1021,0.1077,0.1034,0.1082,0.1082,0.1078,0.1158,0.1012,0.1004
Niue,Food Retail,Emissions (CO2eq) from CH4 (AR5),kilotonnes,0.0084,0.0084,0.0084,0.0084,0.0084,0.0056,0.0056,0.0056,0.0056,0.0056,0.0056,0.0056,0.0056,0.0056,0.0056,0.0056,0.0056,0.0056,0.0084,0.0056,0.0057
Niue,Food Retail,Emissions (CO2eq) from N2O (AR5),kilotonnes,0,0,0,0,0,0,0,0,0,0,0,0,0,0,0,0,0,0,0,0,0
Niue,Food Retail,Emissions (CO2eq) (AR5),kilotonnes,0.1476,0.1493,0.1521,0.1521,0.1515,0.1077,0.1048,0.1043,0.1071,0.1116,0.0997,0.1044,0.1077,0.1133,0.109,0.1138,0.1138,0.1134,0.1242,0.1068,0.1061
Niue,Food Household Consumption,Emissions (CH4),kilotonnes,0.0002,0.0002,0.0002,0.0002,0.0002,0.0002,0.0002,0.0002,0.0002,0.0001,0.0002,0.0002,0.0002,0.0002,0.0002,0.0002,0.0002,0.0002,0.0002,0.0002,0.0002
Niue,Food Household Consumption,Emissions (N2O),kilotonnes,0,0,0,0,0,0,0,0,0,0,0,0,0,0,0,0,0,0,0,0,0
Niue,Food Household Consumption,Emissions (CO2),kilotonnes,0.0696,0.0705,0.0719,0.0757,0.0754,0.0702,0.0736,0.0727,0.0732,0.067,0.0699,0.0736,0.078,0.0778,0.0749,0.078,0.0819,0.0819,0.0852,0.0852,0.0845
Niue,Food Household Consumption,Emissions (CO2eq) from CH4 (AR5),kilotonnes,0.0056,0.0056,0.0056,0.0056,0.0056,0.0056,0.0056,0.0056,0.0056,0.0028,0.0056,0.0056,0.0056,0.0056,0.0056,0.0056,0.0056,0.0056,0.0056,0.0056,0.0057
Niue,Food Household Consumption,Emissions (CO2eq) from N2O (AR5),kilotonnes,0,0,0,0,0,0,0,0,0,0,0,0,0,0,0,0,0,0,0,0,0
Niue,Food Household Consumption,Emissions (CO2eq) (AR5),kilotonnes,0.0752,0.0761,0.0775,0.0813,0.081,0.0758,0.0792,0.0783,0.0788,0.0698,0.0755,0.0792,0.0836,0.0834,0.0805,0.0836,0.0875,0.0875,0.0908,0.0908,0.0902
Niue,Energy,Emissions (CH4),kilotonnes,0,0,0,0,0,0,0,0,0,0,0,0,0,0,0,0,0,0,0,0,0
Niue,Energy,Emissions (N2O),kilotonnes,0,0,0,0,0,0,0,0,0,0,0,0,0,0,0,0,0,0,0,0,0
Niue,Energy,Emissions (CO2),kilotonnes,7.33,7.33,7.33,3.67,3.67,3.67,3.67,3.67,7.33,3.67,3.67,7.33,7.33,7.33,11,7.33,7.33,7.33,7.76,8.48,8.41
Niue,Energy,Emissions (CO2eq) from CH4 (AR5),kilotonnes,0.0007,0.0007,0.0007,0.0005,0.0005,0.0005,0.0005,0.0005,0.0005,0.0005,0.0005,0.0005,0.0005,0.0005,0.0005,0.0005,0.0007,0.0007,0.0008,0.0007,0.0007
Niue,Energy,Emissions (CO2eq) from N2O (AR5),kilotonnes,0,0,0,0,0,0,0,0,0,0,0,0,0,0,0,0,0,0,0,0,0
Niue,Energy,Emissions (CO2eq) (AR5),kilotonnes,7.3307,7.3307,7.3307,3.6705,3.6705,3.6705,3.6705,3.6705,7.3305,3.6705,3.6705,7.3305,7.3305,7.3305,11.0005,7.3305,7.3307,7.3307,7.7609,8.4807,8.4107
Niue,IPPU,Emissions (CO2),kilotonnes,0,0,0,0,0,0,0,0,0,0,0,0,0,0,0,0,0,0,0,0,0
Niue,IPPU,Emissions (CO2eq) (AR5),kilotonnes,0,0,0,0,0,0,0,0,0,0,0,0,0,0,0,0,0,0,0,0,0
Niue,Waste,Emissions (CH4),kilotonnes,0.0029,0.0028,0.0028,0.0027,0.0027,0.0026,0.0026,0.0026,0.0026,0.0025,0.0026,0.0026,0.0026,0.0026,0.0026,0.0026,0.0026,0.0026,0.0026,0.0026,0.0026
Niue,Waste,Emissions (CO2eq) from CH4 (AR5),kilotonnes,0.0801,0.0787,0.077,0.0756,0.0742,0.0728,0.072,0.0722,0.0714,0.0708,0.0714,0.0714,0.0714,0.0714,0.0714,0.0722,0.072,0.072,0.0722,0.0714,0.0714
Niue,Waste,Emissions (CO2eq) (AR5),kilotonnes,0.0801,0.0787,0.077,0.0756,0.0742,0.0728,0.072,0.0722,0.0714,0.0708,0.0714,0.0714,0.0714,0.0714,0.0714,0.0722,0.072,0.072,0.0722,0.0714,0.0714
Niue,Other,Emissions (N2O),kilotonnes,0,0,0,0,0,0,0,0,0,0,0,0,0,0,0,0,0,0,0,0,0
Niue,Other,Emissions (CO2eq) from N2O (AR5),kilotonnes,0.0001,0.0001,0.0001,0.0001,0.0001,0.0001,0.0001,0.0001,0.0001,0.0001,0.0001,0.0001,0.0001,0.0001,0.0001,0.0001,0.0001,0.0001,0.0001,0.0001,0.0001
Niue,Other,Emissions (CO2eq) (AR5),kilotonnes,0.0001,0.0001,0.0001,0.0001,0.0001,0.0001,0.0001,0.0001,0.0001,0.0001,0.0001,0.0001,0.0001,0.0001,0.0001,0.0001,0.0001,0.0001,0.0001,0.0001,0.0001
Niue,Farm-gate emissions,Emissions (CH4),kilotonnes,0.0387,0.0403,0.0402,0.0403,0.0403,0.0418,0.0417,0.0435,0.0432,0.0429,0.0432,0.0435,0.0438,0.0441,0.0445,0.0449,0.0452,0.0454,0.0455,0.0457,0.0459
Niue,Farm-gate emissions,Direct emissions (N2O),kilotonnes,0.0005,0.0005,0.0005,0.0005,0.0005,0.0005,0.0005,0.0005,0.0005,0.0005,0.0005,0.0005,0.0005,0.0005,0.0005,0.0005,0.0005,0.0006,0.0006,0.0006,0.0006
Niue,Farm-gate emissions,Indirect emissions (N2O),kilotonnes,0.0002,0.0002,0.0002,0.0002,0.0002,0.0002,0.0002,0.0002,0.0002,0.0002,0.0002,0.0002,0.0002,0.0002,0.0002,0.0002,0.0002,0.0002,0.0002,0.0002,0.0002
Niue,Farm-gate emissions,Emissions (N2O),kilotonnes,0.0009,0.001,0.001,0.001,0.001,0.001,0.001,0.001,0.001,0.001,0.001,0.001,0.001,0.001,0.0011,0.0011,0.0011,0.0011,0.0011,0.0011,0.0011
Niue,Farm-gate emissions,Emissions (CO2),kilotonnes,0.0673,0.0695,0.0654,0.0648,0.0543,0.0528,0.0603,0.0404,0.0639,0.0504,0.0453,0.0484,0.0493,0.0494,0.0494,0.0512,0.0611,0.0612,0.0615,0.0639,0.0639
Niue,Farm-gate emissions,Emissions (CO2eq) from CH4 (AR5),kilotonnes,1.083,1.127,1.127,1.1286,1.1285,1.1708,1.1675,1.2182,1.2099,1.2018,1.2106,1.2193,1.2274,1.2355,1.2467,1.2569,1.2653,1.2711,1.273,1.2788,1.2863
Niue,Farm-gate emissions,Emissions (CO2eq) from N2O (AR5),kilotonnes,0.2417,0.2573,0.257,0.257,0.2561,0.2627,0.2641,0.2709,0.2695,0.2715,0.271,0.2752,0.2765,0.2776,0.2793,0.2837,0.2852,0.2861,0.2864,0.2873,0.2914
Niue,Farm-gate emissions,Emissions (CO2eq) (AR5),kilotonnes,1.392,1.4538,1.4493,1.4504,1.4389,1.4864,1.4918,1.5294,1.5432,1.5236,1.5269,1.543,1.5532,1.5625,1.5754,1.5919,1.6116,1.6184,1.6208,1.63,1.6415
Niue,Land Use change,Emissions (CH4),kilotonnes,0,0,0,0,0,0,0,0,0,0,0,0,0,0,0,0,0,0,0,0,0
Niue,Land Use change,Emissions (N2O),kilotonnes,0,0,0,0,0,0,0,0,0,0,0,0,0,0,0,0,0,0,0,0,0
Niue,Land Use change,Emissions (CO2),kilotonnes,2.3173,1.3906,1.3906,1.3906,1.3906,1.3906,1.3906,1.3906,1.3906,1.3906,1.3906,0,0,0,0,0,0,0,0,0,0
Niue,Land Use change,Emissions (CO2eq) from CH4 (AR5),kilotonnes,0,0,0,0,0,0,0,0,0,0,0,0,0,0,0,0,0,0,0,0,0
Niue,Land Use change,Emissions (CO2eq) from N2O (AR5),kilotonnes,0,0,0,0,0,0,0,0,0,0,0,0,0,0,0,0,0,0,0,0,0
Niue,Land Use change,Emissions (CO2eq) (AR5),kilotonnes,2.3173,1.3906,1.3906,1.3906,1.3906,1.3906,1.3906,1.3906,1.3906,1.3906,1.3906,0,0,0,0,0,0,0,0,0,0
Niue,Emissions on agricultural land,Emissions (CH4),kilotonnes,0.0387,0.0403,0.0402,0.0403,0.0403,0.0418,0.0417,0.0435,0.0432,0.0429,0.0432,0.0435,0.0438,0.0441,0.0445,0.0449,0.0452,0.0454,0.0455,0.0457,0.0459
Niue,Emissions on agricultural land,Emissions (N2O),kilotonnes,0.0009,0.001,0.001,0.001,0.001,0.001,0.001,0.001,0.001,0.001,0.001,0.001,0.001,0.001,0.0011,0.0011,0.0011,0.0011,0.0011,0.0011,0.0011
Niue,Emissions on agricultural land,Emissions (CO2),kilotonnes,2.3846,1.4601,1.456,1.4554,1.4449,1.4435,1.4509,1.431,1.4545,1.441,1.4359,0.0484,0.0493,0.0494,0.0494,0.0512,0.0611,0.0612,0.0615,0.0639,0.0639
Niue,Emissions on agricultural land,Emissions (CO2eq) from CH4 (AR5),kilotonnes,1.083,1.127,1.127,1.1286,1.1285,1.1708,1.1675,1.2182,1.2099,1.2018,1.2106,1.2193,1.2274,1.2355,1.2467,1.2569,1.2653,1.2711,1.273,1.2788,1.2863
Niue,Emissions on agricultural land,Emissions (CO2eq) from N2O (AR5),kilotonnes,0.2417,0.2573,0.257,0.257,0.2561,0.2627,0.2641,0.2709,0.2695,0.2715,0.271,0.2752,0.2765,0.2776,0.2793,0.2837,0.2852,0.2861,0.2864,0.2873,0.2914
Niue,Emissions on agricultural land,Emissions (CO2eq) (AR5),kilotonnes,3.7093,2.8445,2.84,2.841,2.8296,2.877,2.8825,2.92,2.9338,2.9143,2.9175,1.543,1.5532,1.5625,1.5754,1.5919,1.6116,1.6184,1.6208,1.63,1.6415
Niue,Pre- and post- production,Emissions (CH4),kilotonnes,0.0005,0.0005,0.0005,0.0005,0.0005,0.0004,0.0004,0.0004,0.0004,0.0003,0.0004,0.0004,0.0004,0.0004,0.0004,0.0004,0.0004,0.0004,0.0005,0.0004,0.0004
Niue,Pre- and post- production,Emissions (N2O),kilotonnes,0,0,0,0,0,0,0,0,0,0,0,0,0,0,0,0,0,0,0,0,0
Niue,Pre- and post- production,Emissions (CO2),kilotonnes,0.4276,0.4398,0.4317,0.3306,0.327,0.2865,0.2804,0.2796,0.3797,0.3694,0.399,0.6318,0.5965,0.6167,0.9159,0.7031,0.6952,0.674,0.727,0.8841,0.8768
Niue,Pre- and post- production,Emissions (CO2eq) from CH4 (AR5),kilotonnes,0.014,0.014,0.014,0.014,0.014,0.0112,0.0112,0.0112,0.0112,0.0084,0.0112,0.0112,0.0112,0.0112,0.0112,0.0112,0.0112,0.0112,0.014,0.0112,0.0114
Niue,Pre- and post- production,Emissions (CO2eq) from N2O (AR5),kilotonnes,0,0,0,0,0,0,0,0,0,0,0,0,0,0,0,0,0,0,0,0,0
Niue,Pre- and post- production,Emissions (CO2eq) (AR5),kilotonnes,0.4416,0.4538,0.4457,0.3446,0.341,0.2977,0.2916,0.2908,0.3909,0.3778,0.4102,0.643,0.6077,0.6279,0.9271,0.7143,0.7064,0.6852,0.741,0.8953,0.8882
Niue,Agri-food systems,Emissions (CH4),kilotonnes,0.0392,0.0408,0.0407,0.0408,0.0408,0.0422,0.0421,0.0439,0.0436,0.0432,0.0436,0.0439,0.0442,0.0445,0.0449,0.0453,0.0456,0.0458,0.046,0.0461,0.0463
Niue,Agri-food systems,Emissions (N2O),kilotonnes,0.0009,0.001,0.001,0.001,0.001,0.001,0.001,0.001,0.001,0.001,0.001,0.001,0.001,0.001,0.0011,0.0011,0.0011,0.0011,0.0011,0.0011,0.0011
Niue,Agri-food systems,Emissions (CO2),kilotonnes,2.8122,1.8999,1.8877,1.786,1.7719,1.73,1.7313,1.7106,1.8342,1.8104,1.8349,0.6802,0.6458,0.6661,0.9653,0.7543,0.7563,0.7352,0.7885,0.948,0.9407
Niue,Agri-food systems,Emissions (CO2eq) from CH4 (AR5),kilotonnes,1.097,1.141,1.141,1.1426,1.1425,1.182,1.1787,1.2294,1.2211,1.2102,1.2218,1.2305,1.2386,1.2467,1.2579,1.2681,1.2765,1.2823,1.287,1.29,1.2977
Niue,Agri-food systems,Emissions (CO2eq) from N2O (AR5),kilotonnes,0.2417,0.2573,0.257,0.257,0.2561,0.2627,0.2641,0.2709,0.2695,0.2715,0.271,0.2752,0.2765,0.2776,0.2793,0.2837,0.2852,0.2861,0.2864,0.2873,0.2914
Niue,Agri-food systems,Emissions (CO2eq) (AR5),kilotonnes,4.1509,3.2983,3.2857,3.1856,3.1706,3.1747,3.1741,3.2108,3.3247,3.2921,3.3277,2.186,2.1609,2.1904,2.5025,2.3062,2.318,2.3036,2.3618,2.5253,2.5298
Niue,IPCC Agriculture,Emissions (CH4),kilotonnes,0.0387,0.0402,0.0402,0.0403,0.0403,0.0418,0.0417,0.0435,0.0432,0.0429,0.0432,0.0435,0.0438,0.0441,0.0445,0.0449,0.0452,0.0454,0.0454,0.0456,0.0459
Niue,IPCC Agriculture,Emissions (CH4),kilotonnes,,,,,,,,,,,,,,,,,,,,,
Niue,IPCC Agriculture,Direct emissions (N2O),kilotonnes,0.0005,0.0005,0.0005,0.0005,0.0005,0.0005,0.0005,0.0005,0.0005,0.0005,0.0005,0.0005,0.0005,0.0005,0.0005,0.0005,0.0005,0.0006,0.0006,0.0006,0.0006
Niue,IPCC Agriculture,Indirect emissions (N2O),kilotonnes,0.0002,0.0002,0.0002,0.0002,0.0002,0.0002,0.0002,0.0002,0.0002,0.0002,0.0002,0.0002,0.0002,0.0002,0.0002,0.0002,0.0002,0.0002,0.0002,0.0002,0.0002
Niue,IPCC Agriculture,Emissions (N2O),kilotonnes,0.0009,0.0009,0.0009,0.001,0.001,0.001,0.001,0.001,0.001,0.001,0.001,0.001,0.001,0.001,0.001,0.0011,0.0011,0.0011,0.0011,0.0011,0.0011
Niue,IPCC Agriculture,Emissions (N2O),kilotonnes,,,,,,,,,,,,,,,,,,,,,
Niue,IPCC Agriculture,Emissions (CO2eq) from CH4 (AR5),kilotonnes,1.0825,1.1264,1.1264,1.1281,1.1281,1.1703,1.167,1.2177,1.2088,1.2013,1.2101,1.2188,1.2268,1.2349,1.246,1.2562,1.2643,1.2701,1.2719,1.2777,1.2852
Niue,IPCC Agriculture,Emissions (CO2eq) from CH4 (AR5),kilotonnes,,,,,,,,,,,,,,,,,,,,,
Niue,IPCC Agriculture,Emissions (CO2eq) from N2O (AR5),kilotonnes,0.2362,0.2517,0.2517,0.2518,0.2518,0.2585,0.2592,0.268,0.2661,0.2677,0.2677,0.2719,0.2732,0.2745,0.2763,0.2807,0.282,0.2829,0.2832,0.2841,0.2882
Niue,IPCC Agriculture,Emissions (CO2eq) from N2O (AR5),kilotonnes,,,,,,,,,,,,,,,,,,,,,
Niue,IPCC Agriculture,Emissions (CO2eq) (AR5),kilotonnes,1.3187,1.3781,1.3781,1.3798,1.3798,1.4288,1.4262,1.4857,1.4749,1.469,1.4778,1.4906,1.5,1.5094,1.5223,1.5369,1.5463,1.5529,1.5552,1.5619,1.5734
Niue,IPCC Agriculture,Emissions (CO2eq) (AR5),kilotonnes,,,,,,,,,,,,,,,,,,,,,
Niue,Agricultural Soils,Direct emissions (N2O),kilotonnes,0.0005,0.0005,0.0005,0.0005,0.0005,0.0005,0.0005,0.0005,0.0005,0.0005,0.0005,0.0005,0.0005,0.0005,0.0005,0.0005,0.0005,0.0006,0.0006,0.0006,0.0006
Niue,Agricultural Soils,Indirect emissions (N2O),kilotonnes,0.0002,0.0002,0.0002,0.0002,0.0002,0.0002,0.0002,0.0002,0.0002,0.0002,0.0002,0.0002,0.0002,0.0002,0.0002,0.0002,0.0002,0.0002,0.0002,0.0002,0.0002
Niue,Agricultural Soils,Emissions (N2O),kilotonnes,0.0006,0.0007,0.0007,0.0007,0.0007,0.0007,0.0007,0.0007,0.0007,0.0007,0.0007,0.0007,0.0007,0.0007,0.0007,0.0007,0.0007,0.0007,0.0007,0.0007,0.0008
Niue,Agricultural Soils,Emissions (N2O),kilotonnes,,,,,,,,,,,,,,,,,,,,,
Niue,Agricultural Soils,Emissions (CO2eq) from N2O (AR5),kilotonnes,0.1668,0.1771,0.1771,0.1772,0.1772,0.1808,0.1812,0.1868,0.1852,0.1867,0.1864,0.1893,0.19,0.1907,0.1917,0.1947,0.1954,0.1958,0.196,0.1965,0.1993
Niue,Agricultural Soils,Emissions (CO2eq) from N2O (AR5),kilotonnes,,,,,,,,,,,,,,,,,,,,,
Niue,Agricultural Soils,Emissions (CO2eq) (AR5),kilotonnes,0.1668,0.1771,0.1771,0.1772,0.1772,0.1808,0.1812,0.1868,0.1852,0.1867,0.1864,0.1893,0.19,0.1907,0.1917,0.1947,0.1954,0.1958,0.196,0.1965,0.1993
Niue,Agricultural Soils,Emissions (CO2eq) (AR5),kilotonnes,,,,,,,,,,,,,,,,,,,,,
Niue,LULUCF,Emissions (CH4),kilotonnes,0,0,0,0,0,0,0,0,0,0,0,0,0,0,0,0,0,0,0,0,0
Niue,LULUCF,Emissions (CH4),kilotonnes,,,,,,,,,,,,,,,,,,,,,
Niue,LULUCF,Emissions (N2O),kilotonnes,0,0,0,0,0,0,0,0,0,0,0,0,0,0,0,0,0,0,0,0,0
Niue,LULUCF,Emissions (N2O),kilotonnes,,,,,,,,,,,,,,,,,,,,,
Niue,LULUCF,Emissions (CO2),kilotonnes,2.2483,1.3906,1.3906,1.3906,1.3906,1.3906,1.3906,1.3906,1.3906,1.3906,1.3906,-2.3177,-2.3177,-2.3177,-2.3177,-2.3177,-2.1793,-2.1793,-2.1793,-2.1793,-2.1793
Niue,LULUCF,Emissions (CO2),kilotonnes,,,,,,,,,,-144,,,,,,,,,,,
Niue,LULUCF,Emissions (CO2eq) from CH4 (AR5),kilotonnes,0,0,0,0,0,0,0,0,0,0,0,0,0,0,0,0,0,0,0,0,0
Niue,LULUCF,Emissions (CO2eq) from N2O (AR5),kilotonnes,0,0,0,0,0,0,0,0,0,0,0,0,0,0,0,0,0,0,0,0,0
Niue,LULUCF,Emissions (CO2eq) (AR5),kilotonnes,2.2483,1.3906,1.3906,1.3906,1.3906,1.3906,1.3906,1.3906,1.3906,1.3906,1.3906,-2.3177,-2.3177,-2.3177,-2.3177,-2.3177,-2.1793,-2.1793,-2.1793,-2.1793,-2.1793
Niue,LULUCF,Emissions (CO2eq) (AR5),kilotonnes,,,,,,,,,,-144,,,,,,,,,,,
Niue,AFOLU,Emissions (CH4),kilotonnes,0.0387,0.0402,0.0402,0.0403,0.0403,0.0418,0.0417,0.0435,0.0432,0.0429,0.0432,0.0435,0.0438,0.0441,0.0445,0.0449,0.0452,0.0454,0.0454,0.0456,0.0459
Niue,AFOLU,Emissions (N2O),kilotonnes,0.0009,0.0009,0.0009,0.001,0.001,0.001,0.001,0.001,0.001,0.001,0.001,0.001,0.001,0.001,0.001,0.0011,0.0011,0.0011,0.0011,0.0011,0.0011
Niue,AFOLU,Emissions (CO2),kilotonnes,2.2483,1.3906,1.3906,1.3906,1.3906,1.3906,1.3906,1.3906,1.3906,1.3906,1.3906,-2.3177,-2.3177,-2.3177,-2.3177,-2.3177,-2.1793,-2.1793,-2.1793,-2.1793,-2.1793
Niue,AFOLU,Emissions (CO2eq) from CH4 (AR5),kilotonnes,1.0825,1.1264,1.1264,1.1281,1.1281,1.1703,1.167,1.2177,1.2088,1.2013,1.2101,1.2188,1.2268,1.2349,1.246,1.2562,1.2643,1.2701,1.2719,1.2777,1.2852
Niue,AFOLU,Emissions (CO2eq) from N2O (AR5),kilotonnes,0.2362,0.2517,0.2517,0.2518,0.2518,0.2585,0.2592,0.268,0.2661,0.2677,0.2677,0.2719,0.2732,0.2745,0.2763,0.2807,0.282,0.2829,0.2832,0.2841,0.2882
Niue,AFOLU,Emissions (CO2eq) (AR5),kilotonnes,3.567,2.7687,2.7687,2.7704,2.7704,2.8195,2.8169,2.8763,2.8655,2.8596,2.8684,-0.8271,-0.8177,-0.8083,-0.7954,-0.7808,-0.6331,-0.6264,-0.6241,-0.6175,-0.606
Niue,All sectors with LULUCF,Emissions (CH4),kilotonnes,0.0415,0.0431,0.043,0.043,0.043,0.0444,0.0443,0.0461,0.0457,0.0455,0.0458,0.0461,0.0464,0.0467,0.0471,0.0475,0.0477,0.048,0.048,0.0482,0.0485
Niue,All sectors with LULUCF,Emissions (N2O),kilotonnes,0.0009,0.001,0.001,0.001,0.001,0.001,0.001,0.001,0.001,0.001,0.001,0.001,0.001,0.001,0.001,0.0011,0.0011,0.0011,0.0011,0.0011,0.0011
Niue,All sectors with LULUCF,Emissions (CO2),kilotonnes,9.5783,8.7206,8.7206,5.0606,5.0606,5.0606,5.0606,5.0606,8.7206,5.0606,5.0606,5.0123,5.0123,5.0123,8.6823,5.0123,5.1507,5.1507,5.5807,6.3007,6.2307
Niue,All sectors with LULUCF,Emissions (CO2eq) from CH4 (AR5),kilotonnes,1.1632,1.2058,1.2041,1.2042,1.2028,1.2436,1.2394,1.2905,1.2807,1.2726,1.282,1.2907,1.2987,1.3068,1.3179,1.3289,1.3369,1.3427,1.345,1.3498,1.3572
Niue,All sectors with LULUCF,Emissions (CO2eq) from N2O (AR5),kilotonnes,0.2363,0.2518,0.2518,0.2518,0.2518,0.2586,0.2593,0.2681,0.2661,0.2678,0.2677,0.272,0.2732,0.2745,0.2764,0.2808,0.2821,0.283,0.2834,0.2842,0.2883
Niue,All sectors with LULUCF,Emissions (CO2eq) (AR5),kilotonnes,10.9778,10.1782,10.1765,6.5166,6.5152,6.5628,6.5594,6.6192,10.2674,6.601,6.6104,6.5749,6.5843,6.5936,10.2765,6.622,6.7697,6.7764,7.209,7.9347,7.8762
Niue,All sectors without LULUCF,Emissions (CH4),kilotonnes,0.0415,0.0431,0.043,0.043,0.043,0.0444,0.0443,0.0461,0.0457,0.0455,0.0458,0.0461,0.0464,0.0467,0.0471,0.0475,0.0477,0.048,0.048,0.0482,0.0485
Niue,All sectors without LULUCF,Emissions (N2O),kilotonnes,0.0009,0.001,0.001,0.001,0.001,0.001,0.001,0.001,0.001,0.001,0.001,0.001,0.001,0.001,0.001,0.0011,0.0011,0.0011,0.0011,0.0011,0.0011
Niue,All sectors without LULUCF,Emissions (CO2),kilotonnes,7.33,7.33,7.33,3.67,3.67,3.67,3.67,3.67,7.33,3.67,3.67,7.33,7.33,7.33,11,7.33,7.33,7.33,7.76,8.48,8.41
Niue,All sectors without LULUCF,Emissions (CO2eq) from CH4 (AR5),kilotonnes,1.1632,1.2058,1.2041,1.2042,1.2028,1.2436,1.2394,1.2905,1.2807,1.2726,1.282,1.2907,1.2987,1.3068,1.3179,1.3289,1.3369,1.3427,1.345,1.3498,1.3572
Niue,All sectors without LULUCF,Emissions (CO2eq) from N2O (AR5),kilotonnes,0.2363,0.2518,0.2518,0.2518,0.2518,0.2586,0.2593,0.2681,0.2661,0.2678,0.2677,0.272,0.2732,0.2745,0.2764,0.2808,0.2821,0.283,0.2834,0.2842,0.2883
Niue,All sectors without LULUCF,Emissions (CO2eq) (AR5),kilotonnes,8.7295,8.7876,8.7859,5.126,5.1246,5.1722,5.1688,5.2285,8.8768,5.2104,5.2198,8.8926,8.902,8.9113,12.5942,8.9397,8.949,8.9557,9.3884,10.114,10.0555
Norfolk Island,Drained organic soils,Emissions (CO2eq) (AR5),kilotonnes,0,0,0,0,0,0,0,0,0,0,0,0,0,0,0,0,0,0,0,0,0
Norfolk Island,Drained organic soils (CO2),Emissions (CO2),kilotonnes,0,0,0,0,0,0,0,0,0,0,0,0,0,0,0,0,0,0,0,0,0
Norfolk Island,Drained organic soils (CO2),Emissions (CO2eq) (AR5),kilotonnes,0,0,0,0,0,0,0,0,0,0,0,0,0,0,0,0,0,0,0,0,0
Norfolk Island,Drained organic soils (N2O),Emissions (N2O),kilotonnes,0,0,0,0,0,0,0,0,0,0,0,0,0,0,0,0,0,0,0,0,0
Norfolk Island,Drained organic soils (N2O),Emissions (CO2eq) from N2O (AR5),kilotonnes,0,0,0,0,0,0,0,0,0,0,0,0,0,0,0,0,0,0,0,0,0
Norfolk Island,Drained organic soils (N2O),Emissions (CO2eq) (AR5),kilotonnes,0,0,0,0,0,0,0,0,0,0,0,0,0,0,0,0,0,0,0,0,0
Norfolk Island,Forestland,Emissions (CO2),kilotonnes,-0.07,-0.1971,-0.1971,-0.1971,-0.1971,-0.1971,-0.1971,-0.1971,-0.1971,-0.1971,-0.1971,0.4703,0.4703,0.4703,0.4703,0.4703,0.1275,0.1275,0.1275,0.1275,0.1275
Norfolk Island,Forestland,Emissions (CO2eq) (AR5),kilotonnes,-0.07,-0.1971,-0.1971,-0.1971,-0.1971,-0.1971,-0.1971,-0.1971,-0.1971,-0.1971,-0.1971,0.4703,0.4703,0.4703,0.4703,0.4703,0.1275,0.1275,0.1275,0.1275,0.1275
Norfolk Island,Net Forest conversion,Emissions (CO2),kilotonnes,0,0,0,0,0,0,0,0,0,0,0,0,0,0,0,0,0,0,0,0,0
Norfolk Island,Net Forest conversion,Emissions (CO2eq) (AR5),kilotonnes,0,0,0,0,0,0,0,0,0,0,0,0,0,0,0,0,0,0,0,0,0
Norfolk Island,Savanna fires,Emissions (CH4),kilotonnes,0,0,0,0,0,0,0,0,0,0,0,0,0,0,0,0,0,0,0,0,0
Norfolk Island,Savanna fires,Emissions (N2O),kilotonnes,0,0,0,0,0,0,0,0,0,0,0,0,0,0,0,0,0,0,0,0,0
Norfolk Island,Savanna fires,Emissions (CO2eq) from CH4 (AR5),kilotonnes,0,0,0,0,0,0,0,0,0,0,0,0,0,0,0,0,0,0,0,0,0
Norfolk Island,Savanna fires,Emissions (CO2eq) from N2O (AR5),kilotonnes,0,0,0,0,0,0,0,0,0,0,0,0,0,0,0,0,0,0,0,0,0
Norfolk Island,Savanna fires,Emissions (CO2eq) (AR5),kilotonnes,0,0,0,0,0,0,0,0,0,0,0,0,0,0,0,0,0,0,0,0,0
Norfolk Island,Fires in organic soils,Emissions (CH4),kilotonnes,0,0,0,0,0,0,0,0,0,0,0,0,0,0,0,0,0,0,0,0,0
Norfolk Island,Fires in organic soils,Emissions (CO2),kilotonnes,0,0,0,0,0,0,0,0,0,0,0,0,0,0,0,0,0,0,0,0,0
Norfolk Island,Fires in organic soils,Emissions (CO2eq) from CH4 (AR5),kilotonnes,0,0,0,0,0,0,0,0,0,0,0,0,0,0,0,0,0,0,0,0,0
Norfolk Island,Fires in organic soils,Emissions (CO2eq) (AR5),kilotonnes,0,0,0,0,0,0,0,0,0,0,0,0,0,0,0,0,0,0,0,0,0
Norfolk Island,Forest fires,Emissions (CH4),kilotonnes,0,0,0,0,0,0,0,0,0,0,0,0,0,0,0,0,0,0,0,0,0
Norfolk Island,Forest fires,Emissions (N2O),kilotonnes,0,0,0,0,0,0,0,0,0,0,0,0,0,0,0,0,0,0,0,0,0
Norfolk Island,Forest fires,Emissions (CO2eq) from CH4 (AR5),kilotonnes,0,0,0,0,0,0,0,0,0,0,0,0,0,0,0,0,0,0,0,0,0
Norfolk Island,Forest fires,Emissions (CO2eq) from N2O (AR5),kilotonnes,0,0,0,0,0,0,0,0,0,0,0,0,0,0,0,0,0,0,0,0,0
Norfolk Island,Forest fires,Emissions (CO2eq) (AR5),kilotonnes,0,0,0,0,0,0,0,0,0,0,0,0,0,0,0,0,0,0,0,0,0
Norfolk Island,Fires in humid tropical forests,Emissions (CH4),kilotonnes,0,0,0,0,0,0,0,0,0,0,0,0,0,0,0,0,0,0,0,0,0
Norfolk Island,Fires in humid tropical forests,Emissions (N2O),kilotonnes,0,0,0,0,0,0,0,0,0,0,0,0,0,0,0,0,0,0,0,0,0
Norfolk Island,Fires in humid tropical forests,Emissions (CO2eq) from CH4 (AR5),kilotonnes,0,0,0,0,0,0,0,0,0,0,0,0,0,0,0,0,0,0,0,0,0
Norfolk Island,Fires in humid tropical forests,Emissions (CO2eq) from N2O (AR5),kilotonnes,0,0,0,0,0,0,0,0,0,0,0,0,0,0,0,0,0,0,0,0,0
Norfolk Island,Fires in humid tropical forests,Emissions (CO2eq) (AR5),kilotonnes,0,0,0,0,0,0,0,0,0,0,0,0,0,0,0,0,0,0,0,0,0
Norfolk Island,Farm-gate emissions,Emissions (CH4),kilotonnes,0,0,0,0,0,0,0,0,0,0,0,0,0,0,0,0,0,0,0,0,0
Norfolk Island,Farm-gate emissions,Emissions (N2O),kilotonnes,0,0,0,0,0,0,0,0,0,0,0,0,0,0,0,0,0,0,0,0,0
Norfolk Island,Farm-gate emissions,Emissions (CO2),kilotonnes,0,0,0,0,0,0,0,0,0,0,0,0,0,0,0,0,0,0,0,0,0
Norfolk Island,Farm-gate emissions,Emissions (CO2eq) from CH4 (AR5),kilotonnes,0,0,0,0,0,0,0,0,0,0,0,0,0,0,0,0,0,0,0,0,0
Norfolk Island,Farm-gate emissions,Emissions (CO2eq) from N2O (AR5),kilotonnes,0,0,0,0,0,0,0,0,0,0,0,0,0,0,0,0,0,0,0,0,0
Norfolk Island,Farm-gate emissions,Emissions (CO2eq) (AR5),kilotonnes,0,0,0,0,0,0,0,0,0,0,0,0,0,0,0,0,0,0,0,0,0
Norfolk Island,Land Use change,Emissions (CH4),kilotonnes,0,0,0,0,0,0,0,0,0,0,0,0,0,0,0,0,0,0,0,0,0
Norfolk Island,Land Use change,Emissions (N2O),kilotonnes,0,0,0,0,0,0,0,0,0,0,0,0,0,0,0,0,0,0,0,0,0
Norfolk Island,Land Use change,Emissions (CO2),kilotonnes,0,0,0,0,0,0,0,0,0,0,0,0,0,0,0,0,0,0,0,0,0
Norfolk Island,Land Use change,Emissions (CO2eq) from CH4 (AR5),kilotonnes,0,0,0,0,0,0,0,0,0,0,0,0,0,0,0,0,0,0,0,0,0
Norfolk Island,Land Use change,Emissions (CO2eq) from N2O (AR5),kilotonnes,0,0,0,0,0,0,0,0,0,0,0,0,0,0,0,0,0,0,0,0,0
Norfolk Island,Land Use change,Emissions (CO2eq) (AR5),kilotonnes,0,0,0,0,0,0,0,0,0,0,0,0,0,0,0,0,0,0,0,0,0
Norfolk Island,Emissions on agricultural land,Emissions (CH4),kilotonnes,0,0,0,0,0,0,0,0,0,0,0,0,0,0,0,0,0,0,0,0,0
Norfolk Island,Emissions on agricultural land,Emissions (N2O),kilotonnes,0,0,0,0,0,0,0,0,0,0,0,0,0,0,0,0,0,0,0,0,0
Norfolk Island,Emissions on agricultural land,Emissions (CO2),kilotonnes,0,0,0,0,0,0,0,0,0,0,0,0,0,0,0,0,0,0,0,0,0
Norfolk Island,Emissions on agricultural land,Emissions (CO2eq) from CH4 (AR5),kilotonnes,0,0,0,0,0,0,0,0,0,0,0,0,0,0,0,0,0,0,0,0,0
Norfolk Island,Emissions on agricultural land,Emissions (CO2eq) from N2O (AR5),kilotonnes,0,0,0,0,0,0,0,0,0,0,0,0,0,0,0,0,0,0,0,0,0
Norfolk Island,Emissions on agricultural land,Emissions (CO2eq) (AR5),kilotonnes,0,0,0,0,0,0,0,0,0,0,0,0,0,0,0,0,0,0,0,0,0
Norfolk Island,Agri-food systems,Emissions (CH4),kilotonnes,0,0,0,0,0,0,0,0,0,0,0,0,0,0,0,0,0,0,0,0,0
Norfolk Island,Agri-food systems,Emissions (N2O),kilotonnes,0,0,0,0,0,0,0,0,0,0,0,0,0,0,0,0,0,0,0,0,0
Norfolk Island,Agri-food systems,Emissions (CO2),kilotonnes,0,0,0,0,0,0,0,0,0,0,0,0,0,0,0,0,0,0,0,0,0
Norfolk Island,Agri-food systems,Emissions (CO2eq) from CH4 (AR5),kilotonnes,0,0,0,0,0,0,0,0,0,0,0,0,0,0,0,0,0,0,0,0,0
Norfolk Island,Agri-food systems,Emissions (CO2eq) from N2O (AR5),kilotonnes,0,0,0,0,0,0,0,0,0,0,0,0,0,0,0,0,0,0,0,0,0
Norfolk Island,Agri-food systems,Emissions (CO2eq) (AR5),kilotonnes,0,0,0,0,0,0,0,0,0,0,0,0,0,0,0,0,0,0,0,0,0
Norfolk Island,IPCC Agriculture,Emissions (CH4),kilotonnes,0,0,0,0,0,0,0,0,0,0,0,0,0,0,0,0,0,0,0,0,0
Norfolk Island,IPCC Agriculture,Emissions (N2O),kilotonnes,0,0,0,0,0,0,0,0,0,0,0,0,0,0,0,0,0,0,0,0,0
Norfolk Island,IPCC Agriculture,Emissions (CO2eq) from CH4 (AR5),kilotonnes,0,0,0,0,0,0,0,0,0,0,0,0,0,0,0,0,0,0,0,0,0
Norfolk Island,IPCC Agriculture,Emissions (CO2eq) from N2O (AR5),kilotonnes,0,0,0,0,0,0,0,0,0,0,0,0,0,0,0,0,0,0,0,0,0
Norfolk Island,IPCC Agriculture,Emissions (CO2eq) (AR5),kilotonnes,0,0,0,0,0,0,0,0,0,0,0,0,0,0,0,0,0,0,0,0,0
Norfolk Island,Agricultural Soils,Emissions (N2O),kilotonnes,0,0,0,0,0,0,0,0,0,0,0,0,0,0,0,0,0,0,0,0,0
Norfolk Island,Agricultural Soils,Emissions (CO2eq) from N2O (AR5),kilotonnes,0,0,0,0,0,0,0,0,0,0,0,0,0,0,0,0,0,0,0,0,0
Norfolk Island,Agricultural Soils,Emissions (CO2eq) (AR5),kilotonnes,0,0,0,0,0,0,0,0,0,0,0,0,0,0,0,0,0,0,0,0,0
Norfolk Island,LULUCF,Emissions (CH4),kilotonnes,0,0,0,0,0,0,0,0,0,0,0,0,0,0,0,0,0,0,0,0,0
Norfolk Island,LULUCF,Emissions (N2O),kilotonnes,0,0,0,0,0,0,0,0,0,0,0,0,0,0,0,0,0,0,0,0,0
Norfolk Island,LULUCF,Emissions (CO2),kilotonnes,-0.07,-0.1971,-0.1971,-0.1971,-0.1971,-0.1971,-0.1971,-0.1971,-0.1971,-0.1971,-0.1971,0.4703,0.4703,0.4703,0.4703,0.4703,0.1275,0.1275,0.1275,0.1275,0.1275
Norfolk Island,LULUCF,Emissions (CO2eq) from CH4 (AR5),kilotonnes,0,0,0,0,0,0,0,0,0,0,0,0,0,0,0,0,0,0,0,0,0
Norfolk Island,LULUCF,Emissions (CO2eq) from N2O (AR5),kilotonnes,0,0,0,0,0,0,0,0,0,0,0,0,0,0,0,0,0,0,0,0,0
Norfolk Island,LULUCF,Emissions (CO2eq) (AR5),kilotonnes,-0.07,-0.1971,-0.1971,-0.1971,-0.1971,-0.1971,-0.1971,-0.1971,-0.1971,-0.1971,-0.1971,0.4703,0.4703,0.4703,0.4703,0.4703,0.1275,0.1275,0.1275,0.1275,0.1275
Norfolk Island,AFOLU,Emissions (CH4),kilotonnes,0,0,0,0,0,0,0,0,0,0,0,0,0,0,0,0,0,0,0,0,0
Norfolk Island,AFOLU,Emissions (N2O),kilotonnes,0,0,0,0,0,0,0,0,0,0,0,0,0,0,0,0,0,0,0,0,0
Norfolk Island,AFOLU,Emissions (CO2),kilotonnes,-0.07,-0.1971,-0.1971,-0.1971,-0.1971,-0.1971,-0.1971,-0.1971,-0.1971,-0.1971,-0.1971,0.4703,0.4703,0.4703,0.4703,0.4703,0.1275,0.1275,0.1275,0.1275,0.1275
Norfolk Island,AFOLU,Emissions (CO2eq) from CH4 (AR5),kilotonnes,0,0,0,0,0,0,0,0,0,0,0,0,0,0,0,0,0,0,0,0,0
Norfolk Island,AFOLU,Emissions (CO2eq) from N2O (AR5),kilotonnes,0,0,0,0,0,0,0,0,0,0,0,0,0,0,0,0,0,0,0,0,0
Norfolk Island,AFOLU,Emissions (CO2eq) (AR5),kilotonnes,-0.07,-0.1971,-0.1971,-0.1971,-0.1971,-0.1971,-0.1971,-0.1971,-0.1971,-0.1971,-0.1971,0.4703,0.4703,0.4703,0.4703,0.4703,0.1275,0.1275,0.1275,0.1275,0.1275
Norfolk Island,All sectors with LULUCF,Emissions (CH4),kilotonnes,0,0,0,0,0,0,0,0,0,0,0,0,0,0,0,0,0,0,0,0,0
Norfolk Island,All sectors with LULUCF,Emissions (N2O),kilotonnes,0,0,0,0,0,0,0,0,0,0,0,0,0,0,0,0,0,0,0,0,0
Norfolk Island,All sectors with LULUCF,Emissions (CO2),kilotonnes,-0.07,-0.1971,-0.1971,-0.1971,-0.1971,-0.1971,-0.1971,-0.1971,-0.1971,-0.1971,-0.1971,0.4703,0.4703,0.4703,0.4703,0.4703,0.1275,0.1275,0.1275,0.1275,0.1275
Norfolk Island,All sectors with LULUCF,Emissions (CO2eq) from CH4 (AR5),kilotonnes,0,0,0,0,0,0,0,0,0,0,0,0,0,0,0,0,0,0,0,0,0
Norfolk Island,All sectors with LULUCF,Emissions (CO2eq) from N2O (AR5),kilotonnes,0,0,0,0,0,0,0,0,0,0,0,0,0,0,0,0,0,0,0,0,0
Norfolk Island,All sectors with LULUCF,Emissions (CO2eq) (AR5),kilotonnes,-0.07,-0.1971,-0.1971,-0.1971,-0.1971,-0.1971,-0.1971,-0.1971,-0.1971,-0.1971,-0.1971,0.4703,0.4703,0.4703,0.4703,0.4703,0.1275,0.1275,0.1275,0.1275,0.1275
Norfolk Island,All sectors without LULUCF,Emissions (CH4),kilotonnes,0,0,0,0,0,0,0,0,0,0,0,0,0,0,0,0,0,0,0,0,0
Norfolk Island,All sectors without LULUCF,Emissions (N2O),kilotonnes,0,0,0,0,0,0,0,0,0,0,0,0,0,0,0,0,0,0,0,0,0
Norfolk Island,All sectors without LULUCF,Emissions (CO2eq) from CH4 (AR5),kilotonnes,0,0,0,0,0,0,0,0,0,0,0,0,0,0,0,0,0,0,0,0,0
Norfolk Island,All sectors without LULUCF,Emissions (CO2eq) from N2O (AR5),kilotonnes,0,0,0,0,0,0,0,0,0,0,0,0,0,0,0,0,0,0,0,0,0
Norfolk Island,All sectors without LULUCF,Emissions (CO2eq) (AR5),kilotonnes,0,0,0,0,0,0,0,0,0,0,0,0,0,0,0,0,0,0,0,0,0
North Macedonia,Crop Residues,Direct emissions (N2O),kilotonnes,0.1169,0.1002,0.1129,0.0983,0.1352,0.128,0.1196,0.097,0.1215,0.1197,0.1077,0.1102,0.094,0.1114,0.1225,0.0966,0.1249,0.0914,0.1136,0.11,0.1126
North Macedonia,Crop Residues,Indirect emissions (N2O),kilotonnes,0.0263,0.0225,0.0254,0.0221,0.0304,0.0288,0.0269,0.0218,0.0273,0.0269,0.0242,0.0248,0.0211,0.0251,0.0276,0.0217,0.0281,0.0206,0.0256,0.0248,0.0253
North Macedonia,Crop Residues,Emissions (N2O),kilotonnes,0.1433,0.1227,0.1383,0.1204,0.1656,0.1569,0.1465,0.1188,0.1488,0.1466,0.1319,0.135,0.1151,0.1365,0.15,0.1184,0.1531,0.112,0.1391,0.1348,0.1379
North Macedonia,Crop Residues,Emissions (CO2eq) from N2O (AR5),kilotonnes,37.964,32.5219,36.6389,31.9106,43.8784,41.5678,38.824,31.4753,39.4259,38.852,34.9615,35.7693,30.5062,36.1596,39.7593,31.3634,40.5609,29.6755,36.8683,35.7119,36.539
North Macedonia,Crop Residues,Emissions (CO2eq) (AR5),kilotonnes,37.964,32.5219,36.6389,31.9106,43.8784,41.5678,38.824,31.4753,39.4259,38.852,34.9615,35.7693,30.5062,36.1596,39.7593,31.3634,40.5609,29.6755,36.8683,35.7119,36.539
North Macedonia,Rice Cultivation,Emissions (CH4),kilotonnes,1.0814,0.42,0.5236,0.8582,0.7952,0.6678,0.7067,0.7011,0.7241,0.8736,1.155,1.26,1.3037,1.3048,1.4487,1.3958,1.4112,0.9167,0.9022,0.9747,0.8896
North Macedonia,Rice Cultivation,Emissions (CH4),kilotonnes,,,,0.7048,,,,,0.6,,,,1.09,1.09,1.21,,,,,,
North Macedonia,Rice Cultivation,Emissions (CO2eq) from CH4 (AR5),kilotonnes,30.2781,11.76,14.6608,24.0296,22.2656,18.6984,19.7882,19.6314,20.2742,24.4608,32.34,35.28,36.503,36.5344,40.5642,39.0824,39.5136,25.6682,25.2605,27.291,24.9077
North Macedonia,Rice Cultivation,Emissions (CO2eq) from CH4 (AR5),kilotonnes,,,,19.7344,,,,,16.8,,,,30.52,30.52,33.88,,,,,,
North Macedonia,Rice Cultivation,Emissions (CO2eq) (AR5),kilotonnes,30.2781,11.76,14.6608,24.0296,22.2656,18.6984,19.7882,19.6314,20.2742,24.4608,32.34,35.28,36.503,36.5344,40.5642,39.0824,39.5136,25.6682,25.2605,27.291,24.9077
North Macedonia,Rice Cultivation,Emissions (CO2eq) (AR5),kilotonnes,,,,19.7344,,,,,16.8,,,,30.52,30.52,33.88,,,,,,
North Macedonia,Burning - Crop residues,Emissions (CH4),kilotonnes,0.2366,0.2188,0.2032,0.2105,0.2048,0.2097,0.1947,0.1851,0.18,0.1902,0.172,0.1711,0.1741,0.1808,0.1748,0.1741,0.1795,0.17,0.1815,0.1731,0.168
North Macedonia,Burning - Crop residues,Emissions (CH4),kilotonnes,,,,0.22,0.34,0.32,0.29,0.37,0.37,0.34,,,,,,,,,,,
North Macedonia,Burning - Crop residues,Emissions (N2O),kilotonnes,0.0061,0.0057,0.0053,0.0055,0.0053,0.0054,0.005,0.0048,0.0047,0.0049,0.0045,0.0044,0.0045,0.0047,0.0045,0.0045,0.0047,0.0044,0.0047,0.0045,0.0044
North Macedonia,Burning - Crop residues,Emissions (N2O),kilotonnes,,,,0.01,0.01,0.01,0.01,0.01,0.01,0.01,,,,,,,,,,,
North Macedonia,Burning - Crop residues,Emissions (CO2eq) from CH4 (AR5),kilotonnes,6.6256,6.1256,5.6886,5.8946,5.7352,5.8716,5.4504,5.1828,5.039,5.3267,4.8153,4.7912,4.8761,5.0619,4.8952,4.8741,5.0262,4.759,5.0827,4.8479,4.703
North Macedonia,Burning - Crop residues,Emissions (CO2eq) from CH4 (AR5),kilotonnes,,,,6.16,9.52,8.96,8.12,10.36,10.36,9.52,,,,,,,,,,,
North Macedonia,Burning - Crop residues,Emissions (CO2eq) from N2O (AR5),kilotonnes,1.6257,1.503,1.3958,1.4464,1.4072,1.4407,1.3374,1.2717,1.2364,1.307,1.1815,1.1756,1.1965,1.2421,1.2011,1.196,1.2333,1.1677,1.2472,1.1895,1.154
North Macedonia,Burning - Crop residues,Emissions (CO2eq) from N2O (AR5),kilotonnes,,,,2.65,2.65,2.65,2.65,2.65,2.65,2.65,,,,,,,,,,,
North Macedonia,Burning - Crop residues,Emissions (CO2eq) (AR5),kilotonnes,8.2513,7.6287,7.0845,7.3409,7.1424,7.3123,6.7878,6.4546,6.2754,6.6337,5.9969,5.9669,6.0726,6.304,6.0963,6.07,6.2594,5.9268,6.3299,6.0374,5.8569
North Macedonia,Burning - Crop residues,Emissions (CO2eq) (AR5),kilotonnes,,,,8.81,12.17,11.61,10.77,13.01,13.01,12.17,,,,,,,,,,,
North Macedonia,Enteric Fermentation,Emissions (CH4),kilotonnes,33.1921,32.3414,31.8215,31.5235,32.7077,30.7967,31.5287,30.4009,30.1862,28.6021,29.6902,30.283,28.3558,28.065,28.3407,29.0811,29.4422,29.7791,29.3963,25.5501,25.2958
North Macedonia,Enteric Fermentation,Emissions (CH4),kilotonnes,26.6409,26.6808,25.9724,28.82,26.74,25.22,26.38,23.36,26.3,21.81,,,25.72,24.73,25.01,,,,,,
North Macedonia,Enteric Fermentation,Emissions (CO2eq) from CH4 (AR5),kilotonnes,929.3791,905.5585,891.002,882.6581,915.8154,862.3081,882.8045,851.2246,845.2146,800.8595,831.3257,847.924,793.962,785.8208,793.5404,814.27,824.3815,833.815,823.097,715.4029,708.2811
North Macedonia,Enteric Fermentation,Emissions (CO2eq) from CH4 (AR5),kilotonnes,745.9452,747.0624,727.2272,806.96,748.72,706.16,738.64,654.08,736.4,610.68,,,720.16,692.44,700.28,,,,,,
North Macedonia,Enteric Fermentation,Emissions (CO2eq) (AR5),kilotonnes,929.3791,905.5585,891.002,882.6581,915.8154,862.3081,882.8045,851.2246,845.2146,800.8595,831.3257,847.924,793.962,785.8208,793.5404,814.27,824.3815,833.815,823.097,715.4029,708.2811
North Macedonia,Enteric Fermentation,Emissions (CO2eq) (AR5),kilotonnes,745.9452,747.0624,727.2272,806.96,748.72,706.16,738.64,654.08,736.4,610.68,,,720.16,692.44,700.28,,,,,,
North Macedonia,Manure Management,Emissions (CH4),kilotonnes,5.3198,5.1012,4.9594,4.7384,4.6421,4.5575,4.7245,5.6658,5.5251,4.9569,5.1285,5.2945,4.8806,4.8272,4.8625,5.1203,5.2472,5.3392,5.1871,4.2369,4.4216
North Macedonia,Manure Management,Emissions (CH4),kilotonnes,2.4536,2.3803,2.3723,5.49,2.21,2.13,2.21,2.48,5.63,2.14,,,5.29,5.1,5.14,,,,,,
North Macedonia,Manure Management,Emissions (N2O),kilotonnes,0.231,0.2247,0.2197,0.2136,0.2149,0.2083,0.2146,0.2347,0.2311,0.2162,0.2253,0.2319,0.2157,0.2149,0.216,0.2233,0.2276,0.2311,0.2269,0.1925,0.1947
North Macedonia,Manure Management,Emissions (N2O),kilotonnes,0.3571,0.3545,0.3494,0.13,0.4,0.38,0.39,0.37,0.14,0.34,,,0.13,0.13,0.13,,,,,,
North Macedonia,Manure Management,Emissions (CO2eq) from CH4 (AR5),kilotonnes,148.9547,142.8334,138.8632,132.6751,129.9794,127.609,132.2868,158.6423,154.703,138.7936,143.5976,148.245,136.6575,135.1615,136.1497,143.3673,146.923,149.4966,145.2397,118.6342,123.8044
North Macedonia,Manure Management,Emissions (CO2eq) from CH4 (AR5),kilotonnes,68.7008,66.6484,66.4244,153.72,61.88,59.64,61.88,69.44,157.64,59.92,,,148.12,142.8,143.92,,,,,,
North Macedonia,Manure Management,Emissions (CO2eq) from N2O (AR5),kilotonnes,61.2035,59.5342,58.2315,56.6011,56.9421,55.1912,56.8781,62.1943,61.2445,57.2921,59.7132,61.4509,57.1565,56.9512,57.2477,59.1783,60.3168,61.234,60.1308,51.001,51.606
North Macedonia,Manure Management,Emissions (CO2eq) from N2O (AR5),kilotonnes,94.6315,93.9425,92.591,34.45,106,100.7,103.35,98.05,37.1,90.1,,,34.45,34.45,34.45,,,,,,
North Macedonia,Manure Management,Emissions (CO2eq) (AR5),kilotonnes,210.1582,202.3675,197.0947,189.2762,186.9215,182.8002,189.165,220.8365,215.9475,196.0857,203.3108,209.6959,193.814,192.1127,193.3974,202.5456,207.2398,210.7306,205.3705,169.6352,175.4105
North Macedonia,Manure Management,Emissions (CO2eq) (AR5),kilotonnes,163.3323,160.5909,159.0154,188.17,167.88,160.34,165.23,167.49,194.74,150.02,,,182.57,177.25,178.37,,,,,,
North Macedonia,Manure left on Pasture,Direct emissions (N2O),kilotonnes,0.4667,0.4532,0.4438,0.4428,0.4777,0.4351,0.4412,0.3689,0.3697,0.3433,0.3469,0.3468,0.3262,0.3233,0.3277,0.3339,0.3372,0.3392,0.3378,0.298,0.291
North Macedonia,Manure left on Pasture,Indirect emissions (N2O),kilotonnes,0.1658,0.1607,0.1573,0.157,0.1723,0.155,0.1567,0.125,0.1255,0.1148,0.1152,0.1143,0.1075,0.1074,0.1089,0.1103,0.1113,0.112,0.1115,0.0993,0.0959
North Macedonia,Manure left on Pasture,Emissions (N2O),kilotonnes,0.6325,0.6138,0.6011,0.5998,0.65,0.5901,0.5979,0.4939,0.4952,0.4581,0.4621,0.4611,0.4337,0.4307,0.4367,0.4442,0.4485,0.4512,0.4493,0.3974,0.3869
North Macedonia,Manure left on Pasture,Emissions (CO2eq) from N2O (AR5),kilotonnes,167.5996,162.662,159.2815,158.9586,172.2608,156.3718,158.4441,130.8876,131.2295,121.3945,122.4524,122.1957,114.9364,114.1224,115.7124,117.7019,118.8525,119.5755,119.0593,105.3037,102.5247
North Macedonia,Manure left on Pasture,Emissions (CO2eq) (AR5),kilotonnes,167.5996,162.662,159.2815,158.9586,172.2608,156.3718,158.4441,130.8876,131.2295,121.3945,122.4524,122.1957,114.9364,114.1224,115.7124,117.7019,118.8525,119.5755,119.0593,105.3037,102.5247
North Macedonia,Manure applied to Soils,Direct emissions (N2O),kilotonnes,0.2525,0.2453,0.2379,0.2305,0.2341,0.225,0.2309,0.2416,0.2379,0.2219,0.2288,0.2341,0.2181,0.2165,0.2173,0.2249,0.2289,0.2316,0.2281,0.1924,0.1961
North Macedonia,Manure applied to Soils,Indirect emissions (N2O),kilotonnes,0.1073,0.1043,0.1011,0.098,0.0995,0.0956,0.0981,0.1027,0.1011,0.0943,0.0972,0.0995,0.0927,0.092,0.0924,0.0956,0.0973,0.0984,0.0969,0.0818,0.0833
North Macedonia,Manure applied to Soils,Emissions (N2O),kilotonnes,0.3598,0.3496,0.3389,0.3285,0.3336,0.3206,0.3291,0.3443,0.339,0.3162,0.326,0.3336,0.3108,0.3085,0.3097,0.3204,0.3261,0.33,0.325,0.2741,0.2795
North Macedonia,Manure applied to Soils,Emissions (CO2eq) from N2O (AR5),kilotonnes,95.3381,92.6427,89.8216,87.0419,88.406,84.9674,87.2068,91.2527,89.8362,83.7865,86.3994,88.392,82.3746,81.7563,82.0643,84.9181,86.4212,87.4507,86.1232,72.6411,74.0562
North Macedonia,Manure applied to Soils,Emissions (CO2eq) (AR5),kilotonnes,95.3381,92.6427,89.8216,87.0419,88.406,84.9674,87.2068,91.2527,89.8362,83.7865,86.3994,88.392,82.3746,81.7563,82.0643,84.9181,86.4212,87.4507,86.1232,72.6411,74.0562
North Macedonia,Synthetic Fertilizers,Direct emissions (N2O),kilotonnes,0.3017,0.198,0.1409,0.189,0.2362,0.2843,0.2683,0.297,0.2464,0.2736,0.3055,0.2851,0.263,0.3035,0.321,0.3043,0.3539,0.3299,0.2815,0.2769,0.3683
North Macedonia,Synthetic Fertilizers,Indirect emissions (N2O),kilotonnes,0.0981,0.0643,0.0458,0.0614,0.0768,0.0924,0.0872,0.0965,0.0801,0.0889,0.0993,0.0927,0.0855,0.0986,0.1043,0.0989,0.115,0.1072,0.0915,0.09,0.1197
North Macedonia,Synthetic Fertilizers,Emissions (N2O),kilotonnes,0.3998,0.2623,0.1867,0.2505,0.3129,0.3767,0.3555,0.3935,0.3264,0.3625,0.4049,0.3778,0.3485,0.4021,0.4254,0.4031,0.469,0.4372,0.373,0.3669,0.488
North Macedonia,Synthetic Fertilizers,Emissions (CO2eq) from N2O (AR5),kilotonnes,105.9394,69.5227,49.4881,66.3777,82.9307,99.8258,94.2088,104.2676,86.5006,96.0738,107.2857,100.1072,92.3593,106.569,112.7185,106.8324,124.28,115.8528,98.8437,97.2166,129.3108
North Macedonia,Synthetic Fertilizers,Emissions (CO2eq) (AR5),kilotonnes,105.9394,69.5227,49.4881,66.3777,82.9307,99.8258,94.2088,104.2676,86.5006,96.0738,107.2857,100.1072,92.3593,106.569,112.7185,106.8324,124.28,115.8528,98.8437,97.2166,129.3108
North Macedonia,Drained organic soils,Emissions (CO2eq) (AR5),kilotonnes,0,0,0,0,0,0,0,0,0,0,0,0,0,0,0,0,0,0,0,0,0
North Macedonia,Drained organic soils (CO2),Emissions (CO2),kilotonnes,0,0,0,0,0,0,0,0,0,0,0,0,0,0,0,0,0,0,0,0,0
North Macedonia,Drained organic soils (CO2),Emissions (CO2eq) (AR5),kilotonnes,0,0,0,0,0,0,0,0,0,0,0,0,0,0,0,0,0,0,0,0,0
North Macedonia,Drained organic soils (N2O),Emissions (N2O),kilotonnes,0,0,0,0,0,0,0,0,0,0,0,0,0,0,0,0,0,0,0,0,0
North Macedonia,Drained organic soils (N2O),Emissions (CO2eq) from N2O (AR5),kilotonnes,0,0,0,0,0,0,0,0,0,0,0,0,0,0,0,0,0,0,0,0,0
North Macedonia,Drained organic soils (N2O),Emissions (CO2eq) (AR5),kilotonnes,0,0,0,0,0,0,0,0,0,0,0,0,0,0,0,0,0,0,0,0,0
North Macedonia,On-farm energy use,Emissions (CH4),kilotonnes,0.0585,0.0288,0.0105,0.0279,0.0239,0.0132,0.025,0.0133,0.0119,0.0062,0.0094,0.006,0.0061,0.0073,0.0077,0.0112,0.0202,0.0207,0.0453,0.0529,0.0529
North Macedonia,On-farm energy use,Emissions (N2O),kilotonnes,0.0158,0.0106,0.0078,0.0078,0.0109,0.0031,0.0018,0.0012,0.0006,0.001,0.0011,0.0054,0.0055,0.0079,0.0081,0.0085,0.009,0.009,0.0091,0.0092,0.0092
North Macedonia,On-farm energy use,Emissions (CO2),kilotonnes,145.606,113.4004,62.9276,59.1232,163.0929,83.9069,72.4728,46.8706,46.6766,30.9745,56.3879,40.836,41.6666,39.5636,40.8479,44.2317,48.1563,45.5,48.8898,50.4982,50.4982
North Macedonia,On-farm energy use,Emissions (CO2eq) from CH4 (AR5),kilotonnes,1.6377,0.8055,0.295,0.7815,0.6682,0.3701,0.7005,0.3723,0.3321,0.1748,0.2638,0.1666,0.1698,0.2054,0.2161,0.3138,0.565,0.5792,1.2696,1.4803,1.4803
North Macedonia,On-farm energy use,Emissions (CO2eq) from N2O (AR5),kilotonnes,4.1752,2.8102,2.0584,2.062,2.9005,0.8188,0.4835,0.3193,0.1467,0.2615,0.2906,1.4352,1.4674,2.085,2.1496,2.2646,2.3868,2.3777,2.3983,2.4481,2.4481
North Macedonia,On-farm energy use,Emissions (CO2eq) (AR5),kilotonnes,151.4189,117.0161,65.281,61.9666,166.6616,85.0958,73.6568,47.5621,47.1554,31.4108,56.9423,42.4379,43.3038,41.854,43.2136,46.8101,51.1082,48.4568,52.5577,54.4266,54.4266
North Macedonia,Forestland,Emissions (CO2),kilotonnes,,,,,,,,,,,,,-1664.96,-2097.01,-3471.18,,,,,,
North Macedonia,Forestland,Emissions (CO2eq) (AR5),kilotonnes,,,,,,,,,,,,,-1664.96,-2097.01,-3471.18,,,,,,
North Macedonia,Savanna fires,Emissions (CH4),kilotonnes,0.0764,0.0364,0.0051,0.0032,0.0095,0.0227,0.0089,0.3982,0.0721,0.0049,0.0155,0.1608,0.1706,0.0592,0.0008,0.0458,0.016,0.1843,0.0158,0.126,0.0043
North Macedonia,Savanna fires,Emissions (N2O),kilotonnes,0.007,0.0033,0.0005,0.0003,0.0009,0.0021,0.0008,0.0364,0.0066,0.0004,0.0014,0.0147,0.0156,0.0054,0.0001,0.0042,0.0015,0.0168,0.0014,0.0115,0.0004
North Macedonia,Savanna fires,Emissions (CO2eq) from CH4 (AR5),kilotonnes,2.1387,1.0194,0.1419,0.0908,0.2668,0.6356,0.2486,11.1507,2.018,0.1362,0.4348,4.5037,4.7778,1.6574,0.0227,1.2824,0.4484,5.1605,0.442,3.5274,0.1206
North Macedonia,Savanna fires,Emissions (CO2eq) from N2O (AR5),kilotonnes,1.8484,0.8809,0.1226,0.0785,0.2305,0.5493,0.2148,9.6356,1.7438,0.1177,0.3757,3.8918,4.1286,1.4322,0.0196,1.1081,0.3875,4.4593,0.3819,3.0481,0.1042
North Macedonia,Savanna fires,Emissions (CO2eq) (AR5),kilotonnes,3.9871,1.9004,0.2645,0.1693,0.4973,1.1849,0.4635,20.7863,3.7619,0.2539,0.8105,8.3954,8.9064,3.0897,0.0423,2.3905,0.8359,9.6198,0.824,6.5755,0.2248
North Macedonia,Fires in organic soils,Emissions (CH4),kilotonnes,0,0,0,0,0,0,0,0,0,0,0,0,0,0,0,0,0,0,0,0,0
North Macedonia,Fires in organic soils,Emissions (CO2),kilotonnes,0,0,0,0,0,0,0,0,0,0,0,0,0,0,0,0,0,0,0,0,0
North Macedonia,Fires in organic soils,Emissions (CO2eq) from CH4 (AR5),kilotonnes,0,0,0,0,0,0,0,0,0,0,0,0,0,0,0,0,0,0,0,0,0
North Macedonia,Fires in organic soils,Emissions (CO2eq) (AR5),kilotonnes,0,0,0,0,0,0,0,0,0,0,0,0,0,0,0,0,0,0,0,0,0
North Macedonia,Forest fires,Emissions (CH4),kilotonnes,0.6668,0.005,0,0,0,0,0,0.1445,0.0448,0,0.0025,0.0449,0.0723,0.0075,0,0.0075,0,0.0174,0,0.0997,0.0125
North Macedonia,Forest fires,Emissions (N2O),kilotonnes,0.0369,0.0005,0,0,0,0,0,0.0132,0.0041,0,0.0002,0.0041,0.0066,0.0007,0,0.0007,0,0.0016,0,0.0091,0.0011
North Macedonia,Forest fires,Emissions (CO2eq) from CH4 (AR5),kilotonnes,18.67,0.1395,0,0,0,0,0,4.0468,1.2558,0,0.0698,1.2559,2.0234,0.2093,0,0.2093,0,0.4884,0,2.7909,0.3489
North Macedonia,Forest fires,Emissions (CO2eq) from N2O (AR5),kilotonnes,9.7748,0.1206,0,0,0,0,0,3.497,1.0852,0,0.0603,1.0852,1.7485,0.1809,0,0.1809,0,0.4221,0,2.4117,0.3015
North Macedonia,Forest fires,Emissions (CO2eq) (AR5),kilotonnes,28.4448,0.2601,0,0,0,0,0,7.5438,2.341,0,0.1301,2.3411,3.7719,0.3902,0,0.3902,0,0.9105,0,5.2026,0.6503
North Macedonia,Fires in humid tropical forests,Emissions (CH4),kilotonnes,0,0,0,0,0,0,0,0,0,0,0,0,0,0,0,0,0,0,0,0,0
North Macedonia,Fires in humid tropical forests,Emissions (N2O),kilotonnes,0,0,0,0,0,0,0,0,0,0,0,0,0,0,0,0,0,0,0,0,0
North Macedonia,Fires in humid tropical forests,Emissions (CO2eq) from CH4 (AR5),kilotonnes,0,0,0,0,0,0,0,0,0,0,0,0,0,0,0,0,0,0,0,0,0
North Macedonia,Fires in humid tropical forests,Emissions (CO2eq) from N2O (AR5),kilotonnes,0,0,0,0,0,0,0,0,0,0,0,0,0,0,0,0,0,0,0,0,0
North Macedonia,Fires in humid tropical forests,Emissions (CO2eq) (AR5),kilotonnes,0,0,0,0,0,0,0,0,0,0,0,0,0,0,0,0,0,0,0,0,0
North Macedonia,Waste - agri-food systems,Emissions (CH4),kilotonnes,13.9923,14.3557,14.6272,14.9889,15.2907,15.5247,15.7265,15.9844,16.1736,16.3433,16.4764,16.6071,16.734,16.8672,16.9198,17.0064,17.0881,17.1647,17.2415,17.3064,17.3531
North Macedonia,Waste - agri-food systems,Emissions (N2O),kilotonnes,0.0621,0.0599,0.0654,0.0626,0.066,0.0636,0.0643,0.0691,0.0672,0.0698,0.069,0.0683,0.0688,0.0696,0.0703,0.0724,0.0715,0.0717,0.0718,0.0718,0.0716
North Macedonia,Waste - agri-food systems,Emissions (CO2),kilotonnes,17.3244,17.3112,17.374,17.5372,17.6463,17.7221,17.7943,17.9473,18.0831,18.0418,18.0422,18.1282,18.07,18.152,18.1906,18.0953,18.1414,18.1868,18.277,18.2722,18.2411
North Macedonia,Waste - agri-food systems,Emissions (CO2eq) from CH4 (AR5),kilotonnes,391.7837,401.9598,409.5604,419.6905,428.1398,434.6917,440.3409,447.564,452.8606,457.6116,461.3396,464.9974,468.5509,472.2821,473.7551,476.1785,478.4661,480.6117,482.761,484.58,485.8855
North Macedonia,Waste - agri-food systems,Emissions (CO2eq) from N2O (AR5),kilotonnes,16.4676,15.8748,17.3369,16.5888,17.491,16.8552,17.0384,18.3087,17.8102,18.5059,18.2772,18.0897,18.2407,18.4414,18.6201,19.1908,18.9558,19.013,19.0208,19.0173,18.9715
North Macedonia,Waste - agri-food systems,Emissions (CO2eq) (AR5),kilotonnes,425.5757,435.1458,444.2712,453.8166,463.2771,469.2689,475.1736,483.8201,488.7539,494.1593,497.6591,501.2153,504.8616,508.8755,510.5658,513.4646,515.5633,517.8115,520.0588,521.8695,523.0981
North Macedonia,On-farm electricity use,Emissions (CH4),kilotonnes,0.0348,0.0348,0.0228,0.0264,0.0264,0.0312,0.0276,0.0204,0.0192,0.0192,0.018,0.0435,0.0437,0.042,0.0416,0.0429,0.0434,0.0471,0.0467,0.0476,0.0476
North Macedonia,On-farm electricity use,Emissions (N2O),kilotonnes,0.0002,0.0002,0.0001,0.0001,0.0001,0.0002,0.0001,0.0001,0.0001,0.0001,0.0001,0.0002,0.0002,0.0002,0.0002,0.0002,0.0002,0.0002,0.0002,0.0003,0.0003
North Macedonia,On-farm electricity use,Emissions (CO2),kilotonnes,23.1643,26.8251,16.2015,17.8191,17.5575,20.5619,18.0015,14.7822,14.4706,12.7691,10.254,31.1837,31.122,28.5176,28.2185,29.1567,29.4648,31.9799,31.6718,32.3625,32.3625
North Macedonia,On-farm electricity use,Emissions (CO2eq) from CH4 (AR5),kilotonnes,0.9744,0.9744,0.6384,0.7392,0.7392,0.8736,0.7728,0.5712,0.5376,0.5376,0.504,1.218,1.2236,1.176,1.1648,1.2012,1.2152,1.3188,1.3076,1.3328,1.3328
North Macedonia,On-farm electricity use,Emissions (CO2eq) from N2O (AR5),kilotonnes,0.053,0.053,0.0265,0.0265,0.0265,0.053,0.0265,0.0265,0.0265,0.0265,0.0265,0.053,0.053,0.053,0.053,0.053,0.053,0.053,0.053,0.0795,0.0795
North Macedonia,On-farm electricity use,Emissions (CO2eq) (AR5),kilotonnes,24.1917,27.8525,16.8664,18.5848,18.3232,21.4885,18.8008,15.3799,15.0347,13.3332,10.7845,32.4547,32.3986,29.7466,29.4363,30.4109,30.733,33.3517,33.0324,33.7748,33.7748
North Macedonia,Food Processing,Emissions (CH4),kilotonnes,0.0007,0.3443,0.3543,0.3454,0.3343,0.3454,0.3124,0.355,0.3508,0.3276,0.1928,0.1888,0.1813,0.1801,0.173,0.1757,0.1735,0.1804,0.1826,0.1826,0.1781
North Macedonia,Food Processing,Emissions (N2O),kilotonnes,0.0001,0.0022,0.0018,0.0016,0.0015,0.0024,0.0013,0.0019,0.002,0.0019,0.0017,0.0014,0.0013,0.0014,0.0013,0.0013,0.0013,0.0013,0.0013,0.0013,0.0013
North Macedonia,Food Processing,Emissions (CO2),kilotonnes,8.8548,285.5709,273.3258,260.846,243.4973,248.3514,225.2191,277.4828,285.4508,240.4728,197.701,218.5538,210.1968,194.0788,186.4691,190.6193,189.333,192.7339,189.4986,189.4986,155.4481
North Macedonia,Food Processing,Emissions (CO2eq) from CH4 (AR5),kilotonnes,0.0196,9.6404,9.9204,9.6712,9.3604,9.6712,8.7472,9.94,9.8224,9.1728,5.3984,5.2864,5.0764,5.0428,4.844,4.9196,4.858,5.0512,5.1128,5.1128,4.9855
North Macedonia,Food Processing,Emissions (CO2eq) from N2O (AR5),kilotonnes,0.0265,0.583,0.477,0.424,0.3975,0.636,0.3445,0.5035,0.53,0.5035,0.4505,0.371,0.3445,0.371,0.3445,0.3445,0.3445,0.3445,0.3445,0.3445,0.3481
North Macedonia,Food Processing,Emissions (CO2eq) (AR5),kilotonnes,8.9009,295.7943,283.7232,270.9412,253.2552,258.6586,234.3108,287.9263,295.8032,250.1491,203.5499,224.2112,215.6177,199.4926,191.6576,195.8834,194.5355,198.1296,194.9559,194.9559,160.7817
North Macedonia,Food Packaging,Emissions (CH4),kilotonnes,0.0034,0.0038,0.0043,0.004,0.0039,0.0038,0.0036,0.0035,0.0045,0.0042,0.0032,0.0031,0.0031,0.0029,0.0019,0.0031,0.0031,0.0036,0.0036,0.0006,0.0006
North Macedonia,Food Packaging,Emissions (N2O),kilotonnes,0,0,0,0,0,0,0,0,0,0,0,0,0,0,0,0,0,0,0,0,0
North Macedonia,Food Packaging,Emissions (CO2),kilotonnes,2.2735,3.0497,3.1378,2.8128,2.6609,2.5573,2.3613,2.5666,3.3964,2.7995,2.1933,2.6682,2.5226,2.2495,1.5467,2.4799,2.4215,2.8014,2.8033,3.2133,2.6359
North Macedonia,Food Packaging,Emissions (CO2eq) from CH4 (AR5),kilotonnes,0.0952,0.1064,0.1204,0.112,0.1092,0.1064,0.1008,0.098,0.126,0.1176,0.0896,0.0868,0.0868,0.0812,0.0532,0.0868,0.0868,0.1008,0.1008,0.0168,0.0164
North Macedonia,Food Packaging,Emissions (CO2eq) from N2O (AR5),kilotonnes,0,0,0,0,0,0,0,0,0,0,0,0,0,0,0,0,0,0,0,0,0
North Macedonia,Food Packaging,Emissions (CO2eq) (AR5),kilotonnes,2.3687,3.1561,3.2582,2.9248,2.7701,2.6637,2.4621,2.6646,3.5224,2.9171,2.2829,2.755,2.6094,2.3307,1.5999,2.5667,2.5083,2.9022,2.9041,3.2301,2.6523
North Macedonia,Food Retail,Emissions (CH4),kilotonnes,0.0001,0.0001,0.001,0.0008,0.0008,0.0008,0.0008,0.0008,0.0008,0.0008,0.0008,0.0008,0.0008,0.0007,0.0007,0.0007,0.0006,0.0006,0,0,0
North Macedonia,Food Retail,Emissions (N2O),kilotonnes,0,0,0.0002,0.0002,0.0002,0.0002,0.0002,0.0002,0.0002,0.0002,0.0002,0.0002,0.0002,0.0002,0.0002,0.0002,0.0002,0.0002,0,0,0
North Macedonia,Food Retail,Emissions (CO2),kilotonnes,3.1991,0.6006,20.7702,16.5678,16.4158,16.4158,15.9598,13.7102,13.5886,12.5246,12.4638,13.4366,12.9046,11.3847,10.9591,10.2903,10.1231,10.8831,0,0,0
North Macedonia,Food Retail,Emissions (CO2eq) from F-gases (AR5),kilotonnes,50.3915,61.301,74.808,91.432,110.134,121.0435,134.5505,148.0575,150.1355,151.1745,151.694,152.2135,152.2135,152.733,152.733,152.733,164.6815,167.7985,170.9155,174.0325,179.6987
North Macedonia,Food Retail,Emissions (CO2eq) from CH4 (AR5),kilotonnes,0.0028,0.0028,0.028,0.0224,0.0218,0.0226,0.0228,0.022,0.0231,0.0224,0.0213,0.0235,0.0222,0.02,0.0196,0.0183,0.0162,0.0181,0,0,0
North Macedonia,Food Retail,Emissions (CO2eq) from N2O (AR5),kilotonnes,0,0,0.053,0.053,0.0524,0.0536,0.053,0.0549,0.0549,0.0533,0.053,0.0593,0.0596,0.058,0.0577,0.0571,0.0564,0.0605,0,0,0
North Macedonia,Food Retail,Emissions (CO2eq) (AR5),kilotonnes,53.5934,61.9044,95.6592,108.0752,126.624,137.5355,150.5861,161.8446,163.8022,163.7749,164.2321,165.7329,165.1999,164.1957,163.7694,163.0987,174.8772,178.7601,170.9155,174.0325,179.6987
North Macedonia,Food Household Consumption,Emissions (CH4),kilotonnes,0.5149,0.5149,0.5295,0.571,0.5716,0.5873,0.599,0.5973,0.6074,0.634,0.6227,0.6411,0.6247,0.5862,0.5802,0.5979,0.582,0.5895,0.57,0.57,0.5558
North Macedonia,Food Household Consumption,Emissions (N2O),kilotonnes,0.003,0.003,0.0024,0.0023,0.0023,0.0039,0.0023,0.0031,0.0033,0.0034,0.0036,0.003,0.0026,0.0028,0.0027,0.0028,0.0027,0.0028,0.0027,0.0027,0.0027
North Macedonia,Food Household Consumption,Emissions (CO2),kilotonnes,352.7163,401.8945,383.6023,394.9361,390.3895,397.9123,402.585,444.1207,470.8778,438.6137,371.9767,476.401,453.3601,401.0622,396.7352,409.237,398.5319,403.7376,390.499,390.499,320.3312
North Macedonia,Food Household Consumption,Emissions (CO2eq) from CH4 (AR5),kilotonnes,14.4172,14.4172,14.826,15.988,16.0048,16.4444,16.772,16.7244,17.0072,17.752,17.4356,17.9508,17.4916,16.4136,16.2456,16.7412,16.296,16.506,15.96,15.96,15.5627
North Macedonia,Food Household Consumption,Emissions (CO2eq) from N2O (AR5),kilotonnes,0.795,0.795,0.636,0.6095,0.6095,1.0335,0.6095,0.8215,0.8745,0.901,0.954,0.795,0.689,0.742,0.7155,0.742,0.7155,0.742,0.7155,0.7155,0.723
North Macedonia,Food Household Consumption,Emissions (CO2eq) (AR5),kilotonnes,367.9285,417.1067,399.0643,411.5336,407.0038,415.3902,419.9665,461.6666,488.7595,457.2667,390.3663,495.1468,471.5407,418.2178,413.6963,426.7202,415.5434,420.9856,407.1745,407.1745,336.6169
North Macedonia,Food Transport,Emissions (CH4),kilotonnes,0.0205,0.0185,0.0207,0.0212,0.0215,0.0211,0.0212,0.0247,0.0251,0.0246,0.0234,0.0218,0.019,0.0204,0.021,0.0228,0.0243,0.0237,0.0228,0.0195,0.019
North Macedonia,Food Transport,Emissions (N2O),kilotonnes,0.0042,0.0039,0.0039,0.0038,0.0038,0.0039,0.004,0.0047,0.0049,0.0053,0.0056,0.0062,0.0059,0.0068,0.0071,0.0077,0.0088,0.0091,0.0089,0.0071,0.0072
North Macedonia,Food Transport,Emissions (CO2),kilotonnes,108.213,104.3194,108.7765,108.9965,110.9765,112.0765,112.5694,128.453,131.753,140.553,148.253,155.953,148.8694,168.6694,177.4694,196.7765,224.2874,234.8859,230.4751,195.3208,160.2241
North Macedonia,Food Transport,Emissions (CO2eq) from CH4 (AR5),kilotonnes,0.574,0.518,0.5796,0.5936,0.602,0.5908,0.5936,0.6916,0.7028,0.6888,0.6552,0.6104,0.532,0.5712,0.588,0.6384,0.6804,0.6636,0.6384,0.546,0.5324
North Macedonia,Food Transport,Emissions (CO2eq) from N2O (AR5),kilotonnes,1.113,1.0335,1.0335,1.007,1.007,1.0335,1.06,1.2455,1.2985,1.4045,1.484,1.643,1.5635,1.802,1.8815,2.0405,2.332,2.4115,2.3585,1.8815,1.9012
North Macedonia,Food Transport,Emissions (CO2eq) (AR5),kilotonnes,109.9,105.8709,110.3896,110.5971,112.5855,113.7008,114.223,130.3901,133.7543,142.6463,150.3922,158.2064,150.9649,171.0426,179.9389,199.4554,227.2998,237.961,233.472,197.7483,162.6577
North Macedonia,Energy,Emissions (CH4),kilotonnes,11.3,11.5,11.2,12,11.7,12.1,12.2,11.8,12.4,12,11.4,12.6,11.9,10.7,10.5,9.81,8.69,9.67,9.23,9.24,9.01
North Macedonia,Energy,Emissions (N2O),kilotonnes,0.181,0.17,0.155,0.169,0.167,0.171,0.169,0.175,0.175,0.17,0.169,0.189,0.19,0.185,0.184,0.182,0.18,0.193,0.186,0.191,0.193
North Macedonia,Energy,Emissions (CO2),kilotonnes,11800,11700,10600,10900,10800,10800,10500,9020,8940,8240,8200,8840,8490,7490,7210,6770,6660,7160,6700,7680,6300
North Macedonia,Energy,Emissions (CO2eq) from CH4 (AR5),kilotonnes,316.4,322,313.6,336,327.6,338.8,341.6,330.4,347.2,336,319.2,352.8,333.2,299.6,294,274.68,243.32,270.76,258.44,258.72,252.28
North Macedonia,Energy,Emissions (CO2eq) from N2O (AR5),kilotonnes,47.965,45.05,41.075,44.785,44.255,45.315,44.785,46.375,46.375,45.05,44.785,50.085,50.35,49.025,48.76,48.23,47.7,51.145,49.29,50.615,51.145
North Macedonia,Energy,Emissions (CO2eq) (AR5),kilotonnes,12164.365,12067.05,10954.675,11280.785,11171.855,11184.115,10886.385,9396.775,9333.575,8621.05,8563.985,9242.885,8873.55,7838.625,7552.76,7092.91,6951.02,7481.905,7007.73,7989.335,6603.425
North Macedonia,IPPU,Emissions (CH4),kilotonnes,0.057,0.068,0.0754,0.0776,0.0898,0.121,0.121,0.192,0.195,0.0675,0.144,0.202,0.156,0.174,0.169,0.137,0.092,0.104,0.0984,0.13,0.129
North Macedonia,IPPU,Emissions (N2O),kilotonnes,0.0224,0.0225,0.0226,0.0226,0.0226,0.0227,0.0227,0.0227,0.0228,0.0228,0.0228,0.0228,0.0228,0.0229,0.0229,0.0229,0.0229,0.0229,0.023,0.023,0.023
North Macedonia,IPPU,Emissions (CO2),kilotonnes,486,540,547,609,628,782,799,1030,1020,615,818,1050,788,872,837,738,667,726,717,807,803
North Macedonia,IPPU,Emissions (CO2eq) from F-gases (AR5),kilotonnes,56.7505,62.6782,74.7279,90.276,110.78,133.1304,145.7632,161.3113,177.8311,192.4074,206.9837,144.7914,82.3076,140.9044,156.4525,182.6899,188.5204,195.3227,202.125,208.9272,215.7295
North Macedonia,IPPU,Emissions (CO2eq) from CH4 (AR5),kilotonnes,1.596,1.904,2.1112,2.1728,2.5144,3.388,3.388,5.376,5.46,1.89,4.032,5.656,4.368,4.872,4.732,3.836,2.576,2.912,2.7552,3.64,3.612
North Macedonia,IPPU,Emissions (CO2eq) from N2O (AR5),kilotonnes,5.936,5.9625,5.989,5.989,5.989,6.0155,6.0155,6.0155,6.042,6.042,6.042,6.042,6.042,6.0685,6.0685,6.0685,6.0685,6.0685,6.095,6.095,6.095
North Macedonia,IPPU,Emissions (CO2eq) (AR5),kilotonnes,550.2825,610.5447,629.8281,707.4378,747.2834,924.5339,954.1667,1202.7028,1209.3331,815.3394,1035.0577,1206.4894,880.7176,1023.8449,1004.253,930.5944,864.1649,930.3032,927.9752,1025.6622,1028.4365
North Macedonia,Waste,Emissions (CH4),kilotonnes,18,18,18,18,17.9,18,18.1,18.2,18.3,18.3,21.3,21.3,21.2,21.2,21.4,21.5,21.6,21.6,21.7,22.8,23.1
North Macedonia,Waste,Emissions (N2O),kilotonnes,0.0954,0.0956,0.0958,0.0965,0.0997,0.0984,0.0993,0.101,0.103,0.105,0.106,0.106,0.105,0.105,0.106,0.108,0.109,0.11,0.11,0.111,0.112
North Macedonia,Waste,Emissions (CO2),kilotonnes,17.1,17.3,17.5,18.3,18.6,18.9,18.9,18.5,19,19.1,19.1,19.1,19.2,19.2,19.2,19.3,19.4,19.5,19.6,19.6,19.7
North Macedonia,Waste,Emissions (CO2eq) from CH4 (AR5),kilotonnes,504,504,504,504,501.2,504,506.8,509.6,512.4,512.4,596.4,596.4,593.6,593.6,599.2,602,604.8,604.8,607.6,638.4,646.8
North Macedonia,Waste,Emissions (CO2eq) from N2O (AR5),kilotonnes,25.281,25.334,25.387,25.5725,26.4205,26.076,26.3145,26.765,27.295,27.825,28.09,28.09,27.825,27.825,28.09,28.62,28.885,29.15,29.15,29.415,29.68
North Macedonia,Waste,Emissions (CO2eq) (AR5),kilotonnes,546.381,546.634,546.887,547.8725,546.2205,548.976,552.0145,554.865,558.695,559.325,643.59,643.59,640.625,640.625,646.49,649.92,653.085,653.45,656.35,687.415,696.18
North Macedonia,Other,Emissions (N2O),kilotonnes,0.154,0.142,0.144,0.15,0.142,0.135,0.14,0.151,0.144,0.131,0.132,0.144,0.138,0.128,0.123,0.12,0.12,0.121,0.111,0.115,0.113
North Macedonia,Other,Emissions (CO2eq) from N2O (AR5),kilotonnes,40.81,37.63,38.16,39.75,37.63,35.775,37.1,40.015,38.16,34.715,34.98,38.16,36.57,33.92,32.595,31.8,31.8,32.065,29.415,30.475,29.945
North Macedonia,Other,Emissions (CO2eq) (AR5),kilotonnes,40.81,37.63,38.16,39.75,37.63,35.775,37.1,40.015,38.16,34.715,34.98,38.16,36.57,33.92,32.595,31.8,31.8,32.065,29.415,30.475,29.945
North Macedonia,Farm-gate emissions,Emissions (CH4),kilotonnes,39.9648,38.1465,37.5233,37.3618,38.3832,36.2676,37.1885,37.3644,36.6993,34.634,36.1706,37.1754,34.8909,34.4443,34.8353,35.8282,36.3163,36.4099,35.7283,31.1137,30.832
North Macedonia,Farm-gate emissions,Direct emissions (N2O),kilotonnes,1.1378,0.9967,0.9354,0.9607,1.0832,1.0725,1.0601,1.0045,0.9754,0.9585,0.989,0.9762,0.9014,0.9547,0.9885,0.9597,1.0449,0.9922,0.9609,0.8773,0.9679
North Macedonia,Farm-gate emissions,Indirect emissions (N2O),kilotonnes,0.3975,0.3518,0.3296,0.3385,0.379,0.3718,0.3689,0.346,0.334,0.3249,0.3359,0.3313,0.3068,0.3231,0.3332,0.3264,0.3517,0.3382,0.3255,0.2958,0.3243
North Macedonia,Farm-gate emissions,Emissions (N2O),kilotonnes,1.7951,1.5927,1.4983,1.5263,1.6942,1.6631,1.6513,1.6276,1.5523,1.506,1.5572,1.5638,1.4495,1.5106,1.5505,1.5267,1.6394,1.5917,1.5285,1.3908,1.5009
North Macedonia,Farm-gate emissions,Emissions (CO2),kilotonnes,145.606,113.4004,62.9276,59.1232,163.0929,83.9069,72.4728,46.8706,46.6766,30.9745,56.3879,40.836,41.6666,39.5636,40.8479,44.2317,48.1563,45.5,48.8898,50.4982,50.4982
North Macedonia,Farm-gate emissions,Emissions (CO2eq) from CH4 (AR5),kilotonnes,1119.0139,1068.1024,1050.6515,1046.1298,1074.7306,1015.4928,1041.279,1046.2039,1027.581,969.7516,1012.7772,1040.9105,976.9463,964.4415,975.3882,1003.1899,1016.8577,1019.4784,1000.3916,871.1838,863.2971
North Macedonia,Farm-gate emissions,Emissions (CO2eq) from N2O (AR5),kilotonnes,475.6941,422.0778,397.0384,404.4766,448.9563,440.7329,437.5976,431.3041,411.3638,399.0851,412.6601,414.4177,384.1255,400.3179,410.8726,404.5628,434.439,421.7932,405.0527,368.56,397.7428
North Macedonia,Farm-gate emissions,Emissions (CO2eq) (AR5),kilotonnes,1740.314,1603.5805,1510.6175,1509.7295,1686.7797,1540.1326,1551.3494,1524.3786,1485.6213,1399.8112,1481.8252,1496.1642,1402.7384,1404.3229,1427.1088,1451.9844,1499.453,1486.7716,1454.334,1290.2419,1311.5381
North Macedonia,Land Use change,Emissions (CH4),kilotonnes,0,0,0,0,0,0,0,0,0,0,0,0,0,0,0,0,0,0,0,0,0
North Macedonia,Land Use change,Emissions (N2O),kilotonnes,0,0,0,0,0,0,0,0,0,0,0,0,0,0,0,0,0,0,0,0,0
North Macedonia,Land Use change,Emissions (CO2),kilotonnes,0,0,0,0,0,0,0,0,0,0,0,0,0,0,0,0,0,0,0,0,0
North Macedonia,Land Use change,Emissions (CO2eq) from CH4 (AR5),kilotonnes,0,0,0,0,0,0,0,0,0,0,0,0,0,0,0,0,0,0,0,0,0
North Macedonia,Land Use change,Emissions (CO2eq) from N2O (AR5),kilotonnes,0,0,0,0,0,0,0,0,0,0,0,0,0,0,0,0,0,0,0,0,0
North Macedonia,Land Use change,Emissions (CO2eq) (AR5),kilotonnes,0,0,0,0,0,0,0,0,0,0,0,0,0,0,0,0,0,0,0,0,0
North Macedonia,Emissions on agricultural land,Emissions (CH4),kilotonnes,39.9648,38.1465,37.5233,37.3618,38.3832,36.2676,37.1885,37.3644,36.6993,34.634,36.1706,37.1754,34.8909,34.4443,34.8353,35.8282,36.3163,36.4099,35.7283,31.1137,30.832
North Macedonia,Emissions on agricultural land,Emissions (N2O),kilotonnes,1.7951,1.5927,1.4983,1.5263,1.6942,1.6631,1.6513,1.6276,1.5523,1.506,1.5572,1.5638,1.4495,1.5106,1.5505,1.5267,1.6394,1.5917,1.5285,1.3908,1.5009
North Macedonia,Emissions on agricultural land,Emissions (CO2),kilotonnes,145.606,113.4004,62.9276,59.1232,163.0929,83.9069,72.4728,46.8706,46.6766,30.9745,56.3879,40.836,41.6666,39.5636,40.8479,44.2317,48.1563,45.5,48.8898,50.4982,50.4982
North Macedonia,Emissions on agricultural land,Emissions (CO2eq) from CH4 (AR5),kilotonnes,1119.0139,1068.1024,1050.6515,1046.1298,1074.7306,1015.4928,1041.279,1046.2039,1027.581,969.7516,1012.7772,1040.9105,976.9463,964.4415,975.3882,1003.1899,1016.8577,1019.4784,1000.3916,871.1838,863.2971
North Macedonia,Emissions on agricultural land,Emissions (CO2eq) from N2O (AR5),kilotonnes,475.6941,422.0778,397.0384,404.4766,448.9563,440.7329,437.5976,431.3041,411.3638,399.0851,412.6601,414.4177,384.1255,400.3179,410.8726,404.5628,434.439,421.7932,405.0527,368.56,397.7428
North Macedonia,Emissions on agricultural land,Emissions (CO2eq) (AR5),kilotonnes,1740.314,1603.5805,1510.6175,1509.7295,1686.7797,1540.1326,1551.3494,1524.3786,1485.6213,1399.8112,1481.8252,1496.1642,1402.7384,1404.3229,1427.1088,1451.9844,1499.453,1486.7716,1454.334,1290.2419,1311.5381
North Macedonia,Pre- and post- production,Emissions (CH4),kilotonnes,14.5667,15.2721,15.5598,15.9577,16.2492,16.5143,16.6911,16.9861,17.1814,17.3537,17.3373,17.5062,17.6066,17.6995,17.7382,17.8494,17.915,18.0096,18.0672,18.1267,18.1541
North Macedonia,Pre- and post- production,Emissions (N2O),kilotonnes,0.0696,0.0692,0.0738,0.0706,0.0739,0.0742,0.0722,0.0791,0.0777,0.0807,0.0802,0.0793,0.0791,0.081,0.0818,0.0846,0.0847,0.0854,0.0849,0.0832,0.0831
North Macedonia,Pre- and post- production,Emissions (CO2),kilotonnes,515.7454,839.5714,823.1881,819.5155,799.1438,815.5973,794.4904,899.0628,937.6204,865.7745,760.8841,916.3245,877.0455,824.1142,819.5886,856.655,872.3031,895.2085,863.2248,829.1665,689.2429
North Macedonia,Pre- and post- production,Emissions (CO2eq) from F-gases (AR5),kilotonnes,50.3915,61.301,74.808,91.432,110.134,121.0435,134.5505,148.0575,150.1355,151.1745,151.694,152.2135,152.2135,152.733,152.733,152.733,164.6815,167.7985,170.9155,174.0325,179.6987
North Macedonia,Pre- and post- production,Emissions (CO2eq) from CH4 (AR5),kilotonnes,407.8669,427.619,435.6732,446.8169,454.9773,462.4006,467.3501,475.6112,481.0798,485.9028,485.4437,490.1733,492.9835,495.5869,496.6703,499.784,501.6187,504.2702,505.8806,507.5484,508.3153
North Macedonia,Pre- and post- production,Emissions (CO2eq) from N2O (AR5),kilotonnes,18.4551,18.3393,19.5629,18.7088,19.5838,19.6648,19.1319,20.9606,20.5945,21.3947,21.2452,21.011,20.9503,21.4674,21.6723,22.4279,22.4572,22.6246,22.4923,22.0383,22.0233
North Macedonia,Pre- and post- production,Emissions (CO2eq) (AR5),kilotonnes,992.4589,1346.8307,1353.2321,1376.4733,1383.8389,1418.7063,1415.5229,1543.6922,1589.4302,1524.2466,1419.267,1579.7224,1543.1928,1493.9015,1490.6641,1531.5999,1561.0605,1589.9018,1562.5132,1532.7856,1399.2802
North Macedonia,Agri-food systems,Emissions (CH4),kilotonnes,54.5315,53.4186,53.083,53.3195,54.6324,52.7819,53.8796,54.3505,53.8807,51.9877,53.5079,54.6816,52.4975,52.1439,52.5735,53.6776,54.2313,54.4196,53.7954,49.2404,48.9862
North Macedonia,Agri-food systems,Emissions (N2O),kilotonnes,1.8647,1.662,1.5721,1.5969,1.7681,1.7373,1.7235,1.7067,1.63,1.5867,1.6374,1.6431,1.5286,1.5916,1.6322,1.6113,1.7241,1.677,1.6134,1.474,1.584
North Macedonia,Agri-food systems,Emissions (CO2),kilotonnes,661.3515,952.9717,886.1157,878.6387,962.2367,899.5042,866.9632,945.9335,984.2969,896.749,817.2719,957.1605,918.7121,863.6778,860.4365,900.8867,920.4594,940.7085,912.1146,879.6646,739.7411
North Macedonia,Agri-food systems,Emissions (CO2eq) from F-gases (AR5),kilotonnes,50.3915,61.301,74.808,91.432,110.134,121.0435,134.5505,148.0575,150.1355,151.1745,151.694,152.2135,152.2135,152.733,152.733,152.733,164.6815,167.7985,170.9155,174.0325,179.6987
North Macedonia,Agri-food systems,Emissions (CO2eq) from CH4 (AR5),kilotonnes,1526.8808,1495.7214,1486.3247,1492.9467,1529.7078,1477.8935,1508.6291,1521.8152,1508.6608,1455.6544,1498.2209,1531.0838,1469.9298,1460.0284,1472.0585,1502.9739,1518.4764,1523.7486,1506.2722,1378.7322,1371.6125
North Macedonia,Agri-food systems,Emissions (CO2eq) from N2O (AR5),kilotonnes,494.1492,440.4171,416.6013,423.1854,468.5401,460.3977,456.7295,452.2647,431.9583,420.4798,433.9053,435.4287,405.0758,421.7853,432.5449,426.9907,456.8962,444.4178,427.545,390.5983,419.7661
North Macedonia,Agri-food systems,Emissions (CO2eq) (AR5),kilotonnes,2732.7729,2950.4112,2863.8496,2886.2028,3070.6186,2958.8389,2966.8723,3068.0709,3075.0515,2924.0577,2901.0922,3075.8866,2945.9312,2898.2244,2917.7729,2983.5843,3060.5136,3076.6734,3016.8473,2823.0276,2710.8184
North Macedonia,IPCC Agriculture,Emissions (CH4),kilotonnes,39.9063,38.1177,37.5127,37.3339,38.3594,36.2544,37.1635,37.3511,36.6875,34.6277,36.1612,37.1694,34.8849,34.437,34.8276,35.817,36.2962,36.3893,35.6829,31.0608,30.7792
North Macedonia,IPCC Agriculture,Emissions (CH4),kilotonnes,29.2876,29.137,28.4381,28.86,29.47,27.84,29.04,26.37,26.43,24.49,,,32.09,30.92,31.36,,,,,,
North Macedonia,IPCC Agriculture,Direct emissions (N2O),kilotonnes,1.1378,0.9967,0.9354,0.9607,1.0832,1.0725,1.0601,1.0045,0.9754,0.9585,0.989,0.9762,0.9014,0.9547,0.9885,0.9597,1.0449,0.9922,0.9609,0.8773,0.9679
North Macedonia,IPCC Agriculture,Indirect emissions (N2O),kilotonnes,0.3975,0.3518,0.3296,0.3385,0.379,0.3718,0.3689,0.346,0.334,0.3249,0.3359,0.3313,0.3068,0.3231,0.3332,0.3264,0.3517,0.3382,0.3255,0.2958,0.3243
North Macedonia,IPCC Agriculture,Emissions (N2O),kilotonnes,1.7793,1.5821,1.4905,1.5185,1.6832,1.6601,1.6495,1.6264,1.5518,1.505,1.5561,1.5584,1.444,1.5028,1.5424,1.5181,1.6304,1.5827,1.5195,1.3816,1.4917
North Macedonia,IPCC Agriculture,Emissions (N2O),kilotonnes,2.4661,2.2626,1.5361,3.63,3.77,3.22,3.44,3.05,2.74,2.61,,,1.1,1.08,1.09,,,,,,
North Macedonia,IPCC Agriculture,Emissions (CO2eq) from CH4 (AR5),kilotonnes,1117.3762,1067.2969,1050.3566,1045.3483,1074.0624,1015.1227,1040.5785,1045.8317,1027.2489,969.5768,1012.5134,1040.7439,976.7765,964.2361,975.1722,1002.8762,1016.2927,1018.8992,999.122,869.7035,861.8168
North Macedonia,IPCC Agriculture,Emissions (CO2eq) from CH4 (AR5),kilotonnes,820.0528,815.836,796.2668,808.08,825.16,779.52,813.12,738.36,740.04,685.72,,,898.52,865.76,878.08,,,,,,
North Macedonia,IPCC Agriculture,Emissions (CO2eq) from N2O (AR5),kilotonnes,471.5189,419.2675,394.98,402.4146,446.0557,439.9141,437.1141,430.9848,411.217,398.8236,412.3695,412.9825,382.658,398.2329,408.723,402.2982,432.0522,419.4155,402.6543,366.1119,395.2948
North Macedonia,IPCC Agriculture,Emissions (CO2eq) from N2O (AR5),kilotonnes,653.5165,599.589,407.0665,961.95,999.05,853.3,911.6,808.25,726.1,691.65,,,291.5,286.2,288.85,,,,,,
North Macedonia,IPCC Agriculture,Emissions (CO2eq) (AR5),kilotonnes,1588.8951,1486.5645,1445.3365,1447.7629,1520.1181,1455.0368,1477.6926,1476.8165,1438.4659,1368.4004,1424.883,1453.7263,1359.4345,1362.4689,1383.8952,1405.1743,1448.3448,1438.3148,1401.7763,1235.8154,1257.1116
North Macedonia,IPCC Agriculture,Emissions (CO2eq) (AR5),kilotonnes,1473.5693,1415.425,1203.3333,1770.03,1824.21,1632.82,1724.72,1546.61,1466.14,1377.37,,,1190.02,1151.96,1166.93,,,,,,
North Macedonia,Agricultural Soils,Direct emissions (N2O),kilotonnes,1.1378,0.9967,0.9354,0.9607,1.0832,1.0725,1.0601,1.0045,0.9754,0.9585,0.989,0.9762,0.9014,0.9547,0.9885,0.9597,1.0449,0.9922,0.9609,0.8773,0.9679
North Macedonia,Agricultural Soils,Direct emissions (N2O),kilotonnes,,,,0.6206,,,,,0.7313,,,,0.64,0.63,0.64,,,,,,
North Macedonia,Agricultural Soils,Indirect emissions (N2O),kilotonnes,0.3975,0.3518,0.3296,0.3385,0.379,0.3718,0.3689,0.346,0.334,0.3249,0.3359,0.3313,0.3068,0.3231,0.3332,0.3264,0.3517,0.3382,0.3255,0.2958,0.3243
North Macedonia,Agricultural Soils,Indirect emissions (N2O),kilotonnes,,,,0.2271,,,,,0.2726,,,,0.23,0.23,0.23,,,,,,
North Macedonia,Agricultural Soils,Emissions (N2O),kilotonnes,1.5352,1.3485,1.265,1.2992,1.4622,1.4443,1.429,1.3505,1.3094,1.2834,1.3249,1.3074,1.2082,1.2778,1.3217,1.2861,1.3967,1.3304,1.2864,1.1731,1.2922
North Macedonia,Agricultural Soils,Emissions (N2O),kilotonnes,2.109,1.9081,1.1867,3.23,3.36,2.83,3.04,2.67,2.36,2.26,,,,,,,,,,,
North Macedonia,Agricultural Soils,Emissions (CO2eq) from N2O (AR5),kilotonnes,406.8412,357.3494,335.2301,344.2887,387.4759,382.7329,378.6838,357.8832,346.9923,340.1068,351.0991,346.4641,320.1764,338.6074,350.2545,340.8158,370.1146,352.5545,340.8945,310.8733,342.4306
North Macedonia,Agricultural Soils,Emissions (CO2eq) from N2O (AR5),kilotonnes,558.885,505.6465,314.4755,855.95,890.4,749.95,805.6,707.55,625.4,598.9,,,,,,,,,,,
North Macedonia,Agricultural Soils,Emissions (CO2eq) (AR5),kilotonnes,406.8412,357.3494,335.2301,344.2887,387.4759,382.7329,378.6838,357.8832,346.9923,340.1068,351.0991,346.4641,320.1764,338.6074,350.2545,340.8158,370.1146,352.5545,340.8945,310.8733,342.4306
North Macedonia,Agricultural Soils,Emissions (CO2eq) (AR5),kilotonnes,558.885,505.6465,314.4755,855.95,890.4,749.95,805.6,707.55,625.4,598.9,,,,,,,,,,,
North Macedonia,LULUCF,Emissions (CH4),kilotonnes,0.6668,0.005,0,0,0,0,0,0.1445,0.0448,0,0.0025,0.0449,0.0723,0.0075,0,0.0075,0,0.0174,0,0.0997,0.0125
North Macedonia,LULUCF,Emissions (CH4),kilotonnes,4.669,0.7961,0.0863,0.26,0.22,0.31,0.31,2.75,0.84,0.28,,,,,,,,,,,
North Macedonia,LULUCF,Emissions (N2O),kilotonnes,0.0369,0.0005,0,0,0,0,0,0.0132,0.0041,0,0.0002,0.0041,0.0066,0.0007,0,0.0007,0,0.0016,0,0.0091,0.0011
North Macedonia,LULUCF,Emissions (N2O),kilotonnes,0.321,0.0547,0.0059,0.01,0.01,0.01,0.01,0.04,0.02,0.01,,,,,,,,,,,
North Macedonia,LULUCF,Emissions (CO2),kilotonnes,0,0,0,0,0,0,0,0,0,0,0,0,0,0,0,0,0,0,0,0,0
North Macedonia,LULUCF,Emissions (CO2),kilotonnes,-1236.2337,-2387.4009,-2621.6145,-985.94,-996.47,-1105.15,-939.66,-298.18,-797.95,-1160.05,,,,,,,,,,,
North Macedonia,LULUCF,Emissions (CO2eq) from CH4 (AR5),kilotonnes,18.67,0.1395,0,0,0,0,0,4.0468,1.2558,0,0.0698,1.2559,2.0234,0.2093,0,0.2093,0,0.4884,0,2.7909,0.3489
North Macedonia,LULUCF,Emissions (CO2eq) from N2O (AR5),kilotonnes,9.7748,0.1206,0,0,0,0,0,3.497,1.0852,0,0.0603,1.0852,1.7485,0.1809,0,0.1809,0,0.4221,0,2.4117,0.3015
North Macedonia,LULUCF,Emissions (CO2eq) (AR5),kilotonnes,28.4448,0.2601,0,0,0,0,0,7.5438,2.341,0,0.1301,2.3411,3.7719,0.3902,0,0.3902,0,0.9105,0,5.2026,0.6503
North Macedonia,LULUCF,Emissions (CO2eq) (AR5),kilotonnes,-1236.2337,-2387.4009,-2621.6145,-985.94,-996.47,-1105.15,-939.66,-298.18,-797.95,-1160.05,,,,,,,,,,,
North Macedonia,AFOLU,Emissions (CH4),kilotonnes,40.5731,38.1227,37.5127,37.3339,38.3594,36.2544,37.1635,37.4957,36.7323,34.6277,36.1637,37.2143,34.9571,34.4445,34.8276,35.8245,36.2962,36.4067,35.6829,31.1605,30.7916
North Macedonia,AFOLU,Emissions (N2O),kilotonnes,1.8162,1.5826,1.4905,1.5185,1.6832,1.6601,1.6495,1.6396,1.5559,1.505,1.5563,1.5625,1.4506,1.5034,1.5424,1.5188,1.6304,1.5843,1.5195,1.3907,1.4928
North Macedonia,AFOLU,Emissions (CO2),kilotonnes,0,0,0,0,0,0,0,0,0,0,0,0,0,0,0,0,0,0,0,0,0
North Macedonia,AFOLU,Emissions (CO2eq) from CH4 (AR5),kilotonnes,1136.0463,1067.4365,1050.3566,1045.3483,1074.0624,1015.1227,1040.5785,1049.8785,1028.5047,969.5768,1012.5832,1041.9998,978.7999,964.4454,975.1722,1003.0855,1016.2927,1019.3877,999.122,872.4944,862.1656
North Macedonia,AFOLU,Emissions (CO2eq) from N2O (AR5),kilotonnes,481.2937,419.3881,394.98,402.4146,446.0557,439.9141,437.1141,434.4818,412.3022,398.8236,412.4298,414.0677,384.4065,398.4138,408.723,402.4791,432.0522,419.8376,402.6543,368.5236,395.5962
North Macedonia,AFOLU,Emissions (CO2eq) (AR5),kilotonnes,1617.3399,1486.8246,1445.3365,1447.7629,1520.1181,1455.0368,1477.6926,1484.3603,1440.8068,1368.4004,1425.013,1456.0674,1363.2064,1362.8591,1383.8952,1405.5645,1448.3448,1439.2253,1401.7763,1241.018,1257.7619
North Macedonia,All sectors with LULUCF,Emissions (CH4),kilotonnes,69.9301,67.6907,66.7881,67.4115,68.0492,66.4754,67.5845,67.6877,67.6273,64.9952,69.0077,71.3163,68.2131,66.5185,66.8966,67.2715,66.6782,67.7807,66.7113,63.3305,63.0306
North Macedonia,All sectors with LULUCF,Emissions (N2O),kilotonnes,2.269,2.0127,1.9079,1.9566,2.1145,2.0872,2.0805,2.0893,2.0007,1.9338,1.9861,2.0243,1.9064,1.9443,1.9783,1.9517,2.0623,2.0312,1.9495,1.8307,1.9338
North Macedonia,All sectors with LULUCF,Emissions (CO2),kilotonnes,12303.1,12257.3,11164.5,11527.3,11446.6,11600.9,11317.9,10068.5,9979,8874.1,9037.1,9909.1,9297.2,8381.2,8066.2,7527.3,7346.4,7905.5,7436.6,8506.6,7122.7
North Macedonia,All sectors with LULUCF,Emissions (CO2eq) from F-gases (AR5),kilotonnes,56.7505,62.6782,74.7279,90.276,110.78,133.1304,145.7632,161.3113,177.8311,192.4074,206.9837,144.7914,82.3076,140.9044,156.4525,182.6899,188.5204,195.3227,202.125,208.9272,215.7295
North Macedonia,All sectors with LULUCF,Emissions (CO2eq) from CH4 (AR5),kilotonnes,1958.0423,1895.3405,1870.0678,1887.5211,1905.3768,1861.3107,1892.3665,1895.2545,1893.5647,1819.8668,1932.2152,1996.8558,1909.9679,1862.5174,1873.1042,1883.6015,1866.9887,1897.8597,1867.9172,1773.2544,1764.8576
North Macedonia,All sectors with LULUCF,Emissions (CO2eq) from N2O (AR5),kilotonnes,601.2857,533.3646,505.591,518.5111,560.3502,553.0956,551.3291,553.6523,530.1742,512.4556,526.3268,536.4447,505.1935,515.2523,524.2365,517.1976,546.5057,538.2661,516.6043,485.1236,512.4612
North Macedonia,All sectors with LULUCF,Emissions (CO2eq) (AR5),kilotonnes,14919.1784,14748.6833,13614.8867,14023.6082,14023.107,14148.4367,13907.3588,12678.7181,12580.5699,11398.8298,11702.6257,12587.1919,11794.669,10899.8741,10619.9932,10110.7889,9948.4147,10536.9485,10023.2465,10973.9052,9615.7484
North Macedonia,All sectors without LULUCF,Emissions (CH4),kilotonnes,69.2633,67.6857,66.7881,67.4115,68.0492,66.4754,67.5845,67.5431,67.5825,64.9952,69.0052,71.2714,68.1409,66.511,66.8966,67.264,66.6782,67.7633,66.7113,63.2308,63.0182
North Macedonia,All sectors without LULUCF,Emissions (N2O),kilotonnes,2.2321,2.0122,1.9079,1.9566,2.1145,2.0872,2.0805,2.0761,1.9966,1.9338,1.9859,2.0202,1.8998,1.9437,1.9783,1.951,2.0623,2.0296,1.9495,1.8216,1.9327
North Macedonia,All sectors without LULUCF,Emissions (CO2),kilotonnes,12303.1,12257.3,11164.5,11527.3,11446.6,11600.9,11317.9,10068.5,9979,8874.1,9037.1,9909.1,9297.2,8381.2,8066.2,7527.3,7346.4,7905.5,7436.6,8506.6,7122.7
North Macedonia,All sectors without LULUCF,Emissions (CO2eq) from F-gases (AR5),kilotonnes,56.7505,62.6782,74.7279,90.276,110.78,133.1304,145.7632,161.3113,177.8311,192.4074,206.9837,144.7914,82.3076,140.9044,156.4525,182.6899,188.5204,195.3227,202.125,208.9272,215.7295
North Macedonia,All sectors without LULUCF,Emissions (CO2eq) from CH4 (AR5),kilotonnes,1939.3722,1895.2009,1870.0678,1887.5211,1905.3768,1861.3107,1892.3665,1891.2077,1892.3089,1819.8668,1932.1454,1995.5999,1907.9445,1862.3081,1873.1042,1883.3922,1866.9887,1897.3712,1867.9172,1770.4635,1764.5088
North Macedonia,All sectors without LULUCF,Emissions (CO2eq) from N2O (AR5),kilotonnes,591.5109,533.244,505.591,518.5111,560.3502,553.0956,551.3291,550.1553,529.089,512.4556,526.2665,535.3595,503.445,515.0714,524.2365,517.0167,546.5057,537.844,516.6043,482.7119,512.1598
North Macedonia,All sectors without LULUCF,Emissions (CO2eq) (AR5),kilotonnes,14890.7336,14748.4231,13614.8867,14023.6082,14023.107,14148.4367,13907.3588,12671.1743,12578.229,11398.8298,11702.4957,12584.8508,11790.8971,10899.4839,10619.9932,10110.3987,9948.4147,10536.038,10023.2465,10968.7026,9615.0981
Northern Mariana Islands,Drained organic soils,Emissions (CO2eq) (AR5),kilotonnes,0,0,0,0,0,0,0,0,0,0,0,0,0,0,0,0,0,0,0,0,0
Northern Mariana Islands,Drained organic soils (CO2),Emissions (CO2),kilotonnes,0,0,0,0,0,0,0,0,0,0,0,0,0,0,0,0,0,0,0,0,0
Northern Mariana Islands,Drained organic soils (CO2),Emissions (CO2eq) (AR5),kilotonnes,0,0,0,0,0,0,0,0,0,0,0,0,0,0,0,0,0,0,0,0,0
Northern Mariana Islands,Drained organic soils (N2O),Emissions (N2O),kilotonnes,0,0,0,0,0,0,0,0,0,0,0,0,0,0,0,0,0,0,0,0,0
Northern Mariana Islands,Drained organic soils (N2O),Emissions (CO2eq) from N2O (AR5),kilotonnes,0,0,0,0,0,0,0,0,0,0,0,0,0,0,0,0,0,0,0,0,0
Northern Mariana Islands,Drained organic soils (N2O),Emissions (CO2eq) (AR5),kilotonnes,0,0,0,0,0,0,0,0,0,0,0,0,0,0,0,0,0,0,0,0,0
Northern Mariana Islands,Forestland,Emissions (CO2),kilotonnes,-3.6046,-2.8753,-2.8753,-2.8753,-2.8753,-2.8753,-2.8753,-2.8753,-2.8753,-2.8753,-2.8753,35.3907,35.3907,35.3907,35.3907,35.3907,60.9307,60.9307,60.9307,60.9307,60.9307
Northern Mariana Islands,Forestland,Emissions (CO2eq) (AR5),kilotonnes,-3.6046,-2.8753,-2.8753,-2.8753,-2.8753,-2.8753,-2.8753,-2.8753,-2.8753,-2.8753,-2.8753,35.3907,35.3907,35.3907,35.3907,35.3907,60.9307,60.9307,60.9307,60.9307,60.9307
Northern Mariana Islands,Net Forest conversion,Emissions (CO2),kilotonnes,146.9274,146.2219,146.2219,146.2219,146.2219,146.2219,146.2219,146.2219,146.2219,146.2219,146.2219,148.1625,148.1625,148.1625,148.1625,148.1625,909.5948,909.5948,909.5948,909.5948,909.5948
Northern Mariana Islands,Net Forest conversion,Emissions (CO2eq) (AR5),kilotonnes,146.9274,146.2219,146.2219,146.2219,146.2219,146.2219,146.2219,146.2219,146.2219,146.2219,146.2219,148.1625,148.1625,148.1625,148.1625,148.1625,909.5948,909.5948,909.5948,909.5948,909.5948
Northern Mariana Islands,Savanna fires,Emissions (CH4),kilotonnes,0,0,0,0,0,0,0,0,0,0,0,0,0,0,0,0,0,0,0,0,0
Northern Mariana Islands,Savanna fires,Emissions (N2O),kilotonnes,0,0,0,0,0,0,0,0,0,0,0,0,0,0,0,0,0,0,0,0,0
Northern Mariana Islands,Savanna fires,Emissions (CO2eq) from CH4 (AR5),kilotonnes,0,0,0,0,0,0,0,0,0,0,0,0,0,0,0,0,0,0,0,0,0
Northern Mariana Islands,Savanna fires,Emissions (CO2eq) from N2O (AR5),kilotonnes,0,0,0,0,0,0,0,0,0,0,0,0,0,0,0,0,0,0,0,0,0
Northern Mariana Islands,Savanna fires,Emissions (CO2eq) (AR5),kilotonnes,0,0,0,0,0,0,0,0,0,0,0,0,0,0,0,0,0,0,0,0,0
Northern Mariana Islands,Fires in organic soils,Emissions (CH4),kilotonnes,0,0,0,0,0,0,0,0,0,0,0,0,0,0,0,0,0,0,0,0,0
Northern Mariana Islands,Fires in organic soils,Emissions (CO2),kilotonnes,0,0,0,0,0,0,0,0,0,0,0,0,0,0,0,0,0,0,0,0,0
Northern Mariana Islands,Fires in organic soils,Emissions (CO2eq) from CH4 (AR5),kilotonnes,0,0,0,0,0,0,0,0,0,0,0,0,0,0,0,0,0,0,0,0,0
Northern Mariana Islands,Fires in organic soils,Emissions (CO2eq) (AR5),kilotonnes,0,0,0,0,0,0,0,0,0,0,0,0,0,0,0,0,0,0,0,0,0
Northern Mariana Islands,Forest fires,Emissions (CH4),kilotonnes,0,0,0,0,0,0,0,0,0,0,0,0,0,0,0,0,0,0,0,0,0
Northern Mariana Islands,Forest fires,Emissions (N2O),kilotonnes,0,0,0,0,0,0,0,0,0,0,0,0,0,0,0,0,0,0,0,0,0
Northern Mariana Islands,Forest fires,Emissions (CO2eq) from CH4 (AR5),kilotonnes,0,0,0,0,0,0,0,0,0,0,0,0,0,0,0,0,0,0,0,0,0
Northern Mariana Islands,Forest fires,Emissions (CO2eq) from N2O (AR5),kilotonnes,0,0,0,0,0,0,0,0,0,0,0,0,0,0,0,0,0,0,0,0,0
Northern Mariana Islands,Forest fires,Emissions (CO2eq) (AR5),kilotonnes,0,0,0,0,0,0,0,0,0,0,0,0,0,0,0,0,0,0,0,0,0
Northern Mariana Islands,Fires in humid tropical forests,Emissions (CH4),kilotonnes,0,0,0,0,0,0,0,0,0,0,0,0,0,0,0,0,0,0,0,0,0
Northern Mariana Islands,Fires in humid tropical forests,Emissions (N2O),kilotonnes,0,0,0,0,0,0,0,0,0,0,0,0,0,0,0,0,0,0,0,0,0
Northern Mariana Islands,Fires in humid tropical forests,Emissions (CO2eq) from CH4 (AR5),kilotonnes,0,0,0,0,0,0,0,0,0,0,0,0,0,0,0,0,0,0,0,0,0
Northern Mariana Islands,Fires in humid tropical forests,Emissions (CO2eq) from N2O (AR5),kilotonnes,0,0,0,0,0,0,0,0,0,0,0,0,0,0,0,0,0,0,0,0,0
Northern Mariana Islands,Fires in humid tropical forests,Emissions (CO2eq) (AR5),kilotonnes,0,0,0,0,0,0,0,0,0,0,0,0,0,0,0,0,0,0,0,0,0
Northern Mariana Islands,Waste - agri-food systems,Emissions (CH4),kilotonnes,0.0734,0.0745,0.0746,0.074,0.0731,0.0722,0.0714,0.0705,0.0698,0.0692,0.0689,0.069,0.0694,0.07,0.0706,0.0713,0.0718,0.0722,0.0727,0.0731,0.0735
Northern Mariana Islands,Waste - agri-food systems,Emissions (N2O),kilotonnes,0,0,0,0,0,0,0,0,0,0,0,0,0,0,0,0,0,0,0,0,0
Northern Mariana Islands,Waste - agri-food systems,Emissions (CO2),kilotonnes,0,0,0,0,0,0,0,0,0,0,0,0,0,0,0,0,0,0,0,0,0
Northern Mariana Islands,Waste - agri-food systems,Emissions (CO2eq) from CH4 (AR5),kilotonnes,2.055,2.086,2.0893,2.0729,2.0474,2.0226,1.9989,1.9749,1.9537,1.9384,1.9304,1.9319,1.9424,1.9596,1.978,1.9951,2.0097,2.0228,2.0348,2.0464,2.0587
Northern Mariana Islands,Waste - agri-food systems,Emissions (CO2eq) from N2O (AR5),kilotonnes,0,0,0,0,0,0,0,0,0,0,0,0,0,0,0,0,0,0,0,0,0
Northern Mariana Islands,Waste - agri-food systems,Emissions (CO2eq) (AR5),kilotonnes,2.055,2.086,2.0893,2.0729,2.0474,2.0226,1.9989,1.9749,1.9537,1.9384,1.9304,1.9319,1.9424,1.9596,1.978,1.9951,2.0097,2.0228,2.0348,2.0464,2.0587
Northern Mariana Islands,Farm-gate emissions,Emissions (CH4),kilotonnes,0,0,0,0,0,0,0,0,0,0,0,0,0,0,0,0,0,0,0,0,0
Northern Mariana Islands,Farm-gate emissions,Emissions (N2O),kilotonnes,0,0,0,0,0,0,0,0,0,0,0,0,0,0,0,0,0,0,0,0,0
Northern Mariana Islands,Farm-gate emissions,Emissions (CO2),kilotonnes,0,0,0,0,0,0,0,0,0,0,0,0,0,0,0,0,0,0,0,0,0
Northern Mariana Islands,Farm-gate emissions,Emissions (CO2eq) from CH4 (AR5),kilotonnes,0,0,0,0,0,0,0,0,0,0,0,0,0,0,0,0,0,0,0,0,0
Northern Mariana Islands,Farm-gate emissions,Emissions (CO2eq) from N2O (AR5),kilotonnes,0,0,0,0,0,0,0,0,0,0,0,0,0,0,0,0,0,0,0,0,0
Northern Mariana Islands,Farm-gate emissions,Emissions (CO2eq) (AR5),kilotonnes,0,0,0,0,0,0,0,0,0,0,0,0,0,0,0,0,0,0,0,0,0
Northern Mariana Islands,Land Use change,Emissions (CH4),kilotonnes,0,0,0,0,0,0,0,0,0,0,0,0,0,0,0,0,0,0,0,0,0
Northern Mariana Islands,Land Use change,Emissions (N2O),kilotonnes,0,0,0,0,0,0,0,0,0,0,0,0,0,0,0,0,0,0,0,0,0
Northern Mariana Islands,Land Use change,Emissions (CO2),kilotonnes,146.9274,146.2219,146.2219,146.2219,146.2219,146.2219,146.2219,146.2219,146.2219,146.2219,146.2219,148.1625,148.1625,148.1625,148.1625,148.1625,909.5948,909.5948,909.5948,909.5948,909.5948
Northern Mariana Islands,Land Use change,Emissions (CO2eq) from CH4 (AR5),kilotonnes,0,0,0,0,0,0,0,0,0,0,0,0,0,0,0,0,0,0,0,0,0
Northern Mariana Islands,Land Use change,Emissions (CO2eq) from N2O (AR5),kilotonnes,0,0,0,0,0,0,0,0,0,0,0,0,0,0,0,0,0,0,0,0,0
Northern Mariana Islands,Land Use change,Emissions (CO2eq) (AR5),kilotonnes,146.9274,146.2219,146.2219,146.2219,146.2219,146.2219,146.2219,146.2219,146.2219,146.2219,146.2219,148.1625,148.1625,148.1625,148.1625,148.1625,909.5948,909.5948,909.5948,909.5948,909.5948
Northern Mariana Islands,Emissions on agricultural land,Emissions (CH4),kilotonnes,0,0,0,0,0,0,0,0,0,0,0,0,0,0,0,0,0,0,0,0,0
Northern Mariana Islands,Emissions on agricultural land,Emissions (N2O),kilotonnes,0,0,0,0,0,0,0,0,0,0,0,0,0,0,0,0,0,0,0,0,0
Northern Mariana Islands,Emissions on agricultural land,Emissions (CO2),kilotonnes,146.9274,146.2219,146.2219,146.2219,146.2219,146.2219,146.2219,146.2219,146.2219,146.2219,146.2219,148.1625,148.1625,148.1625,148.1625,148.1625,909.5948,909.5948,909.5948,909.5948,909.5948
Northern Mariana Islands,Emissions on agricultural land,Emissions (CO2eq) from CH4 (AR5),kilotonnes,0,0,0,0,0,0,0,0,0,0,0,0,0,0,0,0,0,0,0,0,0
Northern Mariana Islands,Emissions on agricultural land,Emissions (CO2eq) from N2O (AR5),kilotonnes,0,0,0,0,0,0,0,0,0,0,0,0,0,0,0,0,0,0,0,0,0
Northern Mariana Islands,Emissions on agricultural land,Emissions (CO2eq) (AR5),kilotonnes,146.9274,146.2219,146.2219,146.2219,146.2219,146.2219,146.2219,146.2219,146.2219,146.2219,146.2219,148.1625,148.1625,148.1625,148.1625,148.1625,909.5948,909.5948,909.5948,909.5948,909.5948
Northern Mariana Islands,Pre- and post- production,Emissions (CH4),kilotonnes,0.0734,0.0745,0.0746,0.074,0.0731,0.0722,0.0714,0.0705,0.0698,0.0692,0.0689,0.069,0.0694,0.07,0.0706,0.0713,0.0718,0.0722,0.0727,0.0731,0.0735
Northern Mariana Islands,Pre- and post- production,Emissions (N2O),kilotonnes,0,0,0,0,0,0,0,0,0,0,0,0,0,0,0,0,0,0,0,0,0
Northern Mariana Islands,Pre- and post- production,Emissions (CO2),kilotonnes,0,0,0,0,0,0,0,0,0,0,0,0,0,0,0,0,0,0,0,0,0
Northern Mariana Islands,Pre- and post- production,Emissions (CO2eq) from CH4 (AR5),kilotonnes,2.055,2.086,2.0893,2.0729,2.0474,2.0226,1.9989,1.9749,1.9537,1.9384,1.9304,1.9319,1.9424,1.9596,1.978,1.9951,2.0097,2.0228,2.0348,2.0464,2.0587
Northern Mariana Islands,Pre- and post- production,Emissions (CO2eq) from N2O (AR5),kilotonnes,0,0,0,0,0,0,0,0,0,0,0,0,0,0,0,0,0,0,0,0,0
Northern Mariana Islands,Pre- and post- production,Emissions (CO2eq) (AR5),kilotonnes,2.055,2.086,2.0893,2.0729,2.0474,2.0226,1.9989,1.9749,1.9537,1.9384,1.9304,1.9319,1.9424,1.9596,1.978,1.9951,2.0097,2.0228,2.0348,2.0464,2.0587
Northern Mariana Islands,Agri-food systems,Emissions (CH4),kilotonnes,0.0734,0.0745,0.0746,0.074,0.0731,0.0722,0.0714,0.0705,0.0698,0.0692,0.0689,0.069,0.0694,0.07,0.0706,0.0713,0.0718,0.0722,0.0727,0.0731,0.0735
Northern Mariana Islands,Agri-food systems,Emissions (N2O),kilotonnes,0,0,0,0,0,0,0,0,0,0,0,0,0,0,0,0,0,0,0,0,0
Northern Mariana Islands,Agri-food systems,Emissions (CO2),kilotonnes,146.9274,146.2219,146.2219,146.2219,146.2219,146.2219,146.2219,146.2219,146.2219,146.2219,146.2219,148.1625,148.1625,148.1625,148.1625,148.1625,909.5948,909.5948,909.5948,909.5948,909.5948
Northern Mariana Islands,Agri-food systems,Emissions (CO2eq) from CH4 (AR5),kilotonnes,2.055,2.086,2.0893,2.0729,2.0474,2.0226,1.9989,1.9749,1.9537,1.9384,1.9304,1.9319,1.9424,1.9596,1.978,1.9951,2.0097,2.0228,2.0348,2.0464,2.0587
Northern Mariana Islands,Agri-food systems,Emissions (CO2eq) from N2O (AR5),kilotonnes,0,0,0,0,0,0,0,0,0,0,0,0,0,0,0,0,0,0,0,0,0
Northern Mariana Islands,Agri-food systems,Emissions (CO2eq) (AR5),kilotonnes,148.9824,148.3078,148.3112,148.2948,148.2692,148.2445,148.2208,148.1968,148.1756,148.1603,148.1523,150.0944,150.1049,150.1221,150.1405,150.1576,911.6045,911.6176,911.6297,911.6412,911.6535
Northern Mariana Islands,IPCC Agriculture,Emissions (CH4),kilotonnes,0,0,0,0,0,0,0,0,0,0,0,0,0,0,0,0,0,0,0,0,0
Northern Mariana Islands,IPCC Agriculture,Emissions (N2O),kilotonnes,0,0,0,0,0,0,0,0,0,0,0,0,0,0,0,0,0,0,0,0,0
Northern Mariana Islands,IPCC Agriculture,Emissions (CO2eq) from CH4 (AR5),kilotonnes,0,0,0,0,0,0,0,0,0,0,0,0,0,0,0,0,0,0,0,0,0
Northern Mariana Islands,IPCC Agriculture,Emissions (CO2eq) from N2O (AR5),kilotonnes,0,0,0,0,0,0,0,0,0,0,0,0,0,0,0,0,0,0,0,0,0
Northern Mariana Islands,IPCC Agriculture,Emissions (CO2eq) (AR5),kilotonnes,0,0,0,0,0,0,0,0,0,0,0,0,0,0,0,0,0,0,0,0,0
Northern Mariana Islands,Agricultural Soils,Emissions (N2O),kilotonnes,0,0,0,0,0,0,0,0,0,0,0,0,0,0,0,0,0,0,0,0,0
Northern Mariana Islands,Agricultural Soils,Emissions (CO2eq) from N2O (AR5),kilotonnes,0,0,0,0,0,0,0,0,0,0,0,0,0,0,0,0,0,0,0,0,0
Northern Mariana Islands,Agricultural Soils,Emissions (CO2eq) (AR5),kilotonnes,0,0,0,0,0,0,0,0,0,0,0,0,0,0,0,0,0,0,0,0,0
Northern Mariana Islands,LULUCF,Emissions (CH4),kilotonnes,0,0,0,0,0,0,0,0,0,0,0,0,0,0,0,0,0,0,0,0,0
Northern Mariana Islands,LULUCF,Emissions (N2O),kilotonnes,0,0,0,0,0,0,0,0,0,0,0,0,0,0,0,0,0,0,0,0,0
Northern Mariana Islands,LULUCF,Emissions (CO2),kilotonnes,143.3228,143.3466,143.3466,143.3466,143.3466,143.3466,143.3466,143.3466,143.3466,143.3466,143.3466,183.5532,183.5532,183.5532,183.5532,183.5532,970.5256,970.5256,970.5256,970.5256,970.5256
Northern Mariana Islands,LULUCF,Emissions (CO2eq) from CH4 (AR5),kilotonnes,0,0,0,0,0,0,0,0,0,0,0,0,0,0,0,0,0,0,0,0,0
Northern Mariana Islands,LULUCF,Emissions (CO2eq) from N2O (AR5),kilotonnes,0,0,0,0,0,0,0,0,0,0,0,0,0,0,0,0,0,0,0,0,0
Northern Mariana Islands,LULUCF,Emissions (CO2eq) (AR5),kilotonnes,143.3228,143.3466,143.3466,143.3466,143.3466,143.3466,143.3466,143.3466,143.3466,143.3466,143.3466,183.5532,183.5532,183.5532,183.5532,183.5532,970.5256,970.5256,970.5256,970.5256,970.5256
Northern Mariana Islands,AFOLU,Emissions (CH4),kilotonnes,0,0,0,0,0,0,0,0,0,0,0,0,0,0,0,0,0,0,0,0,0
Northern Mariana Islands,AFOLU,Emissions (N2O),kilotonnes,0,0,0,0,0,0,0,0,0,0,0,0,0,0,0,0,0,0,0,0,0
Northern Mariana Islands,AFOLU,Emissions (CO2),kilotonnes,143.3228,143.3466,143.3466,143.3466,143.3466,143.3466,143.3466,143.3466,143.3466,143.3466,143.3466,183.5532,183.5532,183.5532,183.5532,183.5532,970.5256,970.5256,970.5256,970.5256,970.5256
Northern Mariana Islands,AFOLU,Emissions (CO2eq) from CH4 (AR5),kilotonnes,0,0,0,0,0,0,0,0,0,0,0,0,0,0,0,0,0,0,0,0,0
Northern Mariana Islands,AFOLU,Emissions (CO2eq) from N2O (AR5),kilotonnes,0,0,0,0,0,0,0,0,0,0,0,0,0,0,0,0,0,0,0,0,0
Northern Mariana Islands,AFOLU,Emissions (CO2eq) (AR5),kilotonnes,143.3228,143.3466,143.3466,143.3466,143.3466,143.3466,143.3466,143.3466,143.3466,143.3466,143.3466,183.5532,183.5532,183.5532,183.5532,183.5532,970.5256,970.5256,970.5256,970.5256,970.5256
Northern Mariana Islands,All sectors with LULUCF,Emissions (CH4),kilotonnes,0,0,0,0,0,0,0,0,0,0,0,0,0,0,0,0,0,0,0,0,0
Northern Mariana Islands,All sectors with LULUCF,Emissions (N2O),kilotonnes,0,0,0,0,0,0,0,0,0,0,0,0,0,0,0,0,0,0,0,0,0
Northern Mariana Islands,All sectors with LULUCF,Emissions (CO2),kilotonnes,143.3228,143.3466,143.3466,143.3466,143.3466,143.3466,143.3466,143.3466,143.3466,143.3466,143.3466,183.5532,183.5532,183.5532,183.5532,183.5532,970.5256,970.5256,970.5256,970.5256,970.5256
Northern Mariana Islands,All sectors with LULUCF,Emissions (CO2eq) from CH4 (AR5),kilotonnes,0,0,0,0,0,0,0,0,0,0,0,0,0,0,0,0,0,0,0,0,0
Northern Mariana Islands,All sectors with LULUCF,Emissions (CO2eq) from N2O (AR5),kilotonnes,0,0,0,0,0,0,0,0,0,0,0,0,0,0,0,0,0,0,0,0,0
Northern Mariana Islands,All sectors with LULUCF,Emissions (CO2eq) (AR5),kilotonnes,143.3228,143.3466,143.3466,143.3466,143.3466,143.3466,143.3466,143.3466,143.3466,143.3466,143.3466,183.5532,183.5532,183.5532,183.5532,183.5532,970.5256,970.5256,970.5256,970.5256,970.5256
Northern Mariana Islands,All sectors without LULUCF,Emissions (CH4),kilotonnes,0,0,0,0,0,0,0,0,0,0,0,0,0,0,0,0,0,0,0,0,0
Northern Mariana Islands,All sectors without LULUCF,Emissions (N2O),kilotonnes,0,0,0,0,0,0,0,0,0,0,0,0,0,0,0,0,0,0,0,0,0
Northern Mariana Islands,All sectors without LULUCF,Emissions (CO2eq) from CH4 (AR5),kilotonnes,0,0,0,0,0,0,0,0,0,0,0,0,0,0,0,0,0,0,0,0,0
Northern Mariana Islands,All sectors without LULUCF,Emissions (CO2eq) from N2O (AR5),kilotonnes,0,0,0,0,0,0,0,0,0,0,0,0,0,0,0,0,0,0,0,0,0
Northern Mariana Islands,All sectors without LULUCF,Emissions (CO2eq) (AR5),kilotonnes,0,0,0,0,0,0,0,0,0,0,0,0,0,0,0,0,0,0,0,0,0
Norway,Crop Residues,Direct emissions (N2O),kilotonnes,0.248,0.2365,0.225,0.2478,0.2736,0.2504,0.2298,0.2334,0.264,0.2068,0.2314,0.2025,0.212,0.1909,0.2366,0.2561,0.2478,0.2473,0.1543,0.2515,0.236
Norway,Crop Residues,Direct emissions (N2O),kilotonnes,0.2933,0.2806,0.2394,0.2308,0.2425,0.2124,0.199,0.1955,0.2084,0.1892,0.1933,0.1723,0.1957,0.2028,0.2412,0.2575,0.248,0.2406,0.1594,0.2547,0.2453
Norway,Crop Residues,Indirect emissions (N2O),kilotonnes,0.0558,0.0532,0.0506,0.0558,0.0616,0.0563,0.0517,0.0525,0.0594,0.0465,0.0521,0.0456,0.0477,0.043,0.0532,0.0576,0.0558,0.0556,0.0347,0.0566,0.0531
Norway,Crop Residues,Emissions (N2O),kilotonnes,0.3038,0.2897,0.2756,0.3036,0.3351,0.3067,0.2815,0.2859,0.3234,0.2533,0.2835,0.2481,0.2597,0.2339,0.2898,0.3137,0.3036,0.303,0.189,0.3081,0.2891
Norway,Crop Residues,Emissions (N2O),kilotonnes,0.2933,0.2806,0.2394,0.2308,0.2425,0.2124,0.199,0.1955,0.2084,0.1892,0.1933,0.1723,0.1957,0.2028,0.2412,0.2575,0.248,0.2406,0.1594,0.2547,0.2453
Norway,Crop Residues,Emissions (CO2eq) from N2O (AR5),kilotonnes,80.4985,76.7725,73.0467,80.4432,88.8143,81.2799,74.5982,75.7732,85.688,67.1285,75.1198,65.7422,68.83,61.9704,76.7936,83.1231,80.4499,80.2896,50.0787,81.6493,76.6109
Norway,Crop Residues,Emissions (CO2eq) from N2O (AR5),kilotonnes,77.7261,74.3492,63.4393,61.1626,64.2743,56.2952,52.7479,51.8177,55.2272,50.1475,51.2213,45.6716,51.8625,53.7346,63.9242,68.2254,65.7168,63.7542,42.2525,67.4833,64.9977
Norway,Crop Residues,Emissions (CO2eq) (AR5),kilotonnes,80.4985,76.7725,73.0467,80.4432,88.8143,81.2799,74.5982,75.7732,85.688,67.1285,75.1198,65.7422,68.83,61.9704,76.7936,83.1231,80.4499,80.2896,50.0787,81.6493,76.6109
Norway,Crop Residues,Emissions (CO2eq) (AR5),kilotonnes,77.7261,74.3492,63.4393,61.1626,64.2743,56.2952,52.7479,51.8177,55.2272,50.1475,51.2213,45.6716,51.8625,53.7346,63.9242,68.2254,65.7168,63.7542,42.2525,67.4833,64.9977
Norway,Burning - Crop residues,Emissions (CH4),kilotonnes,0.0735,0.0687,0.0689,0.0818,0.0922,0.0873,0.0926,0.0985,0.1006,0.0881,0.0778,0.0798,0.0723,0.0592,0.0855,0.0926,0.0721,0.0818,0.0633,0.0864,0.0864
Norway,Burning - Crop residues,Emissions (CH4),kilotonnes,0.4506,0.3553,0.2662,0.2235,0.2508,0.2104,0.1758,0.1669,0.1763,0.1217,0.1256,0.095,0.1006,0.0892,0.1142,0.1256,0.1227,0.121,0.0689,0.1204,0.1151
Norway,Burning - Crop residues,Emissions (N2O),kilotonnes,0.0019,0.0018,0.0018,0.0021,0.0024,0.0023,0.0024,0.0026,0.0026,0.0023,0.002,0.0021,0.0019,0.0015,0.0022,0.0024,0.0019,0.0021,0.0016,0.0022,0.0022
Norway,Burning - Crop residues,Emissions (N2O),kilotonnes,0.0117,0.0092,0.0069,0.0058,0.0065,0.0055,0.0046,0.0043,0.0046,0.0032,0.0033,0.0025,0.0026,0.0023,0.003,0.0033,0.0032,0.0031,0.0018,0.0031,0.003
Norway,Burning - Crop residues,Emissions (CO2eq) from CH4 (AR5),kilotonnes,2.0591,1.9233,1.929,2.2909,2.5807,2.4439,2.593,2.7583,2.8175,2.4676,2.1798,2.2344,2.0255,1.6583,2.3941,2.5933,2.0191,2.2908,1.7737,2.4187,2.4192
Norway,Burning - Crop residues,Emissions (CO2eq) from CH4 (AR5),kilotonnes,12.6172,9.9473,7.454,6.2588,7.0216,5.8911,4.9234,4.6734,4.9363,3.4074,3.5164,2.6598,2.8172,2.4965,3.198,3.5171,3.4351,3.3866,1.928,3.3709,3.2233
Norway,Burning - Crop residues,Emissions (CO2eq) from N2O (AR5),kilotonnes,0.5053,0.4719,0.4733,0.5621,0.6332,0.5997,0.6363,0.6768,0.6913,0.6055,0.5348,0.5483,0.497,0.4069,0.5874,0.6363,0.4954,0.5621,0.4352,0.5935,0.5936
Norway,Burning - Crop residues,Emissions (CO2eq) from N2O (AR5),kilotonnes,3.0959,2.4408,1.829,1.5357,1.7229,1.4455,1.2081,1.1467,1.2112,0.8361,0.8628,0.6526,0.6913,0.6126,0.7847,0.863,0.8429,0.831,0.4731,0.8271,0.7909
Norway,Burning - Crop residues,Emissions (CO2eq) (AR5),kilotonnes,2.5644,2.3952,2.4023,2.853,3.2139,3.0436,3.2293,3.4352,3.5088,3.0731,2.7146,2.7827,2.5225,2.0652,2.9815,3.2296,2.5145,2.8529,2.2089,3.0122,3.0128
Norway,Burning - Crop residues,Emissions (CO2eq) (AR5),kilotonnes,15.7131,12.388,9.283,7.7945,8.7445,7.3366,6.1315,5.8201,6.1476,4.2435,4.3793,3.3125,3.5085,3.109,3.9827,4.38,4.278,4.2176,2.4011,4.198,4.0142
Norway,Enteric Fermentation,Emissions (CH4),kilotonnes,94.9865,94.7553,93.237,93.1426,91.9368,90.6582,89.2116,87.1631,85.9061,85.0009,84.8948,83.9338,83.2291,82.8009,81.9029,83.4158,85.0747,85.1642,84.8112,83.5009,82.6191
Norway,Enteric Fermentation,Emissions (CH4),kilotonnes,93.5673,92.852,92.5323,93.9172,92.6587,92.9331,90.8088,89.9654,89.9632,91.2455,90.4627,88.0799,88.2938,89.1905,89.8762,91.3192,93.239,92.9587,92.2896,89.709,89.3079
Norway,Enteric Fermentation,Emissions (CO2eq) from CH4 (AR5),kilotonnes,2659.6228,2653.147,2610.6363,2607.9932,2574.2314,2538.4303,2497.9252,2440.5659,2405.3709,2380.0251,2377.0549,2350.1465,2330.4134,2318.4259,2293.2818,2335.6422,2382.0925,2384.5967,2374.7148,2338.0262,2313.3338
Norway,Enteric Fermentation,Emissions (CO2eq) from CH4 (AR5),kilotonnes,2619.8837,2599.8554,2590.9043,2629.6807,2594.4433,2602.1272,2542.6464,2519.0321,2518.9702,2554.8745,2532.9548,2466.2359,2472.2256,2497.3333,2516.5326,2556.9373,2610.6921,2602.8441,2584.1098,2511.8506,2500.6212
Norway,Enteric Fermentation,Emissions (CO2eq) (AR5),kilotonnes,2659.6228,2653.147,2610.6363,2607.9932,2574.2314,2538.4303,2497.9252,2440.5659,2405.3709,2380.0251,2377.0549,2350.1465,2330.4134,2318.4259,2293.2818,2335.6422,2382.0925,2384.5967,2374.7148,2338.0262,2313.3338
Norway,Enteric Fermentation,Emissions (CO2eq) (AR5),kilotonnes,2619.8837,2599.8554,2590.9043,2629.6807,2594.4433,2602.1272,2542.6464,2519.0321,2518.9702,2554.8745,2532.9548,2466.2359,2472.2256,2497.3333,2516.5326,2556.9373,2610.6921,2602.8441,2584.1098,2511.8506,2500.6212
Norway,Manure Management,Emissions (CH4),kilotonnes,16.2297,15.8199,15.9319,16.1458,16.2317,16.057,15.9967,15.8857,15.6826,15.64,15.6029,15.4802,15.5476,15.4477,15.2824,15.4005,15.5034,15.5736,15.3237,15.1139,15.0342
Norway,Manure Management,Emissions (CH4),kilotonnes,13.1456,13.3282,13.2596,13.8052,13.8529,14.058,13.9641,14.1207,14.1768,14.4649,14.6327,14.333,14.5435,14.7227,14.7487,14.8984,15.0856,15.0006,14.9978,14.6203,14.5703
Norway,Manure Management,Emissions (N2O),kilotonnes,0.7324,0.7067,0.7119,0.7155,0.7096,0.7029,0.6998,0.6963,0.6864,0.6806,0.6725,0.6657,0.6736,0.67,0.6645,0.6676,0.6733,0.6825,0.6755,0.6678,0.6668
Norway,Manure Management,Emissions (N2O),kilotonnes,0.4844,0.493,0.494,0.5159,0.5104,0.5144,0.5111,0.5135,0.5181,0.5232,0.5238,0.5111,0.5153,0.5247,0.5248,0.5275,0.5327,0.5284,0.5292,0.5159,0.5119
Norway,Manure Management,Emissions (CO2eq) from CH4 (AR5),kilotonnes,454.4326,442.9578,446.0926,452.0833,454.4876,449.5951,447.9082,444.8001,439.1131,437.9205,436.8808,433.4458,435.3326,432.5366,427.9062,431.2126,434.0966,436.0606,429.0643,423.1894,420.9564
Norway,Manure Management,Emissions (CO2eq) from CH4 (AR5),kilotonnes,368.0766,373.1905,371.2701,386.545,387.8807,393.623,390.9951,395.3809,396.9499,405.0166,409.717,401.3242,407.2183,412.2362,412.9637,417.1561,422.3976,420.0157,419.9382,409.3695,407.9687
Norway,Manure Management,Emissions (CO2eq) from N2O (AR5),kilotonnes,194.0975,187.2817,188.6415,189.5954,188.0527,186.2568,185.4492,184.5263,181.8913,180.3554,178.2226,176.4223,178.4914,177.5578,176.0837,176.9241,178.4195,180.8597,179.0037,176.9798,176.6917
Norway,Manure Management,Emissions (CO2eq) from N2O (AR5),kilotonnes,128.3642,130.6536,130.9095,136.7249,135.2554,136.3106,135.4373,136.0745,137.3035,138.6439,138.8004,135.4405,136.5631,139.0325,139.0619,139.7842,141.1573,140.0313,140.2361,136.7037,135.6527
Norway,Manure Management,Emissions (CO2eq) (AR5),kilotonnes,648.5301,630.2395,634.734,641.6787,642.5403,635.8519,633.3574,629.3263,621.0044,618.2759,615.1034,609.8681,613.824,610.0943,603.9899,608.1367,612.5161,616.9203,608.068,600.1693,597.6481
Norway,Manure Management,Emissions (CO2eq) (AR5),kilotonnes,496.4408,503.8441,502.1796,523.2698,523.1361,529.9336,526.4324,531.4555,534.2535,543.6605,548.5174,536.7646,543.7814,551.2687,552.0256,556.9403,563.5549,560.0471,560.1743,546.0732,543.6214
Norway,Manure left on Pasture,Direct emissions (N2O),kilotonnes,1.0708,1.0841,1.0752,1.0774,1.0668,1.0529,1.0344,1.0071,0.9957,0.9964,0.9981,0.9902,0.9748,0.9778,0.9755,1.0009,1.0291,1.022,1.0177,0.9922,0.9743
Norway,Manure left on Pasture,Indirect emissions (N2O),kilotonnes,0.3381,0.3452,0.3436,0.3449,0.342,0.3373,0.3307,0.321,0.3179,0.3199,0.3211,0.319,0.3126,0.3148,0.3155,0.3249,0.335,0.3305,0.329,0.3192,0.3119
Norway,Manure left on Pasture,Emissions (N2O),kilotonnes,1.4089,1.4293,1.4188,1.4223,1.4088,1.3902,1.3651,1.3282,1.3137,1.3163,1.3191,1.3092,1.2874,1.2926,1.291,1.3258,1.3641,1.3524,1.3468,1.3114,1.2862
Norway,Manure left on Pasture,Emissions (CO2eq) from N2O (AR5),kilotonnes,373.3558,378.7576,375.9856,376.9045,373.3287,368.414,361.7491,351.9646,348.1179,348.8211,349.5735,346.9438,341.1636,342.544,342.1171,351.3259,361.4874,358.3971,356.8919,347.5217,340.8455
Norway,Manure left on Pasture,Emissions (CO2eq) (AR5),kilotonnes,373.3558,378.7576,375.9856,376.9045,373.3287,368.414,361.7491,351.9646,348.1179,348.8211,349.5735,346.9438,341.1636,342.544,342.1171,351.3259,361.4874,358.3971,356.8919,347.5217,340.8455
Norway,Manure applied to Soils,Direct emissions (N2O),kilotonnes,0.7727,0.7325,0.7543,0.7624,0.7592,0.7552,0.7579,0.7627,0.7532,0.7524,0.7385,0.733,0.7496,0.7491,0.7476,0.7475,0.7527,0.768,0.7577,0.7474,0.7481
Norway,Manure applied to Soils,Direct emissions (N2O),kilotonnes,0.7627,0.7702,0.7702,0.8007,0.8028,0.8149,0.8156,0.8251,0.8381,0.8545,0.8621,0.8468,0.8604,0.882,0.8863,0.8932,0.9065,0.9028,0.9052,0.8836,0.8748
Norway,Manure applied to Soils,Indirect emissions (N2O),kilotonnes,0.3284,0.3113,0.3206,0.324,0.3227,0.321,0.3221,0.3241,0.3201,0.3198,0.3139,0.3115,0.3186,0.3184,0.3177,0.3177,0.3199,0.3264,0.322,0.3177,0.3179
Norway,Manure applied to Soils,Emissions (N2O),kilotonnes,1.1011,1.0437,1.0748,1.0864,1.0819,1.0762,1.0799,1.0868,1.0734,1.0722,1.0524,1.0445,1.0682,1.0675,1.0653,1.0652,1.0726,1.0944,1.0797,1.0651,1.066
Norway,Manure applied to Soils,Emissions (N2O),kilotonnes,0.7627,0.7702,0.7702,0.8007,0.8028,0.8149,0.8156,0.8251,0.8381,0.8545,0.8621,0.8468,0.8604,0.882,0.8863,0.8932,0.9065,0.9028,0.9052,0.8836,0.8748
Norway,Manure applied to Soils,Emissions (CO2eq) from N2O (AR5),kilotonnes,291.8016,276.5926,284.8266,287.8831,286.6955,285.1856,286.1864,288.0103,284.4413,284.1206,278.882,276.7853,283.0625,282.8939,282.3076,282.2819,284.2272,290.0102,286.1275,282.2492,282.4929
Norway,Manure applied to Soils,Emissions (CO2eq) from N2O (AR5),kilotonnes,202.1201,204.0954,204.0955,212.1845,212.7352,215.9416,216.1263,218.639,222.108,226.4329,228.4649,224.3925,228.0084,233.7201,234.8766,236.7073,240.2203,239.2473,239.8766,234.1649,231.8259
Norway,Manure applied to Soils,Emissions (CO2eq) (AR5),kilotonnes,291.8016,276.5926,284.8266,287.8831,286.6955,285.1856,286.1864,288.0103,284.4413,284.1206,278.882,276.7853,283.0625,282.8939,282.3076,282.2819,284.2272,290.0102,286.1275,282.2492,282.4929
Norway,Manure applied to Soils,Emissions (CO2eq) (AR5),kilotonnes,202.1201,204.0954,204.0955,212.1845,212.7352,215.9416,216.1263,218.639,222.108,226.4329,228.4649,224.3925,228.0084,233.7201,234.8766,236.7073,240.2203,239.2473,239.8766,234.1649,231.8259
Norway,Synthetic Fertilizers,Direct emissions (N2O),kilotonnes,1.6029,1.5807,1.5584,1.6121,1.6246,1.6586,1.6193,1.6707,1.6925,1.4574,1.3415,1.5086,1.4844,1.5011,1.559,1.6123,1.6101,1.5663,1.609,1.6771,1.6639
Norway,Synthetic Fertilizers,Direct emissions (N2O),kilotonnes,1.6854,1.578,1.5883,1.6355,1.6503,1.6782,1.6351,1.6894,1.6173,1.4726,1.336,1.5208,1.5036,1.5244,1.6066,1.6376,1.6101,1.5663,1.609,1.6777,1.6639
Norway,Synthetic Fertilizers,Indirect emissions (N2O),kilotonnes,0.5209,0.5137,0.5065,0.5239,0.528,0.5391,0.5263,0.543,0.5501,0.4736,0.436,0.4903,0.4824,0.4878,0.5067,0.524,0.5233,0.5091,0.5229,0.5451,0.5408
Norway,Synthetic Fertilizers,Emissions (N2O),kilotonnes,2.1238,2.0945,2.0649,2.136,2.1526,2.1977,2.1456,2.2137,2.2425,1.931,1.7774,1.9989,1.9669,1.9889,2.0656,2.1362,2.1334,2.0754,2.132,2.2222,2.2047
Norway,Synthetic Fertilizers,Emissions (N2O),kilotonnes,1.6854,1.578,1.5883,1.6355,1.6503,1.6782,1.6351,1.6894,1.6173,1.4726,1.336,1.5208,1.5036,1.5244,1.6066,1.6376,1.6101,1.5663,1.609,1.6777,1.6639
Norway,Synthetic Fertilizers,Emissions (CO2eq) from N2O (AR5),kilotonnes,562.8032,555.0343,547.2103,566.0421,570.4397,582.3855,568.5747,586.6341,594.2705,511.7205,471.0221,529.6971,521.2165,527.0597,547.3868,566.1028,565.3524,549.9746,564.9717,588.8853,584.2449
Norway,Synthetic Fertilizers,Emissions (CO2eq) from N2O (AR5),kilotonnes,446.635,418.1745,420.8892,433.3994,437.3256,444.7361,433.2959,447.6863,428.5901,390.2324,354.0365,403.0114,398.449,403.9774,425.7483,433.9767,426.6744,415.071,426.3896,444.6014,440.9316
Norway,Synthetic Fertilizers,Emissions (CO2eq) (AR5),kilotonnes,562.8032,555.0343,547.2103,566.0421,570.4397,582.3855,568.5747,586.6341,594.2705,511.7205,471.0221,529.6971,521.2165,527.0597,547.3868,566.1028,565.3524,549.9746,564.9717,588.8853,584.2449
Norway,Synthetic Fertilizers,Emissions (CO2eq) (AR5),kilotonnes,446.635,418.1745,420.8892,433.3994,437.3256,444.7361,433.2959,447.6863,428.5901,390.2324,354.0365,403.0114,398.449,403.9774,425.7483,433.9767,426.6744,415.071,426.3896,444.6014,440.9316
Norway,Drained organic soils,Emissions (CO2eq) (AR5),kilotonnes,6076.9513,6113.7346,6115.9831,6137.1595,6158.7972,6185.2826,6198.0093,6210.8845,6212.8663,6225.6228,6274.1532,6336.9053,6354.4042,6356.3938,6385.5326,6386.6335,6408.5145,6419.1343,6475.447,6442.7994,6456.6373
Norway,Drained organic soils,Emissions (CO2eq) (AR5),kilotonnes,333.0198,335.3617,336.3375,337.3133,339.2648,341.2164,340.2406,339.3369,338.4332,336.8464,335.2596,336.3435,337.0626,337.7816,339.2438,340.706,341.4491,342.3746,343.3001,343.854,344.408
Norway,Drained organic soils (CO2),Emissions (CO2),kilotonnes,5113.0004,5143.9396,5145.8256,5163.6533,5181.8787,5204.1839,5214.8989,5225.7429,5227.4144,5238.1716,5279.042,5331.8774,5346.6099,5348.285,5372.8205,5373.7455,5392.1829,5401.132,5448.559,5421.0847,5432.742
Norway,Drained organic soils (CO2),Emissions (CO2eq) (AR5),kilotonnes,5113.0004,5143.9396,5145.8256,5163.6533,5181.8787,5204.1839,5214.8989,5225.7429,5227.4144,5238.1716,5279.042,5331.8774,5346.6099,5348.285,5372.8205,5373.7455,5392.1829,5401.132,5448.559,5421.0847,5432.742
Norway,Drained organic soils (N2O),Emissions (N2O),kilotonnes,3.6376,3.6596,3.661,3.6736,3.6865,3.7023,3.7099,3.7175,3.7187,3.7262,3.7551,3.7926,3.803,3.8042,3.8216,3.8222,3.8352,3.8415,3.875,3.8555,3.8638
Norway,Drained organic soils (N2O),Emissions (N2O),kilotonnes,1.2567,1.2655,1.2692,1.2729,1.2802,1.2876,1.2839,1.2805,1.2771,1.2711,1.2651,1.2692,1.2719,1.2746,1.2802,1.2857,1.2885,1.292,1.2955,1.2976,1.2997
Norway,Drained organic soils (N2O),Emissions (CO2eq) from N2O (AR5),kilotonnes,963.9509,969.795,970.1575,973.5062,976.9185,981.0986,983.1104,985.1416,985.4519,987.4512,995.1112,1005.0279,1007.7943,1008.1088,1012.7121,1012.888,1016.3316,1018.0023,1026.888,1021.7147,1023.8954
Norway,Drained organic soils (N2O),Emissions (CO2eq) from N2O (AR5),kilotonnes,333.0198,335.3617,336.3375,337.3133,339.2648,341.2164,340.2406,339.3369,338.4332,336.8464,335.2596,336.3435,337.0626,337.7816,339.2438,340.706,341.4491,342.3746,343.3001,343.854,344.408
Norway,Drained organic soils (N2O),Emissions (CO2eq) (AR5),kilotonnes,963.9509,969.795,970.1575,973.5062,976.9185,981.0986,983.1104,985.1416,985.4519,987.4512,995.1112,1005.0279,1007.7943,1008.1088,1012.7121,1012.888,1016.3316,1018.0023,1026.888,1021.7147,1023.8954
Norway,Drained organic soils (N2O),Emissions (CO2eq) (AR5),kilotonnes,333.0198,335.3617,336.3375,337.3133,339.2648,341.2164,340.2406,339.3369,338.4332,336.8464,335.2596,336.3435,337.0626,337.7816,339.2438,340.706,341.4491,342.3746,343.3001,343.854,344.408
Norway,On-farm energy use,Emissions (CH4),kilotonnes,0.1358,0.14,0.1357,0.1372,0.1381,0.1345,0.1292,0.1261,0.1242,0.1337,0.1401,0.1365,0.1471,0.1384,0.1274,0.0768,0.077,0.0789,0.0776,0.068,0.068
Norway,On-farm energy use,Emissions (N2O),kilotonnes,0.6954,0.7323,0.7445,0.7446,0.7286,0.7041,0.6673,0.65,0.6352,0.6967,0.7201,0.7188,0.7595,0.6602,0.59,0.2665,0.2628,0.2652,0.2725,0.209,0.209
Norway,On-farm energy use,Emissions (CO2),kilotonnes,1830.4052,1931.6483,1953.5128,1968.9279,1945.642,1907.2478,1826.2696,1769.9635,1732.367,1894.104,1960.7703,1934.9732,2049.0103,1832.2663,1635.7284,783.8358,779.3525,822.6357,827.9305,669.5459,669.5459
Norway,On-farm energy use,Emissions (CO2eq) from CH4 (AR5),kilotonnes,3.8031,3.9214,3.8007,3.8419,3.867,3.7652,3.6179,3.531,3.4777,3.7433,3.9224,3.8209,4.1175,3.8742,3.5682,2.1506,2.1549,2.2103,2.1725,1.9048,1.9048
Norway,On-farm energy use,Emissions (CO2eq) from N2O (AR5),kilotonnes,184.2801,194.0673,197.2875,197.3091,193.0877,186.5789,176.8265,172.2446,168.3246,184.6342,190.8273,190.4845,201.2709,174.9575,156.3606,70.611,69.6388,70.2789,72.2125,55.3894,55.3894
Norway,On-farm energy use,Emissions (CO2eq) (AR5),kilotonnes,2018.4883,2129.6369,2154.601,2170.0788,2142.5967,2097.592,2006.7141,1945.7391,1904.1694,2082.4815,2155.52,2129.2785,2254.3986,2011.098,1795.6573,856.5975,851.1462,895.1249,902.3155,726.8402,726.8402
Norway,Forestland,Emissions (CO2),kilotonnes,-16199.3957,-24014.8663,-24014.8663,-24014.8663,-24014.8663,-24014.8663,-24014.8663,-24014.8663,-24014.8663,-24014.8663,-24014.8663,-20367.842,-20367.842,-20367.842,-20367.842,-20367.842,-20215.008,-20215.008,-20215.008,-20215.008,-20215.008
Norway,Forestland,Emissions (CO2),kilotonnes,-22898.5832,-24928.6677,-26077.2211,-27675.1366,-27207.3349,-24356.0467,-26442.2116,-26560.9375,-28421.1391,-32284.6419,-29795.1292,-30294.4503,-26761.6254,-27103.8691,-23606.8019,-18792.1254,-18113.0124,-18873.4044,-19651.7865,-21297.9375,-24731.5992
Norway,Forestland,Emissions (CO2eq) (AR5),kilotonnes,-16199.3957,-24014.8663,-24014.8663,-24014.8663,-24014.8663,-24014.8663,-24014.8663,-24014.8663,-24014.8663,-24014.8663,-24014.8663,-20367.842,-20367.842,-20367.842,-20367.842,-20367.842,-20215.008,-20215.008,-20215.008,-20215.008,-20215.008
Norway,Forestland,Emissions (CO2eq) (AR5),kilotonnes,-22898.5832,-24928.6677,-26077.2211,-27675.1366,-27207.3349,-24356.0467,-26442.2116,-26560.9375,-28421.1391,-32284.6419,-29795.1292,-30294.4503,-26761.6254,-27103.8691,-23606.8019,-18792.1254,-18113.0124,-18873.4044,-19651.7865,-21297.9375,-24731.5992
Norway,Net Forest conversion,Emissions (CO2),kilotonnes,0,0,0,0,0,0,0,0,0,0,0,186.494,186.494,186.494,186.494,186.494,0,0,0,0,0
Norway,Net Forest conversion,Emissions (CO2),kilotonnes,2394.9777,2342.879,2278.9624,2034.778,1950.2377,2001.9993,1995.7088,1985.0218,2346.1313,2472.7088,2659.6858,2509.9437,2515.3778,2073.3906,2170.9931,2604.3918,2355.1682,2393.8292,2570.8997,2510.812,2062.458
Norway,Net Forest conversion,Emissions (CO2eq) (AR5),kilotonnes,0,0,0,0,0,0,0,0,0,0,0,186.494,186.494,186.494,186.494,186.494,0,0,0,0,0
Norway,Net Forest conversion,Emissions (CO2eq) (AR5),kilotonnes,2394.9777,2342.879,2278.9624,2034.778,1950.2377,2001.9993,1995.7088,1985.0218,2346.1313,2472.7088,2659.6858,2509.9437,2515.3778,2073.3906,2170.9931,2604.3918,2355.1682,2393.8292,2570.8997,2510.812,2062.458
Norway,Savanna fires,Emissions (CH4),kilotonnes,0.0017,0,0.0004,0.0261,0,0,0.0124,0.0199,0.0373,0,0,0,0,0,0,0,0,0,0.004,0.0104,0
Norway,Savanna fires,Emissions (N2O),kilotonnes,0.0002,0,0,0.0024,0,0,0.0011,0.0018,0.0034,0,0,0,0,0,0,0,0,0,0.0004,0.0009,0
Norway,Savanna fires,Emissions (CO2eq) from CH4 (AR5),kilotonnes,0.0483,0,0.0103,0.7308,0,0,0.347,0.5578,1.0456,0,0,0,0,0,0,0,0,0,0.1129,0.2906,0
Norway,Savanna fires,Emissions (CO2eq) from N2O (AR5),kilotonnes,0.0416,0,0.0089,0.6315,0,0,0.2999,0.482,0.9035,0,0,0,0,0,0,0,0,0,0.0976,0.2511,0
Norway,Savanna fires,Emissions (CO2eq) (AR5),kilotonnes,0.0899,0,0.0192,1.3624,0,0,0.6469,1.0399,1.9491,0,0,0,0,0,0,0,0,0,0.2105,0.5417,0
Norway,Fires in organic soils,Emissions (CH4),kilotonnes,0,0,0,0,0,0,0,0,0,0,0,0,0,0,0,0,0,0,0,0,0
Norway,Fires in organic soils,Emissions (CO2),kilotonnes,0,0,0,0,0,0,0,0,0,0,0,0,0,0,0,0,0,0,0,0,0
Norway,Fires in organic soils,Emissions (CO2eq) from CH4 (AR5),kilotonnes,0,0,0,0,0,0,0,0,0,0,0,0,0,0,0,0,0,0,0,0,0
Norway,Fires in organic soils,Emissions (CO2eq) (AR5),kilotonnes,0,0,0,0,0,0,0,0,0,0,0,0,0,0,0,0,0,0,0,0,0
Norway,Forest fires,Emissions (CH4),kilotonnes,0.0574,0,0,0,0,0,0.0244,0.0224,0,0,0,0,0,0,0,0,0,0,0.0244,0,0
Norway,Forest fires,Emissions (N2O),kilotonnes,0.0032,0,0,0,0,0,0.0022,0.002,0,0,0,0,0,0,0,0,0,0,0.0022,0,0
Norway,Forest fires,Emissions (CO2eq) from CH4 (AR5),kilotonnes,1.6075,0,0,0,0,0,0.6841,0.6267,0,0,0,0,0,0,0,0,0,0,0.6843,0,0
Norway,Forest fires,Emissions (CO2eq) from N2O (AR5),kilotonnes,0.8416,0,0,0,0,0,0.5912,0.5416,0,0,0,0,0,0,0,0,0,0,0.5914,0,0
Norway,Forest fires,Emissions (CO2eq) (AR5),kilotonnes,2.4491,0,0,0,0,0,1.2753,1.1683,0,0,0,0,0,0,0,0,0,0,1.2757,0,0
Norway,Fires in humid tropical forests,Emissions (CH4),kilotonnes,0,0,0,0,0,0,0,0,0,0,0,0,0,0,0,0,0,0,0,0,0
Norway,Fires in humid tropical forests,Emissions (N2O),kilotonnes,0,0,0,0,0,0,0,0,0,0,0,0,0,0,0,0,0,0,0,0,0
Norway,Fires in humid tropical forests,Emissions (CO2eq) from CH4 (AR5),kilotonnes,0,0,0,0,0,0,0,0,0,0,0,0,0,0,0,0,0,0,0,0,0
Norway,Fires in humid tropical forests,Emissions (CO2eq) from N2O (AR5),kilotonnes,0,0,0,0,0,0,0,0,0,0,0,0,0,0,0,0,0,0,0,0,0
Norway,Fires in humid tropical forests,Emissions (CO2eq) (AR5),kilotonnes,0,0,0,0,0,0,0,0,0,0,0,0,0,0,0,0,0,0,0,0,0
Norway,Waste - agri-food systems,Emissions (CH4),kilotonnes,10.0161,10.0473,34.9049,44.5957,46.3777,43.0959,45.2993,41.9546,38.7869,35.5534,32.34,29.1033,25.8672,22.771,19.0809,15.8601,12.8235,12.9305,13.1544,13.3633,13.5642
Norway,Waste - agri-food systems,Emissions (N2O),kilotonnes,0.2492,0.2508,0.2685,0.2539,0.2741,0.2661,0.2661,0.2745,0.2863,0.2912,0.2974,0.3018,0.3107,0.3175,0.3204,0.3253,0.3305,0.3345,0.3389,0.3433,0.3474
Norway,Waste - agri-food systems,Emissions (CO2),kilotonnes,11.9366,11.9439,11.9978,12.0704,12.1372,12.2088,12.2606,12.3292,12.3948,12.3119,12.3601,12.4295,12.4398,12.4516,12.4296,12.3114,12.2907,12.3262,12.3689,12.3338,12.2823
Norway,Waste - agri-food systems,Emissions (CO2eq) from CH4 (AR5),kilotonnes,280.4514,281.3258,977.3371,1248.6801,1298.5751,1206.6846,1268.3817,1174.7295,1086.0332,995.4948,905.5211,814.8922,724.2815,637.5867,534.2662,444.0816,359.0575,362.053,368.3233,374.1725,379.7971
Norway,Waste - agri-food systems,Emissions (CO2eq) from N2O (AR5),kilotonnes,66.0399,66.4692,71.1625,67.2919,72.6426,70.5063,70.5064,72.7505,75.8585,77.1667,78.823,79.9674,82.3359,84.1316,84.8951,86.2054,87.5811,88.6413,89.8152,90.9692,92.0635
Norway,Waste - agri-food systems,Emissions (CO2eq) (AR5),kilotonnes,358.4279,359.7388,1060.4974,1328.0425,1383.355,1289.3997,1351.1488,1259.8092,1174.2865,1084.9734,996.7042,907.2891,819.0572,734.1699,631.5909,542.5985,458.9292,463.0206,470.5074,477.4755,484.1429
Norway,On-farm electricity use,Emissions (CH4),kilotonnes,2.5343,2.6795,2.5391,2.2979,2.5139,2.5691,2.4587,2.4995,2.5631,2.5595,2.6063,2.3831,2.5151,2.4707,2.3255,2.4023,2.4827,2.4731,2.5139,2.5516,2.5516
Norway,On-farm electricity use,Emissions (N2O),kilotonnes,0.0135,0.0143,0.0136,0.0123,0.0134,0.0137,0.0131,0.0133,0.0137,0.0137,0.0139,0.0127,0.0134,0.0132,0.0124,0.0128,0.0132,0.0132,0.0134,0.0136,0.0136
Norway,On-farm electricity use,Emissions (CO2),kilotonnes,2.5703,5.1884,3.9899,5.3519,5.7313,4.6813,5.714,7.4378,5.4795,23.7808,35.6803,25.6669,16.8881,13.4245,12.6356,13.0529,13.4897,13.4376,13.6592,13.864,13.864
Norway,On-farm electricity use,Emissions (CO2eq) from CH4 (AR5),kilotonnes,70.9604,75.026,71.0948,64.3412,70.3892,71.9348,68.8436,69.986,71.7668,71.666,72.9764,66.7268,70.4228,69.1796,65.114,67.2644,69.5156,69.2468,70.3892,71.4448,71.4448
Norway,On-farm electricity use,Emissions (CO2eq) from N2O (AR5),kilotonnes,3.5775,3.7895,3.604,3.2595,3.551,3.6305,3.4715,3.5245,3.6305,3.6305,3.6835,3.3655,3.551,3.498,3.286,3.392,3.498,3.498,3.551,3.604,3.604
Norway,On-farm electricity use,Emissions (CO2eq) (AR5),kilotonnes,77.1082,84.0039,78.6887,72.9526,79.6715,80.2466,78.0291,80.9483,80.8768,99.0773,112.3402,95.7592,90.8619,86.1021,81.0356,83.7093,86.5033,86.1824,87.5994,88.9128,88.9128
Norway,Food Processing,Emissions (CH4),kilotonnes,3.8239,3.7936,3.5786,3.3601,3.631,3.4525,3.4507,3.401,3.5079,3.0498,3.3194,3.2177,3.0864,3.1773,3.2549,3.3071,3.5361,3.6932,3.7087,3.7087,3.7755
Norway,Food Processing,Emissions (N2O),kilotonnes,0.0233,0.0229,0.0221,0.0217,0.0225,0.021,0.0209,0.0204,0.0212,0.0185,0.0199,0.0192,0.0188,0.0189,0.0192,0.0195,0.0205,0.0215,0.0214,0.0214,0.0203
Norway,Food Processing,Emissions (CO2),kilotonnes,404.3856,377.6579,417.3385,511.3678,460.3434,388.8709,410.4397,400.7843,412.1395,408.9595,442.2951,414.6356,462.656,410.2922,368.1615,406.7298,370.1275,450.9124,402.4633,402.4633,386.3289
Norway,Food Processing,Emissions (CO2eq) from CH4 (AR5),kilotonnes,107.0692,106.2208,100.2008,94.0828,101.668,96.67,96.6196,95.228,98.2212,85.3944,92.9432,90.0956,86.4192,88.9644,91.1372,92.5988,99.0108,103.4096,103.8436,103.8436,105.7147
Norway,Food Processing,Emissions (CO2eq) from N2O (AR5),kilotonnes,6.1745,6.0685,5.8565,5.7505,5.9625,5.565,5.5385,5.406,5.618,4.9025,5.2735,5.088,4.982,5.0085,5.088,5.1675,5.4325,5.6975,5.671,5.671,5.3688
Norway,Food Processing,Emissions (CO2eq) (AR5),kilotonnes,517.6293,489.9472,523.3958,611.2011,567.9739,491.1059,512.5978,501.4183,515.9787,499.2564,540.5118,509.8192,554.0572,504.2651,464.3867,504.4961,474.5708,560.0195,511.9779,511.9779,497.4124
Norway,Food Packaging,Emissions (CH4),kilotonnes,175.3824,205.587,235.9252,260.2211,253.1135,244.7896,285.3358,455.0872,784.3074,921.7755,710.4552,680.3982,732.2117,644.7375,660.2208,757.8123,774.5695,824.9773,851.2775,905.0135,921.32
Norway,Food Packaging,Emissions (N2O),kilotonnes,0.015,0.0153,0.0155,0.0161,0.0161,0.0165,0.0181,0.0277,0.0436,0.0474,0.0525,0.0515,0.0509,0.0461,0.0449,0.0495,0.0448,0.0422,0.0429,0.0525,0.0497
Norway,Food Packaging,Emissions (CO2),kilotonnes,458.2058,466.8748,415.7317,582.566,513.7203,467.1815,548.4608,562.196,659.213,650.2635,660.1217,564.8377,586.7544,725.8928,741.9765,842.0982,711.2495,892.7948,887.1261,862.2671,827.6996
Norway,Food Packaging,Emissions (CO2eq) from CH4 (AR5),kilotonnes,4910.7072,5756.436,6605.9056,7286.1908,7087.178,6854.1088,7989.4024,12742.4416,21960.6072,25809.714,19892.7456,19051.1496,20501.9276,18052.65,18486.1824,21218.7444,21687.946,23099.3644,23835.77,25340.378,25796.9614
Norway,Food Packaging,Emissions (CO2eq) from N2O (AR5),kilotonnes,3.975,4.0545,4.1075,4.2665,4.2665,4.3725,4.7965,7.3405,11.554,12.561,13.9125,13.6475,13.4885,12.2165,11.8985,13.1175,11.872,11.183,11.3685,13.9125,13.1711
Norway,Food Packaging,Emissions (CO2eq) (AR5),kilotonnes,5372.888,6227.3653,7025.7448,7873.0233,7605.1648,7325.6628,8542.6597,13311.9781,22631.3742,26472.5385,20566.7798,19629.6348,21102.1705,18790.7593,19240.0574,22073.9601,22411.0675,24003.3422,24734.2646,26216.5576,26637.8321
Norway,Food Retail,Emissions (CO2eq) from F-gases (AR5),kilotonnes,194.293,229.0995,260.2695,293.5175,325.207,368.3255,402.6125,436.38,442.614,445.2115,447.2895,448.3285,448.848,449.3675,449.3675,449.3675,483.135,491.9665,500.798,509.6295,484.5658
Norway,Food Retail,Emissions (CO2eq) (AR5),kilotonnes,194.293,229.0995,260.2695,293.5175,325.207,368.3255,402.6125,436.38,442.614,445.2115,447.2895,448.3285,448.848,449.3675,449.3675,449.3675,483.135,491.9665,500.798,509.6295,484.5658
Norway,Food Household Consumption,Emissions (CH4),kilotonnes,3.7481,3.8796,3.7489,3.4668,3.5068,3.6748,3.6377,3.7766,3.7689,3.9225,4.2923,3.8945,4.1295,4.2005,3.9817,4.168,4.1911,4.2846,4.3488,4.3488,4.4272
Norway,Food Household Consumption,Emissions (N2O),kilotonnes,0.0204,0.0212,0.0206,0.0192,0.0192,0.02,0.0198,0.0205,0.0204,0.0213,0.0232,0.021,0.0222,0.0226,0.0214,0.0224,0.0225,0.023,0.0233,0.0233,0.0221
Norway,Food Household Consumption,Emissions (CO2),kilotonnes,69.077,79.742,82.2298,101.0528,82.1907,66.8829,70.9319,62.9774,50.0287,78.9659,109.4174,79.9468,56.4441,55.0384,45.8953,48.6543,50.5569,42.3689,39.5505,39.5505,37.965
Norway,Food Household Consumption,Emissions (CO2eq) from CH4 (AR5),kilotonnes,104.9468,108.6288,104.9692,97.0704,98.1904,102.8944,101.8556,105.7448,105.5292,109.83,120.1844,109.046,115.626,117.614,111.4876,116.704,117.3508,119.9688,121.7664,121.7664,123.9604
Norway,Food Household Consumption,Emissions (CO2eq) from N2O (AR5),kilotonnes,5.406,5.618,5.459,5.088,5.088,5.3,5.247,5.4325,5.406,5.6445,6.148,5.565,5.883,5.989,5.671,5.936,5.9625,6.095,6.1745,6.1745,5.8455
Norway,Food Household Consumption,Emissions (CO2eq) (AR5),kilotonnes,179.4298,193.9888,192.658,203.2112,185.4691,175.0773,178.0345,174.1547,160.9639,194.4404,235.7498,194.5578,177.9531,178.6414,163.0539,171.2943,173.8702,168.4327,167.4914,167.4914,167.7708
Norway,Food Transport,Emissions (CH4),kilotonnes,0.1791,0.1755,0.1663,0.1579,0.1493,0.1371,0.1309,0.1236,0.1123,0.1022,0.1019,0.0957,0.0929,0.0857,0.081,0.0793,0.0764,0.0719,0.073,0.0242,0.0246
Norway,Food Transport,Emissions (N2O),kilotonnes,0.049,0.0499,0.048,0.0479,0.0478,0.0464,0.0474,0.048,0.0465,0.0453,0.0487,0.0482,0.0486,0.0468,0.0446,0.0445,0.0431,0.0393,0.0404,0.0438,0.0415
Norway,Food Transport,Emissions (CO2),kilotonnes,1145.043,1176.358,1186.9535,1199.311,1241.4415,1256.926,1316.446,1357.126,1324.901,1289.9815,1353.0745,1354.7785,1356.1245,1326.1795,1314.201,1306.1205,1263.2205,1132.851,1167.8025,1348.3358,1294.2822
Norway,Food Transport,Emissions (CO2eq) from CH4 (AR5),kilotonnes,5.0148,4.914,4.6564,4.4212,4.1804,3.8388,3.6652,3.4608,3.1444,2.8616,2.8532,2.6796,2.6012,2.3996,2.268,2.2204,2.1392,2.0132,2.044,0.6776,0.6898
Norway,Food Transport,Emissions (CO2eq) from N2O (AR5),kilotonnes,12.985,13.2235,12.72,12.6935,12.667,12.296,12.561,12.72,12.3225,12.0045,12.9055,12.773,12.879,12.402,11.819,11.7925,11.4215,10.4145,10.706,11.607,10.9885
Norway,Food Transport,Emissions (CO2eq) (AR5),kilotonnes,1163.0428,1194.4955,1204.3299,1216.4257,1258.2889,1273.0608,1332.6722,1373.3068,1340.3679,1304.8476,1368.8332,1370.2311,1371.6047,1340.9811,1328.288,1320.1334,1276.7812,1145.2787,1180.5525,1360.6204,1305.9605
Norway,Energy,Emissions (CH4),kilotonnes,569,597,640,679,673,648,649,674,692,681,647,619,639,629,634,657,657,670,680,666,678
Norway,Energy,Emissions (N2O),kilotonnes,1.02,1.01,0.981,1.03,1.01,0.996,0.991,0.997,0.992,0.962,1.01,1,0.998,0.964,0.898,0.911,0.905,0.869,0.884,0.882,0.835
Norway,Energy,Emissions (CO2),kilotonnes,38700,41000,37500,44700,42100,41900,43700,43400,54000,54800,48800,41900,43900,47100,46700,45900,39700,46100,46300,44900,43100
Norway,Energy,Emissions (CO2eq) from CH4 (AR5),kilotonnes,15932,16716,17920,19012,18844,18144,18172,18872,19376,19068,18116,17332,17892,17612,17752,18396,18396,18760,19040,18648,18984
Norway,Energy,Emissions (CO2eq) from N2O (AR5),kilotonnes,270.3,267.65,259.965,272.95,267.65,263.94,262.615,264.205,262.88,254.93,267.65,265,264.47,255.46,237.97,241.415,239.825,230.285,234.26,233.73,221.275
Norway,Energy,Emissions (CO2eq) (AR5),kilotonnes,54902.3,57983.65,55679.965,63984.95,61211.65,60307.94,62134.615,62536.205,73638.88,74122.93,67183.65,59497,62056.47,64967.46,64689.97,64537.415,58335.825,65090.285,65574.26,63781.73,62305.275
Norway,IPPU,Emissions (CH4),kilotonnes,3.1,3.35,3.14,3.27,3.38,2.95,2.68,2.99,5.15,2.68,3.04,3.07,2.96,2.92,3.03,3.27,2.87,3.43,3.28,3.1,3.12
Norway,IPPU,Emissions (N2O),kilotonnes,6.02,6.13,6.18,6.36,6.39,6.35,5.35,4.36,3.28,2.45,3.46,3.48,3.57,3.44,3.5,3.62,3.53,3.56,3.57,3.5,2.85
Norway,IPPU,Emissions (CO2),kilotonnes,8890,8880,8600,8710,8830,8200,8050,8530,9780,7770,8180,8220,8110,7840,7950,8120,7980,8540,8650,8520,8840
Norway,IPPU,Emissions (CO2eq) from F-gases (AR5),kilotonnes,6364.9925,6481.6031,4819.9027,5257.1923,5830.5275,6092.9012,5927.703,6122.0539,6199.7942,3537.1867,2468.2566,2876.3936,2468.2566,2409.9514,2312.7759,2186.4478,2429.3865,2011.532,2098.9899,2371.0812,2254.4706
Norway,IPPU,Emissions (CO2eq) from CH4 (AR5),kilotonnes,86.8,93.8,87.92,91.56,94.64,82.6,75.04,83.72,144.2,75.04,85.12,85.96,82.88,81.76,84.84,91.56,80.36,96.04,91.84,86.8,87.36
Norway,IPPU,Emissions (CO2eq) from N2O (AR5),kilotonnes,1595.3,1624.45,1637.7,1685.4,1693.35,1682.75,1417.75,1155.4,869.2,649.25,916.9,922.2,946.05,911.6,927.5,959.3,935.45,943.4,946.05,927.5,755.25
Norway,IPPU,Emissions (CO2eq) (AR5),kilotonnes,16937.0925,17079.8531,15145.5227,15744.1523,16448.5175,16058.2512,15470.493,15891.1739,16993.1942,12031.4767,11650.2766,12104.5536,11607.1866,11243.3114,11275.1159,11357.3078,11425.1965,11590.972,11786.8799,11905.3812,11937.0806
Norway,Waste,Emissions (CH4),kilotonnes,122,118,113,114,116,110,113,111,109,99.4,103,97.4,88.3,83.8,86.4,83.6,82.4,77.4,75.7,70.9,68.7
Norway,Waste,Emissions (N2O),kilotonnes,0.373,0.392,0.391,0.389,0.41,0.405,0.41,0.444,0.446,0.442,0.45,0.434,0.518,0.529,0.47,0.475,0.482,0.488,0.496,0.452,0.458
Norway,Waste,Emissions (CO2),kilotonnes,0.143,0.143,0.0834,0.0834,0.0834,0.0834,0.0775,0.08,0.0745,0.021,0.138,0.187,0.168,0.164,0.227,0.196,0.208,0.214,0.228,0.176,0.179
Norway,Waste,Emissions (CO2eq) from CH4 (AR5),kilotonnes,3416,3304,3164,3192,3248,3080,3164,3108,3052,2783.2,2884,2727.2,2472.4,2346.4,2419.2,2340.8,2307.2,2167.2,2119.6,1985.2,1923.6
Norway,Waste,Emissions (CO2eq) from N2O (AR5),kilotonnes,98.845,103.88,103.615,103.085,108.65,107.325,108.65,117.66,118.19,117.13,119.25,115.01,137.27,140.185,124.55,125.875,127.73,129.32,131.44,119.78,121.37
Norway,Waste,Emissions (CO2eq) (AR5),kilotonnes,3514.988,3408.023,3267.6984,3295.1684,3356.7334,3187.4084,3272.7275,3225.74,3170.2645,2900.351,3003.388,2842.397,2609.838,2486.749,2543.977,2466.871,2435.138,2296.734,2251.268,2105.156,2045.149
Norway,Other,Emissions (N2O),kilotonnes,0.822,0.811,0.788,0.83,0.82,0.818,0.831,0.842,0.798,0.807,0.907,0.9,0.88,0.82,0.758,0.732,0.723,0.632,0.635,0.693,0.681
Norway,Other,Emissions (CO2eq) from N2O (AR5),kilotonnes,217.83,214.915,208.82,219.95,217.3,216.77,220.215,223.13,211.47,213.855,240.355,238.5,233.2,217.3,200.87,193.98,191.595,167.48,168.275,183.645,180.465
Norway,Other,Emissions (CO2eq) (AR5),kilotonnes,217.83,214.915,208.82,219.95,217.3,216.77,220.215,223.13,211.47,213.855,240.355,238.5,233.2,217.3,200.87,193.98,191.595,167.48,168.275,183.645,180.465
Norway,Farm-gate emissions,Emissions (CH4),kilotonnes,111.4274,110.7839,109.3739,109.5336,108.3988,106.9369,105.4426,103.2933,101.8509,100.8627,100.7156,99.6303,98.996,98.4463,97.3982,98.9857,100.7273,100.8985,100.2799,98.7796,97.8077
Norway,Farm-gate emissions,Direct emissions (N2O),kilotonnes,3.6944,3.6337,3.6129,3.6997,3.7242,3.7171,3.6413,3.674,3.7054,3.413,3.3094,3.4342,3.4209,3.4189,3.5186,3.6167,3.6398,3.6036,3.5387,3.6683,3.6223
Norway,Farm-gate emissions,Indirect emissions (N2O),kilotonnes,1.2432,1.2235,1.2213,1.2485,1.2542,1.2537,1.2308,1.2407,1.2475,1.1598,1.123,1.1664,1.1613,1.164,1.1931,1.2242,1.2339,1.2216,1.2087,1.2385,1.2237
Norway,Farm-gate emissions,Emissions (N2O),kilotonnes,10.005,9.9576,9.9534,10.0863,10.1055,10.0823,9.9526,9.9828,9.9992,9.6786,9.5822,9.7798,9.8201,9.7189,9.79,9.5996,9.6468,9.6165,9.5725,9.6424,9.5878
Norway,Farm-gate emissions,Emissions (CO2),kilotonnes,6943.4056,7075.5878,7099.3384,7132.5812,7127.5206,7111.4317,7041.1685,6995.7064,6959.7814,7132.2756,7239.8122,7266.8506,7395.6202,7180.5512,7008.5489,6157.5813,6171.5354,6223.7678,6276.4895,6090.6307,6102.2879
Norway,Farm-gate emissions,Emissions (CO2eq) from CH4 (AR5),kilotonnes,3119.9659,3101.9495,3062.4689,3066.9401,3035.1667,2994.2345,2952.3914,2892.2132,2851.8248,2824.1565,2820.0378,2789.6476,2771.889,2756.495,2727.1503,2771.5987,2820.363,2825.1584,2807.8382,2765.8297,2738.6142
Norway,Farm-gate emissions,Emissions (CO2eq) from N2O (AR5),kilotonnes,2651.3344,2638.7729,2637.6378,2672.8772,2677.9702,2671.799,2637.4306,2645.4534,2649.7805,2564.837,2539.2934,2591.6513,2602.3262,2575.4991,2594.349,2543.893,2556.4021,2548.3745,2536.7069,2555.234,2540.7644
Norway,Farm-gate emissions,Emissions (CO2eq) (AR5),kilotonnes,12714.7059,12816.3102,12799.4451,12872.3985,12840.6576,12777.4653,12630.9906,12533.373,12461.3867,12521.269,12599.1434,12648.1496,12769.8354,12512.5453,12330.0483,11473.073,11548.3006,11597.3006,11621.0346,11411.6944,11381.6665
Norway,Land Use change,Emissions (CH4),kilotonnes,0,0,0,0,0,0,0,0,0,0,0,0,0,0,0,0,0,0,0,0,0
Norway,Land Use change,Emissions (N2O),kilotonnes,0,0,0,0,0,0,0,0,0,0,0,0,0,0,0,0,0,0,0,0,0
Norway,Land Use change,Emissions (CO2),kilotonnes,0,0,0,0,0,0,0,0,0,0,0,186.494,186.494,186.494,186.494,186.494,0,0,0,0,0
Norway,Land Use change,Emissions (CO2eq) from CH4 (AR5),kilotonnes,0,0,0,0,0,0,0,0,0,0,0,0,0,0,0,0,0,0,0,0,0
Norway,Land Use change,Emissions (CO2eq) from N2O (AR5),kilotonnes,0,0,0,0,0,0,0,0,0,0,0,0,0,0,0,0,0,0,0,0,0
Norway,Land Use change,Emissions (CO2eq) (AR5),kilotonnes,0,0,0,0,0,0,0,0,0,0,0,186.494,186.494,186.494,186.494,186.494,0,0,0,0,0
Norway,Emissions on agricultural land,Emissions (CH4),kilotonnes,111.4274,110.7839,109.3739,109.5336,108.3988,106.9369,105.4426,103.2933,101.8509,100.8627,100.7156,99.6303,98.996,98.4463,97.3982,98.9857,100.7273,100.8985,100.2799,98.7796,97.8077
Norway,Emissions on agricultural land,Emissions (N2O),kilotonnes,10.005,9.9576,9.9534,10.0863,10.1055,10.0823,9.9526,9.9828,9.9992,9.6786,9.5822,9.7798,9.8201,9.7189,9.79,9.5996,9.6468,9.6165,9.5725,9.6424,9.5878
Norway,Emissions on agricultural land,Emissions (CO2),kilotonnes,6943.4056,7075.5878,7099.3384,7132.5812,7127.5206,7111.4317,7041.1685,6995.7064,6959.7814,7132.2756,7239.8122,7453.3446,7582.1142,7367.0452,7195.0429,6344.0753,6171.5354,6223.7678,6276.4895,6090.6307,6102.2879
Norway,Emissions on agricultural land,Emissions (CO2eq) from CH4 (AR5),kilotonnes,3119.9659,3101.9495,3062.4689,3066.9401,3035.1667,2994.2345,2952.3914,2892.2132,2851.8248,2824.1565,2820.0378,2789.6476,2771.889,2756.495,2727.1503,2771.5987,2820.363,2825.1584,2807.8382,2765.8297,2738.6142
Norway,Emissions on agricultural land,Emissions (CO2eq) from N2O (AR5),kilotonnes,2651.3344,2638.7729,2637.6378,2672.8772,2677.9702,2671.799,2637.4306,2645.4534,2649.7805,2564.837,2539.2934,2591.6513,2602.3262,2575.4991,2594.349,2543.893,2556.4021,2548.3745,2536.7069,2555.234,2540.7644
Norway,Emissions on agricultural land,Emissions (CO2eq) (AR5),kilotonnes,12714.7059,12816.3102,12799.4451,12872.3985,12840.6576,12777.4653,12630.9906,12533.373,12461.3867,12521.269,12599.1434,12834.6436,12956.3294,12699.0393,12516.5423,11659.567,11548.3006,11597.3006,11621.0346,11411.6944,11381.6665
Norway,Pre- and post- production,Emissions (CH4),kilotonnes,195.6839,226.1625,280.863,314.0995,309.2922,297.719,340.3131,506.8425,833.0465,966.9629,753.1151,719.0925,767.9028,677.4427,688.9448,783.6291,797.6793,848.4306,875.0763,929.0101,945.6631
Norway,Pre- and post- production,Emissions (N2O),kilotonnes,0.3704,0.3744,0.3883,0.3711,0.3931,0.3837,0.3854,0.4044,0.4317,0.4374,0.4556,0.4544,0.4646,0.4651,0.4629,0.474,0.4746,0.4737,0.4803,0.4979,0.4945
Norway,Pre- and post- production,Emissions (CO2),kilotonnes,2091.2183,2117.765,2118.2412,2411.7199,2315.5644,2196.7514,2364.253,2402.8507,2464.1565,2464.2631,2612.9491,2452.295,2491.3069,2543.279,2495.2995,2628.9671,2420.9348,2544.6909,2522.9705,2678.8145,2572.422
Norway,Pre- and post- production,Emissions (CO2eq) from F-gases (AR5),kilotonnes,194.293,229.0995,260.2695,293.5175,325.207,368.3255,402.6125,436.38,442.614,445.2115,447.2895,448.3285,448.848,449.3675,449.3675,449.3675,483.135,491.9665,500.798,509.6295,484.5658
Norway,Pre- and post- production,Emissions (CO2eq) from CH4 (AR5),kilotonnes,5479.1498,6332.5514,7864.1639,8794.7865,8660.1811,8336.1314,9528.7681,14191.5907,23325.302,27074.9608,21087.2239,20134.5898,21501.2783,18968.3943,19290.4554,21941.6136,22335.0199,23756.0558,24502.1365,26012.2829,26478.5682
Norway,Pre- and post- production,Emissions (CO2eq) from N2O (AR5),kilotonnes,98.1579,99.2232,102.9095,98.3499,104.1776,101.6703,102.1209,107.174,114.3895,115.9097,120.746,120.4064,123.1194,123.2456,122.6576,125.6109,125.7676,125.5293,127.2862,131.9382,131.0414
Norway,Pre- and post- production,Emissions (CO2eq) (AR5),kilotonnes,7862.819,8778.639,10345.5841,11598.3739,11405.1302,11002.8786,12397.7546,17137.9954,26346.462,30100.3451,24268.2085,23155.6197,24564.5526,22084.2864,22357.78,25145.5592,25364.8572,26918.2426,27653.1912,29332.6651,29666.5973
Norway,Agri-food systems,Emissions (CH4),kilotonnes,307.1113,336.9465,390.2369,423.6331,417.691,404.6559,445.7557,610.1359,934.8974,1067.8256,853.8308,818.7228,866.8988,775.8889,786.3431,882.6147,898.4065,949.3291,975.3562,1027.7897,1043.4708
Norway,Agri-food systems,Emissions (N2O),kilotonnes,10.3754,10.3321,10.3417,10.4575,10.4987,10.4659,10.3379,10.3873,10.4308,10.116,10.0379,10.2342,10.2847,10.1839,10.2529,10.0736,10.1214,10.0902,10.0528,10.1403,10.0823
Norway,Agri-food systems,Emissions (CO2),kilotonnes,9034.6239,9193.3528,9217.5796,9544.3011,9443.0851,9308.1831,9405.4216,9398.5571,9423.938,9596.5387,9852.7613,9905.6396,10073.421,9910.3242,9690.3424,8973.0424,8592.4702,8768.4587,8799.46,8769.4451,8674.7099
Norway,Agri-food systems,Emissions (CO2eq) from F-gases (AR5),kilotonnes,194.293,229.0995,260.2695,293.5175,325.207,368.3255,402.6125,436.38,442.614,445.2115,447.2895,448.3285,448.848,449.3675,449.3675,449.3675,483.135,491.9665,500.798,509.6295,484.5658
Norway,Agri-food systems,Emissions (CO2eq) from CH4 (AR5),kilotonnes,8599.1156,9434.5009,10926.6328,11861.7265,11695.3478,11330.3659,12481.1595,17083.8039,26177.1269,29899.1173,23907.2617,22924.2374,24273.1673,21724.8894,22017.6057,24713.2123,25155.383,26581.2142,27309.9747,28778.1127,29217.1824
Norway,Agri-food systems,Emissions (CO2eq) from N2O (AR5),kilotonnes,2749.4924,2737.9961,2740.5473,2771.2272,2782.1479,2773.4694,2739.5515,2752.6275,2764.1699,2680.7467,2660.0394,2712.0577,2725.4456,2698.7446,2717.0067,2669.5039,2682.1697,2673.9038,2663.9931,2687.1722,2671.8058
Norway,Agri-food systems,Emissions (CO2eq) (AR5),kilotonnes,20577.5249,21594.9492,23145.0292,24470.7723,24245.7878,23780.3439,25028.7451,29671.3684,38807.8487,42621.6141,36867.352,35990.2633,37520.8819,34783.3257,34874.3223,36805.1262,36913.1578,38515.5432,39274.2258,40744.3595,41048.2639
Norway,IPCC Agriculture,Emissions (CH4),kilotonnes,111.2915,110.6439,109.2381,109.3964,108.2607,106.8025,105.3133,103.1672,101.7267,100.729,100.5756,99.4938,98.849,98.3079,97.2708,98.9089,100.6503,100.8196,100.2023,98.7116,97.7396
Norway,IPCC Agriculture,Emissions (CH4),kilotonnes,107.1635,106.5355,106.0582,107.9459,106.7623,107.2015,104.9487,104.2531,104.3163,105.8321,105.221,102.5079,102.9379,104.0024,104.7391,106.3432,108.4473,108.0802,107.3563,104.4497,103.9933
Norway,IPCC Agriculture,Direct emissions (N2O),kilotonnes,3.6944,3.6337,3.6129,3.6997,3.7242,3.7171,3.6413,3.674,3.7054,3.413,3.3094,3.4342,3.4209,3.4189,3.5186,3.6167,3.6398,3.6036,3.5387,3.6683,3.6223
Norway,IPCC Agriculture,Indirect emissions (N2O),kilotonnes,1.2432,1.2235,1.2213,1.2485,1.2542,1.2537,1.2308,1.2407,1.2475,1.1598,1.123,1.1664,1.1613,1.164,1.1931,1.2242,1.2339,1.2216,1.2087,1.2385,1.2237
Norway,IPCC Agriculture,Emissions (N2O),kilotonnes,9.3096,9.2253,9.2089,9.3418,9.3769,9.3782,9.2853,9.3329,9.364,8.9819,8.8621,9.061,9.0606,9.0586,9.2,9.3331,9.384,9.3513,9.3,9.4334,9.3788
Norway,IPCC Agriculture,Emissions (N2O),kilotonnes,5.9398,5.8165,5.8116,5.9533,5.9785,5.9734,5.8882,5.9402,5.8911,5.7311,5.5427,5.6773,5.7003,5.7747,5.9262,6.0046,5.9992,5.9337,5.8883,6.0146,5.9811
Norway,IPCC Agriculture,Emissions (CO2),kilotonnes,137.2188,139.5567,136.065,123.9485,111.4643,109.2794,103.9251,98.6537,95.7232,88.2693,78.3321,78.2616,80.0993,81.8255,88.7694,89.8925,88.5029,93.5329,103.0097,114.4056,127.4046
Norway,IPCC Agriculture,Emissions (CO2eq) from CH4 (AR5),kilotonnes,3116.1628,3098.0281,3058.6681,3063.0982,3031.2997,2990.4693,2948.7735,2888.6821,2848.3471,2820.4132,2816.1154,2785.8268,2767.7715,2752.6208,2723.5821,2769.4481,2818.2082,2822.9481,2805.6657,2763.9249,2736.7094
Norway,IPCC Agriculture,Emissions (CO2eq) from CH4 (AR5),kilotonnes,3000.5775,2982.9931,2969.6284,3022.4844,2989.3457,3001.6413,2938.565,2919.0864,2920.8565,2963.2985,2946.1882,2870.2199,2882.2612,2912.066,2932.6943,2977.6105,3036.5248,3026.2464,3005.976,2924.591,2911.8132
Norway,IPCC Agriculture,Emissions (CO2eq) from N2O (AR5),kilotonnes,2467.0544,2444.7056,2440.3502,2475.5681,2484.8825,2485.2201,2460.6041,2473.2089,2481.4558,2380.2028,2348.4661,2401.1669,2401.0553,2400.5415,2437.9884,2473.282,2486.7634,2478.0956,2464.4944,2499.8446,2485.375
Norway,IPCC Agriculture,Emissions (CO2eq) from N2O (AR5),kilotonnes,1574.0464,1541.3712,1540.0793,1577.6301,1584.2939,1582.9408,1560.3774,1574.1519,1561.136,1518.7368,1468.8073,1504.4899,1510.5765,1530.2917,1570.4413,1591.2093,1589.7979,1572.4177,1560.4054,1593.8807,1585.0026
Norway,IPCC Agriculture,Emissions (CO2eq) (AR5),kilotonnes,5583.2172,5542.7337,5499.0184,5538.6663,5516.1822,5475.6894,5409.3775,5361.891,5329.8029,5200.6159,5164.5815,5186.9937,5168.8269,5153.1624,5161.5705,5242.73,5304.9715,5301.0437,5270.1601,5263.7695,5222.0843
Norway,IPCC Agriculture,Emissions (CO2eq) (AR5),kilotonnes,4711.8427,4663.921,4645.7727,4724.063,4685.1039,4693.8615,4602.8674,4591.892,4577.7157,4570.3046,4493.3276,4452.9714,4472.937,4524.1832,4591.905,4658.7123,4714.8256,4692.197,4669.3911,4632.8773,4624.2203
Norway,Agricultural Soils,Direct emissions (N2O),kilotonnes,3.6944,3.6337,3.6129,3.6997,3.7242,3.7171,3.6413,3.674,3.7054,3.413,3.3094,3.4342,3.4209,3.4189,3.5186,3.6167,3.6398,3.6036,3.5387,3.6683,3.6223
Norway,Agricultural Soils,Direct emissions (N2O),kilotonnes,4.6904,4.5789,4.5741,4.668,4.6937,4.6866,4.6163,4.6543,4.6058,4.4631,4.3046,4.43,4.4439,4.4967,4.6286,4.6956,4.6888,4.6403,4.6053,4.7279,4.7038
Norway,Agricultural Soils,Indirect emissions (N2O),kilotonnes,1.2432,1.2235,1.2213,1.2485,1.2542,1.2537,1.2308,1.2407,1.2475,1.1598,1.123,1.1664,1.1613,1.164,1.1931,1.2242,1.2339,1.2216,1.2087,1.2385,1.2237
Norway,Agricultural Soils,Indirect emissions (N2O),kilotonnes,0.7533,0.7354,0.7366,0.7636,0.7679,0.7669,0.7562,0.7681,0.7626,0.7416,0.7111,0.7338,0.7385,0.7511,0.7698,0.7782,0.7746,0.7618,0.752,0.7677,0.7625
Norway,Agricultural Soils,Emissions (N2O),kilotonnes,8.5751,8.5168,8.4952,8.6218,8.6649,8.6731,8.582,8.6322,8.6716,8.299,8.1876,8.3932,8.3852,8.3871,8.5333,8.6631,8.7089,8.6667,8.6225,8.7623,8.7098
Norway,Agricultural Soils,Emissions (N2O),kilotonnes,5.4437,5.3143,5.3107,5.4316,5.4616,5.4535,5.3726,5.4224,5.3684,5.2047,5.0156,5.1638,5.1823,5.2477,5.3985,5.4738,5.4634,5.4021,5.3573,5.4957,5.4663
Norway,Agricultural Soils,Emissions (CO2eq) from N2O (AR5),kilotonnes,2272.41,2256.9521,2251.2266,2284.7791,2296.1966,2298.3636,2274.2188,2287.5238,2297.9697,2199.2418,2169.7086,2224.1963,2222.0669,2222.5769,2261.3172,2295.7216,2307.8485,2296.6738,2284.9579,2322.0202,2308.0896
Norway,Agricultural Soils,Emissions (CO2eq) from N2O (AR5),kilotonnes,1442.5863,1408.2768,1407.3408,1439.3695,1447.3157,1445.1847,1423.7321,1436.9306,1422.6213,1379.2569,1329.1441,1368.3968,1373.3221,1390.6466,1430.5947,1450.5621,1447.7977,1431.5553,1419.6963,1456.3498,1448.559
Norway,Agricultural Soils,Emissions (CO2eq) (AR5),kilotonnes,2272.41,2256.9521,2251.2266,2284.7791,2296.1966,2298.3636,2274.2188,2287.5238,2297.9697,2199.2418,2169.7086,2224.1963,2222.0669,2222.5769,2261.3172,2295.7216,2307.8485,2296.6738,2284.9579,2322.0202,2308.0896
Norway,Agricultural Soils,Emissions (CO2eq) (AR5),kilotonnes,1442.5863,1408.2768,1407.3408,1439.3695,1447.3157,1445.1847,1423.7321,1436.9306,1422.6213,1379.2569,1329.1441,1368.3968,1373.3221,1390.6466,1430.5947,1450.5621,1447.7977,1431.5553,1419.6963,1456.3498,1448.559
Norway,LULUCF,Emissions (CH4),kilotonnes,0.0574,0,0,0,0,0,0.0244,0.0224,0,0,0,0,0,0,0,0,0,0,0.0244,0,0
Norway,LULUCF,Emissions (CH4),kilotonnes,6.1745,6.1989,6.218,6.2372,6.2445,6.2723,6.3525,6.2626,6.4089,6.2743,6.2856,6.2707,6.2796,6.2935,6.3366,6.3443,6.364,6.376,6.4368,6.446,
Norway,LULUCF,Emissions (N2O),kilotonnes,0.0032,0,0,0,0,0,0.0022,0.002,0,0,0,0,0,0,0,0,0,0,0.0022,0,0
Norway,LULUCF,Emissions (N2O),kilotonnes,0.996,1.0049,1.0173,1.0266,1.0251,1.034,1.0491,1.0473,1.0708,1.0809,1.0955,1.0941,1.0944,1.0912,1.0905,1.0946,1.1175,1.1185,1.1171,1.1115,
Norway,LULUCF,Emissions (CO2),kilotonnes,-11086.3953,-18870.9268,-18869.0407,-18851.213,-18832.9877,-18810.6824,-18799.9674,-18789.1234,-18787.452,-18776.6947,-18735.8244,-14849.4706,-14834.7381,-14833.063,-14808.5275,-14807.6025,-14822.8251,-14813.876,-14766.449,-14793.9233,-14782.266
Norway,LULUCF,Emissions (CO2),kilotonnes,-20039.4998,-21942.6574,-23005.8346,-24582.9597,-24220.4723,-21497.201,-23443.2659,-23525.9581,-24817.6386,-28176.5631,-24756.9796,-26074.9617,-22377.4086,-22868.2738,-19074.0278,-14563.7606,-15316.9726,-16403.2026,-17199.9709,-19129.4244,
Norway,LULUCF,Emissions (CO2eq) from CH4 (AR5),kilotonnes,1.6075,0,0,0,0,0,0.6841,0.6267,0,0,0,0,0,0,0,0,0,0,0.6843,0,0
Norway,LULUCF,Emissions (CO2eq) from N2O (AR5),kilotonnes,0.8416,0,0,0,0,0,0.5912,0.5416,0,0,0,0,0,0,0,0,0,0,0.5914,0,0
Norway,LULUCF,Emissions (CO2eq) (AR5),kilotonnes,-11083.9462,-18870.9268,-18869.0407,-18851.213,-18832.9877,-18810.6824,-18798.6922,-18787.9551,-18787.452,-18776.6947,-18735.8244,-14849.4706,-14834.7381,-14833.063,-14808.5275,-14807.6025,-14822.8251,-14813.876,-14765.1733,-14793.9233,-14782.266
Norway,LULUCF,Emissions (CO2eq) (AR5),kilotonnes,-20039.4998,-21942.6574,-23005.8346,-24582.9597,-24220.4723,-21497.201,-23443.2659,-23525.9581,-24817.6386,-28176.5631,-24756.9796,-26074.9617,-22377.4086,-22868.2738,-19074.0278,-14563.7606,-15316.9726,-16403.2026,-17199.9709,-19129.4244,
Norway,AFOLU,Emissions (CH4),kilotonnes,111.3489,110.6439,109.2381,109.3964,108.2607,106.8025,105.3378,103.1896,101.7267,100.729,100.5756,99.4938,98.849,98.3079,97.2708,98.9089,100.6503,100.8196,100.2268,98.7116,97.7396
Norway,AFOLU,Emissions (N2O),kilotonnes,9.3128,9.2253,9.2089,9.3418,9.3769,9.3782,9.2875,9.3349,9.364,8.9819,8.8621,9.061,9.0606,9.0586,9.2,9.3331,9.384,9.3513,9.3022,9.4334,9.3788
Norway,AFOLU,Emissions (CO2),kilotonnes,-11086.3953,-18870.9268,-18869.0407,-18851.213,-18832.9877,-18810.6824,-18799.9674,-18789.1234,-18787.452,-18776.6947,-18735.8244,-14849.4706,-14834.7381,-14833.063,-14808.5275,-14807.6025,-14822.8251,-14813.876,-14766.449,-14793.9233,-14782.266
Norway,AFOLU,Emissions (CO2eq) from CH4 (AR5),kilotonnes,3117.7703,3098.0281,3058.6681,3063.0982,3031.2997,2990.4693,2949.4576,2889.3089,2848.3471,2820.4132,2816.1154,2785.8268,2767.7715,2752.6208,2723.5821,2769.4481,2818.2082,2822.9481,2806.3501,2763.9249,2736.7094
Norway,AFOLU,Emissions (CO2eq) from N2O (AR5),kilotonnes,2467.896,2444.7056,2440.3502,2475.5681,2484.8825,2485.2201,2461.1952,2473.7504,2481.4558,2380.2028,2348.4661,2401.1669,2401.0553,2400.5415,2437.9884,2473.282,2486.7634,2478.0956,2465.0857,2499.8446,2485.375
Norway,AFOLU,Emissions (CO2eq) (AR5),kilotonnes,-5500.729,-13328.193,-13370.0223,-13312.5467,-13316.8055,-13334.993,-13389.3146,-13426.0641,-13457.649,-13576.0788,-13571.2428,-9662.4769,-9665.9112,-9679.9007,-9646.957,-9564.8725,-9517.8536,-9512.8322,-9495.0132,-9530.1538,-9560.1817
Norway,All sectors with LULUCF,Emissions (CH4),kilotonnes,805.4489,828.9939,865.3781,905.6664,900.6407,867.7525,870.0178,891.1796,907.8767,883.809,853.6156,818.9638,829.109,814.0279,820.7008,842.7789,842.9203,851.6496,859.2068,838.7116,847.5596
Norway,All sectors with LULUCF,Emissions (N2O),kilotonnes,17.5478,17.5683,17.5489,17.9508,18.0069,17.9472,16.8695,15.9779,14.88,13.6429,14.6891,14.875,15.0266,14.8116,14.826,15.0711,15.024,14.9003,14.8872,14.9604,14.2028
Norway,All sectors with LULUCF,Emissions (CO2),kilotonnes,36503.7477,31009.2162,27231.0427,34558.8704,32097.0957,31289.401,32950.1101,33140.9566,44992.6225,43793.3263,38244.3136,35270.7164,37175.4299,40107.101,39841.6995,39212.5935,32857.3829,39826.338,40183.779,38626.2527,37157.913
Norway,All sectors with LULUCF,Emissions (CO2eq) from F-gases (AR5),kilotonnes,6364.9925,6481.6031,4819.9027,5257.1923,5830.5275,6092.9012,5927.703,6122.0539,6199.7942,3537.1867,2468.2566,2876.3936,2468.2566,2409.9514,2312.7759,2186.4478,2429.3865,2011.532,2098.9899,2371.0812,2254.4706
Norway,All sectors with LULUCF,Emissions (CO2eq) from CH4 (AR5),kilotonnes,22552.5703,23211.8281,24230.5881,25358.6582,25217.9397,24297.0693,24360.4976,24953.0289,25420.5471,24746.6532,23901.2354,22930.9868,23215.0515,22792.7808,22979.6221,23597.8081,23601.7682,23846.1881,24057.7901,23483.9249,23731.6694
Norway,All sectors with LULUCF,Emissions (CO2eq) from N2O (AR5),kilotonnes,4650.171,4655.6006,4650.4502,4756.9531,4771.8325,4756.0051,4470.4252,4234.1454,3943.1958,3615.3678,3892.6211,3941.8769,3982.0453,3925.0865,3928.8784,3993.852,3981.3634,3948.5806,3945.1107,3964.4996,3763.735
Norway,All sectors with LULUCF,Emissions (CO2eq) (AR5),kilotonnes,70071.4815,65358.248,60931.9838,69931.674,67917.3954,66435.3766,67708.7358,68450.1848,80556.1597,75692.5339,68506.4268,65019.9736,66840.7834,69234.9197,69062.9759,68990.7013,62869.9009,69632.6387,70285.6697,68445.7584,66907.788
Norway,All sectors without LULUCF,Emissions (CH4),kilotonnes,805.3915,828.9939,865.3781,905.6664,900.6407,867.7525,869.9933,891.1572,907.8767,883.809,853.6156,818.9638,829.109,814.0279,820.7008,842.7789,842.9203,851.6496,859.1823,838.7116,847.5596
Norway,All sectors without LULUCF,Emissions (N2O),kilotonnes,17.5446,17.5683,17.5489,17.9508,18.0069,17.9472,16.8673,15.9759,14.88,13.6429,14.6891,14.875,15.0266,14.8116,14.826,15.0711,15.024,14.9003,14.885,14.9604,14.2028
Norway,All sectors without LULUCF,Emissions (CO2),kilotonnes,47590.143,49880.143,46100.0834,53410.0834,50930.0834,50100.0834,51750.0775,51930.08,63780.0745,62570.021,56980.138,50120.187,52010.168,54940.164,54650.227,54020.196,47680.208,54640.214,54950.228,53420.176,51940.179
Norway,All sectors without LULUCF,Emissions (CO2eq) from F-gases (AR5),kilotonnes,6364.9925,6481.6031,4819.9027,5257.1923,5830.5275,6092.9012,5927.703,6122.0539,6199.7942,3537.1867,2468.2566,2876.3936,2468.2566,2409.9514,2312.7759,2186.4478,2429.3865,2011.532,2098.9899,2371.0812,2254.4706
Norway,All sectors without LULUCF,Emissions (CO2eq) from CH4 (AR5),kilotonnes,22550.9628,23211.8281,24230.5881,25358.6582,25217.9397,24297.0693,24359.8135,24952.4021,25420.5471,24746.6532,23901.2354,22930.9868,23215.0515,22792.7808,22979.6221,23597.8081,23601.7682,23846.1881,24057.1057,23483.9249,23731.6694
Norway,All sectors without LULUCF,Emissions (CO2eq) from N2O (AR5),kilotonnes,4649.3294,4655.6006,4650.4502,4756.9531,4771.8325,4756.0051,4469.8341,4233.6039,3943.1958,3615.3678,3892.6211,3941.8769,3982.0453,3925.0865,3928.8784,3993.852,3981.3634,3948.5806,3944.5194,3964.4996,3763.735
Norway,All sectors without LULUCF,Emissions (CO2eq) (AR5),kilotonnes,81155.4277,84229.1748,79801.0245,88782.887,86750.3831,85246.059,86507.428,87238.1399,99343.6117,94469.2286,87242.2512,79869.4442,81675.5215,84067.9827,83871.5034,83798.3038,77692.726,84446.5147,85050.843,83239.6816,81690.054
Oman,Crop Residues,Direct emissions (N2O),kilotonnes,0.0049,0.0047,0.0048,0.0048,0.0056,0.0046,0.0044,0.0047,0.0045,0.0077,0.006,0.0075,0.0068,0.0065,0.0054,0.0102,0.0081,0.0082,0.0084,0.0084,0.0221
Oman,Crop Residues,Indirect emissions (N2O),kilotonnes,0.0011,0.0011,0.0011,0.0011,0.0013,0.001,0.001,0.0011,0.001,0.0017,0.0013,0.0017,0.0015,0.0015,0.0012,0.0023,0.0018,0.0019,0.0019,0.0019,0.005
Oman,Crop Residues,Emissions (N2O),kilotonnes,0.0059,0.0058,0.0059,0.0059,0.0069,0.0057,0.0054,0.0058,0.0055,0.0095,0.0073,0.0092,0.0084,0.008,0.0066,0.0125,0.01,0.0101,0.0102,0.0103,0.0271
Oman,Crop Residues,Emissions (CO2eq) from N2O (AR5),kilotonnes,1.5751,1.5337,1.5666,1.5645,1.8322,1.4983,1.4255,1.527,1.4554,2.5108,1.9412,2.4356,2.2191,2.1256,1.7566,3.3213,2.6391,2.6704,2.7113,2.7382,7.169
Oman,Crop Residues,Emissions (CO2eq) (AR5),kilotonnes,1.5751,1.5337,1.5666,1.5645,1.8322,1.4983,1.4255,1.527,1.4554,2.5108,1.9412,2.4356,2.2191,2.1256,1.7566,3.3213,2.6391,2.6704,2.7113,2.7382,7.169
Oman,Burning - Crop residues,Emissions (CH4),kilotonnes,0.0082,0.0079,0.0076,0.0074,0.0071,0.0066,0.0063,0.0061,0.0059,0.0059,0.0056,0.0061,0.0054,0.0055,0.0052,0.0048,0.004,0.004,0.004,0.004,0.0099
Oman,Burning - Crop residues,Emissions (N2O),kilotonnes,0.0002,0.0002,0.0002,0.0002,0.0002,0.0002,0.0002,0.0002,0.0002,0.0002,0.0001,0.0002,0.0001,0.0001,0.0001,0.0001,0.0001,0.0001,0.0001,0.0001,0.0003
Oman,Burning - Crop residues,Emissions (CO2eq) from CH4 (AR5),kilotonnes,0.229,0.2211,0.2131,0.2067,0.199,0.1853,0.1777,0.1719,0.166,0.1661,0.1571,0.1709,0.1506,0.1545,0.1452,0.1331,0.1121,0.1119,0.1117,0.1123,0.2762
Oman,Burning - Crop residues,Emissions (CO2eq) from N2O (AR5),kilotonnes,0.0562,0.0543,0.0523,0.0507,0.0488,0.0455,0.0436,0.0422,0.0407,0.0408,0.0385,0.0419,0.0369,0.0379,0.0356,0.0326,0.0275,0.0275,0.0274,0.0276,0.0678
Oman,Burning - Crop residues,Emissions (CO2eq) (AR5),kilotonnes,0.2852,0.2754,0.2654,0.2574,0.2478,0.2308,0.2213,0.2141,0.2067,0.2069,0.1956,0.2128,0.1875,0.1924,0.1808,0.1657,0.1396,0.1394,0.1391,0.1399,0.344
Oman,Enteric Fermentation,Emissions (CH4),kilotonnes,22.2384,22.9373,23.1426,24.0485,24.4136,25.7558,26.311,26.9521,27.3543,27.8676,28.962,29.5402,30.0868,37.672,38.1016,38.8575,39.6304,40.3915,41.192,42.0143,42.9088
Oman,Enteric Fermentation,Emissions (CH4),kilotonnes,,,,,,,,,,,,,,,,43.43,,,,,
Oman,Enteric Fermentation,Emissions (CO2eq) from CH4 (AR5),kilotonnes,622.6752,642.2444,647.9928,673.3594,683.5801,721.1632,736.7067,754.6588,765.921,780.2914,810.9357,827.1256,842.4304,1054.8161,1066.8445,1088.0111,1109.6518,1130.963,1153.3764,1176.4001,1201.4465
Oman,Enteric Fermentation,Emissions (CO2eq) from CH4 (AR5),kilotonnes,,,,,,,,,,,,,,,,1216.04,,,,,
Oman,Enteric Fermentation,Emissions (CO2eq) (AR5),kilotonnes,622.6752,642.2444,647.9928,673.3594,683.5801,721.1632,736.7067,754.6588,765.921,780.2914,810.9357,827.1256,842.4304,1054.8161,1066.8445,1088.0111,1109.6518,1130.963,1153.3764,1176.4001,1201.4465
Oman,Enteric Fermentation,Emissions (CO2eq) (AR5),kilotonnes,,,,,,,,,,,,,,,,1216.04,,,,,
Oman,Manure Management,Emissions (CH4),kilotonnes,1.0698,1.0996,1.1098,1.1935,1.2248,1.2973,1.3164,1.3609,1.3697,1.394,1.4912,1.52,1.545,1.9303,1.924,1.9608,1.9981,2.0335,2.0717,2.1118,2.1602
Oman,Manure Management,Emissions (CH4),kilotonnes,,,,,,,,,,,,,,,,,,,,,
Oman,Manure Management,Emissions (N2O),kilotonnes,0.0108,0.0114,0.0117,0.0121,0.0124,0.0121,0.0119,0.0121,0.0123,0.0125,0.0129,0.0132,0.0134,0.0139,0.014,0.0143,0.0146,0.0149,0.0152,0.0154,0.0157
Oman,Manure Management,Emissions (N2O),kilotonnes,,,,,,,,,,,,,,,,,,,,,
Oman,Manure Management,Emissions (CO2eq) from CH4 (AR5),kilotonnes,29.9534,30.7887,31.0736,33.4181,34.293,36.3236,36.8581,38.1056,38.3516,39.0312,41.753,42.5595,43.2606,54.0496,53.8708,54.9018,55.9481,56.938,58.0086,59.1309,60.4851
Oman,Manure Management,Emissions (CO2eq) from CH4 (AR5),kilotonnes,,,,,,,,,,,,,,,,,,,,,
Oman,Manure Management,Emissions (CO2eq) from N2O (AR5),kilotonnes,2.8745,3.0189,3.1012,3.2192,3.2978,3.1935,3.1625,3.2194,3.2719,3.3169,3.4217,3.4918,3.5557,3.6722,3.7062,3.8019,3.8678,3.9608,4.0231,4.091,4.1602
Oman,Manure Management,Emissions (CO2eq) from N2O (AR5),kilotonnes,,,,,,,,,,,,,,,,,,,,,
Oman,Manure Management,Emissions (CO2eq) (AR5),kilotonnes,32.8279,33.8076,34.1749,36.6373,37.5908,39.5171,40.0206,41.3251,41.6234,42.3481,45.1747,46.0513,46.8162,57.7218,57.577,58.7037,59.816,60.8988,62.0317,63.2219,64.6453
Oman,Manure Management,Emissions (CO2eq) (AR5),kilotonnes,,,,,,,,,,,,,,,,,,,,,
Oman,Manure left on Pasture,Direct emissions (N2O),kilotonnes,0.8359,0.8656,0.8805,0.9164,0.9384,1.0088,1.0275,1.0515,1.0671,1.0865,1.1293,1.1519,1.1731,1.3512,1.3649,1.3928,1.4201,1.4479,1.476,1.505,1.5367
Oman,Manure left on Pasture,Indirect emissions (N2O),kilotonnes,0.257,0.2648,0.2688,0.278,0.2836,0.3226,0.3292,0.336,0.3415,0.3478,0.3592,0.3663,0.3732,0.4448,0.4508,0.4599,0.4689,0.4781,0.4874,0.4971,0.5073
Oman,Manure left on Pasture,Emissions (N2O),kilotonnes,1.0929,1.1304,1.1493,1.1944,1.2219,1.3314,1.3567,1.3875,1.4086,1.4343,1.4885,1.5182,1.5464,1.796,1.8157,1.8526,1.889,1.9261,1.9635,2.0021,2.044
Oman,Manure left on Pasture,Emissions (CO2eq) from N2O (AR5),kilotonnes,289.6203,299.5525,304.5702,316.5259,323.8083,352.827,359.5211,367.679,373.2684,380.0861,394.4552,402.3304,409.7884,475.9283,481.1487,490.9505,500.5923,510.4064,520.3187,530.5552,541.6486
Oman,Manure left on Pasture,Emissions (CO2eq) (AR5),kilotonnes,289.6203,299.5525,304.5702,316.5259,323.8083,352.827,359.5211,367.679,373.2684,380.0861,394.4552,402.3304,409.7884,475.9283,481.1487,490.9505,500.5923,510.4064,520.3187,530.5552,541.6486
Oman,Manure applied to Soils,Direct emissions (N2O),kilotonnes,0.0169,0.0177,0.0182,0.0189,0.0194,0.0191,0.0188,0.0191,0.0194,0.0196,0.0202,0.0206,0.021,0.0216,0.0219,0.0225,0.0228,0.0234,0.0237,0.0241,0.0245
Oman,Manure applied to Soils,Indirect emissions (N2O),kilotonnes,0.0072,0.0075,0.0078,0.008,0.0082,0.0081,0.008,0.0081,0.0082,0.0083,0.0086,0.0088,0.0089,0.0092,0.0093,0.0095,0.0097,0.0099,0.0101,0.0103,0.0104
Oman,Manure applied to Soils,Emissions (N2O),kilotonnes,0.024,0.0253,0.026,0.027,0.0276,0.0272,0.0268,0.0272,0.0276,0.028,0.0288,0.0294,0.0299,0.0308,0.0311,0.032,0.0325,0.0334,0.0338,0.0344,0.0349
Oman,Manure applied to Soils,Emissions (CO2eq) from N2O (AR5),kilotonnes,6.372,6.6952,6.8913,7.1509,7.3179,7.2152,7.0895,7.1997,7.3206,7.4132,7.623,7.78,7.9221,8.1743,8.2522,8.4787,8.6193,8.8381,8.9667,9.1102,9.2513
Oman,Manure applied to Soils,Emissions (CO2eq) (AR5),kilotonnes,6.372,6.6952,6.8913,7.1509,7.3179,7.2152,7.0895,7.1997,7.3206,7.4132,7.623,7.78,7.9221,8.1743,8.2522,8.4787,8.6193,8.8381,8.9667,9.1102,9.2513
Oman,Synthetic Fertilizers,Direct emissions (N2O),kilotonnes,0.0621,0.0901,0.0664,0.0275,0.0947,0.1258,0.1299,0.1199,0.1785,0.1323,0.1513,0.1488,0.1572,0.1764,0.1352,0.1466,0.1401,0.1382,0.1616,0.1616,0.1616
Oman,Synthetic Fertilizers,Indirect emissions (N2O),kilotonnes,0.0202,0.0293,0.0216,0.0089,0.0308,0.0409,0.0422,0.039,0.058,0.043,0.0492,0.0484,0.0511,0.0573,0.0439,0.0477,0.0455,0.0449,0.0525,0.0525,0.0525
Oman,Synthetic Fertilizers,Emissions (N2O),kilotonnes,0.0822,0.1194,0.088,0.0364,0.1255,0.1667,0.1721,0.1588,0.2365,0.1753,0.2005,0.1972,0.2083,0.2337,0.1791,0.1943,0.1856,0.1832,0.2141,0.2141,0.2141
Oman,Synthetic Fertilizers,Emissions (CO2eq) from N2O (AR5),kilotonnes,21.7948,31.6384,23.3222,9.6559,33.2612,44.1856,45.6053,42.0925,62.6723,46.4493,53.1374,52.258,55.1947,61.9257,47.473,51.4866,49.1926,48.5354,56.7418,56.7418,56.7418
Oman,Synthetic Fertilizers,Emissions (CO2eq) (AR5),kilotonnes,21.7948,31.6384,23.3222,9.6559,33.2612,44.1856,45.6053,42.0925,62.6723,46.4493,53.1374,52.258,55.1947,61.9257,47.473,51.4866,49.1926,48.5354,56.7418,56.7418,56.7418
Oman,Drained organic soils,Emissions (CO2eq) (AR5),kilotonnes,0,0,0,0,0,0,0,0,0,0,0,0,0,0,0,0,0,0,0,0,0
Oman,Drained organic soils (CO2),Emissions (CO2),kilotonnes,0,0,0,0,0,0,0,0,0,0,0,0,0,0,0,0,0,0,0,0,0
Oman,Drained organic soils (CO2),Emissions (CO2eq) (AR5),kilotonnes,0,0,0,0,0,0,0,0,0,0,0,0,0,0,0,0,0,0,0,0,0
Oman,Drained organic soils (N2O),Emissions (N2O),kilotonnes,0,0,0,0,0,0,0,0,0,0,0,0,0,0,0,0,0,0,0,0,0
Oman,Drained organic soils (N2O),Emissions (CO2eq) from N2O (AR5),kilotonnes,0,0,0,0,0,0,0,0,0,0,0,0,0,0,0,0,0,0,0,0,0
Oman,Drained organic soils (N2O),Emissions (CO2eq) (AR5),kilotonnes,0,0,0,0,0,0,0,0,0,0,0,0,0,0,0,0,0,0,0,0,0
Oman,On-farm energy use,Emissions (CH4),kilotonnes,0.1164,0.097,0.0947,0.153,0.1352,0.1387,0.1593,0.1793,0.2135,0.1917,0.197,0.2178,0.2278,0.2122,0.2003,0.189,0.1606,0.1483,0.1366,0.1274,0.1274
Oman,On-farm energy use,Emissions (N2O),kilotonnes,0.0656,0.074,0.0678,0.0688,0.0676,0.0714,0.0747,0.1892,0.3421,0.2741,0.2713,0.351,0.3618,0.3513,0.3703,0.3568,0.3033,0.3602,0.3211,0.3115,0.3115
Oman,On-farm energy use,Emissions (CO2),kilotonnes,807.229,666.781,657.002,1100.8656,961.2589,964.3049,1148.3296,1428.099,1881.8646,1566.1908,1586.9067,1803.4465,1828.1548,1628.2782,1548.3478,1424.2183,1179.8235,1206.4326,1148.0734,1094.9562,1094.9562
Oman,On-farm energy use,Emissions (CO2eq) from CH4 (AR5),kilotonnes,3.2579,2.7164,2.6519,4.2838,3.7866,3.8824,4.4617,5.0216,5.9766,5.367,5.5154,6.0996,6.3785,5.9428,5.6087,5.2907,4.4957,4.1536,3.8257,3.5666,3.5666
Oman,On-farm energy use,Emissions (CO2eq) from N2O (AR5),kilotonnes,17.3721,19.6058,17.9614,18.2242,17.9053,18.9158,19.7957,50.1503,90.6573,72.6369,71.8929,93.0209,95.876,93.0996,98.1259,94.5505,80.3682,95.4574,85.1019,82.5525,82.5525
Oman,On-farm energy use,Emissions (CO2eq) (AR5),kilotonnes,827.859,689.1032,677.6154,1123.3735,982.9508,987.103,1172.5871,1483.2709,1978.4985,1644.1947,1664.315,1902.567,1930.4093,1727.3205,1652.0824,1524.0595,1264.6874,1306.0437,1237.001,1181.0752,1181.0752
Oman,Forestland,Emissions (CO2),kilotonnes,0,0,0,0,0,0,0,0,0,0,0,0,0,0,0,0,-3.8683,-3.8683,-3.8683,-3.8683,-3.8683
Oman,Forestland,Emissions (CO2eq) (AR5),kilotonnes,0,0,0,0,0,0,0,0,0,0,0,0,0,0,0,0,-3.8683,-3.8683,-3.8683,-3.8683,-3.8683
Oman,Net Forest conversion,Emissions (CO2),kilotonnes,0,0,0,0,0,0,0,0,0,0,0,0,0,0,0,0,22.9753,22.9753,22.9753,22.9753,22.9753
Oman,Net Forest conversion,Emissions (CO2eq) (AR5),kilotonnes,0,0,0,0,0,0,0,0,0,0,0,0,0,0,0,0,22.9753,22.9753,22.9753,22.9753,22.9753
Oman,Savanna fires,Emissions (CH4),kilotonnes,0,0,0,0,0,0,0,0,0,0,0,0,0,0,0.0004,0,0,0,0,0,0
Oman,Savanna fires,Emissions (N2O),kilotonnes,0,0,0,0,0,0,0,0,0,0,0,0,0,0,0,0,0,0,0,0,0
Oman,Savanna fires,Emissions (CO2eq) from CH4 (AR5),kilotonnes,0,0,0,0,0,0,0,0,0,0,0,0,0,0,0.0113,0,0,0,0,0,0
Oman,Savanna fires,Emissions (CO2eq) from N2O (AR5),kilotonnes,0,0,0,0,0,0,0,0,0,0,0,0,0,0,0.0098,0,0,0,0,0,0
Oman,Savanna fires,Emissions (CO2eq) (AR5),kilotonnes,0,0,0,0,0,0,0,0,0,0,0,0,0,0,0.0211,0,0,0,0,0,0
Oman,Fires in organic soils,Emissions (CH4),kilotonnes,0,0,0,0,0,0,0,0,0,0,0,0,0,0,0,0,0,0,0,0,0
Oman,Fires in organic soils,Emissions (CO2),kilotonnes,0,0,0,0,0,0,0,0,0,0,0,0,0,0,0,0,0,0,0,0,0
Oman,Fires in organic soils,Emissions (CO2eq) from CH4 (AR5),kilotonnes,0,0,0,0,0,0,0,0,0,0,0,0,0,0,0,0,0,0,0,0,0
Oman,Fires in organic soils,Emissions (CO2eq) (AR5),kilotonnes,0,0,0,0,0,0,0,0,0,0,0,0,0,0,0,0,0,0,0,0,0
Oman,Forest fires,Emissions (CH4),kilotonnes,0,0,0,0,0,0,0,0,0,0,0,0,0,0,0,0,0,0,0,0,0
Oman,Forest fires,Emissions (N2O),kilotonnes,0,0,0,0,0,0,0,0,0,0,0,0,0,0,0,0,0,0,0,0,0
Oman,Forest fires,Emissions (CO2eq) from CH4 (AR5),kilotonnes,0,0,0,0,0,0,0,0,0,0,0,0,0,0,0,0,0,0,0,0,0
Oman,Forest fires,Emissions (CO2eq) from N2O (AR5),kilotonnes,0,0,0,0,0,0,0,0,0,0,0,0,0,0,0,0,0,0,0,0,0
Oman,Forest fires,Emissions (CO2eq) (AR5),kilotonnes,0,0,0,0,0,0,0,0,0,0,0,0,0,0,0,0,0,0,0,0,0
Oman,Fires in humid tropical forests,Emissions (CH4),kilotonnes,0,0,0,0,0,0,0,0,0,0,0,0,0,0,0,0,0,0,0,0,0
Oman,Fires in humid tropical forests,Emissions (N2O),kilotonnes,0,0,0,0,0,0,0,0,0,0,0,0,0,0,0,0,0,0,0,0,0
Oman,Fires in humid tropical forests,Emissions (CO2eq) from CH4 (AR5),kilotonnes,0,0,0,0,0,0,0,0,0,0,0,0,0,0,0,0,0,0,0,0,0
Oman,Fires in humid tropical forests,Emissions (CO2eq) from N2O (AR5),kilotonnes,0,0,0,0,0,0,0,0,0,0,0,0,0,0,0,0,0,0,0,0,0
Oman,Fires in humid tropical forests,Emissions (CO2eq) (AR5),kilotonnes,0,0,0,0,0,0,0,0,0,0,0,0,0,0,0,0,0,0,0,0,0
Oman,Waste - agri-food systems,Emissions (CH4),kilotonnes,8.8104,9.6584,10.5574,10.5499,10.6754,10.8465,10.9166,11.0414,11.1898,11.3606,11.6083,11.8856,12.2331,12.6137,12.8672,13.15,13.4187,13.65,13.8493,14.0929,14.3118
Oman,Waste - agri-food systems,Emissions (N2O),kilotonnes,0.0643,0.0807,0.0794,0.0819,0.0805,0.082,0.0887,0.0961,0.1036,0.1084,0.1155,0.1201,0.1249,0.1437,0.1429,0.1497,0.1525,0.1558,0.1567,0.1576,0.1582
Oman,Waste - agri-food systems,Emissions (CO2),kilotonnes,10.3449,10.3437,10.3589,10.3901,10.4491,10.5483,10.6269,10.6806,10.842,10.7416,10.8704,10.9472,10.9997,11.0122,11.0254,10.954,10.9336,10.9657,11.0197,11.003,10.9269
Oman,Waste - agri-food systems,Emissions (CO2eq) from CH4 (AR5),kilotonnes,246.6904,270.4341,295.6068,295.3975,298.9111,303.7023,305.6644,309.1605,313.3142,318.0966,325.0336,332.7957,342.5262,353.1826,360.283,368.2003,375.7244,382.1997,387.7808,394.6025,400.7309
Oman,Waste - agri-food systems,Emissions (CO2eq) from N2O (AR5),kilotonnes,17.036,21.3819,21.0464,21.6984,21.343,21.7179,23.5061,25.4751,27.4491,28.7185,30.6058,31.8354,33.0926,38.0703,37.8791,39.6695,40.4228,41.2999,41.5254,41.7728,41.9161
Oman,Waste - agri-food systems,Emissions (CO2eq) (AR5),kilotonnes,274.0713,302.1596,327.0121,327.486,330.7032,335.9686,339.7974,345.3163,351.6053,357.5567,366.5098,375.5783,386.6185,402.2651,409.1875,418.8237,427.0809,434.4653,440.3259,447.3783,453.5739
Oman,Fertilizers Manufacturing,Emissions (CO2),kilotonnes,0,0,0,0,184.952,664.0624,1116.9507,1208.1747,1247.0883,1352.5933,1323.6355,1351.073,1179.4928,3693.1875,3245.6289,3201.3295,3273.2147,3546.326,3733.5249,3804.5631,3657.3627
Oman,Fertilizers Manufacturing,Emissions (CO2eq) (AR5),kilotonnes,0,0,0,0,184.952,664.0624,1116.9507,1208.1747,1247.0883,1352.5933,1323.6355,1351.073,1179.4928,3693.1875,3245.6289,3201.3295,3273.2147,3546.326,3733.5249,3804.5631,3657.3627
Oman,On-farm electricity use,Emissions (CH4),kilotonnes,0.1234,0.1324,0.1399,0.1456,0.1548,0.156,0.1608,0.168,0.2016,0.2244,0.252,0.2772,0.3192,0.3588,0.408,0.456,0.4716,0.51,0.624,0.6672,0.6672
Oman,On-farm electricity use,Emissions (N2O),kilotonnes,0.0006,0.0007,0.0007,0.0007,0.0008,0.0008,0.0009,0.0009,0.0011,0.0012,0.0013,0.0015,0.0017,0.0019,0.0022,0.0024,0.0025,0.0027,0.0034,0.0036,0.0036
Oman,On-farm electricity use,Emissions (CO2),kilotonnes,61.9472,66.4084,70.1922,73.0518,77.654,78.2698,80.6782,84.2907,101.1488,112.5882,126.4359,139.0795,160.1522,180.0207,204.7058,228.7889,236.6158,255.8823,313.0795,334.7542,334.7542
Oman,On-farm electricity use,Emissions (CO2eq) from CH4 (AR5),kilotonnes,3.4552,3.7072,3.9172,4.0768,4.3344,4.368,4.5024,4.704,5.6448,6.2832,7.056,7.7616,8.9376,10.0464,11.424,12.768,13.2048,14.28,17.472,18.6816,18.6816
Oman,On-farm electricity use,Emissions (CO2eq) from N2O (AR5),kilotonnes,0.159,0.1855,0.1855,0.1855,0.212,0.212,0.2385,0.2385,0.2915,0.318,0.3445,0.3975,0.4505,0.5035,0.583,0.636,0.6625,0.7155,0.901,0.954,0.954
Oman,On-farm electricity use,Emissions (CO2eq) (AR5),kilotonnes,65.5614,70.3011,74.2949,77.3141,82.2004,82.8498,85.4191,89.2332,107.0851,119.1894,133.8364,147.2386,169.5403,190.5706,216.7128,242.1929,250.4831,270.8778,331.4525,354.3898,354.3898
Oman,Food Processing,Emissions (CH4),kilotonnes,78.8041,89.7125,93.6922,110.9456,96.3327,97.9487,99.4138,53.9216,59.3448,73.779,81.0963,82.0783,91.0728,94.7504,91.3988,88.0343,79.2179,61.9342,62.3186,70.8781,71.5405
Oman,Food Processing,Emissions (N2O),kilotonnes,0.0018,0.0021,0.0021,0.0023,0.0021,0.0021,0.002,0.0038,0.0036,0.0035,0.0034,0.0038,0.0046,0.0052,0.006,0.0047,0.0048,0.0042,0.0048,0.0047,0.0049
Oman,Food Processing,Emissions (CO2),kilotonnes,397.1622,384.4503,455.1409,611.8046,481.1576,537.3393,622.6054,1308.5301,1370.8028,1256.3965,1188.2804,1386.2448,1649.8685,1910.4138,1743.1228,1702.1897,1618.456,1394.3554,1501.6719,1519.4064,1460.6198
Oman,Food Processing,Emissions (CO2eq) from CH4 (AR5),kilotonnes,2206.5148,2511.95,2623.3816,3106.4768,2697.3156,2742.5636,2783.5864,1509.8048,1661.6544,2065.812,2270.6964,2298.1924,2550.0384,2653.0112,2559.1664,2464.9604,2218.1012,1734.1576,1744.9208,1984.5868,2003.1343
Oman,Food Processing,Emissions (CO2eq) from N2O (AR5),kilotonnes,0.477,0.5565,0.5565,0.6095,0.5565,0.5565,0.53,1.007,0.954,0.9275,0.901,1.007,1.219,1.378,1.59,1.2455,1.272,1.113,1.272,1.2455,1.2886
Oman,Food Processing,Emissions (CO2eq) (AR5),kilotonnes,2604.154,2896.9568,3079.079,3718.8909,3179.0297,3280.4594,3406.7218,2819.3419,3033.4112,3323.136,3459.8778,3685.4442,4201.1259,4564.803,4303.8792,4168.3956,3837.8292,3129.626,3247.8647,3505.2387,3465.0428
Oman,Food Packaging,Emissions (CH4),kilotonnes,4.124,3.5516,3.4708,3.934,1.8012,1.678,1.3806,1.2135,0.9925,1.0998,0.9947,0.9652,1.2642,0.8928,1.035,1.1256,1.0802,1.0334,1.1237,0.1503,0.1517
Oman,Food Packaging,Emissions (N2O),kilotonnes,0.0003,0.0004,0.0004,0.0004,0.0004,0.0003,0.0003,0.0003,0.0002,0.0002,0.0002,0.0002,0.0003,0.0003,0.0004,0.0004,0.0004,0.0004,0.0004,0.0004,0.0004
Oman,Food Packaging,Emissions (CO2),kilotonnes,82.7899,82.9742,105.2834,113.8025,92.8588,68.899,89.787,75.7767,74.1208,59.3941,72.7976,87.539,101.6743,95.9142,103.9959,124.9116,124.8094,126.6253,144.3197,119.3925,114.7731
Oman,Food Packaging,Emissions (CO2eq) from CH4 (AR5),kilotonnes,115.472,99.4448,97.1824,110.152,50.4336,46.984,38.6568,33.978,27.79,30.7944,27.8516,27.0256,35.3976,24.9984,28.98,31.5168,30.2456,28.9352,31.4636,4.2084,4.2477
Oman,Food Packaging,Emissions (CO2eq) from N2O (AR5),kilotonnes,0.0795,0.106,0.106,0.106,0.106,0.0795,0.0795,0.0795,0.053,0.053,0.053,0.053,0.0795,0.0795,0.106,0.106,0.106,0.106,0.106,0.106,0.1097
Oman,Food Packaging,Emissions (CO2eq) (AR5),kilotonnes,198.3414,182.525,202.5718,224.0605,143.3984,115.9625,128.5233,109.8342,101.9638,90.2415,100.7022,114.6176,137.1514,120.9921,133.0819,156.5344,155.161,155.6665,175.8893,123.7069,119.1305
Oman,Food Retail,Emissions (CH4),kilotonnes,0.3156,0.3404,0.3606,0.3663,0.4089,0.4677,0.5133,0.5461,0.6163,0.6868,0.7902,0.8762,0.9524,1.0584,1.1464,1.348,1.4492,1.6042,1.6857,1.364,1.3767
Oman,Food Retail,Emissions (N2O),kilotonnes,0.0017,0.0018,0.0019,0.002,0.0022,0.0025,0.0027,0.0029,0.0033,0.0037,0.0042,0.0047,0.0051,0.0056,0.0061,0.0092,0.0097,0.0103,0.0119,0.0084,0.0087
Oman,Food Retail,Emissions (CO2),kilotonnes,158.352,170.8029,180.9359,183.7837,205.1754,234.6471,257.5621,273.9867,309.2202,344.5861,396.4429,439.6238,477.8376,531.0189,575.1932,1852.5588,1907.5169,1839.7978,2588.2566,1341.3451,1289.4478
Oman,Food Retail,Emissions (CO2eq) from F-gases (AR5),kilotonnes,27.5335,52.989,82.6005,118.446,160.5255,184.942,216.112,247.282,250.399,251.9575,252.9965,253.516,253.516,254.0355,254.0355,254.0355,280.53,287.2835,294.5565,301.31,315.368
Oman,Food Retail,Emissions (CO2eq) from CH4 (AR5),kilotonnes,8.8368,9.5312,10.0968,10.2564,11.4492,13.0956,14.3724,15.2908,17.2564,19.2304,22.1256,24.5336,26.6672,29.6352,32.0992,37.744,40.5776,44.9176,47.1996,38.192,38.5489
Oman,Food Retail,Emissions (CO2eq) from N2O (AR5),kilotonnes,0.4505,0.477,0.5035,0.53,0.583,0.6625,0.7155,0.7685,0.8745,0.9805,1.113,1.2455,1.3515,1.484,1.6165,2.438,2.5705,2.7295,3.1535,2.226,2.3031
Oman,Food Retail,Emissions (CO2eq) (AR5),kilotonnes,195.1728,233.8001,274.1367,313.0161,377.7331,433.3472,488.762,537.328,577.7501,616.7545,672.678,718.9189,759.3723,816.1736,862.9444,2146.7763,2231.195,2174.7284,2933.1662,1683.0731,1645.6678
Oman,Food Household Consumption,Emissions (CH4),kilotonnes,0.5695,0.6075,0.6353,0.6666,0.7135,0.6848,0.8335,0.8843,1.0097,1.1371,1.2059,1.3014,1.4422,1.55,1.7184,1.9765,2.0113,2.1401,2.203,2.203,2.2236
Oman,Food Household Consumption,Emissions (N2O),kilotonnes,0.003,0.0033,0.0034,0.0036,0.0038,0.0037,0.0045,0.0047,0.0054,0.0061,0.0065,0.007,0.0077,0.0083,0.0092,0.0106,0.0108,0.0115,0.0118,0.0118,0.0122
Oman,Food Household Consumption,Emissions (CO2),kilotonnes,298.7658,326.0201,349.8789,365.6285,385.0108,375.7594,453.1164,470.3781,530.8809,597.2378,633.4681,686.4959,762.9622,823.8854,914.2315,1048.1709,1073.4865,1140.8472,1180.991,1180.991,1135.2979
Oman,Food Household Consumption,Emissions (CO2eq) from CH4 (AR5),kilotonnes,15.946,17.01,17.7884,18.6648,19.978,19.1744,23.338,24.7604,28.2716,31.8388,33.7652,36.4392,40.3816,43.4,48.1152,55.342,56.3164,59.9228,61.684,61.684,62.2605
Oman,Food Household Consumption,Emissions (CO2eq) from N2O (AR5),kilotonnes,0.795,0.8745,0.901,0.954,1.007,0.9805,1.1925,1.2455,1.431,1.6165,1.7225,1.855,2.0405,2.1995,2.438,2.809,2.862,3.0475,3.127,3.127,3.2353
Oman,Food Household Consumption,Emissions (CO2eq) (AR5),kilotonnes,315.5068,343.9046,368.5683,385.2473,405.9958,395.9143,477.6469,496.384,560.5835,630.6931,668.9558,724.7901,805.3843,869.4849,964.7847,1106.3219,1132.6649,1203.8175,1245.802,1245.802,1200.7936
Oman,Food Transport,Emissions (CH4),kilotonnes,0.0727,0.0668,0.0631,0.0675,0.0683,0.0749,0.0774,0.0851,0.0871,0.0806,0.0769,0.0898,0.1014,0.1092,0.1166,0.1243,0.1188,0.1188,0.1199,0.109,0.11
Oman,Food Transport,Emissions (N2O),kilotonnes,0.0105,0.0118,0.0114,0.0125,0.0131,0.0146,0.0154,0.0176,0.0193,0.0184,0.0183,0.0213,0.0241,0.026,0.0276,0.0295,0.0282,0.0283,0.0284,0.0296,0.0306
Oman,Food Transport,Emissions (CO2),kilotonnes,288.2,316.8,309.1,334.4,353.1,403.7,449.9,678.7,805.2,811.8,897.6,1042.8,1188,1309,1364,1441,1353,1342,1353,1388.5549,1334.831
Oman,Food Transport,Emissions (CO2eq) from CH4 (AR5),kilotonnes,2.0356,1.8704,1.7668,1.89,1.9124,2.0972,2.1672,2.3828,2.4388,2.2568,2.1532,2.5144,2.8392,3.0576,3.2648,3.4804,3.3264,3.3264,3.3572,3.052,3.0805
Oman,Food Transport,Emissions (CO2eq) from N2O (AR5),kilotonnes,2.7825,3.127,3.021,3.3125,3.4715,3.869,4.081,4.664,5.1145,4.876,4.8495,5.6445,6.3865,6.89,7.314,7.8175,7.473,7.4995,7.526,7.844,8.1156
Oman,Food Transport,Emissions (CO2eq) (AR5),kilotonnes,293.0181,321.7974,313.8878,339.6025,358.4839,409.6662,456.1482,685.7468,812.7533,818.9328,904.6027,1050.9589,1197.2257,1318.9476,1374.5788,1452.2979,1363.7994,1352.8259,1363.8832,1399.4509,1346.0272
Oman,Energy,Emissions (CH4),kilotonnes,833,936,972,1100,1060,1050,998,940,938,925,927,961,998,1040,1020,1060,1090,1070,1090,1070,1080
Oman,Energy,Emissions (N2O),kilotonnes,0.223,0.249,0.26,0.282,0.279,0.279,0.296,0.311,0.303,0.289,0.288,0.331,0.379,0.404,0.435,0.454,0.453,0.464,0.469,0.491,0.508
Oman,Energy,Emissions (CO2),kilotonnes,21700,19600,24700,31200,26800,28600,37500,42700,40800,39200,45200,51600,56700,60800,60700,61800,60700,65700,67200,67200,64600
Oman,Energy,Emissions (CO2eq) from CH4 (AR5),kilotonnes,23324,26208,27216,30800,29680,29400,27944,26320,26264,25900,25956,26908,27944,29120,28560,29680,30520,29960,30520,29960,30240
Oman,Energy,Emissions (CO2eq) from N2O (AR5),kilotonnes,59.095,65.985,68.9,74.73,73.935,73.935,78.44,82.415,80.295,76.585,76.32,87.715,100.435,107.06,115.275,120.31,120.045,122.96,124.285,130.115,134.62
Oman,Energy,Emissions (CO2eq) (AR5),kilotonnes,45083.095,45873.985,51984.9,62074.73,56553.935,58073.935,65522.44,69102.415,67144.295,65176.585,71232.32,78595.715,84744.435,90027.06,89375.275,91600.31,91340.045,95782.96,97844.285,97290.115,94974.62
Oman,IPPU,Emissions (CH4),kilotonnes,0,0,0,0,0,0,0,0.92,2.52,2.52,4.24,4.82,7.08,9.35,11.6,13.9,16.1,18.4,16.1,18.6,20
Oman,IPPU,Emissions (N2O),kilotonnes,0.341,0.345,0.351,0.358,0.367,0.377,0.388,0.4,0.415,0.433,0.457,0.487,0.521,0.558,0.595,0.631,0.665,0.697,0.726,0.731,0.758
Oman,IPPU,Emissions (CO2),kilotonnes,627,711,845,1160,1210,2830,4180,4630,4990,5550,6510,8400,8120,9010,9540,10300,11100,11500,11100,12700,13300
Oman,IPPU,Emissions (CO2eq) from F-gases (AR5),kilotonnes,9.4357,34.4973,64.9132,100.0907,143.8197,194.3509,224.4753,261.402,304.1592,369.2667,406.1934,383.8431,413.9675,444.0918,474.2162,504.3406,534.465,564.5894,594.7138,624.8382,653.9908
Oman,IPPU,Emissions (CO2eq) from CH4 (AR5),kilotonnes,0,0,0,0,0,0,0,25.76,70.56,70.56,118.72,134.96,198.24,261.8,324.8,389.2,450.8,515.2,450.8,520.8,560
Oman,IPPU,Emissions (CO2eq) from N2O (AR5),kilotonnes,90.365,91.425,93.015,94.87,97.255,99.905,102.82,106,109.975,114.745,121.105,129.055,138.065,147.87,157.675,167.215,176.225,184.705,192.39,193.715,200.87
Oman,IPPU,Emissions (CO2eq) (AR5),kilotonnes,726.8007,836.9223,1002.9282,1354.9607,1451.0747,3124.2559,4507.2953,5023.162,5474.6942,6104.5717,7156.0184,9047.8581,8870.2725,9863.7618,10496.6912,11360.7556,12261.49,12764.4944,12337.9038,14039.3532,14714.8608
Oman,Waste,Emissions (CH4),kilotonnes,25.6,26.1,26.5,30.3,31.3,36.5,39.5,44.9,50.9,52.7,61.1,70,79.1,89.8,98.8,108,117,125,122,134,141
Oman,Waste,Emissions (N2O),kilotonnes,0.0863,0.0874,0.0889,0.0936,0.0947,0.0959,0.0974,0.103,0.112,0.122,0.134,0.144,0.154,0.164,0.174,0.183,0.189,0.197,0.204,0.214,0.223
Oman,Waste,Emissions (CO2eq) from CH4 (AR5),kilotonnes,716.8,730.8,742,848.4,876.4,1022,1106,1257.2,1425.2,1475.6,1710.8,1960,2214.8,2514.4,2766.4,3024,3276,3500,3416,3752,3948
Oman,Waste,Emissions (CO2eq) from N2O (AR5),kilotonnes,22.8695,23.161,23.5585,24.804,25.0955,25.4135,25.811,27.295,29.68,32.33,35.51,38.16,40.81,43.46,46.11,48.495,50.085,52.205,54.06,56.71,59.095
Oman,Waste,Emissions (CO2eq) (AR5),kilotonnes,739.6695,753.961,765.5585,873.204,901.4955,1047.4135,1131.811,1284.495,1454.88,1507.93,1746.31,1998.16,2255.61,2557.86,2812.51,3072.495,3326.085,3552.205,3470.06,3808.71,4007.095
Oman,Other,Emissions (N2O),kilotonnes,0.33,0.346,0.385,0.4,0.405,0.338,0.451,0.536,0.502,0.491,0.511,0.587,0.659,0.694,0.74,0.777,0.761,0.785,0.821,0.872,0.905
Oman,Other,Emissions (CO2eq) from N2O (AR5),kilotonnes,87.45,91.69,102.025,106,107.325,89.57,119.515,142.04,133.03,130.115,135.415,155.555,174.635,183.91,196.1,205.905,201.665,208.025,217.565,231.08,239.825
Oman,Other,Emissions (CO2eq) (AR5),kilotonnes,87.45,91.69,102.025,106,107.325,89.57,119.515,142.04,133.03,130.115,135.415,155.555,174.635,183.91,196.1,205.905,201.665,208.025,217.565,231.08,239.825
Oman,Farm-gate emissions,Emissions (CH4),kilotonnes,23.4327,24.1418,24.3547,25.4024,25.7807,27.1984,27.793,28.4985,28.9434,29.4591,30.6558,31.2841,31.865,39.8201,40.2314,41.012,41.7931,42.5774,43.4044,44.2575,45.2062
Oman,Farm-gate emissions,Direct emissions (N2O),kilotonnes,0.9197,0.9782,0.97,0.9677,1.0581,1.1584,1.1806,1.1952,1.2694,1.2461,1.3068,1.3288,1.3582,1.5557,1.5273,1.5721,1.5912,1.6178,1.6697,1.6992,1.7448
Oman,Farm-gate emissions,Indirect emissions (N2O),kilotonnes,0.2854,0.3026,0.2992,0.2961,0.3238,0.3726,0.3804,0.3841,0.4087,0.4009,0.4183,0.4252,0.4348,0.5128,0.5052,0.5194,0.526,0.5348,0.5519,0.5617,0.5752
Oman,Farm-gate emissions,Emissions (N2O),kilotonnes,1.2818,1.3664,1.3489,1.3449,1.4622,1.6146,1.6477,1.7808,2.0328,1.9338,2.0095,2.1183,2.1683,2.4338,2.417,2.4627,2.4351,2.5279,2.5581,2.588,2.6475
Oman,Farm-gate emissions,Emissions (CO2),kilotonnes,807.229,666.781,657.002,1100.8656,961.2589,964.3049,1148.3296,1428.099,1881.8646,1566.1908,1586.9067,1803.4465,1828.1548,1628.2782,1548.3478,1424.2183,1179.8235,1206.4326,1148.0734,1094.9562,1094.9562
Oman,Farm-gate emissions,Emissions (CO2eq) from CH4 (AR5),kilotonnes,656.1155,675.9706,681.9314,711.268,721.8586,761.5546,778.2042,797.9579,810.4151,824.8557,858.3612,875.9556,892.22,1114.963,1126.4805,1148.3367,1170.2077,1192.1665,1215.3224,1239.2099,1265.7744
Oman,Farm-gate emissions,Emissions (CO2eq) from N2O (AR5),kilotonnes,339.6651,362.0987,357.4652,356.3912,387.4716,427.8809,436.6432,471.9101,538.6866,512.454,532.5101,561.3587,574.5929,644.9635,640.508,652.6222,645.3068,669.8961,677.891,685.8165,701.5912
Oman,Farm-gate emissions,Emissions (CO2eq) (AR5),kilotonnes,1803.0096,1704.8503,1696.3987,2168.5248,2070.5892,2153.7403,2363.1771,2697.967,3230.9664,2903.5005,2977.778,3240.7608,3294.9678,3388.2046,3315.3363,3225.1772,2995.3379,3068.4953,3041.2867,3019.9826,3062.3217
Oman,Land Use change,Emissions (CH4),kilotonnes,0,0,0,0,0,0,0,0,0,0,0,0,0,0,0,0,0,0,0,0,0
Oman,Land Use change,Emissions (N2O),kilotonnes,0,0,0,0,0,0,0,0,0,0,0,0,0,0,0,0,0,0,0,0,0
Oman,Land Use change,Emissions (CO2),kilotonnes,0,0,0,0,0,0,0,0,0,0,0,0,0,0,0,0,22.9753,22.9753,22.9753,22.9753,22.9753
Oman,Land Use change,Emissions (CO2eq) from CH4 (AR5),kilotonnes,0,0,0,0,0,0,0,0,0,0,0,0,0,0,0,0,0,0,0,0,0
Oman,Land Use change,Emissions (CO2eq) from N2O (AR5),kilotonnes,0,0,0,0,0,0,0,0,0,0,0,0,0,0,0,0,0,0,0,0,0
Oman,Land Use change,Emissions (CO2eq) (AR5),kilotonnes,0,0,0,0,0,0,0,0,0,0,0,0,0,0,0,0,22.9753,22.9753,22.9753,22.9753,22.9753
Oman,Emissions on agricultural land,Emissions (CH4),kilotonnes,23.4327,24.1418,24.3547,25.4024,25.7807,27.1984,27.793,28.4985,28.9434,29.4591,30.6558,31.2841,31.865,39.8201,40.2314,41.012,41.7931,42.5774,43.4044,44.2575,45.2062
Oman,Emissions on agricultural land,Emissions (N2O),kilotonnes,1.2818,1.3664,1.3489,1.3449,1.4622,1.6146,1.6477,1.7808,2.0328,1.9338,2.0095,2.1183,2.1683,2.4338,2.417,2.4627,2.4351,2.5279,2.5581,2.588,2.6475
Oman,Emissions on agricultural land,Emissions (CO2),kilotonnes,807.229,666.781,657.002,1100.8656,961.2589,964.3049,1148.3296,1428.099,1881.8646,1566.1908,1586.9067,1803.4465,1828.1548,1628.2782,1548.3478,1424.2183,1202.7988,1229.4079,1171.0487,1117.9315,1117.9315
Oman,Emissions on agricultural land,Emissions (CO2eq) from CH4 (AR5),kilotonnes,656.1155,675.9706,681.9314,711.268,721.8586,761.5546,778.2042,797.9579,810.4151,824.8557,858.3612,875.9556,892.22,1114.963,1126.4805,1148.3367,1170.2077,1192.1665,1215.3224,1239.2099,1265.7744
Oman,Emissions on agricultural land,Emissions (CO2eq) from N2O (AR5),kilotonnes,339.6651,362.0987,357.4652,356.3912,387.4716,427.8809,436.6432,471.9101,538.6866,512.454,532.5101,561.3587,574.5929,644.9635,640.508,652.6222,645.3068,669.8961,677.891,685.8165,701.5912
Oman,Emissions on agricultural land,Emissions (CO2eq) (AR5),kilotonnes,1803.0096,1704.8503,1696.3987,2168.5248,2070.5892,2153.7403,2363.1771,2697.967,3230.9664,2903.5005,2977.778,3240.7608,3294.9678,3388.2046,3315.3363,3225.1772,3018.3133,3091.4706,3064.262,3042.958,3085.2971
Oman,Pre- and post- production,Emissions (CH4),kilotonnes,92.8197,104.0696,108.9193,126.6755,110.1548,111.8566,113.296,67.86,73.4418,88.3683,96.0243,97.4737,107.3853,111.3333,108.6904,106.2147,97.7677,80.9907,81.9242,89.4645,90.3816
Oman,Pre- and post- production,Emissions (N2O),kilotonnes,0.0822,0.1008,0.0993,0.1034,0.1029,0.106,0.1145,0.1263,0.1365,0.1415,0.1494,0.1586,0.1684,0.191,0.1944,0.2065,0.2089,0.2132,0.2174,0.2161,0.2186
Oman,Pre- and post- production,Emissions (CO2),kilotonnes,1297.562,1357.7996,1480.8902,1692.8612,1790.3577,2373.2253,3081.2267,4110.5176,4449.3038,4545.3376,4649.5308,5143.8032,5530.9873,8554.4527,8161.9035,9609.9034,9598.0329,9656.7997,10825.8633,9700.0102,9338.0136
Oman,Pre- and post- production,Emissions (CO2eq) from F-gases (AR5),kilotonnes,27.5335,52.989,82.6005,118.446,160.5255,184.942,216.112,247.282,250.399,251.9575,252.9965,253.516,253.516,254.0355,254.0355,254.0355,280.53,287.2835,294.5565,301.31,315.368
Oman,Pre- and post- production,Emissions (CO2eq) from CH4 (AR5),kilotonnes,2598.9508,2913.9477,3049.74,3546.9143,3084.3343,3131.9851,3172.2876,1900.0813,2056.3702,2474.3122,2688.6816,2729.2625,3006.7878,3117.3314,3043.3326,2974.0119,2737.4964,2267.7393,2293.878,2505.0073,2530.6845
Oman,Pre- and post- production,Emissions (CO2eq) from N2O (AR5),kilotonnes,21.7795,26.7084,26.3199,27.3959,27.279,28.0779,30.3431,33.4781,36.1676,37.49,39.5893,42.0379,44.6201,50.6048,51.5266,54.7215,55.3688,56.5109,57.6109,57.2753,57.9223
Oman,Pre- and post- production,Emissions (CO2eq) (AR5),kilotonnes,3945.8258,4351.4446,4639.5506,5385.6174,5062.4965,5718.2304,6499.9694,6291.3591,6792.2406,7309.0973,7630.7982,8168.6196,8835.9112,11976.4244,11510.7982,12892.6722,12671.4282,12268.3334,13471.9087,12563.6028,12241.9884
Oman,Agri-food systems,Emissions (CH4),kilotonnes,116.2524,128.2114,133.274,152.0779,135.9355,139.055,141.089,96.3585,102.3852,117.8274,126.6801,128.7578,139.2503,151.1534,148.9219,147.2267,139.5609,123.5681,125.3286,133.722,135.5878
Oman,Agri-food systems,Emissions (N2O),kilotonnes,1.3639,1.4672,1.4482,1.4483,1.5651,1.7206,1.7622,1.9071,2.1693,2.0753,2.1589,2.277,2.3367,2.6248,2.6115,2.6692,2.6441,2.7412,2.7755,2.8041,2.8661
Oman,Agri-food systems,Emissions (CO2),kilotonnes,2104.791,2024.5806,2137.8923,2793.7267,2751.6166,3337.5302,4229.5564,5538.6166,6331.1684,6111.5284,6236.4375,6947.2497,7359.1422,10182.7308,9710.2513,11034.1217,10800.8317,10886.2077,11996.912,10817.9417,10455.9451
Oman,Agri-food systems,Emissions (CO2eq) from F-gases (AR5),kilotonnes,27.5335,52.989,82.6005,118.446,160.5255,184.942,216.112,247.282,250.399,251.9575,252.9965,253.516,253.516,254.0355,254.0355,254.0355,280.53,287.2835,294.5565,301.31,315.368
Oman,Agri-food systems,Emissions (CO2eq) from CH4 (AR5),kilotonnes,3255.0663,3589.9183,3731.6715,4258.1823,3806.193,3893.5397,3950.4918,2698.0392,2866.7853,3299.168,3547.0428,3605.2182,3899.0078,4232.2944,4169.8131,4122.3486,3907.7041,3459.9059,3509.2003,3744.2172,3796.4589
Oman,Agri-food systems,Emissions (CO2eq) from N2O (AR5),kilotonnes,361.4445,388.8071,383.7851,383.7871,414.7506,455.9588,466.9863,505.3882,574.8542,549.9439,572.0994,603.3966,619.213,695.5683,692.0346,707.3437,700.6756,726.407,735.5018,743.0919,759.5135
Oman,Agri-food systems,Emissions (CO2eq) (AR5),kilotonnes,5748.8354,6056.2949,6335.9493,7554.1421,7133.0857,7871.9707,8863.1465,8989.3261,10023.207,10212.5978,10608.5762,11409.3804,12130.879,15364.6291,14826.1345,16117.8494,15689.7414,15359.804,16536.1707,15606.5608,15327.2855
Oman,IPCC Agriculture,Emissions (CH4),kilotonnes,23.3163,24.0448,24.26,25.2494,25.6454,27.0597,27.6337,28.3192,28.7299,29.2675,30.4588,31.0663,31.6372,39.6079,40.0311,40.8231,41.6326,42.429,43.2677,44.1301,45.0789
Oman,IPCC Agriculture,Emissions (CH4),kilotonnes,,,,,,,,,,,,,,,,43.43,,,,,
Oman,IPCC Agriculture,Direct emissions (N2O),kilotonnes,0.9197,0.9782,0.97,0.9677,1.0581,1.1584,1.1806,1.1952,1.2694,1.2461,1.3068,1.3288,1.3582,1.5557,1.5273,1.5721,1.5912,1.6178,1.6697,1.6992,1.7448
Oman,IPCC Agriculture,Indirect emissions (N2O),kilotonnes,0.2854,0.3026,0.2992,0.2961,0.3238,0.3726,0.3804,0.3841,0.4087,0.4009,0.4183,0.4252,0.4348,0.5128,0.5052,0.5194,0.526,0.5348,0.5519,0.5617,0.5752
Oman,IPCC Agriculture,Emissions (N2O),kilotonnes,1.2162,1.2924,1.2811,1.2761,1.3946,1.5433,1.573,1.5915,1.6907,1.6597,1.7382,1.7673,1.8065,2.0825,2.0467,2.1059,2.1318,2.1677,2.2369,2.2765,2.336
Oman,IPCC Agriculture,Emissions (N2O),kilotonnes,,,,,,,,,,,,,,,,0.8,,,,,
Oman,IPCC Agriculture,Emissions (CO2eq) from CH4 (AR5),kilotonnes,652.8576,673.2542,679.2795,706.9842,718.0721,757.6722,773.7425,792.9363,804.4385,819.4887,852.8458,869.856,885.8415,1109.0202,1120.8718,1143.046,1165.712,1188.0129,1211.4967,1235.6434,1262.2078
Oman,IPCC Agriculture,Emissions (CO2eq) from CH4 (AR5),kilotonnes,,,,,,,,,,,,,,,,1216.04,,,,,
Oman,IPCC Agriculture,Emissions (CO2eq) from N2O (AR5),kilotonnes,322.293,342.4929,339.5038,338.167,369.5663,408.9651,416.8475,421.7598,448.0293,439.8171,460.6172,468.3377,478.717,551.8639,542.3821,558.0717,564.9386,574.4387,592.789,603.2641,619.0387
Oman,IPCC Agriculture,Emissions (CO2eq) from N2O (AR5),kilotonnes,,,,,,,,,,,,,,,,212,,,,,
Oman,IPCC Agriculture,Emissions (CO2eq) (AR5),kilotonnes,975.1506,1015.7471,1018.7833,1045.1512,1087.6384,1166.6373,1190.59,1214.6962,1252.4678,1259.3058,1313.4629,1338.1937,1364.5585,1660.8841,1663.2539,1701.1177,1730.6506,1762.4516,1804.2857,1838.9074,1881.2465
Oman,IPCC Agriculture,Emissions (CO2eq) (AR5),kilotonnes,,,,,,,,,,,,,,,,1428.04,,,,,
Oman,Agricultural Soils,Direct emissions (N2O),kilotonnes,0.9197,0.9782,0.97,0.9677,1.0581,1.1584,1.1806,1.1952,1.2694,1.2461,1.3068,1.3288,1.3582,1.5557,1.5273,1.5721,1.5912,1.6178,1.6697,1.6992,1.7448
Oman,Agricultural Soils,Direct emissions (N2O),kilotonnes,,,,,,,,,,,,,,,,0.8,,,,,
Oman,Agricultural Soils,Indirect emissions (N2O),kilotonnes,0.2854,0.3026,0.2992,0.2961,0.3238,0.3726,0.3804,0.3841,0.4087,0.4009,0.4183,0.4252,0.4348,0.5128,0.5052,0.5194,0.526,0.5348,0.5519,0.5617,0.5752
Oman,Agricultural Soils,Emissions (N2O),kilotonnes,1.2051,1.2808,1.2692,1.2638,1.382,1.531,1.5609,1.5792,1.6782,1.647,1.7251,1.754,1.7929,2.0685,2.0326,2.0915,2.1171,2.1526,2.2217,2.2609,2.32
Oman,Agricultural Soils,Emissions (N2O),kilotonnes,,,,,,,,,,,,,,,,,,,,,
Oman,Agricultural Soils,Emissions (CO2eq) from N2O (AR5),kilotonnes,319.3623,339.4197,336.3502,334.8971,366.2197,405.7261,413.6414,418.4982,444.7167,436.4594,457.1569,464.804,475.1244,548.1538,538.6305,554.2372,561.0433,570.4504,588.7385,599.1455,614.8108
Oman,Agricultural Soils,Emissions (CO2eq) from N2O (AR5),kilotonnes,,,,,,,,,,,,,,,,,,,,,
Oman,Agricultural Soils,Emissions (CO2eq) (AR5),kilotonnes,319.3623,339.4197,336.3502,334.8971,366.2197,405.7261,413.6414,418.4982,444.7167,436.4594,457.1569,464.804,475.1244,548.1538,538.6305,554.2372,561.0433,570.4504,588.7385,599.1455,614.8108
Oman,Agricultural Soils,Emissions (CO2eq) (AR5),kilotonnes,,,,,,,,,,,,,,,,,,,,,
Oman,LULUCF,Emissions (CH4),kilotonnes,0,0,0,0,0,0,0,0,0,0,0,0,0,0,0,0,0,0,0,0,0
Oman,LULUCF,Emissions (N2O),kilotonnes,0,0,0,0,0,0,0,0,0,0,0,0,0,0,0,0,0,0,0,0,0
Oman,LULUCF,Emissions (CO2),kilotonnes,0,0,0,0,0,0,0,0,0,0,0,0,0,0,0,0,19.107,19.107,19.107,19.107,19.107
Oman,LULUCF,Emissions (CO2eq) from CH4 (AR5),kilotonnes,0,0,0,0,0,0,0,0,0,0,0,0,0,0,0,0,0,0,0,0,0
Oman,LULUCF,Emissions (CO2eq) from N2O (AR5),kilotonnes,0,0,0,0,0,0,0,0,0,0,0,0,0,0,0,0,0,0,0,0,0
Oman,LULUCF,Emissions (CO2eq) (AR5),kilotonnes,0,0,0,0,0,0,0,0,0,0,0,0,0,0,0,0,19.107,19.107,19.107,19.107,19.107
Oman,AFOLU,Emissions (CH4),kilotonnes,23.3163,24.0448,24.26,25.2494,25.6454,27.0597,27.6337,28.3192,28.7299,29.2675,30.4588,31.0663,31.6372,39.6079,40.0311,40.8231,41.6326,42.429,43.2677,44.1301,45.0789
Oman,AFOLU,Emissions (N2O),kilotonnes,1.2162,1.2924,1.2811,1.2761,1.3946,1.5433,1.573,1.5915,1.6907,1.6597,1.7382,1.7673,1.8065,2.0825,2.0467,2.1059,2.1318,2.1677,2.2369,2.2765,2.336
Oman,AFOLU,Emissions (CO2),kilotonnes,0,0,0,0,0,0,0,0,0,0,0,0,0,0,0,0,19.107,19.107,19.107,19.107,19.107
Oman,AFOLU,Emissions (CO2eq) from CH4 (AR5),kilotonnes,652.8576,673.2542,679.2795,706.9842,718.0721,757.6722,773.7425,792.9363,804.4385,819.4887,852.8458,869.856,885.8415,1109.0202,1120.8718,1143.046,1165.712,1188.0129,1211.4967,1235.6434,1262.2078
Oman,AFOLU,Emissions (CO2eq) from N2O (AR5),kilotonnes,322.293,342.4929,339.5038,338.167,369.5663,408.9651,416.8475,421.7598,448.0293,439.8171,460.6172,468.3377,478.717,551.8639,542.3821,558.0717,564.9386,574.4387,592.789,603.2641,619.0387
Oman,AFOLU,Emissions (CO2eq) (AR5),kilotonnes,975.1506,1015.7471,1018.7833,1045.1512,1087.6384,1166.6373,1190.59,1214.6962,1252.4678,1259.3058,1313.4629,1338.1937,1364.5585,1660.8841,1663.2539,1701.1177,1749.7576,1781.5586,1823.3927,1858.0144,1900.3535
Oman,All sectors with LULUCF,Emissions (CH4),kilotonnes,881.9163,986.1448,1022.76,1155.5494,1116.9454,1113.5597,1065.1337,1014.1392,1020.1499,1009.4875,1022.7988,1066.8863,1115.8172,1178.7579,1170.4311,1222.7231,1264.7326,1255.829,1271.3677,1266.7301,1286.0789
Oman,All sectors with LULUCF,Emissions (N2O),kilotonnes,2.1965,2.3198,2.366,2.4097,2.5403,2.6332,2.8054,2.9415,3.0227,2.9947,3.1282,3.3163,3.5195,3.9025,3.9907,4.1509,4.1998,4.3107,4.4569,4.5845,4.73
Oman,All sectors with LULUCF,Emissions (CO2),kilotonnes,22327,20311,25545,32360,28010,31430,41680,47330,45790,44750,51710,60000,64820,69810,70240,72100,71819.107,77219.107,78319.107,79919.107,77919.107
Oman,All sectors with LULUCF,Emissions (CO2eq) from F-gases (AR5),kilotonnes,9.4357,34.4973,64.9132,100.0907,143.8197,194.3509,224.4753,261.402,304.1592,369.2667,406.1934,383.8431,413.9675,444.0918,474.2162,504.3406,534.465,564.5894,594.7138,624.8382,653.9908
Oman,All sectors with LULUCF,Emissions (CO2eq) from CH4 (AR5),kilotonnes,24693.6576,27612.0542,28637.2795,32355.3842,31274.4721,31179.6722,29823.7425,28395.8963,28564.1985,28265.6487,28638.3658,29872.816,31242.8815,33005.2202,32772.0718,34236.246,35412.512,35163.2129,35598.2967,35468.4434,36010.2078
Oman,All sectors with LULUCF,Emissions (CO2eq) from N2O (AR5),kilotonnes,582.0725,614.7539,627.0023,638.571,673.1768,697.7886,743.4335,779.5098,801.0093,793.5921,828.9672,878.8227,932.662,1034.1639,1057.5421,1099.9967,1112.9586,1142.3337,1181.089,1214.8841,1253.4487
Oman,All sectors with LULUCF,Emissions (CO2eq) (AR5),kilotonnes,47612.1658,48572.3054,54874.195,65454.0459,60101.4686,63501.8117,72471.6513,76766.8081,75459.367,74178.5075,81583.5264,91135.4818,97409.5109,104293.4759,104543.8301,107940.5833,108879.0426,114089.243,115693.2065,117227.2726,115836.7544
Oman,All sectors without LULUCF,Emissions (CH4),kilotonnes,881.9163,986.1448,1022.76,1155.5494,1116.9454,1113.5597,1065.1337,1014.1392,1020.1499,1009.4875,1022.7988,1066.8863,1115.8172,1178.7579,1170.4311,1222.7231,1264.7326,1255.829,1271.3677,1266.7301,1286.0789
Oman,All sectors without LULUCF,Emissions (N2O),kilotonnes,2.1965,2.3198,2.366,2.4097,2.5403,2.6332,2.8054,2.9415,3.0227,2.9947,3.1282,3.3163,3.5195,3.9025,3.9907,4.1509,4.1998,4.3107,4.4569,4.5845,4.73
Oman,All sectors without LULUCF,Emissions (CO2),kilotonnes,22327,20311,25545,32360,28010,31430,41680,47330,45790,44750,51710,60000,64820,69810,70240,72100,71800,77200,78300,79900,77900
Oman,All sectors without LULUCF,Emissions (CO2eq) from F-gases (AR5),kilotonnes,9.4357,34.4973,64.9132,100.0907,143.8197,194.3509,224.4753,261.402,304.1592,369.2667,406.1934,383.8431,413.9675,444.0918,474.2162,504.3406,534.465,564.5894,594.7138,624.8382,653.9908
Oman,All sectors without LULUCF,Emissions (CO2eq) from CH4 (AR5),kilotonnes,24693.6576,27612.0542,28637.2795,32355.3842,31274.4721,31179.6722,29823.7425,28395.8963,28564.1985,28265.6487,28638.3658,29872.816,31242.8815,33005.2202,32772.0718,34236.246,35412.512,35163.2129,35598.2967,35468.4434,36010.2078
Oman,All sectors without LULUCF,Emissions (CO2eq) from N2O (AR5),kilotonnes,582.0725,614.7539,627.0023,638.571,673.1768,697.7886,743.4335,779.5098,801.0093,793.5921,828.9672,878.8227,932.662,1034.1639,1057.5421,1099.9967,1112.9586,1142.3337,1181.089,1214.8841,1253.4487
Oman,All sectors without LULUCF,Emissions (CO2eq) (AR5),kilotonnes,47612.1658,48572.3054,54874.195,65454.0459,60101.4686,63501.8117,72471.6513,76766.8081,75459.367,74178.5075,81583.5264,91135.4818,97409.5109,104293.4759,104543.8301,107940.5833,108859.9356,114070.136,115674.0995,117208.1656,115817.6474
Pacific Islands Trust Territory,Crop Residues,Direct emissions (N2O),kilotonnes,,,,,,,,,,,,,,,,,,,,,
Pacific Islands Trust Territory,Crop Residues,Indirect emissions (N2O),kilotonnes,,,,,,,,,,,,,,,,,,,,,
Pacific Islands Trust Territory,Crop Residues,Emissions (N2O),kilotonnes,,,,,,,,,,,,,,,,,,,,,
Pacific Islands Trust Territory,Crop Residues,Emissions (CO2eq) from N2O (AR5),kilotonnes,,,,,,,,,,,,,,,,,,,,,
Pacific Islands Trust Territory,Crop Residues,Emissions (CO2eq) (AR5),kilotonnes,,,,,,,,,,,,,,,,,,,,,
Pacific Islands Trust Territory,Rice Cultivation,Emissions (CH4),kilotonnes,,,,,,,,,,,,,,,,,,,,,
Pacific Islands Trust Territory,Rice Cultivation,Emissions (CO2eq) from CH4 (AR5),kilotonnes,,,,,,,,,,,,,,,,,,,,,
Pacific Islands Trust Territory,Rice Cultivation,Emissions (CO2eq) (AR5),kilotonnes,,,,,,,,,,,,,,,,,,,,,
Pacific Islands Trust Territory,Burning - Crop residues,Emissions (CH4),kilotonnes,,,,,,,,,,,,,,,,,,,,,
Pacific Islands Trust Territory,Burning - Crop residues,Emissions (N2O),kilotonnes,,,,,,,,,,,,,,,,,,,,,
Pacific Islands Trust Territory,Burning - Crop residues,Emissions (CO2eq) from CH4 (AR5),kilotonnes,,,,,,,,,,,,,,,,,,,,,
Pacific Islands Trust Territory,Burning - Crop residues,Emissions (CO2eq) from N2O (AR5),kilotonnes,,,,,,,,,,,,,,,,,,,,,
Pacific Islands Trust Territory,Burning - Crop residues,Emissions (CO2eq) (AR5),kilotonnes,,,,,,,,,,,,,,,,,,,,,
Pacific Islands Trust Territory,Drained organic soils,Emissions (CO2eq) (AR5),kilotonnes,,,,,,,,,,,,,,,,,,,,,
Pacific Islands Trust Territory,Drained organic soils (CO2),Emissions (CO2),kilotonnes,,,,,,,,,,,,,,,,,,,,,
Pacific Islands Trust Territory,Drained organic soils (CO2),Emissions (CO2eq) (AR5),kilotonnes,,,,,,,,,,,,,,,,,,,,,
Pacific Islands Trust Territory,Drained organic soils (N2O),Emissions (N2O),kilotonnes,,,,,,,,,,,,,,,,,,,,,
Pacific Islands Trust Territory,Drained organic soils (N2O),Emissions (CO2eq) from N2O (AR5),kilotonnes,,,,,,,,,,,,,,,,,,,,,
Pacific Islands Trust Territory,Drained organic soils (N2O),Emissions (CO2eq) (AR5),kilotonnes,,,,,,,,,,,,,,,,,,,,,
Pacific Islands Trust Territory,Forestland,Emissions (CO2),kilotonnes,,,,,,,,,,,,,,,,,,,,,
Pacific Islands Trust Territory,Forestland,Emissions (CO2eq) (AR5),kilotonnes,,,,,,,,,,,,,,,,,,,,,
Pacific Islands Trust Territory,Net Forest conversion,Emissions (CO2),kilotonnes,,,,,,,,,,,,,,,,,,,,,
Pacific Islands Trust Territory,Net Forest conversion,Emissions (CO2eq) (AR5),kilotonnes,,,,,,,,,,,,,,,,,,,,,
Pacific Islands Trust Territory,Savanna fires,Emissions (CH4),kilotonnes,,,,,,,,,,,,,,,,,,,,,
Pacific Islands Trust Territory,Savanna fires,Emissions (N2O),kilotonnes,,,,,,,,,,,,,,,,,,,,,
Pacific Islands Trust Territory,Savanna fires,Emissions (CO2eq) from CH4 (AR5),kilotonnes,,,,,,,,,,,,,,,,,,,,,
Pacific Islands Trust Territory,Savanna fires,Emissions (CO2eq) from N2O (AR5),kilotonnes,,,,,,,,,,,,,,,,,,,,,
Pacific Islands Trust Territory,Savanna fires,Emissions (CO2eq) (AR5),kilotonnes,,,,,,,,,,,,,,,,,,,,,
Pacific Islands Trust Territory,Fires in organic soils,Emissions (CH4),kilotonnes,,,,,,,,,,,,,,,,,,,,,
Pacific Islands Trust Territory,Fires in organic soils,Emissions (CO2),kilotonnes,,,,,,,,,,,,,,,,,,,,,
Pacific Islands Trust Territory,Fires in organic soils,Emissions (CO2eq) from CH4 (AR5),kilotonnes,,,,,,,,,,,,,,,,,,,,,
Pacific Islands Trust Territory,Fires in organic soils,Emissions (CO2eq) (AR5),kilotonnes,,,,,,,,,,,,,,,,,,,,,
Pacific Islands Trust Territory,Forest fires,Emissions (CH4),kilotonnes,,,,,,,,,,,,,,,,,,,,,
Pacific Islands Trust Territory,Forest fires,Emissions (N2O),kilotonnes,,,,,,,,,,,,,,,,,,,,,
Pacific Islands Trust Territory,Forest fires,Emissions (CO2eq) from CH4 (AR5),kilotonnes,,,,,,,,,,,,,,,,,,,,,
Pacific Islands Trust Territory,Forest fires,Emissions (CO2eq) from N2O (AR5),kilotonnes,,,,,,,,,,,,,,,,,,,,,
Pacific Islands Trust Territory,Forest fires,Emissions (CO2eq) (AR5),kilotonnes,,,,,,,,,,,,,,,,,,,,,
Pacific Islands Trust Territory,Fires in humid tropical forests,Emissions (CH4),kilotonnes,,,,,,,,,,,,,,,,,,,,,
Pacific Islands Trust Territory,Fires in humid tropical forests,Emissions (N2O),kilotonnes,,,,,,,,,,,,,,,,,,,,,
Pacific Islands Trust Territory,Fires in humid tropical forests,Emissions (CO2eq) from CH4 (AR5),kilotonnes,,,,,,,,,,,,,,,,,,,,,
Pacific Islands Trust Territory,Fires in humid tropical forests,Emissions (CO2eq) from N2O (AR5),kilotonnes,,,,,,,,,,,,,,,,,,,,,
Pacific Islands Trust Territory,Fires in humid tropical forests,Emissions (CO2eq) (AR5),kilotonnes,,,,,,,,,,,,,,,,,,,,,
Pacific Islands Trust Territory,Waste - agri-food systems,Emissions (CH4),kilotonnes,,,,,,,,,,,,,,,,,,,,,
Pacific Islands Trust Territory,Waste - agri-food systems,Emissions (N2O),kilotonnes,,,,,,,,,,,,,,,,,,,,,
Pacific Islands Trust Territory,Waste - agri-food systems,Emissions (CO2eq) from CH4 (AR5),kilotonnes,,,,,,,,,,,,,,,,,,,,,
Pacific Islands Trust Territory,Waste - agri-food systems,Emissions (CO2eq) from N2O (AR5),kilotonnes,,,,,,,,,,,,,,,,,,,,,
Pacific Islands Trust Territory,Waste - agri-food systems,Emissions (CO2eq) (AR5),kilotonnes,,,,,,,,,,,,,,,,,,,,,
Pacific Islands Trust Territory,Energy,Emissions (CH4),kilotonnes,,,,,,,,,,,,,,,,,,,,,
Pacific Islands Trust Territory,Energy,Emissions (N2O),kilotonnes,,,,,,,,,,,,,,,,,,,,,
Pacific Islands Trust Territory,Energy,Emissions (CO2),kilotonnes,,,,,,,,,,,,,,,,,,,,,
Pacific Islands Trust Territory,Energy,Emissions (CO2eq) from CH4 (AR5),kilotonnes,,,,,,,,,,,,,,,,,,,,,
Pacific Islands Trust Territory,Energy,Emissions (CO2eq) from N2O (AR5),kilotonnes,,,,,,,,,,,,,,,,,,,,,
Pacific Islands Trust Territory,Energy,Emissions (CO2eq) (AR5),kilotonnes,,,,,,,,,,,,,,,,,,,,,
Pacific Islands Trust Territory,IPPU,Emissions (CH4),kilotonnes,,,,,,,,,,,,,,,,,,,,,
Pacific Islands Trust Territory,IPPU,Emissions (N2O),kilotonnes,,,,,,,,,,,,,,,,,,,,,
Pacific Islands Trust Territory,IPPU,Emissions (CO2),kilotonnes,,,,,,,,,,,,,,,,,,,,,
Pacific Islands Trust Territory,IPPU,Emissions (CO2eq) from CH4 (AR5),kilotonnes,,,,,,,,,,,,,,,,,,,,,
Pacific Islands Trust Territory,IPPU,Emissions (CO2eq) from N2O (AR5),kilotonnes,,,,,,,,,,,,,,,,,,,,,
Pacific Islands Trust Territory,IPPU,Emissions (CO2eq) (AR5),kilotonnes,,,,,,,,,,,,,,,,,,,,,
Pacific Islands Trust Territory,Waste,Emissions (CH4),kilotonnes,,,,,,,,,,,,,,,,,,,,,
Pacific Islands Trust Territory,Waste,Emissions (N2O),kilotonnes,,,,,,,,,,,,,,,,,,,,,
Pacific Islands Trust Territory,Waste,Emissions (CO2),kilotonnes,,,,,,,,,,,,,,,,,,,,,
Pacific Islands Trust Territory,Waste,Emissions (CO2eq) from CH4 (AR5),kilotonnes,,,,,,,,,,,,,,,,,,,,,
Pacific Islands Trust Territory,Waste,Emissions (CO2eq) from N2O (AR5),kilotonnes,,,,,,,,,,,,,,,,,,,,,
Pacific Islands Trust Territory,Waste,Emissions (CO2eq) (AR5),kilotonnes,,,,,,,,,,,,,,,,,,,,,
Pacific Islands Trust Territory,Other,Emissions (CH4),kilotonnes,,,,,,,,,,,,,,,,,,,,,
Pacific Islands Trust Territory,Other,Emissions (N2O),kilotonnes,,,,,,,,,,,,,,,,,,,,,
Pacific Islands Trust Territory,Other,Emissions (CO2),kilotonnes,,,,,,,,,,,,,,,,,,,,,
Pacific Islands Trust Territory,Other,Emissions (CO2eq) from CH4 (AR5),kilotonnes,,,,,,,,,,,,,,,,,,,,,
Pacific Islands Trust Territory,Other,Emissions (CO2eq) from N2O (AR5),kilotonnes,,,,,,,,,,,,,,,,,,,,,
Pacific Islands Trust Territory,Other,Emissions (CO2eq) (AR5),kilotonnes,,,,,,,,,,,,,,,,,,,,,
Pacific Islands Trust Territory,Farm-gate emissions,Emissions (CH4),kilotonnes,,,,,,,,,,,,,,,,,,,,,
Pacific Islands Trust Territory,Farm-gate emissions,Direct emissions (N2O),kilotonnes,,,,,,,,,,,,,,,,,,,,,
Pacific Islands Trust Territory,Farm-gate emissions,Indirect emissions (N2O),kilotonnes,,,,,,,,,,,,,,,,,,,,,
Pacific Islands Trust Territory,Farm-gate emissions,Emissions (N2O),kilotonnes,,,,,,,,,,,,,,,,,,,,,
Pacific Islands Trust Territory,Farm-gate emissions,Emissions (CO2),kilotonnes,,,,,,,,,,,,,,,,,,,,,
Pacific Islands Trust Territory,Farm-gate emissions,Emissions (CO2eq) from CH4 (AR5),kilotonnes,,,,,,,,,,,,,,,,,,,,,
Pacific Islands Trust Territory,Farm-gate emissions,Emissions (CO2eq) from N2O (AR5),kilotonnes,,,,,,,,,,,,,,,,,,,,,
Pacific Islands Trust Territory,Farm-gate emissions,Emissions (CO2eq) (AR5),kilotonnes,,,,,,,,,,,,,,,,,,,,,
Pacific Islands Trust Territory,Land Use change,Emissions (CH4),kilotonnes,,,,,,,,,,,,,,,,,,,,,
Pacific Islands Trust Territory,Land Use change,Emissions (N2O),kilotonnes,,,,,,,,,,,,,,,,,,,,,
Pacific Islands Trust Territory,Land Use change,Emissions (CO2),kilotonnes,,,,,,,,,,,,,,,,,,,,,
Pacific Islands Trust Territory,Land Use change,Emissions (CO2eq) from CH4 (AR5),kilotonnes,,,,,,,,,,,,,,,,,,,,,
Pacific Islands Trust Territory,Land Use change,Emissions (CO2eq) from N2O (AR5),kilotonnes,,,,,,,,,,,,,,,,,,,,,
Pacific Islands Trust Territory,Land Use change,Emissions (CO2eq) (AR5),kilotonnes,,,,,,,,,,,,,,,,,,,,,
Pacific Islands Trust Territory,Emissions on agricultural land,Emissions (CH4),kilotonnes,,,,,,,,,,,,,,,,,,,,,
Pacific Islands Trust Territory,Emissions on agricultural land,Emissions (N2O),kilotonnes,,,,,,,,,,,,,,,,,,,,,
Pacific Islands Trust Territory,Emissions on agricultural land,Emissions (CO2),kilotonnes,,,,,,,,,,,,,,,,,,,,,
Pacific Islands Trust Territory,Emissions on agricultural land,Emissions (CO2eq) from CH4 (AR5),kilotonnes,,,,,,,,,,,,,,,,,,,,,
Pacific Islands Trust Territory,Emissions on agricultural land,Emissions (CO2eq) from N2O (AR5),kilotonnes,,,,,,,,,,,,,,,,,,,,,
Pacific Islands Trust Territory,Emissions on agricultural land,Emissions (CO2eq) (AR5),kilotonnes,,,,,,,,,,,,,,,,,,,,,
Pacific Islands Trust Territory,Pre- and post- production,Emissions (CH4),kilotonnes,,,,,,,,,,,,,,,,,,,,,
Pacific Islands Trust Territory,Pre- and post- production,Emissions (N2O),kilotonnes,,,,,,,,,,,,,,,,,,,,,
Pacific Islands Trust Territory,Pre- and post- production,Emissions (CO2eq) from CH4 (AR5),kilotonnes,,,,,,,,,,,,,,,,,,,,,
Pacific Islands Trust Territory,Pre- and post- production,Emissions (CO2eq) from N2O (AR5),kilotonnes,,,,,,,,,,,,,,,,,,,,,
Pacific Islands Trust Territory,Pre- and post- production,Emissions (CO2eq) (AR5),kilotonnes,,,,,,,,,,,,,,,,,,,,,
Pacific Islands Trust Territory,Agri-food systems,Emissions (CH4),kilotonnes,,,,,,,,,,,,,,,,,,,,,
Pacific Islands Trust Territory,Agri-food systems,Emissions (N2O),kilotonnes,,,,,,,,,,,,,,,,,,,,,
Pacific Islands Trust Territory,Agri-food systems,Emissions (CO2),kilotonnes,,,,,,,,,,,,,,,,,,,,,
Pacific Islands Trust Territory,Agri-food systems,Emissions (CO2eq) from CH4 (AR5),kilotonnes,,,,,,,,,,,,,,,,,,,,,
Pacific Islands Trust Territory,Agri-food systems,Emissions (CO2eq) from N2O (AR5),kilotonnes,,,,,,,,,,,,,,,,,,,,,
Pacific Islands Trust Territory,Agri-food systems,Emissions (CO2eq) (AR5),kilotonnes,,,,,,,,,,,,,,,,,,,,,
Pacific Islands Trust Territory,IPCC Agriculture,Emissions (CH4),kilotonnes,,,,,,,,,,,,,,,,,,,,,
Pacific Islands Trust Territory,IPCC Agriculture,Direct emissions (N2O),kilotonnes,,,,,,,,,,,,,,,,,,,,,
Pacific Islands Trust Territory,IPCC Agriculture,Indirect emissions (N2O),kilotonnes,,,,,,,,,,,,,,,,,,,,,
Pacific Islands Trust Territory,IPCC Agriculture,Emissions (N2O),kilotonnes,,,,,,,,,,,,,,,,,,,,,
Pacific Islands Trust Territory,IPCC Agriculture,Emissions (CO2eq) from CH4 (AR5),kilotonnes,,,,,,,,,,,,,,,,,,,,,
Pacific Islands Trust Territory,IPCC Agriculture,Emissions (CO2eq) from N2O (AR5),kilotonnes,,,,,,,,,,,,,,,,,,,,,
Pacific Islands Trust Territory,IPCC Agriculture,Emissions (CO2eq) (AR5),kilotonnes,,,,,,,,,,,,,,,,,,,,,
Pacific Islands Trust Territory,Agricultural Soils,Direct emissions (N2O),kilotonnes,,,,,,,,,,,,,,,,,,,,,
Pacific Islands Trust Territory,Agricultural Soils,Indirect emissions (N2O),kilotonnes,,,,,,,,,,,,,,,,,,,,,
Pacific Islands Trust Territory,Agricultural Soils,Emissions (N2O),kilotonnes,,,,,,,,,,,,,,,,,,,,,
Pacific Islands Trust Territory,Agricultural Soils,Emissions (CO2eq) from N2O (AR5),kilotonnes,,,,,,,,,,,,,,,,,,,,,
Pacific Islands Trust Territory,Agricultural Soils,Emissions (CO2eq) (AR5),kilotonnes,,,,,,,,,,,,,,,,,,,,,
Pacific Islands Trust Territory,LULUCF,Emissions (CH4),kilotonnes,,,,,,,,,,,,,,,,,,,,,
Pacific Islands Trust Territory,LULUCF,Emissions (N2O),kilotonnes,,,,,,,,,,,,,,,,,,,,,
Pacific Islands Trust Territory,LULUCF,Emissions (CO2),kilotonnes,,,,,,,,,,,,,,,,,,,,,
Pacific Islands Trust Territory,LULUCF,Emissions (CO2eq) from CH4 (AR5),kilotonnes,,,,,,,,,,,,,,,,,,,,,
Pacific Islands Trust Territory,LULUCF,Emissions (CO2eq) from N2O (AR5),kilotonnes,,,,,,,,,,,,,,,,,,,,,
Pacific Islands Trust Territory,LULUCF,Emissions (CO2eq) (AR5),kilotonnes,,,,,,,,,,,,,,,,,,,,,
Pacific Islands Trust Territory,AFOLU,Emissions (CH4),kilotonnes,,,,,,,,,,,,,,,,,,,,,
Pacific Islands Trust Territory,AFOLU,Emissions (N2O),kilotonnes,,,,,,,,,,,,,,,,,,,,,
Pacific Islands Trust Territory,AFOLU,Emissions (CO2),kilotonnes,,,,,,,,,,,,,,,,,,,,,
Pacific Islands Trust Territory,AFOLU,Emissions (CO2eq) from CH4 (AR5),kilotonnes,,,,,,,,,,,,,,,,,,,,,
Pacific Islands Trust Territory,AFOLU,Emissions (CO2eq) from N2O (AR5),kilotonnes,,,,,,,,,,,,,,,,,,,,,
Pacific Islands Trust Territory,AFOLU,Emissions (CO2eq) (AR5),kilotonnes,,,,,,,,,,,,,,,,,,,,,
Pacific Islands Trust Territory,All sectors with LULUCF,Emissions (CH4),kilotonnes,,,,,,,,,,,,,,,,,,,,,
Pacific Islands Trust Territory,All sectors with LULUCF,Emissions (N2O),kilotonnes,,,,,,,,,,,,,,,,,,,,,
Pacific Islands Trust Territory,All sectors with LULUCF,Emissions (CO2),kilotonnes,,,,,,,,,,,,,,,,,,,,,
Pacific Islands Trust Territory,All sectors with LULUCF,Emissions (CO2eq) from CH4 (AR5),kilotonnes,,,,,,,,,,,,,,,,,,,,,
Pacific Islands Trust Territory,All sectors with LULUCF,Emissions (CO2eq) from N2O (AR5),kilotonnes,,,,,,,,,,,,,,,,,,,,,
Pacific Islands Trust Territory,All sectors with LULUCF,Emissions (CO2eq) (AR5),kilotonnes,,,,,,,,,,,,,,,,,,,,,
Pacific Islands Trust Territory,All sectors without LULUCF,Emissions (CH4),kilotonnes,,,,,,,,,,,,,,,,,,,,,
Pacific Islands Trust Territory,All sectors without LULUCF,Emissions (N2O),kilotonnes,,,,,,,,,,,,,,,,,,,,,
Pacific Islands Trust Territory,All sectors without LULUCF,Emissions (CO2),kilotonnes,,,,,,,,,,,,,,,,,,,,,
Pacific Islands Trust Territory,All sectors without LULUCF,Emissions (CO2eq) from CH4 (AR5),kilotonnes,,,,,,,,,,,,,,,,,,,,,
Pacific Islands Trust Territory,All sectors without LULUCF,Emissions (CO2eq) from N2O (AR5),kilotonnes,,,,,,,,,,,,,,,,,,,,,
Pacific Islands Trust Territory,All sectors without LULUCF,Emissions (CO2eq) (AR5),kilotonnes,,,,,,,,,,,,,,,,,,,,,
Pakistan,Crop Residues,Direct emissions (N2O),kilotonnes,6.5051,5.8623,5.8537,6.2215,6.4028,6.958,6.8751,7.3589,7.3065,7.81,7.2017,7.9277,7.3851,8.022,8.391,8.2282,8.4495,8.7567,8.0713,8.1523,8.5722
Pakistan,Crop Residues,Indirect emissions (N2O),kilotonnes,1.4636,1.319,1.3171,1.3998,1.4406,1.5656,1.5469,1.6558,1.644,1.7573,1.6204,1.7837,1.6616,1.805,1.888,1.8513,1.9011,1.9703,1.816,1.8343,1.9288
Pakistan,Crop Residues,Emissions (N2O),kilotonnes,7.9687,7.1814,7.1708,7.6213,7.8434,8.5236,8.422,9.0147,8.9505,9.5673,8.8221,9.7114,9.0467,9.827,10.279,10.0795,10.3506,10.7269,9.8873,9.9866,10.501
Pakistan,Crop Residues,Emissions (CO2eq) from N2O (AR5),kilotonnes,2111.711,1903.0616,1900.2619,2019.6526,2078.5044,2258.7529,2231.8177,2388.8896,2371.8859,2535.3322,2337.8622,2573.5209,2397.3783,2604.1452,2723.9427,2671.0659,2742.91,2842.6333,2620.1451,2646.4454,2782.7625
Pakistan,Crop Residues,Emissions (CO2eq) (AR5),kilotonnes,2111.711,1903.0616,1900.2619,2019.6526,2078.5044,2258.7529,2231.8177,2388.8896,2371.8859,2535.3322,2337.8622,2573.5209,2397.3783,2604.1452,2723.9427,2671.0659,2742.91,2842.6333,2620.1451,2646.4454,2782.7625
Pakistan,Rice Cultivation,Emissions (CH4),kilotonnes,332.724,295.988,311.5,344.484,352.744,366.996,361.368,352.156,414.764,403.634,331.142,359.968,323.232,390.4837,404.6904,383.5293,381.3618,406.0833,393.4042,424.7473,466.9147
Pakistan,Rice Cultivation,Emissions (CO2eq) from CH4 (AR5),kilotonnes,9316.272,8287.664,8722,9645.552,9876.832,10275.888,10118.304,9860.368,11613.392,11301.752,9271.976,10079.104,9050.496,10933.5425,11331.3323,10738.8204,10678.131,11370.3324,11015.3176,11892.9233,13073.6116
Pakistan,Rice Cultivation,Emissions (CO2eq) (AR5),kilotonnes,9316.272,8287.664,8722,9645.552,9876.832,10275.888,10118.304,9860.368,11613.392,11301.752,9271.976,10079.104,9050.496,10933.5425,11331.3323,10738.8204,10678.131,11370.3324,11015.3176,11892.9233,13073.6116
Pakistan,Burning - Crop residues,Emissions (CH4),kilotonnes,17.0381,16.2099,16.303,16.8176,17.1517,17.4289,17.295,17.6456,18.6521,18.3825,17.6595,18.1004,17.4872,18.7072,19.3141,19.2103,19.7843,19.7297,19.3174,19.4933,20.3345
Pakistan,Burning - Crop residues,Emissions (CH4),kilotonnes,,,,,,,,,,,,,,,,27,,,,,
Pakistan,Burning - Crop residues,Emissions (N2O),kilotonnes,0.4417,0.4203,0.4227,0.436,0.4447,0.4519,0.4484,0.4575,0.4836,0.4766,0.4578,0.4693,0.4534,0.485,0.5007,0.498,0.5129,0.5115,0.5008,0.5054,0.5272
Pakistan,Burning - Crop residues,Emissions (N2O),kilotonnes,,,,,,,,,,,,,,,,1,,,,,
Pakistan,Burning - Crop residues,Emissions (CO2eq) from CH4 (AR5),kilotonnes,477.0662,453.8759,456.4845,470.892,480.2479,488.0078,484.2607,494.0755,522.2595,514.7086,494.466,506.8107,489.6415,523.8008,540.7943,537.8896,553.9612,552.4304,540.8873,545.8131,569.3648
Pakistan,Burning - Crop residues,Emissions (CO2eq) from CH4 (AR5),kilotonnes,,,,,,,,,,,,,,,,756,,,,,
Pakistan,Burning - Crop residues,Emissions (CO2eq) from N2O (AR5),kilotonnes,117.0579,111.3677,112.0078,115.5429,117.8386,119.7427,118.8232,121.2315,128.147,126.2942,121.3273,124.3563,120.1435,128.5252,132.6949,131.9822,135.9257,135.5501,132.7177,133.9264,139.7052
Pakistan,Burning - Crop residues,Emissions (CO2eq) from N2O (AR5),kilotonnes,,,,,,,,,,,,,,,,265,,,,,
Pakistan,Burning - Crop residues,Emissions (CO2eq) (AR5),kilotonnes,594.1242,565.2436,568.4923,586.4349,598.0865,607.7505,603.0839,615.307,650.4066,641.0029,615.7933,631.167,609.7851,652.326,673.4892,669.8718,689.8868,687.9805,673.605,679.7394,709.07
Pakistan,Burning - Crop residues,Emissions (CO2eq) (AR5),kilotonnes,,,,,,,,,,,,,,,,1021,,,,,
Pakistan,Enteric Fermentation,Emissions (CH4),kilotonnes,2491.152,2552.938,2617.143,2686.385,2752.561,2824.94,3066.025,3161.176,3260.499,3363.075,3393.583,3578.367,3691.197,3801.034,3920.203,4043.17,4168.18,4299.599,4436.761,4576.583,4721.011
Pakistan,Enteric Fermentation,Emissions (CH4),kilotonnes,,,,,,,,,,,,,,,,3752,,,,,
Pakistan,Enteric Fermentation,Emissions (CO2eq) from CH4 (AR5),kilotonnes,69752.256,71482.264,73280.004,75218.78,77071.708,79098.32,85848.7012,88512.928,91293.972,94166.1,95020.324,100194.276,103353.516,106428.952,109765.684,113208.76,116709.04,120388.772,124229.308,128144.324,132188.308
Pakistan,Enteric Fermentation,Emissions (CO2eq) from CH4 (AR5),kilotonnes,,,,,,,,,,,,,,,,105056,,,,,
Pakistan,Enteric Fermentation,Emissions (CO2eq) (AR5),kilotonnes,69752.256,71482.264,73280.004,75218.78,77071.708,79098.32,85848.7012,88512.928,91293.972,94166.1,95020.324,100194.276,103353.516,106428.952,109765.684,113208.76,116709.04,120388.772,124229.308,128144.324,132188.308
Pakistan,Enteric Fermentation,Emissions (CO2eq) (AR5),kilotonnes,,,,,,,,,,,,,,,,105056,,,,,
Pakistan,Manure Management,Emissions (CH4),kilotonnes,198.158,203.191,208.6997,214.4156,219.7489,225.6009,246.0949,254.1429,262.578,271.3172,273.5344,289.7876,299.5241,308.5917,318.9503,329.6797,346.0723,363.1413,376.2778,389.799,403.9151
Pakistan,Manure Management,Emissions (CH4),kilotonnes,,,,,,,,,,,,,,,,353,,,,,
Pakistan,Manure Management,Emissions (N2O),kilotonnes,2.5648,2.6286,2.721,2.797,2.8632,2.9328,3.1765,3.2857,3.4007,3.5228,3.5844,3.7908,3.9315,3.9859,4.1405,4.3027,4.9178,5.5263,5.7967,6.083,6.3901
Pakistan,Manure Management,Emissions (N2O),kilotonnes,,,,,,,,,,,,,,,,13,,,,,
Pakistan,Manure Management,Emissions (CO2eq) from CH4 (AR5),kilotonnes,5548.4251,5689.3474,5843.5908,6003.6371,6152.9689,6316.8263,6890.6559,7116.0026,7352.1843,7596.8813,7658.9629,8114.0534,8386.6737,8640.5673,8930.6095,9231.0316,9690.0241,10167.957,10535.7784,10914.3709,11309.6228
Pakistan,Manure Management,Emissions (CO2eq) from CH4 (AR5),kilotonnes,,,,,,,,,,,,,,,,9884,,,,,
Pakistan,Manure Management,Emissions (CO2eq) from N2O (AR5),kilotonnes,679.6829,696.5864,721.0615,741.198,758.7579,777.1802,841.7762,870.7167,901.1843,933.5292,949.8591,1004.5497,1041.8474,1056.2708,1097.2407,1140.21,1303.2281,1464.4813,1536.1332,1612.0069,1693.3835
Pakistan,Manure Management,Emissions (CO2eq) from N2O (AR5),kilotonnes,,,,,,,,,,,,,,,,3445,,,,,
Pakistan,Manure Management,Emissions (CO2eq) (AR5),kilotonnes,6228.108,6385.9339,6564.6522,6744.8351,6911.7268,7094.0065,7732.4321,7986.7193,8253.3686,8530.4105,8608.822,9118.6031,9428.5211,9696.8381,10027.8502,10371.2416,10993.2522,11632.4382,12071.9116,12526.3778,13003.0063
Pakistan,Manure Management,Emissions (CO2eq) (AR5),kilotonnes,,,,,,,,,,,,,,,,13329,,,,,
Pakistan,Manure left on Pasture,Direct emissions (N2O),kilotonnes,37.1236,38.0808,39.1582,40.229,41.2644,42.3628,44.6444,45.9866,47.3854,48.8393,49.6623,51.9236,53.538,54.8677,56.5933,58.3811,61.667,64.9869,67.2581,69.6137,72.0812
Pakistan,Manure left on Pasture,Indirect emissions (N2O),kilotonnes,11.3512,11.646,11.9693,12.2956,12.6181,12.9576,13.381,13.7529,14.1393,14.5397,14.8086,15.3845,15.8257,16.209,16.6789,17.1644,17.9709,18.7875,19.3838,20.0009,20.6446
Pakistan,Manure left on Pasture,Emissions (N2O),kilotonnes,48.4748,49.7268,51.1275,52.5246,53.8825,55.3204,58.0254,59.7395,61.5247,63.379,64.4708,67.3081,69.3637,71.0767,73.2722,75.5456,79.6379,83.7744,86.6419,89.6146,92.7257
Pakistan,Manure left on Pasture,Emissions (CO2eq) from N2O (AR5),kilotonnes,12845.8294,13177.5956,13548.7857,13919.03,14278.8673,14659.9114,15376.7307,15830.9742,16304.0455,16795.4257,17084.768,17836.6518,18381.3853,18835.3202,19417.1357,20019.5783,21104.0503,22200.2252,22960.1066,23747.8646,24572.3226
Pakistan,Manure left on Pasture,Emissions (CO2eq) (AR5),kilotonnes,12845.8294,13177.5956,13548.7857,13919.03,14278.8673,14659.9114,15376.7307,15830.9742,16304.0455,16795.4257,17084.768,17836.6518,18381.3853,18835.3202,19417.1357,20019.5783,21104.0503,22200.2252,22960.1066,23747.8646,24572.3226
Pakistan,Manure applied to Soils,Direct emissions (N2O),kilotonnes,6.6272,6.7909,7.0126,7.2047,7.3758,7.5569,8.2286,8.5103,8.8063,9.1186,9.2678,9.7981,10.1549,10.3396,10.7287,11.1355,12.4407,13.7372,14.3684,15.0335,15.7431
Pakistan,Manure applied to Soils,Indirect emissions (N2O),kilotonnes,2.8166,2.8861,2.9804,3.062,3.1347,3.2117,3.4971,3.6169,3.7427,3.8754,3.9388,4.1642,4.3158,4.3943,4.5597,4.7326,5.2873,5.8383,6.1066,6.3892,6.6908
Pakistan,Manure applied to Soils,Emissions (N2O),kilotonnes,9.4438,9.677,9.993,10.2667,10.5105,10.7686,11.7257,12.1271,12.5489,12.994,13.2066,13.9623,14.4708,14.734,15.2884,15.8681,17.728,19.5755,20.475,21.4227,22.4339
Pakistan,Manure applied to Soils,Emissions (CO2eq) from N2O (AR5),kilotonnes,2502.6014,2564.4009,2648.1319,2720.6861,2785.2765,2853.6866,3107.3117,3213.6933,3325.4629,3443.4179,3499.7567,3699.9984,3834.7585,3904.4991,4051.423,4205.0541,4697.9069,5187.4998,5425.8792,5677.0263,5944.9764
Pakistan,Manure applied to Soils,Emissions (CO2eq) (AR5),kilotonnes,2502.6014,2564.4009,2648.1319,2720.6861,2785.2765,2853.6866,3107.3117,3213.6933,3325.4629,3443.4179,3499.7567,3699.9984,3834.7585,3904.4991,4051.423,4205.0541,4697.9069,5187.4998,5425.8792,5677.0263,5944.9764
Pakistan,Synthetic Fertilizers,Direct emissions (N2O),kilotonnes,35.5866,36.011,37.4783,38.5944,40.3893,44.2951,45.084,42.6494,46.0123,54.2441,51.3941,50.0868,44.7978,50.9073,49.3313,49.6651,50.9443,54.1659,54.1659,55.0842,55.5309
Pakistan,Synthetic Fertilizers,Indirect emissions (N2O),kilotonnes,11.5656,11.7036,12.1804,12.5432,13.1265,14.3959,14.6523,13.8611,14.954,17.6293,16.7031,16.2782,14.5593,16.5449,16.0327,16.1412,16.5569,17.6039,17.6039,17.9024,18.0475
Pakistan,Synthetic Fertilizers,Emissions (N2O),kilotonnes,47.1522,47.7146,49.6587,51.1376,53.5159,58.691,59.7363,56.5105,60.9663,71.8735,68.0971,66.365,59.3571,67.4522,65.3639,65.8063,67.5011,71.7698,71.7698,72.9865,73.5784
Pakistan,Synthetic Fertilizers,Emissions (CO2eq) from N2O (AR5),kilotonnes,12495.3349,12644.3674,13159.553,13551.4682,14181.703,15553.1165,15830.1315,14975.2721,16156.0774,19046.4747,18045.7388,17586.7121,15729.6381,17874.8342,17321.4442,17438.6617,17887.8008,19019.0077,19019.0077,19341.4277,19498.2843
Pakistan,Synthetic Fertilizers,Emissions (CO2eq) (AR5),kilotonnes,12495.3349,12644.3674,13159.553,13551.4682,14181.703,15553.1165,15830.1315,14975.2721,16156.0774,19046.4747,18045.7388,17586.7121,15729.6381,17874.8342,17321.4442,17438.6617,17887.8008,19019.0077,19019.0077,19341.4277,19498.2843
Pakistan,Drained organic soils,Emissions (CO2eq) (AR5),kilotonnes,0,0,0,0,0,0,0,0,0,0,0,0,0,0,0,0,0,0,0,0,0
Pakistan,Drained organic soils (CO2),Emissions (CO2),kilotonnes,0,0,0,0,0,0,0,0,0,0,0,0,0,0,0,0,0,0,0,0,0
Pakistan,Drained organic soils (CO2),Emissions (CO2eq) (AR5),kilotonnes,0,0,0,0,0,0,0,0,0,0,0,0,0,0,0,0,0,0,0,0,0
Pakistan,Drained organic soils (N2O),Emissions (N2O),kilotonnes,0,0,0,0,0,0,0,0,0,0,0,0,0,0,0,0,0,0,0,0,0
Pakistan,Drained organic soils (N2O),Emissions (CO2eq) from N2O (AR5),kilotonnes,0,0,0,0,0,0,0,0,0,0,0,0,0,0,0,0,0,0,0,0,0
Pakistan,Drained organic soils (N2O),Emissions (CO2eq) (AR5),kilotonnes,0,0,0,0,0,0,0,0,0,0,0,0,0,0,0,0,0,0,0,0,0
Pakistan,On-farm energy use,Emissions (CH4),kilotonnes,1.59,1.4368,1.7121,2.3165,2.8163,3.0596,3.2213,4.0873,2.7715,2.9466,2.5745,2.2688,1.71,1.5248,1.3868,1.1019,1.0622,1.1377,1.0414,0.9724,0.9724
Pakistan,On-farm energy use,Emissions (N2O),kilotonnes,0.3675,0.3188,0.2478,0.2359,0.1882,0.1168,0.1366,0.1553,0.1007,0.0871,0.0637,0.0405,0.0486,0.0661,0.0531,0.0248,0.0222,0.025,0.0246,0.0189,0.0189
Pakistan,On-farm energy use,Emissions (CO2),kilotonnes,1816.8796,1677.1644,1622.1855,1818.7689,1895.2773,1863.8994,2023.12,2396.7016,1779.7667,1751.741,1507.2083,1287.4423,1061.6314,1042.3897,1033.5516,943.235,975.4287,968.6521,990.5768,983.2021,983.2021
Pakistan,On-farm energy use,Emissions (CO2eq) from CH4 (AR5),kilotonnes,44.519,40.2316,47.9396,64.8619,78.8564,85.6691,90.1969,114.4434,77.6025,82.5044,72.0871,63.5262,47.8788,42.693,38.8314,30.852,29.7417,31.855,29.1583,27.2264,27.2264
Pakistan,On-farm energy use,Emissions (CO2eq) from N2O (AR5),kilotonnes,97.3943,84.4901,65.6546,62.5147,49.8733,30.9553,36.1943,41.1666,26.6745,23.0836,16.882,10.7258,12.8867,17.5082,14.0727,6.5666,5.885,6.6188,6.5094,4.9973,4.9973
Pakistan,On-farm energy use,Emissions (CO2eq) (AR5),kilotonnes,1958.793,1801.8861,1735.7798,1946.1454,2024.007,1980.5238,2149.5113,2552.3117,1884.0437,1857.3291,1596.1774,1361.6943,1122.3969,1102.5909,1086.4557,980.6536,1011.0554,1007.126,1026.2446,1015.4259,1015.4259
Pakistan,Forestland,Emissions (CO2),kilotonnes,0,0,0,0,0,0,0,0,0,0,0,0,0,0,0,0,0,0,0,0,0
Pakistan,Forestland,Emissions (CO2eq) (AR5),kilotonnes,0,0,0,0,0,0,0,0,0,0,0,0,0,0,0,0,0,0,0,0,0
Pakistan,Net Forest conversion,Emissions (CO2),kilotonnes,8046.7602,7065.3035,7065.3035,7065.3035,7065.3035,7065.3035,7065.3035,7065.3035,7065.3035,7065.3035,7065.3035,5453.1763,5453.1763,5453.1763,5453.1763,5453.1763,6995.417,6995.417,6995.417,6995.417,6995.417
Pakistan,Net Forest conversion,Emissions (CO2eq) (AR5),kilotonnes,8046.7602,7065.3035,7065.3035,7065.3035,7065.3035,7065.3035,7065.3035,7065.3035,7065.3035,7065.3035,7065.3035,5453.1763,5453.1763,5453.1763,5453.1763,5453.1763,6995.417,6995.417,6995.417,6995.417,6995.417
Pakistan,Savanna fires,Emissions (CH4),kilotonnes,0.1563,0.1275,0.1954,0.1723,0.2793,0.2828,0.2294,0.1773,0.5876,0.3922,0.2152,0.236,0.3648,0.1317,0.3139,0.1619,0.5799,0.3397,0.2072,0.2226,0.4422
Pakistan,Savanna fires,Emissions (N2O),kilotonnes,0.0143,0.0116,0.0178,0.0157,0.0255,0.0258,0.0209,0.0162,0.0536,0.0358,0.0197,0.0215,0.0333,0.012,0.0287,0.0148,0.0529,0.031,0.0189,0.0203,0.0404
Pakistan,Savanna fires,Emissions (CO2eq) from CH4 (AR5),kilotonnes,4.3763,3.571,5.4714,4.824,7.8191,7.9178,6.4223,4.9632,16.4522,10.982,6.0262,6.6072,10.2152,3.6877,8.7885,4.5331,16.2378,9.5107,5.8002,6.2328,12.3808
Pakistan,Savanna fires,Emissions (CO2eq) from N2O (AR5),kilotonnes,3.7815,3.0858,4.728,4.1685,6.7567,6.8421,5.5497,4.2888,14.2168,9.4899,5.2074,5.7095,8.8272,3.1867,7.5944,3.9172,14.0316,8.2185,5.0121,5.3859,10.6987
Pakistan,Savanna fires,Emissions (CO2eq) (AR5),kilotonnes,8.1578,6.6568,10.1994,8.9925,14.5758,14.7599,11.9721,9.252,30.669,20.472,11.2336,12.3166,19.0424,6.8744,16.3828,8.4502,30.2694,17.7292,10.8123,11.6187,23.0795
Pakistan,Fires in organic soils,Emissions (CH4),kilotonnes,0,0,0,0,0,0,0,0,0,0,0,0,0,0,0,0,0,0,0,0,0
Pakistan,Fires in organic soils,Emissions (CO2),kilotonnes,0,0,0,0,0,0,0,0,0,0,0,0,0,0,0,0,0,0,0,0,0
Pakistan,Fires in organic soils,Emissions (CO2eq) from CH4 (AR5),kilotonnes,0,0,0,0,0,0,0,0,0,0,0,0,0,0,0,0,0,0,0,0,0
Pakistan,Fires in organic soils,Emissions (CO2eq) (AR5),kilotonnes,0,0,0,0,0,0,0,0,0,0,0,0,0,0,0,0,0,0,0,0,0
Pakistan,Forest fires,Emissions (CH4),kilotonnes,0.0878,0,0.0945,0,0.0298,0.1542,0.0075,0.2637,0,0.102,0,0.0124,0.1517,0,0.0025,0,0.0871,0.0672,0.0746,0.0448,0
Pakistan,Forest fires,Emissions (N2O),kilotonnes,0.0049,0,0.0086,0,0.0027,0.0141,0.0007,0.0241,0,0.0093,0,0.0011,0.0139,0,0.0002,0,0.0079,0.0061,0.0068,0.0041,0
Pakistan,Forest fires,Emissions (CO2eq) from CH4 (AR5),kilotonnes,2.4596,0,2.6467,0,0.8358,4.3182,0.209,7.3828,0,2.8557,0,0.3482,4.2486,0,0.0697,0,2.4377,1.8806,2.0895,1.2537,0
Pakistan,Forest fires,Emissions (CO2eq) from N2O (AR5),kilotonnes,1.2876,0,2.2871,0,0.7222,3.7315,0.1806,6.3797,0,2.4677,0,0.3009,3.6714,0,0.0602,0,2.1065,1.625,1.8056,1.0834,0
Pakistan,Forest fires,Emissions (CO2eq) (AR5),kilotonnes,3.7472,0,4.9337,0,1.558,8.0498,0.3896,13.7625,0,5.3233,0,0.6492,7.92,0,0.1299,0,4.5442,3.5056,3.895,2.3371,0
Pakistan,Fires in humid tropical forests,Emissions (CH4),kilotonnes,0,0,0,0,0,0,0,0,0,0,0,0,0,0,0,0,0,0,0,0,0
Pakistan,Fires in humid tropical forests,Emissions (N2O),kilotonnes,0,0,0,0,0,0,0,0,0,0,0,0,0,0,0,0,0,0,0,0,0
Pakistan,Fires in humid tropical forests,Emissions (CO2eq) from CH4 (AR5),kilotonnes,0,0,0,0,0,0,0,0,0,0,0,0,0,0,0,0,0,0,0,0,0
Pakistan,Fires in humid tropical forests,Emissions (CO2eq) from N2O (AR5),kilotonnes,0,0,0,0,0,0,0,0,0,0,0,0,0,0,0,0,0,0,0,0,0
Pakistan,Fires in humid tropical forests,Emissions (CO2eq) (AR5),kilotonnes,0,0,0,0,0,0,0,0,0,0,0,0,0,0,0,0,0,0,0,0,0
Pakistan,Waste - agri-food systems,Emissions (CH4),kilotonnes,901.121,916.3356,931.1432,945.5086,958.7925,965.0039,979.5786,996.6957,1009.5058,1021.7469,1034.3517,1050.8744,1064.9142,1079.3698,1082.9542,1087.6086,1098.3866,1108.2323,1117.846,1126.5431,1134.71
Pakistan,Waste - agri-food systems,Emissions (N2O),kilotonnes,3.2766,3.1948,3.1696,3.2641,3.265,3.3295,3.4028,3.5936,3.6552,3.8176,3.8765,4.0576,4.1311,4.2955,4.1708,4.3785,4.474,4.6511,4.7228,4.793,4.8629
Pakistan,Waste - agri-food systems,Emissions (CO2),kilotonnes,71.6966,71.6071,71.6221,72.0168,72.4754,72.7836,73.1658,73.464,73.7773,73.7449,73.8938,74.4272,74.5679,74.6535,74.8112,75.1018,75.5233,75.7469,75.8858,75.5887,75.3994
Pakistan,Waste - agri-food systems,Emissions (CO2eq) from CH4 (AR5),kilotonnes,25231.3876,25657.3966,26072.0101,26474.2407,26846.1902,27020.11,27428.2005,27907.4809,28266.1631,28608.914,28961.8473,29424.4839,29817.5986,30222.3551,30322.7182,30453.0418,30754.8244,31030.5032,31299.688,31543.2058,31771.8798
Pakistan,Waste - agri-food systems,Emissions (CO2eq) from N2O (AR5),kilotonnes,868.3068,846.6219,839.9394,864.9899,865.2335,882.3166,901.7346,952.3049,968.6379,1011.6578,1027.2729,1075.2522,1094.7513,1138.2986,1105.2562,1160.3128,1185.605,1232.5381,1251.5377,1270.1367,1288.6807
Pakistan,Waste - agri-food systems,Emissions (CO2eq) (AR5),kilotonnes,26171.3909,26575.6256,26983.5717,27411.2475,27783.8991,27975.2102,28403.1009,28933.2498,29308.5783,29694.3167,30063.014,30574.1633,30986.9178,31435.3072,31502.7856,31688.4564,32015.9527,32338.7882,32627.1115,32888.9311,33135.9599
Pakistan,Fertilizers Manufacturing,Emissions (N2O),kilotonnes,0.7899,0.8435,0.9015,0.9774,0.9467,0.9566,0.9851,1.0547,0.9987,1.0386,1.529,1.7886,1.3974,1.3575,1.392,1.8739,1.7344,1.7436,1.2947,1.0859,1.1297
Pakistan,Fertilizers Manufacturing,Emissions (CO2),kilotonnes,4066.2385,4196.52,4346.936,4468.5149,4490.8492,4779.8908,4959.3281,4724.1718,4994.0339,5289.4581,5397.4689,5423.0322,4520.9336,5038.3285,5079.7519,5358.9308,6008.9815,5794.7068,5484.713,5839.4194,5815.0885
Pakistan,Fertilizers Manufacturing,Emissions (CO2eq) from N2O (AR5),kilotonnes,209.3235,223.5275,238.8975,259.011,250.8755,253.499,261.0515,279.4955,264.6555,275.229,405.185,473.979,370.311,359.7375,368.88,496.5835,459.616,462.054,343.0955,287.7635,299.3669
Pakistan,Fertilizers Manufacturing,Emissions (CO2eq) (AR5),kilotonnes,4275.562,4420.0475,4585.8335,4727.5259,4741.7247,5033.3898,5220.3796,5003.6673,5258.6894,5564.6871,5802.6539,5897.0112,4891.2446,5398.066,5448.6319,5855.5143,6468.5975,6256.7608,5827.8085,6127.1829,6114.4554
Pakistan,On-farm electricity use,Emissions (CH4),kilotonnes,5.4478,5.9085,7.2189,8.0024,8.3852,9.5384,9.8108,10.1659,10.5535,11.6263,10.7647,10.2571,9.236,9.9475,9.6392,10.2307,11.0659,11.3587,11.813,12.2478,12.2478
Pakistan,On-farm electricity use,Emissions (N2O),kilotonnes,0.0291,0.0316,0.0385,0.0427,0.0448,0.0509,0.0524,0.0543,0.0564,0.0621,0.0575,0.0548,0.0493,0.0531,0.0515,0.0546,0.0591,0.0607,0.0631,0.0654,0.0654
Pakistan,On-farm electricity use,Emissions (CO2),kilotonnes,2176.9781,2279.9169,2664.6891,2473.5768,2779.9515,3028.4331,3383.7913,3667.4297,3968.5925,4437.9467,3812.989,3503.2559,3214.4365,3447.1706,3340.3042,3545.3048,3834.7174,3936.1781,4093.6253,4244.2896,4244.2896
Pakistan,On-farm electricity use,Emissions (CO2eq) from CH4 (AR5),kilotonnes,152.5384,165.438,202.1292,224.0672,234.7856,267.0752,274.7024,284.6452,295.498,325.5364,301.4116,287.1988,258.608,278.53,269.8976,286.4596,309.8452,318.0436,330.764,342.9384,342.9384
Pakistan,On-farm electricity use,Emissions (CO2eq) from N2O (AR5),kilotonnes,7.7115,8.374,10.2025,11.3155,11.872,13.4885,13.886,14.3895,14.946,16.4565,15.2375,14.522,13.0645,14.0715,13.6475,14.469,15.6615,16.0855,16.7215,17.331,17.331
Pakistan,On-farm electricity use,Emissions (CO2eq) (AR5),kilotonnes,2337.228,2453.7289,2877.0208,2708.9595,3026.6091,3308.9968,3672.3797,3966.4644,4279.0365,4779.9396,4129.6381,3804.9767,3486.109,3739.7721,3623.8493,3846.2334,4160.2241,4270.3072,4441.1108,4604.559,4604.559
Pakistan,Food Processing,Emissions (CH4),kilotonnes,64.0277,64.3556,71.6915,80.3399,80.5357,85.9507,91.7127,67.066,67.4989,75.1113,75.6829,67.771,63.8199,5.7229,6.458,6.5902,6.5789,6.4463,6.5135,6.3413,6.3413
Pakistan,Food Processing,Emissions (N2O),kilotonnes,0.0416,0.0419,0.0411,0.0435,0.0432,0.0416,0.042,0.0633,0.0779,0.0788,0.0759,0.0683,0.0626,0.0107,0.0118,0.0132,0.0153,0.0242,0.0245,0.0179,0.0186
Pakistan,Food Processing,Emissions (CO2),kilotonnes,1429.6148,1466.7311,1517.417,1602.7142,1755.1891,1816.3047,1817.7407,3273.2354,3391.3542,3245.9813,2660.9101,2855.1664,2932.929,1173.71,1213.1242,1334.8598,1616.4931,1799.5211,1774.8701,1760.6142,1753.2783
Pakistan,Food Processing,Emissions (CO2eq) from CH4 (AR5),kilotonnes,1792.7756,1801.9568,2007.362,2249.5172,2254.9996,2406.6196,2567.9556,1877.848,1889.9692,2103.1164,2119.1212,1897.588,1786.9572,160.2412,180.824,184.5256,184.2092,180.4964,182.378,177.5564,177.5564
Pakistan,Food Processing,Emissions (CO2eq) from N2O (AR5),kilotonnes,11.024,11.1035,10.8915,11.5275,11.448,11.024,11.13,16.7745,20.6435,20.882,20.1135,18.0995,16.589,2.8355,3.127,3.498,4.0545,6.413,6.4925,4.7435,4.9348
Pakistan,Food Processing,Emissions (CO2eq) (AR5),kilotonnes,3233.4144,3279.7914,3535.6705,3863.7589,4021.6367,4233.9483,4396.8263,5167.8579,5301.9669,5369.9797,4800.1448,4770.8539,4736.4752,1336.7867,1397.0752,1522.8834,1804.7568,1986.4305,1963.7406,1942.9141,1935.7695
Pakistan,Food Packaging,Emissions (CH4),kilotonnes,0.016,0.0157,0.0166,0.0178,0.0186,0.0189,0.0193,0.019,0.0191,0.019,0.0193,0.0186,0.0198,0.4191,0.4993,0.4411,0.4182,0.0272,0.0278,0.214,0.214
Pakistan,Food Packaging,Emissions (N2O),kilotonnes,0.0012,0.0012,0.0013,0.0013,0.0013,0.0013,0.0013,0.0013,0.0013,0.0013,0.0013,0.0013,0.0014,0.0024,0.0023,0.002,0.0023,0.0029,0.0029,0.0023,0.0024
Pakistan,Food Packaging,Emissions (CO2),kilotonnes,147.511,141.9753,147.8521,145.5292,158.2632,150.0487,150.5973,157.8114,166.1782,154.7715,153.8081,151.3445,148.8627,235.2413,234.191,208.7259,233.3826,166.6533,167.0767,223.8381,222.9054
Pakistan,Food Packaging,Emissions (CO2eq) from CH4 (AR5),kilotonnes,0.448,0.4396,0.4648,0.4984,0.5208,0.5292,0.5404,0.532,0.5348,0.532,0.5404,0.5208,0.5544,11.7348,13.9804,12.3508,11.7096,0.7616,0.7784,5.992,5.992
Pakistan,Food Packaging,Emissions (CO2eq) from N2O (AR5),kilotonnes,0.318,0.318,0.3445,0.3445,0.3445,0.3445,0.3445,0.3445,0.3445,0.3445,0.3445,0.3445,0.371,0.636,0.6095,0.53,0.6095,0.7685,0.7685,0.6095,0.6341
Pakistan,Food Packaging,Emissions (CO2eq) (AR5),kilotonnes,148.277,142.7329,148.6614,146.3721,159.1285,150.9224,151.4822,158.6879,167.0575,155.648,154.693,152.2098,149.7881,247.6121,248.7809,221.6067,245.7017,168.1834,168.6236,230.4396,229.5315
Pakistan,Food Retail,Emissions (CH4),kilotonnes,0.0373,0.0332,0.0381,0.0409,0.0476,0.0551,0.0604,1.6359,1.5537,1.6474,1.7214,1.6881,1.6632,1.7493,1.7715,1.9315,2.1215,2.0474,2.1293,2.1009,2.1009
Pakistan,Food Retail,Emissions (N2O),kilotonnes,0.0002,0.0002,0.0002,0.0002,0.0003,0.0003,0.0003,0.0087,0.0083,0.0088,0.0092,0.009,0.0089,0.0093,0.0095,0.0103,0.0113,0.0109,0.0114,0.0112,0.0117
Pakistan,Food Retail,Emissions (CO2),kilotonnes,14.8984,12.8211,14.0499,12.6331,15.7735,17.4833,20.8217,590.161,584.2562,628.8565,609.734,576.5782,578.8491,606.1947,613.8708,669.3332,735.1746,709.4976,737.8775,737.4538,734.3811
Pakistan,Food Retail,Emissions (CO2eq) from CH4 (AR5),kilotonnes,1.0444,0.9296,1.0668,1.1452,1.3328,1.5428,1.6912,45.8052,43.5036,46.1272,48.1992,47.2668,46.5696,48.9804,49.602,54.082,59.402,57.3272,59.6204,58.8252,58.8252
Pakistan,Food Retail,Emissions (CO2eq) from N2O (AR5),kilotonnes,0.053,0.053,0.053,0.053,0.0795,0.0795,0.0795,2.3055,2.1995,2.332,2.438,2.385,2.3585,2.4645,2.5175,2.7295,2.9945,2.8885,3.021,2.968,3.0877
Pakistan,Food Retail,Emissions (CO2eq) (AR5),kilotonnes,15.9958,13.8037,15.1697,13.8313,17.1858,19.1056,22.5924,638.2717,629.9593,677.3157,660.3712,626.23,627.7772,657.6396,665.9903,726.1447,797.5711,769.7133,800.5189,799.247,796.294
Pakistan,Food Household Consumption,Emissions (CH4),kilotonnes,11.3452,12.0226,12.471,13.6002,14.5255,16.1097,17.4766,17.7047,16.9925,18.017,18.8614,18.7716,19.1092,20.8124,21.8045,23.3497,25.5444,27.874,28.9734,28.9734,28.9734
Pakistan,Food Household Consumption,Emissions (N2O),kilotonnes,0.0699,0.0734,0.0747,0.0803,0.0856,0.0934,0.101,0.1029,0.0992,0.1047,0.1095,0.1099,0.1127,0.1212,0.1268,0.1349,0.1473,0.1595,0.1656,0.1656,0.1723
Pakistan,Food Household Consumption,Emissions (CO2),kilotonnes,8511.0541,8758.9796,8948.5532,8570.1141,9568.2992,9856.4294,11099.4475,11869.4942,12018.131,12607.9779,12656.1757,13060.5212,14028.9214,14068.2595,14670.7056,15199.8099,16462.3306,17179.7789,17690.9168,17690.9168,17617.2046
Pakistan,Food Household Consumption,Emissions (CO2eq) from CH4 (AR5),kilotonnes,317.6656,336.6328,349.188,380.8056,406.714,451.0716,489.3448,495.7316,475.79,504.476,528.1192,525.6048,535.0576,582.7472,610.526,653.7916,715.2432,780.472,811.2552,811.2552,811.2552
Pakistan,Food Household Consumption,Emissions (CO2eq) from N2O (AR5),kilotonnes,18.5235,19.451,19.7955,21.2795,22.684,24.751,26.765,27.2685,26.288,27.7455,29.0175,29.1235,29.8655,32.118,33.602,35.7485,39.0345,42.2675,43.884,43.884,45.6535
Pakistan,Food Household Consumption,Emissions (CO2eq) (AR5),kilotonnes,8847.2432,9115.0634,9317.5367,8972.1992,9997.6972,10332.252,11615.5573,12392.4943,12520.209,13140.1994,13213.3124,13615.2495,14593.8445,14683.1247,15314.8336,15889.35,17216.6083,18002.5184,18546.056,18546.056,18474.1134
Pakistan,Food Transport,Emissions (CH4),kilotonnes,0.4145,0.4303,0.462,0.5275,0.6236,0.7091,0.8612,1.0709,1.2178,1.374,1.5467,1.6787,1.6016,1.5686,1.5139,1.6795,1.7675,2.0434,2.1539,1.9642,1.9642
Pakistan,Food Transport,Emissions (N2O),kilotonnes,0.1037,0.1023,0.1042,0.1087,0.1203,0.1147,0.1163,0.1394,0.1376,0.1416,0.1459,0.1553,0.1589,0.1619,0.1727,0.1959,0.2036,0.2375,0.2506,0.2072,0.2156
Pakistan,Food Transport,Emissions (CO2),kilotonnes,2826.04,2808.56,2841.74,2983.83,3217.53,2985.855,3033.945,3660.325,3538.325,3594.82,3641.825,3838.845,3925.685,4024.33,4293.12,4844.085,5108.19,5938.19,6277.43,5250.4273,5228.5505
Pakistan,Food Transport,Emissions (CO2eq) from CH4 (AR5),kilotonnes,11.606,12.0484,12.936,14.77,17.4608,19.8548,24.1136,29.9852,34.0984,38.472,43.3076,47.0036,44.8448,43.9208,42.3892,47.026,49.49,57.2152,60.3092,54.9976,54.9976
Pakistan,Food Transport,Emissions (CO2eq) from N2O (AR5),kilotonnes,27.4805,27.1095,27.613,28.8055,31.8795,30.3955,30.8195,36.941,36.464,37.524,38.6635,41.1545,42.1085,42.9035,45.7655,51.9135,53.954,62.9375,66.409,54.908,57.122
Pakistan,Food Transport,Emissions (CO2eq) (AR5),kilotonnes,2865.1265,2847.7179,2882.289,3027.4055,3266.8703,3036.1053,3088.8781,3727.2512,3608.8874,3670.816,3723.7961,3927.0031,4012.6383,4111.1543,4381.2747,4943.0245,5211.634,6058.3427,6404.1482,5360.3329,5340.6702
Pakistan,Energy,Emissions (CH4),kilotonnes,903,895,946,1030,1070,1100,1130,1110,1100,1110,1130,1090,1110,1140,1170,1150,1120,1100,1070,1130,1130
Pakistan,Energy,Emissions (N2O),kilotonnes,6.21,6.36,6.4,6.53,6.73,6.61,6.88,6.84,6.73,6.86,6.93,7.14,7.24,7.6,7.83,8.24,9.51,15.3,15.9,12.4,12.9
Pakistan,Energy,Emissions (CO2),kilotonnes,101000,102000,109000,113000,125000,128000,136000,146000,144000,144000,143000,144000,143000,140000,143000,159000,190000,219000,229000,240000,239000
Pakistan,Energy,Emissions (CO2eq) from CH4 (AR5),kilotonnes,25284,25060,26488,28840,29960,30800,31640,31080,30800,31080,31640,30520,31080,31920,32760,32200,31360,30800,29960,31640,31640
Pakistan,Energy,Emissions (CO2eq) from N2O (AR5),kilotonnes,1645.65,1685.4,1696,1730.45,1783.45,1751.65,1823.2,1812.6,1783.45,1817.9,1836.45,1892.1,1918.6,2014,2074.95,2183.6,2520.15,4054.5,4213.5,3286,3418.5
Pakistan,Energy,Emissions (CO2eq) (AR5),kilotonnes,127929.65,128745.4,137184,143570.45,156743.45,160551.65,169463.2,178892.6,176583.45,176897.9,176476.45,176412.1,175998.6,173934,177834.95,193383.6,223880.15,253854.5,263173.5,274926,274058.5
Pakistan,IPPU,Emissions (CH4),kilotonnes,0.0595,0.0606,0.0609,0.063,0.0747,0.0541,0.0623,0.0658,0.0578,0.0674,0.0674,0.0735,0.0735,0.0463,0.044,0.0354,0.0449,0.0479,0.0464,0.045,0.0435
Pakistan,IPPU,Emissions (N2O),kilotonnes,2.31,2.23,2.09,2.18,2.25,2.25,2.28,2.27,0.0609,0.0621,0.0633,0.0644,0.0655,0.0667,0.0678,0.069,0.0701,0.0713,0.0724,0.0614,0.0625
Pakistan,IPPU,Emissions (CO2),kilotonnes,8230,8780,9370,10300,10400,11300,12800,14500,15400,17600,17600,17100,16700,15800,16800,17400,19400,22000,22800,21600,23900
Pakistan,IPPU,Emissions (CO2eq) from F-gases (AR5),kilotonnes,753.1098,765.7426,776.4319,781.2907,793.9235,802.6693,846.3982,886.2402,931.9126,971.7546,1010.6248,981.4721,1000.9072,1020.3423,1039.7774,1068.93,1088.3651,1107.8002,1127.2353,1146.6704,1175.823
Pakistan,IPPU,Emissions (CO2eq) from CH4 (AR5),kilotonnes,1.666,1.6968,1.7052,1.764,2.0916,1.5148,1.7444,1.8424,1.6184,1.8872,1.8872,2.058,2.058,1.2964,1.232,0.9912,1.2572,1.3412,1.2992,1.26,1.218
Pakistan,IPPU,Emissions (CO2eq) from N2O (AR5),kilotonnes,612.15,590.95,553.85,577.7,596.25,596.25,604.2,601.55,16.1385,16.4565,16.7745,17.066,17.3575,17.6755,17.967,18.285,18.5765,18.8945,19.186,16.271,16.5625
Pakistan,IPPU,Emissions (CO2eq) (AR5),kilotonnes,9596.9258,10138.3894,10701.9871,11660.7547,11792.2651,12700.4341,14252.3426,15989.6326,16349.6695,18590.0983,18629.2865,18100.5961,17720.3227,16839.3142,17858.9764,18488.2062,20508.1988,23128.0359,23947.7205,22764.2014,25093.6035
Pakistan,Waste,Emissions (CH4),kilotonnes,830,852,876,900,922,945,972,999,1030,1050,1080,1100,1130,1160,1190,1220,1260,1290,1320,1340,1370
Pakistan,Waste,Emissions (N2O),kilotonnes,5.18,5.3,5.41,5.47,5.59,5.73,5.88,6.11,6.33,6.57,6.75,6.96,7.15,7.37,7.46,7.61,7.72,8.05,8.28,8.43,8.62
Pakistan,Waste,Emissions (CO2eq) from CH4 (AR5),kilotonnes,23240,23856,24528,25200,25816,26460,27216,27972,28840,29400,30240,30800,31640,32480,33320,34160,35280,36120,36960,37520,38360
Pakistan,Waste,Emissions (CO2eq) from N2O (AR5),kilotonnes,1372.7,1404.5,1433.65,1449.55,1481.35,1518.45,1558.2,1619.15,1677.45,1741.05,1788.75,1844.4,1894.75,1953.05,1976.9,2016.65,2045.8,2133.25,2194.2,2233.95,2284.3
Pakistan,Waste,Emissions (CO2eq) (AR5),kilotonnes,24612.7,25260.5,25961.65,26649.55,27297.35,27978.45,28774.2,29591.15,30517.45,31141.05,32028.75,32644.4,33534.75,34433.05,35296.9,36176.65,37325.8,38253.25,39154.2,39753.95,40644.3
Pakistan,Other,Emissions (N2O),kilotonnes,4.95,5.06,5.2,5.07,5.47,5.41,5.81,6.26,6.21,6.35,6.34,6.51,6.65,6.93,7.2,7.46,7.89,8.32,8.64,8.46,8.67
Pakistan,Other,Emissions (CO2eq) from N2O (AR5),kilotonnes,1311.75,1340.9,1378,1343.55,1449.55,1433.65,1539.65,1658.9,1645.65,1682.75,1680.1,1725.15,1762.25,1836.45,1908,1976.9,2090.85,2204.8,2289.6,2241.9,2297.55
Pakistan,Other,Emissions (CO2eq) (AR5),kilotonnes,1311.75,1340.9,1378,1343.55,1449.55,1433.65,1539.65,1658.9,1645.65,1682.75,1680.1,1725.15,1762.25,1836.45,1908,1976.9,2090.85,2204.8,2289.6,2241.9,2297.55
Pakistan,Farm-gate emissions,Emissions (CH4),kilotonnes,3040.8184,3069.8912,3155.5532,3264.591,3345.3012,3438.3082,3694.2336,3789.385,3959.8522,4059.7474,4018.7087,4248.7278,4333.515,4520.473,4664.8586,4776.8531,4917.0406,5090.0306,5227.0089,5411.8175,5613.5898
Pakistan,Farm-gate emissions,Direct emissions (N2O),kilotonnes,85.8425,86.745,89.5027,92.2497,95.4323,101.1729,104.832,104.5052,109.5105,120.0121,117.5259,119.7361,115.8758,124.1366,125.0444,127.4099,133.5014,141.6467,143.8637,147.8837,151.9274
Pakistan,Farm-gate emissions,Indirect emissions (N2O),kilotonnes,27.1971,27.5547,28.4472,29.3006,30.32,32.1308,33.0774,32.8866,34.4799,37.8017,37.0708,37.6107,36.3625,38.9532,39.1592,39.8895,41.7162,44.2,44.9104,46.1268,47.3117
Pakistan,Farm-gate emissions,Emissions (N2O),kilotonnes,116.4279,117.6791,121.3592,125.0349,129.2739,136.8309,141.6918,141.3065,148.029,161.936,158.7223,161.6688,156.7052,167.6388,168.9266,172.1398,180.7235,191.9405,195.1151,200.638,206.2156
Pakistan,Farm-gate emissions,Emissions (CO2),kilotonnes,1816.8796,1677.1644,1622.1855,1818.7689,1895.2773,1863.8994,2023.12,2396.7016,1779.7667,1751.741,1507.2083,1287.4423,1061.6314,1042.3897,1033.5516,943.235,975.4287,968.6521,990.5768,983.2021,983.2021
Pakistan,Farm-gate emissions,Emissions (CO2eq) from CH4 (AR5),kilotonnes,85142.9147,85956.954,88355.4903,91408.5469,93668.4323,96272.6291,103438.5411,106102.7807,110875.8625,113672.9284,112523.8422,118964.3774,121338.4212,126573.2434,130616.04,133751.8867,137677.1357,142520.8575,146356.2499,151530.8904,157180.5144
Pakistan,Farm-gate emissions,Emissions (CO2eq) from N2O (AR5),kilotonnes,30853.3933,31184.9555,32160.1845,33134.261,34257.5777,36260.1876,37548.3351,37446.2327,39227.6943,42913.0475,42061.4015,42842.2244,41526.865,44424.2896,44765.5482,45617.036,47891.7383,50864.2346,51705.511,53169.0805,54647.1304
Pakistan,Farm-gate emissions,Emissions (CO2eq) (AR5),kilotonnes,117813.1876,118819.0739,122137.8603,126361.5768,129821.2872,134396.7161,143009.9963,145945.715,151883.3235,158337.7169,156092.4519,163094.0441,163926.9175,172039.9227,176415.1399,180312.1577,186544.3027,194353.7442,199052.3377,205683.1731,212810.847
Pakistan,Land Use change,Emissions (CH4),kilotonnes,0,0,0,0,0,0,0,0,0,0,0,0,0,0,0,0,0,0,0,0,0
Pakistan,Land Use change,Emissions (N2O),kilotonnes,0,0,0,0,0,0,0,0,0,0,0,0,0,0,0,0,0,0,0,0,0
Pakistan,Land Use change,Emissions (CO2),kilotonnes,8046.7602,7065.3035,7065.3035,7065.3035,7065.3035,7065.3035,7065.3035,7065.3035,7065.3035,7065.3035,7065.3035,5453.1763,5453.1763,5453.1763,5453.1763,5453.1763,6995.417,6995.417,6995.417,6995.417,6995.417
Pakistan,Land Use change,Emissions (CO2eq) from CH4 (AR5),kilotonnes,0,0,0,0,0,0,0,0,0,0,0,0,0,0,0,0,0,0,0,0,0
Pakistan,Land Use change,Emissions (CO2eq) from N2O (AR5),kilotonnes,0,0,0,0,0,0,0,0,0,0,0,0,0,0,0,0,0,0,0,0,0
Pakistan,Land Use change,Emissions (CO2eq) (AR5),kilotonnes,8046.7602,7065.3035,7065.3035,7065.3035,7065.3035,7065.3035,7065.3035,7065.3035,7065.3035,7065.3035,7065.3035,5453.1763,5453.1763,5453.1763,5453.1763,5453.1763,6995.417,6995.417,6995.417,6995.417,6995.417
Pakistan,Emissions on agricultural land,Emissions (CH4),kilotonnes,3040.8184,3069.8912,3155.5532,3264.591,3345.3012,3438.3082,3694.2336,3789.385,3959.8522,4059.7474,4018.7087,4248.7278,4333.515,4520.473,4664.8586,4776.8531,4917.0406,5090.0306,5227.0089,5411.8175,5613.5898
Pakistan,Emissions on agricultural land,Emissions (N2O),kilotonnes,116.4279,117.6791,121.3592,125.0349,129.2739,136.8309,141.6918,141.3065,148.029,161.936,158.7223,161.6688,156.7052,167.6388,168.9266,172.1398,180.7235,191.9405,195.1151,200.638,206.2156
Pakistan,Emissions on agricultural land,Emissions (CO2),kilotonnes,9863.6398,8742.4679,8687.489,8884.0723,8960.5808,8929.2029,9088.4235,9462.0051,8845.0701,8817.0445,8572.5118,6740.6186,6514.8077,6495.566,6486.7279,6396.4113,7970.8457,7964.0691,7985.9938,7978.6191,7978.6191
Pakistan,Emissions on agricultural land,Emissions (CO2eq) from CH4 (AR5),kilotonnes,85142.9147,85956.954,88355.4903,91408.5469,93668.4323,96272.6291,103438.5411,106102.7807,110875.8625,113672.9284,112523.8422,118964.3774,121338.4212,126573.2434,130616.04,133751.8867,137677.1357,142520.8575,146356.2499,151530.8904,157180.5144
Pakistan,Emissions on agricultural land,Emissions (CO2eq) from N2O (AR5),kilotonnes,30853.3933,31184.9555,32160.1845,33134.261,34257.5777,36260.1876,37548.3351,37446.2327,39227.6943,42913.0475,42061.4015,42842.2244,41526.865,44424.2896,44765.5482,45617.036,47891.7383,50864.2346,51705.511,53169.0805,54647.1304
Pakistan,Emissions on agricultural land,Emissions (CO2eq) (AR5),kilotonnes,125859.9477,125884.3773,129203.1638,133426.8803,136886.5907,141462.0196,150075.2997,153011.0185,158948.627,165403.0204,163157.7554,168547.2204,169380.0938,177493.099,181868.3162,185765.334,193539.7197,201349.1612,206047.7547,212678.5901,219806.264
Pakistan,Pre- and post- production,Emissions (CH4),kilotonnes,982.4095,999.1015,1023.0413,1048.0373,1062.9287,1077.3858,1099.5196,1094.3581,1107.3413,1129.5419,1142.9481,1151.0595,1160.3639,1119.5896,1124.6406,1131.8313,1145.883,1158.0293,1169.4569,1178.3847,1186.5516
Pakistan,Pre- and post- production,Emissions (N2O),kilotonnes,4.3122,4.2889,4.3311,4.5182,4.5072,4.5883,4.7012,5.0182,5.0346,5.2535,5.8048,6.2448,5.9223,6.0116,5.9374,6.6633,6.6473,6.8904,6.5356,6.3485,6.4785
Pakistan,Pre- and post- production,Emissions (CO2),kilotonnes,19244.0315,19737.1111,20552.8594,20328.9291,22058.3311,22707.2286,24538.8374,28016.0925,28734.6483,30033.5569,29006.8046,29483.1706,29425.1852,28667.8881,29519.8789,31236.1512,34074.7931,35600.2727,36302.3952,35822.5479,35691.0975
Pakistan,Pre- and post- production,Emissions (CO2eq) from CH4 (AR5),kilotonnes,27507.4656,27974.8418,28645.1569,29345.0443,29762.0038,30166.8032,30786.5485,30642.0281,31005.5571,31627.174,32002.5465,32229.6667,32490.1902,31348.5095,31489.9374,31691.2774,32084.7236,32424.8192,32744.7932,32994.7706,33223.4446
Pakistan,Pre- and post- production,Emissions (CO2eq) from N2O (AR5),kilotonnes,1142.7408,1136.5584,1147.7369,1197.3264,1194.4165,1215.8986,1245.8106,1329.8239,1334.1789,1392.1713,1538.2724,1654.8602,1569.4193,1593.0651,1573.4052,1765.7848,1761.5295,1825.9526,1731.9297,1682.3442,1716.8106
Pakistan,Pre- and post- production,Emissions (CO2eq) (AR5),kilotonnes,47894.2378,48848.5113,50345.7533,50871.2999,53014.7514,54089.9304,56571.1965,59987.9445,61074.3843,63052.9022,62547.6235,63367.6975,63484.7947,61609.4627,62583.2215,64693.2134,67921.0462,69851.0445,70779.1181,70499.6626,70631.3528
Pakistan,Agri-food systems,Emissions (CH4),kilotonnes,4023.2279,4068.9927,4178.5945,4312.6283,4408.2299,4515.694,4793.7532,4883.7432,5067.1936,5189.2894,5161.6567,5399.7873,5493.879,5640.0626,5789.4992,5908.6844,6062.9235,6248.0599,6396.4658,6590.2022,6800.1414
Pakistan,Agri-food systems,Emissions (N2O),kilotonnes,120.7401,121.968,125.6903,129.5532,133.7811,141.4192,146.393,146.3247,153.0637,167.1895,164.5271,167.9135,162.6275,173.6504,174.864,178.8031,187.3708,198.8309,201.6507,206.9865,212.6941
Pakistan,Agri-food systems,Emissions (CO2),kilotonnes,29107.6713,28479.5789,29240.3484,29213.0015,31018.9118,31636.4315,33627.2609,37478.0976,37579.7185,38850.6013,37579.3164,36223.7892,35939.9929,35163.4541,36006.6069,37632.5625,42045.6387,43564.3418,44288.389,43801.1671,43669.7166
Pakistan,Agri-food systems,Emissions (CO2eq) from CH4 (AR5),kilotonnes,112650.3802,113931.7957,117000.6472,120753.5912,123430.4361,126439.4324,134225.0896,136744.8088,141881.4196,145300.1024,144526.3887,151194.0441,153828.6114,157921.7528,162105.9774,165443.1641,169761.8594,174945.6767,179101.0431,184525.661,190403.9591
Pakistan,Agri-food systems,Emissions (CO2eq) from N2O (AR5),kilotonnes,31996.1341,32321.514,33307.9214,34331.5874,35451.9942,37476.0861,38794.1457,38776.0566,40561.8732,44305.2188,43599.6738,44497.0846,43096.2842,46017.3547,46338.9534,47382.8208,49653.2678,52690.1872,53437.4407,54851.4247,56363.9411
Pakistan,Agri-food systems,Emissions (CO2eq) (AR5),kilotonnes,173754.1856,174732.8886,179548.9171,184298.1801,189901.3421,195551.95,206646.4962,212998.963,220023.0113,228455.9226,225705.3789,231914.9179,232864.8885,239102.5617,244451.5377,250458.5474,261460.7659,271200.2057,276826.8728,283178.2528,290437.6168
Pakistan,IPCC Agriculture,Emissions (CH4),kilotonnes,3039.2284,3068.4544,3153.8411,3262.2745,3342.4849,3435.2486,3691.0123,3785.2978,3957.0807,4056.8009,4016.1341,4246.459,4331.8051,4518.9482,4663.4717,4775.7512,4915.9784,5088.8929,5225.9676,5410.8451,5612.6174
Pakistan,IPCC Agriculture,Emissions (CH4),kilotonnes,,,,,,,,,,,,,,,,4277,,,,,
Pakistan,IPCC Agriculture,Direct emissions (N2O),kilotonnes,85.8425,86.745,89.5027,92.2497,95.4323,101.1729,104.832,104.5052,109.5105,120.0121,117.5259,119.7361,115.8758,124.1366,125.0444,127.4099,133.5014,141.6467,143.8637,147.8837,151.9274
Pakistan,IPCC Agriculture,Indirect emissions (N2O),kilotonnes,27.1971,27.5547,28.4472,29.3006,30.32,32.1308,33.0774,32.8866,34.4799,37.8017,37.0708,37.6107,36.3625,38.9532,39.1592,39.8895,41.7162,44.2,44.9104,46.1268,47.3117
Pakistan,IPCC Agriculture,Emissions (N2O),kilotonnes,116.0604,117.3602,121.1114,124.799,129.0857,136.7141,141.5552,141.1512,147.9284,161.8489,158.6586,161.6283,156.6565,167.5728,168.8735,172.115,180.7013,191.9155,195.0906,200.6192,206.1967
Pakistan,IPCC Agriculture,Emissions (N2O),kilotonnes,,,,,,,,,,,,,,,,270,,,,,
Pakistan,IPCC Agriculture,Emissions (CO2eq) from CH4 (AR5),kilotonnes,85098.3956,85916.7224,88307.5507,91343.685,93589.5759,96186.96,103348.3442,105988.3373,110798.26,113590.424,112451.7551,118900.8512,121290.5424,126530.5504,130577.2086,133721.0347,137647.394,142489.0025,146327.0915,151503.664,157153.288
Pakistan,IPCC Agriculture,Emissions (CO2eq) from CH4 (AR5),kilotonnes,,,,,,,,,,,,,,,,119756,,,,,
Pakistan,IPCC Agriculture,Emissions (CO2eq) from N2O (AR5),kilotonnes,30755.999,31100.4654,32094.5299,33071.7464,34207.7044,36229.2323,37512.1408,37405.0661,39201.0198,42889.9639,42044.5195,42831.4986,41513.9783,44406.7814,44751.4755,45610.4694,47885.8532,50857.6158,51699.0016,53164.0833,54642.1332
Pakistan,IPCC Agriculture,Emissions (CO2eq) from N2O (AR5),kilotonnes,,,,,,,,,,,,,,,,71550,,,,,
Pakistan,IPCC Agriculture,Emissions (CO2eq) (AR5),kilotonnes,115854.3946,117017.1878,120402.0805,124415.4314,127797.2802,132416.1923,140860.485,143393.4033,149999.2798,156480.3879,154496.2746,161732.3499,162804.5207,170937.3318,175328.6842,179331.5041,185533.2473,193346.6183,198026.0931,204667.7473,211795.4212
Pakistan,IPCC Agriculture,Emissions (CO2eq) (AR5),kilotonnes,,,,,,,,,,,,,,,,191306,,,,,
Pakistan,Agricultural Soils,Direct emissions (N2O),kilotonnes,85.8425,86.745,89.5027,92.2497,95.4323,101.1729,104.832,104.5052,109.5105,120.0121,117.5259,119.7361,115.8758,124.1366,125.0444,127.4099,133.5014,141.6467,143.8637,147.8837,151.9274
Pakistan,Agricultural Soils,Indirect emissions (N2O),kilotonnes,27.1971,27.5547,28.4472,29.3006,30.32,32.1308,33.0774,32.8866,34.4799,37.8017,37.0708,37.6107,36.3625,38.9532,39.1592,39.8895,41.7162,44.2,44.9104,46.1268,47.3117
Pakistan,Agricultural Soils,Emissions (N2O),kilotonnes,113.0395,114.2997,117.9499,121.5503,125.7523,133.3037,137.9094,137.3918,143.9905,157.8138,154.5967,157.3467,152.2383,163.0898,164.2036,167.2995,175.2176,185.8467,188.7741,194.0104,199.239
Pakistan,Agricultural Soils,Emissions (N2O),kilotonnes,,,,,,,,,,,,,,,,256,,,,,
Pakistan,Agricultural Soils,Emissions (CO2eq) from N2O (AR5),kilotonnes,29955.4766,30289.4255,31256.7326,32210.8369,33324.3512,35325.4674,36545.9916,36408.8291,38157.4716,41820.6505,40968.1257,41696.8831,40343.1601,43218.7988,43513.9456,44334.36,46432.6679,49249.366,50025.1385,51412.764,52798.3458
Pakistan,Agricultural Soils,Emissions (CO2eq) from N2O (AR5),kilotonnes,,,,,,,,,,,,,,,,67840,,,,,
Pakistan,Agricultural Soils,Emissions (CO2eq) (AR5),kilotonnes,29955.4766,30289.4255,31256.7326,32210.8369,33324.3512,35325.4674,36545.9916,36408.8291,38157.4716,41820.6505,40968.1257,41696.8831,40343.1601,43218.7988,43513.9456,44334.36,46432.6679,49249.366,50025.1385,51412.764,52798.3458
Pakistan,Agricultural Soils,Emissions (CO2eq) (AR5),kilotonnes,,,,,,,,,,,,,,,,67840,,,,,
Pakistan,LULUCF,Emissions (CH4),kilotonnes,0.0878,0,0.0945,0,0.0298,0.1542,0.0075,0.2637,0,0.102,0,0.0124,0.1517,0,0.0025,0,0.0871,0.0672,0.0746,0.0448,0
Pakistan,LULUCF,Emissions (N2O),kilotonnes,0.0049,0,0.0086,0,0.0027,0.0141,0.0007,0.0241,0,0.0093,0,0.0011,0.0139,0,0.0002,0,0.0079,0.0061,0.0068,0.0041,0
Pakistan,LULUCF,Emissions (CO2),kilotonnes,8046.7602,7065.3035,7065.3035,7065.3035,7065.3035,7065.3035,7065.3035,7065.3035,7065.3035,7065.3035,7065.3035,5453.1763,5453.1763,5453.1763,5453.1763,5453.1763,6995.417,6995.417,6995.417,6995.417,6995.417
Pakistan,LULUCF,Emissions (CO2eq) from CH4 (AR5),kilotonnes,2.4596,0,2.6467,0,0.8358,4.3182,0.209,7.3828,0,2.8557,0,0.3482,4.2486,0,0.0697,0,2.4377,1.8806,2.0895,1.2537,0
Pakistan,LULUCF,Emissions (CO2eq) from N2O (AR5),kilotonnes,1.2876,0,2.2871,0,0.7222,3.7315,0.1806,6.3797,0,2.4677,0,0.3009,3.6714,0,0.0602,0,2.1065,1.625,1.8056,1.0834,0
Pakistan,LULUCF,Emissions (CO2eq) (AR5),kilotonnes,8050.5074,7065.3035,7070.2372,7065.3035,7066.8615,7073.3532,7065.693,7079.066,7065.3035,7070.6268,7065.3035,5453.8255,5461.0963,5453.1763,5453.3062,5453.1763,6999.9612,6998.9226,6999.312,6997.7541,6995.417
Pakistan,AFOLU,Emissions (CH4),kilotonnes,3039.3163,3068.4544,3153.9356,3262.2745,3342.5147,3435.4028,3691.0198,3785.5614,3957.0807,4056.9028,4016.1341,4246.4714,4331.9568,4518.9482,4663.4742,4775.7512,4916.0654,5088.9601,5226.0422,5410.8899,5612.6174
Pakistan,AFOLU,Emissions (N2O),kilotonnes,116.0652,117.3602,121.1201,124.799,129.0884,136.7282,141.5559,141.1753,147.9284,161.8582,158.6586,161.6294,156.6704,167.5728,168.8737,172.115,180.7093,191.9217,195.0974,200.6233,206.1967
Pakistan,AFOLU,Emissions (CO2),kilotonnes,8046.7602,7065.3035,7065.3035,7065.3035,7065.3035,7065.3035,7065.3035,7065.3035,7065.3035,7065.3035,7065.3035,5453.1763,5453.1763,5453.1763,5453.1763,5453.1763,6995.417,6995.417,6995.417,6995.417,6995.417
Pakistan,AFOLU,Emissions (CO2eq) from CH4 (AR5),kilotonnes,85100.8552,85916.7224,88310.1973,91343.685,93590.4117,96191.2782,103348.5532,105995.7201,110798.26,113593.2796,112451.7551,118901.1995,121294.791,126530.5504,130577.2783,133721.0347,137649.8318,142490.883,146329.181,151504.9177,157153.288
Pakistan,AFOLU,Emissions (CO2eq) from N2O (AR5),kilotonnes,30757.2866,31100.4654,32096.8169,33071.7464,34208.4266,36232.9638,37512.3214,37411.4458,39201.0198,42892.4315,42044.5195,42831.7996,41517.6496,44406.7814,44751.5357,45610.4694,47887.9597,50859.2408,51700.8072,53165.1666,54642.1332
Pakistan,AFOLU,Emissions (CO2eq) (AR5),kilotonnes,123904.902,124082.4913,127472.3178,131480.7349,134864.1417,139489.5455,147926.178,150472.4693,157064.5833,163551.0146,161561.578,167186.1753,168265.6169,176390.5081,180781.9903,184784.6804,192533.2085,200345.5409,205025.4052,211665.5013,218790.8382
Pakistan,All sectors with LULUCF,Emissions (CH4),kilotonnes,4772.3758,4815.515,4975.9965,5192.3375,5334.5894,5480.4569,5793.0821,5894.6272,6087.1385,6216.9702,6226.2015,6436.5449,6572.0303,6818.9945,7023.5182,7145.7866,7296.1103,7479.008,7616.0886,7880.9349,8112.6609
Pakistan,All sectors with LULUCF,Emissions (N2O),kilotonnes,134.7152,136.3102,140.2201,144.049,149.1284,156.7282,162.4059,162.6553,167.2593,181.7003,178.7419,182.3038,177.7759,189.5395,191.4315,195.494,205.8994,223.663,227.9898,229.9747,236.4492
Pakistan,All sectors with LULUCF,Emissions (CO2),kilotonnes,117276.7602,117845.3035,125435.3035,130365.3035,142465.3035,146365.3035,155865.3035,167565.3035,166465.3035,168665.3035,167665.3035,166553.1763,165153.1763,161253.1763,165253.1763,181853.1763,216395.417,247995.417,258795.417,268595.417,269895.417
Pakistan,All sectors with LULUCF,Emissions (CO2eq) from F-gases (AR5),kilotonnes,753.1098,765.7426,776.4319,781.2907,793.9235,802.6693,846.3982,886.2402,931.9126,971.7546,1010.6248,981.4721,1000.9072,1020.3423,1039.7774,1068.93,1088.3651,1107.8002,1127.2353,1146.6704,1175.823
Pakistan,All sectors with LULUCF,Emissions (CO2eq) from CH4 (AR5),kilotonnes,133626.5212,134834.4192,139327.9025,145385.449,149368.5033,153452.793,162206.2976,165049.5625,170439.8784,174075.1668,174333.6423,180223.2575,184016.849,190931.8468,196658.5103,200082.0259,204291.089,209412.2242,213250.4802,220666.1777,227154.506
Pakistan,All sectors with LULUCF,Emissions (CO2eq) from N2O (AR5),kilotonnes,35699.5366,36122.2154,37158.3169,38172.9964,39519.0266,41532.9638,43037.5714,43103.6458,44323.7083,48150.588,47366.594,48310.5156,47110.6071,50227.9569,50729.3527,51805.9044,54563.3362,59270.6853,60417.2932,60943.2876,62659.0457
Pakistan,All sectors with LULUCF,Emissions (CO2eq) (AR5),kilotonnes,287355.9278,289567.6807,302697.9549,314705.0395,332146.7568,342153.7296,361955.5707,376604.7519,382160.8028,391862.8129,390376.1645,396068.4215,397281.5396,403433.3223,413680.8167,434810.0366,476338.2073,517786.1268,533590.4257,551351.5527,560884.7917
Pakistan,All sectors without LULUCF,Emissions (CH4),kilotonnes,4772.2879,4815.515,4975.902,5192.3375,5334.5596,5480.3027,5793.0746,5894.3636,6087.1385,6216.8683,6226.2015,6436.5325,6571.8786,6818.9945,7023.5157,7145.7866,7296.0233,7478.9408,7616.014,7880.8901,8112.6609
Pakistan,All sectors without LULUCF,Emissions (N2O),kilotonnes,134.7104,136.3102,140.2114,144.049,149.1257,156.7141,162.4052,162.6312,167.2593,181.691,178.7419,182.3027,177.762,189.5395,191.4313,195.494,205.8914,223.6568,227.983,229.9706,236.4492
Pakistan,All sectors without LULUCF,Emissions (CO2),kilotonnes,109230,110780,118370,123300,135400,139300,148800,160500,159400,161600,160600,161100,159700,155800,159800,176400,209400,241000,251800,261600,262900
Pakistan,All sectors without LULUCF,Emissions (CO2eq) from F-gases (AR5),kilotonnes,753.1098,765.7426,776.4319,781.2907,793.9235,802.6693,846.3982,886.2402,931.9126,971.7546,1010.6248,981.4721,1000.9072,1020.3423,1039.7774,1068.93,1088.3651,1107.8002,1127.2353,1146.6704,1175.823
Pakistan,All sectors without LULUCF,Emissions (CO2eq) from CH4 (AR5),kilotonnes,133624.0616,134834.4192,139325.2559,145385.449,149367.6675,153448.4748,162206.0886,165042.1797,170439.8784,174072.3112,174333.6423,180222.9092,184012.6004,190931.8468,196658.4406,200082.0259,204288.6512,209410.3437,213248.3907,220664.924,227154.506
Pakistan,All sectors without LULUCF,Emissions (CO2eq) from N2O (AR5),kilotonnes,35698.249,36122.2154,37156.0299,38172.9964,39518.3044,41529.2323,43037.3908,43097.2661,44323.7083,48148.1204,47366.594,48310.2146,47106.9358,50227.9569,50729.2925,51805.9044,54561.2297,59269.0603,60415.4876,60942.2043,62659.0457
Pakistan,All sectors without LULUCF,Emissions (CO2eq) (AR5),kilotonnes,279305.4204,282502.3772,295627.7176,307639.7361,325079.8953,335080.3764,354889.8776,369525.6859,375095.4994,384792.1861,383310.861,390614.596,391820.4434,397980.146,408227.5106,429356.8603,469338.2461,510787.2042,526591.1136,544353.7987,553889.3747
Palau,Burning - Crop residues,Emissions (CH4),kilotonnes,,,,,,,,,,,,,,,,,,,,,
Palau,Burning - Crop residues,Emissions (CO2eq) from CH4 (AR5),kilotonnes,,,,,,,,,,,,,,,,,,,,,
Palau,Burning - Crop residues,Emissions (CO2eq) (AR5),kilotonnes,,,,,,,,,,,,,,,,,,,,,
Palau,Enteric Fermentation,Emissions (CH4),kilotonnes,0.0017,,,,,0.0022,,,,,,,,,,,,,,,
Palau,Enteric Fermentation,Emissions (CO2eq) from CH4 (AR5),kilotonnes,0.0476,,,,,0.0616,,,,,,,,,,,,,,,
Palau,Enteric Fermentation,Emissions (CO2eq) (AR5),kilotonnes,0.0476,,,,,0.0616,,,,,,,,,,,,,,,
Palau,Manure Management,Emissions (CH4),kilotonnes,0.014,,,,,0.025,,,,,,,,,,,,,,,
Palau,Manure Management,Emissions (N2O),kilotonnes,,,,,,,,,,,,,,,,,,,,,
Palau,Manure Management,Emissions (CO2eq) from CH4 (AR5),kilotonnes,0.392,,,,,0.7,,,,,,,,,,,,,,,
Palau,Manure Management,Emissions (CO2eq) from N2O (AR5),kilotonnes,,,,,,,,,,,,,,,,,,,,,
Palau,Manure Management,Emissions (CO2eq) (AR5),kilotonnes,0.392,,,,,0.7,,,,,,,,,,,,,,,
Palau,Drained organic soils,Emissions (CO2eq) (AR5),kilotonnes,0,0,0,0,0,0,0,0,0,0,0,0,0,0,0,0,0,0,0,0,0
Palau,Drained organic soils (CO2),Emissions (CO2),kilotonnes,0,0,0,0,0,0,0,0,0,0,0,0,0,0,0,0,0,0,0,0,0
Palau,Drained organic soils (CO2),Emissions (CO2eq) (AR5),kilotonnes,0,0,0,0,0,0,0,0,0,0,0,0,0,0,0,0,0,0,0,0,0
Palau,Drained organic soils (N2O),Emissions (N2O),kilotonnes,0,0,0,0,0,0,0,0,0,0,0,0,0,0,0,0,0,0,0,0,0
Palau,Drained organic soils (N2O),Emissions (CO2eq) from N2O (AR5),kilotonnes,0,0,0,0,0,0,0,0,0,0,0,0,0,0,0,0,0,0,0,0,0
Palau,Drained organic soils (N2O),Emissions (CO2eq) (AR5),kilotonnes,0,0,0,0,0,0,0,0,0,0,0,0,0,0,0,0,0,0,0,0,0
Palau,On-farm energy use,Emissions (CH4),kilotonnes,0.0014,0.0014,0.0014,0.0015,0.0019,0.0023,0.0035,0.0042,0.0043,0.0043,0.0051,0.0045,0.0045,0.004,0.0031,0.0019,0.0014,0.0012,0.0011,0.0008,0.0008
Palau,On-farm energy use,Emissions (N2O),kilotonnes,0,0,0,0,0,0,0.0001,0.0001,0.0001,0.0001,0.0001,0.0001,0.0001,0.0001,0.0001,0,0,0,0,0,0
Palau,On-farm energy use,Emissions (CO2),kilotonnes,17.5291,17.8055,17.3237,18.309,23.4922,28.4586,43.6781,52.7225,54.4042,54.8673,64.1854,57.3809,56.2335,49.8843,38.7911,23.5043,17.6638,14.8487,14.4534,9.5859,9.5859
Palau,On-farm energy use,Emissions (CO2eq) from CH4 (AR5),kilotonnes,0.0389,0.0395,0.0384,0.0406,0.0521,0.0631,0.0969,0.117,0.1207,0.1217,0.1424,0.1273,0.1248,0.1107,0.0861,0.0521,0.0392,0.0329,0.0321,0.0213,0.0213
Palau,On-farm energy use,Emissions (CO2eq) from N2O (AR5),kilotonnes,0.0074,0.0075,0.0073,0.0077,0.0099,0.012,0.0183,0.0221,0.0228,0.023,0.027,0.0241,0.0236,0.0209,0.0163,0.0099,0.0074,0.0062,0.0061,0.004,0.004
Palau,On-farm energy use,Emissions (CO2eq) (AR5),kilotonnes,17.5754,17.8525,17.3694,18.3573,23.5542,28.5337,43.7934,52.8616,54.5478,55.012,64.3547,57.5323,56.3819,50.0159,38.8935,23.5664,17.7104,14.8879,14.4916,9.6112,9.6112
Palau,Savanna fires,Emissions (CH4),kilotonnes,0,0,0,0,0,0,0,0,0,0,0,0,0,0,0,0,0,0,0,0,0
Palau,Savanna fires,Emissions (N2O),kilotonnes,0,0,0,0,0,0,0,0,0,0,0,0,0,0,0,0,0,0,0,0,0
Palau,Savanna fires,Emissions (CO2eq) from CH4 (AR5),kilotonnes,0,0,0,0,0,0,0,0,0,0,0,0,0,0,0,0,0,0,0,0,0
Palau,Savanna fires,Emissions (CO2eq) from N2O (AR5),kilotonnes,0,0,0,0,0,0,0,0,0,0,0,0,0,0,0,0,0,0,0,0,0
Palau,Savanna fires,Emissions (CO2eq) (AR5),kilotonnes,0,0,0,0,0,0,0,0,0,0,0,0,0,0,0,0,0,0,0,0,0
Palau,Fires in organic soils,Emissions (CH4),kilotonnes,0,0,0,0,0,0,0,0,0,0,0,0,0,0,0,0,0,0,0,0,0
Palau,Fires in organic soils,Emissions (CO2),kilotonnes,0,0,0,0,0,0,0,0,0,0,0,0,0,0,0,0,0,0,0,0,0
Palau,Fires in organic soils,Emissions (CO2eq) from CH4 (AR5),kilotonnes,0,0,0,0,0,0,0,0,0,0,0,0,0,0,0,0,0,0,0,0,0
Palau,Fires in organic soils,Emissions (CO2eq) (AR5),kilotonnes,0,0,0,0,0,0,0,0,0,0,0,0,0,0,0,0,0,0,0,0,0
Palau,Forest fires,Emissions (CH4),kilotonnes,0,0,0,0,0,0,0,0,0,0,0,0,0,0,0,0,0,0,0,0,0
Palau,Forest fires,Emissions (N2O),kilotonnes,0,0,0,0,0,0,0,0,0,0,0,0,0,0,0,0,0,0,0,0,0
Palau,Forest fires,Emissions (CO2eq) from CH4 (AR5),kilotonnes,0,0,0,0,0,0,0,0,0,0,0,0,0,0,0,0,0,0,0,0,0
Palau,Forest fires,Emissions (CO2eq) from N2O (AR5),kilotonnes,0,0,0,0,0,0,0,0,0,0,0,0,0,0,0,0,0,0,0,0,0
Palau,Forest fires,Emissions (CO2eq) (AR5),kilotonnes,0,0,0,0,0,0,0,0,0,0,0,0,0,0,0,0,0,0,0,0,0
Palau,Fires in humid tropical forests,Emissions (CH4),kilotonnes,0,0,0,0,0,0,0,0,0,0,0,0,0,0,0,0,0,0,0,0,0
Palau,Fires in humid tropical forests,Emissions (N2O),kilotonnes,0,0,0,0,0,0,0,0,0,0,0,0,0,0,0,0,0,0,0,0,0
Palau,Fires in humid tropical forests,Emissions (CO2eq) from CH4 (AR5),kilotonnes,0,0,0,0,0,0,0,0,0,0,0,0,0,0,0,0,0,0,0,0,0
Palau,Fires in humid tropical forests,Emissions (CO2eq) from N2O (AR5),kilotonnes,0,0,0,0,0,0,0,0,0,0,0,0,0,0,0,0,0,0,0,0,0
Palau,Fires in humid tropical forests,Emissions (CO2eq) (AR5),kilotonnes,0,0,0,0,0,0,0,0,0,0,0,0,0,0,0,0,0,0,0,0,0
Palau,Waste - agri-food systems,Emissions (CH4),kilotonnes,0.0244,0.0248,0.0251,0.0253,0.0254,0.0253,0.025,0.0245,0.0239,0.0234,0.0229,0.0227,0.0225,0.0225,0.0225,0.0226,0.0226,0.0228,0.0229,0.023,0.0231
Palau,Waste - agri-food systems,Emissions (N2O),kilotonnes,0,0,0,0,0,0,0,0,0,0,0,0,0,0,0,0,0,0,0,0,0
Palau,Waste - agri-food systems,Emissions (CO2),kilotonnes,0,0,0,0,0,0,0,0,0,0,0,0,0,0,0,0,0,0,0,0,0
Palau,Waste - agri-food systems,Emissions (CO2eq) from CH4 (AR5),kilotonnes,0.6835,0.6937,0.7027,0.7088,0.7106,0.7078,0.6993,0.6855,0.6693,0.6544,0.6424,0.635,0.631,0.6298,0.6306,0.632,0.6339,0.6372,0.6408,0.644,0.6473
Palau,Waste - agri-food systems,Emissions (CO2eq) from N2O (AR5),kilotonnes,0.0001,0.0001,0.0001,0.0001,0.0001,0.0001,0.0001,0.0001,0.0001,0.0001,0.0001,0.0001,0.0001,0.0001,0.0001,0.0001,0.0001,0.0001,0.0001,0.0001,0.0001
Palau,Waste - agri-food systems,Emissions (CO2eq) (AR5),kilotonnes,0.6836,0.6938,0.7028,0.7089,0.7106,0.7079,0.6993,0.6855,0.6694,0.6545,0.6424,0.6351,0.631,0.6299,0.6307,0.6321,0.634,0.6373,0.6409,0.6441,0.6474
Palau,On-farm electricity use,Emissions (CH4),kilotonnes,0,0,0,0,0,0,0,0,0,0,0,0,0,0,0,0,0,0,0,0,0
Palau,On-farm electricity use,Emissions (N2O),kilotonnes,0,0,0,0,0,0,0,0,0,0,0,0,0,0,0,0,0,0,0,0,0
Palau,On-farm electricity use,Emissions (CO2),kilotonnes,0,0,0,0,0,0,0,0,0,0,0,0,0,0,0,0,0,0,0,0,0
Palau,On-farm electricity use,Emissions (CO2eq) from CH4 (AR5),kilotonnes,0,0,0,0,0,0,0,0,0,0,0,0,0,0,0,0,0,0,0,0,0
Palau,On-farm electricity use,Emissions (CO2eq) from N2O (AR5),kilotonnes,0,0,0,0,0,0,0,0,0,0,0,0,0,0,0,0,0,0,0,0,0
Palau,On-farm electricity use,Emissions (CO2eq) (AR5),kilotonnes,0,0,0,0,0,0,0,0,0,0,0,0,0,0,0,0,0,0,0,0,0
Palau,Food Processing,Emissions (CH4),kilotonnes,0.0501,0.0485,0.0248,0.0283,0.0341,0.0635,0.0576,0.0429,0.043,0.0553,0.0415,0.0374,0.0362,0.0199,0.0226,0.029,0.0284,0.0318,0.0307,0.0247,0.0217
Palau,Food Processing,Emissions (N2O),kilotonnes,0.0004,0.0004,0.0002,0.0003,0.0002,0.0003,0.0003,0.0002,0.0003,0.001,0.0011,0.0016,0.0028,0.0013,0.0008,0.0008,0.0007,0.0007,0.0008,0.0012,0.0012
Palau,Food Processing,Emissions (CO2),kilotonnes,5.9466,6.4442,5.8737,6.1917,6.1303,6.6978,6.486,7.2416,5.5767,10.4895,13.2041,13.3691,12.0752,12.7111,14.6503,15.4705,15.0798,14.9846,16.1483,21.7538,21.5103
Palau,Food Processing,Emissions (CO2eq) from CH4 (AR5),kilotonnes,1.4028,1.358,0.6944,0.7924,0.9548,1.778,1.6128,1.2012,1.204,1.5484,1.162,1.0472,1.0136,0.5572,0.6328,0.812,0.7952,0.8904,0.8596,0.6916,0.6065
Palau,Food Processing,Emissions (CO2eq) from N2O (AR5),kilotonnes,0.106,0.106,0.053,0.0795,0.053,0.0795,0.0795,0.053,0.0795,0.265,0.2915,0.424,0.742,0.3445,0.212,0.212,0.1855,0.1855,0.212,0.318,0.322
Palau,Food Processing,Emissions (CO2eq) (AR5),kilotonnes,7.4554,7.9082,6.6211,7.0636,7.1381,8.5553,8.1783,8.4958,6.8602,12.3029,14.6576,14.8403,13.8308,13.6128,15.4951,16.4945,16.0605,16.0605,17.2199,22.7634,22.4388
Palau,Food Packaging,Emissions (CH4),kilotonnes,0.0006,0.0006,0.0003,0.0003,0.0004,0.0007,0.0007,0.0005,0.0005,0.0005,0.0004,0.0003,0.0004,0.0002,0.0002,0.0002,0.0002,0.0002,0.0002,0.0002,0.0001
Palau,Food Packaging,Emissions (N2O),kilotonnes,0,0,0,0,0,0,0,0,0,0,0,0,0,0,0,0,0,0,0,0,0
Palau,Food Packaging,Emissions (CO2),kilotonnes,0.3828,0.3796,0.4061,0.2944,0.2846,0.211,0.2285,0.2457,0.2113,0.2151,0.2399,0.2306,0.2526,0.2886,0.3701,0.3279,0.3551,0.3462,0.4544,0.2614,0.2585
Palau,Food Packaging,Emissions (CO2eq) from CH4 (AR5),kilotonnes,0.0168,0.0168,0.0084,0.0084,0.0112,0.0196,0.0196,0.014,0.014,0.014,0.0112,0.0084,0.0112,0.0056,0.0056,0.0056,0.0056,0.0056,0.0056,0.0046,0.004
Palau,Food Packaging,Emissions (CO2eq) from N2O (AR5),kilotonnes,0,0,0,0,0,0,0,0,0,0,0,0,0,0,0,0,0,0,0,0,0
Palau,Food Packaging,Emissions (CO2eq) (AR5),kilotonnes,0.3996,0.3964,0.4145,0.3028,0.2958,0.2306,0.2481,0.2597,0.2253,0.2291,0.2511,0.239,0.2638,0.2942,0.3757,0.3335,0.3607,0.3518,0.46,0.266,0.2625
Palau,Food Retail,Emissions (CH4),kilotonnes,0.0103,0.0109,0.0085,0.0089,0.0089,0.01,0.009,0.0096,0.009,0.008,0.0087,0.0087,0.0072,0.0074,0.0077,0.0073,0.0076,0.008,0.0079,0.0078,0.0068
Palau,Food Retail,Emissions (N2O),kilotonnes,0.0001,0.0001,0,0,0,0.0001,0,0,0,0,0,0,0,0,0,0,0,0,0,0,0
Palau,Food Retail,Emissions (CO2),kilotonnes,4.1981,4.4962,3.6051,3.7721,3.7479,4.3343,3.89,4.0591,3.8316,3.3735,3.4972,3.5594,3.0603,3.1035,3.2476,3.0883,3.1945,3.3539,3.3311,3.3412,3.3038
Palau,Food Retail,Emissions (CO2eq) from CH4 (AR5),kilotonnes,0.2884,0.3052,0.238,0.2492,0.2492,0.28,0.252,0.2688,0.252,0.224,0.2436,0.2436,0.2016,0.2072,0.2156,0.2044,0.2128,0.224,0.2212,0.2184,0.1915
Palau,Food Retail,Emissions (CO2eq) from N2O (AR5),kilotonnes,0.0265,0.0265,0,0,0,0.0265,0,0,0,0,0,0,0,0,0,0,0,0,0,0,0
Palau,Food Retail,Emissions (CO2eq) (AR5),kilotonnes,4.513,4.8279,3.8431,4.0213,3.9971,4.6408,4.142,4.3279,4.0836,3.5975,3.7408,3.803,3.2619,3.3107,3.4632,3.2927,3.4073,3.5779,3.5523,3.5596,3.4953
Palau,Food Household Consumption,Emissions (CH4),kilotonnes,0.0039,0.0038,0.0044,0.0045,0.0046,0.0047,0.0042,0.0042,0.0037,0.0035,0.0033,0.0031,0.003,0.003,0.003,0.0032,0.0036,0.0038,0.0037,0.0037,0.0032
Palau,Food Household Consumption,Emissions (N2O),kilotonnes,0,0,0,0,0,0,0,0,0,0,0,0,0,0,0,0,0,0,0,0,0
Palau,Food Household Consumption,Emissions (CO2),kilotonnes,2.3728,2.3287,2.6183,2.6765,2.6811,2.7898,2.5733,2.5364,2.3248,2.2218,2.1112,2.011,2.0106,2.039,2.0325,2.1165,2.2781,2.3894,2.3377,2.3635,2.337
Palau,Food Household Consumption,Emissions (CO2eq) from CH4 (AR5),kilotonnes,0.1092,0.1064,0.1232,0.126,0.1288,0.1316,0.1176,0.1176,0.1036,0.098,0.0924,0.0868,0.084,0.084,0.084,0.0896,0.1008,0.1064,0.1036,0.1036,0.0908
Palau,Food Household Consumption,Emissions (CO2eq) from N2O (AR5),kilotonnes,0,0,0,0,0,0,0,0,0,0,0,0,0,0,0,0,0,0,0,0,0
Palau,Food Household Consumption,Emissions (CO2eq) (AR5),kilotonnes,2.482,2.4351,2.7415,2.8025,2.8099,2.9214,2.6909,2.654,2.4284,2.3198,2.2036,2.0978,2.0946,2.123,2.1165,2.2061,2.3789,2.4958,2.4413,2.4671,2.4279
Palau,Food Transport,Emissions (CH4),kilotonnes,0.0071,0.0072,0.0039,0.0044,0.0032,0.0035,0.0035,0.0027,0.004,0.0075,0.0076,0.0098,0.0224,0.0119,0.0038,0.0035,0.0034,0.0035,0.0036,0.0019,0.0017
Palau,Food Transport,Emissions (N2O),kilotonnes,0.0024,0.0027,0.0016,0.002,0.0016,0.0021,0.002,0.0016,0.0022,0.0039,0.0038,0.0049,0.011,0.0058,0.0019,0.0018,0.0017,0.0018,0.0019,0.0037,0.0037
Palau,Food Transport,Emissions (CO2),kilotonnes,60.878,62.453,36.5155,45.899,39.484,47.742,50.4715,35.345,50.4505,96.49,105.5475,134.68,259.703,136.3605,64.881,61.1455,58.585,61.2555,63.0015,94.9361,93.8734
Palau,Food Transport,Emissions (CO2eq) from CH4 (AR5),kilotonnes,0.1988,0.2016,0.1092,0.1232,0.0896,0.098,0.098,0.0756,0.112,0.21,0.2128,0.2744,0.6272,0.3332,0.1064,0.098,0.0952,0.098,0.1008,0.0532,0.0467
Palau,Food Transport,Emissions (CO2eq) from N2O (AR5),kilotonnes,0.636,0.7155,0.424,0.53,0.424,0.5565,0.53,0.424,0.583,1.0335,1.007,1.2985,2.915,1.537,0.5035,0.477,0.4505,0.477,0.5035,0.9805,0.9928
Palau,Food Transport,Emissions (CO2eq) (AR5),kilotonnes,61.7128,63.3701,37.0487,46.5522,39.9976,48.3965,51.0995,35.8446,51.1455,97.7335,106.7673,136.2529,263.2452,138.2307,65.4909,61.7205,59.1307,61.8305,63.6058,95.9698,94.9128
Palau,Energy,Emissions (CH4),kilotonnes,2.17,2.08,1.02,1.14,1.28,2.21,2.16,1.62,1.67,2.16,1.72,1.5,1.62,0.781,0.82,0.962,0.921,0.963,0.874,0.715,0.627
Palau,Energy,Emissions (N2O),kilotonnes,0.0406,0.0451,0.026,0.0318,0.0266,0.0312,0.0298,0.0239,0.0285,0.0484,0.0453,0.0701,0.128,0.0583,0.0326,0.0307,0.0294,0.0307,0.0317,0.0479,0.0485
Palau,Energy,Emissions (CO2),kilotonnes,212,219,213,214,217,222,229,254,207,200,210,217,217,221,224,224,224,232,245,268,265
Palau,Energy,Emissions (CO2eq) from CH4 (AR5),kilotonnes,60.76,58.24,28.56,31.92,35.84,61.88,60.48,45.36,46.76,60.48,48.16,42,45.36,21.868,22.96,26.936,25.788,26.964,24.472,20.02,17.556
Palau,Energy,Emissions (CO2eq) from N2O (AR5),kilotonnes,10.759,11.9515,6.89,8.427,7.049,8.268,7.897,6.3335,7.5525,12.826,12.0045,18.5765,33.92,15.4495,8.639,8.1355,7.791,8.1355,8.4005,12.6935,12.8525
Palau,Energy,Emissions (CO2eq) (AR5),kilotonnes,283.519,289.1915,248.45,254.347,259.889,292.148,297.377,305.6935,261.3125,273.306,270.1645,277.5765,296.28,258.3175,255.599,259.0715,257.579,267.0995,277.8725,300.7135,295.4085
Palau,IPPU,Emissions (N2O),kilotonnes,0.0004,0.0004,0.0004,0.0004,0.0004,0.0004,0.0004,0.0004,0.0004,0.0004,0.0004,0.0004,0.0004,0.0004,0.0004,0.0004,0.0004,0.0004,0.0004,0.0004,0.0004
Palau,IPPU,Emissions (CO2),kilotonnes,4.2,3.62,1.76,2.21,2.3,2.72,2.92,2.33,2.01,2.84,2.3,2.06,2.17,1.03,0.995,0.951,0.911,0.952,0.709,0.553,0.396
Palau,IPPU,Emissions (CO2eq) from N2O (AR5),kilotonnes,0.1034,0.1047,0.1055,0.1063,0.1068,0.1073,0.1079,0.1084,0.1092,0.1097,0.1105,0.111,0.1121,0.1129,0.1137,0.1147,0.1161,0.1171,0.1185,0.1182,0.119
Palau,IPPU,Emissions (CO2eq) (AR5),kilotonnes,4.3034,3.7247,1.8655,2.3163,2.4068,2.8273,3.0279,2.4384,2.1192,2.9497,2.4105,2.171,2.2821,1.1429,1.1087,1.0657,1.0271,1.0691,0.8275,0.6712,0.515
Palau,Waste,Emissions (CH4),kilotonnes,0.147,0.149,0.15,0.15,0.151,0.152,0.153,0.155,0.155,0.156,0.157,0.16,0.163,0.164,0.167,0.171,0.174,0.176,0.179,0.179,0.181
Palau,Waste,Emissions (N2O),kilotonnes,0.0009,0.0009,0.001,0.0011,0.0013,0.0015,0.001,0.001,0.001,0.001,0.0009,0.0009,0.0009,0.0009,0.0008,0.0008,0.0008,0.0008,0.0008,0.0007,0.0007
Palau,Waste,Emissions (CO2eq) from CH4 (AR5),kilotonnes,4.116,4.172,4.2,4.2,4.228,4.256,4.284,4.34,4.34,4.368,4.396,4.48,4.564,4.592,4.676,4.788,4.872,4.928,5.012,5.012,5.068
Palau,Waste,Emissions (CO2eq) from N2O (AR5),kilotonnes,0.2385,0.2449,0.2637,0.2942,0.3392,0.3975,0.2756,0.2703,0.2629,0.2565,0.2502,0.2438,0.2374,0.2311,0.2247,0.2184,0.212,0.2056,0.1995,0.1932,0.1868
Palau,Waste,Emissions (CO2eq) (AR5),kilotonnes,4.3545,4.4169,4.4637,4.4942,4.5672,4.6535,4.5596,4.6103,4.6029,4.6245,4.6462,4.7238,4.8014,4.8231,4.9007,5.0064,5.084,5.1336,5.2115,5.2052,5.2548
Palau,Other,Emissions (N2O),kilotonnes,0.0836,0.1,0.0655,0.0814,0.0705,0.0807,0.0735,0.0603,0.0535,0.0797,0.0721,0.0812,0.0995,0.0468,0.0469,0.0442,0.0423,0.0442,0.0455,0.0435,0.0411
Palau,Other,Emissions (CO2eq) from N2O (AR5),kilotonnes,22.154,26.5,17.3575,21.571,18.6825,21.3855,19.4775,15.9795,14.1775,21.1205,19.1065,21.518,26.3675,12.402,12.4285,11.713,11.2095,11.713,12.0575,11.5275,10.8915
Palau,Other,Emissions (CO2eq) (AR5),kilotonnes,22.154,26.5,17.3575,21.571,18.6825,21.3855,19.4775,15.9795,14.1775,21.1205,19.1065,21.518,26.3675,12.402,12.4285,11.713,11.2095,11.713,12.0575,11.5275,10.8915
Palau,Farm-gate emissions,Emissions (CH4),kilotonnes,0.0014,0.0014,0.0014,0.0015,0.0019,0.0023,0.0035,0.0042,0.0043,0.0043,0.0051,0.0045,0.0045,0.004,0.0031,0.0019,0.0014,0.0012,0.0011,0.0008,0.0008
Palau,Farm-gate emissions,Emissions (N2O),kilotonnes,0,0,0,0,0,0,0.0001,0.0001,0.0001,0.0001,0.0001,0.0001,0.0001,0.0001,0.0001,0,0,0,0,0,0
Palau,Farm-gate emissions,Emissions (CO2),kilotonnes,17.5291,17.8055,17.3237,18.309,23.4922,28.4586,43.6781,52.7225,54.4042,54.8673,64.1854,57.3809,56.2335,49.8843,38.7911,23.5043,17.6638,14.8487,14.4534,9.5859,9.5859
Palau,Farm-gate emissions,Emissions (CO2eq) from CH4 (AR5),kilotonnes,0.0389,0.0395,0.0384,0.0406,0.0521,0.0631,0.0969,0.117,0.1207,0.1217,0.1424,0.1273,0.1248,0.1107,0.0861,0.0521,0.0392,0.0329,0.0321,0.0213,0.0213
Palau,Farm-gate emissions,Emissions (CO2eq) from N2O (AR5),kilotonnes,0.0074,0.0075,0.0073,0.0077,0.0099,0.012,0.0183,0.0221,0.0228,0.023,0.027,0.0241,0.0236,0.0209,0.0163,0.0099,0.0074,0.0062,0.0061,0.004,0.004
Palau,Farm-gate emissions,Emissions (CO2eq) (AR5),kilotonnes,17.5754,17.8525,17.3694,18.3573,23.5542,28.5337,43.7934,52.8616,54.5478,55.012,64.3547,57.5323,56.3819,50.0159,38.8935,23.5664,17.7104,14.8879,14.4916,9.6112,9.6112
Palau,Land Use change,Emissions (CH4),kilotonnes,0,0,0,0,0,0,0,0,0,0,0,0,0,0,0,0,0,0,0,0,0
Palau,Land Use change,Emissions (N2O),kilotonnes,0,0,0,0,0,0,0,0,0,0,0,0,0,0,0,0,0,0,0,0,0
Palau,Land Use change,Emissions (CO2),kilotonnes,0,0,0,0,0,0,0,0,0,0,0,0,0,0,0,0,0,0,0,0,0
Palau,Land Use change,Emissions (CO2eq) from CH4 (AR5),kilotonnes,0,0,0,0,0,0,0,0,0,0,0,0,0,0,0,0,0,0,0,0,0
Palau,Land Use change,Emissions (CO2eq) from N2O (AR5),kilotonnes,0,0,0,0,0,0,0,0,0,0,0,0,0,0,0,0,0,0,0,0,0
Palau,Land Use change,Emissions (CO2eq) (AR5),kilotonnes,0,0,0,0,0,0,0,0,0,0,0,0,0,0,0,0,0,0,0,0,0
Palau,Emissions on agricultural land,Emissions (CH4),kilotonnes,0.0014,0.0014,0.0014,0.0015,0.0019,0.0023,0.0035,0.0042,0.0043,0.0043,0.0051,0.0045,0.0045,0.004,0.0031,0.0019,0.0014,0.0012,0.0011,0.0008,0.0008
Palau,Emissions on agricultural land,Emissions (N2O),kilotonnes,0,0,0,0,0,0,0.0001,0.0001,0.0001,0.0001,0.0001,0.0001,0.0001,0.0001,0.0001,0,0,0,0,0,0
Palau,Emissions on agricultural land,Emissions (CO2),kilotonnes,17.5291,17.8055,17.3237,18.309,23.4922,28.4586,43.6781,52.7225,54.4042,54.8673,64.1854,57.3809,56.2335,49.8843,38.7911,23.5043,17.6638,14.8487,14.4534,9.5859,9.5859
Palau,Emissions on agricultural land,Emissions (CO2eq) from CH4 (AR5),kilotonnes,0.0389,0.0395,0.0384,0.0406,0.0521,0.0631,0.0969,0.117,0.1207,0.1217,0.1424,0.1273,0.1248,0.1107,0.0861,0.0521,0.0392,0.0329,0.0321,0.0213,0.0213
Palau,Emissions on agricultural land,Emissions (CO2eq) from N2O (AR5),kilotonnes,0.0074,0.0075,0.0073,0.0077,0.0099,0.012,0.0183,0.0221,0.0228,0.023,0.027,0.0241,0.0236,0.0209,0.0163,0.0099,0.0074,0.0062,0.0061,0.004,0.004
Palau,Emissions on agricultural land,Emissions (CO2eq) (AR5),kilotonnes,17.5754,17.8525,17.3694,18.3573,23.5542,28.5337,43.7934,52.8616,54.5478,55.012,64.3547,57.5323,56.3819,50.0159,38.8935,23.5664,17.7104,14.8879,14.4916,9.6112,9.6112
Palau,Pre- and post- production,Emissions (CH4),kilotonnes,0.0964,0.0958,0.067,0.0717,0.0766,0.1077,0.1,0.0844,0.0841,0.0982,0.0844,0.082,0.0917,0.0649,0.0598,0.0658,0.0658,0.0701,0.069,0.0613,0.0567
Palau,Pre- and post- production,Emissions (N2O),kilotonnes,0.0029,0.0032,0.0018,0.0023,0.0018,0.0025,0.0023,0.0018,0.0025,0.0049,0.0049,0.0065,0.0138,0.0071,0.0027,0.0026,0.0024,0.0025,0.0027,0.0049,0.005
Palau,Pre- and post- production,Emissions (CO2),kilotonnes,73.7783,76.1017,49.0187,58.8337,52.3279,61.7749,63.6493,49.4278,62.3949,112.7899,124.5999,153.8501,277.1017,154.5027,85.1815,82.1487,79.4925,82.3296,85.273,122.656,121.283
Palau,Pre- and post- production,Emissions (CO2eq) from CH4 (AR5),kilotonnes,2.6995,2.6817,1.8759,2.008,2.1442,3.015,2.7993,2.3627,2.3549,2.7488,2.3644,2.2954,2.5686,1.817,1.675,1.8416,1.8435,1.9616,1.9316,1.7154,1.5868
Palau,Pre- and post- production,Emissions (CO2eq) from N2O (AR5),kilotonnes,0.7686,0.8481,0.4771,0.6096,0.4771,0.6626,0.6096,0.4771,0.6626,1.2986,1.2986,1.7226,3.6571,1.8816,0.7156,0.6891,0.6361,0.6626,0.7156,1.2986,1.3148
Palau,Pre- and post- production,Emissions (CO2eq) (AR5),kilotonnes,77.2464,79.6315,51.3717,61.4513,54.9491,65.4525,67.0581,52.2675,65.4124,116.8373,128.2628,157.8681,283.3273,158.2013,87.5721,84.6794,81.9721,84.9538,87.9202,125.67,124.1846
Palau,Agri-food systems,Emissions (CH4),kilotonnes,0.0978,0.0972,0.0684,0.0732,0.0784,0.1099,0.1034,0.0886,0.0884,0.1025,0.0895,0.0865,0.0962,0.0688,0.0629,0.0676,0.0672,0.0712,0.0701,0.062,0.0574
Palau,Agri-food systems,Emissions (N2O),kilotonnes,0.0029,0.0032,0.0018,0.0023,0.0018,0.0025,0.0024,0.0019,0.0026,0.005,0.005,0.0066,0.0139,0.0072,0.0028,0.0026,0.0024,0.0025,0.0027,0.0049,0.005
Palau,Agri-food systems,Emissions (CO2),kilotonnes,91.3074,93.9072,66.3424,77.1427,75.8201,90.2335,107.3274,102.1503,116.7991,167.6572,188.7853,211.231,333.3352,204.387,123.9726,105.653,97.1563,97.1783,99.7264,132.2419,130.8689
Palau,Agri-food systems,Emissions (CO2eq) from CH4 (AR5),kilotonnes,2.7384,2.7212,1.9144,2.0486,2.1963,3.0782,2.8962,2.4796,2.4756,2.8705,2.5068,2.4227,2.6933,1.9277,1.7611,1.8938,1.8827,1.9945,1.9637,1.7367,1.6081
Palau,Agri-food systems,Emissions (CO2eq) from N2O (AR5),kilotonnes,0.7759,0.8555,0.4843,0.6173,0.4869,0.6745,0.6279,0.4992,0.6854,1.3216,1.3255,1.7467,3.6807,1.9025,0.7319,0.6989,0.6435,0.6688,0.7216,1.3026,1.3189
Palau,Agri-food systems,Emissions (CO2eq) (AR5),kilotonnes,94.8217,97.484,68.7411,79.8086,78.5033,93.9861,110.8515,105.1291,119.9602,171.8493,192.6176,215.4004,339.7092,208.2172,126.4656,108.2458,99.6825,99.8416,102.4118,135.2812,133.7958
Palau,IPCC Agriculture,Emissions (CH4),kilotonnes,0,0,0,0,0,0,0,0,0,0,0,0,0,0,0,0,0,0,0,0,0
Palau,IPCC Agriculture,Emissions (CH4),kilotonnes,0.0157,,,,,0.0272,,,,,,,,,,,,,,,
Palau,IPCC Agriculture,Emissions (N2O),kilotonnes,0,0,0,0,0,0,0,0,0,0,0,0,0,0,0,0,0,0,0,0,0
Palau,IPCC Agriculture,Emissions (N2O),kilotonnes,0.032,,,,,0.031,,,,,,,,,,,,,,,
Palau,IPCC Agriculture,Emissions (CO2eq) from CH4 (AR5),kilotonnes,0,0,0,0,0,0,0,0,0,0,0,0,0,0,0,0,0,0,0,0,0
Palau,IPCC Agriculture,Emissions (CO2eq) from CH4 (AR5),kilotonnes,0.4396,,,,,0.7616,,,,,,,,,,,,,,,
Palau,IPCC Agriculture,Emissions (CO2eq) from N2O (AR5),kilotonnes,0,0,0,0,0,0,0,0,0,0,0,0,0,0,0,0,0,0,0,0,0
Palau,IPCC Agriculture,Emissions (CO2eq) from N2O (AR5),kilotonnes,8.48,,,,,8.215,,,,,,,,,,,,,,,
Palau,IPCC Agriculture,Emissions (CO2eq) (AR5),kilotonnes,0,0,0,0,0,0,0,0,0,0,0,0,0,0,0,0,0,0,0,0,0
Palau,IPCC Agriculture,Emissions (CO2eq) (AR5),kilotonnes,8.9196,,,,,8.9766,,,,,,,,,,,,,,,
Palau,Agricultural Soils,Emissions (N2O),kilotonnes,0,0,0,0,0,0,0,0,0,0,0,0,0,0,0,0,0,0,0,0,0
Palau,Agricultural Soils,Emissions (N2O),kilotonnes,0.032,,,,,0.031,,,,,,,,,,,,,,,
Palau,Agricultural Soils,Emissions (CO2eq) from N2O (AR5),kilotonnes,0,0,0,0,0,0,0,0,0,0,0,0,0,0,0,0,0,0,0,0,0
Palau,Agricultural Soils,Emissions (CO2eq) from N2O (AR5),kilotonnes,8.48,,,,,8.215,,,,,,,,,,,,,,,
Palau,Agricultural Soils,Emissions (CO2eq) (AR5),kilotonnes,0,0,0,0,0,0,0,0,0,0,0,0,0,0,0,0,0,0,0,0,0
Palau,Agricultural Soils,Emissions (CO2eq) (AR5),kilotonnes,8.48,,,,,8.215,,,,,,,,,,,,,,,
Palau,LULUCF,Emissions (CH4),kilotonnes,0,0,0,0,0,0,0,0,0,0,0,0,0,0,0,0,0,0,0,0,0
Palau,LULUCF,Emissions (N2O),kilotonnes,0,0,0,0,0,0,0,0,0,0,0,0,0,0,0,0,0,0,0,0,0
Palau,LULUCF,Emissions (CO2),kilotonnes,0,0,0,0,0,0,0,0,0,0,0,0,0,0,0,0,0,0,0,0,0
Palau,LULUCF,Emissions (CO2),kilotonnes,-98.57,,,,,-98.57,,,,,,,,,,,,,,,
Palau,LULUCF,Emissions (CO2eq) from CH4 (AR5),kilotonnes,0,0,0,0,0,0,0,0,0,0,0,0,0,0,0,0,0,0,0,0,0
Palau,LULUCF,Emissions (CO2eq) from N2O (AR5),kilotonnes,0,0,0,0,0,0,0,0,0,0,0,0,0,0,0,0,0,0,0,0,0
Palau,LULUCF,Emissions (CO2eq) (AR5),kilotonnes,0,0,0,0,0,0,0,0,0,0,0,0,0,0,0,0,0,0,0,0,0
Palau,LULUCF,Emissions (CO2eq) (AR5),kilotonnes,-98.57,,,,,-98.57,,,,,,,,,,,,,,,
Palau,AFOLU,Emissions (CH4),kilotonnes,0,0,0,0,0,0,0,0,0,0,0,0,0,0,0,0,0,0,0,0,0
Palau,AFOLU,Emissions (N2O),kilotonnes,0,0,0,0,0,0,0,0,0,0,0,0,0,0,0,0,0,0,0,0,0
Palau,AFOLU,Emissions (CO2),kilotonnes,0,0,0,0,0,0,0,0,0,0,0,0,0,0,0,0,0,0,0,0,0
Palau,AFOLU,Emissions (CO2eq) from CH4 (AR5),kilotonnes,0,0,0,0,0,0,0,0,0,0,0,0,0,0,0,0,0,0,0,0,0
Palau,AFOLU,Emissions (CO2eq) from N2O (AR5),kilotonnes,0,0,0,0,0,0,0,0,0,0,0,0,0,0,0,0,0,0,0,0,0
Palau,AFOLU,Emissions (CO2eq) (AR5),kilotonnes,0,0,0,0,0,0,0,0,0,0,0,0,0,0,0,0,0,0,0,0,0
Palau,All sectors with LULUCF,Emissions (CH4),kilotonnes,2.317,2.229,1.17,1.29,1.431,2.362,2.313,1.775,1.825,2.316,1.877,1.66,1.783,0.945,0.987,1.133,1.095,1.139,1.053,0.894,0.808
Palau,All sectors with LULUCF,Emissions (N2O),kilotonnes,0.1255,0.1464,0.0929,0.1147,0.0988,0.1138,0.1047,0.0856,0.0834,0.1295,0.1188,0.1526,0.2288,0.1064,0.0808,0.0762,0.0729,0.0761,0.0784,0.0926,0.0908
Palau,All sectors with LULUCF,Emissions (CO2),kilotonnes,216.2,222.62,214.76,216.21,219.3,224.72,231.92,256.33,209.01,202.84,212.3,219.06,219.17,222.03,224.995,224.951,224.911,232.952,245.709,268.553,265.396
Palau,All sectors with LULUCF,Emissions (CO2eq) from CH4 (AR5),kilotonnes,64.876,62.412,32.76,36.12,40.068,66.136,64.764,49.7,51.1,64.848,52.556,46.48,49.924,26.46,27.636,31.724,30.66,31.892,29.484,25.032,22.624
Palau,All sectors with LULUCF,Emissions (CO2eq) from N2O (AR5),kilotonnes,33.2548,38.801,24.6166,30.3984,26.1775,30.1583,27.758,22.6917,22.1021,34.3127,31.4717,40.4493,60.637,28.1955,21.4059,20.1816,19.3286,20.1713,20.776,24.5324,24.0498
Palau,All sectors with LULUCF,Emissions (CO2eq) (AR5),kilotonnes,314.3308,323.833,272.1366,282.7284,285.5455,321.0143,324.442,328.7217,282.2121,302.0007,296.3277,305.9893,329.731,276.6855,274.0369,276.8566,274.8996,285.0153,295.969,318.1174,312.0698
Palau,All sectors without LULUCF,Emissions (CH4),kilotonnes,2.317,2.229,1.17,1.29,1.431,2.362,2.313,1.775,1.825,2.316,1.877,1.66,1.783,0.945,0.987,1.133,1.095,1.139,1.053,0.894,0.808
Palau,All sectors without LULUCF,Emissions (N2O),kilotonnes,0.1255,0.1464,0.0929,0.1147,0.0988,0.1138,0.1047,0.0856,0.0834,0.1295,0.1188,0.1526,0.2288,0.1064,0.0808,0.0762,0.0729,0.0761,0.0784,0.0926,0.0908
Palau,All sectors without LULUCF,Emissions (CO2),kilotonnes,216.2,222.62,214.76,216.21,219.3,224.72,231.92,256.33,209.01,202.84,212.3,219.06,219.17,222.03,224.995,224.951,224.911,232.952,245.709,268.553,265.396
Palau,All sectors without LULUCF,Emissions (CO2eq) from CH4 (AR5),kilotonnes,64.876,62.412,32.76,36.12,40.068,66.136,64.764,49.7,51.1,64.848,52.556,46.48,49.924,26.46,27.636,31.724,30.66,31.892,29.484,25.032,22.624
Palau,All sectors without LULUCF,Emissions (CO2eq) from N2O (AR5),kilotonnes,33.2548,38.801,24.6166,30.3984,26.1775,30.1583,27.758,22.6917,22.1021,34.3127,31.4717,40.4493,60.637,28.1955,21.4059,20.1816,19.3286,20.1713,20.776,24.5324,24.0498
Palau,All sectors without LULUCF,Emissions (CO2eq) (AR5),kilotonnes,314.3308,323.833,272.1366,282.7284,285.5455,321.0143,324.442,328.7217,282.2121,302.0007,296.3277,305.9893,329.731,276.6855,274.0369,276.8566,274.8996,285.0153,295.969,318.1174,312.0698
Palestine,Crop Residues,Direct emissions (N2O),kilotonnes,0.0156,0.0103,0.0177,0.0159,0.0144,0.0158,0.0137,0.0137,0.0116,0.011,0.0069,0.0067,0.0084,0.0145,0.0145,0.0119,0.0129,0.0118,0.0119,0.012,0.012
Palestine,Crop Residues,Indirect emissions (N2O),kilotonnes,0.0035,0.0023,0.004,0.0036,0.0033,0.0036,0.0031,0.0031,0.0026,0.0025,0.0016,0.0015,0.0019,0.0033,0.0033,0.0027,0.0029,0.0027,0.0027,0.0027,0.0027
Palestine,Crop Residues,Emissions (N2O),kilotonnes,0.0191,0.0126,0.0216,0.0194,0.0177,0.0193,0.0168,0.0168,0.0142,0.0134,0.0084,0.0082,0.0103,0.0178,0.0177,0.0146,0.0159,0.0145,0.0146,0.0147,0.0147
Palestine,Crop Residues,Emissions (CO2eq) from N2O (AR5),kilotonnes,5.055,3.3372,5.7304,5.1468,4.6907,5.1238,4.4575,4.4508,3.774,3.5567,2.2385,2.1607,2.7229,4.7051,4.7,3.8572,4.2003,3.8391,3.8698,3.8942,3.8889
Palestine,Crop Residues,Emissions (CO2eq) (AR5),kilotonnes,5.055,3.3372,5.7304,5.1468,4.6907,5.1238,4.4575,4.4508,3.774,3.5567,2.2385,2.1607,2.7229,4.7051,4.7,3.8572,4.2003,3.8391,3.8698,3.8942,3.8889
Palestine,Burning - Crop residues,Emissions (CH4),kilotonnes,0.0234,0.0223,0.0242,0.0234,0.0236,0.0231,0.0228,0.0219,0.0248,0.0238,0.0105,0.0119,0.0144,0.0187,0.0187,0.0143,0.0156,0.0168,0.0166,0.0165,0.0164
Palestine,Burning - Crop residues,Emissions (N2O),kilotonnes,0.0006,0.0006,0.0006,0.0006,0.0006,0.0006,0.0006,0.0006,0.0006,0.0006,0.0003,0.0003,0.0004,0.0005,0.0005,0.0004,0.0004,0.0004,0.0004,0.0004,0.0004
Palestine,Burning - Crop residues,Emissions (CO2eq) from CH4 (AR5),kilotonnes,0.6552,0.6232,0.6788,0.6551,0.6621,0.6471,0.6382,0.6118,0.6938,0.6653,0.2938,0.3326,0.4034,0.525,0.525,0.4013,0.4355,0.4707,0.4654,0.4634,0.458
Palestine,Burning - Crop residues,Emissions (CO2eq) from N2O (AR5),kilotonnes,0.1608,0.1529,0.1666,0.1607,0.1625,0.1588,0.1566,0.1501,0.1702,0.1632,0.0721,0.0816,0.099,0.1288,0.1288,0.0985,0.1068,0.1155,0.1142,0.1137,0.1124
Palestine,Burning - Crop residues,Emissions (CO2eq) (AR5),kilotonnes,0.816,0.7761,0.8454,0.8158,0.8246,0.8059,0.7948,0.762,0.8641,0.8285,0.3658,0.4143,0.5024,0.6538,0.6538,0.4997,0.5423,0.5861,0.5796,0.5771,0.5704
Palestine,Enteric Fermentation,Emissions (CH4),kilotonnes,5.3274,5.7146,6.7755,7.4232,7.3468,7.2186,7.3425,6.7846,6.3687,5.827,5.2984,6.4771,6.1168,6.1181,6.3611,6.2502,5.7069,5.7875,5.8883,6.0035,5.9356
Palestine,Enteric Fermentation,Emissions (CO2eq) from CH4 (AR5),kilotonnes,149.1678,160.0092,189.7143,207.8504,205.7103,202.1212,205.5898,189.9681,178.3231,163.156,148.3548,181.3585,171.2715,171.3071,178.1097,175.005,159.7924,162.0504,164.871,168.0967,166.1968
Palestine,Enteric Fermentation,Emissions (CO2eq) (AR5),kilotonnes,149.1678,160.0092,189.7143,207.8504,205.7103,202.1212,205.5898,189.9681,178.3231,163.156,148.3548,181.3585,171.2715,171.3071,178.1097,175.005,159.7924,162.0504,164.871,168.0967,166.1968
Palestine,Manure Management,Emissions (CH4),kilotonnes,0.4062,0.4409,0.4739,0.4433,0.422,0.4568,0.4124,0.3671,0.3605,0.3535,0.3432,0.3909,0.341,0.3267,0.3383,0.3297,0.3434,0.3333,0.4081,0.4175,0.3412
Palestine,Manure Management,Emissions (N2O),kilotonnes,0.0112,0.0121,0.0121,0.0103,0.0094,0.011,0.0094,0.008,0.0082,0.0084,0.0084,0.009,0.0074,0.0068,0.0071,0.0068,0.0079,0.0074,0.0104,0.0106,0.0076
Palestine,Manure Management,Emissions (CO2eq) from CH4 (AR5),kilotonnes,11.3738,12.3446,13.2698,12.4119,11.8151,12.7895,11.5478,10.2791,10.0937,9.898,9.6101,10.9459,9.5482,9.1476,9.4726,9.2329,9.6143,9.3317,11.4276,11.69,9.5537
Palestine,Manure Management,Emissions (CO2eq) from N2O (AR5),kilotonnes,2.9604,3.2197,3.1974,2.7346,2.4796,2.9161,2.487,2.1217,2.1681,2.2278,2.2272,2.376,1.9679,1.798,1.8921,1.8052,2.0895,1.9489,2.7496,2.8212,2.023
Palestine,Manure Management,Emissions (CO2eq) (AR5),kilotonnes,14.3342,15.5643,16.4673,15.1465,14.2947,15.7056,14.0349,12.4008,12.2618,12.1258,11.8373,13.3219,11.5162,10.9456,11.3647,11.0381,11.7037,11.2806,14.1772,14.5112,11.5767
Palestine,Manure left on Pasture,Direct emissions (N2O),kilotonnes,0.3231,0.3473,0.3881,0.397,0.385,0.395,0.3844,0.348,0.3331,0.3139,0.2901,0.3405,0.3113,0.3048,0.3167,0.3101,0.3004,0.2985,0.3317,0.3385,0.3066
Palestine,Manure left on Pasture,Indirect emissions (N2O),kilotonnes,0.1067,0.1141,0.1306,0.1371,0.1342,0.1346,0.1328,0.1209,0.1144,0.1061,0.0953,0.1136,0.1066,0.1047,0.1069,0.1064,0.1042,0.1045,0.1114,0.113,0.1065
Palestine,Manure left on Pasture,Emissions (N2O),kilotonnes,0.4298,0.4614,0.5187,0.5341,0.5193,0.5296,0.5172,0.4689,0.4475,0.42,0.3853,0.4542,0.4179,0.4095,0.4236,0.4166,0.4045,0.403,0.4431,0.4514,0.4131
Palestine,Manure left on Pasture,Emissions (CO2eq) from N2O (AR5),kilotonnes,113.9054,122.2676,137.4572,141.5287,137.6038,140.3325,137.0501,124.247,118.5858,111.3026,102.1137,120.3505,110.7315,108.5253,112.2603,110.3891,107.2051,106.8007,117.4278,119.6281,109.4781
Palestine,Manure left on Pasture,Emissions (CO2eq) (AR5),kilotonnes,113.9054,122.2676,137.4572,141.5287,137.6038,140.3325,137.0501,124.247,118.5858,111.3026,102.1137,120.3505,110.7315,108.5253,112.2603,110.3891,107.2051,106.8007,117.4278,119.6281,109.4781
Palestine,Manure applied to Soils,Direct emissions (N2O),kilotonnes,0.0219,0.0238,0.0236,0.0201,0.0181,0.0214,0.0181,0.0154,0.0158,0.0162,0.0162,0.0172,0.0143,0.013,0.0135,0.013,0.0154,0.0143,0.0203,0.0208,0.0148
Palestine,Manure applied to Soils,Indirect emissions (N2O),kilotonnes,0.0093,0.0101,0.01,0.0085,0.0077,0.0091,0.0077,0.0066,0.0067,0.0069,0.0069,0.0073,0.0061,0.0055,0.0058,0.0055,0.0065,0.0061,0.0086,0.0088,0.0063
Palestine,Manure applied to Soils,Emissions (N2O),kilotonnes,0.0312,0.034,0.0336,0.0286,0.0259,0.0305,0.0258,0.022,0.0225,0.0232,0.0231,0.0245,0.0203,0.0185,0.0193,0.0185,0.0219,0.0204,0.0289,0.0296,0.0211
Palestine,Manure applied to Soils,Emissions (CO2eq) from N2O (AR5),kilotonnes,8.2788,8.9984,8.9116,7.5727,6.8508,8.0859,6.8471,5.8205,5.9594,6.1359,6.1205,6.5048,5.3848,4.8953,5.1117,4.9011,5.8023,5.4007,7.6632,7.8507,5.5934
Palestine,Manure applied to Soils,Emissions (CO2eq) (AR5),kilotonnes,8.2788,8.9984,8.9116,7.5727,6.8508,8.0859,6.8471,5.8205,5.9594,6.1359,6.1205,6.5048,5.3848,4.8953,5.1117,4.9011,5.8023,5.4007,7.6632,7.8507,5.5934
Palestine,Drained organic soils,Emissions (CO2eq) (AR5),kilotonnes,0,0,0,0,0,0,0,0,0,0,0,0,0,0,0,0,0,0,0,0,0
Palestine,Drained organic soils (CO2),Emissions (CO2),kilotonnes,0,0,0,0,0,0,0,0,0,0,0,0,0,0,0,0,0,0,0,0,0
Palestine,Drained organic soils (CO2),Emissions (CO2eq) (AR5),kilotonnes,0,0,0,0,0,0,0,0,0,0,0,0,0,0,0,0,0,0,0,0,0
Palestine,Drained organic soils (N2O),Emissions (N2O),kilotonnes,0,0,0,0,0,0,0,0,0,0,0,0,0,0,0,0,0,0,0,0,0
Palestine,Drained organic soils (N2O),Emissions (CO2eq) from N2O (AR5),kilotonnes,0,0,0,0,0,0,0,0,0,0,0,0,0,0,0,0,0,0,0,0,0
Palestine,Drained organic soils (N2O),Emissions (CO2eq) (AR5),kilotonnes,0,0,0,0,0,0,0,0,0,0,0,0,0,0,0,0,0,0,0,0,0
Palestine,On-farm energy use,Emissions (CH4),kilotonnes,0.001,0.0009,0.0009,0.0011,0.001,0.001,0.001,0.001,0.001,0.001,0.001,0.0062,0.0106,0.0141,0.0129,0.0159,0.0142,0.013,0.0104,0.0099,0.0099
Palestine,On-farm energy use,Emissions (N2O),kilotonnes,0.0021,0.0023,0.0019,0.0023,0.0043,0.0037,0.0041,0.0037,0.0037,0.0038,0.0038,0.0004,0.0006,0.0098,0.0089,0.0111,0.0097,0.006,0.0053,0.0046,0.0046
Palestine,On-farm energy use,Emissions (CO2),kilotonnes,6.6813,7.276,6.5035,7.5719,12.2381,10.6336,11.7172,10.7613,10.7613,11.3784,11.3784,28.1983,37.8632,43.031,39.8846,49.4459,43.9677,33.5359,29.2939,27.1758,27.1758
Palestine,On-farm energy use,Emissions (CO2eq) from CH4 (AR5),kilotonnes,0.0267,0.0242,0.0256,0.0299,0.0291,0.0266,0.0284,0.0269,0.0269,0.0281,0.0281,0.1731,0.296,0.3937,0.3617,0.4444,0.3982,0.3628,0.2903,0.276,0.276
Palestine,On-farm energy use,Emissions (CO2eq) from N2O (AR5),kilotonnes,0.5553,0.613,0.5141,0.5997,1.1433,0.9804,1.0782,0.9804,0.9804,1.0131,1.0131,0.1034,0.1643,2.5926,2.3589,2.9306,2.5631,1.5807,1.4017,1.2103,1.2103
Palestine,On-farm energy use,Emissions (CO2eq) (AR5),kilotonnes,7.2633,7.9131,7.0431,8.2015,13.4105,11.6405,12.8238,11.7686,11.7686,12.4196,12.4196,28.4747,38.3234,46.0173,42.6052,52.8209,46.929,35.4794,30.9859,28.6621,28.6621
Palestine,Savanna fires,Emissions (CH4),kilotonnes,0.0091,0.001,0.001,0,0,0.0007,0,0.001,0,0,0.0005,0,0,0,0,0.0026,0.0015,0,0,0.0026,0.0014
Palestine,Savanna fires,Emissions (N2O),kilotonnes,0.0008,0.0001,0.0001,0,0,0.0001,0,0.0001,0,0,0,0,0,0,0,0.0002,0.0001,0,0,0.0002,0.0001
Palestine,Savanna fires,Emissions (CO2eq) from CH4 (AR5),kilotonnes,0.2555,0.0269,0.0287,0,0,0.0198,0,0.0287,0,0,0.0144,0,0,0,0,0.0736,0.0413,0,0,0.0736,0.0395
Palestine,Savanna fires,Emissions (CO2eq) from N2O (AR5),kilotonnes,0.2207,0.0233,0.0248,0,0,0.0171,0,0.0248,0,0,0.0124,0,0,0,0,0.0636,0.0357,0,0,0.0636,0.0341
Palestine,Savanna fires,Emissions (CO2eq) (AR5),kilotonnes,0.4763,0.0502,0.0536,0,0,0.0368,0,0.0536,0,0,0.0268,0,0,0,0,0.1373,0.077,0,0,0.1373,0.0737
Palestine,Fires in organic soils,Emissions (CH4),kilotonnes,0,0,0,0,0,0,0,0,0,0,0,0,0,0,0,0,0,0,0,0,0
Palestine,Fires in organic soils,Emissions (CO2),kilotonnes,0,0,0,0,0,0,0,0,0,0,0,0,0,0,0,0,0,0,0,0,0
Palestine,Fires in organic soils,Emissions (CO2eq) from CH4 (AR5),kilotonnes,0,0,0,0,0,0,0,0,0,0,0,0,0,0,0,0,0,0,0,0,0
Palestine,Fires in organic soils,Emissions (CO2eq) (AR5),kilotonnes,0,0,0,0,0,0,0,0,0,0,0,0,0,0,0,0,0,0,0,0,0
Palestine,Forest fires,Emissions (CH4),kilotonnes,0,0,0,0,0,0,0,0,0,0,0,0,0,0,0,0,0,0,0,0,0
Palestine,Forest fires,Emissions (N2O),kilotonnes,0,0,0,0,0,0,0,0,0,0,0,0,0,0,0,0,0,0,0,0,0
Palestine,Forest fires,Emissions (CO2eq) from CH4 (AR5),kilotonnes,0,0,0,0,0,0,0,0,0,0,0,0,0,0,0,0,0,0,0,0,0
Palestine,Forest fires,Emissions (CO2eq) from N2O (AR5),kilotonnes,0,0,0,0,0,0,0,0,0,0,0,0,0,0,0,0,0,0,0,0,0
Palestine,Forest fires,Emissions (CO2eq) (AR5),kilotonnes,0,0,0,0,0,0,0,0,0,0,0,0,0,0,0,0,0,0,0,0,0
Palestine,Fires in humid tropical forests,Emissions (CH4),kilotonnes,0,0,0,0,0,0,0,0,0,0,0,0,0,0,0,0,0,0,0,0,0
Palestine,Fires in humid tropical forests,Emissions (N2O),kilotonnes,0,0,0,0,0,0,0,0,0,0,0,0,0,0,0,0,0,0,0,0,0
Palestine,Fires in humid tropical forests,Emissions (CO2eq) from CH4 (AR5),kilotonnes,0,0,0,0,0,0,0,0,0,0,0,0,0,0,0,0,0,0,0,0,0
Palestine,Fires in humid tropical forests,Emissions (CO2eq) from N2O (AR5),kilotonnes,0,0,0,0,0,0,0,0,0,0,0,0,0,0,0,0,0,0,0,0,0
Palestine,Fires in humid tropical forests,Emissions (CO2eq) (AR5),kilotonnes,0,0,0,0,0,0,0,0,0,0,0,0,0,0,0,0,0,0,0,0,0
Palestine,On-farm electricity use,Emissions (CH4),kilotonnes,0.0074,0.0087,0.0091,0.0094,0.0107,0.009,0.0112,0.0098,0.013,0.0138,0.0138,0.0061,0.0075,0.0448,0.0444,0.0473,0.0414,0.0396,0.0352,0.0334,0.0334
Palestine,On-farm electricity use,Emissions (N2O),kilotonnes,0.0001,0.0001,0.0001,0.0001,0.0001,0.0001,0.0001,0.0001,0.0001,0.0001,0.0001,0,0.0001,0.0003,0.0003,0.0002,0.0002,0.0002,0.0002,0.0002,0.0002
Palestine,On-farm electricity use,Emissions (CO2),kilotonnes,4.23,4.9258,5.1373,5.3294,6.0454,5.0428,6.1926,5.2954,7.3538,7.903,7.6796,3.437,4.2042,25.0755,24.8073,26.4165,23.1312,22.1255,19.7118,18.6926,18.6926
Palestine,On-farm electricity use,Emissions (CO2eq) from CH4 (AR5),kilotonnes,0.2072,0.2436,0.2548,0.2632,0.2996,0.252,0.3136,0.2744,0.364,0.3864,0.3864,0.1708,0.21,1.2544,1.2432,1.3244,1.1592,1.1088,0.9856,0.9352,0.9352
Palestine,On-farm electricity use,Emissions (CO2eq) from N2O (AR5),kilotonnes,0.0265,0.0265,0.0265,0.0265,0.0265,0.0265,0.0265,0.0265,0.0265,0.0265,0.0265,0,0.0265,0.0795,0.0795,0.053,0.053,0.053,0.053,0.053,0.053
Palestine,On-farm electricity use,Emissions (CO2eq) (AR5),kilotonnes,4.4637,5.1959,5.4186,5.6191,6.3715,5.3213,6.5327,5.5963,7.7443,8.3159,8.0925,3.6078,4.4407,26.4094,26.13,27.7939,24.3434,23.2873,20.7504,19.6808,19.6808
Palestine,Farm-gate emissions,Emissions (CH4),kilotonnes,5.7671,6.1796,7.2756,7.891,7.7935,7.7002,7.7787,7.1755,6.7549,6.2053,5.6536,6.8861,6.4828,6.4776,6.731,6.6128,6.0815,6.1506,6.3234,6.45,6.3044
Palestine,Farm-gate emissions,Direct emissions (N2O),kilotonnes,0.3606,0.3814,0.4294,0.4329,0.4176,0.4322,0.4163,0.3771,0.3605,0.3411,0.3132,0.3644,0.3339,0.3322,0.3447,0.335,0.3287,0.3247,0.3639,0.3713,0.3334
Palestine,Farm-gate emissions,Indirect emissions (N2O),kilotonnes,0.1196,0.1265,0.1446,0.1492,0.1452,0.1472,0.1436,0.1305,0.1237,0.1155,0.1037,0.1225,0.1145,0.1135,0.1159,0.1146,0.1136,0.1132,0.1227,0.1245,0.1155
Palestine,Farm-gate emissions,Emissions (N2O),kilotonnes,0.4949,0.5231,0.5887,0.5953,0.5771,0.5948,0.5739,0.52,0.4967,0.4694,0.4294,0.4965,0.4569,0.4628,0.4772,0.4681,0.4604,0.4516,0.5027,0.5116,0.4617
Palestine,Farm-gate emissions,Emissions (CO2),kilotonnes,6.6813,7.276,6.5035,7.5719,12.2381,10.6336,11.7172,10.7613,10.7613,11.3784,11.3784,28.1983,37.8632,43.031,39.8846,49.4459,43.9677,33.5359,29.2939,27.1758,27.1758
Palestine,Farm-gate emissions,Emissions (CO2eq) from CH4 (AR5),kilotonnes,161.4791,173.0282,203.7172,220.9472,218.2167,215.6043,217.8043,200.9147,189.1375,173.7473,158.301,192.8101,181.5191,181.3734,188.469,185.1572,170.2816,172.2156,177.0544,180.5998,176.5241
Palestine,Farm-gate emissions,Emissions (CO2eq) from N2O (AR5),kilotonnes,131.1364,138.612,156.0021,157.7432,152.9307,157.6146,152.0764,137.7954,131.638,124.3993,113.7975,131.5771,121.0704,122.6451,126.4519,124.0452,122.0028,119.6855,133.2264,135.5819,122.3402
Palestine,Farm-gate emissions,Emissions (CO2eq) (AR5),kilotonnes,299.2968,318.9162,366.2228,386.2624,383.3855,383.8525,381.5979,349.4713,331.5368,309.525,283.4769,352.5854,340.4527,347.0495,354.8054,358.6484,336.2521,325.437,339.5747,343.3574,326.0401
Palestine,Land Use change,Emissions (CH4),kilotonnes,0,0,0,0,0,0,0,0,0,0,0,0,0,0,0,0,0,0,0,0,0
Palestine,Land Use change,Emissions (N2O),kilotonnes,0,0,0,0,0,0,0,0,0,0,0,0,0,0,0,0,0,0,0,0,0
Palestine,Land Use change,Emissions (CO2),kilotonnes,0,0,0,0,0,0,0,0,0,0,0,0,0,0,0,0,0,0,0,0,0
Palestine,Land Use change,Emissions (CO2eq) from CH4 (AR5),kilotonnes,0,0,0,0,0,0,0,0,0,0,0,0,0,0,0,0,0,0,0,0,0
Palestine,Land Use change,Emissions (CO2eq) from N2O (AR5),kilotonnes,0,0,0,0,0,0,0,0,0,0,0,0,0,0,0,0,0,0,0,0,0
Palestine,Land Use change,Emissions (CO2eq) (AR5),kilotonnes,0,0,0,0,0,0,0,0,0,0,0,0,0,0,0,0,0,0,0,0,0
Palestine,Emissions on agricultural land,Emissions (CH4),kilotonnes,5.7671,6.1796,7.2756,7.891,7.7935,7.7002,7.7787,7.1755,6.7549,6.2053,5.6536,6.8861,6.4828,6.4776,6.731,6.6128,6.0815,6.1506,6.3234,6.45,6.3044
Palestine,Emissions on agricultural land,Emissions (N2O),kilotonnes,0.4949,0.5231,0.5887,0.5953,0.5771,0.5948,0.5739,0.52,0.4967,0.4694,0.4294,0.4965,0.4569,0.4628,0.4772,0.4681,0.4604,0.4516,0.5027,0.5116,0.4617
Palestine,Emissions on agricultural land,Emissions (CO2),kilotonnes,6.6813,7.276,6.5035,7.5719,12.2381,10.6336,11.7172,10.7613,10.7613,11.3784,11.3784,28.1983,37.8632,43.031,39.8846,49.4459,43.9677,33.5359,29.2939,27.1758,27.1758
Palestine,Emissions on agricultural land,Emissions (CO2eq) from CH4 (AR5),kilotonnes,161.4791,173.0282,203.7172,220.9472,218.2167,215.6043,217.8043,200.9147,189.1375,173.7473,158.301,192.8101,181.5191,181.3734,188.469,185.1572,170.2816,172.2156,177.0544,180.5998,176.5241
Palestine,Emissions on agricultural land,Emissions (CO2eq) from N2O (AR5),kilotonnes,131.1364,138.612,156.0021,157.7432,152.9307,157.6146,152.0764,137.7954,131.638,124.3993,113.7975,131.5771,121.0704,122.6451,126.4519,124.0452,122.0028,119.6855,133.2264,135.5819,122.3402
Palestine,Emissions on agricultural land,Emissions (CO2eq) (AR5),kilotonnes,299.2968,318.9162,366.2228,386.2624,383.3855,383.8525,381.5979,349.4713,331.5368,309.525,283.4769,352.5854,340.4527,347.0495,354.8054,358.6484,336.2521,325.437,339.5747,343.3574,326.0401
Palestine,Pre- and post- production,Emissions (CH4),kilotonnes,0.0074,0.0087,0.0091,0.0094,0.0107,0.009,0.0112,0.0098,0.013,0.0138,0.0138,0.0061,0.0075,0.0448,0.0444,0.0473,0.0414,0.0396,0.0352,0.0334,0.0334
Palestine,Pre- and post- production,Emissions (N2O),kilotonnes,0.0001,0.0001,0.0001,0.0001,0.0001,0.0001,0.0001,0.0001,0.0001,0.0001,0.0001,0,0.0001,0.0003,0.0003,0.0002,0.0002,0.0002,0.0002,0.0002,0.0002
Palestine,Pre- and post- production,Emissions (CO2),kilotonnes,4.23,4.9258,5.1373,5.3294,6.0454,5.0428,6.1926,5.2954,7.3538,7.903,7.6796,3.437,4.2042,25.0755,24.8073,26.4165,23.1312,22.1255,19.7118,18.6926,18.6926
Palestine,Pre- and post- production,Emissions (CO2eq) from CH4 (AR5),kilotonnes,0.2072,0.2436,0.2548,0.2632,0.2996,0.252,0.3136,0.2744,0.364,0.3864,0.3864,0.1708,0.21,1.2544,1.2432,1.3244,1.1592,1.1088,0.9856,0.9352,0.9352
Palestine,Pre- and post- production,Emissions (CO2eq) from N2O (AR5),kilotonnes,0.0265,0.0265,0.0265,0.0265,0.0265,0.0265,0.0265,0.0265,0.0265,0.0265,0.0265,0,0.0265,0.0795,0.0795,0.053,0.053,0.053,0.053,0.053,0.053
Palestine,Pre- and post- production,Emissions (CO2eq) (AR5),kilotonnes,4.4637,5.1959,5.4186,5.6191,6.3715,5.3213,6.5327,5.5963,7.7443,8.3159,8.0925,3.6078,4.4407,26.4094,26.13,27.7939,24.3434,23.2873,20.7504,19.6808,19.6808
Palestine,Agri-food systems,Emissions (CH4),kilotonnes,5.7745,6.1883,7.2847,7.9004,7.8042,7.7092,7.7899,7.1853,6.7679,6.2191,5.6674,6.8922,6.4903,6.5224,6.7754,6.6601,6.1229,6.1902,6.3586,6.4834,6.3378
Palestine,Agri-food systems,Emissions (N2O),kilotonnes,0.495,0.5232,0.5888,0.5954,0.5772,0.5949,0.574,0.5201,0.4968,0.4695,0.4295,0.4965,0.457,0.4631,0.4775,0.4683,0.4606,0.4518,0.5029,0.5118,0.4619
Palestine,Agri-food systems,Emissions (CO2),kilotonnes,10.9113,12.2018,11.6408,12.9013,18.2835,15.6764,17.9098,16.0567,18.1151,19.2814,19.058,31.6353,42.0674,68.1065,64.6919,75.8624,67.0989,55.6614,49.0057,45.8684,45.8684
Palestine,Agri-food systems,Emissions (CO2eq) from CH4 (AR5),kilotonnes,161.6863,173.2718,203.972,221.2104,218.5163,215.8563,218.1179,201.1891,189.5015,174.1337,158.6874,192.9809,181.7291,182.6278,189.7122,186.4816,171.4408,173.3244,178.04,181.535,177.4593
Palestine,Agri-food systems,Emissions (CO2eq) from N2O (AR5),kilotonnes,131.1629,138.6385,156.0286,157.7697,152.9572,157.6411,152.1029,137.8219,131.6645,124.4258,113.824,131.5771,121.0969,122.7246,126.5314,124.0982,122.0558,119.7385,133.2794,135.6349,122.3932
Palestine,Agri-food systems,Emissions (CO2eq) (AR5),kilotonnes,303.7605,324.1121,371.6414,391.8815,389.757,389.1738,388.1306,355.0676,339.2811,317.8409,291.5694,356.1932,344.8934,373.4589,380.9354,386.4423,360.5955,348.7243,360.3251,363.0382,345.7209
Palestine,IPCC Agriculture,Emissions (CH4),kilotonnes,5.7662,6.1787,7.2747,7.8899,7.7924,7.6992,7.7777,7.1746,6.7539,6.2043,5.6526,6.8799,6.4723,6.4636,6.7181,6.5969,6.0673,6.1376,6.313,6.4401,6.2946
Palestine,IPCC Agriculture,Direct emissions (N2O),kilotonnes,0.3606,0.3814,0.4294,0.4329,0.4176,0.4322,0.4163,0.3771,0.3605,0.3411,0.3132,0.3644,0.3339,0.3322,0.3447,0.335,0.3287,0.3247,0.3639,0.3713,0.3334
Palestine,IPCC Agriculture,Indirect emissions (N2O),kilotonnes,0.1196,0.1265,0.1446,0.1492,0.1452,0.1472,0.1436,0.1305,0.1237,0.1155,0.1037,0.1225,0.1145,0.1135,0.1159,0.1146,0.1136,0.1132,0.1227,0.1245,0.1155
Palestine,IPCC Agriculture,Emissions (N2O),kilotonnes,0.4928,0.5208,0.5867,0.593,0.5728,0.5911,0.5698,0.5163,0.493,0.4656,0.4256,0.4961,0.4562,0.453,0.4683,0.457,0.4507,0.4457,0.4975,0.5071,0.4571
Palestine,IPCC Agriculture,Emissions (CO2eq) from CH4 (AR5),kilotonnes,161.4524,173.004,203.6917,220.9174,218.1875,215.5777,217.7759,200.8878,189.1106,173.7193,158.273,192.637,181.2231,180.9796,188.1073,184.7128,169.8834,171.8528,176.7641,180.3237,176.2481
Palestine,IPCC Agriculture,Emissions (CO2eq) from N2O (AR5),kilotonnes,130.5811,137.999,155.488,157.1435,151.7874,156.6343,150.9983,136.8149,130.6576,123.3862,112.7844,131.4737,120.9061,120.0525,124.093,121.1146,119.4397,118.1048,131.8247,134.3716,121.1299
Palestine,IPCC Agriculture,Emissions (CO2eq) (AR5),kilotonnes,292.0335,311.003,359.1797,378.0609,369.9749,372.2119,368.7741,337.7027,319.7682,297.1055,271.0573,324.1107,302.1292,301.0321,312.2002,305.8275,289.323,289.9576,308.5887,314.6954,297.378
Palestine,Agricultural Soils,Direct emissions (N2O),kilotonnes,0.3606,0.3814,0.4294,0.4329,0.4176,0.4322,0.4163,0.3771,0.3605,0.3411,0.3132,0.3644,0.3339,0.3322,0.3447,0.335,0.3287,0.3247,0.3639,0.3713,0.3334
Palestine,Agricultural Soils,Indirect emissions (N2O),kilotonnes,0.1196,0.1265,0.1446,0.1492,0.1452,0.1472,0.1436,0.1305,0.1237,0.1155,0.1037,0.1225,0.1145,0.1135,0.1159,0.1146,0.1136,0.1132,0.1227,0.1245,0.1155
Palestine,Agricultural Soils,Emissions (N2O),kilotonnes,0.4801,0.5079,0.574,0.5821,0.5628,0.5794,0.5598,0.5076,0.4842,0.4566,0.4169,0.4869,0.4484,0.4458,0.4606,0.4496,0.4423,0.4379,0.4866,0.4957,0.4489
Palestine,Agricultural Soils,Emissions (CO2eq) from N2O (AR5),kilotonnes,127.2392,134.6031,152.0992,154.2482,149.1454,153.5423,148.3546,134.5183,128.3193,120.9952,110.4727,129.016,118.8392,118.1257,122.072,119.1473,117.2077,116.0404,128.9609,131.3731,118.9604
Palestine,Agricultural Soils,Emissions (CO2eq) (AR5),kilotonnes,127.2392,134.6031,152.0992,154.2482,149.1454,153.5423,148.3546,134.5183,128.3193,120.9952,110.4727,129.016,118.8392,118.1257,122.072,119.1473,117.2077,116.0404,128.9609,131.3731,118.9604
Palestine,LULUCF,Emissions (CH4),kilotonnes,0,0,0,0,0,0,0,0,0,0,0,0,0,0,0,0,0,0,0,0,0
Palestine,LULUCF,Emissions (N2O),kilotonnes,0,0,0,0,0,0,0,0,0,0,0,0,0,0,0,0,0,0,0,0,0
Palestine,LULUCF,Emissions (CO2),kilotonnes,0,0,0,0,0,0,0,0,0,0,0,0,0,0,0,0,0,0,0,0,0
Palestine,LULUCF,Emissions (CO2eq) from CH4 (AR5),kilotonnes,0,0,0,0,0,0,0,0,0,0,0,0,0,0,0,0,0,0,0,0,0
Palestine,LULUCF,Emissions (CO2eq) from N2O (AR5),kilotonnes,0,0,0,0,0,0,0,0,0,0,0,0,0,0,0,0,0,0,0,0,0
Palestine,LULUCF,Emissions (CO2eq) (AR5),kilotonnes,0,0,0,0,0,0,0,0,0,0,0,0,0,0,0,0,0,0,0,0,0
Palestine,AFOLU,Emissions (CH4),kilotonnes,5.7662,6.1787,7.2747,7.8899,7.7924,7.6992,7.7777,7.1746,6.7539,6.2043,5.6526,6.8799,6.4723,6.4636,6.7181,6.5969,6.0673,6.1376,6.313,6.4401,6.2946
Palestine,AFOLU,Emissions (N2O),kilotonnes,0.4928,0.5208,0.5867,0.593,0.5728,0.5911,0.5698,0.5163,0.493,0.4656,0.4256,0.4961,0.4562,0.453,0.4683,0.457,0.4507,0.4457,0.4975,0.5071,0.4571
Palestine,AFOLU,Emissions (CO2),kilotonnes,0,0,0,0,0,0,0,0,0,0,0,0,0,0,0,0,0,0,0,0,0
Palestine,AFOLU,Emissions (CO2eq) from CH4 (AR5),kilotonnes,161.4524,173.004,203.6917,220.9174,218.1875,215.5777,217.7759,200.8878,189.1106,173.7193,158.273,192.637,181.2231,180.9796,188.1073,184.7128,169.8834,171.8528,176.7641,180.3237,176.2481
Palestine,AFOLU,Emissions (CO2eq) from N2O (AR5),kilotonnes,130.5811,137.999,155.488,157.1435,151.7874,156.6343,150.9983,136.8149,130.6576,123.3862,112.7844,131.4737,120.9061,120.0525,124.093,121.1146,119.4397,118.1048,131.8247,134.3716,121.1299
Palestine,AFOLU,Emissions (CO2eq) (AR5),kilotonnes,292.0335,311.003,359.1797,378.0609,369.9749,372.2119,368.7741,337.7027,319.7682,297.1055,271.0573,324.1107,302.1292,301.0321,312.2002,305.8275,289.323,289.9576,308.5887,314.6954,297.378
Palestine,All sectors with LULUCF,Emissions (CH4),kilotonnes,5.7662,6.1787,7.2747,7.8899,7.7924,7.6992,7.7777,7.1746,6.7539,6.2043,5.6526,6.8799,6.4723,6.4636,6.7181,6.5969,6.0673,6.1376,6.313,6.4401,6.2946
Palestine,All sectors with LULUCF,Emissions (N2O),kilotonnes,0.4928,0.5208,0.5867,0.593,0.5728,0.5911,0.5698,0.5163,0.493,0.4656,0.4256,0.4961,0.4562,0.453,0.4683,0.457,0.4507,0.4457,0.4975,0.5071,0.4571
Palestine,All sectors with LULUCF,Emissions (CO2),kilotonnes,0,0,0,0,0,0,0,0,0,0,0,0,0,0,0,0,0,0,0,0,0
Palestine,All sectors with LULUCF,Emissions (CO2eq) from CH4 (AR5),kilotonnes,161.4524,173.004,203.6917,220.9174,218.1875,215.5777,217.7759,200.8878,189.1106,173.7193,158.273,192.637,181.2231,180.9796,188.1073,184.7128,169.8834,171.8528,176.7641,180.3237,176.2481
Palestine,All sectors with LULUCF,Emissions (CO2eq) from N2O (AR5),kilotonnes,130.5811,137.999,155.488,157.1435,151.7874,156.6343,150.9983,136.8149,130.6576,123.3862,112.7844,131.4737,120.9061,120.0525,124.093,121.1146,119.4397,118.1048,131.8247,134.3716,121.1299
Palestine,All sectors with LULUCF,Emissions (CO2eq) (AR5),kilotonnes,292.0335,311.003,359.1797,378.0609,369.9749,372.2119,368.7741,337.7027,319.7682,297.1055,271.0573,324.1107,302.1292,301.0321,312.2002,305.8275,289.323,289.9576,308.5887,314.6954,297.378
Palestine,All sectors without LULUCF,Emissions (CH4),kilotonnes,5.7662,6.1787,7.2747,7.8899,7.7924,7.6992,7.7777,7.1746,6.7539,6.2043,5.6526,6.8799,6.4723,6.4636,6.7181,6.5969,6.0673,6.1376,6.313,6.4401,6.2946
Palestine,All sectors without LULUCF,Emissions (N2O),kilotonnes,0.4928,0.5208,0.5867,0.593,0.5728,0.5911,0.5698,0.5163,0.493,0.4656,0.4256,0.4961,0.4562,0.453,0.4683,0.457,0.4507,0.4457,0.4975,0.5071,0.4571
Palestine,All sectors without LULUCF,Emissions (CO2eq) from CH4 (AR5),kilotonnes,161.4524,173.004,203.6917,220.9174,218.1875,215.5777,217.7759,200.8878,189.1106,173.7193,158.273,192.637,181.2231,180.9796,188.1073,184.7128,169.8834,171.8528,176.7641,180.3237,176.2481
Palestine,All sectors without LULUCF,Emissions (CO2eq) from N2O (AR5),kilotonnes,130.5811,137.999,155.488,157.1435,151.7874,156.6343,150.9983,136.8149,130.6576,123.3862,112.7844,131.4737,120.9061,120.0525,124.093,121.1146,119.4397,118.1048,131.8247,134.3716,121.1299
Palestine,All sectors without LULUCF,Emissions (CO2eq) (AR5),kilotonnes,292.0335,311.003,359.1797,378.0609,369.9749,372.2119,368.7741,337.7027,319.7682,297.1055,271.0573,324.1107,302.1292,301.0321,312.2002,305.8275,289.323,289.9576,308.5887,314.6954,297.378
Panama,Crop Residues,Direct emissions (N2O),kilotonnes,0.0753,0.0886,0.0934,0.1042,0.0871,0.081,0.0849,0.0814,0.0837,0.0826,0.0787,0.0842,0.0769,0.0849,0.0775,0.0817,0.0882,0.0863,0.0925,0.0955,0.1001
Panama,Crop Residues,Indirect emissions (N2O),kilotonnes,0.0169,0.0199,0.021,0.0235,0.0196,0.0182,0.0191,0.0183,0.0188,0.0186,0.0177,0.019,0.0173,0.0191,0.0174,0.0184,0.0199,0.0194,0.0208,0.0215,0.0225
Panama,Crop Residues,Emissions (N2O),kilotonnes,0.0922,0.1086,0.1145,0.1277,0.1067,0.0993,0.104,0.0997,0.1025,0.1012,0.0965,0.1032,0.0941,0.104,0.0949,0.1001,0.1081,0.1058,0.1133,0.117,0.1227
Panama,Crop Residues,Emissions (CO2eq) from N2O (AR5),kilotonnes,24.4441,28.7682,30.3322,33.8362,28.2822,26.3087,27.5682,26.4115,27.163,26.815,25.5637,27.3417,24.9475,27.5694,25.15,26.5308,28.648,28.0252,30.0154,31.011,32.5085
Panama,Crop Residues,Emissions (CO2eq) (AR5),kilotonnes,24.4441,28.7682,30.3322,33.8362,28.2822,26.3087,27.5682,26.4115,27.163,26.815,25.5637,27.3417,24.9475,27.5694,25.15,26.5308,28.648,28.0252,30.0154,31.011,32.5085
Panama,Rice Cultivation,Emissions (CH4),kilotonnes,1.3345,1.4935,1.6138,1.7242,1.6134,1.3394,1.533,1.393,1.4091,1.4049,1.4735,1.3814,1.2086,1.3027,1.0951,1.2933,1.2778,1.3048,1.3223,1.36,1.3982
Panama,Rice Cultivation,Emissions (CO2eq) from CH4 (AR5),kilotonnes,37.3662,41.8186,45.1858,48.2787,45.1741,37.5026,42.924,39.004,39.4548,39.3372,41.2584,38.6786,33.8414,36.4756,30.6622,36.213,35.7778,36.5344,37.0244,38.0789,39.149
Panama,Rice Cultivation,Emissions (CO2eq) (AR5),kilotonnes,37.3662,41.8186,45.1858,48.2787,45.1741,37.5026,42.924,39.004,39.4548,39.3372,41.2584,38.6786,33.8414,36.4756,30.6622,36.213,35.7778,36.5344,37.0244,38.0789,39.149
Panama,Burning - Crop residues,Emissions (CH4),kilotonnes,0.3359,0.3689,0.3643,0.4039,0.3911,0.3479,0.3587,0.3283,0.3277,0.336,0.3421,0.3579,0.3493,0.3559,0.3315,0.3822,0.3614,0.3499,0.3538,0.3537,0.3645
Panama,Burning - Crop residues,Emissions (CH4),kilotonnes,0.85,,,,,,,,,,,,,,,,,,,,
Panama,Burning - Crop residues,Emissions (N2O),kilotonnes,0.0087,0.0096,0.0094,0.0105,0.0101,0.009,0.0093,0.0085,0.0085,0.0087,0.0089,0.0093,0.0091,0.0092,0.0086,0.0099,0.0094,0.0091,0.0092,0.0092,0.0094
Panama,Burning - Crop residues,Emissions (N2O),kilotonnes,0.01,,,,,,,,,,,,,,,,,,,,
Panama,Burning - Crop residues,Emissions (CO2eq) from CH4 (AR5),kilotonnes,9.405,10.3303,10.2004,11.3079,10.9504,9.7406,10.0441,9.1933,9.1766,9.4076,9.58,10.0201,9.78,9.9642,9.2819,10.7015,10.1187,9.7977,9.907,9.9031,10.2048
Panama,Burning - Crop residues,Emissions (CO2eq) from CH4 (AR5),kilotonnes,23.8,,,,,,,,,,,,,,,,,,,,
Panama,Burning - Crop residues,Emissions (CO2eq) from N2O (AR5),kilotonnes,2.3077,2.5348,2.5029,2.7746,2.6869,2.3901,2.4645,2.2558,2.2517,2.3083,2.3506,2.4586,2.3997,2.4449,2.2775,2.6258,2.4828,2.4041,2.4309,2.4299,2.504
Panama,Burning - Crop residues,Emissions (CO2eq) from N2O (AR5),kilotonnes,2.65,,,,,,,,,,,,,,,,,,,,
Panama,Burning - Crop residues,Emissions (CO2eq) (AR5),kilotonnes,11.7127,12.8651,12.7033,14.0825,13.6373,12.1307,12.5086,11.4491,11.4283,11.7159,11.9306,12.4787,12.1797,12.4091,11.5594,13.3273,12.6015,12.2017,12.3378,12.333,12.7087
Panama,Burning - Crop residues,Emissions (CO2eq) (AR5),kilotonnes,26.45,,,,,,,,,,,,,,,,,,,,
Panama,Enteric Fermentation,Emissions (CH4),kilotonnes,80.6561,90.8994,91.288,89.3364,88.2307,92.8942,92.6329,90.8572,95.243,96.241,97.3957,102.2008,101.9568,101.7635,96.4446,91.061,91.9111,90.1382,92.119,88.7034,89.1008
Panama,Enteric Fermentation,Emissions (CH4),kilotonnes,81.24,,,,,,,,,,,,,,,,,,,,
Panama,Enteric Fermentation,Emissions (CO2eq) from CH4 (AR5),kilotonnes,2258.3708,2545.184,2556.0647,2501.4199,2470.4603,2601.0383,2593.7219,2544.0023,2666.8047,2694.7487,2727.0803,2861.6238,2854.7918,2849.3768,2700.4484,2549.7086,2573.5095,2523.8685,2579.3328,2483.6947,2494.8234
Panama,Enteric Fermentation,Emissions (CO2eq) from CH4 (AR5),kilotonnes,2274.72,,,,,,,,,,,,,,,,,,,,
Panama,Enteric Fermentation,Emissions (CO2eq) (AR5),kilotonnes,2258.3708,2545.184,2556.0647,2501.4199,2470.4603,2601.0383,2593.7219,2544.0023,2666.8047,2694.7487,2727.0803,2861.6238,2854.7918,2849.3768,2700.4484,2549.7086,2573.5095,2523.8685,2579.3328,2483.6947,2494.8234
Panama,Enteric Fermentation,Emissions (CO2eq) (AR5),kilotonnes,2274.72,,,,,,,,,,,,,,,,,,,,
Panama,Manure Management,Emissions (CH4),kilotonnes,2.2684,2.4462,2.464,2.4186,2.3958,2.4699,2.4493,2.4755,2.5867,2.5246,2.5561,2.7159,2.7448,2.7573,2.7288,2.6719,2.7173,2.7301,2.7445,2.7073,2.6736
Panama,Manure Management,Emissions (CH4),kilotonnes,3,,,,,,,,,,,,,,,,,,,,
Panama,Manure Management,Emissions (N2O),kilotonnes,0.1171,0.1272,0.1249,0.1254,0.1218,0.1214,0.1189,0.1341,0.137,0.1227,0.1262,0.1414,0.1448,0.1464,0.1518,0.158,0.1653,0.1709,0.164,0.1632,0.1615
Panama,Manure Management,Emissions (N2O),kilotonnes,0.05,,,,,,,,,,,,,,,,,,,,
Panama,Manure Management,Emissions (CO2eq) from CH4 (AR5),kilotonnes,63.5139,68.494,68.9907,67.722,67.0834,69.1585,68.5816,69.3151,72.4277,70.6878,71.5703,76.0451,76.8549,77.2051,76.405,74.8125,76.0837,76.4421,76.8452,75.8033,74.8621
Panama,Manure Management,Emissions (CO2eq) from CH4 (AR5),kilotonnes,84,,,,,,,,,,,,,,,,,,,,
Panama,Manure Management,Emissions (CO2eq) from N2O (AR5),kilotonnes,31.0436,33.718,33.094,33.239,32.2678,32.1637,31.4987,35.5393,36.3006,32.5245,33.4462,37.4707,38.3662,38.8027,40.229,41.8794,43.7928,45.2896,43.4732,43.2558,42.7964
Panama,Manure Management,Emissions (CO2eq) from N2O (AR5),kilotonnes,13.25,,,,,,,,,,,,,,,,,,,,
Panama,Manure Management,Emissions (CO2eq) (AR5),kilotonnes,94.5575,102.212,102.0847,100.961,99.3512,101.3222,100.0803,104.8544,108.7283,103.2123,105.0165,113.5158,115.2211,116.0078,116.634,116.6919,119.8766,121.7318,120.3184,119.0591,117.6585
Panama,Manure Management,Emissions (CO2eq) (AR5),kilotonnes,97.25,,,,,,,,,,,,,,,,,,,,
Panama,Manure left on Pasture,Direct emissions (N2O),kilotonnes,1.7888,2.0113,2.0175,1.9664,1.9483,2.052,2.0474,1.9965,2.0983,2.1071,2.1305,2.2451,2.2449,2.2578,2.1593,2.0481,2.0674,2.037,2.0843,2.0214,2.0168
Panama,Manure left on Pasture,Indirect emissions (N2O),kilotonnes,0.4019,0.4457,0.4495,0.4382,0.4338,0.4553,0.454,0.4425,0.4637,0.4649,0.4692,0.4928,0.4928,0.4956,0.4748,0.4506,0.455,0.4486,0.4585,0.4452,0.4442
Panama,Manure left on Pasture,Emissions (N2O),kilotonnes,2.1908,2.457,2.4671,2.4046,2.3822,2.5074,2.5014,2.439,2.562,2.572,2.5997,2.7378,2.7377,2.7533,2.6341,2.4987,2.5224,2.4856,2.5428,2.4666,2.461
Panama,Manure left on Pasture,Emissions (CO2eq) from N2O (AR5),kilotonnes,580.5517,651.1102,653.7746,637.216,631.2721,664.4526,662.8627,646.3447,678.9217,681.5739,688.9199,725.5241,725.4982,729.6337,698.0304,662.1613,668.4288,658.671,673.83,653.6619,652.176
Panama,Manure left on Pasture,Emissions (CO2eq) (AR5),kilotonnes,580.5517,651.1102,653.7746,637.216,631.2721,664.4526,662.8627,646.3447,678.9217,681.5739,688.9199,725.5241,725.4982,729.6337,698.0304,662.1613,668.4288,658.671,673.83,653.6619,652.176
Panama,Manure applied to Soils,Direct emissions (N2O),kilotonnes,0.1978,0.2058,0.2072,0.2057,0.2054,0.2069,0.2039,0.2247,0.2366,0.2266,0.236,0.2494,0.2592,0.2428,0.2495,0.2526,0.2593,0.2657,0.2638,0.2648,0.2584
Panama,Manure applied to Soils,Indirect emissions (N2O),kilotonnes,0.0841,0.0875,0.0881,0.0874,0.0873,0.0879,0.0867,0.0955,0.1006,0.0963,0.1003,0.106,0.1101,0.1032,0.106,0.1074,0.1102,0.1129,0.1121,0.1125,0.1098
Panama,Manure applied to Soils,Emissions (N2O),kilotonnes,0.2819,0.2933,0.2953,0.2932,0.2927,0.2948,0.2906,0.3202,0.3372,0.323,0.3363,0.3554,0.3693,0.3459,0.3555,0.36,0.3695,0.3787,0.376,0.3773,0.3682
Panama,Manure applied to Soils,Emissions (CO2eq) from N2O (AR5),kilotonnes,74.6946,77.7317,78.2584,77.6908,77.5568,78.1239,77.0075,84.8461,89.3599,85.5881,89.1325,94.1843,97.8694,91.6698,94.2054,95.3893,97.9277,100.3474,99.6297,99.9969,97.5697
Panama,Manure applied to Soils,Emissions (CO2eq) (AR5),kilotonnes,74.6946,77.7317,78.2584,77.6908,77.5568,78.1239,77.0075,84.8461,89.3599,85.5881,89.1325,94.1843,97.8694,91.6698,94.2054,95.3893,97.9277,100.3474,99.6297,99.9969,97.5697
Panama,Synthetic Fertilizers,Direct emissions (N2O),kilotonnes,0.2404,0.2514,0.2384,0.2769,0.2394,0.2454,0.2779,0.228,0.2428,0.2718,0.3394,0.2068,0.3569,0.4193,0.2507,0.2512,0.15,0.1886,0.1826,0.1771,0.2811
Panama,Synthetic Fertilizers,Indirect emissions (N2O),kilotonnes,0.0781,0.0817,0.0775,0.09,0.0778,0.0798,0.0903,0.0741,0.0789,0.0883,0.1103,0.0672,0.116,0.1363,0.0815,0.0816,0.0487,0.0613,0.0593,0.0576,0.0913
Panama,Synthetic Fertilizers,Emissions (N2O),kilotonnes,0.3185,0.3331,0.3159,0.3669,0.3172,0.3252,0.3682,0.302,0.3218,0.3601,0.4498,0.274,0.4729,0.5555,0.3322,0.3328,0.1987,0.2499,0.2419,0.2346,0.3724
Panama,Synthetic Fertilizers,Emissions (CO2eq) from N2O (AR5),kilotonnes,84.4039,88.2829,83.7087,97.2325,84.0508,86.1751,97.5636,80.0394,85.2647,95.4338,119.1874,72.6016,125.3301,147.2197,88.0286,88.1997,52.6687,66.2235,64.1033,62.1805,98.6913
Panama,Synthetic Fertilizers,Emissions (CO2eq) (AR5),kilotonnes,84.4039,88.2829,83.7087,97.2325,84.0508,86.1751,97.5636,80.0394,85.2647,95.4338,119.1874,72.6016,125.3301,147.2197,88.0286,88.1997,52.6687,66.2235,64.1033,62.1805,98.6913
Panama,Drained organic soils,Emissions (CO2eq) (AR5),kilotonnes,709.3559,709.3559,708.4639,708.4639,708.4639,708.4639,706.8293,705.9381,705.9381,704.4144,703.5224,703.5224,703.8801,703.8801,703.8801,703.8801,703.8801,703.8801,703.8801,702.1531,702.1531
Panama,Drained organic soils (CO2),Emissions (CO2),kilotonnes,680.7975,680.7975,679.9408,679.9408,679.9408,679.9408,678.3716,677.5156,677.5156,676.0625,675.2058,675.2058,675.5512,675.5512,675.5512,675.5512,675.5512,675.5512,675.5512,673.9482,673.9482
Panama,Drained organic soils (CO2),Emissions (CO2eq) (AR5),kilotonnes,680.7975,680.7975,679.9408,679.9408,679.9408,679.9408,678.3716,677.5156,677.5156,676.0625,675.2058,675.2058,675.5512,675.5512,675.5512,675.5512,675.5512,675.5512,675.5512,673.9482,673.9482
Panama,Drained organic soils (N2O),Emissions (N2O),kilotonnes,0.1078,0.1078,0.1076,0.1076,0.1076,0.1076,0.1074,0.1073,0.1073,0.107,0.1069,0.1069,0.1069,0.1069,0.1069,0.1069,0.1069,0.1069,0.1069,0.1064,0.1064
Panama,Drained organic soils (N2O),Emissions (CO2eq) from N2O (AR5),kilotonnes,28.5584,28.5584,28.5231,28.5231,28.5231,28.5231,28.4578,28.4225,28.4225,28.3519,28.3166,28.3166,28.3289,28.3289,28.3289,28.3289,28.3289,28.3289,28.3289,28.205,28.205
Panama,Drained organic soils (N2O),Emissions (CO2eq) (AR5),kilotonnes,28.5584,28.5584,28.5231,28.5231,28.5231,28.5231,28.4578,28.4225,28.4225,28.3519,28.3166,28.3166,28.3289,28.3289,28.3289,28.3289,28.3289,28.3289,28.3289,28.205,28.205
Panama,On-farm energy use,Emissions (CH4),kilotonnes,0.0651,0.0623,0.0426,0.0417,0.0367,0.0342,0.0325,0.0242,0.0225,0.0194,0.0128,0.0092,0.0077,0.0055,0.0059,0.0066,0.0064,0.0081,0.0069,0.0071,0.0071
Panama,On-farm energy use,Emissions (N2O),kilotonnes,0.0237,0.0242,0.025,0.0385,0.0262,0.025,0.0287,0.0114,0.0126,0.0126,0.0162,0.0149,0.0174,0.0198,0.0235,0.0262,0.0204,0.0158,0.0149,0.0131,0.0131
Panama,On-farm energy use,Emissions (CO2),kilotonnes,119.8784,130.693,97.693,134.2901,98.1164,103.4013,117.2993,48.3727,61.3606,60.839,63.1353,56.7917,62.7012,67.2004,75.8265,82.9784,69.3919,64.564,60.0297,56.8704,56.8704
Panama,On-farm energy use,Emissions (CO2eq) from CH4 (AR5),kilotonnes,1.823,1.7454,1.1929,1.1685,1.0276,0.9571,0.9103,0.678,0.6307,0.5439,0.3585,0.2573,0.2151,0.1534,0.166,0.1841,0.1781,0.2259,0.1936,0.1991,0.1991
Panama,On-farm energy use,Emissions (CO2eq) from N2O (AR5),kilotonnes,6.2791,6.4088,6.6304,10.2143,6.9481,6.6348,7.6184,3.0083,3.3498,3.3477,4.291,3.9576,4.607,5.2413,6.2179,6.9351,5.4112,4.1961,3.9361,3.4797,3.4797
Panama,On-farm energy use,Emissions (CO2eq) (AR5),kilotonnes,127.9805,138.8472,105.5162,145.6729,106.0921,110.9932,125.828,52.059,65.3411,64.7307,67.7849,61.0067,67.5233,72.5951,82.2104,90.0976,74.9813,68.986,64.1594,60.5492,60.5492
Panama,Forestland,Emissions (CO2),kilotonnes,-677.0775,-718.7917,-718.7917,-718.7917,-718.7917,-718.7917,-718.7917,-718.7917,-718.7917,-718.7917,-718.7917,-341.8074,-341.8074,-341.8074,-341.8074,-341.8074,-271.4536,-271.4536,-271.4536,-271.4536,-271.4536
Panama,Forestland,Emissions (CO2eq) (AR5),kilotonnes,-677.0775,-718.7917,-718.7917,-718.7917,-718.7917,-718.7917,-718.7917,-718.7917,-718.7917,-718.7917,-718.7917,-341.8074,-341.8074,-341.8074,-341.8074,-341.8074,-271.4536,-271.4536,-271.4536,-271.4536,-271.4536
Panama,Net Forest conversion,Emissions (CO2),kilotonnes,5821.6213,4272.2812,4272.2812,4272.2812,4272.2812,4272.2812,4272.2812,4272.2812,4272.2812,4272.2812,4272.2812,3895.6082,3895.6082,3895.6082,3895.6082,3895.6082,3824.6318,3824.6318,3824.6318,3824.6318,3824.6318
Panama,Net Forest conversion,Emissions (CO2eq) (AR5),kilotonnes,5821.6213,4272.2812,4272.2812,4272.2812,4272.2812,4272.2812,4272.2812,4272.2812,4272.2812,4272.2812,4272.2812,3895.6082,3895.6082,3895.6082,3895.6082,3895.6082,3824.6318,3824.6318,3824.6318,3824.6318,3824.6318
Panama,Savanna fires,Emissions (CH4),kilotonnes,0.039,0.3899,0.4442,1.4739,1.3186,0.1744,0.6077,0.2411,0.3715,0.8938,0.1639,0.1021,0.3804,0.3493,0.3144,0.899,0.5005,0.2048,0.2099,0.8275,0.5509
Panama,Savanna fires,Emissions (N2O),kilotonnes,0.0036,0.0356,0.0406,0.1346,0.1204,0.0159,0.0555,0.022,0.0339,0.0816,0.015,0.0093,0.0347,0.0319,0.0287,0.0821,0.0457,0.0187,0.0192,0.0756,0.0503
Panama,Savanna fires,Emissions (CO2eq) from CH4 (AR5),kilotonnes,1.091,10.9184,12.4378,41.2685,36.922,4.8834,17.0164,6.752,10.4007,25.0272,4.5885,2.8596,10.6526,9.7792,8.8043,25.1717,14.013,5.7354,5.8778,23.17,15.4249
Panama,Savanna fires,Emissions (CO2eq) from N2O (AR5),kilotonnes,0.9429,9.4349,10.7479,35.6613,31.9054,4.2199,14.7044,5.8346,8.9876,21.6268,3.9651,2.4711,9.2052,8.4505,7.6081,21.7516,12.1091,4.9561,5.0792,20.0219,13.3292
Panama,Savanna fires,Emissions (CO2eq) (AR5),kilotonnes,2.0338,20.3533,23.1857,76.9298,68.8273,9.1032,31.7208,12.5866,19.3883,46.6539,8.5536,5.3307,19.8578,18.2297,16.4124,46.9233,26.1221,10.6915,10.9571,43.1919,28.7541
Panama,Fires in organic soils,Emissions (CH4),kilotonnes,0,0,0,0,0,0,0,0,0,0,0,0,0,0,0,0,0,0,0,0,0
Panama,Fires in organic soils,Emissions (CO2),kilotonnes,0,0,0,0,0,0,0,0,0,0,0,0,0,0,0,0,0,0,0,0,0
Panama,Fires in organic soils,Emissions (CO2eq) from CH4 (AR5),kilotonnes,0,0,0,0,0,0,0,0,0,0,0,0,0,0,0,0,0,0,0,0,0
Panama,Fires in organic soils,Emissions (CO2eq) (AR5),kilotonnes,0,0,0,0,0,0,0,0,0,0,0,0,0,0,0,0,0,0,0,0,0
Panama,Forest fires,Emissions (CH4),kilotonnes,0.5197,0.0798,0.0878,2.4904,0.4048,0.0346,0.0931,0.0608,0.2261,0.4016,0.0372,0.008,0.0956,0.0663,0.0346,0.3245,0.6183,0.0184,0.0344,0.5455,0.0186
Panama,Forest fires,Emissions (N2O),kilotonnes,0.0153,0.0073,0.008,0.2274,0.037,0.0032,0.0085,0.0056,0.0206,0.0367,0.0034,0.0007,0.0087,0.0061,0.0032,0.0296,0.0565,0.0017,0.0031,0.0498,0.0017
Panama,Forest fires,Emissions (CO2eq) from CH4 (AR5),kilotonnes,14.5503,2.2342,2.4577,69.7317,11.3337,0.9682,2.6067,1.7028,6.3307,11.246,1.0427,0.2234,2.6761,1.8568,0.9682,9.0861,17.3134,0.5162,0.9631,15.2737,0.5213
Panama,Forest fires,Emissions (CO2eq) from N2O (AR5),kilotonnes,4.0503,1.9306,2.1237,60.2573,9.7938,0.8366,2.2525,1.4714,5.4706,9.718,0.901,0.1931,2.3125,1.6045,0.8366,7.8516,14.961,0.4461,0.8322,13.1985,0.4505
Panama,Forest fires,Emissions (CO2eq) (AR5),kilotonnes,18.6005,4.1648,4.5814,129.989,21.1274,1.8048,4.8592,3.1742,11.8013,20.964,1.9437,0.4165,4.9885,3.4613,1.8048,16.9376,32.2744,0.9623,1.7953,28.4722,0.9718
Panama,Fires in humid tropical forests,Emissions (CH4),kilotonnes,0.4697,0.0798,0.0878,2.3566,0.375,0.0346,0.0931,0.0559,0.2261,0.4016,0.0372,0.008,0.0931,0.0638,0.0346,0.3245,0.5267,0.016,0.0319,0.4761,0.0186
Panama,Fires in humid tropical forests,Emissions (N2O),kilotonnes,0.0138,0.0073,0.008,0.2152,0.0342,0.0032,0.0085,0.0051,0.0206,0.0367,0.0034,0.0007,0.0085,0.0058,0.0032,0.0296,0.0481,0.0015,0.0029,0.0435,0.0017
Panama,Fires in humid tropical forests,Emissions (CO2eq) from CH4 (AR5),kilotonnes,13.1513,2.2342,2.4577,65.9852,10.5011,0.9682,2.6067,1.564,6.3307,11.246,1.0427,0.2234,2.6067,1.7874,0.9682,9.0861,14.7463,0.4469,0.8937,13.3311,0.5213
Panama,Fires in humid tropical forests,Emissions (CO2eq) from N2O (AR5),kilotonnes,3.6607,1.9306,2.1237,57.0198,9.0743,0.8366,2.2525,1.3515,5.4706,9.718,0.901,0.1931,2.2525,1.5446,0.8366,7.8516,12.7427,0.3861,0.7723,11.5198,0.4505
Panama,Fires in humid tropical forests,Emissions (CO2eq) (AR5),kilotonnes,16.812,4.1648,4.5814,123.005,19.5754,1.8048,4.8592,2.9155,11.8013,20.964,1.9437,0.4165,4.8592,3.332,1.8048,16.9376,27.489,0.833,1.666,24.8508,0.9718
Panama,Waste - agri-food systems,Emissions (CH4),kilotonnes,60.0071,59.6734,59.3797,59.0783,58.8323,58.5848,58.3836,58.2077,58.0464,57.8731,57.6973,57.5912,57.4805,57.3518,57.1906,56.6861,56.4982,56.4243,56.3243,56.1994,55.8975
Panama,Waste - agri-food systems,Emissions (N2O),kilotonnes,0.06,0.0651,0.0669,0.069,0.0671,0.0726,0.0748,0.0806,0.0834,0.0847,0.0885,0.092,0.095,0.0992,0.0996,0.1015,0.1042,0.1122,0.1197,0.1273,0.1348
Panama,Waste - agri-food systems,Emissions (CO2),kilotonnes,0,0,0,0,0,0,0,0,0,0,0,0,0,0,0,0,0,0,0,0,0
Panama,Waste - agri-food systems,Emissions (CO2eq) from CH4 (AR5),kilotonnes,1680.1988,1670.8561,1662.6311,1654.1931,1647.3043,1640.3735,1634.7399,1629.8143,1625.2991,1620.4482,1615.524,1612.5538,1609.453,1605.8494,1601.3378,1587.2104,1581.9487,1579.88,1577.0817,1573.5844,1565.1306
Panama,Waste - agri-food systems,Emissions (CO2eq) from N2O (AR5),kilotonnes,15.8981,17.251,17.7376,18.2956,17.7904,19.2487,19.8153,21.3592,22.0948,22.4566,23.4634,24.3907,25.1621,26.298,26.3944,26.9087,27.6151,29.7243,31.7327,33.7377,35.7348
Panama,Waste - agri-food systems,Emissions (CO2eq) (AR5),kilotonnes,1696.0969,1688.1071,1680.3687,1672.4886,1665.0947,1659.6223,1654.5552,1651.1735,1647.3938,1642.9048,1638.9874,1636.9445,1634.6151,1632.1474,1627.7322,1614.1191,1609.5638,1609.6043,1608.8144,1607.3221,1600.8653
Panama,On-farm electricity use,Emissions (CH4),kilotonnes,0.0227,0.0225,0.0223,0.0222,0.022,0.0217,0.0216,0.0214,0.0212,0.0211,0.0208,0.0206,0.0204,0.0203,0.0203,0.0219,0.0219,0.0219,0.022,0.0223,0.0223
Panama,On-farm electricity use,Emissions (N2O),kilotonnes,0.0001,0.0001,0.0001,0.0001,0.0001,0.0001,0.0001,0,0.0001,0.0001,0.0001,0.0001,0.0001,0.0001,0,0.0001,0.0001,0.0001,0,0.0001,0.0001
Panama,On-farm electricity use,Emissions (CO2),kilotonnes,5.6096,5.5637,5.5177,5.4718,5.4257,5.3797,5.3338,5.2878,5.2419,5.1959,5.15,5.104,5.058,5.012,5.012,5.4272,5.4272,5.4272,5.4273,5.5103,5.5103
Panama,On-farm electricity use,Emissions (CO2eq) from CH4 (AR5),kilotonnes,0.6356,0.63,0.6244,0.6216,0.616,0.6076,0.6048,0.5992,0.5936,0.5908,0.5824,0.5768,0.5712,0.5684,0.5684,0.6132,0.6132,0.6132,0.616,0.6244,0.6244
Panama,On-farm electricity use,Emissions (CO2eq) from N2O (AR5),kilotonnes,0.0265,0.0265,0.0265,0.0265,0.0265,0.0265,0.0265,0,0.0265,0.0265,0.0265,0.0265,0.0265,0.0265,0,0.0265,0.0265,0.0265,0,0.0265,0.0265
Panama,On-farm electricity use,Emissions (CO2eq) (AR5),kilotonnes,6.2717,6.2202,6.1686,6.1199,6.0682,6.0138,5.9651,5.887,5.862,5.8132,5.7589,5.7073,5.6557,5.6069,5.5804,6.0669,6.0669,6.0669,6.0433,6.1612,6.1612
Panama,Food Processing,Emissions (CH4),kilotonnes,0.004,0.0042,0.0048,0.0045,0.0048,0.3513,0.3318,0.3793,0.3948,0.4314,0.2915,0.3273,0.378,0.3723,0.386,0.3948,0.4573,0.4824,0.4494,0.5153,0.5195
Panama,Food Processing,Emissions (N2O),kilotonnes,0.0004,0.0005,0.0005,0.0006,0.0005,0.0027,0.0027,0.0025,0.0025,0.0024,0.002,0.0021,0.0023,0.0022,0.0023,0.0023,0.0024,0.0023,0.002,0.0022,0.0023
Panama,Food Processing,Emissions (CO2),kilotonnes,53.6124,66.2439,53.5775,54.0946,49.2705,269.9604,289.7398,276.8072,246.0591,256.4904,283.2564,294.0935,304.9299,318.2801,285.1369,311.7327,302.9078,341.6666,296.4987,295.298,249.4491
Panama,Food Processing,Emissions (CO2eq) from CH4 (AR5),kilotonnes,0.112,0.1176,0.1344,0.126,0.1344,9.8364,9.2904,10.6204,11.0544,12.0792,8.162,9.1644,10.584,10.4244,10.808,11.0544,12.8044,13.5072,12.5832,14.4284,14.5467
Panama,Food Processing,Emissions (CO2eq) from N2O (AR5),kilotonnes,0.106,0.1325,0.1325,0.159,0.1325,0.7155,0.7155,0.6625,0.6625,0.636,0.53,0.5565,0.6095,0.583,0.6095,0.6095,0.636,0.6095,0.53,0.583,0.5975
Panama,Food Processing,Emissions (CO2eq) (AR5),kilotonnes,53.8304,66.494,53.8444,54.3796,49.5374,280.5123,299.7457,288.0901,257.776,269.2056,291.9484,303.8144,316.1234,329.2875,296.5544,323.3966,316.3482,355.7833,309.6119,310.3094,264.5932
Panama,Food Packaging,Emissions (CH4),kilotonnes,0.03,0.0302,0.0276,0.0265,0.0268,0.0265,0.0252,0.0314,0.0311,0.0325,0.1241,0.1411,0.1567,0.155,0.0051,0.0045,0.0053,0.0055,0.0056,0.0493,0.0497
Panama,Food Packaging,Emissions (N2O),kilotonnes,0.0002,0.0002,0.0003,0.0003,0.0002,0.0003,0.0003,0.0004,0.0003,0.0003,0.0007,0.0008,0.0008,0.0008,0.0001,0.0001,0.0002,0.0001,0.0001,0.0004,0.0004
Panama,Food Packaging,Emissions (CO2),kilotonnes,22.6681,26.2173,21.7431,22.6019,18.2548,22.055,24.9647,45.89,35.9379,26.4709,70.5285,70.8713,70.3046,90.3748,21.9772,22.4227,24.2079,27.3291,25.5838,44.4304,37.532
Panama,Food Packaging,Emissions (CO2eq) from CH4 (AR5),kilotonnes,0.84,0.8456,0.7728,0.742,0.7504,0.742,0.7056,0.8792,0.8708,0.91,3.4748,3.9508,4.3876,4.34,0.1428,0.126,0.1484,0.154,0.1568,1.3804,1.3917
Panama,Food Packaging,Emissions (CO2eq) from N2O (AR5),kilotonnes,0.053,0.053,0.0795,0.0795,0.053,0.0795,0.0795,0.106,0.0795,0.0795,0.1855,0.212,0.212,0.212,0.0265,0.0265,0.053,0.0265,0.0265,0.106,0.1086
Panama,Food Packaging,Emissions (CO2eq) (AR5),kilotonnes,23.5611,27.1159,22.5954,23.4234,19.0582,22.8765,25.7498,46.8752,36.8882,27.4604,74.1888,75.0341,74.9042,94.9268,22.1465,22.5752,24.4093,27.5096,25.7671,45.9168,39.0323
Panama,Food Retail,Emissions (CH4),kilotonnes,0.0196,0.0197,0.0179,0,0,0,0,0.7647,0.7664,0.8036,0.8373,0.8825,0.9575,0.9817,1.0202,1.1409,1.1802,1.2347,1.2904,1.2138,1.2237
Panama,Food Retail,Emissions (N2O),kilotonnes,0.0001,0.0001,0.0001,0,0,0,0,0.0034,0.0033,0.0035,0.0037,0.0039,0.0042,0.0043,0.0046,0.005,0.0052,0.0054,0.0057,0.0053,0.0054
Panama,Food Retail,Emissions (CO2),kilotonnes,9.5904,11.9159,9.9149,1.1757,0.5879,0.5879,0.5879,230.4506,208.561,231.3243,240.1796,243.7072,261.6362,274.2965,301.9063,310.2755,321.2182,336.9604,359.2042,338.777,286.1774
Panama,Food Retail,Emissions (CO2eq) from CH4 (AR5),kilotonnes,0.5479,0.5523,0.5025,0,0,0,0,21.4116,21.4592,22.5008,23.4444,24.71,26.81,27.4876,28.5656,31.9452,33.0456,34.5716,36.1312,33.9864,34.265
Panama,Food Retail,Emissions (CO2eq) from N2O (AR5),kilotonnes,0.0234,0.0257,0.0301,0,0,0,0,0.901,0.8745,0.9275,0.9805,1.0335,1.113,1.1395,1.219,1.325,1.378,1.431,1.5105,1.4045,1.4393
Panama,Food Retail,Emissions (CO2eq) (AR5),kilotonnes,10.1617,12.4939,10.4474,1.1757,0.5879,0.5879,0.5879,252.7632,230.8947,254.7526,264.6045,269.4507,289.5592,302.9236,331.6909,343.5457,355.6418,372.963,396.8459,374.1679,321.8817
Panama,Food Household Consumption,Emissions (CH4),kilotonnes,0.6488,0.6725,0.7309,0.779,0.8316,0.8655,0.891,0.9229,0.9502,1.0776,1.1586,1.2128,1.2762,1.3922,1.4774,1.5758,1.6132,1.6695,1.6632,1.7727,1.7872
Panama,Food Household Consumption,Emissions (N2O),kilotonnes,0.0029,0.003,0.0033,0.0035,0.0036,0.0038,0.004,0.004,0.0041,0.0047,0.0051,0.0053,0.0055,0.006,0.0064,0.0068,0.007,0.0073,0.0073,0.0078,0.008
Panama,Food Household Consumption,Emissions (CO2),kilotonnes,270.8639,269.5945,293.9924,335.1592,318.6106,336.7603,389.0567,356.3433,367.3289,404.4643,437.2955,447.6243,464.844,511.5279,525.5679,567.6327,586.359,702.9752,711.1204,744.991,629.3213
Panama,Food Household Consumption,Emissions (CO2eq) from CH4 (AR5),kilotonnes,18.1664,18.83,20.4652,21.812,23.2848,24.234,24.948,25.8412,26.6056,30.1728,32.4408,33.9584,35.7336,38.9816,41.3672,44.1224,45.1696,46.746,46.5696,49.6356,50.0424
Panama,Food Household Consumption,Emissions (CO2eq) from N2O (AR5),kilotonnes,0.7685,0.795,0.8745,0.9275,0.954,1.007,1.06,1.06,1.0865,1.2455,1.3515,1.4045,1.4575,1.59,1.696,1.802,1.855,1.9345,1.9345,2.067,2.1182
Panama,Food Household Consumption,Emissions (CO2eq) (AR5),kilotonnes,289.7988,289.2195,315.3321,357.8987,342.8494,362.0013,415.0647,383.2445,395.021,435.8826,471.0878,482.9872,502.0351,552.0995,568.6311,613.5571,633.3836,751.6557,759.6245,796.6936,681.482
Panama,Food Transport,Emissions (CH4),kilotonnes,0.0579,0.0534,0.0563,0.0564,0.0583,0.0541,0.0576,0.0584,0.0639,0.0711,0.0758,0.0784,0.0812,0.082,0.0873,0.1004,0.1088,0.109,0.0977,0.0986,0.0994
Panama,Food Transport,Emissions (N2O),kilotonnes,0.0061,0.0058,0.0062,0.0064,0.0067,0.0065,0.0069,0.0071,0.0077,0.0086,0.0091,0.0094,0.0097,0.0098,0.0104,0.0119,0.0129,0.0129,0.0116,0.0121,0.0124
Panama,Food Transport,Emissions (CO2),kilotonnes,256.3,245.3,260.7,267.3,280.5,272.8161,283.8479,306.9795,332.3115,366.4275,386.2755,400.5435,404.896,401.6275,423.739,475.3275,512.7755,519.4055,465.484,496.205,419.1626
Panama,Food Transport,Emissions (CO2eq) from CH4 (AR5),kilotonnes,1.6212,1.4952,1.5764,1.5792,1.6324,1.5148,1.6128,1.6352,1.7892,1.9908,2.1224,2.1952,2.2736,2.296,2.4444,2.8112,3.0464,3.052,2.7356,2.7608,2.7834
Panama,Food Transport,Emissions (CO2eq) from N2O (AR5),kilotonnes,1.6165,1.537,1.643,1.696,1.7755,1.7225,1.8285,1.8815,2.0405,2.279,2.4115,2.491,2.5705,2.597,2.756,3.1535,3.4185,3.4185,3.074,3.2065,3.286
Panama,Food Transport,Emissions (CO2eq) (AR5),kilotonnes,259.5377,248.3322,263.9194,270.5752,283.9079,276.0534,287.2892,310.4962,336.1412,370.6973,390.8094,405.2297,409.7401,406.5205,428.9394,481.2922,519.2404,525.876,471.2936,502.1723,425.2321
Panama,Energy,Emissions (CH4),kilotonnes,3.74,3.77,3.43,3.28,3.35,3.31,3.4,3.37,3.34,3.41,3.48,3.5,3.52,3.57,3.57,3.54,3.61,3.61,3.47,3.66,3.69
Panama,Energy,Emissions (N2O),kilotonnes,0.123,0.135,0.158,0.172,0.164,0.168,0.179,0.162,0.166,0.179,0.188,0.203,0.21,0.218,0.23,0.236,0.237,0.225,0.209,0.242,0.248
Panama,Energy,Emissions (CO2),kilotonnes,5320,6610,5500,5720,5280,6310,6940,6780,6590,7760,8490,9270,8880,10500,10000,10000,9620,11100,10300,11400,9630
Panama,Energy,Emissions (CO2eq) from CH4 (AR5),kilotonnes,104.72,105.56,96.04,91.84,93.8,92.68,95.2,94.36,93.52,95.48,97.44,98,98.56,99.96,99.96,99.12,101.08,101.08,97.16,102.48,103.32
Panama,Energy,Emissions (CO2eq) from N2O (AR5),kilotonnes,32.595,35.775,41.87,45.58,43.46,44.52,47.435,42.93,43.99,47.435,49.82,53.795,55.65,57.77,60.95,62.54,62.805,59.625,55.385,64.13,65.72
Panama,Energy,Emissions (CO2eq) (AR5),kilotonnes,5457.315,6751.335,5637.91,5857.42,5417.26,6447.2,7082.635,6917.29,6727.51,7902.915,8637.26,9421.795,9034.21,10657.73,10160.91,10161.66,9783.885,11260.705,10452.545,11566.61,9799.04
Panama,IPPU,Emissions (N2O),kilotonnes,0,0,0,0,0,0,0,0,0,0,0,0,0,0,0,0,0,0,0,0,0
Panama,IPPU,Emissions (CO2),kilotonnes,429,372,339,396,459,458,454,449,760,692,614,718,926,951,878,792,765,773,676,600,600
Panama,IPPU,Emissions (CO2eq) from N2O (AR5),kilotonnes,0.0088,0.009,0.0092,0.0094,0.0095,0.0097,0.0099,0.0101,0.0103,0.0104,0.0106,0.0108,0.011,0.0112,0.0114,0.0116,0.0118,0.012,0.0121,0.0123,0.0125
Panama,IPPU,Emissions (CO2eq) (AR5),kilotonnes,429.0088,372.009,339.0092,396.0094,459.0095,458.0097,454.0099,449.0101,760.0103,692.0104,614.0106,718.0108,926.011,951.0112,878.0114,792.0116,765.0118,773.012,676.0121,600.0123,600.0125
Panama,Waste,Emissions (CH4),kilotonnes,38.6,39.3,40.3,41.2,42.5,43.7,45.2,46.8,48.4,49.4,50.8,52.6,54.4,56,57.5,59,60.5,61.9,63.3,64.9,66.5
Panama,Waste,Emissions (N2O),kilotonnes,0.124,0.126,0.129,0.134,0.135,0.138,0.141,0.15,0.158,0.163,0.168,0.173,0.18,0.188,0.192,0.196,0.199,0.204,0.208,0.217,0.223
Panama,Waste,Emissions (CO2eq) from CH4 (AR5),kilotonnes,1080.8,1100.4,1128.4,1153.6,1190,1223.6,1265.6,1310.4,1355.2,1383.2,1422.4,1472.8,1523.2,1568,1610,1652,1694,1733.2,1772.4,1817.2,1862
Panama,Waste,Emissions (CO2eq) from N2O (AR5),kilotonnes,32.86,33.39,34.185,35.51,35.775,36.57,37.365,39.75,41.87,43.195,44.52,45.845,47.7,49.82,50.88,51.94,52.735,54.06,55.12,57.505,59.095
Panama,Waste,Emissions (CO2eq) (AR5),kilotonnes,1113.66,1133.79,1162.585,1189.11,1225.775,1260.17,1302.965,1350.15,1397.07,1426.395,1466.92,1518.645,1570.9,1617.82,1660.88,1703.94,1746.735,1787.26,1827.52,1874.705,1921.095
Panama,Other,Emissions (N2O),kilotonnes,0.2,0.245,0.208,0.238,0.215,0.25,0.275,0.258,0.25,0.302,0.326,0.336,0.322,0.327,0.354,0.318,0.329,0.322,0.293,0.351,0.358
Panama,Other,Emissions (CO2eq) from N2O (AR5),kilotonnes,53,64.925,55.12,63.07,56.975,66.25,72.875,68.37,66.25,80.03,86.39,89.04,85.33,86.655,93.81,84.27,87.185,85.33,77.645,93.015,94.87
Panama,Other,Emissions (CO2eq) (AR5),kilotonnes,53,64.925,55.12,63.07,56.975,66.25,72.875,68.37,66.25,80.03,86.39,89.04,85.33,86.655,93.81,84.27,87.185,85.33,77.645,93.015,94.87
Panama,Farm-gate emissions,Emissions (CH4),kilotonnes,84.6989,95.6604,96.2169,95.3988,93.9864,97.26,97.6142,95.3195,99.9605,101.4197,101.9441,106.7673,106.6477,106.5341,100.9203,96.314,96.7743,94.7359,96.7565,93.9589,94.0951
Panama,Farm-gate emissions,Direct emissions (N2O),kilotonnes,2.3023,2.5572,2.5566,2.5533,2.4802,2.5854,2.6141,2.5305,2.6614,2.6881,2.7847,2.7855,2.9379,3.0047,2.737,2.6336,2.5649,2.5777,2.6231,2.5589,2.6564
Panama,Farm-gate emissions,Indirect emissions (N2O),kilotonnes,0.5811,0.6349,0.6361,0.6391,0.6185,0.6413,0.65,0.6304,0.662,0.6681,0.6975,0.6849,0.7363,0.7541,0.6797,0.658,0.6338,0.6422,0.6508,0.6368,0.6679
Panama,Farm-gate emissions,Emissions (N2O),kilotonnes,3.1442,3.4964,3.5003,3.609,3.4849,3.5056,3.5839,3.4442,3.6227,3.6889,3.7554,3.7522,3.987,4.0731,3.7361,3.6747,3.5464,3.5413,3.588,3.5632,3.6651
Panama,Farm-gate emissions,Emissions (CO2),kilotonnes,800.6759,811.4906,777.6338,814.231,778.0572,783.3421,795.6708,725.8883,738.8762,736.9015,738.3411,731.9975,738.2524,742.7515,751.3776,758.5295,744.9431,740.1151,735.5809,730.8186,730.8186
Panama,Farm-gate emissions,Emissions (CO2eq) from CH4 (AR5),kilotonnes,2371.5699,2678.4907,2694.0724,2671.1655,2631.6178,2723.2805,2733.1983,2668.9447,2798.8952,2839.7524,2854.436,2989.4845,2986.1357,2982.9543,2825.7679,2696.7914,2709.681,2652.604,2709.1807,2630.849,2634.6634
Panama,Farm-gate emissions,Emissions (CO2eq) from N2O (AR5),kilotonnes,833.226,926.5478,927.5721,956.3879,923.4931,928.9918,949.7458,912.7022,960.0214,977.5701,995.1731,994.3264,1056.5523,1079.361,990.0759,973.802,939.7982,938.442,950.8267,944.2425,971.2597
Panama,Farm-gate emissions,Emissions (CO2eq) (AR5),kilotonnes,4005.4718,4416.529,4399.2783,4441.7844,4333.1682,4435.6144,4478.6149,4307.5352,4497.7928,4554.2239,4587.9502,4715.8084,4780.9404,4805.0668,4567.2214,4429.123,4394.4222,4331.1611,4395.5883,4305.9101,4336.7416
Panama,Land Use change,Emissions (CH4),kilotonnes,0.4697,0.0798,0.0878,2.3566,0.375,0.0346,0.0931,0.0559,0.2261,0.4016,0.0372,0.008,0.0931,0.0638,0.0346,0.3245,0.5267,0.016,0.0319,0.4761,0.0186
Panama,Land Use change,Emissions (N2O),kilotonnes,0.0138,0.0073,0.008,0.2152,0.0342,0.0032,0.0085,0.0051,0.0206,0.0367,0.0034,0.0007,0.0085,0.0058,0.0032,0.0296,0.0481,0.0015,0.0029,0.0435,0.0017
Panama,Land Use change,Emissions (CO2),kilotonnes,5821.6213,4272.2812,4272.2812,4272.2812,4272.2812,4272.2812,4272.2812,4272.2812,4272.2812,4272.2812,4272.2812,3895.6082,3895.6082,3895.6082,3895.6082,3895.6082,3824.6318,3824.6318,3824.6318,3824.6318,3824.6318
Panama,Land Use change,Emissions (CO2eq) from CH4 (AR5),kilotonnes,13.1513,2.2342,2.4577,65.9852,10.5011,0.9682,2.6067,1.564,6.3307,11.246,1.0427,0.2234,2.6067,1.7874,0.9682,9.0861,14.7463,0.4469,0.8937,13.3311,0.5213
Panama,Land Use change,Emissions (CO2eq) from N2O (AR5),kilotonnes,3.6607,1.9306,2.1237,57.0198,9.0743,0.8366,2.2525,1.3515,5.4706,9.718,0.901,0.1931,2.2525,1.5446,0.8366,7.8516,12.7427,0.3861,0.7723,11.5198,0.4505
Panama,Land Use change,Emissions (CO2eq) (AR5),kilotonnes,5838.4333,4276.446,4276.8626,4395.2862,4291.8566,4274.086,4277.1404,4275.1967,4284.0825,4293.2452,4274.2249,3896.0247,3900.4674,3898.9402,3897.413,3912.5458,3852.1208,3825.4648,3826.2978,3849.4826,3825.6036
Panama,Emissions on agricultural land,Emissions (CH4),kilotonnes,85.1686,95.7402,96.3046,97.7554,94.3614,97.2946,97.7073,95.3753,100.1866,101.8214,101.9814,106.7753,106.7408,106.5979,100.9549,96.6385,97.301,94.7518,96.7884,94.435,94.1137
Panama,Emissions on agricultural land,Emissions (N2O),kilotonnes,3.1581,3.5037,3.5083,3.8242,3.5191,3.5088,3.5924,3.4493,3.6434,3.7256,3.7588,3.7529,3.9955,4.0789,3.7393,3.7044,3.5945,3.5427,3.5909,3.6067,3.6668
Panama,Emissions on agricultural land,Emissions (CO2),kilotonnes,6622.2972,5083.7718,5049.915,5086.5122,5050.3384,5055.6233,5067.952,4998.1695,5011.1574,5009.1827,5010.6223,4627.6057,4633.8606,4638.3597,4646.9858,4654.1377,4569.5749,4564.7469,4560.2127,4555.4504,4555.4504
Panama,Emissions on agricultural land,Emissions (CO2eq) from CH4 (AR5),kilotonnes,2384.7212,2680.7248,2696.53,2737.1507,2642.1189,2724.2486,2735.805,2670.5087,2805.2259,2850.9984,2855.4787,2989.7079,2988.7424,2984.7417,2826.7361,2705.8775,2724.4273,2653.0508,2710.0744,2644.1801,2635.1847
Panama,Emissions on agricultural land,Emissions (CO2eq) from N2O (AR5),kilotonnes,836.8867,928.4784,929.6959,1013.4077,932.5675,929.8284,951.9983,914.0537,965.492,987.288,996.0741,994.5195,1058.8048,1080.9056,990.9125,981.6536,952.5409,938.8282,951.599,955.7623,971.7101
Panama,Emissions on agricultural land,Emissions (CO2eq) (AR5),kilotonnes,9843.9051,8692.975,8676.141,8837.0706,8625.0248,8709.7004,8755.7553,8582.7319,8781.8753,8847.4691,8862.1751,8611.8331,8681.4078,8704.0071,8464.6344,8341.6688,8246.5431,8156.6259,8221.8861,8155.3927,8162.3452
Panama,Pre- and post- production,Emissions (CH4),kilotonnes,60.7901,60.476,60.2395,59.9669,59.7758,59.9039,59.7108,60.3858,60.274,60.3104,60.2054,60.2539,60.3505,60.3553,60.1869,59.9244,59.8849,59.9473,59.8526,59.8714,59.5994
Panama,Pre- and post- production,Emissions (N2O),kilotonnes,0.0698,0.0748,0.0774,0.0799,0.0782,0.086,0.0888,0.098,0.1014,0.1043,0.1092,0.1136,0.1176,0.1224,0.1234,0.1277,0.132,0.1403,0.1464,0.1552,0.1634
Panama,Pre- and post- production,Emissions (CO2),kilotonnes,618.6444,624.8353,645.4456,685.8032,672.6495,907.5594,993.5308,1221.7584,1195.4403,1290.3733,1422.6855,1461.9438,1511.6687,1601.1188,1563.3393,1692.8183,1752.8956,1933.764,1863.3184,1925.2117,1627.1528
Panama,Pre- and post- production,Emissions (CO2eq) from CH4 (AR5),kilotonnes,1702.1218,1693.3268,1686.7067,1679.0739,1673.7223,1677.3083,1671.9015,1690.8011,1687.6719,1688.6926,1685.7508,1687.1094,1689.813,1689.9474,1685.2342,1677.8828,1676.7763,1678.524,1675.8741,1676.4004,1668.7842
Panama,Pre- and post- production,Emissions (CO2eq) from N2O (AR5),kilotonnes,18.4921,19.8207,20.5238,21.1841,20.7319,22.7997,23.5253,25.9702,26.8648,27.6506,28.9489,30.1147,31.1511,32.446,32.7014,33.8517,34.9821,37.1708,38.8082,41.1312,43.3109
Panama,Pre- and post- production,Emissions (CO2eq) (AR5),kilotonnes,2339.2583,2337.9828,2352.676,2386.0611,2367.1037,2607.6675,2688.9576,2938.5297,2909.9769,3006.7165,3137.3852,3179.1679,3232.6328,3323.5122,3281.2749,3404.5528,3464.654,3649.4588,3578.0007,3642.7433,3339.2479
Panama,Agri-food systems,Emissions (CH4),kilotonnes,145.9587,156.2161,156.5442,157.7223,154.1372,157.1985,157.4181,155.7611,160.4606,162.1318,162.1868,167.0292,167.0913,166.9532,161.1418,156.5629,157.1858,154.6991,156.641,154.3064,153.7132
Panama,Agri-food systems,Emissions (N2O),kilotonnes,3.2278,3.5785,3.5857,3.9041,3.5974,3.5948,3.6812,3.5473,3.7447,3.83,3.868,3.8665,4.113,4.2013,3.8627,3.8321,3.7265,3.683,3.7374,3.7619,3.8303
Panama,Agri-food systems,Emissions (CO2),kilotonnes,7240.9416,5708.607,5695.3606,5772.3154,5722.9879,5963.1827,6061.4828,6219.9279,6206.5977,6299.556,6433.3078,6089.5495,6145.5293,6239.4785,6210.3251,6346.956,6322.4705,6498.5109,6423.5311,6480.6621,6182.6032
Panama,Agri-food systems,Emissions (CO2eq) from CH4 (AR5),kilotonnes,4086.843,4374.0516,4383.2368,4416.2246,4315.8412,4401.557,4407.7066,4361.3098,4492.8977,4539.6909,4541.2295,4676.8173,4678.5554,4674.6891,4511.9703,4383.7603,4401.2035,4331.5748,4385.9485,4320.5805,4303.9689
Panama,Agri-food systems,Emissions (CO2eq) from N2O (AR5),kilotonnes,855.3788,948.2991,950.2196,1034.5918,953.2994,952.6282,975.5236,940.024,992.3568,1014.9387,1025.023,1024.6342,1089.9559,1113.3516,1023.6139,1015.5053,987.523,975.999,990.4072,996.8935,1015.0211
Panama,Agri-food systems,Emissions (CO2eq) (AR5),kilotonnes,12183.1634,11030.9578,11028.817,11223.1318,10992.1285,11317.3678,11444.7129,11521.2616,11691.8522,11854.1856,11999.5603,11791.0009,11914.0405,12027.5193,11745.9093,11746.2216,11711.197,11806.0847,11799.8868,11798.136,11501.5931
Panama,IPCC Agriculture,Emissions (CH4),kilotonnes,84.6338,95.598,96.1743,95.357,93.9496,97.2258,97.5817,95.2952,99.938,101.4003,101.9313,106.7581,106.64,106.5286,100.9144,96.3074,96.768,94.7278,96.7495,93.9518,94.088
Panama,IPCC Agriculture,Emissions (CH4),kilotonnes,91.49,,,,,,,,,,,,,,,,,,,,
Panama,IPCC Agriculture,Direct emissions (N2O),kilotonnes,2.3023,2.5572,2.5566,2.5533,2.4802,2.5854,2.6141,2.5305,2.6614,2.6881,2.7847,2.7855,2.9379,3.0047,2.737,2.6336,2.5649,2.5777,2.6231,2.5589,2.6564
Panama,IPCC Agriculture,Indirect emissions (N2O),kilotonnes,0.5811,0.6349,0.6361,0.6391,0.6185,0.6413,0.65,0.6304,0.662,0.6681,0.6975,0.6849,0.7363,0.7541,0.6797,0.658,0.6338,0.6422,0.6508,0.6368,0.6679
Panama,IPCC Agriculture,Emissions (N2O),kilotonnes,3.1206,3.4722,3.4753,3.5705,3.4587,3.4806,3.5552,3.4328,3.6101,3.6763,3.7392,3.7372,3.9696,4.0533,3.7127,3.6486,3.526,3.5255,3.5732,3.55,3.652
Panama,IPCC Agriculture,Emissions (N2O),kilotonnes,4.19,,,,,,,,,,,,,,,,,,,,
Panama,IPCC Agriculture,Emissions (CO2eq) from CH4 (AR5),kilotonnes,2369.7469,2676.7453,2692.8795,2669.997,2630.5902,2722.3234,2732.288,2668.2667,2798.2645,2839.2084,2854.0775,2989.2271,2985.9207,2982.8009,2825.6019,2696.6073,2709.5029,2652.3781,2708.9872,2630.65,2634.4643
Panama,IPCC Agriculture,Emissions (CO2eq) from CH4 (AR5),kilotonnes,2561.72,,,,,,,,,,,,,,,,,,,,
Panama,IPCC Agriculture,Emissions (CO2eq) from N2O (AR5),kilotonnes,826.9469,920.139,920.9418,946.1736,916.545,922.357,942.1273,909.6939,956.6716,974.2223,990.8821,990.3688,1051.9453,1074.1197,983.858,966.8669,934.387,934.2459,946.8906,940.7628,967.7799
Panama,IPCC Agriculture,Emissions (CO2eq) from N2O (AR5),kilotonnes,1110.35,,,,,,,,,,,,,,,,,,,,
Panama,IPCC Agriculture,Emissions (CO2eq) (AR5),kilotonnes,3196.6938,3596.8842,3613.8213,3616.1706,3547.1352,3644.6804,3674.4153,3577.9606,3754.9361,3813.4308,3844.9595,3979.5959,4037.866,4056.9205,3809.4598,3663.4742,3643.8898,3586.624,3655.8778,3571.4127,3602.2442
Panama,IPCC Agriculture,Emissions (CO2eq) (AR5),kilotonnes,3672.07,,,,,,,,,,,,,,,,,,,,
Panama,Agricultural Soils,Direct emissions (N2O),kilotonnes,2.3023,2.5572,2.5566,2.5533,2.4802,2.5854,2.6141,2.5305,2.6614,2.6881,2.7847,2.7855,2.9379,3.0047,2.737,2.6336,2.5649,2.5777,2.6231,2.5589,2.6564
Panama,Agricultural Soils,Indirect emissions (N2O),kilotonnes,0.5811,0.6349,0.6361,0.6391,0.6185,0.6413,0.65,0.6304,0.662,0.6681,0.6975,0.6849,0.7363,0.7541,0.6797,0.658,0.6338,0.6422,0.6508,0.6368,0.6679
Panama,Agricultural Soils,Emissions (N2O),kilotonnes,2.9911,3.2998,3.3004,3.3,3.2064,3.3343,3.3715,3.2682,3.4307,3.4633,3.5891,3.5772,3.781,3.8657,3.5236,3.3985,3.3057,3.3268,3.3808,3.3021,3.4308
Panama,Agricultural Soils,Emissions (N2O),kilotonnes,4.13,,,,,,,,,,,,,,,,,,,,
Panama,Agricultural Soils,Emissions (CO2eq) from N2O (AR5),kilotonnes,792.6527,874.4513,874.597,874.4987,849.685,883.5834,893.4597,866.0643,909.1317,917.7627,951.1201,947.9684,1001.9741,1024.4215,933.7434,900.61,876.0022,881.5961,895.9074,875.0551,909.1504
Panama,Agricultural Soils,Emissions (CO2eq) from N2O (AR5),kilotonnes,1094.45,,,,,,,,,,,,,,,,,,,,
Panama,Agricultural Soils,Emissions (CO2eq) (AR5),kilotonnes,792.6527,874.4513,874.597,874.4987,849.685,883.5834,893.4597,866.0643,909.1317,917.7627,951.1201,947.9684,1001.9741,1024.4215,933.7434,900.61,876.0022,881.5961,895.9074,875.0551,909.1504
Panama,Agricultural Soils,Emissions (CO2eq) (AR5),kilotonnes,1094.45,,,,,,,,,,,,,,,,,,,,
Panama,LULUCF,Emissions (CH4),kilotonnes,0.5197,0.0798,0.0878,2.4904,0.4048,0.0346,0.0931,0.0608,0.2261,0.4016,0.0372,0.008,0.0956,0.0663,0.0346,0.3245,0.6183,0.0184,0.0344,0.5455,0.0186
Panama,LULUCF,Emissions (CH4),kilotonnes,53.56,,,,,,,,,,,,,,,,,,,,
Panama,LULUCF,Emissions (N2O),kilotonnes,0.0153,0.0073,0.008,0.2274,0.037,0.0032,0.0085,0.0056,0.0206,0.0367,0.0034,0.0007,0.0087,0.0061,0.0032,0.0296,0.0565,0.0017,0.0031,0.0498,0.0017
Panama,LULUCF,Emissions (N2O),kilotonnes,0.37,,,,,,,,,,,,,,,,,,,,
Panama,LULUCF,Emissions (CO2),kilotonnes,5825.3413,4234.287,4233.4303,4233.4303,4233.4303,4233.4303,4231.8611,4231.0051,4231.0051,4229.552,4228.6953,4229.0066,4229.352,4229.352,4229.352,4229.352,4228.7294,4228.7294,4228.7294,4227.1264,4227.1264
Panama,LULUCF,Emissions (CO2),kilotonnes,-7043.45,,,,,,,,,,,,,,,,,,,,
Panama,LULUCF,Emissions (CO2eq) from CH4 (AR5),kilotonnes,14.5503,2.2342,2.4577,69.7317,11.3337,0.9682,2.6067,1.7028,6.3307,11.246,1.0427,0.2234,2.6761,1.8568,0.9682,9.0861,17.3134,0.5162,0.9631,15.2737,0.5213
Panama,LULUCF,Emissions (CO2eq) from N2O (AR5),kilotonnes,4.0503,1.9306,2.1237,60.2573,9.7938,0.8366,2.2525,1.4714,5.4706,9.718,0.901,0.1931,2.3125,1.6045,0.8366,7.8516,14.961,0.4461,0.8322,13.1985,0.4505
Panama,LULUCF,Emissions (CO2eq) (AR5),kilotonnes,5843.9419,4238.4518,4238.0118,4363.4194,4254.5578,4235.2351,4236.7203,4234.1793,4242.8064,4250.516,4230.639,4229.4231,4234.3405,4232.8133,4231.1568,4246.2896,4261.0037,4229.6917,4230.5247,4255.5985,4228.0982
Panama,LULUCF,Emissions (CO2eq) (AR5),kilotonnes,-7043.45,,,,,,,,,,,,,,,,,,,,
Panama,AFOLU,Emissions (CH4),kilotonnes,85.1535,95.6778,96.262,97.8475,94.3544,97.2604,97.6748,95.3561,100.1641,101.8019,101.9686,106.7661,106.7356,106.5949,100.9489,96.6319,97.3863,94.7462,96.7839,94.4973,94.1066
Panama,AFOLU,Emissions (N2O),kilotonnes,3.1358,3.4795,3.4833,3.7979,3.4956,3.4837,3.5637,3.4384,3.6307,3.713,3.7426,3.738,3.9783,4.0593,3.7158,3.6782,3.5824,3.5271,3.5763,3.5999,3.6537
Panama,AFOLU,Emissions (CO2),kilotonnes,5825.3413,4234.287,4233.4303,4233.4303,4233.4303,4233.4303,4231.8611,4231.0051,4231.0051,4229.552,4228.6953,4229.0066,4229.352,4229.352,4229.352,4229.352,4228.7294,4228.7294,4228.7294,4227.1264,4227.1264
Panama,AFOLU,Emissions (CO2eq) from CH4 (AR5),kilotonnes,2384.2972,2678.9794,2695.3372,2739.7287,2641.9239,2723.2916,2734.8947,2669.9694,2804.5952,2850.4544,2855.1202,2989.4506,2988.5967,2984.6577,2826.5701,2705.6934,2726.8162,2652.8943,2709.9502,2645.9236,2634.9856
Panama,AFOLU,Emissions (CO2eq) from N2O (AR5),kilotonnes,830.9972,922.0696,923.0655,1006.4309,926.3388,923.1936,944.3799,911.1653,962.1421,983.9403,991.7831,990.5619,1054.2578,1075.7242,984.6946,974.7185,949.348,934.692,947.7229,953.9612,968.2304
Panama,AFOLU,Emissions (CO2eq) (AR5),kilotonnes,9040.6356,7835.3361,7851.833,7979.59,7801.693,7879.9155,7911.1356,7812.1399,7997.7424,8063.9467,8075.5985,8209.019,8272.2064,8289.7338,8040.6166,7909.7638,7904.8935,7816.3157,7886.4025,7827.0113,7830.3424
Panama,All sectors with LULUCF,Emissions (CH4),kilotonnes,127.4935,138.7478,139.992,142.3275,140.2044,144.2704,146.2748,145.5261,151.9041,154.6119,156.2486,162.8661,164.6556,166.1649,162.0189,159.1719,161.4963,160.2562,163.5539,163.0573,164.2966
Panama,All sectors with LULUCF,Emissions (N2O),kilotonnes,3.5829,3.9855,3.9783,4.3419,4.0097,4.0398,4.1587,4.0084,4.2048,4.357,4.4246,4.45,4.6904,4.7924,4.4919,4.4282,4.3475,4.2782,4.2864,4.4099,4.4827
Panama,All sectors with LULUCF,Emissions (CO2),kilotonnes,11574.3413,11216.287,10072.4303,10349.4303,9972.4303,11001.4303,11625.8611,11460.0051,11581.0051,12681.552,13332.6953,14217.0066,14035.352,15680.352,15107.352,15021.352,14613.7294,16101.7294,15204.7294,16227.1264,14457.1264
Panama,All sectors with LULUCF,Emissions (CO2eq) from CH4 (AR5),kilotonnes,3569.8172,3884.9394,3919.7772,3985.1687,3925.7239,4039.5716,4095.6947,4074.7294,4253.3152,4329.1344,4374.9602,4560.2506,4610.3567,4652.6177,4536.5301,4456.8134,4521.8962,4487.1743,4579.5102,4565.6036,4600.3056
Panama,All sectors with LULUCF,Emissions (CO2eq) from N2O (AR5),kilotonnes,949.461,1056.1686,1054.2497,1150.6003,1062.5583,1070.5433,1102.0648,1062.2254,1114.2624,1154.6107,1172.5237,1179.2527,1242.9487,1269.9804,1190.346,1173.4801,1152.0847,1133.719,1135.885,1168.6236,1187.9279
Panama,All sectors with LULUCF,Emissions (CO2eq) (AR5),kilotonnes,16093.6195,16157.3951,15046.4572,15485.1993,14960.7125,16111.5452,16823.6205,16596.9599,16948.5827,18165.2972,18880.1791,19956.5098,19888.6574,21602.95,20834.228,20651.6454,20287.7103,21722.6226,20920.1246,21961.3536,20245.3599
Panama,All sectors without LULUCF,Emissions (CH4),kilotonnes,126.9738,138.668,139.9043,139.837,139.7996,144.2358,146.1817,145.4652,151.678,154.2103,156.2113,162.8581,164.56,166.0986,161.9844,158.8474,160.878,160.2378,163.5195,162.5118,164.278
Panama,All sectors without LULUCF,Emissions (N2O),kilotonnes,3.5676,3.9783,3.9703,4.1145,3.9727,4.0366,4.1502,4.0028,4.1841,4.3203,4.4212,4.4493,4.6816,4.7863,4.4887,4.3986,4.291,4.2765,4.2832,4.3601,4.481
Panama,All sectors without LULUCF,Emissions (CO2),kilotonnes,5749,6982,5839,6116,5739,6768,7394,7229,7350,8452,9104,9988,9806,11451,10878,10792,10385,11873,10976,12000,10230
Panama,All sectors without LULUCF,Emissions (CO2eq) from CH4 (AR5),kilotonnes,3555.2669,3882.7053,3917.3195,3915.437,3914.3902,4038.6034,4093.088,4073.0267,4246.9845,4317.8884,4373.9175,4560.0271,4607.6807,4650.7609,4535.5619,4447.7273,4504.5829,4486.6581,4578.5472,4550.33,4599.7843
Panama,All sectors without LULUCF,Emissions (CO2eq) from N2O (AR5),kilotonnes,945.4107,1054.238,1052.1259,1090.343,1052.7646,1069.7067,1099.8122,1060.754,1108.7918,1144.8927,1171.6227,1179.0596,1240.6363,1268.3759,1189.5093,1165.6285,1137.1237,1133.2729,1135.0528,1155.4251,1187.4774
Panama,All sectors without LULUCF,Emissions (CO2eq) (AR5),kilotonnes,10249.6776,11918.9432,10808.4454,11121.78,10706.1548,11876.3101,12586.9002,12362.7807,12705.7763,13914.7812,14649.5401,15727.0867,15654.317,17370.1367,16603.0712,16405.3558,16026.7066,17492.9309,16689.5999,17705.755,16017.2618
Papua New Guinea,Crop Residues,Direct emissions (N2O),kilotonnes,0.0017,0.0019,0.002,0.0017,0.0017,0.0018,0.0019,0.0021,0.0022,0.0023,0.0024,0.0026,0.0023,0.0025,0.0026,0.0027,0.0026,0.0026,0.0026,0.0026,0.0026
Papua New Guinea,Crop Residues,Indirect emissions (N2O),kilotonnes,0.0004,0.0004,0.0004,0.0004,0.0004,0.0004,0.0004,0.0005,0.0005,0.0005,0.0005,0.0006,0.0005,0.0006,0.0006,0.0006,0.0006,0.0006,0.0006,0.0006,0.0006
Papua New Guinea,Crop Residues,Emissions (N2O),kilotonnes,0.0021,0.0024,0.0024,0.002,0.0021,0.0023,0.0024,0.0025,0.0027,0.0028,0.0029,0.0032,0.0028,0.0031,0.0032,0.0033,0.0032,0.0032,0.0032,0.0032,0.0032
Papua New Guinea,Crop Residues,Emissions (CO2eq) from N2O (AR5),kilotonnes,0.567,0.6249,0.6386,0.5377,0.5458,0.5989,0.6252,0.6661,0.7056,0.7411,0.7684,0.8602,0.7428,0.8259,0.8405,0.8618,0.8513,0.8537,0.8556,0.8537,0.8549
Papua New Guinea,Crop Residues,Emissions (CO2eq) (AR5),kilotonnes,0.567,0.6249,0.6386,0.5377,0.5458,0.5989,0.6252,0.6661,0.7056,0.7411,0.7684,0.8602,0.7428,0.8259,0.8405,0.8618,0.8513,0.8537,0.8556,0.8537,0.8549
Papua New Guinea,Rice Cultivation,Emissions (CH4),kilotonnes,0.0869,0.094,0.098,0.0977,0.0975,0.0968,0.0963,0.0956,0.0949,0.0947,0.0963,0.0958,0.0956,0.0956,0.0958,0.0963,0.0968,0.0975,0.0973,0.0973,0.0973
Papua New Guinea,Rice Cultivation,Emissions (CO2eq) from CH4 (AR5),kilotonnes,2.4338,2.6311,2.7429,2.7363,2.7298,2.71,2.6969,2.6771,2.6574,2.6508,2.6969,2.6837,2.6771,2.6771,2.6837,2.6969,2.71,2.7298,2.7232,2.7232,2.7232
Papua New Guinea,Rice Cultivation,Emissions (CO2eq) (AR5),kilotonnes,2.4338,2.6311,2.7429,2.7363,2.7298,2.71,2.6969,2.6771,2.6574,2.6508,2.6969,2.6837,2.6771,2.6771,2.6837,2.6969,2.71,2.7298,2.7232,2.7232,2.7232
Papua New Guinea,Burning - Crop residues,Emissions (CH4),kilotonnes,0.0163,0.0167,0.019,0.019,0.019,0.0169,0.0198,0.0201,0.0215,0.0213,0.0238,0.0248,0.0248,0.0225,0.0249,0.0258,0.0267,0.0273,0.0283,0.0292,0.0304
Papua New Guinea,Burning - Crop residues,Emissions (CH4),kilotonnes,1.1,,,,,,,,,,,,,,,,,,,,
Papua New Guinea,Burning - Crop residues,Emissions (N2O),kilotonnes,0.0004,0.0004,0.0005,0.0005,0.0005,0.0004,0.0005,0.0005,0.0006,0.0006,0.0006,0.0006,0.0006,0.0006,0.0006,0.0007,0.0007,0.0007,0.0007,0.0008,0.0008
Papua New Guinea,Burning - Crop residues,Emissions (N2O),kilotonnes,0.04,,,,,,,,,,,,,,,,,,,,
Papua New Guinea,Burning - Crop residues,Emissions (CO2eq) from CH4 (AR5),kilotonnes,0.4576,0.4665,0.5319,0.5333,0.5332,0.4745,0.5557,0.5631,0.6008,0.5953,0.667,0.6938,0.695,0.6304,0.6969,0.7213,0.7484,0.7655,0.7926,0.819,0.8503
Papua New Guinea,Burning - Crop residues,Emissions (CO2eq) from CH4 (AR5),kilotonnes,30.8,,,,,,,,,,,,,,,,,,,,
Papua New Guinea,Burning - Crop residues,Emissions (CO2eq) from N2O (AR5),kilotonnes,0.1123,0.1145,0.1305,0.1308,0.1308,0.1164,0.1364,0.1382,0.1474,0.1461,0.1637,0.1702,0.1705,0.1547,0.171,0.177,0.1836,0.1878,0.1945,0.2009,0.2086
Papua New Guinea,Burning - Crop residues,Emissions (CO2eq) from N2O (AR5),kilotonnes,10.6,,,,,,,,,,,,,,,,,,,,
Papua New Guinea,Burning - Crop residues,Emissions (CO2eq) (AR5),kilotonnes,0.5699,0.5809,0.6625,0.6641,0.6641,0.5909,0.692,0.7013,0.7482,0.7414,0.8306,0.864,0.8656,0.785,0.8679,0.8983,0.932,0.9534,0.987,1.0199,1.0589
Papua New Guinea,Burning - Crop residues,Emissions (CO2eq) (AR5),kilotonnes,41.4,,,,,,,,,,,,,,,,,,,,
Papua New Guinea,Enteric Fermentation,Emissions (CH4),kilotonnes,6.894,7.1063,7.271,7.3325,7.394,7.4555,7.517,7.6285,7.63,7.682,7.7285,7.7224,7.8315,7.7224,7.7209,7.7214,7.7238,7.7329,7.7468,7.7705,7.7979
Papua New Guinea,Enteric Fermentation,Emissions (CH4),kilotonnes,43.5,,,,,,,,,,,,,,,8.01,,,,,
Papua New Guinea,Enteric Fermentation,Emissions (CO2eq) from CH4 (AR5),kilotonnes,193.032,198.9764,203.588,205.31,207.032,208.754,210.476,213.598,213.64,215.096,216.398,216.2272,219.282,216.2272,216.1852,216.198,216.2676,216.5224,216.9095,217.5729,218.3414
Papua New Guinea,Enteric Fermentation,Emissions (CO2eq) from CH4 (AR5),kilotonnes,1218,,,,,,,,,,,,,,,224.28,,,,,
Papua New Guinea,Enteric Fermentation,Emissions (CO2eq) (AR5),kilotonnes,193.032,198.9764,203.588,205.31,207.032,208.754,210.476,213.598,213.64,215.096,216.398,216.2272,219.282,216.2272,216.1852,216.198,216.2676,216.5224,216.9095,217.5729,218.3414
Papua New Guinea,Enteric Fermentation,Emissions (CO2eq) (AR5),kilotonnes,1218,,,,,,,,,,,,,,,224.28,,,,,
Papua New Guinea,Manure Management,Emissions (CH4),kilotonnes,22.15,24.2688,25.684,25.6867,25.6902,25.6956,25.699,26.4074,26.4128,27.1192,27.8174,28.526,29.2349,28.53,28.5286,28.6098,28.7088,28.9053,29.2697,29.7066,30.1995
Papua New Guinea,Manure Management,Emissions (CH4),kilotonnes,,,,,,,,,,,,,,,,6.9,,,,,
Papua New Guinea,Manure Management,Emissions (N2O),kilotonnes,0.2103,0.228,0.2403,0.2408,0.241,0.2415,0.2417,0.2477,0.2483,0.2541,0.2595,0.2658,0.2722,0.2662,0.2662,0.2669,0.2679,0.2698,0.2729,0.2763,0.2806
Papua New Guinea,Manure Management,Emissions (N2O),kilotonnes,0.9,,,,,,,,,,,,,,,0.06,,,,,
Papua New Guinea,Manure Management,Emissions (CO2eq) from CH4 (AR5),kilotonnes,620.2004,679.5256,719.1525,719.2287,719.3245,719.4757,719.5709,739.4061,739.5578,759.3381,778.8872,798.7277,818.5785,798.8402,798.801,801.0738,803.8457,809.3488,819.5516,831.7847,845.5852
Papua New Guinea,Manure Management,Emissions (CO2eq) from CH4 (AR5),kilotonnes,,,,,,,,,,,,,,,,193.2,,,,,
Papua New Guinea,Manure Management,Emissions (CO2eq) from N2O (AR5),kilotonnes,55.7294,60.4287,63.6867,63.8147,63.8689,63.9924,64.0429,65.6407,65.789,67.3366,68.7608,70.4257,72.1212,70.5467,70.5481,70.7369,70.9877,71.49,72.3176,73.2291,74.3492
Papua New Guinea,Manure Management,Emissions (CO2eq) from N2O (AR5),kilotonnes,238.5,,,,,,,,,,,,,,,15.9,,,,,
Papua New Guinea,Manure Management,Emissions (CO2eq) (AR5),kilotonnes,675.9298,739.9543,782.8392,783.0434,783.1934,783.468,783.6137,805.0468,805.3468,826.6747,847.648,869.1534,890.6997,869.3869,869.3491,871.8107,874.8334,880.8388,891.8693,905.0138,919.9344
Papua New Guinea,Manure Management,Emissions (CO2eq) (AR5),kilotonnes,238.5,,,,,,,,,,,,,,,209.1,,,,,
Papua New Guinea,Manure left on Pasture,Direct emissions (N2O),kilotonnes,0.1542,0.156,0.1579,0.1598,0.1615,0.1633,0.165,0.1667,0.1668,0.1668,0.1667,0.1652,0.1669,0.1652,0.1652,0.1651,0.165,0.1649,0.1646,0.1644,0.1642
Papua New Guinea,Manure left on Pasture,Indirect emissions (N2O),kilotonnes,0.0333,0.0337,0.0341,0.0346,0.0349,0.0353,0.0357,0.036,0.036,0.0361,0.036,0.0357,0.0361,0.0357,0.0357,0.0357,0.0357,0.0357,0.0356,0.0356,0.0355
Papua New Guinea,Manure left on Pasture,Emissions (N2O),kilotonnes,0.1875,0.1897,0.192,0.1943,0.1964,0.1986,0.2007,0.2028,0.2029,0.2029,0.2028,0.2009,0.203,0.201,0.201,0.2008,0.2007,0.2006,0.2003,0.2,0.1998
Papua New Guinea,Manure left on Pasture,Emissions (CO2eq) from N2O (AR5),kilotonnes,49.6899,50.2574,50.8782,51.495,52.0522,52.6197,53.1763,53.7329,53.7585,53.7711,53.7367,53.2427,53.8004,53.2584,53.2553,53.2059,53.1739,53.1466,53.0689,52.9957,52.9357
Papua New Guinea,Manure left on Pasture,Emissions (CO2eq) (AR5),kilotonnes,49.6899,50.2574,50.8782,51.495,52.0522,52.6197,53.1763,53.7329,53.7585,53.7711,53.7367,53.2427,53.8004,53.2584,53.2553,53.2059,53.1739,53.1466,53.0689,52.9957,52.9357
Papua New Guinea,Manure applied to Soils,Direct emissions (N2O),kilotonnes,0.1794,0.194,0.2046,0.2052,0.2053,0.2059,0.206,0.2109,0.212,0.2168,0.2207,0.2268,0.2324,0.2277,0.2277,0.2284,0.2294,0.2313,0.234,0.2367,0.2404
Papua New Guinea,Manure applied to Soils,Indirect emissions (N2O),kilotonnes,0.0762,0.0825,0.087,0.0872,0.0873,0.0875,0.0875,0.0896,0.0901,0.0922,0.0938,0.0964,0.0988,0.0968,0.0968,0.0971,0.0975,0.0983,0.0994,0.1006,0.1022
Papua New Guinea,Manure applied to Soils,Emissions (N2O),kilotonnes,0.2556,0.2765,0.2916,0.2924,0.2926,0.2934,0.2935,0.3005,0.3021,0.309,0.3145,0.3232,0.3312,0.3245,0.3245,0.3255,0.3268,0.3296,0.3334,0.3372,0.3425
Papua New Guinea,Manure applied to Soils,Emissions (CO2eq) from N2O (AR5),kilotonnes,67.7456,73.2691,77.2653,77.4958,77.5272,77.756,77.7769,79.6252,80.0533,81.887,83.3523,85.6491,87.7702,85.994,85.9924,86.2504,86.6123,87.3493,88.3582,89.3671,90.7732
Papua New Guinea,Manure applied to Soils,Emissions (CO2eq) (AR5),kilotonnes,67.7456,73.2691,77.2653,77.4958,77.5272,77.756,77.7769,79.6252,80.0533,81.887,83.3523,85.6491,87.7702,85.994,85.9924,86.2504,86.6123,87.3493,88.3582,89.3671,90.7732
Papua New Guinea,Synthetic Fertilizers,Direct emissions (N2O),kilotonnes,0.0739,0.0754,0.0783,0.1079,0.2318,0.2174,0.1778,0.1917,0.2152,0.2987,0.2509,0.1817,0.2535,0.2598,0.2675,0.3249,0.3301,0.4142,0.4987,0.4518,0.4151
Papua New Guinea,Synthetic Fertilizers,Indirect emissions (N2O),kilotonnes,0.024,0.0245,0.0254,0.0351,0.0753,0.0706,0.0578,0.0623,0.0699,0.0971,0.0816,0.059,0.0824,0.0844,0.0869,0.1056,0.1073,0.1346,0.1621,0.1468,0.1349
Papua New Guinea,Synthetic Fertilizers,Emissions (N2O),kilotonnes,0.0979,0.0999,0.1038,0.143,0.3072,0.288,0.2356,0.254,0.2851,0.3958,0.3325,0.2407,0.3359,0.3442,0.3544,0.4305,0.4373,0.5488,0.6608,0.5986,0.55
Papua New Guinea,Synthetic Fertilizers,Emissions (CO2eq) from N2O (AR5),kilotonnes,25.9331,26.4849,27.4946,37.9009,81.3968,76.3205,62.4436,67.3046,75.5646,104.8966,88.1063,63.7899,89.0095,91.205,93.9203,114.0727,115.8946,145.4405,175.1116,158.6264,145.7495
Papua New Guinea,Synthetic Fertilizers,Emissions (CO2eq) (AR5),kilotonnes,25.9331,26.4849,27.4946,37.9009,81.3968,76.3205,62.4436,67.3046,75.5646,104.8966,88.1063,63.7899,89.0095,91.205,93.9203,114.0727,115.8946,145.4405,175.1116,158.6264,145.7495
Papua New Guinea,Drained organic soils,Emissions (CO2eq) (AR5),kilotonnes,23315.3171,23686.0009,23939.5127,23779.7828,23877.4818,23665.3863,23414.8192,23231.9092,22719.3836,22532.4797,22507.5815,22469.0891,22447.9216,22387.7432,22300.2943,22300.2943,22126.497,22100.5826,22210.6089,22409.7511,22784.3786
Papua New Guinea,Drained organic soils (CO2),Emissions (CO2),kilotonnes,22263.5992,22621.8972,22866.9242,22713.9716,22807.8399,22604.4546,22365.1146,22190.0377,21698.6931,21519.9433,21496.4144,21458.6768,21438.3208,21380.6467,21297.9647,21297.9647,21129.7403,21104.689,21209.7643,21402.479,21762.5708
Papua New Guinea,Drained organic soils (CO2),Emissions (CO2eq) (AR5),kilotonnes,22263.5992,22621.8972,22866.9242,22713.9716,22807.8399,22604.4546,22365.1146,22190.0377,21698.6931,21519.9433,21496.4144,21458.6768,21438.3208,21380.6467,21297.9647,21297.9647,21129.7403,21104.689,21209.7643,21402.479,21762.5708
Papua New Guinea,Drained organic soils (N2O),Emissions (N2O),kilotonnes,3.9687,4.0155,4.0475,4.0219,4.0364,4.0035,3.9611,3.9316,3.8517,3.8209,3.8157,3.8129,3.8098,3.8004,3.7824,3.7824,3.7613,3.7581,3.7768,3.801,3.8559
Papua New Guinea,Drained organic soils (N2O),Emissions (CO2eq) from N2O (AR5),kilotonnes,1051.7179,1064.1037,1072.5885,1065.8112,1069.642,1060.9317,1049.7046,1041.8715,1020.6906,1012.5364,1011.1671,1010.4123,1009.6007,1007.0965,1002.3296,1002.3296,996.7566,995.8936,1000.8446,1007.2721,1021.8079
Papua New Guinea,Drained organic soils (N2O),Emissions (CO2eq) (AR5),kilotonnes,1051.7179,1064.1037,1072.5885,1065.8112,1069.642,1060.9317,1049.7046,1041.8715,1020.6906,1012.5364,1011.1671,1010.4123,1009.6007,1007.0965,1002.3296,1002.3296,996.7566,995.8936,1000.8446,1007.2721,1021.8079
Papua New Guinea,On-farm energy use,Emissions (CH4),kilotonnes,0.03,0.0313,0.0326,0.0325,0.0429,0.0515,0.0525,0.0527,0.054,0.0553,0.0581,0.0578,0.056,0.0576,0.0594,0.0598,0.06,0.0581,0.0576,0.0573,0.0573
Papua New Guinea,On-farm energy use,Emissions (N2O),kilotonnes,0.0168,0.0168,0.0168,0.0168,0.017,0.01,0.01,0.1286,0.1286,0.1322,0.1359,0.1389,0.1209,0.1221,0.1221,0.1221,0.122,0.1234,0.124,0.1244,0.1244
Papua New Guinea,On-farm energy use,Emissions (CO2),kilotonnes,68.7432,69.782,70.527,71.8282,88.7881,82.8961,95.2915,396,399.5106,410.2725,426.7552,416.1154,365.754,368.6443,365.5594,360.7994,357.4295,356.707,357.3286,355.6824,355.6824
Papua New Guinea,On-farm energy use,Emissions (CO2eq) from CH4 (AR5),kilotonnes,0.841,0.8755,0.912,0.9108,1.2023,1.4417,1.4711,1.475,1.5121,1.5477,1.6279,1.6178,1.5689,1.6122,1.6645,1.6738,1.6804,1.6261,1.6133,1.603,1.603
Papua New Guinea,On-farm energy use,Emissions (CO2eq) from N2O (AR5),kilotonnes,4.442,4.4501,4.4582,4.4597,4.5031,2.655,2.6583,34.0698,34.0817,35.0329,36.0005,36.8178,32.0273,32.3602,32.3662,32.3451,32.3417,32.7023,32.8576,32.9559,32.9559
Papua New Guinea,On-farm energy use,Emissions (CO2eq) (AR5),kilotonnes,74.0261,75.1077,75.8972,77.1987,94.4934,86.9928,99.4208,431.5447,435.1044,446.8532,464.3836,454.551,399.3502,402.6167,399.5901,394.8182,391.4516,391.0354,391.7995,390.2413,390.2413
Papua New Guinea,Forestland,Emissions (CO2),kilotonnes,0,0,0,0,0,0,0,0,0,0,0,0,0,0,0,0,0,0,0,0,0
Papua New Guinea,Forestland,Emissions (CO2),kilotonnes,,,,,,,,,,,,,,,,-11855.41,,,,,
Papua New Guinea,Forestland,Emissions (CO2eq) (AR5),kilotonnes,0,0,0,0,0,0,0,0,0,0,0,0,0,0,0,0,0,0,0,0,0
Papua New Guinea,Forestland,Emissions (CO2eq) (AR5),kilotonnes,,,,,,,,,,,,,,,,-11855.41,,,,,
Papua New Guinea,Net Forest conversion,Emissions (CO2),kilotonnes,4137.0502,3367.7618,3367.7618,3367.7618,3367.7618,3367.7618,3367.7618,3367.7618,3367.7618,3367.7618,3367.7618,10500.4913,10500.4913,10500.4913,10500.4913,10500.4913,11465.5664,11465.5664,11465.5664,11465.5664,11465.5664
Papua New Guinea,Net Forest conversion,Emissions (CO2),kilotonnes,,4623.017,1911.491,3249.282,2131.153,3636.414,1338.504,2936.725,3014.378,4047.172,4021.547,6618.171,8798.126,11006.534,9109.166,9593.969,,,,,
Papua New Guinea,Net Forest conversion,Emissions (CO2eq) (AR5),kilotonnes,4137.0502,3367.7618,3367.7618,3367.7618,3367.7618,3367.7618,3367.7618,3367.7618,3367.7618,3367.7618,3367.7618,10500.4913,10500.4913,10500.4913,10500.4913,10500.4913,11465.5664,11465.5664,11465.5664,11465.5664,11465.5664
Papua New Guinea,Net Forest conversion,Emissions (CO2eq) (AR5),kilotonnes,,4623.017,1911.491,3249.282,2131.153,3636.414,1338.504,2936.725,3014.378,4047.172,4021.547,6618.171,8798.126,11006.534,9109.166,9593.969,,,,,
Papua New Guinea,Savanna fires,Emissions (CH4),kilotonnes,0.605,0.9852,3.5862,4.2225,7.6392,2.2852,4.9697,1.5467,1.9469,2.2738,2.5552,1.5245,1.7162,1.922,4.4388,6.7482,1.1879,1.8978,5.2432,2.0752,1.2529
Papua New Guinea,Savanna fires,Emissions (N2O),kilotonnes,0.0552,0.09,0.3274,0.3855,0.6975,0.2086,0.4538,0.1412,0.1778,0.2076,0.2333,0.1392,0.1567,0.1755,0.4053,0.6161,0.1085,0.1733,0.4787,0.1895,0.1144
Papua New Guinea,Savanna fires,Emissions (CO2eq) from CH4 (AR5),kilotonnes,16.9393,27.5869,100.413,118.2298,213.8988,63.9854,139.1511,43.3074,54.5138,63.6677,71.5463,42.6856,48.0547,53.8151,124.2852,188.9501,33.2624,53.1371,146.8102,58.1064,35.0815
Papua New Guinea,Savanna fires,Emissions (CO2eq) from N2O (AR5),kilotonnes,14.6378,23.8387,86.7699,102.166,184.8364,55.2918,120.2447,37.4233,47.1071,55.0172,61.8253,36.8859,41.5256,46.5033,107.3987,163.2775,28.7431,45.9174,126.8631,50.2115,30.315
Papua New Guinea,Savanna fires,Emissions (CO2eq) (AR5),kilotonnes,31.5771,51.4256,187.1829,220.3958,398.7352,119.2772,259.3958,80.7307,101.6209,118.6849,133.3716,79.5716,89.5803,100.3183,231.6839,352.2276,62.0055,99.0545,273.6733,108.3179,65.3965
Papua New Guinea,Fires in organic soils,Emissions (CH4),kilotonnes,0,0,0,0,0,0,0,0,0,0,0,0,0,0,0,0,0,0,0,0,0
Papua New Guinea,Fires in organic soils,Emissions (CO2),kilotonnes,0,0,0,0,0,0,0,0,0,0,0,0,0,0,0,0,0,0,0,0,0
Papua New Guinea,Fires in organic soils,Emissions (CO2eq) from CH4 (AR5),kilotonnes,0,0,0,0,0,0,0,0,0,0,0,0,0,0,0,0,0,0,0,0,0
Papua New Guinea,Fires in organic soils,Emissions (CO2eq) (AR5),kilotonnes,0,0,0,0,0,0,0,0,0,0,0,0,0,0,0,0,0,0,0,0,0
Papua New Guinea,Forest fires,Emissions (CH4),kilotonnes,9.5757,0.3788,5.658,1.8141,11.2776,1.1123,3.3272,0.6813,0.9159,1.0204,1.2204,0.703,0.5838,1.3106,1.1892,23.8751,0.878,0.9467,2.8288,1.244,0.5214
Papua New Guinea,Forest fires,Emissions (N2O),kilotonnes,0.2816,0.0346,0.5166,0.1656,1.0297,0.1016,0.3038,0.0622,0.0836,0.0932,0.1114,0.0642,0.0533,0.1197,0.1086,2.1799,0.0802,0.0864,0.2583,0.1136,0.0476
Papua New Guinea,Forest fires,Emissions (CO2eq) from CH4 (AR5),kilotonnes,268.1198,10.6063,158.4247,50.7946,315.7715,31.1441,93.162,19.0752,25.6462,28.5714,34.1713,19.683,16.3474,36.6956,33.298,668.5038,24.5838,26.5085,79.206,34.8316,14.5996
Papua New Guinea,Forest fires,Emissions (CO2eq) from N2O (AR5),kilotonnes,74.6341,9.1652,136.8996,43.8932,272.8677,26.9126,80.5041,16.4835,22.1617,24.6894,29.5285,17.0087,14.1263,31.7098,28.7738,577.6745,21.2436,22.9068,68.4443,30.0991,12.6159
Papua New Guinea,Forest fires,Emissions (CO2eq) (AR5),kilotonnes,342.7539,19.7715,295.3242,94.6878,588.6392,58.0567,173.6661,35.5587,47.8079,53.2608,63.6998,36.6916,30.4738,68.4054,62.0718,1246.1782,45.8275,49.4152,147.6502,64.9307,27.2155
Papua New Guinea,Fires in humid tropical forests,Emissions (CH4),kilotonnes,8.1915,0.3218,4.5133,1.6704,10.8464,1.0107,3.1439,0.6144,0.8218,0.79,1.0717,0.6782,0.4575,1.1569,1.0851,19.5293,0.7739,0.8377,2.6305,1.1251,0.4149
Papua New Guinea,Fires in humid tropical forests,Emissions (N2O),kilotonnes,0.2409,0.0294,0.4121,0.1525,0.9903,0.0923,0.287,0.0561,0.075,0.0721,0.0979,0.0619,0.0418,0.1056,0.0991,1.7831,0.0707,0.0765,0.2402,0.1027,0.0379
Papua New Guinea,Fires in humid tropical forests,Emissions (CO2eq) from CH4 (AR5),kilotonnes,229.3608,9.0106,126.3719,46.7706,303.6992,28.2995,88.0279,17.2021,23.0099,22.1188,30.0089,18.9892,12.8091,32.3939,30.3841,546.8192,21.6699,23.456,73.6552,31.5017,11.6163
Papua New Guinea,Fires in humid tropical forests,Emissions (CO2eq) from N2O (AR5),kilotonnes,63.8451,7.7863,109.2018,40.4159,262.4358,24.4545,76.0676,14.8649,19.8836,19.1136,25.9316,16.4092,11.0687,27.9926,26.2558,472.5231,18.7256,20.269,63.6477,27.2215,10.038
Papua New Guinea,Fires in humid tropical forests,Emissions (CO2eq) (AR5),kilotonnes,293.2059,16.7969,235.5738,87.1866,566.135,52.754,164.0955,32.0669,42.8935,41.2324,55.9406,35.3984,23.8778,60.3865,56.6399,1019.3423,40.3956,43.725,137.303,58.7232,21.6543
Papua New Guinea,Waste - agri-food systems,Emissions (CH4),kilotonnes,8.5207,8.7221,8.9039,9.1307,9.2481,9.4331,9.6527,9.8895,10.1277,10.3525,10.5419,10.7935,10.9929,11.1904,11.2709,11.4414,11.6486,11.8703,12.0947,12.1936,12.2939
Papua New Guinea,Waste - agri-food systems,Emissions (N2O),kilotonnes,0.0102,0.0106,0.0108,0.011,0.0112,0.0114,0.0118,0.0121,0.0123,0.0125,0.0124,0.0127,0.0129,0.013,0.0121,0.0122,0.0124,0.0125,0.0126,0.0117,0.0108
Papua New Guinea,Waste - agri-food systems,Emissions (CO2),kilotonnes,0,0,0,0,0,0,0,0,0,0,0,0,0,0,0,0,0,0,0,0,0
Papua New Guinea,Waste - agri-food systems,Emissions (CO2eq) from CH4 (AR5),kilotonnes,238.5806,244.2176,249.3091,255.6593,258.9475,264.1279,270.2766,276.9054,283.5752,289.8708,295.1728,302.2175,307.8024,313.3304,315.5847,320.3579,326.1615,332.369,338.6508,341.4205,344.23
Papua New Guinea,Waste - agri-food systems,Emissions (CO2eq) from N2O (AR5),kilotonnes,2.6975,2.7973,2.8736,2.9262,2.9778,3.0275,3.1304,3.206,3.2604,3.3069,3.2739,3.3774,3.4093,3.4414,3.2027,3.2433,3.2731,3.3068,3.3408,3.0954,2.85
Papua New Guinea,Waste - agri-food systems,Emissions (CO2eq) (AR5),kilotonnes,241.2781,247.0149,252.1827,258.5855,261.9252,267.1554,273.407,280.1114,286.8356,293.1777,298.4467,305.5949,311.2117,316.7718,318.7874,323.6012,329.4347,335.6758,341.9916,344.5159,347.0799
Papua New Guinea,On-farm electricity use,Emissions (CH4),kilotonnes,0.0576,0.0576,0.06,0.06,0.0624,0.0624,0.0624,0.0624,0.0624,0.0564,0.0588,0.0624,0.0624,0.0653,0.0768,0.0768,0.0833,0.084,0.083,0.0842,0.0842
Papua New Guinea,On-farm electricity use,Emissions (N2O),kilotonnes,0.0003,0.0003,0.0003,0.0003,0.0003,0.0003,0.0003,0.0003,0.0003,0.0003,0.0003,0.0003,0.0003,0.0003,0.0004,0.0003,0.0005,0.0004,0.0004,0.0004,0.0004
Papua New Guinea,On-farm electricity use,Emissions (CO2),kilotonnes,22.8869,23.0618,24.5442,24.9128,25.7211,25.71,25.4394,26.3357,26.0425,23.5286,24.1866,28.1818,29.7457,27.7005,32.5888,32.5888,35.3612,35.6441,35.2265,35.7541,35.7541
Papua New Guinea,On-farm electricity use,Emissions (CO2eq) from CH4 (AR5),kilotonnes,1.6128,1.6128,1.68,1.68,1.7472,1.7472,1.7472,1.7472,1.7472,1.5792,1.6464,1.7472,1.7472,1.8284,2.1504,2.1504,2.3324,2.352,2.324,2.3576,2.3576
Papua New Guinea,On-farm electricity use,Emissions (CO2eq) from N2O (AR5),kilotonnes,0.0795,0.0795,0.0795,0.0795,0.0795,0.0795,0.0795,0.0795,0.0795,0.0795,0.0795,0.0795,0.0795,0.0795,0.106,0.0795,0.1325,0.106,0.106,0.106,0.106
Papua New Guinea,On-farm electricity use,Emissions (CO2eq) (AR5),kilotonnes,24.5792,24.7541,26.3037,26.6723,27.5478,27.5367,27.2661,28.1624,27.8692,25.1873,25.9125,30.0085,31.5724,29.6084,34.8452,34.8187,37.8261,38.1021,37.6565,38.2177,38.2177
Papua New Guinea,Food Processing,Emissions (CH4),kilotonnes,1.3023,0.8843,1.0446,0.865,1.2906,2.9592,3.2543,2.218,3.166,1.1383,0.6537,0.6429,0.5565,0.6011,2.6428,5.9368,6.724,7.5207,9.4611,6.7957,7.1752
Papua New Guinea,Food Processing,Emissions (N2O),kilotonnes,0.0023,0.0024,0.0022,0.0022,0.0022,0.0023,0.0023,0.0023,0.0026,0.0057,0.0067,0.0066,0.007,0.0072,0.0077,0.0079,0.0084,0.0078,0.0085,0.0087,0.0089
Papua New Guinea,Food Processing,Emissions (CO2),kilotonnes,83.3079,98.8692,101.4803,118.9157,133.3417,151.4537,144.447,188.4521,150.598,276.9223,296.7786,325.9099,282.6816,312.8892,434.2775,450.3011,465.8591,408.2002,439.6681,587.4839,580.1404
Papua New Guinea,Food Processing,Emissions (CO2eq) from CH4 (AR5),kilotonnes,36.4644,24.7604,29.2488,24.22,36.1368,82.8576,91.1204,62.104,88.648,31.8724,18.3036,18.0012,15.582,16.8308,73.9984,166.2304,188.272,210.5796,264.9108,190.2796,200.9043
Papua New Guinea,Food Processing,Emissions (CO2eq) from N2O (AR5),kilotonnes,0.6095,0.636,0.583,0.583,0.583,0.6095,0.6095,0.6095,0.689,1.5105,1.7755,1.749,1.855,1.908,2.0405,2.0935,2.226,2.067,2.2525,2.3055,2.3461
Papua New Guinea,Food Processing,Emissions (CO2eq) (AR5),kilotonnes,120.3818,124.2656,131.3121,143.7187,170.0615,234.9208,236.1769,251.1656,239.935,310.3052,316.8577,345.6601,300.1186,331.628,510.3164,618.625,656.3571,620.8468,706.8314,780.069,783.3908
Papua New Guinea,Food Packaging,Emissions (CH4),kilotonnes,0.0159,0.0115,0.012,0.0106,0.014,0.0333,0.0405,0.027,0.0362,0.0108,0.006,0.0054,0.0056,0.006,0.0244,0.0478,0.0522,0.0591,0.0699,0.0406,0.0429
Papua New Guinea,Food Packaging,Emissions (N2O),kilotonnes,0,0.0001,0.0001,0,0,0,0,0,0,0,0,0,0.0001,0.0001,0.0001,0.0001,0.0001,0.0001,0.0001,0.0001,0.0001
Papua New Guinea,Food Packaging,Emissions (CO2),kilotonnes,5.3632,5.8237,7.0165,5.6534,6.1897,4.7706,5.0889,6.3946,5.7055,5.6789,5.3916,5.6227,5.9138,7.1049,10.9695,9.545,10.9694,9.5198,12.4452,9.2766,9.1606
Papua New Guinea,Food Packaging,Emissions (CO2eq) from CH4 (AR5),kilotonnes,0.4452,0.322,0.336,0.2968,0.392,0.9324,1.134,0.756,1.0136,0.3024,0.168,0.1512,0.1568,0.168,0.6832,1.3384,1.4616,1.6548,1.9572,1.1368,1.2003
Papua New Guinea,Food Packaging,Emissions (CO2eq) from N2O (AR5),kilotonnes,0,0.0265,0.0265,0,0,0,0,0,0,0,0,0,0.0265,0.0265,0.0265,0.0265,0.0265,0.0265,0.0265,0.0265,0.027
Papua New Guinea,Food Packaging,Emissions (CO2eq) (AR5),kilotonnes,5.8084,6.1722,7.379,5.9502,6.5817,5.703,6.2229,7.1506,6.7191,5.9813,5.5596,5.7739,6.0971,7.2994,11.6792,10.9099,12.4575,11.2011,14.4289,10.4399,10.3879
Papua New Guinea,Food Retail,Emissions (CH4),kilotonnes,0.009,0.009,0.0099,0.0108,0.0117,0.0117,0.0117,0.0117,0.0117,0.0108,0.0117,0.0126,0.0126,0.0148,0.0169,0.0169,0.0179,0.018,0.0178,0.0195,0.0206
Papua New Guinea,Food Retail,Emissions (N2O),kilotonnes,0,0,0,0.0001,0.0001,0.0001,0.0001,0.0001,0.0001,0.0001,0.0001,0.0001,0.0001,0.0001,0.0002,0.0002,0.0002,0.0002,0.0002,0.0001,0.0001
Papua New Guinea,Food Retail,Emissions (CO2),kilotonnes,3.5761,3.6034,4.0498,4.4843,4.8227,4.8206,4.7699,4.9379,4.883,4.5055,4.8126,5.6906,6.0063,15.1725,16.0891,16.0891,16.488,17.0056,17.0083,14.849,14.6634
Papua New Guinea,Food Retail,Emissions (CO2eq) from F-gases (AR5),kilotonnes,6.7535,14.546,24.936,37.404,52.989,60.262,70.652,81.5615,82.6005,83.12,83.12,83.6395,83.6395,83.6395,83.6395,83.6395,92.471,95.0685,97.1465,99.2245,104.0516
Papua New Guinea,Food Retail,Emissions (CO2eq) from CH4 (AR5),kilotonnes,0.252,0.252,0.2772,0.3024,0.3276,0.3276,0.3276,0.3276,0.3276,0.3024,0.3276,0.3528,0.3528,0.4144,0.4732,0.4732,0.5012,0.504,0.4984,0.546,0.5765
Papua New Guinea,Food Retail,Emissions (CO2eq) from N2O (AR5),kilotonnes,0,0,0,0.0265,0.0265,0.0265,0.0265,0.0265,0.0265,0.0265,0.0265,0.0265,0.0265,0.0265,0.053,0.053,0.053,0.053,0.053,0.0265,0.027
Papua New Guinea,Food Retail,Emissions (CO2eq) (AR5),kilotonnes,10.5816,18.4014,29.263,42.2172,58.1658,65.4367,75.776,86.8535,87.8376,87.9544,88.2867,89.7094,90.0251,99.2529,100.2548,100.2548,109.5132,112.6311,114.7062,114.646,119.3185
Papua New Guinea,Food Household Consumption,Emissions (CH4),kilotonnes,0.0826,0.1051,0.1123,0.1211,0.1168,0.1179,0.1184,0.1194,0.119,0.1138,0.1169,0.1211,0.1211,0.127,0.1327,0.1377,0.1385,0.1387,0.1372,0.1372,0.1449
Papua New Guinea,Food Household Consumption,Emissions (N2O),kilotonnes,0.0005,0.0006,0.0007,0.0007,0.0007,0.0007,0.0006,0.0007,0.0006,0.0007,0.0007,0.0007,0.0007,0.0007,0.0007,0.0008,0.0008,0.0008,0.0008,0.0008,0.0008
Papua New Guinea,Food Household Consumption,Emissions (CO2),kilotonnes,42.0566,52.8319,58.2448,62.552,60.423,60.8446,57.0592,67.9227,58.4471,62.6503,63.2601,70.1523,73.2103,63.7746,66.5587,68.6584,69.0234,69.4859,68.9161,68.9161,68.0546
Papua New Guinea,Food Household Consumption,Emissions (CO2eq) from CH4 (AR5),kilotonnes,2.3128,2.9428,3.1444,3.3908,3.2704,3.3012,3.3152,3.3432,3.332,3.1864,3.2732,3.3908,3.3908,3.556,3.7156,3.8556,3.878,3.8836,3.8416,3.8416,4.0561
Papua New Guinea,Food Household Consumption,Emissions (CO2eq) from N2O (AR5),kilotonnes,0.1325,0.159,0.1855,0.1855,0.1855,0.1855,0.159,0.1855,0.159,0.1855,0.1855,0.1855,0.1855,0.1855,0.1855,0.212,0.212,0.212,0.212,0.212,0.2157
Papua New Guinea,Food Household Consumption,Emissions (CO2eq) (AR5),kilotonnes,44.5019,55.9337,61.5747,66.1283,63.8789,64.3313,60.5334,71.4514,61.9381,66.0222,66.7188,73.7286,76.7866,67.5161,70.4598,72.726,73.1134,73.5815,72.9697,72.9697,72.3265
Papua New Guinea,Food Transport,Emissions (CH4),kilotonnes,0.0062,0.007,0.0066,0.0072,0.0071,0.0067,0.0067,0.0062,0.009,0.0111,0.0119,0.0111,0.0161,0.0154,0.0145,0.0145,0.0163,0.0147,0.0152,0.0122,0.0129
Papua New Guinea,Food Transport,Emissions (N2O),kilotonnes,0.0021,0.0026,0.0026,0.0032,0.0034,0.0036,0.0034,0.0033,0.0046,0.0055,0.0055,0.0051,0.0073,0.007,0.0065,0.0066,0.0072,0.0066,0.0068,0.0073,0.0074
Papua New Guinea,Food Transport,Emissions (CO2),kilotonnes,64.436,73.244,73.747,87.58,99.41,100.99,105.78,90.294,131.246,163.831,187.516,182.897,285.6,273,267.24,273.025,311.855,282.945,291.015,283.4872,279.9436
Papua New Guinea,Food Transport,Emissions (CO2eq) from CH4 (AR5),kilotonnes,0.1736,0.196,0.1848,0.2016,0.1988,0.1876,0.1876,0.1736,0.252,0.3108,0.3332,0.3108,0.4508,0.4312,0.406,0.406,0.4564,0.4116,0.4256,0.3416,0.3607
Papua New Guinea,Food Transport,Emissions (CO2eq) from N2O (AR5),kilotonnes,0.5565,0.689,0.689,0.848,0.901,0.954,0.901,0.8745,1.219,1.4575,1.4575,1.3515,1.9345,1.855,1.7225,1.749,1.908,1.749,1.802,1.9345,1.9685
Papua New Guinea,Food Transport,Emissions (CO2eq) (AR5),kilotonnes,65.1661,74.129,74.6208,88.6296,100.5098,102.1316,106.8686,91.3421,132.717,165.5993,189.3067,184.5593,287.9853,275.2862,269.3685,275.18,314.2194,285.1056,293.2426,285.7633,282.2728
Papua New Guinea,Energy,Emissions (CH4),kilotonnes,56.4,37.9,42.9,34.9,48.4,103,122,83.7,123,44.5,27.1,25.8,24.9,23.6,95.9,197,218,228,269,197,208
Papua New Guinea,Energy,Emissions (N2O),kilotonnes,0.245,0.253,0.254,0.26,0.266,0.27,0.268,0.263,0.276,0.274,0.27,0.282,0.32,0.332,0.32,0.311,0.336,0.324,0.328,0.341,0.347
Papua New Guinea,Energy,Emissions (CO2),kilotonnes,2970,3360,3680,4110,4720,5020,5100,6610,5590,5280,4720,5290,5080,5440,6640,6520,6920,7670,8100,8800,8690
Papua New Guinea,Energy,Emissions (CO2eq) from CH4 (AR5),kilotonnes,1579.2,1061.2,1201.2,977.2,1355.2,2884,3416,2343.6,3444,1246,758.8,722.4,697.2,660.8,2685.2,5516,6104,6384,7532,5516,5824
Papua New Guinea,Energy,Emissions (CO2eq) from N2O (AR5),kilotonnes,64.925,67.045,67.31,68.9,70.49,71.55,71.02,69.695,73.14,72.61,71.55,74.73,84.8,87.98,84.8,82.415,89.04,85.86,86.92,90.365,91.955
Papua New Guinea,Energy,Emissions (CO2eq) (AR5),kilotonnes,4614.125,4488.245,4948.51,5156.1,6145.69,7975.55,8587.02,9023.295,9107.14,6598.61,5550.35,6087.13,5862,6188.78,9410,12118.415,13113.04,14139.86,15718.92,14406.365,14605.955
Papua New Guinea,IPPU,Emissions (N2O),kilotonnes,0,0,0,0,0,0,0,0,0,0,0,0,0,0,0,0,0,0,0,0,0
Papua New Guinea,IPPU,Emissions (CO2),kilotonnes,49,49.8,50.1,51.7,54.3,55.2,56.6,57.4,57.6,57.3,56.6,55.2,57.4,57.6,57.9,58.6,62.2,63.4,64.6,62.6,63.2
Papua New Guinea,IPPU,Emissions (CO2eq) from F-gases (AR5),kilotonnes,0.6229,8.2891,17.5888,29.4442,44.312,62.1923,71.2296,83.6681,96.1065,106.893,118.5541,112.7235,121.4693,130.2151,137.9892,146.7349,155.4807,163.2548,172.0006,179.7746,188.5204
Papua New Guinea,IPPU,Emissions (CO2eq) from N2O (AR5),kilotonnes,0.0027,0.0027,0.0028,0.0029,0.0029,0.003,0.0031,0.0032,0.0032,0.0033,0.0034,0.0035,0.0036,0.0036,0.0037,0.0038,0.0039,0.0039,0.004,0.0041,0.0042
Papua New Guinea,IPPU,Emissions (CO2eq) (AR5),kilotonnes,49.6255,58.0918,67.6916,81.147,98.615,117.3953,127.8327,141.0712,153.7098,164.1963,175.1575,167.927,178.8729,187.8187,195.8929,205.3387,217.6846,226.6587,236.6046,242.3787,251.7246
Papua New Guinea,Waste,Emissions (CH4),kilotonnes,26.9,27.6,28.3,29,29.7,30.5,31.3,32.1,32.9,33.7,34.4,35.3,36,36.8,37.7,38.6,39.4,40.2,41,41.7,42.5
Papua New Guinea,Waste,Emissions (N2O),kilotonnes,0.0421,0.0431,0.0442,0.0456,0.0468,0.048,0.0491,0.05,0.0508,0.051,0.0521,0.0534,0.0553,0.0564,0.0568,0.0568,0.0571,0.057,0.0582,0.0599,0.0607
Papua New Guinea,Waste,Emissions (CO2),kilotonnes,0.687,0.697,0.706,0.721,0.738,0.758,0.766,0.781,0.794,0.809,0.823,0.837,0.851,0.851,0.851,0.851,0.851,0.873,0.895,0.901,0.911
Papua New Guinea,Waste,Emissions (CO2eq) from CH4 (AR5),kilotonnes,753.2,772.8,792.4,812,831.6,854,876.4,898.8,921.2,943.6,963.2,988.4,1008,1030.4,1055.6,1080.8,1103.2,1125.6,1148,1167.6,1190
Papua New Guinea,Waste,Emissions (CO2eq) from N2O (AR5),kilotonnes,11.1565,11.4215,11.713,12.084,12.402,12.72,13.0115,13.25,13.462,13.515,13.8065,14.151,14.6545,14.946,15.052,15.052,15.1315,15.105,15.423,15.8735,16.0855
Papua New Guinea,Waste,Emissions (CO2eq) (AR5),kilotonnes,765.0435,784.9185,804.819,824.805,844.74,867.478,890.1775,912.831,935.456,957.924,977.8295,1003.388,1023.5055,1046.197,1071.503,1096.703,1119.1825,1141.578,1164.318,1184.3745,1206.9965
Papua New Guinea,Other,Emissions (N2O),kilotonnes,0.198,0.228,0.244,0.266,0.29,0.284,0.27,0.266,0.256,0.25,0.243,0.197,0.252,0.267,0.288,0.278,0.322,0.303,0.309,0.291,0.294
Papua New Guinea,Other,Emissions (CO2eq) from N2O (AR5),kilotonnes,52.47,60.42,64.66,70.49,76.85,75.26,71.55,70.49,67.84,66.25,64.395,52.205,66.78,70.755,76.32,73.67,85.33,80.295,81.885,77.115,77.91
Papua New Guinea,Other,Emissions (CO2eq) (AR5),kilotonnes,52.47,60.42,64.66,70.49,76.85,75.26,71.55,70.49,67.84,66.25,64.395,52.205,66.78,70.755,76.32,73.67,85.33,80.295,81.885,77.115,77.91
Papua New Guinea,Farm-gate emissions,Emissions (CH4),kilotonnes,29.7823,32.5022,36.6907,37.391,40.8829,35.6015,38.3543,35.751,36.1601,37.2463,38.2794,37.9513,38.9592,38.3501,40.8684,43.2612,37.8041,38.7189,42.4429,39.736,39.4352
Papua New Guinea,Farm-gate emissions,Direct emissions (N2O),kilotonnes,0.4092,0.4273,0.4428,0.4746,0.6003,0.5884,0.5507,0.5713,0.5962,0.6847,0.6408,0.5763,0.6551,0.6553,0.663,0.721,0.727,0.813,0.9,0.8555,0.8223
Papua New Guinea,Farm-gate emissions,Indirect emissions (N2O),kilotonnes,0.1339,0.1411,0.147,0.1572,0.1979,0.1939,0.1814,0.1884,0.1966,0.2258,0.2119,0.1918,0.2178,0.2175,0.22,0.2389,0.241,0.2692,0.2977,0.2836,0.2732
Papua New Guinea,Farm-gate emissions,Emissions (N2O),kilotonnes,4.7946,4.9191,5.2223,5.2974,5.7906,5.2463,5.3993,5.2093,5.1996,5.3259,5.2977,5.1255,5.2331,5.2375,5.4597,5.7481,5.2285,5.4075,5.8508,5.531,5.4715
Papua New Guinea,Farm-gate emissions,Emissions (CO2),kilotonnes,22332.3423,22691.6792,22937.4512,22785.7998,22896.628,22687.3507,22460.4061,22586.0377,22098.2036,21930.2158,21923.1696,21874.7922,21804.0748,21749.291,21663.524,21658.764,21487.1698,21461.396,21567.0929,21758.1614,22118.2531
Papua New Guinea,Farm-gate emissions,Emissions (CO2eq) from CH4 (AR5),kilotonnes,833.9041,910.062,1027.3404,1046.949,1144.7205,996.8414,1073.9217,1001.0268,1012.482,1042.8957,1071.8232,1062.6359,1090.8563,1073.8022,1144.3165,1211.3139,1058.5145,1084.1297,1188.4003,1112.6092,1104.1846
Papua New Guinea,Farm-gate emissions,Emissions (CO2eq) from N2O (AR5),kilotonnes,1270.575,1303.5719,1383.9105,1403.8118,1534.5031,1390.2824,1430.8087,1380.4722,1377.8976,1411.3649,1403.8811,1358.2537,1386.7683,1387.9445,1446.8221,1523.2569,1385.5449,1432.9814,1550.4718,1465.7125,1449.95
Papua New Guinea,Farm-gate emissions,Emissions (CO2eq) (AR5),kilotonnes,24436.8214,24905.3132,25348.7021,25236.5605,25575.8516,25074.4745,24965.1364,24967.5367,24488.5833,24384.4764,24398.8739,24295.6818,24281.6994,24211.0377,24254.6627,24393.3348,23931.2292,23978.5071,24305.965,24336.4831,24672.3878
Papua New Guinea,Land Use change,Emissions (CH4),kilotonnes,8.1915,0.3218,4.5133,1.6704,10.8464,1.0107,3.1439,0.6144,0.8218,0.79,1.0717,0.6782,0.4575,1.1569,1.0851,19.5293,0.7739,0.8377,2.6305,1.1251,0.4149
Papua New Guinea,Land Use change,Emissions (N2O),kilotonnes,0.2409,0.0294,0.4121,0.1525,0.9903,0.0923,0.287,0.0561,0.075,0.0721,0.0979,0.0619,0.0418,0.1056,0.0991,1.7831,0.0707,0.0765,0.2402,0.1027,0.0379
Papua New Guinea,Land Use change,Emissions (CO2),kilotonnes,4137.0502,3367.7618,3367.7618,3367.7618,3367.7618,3367.7618,3367.7618,3367.7618,3367.7618,3367.7618,3367.7618,10500.4913,10500.4913,10500.4913,10500.4913,10500.4913,11465.5664,11465.5664,11465.5664,11465.5664,11465.5664
Papua New Guinea,Land Use change,Emissions (CO2eq) from CH4 (AR5),kilotonnes,229.3608,9.0106,126.3719,46.7706,303.6992,28.2995,88.0279,17.2021,23.0099,22.1188,30.0089,18.9892,12.8091,32.3939,30.3841,546.8192,21.6699,23.456,73.6552,31.5017,11.6163
Papua New Guinea,Land Use change,Emissions (CO2eq) from N2O (AR5),kilotonnes,63.8451,7.7863,109.2018,40.4159,262.4358,24.4545,76.0676,14.8649,19.8836,19.1136,25.9316,16.4092,11.0687,27.9926,26.2558,472.5231,18.7256,20.269,63.6477,27.2215,10.038
Papua New Guinea,Land Use change,Emissions (CO2eq) (AR5),kilotonnes,4430.2561,3384.5587,3603.3356,3454.9484,3933.8968,3420.5158,3531.8573,3399.8288,3410.6554,3408.9942,3423.7024,10535.8897,10524.3691,10560.8777,10557.1311,11519.8335,11505.9619,11509.2913,11602.8693,11524.2896,11487.2207
Papua New Guinea,Emissions on agricultural land,Emissions (CH4),kilotonnes,37.9737,32.824,41.204,39.0614,51.7293,36.6122,41.4982,36.3653,36.9819,38.0362,39.3511,38.6295,39.4166,39.507,41.9536,62.7905,38.578,39.5566,45.0734,40.8611,39.85
Papua New Guinea,Emissions on agricultural land,Emissions (N2O),kilotonnes,5.0355,4.9485,5.6344,5.4499,6.7809,5.3386,5.6863,5.2654,5.2746,5.398,5.3955,5.1874,5.2749,5.3432,5.5588,7.5312,5.2991,5.484,6.091,5.6337,5.5094
Papua New Guinea,Emissions on agricultural land,Emissions (CO2),kilotonnes,26469.3925,26059.4411,26305.213,26153.5616,26264.3898,26055.1125,25828.1679,25953.7995,25465.9655,25297.9777,25290.9315,32375.2835,32304.5661,32249.7822,32164.0153,32159.2553,32952.7362,32926.9624,33032.6592,33223.7277,33583.8195
Papua New Guinea,Emissions on agricultural land,Emissions (CO2eq) from CH4 (AR5),kilotonnes,1063.2649,919.0726,1153.7123,1093.7196,1448.4197,1025.1409,1161.9495,1018.2289,1035.4919,1065.0145,1101.8321,1081.6251,1103.6653,1106.1961,1174.7006,1758.1331,1080.1844,1107.5857,1262.0556,1144.1109,1115.8009
Papua New Guinea,Emissions on agricultural land,Emissions (CO2eq) from N2O (AR5),kilotonnes,1334.4201,1311.3582,1493.1124,1444.2277,1796.9388,1414.7368,1506.8763,1395.3371,1397.7812,1430.4785,1429.8127,1374.6629,1397.837,1415.9371,1473.0779,1995.78,1404.2705,1453.2504,1614.1196,1492.9341,1459.988
Papua New Guinea,Emissions on agricultural land,Emissions (CO2eq) (AR5),kilotonnes,28867.0776,28289.8719,28952.0377,28691.5089,29509.7484,28494.9903,28496.9937,28367.3655,27899.2386,27793.4706,27822.5764,34831.5715,34806.0685,34771.9154,34811.7938,35913.1684,35437.1911,35487.7984,35908.8343,35860.7727,36159.6084
Papua New Guinea,Pre- and post- production,Emissions (CH4),kilotonnes,9.9943,9.7966,10.1493,10.2054,10.7507,12.6243,13.1467,12.3342,13.532,11.6937,11.4009,11.649,11.7672,12.02,14.179,17.6719,18.6808,19.7055,21.8789,19.283,19.7745
Papua New Guinea,Pre- and post- production,Emissions (N2O),kilotonnes,0.0154,0.0166,0.0167,0.0175,0.0179,0.0184,0.0185,0.0188,0.0205,0.0248,0.0257,0.0255,0.0284,0.0284,0.0277,0.0281,0.0296,0.0284,0.0294,0.0291,0.0285
Papua New Guinea,Pre- and post- production,Emissions (CO2),kilotonnes,221.6267,257.434,269.0826,304.0982,329.9082,348.5895,342.5844,384.337,376.9221,537.1166,581.9455,618.4543,683.1577,699.6417,827.7236,850.2074,909.5561,822.8006,864.2792,999.7669,987.7167
Papua New Guinea,Pre- and post- production,Emissions (CO2eq) from F-gases (AR5),kilotonnes,6.7535,14.546,24.936,37.404,52.989,60.262,70.652,81.5615,82.6005,83.12,83.12,83.6395,83.6395,83.6395,83.6395,83.6395,92.471,95.0685,97.1465,99.2245,104.0516
Papua New Guinea,Pre- and post- production,Emissions (CO2eq) from CH4 (AR5),kilotonnes,279.8414,274.3036,284.1803,285.7509,301.0203,353.4815,368.1086,345.357,378.8956,327.4244,319.2248,326.1715,329.4828,336.5592,397.0115,494.8119,523.0631,551.7546,612.6084,539.9237,553.6855
Papua New Guinea,Pre- and post- production,Emissions (CO2eq) from N2O (AR5),kilotonnes,4.0755,4.3873,4.4371,4.6487,4.7533,4.8825,4.9059,4.9815,5.4334,6.5664,6.7984,6.7694,7.5168,7.5224,7.3367,7.4568,7.8311,7.5203,7.7928,7.7064,7.5402
Papua New Guinea,Pre- and post- production,Emissions (CO2eq) (AR5),kilotonnes,512.2971,550.6709,582.636,631.9018,688.6707,767.2155,786.2509,816.237,843.8516,954.2274,991.0887,1035.0347,1103.7968,1127.3628,1315.7113,1436.1156,1532.9214,1477.144,1581.8269,1646.6215,1652.9941
Papua New Guinea,Agri-food systems,Emissions (CH4),kilotonnes,47.9681,42.6206,51.3533,49.2668,62.48,49.2365,54.6449,48.6995,50.5138,49.73,50.752,50.2784,51.1839,51.527,56.1326,80.4623,57.2588,59.2622,66.9523,60.1441,59.6245
Papua New Guinea,Agri-food systems,Emissions (N2O),kilotonnes,5.0509,4.9651,5.6511,5.4675,6.7988,5.3571,5.7048,5.2842,5.2951,5.4228,5.4212,5.213,5.3032,5.3715,5.5865,7.5594,5.3287,5.5123,6.1204,5.6628,5.5378
Papua New Guinea,Agri-food systems,Emissions (CO2),kilotonnes,26691.0192,26316.8751,26574.2956,26457.6598,26594.298,26403.702,26170.7523,26338.1365,25842.8876,25835.0943,25872.877,32993.7378,32987.7238,32949.4239,32991.7389,33009.4627,33862.2923,33749.763,33896.9384,34223.4946,34571.5362
Papua New Guinea,Agri-food systems,Emissions (CO2eq) from F-gases (AR5),kilotonnes,6.7535,14.546,24.936,37.404,52.989,60.262,70.652,81.5615,82.6005,83.12,83.12,83.6395,83.6395,83.6395,83.6395,83.6395,92.471,95.0685,97.1465,99.2245,104.0516
Papua New Guinea,Agri-food systems,Emissions (CO2eq) from CH4 (AR5),kilotonnes,1343.1063,1193.3762,1437.8926,1379.4705,1749.44,1378.6224,1530.0581,1363.5859,1414.3876,1392.439,1421.057,1407.7966,1433.1481,1442.7553,1571.7121,2252.945,1603.2476,1659.3402,1874.664,1684.0346,1669.4864
Papua New Guinea,Agri-food systems,Emissions (CO2eq) from N2O (AR5),kilotonnes,1338.4957,1315.7456,1497.5494,1448.8764,1801.6921,1419.6194,1511.7822,1400.3186,1403.2146,1437.0449,1436.6112,1381.4323,1405.3538,1423.4594,1480.4146,2003.2367,1412.1017,1460.7707,1621.9123,1500.6405,1467.5282
Papua New Guinea,Agri-food systems,Emissions (CO2eq) (AR5),kilotonnes,29379.3746,28840.5428,29534.6736,29323.4107,30198.4191,29262.2057,29283.2446,29183.6025,28743.0902,28747.6981,28813.6651,35866.6061,35909.8653,35899.2782,36127.5051,37349.284,36970.1125,36964.9424,37490.6612,37507.3942,37812.6025
Papua New Guinea,IPCC Agriculture,Emissions (CH4),kilotonnes,29.7523,32.4709,36.6582,37.3585,40.8399,35.55,38.3018,35.6983,36.1061,37.191,38.2213,37.8935,38.9031,38.2925,40.809,43.2014,37.7441,38.6608,42.3853,39.6788,39.3779
Papua New Guinea,IPCC Agriculture,Emissions (CH4),kilotonnes,46.7,,,,,,,,,,,,,,,33.85,,,,,
Papua New Guinea,IPCC Agriculture,Direct emissions (N2O),kilotonnes,0.4092,0.4273,0.4428,0.4746,0.6003,0.5884,0.5507,0.5713,0.5962,0.6847,0.6408,0.5763,0.6551,0.6553,0.663,0.721,0.727,0.813,0.9,0.8555,0.8223
Papua New Guinea,IPCC Agriculture,Indirect emissions (N2O),kilotonnes,0.1339,0.1411,0.147,0.1572,0.1979,0.1939,0.1814,0.1884,0.1966,0.2258,0.2119,0.1918,0.2178,0.2175,0.22,0.2389,0.241,0.2692,0.2977,0.2836,0.2732
Papua New Guinea,IPCC Agriculture,Emissions (N2O),kilotonnes,4.7779,4.9023,5.2055,5.2806,5.7736,5.2363,5.3892,5.0808,5.071,5.1937,5.1618,4.9866,5.1122,5.1154,5.3376,5.6261,5.1064,5.2841,5.7268,5.4066,5.3471
Papua New Guinea,IPCC Agriculture,Emissions (N2O),kilotonnes,14.896,,,,,,,,,,,,,,,2.11,,,,,
Papua New Guinea,IPCC Agriculture,Emissions (CO2eq) from CH4 (AR5),kilotonnes,833.0632,909.1865,1026.4283,1046.0381,1143.5182,995.3997,1072.4506,999.5518,1010.9699,1041.3479,1070.1953,1061.018,1089.2874,1072.19,1142.652,1209.6402,1056.8341,1082.5036,1186.7871,1111.0062,1102.5816
Papua New Guinea,IPCC Agriculture,Emissions (CO2eq) from CH4 (AR5),kilotonnes,1307.6,,,,,,,,,,,,,,,947.8,,,,,
Papua New Guinea,IPCC Agriculture,Emissions (CO2eq) from N2O (AR5),kilotonnes,1266.133,1299.1218,1379.4523,1399.3521,1530,1387.6274,1428.1504,1346.4025,1343.816,1376.332,1367.8806,1321.4359,1354.7409,1355.5843,1414.4559,1490.9118,1353.2032,1400.279,1517.6142,1432.7566,1416.9941
Papua New Guinea,IPCC Agriculture,Emissions (CO2eq) from N2O (AR5),kilotonnes,3947.44,,,,,,,,,,,,,,,559.15,,,,,
Papua New Guinea,IPCC Agriculture,Emissions (CO2eq) (AR5),kilotonnes,2099.1962,2208.3083,2405.8806,2445.3902,2673.5183,2383.027,2500.601,2345.9543,2354.7858,2417.6799,2438.0759,2382.454,2444.0283,2427.7743,2557.1079,2700.552,2410.0373,2482.7826,2704.4012,2543.7628,2519.5757
Papua New Guinea,IPCC Agriculture,Emissions (CO2eq) (AR5),kilotonnes,5255.04,,,,,,,,,,,,,,,1506.95,,,,,
Papua New Guinea,Agricultural Soils,Direct emissions (N2O),kilotonnes,0.4092,0.4273,0.4428,0.4746,0.6003,0.5884,0.5507,0.5713,0.5962,0.6847,0.6408,0.5763,0.6551,0.6553,0.663,0.721,0.727,0.813,0.9,0.8555,0.8223
Papua New Guinea,Agricultural Soils,Direct emissions (N2O),kilotonnes,,,,,,,,,,,,,,,,1.33,,,,,
Papua New Guinea,Agricultural Soils,Indirect emissions (N2O),kilotonnes,0.1339,0.1411,0.147,0.1572,0.1979,0.1939,0.1814,0.1884,0.1966,0.2258,0.2119,0.1918,0.2178,0.2175,0.22,0.2389,0.241,0.2692,0.2977,0.2836,0.2732
Papua New Guinea,Agricultural Soils,Indirect emissions (N2O),kilotonnes,,,,,,,,,,,,,,,,0.14,,,,,
Papua New Guinea,Agricultural Soils,Emissions (N2O),kilotonnes,4.5119,4.5839,4.6372,4.6537,4.8346,4.7858,4.6933,4.6913,4.6444,4.7314,4.6684,4.581,4.6827,4.6731,4.6654,4.7423,4.7294,4.8403,4.9745,4.9401,4.9514
Papua New Guinea,Agricultural Soils,Emissions (N2O),kilotonnes,12.55,,,,,,,,,,,,,,,,,,,,
Papua New Guinea,Agricultural Soils,Emissions (CO2eq) from N2O (AR5),kilotonnes,1195.6535,1214.74,1228.8652,1233.2406,1281.1639,1268.2268,1243.7265,1243.2003,1230.7725,1253.8322,1237.1308,1213.9541,1240.9236,1238.3797,1236.3381,1256.7204,1253.2888,1282.6838,1318.2389,1309.115,1312.1212
Papua New Guinea,Agricultural Soils,Emissions (CO2eq) from N2O (AR5),kilotonnes,3325.75,,,,,,,,,,,,,,,,,,,,
Papua New Guinea,Agricultural Soils,Emissions (CO2eq) (AR5),kilotonnes,1195.6535,1214.74,1228.8652,1233.2406,1281.1639,1268.2268,1243.7265,1243.2003,1230.7725,1253.8322,1237.1308,1213.9541,1240.9236,1238.3797,1236.3381,1256.7204,1253.2888,1282.6838,1318.2389,1309.115,1312.1212
Papua New Guinea,Agricultural Soils,Emissions (CO2eq) (AR5),kilotonnes,3325.75,,,,,,,,,,,,,,,,,,,,
Papua New Guinea,LULUCF,Emissions (CH4),kilotonnes,9.5757,0.3788,5.658,1.8141,11.2776,1.1123,3.3272,0.6813,0.9159,1.0204,1.2204,0.703,0.5838,1.3106,1.1892,23.8751,0.878,0.9467,2.8288,1.244,0.5214
Papua New Guinea,LULUCF,Emissions (CH4),kilotonnes,0.13,,,,,,,,,,,,,,,,,,,,
Papua New Guinea,LULUCF,Emissions (N2O),kilotonnes,0.2816,0.0346,0.5166,0.1656,1.0297,0.1016,0.3038,0.0622,0.0836,0.0932,0.1114,0.0642,0.0533,0.1197,0.1086,2.1799,0.0802,0.0864,0.2583,0.1136,0.0476
Papua New Guinea,LULUCF,Emissions (N2O),kilotonnes,0.01,,,,,,,,,,,,,,,,,,,,
Papua New Guinea,LULUCF,Emissions (CO2),kilotonnes,26400.6493,25989.659,26234.686,26081.7334,26175.6017,25972.2165,25732.8764,25557.7996,25066.4549,24887.7051,24864.1762,31959.1681,31938.8121,31881.138,31798.4559,31798.4559,32595.3067,32570.2554,32675.3307,32868.0454,33228.1371
Papua New Guinea,LULUCF,Emissions (CO2),kilotonnes,-180769,,,,,,,,,,,,,,,,,,,,
Papua New Guinea,LULUCF,Emissions (CO2eq) from CH4 (AR5),kilotonnes,268.1198,10.6063,158.4247,50.7946,315.7715,31.1441,93.162,19.0752,25.6462,28.5714,34.1713,19.683,16.3474,36.6956,33.298,668.5038,24.5838,26.5085,79.206,34.8316,14.5996
Papua New Guinea,LULUCF,Emissions (CO2eq) from N2O (AR5),kilotonnes,74.6341,9.1652,136.8996,43.8932,272.8677,26.9126,80.5041,16.4835,22.1617,24.6894,29.5285,17.0087,14.1263,31.7098,28.7738,577.6745,21.2436,22.9068,68.4443,30.0991,12.6159
Papua New Guinea,LULUCF,Emissions (CO2eq) (AR5),kilotonnes,26743.4032,26009.4305,26530.0102,26176.4212,26764.2409,26030.2732,25906.5426,25593.3583,25114.2627,24940.9659,24927.8761,31995.8597,31969.2858,31949.5433,31860.5277,33044.6341,32641.1342,32619.6706,32822.9809,32932.9761,33255.3526
Papua New Guinea,LULUCF,Emissions (CO2eq) (AR5),kilotonnes,-180769,,,,,,,,,,,,,,,,,,,,
Papua New Guinea,AFOLU,Emissions (CH4),kilotonnes,39.328,32.8497,42.3162,39.1726,52.1175,36.6623,41.629,36.3795,37.022,38.2114,39.4417,38.5965,39.487,39.6031,41.9982,67.0766,38.6221,39.6076,45.214,40.9228,39.8993
Papua New Guinea,AFOLU,Emissions (N2O),kilotonnes,5.0595,4.9369,5.7221,5.4462,6.8033,5.3379,5.693,5.143,5.1546,5.2869,5.2732,5.0507,5.1655,5.2351,5.4461,7.806,5.1866,5.3705,5.9851,5.5202,5.3948
Papua New Guinea,AFOLU,Emissions (CO2),kilotonnes,26400.6493,25989.659,26234.686,26081.7334,26175.6017,25972.2165,25732.8764,25557.7996,25066.4549,24887.7051,24864.1762,31959.1681,31938.8121,31881.138,31798.4559,31798.4559,32595.3067,32570.2554,32675.3307,32868.0454,33228.1371
Papua New Guinea,AFOLU,Emissions (CO2eq) from CH4 (AR5),kilotonnes,1101.183,919.7928,1184.853,1096.8328,1459.2897,1026.5438,1165.6126,1018.627,1036.6161,1069.9193,1104.3667,1080.701,1105.6348,1108.8856,1175.95,1878.1439,1081.4179,1109.0121,1265.993,1145.8378,1117.1812
Papua New Guinea,AFOLU,Emissions (CO2eq) from N2O (AR5),kilotonnes,1340.7671,1308.287,1516.3518,1443.2453,1802.8678,1414.54,1508.6546,1362.886,1365.9776,1401.0214,1397.4091,1338.4446,1368.8673,1387.2941,1443.2297,2068.5863,1374.4468,1423.1858,1586.0585,1462.8557,1429.61
Papua New Guinea,AFOLU,Emissions (CO2eq) (AR5),kilotonnes,28842.5994,28217.7388,28935.8909,28621.8115,29437.7592,28413.3002,28407.1436,27939.3126,27469.0486,27358.6458,27365.952,34378.3137,34413.3142,34377.3177,34417.6356,35745.1861,35051.1715,35102.4533,35527.3822,35476.7389,35774.9282
Papua New Guinea,All sectors with LULUCF,Emissions (CH4),kilotonnes,122.628,98.3497,113.5162,103.0726,130.2175,170.1623,194.929,152.1795,192.922,116.4114,100.9417,99.6965,100.387,100.0031,175.5982,302.6766,296.0221,307.8076,355.214,279.6228,290.3993
Papua New Guinea,All sectors with LULUCF,Emissions (N2O),kilotonnes,5.5446,5.461,6.2643,6.0178,7.4061,5.9399,6.2801,5.722,5.7374,5.8619,5.8384,5.5831,5.7929,5.8905,6.111,8.4518,5.9017,6.0545,6.6803,6.2121,6.0965
Papua New Guinea,All sectors with LULUCF,Emissions (CO2),kilotonnes,29420.3363,29400.156,29965.492,30244.1544,30950.6397,31048.1745,30890.2424,32225.9806,30714.8489,30225.8141,29641.5992,37305.2051,37077.0631,37379.589,38497.2069,38377.9069,39578.3577,40304.5284,40840.8257,41731.5464,41982.2481
Papua New Guinea,All sectors with LULUCF,Emissions (CO2eq) from F-gases (AR5),kilotonnes,0.6229,8.2891,17.5888,29.4442,44.312,62.1923,71.2296,83.6681,96.1065,106.893,118.5541,112.7235,121.4693,130.2151,137.9892,146.7349,155.4807,163.2548,172.0006,179.7746,188.5204
Papua New Guinea,All sectors with LULUCF,Emissions (CO2eq) from CH4 (AR5),kilotonnes,3433.583,2753.7928,3178.453,2886.0328,3646.0897,4764.5438,5458.0126,4261.027,5401.8161,3259.5193,2826.3667,2791.501,2810.8348,2800.0856,4916.75,8474.9439,8288.6179,8618.6121,9945.993,7829.4378,8131.1812
Papua New Guinea,All sectors with LULUCF,Emissions (CO2eq) from N2O (AR5),kilotonnes,1469.3212,1447.1762,1660.0377,1594.7222,1962.6127,1574.073,1664.2391,1516.3241,1520.4228,1553.3997,1547.164,1479.5341,1535.1053,1560.9787,1619.4054,2239.727,1563.9522,1604.4498,1770.2905,1646.2133,1615.5647
Papua New Guinea,All sectors with LULUCF,Emissions (CO2eq) (AR5),kilotonnes,34323.8634,33609.4141,34821.5714,34754.3535,36603.6541,37448.9835,38083.7238,38086.9998,37733.1943,35145.6262,34133.684,41688.9637,41544.4725,41870.8684,45171.3514,49239.3128,49586.4086,50690.845,52729.1097,51386.9721,51917.5143
Papua New Guinea,All sectors without LULUCF,Emissions (CH4),kilotonnes,113.0523,97.9709,107.8582,101.2585,118.9399,169.05,191.6018,151.4983,192.0061,115.391,99.7213,98.9935,99.8031,98.6925,174.409,278.8014,295.1441,306.8608,352.3853,278.3788,289.8779
Papua New Guinea,All sectors without LULUCF,Emissions (N2O),kilotonnes,5.263,5.4265,5.7477,5.8522,6.3764,5.8383,5.9764,5.6598,5.6538,5.7687,5.7269,5.519,5.7395,5.7708,6.0024,6.2719,5.8215,5.9681,6.4221,6.0985,6.0489
Papua New Guinea,All sectors without LULUCF,Emissions (CO2),kilotonnes,3019.687,3410.497,3730.806,4162.421,4775.038,5075.958,5157.366,6668.181,5648.394,5338.109,4777.423,5346.037,5138.251,5498.451,6698.751,6579.451,6983.051,7734.273,8165.495,8863.501,8754.111
Papua New Guinea,All sectors without LULUCF,Emissions (CO2eq) from F-gases (AR5),kilotonnes,0.6229,8.2891,17.5888,29.4442,44.312,62.1923,71.2296,83.6681,96.1065,106.893,118.5541,112.7235,121.4693,130.2151,137.9892,146.7349,155.4807,163.2548,172.0006,179.7746,188.5204
Papua New Guinea,All sectors without LULUCF,Emissions (CO2eq) from CH4 (AR5),kilotonnes,3165.4632,2743.1865,3020.0283,2835.2381,3330.3182,4733.3997,5364.8506,4241.9518,5376.1699,3230.9479,2792.1953,2771.818,2794.4874,2763.39,4883.452,7806.4402,8264.0341,8592.1036,9866.7871,7794.6062,8116.5816
Papua New Guinea,All sectors without LULUCF,Emissions (CO2eq) from N2O (AR5),kilotonnes,1394.6871,1438.011,1523.1381,1550.829,1689.745,1547.1604,1583.735,1499.8406,1498.2612,1528.7103,1517.6355,1462.5254,1520.979,1529.269,1590.6316,1662.0526,1542.7086,1581.543,1701.8462,1616.1142,1602.9487
Papua New Guinea,All sectors without LULUCF,Emissions (CO2eq) (AR5),kilotonnes,7580.4602,7599.9836,8291.5612,8577.9323,9839.4132,11418.7104,12177.1812,12493.6415,12618.9316,10204.6602,9205.8079,9693.104,9575.1867,9921.3251,13310.8238,16194.6787,16945.2744,18071.1744,19906.1288,18453.996,18662.1617
Paraguay,Crop Residues,Direct emissions (N2O),kilotonnes,0.811,1.0257,1.0056,1.1954,1.1902,1.2436,1.3464,1.7636,1.8786,1.5565,2.311,2.5146,1.9859,2.793,2.7888,2.9323,2.9595,3.1279,3.1978,3.0395,3.4344
Paraguay,Crop Residues,Indirect emissions (N2O),kilotonnes,0.1825,0.2308,0.2263,0.269,0.2678,0.2798,0.3029,0.3968,0.4227,0.3502,0.52,0.5658,0.4468,0.6284,0.6275,0.6598,0.6659,0.7038,0.7195,0.6839,0.7727
Paraguay,Crop Residues,Emissions (N2O),kilotonnes,0.9935,1.2565,1.2318,1.4643,1.458,1.5234,1.6493,2.1605,2.3013,1.9068,2.831,3.0804,2.4327,3.4214,3.4163,3.592,3.6254,3.8316,3.9173,3.7234,4.2072
Paraguay,Crop Residues,Emissions (CO2eq) from N2O (AR5),kilotonnes,263.2837,332.9784,326.4402,388.0522,386.3724,403.7015,437.0644,572.5231,609.8505,505.2902,750.217,816.3078,644.6568,906.6805,905.3134,951.8854,960.7345,1015.3827,1038.0782,986.697,1114.903
Paraguay,Crop Residues,Emissions (CO2eq) (AR5),kilotonnes,263.2837,332.9784,326.4402,388.0522,386.3724,403.7015,437.0644,572.5231,609.8505,505.2902,750.217,816.3078,644.6568,906.6805,905.3134,951.8854,960.7345,1015.3827,1038.0782,986.697,1114.903
Paraguay,Rice Cultivation,Emissions (CH4),kilotonnes,3.6753,3.7352,3.7836,4.2424,4.34,4.69,5.88,5.88,4.7418,7,8.3266,11.0048,11.2,13.72,16.8,17.92,18.2,19.6,19.88,22.68,25.2
Paraguay,Rice Cultivation,Emissions (CH4),kilotonnes,5.13,5.2,5.25,5.83,6.05,6.44,8.09,8.07,6.37,9.36,11.12,14.67,14.93,18.27,22.35,23.84,,,,,
Paraguay,Rice Cultivation,Emissions (CO2eq) from CH4 (AR5),kilotonnes,102.9078,104.5856,105.9419,118.7878,121.52,131.32,164.64,164.64,132.7704,196,233.1459,308.1355,313.6,384.16,470.4,501.76,509.6,548.8,556.64,635.04,705.6
Paraguay,Rice Cultivation,Emissions (CO2eq) from CH4 (AR5),kilotonnes,143.64,145.6,147,163.24,169.4,180.32,226.52,225.96,178.36,262.08,311.36,410.76,418.04,511.56,625.8,667.52,,,,,
Paraguay,Rice Cultivation,Emissions (CO2eq) (AR5),kilotonnes,102.9078,104.5856,105.9419,118.7878,121.52,131.32,164.64,164.64,132.7704,196,233.1459,308.1355,313.6,384.16,470.4,501.76,509.6,548.8,556.64,635.04,705.6
Paraguay,Rice Cultivation,Emissions (CO2eq) (AR5),kilotonnes,143.64,145.6,147,163.24,169.4,180.32,226.52,225.96,178.36,262.08,311.36,410.76,418.04,511.56,625.8,667.52,,,,,
Paraguay,Burning - Crop residues,Emissions (CH4),kilotonnes,1.1769,1.5548,1.4668,1.7003,1.7078,1.6538,2.2514,2.5101,2.9223,2.8885,3.0134,3.2352,3.6551,3.7241,3.1501,3.6137,3.5572,3.5038,3.7573,3.8746,3.9408
Paraguay,Burning - Crop residues,Emissions (CH4),kilotonnes,,,,,,0.19,,,,,,,,,,,,,,,
Paraguay,Burning - Crop residues,Emissions (N2O),kilotonnes,0.0305,0.0403,0.038,0.0441,0.0443,0.0429,0.0584,0.0651,0.0758,0.0749,0.0781,0.0839,0.0948,0.0966,0.0817,0.0937,0.0922,0.0908,0.0974,0.1005,0.1022
Paraguay,Burning - Crop residues,Emissions (N2O),kilotonnes,,,,,,0.005,,,,,,,,,,,,,,,
Paraguay,Burning - Crop residues,Emissions (CO2eq) from CH4 (AR5),kilotonnes,32.9524,43.5354,41.0702,47.6078,47.8179,46.3069,63.0392,70.2815,81.8242,80.8769,84.3746,90.5858,102.3435,104.2753,88.2025,101.183,99.603,98.1061,105.205,108.4902,110.3435
Paraguay,Burning - Crop residues,Emissions (CO2eq) from CH4 (AR5),kilotonnes,,,,,,5.32,,,,,,,,,,,,,,,
Paraguay,Burning - Crop residues,Emissions (CO2eq) from N2O (AR5),kilotonnes,8.0855,10.6823,10.0774,11.6815,11.7331,11.3623,15.468,17.245,20.0772,19.8448,20.703,22.2271,25.1121,25.5861,21.6423,24.8273,24.4396,24.0723,25.8142,26.6203,27.075
Paraguay,Burning - Crop residues,Emissions (CO2eq) from N2O (AR5),kilotonnes,,,,,,1.325,,,,,,,,,,,,,,,
Paraguay,Burning - Crop residues,Emissions (CO2eq) (AR5),kilotonnes,41.0379,54.2177,51.1476,59.2893,59.551,57.6692,78.5072,87.5265,101.9014,100.7217,105.0776,112.8128,127.4556,129.8614,109.8448,126.0104,124.0426,122.1785,131.0191,135.1104,137.4185
Paraguay,Burning - Crop residues,Emissions (CO2eq) (AR5),kilotonnes,,,,,,6.645,,,,,,,,,,,,,,,
Paraguay,Enteric Fermentation,Emissions (CH4),kilotonnes,558.829,567.3763,531.9392,580.7294,552.6569,564.5236,572.0892,599.5131,599.9301,664.4253,701.738,709.3641,757.3763,762.2816,823.4199,809.5962,789.6534,785.626,767.133,784.0762,796.8916
Paraguay,Enteric Fermentation,Emissions (CH4),kilotonnes,567.11,573.31,543.66,549.65,557.78,568.01,575.69,602.15,604.11,668.51,705.88,713.6,761.83,767.37,829.47,815.51,,,,,
Paraguay,Enteric Fermentation,Emissions (CO2eq) from CH4 (AR5),kilotonnes,15647.2114,15886.5368,14894.2966,16260.4236,15474.3943,15806.6612,16018.4977,16786.3656,16798.0424,18603.9093,19648.6647,19862.1944,21206.5361,21343.8861,23055.7569,22668.6933,22110.2948,21997.5272,21479.7248,21954.1328,22312.9636
Paraguay,Enteric Fermentation,Emissions (CO2eq) from CH4 (AR5),kilotonnes,15879.08,16052.68,15222.48,15390.2,15617.84,15904.28,16119.32,16860.2,16915.08,18718.28,19764.64,19980.8,21331.24,21486.36,23225.16,22834.28,,,,,
Paraguay,Enteric Fermentation,Emissions (CO2eq) (AR5),kilotonnes,15647.2114,15886.5368,14894.2966,16260.4236,15474.3943,15806.6612,16018.4977,16786.3656,16798.0424,18603.9093,19648.6647,19862.1944,21206.5361,21343.8861,23055.7569,22668.6933,22110.2948,21997.5272,21479.7248,21954.1328,22312.9636
Paraguay,Enteric Fermentation,Emissions (CO2eq) (AR5),kilotonnes,15879.08,16052.68,15222.48,15390.2,15617.84,15904.28,16119.32,16860.2,16915.08,18718.28,19764.64,19980.8,21331.24,21486.36,23225.16,22834.28,,,,,
Paraguay,Manure Management,Emissions (CH4),kilotonnes,12.5698,12.7282,11.6465,12.6402,12.1884,12.3292,12.3205,12.7875,12.498,13.672,14.361,14.5221,15.4092,15.5298,16.6574,16.4513,16.1348,16.1122,15.6915,16.1129,16.3439
Paraguay,Manure Management,Emissions (CH4),kilotonnes,12.49,12.67,11.75,12.02,12.19,11.86,11.97,12.4,12.43,13.61,14.29,14.45,15.34,15.46,16.59,16.38,,,,,
Paraguay,Manure Management,Emissions (N2O),kilotonnes,0.576,0.5782,0.4556,0.4914,0.5005,0.4866,0.4476,0.4246,0.3842,0.3954,0.4049,0.4133,0.4244,0.4334,0.4462,0.4542,0.463,0.4752,0.4591,0.4806,0.4842
Paraguay,Manure Management,Emissions (N2O),kilotonnes,0.01,0.01,0.01,0.01,0.02,0.01,0.01,0.01,0.01,0.01,0.17,0.18,0.19,0.19,0.2,0.2,,,,,
Paraguay,Manure Management,Emissions (CO2eq) from CH4 (AR5),kilotonnes,351.954,356.3908,326.1023,353.9245,341.2742,345.2182,344.9745,358.0509,349.9441,382.8166,402.1069,406.6182,431.4573,434.8357,466.4086,460.6353,451.7744,451.141,439.3611,451.1611,457.629
Paraguay,Manure Management,Emissions (CO2eq) from CH4 (AR5),kilotonnes,349.72,354.76,329,336.56,341.32,332.08,335.16,347.2,348.04,381.08,400.12,404.6,429.52,432.88,464.52,458.64,,,,,
Paraguay,Manure Management,Emissions (CO2eq) from N2O (AR5),kilotonnes,152.6397,153.2214,120.746,130.2108,132.6206,128.9418,118.6104,112.5246,101.8156,104.7768,107.3098,109.5214,112.4651,114.8412,118.2549,120.3559,122.6859,125.9315,121.6485,127.3599,128.3001
Paraguay,Manure Management,Emissions (CO2eq) from N2O (AR5),kilotonnes,2.65,2.65,2.65,2.65,5.3,2.65,2.65,2.65,2.65,2.65,45.05,47.7,50.35,50.35,53,53,,,,,
Paraguay,Manure Management,Emissions (CO2eq) (AR5),kilotonnes,504.5936,509.6122,446.8483,484.1353,473.8949,474.16,463.5848,470.5755,451.7598,487.5934,509.4167,516.1396,543.9224,549.6769,584.6635,580.9912,574.4603,577.0725,561.0096,578.5209,585.9291
Paraguay,Manure Management,Emissions (CO2eq) (AR5),kilotonnes,352.37,357.41,331.65,339.21,346.62,334.73,337.81,349.85,350.69,383.73,445.17,452.3,479.87,483.23,517.52,511.64,,,,,
Paraguay,Manure left on Pasture,Direct emissions (N2O),kilotonnes,12.5208,12.7121,11.9117,13.0043,12.3962,12.6509,12.8213,13.44,13.4082,14.8368,15.6617,15.8255,16.8934,17.0054,18.3696,18.0618,17.6223,17.5376,17.1177,17.507,17.7898
Paraguay,Manure left on Pasture,Indirect emissions (N2O),kilotonnes,2.7337,2.7744,2.6032,2.8359,2.7097,2.7615,2.7942,2.9287,2.911,3.2151,3.3909,3.4263,3.6539,3.6785,3.9694,3.9051,3.8125,3.78,3.6873,3.7698,3.8315
Paraguay,Manure left on Pasture,Emissions (N2O),kilotonnes,15.2545,15.4865,14.5149,15.8402,15.106,15.4124,15.6155,16.3688,16.3193,18.0519,19.0526,19.2518,20.5473,20.6839,22.3389,21.9668,21.4349,21.3177,20.805,21.2768,21.6213
Paraguay,Manure left on Pasture,Emissions (CO2eq) from N2O (AR5),kilotonnes,4042.4401,4103.9272,3846.4394,4197.6588,4003.0804,4084.2924,4138.0993,4337.7204,4324.6041,4783.7471,5048.9287,5101.7245,5445.03,5481.2425,5919.8149,5821.2118,5680.2402,5649.1827,5513.3139,5638.3526,5729.6399
Paraguay,Manure left on Pasture,Emissions (CO2eq) (AR5),kilotonnes,4042.4401,4103.9272,3846.4394,4197.6588,4003.0804,4084.2924,4138.0993,4337.7204,4324.6041,4783.7471,5048.9287,5101.7245,5445.03,5481.2425,5919.8149,5821.2118,5680.2402,5649.1827,5513.3139,5638.3526,5729.6399
Paraguay,Manure applied to Soils,Direct emissions (N2O),kilotonnes,0.5968,0.5999,0.5147,0.5492,0.5535,0.5494,0.5232,0.5144,0.4815,0.5011,0.5167,0.5293,0.5445,0.5526,0.5674,0.5704,0.5749,0.5918,0.574,0.6004,0.6041
Paraguay,Manure applied to Soils,Indirect emissions (N2O),kilotonnes,0.2537,0.255,0.2187,0.2334,0.2352,0.2335,0.2224,0.2186,0.2046,0.213,0.2196,0.2249,0.2314,0.2348,0.2412,0.2424,0.2443,0.2515,0.2439,0.2552,0.2567
Paraguay,Manure applied to Soils,Emissions (N2O),kilotonnes,0.8505,0.8549,0.7334,0.7826,0.7887,0.7829,0.7455,0.7331,0.6861,0.7141,0.7364,0.7542,0.776,0.7874,0.8086,0.8128,0.8192,0.8433,0.8179,0.8555,0.8608
Paraguay,Manure applied to Soils,Emissions (CO2eq) from N2O (AR5),kilotonnes,225.3775,226.5546,194.3499,207.3827,209.0157,207.4711,197.5648,194.2673,181.8179,189.2412,195.1349,199.8704,205.6306,208.6667,214.2788,215.3869,217.0982,223.4661,216.7499,226.7188,228.1076
Paraguay,Manure applied to Soils,Emissions (CO2eq) (AR5),kilotonnes,225.3775,226.5546,194.3499,207.3827,209.0157,207.4711,197.5648,194.2673,181.8179,189.2412,195.1349,199.8704,205.6306,208.6667,214.2788,215.3869,217.0982,223.4661,216.7499,226.7188,228.1076
Paraguay,Synthetic Fertilizers,Direct emissions (N2O),kilotonnes,0.2876,0.3473,0.549,0.6547,0.7971,0.6584,0.7526,1.2075,0.9238,0.9257,1.2825,1.5806,1.5333,1.8138,2.1139,1.9181,1.8894,2.1026,2.0916,1.9293,2.2234
Paraguay,Synthetic Fertilizers,Indirect emissions (N2O),kilotonnes,0.0935,0.1129,0.1784,0.2128,0.259,0.214,0.2446,0.3924,0.3002,0.3009,0.4168,0.5137,0.4983,0.5895,0.687,0.6234,0.6141,0.6834,0.6798,0.627,0.7226
Paraguay,Synthetic Fertilizers,Emissions (N2O),kilotonnes,0.381,0.4602,0.7274,0.8675,1.0561,0.8724,0.9972,1.5999,1.2241,1.2265,1.6994,2.0943,2.0317,2.4033,2.8009,2.5415,2.5035,2.786,2.7714,2.5563,2.946
Paraguay,Synthetic Fertilizers,Emissions (CO2eq) from N2O (AR5),kilotonnes,100.9735,121.9407,192.7546,229.8775,279.8732,231.1742,264.2471,423.9729,324.3788,325.0354,450.3309,554.9957,538.392,636.8676,742.2452,673.5098,663.4296,738.2858,734.4272,677.4131,780.6982
Paraguay,Synthetic Fertilizers,Emissions (CO2eq) (AR5),kilotonnes,100.9735,121.9407,192.7546,229.8775,279.8732,231.1742,264.2471,423.9729,324.3788,325.0354,450.3309,554.9957,538.392,636.8676,742.2452,673.5098,663.4296,738.2858,734.4272,677.4131,780.6982
Paraguay,Drained organic soils,Emissions (CO2eq) (AR5),kilotonnes,0,0,0,0,0,0,0,0,0,0,0,0,0,0,0,0,0,0,0,0,0
Paraguay,Drained organic soils (CO2),Emissions (CO2),kilotonnes,0,0,0,0,0,0,0,0,0,0,0,0,0,0,0,0,0,0,0,0,0
Paraguay,Drained organic soils (CO2),Emissions (CO2eq) (AR5),kilotonnes,0,0,0,0,0,0,0,0,0,0,0,0,0,0,0,0,0,0,0,0,0
Paraguay,Drained organic soils (N2O),Emissions (N2O),kilotonnes,0,0,0,0,0,0,0,0,0,0,0,0,0,0,0,0,0,0,0,0,0
Paraguay,Drained organic soils (N2O),Emissions (CO2eq) from N2O (AR5),kilotonnes,0,0,0,0,0,0,0,0,0,0,0,0,0,0,0,0,0,0,0,0,0
Paraguay,Drained organic soils (N2O),Emissions (CO2eq) (AR5),kilotonnes,0,0,0,0,0,0,0,0,0,0,0,0,0,0,0,0,0,0,0,0,0
Paraguay,On-farm energy use,Emissions (CH4),kilotonnes,0.0467,0.0484,0.0508,0.0534,0.0546,0.054,0.0553,0.0562,0.0645,0.0692,0.0767,0.0779,0.0767,0.0711,0.0714,0.0789,0.0927,0.0972,0.1034,0.1101,0.1101
Paraguay,On-farm energy use,Emissions (N2O),kilotonnes,0.1673,0.1816,0.1997,0.2208,0.2357,0.2188,0.2288,0.2391,0.2448,0.245,0.2581,0.2661,0.2463,0.2648,0.2731,0.2878,0.3286,0.3515,0.3581,0.3751,0.3751
Paraguay,On-farm energy use,Emissions (CO2),kilotonnes,499.2917,532.824,580.2225,621.7187,667.424,630.7298,646.0398,653.6105,678.8119,690.6078,731.392,750.3504,722.1868,739.108,763.8837,805.6281,919.3557,955.4915,976.0098,1020.9642,1020.9642
Paraguay,On-farm energy use,Emissions (CO2eq) from CH4 (AR5),kilotonnes,1.3067,1.354,1.4212,1.4946,1.5292,1.512,1.5496,1.574,1.8046,1.9383,2.1485,2.1806,2.1478,1.9902,1.9984,2.2102,2.5947,2.7208,2.894,3.0823,3.0823
Paraguay,On-farm energy use,Emissions (CO2eq) from N2O (AR5),kilotonnes,44.3314,48.117,52.9259,58.5249,62.4498,57.9891,60.6374,63.368,64.8849,64.9235,68.3916,70.52,65.2742,70.1747,72.3755,76.2611,87.0815,93.1592,94.8858,99.3931,99.3931
Paraguay,On-farm energy use,Emissions (CO2eq) (AR5),kilotonnes,544.9298,582.2951,634.5697,681.7382,731.403,690.2308,708.2268,718.5525,745.5014,757.4695,801.9321,823.051,789.6088,811.2729,838.2576,884.0995,1009.032,1051.3715,1073.7896,1123.4396,1123.4396
Paraguay,Forestland,Emissions (CO2),kilotonnes,-333.7277,-333.7277,-333.7277,-333.7277,-333.7277,-333.7277,-333.7277,-333.7277,-333.7277,-333.7277,-333.7277,-1570.8898,-1570.8898,-1570.8898,-1570.8898,-1570.8898,-1880.2626,-1880.2626,-1880.2626,-1880.2626,-1880.2626
Paraguay,Forestland,Emissions (CO2),kilotonnes,,-16639.75,-16870.68,-18010.33,-17552.61,-15497.04,-14507.62,-13808.02,-12348.04,-16775.92,-16792.63,-16597.85,-21538.98,-22513.54,-22543.86,-23780.6,,,,,
Paraguay,Forestland,Emissions (CO2eq) (AR5),kilotonnes,-333.7277,-333.7277,-333.7277,-333.7277,-333.7277,-333.7277,-333.7277,-333.7277,-333.7277,-333.7277,-333.7277,-1570.8898,-1570.8898,-1570.8898,-1570.8898,-1570.8898,-1880.2626,-1880.2626,-1880.2626,-1880.2626,-1880.2626
Paraguay,Forestland,Emissions (CO2eq) (AR5),kilotonnes,,-16639.75,-16870.68,-18010.33,-17552.61,-15497.04,-14507.62,-13808.02,-12348.04,-16775.92,-16792.63,-16597.85,-21538.98,-22513.54,-22543.86,-23780.6,,,,,
Paraguay,Net Forest conversion,Emissions (CO2),kilotonnes,42365.8074,56636.9443,56636.9443,56636.9443,56636.9443,56636.9443,56636.9443,56636.9443,56636.9443,56636.9443,56636.9443,69740.528,69740.528,69740.528,69740.528,69740.528,47847.7947,47847.7947,47847.7947,47847.7947,47847.7947
Paraguay,Net Forest conversion,Emissions (CO2),kilotonnes,,53765.5015,53765.5015,53765.5015,53765.5015,53765.5015,60350.2548,60350.2548,60350.2548,60350.2548,60350.2548,60350.2548,80080.1236,80080.1236,45180.6795,45180.6795,,,,,
Paraguay,Net Forest conversion,Emissions (CO2eq) (AR5),kilotonnes,42365.8074,56636.9443,56636.9443,56636.9443,56636.9443,56636.9443,56636.9443,56636.9443,56636.9443,56636.9443,56636.9443,69740.528,69740.528,69740.528,69740.528,69740.528,47847.7947,47847.7947,47847.7947,47847.7947,47847.7947
Paraguay,Net Forest conversion,Emissions (CO2eq) (AR5),kilotonnes,,53765.5015,53765.5015,53765.5015,53765.5015,53765.5015,60350.2548,60350.2548,60350.2548,60350.2548,60350.2548,60350.2548,80080.1236,80080.1236,45180.6795,45180.6795,,,,,
Paraguay,Savanna fires,Emissions (CH4),kilotonnes,7.0667,36.5416,43.4839,47.2245,25.6733,40.9453,36.3251,52.484,30.8691,22.1744,22.1234,27.7716,22.9963,32.7473,18.6948,16.78,24.6308,49.7595,22.5997,32.2933,51.7122
Paraguay,Savanna fires,Emissions (N2O),kilotonnes,0.6452,3.3364,3.9703,4.3118,2.3441,3.7385,3.3166,4.792,2.8185,2.0246,2.02,2.5357,2.0997,2.99,1.7069,1.5321,2.2489,4.5433,2.0634,2.9485,4.7215
Paraguay,Savanna fires,Emissions (CO2eq) from CH4 (AR5),kilotonnes,197.8681,1023.1656,1217.5492,1322.2869,718.8529,1146.469,1017.1029,1469.5533,864.3353,620.8832,619.4559,777.6053,643.8962,916.9231,523.4531,469.8401,689.6614,1393.2665,632.7903,904.2113,1447.9414
Paraguay,Savanna fires,Emissions (CO2eq) from N2O (AR5),kilotonnes,170.9836,884.1485,1052.1213,1142.6283,621.1827,990.6987,878.9096,1269.8858,746.8985,536.5241,535.2907,671.9524,556.4103,792.3412,452.3317,406.0031,595.9574,1203.964,546.8133,781.3565,1251.2102
Paraguay,Savanna fires,Emissions (CO2eq) (AR5),kilotonnes,368.8517,1907.3141,2269.6705,2464.9152,1340.0356,2137.1677,1896.0124,2739.4391,1611.2338,1157.4073,1154.7466,1449.5578,1200.3065,1709.2643,975.7848,875.8432,1285.6187,2597.2304,1179.6036,1685.5678,2699.1516
Paraguay,Fires in organic soils,Emissions (CH4),kilotonnes,0,0,0,0,0,0,0,0,0,0,0,0,0,0,0,0,0,0,0,0,0
Paraguay,Fires in organic soils,Emissions (CO2),kilotonnes,0,0,0,0,0,0,0,0,0,0,0,0,0,0,0,0,0,0,0,0,0
Paraguay,Fires in organic soils,Emissions (CO2eq) from CH4 (AR5),kilotonnes,0,0,0,0,0,0,0,0,0,0,0,0,0,0,0,0,0,0,0,0,0
Paraguay,Fires in organic soils,Emissions (CO2eq) (AR5),kilotonnes,0,0,0,0,0,0,0,0,0,0,0,0,0,0,0,0,0,0,0,0,0
Paraguay,Forest fires,Emissions (CH4),kilotonnes,24.4254,9.7638,28.0484,15.8358,8.3022,16.5395,8.8969,37.4701,4.2762,3.4845,6.214,6.324,4.102,7.0419,2.0315,1.3038,3.0036,12.5315,3.3407,26.0837,10.3366
Paraguay,Forest fires,Emissions (N2O),kilotonnes,0.7184,0.8915,2.5609,1.4459,0.758,1.5101,0.8123,3.4212,0.3904,0.3181,0.5674,0.5774,0.3745,0.643,0.1855,0.119,0.2742,1.1442,0.305,2.3816,0.9438
Paraguay,Forest fires,Emissions (CO2eq) from CH4 (AR5),kilotonnes,683.9104,273.3873,785.3558,443.4023,232.4605,463.107,249.1142,1049.164,119.734,97.5658,173.9922,177.0709,114.8562,197.1737,56.8823,36.5072,84.1006,350.8822,93.5395,730.3431,289.4247
Paraguay,Forest fires,Emissions (CO2eq) from N2O (AR5),kilotonnes,190.3741,236.2423,678.6499,383.1575,200.8762,400.1848,215.2672,906.6145,103.4658,84.3096,150.3519,153.0124,99.2508,170.3838,49.1537,31.547,72.6739,303.208,80.8303,631.1117,250.1007
Paraguay,Forest fires,Emissions (CO2eq) (AR5),kilotonnes,874.2845,509.6295,1464.0057,826.5598,433.3367,863.2918,464.3814,1955.7785,223.1998,181.8754,324.3441,330.0833,214.107,367.5576,106.036,68.0542,156.7744,654.0902,174.3698,1361.4548,539.5253
Paraguay,Fires in humid tropical forests,Emissions (CH4),kilotonnes,14.0325,4.1221,17.0956,12.3783,5.5671,11.6451,5.1939,27.8011,2.1615,1.9458,3.9306,3.5763,3.2036,4.9326,1.4954,0.7703,1.5219,5.3509,1.4792,10.6186,7.9462
Paraguay,Fires in humid tropical forests,Emissions (N2O),kilotonnes,0.4127,0.3764,1.5609,1.1302,0.5083,1.0632,0.4742,2.5384,0.1974,0.1777,0.3589,0.3265,0.2925,0.4504,0.1365,0.0703,0.139,0.4886,0.1351,0.9695,0.7255
Paraguay,Fires in humid tropical forests,Emissions (CO2eq) from CH4 (AR5),kilotonnes,392.9103,115.4194,478.6763,346.5931,155.8788,326.0628,145.4305,778.4297,60.5227,54.4825,110.0571,100.1376,89.6996,138.1122,41.8719,21.5673,42.6129,149.8253,41.4167,297.3211,222.4944
Paraguay,Fires in humid tropical forests,Emissions (CO2eq) from N2O (AR5),kilotonnes,109.3711,99.7374,413.6387,299.5017,134.6996,281.7608,125.6709,672.6648,52.2995,47.08,95.1037,86.532,77.5122,119.347,36.1828,18.637,36.8231,129.4686,35.7894,256.9242,192.2642
Paraguay,Fires in humid tropical forests,Emissions (CO2eq) (AR5),kilotonnes,502.2813,215.1569,892.315,646.0948,290.5784,607.8236,271.1014,1451.0944,112.8223,101.5625,205.1608,186.6696,167.2118,257.4592,78.0546,40.2043,79.436,279.294,77.2061,554.2453,414.7585
Paraguay,Waste - agri-food systems,Emissions (CH4),kilotonnes,54.1076,54.2744,54.4225,54.3896,54.6629,55.0433,55.5386,55.7929,56.3868,56.7687,57.3495,57.8429,58.1457,58.7967,58.4231,58.3675,58.6308,58.9162,59.1693,59.2886,59.3664
Paraguay,Waste - agri-food systems,Emissions (N2O),kilotonnes,0.1345,0.14,0.1532,0.1455,0.1409,0.1398,0.1455,0.142,0.1379,0.1397,0.147,0.1559,0.1553,0.163,0.1635,0.158,0.1608,0.1687,0.171,0.1726,0.1743
Paraguay,Waste - agri-food systems,Emissions (CO2),kilotonnes,0.4301,0.4294,0.4262,0.4275,0.4317,0.4338,0.438,0.4433,0.4493,0.4475,0.4512,0.4553,0.455,0.4578,0.4586,0.4566,0.4565,0.458,0.4586,0.4575,0.4562
Paraguay,Waste - agri-food systems,Emissions (CO2eq) from CH4 (AR5),kilotonnes,1515.0125,1519.6825,1523.8304,1522.9092,1530.5605,1541.2122,1555.0815,1562.2013,1578.8304,1589.5224,1605.7861,1619.6021,1628.0809,1646.3083,1635.8481,1634.2891,1641.6638,1649.6549,1656.7398,1660.0794,1662.2601
Paraguay,Waste - agri-food systems,Emissions (CO2eq) from N2O (AR5),kilotonnes,35.6489,37.1037,40.5968,38.5512,37.3375,37.0408,38.5678,37.6383,36.5544,37.0153,38.9676,41.3154,41.1462,43.2001,43.3399,41.8822,42.6051,44.6928,45.3124,45.7483,46.1803
Paraguay,Waste - agri-food systems,Emissions (CO2eq) (AR5),kilotonnes,1551.0916,1557.2156,1564.8534,1561.8879,1568.3297,1578.6867,1594.0873,1600.2829,1615.8342,1626.9853,1645.2049,1661.3728,1669.6821,1689.9662,1679.6466,1676.6279,1684.7254,1694.8057,1702.5107,1706.2852,1708.8966
Paraguay,On-farm electricity use,Emissions (CH4),kilotonnes,0.2033,0.2052,0.2009,0.1967,0.2021,0.2161,0.2342,0.2543,0.2723,0.2941,0.3132,0.3451,0.3748,0.4111,0.4572,0.4822,0.5019,0.5267,0.5699,0.5925,0.5925
Paraguay,On-farm electricity use,Emissions (N2O),kilotonnes,0.0011,0.0011,0.0011,0.0011,0.0011,0.0012,0.0013,0.0014,0.0016,0.0016,0.0017,0.0019,0.0021,0.0023,0.0026,0.0027,0.0028,0.003,0.0031,0.0033,0.0033
Paraguay,On-farm electricity use,Emissions (CO2),kilotonnes,0.0292,0.0295,0.0289,0.0283,0.029,0.031,0.0337,0.0366,0.0392,0.0423,0.045,0.0496,0.0539,0.0591,0.0658,0.0693,0.0722,0.0757,0.0819,0.0852,0.0852
Paraguay,On-farm electricity use,Emissions (CO2eq) from CH4 (AR5),kilotonnes,5.6924,5.7456,5.6252,5.5076,5.6588,6.0508,6.5576,7.1204,7.6244,8.2348,8.7696,9.6628,10.4944,11.5108,12.8016,13.5016,14.0532,14.7476,15.9572,16.59,16.59
Paraguay,On-farm electricity use,Emissions (CO2eq) from N2O (AR5),kilotonnes,0.2915,0.2915,0.2915,0.2915,0.2915,0.318,0.3445,0.371,0.424,0.424,0.4505,0.5035,0.5565,0.6095,0.689,0.7155,0.742,0.795,0.8215,0.8745,0.8745
Paraguay,On-farm electricity use,Emissions (CO2eq) (AR5),kilotonnes,6.0131,6.0666,5.9456,5.8274,5.9793,6.3998,6.9358,7.528,8.0876,8.7011,9.2651,10.2159,11.1048,12.1794,13.5564,14.2864,14.8674,15.6183,16.8606,17.5497,17.5497
Paraguay,Food Processing,Emissions (CH4),kilotonnes,0.1312,0.1402,0.1031,0.1109,0.112,1.5394,2.3001,0.2437,0.6155,0.4195,0.4124,0.4104,0.2629,0.1159,0.1,0.0964,0.3088,0.3299,0.3112,0.3038,0.3059
Paraguay,Food Processing,Emissions (N2O),kilotonnes,0.0014,0.0015,0.0013,0.0014,0.0014,0.0033,0.0033,0.0021,0.0047,0.0044,0.0047,0.0045,0.003,0.0046,0.0038,0.0036,0.0045,0.0056,0.0054,0.0045,0.0046
Paraguay,Food Processing,Emissions (CO2),kilotonnes,48.5486,53.0559,47.2702,50.0628,52.8424,85.0929,87.4491,64.7805,83.5308,100.3853,111.3429,103.2101,67.9433,109.6907,97.5792,105.2973,115.2789,147.4033,120.6639,118.19,108.6763
Paraguay,Food Processing,Emissions (CO2eq) from CH4 (AR5),kilotonnes,3.6736,3.9256,2.8868,3.1052,3.136,43.1032,64.4028,6.8236,17.234,11.746,11.5472,11.4912,7.3612,3.2452,2.8,2.6992,8.6464,9.2372,8.7136,8.5064,8.5663
Paraguay,Food Processing,Emissions (CO2eq) from N2O (AR5),kilotonnes,0.371,0.3975,0.3445,0.371,0.371,0.8745,0.8745,0.5565,1.2455,1.166,1.2455,1.1925,0.795,1.219,1.007,0.954,1.1925,1.484,1.431,1.1925,1.2196
Paraguay,Food Processing,Emissions (CO2eq) (AR5),kilotonnes,52.5932,57.379,50.5015,53.539,56.3494,129.0706,152.7264,72.1606,102.0103,113.2973,124.1356,115.8938,76.0995,114.1549,101.3862,108.9505,125.1178,158.1245,130.8085,127.8889,118.4622
Paraguay,Food Packaging,Emissions (CH4),kilotonnes,0.0427,0.0493,0.0582,0.062,0.0676,0.0674,0.1396,0.2121,0.2343,0.1794,0.1674,0.1756,0.1983,0.1884,0.1717,0.1769,0.2201,0.2198,0.25,0.2362,0.2379
Paraguay,Food Packaging,Emissions (N2O),kilotonnes,0.0007,0.0007,0.0007,0.0007,0.0007,0.0007,0.0008,0.0009,0.001,0.001,0.001,0.0009,0.0008,0.0012,0.0011,0.0011,0.0014,0.0015,0.0016,0.0013,0.0013
Paraguay,Food Packaging,Emissions (CO2),kilotonnes,13.5339,13.7106,14.945,15.5074,16.1251,14.4433,15.3439,17.3623,21.564,25.412,26.0845,25.4232,27.7212,31.1606,29.3825,31.3439,37.4424,45.3728,39.925,36.9634,33.988
Paraguay,Food Packaging,Emissions (CO2eq) from CH4 (AR5),kilotonnes,1.1956,1.3804,1.6296,1.736,1.8928,1.8872,3.9088,5.9388,6.5604,5.0232,4.6872,4.9168,5.5524,5.2752,4.8076,4.9532,6.1628,6.1544,7,6.6136,6.6602
Paraguay,Food Packaging,Emissions (CO2eq) from N2O (AR5),kilotonnes,0.1855,0.1855,0.1855,0.1855,0.1855,0.1855,0.212,0.2385,0.265,0.265,0.265,0.2385,0.212,0.318,0.2915,0.2915,0.371,0.3975,0.424,0.3445,0.3523
Paraguay,Food Packaging,Emissions (CO2eq) (AR5),kilotonnes,14.915,15.2765,16.7601,17.4289,18.2034,16.516,19.4647,23.5396,28.3894,30.7002,31.0367,30.5785,33.4856,36.7538,34.4816,36.5886,43.9762,51.9247,47.349,43.9215,41.0005
Paraguay,Food Retail,Emissions (CH4),kilotonnes,0.0267,0.0282,0.0289,0.0294,0.03,0.0313,0.0317,0.032,0.034,0.0376,0.0376,0.0387,0.0405,0.0467,0.1072,0.1096,0.1118,0.1133,0.1145,0.0893,0.0899
Paraguay,Food Retail,Emissions (N2O),kilotonnes,0.0001,0.0002,0.0002,0.0002,0.0002,0.0002,0.0002,0.0002,0.0002,0.0002,0.0002,0.0002,0.0002,0.0003,0.0006,0.0006,0.0006,0.0006,0.0006,0.0005,0.0005
Paraguay,Food Retail,Emissions (CO2),kilotonnes,0.0038,0.0041,0.0042,0.0042,0.0043,0.0045,0.0046,0.0046,0.0049,0.0054,0.0054,0.0056,0.0058,0.0067,0.0154,0.0157,0.0161,0.0163,0.0165,0.0121,0.0111
Paraguay,Food Retail,Emissions (CO2eq) from CH4 (AR5),kilotonnes,0.7476,0.7896,0.8092,0.8232,0.84,0.8764,0.8876,0.896,0.952,1.0528,1.0528,1.0836,1.134,1.3076,3.0016,3.0688,3.1304,3.1724,3.206,2.5004,2.518
Paraguay,Food Retail,Emissions (CO2eq) from N2O (AR5),kilotonnes,0.0265,0.053,0.053,0.053,0.053,0.053,0.053,0.053,0.053,0.053,0.053,0.053,0.053,0.0795,0.159,0.159,0.159,0.159,0.159,0.1325,0.1355
Paraguay,Food Retail,Emissions (CO2eq) (AR5),kilotonnes,0.7779,0.8467,0.8664,0.8804,0.8973,0.9339,0.9452,0.9536,1.0099,1.1112,1.1112,1.1422,1.1928,1.3938,3.176,3.2435,3.3055,3.3477,3.3815,2.645,2.6647
Paraguay,Food Household Consumption,Emissions (CH4),kilotonnes,0.8866,0.8836,0.8449,0.7821,0.8001,0.8481,0.9174,1.0064,1.0815,1.1771,1.2458,1.4017,1.5574,1.7137,1.8908,1.9866,2.0965,2.1518,2.3514,2.4202,2.4372
Paraguay,Food Household Consumption,Emissions (N2O),kilotonnes,0.005,0.0049,0.0047,0.0044,0.0045,0.0047,0.0051,0.0056,0.006,0.0065,0.0069,0.0078,0.0087,0.0095,0.0105,0.011,0.0117,0.012,0.0131,0.0134,0.0137
Paraguay,Food Household Consumption,Emissions (CO2),kilotonnes,5.774,3.9258,2.4512,2.1438,3.1793,2.0156,2.2092,1.6252,0.2128,0.3758,0.466,0.4884,0.5797,0.5792,0.6046,0.6184,0.6801,0.6881,0.7167,0.7266,0.6681
Paraguay,Food Household Consumption,Emissions (CO2eq) from CH4 (AR5),kilotonnes,24.8248,24.7408,23.6572,21.8988,22.4028,23.7468,25.6872,28.1792,30.282,32.9588,34.8824,39.2476,43.6072,47.9836,52.9424,55.6248,58.702,60.2504,65.8392,67.7656,68.2428
Paraguay,Food Household Consumption,Emissions (CO2eq) from N2O (AR5),kilotonnes,1.325,1.2985,1.2455,1.166,1.1925,1.2455,1.3515,1.484,1.59,1.7225,1.8285,2.067,2.3055,2.5175,2.7825,2.915,3.1005,3.18,3.4715,3.551,3.6318
Paraguay,Food Household Consumption,Emissions (CO2eq) (AR5),kilotonnes,31.9238,29.9651,27.3539,25.2086,26.7746,27.0079,29.2479,31.2884,32.0848,35.0571,37.1769,41.803,46.4924,51.0803,56.3295,59.1582,62.4826,64.1185,70.0274,72.0432,72.5428
Paraguay,Food Transport,Emissions (CH4),kilotonnes,0.0307,0.03,0.0295,0.0317,0.0289,0.0266,0.0287,0.0314,0.0342,0.0376,0.0469,0.0512,0.0525,0.0536,0.0572,0.0651,0.0769,0.091,0.0958,0.0685,0.069
Paraguay,Food Transport,Emissions (N2O),kilotonnes,0.005,0.0052,0.0053,0.0059,0.0057,0.0053,0.0057,0.0061,0.0066,0.0071,0.0086,0.0092,0.0094,0.0096,0.0101,0.0114,0.0134,0.0156,0.0164,0.0124,0.0127
Paraguay,Food Transport,Emissions (CO2),kilotonnes,304.7,325.6,344.3,367.4,366.3,330.029,349.829,376.2289,397.1289,413.6146,484.0147,508.2289,513.729,518.129,544.529,598.4147,700.7147,795.3168,837.1177,674.0691,619.8097
Paraguay,Food Transport,Emissions (CO2eq) from CH4 (AR5),kilotonnes,0.8596,0.84,0.826,0.8876,0.8092,0.7448,0.8036,0.8792,0.9576,1.0528,1.3132,1.4336,1.47,1.5008,1.6016,1.8228,2.1532,2.548,2.6824,1.918,1.9315
Paraguay,Food Transport,Emissions (CO2eq) from N2O (AR5),kilotonnes,1.325,1.378,1.4045,1.5635,1.5105,1.4045,1.5105,1.6165,1.749,1.8815,2.279,2.438,2.491,2.544,2.6765,3.021,3.551,4.134,4.346,3.286,3.3608
Paraguay,Food Transport,Emissions (CO2eq) (AR5),kilotonnes,306.8846,327.818,346.5305,369.8511,368.6197,332.1783,352.1431,378.7246,399.8355,416.5489,487.6069,512.1005,517.69,522.1738,548.8071,603.2585,706.4189,801.9988,844.1461,679.2731,625.102
Paraguay,Energy,Emissions (CH4),kilotonnes,29.1,30.3,32.4,33.2,33.9,34.4,55.5,73,76.9,55,55.8,53.8,51.6,51.7,51.5,49.3,52.9,56.1,57.7,56.8,57.2
Paraguay,Energy,Emissions (N2O),kilotonnes,0.42,0.427,0.409,0.417,0.408,0.405,0.419,0.446,0.461,0.441,0.462,0.457,0.452,0.432,0.447,0.456,0.584,0.606,0.616,0.571,0.584
Paraguay,Energy,Emissions (CO2),kilotonnes,3370,3500,3670,3810,3850,3560,3690,3840,4050,4260,4770,5000,4880,4950,5200,5710,6810,7670,6480,6460,5940
Paraguay,Energy,Emissions (CO2eq) from CH4 (AR5),kilotonnes,814.8,848.4,907.2,929.6,949.2,963.2,1554,2044,2153.2,1540,1562.4,1506.4,1444.8,1447.6,1442,1380.4,1481.2,1570.8,1615.6,1590.4,1601.6
Paraguay,Energy,Emissions (CO2eq) from N2O (AR5),kilotonnes,111.3,113.155,108.385,110.505,108.12,107.325,111.035,118.19,122.165,116.865,122.43,121.105,119.78,114.48,118.455,120.84,154.76,160.59,163.24,151.315,154.76
Paraguay,Energy,Emissions (CO2eq) (AR5),kilotonnes,4296.1,4461.555,4685.585,4850.105,4907.32,4630.525,5355.035,6002.19,6325.365,5916.865,6454.83,6627.505,6444.58,6512.08,6760.455,7211.24,8445.96,9401.39,8258.84,8201.715,7696.36
Paraguay,IPPU,Emissions (CH4),kilotonnes,0.0054,0.005,0.0056,0.0064,0.0075,0.0071,0.0081,0.0067,0.0058,0.0091,0.0041,0.0021,0.0031,0.0032,0.0033,0.0034,0.0025,0.0017,0.0018,0.0008,0.0003
Paraguay,IPPU,Emissions (N2O),kilotonnes,0.0159,0.0162,0.0165,0.0168,0.0171,0.0174,0.0177,0.0179,0.0181,0.0184,0.0186,0.0189,0.0191,0.0194,0.0197,0.0199,0.0202,0.0204,0.0207,0.0209,0.0212
Paraguay,IPPU,Emissions (CO2),kilotonnes,399,362,357,420,394,416,426,414,434,476,453,400,490,420,464,551,551,604,605,608,609
Paraguay,IPPU,Emissions (CO2eq) from F-gases (AR5),kilotonnes,0.4898,0.4917,0.4917,0.4917,0.4917,0.6025,0.8989,1.1078,1.2536,1.341,1.3896,1.3993,1.3993,1.3313,1.1272,0.8153,0.4315,0,0.9154,0.9125,0.9086
Paraguay,IPPU,Emissions (CO2eq) from CH4 (AR5),kilotonnes,0.1509,0.1392,0.1568,0.1784,0.2097,0.198,0.2254,0.1862,0.1627,0.2548,0.1156,0.0588,0.0862,0.0882,0.0921,0.0941,0.0686,0.047,0.0496,0.0219,0.0085
Paraguay,IPPU,Emissions (CO2eq) from N2O (AR5),kilotonnes,4.2135,4.293,4.3725,4.452,4.5315,4.611,4.6905,4.7435,4.7965,4.876,4.929,5.0085,5.0615,5.141,5.2205,5.2735,5.353,5.406,5.4855,5.5385,5.618
Paraguay,IPPU,Emissions (CO2eq) (AR5),kilotonnes,403.8542,366.9239,362.021,425.1221,399.2329,421.4114,431.8148,420.0375,440.2127,482.4718,459.4342,406.4666,496.5471,426.5605,470.4399,557.1829,556.8531,609.453,611.4505,614.4729,615.5351
Paraguay,Waste,Emissions (CH4),kilotonnes,37.1,37.8,38.7,39.5,40.3,41.2,42.1,42.6,43.5,44.2,45.2,45.9,46.3,47.5,48.4,48.3,49.2,50.2,50.7,51.7,52.4
Paraguay,Waste,Emissions (N2O),kilotonnes,0.255,0.26,0.265,0.274,0.273,0.263,0.26,0.26,0.257,0.253,0.254,0.264,0.273,0.282,0.29,0.295,0.297,0.301,0.305,0.302,0.306
Paraguay,Waste,Emissions (CO2),kilotonnes,0.2,0.206,0.211,0.217,0.222,0.234,0.203,0.17,0.139,0.107,0.0745,0.0432,0.0119,0.0119,0.0119,0.0119,0.0119,0.0119,0.0119,0,0
Paraguay,Waste,Emissions (CO2eq) from CH4 (AR5),kilotonnes,1038.8,1058.4,1083.6,1106,1128.4,1153.6,1178.8,1192.8,1218,1237.6,1265.6,1285.2,1296.4,1330,1355.2,1352.4,1377.6,1405.6,1419.6,1447.6,1467.2
Paraguay,Waste,Emissions (CO2eq) from N2O (AR5),kilotonnes,67.575,68.9,70.225,72.61,72.345,69.695,68.9,68.9,68.105,67.045,67.31,69.96,72.345,74.73,76.85,78.175,78.705,79.765,80.825,80.03,81.09
Paraguay,Waste,Emissions (CO2eq) (AR5),kilotonnes,1106.575,1127.506,1154.036,1178.827,1200.967,1223.529,1247.903,1261.87,1286.244,1304.752,1332.9845,1355.2032,1368.7569,1404.7419,1432.0619,1430.5869,1456.3169,1485.3769,1500.4369,1527.63,1548.29
Paraguay,Other,Emissions (N2O),kilotonnes,0.358,0.361,0.358,0.361,0.351,0.344,0.398,0.448,0.468,0.421,0.451,0.45,0.447,0.441,0.454,0.468,0.558,0.596,0.615,0.582,0.597
Paraguay,Other,Emissions (CO2eq) from N2O (AR5),kilotonnes,94.87,95.665,94.87,95.665,93.015,91.16,105.47,118.72,124.02,111.565,119.515,119.25,118.455,116.865,120.31,124.02,147.87,157.94,162.975,154.23,158.205
Paraguay,Other,Emissions (CO2eq) (AR5),kilotonnes,94.87,95.665,94.87,95.665,93.015,91.16,105.47,118.72,124.02,111.565,119.515,119.25,118.455,116.865,120.31,124.02,147.87,157.94,162.975,154.23,158.205
Paraguay,Farm-gate emissions,Emissions (CH4),kilotonnes,583.3643,621.9846,592.3708,646.5902,596.621,624.196,628.9216,673.2309,651.0258,710.2294,749.6392,765.9757,810.7136,828.0739,878.7936,864.4401,852.2689,874.6986,829.1648,859.1471,894.1986
Paraguay,Farm-gate emissions,Direct emissions (N2O),kilotonnes,14.2162,14.6851,13.9809,15.4036,14.937,15.1023,15.4434,16.9256,16.6922,17.8201,19.772,20.45,20.9571,22.1648,23.8397,23.4825,23.0462,23.3599,22.9811,23.0761,24.0517
Paraguay,Farm-gate emissions,Indirect emissions (N2O),kilotonnes,3.2633,3.373,3.2266,3.551,3.4718,3.4888,3.5641,3.9366,3.8386,4.0792,4.5473,4.7307,4.8305,5.1313,5.525,5.4306,5.3368,5.4186,5.3305,5.3359,5.5836
Paraguay,Farm-gate emissions,Emissions (N2O),kilotonnes,18.8985,22.1946,21.8711,24.0227,21.5333,23.0779,23.0589,26.383,24.0541,24.6392,27.0804,28.4797,28.6527,31.0808,31.8727,31.2809,31.5157,34.2394,31.2896,32.3166,35.3182
Paraguay,Farm-gate emissions,Emissions (CO2),kilotonnes,499.2917,532.824,580.2225,621.7187,667.424,630.7298,646.0398,653.6105,678.8119,690.6078,731.392,750.3504,722.1868,739.108,763.8837,805.6281,919.3557,955.4915,976.0098,1020.9642,1020.9642
Paraguay,Farm-gate emissions,Emissions (CO2eq) from CH4 (AR5),kilotonnes,16334.2004,17415.5682,16586.3815,18104.5252,16705.3885,17477.4873,17609.8039,18850.4653,18228.721,19886.4242,20989.8965,21447.3197,22699.9808,23186.0705,24606.2195,24204.322,23863.5282,24491.5616,23216.6151,24056.1176,25037.5598
Paraguay,Farm-gate emissions,Emissions (CO2eq) from N2O (AR5),kilotonnes,5008.115,5881.5702,5795.8547,6366.0168,5706.3279,6115.6311,6110.6009,6991.507,6374.3274,6529.3831,7176.3064,7547.1193,7592.9711,8236.4005,8446.2568,8289.4414,8351.6669,9073.4443,8291.7311,8563.9112,9359.3271
Paraguay,Farm-gate emissions,Emissions (CO2eq) (AR5),kilotonnes,21841.6071,23829.9624,22962.4587,25092.2607,23079.1404,24223.8482,24366.4446,26495.5829,25281.8604,27106.4151,28897.5949,29744.7894,31015.1387,32161.5789,33816.3601,33299.3915,33134.5509,34520.4974,32484.356,33640.993,35417.8512
Paraguay,Land Use change,Emissions (CH4),kilotonnes,14.0325,4.1221,17.0956,12.3783,5.5671,11.6451,5.1939,27.8011,2.1615,1.9458,3.9306,3.5763,3.2036,4.9326,1.4954,0.7703,1.5219,5.3509,1.4792,10.6186,7.9462
Paraguay,Land Use change,Emissions (N2O),kilotonnes,0.4127,0.3764,1.5609,1.1302,0.5083,1.0632,0.4742,2.5384,0.1974,0.1777,0.3589,0.3265,0.2925,0.4504,0.1365,0.0703,0.139,0.4886,0.1351,0.9695,0.7255
Paraguay,Land Use change,Emissions (CO2),kilotonnes,42365.8074,56636.9443,56636.9443,56636.9443,56636.9443,56636.9443,56636.9443,56636.9443,56636.9443,56636.9443,56636.9443,69740.528,69740.528,69740.528,69740.528,69740.528,47847.7947,47847.7947,47847.7947,47847.7947,47847.7947
Paraguay,Land Use change,Emissions (CO2eq) from CH4 (AR5),kilotonnes,392.9103,115.4194,478.6763,346.5931,155.8788,326.0628,145.4305,778.4297,60.5227,54.4825,110.0571,100.1376,89.6996,138.1122,41.8719,21.5673,42.6129,149.8253,41.4167,297.3211,222.4944
Paraguay,Land Use change,Emissions (CO2eq) from N2O (AR5),kilotonnes,109.3711,99.7374,413.6387,299.5017,134.6996,281.7608,125.6709,672.6648,52.2995,47.08,95.1037,86.532,77.5122,119.347,36.1828,18.637,36.8231,129.4686,35.7894,256.9242,192.2642
Paraguay,Land Use change,Emissions (CO2eq) (AR5),kilotonnes,42868.0888,56852.1012,57529.2593,57283.0391,56927.5228,57244.7679,56908.0457,58088.0388,56749.7666,56738.5068,56842.1051,69927.1976,69907.7398,69997.9872,69818.5826,69780.7323,47927.2307,48127.0887,47925.0008,48402.04,48262.5533
Paraguay,Emissions on agricultural land,Emissions (CH4),kilotonnes,597.3968,626.1067,609.4663,658.9685,602.1881,635.8411,634.1155,701.032,653.1873,712.1752,753.5698,769.552,813.9172,833.0065,880.289,865.2103,853.7908,880.0495,830.644,869.7657,902.1448
Paraguay,Emissions on agricultural land,Emissions (N2O),kilotonnes,19.3113,22.571,23.4321,25.1529,22.0416,24.1411,23.5331,28.9214,24.2514,24.8168,27.4393,28.8062,28.9452,31.5311,32.0092,31.3512,31.6547,34.728,31.4246,33.2862,36.0437
Paraguay,Emissions on agricultural land,Emissions (CO2),kilotonnes,42865.0991,57169.7684,57217.1669,57258.663,57304.3683,57267.6741,57282.9841,57290.5549,57315.7562,57327.5521,57368.3363,70490.8784,70462.7148,70479.636,70504.4117,70546.1561,48767.1504,48803.2862,48823.8045,48868.7589,48868.7589
Paraguay,Emissions on agricultural land,Emissions (CO2eq) from CH4 (AR5),kilotonnes,16727.1107,17530.9876,17065.0577,18451.1183,16861.2673,17803.5501,17755.2344,19628.895,18289.2438,19940.9067,21099.9536,21547.4573,22789.6804,23324.1827,24648.0914,24225.8893,23906.1411,24641.3869,23258.0318,24353.4387,25260.0542
Paraguay,Emissions on agricultural land,Emissions (CO2eq) from N2O (AR5),kilotonnes,5117.486,5981.3076,6209.4934,6665.5185,5841.0275,6397.3919,6236.2718,7664.1718,6426.627,6576.463,7271.4101,7633.6513,7670.4833,8355.7475,8482.4396,8308.0784,8388.49,9202.9129,8327.5205,8820.8354,9551.5913
Paraguay,Emissions on agricultural land,Emissions (CO2eq) (AR5),kilotonnes,64709.6958,80682.0637,80491.718,82375.2998,80006.6631,81468.6161,81274.4903,84583.6216,82031.627,83844.9219,85739.7,99671.987,100922.8785,102159.5662,103634.9427,103080.1238,81061.7816,82647.5861,80409.3568,82043.033,83680.4044
Paraguay,Pre- and post- production,Emissions (CH4),kilotonnes,55.4288,55.6109,55.688,55.6024,55.9036,57.7722,59.1903,57.5728,58.6586,58.914,59.5728,60.2656,60.6321,61.3261,61.2072,61.2843,61.9468,62.3487,62.8621,62.9991,63.0989
Paraguay,Pre- and post- production,Emissions (N2O),kilotonnes,0.1478,0.1536,0.1665,0.1592,0.1545,0.1552,0.1619,0.1583,0.158,0.1605,0.1701,0.1804,0.1795,0.1905,0.1922,0.1884,0.1952,0.207,0.2112,0.208,0.2104
Paraguay,Pre- and post- production,Emissions (CO2),kilotonnes,373.0196,396.7553,409.4257,435.574,438.9118,432.0501,455.3075,460.4814,502.9299,540.2829,622.4097,637.8611,610.4879,660.0831,672.6351,736.2159,854.6609,989.331,998.9803,830.5039,763.6946
Paraguay,Pre- and post- production,Emissions (CO2eq) from CH4 (AR5),kilotonnes,1552.0061,1557.1045,1559.2644,1556.8676,1565.3001,1617.6214,1657.3291,1612.0385,1642.4408,1649.5908,1668.0385,1687.4377,1697.7001,1717.1315,1713.8029,1715.9595,1734.5118,1745.7649,1760.1382,1763.9734,1766.7689
Paraguay,Pre- and post- production,Emissions (CO2eq) from N2O (AR5),kilotonnes,39.1734,40.7077,44.1213,42.1817,40.9415,41.1218,42.9138,41.9578,41.8809,42.5273,45.0891,47.8079,47.5592,50.4876,50.9454,49.9382,51.7211,54.8423,55.9654,55.1293,55.755
Paraguay,Pre- and post- production,Emissions (CO2eq) (AR5),kilotonnes,1964.1992,1994.5675,2012.8114,2034.6233,2045.1534,2090.7932,2155.5504,2114.4777,2187.2517,2232.4011,2335.5373,2373.1067,2355.7472,2427.7022,2437.3834,2502.1136,2640.8938,2789.9382,2815.0838,2649.6066,2586.2185
Paraguay,Agri-food systems,Emissions (CH4),kilotonnes,652.8256,681.7176,665.1544,714.5709,658.0917,693.6133,693.3058,758.6048,711.8459,771.0892,813.1426,829.8177,874.5493,894.3327,941.4962,926.4946,915.7376,942.3983,893.5061,932.7647,965.2437
Paraguay,Agri-food systems,Emissions (N2O),kilotonnes,19.4591,22.7246,23.5985,25.3121,22.1961,24.2963,23.695,29.0797,24.4095,24.9773,27.6094,28.9866,29.1247,31.7216,32.2015,31.5397,31.8499,34.9349,31.6358,33.4942,36.2541
Paraguay,Agri-food systems,Emissions (CO2),kilotonnes,43238.1188,57566.5236,57626.5926,57694.237,57743.2801,57699.7242,57738.2916,57751.0363,57818.6862,57867.8351,57990.746,71128.7395,71073.2028,71139.7191,71177.0469,71282.372,49621.8114,49792.6172,49822.7848,49699.2628,49632.4535
Paraguay,Agri-food systems,Emissions (CO2eq) from CH4 (AR5),kilotonnes,18279.1168,19088.0921,18624.3221,20007.9859,18426.5674,19421.1715,19412.5635,21240.9334,19931.6846,21590.4975,22767.9921,23234.895,24487.3805,25041.3142,26361.8943,25941.8488,25640.6529,26387.1518,25018.17,26117.4121,27026.8231
Paraguay,Agri-food systems,Emissions (CO2eq) from N2O (AR5),kilotonnes,5156.6594,6022.0154,6253.6147,6707.7002,5881.9691,6438.5137,6279.1856,7706.1296,6468.5079,6618.9904,7316.4992,7681.4592,7718.0425,8406.2351,8533.385,8358.0166,8440.2111,9257.7552,8383.4859,8875.9647,9607.3463
Paraguay,Agri-food systems,Emissions (CO2eq) (AR5),kilotonnes,66673.895,82676.6311,82504.5294,84409.9231,82051.8166,83559.4093,83430.0406,86698.0993,84218.8787,86077.3229,88075.2373,102045.0937,103278.6258,104587.2684,106072.3262,105582.2374,83702.6754,85437.5242,83224.4406,84692.6397,86266.6229
Paraguay,IPCC Agriculture,Emissions (CH4),kilotonnes,583.3176,621.9362,592.32,646.5368,596.5664,624.142,628.8662,673.1747,650.9613,710.1602,749.5624,765.8978,810.6369,828.0029,878.7222,864.3611,852.1762,874.6015,829.0615,859.037,894.0885
Paraguay,IPCC Agriculture,Emissions (CH4),kilotonnes,584.73,591.18,560.67,567.5,576.02,586.32,595.75,622.62,622.91,691.48,731.3,742.73,792.1,801.09,868.41,855.73,,,,,
Paraguay,IPCC Agriculture,Direct emissions (N2O),kilotonnes,14.2162,14.6851,13.9809,15.4036,14.937,15.1023,15.4434,16.9256,16.6922,17.8201,19.772,20.45,20.9571,22.1648,23.8397,23.4825,23.0462,23.3599,22.9811,23.0761,24.0517
Paraguay,IPCC Agriculture,Indirect emissions (N2O),kilotonnes,3.2633,3.373,3.2266,3.551,3.4718,3.4888,3.5641,3.9366,3.8386,4.0792,4.5473,4.7307,4.8305,5.1313,5.525,5.4306,5.3368,5.4186,5.3305,5.3359,5.5836
Paraguay,IPCC Agriculture,Emissions (N2O),kilotonnes,18.7313,22.013,21.6714,23.8019,21.2977,22.859,22.8301,26.1439,23.8092,24.3942,26.8223,28.2136,28.4064,30.8159,31.5996,30.9931,31.1871,33.8879,30.9315,31.9416,34.9431
Paraguay,IPCC Agriculture,Emissions (N2O),kilotonnes,19.5,19.79,18.92,19.36,19.77,19.76,20.14,21.48,21.37,22.95,24.56,25.27,25.72,27.29,29.32,29.19,,,,,
Paraguay,IPCC Agriculture,Emissions (CO2eq) from CH4 (AR5),kilotonnes,16332.8937,17414.2142,16584.9602,18103.0306,16703.8593,17475.9753,17608.2543,18848.8913,18226.9164,19884.4859,20987.748,21445.1391,22697.833,23184.0802,24604.2211,24202.1118,23860.9336,24488.8408,23213.7211,24053.0353,25034.4775
Paraguay,IPCC Agriculture,Emissions (CO2eq) from CH4 (AR5),kilotonnes,16372.44,16553.04,15698.76,15890,16128.56,16416.96,16681,17433.36,17441.48,19361.44,20476.4,20796.44,22178.8,22430.52,24315.48,23960.44,,,,,
Paraguay,IPCC Agriculture,Emissions (CO2eq) from N2O (AR5),kilotonnes,4963.7835,5833.4532,5742.9288,6307.492,5643.8781,6057.642,6049.9635,6928.1391,6309.4426,6464.4596,7107.9148,7476.5993,7527.6969,8166.2258,8373.8813,8213.1802,8264.5854,8980.2851,8196.8453,8464.5181,9259.9341
Paraguay,IPCC Agriculture,Emissions (CO2eq) from N2O (AR5),kilotonnes,5167.5,5244.35,5013.8,5130.4,5239.05,5236.4,5337.1,5692.2,5663.05,6081.75,6508.4,6696.55,6815.8,7231.85,7769.8,7735.35,,,,,
Paraguay,IPCC Agriculture,Emissions (CO2eq) (AR5),kilotonnes,21296.6773,23247.6674,22327.889,24410.5225,22347.7374,23533.6173,23658.2178,25777.0304,24536.359,26348.9455,28095.6628,28921.7384,30225.5299,31350.306,32978.1025,32415.292,32125.5189,33469.1258,31410.5664,32517.5535,34294.4116
Paraguay,IPCC Agriculture,Emissions (CO2eq) (AR5),kilotonnes,21539.94,21797.39,20712.56,21020.4,21367.61,21653.36,22018.1,23125.56,23104.53,25443.19,26984.8,27492.99,28994.6,29662.37,32085.28,31695.79,,,,,
Paraguay,Agricultural Soils,Direct emissions (N2O),kilotonnes,14.2162,14.6851,13.9809,15.4036,14.937,15.1023,15.4434,16.9256,16.6922,17.8201,19.772,20.45,20.9571,22.1648,23.8397,23.4825,23.0462,23.3599,22.9811,23.0761,24.0517
Paraguay,Agricultural Soils,Direct emissions (N2O),kilotonnes,15.91,16.14,15.41,15.76,16.08,16.1,16.41,17.49,17.42,18.71,19.76,20.31,20.67,21.95,23.58,23.48,,,,,
Paraguay,Agricultural Soils,Indirect emissions (N2O),kilotonnes,3.2633,3.373,3.2266,3.551,3.4718,3.4888,3.5641,3.9366,3.8386,4.0792,4.5473,4.7307,4.8305,5.1313,5.525,5.4306,5.3368,5.4186,5.3305,5.3359,5.5836
Paraguay,Agricultural Soils,Indirect emissions (N2O),kilotonnes,3.49,3.55,3.41,3.5,3.58,3.57,3.64,3.89,3.86,4.14,4.41,4.55,4.62,4.92,5.29,5.26,,,,,
Paraguay,Agricultural Soils,Emissions (N2O),kilotonnes,17.4795,18.0581,17.2075,18.9546,18.4088,18.5911,19.0075,20.8622,20.5308,21.8993,24.3193,25.1807,25.7876,27.2961,29.3647,28.9132,28.383,28.7786,28.3116,28.412,29.6353
Paraguay,Agricultural Soils,Emissions (N2O),kilotonnes,24.87,,,,,43.77,,,,,,63.1,64.34,,,,,,,,
Paraguay,Agricultural Soils,Emissions (CO2eq) from N2O (AR5),kilotonnes,4632.0748,4785.4009,4559.9841,5022.9713,4878.3417,4926.6391,5036.9756,5528.4837,5440.6513,5803.3139,6444.6114,6672.8983,6833.7094,7233.4574,7781.6524,7661.9939,7521.5024,7626.3173,7502.5692,7529.1815,7853.3487
Paraguay,Agricultural Soils,Emissions (CO2eq) from N2O (AR5),kilotonnes,6590.55,,,,,11599.05,,,,,,16721.5,17050.1,,,,,,,,
Paraguay,Agricultural Soils,Emissions (CO2eq) (AR5),kilotonnes,4632.0748,4785.4009,4559.9841,5022.9713,4878.3417,4926.6391,5036.9756,5528.4837,5440.6513,5803.3139,6444.6114,6672.8983,6833.7094,7233.4574,7781.6524,7661.9939,7521.5024,7626.3173,7502.5692,7529.1815,7853.3487
Paraguay,Agricultural Soils,Emissions (CO2eq) (AR5),kilotonnes,6590.55,,,,,11599.05,,,,,,16721.5,17050.1,,,,,,,,
Paraguay,LULUCF,Emissions (CH4),kilotonnes,24.4254,9.7638,28.0484,15.8358,8.3022,16.5395,8.8969,37.4701,4.2762,3.4845,6.214,6.324,4.102,7.0419,2.0315,1.3038,3.0036,12.5315,3.3407,26.0837,10.3366
Paraguay,LULUCF,Emissions (CH4),kilotonnes,195.76,,,,,,,,,,,,,,,,,,,,
Paraguay,LULUCF,Emissions (N2O),kilotonnes,0.7184,0.8915,2.5609,1.4459,0.758,1.5101,0.8123,3.4212,0.3904,0.3181,0.5674,0.5774,0.3745,0.643,0.1855,0.119,0.2742,1.1442,0.305,2.3816,0.9438
Paraguay,LULUCF,Emissions (N2O),kilotonnes,1.35,,,,,5.77,,,,,,8.98,8.09,,,,,,,,
Paraguay,LULUCF,Emissions (CO2),kilotonnes,42032.0798,56303.2166,56303.2166,56303.2166,56303.2166,56303.2166,56303.2166,56303.2166,56303.2166,56303.2166,56303.2166,68169.6382,68169.6382,68169.6382,68169.6382,68169.6382,45967.5322,45967.5322,45967.5322,45967.5322,45967.5322
Paraguay,LULUCF,Emissions (CO2),kilotonnes,66092.18,,,,,73262.91,,,,,,87399.61,119639.72,,,15669.15,,14510.98,,,
Paraguay,LULUCF,Emissions (CO2eq) from CH4 (AR5),kilotonnes,683.9104,273.3873,785.3558,443.4023,232.4605,463.107,249.1142,1049.164,119.734,97.5658,173.9922,177.0709,114.8562,197.1737,56.8823,36.5072,84.1006,350.8822,93.5395,730.3431,289.4247
Paraguay,LULUCF,Emissions (CO2eq) from N2O (AR5),kilotonnes,190.3741,236.2423,678.6499,383.1575,200.8762,400.1848,215.2672,906.6145,103.4658,84.3096,150.3519,153.0124,99.2508,170.3838,49.1537,31.547,72.6739,303.208,80.8303,631.1117,250.1007
Paraguay,LULUCF,Emissions (CO2eq) (AR5),kilotonnes,42906.3643,56812.8462,57767.2224,57129.7764,56736.5533,57166.5085,56767.598,58258.9952,56526.4165,56485.092,56627.5607,68499.7215,68383.7453,68537.1958,68275.6742,68237.6925,46124.3066,46621.6224,46141.9019,47328.987,46507.0575
Paraguay,LULUCF,Emissions (CO2eq) (AR5),kilotonnes,66092.18,,,,,73262.91,,,,,,87399.61,119639.72,,,15669.15,,14510.98,,,
Paraguay,AFOLU,Emissions (CH4),kilotonnes,607.743,631.7001,620.3684,662.3726,604.8686,640.6815,637.7632,710.6448,655.2375,713.6447,755.7764,772.2218,814.7389,835.0448,880.7537,865.665,855.1798,887.133,832.4022,885.1207,904.4251
Paraguay,AFOLU,Emissions (N2O),kilotonnes,19.4497,22.9045,24.2324,25.2477,22.0557,24.3692,23.6424,29.5651,24.1997,24.7123,27.3897,28.791,28.7809,31.4589,31.785,31.1122,31.4614,35.032,31.2365,34.3231,35.8869
Paraguay,AFOLU,Emissions (CO2),kilotonnes,42032.0798,56303.2166,56303.2166,56303.2166,56303.2166,56303.2166,56303.2166,56303.2166,56303.2166,56303.2166,56303.2166,68169.6382,68169.6382,68169.6382,68169.6382,68169.6382,45967.5322,45967.5322,45967.5322,45967.5322,45967.5322
Paraguay,AFOLU,Emissions (CO2eq) from CH4 (AR5),kilotonnes,17016.8041,17687.6014,17370.3161,18546.4329,16936.3198,17939.0823,17857.3685,19898.0553,18346.6504,19982.0517,21161.7401,21622.21,22812.6893,23381.254,24661.1034,24238.619,23945.0341,24839.723,23307.2606,24783.3785,25323.9022
Paraguay,AFOLU,Emissions (CO2eq) from N2O (AR5),kilotonnes,5154.1577,6069.6954,6421.5787,6690.6494,5844.7543,6457.8269,6265.2307,7834.7536,6412.9084,6548.7692,7258.2667,7629.6117,7626.9477,8336.6096,8423.035,8244.7272,8337.2592,9283.4931,8277.6756,9095.6298,9510.0347
Paraguay,AFOLU,Emissions (CO2eq) (AR5),kilotonnes,64203.0416,80060.5135,80095.1114,81540.299,79084.2907,80700.1258,80425.8158,84036.0255,81062.7755,82834.0375,84723.2235,97421.4599,98609.2752,99887.5018,101253.7767,100652.9845,78249.8255,80090.7482,77552.4683,79846.5405,80801.4691
Paraguay,All sectors with LULUCF,Emissions (CH4),kilotonnes,673.9484,699.805,691.474,735.079,679.0761,716.2886,735.3712,826.2515,775.6433,812.8538,856.7806,871.9239,912.642,934.2479,980.657,963.2683,957.2822,993.4346,940.8039,993.6214,1014.0254
Paraguay,All sectors with LULUCF,Emissions (N2O),kilotonnes,20.4986,23.9687,25.2809,26.3165,23.1048,25.3986,24.7371,30.737,25.4038,25.8457,28.5753,29.9809,29.972,32.6333,32.9957,32.3511,32.9206,36.5554,32.7932,35.799,37.3951
Paraguay,All sectors with LULUCF,Emissions (CO2),kilotonnes,45801.2798,60165.4226,60330.4276,60533.4336,60547.4386,60279.4506,60419.4196,60557.3866,60787.3556,61039.3236,61526.2911,73569.6814,73539.6501,73539.6501,73833.6501,74430.6501,53328.5441,54241.5441,53052.5441,53035.5322,52516.5322
Paraguay,All sectors with LULUCF,Emissions (CO2eq) from F-gases (AR5),kilotonnes,0.4898,0.4917,0.4917,0.4917,0.4917,0.6025,0.8989,1.1078,1.2536,1.341,1.3896,1.3993,1.3993,1.3313,1.1272,0.8153,0.4315,0,0.9154,0.9125,0.9086
Paraguay,All sectors with LULUCF,Emissions (CO2eq) from CH4 (AR5),kilotonnes,18870.555,19594.5406,19361.2729,20582.2113,19014.1295,20056.0803,20590.3939,23135.0415,21718.0131,22759.9065,23989.8558,24413.8688,25553.9755,26158.9422,27458.3955,26971.5131,26803.9027,27816.17,26342.5101,27821.4003,28392.7107
Paraguay,All sectors with LULUCF,Emissions (CO2eq) from N2O (AR5),kilotonnes,5432.1162,6351.7084,6699.4312,6973.8814,6122.7658,6730.6179,6555.3262,8145.3071,6731.9949,6849.1202,7572.4507,7944.9352,7942.5892,8647.8256,8743.8705,8573.0357,8723.9472,9687.1941,8690.2011,9486.7433,9909.7077
Paraguay,All sectors with LULUCF,Emissions (CO2eq) (AR5),kilotonnes,70104.4407,86112.1634,86391.6234,88090.018,85684.8257,87066.7513,87566.0386,91838.843,89238.6172,90649.6914,93089.9872,105929.8848,107037.6141,108347.7492,110037.0434,109976.0143,88856.8255,91744.9082,88086.1707,90344.5883,90819.8591
Paraguay,All sectors without LULUCF,Emissions (CH4),kilotonnes,649.523,690.0412,663.4256,719.2432,670.7739,699.749,726.4743,788.7813,771.3671,809.3693,850.5666,865.5999,908.54,927.206,978.6255,961.9645,954.2786,980.9031,937.4632,967.5378,1003.6888
Paraguay,All sectors without LULUCF,Emissions (N2O),kilotonnes,19.7802,23.0772,22.7199,24.8707,22.3468,23.8884,23.9248,27.3158,25.0133,25.5276,28.0079,29.4035,29.5975,31.9903,32.8103,32.232,32.6463,35.4113,32.4882,33.4175,36.4513
Paraguay,All sectors without LULUCF,Emissions (CO2),kilotonnes,3769.2,3862.206,4027.211,4230.217,4244.222,3976.234,4116.203,4254.17,4484.139,4736.107,5223.0745,5400.0432,5370.0119,5370.0119,5664.0119,6261.0119,7361.0119,8274.0119,7085.0119,7068,6549
Paraguay,All sectors without LULUCF,Emissions (CO2eq) from F-gases (AR5),kilotonnes,0.4898,0.4917,0.4917,0.4917,0.4917,0.6025,0.8989,1.1078,1.2536,1.341,1.3896,1.3993,1.3993,1.3313,1.1272,0.8153,0.4315,0,0.9154,0.9125,0.9086
Paraguay,All sectors without LULUCF,Emissions (CO2eq) from CH4 (AR5),kilotonnes,18186.6447,19321.1533,18575.917,20138.8089,18781.669,19592.9733,20341.2797,22085.8775,21598.2791,22662.3407,23815.8636,24236.7979,25439.1193,25961.7684,27401.5133,26935.0058,26719.8022,27465.2878,26248.9707,27091.0572,28103.286
Paraguay,All sectors without LULUCF,Emissions (CO2eq) from N2O (AR5),kilotonnes,5241.742,6115.4662,6020.7813,6590.724,5921.8896,6330.433,6340.059,7238.6926,6628.5291,6764.8106,7422.0988,7791.9228,7843.3384,8477.4418,8694.7168,8541.4887,8651.2734,9383.9861,8609.3708,8855.6316,9659.6071
Paraguay,All sectors without LULUCF,Emissions (CO2eq) (AR5),kilotonnes,27198.0764,29299.3172,28624.401,30960.2416,28948.2723,29900.2428,30798.4405,33579.8479,32712.2007,34164.5994,36462.4265,37430.1632,38653.8689,39810.5534,41761.3692,41738.3218,42732.5189,45123.2858,41944.2687,43015.6013,44312.8017
Peru,Crop Residues,Direct emissions (N2O),kilotonnes,0.749,0.7465,0.7842,0.7844,0.7066,0.8278,0.8167,0.814,0.9187,0.9781,0.9513,0.9144,1.0128,1.0214,0.9788,1.0408,1.0026,1.0014,1.0795,1.0319,1.0459
Peru,Crop Residues,Indirect emissions (N2O),kilotonnes,0.1685,0.168,0.1765,0.1765,0.159,0.1863,0.1838,0.1832,0.2067,0.2201,0.214,0.2057,0.2279,0.2298,0.2202,0.2342,0.2256,0.2253,0.2429,0.2322,0.2353
Peru,Crop Residues,Emissions (N2O),kilotonnes,0.9175,0.9144,0.9607,0.9609,0.8656,1.014,1.0005,0.9972,1.1254,1.1981,1.1654,1.1201,1.2407,1.2512,1.1991,1.275,1.2282,1.2267,1.3224,1.2641,1.2812
Peru,Crop Residues,Emissions (CO2eq) from N2O (AR5),kilotonnes,243.1295,242.3292,254.5842,254.6326,229.3753,268.7211,265.13,264.2568,298.2269,317.5,308.8247,296.8284,328.7801,331.5772,317.7501,337.8827,325.4655,325.0705,350.4243,334.9917,339.5221
Peru,Crop Residues,Emissions (CO2eq) (AR5),kilotonnes,243.1295,242.3292,254.5842,254.6326,229.3753,268.7211,265.13,264.2568,298.2269,317.5,308.8247,296.8284,328.7801,331.5772,317.7501,337.8827,325.4655,325.0705,350.4243,334.9917,339.5221
Peru,Rice Cultivation,Emissions (CH4),kilotonnes,67.529,71.2186,74.513,73.8189,67.3773,84.1741,80.8361,79.4127,89.325,95.1652,91.4126,84.5807,91.9441,93.0571,89.6978,93.9626,98.6812,100.2547,103.003,97.4671,98.2188
Peru,Rice Cultivation,Emissions (CH4),kilotonnes,,,,,,,,,,,,,,,54,,,,,,
Peru,Rice Cultivation,Emissions (CO2eq) from CH4 (AR5),kilotonnes,1890.8114,1994.1197,2086.3642,2066.9301,1886.5637,2356.8743,2263.4114,2223.5554,2501.0989,2664.626,2559.5527,2368.2608,2574.4362,2605.5992,2511.5371,2630.9538,2763.0741,2807.1318,2884.0845,2729.0792,2750.1268
Peru,Rice Cultivation,Emissions (CO2eq) from CH4 (AR5),kilotonnes,,,,,,,,,,,,,,,1512,,,,,,
Peru,Rice Cultivation,Emissions (CO2eq) (AR5),kilotonnes,1890.8114,1994.1197,2086.3642,2066.9301,1886.5637,2356.8743,2263.4114,2223.5554,2501.0989,2664.626,2559.5527,2368.2608,2574.4362,2605.5992,2511.5371,2630.9538,2763.0741,2807.1318,2884.0845,2729.0792,2750.1268
Peru,Rice Cultivation,Emissions (CO2eq) (AR5),kilotonnes,,,,,,,,,,,,,,,1512,,,,,,
Peru,Burning - Crop residues,Emissions (CH4),kilotonnes,2.086,2.0804,2.0448,2.0675,1.8944,2.0572,2.0434,2.0788,2.1943,2.2941,2.2213,2.116,2.253,2.2776,2.1838,2.2785,2.1695,2.1122,2.175,2.1186,2.0655
Peru,Burning - Crop residues,Emissions (CH4),kilotonnes,4.0952,,,,,,,,,,4.9862,,9.0476,,,,,,,,
Peru,Burning - Crop residues,Emissions (N2O),kilotonnes,0.0541,0.0539,0.053,0.0536,0.0491,0.0533,0.053,0.0539,0.0569,0.0595,0.0576,0.0549,0.0584,0.059,0.0566,0.0591,0.0562,0.0548,0.0564,0.0549,0.0536
Peru,Burning - Crop residues,Emissions (N2O),kilotonnes,0.1,,,,,,,,,,0.1145,,0.2161,,,,,,,,
Peru,Burning - Crop residues,Emissions (CO2eq) from CH4 (AR5),kilotonnes,58.4088,58.2515,57.2552,57.8886,53.0428,57.6013,57.2144,58.2077,61.4399,64.2361,62.1955,59.2474,63.0842,63.7733,61.1473,63.797,60.7462,59.1428,60.9008,59.3212,57.8341
Peru,Burning - Crop residues,Emissions (CO2eq) from CH4 (AR5),kilotonnes,114.6656,,,,,,,,,,139.6136,,253.3328,,,,,,,,
Peru,Burning - Crop residues,Emissions (CO2eq) from N2O (AR5),kilotonnes,14.3318,14.2932,14.0487,14.2042,13.0151,14.1337,14.0387,14.2824,15.0755,15.7616,15.2609,14.5376,15.479,15.6481,15.0037,15.6539,14.9053,14.5119,14.9433,14.5557,14.1908
Peru,Burning - Crop residues,Emissions (CO2eq) from N2O (AR5),kilotonnes,26.5,,,,,,,,,,30.3425,,57.2665,,,,,,,,
Peru,Burning - Crop residues,Emissions (CO2eq) (AR5),kilotonnes,72.7406,72.5447,71.3039,72.0928,66.0579,71.735,71.2532,72.4901,76.5155,79.9977,77.4564,73.785,78.5632,79.4214,76.151,79.4509,75.6515,73.6547,75.8441,73.8769,72.0249
Peru,Burning - Crop residues,Emissions (CO2eq) (AR5),kilotonnes,141.1656,,,,,,,,,,169.9561,,310.5993,,,,,,,,
Peru,Enteric Fermentation,Emissions (CH4),kilotonnes,518.2653,518.4747,531.1929,538.8661,539.4809,558.0159,557.7861,570.0279,573.6027,582.0588,588.2761,595.7463,592.4489,588.5828,589.0743,587.8143,585.6152,590.4238,588.744,592.3129,595.8533
Peru,Enteric Fermentation,Emissions (CH4),kilotonnes,495.7143,,,,,,,,,,524.0357,,511.1905,,443.66,,,,,,
Peru,Enteric Fermentation,Emissions (CO2eq) from CH4 (AR5),kilotonnes,14511.4283,14517.2922,14873.4016,15088.2498,15105.4655,15624.4444,15618.0095,15960.7802,16060.8754,16297.6459,16471.7312,16680.8977,16588.5691,16480.3197,16494.0808,16458.8004,16397.2244,16531.8672,16484.8325,16584.7619,16683.8912
Peru,Enteric Fermentation,Emissions (CO2eq) from CH4 (AR5),kilotonnes,13880.0004,,,,,,,,,,14672.9996,,14313.334,,12422.48,,,,,,
Peru,Enteric Fermentation,Emissions (CO2eq) (AR5),kilotonnes,14511.4283,14517.2922,14873.4016,15088.2498,15105.4655,15624.4444,15618.0095,15960.7802,16060.8754,16297.6459,16471.7312,16680.8977,16588.5691,16480.3197,16494.0808,16458.8004,16397.2244,16531.8672,16484.8325,16584.7619,16683.8912
Peru,Enteric Fermentation,Emissions (CO2eq) (AR5),kilotonnes,13880.0004,,,,,,,,,,14672.9996,,14313.334,,12422.48,,,,,,
Peru,Manure Management,Emissions (CH4),kilotonnes,19.2387,19.0182,19.6141,19.9565,20.1057,20.8094,21.2318,21.5945,21.9655,22.5422,22.5813,22.7657,22.5248,23.3136,22.8042,22.9454,22.9711,23.2253,23.221,23.5185,23.6933
Peru,Manure Management,Emissions (CH4),kilotonnes,16,,,,,,,,,,15.0595,,14.0952,,,,,,,,
Peru,Manure Management,Emissions (N2O),kilotonnes,1.0182,0.997,1.0483,1.0671,1.0804,1.0884,1.1409,1.1581,1.1877,1.2298,1.2187,1.2218,1.1623,1.4028,1.2352,1.2476,1.235,1.2558,1.2757,1.299,1.3057
Peru,Manure Management,Emissions (N2O),kilotonnes,2,,,,,,,,,,3.221,,3.2968,,,,,,,,
Peru,Manure Management,Emissions (CO2eq) from CH4 (AR5),kilotonnes,538.6837,532.5094,549.1962,558.7808,562.9599,582.6625,594.4913,604.6446,615.033,631.1827,632.2754,637.4407,630.6938,652.782,638.5178,642.4713,643.1911,650.3081,650.1891,658.5181,663.4116
Peru,Manure Management,Emissions (CO2eq) from CH4 (AR5),kilotonnes,448,,,,,,,,,,421.666,,394.6656,,,,,,,,
Peru,Manure Management,Emissions (CO2eq) from N2O (AR5),kilotonnes,269.8148,264.1935,277.7863,282.7777,286.3089,288.4384,302.3285,306.9081,314.7448,325.9073,322.9672,323.7774,308.0204,371.746,327.32,330.6083,327.2673,332.7878,338.0634,344.2445,346.0102
Peru,Manure Management,Emissions (CO2eq) from N2O (AR5),kilotonnes,530,,,,,,,,,,853.565,,873.652,,,,,,,,
Peru,Manure Management,Emissions (CO2eq) (AR5),kilotonnes,808.4985,796.7029,826.9825,841.5585,849.2688,871.1009,896.8198,911.5527,929.7777,957.0899,955.2426,961.218,938.7143,1024.528,965.8378,973.0796,970.4584,983.0959,988.2525,1002.7626,1009.4219
Peru,Manure Management,Emissions (CO2eq) (AR5),kilotonnes,978,,,,,,,,,,1275.231,,1268.3176,,,,,,,,
Peru,Manure left on Pasture,Direct emissions (N2O),kilotonnes,11.6771,11.6191,11.7965,12.0086,12.0211,12.2594,12.3002,12.5422,12.6259,12.7021,12.7897,12.8755,12.6543,12.5706,12.6074,12.5472,12.4655,12.5158,12.5287,12.6086,12.6609
Peru,Manure left on Pasture,Indirect emissions (N2O),kilotonnes,3.5967,3.5667,3.6084,3.6896,3.694,3.7801,3.7831,3.8366,3.8565,3.8794,3.9073,3.9291,3.8116,3.8028,3.8076,3.7821,3.7474,3.7667,3.7572,3.7771,3.7868
Peru,Manure left on Pasture,Emissions (N2O),kilotonnes,15.2739,15.1858,15.4049,15.6981,15.7151,16.0395,16.0832,16.3788,16.4825,16.5815,16.697,16.8046,16.4659,16.3735,16.415,16.3293,16.2128,16.2824,16.286,16.3857,16.4477
Peru,Manure left on Pasture,Emissions (CO2eq) from N2O (AR5),kilotonnes,4047.5759,4024.2351,4082.2944,4160.0049,4164.509,4250.46,4262.0539,4340.3732,4367.8563,4394.1013,4424.7088,4453.2086,4363.4647,4338.9679,4349.9765,4327.2667,4296.401,4314.8484,4315.7782,4342.203,4358.6409
Peru,Manure left on Pasture,Emissions (CO2eq) (AR5),kilotonnes,4047.5759,4024.2351,4082.2944,4160.0049,4164.509,4250.46,4262.0539,4340.3732,4367.8563,4394.1013,4424.7088,4453.2086,4363.4647,4338.9679,4349.9765,4327.2667,4296.401,4314.8484,4315.7782,4342.203,4358.6409
Peru,Manure applied to Soils,Direct emissions (N2O),kilotonnes,1.2979,1.2745,1.3594,1.3862,1.4199,1.4462,1.5443,1.5685,1.6223,1.6779,1.6568,1.6714,1.6646,1.8535,1.7433,1.7735,1.7848,1.7958,1.825,1.8648,1.8764
Peru,Manure applied to Soils,Indirect emissions (N2O),kilotonnes,0.5516,0.5417,0.5778,0.5891,0.6035,0.6146,0.6563,0.6666,0.6895,0.7131,0.7041,0.7104,0.7075,0.7877,0.7409,0.7537,0.7586,0.7632,0.7756,0.7925,0.7974
Peru,Manure applied to Soils,Emissions (N2O),kilotonnes,1.8496,1.8162,1.9372,1.9753,2.0234,2.0608,2.2006,2.2351,2.3118,2.3911,2.3609,2.3818,2.3721,2.6412,2.4842,2.5273,2.5434,2.559,2.6007,2.6573,2.6738
Peru,Manure applied to Soils,Emissions (CO2eq) from N2O (AR5),kilotonnes,490.1377,481.2822,513.3578,523.4626,536.194,546.1143,583.1503,592.3073,612.628,633.6298,625.6516,631.1681,628.6069,699.9229,658.306,669.7238,673.9999,678.1279,689.1745,704.1864,708.5567
Peru,Manure applied to Soils,Emissions (CO2eq) (AR5),kilotonnes,490.1377,481.2822,513.3578,523.4626,536.194,546.1143,583.1503,592.3073,612.628,633.6298,625.6516,631.1681,628.6069,699.9229,658.306,669.7238,673.9999,678.1279,689.1745,704.1864,708.5567
Peru,Synthetic Fertilizers,Direct emissions (N2O),kilotonnes,2.9875,3.125,3.3091,3.2072,3.3101,2.8333,3.1906,3.8768,3.191,4.1153,3.511,3.9481,4.1854,3.9758,3.9257,4.4335,4.5465,5.1868,3.8664,5.1845,4.9006
Peru,Synthetic Fertilizers,Indirect emissions (N2O),kilotonnes,0.9709,1.0156,1.0755,1.0423,1.0758,0.9208,1.037,1.26,1.0371,1.3375,1.1411,1.2831,1.3603,1.2921,1.2758,1.4409,1.4776,1.6857,1.2566,1.685,1.5927
Peru,Synthetic Fertilizers,Emissions (N2O),kilotonnes,3.9585,4.1407,4.3846,4.2495,4.3858,3.7541,4.2276,5.1368,4.2281,5.4528,4.652,5.2312,5.5457,5.268,5.2015,5.8743,6.0241,6.8725,5.123,6.8694,6.4932
Peru,Synthetic Fertilizers,Emissions (CO2eq) from N2O (AR5),kilotonnes,1048.999,1097.2787,1161.9128,1126.1141,1162.2438,994.8374,1120.315,1361.2389,1120.4419,1444.9973,1232.7873,1386.2726,1469.6142,1396.0092,1378.3945,1556.6965,1596.377,1821.2113,1357.6022,1820.4016,1720.7075
Peru,Synthetic Fertilizers,Emissions (CO2eq) (AR5),kilotonnes,1048.999,1097.2787,1161.9128,1126.1141,1162.2438,994.8374,1120.315,1361.2389,1120.4419,1444.9973,1232.7873,1386.2726,1469.6142,1396.0092,1378.3945,1556.6965,1596.377,1821.2113,1357.6022,1820.4016,1720.7075
Peru,Drained organic soils,Emissions (CO2eq) (AR5),kilotonnes,45.8223,53.7198,47.9263,46.4365,119.9139,114.7397,110.6548,109.165,109.165,109.165,107.8021,107.3507,107.3507,105.861,105.861,105.861,107.6382,109.4155,109.4155,106.2949,106.2949
Peru,Drained organic soils (CO2),Emissions (CO2),kilotonnes,43.9284,51.518,45.9568,44.5272,115.0681,110.0956,106.1699,104.7404,104.7404,104.7404,103.4306,102.9968,102.9968,101.5672,101.5672,101.5672,103.2742,104.9811,104.9811,101.9907,101.9907
Peru,Drained organic soils (CO2),Emissions (CO2eq) (AR5),kilotonnes,43.9284,51.518,45.9568,44.5272,115.0681,110.0956,106.1699,104.7404,104.7404,104.7404,103.4306,102.9968,102.9968,101.5672,101.5672,101.5672,103.2742,104.9811,104.9811,101.9907,101.9907
Peru,Drained organic soils (N2O),Emissions (N2O),kilotonnes,0.0071,0.0083,0.0074,0.0072,0.0183,0.0175,0.0169,0.0167,0.0167,0.0167,0.0165,0.0164,0.0164,0.0162,0.0162,0.0162,0.0165,0.0167,0.0167,0.0162,0.0162
Peru,Drained organic soils (N2O),Emissions (CO2eq) from N2O (AR5),kilotonnes,1.8939,2.2017,1.9695,1.9093,4.8458,4.6441,4.4849,4.4246,4.4246,4.4246,4.3715,4.3539,4.3539,4.2937,4.2937,4.2937,4.3641,4.4344,4.4344,4.3043,4.3043
Peru,Drained organic soils (N2O),Emissions (CO2eq) (AR5),kilotonnes,1.8939,2.2017,1.9695,1.9093,4.8458,4.6441,4.4849,4.4246,4.4246,4.4246,4.3715,4.3539,4.3539,4.2937,4.2937,4.2937,4.3641,4.4344,4.4344,4.3043,4.3043
Peru,On-farm energy use,Emissions (CH4),kilotonnes,1.2808,0.218,0.2129,0.1979,0.252,0.2328,0.2238,0.3044,0.2632,0.2331,0.1522,0.1277,0.1314,0.082,0.0682,0.0734,0.0592,0.0482,0.0343,0.0298,0.0298
Peru,On-farm energy use,Emissions (N2O),kilotonnes,0.0367,0.0422,0.0325,0.0319,0.0596,0.0441,0.0375,0.0369,0.0452,0.0704,0.0844,0.1077,0.1237,0.1226,0.1354,0.1257,0.133,0.1267,0.0953,0.0873,0.0873
Peru,On-farm energy use,Emissions (CO2),kilotonnes,604.4264,944.5385,947.1078,894.5292,1251.6308,1049.667,968.6164,960.7437,864.8182,889.2652,482.7981,541.5814,564.8519,564.2161,533.213,545.989,517.8493,458.1163,307.2549,264.1716,264.1716
Peru,On-farm energy use,Emissions (CO2eq) from CH4 (AR5),kilotonnes,35.8623,6.1034,5.9602,5.54,7.0558,6.5193,6.2675,8.5221,7.3685,6.5273,4.263,3.5762,3.6796,2.2969,1.91,2.0551,1.659,1.3506,0.9598,0.8339,0.8339
Peru,On-farm energy use,Emissions (CO2eq) from N2O (AR5),kilotonnes,9.7203,11.1769,8.6075,8.4439,15.7981,11.6952,9.9251,9.7883,11.9684,18.6679,22.3738,28.5298,32.7699,32.5019,35.879,33.3093,35.2479,33.5667,25.262,23.1422,23.1422
Peru,On-farm energy use,Emissions (CO2eq) (AR5),kilotonnes,650.009,961.8188,961.6755,908.5131,1274.4847,1067.8815,984.809,979.0541,884.1551,914.4604,509.4349,573.6873,601.3014,599.0148,571.002,581.3534,554.7563,493.0337,333.4767,288.1477,288.1477
Peru,Forestland,Emissions (CO2),kilotonnes,-23449.3055,-13217.6923,-13217.6923,-13217.6923,-13217.6923,-13217.6923,-13217.6923,-13217.6923,-13217.6923,-13217.6923,-13217.6923,-9051.0823,-9051.0823,-9051.0823,-9051.0823,-9051.0823,-3246.9785,-3246.9785,-3246.9785,-3246.9785,-3246.9785
Peru,Forestland,Emissions (CO2eq) (AR5),kilotonnes,-23449.3055,-13217.6923,-13217.6923,-13217.6923,-13217.6923,-13217.6923,-13217.6923,-13217.6923,-13217.6923,-13217.6923,-13217.6923,-9051.0823,-9051.0823,-9051.0823,-9051.0823,-9051.0823,-3246.9785,-3246.9785,-3246.9785,-3246.9785,-3246.9785
Peru,Net Forest conversion,Emissions (CO2),kilotonnes,83135.0989,77951.3444,77951.3444,77951.3444,77951.3444,77951.3444,77951.3444,77951.3444,77951.3444,77951.3444,77951.3444,97774.5114,97774.5114,97774.5114,97774.5114,97774.5114,92892.6325,92892.6325,92892.6325,92892.6325,92892.6325
Peru,Net Forest conversion,Emissions (CO2eq) (AR5),kilotonnes,83135.0989,77951.3444,77951.3444,77951.3444,77951.3444,77951.3444,77951.3444,77951.3444,77951.3444,77951.3444,77951.3444,97774.5114,97774.5114,97774.5114,97774.5114,97774.5114,92892.6325,92892.6325,92892.6325,92892.6325,92892.6325
Peru,Savanna fires,Emissions (CH4),kilotonnes,0.1108,0.0703,0.2386,0.7227,0.2873,2.0894,0.634,0.9051,0.6086,0.513,2.0037,0.3694,1.096,0.5369,0.4564,0.5867,1.5034,0.6442,0.5981,1.1011,1.6735
Peru,Savanna fires,Emissions (N2O),kilotonnes,0.0101,0.0064,0.0218,0.066,0.0262,0.1908,0.0579,0.0826,0.0556,0.0468,0.1829,0.0337,0.1001,0.049,0.0417,0.0536,0.1373,0.0588,0.0546,0.1005,0.1528
Peru,Savanna fires,Emissions (CO2eq) from CH4 (AR5),kilotonnes,3.1034,1.9682,6.6798,20.2362,8.0455,58.5027,17.7532,25.3415,17.0414,14.3628,56.1029,10.3433,30.6868,15.0335,12.7784,16.4273,42.0952,18.0389,16.7479,30.8303,46.8592
Peru,Savanna fires,Emissions (CO2eq) from N2O (AR5),kilotonnes,2.6815,1.7007,5.7723,17.4867,6.9523,50.5539,15.3411,21.8984,14.726,12.4113,48.4802,8.938,26.5174,12.9909,11.0422,14.1954,36.3758,15.588,14.4724,26.6414,40.4924
Peru,Savanna fires,Emissions (CO2eq) (AR5),kilotonnes,5.7849,3.6689,12.4521,37.723,14.9978,109.0566,33.0943,47.2399,31.7673,26.7741,104.5831,19.2813,57.2042,28.0244,23.8206,30.6227,78.471,33.6269,31.2203,57.4716,87.3516
Peru,Fires in organic soils,Emissions (CH4),kilotonnes,0,0,0,0,0,0,0,0,0,0,0,0,0,0,0,0,0,0,0,0,0
Peru,Fires in organic soils,Emissions (CO2),kilotonnes,0,0,0,0,0,0,0,0,0,0,0,0,0,0,0,0,0,0,0,0,0
Peru,Fires in organic soils,Emissions (CO2eq) from CH4 (AR5),kilotonnes,0,0,0,0,0,0,0,0,0,0,0,0,0,0,0,0,0,0,0,0,0
Peru,Fires in organic soils,Emissions (CO2eq) (AR5),kilotonnes,0,0,0,0,0,0,0,0,0,0,0,0,0,0,0,0,0,0,0,0,0
Peru,Forest fires,Emissions (CH4),kilotonnes,0.7655,0.258,1.837,4.543,2.087,10.591,2.4785,5.1711,1.8525,1.3331,5.6038,1.1249,3.8046,2.3654,2.0911,2.5603,2.7161,0.9522,2.6343,3.1697,3.2188
Peru,Forest fires,Emissions (N2O),kilotonnes,0.0225,0.0236,0.1677,0.4148,0.1906,0.967,0.2263,0.4721,0.1691,0.1217,0.5117,0.1027,0.3474,0.216,0.1909,0.2338,0.248,0.0869,0.2405,0.2894,0.2939
Peru,Forest fires,Emissions (CO2eq) from CH4 (AR5),kilotonnes,21.434,7.2229,51.4368,127.2044,58.4372,296.5488,69.3967,144.7911,51.8696,37.3259,156.9061,31.4982,106.5282,66.2322,58.5505,71.6885,76.0508,26.6616,73.7606,88.7503,90.1252
Peru,Forest fires,Emissions (CO2eq) from N2O (AR5),kilotonnes,5.9673,6.2415,44.4481,109.9212,50.4974,256.2569,59.9678,125.1184,44.8221,32.2545,135.5873,27.2185,92.0542,57.2333,50.5953,61.9482,65.7178,23.0391,63.7388,76.6918,77.8799
Peru,Forest fires,Emissions (CO2eq) (AR5),kilotonnes,27.4013,13.4644,95.885,237.1255,108.9346,552.8057,129.3645,269.9094,96.6917,69.5804,292.4934,58.7167,198.5824,123.4655,109.1458,133.6367,141.7685,49.7008,137.4994,165.4421,168.0052
Peru,Fires in humid tropical forests,Emissions (CH4),kilotonnes,0.6381,0.2208,1.3539,3.5964,1.5667,8.7569,2.1439,4.6656,1.4337,1.0853,4.2878,0.8325,3.0536,1.8673,1.588,2.362,1.6679,0.806,2.1387,2.6442,2.3835
Peru,Fires in humid tropical forests,Emissions (N2O),kilotonnes,0.0188,0.0202,0.1236,0.3284,0.143,0.7995,0.1957,0.426,0.1309,0.0991,0.3915,0.076,0.2788,0.1705,0.145,0.2157,0.1523,0.0736,0.1953,0.2414,0.2176
Peru,Fires in humid tropical forests,Emissions (CO2eq) from CH4 (AR5),kilotonnes,17.8676,6.1818,37.9081,100.6995,43.8663,245.1928,60.0292,130.6364,40.1437,30.3875,120.0578,23.3107,85.502,52.2853,44.464,66.1373,46.7006,22.5679,59.8829,74.0379,66.7376
Peru,Fires in humid tropical forests,Emissions (CO2eq) from N2O (AR5),kilotonnes,4.9738,5.3419,32.7575,87.0175,37.9062,211.8786,51.873,112.8869,34.6894,26.2587,103.7456,20.1434,73.8849,45.1813,38.4227,57.1513,40.3555,19.5016,51.7466,63.9784,57.67
Peru,Fires in humid tropical forests,Emissions (CO2eq) (AR5),kilotonnes,22.8414,11.5237,70.6656,187.7171,81.7726,457.0714,111.9022,243.5233,74.8331,56.6462,223.8034,43.4541,159.3869,97.4666,82.8867,123.2886,87.0561,42.0694,111.6295,138.0163,124.4076
Peru,Waste - agri-food systems,Emissions (CH4),kilotonnes,300.4161,301.8564,303.3997,304.7604,305.5762,306.6724,309.5592,311.0524,313.4583,315.1836,317.5668,319.8834,321.7629,323.3002,322.5769,320.333,322.4282,324.2887,326.2595,327.8812,329.0335
Peru,Waste - agri-food systems,Emissions (N2O),kilotonnes,0.6162,0.6188,0.6157,0.6258,0.6259,0.6646,0.6905,0.7106,0.7213,0.7432,0.7709,0.784,0.8105,0.8156,0.8203,0.8203,0.8153,0.871,0.9079,0.9421,0.9748
Peru,Waste - agri-food systems,Emissions (CO2),kilotonnes,1.6497,1.65,1.6535,1.6581,1.6667,1.6754,1.6857,1.6952,1.7062,1.7064,1.7197,1.7299,1.7376,1.7405,1.7403,1.7366,1.7373,1.7437,1.7472,1.7489,1.7406
Peru,Waste - agri-food systems,Emissions (CO2eq) from CH4 (AR5),kilotonnes,8411.651,8451.9802,8495.1928,8533.2914,8556.1347,8586.8284,8667.6585,8709.468,8776.8327,8825.1398,8891.8699,8956.7338,9009.3615,9052.406,9032.1526,8969.3235,9027.9895,9080.0838,9135.2668,9180.6724,9212.9369
Peru,Waste - agri-food systems,Emissions (CO2eq) from N2O (AR5),kilotonnes,163.284,163.9804,163.17,165.8411,165.8661,176.1093,182.99,188.3193,191.1553,196.9509,204.2913,207.7708,214.7865,216.1374,217.3734,217.3882,216.0662,230.8185,240.5812,249.6464,258.3262
Peru,Waste - agri-food systems,Emissions (CO2eq) (AR5),kilotonnes,8576.5847,8617.6107,8660.0163,8700.7906,8723.6676,8764.6131,8852.3341,8899.4825,8969.6943,9023.797,9097.8809,9166.2345,9225.8857,9270.2839,9251.2664,9188.4483,9245.793,9312.646,9377.5953,9432.0678,9473.0038
Peru,Fertilizers Manufacturing,Emissions (N2O),kilotonnes,0,0,0,0,0,0,0,0,0,0,0,0,0,0,0,0,0,0,0,0,0
Peru,Fertilizers Manufacturing,Emissions (CO2),kilotonnes,0.2216,0.21,0.2109,0.2029,0.2356,0.2515,0.2312,0.2824,0.2894,0.3247,0.3512,0.345,0.3697,0.3432,0.3971,0.3962,0.4297,0.4297,0.4491,0.4641,0.3688
Peru,Fertilizers Manufacturing,Emissions (CO2eq) from N2O (AR5),kilotonnes,0,0,0,0,0,0,0,0,0,0,0,0,0,0,0,0,0,0,0,0,0
Peru,Fertilizers Manufacturing,Emissions (CO2eq) (AR5),kilotonnes,0.2216,0.21,0.2109,0.2029,0.2356,0.2515,0.2312,0.2824,0.2894,0.3247,0.3512,0.345,0.3697,0.3432,0.3971,0.3962,0.4297,0.4297,0.4491,0.4641,0.3688
Peru,On-farm electricity use,Emissions (CH4),kilotonnes,0.5912,1.1795,1.2527,1.2395,1.2263,1.3391,1.5071,0.7152,0.7764,0.8928,0.936,1.2096,1.2383,1.3532,1.3728,1.4747,1.5012,1.5288,1.8755,1.9761,1.9761
Peru,On-farm electricity use,Emissions (N2O),kilotonnes,0.0032,0.0063,0.0067,0.0066,0.0065,0.0072,0.008,0.0038,0.0041,0.0048,0.005,0.0064,0.0066,0.0073,0.0073,0.0078,0.008,0.0081,0.01,0.0106,0.0106
Peru,On-farm electricity use,Emissions (CO2),kilotonnes,76.0515,120.7868,152.7735,156.519,216.5448,233.4082,230.2509,118.763,155.1567,188.5496,226.2204,300.0749,294.6995,261.8129,265.5972,285.3314,290.439,295.7788,362.8746,382.3301,382.3301
Peru,On-farm electricity use,Emissions (CO2eq) from CH4 (AR5),kilotonnes,16.5536,33.026,35.0756,34.706,34.3364,37.4948,42.1988,20.0256,21.7392,24.9984,26.208,33.8688,34.6724,37.8896,38.4384,41.2916,42.0336,42.8064,52.514,55.3308,55.3308
Peru,On-farm electricity use,Emissions (CO2eq) from N2O (AR5),kilotonnes,0.848,1.6695,1.7755,1.749,1.7225,1.908,2.12,1.007,1.0865,1.272,1.325,1.696,1.749,1.9345,1.9345,2.067,2.12,2.1465,2.65,2.809,2.809
Peru,On-farm electricity use,Emissions (CO2eq) (AR5),kilotonnes,93.4531,155.4823,189.6246,192.974,252.6037,272.811,274.5697,139.7956,177.9824,214.82,253.7534,335.6397,331.1209,301.637,305.9701,328.69,334.5926,340.7317,418.0386,440.4699,440.4699
Peru,Food Processing,Emissions (CH4),kilotonnes,0.4912,0.4764,0.3246,0.3676,0.3502,4.9671,4.5174,0.3973,0.9604,1.083,1.5149,2.0289,1.3656,0.6165,0.5556,0.5376,1.6928,1.623,1.5048,1.8133,1.8989
Peru,Food Processing,Emissions (N2O),kilotonnes,0.0026,0.0026,0.0022,0.0023,0.0026,0.006,0.0058,0.0038,0.0077,0.0087,0.0104,0.0101,0.0065,0.0105,0.0087,0.0082,0.0084,0.0105,0.0102,0.0095,0.0098
Peru,Food Processing,Emissions (CO2),kilotonnes,390.4055,360.78,306.5482,302.2161,365.0933,676.4404,611.4325,533.0898,670.3088,857.7524,917.3532,802.9746,583.3658,862.0137,842.5587,827.9947,822.6954,934.003,940.9571,920.2579,731.3076
Peru,Food Processing,Emissions (CO2eq) from CH4 (AR5),kilotonnes,13.7536,13.3392,9.0888,10.2928,9.8056,139.0788,126.4872,11.1244,26.8912,30.324,42.4172,56.8092,38.2368,17.262,15.5568,15.0528,47.3984,45.444,42.1344,50.7724,53.1687
Peru,Food Processing,Emissions (CO2eq) from N2O (AR5),kilotonnes,0.689,0.689,0.583,0.6095,0.689,1.59,1.537,1.007,2.0405,2.3055,2.756,2.6765,1.7225,2.7825,2.3055,2.173,2.226,2.7825,2.703,2.5175,2.6021
Peru,Food Processing,Emissions (CO2eq) (AR5),kilotonnes,404.8481,374.8082,316.22,313.1184,375.5879,817.1092,739.4567,545.2212,699.2405,890.3819,962.5264,862.4603,623.3251,882.0582,860.421,845.2205,872.3198,982.2295,985.7945,973.5478,787.0785
Peru,Food Packaging,Emissions (CH4),kilotonnes,0.1557,0.1635,0.1792,0.2002,0.2065,0.2116,0.2682,0.3397,0.3536,0.4427,0.5816,0.8178,0.9836,0.9641,0.9141,0.9324,1.1556,1.0306,1.156,1.0141,1.062
Peru,Food Packaging,Emissions (N2O),kilotonnes,0.0014,0.0013,0.0013,0.0013,0.0014,0.0013,0.0014,0.0016,0.0018,0.0024,0.0025,0.0021,0.0019,0.0026,0.0024,0.0025,0.0024,0.0025,0.0027,0.0027,0.0028
Peru,Food Packaging,Emissions (CO2),kilotonnes,134.1192,111.8187,114.6331,108.9781,128.7653,130.4548,122.5276,164.7767,214.643,268.3614,257.3513,209.4839,255.8265,246.4485,260.0206,255.543,266.2034,280.5875,305.1314,297.3247,236.277
Peru,Food Packaging,Emissions (CO2eq) from CH4 (AR5),kilotonnes,4.3596,4.578,5.0176,5.6056,5.782,5.9248,7.5096,9.5116,9.9008,12.3956,16.2848,22.8984,27.5408,26.9948,25.5948,26.1072,32.3568,28.8568,32.368,28.3948,29.735
Peru,Food Packaging,Emissions (CO2eq) from N2O (AR5),kilotonnes,0.371,0.3445,0.3445,0.3445,0.371,0.3445,0.371,0.424,0.477,0.636,0.6625,0.5565,0.5035,0.689,0.636,0.6625,0.636,0.6625,0.7155,0.7155,0.7396
Peru,Food Packaging,Emissions (CO2eq) (AR5),kilotonnes,138.8498,116.7412,119.9952,114.9282,134.9183,136.7241,130.4082,174.7123,225.0208,281.393,274.2986,232.9388,283.8708,274.1323,286.2514,282.3127,299.1962,310.1068,338.2149,326.435,266.7516
Peru,Food Retail,Emissions (CH4),kilotonnes,0.0674,0.0637,0.0631,0.068,0.0655,0.0686,0.0674,0.0778,1.2802,1.3972,1.4641,1.617,1.6554,1.7874,1.7936,1.9282,1.9794,2.0252,2.0345,2.1186,2.2186
Peru,Food Retail,Emissions (N2O),kilotonnes,0.0004,0.0004,0.0004,0.0004,0.0004,0.0004,0.0004,0.0005,0.007,0.0079,0.0083,0.0089,0.0092,0.0118,0.0115,0.0125,0.0123,0.0122,0.0119,0.0128,0.0132
Peru,Food Retail,Emissions (CO2),kilotonnes,8.6766,7.6483,7.6804,7.3912,8.5802,9.1586,8.4195,34.2818,293.4277,360.4361,462.717,530.0367,500.4177,716.3828,693.0358,713.5266,644.0073,617.2885,636.4527,702.0135,557.8738
Peru,Food Retail,Emissions (CO2eq) from F-gases (AR5),kilotonnes,120.0045,160.006,201.0465,253.516,321.5705,356.377,402.093,447.809,453.5235,456.6405,458.7185,459.238,460.277,460.7965,460.7965,460.7965,500.798,511.188,521.578,531.968,553.4617
Peru,Food Retail,Emissions (CO2eq) from CH4 (AR5),kilotonnes,1.8872,1.7833,1.766,1.9045,1.8353,1.9218,1.8872,2.1784,35.8456,39.1216,40.9948,45.276,46.3512,50.0472,50.2208,53.9896,55.4232,56.7056,56.966,59.3208,62.1206
Peru,Food Retail,Emissions (CO2eq) from N2O (AR5),kilotonnes,0.106,0.0947,0.0957,0.095,0.1041,0.0987,0.0986,0.1325,1.855,2.0935,2.1995,2.3585,2.438,3.127,3.0475,3.3125,3.2595,3.233,3.1535,3.392,3.506
Peru,Food Retail,Emissions (CO2eq) (AR5),kilotonnes,130.6743,169.5323,210.5886,262.9067,332.0901,367.5562,412.4983,484.4017,784.6518,858.2917,964.6298,1036.9092,1009.4839,1230.3535,1207.1006,1231.6252,1203.488,1188.4151,1218.1502,1296.6943,1176.9621
Peru,Food Household Consumption,Emissions (CH4),kilotonnes,2.8669,2.9981,3.1734,3.3219,3.5529,3.867,4.3374,4.9554,3.0934,3.2377,3.3765,3.7501,3.8413,3.8211,3.9703,4.0989,4.1872,4.2657,4.4336,4.4336,4.6429
Peru,Food Household Consumption,Emissions (N2O),kilotonnes,0.0213,0.0218,0.0223,0.0226,0.0211,0.0224,0.0243,0.0273,0.0173,0.0183,0.0188,0.0206,0.0213,0.0213,0.0221,0.0229,0.0234,0.0239,0.0249,0.0249,0.0257
Peru,Food Household Consumption,Emissions (CO2),kilotonnes,1450.7908,1395.278,1449.696,1427.2511,1300.5603,1314.891,1277.2095,1412.8845,1263.7335,1336.8338,1437.6362,1583.9121,1601.5183,1553.313,1611.5657,1688.371,1758.0785,1801.0412,1906.5172,1906.5172,1515.065
Peru,Food Household Consumption,Emissions (CO2eq) from CH4 (AR5),kilotonnes,80.2732,83.9468,88.8552,93.0132,99.4812,108.276,121.4472,138.7512,86.6152,90.6556,94.542,105.0028,107.5564,106.9908,111.1684,114.7692,117.2416,119.4396,124.1408,124.1408,130
Peru,Food Household Consumption,Emissions (CO2eq) from N2O (AR5),kilotonnes,5.6445,5.777,5.9095,5.989,5.5915,5.936,6.4395,7.2345,4.5845,4.8495,4.982,5.459,5.6445,5.6445,5.8565,6.0685,6.201,6.3335,6.5985,6.5985,6.8203
Peru,Food Household Consumption,Emissions (CO2eq) (AR5),kilotonnes,1536.7085,1485.0018,1544.4607,1526.2533,1405.633,1429.103,1405.0962,1558.8702,1354.9332,1432.3389,1537.1602,1694.3739,1714.7192,1665.9483,1728.5906,1809.2087,1881.5211,1926.8143,2037.2565,2037.2565,1651.8853
Peru,Food Transport,Emissions (CH4),kilotonnes,0.1629,0.1396,0.1362,0.1338,0.1361,0.1315,0.1566,0.1918,0.2653,0.3422,0.4059,0.4353,0.4982,0.5501,0.5676,0.6255,0.6642,0.6906,0.6994,0.5972,0.6254
Peru,Food Transport,Emissions (N2O),kilotonnes,0.0203,0.0195,0.0193,0.0201,0.022,0.0213,0.022,0.0228,0.0278,0.0324,0.0363,0.0374,0.0394,0.0418,0.0426,0.0463,0.0504,0.0517,0.0523,0.047,0.0486
Peru,Food Transport,Emissions (CO2),kilotonnes,1059.6415,989.9357,975.4058,1026.4558,1163.9758,1104.5638,1192.8038,1235.9358,1520.4255,1651.1077,1806.215,1871.39,1916.985,2051.855,2050.58,2245.205,2445.3,2488.415,2510.525,2346.7552,1864.9119
Peru,Food Transport,Emissions (CO2eq) from CH4 (AR5),kilotonnes,4.5612,3.9088,3.8136,3.7464,3.8108,3.682,4.3848,5.3704,7.4284,9.5816,11.3652,12.1884,13.9496,15.4028,15.8928,17.514,18.5976,19.3368,19.5832,16.7216,17.5108
Peru,Food Transport,Emissions (CO2eq) from N2O (AR5),kilotonnes,5.3795,5.1675,5.1145,5.3265,5.83,5.6445,5.83,6.042,7.367,8.586,9.6195,9.911,10.441,11.077,11.289,12.2695,13.356,13.7005,13.8595,12.455,12.8737
Peru,Food Transport,Emissions (CO2eq) (AR5),kilotonnes,1069.5822,999.012,984.3339,1035.5287,1173.6166,1113.8903,1203.0186,1247.3482,1535.2209,1669.2753,1827.1997,1893.4894,1941.3756,2078.3348,2077.7618,2274.9885,2477.2536,2521.4523,2543.9677,2375.9318,1895.2964
Peru,Energy,Emissions (CH4),kilotonnes,109,103,102,110,106,111,109,119,120,142,205,266,268,275,286,275,290,276,279,339,355
Peru,Energy,Emissions (N2O),kilotonnes,0.799,0.714,0.721,0.716,0.785,0.744,0.743,0.792,0.75,0.867,1.03,1.02,0.983,1,1.02,1.04,1.09,1.14,1.16,1.19,1.23
Peru,Energy,Emissions (CO2),kilotonnes,27000,23800,23900,23000,26700,28500,26200,32000,32800,36800,39800,39100,41900,38900,45000,44900,48700,48700,50900,52600,41800
Peru,Energy,Emissions (CO2eq) from CH4 (AR5),kilotonnes,3052,2884,2856,3080,2968,3108,3052,3332,3360,3976,5740,7448,7504,7700,8008,7700,8120,7728,7812,9492,9940
Peru,Energy,Emissions (CO2eq) from N2O (AR5),kilotonnes,211.735,189.21,191.065,189.74,208.025,197.16,196.895,209.88,198.75,229.755,272.95,270.3,260.495,265,270.3,275.6,288.85,302.1,307.4,315.35,325.95
Peru,Energy,Emissions (CO2eq) (AR5),kilotonnes,30263.735,26873.21,26947.065,26269.74,29876.025,31805.16,29448.895,35541.88,36358.75,41005.755,45812.95,46818.3,49664.495,46865,53278.3,52875.6,57108.85,56730.1,59019.4,62407.35,52065.95
Peru,IPPU,Emissions (CH4),kilotonnes,0.021,0.0201,0.0159,0.0151,0.0188,0.0178,0.0205,0.0236,0.0199,0.001,0.001,0.0109,0.0102,0.0096,0.0089,0.0082,0.0075,0.0069,0.0062,0.0055,0.0049
Peru,IPPU,Emissions (N2O),kilotonnes,0.186,0.125,0.0798,0.0808,0.0818,0.0829,0.0839,0.0849,0.086,0.087,0.0882,0.0893,0.0905,0.0917,0.093,0.0942,0.0954,0.0965,0.0977,0.0987,0.0998
Peru,IPPU,Emissions (CO2),kilotonnes,2090,2140,2140,2190,2480,2720,2960,3070,3330,3660,3680,3750,4240,4800,5140,4910,4800,4750,4790,5070,5080
Peru,IPPU,Emissions (CO2eq) from F-gases (AR5),kilotonnes,113.6953,139.9327,183.6616,229.3341,289.5829,366.3515,405.2217,456.7247,508.2276,554.8719,602.4878,618.0359,660.7931,703.5503,747.2793,790.0365,832.7937,876.5226,919.2798,962.037,1000.9072
Peru,IPPU,Emissions (CO2eq) from CH4 (AR5),kilotonnes,0.588,0.5628,0.4452,0.4228,0.5264,0.4984,0.574,0.6608,0.5572,0.0269,0.0269,0.3052,0.2856,0.2674,0.2486,0.2299,0.2111,0.1924,0.1733,0.1546,0.1358
Peru,IPPU,Emissions (CO2eq) from N2O (AR5),kilotonnes,49.29,33.125,21.147,21.412,21.677,21.9685,22.2335,22.4985,22.79,23.055,23.373,23.6645,23.9825,24.3005,24.645,24.963,25.281,25.5725,25.8905,26.1555,26.447
Peru,IPPU,Emissions (CO2eq) (AR5),kilotonnes,2253.5733,2313.6205,2345.2538,2441.1689,2791.7863,3108.8184,3388.0292,3549.884,3861.5748,4237.9537,4305.8877,4392.0056,4925.0612,5528.1182,5912.1729,5725.2294,5658.2858,5652.2875,5735.3437,6058.3471,6107.49
Peru,Waste,Emissions (CH4),kilotonnes,311,316,322,330,336,344,353,363,305,311,318,326,334,341,347,354,360,366,373,359,361
Peru,Waste,Emissions (N2O),kilotonnes,1.04,1.05,1.06,1.07,1.07,1.11,1.15,1.2,1.23,1.29,1.32,1.36,1.39,1.42,1.47,1.51,1.54,1.57,1.59,1.64,1.68
Peru,Waste,Emissions (CO2),kilotonnes,6.73,6.86,6.98,7.11,7.24,7.36,7.48,7.6,7.73,7.85,7.98,8.11,8.23,8.37,8.5,8.63,8.76,8.89,9.02,9.14,9.27
Peru,Waste,Emissions (CO2eq) from CH4 (AR5),kilotonnes,8708,8848,9016,9240,9408,9632,9884,10164,8540,8708,8904,9128,9352,9548,9716,9912,10080,10248,10444,10052,10108
Peru,Waste,Emissions (CO2eq) from N2O (AR5),kilotonnes,275.6,278.25,280.9,283.55,283.55,294.15,304.75,318,325.95,341.85,349.8,360.4,368.35,376.3,389.55,400.15,408.1,416.05,421.35,434.6,445.2
Peru,Waste,Emissions (CO2eq) (AR5),kilotonnes,8990.33,9133.11,9303.88,9530.66,9698.79,9933.51,10196.23,10489.6,8873.68,9057.7,9261.78,9496.51,9728.58,9932.67,10114.05,10320.78,10496.86,10672.94,10874.37,10495.74,10562.47
Peru,Other,Emissions (N2O),kilotonnes,0.942,0.855,0.914,0.898,0.976,0.926,0.917,0.968,1.06,1.17,1.33,1.37,1.33,1.38,1.37,1.44,1.54,1.57,1.59,1.68,1.73
Peru,Other,Emissions (CO2eq) from N2O (AR5),kilotonnes,249.63,226.575,242.21,237.97,258.64,245.39,243.005,256.52,280.9,310.05,352.45,363.05,352.45,365.7,363.05,381.6,408.1,416.05,421.35,445.2,458.45
Peru,Other,Emissions (CO2eq) (AR5),kilotonnes,249.63,226.575,242.21,237.97,258.64,245.39,243.005,256.52,280.9,310.05,352.45,363.05,352.45,365.7,363.05,381.6,408.1,416.05,421.35,445.2,458.45
Peru,Farm-gate emissions,Emissions (CH4),kilotonnes,608.5106,611.0802,627.8163,635.6295,629.3976,667.3787,662.7553,674.3233,687.9592,702.8065,706.6472,705.7059,710.3982,707.8502,704.2847,707.6609,710.9996,716.7086,717.7755,716.548,721.5342
Peru,Farm-gate emissions,Direct emissions (N2O),kilotonnes,16.7116,16.7651,17.2493,17.3863,17.4576,17.3666,17.8518,18.8015,18.3579,19.4734,18.9088,19.4093,19.5172,19.4214,19.2551,19.795,19.7993,20.4997,19.2997,20.6898,20.4837
Peru,Farm-gate emissions,Indirect emissions (N2O),kilotonnes,5.2878,5.292,5.438,5.4975,5.5323,5.5018,5.6601,5.9463,5.7898,6.1501,5.9665,6.1283,6.1072,6.1125,6.0446,6.2109,6.2091,6.4409,6.0323,6.4867,6.4123
Peru,Farm-gate emissions,Emissions (N2O),kilotonnes,23.1256,23.1649,23.8503,24.1096,24.2236,24.2626,24.818,26.0961,25.5098,27.0468,26.4356,26.9721,27.0853,27.1836,26.7848,27.508,27.5864,28.4534,26.8308,28.7346,28.5116
Peru,Farm-gate emissions,Emissions (CO2),kilotonnes,648.3548,996.0566,993.0646,939.0564,1366.6989,1159.7625,1074.7863,1065.484,969.5586,994.0055,586.2287,644.5781,667.8487,665.7833,634.7802,647.5563,621.1235,563.0974,412.236,366.1623,366.1623
Peru,Farm-gate emissions,Emissions (CO2eq) from CH4 (AR5),kilotonnes,17038.2979,17110.2444,17578.8572,17797.6255,17623.1331,18686.6045,18557.1474,18881.0515,19262.8571,19678.5807,19786.1206,19759.766,19891.1496,19819.8046,19719.9714,19814.5048,19907.9899,20067.8395,20097.7145,20063.3448,20202.9569
Peru,Farm-gate emissions,Emissions (CO2eq) from N2O (AR5),kilotonnes,6128.2844,6138.6911,6320.3334,6389.0359,6419.2424,6429.5981,6576.7676,6915.4781,6760.0925,7167.4011,7005.4262,7147.6145,7177.6065,7203.6579,7097.9658,7289.6303,7310.4038,7540.1469,7110.1546,7614.6707,7555.567
Peru,Farm-gate emissions,Emissions (CO2eq) (AR5),kilotonnes,23814.9371,24244.9921,24892.2552,25125.7178,25409.0744,26275.9651,26208.7013,26862.0136,26992.5081,27839.9874,27377.7754,27551.9586,27736.6049,27689.2458,27452.7174,27751.6914,27839.5172,28171.0838,27620.1052,28044.1778,28124.6862
Peru,Land Use change,Emissions (CH4),kilotonnes,0.6381,0.2208,1.3539,3.5964,1.5667,8.7569,2.1439,4.6656,1.4337,1.0853,4.2878,0.8325,3.0536,1.8673,1.588,2.362,1.6679,0.806,2.1387,2.6442,2.3835
Peru,Land Use change,Emissions (N2O),kilotonnes,0.0188,0.0202,0.1236,0.3284,0.143,0.7995,0.1957,0.426,0.1309,0.0991,0.3915,0.076,0.2788,0.1705,0.145,0.2157,0.1523,0.0736,0.1953,0.2414,0.2176
Peru,Land Use change,Emissions (CO2),kilotonnes,83135.0989,77951.3444,77951.3444,77951.3444,77951.3444,77951.3444,77951.3444,77951.3444,77951.3444,77951.3444,77951.3444,97774.5114,97774.5114,97774.5114,97774.5114,97774.5114,92892.6325,92892.6325,92892.6325,92892.6325,92892.6325
Peru,Land Use change,Emissions (CO2eq) from CH4 (AR5),kilotonnes,17.8676,6.1818,37.9081,100.6995,43.8663,245.1928,60.0292,130.6364,40.1437,30.3875,120.0578,23.3107,85.502,52.2853,44.464,66.1373,46.7006,22.5679,59.8829,74.0379,66.7376
Peru,Land Use change,Emissions (CO2eq) from N2O (AR5),kilotonnes,4.9738,5.3419,32.7575,87.0175,37.9062,211.8786,51.873,112.8869,34.6894,26.2587,103.7456,20.1434,73.8849,45.1813,38.4227,57.1513,40.3555,19.5016,51.7466,63.9784,57.67
Peru,Land Use change,Emissions (CO2eq) (AR5),kilotonnes,83157.9404,77962.8681,78022.01,78139.0615,78033.117,78408.4158,78063.2466,78194.8677,78026.1775,78007.9906,78175.1478,97817.9655,97933.8983,97871.978,97857.3981,97897.8,92979.6886,92934.7019,93004.262,93030.6488,93017.0401
Peru,Emissions on agricultural land,Emissions (CH4),kilotonnes,609.1488,611.3009,629.1702,639.2259,630.9643,676.1356,664.8992,678.9889,689.3929,703.8917,710.9349,706.5385,713.4518,709.7175,705.8727,710.0229,712.6675,717.5145,719.9142,719.1922,723.9177
Peru,Emissions on agricultural land,Emissions (N2O),kilotonnes,23.1444,23.185,23.9739,24.4379,24.3666,25.0622,25.0137,26.5221,25.6407,27.1459,26.8271,27.0481,27.3641,27.3541,26.9298,27.7237,27.7387,28.527,27.026,28.976,28.7292
Peru,Emissions on agricultural land,Emissions (CO2),kilotonnes,83783.4537,78947.401,78944.409,78890.4008,79318.0433,79111.1069,79026.1307,79016.8284,78920.903,78945.3499,78537.5731,98419.0895,98442.3601,98440.2947,98409.2916,98422.0677,93513.756,93455.7299,93304.8685,93258.7948,93258.7948
Peru,Emissions on agricultural land,Emissions (CO2eq) from CH4 (AR5),kilotonnes,17056.1655,17116.4262,17616.7653,17898.325,17666.9995,18931.7973,18617.1766,19011.6879,19303.0008,19708.9682,19906.1784,19783.0767,19976.6516,19872.0898,19764.4354,19880.6422,19954.6906,20090.4073,20157.5974,20137.3827,20269.6944
Peru,Emissions on agricultural land,Emissions (CO2eq) from N2O (AR5),kilotonnes,6133.2582,6144.033,6353.0909,6476.0534,6457.1487,6641.4767,6628.6406,7028.365,6794.7819,7193.6598,7109.1717,7167.7579,7251.4914,7248.8392,7136.3885,7346.7816,7350.7592,7559.6484,7161.9013,7678.6491,7613.237
Peru,Emissions on agricultural land,Emissions (CO2eq) (AR5),kilotonnes,106972.8774,102207.8602,102914.2651,103264.7793,103442.1914,104684.3809,104271.9479,105056.8813,105018.6857,105847.9779,105552.9232,125369.9241,125670.5031,125561.2238,125310.1155,125649.4914,120819.2059,121105.7857,120624.3672,121074.8266,121141.7262
Peru,Pre- and post- production,Emissions (CH4),kilotonnes,304.7514,306.8772,308.5289,310.0914,311.1138,317.2574,320.4133,317.7296,320.1876,322.5792,325.8458,329.7421,331.3453,332.3926,331.7509,329.9303,333.6086,335.4526,337.9633,339.8341,341.4572
Peru,Pre- and post- production,Emissions (N2O),kilotonnes,0.6654,0.6707,0.6679,0.6791,0.6799,0.7231,0.7524,0.7704,0.787,0.8177,0.8522,0.8695,0.8954,0.9109,0.9149,0.9205,0.9202,0.9799,1.0199,1.0496,1.0856
Peru,Pre- and post- production,Emissions (CO2),kilotonnes,3121.5564,2988.1075,3008.6014,3030.6724,3185.422,3470.8437,3444.5607,3501.7091,4119.6908,4665.0721,5109.564,5299.9471,5154.9201,5693.9096,5725.4954,6018.1045,6228.8906,6419.2874,6664.6544,6557.4116,5289.875
Peru,Pre- and post- production,Emissions (CO2eq) from F-gases (AR5),kilotonnes,120.0045,160.006,201.0465,253.516,321.5705,356.377,402.093,447.809,453.5235,456.6405,458.7185,459.238,460.277,460.7965,460.7965,460.7965,500.798,511.188,521.578,531.968,553.4617
Peru,Pre- and post- production,Emissions (CO2eq) from CH4 (AR5),kilotonnes,8533.0394,8592.5623,8638.8096,8682.5599,8711.186,8883.2066,8971.5733,8896.4296,8965.2531,9032.2166,9123.6819,9232.7774,9277.6687,9306.9932,9289.0246,9238.0479,9341.0407,9392.673,9462.9732,9515.3536,9560.8028
Peru,Pre- and post- production,Emissions (CO2eq) from N2O (AR5),kilotonnes,176.322,177.7227,176.9927,179.9545,180.1743,191.631,199.386,204.1663,208.5658,216.6934,225.8358,230.4283,237.285,241.3919,242.4424,243.9412,243.8647,259.677,270.2612,278.1339,287.6769
Peru,Pre- and post- production,Emissions (CO2eq) (AR5),kilotonnes,11950.9223,11918.3985,12025.4501,12146.7028,12398.3528,12902.0583,13017.613,13050.1141,13747.0333,14370.6226,14917.8001,15222.3908,15130.1509,15703.0912,15717.759,15960.8901,16314.594,16582.8254,16919.4668,16882.8672,15691.8163
Peru,Agri-food systems,Emissions (CH4),kilotonnes,913.9002,918.1782,937.6991,949.3173,942.0781,993.393,985.3125,996.7185,1009.5805,1026.4709,1036.7807,1036.2805,1044.7972,1042.1101,1037.6236,1039.9532,1046.2761,1052.9672,1057.8775,1059.0263,1065.3749
Peru,Agri-food systems,Emissions (N2O),kilotonnes,23.8097,23.8557,24.6418,25.117,25.0465,25.7853,25.7661,27.2926,26.4277,27.9636,27.6793,27.9177,28.2595,28.265,27.8446,28.6442,28.659,29.5069,28.0459,30.0256,29.8148
Peru,Agri-food systems,Emissions (CO2),kilotonnes,86905.0101,81935.5085,81953.0103,81921.0732,82503.4653,82581.9507,82470.6914,82518.5375,83040.5938,83610.422,83647.1371,103719.0366,103597.2802,104134.2043,104134.787,104440.1722,99742.6466,99875.0173,99969.5229,99816.2065,98548.6698
Peru,Agri-food systems,Emissions (CO2eq) from F-gases (AR5),kilotonnes,120.0045,160.006,201.0465,253.516,321.5705,356.377,402.093,447.809,453.5235,456.6405,458.7185,459.238,460.277,460.7965,460.7965,460.7965,500.798,511.188,521.578,531.968,553.4617
Peru,Agri-food systems,Emissions (CO2eq) from CH4 (AR5),kilotonnes,25589.2049,25708.9886,26255.5749,26580.885,26378.1855,27815.0039,27588.7499,27908.1175,28268.2539,28741.1848,29029.8602,29015.8541,29254.3204,29179.083,29053.46,29118.69,29295.7313,29483.0804,29620.5707,29652.7363,29830.4972
Peru,Agri-food systems,Emissions (CO2eq) from N2O (AR5),kilotonnes,6309.5802,6321.7557,6530.0835,6656.008,6637.3229,6833.1077,6828.0266,7232.5313,7003.3477,7410.3532,7335.0075,7398.1862,7488.7764,7490.2311,7378.8309,7590.7228,7594.6239,7819.3255,7432.1625,7956.783,7900.9138
Peru,Agri-food systems,Emissions (CO2eq) (AR5),kilotonnes,118923.7997,114126.2587,114939.7153,115411.4821,115840.5442,117586.4393,117289.5608,118106.9953,118765.7189,120218.6005,120470.7233,140592.3149,140800.654,141264.315,141027.8744,141610.3815,137133.7999,137688.6111,137543.834,137957.6938,136833.5425
Peru,IPCC Agriculture,Emissions (CH4),kilotonnes,607.2298,610.8622,627.6035,635.4316,629.1456,667.1459,662.5314,674.0189,687.696,702.5733,706.4949,705.5782,710.2668,707.7681,704.2165,707.5875,710.9404,716.6603,717.7412,716.5182,721.5044
Peru,IPCC Agriculture,Emissions (CH4),kilotonnes,578.5714,,,,,,,,,,612.8743,,604.8095,,544.59,,,,,,
Peru,IPCC Agriculture,Direct emissions (N2O),kilotonnes,16.7116,16.7651,17.2493,17.3863,17.4576,17.3666,17.8518,18.8015,18.3579,19.4734,18.9088,19.4093,19.5172,19.4214,19.2551,19.795,19.7993,20.4997,19.2997,20.6898,20.4837
Peru,IPCC Agriculture,Indirect emissions (N2O),kilotonnes,5.2878,5.292,5.438,5.4975,5.5323,5.5018,5.6601,5.9463,5.7898,6.1501,5.9665,6.1283,6.1072,6.1125,6.0446,6.2109,6.2091,6.4409,6.0323,6.4867,6.4123
Peru,IPCC Agriculture,Emissions (N2O),kilotonnes,23.0889,23.1227,23.8178,24.0777,24.1639,24.2185,24.7805,26.0592,25.4646,26.9764,26.3511,26.8645,26.9616,27.061,26.6494,27.3823,27.4534,28.3267,26.7354,28.6473,28.4242
Peru,IPCC Agriculture,Emissions (N2O),kilotonnes,33.5323,,,,,,,,,,42.5194,,43.0355,,47.73,,,,,,
Peru,IPCC Agriculture,Emissions (CO2eq) from CH4 (AR5),kilotonnes,17002.4356,17104.141,17572.897,17792.0855,17616.0773,18680.0851,18550.8799,18872.5294,19255.4885,19672.0534,19781.8576,19756.1898,19887.4701,19817.5077,19718.0614,19812.4498,19906.331,20066.4888,20096.7548,20062.5108,20202.1229
Peru,IPCC Agriculture,Emissions (CO2eq) from CH4 (AR5),kilotonnes,16199.9992,,,,,,,,,,17160.4804,,16934.666,,15248.52,,,,,,
Peru,IPCC Agriculture,Emissions (CO2eq) from N2O (AR5),kilotonnes,6118.5641,6127.5142,6311.7259,6380.592,6403.4443,6417.9029,6566.8425,6905.6898,6748.1241,7148.7332,6983.0523,7119.0846,7144.8366,7171.156,7062.0867,7256.321,7275.1558,7506.5801,7084.8926,7591.5285,7532.4248
Peru,IPCC Agriculture,Emissions (CO2eq) from N2O (AR5),kilotonnes,8886.0595,,,,,,,,,,11267.641,,11404.4075,,12648.45,,,,,,
Peru,IPCC Agriculture,Emissions (CO2eq) (AR5),kilotonnes,23120.9997,23231.6552,23884.6229,24172.6775,24019.5216,25097.988,25117.7224,25778.2192,26003.6126,26820.7866,26764.9099,26875.2745,27032.3067,26988.6637,26780.1481,27068.7707,27181.4868,27573.069,27181.6474,27654.0393,27734.5477
Peru,IPCC Agriculture,Emissions (CO2eq) (AR5),kilotonnes,25086.0587,,,,,,,,,,28428.1214,,28339.0735,,27896.97,,,,,,
Peru,Agricultural Soils,Direct emissions (N2O),kilotonnes,16.7116,16.7651,17.2493,17.3863,17.4576,17.3666,17.8518,18.8015,18.3579,19.4734,18.9088,19.4093,19.5172,19.4214,19.2551,19.795,19.7993,20.4997,19.2997,20.6898,20.4837
Peru,Agricultural Soils,Indirect emissions (N2O),kilotonnes,5.2878,5.292,5.438,5.4975,5.5323,5.5018,5.6601,5.9463,5.7898,6.1501,5.9665,6.1283,6.1072,6.1125,6.0446,6.2109,6.2091,6.4409,6.0323,6.4867,6.4123
Peru,Agricultural Soils,Emissions (N2O),kilotonnes,22.0066,22.0654,22.6948,22.891,23.0082,22.886,23.5288,24.7645,24.1644,25.6402,24.8919,25.5541,25.6408,25.5501,25.3159,26.0221,26.0249,26.9573,25.3487,27.1928,26.9122
Peru,Agricultural Soils,Emissions (N2O),kilotonnes,31.1806,,,,,,,,,,39.0098,,39.3419,,,,,,,,
Peru,Agricultural Soils,Emissions (CO2eq) from N2O (AR5),kilotonnes,5831.7359,5847.3268,6014.1186,6066.1234,6097.168,6064.7769,6235.1341,6562.6008,6403.5778,6794.653,6596.344,6771.8317,6794.8198,6770.771,6708.7208,6895.8634,6896.6075,7143.6925,6717.4136,7206.087,7131.7314
Peru,Agricultural Soils,Emissions (CO2eq) from N2O (AR5),kilotonnes,8262.859,,,,,,,,,,10337.597,,10425.6035,,,,,,,,
Peru,Agricultural Soils,Emissions (CO2eq) (AR5),kilotonnes,5831.7359,5847.3268,6014.1186,6066.1234,6097.168,6064.7769,6235.1341,6562.6008,6403.5778,6794.653,6596.344,6771.8317,6794.8198,6770.771,6708.7208,6895.8634,6896.6075,7143.6925,6717.4136,7206.087,7131.7314
Peru,Agricultural Soils,Emissions (CO2eq) (AR5),kilotonnes,8262.859,,,,,,,,,,10337.597,,10425.6035,,,,,,,,
Peru,LULUCF,Emissions (CH4),kilotonnes,0.7655,0.258,1.837,4.543,2.087,10.591,2.4785,5.1711,1.8525,1.3331,5.6038,1.1249,3.8046,2.3654,2.0911,2.5603,2.7161,0.9522,2.6343,3.1697,3.2188
Peru,LULUCF,Emissions (CH4),kilotonnes,12.4286,,,,,,,,,,104.97,,164.619,,,,,,,,
Peru,LULUCF,Emissions (N2O),kilotonnes,0.0225,0.0236,0.1677,0.4148,0.1906,0.967,0.2263,0.4721,0.1691,0.1217,0.5117,0.1027,0.3474,0.216,0.1909,0.2338,0.248,0.0869,0.2405,0.2894,0.2939
Peru,LULUCF,Emissions (N2O),kilotonnes,0.1516,,,,,,,,,,1.283,,2.0129,,,,,,,,
Peru,LULUCF,Emissions (CO2),kilotonnes,59729.7218,64785.1701,64779.6088,64778.1793,64848.7202,64843.7476,64839.822,64838.3924,64838.3924,64838.3924,64837.0826,88826.4259,88826.4259,88824.9963,88824.9963,88824.9963,89748.9282,89750.6351,89750.6351,89747.6447,89747.6447
Peru,LULUCF,Emissions (CO2),kilotonnes,56519,,,,,,,,,,40916.06,,82660,,,,,,,,
Peru,LULUCF,Emissions (CO2eq) from CH4 (AR5),kilotonnes,21.434,7.2229,51.4368,127.2044,58.4372,296.5488,69.3967,144.7911,51.8696,37.3259,156.9061,31.4982,106.5282,66.2322,58.5505,71.6885,76.0508,26.6616,73.7606,88.7503,90.1252
Peru,LULUCF,Emissions (CO2eq) from N2O (AR5),kilotonnes,5.9673,6.2415,44.4481,109.9212,50.4974,256.2569,59.9678,125.1184,44.8221,32.2545,135.5873,27.2185,92.0542,57.2333,50.5953,61.9482,65.7178,23.0391,63.7388,76.6918,77.8799
Peru,LULUCF,Emissions (CO2eq) (AR5),kilotonnes,59757.1231,64798.6345,64875.4938,65015.3048,64957.6548,65396.5534,64969.1864,65108.3018,64935.0842,64907.9728,65129.5761,88885.1426,89025.0083,88948.4618,88934.1421,88958.633,89890.6967,89800.3359,89888.1345,89913.0867,89915.6498
Peru,LULUCF,Emissions (CO2eq) (AR5),kilotonnes,56519,,,,,,,,,,40916.06,,82660,,,,,,,,
Peru,AFOLU,Emissions (CH4),kilotonnes,607.9953,611.1201,629.4405,639.9746,631.2327,677.7369,665.0099,679.19,689.5485,703.9064,712.0987,706.7031,714.0714,710.1336,706.3076,710.1478,713.6565,717.6125,720.3756,719.6879,724.7231
Peru,AFOLU,Emissions (N2O),kilotonnes,23.1114,23.1462,23.9856,24.4925,24.3545,25.1855,25.0068,26.5314,25.6338,27.0981,26.8628,26.9672,27.309,27.2769,26.8403,27.6161,27.7014,28.4137,26.976,28.9367,28.7181
Peru,AFOLU,Emissions (CO2),kilotonnes,59729.7218,64785.1701,64779.6088,64778.1793,64848.7202,64843.7476,64839.822,64838.3924,64838.3924,64838.3924,64837.0826,88826.4259,88826.4259,88824.9963,88824.9963,88824.9963,89748.9282,89750.6351,89750.6351,89747.6447,89747.6447
Peru,AFOLU,Emissions (CO2eq) from CH4 (AR5),kilotonnes,17023.8696,17111.3639,17624.3338,17919.2899,17674.5145,18976.634,18620.2766,19017.3205,19307.3582,19709.3793,19938.7637,19787.688,19993.9983,19883.7399,19776.6119,19884.1383,19982.3817,20093.1505,20170.5154,20151.2611,20292.2481
Peru,AFOLU,Emissions (CO2eq) from N2O (AR5),kilotonnes,6124.5313,6133.7557,6356.1741,6490.5132,6453.9417,6674.1598,6626.8102,7030.8081,6792.9462,7180.9876,7118.6397,7146.3032,7236.8908,7228.3893,7112.682,7318.2692,7340.8736,7529.6193,7148.6314,7668.2203,7610.3048
Peru,AFOLU,Emissions (CO2eq) (AR5),kilotonnes,82878.1228,88030.2897,88760.1167,89187.9823,88977.1764,90494.5414,90086.9088,90886.521,90938.6968,91728.7594,91894.486,115760.417,116057.3149,115937.1255,115714.2902,116027.4037,117072.1835,117373.4048,117069.7819,117567.1261,117650.1975
Peru,All sectors with LULUCF,Emissions (CH4),kilotonnes,1028.0163,1030.1402,1053.4564,1079.9897,1073.2515,1132.7547,1127.0304,1161.2136,1114.5684,1156.9074,1235.0997,1298.714,1316.0816,1326.1431,1339.3164,1339.156,1363.664,1359.6194,1372.3817,1417.6934,1440.728
Peru,All sectors with LULUCF,Emissions (N2O),kilotonnes,26.0784,25.8902,26.7604,27.2573,27.2673,28.0484,27.9007,29.5763,28.7598,30.5121,30.631,30.8065,31.1025,31.1686,30.7933,31.7003,31.9668,32.7902,31.4137,33.5454,33.4579
Peru,All sectors with LULUCF,Emissions (CO2),kilotonnes,88826.4518,90732.0301,90826.5888,89975.2893,94035.9602,96071.1076,94007.302,99915.9924,100976.1224,105306.2424,108325.0626,131684.5359,134974.6559,132533.3663,138973.4963,138643.6263,143257.6882,143209.5251,145449.6551,147426.7847,136636.9147
Peru,All sectors with LULUCF,Emissions (CO2eq) from F-gases (AR5),kilotonnes,113.6953,139.9327,183.6616,229.3341,289.5829,366.3515,405.2217,456.7247,508.2276,554.8719,602.4878,618.0359,660.7931,703.5503,747.2793,790.0365,832.7937,876.5226,919.2798,962.037,1000.9072
Peru,All sectors with LULUCF,Emissions (CO2eq) from CH4 (AR5),kilotonnes,28784.4576,28843.9267,29496.779,30239.7127,30051.0409,31717.1324,31556.8506,32513.9813,31207.9154,32393.4062,34582.7906,36363.9932,36850.2839,37132.0073,37500.8606,37496.3681,38182.5928,38069.3428,38426.6887,39695.4156,40340.3839
Peru,All sectors with LULUCF,Emissions (CO2eq) from N2O (AR5),kilotonnes,6910.7863,6860.9157,7091.4961,7223.1852,7225.8337,7432.8283,7393.6937,7837.7066,7621.3362,8085.6976,8117.2127,8163.7177,8242.1683,8259.6898,8160.227,8400.5822,8471.2046,8689.3918,8324.6219,8889.5258,8866.3518
Peru,All sectors with LULUCF,Emissions (CO2eq) (AR5),kilotonnes,124635.3911,126576.8052,127598.5256,127667.5212,131602.4177,135587.4198,133363.068,140724.4049,140313.6016,146340.2182,151627.5537,176830.2827,180727.9012,178628.6138,185381.8631,185330.6131,190744.2793,190844.7823,193120.2455,196973.7632,186844.5576
Peru,All sectors without LULUCF,Emissions (CH4),kilotonnes,1027.2508,1029.8823,1051.6194,1075.4467,1071.1644,1122.1637,1124.5519,1156.0425,1112.7159,1155.5743,1229.4959,1297.5891,1312.277,1323.7777,1337.2254,1336.5957,1360.9479,1358.6672,1369.7474,1414.5238,1437.5092
Peru,All sectors without LULUCF,Emissions (N2O),kilotonnes,26.0559,25.8667,26.5926,26.8425,27.0767,27.0814,27.6744,29.1041,28.5906,30.3904,30.1193,30.7038,30.7551,30.9527,30.6024,31.4665,31.7188,32.7032,31.1731,33.256,33.164
Peru,All sectors without LULUCF,Emissions (CO2),kilotonnes,29096.73,25946.86,26046.98,25197.11,29187.24,31227.36,29167.48,35077.6,36137.73,40467.85,43487.98,42858.11,46148.23,43708.37,50148.5,49818.63,53508.76,53458.89,55699.02,57679.14,46889.27
Peru,All sectors without LULUCF,Emissions (CO2eq) from F-gases (AR5),kilotonnes,113.6953,139.9327,183.6616,229.3341,289.5829,366.3515,405.2217,456.7247,508.2276,554.8719,602.4878,618.0359,660.7931,703.5503,747.2793,790.0365,832.7937,876.5226,919.2798,962.037,1000.9072
Peru,All sectors without LULUCF,Emissions (CO2eq) from CH4 (AR5),kilotonnes,28763.0236,28836.7038,29445.3422,30112.5083,29992.6037,31420.5835,31487.4539,32369.1902,31156.0457,32356.0803,34425.8845,36332.495,36743.7557,37065.7751,37442.3101,37424.6797,38106.5421,38042.6812,38352.9281,39606.6654,40250.2587
Peru,All sectors without LULUCF,Emissions (CO2eq) from N2O (AR5),kilotonnes,6904.8191,6854.6742,7047.0479,7113.264,7175.3363,7176.5714,7333.726,7712.5883,7576.5141,8053.4432,7981.6253,8136.4991,8150.1141,8202.4565,8109.6317,8338.634,8405.4868,8666.3526,8260.8831,8812.834,8788.4718
Peru,All sectors without LULUCF,Emissions (CO2eq) (AR5),kilotonnes,64878.268,61778.1707,62723.0317,62652.2164,66644.7629,70190.8664,68393.8816,75616.1031,75378.5175,81432.2454,86497.9777,87945.1401,91702.8929,89680.1519,96447.721,96371.9801,100853.5826,101044.4465,103232.1111,107060.6764,96928.9077
Philippines,Crop Residues,Direct emissions (N2O),kilotonnes,3.4248,3.5016,3.504,3.5554,3.8141,3.7858,4.0062,4.2352,4.3849,4.3533,4.1508,4.3901,4.6544,4.7151,4.8266,4.6691,4.5351,4.8988,4.8503,4.7996,4.8969
Philippines,Crop Residues,Indirect emissions (N2O),kilotonnes,0.7706,0.7879,0.7884,0.8,0.8582,0.8518,0.9014,0.9529,0.9866,0.9795,0.9339,0.9878,1.0472,1.0609,1.086,1.0505,1.0204,1.1022,1.0913,1.0799,1.1018
Philippines,Crop Residues,Emissions (N2O),kilotonnes,4.1953,4.2894,4.2924,4.3554,4.6723,4.6376,4.9076,5.1882,5.3716,5.3328,5.0847,5.3779,5.7017,5.776,5.9126,5.7197,5.5556,6.0011,5.9416,5.8795,5.9987
Philippines,Crop Residues,Emissions (CO2eq) from N2O (AR5),kilotonnes,1111.7677,1136.7036,1137.498,1154.1726,1238.1664,1228.9637,1300.5115,1374.8603,1423.4642,1413.1995,1347.4435,1425.1441,1510.9414,1530.6435,1566.8354,1515.7101,1472.2214,1590.2813,1574.5368,1558.0572,1589.6687
Philippines,Crop Residues,Emissions (CO2eq) (AR5),kilotonnes,1111.7677,1136.7036,1137.498,1154.1726,1238.1664,1228.9637,1300.5115,1374.8603,1423.4642,1413.1995,1347.4435,1425.1441,1510.9414,1530.6435,1566.8354,1515.7101,1472.2214,1590.2813,1574.5368,1558.0572,1589.6687
Philippines,Rice Cultivation,Emissions (CH4),kilotonnes,1351.0019,1360.1543,1353.7564,1340.4082,1380.631,1361.8204,1391.767,1429.5591,1492.1522,1516.3523,1456.7499,1517.8016,1569.1303,1587.8759,1585.7284,1557.8106,1524.2925,1609.8625,1606.0478,1556.2258,1578.7774
Philippines,Rice Cultivation,Emissions (CO2eq) from CH4 (AR5),kilotonnes,37828.0534,38084.3195,37905.1787,37531.4308,38657.6676,38130.9713,38969.4755,40027.655,41780.2617,42457.8643,40788.9965,42498.4457,43935.6472,44460.5262,44400.3942,43618.6964,42680.1907,45076.1512,44969.3393,43574.3211,44205.7683
Philippines,Rice Cultivation,Emissions (CO2eq) (AR5),kilotonnes,37828.0534,38084.3195,37905.1787,37531.4308,38657.6676,38130.9713,38969.4755,40027.655,41780.2617,42457.8643,40788.9965,42498.4457,43935.6472,44460.5262,44400.3942,43618.6964,42680.1907,45076.1512,44969.3393,43574.3211,44205.7683
Philippines,Burning - Crop residues,Emissions (CH4),kilotonnes,13.4481,13.4068,13.1081,13.1298,13.6334,13.2849,13.8068,14.1678,14.5063,14.6861,13.8361,14.379,14.7288,14.737,14.8475,14.5711,14.1935,14.8053,14.6773,14.3682,14.6032
Philippines,Burning - Crop residues,Emissions (CH4),kilotonnes,24.42,,,,,,,,,,,,,,,,,,,,
Philippines,Burning - Crop residues,Emissions (N2O),kilotonnes,0.3487,0.3476,0.3398,0.3404,0.3535,0.3444,0.358,0.3673,0.3761,0.3807,0.3587,0.3728,0.3819,0.3821,0.3849,0.3778,0.368,0.3838,0.3805,0.3725,0.3786
Philippines,Burning - Crop residues,Emissions (N2O),kilotonnes,0.6,,,,,,,,,,,,,,,,,,,,
Philippines,Burning - Crop residues,Emissions (CO2eq) from CH4 (AR5),kilotonnes,376.5465,375.391,367.0262,367.6348,381.7344,371.9772,386.5894,396.6979,406.1763,411.2098,387.4121,402.613,412.4059,412.6372,415.7296,407.9914,397.4183,414.5483,410.9645,402.3097,408.8886
Philippines,Burning - Crop residues,Emissions (CO2eq) from CH4 (AR5),kilotonnes,683.76,,,,,,,,,,,,,,,,,,,,
Philippines,Burning - Crop residues,Emissions (CO2eq) from N2O (AR5),kilotonnes,92.3934,92.1098,90.0574,90.2067,93.6663,91.2722,94.8576,97.3379,99.6636,100.8987,95.0595,98.7893,101.1922,101.2489,102.0077,100.109,97.5147,101.7179,100.8385,98.7149,100.3292
Philippines,Burning - Crop residues,Emissions (CO2eq) from N2O (AR5),kilotonnes,159,,,,,,,,,,,,,,,,,,,,
Philippines,Burning - Crop residues,Emissions (CO2eq) (AR5),kilotonnes,468.9399,467.5008,457.0836,457.8415,475.4008,463.2494,481.447,494.0359,505.8399,512.1085,482.4716,501.4023,513.5981,513.8861,517.7373,508.1004,494.933,516.2661,511.803,501.0246,509.2178
Philippines,Burning - Crop residues,Emissions (CO2eq) (AR5),kilotonnes,842.76,,,,,,,,,,,,,,,,,,,,
Philippines,Enteric Fermentation,Emissions (CH4),kilotonnes,329.171,332.3505,338.7527,344.1053,350.5192,350.0221,341.7279,344.8377,342.6925,343.4931,339.5803,323.8024,315.2459,312.5067,309.545,311.1198,313.7077,313.8986,314.4987,313.4029,313.6687
Philippines,Enteric Fermentation,Emissions (CH4),kilotonnes,314.5,,,,,,,,,,,,,,,,,,,,
Philippines,Enteric Fermentation,Emissions (CO2eq) from CH4 (AR5),kilotonnes,9216.7879,9305.8139,9485.075,9634.9478,9814.5385,9800.6185,9568.3801,9655.4564,9595.39,9617.8068,9508.2484,9066.4672,8826.8863,8750.1865,8667.2594,8711.3541,8783.8159,8789.1602,8805.9623,8775.2812,8782.724
Philippines,Enteric Fermentation,Emissions (CO2eq) from CH4 (AR5),kilotonnes,8806,,,,,,,,,,,,,,,,,,,,
Philippines,Enteric Fermentation,Emissions (CO2eq) (AR5),kilotonnes,9216.7879,9305.8139,9485.075,9634.9478,9814.5385,9800.6185,9568.3801,9655.4564,9595.39,9617.8068,9508.2484,9066.4672,8826.8863,8750.1865,8667.2594,8711.3541,8783.8159,8789.1602,8805.9623,8775.2812,8782.724
Philippines,Enteric Fermentation,Emissions (CO2eq) (AR5),kilotonnes,8806,,,,,,,,,,,,,,,,,,,,
Philippines,Manure Management,Emissions (CH4),kilotonnes,77.2274,79.4324,83.3702,87.8117,89.1107,86.9571,91.9624,94.5085,92.4963,95.7401,94.423,87.4186,84.522,84.2853,83.9984,85.4041,88.3986,88.0469,89.1359,89.955,90.321
Philippines,Manure Management,Emissions (CH4),kilotonnes,87.43,,,,,,,,,,,,,,,,,,,,
Philippines,Manure Management,Emissions (N2O),kilotonnes,4.9237,4.9958,5.1422,5.2747,5.355,5.3126,5.4267,5.5093,5.4768,5.538,5.4781,5.2184,5.0904,5.0571,5.0262,5.0709,5.1492,5.157,5.1806,5.1999,5.1993
Philippines,Manure Management,Emissions (N2O),kilotonnes,7.99,,,,,,,,,,,,,,,,,,,,
Philippines,Manure Management,Emissions (CO2eq) from CH4 (AR5),kilotonnes,2162.3666,2224.1082,2334.3646,2458.7269,2495.099,2434.7981,2574.9469,2646.2373,2589.8963,2680.722,2643.8453,2447.7211,2366.6153,2359.9892,2351.9556,2391.3151,2475.162,2465.3141,2495.8062,2518.7395,2528.9883
Philippines,Manure Management,Emissions (CO2eq) from CH4 (AR5),kilotonnes,2448.04,,,,,,,,,,,,,,,,,,,,
Philippines,Manure Management,Emissions (CO2eq) from N2O (AR5),kilotonnes,1304.7906,1323.8847,1362.6797,1397.7918,1419.086,1407.8295,1438.0663,1459.97,1451.345,1467.5623,1451.6908,1382.8808,1348.9674,1340.14,1331.9482,1343.8016,1364.5494,1366.5959,1372.854,1377.9686,1377.8256
Philippines,Manure Management,Emissions (CO2eq) from N2O (AR5),kilotonnes,2117.35,,,,,,,,,,,,,,,,,,,,
Philippines,Manure Management,Emissions (CO2eq) (AR5),kilotonnes,3467.1572,3547.993,3697.0444,3856.5187,3914.185,3842.6275,4013.0132,4106.2074,4041.2413,4148.2843,4095.536,3830.6018,3715.5828,3700.1293,3683.9038,3735.1167,3839.7114,3831.91,3868.6602,3896.7082,3906.8139
Philippines,Manure Management,Emissions (CO2eq) (AR5),kilotonnes,4565.39,,,,,,,,,,,,,,,,,,,,
Philippines,Manure left on Pasture,Direct emissions (N2O),kilotonnes,6.1573,6.1914,6.3402,6.4071,6.5015,6.6381,6.1264,6.1367,6.2401,6.2857,6.2366,6.0197,5.9,5.857,5.8398,5.8779,5.9237,5.9774,5.9928,6.0709,6.0562
Philippines,Manure left on Pasture,Indirect emissions (N2O),kilotonnes,1.6358,1.6407,1.6749,1.6867,1.7146,1.7596,1.5319,1.527,1.5555,1.5681,1.5555,1.4953,1.4622,1.4518,1.4482,1.4556,1.465,1.4788,1.4829,1.5011,1.5008
Philippines,Manure left on Pasture,Emissions (N2O),kilotonnes,7.7931,7.8321,8.015,8.0938,8.2162,8.3977,7.6583,7.6637,7.7956,7.8538,7.7921,7.5151,7.3622,7.3088,7.2881,7.3335,7.3886,7.4562,7.4757,7.572,7.557
Philippines,Manure left on Pasture,Emissions (CO2eq) from N2O (AR5),kilotonnes,2065.1763,2075.5012,2123.9858,2144.8555,2177.281,2225.3903,2029.4419,2030.8795,2065.8348,2081.2569,2064.8985,1991.4952,1950.9952,1936.8289,1931.3337,1943.3656,1957.9867,1975.8925,1981.0685,2006.5784,2002.5947
Philippines,Manure left on Pasture,Emissions (CO2eq) (AR5),kilotonnes,2065.1763,2075.5012,2123.9858,2144.8555,2177.281,2225.3903,2029.4419,2030.8795,2065.8348,2081.2569,2064.8985,1991.4952,1950.9952,1936.8289,1931.3337,1943.3656,1957.9867,1975.8925,1981.0685,2006.5784,2002.5947
Philippines,Manure applied to Soils,Direct emissions (N2O),kilotonnes,2.2086,2.2401,2.3306,2.3933,2.4166,2.4432,2.4761,2.5075,2.5442,2.5921,2.5728,2.4791,2.4358,2.4235,2.4238,2.453,2.4975,2.5212,2.5364,2.5913,2.58
Philippines,Manure applied to Soils,Indirect emissions (N2O),kilotonnes,0.9387,0.9521,0.9905,1.0171,1.027,1.0383,1.0523,1.0657,1.0813,1.1016,1.0934,1.0536,1.0352,1.03,1.0301,1.0425,1.0614,1.0715,1.078,1.1013,1.0965
Philippines,Manure applied to Soils,Emissions (N2O),kilotonnes,3.1473,3.1922,3.3211,3.4104,3.4436,3.4815,3.5284,3.5731,3.6255,3.6937,3.6663,3.5327,3.471,3.4534,3.454,3.4956,3.559,3.5927,3.6143,3.6925,3.6764
Philippines,Manure applied to Soils,Emissions (CO2eq) from N2O (AR5),kilotonnes,834.0331,845.9278,880.0949,903.7604,912.5498,922.5992,935.0252,946.8772,960.7464,978.8426,971.5621,936.1666,919.8105,915.1598,915.3025,926.3288,943.125,952.0645,957.7959,978.5251,974.2553
Philippines,Manure applied to Soils,Emissions (CO2eq) (AR5),kilotonnes,834.0331,845.9278,880.0949,903.7604,912.5498,922.5992,935.0252,946.8772,960.7464,978.8426,971.5621,936.1666,919.8105,915.1598,915.3025,926.3288,943.125,952.0645,957.7959,978.5251,974.2553
Philippines,Synthetic Fertilizers,Direct emissions (N2O),kilotonnes,7.6714,7.9726,6.9967,8.9975,9.897,8.5507,7.4538,8.1708,6.3061,6.7279,9.3221,8.147,7.3857,8.2886,9.3585,8.28,9.8707,11.9631,10.2092,11.1504,11.7928
Philippines,Synthetic Fertilizers,Indirect emissions (N2O),kilotonnes,2.4932,2.5911,2.2739,2.9242,3.2165,2.779,2.4225,2.6555,2.0495,2.1866,3.0297,2.6478,2.4004,2.6938,3.0415,2.691,3.208,3.888,3.318,3.6239,3.8327
Philippines,Synthetic Fertilizers,Emissions (N2O),kilotonnes,10.1645,10.5637,9.2706,11.9217,13.1135,11.3296,9.8763,10.8263,8.3556,8.9145,12.3518,10.7948,9.7861,10.9825,12.4,10.9709,13.0787,15.8511,13.5272,14.7742,15.6255
Philippines,Synthetic Fertilizers,Emissions (CO2eq) from N2O (AR5),kilotonnes,2693.6038,2799.3832,2456.7133,3159.2627,3475.0781,3002.3565,2617.2115,2868.9722,2214.2279,2362.3389,3273.2304,2860.6294,2593.3089,2910.3497,3285.9951,2907.2986,3465.8533,4200.5435,3584.7033,3915.1754,4140.7606
Philippines,Synthetic Fertilizers,Emissions (CO2eq) (AR5),kilotonnes,2693.6038,2799.3832,2456.7133,3159.2627,3475.0781,3002.3565,2617.2115,2868.9722,2214.2279,2362.3389,3273.2304,2860.6294,2593.3089,2910.3497,3285.9951,2907.2986,3465.8533,4200.5435,3584.7033,3915.1754,4140.7606
Philippines,Drained organic soils,Emissions (CO2eq) (AR5),kilotonnes,0,0,0,0,0,0,0,0,0,0,0,0,0,0,0,0,0,0,0,0,0
Philippines,Drained organic soils (CO2),Emissions (CO2),kilotonnes,0,0,0,0,0,0,0,0,0,0,0,0,0,0,0,0,0,0,0,0,0
Philippines,Drained organic soils (CO2),Emissions (CO2eq) (AR5),kilotonnes,0,0,0,0,0,0,0,0,0,0,0,0,0,0,0,0,0,0,0,0,0
Philippines,Drained organic soils (N2O),Emissions (N2O),kilotonnes,0,0,0,0,0,0,0,0,0,0,0,0,0,0,0,0,0,0,0,0,0
Philippines,Drained organic soils (N2O),Emissions (CO2eq) from N2O (AR5),kilotonnes,0,0,0,0,0,0,0,0,0,0,0,0,0,0,0,0,0,0,0,0,0
Philippines,Drained organic soils (N2O),Emissions (CO2eq) (AR5),kilotonnes,0,0,0,0,0,0,0,0,0,0,0,0,0,0,0,0,0,0,0,0,0
Philippines,On-farm energy use,Emissions (CH4),kilotonnes,0.0789,0.0601,0.0662,0.0951,0.0858,0.1135,0.0567,0.0507,0.0573,0.6374,0.0668,0.0502,0.058,0.0438,0.0482,0.0634,0.0697,0.0952,0.0632,0.0663,0.0663
Philippines,On-farm energy use,Emissions (N2O),kilotonnes,0.3294,0.296,0.3243,0.3693,0.3568,0.1635,0.2847,0.2361,0.2995,0.2579,0.2537,0.2215,0.2139,0.2298,0.2092,0.2312,0.2691,0.3428,0.253,0.2618,0.2618
Philippines,On-farm energy use,Emissions (CO2),kilotonnes,954.3161,882.3981,946.4087,1112.7747,1072.0202,537.7241,814.8363,694.3785,849.5566,1195.6271,721.1829,625.9865,608.6256,634.6369,581.7778,652.7555,770.2854,973.5427,709.2443,734.7376,734.7376
Philippines,On-farm energy use,Emissions (CO2eq) from CH4 (AR5),kilotonnes,2.2103,1.6839,1.8532,2.6623,2.4034,3.1791,1.5889,1.4185,1.605,17.846,1.8707,1.4046,1.623,1.2263,1.3489,1.7752,1.9502,2.6668,1.7708,1.8552,1.8552
Philippines,On-farm energy use,Emissions (CO2eq) from N2O (AR5),kilotonnes,87.2985,78.4402,85.9337,97.8599,94.5478,43.3216,75.4467,62.5731,79.3799,68.3514,67.2278,58.7045,56.6732,60.8951,55.4281,61.2792,71.3103,90.8304,67.0496,69.374,69.374
Philippines,On-farm energy use,Emissions (CO2eq) (AR5),kilotonnes,1043.8248,962.5222,1034.1956,1213.2969,1168.9714,584.2249,891.8719,758.3702,930.5416,1281.8246,790.2814,686.0956,666.9218,696.7582,638.5548,715.8099,843.5459,1067.0399,778.0648,805.9668,805.9668
Philippines,Forestland,Emissions (CO2),kilotonnes,-19712.1471,-20988.5166,-20988.5166,-20988.5166,-20988.5166,-20988.5166,-20988.5166,-20988.5166,-20988.5166,-20988.5166,-20988.5166,2429.552,2429.552,2429.552,2429.552,2429.552,2462.1111,2462.1111,2462.1111,2462.1111,2462.1111
Philippines,Forestland,Emissions (CO2eq) (AR5),kilotonnes,-19712.1471,-20988.5166,-20988.5166,-20988.5166,-20988.5166,-20988.5166,-20988.5166,-20988.5166,-20988.5166,-20988.5166,-20988.5166,2429.552,2429.552,2429.552,2429.552,2429.552,2462.1111,2462.1111,2462.1111,2462.1111,2462.1111
Philippines,Net Forest conversion,Emissions (CO2),kilotonnes,22116.248,23371.7715,23371.7715,23371.7715,23371.7715,23371.7715,23371.7715,23371.7715,23371.7715,23371.7715,23371.7715,0,0,0,0,0,0,0,0,0,0
Philippines,Net Forest conversion,Emissions (CO2eq) (AR5),kilotonnes,22116.248,23371.7715,23371.7715,23371.7715,23371.7715,23371.7715,23371.7715,23371.7715,23371.7715,23371.7715,23371.7715,0,0,0,0,0,0,0,0,0,0
Philippines,Savanna fires,Emissions (CH4),kilotonnes,0.1363,0.5075,1.4017,1.4627,0.884,1.5474,0.8681,1.2583,0.343,0.7706,1.4754,0.7229,0.6554,0.6074,1.0973,1.0978,1.1202,0.6571,0.6952,0.9968,0.91
Philippines,Savanna fires,Emissions (N2O),kilotonnes,0.0124,0.0463,0.128,0.1336,0.0807,0.1413,0.0793,0.1149,0.0313,0.0704,0.1347,0.066,0.0598,0.0555,0.1002,0.1002,0.1023,0.06,0.0635,0.091,0.0831
Philippines,Savanna fires,Emissions (CO2eq) from CH4 (AR5),kilotonnes,3.8154,14.2101,39.247,40.9553,24.7533,43.3259,24.307,35.2319,9.6049,21.5759,41.3111,20.2402,18.3524,17.0065,30.7237,30.7389,31.3657,18.4001,19.4651,27.9091,25.4789
Philippines,Savanna fires,Emissions (CO2eq) from N2O (AR5),kilotonnes,3.2966,12.2794,33.9145,35.3908,21.3901,37.4392,21.0045,30.4449,8.2999,18.6444,35.6982,17.4902,15.8589,14.6958,26.5493,26.5624,27.104,15.9001,16.8204,24.1171,22.0171
Philippines,Savanna fires,Emissions (CO2eq) (AR5),kilotonnes,7.112,26.4896,73.1615,76.3461,46.1433,80.7651,45.3115,65.6768,17.9048,40.2203,77.0092,37.7304,34.2113,31.7023,57.2729,57.3013,58.4697,34.3002,36.2855,52.0261,47.4959
Philippines,Fires in organic soils,Emissions (CH4),kilotonnes,0,0,0,0,0,0,0,0,0,0,0,0,0,0,0,0,0,0,0,0,0
Philippines,Fires in organic soils,Emissions (CO2),kilotonnes,0,0,0,0,0,0,0,0,0,0,0,0,0,0,0,0,0,0,0,0,0
Philippines,Fires in organic soils,Emissions (CO2eq) from CH4 (AR5),kilotonnes,0,0,0,0,0,0,0,0,0,0,0,0,0,0,0,0,0,0,0,0,0
Philippines,Fires in organic soils,Emissions (CO2eq) (AR5),kilotonnes,0,0,0,0,0,0,0,0,0,0,0,0,0,0,0,0,0,0,0,0,0
Philippines,Forest fires,Emissions (CH4),kilotonnes,2.0092,0.08,1.1292,1.1965,1.2543,2.1158,0.6569,1.0084,0.4878,0.4037,4.1459,0.3447,0.2293,0.8055,1.1657,1.5159,2.1711,0.4328,0.4402,1.3537,1.5677
Philippines,Forest fires,Emissions (N2O),kilotonnes,0.0591,0.0073,0.1031,0.1092,0.1145,0.1932,0.06,0.0921,0.0445,0.0369,0.3785,0.0315,0.0209,0.0735,0.1064,0.1384,0.1982,0.0395,0.0402,0.1236,0.1431
Philippines,Forest fires,Emissions (CO2eq) from CH4 (AR5),kilotonnes,56.2567,2.2393,31.6165,33.5022,35.1216,59.2437,18.392,28.2354,13.6576,11.3038,116.0844,9.6505,6.4203,22.5534,32.6407,42.4443,60.7906,12.117,12.3247,37.9031,43.8942
Philippines,Forest fires,Emissions (CO2eq) from N2O (AR5),kilotonnes,15.6599,1.9351,27.3208,28.9502,30.3497,51.1943,15.8931,24.399,11.802,9.768,100.312,8.3393,5.548,19.4891,28.2058,36.6774,52.531,10.4707,10.6502,32.7532,37.9304
Philippines,Forest fires,Emissions (CO2eq) (AR5),kilotonnes,71.9166,4.1744,58.9373,62.4524,65.4713,110.4379,34.2851,52.6344,25.4596,21.0718,216.3964,17.9898,11.9684,42.0425,60.8465,79.1216,113.3216,22.5877,22.9749,70.6562,81.8246
Philippines,Fires in humid tropical forests,Emissions (CH4),kilotonnes,1.5094,0.0453,0.3753,1.0353,1.0113,1.3199,0.5403,0.6812,0.4233,0.3566,1.5916,0.2901,0.1623,0.3913,0.8384,0.8488,1.3806,0.3088,0.3087,0.6147,0.8808
Philippines,Fires in humid tropical forests,Emissions (N2O),kilotonnes,0.0444,0.0041,0.0343,0.0945,0.0923,0.1205,0.0493,0.0622,0.0386,0.0326,0.1453,0.0265,0.0148,0.0357,0.0765,0.0775,0.1261,0.0282,0.0282,0.0561,0.0804
Philippines,Fires in humid tropical forests,Emissions (CO2eq) from CH4 (AR5),kilotonnes,42.2646,1.2672,10.5079,28.9891,28.3168,36.9566,15.1284,19.0728,11.8521,9.9843,44.5638,8.1229,4.5458,10.9565,23.4747,23.7655,38.6561,8.6454,8.6443,17.211,24.6619
Philippines,Fires in humid tropical forests,Emissions (CO2eq) from N2O (AR5),kilotonnes,11.7649,1.095,9.0802,25.0503,24.4694,31.9353,13.0729,16.4814,10.2418,8.6277,38.509,7.0192,3.9281,9.4679,20.2852,20.5365,33.4039,7.4707,7.4698,14.8726,21.3111
Philippines,Fires in humid tropical forests,Emissions (CO2eq) (AR5),kilotonnes,54.0295,2.3622,19.5881,54.0394,52.7862,68.8919,28.2013,35.5542,22.0939,18.612,83.0728,15.1421,8.4739,20.4244,43.7599,44.3019,72.06,16.1161,16.1141,32.0836,45.9729
Philippines,Waste - agri-food systems,Emissions (CH4),kilotonnes,320.4845,323.4998,326.6035,328.4229,331.4174,333.986,337.7631,341.4467,345.3058,347.8732,350.4153,355.243,358.535,361.8716,360.2168,360.3665,363.1558,365.4966,367.9995,370.0042,371.7116
Philippines,Waste - agri-food systems,Emissions (N2O),kilotonnes,1.503,1.557,1.5952,1.6312,1.7076,1.7589,1.8377,1.9129,1.9402,2.0137,2.0584,2.0502,2.0889,2.1387,2.0941,2.1504,2.2341,2.3379,2.3744,2.4056,2.4368
Philippines,Waste - agri-food systems,Emissions (CO2),kilotonnes,396.3654,395.4446,396.4851,396.9876,398.3673,400.3034,403.023,406.1815,408.5805,408.0824,410.7453,412.5883,414.3502,415.6203,416.3566,416.8245,417.4388,417.9188,418.776,420.0826,419.4393
Philippines,Waste - agri-food systems,Emissions (CO2eq) from CH4 (AR5),kilotonnes,8973.5656,9057.9948,9144.8969,9195.8403,9279.6879,9351.6091,9457.3673,9560.5086,9668.5628,9740.4485,9811.6297,9946.8039,10038.9798,10132.406,10086.0694,10090.263,10168.3637,10233.9053,10303.9859,10360.1176,10407.9246
Philippines,Waste - agri-food systems,Emissions (CO2eq) from N2O (AR5),kilotonnes,398.2955,412.5934,422.72,432.2695,452.5189,466.1096,486.9978,506.9069,514.1427,533.6249,545.4736,543.2941,553.5553,566.7463,554.938,569.8439,592.0251,619.5567,629.2099,637.4775,645.741
Philippines,Waste - agri-food systems,Emissions (CO2eq) (AR5),kilotonnes,9768.2265,9866.0328,9964.102,10025.0974,10130.574,10218.0221,10347.3882,10473.5971,10591.286,10682.1559,10767.8487,10902.6862,11006.8853,11114.7726,11057.364,11076.9314,11177.8276,11271.3808,11351.9718,11417.6778,11473.1049
Philippines,Fertilizers Manufacturing,Emissions (CO2),kilotonnes,283.7658,285.7908,162.9544,131.8239,517.4169,411.0435,388.5643,349.5802,190.4666,140.246,30.8836,389.0452,424.2003,348.5328,355.1844,217.6894,265.0524,281.4482,390.0954,135.3145,122.4744
Philippines,Fertilizers Manufacturing,Emissions (CO2eq) (AR5),kilotonnes,283.7658,285.7908,162.9544,131.8239,517.4169,411.0435,388.5643,349.5802,190.4666,140.246,30.8836,389.0452,424.2003,348.5328,355.1844,217.6894,265.0524,281.4482,390.0954,135.3145,122.4744
Philippines,On-farm electricity use,Emissions (CH4),kilotonnes,0.6384,0.6144,2.3915,0.042,0.114,0.1212,0.576,1.8406,1.5398,1.695,1.7843,1.6021,1.8608,2.2308,2.4904,2.8365,3.038,3.0694,2.7884,2.8479,2.8479
Philippines,On-farm electricity use,Emissions (N2O),kilotonnes,0.0034,0.0033,0.0128,0.0002,0.0006,0.0006,0.0031,0.0098,0.0082,0.009,0.0095,0.0086,0.0099,0.0117,0.013,0.0149,0.0159,0.016,0.0146,0.0149,0.0149
Philippines,On-farm electricity use,Emissions (CO2),kilotonnes,262.0243,244.6201,889.6796,15.7041,42.569,49.6278,206.1393,679.7651,620.3895,671.2126,715.3098,657.2157,779.081,872.8523,974.4058,1109.8103,1188.6868,1200.9408,1090.9833,1114.2988,1114.2988
Philippines,On-farm electricity use,Emissions (CO2eq) from CH4 (AR5),kilotonnes,17.8752,17.2032,66.962,1.176,3.192,3.3936,16.128,51.5368,43.1144,47.46,49.9604,44.8588,52.1024,62.4624,69.7312,79.422,85.064,85.9432,78.0752,79.7412,79.7412
Philippines,On-farm electricity use,Emissions (CO2eq) from N2O (AR5),kilotonnes,0.901,0.8745,3.392,0.053,0.159,0.159,0.8215,2.597,2.173,2.385,2.5175,2.279,2.6235,3.1005,3.445,3.9485,4.2135,4.24,3.869,3.9485,3.9485
Philippines,On-farm electricity use,Emissions (CO2eq) (AR5),kilotonnes,280.8005,262.6978,960.0336,16.9331,45.92,53.1804,223.0888,733.8989,665.6769,721.0576,767.7877,704.3535,833.8069,938.4152,1047.582,1193.1808,1277.9643,1291.124,1172.9275,1197.9885,1197.9885
Philippines,Food Processing,Emissions (CH4),kilotonnes,0,0,0,0,0,0,0,3.6864,3.803,3.8096,4.1412,4.3001,4.4544,4.5899,4.7641,4.9921,5.389,5.7059,6.6251,6.7828,7.0261
Philippines,Food Processing,Emissions (N2O),kilotonnes,0,0,0,0,0,0,0,0.0314,0.0329,0.0319,0.0345,0.034,0.0332,0.0336,0.0354,0.0349,0.044,0.0449,0.0458,0.0486,0.0498
Philippines,Food Processing,Emissions (CO2),kilotonnes,0,0,0,0,0,0,0,2880.7758,3161.1782,2998.994,3226.8309,3180.822,3096.8905,2971.565,3022.8175,2963.9163,3694.8609,3600.2057,3871.6373,4046.3754,3662.4128
Philippines,Food Processing,Emissions (CO2eq) from CH4 (AR5),kilotonnes,0,0,0,0,0,0,0,103.2192,106.484,106.6688,115.9536,120.4028,124.7232,128.5172,133.3948,139.7788,150.892,159.7652,185.5028,189.9184,196.7316
Philippines,Food Processing,Emissions (CO2eq) from N2O (AR5),kilotonnes,0,0,0,0,0,0,0,8.321,8.7185,8.4535,9.1425,9.01,8.798,8.904,9.381,9.2485,11.66,11.8985,12.137,12.879,13.2021
Philippines,Food Processing,Emissions (CO2eq) (AR5),kilotonnes,0,0,0,0,0,0,0,2992.316,3276.3807,3114.1163,3351.927,3310.2348,3230.4117,3108.9862,3165.5933,3112.9436,3857.4129,3771.8694,4069.2771,4249.1728,3872.3465
Philippines,Food Packaging,Emissions (CH4),kilotonnes,0.0714,0.0769,0.0759,0.0832,0.0823,0.1047,0.119,0.0924,0.1088,0.1688,0.1936,0.2184,0.423,0.1762,0.3138,0.3642,0.4448,0.4706,0.5541,0.3748,0.3882
Philippines,Food Packaging,Emissions (N2O),kilotonnes,0.0007,0.0007,0.0006,0.0007,0.0007,0.001,0.0009,0.0008,0.0009,0.0013,0.0014,0.0015,0.0028,0.0012,0.0023,0.0027,0.0033,0.0034,0.0044,0.0028,0.0029
Philippines,Food Packaging,Emissions (CO2),kilotonnes,62.7945,67.0183,58.706,66.8211,62.7255,100.9846,76.3529,68.9838,84.791,130.1891,133.1707,143.9144,266.1619,112.0581,220.4161,252.7884,304.7267,314.7553,382.8932,260.6255,235.8946
Philippines,Food Packaging,Emissions (CO2eq) from CH4 (AR5),kilotonnes,1.9992,2.1532,2.1252,2.3296,2.3044,2.9316,3.332,2.5872,3.0464,4.7264,5.4208,6.1152,11.844,4.9336,8.7864,10.1976,12.4544,13.1768,15.5148,10.4944,10.8709
Philippines,Food Packaging,Emissions (CO2eq) from N2O (AR5),kilotonnes,0.1855,0.1855,0.159,0.1855,0.1855,0.265,0.2385,0.212,0.2385,0.3445,0.371,0.3975,0.742,0.318,0.6095,0.7155,0.8745,0.901,1.166,0.742,0.7606
Philippines,Food Packaging,Emissions (CO2eq) (AR5),kilotonnes,64.9792,69.357,60.9902,69.3362,65.2154,104.1812,79.9234,71.783,88.0759,135.26,138.9625,150.4271,278.7479,117.3097,229.812,263.7015,318.0556,328.8331,399.574,271.8619,247.5261
Philippines,Food Retail,Emissions (CH4),kilotonnes,1.4285,1.4285,1.7064,1.7837,1.7605,1.8609,1.7682,1.9458,2.0419,2.1357,2.354,2.4069,2.5729,2.651,2.7213,2.9093,3.1566,3.3057,3.4881,3.5336,3.6604
Philippines,Food Retail,Emissions (N2O),kilotonnes,0.0116,0.0116,0.0112,0.011,0.0109,0.0108,0.0103,0.0115,0.012,0.0134,0.0149,0.0154,0.0161,0.0167,0.018,0.0184,0.0206,0.0223,0.0238,0.0238,0.0244
Philippines,Food Retail,Emissions (CO2),kilotonnes,934.6786,926.358,898.6227,901.3963,936.0653,931.9051,857.0198,911.1036,1014.3781,1154.078,1295.4438,1353.989,1438.5584,1457.8237,1603.6061,1620.3687,1845.2926,2065.6403,2195.7075,2196.8608,1988.3996
Philippines,Food Retail,Emissions (CO2eq) from CH4 (AR5),kilotonnes,39.997,39.997,47.7802,49.9422,49.2936,52.1042,49.5098,54.4824,57.1732,59.7996,65.912,67.3932,72.0412,74.228,76.1964,81.4604,88.3848,92.5596,97.6668,98.9408,102.4902
Philippines,Food Retail,Emissions (CO2eq) from N2O (AR5),kilotonnes,3.0767,3.0621,2.96,2.9163,2.9017,2.8725,2.7413,3.0475,3.18,3.551,3.9485,4.081,4.2665,4.4255,4.77,4.876,5.459,5.9095,6.307,6.307,6.4652
Philippines,Food Retail,Emissions (CO2eq) (AR5),kilotonnes,977.7522,969.4171,949.3629,954.2547,988.2606,986.8818,909.2709,968.6335,1074.7313,1217.4286,1365.3043,1425.4632,1514.8661,1536.4772,1684.5725,1706.7051,1939.1364,2164.1094,2299.6813,2302.1086,2097.355
Philippines,Food Household Consumption,Emissions (CH4),kilotonnes,3.6421,3.8231,3.8696,4.5983,4.4718,4.489,4.4327,4.582,4.6528,4.8917,5.2581,5.218,5.4936,5.7464,5.8431,6.3395,7.1437,7.4632,7.8768,8.5123,8.8177
Philippines,Food Household Consumption,Emissions (N2O),kilotonnes,0.0224,0.0235,0.0237,0.0245,0.0259,0.0241,0.0256,0.0261,0.0263,0.0274,0.0294,0.0293,0.0305,0.0313,0.0317,0.0344,0.0387,0.0404,0.0426,0.046,0.0472
Philippines,Food Household Consumption,Emissions (CO2),kilotonnes,2215.0555,2261.415,2183.1184,2490.2788,2394.6473,2440.4188,2195.9069,2292.9124,2448.8685,2537.3955,2702.6697,2724.8498,2873.929,2810.5653,2837.2602,3099.0542,3505.8714,3653.032,3874.6181,4158.3421,3763.7549
Philippines,Food Household Consumption,Emissions (CO2eq) from CH4 (AR5),kilotonnes,101.9788,107.0468,108.3488,128.7524,125.2104,125.692,124.1156,128.296,130.2784,136.9676,147.2268,146.104,153.8208,160.8992,163.6068,177.506,200.0236,208.9696,220.5504,238.3444,246.8949
Philippines,Food Household Consumption,Emissions (CO2eq) from N2O (AR5),kilotonnes,5.936,6.2275,6.2805,6.4925,6.8635,6.3865,6.784,6.9165,6.9695,7.261,7.791,7.7645,8.0825,8.2945,8.4005,9.116,10.2555,10.706,11.289,12.19,12.4958
Philippines,Food Household Consumption,Emissions (CO2eq) (AR5),kilotonnes,2322.9703,2374.6893,2297.7477,2625.5237,2526.7212,2572.4973,2326.8065,2428.1249,2586.1164,2681.6241,2857.6875,2878.7183,3035.8323,2979.759,3009.2675,3285.6762,3716.1505,3872.7076,4106.4575,4408.8765,4023.1456
Philippines,Food Transport,Emissions (CH4),kilotonnes,0.4336,0.444,0.4493,0.44,0.4394,0.4156,0.3747,0.3722,0.3582,0.3631,0.3564,0.3437,0.3518,0.3738,0.3702,0.4268,0.4585,0.4933,0.5001,0.4575,0.4739
Philippines,Food Transport,Emissions (N2O),kilotonnes,0.0423,0.0466,0.0472,0.0459,0.0477,0.0464,0.0426,0.0428,0.0424,0.0445,0.0461,0.0454,0.0468,0.0488,0.0515,0.0586,0.063,0.0673,0.0682,0.0604,0.0619
Philippines,Food Transport,Emissions (CO2),kilotonnes,2480.5671,2650.6471,2707.8,2626.28,2728.687,2585.458,2400.4,2334.645,2321.625,2414.13,2455.835,2405.875,2497.45,2598.75,2675.4665,3119.7641,3372.2641,3510.9606,3546.173,3220.6103,2915.0049
Philippines,Food Transport,Emissions (CO2eq) from CH4 (AR5),kilotonnes,12.1408,12.432,12.5804,12.32,12.3032,11.6368,10.4916,10.4216,10.0296,10.1668,9.9792,9.6236,9.8504,10.4664,10.3656,11.9504,12.838,13.8124,14.0028,12.81,13.2696
Philippines,Food Transport,Emissions (CO2eq) from N2O (AR5),kilotonnes,11.2095,12.349,12.508,12.1635,12.6405,12.296,11.289,11.342,11.236,11.7925,12.2165,12.031,12.402,12.932,13.6475,15.529,16.695,17.8345,18.073,16.006,16.4076
Philippines,Food Transport,Emissions (CO2eq) (AR5),kilotonnes,2503.9174,2675.4281,2732.8884,2650.7635,2753.6307,2609.3908,2422.1806,2356.4086,2342.8906,2436.0893,2478.0307,2427.5296,2519.7024,2622.1484,2699.4796,3147.2435,3401.7971,3542.6075,3578.2488,3249.4263,2944.6821
Philippines,Energy,Emissions (CH4),kilotonnes,185,185,221,231,228,241,229,252,256,284,308,311,332,332,350,347,418,433,454,446,462
Philippines,Energy,Emissions (N2O),kilotonnes,2.11,2.1,2.03,2,1.99,1.97,1.88,2.09,1.96,1.93,2.01,2.04,2.06,2.24,2.33,2.48,2.65,2.89,2.97,2.79,2.86
Philippines,Energy,Emissions (CO2),kilotonnes,67400,66800,64800,65000,67500,67200,61800,65700,72300,71100,77100,77900,81600,88500,93500,103000,113000,125000,130000,137000,124000
Philippines,Energy,Emissions (CO2eq) from CH4 (AR5),kilotonnes,5180,5180,6188,6468,6384,6748,6412,7056,7168,7952,8624,8708,9296,9296,9800,9716,11704,12124,12712,12488,12936
Philippines,Energy,Emissions (CO2eq) from N2O (AR5),kilotonnes,559.15,556.5,537.95,530,527.35,522.05,498.2,553.85,519.4,511.45,532.65,540.6,545.9,593.6,617.45,657.2,702.25,765.85,787.05,739.35,757.9
Philippines,Energy,Emissions (CO2eq) (AR5),kilotonnes,73139.15,72536.5,71525.95,71998,74411.35,74470.05,68710.2,73309.85,79987.4,79563.45,86256.65,87148.6,91441.9,98389.6,103917.45,113373.2,125406.25,137889.85,143499.05,150227.35,137693.9
Philippines,IPPU,Emissions (CH4),kilotonnes,0.0032,0.0036,0.0071,0.0065,0.0013,0.0013,0.0013,0.0013,0.0013,0.0013,0.0013,0.0013,0.0013,0.0013,0.0013,0.0013,0.0013,0.0013,0.0013,0.0013,0.0013
Philippines,IPPU,Emissions (N2O),kilotonnes,0.0636,0.0726,0.0727,0.0763,0.0781,0.0781,0.0664,0.0556,0.0214,0.0151,0.0125,0.0125,0.0125,0.0125,0.0125,0.0125,0.0125,0.0125,0.0126,0.0009,0.0009
Philippines,IPPU,Emissions (CO2),kilotonnes,6040,4630,6620,6470,6580,7430,6090,6410,6470,6950,7300,7460,8640,8960,9600,10400,10800,11200,12200,13000,13000
Philippines,IPPU,Emissions (CO2eq) from F-gases (AR5),kilotonnes,3158.2024,3352.5533,3556.6218,3750.9727,3993.9113,4236.85,4460.3535,4674.1395,4887.9256,5101.7116,5325.2151,4985.101,5082.2765,5189.1695,5296.0625,5402.9555,5509.8485,5616.7415,5723.6345,5830.5275,5937.4205
Philippines,IPPU,Emissions (CO2eq) from CH4 (AR5),kilotonnes,0.0907,0.1002,0.1985,0.1828,0.0358,0.0358,0.0358,0.0358,0.0358,0.0358,0.0358,0.0358,0.0358,0.0358,0.0358,0.0358,0.0358,0.0358,0.0358,0.0358,0.0358
Philippines,IPPU,Emissions (CO2eq) from N2O (AR5),kilotonnes,16.854,19.239,19.2655,20.2195,20.6965,20.6965,17.596,14.734,5.671,4.0015,3.3125,3.3125,3.3125,3.3125,3.3125,3.3125,3.3125,3.3125,3.339,0.2287,0.2321
Philippines,IPPU,Emissions (CO2eq) (AR5),kilotonnes,9215.1471,8001.8926,10196.0858,10241.375,10594.6437,11687.5823,10567.9854,11098.9094,11363.6324,12055.7489,12628.5635,12448.4494,13725.6248,14152.5178,14899.4108,15806.3038,16313.1968,16820.0898,17927.0093,18830.792,18937.6885
Philippines,Waste,Emissions (CH4),kilotonnes,557,569,580,593,599,614,666,635,649,660,670,685,698,712,725,738,752,768,782,787,800
Philippines,Waste,Emissions (N2O),kilotonnes,2.71,2.77,2.83,2.9,3,3.09,3.22,3.33,3.44,3.53,3.63,3.69,3.74,3.76,3.8,3.86,3.94,4.08,4.23,4.25,4.33
Philippines,Waste,Emissions (CO2),kilotonnes,100,102,104,106,108,110,112,113,115,117,119,121,124,126,129,131,134,137,140,140,143
Philippines,Waste,Emissions (CO2eq) from CH4 (AR5),kilotonnes,15596,15932,16240,16604,16772,17192,18648,17780,18172,18480,18760,19180,19544,19936,20300,20664,21056,21504,21896,22036,22400
Philippines,Waste,Emissions (CO2eq) from N2O (AR5),kilotonnes,718.15,734.05,749.95,768.5,795,818.85,853.3,882.45,911.6,935.45,961.95,977.85,991.1,996.4,1007,1022.9,1044.1,1081.2,1120.95,1126.25,1147.45
Philippines,Waste,Emissions (CO2eq) (AR5),kilotonnes,16414.15,16768.05,17093.95,17478.5,17675,18120.85,19613.3,18775.45,19198.6,19532.45,19840.95,20278.85,20659.1,21058.4,21436,21817.9,22234.1,22722.2,23156.95,23302.25,23690.45
Philippines,Other,Emissions (N2O),kilotonnes,3.01,3.19,2.95,2.88,2.96,2.8,2.55,2.54,2.58,2.59,2.74,2.62,2.74,2.97,3.13,3.44,3.58,3.78,3.89,3.67,3.75
Philippines,Other,Emissions (CO2eq) from N2O (AR5),kilotonnes,797.65,845.35,781.75,763.2,784.4,742,675.75,673.1,683.7,686.35,726.1,694.3,726.1,787.05,829.45,911.6,948.7,1001.7,1030.85,972.55,993.75
Philippines,Other,Emissions (CO2eq) (AR5),kilotonnes,797.65,845.35,781.75,763.2,784.4,742,675.75,673.1,683.7,686.35,726.1,694.3,726.1,787.05,829.45,911.6,948.7,1001.7,1030.85,972.55,993.75
Philippines,Farm-gate emissions,Emissions (CH4),kilotonnes,1771.0636,1785.9117,1790.4552,1787.0128,1834.8641,1813.7454,1840.1889,1884.382,1942.2477,1971.6795,1906.1316,1944.1747,1984.3404,2000.0561,1995.2647,1970.0668,1941.7822,2027.3657,2025.1182,1975.0148,1998.3465
Philippines,Farm-gate emissions,Direct emissions (N2O),kilotonnes,19.4621,19.9057,19.1715,21.3533,22.6292,21.4177,20.0624,21.0502,19.4754,19.9591,22.2823,21.036,20.3759,21.2842,22.4487,21.28,22.827,25.3605,23.5887,24.6121,25.3259
Philippines,Farm-gate emissions,Indirect emissions (N2O),kilotonnes,5.8382,5.9717,5.7277,6.428,6.8164,6.4287,5.9081,6.2011,5.6728,5.8358,6.6126,6.1845,5.945,6.2365,6.6059,6.2397,6.7548,7.5406,6.9702,7.3061,7.5318
Philippines,Farm-gate emissions,Emissions (N2O),kilotonnes,30.9146,31.5631,30.8335,33.8992,35.5916,33.8082,32.1191,33.4789,31.3319,32.0419,35.12,33.0992,32.067,33.2451,34.7751,33.2998,35.4704,38.8446,36.4365,37.8434,38.7805
Philippines,Farm-gate emissions,Emissions (CO2),kilotonnes,954.3161,882.3981,946.4087,1112.7747,1072.0202,537.7241,814.8363,694.3785,849.5566,1195.6271,721.1829,625.9865,608.6256,634.6369,581.7778,652.7555,770.2854,973.5427,709.2443,734.7376,734.7376
Philippines,Farm-gate emissions,Emissions (CO2eq) from CH4 (AR5),kilotonnes,49589.7802,50005.5267,50132.7448,50036.3579,51376.1961,50784.87,51525.2878,52762.6972,54382.9343,55207.0248,53371.684,54436.8918,55561.5302,56001.5719,55867.4113,55161.8711,54369.9028,56766.2407,56703.3083,55300.4158,55953.7034
Philippines,Farm-gate emissions,Emissions (CO2eq) from N2O (AR5),kilotonnes,8192.3599,8364.2299,8170.8772,8983.3005,9431.7655,8959.1721,8511.565,8871.9152,8302.9617,8491.0947,9306.8108,8771.3001,8497.7477,8809.9618,9215.3999,8824.4553,9399.6649,10293.8261,9655.6672,10028.5107,10276.8252
Philippines,Farm-gate emissions,Emissions (CO2eq) (AR5),kilotonnes,58736.4562,59252.1547,59250.0307,60132.4331,61879.9819,60281.7662,60851.6892,62328.9908,63535.4526,64893.7466,63399.6777,63834.1783,64667.9034,65446.1705,65664.589,64639.0819,64539.8531,68033.6095,67068.2198,66063.6641,66965.2662
Philippines,Land Use change,Emissions (CH4),kilotonnes,1.5094,0.0453,0.3753,1.0353,1.0113,1.3199,0.5403,0.6812,0.4233,0.3566,1.5916,0.2901,0.1623,0.3913,0.8384,0.8488,1.3806,0.3088,0.3087,0.6147,0.8808
Philippines,Land Use change,Emissions (N2O),kilotonnes,0.0444,0.0041,0.0343,0.0945,0.0923,0.1205,0.0493,0.0622,0.0386,0.0326,0.1453,0.0265,0.0148,0.0357,0.0765,0.0775,0.1261,0.0282,0.0282,0.0561,0.0804
Philippines,Land Use change,Emissions (CO2),kilotonnes,22116.248,23371.7715,23371.7715,23371.7715,23371.7715,23371.7715,23371.7715,23371.7715,23371.7715,23371.7715,23371.7715,0,0,0,0,0,0,0,0,0,0
Philippines,Land Use change,Emissions (CO2eq) from CH4 (AR5),kilotonnes,42.2646,1.2672,10.5079,28.9891,28.3168,36.9566,15.1284,19.0728,11.8521,9.9843,44.5638,8.1229,4.5458,10.9565,23.4747,23.7655,38.6561,8.6454,8.6443,17.211,24.6619
Philippines,Land Use change,Emissions (CO2eq) from N2O (AR5),kilotonnes,11.7649,1.095,9.0802,25.0503,24.4694,31.9353,13.0729,16.4814,10.2418,8.6277,38.509,7.0192,3.9281,9.4679,20.2852,20.5365,33.4039,7.4707,7.4698,14.8726,21.3111
Philippines,Land Use change,Emissions (CO2eq) (AR5),kilotonnes,22170.2775,23374.1337,23391.3596,23425.8109,23424.5577,23440.6634,23399.9728,23407.3257,23393.8654,23390.3835,23454.8443,15.1421,8.4739,20.4244,43.7599,44.3019,72.06,16.1161,16.1141,32.0836,45.9729
Philippines,Emissions on agricultural land,Emissions (CH4),kilotonnes,1772.573,1785.9569,1790.8305,1788.0481,1835.8755,1815.0652,1840.7292,1885.0632,1942.6709,1972.036,1907.7231,1944.4648,1984.5027,2000.4474,1996.1031,1970.9156,1943.1628,2027.6745,2025.4269,1975.6295,1999.2273
Philippines,Emissions on agricultural land,Emissions (N2O),kilotonnes,30.959,31.5673,30.8678,33.9938,35.6839,33.9287,32.1684,33.5411,31.3706,32.0744,35.2654,33.1257,32.0818,33.2809,34.8516,33.3773,35.5965,38.8728,36.4647,37.8996,38.8609
Philippines,Emissions on agricultural land,Emissions (CO2),kilotonnes,23070.5641,24254.1696,24318.1802,24484.5462,24443.7917,23909.4956,24186.6078,24066.15,24221.3281,24567.3986,24092.9544,625.9865,608.6256,634.6369,581.7778,652.7555,770.2854,973.5427,709.2443,734.7376,734.7376
Philippines,Emissions on agricultural land,Emissions (CO2eq) from CH4 (AR5),kilotonnes,49632.0447,50006.7939,50143.2527,50065.347,51404.5129,50821.8266,51540.4163,52781.77,54394.7864,55217.0091,53416.2479,54445.0147,55566.0759,56012.5284,55890.886,55185.6366,54408.5589,56774.8861,56711.9526,55317.6268,55978.3652
Philippines,Emissions on agricultural land,Emissions (CO2eq) from N2O (AR5),kilotonnes,8204.1248,8365.3249,8179.9574,9008.3508,9456.2349,8991.1074,8524.638,8888.3966,8313.2035,8499.7224,9345.3197,8778.3193,8501.6759,8819.4297,9235.6851,8844.9918,9433.0687,10301.2968,9663.137,10043.3833,10298.1362
Philippines,Emissions on agricultural land,Emissions (CO2eq) (AR5),kilotonnes,80906.7337,82626.2884,82641.3903,83558.244,85304.5396,83722.4296,84251.662,85736.3166,86929.318,88284.1302,86854.522,63849.3204,64676.3773,65466.5949,65708.3489,64683.3839,64611.9131,68049.7256,67084.3339,66095.7477,67011.2391
Philippines,Pre- and post- production,Emissions (CH4),kilotonnes,326.6984,329.8867,335.0962,335.37,338.2854,340.9774,345.0337,353.9661,357.8103,360.9371,364.5029,369.3322,373.6915,377.6397,376.7197,378.2349,382.7864,386.0047,389.8321,392.5131,394.9258
Philippines,Pre- and post- production,Emissions (N2O),kilotonnes,1.5834,1.6426,1.6906,1.7135,1.7935,1.8418,1.9203,2.0353,2.0629,2.1412,2.1942,2.1844,2.2282,2.282,2.246,2.3143,2.4196,2.5322,2.5738,2.6021,2.6378
Philippines,Pre- and post- production,Emissions (CO2),kilotonnes,6635.2512,6831.2939,7297.3662,6629.2918,7080.4783,6919.7411,6527.4063,9923.9474,10250.2774,10454.3276,10970.8888,11268.2994,11790.6213,11587.7675,12105.5132,12800.2159,14594.1937,15044.9017,15770.8838,15552.51,14221.6793
Philippines,Pre- and post- production,Emissions (CO2eq) from CH4 (AR5),kilotonnes,9147.5566,9236.827,9382.6935,9390.3605,9471.9915,9547.3673,9660.9443,9911.0518,10018.6888,10106.2377,10206.0825,10341.3015,10463.3618,10573.9128,10548.1506,10590.5782,10718.0205,10808.1321,10915.2987,10990.3668,11057.923
Philippines,Pre- and post- production,Emissions (CO2eq) from N2O (AR5),kilotonnes,419.6042,435.292,448.0195,454.0802,475.269,488.0886,508.8721,539.3429,546.6582,567.4124,581.4606,578.8571,590.4698,604.7208,595.1915,613.2774,641.1826,671.0462,682.0509,689.55,699.0209
Philippines,Pre- and post- production,Emissions (CO2eq) (AR5),kilotonnes,16202.4119,16503.4129,17128.0793,16473.7325,17027.7388,16955.197,16697.2227,20374.3422,20815.6244,21127.9778,21758.432,22188.4579,22844.4529,22766.4011,23248.8553,24004.0715,25953.3968,26524.08,27368.2334,27232.4269,25978.6232
Philippines,Agri-food systems,Emissions (CH4),kilotonnes,2099.2715,2115.8436,2125.9267,2123.4181,2174.1609,2156.0426,2185.7629,2239.0294,2300.4813,2332.9731,2272.2261,2313.797,2358.1942,2378.0872,2372.8227,2349.1505,2325.9493,2413.6792,2415.259,2368.1426,2394.1532
Philippines,Agri-food systems,Emissions (N2O),kilotonnes,32.5424,33.2099,32.5584,35.7073,37.4774,35.7706,34.0887,35.5764,33.4334,34.2156,37.4595,35.3101,34.31,35.5628,37.0976,35.6916,38.016,41.4051,39.0384,40.5016,41.4987
Philippines,Agri-food systems,Emissions (CO2),kilotonnes,29705.8153,31085.4635,31615.5464,31113.838,31524.2701,30829.2367,30714.0141,33990.0975,34471.6055,35021.7263,35063.8432,11894.2858,12399.2468,12222.4043,12687.291,13452.9714,15364.4791,16018.4444,16480.1281,16287.2476,14956.4169
Philippines,Agri-food systems,Emissions (CO2eq) from CH4 (AR5),kilotonnes,58779.6013,59243.6209,59525.9462,59455.7075,60876.5044,60369.1939,61201.3605,62692.8218,64413.4752,65323.2468,63622.3304,64786.3161,66029.4378,66586.4412,66439.0366,65776.2148,65126.5794,67583.0182,67627.2513,66307.9936,67036.2882
Philippines,Agri-food systems,Emissions (CO2eq) from N2O (AR5),kilotonnes,8623.729,8800.6169,8627.9769,9462.431,9931.504,9479.196,9033.5101,9427.7395,8859.8616,9067.1348,9926.7804,9357.1763,9092.1456,9424.1505,9830.8765,9458.2692,10074.2514,10972.343,10345.1879,10732.9333,10997.1571
Philippines,Agri-food systems,Emissions (CO2eq) (AR5),kilotonnes,97109.1456,99129.7013,99769.4696,100031.9765,102332.2785,100677.6267,100948.8847,106110.6587,107744.9424,109412.1079,108612.954,86037.7783,87520.8302,88232.996,88957.2041,88687.4553,90565.3098,94573.8056,94452.5673,93328.1745,92989.8623
Philippines,IPCC Agriculture,Emissions (CH4),kilotonnes,1770.9846,1785.8515,1790.389,1786.9177,1834.7783,1813.6318,1840.1321,1884.3314,1942.1903,1971.0421,1906.0648,1944.1245,1984.2824,2000.0123,1995.2165,1970.0034,1941.7126,2027.2705,2025.0549,1974.9486,1998.2803
Philippines,IPCC Agriculture,Emissions (CH4),kilotonnes,1209.79,,,,,,,,,,,,,,,,,,,,
Philippines,IPCC Agriculture,Direct emissions (N2O),kilotonnes,19.4621,19.9057,19.1715,21.3533,22.6292,21.4177,20.0624,21.0502,19.4754,19.9591,22.2823,21.036,20.3759,21.2842,22.4487,21.28,22.827,25.3605,23.5887,24.6121,25.3259
Philippines,IPCC Agriculture,Indirect emissions (N2O),kilotonnes,5.8382,5.9717,5.7277,6.428,6.8164,6.4287,5.9081,6.2011,5.6728,5.8358,6.6126,6.1845,5.945,6.2365,6.6059,6.2397,6.7548,7.5406,6.9702,7.3061,7.5318
Philippines,IPCC Agriculture,Emissions (N2O),kilotonnes,30.5851,31.2671,30.5092,33.53,35.2348,33.6447,31.8344,33.2428,31.0324,31.7839,34.8664,32.8777,31.8531,33.0153,34.5659,33.0686,35.2013,38.5019,36.1835,37.5816,38.5187
Philippines,IPCC Agriculture,Emissions (N2O),kilotonnes,37.41,,,,,,,,,,,,,,,,,,,,
Philippines,IPCC Agriculture,Emissions (CO2eq) from CH4 (AR5),kilotonnes,49587.5699,50003.8428,50130.8916,50033.6957,51373.7927,50781.6909,51523.6989,52761.2786,54381.3292,55189.1788,53369.8134,54435.4872,55559.9072,56000.3456,55866.0624,55160.0959,54367.9526,56763.5739,56701.5374,55298.5605,55951.8481
Philippines,IPCC Agriculture,Emissions (CO2eq) from CH4 (AR5),kilotonnes,33874.12,,,,,,,,,,,,,,,,,,,,
Philippines,IPCC Agriculture,Emissions (CO2eq) from N2O (AR5),kilotonnes,8105.0614,8285.7897,8084.9435,8885.4405,9337.2178,8915.8505,8436.1184,8809.3421,8223.5818,8422.7433,9239.583,8712.5956,8441.0745,8749.0667,9159.9718,8763.1761,9328.3545,10202.9957,9588.6175,9959.1367,10207.4512
Philippines,IPCC Agriculture,Emissions (CO2eq) from N2O (AR5),kilotonnes,9913.65,,,,,,,,,,,,,,,,,,,,
Philippines,IPCC Agriculture,Emissions (CO2eq) (AR5),kilotonnes,57692.6313,58289.6325,58215.8351,58919.1362,60711.0105,59697.5413,59959.8172,61570.6207,62604.911,63611.9221,62609.3963,63148.0827,64000.9817,64749.4123,65026.0342,63923.272,63696.3072,66966.5696,66290.1549,65257.6973,66159.2993
Philippines,IPCC Agriculture,Emissions (CO2eq) (AR5),kilotonnes,43787.77,,,,,,,,,,,,,,,,,,,,
Philippines,Agricultural Soils,Direct emissions (N2O),kilotonnes,19.4621,19.9057,19.1715,21.3533,22.6292,21.4177,20.0624,21.0502,19.4754,19.9591,22.2823,21.036,20.3759,21.2842,22.4487,21.28,22.827,25.3605,23.5887,24.6121,25.3259
Philippines,Agricultural Soils,Indirect emissions (N2O),kilotonnes,5.8382,5.9717,5.7277,6.428,6.8164,6.4287,5.9081,6.2011,5.6728,5.8358,6.6126,6.1845,5.945,6.2365,6.6059,6.2397,6.7548,7.5406,6.9702,7.3061,7.5318
Philippines,Agricultural Soils,Emissions (N2O),kilotonnes,25.3003,25.8774,24.8992,27.7813,29.4456,27.8465,25.9705,27.2513,25.1482,25.7949,28.8948,27.2205,26.321,27.5207,29.0546,27.5196,29.5818,32.9011,30.5589,31.9182,32.8577
Philippines,Agricultural Soils,Emissions (N2O),kilotonnes,28.81,,,,,,,,,,,,,,,,,,,,
Philippines,Agricultural Soils,Emissions (CO2eq) from N2O (AR5),kilotonnes,6704.5808,6857.5158,6598.2919,7362.0513,7803.0754,7379.3096,6882.19,7221.5892,6664.2732,6835.6379,7657.1346,7213.4353,6975.056,7292.982,7699.4666,7292.7031,7839.1864,8718.7819,8098.1046,8458.3361,8707.2794
Philippines,Agricultural Soils,Emissions (CO2eq) from N2O (AR5),kilotonnes,7634.65,,,,,,,,,,,,,,,,,,,,
Philippines,Agricultural Soils,Emissions (CO2eq) (AR5),kilotonnes,6704.5808,6857.5158,6598.2919,7362.0513,7803.0754,7379.3096,6882.19,7221.5892,6664.2732,6835.6379,7657.1346,7213.4353,6975.056,7292.982,7699.4666,7292.7031,7839.1864,8718.7819,8098.1046,8458.3361,8707.2794
Philippines,Agricultural Soils,Emissions (CO2eq) (AR5),kilotonnes,7634.65,,,,,,,,,,,,,,,,,,,,
Philippines,LULUCF,Emissions (CH4),kilotonnes,2.0092,0.08,1.1292,1.1965,1.2543,2.1158,0.6569,1.0084,0.4878,0.4037,4.1459,0.3447,0.2293,0.8055,1.1657,1.5159,2.1711,0.4328,0.4402,1.3537,1.5677
Philippines,LULUCF,Emissions (CH4),kilotonnes,,,,,,,,,,,,,,,,,,,,,
Philippines,LULUCF,Emissions (N2O),kilotonnes,0.0591,0.0073,0.1031,0.1092,0.1145,0.1932,0.06,0.0921,0.0445,0.0369,0.3785,0.0315,0.0209,0.0735,0.1064,0.1384,0.1982,0.0395,0.0402,0.1236,0.1431
Philippines,LULUCF,Emissions (N2O),kilotonnes,,,,,,,,,,,,,,,,,,,,,
Philippines,LULUCF,Emissions (CO2),kilotonnes,2404.1009,2383.2549,2383.2549,2383.2549,2383.2549,2383.2549,2383.2549,2383.2549,2383.2549,2383.2549,2383.2549,2429.552,2429.552,2429.552,2429.552,2429.552,2462.1111,2462.1111,2462.1111,2462.1111,2462.1111
Philippines,LULUCF,Emissions (CO2),kilotonnes,-105111.37,,,,,,,,,,,,,,,,,,,,
Philippines,LULUCF,Emissions (CO2eq) from CH4 (AR5),kilotonnes,56.2567,2.2393,31.6165,33.5022,35.1216,59.2437,18.392,28.2354,13.6576,11.3038,116.0844,9.6505,6.4203,22.5534,32.6407,42.4443,60.7906,12.117,12.3247,37.9031,43.8942
Philippines,LULUCF,Emissions (CO2eq) from N2O (AR5),kilotonnes,15.6599,1.9351,27.3208,28.9502,30.3497,51.1943,15.8931,24.399,11.802,9.768,100.312,8.3393,5.548,19.4891,28.2058,36.6774,52.531,10.4707,10.6502,32.7532,37.9304
Philippines,LULUCF,Emissions (CO2eq) (AR5),kilotonnes,2476.0175,2387.4294,2442.1923,2445.7073,2448.7263,2493.6929,2417.5401,2435.8893,2408.7146,2404.3267,2599.6513,2447.5417,2441.5203,2471.5945,2490.3985,2508.6736,2575.4326,2484.6988,2485.086,2532.7673,2543.9357
Philippines,LULUCF,Emissions (CO2eq) (AR5),kilotonnes,-105111.37,,,,,,,,,,,,,,,,,,,,
Philippines,AFOLU,Emissions (CH4),kilotonnes,1772.9938,1785.9315,1791.5181,1788.1142,1836.0327,1815.7477,1840.789,1885.3398,1942.6781,1971.4458,1910.2106,1944.4692,1984.5117,2000.8178,1996.3823,1971.5193,1943.8837,2027.7032,2025.4951,1976.3023,1999.8479
Philippines,AFOLU,Emissions (N2O),kilotonnes,30.6442,31.2744,30.6123,33.6392,35.3493,33.8379,31.8944,33.3349,31.0769,31.8208,35.2449,32.9092,31.874,33.0889,34.6724,33.207,35.3996,38.5414,36.2237,37.7052,38.6618
Philippines,AFOLU,Emissions (CO2),kilotonnes,2404.1009,2383.2549,2383.2549,2383.2549,2383.2549,2383.2549,2383.2549,2383.2549,2383.2549,2383.2549,2383.2549,2429.552,2429.552,2429.552,2429.552,2429.552,2462.1111,2462.1111,2462.1111,2462.1111,2462.1111
Philippines,AFOLU,Emissions (CO2eq) from CH4 (AR5),kilotonnes,49643.8266,50006.0821,50162.5081,50067.1978,51408.9144,50840.9346,51542.0909,52789.514,54394.9869,55200.4826,53485.8978,54445.1377,55566.3275,56022.899,55898.7031,55202.5402,54428.7432,56775.6909,56713.8622,55336.4636,55995.7424
Philippines,AFOLU,Emissions (CO2eq) from N2O (AR5),kilotonnes,8120.7214,8287.7248,8112.2643,8914.3908,9367.5674,8967.0447,8452.0115,8833.7411,8235.3837,8432.5112,9339.895,8720.9349,8446.6225,8768.5558,9188.1776,8799.8535,9380.8855,10213.4664,9599.2677,9991.8899,10245.3815
Philippines,AFOLU,Emissions (CO2eq) (AR5),kilotonnes,60168.6489,60677.0619,60658.0274,61364.8435,63159.7367,62191.2342,62377.3573,64006.51,65013.6255,66016.2488,65209.0477,65595.6245,66442.502,67221.0068,67516.4327,66431.9456,66271.7398,69451.2684,68775.2409,67790.4646,68703.235
Philippines,All sectors with LULUCF,Emissions (CH4),kilotonnes,2514.997,2539.9351,2592.5252,2612.1207,2663.0339,2670.7489,2735.7902,2772.3411,2847.6794,2915.4471,2888.2119,2940.4705,3014.513,3044.8191,3071.3835,3056.5206,3113.885,3228.7045,3261.4964,3209.3036,3261.8492
Philippines,All sectors with LULUCF,Emissions (N2O),kilotonnes,38.5378,39.407,38.495,41.4955,43.3774,41.776,39.6108,41.3505,39.0783,39.8859,43.6374,41.2717,40.4265,42.0714,43.9449,42.9995,45.5821,49.3039,47.3263,48.4161,49.6027
Philippines,All sectors with LULUCF,Emissions (CO2),kilotonnes,75944.1009,73915.2549,73907.2549,73959.2549,76571.2549,77123.2549,70385.2549,74606.2549,81268.2549,80550.2549,86902.2549,87910.552,92793.552,100015.552,105658.552,115960.552,126396.1111,138799.1111,144802.1111,152602.1111,139605.1111
Philippines,All sectors with LULUCF,Emissions (CO2eq) from F-gases (AR5),kilotonnes,3158.2024,3352.5533,3556.6218,3750.9727,3993.9113,4236.85,4460.3535,4674.1395,4887.9256,5101.7116,5325.2151,4985.101,5082.2765,5189.1695,5296.0625,5402.9555,5509.8485,5616.7415,5723.6345,5830.5275,5937.4205
Philippines,All sectors with LULUCF,Emissions (CO2eq) from CH4 (AR5),kilotonnes,70419.9173,71118.1824,72590.7066,73139.3807,74564.9502,74780.9704,76602.1267,77625.5498,79735.0227,81632.5184,80869.9336,82333.1735,84406.3634,85254.9348,85998.739,85582.576,87188.779,90403.7268,91321.898,89860.4994,91331.7782
Philippines,All sectors with LULUCF,Emissions (CO2eq) from N2O (AR5),kilotonnes,10212.5254,10442.8638,10201.1798,10996.3103,11495.0139,11070.6412,10496.8575,10957.8751,10355.7547,10569.7627,11563.9075,10936.9974,10713.035,11148.9183,11645.3901,11394.866,12079.248,13065.5289,12541.4567,12830.2686,13144.7137
Philippines,All sectors with LULUCF,Emissions (CO2eq) (AR5),kilotonnes,159734.746,158828.8545,160255.7631,161845.9185,166625.1304,167211.7165,161944.5927,167863.8194,176246.9579,177854.2477,184661.3111,186165.8238,192995.2268,201608.5746,208598.7435,218340.9494,231173.9866,247885.1082,254389.1003,261123.4066,250019.0235
Philippines,All sectors without LULUCF,Emissions (CH4),kilotonnes,2512.9879,2539.8551,2591.3961,2610.9242,2661.7796,2668.6331,2735.1334,2771.3327,2847.1916,2915.0434,2884.066,2940.1258,3014.2837,3044.0136,3070.2178,3055.0047,3111.7139,3228.2718,3261.0562,3207.9499,3260.2816
Philippines,All sectors without LULUCF,Emissions (N2O),kilotonnes,38.4787,39.3997,38.3919,41.3863,43.2629,41.5828,39.5508,41.2584,39.0338,39.849,43.2589,41.2402,40.4056,41.9978,43.8384,42.8611,45.3838,49.2644,47.2861,48.2925,49.4596
Philippines,All sectors without LULUCF,Emissions (CO2),kilotonnes,73540,71532,71524,71576,74188,74740,68002,72223,78885,78167,84519,85481,90364,97586,103229,113531,123934,136337,142340,150140,137143
Philippines,All sectors without LULUCF,Emissions (CO2eq) from F-gases (AR5),kilotonnes,3158.2024,3352.5533,3556.6218,3750.9727,3993.9113,4236.85,4460.3535,4674.1395,4887.9256,5101.7116,5325.2151,4985.101,5082.2765,5189.1695,5296.0625,5402.9555,5509.8485,5616.7415,5723.6345,5830.5275,5937.4205
Philippines,All sectors without LULUCF,Emissions (CO2eq) from CH4 (AR5),kilotonnes,70363.6606,71115.943,72559.0901,73105.8785,74529.8286,74721.7267,76583.7347,77597.3145,79721.3651,81621.2146,80753.8492,82323.523,84399.943,85232.3814,85966.0983,85540.1317,87127.9885,90391.6098,91309.5733,89822.5964,91287.884
Philippines,All sectors without LULUCF,Emissions (CO2eq) from N2O (AR5),kilotonnes,10196.8654,10440.9287,10173.859,10967.36,11464.6643,11019.447,10480.9644,10933.4761,10343.9528,10559.9948,11463.5955,10928.6581,10707.487,11129.4292,11617.1843,11358.1886,12026.717,13055.0582,12530.8065,12797.5154,13106.7833
Philippines,All sectors without LULUCF,Emissions (CO2eq) (AR5),kilotonnes,157258.7285,156441.4251,157813.5709,159400.2112,164176.4042,164718.0237,159527.0526,165427.9301,173838.2434,175449.921,182061.6598,183718.2821,190553.7065,199136.9801,206108.345,215832.2758,228598.554,245400.4094,251904.0143,258590.6393,247475.0878
Pitcairn,Drained organic soils,Emissions (CO2eq) (AR5),kilotonnes,0,0,0,0,0,0,0,0,0,0,0,0,0,0,0,0,0,0,0,0,0
Pitcairn,Drained organic soils (CO2),Emissions (CO2),kilotonnes,0,0,0,0,0,0,0,0,0,0,0,0,0,0,0,0,0,0,0,0,0
Pitcairn,Drained organic soils (CO2),Emissions (CO2eq) (AR5),kilotonnes,0,0,0,0,0,0,0,0,0,0,0,0,0,0,0,0,0,0,0,0,0
Pitcairn,Drained organic soils (N2O),Emissions (N2O),kilotonnes,0,0,0,0,0,0,0,0,0,0,0,0,0,0,0,0,0,0,0,0,0
Pitcairn,Drained organic soils (N2O),Emissions (CO2eq) from N2O (AR5),kilotonnes,0,0,0,0,0,0,0,0,0,0,0,0,0,0,0,0,0,0,0,0,0
Pitcairn,Drained organic soils (N2O),Emissions (CO2eq) (AR5),kilotonnes,0,0,0,0,0,0,0,0,0,0,0,0,0,0,0,0,0,0,0,0,0
Pitcairn,Savanna fires,Emissions (CH4),kilotonnes,0,0,0,0,0,0,0,0,0,0,0,0,0,0,0,0,0,0,0,0,0
Pitcairn,Savanna fires,Emissions (N2O),kilotonnes,0,0,0,0,0,0,0,0,0,0,0,0,0,0,0,0,0,0,0,0,0
Pitcairn,Savanna fires,Emissions (CO2eq) from CH4 (AR5),kilotonnes,0,0,0,0,0,0,0,0,0,0,0,0,0,0,0,0,0,0,0,0,0
Pitcairn,Savanna fires,Emissions (CO2eq) from N2O (AR5),kilotonnes,0,0,0,0,0,0,0,0,0,0,0,0,0,0,0,0,0,0,0,0,0
Pitcairn,Savanna fires,Emissions (CO2eq) (AR5),kilotonnes,0,0,0,0,0,0,0,0,0,0,0,0,0,0,0,0,0,0,0,0,0
Pitcairn,Fires in organic soils,Emissions (CH4),kilotonnes,0,0,0,0,0,0,0,0,0,0,0,0,0,0,0,0,0,0,0,0,0
Pitcairn,Fires in organic soils,Emissions (CO2),kilotonnes,0,0,0,0,0,0,0,0,0,0,0,0,0,0,0,0,0,0,0,0,0
Pitcairn,Fires in organic soils,Emissions (CO2eq) from CH4 (AR5),kilotonnes,0,0,0,0,0,0,0,0,0,0,0,0,0,0,0,0,0,0,0,0,0
Pitcairn,Fires in organic soils,Emissions (CO2eq) (AR5),kilotonnes,0,0,0,0,0,0,0,0,0,0,0,0,0,0,0,0,0,0,0,0,0
Pitcairn,Forest fires,Emissions (CH4),kilotonnes,0,0,0,0,0,0,0,0,0,0,0,0,0,0,0,0,0,0,0,0,0
Pitcairn,Forest fires,Emissions (N2O),kilotonnes,0,0,0,0,0,0,0,0,0,0,0,0,0,0,0,0,0,0,0,0,0
Pitcairn,Forest fires,Emissions (CO2eq) from CH4 (AR5),kilotonnes,0,0,0,0,0,0,0,0,0,0,0,0,0,0,0,0,0,0,0,0,0
Pitcairn,Forest fires,Emissions (CO2eq) from N2O (AR5),kilotonnes,0,0,0,0,0,0,0,0,0,0,0,0,0,0,0,0,0,0,0,0,0
Pitcairn,Forest fires,Emissions (CO2eq) (AR5),kilotonnes,0,0,0,0,0,0,0,0,0,0,0,0,0,0,0,0,0,0,0,0,0
Pitcairn,Fires in humid tropical forests,Emissions (CH4),kilotonnes,0,0,0,0,0,0,0,0,0,0,0,0,0,0,0,0,0,0,0,0,0
Pitcairn,Fires in humid tropical forests,Emissions (N2O),kilotonnes,0,0,0,0,0,0,0,0,0,0,0,0,0,0,0,0,0,0,0,0,0
Pitcairn,Fires in humid tropical forests,Emissions (CO2eq) from CH4 (AR5),kilotonnes,0,0,0,0,0,0,0,0,0,0,0,0,0,0,0,0,0,0,0,0,0
Pitcairn,Fires in humid tropical forests,Emissions (CO2eq) from N2O (AR5),kilotonnes,0,0,0,0,0,0,0,0,0,0,0,0,0,0,0,0,0,0,0,0,0
Pitcairn,Fires in humid tropical forests,Emissions (CO2eq) (AR5),kilotonnes,0,0,0,0,0,0,0,0,0,0,0,0,0,0,0,0,0,0,0,0,0
Pitcairn,Farm-gate emissions,Emissions (CH4),kilotonnes,0,0,0,0,0,0,0,0,0,0,0,0,0,0,0,0,0,0,0,0,0
Pitcairn,Farm-gate emissions,Emissions (N2O),kilotonnes,0,0,0,0,0,0,0,0,0,0,0,0,0,0,0,0,0,0,0,0,0
Pitcairn,Farm-gate emissions,Emissions (CO2),kilotonnes,0,0,0,0,0,0,0,0,0,0,0,0,0,0,0,0,0,0,0,0,0
Pitcairn,Farm-gate emissions,Emissions (CO2eq) from CH4 (AR5),kilotonnes,0,0,0,0,0,0,0,0,0,0,0,0,0,0,0,0,0,0,0,0,0
Pitcairn,Farm-gate emissions,Emissions (CO2eq) from N2O (AR5),kilotonnes,0,0,0,0,0,0,0,0,0,0,0,0,0,0,0,0,0,0,0,0,0
Pitcairn,Farm-gate emissions,Emissions (CO2eq) (AR5),kilotonnes,0,0,0,0,0,0,0,0,0,0,0,0,0,0,0,0,0,0,0,0,0
Pitcairn,Land Use change,Emissions (CH4),kilotonnes,0,0,0,0,0,0,0,0,0,0,0,0,0,0,0,0,0,0,0,0,0
Pitcairn,Land Use change,Emissions (N2O),kilotonnes,0,0,0,0,0,0,0,0,0,0,0,0,0,0,0,0,0,0,0,0,0
Pitcairn,Land Use change,Emissions (CO2),kilotonnes,0,0,0,0,0,0,0,0,0,0,0,0,0,0,0,0,0,0,0,0,0
Pitcairn,Land Use change,Emissions (CO2eq) from CH4 (AR5),kilotonnes,0,0,0,0,0,0,0,0,0,0,0,0,0,0,0,0,0,0,0,0,0
Pitcairn,Land Use change,Emissions (CO2eq) from N2O (AR5),kilotonnes,0,0,0,0,0,0,0,0,0,0,0,0,0,0,0,0,0,0,0,0,0
Pitcairn,Land Use change,Emissions (CO2eq) (AR5),kilotonnes,0,0,0,0,0,0,0,0,0,0,0,0,0,0,0,0,0,0,0,0,0
Pitcairn,Emissions on agricultural land,Emissions (CH4),kilotonnes,0,0,0,0,0,0,0,0,0,0,0,0,0,0,0,0,0,0,0,0,0
Pitcairn,Emissions on agricultural land,Emissions (N2O),kilotonnes,0,0,0,0,0,0,0,0,0,0,0,0,0,0,0,0,0,0,0,0,0
Pitcairn,Emissions on agricultural land,Emissions (CO2),kilotonnes,0,0,0,0,0,0,0,0,0,0,0,0,0,0,0,0,0,0,0,0,0
Pitcairn,Emissions on agricultural land,Emissions (CO2eq) from CH4 (AR5),kilotonnes,0,0,0,0,0,0,0,0,0,0,0,0,0,0,0,0,0,0,0,0,0
Pitcairn,Emissions on agricultural land,Emissions (CO2eq) from N2O (AR5),kilotonnes,0,0,0,0,0,0,0,0,0,0,0,0,0,0,0,0,0,0,0,0,0
Pitcairn,Emissions on agricultural land,Emissions (CO2eq) (AR5),kilotonnes,0,0,0,0,0,0,0,0,0,0,0,0,0,0,0,0,0,0,0,0,0
Pitcairn,Agri-food systems,Emissions (CH4),kilotonnes,0,0,0,0,0,0,0,0,0,0,0,0,0,0,0,0,0,0,0,0,0
Pitcairn,Agri-food systems,Emissions (N2O),kilotonnes,0,0,0,0,0,0,0,0,0,0,0,0,0,0,0,0,0,0,0,0,0
Pitcairn,Agri-food systems,Emissions (CO2),kilotonnes,0,0,0,0,0,0,0,0,0,0,0,0,0,0,0,0,0,0,0,0,0
Pitcairn,Agri-food systems,Emissions (CO2eq) from CH4 (AR5),kilotonnes,0,0,0,0,0,0,0,0,0,0,0,0,0,0,0,0,0,0,0,0,0
Pitcairn,Agri-food systems,Emissions (CO2eq) from N2O (AR5),kilotonnes,0,0,0,0,0,0,0,0,0,0,0,0,0,0,0,0,0,0,0,0,0
Pitcairn,Agri-food systems,Emissions (CO2eq) (AR5),kilotonnes,0,0,0,0,0,0,0,0,0,0,0,0,0,0,0,0,0,0,0,0,0
Pitcairn,IPCC Agriculture,Emissions (CH4),kilotonnes,0,0,0,0,0,0,0,0,0,0,0,0,0,0,0,0,0,0,0,0,0
Pitcairn,IPCC Agriculture,Emissions (N2O),kilotonnes,0,0,0,0,0,0,0,0,0,0,0,0,0,0,0,0,0,0,0,0,0
Pitcairn,IPCC Agriculture,Emissions (CO2eq) from CH4 (AR5),kilotonnes,0,0,0,0,0,0,0,0,0,0,0,0,0,0,0,0,0,0,0,0,0
Pitcairn,IPCC Agriculture,Emissions (CO2eq) from N2O (AR5),kilotonnes,0,0,0,0,0,0,0,0,0,0,0,0,0,0,0,0,0,0,0,0,0
Pitcairn,IPCC Agriculture,Emissions (CO2eq) (AR5),kilotonnes,0,0,0,0,0,0,0,0,0,0,0,0,0,0,0,0,0,0,0,0,0
Pitcairn,Agricultural Soils,Emissions (N2O),kilotonnes,0,0,0,0,0,0,0,0,0,0,0,0,0,0,0,0,0,0,0,0,0
Pitcairn,Agricultural Soils,Emissions (CO2eq) from N2O (AR5),kilotonnes,0,0,0,0,0,0,0,0,0,0,0,0,0,0,0,0,0,0,0,0,0
Pitcairn,Agricultural Soils,Emissions (CO2eq) (AR5),kilotonnes,0,0,0,0,0,0,0,0,0,0,0,0,0,0,0,0,0,0,0,0,0
Pitcairn,LULUCF,Emissions (CH4),kilotonnes,0,0,0,0,0,0,0,0,0,0,0,0,0,0,0,0,0,0,0,0,0
Pitcairn,LULUCF,Emissions (N2O),kilotonnes,0,0,0,0,0,0,0,0,0,0,0,0,0,0,0,0,0,0,0,0,0
Pitcairn,LULUCF,Emissions (CO2),kilotonnes,0,0,0,0,0,0,0,0,0,0,0,0,0,0,0,0,0,0,0,0,0
Pitcairn,LULUCF,Emissions (CO2eq) from CH4 (AR5),kilotonnes,0,0,0,0,0,0,0,0,0,0,0,0,0,0,0,0,0,0,0,0,0
Pitcairn,LULUCF,Emissions (CO2eq) from N2O (AR5),kilotonnes,0,0,0,0,0,0,0,0,0,0,0,0,0,0,0,0,0,0,0,0,0
Pitcairn,LULUCF,Emissions (CO2eq) (AR5),kilotonnes,0,0,0,0,0,0,0,0,0,0,0,0,0,0,0,0,0,0,0,0,0
Pitcairn,AFOLU,Emissions (CH4),kilotonnes,0,0,0,0,0,0,0,0,0,0,0,0,0,0,0,0,0,0,0,0,0
Pitcairn,AFOLU,Emissions (N2O),kilotonnes,0,0,0,0,0,0,0,0,0,0,0,0,0,0,0,0,0,0,0,0,0
Pitcairn,AFOLU,Emissions (CO2),kilotonnes,0,0,0,0,0,0,0,0,0,0,0,0,0,0,0,0,0,0,0,0,0
Pitcairn,AFOLU,Emissions (CO2eq) from CH4 (AR5),kilotonnes,0,0,0,0,0,0,0,0,0,0,0,0,0,0,0,0,0,0,0,0,0
Pitcairn,AFOLU,Emissions (CO2eq) from N2O (AR5),kilotonnes,0,0,0,0,0,0,0,0,0,0,0,0,0,0,0,0,0,0,0,0,0
Pitcairn,AFOLU,Emissions (CO2eq) (AR5),kilotonnes,0,0,0,0,0,0,0,0,0,0,0,0,0,0,0,0,0,0,0,0,0
Pitcairn,All sectors with LULUCF,Emissions (CH4),kilotonnes,0,0,0,0,0,0,0,0,0,0,0,0,0,0,0,0,0,0,0,0,0
Pitcairn,All sectors with LULUCF,Emissions (N2O),kilotonnes,0,0,0,0,0,0,0,0,0,0,0,0,0,0,0,0,0,0,0,0,0
Pitcairn,All sectors with LULUCF,Emissions (CO2),kilotonnes,0,0,0,0,0,0,0,0,0,0,0,0,0,0,0,0,0,0,0,0,0
Pitcairn,All sectors with LULUCF,Emissions (CO2eq) from CH4 (AR5),kilotonnes,0,0,0,0,0,0,0,0,0,0,0,0,0,0,0,0,0,0,0,0,0
Pitcairn,All sectors with LULUCF,Emissions (CO2eq) from N2O (AR5),kilotonnes,0,0,0,0,0,0,0,0,0,0,0,0,0,0,0,0,0,0,0,0,0
Pitcairn,All sectors with LULUCF,Emissions (CO2eq) (AR5),kilotonnes,0,0,0,0,0,0,0,0,0,0,0,0,0,0,0,0,0,0,0,0,0
Pitcairn,All sectors without LULUCF,Emissions (CH4),kilotonnes,0,0,0,0,0,0,0,0,0,0,0,0,0,0,0,0,0,0,0,0,0
Pitcairn,All sectors without LULUCF,Emissions (N2O),kilotonnes,0,0,0,0,0,0,0,0,0,0,0,0,0,0,0,0,0,0,0,0,0
Pitcairn,All sectors without LULUCF,Emissions (CO2eq) from CH4 (AR5),kilotonnes,0,0,0,0,0,0,0,0,0,0,0,0,0,0,0,0,0,0,0,0,0
Pitcairn,All sectors without LULUCF,Emissions (CO2eq) from N2O (AR5),kilotonnes,0,0,0,0,0,0,0,0,0,0,0,0,0,0,0,0,0,0,0,0,0
Pitcairn,All sectors without LULUCF,Emissions (CO2eq) (AR5),kilotonnes,0,0,0,0,0,0,0,0,0,0,0,0,0,0,0,0,0,0,0,0,0
Poland,Crop Residues,Direct emissions (N2O),kilotonnes,4.1834,4.5099,4.2363,3.6732,4.4102,3.9092,3.2725,3.8624,3.9931,4.1581,3.8105,3.8073,4.0484,3.9837,4.4203,3.9227,4.2166,4.4961,3.7991,4.1016,4.7928
Poland,Crop Residues,Direct emissions (N2O),kilotonnes,5.7985,5.946,5.1715,4.7838,5.7976,5.2262,4.6721,5.5367,5.3965,5.7181,5.1056,5.2357,5.494,5.4357,6.0334,5.3689,5.7881,6.1132,5.2334,5.3577,6.4492
Poland,Crop Residues,Indirect emissions (N2O),kilotonnes,0.9413,1.0147,0.9532,0.8265,0.9923,0.8796,0.7363,0.869,0.8984,0.9356,0.8574,0.8566,0.9109,0.8963,0.9946,0.8826,0.9487,1.0116,0.8548,0.9229,1.0784
Poland,Crop Residues,Emissions (N2O),kilotonnes,5.1246,5.5246,5.1895,4.4997,5.4025,4.7888,4.0088,4.7314,4.8915,5.0937,4.6679,4.664,4.9592,4.88,5.4148,4.8053,5.1653,5.5077,4.6539,5.0245,5.8711
Poland,Crop Residues,Emissions (N2O),kilotonnes,5.7985,5.946,5.1715,4.7838,5.7976,5.2262,4.6721,5.5367,5.3965,5.7181,5.1056,5.2357,5.494,5.4357,6.0334,5.3689,5.7881,6.1132,5.2334,5.3577,6.4492
Poland,Crop Residues,Emissions (CO2eq) from N2O (AR5),kilotonnes,1358.0238,1464.0129,1375.2057,1192.4286,1431.6718,1269.0371,1062.3228,1253.8279,1296.2536,1349.8285,1236.9973,1235.952,1314.1969,1293.195,1434.928,1273.3988,1368.8174,1459.5459,1233.2903,1331.4914,1555.8524
Poland,Crop Residues,Emissions (CO2eq) from N2O (AR5),kilotonnes,1536.6032,1575.6863,1370.4369,1267.6992,1536.3657,1384.9352,1238.1082,1467.2276,1430.0857,1515.2875,1352.99,1387.4725,1455.9041,1440.4494,1598.8491,1422.7592,1533.8531,1620.0022,1386.8515,1419.795,1709.0308
Poland,Crop Residues,Emissions (CO2eq) (AR5),kilotonnes,1358.0238,1464.0129,1375.2057,1192.4286,1431.6718,1269.0371,1062.3228,1253.8279,1296.2536,1349.8285,1236.9973,1235.952,1314.1969,1293.195,1434.928,1273.3988,1368.8174,1459.5459,1233.2903,1331.4914,1555.8524
Poland,Crop Residues,Emissions (CO2eq) (AR5),kilotonnes,1536.6032,1575.6863,1370.4369,1267.6992,1536.3657,1384.9352,1238.1082,1467.2276,1430.0857,1515.2875,1352.99,1387.4725,1455.9041,1440.4494,1598.8491,1422.7592,1533.8531,1620.0022,1386.8515,1419.795,1709.0308
Poland,Burning - Crop residues,Emissions (CH4),kilotonnes,3.257,3.4432,3.4678,3.4548,3.6072,3.3118,3.1678,2.9883,3.3166,3.274,3.1943,3.3393,3.7116,3.9675,4.3572,4.3969,4.1557,4.1009,4.3532,4.5076,5.1175
Poland,Burning - Crop residues,Emissions (CH4),kilotonnes,0.7084,0.8318,0.7588,0.7233,0.8923,0.7706,0.7471,0.7373,0.9156,0.9849,0.8503,0.841,0.8838,0.9711,1.0594,0.9525,0.9921,0.9336,0.9833,0.9175,1.107
Poland,Burning - Crop residues,Emissions (N2O),kilotonnes,0.0844,0.0893,0.0899,0.0896,0.0935,0.0859,0.0821,0.0775,0.086,0.0849,0.0828,0.0866,0.0962,0.1029,0.113,0.114,0.1077,0.1063,0.1129,0.1169,0.1327
Poland,Burning - Crop residues,Emissions (N2O),kilotonnes,0.0316,0.0356,0.0319,0.0314,0.036,0.0304,0.0302,0.0271,0.0363,0.0381,0.0323,0.0334,0.0356,0.0377,0.0399,0.0364,0.0399,0.0346,0.0402,0.0352,0.0418
Poland,Burning - Crop residues,Emissions (CO2eq) from CH4 (AR5),kilotonnes,91.1972,96.4092,97.0979,96.7344,101.0017,92.7294,88.699,83.6716,92.865,91.671,89.4396,93.5006,103.9258,111.0902,122.0005,123.1127,116.3594,114.8248,121.89,126.2128,143.291
Poland,Burning - Crop residues,Emissions (CO2eq) from CH4 (AR5),kilotonnes,19.8361,23.2909,21.2468,20.2532,24.985,21.5768,20.9194,20.6435,25.6363,27.5785,23.807,23.5489,24.7465,27.1899,29.6634,26.67,27.7774,26.1402,27.5311,25.6891,30.9974
Poland,Burning - Crop residues,Emissions (CO2eq) from N2O (AR5),kilotonnes,22.3771,23.656,23.825,23.7357,24.7828,22.753,21.7641,20.5305,22.7863,22.4934,21.9458,22.9423,25.5003,27.2582,29.9353,30.2082,28.5511,28.1746,29.9082,30.9689,35.1594
Poland,Burning - Crop residues,Emissions (CO2eq) from N2O (AR5),kilotonnes,8.3777,9.4391,8.4506,8.3301,9.55,8.0625,8.0042,7.173,9.6317,10.0929,8.5576,8.8544,9.4449,10.0025,10.582,9.6393,10.5705,9.1604,10.6563,9.3285,11.0844
Poland,Burning - Crop residues,Emissions (CO2eq) (AR5),kilotonnes,113.5743,120.0651,120.9229,120.4701,125.7845,115.4824,110.4631,104.2022,115.6513,114.1644,111.3855,116.4428,129.4261,138.3485,151.9358,153.321,144.9105,142.9994,151.7982,157.1817,178.4504
Poland,Burning - Crop residues,Emissions (CO2eq) (AR5),kilotonnes,28.2138,32.7301,29.6973,28.5833,34.535,29.6393,28.9236,27.8165,35.268,37.6714,32.3646,32.4032,34.1914,37.1924,40.2454,36.3093,38.348,35.3006,38.1875,35.0176,42.0818
Poland,Enteric Fermentation,Emissions (CH4),kilotonnes,515.7952,492.3232,475.3913,473.8411,458.7274,466.8714,475.8454,478.6787,478.2064,467.1169,467.2191,462.9984,459.0991,459.5132,461.6087,462.5845,454.2143,467.3057,471.7249,474.5757,474.3835
Poland,Enteric Fermentation,Emissions (CH4),kilotonnes,491.7339,475.0772,459.9371,461.3459,450.39,460.5641,473.1208,480.2557,480.5366,473.5383,473.5262,474.1214,475.4585,478.2219,480.8971,486.2843,479.1673,495.5519,503.2853,508.016,516.6573
Poland,Enteric Fermentation,Emissions (CO2eq) from CH4 (AR5),kilotonnes,14442.2666,13785.0507,13310.9577,13267.5505,12844.3662,13072.4003,13323.6723,13403.0026,13389.7795,13079.2746,13082.1351,12963.9558,12854.7738,12866.3684,12925.0438,12952.365,12718.001,13084.5608,13208.296,13288.1185,13282.7373
Poland,Enteric Fermentation,Emissions (CO2eq) from CH4 (AR5),kilotonnes,13768.5494,13302.1607,12878.2393,12917.6856,12610.9196,12895.7946,13247.3821,13447.1603,13455.0254,13259.0712,13258.7338,13275.3982,13312.8386,13390.2131,13465.1184,13615.9607,13416.6858,13875.4522,14091.9888,14224.449,14466.4049
Poland,Enteric Fermentation,Emissions (CO2eq) (AR5),kilotonnes,14442.2666,13785.0507,13310.9577,13267.5505,12844.3662,13072.4003,13323.6723,13403.0026,13389.7795,13079.2746,13082.1351,12963.9558,12854.7738,12866.3684,12925.0438,12952.365,12718.001,13084.5608,13208.296,13288.1185,13282.7373
Poland,Enteric Fermentation,Emissions (CO2eq) (AR5),kilotonnes,13768.5494,13302.1607,12878.2393,12917.6856,12610.9196,12895.7946,13247.3821,13447.1603,13455.0254,13259.0712,13258.7338,13275.3982,13312.8386,13390.2131,13465.1184,13615.9607,13416.6858,13875.4522,14091.9888,14224.449,14466.4049
Poland,Manure Management,Emissions (CH4),kilotonnes,121.3532,118.6298,125.7117,125.2748,119.8245,123.4527,125.6357,124.4573,116.6503,111.8172,116.641,108.7481,104.0117,101.9162,101.3997,102.9326,100.77,104.8194,106.7332,106.6536,106.6388
Poland,Manure Management,Emissions (CH4),kilotonnes,65.5048,64.9974,70.2496,70.9104,68.6944,72.9294,72.7455,70.835,64.1373,60.0677,58.4667,55.7524,52.3442,51.3646,52.2213,51.5893,49.141,49.5227,49.5395,47.4449,48.8945
Poland,Manure Management,Emissions (N2O),kilotonnes,6.004,5.8249,6.4244,6.1916,5.8437,6.0339,6.203,6.1718,5.8316,5.6572,5.9346,5.6169,5.3178,5.2784,5.4086,5.4729,5.4187,5.6162,5.6676,5.7411,5.8044
Poland,Manure Management,Emissions (N2O),kilotonnes,9.727,9.5132,9.3441,8.9873,8.5093,8.9011,9.1399,9.2518,8.9267,8.6981,8.7484,8.628,8.3334,8.3454,8.4685,8.6568,8.6297,9.0361,9.3638,9.393,9.8579
Poland,Manure Management,Emissions (CO2eq) from CH4 (AR5),kilotonnes,3397.889,3321.6339,3519.9266,3507.6943,3355.0872,3456.6767,3517.8009,3484.8053,3266.2086,3130.8812,3265.9493,3044.9466,2912.3269,2853.6548,2839.1904,2882.1116,2821.559,2934.942,2988.5306,2986.3012,2985.8865
Poland,Manure Management,Emissions (CO2eq) from CH4 (AR5),kilotonnes,1834.1356,1819.9278,1966.9896,1985.4904,1923.4442,2042.0233,2036.8731,1983.3802,1795.8446,1681.8942,1637.0689,1561.066,1465.6376,1438.2095,1462.1952,1444.5002,1375.9491,1386.6361,1387.1066,1328.456,1369.0447
Poland,Manure Management,Emissions (CO2eq) from N2O (AR5),kilotonnes,1591.0525,1543.5941,1702.4596,1640.7806,1548.5715,1598.9776,1643.7992,1635.5348,1545.3844,1499.1546,1572.6703,1488.477,1409.2089,1398.7717,1433.2798,1450.3163,1435.9429,1488.2894,1501.9246,1521.383,1538.1574
Poland,Manure Management,Emissions (CO2eq) from N2O (AR5),kilotonnes,2577.6592,2521.0097,2476.1796,2381.6254,2254.9723,2358.7978,2422.0814,2451.7217,2365.5712,2304.9982,2318.3307,2286.4133,2208.3582,2211.5195,2244.1443,2294.0459,2286.8774,2394.5585,2481.4023,2489.1409,2612.3515
Poland,Manure Management,Emissions (CO2eq) (AR5),kilotonnes,4988.9415,4865.228,5222.3862,5148.4749,4903.6587,5055.6543,5161.6,5120.3402,4811.593,4630.0358,4838.6196,4533.4237,4321.5358,4252.4265,4272.4702,4332.4279,4257.502,4423.2314,4490.4552,4507.6842,4524.0439
Poland,Manure Management,Emissions (CO2eq) (AR5),kilotonnes,4411.7948,4340.9375,4443.1692,4367.1157,4178.4165,4400.8211,4458.9544,4435.102,4161.4158,3986.8924,3955.3995,3847.4793,3673.9958,3649.729,3706.3396,3738.5461,3662.8265,3781.1946,3868.5089,3817.5969,3981.3962
Poland,Manure left on Pasture,Direct emissions (N2O),kilotonnes,2.6143,2.4933,2.3154,2.2964,2.2275,2.252,2.2843,2.3322,2.3446,2.2897,2.2713,2.2663,2.244,2.2488,2.2606,2.2741,2.2391,2.3095,2.3323,2.3539,2.3456
Poland,Manure left on Pasture,Indirect emissions (N2O),kilotonnes,0.6498,0.6229,0.5577,0.554,0.5361,0.5382,0.5432,0.5582,0.5596,0.542,0.5313,0.5298,0.5204,0.5183,0.5198,0.5229,0.5111,0.5269,0.5323,0.5369,0.5329
Poland,Manure left on Pasture,Emissions (N2O),kilotonnes,3.2641,3.1162,2.8731,2.8504,2.7636,2.7903,2.8275,2.8904,2.9041,2.8318,2.8026,2.7961,2.7644,2.7671,2.7804,2.7969,2.7502,2.8363,2.8646,2.8908,2.8785
Poland,Manure left on Pasture,Emissions (CO2eq) from N2O (AR5),kilotonnes,864.9969,825.7989,761.3731,755.3534,732.3463,739.4197,749.2942,765.9482,769.5993,750.4247,742.6859,740.9718,732.5672,733.277,736.8052,741.1885,728.8016,751.6301,759.114,766.0654,762.7979
Poland,Manure left on Pasture,Emissions (CO2eq) (AR5),kilotonnes,864.9969,825.7989,761.3731,755.3534,732.3463,739.4197,749.2942,765.9482,769.5993,750.4247,742.6859,740.9718,732.5672,733.277,736.8052,741.1885,728.8016,751.6301,759.114,766.0654,762.7979
Poland,Manure applied to Soils,Direct emissions (N2O),kilotonnes,6.1071,5.9358,7.0751,6.6237,6.2218,6.4142,6.5957,6.5998,6.2147,6.0746,6.5182,6.1055,5.7435,5.706,5.889,6.0204,6.0622,6.3027,6.4051,6.5104,6.5822
Poland,Manure applied to Soils,Direct emissions (N2O),kilotonnes,6.9788,6.8518,6.7066,6.4799,6.1731,6.4435,6.5418,6.5703,6.3167,6.0946,6.0536,5.9657,5.7519,5.7364,5.8094,5.9138,5.8766,6.101,6.2872,6.2876,6.6039
Poland,Manure applied to Soils,Indirect emissions (N2O),kilotonnes,2.5955,2.5227,3.0069,2.8151,2.6443,2.726,2.8032,2.8049,2.6413,2.5817,2.7702,2.5948,2.441,2.425,2.5028,2.5587,2.5764,2.6786,2.7222,2.7669,2.7974
Poland,Manure applied to Soils,Emissions (N2O),kilotonnes,8.7026,8.4586,10.0821,9.4388,8.8661,9.1402,9.3989,9.4048,8.856,8.6563,9.2884,8.7004,8.1845,8.131,8.3919,8.5791,8.6387,8.9813,9.1273,9.2774,9.3797
Poland,Manure applied to Soils,Emissions (N2O),kilotonnes,6.9788,6.8518,6.7066,6.4799,6.1731,6.4435,6.5418,6.5703,6.3167,6.0946,6.0536,5.9657,5.7519,5.7364,5.8094,5.9138,5.8766,6.101,6.2872,6.2876,6.6039
Poland,Manure applied to Soils,Emissions (CO2eq) from N2O (AR5),kilotonnes,2306.177,2241.523,2671.7526,2501.2842,2349.5081,2422.1482,2490.7125,2492.2601,2346.8333,2293.9074,2461.4366,2305.597,2168.9025,2154.7281,2223.8452,2273.4484,2289.2478,2380.0404,2418.7277,2458.503,2485.611
Poland,Manure applied to Soils,Emissions (CO2eq) from N2O (AR5),kilotonnes,1849.3751,1815.7166,1777.26,1717.168,1635.8745,1707.5358,1733.5708,1741.1174,1673.9163,1615.0602,1604.1996,1580.9134,1524.2459,1520.1515,1539.4857,1567.1443,1557.2987,1616.7754,1666.1205,1666.2049,1750.0238
Poland,Manure applied to Soils,Emissions (CO2eq) (AR5),kilotonnes,2306.177,2241.523,2671.7526,2501.2842,2349.5081,2422.1482,2490.7125,2492.2601,2346.8333,2293.9074,2461.4366,2305.597,2168.9025,2154.7281,2223.8452,2273.4484,2289.2478,2380.0404,2418.7277,2458.503,2485.611
Poland,Manure applied to Soils,Emissions (CO2eq) (AR5),kilotonnes,1849.3751,1815.7166,1777.26,1717.168,1635.8745,1707.5358,1733.5708,1741.1174,1673.9163,1615.0602,1604.1996,1580.9134,1524.2459,1520.1515,1539.4857,1567.1443,1557.2987,1616.7754,1666.1205,1666.2049,1750.0238
Poland,Synthetic Fertilizers,Direct emissions (N2O),kilotonnes,14.0721,13.5426,13.0696,14.0643,14.069,15.6593,16.5974,17.9504,17.2134,16.0867,17.1459,17.2024,18.5287,17.2606,15.7709,16.39,18.0809,18.524,15.6216,16.2407,14.3314
Poland,Synthetic Fertilizers,Direct emissions (N2O),kilotonnes,13.53,14.0643,13.5457,13.0743,14.0643,14.0643,15.6514,16.5943,17.9457,17.2134,16.148,17.1459,17.2024,18.5295,17.2614,15.7709,16.39,18.0809,18.524,15.6216,16.2407
Poland,Synthetic Fertilizers,Indirect emissions (N2O),kilotonnes,4.5734,4.4013,4.2476,4.5709,4.5724,5.0893,5.3942,5.8339,5.5944,5.2282,5.5724,5.5908,6.0218,5.6097,5.1255,5.3267,5.8763,6.0203,5.077,5.2782,4.6577
Poland,Synthetic Fertilizers,Emissions (N2O),kilotonnes,18.6456,17.9439,17.3172,18.6352,18.6414,20.7486,21.9916,23.7843,22.8078,21.3149,22.7183,22.7932,24.5505,22.8703,20.8964,21.7168,23.9571,24.5443,20.6986,21.5189,18.9891
Poland,Synthetic Fertilizers,Emissions (N2O),kilotonnes,13.53,14.0643,13.5457,13.0743,14.0643,14.0643,15.6514,16.5943,17.9457,17.2134,16.148,17.1459,17.2024,18.5295,17.2614,15.7709,16.39,18.0809,18.524,15.6216,16.2407
Poland,Synthetic Fertilizers,Emissions (CO2eq) from N2O (AR5),kilotonnes,4941.0812,4755.1354,4589.0533,4938.3223,4939.9776,5498.3667,5827.7721,6302.8442,6044.0651,5648.4476,6020.3391,6040.2027,6505.8948,6060.6181,5537.5422,5754.9388,6348.641,6504.2395,5485.1243,5702.5208,5032.1229
Poland,Synthetic Fertilizers,Emissions (CO2eq) from N2O (AR5),kilotonnes,3585.45,3727.0357,3589.6143,3464.6857,3727.0357,3727.0357,4147.6286,4397.4857,4755.6143,4561.5586,4279.22,4543.6521,4558.6436,4910.305,4574.2805,4179.2771,4343.35,4791.4271,4908.86,4139.7164,4303.7893
Poland,Synthetic Fertilizers,Emissions (CO2eq) (AR5),kilotonnes,4941.0812,4755.1354,4589.0533,4938.3223,4939.9776,5498.3667,5827.7721,6302.8442,6044.0651,5648.4476,6020.3391,6040.2027,6505.8948,6060.6181,5537.5422,5754.9388,6348.641,6504.2395,5485.1243,5702.5208,5032.1229
Poland,Synthetic Fertilizers,Emissions (CO2eq) (AR5),kilotonnes,3585.45,3727.0357,3589.6143,3464.6857,3727.0357,3727.0357,4147.6286,4397.4857,4755.6143,4561.5586,4279.22,4543.6521,4558.6436,4910.305,4574.2805,4179.2771,4343.35,4791.4271,4908.86,4139.7164,4303.7893
Poland,Drained organic soils,Emissions (CO2eq) (AR5),kilotonnes,34396.9531,34341.9622,34246.6266,34125.3966,33967.5562,33959.535,33958.6678,33955.675,33939.898,33899.4804,33898.1923,33902.8509,33899.5274,33894.9367,33850.9658,33850.4346,33732.0538,33700.0973,33708.2275,33631.028,33635.2699
Poland,Drained organic soils,Emissions (CO2eq) (AR5),kilotonnes,3135.314,3130.6434,3125.9727,3121.302,3116.6314,3111.9607,3107.2901,3101.7271,3096.1642,3090.6012,3085.0382,3079.4753,3073.9123,3073.406,3072.8996,3072.3932,3071.8868,3071.3805,3070.8741,3070.3677,3069.8613
Poland,Drained organic soils (CO2),Emissions (CO2),kilotonnes,28968.9844,28922.6489,28842.3288,28740.2031,28607.2349,28600.4771,28599.7426,28597.2223,28583.9214,28549.8725,28548.785,28552.7065,28549.9077,28546.0425,28508.9988,28508.5513,28408.7875,28381.8157,28388.6081,28323.561,28327.1329
Poland,Drained organic soils (CO2),Emissions (CO2eq) (AR5),kilotonnes,28968.9844,28922.6489,28842.3288,28740.2031,28607.2349,28600.4771,28599.7426,28597.2223,28583.9214,28549.8725,28548.785,28552.7065,28549.9077,28546.0425,28508.9988,28508.5513,28408.7875,28381.8157,28388.6081,28323.561,28327.1329
Poland,Drained organic soils (N2O),Emissions (N2O),kilotonnes,20.4829,20.4502,20.3936,20.3215,20.2276,20.2229,20.2224,20.2206,20.2112,20.1872,20.1864,20.1892,20.1872,20.1845,20.1584,20.1581,20.0878,20.069,20.074,20.0282,20.0307
Poland,Drained organic soils (N2O),Emissions (N2O),kilotonnes,11.8314,11.8137,11.7961,11.7785,11.7609,11.7432,11.7256,11.7046,11.6836,11.6626,11.6417,11.6207,11.5997,11.5978,11.5958,11.5939,11.592,11.5901,11.5882,11.5863,11.5844
Poland,Drained organic soils (N2O),Emissions (CO2eq) from N2O (AR5),kilotonnes,5427.9686,5419.3133,5404.2978,5385.1935,5360.3213,5359.0579,5358.9252,5358.4527,5355.9766,5349.6078,5349.4073,5350.1444,5349.6197,5348.8941,5341.967,5341.8834,5323.2664,5318.2816,5319.6194,5307.467,5308.137
Poland,Drained organic soils (N2O),Emissions (CO2eq) from N2O (AR5),kilotonnes,3135.314,3130.6434,3125.9727,3121.302,3116.6314,3111.9607,3107.2901,3101.7271,3096.1642,3090.6012,3085.0382,3079.4753,3073.9123,3073.406,3072.8996,3072.3932,3071.8868,3071.3805,3070.8741,3070.3677,3069.8613
Poland,Drained organic soils (N2O),Emissions (CO2eq) (AR5),kilotonnes,5427.9686,5419.3133,5404.2978,5385.1935,5360.3213,5359.0579,5358.9252,5358.4527,5355.9766,5349.6078,5349.4073,5350.1444,5349.6197,5348.8941,5341.967,5341.8834,5323.2664,5318.2816,5319.6194,5307.467,5308.137
Poland,Drained organic soils (N2O),Emissions (CO2eq) (AR5),kilotonnes,3135.314,3130.6434,3125.9727,3121.302,3116.6314,3111.9607,3107.2901,3101.7271,3096.1642,3090.6012,3085.0382,3079.4753,3073.9123,3073.406,3072.8996,3072.3932,3071.8868,3071.3805,3070.8741,3070.3677,3069.8613
Poland,On-farm energy use,Emissions (CH4),kilotonnes,23.8724,26.9023,22.1854,20.6704,20.6728,22.2448,25.1706,23.5842,25.1344,25.1206,27.5805,25.1105,25.8889,25.0989,23.5398,21.9892,23.5576,23.3089,23.0155,22.9107,22.9107
Poland,On-farm energy use,Emissions (N2O),kilotonnes,3.3323,3.1352,3.1,3.122,3.1797,3.2498,2.4626,2.2699,2.2777,2.2161,2.2242,2.2305,2.2505,2.203,2.1215,2.1063,2.2322,2.6366,2.7701,2.8999,2.8999
Poland,On-farm energy use,Emissions (CO2),kilotonnes,16326.4325,16740.6994,15134.4235,14935.8329,15087.8762,15826.0911,14271.7775,13271.2359,13778.5669,13568.6403,14315.1874,13615.8965,13921.2052,13484.6767,12804.1357,12284.2218,13109.7462,14086.0461,14307.513,14608.1884,14608.1884
Poland,On-farm energy use,Emissions (CO2eq) from CH4 (AR5),kilotonnes,668.4259,753.2641,621.19,578.7698,578.8378,622.8549,704.7759,660.3571,703.7622,703.377,772.2553,703.0953,724.8895,702.7705,659.1141,615.6982,659.6121,652.65,644.435,641.4991,641.4991
Poland,On-farm energy use,Emissions (CO2eq) from N2O (AR5),kilotonnes,883.061,830.8359,821.5112,827.3405,842.6295,861.1888,652.5884,601.5132,603.593,587.2554,589.4242,591.0913,596.3729,583.8038,562.188,558.165,591.5364,698.6874,734.0863,768.466,768.466
Poland,On-farm energy use,Emissions (CO2eq) (AR5),kilotonnes,17877.9194,18324.7995,16577.1246,16341.9433,16509.3435,17310.1348,15629.1417,14533.1062,15085.9222,14859.2727,15676.8669,14910.0831,15242.4677,14771.251,14025.4378,13458.085,14360.8947,15437.3835,15686.0342,16018.1535,16018.1535
Poland,Forestland,Emissions (CO2),kilotonnes,-26691.1333,-84614.5667,-84614.5667,-84614.5667,-84614.5667,-84614.5667,-84614.5667,-84614.5667,-84614.5667,-84614.5667,-84614.5667,-40078.8667,-40078.8667,-40078.8667,-40078.8667,-40078.8667,-45790.8,-45790.8,-45790.8,-45790.8,-45790.8
Poland,Forestland,Emissions (CO2),kilotonnes,-37130.7913,-29304.8967,-37474.4128,-39347.5209,-49714.787,-49802.2009,-44028.1147,-36244.8791,-36845.7829,-36502.1119,-34621.8101,-40091.5484,-40550.9366,-42877.2472,-36242.1778,-32082.931,-43001.4304,-40332.1157,-39137.8415,-21026.9083,-21960.0326
Poland,Forestland,Emissions (CO2eq) (AR5),kilotonnes,-26691.1333,-84614.5667,-84614.5667,-84614.5667,-84614.5667,-84614.5667,-84614.5667,-84614.5667,-84614.5667,-84614.5667,-84614.5667,-40078.8667,-40078.8667,-40078.8667,-40078.8667,-40078.8667,-45790.8,-45790.8,-45790.8,-45790.8,-45790.8
Poland,Forestland,Emissions (CO2eq) (AR5),kilotonnes,-37130.7913,-29304.8967,-37474.4128,-39347.5209,-49714.787,-49802.2009,-44028.1147,-36244.8791,-36845.7829,-36502.1119,-34621.8101,-40091.5484,-40550.9366,-42877.2472,-36242.1778,-32082.931,-43001.4304,-40332.1157,-39137.8415,-21026.9083,-21960.0326
Poland,Net Forest conversion,Emissions (CO2),kilotonnes,0,0,0,0,0,0,0,0,0,0,0,0,0,0,0,0,0,0,0,0,0
Poland,Net Forest conversion,Emissions (CO2),kilotonnes,375.7301,335.9952,313.8238,377.2041,372.3475,333.3065,364.2871,368.7556,377.8404,388.9351,366.9759,382.8251,355.1779,356.8618,359.1557,427.6843,4099.5665,350.9365,366.472,376.7438,324.6458
Poland,Net Forest conversion,Emissions (CO2eq) (AR5),kilotonnes,0,0,0,0,0,0,0,0,0,0,0,0,0,0,0,0,0,0,0,0,0
Poland,Net Forest conversion,Emissions (CO2eq) (AR5),kilotonnes,375.7301,335.9952,313.8238,377.2041,372.3475,333.3065,364.2871,368.7556,377.8404,388.9351,366.9759,382.8251,355.1779,356.8618,359.1557,427.6843,4099.5665,350.9365,366.472,376.7438,324.6458
Poland,Savanna fires,Emissions (CH4),kilotonnes,0.0021,0.0065,0.0137,0.1014,0.0053,0.0516,0.0033,0.0008,0.0025,0.0075,0.0129,0.0058,0.0185,0.0157,0.004,0.0052,0,0.0035,0.0104,0.002,0.0303
Poland,Savanna fires,Emissions (CH4),kilotonnes,0.0713,0.083,0.1392,0.2089,0.1326,0.1266,0.2741,0.041,0.1613,0.0313,0.0395,0.0381,0.0433,0.0601,0.0785,0.0601,0.1488,0.0326,0.0666,0.1044,0.0376
Poland,Savanna fires,Emissions (N2O),kilotonnes,0.0002,0.0006,0.0013,0.0093,0.0005,0.0047,0.0003,0.0001,0.0002,0.0007,0.0012,0.0005,0.0017,0.0014,0.0004,0.0005,0,0.0003,0.0009,0.0002,0.0028
Poland,Savanna fires,Emissions (N2O),kilotonnes,0.0039,0.0046,0.0077,0.0116,0.0073,0.007,0.0152,0.0023,0.0089,0.0017,0.0022,0.0021,0.0024,0.0033,0.0043,0.0033,0.0082,0.0018,0.0037,0.0058,0.0021
Poland,Savanna fires,Emissions (CO2),kilotonnes,27.7933,32.3611,54.3035,81.4849,51.7077,49.3852,106.9141,15.9845,62.9284,12.2186,15.3905,14.8738,16.9052,23.4511,30.6266,23.4571,58.0576,12.7057,25.9637,40.7246,14.6718
Poland,Savanna fires,Emissions (CO2eq) from CH4 (AR5),kilotonnes,0.06,0.1824,0.3848,2.8386,0.1481,1.4434,0.0911,0.0227,0.0695,0.2094,0.3608,0.163,0.5184,0.4392,0.1127,0.1459,0,0.0992,0.2906,0.0569,0.8481
Poland,Savanna fires,Emissions (CO2eq) from CH4 (AR5),kilotonnes,1.9951,2.3229,3.898,5.8491,3.7117,3.545,7.6745,1.1474,4.5171,0.8771,1.1048,1.0677,1.2135,1.6834,2.1984,1.6838,4.1675,0.912,1.8637,2.9233,1.0532
Poland,Savanna fires,Emissions (CO2eq) from N2O (AR5),kilotonnes,0.0517,0.1576,0.3325,2.4529,0.128,1.2473,0.0787,0.0197,0.0601,0.181,0.3118,0.1409,0.448,0.3795,0.0974,0.126,0,0.0857,0.2511,0.0492,0.7328
Poland,Savanna fires,Emissions (CO2eq) from N2O (AR5),kilotonnes,1.0445,1.2162,2.0408,3.0624,1.9433,1.856,4.018,0.6007,2.365,0.4592,0.5784,0.559,0.6353,0.8813,1.151,0.8816,2.1819,0.4775,0.9758,1.5305,0.5514
Poland,Savanna fires,Emissions (CO2eq) (AR5),kilotonnes,0.1117,0.34,0.7173,5.2915,0.276,2.6908,0.1697,0.0424,0.1296,0.3904,0.6726,0.3039,0.9664,0.8186,0.21,0.2719,0,0.1849,0.5417,0.1061,1.5809
Poland,Savanna fires,Emissions (CO2eq) (AR5),kilotonnes,30.8328,35.9002,60.2423,90.3964,57.3626,54.7861,118.6066,17.7327,69.8104,13.5548,17.0737,16.5004,18.7541,26.0158,33.9761,26.0224,64.4069,14.0952,28.8032,45.1784,16.2764
Poland,Fires in organic soils,Emissions (CH4),kilotonnes,0,0,0,0,0,0,0,0,0,0,0,0,0,0,0,0,0,0,0,0,0
Poland,Fires in organic soils,Emissions (CO2),kilotonnes,0,0,0,0,0,0,0,0,0,0,0,0,0,0,0,0,0,0,0,0,0
Poland,Fires in organic soils,Emissions (CO2eq) from CH4 (AR5),kilotonnes,0,0,0,0,0,0,0,0,0,0,0,0,0,0,0,0,0,0,0,0,0
Poland,Fires in organic soils,Emissions (CO2eq) (AR5),kilotonnes,0,0,0,0,0,0,0,0,0,0,0,0,0,0,0,0,0,0,0,0,0
Poland,Forest fires,Emissions (CH4),kilotonnes,0.0134,0.0225,0.04,0.2498,0.005,0.03,0.0025,0,0.005,0.0075,0.015,0,0.0375,0.0225,0,0.01,0,0.055,0.0075,0,0.0775
Poland,Forest fires,Emissions (N2O),kilotonnes,0.0007,0.0021,0.0036,0.0228,0.0005,0.0027,0.0002,0,0.0005,0.0007,0.0014,0,0.0034,0.0021,0,0.0009,0,0.005,0.0007,0,0.0071
Poland,Forest fires,Emissions (CO2eq) from CH4 (AR5),kilotonnes,0.3751,0.6297,1.1193,6.9941,0.1399,0.8392,0.0699,0,0.1398,0.2098,0.4195,0,1.049,0.6291,0,0.2798,0,1.5386,0.2099,0,2.169
Poland,Forest fires,Emissions (CO2eq) from N2O (AR5),kilotonnes,0.1964,0.5441,0.9672,6.0438,0.1209,0.7252,0.0604,0,0.1208,0.1813,0.3625,0,0.9064,0.5436,0,0.2418,0,1.3296,0.1814,0,1.8743
Poland,Forest fires,Emissions (CO2eq) (AR5),kilotonnes,0.5715,1.1738,2.0866,13.0379,0.2609,1.5644,0.1304,0,0.2606,0.3912,0.782,0,1.9554,1.1728,0,0.5216,0,2.8682,0.3913,0,4.0432
Poland,Fires in humid tropical forests,Emissions (CH4),kilotonnes,0,0,0,0,0,0,0,0,0,0,0,0,0,0,0,0,0,0,0,0,0
Poland,Fires in humid tropical forests,Emissions (N2O),kilotonnes,0,0,0,0,0,0,0,0,0,0,0,0,0,0,0,0,0,0,0,0,0
Poland,Fires in humid tropical forests,Emissions (CO2eq) from CH4 (AR5),kilotonnes,0,0,0,0,0,0,0,0,0,0,0,0,0,0,0,0,0,0,0,0,0
Poland,Fires in humid tropical forests,Emissions (CO2eq) from N2O (AR5),kilotonnes,0,0,0,0,0,0,0,0,0,0,0,0,0,0,0,0,0,0,0,0,0
Poland,Fires in humid tropical forests,Emissions (CO2eq) (AR5),kilotonnes,0,0,0,0,0,0,0,0,0,0,0,0,0,0,0,0,0,0,0,0,0
Poland,Waste - agri-food systems,Emissions (CH4),kilotonnes,295.2196,307.7115,298.3524,318.271,327.2667,331.7676,304.0579,287.9722,290.4259,369.3873,372.7717,301.8327,312.211,326.6211,329.5766,337.6327,370.6701,353.2345,335.8161,318.3506,300.7598
Poland,Waste - agri-food systems,Emissions (N2O),kilotonnes,2.0036,1.9974,1.9394,1.9567,2.0328,2.0374,2.0142,2.0347,2.0066,2.0634,2.0721,2.0776,1.9957,1.986,1.8744,1.8804,2.0028,2.1009,2.1543,2.1933,2.2297
Poland,Waste - agri-food systems,Emissions (CO2),kilotonnes,180.5687,181.2877,181.58,182.2084,183.3111,184.5838,185.4101,186.9391,188.4616,187.1112,187.7202,188.3918,187.9869,188.2949,188.5766,187.6908,187.6147,188.3681,189.1321,189.2483,189.2407
Poland,Waste - agri-food systems,Emissions (CO2eq) from CH4 (AR5),kilotonnes,8266.1496,8615.9233,8353.8661,8911.587,9163.4667,9289.4915,8513.6214,8063.2212,8131.9253,10342.8455,10437.6085,8451.3149,8741.9081,9145.3905,9228.1436,9453.7164,10378.762,9890.5664,9402.8519,8913.8168,8421.2756
Poland,Waste - agri-food systems,Emissions (CO2eq) from N2O (AR5),kilotonnes,530.9532,529.3054,513.9425,518.5124,538.6913,539.9224,533.7705,539.2019,531.7519,546.81,549.0973,550.5724,528.8686,526.2908,496.7272,498.3076,530.7365,556.7481,570.881,581.2258,590.8736
Poland,Waste - agri-food systems,Emissions (CO2eq) (AR5),kilotonnes,8977.6715,9326.5164,9049.3886,9612.3078,9885.4691,10013.9978,9232.802,8789.3623,8852.1389,11076.7668,11174.4259,9190.2792,9458.7637,9859.9762,9913.4474,10139.7149,11097.1131,10635.6826,10162.865,9684.291,9201.3899
Poland,Fertilizers Manufacturing,Emissions (N2O),kilotonnes,8.7314,9.0813,8.9603,9.4828,9.9202,10.1707,10.8287,10.7186,11.0861,11.8929,12.1374,12.2952,13.11,12.4648,13.3192,12.9477,12.9269,13.298,12.5371,12.3988,12.2051
Poland,Fertilizers Manufacturing,Emissions (CO2),kilotonnes,0,0,2631.9351,2868.6185,1604.5371,2236.4271,2974.7083,3499.3614,4162.1863,3557.0606,3649.9756,4167.3619,4342.1952,4093.0821,5790.8814,11085.9512,11112.8994,11701.7703,10880.6782,10467.402,9857.9985
Poland,Fertilizers Manufacturing,Emissions (CO2eq) from N2O (AR5),kilotonnes,2313.821,2406.5445,2374.4795,2512.942,2628.853,2695.2355,2869.6055,2840.429,2937.8165,3151.6185,3216.411,3258.228,3474.15,3303.172,3529.588,3431.1405,3425.6285,3523.97,3322.3315,3285.682,3234.3432
Poland,Fertilizers Manufacturing,Emissions (CO2eq) (AR5),kilotonnes,2313.821,2406.5445,5006.4146,5381.5605,4233.3901,4931.6626,5844.3138,6339.7904,7100.0028,6708.6791,6866.3866,7425.5899,7816.3452,7396.2541,9320.4694,14517.0917,14538.5279,15225.7403,14203.0097,13753.084,13092.3417
Poland,On-farm electricity use,Emissions (CH4),kilotonnes,5.6997,5.5318,5.2906,1.7903,1.7531,1.7999,1.8323,1.8071,1.9535,1.9319,1.9391,1.9139,1.8707,1.8467,1.7999,1.8083,1.9595,2.0627,2.2247,2.3096,2.3096
Poland,On-farm electricity use,Emissions (N2O),kilotonnes,0.0304,0.0295,0.0283,0.0096,0.0094,0.0096,0.0098,0.0096,0.0104,0.0103,0.0104,0.0102,0.01,0.0099,0.0096,0.0096,0.0105,0.011,0.0119,0.0123,0.0123
Poland,On-farm electricity use,Emissions (CO2),kilotonnes,4111.7339,3954.4451,3741.4915,1266.2571,1216.6155,1227.2358,1254.0604,1234.7948,1329.9589,1289.4556,1265.609,1248.3073,1178.3472,1243.5484,1212.0355,1217.6917,1319.5027,1388.9926,1498.0758,1555.2839,1555.2839
Poland,On-farm electricity use,Emissions (CO2eq) from CH4 (AR5),kilotonnes,159.5916,154.8904,148.1368,50.1284,49.0868,50.3972,51.3044,50.5988,54.698,54.0932,54.2948,53.5892,52.3796,51.7076,50.3972,50.6324,54.866,57.7556,62.2916,64.6688,64.6688
Poland,On-farm electricity use,Emissions (CO2eq) from N2O (AR5),kilotonnes,8.056,7.8175,7.4995,2.544,2.491,2.544,2.597,2.544,2.756,2.7295,2.756,2.703,2.65,2.6235,2.544,2.544,2.7825,2.915,3.1535,3.2595,3.2595
Poland,On-farm electricity use,Emissions (CO2eq) (AR5),kilotonnes,4279.3815,4117.153,3897.1278,1318.9295,1268.1933,1280.177,1307.9618,1287.9376,1387.4129,1346.2783,1322.6598,1304.5995,1233.3768,1297.8795,1264.9767,1270.8681,1377.1512,1449.6632,1563.5209,1623.2122,1623.2122
Poland,Food Processing,Emissions (CH4),kilotonnes,6.0579,5.9199,6.1868,6.5131,6.4927,6.5937,6.5679,7.2988,7.1498,6.9578,7.14,7.1186,7.5026,7.7861,7.8606,8.426,8.8385,9.1973,9.8563,9.8563,9.8563
Poland,Food Processing,Emissions (N2O),kilotonnes,0.1827,0.1694,0.1766,0.1692,0.1606,0.1539,0.1411,0.1441,0.1333,0.129,0.129,0.1278,0.1319,0.1288,0.1279,0.122,0.1268,0.1306,0.1353,0.1353,0.1332
Poland,Food Processing,Emissions (CO2),kilotonnes,14653.3554,13808.101,14400.9409,14205.4491,13641.6013,13228.0421,12443.4886,12970.8053,12223.2456,11737.9175,11703.6887,11638.6988,11960.2809,12167.5248,12158.704,12020.3179,12566.2651,13055.2639,13923.8709,13923.8709,13113.2346
Poland,Food Processing,Emissions (CO2eq) from CH4 (AR5),kilotonnes,169.6212,165.7572,173.2304,182.3668,181.7956,184.6236,183.9012,204.3664,200.1944,194.8184,199.92,199.3208,210.0728,218.0108,220.0968,235.928,247.478,257.5244,275.9764,275.9764,275.9764
Poland,Food Processing,Emissions (CO2eq) from N2O (AR5),kilotonnes,48.4155,44.891,46.799,44.838,42.559,40.7835,37.3915,38.1865,35.3245,34.185,34.185,33.867,34.9535,34.132,33.8935,32.33,33.602,34.609,35.8545,35.8545,35.2943
Poland,Food Processing,Emissions (CO2eq) (AR5),kilotonnes,14871.3921,14018.7492,14620.9703,14432.6539,13865.9559,13453.4492,12664.7813,13213.3582,12458.7645,11966.9209,11937.7937,11871.8866,12205.3072,12419.6676,12412.6943,12288.5759,12847.3451,13347.3973,14235.7018,14235.7018,13424.5053
Poland,Food Packaging,Emissions (CH4),kilotonnes,1.9918,1.9777,1.935,2.1872,2.0783,2.213,2.3479,2.5787,2.3851,2.5477,2.4841,2.55,2.5199,2.5774,2.6017,2.7261,2.8468,3.0792,3.1815,2.3953,2.3953
Poland,Food Packaging,Emissions (N2O),kilotonnes,0.0229,0.0234,0.0223,0.0221,0.0212,0.022,0.0225,0.0229,0.0237,0.0257,0.0264,0.0274,0.0268,0.0273,0.0272,0.0272,0.0278,0.0295,0.0295,0.0262,0.0258
Poland,Food Packaging,Emissions (CO2),kilotonnes,2669.2081,2711.4847,2623.5991,2734.9234,2651.7919,2713.0787,2830.3113,2966.8614,2913.6255,3090.5011,3083.4433,3178.4017,3043.0447,3194.0748,3192.948,3231.6105,3343.5878,3553.6157,3577.6507,3008.5371,2833.3825
Poland,Food Packaging,Emissions (CO2eq) from CH4 (AR5),kilotonnes,55.7704,55.3756,54.18,61.2416,58.1924,61.964,65.7412,72.2036,66.7828,71.3356,69.5548,71.4,70.5572,72.1672,72.8476,76.3308,79.7104,86.2176,89.082,67.0684,67.0684
Poland,Food Packaging,Emissions (CO2eq) from N2O (AR5),kilotonnes,6.0685,6.201,5.9095,5.8565,5.618,5.83,5.9625,6.0685,6.2805,6.8105,6.996,7.261,7.102,7.2345,7.208,7.208,7.367,7.8175,7.8175,6.943,6.8345
Poland,Food Packaging,Emissions (CO2eq) (AR5),kilotonnes,2731.047,2773.0613,2683.6886,2802.0215,2715.6023,2780.8727,2902.015,3045.1335,2986.6888,3168.6472,3159.9941,3257.0627,3120.7039,3273.4765,3273.0036,3315.1493,3430.6652,3647.6508,3674.5502,3082.5485,2907.2855
Poland,Food Retail,Emissions (CH4),kilotonnes,4.1286,4.3771,4.4628,4.5784,4.9923,5.2263,5.8738,5.662,6.4505,6.3251,6.8164,6.7371,6.7705,6.6557,6.809,6.7893,7.2468,7.2039,7.4161,7.8086,7.8086
Poland,Food Retail,Emissions (N2O),kilotonnes,0.0297,0.0306,0.0353,0.0355,0.0371,0.0382,0.0433,0.041,0.0461,0.0464,0.0509,0.049,0.0489,0.0476,0.0471,0.0467,0.0504,0.0491,0.0497,0.0494,0.0486
Poland,Food Retail,Emissions (CO2),kilotonnes,3761.2587,3965.9369,4333.6337,4432.9146,4617.7288,4701.539,5270.9903,5068.825,5673.1489,5575.4398,5980.663,5805.8671,5647.6726,5763.764,5732.0301,5727.1342,6136.9475,5950.0151,6036.5202,6233.8218,5870.8938
Poland,Food Retail,Emissions (CO2eq) from F-gases (AR5),kilotonnes,744.963,917.437,1129.393,1393.8185,1649.4125,1857.2125,2074.3635,2292.034,2322.165,2337.75,2346.5815,2351.7765,2355.9325,2359.0495,2359.0495,2359.0495,2556.979,2608.4095,2659.84,2711.2705,2675.6895
Poland,Food Retail,Emissions (CO2eq) from CH4 (AR5),kilotonnes,115.6008,122.5588,124.9584,128.1952,139.7844,146.3364,164.4664,158.536,180.614,177.1028,190.8592,188.6388,189.574,186.3596,190.652,190.1004,202.9104,201.7092,207.6508,218.6408,218.6408
Poland,Food Retail,Emissions (CO2eq) from N2O (AR5),kilotonnes,7.8705,8.109,9.3545,9.4075,9.8315,10.123,11.4745,10.865,12.2165,12.296,13.4885,12.985,12.9585,12.614,12.4815,12.3755,13.356,13.0115,13.1705,13.091,12.8865
Poland,Food Retail,Emissions (CO2eq) (AR5),kilotonnes,4629.693,5014.0417,5597.3396,5964.3358,6416.7572,6715.2109,7521.2947,7530.26,8188.1444,8102.5886,8531.5922,8359.2674,8206.1376,8321.7871,8294.2131,8288.6596,8910.1929,8773.1453,8917.1815,9176.8241,8778.1106
Poland,Food Household Consumption,Emissions (CH4),kilotonnes,17.939,19.9533,21.991,21.6059,21.5931,23.1308,25.2898,24.0988,24.9557,25.3453,27.8891,25.3367,26.1066,25.6865,23.8535,23.5759,24.7852,24.5321,24.2033,24.2033,24.2033
Poland,Food Household Consumption,Emissions (N2O),kilotonnes,0.0934,0.1039,0.1142,0.1125,0.1124,0.1199,0.1308,0.1244,0.1285,0.1303,0.1431,0.13,0.1339,0.1318,0.1225,0.1211,0.1273,0.1262,0.1245,0.1245,0.1226
Poland,Food Household Consumption,Emissions (CO2),kilotonnes,8216.7374,8940.3064,9543.6527,9645.2732,9594.1717,10060.2226,10845.3382,10386.7233,10648.7568,10739.7866,11608.9606,10672.5114,10859.9985,10919.6324,10227.1772,10155.9257,10668.0495,10657.9041,10548.0397,10548.0397,9933.9415
Poland,Food Household Consumption,Emissions (CO2eq) from CH4 (AR5),kilotonnes,502.292,558.6924,615.748,604.9652,604.6068,647.6624,708.1144,674.7664,698.7596,709.6684,780.8948,709.4276,730.9848,719.222,667.898,660.1252,693.9856,686.8988,677.6924,677.6924,677.6924
Poland,Food Household Consumption,Emissions (CO2eq) from N2O (AR5),kilotonnes,24.751,27.5335,30.263,29.8125,29.786,31.7735,34.662,32.966,34.0525,34.5295,37.9215,34.45,35.4835,34.927,32.4625,32.0915,33.7345,33.443,32.9925,32.9925,32.477
Poland,Food Household Consumption,Emissions (CO2eq) (AR5),kilotonnes,8743.7804,9526.5323,10189.6637,10280.0509,10228.5645,10739.6585,11588.1146,11094.4557,11381.5689,11483.9845,12427.7769,11416.389,11626.4668,11673.7814,10927.5377,10848.1424,11395.7696,11378.2459,11258.7246,11258.7246,10644.1109
Poland,Food Transport,Emissions (CH4),kilotonnes,0.4782,0.4819,0.4986,0.5389,0.6036,0.6381,0.6717,0.6809,0.6634,0.6371,0.6314,0.5976,0.5689,0.5372,0.5246,0.5297,0.5598,0.5953,0.6023,0.635,0.635
Poland,Food Transport,Emissions (N2O),kilotonnes,0.0984,0.0947,0.089,0.092,0.0969,0.0981,0.1026,0.1094,0.1098,0.1112,0.1141,0.1157,0.1118,0.105,0.1045,0.1102,0.1248,0.1437,0.1503,0.1221,0.1202
Poland,Food Transport,Emissions (CO2),kilotonnes,2107.2312,2089.8162,2016.4325,2197.8485,2474.8162,2650.2972,2921.3662,3243.4725,3381.0772,3424.3701,3612.3751,3660.6056,3510.6306,3275.5696,3324.8186,3544.363,4052.655,4685.594,4817.7805,4288.5578,4038.8815
Poland,Food Transport,Emissions (CO2eq) from CH4 (AR5),kilotonnes,13.3896,13.4932,13.9608,15.0892,16.9008,17.8668,18.8076,19.0652,18.5752,17.8388,17.6792,16.7328,15.9292,15.0416,14.6888,14.8316,15.6744,16.6684,16.8644,17.78,17.78
Poland,Food Transport,Emissions (CO2eq) from N2O (AR5),kilotonnes,26.076,25.0955,23.585,24.38,25.6785,25.9965,27.189,28.991,29.097,29.468,30.2365,30.6605,29.627,27.825,27.6925,29.203,33.072,38.0805,39.8295,32.3565,31.8509
Poland,Food Transport,Emissions (CO2eq) (AR5),kilotonnes,2146.6968,2128.4049,2053.9783,2237.3177,2517.3955,2694.1605,2967.3628,3291.5287,3428.7494,3471.6769,3660.2908,3707.9989,3556.1868,3318.4362,3367.1999,3588.3976,4101.4014,4740.3429,4874.4744,4338.6943,4088.5124
Poland,Energy,Emissions (CH4),kilotonnes,1740,1740,1720,1670,1650,1660,1660,1580,1550,1490,1530,1530,1600,1600,1580,1590,1550,1500,1480,1390,1390
Poland,Energy,Emissions (N2O),kilotonnes,11.3,12.2,12.5,12.8,12.9,13.1,12.6,12.3,12.3,12,12.4,12.6,12.6,12.5,11.9,12,12.2,12.9,13,12.8,12.6
Poland,Energy,Emissions (CO2),kilotonnes,297000,301000,295000,302000,302000,301000,316000,310000,311000,294000,313000,313000,297000,301000,284000,284000,297000,305000,310000,292000,275000
Poland,Energy,Emissions (CO2eq) from CH4 (AR5),kilotonnes,48720,48720,48160,46760,46200,46480,46480,44240,43400,41720,42840,42840,44800,44800,44240,44520,43400,42000,41440,38920,38920
Poland,Energy,Emissions (CO2eq) from N2O (AR5),kilotonnes,2994.5,3233,3312.5,3392,3418.5,3471.5,3339,3259.5,3259.5,3180,3286,3339,3339,3312.5,3153.5,3180,3233,3418.5,3445,3392,3339
Poland,Energy,Emissions (CO2eq) (AR5),kilotonnes,348714.5,352953,346472.5,352152,351618.5,350951.5,365819,357499.5,357659.5,338900,359126,359179,345139,349112.5,331393.5,331700,343633,350418.5,354885,334312,317259
Poland,IPPU,Emissions (CH4),kilotonnes,0.87,0.727,0.755,0.749,0.925,0.666,0.785,0.859,0.758,0.505,0.573,0.677,0.605,0.615,0.671,0.743,0.677,0.766,0.698,0.698,0.585
Poland,IPPU,Emissions (N2O),kilotonnes,14.6,15,12.6,14.8,15.1,16,15.9,16.3,16.2,15.4,16,15.8,16.7,16.4,17.1,17.2,16.9,17.1,17.1,15.6,13
Poland,IPPU,Emissions (CO2),kilotonnes,12000,10500,9780,10800,11900,12700,13900,15100,14600,12300,13200,15100,14200,13800,14800,15100,14900,15800,16300,16000,16300
Poland,IPPU,Emissions (CO2eq) from F-gases (AR5),kilotonnes,16617.0034,15936.7752,15936.7752,15062.196,14576.3187,15645.2488,16131.1261,16714.1788,17297.2316,16422.6525,16033.9506,17685.9334,18852.0389,20892.7235,23030.5836,31970.7258,32456.6031,34011.4104,43437.4299,37023.8496,36537.9723
Poland,IPPU,Emissions (CO2eq) from CH4 (AR5),kilotonnes,24.36,20.356,21.14,20.972,25.9,18.648,21.98,24.052,21.224,14.14,16.044,18.956,16.94,17.22,18.788,20.804,18.956,21.448,19.544,19.544,16.38
Poland,IPPU,Emissions (CO2eq) from N2O (AR5),kilotonnes,3869,3975,3339,3922,4001.5,4240,4213.5,4319.5,4293,4081,4240,4187,4425.5,4346,4531.5,4558,4478.5,4531.5,4531.5,4134,3445
Poland,IPPU,Emissions (CO2eq) (AR5),kilotonnes,32510.3634,30432.1312,29076.9152,29805.168,30503.7187,32603.8968,34266.6061,36157.7308,36211.4556,32817.7925,33489.9946,36991.8894,37494.4789,39055.9435,42380.8716,51649.5298,51854.0591,54364.3584,64288.4739,57177.3936,56299.3523
Poland,Waste,Emissions (CH4),kilotonnes,595,549,532,472,469,464,473,475,448,419,404,392,402,362,304,278,260,281,283,275,264
Poland,Waste,Emissions (N2O),kilotonnes,2.49,2.49,2.48,2.5,2.49,2.49,2.47,2.47,2.45,2.52,2.55,2.54,2.66,2.72,2.69,2.78,2.81,2.64,2.69,2.65,2.75
Poland,Waste,Emissions (CO2),kilotonnes,193,245,306,405,263,297,296,331,332,320,306,312,386,405,384,345,437,424,446,313,403
Poland,Waste,Emissions (CO2eq) from CH4 (AR5),kilotonnes,16660,15372,14896,13216,13132,12992,13244,13300,12544,11732,11312,10976,11256,10136,8512,7784,7280,7868,7924,7700,7392
Poland,Waste,Emissions (CO2eq) from N2O (AR5),kilotonnes,659.85,659.85,657.2,662.5,659.85,659.85,654.55,654.55,649.25,667.8,675.75,673.1,704.9,720.8,712.85,736.7,744.65,699.6,712.85,702.25,728.75
Poland,Waste,Emissions (CO2eq) (AR5),kilotonnes,17512.85,16276.85,15859.2,14283.5,14054.85,13948.85,14194.55,14285.55,13525.25,12719.8,12293.75,11961.1,12346.9,11261.8,9608.85,8865.7,8461.65,8991.6,9082.85,8715.25,8523.75
Poland,Other,Emissions (N2O),kilotonnes,4,3.95,3.84,4.02,4.16,4.03,4.06,4.01,3.88,3.68,3.87,3.81,3.65,3.49,3.36,3.39,3.55,3.74,3.7,3.41,3.37
Poland,Other,Emissions (CO2eq) from N2O (AR5),kilotonnes,1060,1046.75,1017.6,1065.3,1102.4,1067.95,1075.9,1062.65,1028.2,975.2,1025.55,1009.65,967.25,924.85,890.4,898.35,940.75,991.1,980.5,903.65,893.05
Poland,Other,Emissions (CO2eq) (AR5),kilotonnes,1060,1046.75,1017.6,1065.3,1102.4,1067.95,1075.9,1062.65,1028.2,975.2,1025.55,1009.65,967.25,924.85,890.4,898.35,940.75,991.1,980.5,903.65,893.05
Poland,Farm-gate emissions,Emissions (CH4),kilotonnes,664.28,641.305,626.7699,623.3424,602.8372,615.9323,629.8228,629.7093,623.3102,607.3362,614.6479,600.2022,592.7298,590.5115,590.9093,591.9083,582.6976,599.5385,605.8372,608.6496,609.0808
Poland,Farm-gate emissions,Direct emissions (N2O),kilotonnes,26.9769,26.4816,26.6964,26.6577,26.9285,28.2347,28.7499,30.7448,29.7658,28.6091,29.7459,29.3816,30.5646,29.199,28.3407,28.6071,30.5988,31.6322,28.1581,29.2067,28.052
Poland,Farm-gate emissions,Indirect emissions (N2O),kilotonnes,8.76,8.5617,8.7654,8.7664,8.7451,9.2331,9.4769,10.066,9.6936,9.2875,9.7313,9.5721,9.8941,9.4494,9.1427,9.2909,9.9125,10.2374,9.1863,9.5049,9.0665
Poland,Farm-gate emissions,Emissions (N2O),kilotonnes,65.6407,64.5435,65.471,65.1581,65.0186,67.0649,67.1972,69.5507,67.8662,66.0426,67.9065,67.0774,68.3121,66.4186,65.2852,65.7497,68.3578,70.298,65.97,67.4978,65.9888
Poland,Farm-gate emissions,Emissions (CO2),kilotonnes,45295.4169,45663.3484,43976.7522,43676.0361,43695.1111,44426.5682,42871.5201,41868.4581,42362.4883,42118.5128,42863.9724,42168.603,42471.1129,42030.7193,41313.1345,40792.7731,41518.5337,42467.8618,42696.1211,42931.7494,42935.3213
Poland,Farm-gate emissions,Emissions (CO2eq) from CH4 (AR5),kilotonnes,18599.8386,17956.5404,17549.557,17453.5876,16879.4409,17246.1048,17635.0391,17631.8595,17452.6849,17005.4132,17210.1401,16805.6612,16596.4345,16534.323,16545.4614,16573.4335,16315.5315,16787.0768,16963.4422,17042.1886,17054.262
Poland,Farm-gate emissions,Emissions (CO2eq) from N2O (AR5),kilotonnes,17394.7898,17104.027,17349.8108,17266.8918,17229.937,17772.1963,17807.2571,18430.9314,17984.5517,17501.3003,17995.2182,17775.5195,18102.7112,17600.9257,17300.588,17423.6733,18114.8046,18628.9746,17482.046,17886.9146,17487.0367
Poland,Farm-gate emissions,Emissions (CO2eq) (AR5),kilotonnes,81290.0453,80723.9158,78876.12,78396.5155,77804.4889,79444.8692,78313.8163,77931.249,77799.7249,76625.2264,78069.3308,76749.7838,77170.2586,76165.968,75159.1839,74789.8798,75948.8698,77883.9132,77141.6092,77860.8526,77476.62
Poland,Land Use change,Emissions (CH4),kilotonnes,0,0,0,0,0,0,0,0,0,0,0,0,0,0,0,0,0,0,0,0,0
Poland,Land Use change,Emissions (N2O),kilotonnes,0,0,0,0,0,0,0,0,0,0,0,0,0,0,0,0,0,0,0,0,0
Poland,Land Use change,Emissions (CO2),kilotonnes,0,0,0,0,0,0,0,0,0,0,0,0,0,0,0,0,0,0,0,0,0
Poland,Land Use change,Emissions (CO2eq) from CH4 (AR5),kilotonnes,0,0,0,0,0,0,0,0,0,0,0,0,0,0,0,0,0,0,0,0,0
Poland,Land Use change,Emissions (CO2eq) from N2O (AR5),kilotonnes,0,0,0,0,0,0,0,0,0,0,0,0,0,0,0,0,0,0,0,0,0
Poland,Land Use change,Emissions (CO2eq) (AR5),kilotonnes,0,0,0,0,0,0,0,0,0,0,0,0,0,0,0,0,0,0,0,0,0
Poland,Emissions on agricultural land,Emissions (CH4),kilotonnes,664.28,641.305,626.7699,623.3424,602.8372,615.9323,629.8228,629.7093,623.3102,607.3362,614.6479,600.2022,592.7298,590.5115,590.9093,591.9083,582.6976,599.5385,605.8372,608.6496,609.0808
Poland,Emissions on agricultural land,Emissions (N2O),kilotonnes,65.6407,64.5435,65.471,65.1581,65.0186,67.0649,67.1972,69.5507,67.8662,66.0426,67.9065,67.0774,68.3121,66.4186,65.2852,65.7497,68.3578,70.298,65.97,67.4978,65.9888
Poland,Emissions on agricultural land,Emissions (CO2),kilotonnes,45295.4169,45663.3484,43976.7522,43676.0361,43695.1111,44426.5682,42871.5201,41868.4581,42362.4883,42118.5128,42863.9724,42168.603,42471.1129,42030.7193,41313.1345,40792.7731,41518.5337,42467.8618,42696.1211,42931.7494,42935.3213
Poland,Emissions on agricultural land,Emissions (CO2eq) from CH4 (AR5),kilotonnes,18599.8386,17956.5404,17549.557,17453.5876,16879.4409,17246.1048,17635.0391,17631.8595,17452.6849,17005.4132,17210.1401,16805.6612,16596.4345,16534.323,16545.4614,16573.4335,16315.5315,16787.0768,16963.4422,17042.1886,17054.262
Poland,Emissions on agricultural land,Emissions (CO2eq) from N2O (AR5),kilotonnes,17394.7898,17104.027,17349.8108,17266.8918,17229.937,17772.1963,17807.2571,18430.9314,17984.5517,17501.3003,17995.2182,17775.5195,18102.7112,17600.9257,17300.588,17423.6733,18114.8046,18628.9746,17482.046,17886.9146,17487.0367
Poland,Emissions on agricultural land,Emissions (CO2eq) (AR5),kilotonnes,81290.0453,80723.9158,78876.12,78396.5155,77804.4889,79444.8692,78313.8163,77931.249,77799.7249,76625.2264,78069.3308,76749.7838,77170.2586,76165.968,75159.1839,74789.8798,75948.8698,77883.9132,77141.6092,77860.8526,77476.62
Poland,Pre- and post- production,Emissions (CH4),kilotonnes,331.5148,345.9532,338.7172,355.4848,364.7798,371.3694,346.6413,330.0985,333.9839,413.1322,419.6718,346.0866,357.5502,371.7107,373.0259,381.488,416.9067,399.905,383.3003,365.5587,347.9679
Poland,Pre- and post- production,Emissions (N2O),kilotonnes,11.1925,11.5302,11.3654,11.8804,12.3906,12.6498,13.293,13.2047,13.5445,14.4092,14.6834,14.8329,15.569,14.9012,15.6324,15.2649,15.3973,15.889,15.1926,15.0619,14.8974
Poland,Pre- and post- production,Emissions (CO2),kilotonnes,35700.0934,35651.378,39473.2655,37533.4928,35984.5736,37001.4263,38725.6734,39557.7828,40520.4608,39601.6425,41092.4355,40560.1456,40730.1566,40845.491,41827.1714,47170.685,49387.5217,51181.5238,51471.7481,50214.7615,47392.8569
Poland,Pre- and post- production,Emissions (CO2eq) from F-gases (AR5),kilotonnes,744.963,917.437,1129.393,1393.8185,1649.4125,1857.2125,2074.3635,2292.034,2322.165,2337.75,2346.5815,2351.7765,2355.9325,2359.0495,2359.0495,2359.0495,2556.979,2608.4095,2659.84,2711.2705,2675.6895
Poland,Pre- and post- production,Emissions (CO2eq) from CH4 (AR5),kilotonnes,9282.4152,9686.6909,9484.0805,9953.5734,10213.8335,10398.3419,9705.9566,9242.7576,9351.5493,11567.7027,11750.8113,9690.4241,10011.4057,10407.8993,10444.724,10681.6648,11673.3868,11197.3404,10732.4095,10235.6436,9743.1024
Poland,Pre- and post- production,Emissions (CO2eq) from N2O (AR5),kilotonnes,2966.0117,3055.4974,3011.8325,3148.2929,3283.5083,3352.2084,3522.6525,3499.2519,3589.2954,3818.447,3891.0918,3930.7269,4125.7931,3948.8188,4142.5972,4045.2001,4080.279,4210.5946,4026.0305,3991.4048,3947.8195
Poland,Pre- and post- production,Emissions (CO2eq) (AR5),kilotonnes,48693.4833,49311.0033,53098.5715,52029.1776,51131.3279,52609.1892,54028.646,54591.8264,55783.4706,57325.5423,59080.92,56533.0732,57223.288,57561.2586,58773.5421,64256.5995,67698.1664,69197.8683,68890.0281,67153.0805,63759.4684
Poland,Agri-food systems,Emissions (CH4),kilotonnes,995.7948,987.2583,965.4871,978.8272,967.6169,987.3017,976.4641,959.8078,957.2941,1020.4684,1034.3197,946.2888,950.28,962.2222,963.9352,973.3964,999.6042,999.4435,989.1376,974.2083,957.0487
Poland,Agri-food systems,Emissions (N2O),kilotonnes,76.8332,76.0737,76.8364,77.0384,77.4092,79.7147,80.4902,82.7554,81.4107,80.4519,82.5898,81.9104,83.8811,81.3198,80.9177,81.0146,83.755,86.1871,81.1626,82.5597,80.8863
Poland,Agri-food systems,Emissions (CO2),kilotonnes,80995.5103,81314.7263,83450.0178,81209.5289,79679.6847,81427.9946,81597.1935,81426.241,82882.9491,81720.1553,83956.4079,82728.7486,83201.2695,82876.2103,83140.306,87963.458,90906.0554,93649.3856,94167.8691,93146.5109,90328.1782
Poland,Agri-food systems,Emissions (CO2eq) from F-gases (AR5),kilotonnes,744.963,917.437,1129.393,1393.8185,1649.4125,1857.2125,2074.3635,2292.034,2322.165,2337.75,2346.5815,2351.7765,2355.9325,2359.0495,2359.0495,2359.0495,2556.979,2608.4095,2659.84,2711.2705,2675.6895
Poland,Agri-food systems,Emissions (CO2eq) from CH4 (AR5),kilotonnes,27882.2538,27643.2312,27033.6375,27407.161,27093.2743,27644.4467,27340.9956,26874.6171,26804.2342,28573.116,28960.9514,26496.0854,26607.8402,26942.2223,26990.1854,27255.0983,27988.9183,27984.4172,27695.8517,27277.8322,26797.3644
Poland,Agri-food systems,Emissions (CO2eq) from N2O (AR5),kilotonnes,20360.8015,20159.5245,20361.6433,20415.1847,20513.4453,21124.4047,21329.9097,21930.1833,21573.8471,21319.7473,21886.31,21706.2464,22228.5043,21549.7445,21443.1852,21468.8735,22195.0836,22839.5692,21508.0765,21878.3195,21434.8563
Poland,Agri-food systems,Emissions (CO2eq) (AR5),kilotonnes,129983.5286,130034.919,131974.6915,130425.6931,128935.8168,132054.0584,132342.4623,132523.0753,133583.1955,133950.7686,137150.2508,133282.857,134393.5466,133727.2266,133932.726,139046.4793,143647.0362,147081.7814,146031.6373,145013.9331,141236.0884
Poland,IPCC Agriculture,Emissions (CH4),kilotonnes,640.4076,614.4027,604.5845,602.6721,582.1644,593.6875,604.6523,606.1251,598.1758,582.2156,587.0673,575.0916,566.8409,565.4126,567.3695,569.9191,559.14,576.2295,582.8217,585.7389,586.1701
Poland,IPCC Agriculture,Emissions (CH4),kilotonnes,557.9472,540.9064,530.9456,532.9796,519.9767,534.2641,546.6134,551.828,545.5895,534.5909,532.8432,530.7148,528.6865,530.5576,534.1777,538.8261,529.3004,546.0082,553.8081,556.3784,566.6588
Poland,IPCC Agriculture,Direct emissions (N2O),kilotonnes,26.9769,26.4816,26.6964,26.6577,26.9285,28.2347,28.7499,30.7448,29.7658,28.6091,29.7459,29.3816,30.5646,29.199,28.3407,28.6071,30.5988,31.6322,28.1581,29.2067,28.052
Poland,IPCC Agriculture,Indirect emissions (N2O),kilotonnes,8.76,8.5617,8.7654,8.7664,8.7451,9.2331,9.4769,10.066,9.6936,9.2875,9.7313,9.5721,9.8941,9.4494,9.1427,9.2909,9.9125,10.2374,9.1863,9.5049,9.0665
Poland,IPCC Agriculture,Emissions (N2O),kilotonnes,62.3084,61.4083,62.3709,62.036,61.8389,63.8151,64.7346,67.2808,65.5885,63.8266,65.6822,64.8469,66.0617,64.2156,63.1638,63.6434,66.1255,67.6615,63.1998,64.5979,63.0889
Poland,IPCC Agriculture,Emissions (N2O),kilotonnes,59.3747,59.6376,57.3567,55.4477,56.9183,57.0138,58.8354,61.3486,62.2878,61.1291,58.939,60.151,59.9335,61.6068,60.8973,58.4569,59.6877,63.1006,63.2385,59.6035,62.7158
Poland,IPCC Agriculture,Emissions (CO2),kilotonnes,1849.049,1665.9416,1598.6604,1573.7846,1608.7472,1591.3489,1252.1355,1135.2136,1156.7398,1089.1008,1121.1867,1189.4715,1141.024,1283.2616,1269.3153,1108.9752,1412.9162,1305.1555,1344.625,1122.6683,1458.7529
Poland,IPCC Agriculture,Emissions (CO2eq) from CH4 (AR5),kilotonnes,17931.4127,17203.2763,16928.367,16874.8178,16300.6031,16623.2498,16930.2632,16971.5023,16748.9227,16302.0362,16437.8848,16102.566,15871.545,15831.5526,15886.3473,15957.7352,15655.9194,16134.4268,16319.0072,16400.6895,16412.7629
Poland,IPCC Agriculture,Emissions (CO2eq) from CH4 (AR5),kilotonnes,15622.521,15145.3794,14866.4757,14923.4292,14559.3488,14959.3947,15305.1746,15451.1841,15276.5063,14968.544,14919.6097,14860.013,14803.2228,14855.6125,14956.977,15087.1309,14820.4123,15288.2286,15506.6266,15578.5941,15866.447
Poland,IPCC Agriculture,Emissions (CO2eq) from N2O (AR5),kilotonnes,16511.7288,16273.1911,16528.2996,16439.5513,16387.3074,16911.0075,17154.6688,17829.4181,17380.9587,16914.0449,17405.794,17184.4282,17506.3383,17017.1218,16738.4001,16865.5083,17523.2682,17930.2872,16747.9597,17118.4487,16718.5708
Poland,IPCC Agriculture,Emissions (CO2eq) from N2O (AR5),kilotonnes,15734.2938,15803.9577,15199.519,14693.6475,15083.3566,15108.6598,15591.3867,16257.3899,16506.2575,16199.2163,15618.8418,15940.024,15882.384,16325.8079,16137.7727,15491.0715,15817.2318,16721.6721,16758.1964,15794.9404,16619.6792
Poland,IPCC Agriculture,Emissions (CO2eq) (AR5),kilotonnes,34443.1415,33476.4674,33456.6666,33314.3691,32687.9105,33534.2573,34084.9319,34800.9205,34129.8814,33216.0811,33843.6789,33286.9942,33377.8833,32848.6744,32624.7474,32823.2436,33179.1876,34064.714,33066.9669,33519.1381,33131.3336
Poland,IPCC Agriculture,Emissions (CO2eq) (AR5),kilotonnes,33205.8639,32615.2787,31664.6551,31190.8613,31251.4526,31659.4034,32148.6969,32843.7876,32939.5036,32256.8611,31659.6382,31989.5086,31826.6307,32464.6819,32364.065,31687.1776,32050.5603,33315.0562,33609.448,32496.2028,33944.8792
Poland,Agricultural Soils,Direct emissions (N2O),kilotonnes,26.9769,26.4816,26.6964,26.6577,26.9285,28.2347,28.7499,30.7448,29.7658,28.6091,29.7459,29.3816,30.5646,29.199,28.3407,28.6071,30.5988,31.6322,28.1581,29.2067,28.052
Poland,Agricultural Soils,Direct emissions (N2O),kilotonnes,40.4242,40.782,39.1285,37.9327,39.4837,39.1997,40.3431,42.218,43.1688,42.5009,40.7697,41.7852,41.8736,43.1236,42.5334,40.4952,41.4748,43.76,43.533,40.7818,42.8386
Poland,Agricultural Soils,Indirect emissions (N2O),kilotonnes,8.76,8.5617,8.7654,8.7664,8.7451,9.2331,9.4769,10.066,9.6936,9.2875,9.7313,9.5721,9.8941,9.4494,9.1427,9.2909,9.9125,10.2374,9.1863,9.5049,9.0665
Poland,Agricultural Soils,Indirect emissions (N2O),kilotonnes,9.1919,9.3067,8.8522,8.4963,8.8893,8.8826,9.3222,9.8518,10.156,9.892,9.3886,9.7044,9.6908,10.1001,9.8555,9.2685,9.5432,10.27,10.3015,9.3935,9.9774
Poland,Agricultural Soils,Emissions (N2O),kilotonnes,56.2198,55.4935,55.8554,55.7456,55.9012,57.6907,58.4492,61.0314,59.6707,58.0838,59.6636,59.1429,60.646,58.8329,57.6418,58.0561,60.5991,61.9386,57.4184,58.7398,57.1491
Poland,Agricultural Soils,Emissions (N2O),kilotonnes,49.6161,50.0887,47.9807,46.429,48.373,48.0823,49.6653,52.0698,53.3247,52.3929,50.1583,51.4896,51.5645,53.2237,52.3889,49.7637,51.0181,54.03,53.8345,50.1754,52.816
Poland,Agricultural Soils,Emissions (CO2eq) from N2O (AR5),kilotonnes,14898.2475,14705.7834,14801.6825,14772.582,14813.8252,15288.0295,15489.0268,16173.3331,15812.7279,15392.2159,15810.8661,15672.868,16071.1811,15590.7124,15275.0876,15384.8578,16058.7741,16413.7375,15215.8757,15566.0476,15144.5212
Poland,Agricultural Soils,Emissions (CO2eq) from N2O (AR5),kilotonnes,13148.2569,13273.5088,12714.8889,12303.692,12818.8343,12741.7995,13161.3012,13798.4952,14131.0546,13884.1252,13291.9536,13644.7563,13664.581,14104.2858,13883.0464,13187.3863,13519.7838,14317.9532,14266.1377,13296.4709,13996.2432
Poland,Agricultural Soils,Emissions (CO2eq) (AR5),kilotonnes,14898.2475,14705.7834,14801.6825,14772.582,14813.8252,15288.0295,15489.0268,16173.3331,15812.7279,15392.2159,15810.8661,15672.868,16071.1811,15590.7124,15275.0876,15384.8578,16058.7741,16413.7375,15215.8757,15566.0476,15144.5212
Poland,Agricultural Soils,Emissions (CO2eq) (AR5),kilotonnes,13148.2569,13273.5088,12714.8889,12303.692,12818.8343,12741.7995,13161.3012,13798.4952,14131.0546,13884.1252,13291.9536,13644.7563,13664.581,14104.2858,13883.0464,13187.3863,13519.7838,14317.9532,14266.1377,13296.4709,13996.2432
Poland,LULUCF,Emissions (CH4),kilotonnes,0.0134,0.0225,0.04,0.2498,0.005,0.03,0.0025,0,0.005,0.0075,0.015,0,0.0375,0.0225,0,0.01,0,0.055,0.0075,0,0.0775
Poland,LULUCF,Emissions (CH4),kilotonnes,1.5403,0.7925,1.2223,4.6525,0.9271,1.3337,1.5009,0.7706,0.7913,0.9505,0.5076,0.6554,1.6389,0.3882,0.7149,1.3491,0.4965,0.2825,0.7216,0.9957,
Poland,LULUCF,Emissions (N2O),kilotonnes,0.0007,0.0021,0.0036,0.0228,0.0005,0.0027,0.0002,0,0.0005,0.0007,0.0014,0,0.0034,0.0021,0,0.0009,0,0.005,0.0007,0,0.0071
Poland,LULUCF,Emissions (N2O),kilotonnes,4.5259,4.1338,4.0726,4.2622,3.8066,3.6418,3.4682,3.3849,3.3772,3.3372,3.4422,3.4092,3.5028,3.4392,3.8226,6.6695,6.588,6.6587,6.6351,6.6062,
Poland,LULUCF,Emissions (CO2),kilotonnes,2277.8511,-55691.9177,-55772.2379,-55874.3635,-56007.3318,-56014.0896,-56014.8241,-56017.3444,-56030.6453,-56064.6941,-56065.7816,-11526.1602,-11528.959,-11532.8241,-11569.8678,-11570.3154,-17382.0125,-17408.9843,-17402.1919,-17467.239,-17463.6671
Poland,LULUCF,Emissions (CO2),kilotonnes,-37794.8139,-29896.9791,-38846.8742,-40966.8573,-52093.5196,-51214.7347,-44987.9196,-38504.7114,-37852.5774,-36604.7556,-34910.6386,-41759.7145,-41109.9698,-43325.6253,-34982.5127,-31238.592,-32733.5467,-37197.8526,-38055.1931,-17036.3702,
Poland,LULUCF,Emissions (CO2eq) from CH4 (AR5),kilotonnes,0.3751,0.6297,1.1193,6.9941,0.1399,0.8392,0.0699,0,0.1398,0.2098,0.4195,0,1.049,0.6291,0,0.2798,0,1.5386,0.2099,0,2.169
Poland,LULUCF,Emissions (CO2eq) from N2O (AR5),kilotonnes,0.1964,0.5441,0.9672,6.0438,0.1209,0.7252,0.0604,0,0.1208,0.1813,0.3625,0,0.9064,0.5436,0,0.2418,0,1.3296,0.1814,0,1.8743
Poland,LULUCF,Emissions (CO2eq) (AR5),kilotonnes,2278.4226,-55690.744,-55770.1513,-55861.3256,-56007.071,-56012.5252,-56014.6937,-56017.3444,-56030.3847,-56064.303,-56064.9997,-11526.1602,-11527.0036,-11531.6513,-11569.8678,-11569.7938,-17382.0125,-17406.1161,-17401.8006,-17467.239,-17459.6239
Poland,LULUCF,Emissions (CO2eq) (AR5),kilotonnes,-37794.8139,-29896.9791,-38846.8742,-40966.8573,-52093.5196,-51214.7347,-44987.9196,-38504.7114,-37852.5774,-36604.7556,-34910.6386,-41759.7145,-41109.9698,-43325.6253,-34982.5127,-31238.592,-32733.5467,-37197.8526,-38055.1931,-17036.3702,
Poland,AFOLU,Emissions (CH4),kilotonnes,640.421,614.4252,604.6245,602.9219,582.1694,593.7175,604.6548,606.1251,598.1808,582.2231,587.0823,575.0916,566.8784,565.4351,567.3695,569.9291,559.14,576.2845,582.8292,585.7389,586.2476
Poland,AFOLU,Emissions (N2O),kilotonnes,62.3092,61.4103,62.3746,62.0588,61.8394,63.8179,64.7348,67.2808,65.589,63.8273,65.6836,64.8469,66.0651,64.2176,63.1638,63.6443,66.1255,67.6665,63.2005,64.5979,63.096
Poland,AFOLU,Emissions (CO2),kilotonnes,2277.8511,-55691.9177,-55772.2379,-55874.3635,-56007.3318,-56014.0896,-56014.8241,-56017.3444,-56030.6453,-56064.6941,-56065.7816,-11526.1602,-11528.959,-11532.8241,-11569.8678,-11570.3154,-17382.0125,-17408.9843,-17402.1919,-17467.239,-17463.6671
Poland,AFOLU,Emissions (CO2eq) from CH4 (AR5),kilotonnes,17931.7878,17203.9059,16929.4863,16881.8119,16300.743,16624.0891,16930.3331,16971.5023,16749.0625,16302.2461,16438.3043,16102.566,15872.5939,15832.1817,15886.3473,15958.015,15655.9194,16135.9654,16319.2172,16400.6895,16414.9318
Poland,AFOLU,Emissions (CO2eq) from N2O (AR5),kilotonnes,16511.9252,16273.7352,16529.2668,16445.5951,16387.4284,16911.7327,17154.7292,17829.4181,17381.0795,16914.2262,17406.1565,17184.4282,17507.2447,17017.6655,16738.4001,16865.7501,17523.2682,17931.6168,16748.1411,17118.4487,16720.4451
Poland,AFOLU,Emissions (CO2eq) (AR5),kilotonnes,36721.5641,-22214.2766,-22313.4847,-22546.9565,-23319.1604,-22478.2679,-21929.7618,-21216.4239,-21900.5033,-22848.2219,-22221.3208,21760.834,21850.8797,21317.0231,21054.8795,21253.4498,15797.1751,16658.5979,15665.1664,16051.8991,15671.7098
Poland,All sectors with LULUCF,Emissions (CH4),kilotonnes,2976.291,2904.1522,2857.3795,2745.6709,2702.0944,2718.3835,2738.4398,2661.9841,2596.9388,2491.7281,2521.6553,2497.7686,2569.4834,2528.0501,2452.0405,2438.6721,2369.817,2358.0505,2346.5272,2251.4369,2240.8326
Poland,All sectors with LULUCF,Emissions (N2O),kilotonnes,94.6992,95.0503,93.7946,96.1788,96.4894,99.4379,99.7648,102.3608,100.419,97.4273,100.5036,99.5969,101.6751,99.3276,98.2138,99.0143,101.5855,104.0465,99.6905,99.0579,94.816
Poland,All sectors with LULUCF,Emissions (CO2),kilotonnes,311470.8511,256053.0823,249313.7621,257330.6365,258155.6682,257982.9104,274181.1759,269413.6556,269901.3547,250555.3059,270440.2184,316885.8398,300057.041,303672.1759,287614.1322,287874.6846,294954.9875,303815.0157,309343.8081,290845.761,274239.3329
Poland,All sectors with LULUCF,Emissions (CO2eq) from F-gases (AR5),kilotonnes,16617.0034,15936.7752,15936.7752,15062.196,14576.3187,15645.2488,16131.1261,16714.1788,17297.2316,16422.6525,16033.9506,17685.9334,18852.0389,20892.7235,23030.5836,31970.7258,32456.6031,34011.4104,43437.4299,37023.8496,36537.9723
Poland,All sectors with LULUCF,Emissions (CO2eq) from CH4 (AR5),kilotonnes,83336.1478,81316.2619,80006.6263,76878.7839,75658.643,76114.7371,76676.3131,74535.5543,72714.2865,69768.3861,70606.3483,69937.522,71945.5339,70785.4017,68657.1353,68282.819,66354.8754,66025.4134,65702.7612,63040.2335,62743.3118
Poland,All sectors with LULUCF,Emissions (CO2eq) from N2O (AR5),kilotonnes,25095.2752,25188.3352,24855.5668,25487.3951,25569.6784,26351.0327,26437.6792,27125.6181,26611.0295,25818.2262,26633.4565,26393.1782,26943.8947,26321.8155,26026.6501,26238.8001,26920.1682,27572.3168,26417.9911,26250.3487,25126.2451
Poland,All sectors with LULUCF,Emissions (CO2eq) (AR5),kilotonnes,436519.2774,378494.4546,370112.7305,374759.0115,373960.3083,376093.9289,393426.2943,387789.0069,386523.9023,362564.5706,383713.9738,430902.4734,417798.5086,421672.1166,405328.5011,414367.0295,420686.6341,431424.1563,444901.9902,417160.1927,398646.8621
Poland,All sectors without LULUCF,Emissions (CH4),kilotonnes,2976.2776,2904.1297,2857.3395,2745.4211,2702.0894,2718.3535,2738.4373,2661.9841,2596.9338,2491.7206,2521.6403,2497.7686,2569.4459,2528.0276,2452.0405,2438.6621,2369.817,2357.9955,2346.5197,2251.4369,2240.7551
Poland,All sectors without LULUCF,Emissions (N2O),kilotonnes,94.6984,95.0483,93.7909,96.156,96.4889,99.4351,99.7646,102.3608,100.4185,97.4266,100.5022,99.5969,101.6717,99.3256,98.2138,99.0134,101.5855,104.0415,99.6898,99.0579,94.8089
Poland,All sectors without LULUCF,Emissions (CO2),kilotonnes,309193,311745,305086,313205,314163,313997,330196,325431,325932,306620,326506,328412,311586,315205,299184,299445,312337,321224,326746,308313,291703
Poland,All sectors without LULUCF,Emissions (CO2eq) from F-gases (AR5),kilotonnes,16617.0034,15936.7752,15936.7752,15062.196,14576.3187,15645.2488,16131.1261,16714.1788,17297.2316,16422.6525,16033.9506,17685.9334,18852.0389,20892.7235,23030.5836,31970.7258,32456.6031,34011.4104,43437.4299,37023.8496,36537.9723
Poland,All sectors without LULUCF,Emissions (CO2eq) from CH4 (AR5),kilotonnes,83335.7727,81315.6323,80005.507,76871.7898,75658.5031,76113.8978,76676.2432,74535.5543,72714.1467,69768.1762,70605.9288,69937.522,71944.485,70784.7726,68657.1353,68282.5392,66354.8754,66023.8748,65702.5512,63040.2335,62741.1429
Poland,All sectors without LULUCF,Emissions (CO2eq) from N2O (AR5),kilotonnes,25095.0788,25187.7911,24854.5996,25481.3513,25569.5574,26350.3075,26437.6188,27125.6181,26610.9087,25818.0449,26633.094,26393.1782,26942.9883,26321.2718,26026.6501,26238.5583,26920.1682,27570.9872,26417.8097,26250.3487,25124.3708
Poland,All sectors without LULUCF,Emissions (CO2eq) (AR5),kilotonnes,434240.8549,434185.1985,425882.8818,430620.3371,429967.3793,432106.4541,449440.988,443806.3513,442554.2869,418628.8735,439778.9735,442428.6336,429325.5122,433203.7679,416898.369,425936.8233,438068.6467,448830.2724,462303.7908,434627.4317,416106.486
Portugal,Crop Residues,Direct emissions (N2O),kilotonnes,0.2938,0.234,0.277,0.2171,0.2491,0.1565,0.216,0.1875,0.223,0.19,0.1698,0.1828,0.1863,0.2102,0.2073,0.1926,0.1797,0.1779,0.1738,0.1791,0.1647
Portugal,Crop Residues,Direct emissions (N2O),kilotonnes,0.6904,0.6811,0.6617,0.6668,0.6414,0.6314,0.6074,0.6106,0.6032,0.5888,0.5723,0.6513,0.6695,0.7503,0.7533,0.6867,0.5786,0.6089,0.6207,0.6072,0.6118
Portugal,Crop Residues,Indirect emissions (N2O),kilotonnes,0.0661,0.0527,0.0623,0.0489,0.056,0.0352,0.0486,0.0422,0.0502,0.0427,0.0382,0.0411,0.0419,0.0473,0.0466,0.0433,0.0404,0.04,0.0391,0.0403,0.0371
Portugal,Crop Residues,Emissions (N2O),kilotonnes,0.3599,0.2867,0.3394,0.266,0.3051,0.1917,0.2646,0.2297,0.2732,0.2327,0.208,0.224,0.2282,0.2575,0.2539,0.2359,0.2202,0.2179,0.2129,0.2194,0.2018
Portugal,Crop Residues,Emissions (N2O),kilotonnes,0.6904,0.6811,0.6617,0.6668,0.6414,0.6314,0.6074,0.6106,0.6032,0.5888,0.5723,0.6513,0.6695,0.7503,0.7533,0.6867,0.5786,0.6089,0.6207,0.6072,0.6118
Portugal,Crop Residues,Emissions (CO2eq) from N2O (AR5),kilotonnes,95.3745,75.9688,89.9316,70.4922,80.8601,50.8016,70.1176,60.8824,72.386,61.6634,55.1127,59.3503,60.4624,68.2497,67.2895,62.5082,58.3429,57.7497,56.4265,58.1313,53.4754
Portugal,Crop Residues,Emissions (CO2eq) from N2O (AR5),kilotonnes,182.9535,180.5004,175.3394,176.7113,169.9683,167.325,160.9605,161.7958,159.8554,156.0216,151.6592,172.6058,177.4191,198.8372,199.6304,181.9811,153.3385,161.3707,164.4874,160.9034,162.1341
Portugal,Crop Residues,Emissions (CO2eq) (AR5),kilotonnes,95.3745,75.9688,89.9316,70.4922,80.8601,50.8016,70.1176,60.8824,72.386,61.6634,55.1127,59.3503,60.4624,68.2497,67.2895,62.5082,58.3429,57.7497,56.4265,58.1313,53.4754
Portugal,Crop Residues,Emissions (CO2eq) (AR5),kilotonnes,182.9535,180.5004,175.3394,176.7113,169.9683,167.325,160.9605,161.7958,159.8554,156.0216,151.6592,172.6058,177.4191,198.8372,199.6304,181.9811,153.3385,161.3707,164.4874,160.9034,162.1341
Portugal,Rice Cultivation,Emissions (CH4),kilotonnes,12.0249,12.5677,12.7089,12.9311,13.4165,11.532,12.7976,13.5591,13.2723,14.3489,14.6765,15.8437,15.7117,15.2092,14.492,14.6876,14.6911,14.5878,14.7924,14.5303,13.0738
Portugal,Rice Cultivation,Emissions (CH4),kilotonnes,4.6996,4.7001,4.79,5.1842,5.8048,6.0776,5.9683,5.7934,5.9164,5.3651,5.5343,5.9867,5.9715,5.7718,5.4573,5.6797,5.529,5.6037,5.472,5.4105,4.559
Portugal,Rice Cultivation,Emissions (CO2eq) from CH4 (AR5),kilotonnes,336.6982,351.8968,355.8482,362.0716,375.6614,322.8967,358.3319,379.6551,371.6254,401.7686,410.9414,443.6248,439.9275,425.8578,405.7764,411.2519,411.3507,408.4577,414.1872,406.849,366.0653
Portugal,Rice Cultivation,Emissions (CO2eq) from CH4 (AR5),kilotonnes,131.5885,131.603,134.1199,145.1573,162.5344,170.1731,167.1123,162.2161,165.659,150.2215,154.9591,167.6289,167.2019,161.6113,152.8047,159.032,154.8129,156.9038,153.215,151.4948,127.651
Portugal,Rice Cultivation,Emissions (CO2eq) (AR5),kilotonnes,336.6982,351.8968,355.8482,362.0716,375.6614,322.8967,358.3319,379.6551,371.6254,401.7686,410.9414,443.6248,439.9275,425.8578,405.7764,411.2519,411.3507,408.4577,414.1872,406.849,366.0653
Portugal,Rice Cultivation,Emissions (CO2eq) (AR5),kilotonnes,131.5885,131.603,134.1199,145.1573,162.5344,170.1731,167.1123,162.2161,165.659,150.2215,154.9591,167.6289,167.2019,161.6113,152.8047,159.032,154.8129,156.9038,153.215,151.4948,127.651
Portugal,Burning - Crop residues,Emissions (CH4),kilotonnes,0.6916,0.6532,0.665,0.6083,0.6129,0.4633,0.4279,0.3845,0.4339,0.377,0.3497,0.3626,0.3815,0.4031,0.3851,0.3507,0.3239,0.308,0.2978,0.2816,0.2681
Portugal,Burning - Crop residues,Emissions (CH4),kilotonnes,1.4655,1.4494,1.4344,1.3974,1.2899,1.2393,1.2229,1.2507,1.2337,1.2771,1.2805,1.3065,1.313,1.3192,1.301,1.3207,1.3124,1.3268,1.3157,1.332,1.31
Portugal,Burning - Crop residues,Emissions (N2O),kilotonnes,0.0179,0.0169,0.0172,0.0158,0.0159,0.012,0.0111,0.01,0.0112,0.0098,0.0091,0.0094,0.0099,0.0105,0.01,0.0091,0.0084,0.008,0.0077,0.0073,0.007
Portugal,Burning - Crop residues,Emissions (N2O),kilotonnes,0.073,0.0723,0.0715,0.07,0.0666,0.0646,0.0634,0.0634,0.0621,0.0623,0.0623,0.063,0.0633,0.0638,0.0633,0.0639,0.064,0.0646,0.0645,0.0654,0.065
Portugal,Burning - Crop residues,Emissions (CO2eq) from CH4 (AR5),kilotonnes,19.3656,18.2898,18.6203,17.0332,17.1608,12.9734,11.9805,10.7659,12.1498,10.5553,9.7915,10.1539,10.6822,11.2871,10.7826,9.8185,9.0694,8.625,8.3398,7.8842,7.5081
Portugal,Burning - Crop residues,Emissions (CO2eq) from CH4 (AR5),kilotonnes,41.0344,40.5827,40.1627,39.1259,36.1161,34.7007,34.2401,35.0187,34.5426,35.7577,35.8529,36.5819,36.7643,36.9364,36.4291,36.9794,36.7481,37.1492,36.8398,37.2952,36.6811
Portugal,Burning - Crop residues,Emissions (CO2eq) from N2O (AR5),kilotonnes,4.7517,4.4878,4.5689,4.1794,4.2108,3.1833,2.9396,2.6416,2.9812,2.59,2.4025,2.4915,2.6211,2.7695,2.6457,2.4092,2.2254,2.1163,2.0463,1.9346,1.8423
Portugal,Burning - Crop residues,Emissions (CO2eq) from N2O (AR5),kilotonnes,19.3556,19.1624,18.9469,18.5466,17.6456,17.118,16.8117,16.7979,16.457,16.5194,16.5121,16.6978,16.7778,16.9079,16.7788,16.9448,16.9695,17.108,17.0909,17.3265,17.2186
Portugal,Burning - Crop residues,Emissions (CO2eq) (AR5),kilotonnes,24.1174,22.7776,23.1891,21.2126,21.3716,16.1567,14.9201,13.4075,15.131,13.1453,12.194,12.6453,13.3033,14.0566,13.4284,12.2276,11.2948,10.7413,10.3861,9.8188,9.3503
Portugal,Burning - Crop residues,Emissions (CO2eq) (AR5),kilotonnes,60.39,59.7451,59.1096,57.6724,53.7617,51.8187,51.0518,51.8166,50.9996,52.2771,52.365,53.2797,53.5421,53.8444,53.208,53.9242,53.7175,54.2572,53.9307,54.6217,53.8996
Portugal,Enteric Fermentation,Emissions (CH4),kilotonnes,137.6401,128.6157,127.22,125.451,126.522,129.0647,127.3892,126.782,127.4264,125.3505,120.6656,123.4218,122.1273,120.0224,124.4269,128.4441,129.8325,133.0615,130.439,132.8815,133.3421
Portugal,Enteric Fermentation,Emissions (CH4),kilotonnes,149.2252,144.8939,141.6089,138.1705,138.961,141.3794,142.036,140.9775,139.9544,138.3334,136.1845,134.115,133.2106,131.2614,131.6962,133.2778,136.1695,139.341,141.391,142.0449,142.9642
Portugal,Enteric Fermentation,Emissions (CO2eq) from CH4 (AR5),kilotonnes,3853.9236,3601.2385,3562.1611,3512.6294,3542.616,3613.8127,3566.8984,3549.8968,3567.9381,3509.8143,3378.6371,3455.8096,3419.5641,3360.6272,3483.9534,3596.4351,3635.31,3725.721,3652.2916,3720.683,3733.5782
Portugal,Enteric Fermentation,Emissions (CO2eq) from CH4 (AR5),kilotonnes,4178.3057,4057.0283,3965.0478,3868.7737,3890.9079,3958.6221,3977.0087,3947.3694,3918.7238,3873.3349,3813.1655,3755.2211,3729.898,3675.32,3687.495,3731.7775,3812.7471,3901.5483,3958.9486,3977.2572,4002.9989
Portugal,Enteric Fermentation,Emissions (CO2eq) (AR5),kilotonnes,3853.9236,3601.2385,3562.1611,3512.6294,3542.616,3613.8127,3566.8984,3549.8968,3567.9381,3509.8143,3378.6371,3455.8096,3419.5641,3360.6272,3483.9534,3596.4351,3635.31,3725.721,3652.2916,3720.683,3733.5782
Portugal,Enteric Fermentation,Emissions (CO2eq) (AR5),kilotonnes,4178.3057,4057.0283,3965.0478,3868.7737,3890.9079,3958.6221,3977.0087,3947.3694,3918.7238,3873.3349,3813.1655,3755.2211,3729.898,3675.32,3687.495,3731.7775,3812.7471,3901.5483,3958.9486,3977.2572,4002.9989
Portugal,Manure Management,Emissions (CH4),kilotonnes,47.5477,43.4718,42.6805,41.5886,42.5982,42.7142,42.0117,42.7348,42.7871,42.4163,41.3716,42.4287,42.606,42.092,44.0594,46.0016,45.1828,46.0576,45.9394,46.766,46.9059
Portugal,Manure Management,Emissions (CH4),kilotonnes,32.0579,30.8745,29.5132,28.1808,27.8432,27.8462,27.7777,27.5483,27.6302,27.8145,27.5703,27.2696,27.096,26.8793,27.1734,27.7938,28.3386,28.792,28.9966,29.304,29.7091
Portugal,Manure Management,Emissions (N2O),kilotonnes,1.2151,1.1447,1.1305,1.0988,1.1233,1.1337,1.1233,1.1336,1.1416,1.1308,1.095,1.1157,1.1134,1.097,1.1418,1.1825,1.1819,1.2033,1.1884,1.2083,1.2121
Portugal,Manure Management,Emissions (N2O),kilotonnes,0.8511,0.823,0.7869,0.7394,0.7116,0.6895,0.6647,0.6401,0.6338,0.6361,0.6296,0.6207,0.6017,0.5832,0.5771,0.5855,0.6036,0.6319,0.6666,0.7113,0.7419
Portugal,Manure Management,Emissions (CO2eq) from CH4 (AR5),kilotonnes,1331.3364,1217.2105,1195.0552,1164.4812,1192.7484,1195.999,1176.3282,1196.5737,1198.0383,1187.6552,1158.4058,1188.0024,1192.9687,1178.5763,1233.6639,1288.0436,1265.1176,1289.6129,1286.3021,1309.4491,1313.3648
Portugal,Manure Management,Emissions (CO2eq) from CH4 (AR5),kilotonnes,897.6205,864.4867,826.3697,789.0629,779.6083,779.6925,777.7763,771.353,773.646,778.805,771.9671,763.5483,758.6872,752.6211,760.8541,778.2263,793.4819,806.1761,811.9042,820.5116,831.8554
Portugal,Manure Management,Emissions (CO2eq) from N2O (AR5),kilotonnes,321.9918,303.3346,299.5955,291.1948,297.678,300.4299,297.6685,300.4102,302.5331,299.653,290.1838,295.6666,295.0602,290.7151,302.568,313.3519,313.2135,318.8672,314.9322,320.1925,321.2093
Portugal,Manure Management,Emissions (CO2eq) from N2O (AR5),kilotonnes,225.5487,218.0887,208.5369,195.9422,188.5644,182.705,176.1506,169.6175,167.9645,168.5695,166.8534,164.4859,159.4567,154.5579,152.9326,155.1707,159.9416,167.4562,176.6608,188.5011,196.5958
Portugal,Manure Management,Emissions (CO2eq) (AR5),kilotonnes,1653.3283,1520.5451,1494.6507,1455.676,1490.4264,1496.4289,1473.9966,1496.9839,1500.5714,1487.3082,1448.5895,1483.6691,1488.0288,1469.2914,1536.2319,1601.3955,1578.3311,1608.48,1601.2343,1629.6416,1634.5742
Portugal,Manure Management,Emissions (CO2eq) (AR5),kilotonnes,1123.1692,1082.5753,1034.9066,985.0051,968.1728,962.3975,953.9269,940.9705,941.6105,947.3745,938.8205,928.0342,918.1439,907.179,913.7867,933.3969,953.4235,973.6324,988.5649,1009.0126,1028.4512
Portugal,Manure left on Pasture,Direct emissions (N2O),kilotonnes,1.7343,1.5348,1.5162,1.493,1.5152,1.5464,1.5272,1.4962,1.4808,1.4365,1.3786,1.3935,1.3696,1.3486,1.3767,1.4073,1.421,1.4693,1.4407,1.4602,1.456
Portugal,Manure left on Pasture,Indirect emissions (N2O),kilotonnes,0.5703,0.4871,0.4805,0.4722,0.4818,0.4897,0.4822,0.4677,0.4571,0.4382,0.4192,0.4196,0.4102,0.4043,0.4078,0.4143,0.4171,0.4338,0.4259,0.4296,0.4261
Portugal,Manure left on Pasture,Emissions (N2O),kilotonnes,2.3045,2.022,1.9967,1.9652,1.997,2.0361,2.0094,1.9639,1.9379,1.8747,1.7978,1.8131,1.7798,1.7529,1.7845,1.8216,1.8381,1.903,1.8666,1.8898,1.8822
Portugal,Manure left on Pasture,Emissions (CO2eq) from N2O (AR5),kilotonnes,610.6965,535.8276,529.1266,520.79,529.1987,539.5566,532.4927,520.4466,513.5536,496.8079,476.4131,480.4702,471.6465,464.5179,472.8872,482.7297,487.0952,504.3079,494.6497,500.7933,498.7708
Portugal,Manure left on Pasture,Emissions (CO2eq) (AR5),kilotonnes,610.6965,535.8276,529.1266,520.79,529.1987,539.5566,532.4927,520.4466,513.5536,496.8079,476.4131,480.4702,471.6465,464.5179,472.8872,482.7297,487.0952,504.3079,494.6497,500.7933,498.7708
Portugal,Manure applied to Soils,Direct emissions (N2O),kilotonnes,1.4351,1.3416,1.3253,1.2796,1.3178,1.3275,1.3221,1.3366,1.3429,1.3298,1.2899,1.3068,1.3068,1.29,1.3401,1.3848,1.3808,1.4074,1.3933,1.4143,1.4169
Portugal,Manure applied to Soils,Direct emissions (N2O),kilotonnes,0.8886,0.8545,0.8151,0.7677,0.7446,0.7282,0.7087,0.687,0.6802,0.6805,0.6719,0.6624,0.6476,0.634,0.6309,0.6408,0.6552,0.6755,0.6983,0.7299,0.7524
Portugal,Manure applied to Soils,Indirect emissions (N2O),kilotonnes,0.6099,0.5702,0.5633,0.5438,0.5601,0.5642,0.5619,0.5681,0.5707,0.5652,0.5482,0.5554,0.5554,0.5483,0.5695,0.5885,0.5868,0.5982,0.5922,0.6011,0.6022
Portugal,Manure applied to Soils,Emissions (N2O),kilotonnes,2.045,1.9118,1.8886,1.8235,1.8779,1.8916,1.8839,1.9047,1.9136,1.895,1.838,1.8622,1.8622,1.8383,1.9096,1.9733,1.9676,2.0056,1.9855,2.0154,2.019
Portugal,Manure applied to Soils,Emissions (N2O),kilotonnes,0.8886,0.8545,0.8151,0.7677,0.7446,0.7282,0.7087,0.687,0.6802,0.6805,0.6719,0.6624,0.6476,0.634,0.6309,0.6408,0.6552,0.6755,0.6983,0.7299,0.7524
Portugal,Manure applied to Soils,Emissions (CO2eq) from N2O (AR5),kilotonnes,541.9148,506.6374,500.4771,483.2213,497.6454,501.2865,499.2412,504.7341,507.1152,502.1673,487.0825,493.4722,493.4699,487.1465,506.0465,522.92,521.4145,531.4802,526.1551,534.0709,535.0464
Portugal,Manure applied to Soils,Emissions (CO2eq) from N2O (AR5),kilotonnes,235.4661,226.4307,216.0067,203.4495,197.317,192.9636,187.8018,182.0451,180.2613,180.3208,178.0483,175.5385,171.6158,168.0054,167.1817,169.8117,173.6329,179.0062,185.0366,193.4144,199.3984
Portugal,Manure applied to Soils,Emissions (CO2eq) (AR5),kilotonnes,541.9148,506.6374,500.4771,483.2213,497.6454,501.2865,499.2412,504.7341,507.1152,502.1673,487.0825,493.4722,493.4699,487.1465,506.0465,522.92,521.4145,531.4802,526.1551,534.0709,535.0464
Portugal,Manure applied to Soils,Emissions (CO2eq) (AR5),kilotonnes,235.4661,226.4307,216.0067,203.4495,197.317,192.9636,187.8018,182.0451,180.2613,180.3208,178.0483,175.5385,171.6158,168.0054,167.1817,169.8117,173.6329,179.0062,185.0366,193.4144,199.3984
Portugal,Synthetic Fertilizers,Direct emissions (N2O),kilotonnes,1.7757,1.6186,1.5871,1.4929,1.3829,1.32,1.3733,1.7758,1.6521,1.5289,1.5753,1.4942,1.6793,1.7387,2.0427,1.8528,1.7041,1.612,1.5929,1.6578,1.6552
Portugal,Synthetic Fertilizers,Direct emissions (N2O),kilotonnes,2.6376,2.4412,2.5409,2.1866,2.7761,1.579,1.3388,1.7398,1.6146,1.4897,1.5353,1.451,1.6364,1.6972,2.0291,1.8127,1.664,1.5722,1.5525,1.6182,1.6195
Portugal,Synthetic Fertilizers,Indirect emissions (N2O),kilotonnes,0.5771,0.526,0.5158,0.4852,0.4494,0.429,0.4463,0.5771,0.5369,0.4969,0.512,0.4856,0.5458,0.5651,0.6639,0.6022,0.5538,0.5239,0.5177,0.5388,0.5379
Portugal,Synthetic Fertilizers,Emissions (N2O),kilotonnes,2.3528,2.1446,2.103,1.978,1.8323,1.749,1.8196,2.3529,2.189,2.0258,2.0873,1.9799,2.2251,2.3037,2.7066,2.455,2.2579,2.1359,2.1106,2.1966,2.1931
Portugal,Synthetic Fertilizers,Emissions (N2O),kilotonnes,2.6376,2.4412,2.5409,2.1866,2.7761,1.579,1.3388,1.7398,1.6146,1.4897,1.5353,1.451,1.6364,1.6972,2.0291,1.8127,1.664,1.5722,1.5525,1.6182,1.6195
Portugal,Synthetic Fertilizers,Emissions (CO2eq) from N2O (AR5),kilotonnes,623.4977,568.3209,557.2855,524.1795,485.5557,463.485,482.1954,623.5253,580.0791,536.8315,553.1418,524.665,589.6412,610.4925,717.2503,650.5679,598.3397,566.0257,559.2967,582.1096,581.177
Portugal,Synthetic Fertilizers,Emissions (CO2eq) from N2O (AR5),kilotonnes,698.9642,646.9306,673.3257,579.4509,735.6597,418.4223,354.7883,461.0356,427.8731,394.7836,406.8559,384.5186,433.653,449.7534,537.7225,480.376,440.956,416.6428,411.4163,428.822,429.1726
Portugal,Synthetic Fertilizers,Emissions (CO2eq) (AR5),kilotonnes,623.4977,568.3209,557.2855,524.1795,485.5557,463.485,482.1954,623.5253,580.0791,536.8315,553.1418,524.665,589.6412,610.4925,717.2503,650.5679,598.3397,566.0257,559.2967,582.1096,581.177
Portugal,Synthetic Fertilizers,Emissions (CO2eq) (AR5),kilotonnes,698.9642,646.9306,673.3257,579.4509,735.6597,418.4223,354.7883,461.0356,427.8731,394.7836,406.8559,384.5186,433.653,449.7534,537.7225,480.376,440.956,416.6428,411.4163,428.822,429.1726
Portugal,Drained organic soils,Emissions (CO2eq) (AR5),kilotonnes,306.6518,305.8636,306.3459,306.4371,309.896,309.2372,309.1106,308.297,307.9502,307.2296,308.3542,307.2888,307.1395,305.9557,303.8423,303.1272,296.6669,295.4435,291.1596,289.6919,289.0423
Portugal,Drained organic soils (CO2),Emissions (CO2),kilotonnes,261.6896,261.0148,261.4362,261.556,264.6352,264.0871,264.0272,263.3372,263.0622,262.495,263.5327,262.6393,262.5261,261.5223,259.7491,259.1414,253.6462,252.5988,248.9571,247.8007,247.2523
Portugal,Drained organic soils (CO2),Emissions (CO2eq) (AR5),kilotonnes,261.6896,261.0148,261.4362,261.556,264.6352,264.0871,264.0272,263.3372,263.0622,262.495,263.5327,262.6393,262.5261,261.5223,259.7491,259.1414,253.6462,252.5988,248.9571,247.8007,247.2523
Portugal,Drained organic soils (N2O),Emissions (N2O),kilotonnes,0.1697,0.1692,0.1695,0.1694,0.1708,0.1704,0.1701,0.1697,0.1694,0.1688,0.1691,0.1685,0.1684,0.1677,0.1664,0.166,0.1623,0.1617,0.1593,0.1581,0.1577
Portugal,Drained organic soils (N2O),Emissions (CO2eq) from N2O (AR5),kilotonnes,44.9621,44.8487,44.9098,44.8811,45.2609,45.1501,45.0834,44.9598,44.888,44.7346,44.8215,44.6495,44.6134,44.4333,44.0932,43.9858,43.0207,42.8446,42.2025,41.8912,41.79
Portugal,Drained organic soils (N2O),Emissions (CO2eq) (AR5),kilotonnes,44.9621,44.8487,44.9098,44.8811,45.2609,45.1501,45.0834,44.9598,44.888,44.7346,44.8215,44.6495,44.6134,44.4333,44.0932,43.9858,43.0207,42.8446,42.2025,41.8912,41.79
Portugal,On-farm energy use,Emissions (CH4),kilotonnes,0.3805,0.2296,0.2239,0.1892,0.1622,0.0984,0.085,0.2137,0.1186,0.0779,0.1094,0.0788,0.071,0.0699,0.0694,0.0711,0.0684,0.07,0.0693,0.0693,0.0693
Portugal,On-farm energy use,Emissions (N2O),kilotonnes,0.7752,0.5139,0.4611,0.4375,0.5873,0.5599,0.4136,0.4511,0.3916,0.3853,0.4164,0.3782,0.3705,0.3839,0.4073,0.4172,0.4134,0.4233,0.4233,0.4265,0.4265
Portugal,On-farm energy use,Emissions (CO2),kilotonnes,2147.0895,1438.5828,1314.5858,1237.1908,1611.1192,1515.5846,1136.895,1250.2448,1081.4772,1048.4333,1172.7424,1062.5283,1008.2666,1042.4311,1095.6789,1127.2178,1108.4451,1142.1702,1133.9937,1141.6567,1141.6567
Portugal,On-farm energy use,Emissions (CO2eq) from CH4 (AR5),kilotonnes,10.6531,6.4278,6.2695,5.2987,4.5414,2.755,2.379,5.9838,3.3214,2.1822,3.0633,2.2055,1.9891,1.9571,1.9437,1.9912,1.9152,1.9601,1.9409,1.9404,1.9404
Portugal,On-farm energy use,Emissions (CO2eq) from N2O (AR5),kilotonnes,205.4369,136.1951,122.1853,115.9467,155.6387,148.3847,109.6132,119.5326,103.7792,102.1009,110.3414,100.2127,98.1747,101.7465,107.9362,110.5457,109.5574,112.1774,112.1688,113.0153,113.0153
Portugal,On-farm energy use,Emissions (CO2eq) (AR5),kilotonnes,2363.1795,1581.2056,1443.0406,1358.4362,1771.2993,1666.7242,1248.8871,1375.7612,1188.5779,1152.7165,1286.1472,1164.9465,1108.4303,1146.1347,1205.5587,1239.7548,1219.9177,1256.3077,1248.1034,1256.6124,1256.6124
Portugal,Forestland,Emissions (CO2),kilotonnes,-1886.885,-164.4977,-164.4977,-164.4977,-164.4977,-164.4977,-164.4977,-164.4977,-164.4977,-164.4977,-164.4977,-1112.584,-1112.584,-1112.584,-1112.584,-1112.584,0,0,0,0,0
Portugal,Forestland,Emissions (CO2),kilotonnes,-5644.1905,-10349.4626,-10575.8529,-8050.227,-5298.5031,-5050.1639,-2248.2975,-2825.3681,-6488.9795,-9223.5609,-8122.2525,-2860.9579,-2833.6696,-2535.1896,-2925.4795,-2211.0062,-706.734,1135.6783,-505.017,-1099.6113,-1691.5928
Portugal,Forestland,Emissions (CO2eq) (AR5),kilotonnes,-1886.885,-164.4977,-164.4977,-164.4977,-164.4977,-164.4977,-164.4977,-164.4977,-164.4977,-164.4977,-164.4977,-1112.584,-1112.584,-1112.584,-1112.584,-1112.584,0,0,0,0,0
Portugal,Forestland,Emissions (CO2eq) (AR5),kilotonnes,-5644.1905,-10349.4626,-10575.8529,-8050.227,-5298.5031,-5050.1639,-2248.2975,-2825.3681,-6488.9795,-9223.5609,-8122.2525,-2860.9579,-2833.6696,-2535.1896,-2925.4795,-2211.0062,-706.734,1135.6783,-505.017,-1099.6113,-1691.5928
Portugal,Net Forest conversion,Emissions (CO2),kilotonnes,3028.6923,445.1113,445.1113,445.1113,445.1113,445.1113,445.1113,445.1113,445.1113,445.1113,445.1113,0,0,0,0,0,0,0,0,0,0
Portugal,Net Forest conversion,Emissions (CO2),kilotonnes,2141.2858,2175.3756,2201.6484,2232.5054,2234.8632,2247.6498,2248.1998,2279.6429,1143.8598,1130.1192,1112.3586,771.842,725.7151,712.6889,639.2547,549.3929,354.2738,333.3754,304.1268,289.1336,277.2316
Portugal,Net Forest conversion,Emissions (CO2eq) (AR5),kilotonnes,3028.6923,445.1113,445.1113,445.1113,445.1113,445.1113,445.1113,445.1113,445.1113,445.1113,445.1113,0,0,0,0,0,0,0,0,0,0
Portugal,Net Forest conversion,Emissions (CO2eq) (AR5),kilotonnes,2141.2858,2175.3756,2201.6484,2232.5054,2234.8632,2247.6498,2248.1998,2279.6429,1143.8598,1130.1192,1112.3586,771.842,725.7151,712.6889,639.2547,549.3929,354.2738,333.3754,304.1268,289.1336,277.2316
Portugal,Savanna fires,Emissions (CH4),kilotonnes,1.2681,0.7228,0.8145,3.5994,0.9267,2.6131,0.5053,0.1411,0.0316,0.5988,1.0829,0.4597,0.6968,1.2463,0.0826,0.3365,1.1166,3.601,0.2752,0.1906,0.2932
Portugal,Savanna fires,Emissions (CH4),kilotonnes,5.5564,3.5195,3.6489,7.283,3.0593,6.2587,1.4648,0.9209,0.2758,2.6077,3.3367,2.0299,1.8803,2.9284,0.3014,0.9554,2.4134,4.4812,0.4899,0.3679,0.7189
Portugal,Savanna fires,Emissions (N2O),kilotonnes,0.1158,0.066,0.0744,0.3286,0.0846,0.2386,0.0461,0.0129,0.0029,0.0547,0.0989,0.042,0.0636,0.1138,0.0075,0.0307,0.1019,0.3288,0.0251,0.0174,0.0268
Portugal,Savanna fires,Emissions (N2O),kilotonnes,0.1482,0.0939,0.0973,0.1942,0.0816,0.1669,0.0391,0.0246,0.0074,0.0695,0.089,0.0541,0.0501,0.0781,0.008,0.0255,0.0644,0.1195,0.0131,0.0098,0.0192
Portugal,Savanna fires,Emissions (CO2),kilotonnes,2728.6569,1733.1653,1792.0611,3554.2777,1501.2018,3085.0472,717.0625,449.9535,134.1509,1272.4168,1638.0135,992.3209,925.264,1437.2081,144.971,466.8937,1183.5822,2203.2873,242.7977,179.9648,360.8001
Portugal,Savanna fires,Emissions (CO2eq) from CH4 (AR5),kilotonnes,35.5054,20.2389,22.8074,100.7838,25.9472,73.1666,14.1481,3.9513,0.885,16.7661,30.322,12.8728,19.5093,34.8951,2.3127,9.4228,31.264,100.8269,7.7048,5.3378,8.2108
Portugal,Savanna fires,Emissions (CO2eq) from CH4 (AR5),kilotonnes,155.5779,98.5473,102.1679,203.9226,85.6605,175.2444,41.0133,25.7859,7.7222,73.016,93.4279,56.8385,52.6481,81.996,8.44,26.7522,67.576,125.4749,13.7167,10.3005,20.1286
Portugal,Savanna fires,Emissions (CO2eq) from N2O (AR5),kilotonnes,30.6812,17.4891,19.7086,87.0904,22.4218,63.2254,12.2258,3.4144,0.7648,14.4881,26.2022,11.1238,16.8586,30.1539,1.9985,8.1425,27.0162,87.1276,6.6579,4.6126,7.0952
Portugal,Savanna fires,Emissions (CO2eq) from N2O (AR5),kilotonnes,39.2649,24.8715,25.7852,51.4662,21.6191,44.2283,10.351,6.5079,1.9489,18.4278,23.5794,14.345,13.2874,20.6942,2.1301,6.7517,17.0549,31.6675,3.4618,2.5996,5.0801
Portugal,Savanna fires,Emissions (CO2eq) (AR5),kilotonnes,66.1866,37.728,42.5159,187.8742,48.369,136.392,26.3739,7.3657,1.6498,31.2543,56.5242,23.9965,36.3678,65.0491,4.3111,17.5653,58.2802,187.9545,14.3627,9.9504,15.3059
Portugal,Savanna fires,Emissions (CO2eq) (AR5),kilotonnes,2923.4997,1856.5841,1920.0143,3809.6665,1608.4814,3304.5199,768.4268,482.2473,143.822,1363.8606,1755.0208,1063.5044,991.1995,1539.8984,155.541,500.3976,1268.2131,2360.4296,259.9763,192.8649,386.0087
Portugal,Fires in organic soils,Emissions (CH4),kilotonnes,0,0,0,0,0,0,0,0,0,0,0,0,0,0,0,0,0,0,0,0,0
Portugal,Fires in organic soils,Emissions (CO2),kilotonnes,0,0,0,0,0,0,0,0,0,0,0,0,0,0,0,0,0,0,0,0,0
Portugal,Fires in organic soils,Emissions (CO2eq) from CH4 (AR5),kilotonnes,0,0,0,0,0,0,0,0,0,0,0,0,0,0,0,0,0,0,0,0,0
Portugal,Fires in organic soils,Emissions (CO2eq) (AR5),kilotonnes,0,0,0,0,0,0,0,0,0,0,0,0,0,0,0,0,0,0,0,0,0
Portugal,Forest fires,Emissions (CH4),kilotonnes,1.991,0.0822,0.3563,2.2933,0.1096,2.2597,0.3837,0.0473,0.0075,0.1171,0.4311,0.1395,0.3015,0.4933,0.0399,0.3862,2.5687,9.994,0.5477,0.2441,2.3291
Portugal,Forest fires,Emissions (N2O),kilotonnes,0.1101,0.0075,0.0325,0.2094,0.01,0.2063,0.035,0.0043,0.0007,0.0107,0.0394,0.0127,0.0275,0.045,0.0036,0.0353,0.2345,0.9125,0.05,0.0223,0.2127
Portugal,Forest fires,Emissions (CO2eq) from CH4 (AR5),kilotonnes,55.7468,2.3019,9.9768,64.2125,3.0691,63.2716,10.7433,1.3255,0.2092,3.2789,12.0701,3.9068,8.4407,13.8136,1.1163,10.8144,71.9222,279.8319,15.3359,6.8357,65.2135
Portugal,Forest fires,Emissions (CO2eq) from N2O (AR5),kilotonnes,29.1866,1.9892,8.6213,55.488,2.6521,54.6749,9.2836,1.1454,0.1808,2.8334,10.4302,3.3759,7.2939,11.9367,0.9646,9.345,62.1502,241.8113,13.2522,5.9069,56.353
Portugal,Forest fires,Emissions (CO2eq) (AR5),kilotonnes,84.9333,4.2911,18.598,119.7004,5.7213,117.9465,20.027,2.4709,0.39,6.1124,22.5003,7.2827,15.7346,25.7503,2.0809,20.1594,134.0724,521.6432,28.5881,12.7426,121.5664
Portugal,Fires in humid tropical forests,Emissions (CH4),kilotonnes,0,0,0,0,0,0,0,0,0,0,0,0,0,0,0,0,0,0,0,0,0
Portugal,Fires in humid tropical forests,Emissions (N2O),kilotonnes,0,0,0,0,0,0,0,0,0,0,0,0,0,0,0,0,0,0,0,0,0
Portugal,Fires in humid tropical forests,Emissions (CO2eq) from CH4 (AR5),kilotonnes,0,0,0,0,0,0,0,0,0,0,0,0,0,0,0,0,0,0,0,0,0
Portugal,Fires in humid tropical forests,Emissions (CO2eq) from N2O (AR5),kilotonnes,0,0,0,0,0,0,0,0,0,0,0,0,0,0,0,0,0,0,0,0,0
Portugal,Fires in humid tropical forests,Emissions (CO2eq) (AR5),kilotonnes,0,0,0,0,0,0,0,0,0,0,0,0,0,0,0,0,0,0,0,0,0
Portugal,Waste - agri-food systems,Emissions (CH4),kilotonnes,82.9907,79.1041,80.5961,89.2867,89.2232,89.768,91.5729,93.4966,98.9991,97.9285,99.7586,97.6618,94.5455,91.8674,93.8889,90.4716,98.8289,95.8007,92.7966,89.8136,86.8292
Portugal,Waste - agri-food systems,Emissions (N2O),kilotonnes,0.5475,0.5644,0.5596,0.5524,0.5647,0.5667,0.5704,0.5891,0.5756,0.576,0.5722,0.5607,0.5632,0.5636,0.5616,0.562,0.5725,0.6019,0.6256,0.6504,0.6755
Portugal,Waste - agri-food systems,Emissions (CO2),kilotonnes,104.1293,104.2313,104.6519,105.4831,106.0403,106.2066,106.4381,107.0161,107.3878,107.0863,106.9754,107.0938,106.5816,106.77,106.8321,106.2507,106.3922,106.6774,107.0468,107.0074,106.8078
Portugal,Waste - agri-food systems,Emissions (CO2eq) from CH4 (AR5),kilotonnes,2323.7393,2214.914,2256.69,2500.0284,2498.2508,2513.5032,2564.0424,2617.9047,2771.9753,2741.9972,2793.2396,2734.5315,2647.2743,2572.2865,2628.889,2533.2058,2767.2078,2682.4194,2598.3051,2514.7801,2431.2176
Portugal,Waste - agri-food systems,Emissions (CO2eq) from N2O (AR5),kilotonnes,145.0834,149.5703,148.2863,146.3878,149.6511,150.177,151.1599,156.1124,152.5229,152.6409,151.6252,148.5769,149.2588,149.3643,148.8324,148.9406,151.725,159.5132,165.7884,172.3484,179.0167
Portugal,Waste - agri-food systems,Emissions (CO2eq) (AR5),kilotonnes,2572.9521,2468.7155,2509.6282,2751.8993,2753.9422,2769.8868,2821.6404,2881.0332,3031.886,3001.7244,3051.8402,2990.2022,2903.1147,2828.4208,2884.5535,2788.397,3025.3251,2948.6101,2871.1402,2794.1359,2717.0421
Portugal,Fertilizers Manufacturing,Emissions (N2O),kilotonnes,0.2112,0.2095,0.2148,0.2125,0.2005,0.1942,0.1953,0.222,0.1872,0.1208,0.1795,0.2092,0.1924,0.146,0.1802,0.1667,0.1577,0.1572,0.1516,0.1456,0.1381
Portugal,Fertilizers Manufacturing,Emissions (CO2),kilotonnes,410.8637,406.5863,391.2635,385.4778,362.2017,349.1913,456.3186,381.6803,344.9517,314.2893,290.999,341.1067,321.6232,406.2973,446.4392,426.6327,166.1431,289.1913,167.3218,265.5703,215.2775
Portugal,Fertilizers Manufacturing,Emissions (CO2eq) from N2O (AR5),kilotonnes,55.968,55.5175,56.922,56.3125,53.1325,51.463,51.7545,58.83,49.608,32.012,47.5675,55.438,50.986,38.69,47.753,44.1755,41.7905,41.658,40.174,38.584,36.6053
Portugal,Fertilizers Manufacturing,Emissions (CO2eq) (AR5),kilotonnes,466.8317,462.1038,448.1855,441.7903,415.3342,400.6543,508.0731,440.5103,394.5597,346.3013,338.5665,396.5447,372.6092,444.9873,494.1922,470.8082,207.9336,330.8493,207.4958,304.1543,251.8829
Portugal,On-farm electricity use,Emissions (CH4),kilotonnes,0.858,0.936,1.0164,1.0668,1.1771,1.2347,1.1579,1.2791,1.2167,1.2431,1.2311,1.1771,1.2035,1.1303,0.9923,1.0271,1.0667,1.2647,1.3307,1.3984,1.3984
Portugal,On-farm electricity use,Emissions (N2O),kilotonnes,0.0046,0.005,0.0054,0.0057,0.0063,0.0066,0.0062,0.0068,0.0065,0.0066,0.0066,0.0063,0.0064,0.0061,0.0053,0.0054,0.0057,0.0068,0.0071,0.0074,0.0074
Portugal,On-farm electricity use,Emissions (CO2),kilotonnes,347.8311,350.1439,444.334,375.5257,456.114,536.3768,416.0766,422.2701,399.9978,392.8164,261.9583,297.6743,365.051,370.4203,325.1991,336.6028,349.5793,414.4619,436.0894,458.2674,458.2674
Portugal,On-farm electricity use,Emissions (CO2eq) from CH4 (AR5),kilotonnes,24.024,26.208,28.4592,29.8704,32.9588,34.5716,32.4212,35.8148,34.0676,34.8068,34.4708,32.9588,33.698,31.6484,27.7844,28.7588,29.8676,35.4116,37.2596,39.1552,39.1552
Portugal,On-farm electricity use,Emissions (CO2eq) from N2O (AR5),kilotonnes,1.219,1.325,1.431,1.5105,1.6695,1.749,1.643,1.802,1.7225,1.749,1.749,1.6695,1.696,1.6165,1.4045,1.431,1.5105,1.802,1.8815,1.961,1.961
Portugal,On-farm electricity use,Emissions (CO2eq) (AR5),kilotonnes,373.0741,377.6769,474.2242,406.9066,490.7423,572.6974,450.1408,459.8869,435.7879,429.3722,298.1781,332.3026,400.445,403.6852,354.388,366.7926,380.9574,451.6755,475.2305,499.3836,499.3836
Portugal,Food Processing,Emissions (CH4),kilotonnes,2.0222,2.0119,2.0917,2.147,2.2288,2.3372,2.4439,2.5835,2.4471,2.4934,2.609,2.5157,2.3514,2.4086,2.5339,2.4562,2.5464,2.5814,2.6393,2.6393,2.5547
Portugal,Food Processing,Emissions (N2O),kilotonnes,0.0166,0.0156,0.0172,0.0163,0.0163,0.0163,0.0176,0.0176,0.0165,0.017,0.0179,0.0167,0.0153,0.0152,0.0158,0.0156,0.0159,0.016,0.0162,0.0162,0.0154
Portugal,Food Processing,Emissions (CO2),kilotonnes,1676.9762,1526.7013,1889.0757,1602.8794,1628.2513,1699.9992,1687.0884,1579.9662,1471.7582,1500.3275,1315.9088,1344.2574,1377.1996,1396.6941,1409.463,1458.4097,1471.4527,1482.3795,1480.7681,1480.7681,1200.3455
Portugal,Food Processing,Emissions (CO2eq) from CH4 (AR5),kilotonnes,56.6216,56.3332,58.5676,60.116,62.4064,65.4416,68.4292,72.338,68.5188,69.8152,73.052,70.4396,65.8392,67.4408,70.9492,68.7736,71.2992,72.2792,73.9004,73.9004,71.5329
Portugal,Food Processing,Emissions (CO2eq) from N2O (AR5),kilotonnes,4.399,4.134,4.558,4.3195,4.3195,4.3195,4.664,4.664,4.3725,4.505,4.7435,4.4255,4.0545,4.028,4.187,4.134,4.2135,4.24,4.293,4.293,4.0728
Portugal,Food Processing,Emissions (CO2eq) (AR5),kilotonnes,1737.9968,1587.1685,1952.2013,1667.3149,1694.9772,1769.7603,1760.1816,1656.9682,1544.6495,1574.6477,1393.7043,1419.1225,1447.0933,1468.1629,1484.5992,1531.3173,1546.9654,1558.8987,1558.9615,1558.9615,1275.9512
Portugal,Food Packaging,Emissions (CH4),kilotonnes,0.7576,0.7751,0.8647,0.8487,0.8811,0.9295,0.9235,0.9627,0.9189,0.8356,0.937,0.9615,0.7951,0.8124,0.8685,0.8834,0.7549,0.8289,0.8561,0.8927,0.8641
Portugal,Food Packaging,Emissions (N2O),kilotonnes,0.0064,0.0063,0.0068,0.0063,0.006,0.0061,0.0059,0.0061,0.0058,0.0052,0.0058,0.0059,0.0049,0.005,0.0053,0.0054,0.0047,0.0051,0.0053,0.0051,0.0048
Portugal,Food Packaging,Emissions (CO2),kilotonnes,780.1671,761.3556,872.6307,718.1301,697.4975,749.1599,647.2766,655.8068,619.6371,531.3359,487.002,544.6806,518.3923,525.385,547.7226,570.1183,517.0751,554.0745,566.8457,553.8642,448.9754
Portugal,Food Packaging,Emissions (CO2eq) from CH4 (AR5),kilotonnes,21.2128,21.7028,24.2116,23.7636,24.6708,26.026,25.858,26.9556,25.7292,23.3968,26.236,26.922,22.2628,22.7472,24.318,24.7352,21.1372,23.2092,23.9708,24.9956,24.1948
Portugal,Food Packaging,Emissions (CO2eq) from N2O (AR5),kilotonnes,1.696,1.6695,1.802,1.6695,1.59,1.6165,1.5635,1.6165,1.537,1.378,1.537,1.5635,1.2985,1.325,1.4045,1.431,1.2455,1.3515,1.4045,1.3515,1.2822
Portugal,Food Packaging,Emissions (CO2eq) (AR5),kilotonnes,803.0759,784.7279,898.6443,743.5632,723.7583,776.8024,674.6981,684.3789,646.9033,556.1107,514.775,573.1661,541.9536,549.4572,573.4451,596.2845,539.4578,578.6352,592.221,580.2113,474.4524
Portugal,Food Retail,Emissions (CH4),kilotonnes,1.4979,1.6013,1.6506,1.7573,1.8272,1.9213,2.0289,2.077,2.0964,2.1233,2.1816,2.1639,2.135,2.096,2.2347,2.2915,2.193,2.1835,2.2334,2.6129,2.5292
Portugal,Food Retail,Emissions (N2O),kilotonnes,0.0089,0.0105,0.0107,0.0109,0.0111,0.0122,0.0122,0.0122,0.0121,0.0123,0.0123,0.0121,0.0117,0.0115,0.0123,0.0126,0.0121,0.012,0.0123,0.0146,0.0139
Portugal,Food Retail,Emissions (CO2),kilotonnes,739.2451,866.9296,999.0204,843.7594,924.311,1139.417,958.0959,901.4169,867.0909,873.9091,601.2077,670.3746,757.3038,791.6272,843.0155,870.9949,837.4246,833.3807,858.0184,978.8516,793.4802
Portugal,Food Retail,Emissions (CO2eq) from F-gases (AR5),kilotonnes,367.2865,435.8605,488.33,550.1505,607.2955,688.857,752.236,815.0955,826.005,831.7195,834.8365,836.9145,837.9535,839.512,839.512,839.512,901.852,917.9565,934.5805,950.685,1044.2909
Portugal,Food Retail,Emissions (CO2eq) from CH4 (AR5),kilotonnes,41.9412,44.8364,46.2168,49.2044,51.1616,53.7964,56.8092,58.156,58.6992,59.4524,61.0848,60.5892,59.78,58.688,62.5716,64.162,61.404,61.138,62.5352,73.1612,70.8174
Portugal,Food Retail,Emissions (CO2eq) from N2O (AR5),kilotonnes,2.3585,2.7825,2.8355,2.8885,2.9415,3.233,3.233,3.233,3.2065,3.2595,3.2595,3.2065,3.1005,3.0475,3.2595,3.339,3.2065,3.18,3.2595,3.869,3.6706
Portugal,Food Retail,Emissions (CO2eq) (AR5),kilotonnes,1150.8313,1350.409,1536.4027,1446.0028,1585.7096,1885.3034,1770.3741,1777.9014,1755.0016,1768.3405,1500.3885,1571.0848,1658.1378,1692.8747,1748.3586,1778.0079,1803.8871,1815.6552,1858.3936,2006.5668,1912.259
Portugal,Food Household Consumption,Emissions (CH4),kilotonnes,1.3155,1.3895,1.4894,1.5492,1.6265,1.7294,1.7509,1.8092,1.7533,1.8499,1.8996,1.7963,1.6844,1.6084,1.5561,1.563,1.6912,1.6418,1.7227,1.7227,1.6675
Portugal,Food Household Consumption,Emissions (N2O),kilotonnes,0.0073,0.0077,0.0083,0.0086,0.009,0.0096,0.0097,0.01,0.0097,0.0101,0.0108,0.0101,0.0094,0.009,0.0087,0.0087,0.0094,0.0091,0.0096,0.0096,0.0091
Portugal,Food Household Consumption,Emissions (CO2),kilotonnes,743.7573,738.1146,886.7147,806.7051,895.8991,997.246,873.6116,837.3731,796.142,807.9768,686.6814,696.471,735.2942,742.2933,715.6676,709.145,745.06,730.0009,760.8572,760.8572,616.7688
Portugal,Food Household Consumption,Emissions (CO2eq) from CH4 (AR5),kilotonnes,36.834,38.906,41.7032,43.3776,45.542,48.4232,49.0252,50.6576,49.0924,51.7972,53.1888,50.2964,47.1632,45.0352,43.5708,43.764,47.3536,45.9704,48.2356,48.2356,46.6903
Portugal,Food Household Consumption,Emissions (CO2eq) from N2O (AR5),kilotonnes,1.9345,2.0405,2.1995,2.279,2.385,2.544,2.5705,2.65,2.5705,2.6765,2.862,2.6765,2.491,2.385,2.3055,2.3055,2.491,2.4115,2.544,2.544,2.4135
Portugal,Food Household Consumption,Emissions (CO2eq) (AR5),kilotonnes,782.5258,779.0611,930.6174,852.3617,943.8261,1048.2132,925.2073,890.6807,847.8049,862.4505,742.7322,749.4439,784.9484,789.7135,761.5439,755.2145,794.9046,778.3828,811.6368,811.6368,665.8726
Portugal,Food Transport,Emissions (CH4),kilotonnes,0.2103,0.1939,0.1907,0.18,0.1645,0.1458,0.132,0.1234,0.1128,0.1062,0.093,0.0821,0.0746,0.0715,0.0686,0.068,0.0671,0.0663,0.0642,0.0376,0.0364
Portugal,Food Transport,Emissions (N2O),kilotonnes,0.0577,0.0542,0.0548,0.0548,0.0543,0.0516,0.0509,0.0511,0.051,0.0499,0.0485,0.045,0.0411,0.0406,0.0411,0.0414,0.0424,0.0433,0.0428,0.0467,0.0443
Portugal,Food Transport,Emissions (CO2),kilotonnes,1347.615,1357.57,1401.225,1478.1085,1506.734,1442.4665,1442.5855,1450.9735,1460.628,1432.504,1400.0725,1297.156,1195.809,1173.153,1180.443,1190.683,1229.252,1250.105,1234.408,1437.0707,1164.9234
Portugal,Food Transport,Emissions (CO2eq) from CH4 (AR5),kilotonnes,5.8884,5.4292,5.3396,5.04,4.606,4.0824,3.696,3.4552,3.1584,2.9736,2.604,2.2988,2.0888,2.002,1.9208,1.904,1.8788,1.8564,1.7976,1.0528,1.0191
Portugal,Food Transport,Emissions (CO2eq) from N2O (AR5),kilotonnes,15.2905,14.363,14.522,14.522,14.3895,13.674,13.4885,13.5415,13.515,13.2235,12.8525,11.925,10.8915,10.759,10.8915,10.971,11.236,11.4745,11.342,12.3755,11.7409
Portugal,Food Transport,Emissions (CO2eq) (AR5),kilotonnes,1368.7939,1377.3622,1421.0866,1497.6705,1525.7295,1460.2229,1459.77,1467.9702,1477.3014,1448.7011,1415.529,1311.3798,1208.7893,1185.914,1193.2553,1203.558,1242.3668,1263.4359,1247.5476,1450.499,1177.6833
Portugal,Energy,Emissions (CH4),kilotonnes,26.8,27.5,28.8,30.3,32,33.6,34.9,36.2,37.1,38.5,34.2,35.5,36.9,39.2,41.4,44.4,41.6,42.7,43.9,43.7,42.3
Portugal,Energy,Emissions (N2O),kilotonnes,2.28,1.98,1.98,1.93,2.01,1.99,1.82,1.81,1.73,1.74,1.6,1.57,1.49,1.5,1.52,1.57,1.59,1.64,1.58,1.56,1.48
Portugal,Energy,Emissions (CO2),kilotonnes,57600,57600,61900,57000,58700,61000,55600,54100,52500,51700,46100,45300,44200,43100,42600,46600,45500,49400,46800,43300,35100
Portugal,Energy,Emissions (CO2eq) from CH4 (AR5),kilotonnes,750.4,770,806.4,848.4,896,940.8,977.2,1013.6,1038.8,1078,957.6,994,1033.2,1097.6,1159.2,1243.2,1164.8,1195.6,1229.2,1223.6,1184.4
Portugal,Energy,Emissions (CO2eq) from N2O (AR5),kilotonnes,604.2,524.7,524.7,511.45,532.65,527.35,482.3,479.65,458.45,461.1,424,416.05,394.85,397.5,402.8,416.05,421.35,434.6,418.7,413.4,392.2
Portugal,Energy,Emissions (CO2eq) (AR5),kilotonnes,58954.6,58894.7,63231.1,58359.85,60128.65,62468.15,57059.5,55593.25,53997.25,53239.1,47481.6,46710.05,45628.05,44595.1,44162,48259.25,47086.15,51030.2,48447.9,44937,36676.6
Portugal,IPPU,Emissions (CH4),kilotonnes,0.139,0.0845,0.105,0.116,0.134,0.127,0.107,0.132,0.095,0.0717,0.108,0.101,0.0634,0.0899,0.111,0.118,0.119,0.121,0.072,0.12,0.117
Portugal,IPPU,Emissions (N2O),kilotonnes,1.41,1.32,1.35,1.5,1.66,1.55,1.56,1.64,1.53,1.03,1.72,0.881,1.27,1.27,1.27,1.27,1.27,1.27,1.54,1.32,1.16
Portugal,IPPU,Emissions (CO2),kilotonnes,5710,5260,5560,5430,5950,6010,5850,6180,5810,4860,5230,4650,4180,4590,4980,4900,4290,4550,3860,4310,4460
Portugal,IPPU,Emissions (CO2eq) from F-gases (AR5),kilotonnes,1953.2267,2108.7074,2293.3408,2448.8215,2643.1725,2818.0883,3051.3094,3245.6603,3440.0112,8823.5316,14187.6169,15353.7224,17005.7052,18754.8634,20018.1444,21572.9517,23613.6364,25945.8474,28569.5847,31582.0239,34691.6386
Portugal,IPPU,Emissions (CO2eq) from CH4 (AR5),kilotonnes,3.892,2.366,2.94,3.248,3.752,3.556,2.996,3.696,2.66,2.0076,3.024,2.828,1.7752,2.5172,3.108,3.304,3.332,3.388,2.016,3.36,3.276
Portugal,IPPU,Emissions (CO2eq) from N2O (AR5),kilotonnes,373.65,349.8,357.75,397.5,439.9,410.75,413.4,434.6,405.45,272.95,455.8,233.465,336.55,336.55,336.55,336.55,336.55,336.55,408.1,349.8,307.4
Portugal,IPPU,Emissions (CO2eq) (AR5),kilotonnes,8040.7687,7720.8734,8214.0308,8279.5695,9036.8245,9242.3943,9317.7054,9863.9563,9658.1212,13958.4892,19876.4409,20240.0154,21524.0304,23683.9306,25337.8024,26812.8057,28243.5184,30835.7854,32839.7007,36245.1839,39462.3146
Portugal,Waste,Emissions (CH4),kilotonnes,251,245,249,242,227,210,223,217,194,189,187,188,170,158,156,149,153,163,162,162,156
Portugal,Waste,Emissions (N2O),kilotonnes,0.756,0.759,0.754,0.772,0.761,0.766,0.775,0.786,0.795,0.801,0.794,0.784,0.773,0.757,0.75,0.75,0.754,0.759,0.782,0.791,0.796
Portugal,Waste,Emissions (CO2),kilotonnes,5.91,3.37,0.959,12.6,14,15.5,16.9,18.8,6.13,13.5,12.1,12,14.1,15.4,17.2,15.7,16.3,18.3,20.5,19.7,20.7
Portugal,Waste,Emissions (CO2eq) from CH4 (AR5),kilotonnes,7028,6860,6972,6776,6356,5880,6244,6076,5432,5292,5236,5264,4760,4424,4368,4172,4284,4564,4536,4536,4368
Portugal,Waste,Emissions (CO2eq) from N2O (AR5),kilotonnes,200.34,201.135,199.81,204.58,201.665,202.99,205.375,208.29,210.675,212.265,210.41,207.76,204.845,200.605,198.75,198.75,199.81,201.135,207.23,209.615,210.94
Portugal,Waste,Emissions (CO2eq) (AR5),kilotonnes,7234.25,7064.505,7172.769,6993.18,6571.665,6098.49,6466.275,6303.09,5648.805,5517.765,5458.51,5483.76,4978.945,4640.005,4583.95,4386.45,4500.11,4783.435,4763.73,4765.315,4599.64
Portugal,Other,Emissions (N2O),kilotonnes,1.39,1.29,1.35,1.22,1.15,1.13,1.04,1.06,1.02,1,0.936,0.864,0.805,0.809,0.75,0.768,0.761,0.749,0.715,0.64,0.608
Portugal,Other,Emissions (CO2eq) from N2O (AR5),kilotonnes,368.35,341.85,357.75,323.3,304.75,299.45,275.6,280.9,270.3,265,248.04,228.96,213.325,214.385,198.75,203.52,201.665,198.485,189.475,169.6,161.12
Portugal,Other,Emissions (CO2eq) (AR5),kilotonnes,368.35,341.85,357.75,323.3,304.75,299.45,275.6,280.9,270.3,265,248.04,228.96,213.325,214.385,198.75,203.52,201.665,198.485,189.475,169.6,161.12
Portugal,Farm-gate emissions,Emissions (CH4),kilotonnes,199.5529,186.2608,184.3129,184.3678,184.2384,186.4858,183.2166,183.8152,184.0699,183.1693,178.2558,182.5953,181.5943,179.0429,183.5155,189.8915,191.2152,197.6858,191.8131,194.7194,193.9524
Portugal,Farm-gate emissions,Direct emissions (N2O),kilotonnes,5.2388,4.7291,4.7057,4.4827,4.465,4.3504,4.4386,4.7962,4.6988,4.4852,4.4135,4.3773,4.5419,4.5875,4.9668,4.8375,4.6855,4.6666,4.6008,4.7114,4.6928
Portugal,Farm-gate emissions,Indirect emissions (N2O),kilotonnes,1.8234,1.636,1.6219,1.5501,1.5473,1.5181,1.539,1.6551,1.6149,1.543,1.5176,1.5018,1.5533,1.565,1.6878,1.6483,1.5982,1.5959,1.5748,1.6098,1.6033
Portugal,Farm-gate emissions,Emissions (N2O),kilotonnes,9.3559,8.2759,8.1803,8.0829,7.9942,7.983,7.7418,8.2285,8.0305,7.7775,7.7196,7.5928,7.8209,7.9254,8.3876,8.2912,8.1518,8.3875,7.9794,8.1387,8.1261
Portugal,Farm-gate emissions,Emissions (CO2),kilotonnes,2408.7791,1699.5976,1576.022,1498.7468,1875.7544,1779.6717,1400.9222,1513.582,1344.5394,1310.9284,1436.2751,1325.1676,1270.7927,1303.9534,1355.4279,1386.3592,1362.0913,1394.7691,1382.9508,1389.4574,1388.909
Portugal,Farm-gate emissions,Emissions (CO2eq) from CH4 (AR5),kilotonnes,5587.4825,5215.3023,5160.7617,5162.2979,5158.6753,5221.6033,5130.066,5146.8267,5153.958,5128.7418,4991.1611,5112.6689,5084.6408,5013.2006,5138.4328,5316.9631,5354.0269,5535.2036,5370.7664,5452.1435,5430.6676
Portugal,Farm-gate emissions,Emissions (CO2eq) from N2O (AR5),kilotonnes,2479.3072,2193.1098,2167.7889,2141.9754,2118.4701,2115.5031,2051.5774,2180.5471,2128.0801,2061.0368,2045.7015,2012.1017,2072.5479,2100.2251,2222.7151,2197.1609,2160.2254,2222.6966,2114.5357,2156.7512,2153.4216
Portugal,Farm-gate emissions,Emissions (CO2eq) (AR5),kilotonnes,10475.5688,9108.0097,8904.5725,8803.02,9152.8997,9116.7781,8582.5656,8840.9557,8626.5776,8500.7069,8473.1377,8449.9383,8427.9814,8417.3791,8716.5758,8900.4832,8876.3436,9152.6692,8868.253,8998.3521,8972.9982
Portugal,Land Use change,Emissions (CH4),kilotonnes,0,0,0,0,0,0,0,0,0,0,0,0,0,0,0,0,0,0,0,0,0
Portugal,Land Use change,Emissions (N2O),kilotonnes,0,0,0,0,0,0,0,0,0,0,0,0,0,0,0,0,0,0,0,0,0
Portugal,Land Use change,Emissions (CO2),kilotonnes,3028.6923,445.1113,445.1113,445.1113,445.1113,445.1113,445.1113,445.1113,445.1113,445.1113,445.1113,0,0,0,0,0,0,0,0,0,0
Portugal,Land Use change,Emissions (CO2eq) from CH4 (AR5),kilotonnes,0,0,0,0,0,0,0,0,0,0,0,0,0,0,0,0,0,0,0,0,0
Portugal,Land Use change,Emissions (CO2eq) from N2O (AR5),kilotonnes,0,0,0,0,0,0,0,0,0,0,0,0,0,0,0,0,0,0,0,0,0
Portugal,Land Use change,Emissions (CO2eq) (AR5),kilotonnes,3028.6923,445.1113,445.1113,445.1113,445.1113,445.1113,445.1113,445.1113,445.1113,445.1113,445.1113,0,0,0,0,0,0,0,0,0,0
Portugal,Emissions on agricultural land,Emissions (CH4),kilotonnes,199.5529,186.2608,184.3129,184.3678,184.2384,186.4858,183.2166,183.8152,184.0699,183.1693,178.2558,182.5953,181.5943,179.0429,183.5155,189.8915,191.2152,197.6858,191.8131,194.7194,193.9524
Portugal,Emissions on agricultural land,Emissions (N2O),kilotonnes,9.3559,8.2759,8.1803,8.0829,7.9942,7.983,7.7418,8.2285,8.0305,7.7775,7.7196,7.5928,7.8209,7.9254,8.3876,8.2912,8.1518,8.3875,7.9794,8.1387,8.1261
Portugal,Emissions on agricultural land,Emissions (CO2),kilotonnes,5437.4715,2144.7089,2021.1333,1943.8581,2320.8657,2224.783,1846.0335,1958.6933,1789.6508,1756.0397,1881.3864,1325.1676,1270.7927,1303.9534,1355.4279,1386.3592,1362.0913,1394.7691,1382.9508,1389.4574,1388.909
Portugal,Emissions on agricultural land,Emissions (CO2eq) from CH4 (AR5),kilotonnes,5587.4825,5215.3023,5160.7617,5162.2979,5158.6753,5221.6033,5130.066,5146.8267,5153.958,5128.7418,4991.1611,5112.6689,5084.6408,5013.2006,5138.4328,5316.9631,5354.0269,5535.2036,5370.7664,5452.1435,5430.6676
Portugal,Emissions on agricultural land,Emissions (CO2eq) from N2O (AR5),kilotonnes,2479.3072,2193.1098,2167.7889,2141.9754,2118.4701,2115.5031,2051.5774,2180.5471,2128.0801,2061.0368,2045.7015,2012.1017,2072.5479,2100.2251,2222.7151,2197.1609,2160.2254,2222.6966,2114.5357,2156.7512,2153.4216
Portugal,Emissions on agricultural land,Emissions (CO2eq) (AR5),kilotonnes,13504.2612,9553.121,9349.6838,9248.1314,9598.011,9561.8894,9027.677,9286.0671,9071.6889,8945.8182,8918.249,8449.9383,8427.9814,8417.3791,8716.5758,8900.4832,8876.3436,9152.6692,8868.253,8998.3521,8972.9982
Portugal,Pre- and post- production,Emissions (CH4),kilotonnes,89.6522,86.0118,87.8996,96.8357,97.1284,98.0659,100.01,102.3315,107.5443,106.58,108.7099,106.3584,102.7895,99.9946,102.143,98.7608,107.1482,104.3673,101.643,99.1172,95.8795
Portugal,Pre- and post- production,Emissions (N2O),kilotonnes,0.8602,0.8732,0.8776,0.8675,0.8682,0.8633,0.8682,0.9149,0.8644,0.7979,0.8536,0.866,0.8444,0.797,0.8303,0.8178,0.8204,0.8514,0.8705,0.8956,0.9085
Portugal,Pre- and post- production,Emissions (CO2),kilotonnes,6150.5848,6111.6326,6988.9159,6316.0691,6577.0489,7020.0633,6587.4913,6336.503,6067.5935,5960.2453,5150.8051,5298.8144,5377.2547,5512.6402,5574.7821,5668.8371,5422.379,5660.2712,5611.3554,6042.2569,5004.8459
Portugal,Pre- and post- production,Emissions (CO2eq) from F-gases (AR5),kilotonnes,367.2865,435.8605,488.33,550.1505,607.2955,688.857,752.236,815.0955,826.005,831.7195,834.8365,836.9145,837.9535,839.512,839.512,839.512,901.852,917.9565,934.5805,950.685,1044.2909
Portugal,Pre- and post- production,Emissions (CO2eq) from CH4 (AR5),kilotonnes,2510.2613,2408.3296,2461.188,2711.4004,2719.5964,2745.8444,2800.2812,2865.2819,3011.2409,2984.2392,3043.876,2978.0363,2878.1063,2799.8481,2860.0038,2765.3034,3000.1482,2922.2842,2846.0043,2775.2809,2684.6273
Portugal,Pre- and post- production,Emissions (CO2eq) from N2O (AR5),kilotonnes,227.9489,231.4023,232.5563,229.8893,230.0786,228.776,230.0769,242.4494,229.0549,211.4444,226.1962,229.4814,223.7768,211.2153,220.0379,216.7276,217.4185,225.6307,230.6869,237.3264,240.763
Portugal,Pre- and post- production,Emissions (CO2eq) (AR5),kilotonnes,9256.0816,9187.2249,10170.9902,9807.5093,10134.0194,10683.5407,10370.0854,10259.3298,10133.8943,9987.6484,9255.7138,9343.2466,9317.0913,9363.2156,9494.3358,9490.38,9541.7978,9726.1427,9622.627,10005.5492,8974.5271
Portugal,Agri-food systems,Emissions (CH4),kilotonnes,289.2051,272.2726,272.2125,281.2035,281.3668,284.5517,283.2267,286.1467,291.6142,289.7493,286.9656,288.9538,284.3838,279.0375,285.6584,288.6524,298.3634,302.0531,293.4561,293.8366,289.832
Portugal,Agri-food systems,Emissions (N2O),kilotonnes,10.2161,9.1491,9.0579,8.9504,8.8624,8.8463,8.61,9.1434,8.8948,8.5754,8.5732,8.4588,8.6654,8.7224,9.2179,9.109,8.9722,9.239,8.8499,9.0343,9.0347
Portugal,Agri-food systems,Emissions (CO2),kilotonnes,11588.0563,8256.3415,9010.0492,8259.9272,8897.9146,9244.8463,8433.5248,8295.1963,7857.2443,7716.285,7032.1915,6623.982,6648.0474,6816.5936,6930.21,7055.1963,6784.4703,7055.0403,6994.3062,7431.7143,6393.7549
Portugal,Agri-food systems,Emissions (CO2eq) from F-gases (AR5),kilotonnes,367.2865,435.8605,488.33,550.1505,607.2955,688.857,752.236,815.0955,826.005,831.7195,834.8365,836.9145,837.9535,839.512,839.512,839.512,901.852,917.9565,934.5805,950.685,1044.2909
Portugal,Agri-food systems,Emissions (CO2eq) from CH4 (AR5),kilotonnes,8097.7438,7623.6318,7621.9496,7873.6983,7878.2716,7967.4477,7930.3472,8012.1086,8165.1989,8112.981,8035.0371,8090.7052,7962.7471,7813.0487,7998.4366,8082.2665,8354.1751,8457.4878,8216.7707,8227.4244,8115.2949
Portugal,Agri-food systems,Emissions (CO2eq) from N2O (AR5),kilotonnes,2707.2561,2424.5121,2400.3452,2371.8647,2348.5487,2344.2791,2281.6543,2422.9965,2357.135,2272.4812,2271.8977,2241.5831,2296.3246,2311.4403,2442.753,2413.8885,2377.644,2448.3273,2345.2226,2394.0776,2394.1846
Portugal,Agri-food systems,Emissions (CO2eq) (AR5),kilotonnes,22760.3427,18740.3459,19520.674,19055.6406,19732.0304,20245.4301,19397.7624,19545.3968,19205.5832,18933.4667,18173.9628,17793.1848,17745.0727,17780.5947,18210.9116,18390.8632,18418.1414,18878.8119,18490.88,19003.9013,17947.5253
Portugal,IPCC Agriculture,Emissions (CH4),kilotonnes,199.1725,186.0312,184.089,184.1785,184.0762,186.3874,183.1317,183.6015,183.9513,183.0914,178.1463,182.5166,181.5233,178.973,183.446,189.8204,191.1468,197.6158,191.7438,194.6501,193.8831
Portugal,IPCC Agriculture,Emissions (CH4),kilotonnes,187.4482,181.9179,177.3464,172.9328,173.8988,176.5424,177.0049,175.5699,174.7347,172.79,170.5694,168.6779,167.5911,165.2317,165.628,168.072,171.3496,175.0635,177.1753,178.0914,178.5424
Portugal,IPCC Agriculture,Direct emissions (N2O),kilotonnes,5.2388,4.7291,4.7057,4.4827,4.465,4.3504,4.4386,4.7962,4.6988,4.4852,4.4135,4.3773,4.5419,4.5875,4.9668,4.8375,4.6855,4.6666,4.6008,4.7114,4.6928
Portugal,IPCC Agriculture,Indirect emissions (N2O),kilotonnes,1.8234,1.636,1.6219,1.5501,1.5473,1.5181,1.539,1.6551,1.6149,1.543,1.5176,1.5018,1.5533,1.565,1.6878,1.6483,1.5982,1.5959,1.5748,1.6098,1.6033
Portugal,IPCC Agriculture,Emissions (N2O),kilotonnes,8.5806,7.7619,7.7193,7.6454,7.4069,7.4231,7.3282,7.7774,7.6389,7.3922,7.3032,7.2147,7.4505,7.5414,7.9803,7.874,7.7384,7.9642,7.5561,7.7122,7.6996
Portugal,IPCC Agriculture,Emissions (N2O),kilotonnes,9.2109,8.8848,8.9351,8.3828,9.1019,7.605,7.2926,7.7971,7.6494,7.5036,7.4991,7.4835,7.7147,7.8609,8.2906,8.0532,7.866,7.9197,8.0025,8.1929,8.3244
Portugal,IPCC Agriculture,Emissions (CO2),kilotonnes,60.0466,52.1086,41.9119,38.1483,39.2285,41.2906,49.5526,58.3171,60.1216,58.4512,46.5831,53.1988,49.0083,44.8146,55.8712,64.9798,66.2595,57.132,50.8285,41.8119,45.8251
Portugal,IPCC Agriculture,Emissions (CO2eq) from CH4 (AR5),kilotonnes,5576.8293,5208.8745,5154.4922,5156.9992,5154.1339,5218.8484,5127.687,5140.8428,5150.6366,5126.5596,4988.0978,5110.4634,5082.6518,5011.2435,5136.4891,5314.9719,5352.1117,5533.2435,5368.8255,5450.2031,5428.7272
Portugal,IPCC Agriculture,Emissions (CO2eq) from CH4 (AR5),kilotonnes,5248.5491,5093.7007,4965.7002,4842.1197,4869.1668,4943.1884,4956.1374,4915.9571,4892.5714,4838.1191,4775.9445,4722.9802,4692.5514,4626.4888,4637.5829,4706.0152,4797.79,4901.7774,4960.9076,4986.5587,4999.1864
Portugal,IPCC Agriculture,Emissions (CO2eq) from N2O (AR5),kilotonnes,2273.8703,2056.9148,2045.6035,2026.0287,1962.8313,1967.1185,1941.9642,2061.0145,2024.3009,1958.9358,1935.3601,1911.889,1974.3732,1998.4785,2114.7789,2086.6152,2050.668,2110.5192,2002.367,2043.7359,2040.4063
Portugal,IPCC Agriculture,Emissions (CO2eq) from N2O (AR5),kilotonnes,2440.8839,2354.4775,2367.7955,2221.4429,2412.0028,2015.3122,1932.5337,2066.2213,2027.0991,1988.4583,1987.2594,1983.1317,2044.4042,2083.1331,2197.0199,2134.0866,2084.4949,2098.713,2120.6568,2171.1112,2205.9768
Portugal,IPCC Agriculture,Emissions (CO2eq) (AR5),kilotonnes,7850.6996,7265.7893,7200.0957,7183.0279,7116.9652,7185.9668,7069.6513,7201.8573,7174.9375,7085.4954,6923.4578,7022.3525,7057.025,7009.7221,7251.268,7401.587,7402.7797,7643.7627,7371.1924,7493.939,7469.1335
Portugal,IPCC Agriculture,Emissions (CO2eq) (AR5),kilotonnes,7749.4797,7500.2867,7375.4076,7101.7109,7320.3981,6999.7913,6938.2236,7040.4955,6979.7921,6885.0285,6809.787,6759.3108,6785.9638,6754.4365,6890.474,6905.0816,6948.5444,7057.6225,7132.3929,7199.4819,7250.9882
Portugal,Agricultural Soils,Direct emissions (N2O),kilotonnes,5.2388,4.7291,4.7057,4.4827,4.465,4.3504,4.4386,4.7962,4.6988,4.4852,4.4135,4.3773,4.5419,4.5875,4.9668,4.8375,4.6855,4.6666,4.6008,4.7114,4.6928
Portugal,Agricultural Soils,Direct emissions (N2O),kilotonnes,6.5298,6.3078,6.3892,6.0049,6.5994,5.4548,5.2279,5.6497,5.5445,5.4374,5.4551,5.4436,5.6538,5.7955,6.1267,5.924,5.763,5.7922,5.8378,5.9591,6.0169
Portugal,Agricultural Soils,Indirect emissions (N2O),kilotonnes,1.8234,1.636,1.6219,1.5501,1.5473,1.5181,1.539,1.6551,1.6149,1.543,1.5176,1.5018,1.5533,1.565,1.6878,1.6483,1.5982,1.5959,1.5748,1.6098,1.6033
Portugal,Agricultural Soils,Indirect emissions (N2O),kilotonnes,1.7569,1.6817,1.6875,1.5685,1.7243,1.3961,1.3366,1.4439,1.409,1.3678,1.352,1.3562,1.3959,1.4183,1.5235,1.4797,1.4354,1.431,1.4335,1.4571,1.5007
Portugal,Agricultural Soils,Emissions (N2O),kilotonnes,7.2319,6.5344,6.4971,6.2021,6.1831,6.0388,6.1477,6.6209,6.4831,6.197,6.1003,6.0476,6.2635,6.3202,6.821,6.6517,6.4461,6.4242,6.3348,6.4792,6.4538
Portugal,Agricultural Soils,Emissions (N2O),kilotonnes,8.2867,7.9895,8.0766,7.5734,8.3237,6.8509,6.5644,7.0936,6.9535,6.8052,6.8071,6.7998,7.0497,7.2138,7.6502,7.4037,7.1984,7.2232,7.2713,7.4162,7.5176
Portugal,Agricultural Soils,Emissions (CO2eq) from N2O (AR5),kilotonnes,1916.4456,1731.6034,1721.7306,1643.5641,1638.5208,1600.2798,1629.1303,1754.5482,1718.0219,1642.2047,1616.5716,1602.6072,1659.8334,1674.84,1807.5667,1762.7116,1708.213,1702.4082,1678.7306,1716.9963,1710.2596
Portugal,Agricultural Soils,Emissions (CO2eq) from N2O (AR5),kilotonnes,2195.9796,2117.2264,2140.3116,2006.9542,2205.7927,1815.4893,1739.5713,1879.8059,1842.6776,1803.3694,1803.8939,1801.948,1868.1697,1911.6673,2027.3085,1961.9711,1907.5838,1914.1488,1926.9052,1965.2837,1992.1624
Portugal,Agricultural Soils,Emissions (CO2eq) (AR5),kilotonnes,1916.4456,1731.6034,1721.7306,1643.5641,1638.5208,1600.2798,1629.1303,1754.5482,1718.0219,1642.2047,1616.5716,1602.6072,1659.8334,1674.84,1807.5667,1762.7116,1708.213,1702.4082,1678.7306,1716.9963,1710.2596
Portugal,Agricultural Soils,Emissions (CO2eq) (AR5),kilotonnes,2195.9796,2117.2264,2140.3116,2006.9542,2205.7927,1815.4893,1739.5713,1879.8059,1842.6776,1803.3694,1803.8939,1801.948,1868.1697,1911.6673,2027.3085,1961.9711,1907.5838,1914.1488,1926.9052,1965.2837,1992.1624
Portugal,LULUCF,Emissions (CH4),kilotonnes,1.991,0.0822,0.3563,2.2933,0.1096,2.2597,0.3837,0.0473,0.0075,0.1171,0.4311,0.1395,0.3015,0.4933,0.0399,0.3862,2.5687,9.994,0.5477,0.2441,2.3291
Portugal,LULUCF,Emissions (CH4),kilotonnes,13.6824,10.5589,11.4323,37.9894,10.8003,34.0605,7.4929,3.255,1.4677,6.4247,19.2093,11.8447,11.6891,14.2201,1.9194,6.4541,15.4721,53.5109,3.921,3.9324,
Portugal,LULUCF,Emissions (N2O),kilotonnes,0.1101,0.0075,0.0325,0.2094,0.01,0.2063,0.035,0.0043,0.0007,0.0107,0.0394,0.0127,0.0275,0.045,0.0036,0.0353,0.2345,0.9125,0.05,0.0223,0.2127
Portugal,LULUCF,Emissions (N2O),kilotonnes,1.6595,1.5948,1.5956,2.0174,1.5582,1.8979,1.4207,1.2799,1.1794,1.2634,1.4758,1.3572,1.3568,1.4004,1.2008,1.2457,1.3641,1.9582,1.1158,1.0864,
Portugal,LULUCF,Emissions (CO2),kilotonnes,1403.497,541.6285,542.0498,542.1696,545.2488,544.7007,544.6409,543.9509,543.6759,543.1087,544.1464,-849.9447,-850.0579,-851.0617,-852.8349,-853.4426,253.6462,252.5988,248.9571,247.8007,247.2523
Portugal,LULUCF,Emissions (CO2),kilotonnes,-6102.081,-9171.7907,-8579.4398,1748.0683,-7614.9328,1356.6236,-8854.2968,-12511.5186,-14029.4468,-14017.9695,-9802.1119,-10763.0596,-9412.8418,-8253.777,-9965.8526,-9260.2315,-5301.0186,8262.865,-7130.1487,-8290.2288,
Portugal,LULUCF,Emissions (CO2eq) from CH4 (AR5),kilotonnes,55.7468,2.3019,9.9768,64.2125,3.0691,63.2716,10.7433,1.3255,0.2092,3.2789,12.0701,3.9068,8.4407,13.8136,1.1163,10.8144,71.9222,279.8319,15.3359,6.8357,65.2135
Portugal,LULUCF,Emissions (CO2eq) from N2O (AR5),kilotonnes,29.1866,1.9892,8.6213,55.488,2.6521,54.6749,9.2836,1.1454,0.1808,2.8334,10.4302,3.3759,7.2939,11.9367,0.9646,9.345,62.1502,241.8113,13.2522,5.9069,56.353
Portugal,LULUCF,Emissions (CO2eq) (AR5),kilotonnes,1488.4303,545.9196,560.6479,661.8701,550.9701,662.6472,564.6679,546.4218,544.0659,549.2211,566.6467,-842.662,-834.3233,-825.3113,-850.754,-833.2832,387.7186,774.242,277.5451,260.5433,368.8187
Portugal,LULUCF,Emissions (CO2eq) (AR5),kilotonnes,-6102.081,-9171.7907,-8579.4398,1748.0683,-7614.9328,1356.6236,-8854.2968,-12511.5186,-14029.4468,-14017.9695,-9802.1119,-10763.0596,-9412.8418,-8253.777,-9965.8526,-9260.2315,-5301.0186,8262.865,-7130.1487,-8290.2288,
Portugal,AFOLU,Emissions (CH4),kilotonnes,201.1634,186.1134,184.4453,186.4718,184.1858,188.6471,183.5154,183.6489,183.9588,183.2085,178.5774,182.6561,181.8247,179.4663,183.4859,190.2067,193.7155,207.6098,192.2915,194.8942,196.2122
Portugal,AFOLU,Emissions (N2O),kilotonnes,8.6908,7.7694,7.7518,7.8548,7.4169,7.6294,7.3632,7.7817,7.6396,7.4029,7.3426,7.2274,7.478,7.5865,7.9839,7.9093,7.9729,8.8767,7.6061,7.7345,7.9123
Portugal,AFOLU,Emissions (CO2),kilotonnes,1403.497,541.6285,542.0498,542.1696,545.2488,544.7007,544.6409,543.9509,543.6759,543.1087,544.1464,-849.9447,-850.0579,-851.0617,-852.8349,-853.4426,253.6462,252.5988,248.9571,247.8007,247.2523
Portugal,AFOLU,Emissions (CO2eq) from CH4 (AR5),kilotonnes,5632.5761,5211.1764,5164.469,5221.2117,5157.203,5282.12,5138.4304,5142.1683,5150.8458,5129.8385,5000.1679,5114.3702,5091.0925,5025.0571,5137.6054,5325.7862,5424.0339,5813.0754,5384.1613,5457.0388,5493.9407
Portugal,AFOLU,Emissions (CO2eq) from N2O (AR5),kilotonnes,2303.0569,2058.904,2054.2248,2081.5166,1965.4835,2021.7934,1951.2479,2062.1599,2024.4817,1961.7693,1945.7902,1915.265,1981.6671,2010.4153,2115.7436,2095.9602,2112.8182,2352.3305,2015.6192,2049.6429,2096.7593
Portugal,AFOLU,Emissions (CO2eq) (AR5),kilotonnes,9339.13,7811.7089,7760.7436,7844.8979,7667.9353,7848.6141,7634.3191,7748.2791,7719.0034,7634.7165,7490.1045,6179.6905,6222.7017,6184.4107,6400.514,6568.3038,7790.4984,8418.0047,7648.7376,7754.4823,7837.9523
Portugal,All sectors with LULUCF,Emissions (CH4),kilotonnes,479.1024,458.6979,462.3503,458.8878,443.3198,432.3741,441.5224,436.9809,415.1538,410.7802,399.8854,406.2571,388.7881,376.7562,380.9969,383.7247,388.4345,413.4308,398.2635,400.7142,394.6292
Portugal,All sectors with LULUCF,Emissions (N2O),kilotonnes,14.5268,13.1184,13.1858,13.2768,12.9979,13.0654,12.5582,13.0777,12.7146,11.9739,12.3926,11.3264,11.816,11.9225,12.2739,12.2673,12.3479,13.2947,12.2231,12.0455,11.9563
Portugal,All sectors with LULUCF,Emissions (CO2),kilotonnes,64719.407,63404.9985,68003.0088,62984.7696,65209.2488,67570.2007,62011.5409,60842.7509,58859.8059,57116.6087,51886.2464,49112.0553,47544.0421,46854.3383,46744.3651,50662.2574,50059.9462,54220.8988,50929.4571,47877.5007,39827.9523
Portugal,All sectors with LULUCF,Emissions (CO2eq) from F-gases (AR5),kilotonnes,1953.2267,2108.7074,2293.3408,2448.8215,2643.1725,2818.0883,3051.3094,3245.6603,3440.0112,8823.5316,14187.6169,15353.7224,17005.7052,18754.8634,20018.1444,21572.9517,23613.6364,25945.8474,28569.5847,31582.0239,34691.6386
Portugal,All sectors with LULUCF,Emissions (CO2eq) from CH4 (AR5),kilotonnes,13414.8681,12843.5424,12945.809,12848.8597,12412.955,12106.476,12362.6264,12235.4643,11624.3058,11501.8461,11196.7919,11375.1982,10886.0677,10549.1743,10667.9134,10744.2902,10876.1659,11576.0634,11151.3773,11219.9988,11049.6167
Portugal,All sectors with LULUCF,Emissions (CO2eq) from N2O (AR5),kilotonnes,3849.5969,3476.389,3494.2348,3518.3466,3444.4485,3462.3334,3327.9229,3465.5999,3369.3567,3173.0843,3284.0402,3001.5,3131.2371,3159.4553,3252.5936,3250.8302,3272.1932,3523.1005,3239.1242,3192.0579,3168.4193
Portugal,All sectors with LULUCF,Emissions (CO2eq) (AR5),kilotonnes,83937.0987,81833.6373,86736.3934,81800.7975,83709.8248,85957.0984,80753.3995,79789.4754,77293.4796,80615.0707,80554.6954,78842.4759,78567.0521,79317.8314,80683.0164,86230.3296,87821.9417,95265.9101,93889.5433,93871.5813,88737.6269
Portugal,All sectors without LULUCF,Emissions (CH4),kilotonnes,477.1115,458.6157,461.994,456.5945,443.2102,430.1144,441.1387,436.9335,415.1463,410.6631,399.4543,406.1176,388.4867,376.2629,380.957,383.3384,385.8658,403.4368,397.7158,400.4701,392.3001
Portugal,All sectors without LULUCF,Emissions (N2O),kilotonnes,14.4166,13.1109,13.1533,13.0674,12.9879,12.8591,12.5232,13.0734,12.7139,11.9632,12.3532,11.3137,11.7885,11.8774,12.2703,12.232,12.1134,12.3822,12.1731,12.0232,11.7436
Portugal,All sectors without LULUCF,Emissions (CO2),kilotonnes,63315.91,62863.37,67460.959,62442.6,64664,67025.5,61466.9,60298.8,58316.13,56573.5,51342.1,49962,48394.1,47705.4,47597.2,51515.7,49806.3,53968.3,50680.5,47629.7,39580.7
Portugal,All sectors without LULUCF,Emissions (CO2eq) from F-gases (AR5),kilotonnes,1953.2267,2108.7074,2293.3408,2448.8215,2643.1725,2818.0883,3051.3094,3245.6603,3440.0112,8823.5316,14187.6169,15353.7224,17005.7052,18754.8634,20018.1444,21572.9517,23613.6364,25945.8474,28569.5847,31582.0239,34691.6386
Portugal,All sectors without LULUCF,Emissions (CO2eq) from CH4 (AR5),kilotonnes,13359.1213,12841.2405,12935.8322,12784.6472,12409.8859,12043.2044,12351.883,12234.1388,11624.0966,11498.5672,11184.7218,11371.2914,10877.627,10535.3607,10666.7971,10733.4759,10804.2437,11296.2315,11136.0415,11213.1631,10984.4032
Portugal,All sectors without LULUCF,Emissions (CO2eq) from N2O (AR5),kilotonnes,3820.4103,3474.3998,3485.6135,3462.8587,3441.7963,3407.6585,3318.6392,3464.4545,3369.1759,3170.2508,3273.6101,2998.124,3123.9432,3147.5185,3251.6289,3241.4852,3210.043,3281.2892,3225.872,3186.1509,3112.0663
Portugal,All sectors without LULUCF,Emissions (CO2eq) (AR5),kilotonnes,82448.6684,81287.7177,86175.7455,81138.9274,83158.8547,85294.4511,80188.7317,79243.0536,76749.4137,80065.8496,79988.0487,79685.1379,79401.3754,80143.1427,81533.7704,87063.6128,87434.2231,94491.6681,93611.9982,93611.038,88368.8081
Puerto Rico,Crop Residues,Direct emissions (N2O),kilotonnes,0.0001,0.0001,0.0001,0.0001,0.0001,0.0001,0.0001,0.0001,0.0001,0.0001,0,0,0,0,0,0.0001,0,0,0,0,0
Puerto Rico,Crop Residues,Indirect emissions (N2O),kilotonnes,0,0,0,0,0,0,0,0,0,0,0,0,0,0,0,0,0,0,0,0,0
Puerto Rico,Crop Residues,Emissions (N2O),kilotonnes,0.0001,0.0001,0.0001,0.0001,0.0001,0.0001,0.0001,0.0001,0.0001,0.0001,0.0001,0,0,0,0,0.0001,0,0,0.0001,0,0
Puerto Rico,Crop Residues,Emissions (CO2eq) from N2O (AR5),kilotonnes,0.0381,0.0276,0.0222,0.0217,0.022,0.0233,0.026,0.025,0.0242,0.0234,0.0136,0.0105,0.0074,0.0046,0.005,0.0219,0.0105,0.0108,0.0145,0.0119,0.0128
Puerto Rico,Crop Residues,Emissions (CO2eq) (AR5),kilotonnes,0.0381,0.0276,0.0222,0.0217,0.022,0.0233,0.026,0.025,0.0242,0.0234,0.0136,0.0105,0.0074,0.0046,0.005,0.0219,0.0105,0.0108,0.0145,0.0119,0.0128
Puerto Rico,Rice Cultivation,Emissions (CH4),kilotonnes,0,0,0,0,0,0,0,0,0,0,0,0,0,0,0.0053,0.0206,0.0086,0.0113,0.0134,0.0111,0.012
Puerto Rico,Rice Cultivation,Emissions (CO2eq) from CH4 (AR5),kilotonnes,0,0,0,0,0,0,0,0,0,0,0,0,0,0,0.147,0.5762,0.2411,0.3175,0.3763,0.3116,0.3352
Puerto Rico,Rice Cultivation,Emissions (CO2eq) (AR5),kilotonnes,0,0,0,0,0,0,0,0,0,0,0,0,0,0,0.147,0.5762,0.2411,0.3175,0.3763,0.3116,0.3352
Puerto Rico,Burning - Crop residues,Emissions (CH4),kilotonnes,0.0077,0.0016,0.0039,0.0006,0.0006,0.0006,0.0007,0.0006,0.0006,0.0006,0.0003,0.0002,0.0001,0.0001,0,0.0002,0.0001,0.0001,0.0001,0.0001,0.0001
Puerto Rico,Burning - Crop residues,Emissions (N2O),kilotonnes,0.0002,0,0.0001,0,0,0,0,0,0,0,0,0,0,0,0,0,0,0,0,0,0
Puerto Rico,Burning - Crop residues,Emissions (CO2eq) from CH4 (AR5),kilotonnes,0.2162,0.0448,0.1095,0.0171,0.0171,0.0179,0.0204,0.0179,0.0166,0.0156,0.008,0.0058,0.0039,0.0022,0.0013,0.0044,0.0026,0.0027,0.0036,0.003,0.0031
Puerto Rico,Burning - Crop residues,Emissions (CO2eq) from N2O (AR5),kilotonnes,0.0531,0.011,0.0269,0.0042,0.0042,0.0044,0.005,0.0044,0.0041,0.0038,0.002,0.0014,0.0009,0.0005,0.0003,0.0011,0.0006,0.0007,0.0009,0.0007,0.0007
Puerto Rico,Burning - Crop residues,Emissions (CO2eq) (AR5),kilotonnes,0.2693,0.0557,0.1363,0.0213,0.0213,0.0223,0.0254,0.0223,0.0206,0.0195,0.01,0.0072,0.0048,0.0027,0.0016,0.0055,0.0033,0.0034,0.0044,0.0037,0.0038
Puerto Rico,Enteric Fermentation,Emissions (CH4),kilotonnes,24.2758,24.4597,24.63,25.219,23.4336,22.7846,22.8484,22.979,22.9617,22.9624,23.1268,23.1428,23.1428,23.1428,23.1748,22.3166,22.0353,22.1557,22.2048,22.1672,22.1282
Puerto Rico,Enteric Fermentation,Emissions (CO2eq) from CH4 (AR5),kilotonnes,679.7225,684.8714,689.6403,706.1325,656.1415,637.9676,639.7549,643.412,642.9288,642.9485,647.5504,647.9984,647.9984,647.9984,648.8944,624.8658,616.9878,620.3592,621.7332,620.6825,619.5883
Puerto Rico,Enteric Fermentation,Emissions (CO2eq) (AR5),kilotonnes,679.7225,684.8714,689.6403,706.1325,656.1415,637.9676,639.7549,643.412,642.9288,642.9485,647.5504,647.9984,647.9984,647.9984,648.8944,624.8658,616.9878,620.3592,621.7332,620.6825,619.5883
Puerto Rico,Manure Management,Emissions (CH4),kilotonnes,0.8459,0.8336,0.8235,0.7368,0.6752,0.7201,0.7238,0.7377,0.7417,0.7417,0.7599,0.7702,0.7722,0.7722,0.7726,0.7525,0.7506,0.7525,0.7595,0.762,0.7642
Puerto Rico,Manure Management,Emissions (N2O),kilotonnes,0.0629,0.0579,0.055,0.0402,0.0376,0.0418,0.042,0.0432,0.0435,0.0435,0.0454,0.0463,0.0465,0.0465,0.0466,0.0445,0.045,0.0447,0.0458,0.0462,0.0466
Puerto Rico,Manure Management,Emissions (CO2eq) from CH4 (AR5),kilotonnes,23.684,23.3418,23.0577,20.6304,18.9055,20.1625,20.2651,20.655,20.7676,20.7679,21.2782,21.5643,21.6203,21.6203,21.6324,21.0713,21.016,21.0695,21.2669,21.3347,21.3978
Puerto Rico,Manure Management,Emissions (CO2eq) from N2O (AR5),kilotonnes,16.6772,15.3311,14.5758,10.6599,9.9646,11.0676,11.1272,11.4365,11.5346,11.5356,12.0349,12.2699,12.3135,12.3135,12.3471,11.7835,11.9258,11.8587,12.1492,12.2508,12.3523
Puerto Rico,Manure Management,Emissions (CO2eq) (AR5),kilotonnes,40.3612,38.6729,37.6335,31.2903,28.8701,31.2301,31.3923,32.0915,32.3023,32.3035,33.3131,33.8341,33.9338,33.9338,33.9795,32.8548,32.9418,32.9282,33.4161,33.5855,33.7501
Puerto Rico,Manure left on Pasture,Direct emissions (N2O),kilotonnes,0.5232,0.5298,0.536,0.546,0.4971,0.4989,0.5008,0.505,0.5071,0.5071,0.506,0.5079,0.5084,0.5084,0.5075,0.5011,0.4956,0.4977,0.4998,0.4995,0.4992
Puerto Rico,Manure left on Pasture,Indirect emissions (N2O),kilotonnes,0.116,0.1174,0.1188,0.1173,0.107,0.1076,0.108,0.1089,0.1094,0.1094,0.1091,0.1096,0.1097,0.1097,0.1095,0.108,0.1069,0.1073,0.1077,0.1077,0.1076
Puerto Rico,Manure left on Pasture,Emissions (N2O),kilotonnes,0.6392,0.6472,0.6548,0.6634,0.6041,0.6065,0.6089,0.614,0.6165,0.6164,0.6151,0.6175,0.618,0.618,0.6169,0.6091,0.6025,0.605,0.6075,0.6072,0.6068
Puerto Rico,Manure left on Pasture,Emissions (CO2eq) from N2O (AR5),kilotonnes,169.3787,171.5072,173.5232,175.7961,160.0983,160.7307,161.3471,162.6989,163.3647,163.359,163.0082,163.6286,163.7819,163.7819,163.4901,161.4198,159.6511,160.3304,160.9957,160.9024,160.7913
Puerto Rico,Manure left on Pasture,Emissions (CO2eq) (AR5),kilotonnes,169.3787,171.5072,173.5232,175.7961,160.0983,160.7307,161.3471,162.6989,163.3647,163.359,163.0082,163.6286,163.7819,163.7819,163.4901,161.4198,159.6511,160.3304,160.9957,160.9024,160.7913
Puerto Rico,Manure applied to Soils,Direct emissions (N2O),kilotonnes,0.121,0.1167,0.1133,0.1005,0.0961,0.1037,0.1043,0.1066,0.1068,0.1068,0.1148,0.117,0.1173,0.1173,0.1184,0.1096,0.1095,0.1095,0.1109,0.1114,0.1119
Puerto Rico,Manure applied to Soils,Indirect emissions (N2O),kilotonnes,0.0514,0.0496,0.0481,0.0427,0.0408,0.0441,0.0443,0.0453,0.0454,0.0454,0.0488,0.0497,0.0499,0.0499,0.0503,0.0466,0.0465,0.0465,0.0472,0.0473,0.0475
Puerto Rico,Manure applied to Soils,Emissions (N2O),kilotonnes,0.1724,0.1663,0.1614,0.1433,0.1369,0.1478,0.1486,0.1518,0.1521,0.1522,0.1636,0.1667,0.1672,0.1672,0.1687,0.1561,0.156,0.156,0.1581,0.1588,0.1594
Puerto Rico,Manure applied to Soils,Emissions (CO2eq) from N2O (AR5),kilotonnes,45.6738,44.0615,42.768,37.966,36.2767,39.1747,39.3706,40.239,40.3129,40.3225,43.3509,44.1769,44.3012,44.3012,44.7095,41.3775,41.3514,41.3393,41.8948,42.0715,42.2481
Puerto Rico,Manure applied to Soils,Emissions (CO2eq) (AR5),kilotonnes,45.6738,44.0615,42.768,37.966,36.2767,39.1747,39.3706,40.239,40.3129,40.3225,43.3509,44.1769,44.3012,44.3012,44.7095,41.3775,41.3514,41.3393,41.8948,42.0715,42.2481
Puerto Rico,Drained organic soils,Emissions (CO2eq) (AR5),kilotonnes,93.899,88.5649,86.3373,74.3141,73.2459,71.2892,68.2639,67.1955,65.0595,63.9912,61.8556,60.7871,60.7871,59.7194,62.9228,62.9228,62.9228,62.9228,62.9228,60.9865,63.8429
Puerto Rico,Drained organic soils (CO2),Emissions (CO2),kilotonnes,90.1035,84.985,82.8461,71.307,70.281,68.4025,65.4977,64.4716,62.4201,61.3941,59.3429,58.3168,58.3168,57.2913,60.3679,60.3679,60.3679,60.3679,60.3679,58.5014,61.2394
Puerto Rico,Drained organic soils (CO2),Emissions (CO2eq) (AR5),kilotonnes,90.1035,84.985,82.8461,71.307,70.281,68.4025,65.4977,64.4716,62.4201,61.3941,59.3429,58.3168,58.3168,57.2913,60.3679,60.3679,60.3679,60.3679,60.3679,58.5014,61.2394
Puerto Rico,Drained organic soils (N2O),Emissions (N2O),kilotonnes,0.0143,0.0135,0.0132,0.0113,0.0112,0.0109,0.0104,0.0103,0.01,0.0098,0.0095,0.0093,0.0093,0.0092,0.0096,0.0096,0.0096,0.0096,0.0096,0.0094,0.0098
Puerto Rico,Drained organic soils (N2O),Emissions (CO2eq) from N2O (AR5),kilotonnes,3.7955,3.5799,3.4912,3.0072,2.9649,2.8867,2.7663,2.724,2.6394,2.5971,2.5126,2.4703,2.4703,2.4281,2.5549,2.5549,2.5549,2.5549,2.5549,2.4851,2.6035
Puerto Rico,Drained organic soils (N2O),Emissions (CO2eq) (AR5),kilotonnes,3.7955,3.5799,3.4912,3.0072,2.9649,2.8867,2.7663,2.724,2.6394,2.5971,2.5126,2.4703,2.4703,2.4281,2.5549,2.5549,2.5549,2.5549,2.5549,2.4851,2.6035
Puerto Rico,Forestland,Emissions (CO2),kilotonnes,-1247.6938,-2264.0167,-2264.0167,-2264.0167,-2264.0167,-2264.0167,-2264.0167,-2264.0167,-2264.0167,-2264.0167,-2264.0167,-592.5856,-592.5856,-592.5856,-592.5856,-592.5856,-2691.2029,-2691.2029,-2691.2029,-2691.2029,-2691.2029
Puerto Rico,Forestland,Emissions (CO2eq) (AR5),kilotonnes,-1247.6938,-2264.0167,-2264.0167,-2264.0167,-2264.0167,-2264.0167,-2264.0167,-2264.0167,-2264.0167,-2264.0167,-2264.0167,-592.5856,-592.5856,-592.5856,-592.5856,-592.5856,-2691.2029,-2691.2029,-2691.2029,-2691.2029,-2691.2029
Puerto Rico,Net Forest conversion,Emissions (CO2),kilotonnes,0,0,0,0,0,0,0,0,0,0,0,0,0,0,0,0,0,0,0,0,0
Puerto Rico,Net Forest conversion,Emissions (CO2eq) (AR5),kilotonnes,0,0,0,0,0,0,0,0,0,0,0,0,0,0,0,0,0,0,0,0,0
Puerto Rico,Savanna fires,Emissions (CH4),kilotonnes,0.0024,0,0,0.0026,0,0.0033,0.0006,0,0.0003,0,0.0003,0.0006,0.0028,0.0085,0.0015,0.0031,0,0,0.0006,0.0009,0
Puerto Rico,Savanna fires,Emissions (N2O),kilotonnes,0.0002,0,0,0.0002,0,0.0003,0.0001,0,0,0,0,0.0001,0.0003,0.0008,0.0001,0.0003,0,0,0.0001,0.0001,0
Puerto Rico,Savanna fires,Emissions (CO2eq) from CH4 (AR5),kilotonnes,0.0671,0,0,0.0717,0,0.0912,0.0154,0,0.0083,0,0.0083,0.0165,0.0772,0.2388,0.0427,0.0865,0,0,0.0169,0.0248,0
Puerto Rico,Savanna fires,Emissions (CO2eq) from N2O (AR5),kilotonnes,0.058,0,0,0.0619,0,0.0788,0.0133,0,0.0071,0,0.0071,0.0143,0.0667,0.2064,0.0369,0.0748,0,0,0.0146,0.0214,0
Puerto Rico,Savanna fires,Emissions (CO2eq) (AR5),kilotonnes,0.1252,0,0,0.1336,0,0.1701,0.0288,0,0.0154,0,0.0154,0.0308,0.1439,0.4452,0.0796,0.1613,0,0,0.0316,0.0462,0
Puerto Rico,Fires in organic soils,Emissions (CH4),kilotonnes,0,0,0,0,0,0,0,0,0,0,0,0,0,0,0,0,0,0,0,0,0
Puerto Rico,Fires in organic soils,Emissions (CO2),kilotonnes,0,0,0,0,0,0,0,0,0,0,0,0,0,0,0,0,0,0,0,0,0
Puerto Rico,Fires in organic soils,Emissions (CO2eq) from CH4 (AR5),kilotonnes,0,0,0,0,0,0,0,0,0,0,0,0,0,0,0,0,0,0,0,0,0
Puerto Rico,Fires in organic soils,Emissions (CO2eq) (AR5),kilotonnes,0,0,0,0,0,0,0,0,0,0,0,0,0,0,0,0,0,0,0,0,0
Puerto Rico,Forest fires,Emissions (CH4),kilotonnes,0.0075,0,0,0,0,0,0,0,0,0,0,0,0.0027,0,0,0,0,0,0,0,0
Puerto Rico,Forest fires,Emissions (N2O),kilotonnes,0.0002,0,0,0,0,0,0,0,0,0,0,0,0.0002,0,0,0,0,0,0,0,0
Puerto Rico,Forest fires,Emissions (CO2eq) from CH4 (AR5),kilotonnes,0.2113,0,0,0,0,0,0,0,0,0,0,0,0.0746,0,0,0,0,0,0,0,0
Puerto Rico,Forest fires,Emissions (CO2eq) from N2O (AR5),kilotonnes,0.0588,0,0,0,0,0,0,0,0,0,0,0,0.0644,0,0,0,0,0,0,0,0
Puerto Rico,Forest fires,Emissions (CO2eq) (AR5),kilotonnes,0.2701,0,0,0,0,0,0,0,0,0,0,0,0.139,0,0,0,0,0,0,0,0
Puerto Rico,Fires in humid tropical forests,Emissions (CH4),kilotonnes,0.0075,0,0,0,0,0,0,0,0,0,0,0,0.0027,0,0,0,0,0,0,0,0
Puerto Rico,Fires in humid tropical forests,Emissions (N2O),kilotonnes,0.0002,0,0,0,0,0,0,0,0,0,0,0,0.0002,0,0,0,0,0,0,0,0
Puerto Rico,Fires in humid tropical forests,Emissions (CO2eq) from CH4 (AR5),kilotonnes,0.2113,0,0,0,0,0,0,0,0,0,0,0,0.0746,0,0,0,0,0,0,0,0
Puerto Rico,Fires in humid tropical forests,Emissions (CO2eq) from N2O (AR5),kilotonnes,0.0588,0,0,0,0,0,0,0,0,0,0,0,0.0644,0,0,0,0,0,0,0,0
Puerto Rico,Fires in humid tropical forests,Emissions (CO2eq) (AR5),kilotonnes,0.2701,0,0,0,0,0,0,0,0,0,0,0,0.139,0,0,0,0,0,0,0,0
Puerto Rico,Waste - agri-food systems,Emissions (CH4),kilotonnes,34.8491,34.9449,35.0461,35.111,35.2315,35.3024,35.3802,35.4518,35.5174,35.5755,35.6313,35.6835,35.7029,35.7226,35.6133,35.6289,35.6519,35.6688,35.6683,35.6639,35.6453
Puerto Rico,Waste - agri-food systems,Emissions (N2O),kilotonnes,0.0021,0.0019,0.0019,0.0017,0.002,0.0019,0.0019,0.002,0.002,0.002,0.0021,0.0022,0.0021,0.002,0.0009,0.0009,0.001,0.001,0.0011,0.0009,0.0007
Puerto Rico,Waste - agri-food systems,Emissions (CO2),kilotonnes,48.3756,48.5992,48.6659,48.7511,48.8891,48.9743,49.0508,49.1003,49.1878,49.2441,49.284,49.3226,49.346,49.3629,49.3628,49.3804,49.3984,49.3817,49.3337,49.4092,49.3759
Puerto Rico,Waste - agri-food systems,Emissions (CO2eq) from CH4 (AR5),kilotonnes,975.7752,978.4576,981.2921,983.1076,986.4823,988.4678,990.6456,992.6518,994.4876,996.1138,997.6757,999.1367,999.6823,1000.2341,997.1712,997.6104,998.2528,998.727,998.7116,998.5899,998.0676
Puerto Rico,Waste - agri-food systems,Emissions (CO2eq) from N2O (AR5),kilotonnes,0.5694,0.5065,0.5088,0.4588,0.5192,0.4943,0.5029,0.5251,0.5303,0.535,0.5535,0.5768,0.5454,0.5288,0.248,0.242,0.2537,0.2728,0.2835,0.2364,0.1893
Puerto Rico,Waste - agri-food systems,Emissions (CO2eq) (AR5),kilotonnes,1024.7202,1027.5632,1030.4669,1032.3176,1035.8906,1037.9364,1040.1992,1042.2772,1044.2057,1045.893,1047.5132,1049.0361,1049.5736,1050.1258,1046.782,1047.2328,1047.9049,1048.3816,1048.3288,1048.2355,1047.6329
Puerto Rico,On-farm electricity use,Emissions (CH4),kilotonnes,,,,,,,,,,,,,,,,,,,,,
Puerto Rico,On-farm electricity use,Emissions (N2O),kilotonnes,,,,,,,,,,,,,,,,,,,,,
Puerto Rico,On-farm electricity use,Emissions (CO2),kilotonnes,,,,,,,,,,,,,,,,,,,,,
Puerto Rico,On-farm electricity use,Emissions (CO2eq) (AR5),kilotonnes,,,,,,,,,,,,,,,,,,,,,
Puerto Rico,Farm-gate emissions,Emissions (CH4),kilotonnes,25.1318,25.2949,25.4574,25.959,24.1094,23.5085,23.5734,23.7173,23.7043,23.7047,23.8873,23.9138,23.9178,23.9236,23.9542,23.093,22.7946,22.9196,22.9785,22.9413,22.9044
Puerto Rico,Farm-gate emissions,Direct emissions (N2O),kilotonnes,0.6442,0.6465,0.6494,0.6466,0.5933,0.6027,0.6052,0.6117,0.6139,0.6139,0.6208,0.6249,0.6257,0.6257,0.6259,0.6108,0.6051,0.6072,0.6108,0.6109,0.6111
Puerto Rico,Farm-gate emissions,Indirect emissions (N2O),kilotonnes,0.1674,0.167,0.1669,0.1601,0.1478,0.1517,0.1523,0.1542,0.1548,0.1548,0.1579,0.1593,0.1595,0.1595,0.1598,0.1546,0.1534,0.1538,0.1549,0.155,0.1552
Puerto Rico,Farm-gate emissions,Emissions (N2O),kilotonnes,0.8893,0.885,0.8846,0.8586,0.7899,0.8074,0.81,0.8193,0.8222,0.822,0.8337,0.8399,0.8413,0.8416,0.8421,0.8197,0.8132,0.8155,0.8212,0.8217,0.8227
Puerto Rico,Farm-gate emissions,Emissions (CO2),kilotonnes,90.1035,84.985,82.8461,71.307,70.281,68.4025,65.4977,64.4716,62.4201,61.3941,59.3429,58.3168,58.3168,57.2913,60.3679,60.3679,60.3679,60.3679,60.3679,58.5014,61.2394
Puerto Rico,Farm-gate emissions,Emissions (CO2eq) from CH4 (AR5),kilotonnes,703.6899,708.258,712.8075,726.8517,675.064,658.2393,660.0559,664.0849,663.7213,663.7321,668.8449,669.585,669.6997,669.8597,670.7178,646.6043,638.2475,641.7489,643.3969,642.3566,641.3243
Puerto Rico,Farm-gate emissions,Emissions (CO2eq) from N2O (AR5),kilotonnes,235.6743,234.5182,234.4073,227.5169,209.3307,213.9662,214.6555,217.1277,217.8871,217.8415,220.9294,222.572,222.942,223.0363,223.1438,217.2334,215.4944,216.0946,217.6245,217.7439,218.0087
Puerto Rico,Farm-gate emissions,Emissions (CO2eq) (AR5),kilotonnes,1029.4677,1027.7612,1030.0609,1025.6755,954.6757,940.608,940.209,945.6842,944.0285,942.9677,949.1172,950.4738,950.9585,950.1872,954.2295,924.2057,914.1097,918.2114,921.3893,918.6019,920.5724
Puerto Rico,Land Use change,Emissions (CH4),kilotonnes,0.0075,0,0,0,0,0,0,0,0,0,0,0,0.0027,0,0,0,0,0,0,0,0
Puerto Rico,Land Use change,Emissions (N2O),kilotonnes,0.0002,0,0,0,0,0,0,0,0,0,0,0,0.0002,0,0,0,0,0,0,0,0
Puerto Rico,Land Use change,Emissions (CO2),kilotonnes,0,0,0,0,0,0,0,0,0,0,0,0,0,0,0,0,0,0,0,0,0
Puerto Rico,Land Use change,Emissions (CO2eq) from CH4 (AR5),kilotonnes,0.2113,0,0,0,0,0,0,0,0,0,0,0,0.0746,0,0,0,0,0,0,0,0
Puerto Rico,Land Use change,Emissions (CO2eq) from N2O (AR5),kilotonnes,0.0588,0,0,0,0,0,0,0,0,0,0,0,0.0644,0,0,0,0,0,0,0,0
Puerto Rico,Land Use change,Emissions (CO2eq) (AR5),kilotonnes,0.2701,0,0,0,0,0,0,0,0,0,0,0,0.139,0,0,0,0,0,0,0,0
Puerto Rico,Emissions on agricultural land,Emissions (CH4),kilotonnes,25.1393,25.2949,25.4574,25.959,24.1094,23.5085,23.5734,23.7173,23.7043,23.7047,23.8873,23.9138,23.9205,23.9236,23.9542,23.093,22.7946,22.9196,22.9785,22.9413,22.9044
Puerto Rico,Emissions on agricultural land,Emissions (N2O),kilotonnes,0.8896,0.885,0.8846,0.8586,0.7899,0.8074,0.81,0.8193,0.8222,0.822,0.8337,0.8399,0.8415,0.8416,0.8421,0.8197,0.8132,0.8155,0.8212,0.8217,0.8227
Puerto Rico,Emissions on agricultural land,Emissions (CO2),kilotonnes,90.1035,84.985,82.8461,71.307,70.281,68.4025,65.4977,64.4716,62.4201,61.3941,59.3429,58.3168,58.3168,57.2913,60.3679,60.3679,60.3679,60.3679,60.3679,58.5014,61.2394
Puerto Rico,Emissions on agricultural land,Emissions (CO2eq) from CH4 (AR5),kilotonnes,703.9012,708.258,712.8075,726.8517,675.064,658.2393,660.0559,664.0849,663.7213,663.7321,668.8449,669.585,669.7742,669.8597,670.7178,646.6043,638.2475,641.7489,643.3969,642.3566,641.3243
Puerto Rico,Emissions on agricultural land,Emissions (CO2eq) from N2O (AR5),kilotonnes,235.7331,234.5182,234.4073,227.5169,209.3307,213.9662,214.6555,217.1277,217.8871,217.8415,220.9294,222.572,223.0064,223.0363,223.1438,217.2334,215.4944,216.0946,217.6245,217.7439,218.0087
Puerto Rico,Emissions on agricultural land,Emissions (CO2eq) (AR5),kilotonnes,1029.7378,1027.7612,1030.0609,1025.6755,954.6757,940.608,940.209,945.6842,944.0285,942.9677,949.1172,950.4738,951.0975,950.1872,954.2295,924.2057,914.1097,918.2114,921.3893,918.6019,920.5724
Puerto Rico,Pre- and post- production,Emissions (CH4),kilotonnes,34.8491,34.9449,35.0461,35.111,35.2315,35.3024,35.3802,35.4518,35.5174,35.5755,35.6313,35.6835,35.7029,35.7226,35.6133,35.6289,35.6519,35.6688,35.6683,35.6639,35.6453
Puerto Rico,Pre- and post- production,Emissions (N2O),kilotonnes,0.0021,0.0019,0.0019,0.0017,0.002,0.0019,0.0019,0.002,0.002,0.002,0.0021,0.0022,0.0021,0.002,0.0009,0.0009,0.001,0.001,0.0011,0.0009,0.0007
Puerto Rico,Pre- and post- production,Emissions (CO2),kilotonnes,48.3756,48.5992,48.6659,48.7511,48.8891,48.9743,49.0508,49.1003,49.1878,49.2441,49.284,49.3226,49.346,49.3629,49.3628,49.3804,49.3984,49.3817,49.3337,49.4092,49.3759
Puerto Rico,Pre- and post- production,Emissions (CO2eq) from CH4 (AR5),kilotonnes,975.7752,978.4576,981.2921,983.1076,986.4823,988.4678,990.6456,992.6518,994.4876,996.1138,997.6757,999.1367,999.6823,1000.2341,997.1712,997.6104,998.2528,998.727,998.7116,998.5899,998.0676
Puerto Rico,Pre- and post- production,Emissions (CO2eq) from N2O (AR5),kilotonnes,0.5694,0.5065,0.5088,0.4588,0.5192,0.4943,0.5029,0.5251,0.5303,0.535,0.5535,0.5768,0.5454,0.5288,0.248,0.242,0.2537,0.2728,0.2835,0.2364,0.1893
Puerto Rico,Pre- and post- production,Emissions (CO2eq) (AR5),kilotonnes,1024.7202,1027.5632,1030.4669,1032.3176,1035.8906,1037.9364,1040.1992,1042.2772,1044.2057,1045.893,1047.5132,1049.0361,1049.5736,1050.1258,1046.782,1047.2328,1047.9049,1048.3816,1048.3288,1048.2355,1047.6329
Puerto Rico,Agri-food systems,Emissions (CH4),kilotonnes,59.9884,60.2398,60.5036,61.07,59.3409,58.811,58.9536,59.1692,59.2217,59.2802,59.5186,59.5972,59.6234,59.6462,59.5675,58.722,58.4464,58.5884,58.6467,58.6052,58.5497
Puerto Rico,Agri-food systems,Emissions (N2O),kilotonnes,0.8917,0.8869,0.8865,0.8603,0.7919,0.8093,0.8119,0.8213,0.8242,0.8241,0.8358,0.8421,0.8436,0.8436,0.843,0.8207,0.8141,0.8165,0.8223,0.8226,0.8234
Puerto Rico,Agri-food systems,Emissions (CO2),kilotonnes,138.4791,133.5841,131.512,120.0581,119.1701,117.3768,114.5485,113.5719,111.6079,110.6382,108.6269,107.6394,107.6628,106.6542,109.7307,109.7483,109.7663,109.7496,109.7016,107.9106,110.6153
Puerto Rico,Agri-food systems,Emissions (CO2eq) from CH4 (AR5),kilotonnes,1679.6764,1686.7156,1694.0996,1709.9593,1661.5463,1646.7071,1650.7014,1656.7367,1658.2089,1659.8459,1666.5206,1668.7217,1669.4565,1670.0937,1667.889,1644.2148,1636.5002,1640.4759,1642.1085,1640.9466,1639.3919
Puerto Rico,Agri-food systems,Emissions (CO2eq) from N2O (AR5),kilotonnes,236.3025,235.0247,234.9161,227.9757,209.85,214.4605,215.1584,217.6528,218.4174,218.3766,221.4829,223.1488,223.5518,223.5651,223.3918,217.4754,215.7481,216.3674,217.9081,217.9803,218.198
Puerto Rico,Agri-food systems,Emissions (CO2eq) (AR5),kilotonnes,2054.458,2055.3244,2060.5277,2057.9931,1990.5663,1978.5443,1980.4082,1987.9614,1988.2341,1988.8607,1996.6304,1999.5099,2000.6711,2000.313,2001.0114,1971.4385,1962.0146,1966.593,1969.7181,1966.8374,1968.2053
Puerto Rico,IPCC Agriculture,Emissions (CH4),kilotonnes,25.1318,25.2949,25.4574,25.959,24.1094,23.5085,23.5734,23.7173,23.7043,23.7047,23.8873,23.9138,23.9178,23.9236,23.9542,23.093,22.7946,22.9196,22.9785,22.9413,22.9044
Puerto Rico,IPCC Agriculture,Direct emissions (N2O),kilotonnes,0.6442,0.6465,0.6494,0.6466,0.5933,0.6027,0.6052,0.6117,0.6139,0.6139,0.6208,0.6249,0.6257,0.6257,0.6259,0.6108,0.6051,0.6072,0.6108,0.6109,0.6111
Puerto Rico,IPCC Agriculture,Indirect emissions (N2O),kilotonnes,0.1674,0.167,0.1669,0.1601,0.1478,0.1517,0.1523,0.1542,0.1548,0.1548,0.1579,0.1593,0.1595,0.1595,0.1598,0.1546,0.1534,0.1538,0.1549,0.155,0.1552
Puerto Rico,IPCC Agriculture,Emissions (N2O),kilotonnes,0.8893,0.885,0.8846,0.8586,0.7899,0.8074,0.81,0.8193,0.8222,0.822,0.8337,0.8399,0.8413,0.8416,0.8421,0.8197,0.8132,0.8155,0.8212,0.8217,0.8227
Puerto Rico,IPCC Agriculture,Emissions (CO2eq) from CH4 (AR5),kilotonnes,703.6899,708.258,712.8075,726.8517,675.064,658.2393,660.0559,664.0849,663.7213,663.7321,668.8449,669.585,669.6997,669.8597,670.7178,646.6043,638.2475,641.7489,643.3969,642.3566,641.3243
Puerto Rico,IPCC Agriculture,Emissions (CO2eq) from N2O (AR5),kilotonnes,235.6743,234.5182,234.4073,227.5169,209.3307,213.9662,214.6555,217.1277,217.8871,217.8415,220.9294,222.572,222.942,223.0363,223.1438,217.2334,215.4944,216.0946,217.6245,217.7439,218.0087
Puerto Rico,IPCC Agriculture,Emissions (CO2eq) (AR5),kilotonnes,939.3642,942.7762,947.2148,954.3686,884.3948,872.2055,874.7114,881.2126,881.6084,881.5736,889.7743,892.157,892.6417,892.8959,893.8616,863.8378,853.7418,857.8435,861.0214,860.1005,859.333
Puerto Rico,Agricultural Soils,Direct emissions (N2O),kilotonnes,0.6442,0.6465,0.6494,0.6466,0.5933,0.6027,0.6052,0.6117,0.6139,0.6139,0.6208,0.6249,0.6257,0.6257,0.6259,0.6108,0.6051,0.6072,0.6108,0.6109,0.6111
Puerto Rico,Agricultural Soils,Indirect emissions (N2O),kilotonnes,0.1674,0.167,0.1669,0.1601,0.1478,0.1517,0.1523,0.1542,0.1548,0.1548,0.1579,0.1593,0.1595,0.1595,0.1598,0.1546,0.1534,0.1538,0.1549,0.155,0.1552
Puerto Rico,Agricultural Soils,Emissions (N2O),kilotonnes,0.826,0.8271,0.8295,0.8181,0.7523,0.7653,0.768,0.7762,0.7786,0.7785,0.7882,0.7935,0.7946,0.7944,0.7953,0.775,0.7682,0.7707,0.7753,0.7754,0.7761
Puerto Rico,Agricultural Soils,Emissions (CO2eq) from N2O (AR5),kilotonnes,218.8861,219.1761,219.8046,216.7909,199.3619,202.8154,203.51,205.6868,206.3413,206.3021,208.8854,210.2864,210.5609,210.5158,210.7594,205.3741,203.5679,204.2352,205.4598,205.4709,205.6557
Puerto Rico,Agricultural Soils,Emissions (CO2eq) (AR5),kilotonnes,218.8861,219.1761,219.8046,216.7909,199.3619,202.8154,203.51,205.6868,206.3413,206.3021,208.8854,210.2864,210.5609,210.5158,210.7594,205.3741,203.5679,204.2352,205.4598,205.4709,205.6557
Puerto Rico,LULUCF,Emissions (CH4),kilotonnes,0.0075,0,0,0,0,0,0,0,0,0,0,0,0.0027,0,0,0,0,0,0,0,0
Puerto Rico,LULUCF,Emissions (N2O),kilotonnes,0.0002,0,0,0,0,0,0,0,0,0,0,0,0.0002,0,0,0,0,0,0,0,0
Puerto Rico,LULUCF,Emissions (CO2),kilotonnes,-1157.5904,-2179.0317,-2181.1706,-2192.7097,-2193.7357,-2195.6142,-2198.519,-2199.5451,-2201.5966,-2202.6226,-2204.6738,-534.2688,-534.2688,-535.2943,-532.2177,-532.2177,-2630.835,-2630.835,-2630.835,-2632.7016,-2629.9635
Puerto Rico,LULUCF,Emissions (CO2eq) from CH4 (AR5),kilotonnes,0.2113,0,0,0,0,0,0,0,0,0,0,0,0.0746,0,0,0,0,0,0,0,0
Puerto Rico,LULUCF,Emissions (CO2eq) from N2O (AR5),kilotonnes,0.0588,0,0,0,0,0,0,0,0,0,0,0,0.0644,0,0,0,0,0,0,0,0
Puerto Rico,LULUCF,Emissions (CO2eq) (AR5),kilotonnes,-1157.3202,-2179.0317,-2181.1706,-2192.7097,-2193.7357,-2195.6142,-2198.519,-2199.5451,-2201.5966,-2202.6226,-2204.6738,-534.2688,-534.1298,-535.2943,-532.2177,-532.2177,-2630.835,-2630.835,-2630.835,-2632.7016,-2629.9635
Puerto Rico,AFOLU,Emissions (CH4),kilotonnes,25.1393,25.2949,25.4574,25.959,24.1094,23.5085,23.5734,23.7173,23.7043,23.7047,23.8873,23.9138,23.9205,23.9236,23.9542,23.093,22.7946,22.9196,22.9785,22.9413,22.9044
Puerto Rico,AFOLU,Emissions (N2O),kilotonnes,0.8896,0.885,0.8846,0.8586,0.7899,0.8074,0.81,0.8193,0.8222,0.822,0.8337,0.8399,0.8415,0.8416,0.8421,0.8197,0.8132,0.8155,0.8212,0.8217,0.8227
Puerto Rico,AFOLU,Emissions (CO2),kilotonnes,-1157.5904,-2179.0317,-2181.1706,-2192.7097,-2193.7357,-2195.6142,-2198.519,-2199.5451,-2201.5966,-2202.6226,-2204.6738,-534.2688,-534.2688,-535.2943,-532.2177,-532.2177,-2630.835,-2630.835,-2630.835,-2632.7016,-2629.9635
Puerto Rico,AFOLU,Emissions (CO2eq) from CH4 (AR5),kilotonnes,703.9012,708.258,712.8075,726.8517,675.064,658.2393,660.0559,664.0849,663.7213,663.7321,668.8449,669.585,669.7742,669.8597,670.7178,646.6043,638.2475,641.7489,643.3969,642.3566,641.3243
Puerto Rico,AFOLU,Emissions (CO2eq) from N2O (AR5),kilotonnes,235.7331,234.5182,234.4073,227.5169,209.3307,213.9662,214.6555,217.1277,217.8871,217.8415,220.9294,222.572,223.0064,223.0363,223.1438,217.2334,215.4944,216.0946,217.6245,217.7439,218.0087
Puerto Rico,AFOLU,Emissions (CO2eq) (AR5),kilotonnes,-217.956,-1236.2555,-1233.9558,-1238.3412,-1309.341,-1323.4087,-1323.8077,-1318.3325,-1319.9882,-1321.049,-1314.8995,357.8882,358.5119,357.6016,361.6439,331.6201,-1777.0932,-1772.9915,-1769.8136,-1772.6011,-1770.6305
Puerto Rico,All sectors with LULUCF,Emissions (CH4),kilotonnes,25.1393,25.2949,25.4574,25.959,24.1094,23.5085,23.5734,23.7173,23.7043,23.7047,23.8873,23.9138,23.9205,23.9236,23.9542,23.093,22.7946,22.9196,22.9785,22.9413,22.9044
Puerto Rico,All sectors with LULUCF,Emissions (N2O),kilotonnes,0.8896,0.885,0.8846,0.8586,0.7899,0.8074,0.81,0.8193,0.8222,0.822,0.8337,0.8399,0.8415,0.8416,0.8421,0.8197,0.8132,0.8155,0.8212,0.8217,0.8227
Puerto Rico,All sectors with LULUCF,Emissions (CO2),kilotonnes,-1157.5904,-2179.0317,-2181.1706,-2192.7097,-2193.7357,-2195.6142,-2198.519,-2199.5451,-2201.5966,-2202.6226,-2204.6738,-534.2688,-534.2688,-535.2943,-532.2177,-532.2177,-2630.835,-2630.835,-2630.835,-2632.7016,-2629.9635
Puerto Rico,All sectors with LULUCF,Emissions (CO2eq) from CH4 (AR5),kilotonnes,703.9012,708.258,712.8075,726.8517,675.064,658.2393,660.0559,664.0849,663.7213,663.7321,668.8449,669.585,669.7742,669.8597,670.7178,646.6043,638.2475,641.7489,643.3969,642.3566,641.3243
Puerto Rico,All sectors with LULUCF,Emissions (CO2eq) from N2O (AR5),kilotonnes,235.7331,234.5182,234.4073,227.5169,209.3307,213.9662,214.6555,217.1277,217.8871,217.8415,220.9294,222.572,223.0064,223.0363,223.1438,217.2334,215.4944,216.0946,217.6245,217.7439,218.0087
Puerto Rico,All sectors with LULUCF,Emissions (CO2eq) (AR5),kilotonnes,-217.956,-1236.2555,-1233.9558,-1238.3412,-1309.341,-1323.4087,-1323.8077,-1318.3325,-1319.9882,-1321.049,-1314.8995,357.8882,358.5119,357.6016,361.6439,331.6201,-1777.0932,-1772.9915,-1769.8136,-1772.6011,-1770.6305
Puerto Rico,All sectors without LULUCF,Emissions (CH4),kilotonnes,25.1318,25.2949,25.4574,25.959,24.1094,23.5085,23.5734,23.7173,23.7043,23.7047,23.8873,23.9138,23.9178,23.9236,23.9542,23.093,22.7946,22.9196,22.9785,22.9413,22.9044
Puerto Rico,All sectors without LULUCF,Emissions (N2O),kilotonnes,0.8893,0.885,0.8846,0.8586,0.7899,0.8074,0.81,0.8193,0.8222,0.822,0.8337,0.8399,0.8413,0.8416,0.8421,0.8197,0.8132,0.8155,0.8212,0.8217,0.8227
Puerto Rico,All sectors without LULUCF,Emissions (CO2eq) from CH4 (AR5),kilotonnes,703.6899,708.258,712.8075,726.8517,675.064,658.2393,660.0559,664.0849,663.7213,663.7321,668.8449,669.585,669.6997,669.8597,670.7178,646.6043,638.2475,641.7489,643.3969,642.3566,641.3243
Puerto Rico,All sectors without LULUCF,Emissions (CO2eq) from N2O (AR5),kilotonnes,235.6743,234.5182,234.4073,227.5169,209.3307,213.9662,214.6555,217.1277,217.8871,217.8415,220.9294,222.572,222.942,223.0363,223.1438,217.2334,215.4944,216.0946,217.6245,217.7439,218.0087
Puerto Rico,All sectors without LULUCF,Emissions (CO2eq) (AR5),kilotonnes,939.3642,942.7762,947.2148,954.3686,884.3948,872.2055,874.7114,881.2126,881.6084,881.5736,889.7743,892.157,892.6417,892.8959,893.8616,863.8378,853.7418,857.8435,861.0214,860.1005,859.333
Qatar,Crop Residues,Direct emissions (N2O),kilotonnes,0.001,0.0009,0.001,0.0012,0.0007,0.0011,0.0011,0.0007,0.0005,0.0003,0.0004,0.0002,0.0003,0.0003,0.0004,0.0003,0.0002,0.0002,0.0003,0.0001,0.0002
Qatar,Crop Residues,Indirect emissions (N2O),kilotonnes,0.0002,0.0002,0.0002,0.0003,0.0002,0.0002,0.0002,0.0002,0.0001,0.0001,0.0001,0.0001,0.0001,0.0001,0.0001,0.0001,0,0,0.0001,0,0.0001
Qatar,Crop Residues,Emissions (N2O),kilotonnes,0.0013,0.0012,0.0012,0.0015,0.0009,0.0013,0.0013,0.0009,0.0006,0.0004,0.0005,0.0003,0.0003,0.0003,0.0004,0.0003,0.0003,0.0002,0.0003,0.0002,0.0003
Qatar,Crop Residues,Emissions (CO2eq) from N2O (AR5),kilotonnes,0.34,0.3072,0.3148,0.3844,0.2434,0.3451,0.3451,0.2429,0.1475,0.1031,0.1211,0.0808,0.0862,0.0926,0.1143,0.0897,0.067,0.0659,0.0905,0.0406,0.0742
Qatar,Crop Residues,Emissions (CO2eq) (AR5),kilotonnes,0.34,0.3072,0.3148,0.3844,0.2434,0.3451,0.3451,0.2429,0.1475,0.1031,0.1211,0.0808,0.0862,0.0926,0.1143,0.0897,0.067,0.0659,0.0905,0.0406,0.0742
Qatar,Burning - Crop residues,Emissions (CH4),kilotonnes,0.0004,0.0003,0.0004,0.0003,0.0003,0.0002,0.0002,0.0002,0.0002,0.0002,0.0003,0.0003,0.0003,0.0003,0.0004,0.0002,0.0001,0.0001,0.0004,0.0001,0.0002
Qatar,Burning - Crop residues,Emissions (N2O),kilotonnes,0,0,0,0,0,0,0,0,0,0,0,0,0,0,0,0,0,0,0,0,0
Qatar,Burning - Crop residues,Emissions (CO2eq) from CH4 (AR5),kilotonnes,0.0119,0.0092,0.0105,0.0092,0.0072,0.0053,0.0056,0.0057,0.0056,0.0059,0.0073,0.0071,0.0077,0.0085,0.0105,0.0053,0.0036,0.0041,0.0114,0.0038,0.0058
Qatar,Burning - Crop residues,Emissions (CO2eq) from N2O (AR5),kilotonnes,0.0029,0.0023,0.0026,0.0023,0.0018,0.0013,0.0014,0.0014,0.0014,0.0015,0.0018,0.0018,0.0019,0.0021,0.0026,0.0013,0.0009,0.001,0.0028,0.0009,0.0014
Qatar,Burning - Crop residues,Emissions (CO2eq) (AR5),kilotonnes,0.0148,0.0115,0.013,0.0115,0.009,0.0066,0.007,0.0071,0.007,0.0074,0.0091,0.0089,0.0096,0.0106,0.0131,0.0066,0.0044,0.0051,0.0143,0.0047,0.0072
Qatar,Enteric Fermentation,Emissions (CH4),kilotonnes,4.9196,3.3647,3.4396,3.4588,3.5278,2.243,2.7683,3.2708,3.2753,4.5334,4.8375,5.49,6.0621,7.0666,5.5629,9.3737,11.1816,12.4075,14.2333,14.8707,14.8549
Qatar,Enteric Fermentation,Emissions (CH4),kilotonnes,,,,,,,,3.8405,,,,,,,,,,,,,
Qatar,Enteric Fermentation,Emissions (CO2eq) from CH4 (AR5),kilotonnes,137.7492,94.2112,96.3084,96.8462,98.7771,62.8044,77.5135,91.5824,91.7084,126.9354,135.4513,153.7199,169.7376,197.8654,155.7625,262.4639,313.0855,347.4091,398.5321,416.3783,415.9381
Qatar,Enteric Fermentation,Emissions (CO2eq) from CH4 (AR5),kilotonnes,,,,,,,,107.534,,,,,,,,,,,,,
Qatar,Enteric Fermentation,Emissions (CO2eq) (AR5),kilotonnes,137.7492,94.2112,96.3084,96.8462,98.7771,62.8044,77.5135,91.5824,91.7084,126.9354,135.4513,153.7199,169.7376,197.8654,155.7625,262.4639,313.0855,347.4091,398.5321,416.3783,415.9381
Qatar,Enteric Fermentation,Emissions (CO2eq) (AR5),kilotonnes,,,,,,,,107.534,,,,,,,,,,,,,
Qatar,Manure Management,Emissions (CH4),kilotonnes,0.3316,0.2477,0.2647,0.2586,0.2653,0.2016,0.2362,0.2716,0.2882,0.368,0.3933,0.4411,0.4733,0.5192,0.4061,0.6203,0.6764,0.714,0.7811,0.7909,0.7313
Qatar,Manure Management,Emissions (CH4),kilotonnes,,,,,,,,0.2004,,,,,,,,,,,,,
Qatar,Manure Management,Emissions (N2O),kilotonnes,0.004,0.0036,0.0041,0.0039,0.0041,0.0041,0.0042,0.0046,0.0053,0.006,0.0065,0.007,0.0074,0.0077,0.0074,0.0073,0.0069,0.0059,0.0055,0.0047,0.0025
Qatar,Manure Management,Emissions (CO2eq) from CH4 (AR5),kilotonnes,9.2853,6.9355,7.4124,7.2414,7.4292,5.6455,6.6125,7.6046,8.0693,10.3032,11.0135,12.3494,13.2534,14.5373,11.3703,17.3673,18.9388,19.9914,21.8706,22.1442,20.4753
Qatar,Manure Management,Emissions (CO2eq) from CH4 (AR5),kilotonnes,,,,,,,,5.6112,,,,,,,,,,,,,
Qatar,Manure Management,Emissions (CO2eq) from N2O (AR5),kilotonnes,1.0534,0.9612,1.0886,1.0433,1.084,1.0892,1.1237,1.2068,1.3913,1.5969,1.7103,1.8548,1.9705,2.0456,1.9692,1.9361,1.8375,1.5581,1.4517,1.2575,0.6549
Qatar,Manure Management,Emissions (CO2eq) (AR5),kilotonnes,10.3388,7.8967,8.501,8.2847,8.5132,6.7348,7.7362,8.8113,9.4606,11.9001,12.7238,14.2043,15.2239,16.583,13.3395,19.3033,20.7762,21.5495,23.3223,23.4016,21.1302
Qatar,Manure Management,Emissions (CO2eq) (AR5),kilotonnes,,,,,,,,5.6112,,,,,,,,,,,,,
Qatar,Manure left on Pasture,Direct emissions (N2O),kilotonnes,0.1727,0.1301,0.1373,0.1358,0.1392,0.1155,0.1244,0.1361,0.1431,0.1817,0.1927,0.2117,0.2356,0.2722,0.276,0.3402,0.3984,0.4187,0.4602,0.4723,0.4562
Qatar,Manure left on Pasture,Indirect emissions (N2O),kilotonnes,0.0607,0.0448,0.0466,0.0466,0.0477,0.0386,0.0419,0.0463,0.0477,0.0615,0.0652,0.0724,0.0815,0.0946,0.0959,0.1246,0.1476,0.1592,0.1745,0.18,0.1775
Qatar,Manure left on Pasture,Emissions (N2O),kilotonnes,0.2334,0.1749,0.1839,0.1824,0.1869,0.1541,0.1663,0.1823,0.1908,0.2432,0.2579,0.2842,0.3171,0.3669,0.3719,0.4649,0.546,0.5779,0.6347,0.6523,0.6337
Qatar,Manure left on Pasture,Emissions (CO2eq) from N2O (AR5),kilotonnes,61.8558,46.3459,48.7462,48.3415,49.5405,40.835,44.067,48.3192,50.5637,64.4409,68.3452,75.3097,84.0201,97.2184,98.5501,123.1882,144.7014,153.1401,168.1889,172.8702,167.933
Qatar,Manure left on Pasture,Emissions (CO2eq) (AR5),kilotonnes,61.8558,46.3459,48.7462,48.3415,49.5405,40.835,44.067,48.3192,50.5637,64.4409,68.3452,75.3097,84.0201,97.2184,98.5501,123.1882,144.7014,153.1401,168.1889,172.8702,167.933
Qatar,Manure applied to Soils,Direct emissions (N2O),kilotonnes,0.0077,0.0071,0.008,0.0077,0.008,0.0081,0.0084,0.009,0.0104,0.0119,0.0127,0.0138,0.0147,0.0151,0.0145,0.0143,0.0134,0.0114,0.0103,0.0088,0.0042
Qatar,Manure applied to Soils,Indirect emissions (N2O),kilotonnes,0.0033,0.003,0.0034,0.0033,0.0034,0.0034,0.0035,0.0038,0.0044,0.005,0.0054,0.0059,0.0062,0.0064,0.0062,0.0061,0.0057,0.0048,0.0044,0.0037,0.0018
Qatar,Manure applied to Soils,Emissions (N2O),kilotonnes,0.011,0.0101,0.0115,0.011,0.0114,0.0116,0.0119,0.0128,0.0148,0.0169,0.0181,0.0197,0.0209,0.0216,0.0207,0.0204,0.0191,0.0162,0.0147,0.0125,0.006
Qatar,Manure applied to Soils,Emissions (CO2eq) from N2O (AR5),kilotonnes,2.9052,2.6752,3.0346,2.9084,3.023,3.0613,3.1542,3.3931,3.9187,4.4791,4.8003,5.2203,5.5463,5.7146,5.4737,5.408,5.0649,4.2861,3.9048,3.3222,1.5952
Qatar,Manure applied to Soils,Emissions (CO2eq) (AR5),kilotonnes,2.9052,2.6752,3.0346,2.9084,3.023,3.0613,3.1542,3.3931,3.9187,4.4791,4.8003,5.2203,5.5463,5.7146,5.4737,5.408,5.0649,4.2861,3.9048,3.3222,1.5952
Qatar,Synthetic Fertilizers,Direct emissions (N2O),kilotonnes,0.0079,0.0141,0.0157,0.0157,0.0157,0.0157,0.0157,0.0157,0.0157,0.0157,0.0157,0.0157,0.0157,0.0251,0.022,0.0189,0.0189,0.022,0.0236,0.0236,0.0236
Qatar,Synthetic Fertilizers,Indirect emissions (N2O),kilotonnes,0.0026,0.0046,0.0051,0.0051,0.0051,0.0051,0.0051,0.0051,0.0051,0.0051,0.0051,0.0051,0.0051,0.0082,0.0071,0.0061,0.0061,0.0071,0.0077,0.0077,0.0077
Qatar,Synthetic Fertilizers,Emissions (N2O),kilotonnes,0.0104,0.0187,0.0208,0.0208,0.0208,0.0208,0.0208,0.0208,0.0208,0.0208,0.0208,0.0208,0.0208,0.0333,0.0291,0.025,0.025,0.0291,0.0312,0.0312,0.0312
Qatar,Synthetic Fertilizers,Emissions (CO2eq) from N2O (AR5),kilotonnes,2.7588,4.9659,5.5177,5.5177,5.5177,5.5177,5.5177,5.5177,5.5177,5.5177,5.5177,5.5177,5.5177,8.8283,7.7247,6.6212,6.6212,7.7247,8.2765,8.2765,8.2765
Qatar,Synthetic Fertilizers,Emissions (CO2eq) (AR5),kilotonnes,2.7588,4.9659,5.5177,5.5177,5.5177,5.5177,5.5177,5.5177,5.5177,5.5177,5.5177,5.5177,5.5177,8.8283,7.7247,6.6212,6.6212,7.7247,8.2765,8.2765,8.2765
Qatar,Drained organic soils,Emissions (CO2eq) (AR5),kilotonnes,0,0,0,0,0,0,0,0,0,0,0,0,0,0,0,0,0,0,0,0,0
Qatar,Drained organic soils (CO2),Emissions (CO2),kilotonnes,0,0,0,0,0,0,0,0,0,0,0,0,0,0,0,0,0,0,0,0,0
Qatar,Drained organic soils (CO2),Emissions (CO2eq) (AR5),kilotonnes,0,0,0,0,0,0,0,0,0,0,0,0,0,0,0,0,0,0,0,0,0
Qatar,Drained organic soils (N2O),Emissions (N2O),kilotonnes,0,0,0,0,0,0,0,0,0,0,0,0,0,0,0,0,0,0,0,0,0
Qatar,Drained organic soils (N2O),Emissions (CO2eq) from N2O (AR5),kilotonnes,0,0,0,0,0,0,0,0,0,0,0,0,0,0,0,0,0,0,0,0,0
Qatar,Drained organic soils (N2O),Emissions (CO2eq) (AR5),kilotonnes,0,0,0,0,0,0,0,0,0,0,0,0,0,0,0,0,0,0,0,0,0
Qatar,On-farm energy use,Emissions (CH4),kilotonnes,0.0671,0.0671,0.071,0.0635,0.0796,0.0876,0.1008,0.0949,0.1192,0.1397,0.1327,0.1279,0.1225,0.1166,0.1294,0.1226,0.1178,0.1076,0.0909,0.0832,0.0832
Qatar,On-farm energy use,Emissions (N2O),kilotonnes,0.0597,0.0683,0.084,0.0902,0.1046,0.1463,0.1843,0.212,0.3163,0.4603,0.4292,0.3993,0.2957,0.3262,0.3542,0.3982,0.3482,0.3309,0.2686,0.2515,0.2515
Qatar,On-farm energy use,Emissions (CO2),kilotonnes,574.2747,579.5412,655.9816,539.2725,706.0617,805.7477,961.5277,963.9422,1226.8034,1560.2449,1449.8569,1356.3982,1114.7338,1129.1516,1188.7795,1279.5318,1115.9678,1027.5433,873.3162,810.2235,810.2235
Qatar,On-farm energy use,Emissions (CO2eq) from CH4 (AR5),kilotonnes,1.88,1.8794,1.987,1.7773,2.2292,2.4533,2.8227,2.6583,3.3369,3.9105,3.7149,3.5816,3.4295,3.265,3.6219,3.4329,3.2972,3.0134,2.5444,2.3289,2.3289
Qatar,On-farm energy use,Emissions (CO2eq) from N2O (AR5),kilotonnes,15.8208,18.0979,22.2731,23.8951,27.707,38.7661,48.8489,56.184,83.8083,121.9779,113.7472,105.8141,78.3723,86.438,93.8573,105.5218,92.2752,87.6852,71.1834,66.6487,66.6487
Qatar,On-farm energy use,Emissions (CO2eq) (AR5),kilotonnes,591.9754,599.5184,680.2416,564.9449,735.998,846.9671,1013.1992,1022.7845,1313.9486,1686.1332,1567.319,1465.7939,1196.5356,1218.8545,1286.2587,1388.4865,1211.5402,1118.2419,947.044,879.2011,879.2011
Qatar,Forestland,Emissions (CO2),kilotonnes,0,0,0,0,0,0,0,0,0,0,0,0,0,0,0,0,0,0,0,0,0
Qatar,Forestland,Emissions (CO2eq) (AR5),kilotonnes,0,0,0,0,0,0,0,0,0,0,0,0,0,0,0,0,0,0,0,0,0
Qatar,Net Forest conversion,Emissions (CO2),kilotonnes,0,0,0,0,0,0,0,0,0,0,0,0,0,0,0,0,0,0,0,0,0
Qatar,Net Forest conversion,Emissions (CO2eq) (AR5),kilotonnes,0,0,0,0,0,0,0,0,0,0,0,0,0,0,0,0,0,0,0,0,0
Qatar,Savanna fires,Emissions (CH4),kilotonnes,0,0,0,0,0,0,0,0,0,0,0,0,0,0,0,0,0,0,0,0,0
Qatar,Savanna fires,Emissions (N2O),kilotonnes,0,0,0,0,0,0,0,0,0,0,0,0,0,0,0,0,0,0,0,0,0
Qatar,Savanna fires,Emissions (CO2eq) from CH4 (AR5),kilotonnes,0,0,0,0,0,0,0,0,0,0,0,0,0,0,0,0,0,0,0,0,0
Qatar,Savanna fires,Emissions (CO2eq) from N2O (AR5),kilotonnes,0,0,0,0,0,0,0,0,0,0,0,0,0,0,0,0,0,0,0,0,0
Qatar,Savanna fires,Emissions (CO2eq) (AR5),kilotonnes,0,0,0,0,0,0,0,0,0,0,0,0,0,0,0,0,0,0,0,0,0
Qatar,Fires in organic soils,Emissions (CH4),kilotonnes,0,0,0,0,0,0,0,0,0,0,0,0,0,0,0,0,0,0,0,0,0
Qatar,Fires in organic soils,Emissions (CO2),kilotonnes,0,0,0,0,0,0,0,0,0,0,0,0,0,0,0,0,0,0,0,0,0
Qatar,Fires in organic soils,Emissions (CO2eq) from CH4 (AR5),kilotonnes,0,0,0,0,0,0,0,0,0,0,0,0,0,0,0,0,0,0,0,0,0
Qatar,Fires in organic soils,Emissions (CO2eq) (AR5),kilotonnes,0,0,0,0,0,0,0,0,0,0,0,0,0,0,0,0,0,0,0,0,0
Qatar,Forest fires,Emissions (CH4),kilotonnes,0,0,0,0,0,0,0,0,0,0,0,0,0,0,0,0,0,0,0,0,0
Qatar,Forest fires,Emissions (N2O),kilotonnes,0,0,0,0,0,0,0,0,0,0,0,0,0,0,0,0,0,0,0,0,0
Qatar,Forest fires,Emissions (CO2eq) from CH4 (AR5),kilotonnes,0,0,0,0,0,0,0,0,0,0,0,0,0,0,0,0,0,0,0,0,0
Qatar,Forest fires,Emissions (CO2eq) from N2O (AR5),kilotonnes,0,0,0,0,0,0,0,0,0,0,0,0,0,0,0,0,0,0,0,0,0
Qatar,Forest fires,Emissions (CO2eq) (AR5),kilotonnes,0,0,0,0,0,0,0,0,0,0,0,0,0,0,0,0,0,0,0,0,0
Qatar,Fires in humid tropical forests,Emissions (CH4),kilotonnes,0,0,0,0,0,0,0,0,0,0,0,0,0,0,0,0,0,0,0,0,0
Qatar,Fires in humid tropical forests,Emissions (N2O),kilotonnes,0,0,0,0,0,0,0,0,0,0,0,0,0,0,0,0,0,0,0,0,0
Qatar,Fires in humid tropical forests,Emissions (CO2eq) from CH4 (AR5),kilotonnes,0,0,0,0,0,0,0,0,0,0,0,0,0,0,0,0,0,0,0,0,0
Qatar,Fires in humid tropical forests,Emissions (CO2eq) from N2O (AR5),kilotonnes,0,0,0,0,0,0,0,0,0,0,0,0,0,0,0,0,0,0,0,0,0
Qatar,Fires in humid tropical forests,Emissions (CO2eq) (AR5),kilotonnes,0,0,0,0,0,0,0,0,0,0,0,0,0,0,0,0,0,0,0,0,0
Qatar,Waste - agri-food systems,Emissions (CH4),kilotonnes,14.5511,14.8228,15.107,15.3945,15.7215,16.1286,16.6254,17.1053,17.6172,18.0992,18.556,18.9916,19.3874,19.7413,20.0392,20.3095,20.5435,20.7469,20.9309,21.253,21.5526
Qatar,Waste - agri-food systems,Emissions (N2O),kilotonnes,0.0127,0.0131,0.0139,0.0142,0.0175,0.0232,0.0236,0.0239,0.0241,0.0241,0.024,0.0255,0.0351,0.0274,0.028,0.0279,0.0279,0.0016,0.0015,0.0027,0.004
Qatar,Waste - agri-food systems,Emissions (CO2),kilotonnes,8.1809,8.1766,8.2109,8.2785,8.3821,8.4996,8.608,8.7014,8.8293,8.7723,8.8577,8.9594,8.9967,9.0181,9.0309,8.9467,8.9245,8.9453,8.9901,8.9756,8.9074
Qatar,Waste - agri-food systems,Emissions (CO2eq) from CH4 (AR5),kilotonnes,407.4319,415.0387,422.9953,431.0453,440.2023,451.6015,465.5101,478.9495,493.2805,506.777,519.5682,531.7646,542.8466,552.7563,561.0976,568.6658,575.2175,580.9131,586.0641,595.0833,603.4717
Qatar,Waste - agri-food systems,Emissions (CO2eq) from N2O (AR5),kilotonnes,3.3657,3.4794,3.6859,3.7607,4.6337,6.1482,6.2608,6.3457,6.3888,6.3739,6.373,6.7586,9.3013,7.2529,7.4171,7.4043,7.3826,0.4164,0.392,0.723,1.054
Qatar,Waste - agri-food systems,Emissions (CO2eq) (AR5),kilotonnes,418.9786,426.6946,434.8921,443.0845,453.2181,466.2492,480.3789,493.9966,508.4986,521.9231,534.7988,547.4826,561.1445,569.0273,577.5456,585.0168,591.5247,590.2748,595.4462,604.7819,613.4331
Qatar,Fertilizers Manufacturing,Emissions (CO2),kilotonnes,764.4342,988.0529,1131.9242,1177.9065,1435.174,1900.2009,1919.2024,1881.7814,1914.715,1998.5582,1918.2199,2111.9542,2943.8848,7129.7864,7355.6003,6998.638,7156.1578,3.3533,3.8614,4524.2976,3900.5595
Qatar,Fertilizers Manufacturing,Emissions (CO2eq) (AR5),kilotonnes,764.4342,988.0529,1131.9242,1177.9065,1435.174,1900.2009,1919.2024,1881.7814,1914.715,1998.5582,1918.2199,2111.9542,2943.8848,7129.7864,7355.6003,6998.638,7156.1578,3.3533,3.8614,4524.2976,3900.5595
Qatar,On-farm electricity use,Emissions (CH4),kilotonnes,0,0,0,0,0,0,0,0,0,0,0,0,0,0,0,0,0,0,0,0,0
Qatar,On-farm electricity use,Emissions (N2O),kilotonnes,0,0,0,0,0,0,0,0,0,0,0,0,0,0,0,0,0,0,0,0,0
Qatar,On-farm electricity use,Emissions (CO2),kilotonnes,0,0,0,0,0,0,0,0,0,0,0,0,0,0,0,0,0,0,0,0,0
Qatar,On-farm electricity use,Emissions (CO2eq) from CH4 (AR5),kilotonnes,0,0,0,0,0,0,0,0,0,0,0,0,0,0,0,0,0,0,0,0,0
Qatar,On-farm electricity use,Emissions (CO2eq) from N2O (AR5),kilotonnes,0,0,0,0,0,0,0,0,0,0,0,0,0,0,0,0,0,0,0,0,0
Qatar,On-farm electricity use,Emissions (CO2eq) (AR5),kilotonnes,0,0,0,0,0,0,0,0,0,0,0,0,0,0,0,0,0,0,0,0,0
Qatar,Food Processing,Emissions (CH4),kilotonnes,115.4154,105.4314,106.9942,126.0745,118.1439,115.6728,132.4853,86.045,107.5545,144.3676,187.2126,200.7119,227.2256,249.631,241.0419,229.2213,204.2224,160.9131,162.9432,215.284,223.8954
Qatar,Food Processing,Emissions (N2O),kilotonnes,0.0017,0.0016,0.0017,0.0019,0.0018,0.0018,0.0018,0.0033,0.0035,0.0035,0.0035,0.0034,0.0039,0.0041,0.005,0.0035,0.0038,0.0033,0.004,0.0038,0.0039
Qatar,Food Processing,Emissions (CO2),kilotonnes,687.8511,793.2549,769.4457,834.4435,799.0957,831.3882,952.3142,1763.671,1990.6155,2018.4215,1882.0912,2108.1383,2607.5833,2583.7563,3005.3841,2882.7406,2688.5535,2065.0043,1899.4362,2053.312,1770.234
Qatar,Food Processing,Emissions (CO2eq) from CH4 (AR5),kilotonnes,3231.6312,2952.0792,2995.8376,3530.086,3308.0292,3238.8384,3709.5884,2409.26,3011.526,4042.2928,5241.9528,5619.9332,6362.3168,6989.668,6749.1732,6418.1964,5718.2272,4505.5668,4562.4096,6027.952,6269.0701
Qatar,Food Processing,Emissions (CO2eq) from N2O (AR5),kilotonnes,0.4505,0.424,0.4505,0.5035,0.477,0.477,0.477,0.8745,0.9275,0.9275,0.9275,0.901,1.0335,1.0865,1.325,0.9275,1.007,0.8745,1.06,1.007,1.0351
Qatar,Food Processing,Emissions (CO2eq) (AR5),kilotonnes,3919.9328,3745.7581,3765.7338,4365.033,4107.6019,4070.7036,4662.3796,4173.8055,5003.069,6061.6418,7124.9715,7728.9725,8970.9336,9574.5108,9755.8823,9301.8645,8407.7877,6571.4456,6462.9058,8082.271,8040.3392
Qatar,Food Packaging,Emissions (CH4),kilotonnes,4.4418,2.9722,2.7361,3.0881,1.3628,1.2086,1.1113,1.243,1.0459,1.2413,1.1022,1.0638,1.4605,0.8516,1.1912,1.3801,1.3806,1.3846,1.5331,0.9809,1.0201
Qatar,Food Packaging,Emissions (N2O),kilotonnes,0.0007,0.0007,0.0007,0.0004,0.0006,0.0005,0.0006,0.0005,0.0006,0.0005,0.0005,0.0006,0.0007,0.0008,0.0009,0.0009,0.0008,0.0009,0.0009,0.0008,0.0008
Qatar,Food Packaging,Emissions (CO2),kilotonnes,388.475,375.2093,379.1451,233.1181,306.3977,277.8456,316.7653,293.1379,298.1415,291.2418,295.1696,317.4273,408.1486,419.0019,469.3457,494.1939,474.3047,483.7161,506.025,445.332,383.9367
Qatar,Food Packaging,Emissions (CO2eq) from CH4 (AR5),kilotonnes,124.3704,83.2216,76.6108,86.4668,38.1584,33.8408,31.1164,34.804,29.2852,34.7564,30.8616,29.7864,40.894,23.8448,33.3536,38.6428,38.6568,38.7688,42.9268,27.4652,28.5638
Qatar,Food Packaging,Emissions (CO2eq) from N2O (AR5),kilotonnes,0.1855,0.1855,0.1855,0.106,0.159,0.1325,0.159,0.1325,0.159,0.1325,0.1325,0.159,0.1855,0.212,0.2385,0.2385,0.212,0.2385,0.2385,0.212,0.2179
Qatar,Food Packaging,Emissions (CO2eq) (AR5),kilotonnes,513.0309,458.6164,455.9414,319.6909,344.7151,311.8189,348.0407,328.0744,327.5857,326.1307,326.1637,347.3727,449.2281,443.0587,502.9378,533.0752,513.1735,522.7234,549.1903,473.0092,412.7184
Qatar,Food Retail,Emissions (CH4),kilotonnes,0.0437,0.0394,0.0397,0.0447,0.0465,0.0444,0.0476,0.3968,0.4397,0.4572,0.4747,0.5261,0.551,0.6791,0.7497,0.8266,0.8474,0.971,1.1059,0.9082,0.9445
Qatar,Food Retail,Emissions (N2O),kilotonnes,0.0002,0.0002,0.0002,0.0003,0.0003,0.0003,0.0003,0.0023,0.0025,0.0025,0.0026,0.0029,0.003,0.0035,0.0039,0.0043,0.0044,0.005,0.0057,0.0048,0.0049
Qatar,Food Retail,Emissions (CO2),kilotonnes,16.0953,18.7549,18.434,22.0566,22.6068,22.9278,27.9261,190.0255,214.5568,228.921,231.8672,265.0816,280.5952,332.4957,367.0701,404.6819,414.8926,475.3817,541.4284,445.964,384.4816
Qatar,Food Retail,Emissions (CO2eq) from CH4 (AR5),kilotonnes,1.2226,1.1024,1.1124,1.2527,1.3028,1.2427,1.3329,11.1104,12.3116,12.8016,13.2916,14.7308,15.428,19.0148,20.9916,23.1448,23.7272,27.188,30.9652,25.4296,26.4468
Qatar,Food Retail,Emissions (CO2eq) from N2O (AR5),kilotonnes,0.0621,0.0597,0.0657,0.07,0.0706,0.0733,0.0775,0.6095,0.6625,0.6625,0.689,0.7685,0.795,0.9275,1.0335,1.1395,1.166,1.325,1.5105,1.272,1.3075
Qatar,Food Retail,Emissions (CO2eq) (AR5),kilotonnes,17.3801,19.917,19.6121,23.3792,23.9802,24.2438,29.3365,201.7454,227.5309,242.3851,245.8478,280.5809,296.8182,352.438,389.0952,428.9662,439.7858,503.8947,573.9041,472.6656,412.2359
Qatar,Food Household Consumption,Emissions (CH4),kilotonnes,0.5046,0.4382,0.3721,0.3057,0.3094,0.4431,0.5115,0.5735,0.6359,0.8757,1.1158,1.2366,1.3252,1.7861,1.9715,2.1735,2.2284,2.5527,2.4633,2.4633,2.5618
Qatar,Food Household Consumption,Emissions (N2O),kilotonnes,0.0029,0.0025,0.0021,0.0018,0.0018,0.0026,0.0029,0.0034,0.0036,0.0049,0.0062,0.0069,0.0073,0.0093,0.0102,0.0113,0.0116,0.0132,0.0128,0.0128,0.0132
Qatar,Food Household Consumption,Emissions (CO2),kilotonnes,280.4221,239.104,201.2532,169.221,169.5035,237.2411,267.7089,298.3621,339.1064,468.2632,578.3384,659.3448,713.6213,915.2682,1005.3616,1109.7316,1138.3209,1298.1261,1255.05,1255.05,1082.0237
Qatar,Food Household Consumption,Emissions (CO2eq) from CH4 (AR5),kilotonnes,14.1288,12.2696,10.4188,8.5596,8.6632,12.4068,14.322,16.058,17.8052,24.5196,31.2424,34.6248,37.1056,50.0108,55.202,60.858,62.3952,71.4756,68.9724,68.9724,71.7313
Qatar,Food Household Consumption,Emissions (CO2eq) from N2O (AR5),kilotonnes,0.7685,0.6625,0.5565,0.477,0.477,0.689,0.7685,0.901,0.954,1.2985,1.643,1.8285,1.9345,2.4645,2.703,2.9945,3.074,3.498,3.392,3.392,3.4867
Qatar,Food Household Consumption,Emissions (CO2eq) (AR5),kilotonnes,295.3194,252.0361,212.2285,178.2576,178.6437,250.3369,282.7994,315.3211,357.8656,494.0813,611.2238,695.7981,752.6614,967.7435,1063.2666,1173.5841,1203.7901,1373.0997,1327.4144,1327.4144,1157.2417
Qatar,Food Transport,Emissions (CH4),kilotonnes,0.0449,0.0414,0.0425,0.0505,0.0555,0.0654,0.0673,0.0599,0.0728,0.0687,0.0613,0.0653,0.0705,0.0706,0.0896,0.0823,0.0939,0.0966,0.1086,0.0905,0.0941
Qatar,Food Transport,Emissions (N2O),kilotonnes,0.0087,0.0093,0.0093,0.0106,0.0112,0.0126,0.0134,0.0126,0.0156,0.0152,0.0143,0.0154,0.0163,0.0165,0.0208,0.0195,0.0219,0.0224,0.0253,0.0225,0.0231
Qatar,Food Transport,Emissions (CO2),kilotonnes,266.2,288.2,319,369.6,413.6,520.3,621.5,720.5,925.1,930.6,975.7,1083.5,1023,1122,1353,1408,1452,1485,1661,1477.7606,1274.0305
Qatar,Food Transport,Emissions (CO2eq) from CH4 (AR5),kilotonnes,1.2572,1.1592,1.19,1.414,1.554,1.8312,1.8844,1.6772,2.0384,1.9236,1.7164,1.8284,1.974,1.9768,2.5088,2.3044,2.6292,2.7048,3.0408,2.534,2.6354
Qatar,Food Transport,Emissions (CO2eq) from N2O (AR5),kilotonnes,2.3055,2.4645,2.4645,2.809,2.968,3.339,3.551,3.339,4.134,4.028,3.7895,4.081,4.3195,4.3725,5.512,5.1675,5.8035,5.936,6.7045,5.9625,6.129
Qatar,Food Transport,Emissions (CO2eq) (AR5),kilotonnes,269.7627,291.8237,322.6545,373.823,418.122,525.4702,626.9354,725.5162,931.2724,936.5516,981.2059,1089.4094,1029.2935,1128.3493,1361.0208,1415.4719,1460.4327,1493.6408,1670.7453,1486.2571,1282.7948
Qatar,Energy,Emissions (CH4),kilotonnes,1220,1100,1110,1250,1300,1240,1330,1500,1700,1810,2140,2350,2490,2740,2690,2760,2810,2780,2850,3250,3380
Qatar,Energy,Emissions (N2O),kilotonnes,0.205,0.197,0.217,0.231,0.233,0.242,0.256,0.272,0.298,0.287,0.291,0.293,0.327,0.319,0.363,0.338,0.366,0.365,0.393,0.394,0.405
Qatar,Energy,Emissions (CO2),kilotonnes,35100,40900,40200,48100,49300,50000,60900,60300,63100,67400,70700,78000,90500,83000,106000,105000,101000,95300,97900,103000,88800
Qatar,Energy,Emissions (CO2eq) from CH4 (AR5),kilotonnes,34160,30800,31080,35000,36400,34720,37240,42000,47600,50680,59920,65800,69720,76720,75320,77280,78680,77840,79800,91000,94640
Qatar,Energy,Emissions (CO2eq) from N2O (AR5),kilotonnes,54.325,52.205,57.505,61.215,61.745,64.13,67.84,72.08,78.97,76.055,77.115,77.645,86.655,84.535,96.195,89.57,96.99,96.725,104.145,104.41,107.325
Qatar,Energy,Emissions (CO2eq) (AR5),kilotonnes,69314.325,71752.205,71337.505,83161.215,85761.745,84784.13,98207.84,102372.08,110778.97,118156.055,130697.115,143877.645,160306.655,159804.535,181416.195,182369.57,179776.99,173236.725,177804.145,194104.41,183547.325
Qatar,IPPU,Emissions (CH4),kilotonnes,1.88,2.27,1.95,1.95,2.12,2.29,2.25,2.36,2.56,2.61,2.46,2.76,2.61,2.97,2.62,2.94,2.71,2.89,3.04,3.06,3.12
Qatar,IPPU,Emissions (N2O),kilotonnes,0.089,0.0927,0.097,0.103,0.114,0.13,0.152,0.179,0.209,0.239,0.267,0.293,0.317,0.338,0.357,0.373,0.386,0.397,0.405,0.456,0.479
Qatar,IPPU,Emissions (CO2),kilotonnes,4020,4560,4480,4530,4960,5490,5610,5990,7090,7560,8580,10600,15100,15200,15300,15900,15500,15400,15300,17600,18400
Qatar,IPPU,Emissions (CO2eq) from CH4 (AR5),kilotonnes,52.64,63.56,54.6,54.6,59.36,64.12,63,66.08,71.68,73.08,68.88,77.28,73.08,83.16,73.36,82.32,75.88,80.92,85.12,85.68,87.36
Qatar,IPPU,Emissions (CO2eq) from N2O (AR5),kilotonnes,23.585,24.5655,25.705,27.295,30.21,34.45,40.28,47.435,55.385,63.335,70.755,77.645,84.005,89.57,94.605,98.845,102.29,105.205,107.325,120.84,126.935
Qatar,IPPU,Emissions (CO2eq) (AR5),kilotonnes,4096.225,4648.1255,4560.305,4611.895,5049.57,5588.57,5713.28,6103.515,7217.065,7696.415,8719.635,10754.925,15257.085,15372.73,15467.965,16081.165,15678.17,15586.125,15492.445,17806.52,18614.295
Qatar,Waste,Emissions (CH4),kilotonnes,30.8,33.5,33.7,35,38.9,45.2,50.7,54.7,61.1,66.5,73,79.9,90.3,98.9,101,104,105,107,110,123,129
Qatar,Waste,Emissions (N2O),kilotonnes,0.0224,0.0233,0.0244,0.026,0.0288,0.0328,0.0384,0.0454,0.0528,0.0604,0.0678,0.0752,0.0827,0.0895,0.0945,0.0979,0.0998,0.102,0.104,0.119,0.125
Qatar,Waste,Emissions (CO2),kilotonnes,0.0062,0.0062,0.0062,0.007,0.0079,0.0088,0.0105,0.0132,0.0158,0.0184,0.0202,0.022,0.0237,0.0255,0.0272,0.0281,0.029,0.0299,0.0307,0.0347,0.0365
Qatar,Waste,Emissions (CO2eq) from CH4 (AR5),kilotonnes,862.4,938,943.6,980,1089.2,1265.6,1419.6,1531.6,1710.8,1862,2044,2237.2,2528.4,2769.2,2828,2912,2940,2996,3080,3444,3612
Qatar,Waste,Emissions (CO2eq) from N2O (AR5),kilotonnes,5.936,6.1745,6.466,6.89,7.632,8.692,10.176,12.031,13.992,16.006,17.967,19.928,21.9155,23.7175,25.0425,25.9435,26.447,27.03,27.56,31.535,33.125
Qatar,Waste,Emissions (CO2eq) (AR5),kilotonnes,868.3422,944.1807,950.0722,986.897,1096.8399,1274.3008,1429.7865,1543.6442,1724.8078,1878.0244,2061.9872,2257.15,2550.3392,2792.943,2853.0697,2937.9716,2966.476,3023.0599,3107.5907,3475.5697,3645.1615
Qatar,Other,Emissions (N2O),kilotonnes,0.317,0.319,0.405,0.406,0.428,0.473,0.523,0.621,0.659,0.609,0.657,0.653,0.754,0.761,0.856,0.87,0.878,0.884,0.931,0.982,1.02
Qatar,Other,Emissions (CO2eq) from N2O (AR5),kilotonnes,84.005,84.535,107.325,107.59,113.42,125.345,138.595,164.565,174.635,161.385,174.105,173.045,199.81,201.665,226.84,230.55,232.67,234.26,246.715,260.23,270.3
Qatar,Other,Emissions (CO2eq) (AR5),kilotonnes,84.005,84.535,107.325,107.59,113.42,125.345,138.595,164.565,174.635,161.385,174.105,173.045,199.81,201.665,226.84,230.55,232.67,234.26,246.715,260.23,270.3
Qatar,Farm-gate emissions,Emissions (CH4),kilotonnes,5.3188,3.6798,3.7757,3.7812,3.873,2.5324,3.1055,3.6375,3.6829,5.0413,5.3638,6.0592,6.6581,7.7027,6.0988,10.1168,11.9759,13.2292,15.1057,15.7448,15.6696
Qatar,Farm-gate emissions,Direct emissions (N2O),kilotonnes,0.1893,0.1523,0.1621,0.1604,0.1637,0.1404,0.1495,0.1615,0.1696,0.2096,0.2215,0.2415,0.2662,0.3128,0.3128,0.3737,0.4309,0.4523,0.4944,0.5048,0.4842
Qatar,Farm-gate emissions,Indirect emissions (N2O),kilotonnes,0.0668,0.0526,0.0553,0.0553,0.0564,0.0474,0.0508,0.0553,0.0574,0.0717,0.0758,0.0835,0.0929,0.1093,0.1093,0.1369,0.1595,0.1712,0.1866,0.1914,0.187
Qatar,Farm-gate emissions,Emissions (N2O),kilotonnes,0.3198,0.2768,0.3056,0.3098,0.3287,0.3382,0.3889,0.4335,0.5485,0.7476,0.733,0.7313,0.6623,0.756,0.7837,0.9161,0.9455,0.9602,0.9551,0.9525,0.9252
Qatar,Farm-gate emissions,Emissions (CO2),kilotonnes,574.2747,579.5412,655.9816,539.2725,706.0617,805.7477,961.5277,963.9422,1226.8034,1560.2449,1449.8569,1356.3982,1114.7338,1129.1516,1188.7795,1279.5318,1115.9678,1027.5433,873.3162,810.2235,810.2235
Qatar,Farm-gate emissions,Emissions (CO2eq) from CH4 (AR5),kilotonnes,148.9264,103.0352,105.7183,105.8741,108.4427,70.9086,86.9543,101.8509,103.1202,141.1551,150.187,169.6581,186.4282,215.6761,170.7652,283.2694,335.325,370.4181,422.9585,440.8552,438.7481
Qatar,Farm-gate emissions,Emissions (CO2eq) from N2O (AR5),kilotonnes,84.7369,73.3555,80.9775,82.0926,87.1174,89.6157,103.0579,114.865,145.3487,198.117,194.2436,193.7992,175.5151,200.3396,207.6918,242.7664,250.568,254.4611,253.0986,252.4167,245.1839
Qatar,Farm-gate emissions,Emissions (CO2eq) (AR5),kilotonnes,807.938,755.9319,842.6774,727.2392,901.6219,966.272,1151.5398,1180.6582,1475.2722,1899.5169,1794.2875,1719.8555,1476.677,1545.1673,1567.2366,1805.5676,1701.8608,1652.4224,1549.3733,1503.4954,1494.1555
Qatar,Land Use change,Emissions (CH4),kilotonnes,0,0,0,0,0,0,0,0,0,0,0,0,0,0,0,0,0,0,0,0,0
Qatar,Land Use change,Emissions (N2O),kilotonnes,0,0,0,0,0,0,0,0,0,0,0,0,0,0,0,0,0,0,0,0,0
Qatar,Land Use change,Emissions (CO2),kilotonnes,0,0,0,0,0,0,0,0,0,0,0,0,0,0,0,0,0,0,0,0,0
Qatar,Land Use change,Emissions (CO2eq) from CH4 (AR5),kilotonnes,0,0,0,0,0,0,0,0,0,0,0,0,0,0,0,0,0,0,0,0,0
Qatar,Land Use change,Emissions (CO2eq) from N2O (AR5),kilotonnes,0,0,0,0,0,0,0,0,0,0,0,0,0,0,0,0,0,0,0,0,0
Qatar,Land Use change,Emissions (CO2eq) (AR5),kilotonnes,0,0,0,0,0,0,0,0,0,0,0,0,0,0,0,0,0,0,0,0,0
Qatar,Emissions on agricultural land,Emissions (CH4),kilotonnes,5.3188,3.6798,3.7757,3.7812,3.873,2.5324,3.1055,3.6375,3.6829,5.0413,5.3638,6.0592,6.6581,7.7027,6.0988,10.1168,11.9759,13.2292,15.1057,15.7448,15.6696
Qatar,Emissions on agricultural land,Emissions (N2O),kilotonnes,0.3198,0.2768,0.3056,0.3098,0.3287,0.3382,0.3889,0.4335,0.5485,0.7476,0.733,0.7313,0.6623,0.756,0.7837,0.9161,0.9455,0.9602,0.9551,0.9525,0.9252
Qatar,Emissions on agricultural land,Emissions (CO2),kilotonnes,574.2747,579.5412,655.9816,539.2725,706.0617,805.7477,961.5277,963.9422,1226.8034,1560.2449,1449.8569,1356.3982,1114.7338,1129.1516,1188.7795,1279.5318,1115.9678,1027.5433,873.3162,810.2235,810.2235
Qatar,Emissions on agricultural land,Emissions (CO2eq) from CH4 (AR5),kilotonnes,148.9264,103.0352,105.7183,105.8741,108.4427,70.9086,86.9543,101.8509,103.1202,141.1551,150.187,169.6581,186.4282,215.6761,170.7652,283.2694,335.325,370.4181,422.9585,440.8552,438.7481
Qatar,Emissions on agricultural land,Emissions (CO2eq) from N2O (AR5),kilotonnes,84.7369,73.3555,80.9775,82.0926,87.1174,89.6157,103.0579,114.865,145.3487,198.117,194.2436,193.7992,175.5151,200.3396,207.6918,242.7664,250.568,254.4611,253.0986,252.4167,245.1839
Qatar,Emissions on agricultural land,Emissions (CO2eq) (AR5),kilotonnes,807.938,755.9319,842.6774,727.2392,901.6219,966.272,1151.5398,1180.6582,1475.2722,1899.5169,1794.2875,1719.8555,1476.677,1545.1673,1567.2366,1805.5676,1701.8608,1652.4224,1549.3733,1503.4954,1494.1555
Qatar,Pre- and post- production,Emissions (CH4),kilotonnes,135.0015,123.7454,125.2916,144.958,135.6396,133.5629,150.8484,105.4235,127.366,165.1097,208.5226,222.5953,250.0202,272.7597,265.0831,253.9933,229.3162,186.6649,189.085,240.9799,250.0685
Qatar,Pre- and post- production,Emissions (N2O),kilotonnes,0.0269,0.0275,0.028,0.0292,0.0332,0.041,0.0426,0.046,0.0499,0.0507,0.0511,0.0547,0.0663,0.0616,0.0688,0.0674,0.0704,0.0464,0.0502,0.0474,0.0499
Qatar,Pre- and post- production,Emissions (CO2),kilotonnes,2411.6586,2710.7526,2827.413,2814.6241,3154.7598,3798.4032,4114.0248,5156.1793,5691.0645,5944.778,5890.244,6554.4056,7985.8299,12511.3266,13564.7927,13306.9327,13333.154,5819.5268,5875.7911,10210.6918,8804.1734
Qatar,Pre- and post- production,Emissions (CO2eq) from CH4 (AR5),kilotonnes,3780.0422,3464.8707,3508.1649,4058.8244,3797.91,3739.7614,4223.7542,2951.8591,3566.2469,4623.071,5838.633,6232.6682,7000.565,7637.2715,7422.3268,7111.8122,6420.8531,5226.6171,5294.3789,6747.4365,7001.919
Qatar,Pre- and post- production,Emissions (CO2eq) from N2O (AR5),kilotonnes,7.1378,7.2755,7.4087,7.7262,8.7852,10.859,11.2938,12.2022,13.2258,13.4229,13.5545,14.4966,17.5693,16.3159,18.2291,17.8718,18.6451,12.2884,13.2975,12.5685,13.2302
Qatar,Pre- and post- production,Emissions (CO2eq) (AR5),kilotonnes,6198.8386,6182.8988,6342.9866,6881.1747,6961.455,7549.0235,8349.0729,8120.2406,9270.5372,10581.2718,11742.4314,12801.5704,15003.9641,20164.914,21005.3486,20436.6167,19772.6523,11058.4323,11183.4675,16970.6968,15819.3226
Qatar,Agri-food systems,Emissions (CH4),kilotonnes,140.3203,127.4252,129.0673,148.7392,139.5126,136.0954,153.9539,109.0611,131.0488,170.1509,213.8864,228.6545,256.6783,280.4624,271.1819,264.1101,241.2921,199.8941,204.1906,256.7247,265.7381
Qatar,Agri-food systems,Emissions (N2O),kilotonnes,0.3467,0.3043,0.3335,0.3389,0.3619,0.3791,0.4315,0.4795,0.5984,0.7983,0.7841,0.786,0.7286,0.8176,0.8525,0.9835,1.0159,1.0066,1.0053,0.9999,0.9751
Qatar,Agri-food systems,Emissions (CO2),kilotonnes,2985.9333,3290.2938,3483.3946,3353.8966,3860.8216,4604.1509,5075.5525,6120.1215,6917.8678,7505.0228,7340.1009,7910.8038,9100.5637,13640.4781,14753.5722,14586.4645,14449.1219,6847.0701,6749.1073,11020.9153,9614.3969
Qatar,Agri-food systems,Emissions (CO2eq) from CH4 (AR5),kilotonnes,3928.9686,3567.9059,3613.8832,4164.6985,3906.3527,3810.6699,4310.7085,3053.71,3669.367,4764.226,5988.8199,6402.3263,7186.9932,7852.9477,7593.0921,7395.0816,6756.1781,5597.0352,5717.3374,7188.2917,7440.6671
Qatar,Agri-food systems,Emissions (CO2eq) from N2O (AR5),kilotonnes,91.8748,80.631,88.3862,89.8188,95.9026,100.4747,114.3517,127.0672,158.5745,211.5399,207.7981,208.2958,193.0844,216.6555,225.921,260.6383,269.2131,266.7495,266.3961,264.9852,258.4141
Qatar,Agri-food systems,Emissions (CO2eq) (AR5),kilotonnes,7006.7767,6938.8307,7185.6639,7608.4138,7863.0769,8515.2955,9500.6127,9300.8988,10745.8094,12480.7887,13536.7189,14521.4259,16480.6412,21710.0813,22572.5852,22242.1843,21474.513,12710.8547,12732.8408,18474.1922,17313.4781
Qatar,IPCC Agriculture,Emissions (CH4),kilotonnes,5.2517,3.6127,3.7047,3.7177,3.7933,2.4448,3.0047,3.5426,3.5637,4.9016,5.2311,5.9313,6.5357,7.5861,5.9694,9.9942,11.8581,13.1216,15.0148,15.6617,15.5864
Qatar,IPCC Agriculture,Emissions (CH4),kilotonnes,,,,,,,,4.0409,,,,,,,,,,,,,
Qatar,IPCC Agriculture,Direct emissions (N2O),kilotonnes,0.1893,0.1523,0.1621,0.1604,0.1637,0.1404,0.1495,0.1615,0.1696,0.2096,0.2215,0.2415,0.2662,0.3128,0.3128,0.3737,0.4309,0.4523,0.4944,0.5048,0.4842
Qatar,IPCC Agriculture,Indirect emissions (N2O),kilotonnes,0.0668,0.0526,0.0553,0.0553,0.0564,0.0474,0.0508,0.0553,0.0574,0.0717,0.0758,0.0835,0.0929,0.1093,0.1093,0.1369,0.1595,0.1712,0.1866,0.1914,0.187
Qatar,IPCC Agriculture,Emissions (N2O),kilotonnes,0.2601,0.2085,0.2215,0.2196,0.2242,0.1919,0.2046,0.2214,0.2322,0.2873,0.3038,0.332,0.3666,0.4298,0.4296,0.5179,0.5973,0.6293,0.6865,0.701,0.6737
Qatar,IPCC Agriculture,Emissions (CO2eq) from CH4 (AR5),kilotonnes,147.0464,101.1559,103.7313,104.0968,106.2135,68.4552,84.1316,99.1927,99.7833,137.2445,146.4721,166.0765,182.9987,212.4112,167.1433,279.8365,332.0278,367.4046,420.4141,438.5263,436.4191
Qatar,IPCC Agriculture,Emissions (CO2eq) from CH4 (AR5),kilotonnes,,,,,,,,113.1452,,,,,,,,,,,,,
Qatar,IPCC Agriculture,Emissions (CO2eq) from N2O (AR5),kilotonnes,68.9162,55.2576,58.7044,58.1975,59.4104,50.8497,54.209,58.681,61.5404,76.1391,80.4964,87.9851,97.1427,113.9016,113.8346,137.2446,158.2928,166.7759,181.9152,185.768,178.5352
Qatar,IPCC Agriculture,Emissions (CO2eq) (AR5),kilotonnes,215.9626,156.4135,162.4357,162.2942,165.6239,119.3049,138.3406,157.8737,161.3236,213.3837,226.9685,254.0615,280.1414,326.3128,280.9779,417.081,490.3206,534.1805,602.3293,624.2943,614.9544
Qatar,IPCC Agriculture,Emissions (CO2eq) (AR5),kilotonnes,,,,,,,,113.1452,,,,,,,,,,,,,
Qatar,Agricultural Soils,Direct emissions (N2O),kilotonnes,0.1893,0.1523,0.1621,0.1604,0.1637,0.1404,0.1495,0.1615,0.1696,0.2096,0.2215,0.2415,0.2662,0.3128,0.3128,0.3737,0.4309,0.4523,0.4944,0.5048,0.4842
Qatar,Agricultural Soils,Indirect emissions (N2O),kilotonnes,0.0668,0.0526,0.0553,0.0553,0.0564,0.0474,0.0508,0.0553,0.0574,0.0717,0.0758,0.0835,0.0929,0.1093,0.1093,0.1369,0.1595,0.1712,0.1866,0.1914,0.187
Qatar,Agricultural Soils,Emissions (N2O),kilotonnes,0.2561,0.2049,0.2174,0.2157,0.2201,0.1878,0.2003,0.2169,0.227,0.2813,0.2973,0.325,0.3591,0.4221,0.4221,0.5106,0.5904,0.6235,0.681,0.6963,0.6712
Qatar,Agricultural Soils,Emissions (CO2eq) from N2O (AR5),kilotonnes,67.8598,54.2942,57.6133,57.1519,58.3246,49.7591,53.084,57.4729,60.1477,74.5408,78.7843,86.1285,95.1703,111.8539,111.8628,135.3072,156.4545,165.2168,180.4607,184.5096,177.8789
Qatar,Agricultural Soils,Emissions (CO2eq) (AR5),kilotonnes,67.8598,54.2942,57.6133,57.1519,58.3246,49.7591,53.084,57.4729,60.1477,74.5408,78.7843,86.1285,95.1703,111.8539,111.8628,135.3072,156.4545,165.2168,180.4607,184.5096,177.8789
Qatar,LULUCF,Emissions (CH4),kilotonnes,0,0,0,0,0,0,0,0,0,0,0,0,0,0,0,0,0,0,0,0,0
Qatar,LULUCF,Emissions (N2O),kilotonnes,0,0,0,0,0,0,0,0,0,0,0,0,0,0,0,0,0,0,0,0,0
Qatar,LULUCF,Emissions (CO2),kilotonnes,0,0,0,0,0,0,0,0,0,0,0,0,0,0,0,0,0,0,0,0,0
Qatar,LULUCF,Emissions (CO2eq) from CH4 (AR5),kilotonnes,0,0,0,0,0,0,0,0,0,0,0,0,0,0,0,0,0,0,0,0,0
Qatar,LULUCF,Emissions (CO2eq) from N2O (AR5),kilotonnes,0,0,0,0,0,0,0,0,0,0,0,0,0,0,0,0,0,0,0,0,0
Qatar,LULUCF,Emissions (CO2eq) (AR5),kilotonnes,0,0,0,0,0,0,0,0,0,0,0,0,0,0,0,0,0,0,0,0,0
Qatar,AFOLU,Emissions (CH4),kilotonnes,5.2517,3.6127,3.7047,3.7177,3.7933,2.4448,3.0047,3.5426,3.5637,4.9016,5.2311,5.9313,6.5357,7.5861,5.9694,9.9942,11.8581,13.1216,15.0148,15.6617,15.5864
Qatar,AFOLU,Emissions (N2O),kilotonnes,0.2601,0.2085,0.2215,0.2196,0.2242,0.1919,0.2046,0.2214,0.2322,0.2873,0.3038,0.332,0.3666,0.4298,0.4296,0.5179,0.5973,0.6293,0.6865,0.701,0.6737
Qatar,AFOLU,Emissions (CO2),kilotonnes,0,0,0,0,0,0,0,0,0,0,0,0,0,0,0,0,0,0,0,0,0
Qatar,AFOLU,Emissions (CO2eq) from CH4 (AR5),kilotonnes,147.0464,101.1559,103.7313,104.0968,106.2135,68.4552,84.1316,99.1927,99.7833,137.2445,146.4721,166.0765,182.9987,212.4112,167.1433,279.8365,332.0278,367.4046,420.4141,438.5263,436.4191
Qatar,AFOLU,Emissions (CO2eq) from N2O (AR5),kilotonnes,68.9162,55.2576,58.7044,58.1975,59.4104,50.8497,54.209,58.681,61.5404,76.1391,80.4964,87.9851,97.1427,113.9016,113.8346,137.2446,158.2928,166.7759,181.9152,185.768,178.5352
Qatar,AFOLU,Emissions (CO2eq) (AR5),kilotonnes,215.9626,156.4135,162.4357,162.2942,165.6239,119.3049,138.3406,157.8737,161.3236,213.3837,226.9685,254.0615,280.1414,326.3128,280.9779,417.081,490.3206,534.1805,602.3293,624.2943,614.9544
Qatar,All sectors with LULUCF,Emissions (CH4),kilotonnes,1257.9317,1139.3827,1149.3547,1290.6677,1344.8133,1289.9348,1385.9547,1560.6026,1767.2237,1884.0116,2220.6911,2438.5913,2589.4457,2849.4561,2799.5894,2876.9342,2929.5681,2903.0116,2978.0548,3391.7217,3527.7064
Qatar,All sectors with LULUCF,Emissions (N2O),kilotonnes,0.8935,0.8405,0.9649,0.9856,1.028,1.0697,1.174,1.3388,1.451,1.4827,1.5866,1.6462,1.8473,1.9373,2.1001,2.1968,2.3271,2.3773,2.5195,2.652,2.7027
Qatar,All sectors with LULUCF,Emissions (CO2),kilotonnes,39120.0062,45460.0062,44680.0062,52630.007,54260.0079,55490.0088,66510.0105,66290.0132,70190.0158,74960.0184,79280.0202,88600.022,105600.0237,98200.0255,121300.0272,120900.0281,116500.029,110700.0299,113200.0307,120600.0347,107200.0365
Qatar,All sectors with LULUCF,Emissions (CO2eq) from CH4 (AR5),kilotonnes,35222.0864,31902.7159,32181.9313,36138.6968,37654.7735,36118.1752,38806.7316,43696.8727,49482.2633,52752.3245,62179.3521,68280.5565,72504.4787,79784.7712,78388.5033,80554.1565,82027.9078,81284.3246,83385.5341,94968.2063,98775.7791
Qatar,All sectors with LULUCF,Emissions (CO2eq) from N2O (AR5),kilotonnes,236.7672,222.7376,255.7054,261.1875,272.4174,283.4667,311.1,354.792,384.5224,392.9201,420.4384,436.2481,489.5282,513.3891,556.5171,582.1531,616.6898,629.9959,667.6602,702.783,716.2202
Qatar,All sectors with LULUCF,Emissions (CO2eq) (AR5),kilotonnes,74578.8598,77585.4596,77117.6429,89029.8913,92187.1988,91891.6507,105627.8421,110341.6779,120056.8014,128105.2631,141879.8107,157316.8265,178594.0306,178498.1858,200245.0476,202036.3376,199144.6266,192614.3504,197253.225,216271.024,206692.0359
Qatar,All sectors without LULUCF,Emissions (CH4),kilotonnes,1257.9317,1139.3827,1149.3547,1290.6677,1344.8133,1289.9348,1385.9547,1560.6026,1767.2237,1884.0116,2220.6911,2438.5913,2589.4457,2849.4561,2799.5894,2876.9342,2929.5681,2903.0116,2978.0548,3391.7217,3527.7064
Qatar,All sectors without LULUCF,Emissions (N2O),kilotonnes,0.8935,0.8405,0.9649,0.9856,1.028,1.0697,1.174,1.3388,1.451,1.4827,1.5866,1.6462,1.8473,1.9373,2.1001,2.1968,2.3271,2.3773,2.5195,2.652,2.7027
Qatar,All sectors without LULUCF,Emissions (CO2),kilotonnes,39120.0062,45460.0062,44680.0062,52630.007,54260.0079,55490.0088,66510.0105,66290.0132,70190.0158,74960.0184,79280.0202,88600.022,105600.0237,98200.0255,121300.0272,120900.0281,116500.029,110700.0299,113200.0307,120600.0347,107200.0365
Qatar,All sectors without LULUCF,Emissions (CO2eq) from CH4 (AR5),kilotonnes,35222.0864,31902.7159,32181.9313,36138.6968,37654.7735,36118.1752,38806.7316,43696.8727,49482.2633,52752.3245,62179.3521,68280.5565,72504.4787,79784.7712,78388.5033,80554.1565,82027.9078,81284.3246,83385.5341,94968.2063,98775.7791
Qatar,All sectors without LULUCF,Emissions (CO2eq) from N2O (AR5),kilotonnes,236.7672,222.7376,255.7054,261.1875,272.4174,283.4667,311.1,354.792,384.5224,392.9201,420.4384,436.2481,489.5282,513.3891,556.5171,582.1531,616.6898,629.9959,667.6602,702.783,716.2202
Qatar,All sectors without LULUCF,Emissions (CO2eq) (AR5),kilotonnes,74578.8598,77585.4596,77117.6429,89029.8913,92187.1988,91891.6507,105627.8421,110341.6779,120056.8014,128105.2631,141879.8107,157316.8265,178594.0306,178498.1858,200245.0476,202036.3376,199144.6266,192614.3504,197253.225,216271.024,206692.0359
Republic of Korea,Crop Residues,Direct emissions (N2O),kilotonnes,1.2956,1.3391,1.2354,1.143,1.2239,1.1977,1.1517,1.1038,1.1657,1.1622,1.0572,1.0262,0.9942,1.0214,1.0156,1.0156,0.9886,0.9384,0.9305,0.9139,0.8662
Republic of Korea,Crop Residues,Indirect emissions (N2O),kilotonnes,0.2915,0.3013,0.278,0.2572,0.2754,0.2695,0.2591,0.2483,0.2623,0.2615,0.2379,0.2309,0.2237,0.2298,0.2285,0.2285,0.2224,0.2111,0.2094,0.2056,0.1949
Republic of Korea,Crop Residues,Emissions (N2O),kilotonnes,1.5872,1.6404,1.5134,1.4001,1.4993,1.4672,1.4108,1.3521,1.4279,1.4237,1.2951,1.257,1.2178,1.2512,1.2441,1.2442,1.211,1.1495,1.1398,1.1196,1.0611
Republic of Korea,Crop Residues,Emissions (CO2eq) from N2O (AR5),kilotonnes,420.5985,434.6928,401.0498,371.0332,397.3062,388.801,373.8627,358.3081,378.4027,377.2913,343.1997,333.1165,322.7267,331.5571,329.6751,329.7033,320.9217,304.6302,302.0545,296.6879,281.1996
Republic of Korea,Crop Residues,Emissions (CO2eq) (AR5),kilotonnes,420.5985,434.6928,401.0498,371.0332,397.3062,388.801,373.8627,358.3081,378.4027,377.2913,343.1997,333.1165,322.7267,331.5571,329.6751,329.7033,320.9217,304.6302,302.0545,296.6879,281.1996
Republic of Korea,Rice Cultivation,Emissions (CH4),kilotonnes,225.1962,227.4563,221.1691,213.3663,210.2434,205.7406,200.5981,199.5525,196.5109,194.1389,187.3355,179.3028,178.3261,174.8512,171.2563,167.8622,163.5341,158.4897,154.9113,153.2609,152.5507
Republic of Korea,Rice Cultivation,Emissions (CO2eq) from CH4 (AR5),kilotonnes,6305.4944,6368.775,6192.7337,5974.2564,5886.8149,5760.736,5616.7465,5587.47,5502.3041,5435.8895,5245.3951,5020.4792,4993.1314,4895.835,4795.1753,4700.1427,4578.9559,4437.7124,4337.5172,4291.3063,4271.4202
Republic of Korea,Rice Cultivation,Emissions (CO2eq) (AR5),kilotonnes,6305.4944,6368.775,6192.7337,5974.2564,5886.8149,5760.736,5616.7465,5587.47,5502.3041,5435.8895,5245.3951,5020.4792,4993.1314,4895.835,4795.1753,4700.1427,4578.9559,4437.7124,4337.5172,4291.3063,4271.4202
Republic of Korea,Burning - Crop residues,Emissions (CH4),kilotonnes,1.6361,1.6478,1.6128,1.5582,1.54,1.4984,1.4573,1.4591,1.442,1.4197,1.3802,1.3247,1.3171,1.2874,1.2615,1.2394,1.2087,1.1715,1.1443,1.1279,1.1266
Republic of Korea,Burning - Crop residues,Emissions (CH4),kilotonnes,1,1.06,1.03,0.95,0.91,0.93,0.95,0.93,0.9,0.9,0.84,0.77,0.73,0.73,0.74,0.73,0.7,,,,
Republic of Korea,Burning - Crop residues,Emissions (N2O),kilotonnes,0.0424,0.0427,0.0418,0.0404,0.0399,0.0388,0.0378,0.0378,0.0374,0.0368,0.0358,0.0343,0.0341,0.0334,0.0327,0.0321,0.0313,0.0304,0.0297,0.0292,0.0292
Republic of Korea,Burning - Crop residues,Emissions (N2O),kilotonnes,0.02,0.03,0.03,0.02,0.02,0.02,0.02,0.02,0.02,0.02,0.02,0.02,0.02,0.02,0.02,0.02,0.02,,,,
Republic of Korea,Burning - Crop residues,Emissions (CO2eq) from CH4 (AR5),kilotonnes,45.8117,46.1381,45.1574,43.6284,43.1201,41.9564,40.8038,40.8535,40.3747,39.7514,38.6458,37.0926,36.8801,36.0459,35.3233,34.7023,33.8433,32.8013,32.0417,31.5805,31.5449
Republic of Korea,Burning - Crop residues,Emissions (CO2eq) from CH4 (AR5),kilotonnes,28,29.68,28.84,26.6,25.48,26.04,26.6,26.04,25.2,25.2,23.52,21.56,20.44,20.44,20.72,20.44,19.6,,,,
Republic of Korea,Burning - Crop residues,Emissions (CO2eq) from N2O (AR5),kilotonnes,11.2408,11.3209,11.0803,10.7051,10.5804,10.2948,10.012,10.0242,9.9068,9.7538,9.4825,9.1014,9.0493,8.8446,8.6673,8.5149,8.3041,8.0485,7.8621,7.7489,7.7402
Republic of Korea,Burning - Crop residues,Emissions (CO2eq) from N2O (AR5),kilotonnes,5.3,7.95,7.95,5.3,5.3,5.3,5.3,5.3,5.3,5.3,5.3,5.3,5.3,5.3,5.3,5.3,5.3,,,,
Republic of Korea,Burning - Crop residues,Emissions (CO2eq) (AR5),kilotonnes,57.0526,57.4591,56.2376,54.3335,53.7005,52.2512,50.8158,50.8777,50.2815,49.5052,48.1283,46.1941,45.9294,44.8905,43.9906,43.2173,42.1474,40.8497,39.9038,39.3295,39.285
Republic of Korea,Burning - Crop residues,Emissions (CO2eq) (AR5),kilotonnes,33.3,37.63,36.79,31.9,30.78,31.34,31.9,31.34,30.5,30.5,28.82,26.86,25.74,25.74,26.02,25.74,24.9,,,,
Republic of Korea,Enteric Fermentation,Emissions (CH4),kilotonnes,116.2748,108.4097,108.5824,110.9561,118.5061,124.6967,133.4889,141.192,150.5057,160.4676,173.4628,171.5832,179.6428,173.0691,166.1198,173.2337,175.8876,179.3017,183.411,189.2894,196.6115
Republic of Korea,Enteric Fermentation,Emissions (CH4),kilotonnes,160.8,149.43,147.73,147.13,152.87,157.38,165,172.92,181.82,190.24,202.97,201.03,209.05,207.77,199.66,193.76,192.74,,,,
Republic of Korea,Enteric Fermentation,Emissions (CO2eq) from CH4 (AR5),kilotonnes,3255.6931,3035.4709,3040.3079,3106.7721,3318.1705,3491.5087,3737.6882,3953.3772,4214.1588,4493.0936,4856.9589,4804.3295,5029.9975,4845.9352,4651.3533,4850.5444,4924.8525,5020.4479,5135.5076,5300.1038,5505.1212
Republic of Korea,Enteric Fermentation,Emissions (CO2eq) from CH4 (AR5),kilotonnes,4502.4,4184.04,4136.44,4119.64,4280.36,4406.64,4620,4841.76,5090.96,5326.72,5683.16,5628.84,5853.4,5817.56,5590.48,5425.28,5396.72,,,,
Republic of Korea,Enteric Fermentation,Emissions (CO2eq) (AR5),kilotonnes,3255.6931,3035.4709,3040.3079,3106.7721,3318.1705,3491.5087,3737.6882,3953.3772,4214.1588,4493.0936,4856.9589,4804.3295,5029.9975,4845.9352,4651.3533,4850.5444,4924.8525,5020.4479,5135.5076,5300.1038,5505.1212
Republic of Korea,Enteric Fermentation,Emissions (CO2eq) (AR5),kilotonnes,4502.4,4184.04,4136.44,4119.64,4280.36,4406.64,4620,4841.76,5090.96,5326.72,5683.16,5628.84,5853.4,5817.56,5590.48,5425.28,5396.72,,,,
Republic of Korea,Manure Management,Emissions (CH4),kilotonnes,21.9954,22.8695,23.3328,23.7813,23.3369,23.5247,24.5915,25.1739,24.288,25.6966,26.6443,23.0963,26.8337,26.7003,26.9399,27.4086,27.8309,29.6776,29.9225,29.9232,29.7181
Republic of Korea,Manure Management,Emissions (CH4),kilotonnes,54.22,55.61,56.99,57.01,55.78,56.45,57.17,58.08,56.76,58.71,60.86,53.14,59.24,61.06,60.81,62.25,62.53,,,,
Republic of Korea,Manure Management,Emissions (N2O),kilotonnes,2.3195,2.2523,2.2811,2.3371,2.4282,2.5309,2.7161,2.8535,2.9525,3.1764,3.4057,3.2452,3.476,3.3954,3.3095,3.4375,3.4883,3.6054,3.6821,3.7566,3.8494
Republic of Korea,Manure Management,Emissions (N2O),kilotonnes,9.01,8.61,8.64,8.64,8.94,9.4,9.83,10.23,10.46,10.98,11.65,11.24,11.22,11.28,10.67,11.86,13.18,,,,
Republic of Korea,Manure Management,Emissions (CO2eq) from CH4 (AR5),kilotonnes,615.8726,640.3468,653.3181,665.876,653.4336,658.6912,688.5616,704.8683,680.0651,719.5037,746.0409,646.6954,751.3428,747.6072,754.3177,767.4404,779.2659,830.9737,837.8291,837.8504,832.1075
Republic of Korea,Manure Management,Emissions (CO2eq) from CH4 (AR5),kilotonnes,1518.16,1557.08,1595.72,1596.28,1561.84,1580.6,1600.76,1626.24,1589.28,1643.88,1704.08,1487.92,1658.72,1709.68,1702.68,1743,1750.84,,,,
Republic of Korea,Manure Management,Emissions (CO2eq) from N2O (AR5),kilotonnes,614.6727,596.8557,604.4854,619.3367,643.4623,670.6931,719.7671,756.1888,782.4212,841.7478,902.5063,859.9879,921.1523,899.7741,877.0085,910.9436,924.3873,955.4245,975.7445,995.5063,1020.078
Republic of Korea,Manure Management,Emissions (CO2eq) from N2O (AR5),kilotonnes,2387.65,2281.65,2289.6,2289.6,2369.1,2491,2604.95,2710.95,2771.9,2909.7,3087.25,2978.6,2973.3,2989.2,2827.55,3142.9,3492.7,,,,
Republic of Korea,Manure Management,Emissions (CO2eq) (AR5),kilotonnes,1230.5453,1237.2025,1257.8035,1285.2127,1296.8959,1329.3843,1408.3287,1461.0571,1462.4863,1561.2515,1648.5472,1506.6833,1672.4952,1647.3814,1631.3261,1678.3839,1703.6532,1786.3982,1813.5736,1833.3566,1852.1856
Republic of Korea,Manure Management,Emissions (CO2eq) (AR5),kilotonnes,3905.81,3838.73,3885.32,3885.88,3930.94,4071.6,4205.71,4337.19,4361.18,4553.58,4791.33,4466.52,4632.02,4698.88,4530.23,4885.9,5243.54,,,,
Republic of Korea,Manure left on Pasture,Direct emissions (N2O),kilotonnes,2.1153,2.0151,2.0282,2.0643,2.2185,2.3267,2.5043,2.6044,2.7251,2.9911,3.2328,3.2216,3.2657,3.2043,3.1011,3.2711,3.3299,3.375,3.4546,3.5301,3.6535
Republic of Korea,Manure left on Pasture,Indirect emissions (N2O),kilotonnes,0.472,0.4508,0.454,0.4638,0.4989,0.5219,0.5574,0.5744,0.5954,0.6512,0.7026,0.7003,0.7101,0.6963,0.6743,0.7109,0.7278,0.7406,0.7547,0.7719,0.7986
Republic of Korea,Manure left on Pasture,Emissions (N2O),kilotonnes,2.5873,2.4659,2.4822,2.5281,2.7173,2.8486,3.0617,3.1787,3.3205,3.6424,3.9354,3.9218,3.9757,3.9005,3.7754,3.982,4.0577,4.1156,4.2093,4.302,4.452
Republic of Korea,Manure left on Pasture,Emissions (CO2eq) from N2O (AR5),kilotonnes,685.6435,653.4565,657.7856,669.9407,720.0906,754.8871,811.3475,842.3658,879.9369,965.2261,1042.8815,1039.2874,1053.563,1033.6374,1000.4824,1055.2351,1075.2898,1090.6276,1115.4657,1140.033,1179.7835
Republic of Korea,Manure left on Pasture,Emissions (CO2eq) (AR5),kilotonnes,685.6435,653.4565,657.7856,669.9407,720.0906,754.8871,811.3475,842.3658,879.9369,965.2261,1042.8815,1039.2874,1053.563,1033.6374,1000.4824,1055.2351,1075.2898,1090.6276,1115.4657,1140.033,1179.7835
Republic of Korea,Manure applied to Soils,Direct emissions (N2O),kilotonnes,1.3264,1.3292,1.3473,1.3636,1.3996,1.4373,1.5332,1.5807,1.5918,1.7401,1.8463,1.7442,1.843,1.8337,1.8121,1.8912,1.9141,1.9701,2.0104,2.0246,2.0554
Republic of Korea,Manure applied to Soils,Indirect emissions (N2O),kilotonnes,0.5637,0.5649,0.5726,0.5795,0.5948,0.6108,0.6516,0.6718,0.6765,0.7396,0.7847,0.7413,0.7833,0.7793,0.7702,0.8037,0.8135,0.8373,0.8544,0.8604,0.8735
Republic of Korea,Manure applied to Soils,Emissions (N2O),kilotonnes,1.8901,1.8941,1.9199,1.9432,1.9944,2.0481,2.1848,2.2525,2.2683,2.4797,2.631,2.4855,2.6262,2.613,2.5823,2.6949,2.7276,2.8074,2.8649,2.885,2.9289
Republic of Korea,Manure applied to Soils,Emissions (CO2eq) from N2O (AR5),kilotonnes,500.8698,501.9393,508.7665,514.9464,528.5108,542.7443,578.9627,596.9033,601.1103,657.1127,697.2243,658.6642,695.9553,692.4546,684.3061,714.1525,722.8015,743.9599,759.1956,764.5315,776.1566
Republic of Korea,Manure applied to Soils,Emissions (CO2eq) (AR5),kilotonnes,500.8698,501.9393,508.7665,514.9464,528.5108,542.7443,578.9627,596.9033,601.1103,657.1127,697.2243,658.6642,695.9553,692.4546,684.3061,714.1525,722.8015,743.9599,759.1956,764.5315,776.1566
Republic of Korea,Synthetic Fertilizers,Direct emissions (N2O),kilotonnes,6.4667,5.8859,5.594,5.6724,6.0647,6.5576,4.8231,5.4588,4.5023,3.5513,3.3837,3.4789,3.6466,3.5192,3.4738,3.3332,3.3722,3.2919,3.3965,3.3264,3.2348
Republic of Korea,Synthetic Fertilizers,Indirect emissions (N2O),kilotonnes,2.1017,1.9129,1.818,1.8435,1.971,2.1312,1.5675,1.7741,1.4633,1.1542,1.0997,1.1306,1.1852,1.1438,1.129,1.0833,1.096,1.0699,1.1039,1.0811,1.0513
Republic of Korea,Synthetic Fertilizers,Emissions (N2O),kilotonnes,8.5684,7.7988,7.412,7.5159,8.0357,8.6889,6.3906,7.233,5.9656,4.7055,4.4835,4.6095,4.8318,4.663,4.6028,4.4165,4.4682,4.3618,4.5004,4.4074,4.2861
Republic of Korea,Synthetic Fertilizers,Emissions (CO2eq) from N2O (AR5),kilotonnes,2270.6185,2066.6741,1964.1923,1991.7185,2129.455,2302.5481,1693.5077,1916.738,1580.8791,1246.952,1188.1191,1221.5191,1280.4266,1235.6901,1219.746,1170.3809,1184.0603,1155.8646,1192.599,1167.9668,1135.8117
Republic of Korea,Synthetic Fertilizers,Emissions (CO2eq) (AR5),kilotonnes,2270.6185,2066.6741,1964.1923,1991.7185,2129.455,2302.5481,1693.5077,1916.738,1580.8791,1246.952,1188.1191,1221.5191,1280.4266,1235.6901,1219.746,1170.3809,1184.0603,1155.8646,1192.599,1167.9668,1135.8117
Republic of Korea,Drained organic soils,Emissions (CO2eq) (AR5),kilotonnes,0,0,0,0,0,0,0,0,0,0,0,0,0,0,0,0,0,0,0,0,0
Republic of Korea,Drained organic soils (CO2),Emissions (CO2),kilotonnes,0,0,0,0,0,0,0,0,0,0,0,0,0,0,0,0,0,0,0,0,0
Republic of Korea,Drained organic soils (CO2),Emissions (CO2eq) (AR5),kilotonnes,0,0,0,0,0,0,0,0,0,0,0,0,0,0,0,0,0,0,0,0,0
Republic of Korea,Drained organic soils (N2O),Emissions (N2O),kilotonnes,0,0,0,0,0,0,0,0,0,0,0,0,0,0,0,0,0,0,0,0,0
Republic of Korea,Drained organic soils (N2O),Emissions (CO2eq) from N2O (AR5),kilotonnes,0,0,0,0,0,0,0,0,0,0,0,0,0,0,0,0,0,0,0,0,0
Republic of Korea,Drained organic soils (N2O),Emissions (CO2eq) (AR5),kilotonnes,0,0,0,0,0,0,0,0,0,0,0,0,0,0,0,0,0,0,0,0,0
Republic of Korea,On-farm energy use,Emissions (CH4),kilotonnes,11.8143,8.1615,5.8928,4.0535,3.0739,2.9735,2.9378,3.037,2.9391,2.2271,2.1579,2.3139,2.1335,2.1539,2.0675,2.0762,2.239,2.1001,2.2562,2.2939,2.2939
Republic of Korea,On-farm energy use,Emissions (N2O),kilotonnes,3.1348,3.2588,3.0497,2.6724,2.4082,2.2433,2.1523,2.1908,1.798,1.9409,2.1054,1.9042,1.9297,2.0211,1.6148,1.41,1.3056,1.2115,1.1347,1.0387,1.0387
Republic of Korea,On-farm energy use,Emissions (CO2),kilotonnes,12326.8821,11501.2246,10264.1561,8725.145,7789.4695,7358.1953,7138.5093,7153.0503,6085.8974,6219.0525,6601.3519,6069.4409,5999.6522,6218.842,5121.9372,4614.6574,4426.7603,4127.2961,3968.1845,3737.434,3737.434
Republic of Korea,On-farm energy use,Emissions (CO2eq) from CH4 (AR5),kilotonnes,330.8003,228.5221,164.9997,113.4977,86.0706,83.2572,82.2578,85.0374,82.294,62.3579,60.4222,64.788,59.7376,60.3104,57.8914,58.1331,62.6922,58.8019,63.1729,64.2292,64.2292
Republic of Korea,On-farm energy use,Emissions (CO2eq) from N2O (AR5),kilotonnes,830.7315,863.5943,808.1625,708.1907,638.1702,594.4634,570.3521,580.5607,476.4742,514.3397,557.9342,504.6226,511.3626,535.5841,427.9226,373.6612,345.9842,321.0372,300.7071,275.2639,275.2639
Republic of Korea,On-farm energy use,Emissions (CO2eq) (AR5),kilotonnes,13488.4139,12593.3409,11237.3183,9546.8335,8513.7102,8035.9159,7791.1192,7818.6483,6644.6657,6795.7501,7219.7083,6638.8515,6570.7524,6814.7365,5607.7512,5046.4517,4835.4367,4507.1352,4332.0645,4076.9271,4076.9271
Republic of Korea,Forestland,Emissions (CO2),kilotonnes,-44231.9832,-63693.6211,-63693.6211,-63693.6211,-63693.6211,-63693.6211,-63693.6211,-63693.6211,-63693.6211,-63693.6211,-63693.6211,-55020.0031,-55020.0031,-55020.0031,-55020.0031,-55020.0031,-48594.3187,-48594.3187,-48594.3187,-48594.3187,-48594.3187
Republic of Korea,Forestland,Emissions (CO2eq) (AR5),kilotonnes,-44231.9832,-63693.6211,-63693.6211,-63693.6211,-63693.6211,-63693.6211,-63693.6211,-63693.6211,-63693.6211,-63693.6211,-63693.6211,-55020.0031,-55020.0031,-55020.0031,-55020.0031,-55020.0031,-48594.3187,-48594.3187,-48594.3187,-48594.3187,-48594.3187
Republic of Korea,Net Forest conversion,Emissions (CO2),kilotonnes,1794.3095,3574.0268,3574.0268,3574.0268,3574.0268,3574.0268,3574.0268,3574.0268,3574.0268,3574.0268,3574.0268,4560.6637,4560.6637,4560.6637,4560.6637,4560.6637,2795.4667,2795.4667,2795.4667,2795.4667,2795.4667
Republic of Korea,Net Forest conversion,Emissions (CO2eq) (AR5),kilotonnes,1794.3095,3574.0268,3574.0268,3574.0268,3574.0268,3574.0268,3574.0268,3574.0268,3574.0268,3574.0268,3574.0268,4560.6637,4560.6637,4560.6637,4560.6637,4560.6637,2795.4667,2795.4667,2795.4667,2795.4667,2795.4667
Republic of Korea,Savanna fires,Emissions (CH4),kilotonnes,0.0041,0.0039,0.0029,0.0429,0.0416,0.0552,0.0096,0.0361,0.0278,0.0322,0.0009,0.0969,0.0007,0.0044,0.0509,0.0115,0.0028,0.0594,0,0.0204,0.0339
Republic of Korea,Savanna fires,Emissions (N2O),kilotonnes,0.0004,0.0004,0.0003,0.0039,0.0038,0.005,0.0009,0.0033,0.0025,0.0029,0.0001,0.0088,0.0001,0.0004,0.0046,0.0011,0.0003,0.0054,0,0.0019,0.0031
Republic of Korea,Savanna fires,Emissions (CO2eq) from CH4 (AR5),kilotonnes,0.1159,0.1103,0.0822,1.2013,1.1655,1.5454,0.2689,1.011,0.777,0.9021,0.025,2.7125,0.0205,0.1228,1.4257,0.3222,0.0783,1.6622,0,0.5709,0.9497
Republic of Korea,Savanna fires,Emissions (CO2eq) from N2O (AR5),kilotonnes,0.1002,0.0953,0.071,1.0381,1.0072,1.3354,0.2324,0.8736,0.6714,0.7795,0.0216,2.344,0.0177,0.1061,1.232,0.2784,0.0676,1.4364,0,0.4933,0.8207
Republic of Korea,Savanna fires,Emissions (CO2eq) (AR5),kilotonnes,0.2161,0.2055,0.1532,2.2393,2.1727,2.8808,0.5013,1.8846,1.4484,1.6816,0.0467,5.0565,0.0381,0.2289,2.6577,0.6005,0.1459,3.0986,0,1.0642,1.7704
Republic of Korea,Fires in organic soils,Emissions (CH4),kilotonnes,0,0,0,0,0,0,0,0,0,0,0,0,0,0,0,0,0,0,0,0,0
Republic of Korea,Fires in organic soils,Emissions (CO2),kilotonnes,0,0,0,0,0,0,0,0,0,0,0,0,0,0,0,0,0,0,0,0,0
Republic of Korea,Fires in organic soils,Emissions (CO2eq) from CH4 (AR5),kilotonnes,0,0,0,0,0,0,0,0,0,0,0,0,0,0,0,0,0,0,0,0,0
Republic of Korea,Fires in organic soils,Emissions (CO2eq) (AR5),kilotonnes,0,0,0,0,0,0,0,0,0,0,0,0,0,0,0,0,0,0,0,0,0
Republic of Korea,Forest fires,Emissions (CH4),kilotonnes,0.612,0.0199,0.1569,0.2191,0.2216,0.3635,0.0349,0.1145,0.0224,0.2116,0.0398,0.2788,0,0.127,0.371,0.0174,0.01,0.0448,0.005,0.0573,0.1045
Republic of Korea,Forest fires,Emissions (N2O),kilotonnes,0.0339,0.0018,0.0143,0.02,0.0202,0.0332,0.0032,0.0105,0.002,0.0193,0.0036,0.0255,0,0.0116,0.0339,0.0016,0.0009,0.0041,0.0005,0.0052,0.0095
Republic of Korea,Forest fires,Emissions (CO2eq) from CH4 (AR5),kilotonnes,17.1361,0.5577,4.3926,6.1353,6.2047,10.1791,0.9761,3.2067,0.6275,5.9255,1.1153,7.8078,0,3.5559,10.3871,0.488,0.2788,1.2549,0.1394,1.6033,2.9274
Republic of Korea,Forest fires,Emissions (CO2eq) from N2O (AR5),kilotonnes,8.9718,0.482,3.7958,5.3017,5.3616,8.7961,0.8435,2.771,0.5422,5.1204,0.9638,6.7469,0,3.0728,8.9758,0.4217,0.2409,1.0844,0.1205,1.3855,2.5297
Republic of Korea,Forest fires,Emissions (CO2eq) (AR5),kilotonnes,26.108,1.0397,8.1884,11.4371,11.5663,18.9752,1.8196,5.9777,1.1697,11.0459,2.0791,14.5547,0,6.6287,19.3629,0.9097,0.5197,2.3392,0.26,2.9888,5.457
Republic of Korea,Fires in humid tropical forests,Emissions (CH4),kilotonnes,0,0,0,0,0,0,0,0,0,0,0,0,0,0,0,0,0,0,0,0,0
Republic of Korea,Fires in humid tropical forests,Emissions (N2O),kilotonnes,0,0,0,0,0,0,0,0,0,0,0,0,0,0,0,0,0,0,0,0,0
Republic of Korea,Fires in humid tropical forests,Emissions (CO2eq) from CH4 (AR5),kilotonnes,0,0,0,0,0,0,0,0,0,0,0,0,0,0,0,0,0,0,0,0,0
Republic of Korea,Fires in humid tropical forests,Emissions (CO2eq) from N2O (AR5),kilotonnes,0,0,0,0,0,0,0,0,0,0,0,0,0,0,0,0,0,0,0,0,0
Republic of Korea,Fires in humid tropical forests,Emissions (CO2eq) (AR5),kilotonnes,0,0,0,0,0,0,0,0,0,0,0,0,0,0,0,0,0,0,0,0,0
Republic of Korea,Waste - agri-food systems,Emissions (CH4),kilotonnes,259.899,288.4147,275.8014,275.0801,278.5922,262.6837,253.8364,261.7775,282.595,255.9997,279.4701,288.0612,301.981,290.0422,245.8801,250.9613,239.0407,227.1373,215.5253,203.7361,191.8121
Republic of Korea,Waste - agri-food systems,Emissions (N2O),kilotonnes,1.8421,1.8592,1.8974,1.9158,1.8675,1.8846,1.9496,1.9765,2.0407,2.0297,2.0434,2.168,2.1532,2.1776,2.1409,2.1724,2.2373,2.3224,2.3865,2.4442,2.4976
Republic of Korea,Waste - agri-food systems,Emissions (CO2),kilotonnes,888.2122,886.5471,890.9976,894.7242,898.6959,904.0881,907.9968,911.5188,907.8132,904.4038,910.7107,913.6995,914.3528,916.641,919.2506,918.8381,919.5977,922.1985,924.1766,922.7497,922.48
Republic of Korea,Waste - agri-food systems,Emissions (CO2eq) from CH4 (AR5),kilotonnes,7277.1722,8075.6113,7722.4387,7702.2429,7800.5812,7355.1435,7107.4196,7329.7707,7912.6606,7167.9928,7825.1621,8065.7148,8455.469,8121.1827,6884.6433,7026.9165,6693.1386,6359.8453,6034.7081,5704.6102,5370.7395
Republic of Korea,Waste - agri-food systems,Emissions (CO2eq) from N2O (AR5),kilotonnes,488.1668,492.6876,502.8056,507.6902,494.8758,499.4109,516.6546,523.7802,540.7881,537.8582,541.4978,574.5152,570.5978,577.0743,567.3502,575.6977,592.8954,615.4235,632.4208,647.719,661.867
Republic of Korea,Waste - agri-food systems,Emissions (CO2eq) (AR5),kilotonnes,8653.5512,9454.846,9116.2419,9104.6573,9194.1529,8758.6426,8532.071,8765.0698,9361.2618,8610.2548,9277.3706,9553.9295,9940.4196,9614.8979,8371.2441,8521.4523,8205.6317,7897.4673,7591.3055,7275.0789,6955.0865
Republic of Korea,Fertilizers Manufacturing,Emissions (CO2),kilotonnes,2651.4528,2682.4115,4003.3256,4095.8853,1588.0725,1665.1187,1451.1064,1606.0294,3874.0331,3009.5218,3206.2071,3056.1151,3514.4083,2981.0703,2863.1367,2343.3334,2418.2191,2718.1702,2664.7827,3142.6505,2924.1218
Republic of Korea,Fertilizers Manufacturing,Emissions (CO2eq) (AR5),kilotonnes,2651.4528,2682.4115,4003.3256,4095.8853,1588.0725,1665.1187,1451.1064,1606.0294,3874.0331,3009.5218,3206.2071,3056.1151,3514.4083,2981.0703,2863.1367,2343.3334,2418.2191,2718.1702,2664.7827,3142.6505,2924.1218
Republic of Korea,On-farm electricity use,Emissions (CH4),kilotonnes,6.3669,7.1817,7.3869,7.1325,7.8117,8.408,8.7548,9.3524,10.0616,10.9735,12.0487,12.6894,14.487,15.6726,16.2665,17.5732,19.2016,19.1751,20.1603,20.9391,20.9391
Republic of Korea,On-farm electricity use,Emissions (N2O),kilotonnes,0.034,0.0383,0.0394,0.0381,0.0417,0.0449,0.0467,0.0499,0.0537,0.0586,0.0643,0.0678,0.0774,0.0837,0.0869,0.0939,0.1026,0.1024,0.1077,0.1119,0.1119
Republic of Korea,On-farm electricity use,Emissions (CO2),kilotonnes,2809.18,3177.6759,2946.3952,2828.2051,3273.8725,3415.2461,3582.1711,3751.3605,4084.2715,4803.8511,5365.6303,5769.2684,6523.4826,6623.3117,6874.3292,7426.5676,8114.7106,8103.5542,8519.8883,8849,8849
Republic of Korea,On-farm electricity use,Emissions (CO2eq) from CH4 (AR5),kilotonnes,178.2732,201.0876,206.8332,199.71,218.7276,235.424,245.1344,261.8672,281.7248,307.258,337.3636,355.3032,405.636,438.8328,455.462,492.0496,537.6448,536.9028,564.4884,586.2948,586.2948
Republic of Korea,On-farm electricity use,Emissions (CO2eq) from N2O (AR5),kilotonnes,9.01,10.1495,10.441,10.0965,11.0505,11.8985,12.3755,13.2235,14.2305,15.529,17.0395,17.967,20.511,22.1805,23.0285,24.8835,27.189,27.136,28.5405,29.6535,29.6535
Republic of Korea,On-farm electricity use,Emissions (CO2eq) (AR5),kilotonnes,2996.4632,3388.913,3163.6694,3038.0116,3503.6506,3662.5686,3839.681,4026.4512,4380.2268,5126.6381,5720.0334,6142.5386,6949.6296,7084.325,7352.8197,7943.5007,8679.5444,8667.593,9112.9172,9464.9483,9464.9483
Republic of Korea,Food Processing,Emissions (CH4),kilotonnes,8.1434,8.3344,9.0434,9.5483,9.3256,9.4701,9.5905,9.5795,10.4608,11.3599,11.2787,12.3824,12.8792,12.9194,13.2757,13.467,14.6457,14.7027,14.8582,14.8582,15.8272
Republic of Korea,Food Processing,Emissions (N2O),kilotonnes,0.0672,0.0661,0.0698,0.0719,0.0697,0.0695,0.0694,0.0676,0.0692,0.073,0.0726,0.0795,0.0821,0.0805,0.0817,0.0819,0.0905,0.0992,0.1,0.1,0.1117
Republic of Korea,Food Processing,Emissions (CO2),kilotonnes,6745.6541,6588.9145,6595.3232,6723.7243,6753.7388,6512.037,6473.4046,6453.1633,6543.0215,7260.6718,7410.7724,8065.5401,8278.0512,7731.9119,7891.8043,7899.2146,8521.9539,8836.7757,8913.3614,8913.3614,8293.5581
Republic of Korea,Food Processing,Emissions (CO2eq) from CH4 (AR5),kilotonnes,228.0152,233.3632,253.2152,267.3524,261.1168,265.1628,268.534,268.226,292.9024,318.0772,315.8036,346.7072,360.6176,361.7432,371.7196,377.076,410.0796,411.6756,416.0296,416.0296,443.162
Republic of Korea,Food Processing,Emissions (CO2eq) from N2O (AR5),kilotonnes,17.808,17.5165,18.497,19.0535,18.4705,18.4175,18.391,17.914,18.338,19.345,19.239,21.0675,21.7565,21.3325,21.6505,21.7035,23.9825,26.288,26.5,26.5,29.6055
Republic of Korea,Food Processing,Emissions (CO2eq) (AR5),kilotonnes,6991.4773,6839.7942,6867.0354,7010.1302,7033.3261,6795.6173,6760.3296,6739.3033,6854.2619,7598.094,7745.815,8433.3148,8660.4253,8114.9876,8285.1744,8297.9941,8956.016,9274.7393,9355.891,9355.891,8766.3256
Republic of Korea,Food Packaging,Emissions (CH4),kilotonnes,5.2708,5.3653,5.3011,5.7124,5.9745,5.918,6.0248,6.2834,6.7215,6.9828,7.1566,7.6457,7.4028,7.6031,7.6914,7.8599,8.1191,8.3314,8.5563,9.0391,9.6286
Republic of Korea,Food Packaging,Emissions (N2O),kilotonnes,0.0393,0.0397,0.0396,0.0422,0.0436,0.0427,0.0432,0.0444,0.046,0.0484,0.05,0.0544,0.052,0.0523,0.052,0.054,0.0554,0.0573,0.0594,0.0599,0.0669
Republic of Korea,Food Packaging,Emissions (CO2),kilotonnes,3672.8605,3700.7125,3448.9415,3613.4169,3827.2948,3688.6109,3784.8242,3836.4621,3984.9145,4337.9032,4541.6424,4968.0298,4716.7102,4603.3948,4509.3504,4514.2889,4588.7881,4682.5293,4829.3579,5012.3584,4663.8169
Republic of Korea,Food Packaging,Emissions (CO2eq) from CH4 (AR5),kilotonnes,147.5824,150.2284,148.4308,159.9472,167.286,165.704,168.6944,175.9352,188.202,195.5184,200.3848,214.0796,207.2784,212.8868,215.3592,220.0772,227.3348,233.2792,239.5764,253.0948,269.601
Republic of Korea,Food Packaging,Emissions (CO2eq) from N2O (AR5),kilotonnes,10.4145,10.5205,10.494,11.183,11.554,11.3155,11.448,11.766,12.19,12.826,13.25,14.416,13.78,13.8595,13.78,14.31,14.681,15.1845,15.741,15.8735,17.7337
Republic of Korea,Food Packaging,Emissions (CO2eq) (AR5),kilotonnes,3830.8574,3861.4614,3607.8663,3784.5471,4006.1348,3865.6304,3964.9666,4024.1633,4185.3065,4546.2476,4755.2772,5196.5254,4937.7686,4830.1411,4738.4896,4748.6761,4830.8039,4930.993,5084.6753,5281.3267,4951.1516
Republic of Korea,Food Retail,Emissions (CH4),kilotonnes,10.0673,11.8791,13.1843,14.2031,15.1296,16.6205,17.4938,18.4756,19.4346,20.0957,21.6461,22.0067,22.4027,22.3362,21.8177,22.3298,24.1101,23.9979,24.2768,27.5479,29.3445
Republic of Korea,Food Retail,Emissions (N2O),kilotonnes,0.0787,0.086,0.0931,0.099,0.1024,0.1098,0.1107,0.116,0.1222,0.1274,0.1388,0.1436,0.1471,0.1418,0.1326,0.144,0.1551,0.1539,0.1554,0.1684,0.1881
Republic of Korea,Food Retail,Emissions (CO2),kilotonnes,8306.1256,8647.3526,8453.7232,8756.0939,9386.407,9918.0002,9651.6507,9876.0965,10235.2478,11248.9189,12266.8351,12500.0442,12544.5759,11853.0847,11293.0256,11815.8335,12680.0314,12531.9676,12638.4242,13606.5235,12660.3745
Republic of Korea,Food Retail,Emissions (CO2eq) from CH4 (AR5),kilotonnes,281.8844,332.6148,369.1604,397.6868,423.6288,465.374,489.8264,517.3168,544.1688,562.6796,606.0908,616.1876,627.2756,625.4136,610.8956,625.2344,675.0828,671.9412,679.7504,771.3412,821.6461
Republic of Korea,Food Retail,Emissions (CO2eq) from N2O (AR5),kilotonnes,20.8555,22.79,24.6715,26.235,27.136,29.097,29.3355,30.74,32.383,33.761,36.782,38.054,38.9815,37.577,35.139,38.16,41.1015,40.7835,41.181,44.626,49.8556
Republic of Korea,Food Retail,Emissions (CO2eq) (AR5),kilotonnes,8608.8655,9002.7574,8847.5551,9180.0157,9837.1718,10412.4712,10170.8126,10424.1533,10811.7996,11845.3595,12909.7079,13154.2858,13210.833,12516.0753,11939.0602,12479.2279,13396.2157,13244.6923,13359.3556,14422.4907,13531.8762
Republic of Korea,Food Household Consumption,Emissions (CH4),kilotonnes,6.0618,6.4204,6.9317,7.2736,7.849,8.2049,8.4548,8.69,9.0071,9.2197,9.7971,9.8964,10.2001,10.2081,10.0213,10.167,10.9716,10.6475,10.8058,10.8058,11.5105
Republic of Korea,Food Household Consumption,Emissions (N2O),kilotonnes,0.0454,0.049,0.0522,0.0528,0.0543,0.056,0.0565,0.0568,0.0588,0.0593,0.063,0.0642,0.0652,0.0647,0.0632,0.065,0.0707,0.0694,0.0695,0.0695,0.0776
Republic of Korea,Food Household Consumption,Emissions (CO2),kilotonnes,5954.145,6370.9805,6780.7884,6905.5918,6912.9867,7100.1352,7276.1638,7171.3969,7369.1641,7671.8323,8241.7046,8439.8153,8505.3649,8217.073,7896.7798,7995.6771,8715.6026,8762.1716,8776.8517,8776.8517,8166.5408
Republic of Korea,Food Household Consumption,Emissions (CO2eq) from CH4 (AR5),kilotonnes,169.7304,179.7712,194.0876,203.6608,219.772,229.7372,236.7344,243.32,252.1988,258.1516,274.3188,277.0992,285.6028,285.8268,280.5964,284.676,307.2048,298.13,302.5624,302.5624,322.2947
Republic of Korea,Food Household Consumption,Emissions (CO2eq) from N2O (AR5),kilotonnes,12.031,12.985,13.833,13.992,14.3895,14.84,14.9725,15.052,15.582,15.7145,16.695,17.013,17.278,17.1455,16.748,17.225,18.7355,18.391,18.4175,18.4175,20.5758
Republic of Korea,Food Household Consumption,Emissions (CO2eq) (AR5),kilotonnes,6135.9064,6563.7367,6988.709,7123.2446,7147.1482,7344.7124,7527.8707,7429.7689,7636.9449,7945.6984,8532.7184,8733.9275,8808.2457,8520.0453,8194.1242,8297.5781,9041.5429,9078.6926,9097.8316,9097.8316,8509.4114
Republic of Korea,Food Transport,Emissions (CH4),kilotonnes,1.9248,1.9907,2.1231,2.1454,2.2136,2.2873,2.4019,2.5343,2.5561,2.6259,2.5708,2.5286,2.5393,2.5824,2.5142,2.4937,2.4982,2.4204,2.4751,2.908,3.0977
Republic of Korea,Food Transport,Emissions (N2O),kilotonnes,0.2584,0.2691,0.287,0.2915,0.2863,0.2941,0.2832,0.28,0.2687,0.2621,0.2583,0.255,0.2572,0.2667,0.2641,0.2735,0.28,0.2827,0.2777,0.3031,0.3386
Republic of Korea,Food Transport,Emissions (CO2),kilotonnes,7733.625,8057.21,8649.46,8892.5,8934.545,8953.59,9035.045,9309.195,9057.95,9166.86,9330.105,9205.865,9372.405,9774.935,9850.335,10427.6,10705.48,10927.835,10681.995,11323.5879,10536.1861
Republic of Korea,Food Transport,Emissions (CO2eq) from CH4 (AR5),kilotonnes,53.8944,55.7396,59.4468,60.0712,61.9808,64.0444,67.2532,70.9604,71.5708,73.5252,71.9824,70.8008,71.1004,72.3072,70.3976,69.8236,69.9496,67.7712,69.3028,81.424,86.7343
Republic of Korea,Food Transport,Emissions (CO2eq) from N2O (AR5),kilotonnes,68.476,71.3115,76.055,77.2475,75.8695,77.9365,75.048,74.2,71.2055,69.4565,68.4495,67.575,68.158,70.6755,69.9865,72.4775,74.2,74.9155,73.5905,80.3215,89.7342
Republic of Korea,Food Transport,Emissions (CO2eq) (AR5),kilotonnes,7855.9954,8184.2611,8784.9618,9029.8187,9072.3953,9095.5709,9177.3462,9454.3554,9200.7263,9309.8417,9470.5369,9344.2408,9511.6634,9917.9177,9990.7191,10569.9011,10849.6296,11070.5217,10824.8883,11485.3334,10712.6545
Republic of Korea,Energy,Emissions (CH4),kilotonnes,223,216,156,156,160,166,172,177,176,174,178,184,184,185,190,200,187,191,194,184,196
Republic of Korea,Energy,Emissions (N2O),kilotonnes,10,11.3,11.5,9.58,9.9,9.97,10,10.1,10.4,11.3,12,12.6,12.6,12.7,12.6,13.5,13.8,13.3,13.4,12.8,14.3
Republic of Korea,Energy,Emissions (CO2),kilotonnes,427000,429000,445000,443000,461000,448000,452000,476000,488000,489000,548000,573000,570000,576000,577000,582000,610000,611000,627000,604000,562000
Republic of Korea,Energy,Emissions (CO2eq) from CH4 (AR5),kilotonnes,6244,6048,4368,4368,4480,4648,4816,4956,4928,4872,4984,5152,5152,5180,5320,5600,5236,5348,5432,5152,5488
Republic of Korea,Energy,Emissions (CO2eq) from N2O (AR5),kilotonnes,2650,2994.5,3047.5,2538.7,2623.5,2642.05,2650,2676.5,2756,2994.5,3180,3339,3339,3365.5,3339,3577.5,3657,3524.5,3551,3392,3789.5
Republic of Korea,Energy,Emissions (CO2eq) (AR5),kilotonnes,435894,438042.5,452415.5,449906.7,468103.5,455290.05,459466,483632.5,495684,496866.5,556164,581491,578491,584545.5,585659,591177.5,618893,619872.5,635983,612544,571277.5
Republic of Korea,IPPU,Emissions (CH4),kilotonnes,5.11,5.06,5.18,5.21,5.48,5.52,5.56,5.92,6.46,6.63,7.21,7.77,8.03,8.07,8.38,8.53,8.64,8.87,9.1,9.09,9.78
Republic of Korea,IPPU,Emissions (N2O),kilotonnes,13.3,15.9,5.51,6.39,7.56,8.98,8.25,6.63,5.45,5.38,5.69,5.66,5.36,4.82,4.02,3.28,4.4,4.89,5,5.17,3.55
Republic of Korea,IPPU,Emissions (CO2),kilotonnes,42000,42700,44200,45400,44200,41700,41600,45600,46200,45100,45800,47400,48600,48900,49800,50200,51600,51900,50100,49000,49700
Republic of Korea,IPPU,Emissions (CO2eq) from F-gases (AR5),kilotonnes,14965.0206,11175.1777,15742.4242,13507.3887,12049.7568,12729.985,10980.8268,10980.8268,11272.3532,8833.2492,8327.9368,8687.486,9085.9053,9659.2406,10494.9495,8055.8455,7093.8085,8114.1508,9396.8668,8143.3034,7531.098
Republic of Korea,IPPU,Emissions (CO2eq) from CH4 (AR5),kilotonnes,143.08,141.68,145.04,145.88,153.44,154.56,155.68,165.76,180.88,185.64,201.88,217.56,224.84,225.96,234.64,238.84,241.92,248.36,254.8,254.52,273.84
Republic of Korea,IPPU,Emissions (CO2eq) from N2O (AR5),kilotonnes,3524.5,4213.5,1460.15,1693.35,2003.4,2379.7,2186.25,1756.95,1444.25,1425.7,1507.85,1499.9,1420.4,1277.3,1065.3,869.2,1166,1295.85,1325,1370.05,940.75
Republic of Korea,IPPU,Emissions (CO2eq) (AR5),kilotonnes,60632.6006,58230.3577,61547.6142,60746.6187,58406.5968,56964.245,54922.7568,58503.5368,59097.4832,55544.5892,55837.6668,57804.946,59331.1453,60062.5006,61594.8895,59363.8855,60101.7285,61558.3608,61076.6668,58767.8734,58445.688
Republic of Korea,Waste,Emissions (CH4),kilotonnes,685,690,705,720,732,741,755,755,662,678,687,701,720,736,755,761,775,795,804,804,793
Republic of Korea,Waste,Emissions (N2O),kilotonnes,3.11,3.14,3.07,3.1,3.1,3.03,3.09,3.11,3.18,3.19,3.2,3.28,3.36,3.44,3.38,3.39,3.41,3.45,3.51,3.51,3.58
Republic of Korea,Waste,Emissions (CO2),kilotonnes,1750,1850,1580,1590,1590,1370,1520,1350,1330,1300,1270,1400,1540,1570,1420,1430,1430,1430,1440,1310,1430
Republic of Korea,Waste,Emissions (CO2eq) from CH4 (AR5),kilotonnes,19180,19320,19740,20160,20496,20748,21140,21140,18536,18984,19236,19628,20160,20608,21140,21308,21700,22260,22512,22512,22204
Republic of Korea,Waste,Emissions (CO2eq) from N2O (AR5),kilotonnes,824.15,832.1,813.55,821.5,821.5,802.95,818.85,824.15,842.7,845.35,848,869.2,890.4,911.6,895.7,898.35,903.65,914.25,930.15,930.15,948.7
Republic of Korea,Waste,Emissions (CO2eq) (AR5),kilotonnes,21754.15,22002.1,22133.55,22571.5,22907.5,22920.95,23478.85,23314.15,20708.7,21129.35,21354,21897.2,22590.4,23089.6,23455.7,23636.35,24033.65,24604.25,24882.15,24752.15,24582.7
Republic of Korea,Other,Emissions (N2O),kilotonnes,8.56,8.74,8.82,7.51,7.79,7.24,7.24,7.41,7.07,6.91,7.18,7.03,7.16,7.33,7.19,7.72,7.77,7.81,7.84,7.63,7.66
Republic of Korea,Other,Emissions (CO2eq) from N2O (AR5),kilotonnes,2268.4,2316.1,2337.3,1990.15,2064.35,1918.6,1918.6,1963.65,1873.55,1831.15,1902.7,1862.95,1897.4,1942.45,1905.35,2045.8,2059.05,2069.65,2077.6,2021.95,2029.9
Republic of Korea,Other,Emissions (CO2eq) (AR5),kilotonnes,2268.4,2316.1,2337.3,1990.15,2064.35,1918.6,1918.6,1963.65,1873.55,1831.15,1902.7,1862.95,1897.4,1942.45,1905.35,2045.8,2059.05,2069.65,2077.6,2021.95,2029.9
Republic of Korea,Farm-gate emissions,Emissions (CH4),kilotonnes,376.921,368.5487,360.5928,353.7583,356.742,358.4891,363.0831,370.4506,375.7133,383.9821,390.9817,377.7178,388.2539,378.0663,367.6959,371.8316,370.7031,370.8,371.6453,375.9158,382.3347
Republic of Korea,Farm-gate emissions,Direct emissions (N2O),kilotonnes,11.204,10.5692,10.2049,10.2433,10.9066,11.5193,10.0123,10.7476,9.9849,9.4448,9.5202,9.4708,9.7494,9.5786,9.4026,9.5112,9.6048,9.5754,9.7921,9.7949,9.8098
Republic of Korea,Farm-gate emissions,Indirect emissions (N2O),kilotonnes,3.4289,3.2299,3.1226,3.144,3.3401,3.5335,3.0356,3.2686,2.9974,2.8065,2.8248,2.8031,2.9022,2.8491,2.8019,2.8264,2.8596,2.8589,2.9223,2.9191,2.9183
Republic of Korea,Farm-gate emissions,Emissions (N2O),kilotonnes,20.1301,19.3533,18.7004,18.4412,19.1267,19.8708,17.9549,19.1017,17.7728,17.4083,17.892,17.4666,18.0915,17.8779,17.1662,17.2184,17.2899,17.2869,17.5609,17.5405,17.6485
Republic of Korea,Farm-gate emissions,Emissions (CO2),kilotonnes,12326.8821,11501.2246,10264.1561,8725.145,7789.4695,7358.1953,7138.5093,7153.0503,6085.8974,6219.0525,6601.3519,6069.4409,5999.6522,6218.842,5121.9372,4614.6574,4426.7603,4127.2961,3968.1845,3737.434,3737.434
Republic of Korea,Farm-gate emissions,Emissions (CO2eq) from CH4 (AR5),kilotonnes,10553.7881,10319.3632,10096.5989,9905.2319,9988.7753,10037.6949,10166.3269,10372.6173,10519.9738,10751.4982,10947.488,10576.0973,10871.1099,10585.8565,10295.4866,10411.2851,10379.6881,10382.3994,10406.0685,10525.641,10705.3727
Republic of Korea,Farm-gate emissions,Emissions (CO2eq) from N2O (AR5),kilotonnes,5334.4756,5128.6288,4955.5934,4886.9094,5068.5826,5265.7673,4758.0442,5061.9625,4709.8026,4613.203,4741.3693,4628.643,4794.2536,4737.6482,4549.0399,4562.8698,4581.8165,4581.0288,4653.6285,4648.2318,4676.8542
Republic of Korea,Farm-gate emissions,Emissions (CO2eq) (AR5),kilotonnes,28215.1458,26949.2166,25316.3484,23517.2863,22846.8274,22661.6574,22062.8803,22587.6301,21315.6738,21583.7537,22290.2092,21274.1812,21665.0157,21542.3467,19966.4637,19588.8123,19388.265,19090.7244,19027.8816,18911.3068,19119.6609
Republic of Korea,Land Use change,Emissions (CH4),kilotonnes,0,0,0,0,0,0,0,0,0,0,0,0,0,0,0,0,0,0,0,0,0
Republic of Korea,Land Use change,Emissions (N2O),kilotonnes,0,0,0,0,0,0,0,0,0,0,0,0,0,0,0,0,0,0,0,0,0
Republic of Korea,Land Use change,Emissions (CO2),kilotonnes,1794.3095,3574.0268,3574.0268,3574.0268,3574.0268,3574.0268,3574.0268,3574.0268,3574.0268,3574.0268,3574.0268,4560.6637,4560.6637,4560.6637,4560.6637,4560.6637,2795.4667,2795.4667,2795.4667,2795.4667,2795.4667
Republic of Korea,Land Use change,Emissions (CO2eq) from CH4 (AR5),kilotonnes,0,0,0,0,0,0,0,0,0,0,0,0,0,0,0,0,0,0,0,0,0
Republic of Korea,Land Use change,Emissions (CO2eq) from N2O (AR5),kilotonnes,0,0,0,0,0,0,0,0,0,0,0,0,0,0,0,0,0,0,0,0,0
Republic of Korea,Land Use change,Emissions (CO2eq) (AR5),kilotonnes,1794.3095,3574.0268,3574.0268,3574.0268,3574.0268,3574.0268,3574.0268,3574.0268,3574.0268,3574.0268,3574.0268,4560.6637,4560.6637,4560.6637,4560.6637,4560.6637,2795.4667,2795.4667,2795.4667,2795.4667,2795.4667
Republic of Korea,Emissions on agricultural land,Emissions (CH4),kilotonnes,376.921,368.5487,360.5928,353.7583,356.742,358.4891,363.0831,370.4506,375.7133,383.9821,390.9817,377.7178,388.2539,378.0663,367.6959,371.8316,370.7031,370.8,371.6453,375.9158,382.3347
Republic of Korea,Emissions on agricultural land,Emissions (N2O),kilotonnes,20.1301,19.3533,18.7004,18.4412,19.1267,19.8708,17.9549,19.1017,17.7728,17.4083,17.892,17.4666,18.0915,17.8779,17.1662,17.2184,17.2899,17.2869,17.5609,17.5405,17.6485
Republic of Korea,Emissions on agricultural land,Emissions (CO2),kilotonnes,14121.1916,15075.2514,13838.1829,12299.1718,11363.4963,10932.2221,10712.5361,10727.0771,9659.9242,9793.0793,10175.3787,10630.1046,10560.316,10779.5057,9682.6009,9175.3211,7222.227,6922.7628,6763.6512,6532.9007,6532.9007
Republic of Korea,Emissions on agricultural land,Emissions (CO2eq) from CH4 (AR5),kilotonnes,10553.7881,10319.3632,10096.5989,9905.2319,9988.7753,10037.6949,10166.3269,10372.6173,10519.9738,10751.4982,10947.488,10576.0973,10871.1099,10585.8565,10295.4866,10411.2851,10379.6881,10382.3994,10406.0685,10525.641,10705.3727
Republic of Korea,Emissions on agricultural land,Emissions (CO2eq) from N2O (AR5),kilotonnes,5334.4756,5128.6288,4955.5934,4886.9094,5068.5826,5265.7673,4758.0442,5061.9625,4709.8026,4613.203,4741.3693,4628.643,4794.2536,4737.6482,4549.0399,4562.8698,4581.8165,4581.0288,4653.6285,4648.2318,4676.8542
Republic of Korea,Emissions on agricultural land,Emissions (CO2eq) (AR5),kilotonnes,30009.4553,30523.2434,28890.3752,27091.3131,26420.8541,26235.6842,25636.9071,26161.6569,24889.7006,25157.7804,25864.236,25834.8449,26225.6795,26103.0105,24527.1274,24149.476,22183.7317,21886.1911,21823.3482,21706.7735,21915.1276
Republic of Korea,Pre- and post- production,Emissions (CH4),kilotonnes,297.734,329.5863,319.7719,321.0954,326.8962,313.5925,306.557,316.6927,340.8367,317.2572,343.9681,355.2104,371.8921,361.364,317.4669,324.8519,318.587,306.4123,296.6578,289.8342,282.1597
Republic of Korea,Pre- and post- production,Emissions (N2O),kilotonnes,2.3651,2.4074,2.4785,2.5113,2.4655,2.5016,2.5593,2.5912,2.6593,2.6585,2.6904,2.8325,2.8342,2.8673,2.8214,2.8847,2.9916,3.0873,3.1562,3.257,3.3925
Republic of Korea,Pre- and post- production,Emissions (CO2),kilotonnes,38761.2552,40111.8046,41768.9547,42710.1415,41575.6132,42156.8262,42162.3626,42915.2225,46056.4157,48403.9629,51273.6076,52918.3774,54369.3509,52701.4224,52098.0116,53341.3532,56664.3834,57485.2021,57948.8378,60547.0831,57016.0783
Republic of Korea,Pre- and post- production,Emissions (CO2eq) from CH4 (AR5),kilotonnes,8336.5522,9228.4161,8953.6127,8990.6713,9153.0932,8780.5899,8583.5964,8867.3963,9543.4282,8883.2028,9631.1061,9945.8924,10412.9798,10118.1931,8889.0737,9095.8533,8920.435,8579.5453,8306.4181,8115.357,7900.4723
Republic of Korea,Pre- and post- production,Emissions (CO2eq) from N2O (AR5),kilotonnes,626.7618,637.9606,656.7971,665.4977,653.3458,662.9159,678.2251,686.6757,704.7171,704.4902,712.9528,750.6077,751.0628,759.8448,747.6827,764.4572,792.7849,818.122,836.3913,863.111,899.0253
Republic of Korea,Pre- and post- production,Emissions (CO2eq) (AR5),kilotonnes,47724.5692,49978.1813,51379.3645,52366.3105,51382.0522,51600.3321,51424.1841,52469.2946,56304.5609,57991.6559,61617.6665,63614.8775,65533.3935,63579.4602,61734.768,63201.6637,66377.6033,66882.8694,67091.6472,69525.5511,65815.5759
Republic of Korea,Agri-food systems,Emissions (CH4),kilotonnes,674.655,698.135,680.3647,674.8537,683.6382,672.0816,669.6401,687.1433,716.5501,701.2393,734.9498,732.9282,760.1461,739.4303,685.1629,696.6835,689.2901,677.2123,668.3031,665.7499,664.4945
Republic of Korea,Agri-food systems,Emissions (N2O),kilotonnes,22.4952,21.7607,21.1788,20.9525,21.5922,22.3724,20.5142,21.693,20.4321,20.0668,20.5823,20.2991,20.9257,20.7453,19.9876,20.1031,20.2815,20.3742,20.7171,20.7975,21.0411
Republic of Korea,Agri-food systems,Emissions (CO2),kilotonnes,52882.4468,55187.0559,55607.1376,55009.3133,52939.1095,53089.0483,52874.8986,53642.2996,55716.3398,58197.0422,61448.9863,63548.482,64929.6669,63480.9281,61780.6125,62516.6743,63886.6104,64407.9649,64712.489,67079.9837,63548.979
Republic of Korea,Agri-food systems,Emissions (CO2eq) from CH4 (AR5),kilotonnes,18890.3403,19547.7793,19050.2116,18895.9032,19141.8685,18818.2848,18749.9232,19240.0136,20063.402,19634.701,20578.5941,20521.9897,21284.0896,20704.0496,19184.5602,19507.1384,19300.1232,18961.9448,18712.4866,18640.998,18605.845
Republic of Korea,Agri-food systems,Emissions (CO2eq) from N2O (AR5),kilotonnes,5961.2374,5766.5894,5612.3905,5552.4071,5721.9284,5928.6832,5436.2693,5748.6383,5414.5196,5317.6932,5454.3221,5379.2507,5545.3164,5497.493,5296.7226,5327.327,5374.6014,5399.1508,5490.0198,5511.3428,5575.8795
Republic of Korea,Agri-food systems,Emissions (CO2eq) (AR5),kilotonnes,77734.0245,80501.4247,80269.7398,79457.6236,77802.9063,77836.0163,77061.0911,78630.9515,81194.2615,83149.4364,87481.9025,89449.7224,91759.0729,89682.4707,86261.8954,87351.1397,88561.3349,88769.0605,88914.9954,91232.3245,87730.7034
Republic of Korea,IPCC Agriculture,Emissions (CH4),kilotonnes,365.1067,360.3872,354.7,349.7048,353.668,355.5156,360.1453,367.4136,372.7743,381.755,388.8238,375.4039,386.1204,375.9124,365.6284,369.7554,368.4641,368.6999,369.3891,373.6219,380.0408
Republic of Korea,IPCC Agriculture,Emissions (CH4),kilotonnes,628.2,617.65,614.14,605.88,599.95,594.97,595.43,598.22,600.13,606.34,613.42,589.44,588.95,576.09,561.53,551.88,547.63,,,,
Republic of Korea,IPCC Agriculture,Direct emissions (N2O),kilotonnes,11.204,10.5692,10.2049,10.2433,10.9066,11.5193,10.0123,10.7476,9.9849,9.4448,9.5202,9.4708,9.7494,9.5786,9.4026,9.5112,9.6048,9.5754,9.7921,9.7949,9.8098
Republic of Korea,IPCC Agriculture,Indirect emissions (N2O),kilotonnes,3.4289,3.2299,3.1226,3.144,3.3401,3.5335,3.0356,3.2686,2.9974,2.8065,2.8248,2.8031,2.9022,2.8491,2.8019,2.8264,2.8596,2.8589,2.9223,2.9191,2.9183
Republic of Korea,IPCC Agriculture,Emissions (N2O),kilotonnes,16.9953,16.0945,15.6507,15.7687,16.7185,17.6276,15.8026,16.911,15.9748,15.4674,15.7865,15.5623,16.1619,15.8568,15.5514,15.8083,15.9843,16.0754,16.4261,16.5018,16.6098
Republic of Korea,IPCC Agriculture,Emissions (N2O),kilotonnes,26.97,25.96,25.69,25.35,26.01,26.91,27.23,27.77,27.82,29.07,29.99,28.31,29.45,29.85,28.92,30.1,31.44,,,,
Republic of Korea,IPCC Agriculture,Emissions (CO2eq) from CH4 (AR5),kilotonnes,10222.9878,10090.8411,9931.5991,9791.7342,9902.7047,9954.4376,10084.069,10287.5799,10437.6798,10689.1403,10887.0658,10511.3093,10811.3723,10525.5462,10237.5952,10353.152,10316.996,10323.5976,10342.8956,10461.4119,10641.1435
Republic of Korea,IPCC Agriculture,Emissions (CO2eq) from CH4 (AR5),kilotonnes,17589.6,17294.2,17195.92,16964.64,16798.6,16659.16,16672.04,16750.16,16803.64,16977.52,17175.76,16504.32,16490.6,16130.52,15722.84,15452.64,15333.64,,,,
Republic of Korea,IPCC Agriculture,Emissions (CO2eq) from N2O (AR5),kilotonnes,4503.7441,4265.0345,4147.4309,4178.7186,4430.4124,4671.3039,4187.6921,4481.4019,4233.3284,4098.8633,4183.4351,4124.0204,4282.891,4202.0641,4121.1173,4189.2086,4235.8324,4259.9916,4352.9215,4372.9678,4401.5903
Republic of Korea,IPCC Agriculture,Emissions (CO2eq) from N2O (AR5),kilotonnes,7147.05,6879.4,6807.85,6717.75,6892.65,7131.15,7215.95,7359.05,7372.3,7703.55,7947.35,7502.15,7804.25,7910.25,7663.8,7976.5,8331.6,,,,
Republic of Korea,IPCC Agriculture,Emissions (CO2eq) (AR5),kilotonnes,14726.7319,14355.8757,14079.0301,13970.4528,14333.1171,14625.7415,14271.7611,14768.9818,14671.0081,14788.0036,15070.5009,14635.3297,15094.2633,14727.6103,14358.7125,14542.3606,14552.8283,14583.5892,14695.8171,14834.3797,15042.7338
Republic of Korea,IPCC Agriculture,Emissions (CO2eq) (AR5),kilotonnes,24736.65,24173.6,24003.77,23682.39,23691.25,23790.31,23887.99,24109.21,24175.94,24681.07,25123.11,24006.47,24294.85,24040.77,23386.64,23429.14,23665.24,,,,
Republic of Korea,Agricultural Soils,Direct emissions (N2O),kilotonnes,11.204,10.5692,10.2049,10.2433,10.9066,11.5193,10.0123,10.7476,9.9849,9.4448,9.5202,9.4708,9.7494,9.5786,9.4026,9.5112,9.6048,9.5754,9.7921,9.7949,9.8098
Republic of Korea,Agricultural Soils,Indirect emissions (N2O),kilotonnes,3.4289,3.2299,3.1226,3.144,3.3401,3.5335,3.0356,3.2686,2.9974,2.8065,2.8248,2.8031,2.9022,2.8491,2.8019,2.8264,2.8596,2.8589,2.9223,2.9191,2.9183
Republic of Korea,Agricultural Soils,Emissions (N2O),kilotonnes,14.6329,13.7991,13.3275,13.3873,14.2467,15.0528,13.0479,14.0163,12.9824,12.2513,12.345,12.2739,12.6516,12.4277,12.2046,12.3376,12.4644,12.4343,12.7144,12.714,12.7281
Republic of Korea,Agricultural Soils,Emissions (N2O),kilotonnes,17.94,17.32,17.02,16.69,17.05,17.49,17.38,17.52,17.34,18.07,18.32,17.05,18.21,18.55,18.23,18.22,18.24,,,,
Republic of Korea,Agricultural Soils,Emissions (CO2eq) from N2O (AR5),kilotonnes,3877.7304,3656.7627,3531.7942,3547.6387,3775.3626,3988.9805,3457.6806,3714.3152,3440.329,3246.5822,3271.4246,3252.5871,3352.6717,3293.3393,3234.2095,3269.4717,3303.0733,3295.0823,3369.3149,3369.2193,3372.9514
Republic of Korea,Agricultural Soils,Emissions (CO2eq) from N2O (AR5),kilotonnes,4754.1,4589.8,4510.3,4422.85,4518.25,4634.85,4605.7,4642.8,4595.1,4788.55,4854.8,4518.25,4825.65,4915.75,4830.95,4828.3,4833.6,,,,
Republic of Korea,Agricultural Soils,Emissions (CO2eq) (AR5),kilotonnes,3877.7304,3656.7627,3531.7942,3547.6387,3775.3626,3988.9805,3457.6806,3714.3152,3440.329,3246.5822,3271.4246,3252.5871,3352.6717,3293.3393,3234.2095,3269.4717,3303.0733,3295.0823,3369.3149,3369.2193,3372.9514
Republic of Korea,Agricultural Soils,Emissions (CO2eq) (AR5),kilotonnes,4754.1,4589.8,4510.3,4422.85,4518.25,4634.85,4605.7,4642.8,4595.1,4788.55,4854.8,4518.25,4825.65,4915.75,4830.95,4828.3,4833.6,,,,
Republic of Korea,LULUCF,Emissions (CH4),kilotonnes,0.612,0.0199,0.1569,0.2191,0.2216,0.3635,0.0349,0.1145,0.0224,0.2116,0.0398,0.2788,0,0.127,0.371,0.0174,0.01,0.0448,0.005,0.0573,0.1045
Republic of Korea,LULUCF,Emissions (CH4),kilotonnes,11.44,11.79,12.32,12.35,12.12,11.45,12.25,12.51,13.13,12.69,12.32,13.07,12.36,12.65,13.25,14.94,14.07,,,,
Republic of Korea,LULUCF,Emissions (N2O),kilotonnes,0.0339,0.0018,0.0143,0.02,0.0202,0.0332,0.0032,0.0105,0.002,0.0193,0.0036,0.0255,0,0.0116,0.0339,0.0016,0.0009,0.0041,0.0005,0.0052,0.0095
Republic of Korea,LULUCF,Emissions (N2O),kilotonnes,0.22,0.2,0.22,0.2,0.19,0.18,0.17,0.19,0.2,0.21,0.21,0.2,0.17,0.15,0.11,0.08,0.12,,,,
Republic of Korea,LULUCF,Emissions (CO2),kilotonnes,-42437.6737,-60119.5943,-60119.5943,-60119.5943,-60119.5943,-60119.5943,-60119.5943,-60119.5943,-60119.5943,-60119.5943,-60119.5943,-50459.3393,-50459.3393,-50459.3393,-50459.3393,-50459.3393,-45798.852,-45798.852,-45798.852,-45798.852,-45798.852
Republic of Korea,LULUCF,Emissions (CO2),kilotonnes,-59560.16,-59025.8,-56772.93,-56086.54,-57328.39,-55157.82,-56335.33,-56983.23,-57872.29,-57410.01,-54743.96,-54535.04,-49446.91,-45055.31,-42984.94,-43203.66,-44785.36,,,,
Republic of Korea,LULUCF,Emissions (CO2eq) from CH4 (AR5),kilotonnes,17.1361,0.5577,4.3926,6.1353,6.2047,10.1791,0.9761,3.2067,0.6275,5.9255,1.1153,7.8078,0,3.5559,10.3871,0.488,0.2788,1.2549,0.1394,1.6033,2.9274
Republic of Korea,LULUCF,Emissions (CO2eq) from N2O (AR5),kilotonnes,8.9718,0.482,3.7958,5.3017,5.3616,8.7961,0.8435,2.771,0.5422,5.1204,0.9638,6.7469,0,3.0728,8.9758,0.4217,0.2409,1.0844,0.1205,1.3855,2.5297
Republic of Korea,LULUCF,Emissions (CO2eq) (AR5),kilotonnes,-42411.5657,-60118.5546,-60111.4059,-60108.1573,-60108.028,-60100.6191,-60117.7747,-60113.6167,-60118.4246,-60108.5484,-60117.5152,-50444.7847,-50459.3393,-50452.7106,-50439.9765,-50458.4296,-45798.3323,-45796.5128,-45798.592,-45795.8632,-45793.395
Republic of Korea,LULUCF,Emissions (CO2eq) (AR5),kilotonnes,-59560.16,-59025.8,-56772.93,-56086.54,-57328.39,-55157.82,-56335.33,-56983.23,-57872.29,-57410.01,-54743.96,-54535.04,-49446.91,-45055.31,-42984.94,-43203.66,-44785.36,,,,
Republic of Korea,AFOLU,Emissions (CH4),kilotonnes,365.7187,360.4071,354.8568,349.9239,353.8896,355.8792,360.1802,367.5281,372.7967,381.9666,388.8636,375.6828,386.1204,376.0394,365.9994,369.7729,368.4741,368.7447,369.3941,373.6791,380.1454
Republic of Korea,AFOLU,Emissions (N2O),kilotonnes,17.0291,16.0963,15.665,15.7888,16.7388,17.6608,15.8058,16.9214,15.9769,15.4867,15.7902,15.5878,16.1619,15.8684,15.5853,15.8099,15.9852,16.0795,16.4266,16.507,16.6193
Republic of Korea,AFOLU,Emissions (CO2),kilotonnes,-42437.6737,-60119.5943,-60119.5943,-60119.5943,-60119.5943,-60119.5943,-60119.5943,-60119.5943,-60119.5943,-60119.5943,-60119.5943,-50459.3393,-50459.3393,-50459.3393,-50459.3393,-50459.3393,-45798.852,-45798.852,-45798.852,-45798.852,-45798.852
Republic of Korea,AFOLU,Emissions (CO2eq) from CH4 (AR5),kilotonnes,10240.1239,10091.3989,9935.9918,9797.8695,9908.9094,9964.6168,10085.0452,10290.7866,10438.3072,10695.0658,10888.1811,10519.117,10811.3723,10529.1021,10247.9823,10353.64,10317.2748,10324.8524,10343.0351,10463.0152,10644.0709
Republic of Korea,AFOLU,Emissions (CO2eq) from N2O (AR5),kilotonnes,4512.716,4265.5165,4151.2267,4184.0203,4435.7741,4680.1,4188.5356,4484.1729,4233.8706,4103.9837,4184.3989,4130.7673,4282.891,4205.1369,4130.0931,4189.6303,4236.0733,4261.0759,4353.042,4374.3533,4404.1199
Republic of Korea,AFOLU,Emissions (CO2eq) (AR5),kilotonnes,-27684.8338,-45762.679,-46032.3759,-46137.7045,-45774.9109,-45474.8776,-45846.0136,-45344.6349,-45447.4165,-45320.5448,-45047.0143,-35809.455,-35365.076,-35725.1004,-36081.264,-35916.069,-31245.5039,-31212.9236,-31102.7749,-30961.4835,-30750.6612
Republic of Korea,All sectors with LULUCF,Emissions (CH4),kilotonnes,1278.8287,1271.4671,1221.0368,1231.1339,1251.3696,1268.3992,1292.7402,1305.4481,1217.2567,1240.5966,1261.0736,1268.4528,1298.1504,1305.1094,1319.3794,1339.3029,1339.1141,1363.6147,1376.4941,1370.7691,1378.9254
Republic of Korea,All sectors with LULUCF,Emissions (N2O),kilotonnes,51.9991,55.1763,44.565,42.3688,45.0888,46.8808,44.3858,44.1714,42.0769,42.2667,43.8602,44.1578,44.6419,44.1584,42.7753,43.6999,45.3652,45.5295,46.1766,45.617,45.7093
Republic of Korea,All sectors with LULUCF,Emissions (CO2),kilotonnes,428312.3263,413430.4057,430660.4057,429870.4057,446670.4057,430950.4057,435000.4057,462830.4057,475410.4057,475280.4057,534950.4057,571340.6607,569680.6607,576010.6607,577760.6607,583170.6607,617231.148,618531.148,632741.148,608511.148,567331.148
Republic of Korea,All sectors with LULUCF,Emissions (CO2eq) from F-gases (AR5),kilotonnes,14965.0206,11175.1777,15742.4242,13507.3887,12049.7568,12729.985,10980.8268,10980.8268,11272.3532,8833.2492,8327.9368,8687.486,9085.9053,9659.2406,10494.9495,8055.8455,7093.8085,8114.1508,9396.8668,8143.3034,7531.098
Republic of Korea,All sectors with LULUCF,Emissions (CO2eq) from CH4 (AR5),kilotonnes,35807.2039,35601.0789,34189.0318,34471.7495,35038.3494,35515.1768,36196.7252,36552.5466,34083.1872,34736.7058,35310.0611,35516.677,36348.2123,36543.0621,36942.6223,37500.48,37495.1948,38181.2124,38541.8351,38381.5352,38609.9109
Republic of Korea,All sectors with LULUCF,Emissions (CO2eq) from N2O (AR5),kilotonnes,13779.766,14621.7165,11809.7267,11227.7203,11948.5241,12423.4,11762.2356,11705.4229,11150.3706,11200.6837,11622.9489,11701.8173,11830.091,11701.9869,11335.4431,11580.4803,12021.7733,12065.3259,12236.792,12088.5033,12112.9699
Republic of Korea,All sectors with LULUCF,Emissions (CO2eq) (AR5),kilotonnes,492864.3168,474828.3787,492401.5884,489077.2642,505707.0359,491618.9674,493940.1932,522069.2019,531916.3166,530051.0443,590211.3525,627246.641,626944.8693,633914.9502,636533.6755,640307.4665,673841.9245,676891.8371,692916.6419,667124.4899,625585.1269
Republic of Korea,All sectors without LULUCF,Emissions (CH4),kilotonnes,1278.2167,1271.4472,1220.88,1230.9148,1251.148,1268.0356,1292.7053,1305.3336,1217.2343,1240.385,1261.0338,1268.1739,1298.1504,1304.9824,1319.0084,1339.2854,1339.1041,1363.5699,1376.4891,1370.7119,1378.8208
Republic of Korea,All sectors without LULUCF,Emissions (N2O),kilotonnes,51.9653,55.1745,44.5507,42.3487,45.0685,46.8476,44.3826,44.161,42.0748,42.2474,43.8565,44.1323,44.6419,44.1468,42.7414,43.6983,45.3643,45.5254,46.1761,45.6118,45.6998
Republic of Korea,All sectors without LULUCF,Emissions (CO2),kilotonnes,470750,473550,490780,489990,506790,491070,495120,522950,535530,535400,595070,621800,620140,626470,628220,633630,663030,664330,678540,654310,613130
Republic of Korea,All sectors without LULUCF,Emissions (CO2eq) from F-gases (AR5),kilotonnes,14965.0206,11175.1777,15742.4242,13507.3887,12049.7568,12729.985,10980.8268,10980.8268,11272.3532,8833.2492,8327.9368,8687.486,9085.9053,9659.2406,10494.9495,8055.8455,7093.8085,8114.1508,9396.8668,8143.3034,7531.098
Republic of Korea,All sectors without LULUCF,Emissions (CO2eq) from CH4 (AR5),kilotonnes,35790.0678,35600.5211,34184.6391,34465.6142,35032.1447,35504.9976,36195.749,36549.3399,34082.5598,34730.7803,35308.9458,35508.8693,36348.2123,36539.5062,36932.2352,37499.992,37494.916,38179.9576,38541.6956,38379.9319,38606.9835
Republic of Korea,All sectors without LULUCF,Emissions (CO2eq) from N2O (AR5),kilotonnes,13770.7941,14621.2345,11805.9309,11222.4186,11943.1624,12414.6039,11761.3921,11702.6519,11149.8284,11195.5633,11621.9851,11695.0704,11830.091,11698.9141,11326.4673,11580.0586,12021.5324,12064.2416,12236.6715,12087.1178,12110.4403
Republic of Korea,All sectors without LULUCF,Emissions (CO2eq) (AR5),kilotonnes,535275.8824,534946.9334,552512.9943,549185.4215,565815.064,551719.5865,554057.9679,582182.8186,592034.7413,590159.5927,650328.8677,677691.4257,677404.2087,684367.6608,686973.652,690765.8961,719640.2568,722688.3499,738715.2339,712920.3531,671378.5218
Republic of Moldova,Crop Residues,Direct emissions (N2O),kilotonnes,0.3743,0.4861,0.4791,0.3568,0.5171,0.5103,0.4179,0.3345,0.5657,0.4053,0.4396,0.4485,0.3681,0.4812,0.5225,0.4184,0.531,0.5648,0.5724,0.5825,0.291
Republic of Moldova,Crop Residues,Indirect emissions (N2O),kilotonnes,0.0842,0.1094,0.1078,0.0803,0.1163,0.1148,0.094,0.0753,0.1273,0.0912,0.0989,0.1009,0.0828,0.1083,0.1176,0.0941,0.1195,0.1271,0.1288,0.1311,0.0655
Republic of Moldova,Crop Residues,Emissions (N2O),kilotonnes,0.4585,0.5955,0.5869,0.4371,0.6334,0.6251,0.5119,0.4098,0.6929,0.4965,0.5385,0.5495,0.4509,0.5894,0.6401,0.5125,0.6505,0.6919,0.7012,0.7135,0.3565
Republic of Moldova,Crop Residues,Emissions (CO2eq) from N2O (AR5),kilotonnes,121.4915,157.8022,155.5179,115.839,167.8629,165.6445,135.6555,108.5852,183.6309,131.5615,142.7064,145.6059,119.4811,156.1937,169.617,135.8193,172.3835,183.3526,185.8142,189.0807,94.4751
Republic of Moldova,Crop Residues,Emissions (CO2eq) (AR5),kilotonnes,121.4915,157.8022,155.5179,115.839,167.8629,165.6445,135.6555,108.5852,183.6309,131.5615,142.7064,145.6059,119.4811,156.1937,169.617,135.8193,172.3835,183.3526,185.8142,189.0807,94.4751
Republic of Moldova,Burning - Crop residues,Emissions (CH4),kilotonnes,1.5948,1.7443,1.687,1.7163,1.9172,1.67,1.5504,1.4804,1.5878,1.4452,1.4613,1.5434,1.5995,1.6298,1.6305,1.6914,1.6587,1.6569,1.7225,1.7097,1.4597
Republic of Moldova,Burning - Crop residues,Emissions (N2O),kilotonnes,0.0413,0.0452,0.0437,0.0445,0.0497,0.0433,0.0402,0.0384,0.0412,0.0375,0.0379,0.04,0.0415,0.0423,0.0423,0.0438,0.043,0.043,0.0447,0.0443,0.0378
Republic of Moldova,Burning - Crop residues,Emissions (CO2eq) from CH4 (AR5),kilotonnes,44.6541,48.8395,47.2365,48.0562,53.6814,46.76,43.4119,41.4507,44.4583,40.4665,40.9163,43.2161,44.7849,45.6339,45.6552,47.358,46.4424,46.3937,48.2294,47.8713,40.8714
Republic of Moldova,Burning - Crop residues,Emissions (CO2eq) from N2O (AR5),kilotonnes,10.9568,11.9838,11.5904,11.7916,13.1718,11.4735,10.652,10.1708,10.9087,9.9293,10.0397,10.604,10.9889,11.1972,11.2024,11.6202,11.3956,11.3836,11.8341,11.7462,10.0286
Republic of Moldova,Burning - Crop residues,Emissions (CO2eq) (AR5),kilotonnes,55.6109,60.8233,58.8269,59.8478,66.8533,58.2335,54.0639,51.6215,55.367,50.3957,50.956,53.8201,55.7738,56.8311,56.8577,58.9782,57.838,57.7774,60.0635,59.6175,50.9
Republic of Moldova,Enteric Fermentation,Emissions (CH4),kilotonnes,45.1759,41.4161,43.9532,44.6888,41.373,37.7571,36.0276,35.1005,28.4162,27.2692,28.0233,27.4307,25.6103,24.2797,24.3979,23.0458,22.4488,23.0299,21.5572,18.9714,17.9743
Republic of Moldova,Enteric Fermentation,Emissions (CH4),kilotonnes,43.4216,44.208,45.1402,41.2406,38.4878,37.071,35.8772,28.9864,27.5975,28.7081,28.5037,26.8515,25.3644,25.7746,,,,,,,
Republic of Moldova,Enteric Fermentation,Emissions (CO2eq) from CH4 (AR5),kilotonnes,1264.9265,1159.6502,1230.6902,1251.2875,1158.4444,1057.1988,1008.7741,982.8153,795.6537,763.5369,784.6529,768.0609,717.0893,679.8326,683.1405,645.2837,628.5677,644.8379,603.6018,531.2005,503.281
Republic of Moldova,Enteric Fermentation,Emissions (CO2eq) from CH4 (AR5),kilotonnes,1215.8048,1237.824,1263.9256,1154.7368,1077.6584,1037.988,1004.5616,811.6192,772.73,803.8268,798.1036,751.842,710.2032,721.6888,,,,,,,
Republic of Moldova,Enteric Fermentation,Emissions (CO2eq) (AR5),kilotonnes,1264.9265,1159.6502,1230.6902,1251.2875,1158.4444,1057.1988,1008.7741,982.8153,795.6537,763.5369,784.6529,768.0609,717.0893,679.8326,683.1405,645.2837,628.5677,644.8379,603.6018,531.2005,503.281
Republic of Moldova,Enteric Fermentation,Emissions (CO2eq) (AR5),kilotonnes,1215.8048,1237.824,1263.9256,1154.7368,1077.6584,1037.988,1004.5616,811.6192,772.73,803.8268,798.1036,751.842,710.2032,721.6888,,,,,,,
Republic of Moldova,Manure Management,Emissions (CH4),kilotonnes,7.2715,6.2751,6.6923,7.0062,6.4698,6.1205,6.2327,6.2255,4.6296,4.6446,5.0512,5.6264,5.2643,5.0542,5.0316,5.3112,5.1705,5.0859,4.9616,4.9686,4.4734
Republic of Moldova,Manure Management,Emissions (CH4),kilotonnes,3.6273,3.6623,3.6021,3.3528,3.0717,3.2388,3.2826,2.3788,2.3492,2.662,2.8774,2.7032,2.6531,2.5936,,,,,,,
Republic of Moldova,Manure Management,Emissions (N2O),kilotonnes,0.4204,0.3693,0.389,0.4032,0.3742,0.3481,0.3566,0.3584,0.2691,0.2628,0.2897,0.3308,0.2946,0.2989,0.2978,0.3138,0.3071,0.3088,0.3007,0.2837,0.2756
Republic of Moldova,Manure Management,Emissions (N2O),kilotonnes,1.6121,1.6352,1.6709,1.5941,1.5693,1.7119,1.7802,1.3455,1.3457,1.5352,1.6089,1.5356,1.3743,1.2761,,,,,,,
Republic of Moldova,Manure Management,Emissions (CO2eq) from CH4 (AR5),kilotonnes,203.6008,175.7032,187.3855,196.1742,181.1541,171.374,174.5147,174.313,129.6279,130.0499,141.4335,157.5392,147.3992,141.5165,140.8844,148.7142,144.7728,142.4054,138.9245,139.1195,125.2559
Republic of Moldova,Manure Management,Emissions (CO2eq) from CH4 (AR5),kilotonnes,101.5644,102.5444,100.8588,93.8784,86.0076,90.6864,91.9128,66.6064,65.7776,74.536,80.5672,75.6896,74.2868,72.6208,,,,,,,
Republic of Moldova,Manure Management,Emissions (CO2eq) from N2O (AR5),kilotonnes,111.4142,97.8587,103.0827,106.8597,99.1557,92.2508,94.5053,94.9659,71.3103,69.6291,76.7731,87.6546,78.0726,79.2068,78.9234,83.1665,81.3712,81.8452,79.6961,75.1825,73.0429
Republic of Moldova,Manure Management,Emissions (CO2eq) from N2O (AR5),kilotonnes,427.2065,433.328,442.7885,422.4365,415.8645,453.6535,471.753,356.5575,356.6105,406.828,426.3585,406.934,364.1895,338.1665,,,,,,,
Republic of Moldova,Manure Management,Emissions (CO2eq) (AR5),kilotonnes,315.015,273.5618,290.4682,303.0339,280.3098,263.6248,269.02,269.279,200.9383,199.679,218.2066,245.1939,225.4718,220.7233,219.8078,231.8807,226.144,224.2506,218.6206,214.302,198.2988
Republic of Moldova,Manure Management,Emissions (CO2eq) (AR5),kilotonnes,528.7709,535.8724,543.6473,516.3149,501.8721,544.3399,563.6658,423.1639,422.3881,481.364,506.9257,482.6236,438.4763,410.7873,,,,,,,
Republic of Moldova,Manure left on Pasture,Direct emissions (N2O),kilotonnes,0.3923,0.3676,0.3797,0.3859,0.3683,0.3508,0.3411,0.3364,0.2881,0.2841,0.2947,0.2911,0.2711,0.264,0.2726,0.2337,0.2285,0.2651,0.2537,0.2291,0.2283
Republic of Moldova,Manure left on Pasture,Indirect emissions (N2O),kilotonnes,0.1337,0.1255,0.1292,0.1313,0.1267,0.1225,0.1198,0.1187,0.1035,0.1029,0.107,0.1057,0.0984,0.0962,0.1001,0.0833,0.0815,0.0975,0.0937,0.085,0.0862
Republic of Moldova,Manure left on Pasture,Emissions (N2O),kilotonnes,0.526,0.4931,0.5089,0.5172,0.4949,0.4733,0.4609,0.4551,0.3916,0.3869,0.4017,0.3968,0.3695,0.3602,0.3727,0.317,0.3099,0.3626,0.3474,0.3141,0.3145
Republic of Moldova,Manure left on Pasture,Emissions (CO2eq) from N2O (AR5),kilotonnes,139.3911,130.6812,134.8586,137.0488,131.156,125.4155,122.1299,120.5994,103.7636,102.54,106.4539,105.1439,97.9079,95.4413,98.7617,84.0095,82.1314,96.0929,92.0715,83.2396,83.3509
Republic of Moldova,Manure left on Pasture,Emissions (CO2eq) (AR5),kilotonnes,139.3911,130.6812,134.8586,137.0488,131.156,125.4155,122.1299,120.5994,103.7636,102.54,106.4539,105.1439,97.9079,95.4413,98.7617,84.0095,82.1314,96.0929,92.0715,83.2396,83.3509
Republic of Moldova,Manure applied to Soils,Direct emissions (N2O),kilotonnes,0.4756,0.4239,0.443,0.4596,0.4339,0.4158,0.4393,0.4431,0.3368,0.3353,0.3759,0.4508,0.3923,0.4136,0.4122,0.4373,0.4294,0.4418,0.4388,0.4215,0.4162
Republic of Moldova,Manure applied to Soils,Indirect emissions (N2O),kilotonnes,0.2021,0.1802,0.1883,0.1953,0.1844,0.1767,0.1867,0.1883,0.1431,0.1425,0.1597,0.1916,0.1667,0.1758,0.1752,0.1858,0.1825,0.1878,0.1865,0.1791,0.1769
Republic of Moldova,Manure applied to Soils,Emissions (N2O),kilotonnes,0.6778,0.6041,0.6313,0.6549,0.6183,0.5925,0.626,0.6314,0.4799,0.4778,0.5356,0.6424,0.5591,0.5894,0.5873,0.6231,0.6119,0.6296,0.6252,0.6006,0.5931
Republic of Moldova,Manure applied to Soils,Emissions (CO2eq) from N2O (AR5),kilotonnes,179.6122,160.0788,167.2978,173.5416,163.8422,157.0155,165.8889,167.3298,127.1698,126.6186,141.9314,170.2273,148.1589,156.1835,155.644,165.117,162.1552,166.8313,165.6893,159.1627,157.1673
Republic of Moldova,Manure applied to Soils,Emissions (CO2eq) (AR5),kilotonnes,179.6122,160.0788,167.2978,173.5416,163.8422,157.0155,165.8889,167.3298,127.1698,126.6186,141.9314,170.2273,148.1589,156.1835,155.644,165.117,162.1552,166.8313,165.6893,159.1627,157.1673
Republic of Moldova,Synthetic Fertilizers,Direct emissions (N2O),kilotonnes,0.0786,0.4899,0.231,0.209,0.2231,0.2326,0.2013,0.2695,0.3131,0.2291,0.257,0.3018,0.4227,0.5343,0.631,0.5334,0.7217,0.7268,1.0018,0.7747,0.8344
Republic of Moldova,Synthetic Fertilizers,Indirect emissions (N2O),kilotonnes,0.0255,0.1592,0.0751,0.0679,0.0725,0.0756,0.0654,0.0876,0.1018,0.0745,0.0835,0.0981,0.1374,0.1736,0.2051,0.1734,0.2346,0.2362,0.3256,0.2518,0.2712
Republic of Moldova,Synthetic Fertilizers,Emissions (N2O),kilotonnes,0.1041,0.6491,0.3061,0.2769,0.2957,0.3082,0.2667,0.357,0.4148,0.3035,0.3405,0.3999,0.5601,0.7079,0.8361,0.7068,0.9563,0.963,1.3274,1.0264,1.1056
Republic of Moldova,Synthetic Fertilizers,Emissions (CO2eq) from N2O (AR5),kilotonnes,27.5884,172.0081,81.1099,73.3851,78.351,81.6616,70.687,94.6116,109.9342,80.4367,90.2416,105.9836,148.4256,187.6011,221.5624,187.2888,253.4242,255.186,351.7572,272.0072,292.9821
Republic of Moldova,Synthetic Fertilizers,Emissions (CO2eq) (AR5),kilotonnes,27.5884,172.0081,81.1099,73.3851,78.351,81.6616,70.687,94.6116,109.9342,80.4367,90.2416,105.9836,148.4256,187.6011,221.5624,187.2888,253.4242,255.186,351.7572,272.0072,292.9821
Republic of Moldova,Drained organic soils,Emissions (CO2eq) (AR5),kilotonnes,223.8719,223.5457,219.5425,215.5724,207.7907,207.7907,207.7907,207.7907,207.7907,206.1403,204.1553,204.1553,204.1553,204.1553,204.1553,204.1553,204.1553,204.1553,204.1553,226.4014,226.4014
Republic of Moldova,Drained organic soils (CO2),Emissions (CO2),kilotonnes,188.7661,188.5006,185.1185,181.7738,175.2176,175.2176,175.2176,175.2176,175.2176,173.7811,172.1087,172.1087,172.1087,172.1087,172.1087,172.1087,172.1087,172.1087,172.1087,190.8318,190.8318
Republic of Moldova,Drained organic soils (CO2),Emissions (CO2eq) (AR5),kilotonnes,188.7661,188.5006,185.1185,181.7738,175.2176,175.2176,175.2176,175.2176,175.2176,173.7811,172.1087,172.1087,172.1087,172.1087,172.1087,172.1087,172.1087,172.1087,172.1087,190.8318,190.8318
Republic of Moldova,Drained organic soils (N2O),Emissions (N2O),kilotonnes,0.1325,0.1322,0.1299,0.1275,0.1229,0.1229,0.1229,0.1229,0.1229,0.1221,0.1209,0.1209,0.1209,0.1209,0.1209,0.1209,0.1209,0.1209,0.1209,0.1342,0.1342
Republic of Moldova,Drained organic soils (N2O),Emissions (CO2eq) from N2O (AR5),kilotonnes,35.1059,35.0452,34.424,33.7986,32.5731,32.5731,32.5731,32.5731,32.5731,32.3592,32.0465,32.0465,32.0465,32.0465,32.0465,32.0465,32.0465,32.0465,32.0465,35.5696,35.5696
Republic of Moldova,Drained organic soils (N2O),Emissions (CO2eq) (AR5),kilotonnes,35.1059,35.0452,34.424,33.7986,32.5731,32.5731,32.5731,32.5731,32.5731,32.3592,32.0465,32.0465,32.0465,32.0465,32.0465,32.0465,32.0465,32.0465,32.0465,35.5696,35.5696
Republic of Moldova,On-farm energy use,Emissions (CH4),kilotonnes,0.0226,0.0237,0.0275,0.0283,0.0285,0.0274,0.0274,0.0268,0.0308,0.0309,0.0311,0.0314,0.0295,0.0307,0.0305,0.0218,0.0259,0.0381,0.0464,0.0496,0.0496
Republic of Moldova,On-farm energy use,Emissions (N2O),kilotonnes,0.0703,0.0752,0.0912,0.0851,0.0765,0.0691,0.0691,0.0605,0.0802,0.0777,0.0765,0.0728,0.0617,0.0666,0.0678,0.0604,0.0875,0.1195,0.1208,0.1314,0.1314
Republic of Moldova,On-farm energy use,Emissions (CO2),kilotonnes,200.0804,210.6275,252.6276,239.5865,222.9058,195.924,193.5784,169.9842,226.3285,219.1546,217.1324,207.4713,180.5209,194.1911,193.1329,172.6862,242.9946,328.2577,335.614,364.1102,364.1102
Republic of Moldova,On-farm energy use,Emissions (CO2eq) from CH4 (AR5),kilotonnes,0.6336,0.6643,0.7708,0.7911,0.7993,0.7671,0.7675,0.749,0.8627,0.8653,0.8722,0.879,0.8269,0.8603,0.8533,0.6118,0.724,1.067,1.2996,1.3889,1.3889
Republic of Moldova,On-farm energy use,Emissions (CO2eq) from N2O (AR5),kilotonnes,18.6174,19.9209,24.1638,22.5421,20.2673,18.309,18.3062,16.0258,21.2452,20.5933,20.2662,19.2901,16.3513,17.6549,17.9784,16.0141,23.1841,31.6668,32.0054,34.8108,34.8108
Republic of Moldova,On-farm energy use,Emissions (CO2eq) (AR5),kilotonnes,219.3313,231.2127,277.5622,262.9198,243.9724,215.0001,212.6521,186.759,248.4363,240.6132,238.2708,227.6404,197.6991,212.7063,211.9645,189.3121,266.9028,360.9915,368.919,400.3099,400.3099
Republic of Moldova,Forestland,Emissions (CO2),kilotonnes,-423.225,-1717.3273,-1717.3273,-1717.3273,-1717.3273,-1717.3273,-1717.3273,-1717.3273,-1717.3273,-1717.3273,-1717.3273,-558.5939,-558.5939,-558.5939,-558.5939,-558.5939,-4.6941,-4.6941,-4.6941,-4.6941,-4.6941
Republic of Moldova,Forestland,Emissions (CO2eq) (AR5),kilotonnes,-423.225,-1717.3273,-1717.3273,-1717.3273,-1717.3273,-1717.3273,-1717.3273,-1717.3273,-1717.3273,-1717.3273,-1717.3273,-558.5939,-558.5939,-558.5939,-558.5939,-558.5939,-4.6941,-4.6941,-4.6941,-4.6941,-4.6941
Republic of Moldova,Net Forest conversion,Emissions (CO2),kilotonnes,0,599.1975,599.1975,599.1975,599.1975,599.1975,599.1975,599.1975,599.1975,599.1975,599.1975,0,0,0,0,0,0,0,0,0,0
Republic of Moldova,Net Forest conversion,Emissions (CO2eq) (AR5),kilotonnes,0,599.1975,599.1975,599.1975,599.1975,599.1975,599.1975,599.1975,599.1975,599.1975,599.1975,0,0,0,0,0,0,0,0,0,0
Republic of Moldova,Savanna fires,Emissions (CH4),kilotonnes,0,0.0022,0.0008,0.0024,0.0008,0.0022,0.0043,0.0119,0.0054,0.0002,0.0073,0.0267,0.0093,0.0114,0.0508,0.0074,0.0037,0.003,0.0039,0.0085,0.0059
Republic of Moldova,Savanna fires,Emissions (N2O),kilotonnes,0,0.0002,0.0001,0.0002,0.0001,0.0002,0.0004,0.0011,0.0005,0,0.0007,0.0024,0.0009,0.001,0.0046,0.0007,0.0003,0.0003,0.0004,0.0008,0.0005
Republic of Moldova,Savanna fires,Emissions (CO2eq) from CH4 (AR5),kilotonnes,0.0003,0.0614,0.0227,0.0682,0.0227,0.0625,0.1193,0.3342,0.1512,0.0046,0.2046,0.7481,0.2614,0.3183,1.4214,0.2071,0.1023,0.0841,0.1092,0.2387,0.1648
Republic of Moldova,Savanna fires,Emissions (CO2eq) from N2O (AR5),kilotonnes,0.0003,0.0531,0.0196,0.0589,0.0196,0.054,0.1031,0.2888,0.1307,0.004,0.1768,0.6465,0.2259,0.275,1.2283,0.1789,0.0884,0.0727,0.0944,0.2063,0.1424
Republic of Moldova,Savanna fires,Emissions (CO2eq) (AR5),kilotonnes,0.0005,0.1144,0.0424,0.1271,0.0424,0.1165,0.2224,0.623,0.2819,0.0085,0.3814,1.3946,0.4873,0.5933,2.6497,0.386,0.1907,0.1568,0.2036,0.445,0.3072
Republic of Moldova,Fires in organic soils,Emissions (CH4),kilotonnes,0,0,0,0,0,0,0,0,0,0,0,0,0,0,0,0,0,0,0,0,0
Republic of Moldova,Fires in organic soils,Emissions (CO2),kilotonnes,0,0,0,0,0,0,0,0,0,0,0,0,0,0,0,0,0,0,0,0,0
Republic of Moldova,Fires in organic soils,Emissions (CO2eq) from CH4 (AR5),kilotonnes,0,0,0,0,0,0,0,0,0,0,0,0,0,0,0,0,0,0,0,0,0
Republic of Moldova,Fires in organic soils,Emissions (CO2eq) (AR5),kilotonnes,0,0,0,0,0,0,0,0,0,0,0,0,0,0,0,0,0,0,0,0,0
Republic of Moldova,Forest fires,Emissions (CH4),kilotonnes,0.0022,0.0025,0,0,0,0.02,0.005,0.0349,0.0025,0,0.0125,0.0524,0.0175,0.0624,0.3194,0.015,0,0.0225,0.0025,0.0299,0.0025
Republic of Moldova,Forest fires,Emissions (N2O),kilotonnes,0.0001,0.0002,0,0,0,0.0018,0.0005,0.0032,0.0002,0,0.0011,0.0048,0.0016,0.0057,0.0292,0.0014,0,0.0021,0.0002,0.0027,0.0002
Republic of Moldova,Forest fires,Emissions (CO2eq) from CH4 (AR5),kilotonnes,0.0608,0.0699,0,0,0,0.5589,0.1397,0.9782,0.0699,0,0.3494,1.4672,0.489,1.7469,8.9424,0.4192,0,0.6287,0.0699,0.8385,0.0699
Republic of Moldova,Forest fires,Emissions (CO2eq) from N2O (AR5),kilotonnes,0.0318,0.0604,0,0,0,0.483,0.1207,0.8453,0.0604,0,0.3019,1.2678,0.4226,1.5096,7.7274,0.3622,0,0.5433,0.0604,0.7245,0.0604
Republic of Moldova,Forest fires,Emissions (CO2eq) (AR5),kilotonnes,0.0926,0.1302,0,0,0,1.0419,0.2604,1.8235,0.1302,0,0.6513,2.735,0.9115,3.2565,16.6697,0.7814,0,1.1721,0.1303,1.563,0.1302
Republic of Moldova,Fires in humid tropical forests,Emissions (CH4),kilotonnes,0,0,0,0,0,0,0,0,0,0,0,0,0,0,0,0,0,0,0,0,0
Republic of Moldova,Fires in humid tropical forests,Emissions (N2O),kilotonnes,0,0,0,0,0,0,0,0,0,0,0,0,0,0,0,0,0,0,0,0,0
Republic of Moldova,Fires in humid tropical forests,Emissions (CO2eq) from CH4 (AR5),kilotonnes,0,0,0,0,0,0,0,0,0,0,0,0,0,0,0,0,0,0,0,0,0
Republic of Moldova,Fires in humid tropical forests,Emissions (CO2eq) from N2O (AR5),kilotonnes,0,0,0,0,0,0,0,0,0,0,0,0,0,0,0,0,0,0,0,0,0
Republic of Moldova,Fires in humid tropical forests,Emissions (CO2eq) (AR5),kilotonnes,0,0,0,0,0,0,0,0,0,0,0,0,0,0,0,0,0,0,0,0,0
Republic of Moldova,Waste - agri-food systems,Emissions (CH4),kilotonnes,35.9129,38.4851,40.5913,42.1356,52.7875,52.0451,52.8112,61.1078,57.8832,55.8363,57.7786,59.1262,64.3317,65.8123,66.2914,63.1731,66.2832,65.3816,64.4936,63.5746,62.606
Republic of Moldova,Waste - agri-food systems,Emissions (N2O),kilotonnes,0.0952,0.0958,0.0991,0.0944,0.1035,0.1089,0.1071,0.1032,0.1046,0.099,0.1033,0.103,0.1015,0.1034,0.0928,0.0918,0.0917,0.0919,0.0928,0.0938,0.0948
Republic of Moldova,Waste - agri-food systems,Emissions (CO2),kilotonnes,84.3445,84.9037,85.3677,86.074,87.1648,87.7272,88.2559,89.2839,90.5665,90.1355,91.1353,91.8897,92.0281,92.3762,92.3819,91.5565,91.7224,92.4488,93.1309,93.3074,93.2697
Republic of Moldova,Waste - agri-food systems,Emissions (CO2eq) from CH4 (AR5),kilotonnes,1005.5624,1077.5826,1136.557,1179.7968,1478.0502,1457.2631,1478.7139,1711.0175,1620.7297,1563.415,1617.8008,1655.534,1801.2887,1842.7454,1856.1579,1768.8473,1855.9296,1830.6852,1805.8197,1780.0892,1752.9676
Republic of Moldova,Waste - agri-food systems,Emissions (CO2eq) from N2O (AR5),kilotonnes,25.2392,25.3747,26.2689,25.0088,27.4354,28.8639,28.3874,27.345,27.7127,26.2372,27.3708,27.2964,26.8883,27.4079,24.5872,24.3325,24.2979,24.3481,24.5878,24.8553,25.1136
Republic of Moldova,Waste - agri-food systems,Emissions (CO2eq) (AR5),kilotonnes,1115.1461,1187.861,1248.1936,1290.8796,1592.6504,1573.8542,1595.3572,1827.6465,1739.0089,1679.7877,1736.3069,1774.7201,1920.2051,1962.5296,1973.1271,1884.7364,1971.95,1947.4822,1923.5384,1898.2519,1871.3508
Republic of Moldova,On-farm electricity use,Emissions (CH4),kilotonnes,0.2232,0.1968,0.1932,0.0624,0.0576,0.0612,0.066,0.06,0.0648,0.0708,0.0648,0.0648,0.0624,0.0636,0.0588,0.0552,0.0564,0.0588,0.078,0.0818,0.0818
Republic of Moldova,On-farm electricity use,Emissions (N2O),kilotonnes,0.0012,0.0011,0.001,0.0003,0.0003,0.0003,0.0004,0.0003,0.0003,0.0004,0.0003,0.0003,0.0003,0.0003,0.0003,0.0003,0.0003,0.0003,0.0004,0.0004,0.0004
Republic of Moldova,On-farm electricity use,Emissions (CO2),kilotonnes,119.4494,104.4188,100.0844,32.6778,23.7052,24.934,26.0356,24.2444,26.2977,29.4802,26.2399,26.2503,25.8505,26.6339,24.6238,23.1162,23.6188,24.6238,32.6642,34.2723,34.2723
Republic of Moldova,On-farm electricity use,Emissions (CO2eq) from CH4 (AR5),kilotonnes,6.2496,5.5104,5.4096,1.7472,1.6128,1.7136,1.848,1.68,1.8144,1.9824,1.8144,1.8144,1.7472,1.7808,1.6464,1.5456,1.5792,1.6464,2.184,2.2904,2.2904
Republic of Moldova,On-farm electricity use,Emissions (CO2eq) from N2O (AR5),kilotonnes,0.318,0.2915,0.265,0.0795,0.0795,0.0795,0.106,0.0795,0.0795,0.106,0.0795,0.0795,0.0795,0.0795,0.0795,0.0795,0.0795,0.0795,0.106,0.106,0.106
Republic of Moldova,On-farm electricity use,Emissions (CO2eq) (AR5),kilotonnes,126.017,110.2207,105.759,34.5045,25.3975,26.7271,27.9896,26.0039,28.1916,31.5686,28.1338,28.1442,27.6772,28.4942,26.3497,24.7413,25.2775,26.3497,34.9542,36.6687,36.6687
Republic of Moldova,Food Processing,Emissions (CH4),kilotonnes,0.3893,0.3943,0.1566,0.6504,0.691,0.6959,0.6492,0.6998,0.7736,0.524,0.6877,0.6783,0.6954,0.7578,0.8456,0.7509,0.7825,0.7923,0.7725,0.7725,0.7968
Republic of Moldova,Food Processing,Emissions (N2O),kilotonnes,0.0022,0.0023,0.0008,0.0032,0.004,0.0037,0.0042,0.0039,0.004,0.0032,0.0035,0.0035,0.0037,0.0042,0.0048,0.0041,0.0042,0.0043,0.0042,0.0042,0.0044
Republic of Moldova,Food Processing,Emissions (CO2),kilotonnes,213.1383,214.0231,83.5292,343.0207,304.0655,299.0872,270.8138,336.6501,372.8896,258.5492,334.2846,332.0286,348.8523,376.0687,430.3776,378.9288,391.27,401.6013,407.3444,407.3444,390.1221
Republic of Moldova,Food Processing,Emissions (CO2eq) from CH4 (AR5),kilotonnes,10.9004,11.0404,4.3848,18.2112,19.348,19.4852,18.1776,19.5944,21.6608,14.672,19.2556,18.9924,19.4712,21.2184,23.6768,21.0252,21.91,22.1844,21.63,21.63,22.3113
Republic of Moldova,Food Processing,Emissions (CO2eq) from N2O (AR5),kilotonnes,0.583,0.6095,0.212,0.848,1.06,0.9805,1.113,1.0335,1.06,0.848,0.9275,0.9275,0.9805,1.113,1.272,1.0865,1.113,1.1395,1.113,1.113,1.1568
Republic of Moldova,Food Processing,Emissions (CO2eq) (AR5),kilotonnes,224.6217,225.673,88.126,362.0799,324.4735,319.5529,290.1044,357.278,395.6104,274.0692,354.4677,351.9485,369.304,398.4001,455.3264,401.0405,414.293,424.9252,430.0874,430.0874,413.5902
Republic of Moldova,Food Packaging,Emissions (CH4),kilotonnes,0.2114,0.1998,0.2403,0.2424,0.2423,0.2627,0.2734,0.1027,0.0678,0.0416,0.0446,0.0442,0.0435,0.0482,0.0507,0.0492,0.0436,0.0447,0.049,0.0521,0.0537
Republic of Moldova,Food Packaging,Emissions (N2O),kilotonnes,0.0011,0.0011,0.0013,0.0013,0.0013,0.0014,0.0017,0.0006,0.0004,0.0003,0.0003,0.0002,0.0002,0.0003,0.0003,0.0003,0.0003,0.0002,0.0003,0.0003,0.0003
Republic of Moldova,Food Packaging,Emissions (CO2),kilotonnes,138.709,136.5981,158.9444,166.8312,149.9823,172.7325,175.2322,97.3562,56.0874,32.7912,40.1539,39.454,38.6817,38.5095,37.5654,38.6714,35.0482,32.7472,41.3378,38.772,37.1327
Republic of Moldova,Food Packaging,Emissions (CO2eq) from CH4 (AR5),kilotonnes,5.9192,5.5944,6.7284,6.7872,6.7844,7.3556,7.6552,2.8756,1.8984,1.1648,1.2488,1.2376,1.218,1.3496,1.4196,1.3776,1.2208,1.2516,1.372,1.4581,1.504
Republic of Moldova,Food Packaging,Emissions (CO2eq) from N2O (AR5),kilotonnes,0.2915,0.2915,0.3445,0.3445,0.3445,0.371,0.4505,0.159,0.106,0.0795,0.0795,0.053,0.053,0.0795,0.0795,0.0795,0.0795,0.053,0.0795,0.0767,0.0798
Republic of Moldova,Food Packaging,Emissions (CO2eq) (AR5),kilotonnes,144.9197,142.484,166.0173,173.9629,157.1112,180.4591,183.3379,100.3908,58.0918,34.0355,41.4822,40.7446,39.9527,39.9386,39.0645,40.1285,36.3485,34.0518,42.7893,40.3068,38.7165
Republic of Moldova,Food Retail,Emissions (CH4),kilotonnes,0.0011,0.0012,0.0011,0.0016,0.002,0.0024,0.0028,0.1391,0.1585,0.1583,0.1489,0.1666,0.1708,0.184,0.1679,0.1888,0.1878,0.1902,0.2081,0.2155,0.2223
Republic of Moldova,Food Retail,Emissions (N2O),kilotonnes,0,0,0,0,0,0,0,0.0013,0.0013,0.0014,0.0011,0.0012,0.0012,0.0013,0.0011,0.0012,0.0012,0.0013,0.0013,0.0015,0.0016
Republic of Moldova,Food Retail,Emissions (CO2),kilotonnes,0.6005,0.6303,0.5676,0.8295,0.8149,0.968,1.0935,109.6844,116.1533,122.9129,109.9137,114.9554,122.2697,123.7918,109.5278,116.8988,120.2311,120.3132,125.945,143.6395,137.5665
Republic of Moldova,Food Retail,Emissions (CO2eq) from F-gases (AR5),kilotonnes,2.5975,3.117,4.156,5.7145,7.7925,8.312,9.8705,10.9095,10.9095,10.9095,10.9095,10.9095,10.9095,11.429,11.429,11.429,11.9485,12.468,12.9875,12.9875,13.6493
Republic of Moldova,Food Retail,Emissions (CO2eq) from CH4 (AR5),kilotonnes,0.0308,0.0336,0.0308,0.0448,0.056,0.0672,0.0784,3.8948,4.438,4.4324,4.1692,4.6648,4.7824,5.152,4.7012,5.2864,5.2584,5.3256,5.8268,6.034,6.224
Republic of Moldova,Food Retail,Emissions (CO2eq) from N2O (AR5),kilotonnes,0,0,0,0,0,0,0,0.3445,0.3445,0.371,0.2915,0.318,0.318,0.3445,0.2915,0.318,0.318,0.3445,0.3445,0.3975,0.4131
Republic of Moldova,Food Retail,Emissions (CO2eq) (AR5),kilotonnes,3.2288,3.7809,4.7544,6.5888,8.6634,9.3472,11.0424,124.8332,131.8453,138.6258,125.2839,130.8477,138.2796,140.7173,125.9495,133.9322,137.756,138.4513,145.1038,163.0585,157.853
Republic of Moldova,Food Household Consumption,Emissions (CH4),kilotonnes,0.2016,0.2361,0.2695,0.3343,0.3365,0.3446,0.4117,0.4649,0.4496,0.4969,0.5966,0.5775,0.6416,0.6576,0.5807,0.5771,0.5197,0.6375,0.548,0.548,0.5653
Republic of Moldova,Food Household Consumption,Emissions (N2O),kilotonnes,0.0014,0.0017,0.0018,0.0021,0.0024,0.0024,0.0029,0.0029,0.0023,0.0029,0.0031,0.003,0.0033,0.0035,0.0031,0.0031,0.0028,0.0034,0.003,0.003,0.0031
Republic of Moldova,Food Household Consumption,Emissions (CO2),kilotonnes,235.7618,256.9285,276.5217,311.4318,322.9116,338.6561,351.5178,350.4353,307.3708,330.6019,366.2558,361.7579,375.4589,376.8406,355.4211,349.7098,336.8325,377.3214,364.1072,364.1072,348.713
Republic of Moldova,Food Household Consumption,Emissions (CO2eq) from CH4 (AR5),kilotonnes,5.6448,6.6108,7.546,9.3604,9.422,9.6488,11.5276,13.0172,12.5888,13.9132,16.7048,16.17,17.9648,18.4128,16.2596,16.1588,14.5516,17.85,15.344,15.344,15.8273
Republic of Moldova,Food Household Consumption,Emissions (CO2eq) from N2O (AR5),kilotonnes,0.371,0.4505,0.477,0.5565,0.636,0.636,0.7685,0.7685,0.6095,0.7685,0.8215,0.795,0.8745,0.9275,0.8215,0.8215,0.742,0.901,0.795,0.795,0.8263
Republic of Moldova,Food Household Consumption,Emissions (CO2eq) (AR5),kilotonnes,241.7776,263.9898,284.5447,321.3487,332.9696,348.9409,363.8139,364.221,320.5691,345.2836,383.7821,378.7229,394.2982,396.1809,372.5022,366.6901,352.1261,396.0724,380.2462,380.2462,365.3665
Republic of Moldova,Food Transport,Emissions (CH4),kilotonnes,0.0218,0.0215,0.0255,0.0286,0.0278,0.0237,0.0218,0.0235,0.0252,0.0234,0.0235,0.0239,0.0216,0.0215,0.0216,0.0275,0.0301,0.0291,0.0307,0.0125,0.0129
Republic of Moldova,Food Transport,Emissions (N2O),kilotonnes,0.003,0.0033,0.0059,0.0045,0.0054,0.0065,0.0077,0.0081,0.0083,0.006,0.0063,0.0064,0.006,0.0051,0.0037,0.005,0.0065,0.0059,0.0062,0.0045,0.0047
Republic of Moldova,Food Transport,Emissions (CO2),kilotonnes,70.292,75.298,102.387,119.1745,125.5275,129.557,134.702,147.902,178.8255,167.451,191.651,204.3705,179.551,189.202,194.3177,213.2683,225.4938,226.2213,236.3481,193.2585,185.0876
Republic of Moldova,Food Transport,Emissions (CO2eq) from CH4 (AR5),kilotonnes,0.6104,0.602,0.714,0.8008,0.7784,0.6636,0.6104,0.658,0.7056,0.6552,0.658,0.6692,0.6048,0.602,0.6048,0.77,0.8428,0.8148,0.8596,0.35,0.361
Republic of Moldova,Food Transport,Emissions (CO2eq) from N2O (AR5),kilotonnes,0.795,0.8745,1.5635,1.1925,1.431,1.7225,2.0405,2.1465,2.1995,1.59,1.6695,1.696,1.59,1.3515,0.9805,1.325,1.7225,1.5635,1.643,1.1925,1.2394
Republic of Moldova,Food Transport,Emissions (CO2eq) (AR5),kilotonnes,71.6974,76.7745,104.6645,121.1678,127.7369,131.9431,137.3529,150.7065,181.7306,169.6962,193.9785,206.7357,181.7458,191.1555,195.903,215.3633,228.0591,228.5996,238.8507,194.801,186.6881
Republic of Moldova,Energy,Emissions (CH4),kilotonnes,19.3,18.1,18,18.5,18,17.5,17.3,16.7,16.4,16.1,21.5,21.6,21.7,21.8,22.1,22.4,22.8,23.9,23.9,25.4,26.2
Republic of Moldova,Energy,Emissions (N2O),kilotonnes,0.12,0.127,0.163,0.154,0.148,0.148,0.156,0.148,0.171,0.153,0.229,0.231,0.222,0.223,0.221,0.225,0.269,0.309,0.316,0.305,0.317
Republic of Moldova,Energy,Emissions (CO2),kilotonnes,3410,3620,3840,4160,4330,4570,4580,4280,4400,4200,4480,4520,4330,4430,4290,4350,4460,4580,5800,5440,5210
Republic of Moldova,Energy,Emissions (CO2eq) from CH4 (AR5),kilotonnes,540.4,506.8,504,518,504,490,484.4,467.6,459.2,450.8,602,604.8,607.6,610.4,618.8,627.2,638.4,669.2,669.2,711.2,733.6
Republic of Moldova,Energy,Emissions (CO2eq) from N2O (AR5),kilotonnes,31.8,33.655,43.195,40.81,39.22,39.22,41.34,39.22,45.315,40.545,60.685,61.215,58.83,59.095,58.565,59.625,71.285,81.885,83.74,80.825,84.005
Republic of Moldova,Energy,Emissions (CO2eq) (AR5),kilotonnes,3982.2,4160.455,4387.195,4718.81,4873.22,5099.22,5105.74,4786.82,4904.515,4691.345,5142.685,5186.015,4996.43,5099.495,4967.365,5036.825,5169.685,5331.085,6552.94,6232.025,6027.605
Republic of Moldova,IPPU,Emissions (CH4),kilotonnes,0,0,0,0,0,0,0,0,0,0,0,0,0,0,0,0,0,0,0,0,0
Republic of Moldova,IPPU,Emissions (N2O),kilotonnes,0.0013,0.0013,0.0013,0.0013,0.0013,0.0013,0.0013,0.0012,0.0012,0.0012,0.0012,0.0012,0.0012,0.0012,0.0012,0.0012,0.0012,0.0012,0.0012,0.0012,0.0012
Republic of Moldova,IPPU,Emissions (CO2),kilotonnes,328,333,359,401,443,526,606,862,947,480,479,560,574,603,601,581,560,677,734,762,760
Republic of Moldova,IPPU,Emissions (CO2eq) from F-gases (AR5),kilotonnes,2.1087,2.8764,3.955,5.2086,6.9092,8.9984,10.2034,11.6611,13.1187,14.382,15.8396,17.8803,19.0464,20.0181,21.7673,25.6543,26.8204,27.4035,28.9583,30.5131,32.0679
Republic of Moldova,IPPU,Emissions (CO2eq) from CH4 (AR5),kilotonnes,0,0,0,0,0,0,0,0,0,0,0,0,0,0,0,0,0,0,0,0,0
Republic of Moldova,IPPU,Emissions (CO2eq) from N2O (AR5),kilotonnes,0.3366,0.3339,0.3339,0.3339,0.3339,0.3313,0.3313,0.3286,0.3286,0.326,0.326,0.326,0.326,0.326,0.326,0.326,0.3233,0.3233,0.3233,0.3207,0.3207
Republic of Moldova,IPPU,Emissions (CO2eq) (AR5),kilotonnes,330.4453,336.2103,363.2889,406.5425,450.2431,535.3297,616.5347,873.9897,960.4473,494.7079,495.1655,578.2062,593.3723,623.3441,623.0933,606.9803,587.1437,704.7268,763.2816,792.8337,792.3886
Republic of Moldova,Waste,Emissions (CH4),kilotonnes,28.7,28.7,29.5,30,30.2,30.4,30.6,30.6,30.8,30.4,30.7,31,30.9,31.4,31.8,31.7,32.1,32.3,32.5,32.4,32.6
Republic of Moldova,Waste,Emissions (N2O),kilotonnes,0.182,0.181,0.181,0.182,0.185,0.188,0.193,0.191,0.188,0.182,0.181,0.18,0.183,0.183,0.176,0.169,0.162,0.161,0.161,0.161,0.159
Republic of Moldova,Waste,Emissions (CO2),kilotonnes,1.73,1.79,1.86,1.93,2,2.08,2.13,2.18,2.23,2.28,2.33,2.38,2.43,2.43,2.43,2.43,2.43,2.43,2.42,2.55,2.58
Republic of Moldova,Waste,Emissions (CO2eq) from CH4 (AR5),kilotonnes,803.6,803.6,826,840,845.6,851.2,856.8,856.8,862.4,851.2,859.6,868,865.2,879.2,890.4,887.6,898.8,904.4,910,907.2,912.8
Republic of Moldova,Waste,Emissions (CO2eq) from N2O (AR5),kilotonnes,48.23,47.965,47.965,48.23,49.025,49.82,51.145,50.615,49.82,48.23,47.965,47.7,48.495,48.495,46.64,44.785,42.93,42.665,42.665,42.665,42.135
Republic of Moldova,Waste,Emissions (CO2eq) (AR5),kilotonnes,853.56,853.355,875.825,890.16,896.625,903.1,910.075,909.595,914.45,901.71,909.895,918.08,916.125,930.125,939.47,934.815,944.16,949.495,955.085,952.415,957.515
Republic of Moldova,Other,Emissions (CH4),kilotonnes,0.0046,0.005,0.0083,0.0043,0.0031,0.0024,0.0029,0.0039,0.0037,0.0012,0.0023,0.0013,0.0006,0.0003,0.0004,0.0003,0,0,0,0,0
Republic of Moldova,Other,Emissions (N2O),kilotonnes,0.0826,0.0871,0.0995,0.112,0.112,0.117,0.116,0.119,0.131,0.123,0.17,0.177,0.17,0.172,0.178,0.188,0.197,0.201,0.208,0.218,0.226
Republic of Moldova,Other,Emissions (CO2),kilotonnes,36.4,43.4,39.5,28.4,27.6,25.9,39,44.5,48.7,13.3,30,21.4,8.5,3.9,3.29,2.88,3.57,0.845,0,0,0
Republic of Moldova,Other,Emissions (CO2eq) from CH4 (AR5),kilotonnes,0.1288,0.14,0.2324,0.1204,0.0868,0.0672,0.0812,0.1092,0.1036,0.0336,0.0644,0.0364,0.0168,0.0084,0.0112,0.0084,0,0,0,0,0
Republic of Moldova,Other,Emissions (CO2eq) from N2O (AR5),kilotonnes,21.889,23.0815,26.3675,29.68,29.68,31.005,30.74,31.535,34.715,32.595,45.05,46.905,45.05,45.58,47.17,49.82,52.205,53.265,55.12,57.77,59.89
Republic of Moldova,Other,Emissions (CO2eq) (AR5),kilotonnes,58.4178,66.6215,66.0999,58.2004,57.3668,56.9722,69.8212,76.1442,83.5186,45.9286,75.1144,68.3414,53.5668,49.4884,50.4712,52.7084,55.775,54.11,55.12,57.77,59.89
Republic of Moldova,Farm-gate emissions,Emissions (CH4),kilotonnes,54.0648,49.4614,52.3609,53.442,49.7894,45.5772,43.8424,42.8451,34.6698,33.3901,34.5743,34.6587,32.5129,31.0058,31.1412,30.0777,29.3075,29.8139,28.2916,25.7078,23.9629
Republic of Moldova,Farm-gate emissions,Direct emissions (N2O),kilotonnes,1.3208,1.7675,1.5328,1.4113,1.5424,1.5094,1.3996,1.3834,1.5036,1.2537,1.3672,1.4922,1.4542,1.693,1.8383,1.6228,1.9106,1.9985,2.2667,2.0077,1.77
Republic of Moldova,Farm-gate emissions,Indirect emissions (N2O),kilotonnes,0.4456,0.5743,0.5003,0.4748,0.4999,0.4896,0.4659,0.4699,0.4757,0.411,0.4492,0.4963,0.4853,0.5539,0.5979,0.5366,0.618,0.6486,0.7346,0.647,0.5997
Republic of Moldova,Farm-gate emissions,Emissions (N2O),kilotonnes,2.4309,2.9639,2.687,2.5467,2.6657,2.5826,2.4547,2.4345,2.4931,2.1648,2.342,2.5555,2.4591,2.7766,2.9697,2.6991,3.0875,3.2395,3.5887,3.2491,2.9493
Republic of Moldova,Farm-gate emissions,Emissions (CO2),kilotonnes,388.8464,399.1281,437.7461,421.3603,398.1234,371.1417,368.796,345.2018,401.5461,392.9357,389.2412,379.5801,352.6296,366.2999,365.2416,344.795,415.1034,500.3664,507.7227,554.942,554.942
Republic of Moldova,Farm-gate emissions,Emissions (CO2eq) from CH4 (AR5),kilotonnes,1513.8152,1384.9185,1466.1057,1496.3772,1394.1019,1276.1625,1227.5876,1199.6623,970.7538,934.9232,968.0796,970.4434,910.3617,868.1616,871.9548,842.1747,820.6092,834.7882,792.1645,719.8189,670.9619
Republic of Moldova,Farm-gate emissions,Emissions (CO2eq) from N2O (AR5),kilotonnes,644.1777,785.4319,712.0648,674.8655,706.3997,684.3975,650.501,645.1504,660.6665,573.6717,620.6356,677.2024,651.6588,735.8,786.9641,715.2609,818.1801,858.4779,951.0088,861.0056,781.5696
Republic of Moldova,Farm-gate emissions,Emissions (CO2eq) (AR5),kilotonnes,2546.8394,2569.4785,2615.9165,2592.603,2498.625,2331.7016,2246.8845,2190.0145,2032.9664,1901.5305,1977.9564,2027.2258,1914.6501,1970.2615,2024.1605,1902.2305,2053.8926,2193.6324,2250.896,2135.7665,2007.4736
Republic of Moldova,Land Use change,Emissions (CH4),kilotonnes,0,0,0,0,0,0,0,0,0,0,0,0,0,0,0,0,0,0,0,0,0
Republic of Moldova,Land Use change,Emissions (N2O),kilotonnes,0,0,0,0,0,0,0,0,0,0,0,0,0,0,0,0,0,0,0,0,0
Republic of Moldova,Land Use change,Emissions (CO2),kilotonnes,0,599.1975,599.1975,599.1975,599.1975,599.1975,599.1975,599.1975,599.1975,599.1975,599.1975,0,0,0,0,0,0,0,0,0,0
Republic of Moldova,Land Use change,Emissions (CO2eq) from CH4 (AR5),kilotonnes,0,0,0,0,0,0,0,0,0,0,0,0,0,0,0,0,0,0,0,0,0
Republic of Moldova,Land Use change,Emissions (CO2eq) from N2O (AR5),kilotonnes,0,0,0,0,0,0,0,0,0,0,0,0,0,0,0,0,0,0,0,0,0
Republic of Moldova,Land Use change,Emissions (CO2eq) (AR5),kilotonnes,0,599.1975,599.1975,599.1975,599.1975,599.1975,599.1975,599.1975,599.1975,599.1975,599.1975,0,0,0,0,0,0,0,0,0,0
Republic of Moldova,Emissions on agricultural land,Emissions (CH4),kilotonnes,54.0648,49.4614,52.3609,53.442,49.7894,45.5772,43.8424,42.8451,34.6698,33.3901,34.5743,34.6587,32.5129,31.0058,31.1412,30.0777,29.3075,29.8139,28.2916,25.7078,23.9629
Republic of Moldova,Emissions on agricultural land,Emissions (N2O),kilotonnes,2.4309,2.9639,2.687,2.5467,2.6657,2.5826,2.4547,2.4345,2.4931,2.1648,2.342,2.5555,2.4591,2.7766,2.9697,2.6991,3.0875,3.2395,3.5887,3.2491,2.9493
Republic of Moldova,Emissions on agricultural land,Emissions (CO2),kilotonnes,388.8464,998.3256,1036.9436,1020.5578,997.3209,970.3392,967.9935,944.3993,1000.7436,992.1332,988.4387,379.5801,352.6296,366.2999,365.2416,344.795,415.1034,500.3664,507.7227,554.942,554.942
Republic of Moldova,Emissions on agricultural land,Emissions (CO2eq) from CH4 (AR5),kilotonnes,1513.8152,1384.9185,1466.1057,1496.3772,1394.1019,1276.1625,1227.5876,1199.6623,970.7538,934.9232,968.0796,970.4434,910.3617,868.1616,871.9548,842.1747,820.6092,834.7882,792.1645,719.8189,670.9619
Republic of Moldova,Emissions on agricultural land,Emissions (CO2eq) from N2O (AR5),kilotonnes,644.1777,785.4319,712.0648,674.8655,706.3997,684.3975,650.501,645.1504,660.6665,573.6717,620.6356,677.2024,651.6588,735.8,786.9641,715.2609,818.1801,858.4779,951.0088,861.0056,781.5696
Republic of Moldova,Emissions on agricultural land,Emissions (CO2eq) (AR5),kilotonnes,2546.8394,3168.676,3215.114,3191.8005,3097.8225,2930.8991,2846.082,2789.212,2632.1639,2500.728,2577.1539,2027.2258,1914.6501,1970.2615,2024.1605,1902.2305,2053.8926,2193.6324,2250.896,2135.7665,2007.4736
Republic of Moldova,Pre- and post- production,Emissions (CH4),kilotonnes,36.9613,39.5348,41.4775,43.4553,54.1447,53.4356,54.2361,62.5978,59.4227,57.1513,59.3447,60.6815,65.967,67.545,68.0167,64.8218,67.9033,67.1342,66.1799,65.257,64.3388
Republic of Moldova,Pre- and post- production,Emissions (N2O),kilotonnes,0.1041,0.1053,0.1099,0.1058,0.1169,0.1232,0.124,0.1203,0.1212,0.1132,0.1179,0.1176,0.1162,0.1181,0.1061,0.1058,0.107,0.1073,0.1082,0.1077,0.1092
Republic of Moldova,Pre- and post- production,Emissions (CO2),kilotonnes,862.2955,872.8005,807.402,1060.0395,1014.1718,1053.662,1047.6508,1155.5563,1148.1908,1031.9219,1159.6342,1170.7064,1182.6922,1223.4227,1244.2153,1212.1498,1224.2168,1275.277,1300.8776,1274.7013,1226.164
Republic of Moldova,Pre- and post- production,Emissions (CO2eq) from F-gases (AR5),kilotonnes,2.5975,3.117,4.156,5.7145,7.7925,8.312,9.8705,10.9095,10.9095,10.9095,10.9095,10.9095,10.9095,11.429,11.429,11.429,11.9485,12.468,12.9875,12.9875,13.6493
Republic of Moldova,Pre- and post- production,Emissions (CO2eq) from CH4 (AR5),kilotonnes,1034.9176,1106.9742,1161.3706,1216.7484,1516.0518,1496.1971,1518.6111,1752.7375,1663.8357,1600.235,1661.6516,1699.0824,1847.0771,1891.261,1904.4663,1815.0109,1901.2924,1879.758,1853.0361,1827.1957,1801.4856
Republic of Moldova,Pre- and post- production,Emissions (CO2eq) from N2O (AR5),kilotonnes,27.5977,27.8922,29.1309,28.0298,30.9864,32.6534,32.8659,31.8765,32.1117,30.0002,31.2398,31.1654,30.7838,31.3034,28.1117,28.0425,28.3524,28.4291,28.6688,28.5361,28.9349
Republic of Moldova,Pre- and post- production,Emissions (CO2eq) (AR5),kilotonnes,1927.4083,2010.7839,2002.0595,2310.5322,2569.0025,2590.8245,2608.9983,2951.0799,2855.0477,2673.0666,2863.4351,2911.8637,3071.4626,3157.4162,3188.2224,3066.6323,3165.8102,3195.9322,3195.57,3143.4205,3070.2338
Republic of Moldova,Agri-food systems,Emissions (CH4),kilotonnes,91.0262,88.9962,93.8384,96.8973,103.9341,99.0128,98.0785,105.4429,94.0925,90.5414,93.919,95.3402,98.48,98.5508,99.1579,94.8995,97.2108,96.9481,94.4714,90.9648,88.3017
Republic of Moldova,Agri-food systems,Emissions (N2O),kilotonnes,2.535,3.0691,2.797,2.6524,2.7826,2.7059,2.5787,2.5548,2.6143,2.278,2.4599,2.6731,2.5753,2.8947,3.0758,2.8049,3.1945,3.3468,3.6969,3.3568,3.0585
Republic of Moldova,Agri-food systems,Emissions (CO2),kilotonnes,1251.1419,1871.126,1844.3456,2080.5973,2011.4927,2024.0012,2015.6443,2099.9556,2148.9344,2024.0551,2148.0729,1550.2864,1535.3219,1589.7226,1609.457,1556.9448,1639.3202,1775.6435,1808.6004,1829.6433,1781.106
Republic of Moldova,Agri-food systems,Emissions (CO2eq) from F-gases (AR5),kilotonnes,2.5975,3.117,4.156,5.7145,7.7925,8.312,9.8705,10.9095,10.9095,10.9095,10.9095,10.9095,10.9095,11.429,11.429,11.429,11.9485,12.468,12.9875,12.9875,13.6493
Republic of Moldova,Agri-food systems,Emissions (CO2eq) from CH4 (AR5),kilotonnes,2548.7329,2491.8927,2627.4763,2713.1256,2910.1537,2772.3596,2746.1987,2952.3998,2634.5896,2535.1582,2629.7312,2669.5257,2757.4388,2759.4226,2776.4211,2657.1856,2721.9016,2714.5462,2645.2006,2547.0145,2472.4475
Republic of Moldova,Agri-food systems,Emissions (CO2eq) from N2O (AR5),kilotonnes,671.7755,813.3241,741.1956,702.8953,737.386,717.0508,683.3669,677.0269,692.7781,603.6719,651.8753,708.3678,682.4425,767.1034,815.0758,743.3034,846.5325,886.907,979.6776,889.5417,810.5046
Republic of Moldova,Agri-food systems,Emissions (CO2eq) (AR5),kilotonnes,4474.2478,5179.4599,5217.1736,5502.3327,5666.825,5521.7235,5455.0803,5740.2918,5487.2116,5173.7947,5440.589,4939.0895,4986.1127,5127.6776,5212.3829,4968.8628,5219.7028,5389.5646,5446.466,5279.187,5077.7074
Republic of Moldova,IPCC Agriculture,Emissions (CH4),kilotonnes,54.0422,49.4377,52.3334,53.4138,49.7608,45.5498,43.815,42.8183,34.639,33.3592,34.5431,34.6273,32.4834,30.975,31.1108,30.0558,29.2816,29.7758,28.2452,25.6582,23.9133
Republic of Moldova,IPCC Agriculture,Emissions (CH4),kilotonnes,47.0489,47.8703,48.7423,44.5934,41.5595,40.3098,39.1598,31.3652,29.9467,31.3701,31.3811,29.5547,28.0175,28.3682,,,,,,,
Republic of Moldova,IPCC Agriculture,Direct emissions (N2O),kilotonnes,1.3208,1.7675,1.5328,1.4113,1.5424,1.5094,1.3996,1.3834,1.5036,1.2537,1.3672,1.4922,1.4542,1.693,1.8383,1.6228,1.9106,1.9985,2.2667,2.0077,1.77
Republic of Moldova,IPCC Agriculture,Indirect emissions (N2O),kilotonnes,0.4456,0.5743,0.5003,0.4748,0.4999,0.4896,0.4659,0.4699,0.4757,0.411,0.4492,0.4963,0.4853,0.5539,0.5979,0.5366,0.618,0.6486,0.7346,0.647,0.5997
Republic of Moldova,IPCC Agriculture,Emissions (N2O),kilotonnes,2.3606,2.8887,2.5959,2.4616,2.5892,2.5135,2.3856,2.3741,2.4129,2.0871,2.2655,2.4827,2.3974,2.71,2.9018,2.6387,3,3.12,3.4679,3.1177,2.818
Republic of Moldova,IPCC Agriculture,Emissions (N2O),kilotonnes,4.1994,4.6763,4.79,4.0618,4.859,4.8784,4.6555,2.7539,4.7474,4.0622,4.6505,4.7286,3.3923,4.9387,,,,,,,
Republic of Moldova,IPCC Agriculture,Emissions (CO2eq) from CH4 (AR5),kilotonnes,1513.1817,1384.2542,1465.3349,1495.5861,1393.3027,1275.3953,1226.82,1198.9133,969.8911,934.0579,967.2074,969.5643,909.5348,867.3013,871.1015,841.5629,819.8852,833.7212,790.8649,718.43,669.5731
Republic of Moldova,IPCC Agriculture,Emissions (CO2eq) from CH4 (AR5),kilotonnes,1317.3692,1340.3684,1364.7844,1248.6152,1163.666,1128.6744,1096.4744,878.2256,838.5076,878.3628,878.6708,827.5316,784.49,794.3096,,,,,,,
Republic of Moldova,IPCC Agriculture,Emissions (CO2eq) from N2O (AR5),kilotonnes,625.5604,765.511,687.901,652.3233,686.1323,666.0885,632.1948,629.1246,639.4213,553.0783,600.3694,657.9123,635.3074,718.1452,768.9857,699.2468,794.996,826.811,919.0034,826.1948,746.7589
Republic of Moldova,IPCC Agriculture,Emissions (CO2eq) from N2O (AR5),kilotonnes,1112.841,1239.2195,1269.35,1076.377,1287.635,1292.776,1233.7075,729.7835,1258.061,1076.483,1232.3825,1253.079,898.9595,1308.7555,,,,,,,
Republic of Moldova,IPCC Agriculture,Emissions (CO2eq) (AR5),kilotonnes,2138.742,2149.7653,2153.2359,2147.9094,2079.435,1941.4838,1859.0148,1828.0378,1609.3125,1487.1362,1567.5768,1627.4767,1544.8422,1585.4464,1640.0872,1540.8097,1614.8811,1660.5322,1709.8683,1544.6248,1416.3319
Republic of Moldova,IPCC Agriculture,Emissions (CO2eq) (AR5),kilotonnes,2430.2102,2579.5879,2634.1344,2324.9922,2451.301,2421.4504,2330.1819,1608.0091,2096.5686,1954.8458,2111.0533,2080.6106,1683.4495,2103.0651,,,,,,,
Republic of Moldova,Agricultural Soils,Direct emissions (N2O),kilotonnes,1.3208,1.7675,1.5328,1.4113,1.5424,1.5094,1.3996,1.3834,1.5036,1.2537,1.3672,1.4922,1.4542,1.693,1.8383,1.6228,1.9106,1.9985,2.2667,2.0077,1.77
Republic of Moldova,Agricultural Soils,Indirect emissions (N2O),kilotonnes,0.4456,0.5743,0.5003,0.4748,0.4999,0.4896,0.4659,0.4699,0.4757,0.411,0.4492,0.4963,0.4853,0.5539,0.5979,0.5366,0.618,0.6486,0.7346,0.647,0.5997
Republic of Moldova,Agricultural Soils,Emissions (N2O),kilotonnes,1.8988,2.474,2.163,2.0136,2.1652,2.1219,1.9884,1.9762,2.1022,1.7869,1.9373,2.1095,2.0605,2.3678,2.5571,2.2803,2.6496,2.768,3.1222,2.7889,2.5039
Republic of Moldova,Agricultural Soils,Emissions (N2O),kilotonnes,2.5873,3.0411,3.1191,2.4677,3.2897,3.1665,2.8753,1.4084,3.4017,2.527,3.0416,3.193,2.018,3.6626,,,,,,,
Republic of Moldova,Agricultural Soils,Emissions (CO2eq) from N2O (AR5),kilotonnes,503.189,655.6155,573.2082,533.6131,573.7852,562.3102,526.9344,523.6991,557.0716,473.516,513.3798,559.0073,546.02,627.4661,677.6315,604.281,702.1408,733.5094,827.3788,739.0598,663.5449
Republic of Moldova,Agricultural Soils,Emissions (CO2eq) from N2O (AR5),kilotonnes,685.6345,805.8915,826.5615,653.9405,871.7705,839.1225,761.9545,373.226,901.4505,669.655,806.024,846.145,534.77,970.589,,,,,,,
Republic of Moldova,Agricultural Soils,Emissions (CO2eq) (AR5),kilotonnes,503.189,655.6155,573.2082,533.6131,573.7852,562.3102,526.9344,523.6991,557.0716,473.516,513.3798,559.0073,546.02,627.4661,677.6315,604.281,702.1408,733.5094,827.3788,739.0598,663.5449
Republic of Moldova,Agricultural Soils,Emissions (CO2eq) (AR5),kilotonnes,685.6345,805.8915,826.5615,653.9405,871.7705,839.1225,761.9545,373.226,901.4505,669.655,806.024,846.145,534.77,970.589,,,,,,,
Republic of Moldova,LULUCF,Emissions (CH4),kilotonnes,0.0022,0.0025,0,0,0,0.02,0.005,0.0349,0.0025,0,0.0125,0.0524,0.0175,0.0624,0.3194,0.015,0,0.0225,0.0025,0.0299,0.0025
Republic of Moldova,LULUCF,Emissions (CH4),kilotonnes,0.0365,0.0526,0.0114,0.0033,0.0101,0.0106,0.0122,0.0797,0.0321,0.0158,0.0067,0.0079,0.0629,0.0462,,,,,,,
Republic of Moldova,LULUCF,Emissions (N2O),kilotonnes,0.0001,0.0002,0,0,0,0.0018,0.0005,0.0032,0.0002,0,0.0011,0.0048,0.0016,0.0057,0.0292,0.0014,0,0.0021,0.0002,0.0027,0.0002
Republic of Moldova,LULUCF,Emissions (N2O),kilotonnes,0.0009,0.0015,0.0004,0.0002,0.0005,0.0003,0.0006,0.0042,0.001,0.0008,0.0003,0.0004,0.0035,0.0025,,,,,,,
Republic of Moldova,LULUCF,Emissions (CO2),kilotonnes,-234.4589,-929.6293,-933.0113,-936.3561,-942.9122,-942.9122,-942.9122,-942.9122,-942.9122,-944.3487,-946.0211,-386.4852,-386.4852,-386.4852,-386.4852,-386.4852,167.4147,167.4147,167.4147,186.1378,186.1378
Republic of Moldova,LULUCF,Emissions (CO2),kilotonnes,-1393.2691,-751.5632,-533.0158,-1554.8094,-103.6005,-375.7257,-639.512,-3068.9814,-60.4929,-1285.4883,-657.3257,-429.9314,-2472.7503,-99.351,,,,,,,
Republic of Moldova,LULUCF,Emissions (CO2eq) from CH4 (AR5),kilotonnes,0.0608,0.0699,0,0,0,0.5589,0.1397,0.9782,0.0699,0,0.3494,1.4672,0.489,1.7469,8.9424,0.4192,0,0.6287,0.0699,0.8385,0.0699
Republic of Moldova,LULUCF,Emissions (CO2eq) from N2O (AR5),kilotonnes,0.0318,0.0604,0,0,0,0.483,0.1207,0.8453,0.0604,0,0.3019,1.2678,0.4226,1.5096,7.7274,0.3622,0,0.5433,0.0604,0.7245,0.0604
Republic of Moldova,LULUCF,Emissions (CO2eq) (AR5),kilotonnes,-234.3663,-929.499,-933.0113,-936.3561,-942.9122,-941.8703,-942.6518,-941.0887,-942.782,-944.3487,-945.3698,-383.7502,-385.5736,-383.2287,-369.8155,-385.7037,167.4147,168.5867,167.5449,187.7007,186.268
Republic of Moldova,LULUCF,Emissions (CO2eq) (AR5),kilotonnes,-1393.2691,-751.5632,-533.0158,-1554.8094,-103.6005,-375.7257,-639.512,-3068.9814,-60.4929,-1285.4883,-657.3257,-429.9314,-2472.7503,-99.351,,,,,,,
Republic of Moldova,AFOLU,Emissions (CH4),kilotonnes,54.0444,49.4401,52.3334,53.4138,49.7608,45.5698,43.82,42.8533,34.6415,33.3592,34.5556,34.6797,32.5009,31.0374,31.4301,30.0708,29.2816,29.7982,28.2477,25.6882,23.9158
Republic of Moldova,AFOLU,Emissions (N2O),kilotonnes,2.3607,2.8889,2.5959,2.4616,2.5892,2.5154,2.3861,2.3772,2.4131,2.0871,2.2667,2.4875,2.399,2.7157,2.931,2.64,3,3.1221,3.4682,3.1205,2.8182
Republic of Moldova,AFOLU,Emissions (CO2),kilotonnes,-234.4589,-929.6293,-933.0113,-936.3561,-942.9122,-942.9122,-942.9122,-942.9122,-942.9122,-944.3487,-946.0211,-386.4852,-386.4852,-386.4852,-386.4852,-386.4852,167.4147,167.4147,167.4147,186.1378,186.1378
Republic of Moldova,AFOLU,Emissions (CO2eq) from CH4 (AR5),kilotonnes,1513.2425,1384.3241,1465.3349,1495.5861,1393.3027,1275.9542,1226.9597,1199.8915,969.961,934.0579,967.5568,971.0315,910.0238,869.0482,880.0439,841.9821,819.8852,834.3499,790.9348,719.2685,669.6429
Republic of Moldova,AFOLU,Emissions (CO2eq) from N2O (AR5),kilotonnes,625.5922,765.5714,687.901,652.3233,686.1323,666.5714,632.3155,629.9699,639.4817,553.0783,600.6713,659.1801,635.73,719.6547,776.7131,699.609,794.996,827.3543,919.0638,826.9193,746.8192
Republic of Moldova,AFOLU,Emissions (CO2eq) (AR5),kilotonnes,1904.3757,1220.2662,1220.2245,1211.5534,1136.5228,999.6135,916.363,886.9491,666.5305,542.7875,622.207,1243.7265,1159.2686,1202.2177,1270.2717,1155.1059,1782.2958,1829.1189,1877.4132,1732.3256,1602.5999
Republic of Moldova,All sectors with LULUCF,Emissions (CH4),kilotonnes,102.049,96.2451,99.8417,101.9181,97.9639,93.4722,91.7229,90.1572,81.8452,79.8604,86.7579,87.281,85.1015,84.2377,85.3305,84.1711,84.1816,85.9982,84.6477,83.4882,82.7158
Republic of Moldova,All sectors with LULUCF,Emissions (N2O),kilotonnes,2.7466,3.2853,3.0406,2.9109,3.0354,2.9696,2.8523,2.8365,2.9044,2.5463,2.8479,3.0767,2.9752,3.2949,3.5072,3.2233,3.6292,3.7943,4.1544,3.8057,3.5214
Republic of Moldova,All sectors with LULUCF,Emissions (CO2),kilotonnes,3541.6711,3068.5607,3307.3487,3654.9739,3859.6878,4181.0678,4284.2178,4245.7678,4455.0178,3751.2313,4045.3089,4717.2948,4528.4448,4652.8448,4510.2348,4549.8248,5193.4147,5427.6897,6703.8347,6390.6878,6158.7178
Republic of Moldova,All sectors with LULUCF,Emissions (CO2eq) from F-gases (AR5),kilotonnes,2.1087,2.8764,3.955,5.2086,6.9092,8.9984,10.2034,11.6611,13.1187,14.382,15.8396,17.8803,19.0464,20.0181,21.7673,25.6543,26.8204,27.4035,28.9583,30.5131,32.0679
Republic of Moldova,All sectors with LULUCF,Emissions (CO2eq) from CH4 (AR5),kilotonnes,2857.3713,2694.8641,2795.5673,2853.7065,2742.9895,2617.2214,2568.2409,2524.4007,2291.6646,2236.0915,2429.2212,2443.8679,2382.8406,2358.6566,2389.2551,2356.7905,2357.0852,2407.9499,2370.1348,2337.6685,2316.0429
Republic of Moldova,All sectors with LULUCF,Emissions (CO2eq) from N2O (AR5),kilotonnes,727.8477,870.6068,805.7624,771.3772,804.3912,786.9477,755.8718,751.6685,769.6603,674.7743,754.6973,815.3261,788.4309,873.1507,929.414,854.165,961.7393,1005.4926,1100.9121,1008.5,933.1699
Republic of Moldova,All sectors with LULUCF,Emissions (CO2eq) (AR5),kilotonnes,7128.9988,6636.908,6912.6334,7285.2663,7413.9777,7594.2354,7618.5339,7533.498,7529.4614,6676.479,7245.067,7994.3691,7718.7627,7904.6702,7850.6712,7786.4346,8539.0595,8868.5357,10203.8398,9767.3693,9439.9985
Republic of Moldova,All sectors without LULUCF,Emissions (CH4),kilotonnes,102.0468,96.2427,99.8417,101.9181,97.9639,93.4522,91.7179,90.1222,81.8427,79.8604,86.7454,87.2286,85.084,84.1753,85.0112,84.1561,84.1816,85.9758,84.6452,83.4582,82.7133
Republic of Moldova,All sectors without LULUCF,Emissions (N2O),kilotonnes,2.7465,3.2851,3.0406,2.9109,3.0354,2.9678,2.8519,2.8333,2.9042,2.5463,2.8468,3.0719,2.9736,3.2892,3.4781,3.2219,3.6292,3.7923,4.1542,3.8029,3.5212
Republic of Moldova,All sectors without LULUCF,Emissions (CO2),kilotonnes,3776.13,3998.19,4240.36,4591.33,4802.6,5123.98,5227.13,5188.68,5397.93,4695.58,4991.33,5103.78,4914.93,5039.33,4896.72,4936.31,5026,5260.275,6536.42,6204.55,5972.58
Republic of Moldova,All sectors without LULUCF,Emissions (CO2eq) from F-gases (AR5),kilotonnes,2.1087,2.8764,3.955,5.2086,6.9092,8.9984,10.2034,11.6611,13.1187,14.382,15.8396,17.8803,19.0464,20.0181,21.7673,25.6543,26.8204,27.4035,28.9583,30.5131,32.0679
Republic of Moldova,All sectors without LULUCF,Emissions (CO2eq) from CH4 (AR5),kilotonnes,2857.3105,2694.7942,2795.5673,2853.7065,2742.9895,2616.6625,2568.1012,2523.4225,2291.5947,2236.0915,2428.8718,2442.4007,2382.3516,2356.9097,2380.3127,2356.3713,2357.0852,2407.3212,2370.0649,2336.83,2315.9731
Republic of Moldova,All sectors without LULUCF,Emissions (CO2eq) from N2O (AR5),kilotonnes,727.8159,870.5464,805.7624,771.3772,804.3912,786.4647,755.751,750.8232,769.5999,674.7743,754.3954,814.0583,788.0084,871.6411,921.6866,853.8027,961.7393,1004.9493,1100.8517,1007.7755,933.1095
Republic of Moldova,All sectors without LULUCF,Emissions (CO2eq) (AR5),kilotonnes,7363.3651,7566.407,7845.6447,8221.6223,8356.8899,8536.1057,8561.1857,8474.5867,8472.2434,7620.8277,8190.4368,8378.1193,8104.3364,8287.8989,8220.4866,8172.1384,8371.6449,8699.949,10036.2949,9579.6686,9253.7305
R?nion,Crop Residues,Direct emissions (N2O),kilotonnes,0.002,0.0019,0.0019,0.002,0.0022,0.0021,0.0025,0.0031,0.0025,0.0021,0.0021,0.0025,0.0026,0.0026,0.0026,0.0026,0.0027,0.0028,0.0029,0.003,
R?nion,Crop Residues,Indirect emissions (N2O),kilotonnes,0.0005,0.0004,0.0004,0.0005,0.0005,0.0005,0.0006,0.0007,0.0006,0.0005,0.0005,0.0006,0.0006,0.0006,0.0006,0.0006,0.0006,0.0006,0.0007,0.0007,
R?nion,Crop Residues,Emissions (N2O),kilotonnes,0.0025,0.0024,0.0024,0.0025,0.0027,0.0025,0.0031,0.0039,0.003,0.0025,0.0026,0.0031,0.0031,0.0032,0.0032,0.0032,0.0033,0.0034,0.0036,0.0037,
R?nion,Crop Residues,Emissions (CO2eq) from N2O (AR5),kilotonnes,0.6501,0.6265,0.625,0.6539,0.7244,0.6719,0.8187,1.0216,0.7964,0.6713,0.6939,0.8099,0.833,0.8456,0.8448,0.8528,0.8805,0.9117,0.9512,0.9795,
R?nion,Crop Residues,Emissions (CO2eq) (AR5),kilotonnes,0.6501,0.6265,0.625,0.6539,0.7244,0.6719,0.8187,1.0216,0.7964,0.6713,0.6939,0.8099,0.833,0.8456,0.8448,0.8528,0.8805,0.9117,0.9512,0.9795,
R?nion,Rice Cultivation,Emissions (CH4),kilotonnes,0.0071,0.0074,0.0078,0.0081,0.0085,0.0088,0.009,0.0094,0.0096,0.0099,0.0101,0.0103,0.0106,0.0106,0.0108,0.011,0.0113,0.0115,0.0115,0.0117,
R?nion,Rice Cultivation,Emissions (CO2eq) from CH4 (AR5),kilotonnes,0.1982,0.2081,0.218,0.2279,0.2378,0.2477,0.2527,0.2626,0.2676,0.2775,0.2824,0.2874,0.2973,0.2973,0.3022,0.3072,0.3171,0.3221,0.3221,0.327,
R?nion,Rice Cultivation,Emissions (CO2eq) (AR5),kilotonnes,0.1982,0.2081,0.218,0.2279,0.2378,0.2477,0.2527,0.2626,0.2676,0.2775,0.2824,0.2874,0.2973,0.2973,0.3022,0.3072,0.3171,0.3221,0.3221,0.327,
R?nion,Burning - Crop residues,Emissions (CH4),kilotonnes,0.0473,0.0471,0.05,0.0507,0.051,0.0497,0.0501,0.0504,0.048,0.0467,0.0467,0.0483,0.048,0.0452,0.046,0.0489,0.0464,0.0446,0.0464,0.0469,
R?nion,Burning - Crop residues,Emissions (N2O),kilotonnes,0.0012,0.0012,0.0013,0.0013,0.0013,0.0013,0.0013,0.0013,0.0012,0.0012,0.0012,0.0013,0.0012,0.0012,0.0012,0.0013,0.0012,0.0012,0.0012,0.0012,
R?nion,Burning - Crop residues,Emissions (CO2eq) from CH4 (AR5),kilotonnes,1.3248,1.3182,1.3994,1.4196,1.428,1.393,1.4022,1.4115,1.3436,1.3071,1.3083,1.3535,1.3442,1.2654,1.2893,1.3688,1.3004,1.25,1.2996,1.3145,
R?nion,Burning - Crop residues,Emissions (CO2eq) from N2O (AR5),kilotonnes,0.3251,0.3234,0.3434,0.3483,0.3504,0.3418,0.3441,0.3463,0.3297,0.3207,0.321,0.3321,0.3298,0.3105,0.3164,0.3359,0.3191,0.3067,0.3189,0.3225,
R?nion,Burning - Crop residues,Emissions (CO2eq) (AR5),kilotonnes,1.6499,1.6416,1.7428,1.768,1.7783,1.7348,1.7463,1.7578,1.6733,1.6278,1.6293,1.6856,1.674,1.5759,1.6057,1.7046,1.6194,1.5567,1.6185,1.637,
R?nion,Enteric Fermentation,Emissions (CH4),kilotonnes,1.4705,1.5657,1.5854,1.6347,1.7214,1.801,1.8035,1.7171,1.7629,1.6938,1.4517,1.4863,1.5332,1.4828,1.57,1.585,1.585,1.5909,1.5983,1.5946,
R?nion,Enteric Fermentation,Emissions (CO2eq) from CH4 (AR5),kilotonnes,41.1743,43.839,44.3914,45.7728,48.1979,50.4278,50.4967,48.0797,49.3601,47.426,40.6479,41.6173,42.9296,41.5185,43.9597,44.3801,44.3805,44.5456,44.7534,44.6489,
R?nion,Enteric Fermentation,Emissions (CO2eq) (AR5),kilotonnes,41.1743,43.839,44.3914,45.7728,48.1979,50.4278,50.4967,48.0797,49.3601,47.426,40.6479,41.6173,42.9296,41.5185,43.9597,44.3801,44.3805,44.5456,44.7534,44.6489,
R?nion,Manure Management,Emissions (CH4),kilotonnes,0.3672,0.3705,0.3822,0.3981,0.4049,0.4056,0.4119,0.4241,0.4364,0.4366,0.4212,0.4214,0.4313,0.4278,0.4426,0.4492,0.4608,0.4691,0.4744,0.4783,
R?nion,Manure Management,Emissions (N2O),kilotonnes,0.0424,0.0429,0.0437,0.0459,0.0482,0.0435,0.0421,0.0442,0.045,0.0458,0.0413,0.041,0.0407,0.0396,0.0412,0.0413,0.0411,0.0425,0.0421,0.0413,
R?nion,Manure Management,Emissions (CO2eq) from CH4 (AR5),kilotonnes,10.2812,10.3745,10.7029,11.1479,11.3384,11.3565,11.5329,11.8734,12.2197,12.2261,11.794,11.7981,12.0753,11.9775,12.3917,12.5768,12.9015,13.1342,13.2821,13.3916,
R?nion,Manure Management,Emissions (CO2eq) from N2O (AR5),kilotonnes,11.2434,11.3565,11.5699,12.1579,12.7718,11.5322,11.1631,11.7145,11.9323,12.139,10.9382,10.8557,10.7838,10.5023,10.9184,10.9463,10.8857,11.2561,11.1626,10.9346,
R?nion,Manure Management,Emissions (CO2eq) (AR5),kilotonnes,21.5245,21.731,22.2727,23.3057,24.1102,22.8887,22.696,23.5879,24.152,24.3651,22.7322,22.6538,22.8591,22.4799,23.31,23.5231,23.7872,24.3903,24.4447,24.3262,
R?nion,Manure left on Pasture,Direct emissions (N2O),kilotonnes,0.1872,0.1908,0.1959,0.2024,0.2051,0.2125,0.2174,0.2186,0.2249,0.2225,0.2144,0.2159,0.2225,0.2208,0.2284,0.232,0.2381,0.2408,0.244,0.2469,
R?nion,Manure left on Pasture,Indirect emissions (N2O),kilotonnes,0.0418,0.0425,0.0436,0.0449,0.0455,0.0471,0.0481,0.0485,0.0499,0.0494,0.0476,0.0479,0.0494,0.049,0.0506,0.0514,0.0528,0.0533,0.054,0.0546,
R?nion,Manure left on Pasture,Emissions (N2O),kilotonnes,0.2289,0.2333,0.2394,0.2474,0.2506,0.2596,0.2655,0.2671,0.2747,0.2718,0.262,0.2638,0.2719,0.2698,0.279,0.2834,0.2909,0.2941,0.298,0.3015,
R?nion,Manure left on Pasture,Emissions (CO2eq) from N2O (AR5),kilotonnes,60.6679,61.8248,63.4533,65.5493,66.4075,68.7903,70.3497,70.78,72.7988,72.0372,69.4257,69.9108,72.0483,71.4921,73.9276,75.0883,77.0863,77.9271,78.9793,79.9072,
R?nion,Manure left on Pasture,Emissions (CO2eq) (AR5),kilotonnes,60.6679,61.8248,63.4533,65.5493,66.4075,68.7903,70.3497,70.78,72.7988,72.0372,69.4257,69.9108,72.0483,71.4921,73.9276,75.0883,77.0863,77.9271,78.9793,79.9072,
R?nion,Manure applied to Soils,Direct emissions (N2O),kilotonnes,0.035,0.0353,0.0361,0.0377,0.039,0.0371,0.0368,0.0381,0.039,0.0393,0.0367,0.0366,0.037,0.0364,0.0377,0.038,0.0384,0.0394,0.0395,0.0393,
R?nion,Manure applied to Soils,Indirect emissions (N2O),kilotonnes,0.0149,0.015,0.0154,0.016,0.0166,0.0158,0.0156,0.0162,0.0166,0.0167,0.0156,0.0156,0.0157,0.0155,0.016,0.0162,0.0163,0.0167,0.0168,0.0167,
R?nion,Manure applied to Soils,Emissions (N2O),kilotonnes,0.0499,0.0503,0.0515,0.0537,0.0555,0.0528,0.0524,0.0543,0.0555,0.056,0.0523,0.0522,0.0527,0.0519,0.0537,0.0542,0.0548,0.0561,0.0562,0.056,
R?nion,Manure applied to Soils,Emissions (CO2eq) from N2O (AR5),kilotonnes,13.2131,13.3396,13.644,14.2232,14.7147,13.9946,13.884,14.3783,14.7114,14.8351,13.87,13.834,13.9663,13.7411,14.2301,14.357,14.5138,14.8658,14.8991,14.8299,
R?nion,Manure applied to Soils,Emissions (CO2eq) (AR5),kilotonnes,13.2131,13.3396,13.644,14.2232,14.7147,13.9946,13.884,14.3783,14.7114,14.8351,13.87,13.834,13.9663,13.7411,14.2301,14.357,14.5138,14.8658,14.8991,14.8299,
R?nion,Drained organic soils,Emissions (CO2eq) (AR5),kilotonnes,0,0,0,0,0,0,0,0,0,0,0,0,0,0,0,0,0,0,0,0,0
R?nion,Drained organic soils (CO2),Emissions (CO2),kilotonnes,0,0,0,0,0,0,0,0,0,0,0,0,0,0,0,0,0,0,0,0,0
R?nion,Drained organic soils (CO2),Emissions (CO2eq) (AR5),kilotonnes,0,0,0,0,0,0,0,0,0,0,0,0,0,0,0,0,0,0,0,0,0
R?nion,Drained organic soils (N2O),Emissions (N2O),kilotonnes,0,0,0,0,0,0,0,0,0,0,0,0,0,0,0,0,0,0,0,0,0
R?nion,Drained organic soils (N2O),Emissions (CO2eq) from N2O (AR5),kilotonnes,0,0,0,0,0,0,0,0,0,0,0,0,0,0,0,0,0,0,0,0,0
R?nion,Drained organic soils (N2O),Emissions (CO2eq) (AR5),kilotonnes,0,0,0,0,0,0,0,0,0,0,0,0,0,0,0,0,0,0,0,0,0
R?nion,On-farm energy use,Emissions (CH4),kilotonnes,0.0354,0.0364,0.0362,0.0372,0.0376,0.037,0.0358,0.0416,0.0424,0.0464,0.0482,0.0251,0.021,0.0202,0.0185,0.0181,0.0184,0.0179,0.0174,0.0169,0.0169
R?nion,On-farm energy use,Emissions (N2O),kilotonnes,0.0203,0.0216,0.0224,0.0206,0.0219,0.0227,0.0267,0.0287,0.0295,0.0315,0.0324,0.0164,0.0167,0.0174,0.0176,0.0183,0.0186,0.019,0.0194,0.0198,0.0198
R?nion,On-farm energy use,Emissions (CO2),kilotonnes,94.6614,103.9907,99.0435,93.2277,96.4297,97.2485,105.8824,117.6598,120.4335,127.5927,131.3486,69.117,66.7468,67.996,67.3782,69.2585,70.8129,71.7205,72.628,73.5356,73.5356
R?nion,On-farm energy use,Emissions (CO2eq) from CH4 (AR5),kilotonnes,0.9913,1.019,1.0142,1.0418,1.0518,1.0351,1.0037,1.1645,1.1861,1.2992,1.3496,0.7035,0.5873,0.5645,0.5169,0.5072,0.5159,0.5019,0.488,0.474,0.474
R?nion,On-farm energy use,Emissions (CO2eq) from N2O (AR5),kilotonnes,5.3713,5.7189,5.9444,5.4549,5.8129,6.0079,7.0692,7.5968,7.828,8.3523,8.5736,4.3378,4.4386,4.6118,4.6687,4.8419,4.9384,5.0386,5.1388,5.239,5.239
R?nion,On-farm energy use,Emissions (CO2eq) (AR5),kilotonnes,101.024,110.7287,106.0021,99.7245,103.2944,104.2915,113.9553,126.4211,129.4476,137.2442,141.2717,74.1583,71.7726,73.1723,72.5637,74.6076,76.2672,77.261,78.2548,79.2486,79.2486
R?nion,Forestland,Emissions (CO2),kilotonnes,-79.728,-79.728,-79.728,-79.728,-79.728,-79.728,-79.728,-79.728,-79.728,-79.728,-79.728,-108.24,-108.24,-108.24,-108.24,-108.24,-126.72,-126.72,-126.72,-126.72,-126.72
R?nion,Forestland,Emissions (CO2eq) (AR5),kilotonnes,-79.728,-79.728,-79.728,-79.728,-79.728,-79.728,-79.728,-79.728,-79.728,-79.728,-79.728,-108.24,-108.24,-108.24,-108.24,-108.24,-126.72,-126.72,-126.72,-126.72,-126.72
R?nion,Net Forest conversion,Emissions (CO2),kilotonnes,0,0,0,0,0,0,0,0,0,0,0,0,0,0,0,0,0,0,0,0,0
R?nion,Net Forest conversion,Emissions (CO2eq) (AR5),kilotonnes,0,0,0,0,0,0,0,0,0,0,0,0,0,0,0,0,0,0,0,0,0
R?nion,Savanna fires,Emissions (CH4),kilotonnes,0,0,0,0,0,0,0,0,0,0,0.0197,0.0365,0.0004,0,0,0,0,0,0,0,0
R?nion,Savanna fires,Emissions (N2O),kilotonnes,0,0,0,0,0,0,0,0,0,0,0.0018,0.0033,0,0,0,0,0,0,0,0,0
R?nion,Savanna fires,Emissions (CO2eq) from CH4 (AR5),kilotonnes,0.0011,0,0,0,0,0,0,0,0,0,0.5517,1.0225,0.0113,0,0,0,0,0,0,0,0
R?nion,Savanna fires,Emissions (CO2eq) from N2O (AR5),kilotonnes,0.0008,0,0,0,0,0,0,0,0,0,0.4768,0.8836,0.0098,0,0,0,0,0,0,0,0
R?nion,Savanna fires,Emissions (CO2eq) (AR5),kilotonnes,0.0019,0,0,0,0,0,0,0,0,0,1.0285,1.9061,0.0211,0,0,0,0,0,0,0,0
R?nion,Fires in organic soils,Emissions (CH4),kilotonnes,0,0,0,0,0,0,0,0,0,0,0,0,0,0,0,0,0,0,0,0,0
R?nion,Fires in organic soils,Emissions (CO2),kilotonnes,0,0,0,0,0,0,0,0,0,0,0,0,0,0,0,0,0,0,0,0,0
R?nion,Fires in organic soils,Emissions (CO2eq) from CH4 (AR5),kilotonnes,0,0,0,0,0,0,0,0,0,0,0,0,0,0,0,0,0,0,0,0,0
R?nion,Fires in organic soils,Emissions (CO2eq) (AR5),kilotonnes,0,0,0,0,0,0,0,0,0,0,0,0,0,0,0,0,0,0,0,0,0
R?nion,Forest fires,Emissions (CH4),kilotonnes,0.0004,0,0,0,0,0,0,0,0,0,0.0199,0.0372,0,0,0,0,0,0,0,0,0
R?nion,Forest fires,Emissions (N2O),kilotonnes,0,0,0,0,0,0,0,0,0,0,0.0018,0.0034,0,0,0,0,0,0,0,0,0
R?nion,Forest fires,Emissions (CO2eq) from CH4 (AR5),kilotonnes,0.0112,0,0,0,0,0,0,0,0,0,0.5559,1.0422,0,0,0,0,0,0,0,0,0
R?nion,Forest fires,Emissions (CO2eq) from N2O (AR5),kilotonnes,0.0058,0,0,0,0,0,0,0,0,0,0.4803,0.9006,0,0,0,0,0,0,0,0,0
R?nion,Forest fires,Emissions (CO2eq) (AR5),kilotonnes,0.0171,0,0,0,0,0,0,0,0,0,1.0362,1.9429,0,0,0,0,0,0,0,0,0
R?nion,Fires in humid tropical forests,Emissions (CH4),kilotonnes,0,0,0,0,0,0,0,0,0,0,0,0,0,0,0,0,0,0,0,0,0
R?nion,Fires in humid tropical forests,Emissions (N2O),kilotonnes,0,0,0,0,0,0,0,0,0,0,0,0,0,0,0,0,0,0,0,0,0
R?nion,Fires in humid tropical forests,Emissions (CO2eq) from CH4 (AR5),kilotonnes,0,0,0,0,0,0,0,0,0,0,0,0,0,0,0,0,0,0,0,0,0
R?nion,Fires in humid tropical forests,Emissions (CO2eq) from N2O (AR5),kilotonnes,0,0,0,0,0,0,0,0,0,0,0,0,0,0,0,0,0,0,0,0,0
R?nion,Fires in humid tropical forests,Emissions (CO2eq) (AR5),kilotonnes,0,0,0,0,0,0,0,0,0,0,0,0,0,0,0,0,0,0,0,0,0
R?nion,Waste - agri-food systems,Emissions (CH4),kilotonnes,0,0,0,0,0,0,0,0,0,0,0,0,0,0,0,0,0,0,0,0,0
R?nion,Waste - agri-food systems,Emissions (N2O),kilotonnes,0,0,0,0,0,0,0,0,0,0,0,0,0,0,0,0,0,0,0,0,0
R?nion,Waste - agri-food systems,Emissions (CO2eq) from CH4 (AR5),kilotonnes,0,0,0,0,0,0,0,0,0,0,0,0,0,0,0,0,0,0,0,0,0
R?nion,Waste - agri-food systems,Emissions (CO2eq) from N2O (AR5),kilotonnes,0,0,0,0,0,0,0,0,0,0,0,0,0,0,0,0,0,0,0,0,0
R?nion,Waste - agri-food systems,Emissions (CO2eq) (AR5),kilotonnes,0,0,0,0,0,0,0,0,0,0,0,0,0,0,0,0,0,0,0,0,0
R?nion,On-farm electricity use,Emissions (CH4),kilotonnes,0.0342,0.0364,0.0378,0.0404,0.0419,0.0444,0.0465,0.0485,0.05,0.0516,0.0533,0.027,0.0274,0.0276,0.028,0.0287,0.0293,0.0296,0.03,0.0304,0.0304
R?nion,On-farm electricity use,Emissions (N2O),kilotonnes,0.0002,0.0002,0.0002,0.0002,0.0003,0.0002,0.0002,0.0002,0.0003,0.0003,0.0002,0.0001,0.0002,0.0002,0.0002,0.0001,0.0002,0.0002,0.0002,0.0001,0.0001
R?nion,On-farm electricity use,Emissions (CO2),kilotonnes,7.7605,8.2661,8.5753,9.184,9.5325,10.1018,10.5633,11.0148,11.3732,11.7218,12.1095,6.1308,6.2326,6.27,6.3755,6.5211,6.6475,6.7304,6.8134,6.8963,6.8963
R?nion,On-farm electricity use,Emissions (CO2eq) from CH4 (AR5),kilotonnes,0.9576,1.0192,1.0584,1.1312,1.1732,1.2432,1.302,1.358,1.4,1.4448,1.4924,0.756,0.7672,0.7728,0.784,0.8036,0.8204,0.8288,0.84,0.8512,0.8512
R?nion,On-farm electricity use,Emissions (CO2eq) from N2O (AR5),kilotonnes,0.053,0.053,0.053,0.053,0.0795,0.053,0.053,0.053,0.0795,0.0795,0.053,0.0265,0.053,0.053,0.053,0.0265,0.053,0.053,0.053,0.0265,0.0265
R?nion,On-farm electricity use,Emissions (CO2eq) (AR5),kilotonnes,8.7711,9.3383,9.6867,10.3682,10.7852,11.398,11.9183,12.4258,12.8527,13.2461,13.6549,6.9133,7.0528,7.0958,7.2125,7.3512,7.5209,7.6122,7.7064,7.774,7.774
R?nion,Farm-gate emissions,Emissions (CH4),kilotonnes,1.9275,2.0271,2.0616,2.1289,2.2234,2.3021,2.3103,2.2426,2.2992,2.2334,1.9976,2.0279,2.0445,1.9865,2.0879,2.1121,2.122,2.1341,2.148,2.1484,0.0169
R?nion,Farm-gate emissions,Direct emissions (N2O),kilotonnes,0.2242,0.228,0.2339,0.2421,0.2463,0.2517,0.2567,0.2598,0.2663,0.2638,0.2532,0.255,0.2621,0.2598,0.2687,0.2726,0.2793,0.2829,0.2864,0.2892,
R?nion,Farm-gate emissions,Indirect emissions (N2O),kilotonnes,0.0571,0.058,0.0594,0.0614,0.0625,0.0633,0.0643,0.0654,0.067,0.0665,0.0637,0.0641,0.0657,0.065,0.0672,0.0681,0.0697,0.0707,0.0714,0.072,
R?nion,Farm-gate emissions,Emissions (N2O),kilotonnes,0.3452,0.3517,0.3607,0.3713,0.3803,0.3824,0.3911,0.3994,0.409,0.4089,0.3936,0.381,0.3865,0.383,0.3959,0.4016,0.4099,0.4162,0.4206,0.4234,0.0198
R?nion,Farm-gate emissions,Emissions (CO2),kilotonnes,94.6614,103.9907,99.0435,93.2277,96.4297,97.2485,105.8824,117.6598,120.4335,127.5927,131.3486,69.117,66.7468,67.996,67.3782,69.2585,70.8129,71.7205,72.628,73.5356,73.5356
R?nion,Farm-gate emissions,Emissions (CO2eq) from CH4 (AR5),kilotonnes,53.9708,56.7589,57.7259,59.6101,62.2539,64.4601,64.6883,62.7918,64.377,62.5358,55.934,56.7825,57.245,55.6233,58.4598,59.1401,59.4153,59.7539,60.1451,60.156,0.474
R?nion,Farm-gate emissions,Emissions (CO2eq) from N2O (AR5),kilotonnes,91.4716,93.1897,95.5798,98.3874,100.7816,101.3386,103.6287,105.8375,108.3967,108.3556,104.2991,100.9639,102.4096,101.5035,104.9059,106.4221,108.6238,110.306,111.4498,112.2127,5.239
R?nion,Farm-gate emissions,Emissions (CO2eq) (AR5),kilotonnes,240.1038,253.9393,252.3492,251.2253,259.4652,263.0472,274.1994,286.289,293.2072,298.4842,291.5817,226.8633,226.4014,225.1228,230.7439,234.8207,238.8521,241.7804,244.2229,245.9043,79.2486
R?nion,Land Use change,Emissions (CH4),kilotonnes,0,0,0,0,0,0,0,0,0,0,0,0,0,0,0,0,0,0,0,0,0
R?nion,Land Use change,Emissions (N2O),kilotonnes,0,0,0,0,0,0,0,0,0,0,0,0,0,0,0,0,0,0,0,0,0
R?nion,Land Use change,Emissions (CO2),kilotonnes,0,0,0,0,0,0,0,0,0,0,0,0,0,0,0,0,0,0,0,0,0
R?nion,Land Use change,Emissions (CO2eq) from CH4 (AR5),kilotonnes,0,0,0,0,0,0,0,0,0,0,0,0,0,0,0,0,0,0,0,0,0
R?nion,Land Use change,Emissions (CO2eq) from N2O (AR5),kilotonnes,0,0,0,0,0,0,0,0,0,0,0,0,0,0,0,0,0,0,0,0,0
R?nion,Land Use change,Emissions (CO2eq) (AR5),kilotonnes,0,0,0,0,0,0,0,0,0,0,0,0,0,0,0,0,0,0,0,0,0
R?nion,Emissions on agricultural land,Emissions (CH4),kilotonnes,1.9275,2.0271,2.0616,2.1289,2.2234,2.3021,2.3103,2.2426,2.2992,2.2334,1.9976,2.0279,2.0445,1.9865,2.0879,2.1121,2.122,2.1341,2.148,2.1484,0.0169
R?nion,Emissions on agricultural land,Emissions (N2O),kilotonnes,0.3452,0.3517,0.3607,0.3713,0.3803,0.3824,0.3911,0.3994,0.409,0.4089,0.3936,0.381,0.3865,0.383,0.3959,0.4016,0.4099,0.4162,0.4206,0.4234,0.0198
R?nion,Emissions on agricultural land,Emissions (CO2),kilotonnes,94.6614,103.9907,99.0435,93.2277,96.4297,97.2485,105.8824,117.6598,120.4335,127.5927,131.3486,69.117,66.7468,67.996,67.3782,69.2585,70.8129,71.7205,72.628,73.5356,73.5356
R?nion,Emissions on agricultural land,Emissions (CO2eq) from CH4 (AR5),kilotonnes,53.9708,56.7589,57.7259,59.6101,62.2539,64.4601,64.6883,62.7918,64.377,62.5358,55.934,56.7825,57.245,55.6233,58.4598,59.1401,59.4153,59.7539,60.1451,60.156,0.474
R?nion,Emissions on agricultural land,Emissions (CO2eq) from N2O (AR5),kilotonnes,91.4716,93.1897,95.5798,98.3874,100.7816,101.3386,103.6287,105.8375,108.3967,108.3556,104.2991,100.9639,102.4096,101.5035,104.9059,106.4221,108.6238,110.306,111.4498,112.2127,5.239
R?nion,Emissions on agricultural land,Emissions (CO2eq) (AR5),kilotonnes,240.1038,253.9393,252.3492,251.2253,259.4652,263.0472,274.1994,286.289,293.2072,298.4842,291.5817,226.8633,226.4014,225.1228,230.7439,234.8207,238.8521,241.7804,244.2229,245.9043,79.2486
R?nion,Pre- and post- production,Emissions (CH4),kilotonnes,0.0342,0.0364,0.0378,0.0404,0.0419,0.0444,0.0465,0.0485,0.05,0.0516,0.0533,0.027,0.0274,0.0276,0.028,0.0287,0.0293,0.0296,0.03,0.0304,0.0304
R?nion,Pre- and post- production,Emissions (N2O),kilotonnes,0.0002,0.0002,0.0002,0.0002,0.0003,0.0002,0.0002,0.0002,0.0003,0.0003,0.0002,0.0001,0.0002,0.0002,0.0002,0.0001,0.0002,0.0002,0.0002,0.0001,0.0001
R?nion,Pre- and post- production,Emissions (CO2),kilotonnes,7.7605,8.2661,8.5753,9.184,9.5325,10.1018,10.5633,11.0148,11.3732,11.7218,12.1095,6.1308,6.2326,6.27,6.3755,6.5211,6.6475,6.7304,6.8134,6.8963,6.8963
R?nion,Pre- and post- production,Emissions (CO2eq) from CH4 (AR5),kilotonnes,0.9576,1.0192,1.0584,1.1312,1.1732,1.2432,1.302,1.358,1.4,1.4448,1.4924,0.756,0.7672,0.7728,0.784,0.8036,0.8204,0.8288,0.84,0.8512,0.8512
R?nion,Pre- and post- production,Emissions (CO2eq) from N2O (AR5),kilotonnes,0.053,0.053,0.053,0.053,0.0795,0.053,0.053,0.053,0.0795,0.0795,0.053,0.0265,0.053,0.053,0.053,0.0265,0.053,0.053,0.053,0.0265,0.0265
R?nion,Pre- and post- production,Emissions (CO2eq) (AR5),kilotonnes,8.7711,9.3383,9.6867,10.3682,10.7852,11.398,11.9183,12.4258,12.8527,13.2461,13.6549,6.9133,7.0528,7.0958,7.2125,7.3512,7.5209,7.6122,7.7064,7.774,7.774
R?nion,Agri-food systems,Emissions (CH4),kilotonnes,1.9617,2.0635,2.0994,2.1693,2.2653,2.3465,2.3568,2.2911,2.3492,2.285,2.0509,2.0549,2.0719,2.0141,2.1159,2.1408,2.1513,2.1637,2.178,2.1788,0.0473
R?nion,Agri-food systems,Emissions (N2O),kilotonnes,0.3454,0.3519,0.3609,0.3715,0.3806,0.3826,0.3913,0.3996,0.4093,0.4092,0.3938,0.3811,0.3867,0.3832,0.3961,0.4017,0.4101,0.4164,0.4208,0.4235,0.0199
R?nion,Agri-food systems,Emissions (CO2),kilotonnes,102.4219,112.2568,107.6188,102.4117,105.9622,107.3503,116.4457,128.6746,131.8067,139.3145,143.4581,75.2478,72.9794,74.266,73.7537,75.7796,77.4604,78.4509,79.4414,80.4319,80.4319
R?nion,Agri-food systems,Emissions (CO2eq) from CH4 (AR5),kilotonnes,54.9284,57.7781,58.7843,60.7413,63.4271,65.7033,65.9903,64.1498,65.777,63.9806,57.4264,57.5385,58.0122,56.3961,59.2438,59.9437,60.2357,60.5827,60.9851,61.0072,1.3252
R?nion,Agri-food systems,Emissions (CO2eq) from N2O (AR5),kilotonnes,91.5246,93.2427,95.6328,98.4404,100.8611,101.3916,103.6817,105.8905,108.4762,108.4351,104.3521,100.9904,102.4626,101.5565,104.9589,106.4486,108.6768,110.359,111.5028,112.2392,5.2655
R?nion,Agri-food systems,Emissions (CO2eq) (AR5),kilotonnes,248.8749,263.2776,262.0359,261.5935,270.2504,274.4452,286.1177,298.7148,306.0599,311.7303,305.2366,233.7766,233.4542,232.2186,237.9564,242.1719,246.373,249.3926,251.9293,253.6783,87.0226
R?nion,IPCC Agriculture,Emissions (CH4),kilotonnes,1.8921,1.9907,2.0254,2.0917,2.1858,2.2652,2.2744,2.201,2.2568,2.187,1.9494,2.0028,2.0235,1.9664,2.0694,2.094,2.1036,2.1161,2.1306,2.1315,0
R?nion,IPCC Agriculture,Direct emissions (N2O),kilotonnes,0.2242,0.228,0.2339,0.2421,0.2463,0.2517,0.2567,0.2598,0.2663,0.2638,0.2532,0.255,0.2621,0.2598,0.2687,0.2726,0.2793,0.2829,0.2864,0.2892,
R?nion,IPCC Agriculture,Indirect emissions (N2O),kilotonnes,0.0571,0.058,0.0594,0.0614,0.0625,0.0633,0.0643,0.0654,0.067,0.0665,0.0637,0.0641,0.0657,0.065,0.0672,0.0681,0.0697,0.0707,0.0714,0.072,
R?nion,IPCC Agriculture,Emissions (N2O),kilotonnes,0.3249,0.3301,0.3382,0.3507,0.3584,0.3597,0.3644,0.3707,0.3795,0.3774,0.3612,0.3646,0.3697,0.3656,0.3783,0.3833,0.3913,0.3972,0.4012,0.4037,0
R?nion,IPCC Agriculture,Emissions (CO2eq) from CH4 (AR5),kilotonnes,52.9795,55.7398,56.7117,58.5682,61.2021,63.425,63.6845,61.6272,63.1909,61.2366,54.5844,56.0789,56.6577,55.0588,57.943,58.6328,58.8995,59.252,59.6571,59.6819,0
R?nion,IPCC Agriculture,Emissions (CO2eq) from N2O (AR5),kilotonnes,86.1003,87.4708,89.6354,92.9325,94.9687,95.3307,96.5596,98.2407,100.5687,100.0033,95.7255,96.6261,97.971,96.8917,100.2372,101.5802,103.6854,105.2674,106.311,106.9737,0
R?nion,IPCC Agriculture,Emissions (CO2eq) (AR5),kilotonnes,139.0797,143.2106,146.3472,151.5008,156.1708,158.7558,160.2441,159.8679,163.7596,161.24,150.3099,152.705,154.6287,151.9504,158.1802,160.2131,162.5849,164.5194,165.9681,166.6557,0
R?nion,Agricultural Soils,Direct emissions (N2O),kilotonnes,0.2242,0.228,0.2339,0.2421,0.2463,0.2517,0.2567,0.2598,0.2663,0.2638,0.2532,0.255,0.2621,0.2598,0.2687,0.2726,0.2793,0.2829,0.2864,0.2892,
R?nion,Agricultural Soils,Indirect emissions (N2O),kilotonnes,0.0571,0.058,0.0594,0.0614,0.0625,0.0633,0.0643,0.0654,0.067,0.0665,0.0637,0.0641,0.0657,0.065,0.0672,0.0681,0.0697,0.0707,0.0714,0.072,
R?nion,Agricultural Soils,Emissions (N2O),kilotonnes,0.2812,0.286,0.2933,0.3035,0.3089,0.3149,0.321,0.3252,0.3332,0.3304,0.3169,0.3191,0.3277,0.3248,0.3359,0.3407,0.349,0.3536,0.3578,0.3612,0
R?nion,Agricultural Soils,Emissions (CO2eq) from N2O (AR5),kilotonnes,74.5311,75.7909,77.7222,80.4263,81.8466,83.4567,85.0524,86.1798,88.3067,87.5436,83.9895,84.5547,86.8476,86.0788,89.0025,90.2981,92.4806,93.7046,94.8295,95.7165,0
R?nion,Agricultural Soils,Emissions (CO2eq) (AR5),kilotonnes,74.5311,75.7909,77.7222,80.4263,81.8466,83.4567,85.0524,86.1798,88.3067,87.5436,83.9895,84.5547,86.8476,86.0788,89.0025,90.2981,92.4806,93.7046,94.8295,95.7165,0
R?nion,LULUCF,Emissions (CH4),kilotonnes,0.0004,0,0,0,0,0,0,0,0,0,0.0199,0.0372,0,0,0,0,0,0,0,0,0
R?nion,LULUCF,Emissions (N2O),kilotonnes,0,0,0,0,0,0,0,0,0,0,0.0018,0.0034,0,0,0,0,0,0,0,0,0
R?nion,LULUCF,Emissions (CO2),kilotonnes,-79.728,-79.728,-79.728,-79.728,-79.728,-79.728,-79.728,-79.728,-79.728,-79.728,-79.728,-108.24,-108.24,-108.24,-108.24,-108.24,-126.72,-126.72,-126.72,-126.72,-126.72
R?nion,LULUCF,Emissions (CO2eq) from CH4 (AR5),kilotonnes,0.0112,0,0,0,0,0,0,0,0,0,0.5559,1.0422,0,0,0,0,0,0,0,0,0
R?nion,LULUCF,Emissions (CO2eq) from N2O (AR5),kilotonnes,0.0058,0,0,0,0,0,0,0,0,0,0.4803,0.9006,0,0,0,0,0,0,0,0,0
R?nion,LULUCF,Emissions (CO2eq) (AR5),kilotonnes,-79.7109,-79.728,-79.728,-79.728,-79.728,-79.728,-79.728,-79.728,-79.728,-79.728,-78.6918,-106.2971,-108.24,-108.24,-108.24,-108.24,-126.72,-126.72,-126.72,-126.72,-126.72
R?nion,AFOLU,Emissions (CH4),kilotonnes,1.8925,1.9907,2.0254,2.0917,2.1858,2.2652,2.2744,2.201,2.2568,2.187,1.9693,2.04,2.0235,1.9664,2.0694,2.094,2.1036,2.1161,2.1306,2.1315,0
R?nion,AFOLU,Emissions (N2O),kilotonnes,0.3249,0.3301,0.3382,0.3507,0.3584,0.3597,0.3644,0.3707,0.3795,0.3774,0.363,0.368,0.3697,0.3656,0.3783,0.3833,0.3913,0.3972,0.4012,0.4037,0
R?nion,AFOLU,Emissions (CO2),kilotonnes,-79.728,-79.728,-79.728,-79.728,-79.728,-79.728,-79.728,-79.728,-79.728,-79.728,-79.728,-108.24,-108.24,-108.24,-108.24,-108.24,-126.72,-126.72,-126.72,-126.72,-126.72
R?nion,AFOLU,Emissions (CO2eq) from CH4 (AR5),kilotonnes,52.9907,55.7398,56.7117,58.5682,61.2021,63.425,63.6845,61.6272,63.1909,61.2366,55.1403,57.1211,56.6577,55.0588,57.943,58.6328,58.8995,59.252,59.6571,59.6819,0
R?nion,AFOLU,Emissions (CO2eq) from N2O (AR5),kilotonnes,86.1061,87.4708,89.6354,92.9325,94.9687,95.3307,96.5596,98.2407,100.5687,100.0033,96.2059,97.5267,97.971,96.8917,100.2372,101.5802,103.6854,105.2674,106.311,106.9737,0
R?nion,AFOLU,Emissions (CO2eq) (AR5),kilotonnes,59.3688,63.4826,66.6192,71.7728,76.4428,79.0278,80.5161,80.1399,84.0316,81.512,71.6181,46.4079,46.3887,43.7104,49.9402,51.9731,35.8649,37.7994,39.2481,39.9357,-126.72
R?nion,All sectors with LULUCF,Emissions (CH4),kilotonnes,1.8925,1.9907,2.0254,2.0917,2.1858,2.2652,2.2744,2.201,2.2568,2.187,1.9693,2.04,2.0235,1.9664,2.0694,2.094,2.1036,2.1161,2.1306,2.1315,0
R?nion,All sectors with LULUCF,Emissions (N2O),kilotonnes,0.3249,0.3301,0.3382,0.3507,0.3584,0.3597,0.3644,0.3707,0.3795,0.3774,0.363,0.368,0.3697,0.3656,0.3783,0.3833,0.3913,0.3972,0.4012,0.4037,0
R?nion,All sectors with LULUCF,Emissions (CO2),kilotonnes,-79.728,-79.728,-79.728,-79.728,-79.728,-79.728,-79.728,-79.728,-79.728,-79.728,-79.728,-108.24,-108.24,-108.24,-108.24,-108.24,-126.72,-126.72,-126.72,-126.72,-126.72
R?nion,All sectors with LULUCF,Emissions (CO2eq) from CH4 (AR5),kilotonnes,52.9907,55.7398,56.7117,58.5682,61.2021,63.425,63.6845,61.6272,63.1909,61.2366,55.1403,57.1211,56.6577,55.0588,57.943,58.6328,58.8995,59.252,59.6571,59.6819,0
R?nion,All sectors with LULUCF,Emissions (CO2eq) from N2O (AR5),kilotonnes,86.1061,87.4708,89.6354,92.9325,94.9687,95.3307,96.5596,98.2407,100.5687,100.0033,96.2059,97.5267,97.971,96.8917,100.2372,101.5802,103.6854,105.2674,106.311,106.9737,0
R?nion,All sectors with LULUCF,Emissions (CO2eq) (AR5),kilotonnes,59.3688,63.4826,66.6192,71.7728,76.4428,79.0278,80.5161,80.1399,84.0316,81.512,71.6181,46.4079,46.3887,43.7104,49.9402,51.9731,35.8649,37.7994,39.2481,39.9357,-126.72
R?nion,All sectors without LULUCF,Emissions (CH4),kilotonnes,1.8921,1.9907,2.0254,2.0917,2.1858,2.2652,2.2744,2.201,2.2568,2.187,1.9494,2.0028,2.0235,1.9664,2.0694,2.094,2.1036,2.1161,2.1306,2.1315,0
R?nion,All sectors without LULUCF,Emissions (N2O),kilotonnes,0.3249,0.3301,0.3382,0.3507,0.3584,0.3597,0.3644,0.3707,0.3795,0.3774,0.3612,0.3646,0.3697,0.3656,0.3783,0.3833,0.3913,0.3972,0.4012,0.4037,0
R?nion,All sectors without LULUCF,Emissions (CO2eq) from CH4 (AR5),kilotonnes,52.9795,55.7398,56.7117,58.5682,61.2021,63.425,63.6845,61.6272,63.1909,61.2366,54.5844,56.0789,56.6577,55.0588,57.943,58.6328,58.8995,59.252,59.6571,59.6819,0
R?nion,All sectors without LULUCF,Emissions (CO2eq) from N2O (AR5),kilotonnes,86.1003,87.4708,89.6354,92.9325,94.9687,95.3307,96.5596,98.2407,100.5687,100.0033,95.7255,96.6261,97.971,96.8917,100.2372,101.5802,103.6854,105.2674,106.311,106.9737,0
R?nion,All sectors without LULUCF,Emissions (CO2eq) (AR5),kilotonnes,139.0797,143.2106,146.3472,151.5008,156.1708,158.7558,160.2441,159.8679,163.7596,161.24,150.3099,152.705,154.6287,151.9504,158.1802,160.2131,162.5849,164.5194,165.9681,166.6557,0
Romania,Crop Residues,Direct emissions (N2O),kilotonnes,2.1204,3.4115,2.6245,2.2794,4.0792,3.4292,2.8418,1.6566,3.0294,2.6783,2.9152,3.5131,2.4118,3.5142,3.6882,3.3921,3.7111,4.4551,4.9906,4.8763,3.308
Romania,Crop Residues,Direct emissions (N2O),kilotonnes,5.0698,6.9524,6.5584,6.4569,6.6869,6.6998,6.5525,4.3258,6.232,5.9642,6.4002,7.1189,5.2941,7.0841,7.5557,6.7581,7.0713,8.301,9.0872,8.4944,6.5158
Romania,Crop Residues,Indirect emissions (N2O),kilotonnes,0.4771,0.7676,0.5905,0.5129,0.9178,0.7716,0.6394,0.3727,0.6816,0.6026,0.6559,0.7905,0.5427,0.7907,0.8298,0.7632,0.835,1.0024,1.1229,1.0972,0.7443
Romania,Crop Residues,Emissions (N2O),kilotonnes,2.5974,4.179,3.215,2.7922,4.997,4.2007,3.4813,2.0293,3.711,3.2809,3.5711,4.3036,2.9544,4.3049,4.5181,4.1553,4.5462,5.4575,6.1135,5.9735,4.0523
Romania,Crop Residues,Emissions (N2O),kilotonnes,5.0698,6.9524,6.5584,6.4569,6.6869,6.6998,6.5525,4.3258,6.232,5.9642,6.4002,7.1189,5.2941,7.0841,7.5557,6.7581,7.0713,8.301,9.0872,8.4944,6.5158
Romania,Crop Residues,Emissions (CO2eq) from N2O (AR5),kilotonnes,688.3218,1107.4472,851.9786,739.9425,1324.2142,1113.189,922.5349,537.7649,983.4126,869.451,946.3334,1140.4554,782.9236,1140.79,1197.2834,1101.1536,1204.732,1446.2339,1620.085,1582.9773,1073.8501
Romania,Crop Residues,Emissions (CO2eq) from N2O (AR5),kilotonnes,1343.5065,1842.3891,1737.9817,1711.0654,1772.0313,1775.4371,1736.4087,1146.3469,1651.4841,1580.5036,1696.0593,1886.5197,1402.9481,1877.2836,2002.2726,1790.9009,1873.8949,2199.7775,2408.1145,2251.0172,1726.686
Romania,Crop Residues,Emissions (CO2eq) (AR5),kilotonnes,688.3218,1107.4472,851.9786,739.9425,1324.2142,1113.189,922.5349,537.7649,983.4126,869.451,946.3334,1140.4554,782.9236,1140.79,1197.2834,1101.1536,1204.732,1446.2339,1620.085,1582.9773,1073.8501
Romania,Crop Residues,Emissions (CO2eq) (AR5),kilotonnes,1343.5065,1842.3891,1737.9817,1711.0654,1772.0313,1775.4371,1736.4087,1146.3469,1651.4841,1580.5036,1696.0593,1886.5197,1402.9481,1877.2836,2002.2726,1790.9009,1873.8949,2199.7775,2408.1145,2251.0172,1726.686
Romania,Rice Cultivation,Emissions (CH4),kilotonnes,0.376,0.3234,0.1302,0.0294,0.3469,0.9503,1.5632,2.2646,2.7768,3.7369,3.4728,3.5479,3.1651,3.2421,3.5613,3.0988,2.6418,2.555,2.31,2.0804,1.68
Romania,Rice Cultivation,Emissions (CH4),kilotonnes,0.1796,0.1364,0.0567,0.0128,0.1734,0.545,0.762,1.1419,1.5088,2.087,1.8909,1.954,1.6733,1.7748,1.7647,1.6417,1.408,1.3723,1.2803,1.1614,0.8495
Romania,Rice Cultivation,Emissions (CO2eq) from CH4 (AR5),kilotonnes,10.5291,9.0552,3.6456,0.8232,9.7138,26.609,43.7707,63.4099,77.7493,104.6326,97.2395,99.3406,88.6234,90.7794,99.717,86.7653,73.9704,71.54,64.68,58.2512,47.04
Romania,Rice Cultivation,Emissions (CO2eq) from CH4 (AR5),kilotonnes,5.0274,3.819,1.5877,0.3589,4.8555,15.2607,21.336,31.972,42.2475,58.4372,52.9458,54.7132,46.8526,49.6945,49.4115,45.9683,39.423,38.4235,35.8472,32.5179,23.7866
Romania,Rice Cultivation,Emissions (CO2eq) (AR5),kilotonnes,10.5291,9.0552,3.6456,0.8232,9.7138,26.609,43.7707,63.4099,77.7493,104.6326,97.2395,99.3406,88.6234,90.7794,99.717,86.7653,73.9704,71.54,64.68,58.2512,47.04
Romania,Rice Cultivation,Emissions (CO2eq) (AR5),kilotonnes,5.0274,3.819,1.5877,0.3589,4.8555,15.2607,21.336,31.972,42.2475,58.4372,52.9458,54.7132,46.8526,49.6945,49.4115,45.9683,39.423,38.4235,35.8472,32.5179,23.7866
Romania,Burning - Crop residues,Emissions (CH4),kilotonnes,9.8052,10.6288,9.776,9.9456,11.0577,9.6936,8.945,8.1645,8.8479,8.6321,7.9976,9.1055,9.5182,9.0744,9.0573,9.3034,9.2822,8.7183,8.8964,9.5941,9.7094
Romania,Burning - Crop residues,Emissions (CH4),kilotonnes,40.9187,26.1267,30.3372,33.8468,21.7483,21.1154,21.6169,39.7908,20.0012,21.8493,16.8387,17.039,30.3092,17.1142,16.1882,19.3588,17.0853,12.1013,10.7893,12.9837,20.9174
Romania,Burning - Crop residues,Emissions (N2O),kilotonnes,0.2542,0.2756,0.2535,0.2578,0.2867,0.2513,0.2319,0.2117,0.2294,0.2238,0.2073,0.2361,0.2468,0.2353,0.2348,0.2412,0.2406,0.226,0.2306,0.2487,0.2517
Romania,Burning - Crop residues,Emissions (N2O),kilotonnes,1.2503,0.7983,0.927,1.0342,0.6645,0.6452,0.6605,1.2158,0.6111,0.6676,0.5145,0.5206,0.9261,0.5229,0.4946,0.5915,0.5221,0.3698,0.3297,0.3967,0.6391
Romania,Burning - Crop residues,Emissions (CO2eq) from CH4 (AR5),kilotonnes,274.5447,297.6052,273.7292,278.4756,309.616,271.4213,250.4596,228.6066,247.7423,241.6978,223.9332,254.9542,266.5104,254.0845,253.6032,260.4947,259.9002,244.1111,249.098,268.6344,271.8633
Romania,Burning - Crop residues,Emissions (CO2eq) from CH4 (AR5),kilotonnes,1145.7236,731.5475,849.442,947.7106,608.9513,591.23,605.2729,1114.1412,560.0341,611.7811,471.4835,477.0922,848.6571,479.1966,453.2685,542.0468,478.3887,338.8373,302.1001,363.544,585.6879
Romania,Burning - Crop residues,Emissions (CO2eq) from N2O (AR5),kilotonnes,67.3651,73.0235,67.165,68.3297,75.9706,66.5987,61.4554,56.0933,60.7886,59.3055,54.9466,62.5582,65.3937,62.3448,62.2267,63.9177,63.7718,59.8976,61.1213,65.9149,66.7072
Romania,Burning - Crop residues,Emissions (CO2eq) from N2O (AR5),kilotonnes,331.3278,211.5537,245.6472,274.0651,176.1005,170.9758,175.0367,322.1946,161.9543,176.9188,136.3467,137.9686,245.4202,138.5772,131.0791,156.7526,138.3436,97.9872,87.3633,105.132,169.373
Romania,Burning - Crop residues,Emissions (CO2eq) (AR5),kilotonnes,341.9099,370.6287,340.8943,346.8052,385.5866,338.02,311.915,284.6999,308.5309,301.0033,278.8798,317.5125,331.9041,316.4292,315.8299,324.4124,323.6721,304.0087,310.2193,334.5493,338.5706
Romania,Burning - Crop residues,Emissions (CO2eq) (AR5),kilotonnes,1477.0514,943.1012,1095.0891,1221.7758,785.0518,762.2058,780.3096,1436.3358,721.9884,788.6999,607.8302,615.0609,1094.0773,617.7737,584.3476,698.7994,616.7323,436.8245,389.4634,468.676,755.061
Romania,Enteric Fermentation,Emissions (CH4),kilotonnes,338.604,322.8535,314.5178,321.7516,321.6375,315.9935,323.532,328.6625,326.6756,317.285,305.2711,258.1961,256.8572,259.6943,262.8118,269.2516,272.6123,270.9195,266.8523,263.9422,263.6842
Romania,Enteric Fermentation,Emissions (CH4),kilotonnes,357.453,349.9294,360.0553,365.9251,361.3493,367.2907,375.4137,370.3938,359.7788,343.0743,291.9438,291.6536,292.4965,296.2881,304.2305,305.9753,304.7783,298.4424,296.6252,293.1345,289.0663
Romania,Enteric Fermentation,Emissions (CO2eq) from CH4 (AR5),kilotonnes,9480.912,9039.898,8806.4984,9009.0441,9005.85,8847.818,9058.896,9202.55,9146.9176,8883.98,8547.5909,7229.4922,7192.0012,7271.4406,7358.7307,7539.0458,7633.1447,7585.7469,7471.8636,7390.3813,7383.1574
Romania,Enteric Fermentation,Emissions (CO2eq) from CH4 (AR5),kilotonnes,10008.6845,9798.0245,10081.5475,10245.902,10117.7815,10284.141,10511.5844,10371.026,10073.8065,9606.0793,8174.426,8166.3,8189.9015,8296.0671,8518.4541,8567.3079,8533.7924,8356.3871,8305.5045,8207.7656,8093.8575
Romania,Enteric Fermentation,Emissions (CO2eq) (AR5),kilotonnes,9480.912,9039.898,8806.4984,9009.0441,9005.85,8847.818,9058.896,9202.55,9146.9176,8883.98,8547.5909,7229.4922,7192.0012,7271.4406,7358.7307,7539.0458,7633.1447,7585.7469,7471.8636,7390.3813,7383.1574
Romania,Enteric Fermentation,Emissions (CO2eq) (AR5),kilotonnes,10008.6845,9798.0245,10081.5475,10245.902,10117.7815,10284.141,10511.5844,10371.026,10073.8065,9606.0793,8174.426,8166.3,8189.9015,8296.0671,8518.4541,8567.3079,8533.7924,8356.3871,8305.5045,8207.7656,8093.8575
Romania,Manure Management,Emissions (CH4),kilotonnes,60.2216,56.2221,54.9499,57.9732,60.9541,67.1996,67.5369,68.7503,65.5157,62.9447,60.1825,54.7042,54.2452,53.7817,53.7766,52.0688,51.5618,49.688,45.9258,45.5431,45.1817
Romania,Manure Management,Emissions (CH4),kilotonnes,25.3964,28.5214,33.3704,36.0604,40.0328,37.9103,45.899,41.8892,39.4933,36.5847,31.165,30.5845,29.9694,29.8248,29.5404,29.1014,28.5663,27.2025,25.7981,25.4272,25.0021
Romania,Manure Management,Emissions (N2O),kilotonnes,3.1627,2.9348,2.8473,2.9853,3.0031,3.1619,3.2217,3.2807,3.1923,3.0768,2.9378,2.5615,2.5412,2.5426,2.5519,2.5564,2.5707,2.515,2.3385,2.3062,2.2933
Romania,Manure Management,Emissions (N2O),kilotonnes,2.8783,3.0223,3.2856,3.5375,4.0813,4.3367,4.4311,4.4498,4.4381,4.2344,3.7996,3.7698,3.7864,3.8069,3.8209,3.8655,3.8055,3.6938,3.6167,3.6124,3.5482
Romania,Manure Management,Emissions (CO2eq) from CH4 (AR5),kilotonnes,1686.2047,1574.2184,1538.5959,1623.2494,1706.7142,1881.5895,1891.0326,1925.0096,1834.4409,1762.4519,1685.1099,1531.7168,1518.8646,1505.8875,1505.745,1457.927,1443.7306,1391.2643,1285.9236,1275.206,1265.0879
Romania,Manure Management,Emissions (CO2eq) from CH4 (AR5),kilotonnes,711.0994,798.6004,934.3706,1009.6922,1120.9182,1061.4874,1285.171,1172.8967,1105.8118,1024.3711,872.6198,856.3652,839.1437,835.093,827.1311,814.8396,799.8576,761.6699,722.3471,711.9603,700.0586
Romania,Manure Management,Emissions (CO2eq) from N2O (AR5),kilotonnes,838.1277,777.7337,754.5405,791.1168,795.8136,837.9112,853.7389,869.3823,845.9478,815.3483,778.5254,678.7965,673.4102,673.7997,676.2506,677.4539,681.2303,666.4724,619.7054,611.1465,607.7215
Romania,Manure Management,Emissions (CO2eq) from N2O (AR5),kilotonnes,762.7458,800.9074,870.6938,937.4347,1081.5392,1149.2165,1174.2509,1179.1962,1176.0907,1122.1223,1006.8901,998.9984,1003.3932,1008.8274,1012.5391,1024.3447,1008.4452,978.8442,958.4175,957.2755,940.2598
Romania,Manure Management,Emissions (CO2eq) (AR5),kilotonnes,2524.3324,2351.952,2293.1363,2414.3662,2502.5278,2719.5007,2744.7715,2794.3919,2680.3888,2577.8001,2463.6353,2210.5133,2192.2748,2179.6872,2181.9955,2135.3809,2124.9609,2057.7367,1905.629,1886.3526,1872.8094
Romania,Manure Management,Emissions (CO2eq) (AR5),kilotonnes,1473.8452,1599.5077,1805.0644,1947.1269,2202.4574,2210.7039,2459.4218,2352.0929,2281.9025,2146.4934,1879.5099,1855.3635,1842.5369,1843.9205,1839.6702,1839.1842,1808.3028,1740.5141,1680.7646,1669.2359,1640.3184
Romania,Manure left on Pasture,Direct emissions (N2O),kilotonnes,3.258,3.1157,3.0122,3.0888,3.1362,3.0652,3.1247,3.1534,3.3253,3.3346,3.2942,2.9736,2.9786,3.0339,3.0903,3.1887,3.2432,3.2625,3.2825,3.2922,3.2998
Romania,Manure left on Pasture,Indirect emissions (N2O),kilotonnes,1.1487,1.1003,1.061,1.088,1.1081,1.084,1.1046,1.1118,1.194,1.2085,1.2039,1.1062,1.1096,1.1319,1.1549,1.1934,1.2149,1.226,1.2388,1.2468,1.2508
Romania,Manure left on Pasture,Emissions (N2O),kilotonnes,4.4067,4.216,4.0732,4.1768,4.2443,4.1492,4.2292,4.2652,4.5192,4.5431,4.4981,4.0797,4.0882,4.1659,4.2452,4.3822,4.4581,4.4886,4.5213,4.539,4.5506
Romania,Manure left on Pasture,Emissions (CO2eq) from N2O (AR5),kilotonnes,1167.7635,1117.2285,1079.39,1106.852,1124.7484,1099.5457,1120.7468,1130.2749,1197.6008,1203.9105,1192.0079,1081.1334,1083.3827,1103.9555,1124.9675,1161.2781,1181.3928,1189.4691,1198.141,1202.8443,1205.9214
Romania,Manure left on Pasture,Emissions (CO2eq) (AR5),kilotonnes,1167.7635,1117.2285,1079.39,1106.852,1124.7484,1099.5457,1120.7468,1130.2749,1197.6008,1203.9105,1192.0079,1081.1334,1083.3827,1103.9555,1124.9675,1161.2781,1181.3928,1189.4691,1198.141,1202.8443,1205.9214
Romania,Manure applied to Soils,Direct emissions (N2O),kilotonnes,3.6312,3.3843,3.286,3.4493,3.4914,3.698,3.7542,3.8123,3.7438,3.6534,3.5224,3.1328,3.1156,3.1275,3.1443,3.142,3.1727,3.1065,2.8928,2.8706,2.8601
Romania,Manure applied to Soils,Direct emissions (N2O),kilotonnes,3.9458,3.8573,4.0134,4.1751,4.3501,4.5331,4.563,4.483,4.2953,4.174,3.6209,3.5696,3.5605,3.5834,3.6248,3.6339,3.639,3.5159,3.4252,3.3846,3.3418
Romania,Manure applied to Soils,Indirect emissions (N2O),kilotonnes,1.5433,1.4383,1.3965,1.466,1.4839,1.5717,1.5955,1.6202,1.5911,1.5527,1.497,1.3314,1.3241,1.3292,1.3363,1.3353,1.3484,1.3202,1.2294,1.22,1.2156
Romania,Manure applied to Soils,Emissions (N2O),kilotonnes,5.1745,4.8226,4.6825,4.9153,4.9753,5.2697,5.3497,5.4326,5.335,5.2061,5.0195,4.4642,4.4398,4.4567,4.4806,4.4773,4.521,4.4267,4.1223,4.0907,4.0757
Romania,Manure applied to Soils,Emissions (N2O),kilotonnes,3.9458,3.8573,4.0134,4.1751,4.3501,4.5331,4.563,4.483,4.2953,4.174,3.6209,3.5696,3.5605,3.5834,3.6248,3.6339,3.639,3.5159,3.4252,3.3846,3.3418
Romania,Manure applied to Soils,Emissions (CO2eq) from N2O (AR5),kilotonnes,1371.2365,1277.9888,1240.874,1302.5587,1318.448,1396.4743,1417.6783,1439.6312,1413.7711,1379.6127,1330.1605,1183.0148,1176.5444,1181.0347,1187.3676,1186.4868,1198.0723,1173.0794,1092.3976,1084.0234,1080.0629
Romania,Manure applied to Soils,Emissions (CO2eq) from N2O (AR5),kilotonnes,1045.6287,1022.1946,1063.5585,1106.3913,1152.769,1201.2635,1209.1876,1187.9993,1138.2455,1106.1109,959.5322,945.9314,943.5441,949.6017,960.5833,962.9721,964.3334,931.7257,907.6872,896.9302,885.5901
Romania,Manure applied to Soils,Emissions (CO2eq) (AR5),kilotonnes,1371.2365,1277.9888,1240.874,1302.5587,1318.448,1396.4743,1417.6783,1439.6312,1413.7711,1379.6127,1330.1605,1183.0148,1176.5444,1181.0347,1187.3676,1186.4868,1198.0723,1173.0794,1092.3976,1084.0234,1080.0629
Romania,Manure applied to Soils,Emissions (CO2eq) (AR5),kilotonnes,1045.6287,1022.1946,1063.5585,1106.3913,1152.769,1201.2635,1209.1876,1187.9993,1138.2455,1106.1109,959.5322,945.9314,943.5441,949.6017,960.5833,962.9721,964.3334,931.7257,907.6872,896.9302,885.5901
Romania,Synthetic Fertilizers,Direct emissions (N2O),kilotonnes,3.7601,4.2188,3.7568,3.9622,4.2449,4.7016,3.9632,4.1719,4.3982,4.6523,4.8048,4.9238,4.5566,5.4131,4.7703,5.6155,5.4106,5.9925,7.3643,7.1651,7.3683
Romania,Synthetic Fertilizers,Direct emissions (N2O),kilotonnes,3.7601,4.2188,3.7568,3.9622,4.2449,4.7016,3.9632,4.1719,4.3982,4.6523,4.8048,4.9238,4.5566,5.4057,4.7614,5.61,5.4106,5.9925,7.3643,7.1651,7.3683
Romania,Synthetic Fertilizers,Indirect emissions (N2O),kilotonnes,1.222,1.3711,1.221,1.2877,1.3796,1.528,1.288,1.3559,1.4294,1.512,1.5615,1.6002,1.4809,1.7592,1.5503,1.825,1.7584,1.9476,2.3934,2.3287,2.3947
Romania,Synthetic Fertilizers,Emissions (N2O),kilotonnes,4.9821,5.5899,4.9778,5.2499,5.6245,6.2297,5.2512,5.5278,5.8276,6.1643,6.3663,6.524,6.0374,7.1723,6.3206,7.4406,7.169,7.9401,9.7577,9.4938,9.763
Romania,Synthetic Fertilizers,Emissions (N2O),kilotonnes,3.7601,4.2188,3.7568,3.9622,4.2449,4.7016,3.9632,4.1719,4.3982,4.6523,4.8048,4.9238,4.5566,5.4057,4.7614,5.61,5.4106,5.9925,7.3643,7.1651,7.3683
Romania,Synthetic Fertilizers,Emissions (CO2eq) from N2O (AR5),kilotonnes,1320.2646,1481.3256,1319.1169,1391.222,1490.496,1650.8618,1391.5641,1464.8719,1544.321,1633.5363,1687.0688,1728.8708,1599.9226,1900.6637,1674.9575,1971.7535,1899.7974,2104.1226,2585.7994,2515.8628,2587.1898
Romania,Synthetic Fertilizers,Emissions (CO2eq) from N2O (AR5),kilotonnes,996.4261,1117.9816,995.5599,1049.9788,1124.9027,1245.9335,1050.237,1105.5637,1165.5253,1232.8576,1273.2595,1304.8081,1207.4888,1432.5143,1261.7786,1486.65,1433.8094,1588.017,1951.5467,1898.7644,1952.5961
Romania,Synthetic Fertilizers,Emissions (CO2eq) (AR5),kilotonnes,1320.2646,1481.3256,1319.1169,1391.222,1490.496,1650.8618,1391.5641,1464.8719,1544.321,1633.5363,1687.0688,1728.8708,1599.9226,1900.6637,1674.9575,1971.7535,1899.7974,2104.1226,2585.7994,2515.8628,2587.1898
Romania,Synthetic Fertilizers,Emissions (CO2eq) (AR5),kilotonnes,996.4261,1117.9816,995.5599,1049.9788,1124.9027,1245.9335,1050.237,1105.5637,1165.5253,1232.8576,1273.2595,1304.8081,1207.4888,1432.5143,1261.7786,1486.65,1433.8094,1588.017,1951.5467,1898.7644,1952.5961
Romania,Drained organic soils,Emissions (CO2eq) (AR5),kilotonnes,638.5592,641.1013,641.1013,640.8489,634.5076,634.5076,638.3659,638.2353,638.2353,639.2006,639.8345,639.8345,641.4251,639.3721,639.3721,637.3193,637.3193,637.3193,635.5277,651.8453,651.8453
Romania,Drained organic soils,Emissions (CO2eq) (AR5),kilotonnes,21.2778,21.2778,21.2778,21.2778,21.2778,21.2778,21.2778,21.2778,21.2778,21.2778,21.2778,21.2778,21.2778,21.2778,21.2778,21.2778,21.2778,21.2778,21.2778,21.2778,21.2778
Romania,Drained organic soils (CO2),Emissions (CO2),kilotonnes,540.2823,542.495,542.495,542.2777,536.9203,536.9203,540.2322,540.0749,540.0749,540.9588,541.5399,541.5399,542.9014,541.1669,541.1669,539.4327,539.4327,539.4327,537.9181,551.8901,551.8901
Romania,Drained organic soils (CO2),Emissions (CO2eq) (AR5),kilotonnes,540.2823,542.495,542.495,542.2777,536.9203,536.9203,540.2322,540.0749,540.0749,540.9588,541.5399,541.5399,542.9014,541.1669,541.1669,539.4327,539.4327,539.4327,537.9181,551.8901,551.8901
Romania,Drained organic soils (N2O),Emissions (N2O),kilotonnes,0.3709,0.3721,0.3721,0.372,0.3683,0.3683,0.3703,0.3704,0.3704,0.3707,0.3709,0.3709,0.3718,0.3706,0.3706,0.3694,0.3694,0.3694,0.3683,0.3772,0.3772
Romania,Drained organic soils (N2O),Emissions (N2O),kilotonnes,0.0803,0.0803,0.0803,0.0803,0.0803,0.0803,0.0803,0.0803,0.0803,0.0803,0.0803,0.0803,0.0803,0.0803,0.0803,0.0803,0.0803,0.0803,0.0803,0.0803,0.0803
Romania,Drained organic soils (N2O),Emissions (CO2eq) from N2O (AR5),kilotonnes,98.277,98.6063,98.6063,98.5712,97.5873,97.5873,98.1337,98.1604,98.1604,98.2418,98.2946,98.2946,98.5237,98.2051,98.2051,97.8866,97.8866,97.8866,97.6097,99.9552,99.9552
Romania,Drained organic soils (N2O),Emissions (CO2eq) from N2O (AR5),kilotonnes,21.2778,21.2778,21.2778,21.2778,21.2778,21.2778,21.2778,21.2778,21.2778,21.2778,21.2778,21.2778,21.2778,21.2778,21.2778,21.2778,21.2778,21.2778,21.2778,21.2778,21.2778
Romania,Drained organic soils (N2O),Emissions (CO2eq) (AR5),kilotonnes,98.277,98.6063,98.6063,98.5712,97.5873,97.5873,98.1337,98.1604,98.1604,98.2418,98.2946,98.2946,98.5237,98.2051,98.2051,97.8866,97.8866,97.8866,97.6097,99.9552,99.9552
Romania,Drained organic soils (N2O),Emissions (CO2eq) (AR5),kilotonnes,21.2778,21.2778,21.2778,21.2778,21.2778,21.2778,21.2778,21.2778,21.2778,21.2778,21.2778,21.2778,21.2778,21.2778,21.2778,21.2778,21.2778,21.2778,21.2778,21.2778,21.2778
Romania,On-farm energy use,Emissions (CH4),kilotonnes,0.1002,0.0508,0.0469,0.0427,0.0731,0.071,0.0949,0.0603,0.0666,0.0742,0.0808,0.0895,0.1246,0.0935,0.0821,0.106,0.0895,0.102,0.119,0.1264,0.1264
Romania,On-farm energy use,Emissions (N2O),kilotonnes,0.2988,0.2046,0.1825,0.1481,0.1532,0.1359,0.1724,0.1434,0.1362,0.2332,0.2382,0.3044,0.3654,0.3009,0.297,0.3173,0.3377,0.3403,0.4204,0.4451,0.4451
Romania,On-farm energy use,Emissions (CO2),kilotonnes,872.4393,587.7601,572.8329,460.3005,512.1793,470.4542,580.3052,472.1938,594.8174,875.3358,893.7283,1000.4525,1192.7498,988.3661,956.3623,1052.6408,1097.3649,1205.023,1430.9295,1525.843,1525.843
Romania,On-farm energy use,Emissions (CO2eq) from CH4 (AR5),kilotonnes,2.806,1.4222,1.3126,1.1948,2.0462,1.9893,2.6561,1.6887,1.8652,2.077,2.2622,2.5056,3.4881,2.6192,2.2996,2.9694,2.5068,2.8571,3.3317,3.5381,3.5381
Romania,On-farm energy use,Emissions (CO2eq) from N2O (AR5),kilotonnes,79.1946,54.2229,48.3533,39.2387,40.5925,36.0135,45.6738,38.0021,36.0858,61.7982,63.1301,80.6682,96.8282,79.7504,78.7156,84.08,89.4845,90.1878,111.4025,117.9399,117.9399
Romania,On-farm energy use,Emissions (CO2eq) (AR5),kilotonnes,954.4398,643.4053,622.4988,500.734,554.818,508.457,628.6351,511.8846,632.7683,939.211,959.1206,1083.6263,1293.0661,1070.7358,1037.3775,1139.6902,1189.3563,1298.068,1545.6637,1647.321,1647.321
Romania,Forestland,Emissions (CO2),kilotonnes,0,-3278,-3278,-3278,-3278,-3278,-3278,-3278,-3278,-3278,-3278,-287048.9424,-287048.9424,-287048.9424,-287048.9424,-287048.9424,-28562.1813,-28562.1813,-28562.1813,-28562.1813,-28562.1813
Romania,Forestland,Emissions (CO2),kilotonnes,-29168.9262,-30123.2041,-27517.2708,-27207.6542,-26551.7752,-28215.7231,-28196.6236,-27129.0488,-27576.3764,-27841.7573,-27457.1567,-25798.8458,-25160.8013,-25018.5401,-26345.0265,-25973.2622,-26854.6312,-25601.2873,-24347.7894,-24865.206,-24341.6399
Romania,Forestland,Emissions (CO2eq) (AR5),kilotonnes,0,-3278,-3278,-3278,-3278,-3278,-3278,-3278,-3278,-3278,-3278,-287048.9424,-287048.9424,-287048.9424,-287048.9424,-287048.9424,-28562.1813,-28562.1813,-28562.1813,-28562.1813,-28562.1813
Romania,Forestland,Emissions (CO2eq) (AR5),kilotonnes,-29168.9262,-30123.2041,-27517.2708,-27207.6542,-26551.7752,-28215.7231,-28196.6236,-27129.0488,-27576.3764,-27841.7573,-27457.1567,-25798.8458,-25160.8013,-25018.5401,-26345.0265,-25973.2622,-26854.6312,-25601.2873,-24347.7894,-24865.206,-24341.6399
Romania,Net Forest conversion,Emissions (CO2),kilotonnes,110,0,0,0,0,0,0,0,0,0,0,1343.32,1343.32,1343.32,1343.32,1343.32,5094.1748,5094.1748,5094.1748,5094.1748,5094.1748
Romania,Net Forest conversion,Emissions (CO2),kilotonnes,811.3513,805.2995,783.1872,777.7523,780.8997,785.8195,837.6487,830.7666,847.8588,858.7943,866.0356,872.5241,811.5662,810.0549,812.7472,941.8236,946.9455,990.1235,992.5881,995.9908,986.8575
Romania,Net Forest conversion,Emissions (CO2eq) (AR5),kilotonnes,110,0,0,0,0,0,0,0,0,0,0,1343.32,1343.32,1343.32,1343.32,1343.32,5094.1748,5094.1748,5094.1748,5094.1748,5094.1748
Romania,Net Forest conversion,Emissions (CO2eq) (AR5),kilotonnes,811.3513,805.2995,783.1872,777.7523,780.8997,785.8195,837.6487,830.7666,847.8588,858.7943,866.0356,872.5241,811.5662,810.0549,812.7472,941.8236,946.9455,990.1235,992.5881,995.9908,986.8575
Romania,Savanna fires,Emissions (CH4),kilotonnes,0.0088,0.0168,0.0904,0.097,0.0579,0.0312,0.1255,0.2485,0.0836,0.1164,0.0276,0.5976,0.7726,0.0559,0.0547,0.0498,0.0177,0.2382,0.0344,0.2893,0.1864
Romania,Savanna fires,Emissions (N2O),kilotonnes,0.0008,0.0015,0.0083,0.0089,0.0053,0.0028,0.0115,0.0227,0.0076,0.0106,0.0025,0.0546,0.0705,0.0051,0.005,0.0045,0.0016,0.0218,0.0031,0.0264,0.017
Romania,Savanna fires,Emissions (CO2eq) from CH4 (AR5),kilotonnes,0.246,0.4714,2.5322,2.7163,1.6221,0.8732,3.5154,6.9576,2.3413,3.2584,0.772,16.7336,21.6334,1.564,1.5316,1.3937,0.4968,6.671,0.9626,8.1014,5.22
Romania,Savanna fires,Emissions (CO2eq) from N2O (AR5),kilotonnes,0.2128,0.4074,2.1881,2.3473,1.4017,0.7545,3.0377,6.0123,2.0232,2.8156,0.6671,14.46,18.6941,1.3515,1.3235,1.2043,0.4293,5.7646,0.8318,7.0006,4.5108
Romania,Savanna fires,Emissions (CO2eq) (AR5),kilotonnes,0.4588,0.8788,4.7203,5.0636,3.0238,1.6277,6.5531,12.9698,4.3645,6.074,1.4392,31.1936,40.3275,2.9155,2.8551,2.598,0.9262,12.4356,1.7944,15.102,9.7308
Romania,Fires in organic soils,Emissions (CH4),kilotonnes,0,0,0,0,0,0,0,0,0,0,0,0,0,0,0,0,0,0,0,0,0
Romania,Fires in organic soils,Emissions (CO2),kilotonnes,0,0,0,0,0,0,0,0,0,0,0,0,0,0,0,0,0,0,0,0,0
Romania,Fires in organic soils,Emissions (CO2eq) from CH4 (AR5),kilotonnes,0,0,0,0,0,0,0,0,0,0,0,0,0,0,0,0,0,0,0,0,0
Romania,Fires in organic soils,Emissions (CO2eq) (AR5),kilotonnes,0,0,0,0,0,0,0,0,0,0,0,0,0,0,0,0,0,0,0,0,0
Romania,Forest fires,Emissions (CH4),kilotonnes,0.5887,0.0075,0.0698,0.0399,0.0723,0.1297,0.2519,0.1796,0.0424,0.1996,0.1322,0.4115,0.1871,0.1273,0.0399,0,0,0.2519,0.0624,0.197,0.1796
Romania,Forest fires,Emissions (N2O),kilotonnes,0.0326,0.0007,0.0064,0.0036,0.0066,0.0118,0.023,0.0164,0.0039,0.0182,0.0121,0.0376,0.0171,0.0116,0.0036,0,0,0.023,0.0057,0.018,0.0164
Romania,Forest fires,Emissions (CO2eq) from CH4 (AR5),kilotonnes,16.4834,0.2095,1.9555,1.1176,2.0251,3.6316,7.0537,5.0287,1.1871,5.5883,3.7012,11.5232,5.2388,3.5633,1.1176,0,0,7.0536,1.7459,5.5163,5.0289
Romania,Forest fires,Emissions (CO2eq) from N2O (AR5),kilotonnes,8.63,0.1811,1.6898,0.9658,1.7499,3.1382,6.0954,4.3455,1.0258,4.8291,3.1983,9.9575,4.527,3.0792,0.9658,0,0,6.0952,1.5087,4.7668,4.3456
Romania,Forest fires,Emissions (CO2eq) (AR5),kilotonnes,25.1134,0.3906,3.6453,2.0834,3.775,6.7698,13.1491,9.3742,2.213,10.4174,6.8995,21.4807,9.7658,6.6425,2.0833,0,0,13.1487,3.2546,10.2832,9.3745
Romania,Fires in humid tropical forests,Emissions (CH4),kilotonnes,0,0,0,0,0,0,0,0,0,0,0,0,0,0,0,0,0,0,0,0,0
Romania,Fires in humid tropical forests,Emissions (N2O),kilotonnes,0,0,0,0,0,0,0,0,0,0,0,0,0,0,0,0,0,0,0,0,0
Romania,Fires in humid tropical forests,Emissions (CO2eq) from CH4 (AR5),kilotonnes,0,0,0,0,0,0,0,0,0,0,0,0,0,0,0,0,0,0,0,0,0
Romania,Fires in humid tropical forests,Emissions (CO2eq) from N2O (AR5),kilotonnes,0,0,0,0,0,0,0,0,0,0,0,0,0,0,0,0,0,0,0,0,0
Romania,Fires in humid tropical forests,Emissions (CO2eq) (AR5),kilotonnes,0,0,0,0,0,0,0,0,0,0,0,0,0,0,0,0,0,0,0,0,0
Romania,Waste - agri-food systems,Emissions (CH4),kilotonnes,113.136,114.7999,117.511,119.2661,116.4254,121.1416,122.6417,127.0009,141.1883,126.4849,130.1978,131.9945,130.836,130.9069,129.749,127.8155,127.3823,128.7202,130.0651,131.3925,132.6547
Romania,Waste - agri-food systems,Emissions (N2O),kilotonnes,1.0308,1.0635,1.1291,1.1533,1.0789,1.1632,1.1576,1.1709,1.1461,1.1249,1.0801,1.0686,1.05,1.0548,1.0648,1.0683,1.0555,1.0933,1.1341,1.1756,1.2165
Romania,Waste - agri-food systems,Emissions (CO2),kilotonnes,21.7555,21.8279,21.9453,22.1482,22.3806,22.6241,22.8159,23.1361,23.3194,23.1336,23.0927,23.1798,23.1157,23.2155,23.2574,23.1521,23.2029,23.3084,23.4259,23.4566,23.4553
Romania,Waste - agri-food systems,Emissions (CO2eq) from CH4 (AR5),kilotonnes,3167.8073,3214.3978,3290.3094,3339.4516,3259.9126,3391.9634,3433.9682,3556.026,3953.2711,3541.578,3645.5384,3695.847,3663.4068,3665.3937,3632.9729,3578.8336,3566.7054,3604.1662,3641.8241,3678.99,3714.3329
Romania,Waste - agri-food systems,Emissions (CO2eq) from N2O (AR5),kilotonnes,273.1523,281.8345,299.2238,305.6164,285.9083,308.2403,306.7751,310.2927,303.7046,298.1087,286.2287,283.1716,278.2592,279.5312,282.1708,283.1115,279.6954,289.7202,300.5462,311.529,322.3628
Romania,Waste - agri-food systems,Emissions (CO2eq) (AR5),kilotonnes,3462.7151,3518.0601,3611.4784,3667.2162,3568.2014,3722.8278,3763.5593,3889.4549,4280.2951,3862.8204,3954.8599,4002.1984,3964.7817,3968.1404,3938.4012,3885.0971,3869.6037,3917.1948,3965.7963,4013.9756,4060.1509
Romania,Fertilizers Manufacturing,Emissions (N2O),kilotonnes,5.5133,5.3753,5.2586,5.1656,4.8386,4.6492,4.6372,4.2977,4.1591,4.1668,3.8229,3.4459,2.9772,3.8666,4.0771,2.6481,2.3194,2.2707,2.4826,2.1624,2.0684
Romania,Fertilizers Manufacturing,Emissions (CO2),kilotonnes,0,0,190.8975,411.2297,609.1358,815.793,1060.5646,1229.2596,1446.9854,1728.9498,1342.5635,1232.6626,1194.4197,4531.0633,4710.5511,2639.2526,2375.1286,2714.4658,2908.3837,3477.4495,3132.2428
Romania,Fertilizers Manufacturing,Emissions (CO2eq) from N2O (AR5),kilotonnes,1461.0245,1424.4545,1393.529,1368.884,1282.229,1232.038,1228.858,1138.8905,1102.1615,1104.202,1013.0685,913.1635,788.958,1024.649,1080.4315,701.7465,614.641,601.7355,657.889,573.036,548.1214
Romania,Fertilizers Manufacturing,Emissions (CO2eq) (AR5),kilotonnes,1461.0245,1424.4545,1584.4265,1780.1137,1891.3648,2047.831,2289.4226,2368.1501,2549.1469,2833.1518,2355.632,2145.8261,1983.3777,5555.7123,5790.9826,3340.9991,2989.7696,3316.2013,3566.2727,4050.4855,3680.3642
Romania,On-farm electricity use,Emissions (CH4),kilotonnes,0.7332,0.5748,0.5052,0.4116,0.4476,0.3972,0.5304,0.6768,0.666,0.5928,0.8052,0.9132,0.9852,0.9864,1.026,1.1052,0.8928,0.8904,0.9036,0.8791,0.8791
Romania,On-farm electricity use,Emissions (N2O),kilotonnes,0.0039,0.0031,0.0027,0.0022,0.0024,0.0021,0.0028,0.0036,0.0036,0.0032,0.0043,0.0049,0.0053,0.0053,0.0055,0.0059,0.0048,0.0048,0.0048,0.0047,0.0047
Romania,On-farm electricity use,Emissions (CO2),kilotonnes,353.9789,285.1261,236.1557,220.6023,196.8968,163.1179,230.2013,305.6888,284.1185,233.2135,276.7172,379.5043,394.5954,419.4158,436.2537,469.9294,379.6173,378.5969,384.2095,373.8006,373.8006
Romania,On-farm electricity use,Emissions (CO2eq) from CH4 (AR5),kilotonnes,20.5296,16.0944,14.1456,11.5248,12.5328,11.1216,14.8512,18.9504,18.648,16.5984,22.5456,25.5696,27.5856,27.6192,28.728,30.9456,24.9984,24.9312,25.3008,24.6148,24.6148
Romania,On-farm electricity use,Emissions (CO2eq) from N2O (AR5),kilotonnes,1.0335,0.8215,0.7155,0.583,0.636,0.5565,0.742,0.954,0.954,0.848,1.1395,1.2985,1.4045,1.4045,1.4575,1.5635,1.272,1.272,1.272,1.2455,1.2455
Romania,On-farm electricity use,Emissions (CO2eq) (AR5),kilotonnes,375.542,302.042,251.0168,232.7101,210.0656,174.796,245.7945,325.5932,303.7205,250.6599,300.4023,406.3724,423.5855,448.4395,466.4392,502.4385,405.8877,404.8001,410.7823,399.6609,399.6609
Romania,Food Processing,Emissions (CH4),kilotonnes,2.1297,2.0779,2.8762,3.4507,4.9687,3.8893,2.0574,1.9629,2.3487,1.9846,2.0765,2.1373,2.2164,2.2702,2.3709,2.4521,2.4909,2.4788,2.4611,2.4611,2.3459
Romania,Food Processing,Emissions (N2O),kilotonnes,0.0172,0.0176,0.0214,0.0225,0.0312,0.0253,0.0146,0.0168,0.0183,0.0137,0.0155,0.0151,0.0169,0.0174,0.0173,0.0173,0.0176,0.0178,0.0174,0.0174,0.0166
Romania,Food Processing,Emissions (CO2),kilotonnes,2282.3303,2702.0296,2665.3187,3019.3729,3441.1031,3386.3589,1940.6702,2361.9886,2374.4195,1734.6211,1754.2399,1923.3486,1971.7866,1913.8516,1985.4129,2003.3494,2074.0231,2066.2476,2007.6227,2007.6227,1808.3258
Romania,Food Processing,Emissions (CO2eq) from CH4 (AR5),kilotonnes,59.6316,58.1812,80.5336,96.6196,139.1236,108.9004,57.6072,54.9612,65.7636,55.5688,58.142,59.8444,62.0592,63.5656,66.3852,68.6588,69.7452,69.4064,68.9108,68.9108,65.6852
Romania,Food Processing,Emissions (CO2eq) from N2O (AR5),kilotonnes,4.558,4.664,5.671,5.9625,8.268,6.7045,3.869,4.452,4.8495,3.6305,4.1075,4.0015,4.4785,4.611,4.5845,4.5845,4.664,4.717,4.611,4.611,4.4105
Romania,Food Processing,Emissions (CO2eq) (AR5),kilotonnes,2346.5199,2764.8748,2751.5233,3121.955,3588.4947,3501.9638,2002.1464,2421.4018,2445.0326,1793.8204,1816.4894,1987.1945,2038.3243,1982.0282,2056.3826,2076.5927,2148.4323,2140.371,2081.1445,2081.1445,1878.4216
Romania,Food Packaging,Emissions (CH4),kilotonnes,0.9017,0.8423,0.8937,0.7256,0.9577,0.9298,1.231,0.833,0.8559,0.7438,0.9015,0.8501,0.82,0.6993,0.7906,0.8327,0.8999,1.3357,1.3234,0.8402,0.8009
Romania,Food Packaging,Emissions (N2O),kilotonnes,0.008,0.0079,0.0075,0.006,0.0073,0.0072,0.0088,0.0061,0.0063,0.0058,0.0066,0.0063,0.006,0.0051,0.0055,0.0056,0.0059,0.0083,0.0084,0.0057,0.0055
Romania,Food Packaging,Emissions (CO2),kilotonnes,1143.8034,1200.4629,1226.1775,1033.6774,1026.2622,1002.5442,1124.9609,824.287,800.8867,691.2712,757.0987,768.7074,708.8536,627.7101,671.8686,653.9571,680.6179,894.8054,968.876,512.5831,461.6989
Romania,Food Packaging,Emissions (CO2eq) from CH4 (AR5),kilotonnes,25.2476,23.5844,25.0236,20.3168,26.8156,26.0344,34.468,23.324,23.9652,20.8264,25.242,23.8028,22.96,19.5804,22.1368,23.3156,25.1972,37.3996,37.0552,23.5256,22.4244
Romania,Food Packaging,Emissions (CO2eq) from N2O (AR5),kilotonnes,2.12,2.0935,1.9875,1.59,1.9345,1.908,2.332,1.6165,1.6695,1.537,1.749,1.6695,1.59,1.3515,1.4575,1.484,1.5635,2.1995,2.226,1.5105,1.4448
Romania,Food Packaging,Emissions (CO2eq) (AR5),kilotonnes,1171.171,1226.1408,1253.1886,1055.5842,1055.0123,1030.4866,1161.7609,849.2275,826.5214,713.6346,784.0897,794.1797,733.4036,648.642,695.4629,678.7567,707.3786,934.4045,1008.1572,537.6192,485.5682
Romania,Food Retail,Emissions (CH4),kilotonnes,0.5184,0.7377,0.3658,0.7042,0.528,0.7645,0.8463,0.9359,1.0419,1.0217,1.1773,1.2237,1.2343,1.234,1.2397,1.2625,1.292,1.2765,1.2969,1.4164,1.3501
Romania,Food Retail,Emissions (N2O),kilotonnes,0.0031,0.0046,0.0027,0.0045,0.0036,0.0049,0.0055,0.0059,0.0062,0.0061,0.0069,0.0072,0.0072,0.0072,0.0073,0.0074,0.0077,0.0075,0.0077,0.0085,0.0081
Romania,Food Retail,Emissions (CO2),kilotonnes,349.7483,557.9269,274.6983,569.0656,492.2922,613.3965,863.0568,799.2308,702.0537,687.5164,695.5638,759.428,737.2525,774.1526,777.6503,781.2198,799.9721,805.4906,819.107,902.5658,812.968
Romania,Food Retail,Emissions (CO2eq) from F-gases (AR5),kilotonnes,139.7455,185.981,240.009,320.012,391.1835,443.653,503.3955,563.138,570.411,574.0475,576.1255,577.684,578.723,579.2425,579.2425,579.2425,632.2315,645.7385,659.765,673.272,695.2744
Romania,Food Retail,Emissions (CO2eq) from CH4 (AR5),kilotonnes,14.5152,20.6556,10.2424,19.7176,14.784,21.406,23.6964,26.2052,29.1732,28.6076,32.9644,34.2636,34.5604,34.552,34.7116,35.35,36.176,35.742,36.3132,39.6592,37.8028
Romania,Food Retail,Emissions (CO2eq) from N2O (AR5),kilotonnes,0.8215,1.219,0.7155,1.1925,0.954,1.2985,1.4575,1.5635,1.643,1.6165,1.8285,1.908,1.908,1.908,1.9345,1.961,2.0405,1.9875,2.0405,2.2525,2.1546
Romania,Food Retail,Emissions (CO2eq) (AR5),kilotonnes,504.8305,765.7825,525.6652,909.9877,899.2137,1079.754,1391.6062,1390.1375,1303.2809,1291.788,1306.4822,1373.2836,1352.4439,1389.8551,1393.5389,1397.7733,1470.4201,1488.9586,1517.2257,1617.7495,1548.1998
Romania,Food Household Consumption,Emissions (CH4),kilotonnes,1.5764,1.4905,1.5695,1.6297,1.6932,1.7621,1.8613,1.8644,1.933,1.9873,2.0152,2.1049,2.2011,2.1694,2.2966,2.3483,2.2959,2.3459,2.3752,2.3752,2.264
Romania,Food Household Consumption,Emissions (N2O),kilotonnes,0.0098,0.009,0.0094,0.01,0.0101,0.0105,0.011,0.0109,0.0114,0.0117,0.0117,0.0123,0.0129,0.0126,0.0131,0.0134,0.0132,0.0135,0.0137,0.0137,0.0131
Romania,Food Household Consumption,Emissions (CO2),kilotonnes,1544.8701,1431.8003,1525.833,1741.3994,1576.324,1597.2891,1671.0402,1601.4384,1550.9675,1545.1475,1463.6109,1657.2647,1720.5482,1722.5746,1681.5014,1732.3784,1729.7268,1805.2884,1848.3021,1848.3021,1664.821
Romania,Food Household Consumption,Emissions (CO2eq) from CH4 (AR5),kilotonnes,44.1392,41.734,43.946,45.6316,47.4096,49.3388,52.1164,52.2032,54.124,55.6444,56.4256,58.9372,61.6308,60.7432,64.3048,65.7524,64.2852,65.6852,66.5056,66.5056,63.3926
Romania,Food Household Consumption,Emissions (CO2eq) from N2O (AR5),kilotonnes,2.597,2.385,2.491,2.65,2.6765,2.7825,2.915,2.8885,3.021,3.1005,3.1005,3.2595,3.4185,3.339,3.4715,3.551,3.498,3.5775,3.6305,3.6305,3.4727
Romania,Food Household Consumption,Emissions (CO2eq) (AR5),kilotonnes,1591.6063,1475.9193,1572.27,1789.681,1626.4101,1649.4104,1726.0716,1656.5301,1608.1125,1603.8924,1523.137,1719.4614,1785.5975,1786.6568,1749.2777,1801.6818,1797.51,1874.5511,1918.4382,1918.4382,1731.6862
Romania,Food Transport,Emissions (CH4),kilotonnes,0.1049,0.1407,0.1221,0.1139,0.1279,0.1083,0.0944,0.0983,0.1002,0.0985,0.0773,0.0857,0.0836,0.0698,0.0674,0.0628,0.0657,0.0684,0.0684,0.0479,0.0457
Romania,Food Transport,Emissions (N2O),kilotonnes,0.0762,0.055,0.0634,0.0597,0.0652,0.0406,0.0404,0.0617,0.062,0.0543,0.0552,0.0657,0.065,0.0613,0.053,0.0539,0.0562,0.0598,0.0622,0.0589,0.0563
Romania,Food Transport,Emissions (CO2),kilotonnes,790.0725,916.9262,948.4508,991.7258,1036.7062,938.05,975.2708,1039.185,1155.28,1145.015,1077.475,1107.755,1215.32,1181.77,1200.503,1203.8005,1286.344,1374.125,1414.63,1320.8273,1189.7087
Romania,Food Transport,Emissions (CO2eq) from CH4 (AR5),kilotonnes,2.9372,3.9396,3.4188,3.1892,3.5812,3.0324,2.6432,2.7524,2.8056,2.758,2.1644,2.3996,2.3408,1.9544,1.8872,1.7584,1.8396,1.9152,1.9152,1.3412,1.2784
Romania,Food Transport,Emissions (CO2eq) from N2O (AR5),kilotonnes,20.193,14.575,16.801,15.8205,17.278,10.759,10.706,16.3505,16.43,14.3895,14.628,17.4105,17.225,16.2445,14.045,14.2835,14.893,15.847,16.483,15.6085,14.9299
Romania,Food Transport,Emissions (CO2eq) (AR5),kilotonnes,813.2027,935.4408,968.6706,1010.7355,1057.5654,951.8414,988.62,1058.2879,1174.5156,1162.1625,1094.2674,1127.5651,1234.8858,1199.9689,1216.4352,1219.8424,1303.0766,1391.8872,1433.0282,1337.777,1205.917
Romania,Energy,Emissions (CH4),kilotonnes,342,316,317,341,336,302,300,298,291,277,265,262,259,243,245,243,228,236,234,235,224
Romania,Energy,Emissions (N2O),kilotonnes,1.91,1.63,1.68,1.76,1.83,1.67,1.74,1.87,1.97,1.91,1.92,2.07,2.12,1.9,1.86,1.89,1.91,2,2.02,2.07,1.98
Romania,Energy,Emissions (CO2),kilotonnes,89100,96000,96700,99200,95100,94000,101000,98800,92100,78100,76100,81300,77700,67300,65800,67600,65400,69700,70200,68500,61700
Romania,Energy,Emissions (CO2eq) from CH4 (AR5),kilotonnes,9576,8848,8876,9548,9408,8456,8400,8344,8148,7756,7420,7336,7252,6804,6860,6804,6384,6608,6552,6580,6272
Romania,Energy,Emissions (CO2eq) from N2O (AR5),kilotonnes,506.15,431.95,445.2,466.4,484.95,442.55,461.1,495.55,522.05,506.15,508.8,548.55,561.8,503.5,492.9,500.85,506.15,530,535.3,548.55,524.7
Romania,Energy,Emissions (CO2eq) (AR5),kilotonnes,99182.15,105279.95,106021.2,109214.4,104992.95,102898.55,109861.1,107639.55,100770.05,86362.15,84028.8,89184.55,85513.8,74607.5,73152.9,74904.85,72290.15,76838,77287.3,75628.55,68496.7
Romania,IPPU,Emissions (CH4),kilotonnes,1.09,0.93,1.24,1.64,2.03,1.55,1.71,1.58,1.52,1.43,1.51,1.53,1.51,1.5,1.54,1.54,1.56,1.57,1.58,1.23,1.38
Romania,IPPU,Emissions (N2O),kilotonnes,10.5,8.32,6.95,8.5,9.24,9.58,7.62,8.89,8.18,5.54,9.72,9.91,9.07,8.77,9.23,6.83,8.28,8.11,7.74,4.05,3.18
Romania,IPPU,Emissions (CO2),kilotonnes,6510,6740,6770,7430,8210,8360,8910,8890,8930,7620,7740,8490,8590,7260,7810,8390,8340,8490,8550,8300,10300
Romania,IPPU,Emissions (CO2eq) from F-gases (AR5),kilotonnes,914.4211,721.0419,531.5498,596.6573,736.59,844.4547,924.1386,1030.0599,1107.8002,728.8159,1136.9529,1088.3651,1059.2125,1107.8002,1166.1055,1253.5634,1350.7389,1467.3494,1496.5021,1486.7845,1535.3722
Romania,IPPU,Emissions (CO2eq) from CH4 (AR5),kilotonnes,30.52,26.04,34.72,45.92,56.84,43.4,47.88,44.24,42.56,40.04,42.28,42.84,42.28,42,43.12,43.12,43.68,43.96,44.24,34.44,38.64
Romania,IPPU,Emissions (CO2eq) from N2O (AR5),kilotonnes,2782.5,2204.8,1841.75,2252.5,2448.6,2538.7,2019.3,2355.85,2167.7,1468.1,2575.8,2626.15,2403.55,2324.05,2445.95,1809.95,2194.2,2149.15,2051.1,1073.25,842.7
Romania,IPPU,Emissions (CO2eq) (AR5),kilotonnes,10237.4411,9691.8819,9178.0198,10325.0773,11452.03,11786.5547,11901.3186,12320.1499,12248.0602,9856.9559,11495.0329,12247.3551,12095.0425,10733.8502,11465.1755,11496.6334,11928.6189,12150.4594,12141.8421,10894.4745,12716.7122
Romania,Waste,Emissions (CH4),kilotonnes,170,186,203,186,197,199,208,215,220,216,235,244,254,255,274,281,280,279,276,279,278
Romania,Waste,Emissions (N2O),kilotonnes,1.48,1.47,1.46,1.51,1.53,1.55,1.57,1.55,1.54,1.51,1.47,1.4,1.39,1.37,1.35,1.35,1.36,1.36,1.35,1.35,1.34
Romania,Waste,Emissions (CO2),kilotonnes,43.8,49.6,51,55.9,69.5,115,29,6.44,4.64,3.42,3.85,4.67,5.79,6.69,6.1,7.24,12,11,11.8,12.2,13.3
Romania,Waste,Emissions (CO2eq) from CH4 (AR5),kilotonnes,4760,5208,5684,5208,5516,5572,5824,6020,6160,6048,6580,6832,7112,7140,7672,7868,7840,7812,7728,7812,7784
Romania,Waste,Emissions (CO2eq) from N2O (AR5),kilotonnes,392.2,389.55,386.9,400.15,405.45,410.75,416.05,410.75,408.1,400.15,389.55,371,368.35,363.05,357.75,357.75,360.4,360.4,357.75,357.75,355.1
Romania,Waste,Emissions (CO2eq) (AR5),kilotonnes,5196,5647.15,6121.9,5664.05,5990.95,6097.75,6269.05,6437.19,6572.74,6451.57,6973.4,7207.67,7486.14,7509.74,8035.85,8232.99,8212.4,8183.4,8097.55,8181.95,8152.4
Romania,Other,Emissions (N2O),kilotonnes,1.61,1.64,1.57,1.62,1.55,1.44,1.49,1.49,1.5,1.3,1.22,1.21,1.12,1.11,1.05,1.14,1.15,1.18,1.18,1.02,0.983
Romania,Other,Emissions (CO2eq) from N2O (AR5),kilotonnes,426.65,434.6,416.05,429.3,410.75,381.6,394.85,394.85,397.5,344.5,323.3,320.65,296.8,294.15,278.25,302.1,304.75,312.7,312.7,270.3,260.495
Romania,Other,Emissions (CO2eq) (AR5),kilotonnes,426.65,434.6,416.05,429.3,410.75,381.6,394.85,394.85,397.5,344.5,323.3,320.65,296.8,294.15,278.25,302.1,304.75,312.7,312.7,270.3,260.495
Romania,Farm-gate emissions,Emissions (CH4),kilotonnes,409.1158,390.0954,379.5112,389.8394,394.1272,393.9393,401.7975,408.1508,403.9663,392.7892,377.0324,326.2408,324.6829,325.942,329.3438,333.8784,336.2053,332.2211,324.1378,321.5754,320.5681
Romania,Farm-gate emissions,Direct emissions (N2O),kilotonnes,12.7696,14.1302,12.6795,12.7797,14.9518,14.894,13.6839,12.7942,14.4967,14.3186,14.5365,14.5433,13.0626,15.0887,14.693,15.3383,15.5376,16.8166,18.5303,18.2043,16.8363
Romania,Farm-gate emissions,Indirect emissions (N2O),kilotonnes,4.3911,4.6773,4.269,4.3546,4.8894,4.9553,4.6276,4.4607,4.8961,4.8758,4.9184,4.8283,4.4573,5.0111,4.8714,5.117,5.1567,5.4963,5.9845,5.8927,5.6053
Romania,Farm-gate emissions,Emissions (N2O),kilotonnes,21.2482,22.5962,20.6121,20.9063,23.6576,23.7696,22.3191,21.2837,23.3287,23.1095,23.2118,22.8991,21.1156,23.5543,23.0238,23.9442,24.2143,25.7853,27.8758,27.5006,25.8259
Romania,Farm-gate emissions,Emissions (CO2),kilotonnes,1412.7215,1130.2551,1115.3279,1002.5782,1049.0996,1007.3745,1120.5375,1012.2687,1134.8923,1416.2945,1435.2682,1541.9924,1735.6512,1529.533,1497.5292,1592.0734,1636.7976,1744.4557,1968.8476,2077.7331,2077.7331
Romania,Farm-gate emissions,Emissions (CO2eq) from CH4 (AR5),kilotonnes,11455.2425,10922.6704,10626.3139,10915.5034,11035.5622,11030.3002,11250.3304,11428.2224,11311.0566,10998.0977,10556.9077,9134.7431,9091.1209,9126.3751,9221.6271,9348.5959,9413.7496,9302.1903,9075.8595,9004.1123,8975.9067
Romania,Farm-gate emissions,Emissions (CO2eq) from N2O (AR5),kilotonnes,5630.7636,5987.9839,5462.2128,5540.1788,6269.2723,6298.9361,5914.5635,5640.1933,6182.1112,6124.02,6151.1346,6068.2519,5595.6233,6241.8955,6101.2976,6345.2145,6416.797,6833.1141,7387.0936,7287.6649,6843.8588
Romania,Farm-gate emissions,Emissions (CO2eq) (AR5),kilotonnes,18498.7276,18040.9095,17203.8546,17458.2604,18353.9341,18336.6108,18285.4314,18080.6844,18628.06,18538.4122,18143.3105,16744.9874,16422.3955,16897.8036,16820.4539,17285.8839,17467.3442,17879.7601,18431.8007,18369.5104,17897.4986
Romania,Land Use change,Emissions (CH4),kilotonnes,0,0,0,0,0,0,0,0,0,0,0,0,0,0,0,0,0,0,0,0,0
Romania,Land Use change,Emissions (N2O),kilotonnes,0,0,0,0,0,0,0,0,0,0,0,0,0,0,0,0,0,0,0,0,0
Romania,Land Use change,Emissions (CO2),kilotonnes,110,0,0,0,0,0,0,0,0,0,0,1343.32,1343.32,1343.32,1343.32,1343.32,5094.1748,5094.1748,5094.1748,5094.1748,5094.1748
Romania,Land Use change,Emissions (CO2eq) from CH4 (AR5),kilotonnes,0,0,0,0,0,0,0,0,0,0,0,0,0,0,0,0,0,0,0,0,0
Romania,Land Use change,Emissions (CO2eq) from N2O (AR5),kilotonnes,0,0,0,0,0,0,0,0,0,0,0,0,0,0,0,0,0,0,0,0,0
Romania,Land Use change,Emissions (CO2eq) (AR5),kilotonnes,110,0,0,0,0,0,0,0,0,0,0,1343.32,1343.32,1343.32,1343.32,1343.32,5094.1748,5094.1748,5094.1748,5094.1748,5094.1748
Romania,Emissions on agricultural land,Emissions (CH4),kilotonnes,409.1158,390.0954,379.5112,389.8394,394.1272,393.9393,401.7975,408.1508,403.9663,392.7892,377.0324,326.2408,324.6829,325.942,329.3438,333.8784,336.2053,332.2211,324.1378,321.5754,320.5681
Romania,Emissions on agricultural land,Emissions (N2O),kilotonnes,21.2482,22.5962,20.6121,20.9063,23.6576,23.7696,22.3191,21.2837,23.3287,23.1095,23.2118,22.8991,21.1156,23.5543,23.0238,23.9442,24.2143,25.7853,27.8758,27.5006,25.8259
Romania,Emissions on agricultural land,Emissions (CO2),kilotonnes,1522.7215,1130.2551,1115.3279,1002.5782,1049.0996,1007.3745,1120.5375,1012.2687,1134.8923,1416.2945,1435.2682,2885.3124,3078.9712,2872.853,2840.8492,2935.3934,6730.9724,6838.6305,7063.0224,7171.9079,7171.9079
Romania,Emissions on agricultural land,Emissions (CO2eq) from CH4 (AR5),kilotonnes,11455.2425,10922.6704,10626.3139,10915.5034,11035.5622,11030.3002,11250.3304,11428.2224,11311.0566,10998.0977,10556.9077,9134.7431,9091.1209,9126.3751,9221.6271,9348.5959,9413.7496,9302.1903,9075.8595,9004.1123,8975.9067
Romania,Emissions on agricultural land,Emissions (CO2eq) from N2O (AR5),kilotonnes,5630.7636,5987.9839,5462.2128,5540.1788,6269.2723,6298.9361,5914.5635,5640.1933,6182.1112,6124.02,6151.1346,6068.2519,5595.6233,6241.8955,6101.2976,6345.2145,6416.797,6833.1141,7387.0936,7287.6649,6843.8588
Romania,Emissions on agricultural land,Emissions (CO2eq) (AR5),kilotonnes,18608.7276,18040.9095,17203.8546,17458.2604,18353.9341,18336.6108,18285.4314,18080.6844,18628.06,18538.4122,18143.3105,18088.3074,17765.7155,18241.1236,18163.7739,18629.2039,22561.519,22973.9349,23525.9755,23463.6852,22991.6734
Romania,Pre- and post- production,Emissions (CH4),kilotonnes,119.1003,120.6638,123.8435,126.3018,125.1485,128.9928,129.2625,133.3722,148.134,132.9136,137.2508,139.3094,138.3766,138.336,137.5402,135.8791,135.3195,137.1159,138.4937,139.4124,140.3404
Romania,Pre- and post- production,Emissions (N2O),kilotonnes,6.6623,6.536,6.4948,6.4238,6.0373,5.903,5.8779,5.5736,5.413,5.3865,5.0032,4.626,4.1405,5.0303,5.2436,3.8199,3.4803,3.4757,3.7309,3.4469,3.3892
Romania,Pre- and post- production,Emissions (CO2),kilotonnes,6486.559,7116.0999,7089.4768,8009.2213,8401.1009,8539.1737,7888.5807,8184.2143,8338.0307,7788.8681,7390.3617,7851.8504,7965.8917,11193.7535,11486.9984,9507.0393,9348.6327,10062.3281,10374.5569,10466.6077,9467.0212
Romania,Pre- and post- production,Emissions (CO2eq) from F-gases (AR5),kilotonnes,139.7455,185.981,240.009,320.012,391.1835,443.653,503.3955,563.138,570.411,574.0475,576.1255,577.684,578.723,579.2425,579.2425,579.2425,632.2315,645.7385,659.765,673.272,695.2744
Romania,Pre- and post- production,Emissions (CO2eq) from CH4 (AR5),kilotonnes,3334.8077,3378.587,3467.6194,3536.4512,3504.1594,3611.797,3619.3506,3734.4224,4147.7507,3721.5816,3843.0224,3900.6642,3874.5436,3873.4085,3851.1265,3804.6144,3788.947,3839.2458,3877.8249,3903.5472,3929.5311
Romania,Pre- and post- production,Emissions (CO2eq) from N2O (AR5),kilotonnes,1765.4998,1732.047,1721.1343,1702.2989,1599.8843,1564.2873,1557.6546,1477.0082,1434.4331,1427.4327,1325.8502,1225.8826,1097.2417,1333.0387,1389.5528,1012.2855,922.2674,921.0562,988.6982,913.4235,898.1421
Romania,Pre- and post- production,Emissions (CO2eq) (AR5),kilotonnes,11726.612,12412.7148,12518.2394,13567.9834,13896.328,14158.911,13568.9815,13958.783,14490.6255,13511.93,13135.3599,13556.0812,13516.4,16979.4432,17306.9203,14903.1816,14692.0786,15468.3686,15900.8451,15956.8504,14989.9687
Romania,Agri-food systems,Emissions (CH4),kilotonnes,528.2161,510.7592,503.3548,516.1412,519.2758,522.932,531.06,541.523,552.1003,525.7028,514.2832,465.5503,463.0594,464.278,466.8841,469.7575,471.5249,469.337,462.6316,460.9878,460.9085
Romania,Agri-food systems,Emissions (N2O),kilotonnes,27.9104,29.1322,27.107,27.3301,29.6949,29.6725,28.197,26.8574,28.7417,28.496,28.215,27.525,25.2561,28.5847,28.2674,27.7642,27.6946,29.261,31.6068,30.9475,29.2151
Romania,Agri-food systems,Emissions (CO2),kilotonnes,8009.2806,8246.355,8204.8047,9011.7995,9450.2005,9546.5482,9009.1182,9196.483,9472.9229,9205.1627,8825.6299,10737.1628,11044.8629,14066.6065,14327.8476,12442.4327,16079.6051,16900.9586,17437.5794,17638.5156,16638.9291
Romania,Agri-food systems,Emissions (CO2eq) from F-gases (AR5),kilotonnes,139.7455,185.981,240.009,320.012,391.1835,443.653,503.3955,563.138,570.411,574.0475,576.1255,577.684,578.723,579.2425,579.2425,579.2425,632.2315,645.7385,659.765,673.272,695.2744
Romania,Agri-food systems,Emissions (CO2eq) from CH4 (AR5),kilotonnes,14790.0502,14301.2575,14093.9333,14451.9546,14539.7216,14642.0973,14869.6811,15162.6449,15458.8073,14719.6793,14399.9302,13035.4072,12965.6646,12999.7836,13072.7536,13153.2103,13202.6966,13141.436,12953.6844,12907.6595,12905.4378
Romania,Agri-food systems,Emissions (CO2eq) from N2O (AR5),kilotonnes,7396.2634,7720.0309,7183.3471,7242.4778,7869.1566,7863.2234,7472.2181,7117.2016,7616.5443,7551.4527,7476.9848,7294.1345,6692.8649,7574.9342,7490.8504,7357.5,7339.0644,7754.1703,8375.7918,8201.0885,7742.0009
Romania,Agri-food systems,Emissions (CO2eq) (AR5),kilotonnes,30335.3396,30453.6243,29722.094,31026.2438,32250.2621,32495.5218,31854.4129,32039.4674,33118.6855,32050.3422,31278.6703,31644.3885,31282.1154,35220.5668,35470.6942,33532.3855,37253.5976,38442.3035,39426.8206,39420.5356,37981.6421
Romania,IPCC Agriculture,Emissions (CH4),kilotonnes,409.0156,390.0446,379.4643,389.7967,394.0541,393.8682,401.7027,408.0905,403.8997,392.715,376.9516,326.1513,324.5583,325.8484,329.2617,333.7724,336.1158,332.119,324.0188,321.4491,320.4417
Romania,IPCC Agriculture,Emissions (CH4),kilotonnes,423.9477,404.714,423.8196,435.8451,423.3038,426.8614,443.6916,453.2156,420.7821,403.5953,341.8384,341.2311,354.4484,345.0018,351.7238,356.0772,351.8379,339.1185,334.4928,332.7067,335.8354
Romania,IPCC Agriculture,Direct emissions (N2O),kilotonnes,12.7696,14.1302,12.6795,12.7797,14.9518,14.894,13.6839,12.7942,14.4967,14.3186,14.5365,14.5433,13.0626,15.0887,14.693,15.3383,15.5376,16.8166,18.5303,18.2043,16.8363
Romania,IPCC Agriculture,Indirect emissions (N2O),kilotonnes,4.3911,4.6773,4.269,4.3546,4.8894,4.9553,4.6276,4.4607,4.8961,4.8758,4.9184,4.8283,4.4573,5.0111,4.8714,5.117,5.1567,5.4963,5.9845,5.8927,5.6053
Romania,IPCC Agriculture,Emissions (N2O),kilotonnes,20.9493,22.3916,20.4297,20.7583,23.5045,23.6337,22.1468,21.1403,23.1925,22.8763,22.9736,22.5947,20.7502,23.2534,22.7267,23.6269,23.8767,25.445,27.4554,27.0556,25.3808
Romania,IPCC Agriculture,Emissions (N2O),kilotonnes,28.202,30.2793,30.024,30.5248,31.1326,32.4824,31.6689,29.7072,31.3118,30.8301,29.4592,30.3773,28.1343,31.2253,31.1627,31.5282,31.5396,33.3445,35.9188,34.9496,32.8336
Romania,IPCC Agriculture,Emissions (CO2),kilotonnes,102.9011,121.1002,105.9711,122.8453,136.088,138.5409,129.6581,117.4336,136.9843,123.0501,107.2162,90.6501,76.6255,89.9002,82.1469,94.3427,113.239,124.5973,125.4174,128.5829,135.556
Romania,IPCC Agriculture,Emissions (CO2eq) from CH4 (AR5),kilotonnes,11452.4365,10921.2482,10625.0013,10914.3087,11033.516,11028.3109,11247.6743,11426.5337,11309.1914,10996.0207,10554.6455,9132.2375,9087.6329,9123.7559,9219.3275,9345.6265,9411.2427,9299.3332,9072.5278,9000.5742,8972.3686
Romania,IPCC Agriculture,Emissions (CO2eq) from CH4 (AR5),kilotonnes,11870.5349,11331.9913,11866.9478,12203.6637,11852.5065,11952.1192,12423.3642,12690.036,11781.8999,11300.6687,9571.4751,9554.4705,9924.555,9660.0512,9848.2651,9970.1626,9851.4617,9495.3178,9365.7989,9315.7878,9403.3907
Romania,IPCC Agriculture,Emissions (CO2eq) from N2O (AR5),kilotonnes,5551.569,5933.761,5413.8595,5500.9401,6228.6798,6262.9226,5868.8897,5602.1912,6146.0254,6062.2218,6088.0044,5987.5837,5498.7951,6162.1451,6022.582,6261.1345,6327.3125,6742.9263,7275.6911,7169.725,6725.9189
Romania,IPCC Agriculture,Emissions (CO2eq) from N2O (AR5),kilotonnes,7473.5327,8024.0031,7956.3712,8089.0698,8250.1409,8607.8299,8392.2568,7872.4059,8297.6234,8169.978,7806.6949,8049.9721,7455.5881,8274.6913,8258.1135,8354.9859,8357.9969,8836.2992,9518.4828,9261.6476,8700.9003
Romania,IPCC Agriculture,Emissions (CO2eq) (AR5),kilotonnes,17004.0055,16855.0092,16038.8608,16415.2488,17262.1958,17291.2335,17116.5641,17028.7249,17455.2168,17058.2425,16642.6499,15119.8212,14586.4279,15285.9009,15241.9094,15606.761,15738.5552,16042.2594,16348.2189,16170.2993,15698.2875
Romania,IPCC Agriculture,Emissions (CO2eq) (AR5),kilotonnes,19446.9687,19477.0947,19929.29,20415.5789,20238.7353,20698.49,20945.2791,20679.8754,20216.5076,19593.6968,17485.3862,17695.0928,17456.7686,18024.6426,18188.5255,18419.4912,18322.6976,18456.2143,19009.6992,18706.0183,18239.8471
Romania,Agricultural Soils,Direct emissions (N2O),kilotonnes,12.7696,14.1302,12.6795,12.7797,14.9518,14.894,13.6839,12.7942,14.4967,14.3186,14.5365,14.5433,13.0626,15.0887,14.693,15.3383,15.5376,16.8166,18.5303,18.2043,16.8363
Romania,Agricultural Soils,Direct emissions (N2O),kilotonnes,18.3663,20.2727,19.7248,19.7736,20.1716,20.9831,20.2448,18.1713,19.9661,19.6844,19.1305,19.8849,17.742,20.4848,20.476,20.5923,20.7286,22.3763,24.4552,23.6401,21.7724
Romania,Agricultural Soils,Indirect emissions (N2O),kilotonnes,4.3911,4.6773,4.269,4.3546,4.8894,4.9553,4.6276,4.4607,4.8961,4.8758,4.9184,4.8283,4.4573,5.0111,4.8714,5.117,5.1567,5.4963,5.9845,5.8927,5.6053
Romania,Agricultural Soils,Indirect emissions (N2O),kilotonnes,5.7071,6.1859,6.0867,6.1795,6.2152,6.5174,6.3324,5.8703,6.2964,6.2437,6.0146,6.2019,5.6798,6.4106,6.3711,6.479,6.4835,6.9047,7.5172,7.3004,6.8739
Romania,Agricultural Soils,Emissions (N2O),kilotonnes,17.5316,19.1796,17.3206,17.5062,20.2094,20.2176,18.6817,17.6253,19.7633,19.5651,19.8259,19.7425,17.8917,20.4704,19.935,20.8247,21.0637,22.6822,24.8831,24.4742,22.8188
Romania,Agricultural Soils,Emissions (N2O),kilotonnes,24.0734,26.4586,25.8114,25.9531,26.3868,27.5005,26.5772,24.0416,26.2626,25.9281,25.1451,26.0868,23.4218,26.8954,26.8472,27.0713,27.2121,29.281,31.9725,30.9405,28.6463
Romania,Agricultural Soils,Emissions (CO2eq) from N2O (AR5),kilotonnes,4645.8634,5082.5964,4589.9658,4639.1464,5355.4939,5357.6582,4950.6578,4670.7034,5237.2658,5184.7524,5253.8653,5231.769,4741.297,5424.649,5282.7812,5518.5586,5581.881,6010.7916,6594.0326,6485.6629,6046.9794
Romania,Agricultural Soils,Emissions (CO2eq) from N2O (AR5),kilotonnes,6379.4592,7011.542,6840.0302,6877.57,6992.5011,7287.6377,7042.9692,6371.0151,6959.5784,6870.9369,6663.4581,6913.0051,6206.7747,7127.2867,7114.4952,7173.8886,7211.2081,7759.4677,8472.702,8199.24,7591.2675
Romania,Agricultural Soils,Emissions (CO2eq) (AR5),kilotonnes,4645.8634,5082.5964,4589.9658,4639.1464,5355.4939,5357.6582,4950.6578,4670.7034,5237.2658,5184.7524,5253.8653,5231.769,4741.297,5424.649,5282.7812,5518.5586,5581.881,6010.7916,6594.0326,6485.6629,6046.9794
Romania,Agricultural Soils,Emissions (CO2eq) (AR5),kilotonnes,6379.4592,7011.542,6840.0302,6877.57,6992.5011,7287.6377,7042.9692,6371.0151,6959.5784,6870.9369,6663.4581,6913.0051,6206.7747,7127.2867,7114.4952,7173.8886,7211.2081,7759.4677,8472.702,8199.24,7591.2675
Romania,LULUCF,Emissions (CH4),kilotonnes,0.5887,0.0075,0.0698,0.0399,0.0723,0.1297,0.2519,0.1796,0.0424,0.1996,0.1322,0.4115,0.1871,0.1273,0.0399,0,0,0.2519,0.0624,0.197,0.1796
Romania,LULUCF,Emissions (CH4),kilotonnes,0.4848,0.1345,0.4752,0.1024,0.0167,0.0218,0.1271,0.3399,0.0501,0.1309,0.0277,0.295,0.8903,0.0566,0.0292,0.2246,0.0907,0.3305,0.1803,0.3354,
Romania,LULUCF,Emissions (N2O),kilotonnes,0.0326,0.0007,0.0064,0.0036,0.0066,0.0118,0.023,0.0164,0.0039,0.0182,0.0121,0.0376,0.0171,0.0116,0.0036,0,0,0.023,0.0057,0.018,0.0164
Romania,LULUCF,Emissions (N2O),kilotonnes,5.7031,5.7747,5.8563,5.9092,5.961,6.0063,6.0453,6.0782,6.0883,6.0996,6.0967,6.1041,6.7794,7.4302,7.6464,7.9114,8.023,8.0909,8.2048,8.5565,
Romania,LULUCF,Emissions (CO2),kilotonnes,650.2823,-2735.505,-2735.505,-2735.7223,-2741.0797,-2741.0797,-2737.7678,-2737.9251,-2737.9251,-2737.0412,-2736.4601,-285164.0825,-285162.721,-285164.4555,-285164.4555,-285166.1897,-22928.5738,-22928.5738,-22930.0884,-22916.1163,-22916.1163
Romania,LULUCF,Emissions (CO2),kilotonnes,-29762.3348,-30680.7337,-28638.09,-29141.3826,-28876.7966,-30160.0978,-29781.3398,-29264.3924,-29870.623,-30071.5737,-30848.9576,-29287.1052,-32700.728,-32954.1203,-32993.8926,-32962.4461,-33162.5599,-31055.8335,-28629.2424,-32774.9314,
Romania,LULUCF,Emissions (CO2eq) from CH4 (AR5),kilotonnes,16.4834,0.2095,1.9555,1.1176,2.0251,3.6316,7.0537,5.0287,1.1871,5.5883,3.7012,11.5232,5.2388,3.5633,1.1176,0,0,7.0536,1.7459,5.5163,5.0289
Romania,LULUCF,Emissions (CO2eq) from N2O (AR5),kilotonnes,8.63,0.1811,1.6898,0.9658,1.7499,3.1382,6.0954,4.3455,1.0258,4.8291,3.1983,9.9575,4.527,3.0792,0.9658,0,0,6.0952,1.5087,4.7668,4.3456
Romania,LULUCF,Emissions (CO2eq) (AR5),kilotonnes,675.3956,-2735.1144,-2731.8597,-2733.6389,-2737.3047,-2734.31,-2724.6187,-2728.5509,-2735.7121,-2726.6238,-2729.5606,-285142.6018,-285152.9552,-285157.813,-285162.3721,-285166.1897,-22928.5738,-22915.425,-22926.8337,-22905.8332,-22906.7418
Romania,LULUCF,Emissions (CO2eq) (AR5),kilotonnes,-29762.3348,-30680.7337,-28638.09,-29141.3826,-28876.7966,-30160.0978,-29781.3398,-29264.3924,-29870.623,-30071.5737,-30848.9576,-29287.1052,-32700.728,-32954.1203,-32993.8926,-32962.4461,-33162.5599,-31055.8335,-28629.2424,-32774.9314,
Romania,AFOLU,Emissions (CH4),kilotonnes,409.6043,390.0521,379.5342,389.8367,394.1265,393.9979,401.9546,408.2701,403.9421,392.9146,377.0838,326.5629,324.7454,325.9757,329.3016,333.7724,336.1158,332.371,324.0812,321.6461,320.6213
Romania,AFOLU,Emissions (N2O),kilotonnes,20.9819,22.3922,20.436,20.7619,23.5111,23.6455,22.1698,21.1567,23.1964,22.8945,22.9857,22.6322,20.7673,23.265,22.7304,23.6269,23.8767,25.468,27.4611,27.0736,25.3972
Romania,AFOLU,Emissions (CO2),kilotonnes,650.2823,-2735.505,-2735.505,-2735.7223,-2741.0797,-2741.0797,-2737.7678,-2737.9251,-2737.9251,-2737.0412,-2736.4601,-285164.0825,-285162.721,-285164.4555,-285164.4555,-285166.1897,-22928.5738,-22928.5738,-22930.0884,-22916.1163,-22916.1163
Romania,AFOLU,Emissions (CO2eq) from CH4 (AR5),kilotonnes,11468.9199,10921.4577,10626.9568,10915.4263,11035.5411,11031.9425,11254.7281,11431.5624,11310.3785,11001.609,10558.3467,9143.7606,9092.8716,9127.3192,9220.4451,9345.6265,9411.2427,9306.3867,9074.2737,9006.0906,8977.3975
Romania,AFOLU,Emissions (CO2eq) from N2O (AR5),kilotonnes,5560.199,5933.942,5415.5493,5501.9059,6230.4298,6266.0608,5874.9851,5606.5367,6147.0513,6067.0508,6091.2027,5997.5412,5503.322,6165.2242,6023.5477,6261.1345,6327.3125,6749.0215,7277.1998,7174.4919,6730.2645
Romania,AFOLU,Emissions (CO2eq) (AR5),kilotonnes,17679.4012,14119.8947,13307.0011,13681.6099,14524.8911,14556.9236,14391.9454,14300.174,14719.5047,14331.6186,13913.0893,-270022.7807,-270566.5273,-269871.9121,-269920.4627,-269559.4287,-7190.0185,-6873.1656,-6578.6149,-6735.5339,-7208.4543
Romania,All sectors with LULUCF,Emissions (CH4),kilotonnes,922.6943,892.9821,900.7742,918.4767,929.1565,896.5479,911.6646,922.8501,916.4621,887.3446,878.5938,834.0929,839.2554,825.4757,849.8416,859.3124,845.6758,848.941,835.6612,836.8761,824.0013
Romania,All sectors with LULUCF,Emissions (N2O),kilotonnes,36.4819,35.4522,32.096,34.1519,37.6611,37.8855,34.5898,34.9567,36.3864,33.1545,37.3157,37.2222,34.4673,36.415,36.2204,34.8369,36.5767,38.118,39.7511,35.5636,32.8802
Romania,All sectors with LULUCF,Emissions (CO2),kilotonnes,96304.0823,100054.095,100785.495,103950.1777,100638.4203,99733.9203,107201.2322,104958.5149,98296.7149,82986.3788,81107.3899,-195369.4125,-198866.931,-210597.7655,-211548.3555,-209168.9497,50823.4262,55272.4262,55831.7116,53896.0837,49097.1837
Romania,All sectors with LULUCF,Emissions (CO2eq) from F-gases (AR5),kilotonnes,914.4211,721.0419,531.5498,596.6573,736.59,844.4547,924.1386,1030.0599,1107.8002,728.8159,1136.9529,1088.3651,1059.2125,1107.8002,1166.1055,1253.5634,1350.7389,1467.3494,1496.5021,1486.7845,1535.3722
Romania,All sectors with LULUCF,Emissions (CO2eq) from CH4 (AR5),kilotonnes,25835.4399,25003.4977,25221.6768,25717.3463,26016.3811,25103.3425,25526.6081,25839.8024,25660.9385,24845.649,24600.6267,23354.6006,23499.1516,23113.3192,23795.5651,24060.7465,23678.9227,23770.3467,23398.5137,23432.5306,23072.0375
Romania,All sectors with LULUCF,Emissions (CO2eq) from N2O (AR5),kilotonnes,9667.699,9394.842,8505.4493,9050.2559,9980.1798,10039.6608,9166.2851,9263.5367,9642.4013,8785.9508,9888.6527,9863.8912,9133.822,9649.9742,9598.3977,9231.7845,9692.8125,10101.2715,10534.0498,9424.3419,8713.2595
Romania,All sectors with LULUCF,Emissions (CO2eq) (AR5),kilotonnes,132721.6422,135173.4766,135044.1708,139314.4372,137371.5711,135721.3783,142818.264,141091.9139,134707.8549,117346.7946,116733.6222,-161062.5555,-165174.7448,-176726.6719,-176988.2872,-174622.8553,85545.9003,90611.3938,91260.7772,88239.7406,82417.8529
Romania,All sectors without LULUCF,Emissions (CH4),kilotonnes,922.1056,892.9746,900.7043,918.4367,929.0841,896.4182,911.4127,922.6705,916.4197,887.145,878.4616,833.6813,839.0683,825.3484,849.8017,859.3124,845.6758,848.689,835.5988,836.6791,823.8217
Romania,All sectors without LULUCF,Emissions (N2O),kilotonnes,36.4493,35.4516,32.0897,34.1483,37.6545,37.8737,34.5668,34.9403,36.3825,33.1363,37.3036,37.1847,34.4502,36.4034,36.2167,34.8369,36.5767,38.095,39.7454,35.5456,32.8638
Romania,All sectors without LULUCF,Emissions (CO2),kilotonnes,95653.8,102789.6,103521,106685.9,103379.5,102475,109939,107696.44,101034.64,85723.42,83843.85,89794.67,86295.79,74566.69,73616.1,75997.24,73752,78201,78761.8,76812.2,72013.3
Romania,All sectors without LULUCF,Emissions (CO2eq) from F-gases (AR5),kilotonnes,914.4211,721.0419,531.5498,596.6573,736.59,844.4547,924.1386,1030.0599,1107.8002,728.8159,1136.9529,1088.3651,1059.2125,1107.8002,1166.1055,1253.5634,1350.7389,1467.3494,1496.5021,1486.7845,1535.3722
Romania,All sectors without LULUCF,Emissions (CO2eq) from CH4 (AR5),kilotonnes,25818.9565,25003.2882,25219.7213,25716.2287,26014.356,25099.7109,25519.5543,25834.7737,25659.7514,24840.0607,24596.9255,23343.0775,23493.9129,23109.7559,23794.4475,24060.7465,23678.9227,23763.2932,23396.7678,23427.0142,23067.0086
Romania,All sectors without LULUCF,Emissions (CO2eq) from N2O (AR5),kilotonnes,9659.069,9394.661,8503.7595,9049.2901,9978.4298,10036.5226,9160.1897,9259.1912,9641.3754,8781.1218,9885.4544,9853.9337,9129.2951,9646.8951,9597.432,9231.7845,9692.8125,10095.1763,10532.5411,9419.575,8708.9139
Romania,All sectors without LULUCF,Emissions (CO2eq) (AR5),kilotonnes,132046.2466,137908.5911,137776.0305,142048.0761,140108.8758,138455.6883,145542.8827,143820.4648,137443.567,120073.4184,119463.1828,124080.0463,119978.2104,108431.1412,108174.0849,110543.3344,108474.4741,113526.8189,114187.6109,111145.5738,105324.5947
Russian Federation,Crop Residues,Direct emissions (N2O),kilotonnes,15.1691,18.7748,19.074,15.107,17.2325,17.3671,17.2586,17.7631,22.5771,20.7628,13.8679,19.9501,15.5588,19.3185,22.0326,21.9887,24.2956,26.8918,23.288,24.6935,26.9115
Russian Federation,Crop Residues,Direct emissions (N2O),kilotonnes,29.8167,31.3304,31.0265,28.9896,29.591,29.3887,29.667,29.1675,32.933,31.6025,25.014,33.2342,29.268,33.0067,34.055,34.9549,38.195,39.1851,36.5753,38.6982,38.7649
Russian Federation,Crop Residues,Indirect emissions (N2O),kilotonnes,3.413,4.2243,4.2917,3.3991,3.8773,3.9076,3.8832,3.9967,5.0799,4.6716,3.1203,4.4888,3.5007,4.3467,4.9573,4.9475,5.4665,6.0507,5.2398,5.556,6.0551
Russian Federation,Crop Residues,Emissions (N2O),kilotonnes,18.5821,22.9991,23.3657,18.5061,21.1098,21.2747,21.1418,21.7598,27.657,25.4344,16.9882,24.4389,19.0596,23.6652,26.9899,26.9362,29.7621,32.9425,28.5277,30.2495,32.9665
Russian Federation,Crop Residues,Emissions (N2O),kilotonnes,29.8167,31.3304,31.0265,28.9896,29.591,29.3887,29.667,29.1675,32.933,31.6025,25.014,33.2342,29.268,33.0067,34.055,34.9549,38.195,39.1851,36.5753,38.6982,38.7649
Russian Federation,Crop Residues,Emissions (CO2eq) from N2O (AR5),kilotonnes,4924.256,6094.7651,6191.9035,4904.1099,5594.0945,5637.7995,5602.5815,5766.345,7329.0993,6740.1242,4501.8805,6476.2997,5050.7915,6271.2722,7152.3168,7138.0817,7886.9677,8729.7634,7559.8528,8016.1138,8736.1337
Russian Federation,Crop Residues,Emissions (CO2eq) from N2O (AR5),kilotonnes,7901.4133,8302.5494,8222.0122,7682.2515,7841.6201,7788.0155,7861.7638,7729.3829,8727.2478,8374.6652,6628.7218,8807.0656,7756.0233,8746.782,9024.5739,9263.0396,10121.6706,10384.0486,9692.4569,10255.0124,10272.6896
Russian Federation,Crop Residues,Emissions (CO2eq) (AR5),kilotonnes,4924.256,6094.7651,6191.9035,4904.1099,5594.0945,5637.7995,5602.5815,5766.345,7329.0993,6740.1242,4501.8805,6476.2997,5050.7915,6271.2722,7152.3168,7138.0817,7886.9677,8729.7634,7559.8528,8016.1138,8736.1337
Russian Federation,Crop Residues,Emissions (CO2eq) (AR5),kilotonnes,7901.4133,8302.5494,8222.0122,7682.2515,7841.6201,7788.0155,7861.7638,7729.3829,8727.2478,8374.6652,6628.7218,8807.0656,7756.0233,8746.782,9024.5739,9263.0396,10121.6706,10384.0486,9692.4569,10255.0124,10272.6896
Russian Federation,Rice Cultivation,Emissions (CH4),kilotonnes,46.928,39.844,36.428,40.04,35,38.276,43.736,43.96,44.912,49.6882,56.2458,58.0222,53.648,52.9147,54.7546,55.6923,57.0704,51.9817,50.4496,53.3935,54.8618
Russian Federation,Rice Cultivation,Emissions (CH4),kilotonnes,20.7872,18.1227,17.5383,18.3067,15.6911,17.2388,19.5857,19.5215,19.821,22.3135,24.9051,25.7507,24.6747,23.2204,24.0561,24.8757,25.4099,23.017,22.3096,23.9112,24.3763
Russian Federation,Rice Cultivation,Emissions (CO2eq) from CH4 (AR5),kilotonnes,1313.984,1115.632,1019.984,1121.12,980,1071.728,1224.608,1230.88,1257.536,1391.2707,1574.8835,1624.6205,1502.144,1481.611,1533.1277,1559.3838,1597.9723,1455.4882,1412.5877,1495.0174,1536.1304
Russian Federation,Rice Cultivation,Emissions (CO2eq) from CH4 (AR5),kilotonnes,582.043,507.4362,491.0726,512.5876,439.35,482.6869,548.3998,546.6029,554.9885,624.7786,697.3436,721.0199,690.893,650.17,673.5718,696.5196,711.4773,644.4767,624.67,669.5126,682.537
Russian Federation,Rice Cultivation,Emissions (CO2eq) (AR5),kilotonnes,1313.984,1115.632,1019.984,1121.12,980,1071.728,1224.608,1230.88,1257.536,1391.2707,1574.8835,1624.6205,1502.144,1481.611,1533.1277,1559.3838,1597.9723,1455.4882,1412.5877,1495.0174,1536.1304
Russian Federation,Rice Cultivation,Emissions (CO2eq) (AR5),kilotonnes,582.043,507.4362,491.0726,512.5876,439.35,482.6869,548.3998,546.6029,554.9885,624.7786,697.3436,721.0199,690.893,650.17,673.5718,696.5196,711.4773,644.4767,624.67,669.5126,682.537
Russian Federation,Burning - Crop residues,Emissions (CH4),kilotonnes,25.249,26.1323,28.1055,23.598,27.2892,29.0063,27.7467,29.1136,33.0697,32.0569,26.4373,31.4571,28.496,31.7908,33.1295,35.4445,37.2984,37.291,35.2716,36.8133,38.8405
Russian Federation,Burning - Crop residues,Emissions (N2O),kilotonnes,0.6546,0.6775,0.7287,0.6118,0.7075,0.752,0.7194,0.7548,0.8574,0.8311,0.6854,0.8156,0.7388,0.8242,0.8589,0.9189,0.967,0.9668,0.9144,0.9544,1.007
Russian Federation,Burning - Crop residues,Emissions (CO2eq) from CH4 (AR5),kilotonnes,706.9719,731.7056,786.9533,660.7432,764.0975,812.1763,776.9072,815.1797,925.9518,897.5942,740.2446,880.7995,797.8881,890.1419,927.6266,992.4458,1044.356,1044.1474,987.605,1030.7738,1087.5331
Russian Federation,Burning - Crop residues,Emissions (CO2eq) from N2O (AR5),kilotonnes,173.47,179.5389,193.095,162.1268,187.4869,199.284,190.63,200.0209,227.2011,220.243,181.6341,216.1221,195.7781,218.4144,227.6121,243.5168,256.254,256.2028,242.329,252.9213,266.8484
Russian Federation,Burning - Crop residues,Emissions (CO2eq) (AR5),kilotonnes,880.4418,911.2444,980.0483,822.8701,951.5844,1011.4603,967.5372,1015.2006,1153.153,1117.8372,921.8787,1096.9216,993.6661,1108.5563,1155.2387,1235.9627,1300.61,1300.3502,1229.9341,1283.6951,1354.3816
Russian Federation,Enteric Fermentation,Emissions (CH4),kilotonnes,2322.2339,2267.6452,2247.1623,2196.4426,2066.5438,1923.5747,1823.1069,1828.2884,1830.7,1796.0272,1762.4745,1711.0432,1725.0741,1715.2858,1687.7894,1665.143,1620.7638,1599.9097,1583.3705,1564.5634,1557.8134
Russian Federation,Enteric Fermentation,Emissions (CH4),kilotonnes,2049.4487,1990.3258,1963.7098,1932.6754,1846.6181,1720.4935,1639.7667,1660.7733,1694.7851,1658.4377,1619.1039,1577.3361,1604.6074,1620.4201,1595.8861,1587.3218,1575.8137,1575.1749,1574.6862,1560.2166,1561.5012
Russian Federation,Enteric Fermentation,Emissions (CO2eq) from CH4 (AR5),kilotonnes,65022.5496,63494.0652,62920.5448,61500.3939,57863.2266,53860.093,51046.994,51192.0739,51259.5989,50288.7616,49349.2849,47909.21,48302.0746,48028.0035,47258.1038,46624.005,45381.387,44797.4721,44334.3729,43807.7753,43618.7763
Russian Federation,Enteric Fermentation,Emissions (CO2eq) from CH4 (AR5),kilotonnes,57384.5629,55729.1216,54983.8731,54114.9103,51705.3074,48173.8186,45913.468,46501.6514,47453.9832,46436.2561,45334.9082,44165.4097,44929.0081,45371.7636,44684.8117,44445.0098,44122.7832,44104.8963,44091.2142,43686.0641,43722.035
Russian Federation,Enteric Fermentation,Emissions (CO2eq) (AR5),kilotonnes,65022.5496,63494.0652,62920.5448,61500.3939,57863.2266,53860.093,51046.994,51192.0739,51259.5989,50288.7616,49349.2849,47909.21,48302.0746,48028.0035,47258.1038,46624.005,45381.387,44797.4721,44334.3729,43807.7753,43618.7763
Russian Federation,Enteric Fermentation,Emissions (CO2eq) (AR5),kilotonnes,57384.5629,55729.1216,54983.8731,54114.9103,51705.3074,48173.8186,45913.468,46501.6514,47453.9832,46436.2561,45334.9082,44165.4097,44929.0081,45371.7636,44684.8117,44445.0098,44122.7832,44104.8963,44091.2142,43686.0641,43722.035
Russian Federation,Manure Management,Emissions (CH4),kilotonnes,345.0452,331.2296,330.1703,327.484,315.157,287.9141,281.2707,283.6143,285.3006,283.0671,286.3534,282.8795,286.6929,292.6495,290.337,293.4703,285.0179,284.9589,287.1992,286.2615,290.3571
Russian Federation,Manure Management,Emissions (CH4),kilotonnes,222.8817,211.3052,207.4077,210.9097,194.87,170.1828,169.355,182.0749,186.7877,179.9191,180.6056,184.4701,189.3394,199.4267,200.0827,202.8386,215.7901,211.0701,214.6382,217.6991,224.876
Russian Federation,Manure Management,Emissions (N2O),kilotonnes,20.3176,19.6112,19.5416,19.338,18.2187,16.8276,16.1273,16.3776,16.4309,16.1909,16.1603,15.8247,15.9954,16.1521,15.9749,15.9579,15.898,15.8271,15.8686,15.7868,15.9187
Russian Federation,Manure Management,Emissions (N2O),kilotonnes,24.424,24.0849,23.8143,23.8548,23.267,22.0333,21.6341,22.6316,23.5643,23.3741,23.6093,23.0176,23.3252,23.8577,23.6473,23.9435,24.7282,24.3914,24.5075,22.9948,24.5412
Russian Federation,Manure Management,Emissions (CO2eq) from CH4 (AR5),kilotonnes,9661.2667,9274.4302,9244.7686,9169.5527,8824.3956,8061.5944,7875.5806,7941.2015,7988.4172,7925.8787,8017.8964,7920.6249,8027.4001,8194.1851,8129.4372,8217.1671,7980.5001,7978.8493,8041.5786,8015.3213,8129.9999
Russian Federation,Manure Management,Emissions (CO2eq) from CH4 (AR5),kilotonnes,6240.6881,5916.5468,5807.4153,5905.4713,5456.3613,4765.1193,4741.9396,5098.0977,5230.0566,5037.7353,5056.957,5165.162,5301.5044,5583.9467,5602.3154,5679.4818,6042.1233,5909.9615,6009.8696,6095.5755,6296.5276
Russian Federation,Manure Management,Emissions (CO2eq) from N2O (AR5),kilotonnes,5384.1588,5196.97,5178.5357,5124.5594,4827.9511,4459.3039,4273.7409,4340.0531,4354.1892,4290.5763,4282.4732,4193.5338,4238.7686,4280.3101,4233.3406,4228.8304,4212.9741,4194.1692,4205.1772,4183.4959,4218.4578
Russian Federation,Manure Management,Emissions (CO2eq) from N2O (AR5),kilotonnes,6472.3696,6382.4949,6310.8011,6321.5127,6165.7547,5838.8254,5733.0448,5997.3858,6244.5373,6194.1293,6256.471,6099.6512,6181.1879,6322.2964,6266.5473,6345.0381,6552.9739,6463.7162,6494.4842,6093.6153,6503.4138
Russian Federation,Manure Management,Emissions (CO2eq) (AR5),kilotonnes,15045.4256,14471.4001,14423.3043,14294.112,13652.3467,12520.8984,12149.3214,12281.2546,12342.6064,12216.455,12300.3696,12114.1587,12266.1687,12474.4952,12362.7779,12445.9975,12193.4742,12173.0185,12246.7558,12198.8172,12348.4577
Russian Federation,Manure Management,Emissions (CO2eq) (AR5),kilotonnes,12713.0577,12299.0417,12118.2163,12226.9841,11622.116,10603.9447,10474.9844,11095.4834,11474.594,11231.8646,11313.428,11264.8132,11482.6923,11906.243,11868.8627,12024.5199,12595.0972,12373.6777,12504.3538,12189.1908,12799.9414
Russian Federation,Manure left on Pasture,Direct emissions (N2O),kilotonnes,13.8113,13.6044,13.6223,13.5225,13.0469,12.4628,11.9815,12.2338,12.4673,12.3579,12.2632,11.9687,12.2151,12.3894,12.2827,12.2383,11.936,11.8344,11.7438,11.4852,11.3898
Russian Federation,Manure left on Pasture,Indirect emissions (N2O),kilotonnes,3.7594,3.7161,3.7398,3.745,3.6736,3.5684,3.4718,3.5865,3.6898,3.6802,3.6707,3.596,3.6918,3.7827,3.7652,3.7691,3.686,3.6638,3.6343,3.5352,3.498
Russian Federation,Manure left on Pasture,Emissions (N2O),kilotonnes,17.5706,17.3205,17.3621,17.2675,16.7205,16.0312,15.4533,15.8204,16.1571,16.0381,15.9339,15.5647,15.9069,16.1721,16.0478,16.0074,15.622,15.4982,15.3781,15.0204,14.8878
Russian Federation,Manure left on Pasture,Emissions (CO2eq) from N2O (AR5),kilotonnes,4656.211,4589.9294,4600.9551,4575.8918,4430.9347,4248.271,4095.1327,4192.393,4281.6205,4250.0889,4222.481,4124.6327,4215.3317,4285.6141,4252.6723,4241.9587,4139.8361,4107.0196,4075.1881,3980.4039,3945.2765
Russian Federation,Manure left on Pasture,Emissions (CO2eq) (AR5),kilotonnes,4656.211,4589.9294,4600.9551,4575.8918,4430.9347,4248.271,4095.1327,4192.393,4281.6205,4250.0889,4222.481,4124.6327,4215.3317,4285.6141,4252.6723,4241.9587,4139.8361,4107.0196,4075.1881,3980.4039,3945.2765
Russian Federation,Manure applied to Soils,Direct emissions (N2O),kilotonnes,21.1071,20.4124,20.4334,20.3413,19.3433,18.028,17.4391,17.7462,17.9073,17.7467,17.8625,17.5896,17.885,18.2009,18.0502,18.1719,18.1793,18.1557,18.2367,18.0809,18.2174
Russian Federation,Manure applied to Soils,Direct emissions (N2O),kilotonnes,18.8139,18.6058,18.505,18.5512,18.1227,17.199,16.8707,17.7271,18.6025,18.4395,18.6195,18.2369,18.6836,19.2145,19.3911,19.5034,20.1944,20.0028,19.7326,18.3789,19.9509
Russian Federation,Manure applied to Soils,Indirect emissions (N2O),kilotonnes,8.9705,8.6753,8.6842,8.6451,8.2209,7.6619,7.4116,7.5421,7.6106,7.5424,7.5916,7.4756,7.6011,7.7354,7.6714,7.723,7.7262,7.7162,7.7506,7.6844,7.7424
Russian Federation,Manure applied to Soils,Emissions (N2O),kilotonnes,30.0776,29.0877,29.1176,28.9864,27.5642,25.6899,24.8507,25.2883,25.5179,25.2891,25.4541,25.0651,25.4862,25.9363,25.7216,25.8949,25.9055,25.8719,25.9873,25.7652,25.9598
Russian Federation,Manure applied to Soils,Emissions (N2O),kilotonnes,18.8139,18.6058,18.505,18.5512,18.1227,17.199,16.8707,17.7271,18.6025,18.4395,18.6195,18.2369,18.6836,19.2145,19.3911,19.5034,20.1944,20.0028,19.7326,18.3789,19.9509
Russian Federation,Manure applied to Soils,Emissions (CO2eq) from N2O (AR5),kilotonnes,7970.5592,7708.2331,7716.1545,7681.3925,7304.5239,6807.8345,6585.4315,6701.3907,6762.252,6701.611,6745.3297,6642.2565,6753.8334,6873.1098,6816.2226,6862.1467,6864.9445,6856.0428,6886.6239,6827.7863,6879.3544
Russian Federation,Manure applied to Soils,Emissions (CO2eq) from N2O (AR5),kilotonnes,4985.6945,4930.5372,4903.8288,4916.0575,4802.5156,4557.7448,4470.7404,4697.6723,4929.6697,4886.4686,4934.1775,4832.7768,4951.1626,5091.849,5138.6341,5168.3995,5351.5249,5300.7491,5229.13,4870.4183,5286.9824
Russian Federation,Manure applied to Soils,Emissions (CO2eq) (AR5),kilotonnes,7970.5592,7708.2331,7716.1545,7681.3925,7304.5239,6807.8345,6585.4315,6701.3907,6762.252,6701.611,6745.3297,6642.2565,6753.8334,6873.1098,6816.2226,6862.1467,6864.9445,6856.0428,6886.6239,6827.7863,6879.3544
Russian Federation,Manure applied to Soils,Emissions (CO2eq) (AR5),kilotonnes,4985.6945,4930.5372,4903.8288,4916.0575,4802.5156,4557.7448,4470.7404,4697.6723,4929.6697,4886.4686,4934.1775,4832.7768,4951.1626,5091.849,5138.6341,5168.3995,5351.5249,5300.7491,5229.13,4870.4183,5286.9824
Russian Federation,Synthetic Fertilizers,Direct emissions (N2O),kilotonnes,15.0857,17.1364,14.2529,13.2995,13.1728,13.5652,14.3732,16.4018,19.0105,19.4431,18.7421,19.8443,18.5396,18.3323,18.7706,19.8537,22.7105,23.7725,24.2317,27.1457,30.1151
Russian Federation,Synthetic Fertilizers,Direct emissions (N2O),kilotonnes,20.9323,19.371,20.6614,18.1191,17.9418,18.4821,19.5673,22.3322,25.8774,26.4428,25.4733,26.9916,25.2139,24.928,25.5245,26.9956,31.1005,32.555,33.1838,37.1764,41.243
Russian Federation,Synthetic Fertilizers,Indirect emissions (N2O),kilotonnes,4.9029,5.5693,4.6322,4.3223,4.2812,4.4087,4.6713,5.3306,6.1784,6.319,6.0912,6.4494,6.0254,5.958,6.1004,6.4525,7.3809,7.7261,7.8753,8.8224,9.7874
Russian Federation,Synthetic Fertilizers,Emissions (N2O),kilotonnes,19.9886,22.7058,18.885,17.6218,17.454,17.9739,19.0445,21.7324,25.1889,25.7621,24.8333,26.2937,24.5649,24.2903,24.871,26.3062,30.0914,31.4986,32.107,35.9681,39.9026
Russian Federation,Synthetic Fertilizers,Emissions (N2O),kilotonnes,20.9323,19.371,20.6614,18.1191,17.9418,18.4821,19.5673,22.3322,25.8774,26.4428,25.4733,26.9916,25.2139,24.928,25.5245,26.9956,31.1005,32.555,33.1838,37.1764,41.243
Russian Federation,Synthetic Fertilizers,Emissions (CO2eq) from N2O (AR5),kilotonnes,5296.9714,6017.0285,5004.5345,4669.7769,4625.3044,4763.0809,5046.7999,5759.077,6675.0668,6826.9685,6580.8249,6967.8349,6509.702,6436.9238,6590.8119,6971.1455,7974.2153,8347.1166,8508.3542,9531.5359,10574.1785
Russian Federation,Synthetic Fertilizers,Emissions (CO2eq) from N2O (AR5),kilotonnes,5547.0593,5133.3169,5475.2731,4801.5541,4754.5671,4897.7599,5185.3276,5918.0329,6857.5042,7007.3324,6750.4156,7152.7848,6681.6839,6605.9179,6764.0054,7153.8379,8241.6265,8627.0869,8793.7189,9851.7436,10929.4021
Russian Federation,Synthetic Fertilizers,Emissions (CO2eq) (AR5),kilotonnes,5296.9714,6017.0285,5004.5345,4669.7769,4625.3044,4763.0809,5046.7999,5759.077,6675.0668,6826.9685,6580.8249,6967.8349,6509.702,6436.9238,6590.8119,6971.1455,7974.2153,8347.1166,8508.3542,9531.5359,10574.1785
Russian Federation,Synthetic Fertilizers,Emissions (CO2eq) (AR5),kilotonnes,5547.0593,5133.3169,5475.2731,4801.5541,4754.5671,4897.7599,5185.3276,5918.0329,6857.5042,7007.3324,6750.4156,7152.7848,6681.6839,6605.9179,6764.0054,7153.8379,8241.6265,8627.0869,8793.7189,9851.7436,10929.4021
Russian Federation,Drained organic soils,Emissions (CO2eq) (AR5),kilotonnes,60776.6446,60780.2625,60768.9497,60680.711,60755.3085,60675.7589,60486.0716,60304.2873,60141.6588,59975.6664,60182.3797,60455.7548,60831.6245,60791.072,60691.6967,60728.5684,61137.9211,61246.257,61968.6899,62437.6048,62725.0347
Russian Federation,Drained organic soils,Emissions (CO2eq) (AR5),kilotonnes,16746.8345,16481.1806,16204.4964,15625.4093,15368.4625,15002.2678,14718.7303,14600.6104,14510.9116,14517.9076,14377.6545,14308.1526,14292.4324,14263.1575,14255.7867,14264.5317,14255.4535,14291.1415,14303.1971,14282.7921,14265.6352
Russian Federation,Drained organic soils (CO2),Emissions (CO2),kilotonnes,51198.1977,51201.2611,51191.7382,51117.4153,51180.2904,51113.288,50953.4844,50800.3388,50663.3409,50523.4991,50697.5434,50927.7909,51244.4334,51210.2752,51126.5776,51157.6418,51502.5413,51593.8238,52202.4233,52597.5085,52839.6553
Russian Federation,Drained organic soils (CO2),Emissions (CO2eq) (AR5),kilotonnes,51198.1977,51201.2611,51191.7382,51117.4153,51180.2904,51113.288,50953.4844,50800.3388,50663.3409,50523.4991,50697.5434,50927.7909,51244.4334,51210.2752,51126.5776,51157.6418,51502.5413,51593.8238,52202.4233,52597.5085,52839.6553
Russian Federation,Drained organic soils (N2O),Emissions (N2O),kilotonnes,36.1451,36.1472,36.1404,36.0879,36.1321,36.0848,35.972,35.864,35.7672,35.6686,35.7918,35.9546,36.1781,36.154,36.0948,36.1167,36.3599,36.4243,36.8538,37.1324,37.3033
Russian Federation,Drained organic soils (N2O),Emissions (N2O),kilotonnes,63.1956,62.1931,61.149,58.9638,57.9942,56.6123,55.5424,55.0966,54.7582,54.7846,54.2553,53.993,53.9337,53.8232,53.7954,53.8284,53.7942,53.9288,53.9743,53.8973,53.8326
Russian Federation,Drained organic soils (N2O),Emissions (CO2eq) from N2O (AR5),kilotonnes,9578.4469,9579.0014,9577.2115,9563.2958,9575.0181,9562.4709,9532.5872,9503.9485,9478.3179,9452.1673,9484.8363,9527.9639,9587.1911,9580.7968,9565.1191,9570.9266,9635.3797,9652.4332,9766.2666,9840.0963,9885.3794
Russian Federation,Drained organic soils (N2O),Emissions (CO2eq) from N2O (AR5),kilotonnes,16746.8345,16481.1806,16204.4964,15625.4093,15368.4625,15002.2678,14718.7303,14600.6104,14510.9116,14517.9076,14377.6545,14308.1526,14292.4324,14263.1575,14255.7867,14264.5317,14255.4535,14291.1415,14303.1971,14282.7921,14265.6352
Russian Federation,Drained organic soils (N2O),Emissions (CO2eq) (AR5),kilotonnes,9578.4469,9579.0014,9577.2115,9563.2958,9575.0181,9562.4709,9532.5872,9503.9485,9478.3179,9452.1673,9484.8363,9527.9639,9587.1911,9580.7968,9565.1191,9570.9266,9635.3797,9652.4332,9766.2666,9840.0963,9885.3794
Russian Federation,Drained organic soils (N2O),Emissions (CO2eq) (AR5),kilotonnes,16746.8345,16481.1806,16204.4964,15625.4093,15368.4625,15002.2678,14718.7303,14600.6104,14510.9116,14517.9076,14377.6545,14308.1526,14292.4324,14263.1575,14255.7867,14264.5317,14255.4535,14291.1415,14303.1971,14282.7921,14265.6352
Russian Federation,On-farm energy use,Emissions (CH4),kilotonnes,10.0219,10.3155,8.5943,7.6365,7.0421,7.0988,6.9386,6.5493,6.1188,6.1876,6.0434,6.2447,6.4301,6.3695,7.4687,7.2484,6.4272,5.9714,6.0911,5.8155,5.8155
Russian Federation,On-farm energy use,Emissions (N2O),kilotonnes,6.9964,7.019,5.1333,5.4919,5.1833,5.6481,5.4299,5.5901,5.8015,4.0713,4.0329,5.2243,4.1557,3.7843,4.9186,4.3283,3.7883,3.9318,3.8538,3.6408,3.6408
Russian Federation,On-farm energy use,Emissions (CO2),kilotonnes,24000.0092,24110.5262,18903.0324,19384.853,18521.1787,19863.3969,19461.4448,21902.188,22448.851,18171.2691,17164.9906,20235.7778,17811.5362,17930.5886,20798.6668,19076.7868,17854.4639,18218.4692,18691.3824,18269.9255,18269.9255
Russian Federation,On-farm energy use,Emissions (CO2eq) from CH4 (AR5),kilotonnes,280.6126,288.8347,240.6394,213.8225,197.1801,198.767,194.282,183.3811,171.3259,173.2529,169.2152,174.8521,180.0423,178.3453,209.1248,202.9565,179.9626,167.1988,170.5502,162.8353,162.8353
Russian Federation,On-farm energy use,Emissions (CO2eq) from N2O (AR5),kilotonnes,1854.0536,1860.0234,1360.3311,1455.3426,1373.5846,1496.752,1438.9232,1481.3769,1537.4065,1078.8904,1068.7233,1384.4401,1101.2583,1002.8368,1303.4261,1147.0046,1003.9056,1041.9298,1021.2438,964.8074,964.8074
Russian Federation,On-farm energy use,Emissions (CO2eq) (AR5),kilotonnes,26134.6753,26259.3843,20504.0029,21054.0181,20091.9434,21558.9158,21094.6499,23566.946,24157.5834,19423.4123,18402.9291,21795.0701,19092.8368,19111.7708,22311.2177,20426.7479,19038.332,19427.5978,19883.1764,19397.5682,19397.5682
Russian Federation,Forestland,Emissions (CO2),kilotonnes,-441448.2211,-797183.079,-797183.079,-797183.079,-797183.079,-797183.079,-797183.079,-797183.079,-797183.079,-797183.079,-797183.079,-731109.2247,-731109.2247,-731109.2247,-731109.2247,-731109.2247,-622211.7411,-622211.7411,-622211.7411,-622211.7411,-622211.7411
Russian Federation,Forestland,Emissions (CO2),kilotonnes,-741005.1407,-770662.5276,-782535.5695,-792247.5011,-779927.4112,-760605.1466,-784122.8468,-779997.6317,-815675.4055,-904457.3378,-899714.9962,-864864.8577,-878111.3866,-850909.1503,-845165.0442,-839071.6446,-823942.518,-809924.196,-798290.0139,-784981.6256,-772937.8498
Russian Federation,Forestland,Emissions (CO2eq) (AR5),kilotonnes,-441448.2211,-797183.079,-797183.079,-797183.079,-797183.079,-797183.079,-797183.079,-797183.079,-797183.079,-797183.079,-797183.079,-731109.2247,-731109.2247,-731109.2247,-731109.2247,-731109.2247,-622211.7411,-622211.7411,-622211.7411,-622211.7411,-622211.7411
Russian Federation,Forestland,Emissions (CO2eq) (AR5),kilotonnes,-741005.1407,-770662.5276,-782535.5695,-792247.5011,-779927.4112,-760605.1466,-784122.8468,-779997.6317,-815675.4055,-904457.3378,-899714.9962,-864864.8577,-878111.3866,-850909.1503,-845165.0442,-839071.6446,-823942.518,-809924.196,-798290.0139,-784981.6256,-772937.8498
Russian Federation,Net Forest conversion,Emissions (CO2),kilotonnes,38673.5331,0,0,0,0,0,0,0,0,0,0,15185.104,15185.104,15185.104,15185.104,15185.104,34533.949,34533.949,34533.949,34533.949,34533.949
Russian Federation,Net Forest conversion,Emissions (CO2),kilotonnes,9882.6517,8134.4147,8303.3757,7670.6642,7569.7818,7132.4374,7204.1981,7130.3963,5678.1327,8318.325,3720.8367,7780.3282,6796.3743,5189.3004,5401.6945,14270.0221,4465.4528,4979.429,4947.1367,12482.253,2204.7697
Russian Federation,Net Forest conversion,Emissions (CO2eq) (AR5),kilotonnes,38673.5331,0,0,0,0,0,0,0,0,0,0,15185.104,15185.104,15185.104,15185.104,15185.104,34533.949,34533.949,34533.949,34533.949,34533.949
Russian Federation,Net Forest conversion,Emissions (CO2eq) (AR5),kilotonnes,9882.6517,8134.4147,8303.3757,7670.6642,7569.7818,7132.4374,7204.1981,7130.3963,5678.1327,8318.325,3720.8367,7780.3282,6796.3743,5189.3004,5401.6945,14270.0221,4465.4528,4979.429,4947.1367,12482.253,2204.7697
Russian Federation,Savanna fires,Emissions (CH4),kilotonnes,53.617,79.5895,100.7082,190.1197,45.8972,68.9194,75.9647,61.298,126.1372,70.4958,92.798,89.9601,109.2729,60.2009,108.1087,63.0658,76.2598,52.102,89.1583,101.7241,106.1158
Russian Federation,Savanna fires,Emissions (N2O),kilotonnes,4.8955,7.2669,9.1951,17.3588,4.1906,6.2926,6.9359,5.5968,11.5169,6.4366,8.4729,8.2137,9.9771,5.4966,9.8708,5.7582,6.9629,4.7571,8.1405,9.2879,9.6888
Russian Federation,Savanna fires,Emissions (CO2eq) from CH4 (AR5),kilotonnes,1501.2747,2228.5047,2819.8307,5323.3522,1285.1217,1929.7433,2127.0107,1716.3444,3531.8429,1973.8831,2598.3448,2518.8824,3059.6425,1685.6241,3027.0429,1765.8424,2135.2742,1458.8564,2496.4323,2848.2758,2971.2434
Russian Federation,Savanna fires,Emissions (CO2eq) from N2O (AR5),kilotonnes,1297.2974,1925.7187,2436.7016,4600.0707,1110.5127,1667.5499,1838.0147,1483.1454,3051.9729,1705.6925,2245.3088,2176.643,2643.9302,1456.599,2615.7599,1525.9182,1845.1554,1260.6422,2157.2431,2461.2818,2567.5419
Russian Federation,Savanna fires,Emissions (CO2eq) (AR5),kilotonnes,2798.5721,4154.2234,5256.5323,9923.4229,2395.6344,3597.2933,3965.0254,3199.4897,6583.8158,3679.5756,4843.6536,4695.5254,5703.5727,3142.2231,5642.8029,3291.7605,3980.4296,2719.4987,4653.6755,5309.5576,5538.7853
Russian Federation,Fires in organic soils,Emissions (CH4),kilotonnes,0,0,0,0,0,0,0,0,0,0,0,0,0,0,0,0,0,0,0,0,0
Russian Federation,Fires in organic soils,Emissions (CO2),kilotonnes,0,0,0,0,0,0,0,0,0,0,0,0,0,0,0,0,0,0,0,0,0
Russian Federation,Fires in organic soils,Emissions (CO2eq) from CH4 (AR5),kilotonnes,0,0,0,0,0,0,0,0,0,0,0,0,0,0,0,0,0,0,0,0,0
Russian Federation,Fires in organic soils,Emissions (CO2eq) (AR5),kilotonnes,0,0,0,0,0,0,0,0,0,0,0,0,0,0,0,0,0,0,0,0,0
Russian Federation,Forest fires,Emissions (CH4),kilotonnes,264.3422,62.4777,84.2685,148.9414,151.8443,72.4609,114.5692,58.4785,218.0568,90.9403,114.4236,121.1527,148.223,56.8237,134.9721,57.9613,137.7197,77.8497,137.4761,112.568,63.8958
Russian Federation,Forest fires,Emissions (N2O),kilotonnes,14.6232,5.7045,7.6941,13.599,13.864,6.616,10.4607,5.3393,19.9095,8.3032,10.4474,11.0618,13.5334,5.1882,12.3235,5.2921,12.5744,7.108,12.5522,10.2779,5.834
Russian Federation,Forest fires,Emissions (CO2eq) from CH4 (AR5),kilotonnes,7401.582,1749.3756,2359.5175,4170.3583,4251.6401,2028.9064,3207.9389,1637.3983,6105.5914,2546.3291,3203.8607,3392.2754,4150.2449,1591.0633,3779.22,1622.9169,3856.1529,2179.7909,3849.3316,3151.9042,1789.0828
Russian Federation,Forest fires,Emissions (CO2eq) from N2O (AR5),kilotonnes,3875.1443,1511.6887,2038.9309,3603.7336,3673.9716,1753.2398,2772.0776,1414.9257,5276.0274,2200.3604,2768.5535,2931.3684,3586.3529,1374.8862,3265.7391,1402.4119,3332.2191,1883.6237,3326.3246,2723.6564,1546.0009
Russian Federation,Forest fires,Emissions (CO2eq) (AR5),kilotonnes,11276.7263,3261.0644,4398.4483,7774.0919,7925.6117,3782.1462,5980.0165,3052.3239,11381.6188,4746.6895,5972.4142,6323.6437,7736.5978,2965.9495,7044.9591,3025.3288,7188.372,4063.4146,7175.6562,5875.5606,3335.0838
Russian Federation,Fires in humid tropical forests,Emissions (CH4),kilotonnes,0,0,0,0,0,0,0,0,0,0,0,0,0,0,0,0,0,0,0,0,0
Russian Federation,Fires in humid tropical forests,Emissions (N2O),kilotonnes,0,0,0,0,0,0,0,0,0,0,0,0,0,0,0,0,0,0,0,0,0
Russian Federation,Fires in humid tropical forests,Emissions (CO2eq) from CH4 (AR5),kilotonnes,0,0,0,0,0,0,0,0,0,0,0,0,0,0,0,0,0,0,0,0,0
Russian Federation,Fires in humid tropical forests,Emissions (CO2eq) from N2O (AR5),kilotonnes,0,0,0,0,0,0,0,0,0,0,0,0,0,0,0,0,0,0,0,0,0
Russian Federation,Fires in humid tropical forests,Emissions (CO2eq) (AR5),kilotonnes,0,0,0,0,0,0,0,0,0,0,0,0,0,0,0,0,0,0,0,0,0
Russian Federation,Waste - agri-food systems,Emissions (CH4),kilotonnes,987.5438,1000.5707,1010.0752,1024.1708,1033.7262,1043.3733,1056.5454,1071.3111,1080.3095,1083.4211,1091.6206,1102.3648,1110.1912,1114.1566,1087.9328,1082.3812,1082.9114,1089.6382,1096.1252,1102.4115,1107.4646
Russian Federation,Waste - agri-food systems,Emissions (N2O),kilotonnes,6.356,6.4293,6.4917,6.5879,6.5997,6.7799,6.8455,7.056,7.1236,7.1311,7.2921,7.3226,7.4899,7.4632,7.3067,7.3258,7.2616,7.3026,7.3129,7.321,7.3181
Russian Federation,Waste - agri-food systems,Emissions (CO2),kilotonnes,0,0,0,0,0,0,0,0,0,0,0,0,0,0,0,0,0,0,0,0,0
Russian Federation,Waste - agri-food systems,Emissions (CO2eq) from CH4 (AR5),kilotonnes,27651.2275,28015.9802,28282.1066,28676.7818,28944.3329,29214.4527,29583.2725,29996.7095,30248.666,30335.7918,30565.3774,30866.2155,31085.3535,31196.3847,30462.1187,30306.6732,30321.5193,30509.8704,30691.5053,30867.523,31009.0089
Russian Federation,Waste - agri-food systems,Emissions (CO2eq) from N2O (AR5),kilotonnes,1684.3506,1703.7674,1720.3068,1745.789,1748.9324,1796.6653,1814.0631,1869.8428,1887.7486,1889.7385,1932.408,1940.4869,1984.8311,1977.7395,1936.2885,1941.3478,1924.3121,1935.1785,1937.9221,1940.0745,1939.2944
Russian Federation,Waste - agri-food systems,Emissions (CO2eq) (AR5),kilotonnes,29335.5781,29719.7476,30002.4134,30422.5708,30693.2653,31011.1179,31397.3355,31866.5524,32136.4146,32225.5304,32497.7854,32806.7025,33070.1846,33174.1242,32398.4072,32248.021,32245.8314,32445.049,32629.4274,32807.5975,32948.3033
Russian Federation,Fertilizers Manufacturing,Emissions (N2O),kilotonnes,25.0473,26.3706,27.8281,29.463,29.7265,30.7544,33.0223,32.9468,34.3309,32.1149,38.1268,40.6194,39.4595,40.7978,40.0068,41.6267,45.0817,42.7245,40.8967,42.4414,40.4488
Russian Federation,Fertilizers Manufacturing,Emissions (CO2),kilotonnes,6240.0171,7512.6397,8837.0605,10239.2276,11150.9303,12320.1979,14008.2305,14698.7586,16017.5316,16877.2244,20198.0027,21164.5487,20180.0637,19168.4337,23182.6723,23682.5232,25570.1455,27490.3495,26174.0596,26420.8021,24952.9798
Russian Federation,Fertilizers Manufacturing,Emissions (CO2eq) from N2O (AR5),kilotonnes,6637.5345,6988.209,7374.4465,7807.695,7877.5225,8149.916,8750.9095,8730.902,9097.6885,8510.4485,10103.602,10764.141,10456.7675,10811.417,10601.802,11031.0755,11946.6505,11321.9925,10837.6255,11246.971,10718.9442
Russian Federation,Fertilizers Manufacturing,Emissions (CO2eq) (AR5),kilotonnes,12877.5516,14500.8487,16211.507,18046.9226,19028.4528,20470.1139,22759.14,23429.6606,25115.2201,25387.6729,30301.6047,31928.6897,30636.8312,29979.8507,33784.4743,34713.5987,37516.796,38812.342,37011.6851,37667.7731,35671.924
Russian Federation,On-farm electricity use,Emissions (CH4),kilotonnes,36.254,30.5086,27.2388,24.4165,21.5906,20.4759,20.4567,19.7391,18.952,18.4468,19.1619,18.1564,18.6784,18.4588,19.4152,19.7848,20.8335,21.8043,22.5562,23.1845,23.1845
Russian Federation,On-farm electricity use,Emissions (N2O),kilotonnes,0.1936,0.1629,0.1454,0.1304,0.1153,0.1093,0.1092,0.1054,0.1012,0.0985,0.1023,0.097,0.0997,0.0986,0.1037,0.1057,0.1113,0.1165,0.1204,0.1238,0.1238
Russian Federation,On-farm electricity use,Emissions (CO2),kilotonnes,11898.2963,10138.7578,9243.9167,8377.1495,7225.3141,7445.7808,7590.8726,7043.8439,6733.4386,6174.5101,6578.6292,6617.555,6674.3739,6505.6713,6842.733,6972.9902,7342.6161,7684.7951,7949.7925,8171.2044,8171.2044
Russian Federation,On-farm electricity use,Emissions (CO2eq) from CH4 (AR5),kilotonnes,1015.112,854.2408,762.6864,683.662,604.5368,573.3252,572.7876,552.6948,530.656,516.5104,536.5332,508.3792,522.9952,516.8464,543.6256,553.9744,583.338,610.5204,631.5736,649.166,649.166
Russian Federation,On-farm electricity use,Emissions (CO2eq) from N2O (AR5),kilotonnes,51.304,43.1685,38.531,34.556,30.5545,28.9645,28.938,27.931,26.818,26.1025,27.1095,25.705,26.4205,26.129,27.4805,28.0105,29.4945,30.8725,31.906,32.807,32.807
Russian Federation,On-farm electricity use,Emissions (CO2eq) (AR5),kilotonnes,12964.7123,11036.1671,10045.1341,9095.3675,7860.4054,8048.0705,8192.5982,7624.4697,7290.9126,6717.123,7142.2719,7151.6392,7223.7896,7048.6467,7413.8391,7554.9751,7955.4486,8326.188,8613.2721,8853.1774,8853.1774
Russian Federation,Food Processing,Emissions (CH4),kilotonnes,52.3025,52.3622,53.5123,54.0526,52.276,53.8211,58.3006,57.3974,55.5513,54.0546,52.1912,57.2176,58.6734,53.6721,48.5222,45.1902,49.3426,52.2985,49.6507,49.6507,46.4352
Russian Federation,Food Processing,Emissions (N2O),kilotonnes,0.3344,0.3341,0.3389,0.3324,0.327,0.3238,0.3457,0.3307,0.3237,0.3154,0.3061,0.3335,0.3437,0.3173,0.2946,0.2797,0.311,0.3259,0.3075,0.3075,0.2931
Russian Federation,Food Processing,Emissions (CO2),kilotonnes,24449.5172,24796.2025,25703.5851,24555.5781,23422.0117,24465.7331,26422.4857,23492.8664,23679.1048,22702.2068,23419.0353,26885.7607,27331.0701,25146.0847,24064.6159,22541.1417,24564.1611,25257.1593,24554.9015,24554.9015,23190.7403
Russian Federation,Food Processing,Emissions (CO2eq) from CH4 (AR5),kilotonnes,1464.47,1466.1416,1498.3444,1513.4728,1463.728,1506.9908,1632.4168,1607.1272,1555.4364,1513.5288,1461.3536,1602.0928,1642.8552,1502.8188,1358.6216,1265.3256,1381.5928,1464.358,1390.2196,1390.2196,1300.1863
Russian Federation,Food Processing,Emissions (CO2eq) from N2O (AR5),kilotonnes,88.616,88.5365,89.8085,88.086,86.655,85.807,91.6105,87.6355,85.7805,83.581,81.1165,88.3775,91.0805,84.0845,78.069,74.1205,82.415,86.3635,81.4875,81.4875,77.6618
Russian Federation,Food Processing,Emissions (CO2eq) (AR5),kilotonnes,26002.6032,26350.8806,27291.738,26157.1369,24972.3947,26058.5309,28146.513,25187.6291,25320.3217,24299.3166,24961.5054,28576.231,29065.0058,26732.988,25501.3065,23880.5878,26028.1689,26807.8808,26026.6086,26026.6086,24568.5884
Russian Federation,Food Packaging,Emissions (CH4),kilotonnes,20.5011,21.4173,21.4153,21.827,22.2813,20.2407,21.3992,25.3743,24.2618,22.5668,25.1281,27.506,27.0339,24.9206,25.7595,27.1822,26.0928,26.1125,26.055,28.3511,26.515
Russian Federation,Food Packaging,Emissions (N2O),kilotonnes,0.1341,0.1399,0.1407,0.1407,0.1445,0.1187,0.1252,0.1463,0.1425,0.1325,0.1466,0.16,0.1583,0.146,0.1509,0.1586,0.1528,0.1532,0.1535,0.1665,0.1587
Russian Federation,Food Packaging,Emissions (CO2),kilotonnes,12274.295,12676.6594,12997.3969,13276.1184,13458.9089,12950.2433,13935.0286,14803.6613,15266.8399,13768.851,14897.3006,16242.4958,16151.7406,15226.6263,15964.4809,16285.4534,15595.9991,15835.0768,15554.4599,17915.1217,16919.8372
Russian Federation,Food Packaging,Emissions (CO2eq) from CH4 (AR5),kilotonnes,574.0308,599.6844,599.6284,611.156,623.8764,566.7396,599.1776,710.4804,679.3304,631.8704,703.5868,770.168,756.9492,697.7768,721.266,761.1016,730.5984,731.15,729.54,793.8308,742.4208
Russian Federation,Food Packaging,Emissions (CO2eq) from N2O (AR5),kilotonnes,35.5365,37.0735,37.2855,37.2855,38.2925,31.4555,33.178,38.7695,37.7625,35.1125,38.849,42.4,41.9495,38.69,39.9885,42.029,40.492,40.598,40.6775,44.1225,42.051
Russian Federation,Food Packaging,Emissions (CO2eq) (AR5),kilotonnes,12883.8623,13313.4173,13634.3108,13924.5599,14121.0778,13548.4384,14567.3842,15552.9112,15983.9328,14435.8339,15639.7364,17055.0638,16950.6393,15963.0931,16725.7354,17088.584,16367.0895,16606.8248,16324.6774,18753.075,17704.309
Russian Federation,Food Retail,Emissions (CH4),kilotonnes,317.6782,244.3594,243.9484,247.9947,252.7915,418.2675,417.7871,431.8602,432.0314,412.5653,347.4535,330.7174,333.2508,374.9256,408.2027,387.9162,404.5671,442.7347,421.6071,405.3975,379.1432
Russian Federation,Food Retail,Emissions (N2O),kilotonnes,1.7009,1.309,1.3071,1.3286,1.354,2.2564,2.2511,2.3272,2.3366,2.2276,1.8797,1.7916,1.8052,2.0234,2.1959,2.0899,2.1781,2.3811,2.2648,2.1888,2.086
Russian Federation,Food Retail,Emissions (CO2),kilotonnes,116666.815,89980.5892,89786.9138,91364.2624,93077.5367,154567.7068,154313.8848,160121.8015,160307.8027,152469.8501,128885.334,122898.4897,123743.5345,138575.7839,150375.8439,143131.376,149094.349,163021.3164,155052.6242,149845.7115,141520.9497
Russian Federation,Food Retail,Emissions (CO2eq) from F-gases (AR5),kilotonnes,2090.9875,2802.7025,3716.503,4850.052,6153.4775,7083.3825,8194.593,9357.234,9902.1895,10438.833,10758.845,11085.6105,11432.6365,11808.235,11808.235,11808.235,13264.913,13769.3475,14273.782,14778.2165,15826.9932
Russian Federation,Food Retail,Emissions (CO2eq) from CH4 (AR5),kilotonnes,8894.9896,6842.0632,6830.5552,6943.8516,7078.162,11711.49,11698.0388,12092.0856,12096.8792,11551.8284,9728.698,9260.0872,9331.0224,10497.9168,11429.6756,10861.6536,11327.8788,12396.5716,11804.9988,11351.13,10616.0092
Russian Federation,Food Retail,Emissions (CO2eq) from N2O (AR5),kilotonnes,450.7385,346.885,346.3815,352.079,358.81,597.946,596.5415,616.708,619.199,590.314,498.1205,474.774,478.378,536.201,581.9135,553.8235,577.1965,630.9915,600.172,580.032,552.8005
Russian Federation,Food Retail,Emissions (CO2eq) (AR5),kilotonnes,128103.5306,99972.2399,100680.3535,103510.245,106667.9862,173960.5253,174803.0581,182187.8291,182926.0704,175050.8255,149870.9975,143718.9614,144985.5714,161418.1367,174195.668,166355.0881,174264.3373,189818.227,181731.577,176555.09,168516.7526
Russian Federation,Food Household Consumption,Emissions (CH4),kilotonnes,59.6906,62.1808,50.1502,47.2657,46.7047,31.1539,33.483,31.3403,33.6044,30.4865,30.0533,30.2866,30.2901,29.4056,32.3853,35.6171,36.8403,36.9557,38.0836,38.0836,35.6172
Russian Federation,Food Household Consumption,Emissions (N2O),kilotonnes,0.3352,0.3473,0.2861,0.2725,0.2686,0.1928,0.2062,0.1963,0.209,0.1867,0.1848,0.1866,0.1831,0.1809,0.2006,0.2182,0.2241,0.2314,0.246,0.246,0.2345
Russian Federation,Food Household Consumption,Emissions (CO2),kilotonnes,36452.8606,37274.6141,33266.9736,33618.8523,32460.2121,27345.4,28842.5802,27790.7598,29185.8828,27129.5659,26865.3935,27556.3637,24895.0653,25324.3578,28993.7761,31028.1404,32974.2691,36530.2106,43299.3074,43299.3074,40893.7903
Russian Federation,Food Household Consumption,Emissions (CO2eq) from CH4 (AR5),kilotonnes,1671.3368,1741.0624,1404.2056,1323.4396,1307.7316,872.3092,937.524,877.5284,940.9232,853.622,841.4924,848.0248,848.1228,823.3568,906.7884,997.2788,1031.5284,1034.7596,1066.3408,1066.3408,997.2825
Russian Federation,Food Household Consumption,Emissions (CO2eq) from N2O (AR5),kilotonnes,88.828,92.0345,75.8165,72.2125,71.179,51.092,54.643,52.0195,55.385,49.4755,48.972,49.449,48.5215,47.9385,53.159,57.823,59.3865,61.321,65.19,65.19,62.1294
Russian Federation,Food Household Consumption,Emissions (CO2eq) (AR5),kilotonnes,38213.0254,39107.711,34746.9957,35014.5044,33839.1227,28268.8012,29834.7472,28720.3077,30182.191,28032.6634,27755.8579,28453.8375,25791.7096,26195.6531,29953.7235,32083.2422,34065.184,37626.2912,44430.8382,44430.8382,41953.2023
Russian Federation,Food Transport,Emissions (CH4),kilotonnes,2.4897,2.5923,2.5639,2.439,2.4553,2.4161,2.4343,2.3612,2.3847,2.1823,2.0925,2.1251,2.1424,2.1536,2.2359,2.2224,2.1969,2.2072,2.0935,1.4626,1.3679
Russian Federation,Food Transport,Emissions (N2O),kilotonnes,0.6523,0.6263,0.6853,0.6905,0.7717,0.8068,0.8852,0.8568,0.8447,0.814,0.7876,0.8667,0.8168,0.8281,0.8269,0.8196,0.805,0.8699,0.8182,0.7441,0.7092
Russian Federation,Food Transport,Emissions (CO2),kilotonnes,12554.45,13073.2,13054.4,13209.35,14079.15,13930.7,14840.8,14614.7,15891.05,16346.5,16510.9,16939.8,16493.6,16927.7,17614,17472.35,16983.9,17509.45,16453.05,16303.6409,15397.8831
Russian Federation,Food Transport,Emissions (CO2eq) from CH4 (AR5),kilotonnes,69.7116,72.5844,71.7892,68.292,68.7484,67.6508,68.1604,66.1136,66.7716,61.1044,58.59,59.5028,59.9872,60.3008,62.6052,62.2272,61.5132,61.8016,58.618,40.9528,38.3006
Russian Federation,Food Transport,Emissions (CO2eq) from N2O (AR5),kilotonnes,172.8595,165.9695,181.6045,182.9825,204.5005,213.802,234.578,227.052,223.8455,215.71,208.714,229.6755,216.452,219.4465,219.1285,217.194,213.325,230.5235,216.823,197.1865,187.9289
Russian Federation,Food Transport,Emissions (CO2eq) (AR5),kilotonnes,12797.0211,13311.7539,13307.7937,13460.6245,14352.3989,14212.1528,15143.5384,14907.8656,16181.6671,16623.3144,16778.204,17228.9783,16770.0392,17207.4473,17895.7337,17751.7712,17258.7382,17801.7751,16728.491,16541.7802,15624.1126
Russian Federation,Energy,Emissions (CH4),kilotonnes,7460,7670,7620,8000,8230,8490,8680,8760,8910,8350,8840,8990,9290,9380,9410,9530,9700,10200,10400,10500,9820
Russian Federation,Energy,Emissions (N2O),kilotonnes,21.8,21.8,20.2,20.8,20.9,21.5,21.9,22.5,22.7,19.7,19.8,22.3,21.7,20.9,21.7,21.7,21,21.6,21.2,21.3,20.3
Russian Federation,Energy,Emissions (CO2),kilotonnes,1560000,1560000,1550000,1600000,1620000,1620000,1670000,1660000,1710000,1590000,1670000,1760000,1800000,1730000,1740000,1730000,1770000,1750000,1820000,1800000,1700000
Russian Federation,Energy,Emissions (CO2eq) from CH4 (AR5),kilotonnes,208880,214760,213360,224000,230440,237720,243040,245280,249480,233800,247520,251720,260120,262640,263480,266840,271600,285600,291200,294000,274960
Russian Federation,Energy,Emissions (CO2eq) from N2O (AR5),kilotonnes,5777,5777,5353,5512,5538.5,5697.5,5803.5,5962.5,6015.5,5220.5,5247,5909.5,5750.5,5538.5,5750.5,5750.5,5565,5724,5618,5644.5,5379.5
Russian Federation,Energy,Emissions (CO2eq) (AR5),kilotonnes,1774657,1780537,1768713,1829512,1855978.5,1863417.5,1918843.5,1911242.5,1965495.5,1829020.5,1922767,2017629.5,2065870.5,1998178.5,2009230.5,2002590.5,2047165,2041324,2116818,2099644.5,1980339.5
Russian Federation,IPPU,Emissions (CH4),kilotonnes,10.6,11,11.5,13.3,13.8,13.9,14.5,15.2,14.8,11.3,13.6,14.2,14.9,13.7,13.3,13.1,13,13.8,14.6,15.2,17
Russian Federation,IPPU,Emissions (N2O),kilotonnes,38.1,40.6,46.6,44.6,47.5,51.2,51.4,54.3,49.1,61.7,63.2,65.9,64.8,67,65.5,71.2,68.2,68.4,69.2,72.3,76
Russian Federation,IPPU,Emissions (CO2),kilotonnes,67300,68300,69600,74000,78900,81400,84700,89400,84100,76900,82500,87400,88500,90800,89700,88200,87200,91700,93200,96300,102000
Russian Federation,IPPU,Emissions (CO2eq) from F-gases (AR5),kilotonnes,56556.1167,57041.994,54709.783,55195.6603,62969.697,66953.8908,68411.5226,73173.1201,73658.9974,64718.8552,70355.0318,71909.8391,143819.6783,155480.7333,120497.5683,114667.0408,118554.0591,152565.4695,173944.0703,150621.9603,161311.2608
Russian Federation,IPPU,Emissions (CO2eq) from CH4 (AR5),kilotonnes,296.8,308,322,372.4,386.4,389.2,406,425.6,414.4,316.4,380.8,397.6,417.2,383.6,372.4,366.8,364,386.4,408.8,425.6,476
Russian Federation,IPPU,Emissions (CO2eq) from N2O (AR5),kilotonnes,10096.5,10759,12349,11819,12587.5,13568,13621,14389.5,13011.5,16350.5,16748,17463.5,17172,17755,17357.5,18868,18073,18126,18338,19159.5,20140
Russian Federation,IPPU,Emissions (CO2eq) (AR5),kilotonnes,134249.4167,136408.994,136980.783,141387.0603,154843.597,162311.0908,167138.5226,177388.2201,171184.8974,158285.7552,169983.8318,177170.9391,249908.8783,264419.3333,227927.4683,222101.8408,224191.0591,262777.8695,285890.8703,266507.0603,283927.2608
Russian Federation,Waste,Emissions (CH4),kilotonnes,2550,2630,2700,2790,2880,2950,3040,3130,3210,3300,3410,3610,3510,3560,3570,3660,3690,3710,3800,3870,3980
Russian Federation,Waste,Emissions (N2O),kilotonnes,8.03,8,7.97,8.09,8.18,8.34,8.47,8.71,8.85,8.98,9.03,9.1,9.23,9.28,9.37,9.39,9.34,9.27,9.25,9.29,9.42
Russian Federation,Waste,Emissions (CO2),kilotonnes,0,0,0,0,0,0,0,0,0,0,0,0,0,0,0,0,0,0,0,0,0
Russian Federation,Waste,Emissions (CO2eq) from CH4 (AR5),kilotonnes,71400,73640,75600,78120,80640,82600,85120,87640,89880,92400,95480,101080,98280,99680,99960,102480,103320,103880,106400,108360,111440
Russian Federation,Waste,Emissions (CO2eq) from N2O (AR5),kilotonnes,2127.95,2120,2112.05,2143.85,2167.7,2210.1,2244.55,2308.15,2345.25,2379.7,2392.95,2411.5,2445.95,2459.2,2483.05,2488.35,2475.1,2456.55,2451.25,2461.85,2496.3
Russian Federation,Waste,Emissions (CO2eq) (AR5),kilotonnes,73527.95,75760,77712.05,80263.85,82807.7,84810.1,87364.55,89948.15,92225.25,94779.7,97872.95,103491.5,100725.95,102139.2,102443.05,104968.35,105795.1,106336.55,108851.25,110821.85,113936.3
Russian Federation,Other,Emissions (N2O),kilotonnes,22.1,22.2,21.8,21.6,21.1,20.7,21.1,20.4,20.1,18.8,19.1,20.3,20.8,20.1,19.8,19.5,18.6,18.7,18.8,18.7,18.5
Russian Federation,Other,Emissions (CO2eq) from N2O (AR5),kilotonnes,5856.5,5883,5777,5724,5591.5,5485.5,5591.5,5406,5326.5,4982,5061.5,5379.5,5512,5326.5,5247,5167.5,4929,4955.5,4982,4955.5,4902.5
Russian Federation,Other,Emissions (CO2eq) (AR5),kilotonnes,5856.5,5883,5777,5724,5591.5,5485.5,5591.5,5406,5326.5,4982,5061.5,5379.5,5512,5326.5,5247,5167.5,4929,4955.5,4982,4955.5,4902.5
Russian Federation,Farm-gate emissions,Emissions (CH4),kilotonnes,2803.095,2754.7562,2751.1686,2785.3209,2496.9293,2354.7894,2258.7637,2252.8236,2326.2383,2237.5229,2230.3525,2179.6068,2209.614,2159.2111,2181.588,2120.0643,2082.8376,2032.2147,2051.5402,2048.5714,2053.8042
Russian Federation,Farm-gate emissions,Direct emissions (N2O),kilotonnes,65.1731,69.928,67.3825,62.2703,62.7955,61.4231,61.0525,64.1449,71.9622,70.3105,62.7358,69.3527,64.1985,68.2411,71.136,72.2526,77.1214,80.6544,77.5001,81.4052,86.6338
Russian Federation,Farm-gate emissions,Indirect emissions (N2O),kilotonnes,21.0458,22.185,21.3479,20.1115,20.053,19.5466,19.4379,20.4559,22.5587,22.2132,20.4737,22.0097,20.8191,21.8228,22.4943,22.8921,24.2596,25.1567,24.5,25.598,27.0829
Russian Federation,Farm-gate emissions,Emissions (N2O),kilotonnes,155.228,162.8347,159.4695,161.2701,147.2808,146.5749,145.6749,148.784,164.8948,155.7221,148.3528,157.3952,152.0626,152.475,161.3482,158.2246,165.3571,167.7182,167.6312,173.8054,181.2754
Russian Federation,Farm-gate emissions,Emissions (CO2),kilotonnes,75198.2069,75311.7873,70094.7705,70502.2683,69701.4691,70976.6849,70414.9292,72702.5268,73112.1919,68694.7681,67862.5339,71163.5687,69055.9696,69140.8639,71925.2444,70234.4286,69357.0052,69812.293,70893.8057,70867.434,71109.5809
Russian Federation,Farm-gate emissions,Emissions (CO2eq) from CH4 (AR5),kilotonnes,78486.6595,77133.1723,77032.7208,77988.9846,69914.0215,65934.1021,63245.3824,63079.0605,65134.6727,62650.6411,62449.8694,61028.9895,61869.1915,60457.9109,61084.4631,59361.8007,58319.4522,56902.0122,57443.1267,57359.9989,57506.5185
Russian Federation,Farm-gate emissions,Emissions (CO2eq) from N2O (AR5),kilotonnes,41135.4243,43151.2084,42259.4224,42736.5664,39029.4109,38842.3465,38603.8415,39427.7505,43697.1262,41266.3621,39313.4918,41709.7266,40296.5849,40405.8771,42757.2812,41929.5292,43819.6324,44445.3196,44422.2787,46058.4426,48037.978
Russian Federation,Farm-gate emissions,Emissions (CO2eq) (AR5),kilotonnes,194820.2907,195596.168,189386.9138,191227.8192,178644.9016,175753.1334,172264.153,175209.3378,181943.9909,172611.7713,169625.8952,173902.2849,171221.7461,170004.6519,175766.9888,171525.7585,171496.0897,171159.6248,172759.2111,174285.8755,176654.0773
Russian Federation,Land Use change,Emissions (CH4),kilotonnes,0,0,0,0,0,0,0,0,0,0,0,0,0,0,0,0,0,0,0,0,0
Russian Federation,Land Use change,Emissions (N2O),kilotonnes,0,0,0,0,0,0,0,0,0,0,0,0,0,0,0,0,0,0,0,0,0
Russian Federation,Land Use change,Emissions (CO2),kilotonnes,38673.5331,0,0,0,0,0,0,0,0,0,0,15185.104,15185.104,15185.104,15185.104,15185.104,34533.949,34533.949,34533.949,34533.949,34533.949
Russian Federation,Land Use change,Emissions (CO2eq) from CH4 (AR5),kilotonnes,0,0,0,0,0,0,0,0,0,0,0,0,0,0,0,0,0,0,0,0,0
Russian Federation,Land Use change,Emissions (CO2eq) from N2O (AR5),kilotonnes,0,0,0,0,0,0,0,0,0,0,0,0,0,0,0,0,0,0,0,0,0
Russian Federation,Land Use change,Emissions (CO2eq) (AR5),kilotonnes,38673.5331,0,0,0,0,0,0,0,0,0,0,15185.104,15185.104,15185.104,15185.104,15185.104,34533.949,34533.949,34533.949,34533.949,34533.949
Russian Federation,Emissions on agricultural land,Emissions (CH4),kilotonnes,2803.095,2754.7562,2751.1686,2785.3209,2496.9293,2354.7894,2258.7637,2252.8236,2326.2383,2237.5229,2230.3525,2179.6068,2209.614,2159.2111,2181.588,2120.0643,2082.8376,2032.2147,2051.5402,2048.5714,2053.8042
Russian Federation,Emissions on agricultural land,Emissions (N2O),kilotonnes,155.228,162.8347,159.4695,161.2701,147.2808,146.5749,145.6749,148.784,164.8948,155.7221,148.3528,157.3952,152.0626,152.475,161.3482,158.2246,165.3571,167.7182,167.6312,173.8054,181.2754
Russian Federation,Emissions on agricultural land,Emissions (CO2),kilotonnes,113871.7399,75311.7873,70094.7705,70502.2683,69701.4691,70976.6849,70414.9292,72702.5268,73112.1919,68694.7681,67862.5339,86348.6727,84241.0736,84325.9679,87110.3484,85419.5326,103890.9541,104346.2419,105427.7547,105401.383,105643.5298
Russian Federation,Emissions on agricultural land,Emissions (CO2eq) from CH4 (AR5),kilotonnes,78486.6595,77133.1723,77032.7208,77988.9846,69914.0215,65934.1021,63245.3824,63079.0605,65134.6727,62650.6411,62449.8694,61028.9895,61869.1915,60457.9109,61084.4631,59361.8007,58319.4522,56902.0122,57443.1267,57359.9989,57506.5185
Russian Federation,Emissions on agricultural land,Emissions (CO2eq) from N2O (AR5),kilotonnes,41135.4243,43151.2084,42259.4224,42736.5664,39029.4109,38842.3465,38603.8415,39427.7505,43697.1262,41266.3621,39313.4918,41709.7266,40296.5849,40405.8771,42757.2812,41929.5292,43819.6324,44445.3196,44422.2787,46058.4426,48037.978
Russian Federation,Emissions on agricultural land,Emissions (CO2eq) (AR5),kilotonnes,233493.8238,195596.168,189386.9138,191227.8192,178644.9016,175753.1334,172264.153,175209.3378,181943.9909,172611.7713,169625.8952,189087.3889,186406.8501,185189.7559,190952.0928,186710.8625,206030.0387,205693.5737,207293.1601,208819.8245,211188.0263
Russian Federation,Pre- and post- production,Emissions (CH4),kilotonnes,1476.4599,1413.9913,1408.9041,1422.1663,1431.8256,1589.7485,1610.4063,1639.3836,1647.0951,1623.7234,1567.7011,1568.3739,1580.2602,1617.6929,1624.4536,1600.2941,1622.7846,1671.7511,1656.1713,1648.5415,1619.7277
Russian Federation,Pre- and post- production,Emissions (N2O),kilotonnes,34.7538,35.7194,37.2233,38.946,39.3073,41.3421,43.7904,43.9655,45.4122,43.0207,48.826,51.3774,50.3562,51.8553,51.0861,52.6242,56.1256,54.1051,52.12,53.5391,51.3721
Russian Federation,Pre- and post- production,Emissions (CO2),kilotonnes,220536.2512,195452.6627,192890.2466,194640.5383,194874.0638,253025.7619,259953.8824,262566.3915,267081.6504,255468.7083,237354.5953,238305.0136,235469.4481,246874.6577,267038.1221,261113.9749,272125.4399,293328.3577,289038.1951,286510.6895,271047.3848
Russian Federation,Pre- and post- production,Emissions (CO2eq) from F-gases (AR5),kilotonnes,2090.9875,2802.7025,3716.503,4850.052,6153.4775,7083.3825,8194.593,9357.234,9902.1895,10438.833,10758.845,11085.6105,11432.6365,11808.235,11808.235,11808.235,13264.913,13769.3475,14273.782,14778.2165,15826.9932
Russian Federation,Pre- and post- production,Emissions (CO2eq) from CH4 (AR5),kilotonnes,41340.8783,39591.757,39449.3158,39820.6558,40091.1161,44512.9583,45091.3777,45902.7395,46118.6628,45464.2562,43895.6314,43914.4703,44247.2855,45295.4011,45484.7011,44808.2344,45437.9689,46809.0316,46372.7961,46159.163,45352.3744
Russian Federation,Pre- and post- production,Emissions (CO2eq) from N2O (AR5),kilotonnes,9209.7676,9465.6439,9864.1808,10320.6855,10416.4464,10955.6483,11604.4616,11650.8603,12034.2276,11400.4825,12938.8915,13615.0089,13344.4006,13741.646,13537.8295,13945.4238,14873.2721,14337.841,13811.8036,14187.871,13613.6172
Russian Federation,Pre- and post- production,Emissions (CO2eq) (AR5),kilotonnes,273177.8846,247312.7661,245920.2462,249631.9316,251535.1038,315577.7509,324844.3146,329477.2254,335136.7303,322772.2801,304947.9632,306920.1034,304493.7707,317719.9398,337868.8877,331675.8681,345701.5939,368244.5779,363496.5768,361635.94,345840.3695
Russian Federation,Agri-food systems,Emissions (CH4),kilotonnes,4279.5549,4168.7475,4160.0727,4207.4872,3928.7549,3944.5379,3869.17,3892.2071,3973.3334,3861.2463,3798.0536,3747.9807,3789.8742,3776.904,3806.0416,3720.3584,3705.6222,3703.9658,3707.7115,3697.1129,3673.5319
Russian Federation,Agri-food systems,Emissions (N2O),kilotonnes,189.9819,198.5542,196.6928,200.216,186.5881,187.917,189.4653,192.7495,210.307,198.7428,197.1788,208.7726,202.4188,204.3303,212.4344,210.8489,221.4827,221.8232,219.7513,227.3446,232.6475
Russian Federation,Agri-food systems,Emissions (CO2),kilotonnes,334407.9911,270764.45,262985.0171,265142.8066,264575.5329,324002.4468,330368.8116,335268.9183,340193.8423,324163.4764,305217.1292,324653.6863,319710.5217,331200.6256,354148.4705,346533.5075,376016.394,397674.5996,394465.9498,391912.0725,376690.9146
Russian Federation,Agri-food systems,Emissions (CO2eq) from F-gases (AR5),kilotonnes,2090.9875,2802.7025,3716.503,4850.052,6153.4775,7083.3825,8194.593,9357.234,9902.1895,10438.833,10758.845,11085.6105,11432.6365,11808.235,11808.235,11808.235,13264.913,13769.3475,14273.782,14778.2165,15826.9932
Russian Federation,Agri-food systems,Emissions (CO2eq) from CH4 (AR5),kilotonnes,119827.5378,116724.9293,116482.0366,117809.6404,110005.1376,110447.0603,108336.7601,108981.8,111253.3356,108114.8974,106345.5008,104943.4599,106116.477,105753.3121,106569.1642,104170.0351,103757.4211,103711.0438,103815.9228,103519.1619,102858.8929
Russian Federation,Agri-food systems,Emissions (CO2eq) from N2O (AR5),kilotonnes,50345.192,52616.8523,52123.6032,53057.2519,49445.8573,49797.9948,50208.303,51078.6109,55731.3538,52666.8446,52252.3833,55324.7355,53640.9855,54147.5232,56295.1108,55874.953,58692.9045,58783.1607,58234.0822,60246.3136,61651.5952
Russian Federation,Agri-food systems,Emissions (CO2eq) (AR5),kilotonnes,506671.7084,442908.9342,435307.16,440859.7508,430180.0054,491330.8844,497108.4677,504686.5632,517080.7212,495384.0514,474573.8583,496007.4922,490900.6207,502909.6958,528820.9805,518386.7306,551731.6326,573938.1516,570789.7368,570455.7645,557028.3958
Russian Federation,IPCC Agriculture,Emissions (CH4),kilotonnes,2793.0731,2744.4406,2742.5743,2777.6844,2489.8872,2347.6905,2251.825,2246.2743,2320.1195,2231.3353,2224.3091,2173.3621,2203.1839,2152.8416,2174.1192,2112.8159,2076.4103,2026.2433,2045.4492,2042.7558,2047.9887
Russian Federation,IPCC Agriculture,Emissions (CH4),kilotonnes,2293.1176,2219.7537,2188.6557,2161.8918,2057.1792,1907.9152,1828.7074,1862.3697,1901.3939,1860.6704,1824.6146,1787.5568,1818.6216,1843.0672,1820.025,1815.0361,1817.0137,1809.2619,1811.6341,1801.8269,1810.7536
Russian Federation,IPCC Agriculture,Direct emissions (N2O),kilotonnes,65.1731,69.928,67.3825,62.2703,62.7955,61.4231,61.0525,64.1449,71.9622,70.3105,62.7358,69.3527,64.1985,68.2411,71.136,72.2526,77.1214,80.6544,77.5001,81.4052,86.6338
Russian Federation,IPCC Agriculture,Indirect emissions (N2O),kilotonnes,21.0458,22.185,21.3479,20.1115,20.053,19.5466,19.4379,20.4559,22.5587,22.2132,20.4737,22.0097,20.8191,21.8228,22.4943,22.8921,24.2596,25.1567,24.5,25.598,27.0829
Russian Federation,IPCC Agriculture,Emissions (N2O),kilotonnes,148.2316,155.8158,154.3362,155.7782,142.0975,140.9268,140.245,143.1939,159.0933,151.6508,144.3199,152.1709,147.9069,148.6907,156.4296,153.8963,161.5688,163.7864,163.7775,170.1647,177.6346
Russian Federation,IPCC Agriculture,Emissions (N2O),kilotonnes,203.2006,200.8373,199.5434,193.8929,192.6017,189.0995,188.8304,193.6373,202.9927,200.305,191.7169,203.7686,197.5509,203.9893,205.2625,209.4647,221.9361,225.3713,223.3339,228.346,235.7732
Russian Federation,IPCC Agriculture,Emissions (CO2),kilotonnes,971.1313,941.8244,881.2654,910.1752,854.1579,826.1059,864.5424,792.2816,842.7816,686.3575,778.3609,775.2939,842.5849,795.1294,868.8536,801.2806,767.9188,840.9093,976.6617,929.8788,1114.6039
Russian Federation,IPCC Agriculture,Emissions (CO2eq) from CH4 (AR5),kilotonnes,78206.0469,76844.3376,76792.0815,77775.162,69716.8414,65735.3351,63051.1005,62895.6794,64963.3468,62477.3882,62280.6542,60854.1374,61689.1493,60279.5656,60875.3383,59158.8442,58139.4896,56734.8134,57272.5765,57197.1636,57343.6832
Russian Federation,IPCC Agriculture,Emissions (CO2eq) from CH4 (AR5),kilotonnes,64207.294,62153.1047,61282.3609,60532.9693,57601.0187,53421.6248,51203.8075,52146.352,53239.0283,52098.7701,51089.2089,50051.5916,50921.4054,51605.8803,50960.6989,50821.0111,50876.3838,50659.3345,50725.7538,50451.1522,50701.0995
Russian Federation,IPCC Agriculture,Emissions (CO2eq) from N2O (AR5),kilotonnes,39281.3708,41291.185,40899.0913,41281.2238,37655.8263,37345.5945,37164.9183,37946.3737,42159.7197,40187.4717,38244.7685,40325.2865,39195.3266,39403.0403,41453.8552,40782.5245,42815.7268,43403.3898,43401.0348,45093.6352,47073.1706
Russian Federation,IPCC Agriculture,Emissions (CO2eq) from N2O (AR5),kilotonnes,53848.1649,53221.8867,52878.9912,51381.6101,51039.4539,50111.3646,50040.0629,51313.8849,53793.075,53080.8286,50804.979,53998.6904,52350.9814,54057.1735,54394.5583,55508.1517,58813.068,59723.3815,59183.4723,60511.6795,62479.9032
Russian Federation,IPCC Agriculture,Emissions (CO2eq) (AR5),kilotonnes,117487.4177,118135.5226,117691.1727,119056.3858,107372.6677,103080.9296,100216.0187,100842.053,107123.0666,102664.86,100525.4227,101179.4239,100884.4759,99682.6059,102329.1935,99941.3687,100955.2164,100138.2032,100673.6113,102290.7988,104416.8538
Russian Federation,IPCC Agriculture,Emissions (CO2eq) (AR5),kilotonnes,119026.5903,116316.8158,115042.6175,112824.7546,109494.6305,104359.0953,102108.4128,104252.5184,107874.8849,105865.9561,102672.5487,104825.5759,104114.9717,106458.1831,106224.1108,107130.4434,110457.3706,111223.6253,110885.8877,111892.7105,114295.6067
Russian Federation,Agricultural Soils,Direct emissions (N2O),kilotonnes,65.1731,69.928,67.3825,62.2703,62.7955,61.4231,61.0525,64.1449,71.9622,70.3105,62.7358,69.3527,64.1985,68.2411,71.136,72.2526,77.1214,80.6544,77.5001,81.4052,86.6338
Russian Federation,Agricultural Soils,Direct emissions (N2O),kilotonnes,155.8585,154.1636,153.2101,148.5358,147.9449,146.1321,146.1455,149.0164,155.3364,153.1423,145.9733,156.2328,150.847,155.4929,156.8286,159.8881,169.2954,172.3735,170.6306,176.159,180.7249
Russian Federation,Agricultural Soils,Indirect emissions (N2O),kilotonnes,21.0458,22.185,21.3479,20.1115,20.053,19.5466,19.4379,20.4559,22.5587,22.2132,20.4737,22.0097,20.8191,21.8228,22.4943,22.8921,24.2596,25.1567,24.5,25.598,27.0829
Russian Federation,Agricultural Soils,Indirect emissions (N2O),kilotonnes,22.9181,22.5889,22.5189,21.5023,21.3898,20.9341,21.0508,21.9892,24.092,23.7886,22.1342,24.5183,23.3787,24.6388,24.7865,25.6331,27.9125,28.6063,28.1957,29.1922,30.5071
Russian Federation,Agricultural Soils,Emissions (N2O),kilotonnes,122.3639,128.2602,124.8708,118.4697,118.9807,117.0546,116.4624,120.4647,130.2881,128.1923,119.0013,127.3169,121.1957,126.2178,129.7251,131.2614,137.7409,142.2354,138.8539,144.1356,151.0201
Russian Federation,Agricultural Soils,Emissions (N2O),kilotonnes,178.7766,176.7524,175.729,170.0381,169.3347,167.0662,167.1963,171.0057,179.4284,176.9309,168.1076,180.7511,174.2256,180.1316,181.6151,185.5212,197.2079,200.9799,198.8264,205.3512,211.232
Russian Federation,Agricultural Soils,Emissions (CO2eq) from N2O (AR5),kilotonnes,32426.4445,33988.9575,33090.759,31394.4669,31529.8756,31019.4567,30862.5327,31923.1542,34526.3565,33970.96,31535.3524,33738.9876,32116.8497,33447.7167,34377.1425,34784.2592,36501.3433,37692.3755,36796.2855,38195.9362,40020.3225
Russian Federation,Agricultural Soils,Emissions (CO2eq) from N2O (AR5),kilotonnes,47375.7954,46839.3919,46568.1901,45060.0974,44873.6992,44272.5392,44307.0181,45316.4991,47548.5377,46886.6993,44548.508,47899.0392,46169.7934,47734.8771,48128.011,49163.1135,52260.094,53259.6653,52688.9881,54418.0642,55976.4894
Russian Federation,Agricultural Soils,Emissions (CO2eq) (AR5),kilotonnes,32426.4445,33988.9575,33090.759,31394.4669,31529.8756,31019.4567,30862.5327,31923.1542,34526.3565,33970.96,31535.3524,33738.9876,32116.8497,33447.7167,34377.1425,34784.2592,36501.3433,37692.3755,36796.2855,38195.9362,40020.3225
Russian Federation,Agricultural Soils,Emissions (CO2eq) (AR5),kilotonnes,47375.7954,46839.3919,46568.1901,45060.0974,44873.6992,44272.5392,44307.0181,45316.4991,47548.5377,46886.6993,44548.508,47899.0392,46169.7934,47734.8771,48128.011,49163.1135,52260.094,53259.6653,52688.9881,54418.0642,55976.4894
Russian Federation,LULUCF,Emissions (CH4),kilotonnes,264.3422,62.4777,84.2685,148.9414,151.8443,72.4609,114.5692,58.4785,218.0568,90.9403,114.4236,121.1527,148.223,56.8237,134.9721,57.9613,137.7197,77.8497,137.4761,112.568,63.8958
Russian Federation,LULUCF,Emissions (CH4),kilotonnes,811.3951,789.1066,845.5433,915.1703,753.3857,892.9709,1013.2705,982.1844,1017.491,1020.521,909.8009,909.1531,901.9978,836.0218,915.6997,912.6372,914.2598,949.7057,1205.0389,1014.654,
Russian Federation,LULUCF,Emissions (N2O),kilotonnes,14.6232,5.7045,7.6941,13.599,13.864,6.616,10.4607,5.3393,19.9095,8.3032,10.4474,11.0618,13.5334,5.1882,12.3235,5.2921,12.5744,7.108,12.5522,10.2779,5.834
Russian Federation,LULUCF,Emissions (N2O),kilotonnes,52.1923,50.8362,53.9133,58.3264,48.6403,56.6304,63.9464,61.9319,63.9253,76.0892,40.2884,41.4761,42.3983,40.0895,46.2659,55.6643,49.2267,52.3961,65.7875,51.4578,
Russian Federation,LULUCF,Emissions (CO2),kilotonnes,-351576.4904,-745981.8179,-745991.3408,-746065.6637,-746002.7886,-746069.791,-746229.5946,-746382.7402,-746519.7381,-746659.5799,-746485.5356,-664996.3298,-664679.6873,-664713.8455,-664797.5431,-664766.4789,-536175.2508,-536083.9683,-535475.3688,-535080.2836,-534838.1368
Russian Federation,LULUCF,Emissions (CO2),kilotonnes,-507916.8588,-568277.6852,-598389.4045,-603196.9968,-573197.174,-569720.009,-581937.7829,-594544.9661,-640114.6869,-693492.3608,-748504.4965,-690082.1487,-713428.3437,-647427.5995,-707018.2884,-628354.6301,-646446.9081,-642697.2521,-636398.2959,-575514.3436,
Russian Federation,LULUCF,Emissions (CO2eq) from CH4 (AR5),kilotonnes,7401.582,1749.3756,2359.5175,4170.3583,4251.6401,2028.9064,3207.9389,1637.3983,6105.5914,2546.3291,3203.8607,3392.2754,4150.2449,1591.0633,3779.22,1622.9169,3856.1529,2179.7909,3849.3316,3151.9042,1789.0828
Russian Federation,LULUCF,Emissions (CO2eq) from N2O (AR5),kilotonnes,3875.1443,1511.6887,2038.9309,3603.7336,3673.9716,1753.2398,2772.0776,1414.9257,5276.0274,2200.3604,2768.5535,2931.3684,3586.3529,1374.8862,3265.7391,1402.4119,3332.2191,1883.6237,3326.3246,2723.6564,1546.0009
Russian Federation,LULUCF,Emissions (CO2eq) (AR5),kilotonnes,-340299.7641,-742720.7535,-741592.8925,-738291.5718,-738077.1769,-742287.6448,-740249.5781,-743330.4163,-735138.1193,-741912.8904,-740513.1215,-658672.6861,-656943.0895,-661747.896,-657752.584,-661741.1501,-528986.8788,-532020.5537,-528299.7126,-529204.723,-531503.053
Russian Federation,LULUCF,Emissions (CO2eq) (AR5),kilotonnes,-507916.8588,-568277.6852,-598389.4045,-603196.9968,-573197.174,-569720.009,-581937.7829,-594544.9661,-640114.6869,-693492.3608,-748504.4965,-690082.1487,-713428.3437,-647427.5995,-707018.2884,-628354.6301,-646446.9081,-642697.2521,-636398.2959,-575514.3436,
Russian Federation,AFOLU,Emissions (CH4),kilotonnes,3057.4153,2806.9183,2826.8428,2926.6257,2641.7315,2420.1515,2366.3943,2304.7528,2538.1764,2322.2756,2338.7327,2294.5147,2351.4069,2209.6653,2309.0914,2170.7772,2214.1301,2104.093,2182.9253,2155.3239,2111.8845
Russian Federation,AFOLU,Emissions (N2O),kilotonnes,162.8548,161.5203,162.0303,169.3772,155.9615,147.5428,150.7056,148.5332,179.0028,159.9541,154.7673,163.2327,161.4403,153.879,168.7532,159.1884,174.1432,170.8944,176.3297,180.4426,183.4686
Russian Federation,AFOLU,Emissions (CO2),kilotonnes,-351576.4904,-745981.8179,-745991.3408,-746065.6637,-746002.7886,-746069.791,-746229.5946,-746382.7402,-746519.7381,-746659.5799,-746485.5356,-664996.3298,-664679.6873,-664713.8455,-664797.5431,-664766.4789,-536175.2508,-536083.9683,-535475.3688,-535080.2836,-534838.1368
Russian Federation,AFOLU,Emissions (CO2eq) from CH4 (AR5),kilotonnes,85607.6289,78593.7133,79151.5989,81945.5204,73968.4815,67764.2415,66259.0393,64533.0776,71068.9383,65023.7173,65484.5149,64246.4128,65839.3941,61870.6288,64654.5583,60781.7611,61995.6425,58914.6043,61121.9081,60349.0678,59132.7661
Russian Federation,AFOLU,Emissions (CO2eq) from N2O (AR5),kilotonnes,43156.5151,42802.8737,42938.0221,44884.9574,41329.7979,39098.8343,39936.9959,39361.2993,47435.7471,42387.8321,41013.322,43256.6549,42781.6795,40777.9265,44719.5942,42184.9364,46147.9459,45287.0135,46727.3594,47817.2916,48619.1715
Russian Federation,AFOLU,Emissions (CO2eq) (AR5),kilotonnes,-222812.3464,-624585.2309,-623901.7198,-619235.186,-630704.5092,-639206.7152,-640033.5593,-642488.3632,-628015.0527,-639248.0305,-639987.6987,-557493.2622,-556058.6136,-562065.2901,-555423.3905,-561799.7813,-428031.6624,-431882.3505,-427626.1012,-426913.9242,-427086.1992
Russian Federation,All sectors with LULUCF,Emissions (CH4),kilotonnes,13078.0153,13117.9183,13158.3428,13729.9257,13765.5315,13874.0515,14100.8943,14209.9528,14672.9764,13983.5756,14602.3327,14908.7147,15166.3069,15163.3653,15302.3914,15373.8772,15617.1301,16027.893,16397.5253,16540.5239,15928.8845
Russian Federation,All sectors with LULUCF,Emissions (N2O),kilotonnes,252.8848,254.1203,258.6003,264.4672,253.6415,249.2828,253.5756,254.4432,279.7528,269.1341,265.8973,280.8327,277.9703,271.159,285.1232,280.9784,291.2832,288.8644,294.7797,302.0326,307.6886
Russian Federation,All sectors with LULUCF,Emissions (CO2),kilotonnes,1275723.51,882318.1821,873608.6592,927934.3363,952897.2114,955330.209,1008470.405,1003017.26,1047580.262,920240.4201,1006014.464,1182403.67,1223820.313,1156086.155,1164902.457,1153433.521,1321024.749,1305616.032,1377724.631,1361219.716,1267161.863
Russian Federation,All sectors with LULUCF,Emissions (CO2eq) from F-gases (AR5),kilotonnes,56556.1167,57041.994,54709.783,55195.6603,62969.697,66953.8908,68411.5226,73173.1201,73658.9974,64718.8552,70355.0318,71909.8391,143819.6783,155480.7333,120497.5683,114667.0408,118554.0591,152565.4695,173944.0703,150621.9603,161311.2608
Russian Federation,All sectors with LULUCF,Emissions (CO2eq) from CH4 (AR5),kilotonnes,366184.4289,367301.7133,368433.5989,384437.9204,385434.8815,388473.4415,394825.0393,397878.6776,410843.3383,391540.1173,408865.3149,417444.0128,424656.5941,424574.2288,428466.9583,430468.5611,437279.6425,448781.0043,459130.7081,463134.6678,446008.7661
Russian Federation,All sectors with LULUCF,Emissions (CO2eq) from N2O (AR5),kilotonnes,67014.4651,67341.8737,68529.0721,70083.8074,67214.9979,66059.9343,67197.5459,67427.4493,74134.4971,71320.5321,70462.772,74420.6549,73662.1295,71857.1265,75557.6442,74459.2864,77190.0459,76549.0635,78116.6094,80038.6416,81537.4715
Russian Federation,All sectors with LULUCF,Emissions (CO2eq) (AR5),kilotonnes,1765478.52,1374003.763,1365281.113,1437651.724,1468516.788,1476817.476,1538904.513,1541496.507,1606217.095,1447819.925,1555697.583,1746178.177,1865958.715,1807998.243,1789424.628,1773028.409,1954048.497,1983511.569,2088916.019,2055014.986,1956019.362
Russian Federation,All sectors without LULUCF,Emissions (CH4),kilotonnes,12813.6731,13055.4406,13074.0743,13580.9844,13613.6872,13801.5905,13986.325,14151.4743,14454.9195,13892.6353,14487.9091,14787.5621,15018.0839,15106.5416,15167.4192,15315.9159,15479.4103,15950.0433,16260.0492,16427.9558,15864.9887
Russian Federation,All sectors without LULUCF,Emissions (N2O),kilotonnes,238.2616,248.4158,250.9062,250.8682,239.7775,242.6668,243.115,249.1039,259.8433,260.8308,255.4499,269.7709,264.4369,265.9707,272.7996,275.6863,278.7088,281.7564,282.2275,291.7547,301.8546
Russian Federation,All sectors without LULUCF,Emissions (CO2),kilotonnes,1627300,1628300,1619600,1674000,1698900,1701400,1754700,1749400,1794100,1666900,1752500,1847400,1888500,1820800,1829700,1818200,1857200,1841700,1913200,1896300,1802000
Russian Federation,All sectors without LULUCF,Emissions (CO2eq) from F-gases (AR5),kilotonnes,56556.1167,57041.994,54709.783,55195.6603,62969.697,66953.8908,68411.5226,73173.1201,73658.9974,64718.8552,70355.0318,71909.8391,143819.6783,155480.7333,120497.5683,114667.0408,118554.0591,152565.4695,173944.0703,150621.9603,161311.2608
Russian Federation,All sectors without LULUCF,Emissions (CO2eq) from CH4 (AR5),kilotonnes,358782.8469,365552.3376,366074.0815,380267.562,381183.2414,386444.5351,391617.1005,396241.2794,404737.7468,388993.7882,405661.4542,414051.7374,420506.3493,422983.1656,424687.7383,428845.6442,433423.4896,446601.2134,455281.3765,459982.7636,444219.6832
Russian Federation,All sectors without LULUCF,Emissions (CO2eq) from N2O (AR5),kilotonnes,63139.3208,65830.185,66490.1413,66480.0738,63541.0263,64306.6945,64425.4683,66012.5237,68858.4697,69120.1717,67694.2185,71489.2865,70075.7766,70482.2403,72291.9052,73056.8745,73857.8268,74665.4398,74790.2848,77314.9852,79991.4706
Russian Federation,All sectors without LULUCF,Emissions (CO2eq) (AR5),kilotonnes,2105778.284,2116724.517,2106874.006,2175943.296,2206593.965,2219105.12,2279154.091,2284826.923,2341355.214,2189732.815,2296210.705,2404850.863,2522901.804,2469746.139,2447177.212,2434769.56,2483035.376,2515532.123,2617215.732,2584219.709,2487522.415
Rwanda,Crop Residues,Direct emissions (N2O),kilotonnes,0.1789,0.1948,0.2011,0.2069,0.2035,0.2234,0.2273,0.2246,0.2296,0.2518,0.2807,0.2879,0.31,0.3208,0.2716,0.2632,0.2853,0.2869,0.3095,0.3133,0.3172
Rwanda,Crop Residues,Indirect emissions (N2O),kilotonnes,0.0402,0.0438,0.0453,0.0466,0.0458,0.0503,0.0511,0.0505,0.0517,0.0567,0.0632,0.0648,0.0698,0.0722,0.0611,0.0592,0.0642,0.0646,0.0696,0.0705,0.0714
Rwanda,Crop Residues,Emissions (N2O),kilotonnes,0.2191,0.2386,0.2464,0.2535,0.2492,0.2736,0.2784,0.2752,0.2812,0.3084,0.3439,0.3527,0.3798,0.393,0.3327,0.3224,0.3495,0.3515,0.3791,0.3837,0.3886
Rwanda,Crop Residues,Emissions (CO2eq) from N2O (AR5),kilotonnes,58.0708,63.2336,65.2908,67.1726,66.0487,72.5112,73.7846,72.9185,74.5281,81.7371,91.1257,93.4694,100.6416,104.1437,88.1664,85.4367,92.6257,93.1439,100.4675,101.6917,102.982
Rwanda,Crop Residues,Emissions (CO2eq) (AR5),kilotonnes,58.0708,63.2336,65.2908,67.1726,66.0487,72.5112,73.7846,72.9185,74.5281,81.7371,91.1257,93.4694,100.6416,104.1437,88.1664,85.4367,92.6257,93.1439,100.4675,101.6917,102.982
Rwanda,Rice Cultivation,Emissions (CH4),kilotonnes,0.2986,0.3563,0.4496,0.5325,0.8517,0.9745,0.9824,1.0503,1.2918,1.0103,0.9083,1.0214,1.0291,1.2298,1.6639,2.1143,2.3401,2.2108,2.2946,2.3027,2.0709
Rwanda,Rice Cultivation,Emissions (CO2eq) from CH4 (AR5),kilotonnes,8.3614,9.9764,12.5891,14.9097,23.8473,27.2871,27.5066,29.4098,36.1718,28.2887,25.431,28.6003,28.814,34.4333,46.5892,59.1998,65.5228,61.9027,64.2488,64.4762,57.9846
Rwanda,Rice Cultivation,Emissions (CO2eq) (AR5),kilotonnes,8.3614,9.9764,12.5891,14.9097,23.8473,27.2871,27.5066,29.4098,36.1718,28.2887,25.431,28.6003,28.814,34.4333,46.5892,59.1998,65.5228,61.9027,64.2488,64.4762,57.9846
Rwanda,Burning - Crop residues,Emissions (CH4),kilotonnes,0.2611,0.3077,0.3089,0.3149,0.3551,0.3481,0.3579,0.4395,0.432,0.4306,0.5351,0.6399,0.7209,0.8299,0.6802,0.7138,0.717,0.8755,0.8757,0.8555,0.8669
Rwanda,Burning - Crop residues,Emissions (CH4),kilotonnes,,,0.746,,,0.41,,,,,,,,,,,,,,,
Rwanda,Burning - Crop residues,Emissions (N2O),kilotonnes,0.0068,0.008,0.008,0.0082,0.0092,0.009,0.0093,0.0114,0.0112,0.0112,0.0139,0.0166,0.0187,0.0215,0.0176,0.0185,0.0186,0.0227,0.0227,0.0222,0.0225
Rwanda,Burning - Crop residues,Emissions (N2O),kilotonnes,,,,,,0.01,,,,,,,,,,,,,,,
Rwanda,Burning - Crop residues,Emissions (CO2eq) from CH4 (AR5),kilotonnes,7.3118,8.6153,8.6493,8.8171,9.9431,9.7471,10.0215,12.3056,12.095,12.0572,14.9825,17.9174,20.1856,23.2377,19.0447,19.9875,20.0749,24.5135,24.5187,23.9531,24.2722
Rwanda,Burning - Crop residues,Emissions (CO2eq) from CH4 (AR5),kilotonnes,,,20.888,,,11.48,,,,,,,,,,,,,,,
Rwanda,Burning - Crop residues,Emissions (CO2eq) from N2O (AR5),kilotonnes,1.7941,2.1139,2.1223,2.1635,2.4397,2.3916,2.459,3.0194,2.9677,2.9585,3.6763,4.3964,4.9529,5.7018,4.673,4.9043,4.9258,6.0149,6.0162,5.8774,5.9557
Rwanda,Burning - Crop residues,Emissions (CO2eq) from N2O (AR5),kilotonnes,,,,,,2.65,,,,,,,,,,,,,,,
Rwanda,Burning - Crop residues,Emissions (CO2eq) (AR5),kilotonnes,9.1059,10.7292,10.7716,10.9806,12.3828,12.1388,12.4805,15.325,15.0627,15.0157,18.6587,22.3138,25.1385,28.9395,23.7177,24.8919,25.0007,30.5284,30.5348,29.8305,30.2279
Rwanda,Burning - Crop residues,Emissions (CO2eq) (AR5),kilotonnes,,,20.888,,,14.13,,,,,,,,,,,,,,,
Rwanda,Enteric Fermentation,Emissions (CH4),kilotonnes,30.952,33.9624,34.8739,41.0742,43.8756,46.0989,51.559,54.7485,58.3802,59.9259,64.2281,59.3897,57.8394,57.8774,57.2319,65.5153,60.1821,60.3009,63.0031,64.2914,64.5307
Rwanda,Enteric Fermentation,Emissions (CH4),kilotonnes,,,10.91,,,45.494,,,,,,,,,,,,,,,
Rwanda,Enteric Fermentation,Emissions (CO2eq) from CH4 (AR5),kilotonnes,866.6569,950.9459,976.468,1150.0786,1228.5173,1290.7697,1443.6519,1532.9591,1634.6449,1677.9256,1798.3874,1662.912,1619.5033,1620.5658,1602.4942,1834.4283,1685.0992,1688.4258,1764.0878,1800.1583,1806.8609
Rwanda,Enteric Fermentation,Emissions (CO2eq) from CH4 (AR5),kilotonnes,,,305.48,,,1273.832,,,,,,,,,,,,,,,
Rwanda,Enteric Fermentation,Emissions (CO2eq) (AR5),kilotonnes,866.6569,950.9459,976.468,1150.0786,1228.5173,1290.7697,1443.6519,1532.9591,1634.6449,1677.9256,1798.3874,1662.912,1619.5033,1620.5658,1602.4942,1834.4283,1685.0992,1688.4258,1764.0878,1800.1583,1806.8609
Rwanda,Enteric Fermentation,Emissions (CO2eq) (AR5),kilotonnes,,,305.48,,,1273.832,,,,,,,,,,,,,,,
Rwanda,Manure Management,Emissions (CH4),kilotonnes,1.1021,1.2003,1.2571,1.4581,1.657,1.8068,2.077,2.2245,2.3624,2.4825,2.6593,2.568,2.7942,2.8193,2.8043,3.507,3.5427,3.5853,3.2882,3.5666,3.5406
Rwanda,Manure Management,Emissions (CH4),kilotonnes,,,0.41,,,1.7999,,,,,,,,,,,,,,,
Rwanda,Manure Management,Emissions (N2O),kilotonnes,0.094,0.0994,0.1094,0.1145,0.166,0.1957,0.2575,0.2774,0.286,0.3104,0.3325,0.3396,0.4633,0.4731,0.4745,0.6878,0.7696,0.7832,0.6158,0.7247,0.7092
Rwanda,Manure Management,Emissions (N2O),kilotonnes,,,0.43,,,4.0447,,,,,,,,,,,,,,,
Rwanda,Manure Management,Emissions (CO2eq) from CH4 (AR5),kilotonnes,30.8581,33.6088,35.1991,40.826,46.3966,50.5892,58.1561,62.2863,66.1486,69.5097,74.4591,71.9029,78.2369,78.94,78.5203,98.1974,99.1966,100.3884,92.0704,99.8661,99.1364
Rwanda,Manure Management,Emissions (CO2eq) from CH4 (AR5),kilotonnes,,,11.48,,,50.3972,,,,,,,,,,,,,,,
Rwanda,Manure Management,Emissions (CO2eq) from N2O (AR5),kilotonnes,24.9181,26.3397,29.003,30.3467,43.9947,51.8541,68.2419,73.5182,75.8019,82.2637,88.1204,90.0039,122.7779,125.3626,125.7412,182.2768,203.9423,207.5368,163.1818,192.0409,187.9258
Rwanda,Manure Management,Emissions (CO2eq) from N2O (AR5),kilotonnes,,,113.95,,,1071.8455,,,,,,,,,,,,,,,
Rwanda,Manure Management,Emissions (CO2eq) (AR5),kilotonnes,55.7762,59.9485,64.2021,71.1727,90.3913,102.4433,126.398,135.8046,141.9505,151.7734,162.5795,161.9068,201.0148,204.3026,204.2615,280.4742,303.1389,307.9252,255.2522,291.9069,287.0622
Rwanda,Manure Management,Emissions (CO2eq) (AR5),kilotonnes,,,125.43,,,1122.2427,,,,,,,,,,,,,,,
Rwanda,Manure left on Pasture,Direct emissions (N2O),kilotonnes,1.2076,1.3225,1.3655,1.607,1.7223,1.8198,2.0194,2.1593,2.3166,2.3872,2.554,2.3915,2.3111,2.3159,2.2864,2.5868,2.3771,2.3947,2.5051,2.5437,2.5551
Rwanda,Manure left on Pasture,Indirect emissions (N2O),kilotonnes,0.3042,0.3295,0.3477,0.4029,0.4473,0.4865,0.5403,0.5927,0.6456,0.667,0.7054,0.6883,0.6556,0.6577,0.6364,0.7122,0.6596,0.6801,0.6916,0.699,0.7016
Rwanda,Manure left on Pasture,Emissions (N2O),kilotonnes,1.5118,1.652,1.7132,2.0098,2.1696,2.3063,2.5597,2.752,2.9622,3.0542,3.2595,3.0797,2.9667,2.9736,2.9227,3.2991,3.0367,3.0748,3.1968,3.2428,3.2567
Rwanda,Manure left on Pasture,Emissions (CO2eq) from N2O (AR5),kilotonnes,400.6386,437.7855,453.9929,532.6095,574.9364,611.1694,678.3262,729.2902,784.9906,809.368,863.7549,816.1319,786.1775,788.0087,774.5196,874.253,804.7173,814.8277,847.1419,859.3358,863.0326
Rwanda,Manure left on Pasture,Emissions (CO2eq) (AR5),kilotonnes,400.6386,437.7855,453.9929,532.6095,574.9364,611.1694,678.3262,729.2902,784.9906,809.368,863.7549,816.1319,786.1775,788.0087,774.5196,874.253,804.7173,814.8277,847.1419,859.3358,863.0326
Rwanda,Manure applied to Soils,Direct emissions (N2O),kilotonnes,0.0675,0.0718,0.0777,0.0824,0.1111,0.1279,0.1621,0.1746,0.1817,0.1958,0.2093,0.2112,0.2729,0.2782,0.2782,0.3911,0.4302,0.4377,0.3541,0.4098,0.4022
Rwanda,Manure applied to Soils,Indirect emissions (N2O),kilotonnes,0.0287,0.0305,0.033,0.035,0.0472,0.0544,0.0689,0.0742,0.0772,0.0832,0.089,0.0898,0.116,0.1183,0.1182,0.1662,0.1828,0.186,0.1505,0.1742,0.1709
Rwanda,Manure applied to Soils,Emissions (N2O),kilotonnes,0.0962,0.1023,0.1107,0.1174,0.1583,0.1823,0.231,0.2488,0.2589,0.279,0.2983,0.301,0.3889,0.3965,0.3964,0.5573,0.613,0.6237,0.5046,0.584,0.5731
Rwanda,Manure applied to Soils,Emissions (CO2eq) from N2O (AR5),kilotonnes,25.484,27.1173,29.3367,31.1061,41.9363,48.3105,61.2229,65.933,68.6006,73.9231,79.0436,79.7567,103.0716,105.0733,105.0555,147.6904,162.4521,165.2881,133.7148,154.7677,151.8756
Rwanda,Manure applied to Soils,Emissions (CO2eq) (AR5),kilotonnes,25.484,27.1173,29.3367,31.1061,41.9363,48.3105,61.2229,65.933,68.6006,73.9231,79.0436,79.7567,103.0716,105.0733,105.0555,147.6904,162.4521,165.2881,133.7148,154.7677,151.8756
Rwanda,Synthetic Fertilizers,Direct emissions (N2O),kilotonnes,0.0016,0.0016,0.0138,0.0138,0.0111,0.0191,0.0093,0.0404,0.044,0.0084,0.0015,0.0012,0.0363,0.1056,0.109,0.1472,0.0544,0.1346,0.1188,0.167,0.167
Rwanda,Synthetic Fertilizers,Indirect emissions (N2O),kilotonnes,0.0005,0.0005,0.0045,0.0045,0.0036,0.0062,0.003,0.0131,0.0143,0.0027,0.0005,0.0004,0.0118,0.0343,0.0354,0.0478,0.0177,0.0437,0.0386,0.0543,0.0543
Rwanda,Synthetic Fertilizers,Emissions (N2O),kilotonnes,0.0021,0.0021,0.0183,0.0183,0.0148,0.0253,0.0123,0.0536,0.0583,0.0111,0.002,0.0016,0.048,0.14,0.1444,0.195,0.0721,0.1783,0.1574,0.2213,0.2213
Rwanda,Synthetic Fertilizers,Emissions (CO2eq) from N2O (AR5),kilotonnes,0.5518,0.5518,4.839,4.839,3.912,6.6985,3.2499,14.197,15.444,2.952,0.5187,0.4249,12.729,37.0881,38.2751,51.6777,19.0934,47.2465,41.7203,58.6439,58.6466
Rwanda,Synthetic Fertilizers,Emissions (CO2eq) (AR5),kilotonnes,0.5518,0.5518,4.839,4.839,3.912,6.6985,3.2499,14.197,15.444,2.952,0.5187,0.4249,12.729,37.0881,38.2751,51.6777,19.0934,47.2465,41.7203,58.6439,58.6466
Rwanda,Drained organic soils,Emissions (CO2eq) (AR5),kilotonnes,1836.8521,1830.9268,1821.9977,1819.8077,1816.4559,1819.7197,1818.7705,1825.8636,1825.8636,1823.4609,1821.2587,1820.2077,1817.3662,1817.3662,1816.7269,1816.7269,1792.1723,1780.7502,1773.1359,1773.441,1769.0365
Rwanda,Drained organic soils (CO2),Emissions (CO2),kilotonnes,1740.233,1734.5442,1725.9597,1723.8559,1720.6344,1723.7514,1722.8458,1729.6642,1729.6642,1727.3482,1725.2331,1724.2408,1721.5158,1721.5158,1720.9059,1720.9059,1698.7114,1687.8017,1680.8155,1679.6391,1675.4089
Rwanda,Drained organic soils (CO2),Emissions (CO2eq) (AR5),kilotonnes,1740.233,1734.5442,1725.9597,1723.8559,1720.6344,1723.7514,1722.8458,1729.6642,1729.6642,1727.3482,1725.2331,1724.2408,1721.5158,1721.5158,1720.9059,1720.9059,1698.7114,1687.8017,1680.8155,1679.6391,1675.4089
Rwanda,Drained organic soils (N2O),Emissions (N2O),kilotonnes,0.3646,0.3637,0.3624,0.3621,0.3616,0.3621,0.362,0.363,0.363,0.3627,0.3624,0.3621,0.3617,0.3617,0.3616,0.3616,0.3527,0.3507,0.3484,0.354,0.3533
Rwanda,Drained organic soils (N2O),Emissions (CO2eq) from N2O (AR5),kilotonnes,96.6191,96.3826,96.038,95.9518,95.8215,95.9683,95.9247,96.1994,96.1994,96.1127,96.0256,95.9669,95.8504,95.8504,95.821,95.821,93.4609,92.9485,92.3204,93.8019,93.6276
Rwanda,Drained organic soils (N2O),Emissions (CO2eq) (AR5),kilotonnes,96.6191,96.3826,96.038,95.9518,95.8215,95.9683,95.9247,96.1994,96.1994,96.1127,96.0256,95.9669,95.8504,95.8504,95.821,95.821,93.4609,92.9485,92.3204,93.8019,93.6276
Rwanda,On-farm energy use,Emissions (CH4),kilotonnes,0.1171,0.1148,0.1123,0.1084,0.0959,0.0962,0.0779,0.0864,0.0883,0.0957,0.0956,0.1116,0.1169,0.1225,0.1328,0.1569,0.1653,0.1549,0.1843,0.1946,0.1946
Rwanda,On-farm energy use,Emissions (N2O),kilotonnes,0.0006,0.0006,0.0006,0.0005,0.0005,0.0005,0.0004,0.0004,0.0004,0.0005,0.0005,0.0006,0.0006,0.0006,0.0007,0.0008,0.0008,0.0008,0.0009,0.001,0.001
Rwanda,On-farm energy use,Emissions (CO2),kilotonnes,36.9287,36.2134,35.4108,34.1678,30.2527,30.3474,24.5567,27.2551,27.8339,30.1791,30.1337,35.1872,36.8776,38.6414,41.8759,49.4877,52.1152,48.8586,58.1141,61.3617,61.3617
Rwanda,On-farm energy use,Emissions (CO2eq) from CH4 (AR5),kilotonnes,3.2791,3.2156,3.1443,3.0339,2.6863,2.6947,2.1805,2.4201,2.4715,2.6797,2.6757,3.1244,3.2745,3.4312,3.7184,4.3943,4.6276,4.3384,5.1602,5.4486,5.4486
Rwanda,On-farm energy use,Emissions (CO2eq) from N2O (AR5),kilotonnes,0.1552,0.1522,0.1488,0.1436,0.1271,0.1275,0.1032,0.1145,0.117,0.1268,0.1266,0.1479,0.155,0.1624,0.176,0.2079,0.219,0.2053,0.2442,0.2578,0.2578
Rwanda,On-farm energy use,Emissions (CO2eq) (AR5),kilotonnes,40.3629,39.5811,38.7039,37.3452,33.0661,33.1696,26.8403,29.7897,30.4224,32.9856,32.936,38.4595,40.3071,42.2349,45.7702,54.0899,56.9618,53.4023,63.5185,67.0682,67.0682
Rwanda,Forestland,Emissions (CO2),kilotonnes,-568.0565,-498.9045,-498.9045,-498.9045,-498.9045,-498.9045,-498.9045,-498.9045,-498.9045,-498.9045,-498.9045,-416.6665,-416.6665,-416.6665,-416.6665,-416.6665,-415.008,-415.008,-415.008,-415.008,-415.008
Rwanda,Forestland,Emissions (CO2eq) (AR5),kilotonnes,-568.0565,-498.9045,-498.9045,-498.9045,-498.9045,-498.9045,-498.9045,-498.9045,-498.9045,-498.9045,-498.9045,-416.6665,-416.6665,-416.6665,-416.6665,-416.6665,-415.008,-415.008,-415.008,-415.008,-415.008
Rwanda,Net Forest conversion,Emissions (CO2),kilotonnes,1321.7765,1036.6542,1036.6542,1036.6542,1036.6542,1036.6542,1036.6542,1036.6542,1036.6542,1036.6542,1036.6542,62.3198,62.3198,62.3198,62.3198,62.3198,0,0,0,0,0
Rwanda,Net Forest conversion,Emissions (CO2eq) (AR5),kilotonnes,1321.7765,1036.6542,1036.6542,1036.6542,1036.6542,1036.6542,1036.6542,1036.6542,1036.6542,1036.6542,1036.6542,62.3198,62.3198,62.3198,62.3198,62.3198,0,0,0,0,0
Rwanda,Savanna fires,Emissions (CH4),kilotonnes,0.1184,0.1406,0.6914,0.398,0.3069,0.29,0.1744,0.0632,0.1807,0.1461,0.4248,0.0718,0.3542,0.4019,0.2989,0.7219,0.6936,0.6027,0.4111,0.4814,0.5539
Rwanda,Savanna fires,Emissions (N2O),kilotonnes,0.0108,0.0128,0.0631,0.0363,0.028,0.0265,0.0159,0.0058,0.0165,0.0133,0.0388,0.0066,0.0323,0.0367,0.0273,0.0659,0.0633,0.055,0.0375,0.044,0.0506
Rwanda,Savanna fires,Emissions (CO2eq) from CH4 (AR5),kilotonnes,3.3159,3.9355,19.3587,11.1441,8.5929,8.1199,4.884,1.7698,5.0608,4.0902,11.8932,2.0107,9.9173,11.2527,8.3689,20.2128,19.4216,16.8751,11.5118,13.48,15.5102
Rwanda,Savanna fires,Emissions (CO2eq) from N2O (AR5),kilotonnes,2.8652,3.4008,16.7284,9.6299,7.4254,7.0167,4.2204,1.5294,4.3732,3.5344,10.2772,1.7375,8.5698,9.7238,7.2318,17.4665,16.7828,14.5823,9.9477,11.6485,13.4028
Rwanda,Savanna fires,Emissions (CO2eq) (AR5),kilotonnes,6.1811,7.3363,36.0871,20.774,16.0184,15.1366,9.1044,3.2992,9.4341,7.6246,22.1704,3.7482,18.4871,20.9764,15.6007,37.6793,36.2044,31.4575,21.4595,25.1284,28.913
Rwanda,Fires in organic soils,Emissions (CH4),kilotonnes,0,0,0,0,0,0,0,0,0,0,0,0,0,0,0,0,0,0,0,0,0
Rwanda,Fires in organic soils,Emissions (CO2),kilotonnes,0,0,0,0,0,0,0,0,0,0,0,0,0,0,0,0,0,0,0,0,0
Rwanda,Fires in organic soils,Emissions (CO2eq) from CH4 (AR5),kilotonnes,0,0,0,0,0,0,0,0,0,0,0,0,0,0,0,0,0,0,0,0,0
Rwanda,Fires in organic soils,Emissions (CO2eq) (AR5),kilotonnes,0,0,0,0,0,0,0,0,0,0,0,0,0,0,0,0,0,0,0,0,0
Rwanda,Forest fires,Emissions (CH4),kilotonnes,0.1682,0,0.3419,0,0,0.0074,0,0,0.0074,0.0124,0.0545,0.0025,0,0.0817,0.0074,0,0.057,0,0,0,0
Rwanda,Forest fires,Emissions (N2O),kilotonnes,0.0049,0,0.0312,0,0,0.0007,0,0,0.0007,0.0011,0.005,0.0002,0,0.0075,0.0007,0,0.0052,0,0,0,0
Rwanda,Forest fires,Emissions (CO2eq) from CH4 (AR5),kilotonnes,4.7102,0,9.5721,0,0,0.2081,0,0,0.2081,0.3468,1.526,0.0694,0,2.289,0.2081,0,1.5954,0,0,0,0
Rwanda,Forest fires,Emissions (CO2eq) from N2O (AR5),kilotonnes,1.3112,0,8.2716,0,0,0.1798,0,0,0.1798,0.2997,1.3187,0.0599,0,1.978,0.1798,0,1.3786,0,0,0,0
Rwanda,Forest fires,Emissions (CO2eq) (AR5),kilotonnes,6.0214,0,17.8437,0,0,0.3879,0,0,0.3879,0.6465,2.8447,0.1293,0,4.267,0.3879,0,2.974,0,0,0,0
Rwanda,Fires in humid tropical forests,Emissions (CH4),kilotonnes,0,0,0,0,0,0,0,0,0,0,0,0,0,0,0,0,0,0,0,0,0
Rwanda,Fires in humid tropical forests,Emissions (N2O),kilotonnes,0,0,0,0,0,0,0,0,0,0,0,0,0,0,0,0,0,0,0,0,0
Rwanda,Fires in humid tropical forests,Emissions (CO2eq) from CH4 (AR5),kilotonnes,0,0,0,0,0,0,0,0,0,0,0,0,0,0,0,0,0,0,0,0,0
Rwanda,Fires in humid tropical forests,Emissions (CO2eq) from N2O (AR5),kilotonnes,0,0,0,0,0,0,0,0,0,0,0,0,0,0,0,0,0,0,0,0,0
Rwanda,Fires in humid tropical forests,Emissions (CO2eq) (AR5),kilotonnes,0,0,0,0,0,0,0,0,0,0,0,0,0,0,0,0,0,0,0,0,0
Rwanda,Waste - agri-food systems,Emissions (CH4),kilotonnes,93.4381,93.9212,94.2518,94.553,95.0116,95.5409,96.2415,96.9651,97.9076,98.7309,99.5609,100.349,101.1431,101.8358,102.4096,103.0098,103.5902,104.1893,104.7891,105.3655,105.8665
Rwanda,Waste - agri-food systems,Emissions (N2O),kilotonnes,0.1175,0.1286,0.1385,0.1389,0.1405,0.1473,0.1556,0.1683,0.1748,0.1873,0.1963,0.1971,0.2092,0.2118,0.2268,0.2322,0.2394,0.2436,0.2501,0.2564,0.2627
Rwanda,Waste - agri-food systems,Emissions (CO2),kilotonnes,0,0,0,0,0,0,0,0,0,0,0,0,0,0,0,0,0,0,0,0,0
Rwanda,Waste - agri-food systems,Emissions (CO2eq) from CH4 (AR5),kilotonnes,2616.268,2629.7937,2639.049,2647.4854,2660.3252,2675.1445,2694.7626,2715.0228,2741.4135,2764.4642,2787.7063,2809.7726,2832.0076,2851.4034,2867.4682,2884.2741,2900.5263,2917.3003,2934.0958,2950.2332,2964.2607
Rwanda,Waste - agri-food systems,Emissions (CO2eq) from N2O (AR5),kilotonnes,31.15,34.0725,36.7121,36.8015,37.2214,39.042,41.2331,44.5954,46.3111,49.6415,52.0186,52.2389,55.4286,56.1197,60.1027,61.5434,63.4433,64.5579,66.2887,67.9451,69.6031
Rwanda,Waste - agri-food systems,Emissions (CO2eq) (AR5),kilotonnes,2647.418,2663.8662,2675.7612,2684.2869,2697.5466,2714.1865,2735.9957,2759.6182,2787.7246,2814.1057,2839.7249,2862.0115,2887.4362,2907.5231,2927.5709,2945.8175,2963.9697,2981.8582,3000.3846,3018.1783,3033.8638
Rwanda,On-farm electricity use,Emissions (CH4),kilotonnes,0,0,0,0,0,0,0,0,0,0,0,0,0,0,0,0,0,0,0,0,0
Rwanda,On-farm electricity use,Emissions (N2O),kilotonnes,0,0,0,0,0,0,0,0,0,0,0,0,0,0,0,0,0,0,0,0,0
Rwanda,On-farm electricity use,Emissions (CO2),kilotonnes,0,0,0,0,0,0,0,0,0,0,0,0,0,0,0,0,0,0,0,0,0
Rwanda,On-farm electricity use,Emissions (CO2eq) from CH4 (AR5),kilotonnes,0,0,0,0,0,0,0,0,0,0,0,0,0,0,0,0,0,0,0,0,0
Rwanda,On-farm electricity use,Emissions (CO2eq) from N2O (AR5),kilotonnes,0,0,0,0,0,0,0,0,0,0,0,0,0,0,0,0,0,0,0,0,0
Rwanda,On-farm electricity use,Emissions (CO2eq) (AR5),kilotonnes,0,0,0,0,0,0,0,0,0,0,0,0,0,0,0,0,0,0,0,0,0
Rwanda,Food Processing,Emissions (CH4),kilotonnes,1.1865,1.0521,0.9285,0.5444,0.0013,0.0017,0.0039,0.0126,0.0124,0.0505,0.0598,0.0615,0.043,0.0485,0.0434,0.0518,0.0335,0.0326,0.027,0.0336,0.0338
Rwanda,Food Processing,Emissions (N2O),kilotonnes,0.0084,0.0079,0.0075,0.0044,0.0002,0.0003,0.0006,0.0005,0.0005,0.0006,0.0006,0.001,0.0007,0.0007,0.0007,0.0009,0.0006,0.0006,0.0006,0.0006,0.0006
Rwanda,Food Processing,Emissions (CO2),kilotonnes,66.8943,77.3306,70.8665,43.4129,3.04,3.4993,8.3829,7.8958,9.1525,13.2266,9.0299,19.298,17.8081,17.7683,15.5232,21.7576,17.5972,18.7983,19.7464,20.1922,18.0468
Rwanda,Food Processing,Emissions (CO2eq) from CH4 (AR5),kilotonnes,33.222,29.4588,25.998,15.2432,0.0364,0.0476,0.1092,0.3528,0.3472,1.414,1.6744,1.722,1.204,1.358,1.2152,1.4504,0.938,0.9128,0.756,0.9408,0.9451
Rwanda,Food Processing,Emissions (CO2eq) from N2O (AR5),kilotonnes,2.226,2.0935,1.9875,1.166,0.053,0.0795,0.159,0.1325,0.1325,0.159,0.159,0.265,0.1855,0.1855,0.1855,0.2385,0.159,0.159,0.159,0.159,0.1596
Rwanda,Food Processing,Emissions (CO2eq) (AR5),kilotonnes,102.3423,108.8829,98.852,59.8221,3.1294,3.6264,8.6511,8.3811,9.6322,14.7996,10.8633,21.285,19.1976,19.3118,16.9239,23.4465,18.6942,19.8701,20.6614,21.292,19.1515
Rwanda,Food Packaging,Emissions (CH4),kilotonnes,0,0,0,0,0,0,0,0,0,0,0.0002,0.0002,0.0003,0,0,0,0,0,0,0.0001,0.0001
Rwanda,Food Packaging,Emissions (N2O),kilotonnes,0,0,0,0,0,0,0,0,0,0,0,0,0,0,0,0,0,0,0,0,0
Rwanda,Food Packaging,Emissions (CO2),kilotonnes,0.0077,0.0075,0.0075,0.0073,0.0074,0.0074,0.0074,0.0078,0.0076,0.0081,0.7468,0.7088,1.4864,0.0068,0.0152,0.0155,0.0208,0.0214,0.0213,0.2721,0.2432
Rwanda,Food Packaging,Emissions (CO2eq) from CH4 (AR5),kilotonnes,0,0,0,0,0,0,0,0,0,0,0.0056,0.0056,0.0084,0,0,0,0,0,0,0.0028,0.0028
Rwanda,Food Packaging,Emissions (CO2eq) from N2O (AR5),kilotonnes,0,0,0,0,0,0,0,0,0,0,0,0,0,0,0,0,0,0,0,0,0
Rwanda,Food Packaging,Emissions (CO2eq) (AR5),kilotonnes,0.0077,0.0075,0.0075,0.0073,0.0074,0.0074,0.0074,0.0078,0.0076,0.0081,0.7524,0.7144,1.4948,0.0068,0.0152,0.0155,0.0208,0.0214,0.0213,0.2749,0.246
Rwanda,Food Retail,Emissions (CH4),kilotonnes,0.0144,0.0144,0.0144,0.0144,0.0144,0.0146,0.0146,0.0146,0.0147,0.0149,0.0149,0.0149,0.0152,0.0151,0.0149,0.015,0.0185,0.0187,0.0198,0.0216,0.0217
Rwanda,Food Retail,Emissions (N2O),kilotonnes,0.0001,0.0001,0.0001,0.0001,0.0001,0.0001,0.0001,0.0001,0.0001,0.0001,0.0001,0.0001,0.0001,0.0001,0.0001,0.0001,0.0001,0.0001,0.0001,0.0001,0.0001
Rwanda,Food Retail,Emissions (CO2),kilotonnes,2.927,2.8857,2.862,2.791,2.8324,2.8324,2.8265,2.9803,2.9093,3.0985,3.1931,3.6425,4.0742,4.4231,4.5946,5.0972,6.2928,6.3615,6.7276,7.3597,6.5777
Rwanda,Food Retail,Emissions (CO2eq) from F-gases (AR5),kilotonnes,3.6365,8.8315,16.1045,28.053,43.1185,46.2355,54.5475,62.8595,63.8985,64.418,64.418,64.418,64.418,64.9375,64.9375,64.9375,71.1715,72.73,74.808,76.3665,80.2088
Rwanda,Food Retail,Emissions (CO2eq) from CH4 (AR5),kilotonnes,0.402,0.402,0.402,0.404,0.404,0.408,0.408,0.41,0.412,0.416,0.418,0.416,0.426,0.424,0.418,0.42,0.518,0.5236,0.5544,0.6048,0.6076
Rwanda,Food Retail,Emissions (CO2eq) from N2O (AR5),kilotonnes,0.0248,0.0248,0.025,0.025,0.0251,0.0253,0.0253,0.0255,0.0255,0.0257,0.0257,0.026,0.0266,0.0266,0.0263,0.0265,0.0265,0.0265,0.0265,0.0265,0.0266
Rwanda,Food Retail,Emissions (CO2eq) (AR5),kilotonnes,6.9903,12.1439,19.3935,31.273,46.38,49.5012,57.8073,66.2752,67.2454,67.9583,68.0549,68.5026,68.9448,69.8112,69.9764,70.4812,78.0088,79.6416,82.1165,84.3575,87.4208
Rwanda,Food Household Consumption,Emissions (CH4),kilotonnes,0.012,0.0184,0.022,0.0161,0.0171,0.017,0.0184,0.0443,0.05,0.0567,0.0665,0.077,0.0898,0.0919,0.1057,0.0697,0.0891,0.0995,0.1094,0.1131,0.1136
Rwanda,Food Household Consumption,Emissions (N2O),kilotonnes,0.0001,0.0001,0.0002,0.0001,0.0001,0.0001,0.0001,0.0003,0.0003,0.0003,0.0004,0.0005,0.0006,0.0006,0.0006,0.0004,0.0005,0.0006,0.0006,0.0006,0.0006
Rwanda,Food Household Consumption,Emissions (CO2),kilotonnes,10.1698,12.4363,13.4281,11.1664,12.2739,11.7242,11.5434,21.3857,23.1383,25.7005,29.0528,34.3525,40.2496,39.9415,47.9401,34.0852,40.1217,45.5657,53.2423,57.453,51.3486
Rwanda,Food Household Consumption,Emissions (CO2eq) from CH4 (AR5),kilotonnes,0.336,0.5152,0.616,0.4508,0.4788,0.476,0.5152,1.2404,1.4,1.5876,1.862,2.156,2.5144,2.5732,2.9596,1.9516,2.4948,2.786,3.0632,3.1668,3.1814
Rwanda,Food Household Consumption,Emissions (CO2eq) from N2O (AR5),kilotonnes,0.0265,0.0265,0.053,0.0265,0.0265,0.0265,0.0265,0.0795,0.0795,0.0795,0.106,0.1325,0.159,0.159,0.159,0.106,0.1325,0.159,0.159,0.159,0.1596
Rwanda,Food Household Consumption,Emissions (CO2eq) (AR5),kilotonnes,10.5323,12.978,14.0971,11.6437,12.7792,12.2267,12.0851,22.7056,24.6178,27.3676,31.0208,36.641,42.923,42.6737,51.0587,36.1428,42.749,48.5107,56.4645,60.7788,54.6896
Rwanda,Food Transport,Emissions (CH4),kilotonnes,0.0065,0.0064,0.0064,0.0063,0.0062,0.0061,0.0061,0.0059,0.006,0.0065,0.0069,0.0083,0.0094,0.0109,0.0112,0.0128,0.0136,0.0137,0.0143,0.0108,0.0108
Rwanda,Food Transport,Emissions (N2O),kilotonnes,0.0004,0.0004,0.0004,0.0004,0.0004,0.0004,0.0004,0.0004,0.0004,0.0004,0.0006,0.0007,0.0007,0.0009,0.001,0.0011,0.001,0.001,0.0011,0.0009,0.0009
Rwanda,Food Transport,Emissions (CO2),kilotonnes,23.7805,23.5425,24.187,24.1725,23.971,24.2695,24.5995,24.8195,25.606,27.2605,28.9356,32.4045,36.962,41.8517,42.5568,48.7775,50.6687,51.0022,53.6693,43.9408,39.2721
Rwanda,Food Transport,Emissions (CO2eq) from CH4 (AR5),kilotonnes,0.182,0.1792,0.1792,0.1764,0.1736,0.1708,0.1708,0.1652,0.168,0.182,0.1932,0.2324,0.2632,0.3052,0.3136,0.3584,0.3808,0.3836,0.4004,0.3024,0.3038
Rwanda,Food Transport,Emissions (CO2eq) from N2O (AR5),kilotonnes,0.106,0.106,0.106,0.106,0.106,0.106,0.106,0.106,0.106,0.106,0.159,0.1855,0.1855,0.2385,0.265,0.2915,0.265,0.265,0.2915,0.2385,0.2393
Rwanda,Food Transport,Emissions (CO2eq) (AR5),kilotonnes,24.0685,23.8277,24.4722,24.4549,24.2506,24.5463,24.8763,25.0907,25.88,27.5485,29.2878,32.8224,37.4107,42.3954,43.1354,49.4274,51.3145,51.6508,54.3612,44.4817,39.8152
Rwanda,Energy,Emissions (CH4),kilotonnes,20.1,20.1,20.1,20.2,20.2,20.4,20.4,20.5,20.6,20.8,20.9,20.8,21.3,21.2,20.9,21,21.2,21.7,21.8,21.7,21.8
Rwanda,Energy,Emissions (N2O),kilotonnes,0.26,0.26,0.262,0.262,0.263,0.265,0.265,0.267,0.268,0.27,0.27,0.273,0.279,0.279,0.276,0.278,0.281,0.285,0.286,0.287,0.288
Rwanda,Energy,Emissions (CO2),kilotonnes,495,488,484,472,479,479,478,504,492,524,540,616,689,748,777,862,917,933,980,960,858
Rwanda,Energy,Emissions (CO2eq) from CH4 (AR5),kilotonnes,562.8,562.8,562.8,565.6,565.6,571.2,571.2,574,576.8,582.4,585.2,582.4,596.4,593.6,585.2,588,593.6,607.6,610.4,607.6,610.4
Rwanda,Energy,Emissions (CO2eq) from N2O (AR5),kilotonnes,68.9,68.9,69.43,69.43,69.695,70.225,70.225,70.755,71.02,71.55,71.55,72.345,73.935,73.935,73.14,73.67,74.465,75.525,75.79,76.055,76.32
Rwanda,Energy,Emissions (CO2eq) (AR5),kilotonnes,1126.7,1119.7,1116.23,1107.03,1114.295,1120.425,1119.425,1148.755,1139.82,1177.95,1196.75,1270.745,1359.335,1415.535,1435.34,1523.67,1585.065,1616.125,1666.19,1643.655,1544.72
Rwanda,IPPU,Emissions (N2O),kilotonnes,0.0001,0.0001,0.0001,0.0001,0.0001,0.0001,0.0001,0.0001,0.0001,0.0001,0.0001,0.0001,0.0001,0.0001,0.0001,0.0001,0.0001,0.0001,0.0001,0.0001,0.0001
Rwanda,IPPU,Emissions (CO2),kilotonnes,51.7,60.4,64.6,65.5,65.9,64.7,65.3,64.6,64.8,59.2,59.9,60.5,58.8,61.3,65.8,95.2,157,172,176,194,195
Rwanda,IPPU,Emissions (CO2eq) from F-gases (AR5),kilotonnes,1.8463,4.9074,11.3695,20.2125,34.5945,53.155,57.4307,67.7313,78.0319,86.2918,94.6489,94.5517,102.0342,109.8083,116.6105,124.3846,132.1586,139.9327,146.7349,154.509,162.283
Rwanda,IPPU,Emissions (CO2eq) from N2O (AR5),kilotonnes,0.0234,0.0243,0.0249,0.0253,0.0257,0.0262,0.0268,0.0276,0.0284,0.0292,0.0299,0.0307,0.0315,0.0323,0.0331,0.0339,0.0347,0.0355,0.0366,0.0371,0.0379
Rwanda,IPPU,Emissions (CO2eq) (AR5),kilotonnes,53.5697,65.3316,75.9944,85.7378,100.5202,117.8812,122.7575,132.3589,142.8602,145.521,154.5788,155.0825,160.8658,171.1406,182.4437,219.6185,289.1933,311.9682,322.7715,348.5461,357.3209
Rwanda,Waste,Emissions (CH4),kilotonnes,40.6,42.4,43.8,44.6,45.6,46.8,48.2,49.7,51.3,52.9,54.6,56.2,58,59.7,61.5,63.3,65.1,66.9,68.7,70,71.7
Rwanda,Waste,Emissions (N2O),kilotonnes,0.228,0.237,0.242,0.254,0.262,0.268,0.281,0.298,0.317,0.336,0.354,0.367,0.381,0.391,0.411,0.426,0.444,0.455,0.466,0.487,0.502
Rwanda,Waste,Emissions (CO2eq) from CH4 (AR5),kilotonnes,1136.8,1187.2,1226.4,1248.8,1276.8,1310.4,1349.6,1391.6,1436.4,1481.2,1528.8,1573.6,1624,1671.6,1722,1772.4,1822.8,1873.2,1923.6,1960,2007.6
Rwanda,Waste,Emissions (CO2eq) from N2O (AR5),kilotonnes,60.42,62.805,64.13,67.31,69.43,71.02,74.465,78.97,84.005,89.04,93.81,97.255,100.965,103.615,108.915,112.89,117.66,120.575,123.49,129.055,133.03
Rwanda,Waste,Emissions (CO2eq) (AR5),kilotonnes,1197.22,1250.005,1290.53,1316.11,1346.23,1381.42,1424.065,1470.57,1520.405,1570.24,1622.61,1670.855,1724.965,1775.215,1830.915,1885.29,1940.46,1993.775,2047.09,2089.055,2140.63
Rwanda,Other,Emissions (N2O),kilotonnes,0.144,0.144,0.145,0.145,0.146,0.147,0.148,0.15,0.151,0.153,0.155,0.16,0.164,0.166,0.165,0.169,0.172,0.175,0.177,0.179,0.181
Rwanda,Other,Emissions (CO2eq) from N2O (AR5),kilotonnes,38.16,38.16,38.425,38.425,38.69,38.955,39.22,39.75,40.015,40.545,41.075,42.4,43.46,43.99,43.725,44.785,45.58,46.375,46.905,47.435,47.965
Rwanda,Other,Emissions (CO2eq) (AR5),kilotonnes,38.16,38.16,38.425,38.425,38.69,38.955,39.22,39.75,40.015,40.545,41.075,42.4,43.46,43.99,43.725,44.785,45.58,46.375,46.905,47.435,47.965
Rwanda,Farm-gate emissions,Emissions (CH4),kilotonnes,32.8494,36.082,37.6932,43.8861,47.1423,49.6146,55.2286,58.6125,62.7355,64.0911,68.851,63.8024,62.8547,63.2807,62.812,72.7293,67.6408,67.7301,70.0571,71.6922,71.7576
Rwanda,Farm-gate emissions,Direct emissions (N2O),kilotonnes,1.4556,1.5907,1.6581,1.9101,2.048,2.1902,2.4181,2.599,2.7718,2.8431,3.0455,2.8918,2.9303,3.0206,2.9452,3.3883,3.147,3.2539,3.2875,3.4339,3.4416
Rwanda,Farm-gate emissions,Indirect emissions (N2O),kilotonnes,0.3736,0.4044,0.4304,0.4889,0.5439,0.5973,0.6634,0.7306,0.7888,0.8096,0.858,0.8432,0.8531,0.8825,0.8511,0.9855,0.9243,0.9745,0.9504,0.998,0.9982
Rwanda,Farm-gate emissions,Emissions (N2O),kilotonnes,2.306,2.4795,2.6321,2.9206,3.1571,3.3813,3.7265,3.9876,4.2378,4.3509,4.6516,4.4605,4.6601,4.7967,4.678,5.5084,5.2763,5.4407,5.2632,5.5776,5.5763
Rwanda,Farm-gate emissions,Emissions (CO2),kilotonnes,1777.1617,1770.7576,1761.3705,1758.0236,1750.887,1754.0988,1747.4025,1756.9192,1757.4981,1757.5272,1755.3668,1759.428,1758.3934,1760.1572,1762.7818,1770.3936,1750.8266,1736.6603,1738.9295,1741.0008,1736.7707
Rwanda,Farm-gate emissions,Emissions (CO2eq) from CH4 (AR5),kilotonnes,919.7831,1010.2974,1055.4086,1228.8095,1319.9835,1389.2077,1546.4006,1641.1507,1756.5926,1794.5511,1927.8289,1786.4677,1759.9315,1771.8605,1758.7356,2036.4201,1893.9426,1896.4439,1961.5977,2007.3822,2009.213
Rwanda,Farm-gate emissions,Emissions (CO2eq) from N2O (AR5),kilotonnes,611.0968,657.0774,697.4999,773.9627,836.6419,896.0478,987.5328,1056.7197,1123.0225,1152.9764,1232.6689,1182.0354,1234.9257,1271.1147,1239.6597,1459.7344,1398.2193,1441.794,1394.7548,1478.0655,1477.7065
Rwanda,Farm-gate emissions,Emissions (CO2eq) (AR5),kilotonnes,3308.0416,3438.1323,3514.279,3760.7958,3907.5124,4039.3543,4281.3359,4454.7896,4637.1133,4705.0547,4915.8646,4727.9311,4753.2506,4803.1325,4761.1772,5266.5482,5042.9885,5074.8982,5095.282,5226.4485,5223.6901
Rwanda,Land Use change,Emissions (CH4),kilotonnes,0,0,0,0,0,0,0,0,0,0,0,0,0,0,0,0,0,0,0,0,0
Rwanda,Land Use change,Emissions (N2O),kilotonnes,0,0,0,0,0,0,0,0,0,0,0,0,0,0,0,0,0,0,0,0,0
Rwanda,Land Use change,Emissions (CO2),kilotonnes,1321.7765,1036.6542,1036.6542,1036.6542,1036.6542,1036.6542,1036.6542,1036.6542,1036.6542,1036.6542,1036.6542,62.3198,62.3198,62.3198,62.3198,62.3198,0,0,0,0,0
Rwanda,Land Use change,Emissions (CO2eq) from CH4 (AR5),kilotonnes,0,0,0,0,0,0,0,0,0,0,0,0,0,0,0,0,0,0,0,0,0
Rwanda,Land Use change,Emissions (CO2eq) from N2O (AR5),kilotonnes,0,0,0,0,0,0,0,0,0,0,0,0,0,0,0,0,0,0,0,0,0
Rwanda,Land Use change,Emissions (CO2eq) (AR5),kilotonnes,1321.7765,1036.6542,1036.6542,1036.6542,1036.6542,1036.6542,1036.6542,1036.6542,1036.6542,1036.6542,1036.6542,62.3198,62.3198,62.3198,62.3198,62.3198,0,0,0,0,0
Rwanda,Emissions on agricultural land,Emissions (CH4),kilotonnes,32.8494,36.082,37.6932,43.8861,47.1423,49.6146,55.2286,58.6125,62.7355,64.0911,68.851,63.8024,62.8547,63.2807,62.812,72.7293,67.6408,67.7301,70.0571,71.6922,71.7576
Rwanda,Emissions on agricultural land,Emissions (N2O),kilotonnes,2.306,2.4795,2.6321,2.9206,3.1571,3.3813,3.7265,3.9876,4.2378,4.3509,4.6516,4.4605,4.6601,4.7967,4.678,5.5084,5.2763,5.4407,5.2632,5.5776,5.5763
Rwanda,Emissions on agricultural land,Emissions (CO2),kilotonnes,3098.9382,2807.4118,2798.0247,2794.6778,2787.5412,2790.753,2784.0567,2793.5734,2794.1523,2794.1814,2792.021,1821.7478,1820.7132,1822.4771,1825.1017,1832.7135,1750.8266,1736.6603,1738.9295,1741.0008,1736.7707
Rwanda,Emissions on agricultural land,Emissions (CO2eq) from CH4 (AR5),kilotonnes,919.7831,1010.2974,1055.4086,1228.8095,1319.9835,1389.2077,1546.4006,1641.1507,1756.5926,1794.5511,1927.8289,1786.4677,1759.9315,1771.8605,1758.7356,2036.4201,1893.9426,1896.4439,1961.5977,2007.3822,2009.213
Rwanda,Emissions on agricultural land,Emissions (CO2eq) from N2O (AR5),kilotonnes,611.0968,657.0774,697.4999,773.9627,836.6419,896.0478,987.5328,1056.7197,1123.0225,1152.9764,1232.6689,1182.0354,1234.9257,1271.1147,1239.6597,1459.7344,1398.2193,1441.794,1394.7548,1478.0655,1477.7065
Rwanda,Emissions on agricultural land,Emissions (CO2eq) (AR5),kilotonnes,4629.8181,4474.7865,4550.9332,4797.45,4944.1666,5076.0085,5317.9901,5491.4438,5673.7674,5741.7089,5952.5188,4790.251,4815.5704,4865.4524,4823.497,5328.868,5042.9885,5074.8982,5095.282,5226.4485,5223.6901
Rwanda,Pre- and post- production,Emissions (CH4),kilotonnes,94.6575,95.0125,95.223,95.1343,95.0506,95.5802,96.2845,97.0425,97.9907,98.8594,99.7093,100.5109,101.3008,102.0023,102.5848,103.1591,103.7449,104.3538,104.9596,105.5447,106.0465
Rwanda,Pre- and post- production,Emissions (N2O),kilotonnes,0.1265,0.1371,0.1467,0.1439,0.1413,0.1482,0.1568,0.1696,0.1761,0.1887,0.198,0.1994,0.2113,0.2141,0.2292,0.2347,0.2416,0.2459,0.2525,0.2586,0.2649
Rwanda,Pre- and post- production,Emissions (CO2),kilotonnes,103.7793,116.2026,111.3511,81.5501,42.1247,42.3328,47.3597,57.0891,60.8137,69.2942,70.9582,90.4063,100.5803,103.9914,110.6299,109.733,114.7012,121.7491,133.4069,129.2178,115.4884
Rwanda,Pre- and post- production,Emissions (CO2eq) from F-gases (AR5),kilotonnes,3.6365,8.8315,16.1045,28.053,43.1185,46.2355,54.5475,62.8595,63.8985,64.418,64.418,64.418,64.418,64.9375,64.9375,64.9375,71.1715,72.73,74.808,76.3665,80.2088
Rwanda,Pre- and post- production,Emissions (CO2eq) from CH4 (AR5),kilotonnes,2650.41,2660.3489,2666.2442,2663.7598,2661.418,2676.2469,2695.9658,2717.1912,2743.7407,2768.0638,2791.8595,2814.3046,2836.4236,2856.0638,2872.3746,2888.4545,2904.8579,2921.9063,2938.8698,2955.2508,2969.3014
Rwanda,Pre- and post- production,Emissions (CO2eq) from N2O (AR5),kilotonnes,33.5333,36.3233,38.8836,38.125,37.432,39.2793,41.5499,44.9388,46.6547,50.0117,52.4684,52.8479,55.9852,56.7293,60.7385,62.2059,64.0263,65.1674,66.9247,68.5281,70.1881
Rwanda,Pre- and post- production,Emissions (CO2eq) (AR5),kilotonnes,2791.3591,2821.7062,2832.5834,2811.4879,2784.0932,2804.0945,2839.4229,2882.0786,2915.1076,2951.7877,2979.7041,3021.9769,3057.4071,3081.722,3108.6805,3125.3309,3154.757,3181.5528,3214.0095,3229.3632,3235.1868
Rwanda,Agri-food systems,Emissions (CH4),kilotonnes,127.5069,131.0945,132.9162,139.0203,142.1929,145.1948,151.5131,155.6551,160.7262,162.9505,168.5603,164.3133,164.1555,165.283,165.3968,175.8884,171.3857,172.0839,175.0167,177.2369,177.8041
Rwanda,Agri-food systems,Emissions (N2O),kilotonnes,2.4326,2.6166,2.7788,3.0645,3.2984,3.5295,3.8833,4.1572,4.4139,4.5396,4.8496,4.6599,4.8714,5.0107,4.9072,5.7432,5.5179,5.6866,5.5158,5.8362,5.8411
Rwanda,Agri-food systems,Emissions (CO2),kilotonnes,3202.7175,2923.6144,2909.3758,2876.2279,2829.666,2833.0858,2831.4164,2850.6625,2854.966,2863.4757,2862.9792,1912.1542,1921.2935,1926.4685,1935.7315,1942.4465,1865.5278,1858.4094,1872.3364,1870.2186,1852.2591
Rwanda,Agri-food systems,Emissions (CO2eq) from F-gases (AR5),kilotonnes,3.6365,8.8315,16.1045,28.053,43.1185,46.2355,54.5475,62.8595,63.8985,64.418,64.418,64.418,64.418,64.9375,64.9375,64.9375,71.1715,72.73,74.808,76.3665,80.2088
Rwanda,Agri-food systems,Emissions (CO2eq) from CH4 (AR5),kilotonnes,3570.1932,3670.6462,3721.6528,3892.5692,3981.4015,4065.4547,4242.3664,4358.3419,4500.3333,4562.6149,4719.6884,4600.7724,4596.3551,4627.9243,4631.1102,4924.8746,4798.8006,4818.3502,4900.4675,4962.6331,4978.5144
Rwanda,Agri-food systems,Emissions (CO2eq) from N2O (AR5),kilotonnes,644.6301,693.4006,736.3835,812.0877,874.0739,935.3271,1029.0827,1101.6585,1169.6772,1202.9882,1285.1373,1234.8834,1290.9109,1327.844,1300.3983,1521.9403,1462.2456,1506.9614,1461.6795,1546.5936,1547.8946
Rwanda,Agri-food systems,Emissions (CO2eq) (AR5),kilotonnes,7421.1772,7296.4927,7383.5166,7608.9379,7728.2598,7880.1031,8157.413,8373.5224,8588.875,8693.4967,8932.2229,7812.2279,7872.9775,7947.1743,7932.1776,8454.1989,8197.7455,8256.451,8309.2915,8455.8117,8458.8769
Rwanda,IPCC Agriculture,Emissions (CH4),kilotonnes,32.7323,35.9672,37.5809,43.7777,47.0463,49.5183,55.1507,58.5261,62.6472,63.9954,68.7555,63.6908,62.7377,63.1582,62.6792,72.5724,67.4755,67.5752,69.8728,71.4976,71.563
Rwanda,IPCC Agriculture,Emissions (CH4),kilotonnes,,,12.529,,,48.8152,,,,,,,,,,,,,,,
Rwanda,IPCC Agriculture,Direct emissions (N2O),kilotonnes,1.4556,1.5907,1.6581,1.9101,2.048,2.1902,2.4181,2.599,2.7718,2.8431,3.0455,2.8918,2.9303,3.0206,2.9452,3.3883,3.147,3.2539,3.2875,3.4339,3.4416
Rwanda,IPCC Agriculture,Indirect emissions (N2O),kilotonnes,0.3736,0.4044,0.4304,0.4889,0.5439,0.5973,0.6634,0.7306,0.7888,0.8096,0.858,0.8432,0.8531,0.8825,0.8511,0.9855,0.9243,0.9745,0.9504,0.998,0.9982
Rwanda,IPCC Agriculture,Emissions (N2O),kilotonnes,2.3054,2.479,2.6315,2.9201,3.1567,3.3808,3.7261,3.9872,4.2374,4.3504,4.6511,4.46,4.6595,4.796,4.6773,5.5076,5.2755,5.44,5.2623,5.5766,5.5753
Rwanda,IPCC Agriculture,Emissions (N2O),kilotonnes,,,2.243,,,13.3547,,,,,,,,,,,,,,,
Rwanda,IPCC Agriculture,Emissions (CO2eq) from CH4 (AR5),kilotonnes,916.5041,1007.0818,1052.2643,1225.7755,1317.2972,1386.513,1544.2201,1638.7306,1754.1211,1791.8713,1925.1532,1783.3433,1756.657,1768.4294,1755.0173,2032.0259,1889.315,1892.1055,1956.4375,2001.9336,2003.7644
Rwanda,IPCC Agriculture,Emissions (CO2eq) from CH4 (AR5),kilotonnes,,,350.812,,,1366.8256,,,,,,,,,,,,,,,
Rwanda,IPCC Agriculture,Emissions (CO2eq) from N2O (AR5),kilotonnes,610.9416,656.9252,697.3511,773.8191,836.5148,895.9203,987.4296,1056.6051,1122.9056,1152.8496,1232.5423,1181.8876,1234.7708,1270.9524,1239.4838,1459.5264,1398.0003,1441.5887,1394.5106,1477.8076,1477.4486
Rwanda,IPCC Agriculture,Emissions (CO2eq) from N2O (AR5),kilotonnes,,,594.395,,,3538.9955,,,,,,,,,,,,,,,
Rwanda,IPCC Agriculture,Emissions (CO2eq) (AR5),kilotonnes,1527.4457,1664.007,1749.6153,1999.5947,2153.812,2282.4333,2531.6497,2695.3358,2877.0267,2944.721,3157.6955,2965.2309,2991.4277,3039.3818,2994.5011,3491.5523,3287.3153,3333.6942,3350.9481,3479.7413,3481.213
Rwanda,IPCC Agriculture,Emissions (CO2eq) (AR5),kilotonnes,,,945.207,,,4905.8211,,,,,,,,,,,,,,,
Rwanda,Agricultural Soils,Direct emissions (N2O),kilotonnes,1.4556,1.5907,1.6581,1.9101,2.048,2.1902,2.4181,2.599,2.7718,2.8431,3.0455,2.8918,2.9303,3.0206,2.9452,3.3883,3.147,3.2539,3.2875,3.4339,3.4416
Rwanda,Agricultural Soils,Indirect emissions (N2O),kilotonnes,0.3736,0.4044,0.4304,0.4889,0.5439,0.5973,0.6634,0.7306,0.7888,0.8096,0.858,0.8432,0.8531,0.8825,0.8511,0.9855,0.9243,0.9745,0.9504,0.998,0.9982
Rwanda,Agricultural Soils,Emissions (N2O),kilotonnes,2.1938,2.3588,2.4509,2.7611,2.9534,3.1497,3.4434,3.6926,3.9236,4.0154,4.2659,4.0972,4.1452,4.2648,4.1579,4.7354,4.424,4.5791,4.5863,4.7858,4.7931
Rwanda,Agricultural Soils,Emissions (N2O),kilotonnes,,,1.813,,,9.3,,,,,,,,,,,,,,,
Rwanda,Agricultural Soils,Emissions (CO2eq) from N2O (AR5),kilotonnes,581.3642,625.0708,649.4974,731.679,782.655,834.6579,912.5083,978.5381,1039.7627,1064.093,1130.4684,1085.7498,1098.4701,1130.1642,1101.8377,1254.8787,1172.3494,1213.4547,1215.3649,1268.2409,1270.1644
Rwanda,Agricultural Soils,Emissions (CO2eq) from N2O (AR5),kilotonnes,,,480.445,,,2464.5,,,,,,,,,,,,,,,
Rwanda,Agricultural Soils,Emissions (CO2eq) (AR5),kilotonnes,581.3642,625.0708,649.4974,731.679,782.655,834.6579,912.5083,978.5381,1039.7627,1064.093,1130.4684,1085.7498,1098.4701,1130.1642,1101.8377,1254.8787,1172.3494,1213.4547,1215.3649,1268.2409,1270.1644
Rwanda,Agricultural Soils,Emissions (CO2eq) (AR5),kilotonnes,,,480.445,,,2464.5,,,,,,,,,,,,,,,
Rwanda,LULUCF,Emissions (CH4),kilotonnes,0.1682,0,0.3419,0,0,0.0074,0,0,0.0074,0.0124,0.0545,0.0025,0,0.0817,0.0074,0,0.057,0,0,0,0
Rwanda,LULUCF,Emissions (CH4),kilotonnes,,,0.6376,,,,,,,,,,,,,,,,,,
Rwanda,LULUCF,Emissions (N2O),kilotonnes,0.0049,0,0.0312,0,0,0.0007,0,0,0.0007,0.0011,0.005,0.0002,0,0.0075,0.0007,0,0.0052,0,0,0,0
Rwanda,LULUCF,Emissions (N2O),kilotonnes,,,0.0043,,,,,,,,,,,,,,,,,,
Rwanda,LULUCF,Emissions (CO2),kilotonnes,2493.953,2272.2939,2263.7094,2261.6055,2258.384,2261.5011,2260.5955,2267.4139,2267.4139,2265.0978,2262.9828,1369.8941,1367.1691,1367.1691,1366.5593,1366.5593,1283.7034,1272.7937,1265.8075,1264.6311,1260.4009
Rwanda,LULUCF,Emissions (CO2),kilotonnes,,,-7024.5,,,-8545,,,,,,,,,,,,,,,
Rwanda,LULUCF,Emissions (CO2eq) from CH4 (AR5),kilotonnes,4.7102,0,9.5721,0,0,0.2081,0,0,0.2081,0.3468,1.526,0.0694,0,2.289,0.2081,0,1.5954,0,0,0,0
Rwanda,LULUCF,Emissions (CO2eq) from N2O (AR5),kilotonnes,1.3112,0,8.2716,0,0,0.1798,0,0,0.1798,0.2997,1.3187,0.0599,0,1.978,0.1798,0,1.3786,0,0,0,0
Rwanda,LULUCF,Emissions (CO2eq) (AR5),kilotonnes,2499.9744,2272.2939,2281.5531,2261.6055,2258.384,2261.889,2260.5955,2267.4139,2267.8018,2265.7444,2265.8274,1370.0234,1367.1691,1371.4361,1366.9472,1366.5593,1286.6774,1272.7937,1265.8075,1264.6311,1260.4009
Rwanda,LULUCF,Emissions (CO2eq) (AR5),kilotonnes,,,-7024.5,,,-8545,,,,,,,,,,,,,,,
Rwanda,AFOLU,Emissions (CH4),kilotonnes,32.9005,35.9672,37.9227,43.7777,47.0463,49.5258,55.1507,58.5261,62.6546,64.0078,68.81,63.6933,62.7377,63.2399,62.6866,72.5724,67.5325,67.5752,69.8728,71.4976,71.563
Rwanda,AFOLU,Emissions (N2O),kilotonnes,2.3104,2.479,2.6627,2.9201,3.1567,3.3815,3.7261,3.9872,4.2381,4.3515,4.6561,4.4602,4.6595,4.8035,4.678,5.5076,5.2807,5.44,5.2623,5.5766,5.5753
Rwanda,AFOLU,Emissions (CO2),kilotonnes,2493.953,2272.2939,2263.7094,2261.6055,2258.384,2261.5011,2260.5955,2267.4139,2267.4139,2265.0978,2262.9828,1369.8941,1367.1691,1367.1691,1366.5593,1366.5593,1283.7034,1272.7937,1265.8075,1264.6311,1260.4009
Rwanda,AFOLU,Emissions (CO2eq) from CH4 (AR5),kilotonnes,921.2143,1007.0818,1061.8364,1225.7755,1317.2972,1386.7211,1544.2201,1638.7306,1754.3292,1792.2182,1926.6792,1783.4126,1756.657,1770.7184,1755.2254,2032.0259,1890.9104,1892.1055,1956.4375,2001.9336,2003.7644
Rwanda,AFOLU,Emissions (CO2eq) from N2O (AR5),kilotonnes,612.2529,656.9252,705.6227,773.8191,836.5148,896.1001,987.4296,1056.6051,1123.0854,1153.1493,1233.8609,1181.9475,1234.7708,1272.9304,1239.6636,1459.5264,1399.3789,1441.5887,1394.5106,1477.8076,1477.4486
Rwanda,AFOLU,Emissions (CO2eq) (AR5),kilotonnes,4027.4201,3936.3009,4031.1684,4261.2002,4412.196,4544.3223,4792.2452,4962.7496,5144.8284,5210.4653,5423.5229,4335.2543,4358.5969,4410.8179,4361.4482,4858.1116,4573.9927,4606.4879,4616.7555,4744.3723,4741.614
Rwanda,All sectors with LULUCF,Emissions (CH4),kilotonnes,93.6005,98.4672,101.8227,108.5777,112.8463,116.7258,123.7507,128.7261,134.5546,137.7078,144.31,140.6933,142.0377,144.1399,145.0866,156.8724,153.8325,156.1752,160.3728,163.1976,165.063
Rwanda,All sectors with LULUCF,Emissions (N2O),kilotonnes,2.9425,3.1201,3.3118,3.5812,3.8278,4.0616,4.4203,4.7023,4.9742,5.1106,5.4352,5.2603,5.4836,5.6396,5.5301,6.3808,6.1778,6.3551,6.1914,6.5298,6.5464
Rwanda,All sectors with LULUCF,Emissions (CO2),kilotonnes,3040.653,2820.6939,2812.3094,2799.1055,2803.284,2805.2011,2803.8955,2836.0139,2824.2139,2848.2978,2862.8828,2046.3941,2114.9691,2176.4691,2209.3593,2323.7593,2357.7034,2377.7937,2421.8075,2418.6311,2313.4009
Rwanda,All sectors with LULUCF,Emissions (CO2eq) from F-gases (AR5),kilotonnes,1.8463,4.9074,11.3695,20.2125,34.5945,53.155,57.4307,67.7313,78.0319,86.2918,94.6489,94.5517,102.0342,109.8083,116.6105,124.3846,132.1586,139.9327,146.7349,154.509,162.283
Rwanda,All sectors with LULUCF,Emissions (CO2eq) from CH4 (AR5),kilotonnes,2620.8143,2757.0818,2851.0364,3040.1755,3159.6972,3268.3211,3465.0201,3604.3306,3767.5292,3855.8182,4040.6792,3939.4126,3977.057,4035.9184,4062.4254,4392.4259,4307.3104,4372.9055,4490.4375,4569.5336,4621.7644
Rwanda,All sectors with LULUCF,Emissions (CO2eq) from N2O (AR5),kilotonnes,779.7563,826.8145,877.6325,949.0094,1014.3555,1076.3263,1171.3664,1246.1077,1318.1538,1354.3134,1440.3259,1393.9782,1453.1623,1494.5027,1465.4767,1690.9053,1637.1186,1684.0992,1640.7322,1730.3897,1734.8015
Rwanda,All sectors with LULUCF,Emissions (CO2eq) (AR5),kilotonnes,6443.0699,6409.4975,6552.3479,6808.503,7011.9312,7203.0035,7497.7126,7754.1835,7987.9287,8144.7213,8438.5368,7474.3367,7647.2226,7816.6985,7853.8719,8531.4751,8434.291,8574.731,8699.712,8873.0634,8832.2499
Rwanda,All sectors without LULUCF,Emissions (CH4),kilotonnes,93.4323,98.4672,101.4809,108.5777,112.8463,116.7183,123.7507,128.7261,134.5472,137.6954,144.2555,140.6908,142.0377,144.0582,145.0792,156.8724,153.7755,156.1752,160.3728,163.1976,165.063
Rwanda,All sectors without LULUCF,Emissions (N2O),kilotonnes,2.9375,3.1201,3.2806,3.5812,3.8278,4.0609,4.4203,4.7023,4.9735,5.1095,5.4302,5.2601,5.4836,5.6322,5.5294,6.3808,6.1726,6.3551,6.1914,6.5298,6.5464
Rwanda,All sectors without LULUCF,Emissions (CO2),kilotonnes,546.7,548.4,548.6,537.5,544.9,543.7,543.3,568.6,556.8,583.2,599.9,676.5,747.8,809.3,842.8,957.2,1074,1105,1156,1154,1053
Rwanda,All sectors without LULUCF,Emissions (CO2eq) from F-gases (AR5),kilotonnes,1.8463,4.9074,11.3695,20.2125,34.5945,53.155,57.4307,67.7313,78.0319,86.2918,94.6489,94.5517,102.0342,109.8083,116.6105,124.3846,132.1586,139.9327,146.7349,154.509,162.283
Rwanda,All sectors without LULUCF,Emissions (CO2eq) from CH4 (AR5),kilotonnes,2616.1041,2757.0818,2841.4643,3040.1755,3159.6972,3268.113,3465.0201,3604.3306,3767.3211,3855.4713,4039.1532,3939.3433,3977.057,4033.6294,4062.2173,4392.4259,4305.715,4372.9055,4490.4375,4569.5336,4621.7644
Rwanda,All sectors without LULUCF,Emissions (CO2eq) from N2O (AR5),kilotonnes,778.445,826.8145,869.361,949.0094,1014.3555,1076.1465,1171.3664,1246.1077,1317.9739,1354.0138,1439.0072,1393.9183,1453.1623,1492.5247,1465.2969,1690.9053,1635.74,1684.0992,1640.7322,1730.3897,1734.8015
Rwanda,All sectors without LULUCF,Emissions (CO2eq) (AR5),kilotonnes,3943.0954,4137.2036,4270.7948,4546.8975,4753.5472,4941.1145,5237.1171,5486.7696,5720.1269,5878.9769,6172.7093,6104.3133,6280.0535,6445.2624,6486.9247,7164.9158,7147.6137,7301.9373,7433.9046,7608.4324,7571.8489
"Saint Helena, Ascension and Tristan da Cunha",Drained organic soils,Emissions (CO2eq) (AR5),kilotonnes,0,0,0,0,0,0,0,0,0,0,0,0,0,0,0,0,0,0,0,0,0
"Saint Helena, Ascension and Tristan da Cunha",Drained organic soils (CO2),Emissions (CO2),kilotonnes,0,0,0,0,0,0,0,0,0,0,0,0,0,0,0,0,0,0,0,0,0
"Saint Helena, Ascension and Tristan da Cunha",Drained organic soils (CO2),Emissions (CO2eq) (AR5),kilotonnes,0,0,0,0,0,0,0,0,0,0,0,0,0,0,0,0,0,0,0,0,0
"Saint Helena, Ascension and Tristan da Cunha",Drained organic soils (N2O),Emissions (N2O),kilotonnes,0,0,0,0,0,0,0,0,0,0,0,0,0,0,0,0,0,0,0,0,0
"Saint Helena, Ascension and Tristan da Cunha",Drained organic soils (N2O),Emissions (CO2eq) from N2O (AR5),kilotonnes,0,0,0,0,0,0,0,0,0,0,0,0,0,0,0,0,0,0,0,0,0
"Saint Helena, Ascension and Tristan da Cunha",Drained organic soils (N2O),Emissions (CO2eq) (AR5),kilotonnes,0,0,0,0,0,0,0,0,0,0,0,0,0,0,0,0,0,0,0,0,0
"Saint Helena, Ascension and Tristan da Cunha",On-farm energy use,Emissions (CH4),kilotonnes,0.0013,0.001,0.001,0.0007,0.0004,0.0013,0.001,0.0017,0.0011,0.0008,0.0012,0.0011,0.0013,0.0011,0.0016,0.0014,0.0025,0.0013,0.0021,0.0022,0.0022
"Saint Helena, Ascension and Tristan da Cunha",On-farm energy use,Emissions (N2O),kilotonnes,0,0,0,0,0,0,0,0,0,0,0,0,0,0,0,0,0,0,0,0,0
"Saint Helena, Ascension and Tristan da Cunha",On-farm energy use,Emissions (CO2),kilotonnes,0.4004,0.312,0.3,0.2304,0.1415,0.403,0.3147,0.5302,0.3407,0.2602,0.3833,0.3568,0.4201,0.3521,0.5046,0.4504,0.7871,0.4128,0.6528,0.6824,0.6824
"Saint Helena, Ascension and Tristan da Cunha",On-farm energy use,Emissions (CO2eq) from CH4 (AR5),kilotonnes,0.0355,0.0277,0.0266,0.0205,0.0126,0.0358,0.0279,0.0471,0.0303,0.0231,0.034,0.0317,0.0373,0.0313,0.0448,0.04,0.0699,0.0367,0.058,0.0606,0.0606
"Saint Helena, Ascension and Tristan da Cunha",On-farm energy use,Emissions (CO2eq) from N2O (AR5),kilotonnes,0.0017,0.0013,0.0013,0.001,0.0006,0.0017,0.0013,0.0022,0.0014,0.0011,0.0016,0.0015,0.0018,0.0015,0.0021,0.0019,0.0033,0.0017,0.0027,0.0029,0.0029
"Saint Helena, Ascension and Tristan da Cunha",On-farm energy use,Emissions (CO2eq) (AR5),kilotonnes,0.4376,0.341,0.3279,0.2518,0.1546,0.4405,0.3439,0.5795,0.3724,0.2844,0.419,0.39,0.4592,0.3849,0.5515,0.4923,0.8603,0.4512,0.7135,0.7459,0.7459
"Saint Helena, Ascension and Tristan da Cunha",Forestland,Emissions (CO2),kilotonnes,-0.2479,0.9359,0.9359,0.9359,0.9359,0.9359,0.9359,0.9359,0.9359,0.9359,0.9359,0.7493,0.7493,0.7493,0.7493,0.7493,0.0755,0.0755,0.0755,0.0755,0.0755
"Saint Helena, Ascension and Tristan da Cunha",Forestland,Emissions (CO2eq) (AR5),kilotonnes,-0.2479,0.9359,0.9359,0.9359,0.9359,0.9359,0.9359,0.9359,0.9359,0.9359,0.9359,0.7493,0.7493,0.7493,0.7493,0.7493,0.0755,0.0755,0.0755,0.0755,0.0755
"Saint Helena, Ascension and Tristan da Cunha",Net Forest conversion,Emissions (CO2),kilotonnes,0,0,0,0,0,0,0,0,0,0,0,0,0,0,0,0,0,0,0,0,0
"Saint Helena, Ascension and Tristan da Cunha",Net Forest conversion,Emissions (CO2eq) (AR5),kilotonnes,0,0,0,0,0,0,0,0,0,0,0,0,0,0,0,0,0,0,0,0,0
"Saint Helena, Ascension and Tristan da Cunha",Savanna fires,Emissions (CH4),kilotonnes,0,0,0,0,0,0,0,0,0,0,0,0,0,0,0,0,0,0,0,0,0
"Saint Helena, Ascension and Tristan da Cunha",Savanna fires,Emissions (N2O),kilotonnes,0,0,0,0,0,0,0,0,0,0,0,0,0,0,0,0,0,0,0,0,0
"Saint Helena, Ascension and Tristan da Cunha",Savanna fires,Emissions (CO2eq) from CH4 (AR5),kilotonnes,0,0,0,0,0,0,0,0,0,0,0,0,0,0,0,0,0,0,0,0,0
"Saint Helena, Ascension and Tristan da Cunha",Savanna fires,Emissions (CO2eq) from N2O (AR5),kilotonnes,0,0,0,0,0,0,0,0,0,0,0,0,0,0,0,0,0,0,0,0,0
"Saint Helena, Ascension and Tristan da Cunha",Savanna fires,Emissions (CO2eq) (AR5),kilotonnes,0,0,0,0,0,0,0,0,0,0,0,0,0,0,0,0,0,0,0,0,0
"Saint Helena, Ascension and Tristan da Cunha",Fires in organic soils,Emissions (CH4),kilotonnes,0,0,0,0,0,0,0,0,0,0,0,0,0,0,0,0,0,0,0,0,0
"Saint Helena, Ascension and Tristan da Cunha",Fires in organic soils,Emissions (CO2),kilotonnes,0,0,0,0,0,0,0,0,0,0,0,0,0,0,0,0,0,0,0,0,0
"Saint Helena, Ascension and Tristan da Cunha",Fires in organic soils,Emissions (CO2eq) from CH4 (AR5),kilotonnes,0,0,0,0,0,0,0,0,0,0,0,0,0,0,0,0,0,0,0,0,0
"Saint Helena, Ascension and Tristan da Cunha",Fires in organic soils,Emissions (CO2eq) (AR5),kilotonnes,0,0,0,0,0,0,0,0,0,0,0,0,0,0,0,0,0,0,0,0,0
"Saint Helena, Ascension and Tristan da Cunha",Forest fires,Emissions (CH4),kilotonnes,0,0,0,0,0,0,0,0,0,0,0,0,0,0,0,0,0,0,0,0,0
"Saint Helena, Ascension and Tristan da Cunha",Forest fires,Emissions (N2O),kilotonnes,0,0,0,0,0,0,0,0,0,0,0,0,0,0,0,0,0,0,0,0,0
"Saint Helena, Ascension and Tristan da Cunha",Forest fires,Emissions (CO2eq) from CH4 (AR5),kilotonnes,0,0,0,0,0,0,0,0,0,0,0,0,0,0,0,0,0,0,0,0,0
"Saint Helena, Ascension and Tristan da Cunha",Forest fires,Emissions (CO2eq) from N2O (AR5),kilotonnes,0,0,0,0,0,0,0,0,0,0,0,0,0,0,0,0,0,0,0,0,0
"Saint Helena, Ascension and Tristan da Cunha",Forest fires,Emissions (CO2eq) (AR5),kilotonnes,0,0,0,0,0,0,0,0,0,0,0,0,0,0,0,0,0,0,0,0,0
"Saint Helena, Ascension and Tristan da Cunha",Fires in humid tropical forests,Emissions (CH4),kilotonnes,0,0,0,0,0,0,0,0,0,0,0,0,0,0,0,0,0,0,0,0,0
"Saint Helena, Ascension and Tristan da Cunha",Fires in humid tropical forests,Emissions (N2O),kilotonnes,0,0,0,0,0,0,0,0,0,0,0,0,0,0,0,0,0,0,0,0,0
"Saint Helena, Ascension and Tristan da Cunha",Fires in humid tropical forests,Emissions (CO2eq) from CH4 (AR5),kilotonnes,0,0,0,0,0,0,0,0,0,0,0,0,0,0,0,0,0,0,0,0,0
"Saint Helena, Ascension and Tristan da Cunha",Fires in humid tropical forests,Emissions (CO2eq) from N2O (AR5),kilotonnes,0,0,0,0,0,0,0,0,0,0,0,0,0,0,0,0,0,0,0,0,0
"Saint Helena, Ascension and Tristan da Cunha",Fires in humid tropical forests,Emissions (CO2eq) (AR5),kilotonnes,0,0,0,0,0,0,0,0,0,0,0,0,0,0,0,0,0,0,0,0,0
"Saint Helena, Ascension and Tristan da Cunha",Waste - agri-food systems,Emissions (CH4),kilotonnes,0,0,0,0,0,0,0,0,0,0,0,0,0,0,0,0,0,0,0,0,0
"Saint Helena, Ascension and Tristan da Cunha",Waste - agri-food systems,Emissions (N2O),kilotonnes,0,0,0,0,0,0,0,0,0,0,0,0,0,0,0,0,0,0,0,0,0
"Saint Helena, Ascension and Tristan da Cunha",Waste - agri-food systems,Emissions (CO2eq) from CH4 (AR5),kilotonnes,0,0,0,0,0,0,0,0,0,0,0,0,0,0,0,0,0,0,0,0,0
"Saint Helena, Ascension and Tristan da Cunha",Waste - agri-food systems,Emissions (CO2eq) from N2O (AR5),kilotonnes,0,0,0,0,0,0,0,0,0,0,0,0,0,0,0,0,0,0,0,0,0
"Saint Helena, Ascension and Tristan da Cunha",Waste - agri-food systems,Emissions (CO2eq) (AR5),kilotonnes,0,0,0,0,0,0,0,0,0,0,0,0,0,0,0,0,0,0,0,0,0
"Saint Helena, Ascension and Tristan da Cunha",On-farm electricity use,Emissions (CH4),kilotonnes,0,0,0,0,0,0,0,0,0,0,0,0,0,0,0,0,0,0,0,0,0
"Saint Helena, Ascension and Tristan da Cunha",On-farm electricity use,Emissions (N2O),kilotonnes,0,0,0,0,0,0,0,0,0,0,0,0,0,0,0,0,0,0,0,0,0
"Saint Helena, Ascension and Tristan da Cunha",On-farm electricity use,Emissions (CO2),kilotonnes,0,0,0,0,0,0,0,0,0,0,0,0,0,0,0,0,0,0,0,0,0
"Saint Helena, Ascension and Tristan da Cunha",On-farm electricity use,Emissions (CO2eq) from CH4 (AR5),kilotonnes,0,0,0,0,0,0,0,0,0,0,0,0,0,0,0,0,0,0,0,0,0
"Saint Helena, Ascension and Tristan da Cunha",On-farm electricity use,Emissions (CO2eq) from N2O (AR5),kilotonnes,0,0,0,0,0,0,0,0,0,0,0,0,0,0,0,0,0,0,0,0,0
"Saint Helena, Ascension and Tristan da Cunha",On-farm electricity use,Emissions (CO2eq) (AR5),kilotonnes,0,0,0,0,0,0,0,0,0,0,0,0,0,0,0,0,0,0,0,0,0
"Saint Helena, Ascension and Tristan da Cunha",Food Processing,Emissions (CH4),kilotonnes,0,0.0004,0.0004,0,0,0,0,0,0,0,0,0,0,0.0001,0.0001,0.0001,0.0001,0.0001,0.0001,0.0001,0.0001
"Saint Helena, Ascension and Tristan da Cunha",Food Processing,Emissions (N2O),kilotonnes,0,0,0,0,0,0,0,0,0,0,0,0,0,0,0,0,0,0,0,0,0
"Saint Helena, Ascension and Tristan da Cunha",Food Processing,Emissions (CO2),kilotonnes,0.0376,1.7431,1.6106,0.0183,0.0137,0.044,0.1879,0.1039,0.1159,0.3809,0.2911,0.3056,0.2513,0.4043,0.3777,0.3675,0.364,0.3111,0.2432,0.2296,0.2296
"Saint Helena, Ascension and Tristan da Cunha",Food Processing,Emissions (CO2eq) from CH4 (AR5),kilotonnes,0,0.0112,0.0112,0,0,0,0,0,0,0,0,0,0,0.0028,0.0028,0.0028,0.0028,0.0028,0.0028,0.0028,0.0029
"Saint Helena, Ascension and Tristan da Cunha",Food Processing,Emissions (CO2eq) from N2O (AR5),kilotonnes,0,0,0,0,0,0,0,0,0,0,0,0,0,0,0,0,0,0,0,0,0
"Saint Helena, Ascension and Tristan da Cunha",Food Processing,Emissions (CO2eq) (AR5),kilotonnes,0.0376,1.7543,1.6218,0.0183,0.0137,0.044,0.1879,0.1039,0.1159,0.3809,0.2911,0.3056,0.2513,0.4071,0.3805,0.3703,0.3668,0.3139,0.246,0.2324,0.2325
"Saint Helena, Ascension and Tristan da Cunha",Food Packaging,Emissions (CH4),kilotonnes,0,0,0,0,0,0,0,0,0,0,0,0,0,0,0,0,0,0,0,0,0
"Saint Helena, Ascension and Tristan da Cunha",Food Packaging,Emissions (N2O),kilotonnes,0,0,0,0,0,0,0,0,0,0,0,0,0,0,0,0,0,0,0,0,0
"Saint Helena, Ascension and Tristan da Cunha",Food Packaging,Emissions (CO2),kilotonnes,0.0086,0.0075,0.0079,0.0069,0.0064,0.0074,0.0065,0.0053,0.004,0.0045,0.0028,0.0029,0.0036,0.0044,0.0039,0.0041,0.0045,0.0048,0.0099,0.0064,0.0064
"Saint Helena, Ascension and Tristan da Cunha",Food Packaging,Emissions (CO2eq) from CH4 (AR5),kilotonnes,0,0,0,0,0,0,0,0,0,0,0,0,0,0,0,0,0,0,0,0,0
"Saint Helena, Ascension and Tristan da Cunha",Food Packaging,Emissions (CO2eq) from N2O (AR5),kilotonnes,0,0,0,0,0,0,0,0,0,0,0,0,0,0,0,0,0,0,0,0,0
"Saint Helena, Ascension and Tristan da Cunha",Food Packaging,Emissions (CO2eq) (AR5),kilotonnes,0.0086,0.0075,0.0079,0.0069,0.0064,0.0074,0.0065,0.0053,0.004,0.0045,0.0028,0.0029,0.0036,0.0044,0.0039,0.0041,0.0045,0.0048,0.0099,0.0064,0.0064
"Saint Helena, Ascension and Tristan da Cunha",Food Retail,Emissions (CH4),kilotonnes,0.0002,0.0002,0.0002,0.0002,0.0002,0.0002,0.0002,0.0006,0.0006,0.0007,0.0007,0.0007,0.0008,0.0008,0.0008,0.0008,0.0008,0.0009,0.0011,0.0009,0.0009
"Saint Helena, Ascension and Tristan da Cunha",Food Retail,Emissions (N2O),kilotonnes,0,0,0,0,0,0,0,0,0,0,0,0,0,0,0,0,0,0,0,0,0
"Saint Helena, Ascension and Tristan da Cunha",Food Retail,Emissions (CO2),kilotonnes,0.0598,0.0627,0.0587,0.0576,0.0655,0.0688,0.0761,0.2228,0.2262,0.2666,0.2564,0.2437,0.2792,0.2887,0.2887,0.2887,0.3032,0.3204,0.4073,0.3383,0.3383
"Saint Helena, Ascension and Tristan da Cunha",Food Retail,Emissions (CO2eq) from CH4 (AR5),kilotonnes,0.0056,0.0056,0.0056,0.0056,0.0056,0.0056,0.0056,0.0168,0.0168,0.0196,0.0196,0.0196,0.0224,0.0224,0.0224,0.0224,0.0224,0.0252,0.0308,0.0252,0.0261
"Saint Helena, Ascension and Tristan da Cunha",Food Retail,Emissions (CO2eq) from N2O (AR5),kilotonnes,0,0,0,0,0,0,0,0,0,0,0,0,0,0,0,0,0,0,0,0,0
"Saint Helena, Ascension and Tristan da Cunha",Food Retail,Emissions (CO2eq) (AR5),kilotonnes,0.0654,0.0683,0.0643,0.0632,0.0711,0.0744,0.0817,0.2396,0.243,0.2862,0.276,0.2633,0.3016,0.3111,0.3111,0.3111,0.3256,0.3456,0.4381,0.3635,0.3644
"Saint Helena, Ascension and Tristan da Cunha",Food Household Consumption,Emissions (CH4),kilotonnes,0.0021,0.0023,0.0022,0.0023,0.002,0.0023,0.0023,0.0023,0.0026,0.0026,0.0026,0.0025,0.0027,0.0027,0.0027,0.0028,0.0029,0.0028,0.0029,0.0028,0.0029
"Saint Helena, Ascension and Tristan da Cunha",Food Household Consumption,Emissions (N2O),kilotonnes,0,0,0,0,0,0,0,0,0,0,0,0,0,0,0,0,0,0,0,0,0
"Saint Helena, Ascension and Tristan da Cunha",Food Household Consumption,Emissions (CO2),kilotonnes,2.3305,2.4083,2.3868,2.3818,0.6996,0.9203,0.9006,0.8711,0.9713,1.0108,1.0195,0.9357,0.9853,1.0233,1.0233,1.0447,1.0922,1.0409,1.0817,1.03,1.03
"Saint Helena, Ascension and Tristan da Cunha",Food Household Consumption,Emissions (CO2eq) from CH4 (AR5),kilotonnes,0.0588,0.0644,0.0616,0.0644,0.056,0.0644,0.0644,0.0644,0.0728,0.0728,0.0728,0.07,0.0756,0.0756,0.0756,0.0784,0.0812,0.0784,0.0812,0.0784,0.0811
"Saint Helena, Ascension and Tristan da Cunha",Food Household Consumption,Emissions (CO2eq) from N2O (AR5),kilotonnes,0,0,0,0,0,0,0,0,0,0,0,0,0,0,0,0,0,0,0,0,0
"Saint Helena, Ascension and Tristan da Cunha",Food Household Consumption,Emissions (CO2eq) (AR5),kilotonnes,2.3893,2.4727,2.4484,2.4462,0.7556,0.9847,0.965,0.9355,1.0441,1.0836,1.0923,1.0057,1.0609,1.0989,1.0989,1.1231,1.1734,1.1193,1.1629,1.1084,1.1111
"Saint Helena, Ascension and Tristan da Cunha",Food Transport,Emissions (CH4),kilotonnes,0.0002,0.0001,0.0001,0.0001,0.0001,0.0001,0.0001,0.0001,0.0001,0.0001,0.0002,0.0002,0.0002,0.0002,0.0002,0.0002,0.0002,0.0002,0.0002,0.0002,0.0002
"Saint Helena, Ascension and Tristan da Cunha",Food Transport,Emissions (N2O),kilotonnes,0,0,0,0,0,0,0,0,0,0,0,0,0,0,0,0,0,0,0,0,0
"Saint Helena, Ascension and Tristan da Cunha",Food Transport,Emissions (CO2),kilotonnes,1.0043,0.5632,0.5621,0.6028,0.7161,0.7524,0.6039,0.7436,0.7667,0.7799,0.8591,0.8998,0.8998,1.0978,1.0967,1.1,1.155,1.199,1.265,1.25,1.25
"Saint Helena, Ascension and Tristan da Cunha",Food Transport,Emissions (CO2eq) from CH4 (AR5),kilotonnes,0.0056,0.0028,0.0028,0.0028,0.0028,0.0028,0.0028,0.0028,0.0028,0.0028,0.0056,0.0056,0.0056,0.0056,0.0056,0.0056,0.0056,0.0056,0.0056,0.0056,0.0058
"Saint Helena, Ascension and Tristan da Cunha",Food Transport,Emissions (CO2eq) from N2O (AR5),kilotonnes,0,0,0,0,0,0,0,0,0,0,0,0,0,0,0,0,0,0,0,0,0
"Saint Helena, Ascension and Tristan da Cunha",Food Transport,Emissions (CO2eq) (AR5),kilotonnes,1.0099,0.566,0.5649,0.6056,0.7189,0.7552,0.6067,0.7464,0.7695,0.7827,0.8647,0.9054,0.9054,1.1034,1.1023,1.1056,1.1606,1.2046,1.2706,1.2556,1.2558
"Saint Helena, Ascension and Tristan da Cunha",Energy,Emissions (CH4),kilotonnes,0.0097,0.0077,0.0091,0.0105,0.0183,0.0197,0.0185,0.0222,0.0282,0.0278,0.028,0.0282,0.0278,0.0339,0.0339,0.0341,0.0353,0.0365,0.0383,0.0402,0.0416
"Saint Helena, Ascension and Tristan da Cunha",Energy,Emissions (N2O),kilotonnes,0.0002,0.0001,0.0001,0.0001,0.0002,0.0002,0.0001,0.0002,0.0002,0.0002,0.0002,0.0002,0.0002,0.0002,0.0002,0.0002,0.0003,0.0003,0.0003,0.0003,0.0003
"Saint Helena, Ascension and Tristan da Cunha",Energy,Emissions (CO2),kilotonnes,11,11,11,11,11,11,11,11,11,11,11,11,11,11,11,11,11,11,11.6,11.2,11.2
"Saint Helena, Ascension and Tristan da Cunha",Energy,Emissions (CO2eq) from CH4 (AR5),kilotonnes,0.2724,0.2156,0.2554,0.294,0.5124,0.5516,0.518,0.6216,0.7896,0.7784,0.784,0.7896,0.7784,0.9492,0.9492,0.9548,0.9884,1.022,1.0724,1.1256,1.1648
"Saint Helena, Ascension and Tristan da Cunha",Energy,Emissions (CO2eq) from N2O (AR5),kilotonnes,0.0615,0.0358,0.035,0.0374,0.0429,0.0437,0.0368,0.0432,0.044,0.0456,0.0493,0.0517,0.0519,0.0636,0.0633,0.0641,0.067,0.0697,0.0734,0.0739,0.0766
"Saint Helena, Ascension and Tristan da Cunha",Energy,Emissions (CO2eq) (AR5),kilotonnes,11.3339,11.2514,11.2903,11.3314,11.5553,11.5953,11.5548,11.6648,11.8336,11.824,11.8333,11.8413,11.8303,12.0128,12.0125,12.0189,12.0554,12.0917,12.7458,12.3995,12.4414
"Saint Helena, Ascension and Tristan da Cunha",IPPU,Emissions (N2O),kilotonnes,0,0,0,0,0,0,0,0,0,0,0,0,0,0,0,0,0,0,0,0,0
"Saint Helena, Ascension and Tristan da Cunha",IPPU,Emissions (CO2),kilotonnes,0,0,0,0,0,0,0,0,0,0,0,0,0,0,0,0,0,0,0,0,0
"Saint Helena, Ascension and Tristan da Cunha",IPPU,Emissions (CO2eq) from N2O (AR5),kilotonnes,0,0,0,0,0,0,0,0,0,0,0,0,0,0,0,0,0,0,0,0,0
"Saint Helena, Ascension and Tristan da Cunha",IPPU,Emissions (CO2eq) (AR5),kilotonnes,0,0,0,0,0,0,0,0,0,0,0,0,0,0,0,0,0,0,0,0,0
"Saint Helena, Ascension and Tristan da Cunha",Waste,Emissions (CH4),kilotonnes,0.0355,0.0345,0.0332,0.0319,0.0306,0.0295,0.0291,0.0288,0.0287,0.0287,0.0286,0.0284,0.0282,0.028,0.0278,0.0276,0.0276,0.0277,0.0278,0.0271,0.027
"Saint Helena, Ascension and Tristan da Cunha",Waste,Emissions (CO2eq) from CH4 (AR5),kilotonnes,0.994,0.966,0.9296,0.8932,0.8568,0.826,0.8148,0.8064,0.8036,0.8036,0.8008,0.7952,0.7896,0.784,0.7784,0.7728,0.7728,0.7756,0.7784,0.7588,0.756
"Saint Helena, Ascension and Tristan da Cunha",Waste,Emissions (CO2eq) (AR5),kilotonnes,0.994,0.966,0.9296,0.8932,0.8568,0.826,0.8148,0.8064,0.8036,0.8036,0.8008,0.7952,0.7896,0.784,0.7784,0.7728,0.7728,0.7756,0.7784,0.7588,0.756
"Saint Helena, Ascension and Tristan da Cunha",Other,Emissions (N2O),kilotonnes,0.0005,0.0003,0.0003,0.0003,0.0003,0.0004,0.0003,0.0004,0.0004,0.0004,0.0004,0.0004,0.0004,0.0005,0.0005,0.0005,0.0006,0.0006,0.0006,0.0006,0.0007
"Saint Helena, Ascension and Tristan da Cunha",Other,Emissions (CO2eq) from N2O (AR5),kilotonnes,0.1208,0.0723,0.0721,0.0769,0.0893,0.0943,0.0787,0.0962,0.0999,0.1018,0.1113,0.1163,0.1171,0.1428,0.1426,0.1439,0.1503,0.1569,0.1648,0.168,0.1741
"Saint Helena, Ascension and Tristan da Cunha",Other,Emissions (CO2eq) (AR5),kilotonnes,0.1208,0.0723,0.0721,0.0769,0.0893,0.0943,0.0787,0.0962,0.0999,0.1018,0.1113,0.1163,0.1171,0.1428,0.1426,0.1439,0.1503,0.1569,0.1648,0.168,0.1741
"Saint Helena, Ascension and Tristan da Cunha",Farm-gate emissions,Emissions (CH4),kilotonnes,0.0013,0.001,0.001,0.0007,0.0004,0.0013,0.001,0.0017,0.0011,0.0008,0.0012,0.0011,0.0013,0.0011,0.0016,0.0014,0.0025,0.0013,0.0021,0.0022,0.0022
"Saint Helena, Ascension and Tristan da Cunha",Farm-gate emissions,Emissions (N2O),kilotonnes,0,0,0,0,0,0,0,0,0,0,0,0,0,0,0,0,0,0,0,0,0
"Saint Helena, Ascension and Tristan da Cunha",Farm-gate emissions,Emissions (CO2),kilotonnes,0.4004,0.312,0.3,0.2304,0.1415,0.403,0.3147,0.5302,0.3407,0.2602,0.3833,0.3568,0.4201,0.3521,0.5046,0.4504,0.7871,0.4128,0.6528,0.6824,0.6824
"Saint Helena, Ascension and Tristan da Cunha",Farm-gate emissions,Emissions (CO2eq) from CH4 (AR5),kilotonnes,0.0355,0.0277,0.0266,0.0205,0.0126,0.0358,0.0279,0.0471,0.0303,0.0231,0.034,0.0317,0.0373,0.0313,0.0448,0.04,0.0699,0.0367,0.058,0.0606,0.0606
"Saint Helena, Ascension and Tristan da Cunha",Farm-gate emissions,Emissions (CO2eq) from N2O (AR5),kilotonnes,0.0017,0.0013,0.0013,0.001,0.0006,0.0017,0.0013,0.0022,0.0014,0.0011,0.0016,0.0015,0.0018,0.0015,0.0021,0.0019,0.0033,0.0017,0.0027,0.0029,0.0029
"Saint Helena, Ascension and Tristan da Cunha",Farm-gate emissions,Emissions (CO2eq) (AR5),kilotonnes,0.4376,0.341,0.3279,0.2518,0.1546,0.4405,0.3439,0.5795,0.3724,0.2844,0.419,0.39,0.4592,0.3849,0.5515,0.4923,0.8603,0.4512,0.7135,0.7459,0.7459
"Saint Helena, Ascension and Tristan da Cunha",Land Use change,Emissions (CH4),kilotonnes,0,0,0,0,0,0,0,0,0,0,0,0,0,0,0,0,0,0,0,0,0
"Saint Helena, Ascension and Tristan da Cunha",Land Use change,Emissions (N2O),kilotonnes,0,0,0,0,0,0,0,0,0,0,0,0,0,0,0,0,0,0,0,0,0
"Saint Helena, Ascension and Tristan da Cunha",Land Use change,Emissions (CO2),kilotonnes,0,0,0,0,0,0,0,0,0,0,0,0,0,0,0,0,0,0,0,0,0
"Saint Helena, Ascension and Tristan da Cunha",Land Use change,Emissions (CO2eq) from CH4 (AR5),kilotonnes,0,0,0,0,0,0,0,0,0,0,0,0,0,0,0,0,0,0,0,0,0
"Saint Helena, Ascension and Tristan da Cunha",Land Use change,Emissions (CO2eq) from N2O (AR5),kilotonnes,0,0,0,0,0,0,0,0,0,0,0,0,0,0,0,0,0,0,0,0,0
"Saint Helena, Ascension and Tristan da Cunha",Land Use change,Emissions (CO2eq) (AR5),kilotonnes,0,0,0,0,0,0,0,0,0,0,0,0,0,0,0,0,0,0,0,0,0
"Saint Helena, Ascension and Tristan da Cunha",Emissions on agricultural land,Emissions (CH4),kilotonnes,0.0013,0.001,0.001,0.0007,0.0004,0.0013,0.001,0.0017,0.0011,0.0008,0.0012,0.0011,0.0013,0.0011,0.0016,0.0014,0.0025,0.0013,0.0021,0.0022,0.0022
"Saint Helena, Ascension and Tristan da Cunha",Emissions on agricultural land,Emissions (N2O),kilotonnes,0,0,0,0,0,0,0,0,0,0,0,0,0,0,0,0,0,0,0,0,0
"Saint Helena, Ascension and Tristan da Cunha",Emissions on agricultural land,Emissions (CO2),kilotonnes,0.4004,0.312,0.3,0.2304,0.1415,0.403,0.3147,0.5302,0.3407,0.2602,0.3833,0.3568,0.4201,0.3521,0.5046,0.4504,0.7871,0.4128,0.6528,0.6824,0.6824
"Saint Helena, Ascension and Tristan da Cunha",Emissions on agricultural land,Emissions (CO2eq) from CH4 (AR5),kilotonnes,0.0355,0.0277,0.0266,0.0205,0.0126,0.0358,0.0279,0.0471,0.0303,0.0231,0.034,0.0317,0.0373,0.0313,0.0448,0.04,0.0699,0.0367,0.058,0.0606,0.0606
"Saint Helena, Ascension and Tristan da Cunha",Emissions on agricultural land,Emissions (CO2eq) from N2O (AR5),kilotonnes,0.0017,0.0013,0.0013,0.001,0.0006,0.0017,0.0013,0.0022,0.0014,0.0011,0.0016,0.0015,0.0018,0.0015,0.0021,0.0019,0.0033,0.0017,0.0027,0.0029,0.0029
"Saint Helena, Ascension and Tristan da Cunha",Emissions on agricultural land,Emissions (CO2eq) (AR5),kilotonnes,0.4376,0.341,0.3279,0.2518,0.1546,0.4405,0.3439,0.5795,0.3724,0.2844,0.419,0.39,0.4592,0.3849,0.5515,0.4923,0.8603,0.4512,0.7135,0.7459,0.7459
"Saint Helena, Ascension and Tristan da Cunha",Pre- and post- production,Emissions (CH4),kilotonnes,0.0025,0.003,0.0029,0.0026,0.0023,0.0026,0.0026,0.003,0.0033,0.0034,0.0035,0.0034,0.0037,0.0038,0.0038,0.0039,0.004,0.004,0.0043,0.004,0.0041
"Saint Helena, Ascension and Tristan da Cunha",Pre- and post- production,Emissions (N2O),kilotonnes,0,0,0,0,0,0,0,0,0,0,0,0,0,0,0,0,0,0,0,0,0
"Saint Helena, Ascension and Tristan da Cunha",Pre- and post- production,Emissions (CO2),kilotonnes,3.4408,4.7848,4.6261,3.0674,1.5013,1.7929,1.775,1.9467,2.0841,2.4427,2.4289,2.3877,2.4192,2.8185,2.7903,2.805,2.9189,2.8762,3.0071,2.8543,2.8543
"Saint Helena, Ascension and Tristan da Cunha",Pre- and post- production,Emissions (CO2eq) from CH4 (AR5),kilotonnes,0.07,0.084,0.0812,0.0728,0.0644,0.0728,0.0728,0.084,0.0924,0.0952,0.098,0.0952,0.1036,0.1064,0.1064,0.1092,0.112,0.112,0.1204,0.112,0.1159
"Saint Helena, Ascension and Tristan da Cunha",Pre- and post- production,Emissions (CO2eq) from N2O (AR5),kilotonnes,0,0,0,0,0,0,0,0,0,0,0,0,0,0,0,0,0,0,0,0,0
"Saint Helena, Ascension and Tristan da Cunha",Pre- and post- production,Emissions (CO2eq) (AR5),kilotonnes,3.5108,4.8688,4.7073,3.1402,1.5657,1.8657,1.8478,2.0307,2.1765,2.5379,2.5269,2.4829,2.5228,2.9249,2.8967,2.9142,3.0309,2.9882,3.1275,2.9663,2.9702
"Saint Helena, Ascension and Tristan da Cunha",Agri-food systems,Emissions (CH4),kilotonnes,0.0038,0.004,0.0039,0.0033,0.0027,0.0039,0.0036,0.0047,0.0044,0.0042,0.0047,0.0045,0.005,0.0049,0.0054,0.0053,0.0065,0.0053,0.0064,0.0062,0.0063
"Saint Helena, Ascension and Tristan da Cunha",Agri-food systems,Emissions (N2O),kilotonnes,0,0,0,0,0,0,0,0,0,0,0,0,0,0,0,0,0,0,0,0,0
"Saint Helena, Ascension and Tristan da Cunha",Agri-food systems,Emissions (CO2),kilotonnes,3.8412,5.0968,4.9261,3.2978,1.6428,2.1959,2.0897,2.4769,2.4248,2.7029,2.8122,2.7445,2.8393,3.1706,3.2949,3.2554,3.706,3.289,3.6599,3.5367,3.5367
"Saint Helena, Ascension and Tristan da Cunha",Agri-food systems,Emissions (CO2eq) from CH4 (AR5),kilotonnes,0.1055,0.1117,0.1078,0.0933,0.077,0.1086,0.1007,0.1311,0.1227,0.1183,0.132,0.1269,0.1409,0.1377,0.1512,0.1492,0.1819,0.1487,0.1784,0.1726,0.1765
"Saint Helena, Ascension and Tristan da Cunha",Agri-food systems,Emissions (CO2eq) from N2O (AR5),kilotonnes,0.0017,0.0013,0.0013,0.001,0.0006,0.0017,0.0013,0.0022,0.0014,0.0011,0.0016,0.0015,0.0018,0.0015,0.0021,0.0019,0.0033,0.0017,0.0027,0.0029,0.0029
"Saint Helena, Ascension and Tristan da Cunha",Agri-food systems,Emissions (CO2eq) (AR5),kilotonnes,3.9484,5.2098,5.0352,3.392,1.7203,2.3062,2.1917,2.6102,2.5489,2.8223,2.9459,2.8729,2.982,3.3098,3.4482,3.4065,3.8912,3.4394,3.841,3.7122,3.7161
"Saint Helena, Ascension and Tristan da Cunha",IPCC Agriculture,Emissions (CH4),kilotonnes,0,0,0,0,0,0,0,0,0,0,0,0,0,0,0,0,0,0,0,0,0
"Saint Helena, Ascension and Tristan da Cunha",IPCC Agriculture,Emissions (N2O),kilotonnes,0,0,0,0,0,0,0,0,0,0,0,0,0,0,0,0,0,0,0,0,0
"Saint Helena, Ascension and Tristan da Cunha",IPCC Agriculture,Emissions (CO2eq) from CH4 (AR5),kilotonnes,0,0,0,0,0,0,0,0,0,0,0,0,0,0,0,0,0,0,0,0,0
"Saint Helena, Ascension and Tristan da Cunha",IPCC Agriculture,Emissions (CO2eq) from N2O (AR5),kilotonnes,0,0,0,0,0,0,0,0,0,0,0,0,0,0,0,0,0,0,0,0,0
"Saint Helena, Ascension and Tristan da Cunha",IPCC Agriculture,Emissions (CO2eq) (AR5),kilotonnes,0,0,0,0,0,0,0,0,0,0,0,0,0,0,0,0,0,0,0,0,0
"Saint Helena, Ascension and Tristan da Cunha",Agricultural Soils,Emissions (N2O),kilotonnes,0,0,0,0,0,0,0,0,0,0,0,0,0,0,0,0,0,0,0,0,0
"Saint Helena, Ascension and Tristan da Cunha",Agricultural Soils,Emissions (CO2eq) from N2O (AR5),kilotonnes,0,0,0,0,0,0,0,0,0,0,0,0,0,0,0,0,0,0,0,0,0
"Saint Helena, Ascension and Tristan da Cunha",Agricultural Soils,Emissions (CO2eq) (AR5),kilotonnes,0,0,0,0,0,0,0,0,0,0,0,0,0,0,0,0,0,0,0,0,0
"Saint Helena, Ascension and Tristan da Cunha",LULUCF,Emissions (CH4),kilotonnes,0,0,0,0,0,0,0,0,0,0,0,0,0,0,0,0,0,0,0,0,0
"Saint Helena, Ascension and Tristan da Cunha",LULUCF,Emissions (N2O),kilotonnes,0,0,0,0,0,0,0,0,0,0,0,0,0,0,0,0,0,0,0,0,0
"Saint Helena, Ascension and Tristan da Cunha",LULUCF,Emissions (CO2),kilotonnes,-0.2479,0.9359,0.9359,0.9359,0.9359,0.9359,0.9359,0.9359,0.9359,0.9359,0.9359,0.7493,0.7493,0.7493,0.7493,0.7493,0.0755,0.0755,0.0755,0.0755,0.0755
"Saint Helena, Ascension and Tristan da Cunha",LULUCF,Emissions (CO2eq) from CH4 (AR5),kilotonnes,0,0,0,0,0,0,0,0,0,0,0,0,0,0,0,0,0,0,0,0,0
"Saint Helena, Ascension and Tristan da Cunha",LULUCF,Emissions (CO2eq) from N2O (AR5),kilotonnes,0,0,0,0,0,0,0,0,0,0,0,0,0,0,0,0,0,0,0,0,0
"Saint Helena, Ascension and Tristan da Cunha",LULUCF,Emissions (CO2eq) (AR5),kilotonnes,-0.2479,0.9359,0.9359,0.9359,0.9359,0.9359,0.9359,0.9359,0.9359,0.9359,0.9359,0.7493,0.7493,0.7493,0.7493,0.7493,0.0755,0.0755,0.0755,0.0755,0.0755
"Saint Helena, Ascension and Tristan da Cunha",AFOLU,Emissions (CH4),kilotonnes,0,0,0,0,0,0,0,0,0,0,0,0,0,0,0,0,0,0,0,0,0
"Saint Helena, Ascension and Tristan da Cunha",AFOLU,Emissions (N2O),kilotonnes,0,0,0,0,0,0,0,0,0,0,0,0,0,0,0,0,0,0,0,0,0
"Saint Helena, Ascension and Tristan da Cunha",AFOLU,Emissions (CO2),kilotonnes,-0.2479,0.9359,0.9359,0.9359,0.9359,0.9359,0.9359,0.9359,0.9359,0.9359,0.9359,0.7493,0.7493,0.7493,0.7493,0.7493,0.0755,0.0755,0.0755,0.0755,0.0755
"Saint Helena, Ascension and Tristan da Cunha",AFOLU,Emissions (CO2eq) from CH4 (AR5),kilotonnes,0,0,0,0,0,0,0,0,0,0,0,0,0,0,0,0,0,0,0,0,0
"Saint Helena, Ascension and Tristan da Cunha",AFOLU,Emissions (CO2eq) from N2O (AR5),kilotonnes,0,0,0,0,0,0,0,0,0,0,0,0,0,0,0,0,0,0,0,0,0
"Saint Helena, Ascension and Tristan da Cunha",AFOLU,Emissions (CO2eq) (AR5),kilotonnes,-0.2479,0.9359,0.9359,0.9359,0.9359,0.9359,0.9359,0.9359,0.9359,0.9359,0.9359,0.7493,0.7493,0.7493,0.7493,0.7493,0.0755,0.0755,0.0755,0.0755,0.0755
"Saint Helena, Ascension and Tristan da Cunha",All sectors with LULUCF,Emissions (CH4),kilotonnes,0.0452,0.0422,0.0423,0.0424,0.0489,0.0492,0.0476,0.051,0.0569,0.0565,0.0566,0.0566,0.056,0.0619,0.0617,0.0617,0.0629,0.0642,0.0661,0.0673,0.0686
"Saint Helena, Ascension and Tristan da Cunha",All sectors with LULUCF,Emissions (N2O),kilotonnes,0.0007,0.0004,0.0004,0.0004,0.0005,0.0005,0.0004,0.0005,0.0005,0.0006,0.0006,0.0006,0.0006,0.0008,0.0008,0.0008,0.0008,0.0009,0.0009,0.0009,0.0009
"Saint Helena, Ascension and Tristan da Cunha",All sectors with LULUCF,Emissions (CO2),kilotonnes,10.7521,11.9359,11.9359,11.9359,11.9359,11.9359,11.9359,11.9359,11.9359,11.9359,11.9359,11.7493,11.7493,11.7493,11.7493,11.7493,11.0755,11.0755,11.6755,11.2755,11.2755
"Saint Helena, Ascension and Tristan da Cunha",All sectors with LULUCF,Emissions (CO2eq) from CH4 (AR5),kilotonnes,1.2664,1.1816,1.185,1.1872,1.3692,1.3776,1.3328,1.428,1.5932,1.582,1.5848,1.5848,1.568,1.7332,1.7276,1.7276,1.7612,1.7976,1.8508,1.8844,1.9208
"Saint Helena, Ascension and Tristan da Cunha",All sectors with LULUCF,Emissions (CO2eq) from N2O (AR5),kilotonnes,0.1823,0.1081,0.1071,0.1142,0.1322,0.1381,0.1156,0.1394,0.1439,0.1474,0.1606,0.168,0.1691,0.2064,0.2059,0.208,0.2173,0.2266,0.2382,0.242,0.2507
"Saint Helena, Ascension and Tristan da Cunha",All sectors with LULUCF,Emissions (CO2eq) (AR5),kilotonnes,12.2009,13.2257,13.228,13.2374,13.4374,13.4516,13.3843,13.5033,13.673,13.6653,13.6813,13.5021,13.4863,13.6889,13.6828,13.6849,13.054,13.0997,13.7646,13.4019,13.447
"Saint Helena, Ascension and Tristan da Cunha",All sectors without LULUCF,Emissions (CH4),kilotonnes,0.0452,0.0422,0.0423,0.0424,0.0489,0.0492,0.0476,0.051,0.0569,0.0565,0.0566,0.0566,0.056,0.0619,0.0617,0.0617,0.0629,0.0642,0.0661,0.0673,0.0686
"Saint Helena, Ascension and Tristan da Cunha",All sectors without LULUCF,Emissions (N2O),kilotonnes,0.0007,0.0004,0.0004,0.0004,0.0005,0.0005,0.0004,0.0005,0.0005,0.0006,0.0006,0.0006,0.0006,0.0008,0.0008,0.0008,0.0008,0.0009,0.0009,0.0009,0.0009
"Saint Helena, Ascension and Tristan da Cunha",All sectors without LULUCF,Emissions (CO2),kilotonnes,11,11,11,11,11,11,11,11,11,11,11,11,11,11,11,11,11,11,11.6,11.2,11.2
"Saint Helena, Ascension and Tristan da Cunha",All sectors without LULUCF,Emissions (CO2eq) from CH4 (AR5),kilotonnes,1.2664,1.1816,1.185,1.1872,1.3692,1.3776,1.3328,1.428,1.5932,1.582,1.5848,1.5848,1.568,1.7332,1.7276,1.7276,1.7612,1.7976,1.8508,1.8844,1.9208
"Saint Helena, Ascension and Tristan da Cunha",All sectors without LULUCF,Emissions (CO2eq) from N2O (AR5),kilotonnes,0.1823,0.1081,0.1071,0.1142,0.1322,0.1381,0.1156,0.1394,0.1439,0.1474,0.1606,0.168,0.1691,0.2064,0.2059,0.208,0.2173,0.2266,0.2382,0.242,0.2507
"Saint Helena, Ascension and Tristan da Cunha",All sectors without LULUCF,Emissions (CO2eq) (AR5),kilotonnes,12.4488,12.2897,12.292,12.3014,12.5014,12.5157,12.4484,12.5674,12.7371,12.7294,12.7454,12.7528,12.7371,12.9396,12.9335,12.9356,12.9785,13.0242,13.689,13.3264,13.3715
Saint Kitts and Nevis,Crop Residues,Direct emissions (N2O),kilotonnes,0,0,0,0,0,0,0,0,0,0,0,0,0,0,0,,,,,,
Saint Kitts and Nevis,Crop Residues,Indirect emissions (N2O),kilotonnes,0,0,0,0,0,0,0,0,0,0,0,0,0,0,0,,,,,,
Saint Kitts and Nevis,Crop Residues,Emissions (N2O),kilotonnes,0,0,0,0,0,0,0,0,0,0,0,0,0,0,0,,,,,,
Saint Kitts and Nevis,Crop Residues,Emissions (CO2eq) from N2O (AR5),kilotonnes,0.0022,0.0023,0.0023,0.0021,0.002,0.0021,0.0014,0.0016,0.0022,0.0019,0.0007,0.0016,0.0016,0.0004,0.0016,,,,,,
Saint Kitts and Nevis,Crop Residues,Emissions (CO2eq) (AR5),kilotonnes,0.0022,0.0023,0.0023,0.0021,0.002,0.0021,0.0014,0.0016,0.0022,0.0019,0.0007,0.0016,0.0016,0.0004,0.0016,,,,,,
Saint Kitts and Nevis,Burning - Crop residues,Emissions (CH4),kilotonnes,0.006,0.006,0.0061,0.0061,0.0079,0.0032,0,,,,,,,,,,,,,,
Saint Kitts and Nevis,Burning - Crop residues,Emissions (N2O),kilotonnes,0.0002,0.0002,0.0002,0.0002,0.0002,0.0001,0,,,,,,,,,,,,,,
Saint Kitts and Nevis,Burning - Crop residues,Emissions (CO2eq) from CH4 (AR5),kilotonnes,0.169,0.169,0.172,0.172,0.2211,0.0885,0,,,,,,,,,,,,,,
Saint Kitts and Nevis,Burning - Crop residues,Emissions (CO2eq) from N2O (AR5),kilotonnes,0.0415,0.0415,0.0422,0.0422,0.0543,0.0217,0,,,,,,,,,,,,,,
Saint Kitts and Nevis,Burning - Crop residues,Emissions (CO2eq) (AR5),kilotonnes,0.2105,0.2105,0.2142,0.2142,0.2754,0.1102,0,,,,,,,,,,,,,,
Saint Kitts and Nevis,Enteric Fermentation,Emissions (CH4),kilotonnes,0.4075,0.4036,0.4041,0.4041,0.4043,0.4354,0.4315,0.4689,0.5101,0.5098,0.5118,0.4832,0.2446,0.2228,0.1786,0.1921,0.1781,0.1802,0.1854,0.1912,0.1948
Saint Kitts and Nevis,Enteric Fermentation,Emissions (CH4),kilotonnes,,,,,,,,,,,,,,,,,,,,,
Saint Kitts and Nevis,Enteric Fermentation,Emissions (CO2eq) from CH4 (AR5),kilotonnes,11.4099,11.3008,11.3142,11.3142,11.3214,12.1902,12.0828,13.128,14.2827,14.2742,14.3293,13.5289,6.8477,6.2394,5.0017,5.379,4.9869,5.0461,5.1919,5.3544,5.4554
Saint Kitts and Nevis,Enteric Fermentation,Emissions (CO2eq) from CH4 (AR5),kilotonnes,,,,,,,,,,,,,,,,,,,,,
Saint Kitts and Nevis,Enteric Fermentation,Emissions (CO2eq) (AR5),kilotonnes,11.4099,11.3008,11.3142,11.3142,11.3214,12.1902,12.0828,13.128,14.2827,14.2742,14.3293,13.5289,6.8477,6.2394,5.0017,5.379,4.9869,5.0461,5.1919,5.3544,5.4554
Saint Kitts and Nevis,Enteric Fermentation,Emissions (CO2eq) (AR5),kilotonnes,,,,,,,,,,,,,,,,,,,,,
Saint Kitts and Nevis,Manure Management,Emissions (CH4),kilotonnes,0.0175,0.0174,0.0174,0.0174,0.0174,0.0183,0.0198,0.0217,0.0218,0.0218,0.0218,0.0228,0.0178,0.0174,0.0165,0.017,0.0167,0.0158,0.0147,0.0137,0.0108
Saint Kitts and Nevis,Manure Management,Emissions (CH4),kilotonnes,,,,,,,,,,,,,,,,,,,,,
Saint Kitts and Nevis,Manure Management,Emissions (N2O),kilotonnes,0.0013,0.0013,0.0013,0.0013,0.0013,0.0014,0.0019,0.0022,0.002,0.002,0.002,0.0023,0.0022,0.0022,0.0022,0.0022,0.0022,0.002,0.0018,0.0015,0.001
Saint Kitts and Nevis,Manure Management,Emissions (CO2eq) from CH4 (AR5),kilotonnes,0.4901,0.4877,0.4881,0.4881,0.4883,0.5116,0.5533,0.6072,0.6094,0.6091,0.6109,0.6381,0.4977,0.4863,0.4619,0.4761,0.4667,0.4435,0.4108,0.3835,0.3022
Saint Kitts and Nevis,Manure Management,Emissions (CO2eq) from CH4 (AR5),kilotonnes,,,,,,,,,,,,,,,,,,,,,
Saint Kitts and Nevis,Manure Management,Emissions (CO2eq) from N2O (AR5),kilotonnes,0.3564,0.3562,0.3573,0.3563,0.3565,0.3666,0.5162,0.5794,0.5315,0.5301,0.5322,0.6039,0.5821,0.5819,0.5776,0.5881,0.5856,0.5381,0.4688,0.407,0.2541
Saint Kitts and Nevis,Manure Management,Emissions (CO2eq) (AR5),kilotonnes,0.8466,0.8438,0.8454,0.8444,0.8449,0.8782,1.0695,1.1867,1.1409,1.1393,1.1431,1.242,1.0797,1.0681,1.0395,1.0642,1.0523,0.9816,0.8796,0.7905,0.5563
Saint Kitts and Nevis,Manure Management,Emissions (CO2eq) (AR5),kilotonnes,,,,,,,,,,,,,,,,,,,,,
Saint Kitts and Nevis,Manure left on Pasture,Direct emissions (N2O),kilotonnes,0.0113,0.0113,0.0113,0.0112,0.0112,0.0119,0.01,0.0106,0.0117,0.0117,0.0117,0.0111,0.0061,0.0056,0.0048,0.0052,0.0048,0.0049,0.0052,0.0054,0.0058
Saint Kitts and Nevis,Manure left on Pasture,Indirect emissions (N2O),kilotonnes,0.0037,0.0037,0.0037,0.0037,0.0037,0.0038,0.0027,0.0029,0.0032,0.0032,0.0032,0.0031,0.0018,0.0016,0.0015,0.0016,0.0015,0.0015,0.0016,0.0017,0.0019
Saint Kitts and Nevis,Manure left on Pasture,Emissions (N2O),kilotonnes,0.015,0.0149,0.0149,0.0149,0.0149,0.0158,0.0127,0.0134,0.015,0.015,0.0149,0.0142,0.0079,0.0073,0.0063,0.0067,0.0063,0.0064,0.0068,0.0072,0.0077
Saint Kitts and Nevis,Manure left on Pasture,Emissions (CO2eq) from N2O (AR5),kilotonnes,3.9764,3.9557,3.9536,3.9498,3.9475,4.1822,3.3727,3.5568,3.9643,3.9634,3.9454,3.7595,2.081,1.9312,1.6597,1.7765,1.6681,1.6979,1.7981,1.8994,2.0453
Saint Kitts and Nevis,Manure left on Pasture,Emissions (CO2eq) (AR5),kilotonnes,3.9764,3.9557,3.9536,3.9498,3.9475,4.1822,3.3727,3.5568,3.9643,3.9634,3.9454,3.7595,2.081,1.9312,1.6597,1.7765,1.6681,1.6979,1.7981,1.8994,2.0453
Saint Kitts and Nevis,Manure applied to Soils,Direct emissions (N2O),kilotonnes,0.0018,0.0018,0.0018,0.0018,0.0018,0.0019,0.0025,0.0029,0.0028,0.0028,0.0028,0.003,0.0024,0.0024,0.0022,0.0023,0.0022,0.0021,0.0019,0.0017,0.0013
Saint Kitts and Nevis,Manure applied to Soils,Indirect emissions (N2O),kilotonnes,0.0008,0.0007,0.0008,0.0008,0.0008,0.0008,0.0011,0.0012,0.0012,0.0012,0.0012,0.0013,0.001,0.001,0.0009,0.001,0.001,0.0009,0.0008,0.0007,0.0005
Saint Kitts and Nevis,Manure applied to Soils,Emissions (N2O),kilotonnes,0.0025,0.0025,0.0025,0.0025,0.0025,0.0027,0.0035,0.0041,0.004,0.004,0.0041,0.0043,0.0034,0.0034,0.0032,0.0033,0.0032,0.003,0.0027,0.0024,0.0018
Saint Kitts and Nevis,Manure applied to Soils,Emissions (CO2eq) from N2O (AR5),kilotonnes,0.6723,0.6656,0.6735,0.6705,0.6738,0.7272,0.9403,1.0836,1.0579,1.051,1.0761,1.1367,0.9022,0.8878,0.8413,0.8616,0.8452,0.7906,0.715,0.6444,0.4777
Saint Kitts and Nevis,Manure applied to Soils,Emissions (CO2eq) (AR5),kilotonnes,0.6723,0.6656,0.6735,0.6705,0.6738,0.7272,0.9403,1.0836,1.0579,1.051,1.0761,1.1367,0.9022,0.8878,0.8413,0.8616,0.8452,0.7906,0.715,0.6444,0.4777
Saint Kitts and Nevis,Synthetic Fertilizers,Direct emissions (N2O),kilotonnes,0.0126,0.0126,0.0004,0.0004,0.0004,0.0004,0.0007,0.0003,0.0005,0.0004,0.0004,0.0004,0.0004,0,0.0007,0.0001,0.0003,0.0002,0.0002,0.0002,0.0002
Saint Kitts and Nevis,Synthetic Fertilizers,Indirect emissions (N2O),kilotonnes,0.0041,0.0041,0.0001,0.0001,0.0001,0.0001,0.0002,0.0001,0.0002,0.0001,0.0001,0.0001,0.0001,0,0.0002,0,0.0001,0.0001,0.0001,0.0001,0.0001
Saint Kitts and Nevis,Synthetic Fertilizers,Emissions (N2O),kilotonnes,0.0167,0.0167,0.0006,0.0006,0.0006,0.0006,0.0009,0.0005,0.0007,0.0005,0.0005,0.0005,0.0005,0,0.0009,0.0002,0.0003,0.0003,0.0003,0.0003,0.0003
Saint Kitts and Nevis,Synthetic Fertilizers,Emissions (CO2eq) from N2O (AR5),kilotonnes,4.4141,4.4141,0.149,0.149,0.149,0.149,0.2317,0.1214,0.1876,0.1269,0.1269,0.1324,0.1324,0.0001,0.2369,0.0454,0.0914,0.0708,0.0693,0.0667,0.0698
Saint Kitts and Nevis,Synthetic Fertilizers,Emissions (CO2eq) (AR5),kilotonnes,4.4141,4.4141,0.149,0.149,0.149,0.149,0.2317,0.1214,0.1876,0.1269,0.1269,0.1324,0.1324,0.0001,0.2369,0.0454,0.0914,0.0708,0.0693,0.0667,0.0698
Saint Kitts and Nevis,Drained organic soils,Emissions (CO2eq) (AR5),kilotonnes,0,0,0,0,0,0,0,0,0,0,0,0,0,0,0,0,0,0,0,0,0
Saint Kitts and Nevis,Drained organic soils (CO2),Emissions (CO2),kilotonnes,0,0,0,0,0,0,0,0,0,0,0,0,0,0,0,0,0,0,0,0,0
Saint Kitts and Nevis,Drained organic soils (CO2),Emissions (CO2eq) (AR5),kilotonnes,0,0,0,0,0,0,0,0,0,0,0,0,0,0,0,0,0,0,0,0,0
Saint Kitts and Nevis,Drained organic soils (N2O),Emissions (N2O),kilotonnes,0,0,0,0,0,0,0,0,0,0,0,0,0,0,0,0,0,0,0,0,0
Saint Kitts and Nevis,Drained organic soils (N2O),Emissions (CO2eq) from N2O (AR5),kilotonnes,0,0,0,0,0,0,0,0,0,0,0,0,0,0,0,0,0,0,0,0,0
Saint Kitts and Nevis,Drained organic soils (N2O),Emissions (CO2eq) (AR5),kilotonnes,0,0,0,0,0,0,0,0,0,0,0,0,0,0,0,0,0,0,0,0,0
Saint Kitts and Nevis,On-farm energy use,Emissions (CH4),kilotonnes,0.0014,0.0011,0.0015,0.0014,0.0013,0.0009,0.0011,0.001,0.001,0.001,0.001,0.001,0.001,0.001,0.0009,0.0009,0.0009,0.0008,0.0008,0.0008,0.0008
Saint Kitts and Nevis,On-farm energy use,Emissions (N2O),kilotonnes,0.0002,0.0001,0.0002,0.0002,0.0002,0.0001,0.0001,0.0001,0.0001,0.0001,0.0001,0.0001,0.0001,0.0001,0.0001,0.0001,0.0001,0.0001,0.0001,0.0001,0.0001
Saint Kitts and Nevis,On-farm energy use,Emissions (CO2),kilotonnes,1.6287,1.4422,1.6675,1.6,1.7101,1.2088,1.3714,1.3109,1.3127,1.2608,1.2433,1.2181,1.1837,1.2071,1.1863,1.1469,1.1427,1.1132,1.098,1.0803,1.0803
Saint Kitts and Nevis,On-farm energy use,Emissions (CO2eq) from CH4 (AR5),kilotonnes,0.0389,0.0302,0.0409,0.0386,0.0357,0.0242,0.0308,0.0289,0.0292,0.0277,0.0286,0.0278,0.027,0.0268,0.0261,0.0247,0.0244,0.0235,0.0229,0.0222,0.0222
Saint Kitts and Nevis,On-farm energy use,Emissions (CO2eq) from N2O (AR5),kilotonnes,0.0412,0.0391,0.0417,0.0411,0.0404,0.0377,0.0393,0.0388,0.0389,0.039,0.036,0.0358,0.0356,0.0388,0.0386,0.0383,0.0382,0.038,0.0379,0.0377,0.0377
Saint Kitts and Nevis,On-farm energy use,Emissions (CO2eq) (AR5),kilotonnes,1.7088,1.5115,1.75,1.6797,1.7862,1.2707,1.4415,1.3786,1.3808,1.3275,1.3079,1.2817,1.2463,1.2727,1.2511,1.2099,1.2054,1.1747,1.1587,1.1403,1.1403
Saint Kitts and Nevis,Savanna fires,Emissions (CH4),kilotonnes,0,0,0,0,0,0,0,0,0,0,0.0013,0,0,0,0,0,0,0,0,0,0
Saint Kitts and Nevis,Savanna fires,Emissions (N2O),kilotonnes,0,0,0,0,0,0,0,0,0,0,0.0001,0,0,0,0,0,0,0,0,0,0
Saint Kitts and Nevis,Savanna fires,Emissions (CO2eq) from CH4 (AR5),kilotonnes,0,0,0,0,0,0,0,0,0,0,0.0361,0,0,0,0,0,0,0,0,0,0
Saint Kitts and Nevis,Savanna fires,Emissions (CO2eq) from N2O (AR5),kilotonnes,0,0,0,0,0,0,0,0,0,0,0.0312,0,0,0,0,0,0,0,0,0,0
Saint Kitts and Nevis,Savanna fires,Emissions (CO2eq) (AR5),kilotonnes,0,0,0,0,0,0,0,0,0,0,0.0673,0,0,0,0,0,0,0,0,0,0
Saint Kitts and Nevis,Fires in organic soils,Emissions (CH4),kilotonnes,0,0,0,0,0,0,0,0,0,0,0,0,0,0,0,0,0,0,0,0,0
Saint Kitts and Nevis,Fires in organic soils,Emissions (CO2),kilotonnes,0,0,0,0,0,0,0,0,0,0,0,0,0,0,0,0,0,0,0,0,0
Saint Kitts and Nevis,Fires in organic soils,Emissions (CO2eq) from CH4 (AR5),kilotonnes,0,0,0,0,0,0,0,0,0,0,0,0,0,0,0,0,0,0,0,0,0
Saint Kitts and Nevis,Fires in organic soils,Emissions (CO2eq) (AR5),kilotonnes,0,0,0,0,0,0,0,0,0,0,0,0,0,0,0,0,0,0,0,0,0
Saint Kitts and Nevis,Forest fires,Emissions (CH4),kilotonnes,0,0,0,0,0,0,0,0,0,0,0,0,0,0,0,0,0,0,0,0,0
Saint Kitts and Nevis,Forest fires,Emissions (N2O),kilotonnes,0,0,0,0,0,0,0,0,0,0,0,0,0,0,0,0,0,0,0,0,0
Saint Kitts and Nevis,Forest fires,Emissions (CO2eq) from CH4 (AR5),kilotonnes,0,0,0,0,0,0,0,0,0,0,0,0,0,0,0,0,0,0,0,0,0
Saint Kitts and Nevis,Forest fires,Emissions (CO2eq) from N2O (AR5),kilotonnes,0,0,0,0,0,0,0,0,0,0,0,0,0,0,0,0,0,0,0,0,0
Saint Kitts and Nevis,Forest fires,Emissions (CO2eq) (AR5),kilotonnes,0,0,0,0,0,0,0,0,0,0,0,0,0,0,0,0,0,0,0,0,0
Saint Kitts and Nevis,Fires in humid tropical forests,Emissions (CH4),kilotonnes,0,0,0,0,0,0,0,0,0,0,0,0,0,0,0,0,0,0,0,0,0
Saint Kitts and Nevis,Fires in humid tropical forests,Emissions (N2O),kilotonnes,0,0,0,0,0,0,0,0,0,0,0,0,0,0,0,0,0,0,0,0,0
Saint Kitts and Nevis,Fires in humid tropical forests,Emissions (CO2eq) from CH4 (AR5),kilotonnes,0,0,0,0,0,0,0,0,0,0,0,0,0,0,0,0,0,0,0,0,0
Saint Kitts and Nevis,Fires in humid tropical forests,Emissions (CO2eq) from N2O (AR5),kilotonnes,0,0,0,0,0,0,0,0,0,0,0,0,0,0,0,0,0,0,0,0,0
Saint Kitts and Nevis,Fires in humid tropical forests,Emissions (CO2eq) (AR5),kilotonnes,0,0,0,0,0,0,0,0,0,0,0,0,0,0,0,0,0,0,0,0,0
Saint Kitts and Nevis,Waste - agri-food systems,Emissions (CH4),kilotonnes,1.059,1.0706,1.0748,1.0567,1.0654,1.047,1.0508,1.0547,1.0591,1.0616,1.0633,1.0654,1.0663,1.0679,1.0697,1.0715,1.0731,1.075,1.0764,1.0786,1.0768
Saint Kitts and Nevis,Waste - agri-food systems,Emissions (N2O),kilotonnes,0.0011,0.0012,0.0012,0.0012,0.0012,0.0012,0.0012,0.0012,0.0012,0.0012,0.0012,0.0012,0.0012,0.0012,0.0012,0.0013,0.0013,0.0013,0.0014,0.0014,0.0014
Saint Kitts and Nevis,Waste - agri-food systems,Emissions (CO2),kilotonnes,4.5753,4.5946,4.6056,4.6002,4.6176,4.6353,4.6729,4.6885,4.7163,4.7152,4.7166,4.7329,4.7302,4.7435,4.7633,4.7644,4.7762,4.7877,4.7916,4.8093,4.7697
Saint Kitts and Nevis,Waste - agri-food systems,Emissions (CO2eq) from CH4 (AR5),kilotonnes,29.6532,29.9779,30.0947,29.5879,29.8324,29.3166,29.4212,29.5306,29.6539,29.7256,29.7717,29.8325,29.8569,29.9,29.9524,30.0009,30.0472,30.1011,30.1399,30.1995,30.1515
Saint Kitts and Nevis,Waste - agri-food systems,Emissions (CO2eq) from N2O (AR5),kilotonnes,0.3044,0.3062,0.3157,0.3097,0.3203,0.3076,0.316,0.3138,0.3254,0.3291,0.328,0.3197,0.3217,0.3251,0.3268,0.3317,0.3381,0.3562,0.3589,0.3615,0.3639
Saint Kitts and Nevis,Waste - agri-food systems,Emissions (CO2eq) (AR5),kilotonnes,34.5328,34.8787,35.016,34.4978,34.7703,34.2594,34.4101,34.5329,34.6955,34.7699,34.8162,34.8851,34.9088,34.9685,35.0425,35.097,35.1615,35.2451,35.2903,35.3703,35.2852
Saint Kitts and Nevis,On-farm electricity use,Emissions (CH4),kilotonnes,0,0,0,0,0,0,0,0,0,0,0,0,0,0,0,0,0,0,0,0,0
Saint Kitts and Nevis,On-farm electricity use,Emissions (N2O),kilotonnes,0,0,0,0,0,0,0,0,0,0,0,0,0,0,0,0,0,0,0,0,0
Saint Kitts and Nevis,On-farm electricity use,Emissions (CO2),kilotonnes,0,0,0,0,0,0,0,0,0,0,0,0,0,0,0,0,0,0,0,0,0
Saint Kitts and Nevis,On-farm electricity use,Emissions (CO2eq) from CH4 (AR5),kilotonnes,0,0,0,0,0,0,0,0,0,0,0,0,0,0,0,0,0,0,0,0,0
Saint Kitts and Nevis,On-farm electricity use,Emissions (CO2eq) from N2O (AR5),kilotonnes,0,0,0,0,0,0,0,0,0,0,0,0,0,0,0,0,0,0,0,0,0
Saint Kitts and Nevis,On-farm electricity use,Emissions (CO2eq) (AR5),kilotonnes,0,0,0,0,0,0,0,0,0,0,0,0,0,0,0,0,0,0,0,0,0
Saint Kitts and Nevis,Energy,Emissions (CH4),kilotonnes,0.0159,0.0154,0.0151,0.0157,0.0156,0.0142,0.0125,0.0128,0.0125,0.0144,0.0128,0.0158,0.016,0.0178,0.0173,0.0168,0.0165,0.0123,0.012,0.0153,0.0154
Saint Kitts and Nevis,Energy,Emissions (N2O),kilotonnes,0.0057,0.0058,0.0056,0.0059,0.0062,0.0056,0.0041,0.0045,0.0044,0.0049,0.0047,0.0063,0.0068,0.0065,0.007,0.0067,0.0074,0.0059,0.0057,0.0068,0.007
Saint Kitts and Nevis,Energy,Emissions (CO2),kilotonnes,172,176,198,198,213,198,202,216,216,224,220,231,220,224,231,235,238,246,254,262,231
Saint Kitts and Nevis,Energy,Emissions (CO2eq) from CH4 (AR5),kilotonnes,0.4452,0.4312,0.4228,0.4396,0.4368,0.3976,0.35,0.3584,0.35,0.4032,0.3584,0.4424,0.448,0.4984,0.4844,0.4704,0.462,0.3444,0.336,0.4284,0.4312
Saint Kitts and Nevis,Energy,Emissions (CO2eq) from N2O (AR5),kilotonnes,1.4999,1.5423,1.4893,1.5503,1.6298,1.4708,1.0759,1.1792,1.1713,1.2985,1.2429,1.6589,1.7914,1.7225,1.8418,1.7808,1.9557,1.5556,1.5105,1.8073,1.8444
Saint Kitts and Nevis,Energy,Emissions (CO2eq) (AR5),kilotonnes,173.9451,177.9735,199.9121,199.9898,215.0666,199.8683,203.4259,217.5377,217.5213,225.7017,221.6012,233.1013,222.2394,226.2209,233.3262,237.2512,240.4177,247.8999,255.8465,264.2357,233.2756
Saint Kitts and Nevis,IPPU,Emissions (N2O),kilotonnes,0,0,0,0,0,0,0,0,0,0,0,0,0,0,0,0,0,0,0,0,0
Saint Kitts and Nevis,IPPU,Emissions (CO2),kilotonnes,0.473,0.512,0.529,0.551,0.569,0.62,0.618,0.615,0.612,0.694,0.673,0.65,0.613,0.636,0.647,0.645,0.646,0.606,0.605,0.64,0.641
Saint Kitts and Nevis,IPPU,Emissions (CO2eq) from F-gases (AR5),kilotonnes,0.8998,1.2438,1.6228,2.0407,2.7792,3.6732,4.0133,4.5672,5.1114,5.5876,6.0735,6.2581,6.7148,7.1715,7.6283,8.085,8.5417,8.9984,9.4552,9.9119,10.3978
Saint Kitts and Nevis,IPPU,Emissions (CO2eq) from N2O (AR5),kilotonnes,0.0001,0.0001,0.0001,0.0001,0.0001,0.0001,0.0001,0.0001,0.0001,0.0001,0.0001,0.0002,0.0002,0.0002,0.0002,0.0002,0.0002,0.0002,0.0002,0.0002,0.0002
Saint Kitts and Nevis,IPPU,Emissions (CO2eq) (AR5),kilotonnes,1.373,1.756,2.152,2.5918,3.3484,4.2934,4.6315,5.1824,5.7236,6.2817,6.7466,6.9083,7.328,7.8077,8.2754,8.7302,9.1879,9.6046,10.0603,10.5521,11.0389
Saint Kitts and Nevis,Waste,Emissions (CH4),kilotonnes,1.1,1.12,1.14,1.14,1.17,1.15,1.13,1.14,1.15,1.16,1.16,1.17,1.18,1.19,1.21,1.23,1.24,1.25,1.27,1.26,1.26
Saint Kitts and Nevis,Waste,Emissions (N2O),kilotonnes,0.0022,0.0022,0.0023,0.0023,0.0023,0.0023,0.0023,0.0023,0.0024,0.0024,0.0024,0.0024,0.0024,0.0024,0.0024,0.0025,0.0025,0.0026,0.0026,0.0026,0.0026
Saint Kitts and Nevis,Waste,Emissions (CO2eq) from CH4 (AR5),kilotonnes,30.8,31.36,31.92,31.92,32.76,32.2,31.64,31.92,32.2,32.48,32.48,32.76,33.04,33.32,33.88,34.44,34.72,35,35.56,35.28,35.28
Saint Kitts and Nevis,Waste,Emissions (CO2eq) from N2O (AR5),kilotonnes,0.5804,0.5857,0.5962,0.6015,0.6122,0.6095,0.6148,0.6095,0.6228,0.6334,0.6439,0.6413,0.6386,0.6413,0.6466,0.6546,0.6625,0.681,0.6943,0.6837,0.689
Saint Kitts and Nevis,Waste,Emissions (CO2eq) (AR5),kilotonnes,31.3804,31.9457,32.5162,32.5215,33.3721,32.8095,32.2548,32.5295,32.8227,33.1133,33.1239,33.4013,33.6786,33.9613,34.5266,35.0945,35.3825,35.681,36.2543,35.9637,35.969
Saint Kitts and Nevis,Other,Emissions (N2O),kilotonnes,0.0111,0.0113,0.0119,0.0131,0.014,0.0131,0.0116,0.012,0.0123,0.0136,0.0156,0.017,0.0166,0.0169,0.0169,0.0173,0.017,0.0092,0.009,0.0145,0.0145
Saint Kitts and Nevis,Other,Emissions (CO2eq) from N2O (AR5),kilotonnes,2.9415,2.9945,3.1535,3.4715,3.71,3.4715,3.074,3.18,3.2595,3.604,4.134,4.505,4.399,4.4785,4.4785,4.5845,4.505,2.446,2.3744,3.8425,3.8425
Saint Kitts and Nevis,Other,Emissions (CO2eq) (AR5),kilotonnes,2.9415,2.9945,3.1535,3.4715,3.71,3.4715,3.074,3.18,3.2595,3.604,4.134,4.505,4.399,4.4785,4.4785,4.5845,4.505,2.446,2.3744,3.8425,3.8425
Saint Kitts and Nevis,Farm-gate emissions,Emissions (CH4),kilotonnes,0.4324,0.4281,0.4291,0.429,0.4309,0.4577,0.4524,0.4916,0.5329,0.5325,0.5359,0.507,0.2633,0.2412,0.1961,0.21,0.1956,0.1969,0.2009,0.2057,0.2064
Saint Kitts and Nevis,Farm-gate emissions,Direct emissions (N2O),kilotonnes,0.0257,0.0256,0.0135,0.0134,0.0135,0.0143,0.0132,0.0138,0.0151,0.0149,0.0149,0.0145,0.0089,0.008,0.0077,0.0076,0.0073,0.0072,0.0073,0.0073,0.0073
Saint Kitts and Nevis,Farm-gate emissions,Indirect emissions (N2O),kilotonnes,0.0085,0.0085,0.0046,0.0046,0.0046,0.0048,0.004,0.0042,0.0046,0.0045,0.0045,0.0045,0.0029,0.0026,0.0026,0.0026,0.0025,0.0025,0.0025,0.0025,0.0025
Saint Kitts and Nevis,Farm-gate emissions,Emissions (N2O),kilotonnes,0.0359,0.0358,0.0197,0.0197,0.0197,0.0207,0.0193,0.0203,0.0218,0.0216,0.0217,0.0214,0.0141,0.013,0.0127,0.0125,0.0122,0.0118,0.0117,0.0115,0.0109
Saint Kitts and Nevis,Farm-gate emissions,Emissions (CO2),kilotonnes,1.6287,1.4422,1.6675,1.6,1.7101,1.2088,1.3714,1.3109,1.3127,1.2608,1.2433,1.2181,1.1837,1.2071,1.1863,1.1469,1.1427,1.1132,1.098,1.0803,1.0803
Saint Kitts and Nevis,Farm-gate emissions,Emissions (CO2eq) from CH4 (AR5),kilotonnes,12.108,11.9877,12.0152,12.0129,12.0666,12.8145,12.6669,13.7641,14.9213,14.9111,15.0049,14.1948,7.3723,6.7525,5.4898,5.8799,5.478,5.5131,5.6256,5.7601,5.7798
Saint Kitts and Nevis,Farm-gate emissions,Emissions (CO2eq) from N2O (AR5),kilotonnes,9.5042,9.4745,5.2196,5.211,5.2234,5.4864,5.1017,5.3818,5.7825,5.7123,5.7485,5.6699,3.7349,3.4401,3.3557,3.3098,3.2285,3.1354,3.0891,3.0552,2.8846
Saint Kitts and Nevis,Farm-gate emissions,Emissions (CO2eq) (AR5),kilotonnes,23.2409,22.9044,18.9023,18.824,19.0001,19.5097,19.14,20.4568,22.0165,21.8841,21.9967,21.0828,12.291,11.3997,10.0318,10.3366,9.8493,9.7616,9.8127,9.8957,9.7447
Saint Kitts and Nevis,Land Use change,Emissions (CH4),kilotonnes,0,0,0,0,0,0,0,0,0,0,0,0,0,0,0,0,0,0,0,0,0
Saint Kitts and Nevis,Land Use change,Emissions (N2O),kilotonnes,0,0,0,0,0,0,0,0,0,0,0,0,0,0,0,0,0,0,0,0,0
Saint Kitts and Nevis,Land Use change,Emissions (CO2),kilotonnes,0,0,0,0,0,0,0,0,0,0,0,0,0,0,0,0,0,0,0,0,0
Saint Kitts and Nevis,Land Use change,Emissions (CO2eq) from CH4 (AR5),kilotonnes,0,0,0,0,0,0,0,0,0,0,0,0,0,0,0,0,0,0,0,0,0
Saint Kitts and Nevis,Land Use change,Emissions (CO2eq) from N2O (AR5),kilotonnes,0,0,0,0,0,0,0,0,0,0,0,0,0,0,0,0,0,0,0,0,0
Saint Kitts and Nevis,Land Use change,Emissions (CO2eq) (AR5),kilotonnes,0,0,0,0,0,0,0,0,0,0,0,0,0,0,0,0,0,0,0,0,0
Saint Kitts and Nevis,Emissions on agricultural land,Emissions (CH4),kilotonnes,0.4324,0.4281,0.4291,0.429,0.4309,0.4577,0.4524,0.4916,0.5329,0.5325,0.5359,0.507,0.2633,0.2412,0.1961,0.21,0.1956,0.1969,0.2009,0.2057,0.2064
Saint Kitts and Nevis,Emissions on agricultural land,Emissions (N2O),kilotonnes,0.0359,0.0358,0.0197,0.0197,0.0197,0.0207,0.0193,0.0203,0.0218,0.0216,0.0217,0.0214,0.0141,0.013,0.0127,0.0125,0.0122,0.0118,0.0117,0.0115,0.0109
Saint Kitts and Nevis,Emissions on agricultural land,Emissions (CO2),kilotonnes,1.6287,1.4422,1.6675,1.6,1.7101,1.2088,1.3714,1.3109,1.3127,1.2608,1.2433,1.2181,1.1837,1.2071,1.1863,1.1469,1.1427,1.1132,1.098,1.0803,1.0803
Saint Kitts and Nevis,Emissions on agricultural land,Emissions (CO2eq) from CH4 (AR5),kilotonnes,12.108,11.9877,12.0152,12.0129,12.0666,12.8145,12.6669,13.7641,14.9213,14.9111,15.0049,14.1948,7.3723,6.7525,5.4898,5.8799,5.478,5.5131,5.6256,5.7601,5.7798
Saint Kitts and Nevis,Emissions on agricultural land,Emissions (CO2eq) from N2O (AR5),kilotonnes,9.5042,9.4745,5.2196,5.211,5.2234,5.4864,5.1017,5.3818,5.7825,5.7123,5.7485,5.6699,3.7349,3.4401,3.3557,3.3098,3.2285,3.1354,3.0891,3.0552,2.8846
Saint Kitts and Nevis,Emissions on agricultural land,Emissions (CO2eq) (AR5),kilotonnes,23.2409,22.9044,18.9023,18.824,19.0001,19.5097,19.14,20.4568,22.0165,21.8841,21.9967,21.0828,12.291,11.3997,10.0318,10.3366,9.8493,9.7616,9.8127,9.8957,9.7447
Saint Kitts and Nevis,Pre- and post- production,Emissions (CH4),kilotonnes,1.059,1.0706,1.0748,1.0567,1.0654,1.047,1.0508,1.0547,1.0591,1.0616,1.0633,1.0654,1.0663,1.0679,1.0697,1.0715,1.0731,1.075,1.0764,1.0786,1.0768
Saint Kitts and Nevis,Pre- and post- production,Emissions (N2O),kilotonnes,0.0011,0.0012,0.0012,0.0012,0.0012,0.0012,0.0012,0.0012,0.0012,0.0012,0.0012,0.0012,0.0012,0.0012,0.0012,0.0013,0.0013,0.0013,0.0014,0.0014,0.0014
Saint Kitts and Nevis,Pre- and post- production,Emissions (CO2),kilotonnes,4.5753,4.5946,4.6056,4.6002,4.6176,4.6353,4.6729,4.6885,4.7163,4.7152,4.7166,4.7329,4.7302,4.7435,4.7633,4.7644,4.7762,4.7877,4.7916,4.8093,4.7697
Saint Kitts and Nevis,Pre- and post- production,Emissions (CO2eq) from CH4 (AR5),kilotonnes,29.6532,29.9779,30.0947,29.5879,29.8324,29.3166,29.4212,29.5306,29.6539,29.7256,29.7717,29.8325,29.8569,29.9,29.9524,30.0009,30.0472,30.1011,30.1399,30.1995,30.1515
Saint Kitts and Nevis,Pre- and post- production,Emissions (CO2eq) from N2O (AR5),kilotonnes,0.3044,0.3062,0.3157,0.3097,0.3203,0.3076,0.316,0.3138,0.3254,0.3291,0.328,0.3197,0.3217,0.3251,0.3268,0.3317,0.3381,0.3562,0.3589,0.3615,0.3639
Saint Kitts and Nevis,Pre- and post- production,Emissions (CO2eq) (AR5),kilotonnes,34.5328,34.8787,35.016,34.4978,34.7703,34.2594,34.4101,34.5329,34.6955,34.7699,34.8162,34.8851,34.9088,34.9685,35.0425,35.097,35.1615,35.2451,35.2903,35.3703,35.2852
Saint Kitts and Nevis,Agri-food systems,Emissions (CH4),kilotonnes,1.4915,1.4988,1.5039,1.4857,1.4964,1.5047,1.5031,1.5462,1.592,1.5942,1.5992,1.5724,1.3296,1.309,1.2658,1.2815,1.2688,1.2719,1.2773,1.2843,1.2833
Saint Kitts and Nevis,Agri-food systems,Emissions (N2O),kilotonnes,0.037,0.0369,0.0209,0.0208,0.0209,0.0219,0.0204,0.0215,0.023,0.0228,0.0229,0.0226,0.0153,0.0142,0.0139,0.0137,0.0135,0.0132,0.013,0.0129,0.0123
Saint Kitts and Nevis,Agri-food systems,Emissions (CO2),kilotonnes,6.2039,6.0368,6.2731,6.2002,6.3278,5.844,6.0443,5.9993,6.029,5.976,5.9599,5.9511,5.9139,5.9506,5.9497,5.9113,5.919,5.9009,5.8896,5.8897,5.8501
Saint Kitts and Nevis,Agri-food systems,Emissions (CO2eq) from CH4 (AR5),kilotonnes,41.7612,41.9655,42.1099,41.6008,41.8989,42.1311,42.0881,43.2947,44.5751,44.6366,44.7766,44.0273,37.2292,36.6524,35.4421,35.8808,35.5252,35.6141,35.7655,35.9596,35.9314
Saint Kitts and Nevis,Agri-food systems,Emissions (CO2eq) from N2O (AR5),kilotonnes,9.8086,9.7807,5.5353,5.5208,5.5437,5.794,5.4177,5.6956,6.1079,6.0414,6.0765,5.9896,4.0566,3.7652,3.6825,3.6415,3.5666,3.4916,3.448,3.4167,3.2484
Saint Kitts and Nevis,Agri-food systems,Emissions (CO2eq) (AR5),kilotonnes,57.7737,57.783,53.9183,53.3218,53.7704,53.7691,53.5501,54.9896,56.712,56.654,56.8129,55.9679,47.1998,46.3683,45.0743,45.4336,45.0108,45.0067,45.103,45.266,45.0299
Saint Kitts and Nevis,IPCC Agriculture,Emissions (CH4),kilotonnes,0.431,0.4271,0.4277,0.4277,0.4297,0.4568,0.4513,0.4905,0.5319,0.5315,0.5349,0.506,0.2623,0.2402,0.1951,0.2091,0.1948,0.1961,0.2001,0.2049,0.2056
Saint Kitts and Nevis,IPCC Agriculture,Emissions (CH4),kilotonnes,,,,,,,,,,,,,,,,,,,,,
Saint Kitts and Nevis,IPCC Agriculture,Direct emissions (N2O),kilotonnes,0.0257,0.0256,0.0135,0.0134,0.0135,0.0143,0.0132,0.0138,0.0151,0.0149,0.0149,0.0145,0.0089,0.008,0.0077,0.0076,0.0073,0.0072,0.0073,0.0073,0.0073
Saint Kitts and Nevis,IPCC Agriculture,Indirect emissions (N2O),kilotonnes,0.0085,0.0085,0.0046,0.0046,0.0046,0.0048,0.004,0.0042,0.0046,0.0045,0.0045,0.0045,0.0029,0.0026,0.0026,0.0026,0.0025,0.0025,0.0025,0.0025,0.0025
Saint Kitts and Nevis,IPCC Agriculture,Emissions (N2O),kilotonnes,0.0357,0.0356,0.0195,0.0195,0.0196,0.0206,0.0191,0.0202,0.0217,0.0214,0.0216,0.0213,0.014,0.0128,0.0125,0.0123,0.012,0.0117,0.0115,0.0114,0.0107
Saint Kitts and Nevis,IPCC Agriculture,Emissions (N2O),kilotonnes,,,,,,,,,,,,,,,,,,,,,
Saint Kitts and Nevis,IPCC Agriculture,Emissions (CO2eq) from CH4 (AR5),kilotonnes,12.0691,11.9575,11.9743,11.9743,12.0309,12.7903,12.6361,13.7352,14.8921,14.8833,14.9763,14.167,7.3454,6.7257,5.4636,5.8551,5.4536,5.4896,5.6027,5.7379,5.7576
Saint Kitts and Nevis,IPCC Agriculture,Emissions (CO2eq) from CH4 (AR5),kilotonnes,,,,,,,,,,,,,,,,,,,,,
Saint Kitts and Nevis,IPCC Agriculture,Emissions (CO2eq) from N2O (AR5),kilotonnes,9.463,9.4354,5.1779,5.1699,5.183,5.4487,5.0624,5.3429,5.7436,5.6733,5.7125,5.6342,3.6993,3.4013,3.3171,3.2715,3.1903,3.0974,3.0512,3.0175,2.8468
Saint Kitts and Nevis,IPCC Agriculture,Emissions (CO2eq) from N2O (AR5),kilotonnes,,,,,,,,,,,,,,,,,,,,,
Saint Kitts and Nevis,IPCC Agriculture,Emissions (CO2eq) (AR5),kilotonnes,21.5321,21.3929,17.1523,17.1442,17.2139,18.239,17.6985,19.0782,20.6357,20.5566,20.6888,19.8012,11.0447,10.127,8.7807,9.1267,8.6439,8.5869,8.654,8.7554,8.6045
Saint Kitts and Nevis,IPCC Agriculture,Emissions (CO2eq) (AR5),kilotonnes,,,,,,,,,,,,,,,,,,,,,
Saint Kitts and Nevis,Agricultural Soils,Direct emissions (N2O),kilotonnes,0.0257,0.0256,0.0135,0.0134,0.0135,0.0143,0.0132,0.0138,0.0151,0.0149,0.0149,0.0145,0.0089,0.008,0.0077,0.0076,0.0073,0.0072,0.0073,0.0073,0.0073
Saint Kitts and Nevis,Agricultural Soils,Indirect emissions (N2O),kilotonnes,0.0085,0.0085,0.0046,0.0046,0.0046,0.0048,0.004,0.0042,0.0046,0.0045,0.0045,0.0045,0.0029,0.0026,0.0026,0.0026,0.0025,0.0025,0.0025,0.0025,0.0025
Saint Kitts and Nevis,Agricultural Soils,Emissions (N2O),kilotonnes,0.0342,0.0341,0.018,0.018,0.018,0.0191,0.0172,0.018,0.0197,0.0194,0.0194,0.019,0.0118,0.0106,0.0103,0.0101,0.0098,0.0097,0.0097,0.0099,0.0098
Saint Kitts and Nevis,Agricultural Soils,Emissions (N2O),kilotonnes,,,,,,,,,,,,,,,,,,,,,
Saint Kitts and Nevis,Agricultural Soils,Emissions (CO2eq) from N2O (AR5),kilotonnes,9.0651,9.0377,4.7784,4.7714,4.7722,5.0604,4.5462,4.7635,5.2121,5.1431,5.1491,5.0302,3.1173,2.8195,2.7395,2.6834,2.6047,2.5593,2.5824,2.6105,2.5927
Saint Kitts and Nevis,Agricultural Soils,Emissions (CO2eq) from N2O (AR5),kilotonnes,,,,,,,,,,,,,,,,,,,,,
Saint Kitts and Nevis,Agricultural Soils,Emissions (CO2eq) (AR5),kilotonnes,9.0651,9.0377,4.7784,4.7714,4.7722,5.0604,4.5462,4.7635,5.2121,5.1431,5.1491,5.0302,3.1173,2.8195,2.7395,2.6834,2.6047,2.5593,2.5824,2.6105,2.5927
Saint Kitts and Nevis,Agricultural Soils,Emissions (CO2eq) (AR5),kilotonnes,,,,,,,,,,,,,,,,,,,,,
Saint Kitts and Nevis,LULUCF,Emissions (CH4),kilotonnes,0,0,0,0,0,0,0,0,0,0,0,0,0,0,0,0,0,0,0,0,0
Saint Kitts and Nevis,LULUCF,Emissions (CH4),kilotonnes,,,,,,,,,,,,,,,,,,,,,
Saint Kitts and Nevis,LULUCF,Emissions (N2O),kilotonnes,0,0,0,0,0,0,0,0,0,0,0,0,0,0,0,0,0,0,0,0,0
Saint Kitts and Nevis,LULUCF,Emissions (N2O),kilotonnes,,,,,,,,,,,,,,,,,,,,,
Saint Kitts and Nevis,LULUCF,Emissions (CO2),kilotonnes,0,0,0,0,0,0,0,0,0,0,0,0,0,0,0,0,0,0,0,0,0
Saint Kitts and Nevis,LULUCF,Emissions (CO2),kilotonnes,,,,,,,,,,,,,,,,,,,,,
Saint Kitts and Nevis,LULUCF,Emissions (CO2eq) from CH4 (AR5),kilotonnes,0,0,0,0,0,0,0,0,0,0,0,0,0,0,0,0,0,0,0,0,0
Saint Kitts and Nevis,LULUCF,Emissions (CO2eq) from N2O (AR5),kilotonnes,0,0,0,0,0,0,0,0,0,0,0,0,0,0,0,0,0,0,0,0,0
Saint Kitts and Nevis,LULUCF,Emissions (CO2eq) (AR5),kilotonnes,0,0,0,0,0,0,0,0,0,0,0,0,0,0,0,0,0,0,0,0,0
Saint Kitts and Nevis,LULUCF,Emissions (CO2eq) (AR5),kilotonnes,,,,,,,,,,,,,,,,,,,,,
Saint Kitts and Nevis,AFOLU,Emissions (CH4),kilotonnes,0.431,0.4271,0.4277,0.4277,0.4297,0.4568,0.4513,0.4905,0.5319,0.5315,0.5349,0.506,0.2623,0.2402,0.1951,0.2091,0.1948,0.1961,0.2001,0.2049,0.2056
Saint Kitts and Nevis,AFOLU,Emissions (N2O),kilotonnes,0.0357,0.0356,0.0195,0.0195,0.0196,0.0206,0.0191,0.0202,0.0217,0.0214,0.0216,0.0213,0.014,0.0128,0.0125,0.0123,0.012,0.0117,0.0115,0.0114,0.0107
Saint Kitts and Nevis,AFOLU,Emissions (CO2),kilotonnes,0,0,0,0,0,0,0,0,0,0,0,0,0,0,0,0,0,0,0,0,0
Saint Kitts and Nevis,AFOLU,Emissions (CO2eq) from CH4 (AR5),kilotonnes,12.0691,11.9575,11.9743,11.9743,12.0309,12.7903,12.6361,13.7352,14.8921,14.8833,14.9763,14.167,7.3454,6.7257,5.4636,5.8551,5.4536,5.4896,5.6027,5.7379,5.7576
Saint Kitts and Nevis,AFOLU,Emissions (CO2eq) from N2O (AR5),kilotonnes,9.463,9.4354,5.1779,5.1699,5.183,5.4487,5.0624,5.3429,5.7436,5.6733,5.7125,5.6342,3.6993,3.4013,3.3171,3.2715,3.1903,3.0974,3.0512,3.0175,2.8468
Saint Kitts and Nevis,AFOLU,Emissions (CO2eq) (AR5),kilotonnes,21.5321,21.3929,17.1523,17.1442,17.2139,18.239,17.6985,19.0782,20.6357,20.5566,20.6888,19.8012,11.0447,10.127,8.7807,9.1267,8.6439,8.5869,8.654,8.7554,8.6045
Saint Kitts and Nevis,All sectors with LULUCF,Emissions (CH4),kilotonnes,1.5469,1.5625,1.5828,1.5834,1.6153,1.621,1.5938,1.6433,1.6944,1.7059,1.7077,1.6918,1.4583,1.448,1.4224,1.4559,1.4513,1.4584,1.4821,1.4802,1.481
Saint Kitts and Nevis,All sectors with LULUCF,Emissions (N2O),kilotonnes,0.0547,0.0549,0.0393,0.0407,0.042,0.0415,0.0371,0.0389,0.0407,0.0423,0.0443,0.0469,0.0397,0.0387,0.0388,0.0388,0.0389,0.0294,0.0288,0.0353,0.0348
Saint Kitts and Nevis,All sectors with LULUCF,Emissions (CO2),kilotonnes,172.473,176.512,198.529,198.551,213.569,198.62,202.618,216.615,216.612,224.694,220.673,231.65,220.613,224.636,231.647,235.645,238.646,246.606,254.605,262.64,231.641
Saint Kitts and Nevis,All sectors with LULUCF,Emissions (CO2eq) from F-gases (AR5),kilotonnes,0.8998,1.2438,1.6228,2.0407,2.7792,3.6732,4.0133,4.5672,5.1114,5.5876,6.0735,6.2581,6.7148,7.1715,7.6283,8.085,8.5417,8.9984,9.4552,9.9119,10.3978
Saint Kitts and Nevis,All sectors with LULUCF,Emissions (CO2eq) from CH4 (AR5),kilotonnes,43.3143,43.7487,44.3171,44.3339,45.2277,45.3879,44.6261,46.0136,47.4421,47.7665,47.8147,47.3694,40.8334,40.5441,39.828,40.7655,40.6356,40.834,41.4987,41.4463,41.4688
Saint Kitts and Nevis,All sectors with LULUCF,Emissions (CO2eq) from N2O (AR5),kilotonnes,14.4849,14.558,10.4171,10.7933,11.1351,11.0006,9.8273,10.3118,10.7973,11.2093,11.7335,12.4395,10.5285,10.2438,10.2841,10.2915,10.3136,7.7801,7.6306,9.3511,9.2229
Saint Kitts and Nevis,All sectors with LULUCF,Emissions (CO2eq) (AR5),kilotonnes,231.172,236.0625,254.8861,255.7189,272.7109,258.6817,261.0847,277.5077,279.9628,289.2574,286.2946,297.717,278.6897,282.5954,289.3874,294.7871,298.1369,304.2185,313.1895,323.3493,292.7305
Saint Kitts and Nevis,All sectors without LULUCF,Emissions (CH4),kilotonnes,1.5469,1.5625,1.5828,1.5834,1.6153,1.621,1.5938,1.6433,1.6944,1.7059,1.7077,1.6918,1.4583,1.448,1.4224,1.4559,1.4513,1.4584,1.4821,1.4802,1.481
Saint Kitts and Nevis,All sectors without LULUCF,Emissions (N2O),kilotonnes,0.0547,0.0549,0.0393,0.0407,0.042,0.0415,0.0371,0.0389,0.0407,0.0423,0.0443,0.0469,0.0397,0.0387,0.0388,0.0388,0.0389,0.0294,0.0288,0.0353,0.0348
Saint Kitts and Nevis,All sectors without LULUCF,Emissions (CO2),kilotonnes,172.473,176.512,198.529,198.551,213.569,198.62,202.618,216.615,216.612,224.694,220.673,231.65,220.613,224.636,231.647,235.645,238.646,246.606,254.605,262.64,231.641
Saint Kitts and Nevis,All sectors without LULUCF,Emissions (CO2eq) from F-gases (AR5),kilotonnes,0.8998,1.2438,1.6228,2.0407,2.7792,3.6732,4.0133,4.5672,5.1114,5.5876,6.0735,6.2581,6.7148,7.1715,7.6283,8.085,8.5417,8.9984,9.4552,9.9119,10.3978
Saint Kitts and Nevis,All sectors without LULUCF,Emissions (CO2eq) from CH4 (AR5),kilotonnes,43.3143,43.7487,44.3171,44.3339,45.2277,45.3879,44.6261,46.0136,47.4421,47.7665,47.8147,47.3694,40.8334,40.5441,39.828,40.7655,40.6356,40.834,41.4987,41.4463,41.4688
Saint Kitts and Nevis,All sectors without LULUCF,Emissions (CO2eq) from N2O (AR5),kilotonnes,14.4849,14.558,10.4171,10.7933,11.1351,11.0006,9.8273,10.3118,10.7973,11.2093,11.7335,12.4395,10.5285,10.2438,10.2841,10.2915,10.3136,7.7801,7.6306,9.3511,9.2229
Saint Kitts and Nevis,All sectors without LULUCF,Emissions (CO2eq) (AR5),kilotonnes,231.172,236.0625,254.8861,255.7189,272.7109,258.6817,261.0847,277.5077,279.9628,289.2574,286.2946,297.717,278.6897,282.5954,289.3874,294.7871,298.1369,304.2185,313.1895,323.3493,292.7305
Saint Lucia,Crop Residues,Direct emissions (N2O),kilotonnes,,,,,,,,,,,,,,,,,,,,,
Saint Lucia,Crop Residues,Indirect emissions (N2O),kilotonnes,,,,,,,,,,,,,,,,,,,,,
Saint Lucia,Crop Residues,Emissions (N2O),kilotonnes,,,,,,,,,,,,,,,,,,,,,
Saint Lucia,Crop Residues,Emissions (CO2eq) from N2O (AR5),kilotonnes,,,,,,,,,,,,,,,,,,,,,
Saint Lucia,Crop Residues,Emissions (CO2eq) (AR5),kilotonnes,,,,,,,,,,,,,,,,,,,,,
Saint Lucia,Burning - Crop residues,Emissions (CH4),kilotonnes,,,,,,,,,,,,,,,,,,,,,
Saint Lucia,Burning - Crop residues,Emissions (N2O),kilotonnes,,,,,,,,,,,,,,,,,,,,,
Saint Lucia,Burning - Crop residues,Emissions (CO2eq) from CH4 (AR5),kilotonnes,,,,,,,,,,,,,,,,,,,,,
Saint Lucia,Burning - Crop residues,Emissions (CO2eq) from N2O (AR5),kilotonnes,,,,,,,,,,,,,,,,,,,,,
Saint Lucia,Burning - Crop residues,Emissions (CO2eq) (AR5),kilotonnes,,,,,,,,,,,,,,,,,,,,,
Saint Lucia,Enteric Fermentation,Emissions (CH4),kilotonnes,0.7297,0.7309,0.7478,0.7452,0.7591,0.7591,0.7571,0.7559,0.7702,0.7782,0.7763,0.7767,0.7789,0.787,0.8063,0.7983,0.7854,0.781,0.7805,0.7736,0.7679
Saint Lucia,Enteric Fermentation,Emissions (CH4),kilotonnes,0.421,,,,,0.3639,,,,,0.3268,,,,,,,,,,
Saint Lucia,Enteric Fermentation,Emissions (CO2eq) from CH4 (AR5),kilotonnes,20.4302,20.4658,20.9376,20.8667,21.2551,21.2557,21.1999,21.1646,21.5644,21.7906,21.7371,21.7476,21.8089,22.0351,22.5768,22.3534,21.9904,21.8679,21.8542,21.6603,21.5012
Saint Lucia,Enteric Fermentation,Emissions (CO2eq) from CH4 (AR5),kilotonnes,11.788,,,,,10.1892,,,,,9.1504,,,,,,,,,,
Saint Lucia,Enteric Fermentation,Emissions (CO2eq) (AR5),kilotonnes,20.4302,20.4658,20.9376,20.8667,21.2551,21.2557,21.1999,21.1646,21.5644,21.7906,21.7371,21.7476,21.8089,22.0351,22.5768,22.3534,21.9904,21.8679,21.8542,21.6603,21.5012
Saint Lucia,Enteric Fermentation,Emissions (CO2eq) (AR5),kilotonnes,11.788,,,,,10.1892,,,,,9.1504,,,,,,,,,,
Saint Lucia,Manure Management,Emissions (CH4),kilotonnes,0.0532,0.0534,0.0544,0.0565,0.0578,0.0589,0.0574,0.0685,0.0597,0.0602,0.0573,0.0569,0.056,0.0491,0.0528,0.0576,0.0595,0.0628,0.0612,0.0583,0.055
Saint Lucia,Manure Management,Emissions (CH4),kilotonnes,0.128,,,,,0.155,,,,,0.1807,,,,,,,,,,
Saint Lucia,Manure Management,Emissions (N2O),kilotonnes,0.0046,0.0046,0.0047,0.0049,0.005,0.0051,0.005,0.0064,0.0052,0.0052,0.0048,0.0048,0.0046,0.0036,0.004,0.0047,0.005,0.0055,0.0053,0.0049,0.0044
Saint Lucia,Manure Management,Emissions (N2O),kilotonnes,0.0129,,,,,0.0109,,,,,0.013,,,,,,,,,,
Saint Lucia,Manure Management,Emissions (CO2eq) from CH4 (AR5),kilotonnes,1.4895,1.4942,1.5222,1.581,1.6193,1.6484,1.6072,1.9187,1.6722,1.6864,1.6055,1.5918,1.5686,1.3755,1.4775,1.6138,1.6661,1.7581,1.713,1.6336,1.5392
Saint Lucia,Manure Management,Emissions (CO2eq) from CH4 (AR5),kilotonnes,3.584,,,,,4.34,,,,,5.0596,,,,,,,,,,
Saint Lucia,Manure Management,Emissions (CO2eq) from N2O (AR5),kilotonnes,1.2237,1.2316,1.2443,1.2987,1.3295,1.3607,1.3375,1.7056,1.3896,1.3837,1.2779,1.259,1.2183,0.9437,1.0531,1.2488,1.3293,1.4502,1.3973,1.3,1.1742
Saint Lucia,Manure Management,Emissions (CO2eq) from N2O (AR5),kilotonnes,3.4185,,,,,2.8885,,,,,3.445,,,,,,,,,,
Saint Lucia,Manure Management,Emissions (CO2eq) (AR5),kilotonnes,2.7132,2.7258,2.7666,2.8797,2.9488,3.0092,2.9447,3.6243,3.0618,3.07,2.8835,2.8509,2.7869,2.3192,2.5306,2.8626,2.9954,3.2083,3.1102,2.9336,2.7135
Saint Lucia,Manure Management,Emissions (CO2eq) (AR5),kilotonnes,7.0025,,,,,7.2285,,,,,8.5046,,,,,,,,,,
Saint Lucia,Manure left on Pasture,Direct emissions (N2O),kilotonnes,0.0192,0.0191,0.0195,0.02,0.0207,0.021,0.0204,0.0205,0.0209,0.0211,0.0211,0.0211,0.0211,0.0217,0.0226,0.0222,0.0217,0.0216,0.0216,0.0213,0.0211
Saint Lucia,Manure left on Pasture,Indirect emissions (N2O),kilotonnes,0.0053,0.0053,0.0054,0.0055,0.0056,0.0057,0.0054,0.0054,0.0055,0.0056,0.0056,0.0056,0.0056,0.0059,0.0063,0.0061,0.0059,0.0059,0.0059,0.0058,0.0057
Saint Lucia,Manure left on Pasture,Emissions (N2O),kilotonnes,0.0245,0.0244,0.0249,0.0255,0.0263,0.0267,0.0257,0.0259,0.0264,0.0267,0.0267,0.0267,0.0267,0.0276,0.0288,0.0283,0.0276,0.0275,0.0274,0.0271,0.0268
Saint Lucia,Manure left on Pasture,Emissions (CO2eq) from N2O (AR5),kilotonnes,6.4794,6.4539,6.605,6.761,6.9745,7.0789,6.8234,6.8576,7.0086,7.0747,7.0798,7.074,7.0862,7.3181,7.6377,7.5119,7.321,7.2927,7.2739,7.188,7.1096
Saint Lucia,Manure left on Pasture,Emissions (CO2eq) (AR5),kilotonnes,6.4794,6.4539,6.605,6.761,6.9745,7.0789,6.8234,6.8576,7.0086,7.0747,7.0798,7.074,7.0862,7.3181,7.6377,7.5119,7.321,7.2927,7.2739,7.188,7.1096
Saint Lucia,Manure applied to Soils,Direct emissions (N2O),kilotonnes,0.0045,0.0045,0.0046,0.005,0.0052,0.0055,0.0053,0.0065,0.0056,0.0055,0.0052,0.0051,0.005,0.0042,0.0045,0.0051,0.0053,0.0057,0.0055,0.0053,0.0049
Saint Lucia,Manure applied to Soils,Indirect emissions (N2O),kilotonnes,0.0019,0.0019,0.002,0.0021,0.0022,0.0023,0.0023,0.0028,0.0024,0.0023,0.0022,0.0022,0.0021,0.0018,0.0019,0.0022,0.0023,0.0024,0.0024,0.0022,0.0021
Saint Lucia,Manure applied to Soils,Emissions (N2O),kilotonnes,0.0064,0.0065,0.0066,0.0071,0.0075,0.0078,0.0076,0.0093,0.0079,0.0079,0.0074,0.0073,0.0071,0.006,0.0064,0.0073,0.0076,0.0081,0.0079,0.0075,0.0069
Saint Lucia,Manure applied to Soils,Emissions (CO2eq) from N2O (AR5),kilotonnes,1.6951,1.7093,1.7392,1.8939,1.9792,2.0656,2.0013,2.4716,2.1034,2.0809,1.9582,1.9447,1.8905,1.5862,1.7039,1.9307,2.0154,2.1514,2.0934,1.9853,1.8355
Saint Lucia,Manure applied to Soils,Emissions (CO2eq) (AR5),kilotonnes,1.6951,1.7093,1.7392,1.8939,1.9792,2.0656,2.0013,2.4716,2.1034,2.0809,1.9582,1.9447,1.8905,1.5862,1.7039,1.9307,2.0154,2.1514,2.0934,1.9853,1.8355
Saint Lucia,Synthetic Fertilizers,Direct emissions (N2O),kilotonnes,0.0144,0,0.0028,0.0075,0.0032,0.0046,0.0038,0.0007,0.0002,0.0014,0.004,0.0024,0.005,0.0032,0.0063,0.0067,0.0045,0.002,0.0021,0.0043,0.0043
Saint Lucia,Synthetic Fertilizers,Indirect emissions (N2O),kilotonnes,0.0047,0,0.0009,0.0024,0.0011,0.0015,0.0012,0.0002,0.0001,0.0005,0.0013,0.0008,0.0016,0.001,0.002,0.0022,0.0014,0.0006,0.0007,0.0014,0.0014
Saint Lucia,Synthetic Fertilizers,Emissions (N2O),kilotonnes,0.0191,0,0.0037,0.01,0.0043,0.0061,0.0051,0.0009,0.0003,0.0019,0.0052,0.0032,0.0066,0.0043,0.0083,0.0089,0.0059,0.0026,0.0028,0.0058,0.0058
Saint Lucia,Synthetic Fertilizers,Emissions (CO2eq) from N2O (AR5),kilotonnes,5.064,0,0.9753,2.6421,1.1405,1.6197,1.3502,0.2415,0.0828,0.5076,1.3905,0.8552,1.7461,1.1317,2.2112,2.3664,1.5627,0.694,0.7292,1.526,1.526
Saint Lucia,Synthetic Fertilizers,Emissions (CO2eq) (AR5),kilotonnes,5.064,0,0.9753,2.6421,1.1405,1.6197,1.3502,0.2415,0.0828,0.5076,1.3905,0.8552,1.7461,1.1317,2.2112,2.3664,1.5627,0.694,0.7292,1.526,1.526
Saint Lucia,Drained organic soils,Emissions (CO2eq) (AR5),kilotonnes,0,0,0,0,0,0,0,0,0,0,0,0,0,0,0,0,0,0,0,0,0
Saint Lucia,Drained organic soils (CO2),Emissions (CO2),kilotonnes,0,0,0,0,0,0,0,0,0,0,0,0,0,0,0,0,0,0,0,0,0
Saint Lucia,Drained organic soils (CO2),Emissions (CO2eq) (AR5),kilotonnes,0,0,0,0,0,0,0,0,0,0,0,0,0,0,0,0,0,0,0,0,0
Saint Lucia,Drained organic soils (N2O),Emissions (N2O),kilotonnes,0,0,0,0,0,0,0,0,0,0,0,0,0,0,0,0,0,0,0,0,0
Saint Lucia,Drained organic soils (N2O),Emissions (CO2eq) from N2O (AR5),kilotonnes,0,0,0,0,0,0,0,0,0,0,0,0,0,0,0,0,0,0,0,0,0
Saint Lucia,Drained organic soils (N2O),Emissions (CO2eq) (AR5),kilotonnes,0,0,0,0,0,0,0,0,0,0,0,0,0,0,0,0,0,0,0,0,0
Saint Lucia,On-farm energy use,Emissions (CH4),kilotonnes,0.0003,0.0005,0.0004,0.0005,0.0005,0.0004,0.0005,0.0005,0.0005,0.0005,0.0006,0.0006,0.0005,0.0005,0.0005,0.0005,0.0005,0.0006,0.0006,0.0006,0.0006
Saint Lucia,On-farm energy use,Emissions (N2O),kilotonnes,0,0,0,0,0,0,0,0,0,0,0,0,0,0,0,0,0,0,0,0,0
Saint Lucia,On-farm energy use,Emissions (CO2),kilotonnes,3.861,5.9756,5.1825,5.7868,5.8507,5.5396,6.2641,6.025,6.2173,5.7149,7.4381,7.1162,6.8638,6.753,6.7719,6.741,6.9392,7.1565,7.3858,7.5086,7.5086
Saint Lucia,On-farm energy use,Emissions (CO2eq) from CH4 (AR5),kilotonnes,0.0086,0.0133,0.0115,0.0128,0.013,0.0123,0.0139,0.0134,0.0138,0.0127,0.0165,0.0158,0.0152,0.015,0.015,0.015,0.0154,0.0159,0.0164,0.0167,0.0167
Saint Lucia,On-farm energy use,Emissions (CO2eq) from N2O (AR5),kilotonnes,0.0016,0.0025,0.0022,0.0024,0.0025,0.0023,0.0026,0.0025,0.0026,0.0024,0.0031,0.003,0.0029,0.0028,0.0028,0.0028,0.0029,0.003,0.0031,0.0032,0.0032
Saint Lucia,On-farm energy use,Emissions (CO2eq) (AR5),kilotonnes,3.8712,5.9913,5.1961,5.802,5.8661,5.5542,6.2807,6.0409,6.2337,5.73,7.4578,7.135,6.8819,6.7709,6.7898,6.7587,6.9576,7.1753,7.4053,7.5284,7.5284
Saint Lucia,Forestland,Emissions (CO2),kilotonnes,-148.9119,-132.8934,-132.8934,-132.8934,-132.8934,-132.8934,-132.8934,-132.8934,-132.8934,-132.8934,-132.8934,-146.2208,-146.2208,-146.2208,-146.2208,-146.2208,-146.3731,-146.3731,-146.3731,-146.3731,-146.3731
Saint Lucia,Forestland,Emissions (CO2eq) (AR5),kilotonnes,-148.9119,-132.8934,-132.8934,-132.8934,-132.8934,-132.8934,-132.8934,-132.8934,-132.8934,-132.8934,-132.8934,-146.2208,-146.2208,-146.2208,-146.2208,-146.2208,-146.3731,-146.3731,-146.3731,-146.3731,-146.3731
Saint Lucia,Net Forest conversion,Emissions (CO2),kilotonnes,10.909,11.7709,11.7709,11.7709,11.7709,11.7709,11.7709,11.7709,11.7709,11.7709,11.7709,0,0,0,0,0,0,0,0,0,0
Saint Lucia,Net Forest conversion,Emissions (CO2eq) (AR5),kilotonnes,10.909,11.7709,11.7709,11.7709,11.7709,11.7709,11.7709,11.7709,11.7709,11.7709,11.7709,0,0,0,0,0,0,0,0,0,0
Saint Lucia,Savanna fires,Emissions (CH4),kilotonnes,0,0,0,0,0,0,0,0,0,0,0,0,0,0,0,0,0,0,0,0,0
Saint Lucia,Savanna fires,Emissions (N2O),kilotonnes,0,0,0,0,0,0,0,0,0,0,0,0,0,0,0,0,0,0,0,0,0
Saint Lucia,Savanna fires,Emissions (CO2eq) from CH4 (AR5),kilotonnes,0,0,0,0,0,0,0,0,0,0,0,0,0,0,0,0,0,0,0,0,0
Saint Lucia,Savanna fires,Emissions (CO2eq) from N2O (AR5),kilotonnes,0,0,0,0,0,0,0,0,0,0,0,0,0,0,0,0,0,0,0,0,0
Saint Lucia,Savanna fires,Emissions (CO2eq) (AR5),kilotonnes,0,0,0,0,0,0,0,0,0,0,0,0,0,0,0,0,0,0,0,0,0
Saint Lucia,Fires in organic soils,Emissions (CH4),kilotonnes,0,0,0,0,0,0,0,0,0,0,0,0,0,0,0,0,0,0,0,0,0
Saint Lucia,Fires in organic soils,Emissions (CO2),kilotonnes,0,0,0,0,0,0,0,0,0,0,0,0,0,0,0,0,0,0,0,0,0
Saint Lucia,Fires in organic soils,Emissions (CO2eq) from CH4 (AR5),kilotonnes,0,0,0,0,0,0,0,0,0,0,0,0,0,0,0,0,0,0,0,0,0
Saint Lucia,Fires in organic soils,Emissions (CO2eq) (AR5),kilotonnes,0,0,0,0,0,0,0,0,0,0,0,0,0,0,0,0,0,0,0,0,0
Saint Lucia,Forest fires,Emissions (CH4),kilotonnes,0,0,0,0,0,0,0,0,0,0,0,0,0,0,0,0,0,0,0,0,0
Saint Lucia,Forest fires,Emissions (N2O),kilotonnes,0,0,0,0,0,0,0,0,0,0,0,0,0,0,0,0,0,0,0,0,0
Saint Lucia,Forest fires,Emissions (CO2eq) from CH4 (AR5),kilotonnes,0,0,0,0,0,0,0,0,0,0,0,0,0,0,0,0,0,0,0,0,0
Saint Lucia,Forest fires,Emissions (CO2eq) from N2O (AR5),kilotonnes,0,0,0,0,0,0,0,0,0,0,0,0,0,0,0,0,0,0,0,0,0
Saint Lucia,Forest fires,Emissions (CO2eq) (AR5),kilotonnes,0,0,0,0,0,0,0,0,0,0,0,0,0,0,0,0,0,0,0,0,0
Saint Lucia,Fires in humid tropical forests,Emissions (CH4),kilotonnes,0,0,0,0,0,0,0,0,0,0,0,0,0,0,0,0,0,0,0,0,0
Saint Lucia,Fires in humid tropical forests,Emissions (N2O),kilotonnes,0,0,0,0,0,0,0,0,0,0,0,0,0,0,0,0,0,0,0,0,0
Saint Lucia,Fires in humid tropical forests,Emissions (CO2eq) from CH4 (AR5),kilotonnes,0,0,0,0,0,0,0,0,0,0,0,0,0,0,0,0,0,0,0,0,0
Saint Lucia,Fires in humid tropical forests,Emissions (CO2eq) from N2O (AR5),kilotonnes,0,0,0,0,0,0,0,0,0,0,0,0,0,0,0,0,0,0,0,0,0
Saint Lucia,Fires in humid tropical forests,Emissions (CO2eq) (AR5),kilotonnes,0,0,0,0,0,0,0,0,0,0,0,0,0,0,0,0,0,0,0,0,0
Saint Lucia,Waste - agri-food systems,Emissions (CH4),kilotonnes,2.4865,2.4908,2.4984,2.5086,2.5181,2.5288,2.5429,2.5598,2.5703,2.5791,2.5887,2.5992,2.606,2.6147,2.6162,2.625,2.6303,2.6387,2.6464,2.6528,2.6473
Saint Lucia,Waste - agri-food systems,Emissions (N2O),kilotonnes,0.0048,0.0047,0.0051,0.0052,0.0054,0.0055,0.0054,0.0056,0.0057,0.0058,0.006,0.0062,0.0062,0.0065,0.0066,0.0066,0.0067,0.0069,0.007,0.0071,0.0072
Saint Lucia,Waste - agri-food systems,Emissions (CO2),kilotonnes,17.1451,17.1087,17.1155,17.1925,17.2566,17.3085,17.4003,17.4435,17.5044,17.4832,17.5322,17.5811,17.5958,17.6261,17.67,17.6946,17.7206,17.7771,17.805,17.8263,17.6018
Saint Lucia,Waste - agri-food systems,Emissions (CO2eq) from CH4 (AR5),kilotonnes,69.6211,69.7416,69.9551,70.24,70.5056,70.8074,71.2023,71.6748,71.9678,72.2145,72.4824,72.7775,72.9675,73.213,73.2543,73.5004,73.6481,73.8833,74.0997,74.2791,74.1232
Saint Lucia,Waste - agri-food systems,Emissions (CO2eq) from N2O (AR5),kilotonnes,1.2725,1.2359,1.3588,1.3882,1.4315,1.4611,1.4432,1.4931,1.5095,1.5488,1.598,1.6306,1.6479,1.7128,1.736,1.7617,1.785,1.8315,1.8624,1.8917,1.9204
Saint Lucia,Waste - agri-food systems,Emissions (CO2eq) (AR5),kilotonnes,88.0387,88.0861,88.4294,88.8207,89.1936,89.577,90.0458,90.6114,90.9817,91.2465,91.6126,91.9892,92.2111,92.5519,92.6602,92.9567,93.1537,93.4919,93.7671,93.997,93.6454
Saint Lucia,On-farm electricity use,Emissions (CH4),kilotonnes,0,0,0,0,0,0,0,0,0,0,0,0,0,0,0,0,0,0,0,0,0
Saint Lucia,On-farm electricity use,Emissions (N2O),kilotonnes,0,0,0,0,0,0,0,0,0,0,0,0,0,0,0,0,0,0,0,0,0
Saint Lucia,On-farm electricity use,Emissions (CO2),kilotonnes,0,0,0,0,0,0,0,0,0,0,0,0,0,0,0,0,0,0,0,0,0
Saint Lucia,On-farm electricity use,Emissions (CO2eq) from CH4 (AR5),kilotonnes,0,0,0,0,0,0,0,0,0,0,0,0,0,0,0,0,0,0,0,0,0
Saint Lucia,On-farm electricity use,Emissions (CO2eq) from N2O (AR5),kilotonnes,0,0,0,0,0,0,0,0,0,0,0,0,0,0,0,0,0,0,0,0,0
Saint Lucia,On-farm electricity use,Emissions (CO2eq) (AR5),kilotonnes,0,0,0,0,0,0,0,0,0,0,0,0,0,0,0,0,0,0,0,0,0
Saint Lucia,Food Processing,Emissions (CH4),kilotonnes,0.0001,0.0002,0,0,0,0,0,0,0.0001,0.0001,0.0001,0.0011,0.0012,0.0014,0.0012,0.0013,0.0012,0.0012,0.0018,0.0021,0.0021
Saint Lucia,Food Processing,Emissions (N2O),kilotonnes,0,0,0,0,0,0,0,0,0,0,0,0.0001,0.0001,0.0001,0.0001,0.0001,0.0001,0.0001,0.0002,0.0002,0.0002
Saint Lucia,Food Processing,Emissions (CO2),kilotonnes,5.0133,5.2753,2.5858,3.5033,4.1509,2.5598,2.6585,2.2344,1.4388,1.6645,2.0347,7.4207,7.5453,8.917,7.9931,8.0055,8.3853,9.8702,12.5667,12.5772,11.0679
Saint Lucia,Food Processing,Emissions (CO2eq) from CH4 (AR5),kilotonnes,0.0028,0.0056,0,0,0,0,0,0,0.0028,0.0028,0.0028,0.0308,0.0336,0.0392,0.0336,0.0364,0.0336,0.0336,0.0504,0.0588,0.0595
Saint Lucia,Food Processing,Emissions (CO2eq) from N2O (AR5),kilotonnes,0,0,0,0,0,0,0,0,0,0,0,0.0265,0.0265,0.0265,0.0265,0.0265,0.0265,0.0265,0.053,0.053,0.0546
Saint Lucia,Food Processing,Emissions (CO2eq) (AR5),kilotonnes,5.0161,5.2809,2.5858,3.5033,4.1509,2.5598,2.6585,2.2344,1.4416,1.6673,2.0375,7.478,7.6054,8.9827,8.0532,8.0684,8.4454,9.9303,12.6701,12.689,11.182
Saint Lucia,Food Packaging,Emissions (CH4),kilotonnes,0,0,0,0,0,0,0,0,0,0,0,0,0,0,0,0,0,0,0,0,0
Saint Lucia,Food Packaging,Emissions (N2O),kilotonnes,0,0,0,0,0,0,0,0,0,0,0,0,0,0,0,0,0,0,0,0,0
Saint Lucia,Food Packaging,Emissions (CO2),kilotonnes,0,0,0,0,0,0,0,0,0,0,0,0.1034,0.1034,0.1109,0.1025,0.109,0.1034,0.1148,0.1181,0.0975,0.0858
Saint Lucia,Food Packaging,Emissions (CO2eq) from CH4 (AR5),kilotonnes,0,0,0,0,0,0,0,0,0,0,0,0,0,0,0,0,0,0,0,0,0
Saint Lucia,Food Packaging,Emissions (CO2eq) from N2O (AR5),kilotonnes,0,0,0,0,0,0,0,0,0,0,0,0,0,0,0,0,0,0,0,0,0
Saint Lucia,Food Packaging,Emissions (CO2eq) (AR5),kilotonnes,0,0,0,0,0,0,0,0,0,0,0,0.1034,0.1034,0.1109,0.1025,0.109,0.1034,0.1148,0.1181,0.0975,0.0858
Saint Lucia,Food Retail,Emissions (CH4),kilotonnes,0.0009,0.0012,0.0008,0.0011,0.0015,0.0017,0.002,0.0021,0.0022,0.0022,0.0023,0.0024,0.0024,0.0025,0.0025,0.0025,0.0025,0.0025,0.0025,0.003,0.003
Saint Lucia,Food Retail,Emissions (N2O),kilotonnes,0,0,0,0,0,0,0,0,0,0,0,0,0,0,0,0,0,0,0,0,0
Saint Lucia,Food Retail,Emissions (CO2),kilotonnes,1.3401,1.612,1.5967,1.7297,1.6026,1.9366,2.0717,1.915,1.8977,2.0531,2.022,1.9241,2.0569,2.1486,2.2461,2.0399,2.0053,2.3191,2.2212,2.7229,2.3962
Saint Lucia,Food Retail,Emissions (CO2eq) from CH4 (AR5),kilotonnes,0.0252,0.0336,0.0224,0.0308,0.042,0.0476,0.056,0.0588,0.0616,0.0616,0.0644,0.0672,0.0672,0.07,0.07,0.07,0.07,0.07,0.07,0.084,0.085
Saint Lucia,Food Retail,Emissions (CO2eq) from N2O (AR5),kilotonnes,0,0,0,0,0,0,0,0,0,0,0,0,0,0,0,0,0,0,0,0,0
Saint Lucia,Food Retail,Emissions (CO2eq) (AR5),kilotonnes,1.3653,1.6456,1.6191,1.7605,1.6446,1.9842,2.1277,1.9738,1.9593,2.1147,2.0864,1.9913,2.1241,2.2186,2.3161,2.1099,2.0753,2.3891,2.2912,2.8069,2.4811
Saint Lucia,Food Household Consumption,Emissions (CH4),kilotonnes,0.0315,0.0327,0.0331,0.0345,0.0355,0.0366,0.0376,0.0387,0.0381,0.0398,0.042,0.0418,0.0414,0.0416,0.0413,0.0428,0.0456,0.0471,0.0468,0.0432,0.0437
Saint Lucia,Food Household Consumption,Emissions (N2O),kilotonnes,0.0002,0.0002,0.0002,0.0002,0.0002,0.0002,0.0002,0.0002,0.0002,0.0002,0.0002,0.0002,0.0002,0.0002,0.0002,0.0002,0.0002,0.0003,0.0003,0.0002,0.0002
Saint Lucia,Food Household Consumption,Emissions (CO2),kilotonnes,22.524,22.3531,24.4086,25.4623,23.7829,25.5797,25.8826,25.1933,23.8304,26.1915,26.8844,25.375,25.308,26.217,26.5708,26.1982,27.454,30.0188,29.3515,26.6674,23.4673
Saint Lucia,Food Household Consumption,Emissions (CO2eq) from CH4 (AR5),kilotonnes,0.882,0.9156,0.9268,0.966,0.994,1.0248,1.0528,1.0836,1.0668,1.1144,1.176,1.1704,1.1592,1.1648,1.1564,1.1984,1.2768,1.3188,1.3104,1.2096,1.2239
Saint Lucia,Food Household Consumption,Emissions (CO2eq) from N2O (AR5),kilotonnes,0.053,0.053,0.053,0.053,0.053,0.053,0.053,0.053,0.053,0.053,0.053,0.053,0.053,0.053,0.053,0.053,0.053,0.0795,0.0795,0.053,0.0546
Saint Lucia,Food Household Consumption,Emissions (CO2eq) (AR5),kilotonnes,23.459,23.3217,25.3884,26.4813,24.8299,26.6575,26.9884,26.3299,24.9502,27.3589,28.1134,26.5984,26.5202,27.4348,27.7802,27.4496,28.7838,31.4171,30.7414,27.93,24.7458
Saint Lucia,Food Transport,Emissions (CH4),kilotonnes,0.0016,0.0016,0.0012,0.0013,0.0012,0.0012,0.0012,0.0012,0.0012,0.0014,0.0014,0.0017,0.0016,0.0017,0.0017,0.0016,0.0016,0.0016,0.0015,0.0017,0.0017
Saint Lucia,Food Transport,Emissions (N2O),kilotonnes,0.0003,0.0004,0.0003,0.0003,0.0003,0.0003,0.0003,0.0003,0.0003,0.0003,0.0004,0.0004,0.0004,0.0004,0.0004,0.0004,0.0004,0.0004,0.0004,0.0005,0.0005
Saint Lucia,Food Transport,Emissions (CO2),kilotonnes,9.414,10.2208,7.9831,9.6175,10.115,10.7568,10.6897,10.7535,10.977,12.0556,12.9418,13.0531,13.8181,14.5889,14.9363,14.378,13.9438,14.0545,13.722,16.7316,14.7238
Saint Lucia,Food Transport,Emissions (CO2eq) from CH4 (AR5),kilotonnes,0.0448,0.0448,0.0336,0.0364,0.0336,0.0336,0.0336,0.0336,0.0336,0.0392,0.0392,0.0476,0.0448,0.0476,0.0476,0.0448,0.0448,0.0448,0.042,0.0476,0.0482
Saint Lucia,Food Transport,Emissions (CO2eq) from N2O (AR5),kilotonnes,0.0795,0.106,0.0795,0.0795,0.0795,0.0795,0.0795,0.0795,0.0795,0.0795,0.106,0.106,0.106,0.106,0.106,0.106,0.106,0.106,0.106,0.1325,0.1365
Saint Lucia,Food Transport,Emissions (CO2eq) (AR5),kilotonnes,9.5383,10.3716,8.0962,9.7334,10.2281,10.8699,10.8028,10.8666,11.0901,12.1743,13.087,13.2067,13.9689,14.7425,15.0899,14.5288,14.0946,14.2053,13.87,16.9117,14.9084
Saint Lucia,Energy,Emissions (CH4),kilotonnes,0.0306,0.0343,0.0298,0.0329,0.0275,0.0272,0.0267,0.0269,0.0265,0.0292,0.0271,0.0304,0.031,0.0353,0.0351,0.034,0.0329,0.03,0.0296,0.0338,0.0342
Saint Lucia,Energy,Emissions (N2O),kilotonnes,0.0088,0.0096,0.0076,0.0086,0.0087,0.0085,0.0075,0.008,0.0081,0.0086,0.0086,0.0112,0.0122,0.0117,0.0125,0.0119,0.0128,0.0123,0.0119,0.0134,0.0138
Saint Lucia,Energy,Emissions (CO2),kilotonnes,348,348,290,370,370,337,367,293,301,330,367,334,330,308,348,359,334,352,363,375,330
Saint Lucia,Energy,Emissions (CO2eq) from CH4 (AR5),kilotonnes,0.8568,0.9604,0.8344,0.9212,0.77,0.7616,0.7476,0.7532,0.742,0.8176,0.7588,0.8512,0.868,0.9884,0.9828,0.952,0.9212,0.84,0.8288,0.9464,0.9576
Saint Lucia,Energy,Emissions (CO2eq) from N2O (AR5),kilotonnes,2.332,2.5387,2.0166,2.2764,2.2949,2.2445,1.9796,2.1227,2.1597,2.2896,2.2764,2.968,3.233,3.1005,3.3125,3.1535,3.392,3.2595,3.1535,3.551,3.657
Saint Lucia,Energy,Emissions (CO2eq) (AR5),kilotonnes,351.1888,351.4991,292.851,373.1975,373.0649,340.0061,369.7271,295.8759,303.9017,333.1072,370.0351,337.8192,334.101,312.0889,352.2953,363.1055,338.3132,356.0995,366.9823,379.4974,334.6146
Saint Lucia,IPPU,Emissions (N2O),kilotonnes,0,0,0,0,0,0,0,0,0,0,0,0,0,0,0,0,0,0,0,0,0
Saint Lucia,IPPU,Emissions (CO2),kilotonnes,1.86,1.96,1.93,2.01,2.02,2.17,2.15,2.14,2.16,2.28,2.27,2.21,2.15,2.19,2.21,2.19,2.18,2.19,2.2,2.23,2.23
Saint Lucia,IPPU,Emissions (CO2eq) from F-gases (AR5),kilotonnes,47.8103,46.6442,45.6725,44.7979,44.2148,44.0205,44.0205,44.0205,44.0205,44.0205,44.0205,45.3809,45.5753,45.7696,45.964,46.0612,46.2555,46.4499,46.6442,46.7414,46.9357
Saint Lucia,IPPU,Emissions (CO2eq) from N2O (AR5),kilotonnes,0.0005,0.0005,0.0005,0.0005,0.0005,0.0005,0.0005,0.0005,0.0005,0.0005,0.0005,0.0005,0.0005,0.0005,0.0005,0.0005,0.0005,0.0005,0.0005,0.0005,0.0005
Saint Lucia,IPPU,Emissions (CO2eq) (AR5),kilotonnes,49.6708,48.6047,47.6029,46.8084,46.2353,46.191,46.171,46.161,46.181,46.301,46.291,47.5914,47.7258,47.9602,48.1745,48.2517,48.436,48.6404,48.8447,48.9719,49.1663
Saint Lucia,Waste,Emissions (CH4),kilotonnes,2.06,2.03,1.99,1.97,1.94,1.9,1.88,1.85,1.83,1.79,1.75,1.76,1.77,1.78,1.79,1.79,1.8,1.82,1.83,1.76,1.76
Saint Lucia,Waste,Emissions (N2O),kilotonnes,0.0086,0.0087,0.0088,0.0089,0.0091,0.0092,0.0092,0.0091,0.0091,0.0091,0.0092,0.0093,0.0093,0.0093,0.0095,0.0096,0.0096,0.0097,0.0097,0.0097,0.0097
Saint Lucia,Waste,Emissions (CO2),kilotonnes,0.0429,0.0417,0.0405,0.0394,0.0382,0.037,0.0358,0.0346,0.0334,0.0322,0.031,0.0322,0.0322,0.0322,0.0322,0.0322,0.0322,0.0334,0.0334,0.031,0.0307
Saint Lucia,Waste,Emissions (CO2eq) from CH4 (AR5),kilotonnes,57.68,56.84,55.72,55.16,54.32,53.2,52.64,51.8,51.24,50.12,49,49.28,49.56,49.84,50.12,50.12,50.4,50.96,51.24,49.28,49.28
Saint Lucia,Waste,Emissions (CO2eq) from N2O (AR5),kilotonnes,2.2843,2.3055,2.3241,2.3505,2.4221,2.446,2.4354,2.4221,2.4062,2.4194,2.4327,2.4512,2.4566,2.4751,2.5069,2.536,2.5467,2.5599,2.5705,2.5625,2.5732
Saint Lucia,Waste,Emissions (CO2eq) (AR5),kilotonnes,60.0072,59.1872,58.0846,57.5499,56.7803,55.6829,55.1112,54.2567,53.6796,52.5717,51.4637,51.7635,52.0488,52.3473,52.6591,52.6883,52.9789,53.5533,53.8439,51.8736,51.8839
Saint Lucia,Other,Emissions (N2O),kilotonnes,0.018,0.0194,0.0169,0.0206,0.021,0.0216,0.0211,0.0214,0.0226,0.0238,0.0282,0.0303,0.0297,0.0304,0.0303,0.0304,0.0294,0.0192,0.0187,0.0276,0.0279
Saint Lucia,Other,Emissions (CO2eq) from N2O (AR5),kilotonnes,4.77,5.141,4.4785,5.459,5.565,5.724,5.5915,5.671,5.989,6.307,7.473,8.0295,7.8705,8.056,8.0295,8.056,7.791,5.088,4.9555,7.314,7.3935
Saint Lucia,Other,Emissions (CO2eq) (AR5),kilotonnes,4.77,5.141,4.4785,5.459,5.565,5.724,5.5915,5.671,5.989,6.307,7.473,8.0295,7.8705,8.056,8.0295,8.056,7.791,5.088,4.9555,7.314,7.3935
Saint Lucia,Farm-gate emissions,Emissions (CH4),kilotonnes,0.7832,0.7848,0.8025,0.8022,0.8174,0.8184,0.815,0.8249,0.8304,0.8389,0.8343,0.8341,0.8355,0.8366,0.8596,0.8565,0.8454,0.8444,0.8423,0.8325,0.8235
Saint Lucia,Farm-gate emissions,Direct emissions (N2O),kilotonnes,0.0381,0.0236,0.0269,0.0326,0.0292,0.0311,0.0295,0.0277,0.0267,0.028,0.0302,0.0287,0.0311,0.0291,0.0334,0.0341,0.0315,0.0293,0.0292,0.0309,0.0303
Saint Lucia,Farm-gate emissions,Indirect emissions (N2O),kilotonnes,0.0119,0.0072,0.0082,0.01,0.0089,0.0095,0.0089,0.0084,0.008,0.0084,0.0091,0.0086,0.0094,0.0087,0.0102,0.0105,0.0096,0.009,0.0089,0.0094,0.0092
Saint Lucia,Farm-gate emissions,Emissions (N2O),kilotonnes,0.0546,0.0355,0.0399,0.0475,0.0431,0.0458,0.0435,0.0426,0.04,0.0417,0.0442,0.042,0.0451,0.0414,0.0476,0.0493,0.0462,0.0437,0.0434,0.0453,0.044
Saint Lucia,Farm-gate emissions,Emissions (CO2),kilotonnes,3.861,5.9756,5.1825,5.7868,5.8507,5.5396,6.2641,6.025,6.2173,5.7149,7.4381,7.1162,6.8638,6.753,6.7719,6.741,6.9392,7.1565,7.3858,7.5086,7.5086
Saint Lucia,Farm-gate emissions,Emissions (CO2eq) from CH4 (AR5),kilotonnes,21.9283,21.9733,22.4713,22.4605,22.8874,22.9164,22.821,23.0967,23.2504,23.4896,23.3592,23.3552,23.3928,23.4255,24.0694,23.9822,23.6719,23.6419,23.5836,23.3105,23.0571
Saint Lucia,Farm-gate emissions,Emissions (CO2eq) from N2O (AR5),kilotonnes,14.4639,9.3972,10.566,12.5981,11.426,12.1272,11.515,11.2788,10.5869,11.0492,11.7095,11.136,11.9439,10.9826,12.6088,13.0606,12.2313,11.5912,11.4969,12.0024,11.6485
Saint Lucia,Farm-gate emissions,Emissions (CO2eq) (AR5),kilotonnes,40.2531,37.346,38.2197,40.8453,40.1642,40.5833,40.6002,40.4006,40.0546,40.2538,42.5068,41.6074,42.2005,41.1612,43.45,43.7837,42.8425,42.3896,42.4663,42.8215,42.2142
Saint Lucia,Land Use change,Emissions (CH4),kilotonnes,0,0,0,0,0,0,0,0,0,0,0,0,0,0,0,0,0,0,0,0,0
Saint Lucia,Land Use change,Emissions (N2O),kilotonnes,0,0,0,0,0,0,0,0,0,0,0,0,0,0,0,0,0,0,0,0,0
Saint Lucia,Land Use change,Emissions (CO2),kilotonnes,10.909,11.7709,11.7709,11.7709,11.7709,11.7709,11.7709,11.7709,11.7709,11.7709,11.7709,0,0,0,0,0,0,0,0,0,0
Saint Lucia,Land Use change,Emissions (CO2eq) from CH4 (AR5),kilotonnes,0,0,0,0,0,0,0,0,0,0,0,0,0,0,0,0,0,0,0,0,0
Saint Lucia,Land Use change,Emissions (CO2eq) from N2O (AR5),kilotonnes,0,0,0,0,0,0,0,0,0,0,0,0,0,0,0,0,0,0,0,0,0
Saint Lucia,Land Use change,Emissions (CO2eq) (AR5),kilotonnes,10.909,11.7709,11.7709,11.7709,11.7709,11.7709,11.7709,11.7709,11.7709,11.7709,11.7709,0,0,0,0,0,0,0,0,0,0
Saint Lucia,Emissions on agricultural land,Emissions (CH4),kilotonnes,0.7832,0.7848,0.8025,0.8022,0.8174,0.8184,0.815,0.8249,0.8304,0.8389,0.8343,0.8341,0.8355,0.8366,0.8596,0.8565,0.8454,0.8444,0.8423,0.8325,0.8235
Saint Lucia,Emissions on agricultural land,Emissions (N2O),kilotonnes,0.0546,0.0355,0.0399,0.0475,0.0431,0.0458,0.0435,0.0426,0.04,0.0417,0.0442,0.042,0.0451,0.0414,0.0476,0.0493,0.0462,0.0437,0.0434,0.0453,0.044
Saint Lucia,Emissions on agricultural land,Emissions (CO2),kilotonnes,14.77,17.7464,16.9533,17.5577,17.6216,17.3105,18.035,17.7959,17.9882,17.4858,19.209,7.1162,6.8638,6.753,6.7719,6.741,6.9392,7.1565,7.3858,7.5086,7.5086
Saint Lucia,Emissions on agricultural land,Emissions (CO2eq) from CH4 (AR5),kilotonnes,21.9283,21.9733,22.4713,22.4605,22.8874,22.9164,22.821,23.0967,23.2504,23.4896,23.3592,23.3552,23.3928,23.4255,24.0694,23.9822,23.6719,23.6419,23.5836,23.3105,23.0571
Saint Lucia,Emissions on agricultural land,Emissions (CO2eq) from N2O (AR5),kilotonnes,14.4639,9.3972,10.566,12.5981,11.426,12.1272,11.515,11.2788,10.5869,11.0492,11.7095,11.136,11.9439,10.9826,12.6088,13.0606,12.2313,11.5912,11.4969,12.0024,11.6485
Saint Lucia,Emissions on agricultural land,Emissions (CO2eq) (AR5),kilotonnes,51.1621,49.1169,49.9906,52.6162,51.9351,52.3542,52.371,52.1714,51.8254,52.0246,54.2777,41.6074,42.2005,41.1612,43.45,43.7837,42.8425,42.3896,42.4663,42.8215,42.2142
Saint Lucia,Pre- and post- production,Emissions (CH4),kilotonnes,2.5206,2.5265,2.5335,2.5455,2.5563,2.5683,2.5837,2.6018,2.6119,2.6226,2.6345,2.6462,2.6526,2.6619,2.6629,2.6732,2.6812,2.6911,2.699,2.7028,2.6978
Saint Lucia,Pre- and post- production,Emissions (N2O),kilotonnes,0.0053,0.0053,0.0056,0.0057,0.0059,0.006,0.0059,0.0061,0.0062,0.0063,0.0066,0.0069,0.0069,0.0072,0.0073,0.0073,0.0074,0.0077,0.0079,0.008,0.0082
Saint Lucia,Pre- and post- production,Emissions (CO2),kilotonnes,55.4365,56.5699,53.6897,57.5053,56.908,58.1414,58.7028,57.5397,55.6483,59.4479,61.4151,65.4574,66.4275,69.6085,69.5188,68.4252,69.6124,74.1545,75.7845,76.6229,69.3428
Saint Lucia,Pre- and post- production,Emissions (CO2eq) from CH4 (AR5),kilotonnes,70.5759,70.7412,70.9379,71.2732,71.5752,71.9134,72.3447,72.8508,73.1326,73.4325,73.7648,74.0935,74.2723,74.5346,74.5619,74.85,75.0733,75.3505,75.5725,75.6791,75.5397
Saint Lucia,Pre- and post- production,Emissions (CO2eq) from N2O (AR5),kilotonnes,1.405,1.3949,1.4913,1.5207,1.564,1.5936,1.5757,1.6256,1.642,1.6813,1.757,1.8161,1.8334,1.8983,1.9215,1.9472,1.9705,2.0435,2.1009,2.1302,2.166
Saint Lucia,Pre- and post- production,Emissions (CO2eq) (AR5),kilotonnes,127.4174,128.7059,126.1189,130.2992,130.0471,131.6484,132.6232,132.0161,130.4229,134.5617,136.9369,141.367,142.5331,146.0414,146.0021,145.2224,146.6562,151.5485,153.4579,154.4321,147.0486
Saint Lucia,Agri-food systems,Emissions (CH4),kilotonnes,3.3037,3.3112,3.336,3.3476,3.3737,3.3868,3.3988,3.4267,3.4422,3.4615,3.4687,3.4803,3.488,3.4986,3.5225,3.5297,3.5266,3.5354,3.5413,3.5353,3.5213
Saint Lucia,Agri-food systems,Emissions (N2O),kilotonnes,0.0599,0.0407,0.0455,0.0533,0.049,0.0518,0.0494,0.0487,0.0461,0.048,0.0508,0.0489,0.052,0.0486,0.0548,0.0566,0.0536,0.0515,0.0513,0.0533,0.0521
Saint Lucia,Agri-food systems,Emissions (CO2),kilotonnes,70.2065,74.3163,70.6431,75.0629,74.5295,75.4519,76.7378,75.3356,73.6365,76.9337,80.6241,72.5737,73.2914,76.3616,76.2907,75.1662,76.5517,81.3109,83.1703,84.1315,76.8514
Saint Lucia,Agri-food systems,Emissions (CO2eq) from CH4 (AR5),kilotonnes,92.5042,92.7144,93.4092,93.7337,94.4626,94.8298,95.1658,95.9475,96.383,96.9221,97.124,97.4487,97.665,97.9601,98.6313,98.8322,98.7453,98.9924,99.156,98.9896,98.5969
Saint Lucia,Agri-food systems,Emissions (CO2eq) from N2O (AR5),kilotonnes,15.8688,10.7921,12.0573,14.1188,12.99,13.7208,13.0907,12.9044,12.2289,12.7305,13.4665,12.952,13.7773,12.8809,14.5302,15.0077,14.2018,13.6347,13.5978,14.1326,13.8145
Saint Lucia,Agri-food systems,Emissions (CO2eq) (AR5),kilotonnes,178.5795,177.8228,176.1095,182.9154,181.9822,184.0026,184.9943,184.1875,182.2484,186.5864,191.2146,182.9744,184.7337,187.2025,189.4521,189.0061,189.4987,193.938,195.9242,197.2537,189.2628
Saint Lucia,IPCC Agriculture,Emissions (CH4),kilotonnes,0.7828,0.7843,0.8021,0.8017,0.8169,0.818,0.8145,0.8244,0.8299,0.8385,0.8337,0.8336,0.8349,0.8361,0.8591,0.856,0.8449,0.8438,0.8417,0.8319,0.8229
Saint Lucia,IPCC Agriculture,Emissions (CH4),kilotonnes,0.549,,,,,0.5189,,,,,0.5075,,,,,,,,,,
Saint Lucia,IPCC Agriculture,Direct emissions (N2O),kilotonnes,0.0381,0.0236,0.0269,0.0326,0.0292,0.0311,0.0295,0.0277,0.0267,0.028,0.0302,0.0287,0.0311,0.0291,0.0334,0.0341,0.0315,0.0293,0.0292,0.0309,0.0303
Saint Lucia,IPCC Agriculture,Indirect emissions (N2O),kilotonnes,0.0119,0.0072,0.0082,0.01,0.0089,0.0095,0.0089,0.0084,0.008,0.0084,0.0091,0.0086,0.0094,0.0087,0.0102,0.0105,0.0096,0.009,0.0089,0.0094,0.0092
Saint Lucia,IPCC Agriculture,Emissions (N2O),kilotonnes,0.0546,0.0355,0.0399,0.0475,0.0431,0.0458,0.0434,0.0426,0.0399,0.0417,0.0442,0.042,0.0451,0.0414,0.0476,0.0493,0.0461,0.0437,0.0434,0.0453,0.0439
Saint Lucia,IPCC Agriculture,Emissions (N2O),kilotonnes,0.0891,,,,,0.075,,,,,0.0816,,,,,,,,,,
Saint Lucia,IPCC Agriculture,Emissions (CO2eq) from CH4 (AR5),kilotonnes,21.9197,21.96,22.4598,22.4477,22.8745,22.9041,22.8071,23.0834,23.2366,23.4769,23.3427,23.3395,23.3775,23.4105,24.0543,23.9672,23.6565,23.626,23.5672,23.2938,23.0405
Saint Lucia,IPCC Agriculture,Emissions (CO2eq) from CH4 (AR5),kilotonnes,15.372,,,,,14.5292,,,,,14.21,,,,,,,,,,
Saint Lucia,IPCC Agriculture,Emissions (CO2eq) from N2O (AR5),kilotonnes,14.4622,9.3947,10.5638,12.5956,11.4236,12.1249,11.5124,11.2763,10.5843,11.0468,11.7064,11.133,11.9411,10.9798,12.6059,13.0577,12.2284,11.5882,11.4938,11.9993,11.6453
Saint Lucia,IPCC Agriculture,Emissions (CO2eq) from N2O (AR5),kilotonnes,23.6115,,,,,19.875,,,,,21.624,,,,,,,,,,
Saint Lucia,IPCC Agriculture,Emissions (CO2eq) (AR5),kilotonnes,36.3819,31.3547,33.0236,35.0433,34.298,35.0291,34.3195,34.3597,33.8209,34.5237,35.0491,34.4724,35.3186,34.3903,36.6603,37.0249,35.8849,35.2142,35.061,35.2931,34.6858
Saint Lucia,IPCC Agriculture,Emissions (CO2eq) (AR5),kilotonnes,38.9835,,,,,34.4042,,,,,35.834,,,,,,,,,,
Saint Lucia,Agricultural Soils,Direct emissions (N2O),kilotonnes,0.0381,0.0236,0.0269,0.0326,0.0292,0.0311,0.0295,0.0277,0.0267,0.028,0.0302,0.0287,0.0311,0.0291,0.0334,0.0341,0.0315,0.0293,0.0292,0.0309,0.0303
Saint Lucia,Agricultural Soils,Indirect emissions (N2O),kilotonnes,0.0119,0.0072,0.0082,0.01,0.0089,0.0095,0.0089,0.0084,0.008,0.0084,0.0091,0.0086,0.0094,0.0087,0.0102,0.0105,0.0096,0.009,0.0089,0.0094,0.0092
Saint Lucia,Agricultural Soils,Emissions (N2O),kilotonnes,0.05,0.0308,0.0352,0.0426,0.0381,0.0406,0.0384,0.0361,0.0347,0.0365,0.0394,0.0373,0.0405,0.0379,0.0436,0.0446,0.0411,0.0383,0.0381,0.0404,0.0395
Saint Lucia,Agricultural Soils,Emissions (N2O),kilotonnes,0.0762,,,,,0.0641,,,,,0.0686,,,,,,,,,,
Saint Lucia,Agricultural Soils,Emissions (CO2eq) from N2O (AR5),kilotonnes,13.2385,8.1631,9.3195,11.2969,10.0941,10.7642,10.1749,9.5707,9.1947,9.6632,10.4285,9.8739,10.7228,10.036,11.5528,11.8089,10.8991,10.1381,10.0965,10.6993,10.4711
Saint Lucia,Agricultural Soils,Emissions (CO2eq) from N2O (AR5),kilotonnes,20.193,,,,,16.9865,,,,,18.179,,,,,,,,,,
Saint Lucia,Agricultural Soils,Emissions (CO2eq) (AR5),kilotonnes,13.2385,8.1631,9.3195,11.2969,10.0941,10.7642,10.1749,9.5707,9.1947,9.6632,10.4285,9.8739,10.7228,10.036,11.5528,11.8089,10.8991,10.1381,10.0965,10.6993,10.4711
Saint Lucia,Agricultural Soils,Emissions (CO2eq) (AR5),kilotonnes,20.193,,,,,16.9865,,,,,18.179,,,,,,,,,,
Saint Lucia,LULUCF,Emissions (CH4),kilotonnes,0,0,0,0,0,0,0,0,0,0,0,0,0,0,0,0,0,0,0,0,0
Saint Lucia,LULUCF,Emissions (CH4),kilotonnes,,,,,,,,,,,,,,,,,,,,,
Saint Lucia,LULUCF,Emissions (N2O),kilotonnes,0,0,0,0,0,0,0,0,0,0,0,0,0,0,0,0,0,0,0,0,0
Saint Lucia,LULUCF,Emissions (N2O),kilotonnes,,,,,,,,,,,,,,,,,,,,,
Saint Lucia,LULUCF,Emissions (CO2),kilotonnes,-138.0029,-121.1225,-121.1225,-121.1225,-121.1225,-121.1225,-121.1225,-121.1225,-121.1225,-121.1225,-121.1225,-146.2208,-146.2208,-146.2208,-146.2208,-146.2208,-146.3731,-146.3731,-146.3731,-146.3731,-146.3731
Saint Lucia,LULUCF,Emissions (CO2),kilotonnes,-86.7912,,,,,-86.7919,,,,,-122.8683,,,,,,,,,,
Saint Lucia,LULUCF,Emissions (CO2eq) from CH4 (AR5),kilotonnes,0,0,0,0,0,0,0,0,0,0,0,0,0,0,0,0,0,0,0,0,0
Saint Lucia,LULUCF,Emissions (CO2eq) from N2O (AR5),kilotonnes,0,0,0,0,0,0,0,0,0,0,0,0,0,0,0,0,0,0,0,0,0
Saint Lucia,LULUCF,Emissions (CO2eq) (AR5),kilotonnes,-138.0029,-121.1225,-121.1225,-121.1225,-121.1225,-121.1225,-121.1225,-121.1225,-121.1225,-121.1225,-121.1225,-146.2208,-146.2208,-146.2208,-146.2208,-146.2208,-146.3731,-146.3731,-146.3731,-146.3731,-146.3731
Saint Lucia,LULUCF,Emissions (CO2eq) (AR5),kilotonnes,-86.7912,,,,,-86.7919,,,,,-122.8683,,,,,,,,,,
Saint Lucia,AFOLU,Emissions (CH4),kilotonnes,0.7828,0.7843,0.8021,0.8017,0.8169,0.818,0.8145,0.8244,0.8299,0.8385,0.8337,0.8336,0.8349,0.8361,0.8591,0.856,0.8449,0.8438,0.8417,0.8319,0.8229
Saint Lucia,AFOLU,Emissions (N2O),kilotonnes,0.0546,0.0355,0.0399,0.0475,0.0431,0.0458,0.0434,0.0426,0.0399,0.0417,0.0442,0.042,0.0451,0.0414,0.0476,0.0493,0.0461,0.0437,0.0434,0.0453,0.0439
Saint Lucia,AFOLU,Emissions (CO2),kilotonnes,-138.0029,-121.1225,-121.1225,-121.1225,-121.1225,-121.1225,-121.1225,-121.1225,-121.1225,-121.1225,-121.1225,-146.2208,-146.2208,-146.2208,-146.2208,-146.2208,-146.3731,-146.3731,-146.3731,-146.3731,-146.3731
Saint Lucia,AFOLU,Emissions (CO2eq) from CH4 (AR5),kilotonnes,21.9197,21.96,22.4598,22.4477,22.8745,22.9041,22.8071,23.0834,23.2366,23.4769,23.3427,23.3395,23.3775,23.4105,24.0543,23.9672,23.6565,23.626,23.5672,23.2938,23.0405
Saint Lucia,AFOLU,Emissions (CO2eq) from N2O (AR5),kilotonnes,14.4622,9.3947,10.5638,12.5956,11.4236,12.1249,11.5124,11.2763,10.5843,11.0468,11.7064,11.133,11.9411,10.9798,12.6059,13.0577,12.2284,11.5882,11.4938,11.9993,11.6453
Saint Lucia,AFOLU,Emissions (CO2eq) (AR5),kilotonnes,-101.621,-89.7678,-88.0989,-86.0792,-86.8245,-86.0934,-86.803,-86.7628,-87.3016,-86.5988,-86.0734,-111.7484,-110.9022,-111.8305,-109.5605,-109.1959,-110.4882,-111.1589,-111.3122,-111.08,-111.6874
Saint Lucia,All sectors with LULUCF,Emissions (CH4),kilotonnes,2.8734,2.8486,2.8219,2.8046,2.7844,2.7452,2.7212,2.7013,2.6864,2.6577,2.6108,2.624,2.6359,2.6514,2.6842,2.68,2.6778,2.6938,2.7013,2.6257,2.6171
Saint Lucia,All sectors with LULUCF,Emissions (N2O),kilotonnes,0.09,0.0731,0.0731,0.0856,0.0819,0.0851,0.0812,0.0811,0.0798,0.0833,0.0901,0.0928,0.0962,0.0929,0.0998,0.1011,0.098,0.0849,0.0837,0.096,0.0954
Saint Lucia,All sectors with LULUCF,Emissions (CO2),kilotonnes,211.9,228.8792,170.848,250.9269,250.9357,218.0845,248.0633,174.0521,182.0709,211.1897,248.1785,190.0214,185.9614,164.0014,204.0214,215.0014,189.8391,207.8503,218.8603,230.8879,185.8876
Saint Lucia,All sectors with LULUCF,Emissions (CO2eq) from F-gases (AR5),kilotonnes,47.8103,46.6442,45.6725,44.7979,44.2148,44.0205,44.0205,44.0205,44.0205,44.0205,44.0205,45.3809,45.5753,45.7696,45.964,46.0612,46.2555,46.4499,46.6442,46.7414,46.9357
Saint Lucia,All sectors with LULUCF,Emissions (CO2eq) from CH4 (AR5),kilotonnes,80.4565,79.7604,79.0142,78.5289,77.9645,76.8657,76.1947,75.6366,75.2186,74.4145,73.1015,73.4707,73.8055,74.2389,75.1571,75.0392,74.9777,75.426,75.636,73.5202,73.2781
Saint Lucia,All sectors with LULUCF,Emissions (CO2eq) from N2O (AR5),kilotonnes,23.849,19.3804,19.3835,22.682,21.7061,22.5399,21.5192,21.4926,21.1397,22.0634,23.889,24.5822,25.5016,24.6119,26.4553,26.8038,25.9586,22.4962,22.1738,25.4274,25.2695
Saint Lucia,All sectors with LULUCF,Emissions (CO2eq) (AR5),kilotonnes,364.0158,374.6642,314.9181,396.9356,394.821,361.5106,389.7977,315.2017,322.4497,351.6881,389.1894,333.4552,330.8438,308.6218,351.5979,362.9056,337.0309,352.2223,363.3143,376.5769,331.3709
Saint Lucia,All sectors without LULUCF,Emissions (CH4),kilotonnes,2.8734,2.8486,2.8219,2.8046,2.7844,2.7452,2.7212,2.7013,2.6864,2.6577,2.6108,2.624,2.6359,2.6514,2.6842,2.68,2.6778,2.6938,2.7013,2.6257,2.6171
Saint Lucia,All sectors without LULUCF,Emissions (N2O),kilotonnes,0.09,0.0731,0.0731,0.0856,0.0819,0.0851,0.0812,0.0811,0.0798,0.0833,0.0901,0.0928,0.0962,0.0929,0.0998,0.1011,0.098,0.0849,0.0837,0.096,0.0954
Saint Lucia,All sectors without LULUCF,Emissions (CO2),kilotonnes,349.9029,350.0017,291.9705,372.0494,372.0582,339.207,369.1858,295.1746,303.1934,332.3122,369.301,336.2422,332.1822,310.2222,350.2422,361.2222,336.2122,354.2234,365.2334,377.261,332.2607
Saint Lucia,All sectors without LULUCF,Emissions (CO2eq) from F-gases (AR5),kilotonnes,47.8103,46.6442,45.6725,44.7979,44.2148,44.0205,44.0205,44.0205,44.0205,44.0205,44.0205,45.3809,45.5753,45.7696,45.964,46.0612,46.2555,46.4499,46.6442,46.7414,46.9357
Saint Lucia,All sectors without LULUCF,Emissions (CO2eq) from CH4 (AR5),kilotonnes,80.4565,79.7604,79.0142,78.5289,77.9645,76.8657,76.1947,75.6366,75.2186,74.4145,73.1015,73.4707,73.8055,74.2389,75.1571,75.0392,74.9777,75.426,75.636,73.5202,73.2781
Saint Lucia,All sectors without LULUCF,Emissions (CO2eq) from N2O (AR5),kilotonnes,23.849,19.3804,19.3835,22.682,21.7061,22.5399,21.5192,21.4926,21.1397,22.0634,23.889,24.5822,25.5016,24.6119,26.4553,26.8038,25.9586,22.4962,22.1738,25.4274,25.2695
Saint Lucia,All sectors without LULUCF,Emissions (CO2eq) (AR5),kilotonnes,502.0187,495.7867,436.0406,518.0581,515.9435,482.6331,510.9202,436.3242,443.5722,472.8106,510.3119,479.676,477.0646,454.8426,497.8187,509.1264,483.404,498.5954,509.6874,522.95,477.744
Saint Pierre and Miquelon,Drained organic soils,Emissions (CO2eq) (AR5),kilotonnes,0,0,0,0,0,0,0,0,0,0,0,0,0,0,0,0,0,0,0,0,0
Saint Pierre and Miquelon,Drained organic soils (CO2),Emissions (CO2),kilotonnes,0,0,0,0,0,0,0,0,0,0,0,0,0,0,0,0,0,0,0,0,0
Saint Pierre and Miquelon,Drained organic soils (CO2),Emissions (CO2eq) (AR5),kilotonnes,0,0,0,0,0,0,0,0,0,0,0,0,0,0,0,0,0,0,0,0,0
Saint Pierre and Miquelon,Drained organic soils (N2O),Emissions (N2O),kilotonnes,0,0,0,0,0,0,0,0,0,0,0,0,0,0,0,0,0,0,0,0,0
Saint Pierre and Miquelon,Drained organic soils (N2O),Emissions (CO2eq) from N2O (AR5),kilotonnes,0,0,0,0,0,0,0,0,0,0,0,0,0,0,0,0,0,0,0,0,0
Saint Pierre and Miquelon,Drained organic soils (N2O),Emissions (CO2eq) (AR5),kilotonnes,0,0,0,0,0,0,0,0,0,0,0,0,0,0,0,0,0,0,0,0,0
Saint Pierre and Miquelon,On-farm energy use,Emissions (CH4),kilotonnes,0.0002,0.0002,0.0002,0.0003,0.0002,0.0003,0.0003,0.0003,0.0003,0.0003,0.0003,0.0003,0.0004,0.0004,0.0003,0.0003,0.0004,0.0004,0.0003,0.0003,0.0003
Saint Pierre and Miquelon,On-farm energy use,Emissions (N2O),kilotonnes,0,0,0,0,0,0,0,0,0,0,0,0,0,0,0,0,0,0,0,0,0
Saint Pierre and Miquelon,On-farm energy use,Emissions (CO2),kilotonnes,2.8579,2.8493,3.0784,3.3852,3.1529,3.5408,3.662,3.8935,3.9128,4.0062,4.1044,4.2992,4.4895,4.4174,4.2983,4.3281,4.4694,4.5176,3.6466,3.5162,3.5162
Saint Pierre and Miquelon,On-farm energy use,Emissions (CO2eq) from CH4 (AR5),kilotonnes,0.0063,0.0063,0.0068,0.0075,0.007,0.0079,0.0081,0.0086,0.0087,0.0089,0.0091,0.0095,0.01,0.0098,0.0095,0.0096,0.0099,0.01,0.0081,0.0078,0.0078
Saint Pierre and Miquelon,On-farm energy use,Emissions (CO2eq) from N2O (AR5),kilotonnes,0.0012,0.0012,0.0013,0.0014,0.0013,0.0015,0.0015,0.0016,0.0016,0.0017,0.0017,0.0018,0.0019,0.0019,0.0018,0.0018,0.0019,0.0019,0.0015,0.0015,0.0015
Saint Pierre and Miquelon,On-farm energy use,Emissions (CO2eq) (AR5),kilotonnes,2.8654,2.8568,3.0865,3.3942,3.1612,3.5502,3.6717,3.9038,3.9231,4.0168,4.1152,4.3106,4.5014,4.4291,4.3096,4.3395,4.4812,4.5296,3.6562,3.5255,3.5255
Saint Pierre and Miquelon,Forestland,Emissions (CO2),kilotonnes,0,0,0,0,0,0,0,0,0,0,0,0,0,0,0,0,0,0,0,0,0
Saint Pierre and Miquelon,Forestland,Emissions (CO2eq) (AR5),kilotonnes,0,0,0,0,0,0,0,0,0,0,0,0,0,0,0,0,0,0,0,0,0
Saint Pierre and Miquelon,Net Forest conversion,Emissions (CO2),kilotonnes,1.4311,1.4311,1.4311,1.4311,1.4311,1.4311,1.4311,1.4311,1.4311,1.4311,1.4311,1.3689,1.3689,1.3689,1.3689,1.3689,1.3689,1.3689,1.3689,1.3689,1.3689
Saint Pierre and Miquelon,Net Forest conversion,Emissions (CO2eq) (AR5),kilotonnes,1.4311,1.4311,1.4311,1.4311,1.4311,1.4311,1.4311,1.4311,1.4311,1.4311,1.4311,1.3689,1.3689,1.3689,1.3689,1.3689,1.3689,1.3689,1.3689,1.3689,1.3689
Saint Pierre and Miquelon,Savanna fires,Emissions (CH4),kilotonnes,0,0,0,0,0,0,0,0,0,0,0,0,0,0,0,0,0,0,0,0,0
Saint Pierre and Miquelon,Savanna fires,Emissions (N2O),kilotonnes,0,0,0,0,0,0,0,0,0,0,0,0,0,0,0,0,0,0,0,0,0
Saint Pierre and Miquelon,Savanna fires,Emissions (CO2eq) from CH4 (AR5),kilotonnes,0,0,0,0,0,0,0,0,0,0,0,0,0,0,0,0,0,0,0,0,0
Saint Pierre and Miquelon,Savanna fires,Emissions (CO2eq) from N2O (AR5),kilotonnes,0,0,0,0,0,0,0,0,0,0,0,0,0,0,0,0,0,0,0,0,0
Saint Pierre and Miquelon,Savanna fires,Emissions (CO2eq) (AR5),kilotonnes,0,0,0,0,0,0,0,0,0,0,0,0,0,0,0,0,0,0,0,0,0
Saint Pierre and Miquelon,Fires in organic soils,Emissions (CH4),kilotonnes,0,0,0,0,0,0,0,0,0,0,0,0,0,0,0,0,0,0,0,0,0
Saint Pierre and Miquelon,Fires in organic soils,Emissions (CO2),kilotonnes,0,0,0,0,0,0,0,0,0,0,0,0,0,0,0,0,0,0,0,0,0
Saint Pierre and Miquelon,Fires in organic soils,Emissions (CO2eq) from CH4 (AR5),kilotonnes,0,0,0,0,0,0,0,0,0,0,0,0,0,0,0,0,0,0,0,0,0
Saint Pierre and Miquelon,Fires in organic soils,Emissions (CO2eq) (AR5),kilotonnes,0,0,0,0,0,0,0,0,0,0,0,0,0,0,0,0,0,0,0,0,0
Saint Pierre and Miquelon,Forest fires,Emissions (CH4),kilotonnes,0,0,0,0,0,0,0,0,0,0,0,0,0,0,0,0,0,0,0,0,0
Saint Pierre and Miquelon,Forest fires,Emissions (N2O),kilotonnes,0,0,0,0,0,0,0,0,0,0,0,0,0,0,0,0,0,0,0,0,0
Saint Pierre and Miquelon,Forest fires,Emissions (CO2eq) from CH4 (AR5),kilotonnes,0,0,0,0,0,0,0,0,0,0,0,0,0,0,0,0,0,0,0,0,0
Saint Pierre and Miquelon,Forest fires,Emissions (CO2eq) from N2O (AR5),kilotonnes,0,0,0,0,0,0,0,0,0,0,0,0,0,0,0,0,0,0,0,0,0
Saint Pierre and Miquelon,Forest fires,Emissions (CO2eq) (AR5),kilotonnes,0,0,0,0,0,0,0,0,0,0,0,0,0,0,0,0,0,0,0,0,0
Saint Pierre and Miquelon,Fires in humid tropical forests,Emissions (CH4),kilotonnes,0,0,0,0,0,0,0,0,0,0,0,0,0,0,0,0,0,0,0,0,0
Saint Pierre and Miquelon,Fires in humid tropical forests,Emissions (N2O),kilotonnes,0,0,0,0,0,0,0,0,0,0,0,0,0,0,0,0,0,0,0,0,0
Saint Pierre and Miquelon,Fires in humid tropical forests,Emissions (CO2eq) from CH4 (AR5),kilotonnes,0,0,0,0,0,0,0,0,0,0,0,0,0,0,0,0,0,0,0,0,0
Saint Pierre and Miquelon,Fires in humid tropical forests,Emissions (CO2eq) from N2O (AR5),kilotonnes,0,0,0,0,0,0,0,0,0,0,0,0,0,0,0,0,0,0,0,0,0
Saint Pierre and Miquelon,Fires in humid tropical forests,Emissions (CO2eq) (AR5),kilotonnes,0,0,0,0,0,0,0,0,0,0,0,0,0,0,0,0,0,0,0,0,0
Saint Pierre and Miquelon,Waste - agri-food systems,Emissions (CH4),kilotonnes,0,0,0,0,0,0,0,0,0,0,0,0,0,0,0,0,0,0,0,0,0
Saint Pierre and Miquelon,Waste - agri-food systems,Emissions (N2O),kilotonnes,0,0,0,0,0,0,0,0,0,0,0,0,0,0,0,0,0,0,0,0,0
Saint Pierre and Miquelon,Waste - agri-food systems,Emissions (CO2eq) from CH4 (AR5),kilotonnes,0,0,0,0,0,0,0,0,0,0,0,0,0,0,0,0,0,0,0,0,0
Saint Pierre and Miquelon,Waste - agri-food systems,Emissions (CO2eq) from N2O (AR5),kilotonnes,0,0,0,0,0,0,0,0,0,0,0,0,0,0,0,0,0,0,0,0,0
Saint Pierre and Miquelon,Waste - agri-food systems,Emissions (CO2eq) (AR5),kilotonnes,0,0,0,0,0,0,0,0,0,0,0,0,0,0,0,0,0,0,0,0,0
Saint Pierre and Miquelon,On-farm electricity use,Emissions (CH4),kilotonnes,0,0,0,0,0,0,0,0,0,0,0,0,0,0,0,0,0,0,0,0,0
Saint Pierre and Miquelon,On-farm electricity use,Emissions (N2O),kilotonnes,0,0,0,0,0,0,0,0,0,0,0,0,0,0,0,0,0,0,0,0,0
Saint Pierre and Miquelon,On-farm electricity use,Emissions (CO2),kilotonnes,0,0,0,0,0,0,0,0,0,0,0,0,0,0,0,0,0,0,0,0,0
Saint Pierre and Miquelon,On-farm electricity use,Emissions (CO2eq) from CH4 (AR5),kilotonnes,0,0,0,0,0,0,0,0,0,0,0,0,0,0,0,0,0,0,0,0,0
Saint Pierre and Miquelon,On-farm electricity use,Emissions (CO2eq) from N2O (AR5),kilotonnes,0,0,0,0,0,0,0,0,0,0,0,0,0,0,0,0,0,0,0,0,0
Saint Pierre and Miquelon,On-farm electricity use,Emissions (CO2eq) (AR5),kilotonnes,0,0,0,0,0,0,0,0,0,0,0,0,0,0,0,0,0,0,0,0,0
Saint Pierre and Miquelon,Farm-gate emissions,Emissions (CH4),kilotonnes,0.0002,0.0002,0.0002,0.0003,0.0002,0.0003,0.0003,0.0003,0.0003,0.0003,0.0003,0.0003,0.0004,0.0004,0.0003,0.0003,0.0004,0.0004,0.0003,0.0003,0.0003
Saint Pierre and Miquelon,Farm-gate emissions,Emissions (N2O),kilotonnes,0,0,0,0,0,0,0,0,0,0,0,0,0,0,0,0,0,0,0,0,0
Saint Pierre and Miquelon,Farm-gate emissions,Emissions (CO2),kilotonnes,2.8579,2.8493,3.0784,3.3852,3.1529,3.5408,3.662,3.8935,3.9128,4.0062,4.1044,4.2992,4.4895,4.4174,4.2983,4.3281,4.4694,4.5176,3.6466,3.5162,3.5162
Saint Pierre and Miquelon,Farm-gate emissions,Emissions (CO2eq) from CH4 (AR5),kilotonnes,0.0063,0.0063,0.0068,0.0075,0.007,0.0079,0.0081,0.0086,0.0087,0.0089,0.0091,0.0095,0.01,0.0098,0.0095,0.0096,0.0099,0.01,0.0081,0.0078,0.0078
Saint Pierre and Miquelon,Farm-gate emissions,Emissions (CO2eq) from N2O (AR5),kilotonnes,0.0012,0.0012,0.0013,0.0014,0.0013,0.0015,0.0015,0.0016,0.0016,0.0017,0.0017,0.0018,0.0019,0.0019,0.0018,0.0018,0.0019,0.0019,0.0015,0.0015,0.0015
Saint Pierre and Miquelon,Farm-gate emissions,Emissions (CO2eq) (AR5),kilotonnes,2.8654,2.8568,3.0865,3.3942,3.1612,3.5502,3.6717,3.9038,3.9231,4.0168,4.1152,4.3106,4.5014,4.4291,4.3096,4.3395,4.4812,4.5296,3.6562,3.5255,3.5255
Saint Pierre and Miquelon,Land Use change,Emissions (CH4),kilotonnes,0,0,0,0,0,0,0,0,0,0,0,0,0,0,0,0,0,0,0,0,0
Saint Pierre and Miquelon,Land Use change,Emissions (N2O),kilotonnes,0,0,0,0,0,0,0,0,0,0,0,0,0,0,0,0,0,0,0,0,0
Saint Pierre and Miquelon,Land Use change,Emissions (CO2),kilotonnes,1.4311,1.4311,1.4311,1.4311,1.4311,1.4311,1.4311,1.4311,1.4311,1.4311,1.4311,1.3689,1.3689,1.3689,1.3689,1.3689,1.3689,1.3689,1.3689,1.3689,1.3689
Saint Pierre and Miquelon,Land Use change,Emissions (CO2eq) from CH4 (AR5),kilotonnes,0,0,0,0,0,0,0,0,0,0,0,0,0,0,0,0,0,0,0,0,0
Saint Pierre and Miquelon,Land Use change,Emissions (CO2eq) from N2O (AR5),kilotonnes,0,0,0,0,0,0,0,0,0,0,0,0,0,0,0,0,0,0,0,0,0
Saint Pierre and Miquelon,Land Use change,Emissions (CO2eq) (AR5),kilotonnes,1.4311,1.4311,1.4311,1.4311,1.4311,1.4311,1.4311,1.4311,1.4311,1.4311,1.4311,1.3689,1.3689,1.3689,1.3689,1.3689,1.3689,1.3689,1.3689,1.3689,1.3689
Saint Pierre and Miquelon,Emissions on agricultural land,Emissions (CH4),kilotonnes,0.0002,0.0002,0.0002,0.0003,0.0002,0.0003,0.0003,0.0003,0.0003,0.0003,0.0003,0.0003,0.0004,0.0004,0.0003,0.0003,0.0004,0.0004,0.0003,0.0003,0.0003
Saint Pierre and Miquelon,Emissions on agricultural land,Emissions (N2O),kilotonnes,0,0,0,0,0,0,0,0,0,0,0,0,0,0,0,0,0,0,0,0,0
Saint Pierre and Miquelon,Emissions on agricultural land,Emissions (CO2),kilotonnes,4.289,4.2804,4.5095,4.8164,4.584,4.972,5.0932,5.3247,5.3439,5.4373,5.5355,5.6682,5.8584,5.7863,5.6672,5.697,5.8383,5.8866,5.0155,4.8851,4.8851
Saint Pierre and Miquelon,Emissions on agricultural land,Emissions (CO2eq) from CH4 (AR5),kilotonnes,0.0063,0.0063,0.0068,0.0075,0.007,0.0079,0.0081,0.0086,0.0087,0.0089,0.0091,0.0095,0.01,0.0098,0.0095,0.0096,0.0099,0.01,0.0081,0.0078,0.0078
Saint Pierre and Miquelon,Emissions on agricultural land,Emissions (CO2eq) from N2O (AR5),kilotonnes,0.0012,0.0012,0.0013,0.0014,0.0013,0.0015,0.0015,0.0016,0.0016,0.0017,0.0017,0.0018,0.0019,0.0019,0.0018,0.0018,0.0019,0.0019,0.0015,0.0015,0.0015
Saint Pierre and Miquelon,Emissions on agricultural land,Emissions (CO2eq) (AR5),kilotonnes,4.2966,4.2879,4.5176,4.8253,4.5924,4.9813,5.1028,5.335,5.3543,5.4479,5.5463,5.6795,5.8703,5.798,5.6785,5.7084,5.8501,5.8985,5.0251,4.8944,4.8944
Saint Pierre and Miquelon,Pre- and post- production,Emissions (CH4),kilotonnes,0,0,0,0,0,0,0,0,0,0,0,0,0,0,0,0,0,0,0,0,0
Saint Pierre and Miquelon,Pre- and post- production,Emissions (N2O),kilotonnes,0,0,0,0,0,0,0,0,0,0,0,0,0,0,0,0,0,0,0,0,0
Saint Pierre and Miquelon,Pre- and post- production,Emissions (CO2),kilotonnes,0,0,0,0,0,0,0,0,0,0,0,0,0,0,0,0,0,0,0,0,0
Saint Pierre and Miquelon,Pre- and post- production,Emissions (CO2eq) from CH4 (AR5),kilotonnes,0,0,0,0,0,0,0,0,0,0,0,0,0,0,0,0,0,0,0,0,0
Saint Pierre and Miquelon,Pre- and post- production,Emissions (CO2eq) from N2O (AR5),kilotonnes,0,0,0,0,0,0,0,0,0,0,0,0,0,0,0,0,0,0,0,0,0
Saint Pierre and Miquelon,Pre- and post- production,Emissions (CO2eq) (AR5),kilotonnes,0,0,0,0,0,0,0,0,0,0,0,0,0,0,0,0,0,0,0,0,0
Saint Pierre and Miquelon,Agri-food systems,Emissions (CH4),kilotonnes,0.0002,0.0002,0.0002,0.0003,0.0002,0.0003,0.0003,0.0003,0.0003,0.0003,0.0003,0.0003,0.0004,0.0004,0.0003,0.0003,0.0004,0.0004,0.0003,0.0003,0.0003
Saint Pierre and Miquelon,Agri-food systems,Emissions (N2O),kilotonnes,0,0,0,0,0,0,0,0,0,0,0,0,0,0,0,0,0,0,0,0,0
Saint Pierre and Miquelon,Agri-food systems,Emissions (CO2),kilotonnes,4.289,4.2804,4.5095,4.8164,4.584,4.972,5.0932,5.3247,5.3439,5.4373,5.5355,5.6682,5.8584,5.7863,5.6672,5.697,5.8383,5.8866,5.0155,4.8851,4.8851
Saint Pierre and Miquelon,Agri-food systems,Emissions (CO2eq) from CH4 (AR5),kilotonnes,0.0063,0.0063,0.0068,0.0075,0.007,0.0079,0.0081,0.0086,0.0087,0.0089,0.0091,0.0095,0.01,0.0098,0.0095,0.0096,0.0099,0.01,0.0081,0.0078,0.0078
Saint Pierre and Miquelon,Agri-food systems,Emissions (CO2eq) from N2O (AR5),kilotonnes,0.0012,0.0012,0.0013,0.0014,0.0013,0.0015,0.0015,0.0016,0.0016,0.0017,0.0017,0.0018,0.0019,0.0019,0.0018,0.0018,0.0019,0.0019,0.0015,0.0015,0.0015
Saint Pierre and Miquelon,Agri-food systems,Emissions (CO2eq) (AR5),kilotonnes,4.2966,4.2879,4.5176,4.8253,4.5924,4.9813,5.1028,5.335,5.3543,5.4479,5.5463,5.6795,5.8703,5.798,5.6785,5.7084,5.8501,5.8985,5.0251,4.8944,4.8944
Saint Pierre and Miquelon,IPCC Agriculture,Emissions (CH4),kilotonnes,0,0,0,0,0,0,0,0,0,0,0,0,0,0,0,0,0,0,0,0,0
Saint Pierre and Miquelon,IPCC Agriculture,Emissions (N2O),kilotonnes,0,0,0,0,0,0,0,0,0,0,0,0,0,0,0,0,0,0,0,0,0
Saint Pierre and Miquelon,IPCC Agriculture,Emissions (CO2eq) from CH4 (AR5),kilotonnes,0,0,0,0,0,0,0,0,0,0,0,0,0,0,0,0,0,0,0,0,0
Saint Pierre and Miquelon,IPCC Agriculture,Emissions (CO2eq) from N2O (AR5),kilotonnes,0,0,0,0,0,0,0,0,0,0,0,0,0,0,0,0,0,0,0,0,0
Saint Pierre and Miquelon,IPCC Agriculture,Emissions (CO2eq) (AR5),kilotonnes,0,0,0,0,0,0,0,0,0,0,0,0,0,0,0,0,0,0,0,0,0
Saint Pierre and Miquelon,Agricultural Soils,Emissions (N2O),kilotonnes,0,0,0,0,0,0,0,0,0,0,0,0,0,0,0,0,0,0,0,0,0
Saint Pierre and Miquelon,Agricultural Soils,Emissions (CO2eq) from N2O (AR5),kilotonnes,0,0,0,0,0,0,0,0,0,0,0,0,0,0,0,0,0,0,0,0,0
Saint Pierre and Miquelon,Agricultural Soils,Emissions (CO2eq) (AR5),kilotonnes,0,0,0,0,0,0,0,0,0,0,0,0,0,0,0,0,0,0,0,0,0
Saint Pierre and Miquelon,LULUCF,Emissions (CH4),kilotonnes,0,0,0,0,0,0,0,0,0,0,0,0,0,0,0,0,0,0,0,0,0
Saint Pierre and Miquelon,LULUCF,Emissions (N2O),kilotonnes,0,0,0,0,0,0,0,0,0,0,0,0,0,0,0,0,0,0,0,0,0
Saint Pierre and Miquelon,LULUCF,Emissions (CO2),kilotonnes,1.4311,1.4311,1.4311,1.4311,1.4311,1.4311,1.4311,1.4311,1.4311,1.4311,1.4311,1.3689,1.3689,1.3689,1.3689,1.3689,1.3689,1.3689,1.3689,1.3689,1.3689
Saint Pierre and Miquelon,LULUCF,Emissions (CO2eq) from CH4 (AR5),kilotonnes,0,0,0,0,0,0,0,0,0,0,0,0,0,0,0,0,0,0,0,0,0
Saint Pierre and Miquelon,LULUCF,Emissions (CO2eq) from N2O (AR5),kilotonnes,0,0,0,0,0,0,0,0,0,0,0,0,0,0,0,0,0,0,0,0,0
Saint Pierre and Miquelon,LULUCF,Emissions (CO2eq) (AR5),kilotonnes,1.4311,1.4311,1.4311,1.4311,1.4311,1.4311,1.4311,1.4311,1.4311,1.4311,1.4311,1.3689,1.3689,1.3689,1.3689,1.3689,1.3689,1.3689,1.3689,1.3689,1.3689
Saint Pierre and Miquelon,AFOLU,Emissions (CH4),kilotonnes,0,0,0,0,0,0,0,0,0,0,0,0,0,0,0,0,0,0,0,0,0
Saint Pierre and Miquelon,AFOLU,Emissions (N2O),kilotonnes,0,0,0,0,0,0,0,0,0,0,0,0,0,0,0,0,0,0,0,0,0
Saint Pierre and Miquelon,AFOLU,Emissions (CO2),kilotonnes,1.4311,1.4311,1.4311,1.4311,1.4311,1.4311,1.4311,1.4311,1.4311,1.4311,1.4311,1.3689,1.3689,1.3689,1.3689,1.3689,1.3689,1.3689,1.3689,1.3689,1.3689
Saint Pierre and Miquelon,AFOLU,Emissions (CO2eq) from CH4 (AR5),kilotonnes,0,0,0,0,0,0,0,0,0,0,0,0,0,0,0,0,0,0,0,0,0
Saint Pierre and Miquelon,AFOLU,Emissions (CO2eq) from N2O (AR5),kilotonnes,0,0,0,0,0,0,0,0,0,0,0,0,0,0,0,0,0,0,0,0,0
Saint Pierre and Miquelon,AFOLU,Emissions (CO2eq) (AR5),kilotonnes,1.4311,1.4311,1.4311,1.4311,1.4311,1.4311,1.4311,1.4311,1.4311,1.4311,1.4311,1.3689,1.3689,1.3689,1.3689,1.3689,1.3689,1.3689,1.3689,1.3689,1.3689
Saint Pierre and Miquelon,All sectors with LULUCF,Emissions (CH4),kilotonnes,0,0,0,0,0,0,0,0,0,0,0,0,0,0,0,0,0,0,0,0,0
Saint Pierre and Miquelon,All sectors with LULUCF,Emissions (N2O),kilotonnes,0,0,0,0,0,0,0,0,0,0,0,0,0,0,0,0,0,0,0,0,0
Saint Pierre and Miquelon,All sectors with LULUCF,Emissions (CO2),kilotonnes,1.4311,1.4311,1.4311,1.4311,1.4311,1.4311,1.4311,1.4311,1.4311,1.4311,1.4311,1.3689,1.3689,1.3689,1.3689,1.3689,1.3689,1.3689,1.3689,1.3689,1.3689
Saint Pierre and Miquelon,All sectors with LULUCF,Emissions (CO2eq) from CH4 (AR5),kilotonnes,0,0,0,0,0,0,0,0,0,0,0,0,0,0,0,0,0,0,0,0,0
Saint Pierre and Miquelon,All sectors with LULUCF,Emissions (CO2eq) from N2O (AR5),kilotonnes,0,0,0,0,0,0,0,0,0,0,0,0,0,0,0,0,0,0,0,0,0
Saint Pierre and Miquelon,All sectors with LULUCF,Emissions (CO2eq) (AR5),kilotonnes,1.4311,1.4311,1.4311,1.4311,1.4311,1.4311,1.4311,1.4311,1.4311,1.4311,1.4311,1.3689,1.3689,1.3689,1.3689,1.3689,1.3689,1.3689,1.3689,1.3689,1.3689
Saint Pierre and Miquelon,All sectors without LULUCF,Emissions (CH4),kilotonnes,0,0,0,0,0,0,0,0,0,0,0,0,0,0,0,0,0,0,0,0,0
Saint Pierre and Miquelon,All sectors without LULUCF,Emissions (N2O),kilotonnes,0,0,0,0,0,0,0,0,0,0,0,0,0,0,0,0,0,0,0,0,0
Saint Pierre and Miquelon,All sectors without LULUCF,Emissions (CO2eq) from CH4 (AR5),kilotonnes,0,0,0,0,0,0,0,0,0,0,0,0,0,0,0,0,0,0,0,0,0
Saint Pierre and Miquelon,All sectors without LULUCF,Emissions (CO2eq) from N2O (AR5),kilotonnes,0,0,0,0,0,0,0,0,0,0,0,0,0,0,0,0,0,0,0,0,0
Saint Pierre and Miquelon,All sectors without LULUCF,Emissions (CO2eq) (AR5),kilotonnes,0,0,0,0,0,0,0,0,0,0,0,0,0,0,0,0,0,0,0,0,0
Saint Vincent and the Grenadines,Crop Residues,Direct emissions (N2O),kilotonnes,0.0001,0.0001,0.0001,0.0001,0.0001,0.0001,0.0001,0.0001,0.0001,0.0001,0.0001,0.0001,0.0001,0.0001,0.0001,0.0001,0.0001,0.0001,0.0001,0.0001,0.0001
Saint Vincent and the Grenadines,Crop Residues,Indirect emissions (N2O),kilotonnes,0,0,0,0,0,0,0,0,0,0,0,0,0,0,0,0,0,0,0,0,0
Saint Vincent and the Grenadines,Crop Residues,Emissions (N2O),kilotonnes,0.0001,0.0001,0.0001,0.0001,0.0001,0.0001,0.0001,0.0001,0.0001,0.0001,0.0001,0.0001,0.0001,0.0001,0.0001,0.0001,0.0001,0.0002,0.0002,0.0001,0.0001
Saint Vincent and the Grenadines,Crop Residues,Emissions (CO2eq) from N2O (AR5),kilotonnes,0.0237,0.0198,0.0205,0.0234,0.0257,0.0245,0.0376,0.0266,0.0278,0.0263,0.0228,0.0268,0.0332,0.0224,0.0333,0.0301,0.0337,0.0438,0.0399,0.0349,0.0328
Saint Vincent and the Grenadines,Crop Residues,Emissions (CO2eq) (AR5),kilotonnes,0.0237,0.0198,0.0205,0.0234,0.0257,0.0245,0.0376,0.0266,0.0278,0.0263,0.0228,0.0268,0.0332,0.0224,0.0333,0.0301,0.0337,0.0438,0.0399,0.0349,0.0328
Saint Vincent and the Grenadines,Burning - Crop residues,Emissions (CH4),kilotonnes,0.0001,0.0001,0.0001,0.0001,0.0001,0.0001,0.0002,0.0001,0.0001,0.0001,0.0001,0.0001,0.0001,0.0001,0.0001,0.0001,0.0001,0.0001,0.0001,0.0001,0.0001
Saint Vincent and the Grenadines,Burning - Crop residues,Emissions (CH4),kilotonnes,,,,,,,,,,,,,,,,,,,,,
Saint Vincent and the Grenadines,Burning - Crop residues,Emissions (N2O),kilotonnes,0,0,0,0,0,0,0,0,0,0,0,0,0,0,0,0,0,0,0,0,0
Saint Vincent and the Grenadines,Burning - Crop residues,Emissions (N2O),kilotonnes,,,,,,,,,,,,,,,,,,,,,
Saint Vincent and the Grenadines,Burning - Crop residues,Emissions (CO2eq) from CH4 (AR5),kilotonnes,0.003,0.0026,0.0026,0.003,0.0034,0.0033,0.0053,0.0042,0.0042,0.003,0.0023,0.0019,0.0025,0.0018,0.0026,0.0024,0.0026,0.003,0.0028,0.0024,0.0022
Saint Vincent and the Grenadines,Burning - Crop residues,Emissions (CO2eq) from CH4 (AR5),kilotonnes,,,,,,,,,,,,,,,,,,,,,
Saint Vincent and the Grenadines,Burning - Crop residues,Emissions (CO2eq) from N2O (AR5),kilotonnes,0.0007,0.0006,0.0006,0.0007,0.0008,0.0008,0.0013,0.001,0.001,0.0007,0.0006,0.0005,0.0006,0.0004,0.0006,0.0006,0.0006,0.0007,0.0007,0.0006,0.0005
Saint Vincent and the Grenadines,Burning - Crop residues,Emissions (CO2eq) from N2O (AR5),kilotonnes,,,,,,,,,,,,,,,,,,,,,
Saint Vincent and the Grenadines,Burning - Crop residues,Emissions (CO2eq) (AR5),kilotonnes,0.0038,0.0033,0.0033,0.0038,0.0042,0.004,0.0066,0.0052,0.0052,0.0038,0.0029,0.0024,0.0031,0.0023,0.0033,0.003,0.0033,0.0038,0.0035,0.003,0.0027
Saint Vincent and the Grenadines,Burning - Crop residues,Emissions (CO2eq) (AR5),kilotonnes,,,,,,,,,,,,,,,,,,,,,
Saint Vincent and the Grenadines,Enteric Fermentation,Emissions (CH4),kilotonnes,0.4691,0.4581,0.4419,0.4115,0.4115,0.4131,0.4149,0.4241,0.4245,0.4345,0.4281,0.4284,0.4042,0.3526,0.3295,0.3189,0.305,0.3245,0.3186,0.3148,0.3184
Saint Vincent and the Grenadines,Enteric Fermentation,Emissions (CH4),kilotonnes,0.224,,,,0.224,,,,,,,,,,,,,,,,
Saint Vincent and the Grenadines,Enteric Fermentation,Emissions (CO2eq) from CH4 (AR5),kilotonnes,13.1348,12.8257,12.3732,11.5212,11.5212,11.5654,11.6158,11.8754,11.886,12.166,11.9876,11.9952,11.3182,9.8725,9.2248,8.929,8.5408,9.085,8.9215,8.8135,8.9146
Saint Vincent and the Grenadines,Enteric Fermentation,Emissions (CO2eq) from CH4 (AR5),kilotonnes,6.272,,,,6.272,,,,,,,,,,,,,,,,
Saint Vincent and the Grenadines,Enteric Fermentation,Emissions (CO2eq) (AR5),kilotonnes,13.1348,12.8257,12.3732,11.5212,11.5212,11.5654,11.6158,11.8754,11.886,12.166,11.9876,11.9952,11.3182,9.8725,9.2248,8.929,8.5408,9.085,8.9215,8.8135,8.9146
Saint Vincent and the Grenadines,Enteric Fermentation,Emissions (CO2eq) (AR5),kilotonnes,6.272,,,,6.272,,,,,,,,,,,,,,,,
Saint Vincent and the Grenadines,Manure Management,Emissions (CH4),kilotonnes,0.0252,0.025,0.0241,0.0223,0.0223,0.0225,0.0229,0.0241,0.0248,0.0255,0.0241,0.0225,0.0206,0.0205,0.0207,0.021,0.0201,0.0206,0.0203,0.0206,0.0205
Saint Vincent and the Grenadines,Manure Management,Emissions (CH4),kilotonnes,0.019,,,,0.019,,,,,,,,,,,,,,,,
Saint Vincent and the Grenadines,Manure Management,Emissions (N2O),kilotonnes,0.0031,0.0031,0.0031,0.0029,0.0029,0.0029,0.0029,0.003,0.0031,0.0031,0.0028,0.0023,0.002,0.0023,0.0024,0.0025,0.0024,0.0024,0.0023,0.0024,0.0024
Saint Vincent and the Grenadines,Manure Management,Emissions (N2O),kilotonnes,0.012,,,,0.012,,,,,,,,,,,,,,,,
Saint Vincent and the Grenadines,Manure Management,Emissions (CO2eq) from CH4 (AR5),kilotonnes,0.7047,0.6991,0.6741,0.6239,0.6239,0.6294,0.6415,0.6761,0.6941,0.7146,0.6756,0.6309,0.5777,0.5747,0.5784,0.5892,0.5634,0.5763,0.568,0.5782,0.5745
Saint Vincent and the Grenadines,Manure Management,Emissions (CO2eq) from CH4 (AR5),kilotonnes,0.532,,,,0.532,,,,,,,,,,,,,,,,
Saint Vincent and the Grenadines,Manure Management,Emissions (CO2eq) from N2O (AR5),kilotonnes,0.8235,0.8246,0.813,0.7667,0.7633,0.7698,0.777,0.8029,0.8182,0.8336,0.7422,0.6206,0.5222,0.6149,0.6427,0.6749,0.6239,0.6364,0.6222,0.6491,0.6356
Saint Vincent and the Grenadines,Manure Management,Emissions (CO2eq) from N2O (AR5),kilotonnes,3.18,,,,3.18,,,,,,,,,,,,,,,,
Saint Vincent and the Grenadines,Manure Management,Emissions (CO2eq) (AR5),kilotonnes,1.5282,1.5237,1.4871,1.3906,1.3872,1.3992,1.4185,1.4789,1.5123,1.5482,1.4178,1.2516,1.1,1.1896,1.2211,1.264,1.1873,1.2127,1.1903,1.2273,1.2101
Saint Vincent and the Grenadines,Manure Management,Emissions (CO2eq) (AR5),kilotonnes,3.712,,,,3.712,,,,,,,,,,,,,,,,
Saint Vincent and the Grenadines,Manure left on Pasture,Direct emissions (N2O),kilotonnes,0.0124,0.0121,0.0116,0.0109,0.0108,0.0111,0.0112,0.0116,0.0118,0.0121,0.0121,0.0122,0.0118,0.0101,0.0098,0.0096,0.0094,0.0098,0.0096,0.0095,0.0096
Saint Vincent and the Grenadines,Manure left on Pasture,Indirect emissions (N2O),kilotonnes,0.0035,0.0035,0.0034,0.0032,0.0032,0.0033,0.0033,0.0034,0.0035,0.0036,0.0035,0.0036,0.0035,0.003,0.0029,0.003,0.0029,0.003,0.0029,0.0029,0.0029
Saint Vincent and the Grenadines,Manure left on Pasture,Emissions (N2O),kilotonnes,0.0159,0.0156,0.015,0.0141,0.0141,0.0144,0.0145,0.0151,0.0153,0.0157,0.0156,0.0159,0.0153,0.0131,0.0127,0.0126,0.0123,0.0128,0.0126,0.0125,0.0126
Saint Vincent and the Grenadines,Manure left on Pasture,Emissions (CO2eq) from N2O (AR5),kilotonnes,4.215,4.1372,3.9689,3.741,3.729,3.8291,3.8364,3.9954,4.0447,4.1552,4.1393,4.2048,4.0493,3.4649,3.3657,3.338,3.2586,3.3836,3.3279,3.305,3.3316
Saint Vincent and the Grenadines,Manure left on Pasture,Emissions (CO2eq) (AR5),kilotonnes,4.215,4.1372,3.9689,3.741,3.729,3.8291,3.8364,3.9954,4.0447,4.1552,4.1393,4.2048,4.0493,3.4649,3.3657,3.338,3.2586,3.3836,3.3279,3.305,3.3316
Saint Vincent and the Grenadines,Manure applied to Soils,Direct emissions (N2O),kilotonnes,0.0034,0.0034,0.0033,0.0031,0.003,0.003,0.0031,0.0033,0.0034,0.0035,0.0033,0.003,0.0026,0.0029,0.0029,0.0029,0.0027,0.0028,0.0028,0.0028,0.0028
Saint Vincent and the Grenadines,Manure applied to Soils,Indirect emissions (N2O),kilotonnes,0.0014,0.0014,0.0014,0.0013,0.0013,0.0013,0.0013,0.0014,0.0015,0.0015,0.0014,0.0013,0.0011,0.0012,0.0012,0.0012,0.0012,0.0012,0.0012,0.0012,0.0012
Saint Vincent and the Grenadines,Manure applied to Soils,Emissions (N2O),kilotonnes,0.0048,0.0049,0.0048,0.0044,0.0043,0.0043,0.0045,0.0047,0.0049,0.005,0.0047,0.0042,0.0037,0.0041,0.0041,0.0042,0.0039,0.004,0.0039,0.0041,0.004
Saint Vincent and the Grenadines,Manure applied to Soils,Emissions (CO2eq) from N2O (AR5),kilotonnes,1.2835,1.2881,1.2613,1.1541,1.1443,1.1439,1.1801,1.2563,1.2991,1.3379,1.2338,1.1161,0.9839,1.0923,1.0767,1.1057,1.0365,1.0644,1.0429,1.0734,1.0612
Saint Vincent and the Grenadines,Manure applied to Soils,Emissions (CO2eq) (AR5),kilotonnes,1.2835,1.2881,1.2613,1.1541,1.1443,1.1439,1.1801,1.2563,1.2991,1.3379,1.2338,1.1161,0.9839,1.0923,1.0767,1.1057,1.0365,1.0644,1.0429,1.0734,1.0612
Saint Vincent and the Grenadines,Drained organic soils,Emissions (CO2eq) (AR5),kilotonnes,0,0,0,0,0,0,0,0,0,0,0,0,0,0,0,0,0,0,0,0,0
Saint Vincent and the Grenadines,Drained organic soils (CO2),Emissions (CO2),kilotonnes,0,0,0,0,0,0,0,0,0,0,0,0,0,0,0,0,0,0,0,0,0
Saint Vincent and the Grenadines,Drained organic soils (CO2),Emissions (CO2eq) (AR5),kilotonnes,0,0,0,0,0,0,0,0,0,0,0,0,0,0,0,0,0,0,0,0,0
Saint Vincent and the Grenadines,Drained organic soils (N2O),Emissions (N2O),kilotonnes,0,0,0,0,0,0,0,0,0,0,0,0,0,0,0,0,0,0,0,0,0
Saint Vincent and the Grenadines,Drained organic soils (N2O),Emissions (CO2eq) from N2O (AR5),kilotonnes,0,0,0,0,0,0,0,0,0,0,0,0,0,0,0,0,0,0,0,0,0
Saint Vincent and the Grenadines,Drained organic soils (N2O),Emissions (CO2eq) (AR5),kilotonnes,0,0,0,0,0,0,0,0,0,0,0,0,0,0,0,0,0,0,0,0,0
Saint Vincent and the Grenadines,On-farm energy use,Emissions (CH4),kilotonnes,0.0003,0.0004,0.0004,0.0004,0.0005,0.0005,0.0005,0.0005,0.0005,0.0006,0.0004,0.0003,0.0003,0.0003,0.0003,0.0003,0.0003,0.0002,0.0003,0.0002,0.0002
Saint Vincent and the Grenadines,On-farm energy use,Emissions (N2O),kilotonnes,0,0,0,0,0,0,0,0,0,0,0,0,0,0,0,0,0,0,0,0,0
Saint Vincent and the Grenadines,On-farm energy use,Emissions (CO2),kilotonnes,3.4202,4.5036,4.9154,5.5677,6.3464,5.9589,6.4193,6.6753,6.0531,7.2438,4.9003,4.3919,4.3432,3.9319,4.3522,3.4127,3.2672,2.3471,3.3056,3.0963,3.0963
Saint Vincent and the Grenadines,On-farm energy use,Emissions (CO2eq) from CH4 (AR5),kilotonnes,0.0076,0.01,0.0109,0.0124,0.0141,0.0132,0.0142,0.0148,0.0134,0.0161,0.0109,0.0097,0.0096,0.0087,0.0097,0.0076,0.0072,0.0052,0.0073,0.0069,0.0069
Saint Vincent and the Grenadines,On-farm energy use,Emissions (CO2eq) from N2O (AR5),kilotonnes,0.0014,0.0019,0.0021,0.0023,0.0027,0.0025,0.0027,0.0028,0.0025,0.003,0.0021,0.0018,0.0018,0.0017,0.0018,0.0014,0.0014,0.001,0.0014,0.0013,0.0013
Saint Vincent and the Grenadines,On-farm energy use,Emissions (CO2eq) (AR5),kilotonnes,3.4292,4.5155,4.9283,5.5824,6.3632,5.9746,6.4363,6.6929,6.069,7.2629,4.9132,4.4035,4.3547,3.9423,4.3637,3.4217,3.2758,2.3533,3.3143,3.1045,3.1045
Saint Vincent and the Grenadines,Forestland,Emissions (CO2),kilotonnes,-46.827,-3.7462,-3.7462,-3.7462,-3.7462,-3.7462,-3.7462,-3.7462,-3.7462,-3.7462,-3.7462,-6.5558,-6.5558,-6.5558,-6.5558,-6.5558,-3.7462,-3.7462,-3.7462,-3.7462,-3.7462
Saint Vincent and the Grenadines,Forestland,Emissions (CO2eq) (AR5),kilotonnes,-46.827,-3.7462,-3.7462,-3.7462,-3.7462,-3.7462,-3.7462,-3.7462,-3.7462,-3.7462,-3.7462,-6.5558,-6.5558,-6.5558,-6.5558,-6.5558,-3.7462,-3.7462,-3.7462,-3.7462,-3.7462
Saint Vincent and the Grenadines,Net Forest conversion,Emissions (CO2),kilotonnes,0,3.7462,3.7462,3.7462,3.7462,3.7462,3.7462,3.7462,3.7462,3.7462,3.7462,6.5558,6.5558,6.5558,6.5558,6.5558,3.7462,3.7462,3.7462,3.7462,3.7462
Saint Vincent and the Grenadines,Net Forest conversion,Emissions (CO2eq) (AR5),kilotonnes,0,3.7462,3.7462,3.7462,3.7462,3.7462,3.7462,3.7462,3.7462,3.7462,3.7462,6.5558,6.5558,6.5558,6.5558,6.5558,3.7462,3.7462,3.7462,3.7462,3.7462
Saint Vincent and the Grenadines,Savanna fires,Emissions (CH4),kilotonnes,0,0,0,0,0,0,0,0,0,0,0,0,0,0,0,0,0,0,0,0,0
Saint Vincent and the Grenadines,Savanna fires,Emissions (N2O),kilotonnes,0,0,0,0,0,0,0,0,0,0,0,0,0,0,0,0,0,0,0,0,0
Saint Vincent and the Grenadines,Savanna fires,Emissions (CO2eq) from CH4 (AR5),kilotonnes,0,0,0,0,0,0,0,0,0,0,0,0,0,0,0,0,0,0,0,0,0
Saint Vincent and the Grenadines,Savanna fires,Emissions (CO2eq) from N2O (AR5),kilotonnes,0,0,0,0,0,0,0,0,0,0,0,0,0,0,0,0,0,0,0,0,0
Saint Vincent and the Grenadines,Savanna fires,Emissions (CO2eq) (AR5),kilotonnes,0,0,0,0,0,0,0,0,0,0,0,0,0,0,0,0,0,0,0,0,0
Saint Vincent and the Grenadines,Fires in organic soils,Emissions (CH4),kilotonnes,0,0,0,0,0,0,0,0,0,0,0,0,0,0,0,0,0,0,0,0,0
Saint Vincent and the Grenadines,Fires in organic soils,Emissions (CO2),kilotonnes,0,0,0,0,0,0,0,0,0,0,0,0,0,0,0,0,0,0,0,0,0
Saint Vincent and the Grenadines,Fires in organic soils,Emissions (CO2eq) from CH4 (AR5),kilotonnes,0,0,0,0,0,0,0,0,0,0,0,0,0,0,0,0,0,0,0,0,0
Saint Vincent and the Grenadines,Fires in organic soils,Emissions (CO2eq) (AR5),kilotonnes,0,0,0,0,0,0,0,0,0,0,0,0,0,0,0,0,0,0,0,0,0
Saint Vincent and the Grenadines,Forest fires,Emissions (CH4),kilotonnes,0,0,0,0,0,0,0,0,0,0,0,0,0,0,0,0,0,0,0,0,0
Saint Vincent and the Grenadines,Forest fires,Emissions (N2O),kilotonnes,0,0,0,0,0,0,0,0,0,0,0,0,0,0,0,0,0,0,0,0,0
Saint Vincent and the Grenadines,Forest fires,Emissions (CO2eq) from CH4 (AR5),kilotonnes,0,0,0,0,0,0,0,0,0,0,0,0,0,0,0,0,0,0,0,0,0
Saint Vincent and the Grenadines,Forest fires,Emissions (CO2eq) from N2O (AR5),kilotonnes,0,0,0,0,0,0,0,0,0,0,0,0,0,0,0,0,0,0,0,0,0
Saint Vincent and the Grenadines,Forest fires,Emissions (CO2eq) (AR5),kilotonnes,0,0,0,0,0,0,0,0,0,0,0,0,0,0,0,0,0,0,0,0,0
Saint Vincent and the Grenadines,Fires in humid tropical forests,Emissions (CH4),kilotonnes,0,0,0,0,0,0,0,0,0,0,0,0,0,0,0,0,0,0,0,0,0
Saint Vincent and the Grenadines,Fires in humid tropical forests,Emissions (N2O),kilotonnes,0,0,0,0,0,0,0,0,0,0,0,0,0,0,0,0,0,0,0,0,0
Saint Vincent and the Grenadines,Fires in humid tropical forests,Emissions (CO2eq) from CH4 (AR5),kilotonnes,0,0,0,0,0,0,0,0,0,0,0,0,0,0,0,0,0,0,0,0,0
Saint Vincent and the Grenadines,Fires in humid tropical forests,Emissions (CO2eq) from N2O (AR5),kilotonnes,0,0,0,0,0,0,0,0,0,0,0,0,0,0,0,0,0,0,0,0,0
Saint Vincent and the Grenadines,Fires in humid tropical forests,Emissions (CO2eq) (AR5),kilotonnes,0,0,0,0,0,0,0,0,0,0,0,0,0,0,0,0,0,0,0,0,0
Saint Vincent and the Grenadines,Waste - agri-food systems,Emissions (CH4),kilotonnes,1.1424,1.1435,1.1483,1.1514,1.1529,1.1543,1.1566,1.1588,1.1599,1.1595,1.1587,1.1576,1.1583,1.1581,1.1576,1.1569,1.1566,1.1566,1.1568,1.1569,1.1556
Saint Vincent and the Grenadines,Waste - agri-food systems,Emissions (N2O),kilotonnes,0.0032,0.003,0.0034,0.0035,0.0036,0.0036,0.0036,0.0037,0.0037,0.0037,0.0037,0.0036,0.0036,0.0036,0.0036,0.0037,0.0036,0.0037,0.0036,0.0036,0.0036
Saint Vincent and the Grenadines,Waste - agri-food systems,Emissions (CO2),kilotonnes,3.1394,3.1515,3.1601,3.1668,3.179,3.1874,3.2038,3.2202,3.2243,3.2203,3.2217,3.2202,3.2238,3.2311,3.2324,3.2355,3.241,3.2473,3.254,3.2586,3.2519
Saint Vincent and the Grenadines,Waste - agri-food systems,Emissions (CO2eq) from CH4 (AR5),kilotonnes,31.9885,32.0173,32.153,32.2388,32.2812,32.3213,32.3856,32.4474,32.4759,32.4672,32.444,32.4139,32.4317,32.4264,32.4124,32.3946,32.3859,32.3848,32.3901,32.3924,32.3581
Saint Vincent and the Grenadines,Waste - agri-food systems,Emissions (CO2eq) from N2O (AR5),kilotonnes,0.8383,0.8038,0.9142,0.9367,0.9457,0.9555,0.9538,0.9756,0.9834,0.9834,0.9863,0.9638,0.955,0.9554,0.9534,0.9877,0.9535,0.9685,0.9647,0.961,0.957
Saint Vincent and the Grenadines,Waste - agri-food systems,Emissions (CO2eq) (AR5),kilotonnes,35.9662,35.9726,36.2272,36.3424,36.4059,36.4641,36.5432,36.6432,36.6836,36.671,36.652,36.5979,36.6104,36.6128,36.5981,36.6178,36.5804,36.6007,36.6089,36.612,36.567
Saint Vincent and the Grenadines,On-farm electricity use,Emissions (CH4),kilotonnes,0,0,0,0,0,0,0,0,0,0,0,0,0,0,0,0,0,0,0,0,0
Saint Vincent and the Grenadines,On-farm electricity use,Emissions (N2O),kilotonnes,0,0,0,0,0,0,0,0,0,0,0,0,0,0,0,0,0,0,0,0,0
Saint Vincent and the Grenadines,On-farm electricity use,Emissions (CO2),kilotonnes,0,0,0,0,0,0,0,0,0,0,0,0,0,0,0,0,0,0,0,0,0
Saint Vincent and the Grenadines,On-farm electricity use,Emissions (CO2eq) from CH4 (AR5),kilotonnes,0,0,0,0,0,0,0,0,0,0,0,0,0,0,0,0,0,0,0,0,0
Saint Vincent and the Grenadines,On-farm electricity use,Emissions (CO2eq) from N2O (AR5),kilotonnes,0,0,0,0,0,0,0,0,0,0,0,0,0,0,0,0,0,0,0,0,0
Saint Vincent and the Grenadines,On-farm electricity use,Emissions (CO2eq) (AR5),kilotonnes,0,0,0,0,0,0,0,0,0,0,0,0,0,0,0,0,0,0,0,0,0
Saint Vincent and the Grenadines,Food Processing,Emissions (CH4),kilotonnes,0.0001,0.0001,0,0,0,0,0,0,0,0,0.0001,0.0006,0.0007,0.0008,0.0007,0.0007,0.0007,0.0006,0.0009,0.0011,0.0011
Saint Vincent and the Grenadines,Food Processing,Emissions (N2O),kilotonnes,0,0,0,0,0,0,0,0,0,0,0,0,0.0001,0.0001,0.0001,0.0001,0.0001,0.0001,0.0001,0.0001,0.0001
Saint Vincent and the Grenadines,Food Processing,Emissions (CO2),kilotonnes,2.1177,2.7286,1.6674,1.8748,2.4681,1.6711,1.5647,1.9827,0.913,1.5737,1.2197,4.3991,5.7847,6.0508,6.3164,4.7498,6.3517,7.2064,9.174,9.1653,8.0574
Saint Vincent and the Grenadines,Food Processing,Emissions (CO2eq) from CH4 (AR5),kilotonnes,0.0028,0.0028,0,0,0,0,0,0,0,0,0.0028,0.0168,0.0196,0.0224,0.0196,0.0196,0.0196,0.0168,0.0252,0.0308,0.0306
Saint Vincent and the Grenadines,Food Processing,Emissions (CO2eq) from N2O (AR5),kilotonnes,0,0,0,0,0,0,0,0,0,0,0,0,0.0265,0.0265,0.0265,0.0265,0.0265,0.0265,0.0265,0.0265,0.0268
Saint Vincent and the Grenadines,Food Processing,Emissions (CO2eq) (AR5),kilotonnes,2.1205,2.7314,1.6674,1.8748,2.4681,1.6711,1.5647,1.9827,0.913,1.5737,1.2225,4.4159,5.8308,6.0997,6.3625,4.7959,6.3978,7.2497,9.2257,9.2226,8.1149
Saint Vincent and the Grenadines,Food Packaging,Emissions (CH4),kilotonnes,0,0,0,0,0,0,0,0,0,0,0,0,0,0,0,0,0,0,0,0,0
Saint Vincent and the Grenadines,Food Packaging,Emissions (N2O),kilotonnes,0,0,0,0,0,0,0,0,0,0,0,0,0,0,0,0,0,0,0,0,0
Saint Vincent and the Grenadines,Food Packaging,Emissions (CO2),kilotonnes,0,0,0,0,0,0,0,0,0,0,0,0.0613,0.0793,0.0752,0.081,0.0647,0.0784,0.0838,0.0859,0.069,0.0607
Saint Vincent and the Grenadines,Food Packaging,Emissions (CO2eq) from CH4 (AR5),kilotonnes,0,0,0,0,0,0,0,0,0,0,0,0,0,0,0,0,0,0,0,0,0
Saint Vincent and the Grenadines,Food Packaging,Emissions (CO2eq) from N2O (AR5),kilotonnes,0,0,0,0,0,0,0,0,0,0,0,0,0,0,0,0,0,0,0,0,0
Saint Vincent and the Grenadines,Food Packaging,Emissions (CO2eq) (AR5),kilotonnes,0,0,0,0,0,0,0,0,0,0,0,0.0613,0.0793,0.0752,0.081,0.0647,0.0784,0.0838,0.0859,0.069,0.0607
Saint Vincent and the Grenadines,Food Retail,Emissions (CH4),kilotonnes,0.0079,0.0086,0.0089,0.0095,0.0114,0.0129,0.0109,0.0119,0.014,0.012,0.0108,0.0124,0.0136,0.0138,0.0137,0.0141,0.0144,0.0137,0.0137,0.0154,0.0153
Saint Vincent and the Grenadines,Food Retail,Emissions (N2O),kilotonnes,0,0,0,0,0.0001,0.0001,0.0001,0.0001,0.0001,0.0001,0.0001,0.0001,0.0001,0.0001,0.0001,0.0001,0.0001,0.0001,0.0001,0.0001,0.0001
Saint Vincent and the Grenadines,Food Retail,Emissions (CO2),kilotonnes,4.0288,4.3756,4.5621,4.9063,5.8641,6.6272,5.4656,5.9914,6.6955,6.0683,5.4181,6.0544,6.385,6.7789,6.6883,6.8958,7.0583,6.7155,6.6911,7.5837,6.667
Saint Vincent and the Grenadines,Food Retail,Emissions (CO2eq) from F-gases (AR5),kilotonnes,1.039,1.039,1.039,1.5585,2.078,2.078,2.078,2.5975,2.5975,2.5975,2.5975,2.5975,2.5975,2.5975,2.5975,2.5975,3.117,3.117,3.117,3.117,3.2562
Saint Vincent and the Grenadines,Food Retail,Emissions (CO2eq) from CH4 (AR5),kilotonnes,0.2212,0.2408,0.2492,0.266,0.3192,0.3612,0.3052,0.3332,0.392,0.336,0.3024,0.3472,0.3808,0.3864,0.3836,0.3948,0.4032,0.3836,0.3836,0.4312,0.4287
Saint Vincent and the Grenadines,Food Retail,Emissions (CO2eq) from N2O (AR5),kilotonnes,0,0,0,0,0.0265,0.0265,0.0265,0.0265,0.0265,0.0265,0.0265,0.0265,0.0265,0.0265,0.0265,0.0265,0.0265,0.0265,0.0265,0.0265,0.0268
Saint Vincent and the Grenadines,Food Retail,Emissions (CO2eq) (AR5),kilotonnes,5.289,5.6554,5.8503,6.7308,8.2878,9.0929,7.8753,8.9486,9.7115,9.0283,8.3445,9.0256,9.3898,9.7893,9.6959,9.9146,10.605,10.2426,10.2182,11.1584,10.3788
Saint Vincent and the Grenadines,Food Household Consumption,Emissions (CH4),kilotonnes,0.0144,0.0155,0.0165,0.0174,0.0187,0.0198,0.0202,0.0209,0.0204,0.0215,0.0226,0.0219,0.0216,0.0225,0.0225,0.0239,0.0252,0.0258,0.0254,0.0254,0.0253
Saint Vincent and the Grenadines,Food Household Consumption,Emissions (N2O),kilotonnes,0.0001,0.0001,0.0001,0.0001,0.0001,0.0001,0.0001,0.0001,0.0001,0.0001,0.0001,0.0001,0.0001,0.0001,0.0001,0.0001,0.0001,0.0001,0.0001,0.0001,0.0001
Saint Vincent and the Grenadines,Food Household Consumption,Emissions (CO2),kilotonnes,10.7542,10.9546,13.1666,12.1055,13.2128,13.7036,13.6918,14.4394,12.0596,15.6456,14.8024,13.9702,15.0276,16.7979,17.5267,21.5686,19.906,19.1828,19.593,19.0494,16.7467
Saint Vincent and the Grenadines,Food Household Consumption,Emissions (CO2eq) from CH4 (AR5),kilotonnes,0.4032,0.434,0.462,0.4872,0.5236,0.5544,0.5656,0.5852,0.5712,0.602,0.6328,0.6132,0.6048,0.63,0.63,0.6692,0.7056,0.7224,0.7112,0.7112,0.7071
Saint Vincent and the Grenadines,Food Household Consumption,Emissions (CO2eq) from N2O (AR5),kilotonnes,0.0265,0.0265,0.0265,0.0265,0.0265,0.0265,0.0265,0.0265,0.0265,0.0265,0.0265,0.0265,0.0265,0.0265,0.0265,0.0265,0.0265,0.0265,0.0265,0.0265,0.0268
Saint Vincent and the Grenadines,Food Household Consumption,Emissions (CO2eq) (AR5),kilotonnes,11.1839,11.4151,13.6551,12.6192,13.7629,14.2845,14.2839,15.0511,12.6573,16.2741,15.4617,14.6099,15.6589,17.4544,18.1832,22.2643,20.6381,19.9317,20.3307,19.7871,17.4806
Saint Vincent and the Grenadines,Food Transport,Emissions (CH4),kilotonnes,0.0007,0.0007,0.0007,0.0007,0.0007,0.0007,0.0007,0.0007,0.0007,0.0011,0.0007,0.0008,0.001,0.0008,0.0009,0.0008,0.0008,0.0006,0.0006,0.0009,0.0009
Saint Vincent and the Grenadines,Food Transport,Emissions (N2O),kilotonnes,0.0001,0.0002,0.0002,0.0002,0.0002,0.0002,0.0002,0.0002,0.0002,0.0003,0.0002,0.0002,0.0002,0.0002,0.0002,0.0002,0.0002,0.0002,0.0002,0.0002,0.0002
Saint Vincent and the Grenadines,Food Transport,Emissions (CO2),kilotonnes,4.0203,4.8502,4.5126,5.1854,5.9383,6.1689,6.0863,6.0516,6.0085,9.2244,6.847,6.2833,8.2686,7.0954,7.6673,7.4101,7.1378,5.6328,5.4668,8.5814,7.5441
Saint Vincent and the Grenadines,Food Transport,Emissions (CO2eq) from CH4 (AR5),kilotonnes,0.0196,0.0196,0.0196,0.0196,0.0196,0.0196,0.0196,0.0196,0.0196,0.0308,0.0196,0.0224,0.028,0.0224,0.0252,0.0224,0.0224,0.0168,0.0168,0.0252,0.0251
Saint Vincent and the Grenadines,Food Transport,Emissions (CO2eq) from N2O (AR5),kilotonnes,0.0265,0.053,0.053,0.053,0.053,0.053,0.053,0.053,0.053,0.0795,0.053,0.053,0.053,0.053,0.053,0.053,0.053,0.053,0.053,0.053,0.0537
Saint Vincent and the Grenadines,Food Transport,Emissions (CO2eq) (AR5),kilotonnes,4.0664,4.9228,4.5852,5.258,6.0109,6.2415,6.1589,6.1242,6.0811,9.3347,6.9196,6.3587,8.3496,7.1708,7.7455,7.4855,7.2132,5.7026,5.5366,8.6596,7.6228
Saint Vincent and the Grenadines,Energy,Emissions (CH4),kilotonnes,0.0151,0.02,0.0204,0.0215,0.0175,0.0171,0.0166,0.0166,0.0158,0.0231,0.0159,0.0156,0.019,0.0185,0.0198,0.0194,0.0187,0.0143,0.0144,0.0172,0.0171
Saint Vincent and the Grenadines,Energy,Emissions (N2O),kilotonnes,0.0038,0.0046,0.0043,0.0047,0.0051,0.0049,0.0043,0.0045,0.0045,0.0066,0.0046,0.0054,0.0073,0.0057,0.0064,0.0061,0.0066,0.0049,0.0048,0.0061,0.0062
Saint Vincent and the Grenadines,Energy,Emissions (CO2),kilotonnes,147,180,187,198,220,220,216,260,191,312,220,198,253,209,275,213,253,257,264,273,240
Saint Vincent and the Grenadines,Energy,Emissions (CO2eq) from CH4 (AR5),kilotonnes,0.4228,0.56,0.5712,0.602,0.49,0.4788,0.4648,0.4648,0.4424,0.6468,0.4452,0.4368,0.532,0.518,0.5544,0.5432,0.5236,0.4004,0.4032,0.4816,0.4788
Saint Vincent and the Grenadines,Energy,Emissions (CO2eq) from N2O (AR5),kilotonnes,1.007,1.2137,1.1474,1.2375,1.3541,1.2906,1.1342,1.2005,1.1846,1.7596,1.2084,1.4363,1.9239,1.5105,1.6987,1.6244,1.7358,1.3065,1.264,1.6112,1.6324
Saint Vincent and the Grenadines,Energy,Emissions (CO2eq) (AR5),kilotonnes,148.4298,181.7737,188.7186,199.8396,221.8442,221.7694,217.599,261.6653,192.6269,314.4064,221.6536,199.8731,255.4559,211.0285,277.253,215.1677,255.2594,258.7068,265.6673,275.0928,242.1112
Saint Vincent and the Grenadines,IPPU,Emissions (N2O),kilotonnes,0,0,0,0,0,0,0,0,0,0,0,0,0,0,0,0,0,0,0,0,0
Saint Vincent and the Grenadines,IPPU,Emissions (CO2),kilotonnes,1.05,1.11,1.13,1.16,1.18,1.26,1.25,1.24,1.23,1.44,1.28,1.23,1.25,1.22,1.25,1.24,1.24,1.19,1.18,1.22,1.22
Saint Vincent and the Grenadines,IPPU,Emissions (CO2eq) from F-gases (AR5),kilotonnes,0.7521,0.9183,1.1175,1.3313,1.7977,2.099,2.3419,2.6237,2.9055,3.1776,3.44,3.6052,3.8676,4.1202,4.3729,4.6353,4.8879,5.1406,5.403,5.6556,5.9083
Saint Vincent and the Grenadines,IPPU,Emissions (CO2eq) from N2O (AR5),kilotonnes,0.0003,0.0003,0.0003,0.0003,0.0003,0.0003,0.0003,0.0003,0.0003,0.0003,0.0003,0.0003,0.0003,0.0003,0.0003,0.0003,0.0003,0.0003,0.0003,0.0003,0.0003
Saint Vincent and the Grenadines,IPPU,Emissions (CO2eq) (AR5),kilotonnes,1.8025,2.0286,2.2478,2.4916,2.9781,3.3593,3.5922,3.8641,4.1359,4.618,4.7203,4.8355,5.1179,5.3406,5.6232,5.8756,6.1282,6.3309,6.5833,6.8759,7.1286
Saint Vincent and the Grenadines,Waste,Emissions (CH4),kilotonnes,1.29,1.3,1.33,1.35,1.37,1.39,1.42,1.44,1.45,1.46,1.46,1.47,1.48,1.5,1.51,1.53,1.55,1.56,1.58,1.59,1.6
Saint Vincent and the Grenadines,Waste,Emissions (N2O),kilotonnes,0.0047,0.0047,0.0047,0.005,0.0053,0.0054,0.0055,0.0056,0.0058,0.0059,0.006,0.006,0.0059,0.0059,0.0059,0.006,0.0061,0.0062,0.0062,0.0063,0.0063
Saint Vincent and the Grenadines,Waste,Emissions (CO2),kilotonnes,0.0048,0.0048,0.0048,0.0048,0.0048,0.0048,0.0048,0.0048,0.0048,0.0048,0.0048,0.0048,0.0048,0.0048,0.0048,0.0048,0.0048,0.006,0.006,0.0054,0.0054
Saint Vincent and the Grenadines,Waste,Emissions (CO2eq) from CH4 (AR5),kilotonnes,36.12,36.4,37.24,37.8,38.36,38.92,39.76,40.32,40.6,40.88,40.88,41.16,41.44,42,42.28,42.84,43.4,43.68,44.24,44.52,44.8
Saint Vincent and the Grenadines,Waste,Emissions (CO2eq) from N2O (AR5),kilotonnes,1.2508,1.2508,1.2534,1.317,1.4045,1.431,1.4575,1.4893,1.5291,1.5582,1.5768,1.5794,1.5715,1.5662,1.5688,1.598,1.6085,1.6298,1.6351,1.6668,1.6801
Saint Vincent and the Grenadines,Waste,Emissions (CO2eq) (AR5),kilotonnes,37.3756,37.6556,38.4982,39.1218,39.7693,40.3558,41.2223,41.8141,42.1338,42.443,42.4615,42.7442,43.0162,43.5709,43.8536,44.4427,45.0133,45.3157,45.881,46.1922,46.4855
Saint Vincent and the Grenadines,Other,Emissions (N2O),kilotonnes,0.0077,0.0092,0.0096,0.0111,0.0123,0.0124,0.012,0.0121,0.0124,0.0183,0.015,0.0146,0.0177,0.0147,0.0155,0.0157,0.015,0.0077,0.0075,0.0127,0.0126
Saint Vincent and the Grenadines,Other,Emissions (CO2eq) from N2O (AR5),kilotonnes,2.0431,2.446,2.5414,2.9415,3.2595,3.286,3.18,3.2065,3.286,4.8495,3.975,3.869,4.6905,3.8955,4.1075,4.1605,3.975,2.0405,1.9822,3.3655,3.339
Saint Vincent and the Grenadines,Other,Emissions (CO2eq) (AR5),kilotonnes,2.0431,2.446,2.5414,2.9415,3.2595,3.286,3.18,3.2065,3.286,4.8495,3.975,3.869,4.6905,3.8955,4.1075,4.1605,3.975,2.0405,1.9822,3.3655,3.339
Saint Vincent and the Grenadines,Farm-gate emissions,Emissions (CH4),kilotonnes,0.4946,0.4835,0.4665,0.4343,0.4344,0.4361,0.4385,0.4489,0.4499,0.4607,0.4527,0.4513,0.4253,0.3735,0.3506,0.3403,0.3255,0.3453,0.3393,0.3357,0.3392
Saint Vincent and the Grenadines,Farm-gate emissions,Direct emissions (N2O),kilotonnes,0.0158,0.0156,0.015,0.014,0.014,0.0142,0.0144,0.015,0.0153,0.0157,0.0154,0.0153,0.0145,0.013,0.0127,0.0127,0.0122,0.0127,0.0125,0.0125,0.0125
Saint Vincent and the Grenadines,Farm-gate emissions,Indirect emissions (N2O),kilotonnes,0.005,0.0049,0.0048,0.0045,0.0045,0.0046,0.0047,0.0049,0.005,0.0051,0.0049,0.0049,0.0046,0.0042,0.0042,0.0042,0.0041,0.0042,0.0041,0.0042,0.0042
Saint Vincent and the Grenadines,Farm-gate emissions,Emissions (N2O),kilotonnes,0.024,0.0237,0.0229,0.0215,0.0214,0.0218,0.022,0.023,0.0234,0.024,0.0232,0.0225,0.0211,0.0196,0.0193,0.0194,0.0187,0.0194,0.019,0.0191,0.0191
Saint Vincent and the Grenadines,Farm-gate emissions,Emissions (CO2),kilotonnes,3.4202,4.5036,4.9154,5.5677,6.3464,5.9589,6.4193,6.6753,6.0531,7.2438,4.9003,4.3919,4.3432,3.9319,4.3522,3.4127,3.2672,2.3471,3.3056,3.0963,3.0963
Saint Vincent and the Grenadines,Farm-gate emissions,Emissions (CO2eq) from CH4 (AR5),kilotonnes,13.8501,13.5374,13.0608,12.1604,12.1625,12.2113,12.2768,12.5704,12.5977,12.8997,12.6764,12.6378,11.9081,10.4578,9.8154,9.5282,9.1141,9.6695,9.4997,9.401,9.4981
Saint Vincent and the Grenadines,Farm-gate emissions,Emissions (CO2eq) from N2O (AR5),kilotonnes,6.3479,6.2722,6.0665,5.6883,5.6658,5.7706,5.8351,6.0849,6.1934,6.3569,6.1407,5.9706,5.5911,5.1965,5.1208,5.1508,4.9547,5.1299,5.0351,5.0643,5.0632
Saint Vincent and the Grenadines,Farm-gate emissions,Emissions (CO2eq) (AR5),kilotonnes,23.6182,24.3132,24.0427,23.4165,24.1747,23.9407,24.5312,25.3306,24.8441,26.5004,23.7174,23.0003,21.8423,19.5862,19.2885,18.0916,17.3359,17.1466,17.8404,17.5616,17.6576
Saint Vincent and the Grenadines,Land Use change,Emissions (CH4),kilotonnes,0,0,0,0,0,0,0,0,0,0,0,0,0,0,0,0,0,0,0,0,0
Saint Vincent and the Grenadines,Land Use change,Emissions (N2O),kilotonnes,0,0,0,0,0,0,0,0,0,0,0,0,0,0,0,0,0,0,0,0,0
Saint Vincent and the Grenadines,Land Use change,Emissions (CO2),kilotonnes,0,3.7462,3.7462,3.7462,3.7462,3.7462,3.7462,3.7462,3.7462,3.7462,3.7462,6.5558,6.5558,6.5558,6.5558,6.5558,3.7462,3.7462,3.7462,3.7462,3.7462
Saint Vincent and the Grenadines,Land Use change,Emissions (CO2eq) from CH4 (AR5),kilotonnes,0,0,0,0,0,0,0,0,0,0,0,0,0,0,0,0,0,0,0,0,0
Saint Vincent and the Grenadines,Land Use change,Emissions (CO2eq) from N2O (AR5),kilotonnes,0,0,0,0,0,0,0,0,0,0,0,0,0,0,0,0,0,0,0,0,0
Saint Vincent and the Grenadines,Land Use change,Emissions (CO2eq) (AR5),kilotonnes,0,3.7462,3.7462,3.7462,3.7462,3.7462,3.7462,3.7462,3.7462,3.7462,3.7462,6.5558,6.5558,6.5558,6.5558,6.5558,3.7462,3.7462,3.7462,3.7462,3.7462
Saint Vincent and the Grenadines,Emissions on agricultural land,Emissions (CH4),kilotonnes,0.4946,0.4835,0.4665,0.4343,0.4344,0.4361,0.4385,0.4489,0.4499,0.4607,0.4527,0.4513,0.4253,0.3735,0.3506,0.3403,0.3255,0.3453,0.3393,0.3357,0.3392
Saint Vincent and the Grenadines,Emissions on agricultural land,Emissions (N2O),kilotonnes,0.024,0.0237,0.0229,0.0215,0.0214,0.0218,0.022,0.023,0.0234,0.024,0.0232,0.0225,0.0211,0.0196,0.0193,0.0194,0.0187,0.0194,0.019,0.0191,0.0191
Saint Vincent and the Grenadines,Emissions on agricultural land,Emissions (CO2),kilotonnes,3.4202,8.2497,8.6615,9.3139,10.0926,9.705,10.1655,10.4215,9.7992,10.99,8.6464,10.9477,10.899,10.4877,10.908,9.9685,7.0133,6.0933,7.0518,6.8425,6.8425
Saint Vincent and the Grenadines,Emissions on agricultural land,Emissions (CO2eq) from CH4 (AR5),kilotonnes,13.8501,13.5374,13.0608,12.1604,12.1625,12.2113,12.2768,12.5704,12.5977,12.8997,12.6764,12.6378,11.9081,10.4578,9.8154,9.5282,9.1141,9.6695,9.4997,9.401,9.4981
Saint Vincent and the Grenadines,Emissions on agricultural land,Emissions (CO2eq) from N2O (AR5),kilotonnes,6.3479,6.2722,6.0665,5.6883,5.6658,5.7706,5.8351,6.0849,6.1934,6.3569,6.1407,5.9706,5.5911,5.1965,5.1208,5.1508,4.9547,5.1299,5.0351,5.0643,5.0632
Saint Vincent and the Grenadines,Emissions on agricultural land,Emissions (CO2eq) (AR5),kilotonnes,23.6182,28.0594,27.7888,27.1626,27.9209,27.6869,28.2774,29.0768,28.5903,30.2465,27.4636,29.5561,28.3981,26.142,25.8442,24.6474,21.0821,20.8927,21.5866,21.3077,21.4037
Saint Vincent and the Grenadines,Pre- and post- production,Emissions (CH4),kilotonnes,1.1655,1.1684,1.1744,1.179,1.1837,1.1877,1.1884,1.1923,1.195,1.1941,1.1929,1.1933,1.1952,1.196,1.1954,1.1964,1.1977,1.1973,1.1974,1.1997,1.1982
Saint Vincent and the Grenadines,Pre- and post- production,Emissions (N2O),kilotonnes,0.0034,0.0033,0.0037,0.0038,0.004,0.004,0.004,0.0041,0.0041,0.0042,0.0041,0.004,0.0041,0.0041,0.0041,0.0042,0.0041,0.0042,0.0041,0.0041,0.0041
Saint Vincent and the Grenadines,Pre- and post- production,Emissions (CO2),kilotonnes,24.0604,26.0605,27.0688,27.2388,30.6623,31.3582,30.0122,31.6853,28.9009,35.7323,31.5089,33.9885,38.769,40.0293,41.5121,43.9245,43.7732,42.0686,44.2648,47.7074,42.3277
Saint Vincent and the Grenadines,Pre- and post- production,Emissions (CO2eq) from F-gases (AR5),kilotonnes,1.039,1.039,1.039,1.5585,2.078,2.078,2.078,2.5975,2.5975,2.5975,2.5975,2.5975,2.5975,2.5975,2.5975,2.5975,3.117,3.117,3.117,3.117,3.2562
Saint Vincent and the Grenadines,Pre- and post- production,Emissions (CO2eq) from CH4 (AR5),kilotonnes,32.6353,32.7145,32.8838,33.0116,33.1436,33.2565,33.276,33.3854,33.4587,33.436,33.4016,33.4135,33.4649,33.4876,33.4708,33.5006,33.5367,33.5244,33.5269,33.5908,33.5496
Saint Vincent and the Grenadines,Pre- and post- production,Emissions (CO2eq) from N2O (AR5),kilotonnes,0.8913,0.8833,0.9937,1.0162,1.0517,1.0615,1.0598,1.0816,1.0894,1.1159,1.0923,1.0698,1.0875,1.0879,1.0859,1.1202,1.086,1.101,1.0972,1.0935,1.0913
Saint Vincent and the Grenadines,Pre- and post- production,Emissions (CO2eq) (AR5),kilotonnes,58.626,60.6973,61.9852,62.8252,66.9356,67.7541,66.426,68.7498,66.0465,72.8818,68.6003,71.0693,75.9188,77.2022,78.6662,81.1428,81.5129,79.8111,82.006,85.5087,80.2248
Saint Vincent and the Grenadines,Agri-food systems,Emissions (CH4),kilotonnes,1.6602,1.6519,1.6409,1.6133,1.6181,1.6238,1.6269,1.6413,1.6449,1.6548,1.6456,1.6447,1.6205,1.5695,1.5459,1.5367,1.5232,1.5426,1.5367,1.5354,1.5374
Saint Vincent and the Grenadines,Agri-food systems,Emissions (N2O),kilotonnes,0.0273,0.027,0.0266,0.0253,0.0253,0.0258,0.026,0.027,0.0275,0.0282,0.0273,0.0266,0.0252,0.0237,0.0234,0.0237,0.0228,0.0235,0.0231,0.0232,0.0232
Saint Vincent and the Grenadines,Agri-food systems,Emissions (CO2),kilotonnes,27.4806,34.3103,35.7303,36.5527,40.7549,41.0632,40.1777,42.1067,38.7001,46.7223,40.1553,44.9362,49.6679,50.517,52.4201,53.893,50.7866,48.162,51.3166,54.5499,49.1702
Saint Vincent and the Grenadines,Agri-food systems,Emissions (CO2eq) from F-gases (AR5),kilotonnes,1.039,1.039,1.039,1.5585,2.078,2.078,2.078,2.5975,2.5975,2.5975,2.5975,2.5975,2.5975,2.5975,2.5975,2.5975,3.117,3.117,3.117,3.117,3.2562
Saint Vincent and the Grenadines,Agri-food systems,Emissions (CO2eq) from CH4 (AR5),kilotonnes,46.4854,46.2519,45.9446,45.172,45.3061,45.4677,45.5528,45.9558,46.0563,46.3357,46.078,46.0513,45.3729,43.9453,43.2862,43.0287,42.6508,43.194,43.0266,42.9918,43.0476
Saint Vincent and the Grenadines,Agri-food systems,Emissions (CO2eq) from N2O (AR5),kilotonnes,7.2392,7.1555,7.0601,6.7046,6.7175,6.832,6.8949,7.1666,7.2828,7.4728,7.233,7.0404,6.6786,6.2844,6.2067,6.271,6.0407,6.2309,6.1324,6.1578,6.1544
Saint Vincent and the Grenadines,Agri-food systems,Emissions (CO2eq) (AR5),kilotonnes,82.2442,88.7567,89.774,89.9878,94.8565,95.441,94.7034,97.8266,94.6368,103.1283,96.0638,100.6254,104.3169,103.3442,104.5104,105.7902,102.595,100.7038,103.5926,106.8165,101.6285
Saint Vincent and the Grenadines,IPCC Agriculture,Emissions (CH4),kilotonnes,0.4944,0.4831,0.4661,0.4339,0.4339,0.4356,0.4379,0.4484,0.4494,0.4601,0.4523,0.451,0.4249,0.3732,0.3502,0.34,0.3252,0.3452,0.339,0.3355,0.339
Saint Vincent and the Grenadines,IPCC Agriculture,Emissions (CH4),kilotonnes,0.243,,,,0.243,,,,,,,,,,,,,,,,
Saint Vincent and the Grenadines,IPCC Agriculture,Direct emissions (N2O),kilotonnes,0.0158,0.0156,0.015,0.014,0.014,0.0142,0.0144,0.015,0.0153,0.0157,0.0154,0.0153,0.0145,0.013,0.0127,0.0127,0.0122,0.0127,0.0125,0.0125,0.0125
Saint Vincent and the Grenadines,IPCC Agriculture,Indirect emissions (N2O),kilotonnes,0.005,0.0049,0.0048,0.0045,0.0045,0.0046,0.0047,0.0049,0.005,0.0051,0.0049,0.0049,0.0046,0.0042,0.0042,0.0042,0.0041,0.0042,0.0041,0.0042,0.0042
Saint Vincent and the Grenadines,IPCC Agriculture,Emissions (N2O),kilotonnes,0.0239,0.0237,0.0229,0.0215,0.0214,0.0218,0.022,0.023,0.0234,0.024,0.0232,0.0225,0.0211,0.0196,0.0193,0.0194,0.0187,0.0194,0.019,0.0191,0.0191
Saint Vincent and the Grenadines,IPCC Agriculture,Emissions (N2O),kilotonnes,0.145,,,,0.179,,,,,,,,,,,,,,,,
Saint Vincent and the Grenadines,IPCC Agriculture,Emissions (CO2eq) from CH4 (AR5),kilotonnes,13.8425,13.5274,13.0499,12.148,12.1484,12.198,12.2626,12.5556,12.5842,12.8836,12.6656,12.628,11.8984,10.4491,9.8058,9.5206,9.1068,9.6643,9.4923,9.3941,9.4912
Saint Vincent and the Grenadines,IPCC Agriculture,Emissions (CO2eq) from CH4 (AR5),kilotonnes,6.804,,,,6.804,,,,,,,,,,,,,,,,
Saint Vincent and the Grenadines,IPCC Agriculture,Emissions (CO2eq) from N2O (AR5),kilotonnes,6.3464,6.2703,6.0644,5.686,5.6631,5.7681,5.8324,6.0821,6.1909,6.3538,6.1386,5.9688,5.5893,5.1949,5.119,5.1493,4.9533,5.1289,5.0337,5.063,5.0619
Saint Vincent and the Grenadines,IPCC Agriculture,Emissions (CO2eq) from N2O (AR5),kilotonnes,38.425,,,,47.435,,,,,,,,,,,,,,,,
Saint Vincent and the Grenadines,IPCC Agriculture,Emissions (CO2eq) (AR5),kilotonnes,20.189,19.7978,19.1143,17.834,17.8116,17.9661,18.095,18.6377,18.7751,19.2374,18.8042,18.5968,17.4877,15.6439,14.9248,14.6699,14.0601,14.7932,14.5261,14.4571,14.5531
Saint Vincent and the Grenadines,IPCC Agriculture,Emissions (CO2eq) (AR5),kilotonnes,45.229,,,,54.239,,,,,,,,,,,,,,,,
Saint Vincent and the Grenadines,Agricultural Soils,Direct emissions (N2O),kilotonnes,0.0158,0.0156,0.015,0.014,0.014,0.0142,0.0144,0.015,0.0153,0.0157,0.0154,0.0153,0.0145,0.013,0.0127,0.0127,0.0122,0.0127,0.0125,0.0125,0.0125
Saint Vincent and the Grenadines,Agricultural Soils,Indirect emissions (N2O),kilotonnes,0.005,0.0049,0.0048,0.0045,0.0045,0.0046,0.0047,0.0049,0.005,0.0051,0.0049,0.0049,0.0046,0.0042,0.0042,0.0042,0.0041,0.0042,0.0041,0.0042,0.0042
Saint Vincent and the Grenadines,Agricultural Soils,Emissions (N2O),kilotonnes,0.0208,0.0205,0.0198,0.0186,0.0185,0.0189,0.0191,0.0199,0.0203,0.0208,0.0204,0.0202,0.0191,0.0173,0.0169,0.0169,0.0163,0.017,0.0166,0.0167,0.0167
Saint Vincent and the Grenadines,Agricultural Soils,Emissions (N2O),kilotonnes,0.133,,,,0.167,,,,,,,,,,,,,,,,
Saint Vincent and the Grenadines,Agricultural Soils,Emissions (CO2eq) from N2O (AR5),kilotonnes,5.5222,5.4451,5.2508,4.9185,4.899,4.9975,5.0541,5.2783,5.3716,5.5194,5.3959,5.3477,5.0664,4.5795,4.4756,4.4739,4.3288,4.4918,4.4108,4.4133,4.4257
Saint Vincent and the Grenadines,Agricultural Soils,Emissions (CO2eq) from N2O (AR5),kilotonnes,35.245,,,,44.255,,,,,,,,,,,,,,,,
Saint Vincent and the Grenadines,Agricultural Soils,Emissions (CO2eq) (AR5),kilotonnes,5.5222,5.4451,5.2508,4.9185,4.899,4.9975,5.0541,5.2783,5.3716,5.5194,5.3959,5.3477,5.0664,4.5795,4.4756,4.4739,4.3288,4.4918,4.4108,4.4133,4.4257
Saint Vincent and the Grenadines,Agricultural Soils,Emissions (CO2eq) (AR5),kilotonnes,35.245,,,,44.255,,,,,,,,,,,,,,,,
Saint Vincent and the Grenadines,LULUCF,Emissions (CH4),kilotonnes,0,0,0,0,0,0,0,0,0,0,0,0,0,0,0,0,0,0,0,0,0
Saint Vincent and the Grenadines,LULUCF,Emissions (CH4),kilotonnes,0.022,,,,0.022,,,,,,,,,,,,,,,,
Saint Vincent and the Grenadines,LULUCF,Emissions (N2O),kilotonnes,0,0,0,0,0,0,0,0,0,0,0,0,0,0,0,0,0,0,0,0,0
Saint Vincent and the Grenadines,LULUCF,Emissions (N2O),kilotonnes,,,,,,,,,,,,,,,,,,,,,
Saint Vincent and the Grenadines,LULUCF,Emissions (CO2),kilotonnes,-46.827,0,0,0,0,0,0,0,0,0,0,0,0,0,0,0,0,0,0,0,0
Saint Vincent and the Grenadines,LULUCF,Emissions (CO2),kilotonnes,-28.515,,,,-34.731,,,,,,,,,,,,,,,,
Saint Vincent and the Grenadines,LULUCF,Emissions (CO2eq) from CH4 (AR5),kilotonnes,0,0,0,0,0,0,0,0,0,0,0,0,0,0,0,0,0,0,0,0,0
Saint Vincent and the Grenadines,LULUCF,Emissions (CO2eq) from N2O (AR5),kilotonnes,0,0,0,0,0,0,0,0,0,0,0,0,0,0,0,0,0,0,0,0,0
Saint Vincent and the Grenadines,LULUCF,Emissions (CO2eq) (AR5),kilotonnes,-46.827,0,0,0,0,0,0,0,0,0,0,0,0,0,0,0,0,0,0,0,0
Saint Vincent and the Grenadines,LULUCF,Emissions (CO2eq) (AR5),kilotonnes,-28.515,,,,-34.731,,,,,,,,,,,,,,,,
Saint Vincent and the Grenadines,AFOLU,Emissions (CH4),kilotonnes,0.4944,0.4831,0.4661,0.4339,0.4339,0.4356,0.4379,0.4484,0.4494,0.4601,0.4523,0.451,0.4249,0.3732,0.3502,0.34,0.3252,0.3452,0.339,0.3355,0.339
Saint Vincent and the Grenadines,AFOLU,Emissions (N2O),kilotonnes,0.0239,0.0237,0.0229,0.0215,0.0214,0.0218,0.022,0.023,0.0234,0.024,0.0232,0.0225,0.0211,0.0196,0.0193,0.0194,0.0187,0.0194,0.019,0.0191,0.0191
Saint Vincent and the Grenadines,AFOLU,Emissions (CO2),kilotonnes,-46.827,0,0,0,0,0,0,0,0,0,0,0,0,0,0,0,0,0,0,0,0
Saint Vincent and the Grenadines,AFOLU,Emissions (CO2eq) from CH4 (AR5),kilotonnes,13.8425,13.5274,13.0499,12.148,12.1484,12.198,12.2626,12.5556,12.5842,12.8836,12.6656,12.628,11.8984,10.4491,9.8058,9.5206,9.1068,9.6643,9.4923,9.3941,9.4912
Saint Vincent and the Grenadines,AFOLU,Emissions (CO2eq) from N2O (AR5),kilotonnes,6.3464,6.2703,6.0644,5.686,5.6631,5.7681,5.8324,6.0821,6.1909,6.3538,6.1386,5.9688,5.5893,5.1949,5.119,5.1493,4.9533,5.1289,5.0337,5.063,5.0619
Saint Vincent and the Grenadines,AFOLU,Emissions (CO2eq) (AR5),kilotonnes,-26.638,19.7978,19.1143,17.834,17.8116,17.9661,18.095,18.6377,18.7751,19.2374,18.8042,18.5968,17.4877,15.6439,14.9248,14.6699,14.0601,14.7932,14.5261,14.4571,14.5531
Saint Vincent and the Grenadines,All sectors with LULUCF,Emissions (CH4),kilotonnes,1.7995,1.8031,1.8165,1.8054,1.8214,1.8427,1.8745,1.905,1.9152,1.9432,1.9282,1.9366,1.9239,1.8917,1.88,1.8894,1.8939,1.9195,1.9334,1.9427,1.9561
Saint Vincent and the Grenadines,All sectors with LULUCF,Emissions (N2O),kilotonnes,0.0402,0.0422,0.0415,0.0422,0.0441,0.0444,0.0438,0.0452,0.046,0.0548,0.0487,0.0485,0.052,0.0459,0.0471,0.0473,0.0463,0.0381,0.0374,0.0442,0.0442
Saint Vincent and the Grenadines,All sectors with LULUCF,Emissions (CO2),kilotonnes,101.2278,181.1148,188.1348,199.1648,221.1848,221.2648,217.2548,261.2448,192.2348,313.4448,221.2848,199.2348,254.2548,210.2248,276.2548,214.2448,254.2448,258.196,265.186,274.2254,241.2254
Saint Vincent and the Grenadines,All sectors with LULUCF,Emissions (CO2eq) from F-gases (AR5),kilotonnes,0.7521,0.9183,1.1175,1.3313,1.7977,2.099,2.3419,2.6237,2.9055,3.1776,3.44,3.6052,3.8676,4.1202,4.3729,4.6353,4.8879,5.1406,5.403,5.6556,5.9083
Saint Vincent and the Grenadines,All sectors with LULUCF,Emissions (CO2eq) from CH4 (AR5),kilotonnes,50.3853,50.4874,50.8611,50.55,50.9984,51.5968,52.4874,53.3404,53.6266,54.4104,53.9908,54.2248,53.8704,52.9671,52.6402,52.9038,53.0304,53.7447,54.1355,54.3957,54.77
Saint Vincent and the Grenadines,All sectors with LULUCF,Emissions (CO2eq) from N2O (AR5),kilotonnes,10.6477,11.1811,11.007,11.1824,11.6816,11.7759,11.6044,11.9787,12.1908,14.5214,12.8991,12.8538,13.7754,12.1673,12.4943,12.5326,12.2729,10.1059,9.9153,11.7069,11.7137
Saint Vincent and the Grenadines,All sectors with LULUCF,Emissions (CO2eq) (AR5),kilotonnes,163.0129,243.7016,251.1204,262.2285,285.6625,286.7365,283.6885,329.1876,260.9577,385.5543,291.6147,269.9186,325.7682,279.4794,345.7621,284.3164,324.4361,327.1872,334.6398,345.9835,313.6174
Saint Vincent and the Grenadines,All sectors without LULUCF,Emissions (CH4),kilotonnes,1.7995,1.8031,1.8165,1.8054,1.8214,1.8427,1.8745,1.905,1.9152,1.9432,1.9282,1.9366,1.9239,1.8917,1.88,1.8894,1.8939,1.9195,1.9334,1.9427,1.9561
Saint Vincent and the Grenadines,All sectors without LULUCF,Emissions (N2O),kilotonnes,0.0402,0.0422,0.0415,0.0422,0.0441,0.0444,0.0438,0.0452,0.046,0.0548,0.0487,0.0485,0.052,0.0459,0.0471,0.0473,0.0463,0.0381,0.0374,0.0442,0.0442
Saint Vincent and the Grenadines,All sectors without LULUCF,Emissions (CO2),kilotonnes,148.0548,181.1148,188.1348,199.1648,221.1848,221.2648,217.2548,261.2448,192.2348,313.4448,221.2848,199.2348,254.2548,210.2248,276.2548,214.2448,254.2448,258.196,265.186,274.2254,241.2254
Saint Vincent and the Grenadines,All sectors without LULUCF,Emissions (CO2eq) from F-gases (AR5),kilotonnes,0.7521,0.9183,1.1175,1.3313,1.7977,2.099,2.3419,2.6237,2.9055,3.1776,3.44,3.6052,3.8676,4.1202,4.3729,4.6353,4.8879,5.1406,5.403,5.6556,5.9083
Saint Vincent and the Grenadines,All sectors without LULUCF,Emissions (CO2eq) from CH4 (AR5),kilotonnes,50.3853,50.4874,50.8611,50.55,50.9984,51.5968,52.4874,53.3404,53.6266,54.4104,53.9908,54.2248,53.8704,52.9671,52.6402,52.9038,53.0304,53.7447,54.1355,54.3957,54.77
Saint Vincent and the Grenadines,All sectors without LULUCF,Emissions (CO2eq) from N2O (AR5),kilotonnes,10.6477,11.1811,11.007,11.1824,11.6816,11.7759,11.6044,11.9787,12.1908,14.5214,12.8991,12.8538,13.7754,12.1673,12.4943,12.5326,12.2729,10.1059,9.9153,11.7069,11.7137
Saint Vincent and the Grenadines,All sectors without LULUCF,Emissions (CO2eq) (AR5),kilotonnes,209.8399,243.7016,251.1204,262.2285,285.6625,286.7365,283.6885,329.1876,260.9577,385.5543,291.6147,269.9186,325.7682,279.4794,345.7621,284.3164,324.4361,327.1872,334.6398,345.9835,313.6174
Samoa,Burning - Crop residues,Emissions (CH4),kilotonnes,0,0,0,0,0,0,0,0,0,0,0,0,0,0,0,0,0,0,0,0,0
Samoa,Burning - Crop residues,Emissions (N2O),kilotonnes,0,0,0,0,0,0,0,0,0,0,0,0,0,0,0,0,0,0,0,0,0
Samoa,Burning - Crop residues,Emissions (CO2eq) from CH4 (AR5),kilotonnes,0,0,0,0,0,0,0,0,0,0,0,0,0,0,0,0,0,0,0,0,0
Samoa,Burning - Crop residues,Emissions (CO2eq) from N2O (AR5),kilotonnes,0,0,0,0,0,0,0,0,0,0,0,0,0,0,0,0,0,0,0,0,0
Samoa,Burning - Crop residues,Emissions (CO2eq) (AR5),kilotonnes,0.0001,0.0001,0.0001,0.0001,0.0001,0.0001,0.0001,0.0001,0.0001,0.0001,0.0001,0.0001,0.0001,0.0001,0.0001,0.0001,0.0001,0.0001,0.0001,0.0001,0.0001
Samoa,Enteric Fermentation,Emissions (CH4),kilotonnes,1.9974,2.0223,2.0223,2.0831,2.144,2.144,2.1449,2.1282,2.1217,2.6409,2.8137,3.0339,3.1607,3.242,3.281,3.7228,3.2433,3.13,3.4983,2.5402,3.1471
Samoa,Enteric Fermentation,Emissions (CH4),kilotonnes,,,,,,,,,,,,,,,,,,,,,
Samoa,Enteric Fermentation,Emissions (CO2eq) from CH4 (AR5),kilotonnes,55.9272,56.623,56.6238,58.3274,60.0309,60.0317,60.0578,59.5887,59.4074,73.9451,78.7847,84.9481,88.4997,90.7764,91.8674,104.2388,90.8112,87.6396,97.9535,71.1246,88.1177
Samoa,Enteric Fermentation,Emissions (CO2eq) from CH4 (AR5),kilotonnes,,,,,,,,,,,,,,,,,,,,,
Samoa,Enteric Fermentation,Emissions (CO2eq) (AR5),kilotonnes,55.9272,56.623,56.6238,58.3274,60.0309,60.0317,60.0578,59.5887,59.4074,73.9451,78.7847,84.9481,88.4997,90.7764,91.8674,104.2388,90.8112,87.6396,97.9535,71.1246,88.1177
Samoa,Enteric Fermentation,Emissions (CO2eq) (AR5),kilotonnes,,,,,,,,,,,,,,,,,,,,,
Samoa,Manure Management,Emissions (CH4),kilotonnes,2.5176,2.9496,2.9503,2.9532,2.9563,2.9567,2.9553,2.7064,2.6145,2.2879,2.5628,2.5895,2.6108,2.6316,2.6114,2.5708,2.4061,2.1795,2.0074,1.4588,1.6725
Samoa,Manure Management,Emissions (N2O),kilotonnes,0.0265,0.0302,0.0303,0.0305,0.0308,0.0308,0.0306,0.0285,0.0277,0.0262,0.0293,0.0302,0.0308,0.0313,0.0311,0.032,0.0293,0.0271,0.0267,0.0194,0.0229
Samoa,Manure Management,Emissions (CO2eq) from CH4 (AR5),kilotonnes,70.494,82.5876,82.6097,82.6907,82.775,82.787,82.7472,75.7783,73.2062,64.0608,71.7592,72.5053,73.1016,73.6841,73.1197,71.983,67.3713,61.0263,56.2067,40.8472,46.831
Samoa,Manure Management,Emissions (CO2eq) from N2O (AR5),kilotonnes,7.0123,8.007,8.0361,8.0901,8.1493,8.1646,8.1083,7.5584,7.3519,6.9354,7.7761,8.0126,8.1658,8.2817,8.2334,8.4923,7.7582,7.1776,7.0685,5.13,6.0741
Samoa,Manure Management,Emissions (CO2eq) (AR5),kilotonnes,77.5062,90.5946,90.6458,90.7808,90.9243,90.9516,90.8555,83.3367,80.5581,70.9962,79.5353,80.5179,81.2673,81.9658,81.3531,80.4752,75.1295,68.2038,63.2752,45.9772,52.9051
Samoa,Manure left on Pasture,Direct emissions (N2O),kilotonnes,0.051,0.051,0.051,0.0527,0.0544,0.0544,0.0544,0.0545,0.0545,0.0699,0.0744,0.0807,0.0843,0.0866,0.0875,0.1002,0.0869,0.0841,0.0949,0.0687,0.0856
Samoa,Manure left on Pasture,Indirect emissions (N2O),kilotonnes,0.0113,0.0113,0.0113,0.0117,0.0121,0.0121,0.0121,0.0121,0.0121,0.0153,0.0163,0.0176,0.0184,0.0189,0.0191,0.0218,0.019,0.0184,0.0207,0.0151,0.0187
Samoa,Manure left on Pasture,Emissions (N2O),kilotonnes,0.0623,0.0623,0.0623,0.0644,0.0665,0.0665,0.0665,0.0665,0.0665,0.0852,0.0907,0.0983,0.1027,0.1055,0.1066,0.122,0.1058,0.1025,0.1156,0.0838,0.1043
Samoa,Manure left on Pasture,Emissions (CO2eq) from N2O (AR5),kilotonnes,16.5113,16.5028,16.5073,17.0629,17.6193,17.6217,17.621,17.6282,17.6275,22.5783,24.0319,26.0505,27.2105,27.9499,28.2592,32.3417,28.0452,27.151,30.639,22.2003,27.6314
Samoa,Manure left on Pasture,Emissions (CO2eq) (AR5),kilotonnes,16.5113,16.5028,16.5073,17.0629,17.6193,17.6217,17.621,17.6282,17.6275,22.5783,24.0319,26.0505,27.2105,27.9499,28.2592,32.3417,28.0452,27.151,30.639,22.2003,27.6314
Samoa,Manure applied to Soils,Direct emissions (N2O),kilotonnes,0.0206,0.0238,0.024,0.0241,0.0242,0.0243,0.0239,0.0221,0.0215,0.0187,0.0216,0.0219,0.0222,0.0224,0.0223,0.0224,0.0208,0.0191,0.018,0.0134,0.0154
Samoa,Manure applied to Soils,Indirect emissions (N2O),kilotonnes,0.0087,0.0101,0.0102,0.0102,0.0103,0.0103,0.0101,0.0094,0.0091,0.008,0.0092,0.0093,0.0094,0.0095,0.0095,0.0095,0.0088,0.0081,0.0077,0.0057,0.0066
Samoa,Manure applied to Soils,Emissions (N2O),kilotonnes,0.0293,0.0339,0.0342,0.0343,0.0345,0.0346,0.034,0.0316,0.0306,0.0267,0.0307,0.0312,0.0316,0.032,0.0318,0.0319,0.0297,0.0273,0.0257,0.0191,0.022
Samoa,Manure applied to Soils,Emissions (CO2eq) from N2O (AR5),kilotonnes,7.7693,8.9802,9.0633,9.0918,9.1348,9.1785,9.0183,8.3628,8.1104,7.0736,8.1382,8.2729,8.378,8.4711,8.4165,8.4474,7.8588,7.2216,6.8081,5.0554,5.8313
Samoa,Manure applied to Soils,Emissions (CO2eq) (AR5),kilotonnes,7.7693,8.9802,9.0633,9.0918,9.1348,9.1785,9.0183,8.3628,8.1104,7.0736,8.1382,8.2729,8.378,8.4711,8.4165,8.4474,7.8588,7.2216,6.8081,5.0554,5.8313
Samoa,Synthetic Fertilizers,Direct emissions (N2O),kilotonnes,,,0.0001,0.0001,0.0002,0.0002,0.0001,0.0003,0.0003,0.0002,0.0001,0.0001,0,0.0001,0.0001,,0.0005,0.0001,0.0003,0.0004,0.0002
Samoa,Synthetic Fertilizers,Indirect emissions (N2O),kilotonnes,,,0,0,0.0001,0.0001,0,0.0001,0.0001,0.0001,0,0,0,0,0,,0.0002,0,0.0001,0.0001,0.0001
Samoa,Synthetic Fertilizers,Emissions (N2O),kilotonnes,,,0.0001,0.0001,0.0003,0.0002,0.0002,0.0003,0.0004,0.0002,0.0001,0.0001,0,0.0002,0.0001,,0.0007,0.0002,0.0004,0.0005,0.0002
Samoa,Synthetic Fertilizers,Emissions (CO2eq) from N2O (AR5),kilotonnes,,,0.0221,0.0386,0.0772,0.0662,0.0497,0.0883,0.0993,0.0607,0.0331,0.0221,0.0034,0.0475,0.0383,,0.1908,0.0477,0.1135,0.1447,0.0614
Samoa,Synthetic Fertilizers,Emissions (CO2eq) (AR5),kilotonnes,,,0.0221,0.0386,0.0772,0.0662,0.0497,0.0883,0.0993,0.0607,0.0331,0.0221,0.0034,0.0475,0.0383,,0.1908,0.0477,0.1135,0.1447,0.0614
Samoa,Drained organic soils,Emissions (CO2eq) (AR5),kilotonnes,0,0,0,0,0,0,0,0,0,0,0,0,0,0,0,0,0,0,0,0,0
Samoa,Drained organic soils (CO2),Emissions (CO2),kilotonnes,0,0,0,0,0,0,0,0,0,0,0,0,0,0,0,0,0,0,0,0,0
Samoa,Drained organic soils (CO2),Emissions (CO2eq) (AR5),kilotonnes,0,0,0,0,0,0,0,0,0,0,0,0,0,0,0,0,0,0,0,0,0
Samoa,Drained organic soils (N2O),Emissions (N2O),kilotonnes,0,0,0,0,0,0,0,0,0,0,0,0,0,0,0,0,0,0,0,0,0
Samoa,Drained organic soils (N2O),Emissions (CO2eq) from N2O (AR5),kilotonnes,0,0,0,0,0,0,0,0,0,0,0,0,0,0,0,0,0,0,0,0,0
Samoa,Drained organic soils (N2O),Emissions (CO2eq) (AR5),kilotonnes,0,0,0,0,0,0,0,0,0,0,0,0,0,0,0,0,0,0,0,0,0
Samoa,On-farm energy use,Emissions (CH4),kilotonnes,0.0005,0.0005,0.0005,0.0005,0.0005,0.0005,0.0005,0.0006,0.0005,0.0005,0.0006,0.0005,0.0005,0.0019,0.0017,0.0018,0.0004,0.0005,0.0005,0.0003,0.0003
Samoa,On-farm energy use,Emissions (N2O),kilotonnes,0.001,0.0012,0.0014,0.0013,0.0014,0.0014,0.0014,0.0015,0.0013,0.0014,0.0015,0.0013,0.0013,0.0011,0.0009,0.0009,0.0007,0.0009,0.0009,0.0009,0.0009
Samoa,On-farm energy use,Emissions (CO2),kilotonnes,2.8997,3.2877,3.9044,3.5806,3.9341,4.014,3.8769,4.1757,3.756,3.8726,4.3197,3.678,3.6852,4.367,3.5376,3.9223,2.4058,2.861,2.8998,2.7722,2.7722
Samoa,On-farm energy use,Emissions (CO2eq) from CH4 (AR5),kilotonnes,0.0132,0.0138,0.0146,0.0146,0.0149,0.0152,0.0147,0.0155,0.014,0.0152,0.0164,0.0152,0.0153,0.0541,0.0465,0.0514,0.0112,0.0141,0.0142,0.0078,0.0078
Samoa,On-farm energy use,Emissions (CO2eq) from N2O (AR5),kilotonnes,0.2681,0.3078,0.371,0.336,0.3728,0.3799,0.3658,0.3931,0.3555,0.366,0.4069,0.3422,0.343,0.2954,0.2266,0.24,0.1948,0.2306,0.2306,0.2314,0.2314
Samoa,On-farm energy use,Emissions (CO2eq) (AR5),kilotonnes,3.181,3.6093,4.29,3.9312,4.3218,4.4091,4.2574,4.5843,4.1255,4.2538,4.7429,4.0354,4.0435,4.7165,3.8107,4.2137,2.6118,3.1058,3.1446,3.0114,3.0114
Samoa,Forestland,Emissions (CO2),kilotonnes,2.5125,1.8314,1.8314,1.8314,1.8314,1.8314,1.8314,1.8314,1.8314,1.8314,1.8314,3.6095,3.6095,3.6095,3.6095,3.6095,2.3712,2.3712,2.3712,2.3712,2.3712
Samoa,Forestland,Emissions (CO2eq) (AR5),kilotonnes,2.5125,1.8314,1.8314,1.8314,1.8314,1.8314,1.8314,1.8314,1.8314,1.8314,1.8314,3.6095,3.6095,3.6095,3.6095,3.6095,2.3712,2.3712,2.3712,2.3712,2.3712
Samoa,Net Forest conversion,Emissions (CO2),kilotonnes,104.8736,104.8029,104.8029,104.8029,104.8029,104.8029,104.8029,104.8029,104.8029,104.8029,104.8029,105.1845,105.1845,105.1845,105.1845,105.1845,104.2624,104.2624,104.2624,104.2624,104.2624
Samoa,Net Forest conversion,Emissions (CO2eq) (AR5),kilotonnes,104.8736,104.8029,104.8029,104.8029,104.8029,104.8029,104.8029,104.8029,104.8029,104.8029,104.8029,105.1845,105.1845,105.1845,105.1845,105.1845,104.2624,104.2624,104.2624,104.2624,104.2624
Samoa,Savanna fires,Emissions (CH4),kilotonnes,0,0,0,0,0,0,0,0,0,0,0,0,0,0,0,0,0,0,0,0,0
Samoa,Savanna fires,Emissions (N2O),kilotonnes,0,0,0,0,0,0,0,0,0,0,0,0,0,0,0,0,0,0,0,0,0
Samoa,Savanna fires,Emissions (CO2eq) from CH4 (AR5),kilotonnes,0,0,0,0,0,0,0,0,0,0,0,0,0,0,0,0,0,0,0,0,0
Samoa,Savanna fires,Emissions (CO2eq) from N2O (AR5),kilotonnes,0,0,0,0,0,0,0,0,0,0,0,0,0,0,0,0,0,0,0,0,0
Samoa,Savanna fires,Emissions (CO2eq) (AR5),kilotonnes,0,0,0,0,0,0,0,0,0,0,0,0,0,0,0,0,0,0,0,0,0
Samoa,Fires in organic soils,Emissions (CH4),kilotonnes,0,0,0,0,0,0,0,0,0,0,0,0,0,0,0,0,0,0,0,0,0
Samoa,Fires in organic soils,Emissions (CO2),kilotonnes,0,0,0,0,0,0,0,0,0,0,0,0,0,0,0,0,0,0,0,0,0
Samoa,Fires in organic soils,Emissions (CO2eq) from CH4 (AR5),kilotonnes,0,0,0,0,0,0,0,0,0,0,0,0,0,0,0,0,0,0,0,0,0
Samoa,Fires in organic soils,Emissions (CO2eq) (AR5),kilotonnes,0,0,0,0,0,0,0,0,0,0,0,0,0,0,0,0,0,0,0,0,0
Samoa,Forest fires,Emissions (CH4),kilotonnes,0.0129,0,0,0,0,0,0,0,0,0,0,0.1091,0,0,0,0,0,0,0,0,0
Samoa,Forest fires,Emissions (N2O),kilotonnes,0.0004,0,0,0,0,0,0,0,0,0,0,0.01,0,0,0,0,0,0,0,0,0
Samoa,Forest fires,Emissions (CO2eq) from CH4 (AR5),kilotonnes,0.3601,0,0,0,0,0,0,0,0,0,0,3.0549,0,0,0,0,0,0,0,0,0
Samoa,Forest fires,Emissions (CO2eq) from N2O (AR5),kilotonnes,0.1002,0,0,0,0,0,0,0,0,0,0,2.6398,0,0,0,0,0,0,0,0,0
Samoa,Forest fires,Emissions (CO2eq) (AR5),kilotonnes,0.4602,0,0,0,0,0,0,0,0,0,0,5.6948,0,0,0,0,0,0,0,0,0
Samoa,Fires in humid tropical forests,Emissions (CH4),kilotonnes,0.0129,0,0,0,0,0,0,0,0,0,0,0.1091,0,0,0,0,0,0,0,0,0
Samoa,Fires in humid tropical forests,Emissions (N2O),kilotonnes,0.0004,0,0,0,0,0,0,0,0,0,0,0.01,0,0,0,0,0,0,0,0,0
Samoa,Fires in humid tropical forests,Emissions (CO2eq) from CH4 (AR5),kilotonnes,0.3601,0,0,0,0,0,0,0,0,0,0,3.0549,0,0,0,0,0,0,0,0,0
Samoa,Fires in humid tropical forests,Emissions (CO2eq) from N2O (AR5),kilotonnes,0.1002,0,0,0,0,0,0,0,0,0,0,2.6398,0,0,0,0,0,0,0,0,0
Samoa,Fires in humid tropical forests,Emissions (CO2eq) (AR5),kilotonnes,0.4602,0,0,0,0,0,0,0,0,0,0,5.6948,0,0,0,0,0,0,0,0,0
Samoa,Waste - agri-food systems,Emissions (CH4),kilotonnes,0.2445,0.2462,0.2473,0.2477,0.2495,0.2512,0.253,0.2533,0.2544,0.2549,0.2576,0.2605,0.2626,0.2647,0.2584,0.26,0.2619,0.2634,0.2647,0.2672,0.2702
Samoa,Waste - agri-food systems,Emissions (N2O),kilotonnes,0.0047,0.0048,0.0049,0.0049,0.0048,0.005,0.0049,0.005,0.0052,0.0052,0.0054,0.0054,0.0059,0.0058,0.0056,0.0057,0.0058,0.0059,0.0059,0.0059,0.006
Samoa,Waste - agri-food systems,Emissions (CO2),kilotonnes,0,0,0,0,0,0,0,0,0,0,0,0,0,0,0,0,0,0,0,0,0
Samoa,Waste - agri-food systems,Emissions (CO2eq) from CH4 (AR5),kilotonnes,6.8468,6.8939,6.9245,6.9348,6.9846,7.033,7.0827,7.0919,7.1229,7.1361,7.2127,7.2932,7.3517,7.4106,7.2354,7.2796,7.3341,7.3765,7.4117,7.4823,7.5655
Samoa,Waste - agri-food systems,Emissions (CO2eq) from N2O (AR5),kilotonnes,1.2487,1.2789,1.2854,1.3092,1.2785,1.328,1.2911,1.3337,1.3733,1.3724,1.4253,1.4394,1.5509,1.5305,1.4948,1.5188,1.5448,1.554,1.5603,1.5703,1.5831
Samoa,Waste - agri-food systems,Emissions (CO2eq) (AR5),kilotonnes,8.0955,8.1728,8.2099,8.2439,8.2631,8.361,8.3738,8.4256,8.4962,8.5084,8.638,8.7326,8.9027,8.9411,8.7302,8.7984,8.8789,8.9305,8.972,9.0526,9.1486
Samoa,On-farm electricity use,Emissions (CH4),kilotonnes,0,0,0,0,0,0,0,0,0,0,0,0,0,0,0,0,0,0,0,0,0
Samoa,On-farm electricity use,Emissions (N2O),kilotonnes,0,0,0,0,0,0,0,0,0,0,0,0,0,0,0,0,0,0,0,0,0
Samoa,On-farm electricity use,Emissions (CO2),kilotonnes,0,0,0,0,0,0,0,0,0,0,0,0,0,0,0,0,0,0,0,0,0
Samoa,On-farm electricity use,Emissions (CO2eq) from CH4 (AR5),kilotonnes,0,0,0,0,0,0,0,0,0,0,0,0,0,0,0,0,0,0,0,0,0
Samoa,On-farm electricity use,Emissions (CO2eq) from N2O (AR5),kilotonnes,0,0,0,0,0,0,0,0,0,0,0,0,0,0,0,0,0,0,0,0,0
Samoa,On-farm electricity use,Emissions (CO2eq) (AR5),kilotonnes,0,0,0,0,0,0,0,0,0,0,0,0,0,0,0,0,0,0,0,0,0
Samoa,Food Processing,Emissions (CH4),kilotonnes,0.005,0.005,0.0053,0.0054,0.0058,0.0063,0.0058,0.0058,0.0056,0.0056,0.0053,0.0057,0.0051,0.0057,0.006,0.0068,0.0069,0.0076,0.0082,0.0079,0.0079
Samoa,Food Processing,Emissions (N2O),kilotonnes,0,0.0001,0,0,0,0,0,0,0.0001,0.0001,0.0002,0.0002,0.0002,0.0002,0.0002,0.0003,0.0002,0.0003,0.0003,0.0003,0.0003
Samoa,Food Processing,Emissions (CO2),kilotonnes,4.0111,4.3255,4.0537,4.4557,4.2376,4.8574,4.6733,4.9037,4.8493,9.8077,11.758,12.445,11.0179,11.3882,13.6693,16.2302,16.5609,15.695,16.9625,22.8611,22.7274
Samoa,Food Processing,Emissions (CO2eq) from CH4 (AR5),kilotonnes,0.14,0.14,0.1484,0.1512,0.1624,0.1764,0.1624,0.1624,0.1568,0.1568,0.1484,0.1596,0.1428,0.1596,0.168,0.1904,0.1932,0.2128,0.2296,0.2212,0.2222
Samoa,Food Processing,Emissions (CO2eq) from N2O (AR5),kilotonnes,0,0.0265,0,0,0,0,0,0,0.0265,0.0265,0.053,0.053,0.053,0.053,0.053,0.0795,0.053,0.0795,0.0795,0.0795,0.0828
Samoa,Food Processing,Emissions (CO2eq) (AR5),kilotonnes,4.1511,4.492,4.2021,4.6069,4.4,5.0338,4.8357,5.0661,5.0326,9.991,11.9594,12.6576,11.2137,11.6008,13.8903,16.5001,16.8071,15.9873,17.2716,23.1618,23.0323
Samoa,Food Packaging,Emissions (CH4),kilotonnes,0.0001,0.0001,0.0001,0.0001,0.0001,0.0001,0.0001,0.0001,0.0001,0.0001,0,0,0.0001,0.0001,0.0001,0.0001,0.0001,0.0001,0.0001,0.0001,0.0001
Samoa,Food Packaging,Emissions (N2O),kilotonnes,0,0,0,0,0,0,0,0,0,0,0,0,0,0,0,0,0,0,0,0,0
Samoa,Food Packaging,Emissions (CO2),kilotonnes,0.2582,0.2548,0.2803,0.2118,0.1967,0.153,0.1646,0.1664,0.1837,0.2011,0.2136,0.2147,0.2305,0.2586,0.3453,0.344,0.39,0.3671,0.4821,0.3108,0.309
Samoa,Food Packaging,Emissions (CO2eq) from CH4 (AR5),kilotonnes,0.0028,0.0028,0.0028,0.0028,0.0028,0.0028,0.0028,0.0028,0.0028,0.0028,0,0,0.0028,0.0028,0.0028,0.0028,0.0028,0.0028,0.0028,0.0028,0.0028
Samoa,Food Packaging,Emissions (CO2eq) from N2O (AR5),kilotonnes,0,0,0,0,0,0,0,0,0,0,0,0,0,0,0,0,0,0,0,0,0
Samoa,Food Packaging,Emissions (CO2eq) (AR5),kilotonnes,0.261,0.2576,0.2831,0.2146,0.1995,0.1558,0.1674,0.1692,0.1865,0.2039,0.2136,0.2147,0.2333,0.2614,0.3481,0.3468,0.3928,0.3699,0.4849,0.3136,0.3118
Samoa,Food Retail,Emissions (CH4),kilotonnes,0.0081,0.0089,0.0097,0.0102,0.0099,0.0109,0.0112,0.0107,0.0102,0.01,0.0098,0.0104,0.0109,0.0114,0.0129,0.0135,0.015,0.0159,0.0162,0.0153,0.0154
Samoa,Food Retail,Emissions (N2O),kilotonnes,0,0,0.0001,0.0001,0.0001,0.0001,0.0001,0.0001,0.0001,0.0001,0.0001,0.0001,0.0001,0.0001,0.0001,0.0001,0.0001,0.0001,0.0001,0.0001,0.0001
Samoa,Food Retail,Emissions (CO2),kilotonnes,3.4613,3.8504,4.2996,4.5515,4.4212,5.0298,5.1903,5.0929,4.6798,4.3937,4.3251,4.5888,4.9266,5.1746,6.0111,6.9266,7.9582,8.3824,8.5252,7.557,7.5128
Samoa,Food Retail,Emissions (CO2eq) from CH4 (AR5),kilotonnes,0.2268,0.2492,0.2716,0.2856,0.2772,0.3052,0.3136,0.2996,0.2856,0.28,0.2744,0.2912,0.3052,0.3192,0.3612,0.378,0.42,0.4452,0.4536,0.4284,0.4303
Samoa,Food Retail,Emissions (CO2eq) from N2O (AR5),kilotonnes,0,0,0.0265,0.0265,0.0265,0.0265,0.0265,0.0265,0.0265,0.0265,0.0265,0.0265,0.0265,0.0265,0.0265,0.0265,0.0265,0.0265,0.0265,0.0265,0.0276
Samoa,Food Retail,Emissions (CO2eq) (AR5),kilotonnes,3.6881,4.0996,4.5977,4.8636,4.7249,5.3615,5.5304,5.419,4.9919,4.7002,4.626,4.9065,5.2583,5.5203,6.3988,7.3311,8.4047,8.8541,9.0053,8.0119,7.9707
Samoa,Food Household Consumption,Emissions (CH4),kilotonnes,0.0034,0.0037,0.0034,0.0035,0.0034,0.0042,0.004,0.004,0.0043,0.004,0.004,0.0041,0.0041,0.0043,0.0047,0.0051,0.0065,0.0064,0.0061,0.0061,0.0061
Samoa,Food Household Consumption,Emissions (N2O),kilotonnes,0,0,0,0,0,0,0,0,0,0,0,0,0,0,0,0,0,0,0,0,0
Samoa,Food Household Consumption,Emissions (CO2),kilotonnes,1.7762,2.059,2.0102,2.0841,2.0054,2.4038,2.3049,2.3352,2.232,1.9397,2.1361,2.1175,2.2199,2.343,2.5614,3.155,3.8132,3.809,3.7166,3.7179,3.6962
Samoa,Food Household Consumption,Emissions (CO2eq) from CH4 (AR5),kilotonnes,0.0952,0.1036,0.0952,0.098,0.0952,0.1176,0.112,0.112,0.1204,0.112,0.112,0.1148,0.1148,0.1204,0.1316,0.1428,0.182,0.1792,0.1708,0.1708,0.1715
Samoa,Food Household Consumption,Emissions (CO2eq) from N2O (AR5),kilotonnes,0,0,0,0,0,0,0,0,0,0,0,0,0,0,0,0,0,0,0,0,0
Samoa,Food Household Consumption,Emissions (CO2eq) (AR5),kilotonnes,1.8714,2.1626,2.1054,2.1821,2.1006,2.5214,2.4169,2.4472,2.3524,2.0517,2.2481,2.2323,2.3347,2.4634,2.693,3.2978,3.9952,3.9882,3.8874,3.8887,3.8677
Samoa,Food Transport,Emissions (CH4),kilotonnes,0.0005,0.0005,0.0004,0.0004,0.0003,0.0003,0.0003,0.0003,0.0005,0.0006,0.0007,0.001,0.0008,0.0008,0.0007,0.001,0.0008,0.001,0.001,0.0007,0.0007
Samoa,Food Transport,Emissions (N2O),kilotonnes,0.0002,0.0002,0.0002,0.0002,0.0002,0.0002,0.0002,0.0002,0.0003,0.0003,0.0003,0.0005,0.0004,0.0004,0.0004,0.0005,0.0004,0.0005,0.0005,0.0005,0.0005
Samoa,Food Transport,Emissions (CO2),kilotonnes,4.0273,4.0037,3.8551,4.1429,4.0818,4.5217,4.9044,4.0713,6.0267,7.4459,9.0838,14.6296,13.6493,12.1594,11.6321,17.6704,14.553,17.8968,18.359,15.3028,15.2133
Samoa,Food Transport,Emissions (CO2eq) from CH4 (AR5),kilotonnes,0.014,0.014,0.0112,0.0112,0.0084,0.0084,0.0084,0.0084,0.014,0.0168,0.0196,0.028,0.0224,0.0224,0.0196,0.028,0.0224,0.028,0.028,0.0196,0.0197
Samoa,Food Transport,Emissions (CO2eq) from N2O (AR5),kilotonnes,0.053,0.053,0.053,0.053,0.053,0.053,0.053,0.053,0.0795,0.0795,0.0795,0.1325,0.106,0.106,0.106,0.1325,0.106,0.1325,0.1325,0.1325,0.1379
Samoa,Food Transport,Emissions (CO2eq) (AR5),kilotonnes,4.0943,4.0707,3.9193,4.2071,4.1432,4.5831,4.9658,4.1327,6.1202,7.5422,9.1829,14.7901,13.7777,12.2878,11.7577,17.8309,14.6814,18.0573,18.5195,15.4549,15.3709
Samoa,Energy,Emissions (CH4),kilotonnes,0.216,0.216,0.219,0.219,0.218,0.218,0.217,0.217,0.216,0.219,0.219,0.229,0.228,0.222,0.218,0.227,0.223,0.231,0.232,0.23,0.231
Samoa,Energy,Emissions (N2O),kilotonnes,0.0052,0.0054,0.0053,0.0054,0.0053,0.0055,0.0054,0.0053,0.0059,0.0063,0.0064,0.0106,0.0094,0.0094,0.0083,0.011,0.0098,0.0115,0.0118,0.0122,0.0127
Samoa,Energy,Emissions (CO2),kilotonnes,143,147,147,154,150,161,165,172,180,187,187,202,198,198,209,235,246,296,313,342,340
Samoa,Energy,Emissions (CO2eq) from CH4 (AR5),kilotonnes,6.048,6.048,6.132,6.132,6.104,6.104,6.076,6.076,6.048,6.132,6.132,6.412,6.384,6.216,6.104,6.356,6.244,6.468,6.496,6.44,6.468
Samoa,Energy,Emissions (CO2eq) from N2O (AR5),kilotonnes,1.386,1.4416,1.4045,1.4363,1.4019,1.4575,1.4389,1.3992,1.5715,1.6563,1.7013,2.809,2.4989,2.4884,2.1995,2.915,2.5997,3.0475,3.127,3.233,3.3655
Samoa,Energy,Emissions (CO2eq) (AR5),kilotonnes,150.434,154.4896,154.5365,161.5683,157.5059,168.5615,172.5149,179.4752,187.6195,194.7883,194.8333,211.221,206.8829,206.7044,217.3035,244.271,254.8436,305.5155,322.623,351.673,349.8335
Samoa,IPPU,Emissions (N2O),kilotonnes,0.0036,0.0036,0.0036,0.0036,0.0036,0.0037,0.0037,0.0037,0.0037,0.0038,0.0038,0.0038,0.0039,0.0039,0.0039,0.0039,0.004,0.004,0.004,0.0041,0.0041
Samoa,IPPU,Emissions (CO2),kilotonnes,1.4,1.36,1.33,1.35,1.4,1.43,1.46,1.45,1.43,1.41,1.39,1.4,1.42,1.42,1.43,1.59,1.66,1.88,1.97,1.75,1.78
Samoa,IPPU,Emissions (CO2eq) from N2O (AR5),kilotonnes,0.9408,0.9461,0.9514,0.9593,0.9646,0.9699,0.9779,0.9832,0.9911,0.9964,1.0044,1.0123,1.0203,1.0282,1.0362,1.0441,1.052,1.06,1.0653,1.0733,1.0812
Samoa,IPPU,Emissions (CO2eq) (AR5),kilotonnes,2.3407,2.306,2.2813,2.3093,2.3646,2.3999,2.4379,2.4331,2.4211,2.4064,2.3944,2.4123,2.4402,2.4482,2.4661,2.6341,2.712,2.94,3.0353,2.8232,2.8612
Samoa,Waste,Emissions (CH4),kilotonnes,1.32,1.33,1.34,1.35,1.35,1.36,1.37,1.37,1.38,1.38,1.39,1.4,1.4,1.41,1.42,1.43,1.44,1.45,1.45,1.46,1.47
Samoa,Waste,Emissions (N2O),kilotonnes,0.0084,0.0084,0.0085,0.0087,0.0087,0.0087,0.0087,0.0088,0.0089,0.0091,0.0094,0.0095,0.0099,0.0101,0.0103,0.0103,0.0103,0.0105,0.0106,0.0109,0.011
Samoa,Waste,Emissions (CO2eq) from CH4 (AR5),kilotonnes,36.96,37.24,37.52,37.8,37.8,38.08,38.36,38.36,38.64,38.64,38.92,39.2,39.2,39.48,39.76,40.04,40.32,40.6,40.6,40.88,41.16
Samoa,Waste,Emissions (CO2eq) from N2O (AR5),kilotonnes,2.2287,2.2392,2.2525,2.2976,2.2923,2.3161,2.3028,2.3373,2.3638,2.4194,2.4831,2.5201,2.6262,2.6765,2.7295,2.7295,2.7295,2.7825,2.809,2.8885,2.915
Samoa,Waste,Emissions (CO2eq) (AR5),kilotonnes,39.1887,39.4793,39.7725,40.0976,40.0923,40.3961,40.6628,40.6973,41.0038,41.0594,41.403,41.7201,41.8261,42.1565,42.4895,42.7695,43.0495,43.3825,43.409,43.7685,44.075
Samoa,Other,Emissions (N2O),kilotonnes,0.0068,0.0077,0.0082,0.0086,0.0086,0.0089,0.0084,0.0082,0.0077,0.0074,0.0075,0.0082,0.0078,0.008,0.0086,0.0116,0.0106,0.0127,0.0131,0.0115,0.0118
Samoa,Other,Emissions (CO2eq) from N2O (AR5),kilotonnes,1.802,2.0405,2.173,2.2896,2.2737,2.3664,2.234,2.1783,2.0299,1.969,1.9822,2.1624,2.0697,2.1147,2.2684,3.074,2.809,3.3655,3.4715,3.0475,3.127
Samoa,Other,Emissions (CO2eq) (AR5),kilotonnes,1.802,2.0405,2.173,2.2896,2.2737,2.3664,2.234,2.1783,2.0299,1.969,1.9822,2.1624,2.0697,2.1147,2.2684,3.074,2.809,3.3655,3.4715,3.0475,3.127
Samoa,Farm-gate emissions,Emissions (CH4),kilotonnes,4.5155,4.9723,4.9732,5.0369,5.1007,5.1012,5.1007,4.8351,4.7367,4.9293,5.3772,5.6239,5.772,5.8755,5.8941,6.2955,5.6498,5.31,5.5062,3.9993,4.8199
Samoa,Farm-gate emissions,Direct emissions (N2O),kilotonnes,0.0716,0.0747,0.075,0.0769,0.0788,0.0789,0.0785,0.0768,0.0762,0.0888,0.096,0.1026,0.1065,0.1091,0.1099,0.1226,0.1082,0.1033,0.1133,0.0825,0.1012
Samoa,Farm-gate emissions,Indirect emissions (N2O),kilotonnes,0.0201,0.0214,0.0215,0.022,0.0224,0.0224,0.0223,0.0216,0.0213,0.0234,0.0255,0.027,0.0278,0.0285,0.0286,0.0313,0.028,0.0265,0.0284,0.0209,0.0253
Samoa,Farm-gate emissions,Emissions (N2O),kilotonnes,0.1191,0.1275,0.1283,0.1306,0.1334,0.1336,0.1327,0.1284,0.1266,0.1397,0.1524,0.1611,0.1664,0.17,0.1705,0.1869,0.1662,0.1578,0.1693,0.1236,0.1503
Samoa,Farm-gate emissions,Emissions (CO2),kilotonnes,2.8997,3.2877,3.9044,3.5806,3.9341,4.014,3.8769,4.1757,3.756,3.8726,4.3197,3.678,3.6852,4.367,3.5376,3.9223,2.4058,2.861,2.8998,2.7722,2.7722
Samoa,Farm-gate emissions,Emissions (CO2eq) from CH4 (AR5),kilotonnes,126.4345,139.2244,139.2482,141.0327,142.8208,142.834,142.8198,135.3826,132.6276,138.0211,150.5603,157.4687,161.6165,164.5147,165.0338,176.2732,158.1938,148.6801,154.1745,111.9796,134.9565
Samoa,Farm-gate emissions,Emissions (CO2eq) from N2O (AR5),kilotonnes,31.561,33.7978,33.9998,34.6195,35.3535,35.4108,35.1631,34.0308,33.5446,37.014,40.3861,42.7003,44.1006,45.0455,45.1739,49.5214,44.0478,41.8286,44.8597,32.7618,39.8297
Samoa,Farm-gate emissions,Emissions (CO2eq) (AR5),kilotonnes,160.8951,176.3099,177.1524,179.2327,182.1084,182.2588,181.8597,173.5891,169.9282,178.9078,195.2661,203.847,209.4024,213.9273,213.7453,229.7169,204.6474,193.3697,201.934,147.5137,177.5584
Samoa,Land Use change,Emissions (CH4),kilotonnes,0.0129,0,0,0,0,0,0,0,0,0,0,0.1091,0,0,0,0,0,0,0,0,0
Samoa,Land Use change,Emissions (N2O),kilotonnes,0.0004,0,0,0,0,0,0,0,0,0,0,0.01,0,0,0,0,0,0,0,0,0
Samoa,Land Use change,Emissions (CO2),kilotonnes,104.8736,104.8029,104.8029,104.8029,104.8029,104.8029,104.8029,104.8029,104.8029,104.8029,104.8029,105.1845,105.1845,105.1845,105.1845,105.1845,104.2624,104.2624,104.2624,104.2624,104.2624
Samoa,Land Use change,Emissions (CO2eq) from CH4 (AR5),kilotonnes,0.3601,0,0,0,0,0,0,0,0,0,0,3.0549,0,0,0,0,0,0,0,0,0
Samoa,Land Use change,Emissions (CO2eq) from N2O (AR5),kilotonnes,0.1002,0,0,0,0,0,0,0,0,0,0,2.6398,0,0,0,0,0,0,0,0,0
Samoa,Land Use change,Emissions (CO2eq) (AR5),kilotonnes,105.3338,104.8029,104.8029,104.8029,104.8029,104.8029,104.8029,104.8029,104.8029,104.8029,104.8029,110.8792,105.1845,105.1845,105.1845,105.1845,104.2624,104.2624,104.2624,104.2624,104.2624
Samoa,Emissions on agricultural land,Emissions (CH4),kilotonnes,4.5284,4.9723,4.9732,5.0369,5.1007,5.1012,5.1007,4.8351,4.7367,4.9293,5.3772,5.733,5.772,5.8755,5.8941,6.2955,5.6498,5.31,5.5062,3.9993,4.8199
Samoa,Emissions on agricultural land,Emissions (N2O),kilotonnes,0.1195,0.1275,0.1283,0.1306,0.1334,0.1336,0.1327,0.1284,0.1266,0.1397,0.1524,0.1711,0.1664,0.17,0.1705,0.1869,0.1662,0.1578,0.1693,0.1236,0.1503
Samoa,Emissions on agricultural land,Emissions (CO2),kilotonnes,107.7733,108.0906,108.7073,108.3834,108.737,108.8168,108.6797,108.9785,108.5589,108.6755,109.1225,108.8625,108.8697,109.5515,108.7221,109.1068,106.6682,107.1234,107.1622,107.0346,107.0346
Samoa,Emissions on agricultural land,Emissions (CO2eq) from CH4 (AR5),kilotonnes,126.7945,139.2244,139.2482,141.0327,142.8208,142.834,142.8198,135.3826,132.6276,138.0211,150.5603,160.5236,161.6165,164.5147,165.0338,176.2732,158.1938,148.6801,154.1745,111.9796,134.9565
Samoa,Emissions on agricultural land,Emissions (CO2eq) from N2O (AR5),kilotonnes,31.6611,33.7978,33.9998,34.6195,35.3535,35.4108,35.1631,34.0308,33.5446,37.014,40.3861,45.3401,44.1006,45.0455,45.1739,49.5214,44.0478,41.8286,44.8597,32.7618,39.8297
Samoa,Emissions on agricultural land,Emissions (CO2eq) (AR5),kilotonnes,266.2289,281.1128,281.9552,284.0356,286.9113,287.0616,286.6626,278.3919,274.7311,283.7106,300.0689,314.7263,314.5869,319.1118,318.9298,334.9014,308.9098,297.6321,306.1964,251.7761,281.8208
Samoa,Pre- and post- production,Emissions (CH4),kilotonnes,0.2616,0.2644,0.2662,0.2673,0.269,0.273,0.2744,0.2742,0.2751,0.2752,0.2774,0.2817,0.2836,0.287,0.2828,0.2865,0.2912,0.2944,0.2963,0.2973,0.3004
Samoa,Pre- and post- production,Emissions (N2O),kilotonnes,0.0049,0.0051,0.0052,0.0052,0.0051,0.0053,0.0052,0.0053,0.0057,0.0057,0.006,0.0062,0.0066,0.0065,0.0063,0.0066,0.0065,0.0068,0.0068,0.0068,0.0069
Samoa,Pre- and post- production,Emissions (CO2),kilotonnes,13.5341,14.4934,14.4989,15.446,14.9427,16.9657,17.2375,16.5695,17.9715,23.7881,27.5166,33.9956,32.0442,31.3238,34.2192,44.3262,43.2753,46.1503,48.0454,49.7496,49.4587
Samoa,Pre- and post- production,Emissions (CO2eq) from CH4 (AR5),kilotonnes,7.3256,7.4035,7.4537,7.4836,7.5306,7.6434,7.6819,7.6771,7.7025,7.7045,7.7671,7.8868,7.9397,8.035,7.9186,8.0216,8.1545,8.2445,8.2965,8.3251,8.412
Samoa,Pre- and post- production,Emissions (CO2eq) from N2O (AR5),kilotonnes,1.3017,1.3584,1.3649,1.3887,1.358,1.4075,1.3706,1.4132,1.5058,1.5049,1.5843,1.6514,1.7364,1.716,1.6803,1.7573,1.7303,1.7925,1.7988,1.8088,1.8313
Samoa,Pre- and post- production,Emissions (CO2eq) (AR5),kilotonnes,22.1614,23.2553,23.3175,24.3182,23.8313,26.0166,26.29,25.6598,27.1798,32.9974,36.868,43.5338,41.7204,41.0748,43.8181,54.1051,53.1601,56.1873,58.1407,59.8835,59.702
Samoa,Agri-food systems,Emissions (CH4),kilotonnes,4.79,5.2367,5.2394,5.3042,5.3697,5.3742,5.3751,5.1093,5.0118,5.2045,5.6546,6.0147,6.0556,6.1625,6.1769,6.582,5.941,5.6044,5.8025,4.2966,5.1203
Samoa,Agri-food systems,Emissions (N2O),kilotonnes,0.1244,0.1327,0.1335,0.1359,0.1385,0.1389,0.1379,0.1338,0.1323,0.1454,0.1584,0.1773,0.173,0.1765,0.1768,0.1935,0.1727,0.1646,0.1761,0.1305,0.1572
Samoa,Agri-food systems,Emissions (CO2),kilotonnes,121.3074,122.584,123.2062,123.8294,123.6797,125.7825,125.9172,125.548,126.5304,132.4636,136.6391,142.8581,140.9139,140.8753,142.9413,153.433,149.9435,153.2737,155.2076,156.7842,156.4933
Samoa,Agri-food systems,Emissions (CO2eq) from CH4 (AR5),kilotonnes,134.1201,146.628,146.7019,148.5162,150.3514,150.4774,150.5017,143.0597,140.3301,145.7255,158.3274,168.4104,169.5563,172.5497,172.9524,184.2948,166.3483,156.9245,162.4709,120.3048,143.3685
Samoa,Agri-food systems,Emissions (CO2eq) from N2O (AR5),kilotonnes,32.9628,35.1561,35.3647,36.0081,36.7114,36.8183,36.5337,35.444,35.0504,38.5189,41.9704,46.9915,45.8371,46.7615,46.8542,51.2787,45.7782,43.6211,46.6585,34.5706,41.661
Samoa,Agri-food systems,Emissions (CO2eq) (AR5),kilotonnes,288.3904,304.3681,305.2728,308.3538,310.7426,313.0782,312.9526,304.0517,301.9109,316.7081,336.9369,358.26,356.3073,360.1865,362.7479,389.0065,362.07,353.8194,364.337,311.6596,341.5228
Samoa,IPCC Agriculture,Emissions (CH4),kilotonnes,4.515,4.9718,4.9726,5.0364,5.1002,5.1007,5.1002,4.8345,4.7362,4.9288,5.3766,5.6233,5.7715,5.8736,5.8924,6.2936,5.6494,5.3095,5.5057,3.999,4.8196
Samoa,IPCC Agriculture,Emissions (CH4),kilotonnes,,,,,,,,,,,,,,,,,,,,,
Samoa,IPCC Agriculture,Direct emissions (N2O),kilotonnes,0.0716,0.0747,0.075,0.0769,0.0788,0.0789,0.0785,0.0768,0.0762,0.0888,0.096,0.1026,0.1065,0.1091,0.1099,0.1226,0.1082,0.1033,0.1133,0.0825,0.1012
Samoa,IPCC Agriculture,Indirect emissions (N2O),kilotonnes,0.0201,0.0214,0.0215,0.022,0.0224,0.0224,0.0223,0.0216,0.0213,0.0234,0.0255,0.027,0.0278,0.0285,0.0286,0.0313,0.028,0.0265,0.0284,0.0209,0.0253
Samoa,IPCC Agriculture,Emissions (N2O),kilotonnes,0.1181,0.1264,0.1269,0.1294,0.132,0.1322,0.1313,0.1269,0.1252,0.1383,0.1509,0.1598,0.1651,0.1689,0.1696,0.186,0.1655,0.157,0.1684,0.1228,0.1494
Samoa,IPCC Agriculture,Emissions (N2O),kilotonnes,,,,,,,,,,,,,,,,,,,,,
Samoa,IPCC Agriculture,Emissions (CO2eq) from CH4 (AR5),kilotonnes,126.4212,139.2106,139.2336,141.0181,142.8059,142.8188,142.805,135.3671,132.6136,138.0059,150.5439,157.4535,161.6013,164.4606,164.9872,176.2218,158.1826,148.6659,154.1602,111.9719,134.9487
Samoa,IPCC Agriculture,Emissions (CO2eq) from CH4 (AR5),kilotonnes,,,,,,,,,,,,,,,,,,,,,
Samoa,IPCC Agriculture,Emissions (CO2eq) from N2O (AR5),kilotonnes,31.2929,33.49,33.6288,34.2835,34.9807,35.0309,34.7973,33.6377,33.1891,36.648,39.9793,42.3581,43.7576,44.7502,44.9474,49.2814,43.853,41.5979,44.6291,32.5304,39.5982
Samoa,IPCC Agriculture,Emissions (CO2eq) from N2O (AR5),kilotonnes,,,,,,,,,,,,,,,,,,,,,
Samoa,IPCC Agriculture,Emissions (CO2eq) (AR5),kilotonnes,157.7141,172.7006,172.8624,175.3016,177.7866,177.8497,177.6024,169.0048,165.8027,174.6539,190.5232,199.8116,205.3589,209.2107,209.9346,225.5032,202.0356,190.2639,198.7893,144.5023,174.547
Samoa,IPCC Agriculture,Emissions (CO2eq) (AR5),kilotonnes,,,,,,,,,,,,,,,,,,,,,
Samoa,Agricultural Soils,Direct emissions (N2O),kilotonnes,0.0716,0.0747,0.075,0.0769,0.0788,0.0789,0.0785,0.0768,0.0762,0.0888,0.096,0.1026,0.1065,0.1091,0.1099,0.1226,0.1082,0.1033,0.1133,0.0825,0.1012
Samoa,Agricultural Soils,Indirect emissions (N2O),kilotonnes,0.0201,0.0214,0.0215,0.022,0.0224,0.0224,0.0223,0.0216,0.0213,0.0234,0.0255,0.027,0.0278,0.0285,0.0286,0.0313,0.028,0.0265,0.0284,0.0209,0.0253
Samoa,Agricultural Soils,Emissions (N2O),kilotonnes,0.0916,0.0962,0.0966,0.0988,0.1013,0.1014,0.1007,0.0984,0.0975,0.1121,0.1215,0.1296,0.1343,0.1376,0.1385,0.1539,0.1362,0.1299,0.1417,0.1034,0.1265
Samoa,Agricultural Soils,Emissions (N2O),kilotonnes,,,,,,,,,,,,,,,,,,,,,
Samoa,Agricultural Soils,Emissions (CO2eq) from N2O (AR5),kilotonnes,24.2806,25.483,25.5927,26.1933,26.8314,26.8664,26.689,26.0793,25.8372,29.7125,32.2032,34.3455,35.5919,36.4684,36.714,40.7891,36.0948,34.4204,37.5606,27.4004,33.5241
Samoa,Agricultural Soils,Emissions (CO2eq) from N2O (AR5),kilotonnes,,,,,,,,,,,,,,,,,,,,,
Samoa,Agricultural Soils,Emissions (CO2eq) (AR5),kilotonnes,24.2806,25.483,25.5927,26.1933,26.8314,26.8664,26.689,26.0793,25.8372,29.7125,32.2032,34.3455,35.5919,36.4684,36.714,40.7891,36.0948,34.4204,37.5606,27.4004,33.5241
Samoa,Agricultural Soils,Emissions (CO2eq) (AR5),kilotonnes,,,,,,,,,,,,,,,,,,,,,
Samoa,LULUCF,Emissions (CH4),kilotonnes,0.0129,0,0,0,0,0,0,0,0,0,0,0.1091,0,0,0,0,0,0,0,0,0
Samoa,LULUCF,Emissions (N2O),kilotonnes,0.0004,0,0,0,0,0,0,0,0,0,0,0.01,0,0,0,0,0,0,0,0,0
Samoa,LULUCF,Emissions (CO2),kilotonnes,107.3861,106.6343,106.6343,106.6343,106.6343,106.6343,106.6343,106.6343,106.6343,106.6343,106.6343,108.794,108.794,108.794,108.794,108.794,106.6336,106.6336,106.6336,106.6336,106.6336
Samoa,LULUCF,Emissions (CO2),kilotonnes,,,,,,,,,,,,,,,,,,,,,
Samoa,LULUCF,Emissions (CO2eq) from CH4 (AR5),kilotonnes,0.3601,0,0,0,0,0,0,0,0,0,0,3.0549,0,0,0,0,0,0,0,0,0
Samoa,LULUCF,Emissions (CO2eq) from N2O (AR5),kilotonnes,0.1002,0,0,0,0,0,0,0,0,0,0,2.6398,0,0,0,0,0,0,0,0,0
Samoa,LULUCF,Emissions (CO2eq) (AR5),kilotonnes,107.8463,106.6343,106.6343,106.6343,106.6343,106.6343,106.6343,106.6343,106.6343,106.6343,106.6343,114.4888,108.794,108.794,108.794,108.794,106.6336,106.6336,106.6336,106.6336,106.6336
Samoa,LULUCF,Emissions (CO2eq) (AR5),kilotonnes,,,,,,,,,,,,,,,,,,,,,
Samoa,AFOLU,Emissions (CH4),kilotonnes,4.5279,4.9718,4.9726,5.0364,5.1002,5.1007,5.1002,4.8345,4.7362,4.9288,5.3766,5.7324,5.7715,5.8736,5.8924,6.2936,5.6494,5.3095,5.5057,3.999,4.8196
Samoa,AFOLU,Emissions (N2O),kilotonnes,0.1185,0.1264,0.1269,0.1294,0.132,0.1322,0.1313,0.1269,0.1252,0.1383,0.1509,0.1698,0.1651,0.1689,0.1696,0.186,0.1655,0.157,0.1684,0.1228,0.1494
Samoa,AFOLU,Emissions (CO2),kilotonnes,107.3861,106.6343,106.6343,106.6343,106.6343,106.6343,106.6343,106.6343,106.6343,106.6343,106.6343,108.794,108.794,108.794,108.794,108.794,106.6336,106.6336,106.6336,106.6336,106.6336
Samoa,AFOLU,Emissions (CO2eq) from CH4 (AR5),kilotonnes,126.7813,139.2106,139.2336,141.0181,142.8059,142.8188,142.805,135.3671,132.6136,138.0059,150.5439,160.5084,161.6013,164.4606,164.9872,176.2218,158.1826,148.6659,154.1602,111.9719,134.9487
Samoa,AFOLU,Emissions (CO2eq) from N2O (AR5),kilotonnes,31.3931,33.49,33.6288,34.2835,34.9807,35.0309,34.7973,33.6377,33.1891,36.648,39.9793,44.9979,43.7576,44.7502,44.9474,49.2814,43.853,41.5979,44.6291,32.5304,39.5982
Samoa,AFOLU,Emissions (CO2eq) (AR5),kilotonnes,265.5604,279.3349,279.4966,281.9358,284.4208,284.484,284.2366,275.639,272.437,281.2882,297.1574,314.3004,314.153,318.0048,318.7286,334.2973,308.6691,296.8974,305.4229,251.1358,281.1805
Samoa,All sectors with LULUCF,Emissions (CH4),kilotonnes,6.0639,6.5178,6.5316,6.6054,6.6682,6.6787,6.6872,6.4215,6.3322,6.5278,6.9856,7.3614,7.3995,7.5056,7.5304,7.9506,7.3124,6.9905,7.1877,5.689,6.5206
Samoa,All sectors with LULUCF,Emissions (N2O),kilotonnes,0.1425,0.1515,0.1525,0.1557,0.1582,0.159,0.1576,0.153,0.1515,0.1649,0.1779,0.2019,0.1961,0.2002,0.2007,0.2228,0.2002,0.1957,0.2079,0.1614,0.189
Samoa,All sectors with LULUCF,Emissions (CO2),kilotonnes,251.7861,254.9943,254.9643,261.9843,258.0343,269.0643,273.0943,280.0843,288.0643,295.0443,295.0243,312.194,308.214,308.214,319.224,345.384,354.2936,404.5136,421.6036,450.3836,448.4136
Samoa,All sectors with LULUCF,Emissions (CO2eq) from CH4 (AR5),kilotonnes,169.7893,182.4986,182.8856,184.9501,186.7099,187.0028,187.241,179.8031,177.3016,182.7779,195.5959,206.1204,207.1853,210.1566,210.8512,222.6178,204.7466,195.7339,201.2562,159.2919,182.5767
Samoa,All sectors with LULUCF,Emissions (CO2eq) from N2O (AR5),kilotonnes,37.7504,40.1574,40.4101,41.2662,41.9131,42.1409,41.7509,40.5356,40.1454,43.689,47.1502,53.5018,51.9726,53.0579,53.1809,59.044,53.0432,51.8534,55.1019,42.7727,50.0869
Samoa,All sectors with LULUCF,Emissions (CO2eq) (AR5),kilotonnes,459.3258,477.6503,478.26,488.2006,486.6572,498.2079,502.0862,500.423,505.5112,521.5112,537.7703,571.8162,567.372,571.4285,583.2562,627.0459,612.0833,652.1009,677.9617,652.4481,681.0772
Samoa,All sectors without LULUCF,Emissions (CH4),kilotonnes,6.051,6.5178,6.5316,6.6054,6.6682,6.6787,6.6872,6.4215,6.3322,6.5278,6.9856,7.2523,7.3995,7.5056,7.5304,7.9506,7.3124,6.9905,7.1877,5.689,6.5206
Samoa,All sectors without LULUCF,Emissions (N2O),kilotonnes,0.1421,0.1515,0.1525,0.1557,0.1582,0.159,0.1576,0.153,0.1515,0.1649,0.1779,0.1919,0.1961,0.2002,0.2007,0.2228,0.2002,0.1957,0.2079,0.1614,0.189
Samoa,All sectors without LULUCF,Emissions (CO2),kilotonnes,144.4,148.36,148.33,155.35,151.4,162.43,166.46,173.45,181.43,188.41,188.39,203.4,199.42,199.42,210.43,236.59,247.66,297.88,314.97,343.75,341.78
Samoa,All sectors without LULUCF,Emissions (CO2eq) from CH4 (AR5),kilotonnes,169.4292,182.4986,182.8856,184.9501,186.7099,187.0028,187.241,179.8031,177.3016,182.7779,195.5959,203.0655,207.1853,210.1566,210.8512,222.6178,204.7466,195.7339,201.2562,159.2919,182.5767
Samoa,All sectors without LULUCF,Emissions (CO2eq) from N2O (AR5),kilotonnes,37.6502,40.1574,40.4101,41.2662,41.9131,42.1409,41.7509,40.5356,40.1454,43.689,47.1502,50.8619,51.9726,53.0579,53.1809,59.044,53.0432,51.8534,55.1019,42.7727,50.0869
Samoa,All sectors without LULUCF,Emissions (CO2eq) (AR5),kilotonnes,351.4795,371.016,371.6257,381.5663,380.023,391.5737,395.452,393.7887,398.8769,414.877,431.1361,457.3274,458.5779,462.6345,474.4622,518.2518,505.4498,545.4674,571.3281,545.8145,574.4437
San Marino,Enteric Fermentation,Emissions (CH4),kilotonnes,,,,,,,,0.094,,,0.071,,,,,,,,,,
San Marino,Enteric Fermentation,Emissions (CO2eq) from CH4 (AR5),kilotonnes,,,,,,,,2.632,,,1.988,,,,,,,,,,
San Marino,Enteric Fermentation,Emissions (CO2eq) (AR5),kilotonnes,,,,,,,,2.632,,,1.988,,,,,,,,,,
San Marino,Manure Management,Emissions (CH4),kilotonnes,,,,,,,,0.041,,,0.03,,,,,,,,,,
San Marino,Manure Management,Emissions (N2O),kilotonnes,,,,,,,,0.001,,,0.0009,,,,,,,,,,
San Marino,Manure Management,Emissions (CO2eq) from CH4 (AR5),kilotonnes,,,,,,,,1.148,,,0.84,,,,,,,,,,
San Marino,Manure Management,Emissions (CO2eq) from N2O (AR5),kilotonnes,,,,,,,,0.265,,,0.2385,,,,,,,,,,
San Marino,Manure Management,Emissions (CO2eq) (AR5),kilotonnes,,,,,,,,1.413,,,1.0785,,,,,,,,,,
San Marino,Drained organic soils,Emissions (CO2eq) (AR5),kilotonnes,0,0,0,0,0,0,0,0,0,0,0,0,0,0,0,0,0,0,0,0,0
San Marino,Drained organic soils (CO2),Emissions (CO2),kilotonnes,0,0,0,0,0,0,0,0,0,0,0,0,0,0,0,0,0,0,0,0,0
San Marino,Drained organic soils (CO2),Emissions (CO2eq) (AR5),kilotonnes,0,0,0,0,0,0,0,0,0,0,0,0,0,0,0,0,0,0,0,0,0
San Marino,Drained organic soils (N2O),Emissions (N2O),kilotonnes,0,0,0,0,0,0,0,0,0,0,0,0,0,0,0,0,0,0,0,0,0
San Marino,Drained organic soils (N2O),Emissions (CO2eq) from N2O (AR5),kilotonnes,0,0,0,0,0,0,0,0,0,0,0,0,0,0,0,0,0,0,0,0,0
San Marino,Drained organic soils (N2O),Emissions (CO2eq) (AR5),kilotonnes,0,0,0,0,0,0,0,0,0,0,0,0,0,0,0,0,0,0,0,0,0
San Marino,Forestland,Emissions (CO2),kilotonnes,-2.2953,-2.1523,-2.1523,-2.1523,-2.1523,-2.1523,-2.1523,-2.1523,-2.1523,-2.1523,-2.1523,-2.0167,-2.0167,-2.0167,-2.0167,-2.0167,0,0,0,0,0
San Marino,Forestland,Emissions (CO2eq) (AR5),kilotonnes,-2.2953,-2.1523,-2.1523,-2.1523,-2.1523,-2.1523,-2.1523,-2.1523,-2.1523,-2.1523,-2.1523,-2.0167,-2.0167,-2.0167,-2.0167,-2.0167,0,0,0,0,0
San Marino,Net Forest conversion,Emissions (CO2),kilotonnes,0,0,0,0,0,0,0,0,0,0,0,0,0,0,0,0,0,0,0,0,0
San Marino,Net Forest conversion,Emissions (CO2eq) (AR5),kilotonnes,0,0,0,0,0,0,0,0,0,0,0,0,0,0,0,0,0,0,0,0,0
San Marino,Savanna fires,Emissions (CH4),kilotonnes,0,0,0,0,0,0,0,0,0,0,0,0,0,0,0,0,0,0,0,0,0
San Marino,Savanna fires,Emissions (N2O),kilotonnes,0,0,0,0,0,0,0,0,0,0,0,0,0,0,0,0,0,0,0,0,0
San Marino,Savanna fires,Emissions (CO2eq) from CH4 (AR5),kilotonnes,0,0,0,0,0,0,0,0,0,0,0,0,0,0,0,0,0,0,0,0,0
San Marino,Savanna fires,Emissions (CO2eq) from N2O (AR5),kilotonnes,0,0,0,0,0,0,0,0,0,0,0,0,0,0,0,0,0,0,0,0,0
San Marino,Savanna fires,Emissions (CO2eq) (AR5),kilotonnes,0,0,0,0,0,0,0,0,0,0,0,0,0,0,0,0,0,0,0,0,0
San Marino,Waste - agri-food systems,Emissions (CH4),kilotonnes,0.0862,0.1023,0.1166,0.1295,0.1409,0.151,0.16,0.168,0.1752,0.1815,0.1869,0.1918,0.1961,0.1999,0.2033,0.206,0.2084,0.2104,0.2123,0.2138,0.2151
San Marino,Waste - agri-food systems,Emissions (N2O),kilotonnes,0,0,0,0,0,0,0,0,0,0,0,0,0,0,0,0,0,0,0,0,0
San Marino,Waste - agri-food systems,Emissions (CO2),kilotonnes,0.0288,0.0289,0.029,0.0293,0.0296,0.0296,0.0297,0.0299,0.03,0.0298,0.0297,0.0296,0.0295,0.0295,0.0295,0.0293,0.0293,0.0294,0.0295,0.0295,0.0294
San Marino,Waste - agri-food systems,Emissions (CO2eq) from CH4 (AR5),kilotonnes,2.4126,2.8654,3.2653,3.6248,3.9454,4.2285,4.4794,4.705,4.9063,5.0809,5.2336,5.3703,5.4894,5.5979,5.6921,5.7691,5.8352,5.8924,5.9431,5.9856,6.0216
San Marino,Waste - agri-food systems,Emissions (CO2eq) from N2O (AR5),kilotonnes,0,0,0,0,0,0,0,0,0,0,0,0,0,0,0,0,0,0,0,0,0
San Marino,Waste - agri-food systems,Emissions (CO2eq) (AR5),kilotonnes,2.4415,2.8943,3.2943,3.6542,3.9749,4.2581,4.5091,4.7349,4.9364,5.1107,5.2633,5.3999,5.5189,5.6274,5.7217,5.7984,5.8645,5.9218,5.9726,6.015,6.051
San Marino,Energy,Emissions (CH4),kilotonnes,0.137,0.138,0.142,0.15,0.14,0.148,0.151,0.163,0.171,0.165,0.167,0.153,0.167,0.168,0.164,0.172,0.166,0.171,0.171,0.176,0.177
San Marino,Energy,Emissions (N2O),kilotonnes,0.0043,0.0044,0.0046,0.0049,0.0054,0.0055,0.0056,0.0057,0.0056,0.0054,0.0053,0.0052,0.0053,0.0053,0.0053,0.0054,0.0052,0.0052,0.0052,0.0051,0.0051
San Marino,Energy,Emissions (CO2),kilotonnes,211,212,214,223,226,228,227,226,221,200,205,203,191,172,160,166,164,163,161,147,141
San Marino,Energy,Emissions (CO2eq) from CH4 (AR5),kilotonnes,3.836,3.864,3.976,4.2,3.92,4.144,4.228,4.564,4.788,4.62,4.676,4.284,4.676,4.704,4.592,4.816,4.648,4.788,4.788,4.928,4.956
San Marino,Energy,Emissions (CO2eq) from N2O (AR5),kilotonnes,1.1395,1.174,1.219,1.2906,1.4416,1.4628,1.4787,1.5052,1.4946,1.4257,1.4045,1.378,1.4151,1.3966,1.3966,1.4257,1.386,1.3674,1.378,1.3621,1.3541
San Marino,Energy,Emissions (CO2eq) (AR5),kilotonnes,215.9755,217.0379,219.195,228.4906,231.3616,233.6068,232.7067,232.0692,227.2826,206.0457,211.0805,208.662,197.0911,178.1005,165.9886,172.2417,170.034,169.1554,167.166,153.2901,147.3101
San Marino,IPPU,Emissions (CH4),kilotonnes,0.0006,0.0006,0.0006,0.0008,0.0008,0.0009,0.0009,0.0009,0.0008,0.0006,0.0006,0.0007,0.0007,0.0006,0.0005,0.0006,0.0005,0.0006,0.0006,0.0005,0.0005
San Marino,IPPU,Emissions (N2O),kilotonnes,0.0133,0.0137,0.0138,0.0142,0.0131,0.0127,0.0036,0.0031,0.0018,0.0017,0.0015,0.0014,0.0014,0.0014,0.0015,0.0014,0.0015,0.0015,0.0015,0.0008,0.0007
San Marino,IPPU,Emissions (CO2),kilotonnes,13.1,13.6,13.6,14.5,15.5,15.8,16.2,16.4,15.3,12.9,13.3,12.1,10.8,10.2,9.8,10.1,10.2,10.4,10.2,8.32,7.78
San Marino,IPPU,Emissions (CO2eq) from F-gases (AR5),kilotonnes,4.6256,5.3447,5.5876,5.4807,5.6362,5.8597,6.6079,7.2007,7.7838,8.4834,9.1831,8.843,9.222,9.6009,10.0091,10.3978,10.6893,11.078,11.4667,11.8554,12.2441
San Marino,IPPU,Emissions (CO2eq) from CH4 (AR5),kilotonnes,0.0172,0.0179,0.0176,0.0211,0.023,0.024,0.0246,0.0242,0.0216,0.0154,0.0177,0.0186,0.0183,0.0171,0.0149,0.0158,0.0148,0.017,0.0165,0.0136,0.0129
San Marino,IPPU,Emissions (CO2eq) from N2O (AR5),kilotonnes,3.5245,3.6305,3.657,3.763,3.4715,3.3655,0.954,0.8242,0.485,0.4373,0.3949,0.3816,0.3816,0.3843,0.3922,0.3763,0.3896,0.3896,0.3869,0.2011,0.1929
San Marino,IPPU,Emissions (CO2eq) (AR5),kilotonnes,21.2672,22.593,22.8621,23.7648,24.6307,25.0492,23.7865,24.449,23.5903,21.8361,22.8957,21.3432,20.4219,20.2023,20.2161,20.8899,21.2936,21.8846,22.0702,20.3901,20.23
San Marino,Waste,Emissions (CH4),kilotonnes,0.493,0.487,0.478,0.462,0.435,0.435,0.42,0.412,0.392,0.392,0.39,0.362,0.359,0.35,0.328,0.305,0.307,0.309,0.308,0.283,0.272
San Marino,Waste,Emissions (N2O),kilotonnes,0.0023,0.0023,0.0024,0.0025,0.0025,0.0025,0.0026,0.0026,0.0026,0.0027,0.0028,0.0028,0.0028,0.0028,0.0029,0.0028,0.0028,0.0028,0.0028,0.0029,0.003
San Marino,Waste,Emissions (CO2),kilotonnes,0.215,0.212,0.224,0.219,0.264,0.245,0.242,0.241,0.25,0.25,0.243,0.244,0.248,0.242,0.227,0.246,0.26,0.242,0.237,0.24,0.24
San Marino,Waste,Emissions (CO2eq) from CH4 (AR5),kilotonnes,13.804,13.636,13.384,12.936,12.18,12.18,11.76,11.536,10.976,10.976,10.92,10.136,10.052,9.8,9.184,8.54,8.596,8.652,8.624,7.924,7.616
San Marino,Waste,Emissions (CO2eq) from N2O (AR5),kilotonnes,0.6015,0.6201,0.6413,0.6519,0.6625,0.6731,0.6837,0.6917,0.697,0.7102,0.7367,0.7447,0.7447,0.75,0.7579,0.7473,0.75,0.7473,0.7473,0.7765,0.7817
San Marino,Waste,Emissions (CO2eq) (AR5),kilotonnes,14.6205,14.4681,14.2493,13.8069,13.1065,13.0981,12.6857,12.4686,11.923,11.9362,11.8997,11.1246,11.0446,10.7919,10.1689,9.5333,9.606,9.6413,9.6083,8.9405,8.6378
San Marino,Other,Emissions (N2O),kilotonnes,0.0035,0.0035,0.0035,0.0035,0.0033,0.0032,0.0031,0.003,0.0029,0.0026,0.0026,0.0025,0.0024,0.0023,0.0023,0.0023,0.0023,0.0022,0.0021,0.0019,0.0019
San Marino,Other,Emissions (CO2eq) from N2O (AR5),kilotonnes,0.9355,0.9196,0.9196,0.9196,0.8745,0.8374,0.8109,0.7817,0.7553,0.6917,0.6784,0.6599,0.636,0.6201,0.6069,0.6148,0.5962,0.5751,0.5671,0.5115,0.4903
San Marino,Other,Emissions (CO2eq) (AR5),kilotonnes,0.9355,0.9196,0.9196,0.9196,0.8745,0.8374,0.8109,0.7817,0.7553,0.6917,0.6784,0.6599,0.636,0.6201,0.6069,0.6148,0.5962,0.5751,0.5671,0.5115,0.4903
San Marino,Farm-gate emissions,Emissions (CH4),kilotonnes,0,0,0,0,0,0,0,0,0,0,0,0,0,0,0,0,0,0,0,0,0
San Marino,Farm-gate emissions,Emissions (N2O),kilotonnes,0,0,0,0,0,0,0,0,0,0,0,0,0,0,0,0,0,0,0,0,0
San Marino,Farm-gate emissions,Emissions (CO2),kilotonnes,0,0,0,0,0,0,0,0,0,0,0,0,0,0,0,0,0,0,0,0,0
San Marino,Farm-gate emissions,Emissions (CO2eq) from CH4 (AR5),kilotonnes,0,0,0,0,0,0,0,0,0,0,0,0,0,0,0,0,0,0,0,0,0
San Marino,Farm-gate emissions,Emissions (CO2eq) from N2O (AR5),kilotonnes,0,0,0,0,0,0,0,0,0,0,0,0,0,0,0,0,0,0,0,0,0
San Marino,Farm-gate emissions,Emissions (CO2eq) (AR5),kilotonnes,0,0,0,0,0,0,0,0,0,0,0,0,0,0,0,0,0,0,0,0,0
San Marino,Land Use change,Emissions (CO2),kilotonnes,0,0,0,0,0,0,0,0,0,0,0,0,0,0,0,0,0,0,0,0,0
San Marino,Land Use change,Emissions (CO2eq) (AR5),kilotonnes,0,0,0,0,0,0,0,0,0,0,0,0,0,0,0,0,0,0,0,0,0
San Marino,Emissions on agricultural land,Emissions (CH4),kilotonnes,0,0,0,0,0,0,0,0,0,0,0,0,0,0,0,0,0,0,0,0,0
San Marino,Emissions on agricultural land,Emissions (N2O),kilotonnes,0,0,0,0,0,0,0,0,0,0,0,0,0,0,0,0,0,0,0,0,0
San Marino,Emissions on agricultural land,Emissions (CO2),kilotonnes,0,0,0,0,0,0,0,0,0,0,0,0,0,0,0,0,0,0,0,0,0
San Marino,Emissions on agricultural land,Emissions (CO2eq) from CH4 (AR5),kilotonnes,0,0,0,0,0,0,0,0,0,0,0,0,0,0,0,0,0,0,0,0,0
San Marino,Emissions on agricultural land,Emissions (CO2eq) from N2O (AR5),kilotonnes,0,0,0,0,0,0,0,0,0,0,0,0,0,0,0,0,0,0,0,0,0
San Marino,Emissions on agricultural land,Emissions (CO2eq) (AR5),kilotonnes,0,0,0,0,0,0,0,0,0,0,0,0,0,0,0,0,0,0,0,0,0
San Marino,Pre- and post- production,Emissions (CH4),kilotonnes,0.0862,0.1023,0.1166,0.1295,0.1409,0.151,0.16,0.168,0.1752,0.1815,0.1869,0.1918,0.1961,0.1999,0.2033,0.206,0.2084,0.2104,0.2123,0.2138,0.2151
San Marino,Pre- and post- production,Emissions (N2O),kilotonnes,0,0,0,0,0,0,0,0,0,0,0,0,0,0,0,0,0,0,0,0,0
San Marino,Pre- and post- production,Emissions (CO2),kilotonnes,0.0288,0.0289,0.029,0.0293,0.0296,0.0296,0.0297,0.0299,0.03,0.0298,0.0297,0.0296,0.0295,0.0295,0.0295,0.0293,0.0293,0.0294,0.0295,0.0295,0.0294
San Marino,Pre- and post- production,Emissions (CO2eq) from CH4 (AR5),kilotonnes,2.4126,2.8654,3.2653,3.6248,3.9454,4.2285,4.4794,4.705,4.9063,5.0809,5.2336,5.3703,5.4894,5.5979,5.6921,5.7691,5.8352,5.8924,5.9431,5.9856,6.0216
San Marino,Pre- and post- production,Emissions (CO2eq) from N2O (AR5),kilotonnes,0,0,0,0,0,0,0,0,0,0,0,0,0,0,0,0,0,0,0,0,0
San Marino,Pre- and post- production,Emissions (CO2eq) (AR5),kilotonnes,2.4415,2.8943,3.2943,3.6542,3.9749,4.2581,4.5091,4.7349,4.9364,5.1107,5.2633,5.3999,5.5189,5.6274,5.7217,5.7984,5.8645,5.9218,5.9726,6.015,6.051
San Marino,Agri-food systems,Emissions (CH4),kilotonnes,0.0862,0.1023,0.1166,0.1295,0.1409,0.151,0.16,0.168,0.1752,0.1815,0.1869,0.1918,0.1961,0.1999,0.2033,0.206,0.2084,0.2104,0.2123,0.2138,0.2151
San Marino,Agri-food systems,Emissions (N2O),kilotonnes,0,0,0,0,0,0,0,0,0,0,0,0,0,0,0,0,0,0,0,0,0
San Marino,Agri-food systems,Emissions (CO2),kilotonnes,0.0288,0.0289,0.029,0.0293,0.0296,0.0296,0.0297,0.0299,0.03,0.0298,0.0297,0.0296,0.0295,0.0295,0.0295,0.0293,0.0293,0.0294,0.0295,0.0295,0.0294
San Marino,Agri-food systems,Emissions (CO2eq) from CH4 (AR5),kilotonnes,2.4126,2.8654,3.2653,3.6248,3.9454,4.2285,4.4794,4.705,4.9063,5.0809,5.2336,5.3703,5.4894,5.5979,5.6921,5.7691,5.8352,5.8924,5.9431,5.9856,6.0216
San Marino,Agri-food systems,Emissions (CO2eq) from N2O (AR5),kilotonnes,0,0,0,0,0,0,0,0,0,0,0,0,0,0,0,0,0,0,0,0,0
San Marino,Agri-food systems,Emissions (CO2eq) (AR5),kilotonnes,2.4415,2.8943,3.2943,3.6542,3.9749,4.2581,4.5091,4.7349,4.9364,5.1107,5.2633,5.3999,5.5189,5.6274,5.7217,5.7984,5.8645,5.9218,5.9726,6.015,6.051
San Marino,IPCC Agriculture,Emissions (CH4),kilotonnes,0,0,0,0,0,0,0,0,0,0,0,0,0,0,0,0,0,0,0,0,0
San Marino,IPCC Agriculture,Emissions (CH4),kilotonnes,,,,,,,,0.135,,,0.101,,,,,,,,,,
San Marino,IPCC Agriculture,Emissions (N2O),kilotonnes,0,0,0,0,0,0,0,0,0,0,0,0,0,0,0,0,0,0,0,0,0
San Marino,IPCC Agriculture,Emissions (N2O),kilotonnes,,,,,,,,0.004,,,0.0041,,,,,,,,,,
San Marino,IPCC Agriculture,Emissions (CO2eq) from CH4 (AR5),kilotonnes,0,0,0,0,0,0,0,0,0,0,0,0,0,0,0,0,0,0,0,0,0
San Marino,IPCC Agriculture,Emissions (CO2eq) from CH4 (AR5),kilotonnes,,,,,,,,3.78,,,2.828,,,,,,,,,,
San Marino,IPCC Agriculture,Emissions (CO2eq) from N2O (AR5),kilotonnes,0,0,0,0,0,0,0,0,0,0,0,0,0,0,0,0,0,0,0,0,0
San Marino,IPCC Agriculture,Emissions (CO2eq) from N2O (AR5),kilotonnes,,,,,,,,1.06,,,1.0865,,,,,,,,,,
San Marino,IPCC Agriculture,Emissions (CO2eq) (AR5),kilotonnes,0,0,0,0,0,0,0,0,0,0,0,0,0,0,0,0,0,0,0,0,0
San Marino,IPCC Agriculture,Emissions (CO2eq) (AR5),kilotonnes,,,,,,,,4.84,,,3.9145,,,,,,,,,,
San Marino,Agricultural Soils,Emissions (N2O),kilotonnes,0,0,0,0,0,0,0,0,0,0,0,0,0,0,0,0,0,0,0,0,0
San Marino,Agricultural Soils,Emissions (N2O),kilotonnes,,,,,,,,0.003,,,0.0032,,,,,,,,,,
San Marino,Agricultural Soils,Emissions (CO2eq) from N2O (AR5),kilotonnes,0,0,0,0,0,0,0,0,0,0,0,0,0,0,0,0,0,0,0,0,0
San Marino,Agricultural Soils,Emissions (CO2eq) from N2O (AR5),kilotonnes,,,,,,,,0.795,,,0.848,,,,,,,,,,
San Marino,Agricultural Soils,Emissions (CO2eq) (AR5),kilotonnes,0,0,0,0,0,0,0,0,0,0,0,0,0,0,0,0,0,0,0,0,0
San Marino,Agricultural Soils,Emissions (CO2eq) (AR5),kilotonnes,,,,,,,,0.795,,,0.848,,,,,,,,,,
San Marino,LULUCF,Emissions (CO2),kilotonnes,-2.2953,-2.1523,-2.1523,-2.1523,-2.1523,-2.1523,-2.1523,-2.1523,-2.1523,-2.1523,-2.1523,-2.0167,-2.0167,-2.0167,-2.0167,-2.0167,0,0,0,0,0
San Marino,LULUCF,Emissions (CO2),kilotonnes,,,,,,,,-4.015,,,-10.48,,,,,,,,,,
San Marino,LULUCF,Emissions (CO2eq) (AR5),kilotonnes,-2.2953,-2.1523,-2.1523,-2.1523,-2.1523,-2.1523,-2.1523,-2.1523,-2.1523,-2.1523,-2.1523,-2.0167,-2.0167,-2.0167,-2.0167,-2.0167,0,0,0,0,0
San Marino,LULUCF,Emissions (CO2eq) (AR5),kilotonnes,,,,,,,,-4.015,,,-10.48,,,,,,,,,,
San Marino,AFOLU,Emissions (CH4),kilotonnes,0,0,0,0,0,0,0,0,0,0,0,0,0,0,0,0,0,0,0,0,0
San Marino,AFOLU,Emissions (N2O),kilotonnes,0,0,0,0,0,0,0,0,0,0,0,0,0,0,0,0,0,0,0,0,0
San Marino,AFOLU,Emissions (CO2),kilotonnes,-2.2953,-2.1523,-2.1523,-2.1523,-2.1523,-2.1523,-2.1523,-2.1523,-2.1523,-2.1523,-2.1523,-2.0167,-2.0167,-2.0167,-2.0167,-2.0167,0,0,0,0,0
San Marino,AFOLU,Emissions (CO2eq) from CH4 (AR5),kilotonnes,0,0,0,0,0,0,0,0,0,0,0,0,0,0,0,0,0,0,0,0,0
San Marino,AFOLU,Emissions (CO2eq) from N2O (AR5),kilotonnes,0,0,0,0,0,0,0,0,0,0,0,0,0,0,0,0,0,0,0,0,0
San Marino,AFOLU,Emissions (CO2eq) (AR5),kilotonnes,-2.2953,-2.1523,-2.1523,-2.1523,-2.1523,-2.1523,-2.1523,-2.1523,-2.1523,-2.1523,-2.1523,-2.0167,-2.0167,-2.0167,-2.0167,-2.0167,0,0,0,0,0
San Marino,All sectors with LULUCF,Emissions (CH4),kilotonnes,0.6306,0.6256,0.6206,0.6128,0.5758,0.5839,0.5719,0.5759,0.5638,0.5576,0.5576,0.5157,0.5267,0.5186,0.4925,0.4776,0.4735,0.4806,0.4796,0.4595,0.4495
San Marino,All sectors with LULUCF,Emissions (N2O),kilotonnes,0.0234,0.0239,0.0243,0.025,0.0243,0.0239,0.0148,0.0143,0.013,0.0123,0.0121,0.0119,0.012,0.0119,0.0119,0.0119,0.0118,0.0116,0.0116,0.0108,0.0106
San Marino,All sectors with LULUCF,Emissions (CO2),kilotonnes,222.0197,223.6597,225.6717,235.5667,239.6117,241.8927,241.2897,240.4887,234.3977,210.9977,216.3907,213.3273,200.0313,180.4253,168.0103,174.3293,174.46,173.642,171.437,155.56,149.02
San Marino,All sectors with LULUCF,Emissions (CO2eq) from F-gases (AR5),kilotonnes,4.6256,5.3447,5.5876,5.4807,5.6362,5.8597,6.6079,7.2007,7.7838,8.4834,9.1831,8.843,9.222,9.6009,10.0091,10.3978,10.6893,11.078,11.4667,11.8554,12.2441
San Marino,All sectors with LULUCF,Emissions (CO2eq) from CH4 (AR5),kilotonnes,17.6572,17.5179,17.3776,17.1571,16.123,16.348,16.0126,16.1242,15.7856,15.6114,15.6137,14.4386,14.7463,14.5211,13.7909,13.3718,13.2588,13.457,13.4285,12.8656,12.5849
San Marino,All sectors with LULUCF,Emissions (CO2eq) from N2O (AR5),kilotonnes,6.201,6.3441,6.4369,6.625,6.4501,6.3388,3.9273,3.8028,3.4318,3.2648,3.2144,3.1641,3.1773,3.1509,3.1535,3.1641,3.1217,3.0793,3.0793,2.8511,2.8191
San Marino,All sectors with LULUCF,Emissions (CO2eq) (AR5),kilotonnes,250.5034,252.8663,255.0737,264.8295,267.8209,270.4392,267.8375,267.6163,261.3988,238.3573,244.4019,239.773,227.1769,207.6982,194.9638,201.2631,201.5298,201.2563,199.4116,183.1321,176.6681
San Marino,All sectors without LULUCF,Emissions (CH4),kilotonnes,0.6306,0.6256,0.6206,0.6128,0.5758,0.5839,0.5719,0.5759,0.5638,0.5576,0.5576,0.5157,0.5267,0.5186,0.4925,0.4776,0.4735,0.4806,0.4796,0.4595,0.4495
San Marino,All sectors without LULUCF,Emissions (N2O),kilotonnes,0.0234,0.0239,0.0243,0.025,0.0243,0.0239,0.0148,0.0143,0.013,0.0123,0.0121,0.0119,0.012,0.0119,0.0119,0.0119,0.0118,0.0116,0.0116,0.0108,0.0106
San Marino,All sectors without LULUCF,Emissions (CO2),kilotonnes,224.315,225.812,227.824,237.719,241.764,244.045,243.442,242.641,236.55,213.15,218.543,215.344,202.048,182.442,170.027,176.346,174.46,173.642,171.437,155.56,149.02
San Marino,All sectors without LULUCF,Emissions (CO2eq) from F-gases (AR5),kilotonnes,4.6256,5.3447,5.5876,5.4807,5.6362,5.8597,6.6079,7.2007,7.7838,8.4834,9.1831,8.843,9.222,9.6009,10.0091,10.3978,10.6893,11.078,11.4667,11.8554,12.2441
San Marino,All sectors without LULUCF,Emissions (CO2eq) from CH4 (AR5),kilotonnes,17.6572,17.5179,17.3776,17.1571,16.123,16.348,16.0126,16.1242,15.7856,15.6114,15.6137,14.4386,14.7463,14.5211,13.7909,13.3718,13.2588,13.457,13.4285,12.8656,12.5849
San Marino,All sectors without LULUCF,Emissions (CO2eq) from N2O (AR5),kilotonnes,6.201,6.3441,6.4369,6.625,6.4501,6.3388,3.9273,3.8028,3.4318,3.2648,3.2144,3.1641,3.1773,3.1509,3.1535,3.1641,3.1217,3.0793,3.0793,2.8511,2.8191
San Marino,All sectors without LULUCF,Emissions (CO2eq) (AR5),kilotonnes,252.7987,255.0186,257.226,266.9818,269.9733,272.5915,269.9898,269.7686,263.5511,240.5096,246.5543,241.7897,229.1936,209.7149,196.9804,203.2797,201.5298,201.2563,199.4116,183.1321,176.6681
Sao Tome and Principe,Crop Residues,Direct emissions (N2O),kilotonnes,0.0003,0.0004,0.0004,0.0004,0.0004,0.0004,0.0004,0.0004,0.0004,0.0003,0.0002,0.0002,0.0001,0.0001,0.0001,0.0001,0.0001,0.0001,0.0001,0.0002,0.0001
Sao Tome and Principe,Crop Residues,Indirect emissions (N2O),kilotonnes,0.0001,0.0001,0.0001,0.0001,0.0001,0.0001,0.0001,0.0001,0.0001,0.0001,0.0001,0,0,0,0,0,0,0,0,0,0
Sao Tome and Principe,Crop Residues,Emissions (N2O),kilotonnes,0.0004,0.0005,0.0005,0.0005,0.0005,0.0005,0.0005,0.0005,0.0005,0.0004,0.0003,0.0002,0.0002,0.0001,0.0002,0.0002,0.0001,0.0001,0.0002,0.0002,0.0001
Sao Tome and Principe,Crop Residues,Emissions (CO2eq) from N2O (AR5),kilotonnes,0.1063,0.1198,0.123,0.1251,0.1274,0.1316,0.1263,0.1421,0.1345,0.1041,0.0802,0.0524,0.0443,0.0375,0.0402,0.04,0.0374,0.028,0.0458,0.0535,0.0332
Sao Tome and Principe,Crop Residues,Emissions (CO2eq) (AR5),kilotonnes,0.1063,0.1198,0.123,0.1251,0.1274,0.1316,0.1263,0.1421,0.1345,0.1041,0.0802,0.0524,0.0443,0.0375,0.0402,0.04,0.0374,0.028,0.0458,0.0535,0.0332
Sao Tome and Principe,Burning - Crop residues,Emissions (CH4),kilotonnes,0.0027,0.0031,0.0033,0.0033,0.0033,0.0033,0.003,0.0035,0.0035,0.0035,0.0026,0.0014,0.0012,0.001,0.0011,0.0011,0.001,0.0008,0.0013,0.0015,0.0009
Sao Tome and Principe,Burning - Crop residues,Emissions (CH4),kilotonnes,,,,,,,,,,,,,0.0044,,,,,,,,
Sao Tome and Principe,Burning - Crop residues,Emissions (N2O),kilotonnes,0.0001,0.0001,0.0001,0.0001,0.0001,0.0001,0.0001,0.0001,0.0001,0.0001,0.0001,0,0,0,0,0,0,0,0,0,0
Sao Tome and Principe,Burning - Crop residues,Emissions (N2O),kilotonnes,,,,,,,,,,,,,0.0001,,,,,,,,
Sao Tome and Principe,Burning - Crop residues,Emissions (CO2eq) from CH4 (AR5),kilotonnes,0.0756,0.0869,0.0915,0.0922,0.0934,0.0937,0.0832,0.0983,0.0983,0.0983,0.0731,0.0391,0.033,0.028,0.0304,0.0306,0.0289,0.0215,0.0351,0.0411,0.0256
Sao Tome and Principe,Burning - Crop residues,Emissions (CO2eq) from CH4 (AR5),kilotonnes,,,,,,,,,,,,,0.1232,,,,,,,,
Sao Tome and Principe,Burning - Crop residues,Emissions (CO2eq) from N2O (AR5),kilotonnes,0.0185,0.0213,0.0224,0.0226,0.0229,0.023,0.0204,0.0241,0.0241,0.0241,0.0179,0.0096,0.0081,0.0069,0.0075,0.0075,0.0071,0.0053,0.0086,0.0101,0.0063
Sao Tome and Principe,Burning - Crop residues,Emissions (CO2eq) from N2O (AR5),kilotonnes,,,,,,,,,,,,,0.0265,,,,,,,,
Sao Tome and Principe,Burning - Crop residues,Emissions (CO2eq) (AR5),kilotonnes,0.0942,0.1083,0.1139,0.1149,0.1163,0.1167,0.1036,0.1224,0.1224,0.1224,0.091,0.0487,0.0411,0.0348,0.0378,0.0381,0.036,0.0268,0.0437,0.0512,0.0319
Sao Tome and Principe,Burning - Crop residues,Emissions (CO2eq) (AR5),kilotonnes,,,,,,,,,,,,,0.1497,,,,,,,,
Sao Tome and Principe,Enteric Fermentation,Emissions (CH4),kilotonnes,0.1837,0.1864,0.1954,0.2039,0.1775,0.1643,0.1459,0.1432,0.1306,0.1305,0.1203,0.1132,0.1177,0.1241,0.1282,0.1254,0.1348,0.141,0.1396,0.1386,0.1447
Sao Tome and Principe,Enteric Fermentation,Emissions (CH4),kilotonnes,,,,,,,,,,,,,0.2315,,,,,,,,
Sao Tome and Principe,Enteric Fermentation,Emissions (CO2eq) from CH4 (AR5),kilotonnes,5.1433,5.2179,5.4698,5.7089,4.9687,4.599,4.0863,4.0096,3.6564,3.655,3.3692,3.1706,3.2957,3.4758,3.5885,3.51,3.7751,3.9466,3.9083,3.8809,4.0519
Sao Tome and Principe,Enteric Fermentation,Emissions (CO2eq) from CH4 (AR5),kilotonnes,,,,,,,,,,,,,6.482,,,,,,,,
Sao Tome and Principe,Enteric Fermentation,Emissions (CO2eq) (AR5),kilotonnes,5.1433,5.2179,5.4698,5.7089,4.9687,4.599,4.0863,4.0096,3.6564,3.655,3.3692,3.1706,3.2957,3.4758,3.5885,3.51,3.7751,3.9466,3.9083,3.8809,4.0519
Sao Tome and Principe,Enteric Fermentation,Emissions (CO2eq) (AR5),kilotonnes,,,,,,,,,,,,,6.482,,,,,,,,
Sao Tome and Principe,Manure Management,Emissions (CH4),kilotonnes,0.0156,0.0181,0.0209,0.0229,0.0242,0.0257,0.0262,0.0287,0.032,0.0343,0.0336,0.0353,0.0378,0.0422,0.0442,0.0446,0.0451,0.05,0.0479,0.0477,0.0532
Sao Tome and Principe,Manure Management,Emissions (CH4),kilotonnes,,,,,,,,,,,,,0.0771,,,,,,,,
Sao Tome and Principe,Manure Management,Emissions (N2O),kilotonnes,0.0013,0.0022,0.0032,0.0039,0.0048,0.0056,0.0061,0.0072,0.0091,0.0108,0.0112,0.0124,0.0134,0.0147,0.0156,0.0157,0.0157,0.0179,0.0166,0.0168,0.0191
Sao Tome and Principe,Manure Management,Emissions (N2O),kilotonnes,,,,,,,,,,,,,0.0035,,,,,,,,
Sao Tome and Principe,Manure Management,Emissions (CO2eq) from CH4 (AR5),kilotonnes,0.4367,0.5069,0.5846,0.6412,0.6787,0.7207,0.7347,0.8047,0.8957,0.9597,0.9402,0.9871,1.0576,1.1808,1.2385,1.248,1.2629,1.3988,1.3412,1.3342,1.4893
Sao Tome and Principe,Manure Management,Emissions (CO2eq) from CH4 (AR5),kilotonnes,,,,,,,,,,,,,2.1588,,,,,,,,
Sao Tome and Principe,Manure Management,Emissions (CO2eq) from N2O (AR5),kilotonnes,0.3457,0.5929,0.8416,1.0302,1.261,1.4922,1.6058,1.9094,2.4126,2.8662,2.9717,3.2741,3.5475,3.906,4.1359,4.1675,4.1723,4.7329,4.4099,4.4406,5.0706
Sao Tome and Principe,Manure Management,Emissions (CO2eq) from N2O (AR5),kilotonnes,,,,,,,,,,,,,0.9275,,,,,,,,
Sao Tome and Principe,Manure Management,Emissions (CO2eq) (AR5),kilotonnes,0.7823,1.0998,1.4262,1.6714,1.9397,2.213,2.3405,2.7141,3.3083,3.8259,3.9118,4.2612,4.6051,5.0868,5.3744,5.4155,5.4352,6.1317,5.7511,5.7749,6.5598
Sao Tome and Principe,Manure Management,Emissions (CO2eq) (AR5),kilotonnes,,,,,,,,,,,,,3.0863,,,,,,,,
Sao Tome and Principe,Manure left on Pasture,Direct emissions (N2O),kilotonnes,0.0114,0.0116,0.0121,0.0125,0.0115,0.011,0.0103,0.0101,0.0092,0.0083,0.0073,0.0066,0.0068,0.0075,0.0074,0.0074,0.0075,0.0079,0.0081,0.008,0.0081
Sao Tome and Principe,Manure left on Pasture,Indirect emissions (N2O),kilotonnes,0.0028,0.0028,0.003,0.003,0.0028,0.0027,0.0026,0.0026,0.0024,0.0022,0.002,0.0019,0.0019,0.002,0.002,0.002,0.0021,0.0021,0.0022,0.0022,0.0022
Sao Tome and Principe,Manure left on Pasture,Emissions (N2O),kilotonnes,0.0142,0.0144,0.0151,0.0155,0.0144,0.0137,0.0129,0.0127,0.0115,0.0105,0.0093,0.0085,0.0087,0.0096,0.0094,0.0094,0.0096,0.01,0.0103,0.0102,0.0103
Sao Tome and Principe,Manure left on Pasture,Emissions (CO2eq) from N2O (AR5),kilotonnes,3.7546,3.8253,3.9925,4.1149,3.8077,3.6311,3.4087,3.3577,3.0587,2.7941,2.4698,2.2518,2.2954,2.5321,2.4973,2.486,2.5463,2.655,2.731,2.6935,2.7226
Sao Tome and Principe,Manure left on Pasture,Emissions (CO2eq) (AR5),kilotonnes,3.7546,3.8253,3.9925,4.1149,3.8077,3.6311,3.4087,3.3577,3.0587,2.7941,2.4698,2.2518,2.2954,2.5321,2.4973,2.486,2.5463,2.655,2.731,2.6935,2.7226
Sao Tome and Principe,Manure applied to Soils,Direct emissions (N2O),kilotonnes,0.0011,0.0016,0.0021,0.0025,0.0029,0.0034,0.0036,0.0042,0.0051,0.0059,0.0061,0.0066,0.0071,0.0079,0.0083,0.0084,0.0084,0.0095,0.0089,0.0089,0.0101
Sao Tome and Principe,Manure applied to Soils,Indirect emissions (N2O),kilotonnes,0.0005,0.0007,0.0009,0.0011,0.0012,0.0014,0.0015,0.0018,0.0022,0.0025,0.0026,0.0028,0.003,0.0033,0.0035,0.0036,0.0036,0.004,0.0038,0.0038,0.0043
Sao Tome and Principe,Manure applied to Soils,Emissions (N2O),kilotonnes,0.0016,0.0023,0.003,0.0036,0.0042,0.0048,0.0051,0.006,0.0073,0.0084,0.0086,0.0094,0.0102,0.0112,0.0118,0.0119,0.0119,0.0135,0.0126,0.0127,0.0144
Sao Tome and Principe,Manure applied to Soils,Emissions (CO2eq) from N2O (AR5),kilotonnes,0.4268,0.6126,0.8006,0.9411,1.1098,1.28,1.356,1.5846,1.9277,2.2325,2.2873,2.4938,2.6935,2.9733,3.1337,3.1586,3.158,3.5727,3.3454,3.3653,3.8227
Sao Tome and Principe,Manure applied to Soils,Emissions (CO2eq) (AR5),kilotonnes,0.4268,0.6126,0.8006,0.9411,1.1098,1.28,1.356,1.5846,1.9277,2.2325,2.2873,2.4938,2.6935,2.9733,3.1337,3.1586,3.158,3.5727,3.3454,3.3653,3.8227
Sao Tome and Principe,Drained organic soils,Emissions (CO2eq) (AR5),kilotonnes,0,0,0,0,0,0,0,0,0,0,0,0,0,0,0,0,0,0,0,0,0
Sao Tome and Principe,Drained organic soils (CO2),Emissions (CO2),kilotonnes,0,0,0,0,0,0,0,0,0,0,0,0,0,0,0,0,0,0,0,0,0
Sao Tome and Principe,Drained organic soils (CO2),Emissions (CO2eq) (AR5),kilotonnes,0,0,0,0,0,0,0,0,0,0,0,0,0,0,0,0,0,0,0,0,0
Sao Tome and Principe,Drained organic soils (N2O),Emissions (N2O),kilotonnes,0,0,0,0,0,0,0,0,0,0,0,0,0,0,0,0,0,0,0,0,0
Sao Tome and Principe,Drained organic soils (N2O),Emissions (CO2eq) from N2O (AR5),kilotonnes,0,0,0,0,0,0,0,0,0,0,0,0,0,0,0,0,0,0,0,0,0
Sao Tome and Principe,Drained organic soils (N2O),Emissions (CO2eq) (AR5),kilotonnes,0,0,0,0,0,0,0,0,0,0,0,0,0,0,0,0,0,0,0,0,0
Sao Tome and Principe,On-farm energy use,Emissions (CH4),kilotonnes,0,0,0,0,0.0001,0.0001,0.0001,0.0001,0.0001,0.0001,0.0001,0.0001,0.0001,0.0001,0.0001,0.0001,0.0001,0.0001,0.0001,0.0001,0.0001
Sao Tome and Principe,On-farm energy use,Emissions (N2O),kilotonnes,0,0,0,0,0,0,0,0,0,0,0,0,0,0,0,0,0,0,0,0,0
Sao Tome and Principe,On-farm energy use,Emissions (CO2),kilotonnes,0.4362,0.4138,0.432,0.5509,0.6383,0.6789,0.7097,0.7048,0.6957,0.6711,0.6824,0.7028,0.7445,0.7349,0.7379,0.7678,0.799,0.828,0.8469,0.8687,0.8687
Sao Tome and Principe,On-farm energy use,Emissions (CO2eq) from CH4 (AR5),kilotonnes,0.001,0.0009,0.001,0.0012,0.0014,0.0015,0.0016,0.0016,0.0015,0.0015,0.0015,0.0016,0.0017,0.0016,0.0016,0.0017,0.0018,0.0018,0.0019,0.0019,0.0019
Sao Tome and Principe,On-farm energy use,Emissions (CO2eq) from N2O (AR5),kilotonnes,0.0002,0.0002,0.0002,0.0002,0.0003,0.0003,0.0003,0.0003,0.0003,0.0003,0.0003,0.0003,0.0003,0.0003,0.0003,0.0003,0.0003,0.0003,0.0004,0.0004,0.0004
Sao Tome and Principe,On-farm energy use,Emissions (CO2eq) (AR5),kilotonnes,0.4373,0.4149,0.4332,0.5523,0.64,0.6807,0.7116,0.7067,0.6975,0.6728,0.6842,0.7046,0.7465,0.7368,0.7398,0.7698,0.8011,0.8301,0.8492,0.871,0.871
Sao Tome and Principe,Forestland,Emissions (CO2),kilotonnes,0,0,0,0,0,0,0,0,0,0,0,0,0,0,0,0,0,0,0,0,0
Sao Tome and Principe,Forestland,Emissions (CO2eq) (AR5),kilotonnes,0,0,0,0,0,0,0,0,0,0,0,0,0,0,0,0,0,0,0,0,0
Sao Tome and Principe,Net Forest conversion,Emissions (CO2),kilotonnes,9.029,9.029,9.029,9.029,9.029,9.029,9.029,9.029,9.029,9.029,9.029,215.3074,215.3074,215.3074,215.3074,215.3074,215.3074,215.3074,215.3074,215.3074,215.3074
Sao Tome and Principe,Net Forest conversion,Emissions (CO2eq) (AR5),kilotonnes,9.029,9.029,9.029,9.029,9.029,9.029,9.029,9.029,9.029,9.029,9.029,215.3074,215.3074,215.3074,215.3074,215.3074,215.3074,215.3074,215.3074,215.3074,215.3074
Sao Tome and Principe,Savanna fires,Emissions (CH4),kilotonnes,0,0,0,0,0,0,0,0.0003,0,0,0,0,0,0,0,0,0,0,0,0,0
Sao Tome and Principe,Savanna fires,Emissions (N2O),kilotonnes,0,0,0,0,0,0,0,0,0,0,0,0,0,0,0,0,0,0,0,0,0
Sao Tome and Principe,Savanna fires,Emissions (CO2eq) from CH4 (AR5),kilotonnes,0,0,0,0,0,0,0,0.0083,0,0,0,0,0,0,0,0,0,0,0,0,0
Sao Tome and Principe,Savanna fires,Emissions (CO2eq) from N2O (AR5),kilotonnes,0,0,0,0,0,0,0,0.0071,0,0,0,0,0,0,0,0,0,0,0,0,0
Sao Tome and Principe,Savanna fires,Emissions (CO2eq) (AR5),kilotonnes,0,0,0,0,0,0,0,0.0154,0,0,0,0,0,0,0,0,0,0,0,0,0
Sao Tome and Principe,Fires in organic soils,Emissions (CH4),kilotonnes,0,0,0,0,0,0,0,0,0,0,0,0,0,0,0,0,0,0,0,0,0
Sao Tome and Principe,Fires in organic soils,Emissions (CO2),kilotonnes,0,0,0,0,0,0,0,0,0,0,0,0,0,0,0,0,0,0,0,0,0
Sao Tome and Principe,Fires in organic soils,Emissions (CO2eq) from CH4 (AR5),kilotonnes,0,0,0,0,0,0,0,0,0,0,0,0,0,0,0,0,0,0,0,0,0
Sao Tome and Principe,Fires in organic soils,Emissions (CO2eq) (AR5),kilotonnes,0,0,0,0,0,0,0,0,0,0,0,0,0,0,0,0,0,0,0,0,0
Sao Tome and Principe,Forest fires,Emissions (CH4),kilotonnes,0,0,0,0,0,0,0,0,0,0,0,0,0,0,0,0,0,0,0,0,0
Sao Tome and Principe,Forest fires,Emissions (N2O),kilotonnes,0,0,0,0,0,0,0,0,0,0,0,0,0,0,0,0,0,0,0,0,0
Sao Tome and Principe,Forest fires,Emissions (CO2eq) from CH4 (AR5),kilotonnes,0,0,0,0,0,0,0,0,0,0,0,0,0,0,0,0,0,0,0,0,0
Sao Tome and Principe,Forest fires,Emissions (CO2eq) from N2O (AR5),kilotonnes,0,0,0,0,0,0,0,0,0,0,0,0,0,0,0,0,0,0,0,0,0
Sao Tome and Principe,Forest fires,Emissions (CO2eq) (AR5),kilotonnes,0,0,0,0,0,0,0,0,0,0,0,0,0,0,0,0,0,0,0,0,0
Sao Tome and Principe,Fires in humid tropical forests,Emissions (CH4),kilotonnes,0,0,0,0,0,0,0,0,0,0,0,0,0,0,0,0,0,0,0,0,0
Sao Tome and Principe,Fires in humid tropical forests,Emissions (N2O),kilotonnes,0,0,0,0,0,0,0,0,0,0,0,0,0,0,0,0,0,0,0,0,0
Sao Tome and Principe,Fires in humid tropical forests,Emissions (CO2eq) from CH4 (AR5),kilotonnes,0,0,0,0,0,0,0,0,0,0,0,0,0,0,0,0,0,0,0,0,0
Sao Tome and Principe,Fires in humid tropical forests,Emissions (CO2eq) from N2O (AR5),kilotonnes,0,0,0,0,0,0,0,0,0,0,0,0,0,0,0,0,0,0,0,0,0
Sao Tome and Principe,Fires in humid tropical forests,Emissions (CO2eq) (AR5),kilotonnes,0,0,0,0,0,0,0,0,0,0,0,0,0,0,0,0,0,0,0,0,0
Sao Tome and Principe,Waste - agri-food systems,Emissions (CH4),kilotonnes,0.1695,0.2788,0.3456,0.3929,0.4267,0.4521,0.4714,0.4869,0.5007,0.5118,0.5211,0.529,0.5365,0.5439,0.5491,0.5548,0.5608,0.5671,0.5729,0.5786,0.5846
Sao Tome and Principe,Waste - agri-food systems,Emissions (N2O),kilotonnes,0.0025,0.0025,0.0026,0.003,0.003,0.0031,0.0032,0.0033,0.0034,0.0035,0.0035,0.0033,0.0034,0.0035,0.0036,0.0037,0.0037,0.0037,0.0038,0.0038,0.0039
Sao Tome and Principe,Waste - agri-food systems,Emissions (CO2),kilotonnes,0,0,0,0,0,0,0,0,0,0,0,0,0,0,0,0,0,0,0,0,0
Sao Tome and Principe,Waste - agri-food systems,Emissions (CO2eq) from CH4 (AR5),kilotonnes,4.7462,7.8056,9.6773,11.0012,11.9476,12.6598,13.1996,13.6334,14.0182,14.3298,14.5898,14.8121,15.022,15.2295,15.3739,15.5346,15.7017,15.8781,16.0413,16.2,16.3675
Sao Tome and Principe,Waste - agri-food systems,Emissions (CO2eq) from N2O (AR5),kilotonnes,0.6549,0.6649,0.6997,0.7849,0.8046,0.8249,0.8524,0.8794,0.8943,0.9295,0.9227,0.8845,0.9098,0.9285,0.9619,0.9725,0.9694,0.9793,0.9973,1.0158,1.0347
Sao Tome and Principe,Waste - agri-food systems,Emissions (CO2eq) (AR5),kilotonnes,5.4012,8.4705,10.377,11.7861,12.7522,13.4847,14.052,14.5128,14.9125,15.2593,15.5125,15.6966,15.9318,16.158,16.3358,16.507,16.6711,16.8574,17.0386,17.2158,17.4022
Sao Tome and Principe,On-farm electricity use,Emissions (CH4),kilotonnes,0,0,0,0,0,0,0,0,0,0,0,0,0,0,0,0,0,0,0,0,0
Sao Tome and Principe,On-farm electricity use,Emissions (N2O),kilotonnes,0,0,0,0,0,0,0,0,0,0,0,0,0,0,0,0,0,0,0,0,0
Sao Tome and Principe,On-farm electricity use,Emissions (CO2),kilotonnes,0,0,0,0,0,0,0,0,0,0,0,0,0,0,0,0,0,0,0,0,0
Sao Tome and Principe,On-farm electricity use,Emissions (CO2eq) from CH4 (AR5),kilotonnes,0,0,0,0,0,0,0,0,0,0,0,0,0,0,0,0,0,0,0,0,0
Sao Tome and Principe,On-farm electricity use,Emissions (CO2eq) from N2O (AR5),kilotonnes,0,0,0,0,0,0,0,0,0,0,0,0,0,0,0,0,0,0,0,0,0
Sao Tome and Principe,On-farm electricity use,Emissions (CO2eq) (AR5),kilotonnes,0,0,0,0,0,0,0,0,0,0,0,0,0,0,0,0,0,0,0,0,0
Sao Tome and Principe,Food Processing,Emissions (CH4),kilotonnes,0.0001,0.0001,0.0001,0.0001,0.0001,0.0001,0.0003,0.0003,0.0003,0.0003,0.0004,0.0004,0.0003,0.0003,0.0003,0.0003,0.0003,0.0003,0.0003,0.0003,0.0003
Sao Tome and Principe,Food Processing,Emissions (N2O),kilotonnes,0,0,0,0,0,0,0,0,0,0,0,0,0,0,0,0,0,0,0,0,0
Sao Tome and Principe,Food Processing,Emissions (CO2),kilotonnes,0.0164,0.0175,0.0217,0.0227,0.0273,0.0319,0.1422,0.2243,0.208,0.2809,0.3256,0.3854,0.8339,0.7533,0.7736,0.7589,0.6503,0.5766,0.5283,0.5608,0.5281
Sao Tome and Principe,Food Processing,Emissions (CO2eq) from CH4 (AR5),kilotonnes,0.0028,0.0028,0.0028,0.0028,0.0028,0.0028,0.0084,0.0084,0.0084,0.0084,0.0112,0.0112,0.0084,0.0084,0.0084,0.0084,0.0084,0.0084,0.0084,0.0084,0.0086
Sao Tome and Principe,Food Processing,Emissions (CO2eq) from N2O (AR5),kilotonnes,0,0,0,0,0,0,0,0,0,0,0,0,0,0,0,0,0,0,0,0,0
Sao Tome and Principe,Food Processing,Emissions (CO2eq) (AR5),kilotonnes,0.0192,0.0203,0.0245,0.0255,0.0301,0.0347,0.1506,0.2327,0.2164,0.2893,0.3368,0.3966,0.8423,0.7617,0.782,0.7673,0.6587,0.585,0.5367,0.5692,0.5366
Sao Tome and Principe,Food Packaging,Emissions (CH4),kilotonnes,0,0,0,0,0,0,0,0,0,0,0,0,0,0,0,0,0,0,0,0,0
Sao Tome and Principe,Food Packaging,Emissions (N2O),kilotonnes,0,0,0,0,0,0,0,0,0,0,0,0,0,0,0,0,0,0,0,0,0
Sao Tome and Principe,Food Packaging,Emissions (CO2),kilotonnes,0,0,0,0,0,0,0,0,0,0,0,0.0001,0.0001,0,0.0001,0.0001,0.0001,0.0001,0.0001,0.0001,0.0001
Sao Tome and Principe,Food Packaging,Emissions (CO2eq) from CH4 (AR5),kilotonnes,0,0,0,0,0,0,0,0,0,0,0,0,0,0,0,0,0,0,0,0,0
Sao Tome and Principe,Food Packaging,Emissions (CO2eq) from N2O (AR5),kilotonnes,0,0,0,0,0,0,0,0,0,0,0,0,0,0,0,0,0,0,0,0,0
Sao Tome and Principe,Food Packaging,Emissions (CO2eq) (AR5),kilotonnes,0,0,0,0,0,0,0,0,0,0,0,0.0001,0.0001,0,0.0001,0.0001,0.0001,0.0001,0.0001,0.0001,0.0001
Sao Tome and Principe,Food Retail,Emissions (CH4),kilotonnes,0.0008,0.0008,0.0008,0.0009,0.0009,0.0009,0.0009,0.0024,0.0025,0.0029,0.0036,0.0038,0.0044,0.0044,0.005,0.0054,0.0059,0.006,0.006,0.0058,0.0059
Sao Tome and Principe,Food Retail,Emissions (N2O),kilotonnes,0,0,0,0,0,0,0,0,0,0,0,0,0,0,0,0,0,0,0,0,0
Sao Tome and Principe,Food Retail,Emissions (CO2),kilotonnes,0.0049,0.0053,0.006,0.0068,0.0075,0.0079,0.0087,0.163,0.1731,0.2454,0.318,0.3297,0.3871,0.3257,0.3733,0.4059,0.4384,0.451,0.451,0.4567,0.4301
Sao Tome and Principe,Food Retail,Emissions (CO2eq) from CH4 (AR5),kilotonnes,0.0225,0.0231,0.0236,0.0241,0.0247,0.0259,0.0264,0.0672,0.07,0.0812,0.1008,0.1064,0.1232,0.1232,0.14,0.1512,0.1652,0.168,0.168,0.1624,0.1653
Sao Tome and Principe,Food Retail,Emissions (CO2eq) from N2O (AR5),kilotonnes,0,0,0,0,0,0,0,0,0,0,0,0,0,0,0,0,0,0,0,0,0
Sao Tome and Principe,Food Retail,Emissions (CO2eq) (AR5),kilotonnes,0.0274,0.0283,0.0296,0.0309,0.0323,0.0339,0.0351,0.2302,0.2431,0.3266,0.4188,0.4361,0.5103,0.4489,0.5133,0.5571,0.6036,0.619,0.619,0.6191,0.5954
Sao Tome and Principe,Food Household Consumption,Emissions (CH4),kilotonnes,0.003,0.0056,0.0049,0.0066,0.0071,0.008,0.0083,0.0088,0.0093,0.0098,0.01,0.0108,0.0122,0.0122,0.0138,0.0151,0.0163,0.0175,0.0179,0.0179,0.0182
Sao Tome and Principe,Food Household Consumption,Emissions (N2O),kilotonnes,0,0,0,0.0001,0.0001,0.0001,0.0001,0.0001,0.0001,0.0001,0.0001,0.0001,0.0001,0.0001,0.0001,0.0001,0.0001,0.0001,0.0001,0.0001,0.0001
Sao Tome and Principe,Food Household Consumption,Emissions (CO2),kilotonnes,1.505,1.5238,2.0056,2.0175,2.5193,2.549,3.4123,3.7407,4.3766,4.5459,4.9701,5.153,5.4086,5.2453,5.3665,5.6271,5.9086,6.2457,6.5136,6.6355,6.2484
Sao Tome and Principe,Food Household Consumption,Emissions (CO2eq) from CH4 (AR5),kilotonnes,0.084,0.1568,0.1372,0.1848,0.1988,0.224,0.2324,0.2464,0.2604,0.2744,0.28,0.3024,0.3416,0.3416,0.3864,0.4228,0.4564,0.49,0.5012,0.5012,0.5102
Sao Tome and Principe,Food Household Consumption,Emissions (CO2eq) from N2O (AR5),kilotonnes,0,0,0,0.0265,0.0265,0.0265,0.0265,0.0265,0.0265,0.0265,0.0265,0.0265,0.0265,0.0265,0.0265,0.0265,0.0265,0.0265,0.0265,0.0265,0.027
Sao Tome and Principe,Food Household Consumption,Emissions (CO2eq) (AR5),kilotonnes,1.589,1.6806,2.1428,2.2288,2.7446,2.7995,3.6712,4.0136,4.6635,4.8468,5.2766,5.4819,5.7767,5.6134,5.7794,6.0764,6.3915,6.7622,7.0413,7.1632,6.7855
Sao Tome and Principe,Food Transport,Emissions (CH4),kilotonnes,0.0006,0.0006,0.0006,0.0007,0.0008,0.0008,0.0009,0.0008,0.0009,0.001,0.0011,0.0012,0.0013,0.0014,0.0014,0.0015,0.0016,0.0017,0.0018,0.0016,0.0016
Sao Tome and Principe,Food Transport,Emissions (N2O),kilotonnes,0.0001,0.0001,0.0001,0.0001,0.0001,0.0001,0.0001,0.0001,0.0001,0.0001,0.0002,0.0002,0.0002,0.0002,0.0002,0.0002,0.0002,0.0002,0.0002,0.0002,0.0002
Sao Tome and Principe,Food Transport,Emissions (CO2),kilotonnes,2.7353,2.7113,3.1208,3.4979,3.969,4.375,4.5415,4.619,5.088,5.608,6.035,6.1913,6.8137,7.2126,7.0892,7.6076,8.1559,8.5893,9.0338,8.2564,7.7748
Sao Tome and Principe,Food Transport,Emissions (CO2eq) from CH4 (AR5),kilotonnes,0.0168,0.0168,0.0168,0.0196,0.0224,0.0224,0.0252,0.0224,0.0252,0.028,0.0308,0.0336,0.0364,0.0392,0.0392,0.042,0.0448,0.0476,0.0504,0.0448,0.0456
Sao Tome and Principe,Food Transport,Emissions (CO2eq) from N2O (AR5),kilotonnes,0.0265,0.0265,0.0265,0.0265,0.0265,0.0265,0.0265,0.0265,0.0265,0.0265,0.053,0.053,0.053,0.053,0.053,0.053,0.053,0.053,0.053,0.053,0.0539
Sao Tome and Principe,Food Transport,Emissions (CO2eq) (AR5),kilotonnes,2.7786,2.7546,3.1641,3.544,4.0179,4.4239,4.5932,4.6679,5.1397,5.6625,6.1188,6.2779,6.9031,7.3048,7.1814,7.7026,8.2537,8.6899,9.1372,8.3542,7.8743
Sao Tome and Principe,Energy,Emissions (CH4),kilotonnes,0.635,0.651,0.665,0.681,0.698,0.732,0.746,0.761,0.775,0.793,0.809,0.826,0.819,0.828,0.837,0.879,0.896,0.943,0.965,0.952,0.969
Sao Tome and Principe,Energy,Emissions (N2O),kilotonnes,0.0065,0.0065,0.0069,0.0071,0.0075,0.0079,0.008,0.0082,0.0084,0.0086,0.0087,0.0088,0.0087,0.0088,0.0088,0.0093,0.0095,0.0098,0.01,0.0099,0.0101
Sao Tome and Principe,Energy,Emissions (CO2),kilotonnes,47.7,51.3,58.7,66,73.3,77,84.3,84.3,84.3,91.7,99,103,114,114,114,114,121,125,119,120,113
Sao Tome and Principe,Energy,Emissions (CO2eq) from CH4 (AR5),kilotonnes,17.78,18.228,18.62,19.068,19.544,20.496,20.888,21.308,21.7,22.204,22.652,23.128,22.932,23.184,23.436,24.612,25.088,26.404,27.02,26.656,27.132
Sao Tome and Principe,Energy,Emissions (CO2eq) from N2O (AR5),kilotonnes,1.7119,1.7278,1.8232,1.8868,1.9902,2.0988,2.128,2.1704,2.2127,2.2684,2.3108,2.3214,2.2923,2.3241,2.3241,2.4619,2.5122,2.6023,2.65,2.6315,2.6765
Sao Tome and Principe,Energy,Emissions (CO2eq) (AR5),kilotonnes,67.1919,71.2558,79.1432,86.9548,94.8341,99.5948,107.3159,107.7783,108.2127,116.1724,123.9628,128.4494,139.2242,139.508,139.7601,141.0738,148.6002,154.0063,148.67,149.2875,142.8085
Sao Tome and Principe,IPPU,Emissions (N2O),kilotonnes,0,0,0,0,0,0,0,0,0,0,0,0,0,0,0,0,0,0,0,0,0
Sao Tome and Principe,IPPU,Emissions (CO2),kilotonnes,0.666,0.682,0.717,0.639,0.78,0.781,0.801,0.851,0.835,0.88,0.917,0.97,0.995,1.08,1.05,1.02,1.01,1.04,1.04,1.11,1.14
Sao Tome and Principe,IPPU,Emissions (CO2eq) from N2O (AR5),kilotonnes,0.0004,0.0004,0.0004,0.0004,0.0004,0.0005,0.0005,0.0005,0.0005,0.0005,0.0005,0.0005,0.0005,0.0005,0.0006,0.0006,0.0006,0.0006,0.0006,0.0006,0.0006
Sao Tome and Principe,IPPU,Emissions (CO2eq) (AR5),kilotonnes,0.6664,0.6824,0.7174,0.6394,0.7804,0.7815,0.8015,0.8515,0.8355,0.8805,0.9175,0.9705,0.9955,1.0805,1.0506,1.0206,1.0106,1.0406,1.0406,1.1106,1.1406
Sao Tome and Principe,Waste,Emissions (CH4),kilotonnes,0.841,0.865,0.892,0.923,0.954,0.987,1.02,1.06,1.1,1.13,1.17,1.21,1.24,1.28,1.33,1.37,1.41,1.45,1.49,1.52,1.56
Sao Tome and Principe,Waste,Emissions (N2O),kilotonnes,0.0045,0.0046,0.0047,0.005,0.0053,0.0056,0.0057,0.0059,0.006,0.0062,0.0063,0.0062,0.0062,0.0062,0.0064,0.0066,0.0067,0.0067,0.007,0.007,0.0071
Sao Tome and Principe,Waste,Emissions (CO2eq) from CH4 (AR5),kilotonnes,23.548,24.22,24.976,25.844,26.712,27.636,28.56,29.68,30.8,31.64,32.76,33.88,34.72,35.84,37.24,38.36,39.48,40.6,41.72,42.56,43.68
Sao Tome and Principe,Waste,Emissions (CO2eq) from N2O (AR5),kilotonnes,1.1819,1.2084,1.2349,1.3144,1.4071,1.484,1.5184,1.5635,1.6006,1.6483,1.6668,1.6536,1.6404,1.6483,1.704,1.7437,1.7729,1.7861,1.8444,1.8497,1.8762
Sao Tome and Principe,Waste,Emissions (CO2eq) (AR5),kilotonnes,24.7299,25.4284,26.2109,27.1584,28.1192,29.12,30.0785,31.2435,32.4006,33.2883,34.4268,35.5336,36.3603,37.4883,38.944,40.1037,41.2528,42.3861,43.5644,44.4097,45.5562
Sao Tome and Principe,Other,Emissions (N2O),kilotonnes,0.0054,0.0055,0.0059,0.0062,0.0068,0.0071,0.0074,0.0076,0.0081,0.0086,0.009,0.0097,0.0097,0.0099,0.0098,0.0104,0.011,0.0115,0.0119,0.0121,0.0124
Sao Tome and Principe,Other,Emissions (CO2eq) from N2O (AR5),kilotonnes,1.4284,1.4496,1.5556,1.6536,1.7914,1.8921,1.9663,2.0034,2.1386,2.2658,2.385,2.5625,2.5811,2.6182,2.605,2.756,2.915,3.0475,3.1535,3.2065,3.286
Sao Tome and Principe,Other,Emissions (CO2eq) (AR5),kilotonnes,1.4284,1.4496,1.5556,1.6536,1.7914,1.8921,1.9663,2.0034,2.1386,2.2658,2.385,2.5625,2.5811,2.6182,2.605,2.756,2.915,3.0475,3.1535,3.2065,3.286
Sao Tome and Principe,Farm-gate emissions,Emissions (CH4),kilotonnes,0.202,0.2076,0.2195,0.2301,0.2051,0.1934,0.1752,0.1758,0.1661,0.1684,0.1566,0.1499,0.1567,0.1674,0.1735,0.1711,0.181,0.1917,0.1888,0.1878,0.1989
Sao Tome and Principe,Farm-gate emissions,Direct emissions (N2O),kilotonnes,0.0128,0.0136,0.0146,0.0154,0.0149,0.0148,0.0142,0.0147,0.0147,0.0146,0.0136,0.0134,0.014,0.0155,0.0158,0.0158,0.016,0.0174,0.0171,0.0171,0.0183
Sao Tome and Principe,Farm-gate emissions,Indirect emissions (N2O),kilotonnes,0.0033,0.0036,0.0039,0.0042,0.0042,0.0043,0.0042,0.0044,0.0046,0.0048,0.0046,0.0047,0.005,0.0054,0.0056,0.0056,0.0056,0.0062,0.006,0.006,0.0065
Sao Tome and Principe,Farm-gate emissions,Emissions (N2O),kilotonnes,0.0176,0.0195,0.0218,0.0235,0.0239,0.0247,0.0246,0.0265,0.0285,0.0303,0.0295,0.0305,0.0324,0.0357,0.037,0.0372,0.0374,0.0415,0.0398,0.0399,0.044
Sao Tome and Principe,Farm-gate emissions,Emissions (CO2),kilotonnes,0.4362,0.4138,0.432,0.5509,0.6383,0.6789,0.7097,0.7048,0.6957,0.6711,0.6824,0.7028,0.7445,0.7349,0.7379,0.7678,0.799,0.828,0.8469,0.8687,0.8687
Sao Tome and Principe,Farm-gate emissions,Emissions (CO2eq) from CH4 (AR5),kilotonnes,5.6566,5.8127,6.1468,6.4436,5.7423,5.415,4.9058,4.9224,4.6519,4.7144,4.384,4.1983,4.388,4.6863,4.859,4.7903,5.0687,5.3688,5.2865,5.2582,5.5687
Sao Tome and Principe,Farm-gate emissions,Emissions (CO2eq) from N2O (AR5),kilotonnes,4.652,5.1721,5.7803,6.2341,6.3289,6.5581,6.5175,7.0252,7.5579,8.0213,7.8272,8.082,8.5891,9.456,9.8148,9.86,9.9214,10.9943,10.541,10.5633,11.6557
Sao Tome and Principe,Farm-gate emissions,Emissions (CO2eq) (AR5),kilotonnes,10.7448,11.3986,12.3591,13.2286,12.7095,12.652,12.1331,12.6525,12.9054,13.4067,12.8936,12.9831,13.7216,14.8772,15.4117,15.4181,15.7891,17.1911,16.6744,16.6902,18.0931
Sao Tome and Principe,Land Use change,Emissions (CH4),kilotonnes,0,0,0,0,0,0,0,0,0,0,0,0,0,0,0,0,0,0,0,0,0
Sao Tome and Principe,Land Use change,Emissions (N2O),kilotonnes,0,0,0,0,0,0,0,0,0,0,0,0,0,0,0,0,0,0,0,0,0
Sao Tome and Principe,Land Use change,Emissions (CO2),kilotonnes,9.029,9.029,9.029,9.029,9.029,9.029,9.029,9.029,9.029,9.029,9.029,215.3074,215.3074,215.3074,215.3074,215.3074,215.3074,215.3074,215.3074,215.3074,215.3074
Sao Tome and Principe,Land Use change,Emissions (CO2eq) from CH4 (AR5),kilotonnes,0,0,0,0,0,0,0,0,0,0,0,0,0,0,0,0,0,0,0,0,0
Sao Tome and Principe,Land Use change,Emissions (CO2eq) from N2O (AR5),kilotonnes,0,0,0,0,0,0,0,0,0,0,0,0,0,0,0,0,0,0,0,0,0
Sao Tome and Principe,Land Use change,Emissions (CO2eq) (AR5),kilotonnes,9.029,9.029,9.029,9.029,9.029,9.029,9.029,9.029,9.029,9.029,9.029,215.3074,215.3074,215.3074,215.3074,215.3074,215.3074,215.3074,215.3074,215.3074,215.3074
Sao Tome and Principe,Emissions on agricultural land,Emissions (CH4),kilotonnes,0.202,0.2076,0.2195,0.2301,0.2051,0.1934,0.1752,0.1758,0.1661,0.1684,0.1566,0.1499,0.1567,0.1674,0.1735,0.1711,0.181,0.1917,0.1888,0.1878,0.1989
Sao Tome and Principe,Emissions on agricultural land,Emissions (N2O),kilotonnes,0.0176,0.0195,0.0218,0.0235,0.0239,0.0247,0.0246,0.0265,0.0285,0.0303,0.0295,0.0305,0.0324,0.0357,0.037,0.0372,0.0374,0.0415,0.0398,0.0399,0.044
Sao Tome and Principe,Emissions on agricultural land,Emissions (CO2),kilotonnes,9.4652,9.4428,9.4611,9.5799,9.6673,9.7079,9.7387,9.7339,9.7247,9.7001,9.7115,216.0102,216.0519,216.0423,216.0453,216.0752,216.1064,216.1354,216.1543,216.1761,216.1761
Sao Tome and Principe,Emissions on agricultural land,Emissions (CO2eq) from CH4 (AR5),kilotonnes,5.6566,5.8127,6.1468,6.4436,5.7423,5.415,4.9058,4.9224,4.6519,4.7144,4.384,4.1983,4.388,4.6863,4.859,4.7903,5.0687,5.3688,5.2865,5.2582,5.5687
Sao Tome and Principe,Emissions on agricultural land,Emissions (CO2eq) from N2O (AR5),kilotonnes,4.652,5.1721,5.7803,6.2341,6.3289,6.5581,6.5175,7.0252,7.5579,8.0213,7.8272,8.082,8.5891,9.456,9.8148,9.86,9.9214,10.9943,10.541,10.5633,11.6557
Sao Tome and Principe,Emissions on agricultural land,Emissions (CO2eq) (AR5),kilotonnes,19.7738,20.4276,21.3881,22.2576,21.7385,21.6811,21.1621,21.6815,21.9344,22.4358,21.9226,228.2905,229.029,230.1846,230.7191,230.7255,231.0965,232.4985,231.9818,231.9976,233.4005
Sao Tome and Principe,Pre- and post- production,Emissions (CH4),kilotonnes,0.174,0.2859,0.3521,0.4012,0.4356,0.462,0.4819,0.4992,0.5137,0.5258,0.5362,0.5452,0.5547,0.5622,0.5696,0.5771,0.5849,0.5926,0.5989,0.6042,0.6106
Sao Tome and Principe,Pre- and post- production,Emissions (N2O),kilotonnes,0.0026,0.0026,0.0027,0.0032,0.0032,0.0033,0.0034,0.0035,0.0036,0.0037,0.0038,0.0036,0.0037,0.0038,0.0039,0.004,0.004,0.004,0.0041,0.0041,0.0042
Sao Tome and Principe,Pre- and post- production,Emissions (CO2),kilotonnes,4.2616,4.2579,5.1541,5.5449,6.5231,6.9638,8.1047,8.747,9.8457,10.6802,11.6487,12.0595,13.4434,13.5369,13.6027,14.3996,15.1533,15.8627,16.5268,15.9095,14.9814
Sao Tome and Principe,Pre- and post- production,Emissions (CO2eq) from CH4 (AR5),kilotonnes,4.8723,8.0051,9.8577,11.2326,12.1963,12.935,13.492,13.9778,14.3822,14.7218,15.0126,15.2657,15.5316,15.7419,15.9479,16.159,16.3765,16.5921,16.7693,16.9168,17.0971
Sao Tome and Principe,Pre- and post- production,Emissions (CO2eq) from N2O (AR5),kilotonnes,0.6814,0.6914,0.7262,0.8379,0.8576,0.8779,0.9054,0.9324,0.9473,0.9825,1.0022,0.964,0.9893,1.008,1.0414,1.052,1.0489,1.0588,1.0768,1.0953,1.1156
Sao Tome and Principe,Pre- and post- production,Emissions (CO2eq) (AR5),kilotonnes,9.8154,12.9543,15.738,17.6153,19.577,20.7767,22.5021,23.6572,25.1752,26.3845,27.6635,28.2892,29.9643,30.2868,30.592,31.6105,32.5787,33.5136,34.3729,33.9216,33.1942
Sao Tome and Principe,Agri-food systems,Emissions (CH4),kilotonnes,0.376,0.4935,0.5716,0.6313,0.6407,0.6554,0.6571,0.675,0.6798,0.6942,0.6927,0.6951,0.7114,0.7296,0.7431,0.7482,0.7659,0.7843,0.7877,0.792,0.8095
Sao Tome and Principe,Agri-food systems,Emissions (N2O),kilotonnes,0.0201,0.0221,0.0246,0.0267,0.0271,0.0281,0.028,0.03,0.0321,0.034,0.0333,0.0341,0.0361,0.0395,0.041,0.0412,0.0414,0.0455,0.0438,0.044,0.0482
Sao Tome and Principe,Agri-food systems,Emissions (CO2),kilotonnes,13.7268,13.7007,14.6152,15.1248,16.1905,16.6717,17.8434,18.4809,19.5704,20.3803,21.3602,228.0697,229.4953,229.5792,229.648,230.4748,231.2597,231.9981,232.6811,232.0856,231.1576
Sao Tome and Principe,Agri-food systems,Emissions (CO2eq) from CH4 (AR5),kilotonnes,10.5289,13.8178,16.0045,17.6762,17.9386,18.35,18.3978,18.9003,19.0341,19.4362,19.3966,19.4641,19.9196,20.4281,20.8069,20.9493,21.4452,21.9609,22.0558,22.175,22.6658
Sao Tome and Principe,Agri-food systems,Emissions (CO2eq) from N2O (AR5),kilotonnes,5.3335,5.8635,6.5064,7.072,7.1865,7.436,7.423,7.9575,8.5051,9.0038,8.8293,9.046,9.5784,10.4641,10.8562,10.912,10.9704,12.0531,11.6178,11.6586,12.7713
Sao Tome and Principe,Agri-food systems,Emissions (CO2eq) (AR5),kilotonnes,29.5892,33.382,37.1261,39.873,41.3156,42.4577,43.6642,45.3387,47.1096,48.8203,49.5861,256.5797,258.9933,260.4714,261.3111,262.336,263.6752,266.012,266.3547,265.9192,266.5947
Sao Tome and Principe,IPCC Agriculture,Emissions (CH4),kilotonnes,0.202,0.2076,0.2195,0.2301,0.205,0.1933,0.1752,0.1757,0.1661,0.1683,0.1565,0.1499,0.1567,0.1673,0.1735,0.171,0.181,0.1917,0.1887,0.1877,0.1988
Sao Tome and Principe,IPCC Agriculture,Emissions (CH4),kilotonnes,,,,,,,,,,,,,0.3265,,,,,,,,
Sao Tome and Principe,IPCC Agriculture,Direct emissions (N2O),kilotonnes,0.0128,0.0136,0.0146,0.0154,0.0149,0.0148,0.0142,0.0147,0.0147,0.0146,0.0136,0.0134,0.014,0.0155,0.0158,0.0158,0.016,0.0174,0.0171,0.0171,0.0183
Sao Tome and Principe,IPCC Agriculture,Indirect emissions (N2O),kilotonnes,0.0033,0.0036,0.0039,0.0042,0.0042,0.0043,0.0042,0.0044,0.0046,0.0048,0.0046,0.0047,0.005,0.0054,0.0056,0.0056,0.0056,0.0062,0.006,0.006,0.0065
Sao Tome and Principe,IPCC Agriculture,Emissions (N2O),kilotonnes,0.0176,0.0195,0.0218,0.0235,0.0239,0.0247,0.0246,0.0265,0.0285,0.0303,0.0295,0.0305,0.0324,0.0357,0.037,0.0372,0.0374,0.0415,0.0398,0.0399,0.044
Sao Tome and Principe,IPCC Agriculture,Emissions (N2O),kilotonnes,,,,,,,,,,,,,0.057,,,,,,,,
Sao Tome and Principe,IPCC Agriculture,Emissions (CO2eq) from CH4 (AR5),kilotonnes,5.6556,5.8118,6.1458,6.4424,5.7408,5.4135,4.9042,4.9209,4.6503,4.7129,4.3825,4.1968,4.3863,4.6846,4.8574,4.7886,5.0669,5.367,5.2846,5.2562,5.5667
Sao Tome and Principe,IPCC Agriculture,Emissions (CO2eq) from CH4 (AR5),kilotonnes,,,,,,,,,,,,,9.142,,,,,,,,
Sao Tome and Principe,IPCC Agriculture,Emissions (CO2eq) from N2O (AR5),kilotonnes,4.6518,5.1719,5.7801,6.2339,6.3287,6.5578,6.5172,7.0249,7.5576,8.021,7.8269,8.0817,8.5888,9.4557,9.8145,9.8597,9.9211,10.9939,10.5406,10.563,11.6553
Sao Tome and Principe,IPCC Agriculture,Emissions (CO2eq) from N2O (AR5),kilotonnes,,,,,,,,,,,,,15.105,,,,,,,,
Sao Tome and Principe,IPCC Agriculture,Emissions (CO2eq) (AR5),kilotonnes,10.3074,10.9837,11.9259,12.6763,12.0695,11.9713,11.4215,11.9458,12.2079,12.7339,12.2094,12.2785,12.9751,14.1404,14.6719,14.6483,14.9881,16.3609,15.8252,15.8192,17.2221
Sao Tome and Principe,IPCC Agriculture,Emissions (CO2eq) (AR5),kilotonnes,,,,,,,,,,,,,24.247,,,,,,,,
Sao Tome and Principe,Agricultural Soils,Direct emissions (N2O),kilotonnes,0.0128,0.0136,0.0146,0.0154,0.0149,0.0148,0.0142,0.0147,0.0147,0.0146,0.0136,0.0134,0.014,0.0155,0.0158,0.0158,0.016,0.0174,0.0171,0.0171,0.0183
Sao Tome and Principe,Agricultural Soils,Indirect emissions (N2O),kilotonnes,0.0033,0.0036,0.0039,0.0042,0.0042,0.0043,0.0042,0.0044,0.0046,0.0048,0.0046,0.0047,0.005,0.0054,0.0056,0.0056,0.0056,0.0062,0.006,0.006,0.0065
Sao Tome and Principe,Agricultural Soils,Emissions (N2O),kilotonnes,0.0162,0.0172,0.0186,0.0196,0.019,0.019,0.0185,0.0192,0.0193,0.0194,0.0183,0.0181,0.019,0.0209,0.0214,0.0215,0.0217,0.0236,0.0231,0.0231,0.0248
Sao Tome and Principe,Agricultural Soils,Emissions (N2O),kilotonnes,,,,,,,,,,,,,0.0533,,,,,,,,
Sao Tome and Principe,Agricultural Soils,Emissions (CO2eq) from N2O (AR5),kilotonnes,4.2876,4.5577,4.9161,5.1811,5.0448,5.0426,4.891,5.0843,5.1209,5.1306,4.8373,4.798,5.0332,5.5429,5.6712,5.6846,5.7417,6.2558,6.1222,6.1122,6.5785
Sao Tome and Principe,Agricultural Soils,Emissions (CO2eq) from N2O (AR5),kilotonnes,,,,,,,,,,,,,14.1245,,,,,,,,
Sao Tome and Principe,Agricultural Soils,Emissions (CO2eq) (AR5),kilotonnes,4.2876,4.5577,4.9161,5.1811,5.0448,5.0426,4.891,5.0843,5.1209,5.1306,4.8373,4.798,5.0332,5.5429,5.6712,5.6846,5.7417,6.2558,6.1222,6.1122,6.5785
Sao Tome and Principe,Agricultural Soils,Emissions (CO2eq) (AR5),kilotonnes,,,,,,,,,,,,,14.1245,,,,,,,,
Sao Tome and Principe,LULUCF,Emissions (CH4),kilotonnes,0,0,0,0,0,0,0,0,0,0,0,0,0,0,0,0,0,0,0,0,0
Sao Tome and Principe,LULUCF,Emissions (CH4),kilotonnes,,,,,,,,,,,,,0.2504,,,,,,,,
Sao Tome and Principe,LULUCF,Emissions (N2O),kilotonnes,0,0,0,0,0,0,0,0,0,0,0,0,0,0,0,0,0,0,0,0,0
Sao Tome and Principe,LULUCF,Emissions (N2O),kilotonnes,,,,,,,,,,,,,0.0017,,,,,,,,
Sao Tome and Principe,LULUCF,Emissions (CO2),kilotonnes,9.029,9.029,9.029,9.029,9.029,9.029,9.029,9.029,9.029,9.029,9.029,215.3074,215.3074,215.3074,215.3074,215.3074,215.3074,215.3074,215.3074,215.3074,215.3074
Sao Tome and Principe,LULUCF,Emissions (CO2),kilotonnes,,,,,,,,,,,,,-326.633,,,,,,,,
Sao Tome and Principe,LULUCF,Emissions (CO2eq) from CH4 (AR5),kilotonnes,0,0,0,0,0,0,0,0,0,0,0,0,0,0,0,0,0,0,0,0,0
Sao Tome and Principe,LULUCF,Emissions (CO2eq) from N2O (AR5),kilotonnes,0,0,0,0,0,0,0,0,0,0,0,0,0,0,0,0,0,0,0,0,0
Sao Tome and Principe,LULUCF,Emissions (CO2eq) (AR5),kilotonnes,9.029,9.029,9.029,9.029,9.029,9.029,9.029,9.029,9.029,9.029,9.029,215.3074,215.3074,215.3074,215.3074,215.3074,215.3074,215.3074,215.3074,215.3074,215.3074
Sao Tome and Principe,LULUCF,Emissions (CO2eq) (AR5),kilotonnes,,,,,,,,,,,,,-326.633,,,,,,,,
Sao Tome and Principe,AFOLU,Emissions (CH4),kilotonnes,0.202,0.2076,0.2195,0.2301,0.205,0.1933,0.1752,0.1757,0.1661,0.1683,0.1565,0.1499,0.1567,0.1673,0.1735,0.171,0.181,0.1917,0.1887,0.1877,0.1988
Sao Tome and Principe,AFOLU,Emissions (N2O),kilotonnes,0.0176,0.0195,0.0218,0.0235,0.0239,0.0247,0.0246,0.0265,0.0285,0.0303,0.0295,0.0305,0.0324,0.0357,0.037,0.0372,0.0374,0.0415,0.0398,0.0399,0.044
Sao Tome and Principe,AFOLU,Emissions (CO2),kilotonnes,9.029,9.029,9.029,9.029,9.029,9.029,9.029,9.029,9.029,9.029,9.029,215.3074,215.3074,215.3074,215.3074,215.3074,215.3074,215.3074,215.3074,215.3074,215.3074
Sao Tome and Principe,AFOLU,Emissions (CO2eq) from CH4 (AR5),kilotonnes,5.6556,5.8118,6.1458,6.4424,5.7408,5.4135,4.9042,4.9209,4.6503,4.7129,4.3825,4.1968,4.3863,4.6846,4.8574,4.7886,5.0669,5.367,5.2846,5.2562,5.5667
Sao Tome and Principe,AFOLU,Emissions (CO2eq) from N2O (AR5),kilotonnes,4.6518,5.1719,5.7801,6.2339,6.3287,6.5578,6.5172,7.0249,7.5576,8.021,7.8269,8.0817,8.5888,9.4557,9.8145,9.8597,9.9211,10.9939,10.5406,10.563,11.6553
Sao Tome and Principe,AFOLU,Emissions (CO2eq) (AR5),kilotonnes,19.3365,20.0128,20.955,21.7053,21.0985,21.0004,20.4505,20.9748,21.2369,21.7629,21.2384,227.5859,228.2825,229.4478,229.9793,229.9557,230.2955,231.6683,231.1326,231.1266,232.5295
Sao Tome and Principe,All sectors with LULUCF,Emissions (CH4),kilotonnes,1.678,1.7236,1.7765,1.8341,1.857,1.9123,1.9412,1.9967,2.0411,2.0913,2.1355,2.1859,2.2157,2.2753,2.3405,2.42,2.487,2.5847,2.6437,2.6597,2.7278
Sao Tome and Principe,All sectors with LULUCF,Emissions (N2O),kilotonnes,0.0339,0.0361,0.0392,0.0418,0.0435,0.0454,0.0458,0.0482,0.051,0.0536,0.0535,0.0552,0.057,0.0606,0.0621,0.0635,0.0646,0.0695,0.0686,0.0689,0.0736
Sao Tome and Principe,All sectors with LULUCF,Emissions (CO2),kilotonnes,57.395,61.011,68.446,75.668,83.109,86.81,94.13,94.18,94.164,101.609,108.946,319.2774,330.3024,330.3874,330.3574,330.3274,337.3174,341.3474,335.3474,336.4174,329.4474
Sao Tome and Principe,All sectors with LULUCF,Emissions (CO2eq) from CH4 (AR5),kilotonnes,46.9836,48.2598,49.7418,51.3544,51.9968,53.5455,54.3522,55.9089,57.1503,58.5569,59.7945,61.2048,62.0383,63.7086,65.5334,67.7606,69.6349,72.371,74.0246,74.4722,76.3787
Sao Tome and Principe,All sectors with LULUCF,Emissions (CO2eq) from N2O (AR5),kilotonnes,8.9744,9.5581,10.3942,11.0891,11.5178,12.0332,12.1304,12.7626,13.51,14.2039,14.19,14.6198,15.103,16.0468,16.448,16.8218,17.1217,18.4304,18.1891,18.2512,19.4947
Sao Tome and Principe,All sectors with LULUCF,Emissions (CO2eq) (AR5),kilotonnes,113.353,118.8289,128.582,138.1115,146.6237,152.3887,160.6127,162.8515,164.8243,174.3699,182.9306,395.1019,407.4438,410.1429,412.3388,414.9098,424.0741,432.1488,427.5612,429.1409,425.3208
Sao Tome and Principe,All sectors without LULUCF,Emissions (CH4),kilotonnes,1.678,1.7236,1.7765,1.8341,1.857,1.9123,1.9412,1.9967,2.0411,2.0913,2.1355,2.1859,2.2157,2.2753,2.3405,2.42,2.487,2.5847,2.6437,2.6597,2.7278
Sao Tome and Principe,All sectors without LULUCF,Emissions (N2O),kilotonnes,0.0339,0.0361,0.0392,0.0418,0.0435,0.0454,0.0458,0.0482,0.051,0.0536,0.0535,0.0552,0.057,0.0606,0.0621,0.0635,0.0646,0.0695,0.0686,0.0689,0.0736
Sao Tome and Principe,All sectors without LULUCF,Emissions (CO2),kilotonnes,48.366,51.982,59.417,66.639,74.08,77.781,85.101,85.151,85.135,92.58,99.917,103.97,114.995,115.08,115.05,115.02,122.01,126.04,120.04,121.11,114.14
Sao Tome and Principe,All sectors without LULUCF,Emissions (CO2eq) from CH4 (AR5),kilotonnes,46.9836,48.2598,49.7418,51.3544,51.9968,53.5455,54.3522,55.9089,57.1503,58.5569,59.7945,61.2048,62.0383,63.7086,65.5334,67.7606,69.6349,72.371,74.0246,74.4722,76.3787
Sao Tome and Principe,All sectors without LULUCF,Emissions (CO2eq) from N2O (AR5),kilotonnes,8.9744,9.5581,10.3942,11.0891,11.5178,12.0332,12.1304,12.7626,13.51,14.2039,14.19,14.6198,15.103,16.0468,16.448,16.8218,17.1217,18.4304,18.1891,18.2512,19.4947
Sao Tome and Principe,All sectors without LULUCF,Emissions (CO2eq) (AR5),kilotonnes,104.324,109.7999,119.553,129.0825,137.5946,143.3597,151.5836,153.8225,155.7953,165.3408,173.9016,179.7945,192.1364,194.8355,197.0314,199.6024,208.7667,216.8414,212.2538,213.8335,210.0134
Saudi Arabia,Crop Residues,Direct emissions (N2O),kilotonnes,0.4435,0.5218,0.5729,0.5872,0.6277,0.5938,0.5944,0.5775,0.47,0.3051,0.3075,0.2775,0.2137,0.1732,0.3007,0.3082,0.2882,0.2857,0.2454,0.2437,0.2348
Saudi Arabia,Crop Residues,Indirect emissions (N2O),kilotonnes,0.0998,0.1174,0.1289,0.1321,0.1412,0.1336,0.1337,0.1299,0.1058,0.0687,0.0692,0.0624,0.0481,0.039,0.0677,0.0694,0.0648,0.0643,0.0552,0.0548,0.0528
Saudi Arabia,Crop Residues,Emissions (N2O),kilotonnes,0.5432,0.6393,0.7018,0.7193,0.7689,0.7274,0.7281,0.7074,0.5758,0.3738,0.3766,0.3399,0.2618,0.2121,0.3683,0.3776,0.353,0.3499,0.3006,0.2985,0.2877
Saudi Arabia,Crop Residues,Emissions (CO2eq) from N2O (AR5),kilotonnes,143.956,169.4029,185.9852,190.6156,203.7514,192.7712,192.9542,187.4705,152.576,99.0549,99.8107,90.0723,69.3764,56.2194,97.6084,100.0599,93.5499,92.7292,79.6631,79.0969,76.2298
Saudi Arabia,Crop Residues,Emissions (CO2eq) (AR5),kilotonnes,143.956,169.4029,185.9852,190.6156,203.7514,192.7712,192.9542,187.4705,152.576,99.0549,99.8107,90.0723,69.3764,56.2194,97.6084,100.0599,93.5499,92.7292,79.6631,79.0969,76.2298
Saudi Arabia,Rice Cultivation,Emissions (CH4),kilotonnes,0,0,0,0,0,0,0,0,0,0,0,0,0,0,0,0,0,0,0,0,0
Saudi Arabia,Rice Cultivation,Emissions (CO2eq) from CH4 (AR5),kilotonnes,0,0,0,0,0,0,0,0,0,0,0,0,0,0,0,0,0,0,0,0,0
Saudi Arabia,Rice Cultivation,Emissions (CO2eq) (AR5),kilotonnes,0,0,0,0,0,0,0,0,0,0,0,0,0,0,0,0,0,0,0,0,0
Saudi Arabia,Burning - Crop residues,Emissions (CH4),kilotonnes,0.4702,0.4713,0.5602,0.5835,0.6024,0.5936,0.5641,0.5508,0.4305,0.2912,0.2774,0.2496,0.1976,0.153,0.1657,0.1557,0.1465,0.138,0.1607,0.1503,0.1297
Saudi Arabia,Burning - Crop residues,Emissions (CH4),kilotonnes,2.27,,,,,,,,,,1.7077,,1.18,,,,,,,,
Saudi Arabia,Burning - Crop residues,Emissions (N2O),kilotonnes,0.0122,0.0122,0.0145,0.0151,0.0156,0.0154,0.0146,0.0143,0.0112,0.0075,0.0072,0.0065,0.0051,0.004,0.0043,0.004,0.0038,0.0036,0.0042,0.0039,0.0034
Saudi Arabia,Burning - Crop residues,Emissions (N2O),kilotonnes,0.04,,,,,,,,,,0.0291,,,,,,,,,,
Saudi Arabia,Burning - Crop residues,Emissions (CO2eq) from CH4 (AR5),kilotonnes,13.1659,13.1977,15.6861,16.3392,16.8683,16.6205,15.7957,15.4224,12.0529,8.1536,7.7681,6.9876,5.5336,4.2843,4.6383,4.3608,4.1025,3.8637,4.4986,4.2092,3.6315
Saudi Arabia,Burning - Crop residues,Emissions (CO2eq) from CH4 (AR5),kilotonnes,63.56,,,,,,,,,,47.8156,,33.04,,,,,,,,
Saudi Arabia,Burning - Crop residues,Emissions (CO2eq) from N2O (AR5),kilotonnes,3.2305,3.2383,3.8489,4.0092,4.139,4.0782,3.8758,3.7842,2.9574,2.0006,1.9061,1.7146,1.3578,1.0513,1.1381,1.07,1.0066,0.948,1.1038,1.0328,0.8911
Saudi Arabia,Burning - Crop residues,Emissions (CO2eq) from N2O (AR5),kilotonnes,10.6,,,,,,,,,,7.7115,,,,,,,,,,
Saudi Arabia,Burning - Crop residues,Emissions (CO2eq) (AR5),kilotonnes,16.3964,16.436,19.535,20.3483,21.0073,20.6987,19.6715,19.2066,15.0104,10.1542,9.6742,8.7022,6.8914,5.3356,5.7764,5.4308,5.1091,4.8117,5.6024,5.242,4.5225
Saudi Arabia,Burning - Crop residues,Emissions (CO2eq) (AR5),kilotonnes,74.16,,,,,,,,,,55.5271,,33.04,,,,,,,,
Saudi Arabia,Enteric Fermentation,Emissions (CH4),kilotonnes,85.5585,86.8684,87.0011,88.0244,94.8129,96.9243,92.8969,93.8168,84.5031,75.9368,86.5581,94.6803,97.1059,104.7644,100.4921,102.0313,103.0281,104.0381,106.5043,110.5269,127.3663
Saudi Arabia,Enteric Fermentation,Emissions (CH4),kilotonnes,74.64,,,,,,,,,,59.2706,,64.9,,,,,,,,
Saudi Arabia,Enteric Fermentation,Emissions (CO2eq) from CH4 (AR5),kilotonnes,2395.6392,2432.3153,2436.0307,2464.6843,2654.7606,2713.8801,2601.1127,2626.8705,2366.086,2126.2291,2423.6256,2651.0492,2718.9664,2933.4035,2813.7796,2856.876,2884.7882,2913.0673,2982.1196,3094.7543,3566.2566
Saudi Arabia,Enteric Fermentation,Emissions (CO2eq) from CH4 (AR5),kilotonnes,2089.92,,,,,,,,,,1659.5768,,1817.2,,,,,,,,
Saudi Arabia,Enteric Fermentation,Emissions (CO2eq) (AR5),kilotonnes,2395.6392,2432.3153,2436.0307,2464.6843,2654.7606,2713.8801,2601.1127,2626.8705,2366.086,2126.2291,2423.6256,2651.0492,2718.9664,2933.4035,2813.7796,2856.876,2884.7882,2913.0673,2982.1196,3094.7543,3566.2566
Saudi Arabia,Enteric Fermentation,Emissions (CO2eq) (AR5),kilotonnes,2089.92,,,,,,,,,,1659.5768,,1817.2,,,,,,,,
Saudi Arabia,Manure Management,Emissions (CH4),kilotonnes,5.3135,5.5763,5.68,5.8167,6.094,6.238,6.1346,6.2331,5.948,5.669,6.0279,6.8456,6.9921,7.3271,7.356,7.4405,7.5263,7.7243,7.7697,7.988,8.6488
Saudi Arabia,Manure Management,Emissions (CH4),kilotonnes,12.78,,,,,,,,,,13.0856,,16.6,,,,,,,,
Saudi Arabia,Manure Management,Emissions (N2O),kilotonnes,0.1071,0.1162,0.1208,0.1253,0.1274,0.1318,0.1329,0.1372,0.1379,0.139,0.1408,0.1645,0.169,0.1714,0.1682,0.1696,0.1747,0.1819,0.1871,0.1924,0.199
Saudi Arabia,Manure Management,Emissions (N2O),kilotonnes,9.3,,,,,,,,,,8.5901,,10.5,,,,,,,,
Saudi Arabia,Manure Management,Emissions (CO2eq) from CH4 (AR5),kilotonnes,148.7777,156.1361,159.041,162.8675,170.6309,174.6634,171.7683,174.5255,166.5442,158.7313,168.781,191.6758,195.778,205.1583,205.9694,208.3339,210.7376,216.2818,217.5529,223.6636,242.1658
Saudi Arabia,Manure Management,Emissions (CO2eq) from CH4 (AR5),kilotonnes,357.84,,,,,,,,,,366.3968,,464.8,,,,,,,,
Saudi Arabia,Manure Management,Emissions (CO2eq) from N2O (AR5),kilotonnes,28.3885,30.7874,31.9995,33.2164,33.749,34.9194,35.2189,36.3499,36.5404,36.8304,37.314,43.589,44.7898,45.411,44.5642,44.9343,46.2943,48.1922,49.5931,50.989,52.7269
Saudi Arabia,Manure Management,Emissions (CO2eq) from N2O (AR5),kilotonnes,2464.5,,,,,,,,,,2276.3765,,2782.5,,,,,,,,
Saudi Arabia,Manure Management,Emissions (CO2eq) (AR5),kilotonnes,177.1662,186.9235,191.0405,196.084,204.3799,209.5828,206.9872,210.8755,203.0846,195.5617,206.0949,235.2648,240.5678,250.5694,250.5335,253.2682,257.0319,264.474,267.1461,274.6525,294.8927
Saudi Arabia,Manure Management,Emissions (CO2eq) (AR5),kilotonnes,2822.34,,,,,,,,,,2642.7733,,3247.3,,,,,,,,
Saudi Arabia,Manure left on Pasture,Direct emissions (N2O),kilotonnes,4.1631,4.3588,4.408,4.483,4.7316,4.8661,4.6809,4.7528,4.4308,4.1051,4.5234,5.0499,5.1797,5.4807,5.0186,5.0916,5.1754,5.2795,5.4145,5.6118,6.4084
Saudi Arabia,Manure left on Pasture,Indirect emissions (N2O),kilotonnes,1.4675,1.5278,1.5352,1.5545,1.6528,1.6978,1.6117,1.6193,1.4796,1.3362,1.5172,1.6831,1.7139,1.835,1.6693,1.6963,1.7201,1.7483,1.7768,1.8259,2.1169
Saudi Arabia,Manure left on Pasture,Emissions (N2O),kilotonnes,5.6305,5.8866,5.9432,6.0375,6.3844,6.5639,6.2926,6.3721,5.9104,5.4413,6.0406,6.733,6.8936,7.3156,6.6879,6.788,6.8955,7.0278,7.1913,7.4377,8.5252
Saudi Arabia,Manure left on Pasture,Emissions (CO2eq) from N2O (AR5),kilotonnes,1492.0923,1559.9394,1574.9513,1599.9474,1691.8757,1739.4285,1667.5304,1688.6024,1566.2539,1441.9445,1600.7601,1784.2379,1826.8039,1938.6463,1772.2848,1798.8095,1827.3079,1862.3612,1905.6952,1970.9964,2259.1893
Saudi Arabia,Manure left on Pasture,Emissions (CO2eq) (AR5),kilotonnes,1492.0923,1559.9394,1574.9513,1599.9474,1691.8757,1739.4285,1667.5304,1688.6024,1566.2539,1441.9445,1600.7601,1784.2379,1826.8039,1938.6463,1772.2848,1798.8095,1827.3079,1862.3612,1905.6952,1970.9964,2259.1893
Saudi Arabia,Manure applied to Soils,Direct emissions (N2O),kilotonnes,0.2094,0.2273,0.2362,0.2452,0.249,0.2577,0.2596,0.2673,0.2687,0.2708,0.2749,0.3217,0.3298,0.3347,0.3299,0.3327,0.3429,0.3571,0.3662,0.3753,0.3862
Saudi Arabia,Manure applied to Soils,Indirect emissions (N2O),kilotonnes,0.089,0.0966,0.1004,0.1042,0.1058,0.1095,0.1103,0.1136,0.1142,0.1151,0.1168,0.1367,0.1402,0.1423,0.1402,0.1414,0.1457,0.1518,0.1556,0.1595,0.1641
Saudi Arabia,Manure applied to Soils,Emissions (N2O),kilotonnes,0.2984,0.3239,0.3365,0.3494,0.3548,0.3672,0.37,0.3809,0.3829,0.3859,0.3918,0.4585,0.47,0.477,0.4702,0.4741,0.4886,0.5089,0.5218,0.5347,0.5504
Saudi Arabia,Manure applied to Soils,Emissions (CO2eq) from N2O (AR5),kilotonnes,79.0815,85.8222,89.1809,92.5833,94.033,97.3037,98.0456,100.9426,101.4817,102.2564,103.8148,121.4958,124.5554,126.406,124.5944,125.6258,129.4775,134.8623,138.2845,141.7054,145.8458
Saudi Arabia,Manure applied to Soils,Emissions (CO2eq) (AR5),kilotonnes,79.0815,85.8222,89.1809,92.5833,94.033,97.3037,98.0456,100.9426,101.4817,102.2564,103.8148,121.4958,124.5554,126.406,124.5944,125.6258,129.4775,134.8623,138.2845,141.7054,145.8458
Saudi Arabia,Synthetic Fertilizers,Direct emissions (N2O),kilotonnes,3.5829,3.5052,3.5247,3.6929,3.74,3.0486,3.2371,3.63,2.64,2.3571,2.3414,2.915,3.2371,2.6966,2.5771,3.0957,3.1696,2.8066,2.8003,2.8003,2.8003
Saudi Arabia,Synthetic Fertilizers,Indirect emissions (N2O),kilotonnes,1.1644,1.1392,1.1455,1.2002,1.2155,0.9908,1.0521,1.1797,0.858,0.7661,0.761,0.9474,1.0521,0.8764,0.8376,1.0061,1.0301,0.9121,0.9101,0.9101,0.9101
Saudi Arabia,Synthetic Fertilizers,Emissions (N2O),kilotonnes,4.7473,4.6444,4.6702,4.893,4.9555,4.0394,4.2892,4.8097,3.498,3.1232,3.1024,3.8624,4.2892,3.573,3.4147,4.1018,4.1997,3.7187,3.7104,3.7104,3.7104
Saudi Arabia,Synthetic Fertilizers,Emissions (CO2eq) from N2O (AR5),kilotonnes,1258.0307,1230.7734,1237.6153,1296.6545,1313.2075,1070.4296,1136.6418,1274.5837,926.97,827.6518,822.1341,1023.5294,1136.6418,946.8336,904.8993,1086.9827,1112.9158,985.4574,983.2503,983.2503,983.2503
Saudi Arabia,Synthetic Fertilizers,Emissions (CO2eq) (AR5),kilotonnes,1258.0307,1230.7734,1237.6153,1296.6545,1313.2075,1070.4296,1136.6418,1274.5837,926.97,827.6518,822.1341,1023.5294,1136.6418,946.8336,904.8993,1086.9827,1112.9158,985.4574,983.2503,983.2503,983.2503
Saudi Arabia,Drained organic soils,Emissions (CO2eq) (AR5),kilotonnes,0,0,0,0,0,0,0,0,0,0,0,0,0,0,0,0,0,0,0,0,0
Saudi Arabia,Drained organic soils (CO2),Emissions (CO2),kilotonnes,0,0,0,0,0,0,0,0,0,0,0,0,0,0,0,0,0,0,0,0,0
Saudi Arabia,Drained organic soils (CO2),Emissions (CO2eq) (AR5),kilotonnes,0,0,0,0,0,0,0,0,0,0,0,0,0,0,0,0,0,0,0,0,0
Saudi Arabia,Drained organic soils (N2O),Emissions (N2O),kilotonnes,0,0,0,0,0,0,0,0,0,0,0,0,0,0,0,0,0,0,0,0,0
Saudi Arabia,Drained organic soils (N2O),Emissions (CO2eq) from N2O (AR5),kilotonnes,0,0,0,0,0,0,0,0,0,0,0,0,0,0,0,0,0,0,0,0,0
Saudi Arabia,Drained organic soils (N2O),Emissions (CO2eq) (AR5),kilotonnes,0,0,0,0,0,0,0,0,0,0,0,0,0,0,0,0,0,0,0,0,0
Saudi Arabia,On-farm energy use,Emissions (CH4),kilotonnes,1.1387,1.217,1.3457,1.4349,1.3875,1.3978,1.4716,1.5984,1.7134,1.6452,1.7524,1.8179,1.8827,1.8831,1.931,2.0335,1.7992,1.6052,1.7107,1.6666,1.6666
Saudi Arabia,On-farm energy use,Emissions (N2O),kilotonnes,2.1111,2.2091,2.2588,2.2384,2.3187,2.4697,2.6974,3.1332,3.5716,3.5703,3.5873,3.6846,3.827,3.5682,3.6212,3.7698,3.3247,2.1572,1.4875,1.0608,1.0608
Saudi Arabia,On-farm energy use,Emissions (CO2),kilotonnes,8849.841,9535.7212,10740.6927,11393.4794,10927.1464,11232.6464,12032.3142,13466.1635,14791.2757,13926.2021,14721.6785,15048.6275,15245.168,14545.1616,14800.5857,15818.0977,13906.6769,11245.536,11878.1007,11293.6037,11293.6037
Saudi Arabia,On-farm energy use,Emissions (CO2eq) from CH4 (AR5),kilotonnes,31.8827,34.0765,37.6794,40.1764,38.8494,39.1381,41.2054,44.7541,47.9749,46.0648,49.0684,50.9004,52.7165,52.7261,54.0694,56.9387,50.3771,44.9453,47.8986,46.6644,46.6644
Saudi Arabia,On-farm energy use,Emissions (CO2eq) from N2O (AR5),kilotonnes,559.4377,585.4227,598.5774,593.1892,614.4581,654.4621,714.8219,830.2945,946.4789,946.1374,950.6372,976.4062,1014.1464,945.5732,959.6192,998.99,881.0524,571.6643,394.1897,281.1038,281.1038
Saudi Arabia,On-farm energy use,Emissions (CO2eq) (AR5),kilotonnes,9441.1614,10155.2203,11376.9495,12026.8451,11580.4539,11926.2466,12788.3415,14341.2121,15785.7294,14918.4043,15721.3841,16075.9341,16312.0309,15543.4609,15814.2742,16874.0264,14838.1064,11862.1455,12320.1889,11621.3719,11621.3719
Saudi Arabia,Forestland,Emissions (CO2),kilotonnes,0,0,0,0,0,0,0,0,0,0,0,0,0,0,0,0,0,0,0,0,0
Saudi Arabia,Forestland,Emissions (CO2eq) (AR5),kilotonnes,0,0,0,0,0,0,0,0,0,0,0,0,0,0,0,0,0,0,0,0,0
Saudi Arabia,Net Forest conversion,Emissions (CO2),kilotonnes,0,0,0,0,0,0,0,0,0,0,0,0,0,0,0,0,0,0,0,0,0
Saudi Arabia,Net Forest conversion,Emissions (CO2eq) (AR5),kilotonnes,0,0,0,0,0,0,0,0,0,0,0,0,0,0,0,0,0,0,0,0,0
Saudi Arabia,Savanna fires,Emissions (CH4),kilotonnes,0.0111,0.3287,0.653,0.3371,0.4035,0.4568,0.396,0.4876,0.0951,0.1559,0.1161,0.0475,0.0338,0.0278,0.0254,0.0946,0.0322,0.0305,0.059,0.0121,0.0629
Saudi Arabia,Savanna fires,Emissions (N2O),kilotonnes,0.001,0.03,0.0596,0.0308,0.0368,0.0417,0.0362,0.0445,0.0087,0.0142,0.0106,0.0043,0.0031,0.0025,0.0023,0.0086,0.0029,0.0028,0.0054,0.0011,0.0057
Saudi Arabia,Savanna fires,Emissions (CO2eq) from CH4 (AR5),kilotonnes,0.312,9.2035,18.2826,9.439,11.2985,12.789,11.0867,13.6538,2.6622,4.3651,3.2505,1.33,0.9475,0.777,0.7108,2.6478,0.901,0.8545,1.6516,0.3392,1.7625
Saudi Arabia,Savanna fires,Emissions (CO2eq) from N2O (AR5),kilotonnes,0.2695,7.953,15.7986,8.1566,9.7634,11.0514,9.5804,11.7987,2.3005,3.7721,2.8088,1.1493,0.8188,0.6715,0.6142,2.288,0.7786,0.7384,1.4272,0.2931,1.5231
Saudi Arabia,Savanna fires,Emissions (CO2eq) (AR5),kilotonnes,0.5815,17.1566,34.0812,17.5956,21.062,23.8404,20.6671,25.4525,4.9627,8.1372,6.0593,2.4794,1.7663,1.4485,1.3249,4.9358,1.6796,1.5929,3.0788,0.6324,3.2856
Saudi Arabia,Fires in organic soils,Emissions (CH4),kilotonnes,0,0,0,0,0,0,0,0,0,0,0,0,0,0,0,0,0,0,0,0,0
Saudi Arabia,Fires in organic soils,Emissions (CO2),kilotonnes,0,0,0,0,0,0,0,0,0,0,0,0,0,0,0,0,0,0,0,0,0
Saudi Arabia,Fires in organic soils,Emissions (CO2eq) from CH4 (AR5),kilotonnes,0,0,0,0,0,0,0,0,0,0,0,0,0,0,0,0,0,0,0,0,0
Saudi Arabia,Fires in organic soils,Emissions (CO2eq) (AR5),kilotonnes,0,0,0,0,0,0,0,0,0,0,0,0,0,0,0,0,0,0,0,0,0
Saudi Arabia,Forest fires,Emissions (CH4),kilotonnes,0,0,0,0,0,0,0,0,0,0,0,0,0,0,0,0,0,0,0,0,0
Saudi Arabia,Forest fires,Emissions (N2O),kilotonnes,0,0,0,0,0,0,0,0,0,0,0,0,0,0,0,0,0,0,0,0,0
Saudi Arabia,Forest fires,Emissions (CO2eq) from CH4 (AR5),kilotonnes,0,0,0,0,0,0,0,0,0,0,0,0,0,0,0,0,0,0,0,0,0
Saudi Arabia,Forest fires,Emissions (CO2eq) from N2O (AR5),kilotonnes,0,0,0,0,0,0,0,0,0,0,0,0,0,0,0,0,0,0,0,0,0
Saudi Arabia,Forest fires,Emissions (CO2eq) (AR5),kilotonnes,0,0,0,0,0,0,0,0,0,0,0,0,0,0,0,0,0,0,0,0,0
Saudi Arabia,Fires in humid tropical forests,Emissions (CH4),kilotonnes,0,0,0,0,0,0,0,0,0,0,0,0,0,0,0,0,0,0,0,0,0
Saudi Arabia,Fires in humid tropical forests,Emissions (N2O),kilotonnes,0,0,0,0,0,0,0,0,0,0,0,0,0,0,0,0,0,0,0,0,0
Saudi Arabia,Fires in humid tropical forests,Emissions (CO2eq) from CH4 (AR5),kilotonnes,0,0,0,0,0,0,0,0,0,0,0,0,0,0,0,0,0,0,0,0,0
Saudi Arabia,Fires in humid tropical forests,Emissions (CO2eq) from N2O (AR5),kilotonnes,0,0,0,0,0,0,0,0,0,0,0,0,0,0,0,0,0,0,0,0,0
Saudi Arabia,Fires in humid tropical forests,Emissions (CO2eq) (AR5),kilotonnes,0,0,0,0,0,0,0,0,0,0,0,0,0,0,0,0,0,0,0,0,0
Saudi Arabia,Waste - agri-food systems,Emissions (CH4),kilotonnes,287.0145,292.0359,296.8571,301.6976,306.4426,311.2131,315.7556,320.1032,324.3609,328.2514,332.2962,336.1652,340.0329,344.0883,346.5338,357.5079,360.3894,362.1834,364.3375,366.6165,368.6058
Saudi Arabia,Waste - agri-food systems,Emissions (N2O),kilotonnes,0.6952,0.7072,0.72,0.7379,0.7588,0.7993,0.8229,0.867,0.8655,0.8894,0.9716,1.0011,1.0558,1.0704,1.0675,1.2336,1.2262,1.2288,1.2333,1.2395,1.2451
Saudi Arabia,Waste - agri-food systems,Emissions (CO2),kilotonnes,86.4743,86.3784,86.4759,86.9069,87.5111,88.3056,88.7637,89.0922,89.8342,89.1957,89.8877,90.6857,90.9923,91.0402,91.0832,90.6004,90.5526,90.7706,91.3384,91.2851,90.8414
Saudi Arabia,Waste - agri-food systems,Emissions (CO2eq) from CH4 (AR5),kilotonnes,8036.4065,8177.0066,8311.9999,8447.5323,8580.3926,8713.9678,8841.1563,8962.8897,9082.1043,9191.04,9304.2923,9412.6252,9520.9209,9634.4737,9702.9476,10010.2202,10090.9027,10141.1344,10201.4505,10265.2624,10320.9631
Saudi Arabia,Waste - agri-food systems,Emissions (CO2eq) from N2O (AR5),kilotonnes,184.2407,187.4163,190.8056,195.5434,201.0949,211.8274,218.0647,229.7536,229.3647,235.6888,257.4653,265.2996,279.7927,283.6509,282.8756,326.9123,324.9404,325.6435,326.822,328.4701,329.9607
Saudi Arabia,Waste - agri-food systems,Emissions (CO2eq) (AR5),kilotonnes,8307.1215,8450.8013,8589.2814,8729.9826,8868.9986,9014.1009,9147.9847,9281.7355,9401.3032,9515.9245,9651.6453,9768.6104,9891.7059,10009.1648,10076.9065,10427.7329,10506.3956,10557.5485,10619.6108,10685.0176,10741.7651
Saudi Arabia,Fertilizers Manufacturing,Emissions (CO2),kilotonnes,4639.4264,5000.5275,5610.8504,5732.7947,5427.6377,5688.4069,6508.1153,8021.1037,7851.11,8032.6999,7835.0515,8173.3569,8823.511,9191.7106,7920.7455,9650.921,9867.6305,9316.6822,10038.0537,10123.6961,9916.3206
Saudi Arabia,Fertilizers Manufacturing,Emissions (CO2eq) (AR5),kilotonnes,4639.4264,5000.5275,5610.8504,5732.7947,5427.6377,5688.4069,6508.1153,8021.1037,7851.11,8032.6999,7835.0515,8173.3569,8823.511,9191.7106,7920.7455,9650.921,9867.6305,9316.6822,10038.0537,10123.6961,9916.3206
Saudi Arabia,On-farm electricity use,Emissions (CH4),kilotonnes,2.7179,2.8547,3.1679,3.1991,3.5038,3.7966,4.0558,3.8014,4.153,6.0741,4.3438,4.543,5.029,5.1477,5.4922,5.594,5.5475,5.4124,5.4391,5.4285,5.4285
Saudi Arabia,On-farm electricity use,Emissions (N2O),kilotonnes,0.0145,0.0152,0.0169,0.0171,0.0187,0.0203,0.0217,0.0203,0.0222,0.0324,0.0232,0.0243,0.0269,0.0275,0.0293,0.0299,0.0297,0.0289,0.0291,0.029,0.029
Saudi Arabia,On-farm electricity use,Emissions (CO2),kilotonnes,1824.192,1849.7548,1982.2894,1965.2651,2202.097,2338.6905,2531.9266,2300.3098,2545.9434,3833.1109,2667.1555,2856.1762,3093.8624,3186.5699,3399.7507,3462.7673,3434.0473,3350.4097,3366.9496,3360.3894,3360.3894
Saudi Arabia,On-farm electricity use,Emissions (CO2eq) from CH4 (AR5),kilotonnes,76.1012,79.9316,88.7012,89.5748,98.1064,106.3048,113.5624,106.4392,116.284,170.0748,121.6264,127.204,140.812,144.1356,153.7816,156.632,155.33,151.5472,152.2948,151.998,151.998
Saudi Arabia,On-farm electricity use,Emissions (CO2eq) from N2O (AR5),kilotonnes,3.8425,4.028,4.4785,4.5315,4.9555,5.3795,5.7505,5.3795,5.883,8.586,6.148,6.4395,7.1285,7.2875,7.7645,7.9235,7.8705,7.6585,7.7115,7.685,7.685
Saudi Arabia,On-farm electricity use,Emissions (CO2eq) (AR5),kilotonnes,1904.1357,1933.7144,2075.4691,2059.3714,2305.1589,2450.3748,2651.2395,2412.1285,2668.1104,4011.7717,2794.9299,2989.8197,3241.8029,3337.993,3561.2968,3627.3228,3597.2478,3509.6154,3526.9559,3520.0724,3520.0724
Saudi Arabia,Food Processing,Emissions (CH4),kilotonnes,188.2595,185.9427,186.9988,222.8998,203.5711,224.8156,248.0364,142.8348,165.7605,193.8194,217.8315,228.0428,258.2524,256.0084,258.0672,247.4925,224.572,177.1202,177.2364,211.3095,215.284
Saudi Arabia,Food Processing,Emissions (N2O),kilotonnes,0.0227,0.024,0.0232,0.0249,0.0233,0.0232,0.022,0.0395,0.0396,0.0417,0.0414,0.0421,0.0465,0.0508,0.0585,0.0463,0.0462,0.0401,0.0419,0.0441,0.0452
Saudi Arabia,Food Processing,Emissions (CO2),kilotonnes,4968.7524,5114.4067,5530.3912,5846.535,6630.7939,6861.1405,6850.2605,11408.4662,13871.9994,14295.8404,13073.6732,12659.2921,15340.3871,16222.8578,16543.9238,17076.8063,14454.3026,11927.3629,12178.7378,12079.6143,11832.1734
Saudi Arabia,Food Processing,Emissions (CO2eq) from CH4 (AR5),kilotonnes,5271.266,5206.3956,5235.9664,6241.1944,5699.9908,6294.8368,6945.0192,3999.3744,4641.294,5426.9432,6099.282,6385.1984,7231.0672,7168.2352,7225.8816,6929.79,6288.016,4959.3656,4962.6192,5916.666,6027.9513
Saudi Arabia,Food Processing,Emissions (CO2eq) from N2O (AR5),kilotonnes,6.0155,6.36,6.148,6.5985,6.1745,6.148,5.83,10.4675,10.494,11.0505,10.971,11.1565,12.3225,13.462,15.5025,12.2695,12.243,10.6265,11.1035,11.6865,11.966
Saudi Arabia,Food Processing,Emissions (CO2eq) (AR5),kilotonnes,10246.0339,10327.1623,10772.5056,12094.3279,12336.9592,13162.1253,13801.1097,15418.3081,18523.7874,19733.8341,19183.9262,19055.647,22583.7768,23404.555,23785.3079,24018.8658,20754.5616,16897.355,17152.4605,18007.9668,17872.0906
Saudi Arabia,Food Packaging,Emissions (CH4),kilotonnes,7.254,5.25,4.79,5.4738,2.708,2.6832,2.4183,2.3935,1.997,2.1279,1.8509,1.8474,2.3174,1.652,2.0455,2.1147,2.0609,1.9721,2.2598,2.3254,2.3691
Saudi Arabia,Food Packaging,Emissions (N2O),kilotonnes,0.002,0.0019,0.0019,0.002,0.0038,0.0037,0.0038,0.0038,0.0041,0.0043,0.005,0.0054,0.0056,0.0061,0.0064,0.0054,0.005,0.0044,0.0054,0.0058,0.0059
Saudi Arabia,Food Packaging,Emissions (CO2),kilotonnes,759.5836,734.7271,762.594,777.9972,1035.0799,990.2933,1024.9536,983.2007,1067.9096,1036.3968,1130.0153,1171.4317,1227.0306,1275.8463,1291.2976,1292.4537,1204.048,1120.6615,1260.6179,1185.077,1160.8017
Saudi Arabia,Food Packaging,Emissions (CO2eq) from CH4 (AR5),kilotonnes,203.112,147,134.12,153.2664,75.824,75.1296,67.7124,67.018,55.916,59.5812,51.8252,51.7272,64.8872,46.256,57.274,59.2116,57.7052,55.2188,63.2744,65.1114,66.3361
Saudi Arabia,Food Packaging,Emissions (CO2eq) from N2O (AR5),kilotonnes,0.53,0.5035,0.5035,0.53,1.007,0.9805,1.007,1.007,1.0865,1.1395,1.325,1.431,1.484,1.6165,1.696,1.431,1.325,1.166,1.431,1.537,1.5738
Saudi Arabia,Food Packaging,Emissions (CO2eq) (AR5),kilotonnes,963.2256,882.2306,897.2175,931.7936,1111.9109,1066.4034,1093.673,1051.2257,1124.9121,1097.1175,1183.1655,1224.5899,1293.4018,1323.7188,1350.2676,1353.0963,1263.0782,1177.0463,1325.3233,1251.7254,1228.7115
Saudi Arabia,Food Retail,Emissions (CH4),kilotonnes,4.3456,4.2364,4.2364,4.8261,4.8916,5.2628,5.4375,6.0816,6.4055,6.9856,8.1106,8.5118,9.7747,9.9839,10.3238,11.4619,11.4469,11.4854,11.9795,13.1439,13.3911
Saudi Arabia,Food Retail,Emissions (N2O),kilotonnes,0.0255,0.0262,0.0266,0.0275,0.0282,0.0286,0.0291,0.0325,0.0342,0.0373,0.0433,0.0455,0.0523,0.0533,0.0552,0.0612,0.0611,0.0614,0.064,0.0702,0.0719
Saudi Arabia,Food Retail,Emissions (CO2),kilotonnes,2333.1898,2325.0884,2551.9263,2551.9263,3102.8184,3119.0211,3394.4671,3680.0963,3926.8216,4408.335,4980.0435,5351.3396,6013.4616,6180.2298,6390.6251,7095.1839,7085.8693,7109.7277,7415.5567,8141.7307,7974.9541
Saudi Arabia,Food Retail,Emissions (CO2eq) from F-gases (AR5),kilotonnes,84.6785,101.822,128.836,156.3695,190.137,211.4365,236.3725,260.789,264.4255,265.984,267.023,267.5425,268.062,268.5815,268.5815,268.5815,290.92,296.6345,302.349,308.0635,320.2842
Saudi Arabia,Food Retail,Emissions (CO2eq) from CH4 (AR5),kilotonnes,121.6777,118.6205,118.6205,135.1295,136.9639,147.3584,152.25,170.2848,179.354,195.5968,227.0968,238.3304,273.6916,279.5492,289.0664,320.9332,320.5132,321.5912,335.426,368.0292,374.9514
Saudi Arabia,Food Retail,Emissions (CO2eq) from N2O (AR5),kilotonnes,6.7687,6.9379,7.0588,7.2764,7.4698,7.5906,7.7115,8.6125,9.063,9.8845,11.4745,12.0575,13.8595,14.1245,14.628,16.218,16.1915,16.271,16.96,18.603,19.0479
Saudi Arabia,Food Retail,Emissions (CO2eq) (AR5),kilotonnes,2546.3147,2552.4689,2806.4416,2850.7017,3437.389,3485.4066,3790.8011,4119.7826,4379.6641,4879.8003,5485.6378,5869.27,6569.0747,6742.485,6962.901,7700.9166,7713.494,7744.2244,8070.2917,8836.4264,8689.2375
Saudi Arabia,Food Household Consumption,Emissions (CH4),kilotonnes,8.0725,8.8286,9.4203,10.1262,10.5559,11.2678,12.3735,12.9284,13.9026,14.5006,15.6185,15.7164,17.3177,18.0619,19.5935,20.7666,20.6742,20.6221,18.7542,18.4784,18.826
Saudi Arabia,Food Household Consumption,Emissions (N2O),kilotonnes,0.0441,0.048,0.0513,0.0552,0.0574,0.0615,0.0674,0.0702,0.0755,0.0787,0.0848,0.0856,0.0941,0.0979,0.1062,0.1126,0.1137,0.1121,0.1022,0.1007,0.1031
Saudi Arabia,Food Household Consumption,Emissions (CO2),kilotonnes,5792.9222,6099.981,6287.9937,6629.5016,7054.7182,7395.7085,8164.5135,8269.8033,8988.0389,9643.5631,10086.7648,10458.2733,11174.8323,11662.121,12595.7206,13374.0416,13523.9356,13318.2447,12178.5817,12007.8771,11761.9057
Saudi Arabia,Food Household Consumption,Emissions (CO2eq) from CH4 (AR5),kilotonnes,226.03,247.2008,263.7684,283.5336,295.5652,315.4984,346.458,361.9952,389.2728,406.0168,437.318,440.0592,484.8956,505.7332,548.618,581.4648,578.8776,577.4188,525.1176,517.3952,527.1268
Saudi Arabia,Food Household Consumption,Emissions (CO2eq) from N2O (AR5),kilotonnes,11.6865,12.72,13.5945,14.628,15.211,16.2975,17.861,18.603,20.0075,20.8555,22.472,22.684,24.9365,25.9435,28.143,29.839,30.1305,29.7065,27.083,26.6855,27.3236
Saudi Arabia,Food Household Consumption,Emissions (CO2eq) (AR5),kilotonnes,6030.6387,6359.9018,6565.3566,6927.6632,7365.4944,7727.5044,8528.8325,8650.4015,9397.3192,10070.4354,10546.5548,10921.0165,11684.6644,12193.7977,13172.4816,13985.3454,14132.9437,13925.37,12730.7823,12551.9578,12316.3561
Saudi Arabia,Food Transport,Emissions (CH4),kilotonnes,1.0877,1.0107,1.0467,1.0776,1.1346,1.1933,1.1637,1.1654,1.1614,1.0889,0.9945,1.0605,1.1551,1.1991,1.2541,1.3421,1.3201,1.3091,1.1991,1.1954,1.2179
Saudi Arabia,Food Transport,Emissions (N2O),kilotonnes,0.1891,0.1989,0.2039,0.2061,0.2112,0.2122,0.2101,0.214,0.2107,0.2007,0.1873,0.1994,0.217,0.2258,0.2357,0.2534,0.249,0.2435,0.2237,0.2507,0.2567
Saudi Arabia,Food Transport,Emissions (CO2),kilotonnes,6499.85,6708.3,7104.45,7357.35,7731.65,8138.15,8809.1,9843.4,10625.1,10965.95,11340.4,12000.7,12991.05,13431.4,14202.2,15304,14752.6,13325.65,12334.4,14512.39,14215.1157
Saudi Arabia,Food Transport,Emissions (CO2eq) from CH4 (AR5),kilotonnes,30.4556,28.2996,29.3076,30.1728,31.7688,33.4124,32.5836,32.6312,32.5192,30.4892,27.846,29.694,32.3428,33.5748,35.1148,37.5788,36.9628,36.6548,33.5748,33.4712,34.1008
Saudi Arabia,Food Transport,Emissions (CO2eq) from N2O (AR5),kilotonnes,50.1115,52.7085,54.0335,54.6165,55.968,56.233,55.6765,56.71,55.8355,53.1855,49.6345,52.841,57.505,59.837,62.4605,67.151,65.985,64.5275,59.2805,66.4355,68.0242
Saudi Arabia,Food Transport,Emissions (CO2eq) (AR5),kilotonnes,6580.4171,6789.3081,7187.7911,7442.1393,7819.3868,8227.7954,8897.3601,9932.7412,10713.4547,11049.6247,11417.8805,12083.235,13080.8978,13524.8118,14299.7753,15408.7298,14855.5478,13426.8323,12427.2553,14612.2967,14317.2406
Saudi Arabia,Energy,Emissions (CH4),kilotonnes,1990,1940,1940,2210,2240,2410,2490,2490,2620,2430,2490,2670,2830,2810,2880,2980,3090,3060,3100,3190,3250
Saudi Arabia,Energy,Emissions (N2O),kilotonnes,2.8,2.87,2.92,3.01,3.09,3.14,3.19,3.27,3.35,3.44,3.48,3.65,3.86,3.96,4.23,4.47,4.4,4.45,4.14,4.6,4.71
Saudi Arabia,Energy,Emissions (CO2),kilotonnes,288000,287000,315000,315000,383000,385000,419000,373000,416000,448000,500000,481000,542000,518000,577000,622000,543000,562000,558000,537000,526000
Saudi Arabia,Energy,Emissions (CO2eq) from CH4 (AR5),kilotonnes,55720,54320,54320,61880,62720,67480,69720,69720,73360,68040,69720,74760,79240,78680,80640,83440,86520,85680,86800,89320,91000
Saudi Arabia,Energy,Emissions (CO2eq) from N2O (AR5),kilotonnes,742,760.55,773.8,797.65,818.85,832.1,845.35,866.55,887.75,911.6,922.2,967.25,1022.9,1049.4,1120.95,1184.55,1166,1179.25,1097.1,1219,1248.15
Saudi Arabia,Energy,Emissions (CO2eq) (AR5),kilotonnes,344462,342080.55,370093.8,377677.65,446538.85,453312.1,489565.35,443586.55,490247.75,516951.6,570642.2,556727.25,622262.9,597729.4,658760.95,706624.55,630686,648859.25,645897.1,627539,618248.15
Saudi Arabia,IPPU,Emissions (CH4),kilotonnes,10.5,14.1,14.7,15.6,16,18.8,19.7,19,20.9,24.2,25.8,27.2,26.4,26.4,26,26.4,25.2,25.7,26,29,29.7
Saudi Arabia,IPPU,Emissions (N2O),kilotonnes,3.12,3.2,3.29,3.39,3.49,3.59,3.69,3.8,3.9,4.01,4.12,4.24,4.37,4.5,4.63,4.74,4.85,4.95,5.04,5.18,5.29
Saudi Arabia,IPPU,Emissions (CO2),kilotonnes,23500,30900,32900,34900,37600,40900,42800,46900,51400,56000,62700,68500,72800,76100,80100,79300,79300,79100,79800,84000,87200
Saudi Arabia,IPPU,Emissions (CO2eq) from F-gases (AR5),kilotonnes,119.5258,146.7349,197.2662,234.1929,217.673,254.5997,271.1195,301.2439,329.4248,356.6339,381.8996,398.4194,421.7415,446.0354,469.3575,492.6796,516.9734,540.2955,563.6177,587.9115,611.2336
Saudi Arabia,IPPU,Emissions (CO2eq) from CH4 (AR5),kilotonnes,294,394.8,411.6,436.8,448,526.4,551.6,532,585.2,677.6,722.4,761.6,739.2,739.2,728,739.2,705.6,719.6,728,812,831.6
Saudi Arabia,IPPU,Emissions (CO2eq) from N2O (AR5),kilotonnes,826.8,848,871.85,898.35,924.85,951.35,977.85,1007,1033.5,1062.65,1091.8,1123.6,1158.05,1192.5,1226.95,1256.1,1285.25,1311.75,1335.6,1372.7,1401.85
Saudi Arabia,IPPU,Emissions (CO2eq) (AR5),kilotonnes,24740.3258,32289.5349,34380.7162,36469.3429,39190.523,42632.3497,44600.5695,48740.2439,53348.1248,58096.8839,64896.0996,70783.6194,75118.9915,78477.7354,82524.3075,81787.9796,81807.8234,81671.6455,82427.2177,86772.6115,90044.6836
Saudi Arabia,Waste,Emissions (CH4),kilotonnes,482,527,545,570,602,639,665,688,717,766,837,885,920,944,982,998,1010,1050,1080,1140,1170
Saudi Arabia,Waste,Emissions (N2O),kilotonnes,1.07,1.1,1.13,1.16,1.19,1.23,1.28,1.33,1.36,1.4,1.46,1.55,1.65,1.71,1.75,1.79,1.81,1.83,1.86,1.97,2.02
Saudi Arabia,Waste,Emissions (CO2eq) from CH4 (AR5),kilotonnes,13496,14756,15260,15960,16856,17892,18620,19264,20076,21448,23436,24780,25760,26432,27496,27944,28280,29400,30240,31920,32760
Saudi Arabia,Waste,Emissions (CO2eq) from N2O (AR5),kilotonnes,283.55,291.5,299.45,307.4,315.35,325.95,339.2,352.45,360.4,371,386.9,410.75,437.25,453.15,463.75,474.35,479.65,484.95,492.9,522.05,535.3
Saudi Arabia,Waste,Emissions (CO2eq) (AR5),kilotonnes,13779.55,15047.5,15559.45,16267.4,17171.35,18217.95,18959.2,19616.45,20436.4,21819,23822.9,25190.75,26197.25,26885.15,27959.75,28418.35,28759.65,29884.95,30732.9,32442.05,33295.3
Saudi Arabia,Other,Emissions (N2O),kilotonnes,6.5,6.12,6.17,6.29,6.57,6.81,7.1,7.32,7.73,8.07,8.43,9.25,9.8,9.74,10.7,11,10.8,10.4,9.77,11.5,11.8
Saudi Arabia,Other,Emissions (CO2eq) from N2O (AR5),kilotonnes,1722.5,1621.8,1635.05,1666.85,1741.05,1804.65,1881.5,1939.8,2048.45,2138.55,2233.95,2451.25,2597,2581.1,2835.5,2915,2862,2756,2589.05,3047.5,3127
Saudi Arabia,Other,Emissions (CO2eq) (AR5),kilotonnes,1722.5,1621.8,1635.05,1666.85,1741.05,1804.65,1881.5,1939.8,2048.45,2138.55,2233.95,2451.25,2597,2581.1,2835.5,2915,2862,2756,2589.05,3047.5,3127
Saudi Arabia,Farm-gate emissions,Emissions (CH4),kilotonnes,92.4921,94.4618,95.24,96.1967,103.3003,105.6104,101.4632,102.6867,92.69,83.698,94.7319,103.6408,106.2122,114.1553,109.9703,111.7556,112.5324,113.5362,116.2043,120.344,137.8743
Saudi Arabia,Farm-gate emissions,Direct emissions (N2O),kilotonnes,8.3988,8.6131,8.7418,9.0082,9.3483,8.7661,8.772,9.2276,7.8096,7.0382,7.4472,8.5641,8.9604,8.6852,8.2264,8.8283,8.976,8.7288,8.8264,9.031,9.8297
Saudi Arabia,Farm-gate emissions,Indirect emissions (N2O),kilotonnes,2.8207,2.881,2.9101,2.991,3.1153,2.9317,2.9079,3.0426,2.5575,2.286,2.4642,2.8296,2.9543,2.8926,2.7147,2.9132,2.9608,2.8765,2.8977,2.9503,3.2439
Saudi Arabia,Farm-gate emissions,Emissions (N2O),kilotonnes,13.4509,13.8617,14.1055,14.409,14.9622,14.3564,14.561,15.5993,14.0964,13.0553,13.6573,15.2536,15.9188,15.3238,14.7371,15.6934,15.443,13.9508,13.4083,13.2395,14.3425
Saudi Arabia,Farm-gate emissions,Emissions (CO2),kilotonnes,8849.841,9535.7212,10740.6927,11393.4794,10927.1464,11232.6464,12032.3142,13466.1635,14791.2757,13926.2021,14721.6785,15048.6275,15245.168,14545.1616,14800.5857,15818.0977,13906.6769,11245.536,11878.1007,11293.6037,11293.6037
Saudi Arabia,Farm-gate emissions,Emissions (CO2eq) from CH4 (AR5),kilotonnes,2589.7775,2644.9291,2666.7197,2693.5064,2892.4077,2957.0912,2840.9689,2875.2263,2595.3202,2343.5439,2652.4936,2901.943,2973.9421,3196.3494,3079.1675,3129.1571,3150.9064,3179.0125,3253.7213,3369.6307,3860.4808
Saudi Arabia,Farm-gate emissions,Emissions (CO2eq) from N2O (AR5),kilotonnes,3564.4868,3673.3392,3737.9572,3818.3722,3964.9771,3804.4441,3858.6688,4133.8266,3735.5587,3459.6481,3619.1858,4042.1946,4218.4903,4060.8124,3905.3225,4158.7602,4092.3829,3696.953,3553.207,3508.4677,3800.7601
Saudi Arabia,Farm-gate emissions,Emissions (CO2eq) (AR5),kilotonnes,15004.1053,15853.9895,17145.3697,17905.358,17784.5312,17994.1817,18731.9518,20475.2164,21122.1546,19729.3941,20993.3579,21992.7651,22437.6003,21802.3233,21785.0757,23106.015,21149.9662,18121.5015,18685.029,18171.7021,18954.8445
Saudi Arabia,Land Use change,Emissions (CH4),kilotonnes,0,0,0,0,0,0,0,0,0,0,0,0,0,0,0,0,0,0,0,0,0
Saudi Arabia,Land Use change,Emissions (N2O),kilotonnes,0,0,0,0,0,0,0,0,0,0,0,0,0,0,0,0,0,0,0,0,0
Saudi Arabia,Land Use change,Emissions (CO2),kilotonnes,0,0,0,0,0,0,0,0,0,0,0,0,0,0,0,0,0,0,0,0,0
Saudi Arabia,Land Use change,Emissions (CO2eq) from CH4 (AR5),kilotonnes,0,0,0,0,0,0,0,0,0,0,0,0,0,0,0,0,0,0,0,0,0
Saudi Arabia,Land Use change,Emissions (CO2eq) from N2O (AR5),kilotonnes,0,0,0,0,0,0,0,0,0,0,0,0,0,0,0,0,0,0,0,0,0
Saudi Arabia,Land Use change,Emissions (CO2eq) (AR5),kilotonnes,0,0,0,0,0,0,0,0,0,0,0,0,0,0,0,0,0,0,0,0,0
Saudi Arabia,Emissions on agricultural land,Emissions (CH4),kilotonnes,92.4921,94.4618,95.24,96.1967,103.3003,105.6104,101.4632,102.6867,92.69,83.698,94.7319,103.6408,106.2122,114.1553,109.9703,111.7556,112.5324,113.5362,116.2043,120.344,137.8743
Saudi Arabia,Emissions on agricultural land,Emissions (N2O),kilotonnes,13.4509,13.8617,14.1055,14.409,14.9622,14.3564,14.561,15.5993,14.0964,13.0553,13.6573,15.2536,15.9188,15.3238,14.7371,15.6934,15.443,13.9508,13.4083,13.2395,14.3425
Saudi Arabia,Emissions on agricultural land,Emissions (CO2),kilotonnes,8849.841,9535.7212,10740.6927,11393.4794,10927.1464,11232.6464,12032.3142,13466.1635,14791.2757,13926.2021,14721.6785,15048.6275,15245.168,14545.1616,14800.5857,15818.0977,13906.6769,11245.536,11878.1007,11293.6037,11293.6037
Saudi Arabia,Emissions on agricultural land,Emissions (CO2eq) from CH4 (AR5),kilotonnes,2589.7775,2644.9291,2666.7197,2693.5064,2892.4077,2957.0912,2840.9689,2875.2263,2595.3202,2343.5439,2652.4936,2901.943,2973.9421,3196.3494,3079.1675,3129.1571,3150.9064,3179.0125,3253.7213,3369.6307,3860.4808
Saudi Arabia,Emissions on agricultural land,Emissions (CO2eq) from N2O (AR5),kilotonnes,3564.4868,3673.3392,3737.9572,3818.3722,3964.9771,3804.4441,3858.6688,4133.8266,3735.5587,3459.6481,3619.1858,4042.1946,4218.4903,4060.8124,3905.3225,4158.7602,4092.3829,3696.953,3553.207,3508.4677,3800.7601
Saudi Arabia,Emissions on agricultural land,Emissions (CO2eq) (AR5),kilotonnes,15004.1053,15853.9895,17145.3697,17905.358,17784.5312,17994.1817,18731.9518,20475.2164,21122.1546,19729.3941,20993.3579,21992.7651,22437.6003,21802.3233,21785.0757,23106.015,21149.9662,18121.5015,18685.029,18171.7021,18954.8445
Saudi Arabia,Pre- and post- production,Emissions (CH4),kilotonnes,498.7518,500.1591,506.5173,549.3001,532.8076,560.2324,589.2408,489.3083,517.7409,552.8479,581.046,595.8871,633.8792,636.1413,643.3101,646.2797,626.011,580.1047,581.2056,618.4976,625.1224
Saudi Arabia,Pre- and post- production,Emissions (N2O),kilotonnes,0.9932,1.0214,1.0439,1.0707,1.1014,1.1489,1.177,1.2473,1.2518,1.2845,1.3566,1.4034,1.4982,1.5318,1.5588,1.7424,1.7309,1.7192,1.6996,1.74,1.7569
Saudi Arabia,Pre- and post- production,Emissions (CO2),kilotonnes,26904.3907,27919.164,29916.9709,30948.2769,33272.3062,34619.7164,37372.1003,44595.4722,48966.7571,52305.0918,51202.9915,52761.2555,58755.1273,61241.7756,62435.3465,67346.7742,64412.9859,59559.5093,58864.2358,61502.0597,60312.5019
Saudi Arabia,Pre- and post- production,Emissions (CO2eq) from F-gases (AR5),kilotonnes,84.6785,101.822,128.836,156.3695,190.137,211.4365,236.3725,260.789,264.4255,265.984,267.023,267.5425,268.062,268.5815,268.5815,268.5815,290.92,296.6345,302.349,308.0635,320.2842
Saudi Arabia,Pre- and post- production,Emissions (CO2eq) from CH4 (AR5),kilotonnes,13965.049,14004.4547,14182.484,15380.4038,14918.6116,15686.5082,16498.7419,13700.6325,14496.7443,15479.742,16269.2867,16684.8384,17748.6173,17811.9577,18012.684,18095.8306,17528.3075,16242.9308,16273.7573,17317.9334,17503.4273
Saudi Arabia,Pre- and post- production,Emissions (CO2eq) from N2O (AR5),kilotonnes,263.1954,270.6743,276.6224,283.7243,291.8806,304.4566,311.9012,330.5331,331.7342,340.3903,359.4903,371.9091,397.0287,405.9219,413.0701,461.7443,458.6859,455.5995,450.3915,461.1026,465.5811
Saudi Arabia,Pre- and post- production,Emissions (CO2eq) (AR5),kilotonnes,41217.3136,42296.1149,44504.9134,46768.7744,48672.9355,50822.1177,54419.1159,58887.4268,64059.6611,68391.2081,68098.7915,70085.5454,77168.8353,79728.2367,81129.6822,86172.9306,82690.8992,76554.6741,75890.7335,79589.1592,78601.7945
Saudi Arabia,Agri-food systems,Emissions (CH4),kilotonnes,591.2438,594.6208,601.7573,645.4968,636.1078,665.8428,690.704,591.995,610.4309,636.5459,675.7779,699.5279,740.0914,750.2967,753.2804,758.0353,738.5434,693.6408,697.41,738.8416,762.9967
Saudi Arabia,Agri-food systems,Emissions (N2O),kilotonnes,14.4441,14.8831,15.1494,15.4796,16.0636,15.5053,15.738,16.8466,15.3483,14.3398,15.0139,16.657,17.4171,16.8556,16.2958,17.4359,17.1738,15.67,15.1079,14.9795,16.0994
Saudi Arabia,Agri-food systems,Emissions (CO2),kilotonnes,35754.2317,37454.8851,40657.6636,42341.7563,44199.4526,45852.3629,49404.4145,58061.6356,63758.0328,66231.2939,65924.67,67809.883,74000.2953,75786.9372,77235.9322,83164.8719,78319.6628,70805.0453,70742.3364,72795.6633,71606.1056
Saudi Arabia,Agri-food systems,Emissions (CO2eq) from F-gases (AR5),kilotonnes,84.6785,101.822,128.836,156.3695,190.137,211.4365,236.3725,260.789,264.4255,265.984,267.023,267.5425,268.062,268.5815,268.5815,268.5815,290.92,296.6345,302.349,308.0635,320.2842
Saudi Arabia,Agri-food systems,Emissions (CO2eq) from CH4 (AR5),kilotonnes,16554.8265,16649.3837,16849.2037,18073.9102,17811.0193,18643.5994,19339.7107,16575.8588,17092.0646,17823.2859,18921.7803,19586.7813,20722.5594,21008.3071,21091.8515,21224.9877,20679.2138,19421.9433,19527.4786,20687.5641,21363.9081
Saudi Arabia,Agri-food systems,Emissions (CO2eq) from N2O (AR5),kilotonnes,3827.6822,3944.0135,4014.5797,4102.0964,4256.8577,4108.9006,4170.57,4464.3597,4067.2929,3800.0384,3978.6761,4414.1036,4615.5189,4466.7342,4318.3926,4620.5045,4551.0688,4152.5525,4003.5985,3969.5703,4266.3412
Saudi Arabia,Agri-food systems,Emissions (CO2eq) (AR5),kilotonnes,56221.4189,58150.1044,61650.283,64674.1324,66457.4667,68816.2994,73151.0677,79362.6432,85181.8158,88120.6022,89092.1494,92078.3105,99606.4356,101530.56,102914.7578,109278.9456,103840.8654,94676.1756,94575.7625,97760.8613,97556.639
Saudi Arabia,IPCC Agriculture,Emissions (CH4),kilotonnes,91.3534,93.2447,93.8943,94.7618,101.9128,104.2126,99.9916,101.0883,90.9766,82.0528,92.9795,101.8229,104.3295,112.2723,108.0392,109.7221,110.7332,111.931,114.4937,118.6774,136.2077
Saudi Arabia,IPCC Agriculture,Emissions (CH4),kilotonnes,89.69,,,,,,,,,,74.0639,,82.68,,,,,,,,
Saudi Arabia,IPCC Agriculture,Direct emissions (N2O),kilotonnes,8.3988,8.6131,8.7418,9.0082,9.3483,8.7661,8.772,9.2276,7.8096,7.0382,7.4472,8.5641,8.9604,8.6852,8.2264,8.8283,8.976,8.7288,8.8264,9.031,9.8297
Saudi Arabia,IPCC Agriculture,Indirect emissions (N2O),kilotonnes,2.8207,2.881,2.9101,2.991,3.1153,2.9317,2.9079,3.0426,2.5575,2.286,2.4642,2.8296,2.9543,2.8926,2.7147,2.9132,2.9608,2.8765,2.8977,2.9503,3.2439
Saudi Arabia,IPCC Agriculture,Emissions (N2O),kilotonnes,11.3398,11.6525,11.8467,12.1705,12.6435,11.8867,11.8636,12.4662,10.5248,9.4849,10.07,11.569,12.0919,11.7556,11.1159,11.9237,12.1182,11.7935,11.9208,12.1787,13.2817
Saudi Arabia,IPCC Agriculture,Emissions (N2O),kilotonnes,33.702,,,,,,,,,,28.392,,32.3,,,,,,,,
Saudi Arabia,IPCC Agriculture,Emissions (CO2eq) from CH4 (AR5),kilotonnes,2557.8948,2610.8526,2629.0404,2653.3301,2853.5583,2917.9531,2799.7634,2830.4722,2547.3454,2297.4791,2603.4252,2851.0426,2921.2256,3143.6232,3025.0981,3072.2185,3100.5293,3134.0672,3205.8227,3322.9662,3813.8164
Saudi Arabia,IPCC Agriculture,Emissions (CO2eq) from CH4 (AR5),kilotonnes,2511.32,,,,,,,,,,2073.7892,,2315.04,,,,,,,,
Saudi Arabia,IPCC Agriculture,Emissions (CO2eq) from N2O (AR5),kilotonnes,3005.0491,3087.9166,3139.3798,3225.1829,3350.519,3149.982,3143.8469,3303.5321,2789.0798,2513.5107,2668.5486,3065.7884,3204.3439,3115.2391,2945.7034,3159.7702,3211.3305,3125.2887,3159.0173,3227.3639,3519.6563
Saudi Arabia,IPCC Agriculture,Emissions (CO2eq) from N2O (AR5),kilotonnes,8931.03,,,,,,,,,,7523.88,,8559.5,,,,,,,,
Saudi Arabia,IPCC Agriculture,Emissions (CO2eq) (AR5),kilotonnes,5562.9439,5698.7692,5768.4201,5878.513,6204.0773,6067.9351,5943.6103,6134.0043,5336.4252,4810.9898,5271.9738,5916.831,6125.5695,6258.8624,5970.8014,6231.9886,6311.8598,6259.3559,6364.84,6550.3302,7333.4727
Saudi Arabia,IPCC Agriculture,Emissions (CO2eq) (AR5),kilotonnes,11442.35,,,,,,,,,,9597.6692,,10874.54,,,,,,,,
Saudi Arabia,Agricultural Soils,Direct emissions (N2O),kilotonnes,8.3988,8.6131,8.7418,9.0082,9.3483,8.7661,8.772,9.2276,7.8096,7.0382,7.4472,8.5641,8.9604,8.6852,8.2264,8.8283,8.976,8.7288,8.8264,9.031,9.8297
Saudi Arabia,Agricultural Soils,Indirect emissions (N2O),kilotonnes,2.8207,2.881,2.9101,2.991,3.1153,2.9317,2.9079,3.0426,2.5575,2.286,2.4642,2.8296,2.9543,2.8926,2.7147,2.9132,2.9608,2.8765,2.8977,2.9503,3.2439
Saudi Arabia,Agricultural Soils,Emissions (N2O),kilotonnes,11.2195,11.4941,11.6518,11.9992,12.4637,11.6979,11.6799,12.2702,10.3671,9.3242,9.9114,11.3937,11.9146,11.5778,10.9411,11.7414,11.9368,11.6053,11.7241,11.9813,13.0736
Saudi Arabia,Agricultural Soils,Emissions (N2O),kilotonnes,24.362,,,,,,,,,,19.7728,,21.8,,,,,,,,
Saudi Arabia,Agricultural Soils,Emissions (CO2eq) from N2O (AR5),kilotonnes,2973.1606,3045.9378,3087.7328,3179.8008,3302.8676,3099.933,3095.1719,3251.5993,2747.2815,2470.9076,2626.5197,3019.3354,3157.3775,3068.1054,2899.3869,3111.4779,3163.2511,3075.4101,3106.8931,3175.049,3464.5153
Saudi Arabia,Agricultural Soils,Emissions (CO2eq) from N2O (AR5),kilotonnes,6455.93,,,,,,,,,,5239.792,,5777,,,,,,,,
Saudi Arabia,Agricultural Soils,Emissions (CO2eq) (AR5),kilotonnes,2973.1606,3045.9378,3087.7328,3179.8008,3302.8676,3099.933,3095.1719,3251.5993,2747.2815,2470.9076,2626.5197,3019.3354,3157.3775,3068.1054,2899.3869,3111.4779,3163.2511,3075.4101,3106.8931,3175.049,3464.5153
Saudi Arabia,Agricultural Soils,Emissions (CO2eq) (AR5),kilotonnes,6455.93,,,,,,,,,,5239.792,,5777,,,,,,,,
Saudi Arabia,LULUCF,Emissions (CH4),kilotonnes,0,0,0,0,0,0,0,0,0,0,0,0,0,0,0,0,0,0,0,0,0
Saudi Arabia,LULUCF,Emissions (N2O),kilotonnes,0,0,0,0,0,0,0,0,0,0,0,0,0,0,0,0,0,0,0,0,0
Saudi Arabia,LULUCF,Emissions (CO2),kilotonnes,0,0,0,0,0,0,0,0,0,0,0,0,0,0,0,0,0,0,0,0,0
Saudi Arabia,LULUCF,Emissions (CO2),kilotonnes,-14168.5,,,,,,,,,,-9049.4,,-9151,,,,,,,,
Saudi Arabia,LULUCF,Emissions (CO2eq) from CH4 (AR5),kilotonnes,0,0,0,0,0,0,0,0,0,0,0,0,0,0,0,0,0,0,0,0,0
Saudi Arabia,LULUCF,Emissions (CO2eq) from N2O (AR5),kilotonnes,0,0,0,0,0,0,0,0,0,0,0,0,0,0,0,0,0,0,0,0,0
Saudi Arabia,LULUCF,Emissions (CO2eq) (AR5),kilotonnes,0,0,0,0,0,0,0,0,0,0,0,0,0,0,0,0,0,0,0,0,0
Saudi Arabia,LULUCF,Emissions (CO2eq) (AR5),kilotonnes,-14168.5,,,,,,,,,,-9049.4,,-9151,,,,,,,,
Saudi Arabia,AFOLU,Emissions (CH4),kilotonnes,91.3534,93.2447,93.8943,94.7618,101.9128,104.2126,99.9916,101.0883,90.9766,82.0528,92.9795,101.8229,104.3295,112.2723,108.0392,109.7221,110.7332,111.931,114.4937,118.6774,136.2077
Saudi Arabia,AFOLU,Emissions (N2O),kilotonnes,11.3398,11.6525,11.8467,12.1705,12.6435,11.8867,11.8636,12.4662,10.5248,9.4849,10.07,11.569,12.0919,11.7556,11.1159,11.9237,12.1182,11.7935,11.9208,12.1787,13.2817
Saudi Arabia,AFOLU,Emissions (CO2),kilotonnes,0,0,0,0,0,0,0,0,0,0,0,0,0,0,0,0,0,0,0,0,0
Saudi Arabia,AFOLU,Emissions (CO2eq) from CH4 (AR5),kilotonnes,2557.8948,2610.8526,2629.0404,2653.3301,2853.5583,2917.9531,2799.7634,2830.4722,2547.3454,2297.4791,2603.4252,2851.0426,2921.2256,3143.6232,3025.0981,3072.2185,3100.5293,3134.0672,3205.8227,3322.9662,3813.8164
Saudi Arabia,AFOLU,Emissions (CO2eq) from N2O (AR5),kilotonnes,3005.0491,3087.9166,3139.3798,3225.1829,3350.519,3149.982,3143.8469,3303.5321,2789.0798,2513.5107,2668.5486,3065.7884,3204.3439,3115.2391,2945.7034,3159.7702,3211.3305,3125.2887,3159.0173,3227.3639,3519.6563
Saudi Arabia,AFOLU,Emissions (CO2eq) (AR5),kilotonnes,5562.9439,5698.7692,5768.4201,5878.513,6204.0773,6067.9351,5943.6103,6134.0043,5336.4252,4810.9898,5271.9738,5916.831,6125.5695,6258.8624,5970.8014,6231.9886,6311.8598,6259.3559,6364.84,6550.3302,7333.4727
Saudi Arabia,All sectors with LULUCF,Emissions (CH4),kilotonnes,2573.8534,2574.3447,2593.5943,2890.3618,2959.9128,3172.0126,3274.6916,3298.0883,3448.8766,3302.2528,3445.7795,3684.0229,3880.7295,3892.6723,3996.0392,4114.1221,4235.9332,4247.631,4320.4937,4477.6774,4585.9077
Saudi Arabia,All sectors with LULUCF,Emissions (N2O),kilotonnes,24.8298,24.9425,25.3567,26.0205,26.9835,26.6567,27.1236,28.1862,26.8648,26.4049,27.56,30.259,31.7719,31.6656,32.4259,33.9237,33.9782,33.4235,32.7308,35.4287,37.1017
Saudi Arabia,All sectors with LULUCF,Emissions (CO2),kilotonnes,311500,317900,347900,349900,420600,425900,461800,419900,467400,504000,562700,549500,614800,594100,657100,701300,622300,641100,637800,621000,613200
Saudi Arabia,All sectors with LULUCF,Emissions (CO2eq) from F-gases (AR5),kilotonnes,119.5258,146.7349,197.2662,234.1929,217.673,254.5997,271.1195,301.2439,329.4248,356.6339,381.8996,398.4194,421.7415,446.0354,469.3575,492.6796,516.9734,540.2955,563.6177,587.9115,611.2336
Saudi Arabia,All sectors with LULUCF,Emissions (CO2eq) from CH4 (AR5),kilotonnes,72067.8948,72081.6526,72620.6404,80930.1301,82877.5583,88816.3531,91691.3634,92346.4722,96568.5454,92463.0791,96481.8252,103152.6426,108660.4256,108994.8232,111889.0981,115195.4185,118606.1293,118933.6672,120973.8227,125374.9662,128405.4164
Saudi Arabia,All sectors with LULUCF,Emissions (CO2eq) from N2O (AR5),kilotonnes,6579.8991,6609.7666,6719.5298,6895.4329,7150.619,7064.032,7187.7469,7469.3321,7119.1798,6997.3107,7303.3986,8018.6384,8419.5439,8391.3891,8592.8534,8989.7702,9004.2305,8857.2387,8673.6673,9388.6139,9831.9563
Saudi Arabia,All sectors with LULUCF,Emissions (CO2eq) (AR5),kilotonnes,390267.3197,396738.1541,427437.4363,437959.7558,510845.8503,522034.9848,560950.2299,520017.0482,571417.15,603817.0237,666867.1233,661069.7003,732301.711,711932.2477,778051.3089,825977.8682,750427.3333,769431.2015,768011.1077,756351.4917,752048.6063
Saudi Arabia,All sectors without LULUCF,Emissions (CH4),kilotonnes,2573.8534,2574.3447,2593.5943,2890.3618,2959.9128,3172.0126,3274.6916,3298.0883,3448.8766,3302.2528,3445.7795,3684.0229,3880.7295,3892.6723,3996.0392,4114.1221,4235.9332,4247.631,4320.4937,4477.6774,4585.9077
Saudi Arabia,All sectors without LULUCF,Emissions (N2O),kilotonnes,24.8298,24.9425,25.3567,26.0205,26.9835,26.6567,27.1236,28.1862,26.8648,26.4049,27.56,30.259,31.7719,31.6656,32.4259,33.9237,33.9782,33.4235,32.7308,35.4287,37.1017
Saudi Arabia,All sectors without LULUCF,Emissions (CO2),kilotonnes,311500,317900,347900,349900,420600,425900,461800,419900,467400,504000,562700,549500,614800,594100,657100,701300,622300,641100,637800,621000,613200
Saudi Arabia,All sectors without LULUCF,Emissions (CO2eq) from F-gases (AR5),kilotonnes,119.5258,146.7349,197.2662,234.1929,217.673,254.5997,271.1195,301.2439,329.4248,356.6339,381.8996,398.4194,421.7415,446.0354,469.3575,492.6796,516.9734,540.2955,563.6177,587.9115,611.2336
Saudi Arabia,All sectors without LULUCF,Emissions (CO2eq) from CH4 (AR5),kilotonnes,72067.8948,72081.6526,72620.6404,80930.1301,82877.5583,88816.3531,91691.3634,92346.4722,96568.5454,92463.0791,96481.8252,103152.6426,108660.4256,108994.8232,111889.0981,115195.4185,118606.1293,118933.6672,120973.8227,125374.9662,128405.4164
Saudi Arabia,All sectors without LULUCF,Emissions (CO2eq) from N2O (AR5),kilotonnes,6579.8991,6609.7666,6719.5298,6895.4329,7150.619,7064.032,7187.7469,7469.3321,7119.1798,6997.3107,7303.3986,8018.6384,8419.5439,8391.3891,8592.8534,8989.7702,9004.2305,8857.2387,8673.6673,9388.6139,9831.9563
Saudi Arabia,All sectors without LULUCF,Emissions (CO2eq) (AR5),kilotonnes,390267.3197,396738.1541,427437.4363,437959.7558,510845.8503,522034.9848,560950.2299,520017.0482,571417.15,603817.0237,666867.1233,661069.7003,732301.711,711932.2477,778051.3089,825977.8682,750427.3333,769431.2015,768011.1077,756351.4917,752048.6063
Senegal,Crop Residues,Direct emissions (N2O),kilotonnes,0.2246,0.2241,0.1907,0.2904,0.2134,0.2779,0.2155,0.1786,0.3477,0.3699,0.3513,0.2316,0.2954,0.2521,0.2539,0.4296,0.3602,0.5062,0.5636,0.5498,0.6987
Senegal,Crop Residues,Indirect emissions (N2O),kilotonnes,0.0505,0.0504,0.0429,0.0653,0.048,0.0625,0.0485,0.0402,0.0782,0.0832,0.079,0.0521,0.0665,0.0567,0.0571,0.0967,0.081,0.1139,0.1268,0.1237,0.1572
Senegal,Crop Residues,Emissions (N2O),kilotonnes,0.2752,0.2745,0.2336,0.3557,0.2614,0.3404,0.264,0.2188,0.4259,0.4532,0.4303,0.2837,0.3619,0.3088,0.311,0.5263,0.4412,0.6201,0.6904,0.6735,0.8559
Senegal,Crop Residues,Emissions (CO2eq) from N2O (AR5),kilotonnes,72.9214,72.7356,61.911,94.2655,69.2672,90.2029,69.9559,57.9745,112.8687,120.0855,114.0415,75.1761,95.8988,81.8385,82.4238,139.4577,116.9269,164.3237,182.9689,178.4737,226.8173
Senegal,Crop Residues,Emissions (CO2eq) (AR5),kilotonnes,72.9214,72.7356,61.911,94.2655,69.2672,90.2029,69.9559,57.9745,112.8687,120.0855,114.0415,75.1761,95.8988,81.8385,82.4238,139.4577,116.9269,164.3237,182.9689,178.4737,226.8173
Senegal,Rice Cultivation,Emissions (CH4),kilotonnes,6.0376,6.1061,5.3217,6.147,5.704,6.8445,5.9526,5.6218,8.773,9.7572,10.3046,7.6424,8.241,7.5983,9.4481,16.611,18.2531,21.4154,22.6545,24.1917,28.2609
Senegal,Rice Cultivation,Emissions (CO2eq) from CH4 (AR5),kilotonnes,169.0539,170.9708,149.009,172.1154,159.7126,191.6468,166.6725,157.4115,245.6448,273.2005,288.5277,213.9869,230.7488,212.7521,264.5471,465.108,511.0857,599.6306,634.3246,677.3682,791.3049
Senegal,Rice Cultivation,Emissions (CO2eq) (AR5),kilotonnes,169.0539,170.9708,149.009,172.1154,159.7126,191.6468,166.6725,157.4115,245.6448,273.2005,288.5277,213.9869,230.7488,212.7521,264.5471,465.108,511.0857,599.6306,634.3246,677.3682,791.3049
Senegal,Burning - Crop residues,Emissions (CH4),kilotonnes,0.3329,0.381,0.4175,0.6175,0.5312,0.5439,0.4911,0.5201,0.7833,0.7021,0.5598,0.472,0.5882,0.5985,0.6109,0.9088,0.8067,1.1007,1.1792,1.2321,1.3957
Senegal,Burning - Crop residues,Emissions (CH4),kilotonnes,0.7,,,,,0.74,,,,,,,,,,,,,,,
Senegal,Burning - Crop residues,Emissions (N2O),kilotonnes,0.0086,0.0099,0.0108,0.016,0.0138,0.0141,0.0127,0.0135,0.0203,0.0182,0.0145,0.0122,0.0152,0.0155,0.0158,0.0236,0.0209,0.0285,0.0306,0.0319,0.0362
Senegal,Burning - Crop residues,Emissions (N2O),kilotonnes,0.02,,,,,0.02,,,,,,,,,,,,,,,
Senegal,Burning - Crop residues,Emissions (CO2eq) from CH4 (AR5),kilotonnes,9.3206,10.6685,11.6905,17.2891,14.8724,15.2283,13.75,14.5621,21.9337,19.66,15.6745,13.2171,16.4691,16.7584,17.1046,25.4456,22.5873,30.8189,33.0187,34.4988,39.0802
Senegal,Burning - Crop residues,Emissions (CO2eq) from CH4 (AR5),kilotonnes,19.6,,,,,20.72,,,,,,,,,,,,,,,
Senegal,Burning - Crop residues,Emissions (CO2eq) from N2O (AR5),kilotonnes,2.287,2.6177,2.8685,4.2422,3.6492,3.7366,3.3739,3.5731,5.3819,4.824,3.8461,3.2431,4.041,4.112,4.197,6.2436,5.5423,7.5621,8.1018,8.465,9.5891
Senegal,Burning - Crop residues,Emissions (CO2eq) from N2O (AR5),kilotonnes,5.3,,,,,5.3,,,,,,,,,,,,,,,
Senegal,Burning - Crop residues,Emissions (CO2eq) (AR5),kilotonnes,11.6076,13.2862,14.559,21.5314,18.5216,18.9649,17.1239,18.1352,27.3155,24.484,19.5205,16.4602,20.5101,20.8704,21.3015,31.6892,28.1296,38.381,41.1205,42.9638,48.6693
Senegal,Burning - Crop residues,Emissions (CO2eq) (AR5),kilotonnes,24.9,,,,,26.02,,,,,,,,,,,,,,,
Senegal,Enteric Fermentation,Emissions (CH4),kilotonnes,155.7313,159.9897,155.6737,157.634,159.7099,162.8295,165.9157,168.1893,171.863,175.8563,179.5961,181.1153,185.4818,189.7156,188.7953,194.1916,198.5408,202.611,206.0726,210.5034,210.7471
Senegal,Enteric Fermentation,Emissions (CH4),kilotonnes,190.4774,,,,,220.36,,,,,,,,,,,,,,,
Senegal,Enteric Fermentation,Emissions (CO2eq) from CH4 (AR5),kilotonnes,4360.4751,4479.7113,4358.8641,4413.7527,4471.8771,4559.2264,4645.6392,4709.3006,4812.1653,4923.975,5028.6905,5071.2293,5193.4894,5312.0358,5286.2685,5437.3661,5559.1434,5673.108,5770.0317,5894.0949,5900.9192
Senegal,Enteric Fermentation,Emissions (CO2eq) from CH4 (AR5),kilotonnes,5333.3672,,,,,6170.08,,,,,,,,,,,,,,,
Senegal,Enteric Fermentation,Emissions (CO2eq) (AR5),kilotonnes,4360.4751,4479.7113,4358.8641,4413.7527,4471.8771,4559.2264,4645.6392,4709.3006,4812.1653,4923.975,5028.6905,5071.2293,5193.4894,5312.0358,5286.2685,5437.3661,5559.1434,5673.108,5770.0317,5894.0949,5900.9192
Senegal,Enteric Fermentation,Emissions (CO2eq) (AR5),kilotonnes,5333.3672,,,,,6170.08,,,,,,,,,,,,,,,
Senegal,Manure Management,Emissions (CH4),kilotonnes,7.2962,7.5248,7.4297,7.5183,7.6049,7.7769,7.9445,8.1521,8.2962,8.4279,8.6882,8.8309,9.0108,9.2816,9.3887,9.7234,10.0065,10.3051,10.57,10.9279,11.1995
Senegal,Manure Management,Emissions (CH4),kilotonnes,7.3996,,,,,,,,,,,,,,,,,,,,
Senegal,Manure Management,Emissions (N2O),kilotonnes,0.2056,0.2132,0.2154,0.222,0.2219,0.2282,0.2351,0.2397,0.2456,0.2558,0.265,0.272,0.2784,0.2885,0.2952,0.3064,0.3167,0.3278,0.3383,0.352,0.3597
Senegal,Manure Management,Emissions (CO2eq) from CH4 (AR5),kilotonnes,204.2939,210.6938,208.0308,210.5113,212.9367,217.7521,222.4464,228.2591,232.2934,235.9806,243.2706,247.2662,252.3025,259.8838,262.8849,272.2563,280.1809,288.5417,295.9592,305.9809,313.5863
Senegal,Manure Management,Emissions (CO2eq) from CH4 (AR5),kilotonnes,207.1888,,,,,,,,,,,,,,,,,,,,
Senegal,Manure Management,Emissions (CO2eq) from N2O (AR5),kilotonnes,54.4897,56.498,57.0774,58.8417,58.8117,60.4791,62.2998,63.5075,65.0826,67.7842,70.2193,72.0684,73.7823,76.4592,78.2204,81.1911,83.9222,86.8547,89.6571,93.2739,95.324
Senegal,Manure Management,Emissions (CO2eq) (AR5),kilotonnes,258.7836,267.1918,265.1082,269.353,271.7483,278.2312,284.7462,291.7665,297.376,303.7648,313.4899,319.3345,326.0848,336.343,341.1053,353.4474,364.1032,375.3964,385.6163,399.2549,408.9103
Senegal,Manure Management,Emissions (CO2eq) (AR5),kilotonnes,207.1888,,,,,,,,,,,,,,,,,,,,
Senegal,Manure left on Pasture,Direct emissions (N2O),kilotonnes,6.2531,6.4309,6.2707,6.3468,6.4313,6.5695,6.7102,6.8448,7,7.1382,7.3325,7.4309,7.5874,7.7964,7.827,8.0804,8.288,8.5048,8.685,8.942,9.0377
Senegal,Manure left on Pasture,Indirect emissions (N2O),kilotonnes,1.7922,1.8445,1.8003,1.8233,1.8504,1.892,1.9337,1.9729,2.0187,2.0588,2.1163,2.1414,2.1989,2.2599,2.2489,2.3372,2.4084,2.4818,2.5378,2.6124,2.644
Senegal,Manure left on Pasture,Emissions (N2O),kilotonnes,8.0453,8.2754,8.071,8.1701,8.2817,8.4614,8.6439,8.8177,9.0187,9.1971,9.4488,9.5724,9.7863,10.0563,10.0759,10.4176,10.6964,10.9866,11.2228,11.5544,11.6817
Senegal,Manure left on Pasture,Emissions (CO2eq) from N2O (AR5),kilotonnes,2132.0131,2192.9735,2138.8029,2165.0706,2194.6436,2242.2767,2290.6284,2336.6907,2389.9471,2437.2246,2503.9207,2536.679,2593.3624,2664.9324,2670.1012,2760.6653,2834.5399,2911.4531,2974.046,3061.9173,3095.6552
Senegal,Manure left on Pasture,Emissions (CO2eq) (AR5),kilotonnes,2132.0131,2192.9735,2138.8029,2165.0706,2194.6436,2242.2767,2290.6284,2336.6907,2389.9471,2437.2246,2503.9207,2536.679,2593.3624,2664.9324,2670.1012,2760.6653,2834.5399,2911.4531,2974.046,3061.9173,3095.6552
Senegal,Manure applied to Soils,Direct emissions (N2O),kilotonnes,0.2002,0.2073,0.2024,0.2089,0.2114,0.2174,0.2249,0.2329,0.2416,0.2521,0.2633,0.2711,0.2769,0.2907,0.298,0.3104,0.3209,0.3313,0.3424,0.3618,0.362
Senegal,Manure applied to Soils,Indirect emissions (N2O),kilotonnes,0.0851,0.0881,0.086,0.0888,0.0898,0.0924,0.0956,0.099,0.1027,0.1072,0.1119,0.1152,0.1177,0.1235,0.1267,0.1319,0.1364,0.1408,0.1455,0.1538,0.1539
Senegal,Manure applied to Soils,Emissions (N2O),kilotonnes,0.2853,0.2955,0.2885,0.2978,0.3012,0.3098,0.3205,0.3319,0.3443,0.3593,0.3752,0.3863,0.3946,0.4142,0.4247,0.4423,0.4573,0.4722,0.488,0.5155,0.5159
Senegal,Manure applied to Soils,Emissions (CO2eq) from N2O (AR5),kilotonnes,75.6144,78.2966,76.4462,78.9045,79.8261,82.0991,84.925,87.9626,91.2507,95.2118,99.4316,102.3571,104.5575,109.7722,112.5398,117.2067,121.1927,125.1254,129.314,136.6163,136.7013
Senegal,Manure applied to Soils,Emissions (CO2eq) (AR5),kilotonnes,75.6144,78.2966,76.4462,78.9045,79.8261,82.0991,84.925,87.9626,91.2507,95.2118,99.4316,102.3571,104.5575,109.7722,112.5398,117.2067,121.1927,125.1254,129.314,136.6163,136.7013
Senegal,Synthetic Fertilizers,Direct emissions (N2O),kilotonnes,0.2546,0.2499,0.3049,0.2058,0.3083,0.1916,0.0253,0.0227,0.029,0.2905,0.427,0.3119,0.3044,0.3353,0.3371,,0.5419,0.7452,0.5694,0.4948,0.7349
Senegal,Synthetic Fertilizers,Indirect emissions (N2O),kilotonnes,0.0827,0.0812,0.0991,0.0669,0.1002,0.0623,0.0082,0.0074,0.0094,0.0944,0.1388,0.1014,0.0989,0.109,0.1095,,0.1761,0.2422,0.185,0.1608,0.2388
Senegal,Synthetic Fertilizers,Emissions (N2O),kilotonnes,0.3373,0.3311,0.4039,0.2727,0.4084,0.2539,0.0335,0.0301,0.0384,0.385,0.5657,0.4132,0.4033,0.4443,0.4466,,0.718,0.9874,0.7544,0.6556,0.9737
Senegal,Synthetic Fertilizers,Emissions (CO2eq) from N2O (AR5),kilotonnes,89.3864,87.7311,107.043,72.254,108.2348,67.2826,8.889,7.9786,10.1801,102.0164,149.9153,109.5094,106.8774,117.7473,118.3542,,190.2816,261.6597,199.9192,173.7287,258.0396
Senegal,Synthetic Fertilizers,Emissions (CO2eq) (AR5),kilotonnes,89.3864,87.7311,107.043,72.254,108.2348,67.2826,8.889,7.9786,10.1801,102.0164,149.9153,109.5094,106.8774,117.7473,118.3542,,190.2816,261.6597,199.9192,173.7287,258.0396
Senegal,Drained organic soils,Emissions (CO2eq) (AR5),kilotonnes,0,0,0,0,0,0,0,0,0,0,0,0,0,0,0,0,0,0,0,0,0
Senegal,Drained organic soils (CO2),Emissions (CO2),kilotonnes,0,0,0,0,0,0,0,0,0,0,0,0,0,0,0,0,0,0,0,0,0
Senegal,Drained organic soils (CO2),Emissions (CO2eq) (AR5),kilotonnes,0,0,0,0,0,0,0,0,0,0,0,0,0,0,0,0,0,0,0,0,0
Senegal,Drained organic soils (N2O),Emissions (N2O),kilotonnes,0,0,0,0,0,0,0,0,0,0,0,0,0,0,0,0,0,0,0,0,0
Senegal,Drained organic soils (N2O),Emissions (CO2eq) from N2O (AR5),kilotonnes,0,0,0,0,0,0,0,0,0,0,0,0,0,0,0,0,0,0,0,0,0
Senegal,Drained organic soils (N2O),Emissions (CO2eq) (AR5),kilotonnes,0,0,0,0,0,0,0,0,0,0,0,0,0,0,0,0,0,0,0,0,0
Senegal,On-farm energy use,Emissions (CH4),kilotonnes,0.0425,0.0431,0.1282,0.1234,0.1269,0.1374,0.1315,0.2173,0.1971,0.258,0.2544,0.3269,0.2718,0.243,0.2615,0.2395,0.2301,0.1883,0.2524,0.2506,0.2506
Senegal,On-farm energy use,Emissions (N2O),kilotonnes,0.0494,0.0477,0.0464,0.0564,0.062,0.067,0.0389,0.059,0.0373,0.0371,0.0749,0.0793,0.0762,0.0831,0.0887,0.0976,0.1044,0.1116,0.1036,0.1066,0.1066
Senegal,On-farm energy use,Emissions (CO2),kilotonnes,246.9348,255.0634,286.4273,294.8914,319.6547,318.7042,228.8768,290.2346,260.9157,282.5041,365.5581,401.196,372.7036,384.429,416.5552,464.8576,500.826,506.48,482.0626,495.1641,495.1641
Senegal,On-farm energy use,Emissions (CO2eq) from CH4 (AR5),kilotonnes,1.1912,1.2068,3.59,3.454,3.5544,3.8477,3.6833,6.0838,5.5183,7.2236,7.1219,9.1535,7.6107,6.8051,7.3208,6.7056,6.4432,5.2712,7.0681,7.0175,7.0175
Senegal,On-farm energy use,Emissions (CO2eq) from N2O (AR5),kilotonnes,13.0792,12.6475,12.2847,14.9541,16.4183,17.7646,10.3195,15.6398,9.8726,9.8339,19.8412,21.0238,20.1906,22.0102,23.4978,25.8609,27.6649,29.5774,27.4599,28.2523,28.2523
Senegal,On-farm energy use,Emissions (CO2eq) (AR5),kilotonnes,261.2052,268.9177,302.3019,313.2995,339.6275,340.3165,242.8796,311.9583,276.3065,299.5616,392.5213,431.3733,400.5049,413.2443,447.3738,497.4241,534.9341,541.3286,516.5906,530.4339,530.4339
Senegal,Forestland,Emissions (CO2),kilotonnes,259.6927,2421.8938,2421.8938,2421.8938,2421.8938,2421.8938,2421.8938,2421.8938,2421.8938,2421.8938,2421.8938,485.0654,485.0654,485.0654,485.0654,485.0654,354.999,354.999,354.999,354.999,354.999
Senegal,Forestland,Emissions (CO2eq) (AR5),kilotonnes,259.6927,2421.8938,2421.8938,2421.8938,2421.8938,2421.8938,2421.8938,2421.8938,2421.8938,2421.8938,2421.8938,485.0654,485.0654,485.0654,485.0654,485.0654,354.999,354.999,354.999,354.999,354.999
Senegal,Net Forest conversion,Emissions (CO2),kilotonnes,4626.6,3947.02,3947.02,3947.02,3947.02,3947.02,3947.02,3947.02,3947.02,3947.02,3947.02,3986.4,3986.4,3986.4,3986.4,3986.4,3974.6667,3974.6667,3974.6667,3974.6667,3974.6667
Senegal,Net Forest conversion,Emissions (CO2eq) (AR5),kilotonnes,4626.6,3947.02,3947.02,3947.02,3947.02,3947.02,3947.02,3947.02,3947.02,3947.02,3947.02,3986.4,3986.4,3986.4,3986.4,3986.4,3974.6667,3974.6667,3974.6667,3974.6667,3974.6667
Senegal,Savanna fires,Emissions (CH4),kilotonnes,73.2372,56.0683,45.0178,29.8147,49.2012,52.6957,58.115,43.6527,48.1136,41.9857,48.2839,53.7728,38.3297,44.3919,40.7553,30.3446,44.9933,43.4666,34.4894,42.1612,46.9163
Senegal,Savanna fires,Emissions (N2O),kilotonnes,6.6869,5.1193,4.1103,2.7222,4.4923,4.8113,5.3062,3.9857,4.393,3.8335,4.4085,4.9097,3.4997,4.0532,3.7211,2.7706,4.1081,3.9687,3.149,3.8495,4.2837
Senegal,Savanna fires,Emissions (CO2eq) from CH4 (AR5),kilotonnes,2050.6415,1569.9113,1260.4989,834.811,1377.634,1475.4789,1627.2207,1222.2752,1347.1812,1175.6003,1351.9497,1505.6385,1073.2324,1242.9734,1141.1489,849.6497,1259.8114,1217.0646,965.7025,1180.514,1313.6563
Senegal,Savanna fires,Emissions (CO2eq) from N2O (AR5),kilotonnes,1772.0219,1356.6081,1089.2354,721.3856,1190.4555,1275.0062,1406.1309,1056.2052,1164.1403,1015.872,1168.2609,1301.068,927.4128,1074.0911,986.1015,734.2082,1088.6414,1051.7025,834.4929,1020.1181,1135.1704
Senegal,Savanna fires,Emissions (CO2eq) (AR5),kilotonnes,3822.6633,2926.5194,2349.7343,1556.1965,2568.0894,2750.4851,3033.3515,2278.4804,2511.3215,2191.4723,2520.2105,2806.7065,2000.6452,2317.0645,2127.2504,1583.8579,2348.4528,2268.7671,1800.1954,2200.6321,2448.8267
Senegal,Fires in organic soils,Emissions (CH4),kilotonnes,0,0,0,0,0,0,0,0,0,0,0,0,0,0,0,0,0,0,0,0,0
Senegal,Fires in organic soils,Emissions (CO2),kilotonnes,0,0,0,0,0,0,0,0,0,0,0,0,0,0,0,0,0,0,0,0,0
Senegal,Fires in organic soils,Emissions (CO2eq) from CH4 (AR5),kilotonnes,0,0,0,0,0,0,0,0,0,0,0,0,0,0,0,0,0,0,0,0,0
Senegal,Fires in organic soils,Emissions (CO2eq) (AR5),kilotonnes,0,0,0,0,0,0,0,0,0,0,0,0,0,0,0,0,0,0,0,0,0
Senegal,Forest fires,Emissions (CH4),kilotonnes,62.9814,0.1996,0.1889,0.2368,1.1732,2.2005,3.0143,3.2488,3.1848,2.5888,1.9126,1.2841,2.5593,2.1863,1.2903,1.0586,1.2529,0.6002,0.9589,0.9068,1.703
Senegal,Forest fires,Emissions (N2O),kilotonnes,1.8524,0.0182,0.0172,0.0216,0.1071,0.2009,0.2752,0.2966,0.2908,0.2364,0.1746,0.1172,0.2337,0.1996,0.1178,0.0967,0.1144,0.0548,0.0876,0.0828,0.1555
Senegal,Forest fires,Emissions (CO2eq) from CH4 (AR5),kilotonnes,1763.4789,5.5876,5.2896,6.6306,32.8503,61.6132,84.4006,90.9669,89.1738,72.4854,53.5516,35.954,71.6606,61.2152,36.1282,29.6414,35.08,16.8068,26.8492,25.3898,47.6844
Senegal,Forest fires,Emissions (CO2eq) from N2O (AR5),kilotonnes,490.8844,4.8284,4.5709,5.7297,28.3869,53.2418,72.9331,78.6072,77.0578,62.6369,46.2756,31.069,61.9241,52.8979,31.2195,25.614,30.3137,14.5233,23.2012,21.9401,41.2055
Senegal,Forest fires,Emissions (CO2eq) (AR5),kilotonnes,2254.3634,10.4159,9.8604,12.3603,61.2372,114.855,157.3337,169.5741,166.2317,135.1223,99.8273,67.023,133.5848,114.113,67.3477,55.2554,65.3937,31.3301,50.0504,47.3299,88.8899
Senegal,Fires in humid tropical forests,Emissions (CH4),kilotonnes,23.7375,0.1996,0.1889,0.2368,1.1707,2.2005,3.0093,3.2488,3.1823,2.5863,1.9051,1.2692,2.5544,2.1739,1.2878,1.0537,1.2479,0.5854,0.9366,0.8993,1.6683
Senegal,Fires in humid tropical forests,Emissions (N2O),kilotonnes,0.6982,0.0182,0.0172,0.0216,0.1069,0.2009,0.2748,0.2966,0.2906,0.2361,0.1739,0.1159,0.2332,0.1985,0.1176,0.0962,0.1139,0.0534,0.0855,0.0821,0.1523
Senegal,Fires in humid tropical forests,Emissions (CO2eq) from CH4 (AR5),kilotonnes,664.6508,5.5876,5.2896,6.6306,32.7809,61.6132,84.2618,90.9669,89.1044,72.416,53.3434,35.5376,71.5218,60.8681,36.0588,29.5026,34.9412,16.3903,26.2245,25.1815,46.7126
Senegal,Fires in humid tropical forests,Emissions (CO2eq) from N2O (AR5),kilotonnes,185.0132,4.8284,4.5709,5.7297,28.3269,53.2418,72.8132,78.6072,76.9979,62.5769,46.0957,30.7091,61.8042,52.598,31.1595,25.4941,30.1937,14.1634,22.6614,21.7601,40.3658
Senegal,Fires in humid tropical forests,Emissions (CO2eq) (AR5),kilotonnes,849.664,10.4159,9.8604,12.3603,61.1078,114.855,157.0749,169.5741,166.1023,134.9929,99.4391,66.2466,133.326,113.4661,67.2183,54.9967,65.1349,30.5537,48.8859,46.9417,87.0784
Senegal,Waste - agri-food systems,Emissions (CH4),kilotonnes,64.0786,65.2979,66.4216,67.5516,68.6323,69.785,70.8091,71.8381,73.0505,74.0527,75.0607,76.1469,77.0454,78.0217,78.499,79.1607,80.1121,80.894,81.6884,82.4351,83.1741
Senegal,Waste - agri-food systems,Emissions (N2O),kilotonnes,0.214,0.1953,0.1923,0.2089,0.2196,0.2273,0.2367,0.2438,0.2619,0.2715,0.2747,0.2797,0.289,0.2929,0.2909,0.3083,0.3261,0.331,0.339,0.3468,0.3548
Senegal,Waste - agri-food systems,Emissions (CO2),kilotonnes,0,0,0,0,0,0,0,0,0,0,0,0,0,0,0,0,0,0,0,0,0
Senegal,Waste - agri-food systems,Emissions (CO2eq) from CH4 (AR5),kilotonnes,1794.2013,1828.3398,1859.8041,1891.4452,1921.7032,1953.9794,1982.6539,2011.4668,2045.4143,2073.4759,2101.7005,2132.1129,2157.2725,2184.6072,2197.9719,2216.5002,2243.1379,2265.0319,2287.2745,2308.1827,2328.8752
Senegal,Waste - agri-food systems,Emissions (CO2eq) from N2O (AR5),kilotonnes,56.7208,51.7628,50.9517,55.3636,58.1904,60.2223,62.7222,64.6041,69.4035,71.9447,72.7938,74.1088,76.5773,77.6103,77.0821,81.7085,86.4215,87.7141,89.8218,91.9017,94.0115
Senegal,Waste - agri-food systems,Emissions (CO2eq) (AR5),kilotonnes,1850.9221,1880.1026,1910.7558,1946.8087,1979.8936,2014.2017,2045.3761,2076.0709,2114.8178,2145.4206,2174.4943,2206.2217,2233.8498,2262.2174,2275.054,2298.2086,2329.5594,2352.746,2377.0963,2400.0844,2422.8866
Senegal,On-farm electricity use,Emissions (CH4),kilotonnes,0.0348,0.0396,0.0396,0.102,0.0636,0.06,0.06,0.0756,0.0588,0.0852,0.0888,0.09,0.102,0.0204,0.114,0.12,0.126,0.1356,0.1428,0.1486,0.1486
Senegal,On-farm electricity use,Emissions (N2O),kilotonnes,0.0002,0.0002,0.0002,0.0005,0.0003,0.0003,0.0003,0.0004,0.0003,0.0005,0.0005,0.0005,0.0005,0.0001,0.0006,0.0006,0.0007,0.0007,0.0008,0.0008,0.0008
Senegal,On-farm electricity use,Emissions (CO2),kilotonnes,26.252,27.9325,24.0778,53.2116,35.4918,37.0353,37.5555,39.9898,30.5859,51.0336,49.733,46.4522,51.1463,11.3193,63.2547,66.5838,69.9131,75.2398,79.2348,82.4308,82.4308
Senegal,On-farm electricity use,Emissions (CO2eq) from CH4 (AR5),kilotonnes,0.9744,1.1088,1.1088,2.856,1.7808,1.68,1.68,2.1168,1.6464,2.3856,2.4864,2.52,2.856,0.5712,3.192,3.36,3.528,3.7968,3.9984,4.1608,4.1608
Senegal,On-farm electricity use,Emissions (CO2eq) from N2O (AR5),kilotonnes,0.053,0.053,0.053,0.1325,0.0795,0.0795,0.0795,0.106,0.0795,0.1325,0.1325,0.1325,0.1325,0.0265,0.159,0.159,0.1855,0.1855,0.212,0.212,0.212
Senegal,On-farm electricity use,Emissions (CO2eq) (AR5),kilotonnes,27.2794,29.0943,25.2396,56.2001,37.3521,38.7948,39.315,42.2126,32.3118,53.5517,52.3519,49.1047,54.1348,11.917,66.6057,70.1028,73.6266,79.2221,83.4452,86.8036,86.8036
Senegal,Food Processing,Emissions (CH4),kilotonnes,0,0,0,0,0,0,0.2592,0.0756,0.0984,0.198,0.1586,0.1393,0.1502,0.1753,0.1873,0.2041,0.2209,0.0493,0.0529,0.0529,0.0524
Senegal,Food Processing,Emissions (N2O),kilotonnes,0,0,0,0,0,0,0.0013,0.0004,0.0005,0.0012,0.0009,0.0008,0.0008,0.0009,0.001,0.0011,0.0012,0.0003,0.0003,0.0003,0.0003
Senegal,Food Processing,Emissions (CO2),kilotonnes,0,0,0,0,0,0,162.2398,39.9898,51.1846,118.5992,94.9668,74.973,81.4691,100.3394,106.9978,116.3195,125.6413,30.4263,32.4239,32.4239,32.7582
Senegal,Food Processing,Emissions (CO2eq) from CH4 (AR5),kilotonnes,0,0,0,0,0,0,7.2576,2.1168,2.7552,5.544,4.4408,3.9004,4.2056,4.9084,5.2444,5.7148,6.1852,1.3804,1.4812,1.4812,1.4682
Senegal,Food Processing,Emissions (CO2eq) from N2O (AR5),kilotonnes,0,0,0,0,0,0,0.3445,0.106,0.1325,0.318,0.2385,0.212,0.212,0.2385,0.265,0.2915,0.318,0.0795,0.0795,0.0795,0.0818
Senegal,Food Processing,Emissions (CO2eq) (AR5),kilotonnes,0,0,0,0,0,0,169.8419,42.2126,54.0723,124.4612,99.6461,79.0854,85.8867,105.4863,112.5072,122.3258,132.1445,31.8862,33.9846,33.9846,34.3082
Senegal,Food Packaging,Emissions (CH4),kilotonnes,0.0215,0.027,0.0306,0.0715,0.0874,0.089,0.0982,0.1215,0.1308,0.1607,0.2178,0.2354,0.2246,0.2079,0.219,0.2083,0.2145,0.2202,0.2252,0.2506,0.2484
Senegal,Food Packaging,Emissions (N2O),kilotonnes,0.0001,0.0001,0.0001,0.0002,0.0002,0.0002,0.0002,0.0002,0.0002,0.0003,0.0004,0.0005,0.0005,0.0004,0.0006,0.0006,0.0007,0.0007,0.0009,0.0007,0.0007
Senegal,Food Packaging,Emissions (CO2),kilotonnes,14.8878,15.2897,17.1596,28.9997,33.9928,38.3053,27.5336,30.4734,30.6051,29.4952,51.5991,44.3109,37.2927,33.8893,68.8418,76.9088,69.4204,66.5216,87.386,69.0468,69.7586
Senegal,Food Packaging,Emissions (CO2eq) from CH4 (AR5),kilotonnes,0.602,0.756,0.8568,2.002,2.4472,2.492,2.7496,3.402,3.6624,4.4996,6.0984,6.5912,6.2888,5.8212,6.132,5.8324,6.006,6.1656,6.3056,7.0168,6.9554
Senegal,Food Packaging,Emissions (CO2eq) from N2O (AR5),kilotonnes,0.0265,0.0265,0.0265,0.053,0.053,0.053,0.053,0.053,0.053,0.0795,0.106,0.1325,0.1325,0.106,0.159,0.159,0.1855,0.1855,0.2385,0.1855,0.1908
Senegal,Food Packaging,Emissions (CO2eq) (AR5),kilotonnes,15.5163,16.0722,18.0429,31.0547,36.493,40.8503,30.3362,33.9284,34.3205,34.0743,57.8035,51.0346,43.714,39.8165,75.1328,82.9002,75.6119,72.8727,93.9301,76.2491,76.9048
Senegal,Food Retail,Emissions (CH4),kilotonnes,0.0301,0.0348,0.0376,0.0435,0.0554,0.0731,0.089,0.1168,0.1043,0.1309,0.0531,0.0519,0.0587,0.1311,0.1388,0.1583,0.1583,0.2084,0.2258,0.1719,0.1704
Senegal,Food Retail,Emissions (N2O),kilotonnes,0.0002,0.0002,0.0002,0.0002,0.0003,0.0004,0.0004,0.0006,0.0005,0.0008,0.0003,0.0003,0.0003,0.0007,0.0007,0.0008,0.0008,0.0011,0.0012,0.0009,0.0009
Senegal,Food Retail,Emissions (CO2),kilotonnes,22.6853,24.5298,22.8812,22.6994,30.9381,45.109,55.7324,61.762,54.2681,78.3905,31.4037,28.8829,31.0715,74.7988,79.0868,89.9,89.9,117.6788,148.4973,100.1918,101.2247
Senegal,Food Retail,Emissions (CO2eq) from CH4 (AR5),kilotonnes,0.8428,0.9744,1.0528,1.218,1.5512,2.0468,2.492,3.2704,2.9204,3.6652,1.4868,1.4532,1.6436,3.6708,3.8864,4.4324,4.4324,5.8352,6.3224,4.8132,4.7711
Senegal,Food Retail,Emissions (CO2eq) from N2O (AR5),kilotonnes,0.053,0.053,0.053,0.053,0.0795,0.106,0.106,0.159,0.1325,0.212,0.0795,0.0795,0.0795,0.1855,0.1855,0.212,0.212,0.2915,0.318,0.2385,0.2454
Senegal,Food Retail,Emissions (CO2eq) (AR5),kilotonnes,23.5811,25.5572,23.987,23.9704,32.5688,47.2618,58.3304,65.1914,57.321,82.2677,32.97,30.4156,32.7946,78.6551,83.1587,94.5444,94.5444,123.8055,155.1377,105.2435,106.2411
Senegal,Food Household Consumption,Emissions (CH4),kilotonnes,0.5505,0.6875,0.7139,0.6581,0.6526,0.4572,0.4291,0.4338,0.4207,0.5557,0.5799,0.5568,0.6319,0.6679,0.6872,0.7219,0.7281,0.7835,0.6786,0.6786,0.6727
Senegal,Food Household Consumption,Emissions (N2O),kilotonnes,0.0035,0.0039,0.004,0.0037,0.0035,0.0027,0.0025,0.0026,0.0024,0.0036,0.0035,0.0033,0.0033,0.0037,0.0038,0.004,0.0041,0.0043,0.0038,0.0038,0.0039
Senegal,Food Household Consumption,Emissions (CO2),kilotonnes,586.3218,665.7157,628.5554,545.4651,573.0753,494.3849,480.5978,396.2413,405.4089,527.2005,492.5455,443.6678,462.6801,518.7798,540.0693,571.4019,595.998,598.0544,554.9749,554.9749,560.6963
Senegal,Food Household Consumption,Emissions (CO2eq) from CH4 (AR5),kilotonnes,15.414,19.25,19.9892,18.4268,18.2728,12.8016,12.0148,12.1464,11.7796,15.5596,16.2372,15.5904,17.6932,18.7012,19.2416,20.2132,20.3868,21.938,19.0008,19.0008,18.8345
Senegal,Food Household Consumption,Emissions (CO2eq) from N2O (AR5),kilotonnes,0.9275,1.0335,1.06,0.9805,0.9275,0.7155,0.6625,0.689,0.636,0.954,0.9275,0.8745,0.8745,0.9805,1.007,1.06,1.0865,1.1395,1.007,1.007,1.036
Senegal,Food Household Consumption,Emissions (CO2eq) (AR5),kilotonnes,602.6633,685.9992,649.6046,564.8724,592.2756,507.902,493.2751,409.0767,417.8245,543.7141,509.7102,460.1327,481.2478,538.4615,560.3179,592.6751,617.4713,621.1319,574.9827,574.9827,580.5667
Senegal,Food Transport,Emissions (CH4),kilotonnes,0.0122,0.0126,0.0136,0.0146,0.0154,0.015,0.0152,0.0174,0.019,0.0187,0.0195,0.0204,0.0201,0.0226,0.0227,0.0254,0.0285,0.0305,0.0302,0.0273,0.0271
Senegal,Food Transport,Emissions (N2O),kilotonnes,0.0015,0.0016,0.0017,0.0018,0.0019,0.0018,0.0018,0.0021,0.0023,0.0022,0.0024,0.0024,0.0024,0.0027,0.0027,0.0031,0.0035,0.0037,0.0037,0.0033,0.0034
Senegal,Food Transport,Emissions (CO2),kilotonnes,125.12,124.44,135.86,150.37,162.73,157.441,168.232,207.065,227.84,210.7144,221.746,235.0405,227.4158,252.04,264.35,293.79,320,343.8011,340.3611,319.4243,322.7173
Senegal,Food Transport,Emissions (CO2eq) from CH4 (AR5),kilotonnes,0.3416,0.3528,0.3808,0.4088,0.4312,0.42,0.4256,0.4872,0.532,0.5236,0.546,0.5712,0.5628,0.6328,0.6356,0.7112,0.798,0.854,0.8456,0.7644,0.7577
Senegal,Food Transport,Emissions (CO2eq) from N2O (AR5),kilotonnes,0.3975,0.424,0.4505,0.477,0.5035,0.477,0.477,0.5565,0.6095,0.583,0.636,0.636,0.636,0.7155,0.7155,0.8215,0.9275,0.9805,0.9805,0.8745,0.8996
Senegal,Food Transport,Emissions (CO2eq) (AR5),kilotonnes,125.8591,125.2168,136.6913,151.2558,163.6647,158.338,169.1346,208.1087,228.9815,211.821,222.928,236.2477,228.6146,253.3883,265.7011,295.3227,321.7255,345.6356,342.1872,321.0632,324.3747
Senegal,Energy,Emissions (CH4),kilotonnes,37.6,38.3,38.7,38.8,38.6,37.3,44,50.8,52.2,62.3,60.6,62.5,64.2,53.5,48.6,43.2,38.3,39.2,34.2,45.7,45.3
Senegal,Energy,Emissions (N2O),kilotonnes,0.156,0.162,0.164,0.161,0.167,0.166,0.175,0.191,0.201,0.273,0.271,0.283,0.286,0.243,0.272,0.27,0.277,0.281,0.28,0.313,0.322
Senegal,Energy,Emissions (CO2),kilotonnes,3360,3640,3780,4260,4290,4500,3290,3640,3560,3440,5720,6030,5570,5830,6900,8060,8080,7490,8560,8730,8820
Senegal,Energy,Emissions (CO2eq) from CH4 (AR5),kilotonnes,1052.8,1072.4,1083.6,1086.4,1080.8,1044.4,1232,1422.4,1461.6,1744.4,1696.8,1750,1797.6,1498,1360.8,1209.6,1072.4,1097.6,957.6,1279.6,1268.4
Senegal,Energy,Emissions (CO2eq) from N2O (AR5),kilotonnes,41.34,42.93,43.46,42.665,44.255,43.99,46.375,50.615,53.265,72.345,71.815,74.995,75.79,64.395,72.08,71.55,73.405,74.465,74.2,82.945,85.33
Senegal,Energy,Emissions (CO2eq) (AR5),kilotonnes,4454.14,4755.33,4907.06,5389.065,5415.055,5588.39,4568.375,5113.015,5074.865,5256.745,7488.615,7854.995,7443.39,7392.395,8332.88,9341.15,9225.805,8662.065,9591.8,10092.545,10173.73
Senegal,IPPU,Emissions (N2O),kilotonnes,0.0001,0.0001,0.0001,0.0001,0.0001,0.0001,0.0001,0.0001,0.0001,0.0001,0.0001,0.0001,0.0002,0.0002,0.0002,0.0002,0.0002,0.0002,0.0002,0.0002,0.0002
Senegal,IPPU,Emissions (CO2),kilotonnes,613,692,745,754,1030,1120,1210,1300,1280,1360,1680,1900,1890,2110,1990,1890,2100,2110,2200,2780,2780
Senegal,IPPU,Emissions (CO2eq) from N2O (AR5),kilotonnes,0.0289,0.0294,0.0302,0.031,0.0321,0.0329,0.0337,0.0347,0.0355,0.0366,0.0376,0.0387,0.04,0.0411,0.0424,0.0437,0.0451,0.0461,0.0474,0.048,0.0493
Senegal,IPPU,Emissions (CO2eq) (AR5),kilotonnes,613.0289,692.0294,745.0302,754.031,1030.0321,1120.0329,1210.0337,1300.0347,1280.0355,1360.0366,1680.0376,1900.0387,1890.04,2110.0411,1990.0424,1890.0437,2100.0451,2110.0461,2200.0474,2780.048,2780.0493
Senegal,Waste,Emissions (CH4),kilotonnes,54.4,55.6,56.9,58.5,60.1,61.8,63.6,65.5,67.5,69.6,71.8,74.1,76.5,79.1,81.8,84.6,87.3,90.2,93.2,94,96.4
Senegal,Waste,Emissions (N2O),kilotonnes,0.347,0.356,0.365,0.362,0.376,0.398,0.416,0.432,0.452,0.473,0.492,0.504,0.513,0.523,0.532,0.548,0.574,0.6,0.628,0.629,0.645
Senegal,Waste,Emissions (CO2eq) from CH4 (AR5),kilotonnes,1523.2,1556.8,1593.2,1638,1682.8,1730.4,1780.8,1834,1890,1948.8,2010.4,2074.8,2142,2214.8,2290.4,2368.8,2444.4,2525.6,2609.6,2632,2699.2
Senegal,Waste,Emissions (CO2eq) from N2O (AR5),kilotonnes,91.955,94.34,96.725,95.93,99.64,105.47,110.24,114.48,119.78,125.345,130.38,133.56,135.945,138.595,140.98,145.22,152.11,159,166.42,166.685,170.925
Senegal,Waste,Emissions (CO2eq) (AR5),kilotonnes,1615.155,1651.14,1689.925,1733.93,1782.44,1835.87,1891.04,1948.48,2009.78,2074.145,2140.78,2208.36,2277.945,2353.395,2431.38,2514.02,2596.51,2684.6,2776.02,2798.685,2870.125
Senegal,Other,Emissions (N2O),kilotonnes,0.248,0.258,0.261,0.258,0.283,0.29,0.311,0.348,0.364,0.424,0.421,0.435,0.441,0.418,0.437,0.443,0.451,0.466,0.46,0.502,0.515
Senegal,Other,Emissions (CO2eq) from N2O (AR5),kilotonnes,65.72,68.37,69.165,68.37,74.995,76.85,82.415,92.22,96.46,112.36,111.565,115.275,116.865,110.77,115.805,117.395,119.515,123.49,121.9,133.03,136.475
Senegal,Other,Emissions (CO2eq) (AR5),kilotonnes,65.72,68.37,69.165,68.37,74.995,76.85,82.415,92.22,96.46,112.36,111.565,115.275,116.865,110.77,115.805,117.395,119.515,123.49,121.9,133.03,136.475
Senegal,Farm-gate emissions,Emissions (CH4),kilotonnes,242.6777,230.1129,213.9887,201.8548,222.8781,230.8279,238.5504,226.3533,238.0263,236.9871,247.687,252.1604,241.9233,251.8289,249.2598,252.019,272.8304,279.087,275.218,289.2669,298.7702
Senegal,Farm-gate emissions,Direct emissions (N2O),kilotonnes,6.9326,7.1122,6.9687,7.0519,7.1643,7.2564,7.1759,7.279,7.6183,8.0508,8.374,8.2455,8.4641,8.6746,8.716,8.8203,9.5111,10.0875,10.1605,10.3483,10.8333
Senegal,Farm-gate emissions,Indirect emissions (N2O),kilotonnes,2.0106,2.0642,2.0283,2.0443,2.0884,2.1091,2.086,2.1195,2.2091,2.3437,2.446,2.4101,2.482,2.5492,2.5422,2.5658,2.8019,2.9787,2.9952,3.0507,3.1939
Senegal,Farm-gate emissions,Emissions (N2O),kilotonnes,15.8936,14.5664,13.3799,12.1129,14.0427,14.4862,14.8548,13.6963,14.5235,14.5391,15.5829,15.9288,14.8156,15.664,15.379,14.5843,16.8631,17.5029,16.7772,17.739,18.8134
Senegal,Farm-gate emissions,Emissions (CO2),kilotonnes,246.9348,255.0634,286.4273,294.8914,319.6547,318.7042,228.8768,290.2346,260.9157,282.5041,365.5581,401.196,372.7036,384.429,416.5552,464.8576,500.826,506.48,482.0626,495.1641,495.1641
Senegal,Farm-gate emissions,Emissions (CO2eq) from CH4 (AR5),kilotonnes,6794.9763,6443.1625,5991.6832,5651.9336,6240.5871,6463.1803,6679.4121,6337.8923,6664.7367,6635.64,6935.2348,7060.4914,6773.853,7051.2086,6979.2748,7056.5313,7639.2519,7814.435,7706.1047,8099.4744,8365.5645
Senegal,Farm-gate emissions,Emissions (CO2eq) from N2O (AR5),kilotonnes,4211.8131,3860.1081,3545.6691,3209.9182,3721.3063,3838.8477,3936.5223,3629.532,3848.7239,3852.8524,4129.4765,4221.1248,3926.1229,4150.9628,4075.4357,3864.8335,4468.712,4638.2586,4445.9597,4700.8453,4985.5493
Senegal,Farm-gate emissions,Emissions (CO2eq) (AR5),kilotonnes,11253.7242,10558.3341,9823.7796,9156.7432,10281.5482,10620.7322,10844.8112,10257.6589,10774.3763,10770.9965,11430.2695,11682.8123,11072.6795,11586.6005,11471.2657,11386.2224,12608.7899,12959.1736,12634.1271,13295.4838,13846.2779
Senegal,Land Use change,Emissions (CH4),kilotonnes,23.7375,0.1996,0.1889,0.2368,1.1707,2.2005,3.0093,3.2488,3.1823,2.5863,1.9051,1.2692,2.5544,2.1739,1.2878,1.0537,1.2479,0.5854,0.9366,0.8993,1.6683
Senegal,Land Use change,Emissions (N2O),kilotonnes,0.6982,0.0182,0.0172,0.0216,0.1069,0.2009,0.2748,0.2966,0.2906,0.2361,0.1739,0.1159,0.2332,0.1985,0.1176,0.0962,0.1139,0.0534,0.0855,0.0821,0.1523
Senegal,Land Use change,Emissions (CO2),kilotonnes,4626.6,3947.02,3947.02,3947.02,3947.02,3947.02,3947.02,3947.02,3947.02,3947.02,3947.02,3986.4,3986.4,3986.4,3986.4,3986.4,3974.6667,3974.6667,3974.6667,3974.6667,3974.6667
Senegal,Land Use change,Emissions (CO2eq) from CH4 (AR5),kilotonnes,664.6508,5.5876,5.2896,6.6306,32.7809,61.6132,84.2618,90.9669,89.1044,72.416,53.3434,35.5376,71.5218,60.8681,36.0588,29.5026,34.9412,16.3903,26.2245,25.1815,46.7126
Senegal,Land Use change,Emissions (CO2eq) from N2O (AR5),kilotonnes,185.0132,4.8284,4.5709,5.7297,28.3269,53.2418,72.8132,78.6072,76.9979,62.5769,46.0957,30.7091,61.8042,52.598,31.1595,25.4941,30.1937,14.1634,22.6614,21.7601,40.3658
Senegal,Land Use change,Emissions (CO2eq) (AR5),kilotonnes,5476.264,3957.4359,3956.8804,3959.3803,4008.1278,4061.875,4104.0949,4116.5941,4113.1223,4082.0129,4046.4591,4052.6466,4119.726,4099.8661,4053.6183,4041.3967,4039.8016,4005.2204,4023.5526,4021.6084,4061.7451
Senegal,Emissions on agricultural land,Emissions (CH4),kilotonnes,266.4153,230.3125,214.1776,202.0916,224.0489,233.0283,241.5598,229.6021,241.2086,239.5734,249.5921,253.4296,244.4777,254.0027,250.5476,253.0726,274.0783,279.6723,276.1546,290.1663,300.4385
Senegal,Emissions on agricultural land,Emissions (N2O),kilotonnes,16.5918,14.5847,13.3971,12.1345,14.1496,14.6871,15.1296,13.993,14.814,14.7752,15.7569,16.0447,15.0488,15.8625,15.4966,14.6805,16.977,17.5563,16.8627,17.8212,18.9657
Senegal,Emissions on agricultural land,Emissions (CO2),kilotonnes,4873.5348,4202.0834,4233.4473,4241.9114,4266.6747,4265.7242,4175.8968,4237.2546,4207.9357,4229.5241,4312.5781,4387.596,4359.1036,4370.829,4402.9552,4451.2576,4475.4927,4481.1467,4456.7293,4469.8308,4469.8308
Senegal,Emissions on agricultural land,Emissions (CO2eq) from CH4 (AR5),kilotonnes,7459.627,6448.7501,5996.9728,5658.5642,6273.368,6524.7935,6763.6739,6428.8592,6753.8411,6708.056,6988.5783,7096.029,6845.3748,7112.0767,7015.3336,7086.0339,7674.1931,7830.8254,7732.3292,8124.6559,8412.2771
Senegal,Emissions on agricultural land,Emissions (CO2eq) from N2O (AR5),kilotonnes,4396.8263,3864.9365,3550.24,3215.6479,3749.6333,3892.0895,4009.3355,3708.1392,3925.7218,3915.4292,4175.5722,4251.8339,3987.927,4203.5608,4106.5952,3890.3276,4498.9057,4652.422,4468.6211,4722.6055,5025.9151
Senegal,Emissions on agricultural land,Emissions (CO2eq) (AR5),kilotonnes,16729.9881,14515.77,13780.66,13116.1235,14289.676,14682.6072,14948.9062,14374.253,14887.4986,14853.0094,15476.7286,15735.4589,15192.4055,15686.4666,15524.884,15427.6191,16648.5915,16964.394,16657.6796,17317.0922,17908.023
Senegal,Pre- and post- production,Emissions (CH4),kilotonnes,64.7277,66.0994,67.2569,68.4413,69.5067,70.4793,71.7598,72.6788,73.8825,75.2019,76.1784,77.2407,78.2329,79.2469,79.868,80.5987,81.5884,82.3215,83.0439,83.765,84.4937
Senegal,Pre- and post- production,Emissions (N2O),kilotonnes,0.2195,0.2013,0.1985,0.2153,0.2258,0.2327,0.2432,0.2501,0.2681,0.2801,0.2827,0.2875,0.2968,0.3014,0.3003,0.3185,0.3371,0.3418,0.3497,0.3566,0.3648
Senegal,Pre- and post- production,Emissions (CO2),kilotonnes,775.2669,857.9077,828.534,800.7458,836.228,772.2755,931.8911,775.5213,799.8926,1015.4334,941.9941,873.3273,891.0755,991.1666,1122.6004,1214.904,1270.8728,1231.722,1242.878,1158.4925,1169.5859
Senegal,Pre- and post- production,Emissions (CO2eq) from CH4 (AR5),kilotonnes,1812.3761,1850.7818,1883.1925,1916.3568,1946.1864,1973.4198,2009.2735,2035.0064,2068.7103,2105.6535,2132.9961,2162.7393,2190.5225,2218.9128,2236.3039,2256.7642,2284.4743,2305.0019,2325.2285,2345.4199,2365.8229
Senegal,Pre- and post- production,Emissions (CO2eq) from N2O (AR5),kilotonnes,58.1783,53.3528,52.5947,57.0596,59.8334,61.6533,64.4447,66.2736,71.0465,74.2237,74.9138,76.1758,78.6443,79.8628,79.5731,84.4115,89.3365,90.5761,92.6573,94.4987,96.677
Senegal,Pre- and post- production,Emissions (CO2eq) (AR5),kilotonnes,2645.8213,2762.0423,2764.3212,2774.1621,2842.2478,2807.3486,3005.6093,2876.8013,2939.6494,3195.3106,3149.904,3112.2424,3160.2423,3289.9421,3438.4774,3556.0796,3644.6836,3627.3,3660.7638,3598.4111,3632.0858
Senegal,Agri-food systems,Emissions (CH4),kilotonnes,331.143,296.4119,281.4345,270.5329,293.5555,303.5076,313.3196,302.2809,315.0911,314.7753,325.7705,330.6703,322.7106,333.2496,330.4156,333.6714,355.6667,361.9938,359.1985,373.9313,384.9321
Senegal,Agri-food systems,Emissions (N2O),kilotonnes,16.8113,14.786,13.5956,12.3498,14.3753,14.9198,15.3728,14.2431,15.0821,15.0553,16.0396,16.3321,15.3456,16.1639,15.7969,14.999,17.3141,17.8981,17.2124,18.1778,19.3305
Senegal,Agri-food systems,Emissions (CO2),kilotonnes,5648.8017,5059.9911,5061.9813,5042.6572,5102.9027,5037.9997,5107.7879,5012.7759,5007.8283,5244.9575,5254.5722,5260.9233,5250.1791,5361.9956,5525.5556,5666.1616,5746.3655,5712.8687,5699.6073,5628.3233,5639.4167
Senegal,Agri-food systems,Emissions (CO2eq) from CH4 (AR5),kilotonnes,9272.0032,8299.5319,7880.1653,7574.9209,8219.5544,8498.2132,8772.9474,8463.8656,8822.5514,8813.7095,9121.5744,9258.7683,9035.8972,9330.9894,9251.6375,9342.7981,9958.6674,10135.8273,10057.5577,10470.0759,10778.1
Senegal,Agri-food systems,Emissions (CO2eq) from N2O (AR5),kilotonnes,4455.0046,3918.2893,3602.8347,3272.7075,3809.4667,3953.7428,4073.7802,3774.4128,3996.7683,3989.653,4250.486,4328.0096,4066.5714,4283.4236,4186.1683,3974.7391,4588.2422,4742.9981,4561.2784,4817.1042,5122.5921
Senegal,Agri-food systems,Emissions (CO2eq) (AR5),kilotonnes,19375.8095,17277.8123,16544.9813,15890.2856,17131.9238,17489.9558,17954.5155,17251.0543,17827.148,18048.32,18626.6326,18847.7013,18352.6478,18976.4087,18963.3615,18983.6987,20293.2751,20591.694,20318.4435,20915.5033,21540.1088
Senegal,IPCC Agriculture,Emissions (CH4),kilotonnes,242.6352,230.0698,213.8605,201.7314,222.7512,230.6904,238.4189,226.136,237.8292,236.7292,247.4326,251.8335,241.6515,251.5858,248.9984,251.7795,272.6003,278.8987,274.9656,289.0163,298.5195
Senegal,IPCC Agriculture,Emissions (CH4),kilotonnes,213.387,,,,,235.24,,,,,,,,,,,,,,,
Senegal,IPCC Agriculture,Direct emissions (N2O),kilotonnes,6.9326,7.1122,6.9687,7.0519,7.1643,7.2564,7.1759,7.279,7.6183,8.0508,8.374,8.2455,8.4641,8.6746,8.716,8.8203,9.5111,10.0875,10.1605,10.3483,10.8333
Senegal,IPCC Agriculture,Indirect emissions (N2O),kilotonnes,2.0106,2.0642,2.0283,2.0443,2.0884,2.1091,2.086,2.1195,2.2091,2.3437,2.446,2.4101,2.482,2.5492,2.5422,2.5658,2.8019,2.9787,2.9952,3.0507,3.1939
Senegal,IPCC Agriculture,Emissions (N2O),kilotonnes,15.8443,14.5187,13.3335,12.0565,13.9807,14.4192,14.8159,13.6373,14.4862,14.502,15.5081,15.8494,14.7394,15.581,15.2903,14.4867,16.7587,17.3912,16.6736,17.6324,18.7068
Senegal,IPCC Agriculture,Emissions (N2O),kilotonnes,5.74,,,,,4.58,,,,,,,,,,,,,,,
Senegal,IPCC Agriculture,Emissions (CO2eq) from CH4 (AR5),kilotonnes,6793.785,6441.9557,5988.0932,5648.4796,6237.0327,6459.3326,6675.7288,6331.8084,6659.2184,6628.4164,6928.1129,7051.3379,6766.2423,7044.4035,6971.954,7049.8257,7632.8087,7809.1638,7699.0366,8092.4568,8358.5469
Senegal,IPCC Agriculture,Emissions (CO2eq) from CH4 (AR5),kilotonnes,5974.836,,,,,6586.72,,,,,,,,,,,,,,,
Senegal,IPCC Agriculture,Emissions (CO2eq) from N2O (AR5),kilotonnes,4198.7339,3847.4607,3533.3845,3194.9641,3704.888,3821.0832,3926.2028,3613.8921,3838.8514,3843.0185,4109.6354,4200.101,3905.9323,4128.9527,4051.9379,3838.9726,4441.0471,4608.6812,4418.4999,4672.5931,4957.297
Senegal,IPCC Agriculture,Emissions (CO2eq) from N2O (AR5),kilotonnes,1521.1,,,,,1213.7,,,,,,,,,,,,,,,
Senegal,IPCC Agriculture,Emissions (CO2eq) (AR5),kilotonnes,10992.5189,10289.4164,9521.4777,8843.4436,9941.9207,10280.4158,10601.9316,9945.7006,10498.0698,10471.4349,11037.7483,11251.4389,10672.1745,11173.3562,11023.8919,10888.7983,12073.8558,12417.845,12117.5365,12765.0499,13315.8439
Senegal,IPCC Agriculture,Emissions (CO2eq) (AR5),kilotonnes,7495.936,,,,,7800.42,,,,,,,,,,,,,,,
Senegal,Agricultural Soils,Direct emissions (N2O),kilotonnes,6.9326,7.1122,6.9687,7.0519,7.1643,7.2564,7.1759,7.279,7.6183,8.0508,8.374,8.2455,8.4641,8.6746,8.716,8.8203,9.5111,10.0875,10.1605,10.3483,10.8333
Senegal,Agricultural Soils,Indirect emissions (N2O),kilotonnes,2.0106,2.0642,2.0283,2.0443,2.0884,2.1091,2.086,2.1195,2.2091,2.3437,2.446,2.4101,2.482,2.5492,2.5422,2.5658,2.8019,2.9787,2.9952,3.0507,3.1939
Senegal,Agricultural Soils,Emissions (N2O),kilotonnes,8.9432,9.1764,8.997,9.0962,9.2527,9.3655,9.2619,9.3985,9.8273,10.3945,10.82,10.6556,10.946,11.2237,11.2582,11.3861,12.313,13.0663,13.1557,13.399,14.0272
Senegal,Agricultural Soils,Emissions (N2O),kilotonnes,5.72,,,,,4.56,,,,,,,,,,,,,,,
Senegal,Agricultural Soils,Emissions (CO2eq) from N2O (AR5),kilotonnes,2369.9353,2431.7368,2384.2031,2410.4946,2451.9716,2481.8613,2454.3982,2490.6064,2604.2466,2754.5383,2867.3092,2823.7215,2900.6961,2974.2904,2983.4191,3017.3297,3262.9412,3462.5619,3486.2481,3550.736,3717.2135
Senegal,Agricultural Soils,Emissions (CO2eq) from N2O (AR5),kilotonnes,1515.8,,,,,1208.4,,,,,,,,,,,,,,,
Senegal,Agricultural Soils,Emissions (CO2eq) (AR5),kilotonnes,2369.9353,2431.7368,2384.2031,2410.4946,2451.9716,2481.8613,2454.3982,2490.6064,2604.2466,2754.5383,2867.3092,2823.7215,2900.6961,2974.2904,2983.4191,3017.3297,3262.9412,3462.5619,3486.2481,3550.736,3717.2135
Senegal,Agricultural Soils,Emissions (CO2eq) (AR5),kilotonnes,1515.8,,,,,1208.4,,,,,,,,,,,,,,,
Senegal,LULUCF,Emissions (CH4),kilotonnes,62.9814,0.1996,0.1889,0.2368,1.1732,2.2005,3.0143,3.2488,3.1848,2.5888,1.9126,1.2841,2.5593,2.1863,1.2903,1.0586,1.2529,0.6002,0.9589,0.9068,1.703
Senegal,LULUCF,Emissions (CH4),kilotonnes,1,,,,,1,,,,,,,,,,,,,,,
Senegal,LULUCF,Emissions (N2O),kilotonnes,1.8524,0.0182,0.0172,0.0216,0.1071,0.2009,0.2752,0.2966,0.2908,0.2364,0.1746,0.1172,0.2337,0.1996,0.1178,0.0967,0.1144,0.0548,0.0876,0.0828,0.1555
Senegal,LULUCF,Emissions (N2O),kilotonnes,0.04,,,,,0.04,,,,,,,,,,,,,,,
Senegal,LULUCF,Emissions (CO2),kilotonnes,4886.2927,6368.9138,6368.9138,6368.9138,6368.9138,6368.9138,6368.9138,6368.9138,6368.9138,6368.9138,6368.9138,4471.4654,4471.4654,4471.4654,4471.4654,4471.4654,4329.6657,4329.6657,4329.6657,4329.6657,4329.6657
Senegal,LULUCF,Emissions (CO2),kilotonnes,-10555,,,,,-11434,,,,,,,,,,,,,,,
Senegal,LULUCF,Emissions (CO2eq) from CH4 (AR5),kilotonnes,1763.4789,5.5876,5.2896,6.6306,32.8503,61.6132,84.4006,90.9669,89.1738,72.4854,53.5516,35.954,71.6606,61.2152,36.1282,29.6414,35.08,16.8068,26.8492,25.3898,47.6844
Senegal,LULUCF,Emissions (CO2eq) from N2O (AR5),kilotonnes,490.8844,4.8284,4.5709,5.7297,28.3869,53.2418,72.9331,78.6072,77.0578,62.6369,46.2756,31.069,61.9241,52.8979,31.2195,25.614,30.3137,14.5233,23.2012,21.9401,41.2055
Senegal,LULUCF,Emissions (CO2eq) (AR5),kilotonnes,7140.6561,6379.3297,6378.7742,6381.2741,6430.151,6483.7688,6526.2475,6538.4879,6535.1454,6504.036,6468.741,4538.4883,4605.0501,4585.5784,4538.8131,4526.7208,4395.0594,4360.9958,4379.7161,4376.9956,4418.5556
Senegal,LULUCF,Emissions (CO2eq) (AR5),kilotonnes,-10555,,,,,-11434,,,,,,,,,,,,,,,
Senegal,AFOLU,Emissions (CH4),kilotonnes,305.6166,230.2694,214.0494,201.9682,223.9244,232.8909,241.4332,229.3848,241.014,239.3179,249.3452,253.1176,244.2108,253.7721,250.2887,252.8381,273.8532,279.499,275.9245,289.9231,300.2225
Senegal,AFOLU,Emissions (N2O),kilotonnes,17.6967,14.5369,13.3508,12.0781,14.0878,14.6201,15.0911,13.934,14.777,14.7383,15.6827,15.9667,14.973,15.7806,15.4081,14.5833,16.8731,17.4461,16.7611,17.7152,18.8623
Senegal,AFOLU,Emissions (CO2),kilotonnes,4886.2927,6368.9138,6368.9138,6368.9138,6368.9138,6368.9138,6368.9138,6368.9138,6368.9138,6368.9138,6368.9138,4471.4654,4471.4654,4471.4654,4471.4654,4471.4654,4329.6657,4329.6657,4329.6657,4329.6657,4329.6657
Senegal,AFOLU,Emissions (CO2eq) from CH4 (AR5),kilotonnes,8557.264,6447.5433,5993.3828,5655.1102,6269.883,6520.9458,6760.1294,6422.7753,6748.3922,6700.9018,6981.6645,7087.2919,6837.9029,7105.6187,7008.0822,7079.4671,7667.8887,7825.9706,7725.8858,8117.8466,8406.2313
Senegal,AFOLU,Emissions (CO2eq) from N2O (AR5),kilotonnes,4689.6183,3852.289,3537.9553,3200.6938,3733.2749,3874.325,3999.1359,3692.4994,3915.9092,3905.6553,4155.911,4231.17,3967.8564,4181.8505,4083.1574,3864.5866,4471.3608,4623.2045,4441.7011,4694.5331,4998.5025
Senegal,AFOLU,Emissions (CO2eq) (AR5),kilotonnes,18133.175,16668.7461,15900.2519,15224.7177,16372.0717,16764.1845,17128.1791,16484.1884,17033.2152,16975.4709,17506.4893,15789.9273,15277.2247,15758.9346,15562.705,15415.5191,16468.9152,16778.8408,16497.2526,17142.0454,17734.3995
Senegal,All sectors with LULUCF,Emissions (CH4),kilotonnes,397.6166,324.1694,309.6494,299.2682,322.6244,331.9909,349.0332,345.6848,360.714,371.2179,381.7452,389.7176,384.9108,386.3721,380.6887,380.6381,399.4532,408.899,403.3245,429.6231,441.9225
Senegal,All sectors with LULUCF,Emissions (N2O),kilotonnes,18.4478,15.3131,14.1409,12.8592,14.914,15.4742,15.9932,14.9051,15.7941,15.9085,16.8668,17.1888,16.2132,16.9647,16.6493,15.8445,18.1752,18.7932,18.1293,19.1594,20.3445
Senegal,All sectors with LULUCF,Emissions (CO2),kilotonnes,8859.2927,10700.9138,10893.9138,11382.9138,11688.9138,11988.9138,10868.9138,11308.9138,11208.9138,11168.9138,13768.9138,12401.4654,11931.4654,12411.4654,13361.4654,14421.4654,14509.6657,13929.6657,15089.6657,15839.6657,15929.6657
Senegal,All sectors with LULUCF,Emissions (CO2eq) from CH4 (AR5),kilotonnes,11133.264,9076.7433,8670.1828,8379.5102,9033.483,9295.7458,9772.9294,9679.1753,10099.9922,10394.1018,10688.8645,10912.0919,10777.5029,10818.4187,10659.2822,10657.8671,11184.6887,11449.1706,11293.0858,12029.4466,12373.8313
Senegal,All sectors with LULUCF,Emissions (CO2eq) from N2O (AR5),kilotonnes,4888.6622,4057.9585,3747.3355,3407.6898,3952.197,4100.6678,4238.1996,3949.8491,4185.4497,4215.7419,4469.7086,4555.0387,4296.4964,4495.6516,4412.0648,4198.7953,4816.4359,4980.2056,4804.2685,5077.2411,5391.2818
Senegal,All sectors with LULUCF,Emissions (CO2eq) (AR5),kilotonnes,24881.2189,23835.6155,23311.4321,23170.1137,24674.5938,25385.3274,24880.0427,24937.9382,25494.3557,25778.7575,28927.4869,27868.596,27005.4647,27725.5357,28432.8124,29278.1278,30510.7903,30359.0419,31187.02,32946.3534,33694.7788
Senegal,All sectors without LULUCF,Emissions (CH4),kilotonnes,334.6352,323.9698,309.4605,299.0314,321.4512,329.7904,346.0189,342.436,357.5292,368.6292,379.8326,388.4335,382.3515,384.1858,379.3984,379.5795,398.2003,408.2987,402.3656,428.7163,440.2195
Senegal,All sectors without LULUCF,Emissions (N2O),kilotonnes,16.5954,15.2948,14.1236,12.8376,14.8068,15.2733,15.718,14.6085,15.5034,15.6721,16.6922,17.0716,15.9795,16.7651,16.5315,15.7479,18.0608,18.7384,18.0418,19.0766,20.189
Senegal,All sectors without LULUCF,Emissions (CO2),kilotonnes,3973,4332,4525,5014,5320,5620,4500,4940,4840,4800,7400,7930,7460,7940,8890,9950,10180,9600,10760,11510,11600
Senegal,All sectors without LULUCF,Emissions (CO2eq) from CH4 (AR5),kilotonnes,9369.785,9071.1557,8664.8932,8372.8796,9000.6327,9234.1326,9688.5288,9588.2084,10010.8184,10321.6164,10635.3129,10876.1379,10705.8423,10757.2035,10623.154,10628.2257,11149.6087,11432.3638,11266.2366,12004.0568,12326.1469
Senegal,All sectors without LULUCF,Emissions (CO2eq) from N2O (AR5),kilotonnes,4397.7778,4053.1301,3742.7647,3401.9601,3923.8101,4047.426,4165.2665,3871.2418,4108.3919,4153.105,4423.433,4523.9697,4234.5723,4442.7537,4380.8453,4173.1813,4786.1222,4965.6823,4781.0673,5055.301,5350.0763
Senegal,All sectors without LULUCF,Emissions (CO2eq) (AR5),kilotonnes,17740.5628,17456.2858,16932.6579,16788.8397,18244.4428,18901.5586,18353.7953,18399.4503,18959.2103,19274.7215,22458.7459,23330.1076,22400.4146,23139.9573,23893.9993,24751.407,26115.7309,25998.0461,26807.3039,28569.3579,29276.2232
Serbia,Crop Residues,Direct emissions (N2O),kilotonnes,,,,,,,1.3715,1.0964,1.4283,1.4415,1.4698,1.4608,1.1253,1.4872,1.6878,1.3996,1.7297,1.1894,1.6941,1.6729,1.825
Serbia,Crop Residues,Indirect emissions (N2O),kilotonnes,,,,,,,0.3086,0.2467,0.3214,0.3243,0.3307,0.3287,0.2532,0.3346,0.3798,0.3149,0.3892,0.2676,0.3812,0.3764,0.4106
Serbia,Crop Residues,Emissions (N2O),kilotonnes,,,,,,,1.68,1.3431,1.7496,1.7658,1.8005,1.7895,1.3785,1.8218,2.0676,1.7145,2.1188,1.457,2.0752,2.0493,2.2356
Serbia,Crop Residues,Emissions (CO2eq) from N2O (AR5),kilotonnes,,,,,,,445.2086,355.9335,463.6568,467.9494,477.1287,474.2215,365.2918,482.7698,547.908,454.3464,561.4912,386.0947,549.939,543.0584,592.4325
Serbia,Crop Residues,Emissions (CO2eq) (AR5),kilotonnes,,,,,,,445.2086,355.9335,463.6568,467.9494,477.1287,474.2215,365.2918,482.7698,547.908,454.3464,561.4912,386.0947,549.939,543.0584,592.4325
Serbia,Burning - Crop residues,Emissions (CH4),kilotonnes,,,,,,,3.7419,3.8489,3.9659,3.8764,3.8266,3.9302,3.2868,3.3291,3.5094,3.3647,3.37,3.3069,3.1293,3.2213,3.3182
Serbia,Burning - Crop residues,Emissions (N2O),kilotonnes,,,,,,,0.097,0.0998,0.1028,0.1005,0.0992,0.1019,0.0852,0.0863,0.091,0.0872,0.0874,0.0857,0.0811,0.0835,0.086
Serbia,Burning - Crop residues,Emissions (CO2eq) from CH4 (AR5),kilotonnes,,,,,,,104.7741,107.7704,111.0465,108.539,107.1449,110.0463,92.0301,93.214,98.2631,94.2124,94.3597,92.5922,87.6194,90.197,92.9108
Serbia,Burning - Crop residues,Emissions (CO2eq) from N2O (AR5),kilotonnes,,,,,,,25.7085,26.4437,27.2475,26.6323,26.2902,27.0021,22.5815,22.872,24.1108,23.1169,23.1531,22.7194,21.4992,22.1317,22.7975
Serbia,Burning - Crop residues,Emissions (CO2eq) (AR5),kilotonnes,,,,,,,130.4826,134.2141,138.2941,135.1713,133.4351,137.0484,114.6116,116.086,122.3739,117.3293,117.5128,115.3116,109.1186,112.3287,115.7083
Serbia,Enteric Fermentation,Emissions (CH4),kilotonnes,,,,,,,119.2163,116.5305,113.2841,106.6859,102.7814,101.0062,99.9728,97.917,100.0448,98.6251,95.588,96.2089,94.6774,95.4924,95.0129
Serbia,Enteric Fermentation,Emissions (CO2eq) from CH4 (AR5),kilotonnes,,,,,,,3338.0576,3262.8537,3171.9556,2987.2054,2877.8802,2828.1749,2799.2385,2741.6754,2801.254,2761.5015,2676.4633,2693.8505,2650.9668,2673.7869,2660.3623
Serbia,Enteric Fermentation,Emissions (CO2eq) (AR5),kilotonnes,,,,,,,3338.0576,3262.8537,3171.9556,2987.2054,2877.8802,2828.1749,2799.2385,2741.6754,2801.254,2761.5015,2676.4633,2693.8505,2650.9668,2673.7869,2660.3623
Serbia,Manure Management,Emissions (CH4),kilotonnes,,,,,,,39.0543,42.1445,40.1244,39.2272,38.3417,36.3782,35.4579,34.6289,35.7008,35.4124,33.2938,32.6565,31.6481,32.5239,32.8212
Serbia,Manure Management,Emissions (N2O),kilotonnes,,,,,,,1.233,1.2534,1.2084,1.1733,1.1678,1.094,1.0707,1.0387,1.0607,1.0468,1.0014,0.9976,0.9742,0.99,0.9881
Serbia,Manure Management,Emissions (CO2eq) from CH4 (AR5),kilotonnes,,,,,,,1093.5215,1180.0459,1123.4838,1098.3605,1073.5673,1018.5889,992.8203,969.6095,999.6212,991.5472,932.2271,914.3808,886.146,910.6696,918.9941
Serbia,Manure Management,Emissions (CO2eq) from N2O (AR5),kilotonnes,,,,,,,326.7357,332.1602,320.2287,310.9347,309.4786,289.904,283.7339,275.2681,281.0912,277.4129,265.3735,264.3685,258.1678,262.3545,261.8533
Serbia,Manure Management,Emissions (CO2eq) (AR5),kilotonnes,,,,,,,1420.2572,1512.2061,1443.7126,1409.2952,1383.0459,1308.4929,1276.5543,1244.8777,1280.7123,1268.9602,1197.6005,1178.7493,1144.3138,1173.0241,1180.8475
Serbia,Manure left on Pasture,Direct emissions (N2O),kilotonnes,,,,,,,1.0427,1.028,1.0103,0.9516,0.9119,0.9035,0.922,0.9403,0.9709,0.9687,0.9294,0.937,0.9302,0.924,0.9285
Serbia,Manure left on Pasture,Indirect emissions (N2O),kilotonnes,,,,,,,0.3022,0.2994,0.2957,0.2779,0.2673,0.2653,0.2751,0.2852,0.2971,0.2975,0.2836,0.286,0.2855,0.2807,0.2841
Serbia,Manure left on Pasture,Emissions (N2O),kilotonnes,,,,,,,1.3449,1.3274,1.306,1.2294,1.1792,1.1688,1.197,1.2256,1.268,1.2662,1.213,1.2231,1.2157,1.2048,1.2126
Serbia,Manure left on Pasture,Emissions (CO2eq) from N2O (AR5),kilotonnes,,,,,,,356.3871,351.7522,346.0976,325.8038,312.4819,309.7254,317.2129,324.7736,336.0166,335.5344,321.4535,324.1102,322.1684,319.267,321.3275
Serbia,Manure left on Pasture,Emissions (CO2eq) (AR5),kilotonnes,,,,,,,356.3871,351.7522,346.0976,325.8038,312.4819,309.7254,317.2129,324.7736,336.0166,335.5344,321.4535,324.1102,322.1684,319.267,321.3275
Serbia,Manure applied to Soils,Direct emissions (N2O),kilotonnes,,,,,,,1.328,1.3756,1.3266,1.3114,1.3289,1.2131,1.1866,1.1622,1.1894,1.1803,1.1191,1.1124,1.0846,1.1008,1.101
Serbia,Manure applied to Soils,Indirect emissions (N2O),kilotonnes,,,,,,,0.5644,0.5846,0.5638,0.5573,0.5648,0.5156,0.5043,0.4939,0.5055,0.5016,0.4756,0.4728,0.461,0.4678,0.4679
Serbia,Manure applied to Soils,Emissions (N2O),kilotonnes,,,,,,,1.8925,1.9602,1.8905,1.8687,1.8937,1.7287,1.691,1.6562,1.6949,1.6819,1.5947,1.5851,1.5456,1.5686,1.5689
Serbia,Manure applied to Soils,Emissions (CO2eq) from N2O (AR5),kilotonnes,,,,,,,501.5009,519.4469,500.9725,495.2187,501.8361,458.1066,448.1059,438.8828,449.1434,445.7041,422.6046,420.0644,409.5764,415.6777,415.7543
Serbia,Manure applied to Soils,Emissions (CO2eq) (AR5),kilotonnes,,,,,,,501.5009,519.4469,500.9725,495.2187,501.8361,458.1066,448.1059,438.8828,449.1434,445.7041,422.6046,420.0644,409.5764,415.6777,415.7543
Serbia,Synthetic Fertilizers,Direct emissions (N2O),kilotonnes,,,,,,,3.8502,4.9461,3.6032,5.3087,3.3598,3.8768,5.6087,5.3544,3.3004,3.0173,3.7072,3.415,1.8253,3.3357,3.8488
Serbia,Synthetic Fertilizers,Indirect emissions (N2O),kilotonnes,,,,,,,1.2513,1.6075,1.171,1.7253,1.0919,1.2599,1.8228,1.7402,1.0726,0.9806,1.2048,1.1099,0.5932,1.0841,1.2508
Serbia,Synthetic Fertilizers,Emissions (N2O),kilotonnes,,,,,,,5.1015,6.5536,4.7742,7.0341,4.4517,5.1367,7.4315,7.0946,4.3731,3.9979,4.912,4.5249,2.4186,4.4198,5.0996
Serbia,Synthetic Fertilizers,Emissions (CO2eq) from N2O (AR5),kilotonnes,,,,,,,1351.9106,1736.6993,1265.1563,1864.0295,1179.7092,1361.2284,1969.3496,1880.0683,1158.8675,1059.4478,1301.6854,1199.0876,640.9179,1171.2589,1351.3947
Serbia,Synthetic Fertilizers,Emissions (CO2eq) (AR5),kilotonnes,,,,,,,1351.9106,1736.6993,1265.1563,1864.0295,1179.7092,1361.2284,1969.3496,1880.0683,1158.8675,1059.4478,1301.6854,1199.0876,640.9179,1171.2589,1351.3947
Serbia,Drained organic soils,Emissions (CO2eq) (AR5),kilotonnes,,,,,,,2.9418,2.9418,2.9418,2.9418,2.9418,2.9418,2.9418,2.9418,2.9418,2.9418,2.9418,2.9418,2.9418,2.9749,2.9749
Serbia,Drained organic soils (CO2),Emissions (CO2),kilotonnes,,,,,,,2.4863,2.4863,2.4863,2.4863,2.4863,2.4863,2.4863,2.4863,2.4863,2.4863,2.4863,2.4863,2.4863,2.5151,2.5151
Serbia,Drained organic soils (CO2),Emissions (CO2eq) (AR5),kilotonnes,,,,,,,2.4863,2.4863,2.4863,2.4863,2.4863,2.4863,2.4863,2.4863,2.4863,2.4863,2.4863,2.4863,2.4863,2.5151,2.5151
Serbia,Drained organic soils (N2O),Emissions (N2O),kilotonnes,,,,,,,0.0017,0.0017,0.0017,0.0017,0.0017,0.0017,0.0017,0.0017,0.0017,0.0017,0.0017,0.0017,0.0017,0.0017,0.0017
Serbia,Drained organic soils (N2O),Emissions (CO2eq) from N2O (AR5),kilotonnes,,,,,,,0.4556,0.4556,0.4556,0.4556,0.4556,0.4556,0.4556,0.4556,0.4556,0.4556,0.4556,0.4556,0.4556,0.4598,0.4598
Serbia,Drained organic soils (N2O),Emissions (CO2eq) (AR5),kilotonnes,,,,,,,0.4556,0.4556,0.4556,0.4556,0.4556,0.4556,0.4556,0.4556,0.4556,0.4556,0.4556,0.4556,0.4556,0.4598,0.4598
Serbia,On-farm energy use,Emissions (CH4),kilotonnes,,,,,,,0.0996,0.1154,0.0765,0.0275,0.0836,0.107,0.0696,0.0541,0.0687,0.0873,0.0944,0.0628,0.1027,0.1095,0.1095
Serbia,On-farm energy use,Emissions (N2O),kilotonnes,,,,,,,0.0691,0.0717,0.0559,0.0851,0.061,0.0672,0.1456,0.1468,0.115,0.1187,0.1594,0.1577,0.1336,0.1373,0.1373
Serbia,On-farm energy use,Emissions (CO2),kilotonnes,,,,,,,590.3797,695.2506,205.7565,291.0439,236.2937,273.1179,461.4524,466.4169,413.9575,406.656,534.9536,499.182,449.1376,456.1736,456.1736
Serbia,On-farm energy use,Emissions (CO2eq) from CH4 (AR5),kilotonnes,,,,,,,2.7895,3.2316,2.1408,0.7713,2.3408,2.9957,1.9475,1.5159,1.9232,2.4457,2.6435,1.7575,2.8744,3.0647,3.0647
Serbia,On-farm energy use,Emissions (CO2eq) from N2O (AR5),kilotonnes,,,,,,,18.3198,19.0012,14.8032,22.5577,16.1655,17.8159,38.5774,38.9034,30.472,31.4668,42.2367,41.8037,35.3917,36.3756,36.3756
Serbia,On-farm energy use,Emissions (CO2eq) (AR5),kilotonnes,,,,,,,611.4889,717.4834,222.7006,314.373,254.7999,293.9295,501.9774,506.8363,446.3527,440.5685,579.8338,542.7432,487.4037,495.6138,495.6138
Serbia,Forestland,Emissions (CO2),kilotonnes,,,,,,,-35593.1107,-35593.1107,-35593.1107,-35593.1107,-35593.1107,-4697.7446,-4697.7446,-4697.7446,-4697.7446,-4697.7446,-6725.1092,-6725.1092,-6725.1092,-6725.1092,-6725.1092
Serbia,Forestland,Emissions (CO2eq) (AR5),kilotonnes,,,,,,,-35593.1107,-35593.1107,-35593.1107,-35593.1107,-35593.1107,-4697.7446,-4697.7446,-4697.7446,-4697.7446,-4697.7446,-6725.1092,-6725.1092,-6725.1092,-6725.1092,-6725.1092
Serbia,Net Forest conversion,Emissions (CO2),kilotonnes,,,,,,,0,0,0,0,0,1853.4434,1853.4434,1853.4434,1853.4434,1853.4434,6636.1258,6636.1258,6636.1258,6636.1258,6636.1258
Serbia,Net Forest conversion,Emissions (CO2eq) (AR5),kilotonnes,,,,,,,0,0,0,0,0,1853.4434,1853.4434,1853.4434,1853.4434,1853.4434,6636.1258,6636.1258,6636.1258,6636.1258,6636.1258
Serbia,Savanna fires,Emissions (CH4),kilotonnes,,,,,,,0.016,0.3738,0.0086,0.021,0.0144,0.12,0.1387,0.0006,0.0008,0.0117,0.012,0.0356,0.0304,0.0975,0.0121
Serbia,Savanna fires,Emissions (N2O),kilotonnes,,,,,,,0.0015,0.0341,0.0008,0.0019,0.0013,0.011,0.0127,0.0001,0.0001,0.0011,0.0011,0.0033,0.0028,0.0089,0.0011
Serbia,Savanna fires,Emissions (CO2eq) from CH4 (AR5),kilotonnes,,,,,,,0.4483,10.4666,0.2401,0.5875,0.4034,3.3591,3.8832,0.017,0.0227,0.3287,0.337,0.9977,0.8513,2.7311,0.3392
Serbia,Savanna fires,Emissions (CO2eq) from N2O (AR5),kilotonnes,,,,,,,0.3874,9.0445,0.2075,0.5077,0.3486,2.9027,3.3556,0.0147,0.0196,0.284,0.2912,0.8622,0.7357,2.36,0.2931
Serbia,Savanna fires,Emissions (CO2eq) (AR5),kilotonnes,,,,,,,0.8358,19.5111,0.4475,1.0953,0.7521,6.2618,7.2388,0.0318,0.0424,0.6127,0.6282,1.8599,1.587,5.0911,0.6322
Serbia,Fires in organic soils,Emissions (CH4),kilotonnes,,,,,,,0,0,0,0,0,0,0,0,0,0,0,0,0,0,0
Serbia,Fires in organic soils,Emissions (CO2),kilotonnes,,,,,,,0,0,0,0,0,0,0,0,0,0,0,0,0,0,0
Serbia,Fires in organic soils,Emissions (CO2eq) from CH4 (AR5),kilotonnes,,,,,,,0,0,0,0,0,0,0,0,0,0,0,0,0,0,0
Serbia,Fires in organic soils,Emissions (CO2eq) (AR5),kilotonnes,,,,,,,0,0,0,0,0,0,0,0,0,0,0,0,0,0,0
Serbia,Forest fires,Emissions (CH4),kilotonnes,,,,,,,0.0125,0.4812,0.005,0.0698,0.01,0.2718,0.1944,0,0.01,0.015,0.0075,0.0199,0.0224,0.3116,0.1645
Serbia,Forest fires,Emissions (N2O),kilotonnes,,,,,,,0.0011,0.0439,0.0005,0.0064,0.0009,0.0248,0.0178,0,0.0009,0.0014,0.0007,0.0018,0.002,0.0285,0.015
Serbia,Forest fires,Emissions (CO2eq) from CH4 (AR5),kilotonnes,,,,,,,0.349,13.4726,0.1396,1.9546,0.2793,7.6106,5.4442,0,0.2793,0.4189,0.2094,0.5585,0.6284,8.725,4.6066
Serbia,Forest fires,Emissions (CO2eq) from N2O (AR5),kilotonnes,,,,,,,0.3016,11.6421,0.1207,1.689,0.2413,6.5766,4.7045,0,0.2413,0.362,0.181,0.4826,0.543,7.5395,3.9807
Serbia,Forest fires,Emissions (CO2eq) (AR5),kilotonnes,,,,,,,0.6506,25.1147,0.2603,3.6436,0.5206,14.1872,10.1487,0,0.5206,0.7808,0.3904,1.0411,1.1713,16.2645,8.5874
Serbia,Fires in humid tropical forests,Emissions (CH4),kilotonnes,,,,,,,0,0,0,0,0,0,0,0,0,0,0,0,0,0,0
Serbia,Fires in humid tropical forests,Emissions (N2O),kilotonnes,,,,,,,0,0,0,0,0,0,0,0,0,0,0,0,0,0,0
Serbia,Fires in humid tropical forests,Emissions (CO2eq) from CH4 (AR5),kilotonnes,,,,,,,0,0,0,0,0,0,0,0,0,0,0,0,0,0,0
Serbia,Fires in humid tropical forests,Emissions (CO2eq) from N2O (AR5),kilotonnes,,,,,,,0,0,0,0,0,0,0,0,0,0,0,0,0,0,0
Serbia,Fires in humid tropical forests,Emissions (CO2eq) (AR5),kilotonnes,,,,,,,0,0,0,0,0,0,0,0,0,0,0,0,0,0,0
Serbia,Waste - agri-food systems,Emissions (CH4),kilotonnes,,,,,,,51.9416,51.7556,52.6593,53.404,54.0631,54.4114,54.6729,54.9363,55.3853,54.703,55.275,55.5642,55.8665,56.1459,56.3981
Serbia,Waste - agri-food systems,Emissions (N2O),kilotonnes,,,,,,,0.2872,0.2803,0.2907,0.2928,0.3061,0.3133,0.3195,0.3221,0.3307,0.3373,0.3495,0.3558,0.3605,0.3649,0.369
Serbia,Waste - agri-food systems,Emissions (CO2),kilotonnes,,,,,,,48.578,49.1489,49.5299,49.2395,49.0851,49.4137,49.1554,49.3782,49.3222,48.9785,49.0303,49.1953,49.4692,49.5036,49.5733
Serbia,Waste - agri-food systems,Emissions (CO2eq) from CH4 (AR5),kilotonnes,,,,,,,1454.3647,1449.1581,1474.4611,1495.313,1513.7676,1523.5195,1530.8417,1538.2174,1550.7894,1531.683,1547.7006,1555.7983,1564.2621,1572.0864,1579.1472
Serbia,Waste - agri-food systems,Emissions (CO2eq) from N2O (AR5),kilotonnes,,,,,,,76.1155,74.2806,77.04,77.5948,81.1263,83.0133,84.6669,85.3626,87.6412,89.3795,92.6062,94.2948,95.5316,96.6937,97.7745
Serbia,Waste - agri-food systems,Emissions (CO2eq) (AR5),kilotonnes,,,,,,,1579.0582,1572.5876,1601.031,1622.1473,1643.979,1655.9465,1664.664,1672.9581,1687.7528,1670.0411,1689.337,1699.2883,1709.2629,1718.2837,1726.4949
Serbia,Fertilizers Manufacturing,Emissions (N2O),kilotonnes,,,,,,,0.0666,0.1038,0.0497,0.0475,0.0841,0.1181,0.129,0.2194,0.1576,0.1415,0.1273,0.0586,0.0651,0.0159,0.0162
Serbia,Fertilizers Manufacturing,Emissions (CO2),kilotonnes,,,,,,,203.7136,230.9199,201.7159,214.2247,294.9982,349.8283,392.386,515.8127,430.1957,383.4268,375.2366,290.4694,302.1619,320.306,310.0707
Serbia,Fertilizers Manufacturing,Emissions (CO2eq) from N2O (AR5),kilotonnes,,,,,,,17.649,27.507,13.1705,12.5875,22.2865,31.2965,34.185,58.141,41.764,37.4975,33.7345,15.529,17.2515,4.2135,4.2857
Serbia,Fertilizers Manufacturing,Emissions (CO2eq) (AR5),kilotonnes,,,,,,,221.3626,258.4269,214.8864,226.8122,317.2847,381.1248,426.571,573.9537,471.9597,420.9243,408.9711,305.9984,319.4134,324.5195,314.3564
Serbia,On-farm electricity use,Emissions (CH4),kilotonnes,,,,,,,0.2568,0.2544,0.258,0.3552,0.5472,0.3852,0.3708,0.3612,0.3576,0.3804,0.3756,0.4105,0.4092,0.4195,0.4195
Serbia,On-farm electricity use,Emissions (N2O),kilotonnes,,,,,,,0.0014,0.0014,0.0014,0.0019,0.0029,0.0021,0.002,0.002,0.0019,0.0021,0.002,0.0023,0.0022,0.0022,0.0022
Serbia,On-farm electricity use,Emissions (CO2),kilotonnes,,,,,,,174.7553,155.6156,157.4968,218.9319,324.3675,251.5219,234.8237,227.2998,225.0343,239.3822,236.3616,258.3138,257.5057,264,264
Serbia,On-farm electricity use,Emissions (CO2eq) from CH4 (AR5),kilotonnes,,,,,,,7.1904,7.1232,7.224,9.9456,15.3216,10.7856,10.3824,10.1136,10.0128,10.6512,10.5168,11.494,11.4576,11.746,11.746
Serbia,On-farm electricity use,Emissions (CO2eq) from N2O (AR5),kilotonnes,,,,,,,0.371,0.371,0.371,0.5035,0.7685,0.5565,0.53,0.53,0.5035,0.5565,0.53,0.6095,0.583,0.583,0.583
Serbia,On-farm electricity use,Emissions (CO2eq) (AR5),kilotonnes,,,,,,,182.3167,163.1098,165.0918,229.381,340.4576,262.864,245.7361,237.9434,235.5506,250.5899,247.4084,270.4173,269.5463,276.329,276.329
Serbia,Food Processing,Emissions (CH4),kilotonnes,,,,,,,1.7728,1.988,1.4919,1.3919,1.7208,1.903,2.0295,2.0773,1.9242,2.2739,2.2273,2.3465,2.0892,2.0892,2.1065
Serbia,Food Processing,Emissions (N2O),kilotonnes,,,,,,,0.0104,0.0215,0.0145,0.0133,0.0177,0.0167,0.0252,0.0223,0.0226,0.0216,0.0156,0.0164,0.0142,0.0142,0.0144
Serbia,Food Processing,Emissions (CO2),kilotonnes,,,,,,,1256.0235,1881.9407,1543.1634,1375.52,2214.9335,2574.7475,2960.0721,2687.9388,2505.6826,2422.5284,1927.5953,2038.1994,1825.1059,1825.1059,1766.7848
Serbia,Food Processing,Emissions (CO2eq) from CH4 (AR5),kilotonnes,,,,,,,49.6384,55.664,41.7732,38.9732,48.1824,53.284,56.826,58.1644,53.8776,63.6692,62.3644,65.702,58.4976,58.4976,58.9826
Serbia,Food Processing,Emissions (CO2eq) from N2O (AR5),kilotonnes,,,,,,,2.756,5.6975,3.8425,3.5245,4.6905,4.4255,6.678,5.9095,5.989,5.724,4.134,4.346,3.763,3.763,3.8275
Serbia,Food Processing,Emissions (CO2eq) (AR5),kilotonnes,,,,,,,1308.4179,1943.3022,1588.7791,1418.0177,2267.8064,2632.457,3023.5761,2752.0127,2565.5492,2491.9216,1994.0937,2108.2474,1887.3665,1887.3665,1829.5949
Serbia,Food Packaging,Emissions (CH4),kilotonnes,,,,,,,0.3115,0.4169,0.3104,0.297,0.3295,0.3296,0.3305,0.3634,0.3193,0.3368,0.3952,0.4273,0.4109,0.3953,0.3986
Serbia,Food Packaging,Emissions (N2O),kilotonnes,,,,,,,0.0026,0.003,0.0028,0.0023,0.0027,0.0027,0.0027,0.0026,0.0024,0.0028,0.0033,0.0035,0.0033,0.0032,0.0033
Serbia,Food Packaging,Emissions (CO2),kilotonnes,,,,,,,291.5926,326.8493,394.5332,301.9449,438.1134,353.625,370.6591,332.2469,306.5391,358.6042,406.6104,438.627,431.6347,416.7716,403.4537
Serbia,Food Packaging,Emissions (CO2eq) from CH4 (AR5),kilotonnes,,,,,,,8.722,11.6732,8.6912,8.316,9.226,9.2288,9.254,10.1752,8.9404,9.4304,11.0656,11.9644,11.5052,11.0684,11.1602
Serbia,Food Packaging,Emissions (CO2eq) from N2O (AR5),kilotonnes,,,,,,,0.689,0.795,0.742,0.6095,0.7155,0.7155,0.7155,0.689,0.636,0.742,0.8745,0.9275,0.8745,0.848,0.8625
Serbia,Food Packaging,Emissions (CO2eq) (AR5),kilotonnes,,,,,,,301.0036,339.3175,403.9664,310.8704,448.0549,363.5693,380.6286,343.1111,316.1155,368.7766,418.5505,451.5189,444.0144,428.688,415.4764
Serbia,Food Retail,Emissions (CH4),kilotonnes,,,,,,,0.7758,0.7852,0.8033,0.7321,0.7466,0.7476,0.7241,0.7396,0.6889,0.7568,0.7693,0.806,0.7867,0.758,0.7643
Serbia,Food Retail,Emissions (N2O),kilotonnes,,,,,,,0.0053,0.0054,0.0054,0.0065,0.0067,0.0074,0.0057,0.0055,0.0047,0.0052,0.0054,0.0054,0.0051,0.0052,0.0053
Serbia,Food Retail,Emissions (CO2),kilotonnes,,,,,,,596.588,546.6132,597.5938,654.0259,657.9083,755.9252,621.6211,596.2086,536.1882,595.4996,613.9691,634.3567,608.164,616.3178,596.6234
Serbia,Food Retail,Emissions (CO2eq) from CH4 (AR5),kilotonnes,,,,,,,21.7224,21.9856,22.4924,20.4988,20.9048,20.9328,20.2748,20.7088,19.2892,21.1904,21.5404,22.568,22.0276,21.224,21.4
Serbia,Food Retail,Emissions (CO2eq) from N2O (AR5),kilotonnes,,,,,,,1.4045,1.431,1.431,1.7225,1.7755,1.961,1.5105,1.4575,1.2455,1.378,1.431,1.431,1.3515,1.378,1.4016
Serbia,Food Retail,Emissions (CO2eq) (AR5),kilotonnes,,,,,,,619.7149,570.0298,621.5172,676.2472,680.5886,778.819,643.4064,618.3749,556.7229,618.068,636.9405,658.3557,631.5431,638.9198,619.425
Serbia,Food Household Consumption,Emissions (CH4),kilotonnes,,,,,,,2.8551,3.844,3.623,3.2643,3.1083,3.2194,3.1067,2.9729,2.8927,2.8146,2.9212,3.0306,2.8412,2.8412,2.8648
Serbia,Food Household Consumption,Emissions (N2O),kilotonnes,,,,,,,0.0155,0.0206,0.0192,0.0173,0.0164,0.0174,0.0167,0.016,0.0155,0.0151,0.0157,0.0162,0.0152,0.0152,0.0155
Serbia,Food Household Consumption,Emissions (CO2),kilotonnes,,,,,,,1849.7141,2062.6082,1936.9171,1839.9793,1756.6712,1955.7359,1862.2123,1776.1794,1711.4097,1707.3176,1742.6323,1775.258,1689.2742,1689.2742,1635.2936
Serbia,Food Household Consumption,Emissions (CO2eq) from CH4 (AR5),kilotonnes,,,,,,,79.9428,107.632,101.444,91.4004,87.0324,90.1432,86.9876,83.2412,80.9956,78.8088,81.7936,84.8568,79.5536,79.5536,80.2131
Serbia,Food Household Consumption,Emissions (CO2eq) from N2O (AR5),kilotonnes,,,,,,,4.1075,5.459,5.088,4.5845,4.346,4.611,4.4255,4.24,4.1075,4.0015,4.1605,4.293,4.028,4.028,4.0971
Serbia,Food Household Consumption,Emissions (CO2eq) (AR5),kilotonnes,,,,,,,1933.7644,2175.6992,2043.4491,1935.9642,1848.0496,2050.4901,1953.6254,1863.6606,1796.5128,1790.1279,1828.5864,1864.4078,1772.8558,1772.8558,1719.6038
Serbia,Energy,Emissions (CH4),kilotonnes,,,,,,,83.7,84.8,92,91.1,92.9,96.5,93.8,94.4,84.1,92.5,98.3,94.4,93.7,96.5,97.3
Serbia,Energy,Emissions (N2O),kilotonnes,,,,,,,1.39,1.41,1.47,1.55,1.54,1.58,1.58,1.68,1.46,1.62,1.75,1.72,1.69,1.75,1.78
Serbia,Energy,Emissions (CO2),kilotonnes,,,,,,,60200,58600,58000,52900,53300,56700,50900,51800,43600,51400,53100,52700,53200,53200,51500
Serbia,Energy,Emissions (CO2eq) from CH4 (AR5),kilotonnes,,,,,,,2343.6,2374.4,2576,2550.8,2601.2,2702,2626.4,2643.2,2354.8,2590,2752.4,2643.2,2623.6,2702,2724.4
Serbia,Energy,Emissions (CO2eq) from N2O (AR5),kilotonnes,,,,,,,368.35,373.65,389.55,410.75,408.1,418.7,418.7,445.2,386.9,429.3,463.75,455.8,447.85,463.75,471.7
Serbia,Energy,Emissions (CO2eq) (AR5),kilotonnes,,,,,,,62911.95,61348.05,60965.55,55861.55,56309.3,59820.7,53945.1,54888.4,46341.7,54419.3,56316.15,55799,56271.45,56365.75,54696.1
Serbia,IPPU,Emissions (CH4),kilotonnes,,,,,,,0.16,0.148,0.158,0.126,0.14,0.146,0.0981,0.106,0.117,0.142,0.157,0.156,0.156,0.142,0.143
Serbia,IPPU,Emissions (N2O),kilotonnes,,,,,,,0.983,1.31,0.842,0.797,0.696,0.697,0.699,0.697,0.696,0.692,0.691,0.688,0.685,0.407,0.346
Serbia,IPPU,Emissions (CO2),kilotonnes,,,,,,,2410,2440,2730,2150,2230,2450,2280,2190,1870,1930,2040,2110,2190,2290,2290
Serbia,IPPU,Emissions (CO2eq) from F-gases (AR5),kilotonnes,,,,,,,5247.4747,5820.81,6364.9925,6967.4804,7560.2507,7803.1893,8308.5017,8813.8141,9338.5615,9911.8967,10397.774,10980.8268,11466.7041,11952.5814,12535.6341
Serbia,IPPU,Emissions (CO2eq) from CH4 (AR5),kilotonnes,,,,,,,4.48,4.144,4.424,3.528,3.92,4.088,2.7468,2.968,3.276,3.976,4.396,4.368,4.368,3.976,4.004
Serbia,IPPU,Emissions (CO2eq) from N2O (AR5),kilotonnes,,,,,,,260.495,347.15,223.13,211.205,184.44,184.705,185.235,184.705,184.44,183.38,183.115,182.32,181.525,107.855,91.69
Serbia,IPPU,Emissions (CO2eq) (AR5),kilotonnes,,,,,,,7922.4497,8612.104,9322.5465,9332.2134,9978.6107,10441.9823,10776.4835,11191.4871,11396.2775,12029.2527,12625.285,13277.5148,13842.5971,14354.4124,14921.3281
Serbia,Waste,Emissions (CH4),kilotonnes,,,,,,,92.7,92.5,93.1,98.5,102,108,115,123,111,121,124,126,129,132,135
Serbia,Waste,Emissions (N2O),kilotonnes,,,,,,,0.988,1.02,1.04,1.06,1.07,1.07,1.07,1.07,1.05,1.03,1.03,1.04,1.04,1.1,1.1
Serbia,Waste,Emissions (CO2),kilotonnes,,,,,,,5.87,5.92,6.04,6.15,6.22,6.34,6.45,6.45,6.43,6.41,6.4,6.37,6.35,6.63,6.68
Serbia,Waste,Emissions (CO2eq) from CH4 (AR5),kilotonnes,,,,,,,2595.6,2590,2606.8,2758,2856,3024,3220,3444,3108,3388,3472,3528,3612,3696,3780
Serbia,Waste,Emissions (CO2eq) from N2O (AR5),kilotonnes,,,,,,,261.82,270.3,275.6,280.9,283.55,283.55,283.55,283.55,278.25,272.95,272.95,275.6,275.6,291.5,291.5
Serbia,Waste,Emissions (CO2eq) (AR5),kilotonnes,,,,,,,2863.29,2866.22,2888.44,3045.05,3145.77,3313.89,3510,3734,3392.68,3667.36,3751.35,3809.97,3893.95,3994.13,4078.18
Serbia,Other,Emissions (N2O),kilotonnes,,,,,,,1.09,1.01,1.02,0.977,0.973,0.992,0.921,0.906,0.83,0.914,0.967,0.945,0.933,0.878,0.867
Serbia,Other,Emissions (CO2eq) from N2O (AR5),kilotonnes,,,,,,,288.85,267.65,270.3,258.905,257.845,262.88,244.065,240.09,219.95,242.21,256.255,250.425,247.245,232.67,229.755
Serbia,Other,Emissions (CO2eq) (AR5),kilotonnes,,,,,,,288.85,267.65,270.3,258.905,257.845,262.88,244.065,240.09,219.95,242.21,256.255,250.425,247.245,232.67,229.755
Serbia,Farm-gate emissions,Emissions (CH4),kilotonnes,,,,,,,162.1283,163.0132,157.4595,149.838,145.0477,141.5416,138.9257,135.9297,139.3244,137.5013,132.3582,132.2707,129.5878,131.4446,131.274
Serbia,Farm-gate emissions,Direct emissions (N2O),kilotonnes,,,,,,,7.5924,8.4461,7.3684,9.0132,7.0704,7.4542,8.8426,8.9441,7.1485,6.5659,7.4854,6.6537,5.5342,7.0334,7.7032
Serbia,Farm-gate emissions,Indirect emissions (N2O),kilotonnes,,,,,,,2.4265,2.7382,2.3519,2.8849,2.2547,2.3695,2.8554,2.854,2.255,2.0946,2.3532,2.1363,1.7209,2.2091,2.4135
Serbia,Farm-gate emissions,Emissions (N2O),kilotonnes,,,,,,,11.4212,12.645,11.0899,13.2607,10.6562,11.0995,13.0138,13.0717,10.672,9.9161,11.0896,10.0361,8.4485,10.4639,11.3309
Serbia,Farm-gate emissions,Emissions (CO2),kilotonnes,,,,,,,592.8659,697.7368,208.2428,293.5302,238.7799,275.6042,463.9387,468.9032,416.4437,409.1423,537.4399,501.6683,451.6238,458.6887,458.6887
Serbia,Farm-gate emissions,Emissions (CO2eq) from CH4 (AR5),kilotonnes,,,,,,,4539.5911,4564.3682,4408.8668,4195.4638,4061.3367,3963.165,3889.9197,3806.032,3901.0842,3850.0354,3706.0306,3703.5788,3628.4579,3680.4493,3675.671
Serbia,Farm-gate emissions,Emissions (CO2eq) from N2O (AR5),kilotonnes,,,,,,,3026.6141,3350.9372,2938.8257,3514.0893,2823.8943,2941.3622,3448.6642,3464.0083,2828.0848,2627.7688,2938.7446,2659.5661,2238.8517,2772.9435,3002.6882
Serbia,Farm-gate emissions,Emissions (CO2eq) (AR5),kilotonnes,,,,,,,8159.0712,8613.0422,7555.9353,8003.0833,7124.0109,7180.1314,7802.5226,7738.9435,7145.6127,6886.9466,7182.2151,6864.8132,6318.9334,6912.0816,7137.048
Serbia,Land Use change,Emissions (CH4),kilotonnes,,,,,,,0,0,0,0,0,0,0,0,0,0,0,0,0,0,0
Serbia,Land Use change,Emissions (N2O),kilotonnes,,,,,,,0,0,0,0,0,0,0,0,0,0,0,0,0,0,0
Serbia,Land Use change,Emissions (CO2),kilotonnes,,,,,,,0,0,0,0,0,1853.4434,1853.4434,1853.4434,1853.4434,1853.4434,6636.1258,6636.1258,6636.1258,6636.1258,6636.1258
Serbia,Land Use change,Emissions (CO2eq) from CH4 (AR5),kilotonnes,,,,,,,0,0,0,0,0,0,0,0,0,0,0,0,0,0,0
Serbia,Land Use change,Emissions (CO2eq) from N2O (AR5),kilotonnes,,,,,,,0,0,0,0,0,0,0,0,0,0,0,0,0,0,0
Serbia,Land Use change,Emissions (CO2eq) (AR5),kilotonnes,,,,,,,0,0,0,0,0,1853.4434,1853.4434,1853.4434,1853.4434,1853.4434,6636.1258,6636.1258,6636.1258,6636.1258,6636.1258
Serbia,Emissions on agricultural land,Emissions (CH4),kilotonnes,,,,,,,162.1283,163.0132,157.4595,149.838,145.0477,141.5416,138.9257,135.9297,139.3244,137.5013,132.3582,132.2707,129.5878,131.4446,131.274
Serbia,Emissions on agricultural land,Emissions (N2O),kilotonnes,,,,,,,11.4212,12.645,11.0899,13.2607,10.6562,11.0995,13.0138,13.0717,10.672,9.9161,11.0896,10.0361,8.4485,10.4639,11.3309
Serbia,Emissions on agricultural land,Emissions (CO2),kilotonnes,,,,,,,592.8659,697.7368,208.2428,293.5302,238.7799,2129.0475,2317.3821,2322.3466,2269.8871,2262.5857,7173.5657,7137.7941,7087.7497,7094.8146,7094.8146
Serbia,Emissions on agricultural land,Emissions (CO2eq) from CH4 (AR5),kilotonnes,,,,,,,4539.5911,4564.3682,4408.8668,4195.4638,4061.3367,3963.165,3889.9197,3806.032,3901.0842,3850.0354,3706.0306,3703.5788,3628.4579,3680.4493,3675.671
Serbia,Emissions on agricultural land,Emissions (CO2eq) from N2O (AR5),kilotonnes,,,,,,,3026.6141,3350.9372,2938.8257,3514.0893,2823.8943,2941.3622,3448.6642,3464.0083,2828.0848,2627.7688,2938.7446,2659.5661,2238.8517,2772.9435,3002.6882
Serbia,Emissions on agricultural land,Emissions (CO2eq) (AR5),kilotonnes,,,,,,,8159.0712,8613.0422,7555.9353,8003.0833,7124.0109,9033.5747,9655.966,9592.3869,8999.0561,8740.39,13818.3409,13500.939,12955.0593,13548.2075,13773.1738
Serbia,Pre- and post- production,Emissions (CH4),kilotonnes,,,,,,,57.9136,59.0441,59.1459,59.4445,60.5155,60.9962,61.2345,61.4507,61.568,61.2655,61.9636,62.5851,62.4037,62.6491,62.9517
Serbia,Pre- and post- production,Emissions (N2O),kilotonnes,,,,,,,0.389,0.436,0.3837,0.3816,0.4366,0.4777,0.5008,0.5899,0.5354,0.5256,0.5188,0.4582,0.4656,0.4208,0.4258
Serbia,Pre- and post- production,Emissions (CO2),kilotonnes,,,,,,,4420.9651,5253.6958,4880.9501,4653.8662,5736.0772,6290.7975,6490.9297,6185.0644,5764.3718,5755.7373,5351.4356,5484.4196,5163.3156,5181.2791,5025.7996
Serbia,Pre- and post- production,Emissions (CO2eq) from CH4 (AR5),kilotonnes,,,,,,,1621.5807,1653.2361,1656.0859,1664.447,1694.4348,1707.8939,1714.5665,1720.6206,1723.905,1715.433,1734.9814,1752.3835,1747.3037,1754.176,1762.6489
Serbia,Pre- and post- production,Emissions (CO2eq) from N2O (AR5),kilotonnes,,,,,,,103.0925,115.5411,101.685,101.1268,115.7088,126.5793,132.7114,156.3296,141.8867,139.279,137.4707,121.4308,123.3831,111.5072,112.8319
Serbia,Pre- and post- production,Emissions (CO2eq) (AR5),kilotonnes,,,,,,,6145.6383,7022.473,6638.721,6419.44,7546.2208,8125.2707,8338.2076,8062.0145,7630.1635,7610.4494,7223.8876,7358.2338,7034.0024,7046.9623,6901.2805
Serbia,Agri-food systems,Emissions (CH4),kilotonnes,,,,,,,220.0419,222.0573,216.6055,209.2825,205.5633,202.5378,200.1602,197.3804,200.8925,198.7667,194.3219,194.8558,191.9915,194.0938,194.2257
Serbia,Agri-food systems,Emissions (N2O),kilotonnes,,,,,,,11.8102,13.0811,11.4736,13.6423,11.0928,11.5771,13.5146,13.6617,11.2074,10.4417,11.6084,10.4943,8.9141,10.8847,11.7567
Serbia,Agri-food systems,Emissions (CO2),kilotonnes,,,,,,,5013.831,5951.4327,5089.1929,4947.3964,5974.8571,8419.845,8808.3118,8507.4109,8034.2589,8018.323,12525.0013,12622.2137,12251.0653,12276.0936,12120.6141
Serbia,Agri-food systems,Emissions (CO2eq) from CH4 (AR5),kilotonnes,,,,,,,6161.1718,6217.6043,6064.9527,5859.9108,5755.7715,5671.0589,5604.4862,5526.6526,5624.9892,5565.4685,5441.0119,5455.9623,5375.7616,5434.6254,5438.3199
Serbia,Agri-food systems,Emissions (CO2eq) from N2O (AR5),kilotonnes,,,,,,,3129.7066,3466.4783,3040.5107,3615.2161,2939.6032,3067.9415,3581.3757,3620.3379,2969.9714,2767.0479,3076.2153,2780.9969,2362.2347,2884.4508,3115.5202
Serbia,Agri-food systems,Emissions (CO2eq) (AR5),kilotonnes,,,,,,,14304.7094,15635.5152,14194.6563,14422.5233,14670.2318,17158.8454,17994.1736,17654.4014,16629.2196,16350.8393,21042.2286,20859.1728,19989.0617,20595.1698,20674.4542
Serbia,IPCC Agriculture,Emissions (CH4),kilotonnes,,,,,,,162.0286,162.8977,157.3831,149.8104,144.9641,141.4346,138.8562,135.8756,139.2557,137.4139,132.2638,132.2079,129.4851,131.3352,131.1645
Serbia,IPCC Agriculture,Direct emissions (N2O),kilotonnes,,,,,,,7.5924,8.4461,7.3684,9.0132,7.0704,7.4542,8.8426,8.9441,7.1485,6.5659,7.4854,6.6537,5.5342,7.0334,7.7032
Serbia,IPCC Agriculture,Indirect emissions (N2O),kilotonnes,,,,,,,2.4265,2.7382,2.3519,2.8849,2.2547,2.3695,2.8554,2.854,2.255,2.0946,2.3532,2.1363,1.7209,2.2091,2.4135
Serbia,IPCC Agriculture,Emissions (N2O),kilotonnes,,,,,,,11.3521,12.5733,11.034,13.1756,10.5952,11.0323,12.8683,12.9249,10.557,9.7974,10.9302,9.8783,8.3149,10.3267,11.1936
Serbia,IPCC Agriculture,Emissions (CO2eq) from CH4 (AR5),kilotonnes,,,,,,,4536.8016,4561.1366,4406.726,4194.6925,4058.9959,3960.1693,3887.9722,3804.516,3899.161,3847.5898,3703.387,3701.8213,3625.5835,3677.3847,3672.6063
Serbia,IPCC Agriculture,Emissions (CO2eq) from N2O (AR5),kilotonnes,,,,,,,3008.2943,3331.9359,2924.0225,3491.5316,2807.7289,2923.5463,3410.0868,3425.1049,2797.6127,2596.3021,2896.5079,2617.7624,2203.46,2736.568,2966.3126
Serbia,IPCC Agriculture,Emissions (CO2eq) (AR5),kilotonnes,,,,,,,7545.096,7893.0725,7330.7485,7686.224,6866.7248,6883.7156,7298.059,7229.6209,6696.7737,6443.8918,6599.895,6319.5837,5829.0435,6413.9526,6638.919
Serbia,Agricultural Soils,Direct emissions (N2O),kilotonnes,,,,,,,7.5924,8.4461,7.3684,9.0132,7.0704,7.4542,8.8426,8.9441,7.1485,6.5659,7.4854,6.6537,5.5342,7.0334,7.7032
Serbia,Agricultural Soils,Indirect emissions (N2O),kilotonnes,,,,,,,2.4265,2.7382,2.3519,2.8849,2.2547,2.3695,2.8554,2.854,2.255,2.0946,2.3532,2.1363,1.7209,2.2091,2.4135
Serbia,Agricultural Soils,Emissions (N2O),kilotonnes,,,,,,,10.0206,11.186,9.722,11.8998,9.3268,9.8254,11.6997,11.7998,9.4052,8.6622,9.8403,8.7917,7.2568,9.2442,10.1184
Serbia,Agricultural Soils,Emissions (CO2eq) from N2O (AR5),kilotonnes,,,,,,,2655.4628,2964.2875,2576.3388,3153.4569,2471.6114,2603.7374,3100.4158,3126.9501,2492.3911,2295.4882,2607.6902,2329.8123,1923.0574,2449.7217,2681.3687
Serbia,Agricultural Soils,Emissions (CO2eq) (AR5),kilotonnes,,,,,,,2655.4628,2964.2875,2576.3388,3153.4569,2471.6114,2603.7374,3100.4158,3126.9501,2492.3911,2295.4882,2607.6902,2329.8123,1923.0574,2449.7217,2681.3687
Serbia,LULUCF,Emissions (CH4),kilotonnes,,,,,,,0.0125,0.4812,0.005,0.0698,0.01,0.2718,0.1944,0,0.01,0.015,0.0075,0.0199,0.0224,0.3116,0.1645
Serbia,LULUCF,Emissions (N2O),kilotonnes,,,,,,,0.0011,0.0439,0.0005,0.0064,0.0009,0.0248,0.0178,0,0.0009,0.0014,0.0007,0.0018,0.002,0.0285,0.015
Serbia,LULUCF,Emissions (CO2),kilotonnes,,,,,,,-35590.6244,-35590.6244,-35590.6244,-35590.6244,-35590.6244,-2841.8149,-2841.8149,-2841.8149,-2841.8149,-2841.8149,-86.4971,-86.4971,-86.4971,-86.4683,-86.4683
Serbia,LULUCF,Emissions (CO2eq) from CH4 (AR5),kilotonnes,,,,,,,0.349,13.4726,0.1396,1.9546,0.2793,7.6106,5.4442,0,0.2793,0.4189,0.2094,0.5585,0.6284,8.725,4.6066
Serbia,LULUCF,Emissions (CO2eq) from N2O (AR5),kilotonnes,,,,,,,0.3016,11.6421,0.1207,1.689,0.2413,6.5766,4.7045,0,0.2413,0.362,0.181,0.4826,0.543,7.5395,3.9807
Serbia,LULUCF,Emissions (CO2eq) (AR5),kilotonnes,,,,,,,-35589.9738,-35565.5096,-35590.3641,-35586.9808,-35590.1038,-2827.6277,-2831.6662,-2841.8149,-2841.2942,-2841.0341,-86.1067,-85.4561,-85.3258,-70.2038,-77.8809
Serbia,AFOLU,Emissions (CH4),kilotonnes,,,,,,,162.0411,163.3789,157.3881,149.8803,144.9741,141.7064,139.0506,135.8756,139.2657,137.4289,132.2713,132.2278,129.5076,131.6468,131.329
Serbia,AFOLU,Emissions (N2O),kilotonnes,,,,,,,11.3532,12.6173,11.0345,13.182,10.5961,11.0571,12.886,12.9249,10.5579,9.7987,10.9309,9.8802,8.317,10.3551,11.2087
Serbia,AFOLU,Emissions (CO2),kilotonnes,,,,,,,-35590.6244,-35590.6244,-35590.6244,-35590.6244,-35590.6244,-2841.8149,-2841.8149,-2841.8149,-2841.8149,-2841.8149,-86.4971,-86.4971,-86.4971,-86.4683,-86.4683
Serbia,AFOLU,Emissions (CO2eq) from CH4 (AR5),kilotonnes,,,,,,,4537.1506,4574.6092,4406.8656,4196.6471,4059.2752,3967.7799,3893.4164,3804.516,3899.4403,3848.0086,3703.5965,3702.3797,3626.2118,3686.1097,3677.213
Serbia,AFOLU,Emissions (CO2eq) from N2O (AR5),kilotonnes,,,,,,,3008.5959,3343.578,2924.1431,3493.2206,2807.9702,2930.1228,3414.7913,3425.1049,2797.8541,2596.664,2896.6889,2618.245,2204.003,2744.1075,2970.2934
Serbia,AFOLU,Emissions (CO2eq) (AR5),kilotonnes,,,,,,,-28044.8778,-27672.4371,-28259.6156,-27900.7567,-28723.379,4056.0879,4466.3928,4387.8061,3855.4795,3602.8578,6513.7883,6234.1276,5743.7177,6343.7489,6561.0381
Serbia,All sectors with LULUCF,Emissions (CH4),kilotonnes,,,,,,,338.6011,340.8269,342.6461,339.6063,340.0141,346.3524,347.9487,353.3816,334.4827,351.0709,354.7283,352.7838,352.3636,360.2888,363.772
Serbia,All sectors with LULUCF,Emissions (N2O),kilotonnes,,,,,,,15.8042,17.3673,15.4065,17.566,14.8751,15.3961,17.156,17.2779,14.5939,14.0547,15.3689,14.2732,12.665,14.4901,15.3017
Serbia,All sectors with LULUCF,Emissions (CO2),kilotonnes,,,,,,,27025.2456,25455.2956,25145.4156,19465.5256,19945.5956,56314.5251,50344.6351,51154.6351,42634.6151,50494.5951,55059.9029,54729.8729,55309.8529,55410.1617,53710.2117
Serbia,All sectors with LULUCF,Emissions (CO2eq) from F-gases (AR5),kilotonnes,,,,,,,5247.4747,5820.81,6364.9925,6967.4804,7560.2507,7803.1893,8308.5017,8813.8141,9338.5615,9911.8967,10397.774,10980.8268,11466.7041,11952.5814,12535.6341
Serbia,All sectors with LULUCF,Emissions (CO2eq) from CH4 (AR5),kilotonnes,,,,,,,9480.8306,9543.1532,9594.0896,9508.9751,9520.3952,9697.8679,9742.5632,9894.684,9365.5163,9829.9846,9932.3925,9877.9477,9866.1798,10088.0857,10185.617
Serbia,All sectors with LULUCF,Emissions (CO2eq) from N2O (AR5),kilotonnes,,,,,,,4188.1109,4602.328,4082.7231,4654.9806,3941.9052,4079.9578,4546.3413,4578.6499,3867.3941,3724.504,4072.7589,3782.39,3356.223,3839.8825,4054.9384
Serbia,All sectors with LULUCF,Emissions (CO2eq) (AR5),kilotonnes,,,,,,,45941.6619,45421.5868,45187.2209,40596.9616,40968.1466,77895.5402,72942.0412,74441.7831,65206.087,73960.9805,79462.8283,79371.0374,79998.9598,81290.7112,80486.4012
Serbia,All sectors without LULUCF,Emissions (CH4),kilotonnes,,,,,,,338.5886,340.3457,342.6411,339.5364,340.0041,346.0806,347.7543,353.3816,334.4727,351.0559,354.7208,352.7639,352.3411,359.9772,363.6075
Serbia,All sectors without LULUCF,Emissions (N2O),kilotonnes,,,,,,,15.8031,17.3233,15.406,17.5596,14.8742,15.3713,17.1383,17.2779,14.593,14.0534,15.3682,14.2713,12.6629,14.4617,15.2866
Serbia,All sectors without LULUCF,Emissions (CO2),kilotonnes,,,,,,,62615.87,61045.92,60736.04,55056.15,55536.22,59156.34,53186.45,53996.45,45476.43,53336.41,55146.4,54816.37,55396.35,55496.63,53796.68
Serbia,All sectors without LULUCF,Emissions (CO2eq) from F-gases (AR5),kilotonnes,,,,,,,5247.4747,5820.81,6364.9925,6967.4804,7560.2507,7803.1893,8308.5017,8813.8141,9338.5615,9911.8967,10397.774,10980.8268,11466.7041,11952.5814,12535.6341
Serbia,All sectors without LULUCF,Emissions (CO2eq) from CH4 (AR5),kilotonnes,,,,,,,9480.4816,9529.6806,9593.95,9507.0205,9520.1159,9690.2573,9737.119,9894.684,9365.237,9829.5658,9932.183,9877.3893,9865.5515,10079.3607,10181.0103
Serbia,All sectors without LULUCF,Emissions (CO2eq) from N2O (AR5),kilotonnes,,,,,,,4187.8093,4590.6859,4082.6025,4653.2916,3941.6639,4073.3813,4541.6368,4578.6499,3867.1527,3724.1421,4072.5779,3781.9074,3355.68,3832.343,4050.9576
Serbia,All sectors without LULUCF,Emissions (CO2eq) (AR5),kilotonnes,,,,,,,81531.6357,80987.0965,80777.585,76183.9424,76558.2504,80723.1679,75773.7075,77283.598,68047.3813,76802.0146,79548.935,79456.4935,80084.2856,81360.915,80564.2821
Serbia and Montenegro,Crop Residues,Direct emissions (N2O),kilotonnes,0.9959,1.4933,1.396,1.0011,1.6247,1.5304,,,,,,,,,,,,,,,
Serbia and Montenegro,Crop Residues,Indirect emissions (N2O),kilotonnes,0.2241,0.336,0.3141,0.2252,0.3656,0.3443,,,,,,,,,,,,,,,
Serbia and Montenegro,Crop Residues,Emissions (N2O),kilotonnes,1.22,1.8293,1.7101,1.2263,1.9903,1.8747,,,,,,,,,,,,,,,
Serbia and Montenegro,Crop Residues,Emissions (CO2eq) from N2O (AR5),kilotonnes,323.2945,484.7758,453.1838,324.9773,527.4296,496.8016,,,,,,,,,,,,,,,
Serbia and Montenegro,Crop Residues,Emissions (CO2eq) (AR5),kilotonnes,323.2945,484.7758,453.1838,324.9773,527.4296,496.8016,,,,,,,,,,,,,,,
Serbia and Montenegro,Burning - Crop residues,Emissions (CH4),kilotonnes,3.9639,4.0574,3.9912,3.9109,3.9362,3.9039,,,,,,,,,,,,,,,
Serbia and Montenegro,Burning - Crop residues,Emissions (N2O),kilotonnes,0.1028,0.1052,0.1035,0.1014,0.102,0.1012,,,,,,,,,,,,,,,
Serbia and Montenegro,Burning - Crop residues,Emissions (CO2eq) from CH4 (AR5),kilotonnes,110.9896,113.6062,111.7541,109.5043,110.2127,109.3081,,,,,,,,,,,,,,,
Serbia and Montenegro,Burning - Crop residues,Emissions (CO2eq) from N2O (AR5),kilotonnes,27.2336,27.8756,27.4212,26.8691,27.0429,26.821,,,,,,,,,,,,,,,
Serbia and Montenegro,Burning - Crop residues,Emissions (CO2eq) (AR5),kilotonnes,138.2231,141.4818,139.1753,136.3734,137.2556,136.129,,,,,,,,,,,,,,,
Serbia and Montenegro,Enteric Fermentation,Emissions (CH4),kilotonnes,157.0375,149.3707,145.5803,143.2306,142.9185,127.9165,,,,,,,,,,,,,,,
Serbia and Montenegro,Enteric Fermentation,Emissions (CO2eq) from CH4 (AR5),kilotonnes,4397.05,4182.3801,4076.2496,4010.4567,4001.718,3581.6613,,,,,,,,,,,,,,,
Serbia and Montenegro,Enteric Fermentation,Emissions (CO2eq) (AR5),kilotonnes,4397.05,4182.3801,4076.2496,4010.4567,4001.718,3581.6613,,,,,,,,,,,,,,,
Serbia and Montenegro,Manure Management,Emissions (CH4),kilotonnes,50.1515,46.5205,45.7224,45.3512,44.012,39.4228,,,,,,,,,,,,,,,
Serbia and Montenegro,Manure Management,Emissions (N2O),kilotonnes,1.6411,1.5536,1.5246,1.4991,1.4753,1.3176,,,,,,,,,,,,,,,
Serbia and Montenegro,Manure Management,Emissions (CO2eq) from CH4 (AR5),kilotonnes,1404.2409,1302.5751,1280.2273,1269.835,1232.337,1103.8396,,,,,,,,,,,,,,,
Serbia and Montenegro,Manure Management,Emissions (CO2eq) from N2O (AR5),kilotonnes,434.9026,411.704,404.0318,397.263,390.9599,349.1573,,,,,,,,,,,,,,,
Serbia and Montenegro,Manure Management,Emissions (CO2eq) (AR5),kilotonnes,1839.1435,1714.2791,1684.2591,1667.098,1623.2969,1452.9969,,,,,,,,,,,,,,,
Serbia and Montenegro,Manure left on Pasture,Direct emissions (N2O),kilotonnes,1.3487,1.269,1.2254,1.2237,1.2248,1.1429,,,,,,,,,,,,,,,
Serbia and Montenegro,Manure left on Pasture,Indirect emissions (N2O),kilotonnes,0.3899,0.3659,0.3518,0.3536,0.3559,0.3349,,,,,,,,,,,,,,,
Serbia and Montenegro,Manure left on Pasture,Emissions (N2O),kilotonnes,1.7386,1.635,1.5773,1.5773,1.5807,1.4778,,,,,,,,,,,,,,,
Serbia and Montenegro,Manure left on Pasture,Emissions (CO2eq) from N2O (AR5),kilotonnes,460.7199,433.2696,417.9744,417.9816,418.883,391.622,,,,,,,,,,,,,,,
Serbia and Montenegro,Manure left on Pasture,Emissions (CO2eq) (AR5),kilotonnes,460.7199,433.2696,417.9744,417.9816,418.883,391.622,,,,,,,,,,,,,,,
Serbia and Montenegro,Manure applied to Soils,Direct emissions (N2O),kilotonnes,1.7333,1.6261,1.5928,1.5724,1.5361,1.3983,,,,,,,,,,,,,,,
Serbia and Montenegro,Manure applied to Soils,Indirect emissions (N2O),kilotonnes,0.7366,0.6911,0.677,0.6683,0.6528,0.5943,,,,,,,,,,,,,,,
Serbia and Montenegro,Manure applied to Soils,Emissions (N2O),kilotonnes,2.4699,2.3172,2.2698,2.2406,2.1889,1.9925,,,,,,,,,,,,,,,
Serbia and Montenegro,Manure applied to Soils,Emissions (CO2eq) from N2O (AR5),kilotonnes,654.5258,614.0627,601.4968,593.7717,580.056,528.0218,,,,,,,,,,,,,,,
Serbia and Montenegro,Manure applied to Soils,Emissions (CO2eq) (AR5),kilotonnes,654.5258,614.0627,601.4968,593.7717,580.056,528.0218,,,,,,,,,,,,,,,
Serbia and Montenegro,Synthetic Fertilizers,Direct emissions (N2O),kilotonnes,2.277,3.1759,3.0229,2.6256,4.7839,4.3521,,,,,,,,,,,,,,,
Serbia and Montenegro,Synthetic Fertilizers,Indirect emissions (N2O),kilotonnes,0.74,1.0322,0.9824,0.8533,1.5548,1.4144,,,,,,,,,,,,,,,
Serbia and Montenegro,Synthetic Fertilizers,Emissions (N2O),kilotonnes,3.017,4.208,4.0054,3.4789,6.3387,5.7665,,,,,,,,,,,,,,,
Serbia and Montenegro,Synthetic Fertilizers,Emissions (CO2eq) from N2O (AR5),kilotonnes,799.5116,1115.1228,1061.4193,921.9048,1679.7469,1528.1321,,,,,,,,,,,,,,,
Serbia and Montenegro,Synthetic Fertilizers,Emissions (CO2eq) (AR5),kilotonnes,799.5116,1115.1228,1061.4193,921.9048,1679.7469,1528.1321,,,,,,,,,,,,,,,
Serbia and Montenegro,Drained organic soils,Emissions (CO2eq) (AR5),kilotonnes,44.3564,44.3564,44.3564,44.3564,44.3564,44.3564,,,,,,,,,,,,,,,
Serbia and Montenegro,Drained organic soils (CO2),Emissions (CO2),kilotonnes,37.3797,37.3797,37.3797,37.3797,37.3797,37.3797,,,,,,,,,,,,,,,
Serbia and Montenegro,Drained organic soils (CO2),Emissions (CO2eq) (AR5),kilotonnes,37.3797,37.3797,37.3797,37.3797,37.3797,37.3797,,,,,,,,,,,,,,,
Serbia and Montenegro,Drained organic soils (N2O),Emissions (N2O),kilotonnes,0.0263,0.0263,0.0263,0.0263,0.0263,0.0263,,,,,,,,,,,,,,,
Serbia and Montenegro,Drained organic soils (N2O),Emissions (CO2eq) from N2O (AR5),kilotonnes,6.9768,6.9768,6.9768,6.9768,6.9768,6.9768,,,,,,,,,,,,,,,
Serbia and Montenegro,Drained organic soils (N2O),Emissions (CO2eq) (AR5),kilotonnes,6.9768,6.9768,6.9768,6.9768,6.9768,6.9768,,,,,,,,,,,,,,,
Serbia and Montenegro,On-farm energy use,Emissions (CH4),kilotonnes,0.0906,0.103,0.1106,0.1012,0.1004,0.0987,,,,,,,,,,,,,,,
Serbia and Montenegro,On-farm energy use,Emissions (N2O),kilotonnes,0.049,0.0949,0.1096,0.1127,0.1228,0.1328,,,,,,,,,,,,,,,
Serbia and Montenegro,On-farm energy use,Emissions (CO2),kilotonnes,273.1168,469.6297,551.2668,544.0444,563.9158,584.9585,,,,,,,,,,,,,,,
Serbia and Montenegro,On-farm energy use,Emissions (CO2eq) from CH4 (AR5),kilotonnes,2.5376,2.8828,3.097,2.8345,2.8124,2.7645,,,,,,,,,,,,,,,
Serbia and Montenegro,On-farm energy use,Emissions (CO2eq) from N2O (AR5),kilotonnes,12.9815,25.1396,29.0553,29.8705,32.529,35.1943,,,,,,,,,,,,,,,
Serbia and Montenegro,On-farm energy use,Emissions (CO2eq) (AR5),kilotonnes,288.6359,497.652,583.4192,576.7494,599.2573,622.9173,,,,,,,,,,,,,,,
Serbia and Montenegro,Forestland,Emissions (CO2),kilotonnes,-3284.743,-39752.0017,-39752.0017,-39752.0017,-39752.0017,-39752.0017,,,,,,,,,,,,,,,
Serbia and Montenegro,Forestland,Emissions (CO2eq) (AR5),kilotonnes,-3284.743,-39752.0017,-39752.0017,-39752.0017,-39752.0017,-39752.0017,,,,,,,,,,,,,,,
Serbia and Montenegro,Net Forest conversion,Emissions (CO2),kilotonnes,0,0,0,0,0,0,,,,,,,,,,,,,,,
Serbia and Montenegro,Net Forest conversion,Emissions (CO2eq) (AR5),kilotonnes,0,0,0,0,0,0,,,,,,,,,,,,,,,
Serbia and Montenegro,Savanna fires,Emissions (CH4),kilotonnes,0.0348,0.0277,0.0214,0.0469,0.0028,0.0015,,,,,,,,,,,,,,,
Serbia and Montenegro,Savanna fires,Emissions (N2O),kilotonnes,0.0032,0.0025,0.002,0.0043,0.0003,0.0001,,,,,,,,,,,,,,,
Serbia and Montenegro,Savanna fires,Emissions (CO2eq) from CH4 (AR5),kilotonnes,0.9736,0.7757,0.5992,1.3123,0.0773,0.0421,,,,,,,,,,,,,,,
Serbia and Montenegro,Savanna fires,Emissions (CO2eq) from N2O (AR5),kilotonnes,0.8414,0.6703,0.5178,1.134,0.0668,0.0364,,,,,,,,,,,,,,,
Serbia and Montenegro,Savanna fires,Emissions (CO2eq) (AR5),kilotonnes,1.815,1.446,1.1171,2.4463,0.1441,0.0785,,,,,,,,,,,,,,,
Serbia and Montenegro,Fires in organic soils,Emissions (CH4),kilotonnes,0,0,0,0,0,0,,,,,,,,,,,,,,,
Serbia and Montenegro,Fires in organic soils,Emissions (CO2),kilotonnes,0,0,0,0,0,0,,,,,,,,,,,,,,,
Serbia and Montenegro,Fires in organic soils,Emissions (CO2eq) from CH4 (AR5),kilotonnes,0,0,0,0,0,0,,,,,,,,,,,,,,,
Serbia and Montenegro,Fires in organic soils,Emissions (CO2eq) (AR5),kilotonnes,0,0,0,0,0,0,,,,,,,,,,,,,,,
Serbia and Montenegro,Forest fires,Emissions (CH4),kilotonnes,1.3746,0,0.0474,0.0498,0.0075,0.005,,,,,,,,,,,,,,,
Serbia and Montenegro,Forest fires,Emissions (N2O),kilotonnes,0.076,0,0.0043,0.0046,0.0007,0.0005,,,,,,,,,,,,,,,
Serbia and Montenegro,Forest fires,Emissions (CO2eq) from CH4 (AR5),kilotonnes,38.49,0,1.3265,1.3958,0.2094,0.1396,,,,,,,,,,,,,,,
Serbia and Montenegro,Forest fires,Emissions (CO2eq) from N2O (AR5),kilotonnes,20.1517,0,1.1463,1.2061,0.1809,0.1207,,,,,,,,,,,,,,,
Serbia and Montenegro,Forest fires,Emissions (CO2eq) (AR5),kilotonnes,58.6417,0,2.4729,2.6019,0.3903,0.2603,,,,,,,,,,,,,,,
Serbia and Montenegro,Fires in humid tropical forests,Emissions (CH4),kilotonnes,0,0,0,0,0,0,,,,,,,,,,,,,,,
Serbia and Montenegro,Fires in humid tropical forests,Emissions (N2O),kilotonnes,0,0,0,0,0,0,,,,,,,,,,,,,,,
Serbia and Montenegro,Fires in humid tropical forests,Emissions (CO2eq) from CH4 (AR5),kilotonnes,0,0,0,0,0,0,,,,,,,,,,,,,,,
Serbia and Montenegro,Fires in humid tropical forests,Emissions (CO2eq) from N2O (AR5),kilotonnes,0,0,0,0,0,0,,,,,,,,,,,,,,,
Serbia and Montenegro,Fires in humid tropical forests,Emissions (CO2eq) (AR5),kilotonnes,0,0,0,0,0,0,,,,,,,,,,,,,,,
Serbia and Montenegro,Waste - agri-food systems,Emissions (CH4),kilotonnes,43.1527,45.7467,47.9208,49.6698,51.4125,52.7933,,,,,,,,,,,,,,,
Serbia and Montenegro,Waste - agri-food systems,Emissions (N2O),kilotonnes,0.3051,0.3059,0.3055,0.3026,0.3038,0.3032,,,,,,,,,,,,,,,
Serbia and Montenegro,Waste - agri-food systems,Emissions (CO2),kilotonnes,62.8601,64.2703,64.9149,65.7008,66.1665,66.3529,,,,,,,,,,,,,,,
Serbia and Montenegro,Waste - agri-food systems,Emissions (CO2eq) from CH4 (AR5),kilotonnes,1208.2752,1280.9073,1341.7837,1390.7558,1439.5498,1478.2115,,,,,,,,,,,,,,,
Serbia and Montenegro,Waste - agri-food systems,Emissions (CO2eq) from N2O (AR5),kilotonnes,80.8569,81.0759,80.9609,80.1831,80.5064,80.3509,,,,,,,,,,,,,,,
Serbia and Montenegro,Waste - agri-food systems,Emissions (CO2eq) (AR5),kilotonnes,1351.9922,1426.2534,1487.6595,1536.6398,1586.2227,1624.9153,,,,,,,,,,,,,,,
Serbia and Montenegro,On-farm electricity use,Emissions (CH4),kilotonnes,0.222,0.246,0.2508,0.234,0.2484,0.2537,,,,,,,,,,,,,,,
Serbia and Montenegro,On-farm electricity use,Emissions (N2O),kilotonnes,0.0012,0.0013,0.0013,0.0012,0.0013,0.0015,,,,,,,,,,,,,,,
Serbia and Montenegro,On-farm electricity use,Emissions (CO2),kilotonnes,69.854,77.1823,79.2713,74.3741,76.7411,121.5184,,,,,,,,,,,,,,,
Serbia and Montenegro,On-farm electricity use,Emissions (CO2eq) from CH4 (AR5),kilotonnes,6.216,6.888,7.0224,6.552,6.9552,7.1036,,,,,,,,,,,,,,,
Serbia and Montenegro,On-farm electricity use,Emissions (CO2eq) from N2O (AR5),kilotonnes,0.318,0.3445,0.3445,0.318,0.3445,0.3975,,,,,,,,,,,,,,,
Serbia and Montenegro,On-farm electricity use,Emissions (CO2eq) (AR5),kilotonnes,76.388,84.4148,86.6382,81.2441,84.0408,129.0195,,,,,,,,,,,,,,,
Serbia and Montenegro,Energy,Emissions (CH4),kilotonnes,91.4,92.43,94.13,96.36,94.98,88.8,,,,,,,,,,,,,,,
Serbia and Montenegro,Energy,Emissions (N2O),kilotonnes,1.1777,1.291,1.343,1.412,1.498,1.455,,,,,,,,,,,,,,,
Serbia and Montenegro,Energy,Emissions (CO2),kilotonnes,46070,50450,53500,57260,61740,52840,,,,,,,,,,,,,,,
Serbia and Montenegro,Energy,Emissions (CO2eq) from CH4 (AR5),kilotonnes,2559.2,2588.04,2635.64,2698.08,2659.44,2486.4,,,,,,,,,,,,,,,
Serbia and Montenegro,Energy,Emissions (CO2eq) from N2O (AR5),kilotonnes,312.0905,342.115,355.895,374.18,396.97,385.575,,,,,,,,,,,,,,,
Serbia and Montenegro,Energy,Emissions (CO2eq) (AR5),kilotonnes,48941.2905,53380.155,56491.535,60332.26,64796.41,55711.975,,,,,,,,,,,,,,,
Serbia and Montenegro,IPPU,Emissions (CH4),kilotonnes,0.1055,0.175,0.0939,0.1029,0.1283,0.1401,,,,,,,,,,,,,,,
Serbia and Montenegro,IPPU,Emissions (N2O),kilotonnes,1.739,1.63,1.668,1.746,1.79,1.789,,,,,,,,,,,,,,,
Serbia and Montenegro,IPPU,Emissions (CO2),kilotonnes,1925.5,2216,2314.7,2041.2,2389.2,2429.8,,,,,,,,,,,,,,,
Serbia and Montenegro,IPPU,Emissions (CO2eq) from F-gases (AR5),kilotonnes,2177.702,2724.7999,3398.2258,3714.046,4344.7147,4954.9766,,,,,,,,,,,,,,,
Serbia and Montenegro,IPPU,Emissions (CO2eq) from CH4 (AR5),kilotonnes,2.9551,4.9,2.6295,2.882,3.593,3.9228,,,,,,,,,,,,,,,
Serbia and Montenegro,IPPU,Emissions (CO2eq) from N2O (AR5),kilotonnes,460.835,431.95,442.02,462.69,474.35,474.085,,,,,,,,,,,,,,,
Serbia and Montenegro,IPPU,Emissions (CO2eq) (AR5),kilotonnes,4566.9921,5377.6499,6157.5753,6220.8181,7211.8577,7862.7844,,,,,,,,,,,,,,,
Serbia and Montenegro,Waste,Emissions (CH4),kilotonnes,115.61,110.51,111.57,107.8,99.62,100.32,,,,,,,,,,,,,,,
Serbia and Montenegro,Waste,Emissions (N2O),kilotonnes,0.5251,0.5873,0.6759,0.7793,0.8862,0.985,,,,,,,,,,,,,,,
Serbia and Montenegro,Waste,Emissions (CO2),kilotonnes,5.293,5.469,5.643,5.767,6.027,6.218,,,,,,,,,,,,,,,
Serbia and Montenegro,Waste,Emissions (CO2eq) from CH4 (AR5),kilotonnes,3237.08,3094.28,3123.96,3018.4,2789.36,2808.96,,,,,,,,,,,,,,,
Serbia and Montenegro,Waste,Emissions (CO2eq) from N2O (AR5),kilotonnes,139.1515,155.6345,179.1135,206.5145,234.843,261.025,,,,,,,,,,,,,,,
Serbia and Montenegro,Waste,Emissions (CO2eq) (AR5),kilotonnes,3381.5245,3255.3835,3308.7165,3230.6815,3030.23,3076.203,,,,,,,,,,,,,,,
Serbia and Montenegro,Other,Emissions (N2O),kilotonnes,0.7929,0.9166,0.9586,1.0304,1.1426,1.1421,,,,,,,,,,,,,,,
Serbia and Montenegro,Other,Emissions (CO2eq) from N2O (AR5),kilotonnes,210.1185,242.899,254.029,273.056,302.789,302.6565,,,,,,,,,,,,,,,
Serbia and Montenegro,Other,Emissions (CO2eq) (AR5),kilotonnes,210.1185,242.899,254.029,273.056,302.789,302.6565,,,,,,,,,,,,,,,
Serbia and Montenegro,Farm-gate emissions,Emissions (CH4),kilotonnes,211.2783,200.0793,195.426,192.6408,190.9699,171.3434,,,,,,,,,,,,,,,
Serbia and Montenegro,Farm-gate emissions,Direct emissions (N2O),kilotonnes,6.3548,7.5643,7.2372,6.4227,9.1695,8.4237,,,,,,,,,,,,,,,
Serbia and Montenegro,Farm-gate emissions,Indirect emissions (N2O),kilotonnes,2.0906,2.4252,2.3253,2.1004,2.929,2.6879,,,,,,,,,,,,,,,
Serbia and Montenegro,Farm-gate emissions,Emissions (N2O),kilotonnes,10.2679,11.7721,11.3286,10.267,13.8252,12.6897,,,,,,,,,,,,,,,
Serbia and Montenegro,Farm-gate emissions,Emissions (CO2),kilotonnes,310.4964,507.0093,588.6465,581.4241,601.2955,622.3382,,,,,,,,,,,,,,,
Serbia and Montenegro,Farm-gate emissions,Emissions (CO2eq) from CH4 (AR5),kilotonnes,5915.7917,5602.22,5471.9273,5393.9429,5347.1574,4797.6155,,,,,,,,,,,,,,,
Serbia and Montenegro,Farm-gate emissions,Emissions (CO2eq) from N2O (AR5),kilotonnes,2720.9877,3119.5971,3002.0771,2720.7487,3663.6909,3362.7632,,,,,,,,,,,,,,,
Serbia and Montenegro,Farm-gate emissions,Emissions (CO2eq) (AR5),kilotonnes,8947.2758,9228.8264,9062.651,8696.1157,9612.1438,8782.7169,,,,,,,,,,,,,,,
Serbia and Montenegro,Land Use change,Emissions (CH4),kilotonnes,0,0,0,0,0,0,,,,,,,,,,,,,,,
Serbia and Montenegro,Land Use change,Emissions (N2O),kilotonnes,0,0,0,0,0,0,,,,,,,,,,,,,,,
Serbia and Montenegro,Land Use change,Emissions (CO2),kilotonnes,0,0,0,0,0,0,,,,,,,,,,,,,,,
Serbia and Montenegro,Land Use change,Emissions (CO2eq) from CH4 (AR5),kilotonnes,0,0,0,0,0,0,,,,,,,,,,,,,,,
Serbia and Montenegro,Land Use change,Emissions (CO2eq) from N2O (AR5),kilotonnes,0,0,0,0,0,0,,,,,,,,,,,,,,,
Serbia and Montenegro,Land Use change,Emissions (CO2eq) (AR5),kilotonnes,0,0,0,0,0,0,,,,,,,,,,,,,,,
Serbia and Montenegro,Emissions on agricultural land,Emissions (CH4),kilotonnes,211.2783,200.0793,195.426,192.6408,190.9699,171.3434,,,,,,,,,,,,,,,
Serbia and Montenegro,Emissions on agricultural land,Emissions (N2O),kilotonnes,10.2679,11.7721,11.3286,10.267,13.8252,12.6897,,,,,,,,,,,,,,,
Serbia and Montenegro,Emissions on agricultural land,Emissions (CO2),kilotonnes,310.4964,507.0093,588.6465,581.4241,601.2955,622.3382,,,,,,,,,,,,,,,
Serbia and Montenegro,Emissions on agricultural land,Emissions (CO2eq) from CH4 (AR5),kilotonnes,5915.7917,5602.22,5471.9273,5393.9429,5347.1574,4797.6155,,,,,,,,,,,,,,,
Serbia and Montenegro,Emissions on agricultural land,Emissions (CO2eq) from N2O (AR5),kilotonnes,2720.9877,3119.5971,3002.0771,2720.7487,3663.6909,3362.7632,,,,,,,,,,,,,,,
Serbia and Montenegro,Emissions on agricultural land,Emissions (CO2eq) (AR5),kilotonnes,8947.2758,9228.8264,9062.651,8696.1157,9612.1438,8782.7169,,,,,,,,,,,,,,,
Serbia and Montenegro,Pre- and post- production,Emissions (CH4),kilotonnes,43.3747,45.9927,48.1716,49.9038,51.6609,53.047,,,,,,,,,,,,,,,
Serbia and Montenegro,Pre- and post- production,Emissions (N2O),kilotonnes,0.3063,0.3072,0.3068,0.3038,0.3051,0.3047,,,,,,,,,,,,,,,
Serbia and Montenegro,Pre- and post- production,Emissions (CO2),kilotonnes,132.7141,141.4526,144.1862,140.0749,142.9076,187.8713,,,,,,,,,,,,,,,
Serbia and Montenegro,Pre- and post- production,Emissions (CO2eq) from CH4 (AR5),kilotonnes,1214.4912,1287.7953,1348.8061,1397.3078,1446.505,1485.3151,,,,,,,,,,,,,,,
Serbia and Montenegro,Pre- and post- production,Emissions (CO2eq) from N2O (AR5),kilotonnes,81.1749,81.4204,81.3054,80.5011,80.8509,80.7484,,,,,,,,,,,,,,,
Serbia and Montenegro,Pre- and post- production,Emissions (CO2eq) (AR5),kilotonnes,1428.3802,1510.6682,1574.2977,1617.8839,1670.2635,1753.9348,,,,,,,,,,,,,,,
Serbia and Montenegro,Agri-food systems,Emissions (CH4),kilotonnes,254.653,246.072,243.5976,242.5447,242.6308,224.3904,,,,,,,,,,,,,,,
Serbia and Montenegro,Agri-food systems,Emissions (N2O),kilotonnes,10.5742,12.0793,11.6354,10.5708,14.1303,12.9944,,,,,,,,,,,,,,,
Serbia and Montenegro,Agri-food systems,Emissions (CO2),kilotonnes,443.2106,648.4619,732.8327,721.499,744.2031,810.2095,,,,,,,,,,,,,,,
Serbia and Montenegro,Agri-food systems,Emissions (CO2eq) from CH4 (AR5),kilotonnes,7130.2828,6890.0152,6820.7334,6791.2507,6793.6624,6282.9306,,,,,,,,,,,,,,,
Serbia and Montenegro,Agri-food systems,Emissions (CO2eq) from N2O (AR5),kilotonnes,2802.1625,3201.0175,3083.3825,2801.2499,3744.5418,3443.5116,,,,,,,,,,,,,,,
Serbia and Montenegro,Agri-food systems,Emissions (CO2eq) (AR5),kilotonnes,10375.656,10739.4946,10636.9487,10313.9995,11282.4073,10536.6517,,,,,,,,,,,,,,,
Serbia and Montenegro,IPCC Agriculture,Emissions (CH4),kilotonnes,211.1876,199.9763,195.3154,192.5396,190.8695,171.2447,,,,,,,,,,,,,,,
Serbia and Montenegro,IPCC Agriculture,Direct emissions (N2O),kilotonnes,6.3548,7.5643,7.2372,6.4227,9.1695,8.4237,,,,,,,,,,,,,,,
Serbia and Montenegro,IPCC Agriculture,Indirect emissions (N2O),kilotonnes,2.0906,2.4252,2.3253,2.1004,2.929,2.6879,,,,,,,,,,,,,,,
Serbia and Montenegro,IPCC Agriculture,Emissions (N2O),kilotonnes,10.2189,11.6772,11.219,10.1543,13.7025,12.5569,,,,,,,,,,,,,,,
Serbia and Montenegro,IPCC Agriculture,Emissions (CO2eq) from CH4 (AR5),kilotonnes,5913.254,5599.3372,5468.8303,5391.1083,5344.345,4794.851,,,,,,,,,,,,,,,
Serbia and Montenegro,IPCC Agriculture,Emissions (CO2eq) from N2O (AR5),kilotonnes,2708.0062,3094.4576,2973.0218,2690.8783,3631.1619,3327.569,,,,,,,,,,,,,,,
Serbia and Montenegro,IPCC Agriculture,Emissions (CO2eq) (AR5),kilotonnes,8621.2602,8693.7947,8441.8521,8081.9866,8975.5069,8122.42,,,,,,,,,,,,,,,
Serbia and Montenegro,Agricultural Soils,Direct emissions (N2O),kilotonnes,6.3548,7.5643,7.2372,6.4227,9.1695,8.4237,,,,,,,,,,,,,,,
Serbia and Montenegro,Agricultural Soils,Indirect emissions (N2O),kilotonnes,2.0906,2.4252,2.3253,2.1004,2.929,2.6879,,,,,,,,,,,,,,,
Serbia and Montenegro,Agricultural Soils,Emissions (N2O),kilotonnes,8.4718,10.0159,9.5889,8.5495,12.1249,11.1379,,,,,,,,,,,,,,,
Serbia and Montenegro,Agricultural Soils,Emissions (CO2eq) from N2O (AR5),kilotonnes,2245.0286,2654.2077,2541.051,2265.6121,3213.0923,2951.5543,,,,,,,,,,,,,,,
Serbia and Montenegro,Agricultural Soils,Emissions (CO2eq) (AR5),kilotonnes,2245.0286,2654.2077,2541.051,2265.6121,3213.0923,2951.5543,,,,,,,,,,,,,,,
Serbia and Montenegro,LULUCF,Emissions (CH4),kilotonnes,1.3746,0,0.0474,0.0498,0.0075,0.005,,,,,,,,,,,,,,,
Serbia and Montenegro,LULUCF,Emissions (N2O),kilotonnes,0.076,0,0.0043,0.0046,0.0007,0.0005,,,,,,,,,,,,,,,
Serbia and Montenegro,LULUCF,Emissions (CO2),kilotonnes,-3247.3633,-39714.622,-39714.622,-39714.622,-39714.622,-39714.622,,,,,,,,,,,,,,,
Serbia and Montenegro,LULUCF,Emissions (CO2eq) from CH4 (AR5),kilotonnes,38.49,0,1.3265,1.3958,0.2094,0.1396,,,,,,,,,,,,,,,
Serbia and Montenegro,LULUCF,Emissions (CO2eq) from N2O (AR5),kilotonnes,20.1517,0,1.1463,1.2061,0.1809,0.1207,,,,,,,,,,,,,,,
Serbia and Montenegro,LULUCF,Emissions (CO2eq) (AR5),kilotonnes,-3188.7217,-39714.622,-39712.1491,-39712.0201,-39714.2317,-39714.3617,,,,,,,,,,,,,,,
Serbia and Montenegro,AFOLU,Emissions (CH4),kilotonnes,212.5623,199.9763,195.3627,192.5894,190.8769,171.2497,,,,,,,,,,,,,,,
Serbia and Montenegro,AFOLU,Emissions (N2O),kilotonnes,10.2949,11.6772,11.2233,10.1588,13.7032,12.5573,,,,,,,,,,,,,,,
Serbia and Montenegro,AFOLU,Emissions (CO2),kilotonnes,-3247.3633,-39714.622,-39714.622,-39714.622,-39714.622,-39714.622,,,,,,,,,,,,,,,
Serbia and Montenegro,AFOLU,Emissions (CO2eq) from CH4 (AR5),kilotonnes,5951.744,5599.3372,5470.1568,5392.5041,5344.5544,4794.9906,,,,,,,,,,,,,,,
Serbia and Montenegro,AFOLU,Emissions (CO2eq) from N2O (AR5),kilotonnes,2728.1578,3094.4576,2974.1681,2692.0844,3631.3428,3327.6896,,,,,,,,,,,,,,,
Serbia and Montenegro,AFOLU,Emissions (CO2eq) (AR5),kilotonnes,5432.5385,-31020.8273,-31270.2971,-31630.0335,-30738.7248,-31591.9417,,,,,,,,,,,,,,,
Serbia and Montenegro,All sectors with LULUCF,Emissions (CH4),kilotonnes,419.6778,403.0913,401.1567,396.8524,385.6053,360.5098,,,,,,,,,,,,,,,
Serbia and Montenegro,All sectors with LULUCF,Emissions (N2O),kilotonnes,14.5296,16.1021,15.8688,15.1265,19.02,17.9284,,,,,,,,,,,,,,,
Serbia and Montenegro,All sectors with LULUCF,Emissions (CO2),kilotonnes,44753.4297,12956.847,16105.721,19592.345,24420.605,15561.396,,,,,,,,,,,,,,,
Serbia and Montenegro,All sectors with LULUCF,Emissions (CO2eq) from F-gases (AR5),kilotonnes,2177.702,2724.7999,3398.2258,3714.046,4344.7147,4954.9766,,,,,,,,,,,,,,,
Serbia and Montenegro,All sectors with LULUCF,Emissions (CO2eq) from CH4 (AR5),kilotonnes,11750.9792,11286.5572,11232.3863,11111.8661,10796.9473,10094.2734,,,,,,,,,,,,,,,
Serbia and Montenegro,All sectors with LULUCF,Emissions (CO2eq) from N2O (AR5),kilotonnes,3850.3533,4267.0561,4205.2256,4008.5249,5040.2948,4751.0311,,,,,,,,,,,,,,,
Serbia and Montenegro,All sectors with LULUCF,Emissions (CO2eq) (AR5),kilotonnes,62532.4642,31235.2601,34941.5587,38426.782,44602.5619,35361.6772,,,,,,,,,,,,,,,
Serbia and Montenegro,All sectors without LULUCF,Emissions (CH4),kilotonnes,418.3032,403.0913,401.1093,396.8025,385.5978,360.5048,,,,,,,,,,,,,,,
Serbia and Montenegro,All sectors without LULUCF,Emissions (N2O),kilotonnes,14.4536,16.1021,15.8645,15.122,19.0193,17.928,,,,,,,,,,,,,,,
Serbia and Montenegro,All sectors without LULUCF,Emissions (CO2),kilotonnes,48000.793,52671.469,55820.343,59306.967,64135.227,55276.018,,,,,,,,,,,,,,,
Serbia and Montenegro,All sectors without LULUCF,Emissions (CO2eq) from F-gases (AR5),kilotonnes,2177.702,2724.7999,3398.2258,3714.046,4344.7147,4954.9766,,,,,,,,,,,,,,,
Serbia and Montenegro,All sectors without LULUCF,Emissions (CO2eq) from CH4 (AR5),kilotonnes,11712.4892,11286.5572,11231.0598,11110.4704,10796.7379,10094.1338,,,,,,,,,,,,,,,
Serbia and Montenegro,All sectors without LULUCF,Emissions (CO2eq) from N2O (AR5),kilotonnes,3830.2017,4267.0561,4204.0793,4007.3188,5040.1139,4750.9105,,,,,,,,,,,,,,,
Serbia and Montenegro,All sectors without LULUCF,Emissions (CO2eq) (AR5),kilotonnes,65721.1859,70949.8821,74653.7078,78138.8021,84316.7936,75076.0389,,,,,,,,,,,,,,,
Seychelles,Enteric Fermentation,Emissions (CH4),kilotonnes,0.0928,0.0776,0.0845,0.0793,0.0722,0.0643,0.0551,0.0607,0.0526,0.0463,0.0453,0.0388,0.041,0.0454,0.0451,0.044,0.0438,0.0443,0.0443,0.0445,0.0448
Seychelles,Enteric Fermentation,Emissions (CH4),kilotonnes,0.21,,,,,,,,,,,,,,,,,,,,
Seychelles,Enteric Fermentation,Emissions (CO2eq) from CH4 (AR5),kilotonnes,2.5992,2.173,2.366,2.219,2.0223,1.799,1.5434,1.6986,1.4722,1.2953,1.2673,1.085,1.1466,1.2698,1.2628,1.2313,1.227,1.239,1.2414,1.2456,1.2538
Seychelles,Enteric Fermentation,Emissions (CO2eq) from CH4 (AR5),kilotonnes,5.88,,,,,,,,,,,,,,,,,,,,
Seychelles,Enteric Fermentation,Emissions (CO2eq) (AR5),kilotonnes,2.5992,2.173,2.366,2.219,2.0223,1.799,1.5434,1.6986,1.4722,1.2953,1.2673,1.085,1.1466,1.2698,1.2628,1.2313,1.227,1.239,1.2414,1.2456,1.2538
Seychelles,Enteric Fermentation,Emissions (CO2eq) (AR5),kilotonnes,5.88,,,,,,,,,,,,,,,,,,,,
Seychelles,Manure Management,Emissions (CH4),kilotonnes,0.0256,0.0182,0.0185,0.0206,0.0174,0.0178,0.0182,0.0188,0.0162,0.0132,0.012,0.0136,0.0096,0.0086,0.0094,0.0095,0.0095,0.0087,0.009,0.0083,0.0086
Seychelles,Manure Management,Emissions (N2O),kilotonnes,0.0057,0.0028,0.003,0.0035,0.0034,0.0036,0.0036,0.0037,0.003,0.0024,0.0022,0.0026,0.0025,0.0025,0.0026,0.0026,0.0026,0.0023,0.0024,0.0023,0.0024
Seychelles,Manure Management,Emissions (CO2eq) from CH4 (AR5),kilotonnes,0.7157,0.5096,0.5184,0.5778,0.4882,0.4989,0.5109,0.5257,0.454,0.3685,0.3363,0.3813,0.2676,0.2421,0.2642,0.2673,0.2672,0.2424,0.2527,0.2314,0.2422
Seychelles,Manure Management,Emissions (CO2eq) from N2O (AR5),kilotonnes,1.5152,0.7458,0.8022,0.9174,0.8932,0.9599,0.9503,0.9817,0.7849,0.6453,0.5773,0.6969,0.6717,0.6689,0.6812,0.6817,0.6781,0.6217,0.6325,0.6202,0.623
Seychelles,Manure Management,Emissions (CO2eq) (AR5),kilotonnes,2.2309,1.2553,1.3206,1.4951,1.3814,1.4588,1.4612,1.5074,1.2389,1.0138,0.9136,1.0782,0.9394,0.911,0.9454,0.949,0.9452,0.8641,0.8852,0.8515,0.8652
Seychelles,Manure left on Pasture,Direct emissions (N2O),kilotonnes,0.0098,0.0088,0.0088,0.0091,0.0073,0.0069,0.0067,0.0071,0.0065,0.0056,0.0052,0.0054,0.0035,0.003,0.0034,0.0035,0.0036,0.0033,0.0034,0.0031,0.0033
Seychelles,Manure left on Pasture,Indirect emissions (N2O),kilotonnes,0.0023,0.0021,0.0021,0.0022,0.0018,0.0017,0.0017,0.0018,0.0016,0.0014,0.0014,0.0014,0.001,0.0009,0.001,0.001,0.001,0.001,0.001,0.0009,0.001
Seychelles,Manure left on Pasture,Emissions (N2O),kilotonnes,0.0122,0.011,0.0109,0.0113,0.0091,0.0086,0.0084,0.0088,0.0082,0.007,0.0066,0.0068,0.0045,0.0039,0.0044,0.0045,0.0047,0.0043,0.0045,0.004,0.0043
Seychelles,Manure left on Pasture,Emissions (CO2eq) from N2O (AR5),kilotonnes,3.2231,2.9078,2.8891,2.9827,2.4181,2.2785,2.2364,2.3412,2.1716,1.8577,1.745,1.8055,1.1822,1.045,1.1778,1.1904,1.2377,1.1308,1.1815,1.0558,1.1299
Seychelles,Manure left on Pasture,Emissions (CO2eq) (AR5),kilotonnes,3.2231,2.9078,2.8891,2.9827,2.4181,2.2785,2.2364,2.3412,2.1716,1.8577,1.745,1.8055,1.1822,1.045,1.1778,1.1904,1.2377,1.1308,1.1815,1.0558,1.1299
Seychelles,Manure applied to Soils,Direct emissions (N2O),kilotonnes,0.0035,0.002,0.0021,0.0024,0.0022,0.0023,0.0023,0.0023,0.0019,0.0016,0.0014,0.0017,0.0015,0.0014,0.0015,0.0015,0.0015,0.0014,0.0014,0.0013,0.0014
Seychelles,Manure applied to Soils,Indirect emissions (N2O),kilotonnes,0.0015,0.0008,0.0009,0.001,0.0009,0.001,0.001,0.001,0.0008,0.0007,0.0006,0.0007,0.0006,0.0006,0.0006,0.0006,0.0006,0.0006,0.0006,0.0006,0.0006
Seychelles,Manure applied to Soils,Emissions (N2O),kilotonnes,0.005,0.0028,0.003,0.0033,0.0031,0.0032,0.0032,0.0033,0.0028,0.0023,0.0021,0.0024,0.0021,0.002,0.0021,0.0021,0.0021,0.0019,0.002,0.0019,0.0019
Seychelles,Manure applied to Soils,Emissions (CO2eq) from N2O (AR5),kilotonnes,1.3352,0.755,0.7863,0.8875,0.8191,0.8602,0.8591,0.8855,0.7339,0.6069,0.5464,0.6443,0.5604,0.5401,0.5625,0.5649,0.5667,0.5134,0.5268,0.5045,0.5137
Seychelles,Manure applied to Soils,Emissions (CO2eq) (AR5),kilotonnes,1.3352,0.755,0.7863,0.8875,0.8191,0.8602,0.8591,0.8855,0.7339,0.6069,0.5464,0.6443,0.5604,0.5401,0.5625,0.5649,0.5667,0.5134,0.5268,0.5045,0.5137
Seychelles,Synthetic Fertilizers,Direct emissions (N2O),kilotonnes,0.0002,0.0001,,0.0001,0,0.0002,0.0001,0.0004,0.0002,0.0004,0.0002,0.0005,0.0006,0.0004,0.0006,0.0009,0.0007,0.0008,0.0007,0.001,0.0007
Seychelles,Synthetic Fertilizers,Indirect emissions (N2O),kilotonnes,0.0001,0,,0,0,0.0001,0,0.0001,0.0001,0.0001,0.0001,0.0002,0.0002,0.0001,0.0002,0.0003,0.0002,0.0003,0.0002,0.0003,0.0002
Seychelles,Synthetic Fertilizers,Emissions (N2O),kilotonnes,0.0003,0.0002,,0.0002,0.0001,0.0002,0.0001,0.0005,0.0003,0.0005,0.0002,0.0006,0.0008,0.0005,0.0008,0.0012,0.001,0.0011,0.001,0.0013,0.001
Seychelles,Synthetic Fertilizers,Emissions (CO2eq) from N2O (AR5),kilotonnes,0.0828,0.0441,,0.0441,0.0166,0.0552,0.0221,0.1379,0.0772,0.1324,0.0552,0.1655,0.2149,0.1441,0.2028,0.3178,0.2618,0.2785,0.258,0.3549,0.2536
Seychelles,Synthetic Fertilizers,Emissions (CO2eq) (AR5),kilotonnes,0.0828,0.0441,,0.0441,0.0166,0.0552,0.0221,0.1379,0.0772,0.1324,0.0552,0.1655,0.2149,0.1441,0.2028,0.3178,0.2618,0.2785,0.258,0.3549,0.2536
Seychelles,Drained organic soils,Emissions (CO2eq) (AR5),kilotonnes,0,0,0,0,0,0,0,0,0,0,0,0,0,0,0,0,0,0,0,0,0
Seychelles,Drained organic soils (CO2),Emissions (CO2),kilotonnes,0,0,0,0,0,0,0,0,0,0,0,0,0,0,0,0,0,0,0,0,0
Seychelles,Drained organic soils (CO2),Emissions (CO2eq) (AR5),kilotonnes,0,0,0,0,0,0,0,0,0,0,0,0,0,0,0,0,0,0,0,0,0
Seychelles,Drained organic soils (N2O),Emissions (N2O),kilotonnes,0,0,0,0,0,0,0,0,0,0,0,0,0,0,0,0,0,0,0,0,0
Seychelles,Drained organic soils (N2O),Emissions (CO2eq) from N2O (AR5),kilotonnes,0,0,0,0,0,0,0,0,0,0,0,0,0,0,0,0,0,0,0,0,0
Seychelles,Drained organic soils (N2O),Emissions (CO2eq) (AR5),kilotonnes,0,0,0,0,0,0,0,0,0,0,0,0,0,0,0,0,0,0,0,0,0
Seychelles,On-farm energy use,Emissions (CH4),kilotonnes,0.0017,0.0025,0.0028,0.0025,0.0047,0.0025,0.0022,0.0035,0.0043,0.0036,0.0041,0.0041,0.0037,0.0036,0.0043,0.0041,0.0046,0.0054,0.0077,0.0084,0.0084
Seychelles,On-farm energy use,Emissions (N2O),kilotonnes,0.004,0.0044,0.0051,0.0049,0.0042,0.0037,0.0021,0.0021,0.0022,0.0047,0.0077,0.0048,0.0054,0.0038,0.0057,0.0065,0.0087,0.0063,0.0061,0.0062,0.0062
Seychelles,On-farm energy use,Emissions (CO2),kilotonnes,13.9817,16.2347,17.3112,16.7885,16.8389,13.4229,11.8441,12.1076,11.8796,16.715,24.4286,17.1559,18.0521,13.9429,19.3445,21.131,26.8454,21.7596,23.0343,23.7722,23.7722
Seychelles,On-farm energy use,Emissions (CO2eq) from CH4 (AR5),kilotonnes,0.0488,0.0686,0.0796,0.0705,0.1313,0.0696,0.0628,0.0976,0.1196,0.1019,0.1137,0.1157,0.1029,0.1014,0.1198,0.1153,0.1276,0.1521,0.2153,0.2344,0.2344
Seychelles,On-farm energy use,Emissions (CO2eq) from N2O (AR5),kilotonnes,1.067,1.1567,1.3631,1.306,1.1155,0.9929,0.5617,0.5686,0.5724,1.251,2.0492,1.2761,1.4335,1.0044,1.5072,1.7116,2.3097,1.6606,1.6216,1.6445,1.6445
Seychelles,On-farm energy use,Emissions (CO2eq) (AR5),kilotonnes,15.0974,17.46,18.7539,18.165,18.0857,14.4854,12.4685,12.7738,12.5716,18.0679,26.5914,18.5477,19.5885,15.0487,20.9714,22.9579,29.2827,23.5723,24.8711,25.6511,25.6511
Seychelles,Forestland,Emissions (CO2),kilotonnes,0,0,0,0,0,0,0,0,0,0,0,0,0,0,0,0,0,0,0,0,0
Seychelles,Forestland,Emissions (CO2eq) (AR5),kilotonnes,0,0,0,0,0,0,0,0,0,0,0,0,0,0,0,0,0,0,0,0,0
Seychelles,Net Forest conversion,Emissions (CO2),kilotonnes,0,0,0,0,0,0,0,0,0,0,0,0,0,0,0,0,0,0,0,0,0
Seychelles,Net Forest conversion,Emissions (CO2eq) (AR5),kilotonnes,0,0,0,0,0,0,0,0,0,0,0,0,0,0,0,0,0,0,0,0,0
Seychelles,Savanna fires,Emissions (CH4),kilotonnes,0,0,0,0,0,0,0,0,0,0,0,0,0,0,0,0,0,0,0,0,0
Seychelles,Savanna fires,Emissions (N2O),kilotonnes,0,0,0,0,0,0,0,0,0,0,0,0,0,0,0,0,0,0,0,0,0
Seychelles,Savanna fires,Emissions (CO2eq) from CH4 (AR5),kilotonnes,0,0,0,0,0,0,0,0,0,0,0,0,0,0,0,0,0,0,0,0,0
Seychelles,Savanna fires,Emissions (CO2eq) from N2O (AR5),kilotonnes,0,0,0,0,0,0,0,0,0,0,0,0,0,0,0,0,0,0,0,0,0
Seychelles,Savanna fires,Emissions (CO2eq) (AR5),kilotonnes,0,0,0,0,0,0,0,0,0,0,0,0,0,0,0,0,0,0,0,0,0
Seychelles,Fires in organic soils,Emissions (CH4),kilotonnes,0,0,0,0,0,0,0,0,0,0,0,0,0,0,0,0,0,0,0,0,0
Seychelles,Fires in organic soils,Emissions (CO2),kilotonnes,0,0,0,0,0,0,0,0,0,0,0,0,0,0,0,0,0,0,0,0,0
Seychelles,Fires in organic soils,Emissions (CO2eq) from CH4 (AR5),kilotonnes,0,0,0,0,0,0,0,0,0,0,0,0,0,0,0,0,0,0,0,0,0
Seychelles,Fires in organic soils,Emissions (CO2eq) (AR5),kilotonnes,0,0,0,0,0,0,0,0,0,0,0,0,0,0,0,0,0,0,0,0,0
Seychelles,Forest fires,Emissions (CH4),kilotonnes,0,0,0,0,0,0,0,0,0,0,0,0,0,0,0,0,0,0,0,0,0
Seychelles,Forest fires,Emissions (N2O),kilotonnes,0,0,0,0,0,0,0,0,0,0,0,0,0,0,0,0,0,0,0,0,0
Seychelles,Forest fires,Emissions (CO2eq) from CH4 (AR5),kilotonnes,0,0,0,0,0,0,0,0,0,0,0,0,0,0,0,0,0,0,0,0,0
Seychelles,Forest fires,Emissions (CO2eq) from N2O (AR5),kilotonnes,0,0,0,0,0,0,0,0,0,0,0,0,0,0,0,0,0,0,0,0,0
Seychelles,Forest fires,Emissions (CO2eq) (AR5),kilotonnes,0,0,0,0,0,0,0,0,0,0,0,0,0,0,0,0,0,0,0,0,0
Seychelles,Fires in humid tropical forests,Emissions (CH4),kilotonnes,0,0,0,0,0,0,0,0,0,0,0,0,0,0,0,0,0,0,0,0,0
Seychelles,Fires in humid tropical forests,Emissions (N2O),kilotonnes,0,0,0,0,0,0,0,0,0,0,0,0,0,0,0,0,0,0,0,0,0
Seychelles,Fires in humid tropical forests,Emissions (CO2eq) from CH4 (AR5),kilotonnes,0,0,0,0,0,0,0,0,0,0,0,0,0,0,0,0,0,0,0,0,0
Seychelles,Fires in humid tropical forests,Emissions (CO2eq) from N2O (AR5),kilotonnes,0,0,0,0,0,0,0,0,0,0,0,0,0,0,0,0,0,0,0,0,0
Seychelles,Fires in humid tropical forests,Emissions (CO2eq) (AR5),kilotonnes,0,0,0,0,0,0,0,0,0,0,0,0,0,0,0,0,0,0,0,0,0
Seychelles,Waste - agri-food systems,Emissions (CH4),kilotonnes,2.1497,2.1401,2.0993,2.2915,2.2923,1.7045,1.9522,2.0197,1.7981,1.7604,1.7304,1.6959,1.6625,1.6339,1.6017,1.5736,1.5443,1.515,1.4848,1.4543,1.4175
Seychelles,Waste - agri-food systems,Emissions (N2O),kilotonnes,0.0096,0.0081,0.0066,0.0052,0.0036,0.0022,0.0007,0.0006,0.0007,0.0008,0.0008,0.0009,0.001,0.001,0.0011,0.0011,0.0012,0.0013,0.0013,0.0014,0.0015
Seychelles,Waste - agri-food systems,Emissions (CO2),kilotonnes,0,0,0,0,0,0,0,0,0,0,0,0,0,0,0,0,0,0,0,0,0
Seychelles,Waste - agri-food systems,Emissions (CO2eq) from CH4 (AR5),kilotonnes,60.1918,59.9236,58.7801,64.1615,64.1842,47.7254,54.6606,56.5505,50.3461,49.2907,48.4526,47.485,46.5488,45.7505,44.848,44.062,43.2404,42.42,41.5744,40.7203,39.6903
Seychelles,Waste - agri-food systems,Emissions (CO2eq) from N2O (AR5),kilotonnes,2.5491,2.1421,1.7622,1.3679,0.9585,0.5761,0.1752,0.1677,0.1841,0.1996,0.2187,0.238,0.254,0.2718,0.2844,0.3031,0.3213,0.3398,0.3576,0.3756,0.3936
Seychelles,Waste - agri-food systems,Emissions (CO2eq) (AR5),kilotonnes,62.7408,62.0657,60.5423,65.5294,65.1426,48.3014,54.8358,56.7183,50.5302,49.4903,48.6712,47.723,46.8028,46.0223,45.1324,44.3651,43.5616,42.7598,41.932,41.0959,40.0839
Seychelles,On-farm electricity use,Emissions (CH4),kilotonnes,0,0,0,0,0,0,0,0,0,0,0,0,0,0,0,0,0,0,0,0,0
Seychelles,On-farm electricity use,Emissions (N2O),kilotonnes,0,0,0,0,0,0,0,0,0,0,0,0,0,0,0,0,0,0,0,0,0
Seychelles,On-farm electricity use,Emissions (CO2),kilotonnes,0,0,0,0,0,0,0,0,0,0,0,0,0,0,0,0,0,0,0,0,0
Seychelles,On-farm electricity use,Emissions (CO2eq) from CH4 (AR5),kilotonnes,0,0,0,0,0,0,0,0,0,0,0,0,0,0,0,0,0,0,0,0,0
Seychelles,On-farm electricity use,Emissions (CO2eq) from N2O (AR5),kilotonnes,0,0,0,0,0,0,0,0,0,0,0,0,0,0,0,0,0,0,0,0,0
Seychelles,On-farm electricity use,Emissions (CO2eq) (AR5),kilotonnes,0,0,0,0,0,0,0,0,0,0,0,0,0,0,0,0,0,0,0,0,0
Seychelles,Food Processing,Emissions (CH4),kilotonnes,0,0,0,0,0,0,0,0,0,0.0005,0.0005,0.0005,0.0005,0.0005,0.0005,0.0005,0.0004,0.0004,0.0004,0.0004,0.0004
Seychelles,Food Processing,Emissions (N2O),kilotonnes,0,0,0,0,0,0,0,0,0,0.0001,0.0001,0.0001,0.0001,0.0001,0.0001,0.0001,0.0001,0.0001,0.0001,0.0001,0.0001
Seychelles,Food Processing,Emissions (CO2),kilotonnes,0,0,0,0,0,0,0,0,0,12.6955,13.0707,12.6267,12.8518,13.3521,13.3521,11.8824,10.6317,9.6936,9.0682,9.3809,9.0385
Seychelles,Food Processing,Emissions (CO2eq) from CH4 (AR5),kilotonnes,0,0,0,0,0,0,0,0,0,0.014,0.014,0.014,0.014,0.014,0.014,0.014,0.0112,0.0112,0.0112,0.0112,0.0109
Seychelles,Food Processing,Emissions (CO2eq) from N2O (AR5),kilotonnes,0,0,0,0,0,0,0,0,0,0.0265,0.0265,0.0265,0.0265,0.0265,0.0265,0.0265,0.0265,0.0265,0.0265,0.0265,0.0262
Seychelles,Food Processing,Emissions (CO2eq) (AR5),kilotonnes,0,0,0,0,0,0,0,0,0,12.736,13.1112,12.6672,12.8923,13.3926,13.3926,11.9229,10.6694,9.7313,9.1059,9.4186,9.0756
Seychelles,Food Packaging,Emissions (CH4),kilotonnes,0,0,0,0,0,0,0,0,0,0,0,0,0,0,0,0,0,0,0,0,0
Seychelles,Food Packaging,Emissions (N2O),kilotonnes,0,0,0,0,0,0,0,0,0,0,0,0,0,0,0,0,0,0,0,0,0
Seychelles,Food Packaging,Emissions (CO2),kilotonnes,0.0088,0.0098,0.0083,0.0085,0.0114,0.0107,0.0113,0.0099,0.0107,0.0081,0.614,0.3751,0.9104,0.003,0.0096,0.0086,0.0135,0.0136,0.0093,0.1736,0.1673
Seychelles,Food Packaging,Emissions (CO2eq) from CH4 (AR5),kilotonnes,0,0,0,0,0,0,0,0,0,0,0,0,0,0,0,0,0,0,0,0,0
Seychelles,Food Packaging,Emissions (CO2eq) from N2O (AR5),kilotonnes,0,0,0,0,0,0,0,0,0,0,0,0,0,0,0,0,0,0,0,0,0
Seychelles,Food Packaging,Emissions (CO2eq) (AR5),kilotonnes,0.0088,0.0098,0.0083,0.0085,0.0114,0.0107,0.0113,0.0099,0.0107,0.0081,0.614,0.3751,0.9104,0.003,0.0096,0.0086,0.0135,0.0136,0.0093,0.1736,0.1673
Seychelles,Food Retail,Emissions (CH4),kilotonnes,0.0065,0.0035,0.0036,0.0041,0.004,0.0135,0.0166,0.0168,0.0154,0.0155,0.0162,0.0161,0.0169,0.0177,0.0174,0.0178,0.0192,0.0201,0.0196,0.0218,0.0212
Seychelles,Food Retail,Emissions (N2O),kilotonnes,0,0,0,0,0,0.0001,0.0001,0.0001,0.0001,0.0001,0.0001,0.0001,0.0001,0.0001,0.0001,0.0001,0.0001,0.0001,0.0001,0.0001,0.0001
Seychelles,Food Retail,Emissions (CO2),kilotonnes,2.3513,1.2607,1.2154,1.3449,1.3332,4.589,5.6059,5.6339,5.0813,5.4436,5.7896,6.0255,6.5056,6.6603,6.4224,6.4933,6.9692,7.4597,7.0935,7.9203,7.6312
Seychelles,Food Retail,Emissions (CO2eq) from CH4 (AR5),kilotonnes,0.182,0.098,0.1008,0.1148,0.112,0.378,0.4648,0.4704,0.4312,0.434,0.4536,0.4508,0.4732,0.4956,0.4872,0.4984,0.5376,0.5628,0.5488,0.6104,0.595
Seychelles,Food Retail,Emissions (CO2eq) from N2O (AR5),kilotonnes,0,0,0,0,0,0.0265,0.0265,0.0265,0.0265,0.0265,0.0265,0.0265,0.0265,0.0265,0.0265,0.0265,0.0265,0.0265,0.0265,0.0265,0.0262
Seychelles,Food Retail,Emissions (CO2eq) (AR5),kilotonnes,2.5333,1.3587,1.3162,1.4597,1.4452,4.9935,6.0972,6.1308,5.539,5.9041,6.2697,6.5028,7.0053,7.1824,6.9361,7.0182,7.5333,8.049,7.6688,8.5572,8.2524
Seychelles,Food Household Consumption,Emissions (CH4),kilotonnes,0.0158,0.0166,0.0177,0.0188,0.0195,0.0201,0.0211,0.0229,0.0226,0.0225,0.0242,0.0249,0.0255,0.0264,0.0276,0.0291,0.033,0.0354,0.0373,0.0372,0.0363
Seychelles,Food Household Consumption,Emissions (N2O),kilotonnes,0.0001,0.0001,0.0001,0.0001,0.0001,0.0001,0.0001,0.0001,0.0001,0.0001,0.0001,0.0001,0.0001,0.0001,0.0002,0.0002,0.0002,0.0002,0.0002,0.0002,0.0002
Seychelles,Food Household Consumption,Emissions (CO2),kilotonnes,9.5748,9.8789,10.5731,9.6379,11.0183,10.4711,10.6596,11.7829,11.8211,10.4092,10.9624,11.4568,11.6465,11.7747,11.6934,12.9136,13.7037,15.2463,15.1775,15.4452,14.8815
Seychelles,Food Household Consumption,Emissions (CO2eq) from CH4 (AR5),kilotonnes,0.4424,0.4648,0.4956,0.5264,0.546,0.5628,0.5908,0.6412,0.6328,0.63,0.6776,0.6972,0.714,0.7392,0.7728,0.8148,0.924,0.9912,1.0444,1.0416,1.0153
Seychelles,Food Household Consumption,Emissions (CO2eq) from N2O (AR5),kilotonnes,0.0265,0.0265,0.0265,0.0265,0.0265,0.0265,0.0265,0.0265,0.0265,0.0265,0.0265,0.0265,0.0265,0.0265,0.053,0.053,0.053,0.053,0.053,0.053,0.0523
Seychelles,Food Household Consumption,Emissions (CO2eq) (AR5),kilotonnes,10.0437,10.3702,11.0952,10.1908,11.5908,11.0604,11.2769,12.4506,12.4804,11.0657,11.6665,12.1805,12.387,12.5404,12.5192,13.7814,14.6807,16.2905,16.2749,16.5398,15.9491
Seychelles,Food Transport,Emissions (CH4),kilotonnes,0.0065,0.0066,0.0056,0.0053,0.007,0.006,0.0059,0.0039,0.0038,0.0038,0.0029,0.0026,0.0031,0.003,0.0035,0.0037,0.0043,0.0043,0.0045,0.0041,0.004
Seychelles,Food Transport,Emissions (N2O),kilotonnes,0.0012,0.0013,0.0012,0.0012,0.0017,0.0015,0.0016,0.0012,0.0013,0.0014,0.0014,0.0013,0.0015,0.0015,0.0018,0.002,0.0021,0.0021,0.0022,0.0021,0.0021
Seychelles,Food Transport,Emissions (CO2),kilotonnes,39.3,42.065,37.784,38.0965,52.4,48.87,52.09,42.294,46.315,51.74,46.1588,39.419,47.2045,44.8562,51.5167,55.2666,63.4475,62.4481,65.6695,64.791,62.4264
Seychelles,Food Transport,Emissions (CO2eq) from CH4 (AR5),kilotonnes,0.182,0.1848,0.1568,0.1484,0.196,0.168,0.1652,0.1092,0.1064,0.1064,0.0812,0.0728,0.0868,0.084,0.098,0.1036,0.1204,0.1204,0.126,0.1148,0.1119
Seychelles,Food Transport,Emissions (CO2eq) from N2O (AR5),kilotonnes,0.318,0.3445,0.318,0.318,0.4505,0.3975,0.424,0.318,0.3445,0.371,0.371,0.3445,0.3975,0.3975,0.477,0.53,0.5565,0.5565,0.583,0.5565,0.5493
Seychelles,Food Transport,Emissions (CO2eq) (AR5),kilotonnes,39.8,42.5943,38.2588,38.5629,53.0465,49.4355,52.6792,42.7212,46.7659,52.2174,46.611,39.8363,47.6888,45.3377,52.0917,55.9002,64.1244,63.125,66.3785,65.4623,63.0876
Seychelles,Energy,Emissions (CH4),kilotonnes,0.104,0.109,0.0919,0.0927,0.118,0.102,0.1,0.0755,0.0778,0.0773,0.065,0.0629,0.0718,0.0658,0.0729,0.0758,0.0822,0.0813,0.0848,0.0672,0.0655
Seychelles,Energy,Emissions (N2O),kilotonnes,0.0216,0.0233,0.0219,0.022,0.0312,0.0301,0.0312,0.0253,0.0256,0.027,0.0231,0.0192,0.022,0.0203,0.0234,0.0245,0.0273,0.0269,0.0283,0.0233,0.023
Seychelles,Energy,Emissions (CO2),kilotonnes,572,634,539,550,737,689,733,642,693,524,444,326,422,330,488,480,594,587,426,411,396
Seychelles,Energy,Emissions (CO2eq) from CH4 (AR5),kilotonnes,2.912,3.052,2.5732,2.5956,3.304,2.856,2.8,2.114,2.1784,2.1644,1.82,1.7612,2.0104,1.8424,2.0412,2.1224,2.3016,2.2764,2.3744,1.8816,1.834
Seychelles,Energy,Emissions (CO2eq) from N2O (AR5),kilotonnes,5.724,6.1745,5.8035,5.83,8.268,7.9765,8.268,6.7045,6.784,7.155,6.1215,5.088,5.83,5.3795,6.201,6.4925,7.2345,7.1285,7.4995,6.1745,6.095
Seychelles,Energy,Emissions (CO2eq) (AR5),kilotonnes,580.636,643.2265,547.3767,558.4256,748.572,699.8325,744.068,650.8185,701.9624,533.3194,451.9415,332.8492,429.8404,337.2219,496.2422,488.6149,603.5361,596.4049,435.8739,419.0561,403.929
Seychelles,IPPU,Emissions (N2O),kilotonnes,0,0,0,0,0,0,0,0,0,0,0,0,0,0,0,0,0,0,0,0,0
Seychelles,IPPU,Emissions (CO2),kilotonnes,1.92,2.08,2.03,0.886,2.61,2.16,2.26,2.28,1.99,2.41,2.38,2.42,2.73,2.99,3.18,2.85,2.94,2.91,2.95,3.11,3.17
Seychelles,IPPU,Emissions (CO2eq) from N2O (AR5),kilotonnes,0.0002,0.0002,0.0002,0.0003,0.0003,0.0003,0.0003,0.0003,0.0003,0.0003,0.0003,0.0003,0.0003,0.0003,0.0003,0.0003,0.0003,0.0003,0.0003,0.0003,0.0003
Seychelles,IPPU,Emissions (CO2eq) (AR5),kilotonnes,1.9202,2.0802,2.0302,0.8863,2.6103,2.1603,2.2603,2.2803,1.9903,2.4103,2.3803,2.4203,2.7303,2.9903,3.1803,2.8503,2.9403,2.9103,2.9503,3.1103,3.1703
Seychelles,Waste,Emissions (CH4),kilotonnes,1.65,1.68,1.72,1.73,1.76,1.82,1.86,1.91,1.94,1.95,1.99,2.03,2.06,2.11,2.15,2.19,2.23,2.27,2.31,2.34,2.38
Seychelles,Waste,Emissions (N2O),kilotonnes,0.0023,0.0024,0.0024,0.0025,0.0026,0.0026,0.0027,0.0028,0.0028,0.0028,0.0029,0.0029,0.003,0.003,0.003,0.0031,0.0031,0.0032,0.0032,0.0032,0.0033
Seychelles,Waste,Emissions (CO2eq) from CH4 (AR5),kilotonnes,46.2,47.04,48.16,48.44,49.28,50.96,52.08,53.48,54.32,54.6,55.72,56.84,57.68,59.08,60.2,61.32,62.44,63.56,64.68,65.52,66.64
Seychelles,Waste,Emissions (CO2eq) from N2O (AR5),kilotonnes,0.6175,0.6281,0.6386,0.6625,0.681,0.6996,0.7155,0.7288,0.7314,0.742,0.7553,0.7738,0.7817,0.7871,0.7977,0.8109,0.8295,0.8348,0.8401,0.856,0.8692
Seychelles,Waste,Emissions (CO2eq) (AR5),kilotonnes,46.8174,47.6681,48.7986,49.1025,49.9611,51.6596,52.7955,54.2087,55.0514,55.342,56.4752,57.6138,58.4618,59.867,60.9976,62.1309,63.2694,64.3948,65.5201,66.3759,67.5092
Seychelles,Other,Emissions (N2O),kilotonnes,0.0331,0.0354,0.031,0.0304,0.0418,0.0374,0.0395,0.031,0.033,0.0352,0.0304,0.0287,0.0313,0.028,0.0323,0.0338,0.0389,0.0383,0.0402,0.0343,0.0342
Seychelles,Other,Emissions (CO2eq) from N2O (AR5),kilotonnes,8.7715,9.381,8.215,8.056,11.077,9.911,10.4675,8.215,8.745,9.328,8.056,7.6055,8.2945,7.42,8.5595,8.957,10.3085,10.1495,10.653,9.0895,9.063
Seychelles,Other,Emissions (CO2eq) (AR5),kilotonnes,8.7715,9.381,8.215,8.056,11.077,9.911,10.4675,8.215,8.745,9.328,8.056,7.6055,8.2945,7.42,8.5595,8.957,10.3085,10.1495,10.653,9.0895,9.063
Seychelles,Farm-gate emissions,Emissions (CH4),kilotonnes,0.1201,0.0983,0.1059,0.1024,0.0943,0.0846,0.0756,0.0829,0.0731,0.0631,0.0613,0.0565,0.0542,0.0576,0.0588,0.0576,0.0579,0.0583,0.061,0.0611,0.0618
Seychelles,Farm-gate emissions,Direct emissions (N2O),kilotonnes,0.0136,0.011,0.0109,0.0115,0.0095,0.0093,0.0091,0.0098,0.0087,0.0075,0.0068,0.0076,0.0056,0.0049,0.0055,0.0059,0.0059,0.0054,0.0056,0.0054,0.0054
Seychelles,Farm-gate emissions,Indirect emissions (N2O),kilotonnes,0.0039,0.003,0.003,0.0032,0.0027,0.0027,0.0027,0.0029,0.0025,0.0023,0.002,0.0023,0.0018,0.0017,0.0018,0.0019,0.0019,0.0018,0.0018,0.0018,0.0018
Seychelles,Farm-gate emissions,Emissions (N2O),kilotonnes,0.0273,0.0212,0.022,0.0232,0.0199,0.0194,0.0175,0.0185,0.0164,0.017,0.0188,0.0173,0.0153,0.0128,0.0156,0.0169,0.0191,0.0159,0.0159,0.0158,0.0157
Seychelles,Farm-gate emissions,Emissions (CO2),kilotonnes,13.9817,16.2347,17.3112,16.7885,16.8389,13.4229,11.8441,12.1076,11.8796,16.715,24.4286,17.1559,18.0521,13.9429,19.3445,21.131,26.8454,21.7596,23.0343,23.7722,23.7722
Seychelles,Farm-gate emissions,Emissions (CO2eq) from CH4 (AR5),kilotonnes,3.3636,2.7511,2.964,2.8672,2.6418,2.3674,2.117,2.3219,2.0458,1.7657,1.7172,1.582,1.5171,1.6132,1.6467,1.6139,1.6217,1.6336,1.7093,1.7113,1.7303
Seychelles,Farm-gate emissions,Emissions (CO2eq) from N2O (AR5),kilotonnes,7.2233,5.6095,5.8406,6.1377,5.2625,5.1467,4.6296,4.915,4.34,4.4934,4.973,4.5884,4.0627,3.4025,4.1314,4.4664,5.054,4.205,4.2203,4.1798,4.1647
Seychelles,Farm-gate emissions,Emissions (CO2eq) (AR5),kilotonnes,24.5686,24.5953,26.1158,25.7934,24.7431,20.9371,18.5906,19.3444,18.2655,22.9741,31.1189,23.3263,23.6319,18.9587,25.1226,27.2113,33.5211,27.5981,28.964,29.6633,29.6673
Seychelles,Land Use change,Emissions (CH4),kilotonnes,0,0,0,0,0,0,0,0,0,0,0,0,0,0,0,0,0,0,0,0,0
Seychelles,Land Use change,Emissions (N2O),kilotonnes,0,0,0,0,0,0,0,0,0,0,0,0,0,0,0,0,0,0,0,0,0
Seychelles,Land Use change,Emissions (CO2),kilotonnes,0,0,0,0,0,0,0,0,0,0,0,0,0,0,0,0,0,0,0,0,0
Seychelles,Land Use change,Emissions (CO2eq) from CH4 (AR5),kilotonnes,0,0,0,0,0,0,0,0,0,0,0,0,0,0,0,0,0,0,0,0,0
Seychelles,Land Use change,Emissions (CO2eq) from N2O (AR5),kilotonnes,0,0,0,0,0,0,0,0,0,0,0,0,0,0,0,0,0,0,0,0,0
Seychelles,Land Use change,Emissions (CO2eq) (AR5),kilotonnes,0,0,0,0,0,0,0,0,0,0,0,0,0,0,0,0,0,0,0,0,0
Seychelles,Emissions on agricultural land,Emissions (CH4),kilotonnes,0.1201,0.0983,0.1059,0.1024,0.0943,0.0846,0.0756,0.0829,0.0731,0.0631,0.0613,0.0565,0.0542,0.0576,0.0588,0.0576,0.0579,0.0583,0.061,0.0611,0.0618
Seychelles,Emissions on agricultural land,Emissions (N2O),kilotonnes,0.0273,0.0212,0.022,0.0232,0.0199,0.0194,0.0175,0.0185,0.0164,0.017,0.0188,0.0173,0.0153,0.0128,0.0156,0.0169,0.0191,0.0159,0.0159,0.0158,0.0157
Seychelles,Emissions on agricultural land,Emissions (CO2),kilotonnes,13.9817,16.2347,17.3112,16.7885,16.8389,13.4229,11.8441,12.1076,11.8796,16.715,24.4286,17.1559,18.0521,13.9429,19.3445,21.131,26.8454,21.7596,23.0343,23.7722,23.7722
Seychelles,Emissions on agricultural land,Emissions (CO2eq) from CH4 (AR5),kilotonnes,3.3636,2.7511,2.964,2.8672,2.6418,2.3674,2.117,2.3219,2.0458,1.7657,1.7172,1.582,1.5171,1.6132,1.6467,1.6139,1.6217,1.6336,1.7093,1.7113,1.7303
Seychelles,Emissions on agricultural land,Emissions (CO2eq) from N2O (AR5),kilotonnes,7.2233,5.6095,5.8406,6.1377,5.2625,5.1467,4.6296,4.915,4.34,4.4934,4.973,4.5884,4.0627,3.4025,4.1314,4.4664,5.054,4.205,4.2203,4.1798,4.1647
Seychelles,Emissions on agricultural land,Emissions (CO2eq) (AR5),kilotonnes,24.5686,24.5953,26.1158,25.7934,24.7431,20.9371,18.5906,19.3444,18.2655,22.9741,31.1189,23.3263,23.6319,18.9587,25.1226,27.2113,33.5211,27.5981,28.964,29.6633,29.6673
Seychelles,Pre- and post- production,Emissions (CH4),kilotonnes,2.1785,2.1668,2.1262,2.3197,2.3228,1.7441,1.9958,2.0633,1.8399,1.8027,1.7742,1.74,1.7085,1.6815,1.6507,1.6247,1.6012,1.5752,1.5466,1.5178,1.4794
Seychelles,Pre- and post- production,Emissions (N2O),kilotonnes,0.0109,0.0095,0.0079,0.0065,0.0054,0.0039,0.0025,0.002,0.0022,0.0025,0.0025,0.0025,0.0028,0.0028,0.0033,0.0035,0.0037,0.0038,0.0039,0.0039,0.004
Seychelles,Pre- and post- production,Emissions (CO2),kilotonnes,51.2349,53.2144,49.5808,49.0878,64.7629,63.9408,68.3668,59.7207,63.2281,80.2964,76.5955,69.9031,79.1188,76.6463,82.9942,86.5645,94.7656,94.8613,97.018,97.711,94.1449
Seychelles,Pre- and post- production,Emissions (CO2eq) from CH4 (AR5),kilotonnes,60.9982,60.6712,59.5333,64.9511,65.0382,48.8342,55.8814,57.7713,51.5165,50.4751,49.679,48.7198,47.8368,47.0833,46.22,45.4928,44.8336,44.1056,43.3048,42.4983,41.4233
Seychelles,Pre- and post- production,Emissions (CO2eq) from N2O (AR5),kilotonnes,2.8936,2.5131,2.1067,1.7124,1.4355,1.0266,0.6522,0.5387,0.5816,0.6501,0.6692,0.662,0.731,0.7488,0.8674,0.9391,0.9838,1.0023,1.0466,1.0381,1.0476
Seychelles,Pre- and post- production,Emissions (CO2eq) (AR5),kilotonnes,115.1267,116.3987,111.2208,115.7513,131.2365,113.8015,124.9005,118.0308,115.3262,131.4216,126.9436,119.2849,127.6866,124.4784,130.0816,132.9964,140.5829,139.9692,141.3694,141.2474,136.6158
Seychelles,Agri-food systems,Emissions (CH4),kilotonnes,2.2986,2.2651,2.232,2.4221,2.4171,1.8286,2.0714,2.1462,1.9129,1.8657,1.8356,1.7965,1.7626,1.7392,1.7095,1.6824,1.6591,1.6335,1.6076,1.5789,1.5412
Seychelles,Agri-food systems,Emissions (N2O),kilotonnes,0.0382,0.0307,0.03,0.0296,0.0253,0.0233,0.0199,0.0206,0.0186,0.0194,0.0213,0.0198,0.0181,0.0157,0.0189,0.0204,0.0228,0.0196,0.0199,0.0197,0.0197
Seychelles,Agri-food systems,Emissions (CO2),kilotonnes,65.2166,69.4491,66.8921,65.8763,81.6018,77.3637,80.2109,71.8283,75.1077,97.0114,101.0241,87.059,97.1709,90.5892,102.3387,107.6955,121.611,116.6209,120.0523,121.4832,117.9171
Seychelles,Agri-food systems,Emissions (CO2eq) from CH4 (AR5),kilotonnes,64.3618,63.4224,62.4973,67.8183,67.6799,51.2016,57.9984,60.0932,53.5623,52.2408,51.3962,50.3018,49.3539,48.6965,47.8667,47.1067,46.4553,45.7392,45.0141,44.2096,43.1536
Seychelles,Agri-food systems,Emissions (CO2eq) from N2O (AR5),kilotonnes,10.1169,8.1225,7.9473,7.8501,6.698,6.1733,5.2818,5.4537,4.9216,5.1434,5.6422,5.2503,4.7937,4.1514,4.9988,5.4055,6.0377,5.2072,5.2669,5.2179,5.2123
Seychelles,Agri-food systems,Emissions (CO2eq) (AR5),kilotonnes,139.6953,140.994,137.3367,141.5447,155.9797,134.7386,143.4911,137.3752,133.5916,154.3957,158.0625,142.6112,151.3185,143.4371,155.2042,160.2077,174.104,167.5674,170.3333,170.9107,166.2831
Seychelles,IPCC Agriculture,Emissions (CH4),kilotonnes,0.1184,0.0958,0.103,0.0999,0.0897,0.0821,0.0734,0.0794,0.0688,0.0594,0.0573,0.0524,0.0505,0.054,0.0545,0.0535,0.0534,0.0529,0.0534,0.0527,0.0534
Seychelles,IPCC Agriculture,Emissions (CH4),kilotonnes,0.21,,,,,,,,,,,,,,,,,,,,
Seychelles,IPCC Agriculture,Direct emissions (N2O),kilotonnes,0.0136,0.011,0.0109,0.0115,0.0095,0.0093,0.0091,0.0098,0.0087,0.0075,0.0068,0.0076,0.0056,0.0049,0.0055,0.0059,0.0059,0.0054,0.0056,0.0054,0.0054
Seychelles,IPCC Agriculture,Indirect emissions (N2O),kilotonnes,0.0039,0.003,0.003,0.0032,0.0027,0.0027,0.0027,0.0029,0.0025,0.0023,0.002,0.0023,0.0018,0.0017,0.0018,0.0019,0.0019,0.0018,0.0018,0.0018,0.0018
Seychelles,IPCC Agriculture,Emissions (N2O),kilotonnes,0.0232,0.0168,0.0169,0.0182,0.0156,0.0157,0.0154,0.0164,0.0142,0.0122,0.011,0.0125,0.0099,0.009,0.0099,0.0104,0.0104,0.0096,0.0098,0.0096,0.0095
Seychelles,IPCC Agriculture,Emissions (N2O),kilotonnes,0.036,,,,,,,,,,,,,,,,,,,,
Seychelles,IPCC Agriculture,Emissions (CO2eq) from CH4 (AR5),kilotonnes,3.3149,2.6825,2.8844,2.7968,2.5105,2.2979,2.0542,2.2243,1.9262,1.6638,1.6036,1.4663,1.4142,1.5119,1.527,1.4986,1.4941,1.4814,1.4941,1.4769,1.496
Seychelles,IPCC Agriculture,Emissions (CO2eq) from CH4 (AR5),kilotonnes,5.88,,,,,,,,,,,,,,,,,,,,
Seychelles,IPCC Agriculture,Emissions (CO2eq) from N2O (AR5),kilotonnes,6.1563,4.4528,4.4775,4.8317,4.147,4.1538,4.0679,4.3464,3.7676,3.2424,2.9238,3.3123,2.6292,2.3981,2.6242,2.7548,2.7442,2.5444,2.5988,2.5353,2.5202
Seychelles,IPCC Agriculture,Emissions (CO2eq) from N2O (AR5),kilotonnes,9.54,,,,,,,,,,,,,,,,,,,,
Seychelles,IPCC Agriculture,Emissions (CO2eq) (AR5),kilotonnes,9.4712,7.1353,7.3619,7.6285,6.6574,6.4517,6.1221,6.5707,5.6938,4.9062,4.5274,4.7786,4.0434,3.91,4.1512,4.2534,4.2384,4.0258,4.0928,4.0122,4.0162
Seychelles,IPCC Agriculture,Emissions (CO2eq) (AR5),kilotonnes,15.42,,,,,,,,,,,,,,,,,,,,
Seychelles,Agricultural Soils,Direct emissions (N2O),kilotonnes,0.0136,0.011,0.0109,0.0115,0.0095,0.0093,0.0091,0.0098,0.0087,0.0075,0.0068,0.0076,0.0056,0.0049,0.0055,0.0059,0.0059,0.0054,0.0056,0.0054,0.0054
Seychelles,Agricultural Soils,Indirect emissions (N2O),kilotonnes,0.0039,0.003,0.003,0.0032,0.0027,0.0027,0.0027,0.0029,0.0025,0.0023,0.002,0.0023,0.0018,0.0017,0.0018,0.0019,0.0019,0.0018,0.0018,0.0018,0.0018
Seychelles,Agricultural Soils,Emissions (N2O),kilotonnes,0.0175,0.014,0.0139,0.0148,0.0123,0.0121,0.0118,0.0127,0.0113,0.0098,0.0089,0.0099,0.0074,0.0065,0.0073,0.0078,0.0078,0.0073,0.0074,0.0072,0.0072
Seychelles,Agricultural Soils,Emissions (N2O),kilotonnes,0.036,,,,,,,,,,,,,,,,,,,,
Seychelles,Agricultural Soils,Emissions (CO2eq) from N2O (AR5),kilotonnes,4.6411,3.707,3.6754,3.9143,3.2538,3.194,3.1176,3.3646,2.9827,2.597,2.3465,2.6154,1.9574,1.7292,1.943,2.0731,2.0662,1.9227,1.9663,1.9151,1.8972
Seychelles,Agricultural Soils,Emissions (CO2eq) from N2O (AR5),kilotonnes,9.54,,,,,,,,,,,,,,,,,,,,
Seychelles,Agricultural Soils,Emissions (CO2eq) (AR5),kilotonnes,4.6411,3.707,3.6754,3.9143,3.2538,3.194,3.1176,3.3646,2.9827,2.597,2.3465,2.6154,1.9574,1.7292,1.943,2.0731,2.0662,1.9227,1.9663,1.9151,1.8972
Seychelles,Agricultural Soils,Emissions (CO2eq) (AR5),kilotonnes,9.54,,,,,,,,,,,,,,,,,,,,
Seychelles,LULUCF,Emissions (CH4),kilotonnes,0,0,0,0,0,0,0,0,0,0,0,0,0,0,0,0,0,0,0,0,0
Seychelles,LULUCF,Emissions (N2O),kilotonnes,0,0,0,0,0,0,0,0,0,0,0,0,0,0,0,0,0,0,0,0,0
Seychelles,LULUCF,Emissions (CO2),kilotonnes,0,0,0,0,0,0,0,0,0,0,0,0,0,0,0,0,0,0,0,0,0
Seychelles,LULUCF,Emissions (CO2),kilotonnes,-824.838,,,,,,,,,,,,,,,,,,,,
Seychelles,LULUCF,Emissions (CO2eq) from CH4 (AR5),kilotonnes,0,0,0,0,0,0,0,0,0,0,0,0,0,0,0,0,0,0,0,0,0
Seychelles,LULUCF,Emissions (CO2eq) from N2O (AR5),kilotonnes,0,0,0,0,0,0,0,0,0,0,0,0,0,0,0,0,0,0,0,0,0
Seychelles,LULUCF,Emissions (CO2eq) (AR5),kilotonnes,0,0,0,0,0,0,0,0,0,0,0,0,0,0,0,0,0,0,0,0,0
Seychelles,LULUCF,Emissions (CO2eq) (AR5),kilotonnes,-824.838,,,,,,,,,,,,,,,,,,,,
Seychelles,AFOLU,Emissions (CH4),kilotonnes,0.1184,0.0958,0.103,0.0999,0.0897,0.0821,0.0734,0.0794,0.0688,0.0594,0.0573,0.0524,0.0505,0.054,0.0545,0.0535,0.0534,0.0529,0.0534,0.0527,0.0534
Seychelles,AFOLU,Emissions (N2O),kilotonnes,0.0232,0.0168,0.0169,0.0182,0.0156,0.0157,0.0154,0.0164,0.0142,0.0122,0.011,0.0125,0.0099,0.009,0.0099,0.0104,0.0104,0.0096,0.0098,0.0096,0.0095
Seychelles,AFOLU,Emissions (CO2),kilotonnes,0,0,0,0,0,0,0,0,0,0,0,0,0,0,0,0,0,0,0,0,0
Seychelles,AFOLU,Emissions (CO2eq) from CH4 (AR5),kilotonnes,3.3149,2.6825,2.8844,2.7968,2.5105,2.2979,2.0542,2.2243,1.9262,1.6638,1.6036,1.4663,1.4142,1.5119,1.527,1.4986,1.4941,1.4814,1.4941,1.4769,1.496
Seychelles,AFOLU,Emissions (CO2eq) from N2O (AR5),kilotonnes,6.1563,4.4528,4.4775,4.8317,4.147,4.1538,4.0679,4.3464,3.7676,3.2424,2.9238,3.3123,2.6292,2.3981,2.6242,2.7548,2.7442,2.5444,2.5988,2.5353,2.5202
Seychelles,AFOLU,Emissions (CO2eq) (AR5),kilotonnes,9.4712,7.1353,7.3619,7.6285,6.6574,6.4517,6.1221,6.5707,5.6938,4.9062,4.5274,4.7786,4.0434,3.91,4.1512,4.2534,4.2384,4.0258,4.0928,4.0122,4.0162
Seychelles,All sectors with LULUCF,Emissions (CH4),kilotonnes,1.8724,1.8848,1.9149,1.9226,1.9677,2.0041,2.0334,2.0649,2.0866,2.0867,2.1123,2.1453,2.1823,2.2298,2.2774,2.3193,2.3656,2.4042,2.4482,2.4599,2.4989
Seychelles,All sectors with LULUCF,Emissions (N2O),kilotonnes,0.0803,0.0779,0.0722,0.0731,0.0912,0.0858,0.0888,0.0755,0.0756,0.0772,0.0674,0.0633,0.0662,0.0603,0.0686,0.0718,0.0797,0.078,0.0815,0.0704,0.07
Seychelles,All sectors with LULUCF,Emissions (CO2),kilotonnes,573.92,636.08,541.03,550.886,739.61,691.16,735.26,644.28,694.99,526.41,446.38,328.42,424.73,332.99,491.18,482.85,596.94,589.91,428.95,414.11,399.17
Seychelles,All sectors with LULUCF,Emissions (CO2eq) from CH4 (AR5),kilotonnes,52.4269,52.7745,53.6176,53.8324,55.0945,56.1139,56.9342,57.8183,58.4246,58.4282,59.1436,60.0675,61.1046,62.4343,63.7682,64.941,66.2357,67.3178,68.5485,68.8785,69.97
Seychelles,All sectors with LULUCF,Emissions (CO2eq) from N2O (AR5),kilotonnes,21.2695,20.6366,19.1349,19.3805,24.1733,22.7412,23.5192,19.9949,20.0283,20.4676,17.8568,16.7798,17.5357,15.985,18.1826,19.0155,21.117,20.6574,21.5916,18.6555,18.5477
Seychelles,All sectors with LULUCF,Emissions (CO2eq) (AR5),kilotonnes,647.6164,709.4911,613.7825,624.0988,818.8777,770.0151,815.7134,722.0932,773.4429,605.3058,523.3804,405.2673,503.3703,411.4092,573.1308,566.8064,684.2927,677.8853,519.09,501.644,487.6877
Seychelles,All sectors without LULUCF,Emissions (CH4),kilotonnes,1.8724,1.8848,1.9149,1.9226,1.9677,2.0041,2.0334,2.0649,2.0866,2.0867,2.1123,2.1453,2.1823,2.2298,2.2774,2.3193,2.3656,2.4042,2.4482,2.4599,2.4989
Seychelles,All sectors without LULUCF,Emissions (N2O),kilotonnes,0.0803,0.0779,0.0722,0.0731,0.0912,0.0858,0.0888,0.0755,0.0756,0.0772,0.0674,0.0633,0.0662,0.0603,0.0686,0.0718,0.0797,0.078,0.0815,0.0704,0.07
Seychelles,All sectors without LULUCF,Emissions (CO2),kilotonnes,573.92,636.08,541.03,550.886,739.61,691.16,735.26,644.28,694.99,526.41,446.38,328.42,424.73,332.99,491.18,482.85,596.94,589.91,428.95,414.11,399.17
Seychelles,All sectors without LULUCF,Emissions (CO2eq) from CH4 (AR5),kilotonnes,52.4269,52.7745,53.6176,53.8324,55.0945,56.1139,56.9342,57.8183,58.4246,58.4282,59.1436,60.0675,61.1046,62.4343,63.7682,64.941,66.2357,67.3178,68.5485,68.8785,69.97
Seychelles,All sectors without LULUCF,Emissions (CO2eq) from N2O (AR5),kilotonnes,21.2695,20.6366,19.1349,19.3805,24.1733,22.7412,23.5192,19.9949,20.0283,20.4676,17.8568,16.7798,17.5357,15.985,18.1826,19.0155,21.117,20.6574,21.5916,18.6555,18.5477
Seychelles,All sectors without LULUCF,Emissions (CO2eq) (AR5),kilotonnes,647.6164,709.4911,613.7825,624.0988,818.8777,770.0151,815.7134,722.0932,773.4429,605.3058,523.3804,405.2673,503.3703,411.4092,573.1308,566.8064,684.2927,677.8853,519.09,501.644,487.6877
Sierra Leone,Crop Residues,Direct emissions (N2O),kilotonnes,0.0835,0.1334,0.1867,0.1967,0.2427,0.302,0.3727,0.2151,0.2409,0.2754,0.3116,0.3426,0.3761,0.3764,0.3898,0.3117,0.3609,0.3699,0.4871,0.3223,0.3339
Sierra Leone,Crop Residues,Indirect emissions (N2O),kilotonnes,0.0188,0.03,0.042,0.0443,0.0546,0.068,0.0839,0.0484,0.0542,0.062,0.0701,0.0771,0.0846,0.0847,0.0877,0.0701,0.0812,0.0832,0.1096,0.0725,0.0751
Sierra Leone,Crop Residues,Emissions (N2O),kilotonnes,0.1023,0.1634,0.2287,0.2409,0.2973,0.37,0.4566,0.2636,0.2951,0.3373,0.3817,0.4197,0.4608,0.461,0.4776,0.3819,0.4421,0.4532,0.5966,0.3949,0.409
Sierra Leone,Crop Residues,Emissions (CO2eq) from N2O (AR5),kilotonnes,27.1054,43.2927,60.6057,63.8441,78.7832,98.0374,121.0026,69.8427,78.2034,89.3973,101.1637,111.2295,122.1052,122.1742,126.5533,101.1936,117.1571,120.0906,158.1121,104.6404,108.3946
Sierra Leone,Crop Residues,Emissions (CO2eq) (AR5),kilotonnes,27.1054,43.2927,60.6057,63.8441,78.7832,98.0374,121.0026,69.8427,78.2034,89.3973,101.1637,111.2295,122.1052,122.1742,126.5533,101.1936,117.1571,120.0906,158.1121,104.6404,108.3946
Sierra Leone,Rice Cultivation,Emissions (CH4),kilotonnes,12.0042,19.656,27.5184,28.8288,35.3808,42.588,48.6158,28.328,31.1608,32.7018,35.9719,39.5691,47.035,43.9916,48.5938,39.635,50.1447,51.1477,76.6203,39.4265,39.6007
Sierra Leone,Rice Cultivation,Emissions (CO2eq) from CH4 (AR5),kilotonnes,336.1171,550.368,770.5152,807.2064,990.6624,1192.464,1361.2435,793.183,872.5021,915.6491,1007.2138,1107.9348,1316.9793,1231.7639,1360.6271,1109.7804,1404.053,1432.1346,2145.3675,1103.9428,1108.8209
Sierra Leone,Rice Cultivation,Emissions (CO2eq) (AR5),kilotonnes,336.1171,550.368,770.5152,807.2064,990.6624,1192.464,1361.2435,793.183,872.5021,915.6491,1007.2138,1107.9348,1316.9793,1231.7639,1360.6271,1109.7804,1404.053,1432.1346,2145.3675,1103.9428,1108.8209
Sierra Leone,Burning - Crop residues,Emissions (CH4),kilotonnes,0.3,0.4734,0.6668,0.6984,0.8928,1.075,1.2656,0.7172,0.7837,0.8299,0.9129,0.9919,1.1161,1.0505,1.1965,0.9998,1.2403,1.1897,1.7675,0.9273,0.9437
Sierra Leone,Burning - Crop residues,Emissions (N2O),kilotonnes,0.0078,0.0123,0.0173,0.0181,0.0231,0.0279,0.0328,0.0186,0.0203,0.0215,0.0237,0.0257,0.0289,0.0272,0.031,0.0259,0.0322,0.0308,0.0458,0.024,0.0245
Sierra Leone,Burning - Crop residues,Emissions (CO2eq) from CH4 (AR5),kilotonnes,8.3994,13.2565,18.6692,19.5539,24.9971,30.1001,35.4375,20.0828,21.9423,23.2379,25.5617,27.7722,31.2515,29.4126,33.5008,27.9933,34.7274,33.3105,49.491,25.9637,26.4232
Sierra Leone,Burning - Crop residues,Emissions (CO2eq) from N2O (AR5),kilotonnes,2.061,3.2527,4.5809,4.798,6.1336,7.3857,8.6953,4.9277,5.384,5.7019,6.2721,6.8145,7.6682,7.217,8.2201,6.8687,8.5211,8.1734,12.1436,6.3707,6.4835
Sierra Leone,Burning - Crop residues,Emissions (CO2eq) (AR5),kilotonnes,10.4604,16.5092,23.2501,24.3519,31.1307,37.4858,44.1328,25.0106,27.3262,28.9397,31.8337,34.5867,38.9197,36.6296,41.7209,34.862,43.2485,41.4839,61.6346,32.3344,32.9067
Sierra Leone,Enteric Fermentation,Emissions (CH4),kilotonnes,15.692,13.7616,14.0483,15.0575,16.6555,18.8964,22.9966,22.8367,25.8685,30.3481,32.7004,35.2543,37.5221,39.6098,40.1176,37.7944,36.2652,35.0764,35.7548,36.9977,37.2151
Sierra Leone,Enteric Fermentation,Emissions (CH4),kilotonnes,5.2021,6.102,8.0772,9.7786,10.7134,14.3308,,,,,,,,,,,,,,,
Sierra Leone,Enteric Fermentation,Emissions (CO2eq) from CH4 (AR5),kilotonnes,439.376,385.3255,393.3531,421.609,466.3552,529.0988,643.9044,639.427,724.3177,849.7456,915.6102,987.1204,1050.6182,1109.0732,1123.2941,1058.2446,1015.4252,982.1386,1001.1331,1035.935,1042.0232
Sierra Leone,Enteric Fermentation,Emissions (CO2eq) from CH4 (AR5),kilotonnes,145.6588,170.856,226.1616,273.8008,299.9752,401.2624,,,,,,,,,,,,,,,
Sierra Leone,Enteric Fermentation,Emissions (CO2eq) (AR5),kilotonnes,439.376,385.3255,393.3531,421.609,466.3552,529.0988,643.9044,639.427,724.3177,849.7456,915.6102,987.1204,1050.6182,1109.0732,1123.2941,1058.2446,1015.4252,982.1386,1001.1331,1035.935,1042.0232
Sierra Leone,Enteric Fermentation,Emissions (CO2eq) (AR5),kilotonnes,145.6588,170.856,226.1616,273.8008,299.9752,401.2624,,,,,,,,,,,,,,,
Sierra Leone,Manure Management,Emissions (CH4),kilotonnes,1.2496,1.1234,1.1447,1.1908,1.2746,1.3636,1.5222,1.5561,1.6927,1.9041,2.0069,2.1217,2.2283,2.3272,2.3843,2.3443,2.2619,2.5387,2.6005,2.6893,2.7311
Sierra Leone,Manure Management,Emissions (CH4),kilotonnes,0.1854,0.2198,0.2269,0.3222,0.3908,0.5737,,,,,,,,,,,,,,,
Sierra Leone,Manure Management,Emissions (N2O),kilotonnes,0.0312,0.0091,0.0102,0.012,0.0144,0.0177,0.0224,0.0256,0.0312,0.0381,0.0418,0.0458,0.0499,0.0537,0.0641,0.0838,0.0655,0.1243,0.1325,0.1414,0.1499
Sierra Leone,Manure Management,Emissions (CO2eq) from CH4 (AR5),kilotonnes,34.9888,31.4552,32.0524,33.3426,35.6887,38.1797,42.6222,43.5711,47.3958,53.3136,56.1922,59.4075,62.3922,65.1613,66.7609,65.6412,63.3336,71.0825,72.8151,75.3001,76.471
Sierra Leone,Manure Management,Emissions (CO2eq) from CH4 (AR5),kilotonnes,5.1912,6.1544,6.3532,9.0216,10.9424,16.0636,,,,,,,,,,,,,,,
Sierra Leone,Manure Management,Emissions (CO2eq) from N2O (AR5),kilotonnes,8.2631,2.4083,2.7073,3.1724,3.8149,4.6794,5.9325,6.7729,8.2644,10.0874,11.071,12.1446,13.225,14.2268,16.9777,22.21,17.3604,32.9526,35.1098,37.4651,39.729
Sierra Leone,Manure Management,Emissions (CO2eq) (AR5),kilotonnes,43.2519,33.8635,34.7597,36.515,39.5036,42.859,48.5547,50.344,55.6602,63.401,67.2632,71.5521,75.6173,79.3881,83.7385,87.8512,80.6939,104.0352,107.925,112.7652,116.2
Sierra Leone,Manure Management,Emissions (CO2eq) (AR5),kilotonnes,5.1912,6.1544,6.3532,9.0216,10.9424,16.0636,,,,,,,,,,,,,,,
Sierra Leone,Manure left on Pasture,Direct emissions (N2O),kilotonnes,0.6256,0.5248,0.5398,0.5838,0.6527,0.7481,0.9172,0.9283,1.0644,1.2676,1.3704,1.4829,1.5817,1.6727,1.7033,1.6007,1.5434,1.5721,1.604,1.6634,1.6822
Sierra Leone,Manure left on Pasture,Indirect emissions (N2O),kilotonnes,0.201,0.1772,0.1829,0.1953,0.215,0.2397,0.2816,0.2903,0.3269,0.3856,0.4137,0.4447,0.4695,0.49,0.4973,0.4762,0.464,0.4674,0.474,0.492,0.4933
Sierra Leone,Manure left on Pasture,Emissions (N2O),kilotonnes,0.8265,0.7019,0.7228,0.7791,0.8677,0.9878,1.1988,1.2186,1.3913,1.6532,1.7842,1.9277,2.0513,2.1627,2.2007,2.0768,2.0074,2.0395,2.078,2.1554,2.1755
Sierra Leone,Manure left on Pasture,Emissions (CO2eq) from N2O (AR5),kilotonnes,219.0243,186.0052,191.5333,206.4627,229.9428,261.7652,317.6942,322.9353,368.7021,438.0921,472.8059,510.8308,543.5814,573.1148,583.1801,550.3607,531.9685,540.4638,550.677,571.1896,576.4979
Sierra Leone,Manure left on Pasture,Emissions (CO2eq) (AR5),kilotonnes,219.0243,186.0052,191.5333,206.4627,229.9428,261.7652,317.6942,322.9353,368.7021,438.0921,472.8059,510.8308,543.5814,573.1148,583.1801,550.3607,531.9685,540.4638,550.677,571.1896,576.4979
Sierra Leone,Manure applied to Soils,Direct emissions (N2O),kilotonnes,0.0284,0.0142,0.0152,0.0169,0.0195,0.0232,0.0287,0.0314,0.0371,0.0454,0.0496,0.054,0.0576,0.0606,0.067,0.0754,0.0656,0.1021,0.1072,0.1132,0.1186
Sierra Leone,Manure applied to Soils,Indirect emissions (N2O),kilotonnes,0.0121,0.006,0.0065,0.0072,0.0083,0.0099,0.0122,0.0133,0.0158,0.0193,0.0211,0.023,0.0245,0.0258,0.0285,0.032,0.0279,0.0434,0.0455,0.0481,0.0504
Sierra Leone,Manure applied to Soils,Emissions (N2O),kilotonnes,0.0405,0.0202,0.0217,0.0241,0.0278,0.0331,0.0408,0.0447,0.0528,0.0647,0.0706,0.077,0.082,0.0864,0.0955,0.1074,0.0934,0.1455,0.1527,0.1613,0.169
Sierra Leone,Manure applied to Soils,Emissions (CO2eq) from N2O (AR5),kilotonnes,10.7309,5.3597,5.7429,6.3862,7.3726,8.766,10.8197,11.8395,14.002,17.1351,18.7205,20.3934,21.7376,22.8831,25.3195,28.4608,24.754,38.5478,40.4651,42.7461,44.7885
Sierra Leone,Manure applied to Soils,Emissions (CO2eq) (AR5),kilotonnes,10.7309,5.3597,5.7429,6.3862,7.3726,8.766,10.8197,11.8395,14.002,17.1351,18.7205,20.3934,21.7376,22.8831,25.3195,28.4608,24.754,38.5478,40.4651,42.7461,44.7885
Sierra Leone,Drained organic soils,Emissions (CO2eq) (AR5),kilotonnes,0,0,0,0,0,0,0,0,0,0,0,0,0,0,0,0,0,0,0,0,0
Sierra Leone,Drained organic soils (CO2),Emissions (CO2),kilotonnes,0,0,0,0,0,0,0,0,0,0,0,0,0,0,0,0,0,0,0,0,0
Sierra Leone,Drained organic soils (CO2),Emissions (CO2eq) (AR5),kilotonnes,0,0,0,0,0,0,0,0,0,0,0,0,0,0,0,0,0,0,0,0,0
Sierra Leone,Drained organic soils (N2O),Emissions (N2O),kilotonnes,0,0,0,0,0,0,0,0,0,0,0,0,0,0,0,0,0,0,0,0,0
Sierra Leone,Drained organic soils (N2O),Emissions (CO2eq) from N2O (AR5),kilotonnes,0,0,0,0,0,0,0,0,0,0,0,0,0,0,0,0,0,0,0,0,0
Sierra Leone,Drained organic soils (N2O),Emissions (CO2eq) (AR5),kilotonnes,0,0,0,0,0,0,0,0,0,0,0,0,0,0,0,0,0,0,0,0,0
Sierra Leone,On-farm energy use,Emissions (CH4),kilotonnes,0.0013,0.0012,0.0016,0.0019,0.002,0.0018,0.0027,0.0022,0.0022,0.0024,0.0027,0.0034,0.0037,0.0047,0.0055,0.0045,0.0046,0.0049,0.0045,0.0043,0.0043
Sierra Leone,On-farm energy use,Emissions (N2O),kilotonnes,0,0,0,0,0,0,0.0001,0,0,0,0.0001,0.0001,0.0001,0.0001,0.0001,0.0001,0.0001,0.0001,0.0001,0.0001,0.0001
Sierra Leone,On-farm energy use,Emissions (CO2),kilotonnes,16.9328,14.6715,19.7985,23.8111,24.8152,22.1372,33.8668,27.3553,28.1286,29.8664,34.3032,42.7201,46.495,58.9047,69.3445,56.2018,58.3696,61.2757,56.9375,54.4561,54.4561
Sierra Leone,On-farm energy use,Emissions (CO2eq) from CH4 (AR5),kilotonnes,0.0376,0.0326,0.0439,0.0528,0.0551,0.0491,0.0751,0.0607,0.0624,0.0663,0.0761,0.0948,0.1032,0.1307,0.1539,0.1247,0.1295,0.136,0.1263,0.1208,0.1208
Sierra Leone,On-farm energy use,Emissions (CO2eq) from N2O (AR5),kilotonnes,0.0071,0.0062,0.0083,0.01,0.0104,0.0093,0.0142,0.0115,0.0118,0.0125,0.0144,0.0179,0.0195,0.0247,0.0291,0.0236,0.0245,0.0257,0.0239,0.0229,0.0229
Sierra Leone,On-farm energy use,Emissions (CO2eq) (AR5),kilotonnes,16.9775,14.7102,19.8508,23.8739,24.8806,22.1957,33.9561,27.4275,28.2029,29.9452,34.3937,42.8328,46.6177,59.0601,69.5275,56.3501,58.5236,61.4374,57.0877,54.5998,54.5998
Sierra Leone,Forestland,Emissions (CO2),kilotonnes,-19.8413,-114.1296,-114.1296,-114.1296,-114.1296,-114.1296,-114.1296,-114.1296,-114.1296,-114.1296,-114.1296,-114.2992,-114.2992,-114.2992,-114.2992,-114.2992,-113.96,-113.96,-113.96,-113.96,-113.96
Sierra Leone,Forestland,Emissions (CO2eq) (AR5),kilotonnes,-19.8413,-114.1296,-114.1296,-114.1296,-114.1296,-114.1296,-114.1296,-114.1296,-114.1296,-114.1296,-114.1296,-114.2992,-114.2992,-114.2992,-114.2992,-114.2992,-113.96,-113.96,-113.96,-113.96,-113.96
Sierra Leone,Net Forest conversion,Emissions (CO2),kilotonnes,3365.2117,3459.5,3459.5,3459.5,3459.5,3459.5,3459.5,3459.5,3459.5,3459.5,3459.5,3459.5,3459.5,3459.5,3459.5,3459.5,3459.8392,3459.8392,3459.8392,3459.8392,3459.8392
Sierra Leone,Net Forest conversion,Emissions (CO2eq) (AR5),kilotonnes,3365.2117,3459.5,3459.5,3459.5,3459.5,3459.5,3459.5,3459.5,3459.5,3459.5,3459.5,3459.5,3459.5,3459.5,3459.5,3459.5,3459.8392,3459.8392,3459.8392,3459.8392,3459.8392
Sierra Leone,Savanna fires,Emissions (CH4),kilotonnes,3.8325,5.8752,6.3891,12.8569,14.0826,11.7479,19.9668,19.4827,9.8679,10.168,5.1159,6.9216,13.0067,10.3799,12.0476,15.4414,13.6992,11.2894,7.3203,6.7472,6.7245
Sierra Leone,Savanna fires,Emissions (N2O),kilotonnes,0.3499,0.5364,0.5834,1.1739,1.2858,1.0726,1.8231,1.7789,0.901,0.9284,0.4671,0.632,1.1876,0.9477,1.1,1.4099,1.2508,1.0308,0.6684,0.616,0.614
Sierra Leone,Savanna fires,Emissions (CO2eq) from CH4 (AR5),kilotonnes,107.3094,164.5066,178.8946,359.9932,394.3126,328.941,559.0701,545.5167,276.3006,284.7032,143.2449,193.8059,364.1866,290.6361,337.332,432.3582,383.5789,316.1036,204.9681,188.9202,188.2851
Sierra Leone,Savanna fires,Emissions (CO2eq) from N2O (AR5),kilotonnes,92.7299,142.1551,154.5883,311.081,340.7376,284.2479,483.1095,471.3976,238.7598,246.0207,123.7823,167.4736,314.7047,251.1475,291.4988,373.6139,331.4622,273.1548,177.1192,163.2517,162.7029
Sierra Leone,Savanna fires,Emissions (CO2eq) (AR5),kilotonnes,200.0392,306.6617,333.4828,671.0742,735.0502,613.1889,1042.1795,1016.9144,515.0604,530.7239,267.0272,361.2794,678.8914,541.7837,628.8308,805.9722,715.0411,589.2584,382.0873,352.1719,350.988
Sierra Leone,Fires in organic soils,Emissions (CH4),kilotonnes,0,0,0,0,0,0,0,0,0,0,0,0,0,0,0,0,0,0,0,0,0
Sierra Leone,Fires in organic soils,Emissions (CO2),kilotonnes,0,0,0,0,0,0,0,0,0,0,0,0,0,0,0,0,0,0,0,0,0
Sierra Leone,Fires in organic soils,Emissions (CO2eq) from CH4 (AR5),kilotonnes,0,0,0,0,0,0,0,0,0,0,0,0,0,0,0,0,0,0,0,0,0
Sierra Leone,Fires in organic soils,Emissions (CO2eq) (AR5),kilotonnes,0,0,0,0,0,0,0,0,0,0,0,0,0,0,0,0,0,0,0,0,0
Sierra Leone,Forest fires,Emissions (CH4),kilotonnes,5.0611,0.0186,0.0211,1.0559,1.3164,0.818,1.4586,0.8408,0.3295,0.5876,0.3006,0.3099,0.4562,0.3848,1.1224,5.1421,0.6103,0.8112,0.3532,0.4472,0.2179
Sierra Leone,Forest fires,Emissions (N2O),kilotonnes,0.1489,0.0017,0.0019,0.0964,0.1202,0.0747,0.1332,0.0768,0.0301,0.0537,0.0274,0.0283,0.0417,0.0351,0.1025,0.4695,0.0557,0.0741,0.0323,0.0408,0.0199
Sierra Leone,Forest fires,Emissions (CO2eq) from CH4 (AR5),kilotonnes,141.712,0.5214,0.5908,29.5663,36.8602,22.9045,40.8394,23.5431,9.2248,16.4538,8.416,8.6783,12.7746,10.7741,31.4283,143.9794,17.0897,22.7144,9.89,12.5204,6.1022
Sierra Leone,Forest fires,Emissions (CO2eq) from N2O (AR5),kilotonnes,39.4471,0.4505,0.5105,25.5491,31.852,19.7925,35.2906,20.3443,7.9714,14.2182,7.2725,7.4992,11.0389,9.3103,27.1582,124.417,14.7678,19.6282,8.5463,10.8193,5.2731
Sierra Leone,Forest fires,Emissions (CO2eq) (AR5),kilotonnes,181.1591,0.9719,1.1012,55.1155,68.7122,42.697,76.1301,43.8873,17.1962,30.672,15.6885,16.1775,23.8135,20.0844,58.5865,268.3965,31.8575,42.3426,18.4363,23.3397,11.3753
Sierra Leone,Fires in humid tropical forests,Emissions (CH4),kilotonnes,4.8821,0.0186,0.0186,1.0559,1.314,0.7288,1.3991,0.8086,0.3245,0.5852,0.3006,0.2926,0.4389,0.3724,1.1224,5.0802,0.5905,0.8112,0.3458,0.4149,0.2155
Sierra Leone,Fires in humid tropical forests,Emissions (N2O),kilotonnes,0.1436,0.0017,0.0017,0.0964,0.12,0.0665,0.1277,0.0738,0.0296,0.0534,0.0274,0.0267,0.0401,0.034,0.1025,0.4638,0.0539,0.0741,0.0316,0.0379,0.0197
Sierra Leone,Fires in humid tropical forests,Emissions (CO2eq) from CH4 (AR5),kilotonnes,136.6997,0.5214,0.5214,29.5663,36.7908,20.4067,39.1742,22.6411,9.086,16.3844,8.416,8.1926,12.2889,10.4272,31.4283,142.2448,16.5347,22.7144,9.6819,11.6184,6.0328
Sierra Leone,Fires in humid tropical forests,Emissions (CO2eq) from N2O (AR5),kilotonnes,38.0519,0.4505,0.4505,25.5491,31.792,17.634,33.8516,19.5648,7.8515,14.1583,7.2725,7.0795,10.6192,9.0105,27.1582,122.9181,14.2881,19.6282,8.3664,10.0398,5.2131
Sierra Leone,Fires in humid tropical forests,Emissions (CO2eq) (AR5),kilotonnes,174.7516,0.9719,0.9719,55.1155,68.5828,38.0407,73.0258,42.2059,16.9375,30.5427,15.6885,15.2721,22.9081,19.4377,58.5865,265.1629,30.8228,42.3426,18.0483,21.6582,11.246
Sierra Leone,Waste - agri-food systems,Emissions (CH4),kilotonnes,19.5472,19.8361,20.1879,20.5726,20.9274,21.2675,21.5821,21.8667,22.1334,22.3755,22.6123,22.8685,23.1613,23.4847,23.7165,23.9143,24.09,24.2796,24.4967,24.7082,24.9168
Sierra Leone,Waste - agri-food systems,Emissions (N2O),kilotonnes,0.0688,0.0738,0.0806,0.0846,0.0924,0.099,0.1041,0.1044,0.114,0.118,0.1216,0.1273,0.1311,0.1329,0.1366,0.1375,0.1394,0.1429,0.1458,0.1488,0.1518
Sierra Leone,Waste - agri-food systems,Emissions (CO2),kilotonnes,0,0,0,0,0,0,0,0,0,0,0,0,0,0,0,0,0,0,0,0,0
Sierra Leone,Waste - agri-food systems,Emissions (CO2eq) from CH4 (AR5),kilotonnes,547.3218,555.4098,565.262,576.032,585.968,595.4898,604.2987,612.2675,619.7365,626.5141,633.1431,640.3193,648.5156,657.5715,664.0611,669.601,674.5188,679.8277,685.9073,691.8301,697.671
Sierra Leone,Waste - agri-food systems,Emissions (CO2eq) from N2O (AR5),kilotonnes,18.2407,19.5498,21.3708,22.4103,24.4777,26.2298,27.5822,27.6681,30.1991,31.2593,32.2168,33.7234,34.7535,35.2228,36.1917,36.4481,36.9358,37.8581,38.6404,39.4297,40.2225
Sierra Leone,Waste - agri-food systems,Emissions (CO2eq) (AR5),kilotonnes,565.5625,574.9596,586.6329,598.4423,610.4457,621.7196,631.8809,639.9356,649.9356,657.7734,665.3599,674.0427,683.2691,692.7943,700.2528,706.0491,711.4545,717.6858,724.5477,731.2598,737.8936
Sierra Leone,On-farm electricity use,Emissions (CH4),kilotonnes,0,0,0,0,0,0,0,0,0,0,0,0,0,0,0,0,0,0,0,0,0
Sierra Leone,On-farm electricity use,Emissions (N2O),kilotonnes,0,0,0,0,0,0,0,0,0,0,0,0,0,0,0,0,0,0,0,0,0
Sierra Leone,On-farm electricity use,Emissions (CO2),kilotonnes,0,0,0,0,0,0,0,0,0,0,0,0,0,0,0,0,0,0,0,0,0
Sierra Leone,On-farm electricity use,Emissions (CO2eq) from CH4 (AR5),kilotonnes,0,0,0,0,0,0,0,0,0,0,0,0,0,0,0,0,0,0,0,0,0
Sierra Leone,On-farm electricity use,Emissions (CO2eq) from N2O (AR5),kilotonnes,0,0,0,0,0,0,0,0,0,0,0,0,0,0,0,0,0,0,0,0,0
Sierra Leone,On-farm electricity use,Emissions (CO2eq) (AR5),kilotonnes,0,0,0,0,0,0,0,0,0,0,0,0,0,0,0,0,0,0,0,0,0
Sierra Leone,Food Processing,Emissions (CH4),kilotonnes,0.0147,1.6436,1.469,0.0108,0.0065,0.0104,0.0725,0.0318,0.034,0.0451,0.0433,0.0441,0.0532,0.0741,0.0775,0.0952,0.1078,0.0639,0.0712,0.0636,0.0648
Sierra Leone,Food Processing,Emissions (N2O),kilotonnes,0.0001,0.0089,0.0084,0.0001,0,0.0001,0.0008,0.0004,0.0004,0.0006,0.0005,0.0006,0.0006,0.001,0.0009,0.001,0.0011,0.0008,0.0008,0.0007,0.0007
Sierra Leone,Food Processing,Emissions (CO2),kilotonnes,1.3291,66.2381,77.8945,0.9424,0.6883,1.8467,10.5232,4.8814,5.6375,18.5243,15.243,20.6688,19.6913,37.8549,39.1443,30.2681,30.8047,26.4992,24.3162,24.1945,24.3995
Sierra Leone,Food Processing,Emissions (CO2eq) from CH4 (AR5),kilotonnes,0.4116,46.0208,41.132,0.3024,0.182,0.2912,2.03,0.8904,0.952,1.2628,1.2124,1.2348,1.4896,2.0748,2.17,2.6656,3.0184,1.7892,1.9936,1.7808,1.8156
Sierra Leone,Food Processing,Emissions (CO2eq) from N2O (AR5),kilotonnes,0.0265,2.3585,2.226,0.0265,0,0.0265,0.212,0.106,0.106,0.159,0.1325,0.159,0.159,0.265,0.2385,0.265,0.2915,0.212,0.212,0.1855,0.188
Sierra Leone,Food Processing,Emissions (CO2eq) (AR5),kilotonnes,1.7672,114.6174,121.2525,1.2713,0.8703,2.1644,12.7652,5.8778,6.6955,19.9461,16.5879,22.0626,21.3399,40.1947,41.5528,33.1987,34.1146,28.5004,26.5218,26.1608,26.4031
Sierra Leone,Food Packaging,Emissions (CH4),kilotonnes,0.0022,0.0019,0.0023,0.0027,0.0024,0.0026,0.0016,0.0013,0.0009,0.0008,0.001,0.001,0.0011,0.0018,0.0018,0.0023,0.0039,0.0042,0.0129,0.0043,0.0044
Sierra Leone,Food Packaging,Emissions (N2O),kilotonnes,0,0,0,0,0,0,0,0,0,0,0,0,0,0,0,0,0,0,0.0001,0,0
Sierra Leone,Food Packaging,Emissions (CO2),kilotonnes,0.3048,0.2842,0.3805,0.3546,0.3233,0.3114,0.3661,0.2512,0.1944,0.2203,0.149,0.1946,0.2816,0.4087,0.4094,0.3336,0.3844,0.4096,0.9421,0.4955,0.4997
Sierra Leone,Food Packaging,Emissions (CO2eq) from CH4 (AR5),kilotonnes,0.0616,0.0532,0.0644,0.0756,0.0672,0.0728,0.0448,0.0364,0.0252,0.0224,0.028,0.028,0.0308,0.0504,0.0504,0.0644,0.1092,0.1176,0.3612,0.1204,0.1228
Sierra Leone,Food Packaging,Emissions (CO2eq) from N2O (AR5),kilotonnes,0,0,0,0,0,0,0,0,0,0,0,0,0,0,0,0,0,0,0.0265,0,0
Sierra Leone,Food Packaging,Emissions (CO2eq) (AR5),kilotonnes,0.3664,0.3374,0.4449,0.4302,0.3905,0.3842,0.4109,0.2876,0.2196,0.2427,0.177,0.2226,0.3124,0.4591,0.4598,0.398,0.4936,0.5272,1.3298,0.6159,0.6224
Sierra Leone,Food Retail,Emissions (CH4),kilotonnes,0,0,0,0,0,0,0,0.001,0.004,0.0041,0.0059,0.0046,0.0058,0.0052,0.0046,0.0092,0.0114,0.0114,0.0045,0.0092,0.0094
Sierra Leone,Food Retail,Emissions (N2O),kilotonnes,0,0,0,0,0,0,0,0,0,0,0,0,0,0,0,0,0,0,0,0,0
Sierra Leone,Food Retail,Emissions (CO2),kilotonnes,0,0,0,0,0,0,0,0.3765,1.5292,1.5775,2.2922,1.6944,2.1637,1.9408,1.7198,3.4523,4.2682,4.2682,1.6947,3.4518,3.4811
Sierra Leone,Food Retail,Emissions (CO2eq) from F-gases (AR5),kilotonnes,0,1.039,1.5585,2.5975,4.6755,4.6755,5.7145,6.7535,6.7535,6.7535,6.7535,6.7535,6.7535,6.7535,6.7535,6.7535,7.273,7.7925,7.7925,7.7925,8.1846
Sierra Leone,Food Retail,Emissions (CO2eq) from CH4 (AR5),kilotonnes,0,0,0,0,0,0,0,0.028,0.112,0.1148,0.1652,0.1288,0.1624,0.1456,0.1288,0.2576,0.3192,0.3192,0.126,0.2576,0.2626
Sierra Leone,Food Retail,Emissions (CO2eq) from N2O (AR5),kilotonnes,0,0,0,0,0,0,0,0,0,0,0,0,0,0,0,0,0,0,0,0,0
Sierra Leone,Food Retail,Emissions (CO2eq) (AR5),kilotonnes,0,1.039,1.5585,2.5975,4.6755,4.6755,5.7145,7.158,8.3947,8.4458,9.2109,8.5767,9.0796,8.8399,8.6021,10.4634,11.8604,12.3799,9.6132,11.5019,11.9283
Sierra Leone,Food Household Consumption,Emissions (CH4),kilotonnes,0.0254,0.0324,0.035,0.0325,0.0268,0.0179,0.0216,0.0226,0.0254,0.0244,0.0267,0.0259,0.0316,0.0166,0.0261,0.0445,0.051,0.0507,0.0265,0.0405,0.0413
Sierra Leone,Food Household Consumption,Emissions (N2O),kilotonnes,0.0004,0.0009,0.0009,0.0009,0.0008,0.0006,0.0009,0.0008,0.0008,0.0007,0.0007,0.0007,0.0008,0.0007,0.0007,0.0008,0.0008,0.0008,0.0007,0.0007,0.0007
Sierra Leone,Food Household Consumption,Emissions (CO2),kilotonnes,42.5043,100.4013,97.3516,101.6887,93.2217,70.787,106.5581,99.9054,97.6538,85.1178,83.7836,82.8907,86.6749,80.1649,85.2968,88.036,91.4109,89.0761,79.8871,85.1505,85.8721
Sierra Leone,Food Household Consumption,Emissions (CO2eq) from CH4 (AR5),kilotonnes,0.7112,0.9072,0.98,0.91,0.7504,0.5012,0.6048,0.6328,0.7112,0.6832,0.7476,0.7252,0.8848,0.4648,0.7308,1.246,1.428,1.4196,0.742,1.134,1.1561
Sierra Leone,Food Household Consumption,Emissions (CO2eq) from N2O (AR5),kilotonnes,0.106,0.2385,0.2385,0.2385,0.212,0.159,0.2385,0.212,0.212,0.1855,0.1855,0.1855,0.212,0.1855,0.1855,0.212,0.212,0.212,0.1855,0.1855,0.188
Sierra Leone,Food Household Consumption,Emissions (CO2eq) (AR5),kilotonnes,43.3215,101.547,98.5701,102.8372,94.1841,71.4472,107.4014,100.7502,98.577,85.9865,84.7167,83.8014,87.7717,80.8152,86.2131,89.494,93.0509,90.7077,80.8146,86.47,87.2163
Sierra Leone,Food Transport,Emissions (CH4),kilotonnes,0.0037,0.0047,0.0047,0.0049,0.0051,0.0042,0.0056,0.0047,0.0044,0.0048,0.005,0.0069,0.0082,0.0106,0.0114,0.0095,0.0102,0.0101,0.0106,0.0085,0.0087
Sierra Leone,Food Transport,Emissions (N2O),kilotonnes,0.0004,0.0005,0.0005,0.0006,0.0006,0.0005,0.0006,0.0006,0.0005,0.0006,0.0007,0.0009,0.0011,0.0014,0.0017,0.0014,0.0014,0.0013,0.0014,0.0012,0.0012
Sierra Leone,Food Transport,Emissions (CO2),kilotonnes,17.639,22.538,23.4055,24.395,25.421,21.931,29.051,26.0445,24.938,26.593,28.0354,35.6339,42.9744,53.9846,58.2357,48.1071,51.1139,50.2249,52.7803,45.1705,45.5533
Sierra Leone,Food Transport,Emissions (CO2eq) from CH4 (AR5),kilotonnes,0.1036,0.1316,0.1316,0.1372,0.1428,0.1176,0.1568,0.1316,0.1232,0.1344,0.14,0.1932,0.2296,0.2968,0.3192,0.266,0.2856,0.2828,0.2968,0.238,0.2426
Sierra Leone,Food Transport,Emissions (CO2eq) from N2O (AR5),kilotonnes,0.106,0.1325,0.1325,0.159,0.159,0.1325,0.159,0.159,0.1325,0.159,0.1855,0.2385,0.2915,0.371,0.4505,0.371,0.371,0.3445,0.371,0.318,0.3223
Sierra Leone,Food Transport,Emissions (CO2eq) (AR5),kilotonnes,17.8486,22.8021,23.6696,24.6912,25.7228,22.1811,29.3668,26.3351,25.1937,26.8864,28.3609,36.0656,43.4955,54.6524,59.0054,48.7441,51.7705,50.8522,53.4481,45.7265,46.1182
Sierra Leone,Energy,Emissions (CH4),kilotonnes,30.9,31.4,31.8,32.3,32.9,34.2,34.8,35.5,36.3,37.2,37.9,38.8,40.2,40.5,40.8,41.8,42.9,45.4,46.2,46.1,47
Sierra Leone,Energy,Emissions (N2O),kilotonnes,0.29,0.293,0.296,0.297,0.301,0.302,0.308,0.312,0.313,0.319,0.322,0.329,0.341,0.346,0.346,0.347,0.353,0.363,0.365,0.37,0.375
Sierra Leone,Energy,Emissions (CO2),kilotonnes,389,418,532,568,554,462,616,517,535,535,576,744,862,1030,1140,906,931,927,1150,1180,1190
Sierra Leone,Energy,Emissions (CO2eq) from CH4 (AR5),kilotonnes,865.2,879.2,890.4,904.4,921.2,957.6,974.4,994,1016.4,1041.6,1061.2,1086.4,1125.6,1134,1142.4,1170.4,1201.2,1271.2,1293.6,1290.8,1316
Sierra Leone,Energy,Emissions (CO2eq) from N2O (AR5),kilotonnes,76.85,77.645,78.44,78.705,79.765,80.03,81.62,82.68,82.945,84.535,85.33,87.185,90.365,91.69,91.69,91.955,93.545,96.195,96.725,98.05,99.375
Sierra Leone,Energy,Emissions (CO2eq) (AR5),kilotonnes,1331.05,1374.845,1500.84,1551.105,1554.965,1499.63,1672.02,1593.68,1634.345,1661.135,1722.53,1917.585,2077.965,2255.69,2374.09,2168.355,2225.745,2294.395,2540.325,2568.85,2605.375
Sierra Leone,IPPU,Emissions (N2O),kilotonnes,0.0001,0.0001,0.0001,0.0001,0.0001,0.0001,0.0001,0.0001,0.0001,0.0001,0.0001,0.0001,0.0001,0.0001,0.0001,0.0001,0.0001,0.0001,0.0001,0.0001,0.0001
Sierra Leone,IPPU,Emissions (CO2),kilotonnes,21.9,23,24,24.4,26.2,26.9,28,29.1,29.7,30,30.3,30.9,31.3,32.3,32.5,31.6,31.7,31.8,31.9,33.5,33.9
Sierra Leone,IPPU,Emissions (CO2eq) from F-gases (AR5),kilotonnes,0.0695,0.3148,1.0009,1.9435,3.3428,5.2961,5.7139,6.7634,7.8129,8.6486,9.4843,9.426,10.2034,10.9808,11.6611,12.4385,13.2159,13.9933,14.6735,15.4509,16.2283
Sierra Leone,IPPU,Emissions (CO2eq) from N2O (AR5),kilotonnes,0.0133,0.0138,0.0144,0.0152,0.0158,0.0165,0.017,0.0175,0.018,0.0184,0.0188,0.0193,0.0197,0.0202,0.0206,0.0211,0.0216,0.022,0.0225,0.0229,0.0234
Sierra Leone,IPPU,Emissions (CO2eq) (AR5),kilotonnes,21.9828,23.3287,25.0153,26.3587,29.5587,32.2125,33.731,35.881,37.5309,38.667,39.8031,40.3453,41.5231,43.301,44.1817,44.0596,44.9374,45.8153,46.596,48.9738,50.1517
Sierra Leone,Waste,Emissions (CH4),kilotonnes,24.1,24.9,26.4,27.9,29.3,30.5,31.6,32.7,33.7,34.5,35.5,36.5,37.7,39.2,40.3,40.6,41.6,42.6,43.7,44.8,45.9
Sierra Leone,Waste,Emissions (N2O),kilotonnes,0.128,0.133,0.139,0.149,0.161,0.173,0.185,0.191,0.2,0.209,0.219,0.228,0.236,0.245,0.25,0.254,0.258,0.262,0.271,0.285,0.292
Sierra Leone,Waste,Emissions (CO2eq) from CH4 (AR5),kilotonnes,674.8,697.2,739.2,781.2,820.4,854,884.8,915.6,943.6,966,994,1022,1055.6,1097.6,1128.4,1136.8,1164.8,1192.8,1223.6,1254.4,1285.2
Sierra Leone,Waste,Emissions (CO2eq) from N2O (AR5),kilotonnes,33.92,35.245,36.835,39.485,42.665,45.845,49.025,50.615,53,55.385,58.035,60.42,62.54,64.925,66.25,67.31,68.37,69.43,71.815,75.525,77.38
Sierra Leone,Waste,Emissions (CO2eq) (AR5),kilotonnes,708.72,732.445,776.035,820.685,863.065,899.845,933.825,966.215,996.6,1021.385,1052.035,1082.42,1118.14,1162.525,1194.65,1204.11,1233.17,1262.23,1295.415,1329.925,1362.58
Sierra Leone,Other,Emissions (N2O),kilotonnes,0.177,0.183,0.186,0.188,0.191,0.191,0.201,0.202,0.203,0.208,0.213,0.223,0.233,0.243,0.247,0.241,0.249,0.256,0.261,0.267,0.272
Sierra Leone,Other,Emissions (CO2eq) from N2O (AR5),kilotonnes,46.905,48.495,49.29,49.82,50.615,50.615,53.265,53.53,53.795,55.12,56.445,59.095,61.745,64.395,65.455,63.865,65.985,67.84,69.165,70.755,72.08
Sierra Leone,Other,Emissions (CO2eq) (AR5),kilotonnes,46.905,48.495,49.29,49.82,50.615,50.615,53.265,53.53,53.795,55.12,56.445,59.095,61.745,64.395,65.455,63.865,65.985,67.84,69.165,70.755,72.08
Sierra Leone,Farm-gate emissions,Emissions (CH4),kilotonnes,33.0796,40.8909,49.7689,58.6342,68.2883,75.6726,94.3697,72.9229,69.3757,75.9541,76.7107,84.862,100.9118,97.3635,104.3453,96.2194,103.616,101.2466,124.0679,86.7922,87.2194
Sierra Leone,Farm-gate emissions,Direct emissions (N2O),kilotonnes,0.7375,0.6723,0.7417,0.7974,0.9149,1.0733,1.3186,1.1748,1.3424,1.5884,1.7316,1.8796,2.0154,2.1096,2.1602,1.9878,1.9699,2.0441,2.1982,2.099,2.1347
Sierra Leone,Farm-gate emissions,Indirect emissions (N2O),kilotonnes,0.2318,0.2132,0.2314,0.2468,0.2779,0.3175,0.3776,0.3521,0.3969,0.4668,0.5049,0.5448,0.5786,0.6004,0.6135,0.5783,0.5731,0.594,0.6292,0.6126,0.6188
Sierra Leone,Farm-gate emissions,Emissions (N2O),kilotonnes,1.3582,1.4433,1.584,2.2481,2.5162,2.509,3.5746,3.3499,2.6918,3.0432,2.7692,3.1279,3.8605,3.7388,3.969,4.0858,3.8915,3.8242,3.6742,3.4932,3.542
Sierra Leone,Farm-gate emissions,Emissions (CO2),kilotonnes,16.9328,14.6715,19.7985,23.8111,24.8152,22.1372,33.8668,27.3553,28.1286,29.8664,34.3032,42.7201,46.495,58.9047,69.3445,56.2018,58.3696,61.2757,56.9375,54.4561,54.4561
Sierra Leone,Farm-gate emissions,Emissions (CO2eq) from CH4 (AR5),kilotonnes,926.2282,1144.9443,1393.5284,1641.7579,1912.0711,2118.8327,2642.3527,2041.8414,1942.5208,2126.7157,2147.8988,2376.1356,2825.531,2726.1779,2921.6687,2694.1424,2901.2475,2834.9057,3473.9011,2430.1826,2442.1443
Sierra Leone,Farm-gate emissions,Emissions (CO2eq) from N2O (AR5),kilotonnes,359.9217,382.4799,419.7666,595.7544,666.795,664.8909,947.268,887.7272,713.3275,806.447,733.8298,828.9042,1023.0417,990.7882,1051.7785,1082.7314,1031.2477,1013.4088,973.6508,925.6865,938.6192
Sierra Leone,Farm-gate emissions,Emissions (CO2eq) (AR5),kilotonnes,1303.0827,1542.0957,1833.0935,2261.3234,2603.6813,2805.8608,3623.4875,2956.9239,2683.977,2963.029,2916.0318,3247.7598,3895.0677,3775.8708,4042.7918,3833.0756,3990.8649,3909.5903,4504.4894,3410.3252,3435.2196
Sierra Leone,Land Use change,Emissions (CH4),kilotonnes,4.8821,0.0186,0.0186,1.0559,1.314,0.7288,1.3991,0.8086,0.3245,0.5852,0.3006,0.2926,0.4389,0.3724,1.1224,5.0802,0.5905,0.8112,0.3458,0.4149,0.2155
Sierra Leone,Land Use change,Emissions (N2O),kilotonnes,0.1436,0.0017,0.0017,0.0964,0.12,0.0665,0.1277,0.0738,0.0296,0.0534,0.0274,0.0267,0.0401,0.034,0.1025,0.4638,0.0539,0.0741,0.0316,0.0379,0.0197
Sierra Leone,Land Use change,Emissions (CO2),kilotonnes,3365.2117,3459.5,3459.5,3459.5,3459.5,3459.5,3459.5,3459.5,3459.5,3459.5,3459.5,3459.5,3459.5,3459.5,3459.5,3459.5,3459.8392,3459.8392,3459.8392,3459.8392,3459.8392
Sierra Leone,Land Use change,Emissions (CO2eq) from CH4 (AR5),kilotonnes,136.6997,0.5214,0.5214,29.5663,36.7908,20.4067,39.1742,22.6411,9.086,16.3844,8.416,8.1926,12.2889,10.4272,31.4283,142.2448,16.5347,22.7144,9.6819,11.6184,6.0328
Sierra Leone,Land Use change,Emissions (CO2eq) from N2O (AR5),kilotonnes,38.0519,0.4505,0.4505,25.5491,31.792,17.634,33.8516,19.5648,7.8515,14.1583,7.2725,7.0795,10.6192,9.0105,27.1582,122.9181,14.2881,19.6282,8.3664,10.0398,5.2131
Sierra Leone,Land Use change,Emissions (CO2eq) (AR5),kilotonnes,3539.9632,3460.4719,3460.4719,3514.6155,3528.0828,3497.5407,3532.5258,3501.7059,3476.4375,3490.0427,3475.1885,3474.7721,3482.4081,3478.9377,3518.0865,3724.6629,3490.6619,3502.1818,3477.8875,3481.4974,3471.0851
Sierra Leone,Emissions on agricultural land,Emissions (CH4),kilotonnes,37.9617,40.9095,49.7875,59.6902,69.6022,76.4014,95.7688,73.7315,69.7002,76.5393,77.0112,85.1546,101.3507,97.7359,105.4678,101.2995,104.2065,102.0579,124.4137,87.2072,87.4349
Sierra Leone,Emissions on agricultural land,Emissions (N2O),kilotonnes,1.5018,1.445,1.5857,2.3445,2.6362,2.5756,3.7023,3.4237,2.7214,3.0966,2.7966,3.1547,3.9006,3.7728,4.0715,4.5496,3.9454,3.8983,3.7057,3.531,3.5616
Sierra Leone,Emissions on agricultural land,Emissions (CO2),kilotonnes,3382.1445,3474.1715,3479.2985,3483.3111,3484.3152,3481.6372,3493.3668,3486.8553,3487.6286,3489.3664,3493.8032,3502.2201,3505.995,3518.4047,3528.8445,3515.7018,3518.2088,3521.1149,3516.7767,3514.2952,3514.2952
Sierra Leone,Emissions on agricultural land,Emissions (CO2eq) from CH4 (AR5),kilotonnes,1062.9279,1145.4657,1394.0498,1671.3242,1948.8619,2139.2394,2681.5269,2064.4824,1951.6068,2143.1001,2156.3148,2384.3282,2837.8199,2736.6051,2953.097,2836.3872,2917.7822,2857.6201,3483.583,2441.801,2448.1771
Sierra Leone,Emissions on agricultural land,Emissions (CO2eq) from N2O (AR5),kilotonnes,397.9736,382.9304,420.2171,621.3035,698.5871,682.5249,981.1196,907.292,721.179,820.6052,741.1023,835.9837,1033.6609,999.7987,1078.9367,1205.6495,1045.5358,1033.037,982.0172,935.7263,943.8324
Sierra Leone,Emissions on agricultural land,Emissions (CO2eq) (AR5),kilotonnes,4843.0459,5002.5675,5293.5654,5775.9388,6131.7641,6303.4015,7156.0133,6458.6298,6160.4145,6453.0717,6391.2203,6722.5319,7377.4758,7254.8085,7560.8782,7557.7385,7481.5268,7411.7721,7982.3768,6891.8226,6906.3048
Sierra Leone,Pre- and post- production,Emissions (CH4),kilotonnes,19.5932,21.5187,21.6989,20.6235,20.9682,21.3026,21.6834,21.9281,22.2021,22.4547,22.6942,22.951,23.2612,23.593,23.8379,24.075,24.2743,24.4199,24.6224,24.8343,25.0454
Sierra Leone,Pre- and post- production,Emissions (N2O),kilotonnes,0.0697,0.0841,0.0904,0.0862,0.0938,0.1002,0.1064,0.1062,0.1157,0.1199,0.1235,0.1295,0.1336,0.136,0.1399,0.1407,0.1427,0.1458,0.1488,0.1514,0.1544
Sierra Leone,Pre- and post- production,Emissions (CO2),kilotonnes,61.7772,189.4616,199.0321,127.3807,119.6543,94.8761,146.4984,131.459,129.9529,132.0329,129.5032,141.0824,151.7859,174.3539,184.806,170.1971,177.9821,170.478,159.6204,158.4628,159.8057
Sierra Leone,Pre- and post- production,Emissions (CO2eq) from F-gases (AR5),kilotonnes,0,1.039,1.5585,2.5975,4.6755,4.6755,5.7145,6.7535,6.7535,6.7535,6.7535,6.7535,6.7535,6.7535,6.7535,6.7535,7.273,7.7925,7.7925,7.7925,8.1846
Sierra Leone,Pre- and post- production,Emissions (CO2eq) from CH4 (AR5),kilotonnes,548.6098,602.5226,607.57,577.4572,587.1104,596.4726,607.1351,613.9867,621.6601,628.7317,635.4363,642.6293,651.3128,660.6039,667.4603,674.1006,679.6792,683.7561,689.4269,695.3609,701.2708
Sierra Leone,Pre- and post- production,Emissions (CO2eq) from N2O (AR5),kilotonnes,18.4792,22.2793,23.9678,22.8343,24.8487,26.5478,28.1917,28.1451,30.6496,31.7628,32.7203,34.3064,35.416,36.0443,37.0662,37.2961,37.8103,38.6266,39.4354,40.1187,40.9208
Sierra Leone,Pre- and post- production,Emissions (CO2eq) (AR5),kilotonnes,628.8662,815.3025,832.1285,730.2697,736.2889,722.572,787.5397,780.3443,789.0161,799.2809,804.4133,824.7716,845.2682,877.7556,896.086,888.3473,902.7445,900.6532,896.2752,901.7349,910.1819
Sierra Leone,Agri-food systems,Emissions (CH4),kilotonnes,57.5549,62.4282,71.4864,80.3136,90.5704,97.704,117.4522,95.6596,91.9024,98.994,99.7054,108.1056,124.6119,121.3289,129.3056,125.3746,128.4808,126.4777,149.0361,112.0415,112.4803
Sierra Leone,Agri-food systems,Emissions (N2O),kilotonnes,1.5715,1.5291,1.6762,2.4307,2.7299,2.6757,3.8087,3.53,2.8371,3.2165,2.9201,3.2841,4.0343,3.9088,4.2113,4.6904,4.0881,4.044,3.8545,3.6824,3.716
Sierra Leone,Agri-food systems,Emissions (CO2),kilotonnes,3443.9217,3663.6331,3678.3306,3610.6918,3603.9695,3576.5133,3639.8652,3618.3143,3617.5815,3621.3993,3623.3064,3643.3025,3657.7809,3692.7586,3713.6505,3685.8989,3696.1909,3691.5929,3676.3971,3672.758,3674.101
Sierra Leone,Agri-food systems,Emissions (CO2eq) from F-gases (AR5),kilotonnes,0,1.039,1.5585,2.5975,4.6755,4.6755,5.7145,6.7535,6.7535,6.7535,6.7535,6.7535,6.7535,6.7535,6.7535,6.7535,7.273,7.7925,7.7925,7.7925,8.1846
Sierra Leone,Agri-food systems,Emissions (CO2eq) from CH4 (AR5),kilotonnes,1611.5377,1747.9883,2001.6198,2248.7814,2535.9724,2735.712,3288.662,2678.4691,2573.2669,2771.8317,2791.7511,3026.9575,3489.1327,3397.209,3620.5573,3510.4878,3597.4614,3541.3763,4173.0099,3137.1619,3149.4479
Sierra Leone,Agri-food systems,Emissions (CO2eq) from N2O (AR5),kilotonnes,416.4528,405.2097,444.185,644.1378,723.4357,709.0726,1009.3113,935.4372,751.8286,852.3681,773.8226,870.2901,1069.0769,1035.843,1116.0029,1242.9456,1083.3461,1071.6636,1021.4526,975.845,984.7532
Sierra Leone,Agri-food systems,Emissions (CO2eq) (AR5),kilotonnes,5471.9122,5817.8701,6125.6939,6506.2085,6868.053,7025.9735,7943.553,7238.9741,6949.4306,7252.3526,7195.6336,7547.3035,8222.744,8132.5641,8456.9643,8446.0858,8384.2714,8312.4253,8878.652,7793.5574,7816.4867
Sierra Leone,IPCC Agriculture,Emissions (CH4),kilotonnes,33.0782,40.8897,49.7673,58.6323,68.2863,75.6708,94.3671,72.9207,69.3735,75.9518,76.708,84.8586,100.9081,97.3588,104.3398,96.2149,103.6114,101.2418,124.0634,86.7879,87.2151
Sierra Leone,IPCC Agriculture,Emissions (CH4),kilotonnes,15645.6975,24338.2218,32580.3441,32582.1408,40127.4842,40238.3845,,,,,,,,,,,,,,,
Sierra Leone,IPCC Agriculture,Direct emissions (N2O),kilotonnes,0.7375,0.6723,0.7417,0.7974,0.9149,1.0733,1.3186,1.1748,1.3424,1.5884,1.7316,1.8796,2.0154,2.1096,2.1602,1.9878,1.9699,2.0441,2.1982,2.099,2.1347
Sierra Leone,IPCC Agriculture,Indirect emissions (N2O),kilotonnes,0.2318,0.2132,0.2314,0.2468,0.2779,0.3175,0.3776,0.3521,0.3969,0.4668,0.5049,0.5448,0.5786,0.6004,0.6135,0.5783,0.5731,0.594,0.6292,0.6126,0.6188
Sierra Leone,IPCC Agriculture,Emissions (N2O),kilotonnes,1.3582,1.4433,1.584,2.2481,2.5162,2.509,3.5745,3.3499,2.6918,3.0431,2.7691,3.1279,3.8605,3.7387,3.9689,4.0857,3.8914,3.8241,3.6741,3.4931,3.5419
Sierra Leone,IPCC Agriculture,Emissions (CO2eq) from CH4 (AR5),kilotonnes,926.1906,1144.9118,1393.4845,1641.7051,1912.0161,2118.7836,2642.2776,2041.7807,1942.4584,2126.6494,2147.8227,2376.0408,2825.4278,2726.0472,2921.5148,2694.0177,2901.118,2834.7698,3473.7748,2430.0618,2442.0235
Sierra Leone,IPCC Agriculture,Emissions (CO2eq) from CH4 (AR5),kilotonnes,438079.53,681470.2104,912249.6348,912299.9424,1123569.558,1126674.766,,,,,,,,,,,,,,,
Sierra Leone,IPCC Agriculture,Emissions (CO2eq) from N2O (AR5),kilotonnes,359.9146,382.4737,419.7583,595.7444,666.7846,664.8816,947.2538,887.7157,713.3157,806.4344,733.8154,828.8862,1023.0222,990.7635,1051.7494,1082.7078,1031.2232,1013.3831,973.6269,925.6636,938.5964
Sierra Leone,IPCC Agriculture,Emissions (CO2eq) (AR5),kilotonnes,1286.1052,1527.3855,1813.2428,2237.4495,2578.8007,2783.6652,3589.5314,2929.4964,2655.7741,2933.0838,2881.6381,3204.927,3848.45,3716.8107,3973.2642,3776.7254,3932.3412,3848.1529,4447.4016,3355.7254,3380.6199
Sierra Leone,IPCC Agriculture,Emissions (CO2eq) (AR5),kilotonnes,438079.53,681470.2104,912249.6348,912299.9424,1123569.558,1126674.766,,,,,,,,,,,,,,,
Sierra Leone,Agricultural Soils,Direct emissions (N2O),kilotonnes,0.7375,0.6723,0.7417,0.7974,0.9149,1.0733,1.3186,1.1748,1.3424,1.5884,1.7316,1.8796,2.0154,2.1096,2.1602,1.9878,1.9699,2.0441,2.1982,2.099,2.1347
Sierra Leone,Agricultural Soils,Indirect emissions (N2O),kilotonnes,0.2318,0.2132,0.2314,0.2468,0.2779,0.3175,0.3776,0.3521,0.3969,0.4668,0.5049,0.5448,0.5786,0.6004,0.6135,0.5783,0.5731,0.594,0.6292,0.6126,0.6188
Sierra Leone,Agricultural Soils,Emissions (N2O),kilotonnes,0.9693,0.8855,0.9731,1.0441,1.1928,1.3908,1.6963,1.5269,1.7393,2.0552,2.2366,2.4244,2.5941,2.7101,2.7738,2.5661,2.5429,2.6381,2.8274,2.7116,2.7535
Sierra Leone,Agricultural Soils,Emissions (CO2eq) from N2O (AR5),kilotonnes,256.8607,234.6575,257.8818,276.693,316.0986,368.5686,449.5165,404.6175,460.9075,544.6244,592.69,642.4536,687.4242,718.1721,735.0528,680.0151,673.8796,699.1023,749.2542,718.5761,729.681
Sierra Leone,Agricultural Soils,Emissions (CO2eq) (AR5),kilotonnes,256.8607,234.6575,257.8818,276.693,316.0986,368.5686,449.5165,404.6175,460.9075,544.6244,592.69,642.4536,687.4242,718.1721,735.0528,680.0151,673.8796,699.1023,749.2542,718.5761,729.681
Sierra Leone,LULUCF,Emissions (CH4),kilotonnes,5.0611,0.0186,0.0211,1.0559,1.3164,0.818,1.4586,0.8408,0.3295,0.5876,0.3006,0.3099,0.4562,0.3848,1.1224,5.1421,0.6103,0.8112,0.3532,0.4472,0.2179
Sierra Leone,LULUCF,Emissions (N2O),kilotonnes,0.1489,0.0017,0.0019,0.0964,0.1202,0.0747,0.1332,0.0768,0.0301,0.0537,0.0274,0.0283,0.0417,0.0351,0.1025,0.4695,0.0557,0.0741,0.0323,0.0408,0.0199
Sierra Leone,LULUCF,Emissions (CO2),kilotonnes,3345.3704,3345.3704,3345.3704,3345.3704,3345.3704,3345.3704,3345.3704,3345.3704,3345.3704,3345.3704,3345.3704,3345.2008,3345.2008,3345.2008,3345.2008,3345.2008,3345.8792,3345.8792,3345.8792,3345.8792,3345.8792
Sierra Leone,LULUCF,Emissions (CO2eq) from CH4 (AR5),kilotonnes,141.712,0.5214,0.5908,29.5663,36.8602,22.9045,40.8394,23.5431,9.2248,16.4538,8.416,8.6783,12.7746,10.7741,31.4283,143.9794,17.0897,22.7144,9.89,12.5204,6.1022
Sierra Leone,LULUCF,Emissions (CO2eq) from N2O (AR5),kilotonnes,39.4471,0.4505,0.5105,25.5491,31.852,19.7925,35.2906,20.3443,7.9714,14.2182,7.2725,7.4992,11.0389,9.3103,27.1582,124.417,14.7678,19.6282,8.5463,10.8193,5.2731
Sierra Leone,LULUCF,Emissions (CO2eq) (AR5),kilotonnes,3526.5296,3346.3423,3346.4717,3400.4859,3414.0826,3388.0675,3421.5005,3389.2578,3362.5666,3376.0425,3361.0589,3361.3784,3369.0143,3365.2852,3403.7873,3613.5973,3377.7367,3388.2218,3364.3155,3369.2188,3357.2545
Sierra Leone,AFOLU,Emissions (CH4),kilotonnes,38.1394,40.9083,49.7884,59.6883,69.6027,76.4889,95.8256,73.7616,69.703,76.5394,77.0085,85.1685,101.3644,97.7436,105.4623,101.357,104.2217,102.053,124.4166,87.2351,87.4331
Sierra Leone,AFOLU,Emissions (N2O),kilotonnes,1.507,1.445,1.5859,2.3445,2.6364,2.5837,3.7077,3.4266,2.7218,3.0968,2.7966,3.1562,3.9021,3.7739,4.0713,4.5552,3.9471,3.8982,3.7063,3.5339,3.5618
Sierra Leone,AFOLU,Emissions (CO2),kilotonnes,3345.3704,3345.3704,3345.3704,3345.3704,3345.3704,3345.3704,3345.3704,3345.3704,3345.3704,3345.3704,3345.3704,3345.2008,3345.2008,3345.2008,3345.2008,3345.2008,3345.8792,3345.8792,3345.8792,3345.8792,3345.8792
Sierra Leone,AFOLU,Emissions (CO2eq) from CH4 (AR5),kilotonnes,1067.9027,1145.4331,1394.0752,1671.2714,1948.8763,2141.6882,2683.117,2065.3237,1951.6832,2143.1032,2156.2387,2384.7191,2838.2024,2736.8214,2952.9431,2837.9971,2918.2078,2857.4842,3483.6648,2442.5822,2448.1257
Sierra Leone,AFOLU,Emissions (CO2eq) from N2O (AR5),kilotonnes,399.3617,382.9242,420.2688,621.2935,698.6366,684.6741,982.5444,908.06,721.2871,820.6526,741.0879,836.3854,1034.0611,1000.0737,1078.9076,1207.1248,1045.991,1033.0113,982.1732,936.4829,943.8695
Sierra Leone,AFOLU,Emissions (CO2eq) (AR5),kilotonnes,4812.6348,4873.7278,5159.7144,5637.9353,5992.8833,6171.7326,7011.0318,6318.7542,6018.3407,6309.1263,6242.697,6566.3054,7217.4643,7082.0959,7377.0515,7390.3227,7310.0779,7236.3747,7811.7171,6724.9443,6737.8743
Sierra Leone,All sectors with LULUCF,Emissions (CH4),kilotonnes,93.1394,97.2083,107.9884,119.8883,131.8027,141.1889,162.2256,141.9616,139.703,148.2394,150.4085,160.4685,179.2644,177.4436,186.5623,183.757,188.7217,190.053,214.3166,178.1351,180.3331
Sierra Leone,All sectors with LULUCF,Emissions (N2O),kilotonnes,2.1021,2.054,2.207,2.9786,3.2894,3.2497,4.4018,4.1317,3.4379,3.8329,3.5506,3.9362,4.7122,4.6079,4.9144,5.3973,4.8072,4.7792,4.6034,4.456,4.5009
Sierra Leone,All sectors with LULUCF,Emissions (CO2),kilotonnes,3756.2704,3786.3704,3901.3704,3937.7704,3925.5704,3834.2704,3989.3704,3891.4704,3910.0704,3910.3704,3951.6704,4120.1008,4238.5008,4407.5008,4517.7008,4282.8008,4308.5792,4304.6792,4527.7792,4559.3792,4569.7792
Sierra Leone,All sectors with LULUCF,Emissions (CO2eq) from F-gases (AR5),kilotonnes,0.0695,0.3148,1.0009,1.9435,3.3428,5.2961,5.7139,6.7634,7.8129,8.6486,9.4843,9.426,10.2034,10.9808,11.6611,12.4385,13.2159,13.9933,14.6735,15.4509,16.2283
Sierra Leone,All sectors with LULUCF,Emissions (CO2eq) from CH4 (AR5),kilotonnes,2607.9027,2721.8331,3023.6752,3356.8714,3690.4763,3953.2882,4542.317,3974.9237,3911.6832,4150.7032,4211.4387,4493.1191,5019.4024,4968.4214,5223.7431,5145.1971,5284.2078,5321.4842,6000.8648,4987.7822,5049.3257
Sierra Leone,All sectors with LULUCF,Emissions (CO2eq) from N2O (AR5),kilotonnes,557.05,544.323,584.8482,789.3187,871.6974,861.1805,1166.4714,1094.9026,911.0451,1015.711,940.9167,1043.1047,1248.7308,1221.1039,1302.3232,1430.2759,1273.9125,1266.4983,1219.9007,1180.8358,1192.7279
Sierra Leone,All sectors with LULUCF,Emissions (CO2eq) (AR5),kilotonnes,6921.2926,7052.8414,7510.8948,8085.904,8491.0869,8654.0352,9703.8728,8968.0601,8740.6116,9085.4333,9113.5101,9665.7506,10516.8375,10608.0069,11055.4282,10870.7123,10879.9154,10906.6549,11763.2181,10743.4481,10828.0611
Sierra Leone,All sectors without LULUCF,Emissions (CH4),kilotonnes,88.0782,97.1897,107.9673,118.8323,130.4863,140.3708,160.7671,141.1207,139.3735,147.6518,150.108,160.1586,178.8081,177.0588,185.4398,178.6149,188.1114,189.2418,213.9634,177.6879,180.1151
Sierra Leone,All sectors without LULUCF,Emissions (N2O),kilotonnes,1.9532,2.0523,2.205,2.8821,3.1692,3.175,4.2686,4.0549,3.4078,3.7792,3.5232,3.9079,4.6705,4.5728,4.8119,4.9278,4.7515,4.7052,4.5711,4.4152,4.481
Sierra Leone,All sectors without LULUCF,Emissions (CO2),kilotonnes,410.9,441,556,592.4,580.2,488.9,644,546.1,564.7,565,606.3,774.9,893.3,1062.3,1172.5,937.6,962.7,958.8,1181.9,1213.5,1223.9
Sierra Leone,All sectors without LULUCF,Emissions (CO2eq) from F-gases (AR5),kilotonnes,0.0695,0.3148,1.0009,1.9435,3.3428,5.2961,5.7139,6.7634,7.8129,8.6486,9.4843,9.426,10.2034,10.9808,11.6611,12.4385,13.2159,13.9933,14.6735,15.4509,16.2283
Sierra Leone,All sectors without LULUCF,Emissions (CO2eq) from CH4 (AR5),kilotonnes,2466.1906,2721.3118,3023.0845,3327.3051,3653.6161,3930.3836,4501.4776,3951.3807,3902.4584,4134.2494,4203.0227,4484.4408,5006.6278,4957.6472,5192.3148,5001.2177,5267.118,5298.7698,5990.9748,4975.2618,5043.2235
Sierra Leone,All sectors without LULUCF,Emissions (CO2eq) from N2O (AR5),kilotonnes,517.6029,543.8725,584.3377,763.7695,839.8454,841.388,1131.1808,1074.5583,903.0737,1001.4928,933.6442,1035.6055,1237.6919,1211.7937,1275.165,1305.8589,1259.1448,1246.8701,1211.3544,1170.0166,1187.4548
Sierra Leone,All sectors without LULUCF,Emissions (CO2eq) (AR5),kilotonnes,3394.763,3706.4991,4164.4231,4685.4181,5077.0043,5265.9677,6282.3723,5578.8024,5378.045,5709.3908,5752.4512,6304.3723,7147.8232,7242.7217,7651.6409,7257.115,7502.1787,7518.4331,8398.9026,7374.2293,7470.8066
Singapore,Burning - Crop residues,Emissions (CH4),kilotonnes,,,,,,,,,,,,,,,,,,,,,
Singapore,Burning - Crop residues,Emissions (N2O),kilotonnes,,,,,,,,,,,,,,,,,,,,,
Singapore,Burning - Crop residues,Emissions (CO2eq) from CH4 (AR5),kilotonnes,,,,,,,,,,,,,,,,,,,,,
Singapore,Burning - Crop residues,Emissions (CO2eq) from N2O (AR5),kilotonnes,,,,,,,,,,,,,,,,,,,,,
Singapore,Burning - Crop residues,Emissions (CO2eq) (AR5),kilotonnes,,,,,,,,,,,,,,,,,,,,,
Singapore,Enteric Fermentation,Emissions (CH4),kilotonnes,0.0121,0.0132,0.0122,0.0127,0.0127,0.0134,0.0131,0.0126,0.0128,0.0129,0.013,0.013,0.013,0.013,0.013,0.0121,0.0126,0.0125,0.0123,0.0121,0.0121
Singapore,Enteric Fermentation,Emissions (CO2eq) from CH4 (AR5),kilotonnes,0.3397,0.3688,0.3408,0.3543,0.3543,0.3753,0.3671,0.3537,0.3576,0.3618,0.3646,0.3635,0.3646,0.3646,0.3652,0.338,0.3524,0.3491,0.3443,0.3399,0.3396
Singapore,Enteric Fermentation,Emissions (CO2eq) (AR5),kilotonnes,0.3397,0.3688,0.3408,0.3543,0.3543,0.3753,0.3671,0.3537,0.3576,0.3618,0.3646,0.3635,0.3646,0.3646,0.3652,0.338,0.3524,0.3491,0.3443,0.3399,0.3396
Singapore,Manure Management,Emissions (CH4),kilotonnes,0.0406,0.0427,0.0527,0.0567,0.0547,0.0547,0.0547,0.0607,0.0607,0.0647,0.0667,0.0667,0.0707,0.0707,0.0708,0.0716,0.0728,0.0758,0.0765,0.0777,0.0789
Singapore,Manure Management,Emissions (N2O),kilotonnes,0.0046,0.0049,0.006,0.0065,0.0063,0.0061,0.0062,0.0067,0.0067,0.0071,0.0073,0.0071,0.0074,0.0074,0.0074,0.0075,0.0076,0.0081,0.0082,0.0083,0.0084
Singapore,Manure Management,Emissions (CO2eq) from CH4 (AR5),kilotonnes,1.1378,1.1967,1.4755,1.5872,1.5312,1.5322,1.5302,1.6984,1.7002,1.8124,1.8685,1.8668,1.9805,1.9805,1.9813,2.0035,2.0374,2.1219,2.142,2.1762,2.2101
Singapore,Manure Management,Emissions (CO2eq) from N2O (AR5),kilotonnes,1.2237,1.2853,1.6025,1.7297,1.6703,1.6219,1.6372,1.788,1.7642,1.8698,1.9228,1.8814,1.9637,1.9637,1.9636,1.9771,2.0241,2.1464,2.1705,2.2017,2.2343
Singapore,Manure Management,Emissions (CO2eq) (AR5),kilotonnes,2.3615,2.482,3.078,3.317,3.2015,3.1541,3.1674,3.4864,3.4644,3.6821,3.7913,3.7483,3.9442,3.9442,3.945,3.9806,4.0615,4.2684,4.3126,4.3779,4.4444
Singapore,Manure left on Pasture,Direct emissions (N2O),kilotonnes,0.0148,0.0156,0.0195,0.021,0.0203,0.0197,0.0199,0.0217,0.0215,0.0228,0.0234,0.0229,0.0239,0.0239,0.0239,0.0241,0.0247,0.0262,0.0265,0.0269,0.0273
Singapore,Manure left on Pasture,Indirect emissions (N2O),kilotonnes,0.0032,0.0033,0.0042,0.0045,0.0043,0.0042,0.0043,0.0046,0.0046,0.0049,0.005,0.0049,0.0051,0.0051,0.0051,0.0052,0.0053,0.0056,0.0057,0.0057,0.0058
Singapore,Manure left on Pasture,Emissions (N2O),kilotonnes,0.018,0.019,0.0236,0.0255,0.0246,0.024,0.0242,0.0264,0.0261,0.0276,0.0284,0.0278,0.029,0.029,0.029,0.0293,0.03,0.0318,0.0322,0.0326,0.0331
Singapore,Manure left on Pasture,Emissions (CO2eq) from N2O (AR5),kilotonnes,4.7649,5.0238,6.2572,6.7659,6.5318,6.3531,6.4088,6.9951,6.9034,7.3215,7.5319,7.3686,7.6932,7.6932,7.6931,7.7589,7.9377,8.4224,8.5208,8.6472,8.7766
Singapore,Manure left on Pasture,Emissions (CO2eq) (AR5),kilotonnes,4.7649,5.0238,6.2572,6.7659,6.5318,6.3531,6.4088,6.9951,6.9034,7.3215,7.5319,7.3686,7.6932,7.6932,7.6931,7.7589,7.9377,8.4224,8.5208,8.6472,8.7766
Singapore,Manure applied to Soils,Direct emissions (N2O),kilotonnes,0.0089,0.0094,0.0118,0.0127,0.0123,0.0119,0.012,0.0131,0.013,0.0138,0.0141,0.0138,0.0145,0.0145,0.0145,0.0146,0.0149,0.0158,0.016,0.0163,0.0165
Singapore,Manure applied to Soils,Indirect emissions (N2O),kilotonnes,0.0038,0.004,0.005,0.0054,0.0052,0.0051,0.0051,0.0056,0.0055,0.0058,0.006,0.0059,0.0061,0.0061,0.0061,0.0062,0.0063,0.0067,0.0068,0.0069,0.007
Singapore,Manure applied to Soils,Emissions (N2O),kilotonnes,0.0127,0.0134,0.0168,0.0181,0.0175,0.017,0.0171,0.0187,0.0185,0.0196,0.0202,0.0197,0.0206,0.0206,0.0206,0.0208,0.0213,0.0226,0.0228,0.0232,0.0235
Singapore,Manure applied to Soils,Emissions (CO2eq) from N2O (AR5),kilotonnes,3.3705,3.545,4.4395,4.798,4.6303,4.494,4.5363,4.9619,4.8954,5.1932,5.3427,5.2255,5.4582,5.4582,5.4583,5.5056,5.6332,5.9799,6.05,6.14,6.232
Singapore,Manure applied to Soils,Emissions (CO2eq) (AR5),kilotonnes,3.3705,3.545,4.4395,4.798,4.6303,4.494,4.5363,4.9619,4.8954,5.1932,5.3427,5.2255,5.4582,5.4582,5.4583,5.5056,5.6332,5.9799,6.05,6.14,6.232
Singapore,Drained organic soils,Emissions (CO2eq) (AR5),kilotonnes,0,0,0,0,0,0,0,0,0,0,0,0,0,0,0,0,0,0,0,0,0
Singapore,Drained organic soils (CO2),Emissions (CO2),kilotonnes,0,0,0,0,0,0,0,0,0,0,0,0,0,0,0,0,0,0,0,0,0
Singapore,Drained organic soils (CO2),Emissions (CO2eq) (AR5),kilotonnes,0,0,0,0,0,0,0,0,0,0,0,0,0,0,0,0,0,0,0,0,0
Singapore,Drained organic soils (N2O),Emissions (N2O),kilotonnes,0,0,0,0,0,0,0,0,0,0,0,0,0,0,0,0,0,0,0,0,0
Singapore,Drained organic soils (N2O),Emissions (CO2eq) from N2O (AR5),kilotonnes,0,0,0,0,0,0,0,0,0,0,0,0,0,0,0,0,0,0,0,0,0
Singapore,Drained organic soils (N2O),Emissions (CO2eq) (AR5),kilotonnes,0,0,0,0,0,0,0,0,0,0,0,0,0,0,0,0,0,0,0,0,0
Singapore,On-farm energy use,Emissions (CH4),kilotonnes,0.0719,0.0714,0.0742,0.091,0.0861,0.0888,0.1029,0.056,0.0579,0.0723,0.075,0.0744,0.0749,0.0843,0.0719,0.0708,0.0715,0.0654,0.0697,0.0692,0.0692
Singapore,On-farm energy use,Emissions (N2O),kilotonnes,0.1254,0.131,0.1883,0.3336,0.3174,0.3025,0.3613,0.1594,0.1679,0.1927,0.2048,0.2195,0.1991,0.1821,0.1674,0.1504,0.1534,0.1727,0.1672,0.1672,0.1672
Singapore,On-farm energy use,Emissions (CO2),kilotonnes,470.9751,487.5111,623.7912,1001.2253,962.2273,956.7614,1140.98,483.5173,503.5461,622.6091,671.7142,688.8483,655.2442,656.0677,612.3331,566.3435,571.0027,541.0371,532.4314,516.4511,516.4511
Singapore,On-farm energy use,Emissions (CO2eq) from CH4 (AR5),kilotonnes,2.0143,1.9984,2.0765,2.547,2.41,2.4853,2.8818,1.5677,1.6222,2.0235,2.099,2.0823,2.0984,2.3597,2.0127,1.9827,2.0025,1.831,1.9512,1.9389,1.9389
Singapore,On-farm energy use,Emissions (CO2eq) from N2O (AR5),kilotonnes,33.2286,34.7176,49.8871,88.4169,84.1125,80.1694,95.7321,42.2375,44.4892,51.0639,54.2607,58.1651,52.7524,48.2445,44.3571,39.8628,40.6383,45.7696,44.3101,44.3007,44.3007
Singapore,On-farm energy use,Emissions (CO2eq) (AR5),kilotonnes,506.218,524.2271,675.7548,1092.1892,1048.7498,1039.4161,1239.5939,527.3226,549.6575,675.6965,728.0739,749.0956,710.0949,706.6719,658.7029,608.1891,613.6435,588.6377,578.6927,562.6907,562.6907
Singapore,Forestland,Emissions (CO2),kilotonnes,-49.9055,-54.2433,-54.2433,-54.2433,-54.2433,-54.2433,-54.2433,-54.2433,-54.2433,-54.2433,-54.2433,-111.3686,-111.3686,-111.3686,-111.3686,-111.3686,-17.0128,-17.0128,-17.0128,-17.0128,-17.0128
Singapore,Forestland,Emissions (CO2),kilotonnes,,,,,,,,,,,,,,,,,-55.91,,,,
Singapore,Forestland,Emissions (CO2eq) (AR5),kilotonnes,-49.9055,-54.2433,-54.2433,-54.2433,-54.2433,-54.2433,-54.2433,-54.2433,-54.2433,-54.2433,-54.2433,-111.3686,-111.3686,-111.3686,-111.3686,-111.3686,-17.0128,-17.0128,-17.0128,-17.0128,-17.0128
Singapore,Forestland,Emissions (CO2eq) (AR5),kilotonnes,,,,,,,,,,,,,,,,,-55.91,,,,
Singapore,Net Forest conversion,Emissions (CO2),kilotonnes,0,0,0,0,0,0,0,0,0,0,0,61.3164,61.3164,61.3164,61.3164,61.3164,49.6497,49.6497,49.6497,49.6497,49.6497
Singapore,Net Forest conversion,Emissions (CO2),kilotonnes,,,,,,,,,,,,,,,,,90.08,,,,
Singapore,Net Forest conversion,Emissions (CO2eq) (AR5),kilotonnes,0,0,0,0,0,0,0,0,0,0,0,61.3164,61.3164,61.3164,61.3164,61.3164,49.6497,49.6497,49.6497,49.6497,49.6497
Singapore,Net Forest conversion,Emissions (CO2eq) (AR5),kilotonnes,,,,,,,,,,,,,,,,,90.08,,,,
Singapore,Savanna fires,Emissions (CH4),kilotonnes,0,0,0,0,0,0,0,0,0,0,0,0,0,0,0,0,0,0,0,0,0
Singapore,Savanna fires,Emissions (N2O),kilotonnes,0,0,0,0,0,0,0,0,0,0,0,0,0,0,0,0,0,0,0,0,0
Singapore,Savanna fires,Emissions (CO2eq) from CH4 (AR5),kilotonnes,0,0,0,0,0,0,0,0,0,0,0,0,0,0,0,0,0,0,0,0,0
Singapore,Savanna fires,Emissions (CO2eq) from N2O (AR5),kilotonnes,0,0,0,0,0,0,0,0,0,0,0,0,0,0,0,0,0,0,0,0,0
Singapore,Savanna fires,Emissions (CO2eq) (AR5),kilotonnes,0,0,0,0,0,0,0,0,0,0,0,0,0,0,0,0,0,0,0,0,0
Singapore,Fires in organic soils,Emissions (CH4),kilotonnes,0,0,0,0,0,0,0,0,0,0,0,0,0,0,0,0,0,0,0,0,0
Singapore,Fires in organic soils,Emissions (CO2),kilotonnes,0,0,0,0,0,0,0,0,0,0,0,0,0,0,0,0,0,0,0,0,0
Singapore,Fires in organic soils,Emissions (CO2eq) from CH4 (AR5),kilotonnes,0,0,0,0,0,0,0,0,0,0,0,0,0,0,0,0,0,0,0,0,0
Singapore,Fires in organic soils,Emissions (CO2eq) (AR5),kilotonnes,0,0,0,0,0,0,0,0,0,0,0,0,0,0,0,0,0,0,0,0,0
Singapore,Forest fires,Emissions (CH4),kilotonnes,0.0004,0,0,0,0,0,0,0,0,0,0,0,0,0,0,0,0,0,0,0,0
Singapore,Forest fires,Emissions (N2O),kilotonnes,0,0,0,0,0,0,0,0,0,0,0,0,0,0,0,0,0,0,0,0,0
Singapore,Forest fires,Emissions (CO2eq) from CH4 (AR5),kilotonnes,0.0114,0,0,0,0,0,0,0,0,0,0,0,0,0,0,0,0,0,0,0,0
Singapore,Forest fires,Emissions (CO2eq) from N2O (AR5),kilotonnes,0.0032,0,0,0,0,0,0,0,0,0,0,0,0,0,0,0,0,0,0,0,0
Singapore,Forest fires,Emissions (CO2eq) (AR5),kilotonnes,0.0146,0,0,0,0,0,0,0,0,0,0,0,0,0,0,0,0,0,0,0,0
Singapore,Fires in humid tropical forests,Emissions (CH4),kilotonnes,0.0004,0,0,0,0,0,0,0,0,0,0,0,0,0,0,0,0,0,0,0,0
Singapore,Fires in humid tropical forests,Emissions (N2O),kilotonnes,0,0,0,0,0,0,0,0,0,0,0,0,0,0,0,0,0,0,0,0,0
Singapore,Fires in humid tropical forests,Emissions (CO2eq) from CH4 (AR5),kilotonnes,0.0114,0,0,0,0,0,0,0,0,0,0,0,0,0,0,0,0,0,0,0,0
Singapore,Fires in humid tropical forests,Emissions (CO2eq) from N2O (AR5),kilotonnes,0.0032,0,0,0,0,0,0,0,0,0,0,0,0,0,0,0,0,0,0,0,0
Singapore,Fires in humid tropical forests,Emissions (CO2eq) (AR5),kilotonnes,0.0146,0,0,0,0,0,0,0,0,0,0,0,0,0,0,0,0,0,0,0,0
Singapore,Waste - agri-food systems,Emissions (CH4),kilotonnes,6.5383,6.6836,6.7355,6.6524,6.7239,6.8656,7.0405,7.3109,7.6458,7.8354,7.9647,8.1213,8.2958,8.4193,8.5142,8.5855,8.7083,8.7136,8.7559,8.8131,8.7618
Singapore,Waste - agri-food systems,Emissions (N2O),kilotonnes,0.0056,0.0058,0.006,0.0061,0.0062,0.0065,0.0066,0.007,0.0072,0.0074,0.0076,0.0079,0.0081,0.0083,0.0085,0.0086,0.009,0.0092,0.0094,0.0094,0.0093
Singapore,Waste - agri-food systems,Emissions (CO2),kilotonnes,85.5341,85.3054,85.4072,85.5889,86.1433,86.4994,87.0099,87.6753,87.9042,87.9136,88.628,89.1442,89.3295,89.4697,89.5488,89.4744,89.5913,89.8404,90.1581,90.1444,89.861
Singapore,Waste - agri-food systems,Emissions (CO2eq) from CH4 (AR5),kilotonnes,183.0712,187.1402,188.5944,186.2669,188.2703,192.2355,197.1345,204.7059,214.0816,219.3907,223.0123,227.3974,232.282,235.7417,238.3962,240.3951,243.8313,243.9799,245.1646,246.7677,245.3307
Singapore,Waste - agri-food systems,Emissions (CO2eq) from N2O (AR5),kilotonnes,1.4913,1.5329,1.5796,1.6239,1.6481,1.7186,1.7551,1.8491,1.9051,1.954,2.0226,2.0928,2.1484,2.2095,2.255,2.2733,2.3842,2.4284,2.4917,2.4798,2.4679
Singapore,Waste - agri-food systems,Emissions (CO2eq) (AR5),kilotonnes,270.0966,273.9785,275.5812,273.4798,276.0617,280.4535,285.8995,294.2303,303.8909,309.2583,313.6628,318.6344,323.76,327.421,330.2,332.1429,335.8068,336.2487,337.8144,339.3919,337.6596
Singapore,On-farm electricity use,Emissions (CH4),kilotonnes,0.0432,0.0456,0.048,0.0468,0.048,0.0516,0.018,0.0192,0.0156,0.0156,0.0169,0.0172,0.0178,0.018,0.0186,0.0191,0.0196,0.0199,0.0203,0.0206,0.0206
Singapore,On-farm electricity use,Emissions (N2O),kilotonnes,0.0002,0.0002,0.0003,0.0002,0.0003,0.0003,0.0001,0.0001,0.0001,0.0001,0.0001,0.0001,0.0001,0.0001,0.0001,0.0001,0.0001,0.0001,0.0001,0.0001,0.0001
Singapore,On-farm electricity use,Emissions (CO2),kilotonnes,27.5111,27.6886,26.7221,23.1004,22.3333,22.1672,7.5579,7.9085,6.2076,6.1647,6.9201,7.1111,6.9906,7.109,7.339,7.5147,7.6907,7.8411,7.9789,8.1068,8.1068
Singapore,On-farm electricity use,Emissions (CO2eq) from CH4 (AR5),kilotonnes,1.2096,1.2768,1.344,1.3104,1.344,1.4448,0.504,0.5376,0.4368,0.4368,0.4732,0.4816,0.4984,0.504,0.5208,0.5348,0.5488,0.5572,0.5684,0.5768,0.5768
Singapore,On-farm electricity use,Emissions (CO2eq) from N2O (AR5),kilotonnes,0.053,0.053,0.0795,0.053,0.0795,0.0795,0.0265,0.0265,0.0265,0.0265,0.0265,0.0265,0.0265,0.0265,0.0265,0.0265,0.0265,0.0265,0.0265,0.0265,0.0265
Singapore,On-farm electricity use,Emissions (CO2eq) (AR5),kilotonnes,28.7737,29.0184,28.1456,24.4638,23.7568,23.6915,8.0884,8.4726,6.6709,6.628,7.4198,7.6192,7.5155,7.6395,7.8863,8.076,8.266,8.4248,8.5738,8.7101,8.7101
Singapore,Food Processing,Emissions (CH4),kilotonnes,0.0004,0.0004,0.0004,0.0004,0.0007,0.0006,0.0005,0.1494,0.1525,0.1176,0.0862,0.1473,0.118,0.1123,0.1201,0.1318,0.1452,0.1632,0.1752,0.1474,0.1467
Singapore,Food Processing,Emissions (N2O),kilotonnes,0.0004,0.0004,0.0004,0.0003,0.0005,0.0004,0.0004,0.0027,0.003,0.0031,0.0023,0.0025,0.002,0.002,0.002,0.002,0.0023,0.0022,0.0021,0.0022,0.0022
Singapore,Food Processing,Emissions (CO2),kilotonnes,402.081,364.8612,303.2672,296.8478,440.6131,296.8282,301.955,1184.2027,1408.954,2136.089,924.1834,694.0425,1161.7183,1331.8848,1313.3244,1341.8261,911.6597,842.8788,760.0075,707.2175,688.155
Singapore,Food Processing,Emissions (CO2eq) from CH4 (AR5),kilotonnes,0.0112,0.0112,0.0112,0.0112,0.0196,0.0168,0.014,4.1832,4.27,3.2928,2.4136,4.1244,3.304,3.1444,3.3628,3.6904,4.0656,4.5696,4.9056,4.1272,4.1064
Singapore,Food Processing,Emissions (CO2eq) from N2O (AR5),kilotonnes,0.106,0.106,0.106,0.0795,0.1325,0.106,0.106,0.7155,0.795,0.8215,0.6095,0.6625,0.53,0.53,0.53,0.53,0.6095,0.583,0.5565,0.583,0.5926
Singapore,Food Processing,Emissions (CO2eq) (AR5),kilotonnes,402.1982,364.9784,303.3844,296.9385,440.7652,296.951,302.075,1189.1014,1414.019,2140.2033,927.2065,698.8294,1165.5523,1335.5592,1317.2172,1346.0465,916.3348,848.0314,765.4696,711.9277,692.854
Singapore,Food Packaging,Emissions (CH4),kilotonnes,0.046,0.045,0.0471,0.0519,0.0539,0.0544,0.0541,0.0565,0.0548,0.0703,0.0832,0.0799,0.1376,0.0802,0.1247,0.137,0.1408,0.1466,0.1469,0.1325,0.1318
Singapore,Food Packaging,Emissions (N2O),kilotonnes,0.0003,0.0002,0.0003,0.0003,0.0004,0.0004,0.0003,0.0005,0.0006,0.0012,0.0013,0.0012,0.0017,0.0015,0.0018,0.0019,0.002,0.0016,0.0017,0.0018,0.0018
Singapore,Food Packaging,Emissions (CO2),kilotonnes,66.5168,64.8107,63.2203,63.2502,62.0271,57.6677,58.7583,181.8498,187.0261,270.0747,300.2071,303.8121,343.1004,338.7337,352.5963,347.0567,390.2028,395.8928,418.7411,381.5951,371.3095
Singapore,Food Packaging,Emissions (CO2eq) from CH4 (AR5),kilotonnes,1.288,1.26,1.3188,1.4532,1.5092,1.5232,1.5148,1.582,1.5344,1.9684,2.3296,2.2372,3.8528,2.2456,3.4916,3.836,3.9424,4.1048,4.1132,3.71,3.6913
Singapore,Food Packaging,Emissions (CO2eq) from N2O (AR5),kilotonnes,0.0795,0.053,0.0795,0.0795,0.106,0.106,0.0795,0.1325,0.159,0.318,0.3445,0.318,0.4505,0.3975,0.477,0.5035,0.53,0.424,0.4505,0.477,0.4849
Singapore,Food Packaging,Emissions (CO2eq) (AR5),kilotonnes,67.8843,66.1237,64.6186,64.7829,63.6423,59.2969,60.3526,183.5643,188.7195,272.3611,302.8812,306.3673,347.4037,341.3768,356.5649,351.3962,394.6752,400.4216,423.3048,385.7821,375.4857
Singapore,Food Retail,Emissions (CH4),kilotonnes,0.0266,0.0274,0.0216,0.0216,0.0144,0.0163,0.0167,1.9617,2.0425,2.1321,2.2285,2.287,2.3576,2.4084,2.4555,2.5181,2.5495,2.5646,2.6738,2.8024,2.7882
Singapore,Food Retail,Emissions (N2O),kilotonnes,0.0001,0.0001,0.0001,0.0001,0.0001,0.0001,0.0001,0.0103,0.0132,0.0137,0.0133,0.0137,0.0141,0.0144,0.0147,0.0151,0.0153,0.0153,0.016,0.0168,0.0171
Singapore,Food Retail,Emissions (CO2),kilotonnes,16.9652,16.6132,12.0249,10.6617,6.7,6.9904,7.0137,847.6563,853.5157,892.4594,960.4351,991.8621,978.7488,1001.0181,1015.9688,1041.7641,1054.1551,1058.4093,1102.307,1166.9098,1135.4567
Singapore,Food Retail,Emissions (CO2eq) from F-gases (AR5),kilotonnes,660.804,792.757,908.6055,1054.0655,1191.2135,1339.7905,1470.7045,1602.138,1623.4375,1634.347,1640.581,1644.2175,1647.3345,1649.4125,1649.4125,1649.4125,1775.1315,1807.86,1840.5885,1873.317,1936.876
Singapore,Food Retail,Emissions (CO2eq) from CH4 (AR5),kilotonnes,0.7448,0.7672,0.6048,0.6048,0.4032,0.4564,0.4676,54.9276,57.19,59.6988,62.398,64.036,66.0128,67.4352,68.754,70.5068,71.386,71.8088,74.8664,78.4672,78.0709
Singapore,Food Retail,Emissions (CO2eq) from N2O (AR5),kilotonnes,0.0265,0.0265,0.0265,0.0265,0.0265,0.0265,0.0265,2.7295,3.498,3.6305,3.5245,3.6305,3.7365,3.816,3.8955,4.0015,4.0545,4.0545,4.24,4.452,4.5255
Singapore,Food Retail,Emissions (CO2eq) (AR5),kilotonnes,678.5405,810.1639,921.2617,1065.3585,1198.3432,1347.2638,1478.2123,2507.4514,2537.6412,2590.1357,2666.9386,2703.7461,2695.8326,2721.6818,2738.0308,2765.6849,2904.7271,2942.1326,3022.0019,3123.146,3154.9291
Singapore,Food Household Consumption,Emissions (CH4),kilotonnes,1.582,1.6536,1.7567,1.8003,1.805,1.8668,1.8705,1.8887,1.6906,1.7809,1.8376,1.7952,1.8359,1.8706,1.9173,1.9993,2.1011,2.0201,1.9995,1.9995,1.9894
Singapore,Food Household Consumption,Emissions (N2O),kilotonnes,0.0073,0.0073,0.011,0.0077,0.0113,0.0109,0.0104,0.0099,0.0109,0.0115,0.011,0.0107,0.011,0.0112,0.0115,0.012,0.0126,0.0121,0.012,0.012,0.0122
Singapore,Food Household Consumption,Emissions (CO2),kilotonnes,1007.4875,1004.071,1011.4523,919.0087,866.2833,824.5423,805.9895,825.0814,717.2105,751.2854,796.6425,785.6521,770.5059,784.4962,802.2775,835.0926,875.0064,843.7972,835.3957,835.1593,812.6483
Singapore,Food Household Consumption,Emissions (CO2eq) from CH4 (AR5),kilotonnes,44.296,46.3008,49.1876,50.4084,50.54,52.2704,52.374,52.8836,47.3368,49.8652,51.4528,50.2656,51.4052,52.3768,53.6844,55.9804,58.8308,56.5628,55.986,55.986,55.7032
Singapore,Food Household Consumption,Emissions (CO2eq) from N2O (AR5),kilotonnes,1.9345,1.9345,2.915,2.0405,2.9945,2.8885,2.756,2.6235,2.8885,3.0475,2.915,2.8355,2.915,2.968,3.0475,3.18,3.339,3.2065,3.18,3.18,3.2325
Singapore,Food Household Consumption,Emissions (CO2eq) (AR5),kilotonnes,1053.718,1052.3063,1063.5549,971.4576,919.8178,879.7012,861.1195,880.5885,767.4358,804.1981,851.0103,838.7532,824.8261,839.841,859.0094,894.253,937.1762,903.5665,894.5617,894.3253,871.584
Singapore,Food Transport,Emissions (CH4),kilotonnes,0.0772,0.0771,0.0754,0.0746,0.0752,0.0775,0.0777,0.0706,0.0728,0.0734,0.0696,0.0728,0.0688,0.0653,0.0651,0.0665,0.0643,0.0617,0.0613,0.0621,0.0618
Singapore,Food Transport,Emissions (N2O),kilotonnes,0.0152,0.0156,0.0155,0.0154,0.0156,0.0159,0.0161,0.0172,0.0176,0.0183,0.0174,0.0179,0.0174,0.0166,0.0167,0.0175,0.0171,0.0168,0.0167,0.019,0.0193
Singapore,Food Transport,Emissions (CO2),kilotonnes,574.2,585.2,581.9,584.1,595.1,614.9,639.1,661.1,673.2,709.19,719.68,768.82,752.18,707.39,732.23,785.26,769.25,754.41,747.67,788.2783,767.0309
Singapore,Food Transport,Emissions (CO2eq) from CH4 (AR5),kilotonnes,2.1616,2.1588,2.1112,2.0888,2.1056,2.17,2.1756,1.9768,2.0384,2.0552,1.9488,2.0384,1.9264,1.8284,1.8228,1.862,1.8004,1.7276,1.7164,1.7388,1.73
Singapore,Food Transport,Emissions (CO2eq) from N2O (AR5),kilotonnes,4.028,4.134,4.1075,4.081,4.134,4.2135,4.2665,4.558,4.664,4.8495,4.611,4.7435,4.611,4.399,4.4255,4.6375,4.5315,4.452,4.4255,5.035,5.1181
Singapore,Food Transport,Emissions (CO2eq) (AR5),kilotonnes,580.3896,591.4928,588.1187,590.2698,601.3396,621.2835,645.5421,667.6348,679.9024,716.0947,726.2398,775.6019,758.7174,713.6174,738.4783,791.7595,775.5819,760.5896,753.8119,795.0521,773.879
Singapore,Energy,Emissions (CH4),kilotonnes,16,16,16,17.6,19.9,20.7,20.3,20.4,20.5,17.5,19.2,20.1,20.1,19.1,18.5,19.1,19.6,20.9,21,19.8,19.7
Singapore,Energy,Emissions (N2O),kilotonnes,0.346,0.373,0.362,0.333,0.334,0.321,0.32,0.333,0.341,0.35,0.378,0.388,0.376,0.385,0.388,0.398,0.407,0.407,0.407,0.424,0.431
Singapore,Energy,Emissions (CO2),kilotonnes,48400,49200,47100,49500,46900,36500,43100,47600,57600,90200,56700,30300,48200,54400,55200,62200,40300,39100,38500,37100,36100
Singapore,Energy,Emissions (CO2eq) from CH4 (AR5),kilotonnes,448,448,448,492.8,557.2,579.6,568.4,571.2,574,490,537.6,562.8,562.8,534.8,518,534.8,548.8,585.2,588,554.4,551.6
Singapore,Energy,Emissions (CO2eq) from N2O (AR5),kilotonnes,91.69,98.845,95.93,88.245,88.51,85.065,84.8,88.245,90.365,92.75,100.17,102.82,99.64,102.025,102.82,105.47,107.855,107.855,107.855,112.36,114.215
Singapore,Energy,Emissions (CO2eq) (AR5),kilotonnes,48939.69,49746.845,47643.93,50081.045,47545.71,37164.665,43753.2,48259.445,58264.365,90782.75,57337.77,30965.62,48862.44,55036.825,55820.82,62840.27,40956.655,39793.055,39195.855,37766.76,36765.815
Singapore,IPPU,Emissions (CH4),kilotonnes,0.516,0.625,0.663,0.72,0.841,0.831,0.839,0.883,0.763,0.835,1.95,1.93,1.87,2.51,2.52,2.64,1.82,2.43,2.44,2.85,3
Singapore,IPPU,Emissions (N2O),kilotonnes,27.4,29.9,2.31,3.31,3.2,2.75,2.87,2.86,1.9,1.24,3.24,2.79,0,0,0,0,0,0,0,0,0
Singapore,IPPU,Emissions (CO2),kilotonnes,2800,3530,3800,4200,4920,4840,4820,5210,4640,5070,6600,6700,6570,8830,9590,9860,8110,9670,9230,10300,10700
Singapore,IPPU,Emissions (CO2eq) from F-gases (AR5),kilotonnes,1720.0056,2273.9057,2497.4093,2730.6304,2759.783,2905.5462,3294.248,3556.6218,3818.9955,3585.7744,3809.278,3721.8201,3644.0797,4343.743,4528.3764,4713.0097,4897.6431,5072.5589,5257.1923,5441.8257,5626.459
Singapore,IPPU,Emissions (CO2eq) from CH4 (AR5),kilotonnes,14.448,17.5,18.564,20.16,23.548,23.268,23.492,24.724,21.364,23.38,54.6,54.04,52.36,70.28,70.56,73.92,50.96,68.04,68.32,79.8,84
Singapore,IPPU,Emissions (CO2eq) from N2O (AR5),kilotonnes,7261,7923.5,612.15,877.15,848,728.75,760.55,757.9,503.5,328.6,858.6,739.35,0.0112,0.0114,0.0116,0.0117,0.0119,0.0121,0.0123,0.0126,0.0128
Singapore,IPPU,Emissions (CO2eq) (AR5),kilotonnes,11795.4536,13744.9057,6928.1233,7827.9404,8551.331,8497.5642,8898.29,9549.2458,8983.8595,9007.7544,11322.478,11215.2101,10266.4509,13244.0344,14188.9479,14646.9415,13058.615,14810.611,14555.5246,15821.6383,16410.4719
Singapore,Waste,Emissions (CH4),kilotonnes,69.4,80.5,89.5,98.3,107,111,114,118,115,117,133,135,136,160,168,175,166,182,182,190,196
Singapore,Waste,Emissions (N2O),kilotonnes,0.126,0.129,0.133,0.138,0.144,0.15,0.157,0.163,0.17,0.177,0.184,0.192,0.198,0.203,0.209,0.215,0.223,0.229,0.234,0.242,0.248
Singapore,Waste,Emissions (CO2),kilotonnes,26.8,27.5,28.2,29.1,29.9,30.7,31.5,32.4,33.2,33.9,34.7,35.4,36,36.7,37.3,37.8,38.4,39,39.6,40.6,41.3
Singapore,Waste,Emissions (CO2eq) from CH4 (AR5),kilotonnes,1943.2,2254,2506,2752.4,2996,3108,3192,3304,3220,3276,3724,3780,3808,4480,4704,4900,4648,5096,5096,5320,5488
Singapore,Waste,Emissions (CO2eq) from N2O (AR5),kilotonnes,33.39,34.185,35.245,36.57,38.16,39.75,41.605,43.195,45.05,46.905,48.76,50.88,52.47,53.795,55.385,56.975,59.095,60.685,62.01,64.13,65.72
Singapore,Waste,Emissions (CO2eq) (AR5),kilotonnes,2003.39,2315.685,2569.445,2818.07,3064.06,3178.45,3265.105,3379.595,3298.25,3356.805,3807.46,3866.28,3896.47,4570.495,4796.685,4994.775,4745.495,5195.685,5197.61,5424.73,5595.02
Singapore,Other,Emissions (N2O),kilotonnes,0.866,0.841,0.779,0.675,0.666,0.609,0.585,0.593,0.574,0.652,0.703,0.736,0.682,0.643,0.644,0.667,0.668,0.687,0.687,0.696,0.701
Singapore,Other,Emissions (CO2eq) from N2O (AR5),kilotonnes,229.49,222.865,206.435,178.875,176.49,161.385,155.025,157.145,152.11,172.78,186.295,195.04,180.73,170.395,170.66,176.755,177.02,182.055,182.055,184.44,185.765
Singapore,Other,Emissions (CO2eq) (AR5),kilotonnes,229.49,222.865,206.435,178.875,176.49,161.385,155.025,157.145,152.11,172.78,186.295,195.04,180.73,170.395,170.66,176.755,177.02,182.055,182.055,184.44,185.765
Singapore,Farm-gate emissions,Emissions (CH4),kilotonnes,0.1247,0.1273,0.139,0.1603,0.1534,0.1569,0.1707,0.1293,0.1314,0.1499,0.1547,0.154,0.1587,0.168,0.1557,0.1544,0.1569,0.1536,0.1585,0.1591,0.1603
Singapore,Farm-gate emissions,Direct emissions (N2O),kilotonnes,0.0237,0.025,0.0312,0.0337,0.0326,0.0316,0.0319,0.0349,0.0344,0.0365,0.0376,0.0367,0.0384,0.0384,0.0384,0.0387,0.0396,0.042,0.0425,0.0431,0.0438
Singapore,Farm-gate emissions,Indirect emissions (N2O),kilotonnes,0.007,0.0073,0.0092,0.0099,0.0096,0.0093,0.0094,0.0102,0.0101,0.0107,0.011,0.0108,0.0113,0.0113,0.0113,0.0114,0.0116,0.0123,0.0125,0.0127,0.0128
Singapore,Farm-gate emissions,Emissions (N2O),kilotonnes,0.1607,0.1682,0.2347,0.3838,0.3658,0.3496,0.4087,0.2113,0.2191,0.247,0.2606,0.2741,0.2561,0.2391,0.2244,0.2079,0.2122,0.2352,0.2304,0.2313,0.2322
Singapore,Farm-gate emissions,Emissions (CO2),kilotonnes,470.9751,487.5111,623.7912,1001.2253,962.2273,956.7614,1140.98,483.5173,503.5461,622.6091,671.7142,688.8483,655.2442,656.0677,612.3331,566.3435,571.0027,541.0371,532.4314,516.4511,516.4511
Singapore,Farm-gate emissions,Emissions (CO2eq) from CH4 (AR5),kilotonnes,3.4917,3.564,3.8928,4.4885,4.2955,4.3928,4.7791,3.6198,3.6801,4.1977,4.3321,4.3126,4.4435,4.7049,4.3593,4.3243,4.3923,4.3021,4.4376,4.4549,4.4886
Singapore,Farm-gate emissions,Emissions (CO2eq) from N2O (AR5),kilotonnes,42.5877,44.5717,62.1863,101.7105,96.9449,92.6385,108.3145,55.9825,58.0521,65.4485,69.0581,72.6405,67.8675,63.3597,59.4722,55.1044,56.2333,62.3183,61.0514,61.2896,61.5436
Singapore,Farm-gate emissions,Emissions (CO2eq) (AR5),kilotonnes,517.0546,535.6467,689.8703,1107.4243,1063.4677,1053.7926,1254.0735,543.1196,565.2783,692.2552,745.1044,765.8014,727.5552,724.1323,676.1646,625.7722,631.6283,607.6574,597.9204,582.1956,582.4833
Singapore,Land Use change,Emissions (CH4),kilotonnes,0.0004,0,0,0,0,0,0,0,0,0,0,0,0,0,0,0,0,0,0,0,0
Singapore,Land Use change,Emissions (N2O),kilotonnes,0,0,0,0,0,0,0,0,0,0,0,0,0,0,0,0,0,0,0,0,0
Singapore,Land Use change,Emissions (CO2),kilotonnes,0,0,0,0,0,0,0,0,0,0,0,61.3164,61.3164,61.3164,61.3164,61.3164,49.6497,49.6497,49.6497,49.6497,49.6497
Singapore,Land Use change,Emissions (CO2eq) from CH4 (AR5),kilotonnes,0.0114,0,0,0,0,0,0,0,0,0,0,0,0,0,0,0,0,0,0,0,0
Singapore,Land Use change,Emissions (CO2eq) from N2O (AR5),kilotonnes,0.0032,0,0,0,0,0,0,0,0,0,0,0,0,0,0,0,0,0,0,0,0
Singapore,Land Use change,Emissions (CO2eq) (AR5),kilotonnes,0.0146,0,0,0,0,0,0,0,0,0,0,61.3164,61.3164,61.3164,61.3164,61.3164,49.6497,49.6497,49.6497,49.6497,49.6497
Singapore,Emissions on agricultural land,Emissions (CH4),kilotonnes,0.1251,0.1273,0.139,0.1603,0.1534,0.1569,0.1707,0.1293,0.1314,0.1499,0.1547,0.154,0.1587,0.168,0.1557,0.1544,0.1569,0.1536,0.1585,0.1591,0.1603
Singapore,Emissions on agricultural land,Emissions (N2O),kilotonnes,0.1607,0.1682,0.2347,0.3838,0.3658,0.3496,0.4087,0.2113,0.2191,0.247,0.2606,0.2741,0.2561,0.2391,0.2244,0.2079,0.2122,0.2352,0.2304,0.2313,0.2322
Singapore,Emissions on agricultural land,Emissions (CO2),kilotonnes,470.9751,487.5111,623.7912,1001.2253,962.2273,956.7614,1140.98,483.5173,503.5461,622.6091,671.7142,750.1647,716.5605,717.384,673.6495,627.6599,620.6524,590.6868,582.0811,566.1008,566.1008
Singapore,Emissions on agricultural land,Emissions (CO2eq) from CH4 (AR5),kilotonnes,3.5032,3.564,3.8928,4.4885,4.2955,4.3928,4.7791,3.6198,3.6801,4.1977,4.3321,4.3126,4.4435,4.7049,4.3593,4.3243,4.3923,4.3021,4.4376,4.4549,4.4886
Singapore,Emissions on agricultural land,Emissions (CO2eq) from N2O (AR5),kilotonnes,42.5909,44.5717,62.1863,101.7105,96.9449,92.6385,108.3145,55.9825,58.0521,65.4485,69.0581,72.6405,67.8675,63.3597,59.4722,55.1044,56.2333,62.3183,61.0514,61.2896,61.5436
Singapore,Emissions on agricultural land,Emissions (CO2eq) (AR5),kilotonnes,517.0692,535.6467,689.8703,1107.4243,1063.4677,1053.7926,1254.0735,543.1196,565.2783,692.2552,745.1044,827.1177,788.8716,785.4486,737.4809,687.0886,681.2781,657.3071,647.5701,631.8454,632.133
Singapore,Pre- and post- production,Emissions (CH4),kilotonnes,8.3137,8.5327,8.6847,8.648,8.7211,8.9328,9.078,11.457,11.6746,12.0253,12.2867,12.5207,12.8315,12.9741,13.2155,13.4573,13.7288,13.6897,13.8329,13.9776,13.9003
Singapore,Pre- and post- production,Emissions (N2O),kilotonnes,0.0291,0.0296,0.0336,0.0301,0.0344,0.0345,0.034,0.0477,0.0526,0.0553,0.053,0.054,0.0544,0.0541,0.0553,0.0572,0.0584,0.0573,0.058,0.0613,0.0621
Singapore,Pre- and post- production,Emissions (CO2),kilotonnes,2180.2957,2148.5501,2083.994,1982.5577,2079.2001,1909.5952,1907.3843,3795.474,3934.0181,4853.1768,3796.6962,3640.4441,4102.5735,4260.1015,4313.2848,4447.9886,4097.556,3993.0696,3962.2583,3977.4112,3872.5682
Singapore,Pre- and post- production,Emissions (CO2eq) from F-gases (AR5),kilotonnes,660.804,792.757,908.6055,1054.0655,1191.2135,1339.7905,1470.7045,1602.138,1623.4375,1634.347,1640.581,1644.2175,1647.3345,1649.4125,1649.4125,1649.4125,1775.1315,1807.86,1840.5885,1873.317,1936.876
Singapore,Pre- and post- production,Emissions (CO2eq) from CH4 (AR5),kilotonnes,232.7824,238.915,243.172,242.1437,244.1919,250.1171,254.1845,320.7967,326.888,336.7079,344.0283,350.5806,359.2816,363.2761,370.0326,376.8055,384.4053,383.3107,387.3206,391.3737,389.2093
Singapore,Pre- and post- production,Emissions (CO2eq) from N2O (AR5),kilotonnes,7.7188,7.8399,8.8936,7.9839,9.1211,9.1386,9.0161,12.6346,13.9361,14.6475,14.0536,14.3093,14.4179,14.3465,14.657,15.1523,15.4752,15.1749,15.3707,16.2333,16.448
Singapore,Pre- and post- production,Emissions (CO2eq) (AR5),kilotonnes,3081.6009,3188.062,3244.6651,3286.7509,3523.7266,3508.6414,3641.2894,5731.0433,5898.2797,6838.8792,5795.359,5649.5515,6123.6076,6287.1367,6347.3869,6489.359,6272.568,6199.4152,6205.5381,6258.3352,6215.1015
Singapore,Agri-food systems,Emissions (CH4),kilotonnes,8.4388,8.66,8.8237,8.8083,8.8745,9.0896,9.2487,11.5863,11.806,12.1752,12.4414,12.6748,12.9902,13.1422,13.3711,13.6118,13.8856,13.8433,13.9914,14.1367,14.0606
Singapore,Agri-food systems,Emissions (N2O),kilotonnes,0.1898,0.1978,0.2682,0.4139,0.4002,0.3841,0.4428,0.2589,0.2717,0.3022,0.3136,0.3281,0.3105,0.2932,0.2797,0.2651,0.2706,0.2924,0.2884,0.2925,0.2943
Singapore,Agri-food systems,Emissions (CO2),kilotonnes,2651.2708,2636.0612,2707.7852,2983.783,3041.4274,2866.3566,3048.3643,4278.9913,4437.5642,5475.7859,4468.4103,4390.6087,4819.1341,4977.4856,4986.9343,5075.6485,4718.2084,4583.7563,4544.3394,4543.512,4438.669
Singapore,Agri-food systems,Emissions (CO2eq) from F-gases (AR5),kilotonnes,660.804,792.757,908.6055,1054.0655,1191.2135,1339.7905,1470.7045,1602.138,1623.4375,1634.347,1640.581,1644.2175,1647.3345,1649.4125,1649.4125,1649.4125,1775.1315,1807.86,1840.5885,1873.317,1936.876
Singapore,Agri-food systems,Emissions (CO2eq) from CH4 (AR5),kilotonnes,236.2856,242.4789,247.0648,246.6322,248.4874,254.5098,258.9636,324.4165,330.5681,340.9056,348.3604,354.8932,363.7251,367.981,374.3919,381.1298,388.7976,387.6128,391.7582,395.8287,393.6979
Singapore,Agri-food systems,Emissions (CO2eq) from N2O (AR5),kilotonnes,50.3097,52.4116,71.0799,109.6945,106.066,101.7771,117.3306,68.6171,71.9882,80.096,83.1116,86.9499,82.2855,77.7062,74.1292,70.2567,71.7085,77.4932,76.4221,77.523,77.9916
Singapore,Agri-food systems,Emissions (CO2eq) (AR5),kilotonnes,3598.67,3723.7088,3934.5354,4394.1752,4587.1942,4562.434,4895.3629,6274.1629,6463.5581,7531.1344,6540.4634,6476.6693,6912.4791,7072.5853,7084.8679,7176.4475,6953.846,6856.7223,6853.1082,6890.1806,6847.2345
Singapore,IPCC Agriculture,Emissions (CH4),kilotonnes,0.0528,0.0559,0.0649,0.0693,0.0673,0.0681,0.0678,0.0733,0.0735,0.0777,0.0798,0.0797,0.0838,0.0838,0.0838,0.0836,0.0854,0.0883,0.0888,0.0899,0.0911
Singapore,IPCC Agriculture,Direct emissions (N2O),kilotonnes,0.0237,0.025,0.0312,0.0337,0.0326,0.0316,0.0319,0.0349,0.0344,0.0365,0.0376,0.0367,0.0384,0.0384,0.0384,0.0387,0.0396,0.042,0.0425,0.0431,0.0438
Singapore,IPCC Agriculture,Indirect emissions (N2O),kilotonnes,0.007,0.0073,0.0092,0.0099,0.0096,0.0093,0.0094,0.0102,0.0101,0.0107,0.011,0.0108,0.0113,0.0113,0.0113,0.0114,0.0116,0.0123,0.0125,0.0127,0.0128
Singapore,IPCC Agriculture,Emissions (N2O),kilotonnes,0.0353,0.0372,0.0464,0.0502,0.0484,0.0471,0.0475,0.0519,0.0512,0.0543,0.0558,0.0546,0.057,0.057,0.057,0.0575,0.0588,0.0624,0.0632,0.0641,0.0651
Singapore,IPCC Agriculture,Emissions (N2O),kilotonnes,,,,,,,,,,,,,,,,,0.02,,,,
Singapore,IPCC Agriculture,Emissions (CO2eq) from CH4 (AR5),kilotonnes,1.4775,1.5655,1.8163,1.9415,1.8855,1.9074,1.8973,2.0521,2.0578,2.1742,2.2331,2.2303,2.3451,2.3451,2.3466,2.3416,2.3898,2.4711,2.4864,2.516,2.5497
Singapore,IPCC Agriculture,Emissions (CO2eq) from N2O (AR5),kilotonnes,9.3591,9.8541,12.2992,13.2936,12.8324,12.469,12.5824,13.745,13.563,14.3845,14.7973,14.4755,15.1152,15.1152,15.1151,15.2416,15.595,16.5487,16.7413,16.989,17.2429
Singapore,IPCC Agriculture,Emissions (CO2eq) from N2O (AR5),kilotonnes,,,,,,,,,,,,,,,,,5.3,,,,
Singapore,IPCC Agriculture,Emissions (CO2eq) (AR5),kilotonnes,10.8366,11.4196,14.1155,15.2351,14.7179,14.3765,14.4797,15.7971,15.6208,16.5587,17.0305,16.7058,17.4603,17.4603,17.4617,17.5831,17.9849,19.0197,19.2277,19.505,19.7927
Singapore,IPCC Agriculture,Emissions (CO2eq) (AR5),kilotonnes,,,,,,,,,,,,,,,,,5.3,,,,
Singapore,Agricultural Soils,Direct emissions (N2O),kilotonnes,0.0237,0.025,0.0312,0.0337,0.0326,0.0316,0.0319,0.0349,0.0344,0.0365,0.0376,0.0367,0.0384,0.0384,0.0384,0.0387,0.0396,0.042,0.0425,0.0431,0.0438
Singapore,Agricultural Soils,Indirect emissions (N2O),kilotonnes,0.007,0.0073,0.0092,0.0099,0.0096,0.0093,0.0094,0.0102,0.0101,0.0107,0.011,0.0108,0.0113,0.0113,0.0113,0.0114,0.0116,0.0123,0.0125,0.0127,0.0128
Singapore,Agricultural Soils,Emissions (N2O),kilotonnes,0.0307,0.0323,0.0404,0.0436,0.0421,0.0409,0.0413,0.0451,0.0445,0.0472,0.0486,0.0475,0.0496,0.0496,0.0496,0.0501,0.0512,0.0543,0.055,0.0558,0.0566
Singapore,Agricultural Soils,Emissions (CO2eq) from N2O (AR5),kilotonnes,8.1354,8.5688,10.6967,11.5639,11.1621,10.8471,10.9452,11.957,11.7988,12.5148,12.8746,12.594,13.1514,13.1514,13.1515,13.2645,13.5709,14.4022,14.5708,14.7872,15.0086
Singapore,Agricultural Soils,Emissions (CO2eq) (AR5),kilotonnes,8.1354,8.5688,10.6967,11.5639,11.1621,10.8471,10.9452,11.957,11.7988,12.5148,12.8746,12.594,13.1514,13.1514,13.1515,13.2645,13.5709,14.4022,14.5708,14.7872,15.0086
Singapore,LULUCF,Emissions (CH4),kilotonnes,0.0004,0,0,0,0,0,0,0,0,0,0,0,0,0,0,0,0,0,0,0,0
Singapore,LULUCF,Emissions (N2O),kilotonnes,0,0,0,0,0,0,0,0,0,0,0,0,0,0,0,0,0,0,0,0,0
Singapore,LULUCF,Emissions (N2O),kilotonnes,,,,,,,,,,,,,0.0001,,,,,,,,
Singapore,LULUCF,Emissions (CO2),kilotonnes,-49.9055,-54.2433,-54.2433,-54.2433,-54.2433,-54.2433,-54.2433,-54.2433,-54.2433,-54.2433,-54.2433,-50.0523,-50.0523,-50.0523,-50.0523,-50.0523,32.6369,32.6369,32.6369,32.6369,32.6369
Singapore,LULUCF,Emissions (CO2),kilotonnes,,,,,,,,,,,,,-239.23,,,,,,,,
Singapore,LULUCF,Emissions (CO2eq) from CH4 (AR5),kilotonnes,0.0114,0,0,0,0,0,0,0,0,0,0,0,0,0,0,0,0,0,0,0,0
Singapore,LULUCF,Emissions (CO2eq) from N2O (AR5),kilotonnes,0.0032,0,0,0,0,0,0,0,0,0,0,0,0,0,0,0,0,0,0,0,0
Singapore,LULUCF,Emissions (CO2eq) (AR5),kilotonnes,-49.8908,-54.2433,-54.2433,-54.2433,-54.2433,-54.2433,-54.2433,-54.2433,-54.2433,-54.2433,-54.2433,-50.0523,-50.0523,-50.0523,-50.0523,-50.0523,32.6369,32.6369,32.6369,32.6369,32.6369
Singapore,LULUCF,Emissions (CO2eq) (AR5),kilotonnes,,,,,,,,,,,,,-239.23,,,,,,,,
Singapore,AFOLU,Emissions (CH4),kilotonnes,0.0532,0.0559,0.0649,0.0693,0.0673,0.0681,0.0678,0.0733,0.0735,0.0777,0.0798,0.0797,0.0838,0.0838,0.0838,0.0836,0.0854,0.0883,0.0888,0.0899,0.0911
Singapore,AFOLU,Emissions (N2O),kilotonnes,0.0353,0.0372,0.0464,0.0502,0.0484,0.0471,0.0475,0.0519,0.0512,0.0543,0.0558,0.0546,0.057,0.057,0.057,0.0575,0.0588,0.0624,0.0632,0.0641,0.0651
Singapore,AFOLU,Emissions (CO2),kilotonnes,-49.9055,-54.2433,-54.2433,-54.2433,-54.2433,-54.2433,-54.2433,-54.2433,-54.2433,-54.2433,-54.2433,-50.0523,-50.0523,-50.0523,-50.0523,-50.0523,32.6369,32.6369,32.6369,32.6369,32.6369
Singapore,AFOLU,Emissions (CO2eq) from CH4 (AR5),kilotonnes,1.4889,1.5655,1.8163,1.9415,1.8855,1.9074,1.8973,2.0521,2.0578,2.1742,2.2331,2.2303,2.3451,2.3451,2.3466,2.3416,2.3898,2.4711,2.4864,2.516,2.5497
Singapore,AFOLU,Emissions (CO2eq) from N2O (AR5),kilotonnes,9.3623,9.8541,12.2992,13.2936,12.8324,12.469,12.5824,13.745,13.563,14.3845,14.7973,14.4755,15.1152,15.1152,15.1151,15.2416,15.595,16.5487,16.7413,16.989,17.2429
Singapore,AFOLU,Emissions (CO2eq) (AR5),kilotonnes,-39.0542,-42.8236,-40.1278,-39.0082,-39.5254,-39.8668,-39.7636,-38.4462,-38.6225,-37.6845,-37.2128,-33.3465,-32.5919,-32.5919,-32.5906,-32.4691,50.6217,51.6566,51.8646,52.1419,52.4296
Singapore,All sectors with LULUCF,Emissions (CH4),kilotonnes,85.9692,97.1809,106.2279,116.6893,127.8083,132.5991,135.2068,139.3563,136.3365,135.4127,154.2298,157.1097,158.0538,181.6938,189.1038,196.8236,187.5054,205.4183,205.5288,212.7399,218.7911
Singapore,All sectors with LULUCF,Emissions (N2O),kilotonnes,28.7733,31.2802,3.6304,4.5062,4.3924,3.8771,3.9795,4.0009,3.0362,2.4733,4.5608,4.1606,1.3131,1.2881,1.2981,1.3376,1.3569,1.3855,1.3912,1.4262,1.4451
Singapore,All sectors with LULUCF,Emissions (CO2),kilotonnes,51176.8945,52703.2567,50873.9567,53674.8567,51795.6567,41316.4567,47897.2567,52788.1567,62218.9567,95249.6567,63280.4567,36985.3477,54755.9477,63216.6477,64777.2477,72047.7477,48481.0369,48841.6369,47802.2369,47473.2369,46873.9369
Singapore,All sectors with LULUCF,Emissions (CO2eq) from F-gases (AR5),kilotonnes,1720.0056,2273.9057,2497.4093,2730.6304,2759.783,2905.5462,3294.248,3556.6218,3818.9955,3585.7744,3809.278,3721.8201,3644.0797,4343.743,4528.3764,4713.0097,4897.6431,5072.5589,5257.1923,5441.8257,5626.459
Singapore,All sectors with LULUCF,Emissions (CO2eq) from CH4 (AR5),kilotonnes,2407.1369,2721.0655,2974.3803,3267.3015,3578.6335,3712.7754,3785.7893,3901.9761,3817.4218,3791.5542,4318.4331,4399.0703,4425.5051,5087.4251,5294.9066,5511.0616,5250.1498,5751.7111,5754.8064,5956.716,6126.1497
Singapore,All sectors with LULUCF,Emissions (CO2eq) from N2O (AR5),kilotonnes,7624.9323,8289.2491,962.0592,1194.1336,1163.9924,1027.419,1054.5624,1060.23,804.588,655.4195,1208.6223,1102.5655,347.9664,341.3415,343.9917,354.4533,359.577,367.1558,368.6736,377.9315,382.9558
Singapore,All sectors with LULUCF,Emissions (CO2eq) (AR5),kilotonnes,62928.9694,65987.4771,57307.8055,60866.9222,59298.0656,48962.1974,56031.8564,61306.9846,70659.962,103282.4049,72616.7901,46208.8036,63173.4989,72989.1574,74944.5223,82626.2723,58988.4068,60033.0627,59182.9092,59249.7101,59009.5014
Singapore,All sectors without LULUCF,Emissions (CH4),kilotonnes,85.9688,97.1809,106.2279,116.6893,127.8083,132.5991,135.2068,139.3563,136.3365,135.4127,154.2298,157.1097,158.0538,181.6938,189.1038,196.8236,187.5054,205.4183,205.5288,212.7399,218.7911
Singapore,All sectors without LULUCF,Emissions (N2O),kilotonnes,28.7733,31.2802,3.6304,4.5062,4.3924,3.8771,3.9795,4.0009,3.0362,2.4733,4.5608,4.1606,1.3131,1.2881,1.2981,1.3376,1.3569,1.3855,1.3912,1.4262,1.4451
Singapore,All sectors without LULUCF,Emissions (CO2),kilotonnes,51226.8,52757.5,50928.2,53729.1,51849.9,41370.7,47951.5,52842.4,62273.2,95303.9,63334.7,37035.4,54806,63266.7,64827.3,72097.8,48448.4,48809,47769.6,47440.6,46841.3
Singapore,All sectors without LULUCF,Emissions (CO2eq) from F-gases (AR5),kilotonnes,1720.0056,2273.9057,2497.4093,2730.6304,2759.783,2905.5462,3294.248,3556.6218,3818.9955,3585.7744,3809.278,3721.8201,3644.0797,4343.743,4528.3764,4713.0097,4897.6431,5072.5589,5257.1923,5441.8257,5626.459
Singapore,All sectors without LULUCF,Emissions (CO2eq) from CH4 (AR5),kilotonnes,2407.1255,2721.0655,2974.3803,3267.3015,3578.6335,3712.7754,3785.7893,3901.9761,3817.4218,3791.5542,4318.4331,4399.0703,4425.5051,5087.4251,5294.9066,5511.0616,5250.1498,5751.7111,5754.8064,5956.716,6126.1497
Singapore,All sectors without LULUCF,Emissions (CO2eq) from N2O (AR5),kilotonnes,7624.9291,8289.2491,962.0592,1194.1336,1163.9924,1027.419,1054.5624,1060.23,804.588,655.4195,1208.6223,1102.5655,347.9664,341.3415,343.9917,354.4533,359.577,367.1558,368.6736,377.9315,382.9558
Singapore,All sectors without LULUCF,Emissions (CO2eq) (AR5),kilotonnes,62978.8602,66041.7204,57362.0488,60921.1655,59352.3089,49016.4407,56086.0997,61361.2278,70714.2053,103336.6482,72671.0334,46258.8558,63223.5512,73039.2097,74994.5746,82676.3246,58955.7699,60000.4258,59150.2723,59217.0732,58976.8645
Slovakia,Crop Residues,Direct emissions (N2O),kilotonnes,0.4359,0.5999,0.5874,0.4688,0.6792,0.6315,0.5289,0.5185,0.7148,0.5891,0.4531,0.6339,0.5315,0.6004,0.7962,0.6881,0.8321,0.6268,0.6998,0.7202,0.7934
Slovakia,Crop Residues,Direct emissions (N2O),kilotonnes,0.6289,0.876,0.8509,0.6824,0.9512,0.8929,0.7914,0.7552,1.0015,0.8596,0.7002,0.9078,0.7669,0.8785,1.1245,0.9651,1.1734,0.9449,1.0255,1.0497,1.1196
Slovakia,Crop Residues,Indirect emissions (N2O),kilotonnes,0.0981,0.135,0.1322,0.1055,0.1528,0.1421,0.119,0.1167,0.1608,0.1325,0.1019,0.1426,0.1196,0.1351,0.1792,0.1548,0.1872,0.141,0.1575,0.1621,0.1785
Slovakia,Crop Residues,Emissions (N2O),kilotonnes,0.534,0.7349,0.7196,0.5742,0.8321,0.7736,0.648,0.6352,0.8756,0.7216,0.555,0.7765,0.6511,0.7355,0.9754,0.8429,1.0193,0.7678,0.8573,0.8823,0.9719
Slovakia,Crop Residues,Emissions (N2O),kilotonnes,0.6289,0.876,0.8509,0.6824,0.9512,0.8929,0.7914,0.7552,1.0015,0.8596,0.7002,0.9078,0.7669,0.8785,1.1245,0.9651,1.1734,0.9449,1.0255,1.0497,1.1196
Slovakia,Crop Residues,Emissions (CO2eq) from N2O (AR5),kilotonnes,141.5101,194.7506,190.6826,152.1722,220.4944,205.0118,171.7101,168.3326,232.0372,191.2333,147.082,205.764,172.5331,194.9022,258.4818,223.3738,270.1265,203.4721,227.1857,233.8029,257.5508
Slovakia,Crop Residues,Emissions (CO2eq) from N2O (AR5),kilotonnes,166.6462,232.1281,225.4767,180.8371,252.0617,236.6171,209.7279,200.136,265.408,227.7901,185.5636,240.5731,203.2374,232.7944,298.0021,255.7607,310.9491,250.392,271.7557,278.1702,296.707
Slovakia,Crop Residues,Emissions (CO2eq) (AR5),kilotonnes,141.5101,194.7506,190.6826,152.1722,220.4944,205.0118,171.7101,168.3326,232.0372,191.2333,147.082,205.764,172.5331,194.9022,258.4818,223.3738,270.1265,203.4721,227.1857,233.8029,257.5508
Slovakia,Crop Residues,Emissions (CO2eq) (AR5),kilotonnes,166.6462,232.1281,225.4767,180.8371,252.0617,236.6171,209.7279,200.136,265.408,227.7901,185.5636,240.5731,203.2374,232.7944,298.0021,255.7607,310.9491,250.392,271.7557,278.1702,296.707
Slovakia,Burning - Crop residues,Emissions (CH4),kilotonnes,0.8291,0.8159,0.8174,0.7257,0.7963,0.8191,0.7847,0.8141,0.82,0.799,0.8193,0.9374,0.9925,0.9953,0.9933,0.925,0.9489,0.9107,0.919,0.9719,0.935
Slovakia,Burning - Crop residues,Emissions (N2O),kilotonnes,0.0215,0.0212,0.0212,0.0188,0.0206,0.0212,0.0203,0.0211,0.0213,0.0207,0.0212,0.0243,0.0257,0.0258,0.0258,0.024,0.0246,0.0236,0.0238,0.0252,0.0242
Slovakia,Burning - Crop residues,Emissions (CO2eq) from CH4 (AR5),kilotonnes,23.2151,22.8449,22.8873,20.3187,22.2977,22.9348,21.973,22.7961,22.9599,22.371,22.9394,26.2465,27.7902,27.8674,27.8132,25.9004,26.569,25.4983,25.7326,27.2136,26.1812
Slovakia,Burning - Crop residues,Emissions (CO2eq) from N2O (AR5),kilotonnes,5.6963,5.6055,5.6159,4.9856,5.4712,5.6275,5.3915,5.5935,5.6337,5.4892,5.6286,6.4401,6.8189,6.8378,6.8245,6.3552,6.5193,6.2565,6.314,6.6774,6.4241
Slovakia,Burning - Crop residues,Emissions (CO2eq) (AR5),kilotonnes,28.9115,28.4503,28.5032,25.3044,27.7689,28.5624,27.3645,28.3895,28.5936,27.8602,28.568,32.6866,34.6091,34.7052,34.6377,32.2556,33.0883,31.7548,32.0466,33.891,32.6053
Slovakia,Enteric Fermentation,Emissions (CH4),kilotonnes,54.3526,52.8638,50.8567,49.8981,48.3086,44.2358,43.3334,41.6941,41.0329,39.807,38.4718,38.1117,37.5102,38.0128,37.5346,37.2586,36.5571,35.4338,34.7584,33.9819,34.1198
Slovakia,Enteric Fermentation,Emissions (CH4),kilotonnes,53.18,51.7083,51.5116,47.0828,46.3084,46.2687,44.8849,44.5588,43.6104,41.9371,41.6986,41.33,42.599,42.0705,41.1413,41.1563,40.3032,39.9211,39.7649,38.7657,38.6537
Slovakia,Enteric Fermentation,Emissions (CO2eq) from CH4 (AR5),kilotonnes,1521.8723,1480.1872,1423.9886,1397.1469,1352.6399,1238.6011,1213.3344,1167.4342,1148.9206,1114.5953,1077.2094,1067.1264,1050.2858,1064.3577,1050.9697,1043.2419,1023.5974,992.1471,973.2359,951.4933,955.3538
Slovakia,Enteric Fermentation,Emissions (CO2eq) from CH4 (AR5),kilotonnes,1489.0414,1447.8335,1442.3257,1318.319,1296.6346,1295.524,1256.7783,1247.6456,1221.09,1174.2401,1167.5606,1157.2397,1192.7711,1177.9753,1151.9553,1152.3769,1128.49,1117.792,1113.4166,1085.4389,1082.3041
Slovakia,Enteric Fermentation,Emissions (CO2eq) (AR5),kilotonnes,1521.8723,1480.1872,1423.9886,1397.1469,1352.6399,1238.6011,1213.3344,1167.4342,1148.9206,1114.5953,1077.2094,1067.1264,1050.2858,1064.3577,1050.9697,1043.2419,1023.5974,992.1471,973.2359,951.4933,955.3538
Slovakia,Enteric Fermentation,Emissions (CO2eq) (AR5),kilotonnes,1489.0414,1447.8335,1442.3257,1318.319,1296.6346,1295.524,1256.7783,1247.6456,1221.09,1174.2401,1167.5606,1157.2397,1192.7711,1177.9753,1151.9553,1152.3769,1128.49,1117.792,1113.4166,1085.4389,1082.3041
Slovakia,Manure Management,Emissions (CH4),kilotonnes,12.3688,12.0504,12.6235,12.0889,11.5479,10.0829,9.856,9.6742,9.1634,8.3151,8.4188,8.2028,7.7629,7.99,7.7446,7.7532,7.7978,7.5573,7.65,7.266,6.3238
Slovakia,Manure Management,Emissions (CH4),kilotonnes,7.461,7.5658,7.5087,7.1303,6.1859,6.0178,5.9249,5.5113,4.8006,4.6415,4.6043,4.1536,4.3462,4.1991,4.3269,4.2827,3.9417,4.0969,4.2212,3.9559,3.475
Slovakia,Manure Management,Emissions (N2O),kilotonnes,0.6276,0.6117,0.6111,0.6001,0.575,0.508,0.4974,0.4816,0.4585,0.4202,0.4166,0.4057,0.3847,0.3958,0.3902,0.3929,0.3884,0.3732,0.3769,0.3656,0.3517
Slovakia,Manure Management,Emissions (N2O),kilotonnes,0.8486,0.8676,0.8455,0.8115,0.7319,0.7252,0.7093,0.6783,0.6269,0.6148,0.6014,0.5729,0.5901,0.5733,0.5845,0.5743,0.5477,0.5466,0.5629,0.5467,0.503
Slovakia,Manure Management,Emissions (CO2eq) from CH4 (AR5),kilotonnes,346.327,337.4101,353.4591,338.4883,323.3406,282.3202,275.9677,270.878,256.5744,232.8236,235.7259,229.6793,217.3622,223.7208,216.8497,217.0907,218.3372,211.6048,214.1995,203.4467,177.0672
Slovakia,Manure Management,Emissions (CO2eq) from CH4 (AR5),kilotonnes,208.9076,211.8431,210.244,199.6475,173.2058,168.4972,165.8965,154.3163,134.4159,129.9612,128.9198,116.3001,121.6941,117.5754,121.1527,119.9166,110.3687,114.7133,118.1923,110.7652,97.3011
Slovakia,Manure Management,Emissions (CO2eq) from N2O (AR5),kilotonnes,166.3112,162.1126,161.939,159.0354,152.3699,134.6093,131.8093,127.6128,121.503,111.3418,110.4094,107.5106,101.9332,104.8835,103.4047,104.1183,102.934,98.9103,99.8807,96.894,93.2073
Slovakia,Manure Management,Emissions (CO2eq) from N2O (AR5),kilotonnes,224.8737,229.9029,224.067,215.0388,193.9581,192.1725,187.9667,179.7605,166.1276,162.9283,159.3671,151.813,156.3651,151.9159,154.8933,152.1861,145.1298,144.8515,149.1785,144.8732,133.2996
Slovakia,Manure Management,Emissions (CO2eq) (AR5),kilotonnes,512.6382,499.5227,515.3982,497.5236,475.7105,416.9295,407.777,398.4909,378.0774,344.1655,346.1354,337.1899,319.2954,328.6043,320.2544,321.209,321.2712,310.5151,314.0802,300.3407,270.2746
Slovakia,Manure Management,Emissions (CO2eq) (AR5),kilotonnes,433.7813,441.746,434.311,414.6863,367.1639,360.6697,353.8632,334.0768,300.5434,292.8895,288.2868,268.1131,278.0592,269.4914,276.0459,272.1027,255.4985,259.5648,267.3709,255.6384,230.6007
Slovakia,Manure left on Pasture,Direct emissions (N2O),kilotonnes,0.3127,0.3078,0.2909,0.2852,0.2808,0.2622,0.2582,0.2525,0.2526,0.2503,0.2462,0.2473,0.2451,0.2505,0.2472,0.2446,0.2405,0.2335,0.2284,0.2201,0.2176
Slovakia,Manure left on Pasture,Indirect emissions (N2O),kilotonnes,0.0837,0.083,0.0773,0.0761,0.0755,0.0714,0.0706,0.0697,0.0703,0.0703,0.0698,0.0707,0.0701,0.072,0.0709,0.07,0.0688,0.0667,0.0651,0.0621,0.0605
Slovakia,Manure left on Pasture,Emissions (N2O),kilotonnes,0.3963,0.3907,0.3683,0.3614,0.3563,0.3336,0.3287,0.3222,0.3228,0.3206,0.316,0.318,0.3152,0.3224,0.3181,0.3146,0.3093,0.3002,0.2935,0.2822,0.2782
Slovakia,Manure left on Pasture,Emissions (CO2eq) from N2O (AR5),kilotonnes,105.0266,103.5449,97.5947,95.7594,94.4072,88.3925,87.1163,85.3778,85.5547,84.9693,83.7517,84.2823,83.5264,85.4487,84.3093,83.3757,81.961,79.5579,77.7898,74.7735,73.7113
Slovakia,Manure left on Pasture,Emissions (CO2eq) (AR5),kilotonnes,105.0266,103.5449,97.5947,95.7594,94.4072,88.3925,87.1163,85.3778,85.5547,84.9693,83.7517,84.2823,83.5264,85.4487,84.3093,83.3757,81.961,79.5579,77.7898,74.7735,73.7113
Slovakia,Manure applied to Soils,Direct emissions (N2O),kilotonnes,0.6751,0.6639,0.673,0.6547,0.63,0.5599,0.5504,0.5332,0.5099,0.466,0.4714,0.4593,0.4336,0.4476,0.4391,0.4456,0.4427,0.4256,0.433,0.4187,0.3938
Slovakia,Manure applied to Soils,Direct emissions (N2O),kilotonnes,0.5707,0.5833,0.5687,0.5491,0.503,0.5022,0.489,0.4717,0.4389,0.4368,0.4273,0.4064,0.4191,0.4062,0.4186,0.4146,0.3973,0.3997,0.4098,0.3965,0.3621
Slovakia,Manure applied to Soils,Indirect emissions (N2O),kilotonnes,0.2869,0.2822,0.286,0.2782,0.2677,0.238,0.2339,0.2266,0.2167,0.1981,0.2003,0.1952,0.1843,0.1902,0.1866,0.1894,0.1882,0.1809,0.184,0.178,0.1674
Slovakia,Manure applied to Soils,Emissions (N2O),kilotonnes,0.9621,0.9461,0.959,0.9329,0.8977,0.7979,0.7844,0.7598,0.7265,0.6641,0.6717,0.6545,0.6179,0.6378,0.6258,0.635,0.6309,0.6065,0.617,0.5967,0.5612
Slovakia,Manure applied to Soils,Emissions (N2O),kilotonnes,0.5707,0.5833,0.5687,0.5491,0.503,0.5022,0.489,0.4717,0.4389,0.4368,0.4273,0.4064,0.4191,0.4062,0.4186,0.4146,0.3973,0.3997,0.4098,0.3965,0.3621
Slovakia,Manure applied to Soils,Emissions (CO2eq) from N2O (AR5),kilotonnes,254.9518,250.7211,254.1479,247.2252,237.8902,211.4456,207.859,201.3362,192.5337,175.974,178.011,173.4508,163.7462,169.0182,165.8309,168.2853,167.1915,160.7324,163.5121,158.1241,148.7099
Slovakia,Manure applied to Soils,Emissions (CO2eq) from N2O (AR5),kilotonnes,151.2317,154.562,150.7119,145.5133,133.296,133.078,129.5733,124.994,116.3114,115.7544,113.2295,107.6971,111.0573,107.6389,110.9411,109.8591,105.2943,105.9074,108.6024,105.0666,95.9687
Slovakia,Manure applied to Soils,Emissions (CO2eq) (AR5),kilotonnes,254.9518,250.7211,254.1479,247.2252,237.8902,211.4456,207.859,201.3362,192.5337,175.974,178.011,173.4508,163.7462,169.0182,165.8309,168.2853,167.1915,160.7324,163.5121,158.1241,148.7099
Slovakia,Manure applied to Soils,Emissions (CO2eq) (AR5),kilotonnes,151.2317,154.562,150.7119,145.5133,133.296,133.078,129.5733,124.994,116.3114,115.7544,113.2295,107.6971,111.0573,107.6389,110.9411,109.8591,105.2943,105.9074,108.6024,105.0666,95.9687
Slovakia,Synthetic Fertilizers,Direct emissions (N2O),kilotonnes,1.2901,1.2783,1.2776,1.2557,1.2778,1.2364,1.3976,1.3787,1.2109,1.3651,1.4609,1.5872,1.7848,1.7848,1.8706,1.8036,1.9837,1.9256,2.0268,2.0198,2.0063
Slovakia,Synthetic Fertilizers,Direct emissions (N2O),kilotonnes,1.3296,1.6095,1.7523,1.5357,1.5267,1.5677,1.5246,1.7804,1.9083,1.5138,1.6738,1.8944,1.5872,1.7849,1.8706,1.8036,1.9837,1.9256,2.0268,2.0198,2.0063
Slovakia,Synthetic Fertilizers,Indirect emissions (N2O),kilotonnes,0.4193,0.4154,0.4152,0.4081,0.4153,0.4018,0.4542,0.4481,0.3935,0.4437,0.4748,0.5158,0.5801,0.5801,0.6079,0.5862,0.6447,0.6258,0.6587,0.6564,0.6521
Slovakia,Synthetic Fertilizers,Emissions (N2O),kilotonnes,1.7094,1.6937,1.6928,1.6639,1.6931,1.6383,1.8518,1.8268,1.6045,1.8088,1.9357,2.103,2.3649,2.3649,2.4785,2.3897,2.6284,2.5515,2.6855,2.6762,2.6584
Slovakia,Synthetic Fertilizers,Emissions (N2O),kilotonnes,1.3296,1.6095,1.7523,1.5357,1.5267,1.5677,1.5246,1.7804,1.9083,1.5138,1.6738,1.8944,1.5872,1.7849,1.8706,1.8036,1.9837,1.9256,2.0268,2.0198,2.0063
Slovakia,Synthetic Fertilizers,Emissions (CO2eq) from N2O (AR5),kilotonnes,453.0014,448.8356,448.5873,440.9232,448.6811,434.1365,490.7147,484.1046,425.1813,479.3373,512.9731,557.3076,626.7034,626.7034,656.8024,633.2805,696.5297,676.1427,711.653,709.2036,704.478
Slovakia,Synthetic Fertilizers,Emissions (CO2eq) from N2O (AR5),kilotonnes,352.3361,426.5186,464.347,406.9631,404.5645,415.4291,404.0315,471.8052,505.69,401.1623,443.5506,502.0255,420.6095,472.9854,495.7001,477.9476,525.6818,510.2964,537.0966,535.248,531.6815
Slovakia,Synthetic Fertilizers,Emissions (CO2eq) (AR5),kilotonnes,453.0014,448.8356,448.5873,440.9232,448.6811,434.1365,490.7147,484.1046,425.1813,479.3373,512.9731,557.3076,626.7034,626.7034,656.8024,633.2805,696.5297,676.1427,711.653,709.2036,704.478
Slovakia,Synthetic Fertilizers,Emissions (CO2eq) (AR5),kilotonnes,352.3361,426.5186,464.347,406.9631,404.5645,415.4291,404.0315,471.8052,505.69,401.1623,443.5506,502.0255,420.6095,472.9854,495.7001,477.9476,525.6818,510.2964,537.0966,535.248,531.6815
Slovakia,Drained organic soils,Emissions (CO2eq) (AR5),kilotonnes,77.3964,77.3963,76.7188,75.9203,75.7693,75.7693,76.3321,76.4018,76.4018,77.0016,77.0194,77.178,77.081,77.081,77.0232,77.0232,77.0232,77.0409,76.6354,77.1553,76.8822
Slovakia,Drained organic soils (CO2),Emissions (CO2),kilotonnes,65.188,65.1879,64.6171,63.9445,63.8167,63.8167,64.2909,64.3495,64.3495,64.8546,64.8696,65.0032,64.9214,64.9214,64.8726,64.8726,64.8726,64.8875,64.5457,64.9857,64.7556
Slovakia,Drained organic soils (CO2),Emissions (CO2eq) (AR5),kilotonnes,65.188,65.1879,64.6171,63.9445,63.8167,63.8167,64.2909,64.3495,64.3495,64.8546,64.8696,65.0032,64.9214,64.9214,64.8726,64.8726,64.8726,64.8875,64.5457,64.9857,64.7556
Slovakia,Drained organic soils (N2O),Emissions (N2O),kilotonnes,0.0461,0.0461,0.0457,0.0452,0.0451,0.0451,0.0454,0.0455,0.0455,0.0458,0.0458,0.0459,0.0459,0.0459,0.0459,0.0459,0.0459,0.0459,0.0456,0.0459,0.0458
Slovakia,Drained organic soils (N2O),Emissions (CO2eq) from N2O (AR5),kilotonnes,12.2084,12.2084,12.1017,11.9758,11.9526,11.9526,12.0412,12.0523,12.0523,12.147,12.1498,12.1748,12.1596,12.1596,12.1506,12.1506,12.1506,12.1534,12.0897,12.1696,12.1266
Slovakia,Drained organic soils (N2O),Emissions (CO2eq) (AR5),kilotonnes,12.2084,12.2084,12.1017,11.9758,11.9526,11.9526,12.0412,12.0523,12.0523,12.147,12.1498,12.1748,12.1596,12.1596,12.1506,12.1506,12.1506,12.1534,12.0897,12.1696,12.1266
Slovakia,On-farm energy use,Emissions (CH4),kilotonnes,0.0656,0.0433,0.0409,0.0394,0.0651,0.0566,0.0524,0.052,0.0542,0.0508,0.0523,0.0528,0.0509,0.0513,0.0516,0.0471,0.0463,0.0451,0.0457,0.0445,0.0445
Slovakia,On-farm energy use,Emissions (N2O),kilotonnes,0.092,0.0926,0.0742,0.0852,0.0883,0.093,0.0868,0.0831,0.0868,0.0781,0.0806,0.0806,0.0818,0.083,0.0941,0.0818,0.0867,0.0744,0.0744,0.0704,0.0704
Slovakia,On-farm energy use,Emissions (CO2),kilotonnes,397.7243,367.5333,285.525,316.4624,351.0668,370.1992,327.9907,311.4586,329.1949,295.723,317.5143,333.6014,317.0811,322.7488,335.5706,291.0466,308.7485,271.6016,265.3319,251.2842,251.2842
Slovakia,On-farm energy use,Emissions (CO2eq) from CH4 (AR5),kilotonnes,1.8355,1.213,1.1448,1.1029,1.8227,1.5849,1.468,1.4557,1.5186,1.4221,1.4641,1.4783,1.424,1.4377,1.4442,1.3183,1.2964,1.2616,1.2786,1.2455,1.2455
Slovakia,On-farm energy use,Emissions (CO2eq) from N2O (AR5),kilotonnes,24.3674,24.5507,19.6689,22.5797,23.3967,24.6386,22.9904,22.0145,23.0024,20.7041,21.3618,21.3627,21.6782,22.0046,24.9292,21.6655,22.971,19.7117,19.709,18.6649,18.6649
Slovakia,On-farm energy use,Emissions (CO2eq) (AR5),kilotonnes,423.9271,393.2969,306.3388,340.145,376.2861,396.4227,352.4491,334.9288,353.7159,317.8492,340.3401,356.4423,340.1833,346.1912,361.944,314.0303,333.0159,292.5749,286.3195,271.1946,271.1946
Slovakia,Forestland,Emissions (CO2),kilotonnes,-9917.0964,-8863.1525,-8863.1525,-8863.1525,-8863.1525,-8863.1525,-8863.1525,-8863.1525,-8863.1525,-8863.1525,-8863.1525,-7765.333,-7765.333,-7765.333,-7765.333,-7765.333,-1097.3057,-1097.3057,-1097.3057,-1097.3057,-1097.3057
Slovakia,Forestland,Emissions (CO2),kilotonnes,-8670.8717,-8633.947,-8684.1521,-8220.9844,-7463.1784,-3462.4122,-6125.992,-5858.8241,-4749.2822,-5193.9906,-4316.887,-4880.2329,-6817.0153,-7291.6001,-5049.2509,-5423.0574,-5166.0324,-5072.7694,-4408.5615,-5326.2102,-7773.7814
Slovakia,Forestland,Emissions (CO2eq) (AR5),kilotonnes,-9917.0964,-8863.1525,-8863.1525,-8863.1525,-8863.1525,-8863.1525,-8863.1525,-8863.1525,-8863.1525,-8863.1525,-8863.1525,-7765.333,-7765.333,-7765.333,-7765.333,-7765.333,-1097.3057,-1097.3057,-1097.3057,-1097.3057,-1097.3057
Slovakia,Forestland,Emissions (CO2eq) (AR5),kilotonnes,-8670.8717,-8633.947,-8684.1521,-8220.9844,-7463.1784,-3462.4122,-6125.992,-5858.8241,-4749.2822,-5193.9906,-4316.887,-4880.2329,-6817.0153,-7291.6001,-5049.2509,-5423.0574,-5166.0324,-5072.7694,-4408.5615,-5326.2102,-7773.7814
Slovakia,Net Forest conversion,Emissions (CO2),kilotonnes,449.1379,428.4201,428.4201,428.4201,428.4201,428.4201,428.4201,428.4201,428.4201,428.4201,428.4201,125.994,125.994,125.994,125.994,125.994,0,0,0,0,0
Slovakia,Net Forest conversion,Emissions (CO2),kilotonnes,116.4159,176.3241,116.7571,186.9958,119.7902,277.2487,142.6056,197.8588,169.5096,230.0217,159.332,64.8224,78.8505,65.2992,85.0961,81.1938,52.0398,78.7785,133.6452,60.6,64.9852
Slovakia,Net Forest conversion,Emissions (CO2eq) (AR5),kilotonnes,449.1379,428.4201,428.4201,428.4201,428.4201,428.4201,428.4201,428.4201,428.4201,428.4201,428.4201,125.994,125.994,125.994,125.994,125.994,0,0,0,0,0
Slovakia,Net Forest conversion,Emissions (CO2eq) (AR5),kilotonnes,116.4159,176.3241,116.7571,186.9958,119.7902,277.2487,142.6056,197.8588,169.5096,230.0217,159.332,64.8224,78.8505,65.2992,85.0961,81.1938,52.0398,78.7785,133.6452,60.6,64.9852
Slovakia,Savanna fires,Emissions (CH4),kilotonnes,0,0.0007,0,0.0004,0,0.0008,0,0.0024,0.0002,0.0002,0,0.0002,0.001,0,0.0014,0.001,0.0002,0.0008,0,0.0004,0
Slovakia,Savanna fires,Emissions (N2O),kilotonnes,0,0.0001,0,0,0,0.0001,0,0.0002,0,0,0,0,0.0001,0,0.0001,0.0001,0,0.0001,0,0,0
Slovakia,Savanna fires,Emissions (CO2eq) from CH4 (AR5),kilotonnes,0.0004,0.0194,0,0.0114,0,0.0216,0,0.0671,0.0057,0.0046,0,0.0057,0.0284,0,0.0398,0.0284,0.0057,0.0227,0,0.0114,0
Slovakia,Savanna fires,Emissions (CO2eq) from N2O (AR5),kilotonnes,0.0003,0.0168,0,0.0098,0,0.0187,0,0.058,0.0049,0.004,0,0.0049,0.0246,0,0.0344,0.0246,0.0049,0.0197,0,0.0098,0
Slovakia,Savanna fires,Emissions (CO2eq) (AR5),kilotonnes,0.0007,0.0362,0,0.0212,0,0.0403,0,0.1251,0.0106,0.0085,0,0.0106,0.053,0,0.0742,0.053,0.0106,0.0424,0,0.0212,0
Slovakia,Fires in organic soils,Emissions (CH4),kilotonnes,0,0,0,0,0,0,0,0,0,0,0,0,0,0,0,0,0,0,0,0,0
Slovakia,Fires in organic soils,Emissions (CO2),kilotonnes,0,0,0,0,0,0,0,0,0,0,0,0,0,0,0,0,0,0,0,0,0
Slovakia,Fires in organic soils,Emissions (CO2eq) from CH4 (AR5),kilotonnes,0,0,0,0,0,0,0,0,0,0,0,0,0,0,0,0,0,0,0,0,0
Slovakia,Fires in organic soils,Emissions (CO2eq) (AR5),kilotonnes,0,0,0,0,0,0,0,0,0,0,0,0,0,0,0,0,0,0,0,0,0
Slovakia,Forest fires,Emissions (CH4),kilotonnes,0.009,0.005,0,0.005,0,0.01,0,0.0374,0,0.0075,0,0,0.0025,0,0.0225,0,0,0.01,0.0374,0,0
Slovakia,Forest fires,Emissions (N2O),kilotonnes,0.0005,0.0005,0,0.0005,0,0.0009,0,0.0034,0,0.0007,0,0,0.0002,0,0.0021,0,0,0.0009,0.0034,0,0
Slovakia,Forest fires,Emissions (CO2eq) from CH4 (AR5),kilotonnes,0.2524,0.1398,0,0.1398,0,0.2796,0,1.0482,0,0.2097,0,0,0.0699,0,0.6289,0,0,0.2796,1.0483,0,0
Slovakia,Forest fires,Emissions (CO2eq) from N2O (AR5),kilotonnes,0.1322,0.1208,0,0.1208,0,0.2416,0,0.9058,0,0.1812,0,0,0.0604,0,0.5435,0,0,0.2416,0.9059,0,0
Slovakia,Forest fires,Emissions (CO2eq) (AR5),kilotonnes,0.3846,0.2606,0,0.2606,0,0.5212,0,1.9541,0,0.3909,0,0,0.1303,0,1.1724,0,0,0.5212,1.9542,0,0
Slovakia,Fires in humid tropical forests,Emissions (CH4),kilotonnes,0,0,0,0,0,0,0,0,0,0,0,0,0,0,0,0,0,0,0,0,0
Slovakia,Fires in humid tropical forests,Emissions (N2O),kilotonnes,0,0,0,0,0,0,0,0,0,0,0,0,0,0,0,0,0,0,0,0,0
Slovakia,Fires in humid tropical forests,Emissions (CO2eq) from CH4 (AR5),kilotonnes,0,0,0,0,0,0,0,0,0,0,0,0,0,0,0,0,0,0,0,0,0
Slovakia,Fires in humid tropical forests,Emissions (CO2eq) from N2O (AR5),kilotonnes,0,0,0,0,0,0,0,0,0,0,0,0,0,0,0,0,0,0,0,0,0
Slovakia,Fires in humid tropical forests,Emissions (CO2eq) (AR5),kilotonnes,0,0,0,0,0,0,0,0,0,0,0,0,0,0,0,0,0,0,0,0,0
Slovakia,Waste - agri-food systems,Emissions (CH4),kilotonnes,33.0308,35.1543,37.5225,35.9311,35.4068,43.2435,43.969,31.3483,34.6946,33.0697,33.1432,34.3325,32.893,31.6092,31.0301,30.586,30.6794,31.0778,31.4819,31.876,32.2589
Slovakia,Waste - agri-food systems,Emissions (N2O),kilotonnes,0.1894,0.1961,0.2035,0.2093,0.1932,0.2045,0.2022,0.196,0.2039,0.1979,0.2004,0.2015,0.1877,0.1961,0.1961,0.1849,0.1843,0.1867,0.1971,0.2076,0.2179
Slovakia,Waste - agri-food systems,Emissions (CO2),kilotonnes,24.456,24.5079,24.647,24.9358,25.1411,25.2318,25.3529,25.5573,25.7126,25.59,25.6058,25.6986,25.6437,25.6891,25.7147,25.5813,25.5932,25.6559,25.7592,25.756,25.7549
Slovakia,Waste - agri-food systems,Emissions (CO2eq) from CH4 (AR5),kilotonnes,924.8633,984.3217,1050.6307,1006.0714,991.3906,1210.8179,1231.1307,877.753,971.4489,925.9521,928.0085,961.3104,921.0043,885.0586,868.8442,856.4092,859.0232,870.1784,881.4938,892.5267,903.248
Slovakia,Waste - agri-food systems,Emissions (CO2eq) from N2O (AR5),kilotonnes,50.1963,51.9722,53.9223,55.4538,51.1994,54.1891,53.5877,51.9458,54.0462,52.4312,53.118,53.4042,49.7402,51.962,51.9692,48.9984,48.8442,49.4709,52.2379,55.0036,57.7493
Slovakia,Waste - agri-food systems,Emissions (CO2eq) (AR5),kilotonnes,999.5156,1060.8019,1129.2,1086.461,1067.731,1290.2388,1310.0713,955.2561,1051.2077,1003.9733,1006.7323,1040.4132,996.3883,962.7098,946.5281,930.9889,933.4605,945.3052,959.4909,973.2863,986.7522
Slovakia,On-farm electricity use,Emissions (CH4),kilotonnes,0.7404,0.6348,0.6168,0.5988,0.51,0.4704,0.4416,0.426,0.3984,0.384,0.3432,0.36,0.342,0.3036,0.3408,0.3156,0.3024,0.3252,0.288,0.2774,0.2774
Slovakia,On-farm electricity use,Emissions (N2O),kilotonnes,0.004,0.0034,0.0033,0.0032,0.0027,0.0025,0.0024,0.0023,0.0021,0.0021,0.0018,0.0019,0.0018,0.0017,0.0018,0.0016,0.0016,0.0017,0.0015,0.0015,0.0015
Slovakia,On-farm electricity use,Emissions (CO2),kilotonnes,151.4468,122.4514,103.462,127.9363,99.0974,86.762,78.8071,78.3518,68.9008,67.2688,56.3546,59.9565,55.4,54.516,61.1957,56.6707,54.3004,58.3945,51.7147,49.8185,49.8185
Slovakia,On-farm electricity use,Emissions (CO2eq) from CH4 (AR5),kilotonnes,20.7312,17.7744,17.2704,16.7664,14.28,13.1712,12.3648,11.928,11.1552,10.752,9.6096,10.08,9.576,8.5008,9.5424,8.8368,8.4672,9.1056,8.064,7.7672,7.7672
Slovakia,On-farm electricity use,Emissions (CO2eq) from N2O (AR5),kilotonnes,1.06,0.901,0.8745,0.848,0.7155,0.6625,0.636,0.6095,0.5565,0.5565,0.477,0.5035,0.477,0.4505,0.477,0.424,0.424,0.4505,0.3975,0.3975,0.3975
Slovakia,On-farm electricity use,Emissions (CO2eq) (AR5),kilotonnes,173.238,141.1268,121.6069,145.5507,114.0929,100.5957,91.8079,90.8893,80.6125,78.5773,66.4412,70.54,65.453,63.4673,71.2151,65.9315,63.1916,67.9506,60.1762,57.9832,57.9832
Slovakia,Food Processing,Emissions (CH4),kilotonnes,1.3649,1.2274,1.3072,0.807,0.7958,0.6751,0.6458,0.6439,0.6713,0.5913,0.5897,0.5404,0.6584,0.6556,0.7249,0.6888,0.694,0.6219,0.6524,0.6524,0.6882
Slovakia,Food Processing,Emissions (N2O),kilotonnes,0.0085,0.0082,0.0082,0.0055,0.005,0.0048,0.0047,0.0045,0.0044,0.0041,0.0038,0.0037,0.0051,0.0052,0.0055,0.0055,0.0054,0.0053,0.0053,0.0053,0.0049
Slovakia,Food Processing,Emissions (CO2),kilotonnes,562.9484,597.7555,751.1152,625.9768,503.4259,566.1534,502.182,482.9331,416.9797,373.2587,318.9569,326.5056,410.9169,411.58,407.277,411.5592,409.6752,430.8192,435.4243,435.4243,401.8177
Slovakia,Food Processing,Emissions (CO2eq) from CH4 (AR5),kilotonnes,38.2172,34.3672,36.6016,22.596,22.2824,18.9028,18.0824,18.0292,18.7964,16.5564,16.5116,15.1312,18.4352,18.3568,20.2972,19.2864,19.432,17.4132,18.2672,18.2672,19.2686
Slovakia,Food Processing,Emissions (CO2eq) from N2O (AR5),kilotonnes,2.2525,2.173,2.173,1.4575,1.325,1.272,1.2455,1.1925,1.166,1.0865,1.007,0.9805,1.3515,1.378,1.4575,1.4575,1.431,1.4045,1.4045,1.4045,1.2856
Slovakia,Food Processing,Emissions (CO2eq) (AR5),kilotonnes,603.4181,634.2957,789.8898,650.0303,527.0333,586.3282,521.5099,502.1548,436.9421,390.9016,336.4755,342.6173,430.7036,431.3148,429.0317,432.3031,430.5382,449.6369,455.096,455.096,422.3718
Slovakia,Food Packaging,Emissions (CH4),kilotonnes,0.4229,0.4949,0.5896,0.7852,0.7339,0.7507,0.7851,0.776,0.8325,0.7924,0.9133,0.865,0.9311,0.9332,0.8202,0.7687,0.7854,0.7874,0.7624,0.9969,1.0515
Slovakia,Food Packaging,Emissions (N2O),kilotonnes,0.005,0.0051,0.0058,0.0071,0.0063,0.0065,0.0067,0.0063,0.0068,0.0067,0.0061,0.0056,0.0061,0.0061,0.0054,0.005,0.005,0.0051,0.0051,0.0053,0.0049
Slovakia,Food Packaging,Emissions (CO2),kilotonnes,448.8281,452.9934,470.8685,515.7391,434.5638,469.1975,472.5624,455.5275,480.9473,455.2731,438.6777,406.4353,402.6773,398.7047,377.2855,351.9589,350.119,374.22,365.0353,318.2787,293.7136
Slovakia,Food Packaging,Emissions (CO2eq) from CH4 (AR5),kilotonnes,11.8412,13.8572,16.5088,21.9856,20.5492,21.0196,21.9828,21.728,23.31,22.1872,25.5724,24.22,26.0708,26.1296,22.9656,21.5236,21.9912,22.0472,21.3472,27.9132,29.4433
Slovakia,Food Packaging,Emissions (CO2eq) from N2O (AR5),kilotonnes,1.325,1.3515,1.537,1.8815,1.6695,1.7225,1.7755,1.6695,1.802,1.7755,1.6165,1.484,1.6165,1.6165,1.431,1.325,1.325,1.3515,1.3515,1.4045,1.2856
Slovakia,Food Packaging,Emissions (CO2eq) (AR5),kilotonnes,461.9943,468.2021,488.9143,539.6062,456.7825,491.9396,496.3207,478.925,506.0593,479.2358,465.8666,432.1393,430.3646,426.4508,401.6821,374.8075,373.4352,397.6187,387.734,347.5964,324.4424
Slovakia,Food Retail,Emissions (CH4),kilotonnes,0.8655,1.1063,1.1571,1.003,1.204,1.0104,1.0118,1.0778,1.0818,1.1602,1.2919,1.2749,0.9633,1.0946,0.8766,0.9442,0.9998,1.0941,1.027,1.1027,1.1631
Slovakia,Food Retail,Emissions (N2O),kilotonnes,0.0076,0.0085,0.0093,0.0059,0.0081,0.0062,0.007,0.0084,0.0095,0.0129,0.0114,0.0106,0.0068,0.0087,0.0071,0.007,0.0064,0.0078,0.0068,0.0062,0.0057
Slovakia,Food Retail,Emissions (CO2),kilotonnes,722.9147,555.3493,528.3389,383.4647,452.1486,481.0674,545.4164,604.5554,655.8266,768.5124,712.9812,552.8595,425.7491,572.9411,413.8001,417.1205,385.8625,436.976,394.7355,248.4864,229.3079
Slovakia,Food Retail,Emissions (CO2eq) from F-gases (AR5),kilotonnes,126.2385,162.084,200.527,246.243,300.271,337.675,378.7155,420.2755,425.4705,428.5875,430.146,431.185,431.7045,432.224,432.224,432.224,469.628,478.979,488.8495,498.2005,473.1653
Slovakia,Food Retail,Emissions (CO2eq) from CH4 (AR5),kilotonnes,24.234,30.9764,32.3988,28.084,33.712,28.2912,28.3304,30.1784,30.2904,32.4856,36.1732,35.6972,26.9724,30.6488,24.5448,26.4376,27.9944,30.6348,28.756,30.8756,32.5681
Slovakia,Food Retail,Emissions (CO2eq) from N2O (AR5),kilotonnes,2.014,2.2525,2.4645,1.5635,2.1465,1.643,1.855,2.226,2.5175,3.4185,3.021,2.809,1.802,2.3055,1.8815,1.855,1.696,2.067,1.802,1.643,1.5039
Slovakia,Food Retail,Emissions (CO2eq) (AR5),kilotonnes,875.4012,750.6622,763.7292,659.3552,788.2781,848.6766,954.3173,1057.2353,1114.105,1233.004,1182.3214,1022.5507,886.228,1038.1194,872.4504,877.6371,885.1809,948.6568,914.143,779.2055,736.5452
Slovakia,Food Household Consumption,Emissions (CH4),kilotonnes,1.0893,1.0997,1.2719,1.105,1.1365,0.9306,0.9148,0.9016,0.9425,0.8766,0.8953,0.8972,0.9188,0.8908,0.863,0.8768,0.9248,0.9101,0.9293,0.9293,0.9802
Slovakia,Food Household Consumption,Emissions (N2O),kilotonnes,0.0065,0.0066,0.0074,0.0065,0.0066,0.0055,0.0055,0.0053,0.0055,0.0053,0.0053,0.0052,0.0053,0.0052,0.005,0.0051,0.0054,0.0053,0.0054,0.0054,0.0049
Slovakia,Food Household Consumption,Emissions (CO2),kilotonnes,802.1389,804.9782,829.0757,810.4922,768.9053,672.5374,624.5151,564.292,597.2844,587.4582,627.6967,571.3692,541.0909,559.3114,513.3209,519.6394,541.0326,567.6497,558.8808,558.8808,515.7457
Slovakia,Food Household Consumption,Emissions (CO2eq) from CH4 (AR5),kilotonnes,30.5004,30.7916,35.6132,30.94,31.822,26.0568,25.6144,25.2448,26.39,24.5448,25.0684,25.1216,25.7264,24.9424,24.164,24.5504,25.8944,25.4828,26.0204,26.0204,27.4468
Slovakia,Food Household Consumption,Emissions (CO2eq) from N2O (AR5),kilotonnes,1.7225,1.749,1.961,1.7225,1.749,1.4575,1.4575,1.4045,1.4575,1.4045,1.4045,1.378,1.4045,1.378,1.325,1.3515,1.431,1.4045,1.431,1.431,1.3098
Slovakia,Food Household Consumption,Emissions (CO2eq) (AR5),kilotonnes,834.3618,837.5188,866.6499,843.1547,802.4763,700.0517,651.587,590.9413,625.1319,613.4075,654.1696,597.8688,568.2218,585.6318,538.8099,545.5413,568.358,594.537,586.3322,586.3322,544.5023
Slovakia,Food Transport,Emissions (CH4),kilotonnes,0.0459,0.0438,0.0493,0.0421,0.0372,0.0377,0.0342,0.0333,0.0328,0.0269,0.0258,0.0222,0.0203,0.019,0.0174,0.0169,0.0174,0.0174,0.0164,0.0119,0.0126
Slovakia,Food Transport,Emissions (N2O),kilotonnes,0.0117,0.0118,0.0142,0.0128,0.0121,0.0131,0.0132,0.0143,0.0156,0.014,0.0159,0.0165,0.0165,0.0166,0.0163,0.016,0.0181,0.0214,0.0214,0.02,0.0183
Slovakia,Food Transport,Emissions (CO2),kilotonnes,312.62,311.08,390.39,349.58,348.0554,389.805,394.2862,431.97,465.08,411.18,478.94,462.77,455.07,453.53,442.75,435.05,485.87,565.95,559.79,530.3774,489.4422
Slovakia,Food Transport,Emissions (CO2eq) from CH4 (AR5),kilotonnes,1.2852,1.2264,1.3804,1.1788,1.0416,1.0556,0.9576,0.9324,0.9184,0.7532,0.7224,0.6216,0.5684,0.532,0.4872,0.4732,0.4872,0.4872,0.4592,0.3332,0.3515
Slovakia,Food Transport,Emissions (CO2eq) from N2O (AR5),kilotonnes,3.1005,3.127,3.763,3.392,3.2065,3.4715,3.498,3.7895,4.134,3.71,4.2135,4.3725,4.3725,4.399,4.3195,4.24,4.7965,5.671,5.671,5.3,4.8511
Slovakia,Food Transport,Emissions (CO2eq) (AR5),kilotonnes,317.0057,315.4334,395.5334,354.1508,352.3035,394.3321,398.7418,436.6919,470.1324,415.6432,483.8759,467.7641,460.0109,458.461,447.5567,439.7632,491.1537,572.1082,565.9202,536.0106,494.6448
Slovakia,Energy,Emissions (CH4),kilotonnes,73.8,71.6,71.3,69.9,70.1,69.9,69.4,65.8,65.6,66.3,62.4,63.9,64,56.4,57.7,55.5,58.7,60.6,58.8,60.2,63.5
Slovakia,Energy,Emissions (N2O),kilotonnes,1.09,1.16,1.09,1.31,1.24,1.25,1.24,1.2,1.13,1,1.01,1.01,0.983,0.949,0.915,0.909,0.924,0.999,0.957,0.921,0.843
Slovakia,Energy,Emissions (CO2),kilotonnes,34900,38200,38200,38500,37800,37900,37500,35000,36100,32800,35200,33100,31700,31900,29600,30200,31300,32700,32100,29800,27500
Slovakia,Energy,Emissions (CO2eq) from CH4 (AR5),kilotonnes,2066.4,2004.8,1996.4,1957.2,1962.8,1957.2,1943.2,1842.4,1836.8,1856.4,1747.2,1789.2,1792,1579.2,1615.6,1554,1643.6,1696.8,1646.4,1685.6,1778
Slovakia,Energy,Emissions (CO2eq) from N2O (AR5),kilotonnes,288.85,307.4,288.85,347.15,328.6,331.25,328.6,318,299.45,265,267.65,267.65,260.495,251.485,242.475,240.885,244.86,264.735,253.605,244.065,223.395
Slovakia,Energy,Emissions (CO2eq) (AR5),kilotonnes,37255.25,40512.2,40485.25,40804.35,40091.4,40188.45,39771.8,37160.4,38236.25,34921.4,37214.85,35156.85,33752.495,33730.685,31458.075,31994.885,33188.46,34661.535,34000.005,31729.665,29501.395
Slovakia,IPPU,Emissions (CH4),kilotonnes,0.497,0.491,0.507,0.507,0.574,0.502,0.57,0.597,0.52,0.41,0.506,0.454,0.453,0.435,0.466,0.469,0.511,0.551,0.518,0.373,0.378
Slovakia,IPPU,Emissions (N2O),kilotonnes,3.52,3.99,3.53,3.87,4.36,4.16,4.7,4.12,4.29,3.59,4.34,5,4.65,5.14,4.89,5.32,5.12,5.11,5.19,4.48,3.8
Slovakia,IPPU,Emissions (CO2),kilotonnes,3170,3110,3120,2900,3510,3360,3570,3790,3750,3110,3410,3700,3470,3260,3190,3440,3470,3700,3620,3380,3320
Slovakia,IPPU,Emissions (CO2eq) from F-gases (AR5),kilotonnes,220.5883,246.8257,288.6111,338.1706,400.3629,456.7247,510.1712,563.6177,613.1771,1438.1968,1739.4407,1690.853,1768.5933,1768.5933,1778.3109,1992.0969,1807.4635,1992.0969,1894.9214,1933.7916,1836.6162
Slovakia,IPPU,Emissions (CO2eq) from CH4 (AR5),kilotonnes,13.916,13.748,14.196,14.196,16.072,14.056,15.96,16.716,14.56,11.48,14.168,12.712,12.684,12.18,13.048,13.132,14.308,15.428,14.504,10.444,10.584
Slovakia,IPPU,Emissions (CO2eq) from N2O (AR5),kilotonnes,932.8,1057.35,935.45,1025.55,1155.4,1102.4,1245.5,1091.8,1136.85,951.35,1150.1,1325,1232.25,1362.1,1295.85,1409.8,1356.8,1354.15,1375.35,1187.2,1007
Slovakia,IPPU,Emissions (CO2eq) (AR5),kilotonnes,4337.3043,4427.9237,4358.2571,4277.9166,5081.8349,4933.1807,5341.6312,5462.1337,5514.5871,5511.0268,6313.7087,6728.565,6483.5273,6402.8733,6277.2089,6855.0289,6648.5715,7061.6749,6904.7754,6511.4356,6174.2002
Slovakia,Waste,Emissions (CH4),kilotonnes,108,110,108,114,113,118,127,129,132,131,123,122,123,119,115,126,120,122,123,121,122
Slovakia,Waste,Emissions (N2O),kilotonnes,0.261,0.256,0.258,0.26,0.261,0.263,0.265,0.267,0.264,0.265,0.269,0.271,0.27,0.271,0.269,0.273,0.267,0.26,0.27,0.258,0.282
Slovakia,Waste,Emissions (CO2),kilotonnes,12.4,7.88,9.38,9.83,11.2,11,11.4,10.5,9.14,10.2,10.3,10.3,9.05,9.42,10.3,10.3,10.9,11.6,18.8,21.4,22
Slovakia,Waste,Emissions (CO2eq) from CH4 (AR5),kilotonnes,3024,3080,3024,3192,3164,3304,3556,3612,3696,3668,3444,3416,3444,3332,3220,3528,3360,3416,3444,3388,3416
Slovakia,Waste,Emissions (CO2eq) from N2O (AR5),kilotonnes,69.165,67.84,68.37,68.9,69.165,69.695,70.225,70.755,69.96,70.225,71.285,71.815,71.55,71.815,71.285,72.345,70.755,68.9,71.55,68.37,74.73
Slovakia,Waste,Emissions (CO2eq) (AR5),kilotonnes,3105.565,3155.72,3101.75,3270.73,3244.365,3384.695,3637.625,3693.255,3775.1,3748.425,3525.585,3498.115,3524.6,3413.235,3301.585,3610.645,3441.655,3496.5,3534.35,3477.77,3512.73
Slovakia,Other,Emissions (N2O),kilotonnes,0.521,0.542,0.554,0.536,0.542,0.541,0.504,0.497,0.487,0.415,0.43,0.412,0.394,0.38,0.356,0.359,0.352,0.372,0.357,0.309,0.294
Slovakia,Other,Emissions (CO2eq) from N2O (AR5),kilotonnes,138.065,143.63,146.81,142.04,143.63,143.365,133.56,131.705,129.055,109.975,113.95,109.18,104.41,100.7,94.34,95.135,93.28,98.58,94.605,81.885,77.91
Slovakia,Other,Emissions (CO2eq) (AR5),kilotonnes,138.065,143.63,146.81,142.04,143.63,143.365,133.56,131.705,129.055,109.975,113.95,109.18,104.41,100.7,94.34,95.135,93.28,98.58,94.605,81.885,77.91
Slovakia,Farm-gate emissions,Emissions (CH4),kilotonnes,67.6161,65.7741,64.3386,62.7524,60.7179,55.1951,54.0265,52.2368,51.0707,48.972,47.7621,47.3049,46.3175,47.0494,46.3256,45.985,45.3502,43.9477,43.3731,42.2647,41.4231
Slovakia,Farm-gate emissions,Direct emissions (N2O),kilotonnes,2.7139,2.8499,2.8289,2.6644,2.8678,2.6901,2.7351,2.6829,2.6881,2.6705,2.6316,2.9277,2.995,3.0833,3.3532,3.182,3.4991,3.2116,3.388,3.3789,3.4112
Slovakia,Farm-gate emissions,Indirect emissions (N2O),kilotonnes,0.888,0.9156,0.9107,0.868,0.9114,0.8533,0.8777,0.8611,0.8413,0.8446,0.8469,0.9244,0.9541,0.9774,1.0447,1.0004,1.0889,1.0145,1.0653,1.0585,1.0585
Slovakia,Farm-gate emissions,Emissions (N2O),kilotonnes,4.389,4.5372,4.4918,4.2818,4.5082,4.2107,4.2628,4.1754,4.1415,4.08,4.0429,4.4087,4.4873,4.6112,4.9538,4.7269,5.1335,4.7432,4.9741,4.9446,4.9618
Slovakia,Farm-gate emissions,Emissions (CO2),kilotonnes,462.9123,432.7211,350.1421,380.4068,414.8835,434.0159,392.2815,375.8081,393.5443,360.5776,382.3838,398.6046,382.0026,387.6703,400.4432,355.9192,373.6211,336.4891,329.8777,316.2698,316.0398
Slovakia,Farm-gate emissions,Emissions (CO2eq) from CH4 (AR5),kilotonnes,1893.2503,1841.6746,1801.4799,1757.0682,1700.1008,1545.4626,1512.743,1462.6311,1429.9792,1371.2167,1337.3388,1324.5362,1296.8906,1317.3836,1297.1165,1287.5797,1269.8057,1230.5345,1214.4466,1183.4105,1159.8477
Slovakia,Farm-gate emissions,Emissions (CO2eq) from N2O (AR5),kilotonnes,1163.0734,1202.346,1190.338,1134.6664,1194.6631,1115.8332,1129.6326,1106.4823,1097.5032,1081.1999,1071.3674,1168.2979,1189.1234,1221.958,1312.7678,1252.6294,1360.3885,1256.9567,1318.134,1310.32,1314.8729
Slovakia,Farm-gate emissions,Emissions (CO2eq) (AR5),kilotonnes,3519.236,3476.7417,3341.96,3272.1414,3309.6474,3095.3117,3034.6571,2944.9215,2921.0267,2812.9942,2791.09,2891.4387,2868.0166,2927.0118,3010.3276,2896.1283,3003.8153,2823.9803,2862.4583,2810.0004,2790.7604
Slovakia,Land Use change,Emissions (CH4),kilotonnes,0,0,0,0,0,0,0,0,0,0,0,0,0,0,0,0,0,0,0,0,0
Slovakia,Land Use change,Emissions (N2O),kilotonnes,0,0,0,0,0,0,0,0,0,0,0,0,0,0,0,0,0,0,0,0,0
Slovakia,Land Use change,Emissions (CO2),kilotonnes,449.1379,428.4201,428.4201,428.4201,428.4201,428.4201,428.4201,428.4201,428.4201,428.4201,428.4201,125.994,125.994,125.994,125.994,125.994,0,0,0,0,0
Slovakia,Land Use change,Emissions (CO2eq) from CH4 (AR5),kilotonnes,0,0,0,0,0,0,0,0,0,0,0,0,0,0,0,0,0,0,0,0,0
Slovakia,Land Use change,Emissions (CO2eq) from N2O (AR5),kilotonnes,0,0,0,0,0,0,0,0,0,0,0,0,0,0,0,0,0,0,0,0,0
Slovakia,Land Use change,Emissions (CO2eq) (AR5),kilotonnes,449.1379,428.4201,428.4201,428.4201,428.4201,428.4201,428.4201,428.4201,428.4201,428.4201,428.4201,125.994,125.994,125.994,125.994,125.994,0,0,0,0,0
Slovakia,Emissions on agricultural land,Emissions (CH4),kilotonnes,67.6161,65.7741,64.3386,62.7524,60.7179,55.1951,54.0265,52.2368,51.0707,48.972,47.7621,47.3049,46.3175,47.0494,46.3256,45.985,45.3502,43.9477,43.3731,42.2647,41.4231
Slovakia,Emissions on agricultural land,Emissions (N2O),kilotonnes,4.389,4.5372,4.4918,4.2818,4.5082,4.2107,4.2628,4.1754,4.1415,4.08,4.0429,4.4087,4.4873,4.6112,4.9538,4.7269,5.1335,4.7432,4.9741,4.9446,4.9618
Slovakia,Emissions on agricultural land,Emissions (CO2),kilotonnes,912.0502,861.1412,778.5622,808.8269,843.3035,862.436,820.7016,804.2282,821.9644,788.9977,810.8039,524.5986,507.9966,513.6643,526.4372,481.9132,373.6211,336.4891,329.8777,316.2698,316.0398
Slovakia,Emissions on agricultural land,Emissions (CO2eq) from CH4 (AR5),kilotonnes,1893.2503,1841.6746,1801.4799,1757.0682,1700.1008,1545.4626,1512.743,1462.6311,1429.9792,1371.2167,1337.3388,1324.5362,1296.8906,1317.3836,1297.1165,1287.5797,1269.8057,1230.5345,1214.4466,1183.4105,1159.8477
Slovakia,Emissions on agricultural land,Emissions (CO2eq) from N2O (AR5),kilotonnes,1163.0734,1202.346,1190.338,1134.6664,1194.6631,1115.8332,1129.6326,1106.4823,1097.5032,1081.1999,1071.3674,1168.2979,1189.1234,1221.958,1312.7678,1252.6294,1360.3885,1256.9567,1318.134,1310.32,1314.8729
Slovakia,Emissions on agricultural land,Emissions (CO2eq) (AR5),kilotonnes,3968.3739,3905.1618,3770.3801,3700.5615,3738.0675,3523.7318,3463.0772,3373.3415,3349.4468,3241.4142,3219.5101,3017.4327,2994.0106,3053.0058,3136.3216,3022.1223,3003.8153,2823.9803,2862.4583,2810.0004,2790.7604
Slovakia,Pre- and post- production,Emissions (CH4),kilotonnes,37.5597,39.7612,42.5144,40.2722,39.8242,47.1184,47.8023,35.2069,38.6539,36.9011,37.2024,38.2922,36.7269,35.506,34.673,34.197,34.4032,34.8339,35.1574,35.8466,36.4319
Slovakia,Pre- and post- production,Emissions (N2O),kilotonnes,0.2327,0.2397,0.2517,0.2503,0.234,0.2431,0.2417,0.2371,0.2478,0.243,0.2447,0.245,0.2293,0.2396,0.2372,0.2251,0.2262,0.2333,0.2426,0.2513,0.258
Slovakia,Pre- and post- production,Emissions (CO2),kilotonnes,3025.3529,2869.1157,3097.8973,2838.1249,2631.3375,2690.7545,2643.1221,2643.1871,2710.7314,2688.5412,2659.2129,2405.5947,2316.5479,2476.2723,2241.3439,2217.58,2252.4529,2459.6653,2391.3398,2167.0221,2005.6006
Slovakia,Pre- and post- production,Emissions (CO2eq) from F-gases (AR5),kilotonnes,126.2385,162.084,200.527,246.243,300.271,337.675,378.7155,420.2755,425.4705,428.5875,430.146,431.185,431.7045,432.224,432.224,432.224,469.628,478.979,488.8495,498.2005,473.1653
Slovakia,Pre- and post- production,Emissions (CO2eq) from CH4 (AR5),kilotonnes,1051.6725,1113.3149,1190.4039,1127.6222,1115.0778,1319.3151,1338.4631,985.7938,1082.3093,1033.2313,1041.6661,1072.182,1028.3535,994.169,970.8454,957.5172,963.2896,975.3492,984.4078,1003.7035,1020.0934
Slovakia,Pre- and post- production,Emissions (CO2eq) from N2O (AR5),kilotonnes,61.6708,63.5262,66.6953,66.3188,62.0114,64.4181,64.0552,62.8373,65.6797,64.3827,64.8575,64.9317,60.7642,63.4895,62.8607,59.6514,59.9477,61.8199,64.2954,66.5841,68.3827
Slovakia,Pre- and post- production,Emissions (CO2eq) (AR5),kilotonnes,4264.9347,4208.0409,4555.5235,4278.3089,4108.6976,4412.1627,4424.3559,4112.0937,4284.1909,4214.7427,4195.8825,3973.8934,3837.3702,3966.1549,3707.274,3666.9726,3745.3181,3975.8134,3928.8925,3735.5102,3567.242
Slovakia,Agri-food systems,Emissions (CH4),kilotonnes,105.1758,105.5353,106.853,103.0247,100.5421,102.3135,101.8288,87.4437,89.7246,85.8731,84.9645,85.5971,83.0444,82.5554,80.9986,80.182,79.7534,78.7816,78.5305,78.1112,77.855
Slovakia,Agri-food systems,Emissions (N2O),kilotonnes,4.6217,4.7769,4.7435,4.532,4.7422,4.4538,4.5045,4.4125,4.3894,4.323,4.2876,4.6537,4.7166,4.8507,5.1911,4.952,5.3598,4.9765,5.2167,5.1959,5.2198
Slovakia,Agri-food systems,Emissions (CO2),kilotonnes,3937.4031,3730.257,3876.4595,3646.9518,3474.641,3553.1905,3463.8237,3447.4153,3532.6959,3477.5389,3470.0168,2930.1933,2824.5445,2989.9366,2767.7812,2699.4932,2626.074,2796.1544,2721.2174,2483.292,2321.6404
Slovakia,Agri-food systems,Emissions (CO2eq) from F-gases (AR5),kilotonnes,126.2385,162.084,200.527,246.243,300.271,337.675,378.7155,420.2755,425.4705,428.5875,430.146,431.185,431.7045,432.224,432.224,432.224,469.628,478.979,488.8495,498.2005,473.1653
Slovakia,Agri-food systems,Emissions (CO2eq) from CH4 (AR5),kilotonnes,2944.9228,2954.9895,2991.8838,2884.6904,2815.1786,2864.7777,2851.2061,2448.4249,2512.2885,2404.448,2379.0049,2396.7182,2325.2441,2311.5526,2267.9619,2245.0968,2233.0953,2205.8837,2198.8545,2187.114,2179.9411
Slovakia,Agri-food systems,Emissions (CO2eq) from N2O (AR5),kilotonnes,1224.7442,1265.8722,1257.0333,1200.9852,1256.6745,1180.2513,1193.6878,1169.3195,1163.1828,1145.5826,1136.2249,1233.2297,1249.8877,1285.4475,1375.6285,1312.2808,1420.3362,1318.7767,1382.4293,1376.904,1383.2556
Slovakia,Agri-food systems,Emissions (CO2eq) (AR5),kilotonnes,8233.3086,8113.2027,8325.9036,7978.8704,7846.7651,7935.8944,7887.4331,7485.4352,7633.6377,7456.157,7415.3926,6991.3261,6831.3808,7019.1607,6843.5956,6689.0949,6749.1334,6799.7938,6791.3507,6545.5105,6358.0023
Slovakia,IPCC Agriculture,Emissions (CH4),kilotonnes,67.5505,65.7308,64.2977,62.713,60.6528,55.1385,53.9741,52.1848,51.0164,48.9212,47.7098,47.2521,46.2667,46.9981,46.274,45.9379,45.3039,43.9026,43.3274,42.2202,41.3786
Slovakia,IPCC Agriculture,Emissions (CH4),kilotonnes,60.641,59.2742,59.0203,54.2131,52.4943,52.2865,50.8098,50.0701,48.4109,46.5786,46.3029,45.4836,46.9452,46.2697,45.4681,45.4391,44.245,44.018,43.986,42.7216,42.1288
Slovakia,IPCC Agriculture,Direct emissions (N2O),kilotonnes,2.7139,2.8499,2.8289,2.6644,2.8678,2.6901,2.7351,2.6829,2.6881,2.6705,2.6316,2.9277,2.995,3.0833,3.3532,3.182,3.4991,3.2116,3.388,3.3789,3.4112
Slovakia,IPCC Agriculture,Indirect emissions (N2O),kilotonnes,0.888,0.9156,0.9107,0.868,0.9114,0.8533,0.8777,0.8611,0.8413,0.8446,0.8469,0.9244,0.9541,0.9774,1.0447,1.0004,1.0889,1.0145,1.0653,1.0585,1.0585
Slovakia,IPCC Agriculture,Emissions (N2O),kilotonnes,4.297,4.4445,4.4176,4.1966,4.4199,4.1177,4.176,4.0923,4.0547,4.0019,3.9623,4.3281,4.4055,4.5281,4.8598,4.6451,5.0469,4.6688,4.8997,4.8742,4.8914
Slovakia,IPCC Agriculture,Emissions (N2O),kilotonnes,4.2101,4.8625,5.0112,4.4844,4.6071,4.6618,4.1096,4.4512,5.0177,4.2892,4.7345,4.5039,4.018,4.5802,5.1605,4.4586,5.0571,4.5452,4.6092,4.8186,4.8804
Slovakia,IPCC Agriculture,Emissions (CO2),kilotonnes,46.4422,68.9571,39.259,37.0554,31.9076,29.5902,25.3502,26.6711,42.4276,36.1,39.1698,54.8498,56.7212,63.9437,69.9025,73.3327,69.845,66.152,70.1772,68.2497,72.1168
Slovakia,IPCC Agriculture,Emissions (CO2eq) from CH4 (AR5),kilotonnes,1891.4148,1840.4616,1800.3351,1755.9653,1698.2782,1543.8777,1511.2751,1461.1754,1428.4606,1369.7946,1335.8747,1323.0579,1295.4666,1315.9459,1295.6724,1286.2614,1268.5093,1229.2729,1213.168,1182.165,1158.6022
Slovakia,IPCC Agriculture,Emissions (CO2eq) from CH4 (AR5),kilotonnes,1697.949,1659.6765,1652.5697,1517.9665,1469.8404,1464.0212,1422.6748,1401.9619,1355.5058,1304.2012,1296.4804,1273.5398,1314.4652,1295.5507,1273.108,1272.2936,1238.8587,1232.5053,1231.6089,1196.2041,1179.6052
Slovakia,IPCC Agriculture,Emissions (CO2eq) from N2O (AR5),kilotonnes,1138.706,1177.7953,1170.6691,1112.0867,1171.2665,1091.1946,1106.6422,1084.4678,1074.5008,1060.4958,1050.0056,1146.9353,1167.4453,1199.9534,1287.8386,1230.9639,1337.4175,1237.245,1298.425,1291.6551,1296.208
Slovakia,IPCC Agriculture,Emissions (CO2eq) from N2O (AR5),kilotonnes,1115.6859,1288.5682,1327.97,1188.3737,1220.8827,1235.3728,1089.0538,1179.563,1329.6978,1136.6351,1254.6489,1193.5402,1064.7828,1213.7442,1367.5387,1181.5333,1340.1206,1204.4753,1221.442,1276.9353,1293.3156
Slovakia,IPCC Agriculture,Emissions (CO2eq) (AR5),kilotonnes,3030.1208,3018.2569,2971.0041,2868.0519,2869.5446,2635.0723,2617.9172,2545.6432,2502.9614,2430.2903,2385.8803,2469.9932,2462.9118,2515.8992,2583.511,2517.2253,2605.9268,2466.5179,2511.593,2473.8201,2454.8101
Slovakia,IPCC Agriculture,Emissions (CO2eq) (AR5),kilotonnes,2860.0771,3017.2019,3019.7987,2743.3956,2722.6307,2728.9842,2537.0788,2608.196,2727.6312,2476.9363,2590.2991,2521.9298,2435.9692,2573.2387,2710.5492,2527.1596,2648.8243,2503.1326,2523.2282,2541.3891,2545.0376
Slovakia,Agricultural Soils,Direct emissions (N2O),kilotonnes,2.7139,2.8499,2.8289,2.6644,2.8678,2.6901,2.7351,2.6829,2.6881,2.6705,2.6316,2.9277,2.995,3.0833,3.3532,3.182,3.4991,3.2116,3.388,3.3789,3.4112
Slovakia,Agricultural Soils,Direct emissions (N2O),kilotonnes,2.7123,3.2367,3.349,2.9425,3.1462,3.119,2.953,3.1846,3.6343,3.0708,3.0279,3.4753,3.0078,3.3452,3.7257,3.5007,3.7588,3.4621,3.6708,3.7137,3.7302
Slovakia,Agricultural Soils,Indirect emissions (N2O),kilotonnes,0.888,0.9156,0.9107,0.868,0.9114,0.8533,0.8777,0.8611,0.8413,0.8446,0.8469,0.9244,0.9541,0.9774,1.0447,1.0004,1.0889,1.0145,1.0653,1.0585,1.0585
Slovakia,Agricultural Soils,Indirect emissions (N2O),kilotonnes,0.6493,0.7583,0.8167,0.7304,0.729,0.8176,0.4474,0.5882,0.7565,0.6036,1.1052,0.4558,0.4202,0.6617,0.8503,0.3836,0.7506,0.5365,0.3755,0.5582,0.6472
Slovakia,Agricultural Soils,Emissions (N2O),kilotonnes,3.6479,3.8115,3.7853,3.5776,3.8242,3.5884,3.6583,3.5894,3.5749,3.561,3.5244,3.898,3.995,4.1065,4.4437,4.2282,4.6338,4.2719,4.499,4.4833,4.5154
Slovakia,Agricultural Soils,Emissions (N2O),kilotonnes,3.3616,3.995,4.1657,3.673,3.8752,3.9366,3.4003,3.7728,4.3908,3.6744,4.1331,3.931,3.428,4.0069,4.576,3.8843,4.5094,3.9986,4.0463,4.2719,4.3774
Slovakia,Agricultural Soils,Emissions (CO2eq) from N2O (AR5),kilotonnes,966.6982,1010.0605,1003.1142,948.0559,1013.4254,950.939,969.4414,951.2035,947.3592,943.6608,933.9675,1032.9796,1058.6686,1088.2321,1177.575,1120.4659,1227.9593,1132.0585,1192.2303,1188.0738,1196.5765
Slovakia,Agricultural Soils,Emissions (CO2eq) from N2O (AR5),kilotonnes,890.8123,1058.6654,1103.903,973.3349,1026.9246,1043.2002,901.0871,999.8025,1163.5702,973.7068,1095.2818,1041.7272,908.4177,1061.8283,1212.6454,1029.3472,1194.9908,1059.6238,1072.2635,1132.0621,1160.016
Slovakia,Agricultural Soils,Emissions (CO2eq) (AR5),kilotonnes,966.6982,1010.0605,1003.1142,948.0559,1013.4254,950.939,969.4414,951.2035,947.3592,943.6608,933.9675,1032.9796,1058.6686,1088.2321,1177.575,1120.4659,1227.9593,1132.0585,1192.2303,1188.0738,1196.5765
Slovakia,Agricultural Soils,Emissions (CO2eq) (AR5),kilotonnes,890.8123,1058.6654,1103.903,973.3349,1026.9246,1043.2002,901.0871,999.8025,1163.5702,973.7068,1095.2818,1041.7272,908.4177,1061.8283,1212.6454,1029.3472,1194.9908,1059.6238,1072.2635,1132.0621,1160.016
Slovakia,LULUCF,Emissions (CH4),kilotonnes,0.009,0.005,0,0.005,0,0.01,0,0.0374,0,0.0075,0,0,0.0025,0,0.0225,0,0,0.01,0.0374,0,0
Slovakia,LULUCF,Emissions (CH4),kilotonnes,0.9837,0.4562,0.7636,1.4895,0.5161,0.9564,0.6037,0.9938,0.6242,0.9206,0.7284,0.8737,1.669,0.5519,0.8214,0.9221,0.7626,0.8476,0.8369,0.9802,
Slovakia,LULUCF,Emissions (N2O),kilotonnes,0.0005,0.0005,0,0.0005,0,0.0009,0,0.0034,0,0.0007,0,0,0.0002,0,0.0021,0,0,0.0009,0.0034,0,0
Slovakia,LULUCF,Emissions (N2O),kilotonnes,0.1835,0.1417,0.1459,0.1764,0.1216,0.1383,0.113,0.1292,0.1022,0.1151,0.0999,0.1077,0.1543,0.095,0.113,0.1266,0.1187,0.1233,0.1248,0.1465,
Slovakia,LULUCF,Emissions (CO2),kilotonnes,-9402.7705,-8369.5446,-8370.1153,-8370.788,-8370.9157,-8370.9157,-8370.4416,-8370.383,-8370.383,-8369.8778,-8369.8629,-7574.3358,-7574.4176,-7574.4176,-7574.4664,-7574.4664,-1032.4331,-1032.4182,-1032.76,-1032.3201,-1032.5501
Slovakia,LULUCF,Emissions (CO2),kilotonnes,-9939.8418,-9223.0567,-9731.5237,-9272.8758,-9284.3362,-5781.0625,-8623.121,-8218.7972,-7193.5163,-6974.3826,-6195.88,-6514.6182,-7511.5435,-8138.461,-6172.6726,-6677.424,-6745.5491,-6642.9333,-5728.4783,-6410.9254,
Slovakia,LULUCF,Emissions (CO2eq) from CH4 (AR5),kilotonnes,0.2524,0.1398,0,0.1398,0,0.2796,0,1.0482,0,0.2097,0,0,0.0699,0,0.6289,0,0,0.2796,1.0483,0,0
Slovakia,LULUCF,Emissions (CO2eq) from N2O (AR5),kilotonnes,0.1322,0.1208,0,0.1208,0,0.2416,0,0.9058,0,0.1812,0,0,0.0604,0,0.5435,0,0,0.2416,0.9059,0,0
Slovakia,LULUCF,Emissions (CO2eq) (AR5),kilotonnes,-9402.3859,-8369.284,-8370.1153,-8370.5274,-8370.9157,-8370.3945,-8370.4416,-8368.4289,-8370.383,-8369.4869,-8369.8629,-7574.3358,-7574.2873,-7574.4176,-7573.294,-7574.4664,-1032.4331,-1031.897,-1030.8058,-1032.3201,-1032.5501
Slovakia,LULUCF,Emissions (CO2eq) (AR5),kilotonnes,-9939.8418,-9223.0567,-9731.5237,-9272.8758,-9284.3362,-5781.0625,-8623.121,-8218.7972,-7193.5163,-6974.3826,-6195.88,-6514.6182,-7511.5435,-8138.461,-6172.6726,-6677.424,-6745.5491,-6642.9333,-5728.4783,-6410.9254,
Slovakia,AFOLU,Emissions (CH4),kilotonnes,67.5595,65.7358,64.2977,62.718,60.6528,55.1485,53.9741,52.2223,51.0164,48.9287,47.7098,47.2521,46.2692,46.9981,46.2965,45.9379,45.3039,43.9126,43.3649,42.2202,41.3786
Slovakia,AFOLU,Emissions (N2O),kilotonnes,4.2975,4.445,4.4176,4.197,4.4199,4.1186,4.176,4.0957,4.0547,4.0026,3.9623,4.3281,4.4057,4.5281,4.8618,4.6451,5.0469,4.6698,4.9031,4.8742,4.8914
Slovakia,AFOLU,Emissions (CO2),kilotonnes,-9402.7705,-8369.5446,-8370.1153,-8370.788,-8370.9157,-8370.9157,-8370.4416,-8370.383,-8370.383,-8369.8778,-8369.8629,-7574.3358,-7574.4176,-7574.4176,-7574.4664,-7574.4664,-1032.4331,-1032.4182,-1032.76,-1032.3201,-1032.5501
Slovakia,AFOLU,Emissions (CO2eq) from CH4 (AR5),kilotonnes,1891.6672,1840.6014,1800.3351,1756.1051,1698.2782,1544.1573,1511.2751,1462.2236,1428.4606,1370.0043,1335.8747,1323.0579,1295.5365,1315.9459,1296.3013,1286.2614,1268.5093,1229.5525,1214.2163,1182.165,1158.6022
Slovakia,AFOLU,Emissions (CO2eq) from N2O (AR5),kilotonnes,1138.8382,1177.9161,1170.6691,1112.2075,1171.2665,1091.4362,1106.6422,1085.3736,1074.5008,1060.677,1050.0056,1146.9353,1167.5056,1199.9534,1288.3821,1230.9639,1337.4175,1237.4866,1299.3309,1291.6551,1296.208
Slovakia,AFOLU,Emissions (CO2eq) (AR5),kilotonnes,-6372.265,-5351.0271,-5399.1112,-5502.4755,-5501.3711,-5735.3222,-5752.5243,-5822.7857,-5867.4216,-5939.1966,-5983.9826,-5104.3426,-5111.3755,-5058.5184,-4989.783,-5057.2411,1573.4937,1434.6208,1480.7873,1441.5,1422.26
Slovakia,All sectors with LULUCF,Emissions (CH4),kilotonnes,249.8565,247.8268,244.1047,247.125,244.3268,243.5505,250.9441,247.6193,249.1364,246.6387,233.6158,233.6061,233.7222,222.8331,219.4625,227.9069,224.5149,227.0636,225.6829,223.7932,227.2566
Slovakia,All sectors with LULUCF,Emissions (N2O),kilotonnes,9.6895,10.393,9.8496,10.173,10.8229,10.3326,10.885,10.1797,10.2257,9.2726,10.0113,11.0211,10.7027,11.2681,11.2918,11.5061,11.7099,11.4108,11.6771,10.8422,10.1104
Slovakia,All sectors with LULUCF,Emissions (CO2),kilotonnes,28679.6295,32948.3354,32959.2647,33039.042,32950.2843,32900.0843,32710.9584,30430.117,31488.757,27550.3222,30250.4371,29235.9642,27604.6324,27595.0024,25225.8336,26075.8336,33748.4669,35379.1818,34706.04,32169.0799,29809.4499
Slovakia,All sectors with LULUCF,Emissions (CO2eq) from F-gases (AR5),kilotonnes,220.5883,246.8257,288.6111,338.1706,400.3629,456.7247,510.1712,563.6177,613.1771,1438.1968,1739.4407,1690.853,1768.5933,1768.5933,1778.3109,1992.0969,1807.4635,1992.0969,1894.9214,1933.7916,1836.6162
Slovakia,All sectors with LULUCF,Emissions (CO2eq) from CH4 (AR5),kilotonnes,6995.9832,6939.1494,6834.9311,6919.5011,6841.1502,6819.4133,7026.4351,6933.3396,6975.8206,6905.8843,6541.2427,6540.9699,6544.2205,6239.3259,6144.9493,6381.3934,6286.4173,6357.7805,6319.1203,6266.209,6363.1862
Slovakia,All sectors with LULUCF,Emissions (CO2eq) from N2O (AR5),kilotonnes,2567.7182,2754.1361,2610.1491,2695.8475,2868.0615,2738.1462,2884.5272,2697.6336,2709.8158,2457.227,2652.9906,2920.5803,2836.2106,2986.0534,2992.3321,3049.1289,3103.1125,3023.8516,3094.4409,2873.1751,2679.243
Slovakia,All sectors with LULUCF,Emissions (CO2eq) (AR5),kilotonnes,38463.9193,42888.4466,42692.9559,42992.5611,43059.8588,42914.3684,43132.0918,40624.7079,41787.5705,38351.6302,41184.1111,40388.3673,38753.6569,38588.975,36141.4259,37498.4528,44945.4602,46752.9107,46014.5227,43242.2556,40688.4952
Slovakia,All sectors without LULUCF,Emissions (CH4),kilotonnes,249.8475,247.8218,244.1047,247.12,244.3268,243.5405,250.9441,247.5818,249.1364,246.6312,233.6158,233.6061,233.7197,222.8331,219.44,227.9069,224.5149,227.0536,225.6454,223.7932,227.2566
Slovakia,All sectors without LULUCF,Emissions (N2O),kilotonnes,9.689,10.3925,9.8496,10.1726,10.8229,10.3317,10.885,10.1763,10.2257,9.2719,10.0113,11.0211,10.7025,11.2681,11.2898,11.5061,11.7099,11.4098,11.6737,10.8422,10.1104
Slovakia,All sectors without LULUCF,Emissions (CO2),kilotonnes,38082.4,41317.88,41329.38,41409.83,41321.2,41271,41081.4,38800.5,39859.14,35920.2,38620.3,36810.3,35179.05,35169.42,32800.3,33650.3,34780.9,36411.6,35738.8,33201.4,30842
Slovakia,All sectors without LULUCF,Emissions (CO2eq) from F-gases (AR5),kilotonnes,220.5883,246.8257,288.6111,338.1706,400.3629,456.7247,510.1712,563.6177,613.1771,1438.1968,1739.4407,1690.853,1768.5933,1768.5933,1778.3109,1992.0969,1807.4635,1992.0969,1894.9214,1933.7916,1836.6162
Slovakia,All sectors without LULUCF,Emissions (CO2eq) from CH4 (AR5),kilotonnes,6995.7308,6939.0096,6834.9311,6919.3613,6841.1502,6819.1337,7026.4351,6932.2914,6975.8206,6905.6746,6541.2427,6540.9699,6544.1506,6239.3259,6144.3204,6381.3934,6286.4173,6357.5009,6318.072,6266.209,6363.1862
Slovakia,All sectors without LULUCF,Emissions (CO2eq) from N2O (AR5),kilotonnes,2567.586,2754.0153,2610.1491,2695.7267,2868.0615,2737.9046,2884.5272,2696.7278,2709.8158,2457.0458,2652.9906,2920.5803,2836.1503,2986.0534,2991.7886,3049.1289,3103.1125,3023.61,3093.535,2873.1751,2679.243
Slovakia,All sectors without LULUCF,Emissions (CO2eq) (AR5),kilotonnes,47866.3051,51257.7306,51063.0713,51363.0885,51430.7745,51284.763,51502.5334,48993.1368,50157.9535,46721.1171,49553.974,47962.7032,46327.9442,46163.3926,43714.7199,45072.9192,45977.8933,47784.8077,47045.3285,44274.5757,41721.0453
Slovenia,Crop Residues,Direct emissions (N2O),kilotonnes,0.0832,0.0839,0.0965,0.067,0.092,0.0901,0.0788,0.0839,0.091,0.0832,0.0885,0.0928,0.0914,0.0735,0.099,0.0956,0.0974,0.0857,0.0887,0.0954,0.1105
Slovenia,Crop Residues,Direct emissions (N2O),kilotonnes,0.0957,0.093,0.1082,0.0785,0.105,0.1064,0.095,0.0961,0.1033,0.0972,0.1032,0.1064,0.1031,0.0852,0.1147,0.1111,0.117,0.1018,0.1085,0.1138,0.1286
Slovenia,Crop Residues,Indirect emissions (N2O),kilotonnes,0.0187,0.0189,0.0217,0.0151,0.0207,0.0203,0.0177,0.0189,0.0205,0.0187,0.0199,0.0209,0.0206,0.0165,0.0223,0.0215,0.0219,0.0193,0.02,0.0215,0.0249
Slovenia,Crop Residues,Emissions (N2O),kilotonnes,0.1019,0.1028,0.1183,0.082,0.1127,0.1104,0.0966,0.1028,0.1114,0.1019,0.1085,0.1136,0.1119,0.09,0.1213,0.1171,0.1193,0.105,0.1086,0.1168,0.1353
Slovenia,Crop Residues,Emissions (N2O),kilotonnes,0.0957,0.093,0.1082,0.0785,0.105,0.1064,0.095,0.0961,0.1033,0.0972,0.1032,0.1064,0.1031,0.0852,0.1147,0.1111,0.117,0.1018,0.1085,0.1138,0.1286
Slovenia,Crop Residues,Emissions (CO2eq) from N2O (AR5),kilotonnes,27.0016,27.242,31.3418,21.7405,29.8583,29.2529,25.5912,27.2403,29.528,27.013,28.7423,30.1096,29.6588,23.8484,32.1531,31.0341,31.607,27.8359,28.7899,30.9596,35.8677
Slovenia,Crop Residues,Emissions (CO2eq) from N2O (AR5),kilotonnes,25.3548,24.6437,28.6651,20.8104,27.8195,28.2081,25.1719,25.4797,27.3789,25.7671,27.3369,28.1925,27.3211,22.5751,30.3946,29.4344,31.0087,26.9721,28.7482,30.1442,34.0723
Slovenia,Crop Residues,Emissions (CO2eq) (AR5),kilotonnes,27.0016,27.242,31.3418,21.7405,29.8583,29.2529,25.5912,27.2403,29.528,27.013,28.7423,30.1096,29.6588,23.8484,32.1531,31.0341,31.607,27.8359,28.7899,30.9596,35.8677
Slovenia,Crop Residues,Emissions (CO2eq) (AR5),kilotonnes,25.3548,24.6437,28.6651,20.8104,27.8195,28.2081,25.1719,25.4797,27.3789,25.7671,27.3369,28.1925,27.3211,22.5751,30.3946,29.4344,31.0087,26.9721,28.7482,30.1442,34.0723
Slovenia,Burning - Crop residues,Emissions (CH4),kilotonnes,0.1709,0.1709,0.1615,0.1576,0.1592,0.1469,0.1422,0.145,0.1562,0.1415,0.1329,0.1405,0.1431,0.1473,0.1393,0.1351,0.1322,0.1336,0.1302,0.1338,0.137
Slovenia,Burning - Crop residues,Emissions (N2O),kilotonnes,0.0044,0.0044,0.0042,0.0041,0.0041,0.0038,0.0037,0.0038,0.0041,0.0037,0.0034,0.0036,0.0037,0.0038,0.0036,0.0035,0.0034,0.0035,0.0034,0.0035,0.0036
Slovenia,Burning - Crop residues,Emissions (CO2eq) from CH4 (AR5),kilotonnes,4.7863,4.7859,4.5221,4.4128,4.4566,4.1121,3.982,4.0614,4.3745,3.9633,3.7204,3.9351,4.0068,4.1248,3.8995,3.7828,3.7023,3.7419,3.6445,3.7476,3.8369
Slovenia,Burning - Crop residues,Emissions (CO2eq) from N2O (AR5),kilotonnes,1.1744,1.1743,1.1096,1.0828,1.0935,1.009,0.9771,0.9965,1.0734,0.9725,0.9129,0.9655,0.9832,1.0121,0.9568,0.9282,0.9084,0.9182,0.8943,0.9196,0.9414
Slovenia,Burning - Crop residues,Emissions (CO2eq) (AR5),kilotonnes,5.9608,5.9602,5.6317,5.4956,5.5501,5.1211,4.9591,5.0579,5.4478,4.9358,4.6333,4.9006,4.99,5.1368,4.8563,4.7109,4.6108,4.6601,4.5388,4.6672,4.7783
Slovenia,Enteric Fermentation,Emissions (CH4),kilotonnes,37.0359,38.6092,37.3986,37.63,35.713,35.972,35.3397,35.0264,36.6773,35.8339,35.9774,35.5374,34.9268,34.716,34.629,34.9797,36.1365,36.1401,35.0699,35.2915,35.36
Slovenia,Enteric Fermentation,Emissions (CH4),kilotonnes,37.9572,37.2649,38.4003,36.2707,35.9947,36.623,36.5017,38.0735,37.2007,36.6067,36.1022,36.1117,35.9602,35.5516,36.32,37.4228,38.0486,37.2685,37.0853,37.5679,37.6629
Slovenia,Enteric Fermentation,Emissions (CO2eq) from CH4 (AR5),kilotonnes,1037.0046,1081.0579,1047.1608,1053.64,999.965,1007.2171,989.5115,980.7383,1026.9632,1003.3478,1007.3676,995.0477,977.9498,972.0488,969.6127,979.433,1011.822,1011.9228,981.9564,988.1614,990.0793
Slovenia,Enteric Fermentation,Emissions (CO2eq) from CH4 (AR5),kilotonnes,1062.8015,1043.4174,1075.2081,1015.5799,1007.8518,1025.4443,1022.0477,1066.0586,1041.6199,1024.9881,1010.8612,1011.1267,1006.8842,995.4461,1016.9595,1047.8371,1065.3619,1043.518,1038.3887,1051.9014,1054.5605
Slovenia,Enteric Fermentation,Emissions (CO2eq) (AR5),kilotonnes,1037.0046,1081.0579,1047.1608,1053.64,999.965,1007.2171,989.5115,980.7383,1026.9632,1003.3478,1007.3676,995.0477,977.9498,972.0488,969.6127,979.433,1011.822,1011.9228,981.9564,988.1614,990.0793
Slovenia,Enteric Fermentation,Emissions (CO2eq) (AR5),kilotonnes,1062.8015,1043.4174,1075.2081,1015.5799,1007.8518,1025.4443,1022.0477,1066.0586,1041.6199,1024.9881,1010.8612,1011.1267,1006.8842,995.4461,1016.9595,1047.8371,1065.3619,1043.518,1038.3887,1051.9014,1054.5605
Slovenia,Manure Management,Emissions (CH4),kilotonnes,8.8722,9.246,9.0592,9.4332,8.8536,8.3552,8.2519,8.3517,8.3955,7.6162,7.5224,7.2968,6.8979,6.6432,6.5666,6.5696,6.678,6.645,6.4646,6.3751,6.2916
Slovenia,Manure Management,Emissions (CH4),kilotonnes,10.3699,10.2919,10.9285,10.4231,9.8516,9.9051,9.842,10.2209,9.669,9.7362,9.4193,9.2037,8.9463,8.9705,9.1168,9.4355,9.6374,9.4994,9.4276,9.3963,9.2514
Slovenia,Manure Management,Emissions (N2O),kilotonnes,0.3496,0.3585,0.349,0.3575,0.3343,0.326,0.3191,0.3174,0.3316,0.3148,0.315,0.3079,0.2988,0.2979,0.2951,0.2984,0.3074,0.3074,0.2993,0.2996,0.2989
Slovenia,Manure Management,Emissions (N2O),kilotonnes,0.2813,0.2794,0.2943,0.2775,0.2679,0.2725,0.2716,0.2841,0.2725,0.2751,0.2707,0.2632,0.2616,0.2581,0.2644,0.2735,0.2778,0.274,0.2711,0.2699,0.2681
Slovenia,Manure Management,Emissions (CO2eq) from CH4 (AR5),kilotonnes,248.4211,258.8866,253.6577,264.1304,247.8998,233.945,231.0526,233.848,235.0737,213.2539,210.6285,204.3115,193.1414,186.0102,183.8661,183.9487,186.9844,186.0607,181.0086,178.5038,176.1643
Slovenia,Manure Management,Emissions (CO2eq) from CH4 (AR5),kilotonnes,290.3581,288.1727,305.9972,291.8481,275.8437,277.3439,275.577,286.1861,270.7325,272.6139,263.74,257.7023,250.4975,251.1737,255.2707,264.1937,269.8469,265.9834,263.9731,263.0957,259.039
Slovenia,Manure Management,Emissions (CO2eq) from N2O (AR5),kilotonnes,92.6427,95.0081,92.4883,94.7379,88.6016,86.3877,84.56,84.1147,87.8648,83.4275,83.4764,81.5828,79.1708,78.9326,78.2044,79.0816,81.4601,81.4618,79.3091,79.4034,79.2064
Slovenia,Manure Management,Emissions (CO2eq) from N2O (AR5),kilotonnes,74.5577,74.0528,77.9926,73.5274,70.9828,72.2234,71.9869,75.2852,72.2179,72.9014,71.7342,69.7466,69.3329,68.4081,70.0754,72.4744,73.6205,72.6221,71.8302,71.5332,71.0346
Slovenia,Manure Management,Emissions (CO2eq) (AR5),kilotonnes,341.0638,353.8947,346.1459,358.8683,336.5014,320.3327,315.6126,317.9627,322.9385,296.6814,294.1049,285.8943,272.3123,264.9429,262.0704,263.0303,268.4445,267.5226,260.3178,257.9071,255.3707
Slovenia,Manure Management,Emissions (CO2eq) (AR5),kilotonnes,364.9158,362.2254,383.9898,365.3755,346.8265,349.5672,347.5639,361.4713,342.9504,345.5153,335.4742,327.4489,319.8304,319.5818,325.3461,336.6681,343.4674,338.6055,335.8033,334.6289,330.0736
Slovenia,Manure left on Pasture,Direct emissions (N2O),kilotonnes,0.2894,0.3076,0.2985,0.3006,0.2874,0.2918,0.2931,0.2937,0.308,0.3033,0.3061,0.3028,0.297,0.2929,0.2919,0.2965,0.305,0.3075,0.2991,0.3021,0.3043
Slovenia,Manure left on Pasture,Indirect emissions (N2O),kilotonnes,0.0672,0.0726,0.0706,0.0718,0.069,0.0708,0.0716,0.0719,0.0751,0.0742,0.0751,0.0741,0.0726,0.0709,0.0705,0.0717,0.0734,0.0741,0.072,0.0726,0.0733
Slovenia,Manure left on Pasture,Emissions (N2O),kilotonnes,0.3566,0.3801,0.3691,0.3724,0.3565,0.3626,0.3648,0.3656,0.3831,0.3775,0.3812,0.3769,0.3696,0.3639,0.3624,0.3681,0.3784,0.3816,0.3711,0.3747,0.3776
Slovenia,Manure left on Pasture,Emissions (CO2eq) from N2O (AR5),kilotonnes,94.489,100.7309,97.8154,98.6799,94.4655,96.0794,96.662,96.8867,101.5096,100.0377,101.0296,99.8784,97.9377,96.4212,96.0384,97.5528,100.2664,101.1308,98.3502,99.2833,100.0632
Slovenia,Manure left on Pasture,Emissions (CO2eq) (AR5),kilotonnes,94.489,100.7309,97.8154,98.6799,94.4655,96.0794,96.662,96.8867,101.5096,100.0377,101.0296,99.8784,97.9377,96.4212,96.0384,97.5528,100.2664,101.1308,98.3502,99.2833,100.0632
Slovenia,Manure applied to Soils,Direct emissions (N2O),kilotonnes,0.3668,0.3733,0.3646,0.3764,0.3489,0.3341,0.33,0.3307,0.3474,0.3264,0.3268,0.3178,0.3058,0.3061,0.3022,0.3074,0.3156,0.3181,0.3111,0.3118,0.3112
Slovenia,Manure applied to Soils,Direct emissions (N2O),kilotonnes,0.4302,0.42,0.4401,0.4084,0.3911,0.3926,0.396,0.412,0.3931,0.392,0.3847,0.3723,0.3684,0.3648,0.3713,0.3821,0.3868,0.3831,0.3807,0.3802,0.3785
Slovenia,Manure applied to Soils,Indirect emissions (N2O),kilotonnes,0.1559,0.1587,0.155,0.16,0.1483,0.142,0.1402,0.1405,0.1477,0.1387,0.1389,0.135,0.13,0.1301,0.1284,0.1306,0.1341,0.1352,0.1322,0.1325,0.1323
Slovenia,Manure applied to Soils,Emissions (N2O),kilotonnes,0.5227,0.532,0.5196,0.5364,0.4972,0.4761,0.4702,0.4712,0.4951,0.4651,0.4657,0.4528,0.4358,0.4363,0.4306,0.4381,0.4498,0.4533,0.4433,0.4444,0.4435
Slovenia,Manure applied to Soils,Emissions (N2O),kilotonnes,0.4302,0.42,0.4401,0.4084,0.3911,0.3926,0.396,0.412,0.3931,0.392,0.3847,0.3723,0.3684,0.3648,0.3713,0.3821,0.3868,0.3831,0.3807,0.3802,0.3785
Slovenia,Manure applied to Soils,Emissions (CO2eq) from N2O (AR5),kilotonnes,138.5128,140.972,137.6962,142.1418,131.7458,126.1585,124.61,124.8779,131.1974,123.2536,123.4013,119.9932,115.493,115.6083,114.0999,116.0863,119.1842,120.1138,117.4639,117.7574,117.5283
Slovenia,Manure applied to Soils,Emissions (CO2eq) from N2O (AR5),kilotonnes,113.9933,111.3083,116.6183,108.2331,103.6326,104.0457,104.9442,109.17,104.1806,103.8706,101.9353,98.6473,97.6323,96.6622,98.3995,101.2565,102.493,101.5213,100.8965,100.765,100.3139
Slovenia,Manure applied to Soils,Emissions (CO2eq) (AR5),kilotonnes,138.5128,140.972,137.6962,142.1418,131.7458,126.1585,124.61,124.8779,131.1974,123.2536,123.4013,119.9932,115.493,115.6083,114.0999,116.0863,119.1842,120.1138,117.4639,117.7574,117.5283
Slovenia,Manure applied to Soils,Emissions (CO2eq) (AR5),kilotonnes,113.9933,111.3083,116.6183,108.2331,103.6326,104.0457,104.9442,109.17,104.1806,103.8706,101.9353,98.6473,97.6323,96.6622,98.3995,101.2565,102.493,101.5213,100.8965,100.765,100.3139
Slovenia,Synthetic Fertilizers,Direct emissions (N2O),kilotonnes,0.5476,0.5464,0.5186,0.5348,0.471,0.4536,0.4706,0.4592,0.391,0.4254,0.4294,0.4243,0.4133,0.4284,0.4496,0.445,0.4258,0.4256,0.4289,0.4407,0.4399
Slovenia,Synthetic Fertilizers,Direct emissions (N2O),kilotonnes,0.5368,0.5463,0.525,0.5422,0.4756,0.4584,0.4774,0.4653,0.3935,0.4432,0.4319,0.4264,0.4133,0.4284,0.4496,0.445,0.4258,0.4256,0.4289,0.4408,0.4352
Slovenia,Synthetic Fertilizers,Indirect emissions (N2O),kilotonnes,0.178,0.1776,0.1685,0.1738,0.1531,0.1474,0.1529,0.1492,0.1271,0.1382,0.1396,0.1379,0.1343,0.1392,0.1461,0.1446,0.1384,0.1383,0.1394,0.1432,0.143
Slovenia,Synthetic Fertilizers,Emissions (N2O),kilotonnes,0.7256,0.724,0.6871,0.7087,0.6241,0.601,0.6235,0.6084,0.5181,0.5636,0.569,0.5622,0.5476,0.5677,0.5957,0.5896,0.5642,0.5639,0.5683,0.584,0.5828
Slovenia,Synthetic Fertilizers,Emissions (N2O),kilotonnes,0.5368,0.5463,0.525,0.5422,0.4756,0.4584,0.4774,0.4653,0.3935,0.4432,0.4319,0.4264,0.4133,0.4284,0.4496,0.445,0.4258,0.4256,0.4289,0.4408,0.4352
Slovenia,Synthetic Fertilizers,Emissions (CO2eq) from N2O (AR5),kilotonnes,192.2801,191.8497,182.0889,187.7942,165.3869,159.2623,165.2379,161.2266,137.2964,149.3525,150.7871,148.9718,145.1149,150.4285,157.8718,156.2551,149.5125,149.4403,150.594,154.7543,154.4509
Slovenia,Synthetic Fertilizers,Emissions (CO2eq) from N2O (AR5),kilotonnes,142.2478,144.7714,139.1371,143.672,126.0279,121.4681,126.5235,123.317,104.2695,117.4412,114.4596,112.9937,109.5207,113.5309,119.1485,117.9284,112.8397,112.7855,113.6559,116.7999,115.3174
Slovenia,Synthetic Fertilizers,Emissions (CO2eq) (AR5),kilotonnes,192.2801,191.8497,182.0889,187.7942,165.3869,159.2623,165.2379,161.2266,137.2964,149.3525,150.7871,148.9718,145.1149,150.4285,157.8718,156.2551,149.5125,149.4403,150.594,154.7543,154.4509
Slovenia,Synthetic Fertilizers,Emissions (CO2eq) (AR5),kilotonnes,142.2478,144.7714,139.1371,143.672,126.0279,121.4681,126.5235,123.317,104.2695,117.4412,114.4596,112.9937,109.5207,113.5309,119.1485,117.9284,112.8397,112.7855,113.6559,116.7999,115.3174
Slovenia,Drained organic soils,Emissions (CO2eq) (AR5),kilotonnes,182.8523,184.0689,182.2027,181.8975,176.8019,176.8019,176.3933,175.5821,178.6288,182.8934,182.8934,182.8934,182.8934,182.7707,183.9636,183.9636,184.1539,184.1539,183.3431,194.1274,194.3671
Slovenia,Drained organic soils,Emissions (CO2eq) (AR5),kilotonnes,6.9827,7.0497,7.1168,7.1839,7.251,7.318,7.3851,7.508,7.4975,7.549,7.5867,7.8067,7.8182,7.8344,8.3188,8.3212,8.3234,8.3314,8.2917,7.8411,7.8486
Slovenia,Drained organic soils (CO2),Emissions (CO2),kilotonnes,155.1798,156.2047,154.6853,154.4282,150.1239,150.1239,149.7907,149.1156,151.9052,155.5287,155.5287,155.5287,155.5287,155.4239,156.4485,156.4485,156.6227,156.6227,155.948,165.4637,165.6156
Slovenia,Drained organic soils (CO2),Emissions (CO2eq) (AR5),kilotonnes,155.1798,156.2047,154.6853,154.4282,150.1239,150.1239,149.7907,149.1156,151.9052,155.5287,155.5287,155.5287,155.5287,155.4239,156.4485,156.4485,156.6227,156.6227,155.948,165.4637,165.6156
Slovenia,Drained organic soils (N2O),Emissions (N2O),kilotonnes,0.1044,0.1051,0.1038,0.1037,0.1007,0.1007,0.1004,0.0999,0.1008,0.1033,0.1033,0.1033,0.1033,0.1032,0.1038,0.1038,0.1039,0.1039,0.1034,0.1082,0.1085
Slovenia,Drained organic soils (N2O),Emissions (N2O),kilotonnes,0.0263,0.0266,0.0269,0.0271,0.0274,0.0276,0.0279,0.0283,0.0283,0.0285,0.0286,0.0295,0.0295,0.0296,0.0314,0.0314,0.0314,0.0314,0.0313,0.0296,0.0296
Slovenia,Drained organic soils (N2O),Emissions (CO2eq) from N2O (AR5),kilotonnes,27.6725,27.8641,27.5174,27.4693,26.678,26.678,26.6026,26.4665,26.7236,27.3647,27.3647,27.3647,27.3647,27.3467,27.5151,27.5151,27.5311,27.5311,27.3951,28.6637,28.7515
Slovenia,Drained organic soils (N2O),Emissions (CO2eq) from N2O (AR5),kilotonnes,6.9827,7.0497,7.1168,7.1839,7.251,7.318,7.3851,7.508,7.4975,7.549,7.5867,7.8067,7.8182,7.8344,8.3188,8.3212,8.3234,8.3314,8.2917,7.8411,7.8486
Slovenia,Drained organic soils (N2O),Emissions (CO2eq) (AR5),kilotonnes,27.6725,27.8641,27.5174,27.4693,26.678,26.678,26.6026,26.4665,26.7236,27.3647,27.3647,27.3647,27.3647,27.3467,27.5151,27.5151,27.5311,27.5311,27.3951,28.6637,28.7515
Slovenia,Drained organic soils (N2O),Emissions (CO2eq) (AR5),kilotonnes,6.9827,7.0497,7.1168,7.1839,7.251,7.318,7.3851,7.508,7.4975,7.549,7.5867,7.8067,7.8182,7.8344,8.3188,8.3212,8.3234,8.3314,8.2917,7.8411,7.8486
Slovenia,On-farm energy use,Emissions (CH4),kilotonnes,0.0448,0.0478,0.0569,0.0601,0.051,0.0542,0.0538,0.0648,0.0669,0.0434,0.0396,0.0375,0.0364,0.0316,0.0351,0.0354,0.0314,0.0347,0.0345,0.0345,0.0345
Slovenia,On-farm energy use,Emissions (N2O),kilotonnes,0.0881,0.0869,0.0856,0.0893,0.0843,0.0855,0.0867,0.0855,0.088,0.0756,0.0768,0.0743,0.078,0.0767,0.0805,0.0805,0.0804,0.0792,0.0792,0.079,0.079
Slovenia,On-farm energy use,Emissions (CO2),kilotonnes,332.9353,333.6488,326.1808,337.608,322.8819,328.1877,329.5864,323.8599,324.5999,273.8495,273.4059,258.6341,263.6423,258.3539,270.9613,274.3108,272.4979,272.0795,271.4951,271.9357,271.9357
Slovenia,On-farm energy use,Emissions (CO2eq) from CH4 (AR5),kilotonnes,1.2556,1.3382,1.5945,1.6828,1.429,1.5187,1.5063,1.8134,1.8723,1.2165,1.1077,1.0514,1.0201,0.8834,0.9827,0.9899,0.8792,0.9707,0.9669,0.9649,0.9649
Slovenia,On-farm energy use,Emissions (CO2eq) from N2O (AR5),kilotonnes,23.3376,23.0187,22.6934,23.6678,22.3351,22.6638,22.9876,22.6657,23.317,20.025,20.3422,19.6852,20.6597,20.3271,21.3274,21.3275,21.3032,21.0001,20.9997,20.9348,20.9348
Slovenia,On-farm energy use,Emissions (CO2eq) (AR5),kilotonnes,357.5285,358.0057,350.4687,362.9587,346.646,352.3703,354.0803,348.3391,349.7892,295.0909,294.8558,279.3707,285.3221,279.5645,293.2714,296.6282,294.6804,294.0504,293.4617,293.8355,293.8355
Slovenia,Forestland,Emissions (CO2),kilotonnes,-9507.003,-11895.4935,-11895.4935,-11895.4935,-11895.4935,-11895.4935,-11895.4935,-11895.4935,-11895.4935,-11895.4935,-11895.4935,-5092.0397,-5092.0397,-5092.0397,-5092.0397,-5092.0397,-965.2655,-965.2655,-965.2655,-965.2655,-965.2655
Slovenia,Forestland,Emissions (CO2),kilotonnes,-6046.9023,-6132.0833,-7232.1984,-7244.9526,-7258.0155,-7271.0404,-7284.0273,-7302.5501,-7147.7052,-7147.3805,-7147.0561,-7144.8076,-7142.5642,-5360.0299,757.8534,874.6214,991.4341,1109.3084,1228.2443,-4597.1122,-4555.0278
Slovenia,Forestland,Emissions (CO2eq) (AR5),kilotonnes,-9507.003,-11895.4935,-11895.4935,-11895.4935,-11895.4935,-11895.4935,-11895.4935,-11895.4935,-11895.4935,-11895.4935,-11895.4935,-5092.0397,-5092.0397,-5092.0397,-5092.0397,-5092.0397,-965.2655,-965.2655,-965.2655,-965.2655,-965.2655
Slovenia,Forestland,Emissions (CO2eq) (AR5),kilotonnes,-6046.9023,-6132.0833,-7232.1984,-7244.9526,-7258.0155,-7271.0404,-7284.0273,-7302.5501,-7147.7052,-7147.3805,-7147.0561,-7144.8076,-7142.5642,-5360.0299,757.8534,874.6214,991.4341,1109.3084,1228.2443,-4597.1122,-4555.0278
Slovenia,Net Forest conversion,Emissions (CO2),kilotonnes,0,228.0502,228.0502,228.0502,228.0502,228.0502,228.0502,228.0502,228.0502,228.0502,228.0502,2315.8524,2315.8524,2315.8524,2315.8524,2315.8524,1162.213,1162.213,1162.213,1162.213,1162.213
Slovenia,Net Forest conversion,Emissions (CO2),kilotonnes,293.3317,297.9849,302.8675,523.2792,533.5362,545.2022,557.6509,359.3345,363.7895,368.2909,372.9778,377.2963,381.9394,173.4059,171.2941,169.5632,167.0343,164.9742,162.0938,160.6989,159.2161
Slovenia,Net Forest conversion,Emissions (CO2eq) (AR5),kilotonnes,0,228.0502,228.0502,228.0502,228.0502,228.0502,228.0502,228.0502,228.0502,228.0502,228.0502,2315.8524,2315.8524,2315.8524,2315.8524,2315.8524,1162.213,1162.213,1162.213,1162.213,1162.213
Slovenia,Net Forest conversion,Emissions (CO2eq) (AR5),kilotonnes,293.3317,297.9849,302.8675,523.2792,533.5362,545.2022,557.6509,359.3345,363.7895,368.2909,372.9778,377.2963,381.9394,173.4059,171.2941,169.5632,167.0343,164.9742,162.0938,160.6989,159.2161
Slovenia,Savanna fires,Emissions (CH4),kilotonnes,0.0004,0,0,0.0059,0,0,0.0011,0,0,0,0,0.0008,0.0021,0,0,0,0.0026,0.0007,0,0,0
Slovenia,Savanna fires,Emissions (N2O),kilotonnes,0,0,0,0.0005,0,0,0.0001,0,0,0,0,0.0001,0.0002,0,0,0,0.0002,0.0001,0,0,0
Slovenia,Savanna fires,Emissions (CO2eq) from CH4 (AR5),kilotonnes,0.0125,0,0,0.1639,0,0,0.032,0,0,0,0,0.0229,0.0593,0,0,0,0.0719,0.0183,0,0,0
Slovenia,Savanna fires,Emissions (CO2eq) from N2O (AR5),kilotonnes,0.0109,0,0,0.1417,0,0,0.0277,0,0,0,0,0.0198,0.0512,0,0,0,0.0621,0.0158,0,0,0
Slovenia,Savanna fires,Emissions (CO2eq) (AR5),kilotonnes,0.0234,0,0,0.3056,0,0,0.0597,0,0,0,0,0.0426,0.1106,0,0,0,0.1341,0.0341,0,0,0
Slovenia,Fires in organic soils,Emissions (CH4),kilotonnes,0,0,0,0,0,0,0,0,0,0,0,0,0,0,0,0,0,0,0,0,0
Slovenia,Fires in organic soils,Emissions (CO2),kilotonnes,0,0,0,0,0,0,0,0,0,0,0,0,0,0,0,0,0,0,0,0,0
Slovenia,Fires in organic soils,Emissions (CO2eq) from CH4 (AR5),kilotonnes,0,0,0,0,0,0,0,0,0,0,0,0,0,0,0,0,0,0,0,0,0
Slovenia,Fires in organic soils,Emissions (CO2eq) (AR5),kilotonnes,0,0,0,0,0,0,0,0,0,0,0,0,0,0,0,0,0,0,0,0,0
Slovenia,Forest fires,Emissions (CH4),kilotonnes,0.0071,0.005,0,0.0624,0.0025,0,0.0324,0.005,0,0.01,0,0.1347,0.0723,0.0025,0.0075,0,0.0025,0,0.0225,0.0075,0
Slovenia,Forest fires,Emissions (N2O),kilotonnes,0.0004,0.0005,0,0.0057,0.0002,0,0.003,0.0005,0,0.0009,0,0.0123,0.0066,0.0002,0.0007,0,0.0002,0,0.002,0.0007,0
Slovenia,Forest fires,Emissions (CO2eq) from CH4 (AR5),kilotonnes,0.1975,0.1397,0,1.7461,0.0699,0,0.9079,0.1397,0,0.2794,0,3.7715,2.0256,0.0698,0.2096,0,0.0699,0,0.6286,0.2096,0
Slovenia,Forest fires,Emissions (CO2eq) from N2O (AR5),kilotonnes,0.1034,0.1207,0,1.5088,0.0604,0,0.7846,0.1207,0,0.2414,0,3.2591,1.7504,0.0604,0.1811,0,0.0604,0,0.5432,0.1811,0
Slovenia,Forest fires,Emissions (CO2eq) (AR5),kilotonnes,0.3008,0.2604,0,3.2549,0.1302,0,1.6925,0.2604,0,0.5208,0,7.0306,3.7761,0.1302,0.3906,0,0.1302,0,1.1719,0.3906,0
Slovenia,Fires in humid tropical forests,Emissions (CH4),kilotonnes,0,0,0,0,0,0,0,0,0,0,0,0,0,0,0,0,0,0,0,0,0
Slovenia,Fires in humid tropical forests,Emissions (N2O),kilotonnes,0,0,0,0,0,0,0,0,0,0,0,0,0,0,0,0,0,0,0,0,0
Slovenia,Fires in humid tropical forests,Emissions (CO2eq) from CH4 (AR5),kilotonnes,0,0,0,0,0,0,0,0,0,0,0,0,0,0,0,0,0,0,0,0,0
Slovenia,Fires in humid tropical forests,Emissions (CO2eq) from N2O (AR5),kilotonnes,0,0,0,0,0,0,0,0,0,0,0,0,0,0,0,0,0,0,0,0,0
Slovenia,Fires in humid tropical forests,Emissions (CO2eq) (AR5),kilotonnes,0,0,0,0,0,0,0,0,0,0,0,0,0,0,0,0,0,0,0,0,0
Slovenia,Waste - agri-food systems,Emissions (CH4),kilotonnes,19.3148,8.4558,8.6834,9.0579,8.8027,9.0281,8.854,9.0376,15.4989,15.0108,14.9522,14.8724,14.1693,13.6531,13.6251,13.9585,13.9855,13.697,13.4196,13.1511,12.8793
Slovenia,Waste - agri-food systems,Emissions (N2O),kilotonnes,0.0973,0.0958,0.0936,0.0959,0.0951,0.0941,0.094,0.095,0.0978,0.099,0.0995,0.0991,0.0983,0.0962,0.0998,0.0979,0.0993,0.1042,0.1103,0.1167,0.123
Slovenia,Waste - agri-food systems,Emissions (CO2),kilotonnes,18.6376,18.66,18.7526,18.9351,19.0526,19.0924,19.1604,19.3149,19.4318,19.3548,19.3172,19.3704,19.2902,19.3206,19.3459,19.2294,19.2591,19.3234,19.4087,19.4089,19.4003
Slovenia,Waste - agri-food systems,Emissions (CO2eq) from CH4 (AR5),kilotonnes,540.8148,236.7614,243.1339,253.6219,246.4746,252.786,247.9124,253.0539,433.9691,420.3025,418.6625,416.4283,396.74,382.2868,381.5031,390.8373,391.5947,383.5167,375.7482,368.2297,360.6208
Slovenia,Waste - agri-food systems,Emissions (CO2eq) from N2O (AR5),kilotonnes,25.7855,25.3745,24.8059,25.4106,25.2098,24.9307,24.9165,25.1693,25.9097,26.2304,26.3715,26.2635,26.0554,25.5011,26.4536,25.9545,26.3084,27.6164,29.2283,30.9178,32.6022
Slovenia,Waste - agri-food systems,Emissions (CO2eq) (AR5),kilotonnes,585.2379,280.7959,286.6925,297.9676,290.7369,296.809,291.9893,297.5381,479.3107,465.8877,464.3512,462.0622,442.0857,427.1085,427.3026,436.0212,437.1622,430.4565,424.3852,418.5564,412.6234
Slovenia,Fertilizers Manufacturing,Emissions (N2O),kilotonnes,0.0004,0.0004,0.0004,0.0005,0.0006,0,0,0,0,0,0,0,0,0,0,0,0,0,0,0,0
Slovenia,Fertilizers Manufacturing,Emissions (CO2),kilotonnes,0.6104,0.6458,0.6546,0.6991,0.8828,0.0262,0.0267,0.0267,0.0284,0.0252,0.0255,0.0253,0.0245,0.0233,0.0207,0.0209,0.0211,0.0217,0.0219,0.0209,0.0187
Slovenia,Fertilizers Manufacturing,Emissions (CO2eq) from N2O (AR5),kilotonnes,0.104,0.106,0.106,0.1325,0.159,0,0,0,0,0,0,0,0,0,0,0,0,0,0,0,0
Slovenia,Fertilizers Manufacturing,Emissions (CO2eq) (AR5),kilotonnes,0.7144,0.7518,0.7606,0.8316,1.0418,0.0262,0.0267,0.0267,0.0284,0.0252,0.0255,0.0253,0.0245,0.0233,0.0207,0.0209,0.0211,0.0217,0.0219,0.0209,0.0187
Slovenia,On-farm electricity use,Emissions (CH4),kilotonnes,0,0,0,0,0,0,0,0,0,0,0,0,0,0,0,0,0,0,0,0,0
Slovenia,On-farm electricity use,Emissions (N2O),kilotonnes,0,0,0,0,0,0,0,0,0,0,0,0,0,0,0,0,0,0,0,0,0
Slovenia,On-farm electricity use,Emissions (CO2),kilotonnes,0,0,0,0,0,0,0,0,0,0,0,0,0,0,0,0,0,0,0,0,0
Slovenia,On-farm electricity use,Emissions (CO2eq) from CH4 (AR5),kilotonnes,0,0,0,0,0,0,0,0,0,0,0,0,0,0,0,0,0,0,0,0,0
Slovenia,On-farm electricity use,Emissions (CO2eq) from N2O (AR5),kilotonnes,0,0,0,0,0,0,0,0,0,0,0,0,0,0,0,0,0,0,0,0,0
Slovenia,On-farm electricity use,Emissions (CO2eq) (AR5),kilotonnes,0,0,0,0,0,0,0,0,0,0,0,0,0,0,0,0,0,0,0,0,0
Slovenia,Food Processing,Emissions (CH4),kilotonnes,0.3162,0.3232,0.3107,0.375,0.3539,0.3886,0.4663,0.4186,0.3887,0.3665,0.365,0.3636,0.3578,0.3454,0.361,0.3732,0.3712,0.3887,0.4207,0.4207,0.4193
Slovenia,Food Processing,Emissions (N2O),kilotonnes,0.0028,0.0028,0.0026,0.003,0.0027,0.0029,0.0034,0.0028,0.0026,0.0024,0.0025,0.0024,0.0024,0.0023,0.0024,0.0024,0.0024,0.0024,0.0027,0.0027,0.0025
Slovenia,Food Processing,Emissions (CO2),kilotonnes,346.7276,345.9015,330.6561,408.5335,338.4461,348.4779,424.4787,336.927,321.4813,282.1659,270.7501,279.6019,257.7458,257.2428,287.455,274.9746,271.1227,277.4797,321.9749,321.9749,287.6661
Slovenia,Food Processing,Emissions (CO2eq) from CH4 (AR5),kilotonnes,8.8536,9.0496,8.6996,10.5,9.9092,10.8808,13.0564,11.7208,10.8836,10.262,10.22,10.1808,10.0184,9.6712,10.108,10.4496,10.3936,10.8836,11.7796,11.7796,11.7391
Slovenia,Food Processing,Emissions (CO2eq) from N2O (AR5),kilotonnes,0.742,0.742,0.689,0.795,0.7155,0.7685,0.901,0.742,0.689,0.636,0.6625,0.636,0.636,0.6095,0.636,0.636,0.636,0.636,0.7155,0.7155,0.6611
Slovenia,Food Processing,Emissions (CO2eq) (AR5),kilotonnes,356.3232,355.6931,340.0447,419.8285,349.0708,360.1272,438.4361,349.3898,333.0539,293.0639,281.6326,290.4187,268.4002,267.5235,298.199,286.0602,282.1523,288.9993,334.47,334.47,300.0663
Slovenia,Food Packaging,Emissions (CH4),kilotonnes,0.3503,0.6857,0.6457,0.5262,0.5557,0.5472,0.5431,0.6175,0.5119,0.3925,0.4349,0.4645,0.4717,0.4776,0.5103,0.5399,0.5134,0.5268,0.5794,0.5736,0.5716
Slovenia,Food Packaging,Emissions (N2O),kilotonnes,0.0027,0.0057,0.0052,0.0037,0.0041,0.0041,0.0038,0.0041,0.0036,0.0029,0.0032,0.0035,0.0036,0.0035,0.0037,0.0038,0.0035,0.0036,0.0041,0.004,0.0037
Slovenia,Food Packaging,Emissions (CO2),kilotonnes,306.5831,589.6603,555.6555,408.2777,442.9574,448.6659,432.5878,468.9203,411.6712,320.1504,341.8178,368.6235,362.8954,369.2371,379.1285,393.1798,377.9196,384.2517,430.9573,429.7892,383.992
Slovenia,Food Packaging,Emissions (CO2eq) from CH4 (AR5),kilotonnes,9.8084,19.1996,18.0796,14.7336,15.5596,15.3216,15.2068,17.29,14.3332,10.99,12.1772,13.006,13.2076,13.3728,14.2884,15.1172,14.3752,14.7504,16.2232,16.0608,16.0056
Slovenia,Food Packaging,Emissions (CO2eq) from N2O (AR5),kilotonnes,0.7155,1.5105,1.378,0.9805,1.0865,1.0865,1.007,1.0865,0.954,0.7685,0.848,0.9275,0.954,0.9275,0.9805,1.007,0.9275,0.954,1.0865,1.06,0.9793
Slovenia,Food Packaging,Emissions (CO2eq) (AR5),kilotonnes,317.107,610.3704,575.1131,423.9918,459.6035,465.074,448.8016,487.2968,426.9584,331.9089,354.843,382.557,377.057,383.5374,394.3974,409.304,393.2223,399.9561,448.267,446.91,400.9769
Slovenia,Food Retail,Emissions (CH4),kilotonnes,0.3438,0.3661,0.449,0.3284,0.3734,0.3427,0.3535,0.3564,0.4273,0.4246,0.4368,0.4669,0.4564,0.4659,0.4465,0.4625,0.4789,0.5068,0.4725,0.5102,0.5084
Slovenia,Food Retail,Emissions (N2O),kilotonnes,0.0025,0.003,0.0032,0.0023,0.0025,0.0024,0.0023,0.0022,0.0028,0.0027,0.0028,0.0029,0.0028,0.0027,0.0026,0.0027,0.0028,0.0029,0.0027,0.003,0.0028
Slovenia,Food Retail,Emissions (CO2),kilotonnes,243.811,313.1378,335.7247,237.5954,256.4075,236.72,225.8816,208.2117,266.9009,244.0596,243.0079,275.504,244.8799,251.4192,234.7934,247.1931,263.3134,264.3369,239.7303,268.0714,239.5064
Slovenia,Food Retail,Emissions (CO2eq) from F-gases (AR5),kilotonnes,157.4085,196.8905,235.3335,280.53,329.363,372.4815,414.561,456.6405,462.8745,465.9915,467.55,468.589,469.1085,470.1475,470.1475,470.1475,509.11,518.9805,529.3705,539.241,532.0126
Slovenia,Food Retail,Emissions (CO2eq) from CH4 (AR5),kilotonnes,9.6264,10.2508,12.572,9.1952,10.4552,9.5956,9.898,9.9792,11.9644,11.8888,12.2304,13.0732,12.7792,13.0452,12.502,12.95,13.4092,14.1904,13.23,14.2856,14.2365
Slovenia,Food Retail,Emissions (CO2eq) from N2O (AR5),kilotonnes,0.6625,0.795,0.848,0.6095,0.6625,0.636,0.6095,0.583,0.742,0.7155,0.742,0.7685,0.742,0.7155,0.689,0.7155,0.742,0.7685,0.7155,0.795,0.7345
Slovenia,Food Retail,Emissions (CO2eq) (AR5),kilotonnes,411.5084,521.0741,584.4782,527.9301,596.8882,619.4331,650.9501,675.4144,742.4818,722.6554,723.5303,757.9347,727.5096,735.3274,718.1319,731.0061,786.5746,798.2763,783.0463,822.393,786.49
Slovenia,Food Household Consumption,Emissions (CH4),kilotonnes,0.4705,0.4707,0.4986,0.5447,0.5297,0.5165,0.5326,0.5213,0.5502,0.5483,0.5591,0.5531,0.5449,0.551,0.5311,0.5437,0.5526,0.5633,0.5694,0.5694,0.5674
Slovenia,Food Household Consumption,Emissions (N2O),kilotonnes,0.0036,0.0035,0.0038,0.0042,0.0041,0.004,0.0038,0.0035,0.0038,0.0038,0.0039,0.0037,0.0037,0.0035,0.0033,0.0033,0.0034,0.0034,0.0034,0.0034,0.0031
Slovenia,Food Household Consumption,Emissions (CO2),kilotonnes,385.0792,380.4245,425.7882,463.9756,448.8651,432.0599,426.6052,385.6266,414.5934,383.8645,383.5112,392.0788,372.5557,360.348,328.8309,341.7616,345.6361,348.1496,344.4016,344.4016,307.7031
Slovenia,Food Household Consumption,Emissions (CO2eq) from CH4 (AR5),kilotonnes,13.174,13.1796,13.9608,15.2516,14.8316,14.462,14.9128,14.5964,15.4056,15.3524,15.6548,15.4868,15.2572,15.428,14.8708,15.2236,15.4728,15.7724,15.9432,15.9432,15.8884
Slovenia,Food Household Consumption,Emissions (CO2eq) from N2O (AR5),kilotonnes,0.954,0.9275,1.007,1.113,1.0865,1.06,1.007,0.9275,1.007,1.007,1.0335,0.9805,0.9805,0.9275,0.8745,0.8745,0.901,0.901,0.901,0.901,0.8324
Slovenia,Food Household Consumption,Emissions (CO2eq) (AR5),kilotonnes,399.2072,394.5316,440.756,480.3402,464.7832,447.5819,442.525,401.1505,431.006,400.2239,400.1995,408.5461,388.7934,376.7035,344.5762,357.8597,362.0099,364.823,361.2458,361.2458,324.4239
Slovenia,Food Transport,Emissions (CH4),kilotonnes,0.0582,0.0556,0.0514,0.0477,0.0414,0.0386,0.0367,0.0354,0.0361,0.0305,0.0285,0.0268,0.0242,0.022,0.0204,0.0185,0.0185,0.0174,0.0167,0.0084,0.0084
Slovenia,Food Transport,Emissions (N2O),kilotonnes,0.0129,0.0132,0.0133,0.0133,0.0131,0.0135,0.014,0.0154,0.0172,0.0146,0.0149,0.0165,0.0168,0.0163,0.0173,0.0172,0.018,0.0173,0.0173,0.0184,0.017
Slovenia,Food Transport,Emissions (CO2),kilotonnes,274.1394,286.4594,295.4099,300.0299,313.8899,334.6799,353.1599,399.3599,468.4534,393.2674,403.2774,430.7234,431.7674,409.1634,411.4059,408.5999,436.8834,421.8716,421.8716,465.1483,415.5833
Slovenia,Food Transport,Emissions (CO2eq) from CH4 (AR5),kilotonnes,1.6296,1.5568,1.4392,1.3356,1.1592,1.0808,1.0276,0.9912,1.0108,0.854,0.798,0.7504,0.6776,0.616,0.5712,0.518,0.518,0.4872,0.4676,0.2352,0.2344
Slovenia,Food Transport,Emissions (CO2eq) from N2O (AR5),kilotonnes,3.4185,3.498,3.5245,3.5245,3.4715,3.5775,3.71,4.081,4.558,3.869,3.9485,4.3725,4.452,4.3195,4.5845,4.558,4.77,4.5845,4.5845,4.876,4.505
Slovenia,Food Transport,Emissions (CO2eq) (AR5),kilotonnes,279.1875,291.5142,300.3736,304.89,318.5206,339.3382,357.8975,404.4321,474.0222,397.9904,408.0239,435.8463,436.897,414.0989,416.5616,413.6759,442.1714,426.9433,426.9237,470.2595,420.3227
Slovenia,Energy,Emissions (CH4),kilotonnes,52.6,51.2,57.5,58.6,59.8,59.9,61.4,63.1,62.3,64.4,66.4,67.3,64.4,64.5,55.7,58.9,60.5,60.6,59.2,58.2,58
Slovenia,Energy,Emissions (N2O),kilotonnes,0.422,0.43,0.43,0.434,0.43,0.437,0.443,0.452,0.488,0.46,0.47,0.485,0.483,0.476,0.458,0.467,0.487,0.477,0.471,0.46,0.425
Slovenia,Energy,Emissions (CO2),kilotonnes,13800,14600,14800,14800,15200,15300,15600,15600,16600,14700,14900,14800,14300,13600,12100,12200,12300,12700,12800,12200,10900
Slovenia,Energy,Emissions (CO2eq) from CH4 (AR5),kilotonnes,1472.8,1433.6,1610,1640.8,1674.4,1677.2,1719.2,1766.8,1744.4,1803.2,1859.2,1884.4,1803.2,1806,1559.6,1649.2,1694,1696.8,1657.6,1629.6,1624
Slovenia,Energy,Emissions (CO2eq) from N2O (AR5),kilotonnes,111.83,113.95,113.95,115.01,113.95,115.805,117.395,119.78,129.32,121.9,124.55,128.525,127.995,126.14,121.37,123.755,129.055,126.405,124.815,121.9,112.625
Slovenia,Energy,Emissions (CO2eq) (AR5),kilotonnes,15384.63,16147.55,16523.95,16555.81,16988.35,17093.005,17436.595,17486.58,18473.72,16625.1,16883.75,16812.925,16231.195,15532.14,13780.97,13972.955,14123.055,14523.205,14582.415,13951.5,12636.625
Slovenia,IPPU,Emissions (CH4),kilotonnes,0.307,0.328,0.289,0.358,0.309,0.347,0.312,0.348,0.212,0.24,0.189,0.23,0.23,0.23,0.23,0.23,0.23,0.23,0.23,0.201,0.195
Slovenia,IPPU,Emissions (N2O),kilotonnes,0.138,0.138,0.138,0.139,0.139,0.14,0.15,0.161,0.172,0.183,0.194,0.195,0.196,0.196,0.197,0.197,0.197,0.198,0.198,0.456,0.456
Slovenia,IPPU,Emissions (CO2),kilotonnes,1400,1440,1380,1450,1530,1560,1540,1530,1450,1190,1130,1150,1170,1250,1280,1230,1210,1290,1320,1310,1240
Slovenia,IPPU,Emissions (CO2eq) from F-gases (AR5),kilotonnes,364.408,328.453,324.566,388.7018,454.7811,527.6627,558.7589,602.4878,651.0756,620.9512,673.4259,683.1435,735.6182,777.4037,818.2174,843.483,872.6356,837.6525,790.0365,724.9289,715.2114
Slovenia,IPPU,Emissions (CO2eq) from CH4 (AR5),kilotonnes,8.596,9.184,8.092,10.024,8.652,9.716,8.736,9.744,5.936,6.72,5.292,6.44,6.44,6.44,6.44,6.44,6.44,6.44,6.44,5.628,5.46
Slovenia,IPPU,Emissions (CO2eq) from N2O (AR5),kilotonnes,36.57,36.57,36.57,36.835,36.835,37.1,39.75,42.665,45.58,48.495,51.41,51.675,51.94,51.94,52.205,52.205,52.205,52.47,52.47,120.84,120.84
Slovenia,IPPU,Emissions (CO2eq) (AR5),kilotonnes,1809.574,1814.207,1749.228,1885.5608,2030.2681,2134.4787,2147.2449,2184.8968,2152.5916,1866.1662,1860.1279,1891.2585,1963.9982,2085.7837,2156.8624,2132.128,2141.2806,2186.5625,2168.9465,2161.3969,2081.5114
Slovenia,Waste,Emissions (CH4),kilotonnes,40.9,41.7,42,36.3,35.4,42.1,43.1,34.8,35.9,33.6,25.1,22,23.7,20.2,19.7,20.3,20.2,19.9,18.5,18,17.1
Slovenia,Waste,Emissions (N2O),kilotonnes,0.135,0.135,0.135,0.134,0.131,0.13,0.128,0.13,0.133,0.135,0.138,0.144,0.144,0.148,0.15,0.15,0.152,0.16,0.163,0.164,0.166
Slovenia,Waste,Emissions (CO2),kilotonnes,1.42,1.44,1.28,1.8,1.56,1.49,1.8,2.23,2.34,2.89,3.45,3.46,8.62,7.69,9,12,9.82,11.8,9.06,9.01,8.59
Slovenia,Waste,Emissions (CO2eq) from CH4 (AR5),kilotonnes,1145.2,1167.6,1176,1016.4,991.2,1178.8,1206.8,974.4,1005.2,940.8,702.8,616,663.6,565.6,551.6,568.4,565.6,557.2,518,504,478.8
Slovenia,Waste,Emissions (CO2eq) from N2O (AR5),kilotonnes,35.775,35.775,35.775,35.51,34.715,34.45,33.92,34.45,35.245,35.775,36.57,38.16,38.16,39.22,39.75,39.75,40.28,42.4,43.195,43.46,43.99
Slovenia,Waste,Emissions (CO2eq) (AR5),kilotonnes,1182.395,1204.815,1213.055,1053.71,1027.475,1214.74,1242.52,1011.08,1042.785,979.465,742.82,657.62,710.38,612.51,600.35,620.15,615.7,611.4,570.255,556.47,531.38
Slovenia,Other,Emissions (N2O),kilotonnes,0.27,0.27,0.269,0.265,0.268,0.26,0.252,0.247,0.26,0.216,0.213,0.211,0.204,0.194,0.181,0.166,0.169,0.162,0.156,0.142,0.133
Slovenia,Other,Emissions (CO2eq) from N2O (AR5),kilotonnes,71.55,71.55,71.285,70.225,71.02,68.9,66.78,65.455,68.9,57.24,56.445,55.915,54.06,51.41,47.965,43.99,44.785,42.93,41.34,37.63,35.245
Slovenia,Other,Emissions (CO2eq) (AR5),kilotonnes,71.55,71.55,71.285,70.225,71.02,68.9,66.78,65.455,68.9,57.24,56.445,55.915,54.06,51.41,47.965,43.99,44.785,42.93,41.34,37.63,35.245
Slovenia,Farm-gate emissions,Emissions (CH4),kilotonnes,46.1243,48.0739,46.6763,47.2868,44.7768,44.5283,43.7887,43.5879,45.2958,43.6351,43.6723,43.0132,42.0063,41.5381,41.37,41.7198,42.9807,42.9541,41.6992,41.8349,41.8231
Slovenia,Farm-gate emissions,Direct emissions (N2O),kilotonnes,1.287,1.3112,1.2783,1.2788,1.1993,1.1696,1.1726,1.1675,1.1374,1.1382,1.1509,1.1376,1.1075,1.1009,1.1427,1.1445,1.1438,1.1369,1.1278,1.15,1.1659
Slovenia,Farm-gate emissions,Indirect emissions (N2O),kilotonnes,0.4197,0.4277,0.4159,0.4206,0.3911,0.3804,0.3825,0.3806,0.3703,0.3699,0.3735,0.3679,0.3574,0.3568,0.3673,0.3684,0.3678,0.3669,0.3635,0.3698,0.3734
Slovenia,Farm-gate emissions,Emissions (N2O),kilotonnes,2.2533,2.2938,2.2368,2.2546,2.1138,2.066,2.0651,2.0546,2.0321,2.0055,2.0229,1.9946,1.9488,1.9393,1.9931,1.9992,2.0069,1.9979,1.9766,2.0101,2.0292
Slovenia,Farm-gate emissions,Emissions (CO2),kilotonnes,488.1151,489.8536,480.8661,492.0362,473.0058,478.3116,479.3771,472.9755,476.5052,429.3782,428.9346,414.1628,419.171,413.7779,427.4098,430.7593,429.1206,428.7023,427.4431,437.3994,437.5513
Slovenia,Farm-gate emissions,Emissions (CO2eq) from CH4 (AR5),kilotonnes,1291.4801,1346.0686,1306.9351,1324.03,1253.7505,1246.7929,1226.0844,1220.4611,1268.2836,1221.7815,1222.8242,1204.3685,1176.1775,1163.0672,1158.3609,1168.1543,1203.4599,1202.7145,1167.5765,1171.3778,1171.0454
Slovenia,Farm-gate emissions,Emissions (CO2eq) from N2O (AR5),kilotonnes,597.1215,607.8599,592.751,597.4558,560.1646,547.4917,547.2561,544.475,538.5103,531.4464,536.0564,528.571,516.4341,513.925,528.1669,529.7808,531.8352,529.4478,523.7962,532.6762,537.7443
Slovenia,Farm-gate emissions,Emissions (CO2eq) (AR5),kilotonnes,2376.7167,2443.7821,2380.5522,2413.5221,2286.9209,2272.5962,2252.7176,2237.9117,2283.299,2182.6061,2187.8153,2147.1023,2111.7825,2090.77,2113.9377,2128.6944,2164.4157,2160.8646,2118.8158,2141.4534,2146.341
Slovenia,Land Use change,Emissions (CH4),kilotonnes,0,0,0,0,0,0,0,0,0,0,0,0,0,0,0,0,0,0,0,0,0
Slovenia,Land Use change,Emissions (N2O),kilotonnes,0,0,0,0,0,0,0,0,0,0,0,0,0,0,0,0,0,0,0,0,0
Slovenia,Land Use change,Emissions (CO2),kilotonnes,0,228.0502,228.0502,228.0502,228.0502,228.0502,228.0502,228.0502,228.0502,228.0502,228.0502,2315.8524,2315.8524,2315.8524,2315.8524,2315.8524,1162.213,1162.213,1162.213,1162.213,1162.213
Slovenia,Land Use change,Emissions (CO2eq) from CH4 (AR5),kilotonnes,0,0,0,0,0,0,0,0,0,0,0,0,0,0,0,0,0,0,0,0,0
Slovenia,Land Use change,Emissions (CO2eq) from N2O (AR5),kilotonnes,0,0,0,0,0,0,0,0,0,0,0,0,0,0,0,0,0,0,0,0,0
Slovenia,Land Use change,Emissions (CO2eq) (AR5),kilotonnes,0,228.0502,228.0502,228.0502,228.0502,228.0502,228.0502,228.0502,228.0502,228.0502,228.0502,2315.8524,2315.8524,2315.8524,2315.8524,2315.8524,1162.213,1162.213,1162.213,1162.213,1162.213
Slovenia,Emissions on agricultural land,Emissions (CH4),kilotonnes,46.1243,48.0739,46.6763,47.2868,44.7768,44.5283,43.7887,43.5879,45.2958,43.6351,43.6723,43.0132,42.0063,41.5381,41.37,41.7198,42.9807,42.9541,41.6992,41.8349,41.8231
Slovenia,Emissions on agricultural land,Emissions (N2O),kilotonnes,2.2533,2.2938,2.2368,2.2546,2.1138,2.066,2.0651,2.0546,2.0321,2.0055,2.0229,1.9946,1.9488,1.9393,1.9931,1.9992,2.0069,1.9979,1.9766,2.0101,2.0292
Slovenia,Emissions on agricultural land,Emissions (CO2),kilotonnes,488.1151,717.9037,708.9163,720.0864,701.056,706.3617,707.4273,701.0257,704.5553,657.4283,656.9848,2730.0152,2735.0234,2729.6302,2743.2622,2746.6116,1591.3336,1590.9153,1589.6561,1599.6124,1599.7643
Slovenia,Emissions on agricultural land,Emissions (CO2eq) from CH4 (AR5),kilotonnes,1291.4801,1346.0686,1306.9351,1324.03,1253.7505,1246.7929,1226.0844,1220.4611,1268.2836,1221.7815,1222.8242,1204.3685,1176.1775,1163.0672,1158.3609,1168.1543,1203.4599,1202.7145,1167.5765,1171.3778,1171.0454
Slovenia,Emissions on agricultural land,Emissions (CO2eq) from N2O (AR5),kilotonnes,597.1215,607.8599,592.751,597.4558,560.1646,547.4917,547.2561,544.475,538.5103,531.4464,536.0564,528.571,516.4341,513.925,528.1669,529.7808,531.8352,529.4478,523.7962,532.6762,537.7443
Slovenia,Emissions on agricultural land,Emissions (CO2eq) (AR5),kilotonnes,2376.7167,2671.8322,2608.6024,2641.5722,2514.9711,2500.6464,2480.7677,2465.9618,2511.3492,2410.6562,2415.8655,4462.9547,4427.6349,4406.6224,4429.79,4444.5467,3326.6287,3323.0776,3281.0287,3303.6664,3308.554
Slovenia,Pre- and post- production,Emissions (CH4),kilotonnes,20.8538,10.3571,10.6388,10.8799,10.6568,10.8617,10.7862,10.9868,17.4131,16.7732,16.7765,16.7473,16.0243,15.515,15.4944,15.8963,15.9201,15.7,15.4783,15.2334,14.9545
Slovenia,Pre- and post- production,Emissions (N2O),kilotonnes,0.1222,0.1244,0.1221,0.1229,0.1222,0.121,0.1213,0.123,0.1278,0.1254,0.1268,0.1281,0.1276,0.1245,0.1291,0.1273,0.1294,0.1338,0.1405,0.1482,0.1521
Slovenia,Pre- and post- production,Emissions (CO2),kilotonnes,1575.5883,1934.8893,1962.6416,1838.0463,1820.5014,1819.7222,1881.9003,1818.3872,1902.5604,1642.8877,1661.7072,1765.9273,1689.1589,1666.7544,1660.9803,1684.9593,1714.1553,1715.4347,1778.3663,1848.8152,1653.8699
Slovenia,Pre- and post- production,Emissions (CO2eq) from F-gases (AR5),kilotonnes,157.4085,196.8905,235.3335,280.53,329.363,372.4815,414.561,456.6405,462.8745,465.9915,467.55,468.589,469.1085,470.1475,470.1475,470.1475,509.11,518.9805,529.3705,539.241,532.0126
Slovenia,Pre- and post- production,Emissions (CO2eq) from CH4 (AR5),kilotonnes,583.9068,289.9978,297.8851,304.6379,298.3894,304.1268,302.014,307.6315,487.5667,469.6497,469.7429,468.9255,448.68,434.42,433.8435,445.0957,445.7635,439.6007,433.3918,426.5341,418.7249
Slovenia,Pre- and post- production,Emissions (CO2eq) from N2O (AR5),kilotonnes,32.382,32.9535,32.3584,32.5656,32.3913,32.0592,32.151,32.5893,33.8597,33.2264,33.606,33.9485,33.8199,33.0006,34.2181,33.7455,34.2849,35.4604,37.2313,39.2653,40.3146
Slovenia,Pre- and post- production,Emissions (CO2eq) (AR5),kilotonnes,2349.2856,2454.7311,2528.2187,2455.7798,2480.645,2528.3896,2630.6263,2615.2484,2886.8614,2611.7554,2632.606,2737.3903,2640.7674,2604.3225,2599.1894,2633.948,2703.3137,2709.4762,2778.3599,2853.8556,2644.9219
Slovenia,Agri-food systems,Emissions (CH4),kilotonnes,66.9781,58.4309,57.315,58.1667,55.4336,55.39,54.5749,54.5747,62.7089,60.4083,60.4488,59.7605,58.0306,57.0531,56.8644,57.6161,58.9008,58.6541,57.1774,57.0683,56.7775
Slovenia,Agri-food systems,Emissions (N2O),kilotonnes,2.3755,2.4182,2.3589,2.3774,2.2361,2.187,2.1864,2.1776,2.1599,2.1308,2.1497,2.1227,2.0764,2.0639,2.1222,2.1265,2.1363,2.1317,2.1171,2.1583,2.1814
Slovenia,Agri-food systems,Emissions (CO2),kilotonnes,2063.7034,2652.793,2671.5579,2558.1327,2521.5573,2526.084,2589.3276,2519.4128,2607.1157,2300.3161,2318.6919,4495.9425,4424.1823,4396.3846,4404.2424,4431.5709,3305.489,3306.3499,3368.0224,3448.4276,3253.6342
Slovenia,Agri-food systems,Emissions (CO2eq) from F-gases (AR5),kilotonnes,157.4085,196.8905,235.3335,280.53,329.363,372.4815,414.561,456.6405,462.8745,465.9915,467.55,468.589,469.1085,470.1475,470.1475,470.1475,509.11,518.9805,529.3705,539.241,532.0126
Slovenia,Agri-food systems,Emissions (CO2eq) from CH4 (AR5),kilotonnes,1875.3869,1636.0665,1604.8202,1628.6679,1552.1399,1550.9196,1528.0983,1528.0926,1755.8503,1691.4312,1692.5671,1673.294,1624.8575,1597.4872,1592.2044,1613.25,1649.2234,1642.3152,1600.9682,1597.9119,1589.7703
Slovenia,Agri-food systems,Emissions (CO2eq) from N2O (AR5),kilotonnes,629.5035,640.8133,625.1095,630.0214,592.5559,579.5509,579.4071,577.0644,572.37,564.6728,569.6624,562.5195,550.254,546.9256,562.385,563.5263,566.1201,564.9082,561.0275,571.9415,578.0588
Slovenia,Agri-food systems,Emissions (CO2eq) (AR5),kilotonnes,4726.0023,5126.5633,5136.8211,5097.3521,4995.616,5029.036,5111.3941,5081.2103,5398.2105,5022.4116,5048.4715,7200.345,7068.4023,7010.9449,7028.9794,7078.4948,6029.9425,6032.5538,6059.3886,6157.522,5953.4759
Slovenia,IPCC Agriculture,Emissions (CH4),kilotonnes,46.0794,48.0261,46.6193,47.2267,44.7258,44.4741,43.7349,43.5231,45.229,43.5916,43.6327,42.9756,41.9699,41.5066,41.3349,41.6844,42.9493,42.9194,41.6646,41.8005,41.7886
Slovenia,IPCC Agriculture,Emissions (CH4),kilotonnes,48.3271,47.5568,49.3288,46.6939,45.8463,46.5281,46.3437,48.2945,46.8697,46.3429,45.5215,45.3153,44.9065,44.5221,45.4368,46.8582,47.686,46.7679,46.5129,46.9642,46.9143
Slovenia,IPCC Agriculture,Direct emissions (N2O),kilotonnes,1.287,1.3112,1.2783,1.2788,1.1993,1.1696,1.1726,1.1675,1.1374,1.1382,1.1509,1.1376,1.1075,1.1009,1.1427,1.1445,1.1438,1.1369,1.1278,1.15,1.1659
Slovenia,IPCC Agriculture,Indirect emissions (N2O),kilotonnes,0.4197,0.4277,0.4159,0.4206,0.3911,0.3804,0.3825,0.3806,0.3703,0.3699,0.3735,0.3679,0.3574,0.3568,0.3673,0.3684,0.3678,0.3669,0.3635,0.3698,0.3734
Slovenia,IPCC Agriculture,Emissions (N2O),kilotonnes,2.1652,2.2069,2.1512,2.1652,2.0295,1.9805,1.9784,1.9691,1.9441,1.9299,1.9461,1.9203,1.8708,1.8626,1.9126,1.9187,1.9265,1.9187,1.8973,1.9311,1.9502
Slovenia,IPCC Agriculture,Emissions (N2O),kilotonnes,1.9069,1.8973,1.9415,1.8551,1.7702,1.7607,1.7759,1.8047,1.6805,1.7427,1.7173,1.6843,1.6591,1.6448,1.7295,1.7481,1.7465,1.7133,1.7213,1.7361,1.7461
Slovenia,IPCC Agriculture,Emissions (CO2),kilotonnes,33.3753,33.0356,32.0011,33.5074,28.4007,29.0673,28.712,27.3721,22.8869,30.2387,27.8346,24.7803,26.9988,26.3796,25.3018,24.2647,24.3538,23.0662,26.3559,28.1823,30.6198
Slovenia,IPCC Agriculture,Emissions (CO2eq) from CH4 (AR5),kilotonnes,1290.2245,1344.7304,1305.3406,1322.3472,1252.3215,1245.2742,1224.5781,1218.6477,1266.4113,1220.565,1221.7165,1203.3171,1175.1574,1162.1838,1157.3783,1167.1644,1202.5807,1201.7438,1166.6096,1170.4129,1170.0805
Slovenia,IPCC Agriculture,Emissions (CO2eq) from CH4 (AR5),kilotonnes,1353.1597,1331.5901,1381.2053,1307.4281,1283.6955,1302.7882,1297.6246,1352.2447,1312.3524,1297.6021,1274.6012,1268.829,1257.3818,1246.6199,1272.2302,1312.0308,1335.2088,1309.5014,1302.3618,1314.997,1313.5995
Slovenia,IPCC Agriculture,Emissions (CO2eq) from N2O (AR5),kilotonnes,573.7839,584.8412,570.0576,573.788,537.8295,524.8279,524.2684,521.8093,515.1933,511.4214,515.7142,508.8859,495.7744,493.5979,506.8396,508.4532,510.532,508.4477,502.7965,511.7414,516.8094
Slovenia,IPCC Agriculture,Emissions (CO2eq) from N2O (AR5),kilotonnes,505.3298,502.7727,514.5043,491.5964,469.1083,466.582,470.6196,478.2409,445.3411,461.8051,455.0852,446.3481,439.6679,435.8712,458.327,463.242,462.8283,454.0127,456.1411,460.0556,462.7258
Slovenia,IPCC Agriculture,Emissions (CO2eq) (AR5),kilotonnes,1864.0084,1929.5716,1875.3982,1896.1352,1790.151,1770.102,1748.8465,1740.457,1781.6045,1731.9864,1737.4308,1712.203,1670.9317,1655.7816,1664.2178,1675.6177,1713.1126,1710.1915,1669.4061,1682.1542,1686.8899
Slovenia,IPCC Agriculture,Emissions (CO2eq) (AR5),kilotonnes,1891.8648,1867.3984,1927.7108,1832.5319,1781.2046,1798.4374,1796.9562,1857.8577,1780.5804,1789.6459,1757.521,1739.9574,1724.0485,1708.8707,1755.8589,1799.5376,1822.3909,1786.5803,1784.8587,1803.2349,1806.945
Slovenia,Agricultural Soils,Direct emissions (N2O),kilotonnes,1.287,1.3112,1.2783,1.2788,1.1993,1.1696,1.1726,1.1675,1.1374,1.1382,1.1509,1.1376,1.1075,1.1009,1.1427,1.1445,1.1438,1.1369,1.1278,1.15,1.1659
Slovenia,Agricultural Soils,Direct emissions (N2O),kilotonnes,1.2157,1.211,1.2309,1.1802,1.1252,1.1135,1.1252,1.1369,1.0525,1.0961,1.0826,1.0663,1.0465,1.0389,1.1021,1.109,1.1033,1.0811,1.0886,1.1031,1.112
Slovenia,Agricultural Soils,Indirect emissions (N2O),kilotonnes,0.4197,0.4277,0.4159,0.4206,0.3911,0.3804,0.3825,0.3806,0.3703,0.3699,0.3735,0.3679,0.3574,0.3568,0.3673,0.3684,0.3678,0.3669,0.3635,0.3698,0.3734
Slovenia,Agricultural Soils,Indirect emissions (N2O),kilotonnes,0.4098,0.4068,0.4163,0.3974,0.3771,0.3746,0.3791,0.3837,0.3555,0.3715,0.364,0.3549,0.351,0.3478,0.363,0.3656,0.3654,0.3581,0.3616,0.363,0.3661
Slovenia,Agricultural Soils,Emissions (N2O),kilotonnes,1.8112,1.844,1.798,1.8031,1.6911,1.6507,1.6555,1.6479,1.6085,1.6114,1.6276,1.6087,1.5682,1.561,1.6139,1.6168,1.6155,1.6077,1.5947,1.628,1.6478
Slovenia,Agricultural Soils,Emissions (N2O),kilotonnes,1.6256,1.6178,1.6472,1.5776,1.5024,1.4881,1.5043,1.5206,1.408,1.4676,1.4466,1.4211,1.3975,1.3867,1.4651,1.4746,1.4687,1.4392,1.4502,1.4661,1.4781
Slovenia,Agricultural Soils,Emissions (CO2eq) from N2O (AR5),kilotonnes,479.9559,488.6588,476.4597,477.8257,448.1344,437.4312,438.7037,436.6981,426.2551,427.0214,431.3249,426.3177,415.5691,413.6531,427.6784,428.4434,428.1013,426.0519,422.5931,431.4185,436.6616
Slovenia,Agricultural Soils,Emissions (CO2eq) from N2O (AR5),kilotonnes,430.7721,428.72,436.5117,418.069,398.1255,394.3586,398.6327,402.9557,373.1233,388.9037,383.351,376.6015,370.335,367.4631,388.2516,390.7676,389.2078,381.3906,384.3109,388.5224,391.6912
Slovenia,Agricultural Soils,Emissions (CO2eq) (AR5),kilotonnes,479.9559,488.6588,476.4597,477.8257,448.1344,437.4312,438.7037,436.6981,426.2551,427.0214,431.3249,426.3177,415.5691,413.6531,427.6784,428.4434,428.1013,426.0519,422.5931,431.4185,436.6616
Slovenia,Agricultural Soils,Emissions (CO2eq) (AR5),kilotonnes,430.7721,428.72,436.5117,418.069,398.1255,394.3586,398.6327,402.9557,373.1233,388.9037,383.351,376.6015,370.335,367.4631,388.2516,390.7676,389.2078,381.3906,384.3109,388.5224,391.6912
Slovenia,LULUCF,Emissions (CH4),kilotonnes,0.0071,0.005,0,0.0624,0.0025,0,0.0324,0.005,0,0.01,0,0.1347,0.0723,0.0025,0.0075,0,0.0025,0,0.0225,0.0075,0
Slovenia,LULUCF,Emissions (CH4),kilotonnes,0.0539,0.1054,0.0343,0.7112,0.0346,0.0648,0.4718,0.0471,0.0222,0.0548,0.0249,0.076,0.2882,0.0235,0.0064,0.0236,0.1174,0.0873,0.0075,0.0364,
Slovenia,LULUCF,Emissions (N2O),kilotonnes,0.0004,0.0005,0,0.0057,0.0002,0,0.003,0.0005,0,0.0009,0,0.0123,0.0066,0.0002,0.0007,0,0.0002,0,0.002,0.0007,0
Slovenia,LULUCF,Emissions (N2O),kilotonnes,0.1867,0.1877,0.182,0.2175,0.1782,0.1779,0.1985,0.1701,0.1639,0.1608,0.1543,0.1526,0.1599,0.1377,0.1293,0.1227,0.1219,0.1142,0.1038,0.0993,
Slovenia,LULUCF,Emissions (CO2),kilotonnes,-9351.8232,-11511.2386,-11512.758,-11513.0151,-11517.3195,-11517.3195,-11517.6526,-11518.3278,-11515.5381,-11511.9146,-11511.9146,-2620.6586,-2620.6586,-2620.7634,-2619.7389,-2619.7389,353.5703,353.5703,352.8955,362.4112,362.5631
Slovenia,LULUCF,Emissions (CO2),kilotonnes,-6401.5889,-6443.9427,-7587.1911,-7098.6094,-7402.9703,-7432.3031,-7341.086,-7766.1669,-7518.9974,-7441.8457,-7383.0357,-7261.5407,-7126.0124,-5593.4024,436.7259,552.6635,739.7364,887.6991,944.5243,-131.9654,
Slovenia,LULUCF,Emissions (CO2eq) from CH4 (AR5),kilotonnes,0.1975,0.1397,0,1.7461,0.0699,0,0.9079,0.1397,0,0.2794,0,3.7715,2.0256,0.0698,0.2096,0,0.0699,0,0.6286,0.2096,0
Slovenia,LULUCF,Emissions (CO2eq) from N2O (AR5),kilotonnes,0.1034,0.1207,0,1.5088,0.0604,0,0.7846,0.1207,0,0.2414,0,3.2591,1.7504,0.0604,0.1811,0,0.0604,0,0.5432,0.1811,0
Slovenia,LULUCF,Emissions (CO2eq) (AR5),kilotonnes,-9351.5224,-11510.9782,-11512.758,-11509.7603,-11517.1892,-11517.3195,-11515.9601,-11518.0674,-11515.5381,-11511.3938,-11511.9146,-2613.628,-2616.8826,-2620.6332,-2619.3482,-2619.7389,353.7005,353.5703,354.0673,362.8019,362.5631
Slovenia,LULUCF,Emissions (CO2eq) (AR5),kilotonnes,-6401.5889,-6443.9427,-7587.1911,-7098.6094,-7402.9703,-7432.3031,-7341.086,-7766.1669,-7518.9974,-7441.8457,-7383.0357,-7261.5407,-7126.0124,-5593.4024,436.7259,552.6635,739.7364,887.6991,944.5243,-131.9654,
Slovenia,AFOLU,Emissions (CH4),kilotonnes,46.0865,48.0311,46.6193,47.289,44.7283,44.4741,43.7674,43.5281,45.229,43.6016,43.6327,43.1103,42.0423,41.5091,41.3424,41.6844,42.9518,42.9194,41.6871,41.8079,41.7886
Slovenia,AFOLU,Emissions (N2O),kilotonnes,2.1656,2.2074,2.1512,2.1709,2.0298,1.9805,1.9813,1.9695,1.9441,1.9308,1.9461,1.9326,1.8775,1.8629,1.9133,1.9187,1.9268,1.9187,1.8994,1.9318,1.9502
Slovenia,AFOLU,Emissions (CO2),kilotonnes,-9351.8232,-11511.2386,-11512.758,-11513.0151,-11517.3195,-11517.3195,-11517.6526,-11518.3278,-11515.5381,-11511.9146,-11511.9146,-2620.6586,-2620.6586,-2620.7634,-2619.7389,-2619.7389,353.5703,353.5703,352.8955,362.4112,362.5631
Slovenia,AFOLU,Emissions (CO2eq) from CH4 (AR5),kilotonnes,1290.422,1344.8701,1305.3406,1324.0933,1252.3913,1245.2742,1225.486,1218.7874,1266.4113,1220.8444,1221.7165,1207.0887,1177.183,1162.2536,1157.5878,1167.1644,1202.6505,1201.7438,1167.2382,1170.6224,1170.0805
Slovenia,AFOLU,Emissions (CO2eq) from N2O (AR5),kilotonnes,573.8873,584.9619,570.0576,575.2968,537.8899,524.8279,525.053,521.93,515.1933,511.6629,515.7142,512.145,497.5248,493.6582,507.0206,508.4532,510.5923,508.4477,503.3397,511.9225,516.8094
Slovenia,AFOLU,Emissions (CO2eq) (AR5),kilotonnes,-7487.514,-9581.4066,-9637.3599,-9613.6251,-9727.0382,-9747.2174,-9767.1136,-9777.6103,-9733.9336,-9779.4074,-9774.4839,-901.425,-945.9509,-964.8516,-955.1304,-944.1212,2066.8131,2063.7617,2023.4734,2044.9561,2049.453
Slovenia,All sectors with LULUCF,Emissions (CH4),kilotonnes,139.8935,141.2591,146.4083,142.547,140.2373,146.8211,148.5794,141.7761,143.641,141.8416,135.3217,132.6403,130.3723,126.4391,116.9724,121.1144,123.8818,123.6494,119.6171,118.2089,117.0836
Slovenia,All sectors with LULUCF,Emissions (N2O),kilotonnes,3.1306,3.1804,3.1232,3.1429,2.9978,2.9475,2.9543,2.9595,2.9971,2.9248,2.9611,2.9676,2.9045,2.8769,2.8993,2.8987,2.9318,2.9157,2.8874,3.1538,3.1302
Slovenia,All sectors with LULUCF,Emissions (CO2),kilotonnes,5849.5968,4530.2014,4668.522,4738.7849,5214.2405,5344.1705,5624.1474,5613.9022,6536.8019,4380.9754,4521.5354,13332.8014,12857.9614,12236.9266,10769.2611,10822.2611,13873.3903,14355.3703,14481.9555,13881.4212,12511.1531
Slovenia,All sectors with LULUCF,Emissions (CO2eq) from F-gases (AR5),kilotonnes,364.408,328.453,324.566,388.7018,454.7811,527.6627,558.7589,602.4878,651.0756,620.9512,673.4259,683.1435,735.6182,777.4037,818.2174,843.483,872.6356,837.6525,790.0365,724.9289,715.2114
Slovenia,All sectors with LULUCF,Emissions (CO2eq) from CH4 (AR5),kilotonnes,3917.018,3955.2541,4099.4326,3991.3173,3926.6433,4110.9902,4160.222,3969.7314,4021.9473,3971.5644,3789.0085,3713.9287,3650.423,3540.2936,3275.2278,3391.2044,3468.6905,3462.1838,3349.2782,3309.8504,3278.3405
Slovenia,All sectors with LULUCF,Emissions (CO2eq) from N2O (AR5),kilotonnes,829.6123,842.8069,827.6376,832.8768,794.4099,781.0829,782.898,784.28,794.2383,775.0729,784.6892,786.42,769.6798,762.3682,768.3106,768.1532,776.9173,772.6527,765.1597,835.7525,829.5094
Slovenia,All sectors with LULUCF,Emissions (CO2eq) (AR5),kilotonnes,10960.635,9656.7154,9920.1582,9951.6808,10390.0749,10763.9063,11126.0263,10970.4015,12004.063,9748.5638,9768.659,18516.2935,18013.6824,17316.9921,15631.017,15825.1018,18991.6337,19427.8592,19386.4299,18751.953,17334.2144
Slovenia,All sectors without LULUCF,Emissions (CH4),kilotonnes,139.8864,141.2541,146.4083,142.4847,140.2348,146.8211,148.5469,141.7711,143.641,141.8316,135.3217,132.5056,130.2999,126.4366,116.9649,121.1144,123.8793,123.6494,119.5946,118.2015,117.0836
Slovenia,All sectors without LULUCF,Emissions (N2O),kilotonnes,3.1302,3.1799,3.1232,3.1372,2.9975,2.9475,2.9514,2.9591,2.9971,2.9239,2.9611,2.9553,2.8978,2.8766,2.8986,2.8987,2.9315,2.9157,2.8853,3.1531,3.1302
Slovenia,All sectors without LULUCF,Emissions (CO2),kilotonnes,15201.42,16041.44,16181.28,16251.8,16731.56,16861.49,17141.8,17132.23,18052.34,15892.89,16033.45,15953.46,15478.62,14857.69,13389,13442,13519.82,14001.8,14129.06,13519.01,12148.59
Slovenia,All sectors without LULUCF,Emissions (CO2eq) from F-gases (AR5),kilotonnes,364.408,328.453,324.566,388.7018,454.7811,527.6627,558.7589,602.4878,651.0756,620.9512,673.4259,683.1435,735.6182,777.4037,818.2174,843.483,872.6356,837.6525,790.0365,724.9289,715.2114
Slovenia,All sectors without LULUCF,Emissions (CO2eq) from CH4 (AR5),kilotonnes,3916.8205,3955.1144,4099.4326,3989.5712,3926.5735,4110.9902,4159.3141,3969.5917,4021.9473,3971.285,3789.0085,3710.1571,3648.3974,3540.2238,3275.0183,3391.2044,3468.6207,3462.1838,3348.6496,3309.6409,3278.3405
Slovenia,All sectors without LULUCF,Emissions (CO2eq) from N2O (AR5),kilotonnes,829.5089,842.6862,827.6376,831.368,794.3495,781.0829,782.1134,784.1593,794.2383,774.8314,784.6892,783.1609,767.9294,762.3079,768.1296,768.1532,776.857,772.6527,764.6165,835.5714,829.5094
Slovenia,All sectors without LULUCF,Emissions (CO2eq) (AR5),kilotonnes,20312.1574,21167.6936,21432.9162,21461.441,21907.2641,22281.2258,22641.9864,22488.4689,23519.6011,21259.9576,21280.5737,21129.9215,20630.5649,19937.6253,18250.3652,18444.8406,18637.9333,19074.2889,19032.3626,18389.1512,16971.6513
Solomon Islands,Crop Residues,Direct emissions (N2O),kilotonnes,0.0008,0.0004,0.0004,0.0004,0.0005,0.0007,0.0007,0.0006,0.0007,0.0006,0.0007,0.0007,0.0007,0.0007,0.0008,0.0008,0.0008,0.0008,0.0008,0.0008,0.0008
Solomon Islands,Crop Residues,Indirect emissions (N2O),kilotonnes,0.0002,0.0001,0.0001,0.0001,0.0001,0.0001,0.0002,0.0001,0.0002,0.0001,0.0002,0.0002,0.0002,0.0002,0.0002,0.0002,0.0002,0.0002,0.0002,0.0002,0.0002
Solomon Islands,Crop Residues,Emissions (N2O),kilotonnes,0.001,0.0005,0.0005,0.0005,0.0007,0.0008,0.0008,0.0008,0.0008,0.0008,0.0009,0.0009,0.0009,0.0009,0.0009,0.0009,0.0009,0.0009,0.0009,0.0009,0.0009
Solomon Islands,Crop Residues,Emissions (CO2eq) from N2O (AR5),kilotonnes,0.2735,0.1259,0.1376,0.1361,0.1767,0.216,0.2229,0.2015,0.2178,0.2059,0.2253,0.23,0.2332,0.2408,0.2485,0.2501,0.2461,0.2483,0.248,0.2475,0.2482
Solomon Islands,Crop Residues,Emissions (CO2eq) (AR5),kilotonnes,0.2735,0.1259,0.1376,0.1361,0.1767,0.216,0.2229,0.2015,0.2178,0.2059,0.2253,0.23,0.2332,0.2408,0.2485,0.2501,0.2461,0.2483,0.248,0.2475,0.2482
Solomon Islands,Rice Cultivation,Emissions (CH4),kilotonnes,0.2286,0.1052,0.1158,0.1426,0.1879,0.2349,0.2279,0.2192,0.2584,0.2584,0.2939,0.2901,0.3002,0.3178,0.3373,0.3423,0.3324,0.3373,0.3373,0.3357,0.3369
Solomon Islands,Rice Cultivation,Emissions (CO2eq) from CH4 (AR5),kilotonnes,6.4002,2.9468,3.2428,3.9927,5.2622,6.5778,6.3804,6.1371,7.2355,7.2355,8.2288,8.1235,8.4064,8.8997,9.4457,9.5838,9.3075,9.4457,9.4457,9.3996,9.4325
Solomon Islands,Rice Cultivation,Emissions (CO2eq) (AR5),kilotonnes,6.4002,2.9468,3.2428,3.9927,5.2622,6.5778,6.3804,6.1371,7.2355,7.2355,8.2288,8.1235,8.4064,8.8997,9.4457,9.5838,9.3075,9.4457,9.4457,9.3996,9.4325
Solomon Islands,Burning - Crop residues,Emissions (CH4),kilotonnes,0.0014,0.0007,0.0007,0.0009,0.0012,0.0015,0.0014,0.0014,0.0016,0.0016,0.0019,0.0018,0.0019,0.002,0.0021,0.0022,0.0021,0.0021,0.0021,0.0021,0.0021
Solomon Islands,Burning - Crop residues,Emissions (N2O),kilotonnes,0,0,0,0,0,0,0,0,0,0,0,0,0,0.0001,0.0001,0.0001,0.0001,0.0001,0.0001,0.0001,0.0001
Solomon Islands,Burning - Crop residues,Emissions (CO2eq) from CH4 (AR5),kilotonnes,0.0405,0.0186,0.0205,0.0252,0.0333,0.0416,0.0403,0.0388,0.0457,0.0457,0.052,0.0514,0.0531,0.0563,0.0597,0.0606,0.0588,0.0597,0.0597,0.0594,0.0596
Solomon Islands,Burning - Crop residues,Emissions (CO2eq) from N2O (AR5),kilotonnes,0.0099,0.0046,0.005,0.0062,0.0082,0.0102,0.0099,0.0095,0.0112,0.0112,0.0128,0.0126,0.013,0.0138,0.0147,0.0149,0.0144,0.0147,0.0147,0.0146,0.0146
Solomon Islands,Burning - Crop residues,Emissions (CO2eq) (AR5),kilotonnes,0.0504,0.0232,0.0255,0.0314,0.0414,0.0518,0.0502,0.0483,0.057,0.057,0.0648,0.064,0.0662,0.0701,0.0744,0.0754,0.0733,0.0744,0.0744,0.074,0.0743
Solomon Islands,Enteric Fermentation,Emissions (CH4),kilotonnes,0.8936,0.8958,0.8958,0.8992,0.9286,0.9292,0.9608,0.9932,0.9937,0.9942,0.9927,0.9922,1.011,1.0232,1.0247,1.0273,1.0287,1.0369,1.0416,1.046,1.0505
Solomon Islands,Enteric Fermentation,Emissions (CH4),kilotonnes,0.934,,,,,,,,,,,,,,,,,,,,
Solomon Islands,Enteric Fermentation,Emissions (CO2eq) from CH4 (AR5),kilotonnes,25.0194,25.0813,25.0821,25.1776,26.0014,26.0162,26.9016,27.8096,27.8236,27.8376,27.7956,27.7816,28.308,28.6496,28.6913,28.7653,28.8041,29.0345,29.1649,29.2892,29.4129
Solomon Islands,Enteric Fermentation,Emissions (CO2eq) from CH4 (AR5),kilotonnes,26.152,,,,,,,,,,,,,,,,,,,,
Solomon Islands,Enteric Fermentation,Emissions (CO2eq) (AR5),kilotonnes,25.0194,25.0813,25.0821,25.1776,26.0014,26.0162,26.9016,27.8096,27.8236,27.8376,27.7956,27.7816,28.308,28.6496,28.6913,28.7653,28.8041,29.0345,29.1649,29.2892,29.4129
Solomon Islands,Enteric Fermentation,Emissions (CO2eq) (AR5),kilotonnes,26.152,,,,,,,,,,,,,,,,,,,,
Solomon Islands,Manure Management,Emissions (CH4),kilotonnes,0.8071,0.8358,0.836,0.8457,0.8529,0.86,0.8626,0.866,0.8732,0.8802,0.8591,0.852,0.8599,0.8671,0.8751,0.8809,0.8844,0.8755,0.878,0.8797,0.8815
Solomon Islands,Manure Management,Emissions (CH4),kilotonnes,1.429,,,,,,,,,,,,,,,,,,,,
Solomon Islands,Manure Management,Emissions (N2O),kilotonnes,0.009,0.0093,0.0093,0.0093,0.0095,0.0096,0.0097,0.0098,0.0099,0.01,0.0098,0.0097,0.0098,0.0099,0.01,0.01,0.0101,0.01,0.01,0.01,0.0101
Solomon Islands,Manure Management,Emissions (N2O),kilotonnes,0.0067,,,,,,,,,,,,,,,,,,,,
Solomon Islands,Manure Management,Emissions (CO2eq) from CH4 (AR5),kilotonnes,22.6,23.4022,23.4086,23.6802,23.8821,24.0803,24.152,24.2483,24.4485,24.6459,24.0537,23.8563,24.0785,24.2791,24.5031,24.6648,24.7645,24.5146,24.583,24.6328,24.6817
Solomon Islands,Manure Management,Emissions (CO2eq) from CH4 (AR5),kilotonnes,40.012,,,,,,,,,,,,,,,,,,,,
Solomon Islands,Manure Management,Emissions (CO2eq) from N2O (AR5),kilotonnes,2.3745,2.4524,2.4618,2.4747,2.5251,2.5406,2.5654,2.6006,2.6215,2.6405,2.5959,2.5804,2.6073,2.6337,2.6526,2.6539,2.6706,2.6594,2.6566,2.663,2.6703
Solomon Islands,Manure Management,Emissions (CO2eq) from N2O (AR5),kilotonnes,1.7755,,,,,,,,,,,,,,,,,,,,
Solomon Islands,Manure Management,Emissions (CO2eq) (AR5),kilotonnes,24.9744,25.8545,25.8704,26.1549,26.4072,26.6209,26.7173,26.8488,27.0699,27.2864,26.6496,26.4367,26.6858,26.9128,27.1557,27.3187,27.4351,27.174,27.2396,27.2958,27.3521
Solomon Islands,Manure Management,Emissions (CO2eq) (AR5),kilotonnes,41.7875,,,,,,,,,,,,,,,,,,,,
Solomon Islands,Manure left on Pasture,Direct emissions (N2O),kilotonnes,0.0229,0.0229,0.0229,0.023,0.0238,0.0238,0.0247,0.0256,0.0256,0.0256,0.0256,0.0256,0.0261,0.0264,0.0264,0.0265,0.0265,0.0268,0.0269,0.027,0.0271
Solomon Islands,Manure left on Pasture,Indirect emissions (N2O),kilotonnes,0.0049,0.0049,0.0049,0.0049,0.0051,0.0051,0.0053,0.0054,0.0054,0.0054,0.0054,0.0054,0.0056,0.0056,0.0056,0.0056,0.0057,0.0057,0.0057,0.0058,0.0058
Solomon Islands,Manure left on Pasture,Emissions (N2O),kilotonnes,0.0278,0.0278,0.0278,0.0279,0.0289,0.0289,0.0299,0.031,0.031,0.031,0.031,0.031,0.0317,0.0321,0.0321,0.0321,0.0322,0.0325,0.0326,0.0328,0.0329
Solomon Islands,Manure left on Pasture,Emissions (CO2eq) from N2O (AR5),kilotonnes,7.3677,7.3717,7.3732,7.3804,7.6561,7.6561,7.9363,8.2199,8.2207,8.2212,8.2215,8.2215,8.3875,8.4977,8.5004,8.5182,8.5295,8.6088,8.6469,8.6852,8.7235
Solomon Islands,Manure left on Pasture,Emissions (CO2eq) (AR5),kilotonnes,7.3677,7.3717,7.3732,7.3804,7.6561,7.6561,7.9363,8.2199,8.2207,8.2212,8.2215,8.2215,8.3875,8.4977,8.5004,8.5182,8.5295,8.6088,8.6469,8.6852,8.7235
Solomon Islands,Manure applied to Soils,Direct emissions (N2O),kilotonnes,0.0071,0.0074,0.0075,0.0076,0.0077,0.0077,0.0078,0.0079,0.008,0.008,0.0079,0.0079,0.0079,0.008,0.008,0.008,0.0081,0.008,0.008,0.008,0.008
Solomon Islands,Manure applied to Soils,Indirect emissions (N2O),kilotonnes,0.003,0.0032,0.0032,0.0032,0.0033,0.0033,0.0033,0.0033,0.0034,0.0034,0.0034,0.0033,0.0034,0.0034,0.0034,0.0034,0.0034,0.0034,0.0034,0.0034,0.0034
Solomon Islands,Manure applied to Soils,Emissions (N2O),kilotonnes,0.0101,0.0106,0.0107,0.0108,0.0109,0.011,0.0111,0.0112,0.0114,0.0115,0.0113,0.0112,0.0113,0.0113,0.0115,0.0114,0.0115,0.0115,0.0114,0.0114,0.0114
Solomon Islands,Manure applied to Soils,Emissions (CO2eq) from N2O (AR5),kilotonnes,2.6843,2.8031,2.8301,2.8511,2.9008,2.9191,2.9314,2.9765,3.0102,3.0387,2.989,2.9707,2.9839,3.0067,3.0383,3.0177,3.0506,3.0379,3.0143,3.0195,3.0276
Solomon Islands,Manure applied to Soils,Emissions (CO2eq) (AR5),kilotonnes,2.6843,2.8031,2.8301,2.8511,2.9008,2.9191,2.9314,2.9765,3.0102,3.0387,2.989,2.9707,2.9839,3.0067,3.0383,3.0177,3.0506,3.0379,3.0143,3.0195,3.0276
Solomon Islands,Drained organic soils,Emissions (CO2eq) (AR5),kilotonnes,0.4788,0.4788,0.4788,0.4788,0.4788,0.4788,0.4788,0.4788,0.4788,0.4788,0.4788,0.4788,0.4788,0.4788,0.4788,0.4788,0.4788,0.4788,0.4788,0.7339,0.7339
Solomon Islands,Drained organic soils (CO2),Emissions (CO2),kilotonnes,0.4596,0.4596,0.4596,0.4596,0.4596,0.4596,0.4596,0.4596,0.4596,0.4596,0.4596,0.4596,0.4596,0.4596,0.4596,0.4596,0.4596,0.4596,0.4596,0.7042,0.7042
Solomon Islands,Drained organic soils (CO2),Emissions (CO2eq) (AR5),kilotonnes,0.4596,0.4596,0.4596,0.4596,0.4596,0.4596,0.4596,0.4596,0.4596,0.4596,0.4596,0.4596,0.4596,0.4596,0.4596,0.4596,0.4596,0.4596,0.4596,0.7042,0.7042
Solomon Islands,Drained organic soils (N2O),Emissions (N2O),kilotonnes,0.0001,0.0001,0.0001,0.0001,0.0001,0.0001,0.0001,0.0001,0.0001,0.0001,0.0001,0.0001,0.0001,0.0001,0.0001,0.0001,0.0001,0.0001,0.0001,0.0001,0.0001
Solomon Islands,Drained organic soils (N2O),Emissions (CO2eq) from N2O (AR5),kilotonnes,0.0192,0.0192,0.0192,0.0192,0.0192,0.0192,0.0192,0.0192,0.0192,0.0192,0.0192,0.0192,0.0192,0.0192,0.0192,0.0192,0.0192,0.0192,0.0192,0.0297,0.0297
Solomon Islands,Drained organic soils (N2O),Emissions (CO2eq) (AR5),kilotonnes,0.0192,0.0192,0.0192,0.0192,0.0192,0.0192,0.0192,0.0192,0.0192,0.0192,0.0192,0.0192,0.0192,0.0192,0.0192,0.0192,0.0192,0.0192,0.0192,0.0297,0.0297
Solomon Islands,On-farm energy use,Emissions (CH4),kilotonnes,0.0047,0.0049,0.0051,0.0049,0.0051,0.0053,0.0054,0.0056,0.0058,0.0059,0.0061,0.0064,0.0064,0.0108,0.0087,0.0082,0.008,0.0078,0.0079,0.0077,0.0077
Solomon Islands,On-farm energy use,Emissions (N2O),kilotonnes,0.0045,0.0046,0.0047,0.0048,0.0049,0.005,0.0051,0.0052,0.0053,0.0054,0.0055,0.0056,0.0057,0.006,0.006,0.0061,0.0062,0.0062,0.0063,0.0064,0.0064
Solomon Islands,On-farm energy use,Emissions (CO2),kilotonnes,14.9569,15.3326,15.7186,15.7572,16.2291,16.5935,16.9708,17.3513,17.745,18.1438,18.5915,19.0888,19.3788,23.4755,21.8839,21.7525,21.8574,21.6273,21.9412,21.9526,21.9526
Solomon Islands,On-farm energy use,Emissions (CO2eq) from CH4 (AR5),kilotonnes,0.1319,0.137,0.1423,0.1362,0.1439,0.1481,0.1525,0.1569,0.1615,0.1661,0.1722,0.1796,0.1801,0.3033,0.2424,0.2299,0.2238,0.2192,0.2201,0.2157,0.2157
Solomon Islands,On-farm energy use,Emissions (CO2eq) from N2O (AR5),kilotonnes,1.1953,1.2199,1.2449,1.2678,1.2943,1.3203,1.3473,1.3743,1.4023,1.4307,1.4597,1.4901,1.5191,1.5778,1.5936,1.6211,1.6512,1.6404,1.6711,1.6866,1.6866
Solomon Islands,On-farm energy use,Emissions (CO2eq) (AR5),kilotonnes,16.2841,16.6895,17.1058,17.1611,17.6673,18.0619,18.4705,18.8825,19.3088,19.7405,20.2234,20.7585,21.078,25.3566,23.7199,23.6036,23.7324,23.4869,23.8324,23.8549,23.8549
Solomon Islands,Forestland,Emissions (CO2),kilotonnes,3682.7816,1502.9863,1502.9863,1502.9863,1502.9863,1502.9863,1502.9863,1502.9863,1502.9863,1502.9863,1502.9863,-18009.7474,-18009.7474,-18009.7474,-18009.7474,-18009.7474,45199.8485,45199.8485,45199.8485,45199.8485,45199.8485
Solomon Islands,Forestland,Emissions (CO2eq) (AR5),kilotonnes,3682.7816,1502.9863,1502.9863,1502.9863,1502.9863,1502.9863,1502.9863,1502.9863,1502.9863,1502.9863,1502.9863,-18009.7474,-18009.7474,-18009.7474,-18009.7474,-18009.7474,45199.8485,45199.8485,45199.8485,45199.8485,45199.8485
Solomon Islands,Net Forest conversion,Emissions (CO2),kilotonnes,229.0904,188.9268,188.9268,188.9268,188.9268,188.9268,188.9268,188.9268,188.9268,188.9268,188.9268,184.5787,184.5787,184.5787,184.5787,184.5787,210.0916,210.0916,210.0916,210.0916,210.0916
Solomon Islands,Net Forest conversion,Emissions (CO2eq) (AR5),kilotonnes,229.0904,188.9268,188.9268,188.9268,188.9268,188.9268,188.9268,188.9268,188.9268,188.9268,188.9268,184.5787,184.5787,184.5787,184.5787,184.5787,210.0916,210.0916,210.0916,210.0916,210.0916
Solomon Islands,Savanna fires,Emissions (CH4),kilotonnes,0,0,0,0,0,0,0,0,0,0,0,0,0,0,0,0.0008,0,0,0,0,0
Solomon Islands,Savanna fires,Emissions (N2O),kilotonnes,0,0,0,0,0,0,0,0,0,0,0,0,0,0,0,0.0001,0,0,0,0,0
Solomon Islands,Savanna fires,Emissions (CO2eq) from CH4 (AR5),kilotonnes,0,0,0,0,0,0,0,0,0,0,0,0,0,0,0,0.0226,0,0,0,0,0
Solomon Islands,Savanna fires,Emissions (CO2eq) from N2O (AR5),kilotonnes,0,0,0,0,0,0,0,0,0,0,0,0,0,0,0,0.0195,0,0,0,0,0
Solomon Islands,Savanna fires,Emissions (CO2eq) (AR5),kilotonnes,0,0,0,0,0,0,0,0,0,0,0,0,0,0,0,0.0421,0,0,0,0,0
Solomon Islands,Fires in organic soils,Emissions (CH4),kilotonnes,0,0,0,0,0,0,0,0,0,0,0,0,0,0,0,0,0,0,0,0,0
Solomon Islands,Fires in organic soils,Emissions (CO2),kilotonnes,0,0,0,0,0,0,0,0,0,0,0,0,0,0,0,0,0,0,0,0,0
Solomon Islands,Fires in organic soils,Emissions (CO2eq) from CH4 (AR5),kilotonnes,0,0,0,0,0,0,0,0,0,0,0,0,0,0,0,0,0,0,0,0,0
Solomon Islands,Fires in organic soils,Emissions (CO2eq) (AR5),kilotonnes,0,0,0,0,0,0,0,0,0,0,0,0,0,0,0,0,0,0,0,0,0
Solomon Islands,Forest fires,Emissions (CH4),kilotonnes,0,0,0.0027,0,0,0,0,0,0,0,0,0,0,0,0,0,0,0,0,0,0
Solomon Islands,Forest fires,Emissions (N2O),kilotonnes,0,0,0.0002,0,0,0,0,0,0,0,0,0,0,0,0,0,0,0,0,0,0
Solomon Islands,Forest fires,Emissions (CO2eq) from CH4 (AR5),kilotonnes,0,0,0.0745,0,0,0,0,0,0,0,0,0,0,0,0,0,0,0,0,0,0
Solomon Islands,Forest fires,Emissions (CO2eq) from N2O (AR5),kilotonnes,0,0,0.0644,0,0,0,0,0,0,0,0,0,0,0,0,0,0,0,0,0,0
Solomon Islands,Forest fires,Emissions (CO2eq) (AR5),kilotonnes,0,0,0.1388,0,0,0,0,0,0,0,0,0,0,0,0,0,0,0,0,0,0
Solomon Islands,Fires in humid tropical forests,Emissions (CH4),kilotonnes,0,0,0.0027,0,0,0,0,0,0,0,0,0,0,0,0,0,0,0,0,0,0
Solomon Islands,Fires in humid tropical forests,Emissions (N2O),kilotonnes,0,0,0.0002,0,0,0,0,0,0,0,0,0,0,0,0,0,0,0,0,0,0
Solomon Islands,Fires in humid tropical forests,Emissions (CO2eq) from CH4 (AR5),kilotonnes,0,0,0.0745,0,0,0,0,0,0,0,0,0,0,0,0,0,0,0,0,0,0
Solomon Islands,Fires in humid tropical forests,Emissions (CO2eq) from N2O (AR5),kilotonnes,0,0,0.0644,0,0,0,0,0,0,0,0,0,0,0,0,0,0,0,0,0,0
Solomon Islands,Fires in humid tropical forests,Emissions (CO2eq) (AR5),kilotonnes,0,0,0.1388,0,0,0,0,0,0,0,0,0,0,0,0,0,0,0,0,0,0
Solomon Islands,Waste - agri-food systems,Emissions (CH4),kilotonnes,0.5669,0.5761,0.5852,0.6024,0.617,0.6323,0.646,0.6604,0.676,0.6884,0.7047,0.7231,0.7408,0.7594,0.7742,0.7958,0.8177,0.84,0.8626,0.8931,0.9237
Solomon Islands,Waste - agri-food systems,Emissions (N2O),kilotonnes,0.0079,0.0078,0.0083,0.0085,0.0089,0.0091,0.0094,0.0097,0.0099,0.0101,0.0104,0.0112,0.0113,0.0115,0.0118,0.0119,0.0122,0.0121,0.0124,0.0128,0.0131
Solomon Islands,Waste - agri-food systems,Emissions (CO2),kilotonnes,0,0,0,0,0,0,0,0,0,0,0,0,0,0,0,0,0,0,0,0,0
Solomon Islands,Waste - agri-food systems,Emissions (CO2eq) from CH4 (AR5),kilotonnes,15.8742,16.1295,16.3869,16.8677,17.2766,17.7032,18.089,18.4913,18.9276,19.2742,19.731,20.2476,20.7426,21.264,21.6771,22.2836,22.896,23.5207,24.1539,25.0068,25.8629
Solomon Islands,Waste - agri-food systems,Emissions (CO2eq) from N2O (AR5),kilotonnes,2.1065,2.0559,2.201,2.2532,2.3519,2.4178,2.4993,2.5712,2.6143,2.6854,2.7621,2.9797,2.9873,3.0431,3.1265,3.1481,3.2219,3.2026,3.2842,3.3832,3.4827
Solomon Islands,Waste - agri-food systems,Emissions (CO2eq) (AR5),kilotonnes,17.9807,18.1854,18.5879,19.1208,19.6285,20.121,20.5883,21.0625,21.5419,21.9597,22.4932,23.2273,23.7299,24.3071,24.8036,25.4317,26.1179,26.7234,27.4381,28.39,29.3456
Solomon Islands,On-farm electricity use,Emissions (CH4),kilotonnes,0,0,0,0,0,0,0,0,0,0,0,0,0,0,0,0,0,0,0,0,0
Solomon Islands,On-farm electricity use,Emissions (N2O),kilotonnes,0,0,0,0,0,0,0,0,0,0,0,0,0,0,0,0,0,0,0,0,0
Solomon Islands,On-farm electricity use,Emissions (CO2),kilotonnes,0,0,0,0,0,0,0,0,0,0,0,0,0,0,0,0,0,0,0,0,0
Solomon Islands,On-farm electricity use,Emissions (CO2eq) from CH4 (AR5),kilotonnes,0,0,0,0,0,0,0,0,0,0,0,0,0,0,0,0,0,0,0,0,0
Solomon Islands,On-farm electricity use,Emissions (CO2eq) from N2O (AR5),kilotonnes,0,0,0,0,0,0,0,0,0,0,0,0,0,0,0,0,0,0,0,0,0
Solomon Islands,On-farm electricity use,Emissions (CO2eq) (AR5),kilotonnes,0,0,0,0,0,0,0,0,0,0,0,0,0,0,0,0,0,0,0,0,0
Solomon Islands,Food Processing,Emissions (CH4),kilotonnes,0.0099,0.01,0.0107,0.0109,0.0118,0.0127,0.0118,0.0109,0.0106,0.0107,0.0102,0.0114,0.0103,0.0115,0.0122,0.0136,0.0139,0.0154,0.0165,0.016,0.0161
Solomon Islands,Food Processing,Emissions (N2O),kilotonnes,0.0001,0.0001,0.0001,0.0001,0.0001,0.0001,0.0001,0.0001,0.0001,0.0002,0.0002,0.0003,0.0002,0.0002,0.0002,0.0003,0.0002,0.0003,0.0003,0.0003,0.0003
Solomon Islands,Food Processing,Emissions (CO2),kilotonnes,6.2832,6.915,6.7837,7.4358,7.7688,8.508,8.2137,8.5816,8.2977,16.7307,20.7494,21.255,19.3648,21.5111,21.5831,20.2359,19.523,18.4723,19.9479,26.8992,26.6554
Solomon Islands,Food Processing,Emissions (CO2eq) from CH4 (AR5),kilotonnes,0.2772,0.28,0.2996,0.3052,0.3304,0.3556,0.3304,0.3052,0.2968,0.2996,0.2856,0.3192,0.2884,0.322,0.3416,0.3808,0.3892,0.4312,0.462,0.448,0.4509
Solomon Islands,Food Processing,Emissions (CO2eq) from N2O (AR5),kilotonnes,0.0265,0.0265,0.0265,0.0265,0.0265,0.0265,0.0265,0.0265,0.0265,0.053,0.053,0.0795,0.053,0.053,0.053,0.0795,0.053,0.0795,0.0795,0.0795,0.0821
Solomon Islands,Food Processing,Emissions (CO2eq) (AR5),kilotonnes,6.5869,7.2215,7.1098,7.7675,8.1257,8.8901,8.5706,8.9133,8.621,17.0833,21.088,21.6537,19.7062,21.8861,21.9777,20.6962,19.9652,18.983,20.4894,27.4267,27.1884
Solomon Islands,Food Packaging,Emissions (CH4),kilotonnes,0.0001,0.0001,0.0001,0.0001,0.0001,0.0001,0.0001,0.0001,0.0001,0.0001,0.0001,0.0001,0.0001,0.0001,0.0001,0.0001,0.0001,0.0001,0.0001,0.0001,0.0001
Solomon Islands,Food Packaging,Emissions (N2O),kilotonnes,0,0,0,0,0,0,0,0,0,0,0,0,0,0,0,0,0,0,0,0,0
Solomon Islands,Food Packaging,Emissions (CO2),kilotonnes,0.4045,0.4073,0.469,0.3535,0.3606,0.268,0.2894,0.2912,0.3144,0.3431,0.377,0.3667,0.4051,0.4885,0.5452,0.4289,0.4597,0.4267,0.5608,0.4431,0.4391
Solomon Islands,Food Packaging,Emissions (CO2eq) from CH4 (AR5),kilotonnes,0.0028,0.0028,0.0028,0.0028,0.0028,0.0028,0.0028,0.0028,0.0028,0.0028,0.0028,0.0028,0.0028,0.0028,0.0028,0.0028,0.0028,0.0028,0.0028,0.0028,0.0028
Solomon Islands,Food Packaging,Emissions (CO2eq) from N2O (AR5),kilotonnes,0,0,0,0,0,0,0,0,0,0,0,0,0,0,0,0,0,0,0,0,0
Solomon Islands,Food Packaging,Emissions (CO2eq) (AR5),kilotonnes,0.4073,0.4101,0.4718,0.3563,0.3634,0.2708,0.2922,0.294,0.3172,0.3459,0.3798,0.3695,0.4079,0.4913,0.548,0.4317,0.4625,0.4295,0.5636,0.4459,0.4419
Solomon Islands,Food Retail,Emissions (CH4),kilotonnes,0.0013,0.0015,0.0017,0.0021,0.0009,0.0031,0.0028,0.0038,0.0044,0.0044,0.0049,0.0032,0.0043,0.0042,0.0044,0.004,0.0044,0.0046,0.0049,0.0051,0.0051
Solomon Islands,Food Retail,Emissions (N2O),kilotonnes,0,0,0,0,0,0,0,0,0,0,0,0,0,0,0,0,0,0,0,0,0
Solomon Islands,Food Retail,Emissions (CO2),kilotonnes,0.5198,0.5943,0.7106,0.8488,0.3824,1.2646,1.1262,1.5778,1.8278,1.8274,2.0128,1.3721,1.9121,1.7612,1.8359,1.6791,1.8284,1.9195,2.0122,2.1313,2.112
Solomon Islands,Food Retail,Emissions (CO2eq) from CH4 (AR5),kilotonnes,0.0364,0.042,0.0476,0.0588,0.0252,0.0868,0.0784,0.1064,0.1232,0.1232,0.1372,0.0896,0.1204,0.1176,0.1232,0.112,0.1232,0.1288,0.1372,0.1428,0.1437
Solomon Islands,Food Retail,Emissions (CO2eq) from N2O (AR5),kilotonnes,0,0,0,0,0,0,0,0,0,0,0,0,0,0,0,0,0,0,0,0,0
Solomon Islands,Food Retail,Emissions (CO2eq) (AR5),kilotonnes,0.5562,0.6363,0.7582,0.9076,0.4076,1.3514,1.2046,1.6842,1.951,1.9506,2.15,1.4617,2.0325,1.8788,1.9591,1.7911,1.9516,2.0483,2.1494,2.2741,2.2557
Solomon Islands,Food Household Consumption,Emissions (CH4),kilotonnes,0.0021,0.0022,0.0021,0.0019,0.0023,0.0021,0.0021,0.0023,0.0021,0.0018,0.0013,0.0019,0.0013,0.0022,0.0022,0.0023,0.0026,0.0025,0.0026,0.0027,0.0027
Solomon Islands,Food Household Consumption,Emissions (N2O),kilotonnes,0,0,0,0,0,0,0,0,0,0,0,0,0,0,0,0,0,0,0,0,0
Solomon Islands,Food Household Consumption,Emissions (CO2),kilotonnes,1.0051,1.0488,1.031,0.9405,1.0983,1.0141,1.0199,1.1273,1.0062,0.8904,0.7075,0.9745,0.7587,1.1923,1.2819,1.0357,1.1707,1.1354,1.1729,1.2119,1.2009
Solomon Islands,Food Household Consumption,Emissions (CO2eq) from CH4 (AR5),kilotonnes,0.0588,0.0616,0.0588,0.0532,0.0644,0.0588,0.0588,0.0644,0.0588,0.0504,0.0364,0.0532,0.0364,0.0616,0.0616,0.0644,0.0728,0.07,0.0728,0.0756,0.0761
Solomon Islands,Food Household Consumption,Emissions (CO2eq) from N2O (AR5),kilotonnes,0,0,0,0,0,0,0,0,0,0,0,0,0,0,0,0,0,0,0,0,0
Solomon Islands,Food Household Consumption,Emissions (CO2eq) (AR5),kilotonnes,1.0639,1.1104,1.0898,0.9937,1.1627,1.0729,1.0787,1.1917,1.065,0.9408,0.7439,1.0277,0.7951,1.2539,1.3435,1.1001,1.2435,1.2054,1.2457,1.2875,1.277
Solomon Islands,Food Transport,Emissions (CH4),kilotonnes,0.0005,0.0005,0.0004,0.0004,0.0003,0.0003,0.0003,0.0003,0.0005,0.0005,0.0006,0.0009,0.0008,0.0007,0.0006,0.0007,0.0005,0.0008,0.0009,0.0004,0.0004
Solomon Islands,Food Transport,Emissions (N2O),kilotonnes,0.0002,0.0002,0.0002,0.0002,0.0002,0.0002,0.0002,0.0002,0.0003,0.0003,0.0003,0.0004,0.0004,0.0004,0.0003,0.0004,0.0003,0.0004,0.0004,0.0004,0.0004
Solomon Islands,Food Transport,Emissions (CO2),kilotonnes,4.3585,4.2199,3.9996,4.2998,4.2276,4.5571,4.7859,4.1296,5.8212,6.8696,8.6122,13.1427,12.2741,11.5862,10.9657,12.0455,9.5735,15.0115,15.3616,12.4038,12.2914
Solomon Islands,Food Transport,Emissions (CO2eq) from CH4 (AR5),kilotonnes,0.014,0.014,0.0112,0.0112,0.0084,0.0084,0.0084,0.0084,0.014,0.014,0.0168,0.0252,0.0224,0.0196,0.0168,0.0196,0.014,0.0224,0.0252,0.0112,0.0113
Solomon Islands,Food Transport,Emissions (CO2eq) from N2O (AR5),kilotonnes,0.053,0.053,0.053,0.053,0.053,0.053,0.053,0.053,0.0795,0.0795,0.0795,0.106,0.106,0.106,0.0795,0.106,0.0795,0.106,0.106,0.106,0.1094
Solomon Islands,Food Transport,Emissions (CO2eq) (AR5),kilotonnes,4.4255,4.2869,4.0638,4.364,4.289,4.6185,4.8473,4.191,5.9147,6.9631,8.7085,13.2739,12.4025,11.7118,11.062,12.1711,9.667,15.1399,15.4928,12.521,12.4121
Solomon Islands,Energy,Emissions (CH4),kilotonnes,0.428,0.429,0.439,0.441,0.442,0.443,0.444,0.411,0.411,0.417,0.421,0.458,0.461,0.45,0.443,0.452,0.45,0.466,0.469,0.463,0.466
Solomon Islands,Energy,Emissions (N2O),kilotonnes,0.008,0.0082,0.008,0.0081,0.008,0.0081,0.0079,0.0074,0.0079,0.0081,0.0084,0.0119,0.0109,0.0113,0.0103,0.0106,0.0096,0.0124,0.0127,0.0124,0.0128
Solomon Islands,Energy,Emissions (CO2),kilotonnes,224,235,246,257,275,282,290,301,308,319,330,345,348,374,330,293,290,286,303,331,328
Solomon Islands,Energy,Emissions (CO2eq) from CH4 (AR5),kilotonnes,11.984,12.012,12.292,12.348,12.376,12.404,12.432,11.508,11.508,11.676,11.788,12.824,12.908,12.6,12.404,12.656,12.6,13.048,13.132,12.964,13.048
Solomon Islands,Energy,Emissions (CO2eq) from N2O (AR5),kilotonnes,2.12,2.1624,2.1174,2.1491,2.112,2.1439,2.1014,1.9636,2.1041,2.1518,2.2287,3.1535,2.8885,2.9945,2.7295,2.809,2.5334,3.286,3.3655,3.286,3.392
Solomon Islands,Energy,Emissions (CO2eq) (AR5),kilotonnes,238.104,249.1744,260.4094,271.4971,289.488,296.5478,304.5335,314.4717,321.6121,332.8278,344.0167,360.9775,363.7965,389.5945,345.1335,308.465,305.1334,302.334,319.4975,347.25,344.44
Solomon Islands,IPPU,Emissions (N2O),kilotonnes,0.0084,0.0086,0.0089,0.0091,0.0093,0.0096,0.0098,0.01,0.0103,0.0105,0.0107,0.011,0.0112,0.0115,0.0117,0.012,0.0122,0.0124,0.0127,0.0129,0.0132
Solomon Islands,IPPU,Emissions (CO2),kilotonnes,7.05,7.18,7.32,7.52,7.75,7.96,8.17,8.36,8.51,8.48,8.48,8.48,8.51,8.52,8.53,8.59,8.64,8.91,9,8.97,9.03
Solomon Islands,IPPU,Emissions (CO2eq) from N2O (AR5),kilotonnes,2.226,2.287,2.3479,2.4089,2.4724,2.5334,2.597,2.65,2.7295,2.7825,2.8355,2.915,2.968,3.0475,3.1005,3.18,3.233,3.286,3.3655,3.4185,3.498
Solomon Islands,IPPU,Emissions (CO2eq) (AR5),kilotonnes,9.276,9.467,9.6679,9.9289,10.2225,10.4934,10.767,11.01,11.2395,11.2625,11.3155,11.395,11.478,11.5675,11.6305,11.77,11.873,12.196,12.3655,12.3885,12.528
Solomon Islands,Waste,Emissions (CH4),kilotonnes,2.19,2.24,2.31,2.43,2.56,2.69,2.85,3.01,3.18,3.28,3.45,3.68,3.87,4.05,4.23,4.41,4.58,4.78,4.96,5.1,5.28
Solomon Islands,Waste,Emissions (N2O),kilotonnes,0.0133,0.0136,0.014,0.0144,0.0151,0.0156,0.0162,0.0167,0.0172,0.0176,0.0181,0.019,0.0196,0.0201,0.0203,0.0207,0.0209,0.021,0.0214,0.0224,0.0229
Solomon Islands,Waste,Emissions (CO2eq) from CH4 (AR5),kilotonnes,61.32,62.72,64.68,68.04,71.68,75.32,79.8,84.28,89.04,91.84,96.6,103.04,108.36,113.4,118.44,123.48,128.24,133.84,138.88,142.8,147.84
Solomon Islands,Waste,Emissions (CO2eq) from N2O (AR5),kilotonnes,3.5245,3.604,3.71,3.816,4.0015,4.134,4.293,4.4255,4.558,4.664,4.7965,5.035,5.194,5.3265,5.3795,5.4855,5.5385,5.565,5.671,5.936,6.0685
Solomon Islands,Waste,Emissions (CO2eq) (AR5),kilotonnes,64.8445,66.324,68.39,71.856,75.6815,79.454,84.093,88.7055,93.598,96.504,101.3965,108.075,113.554,118.7265,123.8195,128.9655,133.7785,139.405,144.551,148.736,153.9085
Solomon Islands,Other,Emissions (N2O),kilotonnes,0.0101,0.0112,0.0116,0.0121,0.012,0.0121,0.0114,0.0114,0.0104,0.0096,0.0099,0.0099,0.0095,0.0103,0.0109,0.011,0.01,0.0143,0.0146,0.0119,0.012
Solomon Islands,Other,Emissions (CO2eq) from N2O (AR5),kilotonnes,2.6765,2.968,3.074,3.2065,3.18,3.2065,3.021,3.021,2.756,2.5546,2.6315,2.6182,2.5201,2.7295,2.8885,2.915,2.6474,3.7895,3.869,3.1535,3.18
Solomon Islands,Other,Emissions (CO2eq) (AR5),kilotonnes,2.6765,2.968,3.074,3.2065,3.18,3.2065,3.021,3.021,2.756,2.5546,2.6315,2.6182,2.5201,2.7295,2.8885,2.915,2.6474,3.7895,3.869,3.1535,3.18
Solomon Islands,Farm-gate emissions,Emissions (CH4),kilotonnes,1.9354,1.8424,1.8534,1.8933,1.9758,2.0309,2.0581,2.0854,2.1327,2.1404,2.1537,2.1426,2.1795,2.221,2.2479,2.2617,2.2557,2.2598,2.2669,2.2713,2.2787
Solomon Islands,Farm-gate emissions,Direct emissions (N2O),kilotonnes,0.0309,0.0307,0.0309,0.0309,0.032,0.0322,0.0331,0.0341,0.0342,0.0343,0.0342,0.0342,0.0347,0.0351,0.0353,0.0353,0.0354,0.0356,0.0356,0.0358,0.0359
Solomon Islands,Farm-gate emissions,Indirect emissions (N2O),kilotonnes,0.0081,0.0081,0.0082,0.0082,0.0085,0.0085,0.0087,0.0089,0.009,0.009,0.009,0.009,0.0091,0.0092,0.0092,0.0092,0.0093,0.0093,0.0093,0.0093,0.0094
Solomon Islands,Farm-gate emissions,Emissions (N2O),kilotonnes,0.0525,0.0528,0.0531,0.0533,0.055,0.0554,0.0567,0.0581,0.0585,0.0587,0.0586,0.0586,0.0595,0.0603,0.0606,0.0608,0.0611,0.0612,0.0614,0.0617,0.0619
Solomon Islands,Farm-gate emissions,Emissions (CO2),kilotonnes,15.4165,15.7923,16.1782,16.2168,16.6887,17.0531,17.4304,17.811,18.2046,18.6034,19.0511,19.5484,19.8384,23.9352,22.3436,22.2121,22.3171,22.0869,22.4008,22.6568,22.6568
Solomon Islands,Farm-gate emissions,Emissions (CO2eq) from CH4 (AR5),kilotonnes,54.1919,51.5859,51.8963,53.0119,55.3229,56.864,57.6267,58.3906,59.7148,59.9308,60.3022,59.9923,61.0262,62.1879,62.9422,63.327,63.1587,63.2737,63.4734,63.5967,63.8024
Solomon Islands,Farm-gate emissions,Emissions (CO2eq) from N2O (AR5),kilotonnes,13.9244,13.9967,14.0717,14.1354,14.5804,14.6815,15.0324,15.4014,15.5029,15.5675,15.5234,15.5245,15.7632,15.9897,16.0671,16.1146,16.1817,16.2286,16.2706,16.346,16.4005
Solomon Islands,Farm-gate emissions,Emissions (CO2eq) (AR5),kilotonnes,83.5328,81.3749,82.1462,83.3642,86.5919,88.5985,90.0895,91.6029,93.4223,94.1017,94.8767,95.0653,96.6278,102.1128,101.3529,101.6538,101.6574,101.5892,102.1448,102.5995,102.8597
Solomon Islands,Land Use change,Emissions (CH4),kilotonnes,0,0,0.0027,0,0,0,0,0,0,0,0,0,0,0,0,0,0,0,0,0,0
Solomon Islands,Land Use change,Emissions (N2O),kilotonnes,0,0,0.0002,0,0,0,0,0,0,0,0,0,0,0,0,0,0,0,0,0,0
Solomon Islands,Land Use change,Emissions (CO2),kilotonnes,229.0904,188.9268,188.9268,188.9268,188.9268,188.9268,188.9268,188.9268,188.9268,188.9268,188.9268,184.5787,184.5787,184.5787,184.5787,184.5787,210.0916,210.0916,210.0916,210.0916,210.0916
Solomon Islands,Land Use change,Emissions (CO2eq) from CH4 (AR5),kilotonnes,0,0,0.0745,0,0,0,0,0,0,0,0,0,0,0,0,0,0,0,0,0,0
Solomon Islands,Land Use change,Emissions (CO2eq) from N2O (AR5),kilotonnes,0,0,0.0644,0,0,0,0,0,0,0,0,0,0,0,0,0,0,0,0,0,0
Solomon Islands,Land Use change,Emissions (CO2eq) (AR5),kilotonnes,229.0904,188.9268,189.0656,188.9268,188.9268,188.9268,188.9268,188.9268,188.9268,188.9268,188.9268,184.5787,184.5787,184.5787,184.5787,184.5787,210.0916,210.0916,210.0916,210.0916,210.0916
Solomon Islands,Emissions on agricultural land,Emissions (CH4),kilotonnes,1.9354,1.8424,1.8561,1.8933,1.9758,2.0309,2.0581,2.0854,2.1327,2.1404,2.1537,2.1426,2.1795,2.221,2.2479,2.2617,2.2557,2.2598,2.2669,2.2713,2.2787
Solomon Islands,Emissions on agricultural land,Emissions (N2O),kilotonnes,0.0525,0.0528,0.0533,0.0533,0.055,0.0554,0.0567,0.0581,0.0585,0.0587,0.0586,0.0586,0.0595,0.0603,0.0606,0.0608,0.0611,0.0612,0.0614,0.0617,0.0619
Solomon Islands,Emissions on agricultural land,Emissions (CO2),kilotonnes,244.5069,204.719,205.105,205.1436,205.6155,205.9799,206.3571,206.7377,207.1314,207.5302,207.9778,204.1271,204.4171,208.5138,206.9222,206.7908,232.4086,232.1785,232.4924,232.7484,232.7484
Solomon Islands,Emissions on agricultural land,Emissions (CO2eq) from CH4 (AR5),kilotonnes,54.1919,51.5859,51.9708,53.0119,55.3229,56.864,57.6267,58.3906,59.7148,59.9308,60.3022,59.9923,61.0262,62.1879,62.9422,63.327,63.1587,63.2737,63.4734,63.5967,63.8024
Solomon Islands,Emissions on agricultural land,Emissions (CO2eq) from N2O (AR5),kilotonnes,13.9244,13.9967,14.136,14.1354,14.5804,14.6815,15.0324,15.4014,15.5029,15.5675,15.5234,15.5245,15.7632,15.9897,16.0671,16.1146,16.1817,16.2286,16.2706,16.346,16.4005
Solomon Islands,Emissions on agricultural land,Emissions (CO2eq) (AR5),kilotonnes,312.6232,270.3017,271.2118,272.2909,275.5187,277.5253,279.0163,280.5297,282.3491,283.0285,283.8034,279.644,281.2065,286.6915,285.9316,286.2324,311.749,311.6807,312.2364,312.691,312.9513
Solomon Islands,Pre- and post- production,Emissions (CH4),kilotonnes,0.5808,0.5904,0.6002,0.6178,0.6324,0.6506,0.6631,0.6778,0.6937,0.7059,0.7218,0.7406,0.7576,0.7781,0.7937,0.8165,0.8392,0.8634,0.8876,0.9174,0.9481
Solomon Islands,Pre- and post- production,Emissions (N2O),kilotonnes,0.0082,0.0081,0.0086,0.0088,0.0092,0.0094,0.0097,0.01,0.0103,0.0106,0.0109,0.0119,0.0119,0.0121,0.0123,0.0126,0.0127,0.0128,0.0131,0.0135,0.0139
Solomon Islands,Pre- and post- production,Emissions (CO2),kilotonnes,12.5711,13.1853,12.9939,13.8784,13.8377,15.6118,15.4351,15.7075,17.2673,26.6612,32.4589,37.111,34.7148,36.5393,36.2118,35.4251,32.5553,36.9654,39.0554,43.0893,42.6988
Solomon Islands,Pre- and post- production,Emissions (CO2eq) from CH4 (AR5),kilotonnes,16.2634,16.5299,16.8069,17.2989,17.7078,18.2156,18.5678,18.9785,19.4232,19.7642,20.2098,20.7376,21.213,21.7876,22.2231,22.8632,23.498,24.1759,24.8539,25.6872,26.5477
Solomon Islands,Pre- and post- production,Emissions (CO2eq) from N2O (AR5),kilotonnes,2.186,2.1354,2.2805,2.3327,2.4314,2.4973,2.5788,2.6507,2.7203,2.8179,2.8946,3.1652,3.1463,3.2021,3.259,3.3336,3.3544,3.3881,3.4697,3.5687,3.6742
Solomon Islands,Pre- and post- production,Emissions (CO2eq) (AR5),kilotonnes,31.0205,31.8506,32.0813,33.5099,33.9769,36.3247,36.5817,37.3367,39.4108,49.2434,55.5634,61.0138,59.0741,61.529,61.6939,61.6219,59.4077,64.5295,67.379,72.3452,72.9206
Solomon Islands,Agri-food systems,Emissions (CH4),kilotonnes,2.5163,2.4327,2.4563,2.5111,2.6082,2.6814,2.7212,2.7632,2.8264,2.8463,2.8754,2.8832,2.9371,2.9991,3.0416,3.0782,3.0949,3.1232,3.1545,3.1887,3.2268
Solomon Islands,Agri-food systems,Emissions (N2O),kilotonnes,0.0608,0.0609,0.0619,0.0621,0.0642,0.0648,0.0665,0.0681,0.0688,0.0694,0.0695,0.0705,0.0714,0.0724,0.0729,0.0734,0.0737,0.074,0.0745,0.0751,0.0758
Solomon Islands,Agri-food systems,Emissions (CO2),kilotonnes,257.078,217.9043,218.0989,219.022,219.4532,221.5917,221.7922,222.4452,224.3987,234.1914,240.4367,241.2381,239.1319,245.0531,243.134,242.2159,264.9639,269.1439,271.5478,275.8377,275.4471
Solomon Islands,Agri-food systems,Emissions (CO2eq) from CH4 (AR5),kilotonnes,70.4553,68.1158,68.7777,70.3108,73.0306,75.0795,76.1945,77.3691,79.138,79.695,80.5121,80.73,82.2392,83.9755,85.1653,86.1902,86.6567,87.4496,88.3273,89.2839,90.3501
Solomon Islands,Agri-food systems,Emissions (CO2eq) from N2O (AR5),kilotonnes,16.1104,16.1322,16.4165,16.4681,17.0118,17.1788,17.6112,18.0521,18.2233,18.3854,18.418,18.6897,18.9095,19.1918,19.3261,19.4483,19.536,19.6167,19.7403,19.9147,20.0747
Solomon Islands,Agri-food systems,Emissions (CO2eq) (AR5),kilotonnes,343.6437,302.1523,303.2931,305.8009,309.4956,313.85,315.598,317.8664,321.7599,332.2718,339.3668,340.6578,340.2805,348.2205,347.6255,347.8543,371.1567,376.2102,379.6154,385.0362,385.8719
Solomon Islands,IPCC Agriculture,Emissions (CH4),kilotonnes,1.9307,1.8375,1.8484,1.8884,1.9707,2.0256,2.0527,2.0798,2.1269,2.1345,2.1475,2.1362,2.1731,2.2102,2.2393,2.2535,2.2477,2.2519,2.259,2.2636,2.271
Solomon Islands,IPCC Agriculture,Emissions (CH4),kilotonnes,2.363,,,,,,,,,,,,,,,,,,,,
Solomon Islands,IPCC Agriculture,Direct emissions (N2O),kilotonnes,0.0309,0.0307,0.0309,0.0309,0.032,0.0322,0.0331,0.0341,0.0342,0.0343,0.0342,0.0342,0.0347,0.0351,0.0353,0.0353,0.0354,0.0356,0.0356,0.0358,0.0359
Solomon Islands,IPCC Agriculture,Indirect emissions (N2O),kilotonnes,0.0081,0.0081,0.0082,0.0082,0.0085,0.0085,0.0087,0.0089,0.009,0.009,0.009,0.009,0.0091,0.0092,0.0092,0.0092,0.0093,0.0093,0.0093,0.0093,0.0094
Solomon Islands,IPCC Agriculture,Emissions (N2O),kilotonnes,0.048,0.0482,0.0484,0.0486,0.0501,0.0504,0.0516,0.0529,0.0532,0.0533,0.0531,0.053,0.0538,0.0544,0.0546,0.0547,0.0548,0.055,0.0551,0.0553,0.0555
Solomon Islands,IPCC Agriculture,Emissions (N2O),kilotonnes,0.0669,,,,,,,,,,,,,,,,,,,,
Solomon Islands,IPCC Agriculture,Emissions (CO2eq) from CH4 (AR5),kilotonnes,54.06,51.4489,51.7541,52.8757,55.1789,56.7158,57.4743,58.2337,59.5533,59.7647,60.1301,59.8127,60.8461,61.8846,62.6998,63.0971,62.9349,63.0545,63.2533,63.381,63.5867
Solomon Islands,IPCC Agriculture,Emissions (CO2eq) from CH4 (AR5),kilotonnes,66.164,,,,,,,,,,,,,,,,,,,,
Solomon Islands,IPCC Agriculture,Emissions (CO2eq) from N2O (AR5),kilotonnes,12.7291,12.7768,12.8268,12.8677,13.2861,13.3612,13.6851,14.0271,14.1006,14.1368,14.0636,14.0345,14.2441,14.4119,14.4735,14.4935,14.5305,14.5882,14.5995,14.6594,14.7139
Solomon Islands,IPCC Agriculture,Emissions (CO2eq) from N2O (AR5),kilotonnes,17.7285,,,,,,,,,,,,,,,,,,,,
Solomon Islands,IPCC Agriculture,Emissions (CO2eq) (AR5),kilotonnes,66.7891,64.2258,64.5809,65.7434,68.465,70.077,71.1594,72.2608,73.6539,73.9015,74.1937,73.8472,75.0902,76.2966,77.1734,77.5905,77.4654,77.6427,77.8528,78.0404,78.3006
Solomon Islands,IPCC Agriculture,Emissions (CO2eq) (AR5),kilotonnes,83.8925,,,,,,,,,,,,,,,,,,,,
Solomon Islands,Agricultural Soils,Direct emissions (N2O),kilotonnes,0.0309,0.0307,0.0309,0.0309,0.032,0.0322,0.0331,0.0341,0.0342,0.0343,0.0342,0.0342,0.0347,0.0351,0.0353,0.0353,0.0354,0.0356,0.0356,0.0358,0.0359
Solomon Islands,Agricultural Soils,Indirect emissions (N2O),kilotonnes,0.0081,0.0081,0.0082,0.0082,0.0085,0.0085,0.0087,0.0089,0.009,0.009,0.009,0.009,0.0091,0.0092,0.0092,0.0092,0.0093,0.0093,0.0093,0.0093,0.0094
Solomon Islands,Agricultural Soils,Emissions (N2O),kilotonnes,0.039,0.0389,0.0391,0.0392,0.0406,0.0408,0.0419,0.0431,0.0433,0.0433,0.0432,0.0432,0.0439,0.0444,0.0446,0.0445,0.0447,0.045,0.045,0.0452,0.0454
Solomon Islands,Agricultural Soils,Emissions (N2O),kilotonnes,0.0602,,,,,,,,,,,,,,,,,,,,
Solomon Islands,Agricultural Soils,Emissions (CO2eq) from N2O (AR5),kilotonnes,10.3447,10.3199,10.36,10.3868,10.7528,10.8104,11.1099,11.417,11.4679,11.4851,11.4549,11.4414,11.6238,11.7644,11.8063,11.8052,11.8454,11.9142,11.9283,11.9818,12.0289
Solomon Islands,Agricultural Soils,Emissions (CO2eq) from N2O (AR5),kilotonnes,15.953,,,,,,,,,,,,,,,,,,,,
Solomon Islands,Agricultural Soils,Emissions (CO2eq) (AR5),kilotonnes,10.3447,10.3199,10.36,10.3868,10.7528,10.8104,11.1099,11.417,11.4679,11.4851,11.4549,11.4414,11.6238,11.7644,11.8063,11.8052,11.8454,11.9142,11.9283,11.9818,12.0289
Solomon Islands,Agricultural Soils,Emissions (CO2eq) (AR5),kilotonnes,15.953,,,,,,,,,,,,,,,,,,,,
Solomon Islands,LULUCF,Emissions (CH4),kilotonnes,0,0,0.0027,0,0,0,0,0,0,0,0,0,0,0,0,0,0,0,0,0,0
Solomon Islands,LULUCF,Emissions (N2O),kilotonnes,0,0,0.0002,0,0,0,0,0,0,0,0,0,0,0,0,0,0,0,0,0,0
Solomon Islands,LULUCF,Emissions (CO2),kilotonnes,3912.3316,1692.3727,1692.3727,1692.3727,1692.3727,1692.3727,1692.3727,1692.3727,1692.3727,1692.3727,1692.3727,-17824.7091,-17824.7091,-17824.7091,-17824.7091,-17824.7091,45410.3997,45410.3997,45410.3997,45410.6443,45410.6443
Solomon Islands,LULUCF,Emissions (CO2eq) from CH4 (AR5),kilotonnes,0,0,0.0745,0,0,0,0,0,0,0,0,0,0,0,0,0,0,0,0,0,0
Solomon Islands,LULUCF,Emissions (CO2eq) from N2O (AR5),kilotonnes,0,0,0.0644,0,0,0,0,0,0,0,0,0,0,0,0,0,0,0,0,0,0
Solomon Islands,LULUCF,Emissions (CO2eq) (AR5),kilotonnes,3912.3316,1692.3727,1692.5115,1692.3727,1692.3727,1692.3727,1692.3727,1692.3727,1692.3727,1692.3727,1692.3727,-17824.7091,-17824.7091,-17824.7091,-17824.7091,-17824.7091,45410.3997,45410.3997,45410.3997,45410.6443,45410.6443
Solomon Islands,AFOLU,Emissions (CH4),kilotonnes,1.9307,1.8375,1.851,1.8884,1.9707,2.0256,2.0527,2.0798,2.1269,2.1345,2.1475,2.1362,2.1731,2.2102,2.2393,2.2535,2.2477,2.2519,2.259,2.2636,2.271
Solomon Islands,AFOLU,Emissions (N2O),kilotonnes,0.048,0.0482,0.0486,0.0486,0.0501,0.0504,0.0516,0.0529,0.0532,0.0533,0.0531,0.053,0.0538,0.0544,0.0546,0.0547,0.0548,0.055,0.0551,0.0553,0.0555
Solomon Islands,AFOLU,Emissions (CO2),kilotonnes,3912.3316,1692.3727,1692.3727,1692.3727,1692.3727,1692.3727,1692.3727,1692.3727,1692.3727,1692.3727,1692.3727,-17824.7091,-17824.7091,-17824.7091,-17824.7091,-17824.7091,45410.3997,45410.3997,45410.3997,45410.6443,45410.6443
Solomon Islands,AFOLU,Emissions (CO2eq) from CH4 (AR5),kilotonnes,54.06,51.4489,51.8285,52.8757,55.1789,56.7158,57.4743,58.2337,59.5533,59.7647,60.1301,59.8127,60.8461,61.8846,62.6998,63.0971,62.9349,63.0545,63.2533,63.381,63.5867
Solomon Islands,AFOLU,Emissions (CO2eq) from N2O (AR5),kilotonnes,12.7291,12.7768,12.8912,12.8677,13.2861,13.3612,13.6851,14.0271,14.1006,14.1368,14.0636,14.0345,14.2441,14.4119,14.4735,14.4935,14.5305,14.5882,14.5995,14.6594,14.7139
Solomon Islands,AFOLU,Emissions (CO2eq) (AR5),kilotonnes,3979.1207,1756.5985,1757.0924,1758.1161,1760.8377,1762.4497,1763.5321,1764.6335,1766.0266,1766.2743,1766.5664,-17750.8618,-17749.6189,-17748.4125,-17747.5357,-17747.1185,45487.8651,45488.0424,45488.2526,45488.6847,45488.9449
Solomon Islands,All sectors with LULUCF,Emissions (CH4),kilotonnes,4.5487,4.5065,4.6,4.7594,4.9727,5.1586,5.3467,5.5008,5.7179,5.8315,6.0185,6.2742,6.5041,6.7102,6.9123,7.1155,7.2777,7.4979,7.688,7.8266,8.017
Solomon Islands,All sectors with LULUCF,Emissions (N2O),kilotonnes,0.0878,0.0898,0.0911,0.0923,0.0945,0.0958,0.097,0.0984,0.099,0.0992,0.1002,0.1047,0.105,0.1076,0.1078,0.109,0.1075,0.1151,0.1165,0.1149,0.1164
Solomon Islands,All sectors with LULUCF,Emissions (CO2),kilotonnes,4143.3816,1934.5527,1945.6927,1956.8927,1975.1227,1982.3327,1990.5427,2001.7327,2008.8827,2019.8527,2030.8527,-17471.2291,-17468.1991,-17442.1891,-17486.1791,-17523.1191,45709.0397,45705.3097,45722.3997,45750.6143,45747.6743
Solomon Islands,All sectors with LULUCF,Emissions (CO2eq) from CH4 (AR5),kilotonnes,127.364,126.1809,128.8005,133.2637,139.2349,144.4398,149.7063,154.0217,160.1013,163.2807,168.5181,175.6767,182.1141,187.8846,193.5438,199.2331,203.7749,209.9425,215.2653,219.145,224.4747
Solomon Islands,All sectors with LULUCF,Emissions (CO2eq) from N2O (AR5),kilotonnes,23.2761,23.7982,24.1404,24.4482,25.0521,25.3789,25.6976,26.0873,26.2482,26.2897,26.5557,27.7562,27.8147,28.5099,28.5715,28.883,28.4827,30.5147,30.8705,30.4534,30.8524
Solomon Islands,All sectors with LULUCF,Emissions (CO2eq) (AR5),kilotonnes,4294.0217,2084.5318,2098.6337,2114.6046,2139.4097,2152.1515,2165.9466,2181.8417,2195.2322,2209.4232,2225.9265,-17267.7961,-17258.2702,-17225.7945,-17264.0637,-17295.003,45941.2974,45945.7669,45968.5356,46000.2127,46003.0014
Solomon Islands,All sectors without LULUCF,Emissions (CH4),kilotonnes,4.5487,4.5065,4.5974,4.7594,4.9727,5.1586,5.3467,5.5008,5.7179,5.8315,6.0185,6.2742,6.5041,6.7102,6.9123,7.1155,7.2777,7.4979,7.688,7.8266,8.017
Solomon Islands,All sectors without LULUCF,Emissions (N2O),kilotonnes,0.0878,0.0898,0.0909,0.0923,0.0945,0.0958,0.097,0.0984,0.099,0.0992,0.1002,0.1047,0.105,0.1076,0.1078,0.109,0.1075,0.1151,0.1165,0.1149,0.1164
Solomon Islands,All sectors without LULUCF,Emissions (CO2),kilotonnes,231.05,242.18,253.32,264.52,282.75,289.96,298.17,309.36,316.51,327.48,338.48,353.48,356.51,382.52,338.53,301.59,298.64,294.91,312,339.97,337.03
Solomon Islands,All sectors without LULUCF,Emissions (CO2eq) from CH4 (AR5),kilotonnes,127.364,126.1809,128.7261,133.2637,139.2349,144.4398,149.7063,154.0217,160.1013,163.2807,168.5181,175.6767,182.1141,187.8846,193.5438,199.2331,203.7749,209.9425,215.2653,219.145,224.4747
Solomon Islands,All sectors without LULUCF,Emissions (CO2eq) from N2O (AR5),kilotonnes,23.2761,23.7982,24.0761,24.4482,25.0521,25.3789,25.6976,26.0873,26.2482,26.2897,26.5557,27.7562,27.8147,28.5099,28.5715,28.883,28.4827,30.5147,30.8705,30.4534,30.8524
Solomon Islands,All sectors without LULUCF,Emissions (CO2eq) (AR5),kilotonnes,381.6901,392.1591,406.1221,422.2319,447.037,459.7788,473.5738,489.469,502.8595,517.0504,533.5538,556.9129,566.4388,598.9146,560.6454,529.706,530.8976,535.3672,558.1358,589.5684,592.3571
Somalia,Crop Residues,Direct emissions (N2O),kilotonnes,0.1217,0.1236,0.1328,0.1308,0.1353,0.122,0.1144,0.0762,0.095,0.1175,0.1425,0.0635,0.1006,0.1069,0.0962,0.0966,0.0629,0.0778,0.0831,0.0803,0.0797
Somalia,Crop Residues,Indirect emissions (N2O),kilotonnes,0.0274,0.0278,0.0299,0.0294,0.0304,0.0274,0.0257,0.0171,0.0214,0.0264,0.0321,0.0143,0.0226,0.0241,0.0216,0.0217,0.0142,0.0175,0.0187,0.0181,0.0179
Somalia,Crop Residues,Emissions (N2O),kilotonnes,0.149,0.1514,0.1627,0.1603,0.1657,0.1494,0.1401,0.0933,0.1164,0.144,0.1746,0.0778,0.1232,0.131,0.1178,0.1184,0.0771,0.0953,0.1018,0.0983,0.0977
Somalia,Crop Residues,Emissions (CO2eq) from N2O (AR5),kilotonnes,39.4924,40.1083,43.1186,42.4687,43.9138,39.5968,37.1284,24.728,30.8448,38.1521,46.2677,20.6236,32.6431,34.7152,31.2296,31.365,20.4232,25.2588,26.9878,26.0562,25.8838
Somalia,Crop Residues,Emissions (CO2eq) (AR5),kilotonnes,39.4924,40.1083,43.1186,42.4687,43.9138,39.5968,37.1284,24.728,30.8448,38.1521,46.2677,20.6236,32.6431,34.7152,31.2296,31.365,20.4232,25.2588,26.9878,26.0562,25.8838
Somalia,Rice Cultivation,Emissions (CH4),kilotonnes,0.14,0.0938,0.28,0.28,0.42,0.3737,0.3667,0.364,0.2759,0.154,0.231,0.168,0.154,0.1873,0.042,0.196,0.105,0.1312,0.1539,0.1844,0.2311
Somalia,Rice Cultivation,Emissions (CO2eq) from CH4 (AR5),kilotonnes,3.92,2.6264,7.84,7.84,11.76,10.4625,10.2665,10.192,7.7263,4.312,6.468,4.704,4.312,5.245,1.176,5.488,2.94,3.673,4.3081,5.1626,6.4719
Somalia,Rice Cultivation,Emissions (CO2eq) (AR5),kilotonnes,3.92,2.6264,7.84,7.84,11.76,10.4625,10.2665,10.192,7.7263,4.312,6.468,4.704,4.312,5.245,1.176,5.488,2.94,3.673,4.3081,5.1626,6.4719
Somalia,Burning - Crop residues,Emissions (CH4),kilotonnes,0.5071,0.5585,0.5605,0.5501,0.5177,0.476,0.2734,0.2602,0.2458,0.2427,0.2533,0.1137,0.2369,0.349,0.4552,0.5288,0.3066,0.285,0.2667,0.286,0.2862
Somalia,Burning - Crop residues,Emissions (N2O),kilotonnes,0.0131,0.0145,0.0145,0.0143,0.0134,0.0123,0.0071,0.0067,0.0064,0.0063,0.0066,0.0029,0.0061,0.009,0.0118,0.0137,0.0079,0.0074,0.0069,0.0074,0.0074
Somalia,Burning - Crop residues,Emissions (CO2eq) from CH4 (AR5),kilotonnes,14.1977,15.6385,15.6927,15.4024,14.4953,13.327,7.6545,7.2845,6.8822,6.7962,7.0922,3.183,6.6331,9.7718,12.7465,14.8061,8.586,7.9801,7.4678,8.0087,8.0145
Somalia,Burning - Crop residues,Emissions (CO2eq) from N2O (AR5),kilotonnes,3.4837,3.8372,3.8505,3.7793,3.5567,3.27,1.8782,1.7874,1.6887,1.6676,1.7402,0.781,1.6276,2.3977,3.1276,3.633,2.1067,1.9581,1.8324,1.9651,1.9665
Somalia,Burning - Crop residues,Emissions (CO2eq) (AR5),kilotonnes,17.6814,19.4757,19.5432,19.1817,18.052,16.597,9.5327,9.0718,8.5709,8.4638,8.8324,3.964,8.2606,12.1695,15.8741,18.4391,10.6927,9.9382,9.3001,9.9738,9.981
Somalia,Enteric Fermentation,Emissions (CH4),kilotonnes,629.5809,641.8424,649.0168,651.7144,658.8699,668.0401,634.7845,605.8245,604.8755,604.0023,606.3928,610.0091,615.5539,615.804,619.484,620.2753,619.8768,614.0548,611.8486,622.2102,623.6579
Somalia,Enteric Fermentation,Emissions (CO2eq) from CH4 (AR5),kilotonnes,17628.2652,17971.5872,18172.47,18248.0043,18448.3572,18705.1228,17773.966,16963.086,16936.5144,16912.0638,16978.9985,17080.2548,17235.5092,17242.512,17345.552,17367.7085,17356.5514,17193.5343,17131.7607,17421.8862,17462.4199
Somalia,Enteric Fermentation,Emissions (CO2eq) (AR5),kilotonnes,17628.2652,17971.5872,18172.47,18248.0043,18448.3572,18705.1228,17773.966,16963.086,16936.5144,16912.0638,16978.9985,17080.2548,17235.5092,17242.512,17345.552,17367.7085,17356.5514,17193.5343,17131.7607,17421.8862,17462.4199
Somalia,Manure Management,Emissions (CH4),kilotonnes,28.6471,29.108,29.4293,29.6363,29.9209,30.2897,28.8109,27.7345,27.7153,27.6869,27.7767,27.8765,28.1623,28.1754,28.3514,28.4602,28.4977,28.3444,28.2365,28.6449,28.7069
Somalia,Manure Management,Emissions (N2O),kilotonnes,0.1768,0.1821,0.1843,0.1837,0.1864,0.1898,0.1784,0.1653,0.1647,0.1642,0.1654,0.1678,0.1685,0.1686,0.1695,0.168,0.1662,0.162,0.1609,0.1671,0.1674
Somalia,Manure Management,Emissions (CO2eq) from CH4 (AR5),kilotonnes,802.1201,815.0237,824.0213,829.8169,837.7841,848.1105,806.7041,776.5649,776.0273,775.2321,777.7465,780.5409,788.5433,788.9101,793.8381,796.8865,797.9356,793.6424,790.6229,802.0576,803.793
Somalia,Manure Management,Emissions (CO2eq) from N2O (AR5),kilotonnes,46.8648,48.2572,48.841,48.6841,49.3862,50.2899,47.2823,43.8087,43.6357,43.5207,43.8405,44.4557,44.65,44.6915,44.9178,44.5222,44.0512,42.9179,42.6454,44.2729,44.3618
Somalia,Manure Management,Emissions (CO2eq) (AR5),kilotonnes,848.9849,863.2809,872.8624,878.501,887.1704,898.4004,853.9864,820.3736,819.663,818.7528,821.587,824.9966,833.1933,833.6017,838.7559,841.4087,841.9868,836.5603,833.2683,846.3305,848.1548
Somalia,Manure left on Pasture,Direct emissions (N2O),kilotonnes,16.1391,16.5178,16.6998,16.7794,17.0714,17.4324,16.3644,15.1935,15.1605,15.1265,15.2206,15.3504,15.4426,15.4552,15.5391,15.5032,15.419,15.1974,15.0931,15.4518,15.4842
Somalia,Manure left on Pasture,Indirect emissions (N2O),kilotonnes,5.4316,5.5522,5.6122,5.6479,5.757,5.8837,5.4715,5.108,5.1,5.091,5.1255,5.1629,5.1966,5.2017,5.229,5.2202,5.1941,5.1217,5.087,5.2225,5.229
Somalia,Manure left on Pasture,Emissions (N2O),kilotonnes,21.5708,22.07,22.3121,22.4273,22.8284,23.3161,21.8359,20.3015,20.2606,20.2175,20.3461,20.5133,20.6391,20.6569,20.7682,20.7234,20.6132,20.319,20.1802,20.6743,20.7133
Somalia,Manure left on Pasture,Emissions (CO2eq) from N2O (AR5),kilotonnes,5716.2602,5848.5419,5912.6961,5943.2333,6049.5303,6178.7573,5786.5248,5379.8912,5369.0476,5357.6463,5391.7102,5436.0235,5469.3703,5474.0724,5503.5629,5491.694,5462.4866,5384.5435,5347.7527,5478.6905,5489.0125
Somalia,Manure left on Pasture,Emissions (CO2eq) (AR5),kilotonnes,5716.2602,5848.5419,5912.6961,5943.2333,6049.5303,6178.7573,5786.5248,5379.8912,5369.0476,5357.6463,5391.7102,5436.0235,5469.3703,5474.0724,5503.5629,5491.694,5462.4866,5384.5435,5347.7527,5478.6905,5489.0125
Somalia,Manure applied to Soils,Direct emissions (N2O),kilotonnes,0.3268,0.34,0.3436,0.3378,0.3446,0.3512,0.3296,0.316,0.314,0.3133,0.3152,0.3204,0.3223,0.3226,0.3243,0.3211,0.3203,0.3104,0.3134,0.3204,0.3211
Somalia,Manure applied to Soils,Indirect emissions (N2O),kilotonnes,0.1389,0.1445,0.146,0.1436,0.1465,0.1493,0.1401,0.1343,0.1334,0.1332,0.1339,0.1362,0.137,0.1371,0.1378,0.1365,0.1361,0.1319,0.1332,0.1362,0.1365
Somalia,Manure applied to Soils,Emissions (N2O),kilotonnes,0.4657,0.4845,0.4896,0.4814,0.4911,0.5005,0.4697,0.4503,0.4474,0.4465,0.4491,0.4566,0.4592,0.4598,0.4621,0.4576,0.4564,0.4423,0.4466,0.4566,0.4576
Somalia,Manure applied to Soils,Emissions (CO2eq) from N2O (AR5),kilotonnes,123.4025,128.4029,129.751,127.5795,130.1418,132.628,124.4652,119.3367,118.5598,118.3255,119.0175,121.0015,121.6961,121.8342,122.4659,121.2697,120.9573,117.2025,118.3599,121.0087,121.268
Somalia,Manure applied to Soils,Emissions (CO2eq) (AR5),kilotonnes,123.4025,128.4029,129.751,127.5795,130.1418,132.628,124.4652,119.3367,118.5598,118.3255,119.0175,121.0015,121.6961,121.8342,122.4659,121.2697,120.9573,117.2025,118.3599,121.0087,121.268
Somalia,Drained organic soils,Emissions (CO2eq) (AR5),kilotonnes,0,0,0,0,0,0,0,0,0,0,0,0,0,0,0,0,0,0,0,0,0
Somalia,Drained organic soils (CO2),Emissions (CO2),kilotonnes,0,0,0,0,0,0,0,0,0,0,0,0,0,0,0,0,0,0,0,0,0
Somalia,Drained organic soils (CO2),Emissions (CO2eq) (AR5),kilotonnes,0,0,0,0,0,0,0,0,0,0,0,0,0,0,0,0,0,0,0,0,0
Somalia,Drained organic soils (N2O),Emissions (N2O),kilotonnes,0,0,0,0,0,0,0,0,0,0,0,0,0,0,0,0,0,0,0,0,0
Somalia,Drained organic soils (N2O),Emissions (CO2eq) from N2O (AR5),kilotonnes,0,0,0,0,0,0,0,0,0,0,0,0,0,0,0,0,0,0,0,0,0
Somalia,Drained organic soils (N2O),Emissions (CO2eq) (AR5),kilotonnes,0,0,0,0,0,0,0,0,0,0,0,0,0,0,0,0,0,0,0,0,0
Somalia,On-farm energy use,Emissions (CH4),kilotonnes,0.0575,0.0596,0.0592,0.0588,0.0578,0.0575,0.0572,0.0817,0.0785,0.0837,0.0765,0.0725,0.0596,0.0568,0.0647,0.0628,0.0676,0.0696,0.0766,0.0789,0.0789
Somalia,On-farm energy use,Emissions (N2O),kilotonnes,0.0003,0.0003,0.0003,0.0003,0.0003,0.0003,0.0003,0.0004,0.0004,0.0004,0.0004,0.0004,0.0003,0.0003,0.0003,0.0003,0.0003,0.0003,0.0004,0.0004,0.0004
Somalia,On-farm energy use,Emissions (CO2),kilotonnes,18.1425,18.8072,18.6669,18.5531,18.2417,18.1373,18.0462,25.7519,24.7505,26.3862,24.1179,22.8479,18.8031,17.9033,20.4097,19.8114,21.3019,21.9585,24.1433,24.89,24.89
Somalia,On-farm energy use,Emissions (CO2eq) from CH4 (AR5),kilotonnes,1.611,1.67,1.6575,1.6474,1.6198,1.6105,1.6024,2.2866,2.1977,2.343,2.1415,2.0288,1.6696,1.5897,1.8123,1.7592,1.8915,1.9498,2.1438,2.2101,2.2101
Somalia,On-farm energy use,Emissions (CO2eq) from N2O (AR5),kilotonnes,0.0762,0.079,0.0784,0.078,0.0766,0.0762,0.0758,0.1082,0.104,0.1109,0.1013,0.096,0.079,0.0752,0.0858,0.0832,0.0895,0.0923,0.1014,0.1046,0.1046
Somalia,On-farm energy use,Emissions (CO2eq) (AR5),kilotonnes,19.8297,20.5562,20.4029,20.2785,19.9381,19.824,19.7245,28.1467,27.0523,28.84,26.3608,24.9727,20.5518,19.5683,22.3077,21.6538,23.283,24.0006,26.3885,27.2047,27.2047
Somalia,Forestland,Emissions (CO2),kilotonnes,0,0,0,0,0,0,0,0,0,0,0,0,0,0,0,0,0,0,0,0,0
Somalia,Forestland,Emissions (CO2eq) (AR5),kilotonnes,0,0,0,0,0,0,0,0,0,0,0,0,0,0,0,0,0,0,0,0,0
Somalia,Net Forest conversion,Emissions (CO2),kilotonnes,17352.1517,17352.1517,17352.1517,17352.1517,17352.1517,17352.1517,17352.1517,17352.1517,17352.1517,17352.1517,17352.1517,17352.1517,17352.1517,17352.1517,17352.1517,17352.1517,17352.1517,17352.1517,17352.1517,17352.1517,17352.1517
Somalia,Net Forest conversion,Emissions (CO2eq) (AR5),kilotonnes,17352.1517,17352.1517,17352.1517,17352.1517,17352.1517,17352.1517,17352.1517,17352.1517,17352.1517,17352.1517,17352.1517,17352.1517,17352.1517,17352.1517,17352.1517,17352.1517,17352.1517,17352.1517,17352.1517,17352.1517,17352.1517
Somalia,Savanna fires,Emissions (CH4),kilotonnes,0.223,0.0197,0.2371,1.5093,0.2283,0.3288,0.1215,0.4388,0.3295,0.1902,0.271,0.0493,0.7622,1.1723,0.2751,0.0335,0.0594,0.0005,0.0065,0.0322,0.2658
Somalia,Savanna fires,Emissions (N2O),kilotonnes,0.0204,0.0018,0.0217,0.1378,0.0208,0.03,0.0111,0.0401,0.0301,0.0174,0.0247,0.0045,0.0696,0.107,0.0251,0.0031,0.0054,0,0.0006,0.0029,0.0243
Somalia,Savanna fires,Emissions (CO2eq) from CH4 (AR5),kilotonnes,6.2432,0.5524,6.6401,42.2592,6.3923,9.2052,3.4018,12.2872,9.2257,5.3252,7.5883,1.3812,21.3402,32.8233,7.7028,0.9378,1.664,0.0143,0.1807,0.9028,7.4415
Somalia,Savanna fires,Emissions (CO2eq) from N2O (AR5),kilotonnes,5.3949,0.4774,5.7379,36.5174,5.5238,7.9545,2.9396,10.6177,7.9722,4.6016,6.5572,1.1935,18.4407,28.3636,6.6562,0.8104,1.4379,0.0124,0.1562,0.7801,6.4304
Somalia,Savanna fires,Emissions (CO2eq) (AR5),kilotonnes,11.6381,1.0298,12.3779,78.7766,11.9161,17.1597,6.3414,22.9049,17.1979,9.9268,14.1455,2.5747,39.7809,61.187,14.3591,1.7481,3.102,0.0267,0.3369,1.683,13.872
Somalia,Fires in organic soils,Emissions (CH4),kilotonnes,0,0,0,0,0,0,0,0,0,0,0,0,0,0,0,0,0,0,0,0,0
Somalia,Fires in organic soils,Emissions (CO2),kilotonnes,0,0,0,0,0,0,0,0,0,0,0,0,0,0,0,0,0,0,0,0,0
Somalia,Fires in organic soils,Emissions (CO2eq) from CH4 (AR5),kilotonnes,0,0,0,0,0,0,0,0,0,0,0,0,0,0,0,0,0,0,0,0,0
Somalia,Fires in organic soils,Emissions (CO2eq) (AR5),kilotonnes,0,0,0,0,0,0,0,0,0,0,0,0,0,0,0,0,0,0,0,0,0
Somalia,Forest fires,Emissions (CH4),kilotonnes,0.0186,0.0025,0,0,0,0,0,0,0,0,0,0,0,0,0,0,0,0,0,0,0
Somalia,Forest fires,Emissions (N2O),kilotonnes,0.0005,0.0002,0,0,0,0,0,0,0,0,0,0,0,0,0,0,0,0,0,0,0
Somalia,Forest fires,Emissions (CO2eq) from CH4 (AR5),kilotonnes,0.5194,0.0694,0,0,0,0,0,0,0,0,0,0,0,0,0,0,0,0,0,0,0
Somalia,Forest fires,Emissions (CO2eq) from N2O (AR5),kilotonnes,0.1447,0.0599,0,0,0,0,0,0,0,0,0,0,0,0,0,0,0,0,0,0,0
Somalia,Forest fires,Emissions (CO2eq) (AR5),kilotonnes,0.6641,0.1293,0,0,0,0,0,0,0,0,0,0,0,0,0,0,0,0,0,0,0
Somalia,Fires in humid tropical forests,Emissions (CH4),kilotonnes,0,0,0,0,0,0,0,0,0,0,0,0,0,0,0,0,0,0,0,0,0
Somalia,Fires in humid tropical forests,Emissions (N2O),kilotonnes,0,0,0,0,0,0,0,0,0,0,0,0,0,0,0,0,0,0,0,0,0
Somalia,Fires in humid tropical forests,Emissions (CO2eq) from CH4 (AR5),kilotonnes,0,0,0,0,0,0,0,0,0,0,0,0,0,0,0,0,0,0,0,0,0
Somalia,Fires in humid tropical forests,Emissions (CO2eq) from N2O (AR5),kilotonnes,0,0,0,0,0,0,0,0,0,0,0,0,0,0,0,0,0,0,0,0,0
Somalia,Fires in humid tropical forests,Emissions (CO2eq) (AR5),kilotonnes,0,0,0,0,0,0,0,0,0,0,0,0,0,0,0,0,0,0,0,0,0
Somalia,Waste - agri-food systems,Emissions (CH4),kilotonnes,21.8737,21.3245,20.8507,20.4454,20.1044,19.8238,19.5973,19.419,19.2868,19.2002,19.1585,19.1591,19.2,24.4551,27.6653,31.0773,34.2894,37.2948,40.1229,42.7225,45.1773
Somalia,Waste - agri-food systems,Emissions (N2O),kilotonnes,0,0,0,0,0,0,0,0,0,0,0,0,0,0.0111,0.0075,0.0077,0.008,0.0082,0.0084,0.008,0.0076
Somalia,Waste - agri-food systems,Emissions (CO2),kilotonnes,0,0,0,0,0,0,0,0,0,0,0,0,0,0,0,0,0,0,0,0,0
Somalia,Waste - agri-food systems,Emissions (CO2eq) from CH4 (AR5),kilotonnes,612.4627,597.0862,583.8206,572.4714,562.9242,555.0678,548.725,543.7315,540.0307,537.6059,536.4375,536.4562,537.6001,684.7424,774.6296,870.165,960.1027,1044.2558,1123.4407,1196.2313,1264.9655
Somalia,Waste - agri-food systems,Emissions (CO2eq) from N2O (AR5),kilotonnes,0,0,0,0,0,0,0,0,0,0,0,0,0,2.9344,1.985,2.0509,2.1087,2.1632,2.2225,2.1156,2.0087
Somalia,Waste - agri-food systems,Emissions (CO2eq) (AR5),kilotonnes,612.4627,597.0862,583.8206,572.4714,562.9242,555.0678,548.725,543.7315,540.0307,537.6059,536.4375,536.4562,537.6001,687.6768,776.6147,872.2159,962.2114,1046.419,1125.6632,1198.3469,1266.9742
Somalia,On-farm electricity use,Emissions (CH4),kilotonnes,0,0,0,0,0,0,0,0,0,0,0,0,0,0,0,0,0,0,0,0,0
Somalia,On-farm electricity use,Emissions (N2O),kilotonnes,0,0,0,0,0,0,0,0,0,0,0,0,0,0,0,0,0,0,0,0,0
Somalia,On-farm electricity use,Emissions (CO2),kilotonnes,0,0,0,0,0,0,0,0,0,0,0,0,0,0,0,0,0,0,0,0,0
Somalia,On-farm electricity use,Emissions (CO2eq) from CH4 (AR5),kilotonnes,0,0,0,0,0,0,0,0,0,0,0,0,0,0,0,0,0,0,0,0,0
Somalia,On-farm electricity use,Emissions (CO2eq) from N2O (AR5),kilotonnes,0,0,0,0,0,0,0,0,0,0,0,0,0,0,0,0,0,0,0,0,0
Somalia,On-farm electricity use,Emissions (CO2eq) (AR5),kilotonnes,0,0,0,0,0,0,0,0,0,0,0,0,0,0,0,0,0,0,0,0,0
Somalia,Food Processing,Emissions (CH4),kilotonnes,3.4591,3.2766,3.0072,1.9027,0.0048,0.0066,0.016,0.0511,0.0552,0.2353,0.2889,0.3136,0.2179,0.2449,0.2223,0.269,0.1803,0.183,0.1548,0.1984,0.2031
Somalia,Food Processing,Emissions (N2O),kilotonnes,0.0163,0.0161,0.0157,0.0099,0.0005,0.0006,0.0015,0.0013,0.0012,0.0018,0.0016,0.0028,0.002,0.0022,0.002,0.0027,0.0019,0.002,0.0018,0.002,0.002
Somalia,Food Processing,Emissions (CO2),kilotonnes,64.8672,79.5491,85.9476,54.6341,3.7699,4.3394,10.4172,9.5407,11.1802,15.0945,10.2339,19.1727,15.7404,14.989,12.6064,15.927,12.2432,12.896,13.5605,13.849,12.3735
Somalia,Food Processing,Emissions (CO2eq) from CH4 (AR5),kilotonnes,96.8548,91.7448,84.2016,53.2756,0.1344,0.1848,0.448,1.4308,1.5456,6.5884,8.0892,8.7808,6.1012,6.8572,6.2244,7.532,5.0484,5.124,4.3344,5.5552,5.6854
Somalia,Food Processing,Emissions (CO2eq) from N2O (AR5),kilotonnes,4.3195,4.2665,4.1605,2.6235,0.1325,0.159,0.3975,0.3445,0.318,0.477,0.424,0.742,0.53,0.583,0.53,0.7155,0.5035,0.53,0.477,0.53,0.5423
Somalia,Food Processing,Emissions (CO2eq) (AR5),kilotonnes,166.0415,175.5604,174.3097,110.5332,4.0368,4.6832,11.2627,11.316,13.0438,22.1599,18.7471,28.6955,22.3716,22.4292,19.3608,24.1745,17.7951,18.55,18.3719,19.9342,18.6011
Somalia,Food Packaging,Emissions (CH4),kilotonnes,0,0,0,0,0,0,0,0,0,0,0.0011,0.0012,0.0017,0,0,0,0,0,0,0.0004,0.0004
Somalia,Food Packaging,Emissions (N2O),kilotonnes,0,0,0,0,0,0,0,0,0,0,0.0001,0.0001,0.0001,0,0,0,0,0,0,0,0
Somalia,Food Packaging,Emissions (CO2),kilotonnes,0.0075,0.0078,0.0091,0.0092,0.0092,0.0092,0.0092,0.0095,0.0093,0.0093,0.8463,0.7042,1.3138,0.0057,0.0124,0.0113,0.0145,0.0148,0.0147,0.26,0.2323
Somalia,Food Packaging,Emissions (CO2eq) from CH4 (AR5),kilotonnes,0,0,0,0,0,0,0,0,0,0,0.0308,0.0336,0.0476,0,0,0,0,0,0,0.0112,0.0115
Somalia,Food Packaging,Emissions (CO2eq) from N2O (AR5),kilotonnes,0,0,0,0,0,0,0,0,0,0,0.0265,0.0265,0.0265,0,0,0,0,0,0,0,0
Somalia,Food Packaging,Emissions (CO2eq) (AR5),kilotonnes,0.0075,0.0078,0.0091,0.0092,0.0092,0.0092,0.0092,0.0095,0.0093,0.0093,0.9036,0.7643,1.3879,0.0057,0.0124,0.0113,0.0145,0.0148,0.0147,0.2712,0.2438
Somalia,Food Retail,Emissions (CO2eq) from F-gases (AR5),kilotonnes,0.5195,0.5195,1.039,1.039,1.039,1.039,1.5585,1.5585,1.5585,1.5585,1.5585,1.5585,1.5585,1.5585,1.5585,1.5585,1.5585,1.5585,1.5585,1.5585,1.6291
Somalia,Food Retail,Emissions (CO2eq) (AR5),kilotonnes,0.5195,0.5195,1.039,1.039,1.039,1.039,1.5585,1.5585,1.5585,1.5585,1.5585,1.5585,1.5585,1.5585,1.5585,1.5585,1.5585,1.5585,1.5585,1.5585,1.6291
Somalia,Food Household Consumption,Emissions (CH4),kilotonnes,0.0009,0.0008,0.0025,0.0025,0.0025,0.0019,0.0019,0.0041,0.0039,0.0034,0.0044,0.0044,0.0044,0.0039,0.0039,0.0039,0.0037,0.0037,0.0037,0.0037,0.0038
Somalia,Food Household Consumption,Emissions (N2O),kilotonnes,0.0001,0,0.0001,0.0001,0.0001,0.0001,0.0001,0.0002,0.0002,0.0002,0.0003,0.0003,0.0003,0.0002,0.0002,0.0002,0.0002,0.0002,0.0002,0.0002,0.0002
Somalia,Food Household Consumption,Emissions (CO2),kilotonnes,6.1528,7.7812,19.3177,19.3177,19.3177,15.4722,15.4722,31.5105,29.9723,26.1268,33.8178,33.8178,33.8178,29.9723,29.7186,29.7419,28.2301,28.2301,28.2301,28.2301,25.2223
Somalia,Food Household Consumption,Emissions (CO2eq) from CH4 (AR5),kilotonnes,0.0252,0.0224,0.07,0.07,0.07,0.0532,0.0532,0.1148,0.1092,0.0952,0.1232,0.1232,0.1232,0.1092,0.1092,0.1092,0.1036,0.1036,0.1036,0.1036,0.106
Somalia,Food Household Consumption,Emissions (CO2eq) from N2O (AR5),kilotonnes,0.0265,0,0.0265,0.0265,0.0265,0.0265,0.0265,0.053,0.053,0.053,0.0795,0.0795,0.0795,0.053,0.053,0.053,0.053,0.053,0.053,0.053,0.0542
Somalia,Food Household Consumption,Emissions (CO2eq) (AR5),kilotonnes,6.2045,7.8036,19.4142,19.4142,19.4142,15.5519,15.5519,31.6783,30.1345,26.275,34.0205,34.0205,34.0205,30.1345,29.8808,29.9041,28.3867,28.3867,28.3867,28.3867,25.3826
Somalia,Food Transport,Emissions (CH4),kilotonnes,0.0065,0.0065,0.007,0.007,0.0069,0.0069,0.0069,0.0065,0.0064,0.0067,0.0067,0.0072,0.0074,0.008,0.0079,0.0085,0.0091,0.0092,0.0097,0.0086,0.0088
Somalia,Food Transport,Emissions (N2O),kilotonnes,0.0007,0.0007,0.0008,0.0008,0.0008,0.0008,0.0008,0.0008,0.0007,0.0008,0.0009,0.001,0.001,0.0011,0.0011,0.0012,0.0012,0.0012,0.0013,0.0012,0.0012
Somalia,Food Transport,Emissions (CO2),kilotonnes,30.926,31.3525,34.997,35.312,34.897,35.9585,36.3975,36.5065,36.183,37.0525,37.4906,37.3044,38.7442,40.961,40.3175,43.1852,45.3359,45.7811,48.2248,47.2351,42.2024
Somalia,Food Transport,Emissions (CO2eq) from CH4 (AR5),kilotonnes,0.182,0.182,0.196,0.196,0.1932,0.1932,0.1932,0.182,0.1792,0.1876,0.1876,0.2016,0.2072,0.224,0.2212,0.238,0.2548,0.2576,0.2716,0.2408,0.2464
Somalia,Food Transport,Emissions (CO2eq) from N2O (AR5),kilotonnes,0.1855,0.1855,0.212,0.212,0.212,0.212,0.212,0.212,0.1855,0.212,0.2385,0.265,0.265,0.2915,0.2915,0.318,0.318,0.318,0.3445,0.318,0.3254
Somalia,Food Transport,Emissions (CO2eq) (AR5),kilotonnes,31.2935,31.72,35.405,35.72,35.3022,36.3637,36.8027,36.9005,36.5477,37.4521,37.9167,37.771,39.2164,41.4765,40.8302,43.7412,45.9087,46.3567,48.8409,47.7939,42.7742
Somalia,Energy,Emissions (CH4),kilotonnes,58.6,62.6,65.1,70.6,73,77.9,83.2,82.9,91.5,97,101,106,108,107,107,109,114,122,125,128,131
Somalia,Energy,Emissions (N2O),kilotonnes,0.507,0.531,0.552,0.588,0.605,0.629,0.662,0.667,0.717,0.751,0.778,0.808,0.826,0.822,0.816,0.841,0.871,0.913,0.918,0.95,0.972
Somalia,Energy,Emissions (CO2),kilotonnes,480,502,587,594,594,594,594,609,601,598,612,612,609,631,631,631,638,638,670,657,587
Somalia,Energy,Emissions (CO2eq) from CH4 (AR5),kilotonnes,1640.8,1752.8,1822.8,1976.8,2044,2181.2,2329.6,2321.2,2562,2716,2828,2968,3024,2996,2996,3052,3192,3416,3500,3584,3668
Somalia,Energy,Emissions (CO2eq) from N2O (AR5),kilotonnes,134.355,140.715,146.28,155.82,160.325,166.685,175.43,176.755,190.005,199.015,206.17,214.12,218.89,217.83,216.24,222.865,230.815,241.945,243.27,251.75,257.58
Somalia,Energy,Emissions (CO2eq) (AR5),kilotonnes,2255.155,2395.515,2556.08,2726.62,2798.325,2941.885,3099.03,3106.955,3353.005,3513.015,3646.17,3794.12,3851.89,3844.83,3843.24,3905.865,4060.815,4295.945,4413.27,4492.75,4512.58
Somalia,IPPU,Emissions (N2O),kilotonnes,0.0001,0.0001,0.0001,0.0001,0.0001,0.0001,0.0001,0.0001,0.0001,0.0001,0.0001,0.0001,0.0001,0.0001,0.0001,0.0002,0.0002,0.0002,0.0002,0.0002,0.0002
Somalia,IPPU,Emissions (CO2),kilotonnes,26.5,27.4,28.4,28.3,30.3,31.1,32,33.2,33.8,34.2,34.6,35,35.2,35.8,35.8,35.7,35.9,36.1,36.3,37.5,37.9
Somalia,IPPU,Emissions (CO2eq) from F-gases (AR5),kilotonnes,0.5899,0.6938,0.8172,0.9582,1.1758,1.3022,1.4673,1.6228,1.7783,1.9338,2.0893,2.2156,2.3711,2.5266,2.6723,2.8278,2.9736,3.129,3.2845,3.4303,3.5858
Somalia,IPPU,Emissions (CO2eq) from N2O (AR5),kilotonnes,0.0263,0.027,0.0278,0.0286,0.0294,0.0305,0.0313,0.0321,0.0331,0.0342,0.0352,0.036,0.0371,0.0382,0.0395,0.0405,0.0416,0.0429,0.0443,0.0448,0.0458
Somalia,IPPU,Emissions (CO2eq) (AR5),kilotonnes,27.1161,28.1209,29.2451,29.2868,31.5052,32.4326,33.4986,34.8549,35.6114,36.168,36.7245,37.2516,37.6082,38.3647,38.5118,38.5684,38.9152,39.272,39.6288,40.9751,41.5316
Somalia,Waste,Emissions (CH4),kilotonnes,59.8,62.1,64.3,66.6,68.9,71.4,73.9,76.5,79.1,82,84.9,87.9,91.2,94.5,97,99.6,103,107,111,112,115
Somalia,Waste,Emissions (N2O),kilotonnes,0.207,0.213,0.219,0.229,0.238,0.248,0.258,0.269,0.277,0.288,0.301,0.316,0.327,0.337,0.349,0.363,0.38,0.392,0.404,0.412,0.424
Somalia,Waste,Emissions (CO2eq) from CH4 (AR5),kilotonnes,1674.4,1738.8,1800.4,1864.8,1929.2,1999.2,2069.2,2142,2214.8,2296,2377.2,2461.2,2553.6,2646,2716,2788.8,2884,2996,3108,3136,3220
Somalia,Waste,Emissions (CO2eq) from N2O (AR5),kilotonnes,54.855,56.445,58.035,60.685,63.07,65.72,68.37,71.285,73.405,76.32,79.765,83.74,86.655,89.305,92.485,96.195,100.7,103.88,107.06,109.18,112.36
Somalia,Waste,Emissions (CO2eq) (AR5),kilotonnes,1729.255,1795.245,1858.435,1925.485,1992.27,2064.92,2137.57,2213.285,2288.205,2372.32,2456.965,2544.94,2640.255,2735.305,2808.485,2884.995,2984.7,3099.88,3215.06,3245.18,3332.36
Somalia,Other,Emissions (N2O),kilotonnes,0.307,0.324,0.338,0.362,0.373,0.391,0.414,0.417,0.452,0.475,0.493,0.515,0.525,0.524,0.522,0.537,0.558,0.59,0.598,0.615,0.631
Somalia,Other,Emissions (CO2eq) from N2O (AR5),kilotonnes,81.355,85.86,89.57,95.93,98.845,103.615,109.71,110.505,119.78,125.875,130.645,136.475,139.125,138.86,138.33,142.305,147.87,156.35,158.47,162.975,167.215
Somalia,Other,Emissions (CO2eq) (AR5),kilotonnes,81.355,85.86,89.57,95.93,98.845,103.615,109.71,110.505,119.78,125.875,130.645,136.475,139.125,138.86,138.33,142.305,147.87,156.35,158.47,162.975,167.215
Somalia,Farm-gate emissions,Emissions (CH4),kilotonnes,659.1556,671.6821,679.5829,683.7489,690.0146,699.5657,664.4141,634.7036,633.5205,632.3597,635.0013,638.289,644.9288,645.7447,648.6724,649.5566,648.9132,642.8855,640.5887,651.4367,653.2268
Somalia,Farm-gate emissions,Direct emissions (N2O),kilotonnes,16.5876,16.9814,17.1762,17.248,17.5514,17.9056,16.8084,15.5857,15.5695,15.5574,15.6783,15.7343,15.8654,15.8847,15.9596,15.9209,15.8022,15.5855,15.4897,15.8525,15.8851
Somalia,Farm-gate emissions,Indirect emissions (N2O),kilotonnes,5.5979,5.7245,5.7882,5.821,5.9339,6.0604,5.6373,5.2594,5.2549,5.2507,5.2915,5.3134,5.3561,5.3629,5.3885,5.3784,5.3444,5.2711,5.239,5.3768,5.3835
Somalia,Farm-gate emissions,Emissions (N2O),kilotonnes,22.3961,22.9045,23.1852,23.4051,23.7061,24.1984,22.6426,21.0577,21.0259,20.9963,21.1669,21.2233,21.4661,21.5326,21.5549,21.4844,21.3266,21.0264,20.8975,21.4071,21.468
Somalia,Farm-gate emissions,Emissions (CO2),kilotonnes,18.1425,18.8072,18.6669,18.5531,18.2417,18.1373,18.0462,25.7519,24.7505,26.3862,24.1179,22.8479,18.8031,17.9033,20.4097,19.8114,21.3019,21.9585,24.1433,24.89,24.89
Somalia,Farm-gate emissions,Emissions (CO2eq) from CH4 (AR5),kilotonnes,18456.3572,18807.0982,19028.3216,19144.9702,19320.4087,19587.8385,18603.5953,17771.7012,17738.5737,17706.0723,17780.0351,17872.0927,18058.0074,18080.852,18162.8277,18187.586,18169.5685,18000.7939,17936.484,18240.228,18290.351
Somalia,Farm-gate emissions,Emissions (CO2eq) from N2O (AR5),kilotonnes,5934.9747,6069.704,6144.0736,6202.3402,6282.1293,6412.5728,6000.2942,5580.2779,5571.8528,5564.0247,5609.2346,5624.1749,5688.5068,5706.1499,5712.0458,5693.3775,5651.5525,5571.9853,5537.8358,5672.8782,5689.0276
Somalia,Farm-gate emissions,Emissions (CO2eq) (AR5),kilotonnes,24409.4744,24895.6094,25191.0621,25365.8635,25620.7796,26018.5486,24621.9358,23377.7309,23335.1771,23296.4832,23413.3876,23519.1155,23765.3173,23804.9052,23895.2832,23900.7749,23842.4229,23594.7378,23498.4631,23937.9962,24004.2686
Somalia,Land Use change,Emissions (CH4),kilotonnes,0,0,0,0,0,0,0,0,0,0,0,0,0,0,0,0,0,0,0,0,0
Somalia,Land Use change,Emissions (N2O),kilotonnes,0,0,0,0,0,0,0,0,0,0,0,0,0,0,0,0,0,0,0,0,0
Somalia,Land Use change,Emissions (CO2),kilotonnes,17352.1517,17352.1517,17352.1517,17352.1517,17352.1517,17352.1517,17352.1517,17352.1517,17352.1517,17352.1517,17352.1517,17352.1517,17352.1517,17352.1517,17352.1517,17352.1517,17352.1517,17352.1517,17352.1517,17352.1517,17352.1517
Somalia,Land Use change,Emissions (CO2eq) from CH4 (AR5),kilotonnes,0,0,0,0,0,0,0,0,0,0,0,0,0,0,0,0,0,0,0,0,0
Somalia,Land Use change,Emissions (CO2eq) from N2O (AR5),kilotonnes,0,0,0,0,0,0,0,0,0,0,0,0,0,0,0,0,0,0,0,0,0
Somalia,Land Use change,Emissions (CO2eq) (AR5),kilotonnes,17352.1517,17352.1517,17352.1517,17352.1517,17352.1517,17352.1517,17352.1517,17352.1517,17352.1517,17352.1517,17352.1517,17352.1517,17352.1517,17352.1517,17352.1517,17352.1517,17352.1517,17352.1517,17352.1517,17352.1517,17352.1517
Somalia,Emissions on agricultural land,Emissions (CH4),kilotonnes,659.1556,671.6821,679.5829,683.7489,690.0146,699.5657,664.4141,634.7036,633.5205,632.3597,635.0013,638.289,644.9288,645.7447,648.6724,649.5566,648.9132,642.8855,640.5887,651.4367,653.2268
Somalia,Emissions on agricultural land,Emissions (N2O),kilotonnes,22.3961,22.9045,23.1852,23.4051,23.7061,24.1984,22.6426,21.0577,21.0259,20.9963,21.1669,21.2233,21.4661,21.5326,21.5549,21.4844,21.3266,21.0264,20.8975,21.4071,21.468
Somalia,Emissions on agricultural land,Emissions (CO2),kilotonnes,17370.2941,17370.9589,17370.8186,17370.7048,17370.3934,17370.289,17370.1979,17377.9035,17376.9022,17378.5378,17376.2696,17374.9995,17370.9548,17370.055,17372.5613,17371.9631,17373.4536,17374.1102,17376.295,17377.0417,17377.0417
Somalia,Emissions on agricultural land,Emissions (CO2eq) from CH4 (AR5),kilotonnes,18456.3572,18807.0982,19028.3216,19144.9702,19320.4087,19587.8385,18603.5953,17771.7012,17738.5737,17706.0723,17780.0351,17872.0927,18058.0074,18080.852,18162.8277,18187.586,18169.5685,18000.7939,17936.484,18240.228,18290.351
Somalia,Emissions on agricultural land,Emissions (CO2eq) from N2O (AR5),kilotonnes,5934.9747,6069.704,6144.0736,6202.3402,6282.1293,6412.5728,6000.2942,5580.2779,5571.8528,5564.0247,5609.2346,5624.1749,5688.5068,5706.1499,5712.0458,5693.3775,5651.5525,5571.9853,5537.8358,5672.8782,5689.0276
Somalia,Emissions on agricultural land,Emissions (CO2eq) (AR5),kilotonnes,41761.6261,42247.761,42543.2138,42718.0152,42972.9313,43370.7002,41974.0875,40729.8826,40687.3287,40648.6348,40765.5392,40871.2672,41117.469,41157.0569,41247.4348,41252.9266,41194.5746,40946.8894,40850.6147,41290.1478,41356.4203
Somalia,Pre- and post- production,Emissions (CH4),kilotonnes,25.3402,24.6084,23.8674,22.3576,20.1186,19.8392,19.6221,19.4807,19.3523,19.4456,19.4596,19.4855,19.4314,24.7119,27.8994,31.3587,34.4825,37.4907,40.2911,42.9336,45.3934
Somalia,Pre- and post- production,Emissions (N2O),kilotonnes,0.0171,0.0168,0.0166,0.0108,0.0014,0.0015,0.0024,0.0023,0.0021,0.0028,0.0029,0.0042,0.0034,0.0146,0.0108,0.0118,0.0113,0.0116,0.0117,0.0114,0.0111
Somalia,Pre- and post- production,Emissions (CO2),kilotonnes,101.9535,118.6906,140.2714,109.273,57.9938,55.7793,62.2961,77.5672,77.3448,78.2831,82.3886,90.9991,89.6162,85.928,82.6549,88.8654,85.8237,86.922,90.0301,89.5742,80.0305
Somalia,Pre- and post- production,Emissions (CO2eq) from F-gases (AR5),kilotonnes,0.5195,0.5195,1.039,1.039,1.039,1.039,1.5585,1.5585,1.5585,1.5585,1.5585,1.5585,1.5585,1.5585,1.5585,1.5585,1.5585,1.5585,1.5585,1.5585,1.6291
Somalia,Pre- and post- production,Emissions (CO2eq) from CH4 (AR5),kilotonnes,709.5247,689.0354,668.2882,626.013,563.3218,555.499,549.4194,545.4591,541.8647,544.4771,544.8683,545.5954,544.0793,691.9328,781.1844,878.0442,965.5095,1049.741,1128.1503,1202.1421,1271.0148
Somalia,Pre- and post- production,Emissions (CO2eq) from N2O (AR5),kilotonnes,4.5315,4.452,4.399,2.862,0.371,0.3975,0.636,0.6095,0.5565,0.742,0.7685,1.113,0.901,3.8619,2.8595,3.1374,2.9832,3.0642,3.097,3.0166,2.9305
Somalia,Pre- and post- production,Emissions (CO2eq) (AR5),kilotonnes,816.5292,812.6976,813.9977,739.187,622.7257,612.7148,613.9101,625.1942,621.3245,625.0607,629.5839,639.266,636.155,783.2812,868.2574,971.6055,1055.8749,1141.2857,1222.8359,1296.2914,1355.605
Somalia,Agri-food systems,Emissions (CH4),kilotonnes,684.4958,696.2905,703.4504,706.1065,710.1332,719.4049,684.0362,654.1843,652.8728,651.8053,654.4608,657.7746,664.3602,670.4566,676.5719,680.9154,683.3956,680.3762,680.8798,694.3704,698.6202
Somalia,Agri-food systems,Emissions (N2O),kilotonnes,22.4132,22.9213,23.2018,23.4159,23.7075,24.1999,22.645,21.06,21.028,20.9991,21.1698,21.2275,21.4695,21.5472,21.5657,21.4963,21.3379,21.0379,20.9092,21.4185,21.4791
Somalia,Agri-food systems,Emissions (CO2),kilotonnes,17472.2476,17489.6495,17511.09,17479.9778,17428.3872,17426.0683,17432.494,17455.4707,17454.2471,17456.8209,17458.6582,17465.9986,17460.571,17455.983,17455.2162,17460.8285,17459.2773,17461.0322,17466.3251,17466.6159,17457.0722
Somalia,Agri-food systems,Emissions (CO2eq) from F-gases (AR5),kilotonnes,0.5195,0.5195,1.039,1.039,1.039,1.039,1.5585,1.5585,1.5585,1.5585,1.5585,1.5585,1.5585,1.5585,1.5585,1.5585,1.5585,1.5585,1.5585,1.5585,1.6291
Somalia,Agri-food systems,Emissions (CO2eq) from CH4 (AR5),kilotonnes,19165.8819,19496.1337,19696.6098,19770.9832,19883.7305,20143.3375,19153.0148,18317.1602,18280.4384,18250.5494,18324.9034,18417.6881,18602.0867,18772.7848,18944.0121,19065.6302,19135.078,19050.5349,19064.6342,19442.3701,19561.3658
Somalia,Agri-food systems,Emissions (CO2eq) from N2O (AR5),kilotonnes,5939.5062,6074.156,6148.4726,6205.2022,6282.5003,6412.9703,6000.9302,5580.8874,5572.4093,5564.7667,5610.0031,5625.2879,5689.4078,5710.0119,5714.9054,5696.5149,5654.5356,5575.0495,5540.9328,5675.8947,5691.9581
Somalia,Agri-food systems,Emissions (CO2eq) (AR5),kilotonnes,42578.1553,43060.4586,43357.2115,43457.2022,43595.657,43983.4151,42587.9975,41355.0768,41308.6533,41273.6955,41395.1231,41510.5331,41753.624,41940.3381,42115.6922,42224.5321,42250.4495,42088.1751,42073.4506,42586.4392,42712.0253
Somalia,IPCC Agriculture,Emissions (CH4),kilotonnes,659.0981,671.6224,679.5237,683.6901,689.9567,699.5081,664.3569,634.6219,633.442,632.276,634.9248,638.2166,644.8692,645.6879,648.6077,649.4938,648.8456,642.8159,640.5121,651.3578,653.1479
Somalia,IPCC Agriculture,Direct emissions (N2O),kilotonnes,16.5876,16.9814,17.1762,17.248,17.5514,17.9056,16.8084,15.5857,15.5695,15.5574,15.6783,15.7343,15.8654,15.8847,15.9596,15.9209,15.8022,15.5855,15.4897,15.8525,15.8851
Somalia,IPCC Agriculture,Indirect emissions (N2O),kilotonnes,5.5979,5.7245,5.7882,5.821,5.9339,6.0604,5.6373,5.2594,5.2549,5.2507,5.2915,5.3134,5.3561,5.3629,5.3885,5.3784,5.3444,5.2711,5.239,5.3768,5.3835
Somalia,IPCC Agriculture,Emissions (N2O),kilotonnes,22.3958,22.9042,23.1849,23.4048,23.7059,24.1981,22.6423,21.0572,21.0255,20.9959,21.1665,21.2229,21.4658,21.5324,21.5546,21.4841,21.3263,21.026,20.8971,21.4067,21.4676
Somalia,IPCC Agriculture,Emissions (CO2eq) from CH4 (AR5),kilotonnes,18454.7463,18805.4282,19026.6641,19143.3228,19318.7889,19586.228,18601.9929,17769.4145,17736.376,17703.7294,17777.8936,17870.0639,18056.3378,18079.2622,18161.0154,18185.8268,18167.677,17998.8441,17934.3402,18238.0179,18288.1409
Somalia,IPCC Agriculture,Emissions (CO2eq) from N2O (AR5),kilotonnes,5934.8985,6069.6249,6143.9952,6202.2622,6282.0526,6412.4966,6000.2184,5580.1697,5571.7488,5563.9138,5609.1332,5624.0789,5688.4278,5706.0747,5711.9601,5693.2942,5651.463,5571.8931,5537.7344,5672.7736,5688.923
Somalia,IPCC Agriculture,Emissions (CO2eq) (AR5),kilotonnes,24389.6448,24875.0532,25170.6592,25345.585,25600.8415,25998.7246,24602.2113,23349.5842,23308.1248,23267.6432,23387.0268,23494.1428,23744.7656,23785.3369,23872.9755,23879.1211,23819.14,23570.7372,23472.0745,23910.7915,23977.0639
Somalia,Agricultural Soils,Direct emissions (N2O),kilotonnes,16.5876,16.9814,17.1762,17.248,17.5514,17.9056,16.8084,15.5857,15.5695,15.5574,15.6783,15.7343,15.8654,15.8847,15.9596,15.9209,15.8022,15.5855,15.4897,15.8525,15.8851
Somalia,Agricultural Soils,Indirect emissions (N2O),kilotonnes,5.5979,5.7245,5.7882,5.821,5.9339,6.0604,5.6373,5.2594,5.2549,5.2507,5.2915,5.3134,5.3561,5.3629,5.3885,5.3784,5.3444,5.2711,5.239,5.3768,5.3835
Somalia,Agricultural Soils,Emissions (N2O),kilotonnes,22.1855,22.7059,22.9644,23.069,23.4852,23.966,22.4457,20.8451,20.8243,20.808,20.9698,21.0477,21.2215,21.2476,21.3481,21.2994,21.1467,20.8566,20.7287,21.2293,21.2685
Somalia,Agricultural Soils,Emissions (CO2eq) from N2O (AR5),kilotonnes,5879.1552,6017.0531,6085.5657,6113.2814,6223.5859,6350.9821,5948.1183,5523.9559,5518.4522,5514.1239,5556.9953,5577.6487,5623.7095,5630.6218,5657.2584,5644.3287,5603.8671,5527.0047,5493.1004,5625.7554,5636.1643
Somalia,Agricultural Soils,Emissions (CO2eq) (AR5),kilotonnes,5879.1552,6017.0531,6085.5657,6113.2814,6223.5859,6350.9821,5948.1183,5523.9559,5518.4522,5514.1239,5556.9953,5577.6487,5623.7095,5630.6218,5657.2584,5644.3287,5603.8671,5527.0047,5493.1004,5625.7554,5636.1643
Somalia,LULUCF,Emissions (CH4),kilotonnes,0.0186,0.0025,0,0,0,0,0,0,0,0,0,0,0,0,0,0,0,0,0,0,0
Somalia,LULUCF,Emissions (N2O),kilotonnes,0.0005,0.0002,0,0,0,0,0,0,0,0,0,0,0,0,0,0,0,0,0,0,0
Somalia,LULUCF,Emissions (CO2),kilotonnes,17352.1517,17352.1517,17352.1517,17352.1517,17352.1517,17352.1517,17352.1517,17352.1517,17352.1517,17352.1517,17352.1517,17352.1517,17352.1517,17352.1517,17352.1517,17352.1517,17352.1517,17352.1517,17352.1517,17352.1517,17352.1517
Somalia,LULUCF,Emissions (CO2eq) from CH4 (AR5),kilotonnes,0.5194,0.0694,0,0,0,0,0,0,0,0,0,0,0,0,0,0,0,0,0,0,0
Somalia,LULUCF,Emissions (CO2eq) from N2O (AR5),kilotonnes,0.1447,0.0599,0,0,0,0,0,0,0,0,0,0,0,0,0,0,0,0,0,0,0
Somalia,LULUCF,Emissions (CO2eq) (AR5),kilotonnes,17352.8158,17352.281,17352.1517,17352.1517,17352.1517,17352.1517,17352.1517,17352.1517,17352.1517,17352.1517,17352.1517,17352.1517,17352.1517,17352.1517,17352.1517,17352.1517,17352.1517,17352.1517,17352.1517,17352.1517,17352.1517
Somalia,AFOLU,Emissions (CH4),kilotonnes,659.1166,671.6249,679.5237,683.6901,689.9567,699.5081,664.3569,634.6219,633.442,632.276,634.9248,638.2166,644.8692,645.6879,648.6077,649.4938,648.8456,642.8159,640.5121,651.3578,653.1479
Somalia,AFOLU,Emissions (N2O),kilotonnes,22.3964,22.9045,23.1849,23.4048,23.7059,24.1981,22.6423,21.0572,21.0255,20.9959,21.1665,21.2229,21.4658,21.5324,21.5546,21.4841,21.3263,21.026,20.8971,21.4067,21.4676
Somalia,AFOLU,Emissions (CO2),kilotonnes,17352.1517,17352.1517,17352.1517,17352.1517,17352.1517,17352.1517,17352.1517,17352.1517,17352.1517,17352.1517,17352.1517,17352.1517,17352.1517,17352.1517,17352.1517,17352.1517,17352.1517,17352.1517,17352.1517,17352.1517,17352.1517
Somalia,AFOLU,Emissions (CO2eq) from CH4 (AR5),kilotonnes,18455.2657,18805.4976,19026.6641,19143.3228,19318.7889,19586.228,18601.9929,17769.4145,17736.376,17703.7294,17777.8936,17870.0639,18056.3378,18079.2622,18161.0154,18185.8268,18167.677,17998.8441,17934.3402,18238.0179,18288.1409
Somalia,AFOLU,Emissions (CO2eq) from N2O (AR5),kilotonnes,5935.0432,6069.6849,6143.9952,6202.2622,6282.0526,6412.4966,6000.2184,5580.1697,5571.7488,5563.9138,5609.1332,5624.0789,5688.4278,5706.0747,5711.9601,5693.2942,5651.463,5571.8931,5537.7344,5672.7736,5688.923
Somalia,AFOLU,Emissions (CO2eq) (AR5),kilotonnes,41742.4606,42227.3341,42522.8109,42697.7367,42952.9932,43350.8762,41954.363,40701.7359,40660.2765,40619.7948,40739.1784,40846.2945,41096.9172,41137.4886,41225.1272,41231.2727,41171.2916,40922.8888,40824.2262,41262.9431,41329.2155
Somalia,All sectors with LULUCF,Emissions (CH4),kilotonnes,777.5166,796.3249,808.9237,820.8901,831.8567,848.8081,821.4569,794.0219,804.042,811.276,820.8248,832.1166,844.0692,847.1879,852.6077,858.0938,865.8456,871.8159,876.5121,891.3578,899.1479
Somalia,All sectors with LULUCF,Emissions (N2O),kilotonnes,23.4175,23.9726,24.294,24.5839,24.922,25.4662,23.9765,22.4104,22.4716,22.51,22.7387,22.8621,23.1439,23.2155,23.2417,23.2253,23.1354,22.9212,22.8173,23.3839,23.4948
Somalia,All sectors with LULUCF,Emissions (CO2),kilotonnes,17858.6517,17881.5517,17967.5517,17974.4517,17976.4517,17977.2517,17978.1517,17994.3517,17986.9517,17984.3517,17998.7517,17999.1517,17996.3517,18018.9517,18018.9517,18018.8517,18026.0517,18026.2517,18058.4517,18046.6517,17977.0517
Somalia,All sectors with LULUCF,Emissions (CO2eq) from F-gases (AR5),kilotonnes,0.5899,0.6938,0.8172,0.9582,1.1758,1.3022,1.4673,1.6228,1.7783,1.9338,2.0893,2.2156,2.3711,2.5266,2.6723,2.8278,2.9736,3.129,3.2845,3.4303,3.5858
Somalia,All sectors with LULUCF,Emissions (CO2eq) from CH4 (AR5),kilotonnes,21770.4657,22297.0976,22649.8641,22984.9228,23291.9889,23766.628,23000.7929,22232.6145,22513.176,22715.7294,22983.0936,23299.2639,23633.9378,23721.2622,23873.0154,24026.6268,24243.677,24410.8441,24542.3402,24958.0179,25176.1409
Somalia,All sectors with LULUCF,Emissions (CO2eq) from N2O (AR5),kilotonnes,6205.6345,6352.7319,6437.908,6514.7259,6604.322,6748.547,6353.7597,5938.7468,5954.9719,5965.158,6025.7485,6058.45,6133.1349,6152.1079,6159.0546,6154.6998,6130.8896,6074.111,6046.5786,6196.7234,6226.1239
Somalia,All sectors with LULUCF,Emissions (CO2eq) (AR5),kilotonnes,45835.3417,46532.075,47056.141,47475.0585,47873.9384,48493.7289,47334.1716,46167.3358,46456.8779,46667.1728,47009.683,47359.0811,47765.7954,47894.8483,48053.694,48203.0061,48403.5918,48514.3358,48650.655,49204.8232,49382.9022
Somalia,All sectors without LULUCF,Emissions (CH4),kilotonnes,777.4981,796.3224,808.9237,820.8901,831.8567,848.8081,821.4569,794.0219,804.042,811.276,820.8248,832.1166,844.0692,847.1879,852.6077,858.0938,865.8456,871.8159,876.5121,891.3578,899.1479
Somalia,All sectors without LULUCF,Emissions (N2O),kilotonnes,23.4169,23.9723,24.294,24.5839,24.922,25.4662,23.9765,22.4104,22.4716,22.51,22.7387,22.8621,23.1439,23.2155,23.2417,23.2253,23.1354,22.9212,22.8173,23.3839,23.4948
Somalia,All sectors without LULUCF,Emissions (CO2),kilotonnes,506.5,529.4,615.4,622.3,624.3,625.1,626,642.2,634.8,632.2,646.6,647,644.2,666.8,666.8,666.7,673.9,674.1,706.3,694.5,624.9
Somalia,All sectors without LULUCF,Emissions (CO2eq) from F-gases (AR5),kilotonnes,0.5899,0.6938,0.8172,0.9582,1.1758,1.3022,1.4673,1.6228,1.7783,1.9338,2.0893,2.2156,2.3711,2.5266,2.6723,2.8278,2.9736,3.129,3.2845,3.4303,3.5858
Somalia,All sectors without LULUCF,Emissions (CO2eq) from CH4 (AR5),kilotonnes,21769.9463,22297.0282,22649.8641,22984.9228,23291.9889,23766.628,23000.7929,22232.6145,22513.176,22715.7294,22983.0936,23299.2639,23633.9378,23721.2622,23873.0154,24026.6268,24243.677,24410.8441,24542.3402,24958.0179,25176.1409
Somalia,All sectors without LULUCF,Emissions (CO2eq) from N2O (AR5),kilotonnes,6205.4898,6352.672,6437.908,6514.7259,6604.322,6748.547,6353.7597,5938.7468,5954.9719,5965.158,6025.7485,6058.45,6133.1349,6152.1079,6159.0546,6154.6998,6130.8896,6074.111,6046.5786,6196.7234,6226.1239
Somalia,All sectors without LULUCF,Emissions (CO2eq) (AR5),kilotonnes,28482.5259,29179.794,29703.9893,30122.9068,30521.7868,31141.5772,29982.0199,28815.1841,29104.7262,29315.0211,29657.5313,30006.9295,30413.6437,30542.6966,30701.5423,30850.8544,31051.4401,31162.1841,31298.5033,31852.6715,32030.7505
South Africa,Crop Residues,Direct emissions (N2O),kilotonnes,2.3231,1.8414,2.1167,1.9018,1.9361,2.206,1.6198,1.5999,2.3309,2.242,2.2625,2.1183,2.3173,2.2968,2.5975,2.084,1.7746,2.9045,2.53,2.2566,2.9071
South Africa,Crop Residues,Indirect emissions (N2O),kilotonnes,0.5227,0.4143,0.4763,0.4279,0.4356,0.4963,0.3645,0.36,0.5244,0.5045,0.5091,0.4766,0.5214,0.5168,0.5844,0.4689,0.3993,0.6535,0.5692,0.5077,0.6541
South Africa,Crop Residues,Emissions (N2O),kilotonnes,2.8458,2.2557,2.593,2.3297,2.3718,2.7023,1.9843,1.9599,2.8553,2.7465,2.7716,2.595,2.8386,2.8136,3.1819,2.5529,2.1738,3.558,3.0992,2.7643,3.5612
South Africa,Crop Residues,Emissions (CO2eq) from N2O (AR5),kilotonnes,754.1461,597.7569,687.1413,617.3759,628.5166,716.1115,525.827,519.3654,756.6619,727.8238,734.4713,687.6685,752.2416,745.604,843.1974,676.5146,576.0652,942.8816,821.2903,732.5499,943.7101
South Africa,Crop Residues,Emissions (CO2eq) (AR5),kilotonnes,754.1461,597.7569,687.1413,617.3759,628.5166,716.1115,525.827,519.3654,756.6619,727.8238,734.4713,687.6685,752.2416,745.604,843.1974,676.5146,576.0652,942.8816,821.2903,732.5499,943.7101
South Africa,Rice Cultivation,Emissions (CH4),kilotonnes,0.3654,0.392,0.3564,0.3752,0.3618,0.3567,0.3522,0.3685,0.3315,0.3352,0.3315,0.3284,0.308,0.322,0.3209,0.3164,0.3144,0.3125,0.3105,0.308,0.3058
South Africa,Rice Cultivation,Emissions (CO2eq) from CH4 (AR5),kilotonnes,10.2312,10.976,9.9803,10.5056,10.1293,9.9882,9.8627,10.3174,9.2826,9.3845,9.2826,9.1963,8.624,9.016,8.9846,8.8592,8.8043,8.7494,8.6946,8.624,8.5613
South Africa,Rice Cultivation,Emissions (CO2eq) (AR5),kilotonnes,10.2312,10.976,9.9803,10.5056,10.1293,9.9882,9.8627,10.3174,9.2826,9.3845,9.2826,9.1963,8.624,9.016,8.9846,8.8592,8.8043,8.7494,8.6946,8.624,8.5613
South Africa,Burning - Crop residues,Emissions (CH4),kilotonnes,12.4097,10.2359,11.1223,11.2393,10.104,10.133,6.852,8.1138,8.8713,7.7381,8.4837,7.5037,8.2926,8.5236,8.2535,8.1387,6.2455,8.0754,7.2891,7.3153,8.0973
South Africa,Burning - Crop residues,Emissions (CH4),kilotonnes,,,,,,,,,,,,,,,,,,,,,
South Africa,Burning - Crop residues,Emissions (N2O),kilotonnes,0.3217,0.2654,0.2884,0.2914,0.262,0.2627,0.1776,0.2104,0.23,0.2006,0.2199,0.1945,0.215,0.221,0.214,0.211,0.1619,0.2094,0.189,0.1897,0.2099
South Africa,Burning - Crop residues,Emissions (N2O),kilotonnes,,,,,,,,,,,,,,,,,,,,,
South Africa,Burning - Crop residues,Emissions (CO2eq) from CH4 (AR5),kilotonnes,347.4709,286.6055,311.4237,314.7011,282.9124,283.7236,191.856,227.1871,248.395,216.6654,237.5422,210.1036,232.1915,238.6611,231.0988,227.8849,174.875,226.1118,204.0938,204.827,226.7234
South Africa,Burning - Crop residues,Emissions (CO2eq) from CH4 (AR5),kilotonnes,,,,,,,,,,,,,,,,,,,,,
South Africa,Burning - Crop residues,Emissions (CO2eq) from N2O (AR5),kilotonnes,85.2591,70.3245,76.4142,77.2183,69.4183,69.6174,47.0758,55.745,60.9488,53.1633,58.2858,51.5532,56.9729,58.5604,56.7048,55.9162,42.9091,55.4811,50.0786,50.2585,55.6312
South Africa,Burning - Crop residues,Emissions (CO2eq) from N2O (AR5),kilotonnes,,,,,,,,,,,,,,,,,,,,,
South Africa,Burning - Crop residues,Emissions (CO2eq) (AR5),kilotonnes,432.7299,356.93,387.8379,391.9194,352.3307,353.3409,238.9318,282.9321,309.3438,269.8287,295.8281,261.6568,289.1644,297.2215,287.8036,283.8011,217.7842,281.5929,254.1724,255.0855,282.3546
South Africa,Burning - Crop residues,Emissions (CO2eq) (AR5),kilotonnes,,,,,,,,,,,,,,,,,,,,,
South Africa,Enteric Fermentation,Emissions (CH4),kilotonnes,620.7897,618.192,605.858,600.58,597.233,606.396,596.749,608.3569,611.2702,606.9917,603.1993,599.9709,605.9325,606.1839,604.9816,596.6567,584.0154,566.3187,559.9672,550.8301,538.9896
South Africa,Enteric Fermentation,Emissions (CH4),kilotonnes,,,,,,,,,,,,,,,,1232.41,,1137.3,,,
South Africa,Enteric Fermentation,Emissions (CO2eq) from CH4 (AR5),kilotonnes,17382.1115,17309.376,16964.024,16816.24,16722.524,16979.088,16708.973,17033.993,17115.5664,16995.7684,16889.5806,16799.1846,16966.1095,16973.1492,16939.4835,16706.3878,16352.4316,15856.9244,15679.0829,15423.2416,15091.7099
South Africa,Enteric Fermentation,Emissions (CO2eq) from CH4 (AR5),kilotonnes,,,,,,,,,,,,,,,,34507.48,,31844.4,,,
South Africa,Enteric Fermentation,Emissions (CO2eq) (AR5),kilotonnes,17382.1115,17309.376,16964.024,16816.24,16722.524,16979.088,16708.973,17033.993,17115.5664,16995.7684,16889.5806,16799.1846,16966.1095,16973.1492,16939.4835,16706.3878,16352.4316,15856.9244,15679.0829,15423.2416,15091.7099
South Africa,Enteric Fermentation,Emissions (CO2eq) (AR5),kilotonnes,,,,,,,,,,,,,,,,34507.48,,31844.4,,,
South Africa,Manure Management,Emissions (CH4),kilotonnes,23.7024,23.89,23.86,23.6397,23.5578,23.3542,23.1705,23.8512,24.4088,24.5619,24.6671,24.634,24.8434,24.0511,24.0094,23.7351,23.331,23.0383,22.7604,22.4319,22.0567
South Africa,Manure Management,Emissions (CH4),kilotonnes,,,,,,,,,,,,,,,,31.74,,35.4,,,
South Africa,Manure Management,Emissions (N2O),kilotonnes,1.0756,1.0975,1.126,1.1201,1.1141,1.108,1.1093,1.1187,1.1219,1.1271,1.1237,1.1192,1.1199,1.0979,1.0914,1.0678,1.0587,1.0445,1.0282,0.9984,0.9797
South Africa,Manure Management,Emissions (N2O),kilotonnes,,,,,,,,,,,,,,,,3.68,,5.3,,,
South Africa,Manure Management,Emissions (CO2eq) from CH4 (AR5),kilotonnes,663.6684,668.9189,668.0811,661.9105,659.6195,653.9182,648.7748,667.8342,683.4464,687.7319,690.6785,689.7514,695.615,673.4322,672.2629,664.5825,653.2673,645.0722,637.2925,628.0931,617.5871
South Africa,Manure Management,Emissions (CO2eq) from CH4 (AR5),kilotonnes,,,,,,,,,,,,,,,,888.72,,991.2,,,
South Africa,Manure Management,Emissions (CO2eq) from N2O (AR5),kilotonnes,285.025,290.842,298.3803,296.8206,295.238,293.6242,293.9515,296.4583,297.3011,298.6901,297.7757,296.5833,296.7637,290.9332,289.2271,282.9761,280.5532,276.7893,272.4628,264.5703,259.6285
South Africa,Manure Management,Emissions (CO2eq) from N2O (AR5),kilotonnes,,,,,,,,,,,,,,,,975.2,,1404.5,,,
South Africa,Manure Management,Emissions (CO2eq) (AR5),kilotonnes,948.6933,959.7609,966.4614,958.7311,954.8575,947.5424,942.7264,964.2925,980.7475,986.422,988.4541,986.3347,992.3787,964.3654,961.49,947.5585,933.8205,921.8615,909.7553,892.6634,877.2156
South Africa,Manure Management,Emissions (CO2eq) (AR5),kilotonnes,,,,,,,,,,,,,,,,1863.92,,2395.7,,,
South Africa,Manure left on Pasture,Direct emissions (N2O),kilotonnes,25.2273,25.2318,24.9141,24.6754,24.5718,24.699,24.3921,24.9877,25.3643,25.3179,25.2917,25.2051,25.4445,25.0882,25.0458,24.6844,24.1964,23.6537,23.3839,23.0742,22.644
South Africa,Manure left on Pasture,Direct emissions (N2O),kilotonnes,6.4516,,,,,,,,,,6.4839,,6.4903,,,,,,,,
South Africa,Manure left on Pasture,Indirect emissions (N2O),kilotonnes,6.8695,6.8726,6.6895,6.627,6.5875,6.6127,6.5371,6.6623,6.7569,6.7347,6.7058,6.6749,6.7285,6.653,6.6255,6.5368,6.3951,6.2494,6.1815,6.0913,5.9772
South Africa,Manure left on Pasture,Emissions (N2O),kilotonnes,32.0967,32.1043,31.6036,31.3024,31.1593,31.3117,30.9293,31.65,32.1212,32.0526,31.9975,31.88,32.173,31.7412,31.6712,31.2212,30.5915,29.9031,29.5654,29.1654,28.6213
South Africa,Manure left on Pasture,Emissions (N2O),kilotonnes,6.4516,,,,,,,,,,6.4839,,6.4903,,,,,,,,
South Africa,Manure left on Pasture,Emissions (CO2eq) from N2O (AR5),kilotonnes,8505.6331,8507.6521,8374.9654,8295.1426,8257.2092,8297.5893,8196.2544,8387.238,8512.1125,8493.9428,8479.3454,8448.1871,8525.8354,8411.4163,8392.8746,8273.6175,8106.7499,7924.3289,7834.8183,7728.8336,7584.6413
South Africa,Manure left on Pasture,Emissions (CO2eq) from N2O (AR5),kilotonnes,1709.674,,,,,,,,,,1718.2335,,1719.9295,,,,,,,,
South Africa,Manure left on Pasture,Emissions (CO2eq) (AR5),kilotonnes,8505.6331,8507.6521,8374.9654,8295.1426,8257.2092,8297.5893,8196.2544,8387.238,8512.1125,8493.9428,8479.3454,8448.1871,8525.8354,8411.4163,8392.8746,8273.6175,8106.7499,7924.3289,7834.8183,7728.8336,7584.6413
South Africa,Manure left on Pasture,Emissions (CO2eq) (AR5),kilotonnes,1709.674,,,,,,,,,,1718.2335,,1719.9295,,,,,,,,
South Africa,Manure applied to Soils,Direct emissions (N2O),kilotonnes,0.8451,0.8659,0.8767,0.8654,0.8618,0.8432,0.8469,0.8648,0.9044,0.9185,0.9259,0.924,0.9227,0.8844,0.8774,0.8606,0.8587,0.8605,0.8492,0.8363,0.8272
South Africa,Manure applied to Soils,Indirect emissions (N2O),kilotonnes,0.3592,0.368,0.3726,0.3678,0.3663,0.3584,0.3599,0.3675,0.3844,0.3904,0.3935,0.3927,0.3921,0.3759,0.3729,0.3657,0.3649,0.3657,0.3609,0.3554,0.3516
South Africa,Manure applied to Soils,Emissions (N2O),kilotonnes,1.2042,1.2339,1.2494,1.2331,1.228,1.2016,1.2068,1.2324,1.2888,1.3088,1.3194,1.3167,1.3148,1.2603,1.2504,1.2263,1.2236,1.2262,1.2101,1.1918,1.1788
South Africa,Manure applied to Soils,Emissions (CO2eq) from N2O (AR5),kilotonnes,319.1249,326.973,331.0785,326.7788,325.4304,318.4114,319.8018,326.5775,341.5224,346.8418,349.6343,348.931,348.4283,333.9758,331.3461,324.9741,324.2504,324.9482,320.6807,315.8265,312.3827
South Africa,Manure applied to Soils,Emissions (CO2eq) (AR5),kilotonnes,319.1249,326.973,331.0785,326.7788,325.4304,318.4114,319.8018,326.5775,341.5224,346.8418,349.6343,348.931,348.4283,333.9758,331.3461,324.9741,324.2504,324.9482,320.6807,315.8265,312.3827
South Africa,Synthetic Fertilizers,Direct emissions (N2O),kilotonnes,6.5356,6.1757,7.4968,6.613,6.719,5.4569,6.737,6.9061,6.6648,6.5057,6.2071,6.5843,6.6786,6.3486,6.2071,5.61,5.1386,7.3857,5.9871,5.9871,5.9871
South Africa,Synthetic Fertilizers,Indirect emissions (N2O),kilotonnes,2.1241,2.0071,2.4365,2.1492,2.1837,1.7735,2.1895,2.2445,2.1661,2.1144,2.0173,2.1399,2.1705,2.0633,2.0173,1.8232,1.67,2.4004,1.9458,1.9458,1.9458
South Africa,Synthetic Fertilizers,Emissions (N2O),kilotonnes,8.6596,8.1828,9.9333,8.7622,8.9026,7.2304,8.9265,9.1506,8.8308,8.6201,8.2245,8.7242,8.8491,8.4119,8.2245,7.4333,6.8086,9.7861,7.933,7.933,7.933
South Africa,Synthetic Fertilizers,Emissions (CO2eq) from N2O (AR5),kilotonnes,2294.8025,2168.4477,2632.33,2321.9881,2359.1993,1916.0691,2365.5336,2424.9094,2340.1744,2284.3189,2179.483,2311.9073,2345.0134,2229.1421,2179.483,1969.8112,1804.2809,2593.3089,2102.2355,2102.2355,2102.2355
South Africa,Synthetic Fertilizers,Emissions (CO2eq) (AR5),kilotonnes,2294.8025,2168.4477,2632.33,2321.9881,2359.1993,1916.0691,2365.5336,2424.9094,2340.1744,2284.3189,2179.483,2311.9073,2345.0134,2229.1421,2179.483,1969.8112,1804.2809,2593.3089,2102.2355,2102.2355,2102.2355
South Africa,Drained organic soils,Emissions (CO2eq) (AR5),kilotonnes,501.3563,503.4426,522.0278,554.4497,558.6828,559.7537,560.4298,560.5914,561.9903,562.2486,562.6019,562.7121,562.7121,562.9273,562.8582,562.788,562.5434,562.5434,562.7418,555.0483,554.7581
South Africa,Drained organic soils (CO2),Emissions (CO2),kilotonnes,457.2621,459.169,476.8381,507.4882,511.4397,512.3965,513.0433,513.2052,514.53,514.7764,515.161,515.2619,515.2619,515.4438,515.3465,515.2803,515.0563,515.0563,515.2246,508.7522,508.4824
South Africa,Drained organic soils (CO2),Emissions (CO2eq) (AR5),kilotonnes,457.2621,459.169,476.8381,507.4882,511.4397,512.3965,513.0433,513.2052,514.53,514.7764,515.161,515.2619,515.2619,515.4438,515.3465,515.2803,515.0563,515.0563,515.2246,508.7522,508.4824
South Africa,Drained organic soils (N2O),Emissions (N2O),kilotonnes,0.1664,0.1671,0.1705,0.1772,0.1783,0.1787,0.1788,0.1788,0.1791,0.1791,0.179,0.1791,0.1791,0.1792,0.1793,0.1793,0.1792,0.1792,0.1793,0.1747,0.1746
South Africa,Drained organic soils (N2O),Emissions (CO2eq) from N2O (AR5),kilotonnes,44.0943,44.2735,45.1897,46.9616,47.2432,47.3571,47.3866,47.3862,47.4603,47.4722,47.4409,47.4502,47.4502,47.4835,47.5117,47.5078,47.4871,47.4871,47.5173,46.2961,46.2756
South Africa,Drained organic soils (N2O),Emissions (CO2eq) (AR5),kilotonnes,44.0943,44.2735,45.1897,46.9616,47.2432,47.3571,47.3866,47.3862,47.4603,47.4722,47.4409,47.4502,47.4502,47.4835,47.5117,47.5078,47.4871,47.4871,47.5173,46.2961,46.2756
South Africa,On-farm energy use,Emissions (CH4),kilotonnes,0.916,1.2476,1.2107,1.5064,1.458,0.6835,0.7577,0.6336,0.8431,0.6337,1.6612,6.1757,9.7051,10.1814,10.3717,9.1518,6.0632,6.7923,13.1228,13.6732,13.6732
South Africa,On-farm energy use,Emissions (N2O),kilotonnes,1.1616,1.1605,1.1821,1.1527,1.1342,1.0963,1.0469,1.0907,1.0468,1.0156,0.9597,1.1362,1.1063,1.305,1.3967,1.2027,2.1911,2.1849,1.1703,1.1251,1.1251
South Africa,On-farm energy use,Emissions (CO2),kilotonnes,3359.6905,3592.7635,3653.7391,3691.7776,3660.5232,3356.3269,3225.7773,3328.383,3282.2521,3200.0141,3286.4395,5137.5577,6079.2536,6727.7805,6984.8522,6109.689,10121.699,10385.6541,7299.3284,7363.9523,7363.9523
South Africa,On-farm energy use,Emissions (CO2eq) from CH4 (AR5),kilotonnes,25.6482,34.9325,33.9009,42.1785,40.8238,19.1378,21.2161,17.7396,23.6065,17.7436,46.5147,172.9194,271.7424,285.0793,290.4087,256.2493,169.7699,190.1841,367.4387,382.8486,382.8486
South Africa,On-farm energy use,Emissions (CO2eq) from N2O (AR5),kilotonnes,307.8308,307.5434,313.2632,305.4586,300.5506,290.5302,277.4363,289.0385,277.4091,269.1316,254.3308,301.1053,293.159,345.8191,370.1208,318.7261,580.6506,579.0017,310.1381,298.1423,298.1423
South Africa,On-farm energy use,Emissions (CO2eq) (AR5),kilotonnes,3693.1695,3935.2394,4000.9032,4039.4147,4001.8977,3665.9949,3524.4297,3635.161,3583.2677,3486.8893,3587.285,5611.5824,6644.1551,7358.6789,7645.3817,6684.6644,10872.1195,11154.8399,7976.9053,8044.9432,8044.9432
South Africa,Forestland,Emissions (CO2),kilotonnes,-651.8633,-638.5166,-638.5166,-638.5166,-638.5166,-638.5166,-638.5166,-638.5166,-638.5166,-638.5166,-638.5166,-758.212,-758.212,-758.212,-758.212,-758.212,-500.136,-500.136,-500.136,-500.136,-500.136
South Africa,Forestland,Emissions (CO2),kilotonnes,,,,,,,,,,,,,,,,-33315.04,,,,,
South Africa,Forestland,Emissions (CO2eq) (AR5),kilotonnes,-651.8633,-638.5166,-638.5166,-638.5166,-638.5166,-638.5166,-638.5166,-638.5166,-638.5166,-638.5166,-638.5166,-758.212,-758.212,-758.212,-758.212,-758.212,-500.136,-500.136,-500.136,-500.136,-500.136
South Africa,Forestland,Emissions (CO2eq) (AR5),kilotonnes,,,,,,,,,,,,,,,,-33315.04,,,,,
South Africa,Net Forest conversion,Emissions (CO2),kilotonnes,6626.62,6639.9667,6639.9667,6639.9667,6639.9667,6639.9667,6639.9667,6639.9667,6639.9667,6639.9667,6639.9667,6653.3133,6653.3133,6653.3133,6653.3133,6653.3133,6661.3213,6661.3213,6661.3213,6661.3213,6661.3213
South Africa,Net Forest conversion,Emissions (CO2),kilotonnes,14055,14087,14117,14148,14180,14217,14247,14283,14320,14357,14393,14426,14450,14477,14513,14524,,,,,
South Africa,Net Forest conversion,Emissions (CO2eq) (AR5),kilotonnes,6626.62,6639.9667,6639.9667,6639.9667,6639.9667,6639.9667,6639.9667,6639.9667,6639.9667,6639.9667,6639.9667,6653.3133,6653.3133,6653.3133,6653.3133,6653.3133,6661.3213,6661.3213,6661.3213,6661.3213,6661.3213
South Africa,Net Forest conversion,Emissions (CO2eq) (AR5),kilotonnes,14055,14087,14117,14148,14180,14217,14247,14283,14320,14357,14393,14426,14450,14477,14513,14524,,,,,
South Africa,Savanna fires,Emissions (CH4),kilotonnes,53.8989,43.8355,65.0953,42.6103,33.0671,54.9449,38.5523,44.6362,44.6777,49.0647,54.4887,51.7626,54.8338,41.0406,40.5089,31.8452,23.0835,40.6197,36.2935,29.9814,31.4686
South Africa,Savanna fires,Emissions (N2O),kilotonnes,4.9212,4.0024,5.9435,3.8905,3.0192,5.0167,3.52,4.0755,4.0793,4.4798,4.9751,4.7262,5.0066,3.7472,3.6986,2.9076,2.1076,3.7088,3.3138,2.7374,2.8732
South Africa,Savanna fires,Emissions (CO2eq) from CH4 (AR5),kilotonnes,1509.1684,1227.3933,1822.6688,1193.0892,925.8791,1538.4572,1079.4633,1249.8148,1250.9747,1373.8106,1525.6832,1449.3539,1535.3468,1149.1355,1134.2497,891.6649,646.3373,1137.3509,1016.2194,839.4788,881.1213
South Africa,Savanna fires,Emissions (CO2eq) from N2O (AR5),kilotonnes,1304.1183,1060.6279,1575.0236,1030.9847,800.0803,1329.4277,932.7971,1080.003,1081.0053,1187.1516,1318.3893,1252.4308,1326.7399,993.003,980.1397,770.5147,558.5198,982.8195,878.1461,725.4192,761.4037
South Africa,Savanna fires,Emissions (CO2eq) (AR5),kilotonnes,2813.2867,2288.0211,3397.6924,2224.0738,1725.9594,2867.885,2012.2605,2329.8178,2331.98,2560.9622,2844.0726,2701.7848,2862.0868,2142.1385,2114.3893,1662.1796,1204.8571,2120.1705,1894.3655,1564.898,1642.525
South Africa,Fires in organic soils,Emissions (CH4),kilotonnes,0,0,0,0,0,0,0,0,0,0,0,0,0,0,0,0,0,0,0,0,0
South Africa,Fires in organic soils,Emissions (CO2),kilotonnes,0,0,0,0,0,0,0,0,0,0,0,0,0,0,0,0,0,0,0,0,0
South Africa,Fires in organic soils,Emissions (CO2eq) from CH4 (AR5),kilotonnes,0,0,0,0,0,0,0,0,0,0,0,0,0,0,0,0,0,0,0,0,0
South Africa,Fires in organic soils,Emissions (CO2eq) (AR5),kilotonnes,0,0,0,0,0,0,0,0,0,0,0,0,0,0,0,0,0,0,0,0,0
South Africa,Forest fires,Emissions (CH4),kilotonnes,15.3751,1.1559,1.9969,5.1062,1.7513,6.6097,1.647,7.483,4.3689,2.2348,3.0512,2.2292,2.7584,2.4194,3.5596,1.8758,2.7005,4.0498,9.7933,4.1304,3.5739
South Africa,Forest fires,Emissions (N2O),kilotonnes,0.6955,0.1055,0.1823,0.4662,0.1599,0.6035,0.1504,0.6832,0.3989,0.2041,0.2786,0.2035,0.2519,0.2209,0.325,0.1713,0.2466,0.3698,0.8942,0.3771,0.3263
South Africa,Forest fires,Emissions (CO2eq) from CH4 (AR5),kilotonnes,430.5017,32.3639,55.9135,142.9727,49.0353,185.0714,46.1148,209.5242,122.3298,62.5753,85.4341,62.4181,77.2361,67.7433,99.6681,52.5228,75.6138,113.3933,274.2113,115.65,100.0705
South Africa,Forest fires,Emissions (CO2eq) from N2O (AR5),kilotonnes,184.3043,27.9666,48.3165,123.5471,42.3729,159.9258,39.8492,181.0563,105.7089,54.0733,73.8262,53.9373,66.7421,58.5391,86.1263,45.3866,65.3402,97.9866,236.9544,99.9367,86.4739
South Africa,Forest fires,Emissions (CO2eq) (AR5),kilotonnes,614.806,60.3305,104.23,266.5198,91.4083,344.9972,85.9641,390.5805,228.0387,116.6486,159.2604,116.3554,143.9782,126.2824,185.7944,97.9094,140.9541,211.3799,511.1657,215.5868,186.5444
South Africa,Fires in humid tropical forests,Emissions (CH4),kilotonnes,0.1502,0.008,0.0187,0.1573,0.0267,0.1013,0.2853,0.0053,0.024,0.0107,0.112,0.2693,0.016,0.016,0.1307,0.0373,0.0133,0.096,0,0.16,0.0133
South Africa,Fires in humid tropical forests,Emissions (N2O),kilotonnes,0.0044,0.0007,0.0017,0.0144,0.0024,0.0093,0.0261,0.0005,0.0022,0.001,0.0102,0.0246,0.0015,0.0015,0.0119,0.0034,0.0012,0.0088,0,0.0146,0.0012
South Africa,Fires in humid tropical forests,Emissions (CO2eq) from CH4 (AR5),kilotonnes,4.2057,0.224,0.5226,4.4051,0.7467,2.8373,7.9889,0.1493,0.672,0.2987,3.1359,7.5411,0.448,0.448,3.6586,1.0453,0.3733,2.6879,0,4.4798,0.3733
South Africa,Fires in humid tropical forests,Emissions (CO2eq) from N2O (AR5),kilotonnes,1.1708,0.1936,0.4516,3.8066,0.6452,2.4518,6.9035,0.129,0.5807,0.2581,2.7098,6.5165,0.3871,0.3871,3.1615,0.9032,0.3226,2.3227,0,3.8712,0.3226
South Africa,Fires in humid tropical forests,Emissions (CO2eq) (AR5),kilotonnes,5.3765,0.4175,0.9743,8.2117,1.3919,5.2891,14.8924,0.2784,1.2527,0.5568,5.8458,14.0576,0.8351,0.8351,6.8201,1.9485,0.6959,5.0105,0,8.351,0.6959
South Africa,Waste - agri-food systems,Emissions (CH4),kilotonnes,286.5775,289.3904,296.3661,299.9606,297.9131,298.6076,298.9004,299.3826,299.6933,299.8973,299.7185,299.3605,299.7319,300.6352,296.1397,292.7031,291.8918,290.8708,290.1959,288.0612,285.7658
South Africa,Waste - agri-food systems,Emissions (N2O),kilotonnes,1.2879,1.3036,1.3002,1.3286,1.4281,1.5064,1.5831,1.6705,1.7398,1.79,1.8935,1.9752,2.0642,2.1471,2.1496,2.2094,2.2833,2.344,2.4099,2.464,2.5176
South Africa,Waste - agri-food systems,Emissions (CO2),kilotonnes,0,0,0,0,0,0,0,0,0,0,0,0,0,0,0,0,0,0,0,0,0
South Africa,Waste - agri-food systems,Emissions (CO2eq) from CH4 (AR5),kilotonnes,8024.1699,8102.9313,8298.2519,8398.8979,8341.5668,8361.013,8369.2109,8382.7123,8391.4131,8397.1238,8392.1178,8382.0931,8392.4922,8417.7854,8291.9103,8195.6881,8172.9715,8144.3823,8125.4849,8065.7134,8001.4427
South Africa,Waste - agri-food systems,Emissions (CO2eq) from N2O (AR5),kilotonnes,341.2991,345.4618,344.5527,352.0755,378.4346,399.1971,419.5146,442.6834,461.0364,474.3413,501.7721,523.4364,547.0197,568.9765,569.6453,585.4952,605.0829,621.1641,638.6153,652.9475,667.1651
South Africa,Waste - agri-food systems,Emissions (CO2eq) (AR5),kilotonnes,8365.4691,8448.3931,8642.8046,8750.9734,8720.0015,8760.2101,8788.7255,8825.3957,8852.4495,8871.4651,8893.8899,8905.5294,8939.5119,8986.7618,8861.5557,8781.1833,8778.0544,8765.5465,8764.1002,8718.661,8668.6078
South Africa,On-farm electricity use,Emissions (CH4),kilotonnes,4.7446,5.0098,5.5726,6.1713,7.3905,6.6237,7.0089,7.2741,7.1169,6.9237,7.2057,7.2477,6.9477,6.9117,6.8661,6.8157,7.1613,7.1613,7.2957,7.3816,7.3816
South Africa,On-farm electricity use,Emissions (N2O),kilotonnes,0.0253,0.0268,0.0298,0.033,0.0395,0.0354,0.0374,0.0388,0.038,0.037,0.0385,0.0387,0.0371,0.0369,0.0367,0.0364,0.0383,0.0383,0.039,0.0394,0.0394
South Africa,On-farm electricity use,Emissions (CO2),kilotonnes,3531.0347,3460.7556,3755.5071,4366.8004,5365.6204,4699.7479,4856.7401,5014.2827,5620.8431,5225.608,5563.8535,5251.5142,5289.3202,5064.8821,5031.4679,4994.5365,5247.7806,5247.7806,5346.2645,5409.2237,5409.2237
South Africa,On-farm electricity use,Emissions (CO2eq) from CH4 (AR5),kilotonnes,132.8488,140.2744,156.0328,172.7964,206.934,185.4636,196.2492,203.6748,199.2732,193.8636,201.7596,202.9356,194.5356,193.5276,192.2508,190.8396,200.5164,200.5164,204.2796,206.6848,206.6848
South Africa,On-farm electricity use,Emissions (CO2eq) from N2O (AR5),kilotonnes,6.7045,7.102,7.897,8.745,10.4675,9.381,9.911,10.282,10.07,9.805,10.2025,10.2555,9.8315,9.7785,9.7255,9.646,10.1495,10.1495,10.335,10.441,10.441
South Africa,On-farm electricity use,Emissions (CO2eq) (AR5),kilotonnes,3670.588,3608.132,3919.4369,4548.3418,5583.0219,4894.5925,5062.9003,5228.2395,5830.1863,5429.2766,5775.8156,5464.7053,5493.6873,5268.1882,5233.4442,5195.0221,5458.4465,5458.4465,5560.8791,5626.3495,5626.3495
South Africa,Food Processing,Emissions (CH4),kilotonnes,0.0013,0.0009,0.001,0.0011,0.0009,0.913,0.9146,0.9193,0.9228,0.9214,0.8889,0.8722,0.8716,0.8675,0.862,0.8561,0.9109,0.8972,0.9044,0.9044,0.91
South Africa,Food Processing,Emissions (N2O),kilotonnes,0.0001,0.0001,0.0001,0.0001,0.0001,0.005,0.005,0.005,0.005,0.005,0.0049,0.0049,0.0049,0.005,0.005,0.005,0.0059,0.0059,0.0056,0.0056,0.0056
South Africa,Food Processing,Emissions (CO2),kilotonnes,55.5444,41.0256,45.9096,49.5504,41.0256,693.5091,694.7916,690.8575,780.6297,742.4089,804.1299,755.4619,812.3963,820.6511,845.3257,843.7224,957.5403,1068.3056,971.7488,971.7488,897.8959
South Africa,Food Processing,Emissions (CO2eq) from CH4 (AR5),kilotonnes,0.0364,0.0252,0.028,0.0308,0.0252,25.564,25.6088,25.7404,25.8384,25.7992,24.8892,24.4216,24.4048,24.29,24.136,23.9708,25.5052,25.1216,25.3232,25.3232,25.4795
South Africa,Food Processing,Emissions (CO2eq) from N2O (AR5),kilotonnes,0.0265,0.0265,0.0265,0.0265,0.0265,1.325,1.325,1.325,1.325,1.325,1.2985,1.2985,1.2985,1.325,1.325,1.325,1.5635,1.5635,1.484,1.484,1.4903
South Africa,Food Processing,Emissions (CO2eq) (AR5),kilotonnes,55.6073,41.0773,45.9641,49.6077,41.0773,720.3981,721.7254,717.9229,807.7931,769.5331,830.3176,781.182,838.0996,846.2661,870.7867,869.0182,984.609,1094.9907,998.556,998.556,924.8657
South Africa,Food Packaging,Emissions (CH4),kilotonnes,0.3361,0.6485,0.673,0.6677,0.694,3.4689,3.4649,3.4267,3.3523,4.4519,4.8007,2.7604,2.6657,2.6413,2.8529,3.5644,3.01,2.9538,3.0415,4.0753,4.1005
South Africa,Food Packaging,Emissions (N2O),kilotonnes,0.0171,0.0188,0.0189,0.0188,0.0191,0.034,0.034,0.0338,0.0339,0.0402,0.0686,0.0234,0.0231,0.0265,0.0325,0.0424,0.0354,0.0213,0.0347,0.0406,0.0408
South Africa,Food Packaging,Emissions (CO2),kilotonnes,1238.2434,1423.9699,1434.1787,1448.3294,1487.5901,3497.0593,3469.3908,3421.2951,3729.7979,4482.0519,6489.7901,2757.3184,2816.1115,2921.2956,3399.685,4322.9373,3677.8764,2774.3281,3648.74,4425.9218,4089.5517
South Africa,Food Packaging,Emissions (CO2eq) from CH4 (AR5),kilotonnes,9.4108,18.158,18.844,18.6956,19.432,97.1292,97.0172,95.9476,93.8644,124.6532,134.4196,77.2912,74.6396,73.9564,79.8812,99.8032,84.28,82.7064,85.162,114.1084,114.8128
South Africa,Food Packaging,Emissions (CO2eq) from N2O (AR5),kilotonnes,4.5315,4.982,5.0085,4.982,5.0615,9.01,9.01,8.957,8.9835,10.653,18.179,6.201,6.1215,7.0225,8.6125,11.236,9.381,5.6445,9.1955,10.759,10.8048
South Africa,Food Packaging,Emissions (CO2eq) (AR5),kilotonnes,1252.1857,1447.1099,1458.0312,1472.007,1512.0836,3603.1985,3575.418,3526.1997,3832.6458,4617.3581,6642.3887,2840.8106,2896.8726,3002.2745,3488.1787,4433.9765,3771.5374,2862.679,3743.0975,4550.7892,4215.1693
South Africa,Food Retail,Emissions (CH4),kilotonnes,0.0001,0,0,0,0.0096,4.5612,4.8522,5.0358,4.9299,4.7995,5.0913,5.1398,5.0167,5.004,4.9779,4.9141,6.3599,6.2938,6.6294,6.3319,6.371
South Africa,Food Retail,Emissions (N2O),kilotonnes,0,0,0,0,0.0019,0.0259,0.0275,0.0285,0.0285,0.0283,0.0434,0.0464,0.0579,0.0597,0.0603,0.0557,0.0607,0.0466,0.0786,0.0616,0.0619
South Africa,Food Retail,Emissions (CO2),kilotonnes,6.4211,0.92,0.9262,0.5967,247.3054,3449.8405,3574.0087,3698.6175,4210.5443,4027.2815,4971.1301,4940.143,5773.3007,5752.1301,5772.7244,5455.0619,7698.1138,5787.7631,7571.8716,6693.3657,6184.6699
South Africa,Food Retail,Emissions (CO2eq) from F-gases (AR5),kilotonnes,275.8545,330.9215,378.7155,435.341,498.2005,558.982,614.049,669.116,677.9475,682.623,685.2205,686.779,688.3375,688.857,688.857,688.857,741.3265,755.353,768.86,782.8865,807.1997
South Africa,Food Retail,Emissions (CO2eq) from CH4 (AR5),kilotonnes,0.0028,0,0,0,0.2688,127.7136,135.8616,141.0024,138.0372,134.386,142.5564,143.9144,140.4676,140.112,139.3812,137.5948,178.0772,176.2264,185.6232,177.2932,178.3876
South Africa,Food Retail,Emissions (CO2eq) from N2O (AR5),kilotonnes,0,0,0,0,0.5035,6.8635,7.2875,7.5525,7.5525,7.4995,11.501,12.296,15.3435,15.8205,15.9795,14.7605,16.0855,12.349,20.829,16.324,16.3935
South Africa,Food Retail,Emissions (CO2eq) (AR5),kilotonnes,282.2784,331.8415,379.6417,435.9377,746.2782,4143.3996,4331.2068,4516.2884,5034.0815,4851.79,5810.408,5783.1324,6617.4493,6596.9196,6616.9421,6296.2742,8633.603,6731.6915,8547.1838,7669.8694,7186.6508
South Africa,Food Household Consumption,Emissions (CH4),kilotonnes,18.0164,23.5168,24.0943,27.3097,30.4702,32.2444,35.4145,40.6255,42.2448,40.9679,37.1212,40.6621,53.8325,55.5572,56.463,51.5324,24.7024,26.2774,72.4551,72.4551,72.9024
South Africa,Food Household Consumption,Emissions (N2O),kilotonnes,0.0991,0.1286,0.1304,0.1473,0.164,0.1727,0.1885,0.2142,0.2217,0.2149,0.1951,0.2133,0.2786,0.2871,0.291,0.2667,0.1342,0.142,0.3733,0.3733,0.3749
South Africa,Food Household Consumption,Emissions (CO2),kilotonnes,12020.7329,14371.531,13533.6786,15703.2282,17537.1512,17863.6036,19041.502,20838.2113,22928.1818,21505.9803,21018.5742,21381.3142,25812.5108,25714.0047,25856.6445,24345.9138,17840.9702,18302.9399,33063.0273,33063.0273,30550.2372
South Africa,Food Household Consumption,Emissions (CO2eq) from CH4 (AR5),kilotonnes,504.4592,658.4704,674.6404,764.6716,853.1656,902.8432,991.606,1137.514,1182.8544,1147.1012,1039.3936,1138.5388,1507.31,1555.6016,1580.964,1442.9072,691.6672,735.7672,2028.7428,2028.7428,2041.2659
South Africa,Food Household Consumption,Emissions (CO2eq) from N2O (AR5),kilotonnes,26.2615,34.079,34.556,39.0345,43.46,45.7655,49.9525,56.763,58.7505,56.9485,51.7015,56.5245,73.829,76.0815,77.115,70.6755,35.563,37.63,98.9245,98.9245,99.3459
South Africa,Food Household Consumption,Emissions (CO2eq) (AR5),kilotonnes,12551.4536,15064.0804,14242.875,16506.9343,18433.7768,18812.2123,20083.0605,22032.4883,24169.7867,22710.03,22109.6693,22576.3775,27393.6498,27345.6878,27514.7235,25859.4965,18568.2004,19076.3371,35190.6946,35190.6946,32690.849
South Africa,Food Transport,Emissions (CH4),kilotonnes,0.772,0.7321,0.6922,0.671,0.6483,0.6124,0.563,0.5544,0.4808,0.4233,0.3706,0.384,0.3828,0.4059,0.3766,0.3968,0.3899,0.4033,0.4055,0.2948,0.2966
South Africa,Food Transport,Emissions (N2O),kilotonnes,0.1808,0.1837,0.1935,0.2024,0.2089,0.1976,0.1981,0.2008,0.1853,0.1834,0.1819,0.1887,0.1891,0.2045,0.1888,0.2038,0.2005,0.2073,0.2084,0.2244,0.2254
South Africa,Food Transport,Emissions (CO2),kilotonnes,3699.355,3783.21,3863.14,4068.315,4277.72,4446.935,4580.23,5047.16,5032.67,4818.61,4973.6655,5185.915,5209.125,5739.525,5476.31,5732.6568,5441.7318,5690.0121,5723.3742,5949.4937,5497.3322
South Africa,Food Transport,Emissions (CO2eq) from CH4 (AR5),kilotonnes,21.616,20.4988,19.3816,18.788,18.1524,17.1472,15.764,15.5232,13.4624,11.8524,10.3768,10.752,10.7184,11.3652,10.5448,11.1104,10.9172,11.2924,11.354,8.2544,8.3054
South Africa,Food Transport,Emissions (CO2eq) from N2O (AR5),kilotonnes,47.912,48.6805,51.2775,53.636,55.3585,52.364,52.4965,53.212,49.1045,48.601,48.2035,50.0055,50.1115,54.1925,50.032,54.007,53.1325,54.9345,55.226,59.466,59.7193
South Africa,Food Transport,Emissions (CO2eq) (AR5),kilotonnes,3768.883,3852.3893,3933.7991,4140.739,4351.2309,4516.4462,4648.4905,5115.8952,5095.2369,4879.0634,5032.2458,5246.6725,5269.9549,5805.0827,5536.8868,5797.7742,5505.7815,5756.239,5789.9542,6017.2141,5565.3568
South Africa,Energy,Emissions (CH4),kilotonnes,1410,1420,1390,1480,1520,1530,1530,1530,1560,1560,1560,1560,1600,1600,1630,1590,1600,1590,1590,1620,1630
South Africa,Energy,Emissions (N2O),kilotonnes,7.62,8.11,8.25,8.48,8.86,8.68,8.68,8.85,8.94,8.63,8.99,8.9,9.13,9.49,9.66,9.17,9.11,9.18,9.16,9.39,9.43
South Africa,Energy,Emissions (CO2),kilotonnes,454000,422000,409000,456000,505000,482000,514000,533000,562000,563000,511000,514000,501000,497000,523000,492000,499000,504000,486000,500000,462000
South Africa,Energy,Emissions (CO2eq) from CH4 (AR5),kilotonnes,39480,39760,38920,41440,42560,42840,42840,42840,43680,43680,43680,43680,44800,44800,45640,44520,44800,44520,44520,45360,45640
South Africa,Energy,Emissions (CO2eq) from N2O (AR5),kilotonnes,2019.3,2149.15,2186.25,2247.2,2347.9,2300.2,2300.2,2345.25,2369.1,2286.95,2382.35,2358.5,2419.45,2514.85,2559.9,2430.05,2414.15,2432.7,2427.4,2488.35,2498.95
South Africa,Energy,Emissions (CO2eq) (AR5),kilotonnes,495499.3,463909.15,450106.25,499687.2,549907.9,527140.2,559140.2,578185.25,608049.1,608966.95,557062.35,560038.5,548219.45,544314.85,571199.9,538950.05,546214.15,550952.7,532947.4,547848.35,510138.95
South Africa,IPPU,Emissions (CH4),kilotonnes,4.69,4.1,4.52,5.04,5.31,5,5.38,6.08,5.34,3.88,5.69,5.67,5.28,5.43,6.19,5.82,5.37,5.96,5.7,5.84,5.88
South Africa,IPPU,Emissions (N2O),kilotonnes,5.73,5.97,7.35,7.66,7.86,7.87,5.08,4.79,1.08,1.14,1.14,1.15,1.17,1.18,1.2,1.21,1.23,1.24,1.26,1.17,1.18
South Africa,IPPU,Emissions (CO2),kilotonnes,13400,12600,13800,14800,15200,15600,16500,17700,16400,15000,16800,16600,16000,16800,17500,17700,17300,18000,17700,18000,17700
South Africa,IPPU,Emissions (CO2eq) from F-gases (AR5),kilotonnes,1146.6704,1175.823,1253.5634,1535.3722,1720.0056,1807.4635,1953.2267,2021.2495,2030.9671,2118.425,2225.318,2341.9285,2439.104,2536.2795,2633.4549,2730.6304,2827.8058,2924.9813,3022.1568,3129.0498,3226.2252
South Africa,IPPU,Emissions (CO2eq) from CH4 (AR5),kilotonnes,131.32,114.8,126.56,141.12,148.68,140,150.64,170.24,149.52,108.64,159.32,158.76,147.84,152.04,173.32,162.96,150.36,166.88,159.6,163.52,164.64
South Africa,IPPU,Emissions (CO2eq) from N2O (AR5),kilotonnes,1518.45,1582.05,1947.75,2029.9,2082.9,2085.55,1346.2,1269.35,286.2,302.1,302.1,304.75,310.05,312.7,318,320.65,325.95,328.6,333.9,310.05,312.7
South Africa,IPPU,Emissions (CO2eq) (AR5),kilotonnes,16196.4404,15472.673,17127.8734,18506.3922,19151.5856,19633.0135,19950.0667,21160.8395,18866.6871,17529.165,19486.738,19405.4385,18896.994,19801.0195,20624.7749,20914.2404,20604.1158,21420.4613,21215.6568,21602.6198,21403.5652
South Africa,Waste,Emissions (CH4),kilotonnes,673,672,695,703,709,725,751,768,789,776,788,803,819,838,848,858,868,884,897,909,922
South Africa,Waste,Emissions (N2O),kilotonnes,2.17,2.2,2.23,2.26,2.29,2.36,2.43,2.5,2.55,2.6,2.64,2.7,2.78,2.85,2.89,2.92,2.93,2.97,2.98,3.1,3.15
South Africa,Waste,Emissions (CO2eq) from CH4 (AR5),kilotonnes,18844,18816,19460,19684,19852,20300,21028,21504,22092,21728,22064,22484,22932,23464,23744,24024,24304,24752,25116,25452,25816
South Africa,Waste,Emissions (CO2eq) from N2O (AR5),kilotonnes,575.05,583,590.95,598.9,606.85,625.4,643.95,662.5,675.75,689,699.6,715.5,736.7,755.25,765.85,773.8,776.45,787.05,789.7,821.5,834.75
South Africa,Waste,Emissions (CO2eq) (AR5),kilotonnes,19419.05,19399,20050.95,20282.9,20458.85,20925.4,21671.95,22166.5,22767.75,22417,22763.6,23199.5,23668.7,24219.25,24509.85,24797.8,25080.45,25539.05,25905.7,26273.5,26650.75
South Africa,Other,Emissions (N2O),kilotonnes,6.8,8.06,8.13,8.31,8.74,8.51,8.4,8.71,9.02,8.13,9.15,8.84,9.11,9.3,9.49,9.04,9.07,8.85,8.8,9.19,9.23
South Africa,Other,Emissions (CO2eq) from N2O (AR5),kilotonnes,1802,2135.9,2154.45,2202.15,2316.1,2255.15,2226,2308.15,2390.3,2154.45,2424.75,2342.6,2414.15,2464.5,2514.85,2395.6,2403.55,2345.25,2332,2435.35,2445.95
South Africa,Other,Emissions (CO2eq) (AR5),kilotonnes,1802,2135.9,2154.45,2202.15,2316.1,2255.15,2226,2308.15,2390.3,2154.45,2424.75,2342.6,2414.15,2464.5,2514.85,2395.6,2403.55,2345.25,2332,2435.35,2445.95
South Africa,Farm-gate emissions,Emissions (CH4),kilotonnes,712.0821,697.7929,707.5028,679.9509,665.7817,695.8683,666.4338,685.9602,690.4026,689.3252,692.8315,690.3753,703.9153,690.3026,688.446,669.8439,643.0531,645.1569,639.7436,624.5398,614.5911
South Africa,Farm-gate emissions,Direct emissions (N2O),kilotonnes,34.931,34.1148,35.4044,34.0556,34.0887,33.2051,33.5958,34.3585,35.2643,34.9842,34.6872,34.8317,35.363,34.618,34.7278,33.2389,31.9682,34.8045,32.7502,32.1542,32.3655
South Africa,Farm-gate emissions,Indirect emissions (N2O),kilotonnes,9.8754,9.662,9.9749,9.5719,9.573,9.2409,9.451,9.6343,9.8318,9.7439,9.6257,9.6841,9.8125,9.609,9.6001,9.1947,8.8294,9.669,9.0575,8.9003,8.9287
South Africa,Farm-gate emissions,Emissions (N2O),kilotonnes,52.453,50.4696,54.0898,50.2594,49.3694,50.1084,49.0795,50.6669,51.7532,51.7303,51.7704,51.871,52.8023,50.7771,50.9079,48.0021,46.4961,51.8002,47.6882,46.2797,46.6568
South Africa,Farm-gate emissions,Emissions (CO2),kilotonnes,3816.9525,4051.9325,4130.5772,4199.2657,4171.9629,3868.7234,3738.8206,3841.5881,3796.7821,3714.7904,3801.6005,5652.8196,6594.5156,7243.2243,7500.1987,6624.9693,10636.7553,10900.7104,7814.553,7872.7045,7872.4347
South Africa,Farm-gate emissions,Emissions (CO2eq) from CH4 (AR5),kilotonnes,19938.2985,19538.2021,19810.0789,19038.6248,18641.8881,19484.3129,18660.146,19206.8861,19331.2715,19301.1044,19399.2818,19330.5091,19709.6293,19328.4733,19276.4883,18755.6285,18005.4855,18064.3929,17912.8218,17487.1131,17208.5516
South Africa,Farm-gate emissions,Emissions (CO2eq) from N2O (AR5),kilotonnes,13900.0339,13374.4409,14333.7861,13318.7293,13082.886,13278.738,13006.0642,13426.7212,13714.5957,13708.5361,13719.1565,13745.8168,13992.6045,13455.9373,13490.6051,12720.5584,12321.4663,13727.0464,12637.3678,12264.132,12364.0511
South Africa,Farm-gate emissions,Emissions (CO2eq) (AR5),kilotonnes,37655.285,36964.5756,38274.4422,36556.6199,35896.737,36631.7743,35405.0307,36475.1955,36842.6494,36724.431,36920.0388,38729.1455,40296.7493,40027.6349,40267.2921,38101.1562,40963.707,42692.1496,38364.7426,37623.9495,37445.0374
South Africa,Land Use change,Emissions (CH4),kilotonnes,0.1502,0.008,0.0187,0.1573,0.0267,0.1013,0.2853,0.0053,0.024,0.0107,0.112,0.2693,0.016,0.016,0.1307,0.0373,0.0133,0.096,0,0.16,0.0133
South Africa,Land Use change,Emissions (N2O),kilotonnes,0.0044,0.0007,0.0017,0.0144,0.0024,0.0093,0.0261,0.0005,0.0022,0.001,0.0102,0.0246,0.0015,0.0015,0.0119,0.0034,0.0012,0.0088,0,0.0146,0.0012
South Africa,Land Use change,Emissions (CO2),kilotonnes,6626.62,6639.9667,6639.9667,6639.9667,6639.9667,6639.9667,6639.9667,6639.9667,6639.9667,6639.9667,6639.9667,6653.3133,6653.3133,6653.3133,6653.3133,6653.3133,6661.3213,6661.3213,6661.3213,6661.3213,6661.3213
South Africa,Land Use change,Emissions (CO2eq) from CH4 (AR5),kilotonnes,4.2057,0.224,0.5226,4.4051,0.7467,2.8373,7.9889,0.1493,0.672,0.2987,3.1359,7.5411,0.448,0.448,3.6586,1.0453,0.3733,2.6879,0,4.4798,0.3733
South Africa,Land Use change,Emissions (CO2eq) from N2O (AR5),kilotonnes,1.1708,0.1936,0.4516,3.8066,0.6452,2.4518,6.9035,0.129,0.5807,0.2581,2.7098,6.5165,0.3871,0.3871,3.1615,0.9032,0.3226,2.3227,0,3.8712,0.3226
South Africa,Land Use change,Emissions (CO2eq) (AR5),kilotonnes,6631.9965,6640.3842,6640.9409,6648.1784,6641.3585,6645.2557,6654.859,6640.245,6641.2194,6640.5234,6645.8124,6667.3709,6654.1485,6654.1484,6660.1335,6655.2618,6662.0173,6666.3319,6661.3213,6669.6723,6662.0172
South Africa,Emissions on agricultural land,Emissions (CH4),kilotonnes,712.2323,697.8009,707.5215,680.1082,665.8084,695.9696,666.7191,685.9656,690.4266,689.3358,692.9435,690.6446,703.9313,690.3186,688.5767,669.8812,643.0664,645.2529,639.7436,624.6997,614.6045
South Africa,Emissions on agricultural land,Emissions (N2O),kilotonnes,52.4574,50.4703,54.0915,50.2737,49.3718,50.1177,49.1055,50.6674,51.7554,51.7313,51.7806,51.8956,52.8037,50.7786,50.9199,48.0055,46.4973,51.8089,47.6882,46.2944,46.658
South Africa,Emissions on agricultural land,Emissions (CO2),kilotonnes,10443.5725,10691.8992,10770.5438,10839.2324,10811.9296,10508.6901,10378.7872,10481.5548,10436.7487,10354.7571,10441.5671,12306.133,13247.8289,13896.5376,14153.5121,13278.2826,17298.0766,17562.0317,14475.8743,14534.0258,14533.7561
South Africa,Emissions on agricultural land,Emissions (CO2eq) from CH4 (AR5),kilotonnes,19942.5042,19538.4261,19810.6015,19043.0299,18642.6347,19487.1502,18668.1349,19207.0355,19331.9435,19301.4031,19402.4177,19338.0502,19710.0773,19328.9213,19280.1469,18756.6738,18005.8588,18067.0807,17912.8218,17491.5929,17208.9249
South Africa,Emissions on agricultural land,Emissions (CO2eq) from N2O (AR5),kilotonnes,13901.2047,13374.6345,14334.2378,13322.5359,13083.5312,13281.1898,13012.9676,13426.8503,13715.1764,13708.7942,13721.8664,13752.3333,13992.9916,13456.3244,13493.7666,12721.4616,12321.7889,13729.3691,12637.3678,12268.0031,12364.3737
South Africa,Emissions on agricultural land,Emissions (CO2eq) (AR5),kilotonnes,44287.2815,43604.9598,44915.3831,43204.7982,42538.0955,43277.03,42059.8898,43115.4405,43483.8687,43364.9544,43565.8512,45396.5165,46950.8978,46681.7833,46927.4255,44756.418,47625.7243,49358.4815,45026.0639,44293.6218,44107.0546
South Africa,Pre- and post- production,Emissions (CH4),kilotonnes,310.448,319.2985,327.3992,334.7814,337.1266,347.0312,351.1185,357.2184,358.7408,358.385,355.1969,356.4267,369.4489,372.0228,368.5382,360.7826,334.4262,334.8576,380.9275,379.5043,377.7278
South Africa,Pre- and post- production,Emissions (N2O),kilotonnes,1.6103,1.6616,1.6729,1.7302,1.8616,1.977,2.0736,2.1916,2.2522,2.2988,2.4259,2.4906,2.6549,2.7668,2.7639,2.8194,2.7583,2.8054,3.1495,3.2089,3.2655
South Africa,Pre- and post- production,Emissions (CO2),kilotonnes,20551.3315,23081.4121,22633.3402,25636.8201,28956.4127,34650.6954,36216.6632,38710.4241,42302.6668,40801.9406,43821.1433,40271.6667,45712.7645,46012.4886,46382.1575,45694.8287,40864.0131,38871.1294,56325.0264,56512.781,52628.9106
South Africa,Pre- and post- production,Emissions (CO2eq) from F-gases (AR5),kilotonnes,275.8545,330.9215,378.7155,435.341,498.2005,558.982,614.049,669.116,677.9475,682.623,685.2205,686.779,688.3375,688.857,688.857,688.857,741.3265,755.353,768.86,782.8865,807.1997
South Africa,Pre- and post- production,Emissions (CO2eq) from CH4 (AR5),kilotonnes,8692.5439,8940.3581,9167.1787,9373.8803,9439.5448,9716.8738,9831.3177,10002.1147,10044.7431,10034.7794,9945.513,9979.9467,10344.5682,10416.6382,10319.0683,10101.9141,9363.9347,9376.0127,10665.9697,10626.1202,10576.3787
South Africa,Pre- and post- production,Emissions (CO2eq) from N2O (AR5),kilotonnes,426.7351,440.3318,443.3182,458.4995,493.3121,523.9061,549.4971,580.7749,596.8224,609.1733,642.8581,660.0174,703.5552,733.197,732.4348,747.1452,730.9579,743.4351,834.6093,850.346,865.36
South Africa,Pre- and post- production,Emissions (CO2eq) (AR5),kilotonnes,29946.4651,32793.0235,32622.5526,35904.5409,39387.4702,45450.4573,47211.527,49962.4297,53622.1798,52128.5163,55094.7349,51598.4097,57449.2254,57851.1807,58122.5177,57232.745,51700.2322,49745.9303,68594.4654,68772.1338,64877.8491
South Africa,Agri-food systems,Emissions (CH4),kilotonnes,1022.6803,1017.0994,1034.9207,1014.8897,1002.935,1043.0009,1017.8376,1043.1839,1049.1674,1047.7208,1048.1404,1047.0713,1073.3802,1062.3414,1057.1148,1030.6639,977.4926,980.1105,1020.6711,1004.204,992.3323
South Africa,Agri-food systems,Emissions (N2O),kilotonnes,54.0677,52.1319,55.7644,52.0039,51.2334,52.0947,51.1791,52.859,54.0075,54.0301,54.2065,54.3862,55.4587,53.5454,53.6838,50.8249,49.2556,54.6144,50.8376,49.5032,49.9235
South Africa,Agri-food systems,Emissions (CO2),kilotonnes,30994.904,33773.3113,33403.884,36476.0525,39768.3423,45159.3855,46595.4504,49191.9789,52739.4155,51156.6977,54262.7104,52577.7997,58960.5934,59909.0262,60535.6696,58973.1113,58162.0897,56433.1611,70800.9007,71046.8068,67162.6667
South Africa,Agri-food systems,Emissions (CO2eq) from F-gases (AR5),kilotonnes,275.8545,330.9215,378.7155,435.341,498.2005,558.982,614.049,669.116,677.9475,682.623,685.2205,686.779,688.3375,688.857,688.857,688.857,741.3265,755.353,768.86,782.8865,807.1997
South Africa,Agri-food systems,Emissions (CO2eq) from CH4 (AR5),kilotonnes,28635.0482,28478.7842,28977.7803,28416.9103,28082.1796,29204.024,28499.4526,29209.1502,29376.6866,29336.1825,29347.9307,29317.9968,30054.6455,29745.5595,29599.2152,28858.5879,27369.7935,27443.0934,28578.7915,28117.7131,27785.3036
South Africa,Agri-food systems,Emissions (CO2eq) from N2O (AR5),kilotonnes,14327.9399,13814.9662,14777.556,13781.0354,13576.8433,13805.0959,13562.4647,14007.6251,14311.9989,14317.9675,14364.7244,14412.3507,14696.5468,14189.5214,14226.2014,13468.6068,13052.7468,14472.8042,13471.977,13118.3492,13229.7337
South Africa,Agri-food systems,Emissions (CO2eq) (AR5),kilotonnes,74233.7466,76397.9833,77537.9357,79109.3391,81925.5657,88727.4873,89271.4168,93077.8702,97106.0485,95493.4707,98660.5861,96994.9262,104400.1232,104532.9641,105049.9432,101989.163,99325.9565,99104.4118,113620.5293,113065.7556,108984.9037
South Africa,IPCC Agriculture,Emissions (CH4),kilotonnes,711.1661,696.5453,706.2921,678.4445,664.3237,695.1848,665.6761,685.3267,689.5595,688.6915,691.1703,684.1996,694.2102,680.1212,678.0743,660.6921,636.9898,638.3646,626.6208,610.8666,600.918
South Africa,IPCC Agriculture,Emissions (CH4),kilotonnes,,,,,,,,,,,,,,,,1332.59,,1224.4,,,
South Africa,IPCC Agriculture,Direct emissions (N2O),kilotonnes,34.931,34.1148,35.4044,34.0556,34.0887,33.2051,33.5958,34.3585,35.2643,34.9842,34.6872,34.8317,35.363,34.618,34.7278,33.2389,31.9682,34.8045,32.7502,32.1542,32.3655
South Africa,IPCC Agriculture,Indirect emissions (N2O),kilotonnes,9.8754,9.662,9.9749,9.5719,9.573,9.2409,9.451,9.6343,9.8318,9.7439,9.6257,9.6841,9.8125,9.609,9.6001,9.1947,8.8294,9.669,9.0575,8.9003,8.9287
South Africa,IPCC Agriculture,Emissions (N2O),kilotonnes,51.2913,49.309,52.9076,49.1067,48.2352,49.0121,48.0326,49.5762,50.7064,50.7147,50.8107,50.7348,51.696,49.4721,49.5113,46.7994,44.305,49.6153,46.5178,45.1547,45.5317
South Africa,IPCC Agriculture,Emissions (N2O),kilotonnes,,,,,,,,,,,,,,,,66.44,,70,,,
South Africa,IPCC Agriculture,Emissions (CO2eq) from CH4 (AR5),kilotonnes,19912.6503,19503.2696,19776.178,18996.4463,18601.0643,19465.1751,18638.9299,19189.1465,19307.665,19283.3608,19352.7672,19157.5897,19437.8869,19043.394,18986.0796,18499.3792,17835.7156,17874.2088,17545.3831,17104.2645,16825.703
South Africa,IPCC Agriculture,Emissions (CO2eq) from CH4 (AR5),kilotonnes,,,,,,,,,,,,,,,,37312.52,,34283.2,,,
South Africa,IPCC Agriculture,Emissions (CO2eq) from N2O (AR5),kilotonnes,13592.2032,13066.8975,14020.523,13013.2707,12782.3354,12988.2077,12728.6279,13137.6828,13437.1867,13439.4045,13464.8257,13444.7115,13699.4455,13110.1182,13120.4843,12401.8322,11740.8156,13148.0447,12327.2297,11965.9897,12065.9087
South Africa,IPCC Agriculture,Emissions (CO2eq) from N2O (AR5),kilotonnes,,,,,,,,,,,,,,,,17606.6,,18550,,,
South Africa,IPCC Agriculture,Emissions (CO2eq) (AR5),kilotonnes,33504.8534,32570.1671,33796.7009,32009.717,31383.3996,32453.3829,31367.5577,32326.8293,32744.8517,32722.7653,32817.5929,32602.3013,33137.3323,32153.5123,32106.5638,30901.2115,29576.5312,31022.2535,29872.6127,29070.2542,28891.6118
South Africa,IPCC Agriculture,Emissions (CO2eq) (AR5),kilotonnes,,,,,,,,,,,,,,,,54919.12,,52833.2,,,
South Africa,Agricultural Soils,Direct emissions (N2O),kilotonnes,34.931,34.1148,35.4044,34.0556,34.0887,33.2051,33.5958,34.3585,35.2643,34.9842,34.6872,34.8317,35.363,34.618,34.7278,33.2389,31.9682,34.8045,32.7502,32.1542,32.3655
South Africa,Agricultural Soils,Direct emissions (N2O),kilotonnes,,,,,,,,,,,,,,,,,,55,,,
South Africa,Agricultural Soils,Indirect emissions (N2O),kilotonnes,9.8754,9.662,9.9749,9.5719,9.573,9.2409,9.451,9.6343,9.8318,9.7439,9.6257,9.6841,9.8125,9.609,9.6001,9.1947,8.8294,9.669,9.0575,8.9003,8.9287
South Africa,Agricultural Soils,Indirect emissions (N2O),kilotonnes,,,,,,,,,,,,,,,,,,6.9,,,
South Africa,Agricultural Soils,Emissions (N2O),kilotonnes,44.9728,43.9438,45.5498,43.8047,43.84,42.6247,43.2257,44.1716,45.2752,44.9072,44.492,44.6949,45.3546,44.4061,44.5072,42.6129,40.9767,44.6527,41.987,41.2292,41.4689
South Africa,Agricultural Soils,Emissions (N2O),kilotonnes,,,,,,,,,,,,,,,,,,,,,
South Africa,Agricultural Soils,Emissions (CO2eq) from N2O (AR5),kilotonnes,11917.8009,11645.1032,12070.7049,11608.2471,11617.5988,11295.5384,11454.8035,11705.4765,11997.9315,11900.3996,11790.3749,11844.1442,12018.9689,11767.6217,11794.4128,11292.4252,10858.8335,11832.9548,11126.5421,10925.7416,10989.2453
South Africa,Agricultural Soils,Emissions (CO2eq) from N2O (AR5),kilotonnes,,,,,,,,,,,,,,,,,,,,,
South Africa,Agricultural Soils,Emissions (CO2eq) (AR5),kilotonnes,11917.8009,11645.1032,12070.7049,11608.2471,11617.5988,11295.5384,11454.8035,11705.4765,11997.9315,11900.3996,11790.3749,11844.1442,12018.9689,11767.6217,11794.4128,11292.4252,10858.8335,11832.9548,11126.5421,10925.7416,10989.2453
South Africa,Agricultural Soils,Emissions (CO2eq) (AR5),kilotonnes,,,,,,,,,,,,,,,,,,,,,
South Africa,LULUCF,Emissions (CH4),kilotonnes,15.3751,1.1559,1.9969,5.1062,1.7513,6.6097,1.647,7.483,4.3689,2.2348,3.0512,2.2292,2.7584,2.4194,3.5596,1.8758,2.7005,4.0498,9.7933,4.1304,3.5739
South Africa,LULUCF,Emissions (N2O),kilotonnes,0.6955,0.1055,0.1823,0.4662,0.1599,0.6035,0.1504,0.6832,0.3989,0.2041,0.2786,0.2035,0.2519,0.2209,0.325,0.1713,0.2466,0.3698,0.8942,0.3771,0.3263
South Africa,LULUCF,Emissions (CO2),kilotonnes,6432.0188,6460.6191,6478.2881,6508.9382,6512.8897,6513.8466,6514.4933,6514.6552,6515.98,6516.2264,6516.611,6410.3633,6410.3633,6410.5451,6410.4479,6410.3816,6676.2417,6676.2417,6676.4099,6669.9375,6669.6678
South Africa,LULUCF,Emissions (CO2),kilotonnes,,,,,,,,,,,,,,,,,,,,,
South Africa,LULUCF,Emissions (CO2eq) from CH4 (AR5),kilotonnes,430.5017,32.3639,55.9135,142.9727,49.0353,185.0714,46.1148,209.5242,122.3298,62.5753,85.4341,62.4181,77.2361,67.7433,99.6681,52.5228,75.6138,113.3933,274.2113,115.65,100.0705
South Africa,LULUCF,Emissions (CO2eq) from N2O (AR5),kilotonnes,184.3043,27.9666,48.3165,123.5471,42.3729,159.9258,39.8492,181.0563,105.7089,54.0733,73.8262,53.9373,66.7421,58.5391,86.1263,45.3866,65.3402,97.9866,236.9544,99.9367,86.4739
South Africa,LULUCF,Emissions (CO2eq) (AR5),kilotonnes,7046.8248,6520.9496,6582.5181,6775.458,6604.298,6858.8438,6600.4574,6905.2357,6744.0187,6632.875,6675.8714,6526.7187,6554.3416,6536.8275,6596.2423,6508.291,6817.1957,6887.6216,7187.5756,6885.5243,6856.2122
South Africa,LULUCF,Emissions (CO2eq) (AR5),kilotonnes,,,,,,,,,,,,,,,,,,,,,
South Africa,AFOLU,Emissions (CH4),kilotonnes,726.5411,697.7012,708.289,683.5507,666.075,701.7945,667.323,692.8097,693.9284,690.9263,694.2215,686.4288,696.9687,682.5406,681.6338,662.5679,639.6903,642.4144,636.4141,614.9969,604.4919
South Africa,AFOLU,Emissions (N2O),kilotonnes,51.9868,49.4146,53.09,49.5729,48.3951,49.6156,48.1829,50.2594,51.1053,50.9188,51.0893,50.9383,51.9479,49.693,49.8363,46.9706,44.5515,49.985,47.412,45.5318,45.858
South Africa,AFOLU,Emissions (CO2),kilotonnes,6432.0188,6460.6191,6478.2881,6508.9382,6512.8897,6513.8466,6514.4933,6514.6552,6515.98,6516.2264,6516.611,6410.3633,6410.3633,6410.5451,6410.4479,6410.3816,6676.2417,6676.2417,6676.4099,6669.9375,6669.6678
South Africa,AFOLU,Emissions (CO2eq) from CH4 (AR5),kilotonnes,20343.152,19535.6335,19832.0914,19139.419,18650.0996,19650.2465,18685.0447,19398.6707,19429.9948,19345.9361,19438.2013,19220.0078,19515.123,19111.1373,19085.7477,18551.9021,17911.3294,17987.6021,17819.5944,17219.9146,16925.7735
South Africa,AFOLU,Emissions (CO2eq) from N2O (AR5),kilotonnes,13776.5075,13094.8642,14068.8395,13136.8177,12824.7083,13148.1336,12768.4771,13318.739,13542.8956,13493.4777,13538.652,13498.6489,13766.1876,13168.6573,13206.6105,12447.2188,11806.1558,13246.0313,12564.184,12065.9264,12152.3827
South Africa,AFOLU,Emissions (CO2eq) (AR5),kilotonnes,40551.6782,39091.1167,40379.219,38785.1749,37987.6976,39312.2266,37968.0151,39232.065,39488.8704,39355.6403,39493.4643,39129.02,39691.6739,38690.3398,38702.8061,37409.5025,36393.7269,37909.875,37060.1884,35955.7784,35747.824
South Africa,All sectors with LULUCF,Emissions (CH4),kilotonnes,2814.2311,2793.8012,2797.809,2871.5907,2900.385,2961.7945,2953.703,2996.8897,3048.2684,3030.8063,3047.9115,3055.0988,3121.2487,3125.9706,3165.8238,3116.3879,3113.0603,3122.3744,3129.1141,3149.8369,3162.3719
South Africa,All sectors with LULUCF,Emissions (N2O),kilotonnes,74.3068,73.7546,79.05,76.2829,76.1451,77.0356,72.7729,75.1094,72.6953,71.4188,73.0093,72.5283,74.1379,72.513,73.0763,69.3106,66.8915,72.225,69.612,68.3818,68.848
South Africa,All sectors with LULUCF,Emissions (CO2),kilotonnes,473832.0188,441060.6191,429278.2881,477308.9382,526712.8897,504113.8466,537014.4933,557214.6552,584915.98,584516.2264,534316.611,537010.3633,523410.3633,520210.5451,546910.4479,516110.3816,522976.2417,528676.2417,510376.4099,524669.9375,486369.6678
South Africa,All sectors with LULUCF,Emissions (CO2eq) from F-gases (AR5),kilotonnes,1146.6704,1175.823,1253.5634,1535.3722,1720.0056,1807.4635,1953.2267,2021.2495,2030.9671,2118.425,2225.318,2341.9285,2439.104,2536.2795,2633.4549,2730.6304,2827.8058,2924.9813,3022.1568,3129.0498,3226.2252
South Africa,All sectors with LULUCF,Emissions (CO2eq) from CH4 (AR5),kilotonnes,78798.472,78226.4335,78338.6514,80404.539,81210.7796,82930.2465,82703.6847,83912.9107,85351.5148,84862.5761,85341.5213,85542.7678,87394.963,87527.1773,88643.0677,87258.8621,87165.6894,87426.4821,87615.1944,88195.4346,88546.4135
South Africa,All sectors with LULUCF,Emissions (CO2eq) from N2O (AR5),kilotonnes,19691.3075,19544.9642,20948.2395,20214.9677,20178.4583,20414.4336,19284.8271,19903.989,19264.2456,18925.9777,19347.452,19219.9989,19646.5376,19215.9573,19365.2105,18367.3188,17726.2558,19139.6313,18447.184,18121.1764,18244.7327
South Africa,All sectors with LULUCF,Emissions (CO2eq) (AR5),kilotonnes,573468.4686,540007.8398,529818.7424,579463.8172,629822.1332,609265.9902,640956.2318,663052.8045,691562.7075,690423.2053,641230.9022,644115.0585,632890.9679,629489.9592,657552.181,624467.1929,630695.9928,638167.3363,619460.9451,634115.5982,596387.0392
South Africa,All sectors without LULUCF,Emissions (CH4),kilotonnes,2798.8561,2792.6453,2795.8121,2866.4845,2898.6337,2955.1848,2952.0561,2989.4067,3043.8995,3028.5715,3044.8603,3052.8696,3118.4902,3123.5512,3162.2643,3114.5121,3110.3598,3118.3246,3119.3208,3145.7066,3158.798
South Africa,All sectors without LULUCF,Emissions (N2O),kilotonnes,73.6113,73.649,78.8676,75.8167,75.9852,76.4321,72.6226,74.4262,72.2964,71.2147,72.7307,72.3248,73.886,72.2921,72.7513,69.1394,66.645,71.8553,68.7178,68.0047,68.5217
South Africa,All sectors without LULUCF,Emissions (CO2),kilotonnes,467400,434600,422800,470800,520200,497600,530500,550700,578400,578000,527800,530600,517000,513800,540500,509700,516300,522000,503700,518000,479700
South Africa,All sectors without LULUCF,Emissions (CO2eq) from F-gases (AR5),kilotonnes,1146.6704,1175.823,1253.5634,1535.3722,1720.0056,1807.4635,1953.2267,2021.2495,2030.9671,2118.425,2225.318,2341.9285,2439.104,2536.2795,2633.4549,2730.6304,2827.8058,2924.9813,3022.1568,3129.0498,3226.2252
South Africa,All sectors without LULUCF,Emissions (CO2eq) from CH4 (AR5),kilotonnes,78367.9703,78194.0696,78282.738,80261.5663,81161.7443,82745.1751,82657.5699,83703.3865,85229.185,84800.0008,85256.0872,85480.3497,87317.7269,87459.434,88543.3996,87206.3392,87090.0756,87313.0888,87340.9831,88079.7845,88446.343
South Africa,All sectors without LULUCF,Emissions (CO2eq) from N2O (AR5),kilotonnes,19507.0032,19516.9975,20899.923,20091.4207,20136.0854,20254.5077,19244.9779,19722.9328,19158.5367,18871.9045,19273.6257,19166.0615,19579.7955,19157.4182,19279.0843,18321.9322,17660.9156,19041.6447,18210.2297,18021.2397,18158.2587
South Africa,All sectors without LULUCF,Emissions (CO2eq) (AR5),kilotonnes,566421.6439,533486.8902,523236.2243,572688.3592,623217.8353,602407.1464,634355.7745,656147.5688,684818.6888,683790.3303,634555.0309,637588.3398,626336.6263,622953.1317,650955.9388,617958.9018,623878.797,631279.7148,612273.3695,627230.0739,589530.827
South Sudan,Crop Residues,Direct emissions (N2O),kilotonnes,,,,,,,,,,,,,0.2439,0.258,0.2787,0.1966,0.1698,0.18,0.1755,0.1926,0.2047
South Sudan,Crop Residues,Indirect emissions (N2O),kilotonnes,,,,,,,,,,,,,0.0549,0.058,0.0627,0.0442,0.0382,0.0405,0.0395,0.0433,0.0461
South Sudan,Crop Residues,Emissions (N2O),kilotonnes,,,,,,,,,,,,,0.2987,0.316,0.3414,0.2408,0.208,0.2206,0.215,0.2359,0.2508
South Sudan,Crop Residues,Emissions (CO2eq) from N2O (AR5),kilotonnes,,,,,,,,,,,,,79.1629,83.7528,90.4631,63.819,55.1242,58.4479,56.9873,62.5103,66.4527
South Sudan,Crop Residues,Emissions (CO2eq) (AR5),kilotonnes,,,,,,,,,,,,,79.1629,83.7528,90.4631,63.819,55.1242,58.4479,56.9873,62.5103,66.4527
South Sudan,Rice Cultivation,Emissions (CH4),kilotonnes,,,,,,,,,,,,,3,3,3,3,,,,,
South Sudan,Rice Cultivation,Emissions (CO2eq) from CH4 (AR5),kilotonnes,,,,,,,,,,,,,84,84,84,84,,,,,
South Sudan,Rice Cultivation,Emissions (CO2eq) (AR5),kilotonnes,,,,,,,,,,,,,84,84,84,84,,,,,
South Sudan,Burning - Crop residues,Emissions (CH4),kilotonnes,,,,,,,,,,,,,0.7722,0.8694,0.7506,0.3596,0.3404,0.2927,0.2863,0.3277,0.4167
South Sudan,Burning - Crop residues,Emissions (CH4),kilotonnes,,,,,,,,,,,,,0.53,0.61,0.86,0.86,,,,,
South Sudan,Burning - Crop residues,Emissions (N2O),kilotonnes,,,,,,,,,,,,,0.02,0.0225,0.0195,0.0093,0.0088,0.0076,0.0074,0.0085,0.0108
South Sudan,Burning - Crop residues,Emissions (N2O),kilotonnes,,,,,,,,,,,,,0.018,0.02,0.028,0.028,,,,,
South Sudan,Burning - Crop residues,Emissions (CO2eq) from CH4 (AR5),kilotonnes,,,,,,,,,,,,,21.6216,24.3432,21.0168,10.0691,9.5308,8.1947,8.0165,9.1745,11.6686
South Sudan,Burning - Crop residues,Emissions (CO2eq) from CH4 (AR5),kilotonnes,,,,,,,,,,,,,14.84,17.08,24.08,24.08,,,,,
South Sudan,Burning - Crop residues,Emissions (CO2eq) from N2O (AR5),kilotonnes,,,,,,,,,,,,,5.3053,5.9731,5.1569,2.4707,2.3386,2.0107,1.967,2.2512,2.8631
South Sudan,Burning - Crop residues,Emissions (CO2eq) from N2O (AR5),kilotonnes,,,,,,,,,,,,,4.77,5.3,7.42,7.42,,,,,
South Sudan,Burning - Crop residues,Emissions (CO2eq) (AR5),kilotonnes,,,,,,,,,,,,,26.9269,30.3163,26.1737,12.5397,11.8694,10.2055,9.9836,11.4257,14.5317
South Sudan,Burning - Crop residues,Emissions (CO2eq) (AR5),kilotonnes,,,,,,,,,,,,,19.61,22.38,31.5,31.5,,,,,
South Sudan,Enteric Fermentation,Emissions (CH4),kilotonnes,,,,,,,,,,,,,624.002,626.215,631.707,632.6014,631.2004,637.1129,695.7381,709.3991,719.8899
South Sudan,Enteric Fermentation,Emissions (CH4),kilotonnes,,,,,,,,,,,,,502,503,507,507,,,,,
South Sudan,Enteric Fermentation,Emissions (CO2eq) from CH4 (AR5),kilotonnes,,,,,,,,,,,,,17472.056,17534.02,17687.796,17712.8406,17673.6106,17839.1622,19480.6675,19863.1738,20156.9161
South Sudan,Enteric Fermentation,Emissions (CO2eq) from CH4 (AR5),kilotonnes,,,,,,,,,,,,,14056,14084,14196,14196,,,,,
South Sudan,Enteric Fermentation,Emissions (CO2eq) (AR5),kilotonnes,,,,,,,,,,,,,17472.056,17534.02,17687.796,17712.8406,17673.6106,17839.1622,19480.6675,19863.1738,20156.9161
South Sudan,Enteric Fermentation,Emissions (CO2eq) (AR5),kilotonnes,,,,,,,,,,,,,14056,14084,14196,14196,,,,,
South Sudan,Manure Management,Emissions (CH4),kilotonnes,,,,,,,,,,,,,18.527,18.63,18.844,18.899,18.8199,19.1041,20.6451,21.0413,21.3475
South Sudan,Manure Management,Emissions (CH4),kilotonnes,,,,,,,,,,,,,18,18.1,18.3,18.3,,,,,
South Sudan,Manure Management,Emissions (N2O),kilotonnes,,,,,,,,,,,,,0.362,0.3633,0.3666,0.3658,0.3659,0.3644,0.3967,0.4041,0.41
South Sudan,Manure Management,Emissions (CO2eq) from CH4 (AR5),kilotonnes,,,,,,,,,,,,,518.756,521.64,527.632,529.173,526.9575,534.916,578.0637,589.1555,597.73
South Sudan,Manure Management,Emissions (CO2eq) from CH4 (AR5),kilotonnes,,,,,,,,,,,,,504,506.8,512.4,512.4,,,,,
South Sudan,Manure Management,Emissions (CO2eq) from N2O (AR5),kilotonnes,,,,,,,,,,,,,95.9255,96.2754,97.1494,96.9246,96.951,96.5582,105.1133,107.0964,108.6404
South Sudan,Manure Management,Emissions (CO2eq) (AR5),kilotonnes,,,,,,,,,,,,,614.6815,617.9154,624.7814,626.0976,623.9085,631.4743,683.177,696.2519,706.3704
South Sudan,Manure Management,Emissions (CO2eq) (AR5),kilotonnes,,,,,,,,,,,,,504,506.8,512.4,512.4,,,,,
South Sudan,Manure left on Pasture,Direct emissions (N2O),kilotonnes,,,,,,,,,,,,,23.6226,23.7082,23.9139,23.977,23.9063,24.241,26.4317,26.9482,27.3459
South Sudan,Manure left on Pasture,Indirect emissions (N2O),kilotonnes,,,,,,,,,,,,,6.3316,6.3656,6.4396,6.4644,6.4317,6.572,7.0548,7.1926,7.2989
South Sudan,Manure left on Pasture,Emissions (N2O),kilotonnes,,,,,,,,,,,,,29.9541,30.0738,30.3535,30.4414,30.338,30.813,33.4865,34.1408,34.6448
South Sudan,Manure left on Pasture,Emissions (CO2eq) from N2O (AR5),kilotonnes,,,,,,,,,,,,,7937.8489,7969.5493,8043.6815,8066.9626,8039.5691,8165.4489,8873.9292,9047.3153,9180.8719
South Sudan,Manure left on Pasture,Emissions (CO2eq) (AR5),kilotonnes,,,,,,,,,,,,,7937.8489,7969.5493,8043.6815,8066.9626,8039.5691,8165.4489,8873.9292,9047.3153,9180.8719
South Sudan,Manure applied to Soils,Direct emissions (N2O),kilotonnes,,,,,,,,,,,,,0.7861,0.7878,0.7912,0.7927,0.7916,0.7987,0.8708,0.8869,0.8994
South Sudan,Manure applied to Soils,Indirect emissions (N2O),kilotonnes,,,,,,,,,,,,,0.3341,0.3348,0.3362,0.3369,0.3364,0.3394,0.3701,0.3769,0.3822
South Sudan,Manure applied to Soils,Emissions (N2O),kilotonnes,,,,,,,,,,,,,1.1201,1.1226,1.1274,1.1295,1.1281,1.1381,1.2409,1.2638,1.2816
South Sudan,Manure applied to Soils,Emissions (CO2eq) from N2O (AR5),kilotonnes,,,,,,,,,,,,,296.8346,297.5002,298.7645,299.3296,298.9383,301.5991,328.8411,334.9003,339.6294
South Sudan,Manure applied to Soils,Emissions (CO2eq) (AR5),kilotonnes,,,,,,,,,,,,,296.8346,297.5002,298.7645,299.3296,298.9383,301.5991,328.8411,334.9003,339.6294
South Sudan,Drained organic soils,Emissions (CO2eq) (AR5),kilotonnes,,,,,,,,,,,,,10202.8228,10188.6105,10157.6951,10157.6951,10149.169,10102.0577,10069.6508,9888.4441,9870.9251
South Sudan,Drained organic soils (CO2),Emissions (CO2),kilotonnes,,,,,,,,,,,,,9660.6004,9647.1818,9617.9653,9617.9653,9609.7949,9565.0209,9534.2247,9362.958,9346.4146
South Sudan,Drained organic soils (CO2),Emissions (CO2eq) (AR5),kilotonnes,,,,,,,,,,,,,9660.6004,9647.1818,9617.9653,9617.9653,9609.7949,9565.0209,9534.2247,9362.958,9346.4146
South Sudan,Drained organic soils (N2O),Emissions (N2O),kilotonnes,,,,,,,,,,,,,2.0461,2.0431,2.0367,2.0367,2.0354,2.0266,2.0205,1.983,1.9793
South Sudan,Drained organic soils (N2O),Emissions (CO2eq) from N2O (AR5),kilotonnes,,,,,,,,,,,,,542.2224,541.4287,539.7298,539.7298,539.3742,537.0368,535.4261,525.4861,524.5105
South Sudan,Drained organic soils (N2O),Emissions (CO2eq) (AR5),kilotonnes,,,,,,,,,,,,,542.2224,541.4287,539.7298,539.7298,539.3742,537.0368,535.4261,525.4861,524.5105
South Sudan,On-farm energy use,Emissions (CH4),kilotonnes,,,,,,,,,,,,,0.0087,0.0078,0.0081,0.0118,0.0109,0.0072,0.0065,0.0061,0.0061
South Sudan,On-farm energy use,Emissions (N2O),kilotonnes,,,,,,,,,,,,,0.0186,0.0149,0.0149,0.0322,0.026,0.0247,0.0198,0.0207,0.0207
South Sudan,On-farm energy use,Emissions (CO2),kilotonnes,,,,,,,,,,,,,53.6866,43.5859,43.7941,89.9021,73.741,67.4848,54.7396,56.9286,56.9286
South Sudan,On-farm energy use,Emissions (CO2eq) from CH4 (AR5),kilotonnes,,,,,,,,,,,,,0.2447,0.2191,0.2258,0.3304,0.3049,0.2007,0.1807,0.1717,0.1717
South Sudan,On-farm energy use,Emissions (CO2eq) from N2O (AR5),kilotonnes,,,,,,,,,,,,,4.9285,3.9484,3.95,8.5207,6.8911,6.5417,5.2381,5.4958,5.4958
South Sudan,On-farm energy use,Emissions (CO2eq) (AR5),kilotonnes,,,,,,,,,,,,,58.8598,47.7534,47.9698,98.7532,80.937,74.2272,60.1584,62.5961,62.5961
South Sudan,Forestland,Emissions (CO2),kilotonnes,,,,,,,,,,,,,-331.125,-331.125,-331.125,-331.125,2062.3309,2062.3309,2062.3309,2062.3309,2062.3309
South Sudan,Forestland,Emissions (CO2eq) (AR5),kilotonnes,,,,,,,,,,,,,-331.125,-331.125,-331.125,-331.125,2062.3309,2062.3309,2062.3309,2062.3309,2062.3309
South Sudan,Net Forest conversion,Emissions (CO2),kilotonnes,,,,,,,,,,,,,0,0,0,0,0,0,0,0,0
South Sudan,Net Forest conversion,Emissions (CO2eq) (AR5),kilotonnes,,,,,,,,,,,,,0,0,0,0,0,0,0,0,0
South Sudan,Savanna fires,Emissions (CH4),kilotonnes,,,,,,,,,,,,,387.2306,363.7828,371.3348,379.6658,402.5006,359.1266,405.4619,247.027,372.0759
South Sudan,Savanna fires,Emissions (N2O),kilotonnes,,,,,,,,,,,,,35.3558,33.215,33.9045,34.6651,36.7501,32.7898,37.0204,22.5546,33.9722
South Sudan,Savanna fires,Emissions (CO2eq) from CH4 (AR5),kilotonnes,,,,,,,,,,,,,10842.457,10185.918,10397.3739,10630.6421,11270.0158,10055.5454,11352.9326,6916.7549,10418.1263
South Sudan,Savanna fires,Emissions (CO2eq) from N2O (AR5),kilotonnes,,,,,,,,,,,,,9369.2971,8801.9618,8984.6873,9186.2614,9738.7637,8689.3028,9810.4146,5976.9784,9002.62
South Sudan,Savanna fires,Emissions (CO2eq) (AR5),kilotonnes,,,,,,,,,,,,,20211.7541,18987.8798,19382.0612,19816.9035,21008.7795,18744.8483,21163.3472,12893.7333,19420.7463
South Sudan,Fires in organic soils,Emissions (CH4),kilotonnes,,,,,,,,,,,,,0,0,0,0,0,0,0,0,0
South Sudan,Fires in organic soils,Emissions (CO2),kilotonnes,,,,,,,,,,,,,0,0,0,0,0,0,0,0,0
South Sudan,Fires in organic soils,Emissions (CO2eq) from CH4 (AR5),kilotonnes,,,,,,,,,,,,,0,0,0,0,0,0,0,0,0
South Sudan,Fires in organic soils,Emissions (CO2eq) (AR5),kilotonnes,,,,,,,,,,,,,0,0,0,0,0,0,0,0,0
South Sudan,Forest fires,Emissions (CH4),kilotonnes,,,,,,,,,,,,,24.7973,31.8681,28.6445,19.2537,29.3464,21.6303,22.6254,16.2935,60.2811
South Sudan,Forest fires,Emissions (N2O),kilotonnes,,,,,,,,,,,,,2.2641,2.9097,2.6154,1.7579,2.6794,1.9749,2.0658,1.4877,5.5039
South Sudan,Forest fires,Emissions (CO2eq) from CH4 (AR5),kilotonnes,,,,,,,,,,,,,694.3252,892.3074,802.045,539.1045,821.6979,605.6495,633.5123,456.2179,1687.8708
South Sudan,Forest fires,Emissions (CO2eq) from N2O (AR5),kilotonnes,,,,,,,,,,,,,599.9876,771.07,693.0715,465.8566,710.0542,523.3602,547.4373,394.2318,1458.5405
South Sudan,Forest fires,Emissions (CO2eq) (AR5),kilotonnes,,,,,,,,,,,,,1294.3128,1663.3774,1495.1164,1004.9611,1531.7521,1129.0097,1180.9496,850.4497,3146.4113
South Sudan,Fires in humid tropical forests,Emissions (CH4),kilotonnes,,,,,,,,,,,,,24.1234,31.7269,28.2059,18.7012,28.831,21.0307,22.172,15.2603,59.0446
South Sudan,Fires in humid tropical forests,Emissions (N2O),kilotonnes,,,,,,,,,,,,,2.2026,2.8968,2.5753,1.7075,2.6324,1.9202,2.0244,1.3933,5.391
South Sudan,Fires in humid tropical forests,Emissions (CO2eq) from CH4 (AR5),kilotonnes,,,,,,,,,,,,,675.4561,888.3528,789.7657,523.6344,807.2682,588.8609,620.8172,427.2881,1653.2482
South Sudan,Fires in humid tropical forests,Emissions (CO2eq) from N2O (AR5),kilotonnes,,,,,,,,,,,,,583.6821,767.6527,682.4606,452.4884,697.585,508.8526,536.467,369.2326,1428.6221
South Sudan,Fires in humid tropical forests,Emissions (CO2eq) (AR5),kilotonnes,,,,,,,,,,,,,1259.1382,1656.0056,1472.2263,976.1227,1504.8532,1097.7135,1157.2842,796.5207,3081.8703
South Sudan,Waste - agri-food systems,Emissions (CH4),kilotonnes,,,,,,,,,,,,,12.779,13.0672,13.3044,13.467,12.8773,12.9703,13.0477,13.1502,13.3066
South Sudan,Waste - agri-food systems,Emissions (N2O),kilotonnes,,,,,,,,,,,,,0.0023,0.0023,0.0022,0.0022,0,0,0,0,0
South Sudan,Waste - agri-food systems,Emissions (CO2),kilotonnes,,,,,,,,,,,,,0,0,0,0,0,0,0,0,0
South Sudan,Waste - agri-food systems,Emissions (CO2eq) from CH4 (AR5),kilotonnes,,,,,,,,,,,,,357.8117,365.8807,372.5218,377.0772,360.5632,363.1679,365.3365,368.2053,372.5862
South Sudan,Waste - agri-food systems,Emissions (CO2eq) from N2O (AR5),kilotonnes,,,,,,,,,,,,,0.6093,0.6014,0.5936,0.5857,0,0,0,0,0
South Sudan,Waste - agri-food systems,Emissions (CO2eq) (AR5),kilotonnes,,,,,,,,,,,,,358.4209,366.4821,373.1154,377.663,360.5632,363.1679,365.3365,368.2053,372.5862
South Sudan,On-farm electricity use,Emissions (CH4),kilotonnes,,,,,,,,,,,,,0,0,0,0,0,0,0,0,0
South Sudan,On-farm electricity use,Emissions (N2O),kilotonnes,,,,,,,,,,,,,0,0,0,0,0,0,0,0,0
South Sudan,On-farm electricity use,Emissions (CO2),kilotonnes,,,,,,,,,,,,,0,0,0,0,0,0,0,0,0
South Sudan,On-farm electricity use,Emissions (CO2eq) from CH4 (AR5),kilotonnes,,,,,,,,,,,,,0,0,0,0,0,0,0,0,0
South Sudan,On-farm electricity use,Emissions (CO2eq) from N2O (AR5),kilotonnes,,,,,,,,,,,,,0,0,0,0,0,0,0,0,0
South Sudan,On-farm electricity use,Emissions (CO2eq) (AR5),kilotonnes,,,,,,,,,,,,,0,0,0,0,0,0,0,0,0
South Sudan,Food Processing,Emissions (CH4),kilotonnes,,,,,,,,,,,,,0.1064,1.4715,1.6101,1.7027,1.7703,1.8474,1.9039,2.0881,2.0816
South Sudan,Food Processing,Emissions (N2O),kilotonnes,,,,,,,,,,,,,0.0017,0.0029,0.0029,0.0029,0.003,0.0032,0.0032,0.0032,0.0032
South Sudan,Food Processing,Emissions (CO2),kilotonnes,,,,,,,,,,,,,16.6575,40.0278,41.2611,52.1816,44.9381,42.1925,45.849,44.7103,40.6457
South Sudan,Food Processing,Emissions (CO2eq) from CH4 (AR5),kilotonnes,,,,,,,,,,,,,2.9792,41.202,45.0828,47.6756,49.5684,51.7272,53.3092,58.4668,58.2844
South Sudan,Food Processing,Emissions (CO2eq) from N2O (AR5),kilotonnes,,,,,,,,,,,,,0.4505,0.7685,0.7685,0.7685,0.795,0.848,0.848,0.848,0.8552
South Sudan,Food Processing,Emissions (CO2eq) (AR5),kilotonnes,,,,,,,,,,,,,20.0872,81.9983,87.1124,100.6257,95.3015,94.7677,100.0062,104.0251,99.7853
South Sudan,Food Packaging,Emissions (CH4),kilotonnes,,,,,,,,,,,,,0.0318,0.0776,0.0873,0.0937,0.0995,0.1017,0.1091,0.1276,0.1272
South Sudan,Food Packaging,Emissions (N2O),kilotonnes,,,,,,,,,,,,,0.0001,0.0002,0.0002,0.0002,0.0002,0.0002,0.0002,0.0002,0.0002
South Sudan,Food Packaging,Emissions (CO2),kilotonnes,,,,,,,,,,,,,2.3171,3.4142,3.7983,5.1547,4.5744,4.0526,4.6667,5.2971,4.8155
South Sudan,Food Packaging,Emissions (CO2eq) from CH4 (AR5),kilotonnes,,,,,,,,,,,,,0.8904,2.1728,2.4444,2.6236,2.786,2.8476,3.0548,3.5728,3.5617
South Sudan,Food Packaging,Emissions (CO2eq) from N2O (AR5),kilotonnes,,,,,,,,,,,,,0.0265,0.053,0.053,0.053,0.053,0.053,0.053,0.053,0.0535
South Sudan,Food Packaging,Emissions (CO2eq) (AR5),kilotonnes,,,,,,,,,,,,,3.234,5.64,6.2957,7.8313,7.4134,6.9532,7.7745,8.9229,8.4306
South Sudan,Food Retail,Emissions (CH4),kilotonnes,,,,,,,,,,,,,0.0223,0.025,0.0259,0.0361,0.0279,0.0032,0.0032,0.0064,0.0064
South Sudan,Food Retail,Emissions (N2O),kilotonnes,,,,,,,,,,,,,0.0001,0.0001,0.0001,0.0002,0.0001,0,0,0,0
South Sudan,Food Retail,Emissions (CO2),kilotonnes,,,,,,,,,,,,,10.1189,12.7599,13.1881,18.412,14.2158,2.9165,2.9165,4.8945,4.4495
South Sudan,Food Retail,Emissions (CO2eq) from CH4 (AR5),kilotonnes,,,,,,,,,,,,,0.6244,0.7,0.7252,1.0108,0.7812,0.0896,0.0896,0.1792,0.1786
South Sudan,Food Retail,Emissions (CO2eq) from N2O (AR5),kilotonnes,,,,,,,,,,,,,0.0265,0.0265,0.0265,0.053,0.0265,0,0,0,0
South Sudan,Food Retail,Emissions (CO2eq) (AR5),kilotonnes,,,,,,,,,,,,,10.7698,13.4864,13.9398,19.4758,15.0235,3.0061,3.0061,5.0737,4.6282
South Sudan,Food Household Consumption,Emissions (CH4),kilotonnes,,,,,,,,,,,,,0.0832,0.0906,0.0938,0.1094,0.0846,0.1008,0.1017,0.1017,0.1014
South Sudan,Food Household Consumption,Emissions (N2O),kilotonnes,,,,,,,,,,,,,0.0005,0.0005,0.0005,0.0006,0.0005,0.0006,0.0006,0.0006,0.0006
South Sudan,Food Household Consumption,Emissions (CO2),kilotonnes,,,,,,,,,,,,,42.1716,50.6582,52.3149,62.4978,47.5817,55.8647,56.3381,56.3381,51.2165
South Sudan,Food Household Consumption,Emissions (CO2eq) from CH4 (AR5),kilotonnes,,,,,,,,,,,,,2.3296,2.5368,2.6264,3.0632,2.3688,2.8224,2.8476,2.8476,2.8387
South Sudan,Food Household Consumption,Emissions (CO2eq) from N2O (AR5),kilotonnes,,,,,,,,,,,,,0.1325,0.1325,0.1325,0.159,0.1325,0.159,0.159,0.159,0.1604
South Sudan,Food Household Consumption,Emissions (CO2eq) (AR5),kilotonnes,,,,,,,,,,,,,44.6337,53.3275,55.0738,65.72,50.083,58.8461,59.3447,59.3447,54.2155
South Sudan,Energy,Emissions (CH4),kilotonnes,,,,,,,,,,,,,58.9,63.2,66.1,65.5,63.8,62.6,62.6,64.1,63.9
South Sudan,Energy,Emissions (N2O),kilotonnes,,,,,,,,,,,,,0.329,0.331,0.334,0.344,0.348,0.344,0.34,0.352,0.355
South Sudan,Energy,Emissions (CO2),kilotonnes,,,,,,,,,,,,,1490,1640,1740,2180,1900,1680,1740,1760,1600
South Sudan,Energy,Emissions (CO2eq) from CH4 (AR5),kilotonnes,,,,,,,,,,,,,1649.2,1769.6,1850.8,1834,1786.4,1752.8,1752.8,1794.8,1789.2
South Sudan,Energy,Emissions (CO2eq) from N2O (AR5),kilotonnes,,,,,,,,,,,,,87.185,87.715,88.51,91.16,92.22,91.16,90.1,93.28,94.075
South Sudan,Energy,Emissions (CO2eq) (AR5),kilotonnes,,,,,,,,,,,,,3226.385,3497.315,3679.31,4105.16,3778.62,3523.96,3582.9,3648.08,3483.275
South Sudan,IPPU,Emissions (N2O),kilotonnes,,,,,,,,,,,,,0.0001,0.0001,0.0001,0.0001,0.0001,0.0001,0.0001,0.0001,0.0001
South Sudan,IPPU,Emissions (CO2),kilotonnes,,,,,,,,,,,,,41.9,42.1,42.4,42.5,42.5,42.6,42.4,44,44.4
South Sudan,IPPU,Emissions (CO2eq) from N2O (AR5),kilotonnes,,,,,,,,,,,,,0.0297,0.0305,0.0313,0.0318,0.0323,0.0326,0.0331,0.0352,0.036
South Sudan,IPPU,Emissions (CO2eq) (AR5),kilotonnes,,,,,,,,,,,,,41.9297,42.1305,42.4313,42.5318,42.5323,42.6326,42.4331,44.0352,44.436
South Sudan,Waste,Emissions (CH4),kilotonnes,,,,,,,,,,,,,77.6,79.8,81.7,83.5,85.4,86.8,87.5,93.4,95.9
South Sudan,Waste,Emissions (N2O),kilotonnes,,,,,,,,,,,,,0.15,0.456,0.468,0.475,0.477,0.479,0.48,0.503,0.528
South Sudan,Waste,Emissions (CO2eq) from CH4 (AR5),kilotonnes,,,,,,,,,,,,,2172.8,2234.4,2287.6,2338,2391.2,2430.4,2450,2615.2,2685.2
South Sudan,Waste,Emissions (CO2eq) from N2O (AR5),kilotonnes,,,,,,,,,,,,,39.75,120.84,124.02,125.875,126.405,126.935,127.2,133.295,139.92
South Sudan,Waste,Emissions (CO2eq) (AR5),kilotonnes,,,,,,,,,,,,,2212.55,2355.24,2411.62,2463.875,2517.605,2557.335,2577.2,2748.495,2825.12
South Sudan,Other,Emissions (N2O),kilotonnes,,,,,,,,,,,,,0.352,0.354,0.363,0.391,0.413,0.407,0.401,0.423,0.433
South Sudan,Other,Emissions (CO2eq) from N2O (AR5),kilotonnes,,,,,,,,,,,,,93.28,93.81,96.195,103.615,109.445,107.855,106.265,112.095,114.745
South Sudan,Other,Emissions (CO2eq) (AR5),kilotonnes,,,,,,,,,,,,,93.28,93.81,96.195,103.615,109.445,107.855,106.265,112.095,114.745
South Sudan,Farm-gate emissions,Emissions (CH4),kilotonnes,,,,,,,,,,,,,1030.5405,1009.505,1022.6444,1031.5377,1052.8721,1015.6435,1122.1379,977.8011,1113.7362
South Sudan,Farm-gate emissions,Direct emissions (N2O),kilotonnes,,,,,,,,,,,,,24.6525,24.754,24.9837,24.9663,24.8678,25.2198,27.4781,28.0276,28.45
South Sudan,Farm-gate emissions,Indirect emissions (N2O),kilotonnes,,,,,,,,,,,,,6.7205,6.7584,6.8386,6.8455,6.8063,6.9519,7.4644,7.6129,7.7272
South Sudan,Farm-gate emissions,Emissions (N2O),kilotonnes,,,,,,,,,,,,,69.1756,67.1713,68.1645,68.9208,70.8602,67.3847,74.4072,60.6114,72.5701
South Sudan,Farm-gate emissions,Emissions (CO2),kilotonnes,,,,,,,,,,,,,9714.287,9690.7678,9661.7594,9707.8674,9683.5359,9632.5056,9588.9642,9419.8866,9403.3432
South Sudan,Farm-gate emissions,Emissions (CO2eq) from CH4 (AR5),kilotonnes,,,,,,,,,,,,,28855.1353,28266.1403,28634.0445,28883.0552,29480.4197,28438.0191,31419.8611,27378.4303,31184.6126
South Sudan,Farm-gate emissions,Emissions (CO2eq) from N2O (AR5),kilotonnes,,,,,,,,,,,,,18331.5253,17800.3895,18063.5825,18264.0183,18777.9501,17856.9463,19717.9167,16062.0338,19231.0838
South Sudan,Farm-gate emissions,Emissions (CO2eq) (AR5),kilotonnes,,,,,,,,,,,,,56900.9476,55757.2976,56359.3863,56854.9409,57941.9058,55927.471,60726.742,52860.3507,59819.0397
South Sudan,Land Use change,Emissions (CH4),kilotonnes,,,,,,,,,,,,,24.1234,31.7269,28.2059,18.7012,28.831,21.0307,22.172,15.2603,59.0446
South Sudan,Land Use change,Emissions (N2O),kilotonnes,,,,,,,,,,,,,2.2026,2.8968,2.5753,1.7075,2.6324,1.9202,2.0244,1.3933,5.391
South Sudan,Land Use change,Emissions (CO2),kilotonnes,,,,,,,,,,,,,0,0,0,0,0,0,0,0,0
South Sudan,Land Use change,Emissions (CO2eq) from CH4 (AR5),kilotonnes,,,,,,,,,,,,,675.4561,888.3528,789.7657,523.6344,807.2682,588.8609,620.8172,427.2881,1653.2482
South Sudan,Land Use change,Emissions (CO2eq) from N2O (AR5),kilotonnes,,,,,,,,,,,,,583.6821,767.6527,682.4606,452.4884,697.585,508.8526,536.467,369.2326,1428.6221
South Sudan,Land Use change,Emissions (CO2eq) (AR5),kilotonnes,,,,,,,,,,,,,1259.1382,1656.0056,1472.2263,976.1227,1504.8532,1097.7135,1157.2842,796.5207,3081.8703
South Sudan,Emissions on agricultural land,Emissions (CH4),kilotonnes,,,,,,,,,,,,,1054.664,1041.2319,1050.8504,1050.2389,1081.7031,1036.6743,1144.3099,993.0614,1172.7807
South Sudan,Emissions on agricultural land,Emissions (N2O),kilotonnes,,,,,,,,,,,,,71.3781,70.0681,70.7398,70.6283,73.4926,69.3049,76.4316,62.0048,77.9612
South Sudan,Emissions on agricultural land,Emissions (CO2),kilotonnes,,,,,,,,,,,,,9714.287,9690.7678,9661.7594,9707.8674,9683.5359,9632.5056,9588.9642,9419.8866,9403.3432
South Sudan,Emissions on agricultural land,Emissions (CO2eq) from CH4 (AR5),kilotonnes,,,,,,,,,,,,,29530.5914,29154.4932,29423.8102,29406.6896,30287.6879,29026.8799,32040.6783,27805.7184,32837.8608
South Sudan,Emissions on agricultural land,Emissions (CO2eq) from N2O (AR5),kilotonnes,,,,,,,,,,,,,18915.2074,18568.0423,18746.043,18716.5066,19475.5351,18365.7989,20254.3837,16431.2664,20659.7059
South Sudan,Emissions on agricultural land,Emissions (CO2eq) (AR5),kilotonnes,,,,,,,,,,,,,58160.0858,57413.3032,57831.6126,57831.0636,59446.7589,57025.1844,61884.0262,53656.8714,62900.91
South Sudan,Pre- and post- production,Emissions (CH4),kilotonnes,,,,,,,,,,,,,13.0227,14.7319,15.1215,15.4089,14.8596,15.0234,15.1656,15.474,15.6232
South Sudan,Pre- and post- production,Emissions (N2O),kilotonnes,,,,,,,,,,,,,0.0047,0.006,0.0059,0.0061,0.0038,0.004,0.004,0.004,0.004
South Sudan,Pre- and post- production,Emissions (CO2),kilotonnes,,,,,,,,,,,,,71.2651,106.8601,110.5624,138.2461,111.31,105.0263,109.7703,111.24,101.1273
South Sudan,Pre- and post- production,Emissions (CO2eq) from CH4 (AR5),kilotonnes,,,,,,,,,,,,,364.6353,412.4923,423.4006,431.4504,416.0676,420.6547,424.6377,433.2717,437.4496
South Sudan,Pre- and post- production,Emissions (CO2eq) from N2O (AR5),kilotonnes,,,,,,,,,,,,,1.2453,1.5819,1.5741,1.6192,1.007,1.06,1.06,1.06,1.069
South Sudan,Pre- and post- production,Emissions (CO2eq) (AR5),kilotonnes,,,,,,,,,,,,,437.1456,520.9343,535.5371,571.3158,528.3846,526.741,535.468,545.5717,539.6459
South Sudan,Agri-food systems,Emissions (CH4),kilotonnes,,,,,,,,,,,,,1067.6867,1055.9638,1065.9718,1065.6479,1096.5627,1051.6977,1159.4756,1008.5354,1188.4039
South Sudan,Agri-food systems,Emissions (N2O),kilotonnes,,,,,,,,,,,,,71.3828,70.0741,70.7457,70.6344,73.4964,69.3089,76.4356,62.0088,77.9652
South Sudan,Agri-food systems,Emissions (CO2),kilotonnes,,,,,,,,,,,,,9785.5521,9797.6279,9772.3218,9846.1135,9794.8459,9737.5319,9698.7345,9531.1266,9504.4705
South Sudan,Agri-food systems,Emissions (CO2eq) from CH4 (AR5),kilotonnes,,,,,,,,,,,,,29895.2266,29566.9854,29847.2109,29838.14,30703.7556,29447.5347,32465.3159,28238.9901,33275.3104
South Sudan,Agri-food systems,Emissions (CO2eq) from N2O (AR5),kilotonnes,,,,,,,,,,,,,18916.4527,18569.6242,18747.6171,18718.1259,19476.5421,18366.8589,20255.4437,16432.3264,20660.7749
South Sudan,Agri-food systems,Emissions (CO2eq) (AR5),kilotonnes,,,,,,,,,,,,,58597.2314,57934.2375,58367.1497,58402.3794,59975.1436,57551.9255,62419.4942,54202.4431,63440.5558
South Sudan,IPCC Agriculture,Emissions (CH4),kilotonnes,,,,,,,,,,,,,1030.5318,1009.4972,1022.6364,1031.5259,1052.8612,1015.6364,1122.1314,977.795,1113.73
South Sudan,IPCC Agriculture,Emissions (CH4),kilotonnes,,,,,,,,,,,,,550,552,556,556,,,,,
South Sudan,IPCC Agriculture,Direct emissions (N2O),kilotonnes,,,,,,,,,,,,,24.6525,24.754,24.9837,24.9663,24.8678,25.2198,27.4781,28.0276,28.45
South Sudan,IPCC Agriculture,Indirect emissions (N2O),kilotonnes,,,,,,,,,,,,,6.7205,6.7584,6.8386,6.8455,6.8063,6.9519,7.4644,7.6129,7.7272
South Sudan,IPCC Agriculture,Emissions (N2O),kilotonnes,,,,,,,,,,,,,69.157,67.1564,68.1496,68.8887,70.8342,67.36,74.3875,60.5907,72.5494
South Sudan,IPCC Agriculture,Emissions (N2O),kilotonnes,,,,,,,,,,,,,48.3,48.5,48.9,48.9,,,,,
South Sudan,IPCC Agriculture,Emissions (CO2eq) from CH4 (AR5),kilotonnes,,,,,,,,,,,,,28854.8906,28265.9212,28633.8187,28882.7248,29480.1148,28437.8184,31419.6804,27378.2587,31184.441
South Sudan,IPCC Agriculture,Emissions (CO2eq) from CH4 (AR5),kilotonnes,,,,,,,,,,,,,15400,15456,15568,15568,,,,,
South Sudan,IPCC Agriculture,Emissions (CO2eq) from N2O (AR5),kilotonnes,,,,,,,,,,,,,18326.5967,17796.4412,18059.6325,18255.4976,18771.059,17850.4046,19712.6786,16056.538,19225.5881
South Sudan,IPCC Agriculture,Emissions (CO2eq) from N2O (AR5),kilotonnes,,,,,,,,,,,,,12799.5,12852.5,12958.5,12958.5,,,,,
South Sudan,IPCC Agriculture,Emissions (CO2eq) (AR5),kilotonnes,,,,,,,,,,,,,47181.4874,46062.3624,46693.4512,47138.2224,48251.1739,46288.223,51132.3589,43434.7967,50410.029
South Sudan,IPCC Agriculture,Emissions (CO2eq) (AR5),kilotonnes,,,,,,,,,,,,,28199.5,28308.5,28526.5,28526.5,,,,,
South Sudan,Agricultural Soils,Direct emissions (N2O),kilotonnes,,,,,,,,,,,,,24.6525,24.754,24.9837,24.9663,24.8678,25.2198,27.4781,28.0276,28.45
South Sudan,Agricultural Soils,Indirect emissions (N2O),kilotonnes,,,,,,,,,,,,,6.7205,6.7584,6.8386,6.8455,6.8063,6.9519,7.4644,7.6129,7.7272
South Sudan,Agricultural Soils,Emissions (N2O),kilotonnes,,,,,,,,,,,,,33.4191,33.5556,33.859,33.8485,33.7095,34.1982,36.963,37.6234,38.1565
South Sudan,Agricultural Soils,Emissions (N2O),kilotonnes,,,,,,,,,,,,,47.9,48.1,48.5,48.5,,,,,
South Sudan,Agricultural Soils,Emissions (CO2eq) from N2O (AR5),kilotonnes,,,,,,,,,,,,,8856.0688,8892.2309,8972.6389,8969.841,8933.0058,9062.5328,9795.1837,9970.212,10111.4646
South Sudan,Agricultural Soils,Emissions (CO2eq) from N2O (AR5),kilotonnes,,,,,,,,,,,,,12693.5,12746.5,12852.5,12852.5,,,,,
South Sudan,Agricultural Soils,Emissions (CO2eq) (AR5),kilotonnes,,,,,,,,,,,,,8856.0688,8892.2309,8972.6389,8969.841,8933.0058,9062.5328,9795.1837,9970.212,10111.4646
South Sudan,Agricultural Soils,Emissions (CO2eq) (AR5),kilotonnes,,,,,,,,,,,,,12693.5,12746.5,12852.5,12852.5,,,,,
South Sudan,LULUCF,Emissions (CH4),kilotonnes,,,,,,,,,,,,,24.7973,31.8681,28.6445,19.2537,29.3464,21.6303,22.6254,16.2935,60.2811
South Sudan,LULUCF,Emissions (N2O),kilotonnes,,,,,,,,,,,,,2.2641,2.9097,2.6154,1.7579,2.6794,1.9749,2.0658,1.4877,5.5039
South Sudan,LULUCF,Emissions (CO2),kilotonnes,,,,,,,,,,,,,9329.4754,9316.0569,9286.8403,9286.8403,11672.1257,11627.3517,11596.5556,11425.2889,11408.7455
South Sudan,LULUCF,Emissions (CO2),kilotonnes,,,,,,,,,,,,,2761,2761,2761,2761,,,,,
South Sudan,LULUCF,Emissions (CO2eq) from CH4 (AR5),kilotonnes,,,,,,,,,,,,,694.3252,892.3074,802.045,539.1045,821.6979,605.6495,633.5123,456.2179,1687.8708
South Sudan,LULUCF,Emissions (CO2eq) from N2O (AR5),kilotonnes,,,,,,,,,,,,,599.9876,771.07,693.0715,465.8566,710.0542,523.3602,547.4373,394.2318,1458.5405
South Sudan,LULUCF,Emissions (CO2eq) (AR5),kilotonnes,,,,,,,,,,,,,10623.7882,10979.4343,10781.9568,10291.8014,13203.8778,12756.3615,12777.5052,12275.7386,14555.1568
South Sudan,LULUCF,Emissions (CO2eq) (AR5),kilotonnes,,,,,,,,,,,,,2761,2761,2761,2761,,,,,
South Sudan,AFOLU,Emissions (CH4),kilotonnes,,,,,,,,,,,,,1055.3291,1041.3653,1051.2808,1050.7796,1082.2076,1037.2667,1144.7569,994.0884,1174.0111
South Sudan,AFOLU,Emissions (N2O),kilotonnes,,,,,,,,,,,,,71.4211,70.0661,70.7649,70.6466,73.5136,69.335,76.4533,62.0784,78.0533
South Sudan,AFOLU,Emissions (CO2),kilotonnes,,,,,,,,,,,,,9329.4754,9316.0569,9286.8403,9286.8403,11672.1257,11627.3517,11596.5556,11425.2889,11408.7455
South Sudan,AFOLU,Emissions (CO2eq) from CH4 (AR5),kilotonnes,,,,,,,,,,,,,29549.2159,29158.2286,29435.8637,29421.8293,30301.8127,29043.4679,32053.1927,27834.4766,32872.3118
South Sudan,AFOLU,Emissions (CO2eq) from N2O (AR5),kilotonnes,,,,,,,,,,,,,18926.5843,18567.5112,18752.704,18721.3542,19481.1132,18373.7648,20260.1158,16450.7698,20684.1286
South Sudan,AFOLU,Emissions (CO2eq) (AR5),kilotonnes,,,,,,,,,,,,,57805.2756,57041.7967,57475.408,57430.0238,61455.0517,59044.5844,63909.8641,55710.5353,64965.1858
South Sudan,All sectors with LULUCF,Emissions (CH4),kilotonnes,,,,,,,,,,,,,1191.8291,1184.3653,1199.0808,1199.7796,1231.4076,1186.6667,1294.8569,1151.5884,1333.8111
South Sudan,All sectors with LULUCF,Emissions (N2O),kilotonnes,,,,,,,,,,,,,72.2522,71.2072,71.93,71.8567,74.7518,70.5651,77.6744,63.3565,79.3695
South Sudan,All sectors with LULUCF,Emissions (CO2),kilotonnes,,,,,,,,,,,,,10861.3754,10998.1569,11069.2403,11509.3403,13614.6257,13349.9517,13378.9556,13229.2889,13053.1455
South Sudan,All sectors with LULUCF,Emissions (CO2eq) from CH4 (AR5),kilotonnes,,,,,,,,,,,,,33371.2159,33162.2286,33574.2637,33593.8293,34479.4127,33226.6679,36255.9927,32244.4766,37346.7118
South Sudan,All sectors with LULUCF,Emissions (CO2eq) from N2O (AR5),kilotonnes,,,,,,,,,,,,,19146.829,18869.9067,19061.4602,19042.036,19809.2155,18699.7474,20583.714,16789.4751,21032.9047
South Sudan,All sectors with LULUCF,Emissions (CO2eq) (AR5),kilotonnes,,,,,,,,,,,,,63379.4203,63030.2922,63704.9643,64145.2056,67903.254,65276.367,70218.6622,62263.2405,71432.7619
South Sudan,All sectors without LULUCF,Emissions (CH4),kilotonnes,,,,,,,,,,,,,1167.0318,1152.4972,1170.4364,1180.5259,1202.0612,1165.0364,1272.2314,1135.295,1273.53
South Sudan,All sectors without LULUCF,Emissions (N2O),kilotonnes,,,,,,,,,,,,,69.9881,68.2975,69.3147,70.0988,72.0723,68.5901,75.6086,61.8688,73.8655
South Sudan,All sectors without LULUCF,Emissions (CO2),kilotonnes,,,,,,,,,,,,,1531.9,1682.1,1782.4,2222.5,1942.5,1722.6,1782.4,1804,1644.4
South Sudan,All sectors without LULUCF,Emissions (CO2eq) from CH4 (AR5),kilotonnes,,,,,,,,,,,,,32676.8906,32269.9212,32772.2187,33054.7248,33657.7148,32621.0184,35622.4804,31788.2587,35658.841
South Sudan,All sectors without LULUCF,Emissions (CO2eq) from N2O (AR5),kilotonnes,,,,,,,,,,,,,18546.8414,18098.8367,18368.3888,18576.1794,19099.1614,18176.3872,20036.2767,16395.2433,19574.3641
South Sudan,All sectors without LULUCF,Emissions (CO2eq) (AR5),kilotonnes,,,,,,,,,,,,,52755.632,52050.8579,52923.0075,53853.4042,54699.3762,52520.0056,57441.1571,49987.5019,56877.6051
Spain,Crop Residues,Direct emissions (N2O),kilotonnes,4.5604,3.3709,4.0475,3.9788,4.5376,2.7822,3.5947,4.4848,4.4286,3.3548,3.6943,4.0127,3.239,4.5178,3.7206,3.6373,4.3138,3.0848,4.4691,3.6677,4.7698
Spain,Crop Residues,Direct emissions (N2O),kilotonnes,2.5366,2.6867,2.6361,2.8178,2.8311,2.3353,2.5487,2.6555,2.6054,2.5443,2.5741,2.7773,2.3037,2.9919,2.6397,2.6705,2.798,2.5206,3.0458,2.6435,2.6435
Spain,Crop Residues,Indirect emissions (N2O),kilotonnes,1.0261,0.7584,0.9107,0.8952,1.021,0.626,0.8088,1.0091,0.9964,0.7548,0.8312,0.9029,0.7288,1.0165,0.8371,0.8184,0.9706,0.6941,1.0055,0.8252,1.0732
Spain,Crop Residues,Emissions (N2O),kilotonnes,5.5865,4.1293,4.9582,4.874,5.5585,3.4082,4.4034,5.4939,5.425,4.1097,4.5255,4.9156,3.9677,5.5343,4.5577,4.4557,5.2844,3.7789,5.4747,4.493,5.843
Spain,Crop Residues,Emissions (N2O),kilotonnes,2.5366,2.6867,2.6361,2.8178,2.8311,2.3353,2.5487,2.6555,2.6054,2.5443,2.5741,2.7773,2.3037,2.9919,2.6397,2.6705,2.798,2.5206,3.0458,2.6435,2.6435
Spain,Crop Residues,Emissions (CO2eq) from N2O (AR5),kilotonnes,1480.4096,1094.2648,1313.9324,1291.6224,1473.0134,903.1627,1166.9134,1455.8815,1437.6305,1089.0649,1199.2683,1302.6223,1051.4453,1466.5809,1207.7976,1180.7536,1400.3544,1001.3977,1450.7849,1190.6392,1548.3999
Spain,Crop Residues,Emissions (CO2eq) from N2O (AR5),kilotonnes,672.1886,711.9864,698.5713,746.7281,750.2337,618.8643,675.4076,703.7018,690.4246,674.2402,682.1268,735.9894,610.4812,792.8666,699.5081,707.6783,741.4789,667.9651,807.1501,700.5315,700.5315
Spain,Crop Residues,Emissions (CO2eq) (AR5),kilotonnes,1480.4096,1094.2648,1313.9324,1291.6224,1473.0134,903.1627,1166.9134,1455.8815,1437.6305,1089.0649,1199.2683,1302.6223,1051.4453,1466.5809,1207.7976,1180.7536,1400.3544,1001.3977,1450.7849,1190.6392,1548.3999
Spain,Crop Residues,Emissions (CO2eq) (AR5),kilotonnes,672.1886,711.9864,698.5713,746.7281,750.2337,618.8643,675.4076,703.7018,690.4246,674.2402,682.1268,735.9894,610.4812,792.8666,699.5081,707.6783,741.4789,667.9651,807.1501,700.5315,700.5315
Spain,Rice Cultivation,Emissions (CH4),kilotonnes,58.9907,58.2594,57.1879,59.22,61.8065,60.0516,53.6936,51.1888,48.4344,60.1272,61.5807,61.6735,56.8608,56.448,55.6512,55.0822,55.0731,54.2324,52.925,52.0985,51.4382
Spain,Rice Cultivation,Emissions (CH4),kilotonnes,19.1304,19.1525,18.3955,19.2589,20.0621,19.4111,17.6275,16.9721,15.9728,19.3989,19.8969,19.8732,18.0717,18.0477,17.6907,17.5996,18.7864,17.328,16.9702,16.7431,16.7431
Spain,Rice Cultivation,Emissions (CO2eq) from CH4 (AR5),kilotonnes,1651.739,1631.2625,1601.2604,1658.16,1730.5828,1681.4448,1503.4219,1433.2853,1356.1632,1683.5616,1724.2606,1726.8572,1592.1017,1580.544,1558.2329,1542.3005,1542.0465,1518.5076,1481.9011,1458.7574,1440.2707
Spain,Rice Cultivation,Emissions (CO2eq) from CH4 (AR5),kilotonnes,535.6502,536.2714,515.0741,539.248,561.7388,543.5122,493.5687,475.22,447.2382,543.1698,557.1137,556.4495,506.0066,505.336,495.341,492.7899,526.0204,485.1845,475.1669,468.8059,468.8059
Spain,Rice Cultivation,Emissions (CO2eq) (AR5),kilotonnes,1651.739,1631.2625,1601.2604,1658.16,1730.5828,1681.4448,1503.4219,1433.2853,1356.1632,1683.5616,1724.2606,1726.8572,1592.1017,1580.544,1558.2329,1542.3005,1542.0465,1518.5076,1481.9011,1458.7574,1440.2707
Spain,Rice Cultivation,Emissions (CO2eq) (AR5),kilotonnes,535.6502,536.2714,515.0741,539.248,561.7388,543.5122,493.5687,475.22,447.2382,543.1698,557.1137,556.4495,506.0066,505.336,495.341,492.7899,526.0204,485.1845,475.1669,468.8059,468.8059
Spain,Burning - Crop residues,Emissions (CH4),kilotonnes,3.8864,3.9083,4.0251,3.7958,3.8285,3.7527,3.1624,3.0731,3.3641,3.0339,3.1358,3.333,3.5849,3.6555,3.639,3.5881,3.5697,3.3244,3.2551,3.1906,3.1476
Spain,Burning - Crop residues,Emissions (CH4),kilotonnes,8.8335,2.9539,3.2428,3.2344,1.4085,1.2665,0.6186,0.513,0.3188,0.3167,0.4015,0.711,0.5802,0.4695,0.9111,0.9277,0.6403,0.763,0.8999,0.8088,0.8088
Spain,Burning - Crop residues,Emissions (N2O),kilotonnes,0.1008,0.1013,0.1044,0.0984,0.0993,0.0973,0.082,0.0797,0.0872,0.0787,0.0813,0.0864,0.0929,0.0948,0.0943,0.093,0.0925,0.0862,0.0844,0.0827,0.0816
Spain,Burning - Crop residues,Emissions (N2O),kilotonnes,0.229,0.0766,0.0841,0.0839,0.0365,0.0328,0.016,0.0133,0.0083,0.0082,0.0104,0.0184,0.015,0.0122,0.0236,0.0241,0.0166,0.0198,0.0233,0.021,0.021
Spain,Burning - Crop residues,Emissions (CO2eq) from CH4 (AR5),kilotonnes,108.8206,109.4315,112.7024,106.2815,107.1986,105.0744,88.5486,86.0472,94.1942,84.9492,87.8036,93.3228,100.3783,102.3552,101.8906,100.4658,99.9526,93.0822,91.1432,89.338,88.1327
Spain,Burning - Crop residues,Emissions (CO2eq) from CH4 (AR5),kilotonnes,247.3389,82.7089,90.7985,90.563,39.4383,35.461,17.3194,14.3644,8.9267,8.8687,11.2425,19.9082,16.2452,13.1473,25.5111,25.9768,17.9294,21.3634,25.1962,22.6478,22.6478
Spain,Burning - Crop residues,Emissions (CO2eq) from N2O (AR5),kilotonnes,26.7013,26.8513,27.6538,26.0783,26.3034,25.7821,21.7272,21.1134,23.1125,20.844,21.5444,22.8987,24.6299,25.1149,25.0009,24.6513,24.5254,22.8396,22.3638,21.9209,21.6252
Spain,Burning - Crop residues,Emissions (CO2eq) from N2O (AR5),kilotonnes,60.6896,20.2943,22.2793,22.2215,9.677,8.7011,4.2497,3.5246,2.1903,2.1761,2.7586,4.8849,3.9861,3.226,6.2597,6.3739,4.3993,5.2419,6.1824,5.5571,5.5571
Spain,Burning - Crop residues,Emissions (CO2eq) (AR5),kilotonnes,135.5219,136.2828,140.3562,132.3598,133.502,130.8566,110.2758,107.1606,117.3067,105.7932,109.348,116.2215,125.0082,127.4702,126.8915,125.1171,124.4781,115.9218,113.507,111.2589,109.7579
Spain,Burning - Crop residues,Emissions (CO2eq) (AR5),kilotonnes,308.0285,103.0033,113.0777,112.7845,49.1153,44.1621,21.5691,17.8889,11.117,11.0448,14.0011,24.7931,20.2313,16.3732,31.7708,32.3507,22.3287,26.6054,31.3785,28.2049,28.2049
Spain,Enteric Fermentation,Emissions (CH4),kilotonnes,668.3387,685.9699,686.28,686.8919,684.211,669.8209,649.6887,671.5146,617.786,618.8637,604.4865,580.4548,569.7475,563.3926,581.0009,601.075,600.8958,608.112,611.1575,613.1779,617.2183
Spain,Enteric Fermentation,Emissions (CH4),kilotonnes,679.9088,685.5133,688.7087,693.8964,690.6913,682.8605,661.6956,673.0025,638.6594,629.9831,646.2704,625.2672,606.6909,595.0864,604.5546,621.0707,631.7937,638.7458,641.3803,640.3481,643.4004
Spain,Enteric Fermentation,Emissions (CO2eq) from CH4 (AR5),kilotonnes,18713.4833,19207.1566,19215.8409,19232.9738,19157.9092,18754.9842,18191.2828,18802.4078,17298.0088,17328.1839,16925.6207,16252.7355,15952.9289,15774.9934,16268.0266,16830.0994,16825.082,17027.1356,17112.4106,17168.982,17282.1137
Spain,Enteric Fermentation,Emissions (CO2eq) from CH4 (AR5),kilotonnes,19037.446,19194.3727,19283.8449,19429.098,19339.3565,19120.0949,18527.4767,18844.0693,17882.4626,17639.5277,18095.5703,17507.483,16987.345,16662.4182,16927.5295,17389.9786,17690.2232,17884.8838,17958.6481,17929.746,18015.2112
Spain,Enteric Fermentation,Emissions (CO2eq) (AR5),kilotonnes,18713.4833,19207.1566,19215.8409,19232.9738,19157.9092,18754.9842,18191.2828,18802.4078,17298.0088,17328.1839,16925.6207,16252.7355,15952.9289,15774.9934,16268.0266,16830.0994,16825.082,17027.1356,17112.4106,17168.982,17282.1137
Spain,Enteric Fermentation,Emissions (CO2eq) (AR5),kilotonnes,19037.446,19194.3727,19283.8449,19429.098,19339.3565,19120.0949,18527.4767,18844.0693,17882.4626,17639.5277,18095.5703,17507.483,16987.345,16662.4182,16927.5295,17389.9786,17690.2232,17884.8838,17958.6481,17929.746,18015.2112
Spain,Manure Management,Emissions (CH4),kilotonnes,257.1481,257.6593,267.8985,272.0287,278.5637,275.8889,282.4638,284.858,278.3478,280.6065,274.8109,271.9005,267.5889,269.207,280.3335,295.3522,301.942,307.5253,315.543,319.5248,331.4752
Spain,Manure Management,Emissions (CH4),kilotonnes,340.84,337.6437,329.6314,338.9186,338.4942,299.6587,289.2569,299.6924,274.7055,288.5741,243.566,260.2652,246.9387,233.3099,250.0342,260.9466,261.3773,271.447,271.1251,277.8322,290.0494
Spain,Manure Management,Emissions (N2O),kilotonnes,6.1951,6.2855,6.4086,6.4607,6.5394,6.4314,6.4052,6.5672,6.2555,6.2917,6.1765,6.0557,5.9691,5.9611,6.196,6.4276,6.51,6.6033,6.748,6.8174,6.9689
Spain,Manure Management,Emissions (N2O),kilotonnes,5.6472,5.7885,5.6791,5.6567,5.7723,5.6798,5.5095,5.5552,5.234,5.126,5.0272,4.9394,4.9332,4.8896,4.969,5.1427,5.2617,5.3644,5.4955,5.4943,5.5647
Spain,Manure Management,Emissions (CO2eq) from CH4 (AR5),kilotonnes,7200.1479,7214.4611,7501.1583,7616.8044,7799.7849,7724.8888,7908.9855,7976.0228,7793.7385,7856.9808,7694.7059,7613.2143,7492.4881,7537.7969,7849.3369,8269.8623,8454.3753,8610.7081,8835.2038,8946.6949,9281.3059
Spain,Manure Management,Emissions (CO2eq) from CH4 (AR5),kilotonnes,9543.5197,9454.0232,9229.6795,9489.7209,9477.8386,8390.4436,8099.1921,8391.3863,7691.7527,8080.0743,6819.8474,7287.4249,6914.2823,6532.6767,7000.9573,7306.5058,7318.5644,7600.5172,7591.5035,7779.3008,8121.3826
Spain,Manure Management,Emissions (CO2eq) from N2O (AR5),kilotonnes,1641.7147,1665.6548,1698.2908,1712.0798,1732.9405,1704.3092,1697.3786,1740.3093,1657.6946,1667.3092,1636.7763,1604.7536,1581.8227,1579.6868,1641.9431,1703.304,1725.1542,1749.8616,1788.2181,1806.6203,1846.7658
Spain,Manure Management,Emissions (CO2eq) from N2O (AR5),kilotonnes,1496.5038,1533.9563,1504.973,1499.0169,1529.6492,1505.1588,1460.0211,1472.1149,1387.0227,1358.3878,1332.2185,1308.9485,1307.2907,1295.7358,1316.7825,1362.8116,1394.3382,1421.5685,1456.32,1455.9971,1474.6546
Spain,Manure Management,Emissions (CO2eq) (AR5),kilotonnes,8841.8626,8880.116,9199.4491,9328.8842,9532.7254,9429.198,9606.3641,9716.3321,9451.4331,9524.29,9331.4823,9217.9679,9074.3108,9117.4838,9491.2801,9973.1663,10179.5295,10360.5698,10623.4219,10753.3152,11128.0717
Spain,Manure Management,Emissions (CO2eq) (AR5),kilotonnes,11040.0234,10987.9795,10734.6524,10988.7377,11007.4878,9895.6024,9559.2132,9863.5012,9078.7754,9438.4621,8152.0659,8596.3734,8221.5729,7828.4125,8317.7397,8669.3175,8712.9026,9022.0856,9047.8235,9235.2978,9596.0372
Spain,Manure left on Pasture,Direct emissions (N2O),kilotonnes,9.1979,9.454,9.4087,9.4037,9.2404,9.125,8.929,9.0692,8.3283,8.3038,8.0429,7.5849,7.3805,7.2735,7.3502,7.7473,7.6845,7.7661,7.6114,7.5512,7.5631
Spain,Manure left on Pasture,Indirect emissions (N2O),kilotonnes,3.1923,3.2788,3.2532,3.2446,3.1656,3.1385,3.0874,3.1028,2.851,2.8343,2.7262,2.549,2.4733,2.4394,2.431,2.5885,2.5546,2.5697,2.4962,2.461,2.4622
Spain,Manure left on Pasture,Emissions (N2O),kilotonnes,12.3901,12.7329,12.6619,12.6483,12.406,12.2635,12.0164,12.172,11.1793,11.1381,10.7691,10.1338,9.8539,9.7129,9.7811,10.3357,10.2391,10.3358,10.1077,10.0122,10.0253
Spain,Manure left on Pasture,Emissions (CO2eq) from N2O (AR5),kilotonnes,3283.3808,3374.2088,3355.3942,3351.8027,3287.6028,3249.8353,3184.3435,3225.5684,2962.5216,2951.5977,2853.8027,2685.4657,2611.2748,2573.9098,2592.0043,2738.9668,2713.3662,2738.9978,2678.5291,2653.2286,2656.6947
Spain,Manure left on Pasture,Emissions (CO2eq) (AR5),kilotonnes,3283.3808,3374.2088,3355.3942,3351.8027,3287.6028,3249.8353,3184.3435,3225.5684,2962.5216,2951.5977,2853.8027,2685.4657,2611.2748,2573.9098,2592.0043,2738.9668,2713.3662,2738.9978,2678.5291,2653.2286,2656.6947
Spain,Manure applied to Soils,Direct emissions (N2O),kilotonnes,7.5317,7.6144,7.7839,7.8614,7.983,7.88,7.9204,8.0765,7.7478,7.7948,7.658,7.5174,7.3921,7.3856,7.6588,7.9705,8.0821,8.2187,8.3688,8.4534,8.6565
Spain,Manure applied to Soils,Direct emissions (N2O),kilotonnes,7.0104,7.1508,7.0377,7.0139,7.2192,7.072,6.7394,6.8456,6.5021,6.4748,6.4522,6.3849,6.3656,6.3382,6.4401,6.643,6.781,6.9264,7.0995,7.1114,7.2543
Spain,Manure applied to Soils,Indirect emissions (N2O),kilotonnes,3.201,3.2361,3.3082,3.3411,3.3928,3.349,3.3662,3.4325,3.2928,3.3128,3.2547,3.1949,3.1416,3.1389,3.255,3.3874,3.4349,3.493,3.5567,3.5927,3.679
Spain,Manure applied to Soils,Emissions (N2O),kilotonnes,10.7327,10.8505,11.0921,11.2025,11.3758,11.229,11.2866,11.509,11.0407,11.1075,10.9127,10.7123,10.5337,10.5245,10.9138,11.3579,11.5169,11.7117,11.9255,12.0461,12.3355
Spain,Manure applied to Soils,Emissions (N2O),kilotonnes,7.0104,7.1508,7.0377,7.0139,7.2192,7.072,6.7394,6.8456,6.5021,6.4748,6.4522,6.3849,6.3656,6.3382,6.4401,6.643,6.781,6.9264,7.0995,7.1114,7.2543
Spain,Manure applied to Soils,Emissions (CO2eq) from N2O (AR5),kilotonnes,2844.1584,2875.3907,2939.4028,2968.6736,3014.591,2975.6846,2990.9386,3049.896,2925.78,2943.5007,2891.8709,2838.751,2791.4238,2789.0016,2892.1645,3009.8428,3051.9909,3103.5909,3160.2611,3192.2288,3268.8997
Spain,Manure applied to Soils,Emissions (CO2eq) from N2O (AR5),kilotonnes,1857.7502,1894.9539,1865.0028,1858.6847,1913.1008,1874.0847,1785.9433,1814.0883,1723.0555,1715.8334,1709.834,1691.9999,1686.8931,1679.6102,1706.6349,1760.4041,1796.9554,1835.4871,1881.3748,1884.5093,1922.387
Spain,Manure applied to Soils,Emissions (CO2eq) (AR5),kilotonnes,2844.1584,2875.3907,2939.4028,2968.6736,3014.591,2975.6846,2990.9386,3049.896,2925.78,2943.5007,2891.8709,2838.751,2791.4238,2789.0016,2892.1645,3009.8428,3051.9909,3103.5909,3160.2611,3192.2288,3268.8997
Spain,Manure applied to Soils,Emissions (CO2eq) (AR5),kilotonnes,1857.7502,1894.9539,1865.0028,1858.6847,1913.1008,1874.0847,1785.9433,1814.0883,1723.0555,1715.8334,1709.834,1691.9999,1686.8931,1679.6102,1706.6349,1760.4041,1796.9554,1835.4871,1881.3748,1884.5093,1922.387
Spain,Synthetic Fertilizers,Direct emissions (N2O),kilotonnes,17.501,17.4539,16.1314,18.8352,16.8606,14.5163,15.2394,15.492,11.6248,12.2739,14.7887,13.3053,13.2536,15.1094,17.3155,16.7845,15.4339,16.9608,16.2406,15.8911,16.6461
Spain,Synthetic Fertilizers,Direct emissions (N2O),kilotonnes,19.8635,17.5361,15.9022,18.5956,16.6118,14.2747,15.022,15.2837,11.4304,12.0321,14.5367,13.0615,13.0249,14.8832,17.0932,16.5642,15.2219,16.631,16.0293,15.6725,16.4281
Spain,Synthetic Fertilizers,Indirect emissions (N2O),kilotonnes,5.6878,5.6725,5.2427,6.1215,5.4797,4.7178,4.9528,5.0349,3.778,3.989,4.8063,4.3242,4.3074,4.9106,5.6275,5.455,5.016,5.5122,5.2782,5.1646,5.41
Spain,Synthetic Fertilizers,Emissions (N2O),kilotonnes,23.1888,23.1264,21.3742,24.9567,22.3403,19.2341,20.1923,20.527,15.4028,16.263,19.595,17.6295,17.561,20.0199,22.943,22.2394,20.4499,22.473,21.5188,21.0557,22.0561
Spain,Synthetic Fertilizers,Emissions (N2O),kilotonnes,19.8635,17.5361,15.9022,18.5956,16.6118,14.2747,15.022,15.2837,11.4304,12.0321,14.5367,13.0615,13.0249,14.8832,17.0932,16.5642,15.2219,16.631,16.0293,15.6725,16.4281
Spain,Synthetic Fertilizers,Emissions (CO2eq) from N2O (AR5),kilotonnes,6145.0386,6128.4856,5664.1509,6613.5226,5920.1822,5097.0328,5350.9509,5439.642,4081.7413,4309.6877,5192.6873,4671.8184,4653.6653,5305.2866,6079.9024,5893.449,5419.2156,5955.3464,5702.4877,5579.758,5844.8714
Spain,Synthetic Fertilizers,Emissions (CO2eq) from N2O (AR5),kilotonnes,5263.8373,4647.0718,4214.092,4927.8382,4402.1169,3782.8082,3980.8279,4050.1893,3029.0616,3188.4984,3852.2163,3461.2945,3451.5926,3944.0468,4529.7074,4389.5108,4033.8007,4407.2111,4247.776,4153.2167,4353.4432
Spain,Synthetic Fertilizers,Emissions (CO2eq) (AR5),kilotonnes,6145.0386,6128.4856,5664.1509,6613.5226,5920.1822,5097.0328,5350.9509,5439.642,4081.7413,4309.6877,5192.6873,4671.8184,4653.6653,5305.2866,6079.9024,5893.449,5419.2156,5955.3464,5702.4877,5579.758,5844.8714
Spain,Synthetic Fertilizers,Emissions (CO2eq) (AR5),kilotonnes,5263.8373,4647.0718,4214.092,4927.8382,4402.1169,3782.8082,3980.8279,4050.1893,3029.0616,3188.4984,3852.2163,3461.2945,3451.5926,3944.0468,4529.7074,4389.5108,4033.8007,4407.2111,4247.776,4153.2167,4353.4432
Spain,Drained organic soils,Emissions (CO2eq) (AR5),kilotonnes,469.9735,464.7531,502.4651,503.3531,511.3997,510.2129,509.0261,501.3052,501.3052,497.7716,497.4402,497.4402,496.2026,496.2026,495.3158,495.3158,493.5801,485.4405,481.1796,500.9431,500.9431
Spain,Drained organic soils (CO2),Emissions (CO2),kilotonnes,401.1982,396.6931,429.3318,430.1048,437.18,436.1821,435.1841,428.589,428.589,425.5822,425.2789,425.2789,424.2555,424.2555,423.4836,423.4836,421.9023,414.9803,411.3805,428.4586,428.4586
Spain,Drained organic soils (CO2),Emissions (CO2eq) (AR5),kilotonnes,401.1982,396.6931,429.3318,430.1048,437.18,436.1821,435.1841,428.589,428.589,425.5822,425.2789,425.2789,424.2555,424.2555,423.4836,423.4836,421.9023,414.9803,411.3805,428.4586,428.4586
Spain,Drained organic soils (N2O),Emissions (N2O),kilotonnes,0.2595,0.2568,0.276,0.2764,0.2801,0.2794,0.2786,0.2744,0.2744,0.2724,0.2723,0.2723,0.2715,0.2715,0.2711,0.2711,0.2705,0.2659,0.2634,0.2735,0.2735
Spain,Drained organic soils (N2O),Emissions (CO2eq) from N2O (AR5),kilotonnes,68.7753,68.06,73.1333,73.2483,74.2197,74.0308,73.8419,72.7161,72.7161,72.1893,72.1614,72.1614,71.9471,71.9471,71.8322,71.8322,71.6777,70.4602,69.7991,72.4845,72.4845
Spain,Drained organic soils (N2O),Emissions (CO2eq) (AR5),kilotonnes,68.7753,68.06,73.1333,73.2483,74.2197,74.0308,73.8419,72.7161,72.7161,72.1893,72.1614,72.1614,71.9471,71.9471,71.8322,71.8322,71.6777,70.4602,69.7991,72.4845,72.4845
Spain,On-farm energy use,Emissions (CH4),kilotonnes,1.037,1.1145,1.0959,1.1712,1.1838,1.1019,0.9885,1.1331,0.9856,0.695,0.7565,0.9072,0.7954,0.875,0.761,0.6372,0.6551,0.7222,0.7141,0.7047,0.7047
Spain,On-farm energy use,Emissions (N2O),kilotonnes,2.2847,2.1503,2.1085,2.3438,2.6743,2.6225,2.2181,2.3883,2.1337,2.0095,1.9483,1.7656,1.9204,1.9975,1.8649,2.1231,2.273,2.3005,2.4125,2.522,2.522
Spain,On-farm energy use,Emissions (CO2),kilotonnes,6825.999,6279.7049,6210.2889,7802.5681,8912.5418,8243.9641,7171.508,7626.366,6802.5206,5784.8077,5745.4532,6131.3986,6900.6651,7168.7195,6729.4095,5981.001,6399.1763,6465.0203,6935.0219,6976.1444,6976.1444
Spain,On-farm energy use,Emissions (CO2eq) from CH4 (AR5),kilotonnes,29.0353,31.2061,30.6866,32.7943,33.1454,30.8536,27.6774,31.7255,27.5973,19.4607,21.1832,25.4007,22.2718,24.4986,21.3084,17.8418,18.3441,20.2207,19.9939,19.731,19.731
Spain,On-farm energy use,Emissions (CO2eq) from N2O (AR5),kilotonnes,605.4428,569.8324,558.7517,621.1016,708.6786,694.9656,587.8014,632.8898,565.4222,532.5151,516.3071,467.8965,508.9045,529.3322,494.1895,562.6282,602.357,609.6198,639.3079,668.3315,668.3315
Spain,On-farm energy use,Emissions (CO2eq) (AR5),kilotonnes,7460.4772,6880.7433,6799.7271,8456.464,9654.3657,8969.7833,7786.9869,8290.9812,7395.5401,6336.7834,6282.9435,6624.6958,7431.8415,7722.5503,7244.9074,6561.471,7019.8774,7094.8608,7594.3236,7664.2069,7664.2069
Spain,Forestland,Emissions (CO2),kilotonnes,-43068.9652,-19600.3244,-19600.3244,-19600.3244,-19600.3244,-19600.3244,-19600.3244,-19600.3244,-19600.3244,-19600.3244,-19600.3244,-8784.7989,-8784.7989,-8784.7989,-8784.7989,-8784.7989,-15139.749,-15139.749,-15139.749,-15139.749,-15139.749
Spain,Forestland,Emissions (CO2),kilotonnes,-37627.8096,-38094.1597,-36447.4271,-35824.2704,-35628.5191,-35273.453,-35610.07,-35969.5917,-36054.7646,-36056.1018,-36034.9647,-35995.8004,-35920.5531,-35851.5121,-35509.9284,-35005.9807,-34386.3158,-33838.1863,-33170.0141,-32808.3818,-32345.3406
Spain,Forestland,Emissions (CO2eq) (AR5),kilotonnes,-43068.9652,-19600.3244,-19600.3244,-19600.3244,-19600.3244,-19600.3244,-19600.3244,-19600.3244,-19600.3244,-19600.3244,-19600.3244,-8784.7989,-8784.7989,-8784.7989,-8784.7989,-8784.7989,-15139.749,-15139.749,-15139.749,-15139.749,-15139.749
Spain,Forestland,Emissions (CO2eq) (AR5),kilotonnes,-37627.8096,-38094.1597,-36447.4271,-35824.2704,-35628.5191,-35273.453,-35610.07,-35969.5917,-36054.7646,-36056.1018,-36034.9647,-35995.8004,-35920.5531,-35851.5121,-35509.9284,-35005.9807,-34386.3158,-33838.1863,-33170.0141,-32808.3818,-32345.3406
Spain,Net Forest conversion,Emissions (CO2),kilotonnes,0,0,0,0,0,0,0,0,0,0,0,464.5491,464.5491,464.5491,464.5491,464.5491,807.8143,807.8143,807.8143,807.8143,807.8143
Spain,Net Forest conversion,Emissions (CO2),kilotonnes,404.8243,468.0583,472.2793,476.3381,480.3117,484.1646,491.0941,484.1271,501.9487,496.6609,491.2229,494.8647,498.5066,500.2564,505.4652,510.674,515.8829,521.0917,526.3005,531.5093,536.7181
Spain,Net Forest conversion,Emissions (CO2eq) (AR5),kilotonnes,0,0,0,0,0,0,0,0,0,0,0,464.5491,464.5491,464.5491,464.5491,464.5491,807.8143,807.8143,807.8143,807.8143,807.8143
Spain,Net Forest conversion,Emissions (CO2eq) (AR5),kilotonnes,404.8243,468.0583,472.2793,476.3381,480.3117,484.1646,491.0941,484.1271,501.9487,496.6609,491.2229,494.8647,498.5066,500.2564,505.4652,510.674,515.8829,521.0917,526.3005,531.5093,536.7181
Spain,Savanna fires,Emissions (CH4),kilotonnes,1.4328,0.5627,0.4806,1.1458,0.9012,1.5465,0.9875,0.7519,0.2225,0.832,0.2285,0.5691,1.8946,0.3117,0.291,0.6191,0.4011,1.0107,0.0931,0.4792,0.4353
Spain,Savanna fires,Emissions (CH4),kilotonnes,0.4152,0.4045,0.4245,0.5527,0.5947,0.3008,0.2812,0.3294,0.2077,0.2806,0.122,0.2514,0.4326,0.2507,0.1858,0.2766,0.1537,0.2229,0.0673,0.1116,0.2074
Spain,Savanna fires,Emissions (N2O),kilotonnes,0.1308,0.0514,0.0439,0.1046,0.0823,0.1412,0.0902,0.0686,0.0203,0.076,0.0209,0.052,0.173,0.0285,0.0266,0.0565,0.0366,0.0923,0.0085,0.0438,0.0397
Spain,Savanna fires,Emissions (N2O),kilotonnes,0.0379,0.0369,0.0388,0.0505,0.0543,0.0275,0.0257,0.0301,0.019,0.0256,0.0111,0.023,0.0395,0.0229,0.017,0.0253,0.014,0.0204,0.0061,0.0102,0.0189
Spain,Savanna fires,Emissions (CO2),kilotonnes,18.137,17.627,18.4669,24.0051,25.8396,13.0655,11.0709,11.7241,6.8633,8.4468,3.3695,6.3095,9.7562,5.0323,3.2594,4.1505,1.9147,2.2115,0.4958,0.538,0.4685
Spain,Savanna fires,Emissions (CO2eq) from CH4 (AR5),kilotonnes,40.119,15.7561,13.4574,32.0822,25.234,43.303,27.6492,21.0521,6.2304,23.2953,6.398,15.9355,53.0489,8.7276,8.1485,17.3342,11.2294,28.2999,2.6062,13.4177,12.1877
Spain,Savanna fires,Emissions (CO2eq) from CH4 (AR5),kilotonnes,11.6264,11.3259,11.8858,15.4765,16.6511,8.4234,7.8745,9.2227,5.8165,7.8554,3.4172,7.0381,12.1136,7.0196,5.2036,7.7452,4.303,6.2419,1.8835,3.1252,5.8073
Spain,Savanna fires,Emissions (CO2eq) from N2O (AR5),kilotonnes,34.6681,13.6153,11.629,27.7232,21.8055,37.4194,23.8926,18.1918,5.3839,20.1302,5.5287,13.7704,45.8411,7.5418,7.0413,14.979,9.7037,24.4548,2.2521,11.5947,10.5318
Spain,Savanna fires,Emissions (CO2eq) from N2O (AR5),kilotonnes,10.0467,9.787,10.2709,13.3738,14.3887,7.2789,6.8046,7.9696,5.0262,6.7881,2.9529,6.0819,10.4677,6.0659,4.4966,6.6928,3.7183,5.3938,1.6276,2.7006,5.0183
Spain,Savanna fires,Emissions (CO2eq) (AR5),kilotonnes,74.7871,29.3715,25.0864,59.8054,47.0395,80.7224,51.5418,39.2439,11.6143,43.4255,11.9267,29.7059,98.89,16.2693,15.1898,32.3132,20.9331,52.7547,4.8583,25.0124,22.7195
Spain,Savanna fires,Emissions (CO2eq) (AR5),kilotonnes,39.8102,38.7399,40.6236,52.8554,56.8793,28.7678,25.75,28.9165,17.706,23.0903,9.7396,19.4295,32.3375,18.1178,12.9596,18.5886,9.936,13.8471,4.0068,6.3638,11.2941
Spain,Fires in organic soils,Emissions (CH4),kilotonnes,0,0,0,0,0,0,0,0,0,0,0,0,0,0,0,0,0,0,0,0,0
Spain,Fires in organic soils,Emissions (CO2),kilotonnes,0,0,0,0,0,0,0,0,0,0,0,0,0,0,0,0,0,0,0,0,0
Spain,Fires in organic soils,Emissions (CO2eq) from CH4 (AR5),kilotonnes,0,0,0,0,0,0,0,0,0,0,0,0,0,0,0,0,0,0,0,0,0
Spain,Fires in organic soils,Emissions (CO2eq) (AR5),kilotonnes,0,0,0,0,0,0,0,0,0,0,0,0,0,0,0,0,0,0,0,0,0
Spain,Forest fires,Emissions (CH4),kilotonnes,4.5157,0.1246,0.2767,0.5432,0.4611,1.094,1.2363,0.3158,0.0474,0.2491,0.0449,0.2891,0.5132,0.0947,0.1371,0.4163,0.4457,1.1962,0.0673,0.3361,0.117
Spain,Forest fires,Emissions (N2O),kilotonnes,0.2498,0.0114,0.0253,0.0496,0.0421,0.0999,0.1129,0.0288,0.0043,0.0227,0.0041,0.0264,0.0469,0.0086,0.0125,0.038,0.0407,0.1092,0.0061,0.0307,0.0107
Spain,Forest fires,Emissions (CO2eq) from CH4 (AR5),kilotonnes,126.4395,3.4893,7.7474,15.2092,12.9119,30.6322,34.6151,8.8412,1.3261,6.9738,1.2558,8.0957,14.37,2.6519,3.8384,11.6557,12.4808,33.4941,1.8835,9.4122,3.2771
Spain,Forest fires,Emissions (CO2eq) from N2O (AR5),kilotonnes,66.1981,3.0152,6.6948,13.1427,11.1576,26.4702,29.912,7.64,1.146,6.0263,1.0852,6.9958,12.4176,2.2916,3.3169,10.072,10.7851,28.9432,1.6276,8.1333,2.8318
Spain,Forest fires,Emissions (CO2eq) (AR5),kilotonnes,192.6375,6.5046,14.4422,28.3519,24.0695,57.1025,64.5271,16.4812,2.4721,13,2.3411,15.0915,26.7876,4.9435,7.1552,21.7277,23.2659,62.4373,3.511,17.5455,6.1089
Spain,Fires in humid tropical forests,Emissions (CH4),kilotonnes,0,0,0,0,0,0,0,0,0,0,0,0,0,0,0,0,0,0,0,0,0
Spain,Fires in humid tropical forests,Emissions (N2O),kilotonnes,0,0,0,0,0,0,0,0,0,0,0,0,0,0,0,0,0,0,0,0,0
Spain,Fires in humid tropical forests,Emissions (CO2eq) from CH4 (AR5),kilotonnes,0,0,0,0,0,0,0,0,0,0,0,0,0,0,0,0,0,0,0,0,0
Spain,Fires in humid tropical forests,Emissions (CO2eq) from N2O (AR5),kilotonnes,0,0,0,0,0,0,0,0,0,0,0,0,0,0,0,0,0,0,0,0,0
Spain,Fires in humid tropical forests,Emissions (CO2eq) (AR5),kilotonnes,0,0,0,0,0,0,0,0,0,0,0,0,0,0,0,0,0,0,0,0,0
Spain,Waste - agri-food systems,Emissions (CH4),kilotonnes,707.1279,715.9791,723.6864,780.6101,742.9081,462.6041,475.3458,488.0586,421.2755,421.3624,423.2636,425.3861,425.9931,429.7079,422.5873,414.1773,410.2881,413.662,418.7892,423.0506,426.9576
Spain,Waste - agri-food systems,Emissions (N2O),kilotonnes,2.2485,2.2825,2.3679,2.3772,2.4662,2.4643,2.5403,2.6103,2.5813,2.5908,2.5792,2.5775,2.5623,2.5573,2.4374,2.4696,2.4346,2.5697,2.7079,2.8439,2.975
Spain,Waste - agri-food systems,Emissions (CO2),kilotonnes,281.6708,282.1701,283.4294,285.9968,287.6988,288.4904,289.409,291.0351,292.0919,291.1575,290.6628,291.0823,289.9261,290.1618,290.2843,288.8607,289.1799,289.83,290.6546,290.4484,289.5813
Spain,Waste - agri-food systems,Emissions (CO2eq) from CH4 (AR5),kilotonnes,19799.58,20047.4149,20263.2181,21857.0833,20801.4257,12952.9153,13309.6836,13665.6411,11795.7131,11798.1472,11851.38,11910.8097,11927.8074,12031.8208,11832.4455,11596.9646,11488.0674,11582.5363,11726.097,11845.4173,11954.8115
Spain,Waste - agri-food systems,Emissions (CO2eq) from N2O (AR5),kilotonnes,595.8527,604.8572,627.4968,629.9622,653.5433,653.0423,673.1871,691.7186,684.057,686.5744,683.4988,683.0453,678.9979,677.6906,645.9078,654.4572,645.1624,680.981,717.5939,753.642,788.3779
Spain,Waste - agri-food systems,Emissions (CO2eq) (AR5),kilotonnes,20677.1035,20934.4422,21174.1444,22773.0424,21742.6678,13894.448,14272.2797,14648.3948,12771.862,12775.8791,12825.5417,12884.9373,12896.7314,12999.6732,12768.6376,12540.2825,12422.4098,12553.3473,12734.3456,12889.5077,13032.7707
Spain,Fertilizers Manufacturing,Emissions (N2O),kilotonnes,0.5381,0.5305,0.5505,0.5684,0.4862,0.5034,0.4402,0.3733,0.4142,0.4768,0.4605,0.4815,0.4159,0.3939,0.3823,0.3539,0.352,0.3467,0.3304,0.3135,0.2727
Spain,Fertilizers Manufacturing,Emissions (CO2),kilotonnes,2431.7458,2399.1281,2416.1162,2553.888,2308.3753,2248.4232,2286.415,1565.7184,1797.0256,1994.1059,2134.2956,2293.6958,1898.8679,1800.3189,1749.5472,1621.7035,1615.1027,1593.1088,1520.2348,1444.7443,1168.984
Spain,Fertilizers Manufacturing,Emissions (CO2eq) from N2O (AR5),kilotonnes,142.5965,140.5825,145.8825,150.626,128.843,133.401,116.653,98.9245,109.763,126.352,122.0325,127.5975,110.2135,104.3835,101.3095,93.7835,93.28,91.8755,87.556,83.0775,72.2565
Spain,Fertilizers Manufacturing,Emissions (CO2eq) (AR5),kilotonnes,2574.3423,2539.7106,2561.9987,2704.514,2437.2183,2381.8242,2403.068,1664.6429,1906.7886,2120.4579,2256.3281,2421.2933,2009.0814,1904.7024,1850.8567,1715.487,1708.3827,1684.9843,1607.7908,1527.8218,1241.2405
Spain,On-farm electricity use,Emissions (CH4),kilotonnes,6.0165,6.2121,5.9853,6.0621,6.2301,6.3525,6.9633,6.9081,6.8661,6.5817,4.9786,4.8694,4.8046,5.4081,6.2001,6.9921,7.1805,7.0701,6.0165,5.9798,5.9798
Spain,On-farm electricity use,Emissions (N2O),kilotonnes,0.0321,0.0332,0.032,0.0324,0.0333,0.0339,0.0372,0.0369,0.0367,0.0351,0.0266,0.026,0.0257,0.0289,0.0331,0.0374,0.0384,0.0377,0.0321,0.0319,0.0319
Spain,On-farm electricity use,Emissions (CO2),kilotonnes,2168.554,1977.365,2180.185,1915.8073,1986.3299,2097.0879,2139.327,2227.8922,1869.6732,1627.9173,984.4689,1186.5637,1222.643,1519.8264,1742.3881,1964.9497,2017.8925,1986.8687,1690.7942,1680.4755,1680.4755
Spain,On-farm electricity use,Emissions (CO2eq) from CH4 (AR5),kilotonnes,168.462,173.9388,167.5884,169.7388,174.4428,177.87,194.9724,193.4268,192.2508,184.2876,139.4008,136.3432,134.5288,151.4268,173.6028,195.7788,201.054,197.9628,168.462,167.4344,167.4344
Spain,On-farm electricity use,Emissions (CO2eq) from N2O (AR5),kilotonnes,8.5065,8.798,8.48,8.586,8.8245,8.9835,9.858,9.7785,9.7255,9.3015,7.049,6.89,6.8105,7.6585,8.7715,9.911,10.176,9.9905,8.5065,8.4535,8.4535
Spain,On-farm electricity use,Emissions (CO2eq) (AR5),kilotonnes,2345.5225,2160.1018,2356.2534,2094.1321,2169.5972,2283.9414,2344.1574,2431.0975,2071.6495,1821.5064,1130.9187,1329.7969,1363.9823,1678.9117,1924.7624,2170.6395,2229.1225,2194.822,1867.7627,1856.3634,1856.3634
Spain,Food Processing,Emissions (CH4),kilotonnes,10.8841,10.4978,11.1619,12.2084,12.9104,13.9375,12.2091,12.744,12.5921,12.2746,12.6534,11.5873,11.4401,11.2691,13.164,13.244,13.4457,12.7552,12.0878,12.0878,10.5992
Spain,Food Processing,Emissions (N2O),kilotonnes,0.0763,0.0757,0.0807,0.0875,0.09,0.093,0.079,0.0835,0.0824,0.0786,0.0811,0.0723,0.0715,0.0722,0.0819,0.0834,0.085,0.0826,0.0777,0.0777,0.0676
Spain,Food Processing,Emissions (CO2),kilotonnes,8208.3041,8232.547,9667.3731,9356.9685,9356.3962,9101.5002,6728.6651,7168.5163,6273.1673,5960.0033,5483.2581,4964.5809,5698.5476,6266.9115,6723.9347,6859.8019,7180.3819,7797.4191,6967.0688,6967.0688,5637.2548
Spain,Food Processing,Emissions (CO2eq) from CH4 (AR5),kilotonnes,304.7548,293.9384,312.5332,341.8352,361.4912,390.25,341.8548,356.832,352.5788,343.6888,354.2952,324.4444,320.3228,315.5348,368.592,370.832,376.4796,357.1456,338.4584,338.4584,296.7779
Spain,Food Processing,Emissions (CO2eq) from N2O (AR5),kilotonnes,20.2195,20.0605,21.3855,23.1875,23.85,24.645,20.935,22.1275,21.836,20.829,21.4915,19.1595,18.9475,19.133,21.7035,22.101,22.525,21.889,20.5905,20.5905,17.9085
Spain,Food Processing,Emissions (CO2eq) (AR5),kilotonnes,8533.2784,8546.5459,10001.2918,9721.9912,9741.7374,9516.3952,7091.4549,7547.4758,6647.5821,6324.5211,5859.0448,5308.1848,6037.8179,6601.5793,7114.2302,7252.7349,7579.3865,8176.4537,7326.1177,7326.1177,5951.9413
Spain,Food Packaging,Emissions (CH4),kilotonnes,4.2455,5.021,5.0602,5.3599,5.4889,5.573,4.9612,5.5576,5.1616,4.3842,3.8943,3.9213,3.7963,3.4643,3.6539,3.8745,3.8146,4.0234,3.8908,4.4914,3.9383
Spain,Food Packaging,Emissions (N2O),kilotonnes,0.0293,0.0342,0.0342,0.0367,0.0361,0.0368,0.0326,0.0365,0.0342,0.0285,0.0259,0.0263,0.0249,0.0234,0.0238,0.0247,0.024,0.0257,0.0254,0.0282,0.0245
Spain,Food Packaging,Emissions (CO2),kilotonnes,3881.9736,4047.4744,4147.2805,4524.1696,4205.067,4582.0226,3689.2421,4011.5363,3554.528,2562.7947,2214.0448,2511.5945,2439.8347,2514.6614,2486.1585,2371.9532,2226.6534,2497.3617,2766.1561,2844.2808,2301.389
Spain,Food Packaging,Emissions (CO2eq) from CH4 (AR5),kilotonnes,118.874,140.588,141.6856,150.0772,153.6892,156.044,138.9136,155.6128,144.5248,122.7576,109.0404,109.7964,106.2964,97.0004,102.3092,108.486,106.8088,112.6552,108.9424,125.7592,110.2722
Spain,Food Packaging,Emissions (CO2eq) from N2O (AR5),kilotonnes,7.7645,9.063,9.063,9.7255,9.5665,9.752,8.639,9.6725,9.063,7.5525,6.8635,6.9695,6.5985,6.201,6.307,6.5455,6.36,6.8105,6.731,7.473,6.4996
Spain,Food Packaging,Emissions (CO2eq) (AR5),kilotonnes,4008.6121,4197.1254,4298.0291,4683.9723,4368.3227,4747.8186,3836.7947,4176.8216,3708.1158,2693.1048,2329.9487,2628.3604,2552.7296,2617.8628,2594.7747,2486.9847,2339.8222,2616.8274,2881.8295,2977.513,2418.1608
Spain,Food Retail,Emissions (CH4),kilotonnes,6.6293,6.7936,7.0521,7.5798,8.0367,8.4549,9.678,9.7974,10.5517,10.7167,11.0965,10.8264,10.6852,10.0982,9.3366,9.8106,9.7218,9.9746,9.8688,12.0465,10.563
Spain,Food Retail,Emissions (N2O),kilotonnes,0.04,0.0411,0.0424,0.0453,0.0483,0.0507,0.0561,0.0564,0.0603,0.061,0.0632,0.0619,0.0614,0.0583,0.0535,0.0564,0.0568,0.0582,0.0575,0.0691,0.0601
Spain,Food Retail,Emissions (CO2),kilotonnes,3143.1758,2970.0571,3371.223,3075.3869,3340.1823,3678.373,3764.937,3890.7819,3599.9819,3387.872,2967.705,3583.6411,3655.4698,3761.9591,3430.3976,3917.5371,4077.4958,4060.6943,4035.331,4367.0594,3533.5128
Spain,Food Retail,Emissions (CO2eq) from F-gases (AR5),kilotonnes,2485.8075,3001.671,3506.1055,4021.969,4553.937,5172.6615,5696.837,6221.532,6280.2355,6300.496,6302.0545,6294.262,6282.833,6269.8455,6269.8455,6269.8455,6745.188,6861.0365,6976.885,7092.7335,5655.0172
Spain,Food Retail,Emissions (CO2eq) from CH4 (AR5),kilotonnes,185.6204,190.2208,197.4588,212.2344,225.0276,236.7372,270.984,274.3272,295.4476,300.0676,310.702,303.1392,299.1856,282.7496,261.4248,274.6968,272.2104,279.2888,276.3264,337.302,295.7639
Spain,Food Retail,Emissions (CO2eq) from N2O (AR5),kilotonnes,10.6,10.8915,11.236,12.0045,12.7995,13.4355,14.8665,14.946,15.9795,16.165,16.748,16.4035,16.271,15.4495,14.1775,14.946,15.052,15.423,15.2375,18.3115,15.9264
Spain,Food Retail,Emissions (CO2eq) (AR5),kilotonnes,5825.2037,6172.8404,7086.0233,7321.5948,8131.9464,9101.2072,9747.6245,10401.5871,10191.6445,10004.6006,9597.2095,10197.4458,10253.7594,10330.0037,9975.8454,10477.0254,11109.9462,11216.4426,11303.7799,11815.4064,9500.2203
Spain,Food Household Consumption,Emissions (CH4),kilotonnes,8.064,9.1905,9.359,9.9359,10.6422,11.4191,12.2408,12.251,12.4643,12.7857,13.4512,13.321,13.0921,12.3629,12.2914,12.1905,12.0874,12.3513,12.9189,12.9189,11.328
Spain,Food Household Consumption,Emissions (N2O),kilotonnes,0.0513,0.0574,0.0583,0.0623,0.0671,0.0711,0.0742,0.074,0.0748,0.0761,0.0802,0.0781,0.0767,0.0729,0.0726,0.073,0.0718,0.0728,0.0761,0.0761,0.0662
Spain,Food Household Consumption,Emissions (CO2),kilotonnes,5115.0896,5198.1169,5716.3717,5728.3925,6154.5606,6539.2672,6477.852,6655.0873,6034.9314,5772.1157,5538.2698,5595.5611,5640.3472,5675.3671,5613.2007,5688.7233,5713.9608,5510.4849,5697.9287,5697.9287,4610.3572
Spain,Food Household Consumption,Emissions (CO2eq) from CH4 (AR5),kilotonnes,225.792,257.334,262.052,278.2052,297.9816,319.7348,342.7424,343.028,349.0004,357.9996,376.6336,372.988,366.5788,346.1612,344.1592,341.334,338.4472,345.8364,361.7292,361.7292,317.1829
Spain,Food Household Consumption,Emissions (CO2eq) from N2O (AR5),kilotonnes,13.5945,15.211,15.4495,16.5095,17.7815,18.8415,19.663,19.61,19.822,20.1665,21.253,20.6965,20.3255,19.3185,19.239,19.345,19.027,19.292,20.1665,20.1665,17.5398
Spain,Food Household Consumption,Emissions (CO2eq) (AR5),kilotonnes,5354.4761,5470.6619,5993.8732,6023.1072,6470.3237,6877.8435,6840.2574,7017.7253,6403.7538,6150.2818,5936.1564,5989.2456,6027.2515,6040.8468,5976.5989,6049.4023,6071.435,5875.6133,6079.8244,6079.8244,4945.0799
Spain,Food Transport,Emissions (CH4),kilotonnes,1.0968,1.0745,1.0204,0.9945,0.9516,0.9057,0.8756,0.8357,0.7482,0.6751,0.6133,0.5424,0.4712,0.4315,0.3855,0.4274,0.437,0.4368,0.4231,0.3087,0.2707
Spain,Food Transport,Emissions (N2O),kilotonnes,0.2897,0.3043,0.3054,0.3247,0.3455,0.3612,0.3566,0.387,0.3721,0.3385,0.3367,0.306,0.2921,0.2125,0.2152,0.2291,0.2363,0.2427,0.246,0.3043,0.2647
Spain,Food Transport,Emissions (CO2),kilotonnes,6665.35,6987.35,7144.65,7515.85,7831.25,8071.65,8313.35,8569.1,8084.85,7463.15,7190.6,6728.85,5924.1,5892.895,5916.88,6195.26,6395.18,6570.815,6626.675,7410.6946,5996.2052
Spain,Food Transport,Emissions (CO2eq) from CH4 (AR5),kilotonnes,30.7104,30.086,28.5712,27.846,26.6448,25.3596,24.5168,23.3996,20.9496,18.9028,17.1724,15.1872,13.1936,12.082,10.794,11.9672,12.236,12.2304,11.8468,8.6436,7.5792
Spain,Food Transport,Emissions (CO2eq) from N2O (AR5),kilotonnes,76.7705,80.6395,80.931,86.0455,91.5575,95.718,94.499,102.555,98.6065,89.7025,89.2255,81.09,77.4065,56.3125,57.028,60.7115,62.6195,64.3155,65.19,80.6395,70.136
Spain,Food Transport,Emissions (CO2eq) (AR5),kilotonnes,6772.8309,7098.0755,7254.1522,7629.7415,7949.4523,8192.7276,8432.3658,8695.0546,8204.4061,7571.7553,7296.9979,6825.1272,6014.7001,5961.2895,5984.702,6267.9387,6470.0355,6647.3609,6703.7118,7499.9777,6073.9204
Spain,Energy,Emissions (CH4),kilotonnes,156,154,150,146,142,141,139,136,130,135,130,123,122,118,121,120,111,114,115,108,94.7
Spain,Energy,Emissions (N2O),kilotonnes,8.06,7.89,8.05,8.46,9.03,9.17,8.71,9.26,8.37,7.79,7.52,7.36,7.39,6.69,6.58,7,7.07,7.37,7.25,7.14,6.21
Spain,Energy,Emissions (CO2),kilotonnes,278000,279000,295000,301000,318000,330000,324000,332000,309000,274000,258000,261000,258000,230000,227000,243000,237000,259000,255000,241000,195000
Spain,Energy,Emissions (CO2eq) from CH4 (AR5),kilotonnes,4368,4312,4200,4088,3976,3948,3892,3808,3640,3780,3640,3444,3416,3304,3388,3360,3108,3192,3220,3024,2651.6
Spain,Energy,Emissions (CO2eq) from N2O (AR5),kilotonnes,2135.9,2090.85,2133.25,2241.9,2392.95,2430.05,2308.15,2453.9,2218.05,2064.35,1992.8,1950.4,1958.35,1772.85,1743.7,1855,1873.55,1953.05,1921.25,1892.1,1645.65
Spain,Energy,Emissions (CO2eq) (AR5),kilotonnes,284503.9,285402.85,301333.25,307329.9,324368.95,336378.05,330200.15,338261.9,314858.05,279844.35,263632.8,266394.4,263374.35,235076.85,232131.7,248215,241981.55,264145.05,260141.25,245916.1,199297.25
Spain,IPPU,Emissions (CH4),kilotonnes,1.14,1.14,1.1,1.07,1.2,1.27,1.17,1.29,1.42,1.13,1.3,1.2,1.21,1.18,1.27,1.27,1.27,1.38,1.34,1.26,0.98
Spain,IPPU,Emissions (N2O),kilotonnes,10.2,9.56,8.48,7.91,7.39,7.56,6.56,5.98,5.71,5.8,5.73,5.63,5.83,5.71,5.73,5.87,5.75,5.7,5.72,6.25,6.52
Spain,IPPU,Emissions (CO2),kilotonnes,25900,26100,26200,27200,27900,29000,28400,28900,26200,21400,22300,20100,18900,17300,18800,19200,19300,19600,20400,19000,17500
Spain,IPPU,Emissions (CO2eq) from F-gases (AR5),kilotonnes,6782.847,7239.5716,7511.6629,8415.3947,8979.0123,9698.1107,10592.125,11466.7041,12341.2832,12535.6341,13118.6869,12632.8096,12049.7568,12146.9323,12049.7568,7774.0367,7589.4033,6831.4347,5636.1766,4314.5903,3440.0112
Spain,IPPU,Emissions (CO2eq) from CH4 (AR5),kilotonnes,31.92,31.92,30.8,29.96,33.6,35.56,32.76,36.12,39.76,31.64,36.4,33.6,33.88,33.04,35.56,35.56,35.56,38.64,37.52,35.28,27.44
Spain,IPPU,Emissions (CO2eq) from N2O (AR5),kilotonnes,2703,2533.4,2247.2,2096.15,1958.35,2003.4,1738.4,1584.7,1513.15,1537,1518.45,1491.95,1544.95,1513.15,1518.45,1555.55,1523.75,1510.5,1515.8,1656.25,1727.8
Spain,IPPU,Emissions (CO2eq) (AR5),kilotonnes,35417.767,35904.8916,35989.6629,37741.5047,38870.9623,40737.0707,40763.285,41987.5241,40094.1932,35504.2741,36973.5369,34258.3596,32528.5868,30993.1223,32403.7668,28565.1467,28448.7133,27980.5747,27589.4966,25006.1203,22695.2512
Spain,Waste,Emissions (CH4),kilotonnes,559,581,598,601,602,622,639,658,675,746,717,721,690,635,638,651,653,649,652,623,614
Spain,Waste,Emissions (N2O),kilotonnes,5.13,5.49,5.31,5.99,5.72,5.54,5.96,6.09,6.13,6.4,6.48,6.48,5.69,6.57,5.61,6.07,6.05,6,6.02,5.46,5.9
Spain,Waste,Emissions (CO2),kilotonnes,2930,3400,2760,3780,2950,2580,3180,3180,2980,3390,3500,3650,2400,4220,2750,3520,3470,3280,3280,3480,3520
Spain,Waste,Emissions (CO2eq) from CH4 (AR5),kilotonnes,15652,16268,16744,16828,16856,17416,17892,18424,18900,20888,20076,20188,19320,17780,17864,18228,18284,18172,18256,17444,17192
Spain,Waste,Emissions (CO2eq) from N2O (AR5),kilotonnes,1359.45,1454.85,1407.15,1587.35,1515.8,1468.1,1579.4,1613.85,1624.45,1696,1717.2,1717.2,1507.85,1741.05,1486.65,1608.55,1603.25,1590,1595.3,1446.9,1563.5
Spain,Waste,Emissions (CO2eq) (AR5),kilotonnes,19941.45,21122.85,20911.15,22195.35,21321.8,21464.1,22651.4,23217.85,23504.45,25974,25293.2,25555.2,23227.85,23741.05,22100.65,23356.55,23357.25,23042,23131.3,22370.9,22275.5
Spain,Other,Emissions (N2O),kilotonnes,6.05,6.07,6.29,6.2,6.25,6.21,5.88,5.66,5.29,4.78,4.55,4.34,4.15,3.56,3.38,3.46,3.46,3.57,3.46,2.68,2.45
Spain,Other,Emissions (CO2eq) from N2O (AR5),kilotonnes,1603.25,1608.55,1666.85,1643,1656.25,1645.65,1558.2,1499.9,1401.85,1266.7,1205.75,1150.1,1099.75,943.4,895.7,916.9,916.9,946.05,916.9,710.2,649.25
Spain,Other,Emissions (CO2eq) (AR5),kilotonnes,1603.25,1608.55,1666.85,1643,1656.25,1645.65,1558.2,1499.9,1401.85,1266.7,1205.75,1150.1,1099.75,943.4,895.7,916.9,916.9,946.05,916.9,710.2,649.25
Spain,Farm-gate emissions,Emissions (CH4),kilotonnes,990.8338,1007.4741,1016.9681,1024.2534,1030.4948,1012.1625,990.9845,1012.5193,949.1404,964.1583,944.999,918.8381,900.4721,893.8898,921.6766,956.3537,962.5368,974.9269,983.6878,989.1758,1004.4193
Spain,Farm-gate emissions,Direct emissions (N2O),kilotonnes,38.7909,37.8932,37.3716,40.0792,38.6216,34.3035,35.6835,37.1225,32.1295,31.7273,34.184,32.4202,31.2651,34.2863,36.0451,36.1395,35.5142,36.0304,36.6899,35.5635,37.6355
Spain,Farm-gate emissions,Indirect emissions (N2O),kilotonnes,13.1071,12.9459,12.7148,13.6024,13.0591,11.8313,12.2152,12.5793,10.9183,10.891,11.6184,10.9709,10.6511,11.5053,12.1507,12.2493,11.9761,12.269,12.3367,12.0435,12.6244
Spain,Farm-gate emissions,Emissions (N2O),kilotonnes,60.869,59.6844,59.0277,62.9655,61.356,55.7065,56.9728,59.08,51.8189,51.3466,54.3017,51.6232,50.3432,54.1449,56.6486,57.36,56.673,57.6474,58.5434,57.3464,60.1457
Spain,Farm-gate emissions,Emissions (CO2),kilotonnes,7227.1972,6676.3979,6639.6206,8232.6729,9349.7218,8680.1461,7606.6922,8054.955,7231.1097,6210.3899,6170.7321,6556.6775,7324.9206,7592.975,7152.8931,6404.4845,6821.0787,6880.0006,7346.4024,7404.6029,7404.6029
Spain,Farm-gate emissions,Emissions (CO2eq) from CH4 (AR5),kilotonnes,27743.3451,28209.274,28475.1059,28679.0962,28853.8549,28340.5489,27747.5655,28350.5408,26575.9324,26996.4315,26459.9721,25727.466,25213.2176,25028.9157,25806.9439,26777.904,26951.0299,27297.9541,27543.2587,27696.921,28123.7417
Spain,Farm-gate emissions,Emissions (CO2eq) from N2O (AR5),kilotonnes,16130.2898,15816.3638,15642.3387,16685.8526,16259.337,14762.2226,15097.7881,15656.2083,13732.0026,13606.8389,14389.9471,13680.138,13340.9545,14348.4017,15011.8759,15200.4069,15018.3451,15276.5689,15514.0038,15196.8065,15938.6046
Spain,Farm-gate emissions,Emissions (CO2eq) (AR5),kilotonnes,51100.8322,50702.0357,50757.0653,53597.6217,54462.9137,51782.9176,50452.0458,52061.7041,47539.0447,46813.6603,47020.6513,45964.2815,45879.0928,46970.2924,47971.7129,48382.7954,48790.4536,49454.5236,50403.6649,50298.3305,51466.9492
Spain,Land Use change,Emissions (CH4),kilotonnes,0,0,0,0,0,0,0,0,0,0,0,0,0,0,0,0,0,0,0,0,0
Spain,Land Use change,Emissions (N2O),kilotonnes,0,0,0,0,0,0,0,0,0,0,0,0,0,0,0,0,0,0,0,0,0
Spain,Land Use change,Emissions (CO2),kilotonnes,0,0,0,0,0,0,0,0,0,0,0,464.5491,464.5491,464.5491,464.5491,464.5491,807.8143,807.8143,807.8143,807.8143,807.8143
Spain,Land Use change,Emissions (CO2eq) from CH4 (AR5),kilotonnes,0,0,0,0,0,0,0,0,0,0,0,0,0,0,0,0,0,0,0,0,0
Spain,Land Use change,Emissions (CO2eq) from N2O (AR5),kilotonnes,0,0,0,0,0,0,0,0,0,0,0,0,0,0,0,0,0,0,0,0,0
Spain,Land Use change,Emissions (CO2eq) (AR5),kilotonnes,0,0,0,0,0,0,0,0,0,0,0,464.5491,464.5491,464.5491,464.5491,464.5491,807.8143,807.8143,807.8143,807.8143,807.8143
Spain,Emissions on agricultural land,Emissions (CH4),kilotonnes,990.8338,1007.4741,1016.9681,1024.2534,1030.4948,1012.1625,990.9845,1012.5193,949.1404,964.1583,944.999,918.8381,900.4721,893.8898,921.6766,956.3537,962.5368,974.9269,983.6878,989.1758,1004.4193
Spain,Emissions on agricultural land,Emissions (N2O),kilotonnes,60.869,59.6844,59.0277,62.9655,61.356,55.7065,56.9728,59.08,51.8189,51.3466,54.3017,51.6232,50.3432,54.1449,56.6486,57.36,56.673,57.6474,58.5434,57.3464,60.1457
Spain,Emissions on agricultural land,Emissions (CO2),kilotonnes,7227.1972,6676.3979,6639.6206,8232.6729,9349.7218,8680.1461,7606.6922,8054.955,7231.1097,6210.3899,6170.7321,7021.2266,7789.4697,8057.524,7617.4421,6869.0336,7628.8929,7687.8148,8154.2167,8212.4172,8212.4172
Spain,Emissions on agricultural land,Emissions (CO2eq) from CH4 (AR5),kilotonnes,27743.3451,28209.274,28475.1059,28679.0962,28853.8549,28340.5489,27747.5655,28350.5408,26575.9324,26996.4315,26459.9721,25727.466,25213.2176,25028.9157,25806.9439,26777.904,26951.0299,27297.9541,27543.2587,27696.921,28123.7417
Spain,Emissions on agricultural land,Emissions (CO2eq) from N2O (AR5),kilotonnes,16130.2898,15816.3638,15642.3387,16685.8526,16259.337,14762.2226,15097.7881,15656.2083,13732.0026,13606.8389,14389.9471,13680.138,13340.9545,14348.4017,15011.8759,15200.4069,15018.3451,15276.5689,15514.0038,15196.8065,15938.6046
Spain,Emissions on agricultural land,Emissions (CO2eq) (AR5),kilotonnes,51100.8322,50702.0357,50757.0653,53597.6217,54462.9137,51782.9176,50452.0458,52061.7041,47539.0447,46813.6603,47020.6513,46428.8306,46343.6418,47434.8415,48436.262,48847.3445,49598.2679,50262.3378,51211.4792,51106.1447,52274.7635
Spain,Pre- and post- production,Emissions (CH4),kilotonnes,744.0641,754.7686,763.3253,822.7507,787.168,509.2468,522.2738,536.1524,469.6595,468.7804,469.9509,470.4539,470.2826,472.742,467.6188,460.7164,456.9751,460.2734,463.9951,470.8837,469.6365
Spain,Pre- and post- production,Emissions (N2O),kilotonnes,3.3053,3.3589,3.4714,3.5345,3.5727,3.6144,3.6162,3.6579,3.656,3.6854,3.6534,3.6296,3.5305,3.4194,3.2998,3.3275,3.2989,3.4361,3.5531,3.7447,3.7626
Spain,Pre- and post- production,Emissions (CO2),kilotonnes,31895.8637,32094.2086,34926.6289,34956.4596,35469.8601,36606.8145,33689.1972,34379.6675,31506.2493,29059.1164,26803.305,27155.5694,26769.7363,27722.1012,27952.7911,28908.7894,29515.847,30306.5825,29594.8432,30702.7005,25217.7598
Spain,Pre- and post- production,Emissions (CO2eq) from F-gases (AR5),kilotonnes,2485.8075,3001.671,3506.1055,4021.969,4553.937,5172.6615,5696.837,6221.532,6280.2355,6300.496,6302.0545,6294.262,6282.833,6269.8455,6269.8455,6269.8455,6745.188,6861.0365,6976.885,7092.7335,5655.0172
Spain,Pre- and post- production,Emissions (CO2eq) from CH4 (AR5),kilotonnes,20833.7936,21133.5209,21373.1073,23037.0201,22040.7029,14258.9109,14623.6676,15012.2675,13150.4651,13125.8512,13158.6244,13172.7081,13167.9134,13236.7756,13093.3275,12900.0594,12795.3034,12887.6555,12991.8622,13184.7441,13149.8219
Spain,Pre- and post- production,Emissions (CO2eq) from N2O (AR5),kilotonnes,875.9047,890.1032,919.9243,936.6467,946.7658,957.8188,958.3006,969.3326,968.8525,976.6434,968.1618,961.8518,935.5709,906.1471,874.4438,881.8007,874.2019,910.577,941.5719,992.354,997.0983
Spain,Pre- and post- production,Emissions (CO2eq) (AR5),kilotonnes,56091.3695,57119.5037,60725.7661,62952.0955,63011.2658,56996.2057,54968.0024,56582.7996,51905.8024,49462.107,47232.1458,47584.3913,47156.0536,48134.8694,48190.4079,48960.495,49930.5404,50965.8515,50505.1624,51972.5321,45019.6973
Spain,Agri-food systems,Emissions (CH4),kilotonnes,1734.8978,1762.2427,1780.2933,1847.0042,1817.6628,1521.4093,1513.2583,1548.6717,1418.7999,1432.9387,1414.9499,1389.2919,1370.7547,1366.6318,1389.2954,1417.0701,1419.5119,1435.2003,1447.6829,1460.0595,1474.0558
Spain,Agri-food systems,Emissions (N2O),kilotonnes,64.1743,63.0433,62.4991,66.5,64.9287,59.3209,60.589,62.7379,55.4749,55.032,57.9551,55.2528,53.8737,57.5643,59.9484,60.6876,59.9719,61.0836,62.0965,61.0912,63.9083
Spain,Agri-food systems,Emissions (CO2),kilotonnes,39123.0609,38770.6065,41566.2496,43189.1326,44819.5818,45286.9606,41295.8894,42434.6225,38737.3589,35269.5063,32974.0371,34176.7959,34559.206,35779.6252,35570.2332,35777.8231,37144.7399,37994.3973,37749.0599,38915.1177,33430.177
Spain,Agri-food systems,Emissions (CO2eq) from F-gases (AR5),kilotonnes,2485.8075,3001.671,3506.1055,4021.969,4553.937,5172.6615,5696.837,6221.532,6280.2355,6300.496,6302.0545,6294.262,6282.833,6269.8455,6269.8455,6269.8455,6745.188,6861.0365,6976.885,7092.7335,5655.0172
Spain,Agri-food systems,Emissions (CO2eq) from CH4 (AR5),kilotonnes,48577.1387,49342.7949,49848.2132,51716.1163,50894.5578,42599.4598,42371.2331,43362.8083,39726.3975,40122.2827,39618.5965,38900.1741,38381.1311,38265.6913,38900.2714,39677.9634,39746.3333,40185.6096,40535.121,40881.6652,41273.5637
Spain,Agri-food systems,Emissions (CO2eq) from N2O (AR5),kilotonnes,17006.1945,16706.467,16562.2631,17622.4993,17206.1028,15720.0414,16056.0887,16625.5409,14700.8552,14583.4823,15358.1089,14641.9898,14276.5254,15254.5488,15886.3197,16082.2076,15892.547,16187.1459,16455.5757,16189.1605,16935.7028
Spain,Agri-food systems,Emissions (CO2eq) (AR5),kilotonnes,107192.2016,107821.5394,111482.8314,116549.7172,117474.1795,108779.1232,105420.0482,108644.5037,99444.8471,96275.7673,94252.797,94013.2219,93499.6955,95569.7109,96626.6699,97807.8396,99528.8082,101228.1894,101716.6416,103078.6768,97294.4608
Spain,IPCC Agriculture,Emissions (CH4),kilotonnes,989.7968,1006.3596,1015.8721,1023.0822,1029.3111,1011.0605,989.996,1011.3863,948.1548,963.4632,944.2425,917.9309,899.6766,893.0149,920.9156,955.7165,961.8816,974.2048,982.9737,988.4711,1003.7147
Spain,IPCC Agriculture,Emissions (CH4),kilotonnes,1048.7127,1045.2634,1039.9785,1055.3082,1050.6561,1003.1968,969.1985,990.18,929.6564,938.2729,910.1348,906.1166,872.2814,846.9135,873.1907,900.5447,912.5978,928.2839,930.3755,935.7322,951.0017
Spain,IPCC Agriculture,Direct emissions (N2O),kilotonnes,38.7909,37.8932,37.3716,40.0792,38.6216,34.3035,35.6835,37.1225,32.1295,31.7273,34.184,32.4202,31.2651,34.2863,36.0451,36.1395,35.5142,36.0304,36.6899,35.5635,37.6355
Spain,IPCC Agriculture,Indirect emissions (N2O),kilotonnes,13.1071,12.9459,12.7148,13.6024,13.0591,11.8313,12.2152,12.5793,10.9183,10.891,11.6184,10.9709,10.6511,11.5053,12.1507,12.2493,11.9761,12.269,12.3367,12.0435,12.6244
Spain,IPCC Agriculture,Emissions (N2O),kilotonnes,58.5843,57.5341,56.9192,60.6217,58.6817,53.084,54.7547,56.6918,49.6852,49.3371,52.3534,49.8575,48.4228,52.1474,54.7837,55.2369,54.4,55.347,56.1309,54.8244,57.6237
Spain,IPCC Agriculture,Emissions (N2O),kilotonnes,49.7819,47.7725,46.0298,49.4561,47.7128,43.868,44.0729,45.4356,39.8879,40.1975,42.9753,41.0647,40.0519,42.1507,44.9754,45.3203,44.6076,46.4412,46.7033,45.9428,47.2098
Spain,IPCC Agriculture,Emissions (CO2),kilotonnes,761.7628,676.6792,637.2415,680.8812,633.9079,535.6512,582.652,575.2136,426.1777,550.5888,608.7855,545.0784,529.7672,599.3532,704.3318,625.2476,612.5034,703.7461,609.1303,559.5551,637.817
Spain,IPCC Agriculture,Emissions (CO2eq) from CH4 (AR5),kilotonnes,27714.3098,28178.0679,28444.4194,28646.3019,28820.7095,28309.6952,27719.8881,28318.8153,26548.3351,26976.9708,26438.7889,25702.0654,25190.9459,25004.4171,25785.6355,26760.0621,26932.6858,27277.7335,27523.2649,27677.1901,28104.0107
Spain,IPCC Agriculture,Emissions (CO2eq) from CH4 (AR5),kilotonnes,29363.9547,29267.3762,29119.397,29548.63,29418.3722,28089.5117,27137.5569,27725.04,26030.3802,26271.6405,25483.7739,25371.2655,24423.8792,23713.5782,24449.3388,25215.2511,25552.7373,25991.9489,26050.5147,26200.5004,26628.0474
Spain,IPCC Agriculture,Emissions (CO2eq) from N2O (AR5),kilotonnes,15524.847,15246.5314,15083.587,16064.751,15550.6585,14067.257,14509.9867,15023.3185,13166.5805,13074.3238,13873.64,13212.2415,12832.05,13819.0696,14517.6864,14637.7787,14415.9881,14666.9491,14874.6959,14528.4749,15270.273
Spain,IPCC Agriculture,Emissions (CO2eq) from N2O (AR5),kilotonnes,13192.2024,12659.7168,12197.8864,13105.8572,12643.9049,11625.0234,11679.3137,12040.4229,10570.2961,10652.3357,11388.4562,10882.1529,10613.7483,11169.9385,11918.4769,12009.8728,11821.0199,12306.9253,12376.3715,12174.851,12510.5852
Spain,IPCC Agriculture,Emissions (CO2eq) (AR5),kilotonnes,43239.1567,43424.5993,43528.0064,44711.0529,44371.368,42376.9522,42229.8747,43342.1338,39714.9156,40051.2946,40312.4289,38914.3069,38022.9958,38823.4867,40303.322,41397.8409,41348.6739,41944.6825,42397.9608,42205.665,43374.2838
Spain,IPCC Agriculture,Emissions (CO2eq) (AR5),kilotonnes,43317.9199,42603.7721,41954.5248,43335.3684,42696.1849,40250.1863,39399.5226,40340.6764,37026.854,37474.565,37481.0157,36798.4969,35567.3946,35482.8699,37072.1475,37850.3716,37986.2607,39002.6203,39036.0165,38934.9065,39776.4496
Spain,Agricultural Soils,Direct emissions (N2O),kilotonnes,38.7909,37.8932,37.3716,40.0792,38.6216,34.3035,35.6835,37.1225,32.1295,31.7273,34.184,32.4202,31.2651,34.2863,36.0451,36.1395,35.5142,36.0304,36.6899,35.5635,37.6355
Spain,Agricultural Soils,Direct emissions (N2O),kilotonnes,37.8502,35.9592,34.4694,37.5951,35.9242,32.6774,33.022,34.1607,29.5743,29.9057,32.5527,30.9414,30.0114,31.9415,34.3257,34.4403,33.6526,35.1262,35.3155,34.6626,35.641
Spain,Agricultural Soils,Indirect emissions (N2O),kilotonnes,13.1071,12.9459,12.7148,13.6024,13.0591,11.8313,12.2152,12.5793,10.9183,10.891,11.6184,10.9709,10.6511,11.5053,12.1507,12.2493,11.9761,12.269,12.3367,12.0435,12.6244
Spain,Agricultural Soils,Indirect emissions (N2O),kilotonnes,6.0555,5.9482,5.7972,6.1204,5.9799,5.4779,5.5254,5.7064,5.0713,5.1576,5.385,5.1655,5.0923,5.3075,5.6571,5.7132,5.6768,5.9308,5.8689,5.765,5.983
Spain,Agricultural Soils,Emissions (N2O),kilotonnes,52.1576,51.0959,50.3623,53.958,51.9608,46.4141,48.1773,49.9762,43.3222,42.8907,46.0747,43.6635,42.1878,46.0631,48.4668,48.6598,47.7608,48.5653,49.29,47.8805,50.5334
Spain,Agricultural Soils,Emissions (N2O),kilotonnes,43.9057,41.9074,40.2665,43.7155,41.9041,38.1553,38.5473,39.8671,34.6456,35.0633,37.9377,36.1069,35.1037,37.249,39.9828,40.1535,39.3294,41.057,41.1844,40.4275,41.6241
Spain,Agricultural Soils,Emissions (CO2eq) from N2O (AR5),kilotonnes,13821.7628,13540.4099,13346.0134,14298.8697,13769.6092,12299.7462,12766.9883,13243.704,11480.3895,11366.0404,12209.7906,11570.8189,11179.7562,12206.726,12843.701,12894.8444,12656.6048,12869.793,13061.8619,12688.3391,13391.3503
Spain,Agricultural Soils,Emissions (CO2eq) from N2O (AR5),kilotonnes,11635.009,11105.4661,10670.6341,11584.6189,11104.5787,10111.1635,10215.0429,10564.7834,9181.0831,9291.7718,10053.4792,9568.3195,9302.4715,9870.9768,10595.4348,10640.6872,10422.2823,10880.1149,10913.8691,10713.2969,11030.3735
Spain,Agricultural Soils,Emissions (CO2eq) (AR5),kilotonnes,13821.7628,13540.4099,13346.0134,14298.8697,13769.6092,12299.7462,12766.9883,13243.704,11480.3895,11366.0404,12209.7906,11570.8189,11179.7562,12206.726,12843.701,12894.8444,12656.6048,12869.793,13061.8619,12688.3391,13391.3503
Spain,Agricultural Soils,Emissions (CO2eq) (AR5),kilotonnes,11635.009,11105.4661,10670.6341,11584.6189,11104.5787,10111.1635,10215.0429,10564.7834,9181.0831,9291.7718,10053.4792,9568.3195,9302.4715,9870.9768,10595.4348,10640.6872,10422.2823,10880.1149,10913.8691,10713.2969,11030.3735
Spain,LULUCF,Emissions (CH4),kilotonnes,4.5157,0.1246,0.2767,0.5432,0.4611,1.094,1.2363,0.3158,0.0474,0.2491,0.0449,0.2891,0.5132,0.0947,0.1371,0.4163,0.4457,1.1962,0.0673,0.3361,0.117
Spain,LULUCF,Emissions (CH4),kilotonnes,11.6982,5.6676,6.8142,9.6614,9.42,12.2424,11.4312,4.9611,3.2364,7.481,3.5047,6.4079,13.8681,4.0121,3.1407,7.2152,3.7233,9.4531,1.5983,6.0782,
Spain,LULUCF,Emissions (N2O),kilotonnes,0.2498,0.0114,0.0253,0.0496,0.0421,0.0999,0.1129,0.0288,0.0043,0.0227,0.0041,0.0264,0.0469,0.0086,0.0125,0.038,0.0407,0.1092,0.0061,0.0307,0.0107
Spain,LULUCF,Emissions (N2O),kilotonnes,1.806,1.3243,1.4086,1.5888,1.5641,1.8236,1.6871,1.2384,1.1302,1.4415,1.1014,1.2935,1.7654,0.9844,0.8901,1.1482,0.8239,1.2026,0.5663,0.8781,
Spain,LULUCF,Emissions (CO2),kilotonnes,-42667.767,-19203.6314,-19170.9927,-19170.2196,-19163.1445,-19164.1424,-19165.1403,-19171.7354,-19171.7354,-19174.7422,-19175.0456,-7894.971,-7895.9943,-7895.9943,-7896.7662,-7896.7662,-13910.0324,-13916.9545,-13920.5542,-13903.4762,-13903.4762
Spain,LULUCF,Emissions (CO2),kilotonnes,-40387.0378,-41147.6881,-39690.6799,-39248.6339,-39360.2999,-39230.5969,-41185.4296,-38635.49,-38215.8693,-35869.8142,-37888.3683,-37964.7509,-36313.3243,-34733.6722,-36650.7415,-39268.889,-38943.5023,-39428.4115,-39091.05,-37990.5621,
Spain,LULUCF,Emissions (CO2eq) from CH4 (AR5),kilotonnes,126.4395,3.4893,7.7474,15.2092,12.9119,30.6322,34.6151,8.8412,1.3261,6.9738,1.2558,8.0957,14.37,2.6519,3.8384,11.6557,12.4808,33.4941,1.8835,9.4122,3.2771
Spain,LULUCF,Emissions (CO2eq) from N2O (AR5),kilotonnes,66.1981,3.0152,6.6948,13.1427,11.1576,26.4702,29.912,7.64,1.146,6.0263,1.0852,6.9958,12.4176,2.2916,3.3169,10.072,10.7851,28.9432,1.6276,8.1333,2.8318
Spain,LULUCF,Emissions (CO2eq) (AR5),kilotonnes,-42475.1295,-19197.1268,-19156.5504,-19141.8677,-19139.075,-19107.0399,-19100.6132,-19155.2542,-19169.2633,-19161.7422,-19172.7045,-7879.8795,-7869.2067,-7891.0508,-7889.611,-7875.0385,-13886.7666,-13854.5172,-13917.0432,-13885.9307,-13897.3673
Spain,LULUCF,Emissions (CO2eq) (AR5),kilotonnes,-40387.0378,-41147.6881,-39690.6799,-39248.6339,-39360.2999,-39230.5969,-41185.4296,-38635.49,-38215.8693,-35869.8142,-37888.3683,-37964.7509,-36313.3243,-34733.6722,-36650.7415,-39268.889,-38943.5023,-39428.4115,-39091.05,-37990.5621,
Spain,AFOLU,Emissions (CH4),kilotonnes,994.3125,1006.4842,1016.1488,1023.6254,1029.7722,1012.1546,991.2323,1011.702,948.2022,963.7123,944.2873,918.22,900.1899,893.1096,921.0526,956.1328,962.3274,975.401,983.041,988.8072,1003.8317
Spain,AFOLU,Emissions (N2O),kilotonnes,58.8341,57.5455,56.9445,60.6713,58.7238,53.1839,54.8675,56.7206,49.6895,49.3598,52.3575,49.8839,48.4697,52.1561,54.7962,55.2749,54.4407,55.4562,56.1371,54.8551,57.6344
Spain,AFOLU,Emissions (CO2),kilotonnes,-42667.767,-19203.6314,-19170.9927,-19170.2196,-19163.1445,-19164.1424,-19165.1403,-19171.7354,-19171.7354,-19174.7422,-19175.0456,-7894.971,-7895.9943,-7895.9943,-7896.7662,-7896.7662,-13910.0324,-13916.9545,-13920.5542,-13903.4762,-13903.4762
Spain,AFOLU,Emissions (CO2eq) from CH4 (AR5),kilotonnes,27840.7492,28181.5572,28452.1668,28661.5111,28833.6214,28340.3275,27754.5032,28327.6565,26549.6613,26983.9446,26440.0447,25710.1611,25205.3159,25007.069,25789.4739,26771.7178,26945.1666,27311.2275,27525.1483,27686.6022,28107.2878
Spain,AFOLU,Emissions (CO2eq) from N2O (AR5),kilotonnes,15591.045,15249.5466,15090.2818,16077.8937,15561.816,14093.7272,14539.8987,15030.9585,13167.7264,13080.3501,13874.7252,13219.2373,12844.4675,13821.3612,14521.0033,14647.8507,14426.7731,14695.8923,14876.3235,14536.6083,15273.1048
Spain,AFOLU,Emissions (CO2eq) (AR5),kilotonnes,764.0273,24227.4725,24371.456,25569.1852,25232.293,23269.9123,23129.2616,24186.8797,20545.6523,20889.5525,21139.7244,31034.4274,30153.7891,30932.4358,32413.711,33522.8023,27461.9073,28090.1653,28480.9176,28319.7343,29476.9164
Spain,All sectors with LULUCF,Emissions (CH4),kilotonnes,1710.4525,1742.6242,1765.2488,1771.6954,1774.9722,1776.4246,1770.4023,1806.992,1754.6222,1845.8423,1792.5873,1763.42,1713.3999,1647.2896,1681.3226,1728.4028,1727.5974,1739.781,1751.381,1721.0672,1713.5117
Spain,All sectors with LULUCF,Emissions (N2O),kilotonnes,88.2741,86.5555,85.0745,89.2313,87.1138,81.6639,81.9775,83.7106,75.1895,74.1298,76.6375,73.6939,71.5297,74.6861,76.0962,77.6749,76.7707,78.0962,78.5871,76.3851,78.7144
Spain,All sectors with LULUCF,Emissions (CO2),kilotonnes,264162.233,289296.3686,304789.0073,312809.7804,329686.8555,342415.8576,336414.8597,344908.2646,319008.2646,279615.2578,264624.9544,276855.029,271404.0057,243624.0057,240653.2338,257823.2338,245859.9676,267963.0455,264759.4458,249576.5238,202116.5238
Spain,All sectors with LULUCF,Emissions (CO2eq) from F-gases (AR5),kilotonnes,6782.847,7239.5716,7511.6629,8415.3947,8979.0123,9698.1107,10592.125,11466.7041,12341.2832,12535.6341,13118.6869,12632.8096,12049.7568,12146.9323,12049.7568,7774.0367,7589.4033,6831.4347,5636.1766,4314.5903,3440.0112
Spain,All sectors with LULUCF,Emissions (CO2eq) from CH4 (AR5),kilotonnes,47892.6692,48793.4772,49426.9668,49607.4711,49699.2214,49739.8875,49571.2632,50595.7765,49129.4213,51683.5846,50192.4447,49375.7611,47975.1959,46124.109,47077.0339,48395.2778,48372.7266,48713.8675,49038.6683,48189.8822,47978.3278
Spain,All sectors with LULUCF,Emissions (CO2eq) from N2O (AR5),kilotonnes,23392.645,22937.1966,22544.7318,23646.2937,23085.166,21640.9272,21724.0487,22183.3085,19925.2264,19644.4001,20308.9252,19528.8873,18955.3675,19791.8112,20165.5033,20583.8507,20344.2231,20695.4923,20825.5735,20242.0583,20859.3048
Spain,All sectors with LULUCF,Emissions (CO2eq) (AR5),kilotonnes,342230.3943,368266.6141,384272.3689,394478.9399,411450.2553,423494.783,418302.2965,429154.0537,400404.1955,363478.8766,348245.0113,358392.487,350384.3259,321686.8581,319945.5278,334576.399,322166.3206,344203.8401,340259.8642,322323.0547,274394.1677
Spain,All sectors without LULUCF,Emissions (CH4),kilotonnes,1705.9368,1742.4996,1764.9721,1771.1522,1774.5111,1775.3305,1769.166,1806.6763,1754.5748,1845.5932,1792.5425,1763.1309,1712.8866,1647.1949,1681.1856,1727.9865,1727.1516,1738.5848,1751.3137,1720.7311,1713.3947
Spain,All sectors without LULUCF,Emissions (N2O),kilotonnes,88.0243,86.5441,85.0492,89.1817,87.0717,81.564,81.8647,83.6818,75.1852,74.1071,76.6334,73.6675,71.4828,74.6774,76.0837,77.6369,76.73,77.987,78.5809,76.3544,78.7037
Spain,All sectors without LULUCF,Emissions (CO2),kilotonnes,306830,308500,323960,331980,348850,361580,355580,364080,338180,298790,283800,284750,279300,251520,248550,265720,259770,281880,278680,263480,216020
Spain,All sectors without LULUCF,Emissions (CO2eq) from F-gases (AR5),kilotonnes,6782.847,7239.5716,7511.6629,8415.3947,8979.0123,9698.1107,10592.125,11466.7041,12341.2832,12535.6341,13118.6869,12632.8096,12049.7568,12146.9323,12049.7568,7774.0367,7589.4033,6831.4347,5636.1766,4314.5903,3440.0112
Spain,All sectors without LULUCF,Emissions (CO2eq) from CH4 (AR5),kilotonnes,47766.2298,48789.9879,49419.2194,49592.2619,49686.3095,49709.2552,49536.6481,50586.9353,49128.0951,51676.6108,50191.1889,49367.6654,47960.8259,46121.4571,47073.1955,48383.6221,48360.2458,48680.3735,49036.7849,48180.4701,47975.0507
Spain,All sectors without LULUCF,Emissions (CO2eq) from N2O (AR5),kilotonnes,23326.447,22934.1814,22538.037,23633.151,23074.0085,21614.457,21694.1367,22175.6685,19924.0805,19638.3738,20307.84,19521.8915,18942.95,19789.5196,20162.1864,20573.7787,20333.4381,20666.5491,20823.9459,20233.9249,20856.473
Spain,All sectors without LULUCF,Emissions (CO2eq) (AR5),kilotonnes,384705.5237,387463.7409,403428.9193,413620.8076,430589.3304,442601.8229,437402.9097,448309.3079,419573.4588,382640.6187,367417.7158,366272.3665,358253.5326,329577.9089,327835.1388,342451.4375,336053.0872,358058.3573,354176.9074,336208.9854,288291.535
Sri Lanka,Crop Residues,Direct emissions (N2O),kilotonnes,0.609,0.5682,0.6057,0.6601,0.5478,0.6841,0.6949,0.642,0.8136,0.752,0.8719,0.8269,0.8215,0.9568,0.7157,0.9971,0.9218,0.5615,0.832,0.8844,0.9904
Sri Lanka,Crop Residues,Indirect emissions (N2O),kilotonnes,0.137,0.1278,0.1363,0.1485,0.1232,0.1539,0.1563,0.1445,0.1831,0.1692,0.1962,0.186,0.1848,0.2153,0.161,0.2243,0.2074,0.1263,0.1872,0.199,0.2228
Sri Lanka,Crop Residues,Emissions (N2O),kilotonnes,0.746,0.696,0.7419,0.8086,0.671,0.838,0.8512,0.7865,0.9967,0.9212,1.0681,1.0129,1.0064,1.172,0.8767,1.2214,1.1293,0.6878,1.0192,1.0834,1.2133
Sri Lanka,Crop Residues,Emissions (CO2eq) from N2O (AR5),kilotonnes,197.6889,184.4358,196.6103,214.2866,177.8195,222.0622,225.5768,208.4221,264.1189,244.1259,283.044,268.417,266.6898,310.59,232.3241,323.669,299.2537,182.2612,270.0972,287.0929,321.5206
Sri Lanka,Crop Residues,Emissions (CO2eq) (AR5),kilotonnes,197.6889,184.4358,196.6103,214.2866,177.8195,222.0622,225.5768,208.4221,264.1189,244.1259,283.044,268.417,266.6898,310.59,232.3241,323.669,299.2537,182.2612,270.0972,287.0929,321.5206
Sri Lanka,Rice Cultivation,Emissions (CH4),kilotonnes,88.7578,81.6145,87.4339,97.2324,76.7765,97.6399,97.1314,87.1269,112.3333,100.5363,113.1192,116.3932,113.787,126.7358,93.9851,132.64,121.7563,84.4563,111.049,102.1563,113.7639
Sri Lanka,Rice Cultivation,Emissions (CO2eq) from CH4 (AR5),kilotonnes,2485.2173,2285.2051,2448.1481,2722.5077,2149.7428,2733.9182,2719.679,2439.5544,3145.3322,2815.0164,3167.3377,3259.01,3186.0366,3548.6035,2631.5822,3713.9212,3409.1775,2364.7768,3109.3712,2860.3776,3185.3884
Sri Lanka,Rice Cultivation,Emissions (CO2eq) (AR5),kilotonnes,2485.2173,2285.2051,2448.1481,2722.5077,2149.7428,2733.9182,2719.679,2439.5544,3145.3322,2815.0164,3167.3377,3259.01,3186.0366,3548.6035,2631.5822,3713.9212,3409.1775,2364.7768,3109.3712,2860.3776,3185.3884
Sri Lanka,Burning - Crop residues,Emissions (CH4),kilotonnes,1.3443,1.2374,1.311,1.456,1.1614,1.4655,1.4714,1.33,1.7257,1.5609,1.7563,1.7781,1.7657,1.9835,1.5262,2.0487,1.9188,1.3489,1.7648,1.6161,1.8202
Sri Lanka,Burning - Crop residues,Emissions (CH4),kilotonnes,1.11,,,,,,,,,,,,,,,,,,,,
Sri Lanka,Burning - Crop residues,Emissions (N2O),kilotonnes,0.0349,0.0321,0.034,0.0377,0.0301,0.038,0.0381,0.0345,0.0447,0.0405,0.0455,0.0461,0.0458,0.0514,0.0396,0.0531,0.0497,0.035,0.0458,0.0419,0.0472
Sri Lanka,Burning - Crop residues,Emissions (N2O),kilotonnes,0.08,,,,,,,,,,,,,,,,,,,,
Sri Lanka,Burning - Crop residues,Emissions (CO2eq) from CH4 (AR5),kilotonnes,37.6414,34.6459,36.7088,40.769,32.5196,41.0353,41.2003,37.239,48.3188,43.7051,49.1756,49.7861,49.4399,55.5384,42.7339,57.3635,53.7266,37.7699,49.4156,45.2504,50.9657
Sri Lanka,Burning - Crop residues,Emissions (CO2eq) from CH4 (AR5),kilotonnes,31.08,,,,,,,,,,,,,,,,,,,,
Sri Lanka,Burning - Crop residues,Emissions (CO2eq) from N2O (AR5),kilotonnes,9.2361,8.5011,9.0072,10.0035,7.9793,10.0688,10.1093,9.1374,11.856,10.7239,12.0662,12.216,12.1311,13.6275,10.4856,14.0753,13.1829,9.2676,12.1251,11.1031,12.5055
Sri Lanka,Burning - Crop residues,Emissions (CO2eq) from N2O (AR5),kilotonnes,21.2,,,,,,,,,,,,,,,,,,,,
Sri Lanka,Burning - Crop residues,Emissions (CO2eq) (AR5),kilotonnes,46.8775,43.147,45.716,50.7725,40.499,51.1041,51.3097,46.3764,60.1748,54.4291,61.2418,62.0021,61.571,69.1659,53.2196,71.4388,66.9096,47.0376,61.5407,56.3536,63.4711
Sri Lanka,Burning - Crop residues,Emissions (CO2eq) (AR5),kilotonnes,52.28,,,,,,,,,,,,,,,,,,,,
Sri Lanka,Enteric Fermentation,Emissions (CH4),kilotonnes,56.9841,56.3723,53.8959,54.9508,56.815,57.9514,58.4612,59.6258,59.5822,60.5474,64.5554,64.2835,66.9295,63.7991,58.2736,58.1623,50.4878,53.4099,58.9368,57.5054,59.8955
Sri Lanka,Enteric Fermentation,Emissions (CH4),kilotonnes,59.68,,,,,,,,,,,,,,,,,,,,
Sri Lanka,Enteric Fermentation,Emissions (CO2eq) from CH4 (AR5),kilotonnes,1595.5548,1578.4244,1509.0851,1538.6235,1590.8197,1622.6381,1636.9139,1669.5224,1668.3019,1695.3261,1807.5525,1799.9393,1874.0268,1786.3734,1631.6608,1628.5448,1413.6578,1495.4766,1650.2314,1610.1502,1677.0728
Sri Lanka,Enteric Fermentation,Emissions (CO2eq) from CH4 (AR5),kilotonnes,1671.04,,,,,,,,,,,,,,,,,,,,
Sri Lanka,Enteric Fermentation,Emissions (CO2eq) (AR5),kilotonnes,1595.5548,1578.4244,1509.0851,1538.6235,1590.8197,1622.6381,1636.9139,1669.5224,1668.3019,1695.3261,1807.5525,1799.9393,1874.0268,1786.3734,1631.6608,1628.5448,1413.6578,1495.4766,1650.2314,1610.1502,1677.0728
Sri Lanka,Enteric Fermentation,Emissions (CO2eq) (AR5),kilotonnes,1671.04,,,,,,,,,,,,,,,,,,,,
Sri Lanka,Manure Management,Emissions (CH4),kilotonnes,5.3804,5.3096,5.2293,5.1823,5.4411,5.588,5.7195,5.8435,5.842,5.8833,6.2672,6.2277,6.5138,6.3011,5.9656,5.7605,5.2768,5.6087,6.0889,5.922,6.2269
Sri Lanka,Manure Management,Emissions (CH4),kilotonnes,6.92,,,,,,,,,,,,,,,,,,,,
Sri Lanka,Manure Management,Emissions (N2O),kilotonnes,0.0658,0.0651,0.0654,0.0631,0.068,0.0702,0.0743,0.076,0.0764,0.0757,0.0798,0.0797,0.0814,0.0823,0.0793,0.0755,0.0789,0.0823,0.0847,0.0819,0.0894
Sri Lanka,Manure Management,Emissions (N2O),kilotonnes,0.12,,,,,,,,,,,,,,,,,,,,
Sri Lanka,Manure Management,Emissions (CO2eq) from CH4 (AR5),kilotonnes,150.6514,148.6697,146.4194,145.1058,152.3498,156.4642,160.1473,163.6179,163.5768,164.7312,175.4806,174.3759,182.3865,176.432,167.0362,161.2929,147.7501,157.0433,170.4901,165.8159,174.3533
Sri Lanka,Manure Management,Emissions (CO2eq) from CH4 (AR5),kilotonnes,193.76,,,,,,,,,,,,,,,,,,,,
Sri Lanka,Manure Management,Emissions (CO2eq) from N2O (AR5),kilotonnes,17.4385,17.2437,17.319,16.7185,18.0276,18.6145,19.6818,20.1442,20.2538,20.0608,21.1461,21.1239,21.5796,21.8162,21.0208,20.0149,20.916,21.8186,22.4441,21.6934,23.6811
Sri Lanka,Manure Management,Emissions (CO2eq) from N2O (AR5),kilotonnes,31.8,,,,,,,,,,,,,,,,,,,,
Sri Lanka,Manure Management,Emissions (CO2eq) (AR5),kilotonnes,168.0899,165.9134,163.7384,161.8242,170.3775,175.0786,179.8292,183.7621,183.8306,184.792,196.6267,195.4999,203.966,198.2482,188.057,181.3077,168.6662,178.8619,192.9342,187.5093,198.0343
Sri Lanka,Manure Management,Emissions (CO2eq) (AR5),kilotonnes,225.56,,,,,,,,,,,,,,,,,,,,
Sri Lanka,Manure left on Pasture,Direct emissions (N2O),kilotonnes,0.6919,0.6861,0.642,0.6565,0.6812,0.6941,0.7093,0.7263,0.7305,0.7329,0.7733,0.7725,0.8045,0.7925,0.7348,0.7343,0.6851,0.7181,0.7743,0.7559,0.8037
Sri Lanka,Manure left on Pasture,Indirect emissions (N2O),kilotonnes,0.1712,0.1698,0.1536,0.1597,0.1646,0.1668,0.1695,0.1736,0.1737,0.1742,0.1825,0.1825,0.1897,0.1847,0.1709,0.1712,0.1587,0.1668,0.1801,0.1761,0.1872
Sri Lanka,Manure left on Pasture,Emissions (N2O),kilotonnes,0.8631,0.8559,0.7956,0.8163,0.8458,0.8609,0.8789,0.8999,0.9042,0.907,0.9558,0.955,0.9941,0.9772,0.9058,0.9055,0.8438,0.8848,0.9543,0.932,0.991
Sri Lanka,Manure left on Pasture,Emissions (CO2eq) from N2O (AR5),kilotonnes,228.7128,226.818,210.8389,216.3185,224.1426,228.1355,232.9007,238.4741,239.6025,240.3657,253.2928,253.0666,263.4432,258.9462,240.0252,239.9606,223.6091,234.4836,252.9,246.9763,262.6026
Sri Lanka,Manure left on Pasture,Emissions (CO2eq) (AR5),kilotonnes,228.7128,226.818,210.8389,216.3185,224.1426,228.1355,232.9007,238.4741,239.6025,240.3657,253.2928,253.0666,263.4432,258.9462,240.0252,239.9606,223.6091,234.4836,252.9,246.9763,262.6026
Sri Lanka,Manure applied to Soils,Direct emissions (N2O),kilotonnes,0.1642,0.1626,0.1607,0.158,0.1681,0.173,0.1812,0.1856,0.1875,0.1869,0.1978,0.1976,0.2035,0.206,0.1945,0.1903,0.1913,0.199,0.2081,0.202,0.2189
Sri Lanka,Manure applied to Soils,Indirect emissions (N2O),kilotonnes,0.0698,0.0691,0.0683,0.0672,0.0715,0.0735,0.077,0.0789,0.0797,0.0794,0.0841,0.084,0.0865,0.0876,0.0827,0.0809,0.0813,0.0846,0.0884,0.0858,0.093
Sri Lanka,Manure applied to Soils,Emissions (N2O),kilotonnes,0.234,0.2317,0.229,0.2252,0.2396,0.2466,0.2582,0.2644,0.2672,0.2664,0.2818,0.2816,0.29,0.2936,0.2772,0.2712,0.2726,0.2836,0.2966,0.2878,0.3119
Sri Lanka,Manure applied to Soils,Emissions (CO2eq) from N2O (AR5),kilotonnes,62.0082,61.4086,60.6962,59.6727,63.4957,65.3391,68.41,70.076,70.8024,70.5906,74.6828,74.6266,76.8409,77.7994,73.4479,71.8578,72.2302,75.1532,78.5872,76.2693,82.654
Sri Lanka,Manure applied to Soils,Emissions (CO2eq) (AR5),kilotonnes,62.0082,61.4086,60.6962,59.6727,63.4957,65.3391,68.41,70.076,70.8024,70.5906,74.6828,74.6266,76.8409,77.7994,73.4479,71.8578,72.2302,75.1532,78.5872,76.2693,82.654
Sri Lanka,Synthetic Fertilizers,Direct emissions (N2O),kilotonnes,2.4746,2.4899,2.9593,2.3675,2.5651,2.853,2.7539,2.5395,3.2905,2.8558,2.6101,3.2903,2.5814,2.0075,3.5805,2.3581,1.8508,1.7243,1.0816,2.2448,3.7352
Sri Lanka,Synthetic Fertilizers,Indirect emissions (N2O),kilotonnes,0.8042,0.8092,0.9618,0.7694,0.8337,0.9272,0.895,0.8254,1.0694,0.9281,0.8483,1.0693,0.839,0.6524,1.1637,0.7664,0.6015,0.5604,0.3515,0.7296,1.214
Sri Lanka,Synthetic Fertilizers,Emissions (N2O),kilotonnes,3.2788,3.2991,3.921,3.1369,3.3988,3.7803,3.6489,3.3649,4.3599,3.7839,3.4584,4.3596,3.4204,2.66,4.7441,3.1245,2.4523,2.2847,1.4331,2.9744,4.9492
Sri Lanka,Synthetic Fertilizers,Emissions (CO2eq) from N2O (AR5),kilotonnes,868.8854,874.2651,1039.0727,831.2714,900.6727,1001.7677,966.9677,891.6955,1155.3633,1002.7388,916.4643,1155.2915,906.3981,704.894,1257.1969,827.9809,649.8556,605.4544,379.7799,788.2108,1311.535
Sri Lanka,Synthetic Fertilizers,Emissions (CO2eq) (AR5),kilotonnes,868.8854,874.2651,1039.0727,831.2714,900.6727,1001.7677,966.9677,891.6955,1155.3633,1002.7388,916.4643,1155.2915,906.3981,704.894,1257.1969,827.9809,649.8556,605.4544,379.7799,788.2108,1311.535
Sri Lanka,Drained organic soils,Emissions (CO2eq) (AR5),kilotonnes,1361.6856,1368.1279,1368.2656,1372.1378,1373.0097,1369.402,1366.428,1351.1899,1346.0332,1339.6828,1338.2099,1336.7037,1329.7041,1320.7126,1304.4449,1301.2087,1299.4595,1296.5501,1296.5625,1276.7268,1275.6327
Sri Lanka,Drained organic soils (CO2),Emissions (CO2),kilotonnes,1302.1335,1308.2333,1308.3488,1312.0085,1312.8317,1309.3716,1306.5258,1291.9295,1286.9751,1280.8819,1279.4744,1278.0283,1271.3435,1262.7321,1247.2287,1244.1694,1242.4325,1239.524,1239.5117,1220.4362,1219.3898
Sri Lanka,Drained organic soils (CO2),Emissions (CO2eq) (AR5),kilotonnes,1302.1335,1308.2333,1308.3488,1312.0085,1312.8317,1309.3716,1306.5258,1291.9295,1286.9751,1280.8819,1279.4744,1278.0283,1271.3435,1262.7321,1247.2287,1244.1694,1242.4325,1239.524,1239.5117,1220.4362,1219.3898
Sri Lanka,Drained organic soils (N2O),Emissions (N2O),kilotonnes,0.2247,0.226,0.2261,0.2269,0.2271,0.2265,0.226,0.2236,0.2229,0.2219,0.2216,0.2214,0.2202,0.2188,0.2159,0.2152,0.2152,0.2152,0.2153,0.2124,0.2122
Sri Lanka,Drained organic soils (N2O),Emissions (CO2eq) from N2O (AR5),kilotonnes,59.5521,59.8946,59.9168,60.1293,60.1779,60.0304,59.9022,59.2604,59.0581,58.8009,58.7355,58.6754,58.3606,57.9805,57.2162,57.0393,57.0269,57.026,57.0508,56.2906,56.2429
Sri Lanka,Drained organic soils (N2O),Emissions (CO2eq) (AR5),kilotonnes,59.5521,59.8946,59.9168,60.1293,60.1779,60.0304,59.9022,59.2604,59.0581,58.8009,58.7355,58.6754,58.3606,57.9805,57.2162,57.0393,57.0269,57.026,57.0508,56.2906,56.2429
Sri Lanka,On-farm energy use,Emissions (CH4),kilotonnes,0.0097,0.009,0.0094,0.0506,0.0496,0.0498,0.0491,0.0374,0.0433,0.0434,0.0426,0.0336,0.0342,0.027,0.0215,0.0142,0.0105,0.0066,0.0061,0.0032,0.0032
Sri Lanka,On-farm energy use,Emissions (N2O),kilotonnes,0.0126,0.0101,0.0101,0.0103,0.0128,0.0115,0.0103,0.009,0.0066,0.0041,0.0042,0.0041,0.0028,0.003,0.0024,0.0016,0.0008,0.0008,0.0007,0.0004,0.0004
Sri Lanka,On-farm energy use,Emissions (CO2),kilotonnes,98.7337,89.0464,93.2778,103.2411,110.6391,110.9655,106.7879,100.2794,94.729,84.8332,95.1121,93.7828,95.9039,81.1135,66.2736,49.9136,34.23,11.8963,11.3929,2.1628,2.1628
Sri Lanka,On-farm energy use,Emissions (CO2eq) from CH4 (AR5),kilotonnes,0.2706,0.2518,0.2633,1.4162,1.3877,1.3948,1.3736,1.0479,1.2123,1.2155,1.1929,0.9418,0.9575,0.757,0.6018,0.3976,0.2934,0.1861,0.1694,0.0893,0.0893
Sri Lanka,On-farm energy use,Emissions (CO2eq) from N2O (AR5),kilotonnes,3.3326,2.6782,2.6802,2.7273,3.3792,3.0582,2.7286,2.3873,1.7422,1.0886,1.1014,1.0843,0.7536,0.8022,0.6228,0.413,0.2218,0.208,0.1796,0.0946,0.0946
Sri Lanka,On-farm energy use,Emissions (CO2eq) (AR5),kilotonnes,102.3369,91.9765,96.2214,107.3846,115.4059,115.4185,110.8901,103.7146,97.6834,87.1374,97.4064,95.809,97.6149,82.6726,67.4982,50.7242,34.7452,12.2904,11.742,2.3467,2.3467
Sri Lanka,Forestland,Emissions (CO2),kilotonnes,-7.9435,-30.8531,-30.8531,-30.8531,-30.8531,-30.8531,-30.8531,-30.8531,-30.8531,-30.8531,-30.8531,-1348.6692,-1348.6692,-1348.6692,-1348.6692,-1348.6692,-36.0784,-36.0784,-36.0784,-36.0784,-36.0784
Sri Lanka,Forestland,Emissions (CO2eq) (AR5),kilotonnes,-7.9435,-30.8531,-30.8531,-30.8531,-30.8531,-30.8531,-30.8531,-30.8531,-30.8531,-30.8531,-30.8531,-1348.6692,-1348.6692,-1348.6692,-1348.6692,-1348.6692,-36.0784,-36.0784,-36.0784,-36.0784,-36.0784
Sri Lanka,Net Forest conversion,Emissions (CO2),kilotonnes,3184.8921,1087.7797,1087.7797,1087.7797,1087.7797,1087.7797,1087.7797,1087.7797,1087.7797,1087.7797,1087.7797,599.8256,599.8256,599.8256,599.8256,599.8256,598.4645,598.4645,598.4645,598.4645,598.4645
Sri Lanka,Net Forest conversion,Emissions (CO2eq) (AR5),kilotonnes,3184.8921,1087.7797,1087.7797,1087.7797,1087.7797,1087.7797,1087.7797,1087.7797,1087.7797,1087.7797,1087.7797,599.8256,599.8256,599.8256,599.8256,599.8256,598.4645,598.4645,598.4645,598.4645,598.4645
Sri Lanka,Savanna fires,Emissions (CH4),kilotonnes,0.1209,0.0352,0.67,0.6873,1.0341,1.0701,0.569,0.561,0.3362,0.6625,0.1998,0.3485,0.6084,0.146,0.2308,0.1188,0.1924,0.0272,0.0711,0.0373,0.0059
Sri Lanka,Savanna fires,Emissions (N2O),kilotonnes,0.011,0.0032,0.0612,0.0628,0.0944,0.0977,0.052,0.0512,0.0307,0.0605,0.0182,0.0318,0.0555,0.0133,0.0211,0.0108,0.0176,0.0025,0.0065,0.0034,0.0005
Sri Lanka,Savanna fires,Emissions (CO2eq) from CH4 (AR5),kilotonnes,3.3865,0.9848,18.7589,19.2454,28.9541,29.9635,15.9333,15.7084,9.4125,18.5513,5.5944,9.7573,17.0348,4.089,6.4622,3.3251,5.3877,0.761,1.9919,1.0445,0.164
Sri Lanka,Savanna fires,Emissions (CO2eq) from N2O (AR5),kilotonnes,2.9264,0.851,16.2102,16.6305,25.0201,25.8924,13.7684,13.5741,8.1336,16.0307,4.8343,8.4316,14.7203,3.5334,5.5842,2.8733,4.6557,0.6576,1.7213,0.9026,0.1417
Sri Lanka,Savanna fires,Emissions (CO2eq) (AR5),kilotonnes,6.3129,1.8357,34.9691,35.8759,53.9742,55.8559,29.7017,29.2824,17.5461,34.582,10.4288,18.1889,31.7551,7.6224,12.0464,6.1984,10.0433,1.4186,3.7132,1.9471,0.3057
Sri Lanka,Fires in organic soils,Emissions (CH4),kilotonnes,0,0,0,0,0,0,0,0,0,0,0,0,0,0,0,0,0,0,0,0,0
Sri Lanka,Fires in organic soils,Emissions (CO2),kilotonnes,0,0,0,0,0,0,0,0,0,0,0,0,0,0,0,0,0,0,0,0,0
Sri Lanka,Fires in organic soils,Emissions (CO2eq) from CH4 (AR5),kilotonnes,0,0,0,0,0,0,0,0,0,0,0,0,0,0,0,0,0,0,0,0,0
Sri Lanka,Fires in organic soils,Emissions (CO2eq) (AR5),kilotonnes,0,0,0,0,0,0,0,0,0,0,0,0,0,0,0,0,0,0,0,0,0
Sri Lanka,Forest fires,Emissions (CH4),kilotonnes,0.5983,0,0.0248,0.0924,0.0158,0.008,0.0074,0.0133,0,0.0027,0.0076,0,0.0388,0,0.0133,0,0.0293,0,0,0,0
Sri Lanka,Forest fires,Emissions (N2O),kilotonnes,0.0176,0,0.0023,0.0084,0.0014,0.0007,0.0007,0.0012,0,0.0002,0.0007,0,0.0035,0,0.0012,0,0.0027,0,0,0,0
Sri Lanka,Forest fires,Emissions (CO2eq) from CH4 (AR5),kilotonnes,16.7515,0,0.6937,2.5872,0.4417,0.2234,0.2081,0.3723,0,0.0745,0.2132,0,1.0866,0,0.3723,0,0.8192,0,0,0,0
Sri Lanka,Forest fires,Emissions (CO2eq) from N2O (AR5),kilotonnes,4.6629,0,0.5995,2.2357,0.3817,0.1931,0.1798,0.3218,0,0.0644,0.1843,0,0.939,0,0.3218,0,0.7079,0,0,0,0
Sri Lanka,Forest fires,Emissions (CO2eq) (AR5),kilotonnes,21.4144,0,1.2932,4.8229,0.8234,0.4165,0.388,0.6941,0,0.1388,0.3975,0,2.0255,0,0.6941,0,1.527,0,0,0,0
Sri Lanka,Fires in humid tropical forests,Emissions (CH4),kilotonnes,0.5109,0,0,0.0106,0.0133,0.008,0,0.0133,0,0.0027,0.0027,0,0.0239,0,0.0133,0,0.0293,0,0,0,0
Sri Lanka,Fires in humid tropical forests,Emissions (N2O),kilotonnes,0.015,0,0,0.001,0.0012,0.0007,0,0.0012,0,0.0002,0.0002,0,0.0022,0,0.0012,0,0.0027,0,0,0,0
Sri Lanka,Fires in humid tropical forests,Emissions (CO2eq) from CH4 (AR5),kilotonnes,14.3046,0,0,0.2979,0.3724,0.2234,0,0.3723,0,0.0745,0.0745,0,0.6703,0,0.3723,0,0.8192,0,0,0,0
Sri Lanka,Fires in humid tropical forests,Emissions (CO2eq) from N2O (AR5),kilotonnes,3.9819,0,0,0.2574,0.3218,0.1931,0,0.3218,0,0.0644,0.0644,0,0.5792,0,0.3218,0,0.7079,0,0,0,0
Sri Lanka,Fires in humid tropical forests,Emissions (CO2eq) (AR5),kilotonnes,18.2864,0,0,0.5553,0.6941,0.4165,0,0.6941,0,0.1388,0.1388,0,1.2495,0,0.6941,0,1.527,0,0,0,0
Sri Lanka,Waste - agri-food systems,Emissions (CH4),kilotonnes,105.1247,105.4576,105.6773,106.1048,106.5883,107.0811,107.5489,108.1065,108.7692,109.2239,109.9715,110.6236,111.0555,111.6,111.8993,112.2899,112.7256,113.1552,113.4936,113.5619,113.5596
Sri Lanka,Waste - agri-food systems,Emissions (N2O),kilotonnes,0.3271,0.3378,0.3389,0.3491,0.3545,0.3438,0.3522,0.3677,0.3599,0.3698,0.375,0.3916,0.3869,0.396,0.4092,0.4192,0.4282,0.4366,0.4398,0.4409,0.4415
Sri Lanka,Waste - agri-food systems,Emissions (CO2),kilotonnes,9.8137,9.7985,9.8189,9.8742,9.9118,9.9813,10.0428,10.0989,10.1949,10.2085,10.3333,10.392,10.4116,10.446,10.4734,10.4799,10.4891,10.5138,10.5164,10.4966,10.4818
Sri Lanka,Waste - agri-food systems,Emissions (CO2eq) from CH4 (AR5),kilotonnes,2943.4925,2952.813,2958.9641,2970.9352,2984.4733,2998.2705,3011.3688,3026.9825,3045.5383,3058.2683,3079.2007,3097.4616,3109.5526,3124.7986,3133.1797,3144.1166,3156.3176,3168.347,3177.8204,3179.7333,3179.6683
Sri Lanka,Waste - agri-food systems,Emissions (CO2eq) from N2O (AR5),kilotonnes,86.6849,89.509,89.8185,92.5055,93.9367,91.1106,93.3242,97.4503,95.3848,98.009,99.3776,103.7826,102.5189,104.9318,108.4447,111.0943,113.4604,115.6998,116.5593,116.8266,117.0051
Sri Lanka,Waste - agri-food systems,Emissions (CO2eq) (AR5),kilotonnes,3039.9911,3052.1206,3058.6015,3073.315,3088.3219,3099.3624,3114.7357,3134.5318,3151.118,3166.4859,3188.9116,3211.6363,3222.4832,3240.1764,3252.0978,3265.6908,3280.2671,3294.5606,3304.8961,3307.0566,3307.1551
Sri Lanka,On-farm electricity use,Emissions (CH4),kilotonnes,0,0,0,0,0,0,0,0,0,0,0,0,0,0,0,0,0,0,0,0,0
Sri Lanka,On-farm electricity use,Emissions (N2O),kilotonnes,0,0,0,0,0,0,0,0,0,0,0,0,0,0,0,0,0,0,0,0,0
Sri Lanka,On-farm electricity use,Emissions (CO2),kilotonnes,0,0,0,0,0,0,0,0,0,0,0,0,0,0,0,0,0,0,0,0,0
Sri Lanka,On-farm electricity use,Emissions (CO2eq) from CH4 (AR5),kilotonnes,0,0,0,0,0,0,0,0,0,0,0,0,0,0,0,0,0,0,0,0,0
Sri Lanka,On-farm electricity use,Emissions (CO2eq) from N2O (AR5),kilotonnes,0,0,0,0,0,0,0,0,0,0,0,0,0,0,0,0,0,0,0,0,0
Sri Lanka,On-farm electricity use,Emissions (CO2eq) (AR5),kilotonnes,0,0,0,0,0,0,0,0,0,0,0,0,0,0,0,0,0,0,0,0,0
Sri Lanka,Food Processing,Emissions (CH4),kilotonnes,3.4035,3.4443,3.5012,3.5724,3.5601,3.774,3.9039,2.9304,3.1847,3.2684,3.5363,2.972,3.3577,0.24,0.2655,0.2665,0.2679,0.2538,0.2587,0.257,0.2548
Sri Lanka,Food Processing,Emissions (N2O),kilotonnes,0.0061,0.0059,0.0058,0.0061,0.0061,0.0062,0.0061,0.0094,0.0114,0.0113,0.0114,0.0102,0.0104,0.0015,0.0017,0.0018,0.0018,0.0019,0.0018,0.0017,0.0017
Sri Lanka,Food Processing,Emissions (CO2),kilotonnes,136.5142,139.4805,146.1732,148.9248,162.8816,161.7646,149.6963,257.8233,266.1271,275.0067,230.7363,279.5684,305.5134,117.371,144.2176,160.5211,187.1729,180.7738,168.924,182.239,171.0489
Sri Lanka,Food Processing,Emissions (CO2eq) from CH4 (AR5),kilotonnes,95.298,96.4404,98.0336,100.0272,99.6828,105.672,109.3092,82.0512,89.1716,91.5152,99.0164,83.216,94.0156,6.72,7.434,7.462,7.5012,7.1064,7.2436,7.196,7.1332
Sri Lanka,Food Processing,Emissions (CO2eq) from N2O (AR5),kilotonnes,1.6165,1.5635,1.537,1.6165,1.6165,1.643,1.6165,2.491,3.021,2.9945,3.021,2.703,2.756,0.3975,0.4505,0.477,0.477,0.5035,0.477,0.4505,0.4581
Sri Lanka,Food Processing,Emissions (CO2eq) (AR5),kilotonnes,233.4287,237.4844,245.7438,250.5685,264.1809,269.0796,260.622,342.3655,358.3197,369.5164,332.7737,365.4874,402.285,124.4885,152.1021,168.4601,195.1511,188.3837,176.6446,189.8855,178.6401
Sri Lanka,Food Packaging,Emissions (CH4),kilotonnes,0.0004,0.0004,0.0004,0.0004,0.0004,0.0004,0.0004,0.0004,0.0004,0.0004,0.0004,0.0004,0.0005,0.0088,0.0102,0.0089,0.0085,0.0005,0.0005,0.0043,0.0043
Sri Lanka,Food Packaging,Emissions (N2O),kilotonnes,0.0001,0.0001,0.0001,0.0001,0.0001,0.0001,0.0001,0.0001,0.0001,0.0001,0.0001,0.0001,0.0001,0.0002,0.0002,0.0001,0.0001,0.0001,0.0001,0.0001,0.0001
Sri Lanka,Food Packaging,Emissions (CO2),kilotonnes,2.3546,2.385,2.5366,2.5421,2.8055,2.7574,2.7429,2.9011,2.8532,3.0798,3.1501,3.5348,3.5935,7.9145,9.0192,8.2199,9.355,4.7855,4.6021,6.6829,6.2725
Sri Lanka,Food Packaging,Emissions (CO2eq) from CH4 (AR5),kilotonnes,0.0112,0.0112,0.0112,0.0112,0.0112,0.0112,0.0112,0.0112,0.0112,0.0112,0.0112,0.0112,0.014,0.2464,0.2856,0.2492,0.238,0.014,0.014,0.1204,0.1193
Sri Lanka,Food Packaging,Emissions (CO2eq) from N2O (AR5),kilotonnes,0.0265,0.0265,0.0265,0.0265,0.0265,0.0265,0.0265,0.0265,0.0265,0.0265,0.0265,0.0265,0.0265,0.053,0.053,0.0265,0.0265,0.0265,0.0265,0.0265,0.0269
Sri Lanka,Food Packaging,Emissions (CO2eq) (AR5),kilotonnes,2.3923,2.4227,2.5743,2.5798,2.8432,2.7951,2.7806,2.9388,2.8909,3.1175,3.1878,3.5725,3.634,8.2139,9.3578,8.4956,9.6195,4.826,4.6426,6.8298,6.4188
Sri Lanka,Food Retail,Emissions (CH4),kilotonnes,0.178,0.1726,0.1876,0.2051,0.223,0.2506,0.2743,0.3125,0.3311,0.3425,0.3679,0.4099,0.4295,0.45,0.4868,0.521,0.5727,0.6185,0.5895,0.6011,0.5959
Sri Lanka,Food Retail,Emissions (N2O),kilotonnes,0.001,0.001,0.001,0.0011,0.0011,0.0013,0.0015,0.0018,0.0018,0.0019,0.0021,0.0023,0.0023,0.0024,0.0026,0.0027,0.003,0.0033,0.0031,0.0032,0.0033
Sri Lanka,Food Retail,Emissions (CO2),kilotonnes,66.7353,65.8905,70.3862,72.6156,81.651,91.0171,100.325,128.8039,132.072,144.3895,152.5791,166.1181,159.169,165.7115,179.257,191.8432,210.892,227.7636,217.0845,226.7289,212.807
Sri Lanka,Food Retail,Emissions (CO2eq) from CH4 (AR5),kilotonnes,4.984,4.8328,5.2528,5.7428,6.244,7.0168,7.6804,8.75,9.2708,9.59,10.3012,11.4772,12.026,12.6,13.6304,14.588,16.0356,17.318,16.506,16.8308,16.6838
Sri Lanka,Food Retail,Emissions (CO2eq) from N2O (AR5),kilotonnes,0.265,0.265,0.265,0.2915,0.2915,0.3445,0.3975,0.477,0.477,0.5035,0.5565,0.6095,0.6095,0.636,0.689,0.7155,0.795,0.8745,0.8215,0.848,0.8623
Sri Lanka,Food Retail,Emissions (CO2eq) (AR5),kilotonnes,71.9843,70.9883,75.904,78.6499,88.1865,98.3784,108.4029,138.0309,141.8198,154.483,163.4368,178.2048,171.8045,178.9475,193.5764,207.1467,227.7226,245.9561,234.412,244.4077,230.353
Sri Lanka,Food Household Consumption,Emissions (CH4),kilotonnes,1.1044,1.1378,1.1508,1.2705,1.3741,1.5109,1.6126,1.6806,1.6889,1.7585,1.9048,2.0478,2.1158,2.088,2.1043,2.3137,2.5137,2.6461,3.004,3.004,2.9778
Sri Lanka,Food Household Consumption,Emissions (N2O),kilotonnes,0.0088,0.009,0.0084,0.0089,0.0092,0.0101,0.0109,0.0106,0.0104,0.011,0.0116,0.0125,0.0126,0.0124,0.0125,0.0138,0.0153,0.016,0.0184,0.0184,0.0187
Sri Lanka,Food Household Consumption,Emissions (CO2),kilotonnes,831.2522,838.8287,834.813,842.4609,893.9357,946.0808,993.1819,958.082,954.515,999.8173,1081.3734,1137.0353,1175.2963,1156.6881,1156.9791,1296.0904,1488.2239,1588.6291,1817.4245,1817.4245,1705.8283
Sri Lanka,Food Household Consumption,Emissions (CO2eq) from CH4 (AR5),kilotonnes,30.9232,31.8584,32.2224,35.574,38.4748,42.3052,45.1528,47.0568,47.2892,49.238,53.3344,57.3384,59.2424,58.464,58.9204,64.7836,70.3836,74.0908,84.112,84.112,83.3774
Sri Lanka,Food Household Consumption,Emissions (CO2eq) from N2O (AR5),kilotonnes,2.332,2.385,2.226,2.3585,2.438,2.6765,2.8885,2.809,2.756,2.915,3.074,3.3125,3.339,3.286,3.3125,3.657,4.0545,4.24,4.876,4.876,4.9579
Sri Lanka,Food Household Consumption,Emissions (CO2eq) (AR5),kilotonnes,864.5074,873.0721,869.2614,880.3934,934.8485,991.0625,1041.2232,1007.9478,1004.5602,1051.9703,1137.7818,1197.6862,1237.8777,1218.4381,1219.212,1364.531,1562.662,1666.9599,1906.4125,1906.4125,1794.1636
Sri Lanka,Food Transport,Emissions (CH4),kilotonnes,0.1056,0.1161,0.1267,0.1479,0.1571,0.1958,0.1963,0.2021,0.1938,0.2066,0.2387,0.2734,0.2876,0.302,0.32,0.3232,0.4347,0.5513,0.5016,0.4126,0.409
Sri Lanka,Food Transport,Emissions (N2O),kilotonnes,0.0126,0.0141,0.0146,0.0136,0.0152,0.016,0.0161,0.0172,0.0162,0.0151,0.0176,0.0207,0.0217,0.023,0.0247,0.0257,0.0282,0.0322,0.0292,0.0272,0.0277
Sri Lanka,Food Transport,Emissions (CO2),kilotonnes,517.397,531.975,549.908,578.7465,587.5345,655.1778,619.2968,660.1952,600.894,560.9365,723.8045,814.26,800.855,850.2864,894.53,954.3772,1026.6322,1200.6435,1094.04,1045.2717,981.0883
Sri Lanka,Food Transport,Emissions (CO2eq) from CH4 (AR5),kilotonnes,2.9568,3.2508,3.5476,4.1412,4.3988,5.4824,5.4964,5.6588,5.4264,5.7848,6.6836,7.6552,8.0528,8.456,8.96,9.0496,12.1716,15.4364,14.0448,11.5528,11.4519
Sri Lanka,Food Transport,Emissions (CO2eq) from N2O (AR5),kilotonnes,3.339,3.7365,3.869,3.604,4.028,4.24,4.2665,4.558,4.293,4.0015,4.664,5.4855,5.7505,6.095,6.5455,6.8105,7.473,8.533,7.738,7.208,7.3291
Sri Lanka,Food Transport,Emissions (CO2eq) (AR5),kilotonnes,523.6928,538.9623,557.3246,586.4917,595.9613,664.9002,629.0597,670.412,610.6134,570.7228,735.1521,827.4007,814.6583,864.8374,910.0355,970.2373,1046.2768,1224.6129,1115.8228,1064.0325,999.8694
Sri Lanka,Energy,Emissions (CH4),kilotonnes,48,47.9,46.2,45.8,47.3,48.3,48.1,48.5,51.9,48.3,52.8,47.8,58.4,47.8,48.1,46.5,45.6,43.3,42.5,45.8,45.4
Sri Lanka,Energy,Emissions (N2O),kilotonnes,0.918,0.893,0.902,0.918,0.957,0.986,0.995,1.01,0.984,0.987,1.04,1.07,1.2,1.06,1.12,1.14,1.14,1.18,1.14,1.19,1.21
Sri Lanka,Energy,Emissions (CO2),kilotonnes,9740,9890,10500,10500,11600,11400,11200,11500,11300,12200,12400,14100,15000,14000,17000,19000,22000,22000,21100,22800,21400
Sri Lanka,Energy,Emissions (CO2eq) from CH4 (AR5),kilotonnes,1344,1341.2,1293.6,1282.4,1324.4,1352.4,1346.8,1358,1453.2,1352.4,1478.4,1338.4,1635.2,1338.4,1346.8,1302,1276.8,1212.4,1190,1282.4,1271.2
Sri Lanka,Energy,Emissions (CO2eq) from N2O (AR5),kilotonnes,243.27,236.645,239.03,243.27,253.605,261.29,263.675,267.65,260.76,261.555,275.6,283.55,318,280.9,296.8,302.1,302.1,312.7,302.1,315.35,320.65
Sri Lanka,Energy,Emissions (CO2eq) (AR5),kilotonnes,11327.27,11467.845,12032.63,12025.67,13178.005,13013.69,12810.475,13125.65,13013.96,13813.955,14154,15721.95,16953.2,15619.3,18643.6,20604.1,23578.9,23525.1,22592.1,24397.75,22991.85
Sri Lanka,IPPU,Emissions (N2O),kilotonnes,0.0057,0.0057,0.0057,0.0058,0.0058,0.0059,0.0059,0.006,0.006,0.0061,0.0061,0.0061,0.0062,0.0062,0.0062,0.0062,0.0063,0.0063,0.0063,0.0064,0.0064
Sri Lanka,IPPU,Emissions (CO2),kilotonnes,464,502,465,522,614,653,687,726,795,792,731,819,849,808,790,942,1100,1150,1150,1580,1580
Sri Lanka,IPPU,Emissions (CO2eq) from N2O (AR5),kilotonnes,1.4999,1.5105,1.5211,1.5344,1.5476,1.5582,1.5715,1.5821,1.5926,1.6033,1.6139,1.6218,1.6298,1.6404,1.6457,1.6536,1.6616,1.6668,1.6721,1.6881,1.6987
Sri Lanka,IPPU,Emissions (CO2eq) (AR5),kilotonnes,465.4999,503.5105,466.5211,523.5344,615.5476,654.5582,688.5715,727.582,796.5927,793.6033,732.6138,820.6218,850.6297,809.6404,791.6457,943.6536,1101.6616,1151.6669,1151.6722,1581.688,1581.6987
Sri Lanka,Waste,Emissions (CH4),kilotonnes,177,178,180,183,185,188,191,194,197,199,201,205,208,211,212,215,217,219,222,225,228
Sri Lanka,Waste,Emissions (N2O),kilotonnes,0.62,0.624,0.629,0.646,0.657,0.657,0.662,0.675,0.689,0.701,0.705,0.731,0.744,0.761,0.772,0.794,0.814,0.83,0.848,0.851,0.865
Sri Lanka,Waste,Emissions (CO2eq) from CH4 (AR5),kilotonnes,4956,4984,5040,5124,5180,5264,5348,5432,5516,5572,5628,5740,5824,5908,5936,6020,6076,6132,6216,6300,6384
Sri Lanka,Waste,Emissions (CO2eq) from N2O (AR5),kilotonnes,164.3,165.36,166.685,171.19,174.105,174.105,175.43,178.875,182.585,185.765,186.825,193.715,197.16,201.665,204.58,210.41,215.71,219.95,224.72,225.515,229.225
Sri Lanka,Waste,Emissions (CO2eq) (AR5),kilotonnes,5120.3,5149.36,5206.685,5295.19,5354.105,5438.105,5523.43,5610.875,5698.585,5757.765,5814.825,5933.715,6021.16,6109.665,6140.58,6230.41,6291.71,6351.95,6440.72,6525.515,6613.225
Sri Lanka,Other,Emissions (N2O),kilotonnes,0.89,0.871,0.888,0.96,1.02,1.08,0.976,1.05,1.02,1,1.06,1.16,1.27,1.04,1.17,1.15,1.26,1.39,1.3,1.31,1.33
Sri Lanka,Other,Emissions (CO2eq) from N2O (AR5),kilotonnes,235.85,230.815,235.32,254.4,270.3,286.2,258.64,278.25,270.3,265,280.9,307.4,336.55,275.6,310.05,304.75,333.9,368.35,344.5,347.15,352.45
Sri Lanka,Other,Emissions (CO2eq) (AR5),kilotonnes,235.85,230.815,235.32,254.4,270.3,286.2,258.64,278.25,270.3,265,280.9,307.4,336.55,275.6,310.05,304.75,333.9,368.35,344.5,347.15,352.45
Sri Lanka,Farm-gate emissions,Emissions (CH4),kilotonnes,152.5972,144.5779,148.5494,159.5596,141.2776,163.7648,163.4017,154.5246,179.8627,169.2338,185.9405,189.0647,189.6386,198.9926,160.0028,198.7445,179.6426,144.8576,177.9168,167.2403,181.7155
Sri Lanka,Farm-gate emissions,Direct emissions (N2O),kilotonnes,3.9397,3.9068,4.3676,3.8421,3.9622,4.4042,4.3393,4.0935,5.022,4.5276,4.453,5.0872,4.4109,3.9628,5.2255,4.2798,3.649,3.2029,2.896,4.0871,5.7483
Sri Lanka,Farm-gate emissions,Indirect emissions (N2O),kilotonnes,1.1822,1.176,1.32,1.1449,1.193,1.3215,1.2979,1.2223,1.5058,1.3509,1.3111,1.5218,1.3,1.1399,1.5783,1.2428,1.0489,0.9381,0.8072,1.1905,1.7171
Sri Lanka,Farm-gate emissions,Emissions (N2O),kilotonnes,5.4709,5.4192,6.0843,5.3878,5.5876,6.1697,6.0379,5.7101,6.9092,6.2812,6.1335,6.9922,6.1167,5.4717,7.162,5.8788,5.0602,4.4767,4.0562,5.6175,7.815
Sri Lanka,Farm-gate emissions,Emissions (CO2),kilotonnes,1400.8673,1397.2797,1401.6266,1415.2497,1423.4708,1420.3372,1413.3137,1392.2089,1381.7041,1365.7151,1374.5865,1371.8111,1367.2473,1343.8456,1313.5024,1294.083,1276.6626,1251.4203,1250.9046,1222.599,1221.5526
Sri Lanka,Farm-gate emissions,Emissions (CO2eq) from CH4 (AR5),kilotonnes,4272.7219,4048.1817,4159.3837,4467.6676,3955.7737,4585.414,4575.2475,4326.69,5036.1544,4738.5456,5206.3337,5293.8104,5309.8821,5571.7934,4480.0772,5564.8451,5029.993,4056.0137,4981.6697,4682.728,5088.0334
Sri Lanka,Farm-gate emissions,Emissions (CO2eq) from N2O (AR5),kilotonnes,1449.7809,1436.096,1612.3516,1427.7583,1480.7147,1634.9687,1600.0456,1513.171,1830.9308,1664.5259,1625.3673,1852.9331,1620.9171,1449.9893,1897.9238,1557.884,1340.9518,1186.3303,1074.8854,1488.6336,2070.978
Sri Lanka,Farm-gate emissions,Emissions (CO2eq) (AR5),kilotonnes,7123.3701,6881.5574,7173.3619,7310.6755,6859.9592,7640.7199,7588.6068,7232.0698,8248.7893,7768.7866,8206.2876,8518.5546,8298.0466,8365.6282,7691.5033,8416.8121,7647.6074,6493.7643,7307.4597,7393.9606,8380.564
Sri Lanka,Land Use change,Emissions (CH4),kilotonnes,0.5109,0,0,0.0106,0.0133,0.008,0,0.0133,0,0.0027,0.0027,0,0.0239,0,0.0133,0,0.0293,0,0,0,0
Sri Lanka,Land Use change,Emissions (N2O),kilotonnes,0.015,0,0,0.001,0.0012,0.0007,0,0.0012,0,0.0002,0.0002,0,0.0022,0,0.0012,0,0.0027,0,0,0,0
Sri Lanka,Land Use change,Emissions (CO2),kilotonnes,3184.8921,1087.7797,1087.7797,1087.7797,1087.7797,1087.7797,1087.7797,1087.7797,1087.7797,1087.7797,1087.7797,599.8256,599.8256,599.8256,599.8256,599.8256,598.4645,598.4645,598.4645,598.4645,598.4645
Sri Lanka,Land Use change,Emissions (CO2eq) from CH4 (AR5),kilotonnes,14.3046,0,0,0.2979,0.3724,0.2234,0,0.3723,0,0.0745,0.0745,0,0.6703,0,0.3723,0,0.8192,0,0,0,0
Sri Lanka,Land Use change,Emissions (CO2eq) from N2O (AR5),kilotonnes,3.9819,0,0,0.2574,0.3218,0.1931,0,0.3218,0,0.0644,0.0644,0,0.5792,0,0.3218,0,0.7079,0,0,0,0
Sri Lanka,Land Use change,Emissions (CO2eq) (AR5),kilotonnes,3203.1785,1087.7797,1087.7797,1088.335,1088.4739,1088.1962,1087.7797,1088.4738,1087.7797,1087.9186,1087.9186,599.8256,601.0751,599.8256,600.5197,599.8256,599.9915,598.4645,598.4645,598.4645,598.4645
Sri Lanka,Emissions on agricultural land,Emissions (CH4),kilotonnes,153.1081,144.5779,148.5494,159.5702,141.2909,163.7728,163.4017,154.5379,179.8627,169.2364,185.9431,189.0647,189.6626,198.9926,160.0161,198.7445,179.6719,144.8576,177.9168,167.2403,181.7155
Sri Lanka,Emissions on agricultural land,Emissions (N2O),kilotonnes,5.4859,5.4192,6.0843,5.3887,5.5888,6.1704,6.0379,5.7113,6.9092,6.2815,6.1337,6.9922,6.1189,5.4717,7.1632,5.8788,5.0629,4.4767,4.0562,5.6175,7.815
Sri Lanka,Emissions on agricultural land,Emissions (CO2),kilotonnes,4585.7594,2485.0595,2489.4063,2503.0294,2511.2505,2508.1169,2501.0935,2479.9886,2469.4838,2453.4949,2462.3663,1971.6367,1967.0729,1943.6712,1913.328,1893.9086,1875.1271,1849.8848,1849.3691,1821.0635,1820.0172
Sri Lanka,Emissions on agricultural land,Emissions (CO2eq) from CH4 (AR5),kilotonnes,4287.0265,4048.1817,4159.3837,4467.9654,3956.146,4585.6374,4575.2475,4327.0623,5036.1544,4738.6201,5206.4082,5293.8104,5310.5524,5571.7934,4480.4495,5564.8451,5030.8122,4056.0137,4981.6697,4682.728,5088.0334
Sri Lanka,Emissions on agricultural land,Emissions (CO2eq) from N2O (AR5),kilotonnes,1453.7628,1436.096,1612.3516,1428.0157,1481.0365,1635.1617,1600.0456,1513.4928,1830.9308,1664.5902,1625.4317,1852.9331,1621.4963,1449.9893,1898.2455,1557.884,1341.6597,1186.3303,1074.8854,1488.6336,2070.978
Sri Lanka,Emissions on agricultural land,Emissions (CO2eq) (AR5),kilotonnes,10326.5486,7969.3372,8261.1416,8399.0105,7948.433,8728.9161,8676.3866,8320.5437,9336.569,8856.7052,9294.2062,9118.3802,8899.1217,8965.4538,8292.023,9016.6377,8247.599,7092.2288,7905.9242,7992.4251,8979.0285
Sri Lanka,Pre- and post- production,Emissions (CH4),kilotonnes,109.9166,110.3288,110.644,111.3011,111.903,112.8128,113.5364,113.2325,114.1681,114.8003,116.0196,116.3271,117.2466,114.6888,115.0861,115.7232,116.5231,117.2254,117.8479,117.8409,117.8012
Sri Lanka,Pre- and post- production,Emissions (N2O),kilotonnes,0.3557,0.3679,0.3688,0.3789,0.3862,0.3775,0.3869,0.4068,0.3998,0.4092,0.4178,0.4374,0.434,0.4355,0.4509,0.4633,0.4766,0.4901,0.4924,0.4915,0.493
Sri Lanka,Pre- and post- production,Emissions (CO2),kilotonnes,1564.067,1588.3582,1613.6359,1655.1641,1738.7201,1866.779,1875.2857,2017.9044,1966.6562,1993.4383,2201.9767,2410.9086,2454.8388,2308.4175,2394.4763,2621.5317,2932.7651,3213.1093,3312.5915,3288.8436,3087.5268
Sri Lanka,Pre- and post- production,Emissions (CO2eq) from CH4 (AR5),kilotonnes,3077.6657,3089.2066,3098.0317,3116.4316,3133.2849,3158.7581,3179.0188,3170.5105,3196.7075,3214.4075,3248.5475,3257.1596,3282.9034,3211.285,3222.4101,3240.249,3262.6476,3282.3126,3299.7408,3299.5453,3298.4339
Sri Lanka,Pre- and post- production,Emissions (CO2eq) from N2O (AR5),kilotonnes,94.2639,97.4855,97.742,100.4025,102.3372,100.0411,102.5197,107.8118,105.9583,108.45,110.7196,115.9196,115.0004,115.3993,119.4952,122.7808,126.2864,129.8773,130.4983,130.2356,130.6394
Sri Lanka,Pre- and post- production,Emissions (CO2eq) (AR5),kilotonnes,4735.9966,4775.0504,4809.4096,4871.9983,4974.3423,5125.5782,5156.8241,5296.2268,5269.322,5316.2959,5561.2438,5783.9879,5852.7427,5635.1018,5736.3816,5984.5615,6321.6991,6625.2992,6742.8306,6718.6246,6516.6001
Sri Lanka,Agri-food systems,Emissions (CH4),kilotonnes,263.0247,254.9067,259.1934,270.8713,253.194,276.5856,276.9381,267.7705,294.0308,284.0367,301.9627,305.3918,306.9091,313.6814,275.1021,314.4676,296.195,262.0831,295.7647,285.0812,299.5167
Sri Lanka,Agri-food systems,Emissions (N2O),kilotonnes,5.8416,5.7871,6.4532,5.7676,5.975,6.5479,6.4248,6.1181,7.309,6.6907,6.5515,7.4296,6.5528,5.9071,7.6141,6.3421,5.5394,4.9668,4.5486,6.1089,8.308
Sri Lanka,Agri-food systems,Emissions (CO2),kilotonnes,6149.8263,4073.4177,4103.0422,4158.1935,4249.9707,4374.8959,4376.3792,4497.893,4436.14,4446.9332,4664.343,4382.5453,4421.9117,4252.0888,4307.8043,4515.4403,4807.8922,5062.9942,5161.9606,5109.9072,4907.5439
Sri Lanka,Agri-food systems,Emissions (CO2eq) from CH4 (AR5),kilotonnes,7364.6922,7137.3883,7257.4155,7584.3971,7089.4309,7744.3955,7754.2662,7497.5728,8232.8619,7953.0276,8454.9557,8550.97,8593.4558,8783.0784,7702.8596,8805.0941,8293.4598,7338.3263,8281.4105,7982.2733,8386.4672
Sri Lanka,Agri-food systems,Emissions (CO2eq) from N2O (AR5),kilotonnes,1548.0267,1533.5815,1710.0935,1528.4182,1583.3737,1735.2028,1702.5653,1621.3046,1936.8891,1773.0403,1736.1513,1968.8527,1736.4968,1565.3886,2017.7408,1680.6648,1467.9461,1316.2076,1205.3837,1618.8692,2201.6174
Sri Lanka,Agri-food systems,Emissions (CO2eq) (AR5),kilotonnes,15062.5452,12744.3875,13070.5512,13271.0088,12922.7753,13854.4942,13833.2107,13616.7704,14605.891,14173.0011,14855.45,14902.368,14751.8644,14600.5557,14028.4046,15001.1992,14569.2981,13717.528,14648.7548,14711.0497,15495.6286
Sri Lanka,IPCC Agriculture,Emissions (CH4),kilotonnes,152.5875,144.5689,148.54,159.509,141.2281,163.715,163.3526,154.4872,179.8194,169.1904,185.8979,189.031,189.6045,198.9656,159.9813,198.7303,179.6321,144.851,177.9107,167.2371,181.7123
Sri Lanka,IPCC Agriculture,Emissions (CH4),kilotonnes,185.14,,,,,,,,,,,,,,,,,,,,
Sri Lanka,IPCC Agriculture,Direct emissions (N2O),kilotonnes,3.9397,3.9068,4.3676,3.8421,3.9622,4.4042,4.3393,4.0935,5.022,4.5276,4.453,5.0872,4.4109,3.9628,5.2255,4.2798,3.649,3.2029,2.896,4.0871,5.7483
Sri Lanka,IPCC Agriculture,Indirect emissions (N2O),kilotonnes,1.1822,1.176,1.32,1.1449,1.193,1.3215,1.2979,1.2223,1.5058,1.3509,1.3111,1.5218,1.3,1.1399,1.5783,1.2428,1.0489,0.9381,0.8072,1.1905,1.7171
Sri Lanka,IPCC Agriculture,Emissions (N2O),kilotonnes,5.4583,5.4091,6.0742,5.3775,5.5749,6.1582,6.0276,5.7011,6.9026,6.2771,6.1293,6.9881,6.1138,5.4686,7.1596,5.8772,5.0594,4.4759,4.0555,5.6171,7.8147
Sri Lanka,IPCC Agriculture,Emissions (N2O),kilotonnes,2.649,,,,,,,,,,,,,,,,,,,,
Sri Lanka,IPCC Agriculture,Emissions (CO2eq) from CH4 (AR5),kilotonnes,4272.4514,4047.9298,4159.1204,4466.2513,3954.386,4584.0193,4573.8739,4325.6421,5034.9421,4737.3301,5205.1408,5292.8686,5308.9246,5571.0364,4479.4753,5564.4475,5029.6997,4055.8276,4981.5003,4682.6387,5087.9441
Sri Lanka,IPCC Agriculture,Emissions (CO2eq) from CH4 (AR5),kilotonnes,5183.92,,,,,,,,,,,,,,,,,,,,
Sri Lanka,IPCC Agriculture,Emissions (CO2eq) from N2O (AR5),kilotonnes,1446.4483,1433.4178,1609.6713,1425.031,1477.3355,1631.9104,1597.317,1510.7837,1829.1886,1663.4373,1624.266,1851.8487,1620.1635,1449.1871,1897.301,1557.4711,1340.73,1186.1223,1074.7057,1488.539,2070.8834
Sri Lanka,IPCC Agriculture,Emissions (CO2eq) from N2O (AR5),kilotonnes,701.985,,,,,,,,,,,,,,,,,,,,
Sri Lanka,IPCC Agriculture,Emissions (CO2eq) (AR5),kilotonnes,5718.8997,5481.3476,5768.7917,5891.2823,5431.7216,6215.9297,6171.1909,5836.4257,6864.1307,6400.7673,6829.4068,7144.7173,6929.0882,7020.2235,6376.7763,7121.9185,6370.4297,5241.9499,6056.206,6171.1777,7158.8275
Sri Lanka,IPCC Agriculture,Emissions (CO2eq) (AR5),kilotonnes,5885.905,,,,,,,,,,,,,,,,,,,,
Sri Lanka,Agricultural Soils,Direct emissions (N2O),kilotonnes,3.9397,3.9068,4.3676,3.8421,3.9622,4.4042,4.3393,4.0935,5.022,4.5276,4.453,5.0872,4.4109,3.9628,5.2255,4.2798,3.649,3.2029,2.896,4.0871,5.7483
Sri Lanka,Agricultural Soils,Indirect emissions (N2O),kilotonnes,1.1822,1.176,1.32,1.1449,1.193,1.3215,1.2979,1.2223,1.5058,1.3509,1.3111,1.5218,1.3,1.1399,1.5783,1.2428,1.0489,0.9381,0.8072,1.1905,1.7171
Sri Lanka,Agricultural Soils,Emissions (N2O),kilotonnes,5.3466,5.3088,5.9137,5.2139,5.3823,5.9522,5.8632,5.5394,6.7507,6.1005,5.9857,6.8305,5.9311,5.3215,7.0197,5.7378,4.9131,4.3561,3.9185,5.49,7.6776
Sri Lanka,Agricultural Soils,Emissions (N2O),kilotonnes,2.449,,,,,,,,,,,,,,,,,,,,
Sri Lanka,Agricultural Soils,Emissions (CO2eq) from N2O (AR5),kilotonnes,1416.8473,1406.822,1567.1349,1381.6785,1426.3085,1577.3347,1553.7574,1467.9281,1788.9452,1616.6218,1586.2193,1810.0772,1571.7326,1410.21,1860.2104,1520.5076,1301.9754,1154.3785,1038.4152,1454.8399,2034.5552
Sri Lanka,Agricultural Soils,Emissions (CO2eq) from N2O (AR5),kilotonnes,648.985,,,,,,,,,,,,,,,,,,,,
Sri Lanka,Agricultural Soils,Emissions (CO2eq) (AR5),kilotonnes,1416.8473,1406.822,1567.1349,1381.6785,1426.3085,1577.3347,1553.7574,1467.9281,1788.9452,1616.6218,1586.2193,1810.0772,1571.7326,1410.21,1860.2104,1520.5076,1301.9754,1154.3785,1038.4152,1454.8399,2034.5552
Sri Lanka,Agricultural Soils,Emissions (CO2eq) (AR5),kilotonnes,648.985,,,,,,,,,,,,,,,,,,,,
Sri Lanka,LULUCF,Emissions (CH4),kilotonnes,0.5983,0,0.0248,0.0924,0.0158,0.008,0.0074,0.0133,0,0.0027,0.0076,0,0.0388,0,0.0133,0,0.0293,0,0,0,0
Sri Lanka,LULUCF,Emissions (CH4),kilotonnes,1.665,,,,,,,,,,,,,,,,,,,,
Sri Lanka,LULUCF,Emissions (N2O),kilotonnes,0.0176,0,0.0023,0.0084,0.0014,0.0007,0.0007,0.0012,0,0.0002,0.0007,0,0.0035,0,0.0012,0,0.0027,0,0,0,0
Sri Lanka,LULUCF,Emissions (CO2),kilotonnes,4479.0821,2365.1599,2365.2754,2368.9352,2369.7584,2366.2983,2363.4525,2348.8562,2343.9018,2337.8085,2336.4011,529.1847,522.4999,513.8885,498.3851,495.3258,1804.8187,1801.9102,1801.8978,1782.8223,1781.7759
Sri Lanka,LULUCF,Emissions (CO2),kilotonnes,-6243.65,,,,,,,,,,,,,,,,,,,,
Sri Lanka,LULUCF,Emissions (CO2eq) from CH4 (AR5),kilotonnes,16.7515,0,0.6937,2.5872,0.4417,0.2234,0.2081,0.3723,0,0.0745,0.2132,0,1.0866,0,0.3723,0,0.8192,0,0,0,0
Sri Lanka,LULUCF,Emissions (CO2eq) from N2O (AR5),kilotonnes,4.6629,0,0.5995,2.2357,0.3817,0.1931,0.1798,0.3218,0,0.0644,0.1843,0,0.939,0,0.3218,0,0.7079,0,0,0,0
Sri Lanka,LULUCF,Emissions (CO2eq) (AR5),kilotonnes,4500.4965,2365.1599,2366.5686,2373.7581,2370.5818,2366.7147,2363.8405,2349.5503,2343.9018,2337.9474,2336.7986,529.1847,524.5254,513.8885,499.0792,495.3258,1806.3457,1801.9102,1801.8978,1782.8223,1781.7759
Sri Lanka,LULUCF,Emissions (CO2eq) (AR5),kilotonnes,-6243.65,,,,,,,,,,,,,,,,,,,,
Sri Lanka,AFOLU,Emissions (CH4),kilotonnes,153.1858,144.5689,148.5648,159.6014,141.2438,163.723,163.3601,154.5005,179.8194,169.193,185.9055,189.031,189.6433,198.9656,159.9946,198.7303,179.6614,144.851,177.9107,167.2371,181.7123
Sri Lanka,AFOLU,Emissions (N2O),kilotonnes,5.4759,5.4091,6.0765,5.3859,5.5763,6.1589,6.0283,5.7023,6.9026,6.2774,6.13,6.9881,6.1174,5.4686,7.1608,5.8772,5.062,4.4759,4.0555,5.6171,7.8147
Sri Lanka,AFOLU,Emissions (CO2),kilotonnes,4479.0821,2365.1599,2365.2754,2368.9352,2369.7584,2366.2983,2363.4525,2348.8562,2343.9018,2337.8085,2336.4011,529.1847,522.4999,513.8885,498.3851,495.3258,1804.8187,1801.9102,1801.8978,1782.8223,1781.7759
Sri Lanka,AFOLU,Emissions (CO2eq) from CH4 (AR5),kilotonnes,4289.2029,4047.9298,4159.8141,4468.8386,3954.8278,4584.2427,4574.082,4326.0144,5034.9421,4737.4046,5205.354,5292.8686,5310.0112,5571.0364,4479.8477,5564.4475,5030.5188,4055.8276,4981.5003,4682.6387,5087.9441
Sri Lanka,AFOLU,Emissions (CO2eq) from N2O (AR5),kilotonnes,1451.1113,1433.4178,1610.2708,1427.2667,1477.7172,1632.1035,1597.4968,1511.1054,1829.1886,1663.5016,1624.4503,1851.8487,1621.1025,1449.1871,1897.6228,1557.4711,1341.4379,1186.1223,1074.7057,1488.539,2070.8834
Sri Lanka,AFOLU,Emissions (CO2eq) (AR5),kilotonnes,10219.3962,7846.5076,8135.3603,8265.0405,7802.3034,8582.6444,8535.0313,8185.976,9208.0325,8738.7147,9166.2054,7673.902,7453.6136,7534.112,6875.8555,7617.2443,8176.7754,7043.8601,7858.1038,7954,8940.6034
Sri Lanka,All sectors with LULUCF,Emissions (CH4),kilotonnes,378.1858,370.4689,374.7648,388.4014,373.5438,400.023,402.4601,397.0005,428.7194,416.493,439.7055,441.831,456.0433,457.7656,420.0946,460.2303,442.2614,407.151,442.4107,438.0371,455.1123
Sri Lanka,All sectors with LULUCF,Emissions (N2O),kilotonnes,7.9096,7.8028,8.5012,7.9157,8.2161,8.8878,8.6672,8.4433,9.6016,8.9714,8.9411,9.9552,9.3375,8.3358,10.2291,8.9675,8.2823,7.8822,7.3498,8.9745,11.2261
Sri Lanka,All sectors with LULUCF,Emissions (CO2),kilotonnes,14683.0821,12757.1599,13330.2754,13390.9352,14583.7584,14419.2983,14250.4525,14574.8562,14438.9018,15329.8085,15467.4011,15448.1847,16371.4999,15321.8885,18288.3851,20437.3258,24904.8187,24951.9102,24051.8978,26162.8223,24761.7759
Sri Lanka,All sectors with LULUCF,Emissions (CO2eq) from CH4 (AR5),kilotonnes,10589.2029,10373.1298,10493.4141,10875.2386,10459.2278,11200.6427,11268.882,11116.0144,12004.1421,11661.8046,12311.754,12371.2686,12769.2112,12817.4364,11762.6477,12886.4475,12383.3188,11400.2276,12387.5003,12265.0387,12743.1441
Sri Lanka,All sectors with LULUCF,Emissions (CO2eq) from N2O (AR5),kilotonnes,2096.0312,2067.7483,2252.8269,2097.6611,2177.2748,2355.2567,2296.8133,2237.4625,2544.4263,2377.4249,2369.3891,2638.1355,2474.4422,2208.9924,2710.6984,2376.3847,2194.8094,2088.7892,1947.6979,2378.2421,2974.9071
Sri Lanka,All sectors with LULUCF,Emissions (CO2eq) (AR5),kilotonnes,27368.3161,25198.0381,26076.5164,26363.8348,27220.261,27975.1976,27816.1478,27928.333,28987.4702,29369.038,30148.5442,30457.5888,31615.1533,30348.3173,32761.7312,35700.1579,39482.9469,38440.9269,38387.096,40806.103,40479.8271
Sri Lanka,All sectors without LULUCF,Emissions (CH4),kilotonnes,377.5875,370.4689,374.74,388.309,373.5281,400.015,402.4526,396.9872,428.7194,416.4904,439.6979,441.831,456.0045,457.7656,420.0813,460.2303,442.2321,407.151,442.4107,438.0371,455.1123
Sri Lanka,All sectors without LULUCF,Emissions (N2O),kilotonnes,7.892,7.8028,8.499,7.9073,8.2147,8.887,8.6665,8.442,9.6016,8.9712,8.9404,9.9552,9.334,8.3358,10.2278,8.9675,8.2796,7.8822,7.3498,8.9745,11.2261
Sri Lanka,All sectors without LULUCF,Emissions (CO2),kilotonnes,10204,10392,10965,11022,12214,12053,11887,12226,12095,12992,13131,14919,15849,14808,17790,19942,23100,23150,22250,24380,22980
Sri Lanka,All sectors without LULUCF,Emissions (CO2eq) from CH4 (AR5),kilotonnes,10572.4514,10373.1298,10492.7204,10872.6513,10458.786,11200.4193,11268.6739,11115.6421,12004.1421,11661.7301,12311.5408,12371.2686,12768.1246,12817.4364,11762.2753,12886.4475,12382.4997,11400.2276,12387.5003,12265.0387,12743.1441
Sri Lanka,All sectors without LULUCF,Emissions (CO2eq) from N2O (AR5),kilotonnes,2091.3682,2067.7483,2252.2274,2095.4253,2176.8931,2355.0636,2296.6334,2237.1407,2544.4263,2377.3605,2369.2048,2638.1355,2473.5033,2208.9924,2710.3767,2376.3847,2194.1016,2088.7892,1947.6979,2378.2421,2974.9071
Sri Lanka,All sectors without LULUCF,Emissions (CO2eq) (AR5),kilotonnes,22867.8196,22832.8781,23709.9478,23990.0767,24849.6792,25608.4829,25452.3073,25578.7828,26643.5684,27031.0906,27811.7456,29928.4041,31090.6279,29834.4288,32262.652,35204.8321,37676.6012,36639.0168,36585.1981,39023.2807,38698.0511
Sudan,Crop Residues,Direct emissions (N2O),kilotonnes,,,,,,,,,,,,,1.0911,1.9527,2.4377,1.4374,2.6243,1.8162,2.5907,1.9355,1.5234
Sudan,Crop Residues,Indirect emissions (N2O),kilotonnes,,,,,,,,,,,,,0.2455,0.4394,0.5485,0.3234,0.5905,0.4087,0.5829,0.4355,0.3428
Sudan,Crop Residues,Emissions (N2O),kilotonnes,,,,,,,,,,,,,1.3366,2.392,2.9862,1.7609,3.2148,2.2249,3.1736,2.371,1.8662
Sudan,Crop Residues,Emissions (CO2eq) from N2O (AR5),kilotonnes,,,,,,,,,,,,,354.21,633.892,791.3352,466.6272,851.915,589.5965,840.992,628.3214,494.534
Sudan,Crop Residues,Emissions (CO2eq) (AR5),kilotonnes,,,,,,,,,,,,,354.21,633.892,791.3352,466.6272,851.915,589.5965,840.992,628.3214,494.534
Sudan,Rice Cultivation,Emissions (CH4),kilotonnes,,,,,,,,,,,,,1.0584,1.0587,2.1865,1.0584,0.9996,1.6464,1.5918,1.6156,1.6398
Sudan,Rice Cultivation,Emissions (CO2eq) from CH4 (AR5),kilotonnes,,,,,,,,,,,,,29.6352,29.643,61.2226,29.6352,27.9888,46.0992,44.5704,45.2368,45.915
Sudan,Rice Cultivation,Emissions (CO2eq) (AR5),kilotonnes,,,,,,,,,,,,,29.6352,29.643,61.2226,29.6352,27.9888,46.0992,44.5704,45.2368,45.915
Sudan,Burning - Crop residues,Emissions (CH4),kilotonnes,,,,,,,,,,,,,0.4045,0.3528,0.5086,0.4827,0.4684,0.3831,0.5372,0.5356,0.5387
Sudan,Burning - Crop residues,Emissions (N2O),kilotonnes,,,,,,,,,,,,,0.0105,0.0091,0.0132,0.0125,0.0121,0.0099,0.0139,0.0139,0.014
Sudan,Burning - Crop residues,Emissions (CO2eq) from CH4 (AR5),kilotonnes,,,,,,,,,,,,,11.3264,9.8791,14.2412,13.515,13.1153,10.7264,15.0427,14.998,15.083
Sudan,Burning - Crop residues,Emissions (CO2eq) from N2O (AR5),kilotonnes,,,,,,,,,,,,,2.7792,2.424,3.4944,3.3162,3.2181,2.6319,3.691,3.6801,3.7009
Sudan,Burning - Crop residues,Emissions (CO2eq) (AR5),kilotonnes,,,,,,,,,,,,,14.1056,12.3031,17.7356,16.8311,16.3334,13.3583,18.7337,18.678,18.7839
Sudan,Enteric Fermentation,Emissions (CH4),kilotonnes,,,,,,,,,,,,,1695.2232,1706.8873,1715.8504,1740.6354,1741.1257,1754.4228,1767.285,1778.8873,1790.5788
Sudan,Enteric Fermentation,Emissions (CO2eq) from CH4 (AR5),kilotonnes,,,,,,,,,,,,,47466.2491,47792.8457,48043.8121,48737.7914,48751.5209,49123.8372,49483.9787,49808.8456,50136.2062
Sudan,Enteric Fermentation,Emissions (CO2eq) (AR5),kilotonnes,,,,,,,,,,,,,47466.2491,47792.8457,48043.8121,48737.7914,48751.5209,49123.8372,49483.9787,49808.8456,50136.2062
Sudan,Manure Management,Emissions (CH4),kilotonnes,,,,,,,,,,,,,68.3672,68.6695,68.9907,69.3618,69.8371,70.2788,70.7197,71.1273,71.538
Sudan,Manure Management,Emissions (N2O),kilotonnes,,,,,,,,,,,,,0.7689,0.7769,0.7816,0.8019,0.7956,0.8026,0.8091,0.8148,0.8205
Sudan,Manure Management,Emissions (CO2eq) from CH4 (AR5),kilotonnes,,,,,,,,,,,,,1914.2808,1922.7447,1931.7392,1942.1301,1955.4375,1967.8063,1980.1512,1991.5648,2003.0642
Sudan,Manure Management,Emissions (CO2eq) from N2O (AR5),kilotonnes,,,,,,,,,,,,,203.7617,205.866,207.1248,212.5033,210.8277,212.6818,214.4026,215.9162,217.4427
Sudan,Manure Management,Emissions (CO2eq) (AR5),kilotonnes,,,,,,,,,,,,,2118.0425,2128.6106,2138.8641,2154.6333,2166.2651,2180.4881,2194.5538,2207.4811,2220.5069
Sudan,Manure left on Pasture,Direct emissions (N2O),kilotonnes,,,,,,,,,,,,,59.8424,60.2419,60.5637,61.3509,61.485,61.9735,62.4473,62.8743,63.3047
Sudan,Manure left on Pasture,Indirect emissions (N2O),kilotonnes,,,,,,,,,,,,,17.0269,17.1261,17.2109,17.4053,17.4658,17.5873,17.7041,17.8102,17.917
Sudan,Manure left on Pasture,Emissions (N2O),kilotonnes,,,,,,,,,,,,,76.8693,77.368,77.7746,78.7562,78.9508,79.5608,80.1514,80.6844,81.2217
Sudan,Manure left on Pasture,Emissions (CO2eq) from N2O (AR5),kilotonnes,,,,,,,,,,,,,20370.3627,20502.5201,20610.2641,20870.3872,20921.971,21083.607,21240.1181,21381.3757,21523.7486
Sudan,Manure left on Pasture,Emissions (CO2eq) (AR5),kilotonnes,,,,,,,,,,,,,20370.3627,20502.5201,20610.2641,20870.3872,20921.971,21083.607,21240.1181,21381.3757,21523.7486
Sudan,Manure applied to Soils,Direct emissions (N2O),kilotonnes,,,,,,,,,,,,,1.2827,1.3067,1.3142,1.3923,1.3423,1.3551,1.366,1.3754,1.385
Sudan,Manure applied to Soils,Indirect emissions (N2O),kilotonnes,,,,,,,,,,,,,0.5451,0.5554,0.5585,0.5917,0.5705,0.5759,0.5805,0.5846,0.5886
Sudan,Manure applied to Soils,Emissions (N2O),kilotonnes,,,,,,,,,,,,,1.8278,1.8621,1.8727,1.9841,1.9128,1.9311,1.9465,1.96,1.9736
Sudan,Manure applied to Soils,Emissions (CO2eq) from N2O (AR5),kilotonnes,,,,,,,,,,,,,484.3736,493.4526,496.2746,525.7826,506.8952,511.7293,515.8227,519.4002,523.0071
Sudan,Manure applied to Soils,Emissions (CO2eq) (AR5),kilotonnes,,,,,,,,,,,,,484.3736,493.4526,496.2746,525.7826,506.8952,511.7293,515.8227,519.4002,523.0071
Sudan,Synthetic Fertilizers,Direct emissions (N2O),kilotonnes,,,,,,,,,,,,,0.4513,0.7173,0.637,1.2088,2.8104,2.5758,2.5625,1.8929,1.8932
Sudan,Synthetic Fertilizers,Indirect emissions (N2O),kilotonnes,,,,,,,,,,,,,0.1467,0.2331,0.207,0.3929,0.9134,0.8371,0.8328,0.6152,0.6153
Sudan,Synthetic Fertilizers,Emissions (N2O),kilotonnes,,,,,,,,,,,,,0.598,0.9504,0.844,1.6017,3.7238,3.4129,3.3953,2.508,2.5085
Sudan,Synthetic Fertilizers,Emissions (CO2eq) from N2O (AR5),kilotonnes,,,,,,,,,,,,,158.4643,251.8529,223.6502,424.4505,986.8041,904.4277,899.7497,664.6309,664.7534
Sudan,Synthetic Fertilizers,Emissions (CO2eq) (AR5),kilotonnes,,,,,,,,,,,,,158.4643,251.8529,223.6502,424.4505,986.8041,904.4277,899.7497,664.6309,664.7534
Sudan,Drained organic soils,Emissions (CO2eq) (AR5),kilotonnes,,,,,,,,,,,,,0,0,0,0,0,0,0,0,0
Sudan,Drained organic soils (CO2),Emissions (CO2),kilotonnes,,,,,,,,,,,,,0,0,0,0,0,0,0,0,0
Sudan,Drained organic soils (CO2),Emissions (CO2eq) (AR5),kilotonnes,,,,,,,,,,,,,0,0,0,0,0,0,0,0,0
Sudan,Drained organic soils (N2O),Emissions (N2O),kilotonnes,,,,,,,,,,,,,0,0,0,0,0,0,0,0,0
Sudan,Drained organic soils (N2O),Emissions (CO2eq) from N2O (AR5),kilotonnes,,,,,,,,,,,,,0,0,0,0,0,0,0,0,0
Sudan,Drained organic soils (N2O),Emissions (CO2eq) (AR5),kilotonnes,,,,,,,,,,,,,0,0,0,0,0,0,0,0,0
Sudan,On-farm energy use,Emissions (CH4),kilotonnes,,,,,,,,,,,,,0.0906,0.0947,0.0925,0.0938,0.094,0.103,0.103,0.1051,0.1051
Sudan,On-farm energy use,Emissions (N2O),kilotonnes,,,,,,,,,,,,,0.2471,0.2774,0.2652,0.2662,0.2482,0.2411,0.2297,0.2226,0.2226
Sudan,On-farm energy use,Emissions (CO2),kilotonnes,,,,,,,,,,,,,783.0605,845.7003,806.2614,790.6755,735.7624,738.1152,732.6309,717.9048,717.9048
Sudan,On-farm energy use,Emissions (CO2eq) from CH4 (AR5),kilotonnes,,,,,,,,,,,,,2.538,2.6518,2.5905,2.6256,2.6312,2.8853,2.8844,2.9432,2.9432
Sudan,On-farm energy use,Emissions (CO2eq) from N2O (AR5),kilotonnes,,,,,,,,,,,,,65.4798,73.523,70.2765,70.53,65.777,63.8825,60.8605,58.9773,58.9773
Sudan,On-farm energy use,Emissions (CO2eq) (AR5),kilotonnes,,,,,,,,,,,,,851.0782,921.8751,879.1284,863.8311,804.1706,804.8831,796.3758,779.8253,779.8253
Sudan,Forestland,Emissions (CO2),kilotonnes,,,,,,,,,,,,,-74.096,-74.096,-74.096,-74.096,0,0,0,0,0
Sudan,Forestland,Emissions (CO2eq) (AR5),kilotonnes,,,,,,,,,,,,,-74.096,-74.096,-74.096,-74.096,0,0,0,0,0
Sudan,Net Forest conversion,Emissions (CO2),kilotonnes,,,,,,,,,,,,,21592.5623,21592.5623,21592.5623,21592.5623,21003.2522,21003.2522,21003.2522,21003.2522,21003.2522
Sudan,Net Forest conversion,Emissions (CO2eq) (AR5),kilotonnes,,,,,,,,,,,,,21592.5623,21592.5623,21592.5623,21592.5623,21003.2522,21003.2522,21003.2522,21003.2522,21003.2522
Sudan,Savanna fires,Emissions (CH4),kilotonnes,,,,,,,,,,,,,81.0076,74.5684,61.932,60.0195,68.2225,60.9854,57.6926,51.347,69.7703
Sudan,Savanna fires,Emissions (N2O),kilotonnes,,,,,,,,,,,,,7.3963,6.8084,5.6547,5.48,6.229,5.5682,5.2676,4.6882,6.3703
Sudan,Savanna fires,Emissions (CO2eq) from CH4 (AR5),kilotonnes,,,,,,,,,,,,,2268.2122,2087.9152,1734.0973,1680.5473,1910.2288,1707.5909,1615.3921,1437.7155,1953.5696
Sudan,Savanna fires,Emissions (CO2eq) from N2O (AR5),kilotonnes,,,,,,,,,,,,,1960.0312,1804.2311,1498.4863,1452.2121,1650.6868,1475.5812,1395.9095,1242.3737,1688.1389
Sudan,Savanna fires,Emissions (CO2eq) (AR5),kilotonnes,,,,,,,,,,,,,4228.2434,3892.1463,3232.5836,3132.7594,3560.9156,3183.1721,3011.3015,2680.0892,3641.7085
Sudan,Fires in organic soils,Emissions (CH4),kilotonnes,,,,,,,,,,,,,0,0,0,0,0,0,0,0,0
Sudan,Fires in organic soils,Emissions (CO2),kilotonnes,,,,,,,,,,,,,0,0,0,0,0,0,0,0,0
Sudan,Fires in organic soils,Emissions (CO2eq) from CH4 (AR5),kilotonnes,,,,,,,,,,,,,0,0,0,0,0,0,0,0,0
Sudan,Fires in organic soils,Emissions (CO2eq) (AR5),kilotonnes,,,,,,,,,,,,,0,0,0,0,0,0,0,0,0
Sudan,Forest fires,Emissions (CH4),kilotonnes,,,,,,,,,,,,,0.0496,0.0347,0.062,0.0669,0.0844,0.0646,0.1431,0.1709,0.3475
Sudan,Forest fires,Emissions (N2O),kilotonnes,,,,,,,,,,,,,0.0045,0.0032,0.0057,0.0061,0.0077,0.0059,0.0131,0.0156,0.0317
Sudan,Forest fires,Emissions (CO2eq) from CH4 (AR5),kilotonnes,,,,,,,,,,,,,1.3877,0.9714,1.7346,1.8734,2.3642,1.8091,4.0059,4.7845,9.7313
Sudan,Forest fires,Emissions (CO2eq) from N2O (AR5),kilotonnes,,,,,,,,,,,,,1.1992,0.8394,1.499,1.6189,2.043,1.5633,3.4616,4.1344,8.4091
Sudan,Forest fires,Emissions (CO2eq) (AR5),kilotonnes,,,,,,,,,,,,,2.5869,1.8108,3.2336,3.4923,4.4072,3.3724,7.4675,8.9189,18.1405
Sudan,Fires in humid tropical forests,Emissions (CH4),kilotonnes,,,,,,,,,,,,,0,0,0,0,0.0027,0.0027,0.0266,0.0346,0.0452
Sudan,Fires in humid tropical forests,Emissions (N2O),kilotonnes,,,,,,,,,,,,,0,0,0,0,0.0002,0.0002,0.0024,0.0032,0.0041
Sudan,Fires in humid tropical forests,Emissions (CO2eq) from CH4 (AR5),kilotonnes,,,,,,,,,,,,,0,0,0,0,0.0745,0.0745,0.7448,0.9682,1.2661
Sudan,Fires in humid tropical forests,Emissions (CO2eq) from N2O (AR5),kilotonnes,,,,,,,,,,,,,0,0,0,0,0.0644,0.0644,0.6436,0.8367,1.0941
Sudan,Fires in humid tropical forests,Emissions (CO2eq) (AR5),kilotonnes,,,,,,,,,,,,,0,0,0,0,0.1388,0.1388,1.3884,1.8049,2.3602
Sudan,Waste - agri-food systems,Emissions (CH4),kilotonnes,,,,,,,,,,,,,112.1775,113.8421,116.1048,116.8914,118.98,120.6271,121.9199,123.2078,124.4697
Sudan,Waste - agri-food systems,Emissions (N2O),kilotonnes,,,,,,,,,,,,,0.9629,1.0172,1.0297,1.0408,1.0724,1.0871,1.1092,1.1315,1.1544
Sudan,Waste - agri-food systems,Emissions (CO2),kilotonnes,,,,,,,,,,,,,0,0,0,0,0,0,0,0,0
Sudan,Waste - agri-food systems,Emissions (CO2eq) from CH4 (AR5),kilotonnes,,,,,,,,,,,,,3140.9694,3187.5776,3250.9353,3272.9589,3331.4388,3377.5588,3413.7586,3449.8175,3485.1507
Sudan,Waste - agri-food systems,Emissions (CO2eq) from N2O (AR5),kilotonnes,,,,,,,,,,,,,255.1706,269.5599,272.8576,275.8015,284.1943,288.082,293.9451,299.8527,305.9153
Sudan,Waste - agri-food systems,Emissions (CO2eq) (AR5),kilotonnes,,,,,,,,,,,,,3396.14,3457.1375,3523.7928,3548.7604,3615.6331,3665.6408,3707.7037,3749.6703,3791.066
Sudan,On-farm electricity use,Emissions (CH4),kilotonnes,,,,,,,,,,,,,0,0,0,0,0,0,0,0,0
Sudan,On-farm electricity use,Emissions (N2O),kilotonnes,,,,,,,,,,,,,0,0,0,0,0,0,0,0,0
Sudan,On-farm electricity use,Emissions (CO2),kilotonnes,,,,,,,,,,,,,0,0,0,0,0,0,0,0,0
Sudan,On-farm electricity use,Emissions (CO2eq) from CH4 (AR5),kilotonnes,,,,,,,,,,,,,0,0,0,0,0,0,0,0,0
Sudan,On-farm electricity use,Emissions (CO2eq) from N2O (AR5),kilotonnes,,,,,,,,,,,,,0,0,0,0,0,0,0,0,0
Sudan,On-farm electricity use,Emissions (CO2eq) (AR5),kilotonnes,,,,,,,,,,,,,0,0,0,0,0,0,0,0,0
Sudan,Food Processing,Emissions (CH4),kilotonnes,,,,,,,,,,,,,0.3813,5.2619,5.7974,6.1869,6.5208,6.9055,7.2688,7.3622,7.2645
Sudan,Food Processing,Emissions (N2O),kilotonnes,,,,,,,,,,,,,0.006,0.0103,0.0103,0.0107,0.0109,0.0118,0.012,0.0113,0.0113
Sudan,Food Processing,Emissions (CO2),kilotonnes,,,,,,,,,,,,,154.2777,378.3113,381.7834,469.1559,435.1899,525.5111,577.0652,548.3802,492.2669
Sudan,Food Processing,Emissions (CO2eq) from CH4 (AR5),kilotonnes,,,,,,,,,,,,,10.6764,147.3332,162.3272,173.2332,182.5824,193.354,203.5264,206.1416,203.4052
Sudan,Food Processing,Emissions (CO2eq) from N2O (AR5),kilotonnes,,,,,,,,,,,,,1.59,2.7295,2.7295,2.8355,2.8885,3.127,3.18,2.9945,2.9945
Sudan,Food Processing,Emissions (CO2eq) (AR5),kilotonnes,,,,,,,,,,,,,166.5441,528.374,546.8401,645.2246,620.6608,721.9921,783.7716,757.5163,698.6666
Sudan,Food Packaging,Emissions (CH4),kilotonnes,,,,,,,,,,,,,0.114,0.2774,0.3144,0.3404,0.3666,0.3802,0.4164,0.482,0.4756
Sudan,Food Packaging,Emissions (N2O),kilotonnes,,,,,,,,,,,,,0.0005,0.0006,0.0006,0.0007,0.0008,0.0007,0.0008,0.0009,0.0009
Sudan,Food Packaging,Emissions (CO2),kilotonnes,,,,,,,,,,,,,21.4608,32.2681,35.145,46.3451,44.2995,50.7794,58.8055,63.9021,57.3633
Sudan,Food Packaging,Emissions (CO2eq) from CH4 (AR5),kilotonnes,,,,,,,,,,,,,3.192,7.7672,8.8032,9.5312,10.2648,10.6456,11.6592,13.496,13.3168
Sudan,Food Packaging,Emissions (CO2eq) from N2O (AR5),kilotonnes,,,,,,,,,,,,,0.1325,0.159,0.159,0.1855,0.212,0.1855,0.212,0.2385,0.2385
Sudan,Food Packaging,Emissions (CO2eq) (AR5),kilotonnes,,,,,,,,,,,,,24.7853,40.1943,44.1072,56.0618,54.7763,61.6105,70.6767,77.6366,70.9186
Sudan,Food Retail,Emissions (CH4),kilotonnes,,,,,,,,,,,,,0.1893,0.1875,0.2201,0.2321,0.2483,0.2641,0.224,0.2644,0.2609
Sudan,Food Retail,Emissions (N2O),kilotonnes,,,,,,,,,,,,,0.0011,0.0011,0.0012,0.0013,0.0014,0.0015,0.0013,0.0015,0.0015
Sudan,Food Retail,Emissions (CO2),kilotonnes,,,,,,,,,,,,,125.9716,129.1599,153.3344,157.2857,167.0947,175.2282,151.7962,177.6059,159.4323
Sudan,Food Retail,Emissions (CO2eq) from CH4 (AR5),kilotonnes,,,,,,,,,,,,,5.3004,5.25,6.1628,6.4988,6.9524,7.3948,6.272,7.4032,7.3049
Sudan,Food Retail,Emissions (CO2eq) from N2O (AR5),kilotonnes,,,,,,,,,,,,,0.2915,0.2915,0.318,0.3445,0.371,0.3975,0.3445,0.3975,0.3975
Sudan,Food Retail,Emissions (CO2eq) (AR5),kilotonnes,,,,,,,,,,,,,131.5635,134.7014,159.8152,164.129,174.4181,183.0205,158.4127,185.4066,167.1347
Sudan,Food Household Consumption,Emissions (CH4),kilotonnes,,,,,,,,,,,,,1.865,2.0008,2.4782,2.7887,3.1242,3.4276,3.7405,3.7405,3.6908
Sudan,Food Household Consumption,Emissions (N2O),kilotonnes,,,,,,,,,,,,,0.0102,0.011,0.0136,0.0153,0.017,0.0186,0.0203,0.0203,0.0203
Sudan,Food Household Consumption,Emissions (CO2),kilotonnes,,,,,,,,,,,,,1013.756,1174.8711,1444.6176,1595.2755,1765.2794,1912.7175,2066.6999,2066.6999,1855.2236
Sudan,Food Household Consumption,Emissions (CO2eq) from CH4 (AR5),kilotonnes,,,,,,,,,,,,,52.22,56.0224,69.3896,78.0836,87.4776,95.9728,104.734,104.734,103.3437
Sudan,Food Household Consumption,Emissions (CO2eq) from N2O (AR5),kilotonnes,,,,,,,,,,,,,2.703,2.915,3.604,4.0545,4.505,4.929,5.3795,5.3795,5.3795
Sudan,Food Household Consumption,Emissions (CO2eq) (AR5),kilotonnes,,,,,,,,,,,,,1068.679,1233.8085,1517.6112,1677.4136,1857.262,2013.6193,2176.8134,2176.8134,1963.9469
Sudan,Food Transport,Emissions (CH4),kilotonnes,,,,,,,,,,,,,0.1623,0.17,0.1745,0.1844,0.1988,0.201,0.1999,0.1994,0.1968
Sudan,Food Transport,Emissions (N2O),kilotonnes,,,,,,,,,,,,,0.0197,0.0206,0.0213,0.0225,0.0245,0.0246,0.0245,0.0248,0.0248
Sudan,Food Transport,Emissions (CO2),kilotonnes,,,,,,,,,,,,,1031.6641,1085.8351,1133.5831,1189.3171,1334.603,1290.407,1279.302,1260.96,1131.9315
Sudan,Food Transport,Emissions (CO2eq) from CH4 (AR5),kilotonnes,,,,,,,,,,,,,4.5444,4.76,4.886,5.1632,5.5664,5.628,5.5972,5.5832,5.5091
Sudan,Food Transport,Emissions (CO2eq) from N2O (AR5),kilotonnes,,,,,,,,,,,,,5.2205,5.459,5.6445,5.9625,6.4925,6.519,6.4925,6.572,6.572
Sudan,Food Transport,Emissions (CO2eq) (AR5),kilotonnes,,,,,,,,,,,,,1041.429,1096.0541,1144.1136,1200.4428,1346.6619,1302.554,1291.3917,1273.1152,1144.0126
Sudan,Energy,Emissions (CH4),kilotonnes,,,,,,,,,,,,,211,226,238,238,235,234,239,226,223
Sudan,Energy,Emissions (N2O),kilotonnes,,,,,,,,,,,,,1.18,1.18,1.2,1.25,1.28,1.29,1.29,1.25,1.25
Sudan,Energy,Emissions (CO2),kilotonnes,,,,,,,,,,,,,13800,15500,16100,19600,18400,20800,21800,21500,19300
Sudan,Energy,Emissions (CO2eq) from CH4 (AR5),kilotonnes,,,,,,,,,,,,,5908,6328,6664,6664,6580,6552,6692,6328,6244
Sudan,Energy,Emissions (CO2eq) from N2O (AR5),kilotonnes,,,,,,,,,,,,,312.7,312.7,318,331.25,339.2,341.85,341.85,331.25,331.25
Sudan,Energy,Emissions (CO2eq) (AR5),kilotonnes,,,,,,,,,,,,,20020.7,22140.7,23082,26595.25,25319.2,27693.85,28833.85,28159.25,25875.25
Sudan,IPPU,Emissions (N2O),kilotonnes,,,,,,,,,,,,,0.0004,0.0004,0.0004,0.0004,0.0004,0.0005,0.0005,0.0005,0.0005
Sudan,IPPU,Emissions (CO2),kilotonnes,,,,,,,,,,,,,1490,1530,1500,1590,1710,1720,1720,1710,1710
Sudan,IPPU,Emissions (CO2eq) from N2O (AR5),kilotonnes,,,,,,,,,,,,,0.1068,0.1094,0.1124,0.1155,0.1187,0.1222,0.1256,0.1259,0.1285
Sudan,IPPU,Emissions (CO2eq) (AR5),kilotonnes,,,,,,,,,,,,,1490.1068,1530.1094,1500.1124,1590.1155,1710.1187,1720.1222,1720.1256,1710.1259,1710.1285
Sudan,Waste,Emissions (CH4),kilotonnes,,,,,,,,,,,,,278,286,294,303,314,325,333,335,343
Sudan,Waste,Emissions (N2O),kilotonnes,,,,,,,,,,,,,0.535,1.63,1.68,1.72,1.75,1.79,1.83,1.82,1.91
Sudan,Waste,Emissions (CO2eq) from CH4 (AR5),kilotonnes,,,,,,,,,,,,,7784,8008,8232,8484,8792,9100,9324,9380,9604
Sudan,Waste,Emissions (CO2eq) from N2O (AR5),kilotonnes,,,,,,,,,,,,,141.775,431.95,445.2,455.8,463.75,474.35,484.95,482.3,506.15
Sudan,Waste,Emissions (CO2eq) (AR5),kilotonnes,,,,,,,,,,,,,7925.775,8439.95,8677.2,8939.8,9255.75,9574.35,9808.95,9862.3,10110.15
Sudan,Other,Emissions (N2O),kilotonnes,,,,,,,,,,,,,1.26,1.27,1.31,1.42,1.52,1.52,1.53,1.52,1.55
Sudan,Other,Emissions (CO2eq) from N2O (AR5),kilotonnes,,,,,,,,,,,,,333.9,336.55,347.15,376.3,402.8,402.8,405.45,402.8,410.75
Sudan,Other,Emissions (CO2eq) (AR5),kilotonnes,,,,,,,,,,,,,333.9,336.55,347.15,376.3,402.8,402.8,405.45,402.8,410.75
Sudan,Farm-gate emissions,Emissions (CH4),kilotonnes,,,,,,,,,,,,,1846.1515,1851.6314,1849.5608,1871.6516,1880.7472,1887.8195,1897.9293,1903.618,1934.1708
Sudan,Farm-gate emissions,Direct emissions (N2O),kilotonnes,,,,,,,,,,,,,62.6675,64.2186,64.9525,65.3895,68.2621,67.7207,68.9664,68.0781,68.1063
Sudan,Farm-gate emissions,Indirect emissions (N2O),kilotonnes,,,,,,,,,,,,,17.9643,18.3539,18.5249,18.7134,19.5401,19.409,19.7003,19.4454,19.4637
Sudan,Farm-gate emissions,Emissions (N2O),kilotonnes,,,,,,,,,,,,,89.0546,90.4444,90.1921,90.6634,95.0872,93.7515,94.987,93.2629,94.9974
Sudan,Farm-gate emissions,Emissions (CO2),kilotonnes,,,,,,,,,,,,,783.0605,845.7003,806.2614,790.6755,735.7624,738.1152,732.6309,717.9048,717.9048
Sudan,Farm-gate emissions,Emissions (CO2eq) from CH4 (AR5),kilotonnes,,,,,,,,,,,,,51692.2416,51845.6796,51787.7029,52406.2445,52660.9224,52858.9453,53142.0195,53301.3038,54156.7811
Sudan,Farm-gate emissions,Emissions (CO2eq) from N2O (AR5),kilotonnes,,,,,,,,,,,,,23599.4625,23967.7616,23900.9062,24025.809,25198.0949,24844.138,25171.5461,24714.6755,25174.303
Sudan,Farm-gate emissions,Emissions (CO2eq) (AR5),kilotonnes,,,,,,,,,,,,,76074.7646,76659.1415,76494.8705,77222.729,78594.7797,78441.1985,79046.1965,78733.8842,80048.9889
Sudan,Land Use change,Emissions (CH4),kilotonnes,,,,,,,,,,,,,0,0,0,0,0.0027,0.0027,0.0266,0.0346,0.0452
Sudan,Land Use change,Emissions (N2O),kilotonnes,,,,,,,,,,,,,0,0,0,0,0.0002,0.0002,0.0024,0.0032,0.0041
Sudan,Land Use change,Emissions (CO2),kilotonnes,,,,,,,,,,,,,21592.5623,21592.5623,21592.5623,21592.5623,21003.2522,21003.2522,21003.2522,21003.2522,21003.2522
Sudan,Land Use change,Emissions (CO2eq) from CH4 (AR5),kilotonnes,,,,,,,,,,,,,0,0,0,0,0.0745,0.0745,0.7448,0.9682,1.2661
Sudan,Land Use change,Emissions (CO2eq) from N2O (AR5),kilotonnes,,,,,,,,,,,,,0,0,0,0,0.0644,0.0644,0.6436,0.8367,1.0941
Sudan,Land Use change,Emissions (CO2eq) (AR5),kilotonnes,,,,,,,,,,,,,21592.5623,21592.5623,21592.5623,21592.5623,21003.391,21003.391,21004.6405,21005.0571,21005.6124
Sudan,Emissions on agricultural land,Emissions (CH4),kilotonnes,,,,,,,,,,,,,1846.1515,1851.6314,1849.5608,1871.6516,1880.7499,1887.8221,1897.9559,1903.6526,1934.216
Sudan,Emissions on agricultural land,Emissions (N2O),kilotonnes,,,,,,,,,,,,,89.0546,90.4444,90.1921,90.6634,95.0874,93.7517,94.9894,93.2661,95.0015
Sudan,Emissions on agricultural land,Emissions (CO2),kilotonnes,,,,,,,,,,,,,22375.6228,22438.2626,22398.8237,22383.2378,21739.0146,21741.3674,21735.8831,21721.157,21721.157
Sudan,Emissions on agricultural land,Emissions (CO2eq) from CH4 (AR5),kilotonnes,,,,,,,,,,,,,51692.2416,51845.6796,51787.7029,52406.2445,52660.9968,52859.0197,53142.7642,53302.2721,54158.0472
Sudan,Emissions on agricultural land,Emissions (CO2eq) from N2O (AR5),kilotonnes,,,,,,,,,,,,,23599.4625,23967.7616,23900.9062,24025.809,25198.1592,24844.2024,25172.1897,24715.5122,25175.3971
Sudan,Emissions on agricultural land,Emissions (CO2eq) (AR5),kilotonnes,,,,,,,,,,,,,97667.3269,98251.7039,98087.4329,98815.2913,99598.1707,99444.5895,100050.837,99738.9413,101054.6013
Sudan,Pre- and post- production,Emissions (CH4),kilotonnes,,,,,,,,,,,,,114.8894,121.7397,125.0894,126.6239,129.4387,131.8055,133.7695,135.2563,136.3582
Sudan,Pre- and post- production,Emissions (N2O),kilotonnes,,,,,,,,,,,,,1.0004,1.0608,1.0767,1.0913,1.127,1.1443,1.1681,1.1903,1.2132
Sudan,Pre- and post- production,Emissions (CO2),kilotonnes,,,,,,,,,,,,,2347.1302,2800.4455,3148.4635,3457.3793,3746.4665,3954.6432,4133.6688,4117.5481,3696.2176
Sudan,Pre- and post- production,Emissions (CO2eq) from CH4 (AR5),kilotonnes,,,,,,,,,,,,,3216.9026,3408.7104,3502.5041,3545.4689,3624.2824,3690.554,3745.5474,3787.1755,3818.0305
Sudan,Pre- and post- production,Emissions (CO2eq) from N2O (AR5),kilotonnes,,,,,,,,,,,,,265.1081,281.1139,285.3126,289.184,298.6633,303.24,309.5536,315.4347,321.4973
Sudan,Pre- and post- production,Emissions (CO2eq) (AR5),kilotonnes,,,,,,,,,,,,,5829.1409,6490.2698,6936.2801,7292.0322,7669.4122,7948.4372,8188.7698,8220.1584,7835.7454
Sudan,Agri-food systems,Emissions (CH4),kilotonnes,,,,,,,,,,,,,1961.0409,1973.3711,1974.6503,1998.2755,2010.1885,2019.6276,2031.7254,2038.9088,2070.5742
Sudan,Agri-food systems,Emissions (N2O),kilotonnes,,,,,,,,,,,,,90.055,91.5052,91.2688,91.7547,96.2144,94.896,96.1575,94.4564,96.2147
Sudan,Agri-food systems,Emissions (CO2),kilotonnes,,,,,,,,,,,,,24722.753,25238.7081,25547.2872,25840.6171,25485.4811,25696.0106,25869.5519,25838.7051,25417.3746
Sudan,Agri-food systems,Emissions (CO2eq) from CH4 (AR5),kilotonnes,,,,,,,,,,,,,54909.1442,55254.39,55290.207,55951.7135,56285.2793,56549.5738,56888.3116,57089.4476,57976.0777
Sudan,Agri-food systems,Emissions (CO2eq) from N2O (AR5),kilotonnes,,,,,,,,,,,,,23864.5706,24248.8755,24186.2188,24314.9929,25496.8225,25147.4424,25481.7433,25030.947,25496.8944
Sudan,Agri-food systems,Emissions (CO2eq) (AR5),kilotonnes,,,,,,,,,,,,,103496.4679,104741.9736,105023.713,106107.3235,107267.5829,107393.0268,108239.6068,107959.0997,108890.3467
Sudan,IPCC Agriculture,Emissions (CH4),kilotonnes,,,,,,,,,,,,,1846.0608,1851.5367,1849.4683,1871.5578,1880.6533,1887.7164,1897.8263,1903.5129,1934.0656
Sudan,IPCC Agriculture,Direct emissions (N2O),kilotonnes,,,,,,,,,,,,,62.6675,64.2186,64.9525,65.3895,68.2621,67.7207,68.9664,68.0781,68.1063
Sudan,IPCC Agriculture,Indirect emissions (N2O),kilotonnes,,,,,,,,,,,,,17.9643,18.3539,18.5249,18.7134,19.5401,19.409,19.7003,19.4454,19.4637
Sudan,IPCC Agriculture,Emissions (N2O),kilotonnes,,,,,,,,,,,,,88.8075,90.1669,89.9269,90.3973,94.8389,93.5104,94.7573,93.0404,94.7748
Sudan,IPCC Agriculture,Emissions (CO2eq) from CH4 (AR5),kilotonnes,,,,,,,,,,,,,51689.7037,51843.0278,51785.1124,52403.6189,52658.2912,52856.0599,53139.1351,53298.3606,54153.8379
Sudan,IPCC Agriculture,Emissions (CO2eq) from N2O (AR5),kilotonnes,,,,,,,,,,,,,23533.9827,23894.2387,23830.6297,23955.279,25132.3179,24780.2555,25110.6856,24655.6983,25115.3257
Sudan,IPCC Agriculture,Emissions (CO2eq) (AR5),kilotonnes,,,,,,,,,,,,,75223.6863,75737.2664,75615.7421,76358.8979,77790.6091,77636.3154,78249.8207,77954.0589,79269.1636
Sudan,Agricultural Soils,Direct emissions (N2O),kilotonnes,,,,,,,,,,,,,62.6675,64.2186,64.9525,65.3895,68.2621,67.7207,68.9664,68.0781,68.1063
Sudan,Agricultural Soils,Indirect emissions (N2O),kilotonnes,,,,,,,,,,,,,17.9643,18.3539,18.5249,18.7134,19.5401,19.409,19.7003,19.4454,19.4637
Sudan,Agricultural Soils,Emissions (N2O),kilotonnes,,,,,,,,,,,,,80.6317,82.5725,83.4774,84.1028,87.8022,87.1297,88.6667,87.5235,87.57
Sudan,Agricultural Soils,Emissions (CO2eq) from N2O (AR5),kilotonnes,,,,,,,,,,,,,21367.4106,21881.7176,22121.5242,22287.2474,23267.5853,23089.3606,23496.6825,23193.7283,23206.0431
Sudan,Agricultural Soils,Emissions (CO2eq) (AR5),kilotonnes,,,,,,,,,,,,,21367.4106,21881.7176,22121.5242,22287.2474,23267.5853,23089.3606,23496.6825,23193.7283,23206.0431
Sudan,LULUCF,Emissions (CH4),kilotonnes,,,,,,,,,,,,,0.0496,0.0347,0.062,0.0669,0.0844,0.0646,0.1431,0.1709,0.3475
Sudan,LULUCF,Emissions (N2O),kilotonnes,,,,,,,,,,,,,0.0045,0.0032,0.0057,0.0061,0.0077,0.0059,0.0131,0.0156,0.0317
Sudan,LULUCF,Emissions (CO2),kilotonnes,,,,,,,,,,,,,21518.4663,21518.4663,21518.4663,21518.4663,21003.2522,21003.2522,21003.2522,21003.2522,21003.2522
Sudan,LULUCF,Emissions (CO2eq) from CH4 (AR5),kilotonnes,,,,,,,,,,,,,1.3877,0.9714,1.7346,1.8734,2.3642,1.8091,4.0059,4.7845,9.7313
Sudan,LULUCF,Emissions (CO2eq) from N2O (AR5),kilotonnes,,,,,,,,,,,,,1.1992,0.8394,1.499,1.6189,2.043,1.5633,3.4616,4.1344,8.4091
Sudan,LULUCF,Emissions (CO2eq) (AR5),kilotonnes,,,,,,,,,,,,,21521.0532,21520.2772,21521.6999,21521.9586,21007.6593,21006.6246,21010.7197,21012.171,21021.3927
Sudan,AFOLU,Emissions (CH4),kilotonnes,,,,,,,,,,,,,1846.1104,1851.5714,1849.5303,1871.6247,1880.7377,1887.781,1897.9693,1903.6838,1934.4132
Sudan,AFOLU,Emissions (N2O),kilotonnes,,,,,,,,,,,,,88.812,90.1701,89.9326,90.4034,94.8466,93.5163,94.7704,93.056,94.8065
Sudan,AFOLU,Emissions (CO2),kilotonnes,,,,,,,,,,,,,21518.4663,21518.4663,21518.4663,21518.4663,21003.2522,21003.2522,21003.2522,21003.2522,21003.2522
Sudan,AFOLU,Emissions (CO2eq) from CH4 (AR5),kilotonnes,,,,,,,,,,,,,51691.0914,51843.9992,51786.8471,52405.4923,52660.6554,52857.869,53143.1409,53303.1451,54163.5693
Sudan,AFOLU,Emissions (CO2eq) from N2O (AR5),kilotonnes,,,,,,,,,,,,,23535.1818,23895.0781,23832.1286,23956.8978,25134.3609,24781.8189,25114.1472,24659.8327,25123.7348
Sudan,AFOLU,Emissions (CO2eq) (AR5),kilotonnes,,,,,,,,,,,,,96744.7396,97257.5436,97137.4421,97880.8565,98798.2684,98642.94,99260.5403,98966.23,100290.5563
Sudan,All sectors with LULUCF,Emissions (CH4),kilotonnes,,,,,,,,,,,,,2335.1104,2363.5714,2381.5303,2412.6247,2429.7377,2446.781,2469.9693,2464.6838,2500.4132
Sudan,All sectors with LULUCF,Emissions (N2O),kilotonnes,,,,,,,,,,,,,91.7874,94.2505,94.123,94.7938,99.3971,98.1168,99.4208,97.6464,99.517
Sudan,All sectors with LULUCF,Emissions (CO2),kilotonnes,,,,,,,,,,,,,36808.4663,38548.4663,39118.4663,42708.4663,41113.2522,43523.2522,44523.2522,44213.2522,42013.2522
Sudan,All sectors with LULUCF,Emissions (CO2eq) from CH4 (AR5),kilotonnes,,,,,,,,,,,,,65383.0914,66179.9992,66682.8471,67553.4923,68032.6554,68509.869,69159.1409,69011.1451,70011.5693
Sudan,All sectors with LULUCF,Emissions (CO2eq) from N2O (AR5),kilotonnes,,,,,,,,,,,,,24323.6636,24976.3875,24942.591,25120.3634,26340.2296,26000.941,26346.5228,25876.3086,26372.0134
Sudan,All sectors with LULUCF,Emissions (CO2eq) (AR5),kilotonnes,,,,,,,,,,,,,126515.2214,129704.853,130743.9044,135382.3221,135486.1372,138034.0622,140028.9159,139100.7058,138396.8348
Sudan,All sectors without LULUCF,Emissions (CH4),kilotonnes,,,,,,,,,,,,,2335.0608,2363.5367,2381.4683,2412.5578,2429.6533,2446.7164,2469.8263,2464.5129,2500.0656
Sudan,All sectors without LULUCF,Emissions (N2O),kilotonnes,,,,,,,,,,,,,91.7829,94.2474,94.1173,94.7877,99.3894,98.1109,99.4078,97.6308,99.4853
Sudan,All sectors without LULUCF,Emissions (CO2),kilotonnes,,,,,,,,,,,,,15290,17030,17600,21190,20110,22520,23520,23210,21010
Sudan,All sectors without LULUCF,Emissions (CO2eq) from CH4 (AR5),kilotonnes,,,,,,,,,,,,,65381.7037,66179.0278,66681.1124,67551.6189,68030.2912,68508.0599,69155.1351,69006.3606,70001.8379
Sudan,All sectors without LULUCF,Emissions (CO2eq) from N2O (AR5),kilotonnes,,,,,,,,,,,,,24322.4645,24975.5481,24941.092,25118.7445,26338.1866,25999.3777,26343.0612,25872.1742,26363.6042
Sudan,All sectors without LULUCF,Emissions (CO2eq) (AR5),kilotonnes,,,,,,,,,,,,,104994.1681,108184.5759,109222.2045,113860.3634,114478.4778,117027.4376,119018.1963,118088.5348,117375.4421
Sudan (former),Crop Residues,Direct emissions (N2O),kilotonnes,1.1407,1.6428,1.3349,1.9871,1.1041,2.4179,1.8423,1.9675,1.8064,1.8483,1.4164,1.9133,,,,,,,,,
Sudan (former),Crop Residues,Indirect emissions (N2O),kilotonnes,0.2566,0.3696,0.3003,0.4471,0.2484,0.544,0.4145,0.4427,0.4064,0.4159,0.3187,0.4305,,,,,,,,,
Sudan (former),Crop Residues,Emissions (N2O),kilotonnes,1.3973,2.0124,1.6352,2.4342,1.3526,2.962,2.2568,2.4102,2.2128,2.2641,1.7351,2.3438,,,,,,,,,
Sudan (former),Crop Residues,Emissions (CO2eq) from N2O (AR5),kilotonnes,370.2875,533.2924,433.3365,645.0526,358.4347,784.9194,598.0571,638.692,586.3976,599.9944,459.7972,621.1174,,,,,,,,,
Sudan (former),Crop Residues,Emissions (CO2eq) (AR5),kilotonnes,370.2875,533.2924,433.3365,645.0526,358.4347,784.9194,598.0571,638.692,586.3976,599.9944,459.7972,621.1174,,,,,,,,,
Sudan (former),Rice Cultivation,Emissions (CH4),kilotonnes,0.7644,0.8624,0.6667,1.12,1.0584,0.8232,0.9916,0.875,0.9411,0.8824,0.896,0.9408,,,,,,,,,
Sudan (former),Rice Cultivation,Emissions (CO2eq) from CH4 (AR5),kilotonnes,21.4032,24.1472,18.667,31.36,29.6352,23.0496,27.7654,24.5,26.3502,24.7078,25.088,26.3424,,,,,,,,,
Sudan (former),Rice Cultivation,Emissions (CO2eq) (AR5),kilotonnes,21.4032,24.1472,18.667,31.36,29.6352,23.0496,27.7654,24.5,26.3502,24.7078,25.088,26.3424,,,,,,,,,
Sudan (former),Burning - Crop residues,Emissions (CH4),kilotonnes,0.4129,0.4448,0.4145,0.5024,0.479,0.4757,0.6032,0.5368,0.54,0.6645,0.4416,0.3974,,,,,,,,,
Sudan (former),Burning - Crop residues,Emissions (N2O),kilotonnes,0.0107,0.0115,0.0107,0.013,0.0124,0.0123,0.0156,0.0139,0.014,0.0172,0.0114,0.0103,,,,,,,,,
Sudan (former),Burning - Crop residues,Emissions (CO2eq) from CH4 (AR5),kilotonnes,11.5604,12.4553,11.6047,14.0669,13.4126,13.3184,16.8887,15.0301,15.1199,18.6054,12.3636,11.1259,,,,,,,,,
Sudan (former),Burning - Crop residues,Emissions (CO2eq) from N2O (AR5),kilotonnes,2.8366,3.0561,2.8474,3.4516,3.2911,3.2679,4.144,3.6879,3.71,4.5652,3.0337,2.73,,,,,,,,,
Sudan (former),Burning - Crop residues,Emissions (CO2eq) (AR5),kilotonnes,14.3969,15.5114,14.4521,17.5185,16.7037,16.5864,21.0327,18.718,18.8299,23.1707,15.3973,13.8559,,,,,,,,,
Sudan (former),Enteric Fermentation,Emissions (CH4),kilotonnes,1872.8723,1946.1943,1968.8163,2058.8433,2088.6803,2140.5773,2161.2271,2177.8443,2197.494,2213.1118,2226.688,2158.7589,,,,,,,,,
Sudan (former),Enteric Fermentation,Emissions (CO2eq) from CH4 (AR5),kilotonnes,52440.423,54493.4404,55126.8564,57647.6124,58483.0484,59936.1644,60514.3588,60979.6404,61529.8306,61967.1291,62347.2647,60445.249,,,,,,,,,
Sudan (former),Enteric Fermentation,Emissions (CO2eq) (AR5),kilotonnes,52440.423,54493.4404,55126.8564,57647.6124,58483.0484,59936.1644,60514.3588,60979.6404,61529.8306,61967.1291,62347.2647,60445.249,,,,,,,,,
Sudan (former),Manure Management,Emissions (CH4),kilotonnes,65.5716,67.6739,68.4472,70.6355,71.4191,72.9614,74.1938,74.9977,75.8173,76.5352,77.0571,74.2305,,,,,,,,,
Sudan (former),Manure Management,Emissions (N2O),kilotonnes,0.9124,0.9541,0.9657,1.0216,1.0394,1.0686,1.0704,1.0779,1.0852,1.0908,1.0975,1.0811,,,,,,,,,
Sudan (former),Manure Management,Emissions (CO2eq) from CH4 (AR5),kilotonnes,1836.0045,1894.8685,1916.5209,1977.795,1999.7341,2042.918,2077.4267,2099.936,2122.8847,2142.9847,2157.5976,2078.4537,,,,,,,,,
Sudan (former),Manure Management,Emissions (CO2eq) from N2O (AR5),kilotonnes,241.7867,252.8365,255.9074,270.7273,275.4342,283.1792,283.6589,285.639,287.5798,289.0489,290.8369,286.4945,,,,,,,,,
Sudan (former),Manure Management,Emissions (CO2eq) (AR5),kilotonnes,2077.7912,2147.705,2172.4283,2248.5224,2275.1683,2326.0971,2361.0856,2385.5751,2410.4645,2432.0336,2448.4345,2364.9482,,,,,,,,,
Sudan (former),Manure left on Pasture,Direct emissions (N2O),kilotonnes,68.9629,71.5496,72.2286,75.2089,75.9506,77.5929,78.28,78.7609,79.3146,79.7357,80.1888,76.9343,,,,,,,,,
Sudan (former),Manure left on Pasture,Indirect emissions (N2O),kilotonnes,18.8889,19.5645,19.8447,20.5431,20.7533,21.1833,21.3908,21.5466,21.697,21.8348,21.968,20.6755,,,,,,,,,
Sudan (former),Manure left on Pasture,Emissions (N2O),kilotonnes,87.8518,91.114,92.0734,95.7519,96.7039,98.7762,99.6709,100.3075,101.0117,101.5705,102.1568,97.6098,,,,,,,,,
Sudan (former),Manure left on Pasture,Emissions (CO2eq) from N2O (AR5),kilotonnes,23280.7374,24145.223,24399.4435,25374.2636,25626.5406,26175.686,26412.7779,26581.4955,26768.0917,26916.1862,27071.5632,25866.5908,,,,,,,,,
Sudan (former),Manure left on Pasture,Emissions (CO2eq) (AR5),kilotonnes,23280.7374,24145.223,24399.4435,25374.2636,25626.5406,26175.686,26412.7779,26581.4955,26768.0917,26916.1862,27071.5632,25866.5908,,,,,,,,,
Sudan (former),Manure applied to Soils,Direct emissions (N2O),kilotonnes,1.4753,1.5856,1.6327,1.8034,1.8746,1.9582,1.9291,1.943,1.9574,1.9677,1.9794,1.9259,,,,,,,,,
Sudan (former),Manure applied to Soils,Indirect emissions (N2O),kilotonnes,0.627,0.6739,0.6939,0.7664,0.7967,0.8323,0.8198,0.8258,0.8319,0.8363,0.8412,0.8185,,,,,,,,,
Sudan (former),Manure applied to Soils,Emissions (N2O),kilotonnes,2.1023,2.2594,2.3266,2.5698,2.6713,2.7905,2.7489,2.7688,2.7892,2.8039,2.8206,2.7444,,,,,,,,,
Sudan (former),Manure applied to Soils,Emissions (CO2eq) from N2O (AR5),kilotonnes,557.105,598.7503,616.5385,681.0011,707.9012,739.4796,728.4591,733.7382,739.1496,743.0374,747.4665,727.2645,,,,,,,,,
Sudan (former),Manure applied to Soils,Emissions (CO2eq) (AR5),kilotonnes,557.105,598.7503,616.5385,681.0011,707.9012,739.4796,728.4591,733.7382,739.1496,743.0374,747.4665,727.2645,,,,,,,,,
Sudan (former),Synthetic Fertilizers,Direct emissions (N2O),kilotonnes,0.5154,1.1,0.8551,0.9036,1.1731,0.624,0.7035,0.877,0.877,1.3541,2.0336,1.3758,,,,,,,,,
Sudan (former),Synthetic Fertilizers,Indirect emissions (N2O),kilotonnes,0.1675,0.3575,0.2779,0.2937,0.3812,0.2028,0.2286,0.285,0.285,0.4401,0.6609,0.4471,,,,,,,,,
Sudan (former),Synthetic Fertilizers,Emissions (N2O),kilotonnes,0.6829,1.4575,1.133,1.1972,1.5543,0.8268,0.9322,1.162,1.162,1.7942,2.6945,1.8229,,,,,,,,,
Sudan (former),Synthetic Fertilizers,Emissions (CO2eq) from N2O (AR5),kilotonnes,180.9799,386.2375,300.2445,317.2665,411.8892,219.107,247.0265,307.9416,307.9416,475.4584,714.0428,483.0728,,,,,,,,,
Sudan (former),Synthetic Fertilizers,Emissions (CO2eq) (AR5),kilotonnes,180.9799,386.2375,300.2445,317.2665,411.8892,219.107,247.0265,307.9416,307.9416,475.4584,714.0428,483.0728,,,,,,,,,
Sudan (former),Drained organic soils,Emissions (CO2eq) (AR5),kilotonnes,10273.5174,10257.379,10247.0942,10233.4026,10221.9998,10223.3614,10213.8492,10209.2641,10198.6976,10215.2563,10214.1433,10211.0383,,,,,,,,,
Sudan (former),Drained organic soils (CO2),Emissions (CO2),kilotonnes,9727.706,9712.2262,9702.3686,9689.3099,9678.6979,9679.9712,9670.9464,9666.564,9656.6706,9672.4212,9671.3303,9668.4025,,,,,,,,,
Sudan (former),Drained organic soils (CO2),Emissions (CO2eq) (AR5),kilotonnes,9727.706,9712.2262,9702.3686,9689.3099,9678.6979,9679.9712,9670.9464,9666.564,9656.6706,9672.4212,9671.3303,9668.4025,,,,,,,,,
Sudan (former),Drained organic soils (N2O),Emissions (N2O),kilotonnes,2.0597,2.0572,2.0556,2.0532,2.0502,2.0505,2.0487,2.0479,2.0454,2.0484,2.0484,2.0477,,,,,,,,,
Sudan (former),Drained organic soils (N2O),Emissions (CO2eq) from N2O (AR5),kilotonnes,545.8114,545.1528,544.7255,544.0927,543.3018,543.3903,542.9028,542.7001,542.027,542.8351,542.813,542.6357,,,,,,,,,
Sudan (former),Drained organic soils (N2O),Emissions (CO2eq) (AR5),kilotonnes,545.8114,545.1528,544.7255,544.0927,543.3018,543.3903,542.9028,542.7001,542.027,542.8351,542.813,542.6357,,,,,,,,,
Sudan (former),On-farm energy use,Emissions (CH4),kilotonnes,0.029,0.0274,0.0406,0.0442,0.0364,0.0354,0.0442,0.0729,0.058,0.0515,0.0552,0.0469,,,,,,,,,
Sudan (former),On-farm energy use,Emissions (N2O),kilotonnes,0.1331,0.1024,0.1775,0.191,0.1235,0.121,0.1457,0.3155,0.1963,0.1177,0.0934,0.0796,,,,,,,,,
Sudan (former),On-farm energy use,Emissions (CO2),kilotonnes,368.8667,298.3977,507.9921,547.9258,381.5296,394.7289,493.311,945.9507,640.3238,460.9883,441.8544,354.8091,,,,,,,,,
Sudan (former),On-farm energy use,Emissions (CO2eq) from CH4 (AR5),kilotonnes,0.8118,0.7672,1.1376,1.2383,1.0203,0.9914,1.2389,2.0415,1.6236,1.4419,1.5461,1.3142,,,,,,,,,
Sudan (former),On-farm energy use,Emissions (CO2eq) from N2O (AR5),kilotonnes,35.2674,27.1373,47.032,50.6276,32.7147,32.0561,38.6079,83.6091,52.012,31.2002,24.7403,21.1031,,,,,,,,,
Sudan (former),On-farm energy use,Emissions (CO2eq) (AR5),kilotonnes,404.9458,326.3022,556.1617,599.7917,415.2646,427.7763,533.1578,1031.6013,693.9594,493.6305,468.1408,377.2263,,,,,,,,,
Sudan (former),Forestland,Emissions (CO2),kilotonnes,5.2906,491.9288,491.9288,491.9288,491.9288,491.9288,491.9288,491.9288,491.9288,491.9288,491.9288,-405.221,,,,,,,,,
Sudan (former),Forestland,Emissions (CO2eq) (AR5),kilotonnes,5.2906,491.9288,491.9288,491.9288,491.9288,491.9288,491.9288,491.9288,491.9288,491.9288,491.9288,-405.221,,,,,,,,,
Sudan (former),Net Forest conversion,Emissions (CO2),kilotonnes,21600.8364,21574.1618,21574.1618,21574.1618,21574.1618,21574.1618,21574.1618,21574.1618,21574.1618,21574.1618,21574.1618,21592.5623,,,,,,,,,
Sudan (former),Net Forest conversion,Emissions (CO2eq) (AR5),kilotonnes,21600.8364,21574.1618,21574.1618,21574.1618,21574.1618,21574.1618,21574.1618,21574.1618,21574.1618,21574.1618,21574.1618,21592.5623,,,,,,,,,
Sudan (former),Savanna fires,Emissions (CH4),kilotonnes,622.3648,392.3225,484.5715,464.5549,482.9328,519.8523,409.3434,503.224,473.5216,496.0484,384.9276,439.5067,,,,,,,,,
Sudan (former),Savanna fires,Emissions (N2O),kilotonnes,56.8246,35.8208,44.2435,42.4159,44.0939,47.4648,37.3748,45.9465,43.2346,45.2914,35.1456,40.1289,,,,,,,,,
Sudan (former),Savanna fires,Emissions (CO2eq) from CH4 (AR5),kilotonnes,17426.2134,10985.0301,13568.0029,13007.5383,13522.1175,14555.8633,11461.6157,14090.2709,13258.6036,13889.3565,10777.973,12306.1873,,,,,,,,,
Sudan (former),Savanna fires,Emissions (CO2eq) from N2O (AR5),kilotonnes,15058.5214,9492.4988,11724.5242,11240.2097,11684.8733,12578.1645,9904.3309,12175.8319,11457.1629,12002.2157,9313.5745,10634.151,,,,,,,,,
Sudan (former),Savanna fires,Emissions (CO2eq) (AR5),kilotonnes,32484.7348,20477.5288,25292.5271,24247.748,25206.9908,27134.0277,21365.9466,26266.1029,24715.7665,25891.5722,20091.5475,22940.3383,,,,,,,,,
Sudan (former),Fires in organic soils,Emissions (CH4),kilotonnes,0,0,0,0,0,0,0,0,0,0,0,0,,,,,,,,,
Sudan (former),Fires in organic soils,Emissions (CO2),kilotonnes,0,0,0,0,0,0,0,0,0,0,0,0,,,,,,,,,
Sudan (former),Fires in organic soils,Emissions (CO2eq) from CH4 (AR5),kilotonnes,0,0,0,0,0,0,0,0,0,0,0,0,,,,,,,,,
Sudan (former),Fires in organic soils,Emissions (CO2eq) (AR5),kilotonnes,0,0,0,0,0,0,0,0,0,0,0,0,,,,,,,,,
Sudan (former),Forest fires,Emissions (CH4),kilotonnes,358.4761,15.5019,15.5052,33.3934,35.2317,46.9893,19.2922,38.1366,38.1155,30.6513,27.97,40.4198,,,,,,,,,
Sudan (former),Forest fires,Emissions (N2O),kilotonnes,10.5434,1.4154,1.4157,3.049,3.2168,4.2903,1.7615,3.482,3.4801,2.7986,2.5538,3.6905,,,,,,,,,
Sudan (former),Forest fires,Emissions (CO2eq) from CH4 (AR5),kilotonnes,10037.3311,434.0544,434.1443,935.0152,986.4874,1315.6994,540.181,1067.8243,1067.2333,858.2353,783.1611,1131.7545,,,,,,,,,
Sudan (former),Forest fires,Emissions (CO2eq) from N2O (AR5),kilotonnes,2794.005,375.0796,375.1573,807.9751,852.4538,1136.9359,466.7869,922.7395,922.2288,741.6272,676.7534,977.9835,,,,,,,,,
Sudan (former),Forest fires,Emissions (CO2eq) (AR5),kilotonnes,12831.3361,809.1341,809.3016,1742.9903,1838.9411,2452.6352,1006.9679,1990.5638,1989.4621,1599.8625,1459.9145,2109.7379,,,,,,,,,
Sudan (former),Fires in humid tropical forests,Emissions (CH4),kilotonnes,71.3939,15.3954,15.4085,33.2398,35.0905,46.6771,19.0494,37.9706,37.8752,30.567,27.7347,40.1646,,,,,,,,,
Sudan (former),Fires in humid tropical forests,Emissions (N2O),kilotonnes,2.0998,1.4057,1.4069,3.0349,3.2039,4.2618,1.7393,3.4669,3.4582,2.7909,2.5323,3.6672,,,,,,,,,
Sudan (former),Fires in humid tropical forests,Emissions (CO2eq) from CH4 (AR5),kilotonnes,1999.0297,431.0714,431.4387,930.714,982.5333,1306.9588,533.3827,1063.1764,1060.5044,855.8765,776.5706,1124.6093,,,,,,,,,
Sudan (former),Fires in humid tropical forests,Emissions (CO2eq) from N2O (AR5),kilotonnes,556.4526,372.5019,372.8193,804.2583,849.0369,1129.3829,460.9122,918.723,916.4141,739.589,671.0583,971.8091,,,,,,,,,
Sudan (former),Fires in humid tropical forests,Emissions (CO2eq) (AR5),kilotonnes,2555.4823,803.5734,804.2579,1734.9722,1831.5703,2436.3417,994.2949,1981.8994,1976.9185,1595.4655,1447.6289,2096.4184,,,,,,,,,
Sudan (former),Waste - agri-food systems,Emissions (CH4),kilotonnes,97.1602,99.3014,101.4316,103.561,105.7054,107.8775,110.0697,112.2843,115.2344,117.3328,119.4506,121.5212,,,,,,,,,
Sudan (former),Waste - agri-food systems,Emissions (N2O),kilotonnes,0.7186,0.7378,0.7579,0.7786,0.7992,0.8194,0.839,0.8583,0.88,0.8999,0.9206,0.9425,,,,,,,,,
Sudan (former),Waste - agri-food systems,Emissions (CO2eq) from CH4 (AR5),kilotonnes,2720.4844,2780.4389,2840.0861,2899.7066,2959.7503,3020.5695,3081.9507,3143.9609,3226.5643,3285.3172,3344.6166,3402.5922,,,,,,,,,
Sudan (former),Waste - agri-food systems,Emissions (CO2eq) from N2O (AR5),kilotonnes,190.4211,195.5132,200.8491,206.3274,211.7925,217.1388,222.3361,227.446,233.2057,238.464,243.9701,249.7574,,,,,,,,,
Sudan (former),Waste - agri-food systems,Emissions (CO2eq) (AR5),kilotonnes,2910.9055,2975.9521,3040.9351,3106.034,3171.5428,3237.7083,3304.2868,3371.4069,3459.77,3523.7812,3588.5868,3652.3496,,,,,,,,,
Sudan (former),On-farm electricity use,Emissions (CH4),kilotonnes,0.0468,0.0492,0.0552,0.0636,0.126,0.1572,0.1488,0.1392,0.1956,0.2376,0.2688,0.3696,,,,,,,,,
Sudan (former),On-farm electricity use,Emissions (N2O),kilotonnes,0.0002,0.0003,0.0003,0.0003,0.0007,0.0008,0.0008,0.0007,0.001,0.0013,0.0014,0.002,,,,,,,,,
Sudan (former),On-farm electricity use,Emissions (CO2),kilotonnes,19.8198,19.7146,27.2255,31.9346,63.7049,80.5639,81.6813,67.302,97.928,81.6893,32.1413,59.8874,,,,,,,,,
Sudan (former),On-farm electricity use,Emissions (CO2eq) from CH4 (AR5),kilotonnes,1.3104,1.3776,1.5456,1.7808,3.528,4.4016,4.1664,3.8976,5.4768,6.6528,7.5264,10.3488,,,,,,,,,
Sudan (former),On-farm electricity use,Emissions (CO2eq) from N2O (AR5),kilotonnes,0.053,0.0795,0.0795,0.0795,0.1855,0.212,0.212,0.1855,0.265,0.3445,0.371,0.53,,,,,,,,,
Sudan (former),On-farm electricity use,Emissions (CO2eq) (AR5),kilotonnes,21.1832,21.1717,28.8506,33.7949,67.4184,85.1775,86.0597,71.3851,103.6698,88.6866,40.0387,70.7662,,,,,,,,,
Sudan (former),Energy,Emissions (CH4),kilotonnes,298.2,312.5,336.7,332.3,332.1,323.2,326.1,331.8,330,338,343.1,340.1,,,,,,,,,
Sudan (former),Energy,Emissions (N2O),kilotonnes,1.239,1.244,1.357,1.395,1.449,1.529,1.675,1.61,1.492,1.473,1.466,1.457,,,,,,,,,
Sudan (former),Energy,Emissions (CO2),kilotonnes,5713,6491,8242,9191,11710,11390,12500,14710,15370,15930,15730,14830,,,,,,,,,
Sudan (former),Energy,Emissions (CO2eq) from CH4 (AR5),kilotonnes,8349.6,8750,9427.6,9304.4,9298.8,9049.6,9130.8,9290.4,9240,9464,9606.8,9522.8,,,,,,,,,
Sudan (former),Energy,Emissions (CO2eq) from N2O (AR5),kilotonnes,328.335,329.66,359.605,369.675,383.985,405.185,443.875,426.65,395.38,390.345,388.49,386.105,,,,,,,,,
Sudan (former),Energy,Emissions (CO2eq) (AR5),kilotonnes,14390.935,15570.66,18029.205,18865.075,21392.785,20844.785,22074.675,24427.05,25005.38,25784.345,25725.29,24738.905,,,,,,,,,
Sudan (former),IPPU,Emissions (N2O),kilotonnes,0.0004,0.0004,0.0004,0.0004,0.0004,0.0004,0.0004,0.0005,0.0005,0.0005,0.0005,0.0005,,,,,,,,,
Sudan (former),IPPU,Emissions (CO2),kilotonnes,217.1,241.7,255.5,291.7,318.4,340.9,255.4,309.4,285.3,432.5,938.4,1341.6,,,,,,,,,
Sudan (former),IPPU,Emissions (CO2eq) from N2O (AR5),kilotonnes,0.0989,0.1017,0.1046,0.1077,0.1107,0.1137,0.1169,0.1199,0.123,0.1264,0.1296,0.133,,,,,,,,,
Sudan (former),IPPU,Emissions (CO2eq) (AR5),kilotonnes,217.1989,241.8017,255.6046,291.8077,318.5107,341.0137,255.5169,309.5199,285.423,432.6264,938.5296,1341.733,,,,,,,,,
Sudan (former),Waste,Emissions (CH4),kilotonnes,241.8,249.9,258.9,269.3,277.4,286.1,296.3,307.8,318.5,327.7,336.6,345,,,,,,,,,
Sudan (former),Waste,Emissions (N2O),kilotonnes,1.523,1.488,1.429,1.347,1.262,1.161,1.063,0.967,0.878,0.801,0.74,0.699,,,,,,,,,
Sudan (former),Waste,Emissions (CO2eq) from CH4 (AR5),kilotonnes,6770.4,6997.2,7249.2,7540.4,7767.2,8010.8,8296.4,8618.4,8918,9175.6,9424.8,9660,,,,,,,,,
Sudan (former),Waste,Emissions (CO2eq) from N2O (AR5),kilotonnes,403.595,394.32,378.685,356.955,334.43,307.665,281.695,256.255,232.67,212.265,196.1,185.235,,,,,,,,,
Sudan (former),Waste,Emissions (CO2eq) (AR5),kilotonnes,7173.995,7391.52,7627.885,7897.355,8101.63,8318.465,8578.095,8874.655,9150.67,9387.865,9620.9,9845.235,,,,,,,,,
Sudan (former),Other,Emissions (N2O),kilotonnes,1.2,1.268,1.369,1.383,1.388,1.418,1.526,1.483,1.53,1.55,1.506,1.547,,,,,,,,,
Sudan (former),Other,Emissions (CO2eq) from N2O (AR5),kilotonnes,318,336.02,362.785,366.495,367.82,375.77,404.39,392.995,405.45,410.75,399.09,409.955,,,,,,,,,
Sudan (former),Other,Emissions (CO2eq) (AR5),kilotonnes,318,336.02,362.785,366.495,367.82,375.77,404.39,392.995,405.45,410.75,399.09,409.955,,,,,,,,,
Sudan (former),Farm-gate emissions,Emissions (CH4),kilotonnes,2562.0149,2407.5253,2522.9568,2595.7004,2644.606,2734.7252,2646.4034,2757.5507,2748.3719,2787.2938,2690.0655,2673.8812,,,,,,,,,
Sudan (former),Farm-gate emissions,Direct emissions (N2O),kilotonnes,72.0943,75.8779,76.0513,79.9029,80.1025,82.593,82.7549,83.5484,83.9554,84.9057,85.6182,82.1493,,,,,,,,,
Sudan (former),Farm-gate emissions,Indirect emissions (N2O),kilotonnes,19.9401,20.9655,21.1169,22.0503,22.1797,22.7624,22.8538,23.1001,23.2204,23.527,23.7889,22.3716,,,,,,,,,
Sudan (former),Farm-gate emissions,Emissions (N2O),kilotonnes,151.9748,135.7894,144.6211,147.6479,149.6014,156.0726,146.264,156.0503,153.7512,156.9983,147.8033,147.8685,,,,,,,,,
Sudan (former),Farm-gate emissions,Emissions (CO2),kilotonnes,10096.5726,10010.6239,10210.3608,10237.2357,10060.2275,10074.7,10164.2574,10612.5148,10296.9944,10133.4095,10113.1847,10023.2116,,,,,,,,,
Sudan (former),Farm-gate emissions,Emissions (CO2eq) from CH4 (AR5),kilotonnes,71736.4163,67410.7086,70642.7895,72679.6109,74048.9682,76572.305,74099.2942,77211.4189,76954.4127,78044.2254,75321.833,74868.6725,,,,,,,,,
Sudan (former),Farm-gate emissions,Emissions (CO2eq) from N2O (AR5),kilotonnes,40273.3332,35984.1848,38324.5996,39126.6928,39644.3806,41359.25,38759.965,41353.3355,40744.0721,41604.5414,39167.8681,39185.1597,,,,,,,,,
Sudan (former),Farm-gate emissions,Emissions (CO2eq) (AR5),kilotonnes,122106.3221,113405.5173,119177.7499,122043.5394,123753.5763,128006.2551,123023.5166,129177.2691,127995.4792,129782.1763,124602.8858,124077.0438,,,,,,,,,
Sudan (former),Land Use change,Emissions (CH4),kilotonnes,71.3939,15.3954,15.4085,33.2398,35.0905,46.6771,19.0494,37.9706,37.8752,30.567,27.7347,40.1646,,,,,,,,,
Sudan (former),Land Use change,Emissions (N2O),kilotonnes,2.0998,1.4057,1.4069,3.0349,3.2039,4.2618,1.7393,3.4669,3.4582,2.7909,2.5323,3.6672,,,,,,,,,
Sudan (former),Land Use change,Emissions (CO2),kilotonnes,21600.8364,21574.1618,21574.1618,21574.1618,21574.1618,21574.1618,21574.1618,21574.1618,21574.1618,21574.1618,21574.1618,21592.5623,,,,,,,,,
Sudan (former),Land Use change,Emissions (CO2eq) from CH4 (AR5),kilotonnes,1999.0297,431.0714,431.4387,930.714,982.5333,1306.9588,533.3827,1063.1764,1060.5044,855.8765,776.5706,1124.6093,,,,,,,,,
Sudan (former),Land Use change,Emissions (CO2eq) from N2O (AR5),kilotonnes,556.4526,372.5019,372.8193,804.2583,849.0369,1129.3829,460.9122,918.723,916.4141,739.589,671.0583,971.8091,,,,,,,,,
Sudan (former),Land Use change,Emissions (CO2eq) (AR5),kilotonnes,24156.3187,22377.7352,22378.4198,23309.1341,23405.7321,24010.5035,22568.4567,23556.0612,23551.0803,23169.6274,23021.7908,23688.9807,,,,,,,,,
Sudan (former),Emissions on agricultural land,Emissions (CH4),kilotonnes,2633.4088,2422.9207,2538.3653,2628.9402,2679.6965,2781.4023,2665.4527,2795.5213,2786.247,2817.8608,2717.8001,2714.0458,,,,,,,,,
Sudan (former),Emissions on agricultural land,Emissions (N2O),kilotonnes,154.0747,137.195,146.028,150.6828,152.8053,160.3345,148.0033,159.5172,157.2094,159.7892,150.3356,151.5357,,,,,,,,,
Sudan (former),Emissions on agricultural land,Emissions (CO2),kilotonnes,31697.409,31584.7857,31784.5226,31811.3975,31634.3893,31648.8619,31738.4193,32186.6766,31871.1562,31707.5713,31687.3465,31615.7739,,,,,,,,,
Sudan (former),Emissions on agricultural land,Emissions (CO2eq) from CH4 (AR5),kilotonnes,73735.446,67841.7801,71074.2282,73610.3249,75031.5015,77879.2638,74632.6768,78274.5953,78014.9171,78900.102,76098.4036,75993.2817,,,,,,,,,
Sudan (former),Emissions on agricultural land,Emissions (CO2eq) from N2O (AR5),kilotonnes,40829.7858,36356.6867,38697.4189,39930.9511,40493.4176,42488.6329,39220.8772,42272.0585,41660.4862,42344.1304,39838.9264,40156.9688,,,,,,,,,
Sudan (former),Emissions on agricultural land,Emissions (CO2eq) (AR5),kilotonnes,146262.6408,135783.2525,141556.1697,145352.6735,147159.3084,152016.7586,145591.9733,152733.3304,151546.5595,152951.8037,147624.6765,147766.0245,,,,,,,,,
Sudan (former),Pre- and post- production,Emissions (CH4),kilotonnes,97.207,99.3506,101.4868,103.6246,105.8314,108.0347,110.2185,112.4235,115.43,117.5704,119.7194,121.8908,,,,,,,,,
Sudan (former),Pre- and post- production,Emissions (N2O),kilotonnes,0.7188,0.7381,0.7582,0.7789,0.7999,0.8202,0.8398,0.859,0.881,0.9012,0.922,0.9445,,,,,,,,,
Sudan (former),Pre- and post- production,Emissions (CO2),kilotonnes,19.8198,19.7146,27.2255,31.9346,63.7049,80.5639,81.6813,67.302,97.928,81.6893,32.1413,59.8874,,,,,,,,,
Sudan (former),Pre- and post- production,Emissions (CO2eq) from CH4 (AR5),kilotonnes,2721.7948,2781.8165,2841.6317,2901.4874,2963.2783,3024.9711,3086.1171,3147.8585,3232.0411,3291.97,3352.143,3412.941,,,,,,,,,
Sudan (former),Pre- and post- production,Emissions (CO2eq) from N2O (AR5),kilotonnes,190.4741,195.5927,200.9286,206.4069,211.978,217.3508,222.5481,227.6315,233.4707,238.8085,244.3411,250.2874,,,,,,,,,
Sudan (former),Pre- and post- production,Emissions (CO2eq) (AR5),kilotonnes,2932.0887,2997.1238,3069.7857,3139.8289,3238.9612,3322.8858,3390.3465,3442.792,3563.4398,3612.4678,3628.6255,3723.1158,,,,,,,,,
Sudan (former),Agri-food systems,Emissions (CH4),kilotonnes,2730.6157,2522.2713,2639.8521,2732.5647,2785.5279,2889.437,2775.6712,2907.9448,2901.6771,2935.4311,2837.5195,2835.9365,,,,,,,,,
Sudan (former),Agri-food systems,Emissions (N2O),kilotonnes,154.7934,137.9331,146.7862,151.4617,153.6053,161.1547,148.8431,160.3762,158.0904,160.6903,151.2576,152.4802,,,,,,,,,
Sudan (former),Agri-food systems,Emissions (CO2),kilotonnes,31717.2288,31604.5003,31811.7481,31843.3321,31698.0942,31729.4258,31820.1006,32253.9786,31969.0842,31789.2606,31719.4878,31675.6613,,,,,,,,,
Sudan (former),Agri-food systems,Emissions (CO2eq) from CH4 (AR5),kilotonnes,76457.2408,70623.5965,73915.8599,76511.8123,77994.7798,80904.2349,77718.7939,81422.4538,81246.9582,82192.072,79450.5467,79406.2227,,,,,,,,,
Sudan (former),Agri-food systems,Emissions (CO2eq) from N2O (AR5),kilotonnes,41020.2598,36552.2795,38898.3475,40137.358,40705.3956,42705.9837,39443.4253,42499.69,41893.9569,42582.9389,40083.2675,40407.2562,,,,,,,,,
Sudan (former),Agri-food systems,Emissions (CO2eq) (AR5),kilotonnes,149194.7295,138780.3763,144625.9554,148492.5024,150398.2696,155339.6443,148982.3198,156176.1224,155109.9993,156564.2715,151253.302,151489.1403,,,,,,,,,
Sudan (former),IPCC Agriculture,Emissions (CH4),kilotonnes,2561.9859,2407.4979,2522.9161,2595.6562,2644.5696,2734.6898,2646.3591,2757.4778,2748.3139,2787.2423,2690.0102,2673.8342,,,,,,,,,
Sudan (former),IPCC Agriculture,Direct emissions (N2O),kilotonnes,72.0943,75.8779,76.0513,79.9029,80.1025,82.593,82.7549,83.5484,83.9554,84.9057,85.6182,82.1493,,,,,,,,,
Sudan (former),IPCC Agriculture,Indirect emissions (N2O),kilotonnes,19.9401,20.9655,21.1169,22.0503,22.1797,22.7624,22.8538,23.1001,23.2204,23.527,23.7889,22.3716,,,,,,,,,
Sudan (former),IPCC Agriculture,Emissions (N2O),kilotonnes,151.8418,135.687,144.4437,147.4568,149.478,155.9517,146.1183,155.7348,153.5549,156.8805,147.7099,147.7889,,,,,,,,,
Sudan (former),IPCC Agriculture,Emissions (CO2eq) from CH4 (AR5),kilotonnes,71735.6045,67409.9414,70641.6519,72678.3726,74047.9479,76571.3137,74098.0552,77209.3774,76952.7891,78042.7835,75320.2869,74867.3583,,,,,,,,,
Sudan (former),IPCC Agriculture,Emissions (CO2eq) from N2O (AR5),kilotonnes,40238.0658,35957.0475,38277.5676,39076.0652,39611.666,41327.1939,38721.3571,41269.7264,40692.0601,41573.3412,39143.1278,39164.0567,,,,,,,,,
Sudan (former),IPCC Agriculture,Emissions (CO2eq) (AR5),kilotonnes,111973.6704,103366.9889,108919.2195,111754.4378,113659.6138,117898.5076,112819.4123,118479.1038,117644.8492,119616.1247,114463.4147,114031.415,,,,,,,,,
Sudan (former),Agricultural Soils,Direct emissions (N2O),kilotonnes,72.0943,75.8779,76.0513,79.9029,80.1025,82.593,82.7549,83.5484,83.9554,84.9057,85.6182,82.1493,,,,,,,,,
Sudan (former),Agricultural Soils,Indirect emissions (N2O),kilotonnes,19.9401,20.9655,21.1169,22.0503,22.1797,22.7624,22.8538,23.1001,23.2204,23.527,23.7889,22.3716,,,,,,,,,
Sudan (former),Agricultural Soils,Emissions (N2O),kilotonnes,94.094,98.9006,99.2237,104.0063,104.3323,107.406,107.6574,108.6965,109.2212,110.4812,111.4554,106.5686,,,,,,,,,
Sudan (former),Agricultural Soils,Emissions (CO2eq) from N2O (AR5),kilotonnes,24934.9212,26208.656,26294.2885,27561.6765,27648.0675,28462.5823,28529.2233,28804.5674,28943.6074,29277.5114,29535.6827,28240.6812,,,,,,,,,
Sudan (former),Agricultural Soils,Emissions (CO2eq) (AR5),kilotonnes,24934.9212,26208.656,26294.2885,27561.6765,27648.0675,28462.5823,28529.2233,28804.5674,28943.6074,29277.5114,29535.6827,28240.6812,,,,,,,,,
Sudan (former),LULUCF,Emissions (CH4),kilotonnes,358.4761,15.5019,15.5052,33.3934,35.2317,46.9893,19.2922,38.1366,38.1155,30.6513,27.97,40.4198,,,,,,,,,
Sudan (former),LULUCF,Emissions (N2O),kilotonnes,10.5434,1.4154,1.4157,3.049,3.2168,4.2903,1.7615,3.482,3.4801,2.7986,2.5538,3.6905,,,,,,,,,
Sudan (former),LULUCF,Emissions (CO2),kilotonnes,31333.8329,31778.3169,31768.4593,31755.4005,31744.7885,31746.0618,31737.037,31732.6547,31722.7612,31738.5118,31737.4209,30855.7439,,,,,,,,,
Sudan (former),LULUCF,Emissions (CO2eq) from CH4 (AR5),kilotonnes,10037.3311,434.0544,434.1443,935.0152,986.4874,1315.6994,540.181,1067.8243,1067.2333,858.2353,783.1611,1131.7545,,,,,,,,,
Sudan (former),LULUCF,Emissions (CO2eq) from N2O (AR5),kilotonnes,2794.005,375.0796,375.1573,807.9751,852.4538,1136.9359,466.7869,922.7395,922.2288,741.6272,676.7534,977.9835,,,,,,,,,
Sudan (former),LULUCF,Emissions (CO2eq) (AR5),kilotonnes,44165.169,32587.4509,32577.7609,33498.3908,33583.7297,34198.697,32744.0049,33723.2185,33712.2234,33338.3743,33197.3354,32965.4819,,,,,,,,,
Sudan (former),AFOLU,Emissions (CH4),kilotonnes,2920.462,2422.9999,2538.4213,2629.0496,2679.8013,2781.679,2665.6513,2795.6143,2786.4294,2817.8935,2717.9803,2714.254,,,,,,,,,
Sudan (former),AFOLU,Emissions (N2O),kilotonnes,162.3852,137.1024,145.8593,150.5058,152.6948,160.242,147.8798,159.2169,157.0351,159.6791,150.2637,151.4794,,,,,,,,,
Sudan (former),AFOLU,Emissions (CO2),kilotonnes,31333.8329,31778.3169,31768.4593,31755.4005,31744.7885,31746.0618,31737.037,31732.6547,31722.7612,31738.5118,31737.4209,30855.7439,,,,,,,,,
Sudan (former),AFOLU,Emissions (CO2eq) from CH4 (AR5),kilotonnes,81772.9356,67843.9959,71075.7962,73613.3878,75034.4353,77887.013,74638.2362,78277.2018,78020.0224,78901.0188,76103.448,75999.1128,,,,,,,,,
Sudan (former),AFOLU,Emissions (CO2eq) from N2O (AR5),kilotonnes,43032.0708,36332.1271,38652.7249,39884.0403,40464.1197,42464.1298,39188.144,42192.4659,41614.2889,42314.9684,39819.8812,40142.0401,,,,,,,,,
Sudan (former),AFOLU,Emissions (CO2eq) (AR5),kilotonnes,156138.8394,135954.4398,141496.9804,145252.8286,147243.3435,152097.2046,145563.4172,152202.3223,151357.0725,152954.499,147660.7501,146996.8968,,,,,,,,,
Sudan (former),All sectors with LULUCF,Emissions (CH4),kilotonnes,3460.462,2985.3999,3134.0213,3230.6496,3289.3013,3390.979,3288.0513,3435.2143,3434.9294,3483.5935,3397.6803,3399.354,,,,,,,,,
Sudan (former),All sectors with LULUCF,Emissions (N2O),kilotonnes,166.3475,141.1028,150.0147,154.6312,156.7942,164.3504,152.1442,163.2773,160.9355,163.5036,153.9762,155.1829,,,,,,,,,
Sudan (former),All sectors with LULUCF,Emissions (CO2),kilotonnes,37263.9329,38511.0169,40265.9593,41238.1005,43773.1885,43476.9618,44492.437,46752.0547,47378.0612,48101.0118,48405.8209,47027.3439,,,,,,,,,
Sudan (former),All sectors with LULUCF,Emissions (CO2eq) from CH4 (AR5),kilotonnes,96892.9356,83591.1959,87752.5962,90458.1878,92100.4353,94947.413,92065.4362,96186.0018,96178.0224,97540.6188,95135.048,95181.9128,,,,,,,,,
Sudan (former),All sectors with LULUCF,Emissions (CO2eq) from N2O (AR5),kilotonnes,44082.0997,37392.2288,39753.9044,40977.273,41550.4654,43552.8634,40318.2209,43268.4858,42647.9119,43328.4548,40803.6908,41123.4682,,,,,,,,,
Sudan (former),All sectors with LULUCF,Emissions (CO2eq) (AR5),kilotonnes,178238.9682,159494.4416,167772.4599,172673.5613,177424.0892,181977.2382,176876.0941,186206.5422,186203.9955,188970.0854,184344.5597,183332.7248,,,,,,,,,
Sudan (former),All sectors without LULUCF,Emissions (CH4),kilotonnes,3101.9859,2969.8979,3118.5161,3197.2562,3254.0696,3343.9898,3268.7591,3397.0778,3396.8139,3452.9423,3369.7102,3358.9342,,,,,,,,,
Sudan (former),All sectors without LULUCF,Emissions (N2O),kilotonnes,155.8041,139.6874,148.599,151.5823,153.5774,160.0601,150.3828,159.7953,157.4554,160.705,151.4224,151.4924,,,,,,,,,
Sudan (former),All sectors without LULUCF,Emissions (CO2),kilotonnes,5930.1,6732.7,8497.5,9482.7,12028.4,11730.9,12755.4,15019.4,15655.3,16362.5,16668.4,16171.6,,,,,,,,,
Sudan (former),All sectors without LULUCF,Emissions (CO2eq) from CH4 (AR5),kilotonnes,86855.6045,83157.1414,87318.4519,89523.1726,91113.9479,93631.7137,91525.2552,95118.1774,95110.7891,96682.3835,94351.8869,94050.1583,,,,,,,,,
Sudan (former),All sectors without LULUCF,Emissions (CO2eq) from N2O (AR5),kilotonnes,41288.0947,37017.1492,39378.7471,40169.2979,40698.0116,42415.9276,39851.434,42345.7463,41725.6831,42586.8276,40126.9374,40145.4847,,,,,,,,,
Sudan (former),All sectors without LULUCF,Emissions (CO2eq) (AR5),kilotonnes,134073.7992,126906.9906,135194.6991,139175.1705,143840.3595,147778.5412,144132.0892,152483.3237,152491.7721,155631.7111,151147.2243,150367.243,,,,,,,,,
Suriname,Crop Residues,Direct emissions (N2O),kilotonnes,0.0325,0.0386,0.0312,0.0393,0.036,0.0336,0.0355,0.0344,0.0354,0.0443,0.0437,0.0457,0.0427,0.0494,0.0523,0.0505,0.0527,0.053,0.0502,0.0515,0.0533
Suriname,Crop Residues,Indirect emissions (N2O),kilotonnes,0.0073,0.0087,0.007,0.0088,0.0081,0.0076,0.008,0.0077,0.008,0.01,0.0098,0.0103,0.0096,0.0111,0.0118,0.0114,0.0119,0.0119,0.0113,0.0116,0.012
Suriname,Crop Residues,Emissions (N2O),kilotonnes,0.0399,0.0472,0.0382,0.0482,0.0441,0.0412,0.0435,0.0422,0.0433,0.0542,0.0535,0.056,0.0523,0.0605,0.064,0.0618,0.0645,0.065,0.0615,0.063,0.0653
Suriname,Crop Residues,Emissions (CO2eq) from N2O (AR5),kilotonnes,10.5624,12.5158,10.1181,12.7677,11.6768,10.9211,11.5296,11.1763,11.4802,14.3741,14.177,14.8456,13.8635,16.033,16.9645,16.383,17.1012,17.2174,16.3067,16.7071,17.2957
Suriname,Crop Residues,Emissions (CO2eq) (AR5),kilotonnes,10.5624,12.5158,10.1181,12.7677,11.6768,10.9211,11.5296,11.1763,11.4802,14.3741,14.177,14.8456,13.8635,16.033,16.9645,16.383,17.1012,17.2174,16.3067,16.7071,17.2957
Suriname,Rice Cultivation,Emissions (CH4),kilotonnes,11.7586,14.2201,11.214,14.679,13.7256,12.7576,12.385,11.7844,12.2231,15.2578,14.9948,15.9404,14.3861,16.3167,17.4191,16.5894,17.5596,16.6051,15.7494,16.8518,17.243
Suriname,Rice Cultivation,Emissions (CO2eq) from CH4 (AR5),kilotonnes,329.2408,398.1622,313.992,411.012,384.3168,357.2139,346.7789,329.9621,342.2474,427.2173,419.8555,446.3312,402.8114,456.8682,487.7342,464.5043,491.6699,464.9434,440.9843,471.8504,482.8029
Suriname,Rice Cultivation,Emissions (CO2eq) (AR5),kilotonnes,329.2408,398.1622,313.992,411.012,384.3168,357.2139,346.7789,329.9621,342.2474,427.2173,419.8555,446.3312,402.8114,456.8682,487.7342,464.5043,491.6699,464.9434,440.9843,471.8504,482.8029
Suriname,Burning - Crop residues,Emissions (CH4),kilotonnes,0.0677,0.0808,0.0648,0.081,0.0759,0.0708,0.071,0.0678,0.0702,0.0863,0.0848,0.0898,0.0817,0.0919,0.0977,0.0933,0.0985,0.0937,0.0892,0.095,0.0971
Suriname,Burning - Crop residues,Emissions (N2O),kilotonnes,0.0018,0.0021,0.0017,0.0021,0.002,0.0018,0.0018,0.0018,0.0018,0.0022,0.0022,0.0023,0.0021,0.0024,0.0025,0.0024,0.0026,0.0024,0.0023,0.0025,0.0025
Suriname,Burning - Crop residues,Emissions (CO2eq) from CH4 (AR5),kilotonnes,1.8952,2.2618,1.815,2.2679,2.1262,1.9819,1.9881,1.8988,1.9659,2.4164,2.3753,2.5156,2.287,2.5743,2.7369,2.6128,2.7585,2.6223,2.4965,2.659,2.7186
Suriname,Burning - Crop residues,Emissions (CO2eq) from N2O (AR5),kilotonnes,0.465,0.555,0.4454,0.5565,0.5217,0.4863,0.4878,0.4659,0.4824,0.5929,0.5828,0.6173,0.5612,0.6317,0.6715,0.6411,0.6769,0.6434,0.6126,0.6524,0.6671
Suriname,Burning - Crop residues,Emissions (CO2eq) (AR5),kilotonnes,2.3602,2.8168,2.2604,2.8244,2.6479,2.4683,2.4759,2.3647,2.4483,3.0093,2.9581,3.1329,2.8482,3.206,3.4084,3.2539,3.4354,3.2658,3.1091,3.3114,3.3857
Suriname,Enteric Fermentation,Emissions (CH4),kilotonnes,6.3502,5.2297,2.4956,2.3794,2.5815,2.3041,2.5968,2.6274,2.9026,3.1772,3.4285,3.2689,3.3589,2.7361,2.1859,2.2757,2.1648,2.1727,2.0778,2.1346,2.2031
Suriname,Enteric Fermentation,Emissions (CH4),kilotonnes,,,,3,,,,,,,,,,,,,,,,,
Suriname,Enteric Fermentation,Emissions (CO2eq) from CH4 (AR5),kilotonnes,177.8052,146.4319,69.8754,66.6229,72.2811,64.5149,72.709,73.567,81.2741,88.9605,95.9988,91.5295,94.0483,76.6101,61.206,63.7193,60.6143,60.835,58.1797,59.7684,61.6862
Suriname,Enteric Fermentation,Emissions (CO2eq) from CH4 (AR5),kilotonnes,,,,84,,,,,,,,,,,,,,,,,
Suriname,Enteric Fermentation,Emissions (CO2eq) (AR5),kilotonnes,177.8052,146.4319,69.8754,66.6229,72.2811,64.5149,72.709,73.567,81.2741,88.9605,95.9988,91.5295,94.0483,76.6101,61.206,63.7193,60.6143,60.835,58.1797,59.7684,61.6862
Suriname,Enteric Fermentation,Emissions (CO2eq) (AR5),kilotonnes,,,,84,,,,,,,,,,,,,,,,,
Suriname,Manure Management,Emissions (CH4),kilotonnes,0.2363,0.2274,0.1861,0.1786,0.2016,0.2066,0.2041,0.2412,0.2052,0.2413,0.2586,0.2494,0.2601,0.223,0.2238,0.226,0.2203,0.2397,0.2404,0.2445,0.2413
Suriname,Manure Management,Emissions (N2O),kilotonnes,0.014,0.0147,0.0155,0.0148,0.0169,0.018,0.0172,0.0203,0.0167,0.0195,0.0212,0.0207,0.0214,0.0194,0.0206,0.021,0.0209,0.0222,0.0221,0.0227,0.0224
Suriname,Manure Management,Emissions (CO2eq) from CH4 (AR5),kilotonnes,6.6155,6.3673,5.2113,5.0008,5.6447,5.7836,5.7143,6.7522,5.7444,6.7557,7.2406,6.983,7.2819,6.2448,6.2657,6.3284,6.1681,6.7118,6.7306,6.8467,6.757
Suriname,Manure Management,Emissions (CO2eq) from N2O (AR5),kilotonnes,3.6982,3.9017,4.1102,3.9272,4.4782,4.7618,4.55,5.3689,4.4238,5.1684,5.6058,5.4813,5.6607,5.1324,5.4631,5.5697,5.5447,5.8941,5.8477,6.0186,5.9309
Suriname,Manure Management,Emissions (CO2eq) (AR5),kilotonnes,10.3138,10.269,9.3214,8.9279,10.1229,10.5454,10.2643,12.1211,10.1682,11.9241,12.8464,12.4643,12.9426,11.3773,11.7288,11.8982,11.7128,12.6059,12.5783,12.8654,12.6879
Suriname,Manure left on Pasture,Direct emissions (N2O),kilotonnes,0.1597,0.1372,0.0771,0.0747,0.0829,0.0779,0.0829,0.0924,0.0894,0.1023,0.1096,0.1029,0.1086,0.0888,0.0771,0.0803,0.0786,0.0833,0.0828,0.0852,0.0851
Suriname,Manure left on Pasture,Indirect emissions (N2O),kilotonnes,0.0346,0.0299,0.0171,0.0165,0.0183,0.0172,0.0182,0.0202,0.0196,0.0223,0.0239,0.0224,0.0236,0.0193,0.0168,0.0176,0.0172,0.0181,0.0181,0.0185,0.0185
Suriname,Manure left on Pasture,Emissions (N2O),kilotonnes,0.1944,0.1671,0.0942,0.0912,0.1012,0.0951,0.1012,0.1126,0.109,0.1246,0.1335,0.1253,0.1322,0.1082,0.094,0.0979,0.0957,0.1014,0.1008,0.1037,0.1037
Suriname,Manure left on Pasture,Emissions (CO2eq) from N2O (AR5),kilotonnes,51.5112,44.2832,24.9714,24.1807,26.8227,25.204,26.8056,29.8365,28.8758,33.0215,35.3807,33.2156,35.0329,28.6627,24.9081,25.9368,25.3731,26.8789,26.7173,27.4808,27.4737
Suriname,Manure left on Pasture,Emissions (CO2eq) (AR5),kilotonnes,51.5112,44.2832,24.9714,24.1807,26.8227,25.204,26.8056,29.8365,28.8758,33.0215,35.3807,33.2156,35.0329,28.6627,24.9081,25.9368,25.3731,26.8789,26.7173,27.4808,27.4737
Suriname,Manure applied to Soils,Direct emissions (N2O),kilotonnes,0.0221,0.0236,0.0242,0.0234,0.0261,0.0273,0.0257,0.0319,0.025,0.03,0.0323,0.0306,0.0326,0.0285,0.0296,0.0302,0.0305,0.0333,0.0335,0.0344,0.0337
Suriname,Manure applied to Soils,Indirect emissions (N2O),kilotonnes,0.0094,0.01,0.0103,0.0099,0.0111,0.0116,0.0109,0.0136,0.0106,0.0128,0.0137,0.013,0.0139,0.0121,0.0126,0.0128,0.013,0.0141,0.0142,0.0146,0.0143
Suriname,Manure applied to Soils,Emissions (N2O),kilotonnes,0.0314,0.0336,0.0345,0.0333,0.0372,0.0389,0.0367,0.0454,0.0356,0.0428,0.046,0.0436,0.0465,0.0406,0.0422,0.0431,0.0435,0.0474,0.0478,0.0491,0.048
Suriname,Manure applied to Soils,Emissions (CO2eq) from N2O (AR5),kilotonnes,8.3276,8.9037,9.1513,8.8366,9.8692,10.3121,9.7139,12.0416,9.4339,11.3363,12.1898,11.5522,12.3165,10.748,11.1742,11.417,11.523,12.5621,12.6615,13.0087,12.7201
Suriname,Manure applied to Soils,Emissions (CO2eq) (AR5),kilotonnes,8.3276,8.9037,9.1513,8.8366,9.8692,10.3121,9.7139,12.0416,9.4339,11.3363,12.1898,11.5522,12.3165,10.748,11.1742,11.417,11.523,12.5621,12.6615,13.0087,12.7201
Suriname,Synthetic Fertilizers,Direct emissions (N2O),kilotonnes,0.0833,0.0801,0.0615,0.0879,0.0987,0.0661,0.1182,0.0812,0.2271,0.1188,0.1547,0.1452,0.0953,0.1017,0.1491,0.1132,0.191,0.1951,0.1097,0.1027,0.1028
Suriname,Synthetic Fertilizers,Indirect emissions (N2O),kilotonnes,0.0271,0.026,0.02,0.0286,0.0321,0.0215,0.0384,0.0264,0.0738,0.0386,0.0503,0.0472,0.031,0.033,0.0485,0.0368,0.0621,0.0634,0.0357,0.0334,0.0334
Suriname,Synthetic Fertilizers,Emissions (N2O),kilotonnes,0.1104,0.1062,0.0815,0.1165,0.1307,0.0876,0.1567,0.1076,0.3009,0.1575,0.205,0.1924,0.1263,0.1347,0.1976,0.15,0.2531,0.2585,0.1454,0.1361,0.1362
Suriname,Synthetic Fertilizers,Emissions (CO2eq) from N2O (AR5),kilotonnes,29.2437,28.1402,21.5852,30.8604,34.6455,23.2184,41.515,28.5098,79.7305,41.7247,54.316,50.9944,33.4729,35.6999,52.3686,39.7455,67.0716,68.5137,38.5197,36.0744,36.0818
Suriname,Synthetic Fertilizers,Emissions (CO2eq) (AR5),kilotonnes,29.2437,28.1402,21.5852,30.8604,34.6455,23.2184,41.515,28.5098,79.7305,41.7247,54.316,50.9944,33.4729,35.6999,52.3686,39.7455,67.0716,68.5137,38.5197,36.0744,36.0818
Suriname,Drained organic soils,Emissions (CO2eq) (AR5),kilotonnes,496.6709,500.2563,499.0514,498.1059,676.6584,674.3002,672.7787,671.7112,671.4838,671.4838,671.2566,672.0015,671.5473,670.4116,669.4132,669.1861,669.1861,669.3446,669.5718,672.1419,673.0504
Suriname,Drained organic soils (CO2),Emissions (CO2),kilotonnes,476.1146,479.539,478.3784,477.4665,648.5797,646.3118,644.8524,643.8291,643.6106,643.6106,643.3923,644.1071,643.6705,642.5791,641.625,641.4067,641.4067,641.5564,641.7747,644.288,645.1611
Suriname,Drained organic soils (CO2),Emissions (CO2eq) (AR5),kilotonnes,476.1146,479.539,478.3784,477.4665,648.5797,646.3118,644.8524,643.8291,643.6106,643.6106,643.3923,644.1071,643.6705,642.5791,641.625,641.4067,641.4067,641.5564,641.7747,644.288,645.1611
Suriname,Drained organic soils (N2O),Emissions (N2O),kilotonnes,0.0776,0.0782,0.078,0.0779,0.106,0.1056,0.1054,0.1052,0.1052,0.1052,0.1051,0.1053,0.1052,0.105,0.1049,0.1048,0.1048,0.1049,0.1049,0.1051,0.1052
Suriname,Drained organic soils (N2O),Emissions (CO2eq) from N2O (AR5),kilotonnes,20.5562,20.7174,20.6731,20.6394,28.0787,27.9883,27.9264,27.8821,27.8732,27.8732,27.8643,27.8945,27.8767,27.8325,27.7882,27.7794,27.7794,27.7882,27.7971,27.8539,27.8893
Suriname,Drained organic soils (N2O),Emissions (CO2eq) (AR5),kilotonnes,20.5562,20.7174,20.6731,20.6394,28.0787,27.9883,27.9264,27.8821,27.8732,27.8732,27.8643,27.8945,27.8767,27.8325,27.7882,27.7794,27.7794,27.7882,27.7971,27.8539,27.8893
Suriname,On-farm energy use,Emissions (CH4),kilotonnes,0.1037,0.1108,0.0722,0.0572,0.0555,0.0539,0.0509,0.0451,0.0427,0.0384,0.0381,0.0342,0.0418,0.0366,0.0398,0.0393,0.0425,0.0357,0.0353,0.0344,0.0344
Suriname,On-farm energy use,Emissions (N2O),kilotonnes,0.0194,0.0466,0.1005,0.105,0.1158,0.1273,0.1293,0.119,0.1204,0.1077,0.1285,0.0991,0.1413,0.0976,0.1126,0.1052,0.0944,0.0964,0.0944,0.0907,0.0907
Suriname,On-farm energy use,Emissions (CO2),kilotonnes,773.9834,866.2913,636.6503,525.8982,524.1414,523.9914,499.2971,441.8112,416.1364,354.1456,378.201,309.9069,420.8509,311.5439,355.3217,339.9404,310.8268,311.3658,305.0695,295.0191,295.0191
Suriname,On-farm energy use,Emissions (CO2eq) from CH4 (AR5),kilotonnes,2.9028,3.1019,2.0228,1.6022,1.5547,1.5098,1.4263,1.2631,1.197,1.0739,1.0669,0.9589,1.1713,1.0259,1.1135,1.1002,1.1896,1.0006,0.9877,0.9626,0.9626
Suriname,On-farm energy use,Emissions (CO2eq) from N2O (AR5),kilotonnes,5.1354,12.3525,26.6456,27.8249,30.6989,33.7359,34.2634,31.5249,31.8942,28.5483,34.062,26.2538,37.4422,25.852,29.8399,27.8702,25.0117,25.552,25.0087,24.0425,24.0425
Suriname,On-farm energy use,Emissions (CO2eq) (AR5),kilotonnes,782.0217,881.7457,665.3187,555.3254,556.395,559.237,534.9868,474.5993,449.2275,383.7678,413.33,337.1195,459.4644,338.4218,386.2751,368.9109,337.028,337.9184,331.066,320.0241,320.0241
Suriname,Forestland,Emissions (CO2),kilotonnes,-89.0096,0,0,0,0,0,0,0,0,0,0,0,0,0,0,0,0,0,0,0,0
Suriname,Forestland,Emissions (CO2eq) (AR5),kilotonnes,-89.0096,0,0,0,0,0,0,0,0,0,0,0,0,0,0,0,0,0,0,0,0
Suriname,Net Forest conversion,Emissions (CO2),kilotonnes,2934.2214,3174.1603,3174.1603,3174.1603,3174.1603,3174.1603,3174.1603,3174.1603,3174.1603,3174.1603,3174.1603,7459.7799,7459.7799,7459.7799,7459.7799,7459.7799,8572.7871,8572.7871,8572.7871,8572.7871,8572.7871
Suriname,Net Forest conversion,Emissions (CO2eq) (AR5),kilotonnes,2934.2214,3174.1603,3174.1603,3174.1603,3174.1603,3174.1603,3174.1603,3174.1603,3174.1603,3174.1603,3174.1603,7459.7799,7459.7799,7459.7799,7459.7799,7459.7799,8572.7871,8572.7871,8572.7871,8572.7871,8572.7871
Suriname,Savanna fires,Emissions (CH4),kilotonnes,0.0025,0.1242,0.5257,0.2882,0.6046,0.0467,0.2959,0.0254,0.1357,0.4281,0.0317,0.2241,0.4709,0.0497,0.4103,0.3187,0.1088,0.2695,0.0888,0.4258,0.1613
Suriname,Savanna fires,Emissions (N2O),kilotonnes,0.0002,0.0113,0.048,0.0263,0.0552,0.0043,0.027,0.0023,0.0124,0.0391,0.0029,0.0205,0.043,0.0045,0.0375,0.0291,0.0099,0.0246,0.0081,0.0389,0.0147
Suriname,Savanna fires,Emissions (CO2eq) from CH4 (AR5),kilotonnes,0.0697,3.4767,14.7208,8.0702,16.9294,1.3075,8.2855,0.7116,3.8009,11.9865,0.8872,6.274,13.1849,1.3928,11.488,8.9232,3.0463,7.5457,2.4875,11.9214,4.5164
Suriname,Savanna fires,Emissions (CO2eq) from N2O (AR5),kilotonnes,0.0602,3.0043,12.7207,6.9737,14.6292,1.1298,7.1597,0.6149,3.2845,10.3579,0.7667,5.4216,11.3935,1.2036,9.9272,7.7108,2.6324,6.5205,2.1496,10.3016,3.9028
Suriname,Savanna fires,Emissions (CO2eq) (AR5),kilotonnes,0.1299,6.481,27.4415,15.0439,31.5586,2.4373,15.4452,1.3264,7.0854,22.3445,1.6539,11.6956,24.5783,2.5964,21.4152,16.6341,5.6788,14.0661,4.6371,22.223,8.4191
Suriname,Fires in organic soils,Emissions (CH4),kilotonnes,0,0,0,0,0,0,0,0,0,0,0,0,0,0,0,0,0,0,0,0,0
Suriname,Fires in organic soils,Emissions (CO2),kilotonnes,0,0,0,0,0,0,0,0,0,0,0,0,0,0,0,0,0,0,0,0,0
Suriname,Fires in organic soils,Emissions (CO2eq) from CH4 (AR5),kilotonnes,0,0,0,0,0,0,0,0,0,0,0,0,0,0,0,0,0,0,0,0,0
Suriname,Fires in organic soils,Emissions (CO2eq) (AR5),kilotonnes,0,0,0,0,0,0,0,0,0,0,0,0,0,0,0,0,0,0,0,0,0
Suriname,Forest fires,Emissions (CH4),kilotonnes,0.1831,0.0239,0.0585,0.5,0.109,0.016,0.0532,0.016,0.0293,0.0718,0.0186,0.016,0.0532,0.0372,0.0425,0.1223,0.0425,0.0372,0.016,0.1277,0.1383
Suriname,Forest fires,Emissions (N2O),kilotonnes,0.0054,0.0022,0.0053,0.0456,0.01,0.0015,0.0049,0.0015,0.0027,0.0066,0.0017,0.0015,0.0049,0.0034,0.0039,0.0112,0.0039,0.0034,0.0015,0.0117,0.0126
Suriname,Forest fires,Emissions (CO2eq) from CH4 (AR5),kilotonnes,5.1254,0.6701,1.6381,13.9991,3.053,0.4468,1.4892,0.4468,0.8191,2.0104,0.5212,0.4468,1.4892,1.0425,1.1913,3.4253,1.1914,1.0425,0.4468,3.5743,3.872
Suriname,Forest fires,Emissions (CO2eq) from N2O (AR5),kilotonnes,1.4268,0.5791,1.4155,12.0971,2.6382,0.3861,1.2869,0.3861,0.7078,1.7373,0.4504,0.3861,1.2869,0.9008,1.0294,2.9599,1.0295,0.9008,0.3861,3.0886,3.3459
Suriname,Forest fires,Emissions (CO2eq) (AR5),kilotonnes,6.5522,1.2492,3.0536,26.0962,5.6912,0.8328,2.7761,0.8328,1.5269,3.7477,0.9717,0.8328,2.7761,1.9433,2.2208,6.3852,2.2209,1.9433,0.8328,6.6629,7.218
Suriname,Fires in humid tropical forests,Emissions (CH4),kilotonnes,0.1831,0.0239,0.0585,0.5,0.109,0.016,0.0532,0.016,0.0293,0.0718,0.0186,0.016,0.0532,0.0372,0.0425,0.1223,0.0425,0.0372,0.016,0.1277,0.1383
Suriname,Fires in humid tropical forests,Emissions (N2O),kilotonnes,0.0054,0.0022,0.0053,0.0456,0.01,0.0015,0.0049,0.0015,0.0027,0.0066,0.0017,0.0015,0.0049,0.0034,0.0039,0.0112,0.0039,0.0034,0.0015,0.0117,0.0126
Suriname,Fires in humid tropical forests,Emissions (CO2eq) from CH4 (AR5),kilotonnes,5.1254,0.6701,1.6381,13.9991,3.053,0.4468,1.4892,0.4468,0.8191,2.0104,0.5212,0.4468,1.4892,1.0425,1.1913,3.4253,1.1914,1.0425,0.4468,3.5743,3.872
Suriname,Fires in humid tropical forests,Emissions (CO2eq) from N2O (AR5),kilotonnes,1.4268,0.5791,1.4155,12.0971,2.6382,0.3861,1.2869,0.3861,0.7078,1.7373,0.4504,0.3861,1.2869,0.9008,1.0294,2.9599,1.0295,0.9008,0.3861,3.0886,3.3459
Suriname,Fires in humid tropical forests,Emissions (CO2eq) (AR5),kilotonnes,6.5522,1.2492,3.0536,26.0962,5.6912,0.8328,2.7761,0.8328,1.5269,3.7477,0.9717,0.8328,2.7761,1.9433,2.2208,6.3852,2.2209,1.9433,0.8328,6.6629,7.218
Suriname,Waste - agri-food systems,Emissions (CH4),kilotonnes,2.6702,2.6785,2.6961,2.6962,2.7163,2.7419,2.7786,2.8153,2.8333,2.8662,2.8921,2.9105,2.9235,2.93,2.9266,2.9329,2.922,2.9221,2.9254,2.9228,2.9094
Suriname,Waste - agri-food systems,Emissions (N2O),kilotonnes,0.0092,0.0092,0.0093,0.0092,0.0095,0.0098,0.0102,0.0105,0.0105,0.0109,0.0116,0.0113,0.0115,0.0117,0.0116,0.0115,0.0116,0.0115,0.0116,0.0117,0.0117
Suriname,Waste - agri-food systems,Emissions (CO2),kilotonnes,0.0181,0.018,0.0183,0.0184,0.0185,0.0187,0.019,0.0191,0.0193,0.0194,0.0195,0.0195,0.0196,0.0196,0.0196,0.0196,0.0192,0.0193,0.0194,0.0194,0.0191
Suriname,Waste - agri-food systems,Emissions (CO2eq) from CH4 (AR5),kilotonnes,74.7653,74.9989,75.4919,75.4925,76.0575,76.773,77.8015,78.8292,79.3324,80.2531,80.9794,81.4937,81.8591,82.0395,81.9451,82.1217,81.8167,81.8182,81.9103,81.8389,81.4632
Suriname,Waste - agri-food systems,Emissions (CO2eq) from N2O (AR5),kilotonnes,2.4248,2.4269,2.4587,2.4423,2.5073,2.5975,2.6913,2.7887,2.7713,2.8986,3.0778,3.0067,3.0607,3.1045,3.084,3.0468,3.0678,3.0596,3.0858,3.0998,3.1132
Suriname,Waste - agri-food systems,Emissions (CO2eq) (AR5),kilotonnes,77.2082,77.4439,77.9688,77.9533,78.5833,79.3892,80.5118,81.6371,82.123,83.1711,84.0767,84.5198,84.9394,85.1636,85.0487,85.188,84.9038,84.8971,85.0155,84.9581,84.5956
Suriname,On-farm electricity use,Emissions (CH4),kilotonnes,0.018,0.0192,0.018,0.0186,0.0192,0.0192,0.0204,0.0201,0.0202,0.0203,0.02,0.0213,0.0216,0.0225,0.0228,0.0229,0.0229,0.023,0.023,0.0231,0.0231
Suriname,On-farm electricity use,Emissions (N2O),kilotonnes,0.0001,0.0001,0.0001,0.0001,0.0001,0.0001,0.0001,0.0001,0.0001,0.0001,0.0001,0.0001,0.0001,0.0001,0.0001,0.0001,0.0001,0.0001,0.0001,0.0001,0.0001
Suriname,On-farm electricity use,Emissions (CO2),kilotonnes,8.1623,9.145,7.924,8.281,8.4917,8.4237,8.6356,8.6299,8.3783,8.0046,7.8847,8.3635,8.4997,8.8507,9.0077,9.0302,9.0271,9.0359,9.0865,9.1023,9.1023
Suriname,On-farm electricity use,Emissions (CO2eq) from CH4 (AR5),kilotonnes,0.504,0.5376,0.504,0.5208,0.5376,0.5376,0.5712,0.5628,0.5656,0.5684,0.56,0.5964,0.6048,0.63,0.6384,0.6412,0.6412,0.644,0.644,0.6468,0.6468
Suriname,On-farm electricity use,Emissions (CO2eq) from N2O (AR5),kilotonnes,0.0265,0.0265,0.0265,0.0265,0.0265,0.0265,0.0265,0.0265,0.0265,0.0265,0.0265,0.0265,0.0265,0.0265,0.0265,0.0265,0.0265,0.0265,0.0265,0.0265,0.0265
Suriname,On-farm electricity use,Emissions (CO2eq) (AR5),kilotonnes,8.6928,9.7091,8.4545,8.8283,9.0558,8.9878,9.2333,9.2192,8.9704,8.5995,8.4712,8.9864,9.131,9.5072,9.6726,9.6979,9.6948,9.7064,9.757,9.7756,9.7756
Suriname,Food Processing,Emissions (CH4),kilotonnes,0.0176,0.0185,0.0118,0.0122,0.0119,0.1651,0.1703,0.0156,0.042,0.0403,0.0391,0.0408,0.0274,0.0119,0.0105,0.0107,0.0309,0.0312,0.0286,0.0315,0.0321
Suriname,Food Processing,Emissions (N2O),kilotonnes,0.0002,0.0002,0.0004,0.0004,0.0004,0.0012,0.0012,0.0007,0.0014,0.0013,0.0016,0.0012,0.0011,0.0013,0.0012,0.0011,0.001,0.0012,0.0011,0.001,0.001
Suriname,Food Processing,Emissions (CO2),kilotonnes,31.2613,35.4717,19.7067,19.8411,20.9997,37.2879,40.5252,29.185,39.3935,46.4223,55.5547,44.3803,36.0601,59.6097,52.1673,49.4215,38.4263,47.4689,54.0589,53.0502,48.6598
Suriname,Food Processing,Emissions (CO2eq) from CH4 (AR5),kilotonnes,0.4928,0.518,0.3304,0.3416,0.3332,4.6228,4.7684,0.4368,1.176,1.1284,1.0948,1.1424,0.7672,0.3332,0.294,0.2996,0.8652,0.8736,0.8008,0.882,0.8985
Suriname,Food Processing,Emissions (CO2eq) from N2O (AR5),kilotonnes,0.053,0.053,0.106,0.106,0.106,0.318,0.318,0.1855,0.371,0.3445,0.424,0.318,0.2915,0.3445,0.318,0.2915,0.265,0.318,0.2915,0.265,0.263
Suriname,Food Processing,Emissions (CO2eq) (AR5),kilotonnes,31.8071,36.0427,20.1431,20.2887,21.4389,42.2287,45.6116,29.8073,40.9405,47.8952,57.0735,45.8407,37.1188,60.2874,52.7793,50.0126,39.5565,48.6605,55.1512,54.1972,49.8213
Suriname,Food Packaging,Emissions (CH4),kilotonnes,0.0055,0.0063,0.0065,0.0066,0.007,0.007,0.0101,0.0133,0.0153,0.0163,0.0149,0.0164,0.0197,0.0186,0.0173,0.0185,0.0211,0.0198,0.022,0.0216,0.022
Suriname,Food Packaging,Emissions (N2O),kilotonnes,0.0001,0.0001,0.0002,0.0002,0.0002,0.0002,0.0003,0.0002,0.0002,0.0002,0.0002,0.0002,0.0003,0.0003,0.0003,0.0002,0.0002,0.0002,0.0003,0.0003,0.0003
Suriname,Food Packaging,Emissions (CO2),kilotonnes,7.5287,7.9774,5.4852,5.4079,5.6274,5.5896,6.3898,7.0554,8.6027,9.3932,9.7966,8.797,13.0179,13.3671,12.5361,11.591,10.3288,12.1881,15.1517,12.691,11.6407
Suriname,Food Packaging,Emissions (CO2eq) from CH4 (AR5),kilotonnes,0.154,0.1764,0.182,0.1848,0.196,0.196,0.2828,0.3724,0.4284,0.4564,0.4172,0.4592,0.5516,0.5208,0.4844,0.518,0.5908,0.5544,0.616,0.6048,0.6161
Suriname,Food Packaging,Emissions (CO2eq) from N2O (AR5),kilotonnes,0.0265,0.0265,0.053,0.053,0.053,0.053,0.0795,0.053,0.053,0.053,0.053,0.053,0.0795,0.0795,0.0795,0.053,0.053,0.053,0.0795,0.0795,0.0789
Suriname,Food Packaging,Emissions (CO2eq) (AR5),kilotonnes,7.7092,8.1803,5.7202,5.6457,5.8764,5.8386,6.7521,7.4808,9.0841,9.9026,10.2668,9.3092,13.649,13.9674,13.1,12.162,10.9726,12.7955,15.8472,13.3753,12.3357
Suriname,Food Retail,Emissions (CH4),kilotonnes,0.0283,0.032,0.0315,0.0518,0.0556,0.0628,0.0457,0.0515,0.0543,0.0612,0.0633,0.0733,0.0772,0.0852,0.0844,0.084,0.0752,0.0753,0.0758,0.0832,0.0848
Suriname,Food Retail,Emissions (N2O),kilotonnes,0.0002,0.0002,0.0002,0.0003,0.0003,0.0004,0.0002,0.0003,0.0003,0.0003,0.0004,0.0004,0.0004,0.0005,0.0005,0.0005,0.0004,0.0004,0.0004,0.0004,0.0004
Suriname,Food Retail,Emissions (CO2),kilotonnes,12.8203,17.0117,16.5962,25.9927,27.6576,30.8172,22.8241,25.5415,26.3788,28.2764,29.3525,33.2362,35.0371,38.4129,38.1568,37.962,32.8075,34.0877,34.2082,38.322,35.1505
Suriname,Food Retail,Emissions (CO2eq) from CH4 (AR5),kilotonnes,0.7924,0.896,0.882,1.4504,1.5568,1.7584,1.2796,1.442,1.5204,1.7136,1.7724,2.0524,2.1616,2.3856,2.3632,2.352,2.1056,2.1084,2.1224,2.3296,2.3731
Suriname,Food Retail,Emissions (CO2eq) from N2O (AR5),kilotonnes,0.053,0.053,0.053,0.0795,0.0795,0.106,0.053,0.0795,0.0795,0.0795,0.106,0.106,0.106,0.1325,0.1325,0.1325,0.106,0.106,0.106,0.106,0.1052
Suriname,Food Retail,Emissions (CO2eq) (AR5),kilotonnes,13.6657,17.9607,17.5312,27.5226,29.2939,32.6816,24.1567,27.063,27.9787,30.0695,31.2309,35.3946,37.3047,40.931,40.6525,40.4465,35.0191,36.3021,36.4366,40.7576,37.6288
Suriname,Food Household Consumption,Emissions (CH4),kilotonnes,0.1181,0.1304,0.1384,0.146,0.1573,0.17,0.1685,0.1704,0.1841,0.2009,0.2022,0.235,0.252,0.2713,0.2826,0.29,0.2597,0.26,0.2614,0.2614,0.2663
Suriname,Food Household Consumption,Emissions (N2O),kilotonnes,0.0007,0.0008,0.0008,0.0008,0.0008,0.0009,0.0008,0.0009,0.001,0.0011,0.0011,0.0012,0.0013,0.0014,0.0015,0.0015,0.0014,0.0014,0.0014,0.0014,0.0014
Suriname,Food Household Consumption,Emissions (CO2),kilotonnes,75.7209,85.0035,73.5218,77.813,82.5752,87.8231,84.8067,86.7791,90.5825,93.2692,94.2175,107.6718,114.9006,123.1577,125.3995,128.4315,115.0309,115.7053,115.7335,115.7335,106.1556
Suriname,Food Household Consumption,Emissions (CO2eq) from CH4 (AR5),kilotonnes,3.3068,3.6512,3.8752,4.088,4.4044,4.76,4.718,4.7712,5.1548,5.6252,5.6616,6.58,7.056,7.5964,7.9128,8.12,7.2716,7.28,7.3192,7.3192,7.4559
Suriname,Food Household Consumption,Emissions (CO2eq) from N2O (AR5),kilotonnes,0.1855,0.212,0.212,0.212,0.212,0.2385,0.212,0.2385,0.265,0.2915,0.2915,0.318,0.3445,0.371,0.3975,0.3975,0.371,0.371,0.371,0.371,0.3682
Suriname,Food Household Consumption,Emissions (CO2eq) (AR5),kilotonnes,79.2132,88.8667,77.609,82.113,87.1916,92.8216,89.7367,91.7888,96.0023,99.1859,100.1706,114.5698,122.3011,131.1251,133.7098,136.949,122.6735,123.3563,123.4237,123.4237,113.9796
Suriname,Food Transport,Emissions (CH4),kilotonnes,0.0046,0.004,0.0049,0.0049,0.0049,0.0051,0.0054,0.0052,0.0058,0.0065,0.0068,0.0065,0.0071,0.0074,0.0074,0.0077,0.0072,0.0074,0.0072,0.0067,0.0068
Suriname,Food Transport,Emissions (N2O),kilotonnes,0.0009,0.0009,0.0011,0.0011,0.0012,0.0012,0.0013,0.0012,0.0014,0.0015,0.0016,0.0016,0.0017,0.0018,0.0018,0.0018,0.0017,0.0017,0.0017,0.0019,0.0019
Suriname,Food Transport,Emissions (CO2),kilotonnes,20.46,20.46,25.63,27.28,29.04,30.69,32.78,31.46,35.2,39.27,41.36,39.6,43.01,45.1,45.1,46.75,44,44.77,43.67,47.4544,43.5271
Suriname,Food Transport,Emissions (CO2eq) from CH4 (AR5),kilotonnes,0.1288,0.112,0.1372,0.1372,0.1372,0.1428,0.1512,0.1456,0.1624,0.182,0.1904,0.182,0.1988,0.2072,0.2072,0.2156,0.2016,0.2072,0.2016,0.1876,0.1911
Suriname,Food Transport,Emissions (CO2eq) from N2O (AR5),kilotonnes,0.2385,0.2385,0.2915,0.2915,0.318,0.318,0.3445,0.318,0.371,0.3975,0.424,0.424,0.4505,0.477,0.477,0.477,0.4505,0.4505,0.4505,0.5035,0.4997
Suriname,Food Transport,Emissions (CO2eq) (AR5),kilotonnes,20.8273,20.8105,26.0587,27.7087,29.4952,31.1508,33.2757,31.9236,35.7334,39.8495,41.9744,40.206,43.6593,45.7842,45.7842,47.4426,44.6521,45.4277,44.3221,48.1455,44.2179
Suriname,Energy,Emissions (CH4),kilotonnes,3.9,4.01,3.72,3.65,3.6,3.69,4.11,4.67,5.25,5.28,5.29,5.35,5.37,5.31,5.42,5.49,5.3,5.31,5.31,5.89,6
Suriname,Energy,Emissions (N2O),kilotonnes,0.0742,0.065,0.115,0.121,0.133,0.146,0.148,0.137,0.14,0.129,0.153,0.125,0.167,0.126,0.14,0.136,0.128,0.129,0.126,0.131,0.13
Suriname,Energy,Emissions (CO2),kilotonnes,2170,2340,1530,1510,1530,1560,1710,1730,1910,1970,2380,2150,2590,2690,2780,2680,2270,2470,2900,2900,2660
Suriname,Energy,Emissions (CO2eq) from CH4 (AR5),kilotonnes,109.2,112.28,104.16,102.2,100.8,103.32,115.08,130.76,147,147.84,148.12,149.8,150.36,148.68,151.76,153.72,148.4,148.68,148.68,164.92,168
Suriname,Energy,Emissions (CO2eq) from N2O (AR5),kilotonnes,19.663,17.225,30.475,32.065,35.245,38.69,39.22,36.305,37.1,34.185,40.545,33.125,44.255,33.39,37.1,36.04,33.92,34.185,33.39,34.715,34.45
Suriname,Energy,Emissions (CO2eq) (AR5),kilotonnes,2298.863,2469.505,1664.635,1644.265,1666.045,1702.01,1864.3,1897.065,2094.1,2152.025,2568.665,2332.925,2784.615,2872.07,2968.86,2869.76,2452.32,2652.865,3082.07,3099.635,2862.45
Suriname,IPPU,Emissions (N2O),kilotonnes,0.0014,0.0014,0.0014,0.0015,0.0015,0.0015,0.0015,0.0015,0.0016,0.0016,0.0016,0.0016,0.0016,0.0016,0.0016,0.0017,0.0017,0.0017,0.0017,0.0017,0.0017
Suriname,IPPU,Emissions (CO2),kilotonnes,71.4,73.3,75.2,75.8,73.4,72,72,71.3,71,63.8,62,73.3,88.7,95.5,71.7,71.7,52,55.9,55.8,55.7,55.6
Suriname,IPPU,Emissions (CO2eq) from F-gases (AR5),kilotonnes,0,0,0,0,0,0,0,0,0,0,0,0,0,0,0,0,0,0,0,0,0
Suriname,IPPU,Emissions (CO2eq) from N2O (AR5),kilotonnes,0.3763,0.379,0.3843,0.3896,0.3922,0.3975,0.4002,0.4054,0.4108,0.4134,0.4187,0.424,0.4267,0.432,0.4346,0.4399,0.4452,0.4479,0.4532,0.4585,0.4611
Suriname,IPPU,Emissions (CO2eq) (AR5),kilotonnes,71.7763,73.679,75.5842,76.1895,73.7922,72.3975,72.4001,71.7054,71.4107,64.2134,62.4187,73.724,89.1266,95.932,72.1346,72.1399,52.4452,56.3479,56.2531,56.1585,56.0611
Suriname,Waste,Emissions (CH4),kilotonnes,8.06,8.2,8.33,8.47,8.66,8.81,8.97,9.11,9.23,9.35,9.5,9.64,9.75,9.86,9.95,9.97,9.97,10.1,10.2,10.4,10.5
Suriname,Waste,Emissions (N2O),kilotonnes,0.0169,0.0171,0.0173,0.0173,0.0175,0.0177,0.0182,0.0188,0.0192,0.0196,0.0204,0.0208,0.0212,0.0212,0.0215,0.0216,0.0217,0.0217,0.0221,0.023,0.0233
Suriname,Waste,Emissions (CO2),kilotonnes,0.139,0.143,0.146,0.15,0.156,0.161,0.165,0.17,0.174,0.179,0.185,0.189,0.194,0.194,0.194,0.194,0.194,0.195,0.197,0.206,0.209
Suriname,Waste,Emissions (CO2eq) from CH4 (AR5),kilotonnes,225.68,229.6,233.24,237.16,242.48,246.68,251.16,255.08,258.44,261.8,266,269.92,273,276.08,278.6,279.16,279.16,282.8,285.6,291.2,294
Suriname,Waste,Emissions (CO2eq) from N2O (AR5),kilotonnes,4.4785,4.5315,4.5845,4.5845,4.6375,4.6905,4.823,4.982,5.088,5.194,5.406,5.512,5.618,5.618,5.6975,5.724,5.7505,5.7505,5.8565,6.095,6.1745
Suriname,Waste,Emissions (CO2eq) (AR5),kilotonnes,230.2975,234.2745,237.9705,241.8945,247.2735,251.5315,256.148,260.232,263.702,267.173,271.591,275.621,278.812,281.892,284.4915,285.078,285.1045,288.7455,291.6535,297.501,300.3835
Suriname,Other,Emissions (N2O),kilotonnes,0.0567,0.06,0.0488,0.0535,0.0583,0.0743,0.0638,0.0525,0.0553,0.0659,0.0797,0.0863,0.107,0.121,0.113,0.12,0.109,0.109,0.106,0.127,0.131
Suriname,Other,Emissions (CO2eq) from N2O (AR5),kilotonnes,15.0255,15.9,12.932,14.1775,15.4495,19.6895,16.907,13.9125,14.6545,17.4635,21.1205,22.8695,28.355,32.065,29.945,31.8,28.885,28.885,28.09,33.655,34.715
Suriname,Other,Emissions (CO2eq) (AR5),kilotonnes,15.0255,15.9,12.932,14.1775,15.4495,19.6895,16.907,13.9125,14.6545,17.4635,21.1205,22.8695,28.355,32.065,29.945,31.8,28.885,28.885,28.09,33.655,34.715
Suriname,Farm-gate emissions,Emissions (CH4),kilotonnes,18.5189,19.9929,14.5585,17.6634,17.2447,15.4397,15.6036,14.7912,15.5796,19.2289,18.8366,19.8069,18.5995,19.4541,20.3766,19.5424,20.1945,19.4164,18.2809,19.786,19.9801
Suriname,Farm-gate emissions,Direct emissions (N2O),kilotonnes,0.2976,0.2795,0.194,0.2254,0.2437,0.205,0.2624,0.2399,0.3768,0.2954,0.3403,0.3245,0.2793,0.2684,0.3081,0.2742,0.3528,0.3647,0.2762,0.2738,0.2749
Suriname,Farm-gate emissions,Indirect emissions (N2O),kilotonnes,0.0784,0.0746,0.0544,0.0639,0.0695,0.0578,0.0756,0.0679,0.1119,0.0837,0.0977,0.0929,0.078,0.0756,0.0897,0.0786,0.1041,0.1076,0.0793,0.0782,0.0782
Suriname,Farm-gate emissions,Emissions (N2O),kilotonnes,0.4889,0.5071,0.4922,0.5153,0.6091,0.5198,0.6187,0.5563,0.7452,0.6528,0.6979,0.6652,0.6703,0.5728,0.6759,0.6153,0.6895,0.7229,0.5872,0.6118,0.5887
Suriname,Farm-gate emissions,Emissions (CO2),kilotonnes,1250.0981,1345.8303,1115.0287,1003.3647,1172.7211,1170.3032,1144.1495,1085.6403,1059.747,997.7563,1021.5933,954.0139,1064.5214,954.123,996.9466,981.3471,952.2335,952.9223,946.8442,939.307,940.1801
Suriname,Farm-gate emissions,Emissions (CO2eq) from CH4 (AR5),kilotonnes,518.5293,559.8019,407.6374,494.5761,482.853,432.3116,436.9021,414.1547,436.2296,538.4103,527.4243,554.5922,520.7848,544.7162,570.5444,547.1883,565.4468,543.6588,511.8664,554.0084,559.4437
Suriname,Farm-gate emissions,Emissions (CO2eq) from N2O (AR5),kilotonnes,129.5599,134.3738,130.4208,136.5672,161.4209,137.7578,163.9515,147.421,197.4785,172.9974,184.9453,176.2762,177.62,151.7959,179.1052,163.0535,182.7139,191.5704,155.6208,162.1402,156.0038
Suriname,Farm-gate emissions,Emissions (CO2eq) (AR5),kilotonnes,1898.1872,2040.0059,1653.0868,1634.5079,1816.9949,1740.3725,1745.0031,1647.216,1693.4552,1709.1639,1733.9629,1684.8823,1762.9263,1650.635,1746.5962,1691.589,1700.3942,1688.1514,1614.3315,1655.4556,1655.6277
Suriname,Land Use change,Emissions (CH4),kilotonnes,0.1831,0.0239,0.0585,0.5,0.109,0.016,0.0532,0.016,0.0293,0.0718,0.0186,0.016,0.0532,0.0372,0.0425,0.1223,0.0425,0.0372,0.016,0.1277,0.1383
Suriname,Land Use change,Emissions (N2O),kilotonnes,0.0054,0.0022,0.0053,0.0456,0.01,0.0015,0.0049,0.0015,0.0027,0.0066,0.0017,0.0015,0.0049,0.0034,0.0039,0.0112,0.0039,0.0034,0.0015,0.0117,0.0126
Suriname,Land Use change,Emissions (CO2),kilotonnes,2934.2214,3174.1603,3174.1603,3174.1603,3174.1603,3174.1603,3174.1603,3174.1603,3174.1603,3174.1603,3174.1603,7459.7799,7459.7799,7459.7799,7459.7799,7459.7799,8572.7871,8572.7871,8572.7871,8572.7871,8572.7871
Suriname,Land Use change,Emissions (CO2eq) from CH4 (AR5),kilotonnes,5.1254,0.6701,1.6381,13.9991,3.053,0.4468,1.4892,0.4468,0.8191,2.0104,0.5212,0.4468,1.4892,1.0425,1.1913,3.4253,1.1914,1.0425,0.4468,3.5743,3.872
Suriname,Land Use change,Emissions (CO2eq) from N2O (AR5),kilotonnes,1.4268,0.5791,1.4155,12.0971,2.6382,0.3861,1.2869,0.3861,0.7078,1.7373,0.4504,0.3861,1.2869,0.9008,1.0294,2.9599,1.0295,0.9008,0.3861,3.0886,3.3459
Suriname,Land Use change,Emissions (CO2eq) (AR5),kilotonnes,2940.7735,3175.4095,3177.214,3200.2566,3179.8515,3174.9932,3176.9364,3174.9931,3175.6872,3177.908,3175.132,7460.6127,7462.556,7461.7232,7462.0006,7466.1651,8575.0079,8574.7304,8573.6199,8579.45,8580.0051
Suriname,Emissions on agricultural land,Emissions (CH4),kilotonnes,18.702,20.0169,14.617,18.1634,17.3538,15.4557,15.6568,14.8072,15.6089,19.3007,18.8552,19.8228,18.6526,19.4914,20.4191,19.6648,20.2371,19.4536,18.2969,19.9137,20.1184
Suriname,Emissions on agricultural land,Emissions (N2O),kilotonnes,0.4943,0.5093,0.4975,0.561,0.6191,0.5213,0.6235,0.5578,0.7479,0.6594,0.6996,0.6666,0.6751,0.5762,0.6798,0.6265,0.6934,0.7263,0.5887,0.6235,0.6013
Suriname,Emissions on agricultural land,Emissions (CO2),kilotonnes,4184.3195,4519.9906,4289.189,4177.525,4346.8814,4344.4635,4318.3098,4259.8007,4233.9073,4171.9166,4195.7537,8413.7938,8524.3013,8413.9028,8456.7265,8441.127,9525.0205,9525.7093,9519.6313,9512.0941,9512.9672
Suriname,Emissions on agricultural land,Emissions (CO2eq) from CH4 (AR5),kilotonnes,523.6547,560.472,409.2755,508.5753,485.906,432.7583,438.3913,414.6015,437.0487,540.4207,527.9455,555.039,522.2741,545.7587,571.7357,550.6136,566.6382,544.7012,512.3132,557.5827,563.3157
Suriname,Emissions on agricultural land,Emissions (CO2eq) from N2O (AR5),kilotonnes,130.9867,134.9529,131.8363,148.6642,164.0591,138.1438,165.2384,147.807,198.1863,174.7346,185.3957,176.6622,178.9069,152.6967,180.1346,166.0134,183.7434,192.4712,156.0069,165.2288,159.3497
Suriname,Emissions on agricultural land,Emissions (CO2eq) (AR5),kilotonnes,4838.9608,5215.4155,4830.3008,4834.7645,4996.8464,4915.3657,4921.9395,4822.2092,4869.1424,4887.072,4909.0949,9145.495,9225.4823,9112.3582,9208.5968,9157.754,10275.4021,10262.8818,10187.9514,10234.9056,10235.6327
Suriname,Pre- and post- production,Emissions (CH4),kilotonnes,2.8623,2.8889,2.9072,2.9363,2.9722,3.1711,3.199,3.0914,3.155,3.2117,3.2384,3.3038,3.3285,3.3469,3.3516,3.3667,3.339,3.3388,3.3434,3.3503,3.3445
Suriname,Pre- and post- production,Emissions (N2O),kilotonnes,0.0114,0.0115,0.0121,0.0121,0.0125,0.0138,0.0141,0.0139,0.0149,0.0154,0.0166,0.016,0.0164,0.0171,0.017,0.0167,0.0164,0.0165,0.0166,0.0168,0.0168
Suriname,Pre- and post- production,Emissions (CO2),kilotonnes,155.9716,175.0873,148.8822,164.6341,174.4101,200.6502,195.9804,188.67,208.5551,224.6551,238.1855,242.0683,250.545,288.5177,282.387,283.2058,249.6398,263.2752,271.9282,276.3728,254.2552
Suriname,Pre- and post- production,Emissions (CO2eq) from CH4 (AR5),kilotonnes,80.1441,80.8901,81.4027,82.2153,83.2227,88.7906,89.5727,86.56,88.34,89.9271,90.6758,92.5061,93.1991,93.7127,93.8451,94.2681,93.4927,93.4858,93.6143,93.8089,93.6447
Suriname,Pre- and post- production,Emissions (CO2eq) from N2O (AR5),kilotonnes,3.0078,3.0364,3.2007,3.2108,3.3023,3.6575,3.7248,3.6897,3.9373,4.0911,4.4028,4.2522,4.3592,4.5355,4.515,4.4248,4.3398,4.3846,4.4108,4.4513,4.4546
Suriname,Pre- and post- production,Emissions (CO2eq) (AR5),kilotonnes,239.1235,259.0139,233.4855,250.0603,260.9351,293.0983,289.2779,278.9198,300.8324,318.6733,333.2641,338.8265,348.1033,386.7659,380.7471,381.8986,347.4724,361.1456,369.9533,374.633,352.3545
Suriname,Agri-food systems,Emissions (CH4),kilotonnes,21.5642,22.9058,17.5242,21.0997,20.326,18.6267,18.8559,17.8986,18.7639,22.5124,22.0936,23.1266,21.9812,22.8383,23.7707,23.0315,23.5761,22.7924,21.6403,23.264,23.4629
Suriname,Agri-food systems,Emissions (N2O),kilotonnes,0.5056,0.5207,0.5096,0.5731,0.6316,0.5351,0.6376,0.5717,0.7627,0.6748,0.7162,0.6827,0.6916,0.5933,0.6968,0.6432,0.7097,0.7429,0.6053,0.6403,0.6181
Suriname,Agri-food systems,Emissions (CO2),kilotonnes,4340.2911,4695.0779,4438.0712,4342.1591,4521.2915,4545.1137,4514.2902,4448.4707,4442.4624,4396.5717,4433.9391,8655.8621,8774.8463,8702.4205,8739.1135,8724.3328,9774.6604,9788.9845,9791.5595,9788.4669,9767.2224
Suriname,Agri-food systems,Emissions (CO2eq) from CH4 (AR5),kilotonnes,603.7988,641.3621,490.6781,590.7906,569.1286,521.549,527.9639,501.1615,525.3887,630.3479,618.6213,647.5451,615.4732,639.4713,665.5808,644.8816,660.1309,638.187,605.9275,651.3916,656.9605
Suriname,Agri-food systems,Emissions (CO2eq) from N2O (AR5),kilotonnes,133.9944,137.9893,135.037,151.8751,167.3613,141.8013,168.9632,151.4968,202.1236,178.8257,189.7985,180.9144,183.2661,157.2322,184.6496,170.4382,188.0832,196.8558,160.4177,169.68,163.8044
Suriname,Agri-food systems,Emissions (CO2eq) (AR5),kilotonnes,5078.0843,5474.4293,5063.7863,5084.8248,5257.7815,5208.464,5211.2173,5101.129,5169.9747,5205.7453,5242.359,9484.3216,9573.5856,9499.124,9589.344,9539.6527,10622.8745,10624.0274,10557.9047,10609.5386,10587.9872
Suriname,IPCC Agriculture,Emissions (CH4),kilotonnes,18.4152,19.8821,14.4862,17.6062,17.1892,15.3858,15.5527,14.7461,15.5369,19.1906,18.7985,19.7726,18.5576,19.4175,20.3368,19.5031,20.152,19.3807,18.2457,19.7516,19.9458
Suriname,IPCC Agriculture,Emissions (CH4),kilotonnes,,,,40,,,,,,,,,,,,,,,,,
Suriname,IPCC Agriculture,Direct emissions (N2O),kilotonnes,0.2976,0.2795,0.194,0.2254,0.2437,0.205,0.2624,0.2399,0.3768,0.2954,0.3403,0.3245,0.2793,0.2684,0.3081,0.2742,0.3528,0.3647,0.2762,0.2738,0.2749
Suriname,IPCC Agriculture,Indirect emissions (N2O),kilotonnes,0.0784,0.0746,0.0544,0.0639,0.0695,0.0578,0.0756,0.0679,0.1119,0.0837,0.0977,0.0929,0.078,0.0756,0.0897,0.0786,0.1041,0.1076,0.0793,0.0782,0.0782
Suriname,IPCC Agriculture,Emissions (N2O),kilotonnes,0.4695,0.4605,0.3916,0.4103,0.4933,0.3925,0.4894,0.4373,0.6248,0.5451,0.5694,0.5661,0.529,0.4753,0.5633,0.5101,0.5951,0.6265,0.4929,0.5211,0.498
Suriname,IPCC Agriculture,Emissions (CO2eq) from CH4 (AR5),kilotonnes,515.6264,556.7,405.6146,492.9739,481.2982,430.8018,435.4758,412.8917,435.0327,537.3364,526.3574,553.6333,519.6135,543.6903,569.4308,546.0881,564.2572,542.6582,510.8787,553.0459,558.4812
Suriname,IPCC Agriculture,Emissions (CO2eq) from CH4 (AR5),kilotonnes,,,,1120,,,,,,,,,,,,,,,,,
Suriname,IPCC Agriculture,Emissions (CO2eq) from N2O (AR5),kilotonnes,124.4245,122.0214,103.7752,108.7422,130.7219,104.0219,129.6881,115.896,165.5843,144.4491,150.8832,150.0224,140.1779,125.9438,149.2653,135.1833,157.7023,166.0184,130.6121,138.0976,131.9613
Suriname,IPCC Agriculture,Emissions (CO2eq) (AR5),kilotonnes,640.0509,678.7213,509.3897,601.7161,612.0202,534.8237,565.1639,528.7877,600.617,681.7855,677.2406,703.6557,659.7914,669.6342,718.6961,681.2714,721.9594,708.6766,641.4908,691.1435,690.4425
Suriname,IPCC Agriculture,Emissions (CO2eq) (AR5),kilotonnes,,,,1120,,,,,,,,,,,,,,,,,
Suriname,Agricultural Soils,Direct emissions (N2O),kilotonnes,0.2976,0.2795,0.194,0.2254,0.2437,0.205,0.2624,0.2399,0.3768,0.2954,0.3403,0.3245,0.2793,0.2684,0.3081,0.2742,0.3528,0.3647,0.2762,0.2738,0.2749
Suriname,Agricultural Soils,Indirect emissions (N2O),kilotonnes,0.0784,0.0746,0.0544,0.0639,0.0695,0.0578,0.0756,0.0679,0.1119,0.0837,0.0977,0.0929,0.078,0.0756,0.0897,0.0786,0.1041,0.1076,0.0793,0.0782,0.0782
Suriname,Agricultural Soils,Emissions (N2O),kilotonnes,0.4536,0.4323,0.3264,0.3671,0.4192,0.3685,0.4434,0.413,0.5939,0.4843,0.5431,0.5226,0.4625,0.449,0.5027,0.4576,0.5617,0.5772,0.4604,0.4571,0.4583
Suriname,Agricultural Soils,Emissions (CO2eq) from N2O (AR5),kilotonnes,120.2011,114.5603,86.4989,97.2849,111.0928,97.644,117.4906,109.4464,157.3937,128.3299,143.9279,138.5022,122.5625,118.9762,133.2035,121.2617,148.8483,152.9604,122.0023,121.125,121.4605
Suriname,Agricultural Soils,Emissions (CO2eq) (AR5),kilotonnes,120.2011,114.5603,86.4989,97.2849,111.0928,97.644,117.4906,109.4464,157.3937,128.3299,143.9279,138.5022,122.5625,118.9762,133.2035,121.2617,148.8483,152.9604,122.0023,121.125,121.4605
Suriname,LULUCF,Emissions (CH4),kilotonnes,0.1831,0.0239,0.0585,0.5,0.109,0.016,0.0532,0.016,0.0293,0.0718,0.0186,0.016,0.0532,0.0372,0.0425,0.1223,0.0425,0.0372,0.016,0.1277,0.1383
Suriname,LULUCF,Emissions (CH4),kilotonnes,,,,3,,,,,,,,,,,,,,,,,
Suriname,LULUCF,Emissions (N2O),kilotonnes,0.0054,0.0022,0.0053,0.0456,0.01,0.0015,0.0049,0.0015,0.0027,0.0066,0.0017,0.0015,0.0049,0.0034,0.0039,0.0112,0.0039,0.0034,0.0015,0.0117,0.0126
Suriname,LULUCF,Emissions (CO2),kilotonnes,3321.3264,3653.6993,3652.5387,3651.6268,3822.7401,3820.4722,3819.0127,3817.9894,3817.771,3817.771,3817.5526,8103.887,8103.4504,8102.359,8101.4048,8101.1866,9214.1938,9214.3435,9214.5618,9217.075,9217.9481
Suriname,LULUCF,Emissions (CO2),kilotonnes,,,,1477.73,,,,,,,,,,,,,,,,,
Suriname,LULUCF,Emissions (CO2eq) from CH4 (AR5),kilotonnes,5.1254,0.6701,1.6381,13.9991,3.053,0.4468,1.4892,0.4468,0.8191,2.0104,0.5212,0.4468,1.4892,1.0425,1.1913,3.4253,1.1914,1.0425,0.4468,3.5743,3.872
Suriname,LULUCF,Emissions (CO2eq) from N2O (AR5),kilotonnes,1.4268,0.5791,1.4155,12.0971,2.6382,0.3861,1.2869,0.3861,0.7078,1.7373,0.4504,0.3861,1.2869,0.9008,1.0294,2.9599,1.0295,0.9008,0.3861,3.0886,3.3459
Suriname,LULUCF,Emissions (CO2eq) (AR5),kilotonnes,3327.8785,3654.9485,3655.5923,3677.723,3828.4313,3821.305,3821.7887,3818.8222,3819.2978,3821.5187,3818.5243,8104.7198,8106.2265,8104.3023,8103.6256,8107.5718,9216.4146,9216.2868,9215.3947,9223.7379,9225.1661
Suriname,LULUCF,Emissions (CO2eq) (AR5),kilotonnes,,,,1477.73,,,,,,,,,,,,,,,,,
Suriname,AFOLU,Emissions (CH4),kilotonnes,18.5983,19.9061,14.5447,18.1062,17.2983,15.4017,15.6059,14.7621,15.5661,19.2624,18.8171,19.7886,18.6108,19.4547,20.3794,19.6255,20.1946,19.4179,18.2616,19.8793,20.084
Suriname,AFOLU,Emissions (N2O),kilotonnes,0.4749,0.4626,0.3969,0.456,0.5032,0.394,0.4942,0.4388,0.6275,0.5516,0.5711,0.5676,0.5338,0.4787,0.5671,0.5213,0.599,0.6299,0.4943,0.5328,0.5106
Suriname,AFOLU,Emissions (CO2),kilotonnes,3321.3264,3653.6993,3652.5387,3651.6268,3822.7401,3820.4722,3819.0127,3817.9894,3817.771,3817.771,3817.5526,8103.887,8103.4504,8102.359,8101.4048,8101.1866,9214.1938,9214.3435,9214.5618,9217.075,9217.9481
Suriname,AFOLU,Emissions (CO2eq) from CH4 (AR5),kilotonnes,520.7518,557.3701,407.2526,506.973,484.3512,431.2486,436.965,413.3384,435.8517,539.3469,526.8786,554.0801,521.1027,544.7328,570.6221,549.5133,565.4485,543.7007,511.3255,556.6201,562.3532
Suriname,AFOLU,Emissions (CO2eq) from N2O (AR5),kilotonnes,125.8513,122.6004,105.1907,120.8393,133.3601,104.408,130.975,116.2821,166.2921,146.1864,151.3337,150.4084,141.4648,126.8447,150.2947,138.1432,158.7318,166.9192,130.9981,141.1863,135.3072
Suriname,AFOLU,Emissions (CO2eq) (AR5),kilotonnes,3967.9295,4333.6698,4164.982,4279.4391,4440.4514,4356.1287,4386.9526,4347.6099,4419.9148,4503.3042,4495.7649,8808.3755,8766.0179,8773.9364,8822.3217,8788.8432,9938.3741,9924.9634,9856.8855,9914.8814,9915.6086
Suriname,All sectors with LULUCF,Emissions (CH4),kilotonnes,30.5583,32.1161,26.5947,30.2262,29.5583,27.9017,28.6859,28.5421,30.0461,33.8924,33.6071,34.7786,33.7308,34.6247,35.7494,35.0855,35.4646,34.8279,33.7716,36.1693,36.584
Suriname,All sectors with LULUCF,Emissions (N2O),kilotonnes,0.6241,0.6062,0.5795,0.6493,0.7135,0.6335,0.7258,0.6486,0.8436,0.7677,0.8258,0.8013,0.8306,0.7485,0.8433,0.8006,0.8594,0.8913,0.7501,0.8155,0.7966
Suriname,All sectors with LULUCF,Emissions (CO2),kilotonnes,5562.8654,6067.1423,5257.8847,5237.5768,5426.2961,5452.6332,5601.1777,5619.4594,5798.945,5851.75,6259.7376,10327.376,10782.3444,10888.053,10953.2988,10853.0806,11536.3878,11740.4385,12170.5588,12172.981,11933.7571
Suriname,All sectors with LULUCF,Emissions (CO2eq) from F-gases (AR5),kilotonnes,0,0,0,0,0,0,0,0,0,0,0,0,0,0,0,0,0,0,0,0,0
Suriname,All sectors with LULUCF,Emissions (CO2eq) from CH4 (AR5),kilotonnes,855.6318,899.2501,744.6526,846.333,827.6312,781.2486,803.205,799.1784,841.2917,948.9869,940.9986,973.8001,944.4627,969.4928,1000.9821,982.3933,993.0085,975.1807,945.6055,1012.7401,1024.3532
Suriname,All sectors with LULUCF,Emissions (CO2eq) from N2O (AR5),kilotonnes,165.3946,160.6359,153.5664,172.0558,189.0843,167.8755,192.3251,171.887,223.5454,203.4423,218.8239,212.3389,220.1194,198.3496,223.4718,212.1471,227.7325,236.1876,198.7878,216.1097,211.1078
Suriname,All sectors with LULUCF,Emissions (CO2eq) (AR5),kilotonnes,6583.8918,7127.0282,6156.1038,6255.9657,6443.0116,6401.7572,6596.7078,6590.5249,6863.7821,7004.1791,7419.5601,11513.515,11946.9265,12055.8954,12177.7528,12047.6211,12757.1288,12951.8067,13314.9521,13401.8309,13169.2182
Suriname,All sectors without LULUCF,Emissions (CH4),kilotonnes,30.3752,32.0921,26.5362,29.7262,29.4492,27.8858,28.6327,28.5261,30.0169,33.8206,33.5885,34.7626,33.6776,34.5875,35.7068,34.9631,35.422,34.7907,33.7557,36.0416,36.4458
Suriname,All sectors without LULUCF,Emissions (N2O),kilotonnes,0.6187,0.604,0.5742,0.6036,0.7036,0.632,0.7209,0.6472,0.8409,0.7612,0.8241,0.7998,0.8258,0.7451,0.8394,0.7894,0.8555,0.8879,0.7487,0.8039,0.784
Suriname,All sectors without LULUCF,Emissions (CO2),kilotonnes,2241.539,2413.443,1605.346,1585.95,1603.556,1632.161,1782.165,1801.47,1981.174,2033.979,2442.185,2223.489,2678.894,2785.694,2851.894,2751.894,2322.194,2526.095,2955.997,2955.906,2715.809
Suriname,All sectors without LULUCF,Emissions (CO2eq) from F-gases (AR5),kilotonnes,0,0,0,0,0,0,0,0,0,0,0,0,0,0,0,0,0,0,0,0,0
Suriname,All sectors without LULUCF,Emissions (CO2eq) from CH4 (AR5),kilotonnes,850.5064,898.58,743.0146,832.3339,824.5782,780.8018,801.7158,798.7317,840.4727,946.9764,940.4774,973.3533,942.9735,968.4503,999.7908,978.9681,991.8172,974.1382,945.1587,1009.1659,1020.4812
Suriname,All sectors without LULUCF,Emissions (CO2eq) from N2O (AR5),kilotonnes,163.9678,160.0568,152.1509,159.9588,186.4461,167.4894,191.0383,171.501,222.8376,201.705,218.3734,211.9529,218.8325,197.4488,222.4424,209.1872,226.703,235.2867,198.4017,213.0211,207.7619
Suriname,All sectors without LULUCF,Emissions (CO2eq) (AR5),kilotonnes,3256.0132,3472.0798,2500.5115,2578.2426,2614.5804,2580.4522,2774.919,2771.7026,3044.4842,3182.6604,3601.0358,3408.7952,3840.7,3951.5931,4074.1272,3940.0493,3540.7141,3735.5199,4099.5574,4178.0929,3944.0521
Svalbard and Jan Mayen Islands,Forestland,Emissions (CO2),kilotonnes,0,0,0,0,0,0,0,0,0,0,0,0,0,0,0,0,0,0,0,0,0
Svalbard and Jan Mayen Islands,Forestland,Emissions (CO2eq) (AR5),kilotonnes,0,0,0,0,0,0,0,0,0,0,0,0,0,0,0,0,0,0,0,0,0
Svalbard and Jan Mayen Islands,Net Forest conversion,Emissions (CO2),kilotonnes,0,0,0,0,0,0,0,0,0,0,0,0,0,0,0,0,0,0,0,0,0
Svalbard and Jan Mayen Islands,Net Forest conversion,Emissions (CO2eq) (AR5),kilotonnes,0,0,0,0,0,0,0,0,0,0,0,0,0,0,0,0,0,0,0,0,0
Svalbard and Jan Mayen Islands,Savanna fires,Emissions (CH4),kilotonnes,0,0,0,0,0,0,0,0,0,0,0,0,0,0,0,0,0,0,0,0,0
Svalbard and Jan Mayen Islands,Savanna fires,Emissions (N2O),kilotonnes,0,0,0,0,0,0,0,0,0,0,0,0,0,0,0,0,0,0,0,0,0
Svalbard and Jan Mayen Islands,Savanna fires,Emissions (CO2eq) from CH4 (AR5),kilotonnes,0,0,0,0,0,0,0,0,0,0,0,0,0,0,0,0,0,0,0,0,0
Svalbard and Jan Mayen Islands,Savanna fires,Emissions (CO2eq) from N2O (AR5),kilotonnes,0,0,0,0,0,0,0,0,0,0,0,0,0,0,0,0,0,0,0,0,0
Svalbard and Jan Mayen Islands,Savanna fires,Emissions (CO2eq) (AR5),kilotonnes,0,0,0,0,0,0,0,0,0,0,0,0,0,0,0,0,0,0,0,0,0
Svalbard and Jan Mayen Islands,Fires in organic soils,Emissions (CH4),kilotonnes,0,0,0,0,0,0,0,0,0,0,0,0,0,0,0,0,0,0,0,0,0
Svalbard and Jan Mayen Islands,Fires in organic soils,Emissions (CO2),kilotonnes,0,0,0,0,0,0,0,0,0,0,0,0,0,0,0,0,0,0,0,0,0
Svalbard and Jan Mayen Islands,Fires in organic soils,Emissions (CO2eq) from CH4 (AR5),kilotonnes,0,0,0,0,0,0,0,0,0,0,0,0,0,0,0,0,0,0,0,0,0
Svalbard and Jan Mayen Islands,Fires in organic soils,Emissions (CO2eq) (AR5),kilotonnes,0,0,0,0,0,0,0,0,0,0,0,0,0,0,0,0,0,0,0,0,0
Svalbard and Jan Mayen Islands,Forest fires,Emissions (CH4),kilotonnes,0,0,0,0,0,0,0,0,0,0,0,0,0,0,0,0,0,0,0,0,0
Svalbard and Jan Mayen Islands,Forest fires,Emissions (N2O),kilotonnes,0,0,0,0,0,0,0,0,0,0,0,0,0,0,0,0,0,0,0,0,0
Svalbard and Jan Mayen Islands,Forest fires,Emissions (CO2eq) from CH4 (AR5),kilotonnes,0,0,0,0,0,0,0,0,0,0,0,0,0,0,0,0,0,0,0,0,0
Svalbard and Jan Mayen Islands,Forest fires,Emissions (CO2eq) from N2O (AR5),kilotonnes,0,0,0,0,0,0,0,0,0,0,0,0,0,0,0,0,0,0,0,0,0
Svalbard and Jan Mayen Islands,Forest fires,Emissions (CO2eq) (AR5),kilotonnes,0,0,0,0,0,0,0,0,0,0,0,0,0,0,0,0,0,0,0,0,0
Svalbard and Jan Mayen Islands,Fires in humid tropical forests,Emissions (CH4),kilotonnes,0,0,0,0,0,0,0,0,0,0,0,0,0,0,0,0,0,0,0,0,0
Svalbard and Jan Mayen Islands,Fires in humid tropical forests,Emissions (N2O),kilotonnes,0,0,0,0,0,0,0,0,0,0,0,0,0,0,0,0,0,0,0,0,0
Svalbard and Jan Mayen Islands,Fires in humid tropical forests,Emissions (CO2eq) from CH4 (AR5),kilotonnes,0,0,0,0,0,0,0,0,0,0,0,0,0,0,0,0,0,0,0,0,0
Svalbard and Jan Mayen Islands,Fires in humid tropical forests,Emissions (CO2eq) from N2O (AR5),kilotonnes,0,0,0,0,0,0,0,0,0,0,0,0,0,0,0,0,0,0,0,0,0
Svalbard and Jan Mayen Islands,Fires in humid tropical forests,Emissions (CO2eq) (AR5),kilotonnes,0,0,0,0,0,0,0,0,0,0,0,0,0,0,0,0,0,0,0,0,0
Svalbard and Jan Mayen Islands,Farm-gate emissions,Emissions (CH4),kilotonnes,0,0,0,0,0,0,0,0,0,0,0,0,0,0,0,0,0,0,0,0,0
Svalbard and Jan Mayen Islands,Farm-gate emissions,Emissions (N2O),kilotonnes,0,0,0,0,0,0,0,0,0,0,0,0,0,0,0,0,0,0,0,0,0
Svalbard and Jan Mayen Islands,Farm-gate emissions,Emissions (CO2eq) from CH4 (AR5),kilotonnes,0,0,0,0,0,0,0,0,0,0,0,0,0,0,0,0,0,0,0,0,0
Svalbard and Jan Mayen Islands,Farm-gate emissions,Emissions (CO2eq) from N2O (AR5),kilotonnes,0,0,0,0,0,0,0,0,0,0,0,0,0,0,0,0,0,0,0,0,0
Svalbard and Jan Mayen Islands,Farm-gate emissions,Emissions (CO2eq) (AR5),kilotonnes,0,0,0,0,0,0,0,0,0,0,0,0,0,0,0,0,0,0,0,0,0
Svalbard and Jan Mayen Islands,Land Use change,Emissions (CH4),kilotonnes,0,0,0,0,0,0,0,0,0,0,0,0,0,0,0,0,0,0,0,0,0
Svalbard and Jan Mayen Islands,Land Use change,Emissions (N2O),kilotonnes,0,0,0,0,0,0,0,0,0,0,0,0,0,0,0,0,0,0,0,0,0
Svalbard and Jan Mayen Islands,Land Use change,Emissions (CO2),kilotonnes,0,0,0,0,0,0,0,0,0,0,0,0,0,0,0,0,0,0,0,0,0
Svalbard and Jan Mayen Islands,Land Use change,Emissions (CO2eq) from CH4 (AR5),kilotonnes,0,0,0,0,0,0,0,0,0,0,0,0,0,0,0,0,0,0,0,0,0
Svalbard and Jan Mayen Islands,Land Use change,Emissions (CO2eq) from N2O (AR5),kilotonnes,0,0,0,0,0,0,0,0,0,0,0,0,0,0,0,0,0,0,0,0,0
Svalbard and Jan Mayen Islands,Land Use change,Emissions (CO2eq) (AR5),kilotonnes,0,0,0,0,0,0,0,0,0,0,0,0,0,0,0,0,0,0,0,0,0
Svalbard and Jan Mayen Islands,Emissions on agricultural land,Emissions (CH4),kilotonnes,0,0,0,0,0,0,0,0,0,0,0,0,0,0,0,0,0,0,0,0,0
Svalbard and Jan Mayen Islands,Emissions on agricultural land,Emissions (N2O),kilotonnes,0,0,0,0,0,0,0,0,0,0,0,0,0,0,0,0,0,0,0,0,0
Svalbard and Jan Mayen Islands,Emissions on agricultural land,Emissions (CO2),kilotonnes,0,0,0,0,0,0,0,0,0,0,0,0,0,0,0,0,0,0,0,0,0
Svalbard and Jan Mayen Islands,Emissions on agricultural land,Emissions (CO2eq) from CH4 (AR5),kilotonnes,0,0,0,0,0,0,0,0,0,0,0,0,0,0,0,0,0,0,0,0,0
Svalbard and Jan Mayen Islands,Emissions on agricultural land,Emissions (CO2eq) from N2O (AR5),kilotonnes,0,0,0,0,0,0,0,0,0,0,0,0,0,0,0,0,0,0,0,0,0
Svalbard and Jan Mayen Islands,Emissions on agricultural land,Emissions (CO2eq) (AR5),kilotonnes,0,0,0,0,0,0,0,0,0,0,0,0,0,0,0,0,0,0,0,0,0
Svalbard and Jan Mayen Islands,Agri-food systems,Emissions (CH4),kilotonnes,0,0,0,0,0,0,0,0,0,0,0,0,0,0,0,0,0,0,0,0,0
Svalbard and Jan Mayen Islands,Agri-food systems,Emissions (N2O),kilotonnes,0,0,0,0,0,0,0,0,0,0,0,0,0,0,0,0,0,0,0,0,0
Svalbard and Jan Mayen Islands,Agri-food systems,Emissions (CO2),kilotonnes,0,0,0,0,0,0,0,0,0,0,0,0,0,0,0,0,0,0,0,0,0
Svalbard and Jan Mayen Islands,Agri-food systems,Emissions (CO2eq) from CH4 (AR5),kilotonnes,0,0,0,0,0,0,0,0,0,0,0,0,0,0,0,0,0,0,0,0,0
Svalbard and Jan Mayen Islands,Agri-food systems,Emissions (CO2eq) from N2O (AR5),kilotonnes,0,0,0,0,0,0,0,0,0,0,0,0,0,0,0,0,0,0,0,0,0
Svalbard and Jan Mayen Islands,Agri-food systems,Emissions (CO2eq) (AR5),kilotonnes,0,0,0,0,0,0,0,0,0,0,0,0,0,0,0,0,0,0,0,0,0
Svalbard and Jan Mayen Islands,IPCC Agriculture,Emissions (CH4),kilotonnes,0,0,0,0,0,0,0,0,0,0,0,0,0,0,0,0,0,0,0,0,0
Svalbard and Jan Mayen Islands,IPCC Agriculture,Emissions (N2O),kilotonnes,0,0,0,0,0,0,0,0,0,0,0,0,0,0,0,0,0,0,0,0,0
Svalbard and Jan Mayen Islands,IPCC Agriculture,Emissions (CO2eq) from CH4 (AR5),kilotonnes,0,0,0,0,0,0,0,0,0,0,0,0,0,0,0,0,0,0,0,0,0
Svalbard and Jan Mayen Islands,IPCC Agriculture,Emissions (CO2eq) from N2O (AR5),kilotonnes,0,0,0,0,0,0,0,0,0,0,0,0,0,0,0,0,0,0,0,0,0
Svalbard and Jan Mayen Islands,IPCC Agriculture,Emissions (CO2eq) (AR5),kilotonnes,0,0,0,0,0,0,0,0,0,0,0,0,0,0,0,0,0,0,0,0,0
Svalbard and Jan Mayen Islands,LULUCF,Emissions (CH4),kilotonnes,0,0,0,0,0,0,0,0,0,0,0,0,0,0,0,0,0,0,0,0,0
Svalbard and Jan Mayen Islands,LULUCF,Emissions (N2O),kilotonnes,0,0,0,0,0,0,0,0,0,0,0,0,0,0,0,0,0,0,0,0,0
Svalbard and Jan Mayen Islands,LULUCF,Emissions (CO2),kilotonnes,0,0,0,0,0,0,0,0,0,0,0,0,0,0,0,0,0,0,0,0,0
Svalbard and Jan Mayen Islands,LULUCF,Emissions (CO2eq) from CH4 (AR5),kilotonnes,0,0,0,0,0,0,0,0,0,0,0,0,0,0,0,0,0,0,0,0,0
Svalbard and Jan Mayen Islands,LULUCF,Emissions (CO2eq) from N2O (AR5),kilotonnes,0,0,0,0,0,0,0,0,0,0,0,0,0,0,0,0,0,0,0,0,0
Svalbard and Jan Mayen Islands,LULUCF,Emissions (CO2eq) (AR5),kilotonnes,0,0,0,0,0,0,0,0,0,0,0,0,0,0,0,0,0,0,0,0,0
Svalbard and Jan Mayen Islands,AFOLU,Emissions (CH4),kilotonnes,0,0,0,0,0,0,0,0,0,0,0,0,0,0,0,0,0,0,0,0,0
Svalbard and Jan Mayen Islands,AFOLU,Emissions (N2O),kilotonnes,0,0,0,0,0,0,0,0,0,0,0,0,0,0,0,0,0,0,0,0,0
Svalbard and Jan Mayen Islands,AFOLU,Emissions (CO2),kilotonnes,0,0,0,0,0,0,0,0,0,0,0,0,0,0,0,0,0,0,0,0,0
Svalbard and Jan Mayen Islands,AFOLU,Emissions (CO2eq) from CH4 (AR5),kilotonnes,0,0,0,0,0,0,0,0,0,0,0,0,0,0,0,0,0,0,0,0,0
Svalbard and Jan Mayen Islands,AFOLU,Emissions (CO2eq) from N2O (AR5),kilotonnes,0,0,0,0,0,0,0,0,0,0,0,0,0,0,0,0,0,0,0,0,0
Svalbard and Jan Mayen Islands,AFOLU,Emissions (CO2eq) (AR5),kilotonnes,0,0,0,0,0,0,0,0,0,0,0,0,0,0,0,0,0,0,0,0,0
Svalbard and Jan Mayen Islands,All sectors with LULUCF,Emissions (CH4),kilotonnes,0,0,0,0,0,0,0,0,0,0,0,0,0,0,0,0,0,0,0,0,0
Svalbard and Jan Mayen Islands,All sectors with LULUCF,Emissions (N2O),kilotonnes,0,0,0,0,0,0,0,0,0,0,0,0,0,0,0,0,0,0,0,0,0
Svalbard and Jan Mayen Islands,All sectors with LULUCF,Emissions (CO2),kilotonnes,0,0,0,0,0,0,0,0,0,0,0,0,0,0,0,0,0,0,0,0,0
Svalbard and Jan Mayen Islands,All sectors with LULUCF,Emissions (CO2eq) from CH4 (AR5),kilotonnes,0,0,0,0,0,0,0,0,0,0,0,0,0,0,0,0,0,0,0,0,0
Svalbard and Jan Mayen Islands,All sectors with LULUCF,Emissions (CO2eq) from N2O (AR5),kilotonnes,0,0,0,0,0,0,0,0,0,0,0,0,0,0,0,0,0,0,0,0,0
Svalbard and Jan Mayen Islands,All sectors with LULUCF,Emissions (CO2eq) (AR5),kilotonnes,0,0,0,0,0,0,0,0,0,0,0,0,0,0,0,0,0,0,0,0,0
Svalbard and Jan Mayen Islands,All sectors without LULUCF,Emissions (CH4),kilotonnes,0,0,0,0,0,0,0,0,0,0,0,0,0,0,0,0,0,0,0,0,0
Svalbard and Jan Mayen Islands,All sectors without LULUCF,Emissions (N2O),kilotonnes,0,0,0,0,0,0,0,0,0,0,0,0,0,0,0,0,0,0,0,0,0
Svalbard and Jan Mayen Islands,All sectors without LULUCF,Emissions (CO2eq) from CH4 (AR5),kilotonnes,0,0,0,0,0,0,0,0,0,0,0,0,0,0,0,0,0,0,0,0,0
Svalbard and Jan Mayen Islands,All sectors without LULUCF,Emissions (CO2eq) from N2O (AR5),kilotonnes,0,0,0,0,0,0,0,0,0,0,0,0,0,0,0,0,0,0,0,0,0
Svalbard and Jan Mayen Islands,All sectors without LULUCF,Emissions (CO2eq) (AR5),kilotonnes,0,0,0,0,0,0,0,0,0,0,0,0,0,0,0,0,0,0,0,0,0
Sweden,Crop Residues,Direct emissions (N2O),kilotonnes,1.0053,0.9768,0.9666,0.945,0.9803,0.8977,0.7408,0.889,0.9228,0.9297,0.7836,0.8576,0.9204,0.898,1.0407,1.1022,0.9904,1.0856,0.633,1.1134,1.0767
Sweden,Crop Residues,Direct emissions (N2O),kilotonnes,1.2107,1.1754,1.2188,1.1548,1.2088,1.1589,1.0107,1.1487,1.1717,1.2698,1.1151,1.1603,1.2375,1.2489,1.3744,1.3766,1.2935,1.3917,0.907,1.4337,1.3812
Sweden,Crop Residues,Indirect emissions (N2O),kilotonnes,0.2262,0.2198,0.2175,0.2126,0.2206,0.202,0.1667,0.2,0.2076,0.2092,0.1763,0.193,0.2071,0.2021,0.2342,0.248,0.2228,0.2443,0.1424,0.2505,0.2422
Sweden,Crop Residues,Emissions (N2O),kilotonnes,1.2315,1.1966,1.1841,1.1576,1.2009,1.0997,0.9074,1.089,1.1304,1.1389,0.9599,1.0506,1.1275,1.1001,1.2749,1.3501,1.2132,1.3299,0.7754,1.3639,1.3189
Sweden,Crop Residues,Emissions (N2O),kilotonnes,1.2107,1.1754,1.2188,1.1548,1.2088,1.1589,1.0107,1.1487,1.1717,1.2698,1.1151,1.1603,1.2375,1.2489,1.3744,1.3766,1.2935,1.3917,0.907,1.4337,1.3812
Sweden,Crop Residues,Emissions (CO2eq) from N2O (AR5),kilotonnes,326.3506,317.0862,313.7742,306.7678,318.2395,291.4215,240.4681,288.5896,299.5685,301.8063,254.3791,278.406,298.775,291.5279,337.8462,357.7884,321.4977,352.4183,205.4916,361.4311,349.5076
Sweden,Crop Residues,Emissions (CO2eq) from N2O (AR5),kilotonnes,320.8237,311.4939,322.9848,306.0187,320.3399,307.1095,267.8474,304.3997,310.4994,336.4987,295.5054,307.4742,327.927,330.9581,364.2247,364.796,342.7749,368.8033,240.3561,379.9279,366.0064
Sweden,Crop Residues,Emissions (CO2eq) (AR5),kilotonnes,326.3506,317.0862,313.7742,306.7678,318.2395,291.4215,240.4681,288.5896,299.5685,301.8063,254.3791,278.406,298.775,291.5279,337.8462,357.7884,321.4977,352.4183,205.4916,361.4311,349.5076
Sweden,Crop Residues,Emissions (CO2eq) (AR5),kilotonnes,320.8237,311.4939,322.9848,306.0187,320.3399,307.1095,267.8474,304.3997,310.4994,336.4987,295.5054,307.4742,327.927,330.9581,364.2247,364.796,342.7749,368.8033,240.3561,379.9279,366.0064
Sweden,Burning - Crop residues,Emissions (CH4),kilotonnes,0.4337,0.4311,0.3668,0.4443,0.4357,0.3831,0.389,0.3893,0.3893,0.4048,0.4289,0.4524,0.3964,0.3492,0.4898,0.4942,0.4843,0.5097,0.4053,0.5114,0.4901
Sweden,Burning - Crop residues,Emissions (N2O),kilotonnes,0.0112,0.0112,0.0095,0.0115,0.0113,0.0099,0.0101,0.0101,0.0101,0.0105,0.0111,0.0117,0.0103,0.0091,0.0127,0.0128,0.0126,0.0132,0.0105,0.0133,0.0127
Sweden,Burning - Crop residues,Emissions (CO2eq) from CH4 (AR5),kilotonnes,12.1433,12.0707,10.2695,12.4392,12.1991,10.7278,10.8909,10.9015,10.9015,11.334,12.0083,12.6675,11.0981,9.7775,13.7132,13.8363,13.5617,14.2721,11.3483,14.3198,13.7228
Sweden,Burning - Crop residues,Emissions (CO2eq) from N2O (AR5),kilotonnes,2.9796,2.9618,2.5198,3.0522,2.9933,2.6323,2.6723,2.6749,2.6749,2.781,2.9465,3.1082,2.7231,2.3991,3.3648,3.395,3.3276,3.502,2.7845,3.5137,3.3672
Sweden,Burning - Crop residues,Emissions (CO2eq) (AR5),kilotonnes,15.1229,15.0326,12.7893,15.4914,15.1923,13.3601,13.5632,13.5764,13.5764,14.115,14.9548,15.7758,13.8212,12.1766,17.0781,17.2313,16.8894,17.7741,14.1329,17.8335,17.0899
Sweden,Enteric Fermentation,Emissions (CH4),kilotonnes,129.5556,127.2417,126.1272,123.8918,125.218,123.2867,122.1976,119.1439,119.0848,117.4156,117.0048,115.9345,115.0699,114.3657,114.2542,110.3102,110.0768,110.9199,109.339,106.7013,105.5752
Sweden,Enteric Fermentation,Emissions (CH4),kilotonnes,132.4536,131.0629,128.9303,126.9032,128.5603,127.0792,126.3047,123.9359,124.3858,122.5853,122.6159,121.3938,120.1168,120.3638,120.4241,119.9642,119.6347,120.8366,120.3552,118.3105,117.4904
Sweden,Enteric Fermentation,Emissions (CO2eq) from CH4 (AR5),kilotonnes,3627.5575,3562.7675,3531.5618,3468.9691,3506.1038,3452.0264,3421.5341,3336.0282,3334.373,3287.6363,3276.1351,3246.1659,3221.9568,3202.2398,3199.1178,3088.6861,3082.1506,3105.7561,3061.4921,2987.6356,2956.1057
Sweden,Enteric Fermentation,Emissions (CO2eq) from CH4 (AR5),kilotonnes,3708.7018,3669.7612,3610.0491,3553.2897,3599.6895,3558.2172,3536.5303,3470.2054,3482.8013,3432.3882,3433.2457,3399.0258,3363.2705,3370.1859,3371.8734,3358.9988,3349.7706,3383.4258,3369.9453,3312.6941,3289.7304
Sweden,Enteric Fermentation,Emissions (CO2eq) (AR5),kilotonnes,3627.5575,3562.7675,3531.5618,3468.9691,3506.1038,3452.0264,3421.5341,3336.0282,3334.373,3287.6363,3276.1351,3246.1659,3221.9568,3202.2398,3199.1178,3088.6861,3082.1506,3105.7561,3061.4921,2987.6356,2956.1057
Sweden,Enteric Fermentation,Emissions (CO2eq) (AR5),kilotonnes,3708.7018,3669.7612,3610.0491,3553.2897,3599.6895,3558.2172,3536.5303,3470.2054,3482.8013,3432.3882,3433.2457,3399.0258,3363.2705,3370.1859,3371.8734,3358.9988,3349.7706,3383.4258,3369.9453,3312.6941,3289.7304
Sweden,Manure Management,Emissions (CH4),kilotonnes,29.8986,29.4102,29.0601,28.7689,28.4777,28.1453,27.0552,26.6644,26.2733,25.4693,25.4212,25.0897,24.3451,24.5033,24.2955,24.3461,24.5721,23.9387,23.8953,24.0085,23.5074
Sweden,Manure Management,Emissions (CH4),kilotonnes,9.5284,10.0185,9.9423,10.2174,10.2188,10.5865,10.4035,10.2821,10.1859,10.0558,10.0667,10.1322,9.9958,10.5245,10.31,10.2711,10.4904,10.5352,10.5094,10.6416,10.6163
Sweden,Manure Management,Emissions (N2O),kilotonnes,1.1644,1.1446,1.1315,1.1112,1.1161,1.099,1.0754,1.0532,1.0477,1.0264,1.0233,1.0123,0.9981,0.9974,0.993,0.9729,0.9747,0.9688,0.9584,0.946,0.9375
Sweden,Manure Management,Emissions (N2O),kilotonnes,1.1795,1.1764,1.1833,1.1783,1.1832,1.1743,1.1562,1.1596,1.1607,1.1413,1.1471,1.1353,1.1124,1.1472,1.1413,1.1434,1.1206,1.1223,1.116,1.1072,1.1043
Sweden,Manure Management,Emissions (CO2eq) from CH4 (AR5),kilotonnes,837.162,823.4863,813.6835,805.5304,797.3763,788.0683,757.5462,746.6028,735.6532,713.1418,711.793,702.512,681.6621,686.0922,680.2739,681.6922,688.0195,670.285,669.0675,672.2378,658.2074
Sweden,Manure Management,Emissions (CO2eq) from CH4 (AR5),kilotonnes,266.7956,280.5173,278.3833,286.0862,286.1258,296.4215,291.2977,287.8982,285.2054,281.5624,281.8687,283.7012,279.8821,294.6848,288.681,287.5904,293.7316,294.9859,294.2631,297.9657,297.2562
Sweden,Manure Management,Emissions (CO2eq) from N2O (AR5),kilotonnes,308.5561,303.325,299.8424,294.4658,295.7666,291.2352,284.9679,279.0867,277.6323,271.9829,271.1633,268.2654,264.5089,264.3184,263.1399,257.8269,258.2849,256.719,253.9636,250.681,248.4261
Sweden,Manure Management,Emissions (CO2eq) from N2O (AR5),kilotonnes,312.5592,311.7338,313.5644,312.2618,313.5489,311.1967,306.3804,307.2862,307.5775,302.4561,303.9906,300.8651,294.7737,304.0078,302.4415,303.003,296.9475,297.4035,295.7531,293.4192,292.6411
Sweden,Manure Management,Emissions (CO2eq) (AR5),kilotonnes,1145.7181,1126.8113,1113.5259,1099.9961,1093.1428,1079.3036,1042.5141,1025.6895,1013.2854,985.1247,982.9563,970.7774,946.1709,950.4106,943.4139,939.5191,946.3044,927.004,923.0311,922.9188,906.6335
Sweden,Manure Management,Emissions (CO2eq) (AR5),kilotonnes,579.3548,592.2511,591.9478,598.348,599.6747,607.6182,597.678,595.1844,592.7829,584.0184,585.8594,584.5664,574.6558,598.6926,591.1225,590.5934,590.6792,592.3894,590.0161,591.385,589.8973
Sweden,Manure left on Pasture,Direct emissions (N2O),kilotonnes,1.0611,1.046,1.0326,1.0247,1.0399,1.0275,1.0262,1.0077,1.0104,1.002,1.0057,1.0059,0.9973,0.9868,0.9875,0.9569,0.9575,0.9699,0.9608,0.9366,0.9208
Sweden,Manure left on Pasture,Indirect emissions (N2O),kilotonnes,0.2545,0.2519,0.2478,0.2483,0.2523,0.2499,0.2512,0.2473,0.2485,0.2474,0.2494,0.2522,0.2497,0.2458,0.2465,0.2406,0.2404,0.2443,0.2423,0.2357,0.2303
Sweden,Manure left on Pasture,Emissions (N2O),kilotonnes,1.3156,1.2979,1.2805,1.273,1.2922,1.2774,1.2773,1.255,1.2589,1.2494,1.2551,1.2582,1.247,1.2326,1.2339,1.1976,1.1978,1.2143,1.2031,1.1723,1.151
Sweden,Manure left on Pasture,Emissions (CO2eq) from N2O (AR5),kilotonnes,348.6428,343.9512,339.3218,337.3581,342.4229,338.5043,338.4895,332.5801,333.6091,331.0957,332.6004,333.4161,330.4633,326.6451,326.9951,317.3561,317.4247,321.7832,318.8342,310.66,305.0199
Sweden,Manure left on Pasture,Emissions (CO2eq) (AR5),kilotonnes,348.6428,343.9512,339.3218,337.3581,342.4229,338.5043,338.4895,332.5801,333.6091,331.0957,332.6004,333.4161,330.4633,326.6451,326.9951,317.3561,317.4247,321.7832,318.8342,310.66,305.0199
Sweden,Manure applied to Soils,Direct emissions (N2O),kilotonnes,1.2051,1.187,1.1683,1.1503,1.1551,1.139,1.1093,1.0947,1.088,1.0649,1.0665,1.0572,1.0391,1.0406,1.0339,1.0219,1.029,1.0169,1.0103,1.0036,0.9953
Sweden,Manure applied to Soils,Direct emissions (N2O),kilotonnes,1.1866,1.1712,1.179,1.1604,1.165,1.1593,1.1378,1.1412,1.1395,1.1405,1.1412,1.1411,1.1226,1.1346,1.1225,1.1232,1.1223,1.1175,1.1079,1.0701,1.0715
Sweden,Manure applied to Soils,Indirect emissions (N2O),kilotonnes,0.5121,0.5045,0.4965,0.4889,0.4909,0.4841,0.4715,0.4652,0.4624,0.4526,0.4532,0.4493,0.4416,0.4422,0.4394,0.4343,0.4373,0.4322,0.4294,0.4265,0.423
Sweden,Manure applied to Soils,Emissions (N2O),kilotonnes,1.7172,1.6914,1.6649,1.6392,1.6461,1.6231,1.5808,1.5599,1.5504,1.5174,1.5197,1.5066,1.4807,1.4828,1.4734,1.4563,1.4663,1.4491,1.4396,1.4302,1.4183
Sweden,Manure applied to Soils,Emissions (N2O),kilotonnes,1.1866,1.1712,1.179,1.1604,1.165,1.1593,1.1378,1.1412,1.1395,1.1405,1.1412,1.1411,1.1226,1.1346,1.1225,1.1232,1.1223,1.1175,1.1079,1.0701,1.0715
Sweden,Manure applied to Soils,Emissions (CO2eq) from N2O (AR5),kilotonnes,455.0602,448.2317,441.1919,434.3927,436.211,430.1233,418.9146,413.3795,410.8506,402.1164,402.7195,399.2421,392.3891,392.9406,390.4432,385.91,388.5668,384.0121,381.499,378.9991,375.8608
Sweden,Manure applied to Soils,Emissions (CO2eq) from N2O (AR5),kilotonnes,314.4545,310.357,312.4403,307.5103,308.7296,307.2176,301.5085,302.4167,301.9565,302.2453,302.4118,302.3887,297.5016,300.6609,297.4721,297.6517,297.4185,296.1385,293.6059,283.569,283.9551
Sweden,Manure applied to Soils,Emissions (CO2eq) (AR5),kilotonnes,455.0602,448.2317,441.1919,434.3927,436.211,430.1233,418.9146,413.3795,410.8506,402.1164,402.7195,399.2421,392.3891,392.9406,390.4432,385.91,388.5668,384.0121,381.499,378.9991,375.8608
Sweden,Manure applied to Soils,Emissions (CO2eq) (AR5),kilotonnes,314.4545,310.357,312.4403,307.5103,308.7296,307.2176,301.5085,302.4167,301.9565,302.2453,302.4118,302.3887,297.5016,300.6609,297.4721,297.6517,297.4185,296.1385,293.6059,283.569,283.9551
Sweden,Synthetic Fertilizers,Direct emissions (N2O),kilotonnes,3.0913,2.939,2.904,2.8301,2.7783,2.5379,2.519,2.6259,2.9307,2.2377,2.6273,2.6941,2.3272,2.5308,2.8457,2.9893,2.9235,3.1187,2.8944,2.8704,3.3813
Sweden,Synthetic Fertilizers,Direct emissions (N2O),kilotonnes,2.9763,3.0941,2.904,2.8301,2.7783,2.5389,2.5197,2.626,2.9307,2.2377,2.64,2.6683,2.3273,2.5316,2.8457,2.9889,2.9229,3.1187,2.8944,2.8701,3.3813
Sweden,Synthetic Fertilizers,Indirect emissions (N2O),kilotonnes,1.0047,0.9552,0.9438,0.9198,0.9029,0.8248,0.8187,0.8534,0.9525,0.7273,0.8539,0.8756,0.7564,0.8225,0.9249,0.9715,0.9501,1.0136,0.9407,0.9329,1.0989
Sweden,Synthetic Fertilizers,Emissions (N2O),kilotonnes,4.0959,3.8942,3.8478,3.7499,3.6812,3.3627,3.3377,3.4793,3.8832,2.965,3.4812,3.5697,3.0836,3.3533,3.7706,3.9608,3.8737,4.1322,3.835,3.8033,4.4802
Sweden,Synthetic Fertilizers,Emissions (N2O),kilotonnes,2.9763,3.0941,2.904,2.8301,2.7783,2.5389,2.5197,2.626,2.9307,2.2377,2.64,2.6683,2.3273,2.5316,2.8457,2.9889,2.9229,3.1187,2.8944,2.8701,3.3813
Sweden,Synthetic Fertilizers,Emissions (CO2eq) from N2O (AR5),kilotonnes,1085.4157,1031.9659,1019.667,993.7339,975.5256,891.1051,884.4839,922.0041,1029.0471,785.7174,922.5228,945.9729,817.1516,888.6332,999.1964,1049.617,1026.5244,1095.0365,1016.2847,1007.8812,1187.2444
Sweden,Synthetic Fertilizers,Emissions (CO2eq) from N2O (AR5),kilotonnes,788.7157,819.9479,769.56,749.9879,736.2457,672.8153,667.7141,695.9021,776.6393,592.9943,699.6,707.0957,616.7307,670.8664,754.1105,792.0471,774.5571,826.4441,767.0073,760.5693,896.0335
Sweden,Synthetic Fertilizers,Emissions (CO2eq) (AR5),kilotonnes,1085.4157,1031.9659,1019.667,993.7339,975.5256,891.1051,884.4839,922.0041,1029.0471,785.7174,922.5228,945.9729,817.1516,888.6332,999.1964,1049.617,1026.5244,1095.0365,1016.2847,1007.8812,1187.2444
Sweden,Synthetic Fertilizers,Emissions (CO2eq) (AR5),kilotonnes,788.7157,819.9479,769.56,749.9879,736.2457,672.8153,667.7141,695.9021,776.6393,592.9943,699.6,707.0957,616.7307,670.8664,754.1105,792.0471,774.5571,826.4441,767.0073,760.5693,896.0335
Sweden,Drained organic soils,Emissions (CO2eq) (AR5),kilotonnes,8585.3974,8605.1287,8629.5522,8714.0413,8900.0156,9139.0084,9216.8464,9300.426,9424.1682,9627.741,9935.016,10196.4686,10259.101,10275.2721,10379.5009,10398.8181,10524.6087,10692.3268,11268.5638,11614.1693,11649.7335
Sweden,Drained organic soils,Emissions (CO2eq) (AR5),kilotonnes,809.6447,807.5436,804.2915,801.0535,798.7694,796.3083,791.3488,788.5107,785.0707,779.6901,775.3911,769.4588,763.4116,756.7598,752.48,750.0283,746.1282,741.7152,738.7774,735.1846,731.1023
Sweden,Drained organic soils (CO2),Emissions (CO2),kilotonnes,7231.4595,7248.082,7268.6561,7339.8279,7496.4927,7697.8233,7763.393,7833.7961,7938.024,8109.501,8368.355,8588.5779,8641.3347,8654.948,8742.7297,8758.9728,8864.9295,9006.1678,9491.3842,9782.3317,9812.276
Sweden,Drained organic soils (CO2),Emissions (CO2eq) (AR5),kilotonnes,7231.4595,7248.082,7268.6561,7339.8279,7496.4927,7697.8233,7763.393,7833.7961,7938.024,8109.501,8368.355,8588.5779,8641.3347,8654.948,8742.7297,8758.9728,8864.9295,9006.1678,9491.3842,9782.3317,9812.276
Sweden,Drained organic soils (N2O),Emissions (N2O),kilotonnes,5.1092,5.1209,5.1355,5.1857,5.2963,5.4384,5.4847,5.5345,5.6081,5.7292,5.9119,6.0675,6.1048,6.1144,6.1765,6.1881,6.2629,6.3629,6.7063,6.9126,6.9338
Sweden,Drained organic soils (N2O),Emissions (N2O),kilotonnes,3.0553,3.0473,3.0351,3.0228,3.0142,3.0049,2.9862,2.9755,2.9625,2.9422,2.926,2.9036,2.8808,2.8557,2.8395,2.8303,2.8156,2.7989,2.7878,2.7743,2.7589
Sweden,Drained organic soils (N2O),Emissions (CO2eq) from N2O (AR5),kilotonnes,1353.9379,1357.0467,1360.8961,1374.2134,1403.5229,1441.1851,1453.4534,1466.6299,1486.1442,1518.2401,1566.661,1607.8907,1617.7663,1620.3241,1636.7712,1639.8453,1659.6792,1686.159,1777.1796,1831.8376,1837.4575
Sweden,Drained organic soils (N2O),Emissions (CO2eq) from N2O (AR5),kilotonnes,809.6447,807.5436,804.2915,801.0535,798.7694,796.3083,791.3488,788.5107,785.0707,779.6901,775.3911,769.4588,763.4116,756.7598,752.48,750.0283,746.1282,741.7152,738.7774,735.1846,731.1023
Sweden,Drained organic soils (N2O),Emissions (CO2eq) (AR5),kilotonnes,1353.9379,1357.0467,1360.8961,1374.2134,1403.5229,1441.1851,1453.4534,1466.6299,1486.1442,1518.2401,1566.661,1607.8907,1617.7663,1620.3241,1636.7712,1639.8453,1659.6792,1686.159,1777.1796,1831.8376,1837.4575
Sweden,Drained organic soils (N2O),Emissions (CO2eq) (AR5),kilotonnes,809.6447,807.5436,804.2915,801.0535,798.7694,796.3083,791.3488,788.5107,785.0707,779.6901,775.3911,769.4588,763.4116,756.7598,752.48,750.0283,746.1282,741.7152,738.7774,735.1846,731.1023
Sweden,On-farm energy use,Emissions (CH4),kilotonnes,0.1316,0.1289,0.1527,0.1577,0.1535,0.1794,0.1671,0.1833,0.1799,0.1539,0.17,0.1717,0.1685,0.1679,0.1581,0.1466,0.15,0.1441,0.1204,0.1128,0.1128
Sweden,On-farm energy use,Emissions (N2O),kilotonnes,0.3569,0.374,0.4213,0.4083,0.3833,0.6069,0.5367,0.58,0.5456,0.5267,0.5466,0.5305,0.5379,0.5453,0.5292,0.4921,0.5008,0.4639,0.4376,0.4193,0.4193
Sweden,On-farm energy use,Emissions (CO2),kilotonnes,1055.1031,1092.0908,1286.6689,1312.9788,1204.2575,1746.0681,1552.951,1682.3416,1594.3493,1518.4207,1581.5238,1529.4617,1547.2119,1578.8524,1489.0173,1384.3578,1412.5502,1317.0932,1227.8897,1175.6642,1175.6642
Sweden,On-farm energy use,Emissions (CO2eq) from CH4 (AR5),kilotonnes,3.6855,3.6091,4.276,4.4152,4.2974,5.0221,4.68,5.1313,5.0364,4.3103,4.7605,4.8082,4.7168,4.7003,4.4277,4.1048,4.1987,4.0362,3.3708,3.1594,3.1594
Sweden,On-farm energy use,Emissions (CO2eq) from N2O (AR5),kilotonnes,94.5655,99.1134,111.6566,108.1895,101.5828,160.8261,142.2241,153.6995,144.5851,139.5801,144.8425,140.5926,142.5422,144.5061,140.2332,130.4046,132.7134,122.9456,115.9695,111.1167,111.1167
Sweden,On-farm energy use,Emissions (CO2eq) (AR5),kilotonnes,1153.3541,1194.8133,1402.6014,1425.5835,1310.1376,1911.9163,1699.8551,1841.1723,1743.9709,1662.3111,1731.1269,1674.8626,1694.4709,1728.0589,1633.6782,1518.8672,1549.4623,1444.075,1347.23,1289.9404,1289.9404
Sweden,Forestland,Emissions (CO2),kilotonnes,-36230.909,-51833.485,-51833.485,-51833.485,-51833.485,-51833.485,-51833.485,-51833.485,-51833.485,-51833.485,-51833.485,-54856.0833,-54856.0833,-54856.0833,-54856.0833,-54856.0833,-44979.5867,-44979.5867,-44979.5867,-44979.5867,-44979.5867
Sweden,Forestland,Emissions (CO2),kilotonnes,-42673.5942,-44096.3926,-42801.0884,-39688.7358,-32838.3036,-29246.5779,-37809.2548,-32776.7065,-39489.4174,-42680.3091,-44707.9258,-44501.5165,-45490.1715,-43863.0279,-42137.8175,-40615.3007,-39057.1181,-36883.4835,-37881.4608,-38117.5187,-39660.5599
Sweden,Forestland,Emissions (CO2eq) (AR5),kilotonnes,-36230.909,-51833.485,-51833.485,-51833.485,-51833.485,-51833.485,-51833.485,-51833.485,-51833.485,-51833.485,-51833.485,-54856.0833,-54856.0833,-54856.0833,-54856.0833,-54856.0833,-44979.5867,-44979.5867,-44979.5867,-44979.5867,-44979.5867
Sweden,Forestland,Emissions (CO2eq) (AR5),kilotonnes,-42673.5942,-44096.3926,-42801.0884,-39688.7358,-32838.3036,-29246.5779,-37809.2548,-32776.7065,-39489.4174,-42680.3091,-44707.9258,-44501.5165,-45490.1715,-43863.0279,-42137.8175,-40615.3007,-39057.1181,-36883.4835,-37881.4608,-38117.5187,-39660.5599
Sweden,Net Forest conversion,Emissions (CO2),kilotonnes,34605.4757,36621.013,36621.013,36621.013,36621.013,36621.013,36621.013,36621.013,36621.013,36621.013,36621.013,28237.8067,28237.8067,28237.8067,28237.8067,28237.8067,23845.36,23845.36,23845.36,23845.36,23845.36
Sweden,Net Forest conversion,Emissions (CO2),kilotonnes,2512.2837,1871.959,1765.6503,2640.2923,2854.1329,1391.4392,1719.5867,2808.1341,2539.6623,3444.0079,3487.2238,2458.9125,2479.2392,2481.4918,2831.0555,3588.9283,2563.5373,2356.5918,2520.5783,2641.8266,2316.1114
Sweden,Net Forest conversion,Emissions (CO2eq) (AR5),kilotonnes,34605.4757,36621.013,36621.013,36621.013,36621.013,36621.013,36621.013,36621.013,36621.013,36621.013,36621.013,28237.8067,28237.8067,28237.8067,28237.8067,28237.8067,23845.36,23845.36,23845.36,23845.36,23845.36
Sweden,Net Forest conversion,Emissions (CO2eq) (AR5),kilotonnes,2512.2837,1871.959,1765.6503,2640.2923,2854.1329,1391.4392,1719.5867,2808.1341,2539.6623,3444.0079,3487.2238,2458.9125,2479.2392,2481.4918,2831.0555,3588.9283,2563.5373,2356.5918,2520.5783,2641.8266,2316.1114
Sweden,Savanna fires,Emissions (CH4),kilotonnes,0,0,0,0,0,0,0.0227,0,0.0007,0,0,0,0,0,0.0443,0,0,0,0.1081,0,0
Sweden,Savanna fires,Emissions (N2O),kilotonnes,0,0,0,0,0,0,0.0021,0,0.0001,0,0,0,0,0,0.004,0,0,0,0.0099,0,0
Sweden,Savanna fires,Emissions (CO2eq) from CH4 (AR5),kilotonnes,0,0,0,0,0,0,0.636,0,0.0184,0,0,0,0,0,1.2408,0,0,0,3.0265,0,0
Sweden,Savanna fires,Emissions (CO2eq) from N2O (AR5),kilotonnes,0,0,0,0,0,0,0.5496,0,0.0159,0,0,0,0,0,1.0722,0,0,0,2.6153,0,0
Sweden,Savanna fires,Emissions (CO2eq) (AR5),kilotonnes,0,0,0,0,0,0,1.1857,0,0.0342,0,0,0,0,0,2.313,0,0,0,5.6417,0,0
Sweden,Fires in organic soils,Emissions (CH4),kilotonnes,0,0,0,0,0,0,0,0,0,0,0,0,0,0,0,0,0,0,0,0,0
Sweden,Fires in organic soils,Emissions (CO2),kilotonnes,0,0,0,0,0,0,0,0,0,0,0,0,0,0,0,0,0,0,0,0,0
Sweden,Fires in organic soils,Emissions (CO2eq) from CH4 (AR5),kilotonnes,0,0,0,0,0,0,0,0,0,0,0,0,0,0,0,0,0,0,0,0,0
Sweden,Fires in organic soils,Emissions (CO2eq) (AR5),kilotonnes,0,0,0,0,0,0,0,0,0,0,0,0,0,0,0,0,0,0,0,0,0
Sweden,Forest fires,Emissions (CH4),kilotonnes,0.0152,0,0,0,0,0,0.0387,0,0,0,0,0,0,0,0.5811,0,0,0,0.1736,0,0
Sweden,Forest fires,Emissions (N2O),kilotonnes,0.0008,0,0,0,0,0,0.0035,0,0,0,0,0,0,0,0.0531,0,0,0,0.0158,0,0
Sweden,Forest fires,Emissions (CO2eq) from CH4 (AR5),kilotonnes,0.4267,0,0,0,0,0,1.0838,0,0,0,0,0,0,0,16.2697,0,0,0,4.8596,0,0
Sweden,Forest fires,Emissions (CO2eq) from N2O (AR5),kilotonnes,0.2234,0,0,0,0,0,0.9365,0,0,0,0,0,0,0,14.0592,0,0,0,4.1994,0,0
Sweden,Forest fires,Emissions (CO2eq) (AR5),kilotonnes,0.6501,0,0,0,0,0,2.0203,0,0,0,0,0,0,0,30.3289,0,0,0,9.059,0,0
Sweden,Fires in humid tropical forests,Emissions (CH4),kilotonnes,0,0,0,0,0,0,0,0,0,0,0,0,0,0,0,0,0,0,0,0,0
Sweden,Fires in humid tropical forests,Emissions (N2O),kilotonnes,0,0,0,0,0,0,0,0,0,0,0,0,0,0,0,0,0,0,0,0,0
Sweden,Fires in humid tropical forests,Emissions (CO2eq) from CH4 (AR5),kilotonnes,0,0,0,0,0,0,0,0,0,0,0,0,0,0,0,0,0,0,0,0,0
Sweden,Fires in humid tropical forests,Emissions (CO2eq) from N2O (AR5),kilotonnes,0,0,0,0,0,0,0,0,0,0,0,0,0,0,0,0,0,0,0,0,0
Sweden,Fires in humid tropical forests,Emissions (CO2eq) (AR5),kilotonnes,0,0,0,0,0,0,0,0,0,0,0,0,0,0,0,0,0,0,0,0,0
Sweden,Waste - agri-food systems,Emissions (CH4),kilotonnes,42.1433,43.0042,71.0798,69.2601,65.3659,59.2956,66.3714,70.3858,21.9723,22.1522,22.148,22.1386,20.7217,20.9492,20.9158,20.5618,20.8845,21.6794,22.4479,23.1947,23.8966
Sweden,Waste - agri-food systems,Emissions (N2O),kilotonnes,0.4525,0.4932,0.5219,0.5229,0.5066,0.5304,0.5343,0.5225,0.5428,0.5426,0.5498,0.544,0.5261,0.5419,0.5486,0.5562,0.5506,0.582,0.6063,0.63,0.6522
Sweden,Waste - agri-food systems,Emissions (CO2),kilotonnes,96.0704,95.7746,96.1257,96.9495,97.4661,97.5329,97.8097,98.3554,98.5471,97.924,98.3892,98.9248,98.7846,99.005,98.9745,98.457,98.5326,98.708,98.8042,98.6595,98.7111
Sweden,Waste - agri-food systems,Emissions (CO2eq) from CH4 (AR5),kilotonnes,1180.0114,1204.1178,1990.2351,1939.2839,1830.2458,1660.2757,1858.3988,1970.802,615.2241,620.2624,620.1431,619.8811,580.2063,586.5764,585.6428,575.7293,584.7674,607.0226,628.5398,649.4505,669.1046
Sweden,Waste - agri-food systems,Emissions (CO2eq) from N2O (AR5),kilotonnes,119.9039,130.6972,138.2937,138.5644,134.2384,140.5574,141.5781,138.4681,143.8505,143.8022,145.7015,144.1495,139.413,143.6153,145.3744,147.4002,145.9095,154.2228,160.6726,166.9395,172.8219
Sweden,Waste - agri-food systems,Emissions (CO2eq) (AR5),kilotonnes,1395.9856,1430.5897,2224.6545,2174.7978,2061.9503,1898.3659,2097.7866,2207.6255,857.6216,861.9886,864.2339,862.9555,818.4039,829.1967,829.9917,821.5865,829.2094,859.9535,888.0166,915.0494,940.6376
Sweden,On-farm electricity use,Emissions (CH4),kilotonnes,1.4279,1.5731,1.5743,1.4843,1.4951,1.8287,2.3399,2.4899,1.9055,2.1923,1.5095,1.4351,1.0488,1.4927,1.4388,1.5119,1.5491,1.3728,1.4279,1.4258,1.4258
Sweden,On-farm electricity use,Emissions (N2O),kilotonnes,0.0076,0.0084,0.0084,0.0079,0.008,0.0098,0.0125,0.0133,0.0102,0.0117,0.0081,0.0077,0.0056,0.008,0.0077,0.0081,0.0083,0.0074,0.0077,0.0076,0.0076
Sweden,On-farm electricity use,Emissions (CO2),kilotonnes,25.8176,29.0671,38.2007,48.0367,28.3921,29.6354,44.0794,36.2617,28.403,34.0639,33.1225,20.5185,10.8008,26.5619,25.6011,26.9035,27.5655,24.4267,25.4089,25.3705,25.3705
Sweden,On-farm electricity use,Emissions (CO2eq) from CH4 (AR5),kilotonnes,39.9812,44.0468,44.0804,41.5604,41.8628,51.2036,65.5172,69.7172,53.354,61.3844,42.266,40.1828,29.3664,41.7956,40.2864,42.3332,43.3748,38.4384,39.9812,39.9224,39.9224
Sweden,On-farm electricity use,Emissions (CO2eq) from N2O (AR5),kilotonnes,2.014,2.226,2.226,2.0935,2.12,2.597,3.3125,3.5245,2.703,3.1005,2.1465,2.0405,1.484,2.12,2.0405,2.1465,2.1995,1.961,2.0405,2.014,2.014
Sweden,On-farm electricity use,Emissions (CO2eq) (AR5),kilotonnes,67.8128,75.3399,84.5071,91.6906,72.3749,83.436,112.9091,109.5034,84.46,98.5488,77.535,62.7418,41.6512,70.4775,67.928,71.3832,73.1398,64.8261,67.4306,67.3069,67.3069
Sweden,Food Processing,Emissions (CH4),kilotonnes,3.6182,3.4519,3.2532,2.9999,3.0553,2.9462,2.9506,2.9798,3.0178,2.8842,3.113,3.0158,2.9738,2.9005,2.9621,2.9167,2.9094,2.8952,2.8645,2.8645,2.9936
Sweden,Food Processing,Emissions (N2O),kilotonnes,0.0243,0.0238,0.0228,0.0218,0.0216,0.02,0.0198,0.0194,0.0198,0.0189,0.0202,0.0194,0.019,0.0185,0.0187,0.0183,0.0182,0.0182,0.0177,0.0177,0.016
Sweden,Food Processing,Emissions (CO2),kilotonnes,876.238,921.6797,962.1276,1046.7934,917.7211,718.9836,710.5007,608.7679,626.8674,630.5136,657.458,610.3966,597.4916,568.212,546.613,507.5394,517.6882,501.2172,463.0145,463.0145,421.7558
Sweden,Food Processing,Emissions (CO2eq) from CH4 (AR5),kilotonnes,101.3096,96.6532,91.0896,83.9972,85.5484,82.4936,82.6168,83.4344,84.4984,80.7576,87.164,84.4424,83.2664,81.214,82.9388,81.6676,81.4632,81.0656,80.206,80.206,83.8204
Sweden,Food Processing,Emissions (CO2eq) from N2O (AR5),kilotonnes,6.4395,6.307,6.042,5.777,5.724,5.3,5.247,5.141,5.247,5.0085,5.353,5.141,5.035,4.9025,4.9555,4.8495,4.823,4.823,4.6905,4.6905,4.2401
Sweden,Food Processing,Emissions (CO2eq) (AR5),kilotonnes,983.9871,1024.6399,1059.2592,1136.5676,1008.9935,806.7772,798.3645,697.3433,716.6128,716.2797,749.975,699.98,685.793,654.3285,634.5073,594.0565,603.9744,587.1058,547.911,547.911,509.8163
Sweden,Food Packaging,Emissions (CH4),kilotonnes,4.5226,4.6642,4.8122,5.1136,5.1223,5.3036,5.4741,5.8284,5.8043,5.2706,5.5381,5.6886,5.7611,5.6086,0.8618,5.459,5.7252,5.8117,5.8154,6.271,6.5536
Sweden,Food Packaging,Emissions (N2O),kilotonnes,0.0284,0.0287,0.0295,0.0308,0.0311,0.0317,0.0323,0.034,0.0338,0.0305,0.0324,0.0328,0.0329,0.0319,0.0063,0.0309,0.0324,0.0328,0.0329,0.0355,0.0321
Sweden,Food Packaging,Emissions (CO2),kilotonnes,645.3245,600.0153,633.8066,669.2414,593.3145,526.3863,515.3607,467.764,456.9189,412.2406,494.0251,419.8801,384.722,372.8482,262.2956,363.9838,357.5019,383.8005,394.5707,414.1203,377.2185
Sweden,Food Packaging,Emissions (CO2eq) from CH4 (AR5),kilotonnes,126.6328,130.5976,134.7416,143.1808,143.4244,148.5008,153.2748,163.1952,162.5204,147.5768,155.0668,159.2808,161.3108,157.0408,24.1304,152.852,160.3056,162.7276,162.8312,175.588,183.5008
Sweden,Food Packaging,Emissions (CO2eq) from N2O (AR5),kilotonnes,7.526,7.6055,7.8175,8.162,8.2415,8.4005,8.5595,9.01,8.957,8.0825,8.586,8.692,8.7185,8.4535,1.6695,8.1885,8.586,8.692,8.7185,9.4075,8.5041
Sweden,Food Packaging,Emissions (CO2eq) (AR5),kilotonnes,779.4833,738.2184,776.3657,820.5842,744.9804,683.2876,677.195,639.9692,628.3963,567.8999,657.6779,587.8529,554.7513,538.3425,288.0955,525.0243,526.3935,555.2201,566.1204,599.1158,569.2234
Sweden,Food Retail,Emissions (CH4),kilotonnes,4.2573,4.6988,4.702,4.6243,4.6374,4.4729,4.5909,4.7162,4.6907,4.562,4.7524,4.2489,4.4809,4.4458,4.4987,4.6478,4.8467,4.6287,4.7271,4.7807,4.9961
Sweden,Food Retail,Emissions (N2O),kilotonnes,0.0254,0.0279,0.0278,0.0274,0.0269,0.0251,0.0256,0.0262,0.026,0.0252,0.0264,0.0237,0.0248,0.0246,0.0248,0.0256,0.0267,0.0255,0.026,0.0258,0.0233
Sweden,Food Retail,Emissions (CO2),kilotonnes,447.0144,462.1908,486.3107,538.1013,386.3402,242.6745,251.913,239.7605,223.7116,202.1848,263.4734,209.103,184.9954,205.2994,202.6056,200.7859,203.1784,190.0151,198.4717,135.9879,123.8702
Sweden,Food Retail,Emissions (CO2eq) from F-gases (AR5),kilotonnes,675.35,800.03,913.281,1038.4805,1158.485,1308.6205,1431.742,1554.8635,1575.124,1586.0335,1592.2675,1595.904,1598.5015,1601.099,1601.099,1601.099,1721.1035,1752.2735,1783.963,1815.133,1796.7053
Sweden,Food Retail,Emissions (CO2eq) from CH4 (AR5),kilotonnes,119.2044,131.5664,131.656,129.4804,129.8472,125.2412,128.5452,132.0536,131.3396,127.736,133.0672,118.9692,125.4652,124.4824,125.9636,130.1384,135.7076,129.6036,132.3588,133.8596,139.8919
Sweden,Food Retail,Emissions (CO2eq) from N2O (AR5),kilotonnes,6.731,7.3935,7.367,7.261,7.1285,6.6515,6.784,6.943,6.89,6.678,6.996,6.2805,6.572,6.519,6.572,6.784,7.0755,6.7575,6.89,6.837,6.1805
Sweden,Food Retail,Emissions (CO2eq) (AR5),kilotonnes,1248.2998,1401.1807,1538.6147,1713.3232,1681.8009,1683.1877,1818.9842,1933.6206,1937.0652,1922.6323,1995.8041,1930.2567,1915.5341,1937.3998,1936.2402,1938.8073,2067.065,2078.6497,2121.6835,2091.8175,2066.6478
Sweden,Food Household Consumption,Emissions (CH4),kilotonnes,4.8677,4.8845,4.7988,4.8575,4.7778,4.9317,4.789,4.5723,4.4882,4.7186,5.296,4.8769,5.0553,5.0078,4.7536,4.9475,5.1226,5.1932,5.1857,5.1857,5.4194
Sweden,Food Household Consumption,Emissions (N2O),kilotonnes,0.0278,0.0279,0.0272,0.0274,0.0267,0.0278,0.0266,0.0252,0.0247,0.0257,0.0289,0.0265,0.0273,0.0271,0.0257,0.0267,0.0276,0.028,0.0279,0.0279,0.0252
Sweden,Food Household Consumption,Emissions (CO2),kilotonnes,366.093,358.0105,347.2724,375.6971,249.6241,281.9626,232.6209,181.7591,164.1083,161.3239,193.8487,132.0868,106.8408,138.1739,127.0615,129.8053,126.0222,128.749,126.8476,126.8476,115.5443
Sweden,Food Household Consumption,Emissions (CO2eq) from CH4 (AR5),kilotonnes,136.2956,136.766,134.3664,136.01,133.7784,138.0876,134.092,128.0244,125.6696,132.1208,148.288,136.5532,141.5484,140.2184,133.1008,138.53,143.4328,145.4096,145.1996,145.1996,151.7429
Sweden,Food Household Consumption,Emissions (CO2eq) from N2O (AR5),kilotonnes,7.367,7.3935,7.208,7.261,7.0755,7.367,7.049,6.678,6.5455,6.8105,7.6585,7.0225,7.2345,7.1815,6.8105,7.0755,7.314,7.42,7.3935,7.3935,6.6835
Sweden,Food Household Consumption,Emissions (CO2eq) (AR5),kilotonnes,509.7556,502.17,488.8468,518.9681,390.478,427.4172,373.7619,316.4615,296.3234,300.2552,349.7952,275.6625,255.6237,285.5738,266.9728,275.4108,276.769,281.5786,279.4407,279.4407,273.9708
Sweden,Food Transport,Emissions (CH4),kilotonnes,0.2965,0.2757,0.2633,0.246,0.2238,0.204,0.192,0.1795,0.1588,0.1466,0.1348,0.1233,0.1123,0.1054,0.1056,0.083,0.0804,0.0717,0.0641,0,0
Sweden,Food Transport,Emissions (N2O),kilotonnes,0.0799,0.0761,0.0749,0.0714,0.0671,0.0607,0.0594,0.0589,0.0557,0.0538,0.0525,0.0517,0.0507,0.0505,0.0521,0.0517,0.0522,0.0513,0.0465,0.0478,0.0432
Sweden,Food Transport,Emissions (CO2),kilotonnes,1581.6885,1581.7385,1603.876,1624.0845,1647.8165,1676.843,1671.8644,1678.418,1631.693,1602.3694,1630.9995,1584.4295,1519.8215,1495.6744,1513.1565,1488.1515,1500.3065,1483.0215,1343.3116,1560.7646,1421.6866
Sweden,Food Transport,Emissions (CO2eq) from CH4 (AR5),kilotonnes,8.302,7.7196,7.3724,6.888,6.2664,5.712,5.376,5.026,4.4464,4.1048,3.7744,3.4524,3.1444,2.9512,2.9568,2.324,2.2512,2.0076,1.7948,0,0
Sweden,Food Transport,Emissions (CO2eq) from N2O (AR5),kilotonnes,21.1735,20.1665,19.8485,18.921,17.7815,16.0855,15.741,15.6085,14.7605,14.257,13.9125,13.7005,13.4355,13.3825,13.8065,13.7005,13.833,13.5945,12.3225,12.667,11.4506
Sweden,Food Transport,Emissions (CO2eq) (AR5),kilotonnes,1611.164,1609.6246,1631.0969,1649.8935,1671.8644,1698.6405,1692.9814,1699.0525,1650.8999,1620.7312,1648.6864,1601.5824,1536.4014,1512.0081,1529.9198,1504.176,1516.3907,1498.6236,1357.4289,1573.4316,1433.1372
Sweden,Energy,Emissions (CH4),kilotonnes,37.7,35.1,35.1,36.3,37.1,38.6,38.2,38.9,39.9,40.4,42.6,46.7,49.4,44.8,44.5,44.9,45.7,46,44.9,46.6,48.7
Sweden,Energy,Emissions (N2O),kilotonnes,3.58,3.49,3.77,3.83,3.79,3.51,3.46,3.44,3.52,3.52,3.73,3.39,3.33,3.29,3.1,3.1,3.14,3.16,3.11,3.02,2.73
Sweden,Energy,Emissions (CO2),kilotonnes,49500,51700,57700,54500,54000,51100,50700,48500,49600,43500,52600,51300,46600,44100,42800,35700,42400,38500,37900,40400,36800
Sweden,Energy,Emissions (CO2eq) from CH4 (AR5),kilotonnes,1055.6,982.8,982.8,1016.4,1038.8,1080.8,1069.6,1089.2,1117.2,1131.2,1192.8,1307.6,1383.2,1254.4,1246,1257.2,1279.6,1288,1257.2,1304.8,1363.6
Sweden,Energy,Emissions (CO2eq) from N2O (AR5),kilotonnes,948.7,924.85,999.05,1014.95,1004.35,930.15,916.9,911.6,932.8,932.8,988.45,898.35,882.45,871.85,821.5,821.5,832.1,837.4,824.15,800.3,723.45
Sweden,Energy,Emissions (CO2eq) (AR5),kilotonnes,51504.3,53607.65,59681.85,56531.35,56043.15,53110.95,52686.5,50500.8,51650,45564,54781.25,53505.95,48865.65,46226.25,44867.5,37778.7,44511.7,40625.4,39981.35,42505.1,38887.05
Sweden,IPPU,Emissions (CH4),kilotonnes,0.963,1.02,1.05,1.07,1.1,1.08,1.06,1.07,1.03,0.908,0.913,0.957,0.899,0.914,0.949,0.969,0.961,0.989,0.966,1.09,1.02
Sweden,IPPU,Emissions (N2O),kilotonnes,3.07,2.24,2.12,2.12,2.11,25,28,26.6,21,17.8,18.5,16.8,13.7,13.6,13.6,13.5,13.6,13.6,9.26,8.47,2.41
Sweden,IPPU,Emissions (CO2),kilotonnes,4250,4620,4760,4800,5110,5130,5290,5210,5280,4650,5030,5320,5300,5240,5260,5460,5510,5490,5390,5210,4440
Sweden,IPPU,Emissions (CO2eq) from F-gases (AR5),kilotonnes,1972.6618,2089.2724,2225.318,2303.0584,2419.6689,2594.5847,2750.0655,2915.2637,2983.2866,2380.7987,2788.9357,2507.1268,2264.1882,2108.7074,2235.0355,2254.4706,2303.0584,2157.2952,2001.8144,1914.3565,1894.9214
Sweden,IPPU,Emissions (CO2eq) from CH4 (AR5),kilotonnes,26.964,28.56,29.4,29.96,30.8,30.24,29.68,29.96,28.84,25.424,25.564,26.796,25.172,25.592,26.572,27.132,26.908,27.692,27.048,30.52,28.56
Sweden,IPPU,Emissions (CO2eq) from N2O (AR5),kilotonnes,813.55,593.6,561.8,561.8,559.15,6625,7420,7049,5565,4717,4902.5,4452,3630.5,3604,3604,3577.5,3604,3604,2453.9,2244.55,638.65
Sweden,IPPU,Emissions (CO2eq) (AR5),kilotonnes,7063.1758,7331.4324,7576.518,7694.8184,8119.6189,14379.8247,15489.7455,15204.2237,13857.1266,11773.2227,12746.9997,12305.9228,11219.8602,10978.2994,11125.6075,11319.1026,11443.9664,11278.9872,9872.7624,9399.4265,7002.1314
Sweden,Waste,Emissions (CH4),kilotonnes,360,360,374,382,397,290,351,346,329,321,313,308,306,294,282,280,282,290,270,237,219
Sweden,Waste,Emissions (N2O),kilotonnes,0.615,0.617,0.619,0.642,0.653,0.677,0.678,0.689,0.701,0.714,0.713,0.728,0.715,0.714,0.718,0.724,0.729,0.73,0.705,0.703,0.697
Sweden,Waste,Emissions (CO2),kilotonnes,30,33.4,35.1,131,139,135,131,150,156,174,167,174,169,164,164,166,158,161,164,154,145
Sweden,Waste,Emissions (CO2eq) from CH4 (AR5),kilotonnes,10080,10080,10472,10696,11116,8120,9828,9688,9212,8988,8764,8624,8568,8232,7896,7840,7896,8120,7560,6636,6132
Sweden,Waste,Emissions (CO2eq) from N2O (AR5),kilotonnes,162.975,163.505,164.035,170.13,173.045,179.405,179.67,182.585,185.765,189.21,188.945,192.92,189.475,189.21,190.27,191.86,193.185,193.45,186.825,186.295,184.705
Sweden,Waste,Emissions (CO2eq) (AR5),kilotonnes,10272.975,10276.905,10671.135,10997.13,11428.045,8434.405,10138.67,10020.585,9553.765,9351.21,9119.945,8990.92,8926.475,8585.21,8250.27,8197.86,8247.185,8474.45,7910.825,6976.295,6461.705
Sweden,Other,Emissions (N2O),kilotonnes,1.77,1.66,1.62,1.59,1.51,1.45,1.42,1.36,1.25,1.2,1.3,1.18,1.11,1.07,1.04,0.978,0.979,0.952,0.898,0.835,0.791
Sweden,Other,Emissions (CO2eq) from N2O (AR5),kilotonnes,469.05,439.9,429.3,421.35,400.15,384.25,376.3,360.4,331.25,318,344.5,312.7,294.15,283.55,275.6,259.17,259.435,252.28,237.97,221.275,209.615
Sweden,Other,Emissions (CO2eq) (AR5),kilotonnes,469.05,439.9,429.3,421.35,400.15,384.25,376.3,360.4,331.25,318,344.5,312.7,294.15,283.55,275.6,259.17,259.435,252.28,237.97,221.275,209.615
Sweden,Farm-gate emissions,Emissions (CH4),kilotonnes,160.0196,157.2119,155.7068,153.2626,154.2849,151.9944,149.8317,146.3808,145.9279,143.4437,143.0249,141.6483,139.9798,139.3861,139.2419,135.2971,135.2832,135.5125,133.868,131.334,129.6855
Sweden,Farm-gate emissions,Direct emissions (N2O),kilotonnes,6.3627,6.1488,6.0715,5.9502,5.9536,5.6021,5.3953,5.6173,5.9519,5.2343,5.4831,5.6149,5.284,5.4562,5.9078,6.0703,5.9003,6.1911,5.4985,5.9241,6.374
Sweden,Farm-gate emissions,Indirect emissions (N2O),kilotonnes,1.9975,1.9313,1.9057,1.8696,1.8667,1.7608,1.708,1.766,1.871,1.6364,1.7329,1.7701,1.6548,1.7126,1.8449,1.8945,1.8506,1.9344,1.7548,1.8456,1.9944
Sweden,Farm-gate emissions,Emissions (N2O),kilotonnes,15.0019,14.7309,14.675,14.5365,14.6274,14.5171,14.2122,14.5609,15.0344,14.1635,14.7088,15.0071,14.5899,14.8351,15.4682,15.6307,15.502,15.9342,15.3759,16.0608,16.6717
Sweden,Farm-gate emissions,Emissions (CO2),kilotonnes,8286.5626,8340.1727,8555.325,8652.8066,8700.7502,9443.8914,9316.3439,9516.1377,9532.3734,9627.9217,9949.8788,10118.0396,10188.5466,10233.8004,10231.747,10143.3306,10277.4797,10323.261,10719.274,10957.9959,10987.9403
Sweden,Farm-gate emissions,Emissions (CO2eq) from CH4 (AR5),kilotonnes,4480.5483,4401.9337,4359.7907,4291.3539,4319.9765,4255.8446,4195.2872,4098.6637,4085.9824,4016.4223,4004.697,3966.1537,3919.4337,3902.8099,3898.7734,3788.3194,3787.9305,3794.3494,3748.3051,3677.3527,3631.1952
Sweden,Farm-gate emissions,Emissions (CO2eq) from N2O (AR5),kilotonnes,3975.5084,3903.682,3888.8698,3852.1734,3876.2645,3847.0328,3766.2233,3858.6443,3984.1277,3753.3199,3897.8351,3976.894,3866.3196,3931.2944,4099.0622,4142.1433,4108.0188,4222.5758,4074.622,4256.1204,4418.0002
Sweden,Farm-gate emissions,Emissions (CO2eq) (AR5),kilotonnes,16742.6192,16645.7884,16803.9855,16796.3339,16896.9911,17546.7688,17277.8545,17473.4457,17602.4835,17397.664,17852.4109,18061.0874,17974.3,18067.9047,18229.5826,18073.7933,18173.429,18340.1862,18542.201,18891.4691,19037.1356
Sweden,Land Use change,Emissions (CH4),kilotonnes,0,0,0,0,0,0,0,0,0,0,0,0,0,0,0,0,0,0,0,0,0
Sweden,Land Use change,Emissions (N2O),kilotonnes,0,0,0,0,0,0,0,0,0,0,0,0,0,0,0,0,0,0,0,0,0
Sweden,Land Use change,Emissions (CO2),kilotonnes,34605.4757,36621.013,36621.013,36621.013,36621.013,36621.013,36621.013,36621.013,36621.013,36621.013,36621.013,28237.8067,28237.8067,28237.8067,28237.8067,28237.8067,23845.36,23845.36,23845.36,23845.36,23845.36
Sweden,Land Use change,Emissions (CO2eq) from CH4 (AR5),kilotonnes,0,0,0,0,0,0,0,0,0,0,0,0,0,0,0,0,0,0,0,0,0
Sweden,Land Use change,Emissions (CO2eq) from N2O (AR5),kilotonnes,0,0,0,0,0,0,0,0,0,0,0,0,0,0,0,0,0,0,0,0,0
Sweden,Land Use change,Emissions (CO2eq) (AR5),kilotonnes,34605.4757,36621.013,36621.013,36621.013,36621.013,36621.013,36621.013,36621.013,36621.013,36621.013,36621.013,28237.8067,28237.8067,28237.8067,28237.8067,28237.8067,23845.36,23845.36,23845.36,23845.36,23845.36
Sweden,Emissions on agricultural land,Emissions (CH4),kilotonnes,160.0196,157.2119,155.7068,153.2626,154.2849,151.9944,149.8317,146.3808,145.9279,143.4437,143.0249,141.6483,139.9798,139.3861,139.2419,135.2971,135.2832,135.5125,133.868,131.334,129.6855
Sweden,Emissions on agricultural land,Emissions (N2O),kilotonnes,15.0019,14.7309,14.675,14.5365,14.6274,14.5171,14.2122,14.5609,15.0344,14.1635,14.7088,15.0071,14.5899,14.8351,15.4682,15.6307,15.502,15.9342,15.3759,16.0608,16.6717
Sweden,Emissions on agricultural land,Emissions (CO2),kilotonnes,42892.0382,44961.1857,45176.338,45273.8196,45321.7632,46064.9044,45937.3569,46137.1507,46153.3864,46248.9347,46570.8918,38355.8463,38426.3533,38471.6071,38469.5537,38381.1373,34122.8397,34168.621,34564.634,34803.3559,34833.3003
Sweden,Emissions on agricultural land,Emissions (CO2eq) from CH4 (AR5),kilotonnes,4480.5483,4401.9337,4359.7907,4291.3539,4319.9765,4255.8446,4195.2872,4098.6637,4085.9824,4016.4223,4004.697,3966.1537,3919.4337,3902.8099,3898.7734,3788.3194,3787.9305,3794.3494,3748.3051,3677.3527,3631.1952
Sweden,Emissions on agricultural land,Emissions (CO2eq) from N2O (AR5),kilotonnes,3975.5084,3903.682,3888.8698,3852.1734,3876.2645,3847.0328,3766.2233,3858.6443,3984.1277,3753.3199,3897.8351,3976.894,3866.3196,3931.2944,4099.0622,4142.1433,4108.0188,4222.5758,4074.622,4256.1204,4418.0002
Sweden,Emissions on agricultural land,Emissions (CO2eq) (AR5),kilotonnes,51348.0949,53266.8014,53424.9985,53417.3469,53518.0041,54167.7818,53898.8675,54094.4587,54223.4965,54018.677,54473.4239,46298.894,46212.1066,46305.7113,46467.3893,46311.6,42018.789,42185.5462,42387.561,42736.8291,42882.4956
Sweden,Pre- and post- production,Emissions (CH4),kilotonnes,61.1335,62.5524,90.4836,88.5857,84.6776,78.9827,86.7079,91.1519,42.0376,41.9265,42.4918,41.5272,40.1539,40.51,35.5364,40.1277,41.1179,41.6527,42.5326,43.7224,45.2851
Sweden,Pre- and post- production,Emissions (N2O),kilotonnes,0.6459,0.686,0.7125,0.7096,0.688,0.7055,0.7105,0.6995,0.713,0.7084,0.7183,0.7058,0.6864,0.7025,0.6839,0.7175,0.716,0.7452,0.765,0.7923,0.7996
Sweden,Pre- and post- production,Emissions (CO2),kilotonnes,4038.2464,4048.4765,4167.7197,4398.9039,3920.6746,3574.0183,3524.1488,3311.0866,3230.2493,3140.6202,3371.3164,3075.3393,2903.4567,2905.7748,2776.3078,2815.6264,2830.7953,2809.938,2650.4292,2824.7649,2584.157
Sweden,Pre- and post- production,Emissions (CO2eq) from F-gases (AR5),kilotonnes,675.35,800.03,913.281,1038.4805,1158.485,1308.6205,1431.742,1554.8635,1575.124,1586.0335,1592.2675,1595.904,1598.5015,1601.099,1601.099,1601.099,1721.1035,1752.2735,1783.963,1815.133,1796.7053
Sweden,Pre- and post- production,Emissions (CO2eq) from CH4 (AR5),kilotonnes,1711.737,1751.4674,2533.5415,2480.4007,2370.9734,2211.5145,2427.8208,2552.2528,1177.0525,1173.9428,1189.7695,1162.7619,1124.3079,1134.2788,995.0196,1123.5745,1151.3026,1166.275,1190.9114,1224.2261,1267.983
Sweden,Pre- and post- production,Emissions (CO2eq) from N2O (AR5),kilotonnes,171.1549,181.7892,188.8027,188.0399,182.3094,186.9589,188.2711,185.3731,188.9535,187.7392,190.354,187.0265,181.8925,186.1743,181.2289,190.1447,189.7405,197.4708,202.7281,209.949,211.8947
Sweden,Pre- and post- production,Emissions (CO2eq) (AR5),kilotonnes,6596.4882,6781.7632,7803.3449,8105.825,7632.4424,7281.1121,7571.9827,7603.576,6171.3792,6088.3357,6343.7075,6021.0318,5808.1586,5827.3269,5553.6553,5730.4446,5892.9418,5925.9574,5828.0317,6074.0729,5860.74
Sweden,Agri-food systems,Emissions (CH4),kilotonnes,221.153,219.7643,246.1904,241.8484,238.9625,230.9771,236.5396,237.5327,187.9655,185.3702,185.5167,183.1756,180.1336,179.896,174.7783,175.4248,176.4012,177.1652,176.4006,175.0564,174.9706
Sweden,Agri-food systems,Emissions (N2O),kilotonnes,15.6478,15.4169,15.3874,15.2461,15.3154,15.2226,14.9226,15.2604,15.7475,14.8719,15.4271,15.7129,15.2763,15.5376,16.152,16.3483,16.218,16.6794,16.1409,16.8531,17.4713
Sweden,Agri-food systems,Emissions (CO2),kilotonnes,46930.2846,49009.6622,49344.0577,49672.7235,49242.4378,49638.9226,49461.5057,49448.2373,49383.6356,49389.5549,49942.2082,41431.1856,41329.81,41377.3819,41245.8615,41196.7637,36953.635,36978.559,37215.0632,37628.1208,37417.4573
Sweden,Agri-food systems,Emissions (CO2eq) from F-gases (AR5),kilotonnes,675.35,800.03,913.281,1038.4805,1158.485,1308.6205,1431.742,1554.8635,1575.124,1586.0335,1592.2675,1595.904,1598.5015,1601.099,1601.099,1601.099,1721.1035,1752.2735,1783.963,1815.133,1796.7053
Sweden,Agri-food systems,Emissions (CO2eq) from CH4 (AR5),kilotonnes,6192.2853,6153.4011,6893.3322,6771.7546,6690.9499,6467.359,6623.108,6650.9165,5263.0349,5190.3651,5194.4665,5128.9157,5043.7416,5037.0886,4893.793,4911.8938,4939.2331,4960.6244,4939.2166,4901.5788,4899.1782
Sweden,Agri-food systems,Emissions (CO2eq) from N2O (AR5),kilotonnes,4146.6633,4085.4712,4077.6725,4040.2133,4058.5739,4033.9917,3954.4944,4044.0174,4173.0812,3941.0591,4088.1891,4163.9206,4048.2121,4117.4687,4280.2911,4332.288,4297.7593,4420.0466,4277.35,4466.0694,4629.8949
Sweden,Agri-food systems,Emissions (CO2eq) (AR5),kilotonnes,57944.5831,60048.5646,61228.3434,61523.1719,61150.4465,61448.8939,61470.8502,61698.0347,60394.8757,60107.0127,60817.1314,52319.9258,52020.2652,52133.0383,52021.0446,52042.0446,47911.7309,48111.5035,48215.5927,48810.902,48743.2356
Sweden,IPCC Agriculture,Emissions (CH4),kilotonnes,159.888,157.083,155.5541,153.105,154.1314,151.8151,149.6645,146.1976,145.7481,143.2897,142.8549,141.4766,139.8113,139.2182,139.0838,135.1505,135.1333,135.3683,133.7477,131.2212,129.5727
Sweden,IPCC Agriculture,Emissions (CH4),kilotonnes,141.982,141.0814,138.8726,137.1206,138.7791,137.6657,136.7081,134.218,134.5717,132.6411,132.6827,131.526,130.1126,130.8882,130.7341,130.2353,130.1251,131.3718,130.8646,128.9521,128.1067
Sweden,IPCC Agriculture,Direct emissions (N2O),kilotonnes,6.3627,6.1488,6.0715,5.9502,5.9536,5.6021,5.3953,5.6173,5.9519,5.2343,5.4831,5.6149,5.284,5.4562,5.9078,6.0703,5.9003,6.1911,5.4985,5.9241,6.374
Sweden,IPCC Agriculture,Indirect emissions (N2O),kilotonnes,1.9975,1.9313,1.9057,1.8696,1.8667,1.7608,1.708,1.766,1.871,1.6364,1.7329,1.7701,1.6548,1.7126,1.8449,1.8945,1.8506,1.9344,1.7548,1.8456,1.9944
Sweden,IPCC Agriculture,Emissions (N2O),kilotonnes,14.6451,14.3569,14.2536,14.1282,14.2441,13.9102,13.6755,13.9809,14.4888,13.6368,14.1622,14.4766,14.052,14.2898,14.939,15.1386,15.0012,15.4703,14.9383,15.6415,16.2524
Sweden,IPCC Agriculture,Emissions (N2O),kilotonnes,12.4991,12.5439,12.2785,12.1378,12.0924,11.7021,11.4334,11.6083,11.7458,11.0577,11.423,11.4978,11.3078,11.4972,11.7686,11.8891,11.7753,12.2217,11.6734,11.6677,12.0982
Sweden,IPCC Agriculture,Emissions (CO2),kilotonnes,159.6755,139.9627,133.3059,129.9295,123.2338,116.5014,89.6134,115.5819,104.5915,114.5402,123.8001,123.8655,142.1187,142.5635,123.3251,124.4825,128.1152,127.5381,128.5488,122.8464,122.5706
Sweden,IPCC Agriculture,Emissions (CO2eq) from CH4 (AR5),kilotonnes,4476.8628,4398.3245,4355.5147,4286.9386,4315.6791,4250.8225,4190.6072,4093.5325,4080.946,4012.112,3999.9364,3961.3455,3914.717,3898.1095,3894.3457,3784.2146,3783.7318,3790.3132,3744.9343,3674.1933,3628.0358
Sweden,IPCC Agriculture,Emissions (CO2eq) from CH4 (AR5),kilotonnes,3975.4974,3950.2785,3888.4324,3839.3759,3885.8153,3854.6387,3827.8279,3758.1035,3768.0067,3713.9505,3715.1144,3682.727,3643.1526,3664.8707,3660.5545,3646.5892,3643.5022,3678.4117,3664.2083,3610.6599,3586.9866
Sweden,IPCC Agriculture,Emissions (CO2eq) from N2O (AR5),kilotonnes,3880.9428,3804.5685,3777.2132,3743.9839,3774.6817,3686.2067,3623.9992,3704.9448,3839.5426,3613.7398,3752.9926,3836.3014,3723.7774,3786.7883,3958.829,4011.7388,3975.3054,4099.6302,3958.6525,4145.0037,4306.8835
Sweden,IPCC Agriculture,Emissions (CO2eq) from N2O (AR5),kilotonnes,3312.2682,3324.1382,3253.8043,3216.5133,3204.4905,3101.0447,3029.8412,3076.2037,3112.6254,2930.2937,3027.0855,3046.9094,2996.5599,3046.751,3118.6671,3150.6155,3120.4486,3238.7509,3093.4614,3091.9523,3206.0134
Sweden,IPCC Agriculture,Emissions (CO2eq) (AR5),kilotonnes,8357.8056,8202.8931,8132.728,8030.9225,8090.3608,7937.0293,7814.6064,7798.4773,7920.4886,7625.8519,7752.929,7797.6469,7638.4944,7684.8978,7853.1747,7795.9533,7759.0372,7889.9434,7703.5868,7819.197,7934.9192
Sweden,IPCC Agriculture,Emissions (CO2eq) (AR5),kilotonnes,7447.4412,7414.3793,7275.5426,7185.8187,7213.5396,7072.1849,6947.2825,6949.8892,6985.2236,6758.7844,6866.0001,6853.5019,6781.8312,6854.1852,6902.5467,6921.6871,6892.066,7044.7008,6886.2186,6825.4585,6915.5706
Sweden,Agricultural Soils,Direct emissions (N2O),kilotonnes,6.3627,6.1488,6.0715,5.9502,5.9536,5.6021,5.3953,5.6173,5.9519,5.2343,5.4831,5.6149,5.284,5.4562,5.9078,6.0703,5.9003,6.1911,5.4985,5.9241,6.374
Sweden,Agricultural Soils,Direct emissions (N2O),kilotonnes,10.2588,10.3288,10.0807,9.9668,9.9312,9.5753,9.3312,9.5037,9.6337,8.9907,9.3456,9.3887,9.2328,9.387,9.6639,9.7798,9.6962,10.1424,9.5999,9.6142,10.0424
Sweden,Agricultural Soils,Indirect emissions (N2O),kilotonnes,1.9975,1.9313,1.9057,1.8696,1.8667,1.7608,1.708,1.766,1.871,1.6364,1.7329,1.7701,1.6548,1.7126,1.8449,1.8945,1.8506,1.9344,1.7548,1.8456,1.9944
Sweden,Agricultural Soils,Indirect emissions (N2O),kilotonnes,1.0608,1.0388,1.0146,0.9926,0.978,0.9525,0.946,0.9451,0.9514,0.9257,0.9302,0.9737,0.9626,0.963,0.9633,0.9659,0.9585,0.957,0.9575,0.9463,0.9515
Sweden,Agricultural Soils,Emissions (N2O),kilotonnes,13.4695,13.2011,13.1126,13.0055,13.1167,12.8013,12.588,12.9177,13.431,12.5999,13.1279,13.4526,13.0436,13.2833,13.9293,14.1529,14.0139,14.4883,13.9596,14.6823,15.3022
Sweden,Agricultural Soils,Emissions (N2O),kilotonnes,11.3197,11.3676,11.0952,10.9594,10.9092,10.5277,10.2772,10.4487,10.5851,9.9164,10.2758,10.3624,10.1954,10.35,10.6273,10.7457,10.6547,11.0994,10.5574,10.5605,10.9939
Sweden,Agricultural Soils,Emissions (CO2eq) from N2O (AR5),kilotonnes,3569.4071,3498.2817,3474.851,3446.466,3475.9219,3392.3392,3335.8094,3423.1832,3559.2195,3338.9759,3478.8827,3564.9278,3456.5454,3520.0708,3691.252,3750.5168,3713.6928,3839.4092,3699.2891,3890.8091,4055.0902
Sweden,Agricultural Soils,Emissions (CO2eq) from N2O (AR5),kilotonnes,2999.7091,3012.4044,2940.2398,2904.2515,2890.9416,2789.8481,2723.4608,2768.9175,2805.0479,2627.8376,2723.0949,2746.0442,2701.7861,2742.7431,2816.2256,2847.6124,2823.501,2941.3474,2797.7084,2798.533,2913.3723
Sweden,Agricultural Soils,Emissions (CO2eq) (AR5),kilotonnes,3569.4071,3498.2817,3474.851,3446.466,3475.9219,3392.3392,3335.8094,3423.1832,3559.2195,3338.9759,3478.8827,3564.9278,3456.5454,3520.0708,3691.252,3750.5168,3713.6928,3839.4092,3699.2891,3890.8091,4055.0902
Sweden,Agricultural Soils,Emissions (CO2eq) (AR5),kilotonnes,2999.7091,3012.4044,2940.2398,2904.2515,2890.9416,2789.8481,2723.4608,2768.9175,2805.0479,2627.8376,2723.0949,2746.0442,2701.7861,2742.7431,2816.2256,2847.6124,2823.501,2941.3474,2797.7084,2798.533,2913.3723
Sweden,LULUCF,Emissions (CH4),kilotonnes,0.0152,0,0,0,0,0,0.0387,0,0,0,0,0,0,0,0.5811,0,0,0,0.1736,0,0
Sweden,LULUCF,Emissions (CH4),kilotonnes,18.7772,18.7923,18.8408,18.7457,18.5749,18.5448,18.7065,18.2396,18.5184,17.8136,17.7133,17.4964,17.1148,17.1885,18.3787,17.407,17.5316,17.6227,19.7642,17.7908,
Sweden,LULUCF,Emissions (N2O),kilotonnes,0.0008,0,0,0,0,0,0.0035,0,0,0,0,0,0,0,0.0531,0,0,0,0.0158,0,0
Sweden,LULUCF,Emissions (N2O),kilotonnes,4.2091,4.2238,4.2283,4.2455,4.2231,4.275,4.2326,4.3538,4.2708,4.1705,4.2332,4.0423,3.8927,3.9029,3.9461,4.0524,4.0993,4.2007,4.2778,4.3206,
Sweden,LULUCF,Emissions (CO2),kilotonnes,5606.0261,-7964.39,-7943.8159,-7872.6441,-7715.9793,-7514.6487,-7449.079,-7378.6759,-7274.448,-7102.971,-6844.117,-18029.6988,-17976.942,-17963.3287,-17875.547,-17859.3038,-12269.2972,-12128.0589,-11642.8424,-11351.895,-11321.9506
Sweden,LULUCF,Emissions (CO2),kilotonnes,-43740.7129,-44548.8334,-44160.3663,-41540.0226,-35019.8362,-34072.4333,-43830.1687,-37090.6658,-38222.2443,-38124.7628,-40262.718,-40340.5007,-40929.6023,-38826.4936,-38545.5616,-36520.1388,-41088.2141,-38703.294,-37078.454,-37221.7673,
Sweden,LULUCF,Emissions (CO2eq) from CH4 (AR5),kilotonnes,0.4267,0,0,0,0,0,1.0838,0,0,0,0,0,0,0,16.2697,0,0,0,4.8596,0,0
Sweden,LULUCF,Emissions (CO2eq) from N2O (AR5),kilotonnes,0.2234,0,0,0,0,0,0.9365,0,0,0,0,0,0,0,14.0592,0,0,0,4.1994,0,0
Sweden,LULUCF,Emissions (CO2eq) (AR5),kilotonnes,5606.6763,-7964.39,-7943.8159,-7872.6441,-7715.9793,-7514.6487,-7447.0587,-7378.6759,-7274.448,-7102.971,-6844.117,-18029.6988,-17976.942,-17963.3287,-17845.2181,-17859.3038,-12269.2972,-12128.0589,-11633.7834,-11351.895,-11321.9506
Sweden,LULUCF,Emissions (CO2eq) (AR5),kilotonnes,-43740.7129,-44548.8334,-44160.3663,-41540.0226,-35019.8362,-34072.4333,-43830.1687,-37090.6658,-38222.2443,-38124.7628,-40262.718,-40340.5007,-40929.6023,-38826.4936,-38545.5616,-36520.1388,-41088.2141,-38703.294,-37078.454,-37221.7673,
Sweden,AFOLU,Emissions (CH4),kilotonnes,159.9032,157.083,155.5541,153.105,154.1314,151.8151,149.7032,146.1976,145.7481,143.2897,142.8549,141.4766,139.8113,139.2182,139.6648,135.1505,135.1333,135.3683,133.9212,131.2212,129.5727
Sweden,AFOLU,Emissions (N2O),kilotonnes,14.6459,14.3569,14.2536,14.1282,14.2441,13.9102,13.679,13.9809,14.4888,13.6368,14.1622,14.4766,14.052,14.2898,14.992,15.1386,15.0012,15.4703,14.9542,15.6415,16.2524
Sweden,AFOLU,Emissions (CO2),kilotonnes,5606.0261,-7964.39,-7943.8159,-7872.6441,-7715.9793,-7514.6487,-7449.079,-7378.6759,-7274.448,-7102.971,-6844.117,-18029.6988,-17976.942,-17963.3287,-17875.547,-17859.3038,-12269.2972,-12128.0589,-11642.8424,-11351.895,-11321.9506
Sweden,AFOLU,Emissions (CO2eq) from CH4 (AR5),kilotonnes,4477.2895,4398.3245,4355.5147,4286.9386,4315.6791,4250.8225,4191.691,4093.5325,4080.946,4012.112,3999.9364,3961.3455,3914.717,3898.1095,3910.6155,3784.2146,3783.7318,3790.3132,3749.794,3674.1933,3628.0358
Sweden,AFOLU,Emissions (CO2eq) from N2O (AR5),kilotonnes,3881.1662,3804.5685,3777.2132,3743.9839,3774.6817,3686.2067,3624.9357,3704.9448,3839.5426,3613.7398,3752.9926,3836.3014,3723.7774,3786.7883,3972.8882,4011.7388,3975.3054,4099.6302,3962.8519,4145.0037,4306.8835
Sweden,AFOLU,Emissions (CO2eq) (AR5),kilotonnes,13964.4819,238.5031,188.9121,158.2784,374.3815,422.3805,367.5477,419.8014,646.0406,522.8808,908.812,-10232.0519,-10338.4476,-10278.4309,-9992.0434,-10063.3505,-4510.26,-4238.1155,-3930.1966,-3532.698,-3387.0314
Sweden,All sectors with LULUCF,Emissions (CH4),kilotonnes,558.5662,553.203,565.7041,572.475,589.3314,481.4951,539.9632,532.1676,515.6781,505.5977,499.3679,497.1336,496.1103,478.9322,467.1138,461.0195,463.7943,472.3573,449.7872,415.9112,398.2927
Sweden,All sectors with LULUCF,Emissions (N2O),kilotonnes,23.6809,22.3639,22.3826,22.3102,22.3071,44.5472,47.237,46.0699,40.9598,36.8708,38.4052,36.5746,32.907,32.9638,33.45,33.4406,33.4492,33.9123,28.9272,28.6695,22.8804
Sweden,All sectors with LULUCF,Emissions (CO2),kilotonnes,59386.0261,48389.01,54551.2841,51558.3559,51533.0207,48850.3513,48671.921,46481.3241,47761.552,41221.029,50952.883,38764.3012,34092.058,31540.6713,30348.453,23466.6962,35798.7028,32022.9411,31811.1576,34412.105,30063.0494
Sweden,All sectors with LULUCF,Emissions (CO2eq) from F-gases (AR5),kilotonnes,1972.6618,2089.2724,2225.318,2303.0584,2419.6689,2594.5847,2750.0655,2915.2637,2983.2866,2380.7987,2788.9357,2507.1268,2264.1882,2108.7074,2235.0355,2254.4706,2303.0584,2157.2952,2001.8144,1914.3565,1894.9214
Sweden,All sectors with LULUCF,Emissions (CO2eq) from CH4 (AR5),kilotonnes,15639.8535,15489.6845,15839.7147,16029.2986,16501.2791,13481.8625,15118.971,14900.6925,14438.986,14156.736,13982.3004,13919.7415,13891.089,13410.1015,13079.1875,12908.5466,12986.2398,13226.0052,12594.042,11645.5133,11152.1958
Sweden,All sectors with LULUCF,Emissions (CO2eq) from N2O (AR5),kilotonnes,6275.4412,5926.4235,5931.3982,5912.2139,5911.3767,11805.0117,12517.8057,12208.5298,10854.3576,9770.7498,10177.3876,9692.2714,8720.3524,8735.3983,8864.2582,8861.7688,8864.0254,8986.7602,7665.6969,7597.4237,6063.3035
Sweden,All sectors with LULUCF,Emissions (CO2eq) (AR5),kilotonnes,83273.9827,71894.3904,78547.7151,75802.9268,76365.3455,76731.8103,79058.7632,76505.8101,76038.1822,67529.3136,77901.5067,64883.441,58967.6876,55794.8786,54526.9342,47491.4821,59952.0264,56393.0017,54072.7108,55569.3985,49173.47
Sweden,All sectors without LULUCF,Emissions (CH4),kilotonnes,558.551,553.203,565.7041,572.475,589.3314,481.4951,539.9245,532.1676,515.6781,505.5977,499.3679,497.1336,496.1103,478.9322,466.5328,461.0195,463.7943,472.3573,449.6137,415.9112,398.2927
Sweden,All sectors without LULUCF,Emissions (N2O),kilotonnes,23.6801,22.3639,22.3826,22.3102,22.3071,44.5472,47.2335,46.0699,40.9598,36.8708,38.4052,36.5746,32.907,32.9638,33.397,33.4406,33.4492,33.9123,28.9113,28.6695,22.8804
Sweden,All sectors without LULUCF,Emissions (CO2),kilotonnes,53780,56353.4,62495.1,59431,59249,56365,56121,53860,55036,48324,57797,56794,52069,49504,48224,41326,48068,44151,43454,45764,41385
Sweden,All sectors without LULUCF,Emissions (CO2eq) from F-gases (AR5),kilotonnes,1972.6618,2089.2724,2225.318,2303.0584,2419.6689,2594.5847,2750.0655,2915.2637,2983.2866,2380.7987,2788.9357,2507.1268,2264.1882,2108.7074,2235.0355,2254.4706,2303.0584,2157.2952,2001.8144,1914.3565,1894.9214
Sweden,All sectors without LULUCF,Emissions (CO2eq) from CH4 (AR5),kilotonnes,15639.4268,15489.6845,15839.7147,16029.2986,16501.2791,13481.8625,15117.8872,14900.6925,14438.986,14156.736,13982.3004,13919.7415,13891.089,13410.1015,13062.9177,12908.5466,12986.2398,13226.0052,12589.1823,11645.5133,11152.1958
Sweden,All sectors without LULUCF,Emissions (CO2eq) from N2O (AR5),kilotonnes,6275.2178,5926.4235,5931.3982,5912.2139,5911.3767,11805.0117,12516.8692,12208.5298,10854.3576,9770.7498,10177.3876,9692.2714,8720.3524,8735.3983,8850.199,8861.7688,8864.0254,8986.7602,7661.4975,7597.4237,6063.3035
Sweden,All sectors without LULUCF,Emissions (CO2eq) (AR5),kilotonnes,77667.3064,79858.7804,86491.531,83675.5709,84081.3247,84246.459,86505.8219,83884.486,83312.6302,74632.2846,84745.6236,82913.1397,76944.6295,73758.2073,72372.1523,65350.786,72221.3236,68521.0606,65706.4942,66921.2935,60495.4207
Switzerland,Crop Residues,Direct emissions (N2O),kilotonnes,0.209,0.1895,0.1893,0.1556,0.1917,0.1865,0.1805,0.1812,0.1792,0.1808,0.166,0.178,0.1695,0.1557,0.1793,0.1659,0.1367,0.1759,0.1635,0.1667,0.1795
Switzerland,Crop Residues,Direct emissions (N2O),kilotonnes,0.6209,0.5958,0.6105,0.5844,0.6172,0.6076,0.5901,0.601,0.596,0.6027,0.5831,0.599,0.5899,0.567,0.6224,0.5839,0.5775,0.5967,0.5719,0.5962,0.5955
Switzerland,Crop Residues,Indirect emissions (N2O),kilotonnes,0.047,0.0426,0.0426,0.035,0.0431,0.042,0.0406,0.0408,0.0403,0.0407,0.0373,0.0401,0.0381,0.035,0.0403,0.0373,0.0308,0.0396,0.0368,0.0375,0.0404
Switzerland,Crop Residues,Emissions (N2O),kilotonnes,0.2561,0.2322,0.2318,0.1906,0.2348,0.2285,0.2211,0.222,0.2196,0.2214,0.2033,0.2181,0.2076,0.1907,0.2197,0.2033,0.1674,0.2155,0.2003,0.2042,0.2198
Switzerland,Crop Residues,Emissions (N2O),kilotonnes,0.6209,0.5958,0.6105,0.5844,0.6172,0.6076,0.5901,0.601,0.596,0.6027,0.5831,0.599,0.5899,0.567,0.6224,0.5839,0.5775,0.5967,0.5719,0.5962,0.5955
Switzerland,Crop Residues,Emissions (CO2eq) from N2O (AR5),kilotonnes,67.8536,61.5204,61.4382,50.5049,62.2317,60.541,58.5965,58.8204,58.1887,58.6784,53.887,57.799,55.0142,50.5331,58.2104,53.8618,44.3693,57.1009,53.0856,54.1134,58.2581
Switzerland,Crop Residues,Emissions (CO2eq) from N2O (AR5),kilotonnes,164.5347,157.8851,161.7709,154.8738,163.549,161.003,156.3635,159.2767,157.942,159.7027,154.5162,158.7397,156.3367,150.2605,164.9308,154.7343,153.039,158.1224,151.5492,157.9838,157.797
Switzerland,Crop Residues,Emissions (CO2eq) (AR5),kilotonnes,67.8536,61.5204,61.4382,50.5049,62.2317,60.541,58.5965,58.8204,58.1887,58.6784,53.887,57.799,55.0142,50.5331,58.2104,53.8618,44.3693,57.1009,53.0856,54.1134,58.2581
Switzerland,Crop Residues,Emissions (CO2eq) (AR5),kilotonnes,164.5347,157.8851,161.7709,154.8738,163.549,161.003,156.3635,159.2767,157.942,159.7027,154.5162,158.7397,156.3367,150.2605,164.9308,154.7343,153.039,158.1224,151.5492,157.9838,157.797
Switzerland,Burning - Crop residues,Emissions (CH4),kilotonnes,0.1627,0.1648,0.1544,0.1503,0.146,0.1558,0.1497,0.1454,0.1463,0.1438,0.1441,0.1369,0.14,0.1372,0.1361,0.129,0.1338,0.135,0.132,0.1362,0.1455
Switzerland,Burning - Crop residues,Emissions (N2O),kilotonnes,0.0042,0.0043,0.004,0.0039,0.0038,0.004,0.0039,0.0038,0.0038,0.0037,0.0037,0.0035,0.0036,0.0036,0.0035,0.0033,0.0035,0.0035,0.0034,0.0035,0.0038
Switzerland,Burning - Crop residues,Emissions (CO2eq) from CH4 (AR5),kilotonnes,4.5551,4.6133,4.3225,4.2086,4.0888,4.3614,4.1926,4.0705,4.0967,4.0253,4.0339,3.8329,3.9211,3.8415,3.8115,3.6124,3.7467,3.7812,3.6956,3.8133,4.0738
Switzerland,Burning - Crop residues,Emissions (CO2eq) from N2O (AR5),kilotonnes,1.1177,1.132,1.0606,1.0327,1.0033,1.0702,1.0287,0.9988,1.0052,0.9877,0.9898,0.9405,0.9621,0.9426,0.9352,0.8864,0.9193,0.9278,0.9068,0.9357,0.9996
Switzerland,Burning - Crop residues,Emissions (CO2eq) (AR5),kilotonnes,5.6728,5.7453,5.3831,5.2413,5.092,5.4316,5.2213,5.0693,5.102,5.0129,5.0237,4.7734,4.8832,4.784,4.7467,4.4988,4.666,4.709,4.6024,4.7489,5.0734
Switzerland,Enteric Fermentation,Emissions (CH4),kilotonnes,137.6533,139.0583,137.4957,135.1011,132.5666,133.3945,134.0491,134.0226,136.7123,134.5095,134.0419,133.1137,132.1543,131.3352,131.2292,129.655,129.0404,128.2711,128.2727,125.9718,125.2227
Switzerland,Enteric Fermentation,Emissions (CH4),kilotonnes,132.703,133.8084,133.0971,131.7394,131.099,132.9132,133.8744,134.7321,138.7251,136.3982,135.4206,135.1427,135.5329,134.1669,134.9784,134.5608,133.9778,132.809,132.6013,130.9254,130.1688
Switzerland,Enteric Fermentation,Emissions (CO2eq) from CH4 (AR5),kilotonnes,3854.2931,3893.6334,3849.8784,3782.8312,3711.8651,3735.0471,3753.3737,3752.6339,3827.9435,3766.2665,3753.1738,3727.1824,3700.3212,3677.3853,3674.4181,3630.3399,3613.1318,3591.592,3591.6349,3527.2109,3506.2364
Switzerland,Enteric Fermentation,Emissions (CO2eq) from CH4 (AR5),kilotonnes,3715.6839,3746.6349,3726.719,3688.7038,3670.7721,3721.5701,3748.4846,3772.4998,3884.3016,3819.1502,3791.7759,3783.9958,3794.9213,3756.6741,3779.3949,3767.7033,3751.3786,3718.6532,3712.8354,3665.9124,3644.7258
Switzerland,Enteric Fermentation,Emissions (CO2eq) (AR5),kilotonnes,3854.2931,3893.6334,3849.8784,3782.8312,3711.8651,3735.0471,3753.3737,3752.6339,3827.9435,3766.2665,3753.1738,3727.1824,3700.3212,3677.3853,3674.4181,3630.3399,3613.1318,3591.592,3591.6349,3527.2109,3506.2364
Switzerland,Enteric Fermentation,Emissions (CO2eq) (AR5),kilotonnes,3715.6839,3746.6349,3726.719,3688.7038,3670.7721,3721.5701,3748.4846,3772.4998,3884.3016,3819.1502,3791.7759,3783.9958,3794.9213,3756.6741,3779.3949,3767.7033,3751.3786,3718.6532,3712.8354,3665.9124,3644.7258
Switzerland,Manure Management,Emissions (CH4),kilotonnes,29.6841,30.1188,29.9237,29.3187,28.9523,29.501,29.6791,29.2899,29.4979,29.1426,29.2758,29.1413,28.83,28.3643,28.4122,28.2212,27.8637,27.7271,27.612,26.8676,26.0451
Switzerland,Manure Management,Emissions (CH4),kilotonnes,24.7341,24.893,24.3858,24.2226,24.3274,24.9773,25.3982,25.3537,25.4214,25.1201,25.204,25.2481,25.1679,24.803,25.1062,25.0347,24.5144,24.1535,23.765,23.0028,22.7283
Switzerland,Manure Management,Emissions (N2O),kilotonnes,1.2304,1.2435,1.2315,1.2083,1.1886,1.2005,1.2045,1.2,1.2192,1.2003,1.1992,1.1944,1.1858,1.1754,1.1767,1.1668,1.1586,1.1533,1.1526,1.1285,1.115
Switzerland,Manure Management,Emissions (N2O),kilotonnes,1.3143,1.3466,1.3516,1.3375,1.3268,1.3528,1.3676,1.3725,1.3816,1.3681,1.3685,1.3609,1.3568,1.3455,1.3507,1.3435,1.3336,1.3245,1.312,1.2903,1.2825
Switzerland,Manure Management,Emissions (CO2eq) from CH4 (AR5),kilotonnes,831.1546,843.3254,837.8625,820.9237,810.664,826.0283,831.0154,820.1172,825.9416,815.9923,819.7214,815.9577,807.2395,794.2002,795.5405,790.1932,780.1849,776.3584,773.1363,752.2916,729.2628
Switzerland,Manure Management,Emissions (CO2eq) from CH4 (AR5),kilotonnes,692.5534,697.0051,682.8034,678.2339,681.1684,699.3642,711.1486,709.9033,711.7988,703.3642,705.7116,706.9461,704.6999,694.4831,702.9738,700.971,686.4036,676.2993,665.421,644.0787,636.3925
Switzerland,Manure Management,Emissions (CO2eq) from N2O (AR5),kilotonnes,326.0574,329.5144,326.3496,320.1931,314.9768,318.1262,319.181,318.0112,323.0766,318.0774,317.7942,316.5085,314.225,311.4739,311.8303,309.1894,307.0183,305.6364,305.4267,299.0562,295.4638
Switzerland,Manure Management,Emissions (CO2eq) from N2O (AR5),kilotonnes,348.2973,356.8526,358.1627,354.4452,351.5989,358.4789,362.4192,363.7093,366.1211,362.5385,362.6579,360.6388,359.5549,356.5456,357.9228,356.0365,353.4141,350.9935,347.671,341.9195,339.8504
Switzerland,Manure Management,Emissions (CO2eq) (AR5),kilotonnes,1157.2119,1172.8398,1164.2121,1141.1168,1125.6408,1144.1545,1150.1963,1138.1285,1149.0182,1134.0697,1137.5157,1132.4662,1121.4645,1105.6741,1107.3708,1099.3825,1087.2033,1081.9948,1078.5629,1051.3478,1024.7266
Switzerland,Manure Management,Emissions (CO2eq) (AR5),kilotonnes,1040.8508,1053.8576,1040.9661,1032.6792,1032.7673,1057.8431,1073.5678,1073.6126,1077.9198,1065.9027,1068.3694,1067.5848,1064.2548,1051.0286,1060.8966,1057.0076,1039.8177,1027.2928,1013.0919,985.9982,976.243
Switzerland,Manure left on Pasture,Direct emissions (N2O),kilotonnes,1.0459,1.0577,1.0507,1.0403,1.0253,1.0338,1.0419,1.0442,1.0648,1.0543,1.0528,1.0409,1.0338,1.0275,1.028,1.0062,1.0043,1,0.998,0.9863,0.981
Switzerland,Manure left on Pasture,Indirect emissions (N2O),kilotonnes,0.2507,0.2533,0.2525,0.2513,0.2483,0.2507,0.253,0.2535,0.2583,0.2555,0.2556,0.252,0.2505,0.2487,0.2484,0.2404,0.2398,0.2392,0.2384,0.236,0.2348
Switzerland,Manure left on Pasture,Emissions (N2O),kilotonnes,1.2966,1.311,1.3032,1.2916,1.2736,1.2846,1.2949,1.2976,1.3231,1.3098,1.3085,1.2929,1.2843,1.2761,1.2764,1.2467,1.244,1.2391,1.2364,1.2222,1.2158
Switzerland,Manure left on Pasture,Emissions (CO2eq) from N2O (AR5),kilotonnes,343.6068,347.4168,345.3426,342.2793,337.5057,340.4059,343.1482,343.8722,350.6233,347.0874,346.7443,342.6126,340.3417,338.175,338.2477,330.3675,329.6729,328.3706,327.6436,323.896,322.1787
Switzerland,Manure left on Pasture,Emissions (CO2eq) (AR5),kilotonnes,343.6068,347.4168,345.3426,342.2793,337.5057,340.4059,343.1482,343.8722,350.6233,347.0874,346.7443,342.6126,340.3417,338.175,338.2477,330.3675,329.6729,328.3706,327.6436,323.896,322.1787
Switzerland,Manure applied to Soils,Direct emissions (N2O),kilotonnes,1.2044,1.2185,1.2102,1.1902,1.1752,1.1903,1.1941,1.1895,1.2057,1.1932,1.1948,1.1904,1.1823,1.171,1.1758,1.1671,1.1602,1.1569,1.1556,1.1339,1.1174
Switzerland,Manure applied to Soils,Direct emissions (N2O),kilotonnes,1.3713,1.3486,1.3006,1.2848,1.2726,1.2954,1.3074,1.3181,1.3493,1.3402,1.3509,1.3434,1.3414,1.3318,1.3368,1.329,1.3212,1.3104,1.3015,1.2841,1.2797
Switzerland,Manure applied to Soils,Indirect emissions (N2O),kilotonnes,0.5119,0.5178,0.5143,0.5059,0.4995,0.5059,0.5075,0.5055,0.5124,0.5071,0.5078,0.5059,0.5025,0.4977,0.4997,0.496,0.4931,0.4917,0.4912,0.4819,0.4749
Switzerland,Manure applied to Soils,Emissions (N2O),kilotonnes,1.7162,1.7363,1.7245,1.6961,1.6747,1.6961,1.7016,1.695,1.7181,1.7003,1.7026,1.6963,1.6848,1.6687,1.6755,1.6631,1.6533,1.6486,1.6468,1.6158,1.5923
Switzerland,Manure applied to Soils,Emissions (N2O),kilotonnes,1.3713,1.3486,1.3006,1.2848,1.2726,1.2954,1.3074,1.3181,1.3493,1.3402,1.3509,1.3434,1.3414,1.3318,1.3368,1.329,1.3212,1.3104,1.3015,1.2841,1.2797
Switzerland,Manure applied to Soils,Emissions (CO2eq) from N2O (AR5),kilotonnes,454.7948,460.1202,456.9876,449.4631,443.7825,449.4716,450.9244,449.1882,455.287,450.5906,451.1976,449.5144,446.4651,442.1935,444.011,440.7188,438.1264,436.8908,436.402,428.1983,421.9577
Switzerland,Manure applied to Soils,Emissions (CO2eq) from N2O (AR5),kilotonnes,363.394,357.3913,344.6569,340.4596,337.2414,343.2918,346.452,349.3066,357.5693,355.1454,357.9764,355.9951,355.459,352.9391,354.2597,352.1746,350.1195,347.2589,344.8953,340.2754,339.122
Switzerland,Manure applied to Soils,Emissions (CO2eq) (AR5),kilotonnes,454.7948,460.1202,456.9876,449.4631,443.7825,449.4716,450.9244,449.1882,455.287,450.5906,451.1976,449.5144,446.4651,442.1935,444.011,440.7188,438.1264,436.8908,436.402,428.1983,421.9577
Switzerland,Manure applied to Soils,Emissions (CO2eq) (AR5),kilotonnes,363.394,357.3913,344.6569,340.4596,337.2414,343.2918,346.452,349.3066,357.5693,355.1454,357.9764,355.9951,355.459,352.9391,354.2597,352.1746,350.1195,347.2589,344.8953,340.2754,339.122
Switzerland,Synthetic Fertilizers,Direct emissions (N2O),kilotonnes,0.7601,0.8699,0.6371,0.6786,0.7207,0.8372,0.8355,0.7635,0.8312,0.8023,0.7987,0.7315,0.6183,0.7673,0.7724,0.7815,0.826,0.7631,0.7001,0.5995,0.6777
Switzerland,Synthetic Fertilizers,Direct emissions (N2O),kilotonnes,0.7963,0.858,0.8376,0.7991,0.8056,0.787,0.7732,0.8066,0.7582,0.7168,0.8312,0.7306,0.7056,0.683,0.7717,0.6835,0.7243,0.7637,0.7033,0.6084,0.6233
Switzerland,Synthetic Fertilizers,Indirect emissions (N2O),kilotonnes,0.247,0.2827,0.2071,0.2205,0.2342,0.2721,0.2716,0.2481,0.2701,0.2607,0.2596,0.2377,0.201,0.2494,0.251,0.254,0.2684,0.248,0.2275,0.1948,0.2203
Switzerland,Synthetic Fertilizers,Emissions (N2O),kilotonnes,1.0072,1.1527,0.8441,0.8991,0.955,1.1093,1.1071,1.0117,1.1014,1.063,1.0583,0.9692,0.8193,1.0167,1.0235,1.0355,1.0944,1.0111,0.9276,0.7943,0.898
Switzerland,Synthetic Fertilizers,Emissions (N2O),kilotonnes,0.7963,0.858,0.8376,0.7991,0.8056,0.787,0.7732,0.8066,0.7582,0.7168,0.8312,0.7306,0.7056,0.683,0.7717,0.6835,0.7243,0.7637,0.7033,0.6084,0.6233
Switzerland,Synthetic Fertilizers,Emissions (CO2eq) from N2O (AR5),kilotonnes,266.8956,305.4532,223.6977,238.2644,253.0628,293.9543,293.3805,268.0874,291.8631,281.7051,280.4581,256.8369,217.1125,269.4302,271.2233,274.4005,290.0146,267.9408,245.8102,210.4887,237.9722
Switzerland,Synthetic Fertilizers,Emissions (CO2eq) from N2O (AR5),kilotonnes,211.0175,227.3829,221.9601,211.765,213.4904,208.5619,204.8997,213.7416,200.9148,189.9499,220.2744,193.596,186.9782,181.0007,204.5126,181.1298,191.9416,202.3866,186.3722,161.2355,165.167
Switzerland,Synthetic Fertilizers,Emissions (CO2eq) (AR5),kilotonnes,266.8956,305.4532,223.6977,238.2644,253.0628,293.9543,293.3805,268.0874,291.8631,281.7051,280.4581,256.8369,217.1125,269.4302,271.2233,274.4005,290.0146,267.9408,245.8102,210.4887,237.9722
Switzerland,Synthetic Fertilizers,Emissions (CO2eq) (AR5),kilotonnes,211.0175,227.3829,221.9601,211.765,213.4904,208.5619,204.8997,213.7416,200.9148,189.9499,220.2744,193.596,186.9782,181.0007,204.5126,181.1298,191.9416,202.3866,186.3722,161.2355,165.167
Switzerland,Drained organic soils,Emissions (CO2eq) (AR5),kilotonnes,1092.068,1045.0518,1004.3971,978.8267,968.3944,970.2829,969.7502,970.1764,968.3586,968.5765,970.0126,972.6131,972.6131,974.5479,978.6454,978.6454,978.9755,978.7957,976.8993,957.9679,957.9679
Switzerland,Drained organic soils,Emissions (CO2eq) (AR5),kilotonnes,59.1346,59.0237,58.9127,58.8018,58.6909,58.5792,58.4841,58.392,58.3056,58.2303,58.1565,58.0828,58.009,57.9372,57.8631,57.7917,57.7195,57.656,57.5925,57.529,57.4671
Switzerland,Drained organic soils (CO2),Emissions (CO2),kilotonnes,919.6466,880.0172,845.7652,824.2165,815.4213,817.012,816.5637,816.9223,815.3909,815.5741,816.7821,818.9716,818.9716,820.5985,824.0439,824.0439,824.3224,824.1706,822.5709,806.5261,806.5261
Switzerland,Drained organic soils (CO2),Emissions (CO2eq) (AR5),kilotonnes,919.6466,880.0172,845.7652,824.2165,815.4213,817.012,816.5637,816.9223,815.3909,815.5741,816.7821,818.9716,818.9716,820.5985,824.0439,824.0439,824.3224,824.1706,822.5709,806.5261,806.5261
Switzerland,Drained organic soils (N2O),Emissions (N2O),kilotonnes,0.6506,0.6228,0.5986,0.5834,0.5773,0.5784,0.5781,0.5783,0.5772,0.5774,0.5782,0.5798,0.5798,0.5809,0.5834,0.5834,0.5836,0.5835,0.5824,0.5715,0.5715
Switzerland,Drained organic soils (N2O),Emissions (N2O),kilotonnes,0.2231,0.2227,0.2223,0.2219,0.2215,0.2211,0.2207,0.2203,0.22,0.2197,0.2195,0.2192,0.2189,0.2186,0.2184,0.2181,0.2178,0.2176,0.2173,0.2171,0.2169
Switzerland,Drained organic soils (N2O),Emissions (CO2eq) from N2O (AR5),kilotonnes,172.4214,165.0347,158.6319,154.6102,152.9731,153.2709,153.1865,153.2541,152.9677,153.0023,153.2304,153.6414,153.6414,153.9494,154.6015,154.6015,154.653,154.6251,154.3284,151.4418,151.4418
Switzerland,Drained organic soils (N2O),Emissions (CO2eq) from N2O (AR5),kilotonnes,59.1346,59.0237,58.9127,58.8018,58.6909,58.5792,58.4841,58.392,58.3056,58.2303,58.1565,58.0828,58.009,57.9372,57.8631,57.7917,57.7195,57.656,57.5925,57.529,57.4671
Switzerland,Drained organic soils (N2O),Emissions (CO2eq) (AR5),kilotonnes,172.4214,165.0347,158.6319,154.6102,152.9731,153.2709,153.1865,153.2541,152.9677,153.0023,153.2304,153.6414,153.6414,153.9494,154.6015,154.6015,154.653,154.6251,154.3284,151.4418,151.4418
Switzerland,Drained organic soils (N2O),Emissions (CO2eq) (AR5),kilotonnes,59.1346,59.0237,58.9127,58.8018,58.6909,58.5792,58.4841,58.392,58.3056,58.2303,58.1565,58.0828,58.009,57.9372,57.8631,57.7917,57.7195,57.656,57.5925,57.529,57.4671
Switzerland,On-farm energy use,Emissions (CH4),kilotonnes,0.133,0.1369,0.1254,0.131,0.1344,0.1337,0.129,0.1353,0.1318,0.1269,0.1245,0.1092,0.1021,0.0948,0.0826,0.0778,0.0751,0.0731,0.0716,0.0695,0.0695
Switzerland,On-farm energy use,Emissions (N2O),kilotonnes,0.1323,0.1416,0.1338,0.1412,0.1415,0.1455,0.1437,0.1336,0.142,0.1397,0.146,0.1274,0.1357,0.1422,0.1232,0.1262,0.1291,0.1256,0.1207,0.1202,0.1202
Switzerland,On-farm energy use,Emissions (CO2),kilotonnes,556.8093,606.6306,540.6881,564.6769,586.2537,575.7001,581.1068,530.702,555.2059,529.6344,542.1568,470.5614,491.2716,503.8132,437.9984,446.1218,457.7587,445.3819,431.2001,430.0072,430.0072
Switzerland,On-farm energy use,Emissions (CO2eq) from CH4 (AR5),kilotonnes,3.723,3.8332,3.5114,3.668,3.7643,3.7446,3.613,3.7894,3.6908,3.5545,3.4848,3.0569,2.8602,2.6546,2.3132,2.1794,2.1037,2.0481,2.0059,1.945,1.945
Switzerland,On-farm energy use,Emissions (CO2eq) from N2O (AR5),kilotonnes,35.0605,37.5197,35.4459,37.4293,37.5058,38.5674,38.0689,35.413,37.6227,37.0143,38.6938,33.7614,35.9644,37.6842,32.6449,33.4556,34.2112,33.2716,31.9764,31.843,31.843
Switzerland,On-farm energy use,Emissions (CO2eq) (AR5),kilotonnes,595.5928,647.9835,579.6455,605.7743,627.5237,618.0121,622.7887,569.9044,596.5194,570.2032,584.3354,507.3798,530.0962,544.152,472.9565,481.7568,494.0736,480.7017,465.1824,463.7953,463.7953
Switzerland,Forestland,Emissions (CO2),kilotonnes,-2299.3872,-3136.7981,-3136.7981,-3136.7981,-3136.7981,-3136.7981,-3136.7981,-3136.7981,-3136.7981,-3136.7981,-3136.7981,-3023.7173,-3023.7173,-3023.7173,-3023.7173,-3023.7173,-3051.4225,-3051.4225,-3051.4225,-3051.4225,-3051.4225
Switzerland,Forestland,Emissions (CO2),kilotonnes,4421.0088,-2058.2775,-3500.3913,-3537.6773,-3068.2249,-3145.1142,-2366.4881,-1667.4285,-2767.6244,-3621.9986,-3529.4419,-2202.5428,-3531.6877,-3473.1974,-1965.9158,-3546.1723,-3449.762,-3388.1926,-2096.2083,-3224.2206,-2808.2804
Switzerland,Forestland,Emissions (CO2eq) (AR5),kilotonnes,-2299.3872,-3136.7981,-3136.7981,-3136.7981,-3136.7981,-3136.7981,-3136.7981,-3136.7981,-3136.7981,-3136.7981,-3136.7981,-3023.7173,-3023.7173,-3023.7173,-3023.7173,-3023.7173,-3051.4225,-3051.4225,-3051.4225,-3051.4225,-3051.4225
Switzerland,Forestland,Emissions (CO2eq) (AR5),kilotonnes,4421.0088,-2058.2775,-3500.3913,-3537.6773,-3068.2249,-3145.1142,-2366.4881,-1667.4285,-2767.6244,-3621.9986,-3529.4419,-2202.5428,-3531.6877,-3473.1974,-1965.9158,-3546.1723,-3449.762,-3388.1926,-2096.2083,-3224.2206,-2808.2804
Switzerland,Net Forest conversion,Emissions (CO2),kilotonnes,457.4607,482.06,482.06,482.06,482.06,482.06,482.06,482.06,482.06,482.06,482.06,511.6905,511.6905,511.6905,511.6905,511.6905,511.0195,511.0195,511.0195,511.0195,511.0195
Switzerland,Net Forest conversion,Emissions (CO2),kilotonnes,207.7309,208.7357,210.158,211.6218,212.9044,212.6823,204.1983,206.2356,197.5292,199.4371,199.2046,200.0706,201.2434,200.6797,195.1932,196.3496,193.5232,202.3003,206.806,208.5419,208.6055
Switzerland,Net Forest conversion,Emissions (CO2eq) (AR5),kilotonnes,457.4607,482.06,482.06,482.06,482.06,482.06,482.06,482.06,482.06,482.06,482.06,511.6905,511.6905,511.6905,511.6905,511.6905,511.0195,511.0195,511.0195,511.0195,511.0195
Switzerland,Net Forest conversion,Emissions (CO2eq) (AR5),kilotonnes,207.7309,208.7357,210.158,211.6218,212.9044,212.6823,204.1983,206.2356,197.5292,199.4371,199.2046,200.0706,201.2434,200.6797,195.1932,196.3496,193.5232,202.3003,206.806,208.5419,208.6055
Switzerland,Savanna fires,Emissions (CH4),kilotonnes,0,0.0006,0.001,0.0023,0,0.0002,0,0.0006,0,0,0,0,0,0,0.0043,0,0.0009,0.0002,0,0,0
Switzerland,Savanna fires,Emissions (CH4),kilotonnes,0.0006,0.0002,0.0073,0.0039,0.0001,0.0006,0.0004,0.0028,0.0008,0.0001,0,0.0019,0.0004,0.0001,0.0001,0.0002,0.006,0.0011,0.0008,0.0005,0.0009
Switzerland,Savanna fires,Emissions (N2O),kilotonnes,0,0.0001,0.0001,0.0002,0,0,0,0.0001,0,0,0,0,0,0,0.0004,0,0.0001,0,0,0,0
Switzerland,Savanna fires,Emissions (N2O),kilotonnes,0.0001,0,0.0007,0.0004,0,0.0001,0,0.0003,0.0001,0,0,0.0002,0,0,0,0,0.0005,0.0001,0.0001,0,0.0001
Switzerland,Savanna fires,Emissions (CO2eq) from CH4 (AR5),kilotonnes,0,0.017,0.0285,0.0638,0,0.0057,0,0.017,0,0,0,0,0,0,0.1207,0,0.0262,0.0057,0,0,0
Switzerland,Savanna fires,Emissions (CO2eq) from CH4 (AR5),kilotonnes,0.0172,0.0059,0.2032,0.109,0.0034,0.0154,0.0113,0.0773,0.0231,0.0031,0.0011,0.0519,0.0108,0.0028,0.002,0.0063,0.1677,0.0302,0.0228,0.013,0.0241
Switzerland,Savanna fires,Emissions (CO2eq) from N2O (AR5),kilotonnes,0,0.0147,0.0247,0.0551,0,0.0049,0,0.0147,0,0,0,0,0,0,0.1043,0,0.0226,0.0049,0,0,0
Switzerland,Savanna fires,Emissions (CO2eq) from N2O (AR5),kilotonnes,0.0149,0.0051,0.1756,0.0941,0.0029,0.0133,0.0098,0.0668,0.0199,0.0027,0.0009,0.0448,0.0093,0.0025,0.0018,0.0054,0.1449,0.0261,0.0197,0.0112,0.0208
Switzerland,Savanna fires,Emissions (CO2eq) (AR5),kilotonnes,0,0.0318,0.0532,0.1188,0,0.0106,0,0.0318,0,0,0,0,0,0,0.225,0,0.0488,0.0106,0,0,0
Switzerland,Savanna fires,Emissions (CO2eq) (AR5),kilotonnes,0.0321,0.011,0.3788,0.2031,0.0063,0.0288,0.0211,0.144,0.043,0.0058,0.002,0.0967,0.0201,0.0053,0.0038,0.0117,0.3126,0.0562,0.0426,0.0242,0.0449
Switzerland,Fires in organic soils,Emissions (CH4),kilotonnes,0,0,0,0,0,0,0,0,0,0,0,0,0,0,0,0,0,0,0,0,0
Switzerland,Fires in organic soils,Emissions (CO2),kilotonnes,0,0,0,0,0,0,0,0,0,0,0,0,0,0,0,0,0,0,0,0,0
Switzerland,Fires in organic soils,Emissions (CO2eq) from CH4 (AR5),kilotonnes,0,0,0,0,0,0,0,0,0,0,0,0,0,0,0,0,0,0,0,0,0
Switzerland,Fires in organic soils,Emissions (CO2eq) (AR5),kilotonnes,0,0,0,0,0,0,0,0,0,0,0,0,0,0,0,0,0,0,0,0,0
Switzerland,Forest fires,Emissions (CH4),kilotonnes,0,0,0.015,0.005,0,0,0,0.005,0,0.0349,0,0,0,0,0.0499,0,0,0,0,0,0
Switzerland,Forest fires,Emissions (N2O),kilotonnes,0,0,0.0014,0.0005,0,0,0,0.0005,0,0.0032,0,0,0,0,0.0046,0,0,0,0,0,0
Switzerland,Forest fires,Emissions (CO2eq) from CH4 (AR5),kilotonnes,0,0,0.4191,0.1397,0,0,0,0.1397,0,0.9781,0,0,0,0,1.3972,0,0,0,0,0,0
Switzerland,Forest fires,Emissions (CO2eq) from N2O (AR5),kilotonnes,0,0,0.3622,0.1207,0,0,0,0.1207,0,0.8452,0,0,0,0,1.2073,0,0,0,0,0,0
Switzerland,Forest fires,Emissions (CO2eq) (AR5),kilotonnes,0,0,0.7812,0.2604,0,0,0,0.2605,0,1.8233,0,0,0,0,2.6045,0,0,0,0,0,0
Switzerland,Fires in humid tropical forests,Emissions (CH4),kilotonnes,0,0,0,0,0,0,0,0,0,0,0,0,0,0,0,0,0,0,0,0,0
Switzerland,Fires in humid tropical forests,Emissions (N2O),kilotonnes,0,0,0,0,0,0,0,0,0,0,0,0,0,0,0,0,0,0,0,0,0
Switzerland,Fires in humid tropical forests,Emissions (CO2eq) from CH4 (AR5),kilotonnes,0,0,0,0,0,0,0,0,0,0,0,0,0,0,0,0,0,0,0,0,0
Switzerland,Fires in humid tropical forests,Emissions (CO2eq) from N2O (AR5),kilotonnes,0,0,0,0,0,0,0,0,0,0,0,0,0,0,0,0,0,0,0,0,0
Switzerland,Fires in humid tropical forests,Emissions (CO2eq) (AR5),kilotonnes,0,0,0,0,0,0,0,0,0,0,0,0,0,0,0,0,0,0,0,0,0
Switzerland,Waste - agri-food systems,Emissions (CH4),kilotonnes,29.2365,29.4121,29.8226,29.8053,30.2408,30.4336,30.6564,31.0649,31.2963,31.7299,31.9045,32.4359,32.6537,32.8412,32.646,32.8844,32.784,32.9282,33.067,33.0172,32.9684
Switzerland,Waste - agri-food systems,Emissions (N2O),kilotonnes,0.3601,0.3635,0.3673,0.3736,0.3788,0.3822,0.3906,0.4048,0.4101,0.4241,0.4332,0.4456,0.442,0.4544,0.4732,0.4805,0.4778,0.4929,0.4997,0.5048,0.5101
Switzerland,Waste - agri-food systems,Emissions (CO2),kilotonnes,342.293,342.6313,343.6295,345.6741,347.1107,347.5828,348.2818,349.6612,351.5387,351.2601,352.272,354.6024,354.0526,354.4342,354.8228,354.2396,354.1179,354.2826,354.8429,354.7762,355.1347
Switzerland,Waste - agri-food systems,Emissions (CO2eq) from CH4 (AR5),kilotonnes,818.6232,823.5376,835.0335,834.5489,846.7432,852.1414,858.3786,869.8175,876.2957,888.4377,893.3268,908.2063,914.3026,919.5527,914.0878,920.7626,917.9531,921.9899,925.8763,924.4826,923.116
Switzerland,Waste - agri-food systems,Emissions (CO2eq) from N2O (AR5),kilotonnes,95.43,96.34,97.3334,99.0085,100.3866,101.2892,103.5183,107.2821,108.6674,112.3969,114.8098,118.0723,117.1187,120.4189,125.394,127.3257,126.6137,130.6129,132.4078,133.7849,135.1658
Switzerland,Waste - agri-food systems,Emissions (CO2eq) (AR5),kilotonnes,1256.3462,1262.5089,1275.9965,1279.2315,1294.2405,1301.0134,1310.1786,1326.7608,1336.5019,1352.0947,1360.4086,1380.881,1385.4738,1394.4058,1394.3046,1402.328,1398.6848,1406.8855,1413.127,1413.0437,1413.4165
Switzerland,On-farm electricity use,Emissions (CH4),kilotonnes,1.1891,1.2227,1.2215,1.2191,1.2299,1.2335,1.2575,1.2047,1.2155,1.2035,1.2035,1.1867,1.1831,1.1963,1.1675,1.1831,1.1699,1.1628,1.1603,1.1588,1.1588
Switzerland,On-farm electricity use,Emissions (N2O),kilotonnes,0.0063,0.0065,0.0065,0.0065,0.0066,0.0066,0.0067,0.0064,0.0065,0.0064,0.0064,0.0063,0.0063,0.0064,0.0062,0.0064,0.0062,0.0062,0.0062,0.0061,0.0061
Switzerland,On-farm electricity use,Emissions (CO2),kilotonnes,25.0441,25.4574,28.3213,27.5751,28.4794,33.0614,34.1609,29.7026,29.0077,26.1412,27.3674,29.5148,27.6438,28.8263,28.1324,28.5083,28.1903,28.0167,27.9589,27.9242,27.9242
Switzerland,On-farm electricity use,Emissions (CO2eq) from CH4 (AR5),kilotonnes,33.2948,34.2356,34.202,34.1348,34.4372,34.538,35.21,33.7316,34.034,33.698,33.698,33.2276,33.1268,33.4964,32.69,33.1268,32.7572,32.5584,32.4884,32.4464,32.4464
Switzerland,On-farm electricity use,Emissions (CO2eq) from N2O (AR5),kilotonnes,1.6695,1.7225,1.7225,1.7225,1.749,1.749,1.7755,1.696,1.7225,1.696,1.696,1.6695,1.6695,1.696,1.643,1.696,1.643,1.643,1.643,1.6165,1.6165
Switzerland,On-farm electricity use,Emissions (CO2eq) (AR5),kilotonnes,60.0084,61.4155,64.2458,63.4324,64.6656,69.3484,71.1464,65.1302,64.7642,61.5352,62.7614,64.4119,62.4401,64.0187,62.4654,63.3311,62.5905,62.2181,62.0903,61.9871,61.9871
Switzerland,Food Processing,Emissions (CH4),kilotonnes,2.1546,2.1813,2.2212,2.1325,2.2458,2.1888,2.3424,2.3361,2.4739,2.7921,2.8532,2.805,2.8704,3.0687,3.1804,3.1382,3.1164,3.303,3.1697,3.1697,3.0754
Switzerland,Food Processing,Emissions (N2O),kilotonnes,0.0154,0.0157,0.0153,0.0147,0.0152,0.0148,0.0161,0.0159,0.0165,0.0185,0.0189,0.0182,0.0184,0.0199,0.02,0.0198,0.0195,0.0205,0.0195,0.0195,0.0186
Switzerland,Food Processing,Emissions (CO2),kilotonnes,744.3531,764.3398,704.0916,683.9819,678.8149,707.5799,800.5403,785.0564,765.5374,857.1752,901.2187,791.7998,764.733,869.3778,859.8537,804.3096,767.3904,795.7617,767.7432,767.7432,656.686
Switzerland,Food Processing,Emissions (CO2eq) from CH4 (AR5),kilotonnes,60.3288,61.0764,62.1936,59.71,62.8824,61.2864,65.5872,65.4108,69.2692,78.1788,79.8896,78.54,80.3712,85.9236,89.0512,87.8696,87.2592,92.484,88.7516,88.7516,86.1102
Switzerland,Food Processing,Emissions (CO2eq) from N2O (AR5),kilotonnes,4.081,4.1605,4.0545,3.8955,4.028,3.922,4.2665,4.2135,4.3725,4.9025,5.0085,4.823,4.876,5.2735,5.3,5.247,5.1675,5.4325,5.1675,5.1675,4.9238
Switzerland,Food Processing,Emissions (CO2eq) (AR5),kilotonnes,808.7629,829.5767,770.3397,747.5874,745.7253,772.7883,870.394,854.6807,839.1791,940.2565,986.1168,875.1628,849.9802,960.5749,954.2049,897.4262,859.8171,893.6782,861.6623,861.6623,747.7199
Switzerland,Food Packaging,Emissions (CH4),kilotonnes,1.3038,1.5913,1.7697,1.7473,1.8173,1.6967,1.2127,1.2126,1.2357,1.0888,1.045,0.8627,1.0046,0.9093,0.9555,0.9746,0.9133,0.9332,0.8732,0.9923,0.9628
Switzerland,Food Packaging,Emissions (N2O),kilotonnes,0.0077,0.0099,0.0108,0.0105,0.0107,0.0102,0.0078,0.0081,0.0083,0.0067,0.0064,0.0053,0.0061,0.0056,0.0059,0.0059,0.0055,0.0056,0.0052,0.0053,0.0051
Switzerland,Food Packaging,Emissions (CO2),kilotonnes,193.0155,292.123,255.2185,248.7069,248.5955,253.7001,256.4819,251.6189,255.3165,198.1244,196.6039,166.4382,197.3689,186.4367,203.4972,198.0391,185.4599,183.8012,181.4398,142.5084,121.894
Switzerland,Food Packaging,Emissions (CO2eq) from CH4 (AR5),kilotonnes,36.5064,44.5564,49.5516,48.9244,50.8844,47.5076,33.9556,33.9528,34.5996,30.4864,29.26,24.1556,28.1288,25.4604,26.754,27.2888,25.5724,26.1296,24.4496,27.7844,26.9575
Switzerland,Food Packaging,Emissions (CO2eq) from N2O (AR5),kilotonnes,2.0405,2.6235,2.862,2.7825,2.8355,2.703,2.067,2.1465,2.1995,1.7755,1.696,1.4045,1.6165,1.484,1.5635,1.5635,1.4575,1.484,1.378,1.4045,1.3382
Switzerland,Food Packaging,Emissions (CO2eq) (AR5),kilotonnes,231.5624,339.3029,307.6321,300.4138,302.3154,303.9107,292.5045,287.7182,292.1156,230.3863,227.5599,191.9983,227.1142,213.3811,231.8147,226.8914,212.4898,211.4148,207.2674,171.6973,150.1897
Switzerland,Food Retail,Emissions (CH4),kilotonnes,4.1647,4.3195,4.3707,4.5177,4.616,4.7035,4.7151,4.691,4.8306,4.8454,4.982,4.8547,4.8917,4.9158,4.736,4.8163,4.8204,4.8214,4.8013,5.1661,5.0123
Switzerland,Food Retail,Emissions (N2O),kilotonnes,0.0353,0.0341,0.0354,0.0367,0.0373,0.0386,0.0378,0.0376,0.0377,0.0431,0.0435,0.0405,0.0406,0.0384,0.0362,0.0367,0.037,0.0359,0.0356,0.0415,0.0395
Switzerland,Food Retail,Emissions (CO2),kilotonnes,1371.7152,1374.9932,1334.6986,1394.41,1365.2966,1452.3688,1382.8593,1270.9837,1305.3391,1399.7307,1479.6437,1247.2056,1320.8891,1324.1842,1097.0562,1166.8103,1207.8453,1148.0233,1076.9077,1246.7084,1066.3669
Switzerland,Food Retail,Emissions (CO2eq) from F-gases (AR5),kilotonnes,2014.1015,2363.725,2665.035,2987.125,3305.059,3728.971,4061.9705,4394.97,4452.6345,4482.7655,4497.831,4506.6625,4514.455,4520.689,4520.689,4520.689,2424.5065,2467.1055,2510.224,2552.823,2458.5426
Switzerland,Food Retail,Emissions (CO2eq) from CH4 (AR5),kilotonnes,116.6116,120.946,122.3796,126.4956,129.248,131.698,132.0228,131.348,135.2568,135.6712,139.496,135.9316,136.9676,137.6424,132.608,134.8564,134.9712,134.9992,134.4364,144.6508,140.3457
Switzerland,Food Retail,Emissions (CO2eq) from N2O (AR5),kilotonnes,9.3545,9.0365,9.381,9.7255,9.8845,10.229,10.017,9.964,9.9905,11.4215,11.5275,10.7325,10.759,10.176,9.593,9.7255,9.805,9.5135,9.434,10.9975,10.4788
Switzerland,Food Retail,Emissions (CO2eq) (AR5),kilotonnes,3511.7828,3868.7007,4131.4942,4517.7561,4809.4881,5323.2668,5586.8696,5807.2657,5903.2209,6029.5889,6128.4982,5900.5322,5983.0707,5992.6916,5759.9462,5832.0812,3777.128,3759.6415,3731.0021,3955.1797,3675.734
Switzerland,Food Household Consumption,Emissions (CH4),kilotonnes,2.4709,2.5287,2.5538,2.6194,2.7007,2.8081,2.8121,2.7575,2.829,2.8298,2.9429,2.8019,2.872,2.9444,2.8317,2.9086,2.959,2.9666,2.9347,2.9347,2.8474
Switzerland,Food Household Consumption,Emissions (N2O),kilotonnes,0.0212,0.022,0.0218,0.0226,0.0231,0.0237,0.0233,0.0219,0.0228,0.0225,0.0235,0.0211,0.022,0.0228,0.0205,0.0212,0.0217,0.0214,0.0206,0.0206,0.0196
Switzerland,Food Household Consumption,Emissions (CO2),kilotonnes,1373.4344,1444.1376,1402.0006,1475.5426,1480.922,1525.2303,1467.7036,1300.8427,1380.4403,1344.2332,1447.7688,1170.3699,1281.0098,1363.4697,1077.726,1146.2156,1186.2455,1133.1861,1044.6274,1044.6274,893.5178
Switzerland,Food Household Consumption,Emissions (CO2eq) from CH4 (AR5),kilotonnes,69.1852,70.8036,71.5064,73.3432,75.6196,78.6268,78.7388,77.21,79.212,79.2344,82.4012,78.4532,80.416,82.4432,79.2876,81.4408,82.852,83.0648,82.1716,82.1716,79.726
Switzerland,Food Household Consumption,Emissions (CO2eq) from N2O (AR5),kilotonnes,5.618,5.83,5.777,5.989,6.1215,6.2805,6.1745,5.8035,6.042,5.9625,6.2275,5.5915,5.83,6.042,5.4325,5.618,5.7505,5.671,5.459,5.459,5.2015
Switzerland,Food Household Consumption,Emissions (CO2eq) (AR5),kilotonnes,1448.2376,1520.7712,1479.284,1554.8748,1562.6631,1610.1376,1552.6169,1383.8562,1465.6943,1429.4301,1536.3975,1254.4146,1367.2558,1451.9549,1162.4461,1233.2744,1274.848,1221.9219,1132.258,1132.258,978.4453
Switzerland,Food Transport,Emissions (CH4),kilotonnes,0.567,0.5274,0.4921,0.4658,0.4349,0.3997,0.3754,0.3626,0.3451,0.3231,0.3011,0.2835,0.2682,0.2528,0.2396,0.2186,0.2096,0.2008,0.1917,0,0
Switzerland,Food Transport,Emissions (N2O),kilotonnes,0.2203,0.2071,0.1951,0.1865,0.1761,0.1649,0.1586,0.1545,0.1503,0.1426,0.1352,0.1314,0.1296,0.1279,0.1266,0.1227,0.1218,0.12,0.1161,0.1192,0.1136
Switzerland,Food Transport,Emissions (CO2),kilotonnes,3587.232,3520.772,3498.116,3542.288,3584.916,3606.172,3628.07,3699.057,3787.581,3743.431,3721.711,3677.461,3701.098,3700.386,3677.826,3500.894,3479.054,3412.564,3323.773,3737.7835,3197.0978
Switzerland,Food Transport,Emissions (CO2eq) from CH4 (AR5),kilotonnes,15.876,14.7672,13.7788,13.0424,12.1772,11.1916,10.5112,10.1528,9.6628,9.0468,8.4308,7.938,7.5096,7.0784,6.7088,6.1208,5.8688,5.6224,5.3676,0,0
Switzerland,Food Transport,Emissions (CO2eq) from N2O (AR5),kilotonnes,58.3795,54.8815,51.7015,49.4225,46.6665,43.6985,42.029,40.9425,39.8295,37.789,35.828,34.821,34.344,33.8935,33.549,32.5155,32.277,31.8,30.7665,31.588,30.098
Switzerland,Food Transport,Emissions (CO2eq) (AR5),kilotonnes,3661.4875,3590.4207,3563.5963,3604.7529,3643.7597,3661.0621,3680.6102,3750.1523,3837.0733,3790.2668,3765.9698,3720.22,3742.9516,3741.3579,3718.0838,3539.5303,3517.1998,3449.9864,3359.9071,3769.3715,3227.1958
Switzerland,Energy,Emissions (CH4),kilotonnes,19,19.2,18.9,19.4,20.4,22.2,23.1,23.7,25.9,27.3,28.8,27.8,29.2,31.9,32.6,35.7,33.8,34.2,34.1,33.6,32.6
Switzerland,Energy,Emissions (N2O),kilotonnes,1.43,1.4,1.33,1.31,1.26,1.23,1.21,1.17,1.17,1.13,1.12,1.07,1.09,1.1,1.05,1.04,1.06,1.05,1.04,1.06,1.01
Switzerland,Energy,Emissions (CO2),kilotonnes,37000,40800,38700,38200,38300,39200,39800,35900,38300,39500,36700,34700,35500,37900,33200,33300,32000,32300,31000,31800,27200
Switzerland,Energy,Emissions (CO2eq) from CH4 (AR5),kilotonnes,532,537.6,529.2,543.2,571.2,621.6,646.8,663.6,725.2,764.4,806.4,778.4,817.6,893.2,912.8,999.6,946.4,957.6,954.8,940.8,912.8
Switzerland,Energy,Emissions (CO2eq) from N2O (AR5),kilotonnes,378.95,371,352.45,347.15,333.9,325.95,320.65,310.05,310.05,299.45,296.8,283.55,288.85,291.5,278.25,275.6,280.9,278.25,275.6,280.9,267.65
Switzerland,Energy,Emissions (CO2eq) (AR5),kilotonnes,37910.95,41708.6,39581.65,39090.35,39205.1,40147.55,40767.45,36873.65,39335.25,40563.85,37803.2,35761.95,36606.45,39084.7,34391.05,34575.2,33227.3,33535.85,32230.4,33021.7,28380.45
Switzerland,IPPU,Emissions (CH4),kilotonnes,0.0078,0.0078,0.0079,0.0083,0.0086,0.009,0.0094,0.0098,0.0102,0.0101,0.0103,0.0105,0.0107,0.0109,0.0109,0.0109,0.0109,0.0109,0.0115,0.0106,0.0099
Switzerland,IPPU,Emissions (N2O),kilotonnes,0.332,0.336,0.344,0.323,0.331,0.303,0.318,0.318,0.356,0.339,0.385,0.365,0.38,0.381,0.383,0.385,0.386,0.387,0.388,0.43,0.396
Switzerland,IPPU,Emissions (CO2),kilotonnes,2450,2480,2410,2410,2530,2650,2600,2660,2630,2620,2800,2740,2600,2620,2690,2570,2620,2620,2610,2580,2480
Switzerland,IPPU,Emissions (CO2eq) from F-gases (AR5),kilotonnes,1574.2424,1788.0284,1953.2267,2050.4022,2273.9057,2332.211,2711.1953,2895.8287,3090.1796,3148.4848,3245.6603,3410.8586,3770.4078,3877.3008,3964.7587,4023.064,3799.5604,3867.5832,3731.5376,3420.5761,3294.248
Switzerland,IPPU,Emissions (CO2eq) from CH4 (AR5),kilotonnes,0.2176,0.219,0.2206,0.2313,0.2419,0.2526,0.2632,0.2738,0.2856,0.2828,0.2884,0.294,0.2996,0.3052,0.3052,0.3052,0.3052,0.3052,0.322,0.2968,0.2758
Switzerland,IPPU,Emissions (CO2eq) from N2O (AR5),kilotonnes,87.98,89.04,91.16,85.595,87.715,80.295,84.27,84.27,94.34,89.835,102.025,96.725,100.7,100.965,101.495,102.025,102.29,102.555,102.82,113.95,104.94
Switzerland,IPPU,Emissions (CO2eq) (AR5),kilotonnes,4112.44,4357.2874,4454.6074,4546.2284,4891.8626,5062.7586,5395.7285,5640.3725,5814.8052,5858.6026,6147.9737,6247.8776,6471.4074,6598.571,6756.5589,6695.3942,6522.1556,6590.4434,6444.6796,6114.8229,5879.4638
Switzerland,Waste,Emissions (CH4),kilotonnes,35.5,35.4,34.7,32.6,33.2,32.5,31.8,32.1,29.4,18.3,18.2,18.7,18.6,18.5,19.4,18.9,19.3,19.7,19.1,18.7,18.2
Switzerland,Waste,Emissions (N2O),kilotonnes,0.645,0.649,0.656,0.653,0.651,0.649,0.648,0.653,0.659,0.666,0.667,0.673,0.674,0.68,0.676,0.674,0.702,0.699,0.687,0.698,0.693
Switzerland,Waste,Emissions (CO2),kilotonnes,14.4,13.4,12.4,12,11.7,11.4,11.4,11,10.8,10.4,10.2,9.95,9.89,9.77,9.59,9.53,9.41,9.21,9.07,8.78,8.63
Switzerland,Waste,Emissions (CO2eq) from CH4 (AR5),kilotonnes,994,991.2,971.6,912.8,929.6,910,890.4,898.8,823.2,512.4,509.6,523.6,520.8,518,543.2,529.2,540.4,551.6,534.8,523.6,509.6
Switzerland,Waste,Emissions (CO2eq) from N2O (AR5),kilotonnes,170.925,171.985,173.84,173.045,172.515,171.985,171.72,173.045,174.635,176.49,176.755,178.345,178.61,180.2,179.14,178.61,186.03,185.235,182.055,184.97,183.645
Switzerland,Waste,Emissions (CO2eq) (AR5),kilotonnes,1179.325,1176.585,1157.84,1097.845,1113.815,1093.385,1073.52,1082.845,1008.635,699.29,696.555,711.895,709.3,707.97,731.93,717.34,735.84,746.045,725.925,717.35,701.875
Switzerland,Other,Emissions (N2O),kilotonnes,0.675,0.655,0.617,0.606,0.588,0.575,0.563,0.543,0.544,0.52,0.519,0.475,0.482,0.48,0.442,0.423,0.425,0.416,0.4,0.383,0.369
Switzerland,Other,Emissions (CO2eq) from N2O (AR5),kilotonnes,178.875,173.575,163.505,160.59,155.82,152.375,149.195,143.895,144.16,137.8,137.535,125.875,127.73,127.2,117.13,112.095,112.625,110.24,106,101.495,97.785
Switzerland,Other,Emissions (CO2eq) (AR5),kilotonnes,178.875,173.575,163.505,160.59,155.82,152.375,149.195,143.895,144.16,137.8,137.535,125.875,127.73,127.2,117.13,112.095,112.625,110.24,106,101.495,97.785
Switzerland,Farm-gate emissions,Emissions (CH4),kilotonnes,167.6331,169.4794,167.7001,164.7034,161.7994,163.1853,164.007,163.5939,166.4883,163.9228,163.5862,162.5011,161.2265,159.9315,159.8644,158.083,157.114,156.2066,156.0883,153.045,151.4828
Switzerland,Farm-gate emissions,Direct emissions (N2O),kilotonnes,3.2194,3.3356,3.0872,3.0647,3.113,3.2477,3.2521,3.1784,3.2809,3.2306,3.2124,3.1408,3.0039,3.1215,3.1555,3.1207,3.1271,3.0959,3.0173,2.8863,2.9556
Switzerland,Farm-gate emissions,Indirect emissions (N2O),kilotonnes,1.0567,1.0965,1.0165,1.0127,1.0251,1.0706,1.0726,1.0479,1.0812,1.064,1.0604,1.0357,0.992,1.0307,1.0396,1.0277,1.032,1.0184,0.9938,0.9502,0.9703
Switzerland,Farm-gate emissions,Emissions (N2O),kilotonnes,6.2936,6.4442,6.0716,6.0145,6.0492,6.2468,6.2548,6.1421,6.3043,6.2156,6.2,6.0816,5.9009,6.0543,6.0823,6.0282,6.034,5.9803,5.8701,5.6603,5.7363
Switzerland,Farm-gate emissions,Emissions (CO2),kilotonnes,1476.4559,1486.6478,1386.4533,1388.8934,1401.6749,1392.7121,1397.6705,1347.6243,1370.5969,1345.2085,1358.9389,1289.533,1310.2433,1324.4116,1262.0424,1270.1657,1282.0812,1269.5526,1253.7709,1236.5334,1236.5334
Switzerland,Farm-gate emissions,Emissions (CO2eq) from CH4 (AR5),kilotonnes,4693.7258,4745.4223,4695.6034,4611.6953,4530.3821,4569.1871,4592.1946,4580.6281,4661.6726,4589.8387,4580.4139,4550.03,4514.3419,4478.0815,4476.204,4426.3249,4399.1933,4373.7854,4370.4727,4285.2608,4241.5181
Switzerland,Farm-gate emissions,Emissions (CO2eq) from N2O (AR5),kilotonnes,1667.8076,1707.726,1608.9789,1593.8321,1603.0416,1655.4123,1657.5148,1627.6601,1670.6344,1647.1431,1642.9953,1611.6147,1563.7264,1604.3819,1611.8085,1597.4815,1599.0077,1584.769,1555.5796,1499.9731,1520.1149
Switzerland,Farm-gate emissions,Emissions (CO2eq) (AR5),kilotonnes,7837.9893,7939.7961,7691.0356,7594.4207,7535.0986,7617.3116,7647.3799,7555.9125,7702.9038,7582.1903,7582.3481,7451.1778,7388.3116,7406.8751,7350.0549,7293.9721,7280.2822,7228.107,7179.8232,7021.7672,6998.1663
Switzerland,Land Use change,Emissions (CH4),kilotonnes,0,0,0,0,0,0,0,0,0,0,0,0,0,0,0,0,0,0,0,0,0
Switzerland,Land Use change,Emissions (N2O),kilotonnes,0,0,0,0,0,0,0,0,0,0,0,0,0,0,0,0,0,0,0,0,0
Switzerland,Land Use change,Emissions (CO2),kilotonnes,457.4607,482.06,482.06,482.06,482.06,482.06,482.06,482.06,482.06,482.06,482.06,511.6905,511.6905,511.6905,511.6905,511.6905,511.0195,511.0195,511.0195,511.0195,511.0195
Switzerland,Land Use change,Emissions (CO2eq) from CH4 (AR5),kilotonnes,0,0,0,0,0,0,0,0,0,0,0,0,0,0,0,0,0,0,0,0,0
Switzerland,Land Use change,Emissions (CO2eq) from N2O (AR5),kilotonnes,0,0,0,0,0,0,0,0,0,0,0,0,0,0,0,0,0,0,0,0,0
Switzerland,Land Use change,Emissions (CO2eq) (AR5),kilotonnes,457.4607,482.06,482.06,482.06,482.06,482.06,482.06,482.06,482.06,482.06,482.06,511.6905,511.6905,511.6905,511.6905,511.6905,511.0195,511.0195,511.0195,511.0195,511.0195
Switzerland,Emissions on agricultural land,Emissions (CH4),kilotonnes,167.6331,169.4794,167.7001,164.7034,161.7994,163.1853,164.007,163.5939,166.4883,163.9228,163.5862,162.5011,161.2265,159.9315,159.8644,158.083,157.114,156.2066,156.0883,153.045,151.4828
Switzerland,Emissions on agricultural land,Emissions (N2O),kilotonnes,6.2936,6.4442,6.0716,6.0145,6.0492,6.2468,6.2548,6.1421,6.3043,6.2156,6.2,6.0816,5.9009,6.0543,6.0823,6.0282,6.034,5.9803,5.8701,5.6603,5.7363
Switzerland,Emissions on agricultural land,Emissions (CO2),kilotonnes,1933.9166,1968.7077,1868.5133,1870.9533,1883.7349,1874.7721,1879.7305,1829.6842,1852.6568,1827.2685,1840.9989,1801.2236,1821.9338,1836.1021,1773.7329,1781.8562,1793.1007,1780.5721,1764.7905,1747.5529,1747.5529
Switzerland,Emissions on agricultural land,Emissions (CO2eq) from CH4 (AR5),kilotonnes,4693.7258,4745.4223,4695.6034,4611.6953,4530.3821,4569.1871,4592.1946,4580.6281,4661.6726,4589.8387,4580.4139,4550.03,4514.3419,4478.0815,4476.204,4426.3249,4399.1933,4373.7854,4370.4727,4285.2608,4241.5181
Switzerland,Emissions on agricultural land,Emissions (CO2eq) from N2O (AR5),kilotonnes,1667.8076,1707.726,1608.9789,1593.8321,1603.0416,1655.4123,1657.5148,1627.6601,1670.6344,1647.1431,1642.9953,1611.6147,1563.7264,1604.3819,1611.8085,1597.4815,1599.0077,1584.769,1555.5796,1499.9731,1520.1149
Switzerland,Emissions on agricultural land,Emissions (CO2eq) (AR5),kilotonnes,8295.45,8421.8561,8173.0956,8076.4807,8017.1586,8099.3715,8129.4399,8037.9725,8184.9638,8064.2502,8064.4081,7962.8683,7900.0021,7918.5656,7861.7454,7805.6626,7791.3017,7739.1265,7690.8428,7532.7867,7509.1858
Switzerland,Pre- and post- production,Emissions (CH4),kilotonnes,41.0866,41.783,42.4516,42.5071,43.2854,43.4639,43.3716,43.6294,44.2261,44.8126,45.2322,45.2304,45.7437,46.1285,45.7567,46.1238,45.9726,46.316,46.1979,46.4388,46.0251
Switzerland,Pre- and post- production,Emissions (N2O),kilotonnes,0.6663,0.6588,0.6522,0.6511,0.6478,0.641,0.6409,0.6492,0.6522,0.6639,0.6671,0.6684,0.665,0.6754,0.6886,0.6932,0.6895,0.7025,0.7029,0.717,0.7125
Switzerland,Pre- and post- production,Emissions (CO2),kilotonnes,7637.0873,7764.4543,7566.0761,7718.1786,7734.1351,7925.6953,7918.0978,7686.9225,7874.7607,7920.0958,8126.5855,7437.3917,7646.7952,7827.1149,7298.9143,7199.0165,7208.3033,7055.6356,6777.2929,7322.0713,6318.6214
Switzerland,Pre- and post- production,Emissions (CO2eq) from F-gases (AR5),kilotonnes,2014.1015,2363.725,2665.035,2987.125,3305.059,3728.971,4061.9705,4394.97,4452.6345,4482.7655,4497.831,4506.6625,4514.455,4520.689,4520.689,4520.689,2424.5065,2467.1055,2510.224,2552.823,2458.5426
Switzerland,Pre- and post- production,Emissions (CO2eq) from CH4 (AR5),kilotonnes,1150.426,1169.9228,1188.6455,1190.1993,1211.992,1216.9898,1214.4042,1221.6235,1238.3301,1254.7533,1266.5024,1266.4523,1280.8226,1291.5971,1281.1874,1291.4658,1287.2339,1296.8483,1293.5415,1300.2874,1288.7018
Switzerland,Pre- and post- production,Emissions (CO2eq) from N2O (AR5),kilotonnes,176.573,174.5945,172.8319,172.546,171.6716,169.8712,169.8478,172.0481,172.8239,175.9439,176.7933,177.1143,176.2137,178.9839,182.475,183.6912,182.7142,186.1569,186.2558,190.0179,188.8226
Switzerland,Pre- and post- production,Emissions (CO2eq) (AR5),kilotonnes,10978.1878,11472.6966,11592.5886,12068.0489,12422.8577,13041.5273,13364.3202,13475.5641,13738.5493,13833.5585,14067.7122,13387.6208,13618.2864,13818.3849,13283.2657,13194.8626,11102.758,11005.7464,10767.3142,11365.1996,10254.6884
Switzerland,Agri-food systems,Emissions (CH4),kilotonnes,208.7197,211.2623,210.1517,207.2105,205.0848,206.6492,207.3785,207.2233,210.7144,208.7354,208.8184,207.7315,206.9702,206.06,205.6211,204.2068,203.0867,202.5226,202.2862,199.4839,197.5079
Switzerland,Agri-food systems,Emissions (N2O),kilotonnes,6.9599,7.1031,6.7238,6.6656,6.697,6.8879,6.8957,6.7914,6.9564,6.8796,6.8671,6.7499,6.5658,6.7297,6.7709,6.7214,6.7235,6.6827,6.573,6.3773,6.4488
Switzerland,Agri-food systems,Emissions (CO2),kilotonnes,9571.0039,9733.162,9434.5894,9589.1319,9617.87,9800.4674,9797.8283,9516.6068,9727.4175,9747.3643,9967.5844,9238.6152,9468.729,9663.217,9072.6471,8980.8728,9001.404,8836.2077,8542.0834,9069.6242,8066.1743
Switzerland,Agri-food systems,Emissions (CO2eq) from F-gases (AR5),kilotonnes,2014.1015,2363.725,2665.035,2987.125,3305.059,3728.971,4061.9705,4394.97,4452.6345,4482.7655,4497.831,4506.6625,4514.455,4520.689,4520.689,4520.689,2424.5065,2467.1055,2510.224,2552.823,2458.5426
Switzerland,Agri-food systems,Emissions (CO2eq) from CH4 (AR5),kilotonnes,5844.1518,5915.3451,5884.2489,5801.8946,5742.3741,5786.1769,5806.5988,5802.2516,5900.0027,5844.592,5846.9163,5816.4823,5795.1645,5769.6786,5757.3915,5717.7907,5686.4273,5670.6338,5664.0143,5585.5482,5530.2199
Switzerland,Agri-food systems,Emissions (CO2eq) from N2O (AR5),kilotonnes,1844.3806,1882.3205,1781.8109,1766.3781,1774.7132,1825.2835,1827.3625,1799.7082,1843.4583,1823.087,1819.7886,1788.729,1739.9401,1783.3658,1794.2836,1781.1727,1781.7219,1770.9259,1741.8353,1689.991,1708.9375
Switzerland,Agri-food systems,Emissions (CO2eq) (AR5),kilotonnes,19273.6378,19894.5527,19765.6842,20144.5296,20440.0163,21140.8989,21493.7601,21513.5366,21923.5131,21897.8087,22132.1203,21350.4891,21518.2886,21736.9505,21145.0112,21000.5252,18894.0597,18744.8729,18458.157,18897.9863,17763.8742
Switzerland,IPCC Agriculture,Emissions (CH4),kilotonnes,167.5001,169.3425,167.5747,164.5724,161.6649,163.0515,163.8779,163.4585,166.3565,163.7959,163.4618,162.3919,161.1243,159.8367,159.7818,158.0052,157.0389,156.1335,156.0167,152.9756,151.4133
Switzerland,IPCC Agriculture,Emissions (CH4),kilotonnes,157.437,158.7014,157.4829,155.9621,155.4264,157.8905,159.2726,160.0858,164.1464,161.5184,160.6246,160.3908,160.7008,158.9699,160.0846,159.5955,158.4922,156.9626,156.3663,153.9283,152.8971
Switzerland,IPCC Agriculture,Direct emissions (N2O),kilotonnes,3.2194,3.3356,3.0872,3.0647,3.113,3.2477,3.2521,3.1784,3.2809,3.2306,3.2124,3.1408,3.0039,3.1215,3.1555,3.1207,3.1271,3.0959,3.0173,2.8863,2.9556
Switzerland,IPCC Agriculture,Indirect emissions (N2O),kilotonnes,1.0567,1.0965,1.0165,1.0127,1.0251,1.0706,1.0726,1.0479,1.0812,1.064,1.0604,1.0357,0.992,1.0307,1.0396,1.0277,1.032,1.0184,0.9938,0.9502,0.9703
Switzerland,IPCC Agriculture,Emissions (N2O),kilotonnes,6.1613,6.3027,5.9379,5.8732,5.9077,6.1013,6.1111,6.0085,6.1623,6.076,6.054,5.9542,5.7651,5.9121,5.9591,5.902,5.9049,5.8547,5.7494,5.5401,5.6161
Switzerland,IPCC Agriculture,Emissions (N2O),kilotonnes,6.7412,6.75,6.6801,6.5273,6.4818,6.5253,6.5382,6.6539,6.6351,6.5403,6.6877,6.5689,6.5579,6.5013,6.7826,6.5736,6.5353,6.5919,6.4654,6.3405,6.3412
Switzerland,IPCC Agriculture,Emissions (CO2),kilotonnes,39.3176,40.0465,40.8991,39.2818,43.7721,42.1583,41.637,45.9131,43.6456,41.4992,44.4376,43.5136,41.6297,42.32,45.8135,44.6888,47.3653,47.9785,46.4701,45.3911,44.8482
Switzerland,IPCC Agriculture,Emissions (CO2eq) from CH4 (AR5),kilotonnes,4690.0028,4741.5892,4692.092,4608.0272,4526.6179,4565.4425,4588.5816,4576.8388,4657.9818,4586.2841,4576.9291,4546.9731,4511.4817,4475.4269,4473.8908,4424.1455,4397.0897,4371.7373,4368.4668,4283.3157,4239.573
Switzerland,IPCC Agriculture,Emissions (CO2eq) from CH4 (AR5),kilotonnes,4408.2373,4443.6399,4409.5224,4366.9378,4351.9405,4420.9343,4459.6332,4482.4032,4596.1003,4522.5144,4497.4875,4490.9418,4499.6213,4451.1572,4482.3687,4468.6744,4437.7822,4394.9526,4378.2564,4309.9911,4281.1184
Switzerland,IPCC Agriculture,Emissions (CO2eq) from N2O (AR5),kilotonnes,1632.7472,1670.2063,1573.533,1556.4027,1565.5358,1616.8449,1619.4459,1592.2471,1633.0117,1610.1288,1604.3015,1577.8533,1527.762,1566.6977,1579.1637,1564.0259,1564.7965,1551.4974,1523.6032,1468.13,1488.2718
Switzerland,IPCC Agriculture,Emissions (CO2eq) from N2O (AR5),kilotonnes,1786.4179,1788.7387,1770.222,1729.7236,1717.6813,1729.1956,1732.625,1763.2876,1758.2901,1733.1915,1772.2329,1740.7597,1737.8429,1722.8391,1797.394,1742.0064,1731.8579,1746.8445,1713.3408,1680.2196,1680.4291
Switzerland,IPCC Agriculture,Emissions (CO2eq) (AR5),kilotonnes,6322.7499,6411.7955,6265.6249,6164.43,6092.1537,6182.2874,6208.0275,6169.0859,6290.9935,6196.4129,6181.2305,6124.8263,6039.2437,6042.1246,6053.0545,5988.1714,5961.8861,5923.2347,5892.07,5751.4458,5727.8449
Switzerland,IPCC Agriculture,Emissions (CO2eq) (AR5),kilotonnes,6233.9728,6272.4252,6220.6435,6135.9432,6113.3939,6192.2882,6233.8952,6291.6038,6398.0361,6297.2051,6314.158,6275.2152,6279.094,6216.3162,6325.5761,6255.3696,6217.0054,6189.7756,6138.0673,6035.6018,6006.3956
Switzerland,Agricultural Soils,Direct emissions (N2O),kilotonnes,3.2194,3.3356,3.0872,3.0647,3.113,3.2477,3.2521,3.1784,3.2809,3.2306,3.2124,3.1408,3.0039,3.1215,3.1555,3.1207,3.1271,3.0959,3.0173,2.8863,2.9556
Switzerland,Agricultural Soils,Direct emissions (N2O),kilotonnes,3.9261,3.9236,3.8921,3.7859,3.7538,3.7575,3.7482,3.8225,3.8047,3.7642,3.8875,3.8108,3.8149,3.7861,4.019,3.8577,3.8313,3.8851,3.7946,3.7189,3.7274
Switzerland,Agricultural Soils,Indirect emissions (N2O),kilotonnes,1.0567,1.0965,1.0165,1.0127,1.0251,1.0706,1.0726,1.0479,1.0812,1.064,1.0604,1.0357,0.992,1.0307,1.0396,1.0277,1.032,1.0184,0.9938,0.9502,0.9703
Switzerland,Agricultural Soils,Indirect emissions (N2O),kilotonnes,1.5008,1.4798,1.4364,1.4038,1.4012,1.415,1.4224,1.4589,1.4488,1.408,1.4316,1.3972,1.3862,1.3698,1.413,1.3724,1.3704,1.3823,1.3589,1.3313,1.3314
Switzerland,Agricultural Soils,Emissions (N2O),kilotonnes,4.9267,5.0549,4.7023,4.6608,4.7153,4.8968,4.9028,4.8046,4.9394,4.8719,4.851,4.7562,4.5758,4.7331,4.7785,4.7319,4.7428,4.6978,4.5935,4.4081,4.4974
Switzerland,Agricultural Soils,Emissions (N2O),kilotonnes,5.4269,5.4033,5.3285,5.1897,5.155,5.1725,5.1706,5.2814,5.2535,5.1723,5.3192,5.208,5.2011,5.1558,5.432,5.2301,5.2017,5.2674,5.1535,5.0502,5.0588
Switzerland,Agricultural Soils,Emissions (CO2eq) from N2O (AR5),kilotonnes,1305.5721,1339.5452,1246.0981,1235.1219,1249.5557,1297.6437,1299.2362,1273.2224,1308.9298,1291.0637,1285.5174,1260.4043,1212.5749,1254.2812,1266.2938,1253.9501,1256.8362,1244.9283,1217.2697,1168.1381,1191.8084
Switzerland,Agricultural Soils,Emissions (CO2eq) from N2O (AR5),kilotonnes,1438.1205,1431.8861,1412.0593,1375.2783,1366.0824,1370.7167,1370.2059,1399.5783,1392.1691,1370.653,1409.575,1380.1209,1378.288,1366.2935,1439.4712,1385.9699,1378.4438,1395.851,1365.6698,1338.3001,1340.5787
Switzerland,Agricultural Soils,Emissions (CO2eq) (AR5),kilotonnes,1305.5721,1339.5452,1246.0981,1235.1219,1249.5557,1297.6437,1299.2362,1273.2224,1308.9298,1291.0637,1285.5174,1260.4043,1212.5749,1254.2812,1266.2938,1253.9501,1256.8362,1244.9283,1217.2697,1168.1381,1191.8084
Switzerland,Agricultural Soils,Emissions (CO2eq) (AR5),kilotonnes,1438.1205,1431.8861,1412.0593,1375.2783,1366.0824,1370.7167,1370.2059,1399.5783,1392.1691,1370.653,1409.575,1380.1209,1378.288,1366.2935,1439.4712,1385.9699,1378.4438,1395.851,1365.6698,1338.3001,1340.5787
Switzerland,LULUCF,Emissions (CH4),kilotonnes,0,0,0.015,0.005,0,0,0,0.005,0,0.0349,0,0,0,0,0.0499,0,0,0,0,0,0
Switzerland,LULUCF,Emissions (CH4),kilotonnes,0.5609,0.5378,0.7362,0.78,0.5258,0.5284,0.5569,0.6148,0.5097,0.5089,0.4911,0.5626,0.4898,0.4879,0.4964,0.4954,0.6042,0.5254,0.4996,0.4793,
Switzerland,LULUCF,Emissions (N2O),kilotonnes,0,0,0.0014,0.0005,0,0,0,0.0005,0,0.0032,0,0,0,0,0.0046,0,0,0,0,0,0
Switzerland,LULUCF,Emissions (N2O),kilotonnes,0.1527,0.1515,0.1628,0.1652,0.1511,0.152,0.1547,0.1595,0.1556,0.1568,0.1568,0.1617,0.1583,0.1664,0.168,0.1671,0.1719,0.1637,0.1612,0.16,
Switzerland,LULUCF,Emissions (CO2),kilotonnes,-922.2799,-1774.7209,-1808.9729,-1830.5216,-1839.3168,-1837.7261,-1838.1744,-1837.8158,-1839.3472,-1839.164,-1837.9559,-1693.0551,-1693.0551,-1691.4283,-1687.9828,-1687.9828,-1716.0806,-1716.2323,-1717.8321,-1733.8768,-1733.8769
Switzerland,LULUCF,Emissions (CO2),kilotonnes,5141.066,-1039.2713,-2734.8172,-2695.6622,-2669.3061,-2923.1574,-1986.8291,-903.5871,-2286.1036,-3230.5912,-2886.0691,-1201.0726,-2450.3463,-1933.0205,-427.3052,-2314.8137,-2297.9588,-1859.4418,-836.2334,-1992.6245,
Switzerland,LULUCF,Emissions (CO2eq) from CH4 (AR5),kilotonnes,0,0,0.4191,0.1397,0,0,0,0.1397,0,0.9781,0,0,0,0,1.3972,0,0,0,0,0,0
Switzerland,LULUCF,Emissions (CO2eq) from N2O (AR5),kilotonnes,0,0,0.3622,0.1207,0,0,0,0.1207,0,0.8452,0,0,0,0,1.2073,0,0,0,0,0,0
Switzerland,LULUCF,Emissions (CO2eq) (AR5),kilotonnes,-922.2799,-1774.7209,-1808.1917,-1830.2612,-1839.3168,-1837.7261,-1838.1744,-1837.5553,-1839.3472,-1837.3407,-1837.9559,-1693.0551,-1693.0551,-1691.4283,-1685.3783,-1687.9828,-1716.0806,-1716.2323,-1717.8321,-1733.8768,-1733.8769
Switzerland,LULUCF,Emissions (CO2eq) (AR5),kilotonnes,5141.066,-1039.2713,-2734.8172,-2695.6622,-2669.3061,-2923.1574,-1986.8291,-903.5871,-2286.1036,-3230.5912,-2886.0691,-1201.0726,-2450.3463,-1933.0205,-427.3052,-2314.8137,-2297.9588,-1859.4418,-836.2334,-1992.6245,
Switzerland,AFOLU,Emissions (CH4),kilotonnes,167.5001,169.3425,167.5897,164.5774,161.6649,163.0515,163.8779,163.4635,166.3565,163.8308,163.4618,162.3919,161.1243,159.8367,159.8317,158.0052,157.0389,156.1335,156.0167,152.9756,151.4133
Switzerland,AFOLU,Emissions (N2O),kilotonnes,6.1613,6.3027,5.9392,5.8737,5.9077,6.1013,6.1111,6.0089,6.1623,6.0791,6.054,5.9542,5.7651,5.9121,5.9637,5.902,5.9049,5.8547,5.7494,5.5401,5.6161
Switzerland,AFOLU,Emissions (CO2),kilotonnes,-922.2799,-1774.7209,-1808.9729,-1830.5216,-1839.3168,-1837.7261,-1838.1744,-1837.8158,-1839.3472,-1839.164,-1837.9559,-1693.0551,-1693.0551,-1691.4283,-1687.9828,-1687.9828,-1716.0806,-1716.2323,-1717.8321,-1733.8768,-1733.8769
Switzerland,AFOLU,Emissions (CO2eq) from CH4 (AR5),kilotonnes,4690.0028,4741.5892,4692.511,4608.1669,4526.6179,4565.4425,4588.5816,4576.9785,4657.9818,4587.2622,4576.9291,4546.9731,4511.4817,4475.4269,4475.288,4424.1455,4397.0897,4371.7373,4368.4668,4283.3157,4239.573
Switzerland,AFOLU,Emissions (CO2eq) from N2O (AR5),kilotonnes,1632.7472,1670.2063,1573.8951,1556.5235,1565.5358,1616.8449,1619.4459,1592.3678,1633.0117,1610.9739,1604.3015,1577.8533,1527.762,1566.6977,1580.371,1564.0259,1564.7965,1551.4974,1523.6032,1468.13,1488.2718
Switzerland,AFOLU,Emissions (CO2eq) (AR5),kilotonnes,5400.47,4637.0745,4457.4333,4334.1688,4252.8368,4344.5614,4369.8531,4331.5305,4451.6463,4359.0722,4343.2746,4431.7712,4346.1886,4350.6964,4367.6762,4300.1885,4245.8056,4207.0023,4174.2379,4017.5689,3993.968
Switzerland,All sectors with LULUCF,Emissions (CH4),kilotonnes,222.0079,223.9503,221.1976,216.5857,215.2736,217.7605,218.7873,219.2733,221.6667,209.4409,210.4721,208.9024,208.935,210.2476,211.8426,212.6161,210.1498,210.0444,209.2282,205.2862,202.2232
Switzerland,All sectors with LULUCF,Emissions (N2O),kilotonnes,9.2433,9.3427,8.8862,8.7657,8.7377,8.8583,8.8501,8.6929,8.8913,8.7341,8.745,8.5372,8.3911,8.5531,8.5147,8.424,8.4779,8.4067,8.2644,8.1111,8.0841
Switzerland,All sectors with LULUCF,Emissions (CO2),kilotonnes,38542.1201,41518.6791,39313.4271,38791.4784,39002.3832,40023.6739,40573.2256,36733.1842,39101.4528,40291.236,37672.2441,35756.8949,36416.8349,38838.3417,34211.6072,34191.5472,32913.3294,33212.9777,31901.2379,32654.9032,27954.7531
Switzerland,All sectors with LULUCF,Emissions (CO2eq) from F-gases (AR5),kilotonnes,1574.2424,1788.0284,1953.2267,2050.4022,2273.9057,2332.211,2711.1953,2895.8287,3090.1796,3148.4848,3245.6603,3410.8586,3770.4078,3877.3008,3964.7587,4023.064,3799.5604,3867.5832,3731.5376,3420.5761,3294.248
Switzerland,All sectors with LULUCF,Emissions (CO2eq) from CH4 (AR5),kilotonnes,6216.2203,6270.6081,6193.5317,6064.3982,6027.6598,6097.2951,6126.0448,6139.6523,6206.6674,5864.345,5893.2175,5849.2671,5850.1813,5886.9321,5931.5932,5953.2507,5884.1949,5881.2425,5858.3888,5748.0125,5662.2488
Switzerland,All sectors with LULUCF,Emissions (CO2eq) from N2O (AR5),kilotonnes,2449.4772,2475.8063,2354.8501,2322.9035,2315.4858,2347.4499,2345.2809,2303.6278,2356.1967,2314.5489,2317.4165,2262.3483,2223.652,2266.5627,2256.386,2232.3559,2246.6415,2227.7774,2190.0782,2149.445,2142.2918
Switzerland,All sectors with LULUCF,Emissions (CO2eq) (AR5),kilotonnes,48782.06,52053.1219,49815.0356,49229.1822,49619.4345,50800.6299,51755.7466,48072.293,50754.4965,51618.6148,49128.5383,47279.3688,48261.076,50869.1374,46364.3451,46400.2177,44843.7262,45189.5808,43681.2425,43972.9368,39053.5418
Switzerland,All sectors without LULUCF,Emissions (CH4),kilotonnes,222.0079,223.9503,221.1826,216.5807,215.2736,217.7605,218.7873,219.2683,221.6667,209.406,210.4721,208.9024,208.935,210.2476,211.7927,212.6161,210.1498,210.0444,209.2282,205.2862,202.2232
Switzerland,All sectors without LULUCF,Emissions (N2O),kilotonnes,9.2433,9.3427,8.8849,8.7652,8.7377,8.8583,8.8501,8.6925,8.8913,8.731,8.745,8.5372,8.3911,8.5531,8.5101,8.424,8.4779,8.4067,8.2644,8.1111,8.0841
Switzerland,All sectors without LULUCF,Emissions (CO2),kilotonnes,39464.4,43293.4,41122.4,40622,40841.7,41861.4,42411.4,38571,40940.8,42130.4,39510.2,37449.95,38109.89,40529.77,35899.59,35879.53,34629.41,34929.21,33619.07,34388.78,29688.63
Switzerland,All sectors without LULUCF,Emissions (CO2eq) from F-gases (AR5),kilotonnes,1574.2424,1788.0284,1953.2267,2050.4022,2273.9057,2332.211,2711.1953,2895.8287,3090.1796,3148.4848,3245.6603,3410.8586,3770.4078,3877.3008,3964.7587,4023.064,3799.5604,3867.5832,3731.5376,3420.5761,3294.248
Switzerland,All sectors without LULUCF,Emissions (CO2eq) from CH4 (AR5),kilotonnes,6216.2203,6270.6081,6193.1126,6064.2585,6027.6598,6097.2951,6126.0448,6139.5126,6206.6674,5863.3669,5893.2175,5849.2671,5850.1813,5886.9321,5930.196,5953.2507,5884.1949,5881.2425,5858.3888,5748.0125,5662.2488
Switzerland,All sectors without LULUCF,Emissions (CO2eq) from N2O (AR5),kilotonnes,2449.4772,2475.8063,2354.488,2322.7827,2315.4858,2347.4499,2345.2809,2303.5071,2356.1967,2313.7038,2317.4165,2262.3483,2223.652,2266.5627,2255.1787,2232.3559,2246.6415,2227.7774,2190.0782,2149.445,2142.2918
Switzerland,All sectors without LULUCF,Emissions (CO2eq) (AR5),kilotonnes,49704.3399,53827.8428,51623.2273,51059.4434,51458.7513,52638.356,53593.921,49909.8484,52593.8437,53455.9555,50966.4943,48972.4239,49954.1311,52560.5656,48049.7234,48088.2005,46559.8068,46905.8131,45399.0746,45706.8137,40787.4187
Syrian Arab Republic,Crop Residues,Direct emissions (N2O),kilotonnes,0.8667,1.1671,1.2913,1.3518,1.1952,1.266,1.3738,1.14,0.7136,1.0707,0.9522,1.0891,1.0386,0.9605,0.6854,0.9527,0.7328,0.7099,0.4929,1.3353,1.1619
Syrian Arab Republic,Crop Residues,Indirect emissions (N2O),kilotonnes,0.195,0.2626,0.2905,0.3042,0.2689,0.2849,0.3091,0.2565,0.1606,0.2409,0.2143,0.245,0.2337,0.2161,0.1542,0.2144,0.1649,0.1597,0.1109,0.3004,0.2614
Syrian Arab Republic,Crop Residues,Emissions (N2O),kilotonnes,1.0617,1.4297,1.5818,1.656,1.4642,1.5509,1.6829,1.3965,0.8741,1.3116,1.1665,1.3341,1.2723,1.1766,0.8397,1.1671,0.8977,0.8696,0.6038,1.6357,1.4234
Syrian Arab Republic,Crop Residues,Emissions (CO2eq) from N2O (AR5),kilotonnes,281.3591,378.8788,419.1893,438.84,388.0006,410.9862,445.9758,370.0706,231.6413,347.5644,309.1185,353.5409,337.1707,311.7922,222.5131,309.2727,237.9,230.4389,159.9959,433.4664,377.1929
Syrian Arab Republic,Crop Residues,Emissions (CO2eq) (AR5),kilotonnes,281.3591,378.8788,419.1893,438.84,388.0006,410.9862,445.9758,370.0706,231.6413,347.5644,309.1185,353.5409,337.1707,311.7922,222.5131,309.2727,237.9,230.4389,159.9959,433.4664,377.1929
Syrian Arab Republic,Rice Cultivation,Emissions (CH4),kilotonnes,,,,,,,,,,,,,,,,,,,,,
Syrian Arab Republic,Rice Cultivation,Emissions (CO2eq) from CH4 (AR5),kilotonnes,,,,,,,,,,,,,,,,,,,,,
Syrian Arab Republic,Rice Cultivation,Emissions (CO2eq) (AR5),kilotonnes,,,,,,,,,,,,,,,,,,,,,
Syrian Arab Republic,Burning - Crop residues,Emissions (CH4),kilotonnes,1.9625,1.9678,1.9631,2.0891,2.1303,2.1936,2.0521,1.9371,1.7962,1.6654,1.8294,1.8023,1.8937,1.5648,1.4574,1.416,1.3226,1.3372,1.2579,1.6051,1.5946
Syrian Arab Republic,Burning - Crop residues,Emissions (N2O),kilotonnes,0.0509,0.051,0.0509,0.0542,0.0552,0.0569,0.0532,0.0502,0.0466,0.0432,0.0474,0.0467,0.0491,0.0406,0.0378,0.0367,0.0343,0.0347,0.0326,0.0416,0.0413
Syrian Arab Republic,Burning - Crop residues,Emissions (CO2eq) from CH4 (AR5),kilotonnes,54.9487,55.0994,54.9654,58.4935,59.6489,61.4199,57.4575,54.2394,50.2937,46.6303,51.2234,50.4648,53.0228,43.8146,40.8069,39.6486,37.0324,37.4423,35.2201,44.9422,44.65
Syrian Arab Republic,Burning - Crop residues,Emissions (CO2eq) from N2O (AR5),kilotonnes,13.4828,13.5198,13.4869,14.3526,14.6361,15.0706,14.0984,13.3087,12.3406,11.4417,12.5687,12.3826,13.0102,10.7508,10.0128,9.7286,9.0867,9.1872,8.642,11.0275,10.9558
Syrian Arab Republic,Burning - Crop residues,Emissions (CO2eq) (AR5),kilotonnes,68.4315,68.6192,68.4523,72.8461,74.285,76.4905,71.5559,67.5481,62.6342,58.072,63.7921,62.8474,66.033,54.5654,50.8198,49.3772,46.1191,46.6295,43.8621,55.9697,55.6058
Syrian Arab Republic,Enteric Fermentation,Emissions (CH4),kilotonnes,113.7255,101.6807,108.1982,119.9737,135.8474,149.4756,160.6579,170.7576,150.4846,144.9674,130.9832,149.684,149.6713,149.3574,147.9017,141.0158,134.6677,114.6543,112.9335,116.2426,128.5116
Syrian Arab Republic,Enteric Fermentation,Emissions (CO2eq) from CH4 (AR5),kilotonnes,3184.3129,2847.0588,3029.5489,3359.2639,3803.7274,4185.3164,4498.4212,4781.2137,4213.5684,4059.0866,3667.5286,4191.1524,4190.7954,4182.0059,4141.2486,3948.441,3770.697,3210.3208,3162.1373,3254.7926,3598.3245
Syrian Arab Republic,Enteric Fermentation,Emissions (CO2eq) (AR5),kilotonnes,3184.3129,2847.0588,3029.5489,3359.2639,3803.7274,4185.3164,4498.4212,4781.2137,4213.5684,4059.0866,3667.5286,4191.1524,4190.7954,4182.0059,4141.2486,3948.441,3770.697,3210.3208,3162.1373,3254.7926,3598.3245
Syrian Arab Republic,Manure Management,Emissions (CH4),kilotonnes,4.3768,3.9284,4.2691,4.6334,5.1608,5.4901,5.9966,6.2271,5.541,5.3948,4.9727,5.612,5.5927,5.4559,5.3559,5.1091,4.9157,4.2094,4.1533,4.2987,4.7132
Syrian Arab Republic,Manure Management,Emissions (N2O),kilotonnes,0.0518,0.0473,0.0559,0.0583,0.0618,0.0572,0.0653,0.0623,0.0575,0.0583,0.057,0.0608,0.0593,0.0532,0.0497,0.0495,0.0495,0.0413,0.0405,0.0433,0.0463
Syrian Arab Republic,Manure Management,Emissions (CO2eq) from CH4 (AR5),kilotonnes,122.5502,109.9951,119.5349,129.7345,144.5012,153.7237,167.9056,174.3574,155.1468,151.0544,139.2358,157.1366,156.5963,152.7639,149.9648,143.0534,137.6384,117.864,116.2913,120.3628,131.9706
Syrian Arab Republic,Manure Management,Emissions (CO2eq) from N2O (AR5),kilotonnes,13.7386,12.5385,14.805,15.4621,16.3696,15.1465,17.2926,16.51,15.2413,15.4376,15.1093,16.0999,15.7212,14.0872,13.1692,13.1054,13.1146,10.9333,10.74,11.4698,12.2587
Syrian Arab Republic,Manure Management,Emissions (CO2eq) (AR5),kilotonnes,136.2888,122.5336,134.3399,145.1966,160.8707,168.8702,185.1982,190.8674,170.3881,166.492,154.345,173.2364,172.3175,166.8511,163.134,156.1589,150.7531,128.7973,127.0313,131.8326,144.2292
Syrian Arab Republic,Manure left on Pasture,Direct emissions (N2O),kilotonnes,4.7495,4.2608,4.5857,5.0488,5.6724,6.14,6.6383,6.9903,6.1854,5.9779,5.4478,6.1864,6.1719,6.1016,6.007,5.7502,5.5171,4.6816,4.6148,4.7737,5.2661
Syrian Arab Republic,Manure left on Pasture,Indirect emissions (N2O),kilotonnes,1.6231,1.4649,1.5738,1.748,1.9772,2.1677,2.3492,2.49,2.1747,2.0909,1.8961,2.1672,2.1638,2.1458,2.1193,2.0189,1.9197,1.6524,1.645,1.6998,1.8717
Syrian Arab Republic,Manure left on Pasture,Emissions (N2O),kilotonnes,6.3726,5.7258,6.1596,6.7968,7.6496,8.3077,8.9875,9.4803,8.3601,8.0688,7.344,8.3536,8.3357,8.2474,8.1263,7.7691,7.4368,6.3341,6.2598,6.4735,7.1378
Syrian Arab Republic,Manure left on Pasture,Emissions (CO2eq) from N2O (AR5),kilotonnes,1688.7306,1517.3238,1632.2888,1801.1595,2027.1387,2201.5386,2381.6749,2512.2689,2215.4219,2138.238,1946.1527,2213.717,2208.9675,2185.5628,2153.4725,2058.8028,1970.7549,1678.526,1658.844,1715.4888,1891.5056
Syrian Arab Republic,Manure left on Pasture,Emissions (CO2eq) (AR5),kilotonnes,1688.7306,1517.3238,1632.2888,1801.1595,2027.1387,2201.5386,2381.6749,2512.2689,2215.4219,2138.238,1946.1527,2213.717,2208.9675,2185.5628,2153.4725,2058.8028,1970.7549,1678.526,1658.844,1715.4888,1891.5056
Syrian Arab Republic,Manure applied to Soils,Direct emissions (N2O),kilotonnes,0.0871,0.0805,0.097,0.1009,0.1063,0.0961,0.1116,0.105,0.0964,0.0983,0.0974,0.103,0.1002,0.0878,0.0813,0.0811,0.0811,0.0689,0.0685,0.0737,0.0779
Syrian Arab Republic,Manure applied to Soils,Indirect emissions (N2O),kilotonnes,0.037,0.0342,0.0412,0.0429,0.0452,0.0408,0.0474,0.0446,0.041,0.0418,0.0414,0.0438,0.0426,0.0373,0.0346,0.0345,0.0345,0.0293,0.0291,0.0313,0.0331
Syrian Arab Republic,Manure applied to Soils,Emissions (N2O),kilotonnes,0.1241,0.1147,0.1382,0.1438,0.1514,0.1369,0.159,0.1496,0.1374,0.14,0.1388,0.1468,0.1428,0.1251,0.1159,0.1155,0.1156,0.0981,0.0977,0.105,0.111
Syrian Arab Republic,Manure applied to Soils,Emissions (CO2eq) from N2O (AR5),kilotonnes,32.8927,30.3829,36.6359,38.1171,40.1276,36.2766,42.1456,39.6437,36.4076,37.1101,36.7788,38.9043,37.8337,33.1601,30.7077,30.6185,30.6442,26.0011,25.8835,27.8229,29.4131
Syrian Arab Republic,Manure applied to Soils,Emissions (CO2eq) (AR5),kilotonnes,32.8927,30.3829,36.6359,38.1171,40.1276,36.2766,42.1456,39.6437,36.4076,37.1101,36.7788,38.9043,37.8337,33.1601,30.7077,30.6185,30.6442,26.0011,25.8835,27.8229,29.4131
Syrian Arab Republic,Synthetic Fertilizers,Direct emissions (N2O),kilotonnes,3.7086,3.0605,3.4822,3.7911,3.5575,4.1866,4.3311,4.1347,4.2461,3.3057,1.8728,2.0895,1.7555,0.3949,0.4549,0.0376,0.2791,0.1175,0.085,0.391,0.3768
Syrian Arab Republic,Synthetic Fertilizers,Indirect emissions (N2O),kilotonnes,1.2053,0.9947,1.1317,1.2321,1.1562,1.3606,1.4076,1.3438,1.38,1.0743,0.6086,0.6791,0.5705,0.1283,0.1479,0.0122,0.0907,0.0382,0.0276,0.1271,0.1225
Syrian Arab Republic,Synthetic Fertilizers,Emissions (N2O),kilotonnes,4.9139,4.0552,4.6139,5.0231,4.7137,5.5472,5.7387,5.4785,5.6261,4.38,2.4814,2.7686,2.326,0.5232,0.6028,0.0498,0.3698,0.1557,0.1126,0.5181,0.4993
Syrian Arab Republic,Synthetic Fertilizers,Emissions (CO2eq) from N2O (AR5),kilotonnes,1302.1721,1074.6341,1222.6845,1331.1344,1249.1252,1470.0089,1520.7439,1451.795,1490.9154,1160.7099,657.5693,733.6802,616.4026,138.6508,159.7372,13.2018,97.9885,41.2716,29.841,137.2907,132.3167
Syrian Arab Republic,Synthetic Fertilizers,Emissions (CO2eq) (AR5),kilotonnes,1302.1721,1074.6341,1222.6845,1331.1344,1249.1252,1470.0089,1520.7439,1451.795,1490.9154,1160.7099,657.5693,733.6802,616.4026,138.6508,159.7372,13.2018,97.9885,41.2716,29.841,137.2907,132.3167
Syrian Arab Republic,Drained organic soils,Emissions (CO2eq) (AR5),kilotonnes,0,0,0,0,0,0,0,0,0,0,0,0,0,0,0,0,0,0,0,0,0
Syrian Arab Republic,Drained organic soils (CO2),Emissions (CO2),kilotonnes,0,0,0,0,0,0,0,0,0,0,0,0,0,0,0,0,0,0,0,0,0
Syrian Arab Republic,Drained organic soils (CO2),Emissions (CO2eq) (AR5),kilotonnes,0,0,0,0,0,0,0,0,0,0,0,0,0,0,0,0,0,0,0,0,0
Syrian Arab Republic,Drained organic soils (N2O),Emissions (N2O),kilotonnes,0,0,0,0,0,0,0,0,0,0,0,0,0,0,0,0,0,0,0,0,0
Syrian Arab Republic,Drained organic soils (N2O),Emissions (CO2eq) from N2O (AR5),kilotonnes,0,0,0,0,0,0,0,0,0,0,0,0,0,0,0,0,0,0,0,0,0
Syrian Arab Republic,Drained organic soils (N2O),Emissions (CO2eq) (AR5),kilotonnes,0,0,0,0,0,0,0,0,0,0,0,0,0,0,0,0,0,0,0,0,0
Syrian Arab Republic,On-farm energy use,Emissions (CH4),kilotonnes,0.1557,0.1858,0.1735,0.1514,0.1444,0.1474,0.1527,0.2549,0.253,0.2137,0.2164,0.221,0.1791,0.1091,0.0986,0.0896,0.0929,0.0992,0.0894,0.0876,0.0876
Syrian Arab Republic,On-farm energy use,Emissions (N2O),kilotonnes,0.2714,0.2526,0.2643,0.2534,0.2672,0.2403,0.2698,0.9218,0.9083,0.6707,0.5914,0.6051,0.4775,0.2939,0.2728,0.2455,0.264,0.2937,0.275,0.2755,0.2755
Syrian Arab Republic,On-farm energy use,Emissions (CO2),kilotonnes,1310.0398,1497.1771,1497.8212,1343.9358,1264.8496,1192.0818,1246.9314,2978.7768,2928.6614,2239.5591,2116.318,2153.6871,1703.8573,1046.1149,966.9363,870.0996,921.4545,1013.635,941.2307,936.0895,936.0895
Syrian Arab Republic,On-farm energy use,Emissions (CO2eq) from CH4 (AR5),kilotonnes,4.3597,5.2023,4.8588,4.2395,4.0437,4.1262,4.2763,7.1378,7.0852,5.9835,6.0605,6.1885,5.0146,3.0538,2.7603,2.5096,2.6001,2.7778,2.5045,2.4533,2.4533
Syrian Arab Republic,On-farm energy use,Emissions (CO2eq) from N2O (AR5),kilotonnes,71.924,66.9416,70.0303,67.1494,70.797,63.6807,71.489,244.2664,240.6979,177.7302,156.7212,160.3388,126.5276,77.8836,72.2866,65.0649,69.9706,77.8297,72.8806,72.9994,72.9994
Syrian Arab Republic,On-farm energy use,Emissions (CO2eq) (AR5),kilotonnes,1386.3234,1569.321,1572.7103,1415.3247,1339.6903,1259.8887,1322.6967,3230.1809,3176.4445,2423.2728,2279.0997,2320.2144,1835.3995,1127.0524,1041.9832,937.674,994.0252,1094.2426,1016.6157,1011.5422,1011.5422
Syrian Arab Republic,Forestland,Emissions (CO2),kilotonnes,-672.1,-672.1,-672.1,-672.1,-672.1,-672.1,-672.1,-672.1,-672.1,-672.1,-672.1,-675.9286,-675.9286,-675.9286,-675.9286,-675.9286,-332.3314,-332.3314,-332.3314,-332.3314,-332.3314
Syrian Arab Republic,Forestland,Emissions (CO2eq) (AR5),kilotonnes,-672.1,-672.1,-672.1,-672.1,-672.1,-672.1,-672.1,-672.1,-672.1,-672.1,-672.1,-675.9286,-675.9286,-675.9286,-675.9286,-675.9286,-332.3314,-332.3314,-332.3314,-332.3314,-332.3314
Syrian Arab Republic,Net Forest conversion,Emissions (CO2),kilotonnes,0,0,0,0,0,0,0,0,0,0,0,0,0,0,0,0,336.16,336.16,336.16,336.16,336.16
Syrian Arab Republic,Net Forest conversion,Emissions (CO2eq) (AR5),kilotonnes,0,0,0,0,0,0,0,0,0,0,0,0,0,0,0,0,336.16,336.16,336.16,336.16,336.16
Syrian Arab Republic,Savanna fires,Emissions (CH4),kilotonnes,0.0382,0.0568,0.0053,0.0702,0.1297,0.0022,0.0189,0.0682,0.0005,0.0184,0.0318,0.0296,0.1174,0.0894,0.0488,0.1587,0.0642,0.0295,0.0185,2.8791,0.8751
Syrian Arab Republic,Savanna fires,Emissions (N2O),kilotonnes,0.0035,0.0052,0.0005,0.0064,0.0118,0.0002,0.0017,0.0062,0,0.0017,0.0029,0.0027,0.0107,0.0082,0.0045,0.0145,0.0059,0.0027,0.0017,0.2629,0.0799
Syrian Arab Republic,Savanna fires,Emissions (CO2eq) from CH4 (AR5),kilotonnes,1.0694,1.5894,0.1481,1.9652,3.6322,0.0625,0.5281,1.9099,0.0129,0.5147,0.8904,0.8294,3.2873,2.5046,1.3668,4.4449,1.7977,0.8269,0.5176,80.6143,24.5016
Syrian Arab Republic,Savanna fires,Emissions (CO2eq) from N2O (AR5),kilotonnes,0.9243,1.3735,0.1279,1.6981,3.1387,0.054,0.4564,1.6504,0.0111,0.4448,0.7695,0.7168,2.8406,2.1643,1.1811,3.8409,1.5535,0.7146,0.4473,69.6613,21.1725
Syrian Arab Republic,Savanna fires,Emissions (CO2eq) (AR5),kilotonnes,1.9937,2.9629,0.276,3.6633,6.7708,0.1165,0.9845,3.5603,0.024,0.9596,1.6599,1.5462,6.1279,4.6688,2.5479,8.2858,3.3512,1.5415,0.9649,150.2756,45.6741
Syrian Arab Republic,Fires in organic soils,Emissions (CH4),kilotonnes,0,0,0,0,0,0,0,0,0,0,0,0,0,0,0,0,0,0,0,0,0
Syrian Arab Republic,Fires in organic soils,Emissions (CO2),kilotonnes,0,0,0,0,0,0,0,0,0,0,0,0,0,0,0,0,0,0,0,0,0
Syrian Arab Republic,Fires in organic soils,Emissions (CO2eq) from CH4 (AR5),kilotonnes,0,0,0,0,0,0,0,0,0,0,0,0,0,0,0,0,0,0,0,0,0
Syrian Arab Republic,Fires in organic soils,Emissions (CO2eq) (AR5),kilotonnes,0,0,0,0,0,0,0,0,0,0,0,0,0,0,0,0,0,0,0,0,0
Syrian Arab Republic,Forest fires,Emissions (CH4),kilotonnes,0.0052,0,0,0,0.0025,0,0,0.0224,0,0,0,0,0.1842,0.0025,0,0.0174,0.0124,0,0,0.005,0.0523
Syrian Arab Republic,Forest fires,Emissions (N2O),kilotonnes,0.0003,0,0,0,0.0002,0,0,0.002,0,0,0,0,0.0168,0.0002,0,0.0016,0.0011,0,0,0.0005,0.0048
Syrian Arab Republic,Forest fires,Emissions (CO2eq) from CH4 (AR5),kilotonnes,0.145,0,0,0,0.0697,0,0,0.6271,0,0,0,0,5.1564,0.0697,0,0.4878,0.3484,0,0,0.1394,1.4632
Syrian Arab Republic,Forest fires,Emissions (CO2eq) from N2O (AR5),kilotonnes,0.0761,0,0,0,0.0602,0,0,0.5419,0,0,0,0,4.4558,0.0602,0,0.4215,0.301,0,0,0.1204,1.2644
Syrian Arab Republic,Forest fires,Emissions (CO2eq) (AR5),kilotonnes,0.2211,0,0,0,0.1299,0,0,1.1691,0,0,0,0,9.6121,0.1299,0,0.9093,0.6494,0,0,0.2598,2.7277
Syrian Arab Republic,Fires in humid tropical forests,Emissions (CH4),kilotonnes,0,0,0,0,0,0,0,0,0,0,0,0,0,0,0,0,0,0,0,0,0
Syrian Arab Republic,Fires in humid tropical forests,Emissions (N2O),kilotonnes,0,0,0,0,0,0,0,0,0,0,0,0,0,0,0,0,0,0,0,0,0
Syrian Arab Republic,Fires in humid tropical forests,Emissions (CO2eq) from CH4 (AR5),kilotonnes,0,0,0,0,0,0,0,0,0,0,0,0,0,0,0,0,0,0,0,0,0
Syrian Arab Republic,Fires in humid tropical forests,Emissions (CO2eq) from N2O (AR5),kilotonnes,0,0,0,0,0,0,0,0,0,0,0,0,0,0,0,0,0,0,0,0,0
Syrian Arab Republic,Fires in humid tropical forests,Emissions (CO2eq) (AR5),kilotonnes,0,0,0,0,0,0,0,0,0,0,0,0,0,0,0,0,0,0,0,0,0
Syrian Arab Republic,Waste - agri-food systems,Emissions (CH4),kilotonnes,108.3217,110.3526,111.1412,113.0425,115.219,126.7657,131.3467,134.3189,140.0456,131.4898,132.669,133.047,131.6345,129.5685,127.1555,125.3808,123.8224,122.571,121.6872,104.5348,98.3434
Syrian Arab Republic,Waste - agri-food systems,Emissions (N2O),kilotonnes,0.0812,0.0812,0.0809,0.0833,0.0855,0.2261,0.2322,0.239,0.2539,0.0978,0.0995,0.1086,0.0984,0.0884,0.0756,0.0676,0.0596,0.0517,0.0437,0,0
Syrian Arab Republic,Waste - agri-food systems,Emissions (CO2),kilotonnes,22.0066,22.0713,22.1088,22.1571,22.3017,22.4535,22.5729,22.7109,22.879,22.9046,23.0074,21.9272,21.4786,20.8905,20.8718,20.6744,20.3701,20.6082,20.8465,0,0
Syrian Arab Republic,Waste - agri-food systems,Emissions (CO2eq) from CH4 (AR5),kilotonnes,3033.0078,3089.8714,3111.9544,3165.1913,3226.131,3549.4386,3677.708,3760.9295,3921.2761,3681.7144,3714.7307,3725.3162,3685.7663,3627.9183,3560.3534,3510.6611,3467.0279,3431.9874,3407.2405,2926.9738,2753.6142
Syrian Arab Republic,Waste - agri-food systems,Emissions (CO2eq) from N2O (AR5),kilotonnes,21.5207,21.5214,21.4317,22.0615,22.6597,59.9039,61.535,63.3393,67.2908,25.9264,26.3599,28.7874,26.0713,23.4362,20.0255,17.9141,15.8039,13.6939,11.5837,0,0
Syrian Arab Republic,Waste - agri-food systems,Emissions (CO2eq) (AR5),kilotonnes,3076.535,3133.4642,3155.4949,3209.41,3271.0924,3631.796,3761.8159,3846.9796,4011.4459,3730.5454,3764.098,3776.0309,3733.3161,3672.2451,3601.2507,3549.2495,3503.202,3466.2895,3439.6707,2926.9738,2753.6142
Syrian Arab Republic,Fertilizers Manufacturing,Emissions (N2O),kilotonnes,0.756,0.7258,0.657,0.6096,0.4574,0.6098,0.6455,0.5701,0.596,0.6015,0.4785,0.493,0.269,0.082,0.2725,0.2548,0.2412,0.2448,0.2265,0.1309,0.0832
Syrian Arab Republic,Fertilizers Manufacturing,Emissions (CO2),kilotonnes,285.9623,280.2475,261.6089,229.2861,186.4527,218.7173,299.7366,282.5193,290.2577,273.1003,273.5811,304.618,143.0845,46.2334,180.2479,172.7894,173.4109,163.4662,225.6206,228.7284,213.1898
Syrian Arab Republic,Fertilizers Manufacturing,Emissions (CO2eq) from N2O (AR5),kilotonnes,200.34,192.337,174.105,161.544,121.211,161.597,171.0575,151.0765,157.94,159.3975,126.8025,130.645,71.285,21.73,72.2125,67.5234,63.9284,64.8662,60.0208,34.6995,22.0389
Syrian Arab Republic,Fertilizers Manufacturing,Emissions (CO2eq) (AR5),kilotonnes,486.3023,472.5845,435.7139,390.8301,307.6637,380.3143,470.7941,433.5958,448.1977,432.4978,400.3836,435.263,214.3695,67.9634,252.4604,240.3127,237.3393,228.3324,285.6414,263.4279,235.2286
Syrian Arab Republic,On-farm electricity use,Emissions (CH4),kilotonnes,1.0961,1.2132,1.4333,1.4565,1.5441,1.6748,1.8023,1.9705,2.07,2.0442,2.5307,2.2824,1.9126,1.3706,1.1571,0.9804,0.9924,1.004,0.993,0.9602,0.9602
Syrian Arab Republic,On-farm electricity use,Emissions (N2O),kilotonnes,0.0058,0.0065,0.0076,0.0078,0.0082,0.0089,0.0096,0.0105,0.011,0.0109,0.0135,0.0121,0.0102,0.0073,0.0061,0.0052,0.0053,0.0053,0.0053,0.0051,0.0051
Syrian Arab Republic,On-farm electricity use,Emissions (CO2),kilotonnes,559.0718,618.8299,731.0585,742.9104,787.5947,854.2952,919.308,1005.0712,1055.8541,1042.6981,1290.8208,1164.2088,975.5758,699.1466,590.2166,500.0808,506.2177,512.0862,506.4862,489.7402,489.7402
Syrian Arab Republic,On-farm electricity use,Emissions (CO2eq) from CH4 (AR5),kilotonnes,30.6908,33.9696,40.1324,40.782,43.2348,46.8944,50.4644,55.174,57.96,57.2376,70.8596,63.9072,53.5528,38.3768,32.3988,27.4512,27.7872,28.112,27.804,26.8856,26.8856
Syrian Arab Republic,On-farm electricity use,Emissions (CO2eq) from N2O (AR5),kilotonnes,1.537,1.7225,2.014,2.067,2.173,2.3585,2.544,2.7825,2.915,2.8885,3.5775,3.2065,2.703,1.9345,1.6165,1.378,1.4045,1.4045,1.4045,1.3515,1.3515
Syrian Arab Republic,On-farm electricity use,Emissions (CO2eq) (AR5),kilotonnes,591.2996,654.522,773.2049,785.7594,833.0025,903.5481,972.3164,1063.0277,1116.7291,1102.8242,1365.2579,1231.3225,1031.8316,739.4579,624.2319,528.91,535.4094,541.6027,535.6947,517.9773,517.9773
Syrian Arab Republic,Food Processing,Emissions (CH4),kilotonnes,90.8186,69.0096,53.1115,53.9599,40.9869,40.8586,39.3471,21.9702,21.6374,31.7449,35.6054,31.089,18.9811,11.0238,9.0503,7.5244,5.9886,4.729,3.9964,0.304,0.0507
Syrian Arab Republic,Food Processing,Emissions (N2O),kilotonnes,0.0071,0.0069,0.0068,0.0068,0.0074,0.0098,0.0095,0.0174,0.0168,0.0136,0.0121,0.0118,0.0098,0.0065,0.0064,0.0045,0.0043,0.0037,0.0039,0.0021,0.0013
Syrian Arab Republic,Food Processing,Emissions (CO2),kilotonnes,883.8971,852.4011,668.1125,966.5789,846.7014,861.1431,833.8752,1943.3319,2161.146,1923.9556,1548.13,1433.3248,1197.8497,1074.2163,827.1962,763.2399,740.0177,556.0443,820.1095,825.3291,769.2605
Syrian Arab Republic,Food Processing,Emissions (CO2eq) from CH4 (AR5),kilotonnes,2542.9208,1932.2688,1487.122,1510.8772,1147.6332,1144.0408,1101.7188,615.1656,605.8472,888.8572,996.9512,870.492,531.4708,308.6664,253.4084,210.6832,167.6808,132.412,111.8992,8.512,1.4187
Syrian Arab Republic,Food Processing,Emissions (CO2eq) from N2O (AR5),kilotonnes,1.8815,1.8285,1.802,1.802,1.961,2.597,2.5175,4.611,4.452,3.604,3.2065,3.127,2.597,1.7225,1.696,1.1925,1.1395,0.9805,1.0335,0.5565,0.3535
Syrian Arab Republic,Food Processing,Emissions (CO2eq) (AR5),kilotonnes,3428.6994,2786.4984,2157.0365,2479.2581,1996.2956,2007.7809,1938.1115,2563.1085,2771.4452,2816.4168,2548.2877,2306.9438,1731.9175,1384.6052,1082.3006,975.1156,908.838,689.4368,933.0422,834.3976,771.0327
Syrian Arab Republic,Food Packaging,Emissions (CH4),kilotonnes,3.4917,1.9425,1.3565,1.3214,0.4726,0.4264,0.3296,0.3174,0.2105,0.2728,0.2099,0.1648,0.122,0.0378,0.0449,0.0454,0.0406,0.0408,0.0377,0.0025,0.0004
Syrian Arab Republic,Food Packaging,Emissions (N2O),kilotonnes,0.0005,0.0004,0.0004,0.0004,0.0005,0.0005,0.0005,0.0006,0.0006,0.0004,0.0004,0.0004,0.0003,0.0002,0.0002,0.0002,0.0001,0.0001,0.0002,0.0003,0.0002
Syrian Arab Republic,Food Packaging,Emissions (CO2),kilotonnes,126.3995,93.6983,105.5249,107.8947,117.9468,91.446,90.3369,111.9567,106.3619,78.5046,94.702,74.6779,55.8319,44.6073,39.1602,38.6795,36.5163,33.5097,43.5546,63.9554,59.6106
Syrian Arab Republic,Food Packaging,Emissions (CO2eq) from CH4 (AR5),kilotonnes,97.7676,54.39,37.982,36.9992,13.2328,11.9392,9.2288,8.8872,5.894,7.6384,5.8772,4.6144,3.416,1.0584,1.2572,1.2712,1.1368,1.1424,1.0556,0.0693,0.0116
Syrian Arab Republic,Food Packaging,Emissions (CO2eq) from N2O (AR5),kilotonnes,0.1325,0.106,0.106,0.106,0.1325,0.1325,0.1325,0.159,0.159,0.106,0.106,0.106,0.0795,0.053,0.053,0.053,0.0265,0.0265,0.053,0.0795,0.0505
Syrian Arab Republic,Food Packaging,Emissions (CO2eq) (AR5),kilotonnes,224.2996,148.1943,143.6129,144.9999,131.3121,103.5177,99.6982,121.0029,112.4149,86.249,100.6852,79.3983,59.3274,45.7187,40.4704,40.0037,37.6796,34.6786,44.6632,64.1042,59.6726
Syrian Arab Republic,Food Retail,Emissions (CH4),kilotonnes,0.7254,0.544,0.4163,0.4043,0.3408,0.331,0.2985,0.2894,0.2984,0.404,0.4663,0.4211,0.3526,0.2523,0.2132,0.1808,0.1832,0.1855,0.1834,0.1522,0.0254
Syrian Arab Republic,Food Retail,Emissions (N2O),kilotonnes,0.0018,0.0017,0.0018,0.0017,0.0021,0.0028,0.0029,0.003,0.003,0.0032,0.0034,0.0032,0.0026,0.0018,0.0016,0.0013,0.0014,0.0014,0.0014,0.0009,0.0006
Syrian Arab Republic,Food Retail,Emissions (CO2),kilotonnes,242.0139,233.2602,186.4022,262.0959,246.1332,243.5586,260.0362,325.4314,327.2729,335.1103,351.4527,330.8133,271.5247,184.9966,160.9295,139.2445,143.894,150.9296,146.0642,89.975,83.8626
Syrian Arab Republic,Food Retail,Emissions (CO2eq) from CH4 (AR5),kilotonnes,20.3109,15.2332,11.6576,11.3191,9.5419,9.2668,8.3571,8.1032,8.3552,11.312,13.0564,11.7908,9.8728,7.0644,5.9696,5.0624,5.1296,5.194,5.1352,4.2616,0.7103
Syrian Arab Republic,Food Retail,Emissions (CO2eq) from N2O (AR5),kilotonnes,0.4836,0.4538,0.4726,0.4505,0.5444,0.7343,0.7564,0.795,0.795,0.848,0.901,0.848,0.689,0.477,0.424,0.3445,0.371,0.371,0.371,0.2385,0.1515
Syrian Arab Republic,Food Retail,Emissions (CO2eq) (AR5),kilotonnes,262.8084,248.9471,198.5324,273.8654,256.2195,253.5597,269.1496,334.3296,336.4231,347.2703,365.4101,343.4521,282.0865,192.538,167.3231,144.6514,149.3946,156.4946,151.5704,94.4751,84.7243
Syrian Arab Republic,Food Household Consumption,Emissions (CH4),kilotonnes,1.1477,1.2669,1.6823,1.8964,2.0178,2.1928,1.6748,1.974,2.069,2.0506,2.2602,2.0457,1.7134,1.2233,1.0352,0.8797,0.8921,0.9051,0.8936,0.8936,0.1489
Syrian Arab Republic,Food Household Consumption,Emissions (N2O),kilotonnes,0.0069,0.0075,0.0097,0.0108,0.0114,0.0125,0.0092,0.0138,0.0144,0.0133,0.014,0.0129,0.0107,0.0075,0.0064,0.0055,0.0057,0.0058,0.0057,0.0057,0.0036
Syrian Arab Republic,Food Household Consumption,Emissions (CO2),kilotonnes,839.4254,894.9547,1114.729,1201.1099,1254.8419,1398.2633,1070.4231,1664.3474,1722.5224,1587.653,1654.222,1563.7694,1306.191,889.8654,775.5216,686.6544,710.9631,746.7256,722.499,722.499,673.4162
Syrian Arab Republic,Food Household Consumption,Emissions (CO2eq) from CH4 (AR5),kilotonnes,32.1356,35.4732,47.1044,53.0992,56.4984,61.3984,46.8944,55.272,57.932,57.4168,63.2856,57.2796,47.9752,34.2524,28.9856,24.6316,24.9788,25.3428,25.0208,25.0208,4.1701
Syrian Arab Republic,Food Household Consumption,Emissions (CO2eq) from N2O (AR5),kilotonnes,1.8285,1.9875,2.5705,2.862,3.021,3.3125,2.438,3.657,3.816,3.5245,3.71,3.4185,2.8355,1.9875,1.696,1.4575,1.5105,1.537,1.5105,1.5105,0.9594
Syrian Arab Republic,Food Household Consumption,Emissions (CO2eq) (AR5),kilotonnes,873.3895,932.4154,1164.4039,1257.0711,1314.3613,1462.9742,1119.7555,1723.2764,1784.2704,1648.5943,1721.2176,1624.4675,1357.0017,926.1053,806.2032,712.7435,737.4524,773.6054,749.0303,749.0303,678.5457
Syrian Arab Republic,Food Transport,Emissions (CH4),kilotonnes,0.1165,0.1105,0.1118,0.1036,0.1118,0.1299,0.131,0.1298,0.1165,0.1002,0.089,0.0926,0.0776,0.0477,0.0443,0.0432,0.04,0.0386,0.0367,0.0274,0.0046
Syrian Arab Republic,Food Transport,Emissions (N2O),kilotonnes,0.0188,0.0194,0.0204,0.0193,0.0222,0.0265,0.027,0.0275,0.0256,0.0226,0.0212,0.022,0.0184,0.0114,0.0105,0.0102,0.0095,0.0091,0.0087,0.0151,0.0096
Syrian Arab Republic,Food Transport,Emissions (CO2),kilotonnes,849.745,827.71,894.11,819.435,1057.595,1433.175,1521.175,1631.175,1632.335,1388.855,1335.335,1377.155,1123.82,691.915,642.335,607.12,560.84,541.01,515.665,974.2563,908.0704
Syrian Arab Republic,Food Transport,Emissions (CO2eq) from CH4 (AR5),kilotonnes,3.262,3.094,3.1304,2.9008,3.1304,3.6372,3.668,3.6344,3.262,2.8056,2.492,2.5928,2.1728,1.3356,1.2404,1.2096,1.12,1.0808,1.0276,0.7672,0.1279
Syrian Arab Republic,Food Transport,Emissions (CO2eq) from N2O (AR5),kilotonnes,4.982,5.141,5.406,5.1145,5.883,7.0225,7.155,7.2875,6.784,5.989,5.618,5.83,4.876,3.021,2.7825,2.703,2.5175,2.4115,2.3055,4.0015,2.5415
Syrian Arab Republic,Food Transport,Emissions (CO2eq) (AR5),kilotonnes,857.989,835.945,902.6464,827.4503,1066.6084,1443.8347,1531.998,1642.0969,1642.381,1397.6496,1343.445,1385.5778,1130.8688,696.2716,646.3579,611.0326,564.4775,544.5023,518.9981,979.025,910.7398
Syrian Arab Republic,Energy,Emissions (CH4),kilotonnes,960,720,551,535,451,438,395,383,342,398,407,364,208,121,101,90.6,82.4,81.7,69.9,4.59,0.765
Syrian Arab Republic,Energy,Emissions (N2O),kilotonnes,0.876,0.822,0.856,0.816,0.986,1.33,1.37,1.44,1.42,1.12,1.02,1.02,0.816,0.505,0.462,0.432,0.409,0.415,0.384,0.222,0.141
Syrian Arab Republic,Energy,Emissions (CO2),kilotonnes,47000,45300,36200,50900,47800,47300,50500,63200,64500,59300,58000,53600,41200,34300,29000,27800,27900,26300,36300,36800,34300
Syrian Arab Republic,Energy,Emissions (CO2eq) from CH4 (AR5),kilotonnes,26880,20160,15428,14980,12628,12264,11060,10724,9576,11144,11396,10192,5824,3388,2828,2536.8,2307.2,2287.6,1957.2,128.52,21.42
Syrian Arab Republic,Energy,Emissions (CO2eq) from N2O (AR5),kilotonnes,232.14,217.83,226.84,216.24,261.29,352.45,363.05,381.6,376.3,296.8,270.3,270.3,216.24,133.825,122.43,114.48,108.385,109.975,101.76,58.83,37.365
Syrian Arab Republic,Energy,Emissions (CO2eq) (AR5),kilotonnes,74112.14,65677.83,51854.84,66096.24,60689.29,59916.45,61923.05,74305.6,74452.3,70740.8,69666.3,64062.3,47240.24,37821.825,31950.43,30451.28,30315.585,28697.575,38358.96,36987.35,34358.785
Syrian Arab Republic,IPPU,Emissions (N2O),kilotonnes,3.04,3.14,3.33,3.42,3.5,3.57,3.69,3.85,3.96,3.99,4.03,4.01,3.94,3.85,3.76,3.69,3.64,3.62,3.62,3.76,3.75
Syrian Arab Republic,IPPU,Emissions (CO2),kilotonnes,2140,2360,2220,2290,2160,2090,2710,2730,2860,2840,3390,2150,2370,1630,877,917,1110,985,1620,1090,1060
Syrian Arab Republic,IPPU,Emissions (CO2eq) from N2O (AR5),kilotonnes,805.6,832.1,882.45,906.3,927.5,946.05,977.85,1020.25,1049.4,1057.35,1067.95,1062.65,1044.1,1020.25,996.4,977.85,964.6,959.3,959.3,996.4,993.75
Syrian Arab Republic,IPPU,Emissions (CO2eq) (AR5),kilotonnes,2945.6,3192.1,3102.45,3196.3,3087.5,3036.05,3687.85,3750.25,3909.4,3897.35,4457.95,3212.65,3414.1,2650.25,1873.4,1894.85,2074.6,1944.3,2579.3,2086.4,2053.75
Syrian Arab Republic,Waste,Emissions (CH4),kilotonnes,146,155,165,175,190,210,218,229,239,245,253,251,238,225,219,214,215,216,161,211,210
Syrian Arab Republic,Waste,Emissions (N2O),kilotonnes,0.776,0.793,0.808,0.823,0.844,0.868,0.899,0.936,0.965,0.988,1,1,1,0.985,0.955,0.924,0.895,0.882,0.883,0.942,0.943
Syrian Arab Republic,Waste,Emissions (CO2eq) from CH4 (AR5),kilotonnes,4088,4340,4620,4900,5320,5880,6104,6412,6692,6860,7084,7028,6664,6300,6132,5992,6020,6048,4508,5908,5880
Syrian Arab Republic,Waste,Emissions (CO2eq) from N2O (AR5),kilotonnes,205.64,210.145,214.12,218.095,223.66,230.02,238.235,248.04,255.725,261.82,265,265,265,261.025,253.075,244.86,237.175,233.73,233.995,249.63,249.895
Syrian Arab Republic,Waste,Emissions (CO2eq) (AR5),kilotonnes,4293.64,4550.145,4834.12,5118.095,5543.66,6110.02,6342.235,6660.04,6947.725,7121.82,7349,7293,6929,6561.025,6385.075,6236.86,6257.175,6281.73,4741.995,6157.63,6129.895
Syrian Arab Republic,Other,Emissions (N2O),kilotonnes,0.821,0.793,0.829,0.839,0.896,1.12,1.15,1.2,1.2,1.02,0.932,0.877,0.713,0.455,0.395,0.375,0.376,0.382,0.365,0.218,0.15
Syrian Arab Republic,Other,Emissions (CO2eq) from N2O (AR5),kilotonnes,217.565,210.145,219.685,222.335,237.44,296.8,304.75,318,318,270.3,246.98,232.405,188.945,120.575,104.675,99.375,99.64,101.23,96.725,57.77,39.75
Syrian Arab Republic,Other,Emissions (CO2eq) (AR5),kilotonnes,217.565,210.145,219.685,222.335,237.44,296.8,304.75,318,318,270.3,246.98,232.405,188.945,120.575,104.675,99.375,99.64,101.23,96.725,57.77,39.75
Syrian Arab Republic,Farm-gate emissions,Emissions (CH4),kilotonnes,120.2586,107.8195,114.6091,126.9177,143.4126,157.3089,168.8782,179.2449,158.0752,152.2596,138.0335,157.349,157.4542,156.5765,154.8624,147.7892,141.0631,120.3297,118.4525,125.113,135.7821
Syrian Arab Republic,Farm-gate emissions,Direct emissions (N2O),kilotonnes,9.4119,8.569,9.4562,10.2927,10.5314,11.6887,12.4548,12.3699,11.2415,10.4525,8.3702,9.468,9.0663,7.5448,7.2287,6.8216,6.6102,5.5779,5.2611,6.5737,6.8828
Syrian Arab Republic,Farm-gate emissions,Indirect emissions (N2O),kilotonnes,3.0604,2.7564,3.0373,3.3272,3.4474,3.854,4.1133,4.1349,3.7562,3.448,2.7604,3.1352,3.0106,2.5276,2.456,2.2799,2.2098,1.8796,1.8127,2.1587,2.2887
Syrian Arab Republic,Farm-gate emissions,Emissions (N2O),kilotonnes,12.8499,11.6815,12.8651,13.9921,14.3748,15.8972,16.958,17.5453,16.0101,14.6743,11.8294,13.3184,12.6735,10.4681,10.0494,9.4477,9.1736,7.8298,7.4237,9.3556,9.6144
Syrian Arab Republic,Farm-gate emissions,Emissions (CO2),kilotonnes,1310.0398,1497.1771,1497.8212,1343.9358,1264.8496,1192.0818,1246.9314,2978.7768,2928.6614,2239.5591,2116.318,2153.6871,1703.8573,1046.1149,966.9363,870.0996,921.4545,1013.635,941.2307,936.0895,936.0895
Syrian Arab Republic,Farm-gate emissions,Emissions (CO2eq) from CH4 (AR5),kilotonnes,3367.2409,3018.945,3209.056,3553.6966,4015.5533,4404.6485,4728.5887,5018.8582,4426.107,4263.2695,3864.9387,4405.7717,4408.7163,4384.1428,4336.1475,4138.0975,3949.7657,3369.2319,3316.6708,3503.1652,3801.8999
Syrian Arab Republic,Farm-gate emissions,Emissions (CO2eq) from N2O (AR5),kilotonnes,3405.2242,3095.593,3409.2486,3707.9132,3809.3335,4212.7621,4493.8766,4649.5138,4242.6769,3888.6768,3134.7879,3529.3804,3358.4741,2774.0518,2663.0802,2503.6356,2431.013,2074.9024,1967.2742,2479.2268,2547.8147
Syrian Arab Republic,Farm-gate emissions,Emissions (CO2eq) (AR5),kilotonnes,8082.5048,7611.7151,8116.1259,8605.5456,9089.7363,9809.4925,10469.3968,12647.1487,11597.4453,10391.5054,9116.0446,10088.8392,9471.0478,8204.3095,7966.164,7511.8327,7302.2332,6457.7694,6225.1756,6918.4816,7285.8041
Syrian Arab Republic,Land Use change,Emissions (CH4),kilotonnes,0,0,0,0,0,0,0,0,0,0,0,0,0,0,0,0,0,0,0,0,0
Syrian Arab Republic,Land Use change,Emissions (N2O),kilotonnes,0,0,0,0,0,0,0,0,0,0,0,0,0,0,0,0,0,0,0,0,0
Syrian Arab Republic,Land Use change,Emissions (CO2),kilotonnes,0,0,0,0,0,0,0,0,0,0,0,0,0,0,0,0,336.16,336.16,336.16,336.16,336.16
Syrian Arab Republic,Land Use change,Emissions (CO2eq) from CH4 (AR5),kilotonnes,0,0,0,0,0,0,0,0,0,0,0,0,0,0,0,0,0,0,0,0,0
Syrian Arab Republic,Land Use change,Emissions (CO2eq) from N2O (AR5),kilotonnes,0,0,0,0,0,0,0,0,0,0,0,0,0,0,0,0,0,0,0,0,0
Syrian Arab Republic,Land Use change,Emissions (CO2eq) (AR5),kilotonnes,0,0,0,0,0,0,0,0,0,0,0,0,0,0,0,0,336.16,336.16,336.16,336.16,336.16
Syrian Arab Republic,Emissions on agricultural land,Emissions (CH4),kilotonnes,120.2586,107.8195,114.6091,126.9177,143.4126,157.3089,168.8782,179.2449,158.0752,152.2596,138.0335,157.349,157.4542,156.5765,154.8624,147.7892,141.0631,120.3297,118.4525,125.113,135.7821
Syrian Arab Republic,Emissions on agricultural land,Emissions (N2O),kilotonnes,12.8499,11.6815,12.8651,13.9921,14.3748,15.8972,16.958,17.5453,16.0101,14.6743,11.8294,13.3184,12.6735,10.4681,10.0494,9.4477,9.1736,7.8298,7.4237,9.3556,9.6144
Syrian Arab Republic,Emissions on agricultural land,Emissions (CO2),kilotonnes,1310.0398,1497.1771,1497.8212,1343.9358,1264.8496,1192.0818,1246.9314,2978.7768,2928.6614,2239.5591,2116.318,2153.6871,1703.8573,1046.1149,966.9363,870.0996,1257.6145,1349.795,1277.3907,1272.2495,1272.2495
Syrian Arab Republic,Emissions on agricultural land,Emissions (CO2eq) from CH4 (AR5),kilotonnes,3367.2409,3018.945,3209.056,3553.6966,4015.5533,4404.6485,4728.5887,5018.8582,4426.107,4263.2695,3864.9387,4405.7717,4408.7163,4384.1428,4336.1475,4138.0975,3949.7657,3369.2319,3316.6708,3503.1652,3801.8999
Syrian Arab Republic,Emissions on agricultural land,Emissions (CO2eq) from N2O (AR5),kilotonnes,3405.2242,3095.593,3409.2486,3707.9132,3809.3335,4212.7621,4493.8766,4649.5138,4242.6769,3888.6768,3134.7879,3529.3804,3358.4741,2774.0518,2663.0802,2503.6356,2431.013,2074.9024,1967.2742,2479.2268,2547.8147
Syrian Arab Republic,Emissions on agricultural land,Emissions (CO2eq) (AR5),kilotonnes,8082.5048,7611.7151,8116.1259,8605.5456,9089.7363,9809.4925,10469.3968,12647.1487,11597.4453,10391.5054,9116.0446,10088.8392,9471.0478,8204.3095,7966.164,7511.8327,7638.3932,6793.9294,6561.3356,7254.6416,7621.9641
Syrian Arab Republic,Pre- and post- production,Emissions (CH4),kilotonnes,205.7177,184.4393,169.253,172.1846,160.6929,172.3791,174.93,160.9702,166.4474,168.1065,173.8305,169.1426,154.7938,143.524,138.7005,135.0347,131.9593,129.474,127.828,106.8747,99.5335
Syrian Arab Republic,Pre- and post- production,Emissions (N2O),kilotonnes,0.8781,0.8494,0.7846,0.7397,0.5947,0.8968,0.9364,0.8819,0.9213,0.7633,0.6426,0.664,0.4194,0.2051,0.3793,0.3493,0.3272,0.3219,0.2954,0.1601,0.1036
Syrian Arab Republic,Pre- and post- production,Emissions (CO2),kilotonnes,3808.5215,3823.173,3983.6547,4351.4679,4519.5674,5123.052,5017.4639,6986.5438,7318.629,6652.7815,6571.251,6270.4944,5095.3562,3651.8711,3236.4788,2928.4828,2892.2299,2724.3798,3000.8456,3394.4834,3197.1503
Syrian Arab Republic,Pre- and post- production,Emissions (CO2eq) from CH4 (AR5),kilotonnes,5760.0955,5164.3002,4739.0832,4821.1688,4499.4025,4826.6155,4898.0395,4507.1659,4660.5265,4706.982,4867.2527,4735.993,4334.2267,4018.6723,3883.6134,3780.9703,3694.8611,3625.2714,3579.1829,2992.4903,2786.9383
Syrian Arab Republic,Pre- and post- production,Emissions (CO2eq) from N2O (AR5),kilotonnes,232.7058,225.0977,207.9077,196.0075,157.5856,237.6581,248.1359,233.7078,244.1518,202.2839,170.2814,175.9684,111.1363,54.3617,100.506,92.5659,86.7018,85.2911,78.2825,42.4375,27.4467
Syrian Arab Republic,Pre- and post- production,Emissions (CO2eq) (AR5),kilotonnes,9801.3228,9212.5709,8930.6457,9368.6443,9176.5555,10187.3256,10163.6392,11727.4174,12223.3073,11562.0474,11608.7851,11182.4559,9540.7191,7724.9052,7220.5982,6802.019,6673.7928,6434.9423,6658.311,6429.4112,6011.5352
Syrian Arab Republic,Agri-food systems,Emissions (CH4),kilotonnes,325.9763,292.2588,283.8621,299.1023,304.1056,329.688,343.8081,340.2151,324.5226,320.3661,311.864,326.4916,312.248,300.1005,293.5629,282.8238,273.0224,249.8037,246.2805,231.9877,235.3157
Syrian Arab Republic,Agri-food systems,Emissions (N2O),kilotonnes,13.728,12.5309,13.6496,14.7318,14.9695,16.794,17.8944,18.4273,16.9314,15.4376,12.472,13.9824,13.0929,10.6733,10.4286,9.797,9.5008,8.1517,7.7191,9.5157,9.718
Syrian Arab Republic,Agri-food systems,Emissions (CO2),kilotonnes,5118.5613,5320.3501,5481.4759,5695.4037,5784.4171,6315.1338,6264.3953,9965.3206,10247.2904,8892.3406,8687.569,8424.1816,6799.2135,4697.986,4203.4151,3798.5824,4149.8443,4074.1749,4278.2363,4666.7329,4469.3998
Syrian Arab Republic,Agri-food systems,Emissions (CO2eq) from CH4 (AR5),kilotonnes,9127.3363,8183.2452,7948.1393,8374.8654,8514.9557,9231.264,9626.6282,9526.024,9086.6335,8970.2516,8732.1914,9141.7647,8742.9431,8402.8151,8219.7609,7919.0678,7644.6268,6994.5033,6895.8537,6495.6556,6588.8382
Syrian Arab Republic,Agri-food systems,Emissions (CO2eq) from N2O (AR5),kilotonnes,3637.93,3320.6907,3617.1564,3903.9207,3966.919,4450.4202,4742.0125,4883.2216,4486.8288,4090.9607,3305.0693,3705.3488,3469.6104,2828.4135,2763.5862,2596.2016,2517.7148,2160.1935,2045.5567,2521.6643,2575.2613
Syrian Arab Republic,Agri-food systems,Emissions (CO2eq) (AR5),kilotonnes,17883.8276,16824.286,17046.7716,17974.1899,18266.2918,19996.8181,20633.036,24374.5662,23820.7527,21953.5529,20724.8298,21271.2951,19011.7669,15929.2147,15186.7622,14313.8517,14312.1859,13228.8717,13219.6467,13684.0528,13633.4994
Syrian Arab Republic,IPCC Agriculture,Emissions (CH4),kilotonnes,120.1029,107.6337,114.4356,126.7663,143.2682,157.1615,168.7254,178.99,157.8222,152.0459,137.8171,157.128,157.2751,156.4675,154.7638,147.6996,140.9702,120.2305,118.3631,125.0254,135.6945
Syrian Arab Republic,IPCC Agriculture,Direct emissions (N2O),kilotonnes,9.4119,8.569,9.4562,10.2927,10.5314,11.6887,12.4548,12.3699,11.2415,10.4525,8.3702,9.468,9.0663,7.5448,7.2287,6.8216,6.6102,5.5779,5.2611,6.5737,6.8828
Syrian Arab Republic,IPCC Agriculture,Indirect emissions (N2O),kilotonnes,3.0604,2.7564,3.0373,3.3272,3.4474,3.854,4.1133,4.1349,3.7562,3.448,2.7604,3.1352,3.0106,2.5276,2.456,2.2799,2.2098,1.8796,1.8127,2.1587,2.2887
Syrian Arab Republic,IPCC Agriculture,Emissions (N2O),kilotonnes,12.5785,11.4289,12.6008,13.7387,14.1077,15.6569,16.6883,16.6236,15.1018,14.0036,11.238,12.7134,12.196,10.1742,9.7766,9.2022,8.9096,7.5361,7.1487,9.0801,9.3389
Syrian Arab Republic,IPCC Agriculture,Emissions (CO2eq) from CH4 (AR5),kilotonnes,3362.8812,3013.7427,3204.1973,3549.4571,4011.5096,4400.5224,4724.3124,5011.7204,4419.0217,4257.286,3858.8781,4399.5832,4403.7017,4381.0889,4333.3872,4135.5879,3947.1656,3366.4541,3314.1663,3500.7119,3799.4466
Syrian Arab Republic,IPCC Agriculture,Emissions (CO2eq) from N2O (AR5),kilotonnes,3333.3002,3028.6514,3339.2183,3640.7638,3738.5365,4149.0814,4422.3876,4405.2474,4001.9791,3710.9466,2978.0668,3369.0416,3231.9466,2696.1682,2590.7936,2438.5707,2361.0424,1997.0727,1894.3936,2406.2274,2474.8153
Syrian Arab Republic,IPCC Agriculture,Emissions (CO2eq) (AR5),kilotonnes,6696.1814,6042.3941,6543.4156,7190.2208,7750.046,8549.6038,9146.7001,9416.9678,8421.0008,7968.2326,6836.9449,7768.6248,7635.6483,7077.2571,6924.1808,6574.1587,6308.208,5363.5268,5208.5599,5906.9393,6274.2619
Syrian Arab Republic,Agricultural Soils,Direct emissions (N2O),kilotonnes,9.4119,8.569,9.4562,10.2927,10.5314,11.6887,12.4548,12.3699,11.2415,10.4525,8.3702,9.468,9.0663,7.5448,7.2287,6.8216,6.6102,5.5779,5.2611,6.5737,6.8828
Syrian Arab Republic,Agricultural Soils,Indirect emissions (N2O),kilotonnes,3.0604,2.7564,3.0373,3.3272,3.4474,3.854,4.1133,4.1349,3.7562,3.448,2.7604,3.1352,3.0106,2.5276,2.456,2.2799,2.2098,1.8796,1.8127,2.1587,2.2887
Syrian Arab Republic,Agricultural Soils,Emissions (N2O),kilotonnes,12.4723,11.3254,12.4936,13.6198,13.9788,15.5427,16.5681,16.5048,14.9977,13.9005,11.1306,12.6032,12.0769,10.0723,9.6846,9.1015,8.82,7.4575,7.0738,8.7323,9.1714
Syrian Arab Republic,Agricultural Soils,Emissions (CO2eq) from N2O (AR5),kilotonnes,3305.1545,3001.2196,3310.7985,3609.251,3704.3921,4118.8103,4390.5403,4373.7783,3974.3861,3683.6224,2949.6193,3339.8424,3200.3745,2669.1659,2566.4306,2411.8958,2337.2877,1976.2376,1874.5644,2314.0688,2430.4283
Syrian Arab Republic,Agricultural Soils,Emissions (CO2eq) (AR5),kilotonnes,3305.1545,3001.2196,3310.7985,3609.251,3704.3921,4118.8103,4390.5403,4373.7783,3974.3861,3683.6224,2949.6193,3339.8424,3200.3745,2669.1659,2566.4306,2411.8958,2337.2877,1976.2376,1874.5644,2314.0688,2430.4283
Syrian Arab Republic,LULUCF,Emissions (CH4),kilotonnes,0.0052,0,0,0,0.0025,0,0,0.0224,0,0,0,0,0.1842,0.0025,0,0.0174,0.0124,0,0,0.005,0.0523
Syrian Arab Republic,LULUCF,Emissions (N2O),kilotonnes,0.0003,0,0,0,0.0002,0,0,0.002,0,0,0,0,0.0168,0.0002,0,0.0016,0.0011,0,0,0.0005,0.0048
Syrian Arab Republic,LULUCF,Emissions (CO2),kilotonnes,-672.1,-672.1,-672.1,-672.1,-672.1,-672.1,-672.1,-672.1,-672.1,-672.1,-672.1,-675.9286,-675.9286,-675.9286,-675.9286,-675.9286,3.8286,3.8286,3.8286,3.8286,3.8286
Syrian Arab Republic,LULUCF,Emissions (CO2eq) from CH4 (AR5),kilotonnes,0.145,0,0,0,0.0697,0,0,0.6271,0,0,0,0,5.1564,0.0697,0,0.4878,0.3484,0,0,0.1394,1.4632
Syrian Arab Republic,LULUCF,Emissions (CO2eq) from N2O (AR5),kilotonnes,0.0761,0,0,0,0.0602,0,0,0.5419,0,0,0,0,4.4558,0.0602,0,0.4215,0.301,0,0,0.1204,1.2644
Syrian Arab Republic,LULUCF,Emissions (CO2eq) (AR5),kilotonnes,-671.8789,-672.1,-672.1,-672.1,-671.9701,-672.1,-672.1,-670.9309,-672.1,-672.1,-672.1,-675.9286,-666.3164,-675.7987,-675.9286,-675.0193,4.478,3.8286,3.8286,4.0884,6.5563
Syrian Arab Republic,AFOLU,Emissions (CH4),kilotonnes,120.1081,107.6337,114.4356,126.7663,143.2707,157.1615,168.7254,179.0124,157.8222,152.0459,137.8171,157.128,157.4592,156.47,154.7638,147.717,140.9826,120.2305,118.3631,125.0304,135.7468
Syrian Arab Republic,AFOLU,Emissions (N2O),kilotonnes,12.5788,11.4289,12.6008,13.7387,14.1079,15.6569,16.6883,16.6256,15.1018,14.0036,11.238,12.7134,12.2128,10.1744,9.7766,9.2037,8.9107,7.5361,7.1487,9.0806,9.3437
Syrian Arab Republic,AFOLU,Emissions (CO2),kilotonnes,-672.1,-672.1,-672.1,-672.1,-672.1,-672.1,-672.1,-672.1,-672.1,-672.1,-672.1,-675.9286,-675.9286,-675.9286,-675.9286,-675.9286,3.8286,3.8286,3.8286,3.8286,3.8286
Syrian Arab Republic,AFOLU,Emissions (CO2eq) from CH4 (AR5),kilotonnes,3363.0262,3013.7427,3204.1973,3549.4571,4011.5792,4400.5224,4724.3124,5012.3475,4419.0217,4257.286,3858.8781,4399.5832,4408.8581,4381.1586,4333.3872,4136.0757,3947.5139,3366.4541,3314.1663,3500.8513,3800.9099
Syrian Arab Republic,AFOLU,Emissions (CO2eq) from N2O (AR5),kilotonnes,3333.3763,3028.6514,3339.2183,3640.7638,3738.5967,4149.0814,4422.3876,4405.7893,4001.9791,3710.9466,2978.0668,3369.0416,3236.4023,2696.2284,2590.7936,2438.9922,2361.3435,1997.0727,1894.3936,2406.3478,2476.0797
Syrian Arab Republic,AFOLU,Emissions (CO2eq) (AR5),kilotonnes,6024.3025,5370.2941,5871.3156,6518.1208,7078.0759,7877.5038,8474.6001,8746.0368,7748.9008,7296.1326,6164.8449,7092.6962,6969.3319,6401.4584,6248.2522,5899.1393,6312.686,5367.3554,5212.3885,5911.0277,6280.8182
Syrian Arab Republic,All sectors with LULUCF,Emissions (CH4),kilotonnes,1226.1081,982.6337,830.4356,836.7663,784.2707,805.1615,781.7254,791.0124,738.8222,795.0459,797.8171,772.128,603.4592,502.47,474.7638,452.317,438.3826,417.9305,349.2631,340.6204,346.5118
Syrian Arab Republic,All sectors with LULUCF,Emissions (N2O),kilotonnes,18.0918,16.9769,18.4238,19.6367,20.3339,22.5449,23.7973,24.0516,22.6468,21.1216,18.22,19.6204,18.6818,15.9694,15.3486,14.6247,14.2307,12.8351,12.4007,14.2226,14.3277
Syrian Arab Republic,All sectors with LULUCF,Emissions (CO2),kilotonnes,48467.9,46987.9,37747.9,52517.9,49287.9,48717.9,52537.9,65257.9,66687.9,61467.9,60717.9,55074.0714,42894.0714,35254.0714,29201.0714,28041.0714,29013.8286,27288.8286,37923.8286,37893.8286,35363.8286
Syrian Arab Republic,All sectors with LULUCF,Emissions (CO2eq) from CH4 (AR5),kilotonnes,34331.0262,27513.7427,23252.1973,23429.4571,21959.5792,22544.5224,21888.3124,22148.3475,20687.0217,22261.286,22338.8781,21619.5832,16896.8581,14069.1586,13293.3872,12664.8757,12274.7139,11702.0541,9779.3663,9537.3713,9702.3299
Syrian Arab Republic,All sectors with LULUCF,Emissions (CO2eq) from N2O (AR5),kilotonnes,4794.3213,4498.8714,4882.3133,5203.7338,5388.4867,5974.4014,6306.2726,6373.6793,6001.4041,5597.2166,4828.2968,5199.3966,4950.6873,4231.9034,4067.3736,3875.5572,3771.1435,3401.3077,3286.1736,3768.9778,3796.8397
Syrian Arab Republic,All sectors with LULUCF,Emissions (CO2eq) (AR5),kilotonnes,87593.2475,79000.5141,65882.4106,81151.0908,76635.9659,77236.8238,80732.4851,93779.9268,93376.3258,89326.4026,87885.0749,81893.0512,64741.6169,53555.1334,46561.8322,44581.5043,45059.686,42392.1904,50989.3685,51200.1777,48862.9982
Syrian Arab Republic,All sectors without LULUCF,Emissions (CH4),kilotonnes,1226.1029,982.6337,830.4356,836.7663,784.2682,805.1615,781.7254,790.99,738.8222,795.0459,797.8171,772.128,603.2751,502.4675,474.7638,452.2996,438.3702,417.9305,349.2631,340.6154,346.4595
Syrian Arab Republic,All sectors without LULUCF,Emissions (N2O),kilotonnes,18.0915,16.9769,18.4238,19.6367,20.3337,22.5449,23.7973,24.0496,22.6468,21.1216,18.22,19.6204,18.665,15.9692,15.3486,14.6232,14.2296,12.8351,12.4007,14.2221,14.3229
Syrian Arab Republic,All sectors without LULUCF,Emissions (CO2),kilotonnes,49140,47660,38420,53190,49960,49390,53210,65930,67360,62140,61390,55750,43570,35930,29877,28717,29010,27285,37920,37890,35360
Syrian Arab Republic,All sectors without LULUCF,Emissions (CO2eq) from CH4 (AR5),kilotonnes,34330.8812,27513.7427,23252.1973,23429.4571,21959.5096,22544.5224,21888.3124,22147.7204,20687.0217,22261.286,22338.8781,21619.5832,16891.7017,14069.0889,13293.3872,12664.3879,12274.3656,11702.0541,9779.3663,9537.2319,9700.8666
Syrian Arab Republic,All sectors without LULUCF,Emissions (CO2eq) from N2O (AR5),kilotonnes,4794.2452,4498.8714,4882.3133,5203.7338,5388.4265,5974.4014,6306.2726,6373.1374,6001.4041,5597.2166,4828.2968,5199.3966,4946.2316,4231.8432,4067.3736,3875.1357,3770.8424,3401.3077,3286.1736,3768.8574,3795.5753
Syrian Arab Republic,All sectors without LULUCF,Emissions (CO2eq) (AR5),kilotonnes,88265.1264,79672.6141,66554.5106,81823.1908,77307.936,77908.9238,81404.5851,94450.8578,94048.4258,89998.5026,88557.1749,82568.9798,65407.9333,54230.9321,47237.7608,45256.5237,45055.208,42388.3618,50985.5399,51196.0893,48856.4419
Tajikistan,Crop Residues,Direct emissions (N2O),kilotonnes,0.1373,0.1207,0.1597,0.1953,0.1938,0.2007,0.2002,0.2027,0.2051,0.2966,0.2936,0.2314,0.2583,0.2898,0.267,0.2819,0.2895,0.2853,0.2625,0.2843,0.2763
Tajikistan,Crop Residues,Indirect emissions (N2O),kilotonnes,0.0309,0.0272,0.0359,0.0439,0.0436,0.0452,0.0451,0.0456,0.0461,0.0667,0.0661,0.0521,0.0581,0.0652,0.0601,0.0634,0.0651,0.0642,0.0591,0.064,0.0622
Tajikistan,Crop Residues,Emissions (N2O),kilotonnes,0.1682,0.1479,0.1956,0.2392,0.2374,0.2459,0.2453,0.2483,0.2512,0.3634,0.3597,0.2835,0.3164,0.3549,0.3271,0.3454,0.3547,0.3495,0.3216,0.3482,0.3384
Tajikistan,Crop Residues,Emissions (CO2eq) from N2O (AR5),kilotonnes,44.5708,39.1933,51.8388,63.3899,62.9087,65.1664,64.9976,65.7958,66.5785,96.2967,95.3261,75.1314,83.8425,94.0602,86.6714,91.5233,93.9869,92.6173,85.219,92.2838,89.6874
Tajikistan,Crop Residues,Emissions (CO2eq) (AR5),kilotonnes,44.5708,39.1933,51.8388,63.3899,62.9087,65.1664,64.9976,65.7958,66.5785,96.2967,95.3261,75.1314,83.8425,94.0602,86.6714,91.5233,93.9869,92.6173,85.219,92.2838,89.6874
Tajikistan,Rice Cultivation,Emissions (CH4),kilotonnes,4.7543,3.3498,3.8685,3.774,3.1058,4.1762,3.3959,3.73,2.2554,3.2001,3.2649,2.904,2.8963,2.5758,2.4415,2.5868,3.0064,2.7534,2.5991,2.7242,2.4503
Tajikistan,Rice Cultivation,Emissions (CH4),kilotonnes,,,,,,,,,,,,,,,8.026,,,,,,
Tajikistan,Rice Cultivation,Emissions (CO2eq) from CH4 (AR5),kilotonnes,133.1197,93.7931,108.3174,105.671,86.9617,116.9336,95.0855,104.4402,63.1503,89.6019,91.4175,81.3119,81.0965,72.1234,68.3631,72.4311,84.1799,77.0962,72.7758,76.2776,68.6093
Tajikistan,Rice Cultivation,Emissions (CO2eq) from CH4 (AR5),kilotonnes,,,,,,,,,,,,,,,224.728,,,,,,
Tajikistan,Rice Cultivation,Emissions (CO2eq) (AR5),kilotonnes,133.1197,93.7931,108.3174,105.671,86.9617,116.9336,95.0855,104.4402,63.1503,89.6019,91.4175,81.3119,81.0965,72.1234,68.3631,72.4311,84.1799,77.0962,72.7758,76.2776,68.6093
Tajikistan,Rice Cultivation,Emissions (CO2eq) (AR5),kilotonnes,,,,,,,,,,,,,,,224.728,,,,,,
Tajikistan,Burning - Crop residues,Emissions (CH4),kilotonnes,0.4404,0.3734,0.3973,0.4551,0.4288,0.4729,0.4687,0.4112,0.4127,0.448,0.4259,0.3902,0.3851,0.3994,0.372,0.3879,0.387,0.3724,0.3366,0.3493,0.3428
Tajikistan,Burning - Crop residues,Emissions (N2O),kilotonnes,0.0114,0.0097,0.0103,0.0118,0.0111,0.0123,0.0122,0.0107,0.0107,0.0116,0.011,0.0101,0.01,0.0104,0.0096,0.0101,0.01,0.0097,0.0087,0.0091,0.0089
Tajikistan,Burning - Crop residues,Emissions (CO2eq) from CH4 (AR5),kilotonnes,12.3317,10.4541,11.1248,12.7424,12.0069,13.2413,13.1225,11.5126,11.5567,12.5439,11.9244,10.9253,10.783,11.1838,10.4147,10.8619,10.8371,10.4283,9.4249,9.7795,9.5978
Tajikistan,Burning - Crop residues,Emissions (CO2eq) from N2O (AR5),kilotonnes,3.0258,2.5651,2.7297,3.1266,2.9461,3.249,3.2199,2.8249,2.8357,3.0779,2.9259,2.6807,2.6458,2.7442,2.5555,2.6652,2.6591,2.5588,2.3126,2.3996,2.355
Tajikistan,Burning - Crop residues,Emissions (CO2eq) (AR5),kilotonnes,15.3575,13.0193,13.8545,15.869,14.953,16.4904,16.3423,14.3375,14.3923,15.6218,14.8503,13.606,13.4288,13.928,12.9702,13.5271,13.4962,12.9871,11.7374,12.1791,11.9528
Tajikistan,Enteric Fermentation,Emissions (CH4),kilotonnes,72.9912,74.982,77.0392,80.4945,86.1011,92.2156,98.5963,102.6519,121.0707,128.8876,130.9808,135.7932,143.5379,149.1162,151.5692,157.8191,162.7072,165.6877,166.5172,168.8908,164.4611
Tajikistan,Enteric Fermentation,Emissions (CH4),kilotonnes,67,67,72,77,81,86,88,92,108,114,116,,,,,,,,,,
Tajikistan,Enteric Fermentation,Emissions (CO2eq) from CH4 (AR5),kilotonnes,2043.7543,2099.4949,2157.0976,2253.8462,2410.8302,2582.036,2760.6978,2874.2536,3389.9809,3608.853,3667.4615,3802.2104,4019.0609,4175.2528,4243.9388,4418.9346,4555.8006,4639.2564,4662.4817,4728.9437,4604.9107
Tajikistan,Enteric Fermentation,Emissions (CO2eq) from CH4 (AR5),kilotonnes,1876,1876,2016,2156,2268,2408,2464,2576,3024,3192,3248,,,,,,,,,,
Tajikistan,Enteric Fermentation,Emissions (CO2eq) (AR5),kilotonnes,2043.7543,2099.4949,2157.0976,2253.8462,2410.8302,2582.036,2760.6978,2874.2536,3389.9809,3608.853,3667.4615,3802.2104,4019.0609,4175.2528,4243.9388,4418.9346,4555.8006,4639.2564,4662.4817,4728.9437,4604.9107
Tajikistan,Enteric Fermentation,Emissions (CO2eq) (AR5),kilotonnes,1876,1876,2016,2156,2268,2408,2464,2576,3024,3192,3248,,,,,,,,,,
Tajikistan,Manure Management,Emissions (CH4),kilotonnes,5.3334,5.5372,5.654,5.9249,6.3687,6.9376,7.6474,8.0341,9.2457,9.9363,10.1238,10.4825,11.0437,11.2031,11.4473,12.0594,12.4365,12.7075,12.8188,13.0442,11.6803
Tajikistan,Manure Management,Emissions (CH4),kilotonnes,10,10,11,11,12,13,14,15,17,17,17,,,,,,,,,,
Tajikistan,Manure Management,Emissions (N2O),kilotonnes,0.5745,0.5868,0.6053,0.6293,0.6727,0.7141,0.7397,0.7633,0.924,0.9721,0.9878,1.0248,1.0908,1.1484,1.162,1.1981,1.2346,1.2546,1.2611,1.2826,1.3195
Tajikistan,Manure Management,Emissions (CO2eq) from CH4 (AR5),kilotonnes,149.3355,155.0429,158.3133,165.897,178.3236,194.2519,214.127,224.9556,258.8798,278.2156,283.4654,293.511,309.223,313.6861,320.5258,337.6642,348.2222,355.8094,358.9259,365.2366,327.0472
Tajikistan,Manure Management,Emissions (CO2eq) from CH4 (AR5),kilotonnes,280,280,308,308,336,364,392,420,476,476,476,,,,,,,,,,
Tajikistan,Manure Management,Emissions (CO2eq) from N2O (AR5),kilotonnes,152.2344,155.5087,160.3928,166.7678,178.2766,189.2384,196.0192,202.2615,244.8513,257.6069,261.7686,271.5778,289.0517,304.3136,307.9314,317.4894,327.1726,332.4574,334.1991,339.8782,349.6548
Tajikistan,Manure Management,Emissions (CO2eq) (AR5),kilotonnes,301.5699,310.5515,318.7061,332.6648,356.6002,383.4903,410.1462,427.2171,503.7311,535.8224,545.234,565.0889,598.2747,617.9997,628.4571,655.1536,675.3948,688.2669,693.1251,705.1148,676.702
Tajikistan,Manure Management,Emissions (CO2eq) (AR5),kilotonnes,280,280,308,308,336,364,392,420,476,476,476,,,,,,,,,,
Tajikistan,Manure left on Pasture,Direct emissions (N2O),kilotonnes,1.0459,1.0725,1.1086,1.163,1.2422,1.3209,1.4129,1.4706,1.7377,1.8558,1.8828,1.9574,2.0629,2.1706,2.2023,2.2791,2.3462,2.3827,2.4001,2.4404,2.4726
Tajikistan,Manure left on Pasture,Indirect emissions (N2O),kilotonnes,0.3214,0.3295,0.3407,0.3585,0.3825,0.4063,0.439,0.4581,0.5372,0.5765,0.5842,0.6077,0.6381,0.6726,0.683,0.7078,0.7285,0.7396,0.7442,0.7549,0.7642
Tajikistan,Manure left on Pasture,Emissions (N2O),kilotonnes,1.3673,1.402,1.4493,1.5216,1.6248,1.7272,1.8519,1.9287,2.275,2.4322,2.4671,2.5651,2.701,2.8432,2.8852,2.9869,3.0747,3.1223,3.1443,3.1953,3.2367
Tajikistan,Manure left on Pasture,Emissions (CO2eq) from N2O (AR5),kilotonnes,362.3248,371.5288,384.0745,403.2145,430.5616,457.7204,490.7646,511.1063,602.8728,644.5449,653.7684,679.7468,715.7657,753.4524,764.5795,791.5221,814.8078,827.4056,833.2523,846.7578,857.7278
Tajikistan,Manure left on Pasture,Emissions (CO2eq) (AR5),kilotonnes,362.3248,371.5288,384.0745,403.2145,430.5616,457.7204,490.7646,511.1063,602.8728,644.5449,653.7684,679.7468,715.7657,753.4524,764.5795,791.5221,814.8078,827.4056,833.2523,846.7578,857.7278
Tajikistan,Manure applied to Soils,Direct emissions (N2O),kilotonnes,0.3889,0.4014,0.4114,0.4316,0.4629,0.5,0.5396,0.5633,0.6624,0.7091,0.7224,0.7499,0.7934,0.8185,0.8356,0.8718,0.8987,0.9185,0.9297,0.9511,0.9059
Tajikistan,Manure applied to Soils,Indirect emissions (N2O),kilotonnes,0.1653,0.1706,0.1749,0.1834,0.1967,0.2125,0.2293,0.2394,0.2815,0.3014,0.307,0.3187,0.3372,0.3479,0.3551,0.3705,0.3819,0.3904,0.3951,0.4042,0.385
Tajikistan,Manure applied to Soils,Emissions (N2O),kilotonnes,0.5542,0.572,0.5863,0.615,0.6597,0.7124,0.7689,0.8028,0.9439,1.0104,1.0294,1.0686,1.1307,1.1664,1.1907,1.2423,1.2807,1.3089,1.3248,1.3553,1.291
Tajikistan,Manure applied to Soils,Emissions (CO2eq) from N2O (AR5),kilotonnes,146.8519,151.5765,155.3686,162.9771,174.8094,188.794,203.7582,212.7326,250.1361,267.7653,272.7792,283.1869,299.6224,309.0917,315.5332,329.2121,339.3731,346.8616,351.0708,359.1498,342.1041
Tajikistan,Manure applied to Soils,Emissions (CO2eq) (AR5),kilotonnes,146.8519,151.5765,155.3686,162.9771,174.8094,188.794,203.7582,212.7326,250.1361,267.7653,272.7792,283.1869,299.6224,309.0917,315.5332,329.2121,339.3731,346.8616,351.0708,359.1498,342.1041
Tajikistan,Synthetic Fertilizers,Direct emissions (N2O),kilotonnes,0.1399,0.1901,0.2373,0.0833,0.0989,0.0252,0.2104,0.1694,0.1231,0.0947,0.0947,0.0662,0.0972,0.1105,0.1945,0.2583,0.1247,0.1247,0.1247,1.1015,1.1186
Tajikistan,Synthetic Fertilizers,Indirect emissions (N2O),kilotonnes,0.0455,0.0618,0.0771,0.0271,0.0321,0.0082,0.0684,0.0551,0.04,0.0308,0.0308,0.0215,0.0316,0.0359,0.0632,0.084,0.0405,0.0405,0.0405,0.358,0.3635
Tajikistan,Synthetic Fertilizers,Emissions (N2O),kilotonnes,0.1853,0.2519,0.3144,0.1103,0.1311,0.0334,0.2788,0.2245,0.1632,0.1254,0.1254,0.0877,0.1288,0.1464,0.2577,0.3423,0.1653,0.1653,0.1653,1.4595,1.4821
Tajikistan,Synthetic Fertilizers,Emissions (CO2eq) from N2O (AR5),kilotonnes,49.1073,66.7639,83.3248,29.2381,34.7285,8.8484,73.884,59.4914,43.24,33.2362,33.2362,23.2324,34.1192,38.8073,68.2917,90.701,43.7954,43.7954,43.7954,386.7727,392.7594
Tajikistan,Synthetic Fertilizers,Emissions (CO2eq) (AR5),kilotonnes,49.1073,66.7639,83.3248,29.2381,34.7285,8.8484,73.884,59.4914,43.24,33.2362,33.2362,23.2324,34.1192,38.8073,68.2917,90.701,43.7954,43.7954,43.7954,386.7727,392.7594
Tajikistan,Drained organic soils,Emissions (CO2eq) (AR5),kilotonnes,0,0,0,0,0,0,0,0,0,0,0,0,0,0,0,0,0,0,0,0,0
Tajikistan,Drained organic soils (CO2),Emissions (CO2),kilotonnes,0,0,0,0,0,0,0,0,0,0,0,0,0,0,0,0,0,0,0,0,0
Tajikistan,Drained organic soils (CO2),Emissions (CO2eq) (AR5),kilotonnes,0,0,0,0,0,0,0,0,0,0,0,0,0,0,0,0,0,0,0,0,0
Tajikistan,Drained organic soils (N2O),Emissions (N2O),kilotonnes,0,0,0,0,0,0,0,0,0,0,0,0,0,0,0,0,0,0,0,0,0
Tajikistan,Drained organic soils (N2O),Emissions (CO2eq) from N2O (AR5),kilotonnes,0,0,0,0,0,0,0,0,0,0,0,0,0,0,0,0,0,0,0,0,0
Tajikistan,Drained organic soils (N2O),Emissions (CO2eq) (AR5),kilotonnes,0,0,0,0,0,0,0,0,0,0,0,0,0,0,0,0,0,0,0,0,0
Tajikistan,On-farm energy use,Emissions (CH4),kilotonnes,0.0052,0.0075,0.0079,0.008,0.0101,0.0078,0.0105,0.0189,0.0166,0.017,0.0179,0.015,0.0189,0.0204,0.0329,0.0313,0.0316,0.0291,0.0281,0.0272,0.0272
Tajikistan,On-farm energy use,Emissions (N2O),kilotonnes,0.0225,0.0286,0.0288,0.0314,0.0415,0.0313,0.045,0.0837,0.065,0.0741,0.0775,0.0537,0.044,0.0485,0.077,0.0646,0.0529,0.0393,0.0368,0.0287,0.0287
Tajikistan,On-farm energy use,Emissions (CO2),kilotonnes,70.2074,86.8833,85.3672,91.4221,122.0211,92.6399,130.3028,238.9296,193.3239,211.764,221.2281,161.4388,133.7931,145.4904,225.4792,193.8321,163.4442,127.317,125.3406,105.3129,105.3129
Tajikistan,On-farm energy use,Emissions (CO2eq) from CH4 (AR5),kilotonnes,0.1454,0.2112,0.2214,0.2235,0.2816,0.2173,0.2943,0.529,0.4646,0.4761,0.5026,0.4195,0.5287,0.5724,0.9204,0.8766,0.8852,0.8157,0.7878,0.7613,0.7613
Tajikistan,On-farm energy use,Emissions (CO2eq) from N2O (AR5),kilotonnes,5.9494,7.5689,7.6307,8.3218,10.9847,8.2841,11.9342,22.1704,17.2278,19.6394,20.532,14.2404,11.65,12.8643,20.4154,17.1212,14.0115,10.4208,9.7452,7.6112,7.6112
Tajikistan,On-farm energy use,Emissions (CO2eq) (AR5),kilotonnes,76.3023,94.6635,93.2193,99.9674,133.2874,101.1413,142.5314,261.629,211.0163,231.8795,242.2627,176.0987,145.9717,158.9271,246.8149,211.8299,178.341,138.5536,135.8736,113.6854,113.6854
Tajikistan,Forestland,Emissions (CO2),kilotonnes,33.5716,-350.1227,-350.1227,-350.1227,-350.1227,-350.1227,-350.1227,-350.1227,-350.1227,-350.1227,-350.1227,-401.785,-401.785,-401.785,-401.785,-401.785,-128.6548,-128.6548,-128.6548,-128.6548,-128.6548
Tajikistan,Forestland,Emissions (CO2),kilotonnes,,,,,,,,,,,,,,,-1576.3962,,,,,,
Tajikistan,Forestland,Emissions (CO2eq) (AR5),kilotonnes,33.5716,-350.1227,-350.1227,-350.1227,-350.1227,-350.1227,-350.1227,-350.1227,-350.1227,-350.1227,-350.1227,-401.785,-401.785,-401.785,-401.785,-401.785,-128.6548,-128.6548,-128.6548,-128.6548,-128.6548
Tajikistan,Forestland,Emissions (CO2eq) (AR5),kilotonnes,,,,,,,,,,,,,,,-1576.3962,,,,,,
Tajikistan,Net Forest conversion,Emissions (CO2),kilotonnes,0,0,0,0,0,0,0,0,0,0,0,0,0,0,0,0,0,0,0,0,0
Tajikistan,Net Forest conversion,Emissions (CO2eq) (AR5),kilotonnes,0,0,0,0,0,0,0,0,0,0,0,0,0,0,0,0,0,0,0,0,0
Tajikistan,Savanna fires,Emissions (CH4),kilotonnes,0.1065,0,0.0413,0.149,0.1707,0.0354,0.0665,0.0912,0.0018,0.0245,0.0466,0.0162,0.029,0.0867,0.0373,0.003,0.0104,0.0028,0.0025,0.0002,0.0164
Tajikistan,Savanna fires,Emissions (N2O),kilotonnes,0.0097,0,0.0038,0.0136,0.0156,0.0032,0.0061,0.0083,0.0002,0.0022,0.0043,0.0015,0.0026,0.0079,0.0034,0.0003,0.001,0.0003,0.0002,0,0.0015
Tajikistan,Savanna fires,Emissions (CO2eq) from CH4 (AR5),kilotonnes,2.9807,0,1.1569,4.1707,4.7806,0.9922,1.8627,2.5545,0.051,0.6862,1.3043,0.4535,0.8114,2.427,1.0434,0.0851,0.292,0.0794,0.0708,0.0057,0.4593
Tajikistan,Savanna fires,Emissions (CO2eq) from N2O (AR5),kilotonnes,2.5758,0,0.9997,3.604,4.1311,0.8574,1.6096,2.2074,0.0441,0.593,1.127,0.3919,0.7011,2.0972,0.9017,0.0735,0.2523,0.0686,0.0612,0.0049,0.3969
Tajikistan,Savanna fires,Emissions (CO2eq) (AR5),kilotonnes,5.5565,0,2.1566,7.7747,8.9117,1.8497,3.4724,4.7619,0.0951,1.2791,2.4313,0.8454,1.5125,4.5243,1.9451,0.1586,0.5442,0.148,0.132,0.0106,0.8563
Tajikistan,Fires in organic soils,Emissions (CH4),kilotonnes,0,0,0,0,0,0,0,0,0,0,0,0,0,0,0,0,0,0,0,0,0
Tajikistan,Fires in organic soils,Emissions (CO2),kilotonnes,0,0,0,0,0,0,0,0,0,0,0,0,0,0,0,0,0,0,0,0,0
Tajikistan,Fires in organic soils,Emissions (CO2eq) from CH4 (AR5),kilotonnes,0,0,0,0,0,0,0,0,0,0,0,0,0,0,0,0,0,0,0,0,0
Tajikistan,Fires in organic soils,Emissions (CO2eq) (AR5),kilotonnes,0,0,0,0,0,0,0,0,0,0,0,0,0,0,0,0,0,0,0,0,0
Tajikistan,Forest fires,Emissions (CH4),kilotonnes,0,0,0,0,0,0,0,0,0,0,0,0,0,0,0,0,0,0,0,0,0
Tajikistan,Forest fires,Emissions (N2O),kilotonnes,0,0,0,0,0,0,0,0,0,0,0,0,0,0,0,0,0,0,0,0,0
Tajikistan,Forest fires,Emissions (CO2eq) from CH4 (AR5),kilotonnes,0,0,0,0,0,0,0,0,0,0,0,0,0,0,0,0,0,0,0,0,0
Tajikistan,Forest fires,Emissions (CO2eq) from N2O (AR5),kilotonnes,0,0,0,0,0,0,0,0,0,0,0,0,0,0,0,0,0,0,0,0,0
Tajikistan,Forest fires,Emissions (CO2eq) (AR5),kilotonnes,0,0,0,0,0,0,0,0,0,0,0,0,0,0,0,0,0,0,0,0,0
Tajikistan,Fires in humid tropical forests,Emissions (CH4),kilotonnes,0,0,0,0,0,0,0,0,0,0,0,0,0,0,0,0,0,0,0,0,0
Tajikistan,Fires in humid tropical forests,Emissions (N2O),kilotonnes,0,0,0,0,0,0,0,0,0,0,0,0,0,0,0,0,0,0,0,0,0
Tajikistan,Fires in humid tropical forests,Emissions (CO2eq) from CH4 (AR5),kilotonnes,0,0,0,0,0,0,0,0,0,0,0,0,0,0,0,0,0,0,0,0,0
Tajikistan,Fires in humid tropical forests,Emissions (CO2eq) from N2O (AR5),kilotonnes,0,0,0,0,0,0,0,0,0,0,0,0,0,0,0,0,0,0,0,0,0
Tajikistan,Fires in humid tropical forests,Emissions (CO2eq) (AR5),kilotonnes,0,0,0,0,0,0,0,0,0,0,0,0,0,0,0,0,0,0,0,0,0
Tajikistan,Waste - agri-food systems,Emissions (CH4),kilotonnes,26.7852,27.6574,28.413,29.423,30.353,31.0546,31.7178,32.4323,33.1234,34.523,35.9408,36.699,37.6439,38.148,38.5537,37.7356,38.1557,38.5227,38.8815,39.2216,39.5367
Tajikistan,Waste - agri-food systems,Emissions (N2O),kilotonnes,0.1228,0.1232,0.1253,0.131,0.1353,0.141,0.1455,0.1474,0.1516,0.1683,0.1829,0.1856,0.2239,0.2315,0.2058,0.1913,0.1945,0.1994,0.2022,0.205,0.2077
Tajikistan,Waste - agri-food systems,Emissions (CO2),kilotonnes,0,0,0,0,0,0,0,0,0,0,0,0,0,0,0,0,0,0,0,0,0
Tajikistan,Waste - agri-food systems,Emissions (CO2eq) from CH4 (AR5),kilotonnes,749.9863,774.4061,795.5627,823.8438,849.8853,869.5281,888.0994,908.104,927.454,966.645,1006.343,1027.5728,1054.0285,1068.1446,1079.5026,1056.5955,1068.3597,1078.6363,1088.6811,1098.2048,1107.0263
Tajikistan,Waste - agri-food systems,Emissions (CO2eq) from N2O (AR5),kilotonnes,32.5393,32.6483,33.207,34.7255,35.8481,37.3603,38.5513,39.0678,40.1855,44.6095,48.4807,49.1728,59.327,61.3399,54.5295,50.6891,51.5496,52.8313,53.5864,54.3186,55.0322
Tajikistan,Waste - agri-food systems,Emissions (CO2eq) (AR5),kilotonnes,782.5256,807.0544,828.7697,858.5692,885.7333,906.8884,926.6507,947.1718,967.6395,1011.2544,1054.8237,1076.7456,1113.3555,1129.4846,1134.0321,1107.2845,1119.9093,1131.4676,1142.2675,1152.5234,1162.0585
Tajikistan,On-farm electricity use,Emissions (CH4),kilotonnes,5.1838,5.3998,5.0338,5.1082,5.1622,5.3134,5.3758,5.3914,5.2162,4.9558,4.3114,4.4902,4.5982,4.9234,4.8238,5.1598,2.9451,2.5343,2.6891,2.2621,2.2621
Tajikistan,On-farm electricity use,Emissions (N2O),kilotonnes,0.0277,0.0288,0.0269,0.0273,0.0276,0.0284,0.0287,0.0288,0.0279,0.0265,0.023,0.024,0.0246,0.0263,0.0258,0.0276,0.0157,0.0136,0.0143,0.0121,0.0121
Tajikistan,On-farm electricity use,Emissions (CO2),kilotonnes,112.9706,109.9093,69.0673,71.0263,93.5375,91.026,93.722,30.5762,26.7488,14.7218,2.5801,2.8956,4.9088,40.702,39.8786,42.6562,24.3468,20.9512,22.2308,18.7013,18.7013
Tajikistan,On-farm electricity use,Emissions (CO2eq) from CH4 (AR5),kilotonnes,145.1464,151.1944,140.9464,143.0296,144.5416,148.7752,150.5224,150.9592,146.0536,138.7624,120.7192,125.7256,128.7496,137.8552,135.0664,144.4744,82.4628,70.9604,75.2948,63.3388,63.3388
Tajikistan,On-farm electricity use,Emissions (CO2eq) from N2O (AR5),kilotonnes,7.3405,7.632,7.1285,7.2345,7.314,7.526,7.6055,7.632,7.3935,7.0225,6.095,6.36,6.519,6.9695,6.837,7.314,4.1605,3.604,3.7895,3.2065,3.2065
Tajikistan,On-farm electricity use,Emissions (CO2eq) (AR5),kilotonnes,265.4575,268.7357,217.1422,221.2904,245.3931,247.3272,251.8499,189.1674,180.1959,160.5067,129.3943,134.9812,140.1774,185.5267,181.782,194.4446,110.9701,95.5156,101.3151,85.2466,85.2466
Tajikistan,Food Processing,Emissions (CH4),kilotonnes,0,0,0,0,0,0,0,0,0.1056,0.1008,0.1224,0.1056,0.1044,0.09,0.0648,0.0468,1.2505,0.0844,0.0844,0.0844,0.0903
Tajikistan,Food Processing,Emissions (N2O),kilotonnes,0,0,0,0,0,0,0,0,0.0006,0.0005,0.0007,0.0006,0.0006,0.0005,0.0003,0.0002,0.0072,0.0012,0.0012,0.0012,0.0013
Tajikistan,Food Processing,Emissions (CO2),kilotonnes,0,0,0,0,0,0,0,0,0.5415,0.2994,0.0732,0.0681,0.1114,0.744,0.5357,0.3869,45.1457,50.4229,50.4229,50.4229,48.2748
Tajikistan,Food Processing,Emissions (CO2eq) from CH4 (AR5),kilotonnes,0,0,0,0,0,0,0,0,2.9568,2.8224,3.4272,2.9568,2.9232,2.52,1.8144,1.3104,35.014,2.3632,2.3632,2.3632,2.5288
Tajikistan,Food Processing,Emissions (CO2eq) from N2O (AR5),kilotonnes,0,0,0,0,0,0,0,0,0.159,0.1325,0.1855,0.159,0.159,0.1325,0.0795,0.053,1.908,0.318,0.318,0.318,0.3383
Tajikistan,Food Processing,Emissions (CO2eq) (AR5),kilotonnes,0,0,0,0,0,0,0,0,3.6573,3.2543,3.6859,3.1839,3.1936,3.3965,2.4296,1.7503,82.0677,53.1041,53.1041,53.1041,51.1419
Tajikistan,Food Packaging,Emissions (CH4),kilotonnes,0.3315,0.3388,0.3414,0.3555,0.4089,0.4181,0.4169,0.5149,0.5372,0.6058,0.5378,0.4745,0.4616,0.4413,0.3078,0.314,0.2108,0.3128,0.2774,0.3466,0.3709
Tajikistan,Food Packaging,Emissions (N2O),kilotonnes,0.0011,0.0013,0.0014,0.0014,0.0018,0.0018,0.002,0.0028,0.0029,0.0032,0.0029,0.0025,0.0025,0.0024,0.0016,0.0017,0.0014,0.0018,0.0015,0.0017,0.0018
Tajikistan,Food Packaging,Emissions (CO2),kilotonnes,2.3339,2.3097,1.8485,2.051,2.555,2.3951,2.6043,3.0558,2.9355,1.8713,0.4019,0.3697,0.6038,3.6667,2.5813,2.6375,20.4686,14.9396,13.404,7.3062,6.9949
Tajikistan,Food Packaging,Emissions (CO2eq) from CH4 (AR5),kilotonnes,9.282,9.4864,9.5592,9.954,11.4492,11.7068,11.6732,14.4172,15.0416,16.9624,15.0584,13.286,12.9248,12.3564,8.6184,8.792,5.9024,8.7584,7.7672,9.7048,10.3849
Tajikistan,Food Packaging,Emissions (CO2eq) from N2O (AR5),kilotonnes,0.2915,0.3445,0.371,0.371,0.477,0.477,0.53,0.742,0.7685,0.848,0.7685,0.6625,0.6625,0.636,0.424,0.4505,0.371,0.477,0.3975,0.4505,0.4792
Tajikistan,Food Packaging,Emissions (CO2eq) (AR5),kilotonnes,11.9074,12.1406,11.7787,12.376,14.4812,14.5789,14.8075,18.215,18.7456,19.6817,16.2288,14.3182,14.1911,16.6591,11.6237,11.88,26.742,24.175,21.5687,17.4615,17.8591
Tajikistan,Food Retail,Emissions (CH4),kilotonnes,0.04,0.0405,0.0413,0.0425,0.0433,0.0446,0.0452,0.0454,0.0439,0.0418,0.0202,0.0492,0.1197,0.1362,0.1719,0.131,0.1159,0.2563,0.378,0.1723,0.1844
Tajikistan,Food Retail,Emissions (N2O),kilotonnes,0.0002,0.0002,0.0002,0.0002,0.0002,0.0002,0.0002,0.0002,0.0002,0.0002,0.0001,0.0003,0.0006,0.0007,0.0009,0.0007,0.0009,0.0014,0.002,0.001,0.0011
Tajikistan,Food Retail,Emissions (CO2),kilotonnes,0.8724,0.8236,0.567,0.5906,0.7853,0.7647,0.7883,0.2572,0.2252,0.124,0.0121,0.0318,0.1277,1.1261,1.4213,1.0833,19.0807,2.4138,3.1248,3.2528,3.1142
Tajikistan,Food Retail,Emissions (CO2eq) from F-gases (AR5),kilotonnes,3.117,4.6755,6.7535,8.8315,11.429,12.9875,15.0655,17.1435,17.1435,17.1435,17.1435,17.663,17.663,17.663,17.663,17.663,19.2215,19.741,19.741,20.2605,21.2028
Tajikistan,Food Retail,Emissions (CO2eq) from CH4 (AR5),kilotonnes,1.12,1.134,1.1564,1.19,1.2124,1.2488,1.2656,1.2712,1.2292,1.1704,0.5656,1.3776,3.3516,3.8136,4.8132,3.668,3.2452,7.1764,10.584,4.8244,5.1625
Tajikistan,Food Retail,Emissions (CO2eq) from N2O (AR5),kilotonnes,0.053,0.053,0.053,0.053,0.053,0.053,0.053,0.053,0.053,0.053,0.0265,0.0795,0.159,0.1855,0.2385,0.1855,0.2385,0.371,0.53,0.265,0.2819
Tajikistan,Food Retail,Emissions (CO2eq) (AR5),kilotonnes,5.1624,6.6861,8.5299,10.6651,13.4797,15.054,17.1724,18.7249,18.6509,18.4909,17.7477,19.1519,21.3013,22.7882,24.136,22.5998,41.7859,29.7022,33.9798,28.6027,29.7615
Tajikistan,Food Household Consumption,Emissions (CH4),kilotonnes,0.8982,0.7946,0.9131,0.8324,0.849,0.8739,0.8841,0.8866,0.8578,0.815,0.7998,0.8263,0.7368,0.8023,0.817,0.8288,2.9049,3.0703,3.0891,3.0891,3.3056
Tajikistan,Food Household Consumption,Emissions (N2O),kilotonnes,0.0048,0.0042,0.0049,0.0044,0.0045,0.0047,0.0047,0.0047,0.0046,0.0044,0.0043,0.0044,0.0039,0.0043,0.0044,0.0044,0.015,0.0159,0.016,0.016,0.017
Tajikistan,Food Household Consumption,Emissions (CO2),kilotonnes,19.5741,16.1731,12.5284,11.5744,15.3837,14.9706,15.4133,5.0281,4.3991,2.4211,0.4786,0.5329,0.7866,6.6328,6.7538,6.852,505.5674,508.9671,502.1195,502.1195,480.7288
Tajikistan,Food Household Consumption,Emissions (CO2eq) from CH4 (AR5),kilotonnes,25.1496,22.2488,25.5668,23.3072,23.772,24.4692,24.7548,24.8248,24.0184,22.82,22.3944,23.1364,20.6304,22.4644,22.876,23.2064,81.3372,85.9684,86.4948,86.4948,92.5564
Tajikistan,Food Household Consumption,Emissions (CO2eq) from N2O (AR5),kilotonnes,1.272,1.113,1.2985,1.166,1.1925,1.2455,1.2455,1.2455,1.219,1.166,1.1395,1.166,1.0335,1.1395,1.166,1.166,3.975,4.2135,4.24,4.24,4.5104
Tajikistan,Food Household Consumption,Emissions (CO2eq) (AR5),kilotonnes,45.9957,39.5349,39.3937,36.0476,40.3482,40.6853,41.4136,31.0984,29.6365,26.4071,24.0125,24.8353,22.4505,30.2367,30.7958,31.2244,590.8796,599.149,592.8543,592.8543,577.7956
Tajikistan,Food Transport,Emissions (CH4),kilotonnes,0.0028,0.0045,0.0059,0.0049,0.0064,0.0095,0.0113,0.0144,0.0143,0.0135,0.0149,0.0155,0.0249,0.0189,0.0334,0.029,0.0269,0.0242,0.0294,0.0184,0.0197
Tajikistan,Food Transport,Emissions (N2O),kilotonnes,0.0001,0.0001,0.0001,0.0001,0.0002,0.0003,0.0003,0.0004,0.0005,0.0004,0.0005,0.0005,0.0012,0.0011,0.0019,0.0016,0.0016,0.0014,0.0017,0.0012,0.0013
Tajikistan,Food Transport,Emissions (CO2),kilotonnes,4.697,10.065,13.42,11.11,14.74,13.64,18.04,28.05,27.72,26.07,29.48,31.46,96.69,99.44,169.4,146.3,141.9005,129.8,157.3,106.9918,102.4339
Tajikistan,Food Transport,Emissions (CO2eq) from CH4 (AR5),kilotonnes,0.0784,0.126,0.1652,0.1372,0.1792,0.266,0.3164,0.4032,0.4004,0.378,0.4172,0.434,0.6972,0.5292,0.9352,0.812,0.7532,0.6776,0.8232,0.5152,0.5513
Tajikistan,Food Transport,Emissions (CO2eq) from N2O (AR5),kilotonnes,0.0265,0.0265,0.0265,0.0265,0.053,0.0795,0.0795,0.106,0.1325,0.106,0.1325,0.1325,0.318,0.2915,0.5035,0.424,0.424,0.371,0.4505,0.318,0.3383
Tajikistan,Food Transport,Emissions (CO2eq) (AR5),kilotonnes,4.8019,10.2175,13.6117,11.2737,14.9722,13.9855,18.4359,28.5592,28.2529,26.554,30.0297,32.0265,97.7052,100.2607,170.8387,147.536,143.0777,130.8486,158.5737,107.825,103.3234
Tajikistan,Energy,Emissions (CH4),kilotonnes,5.05,5.21,5.26,5.43,6.26,6.4,6.38,7.91,8.26,8.27,8.28,8.84,12.5,14.1,20,22.8,33.8,39.5,45.2,37.1,39.7
Tajikistan,Energy,Emissions (N2O),kilotonnes,0.0082,0.0096,0.0108,0.0104,0.0133,0.0134,0.0153,0.0211,0.0218,0.0202,0.021,0.0223,0.0285,0.0295,0.0431,0.0454,0.0639,0.07,0.079,0.069,0.0734
Tajikistan,Energy,Emissions (CO2),kilotonnes,2210,2260,1830,1990,2470,2310,2520,3080,2810,2350,2390,2200,2820,2730,4050,4620,5790,6240,4760,4460,4270
Tajikistan,Energy,Emissions (CO2eq) from CH4 (AR5),kilotonnes,141.4,145.88,147.28,152.04,175.28,179.2,178.64,221.48,231.28,231.56,231.84,247.52,350,394.8,560,638.4,946.4,1106,1265.6,1038.8,1111.6
Tajikistan,Energy,Emissions (CO2eq) from N2O (AR5),kilotonnes,2.173,2.5387,2.862,2.756,3.5245,3.551,4.0545,5.5915,5.777,5.353,5.565,5.9095,7.5525,7.8175,11.4215,12.031,16.9335,18.55,20.935,18.285,19.451
Tajikistan,Energy,Emissions (CO2eq) (AR5),kilotonnes,2353.573,2408.4187,1980.142,2144.796,2648.8045,2492.751,2702.6945,3307.0715,3047.057,2586.913,2627.405,2453.4295,3177.5525,3132.6175,4621.4215,5270.431,6753.3335,7364.55,6046.535,5517.085,5401.051
Tajikistan,IPPU,Emissions (N2O),kilotonnes,0.0019,0.0019,0.0019,0.002,0.002,0.0021,0.0021,0.0022,0.0022,0.0023,0.0023,0.0024,0.0024,0.0025,0.0025,0.0026,0.0026,0.0027,0.0027,0.0028,0.0028
Tajikistan,IPPU,Emissions (CO2),kilotonnes,657,680,696,760,900,900,1010,1010,918,797,829,718,693,668,892,1050,1010,1830,2170,2290,2250
Tajikistan,IPPU,Emissions (CO2eq) from F-gases (AR5),kilotonnes,919.2798,658.8496,351.7752,366.3515,412.9957,440.2048,480.0468,487.8208,400.3629,424.6568,414.9392,85.2229,25.3628,27.112,28.8611,30.6103,32.3594,34.1086,35.8577,37.6069,39.3561
Tajikistan,IPPU,Emissions (CO2eq) from N2O (AR5),kilotonnes,0.4956,0.5062,0.5141,0.5247,0.5353,0.5486,0.5591,0.5724,0.583,0.5962,0.6095,0.6254,0.6386,0.6519,0.6678,0.6837,0.697,0.7129,0.7261,0.7367,0.75
Tajikistan,IPPU,Emissions (CO2eq) (AR5),kilotonnes,1576.7754,1339.3558,1048.2893,1126.8762,1313.531,1340.7534,1490.6059,1498.3932,1318.9459,1222.253,1244.5487,803.8483,719.0014,695.7639,921.5289,1081.294,1043.0564,1864.8214,2206.5838,2328.3436,2290.106
Tajikistan,Waste,Emissions (CH4),kilotonnes,31.6,32.2,33.1,34,34.9,35.5,36.7,37.6,38.8,39.6,40.7,41.9,43.1,44.4,45.9,47.2,48.5,50.5,52,52.2,53.4
Tajikistan,Waste,Emissions (N2O),kilotonnes,0.192,0.196,0.199,0.203,0.208,0.213,0.221,0.229,0.235,0.242,0.249,0.255,0.276,0.301,0.311,0.305,0.296,0.306,0.312,0.331,0.339
Tajikistan,Waste,Emissions (CO2eq) from CH4 (AR5),kilotonnes,884.8,901.6,926.8,952,977.2,994,1027.6,1052.8,1086.4,1108.8,1139.6,1173.2,1206.8,1243.2,1285.2,1321.6,1358,1414,1456,1461.6,1495.2
Tajikistan,Waste,Emissions (CO2eq) from N2O (AR5),kilotonnes,50.88,51.94,52.735,53.795,55.12,56.445,58.565,60.685,62.275,64.13,65.985,67.575,73.14,79.765,82.415,80.825,78.44,81.09,82.68,87.715,89.835
Tajikistan,Waste,Emissions (CO2eq) (AR5),kilotonnes,935.68,953.54,979.535,1005.795,1032.32,1050.445,1086.165,1113.485,1148.675,1172.93,1205.585,1240.775,1279.94,1322.965,1367.615,1402.425,1436.44,1495.09,1538.68,1549.315,1585.035
Tajikistan,Other,Emissions (N2O),kilotonnes,0.0137,0.0141,0.0139,0.014,0.0171,0.0181,0.0195,0.0226,0.0213,0.0174,0.0172,0.0177,0.0358,0.0375,0.0564,0.0554,0.0883,0.109,0.125,0.0993,0.106
Tajikistan,Other,Emissions (CO2eq) from N2O (AR5),kilotonnes,3.6305,3.7365,3.6835,3.71,4.5315,4.7965,5.1675,5.989,5.6445,4.611,4.558,4.6905,9.487,9.9375,14.946,14.681,23.3995,28.885,33.125,26.3145,28.09
Tajikistan,Other,Emissions (CO2eq) (AR5),kilotonnes,3.6305,3.7365,3.6835,3.71,4.5315,4.7965,5.1675,5.989,5.6445,4.611,4.558,4.6905,9.487,9.9375,14.946,14.681,23.3995,28.885,33.125,26.3145,28.09
Tajikistan,Farm-gate emissions,Emissions (CH4),kilotonnes,83.631,84.2499,87.0083,90.8054,96.1852,103.8454,110.1853,114.9373,133.003,142.5135,144.8598,149.6011,157.9108,163.4016,165.9002,172.8876,178.5792,181.553,182.3024,185.0359,178.9781
Tajikistan,Farm-gate emissions,Direct emissions (N2O),kilotonnes,1.7119,1.7848,1.9171,1.8731,1.9979,2.0468,2.3632,2.4061,2.7284,2.9561,2.9935,3.0049,3.2118,3.3894,3.4993,3.6912,3.6592,3.7112,3.717,4.7773,4.7733
Tajikistan,Farm-gate emissions,Indirect emissions (N2O),kilotonnes,0.563,0.589,0.6286,0.613,0.655,0.6722,0.7818,0.7981,0.9049,0.9753,0.9881,1,1.065,1.1216,1.1614,1.2257,1.2162,1.2347,1.2389,1.5811,1.5749
Tajikistan,Farm-gate emissions,Emissions (N2O),kilotonnes,2.893,2.9989,3.1938,3.1722,3.3938,3.4798,3.9479,4.0702,4.6332,4.9915,5.0621,5.0951,5.4241,5.7262,5.9128,6.1898,6.1738,6.2498,6.2629,7.6787,7.7068
Tajikistan,Farm-gate emissions,Emissions (CO2),kilotonnes,70.2074,86.8833,85.3672,91.4221,122.0211,92.6399,130.3028,238.9296,193.3239,211.764,221.2281,161.4388,133.7931,145.4904,225.4792,193.8321,163.4442,127.317,125.3406,105.3129,105.3129
Tajikistan,Farm-gate emissions,Emissions (CO2eq) from CH4 (AR5),kilotonnes,2341.6673,2358.9961,2436.2315,2542.5509,2693.1846,2907.6724,3085.1898,3218.2455,3724.0834,3990.3767,4056.0756,4188.8317,4421.5034,4575.2455,4645.2061,4840.8535,5000.2169,5083.4854,5104.4669,5181.0044,5011.3856
Tajikistan,Farm-gate emissions,Emissions (CO2eq) from N2O (AR5),kilotonnes,766.6403,794.7053,846.3596,840.6398,899.3467,922.1583,1046.1873,1078.5903,1227.7864,1322.7603,1341.4635,1350.1883,1437.3984,1517.4309,1566.8798,1640.3077,1636.0586,1656.1856,1659.6557,2034.858,2042.2966
Tajikistan,Farm-gate emissions,Emissions (CO2eq) (AR5),kilotonnes,3178.515,3240.5847,3367.9583,3474.6128,3714.5524,3922.4706,4261.6799,4535.7653,5145.1936,5524.9009,5618.7672,5700.4588,5992.695,6238.1669,6437.5651,6674.9932,6799.7198,6866.988,6889.4631,7321.1753,7158.995
Tajikistan,Land Use change,Emissions (CH4),kilotonnes,0,0,0,0,0,0,0,0,0,0,0,0,0,0,0,0,0,0,0,0,0
Tajikistan,Land Use change,Emissions (N2O),kilotonnes,0,0,0,0,0,0,0,0,0,0,0,0,0,0,0,0,0,0,0,0,0
Tajikistan,Land Use change,Emissions (CO2),kilotonnes,0,0,0,0,0,0,0,0,0,0,0,0,0,0,0,0,0,0,0,0,0
Tajikistan,Land Use change,Emissions (CO2eq) from CH4 (AR5),kilotonnes,0,0,0,0,0,0,0,0,0,0,0,0,0,0,0,0,0,0,0,0,0
Tajikistan,Land Use change,Emissions (CO2eq) from N2O (AR5),kilotonnes,0,0,0,0,0,0,0,0,0,0,0,0,0,0,0,0,0,0,0,0,0
Tajikistan,Land Use change,Emissions (CO2eq) (AR5),kilotonnes,0,0,0,0,0,0,0,0,0,0,0,0,0,0,0,0,0,0,0,0,0
Tajikistan,Emissions on agricultural land,Emissions (CH4),kilotonnes,83.631,84.2499,87.0083,90.8054,96.1852,103.8454,110.1853,114.9373,133.003,142.5135,144.8598,149.6011,157.9108,163.4016,165.9002,172.8876,178.5792,181.553,182.3024,185.0359,178.9781
Tajikistan,Emissions on agricultural land,Emissions (N2O),kilotonnes,2.893,2.9989,3.1938,3.1722,3.3938,3.4798,3.9479,4.0702,4.6332,4.9915,5.0621,5.0951,5.4241,5.7262,5.9128,6.1898,6.1738,6.2498,6.2629,7.6787,7.7068
Tajikistan,Emissions on agricultural land,Emissions (CO2),kilotonnes,70.2074,86.8833,85.3672,91.4221,122.0211,92.6399,130.3028,238.9296,193.3239,211.764,221.2281,161.4388,133.7931,145.4904,225.4792,193.8321,163.4442,127.317,125.3406,105.3129,105.3129
Tajikistan,Emissions on agricultural land,Emissions (CO2eq) from CH4 (AR5),kilotonnes,2341.6673,2358.9961,2436.2315,2542.5509,2693.1846,2907.6724,3085.1898,3218.2455,3724.0834,3990.3767,4056.0756,4188.8317,4421.5034,4575.2455,4645.2061,4840.8535,5000.2169,5083.4854,5104.4669,5181.0044,5011.3856
Tajikistan,Emissions on agricultural land,Emissions (CO2eq) from N2O (AR5),kilotonnes,766.6403,794.7053,846.3596,840.6398,899.3467,922.1583,1046.1873,1078.5903,1227.7864,1322.7603,1341.4635,1350.1883,1437.3984,1517.4309,1566.8798,1640.3077,1636.0586,1656.1856,1659.6557,2034.858,2042.2966
Tajikistan,Emissions on agricultural land,Emissions (CO2eq) (AR5),kilotonnes,3178.515,3240.5847,3367.9583,3474.6128,3714.5524,3922.4706,4261.6799,4535.7653,5145.1936,5524.9009,5618.7672,5700.4588,5992.695,6238.1669,6437.5651,6674.9932,6799.7198,6866.988,6889.4631,7321.1753,7158.995
Tajikistan,Pre- and post- production,Emissions (CH4),kilotonnes,33.2415,34.2356,34.7485,35.7665,36.8228,37.7141,38.4511,39.285,39.8984,41.0557,41.7473,42.6603,43.6895,44.5601,44.7724,44.245,45.6098,44.805,45.4289,45.1945,45.7696
Tajikistan,Pre- and post- production,Emissions (N2O),kilotonnes,0.1567,0.1578,0.1588,0.1644,0.1696,0.1764,0.1814,0.1843,0.1883,0.2035,0.2144,0.2179,0.2573,0.2668,0.2407,0.2275,0.2363,0.2347,0.2389,0.2382,0.2422
Tajikistan,Pre- and post- production,Emissions (CO2),kilotonnes,140.448,139.2807,97.4312,96.3523,127.0015,122.7964,130.5679,66.9673,62.5701,45.5076,33.0259,35.3581,103.2283,152.3116,220.5707,199.9159,756.5097,727.4946,748.602,688.7945,660.2479
Tajikistan,Pre- and post- production,Emissions (CO2eq) from F-gases (AR5),kilotonnes,3.117,4.6755,6.7535,8.8315,11.429,12.9875,15.0655,17.1435,17.1435,17.1435,17.1435,17.663,17.663,17.663,17.663,17.663,19.2215,19.741,19.741,20.2605,21.2028
Tajikistan,Pre- and post- production,Emissions (CO2eq) from CH4 (AR5),kilotonnes,930.7627,958.5957,972.9567,1001.4618,1031.0397,1055.9941,1076.6318,1099.9796,1117.154,1149.5606,1168.925,1194.4892,1223.3053,1247.6834,1253.6262,1238.8587,1277.0745,1254.5407,1272.0083,1265.446,1281.5491
Tajikistan,Pre- and post- production,Emissions (CO2eq) from N2O (AR5),kilotonnes,41.5228,41.8173,42.0845,43.5765,44.9376,46.7413,48.0648,48.8463,49.911,53.9375,56.8282,57.7323,68.178,70.6944,63.778,60.2821,62.6266,62.1858,63.3119,63.1166,64.1867
Tajikistan,Pre- and post- production,Emissions (CO2eq) (AR5),kilotonnes,1115.8505,1144.3692,1119.2259,1150.222,1214.4077,1238.5193,1270.33,1232.9367,1246.7786,1266.1491,1275.9226,1305.2426,1412.3746,1488.3525,1555.6379,1516.7196,2115.4323,2063.9621,2103.6632,2037.6176,2027.1866
Tajikistan,Agri-food systems,Emissions (CH4),kilotonnes,116.8725,118.4854,121.7567,126.5719,133.008,141.5595,148.6365,154.2223,172.9013,183.5692,186.6072,192.2615,201.6003,207.9617,210.6726,217.1326,224.189,226.3581,227.7313,230.2304,224.7477
Tajikistan,Agri-food systems,Emissions (N2O),kilotonnes,3.0497,3.1567,3.3526,3.3367,3.5633,3.6562,4.1293,4.2545,4.8215,5.1951,5.2766,5.3129,5.6814,5.9929,6.1534,6.4173,6.4101,6.4844,6.5018,7.9169,7.949
Tajikistan,Agri-food systems,Emissions (CO2),kilotonnes,210.6554,226.164,182.7984,187.7744,249.0226,215.4363,260.8707,305.8969,255.894,257.2716,254.254,196.7969,237.0214,297.802,446.0499,393.748,919.9539,854.8116,873.9426,794.1074,765.5608
Tajikistan,Agri-food systems,Emissions (CO2eq) from F-gases (AR5),kilotonnes,3.117,4.6755,6.7535,8.8315,11.429,12.9875,15.0655,17.1435,17.1435,17.1435,17.1435,17.663,17.663,17.663,17.663,17.663,19.2215,19.741,19.741,20.2605,21.2028
Tajikistan,Agri-food systems,Emissions (CO2eq) from CH4 (AR5),kilotonnes,3272.43,3317.5919,3409.1882,3544.0126,3724.2242,3963.6665,4161.8216,4318.2251,4841.2373,5139.9372,5225.0006,5383.3209,5644.8087,5822.929,5898.8324,6079.7122,6277.2914,6338.0261,6376.4751,6446.4504,6292.9347
Tajikistan,Agri-food systems,Emissions (CO2eq) from N2O (AR5),kilotonnes,808.1632,836.5226,888.4442,884.2163,944.2843,968.8996,1094.2521,1127.4366,1277.6974,1376.6978,1398.2917,1407.9206,1505.5765,1588.1254,1630.6578,1700.5897,1698.6852,1718.3714,1722.9676,2097.9746,2106.4833
Tajikistan,Agri-food systems,Emissions (CO2eq) (AR5),kilotonnes,4294.3656,4384.9539,4487.1843,4624.8348,4928.9601,5160.9899,5532.0099,5768.702,6391.9722,6791.0501,6894.6898,7005.7014,7405.0696,7726.5193,7993.203,8191.7129,8915.152,8930.9501,8993.1263,9358.7928,9186.1816
Tajikistan,IPCC Agriculture,Emissions (CH4),kilotonnes,83.6258,84.2423,87.0004,90.7974,96.1751,103.8377,110.1748,114.9184,132.9864,142.4964,144.8419,149.5862,157.892,163.3812,165.8673,172.8563,178.5476,181.5239,182.2743,185.0087,178.9509
Tajikistan,IPCC Agriculture,Emissions (CH4),kilotonnes,85,83,88,92,97,103,106,111,129,137,139,,,,189.9404,,,,,,
Tajikistan,IPCC Agriculture,Direct emissions (N2O),kilotonnes,1.7119,1.7848,1.9171,1.8731,1.9979,2.0468,2.3632,2.4061,2.7284,2.9561,2.9935,3.0049,3.2118,3.3894,3.4993,3.6912,3.6592,3.7112,3.717,4.7773,4.7733
Tajikistan,IPCC Agriculture,Indirect emissions (N2O),kilotonnes,0.563,0.589,0.6286,0.613,0.655,0.6722,0.7818,0.7981,0.9049,0.9753,0.9881,1,1.065,1.1216,1.1614,1.2257,1.2162,1.2347,1.2389,1.5811,1.5749
Tajikistan,IPCC Agriculture,Emissions (N2O),kilotonnes,2.8705,2.9703,3.165,3.1408,3.3523,3.4486,3.9028,3.9865,4.5681,4.9174,4.9846,5.0413,5.3802,5.6776,5.8357,6.1252,6.1209,6.2104,6.2261,7.65,7.6781
Tajikistan,IPCC Agriculture,Emissions (N2O),kilotonnes,6,6,7,7,8,8,7,7,6,9,9,,,,1.6436,,,,,,
Tajikistan,IPCC Agriculture,Emissions (CO2eq) from CH4 (AR5),kilotonnes,2341.5219,2358.7849,2436.0101,2542.3273,2692.903,2907.4551,3084.8955,3217.7165,3723.6187,3989.9006,4055.573,4188.4122,4420.9748,4574.6731,4644.2858,4839.9769,4999.3317,5082.6697,5103.6791,5180.2431,5010.6243
Tajikistan,IPCC Agriculture,Emissions (CO2eq) from CH4 (AR5),kilotonnes,2380,2324,2464,2576,2716,2884,2968,3108,3612,3836,3892,,,,5318.3312,,,,,,
Tajikistan,IPCC Agriculture,Emissions (CO2eq) from N2O (AR5),kilotonnes,760.6909,787.1363,838.7289,832.318,888.3619,913.8741,1034.253,1056.4199,1210.5585,1303.1209,1320.9315,1335.9479,1425.7485,1504.5666,1546.4644,1623.1865,1622.0471,1645.7647,1649.9104,2027.2468,2034.6854
Tajikistan,IPCC Agriculture,Emissions (CO2eq) from N2O (AR5),kilotonnes,1590,1590,1855,1855,2120,2120,1855,1855,1590,2385,2385,,,,435.554,,,,,,
Tajikistan,IPCC Agriculture,Emissions (CO2eq) (AR5),kilotonnes,3102.2128,3145.9213,3274.739,3374.6453,3581.265,3821.3293,4119.1485,4274.1364,4934.1773,5293.0214,5376.5045,5524.3601,5846.7233,6079.2398,6190.7502,6463.1634,6621.3788,6728.4344,6753.5895,7207.4899,7045.3097
Tajikistan,IPCC Agriculture,Emissions (CO2eq) (AR5),kilotonnes,3970,3914,4319,4431,4836,5004,4823,4963,5202,6221,6277,,,,5753.8852,,,,,,
Tajikistan,Agricultural Soils,Direct emissions (N2O),kilotonnes,1.7119,1.7848,1.9171,1.8731,1.9979,2.0468,2.3632,2.4061,2.7284,2.9561,2.9935,3.0049,3.2118,3.3894,3.4993,3.6912,3.6592,3.7112,3.717,4.7773,4.7733
Tajikistan,Agricultural Soils,Direct emissions (N2O),kilotonnes,,,,,,,,,,,,,,,1.2404,,,,,,
Tajikistan,Agricultural Soils,Indirect emissions (N2O),kilotonnes,0.563,0.589,0.6286,0.613,0.655,0.6722,0.7818,0.7981,0.9049,0.9753,0.9881,1,1.065,1.1216,1.1614,1.2257,1.2162,1.2347,1.2389,1.5811,1.5749
Tajikistan,Agricultural Soils,Indirect emissions (N2O),kilotonnes,,,,,,,,,,,,,,,0.4031,,,,,,
Tajikistan,Agricultural Soils,Emissions (N2O),kilotonnes,2.2749,2.3738,2.5457,2.4861,2.6529,2.719,3.1449,3.2042,3.6333,3.9315,3.9815,4.0049,4.2768,4.511,4.6607,4.9168,4.8753,4.946,4.956,6.3584,6.3482
Tajikistan,Agricultural Soils,Emissions (N2O),kilotonnes,6,6,7,7,8,8,7,7,6,9,9,,,,,,,,,,
Tajikistan,Agricultural Soils,Emissions (CO2eq) from N2O (AR5),kilotonnes,602.8548,629.0625,674.6067,658.8196,703.0081,720.5293,833.4044,849.1261,962.8275,1041.8431,1055.1099,1061.2974,1133.3498,1195.4116,1235.0759,1302.9584,1291.9631,1310.6799,1313.3375,1684.9641,1682.2787
Tajikistan,Agricultural Soils,Emissions (CO2eq) from N2O (AR5),kilotonnes,1590,1590,1855,1855,2120,2120,1855,1855,1590,2385,2385,,,,,,,,,,
Tajikistan,Agricultural Soils,Emissions (CO2eq) (AR5),kilotonnes,602.8548,629.0625,674.6067,658.8196,703.0081,720.5293,833.4044,849.1261,962.8275,1041.8431,1055.1099,1061.2974,1133.3498,1195.4116,1235.0759,1302.9584,1291.9631,1310.6799,1313.3375,1684.9641,1682.2787
Tajikistan,Agricultural Soils,Emissions (CO2eq) (AR5),kilotonnes,1590,1590,1855,1855,2120,2120,1855,1855,1590,2385,2385,,,,,,,,,,
Tajikistan,LULUCF,Emissions (CH4),kilotonnes,0,0,0,0,0,0,0,0,0,0,0,0,0,0,0,0,0,0,0,0,0
Tajikistan,LULUCF,Emissions (N2O),kilotonnes,0,0,0,0,0,0,0,0,0,0,0,0,0,0,0,0,0,0,0,0,0
Tajikistan,LULUCF,Emissions (CO2),kilotonnes,33.5716,-350.1227,-350.1227,-350.1227,-350.1227,-350.1227,-350.1227,-350.1227,-350.1227,-350.1227,-350.1227,-401.785,-401.785,-401.785,-401.785,-401.785,-128.6548,-128.6548,-128.6548,-128.6548,-128.6548
Tajikistan,LULUCF,Emissions (CO2),kilotonnes,-1877,-1882,-1914,-1930,-2038,-2064,-2086,-2090,-2087,-2090,-2092,,,,,,,,,,
Tajikistan,LULUCF,Emissions (CO2eq) from CH4 (AR5),kilotonnes,0,0,0,0,0,0,0,0,0,0,0,0,0,0,0,0,0,0,0,0,0
Tajikistan,LULUCF,Emissions (CO2eq) from N2O (AR5),kilotonnes,0,0,0,0,0,0,0,0,0,0,0,0,0,0,0,0,0,0,0,0,0
Tajikistan,LULUCF,Emissions (CO2eq) (AR5),kilotonnes,33.5716,-350.1227,-350.1227,-350.1227,-350.1227,-350.1227,-350.1227,-350.1227,-350.1227,-350.1227,-350.1227,-401.785,-401.785,-401.785,-401.785,-401.785,-128.6548,-128.6548,-128.6548,-128.6548,-128.6548
Tajikistan,LULUCF,Emissions (CO2eq) (AR5),kilotonnes,-1877,-1882,-1914,-1930,-2038,-2064,-2086,-2090,-2087,-2090,-2092,,,,,,,,,,
Tajikistan,AFOLU,Emissions (CH4),kilotonnes,83.6258,84.2423,87.0004,90.7974,96.1751,103.8377,110.1748,114.9184,132.9864,142.4964,144.8419,149.5862,157.892,163.3812,165.8673,172.8563,178.5476,181.5239,182.2743,185.0087,178.9509
Tajikistan,AFOLU,Emissions (N2O),kilotonnes,2.8705,2.9703,3.165,3.1408,3.3523,3.4486,3.9028,3.9865,4.5681,4.9174,4.9846,5.0413,5.3802,5.6776,5.8357,6.1252,6.1209,6.2104,6.2261,7.65,7.6781
Tajikistan,AFOLU,Emissions (CO2),kilotonnes,33.5716,-350.1227,-350.1227,-350.1227,-350.1227,-350.1227,-350.1227,-350.1227,-350.1227,-350.1227,-350.1227,-401.785,-401.785,-401.785,-401.785,-401.785,-128.6548,-128.6548,-128.6548,-128.6548,-128.6548
Tajikistan,AFOLU,Emissions (CO2eq) from CH4 (AR5),kilotonnes,2341.5219,2358.7849,2436.0101,2542.3273,2692.903,2907.4551,3084.8955,3217.7165,3723.6187,3989.9006,4055.573,4188.4122,4420.9748,4574.6731,4644.2858,4839.9769,4999.3317,5082.6697,5103.6791,5180.2431,5010.6243
Tajikistan,AFOLU,Emissions (CO2eq) from N2O (AR5),kilotonnes,760.6909,787.1363,838.7289,832.318,888.3619,913.8741,1034.253,1056.4199,1210.5585,1303.1209,1320.9315,1335.9479,1425.7485,1504.5666,1546.4644,1623.1865,1622.0471,1645.7647,1649.9104,2027.2468,2034.6854
Tajikistan,AFOLU,Emissions (CO2eq) (AR5),kilotonnes,3135.7844,2795.7986,2924.6163,3024.5227,3231.1423,3471.2066,3769.0258,3924.0137,4584.0546,4942.8988,5026.3818,5122.5751,5444.9382,5677.4547,5788.9651,6061.3783,6492.724,6599.7796,6624.9347,7078.8351,6916.6548
Tajikistan,All sectors with LULUCF,Emissions (CH4),kilotonnes,120.2758,121.6523,125.3604,130.2274,137.3351,145.7377,153.2548,160.4284,180.0464,190.3664,193.8219,200.3262,213.492,221.8812,231.7673,242.8563,260.8476,271.5239,279.4743,274.3087,272.0509
Tajikistan,All sectors with LULUCF,Emissions (N2O),kilotonnes,3.0863,3.1919,3.3907,3.3702,3.5927,3.6952,4.1608,4.2614,4.8484,5.1993,5.2741,5.3387,5.7229,6.0481,6.2487,6.5336,6.5718,6.6981,6.7448,8.1521,8.1993
Tajikistan,All sectors with LULUCF,Emissions (CO2),kilotonnes,2900.5716,2589.8773,2175.8773,2399.8773,3019.8773,2859.8773,3179.8773,3739.8773,3377.8773,2796.8773,2868.8773,2516.215,3111.215,2996.215,4540.215,5268.215,6671.3452,7941.3452,6801.3452,6621.3452,6391.3452
Tajikistan,All sectors with LULUCF,Emissions (CO2eq) from F-gases (AR5),kilotonnes,919.2798,658.8496,351.7752,366.3515,412.9957,440.2048,480.0468,487.8208,400.3629,424.6568,414.9392,85.2229,25.3628,27.112,28.8611,30.6103,32.3594,34.1086,35.8577,37.6069,39.3561
Tajikistan,All sectors with LULUCF,Emissions (CO2eq) from CH4 (AR5),kilotonnes,3367.7219,3406.2649,3510.0901,3646.3673,3845.383,4080.6551,4291.1355,4491.9965,5041.2987,5330.2606,5427.013,5609.1322,5977.7748,6212.6731,6489.4858,6799.9769,7303.7317,7602.6697,7825.2791,7680.6431,7617.4243
Tajikistan,All sectors with LULUCF,Emissions (CO2eq) from N2O (AR5),kilotonnes,817.8699,845.8577,898.5235,893.1037,952.0732,979.2152,1102.5992,1129.2578,1284.838,1377.8111,1397.649,1414.7483,1516.5666,1602.7385,1655.9147,1731.4072,1741.517,1775.0026,1787.3765,2160.298,2172.8113
Tajikistan,All sectors with LULUCF,Emissions (CO2eq) (AR5),kilotonnes,8005.4433,7500.8495,6936.2661,7305.6998,8230.3293,8359.9525,9053.6588,9848.9524,10104.377,9929.6058,10108.4785,9625.3184,10630.9192,10838.7386,12714.4765,13830.2093,15748.9534,17353.126,16449.8585,16499.8932,16220.9368
Tajikistan,All sectors without LULUCF,Emissions (CH4),kilotonnes,120.2758,121.6523,125.3604,130.2274,137.3351,145.7377,153.2548,160.4284,180.0464,190.3664,193.8219,200.3262,213.492,221.8812,231.7673,242.8563,260.8476,271.5239,279.4743,274.3087,272.0509
Tajikistan,All sectors without LULUCF,Emissions (N2O),kilotonnes,3.0863,3.1919,3.3907,3.3702,3.5927,3.6952,4.1608,4.2614,4.8484,5.1993,5.2741,5.3387,5.7229,6.0481,6.2487,6.5336,6.5718,6.6981,6.7448,8.1521,8.1993
Tajikistan,All sectors without LULUCF,Emissions (CO2),kilotonnes,2867,2940,2526,2750,3370,3210,3530,4090,3728,3147,3219,2918,3513,3398,4942,5670,6800,8070,6930,6750,6520
Tajikistan,All sectors without LULUCF,Emissions (CO2eq) from F-gases (AR5),kilotonnes,919.2798,658.8496,351.7752,366.3515,412.9957,440.2048,480.0468,487.8208,400.3629,424.6568,414.9392,85.2229,25.3628,27.112,28.8611,30.6103,32.3594,34.1086,35.8577,37.6069,39.3561
Tajikistan,All sectors without LULUCF,Emissions (CO2eq) from CH4 (AR5),kilotonnes,3367.7219,3406.2649,3510.0901,3646.3673,3845.383,4080.6551,4291.1355,4491.9965,5041.2987,5330.2606,5427.013,5609.1322,5977.7748,6212.6731,6489.4858,6799.9769,7303.7317,7602.6697,7825.2791,7680.6431,7617.4243
Tajikistan,All sectors without LULUCF,Emissions (CO2eq) from N2O (AR5),kilotonnes,817.8699,845.8577,898.5235,893.1037,952.0732,979.2152,1102.5992,1129.2578,1284.838,1377.8111,1397.649,1414.7483,1516.5666,1602.7385,1655.9147,1731.4072,1741.517,1775.0026,1787.3765,2160.298,2172.8113
Tajikistan,All sectors without LULUCF,Emissions (CO2eq) (AR5),kilotonnes,7971.8717,7850.9722,7286.3888,7655.8225,8580.452,8710.0752,9403.7814,10199.0751,10454.4997,10279.7284,10458.6012,10027.1034,11032.7042,11240.5236,13116.2616,14231.9943,15877.6082,17481.7809,16578.5134,16628.548,16349.5917
Thailand,Crop Residues,Direct emissions (N2O),kilotonnes,6.889,7.3455,7.0697,7.3788,7.2065,7.4598,7.3304,7.7788,7.769,7.9971,8.6665,8.9706,8.9569,8.6983,7.8821,6.9887,7.748,7.9262,7.8679,7.0961,7.5076
Thailand,Crop Residues,Indirect emissions (N2O),kilotonnes,1.55,1.6527,1.5907,1.6602,1.6215,1.6785,1.6493,1.7502,1.748,1.7993,1.95,2.0184,2.0153,1.9571,1.7735,1.5725,1.7433,1.7834,1.7703,1.5966,1.6892
Thailand,Crop Residues,Emissions (N2O),kilotonnes,8.4391,8.9982,8.6604,9.0391,8.828,9.1383,8.9798,9.5291,9.5171,9.7964,10.6164,10.989,10.9722,10.6554,9.6556,8.5612,9.4913,9.7096,9.6382,8.6927,9.1969
Thailand,Crop Residues,Emissions (CO2eq) from N2O (AR5),kilotonnes,2236.3555,2384.5201,2295.0132,2395.3501,2339.4192,2421.6487,2379.6441,2525.2048,2522.0238,2596.0452,2813.3469,2912.0939,2907.6389,2823.6905,2558.7344,2268.7205,2515.2077,2573.0376,2554.1203,2303.5573,2437.1695
Thailand,Crop Residues,Emissions (CO2eq) (AR5),kilotonnes,2236.3555,2384.5201,2295.0132,2395.3501,2339.4192,2421.6487,2379.6441,2525.2048,2522.0238,2596.0452,2813.3469,2912.0939,2907.6389,2823.6905,2558.7344,2268.7205,2515.2077,2573.0376,2554.1203,2303.5573,2437.1695
Thailand,Rice Cultivation,Emissions (CH4),kilotonnes,1581.959,1619.4198,1543.9476,1625.57,1598.2193,1635.3403,1625.7742,1706.342,1708.6841,1781.9185,1908.4075,1912.2969,1912.3197,1868.7426,1705.7051,1554.254,1716.7976,1714.4656,1702.9891,1569.3902,1663.5988
Thailand,Rice Cultivation,Emissions (CO2eq) from CH4 (AR5),kilotonnes,44294.851,45343.7548,43230.5332,45515.9598,44750.1414,45789.529,45521.6784,47777.5757,47843.1546,49893.7171,53435.4109,53544.3119,53544.9523,52324.7929,47759.7435,43519.1134,48070.3341,48005.0373,47683.6946,43942.9265,46580.7657
Thailand,Rice Cultivation,Emissions (CO2eq) (AR5),kilotonnes,44294.851,45343.7548,43230.5332,45515.9598,44750.1414,45789.529,45521.6784,47777.5757,47843.1546,49893.7171,53435.4109,53544.3119,53544.9523,52324.7929,47759.7435,43519.1134,48070.3341,48005.0373,47683.6946,43942.9265,46580.7657
Thailand,Burning - Crop residues,Emissions (CH4),kilotonnes,19.5825,19.8292,19.2074,20.0729,19.8475,19.9547,19.4789,20.2907,20.532,21.2207,22.6325,23.068,23.0976,22.7886,21.2689,19.9466,21.1638,21.2141,21.9338,20.6112,21.6396
Thailand,Burning - Crop residues,Emissions (CH4),kilotonnes,,,,,,,,,,,,,,64.05,,,,,,,
Thailand,Burning - Crop residues,Emissions (N2O),kilotonnes,0.5077,0.5141,0.498,0.5204,0.5146,0.5173,0.505,0.5261,0.5323,0.5502,0.5868,0.5981,0.5988,0.5908,0.5514,0.5171,0.5487,0.55,0.5687,0.5344,0.561
Thailand,Burning - Crop residues,Emissions (N2O),kilotonnes,,,,,,,,,,,,,,1.55,,,,,,,
Thailand,Burning - Crop residues,Emissions (CO2eq) from CH4 (AR5),kilotonnes,548.3095,555.2174,537.8061,562.0421,555.7289,558.7329,545.4102,568.1399,574.8968,594.181,633.71,645.9053,646.7315,638.0817,595.5305,558.5051,592.5853,593.9958,614.1471,577.113,605.9086
Thailand,Burning - Crop residues,Emissions (CO2eq) from CH4 (AR5),kilotonnes,,,,,,,,,,,,,,1793.4,,,,,,,
Thailand,Burning - Crop residues,Emissions (CO2eq) from N2O (AR5),kilotonnes,134.5389,136.2339,131.9617,137.9085,136.3594,137.0965,133.8275,139.4047,141.0626,145.7944,155.4936,158.486,158.6887,156.5663,146.1255,137.0406,145.4029,145.749,150.6935,141.6064,148.672
Thailand,Burning - Crop residues,Emissions (CO2eq) from N2O (AR5),kilotonnes,,,,,,,,,,,,,,410.75,,,,,,,
Thailand,Burning - Crop residues,Emissions (CO2eq) (AR5),kilotonnes,682.8484,691.4513,669.7678,699.9506,692.0883,695.8294,679.2377,707.5446,715.9594,739.9754,789.2036,804.3914,805.4202,794.648,741.656,695.5457,737.9882,739.7448,764.8406,718.7194,754.5806
Thailand,Burning - Crop residues,Emissions (CO2eq) (AR5),kilotonnes,,,,,,,,,,,,,,2204.15,,,,,,,
Thailand,Enteric Fermentation,Emissions (CH4),kilotonnes,322.2584,314.4014,328.1573,344.2434,359.3108,376.9251,396.3476,416.5612,423.8758,419.8821,408.3408,378.0797,353.6219,327.8226,301.3339,292.5187,299.5815,292.1589,286.4278,283.0492,283.7302
Thailand,Enteric Fermentation,Emissions (CH4),kilotonnes,,,,,,,,,,,,,,285.94,,,,,,,
Thailand,Enteric Fermentation,Emissions (CO2eq) from CH4 (AR5),kilotonnes,9023.235,8803.2381,9188.4038,9638.8141,10060.7032,10553.9018,11097.7337,11663.7131,11868.5224,11756.6977,11433.5438,10586.2305,9901.4125,9179.0335,8437.3502,8190.5223,8388.2825,8180.4492,8019.9794,7925.3772,7944.4454
Thailand,Enteric Fermentation,Emissions (CO2eq) from CH4 (AR5),kilotonnes,,,,,,,,,,,,,,8006.32,,,,,,,
Thailand,Enteric Fermentation,Emissions (CO2eq) (AR5),kilotonnes,9023.235,8803.2381,9188.4038,9638.8141,10060.7032,10553.9018,11097.7337,11663.7131,11868.5224,11756.6977,11433.5438,10586.2305,9901.4125,9179.0335,8437.3502,8190.5223,8388.2825,8180.4492,8019.9794,7925.3772,7944.4454
Thailand,Enteric Fermentation,Emissions (CO2eq) (AR5),kilotonnes,,,,,,,,,,,,,,8006.32,,,,,,,
Thailand,Manure Management,Emissions (CH4),kilotonnes,60.5986,61.6693,63.6373,66.2865,68.4385,69.8934,70.8853,75.0363,72.2853,70.5498,68.5712,68.7667,70.1728,68.5036,67.5737,67.4567,68.129,67.5859,67.0152,66.8882,66.8416
Thailand,Manure Management,Emissions (CH4),kilotonnes,,,,,,,,,,,,,,52.86,,,,,,,
Thailand,Manure Management,Emissions (N2O),kilotonnes,5.2173,5.1457,5.3274,5.5421,5.7167,5.8967,6.2254,6.6028,6.6467,6.5691,6.4888,6.1002,5.7345,5.4045,5.0823,4.9794,5.0704,4.9679,4.8975,4.8579,4.8747
Thailand,Manure Management,Emissions (N2O),kilotonnes,,,,,,,,,,,,,,7.83,,,,,,,
Thailand,Manure Management,Emissions (CO2eq) from CH4 (AR5),kilotonnes,1696.7595,1726.7413,1781.8437,1856.0218,1916.2787,1957.016,1984.7887,2101.0169,2023.9898,1975.3937,1919.9923,1925.4685,1964.8396,1918.1022,1892.0636,1888.7876,1907.6131,1892.4061,1876.4257,1872.8701,1871.5647
Thailand,Manure Management,Emissions (CO2eq) from CH4 (AR5),kilotonnes,,,,,,,,,,,,,,1480.08,,,,,,,
Thailand,Manure Management,Emissions (CO2eq) from N2O (AR5),kilotonnes,1382.587,1363.6112,1411.7561,1468.6512,1514.9287,1562.6276,1649.7442,1749.7453,1761.3734,1740.8225,1719.5362,1616.5576,1519.6477,1432.186,1346.8062,1319.5492,1343.667,1316.5023,1297.8377,1287.3493,1291.7848
Thailand,Manure Management,Emissions (CO2eq) from N2O (AR5),kilotonnes,,,,,,,,,,,,,,2074.95,,,,,,,
Thailand,Manure Management,Emissions (CO2eq) (AR5),kilotonnes,3079.3465,3090.3525,3193.5998,3324.673,3431.2074,3519.6436,3634.5329,3850.7622,3785.3632,3716.2162,3639.5285,3542.0261,3484.4873,3350.2881,3238.8697,3208.3367,3251.2801,3208.9083,3174.2634,3160.2194,3163.3495
Thailand,Manure Management,Emissions (CO2eq) (AR5),kilotonnes,,,,,,,,,,,,,,3555.03,,,,,,,
Thailand,Manure left on Pasture,Direct emissions (N2O),kilotonnes,5.819,5.7727,5.9198,6.1435,6.2332,6.2473,6.6037,6.987,7.0246,7.0208,6.9307,6.5824,6.2494,5.9641,5.6738,5.5842,5.7025,5.5718,5.5254,5.5035,5.5341
Thailand,Manure left on Pasture,Indirect emissions (N2O),kilotonnes,1.2457,1.2381,1.2688,1.318,1.3385,1.3461,1.4207,1.5083,1.5125,1.5122,1.493,1.4217,1.3527,1.2894,1.2293,1.2102,1.2354,1.2075,1.1981,1.1937,1.2003
Thailand,Manure left on Pasture,Emissions (N2O),kilotonnes,7.0648,7.0108,7.1885,7.4616,7.5717,7.5934,8.0244,8.4953,8.537,8.5331,8.4237,8.0041,7.6021,7.2535,6.9031,6.7944,6.9379,6.7793,6.7235,6.6972,6.7343
Thailand,Manure left on Pasture,Emissions (CO2eq) from N2O (AR5),kilotonnes,1872.1593,1857.8508,1904.9546,1977.3116,2006.4944,2012.2485,2126.4769,2251.2514,2262.3069,2261.2588,2232.2827,2121.0787,2014.5608,1922.1829,1829.3203,1800.508,1838.539,1796.5209,1781.7178,1774.7478,1784.5995
Thailand,Manure left on Pasture,Emissions (CO2eq) (AR5),kilotonnes,1872.1593,1857.8508,1904.9546,1977.3116,2006.4944,2012.2485,2126.4769,2251.2514,2262.3069,2261.2588,2232.2827,2121.0787,2014.5608,1922.1829,1829.3203,1800.508,1838.539,1796.5209,1781.7178,1774.7478,1784.5995
Thailand,Manure applied to Soils,Direct emissions (N2O),kilotonnes,2.5893,2.6062,2.6548,2.7447,2.7514,2.697,2.8295,2.9868,2.9655,2.9674,2.9246,2.841,2.7699,2.7069,2.6392,2.6205,2.6628,2.6151,2.6068,2.6066,2.6211
Thailand,Manure applied to Soils,Indirect emissions (N2O),kilotonnes,1.1004,1.1076,1.1283,1.1665,1.1693,1.1462,1.2026,1.2694,1.2603,1.2611,1.243,1.2074,1.1772,1.1504,1.1216,1.1137,1.1317,1.1114,1.1079,1.1078,1.114
Thailand,Manure applied to Soils,Emissions (N2O),kilotonnes,3.6897,3.7138,3.7831,3.9113,3.9208,3.8432,4.0321,4.2562,4.2258,4.2285,4.1676,4.0484,3.9472,3.8573,3.7608,3.7342,3.7945,3.7265,3.7147,3.7144,3.7351
Thailand,Manure applied to Soils,Emissions (CO2eq) from N2O (AR5),kilotonnes,977.7741,984.1565,1002.5192,1036.4829,1038.9997,1018.437,1068.5074,1127.8908,1119.83,1120.55,1104.4164,1072.8167,1045.9957,1022.1973,996.6156,989.553,1005.5416,987.5113,984.3848,984.3148,989.7959
Thailand,Manure applied to Soils,Emissions (CO2eq) (AR5),kilotonnes,977.7741,984.1565,1002.5192,1036.4829,1038.9997,1018.437,1068.5074,1127.8908,1119.83,1120.55,1104.4164,1072.8167,1045.9957,1022.1973,996.6156,989.553,1005.5416,987.5113,984.3848,984.3148,989.7959
Thailand,Synthetic Fertilizers,Direct emissions (N2O),kilotonnes,14.52,15.355,17.0138,19.7773,18.2388,16.5559,16.8524,19.673,18.8183,23.5312,25.254,24.9735,25.4558,25.8478,24.2542,19.8936,23.2818,27.1345,23.8216,19.8502,23.1244
Thailand,Synthetic Fertilizers,Indirect emissions (N2O),kilotonnes,4.719,4.9904,5.5295,6.4276,5.9276,5.3807,5.477,6.3937,6.116,7.6476,8.2076,8.1164,8.2731,8.4005,7.8826,6.4654,7.5666,8.8187,7.742,6.4513,7.5154
Thailand,Synthetic Fertilizers,Emissions (N2O),kilotonnes,19.239,20.3454,22.5433,26.205,24.1664,21.9365,22.3295,26.0668,24.9343,31.1788,33.4616,33.0899,33.7289,34.2483,32.1369,26.359,30.8483,35.9532,31.5636,26.3015,30.6398
Thailand,Synthetic Fertilizers,Emissions (CO2eq) from N2O (AR5),kilotonnes,5098.335,5391.5224,5973.9634,6944.3126,6404.0894,5813.1813,5917.3123,6907.6934,6607.5824,8262.3766,8867.3281,8768.8116,8938.1714,9075.8122,8516.2654,6985.125,8174.8071,9527.6051,8364.3636,6969.9078,8119.5568
Thailand,Synthetic Fertilizers,Emissions (CO2eq) (AR5),kilotonnes,5098.335,5391.5224,5973.9634,6944.3126,6404.0894,5813.1813,5917.3123,6907.6934,6607.5824,8262.3766,8867.3281,8768.8116,8938.1714,9075.8122,8516.2654,6985.125,8174.8071,9527.6051,8364.3636,6969.9078,8119.5568
Thailand,Drained organic soils,Emissions (CO2eq) (AR5),kilotonnes,923.2094,967.6409,972.1595,972.1595,1001.6864,1001.6864,1011.8249,1024.8273,1022.7926,1022.7911,1023.3889,1023.3889,1023.3889,1023.3889,1027.9055,1027.9055,1027.9055,1027.9055,1029.4469,1069.5225,1071.5074
Thailand,Drained organic soils (CO2),Emissions (CO2),kilotonnes,884.234,926.8822,931.2098,931.2098,959.5409,959.5409,969.1131,981.5424,979.5785,979.577,980.1536,980.1536,980.1536,980.1536,984.4792,984.4792,984.4792,984.4792,985.9499,1024.4826,1026.4179
Thailand,Drained organic soils (CO2),Emissions (CO2eq) (AR5),kilotonnes,884.234,926.8822,931.2098,931.2098,959.5409,959.5409,969.1131,981.5424,979.5785,979.577,980.1536,980.1536,980.1536,980.1536,984.4792,984.4792,984.4792,984.4792,985.9499,1024.4826,1026.4179
Thailand,Drained organic soils (N2O),Emissions (N2O),kilotonnes,0.1471,0.1538,0.1545,0.1545,0.159,0.159,0.1612,0.1633,0.1631,0.1631,0.1632,0.1632,0.1632,0.1632,0.1639,0.1639,0.1639,0.1639,0.1641,0.17,0.1701
Thailand,Drained organic soils (N2O),Emissions (CO2eq) from N2O (AR5),kilotonnes,38.9754,40.7586,40.9497,40.9497,42.1456,42.1456,42.7118,43.2849,43.2141,43.214,43.2352,43.2352,43.2352,43.2352,43.4262,43.4262,43.4262,43.4262,43.497,45.0399,45.0895
Thailand,Drained organic soils (N2O),Emissions (CO2eq) (AR5),kilotonnes,38.9754,40.7586,40.9497,40.9497,42.1456,42.1456,42.7118,43.2849,43.2141,43.214,43.2352,43.2352,43.2352,43.2352,43.4262,43.4262,43.4262,43.4262,43.497,45.0399,45.0895
Thailand,On-farm energy use,Emissions (CH4),kilotonnes,0.8336,0.9706,0.9788,1.0889,1.1433,1.0605,1.1498,1.1605,1.0952,1.0449,1.0282,1.1877,1.212,1.1801,1.084,1.2164,1.0686,1.0945,1.0514,1.0449,1.0449
Thailand,On-farm energy use,Emissions (N2O),kilotonnes,2.4877,3.2996,3.5172,3.8422,4.1391,3.7251,3.845,4.1317,4.0055,4.0419,4.0652,4.4359,4.5516,4.7024,4.7397,4.7203,3.593,3.2306,3.4971,3.2486,3.2486
Thailand,On-farm energy use,Emissions (CO2),kilotonnes,6745.7903,8862.707,9428.9617,10305.2781,11111.3415,10002.4484,10356.4296,11103.2663,10757.3825,10828.2249,10876.8158,11876.1238,12178.4708,12533.2493,12565.2011,12544.0221,9666.3423,8740.446,9409.4656,8778.3185,8778.3185
Thailand,On-farm energy use,Emissions (CO2eq) from CH4 (AR5),kilotonnes,23.3416,27.177,27.4074,30.4884,32.0116,29.694,32.1956,32.4946,30.6644,29.2579,28.7894,33.2547,33.936,33.0434,30.3514,34.0585,29.9203,30.6464,29.4395,29.2571,29.2571
Thailand,On-farm energy use,Emissions (CO2eq) from N2O (AR5),kilotonnes,659.2527,874.3911,932.0607,1018.1865,1096.8685,987.1449,1018.9193,1094.9033,1061.4476,1071.1122,1077.2755,1175.5132,1206.1757,1246.1282,1256.0117,1250.8873,952.1387,856.1147,926.7414,860.8873,860.8873
Thailand,On-farm energy use,Emissions (CO2eq) (AR5),kilotonnes,7428.3846,9764.2751,10388.4297,11353.953,12240.2217,11019.2874,11407.5445,12230.6642,11849.4946,11928.595,11982.8807,13084.8917,13418.5826,13812.4209,13851.5642,13828.9679,10648.4013,9627.2071,10365.6465,9668.463,9668.463
Thailand,Forestland,Emissions (CO2),kilotonnes,-8642.8357,-40250.0083,-40250.0083,-40250.0083,-40250.0083,-40250.0083,-40250.0083,-40250.0083,-40250.0083,-40250.0083,-40250.0083,-29753.9147,-29753.9147,-29753.9147,-29753.9147,-29753.9147,291.4707,291.4707,291.4707,291.4707,291.4707
Thailand,Forestland,Emissions (CO2eq) (AR5),kilotonnes,-8642.8357,-40250.0083,-40250.0083,-40250.0083,-40250.0083,-40250.0083,-40250.0083,-40250.0083,-40250.0083,-40250.0083,-40250.0083,-29753.9147,-29753.9147,-29753.9147,-29753.9147,-29753.9147,291.4707,291.4707,291.4707,291.4707,291.4707
Thailand,Net Forest conversion,Emissions (CO2),kilotonnes,19078.29,5456.22,5456.22,5456.22,5456.22,5456.22,5456.22,5456.22,5456.22,5456.22,5456.22,28718.6827,28718.6827,28718.6827,28718.6827,28718.6827,11455.3413,11455.3413,11455.3413,11455.3413,11455.3413
Thailand,Net Forest conversion,Emissions (CO2eq) (AR5),kilotonnes,19078.29,5456.22,5456.22,5456.22,5456.22,5456.22,5456.22,5456.22,5456.22,5456.22,5456.22,28718.6827,28718.6827,28718.6827,28718.6827,28718.6827,11455.3413,11455.3413,11455.3413,11455.3413,11455.3413
Thailand,Savanna fires,Emissions (CH4),kilotonnes,3.9374,5.165,5.9279,6.8241,11.2398,9.8856,5.5935,12.6494,6.4196,7.0736,8.8785,2.9083,8.0068,5.4835,7.3195,5.8877,7.0082,5.0138,2.4238,6.7194,6.0627
Thailand,Savanna fires,Emissions (N2O),kilotonnes,0.3595,0.4716,0.5412,0.6231,1.0262,0.9026,0.5107,1.1549,0.5861,0.6459,0.8106,0.2655,0.7311,0.5007,0.6683,0.5376,0.6399,0.4578,0.2213,0.6135,0.5536
Thailand,Savanna fires,Emissions (CO2eq) from CH4 (AR5),kilotonnes,110.2475,144.62,165.9821,191.0735,314.7151,276.7964,156.6188,354.1835,179.7477,198.062,248.5992,81.4321,224.1914,153.5371,204.9449,164.8564,196.229,140.3851,67.8655,188.1421,169.7556
Thailand,Savanna fires,Emissions (CO2eq) from N2O (AR5),kilotonnes,95.2683,124.9706,143.4301,165.1125,271.9549,239.1882,135.339,306.0608,155.3255,171.1514,214.8221,70.368,193.7306,132.6761,177.0992,142.4575,169.5675,121.311,58.6447,162.5793,146.691
Thailand,Savanna fires,Emissions (CO2eq) (AR5),kilotonnes,205.5157,269.5906,309.4122,356.186,586.67,515.9846,291.9578,660.2443,335.0733,369.2134,463.4213,151.8001,417.922,286.2133,382.0441,307.3139,365.7965,261.6961,126.5102,350.7215,316.4466
Thailand,Fires in organic soils,Emissions (CH4),kilotonnes,0.2699,0,4.1829,0,18.1257,0,0,0,0,0,4.3096,0,0,0,5.5771,0,0.2535,0,0,0,0
Thailand,Fires in organic soils,Emissions (CO2),kilotonnes,22.1003,0,338.8126,0,1468.1783,0,0,0,0,0,349.0797,0,0,0,451.7443,0,20.5341,0,0,0,0
Thailand,Fires in organic soils,Emissions (CO2eq) from CH4 (AR5),kilotonnes,7.558,0,117.1204,0,507.5184,0,0,0,0,0,120.6695,0,0,0,156.1585,0,7.0982,0,0,0,0
Thailand,Fires in organic soils,Emissions (CO2eq) (AR5),kilotonnes,29.6583,0,455.9331,0,1975.6968,0,0,0,0,0,469.7492,0,0,0,607.9028,0,27.6323,0,0,0,0
Thailand,Forest fires,Emissions (CH4),kilotonnes,40.6827,14.2122,24.4381,34.414,86.6862,53.9408,31.0276,92.8379,39.5439,60.4469,44.7454,22.5611,55.0008,27.9409,70.7358,60.7931,60.3067,62.7861,28.6176,87.028,93.3771
Thailand,Forest fires,Emissions (N2O),kilotonnes,1.1966,1.2976,2.2313,3.1421,7.9148,4.925,2.833,8.4765,3.6105,5.5191,4.0855,2.0599,5.0218,2.5511,6.4585,5.5507,5.5063,5.7326,2.6129,7.946,8.5257
Thailand,Forest fires,Emissions (CO2eq) from CH4 (AR5),kilotonnes,1139.1162,397.9406,684.2679,963.5911,2427.2142,1510.3436,868.7732,2599.4605,1107.2293,1692.5138,1252.872,631.7112,1540.0216,782.3453,1980.6012,1702.2078,1688.5877,1758.0107,801.2935,2436.7837,2614.5577
Thailand,Forest fires,Emissions (CO2eq) from N2O (AR5),kilotonnes,317.0858,343.8726,591.2967,832.6684,2097.4297,1305.1339,750.7333,2246.273,956.7905,1462.5527,1082.6448,545.8809,1330.7795,676.0483,1711.4978,1470.9296,1459.16,1519.1505,692.4221,2105.6989,2259.3189
Thailand,Forest fires,Emissions (CO2eq) (AR5),kilotonnes,1456.202,741.8132,1275.5646,1796.2594,4524.6439,2815.4775,1619.5065,4845.7335,2064.0197,3155.0665,2335.5168,1177.5921,2870.8012,1458.3936,3692.099,3173.1374,3147.7477,3277.1612,1493.7156,4542.4826,4873.8766
Thailand,Fires in humid tropical forests,Emissions (CH4),kilotonnes,34.0296,10.5888,20.8893,27.9187,71.0188,46.8012,24.7083,79.1949,33.9687,48.2845,35.6558,15.5383,46.9922,21.2998,59.4392,50.2851,41.4875,50.3371,23.3553,65.81,76.3295
Thailand,Fires in humid tropical forests,Emissions (N2O),kilotonnes,1.0009,0.9668,1.9073,2.5491,6.4843,4.2732,2.256,7.2308,3.1015,4.4086,3.2555,1.4187,4.2906,1.9448,5.4271,4.5912,3.788,4.596,2.1324,6.0087,6.9692
Thailand,Fires in humid tropical forests,Emissions (CO2eq) from CH4 (AR5),kilotonnes,952.8293,296.4862,584.9,781.7225,1988.5275,1310.4348,691.8324,2217.4564,951.1234,1351.9663,998.3635,435.0716,1315.7816,596.3957,1664.2979,1407.9823,1161.6489,1409.4388,653.9481,1842.6786,2137.2271
Thailand,Fires in humid tropical forests,Emissions (CO2eq) from N2O (AR5),kilotonnes,265.2308,256.2028,505.4299,675.5102,1718.3471,1132.3866,597.8334,1916.1715,821.8947,1168.2752,862.7163,375.9586,1137.0069,515.3637,1438.1705,1216.6804,1003.8161,1217.9389,565.0965,1592.3147,1846.843
Thailand,Fires in humid tropical forests,Emissions (CO2eq) (AR5),kilotonnes,1218.0601,552.689,1090.3298,1457.2328,3706.8746,2442.8213,1289.6657,4133.6279,1773.0181,2520.2415,1861.0797,811.0302,2452.7885,1111.7594,3102.4684,2624.6627,2165.465,2627.3777,1219.0445,3434.9933,3984.07
Thailand,Waste - agri-food systems,Emissions (CH4),kilotonnes,595.4854,595.6067,600.3267,606.6139,606.7109,605.6746,610.0726,615.817,620.7968,621.59,624.1058,633.6962,637.5628,639.9296,638.8625,628.4412,628.5325,629.1435,630.131,630.9805,630.7563
Thailand,Waste - agri-food systems,Emissions (N2O),kilotonnes,1.3402,1.3216,1.3625,1.3803,1.3983,1.4643,1.49,1.4815,1.4605,1.4874,1.5263,1.5486,1.5946,1.6223,1.6025,1.6136,1.6225,1.6539,1.6672,1.6792,1.6907
Thailand,Waste - agri-food systems,Emissions (CO2),kilotonnes,32.6628,32.5996,32.7404,32.9009,33.0631,33.1791,33.3812,33.5988,33.73,33.6869,33.9314,34.0381,34.127,34.1982,34.1581,34.139,34.1769,34.3033,34.4371,34.528,34.4192
Thailand,Waste - agri-food systems,Emissions (CO2eq) from CH4 (AR5),kilotonnes,16673.5926,16676.9871,16809.1462,16985.19,16987.9061,16958.8899,17082.032,17242.8763,17382.3096,17404.5207,17474.9625,17743.4936,17851.7593,17918.0277,17888.1497,17596.3547,17598.9098,17616.0187,17643.669,17667.4543,17661.1761
Thailand,Waste - agri-food systems,Emissions (CO2eq) from N2O (AR5),kilotonnes,355.1617,350.2211,361.0554,365.7741,370.5528,388.0349,394.845,392.5917,387.0264,394.1712,404.4668,410.3667,422.57,429.906,424.6502,427.6115,429.9672,438.291,441.813,444.9835,448.0333
Thailand,Waste - agri-food systems,Emissions (CO2eq) (AR5),kilotonnes,17061.4171,17059.8078,17202.942,17383.8651,17391.522,17380.1039,17510.2581,17669.0669,17803.066,17832.3788,17913.3607,18187.8985,18308.4564,18382.1319,18346.958,18058.1052,18063.0539,18088.613,18119.9191,18146.9658,18143.6286
Thailand,On-farm electricity use,Emissions (CH4),kilotonnes,0.1848,0.2136,0.2352,0.2676,0.2688,0.294,0.288,0.3216,0.3384,0.3816,0.4032,0.3648,0.4572,0.4224,0.4968,0.4644,0.3204,0.3576,0.438,0.4262,0.4262
Thailand,On-farm electricity use,Emissions (N2O),kilotonnes,0.001,0.0011,0.0013,0.0014,0.0014,0.0016,0.0015,0.0017,0.0018,0.002,0.0022,0.0019,0.0024,0.0022,0.0026,0.0025,0.0017,0.0019,0.0024,0.0023,0.0023
Thailand,On-farm electricity use,Emissions (CO2),kilotonnes,87.3118,100.8017,107.3394,119.4638,121.5835,131.1691,122.6163,146.4324,149.1366,163.2544,172.33,158.6696,190.6615,184.7526,217.2942,203.1228,140.1391,156.4099,191.5758,186.4322,186.4322
Thailand,On-farm electricity use,Emissions (CO2eq) from CH4 (AR5),kilotonnes,5.1744,5.9808,6.5856,7.4928,7.5264,8.232,8.064,9.0048,9.4752,10.6848,11.2896,10.2144,12.8016,11.8272,13.9104,13.0032,8.9712,10.0128,12.264,11.9336,11.9336
Thailand,On-farm electricity use,Emissions (CO2eq) from N2O (AR5),kilotonnes,0.265,0.2915,0.3445,0.371,0.371,0.424,0.3975,0.4505,0.477,0.53,0.583,0.5035,0.636,0.583,0.689,0.6625,0.4505,0.5035,0.636,0.6095,0.6095
Thailand,On-farm electricity use,Emissions (CO2eq) (AR5),kilotonnes,92.7512,107.074,114.2695,127.3276,129.4809,139.8251,131.0778,155.8877,159.0888,174.4692,184.2026,169.3875,204.0991,197.1628,231.8936,216.7885,149.5608,166.9262,204.4758,198.9753,198.9753
Thailand,Food Processing,Emissions (CH4),kilotonnes,0,0,0,0,0,0,0,0,0,0,0,14.8719,16.5212,16.9077,20.2934,20.6567,21.7737,21.5195,21.465,21.465,21.5749
Thailand,Food Processing,Emissions (N2O),kilotonnes,0,0,0,0,0,0,0,0,0,0,0,0.1315,0.1504,0.1585,0.1814,0.1859,0.1845,0.1821,0.17,0.17,0.1761
Thailand,Food Processing,Emissions (CO2),kilotonnes,0,0,0,0,0,0,0,0,0,0,0,11013.1228,12421.7034,13854.8832,16165.9608,16032.6312,16351.5625,15524.8255,14296.924,14296.924,13400.069
Thailand,Food Processing,Emissions (CO2eq) from CH4 (AR5),kilotonnes,0,0,0,0,0,0,0,0,0,0,0,416.4132,462.5936,473.4156,568.2152,578.3876,609.6636,602.546,601.02,601.02,604.0958
Thailand,Food Processing,Emissions (CO2eq) from N2O (AR5),kilotonnes,0,0,0,0,0,0,0,0,0,0,0,34.8475,39.856,42.0025,48.071,49.2635,48.8925,48.2565,45.05,45.05,46.6661
Thailand,Food Processing,Emissions (CO2eq) (AR5),kilotonnes,0,0,0,0,0,0,0,0,0,0,0,11464.3835,12924.153,14370.3013,16782.247,16660.2823,17010.1186,16175.628,14942.994,14942.994,14050.831
Thailand,Food Packaging,Emissions (CH4),kilotonnes,0.4915,0.5011,0.5308,0.564,0.6099,0.6235,0.6361,0.6592,0.7105,0.7729,0.9091,0.9145,1.0936,0.9409,1.3698,1.489,1.5793,1.5383,1.5392,1.4173,1.4246
Thailand,Food Packaging,Emissions (N2O),kilotonnes,0.0045,0.0046,0.0046,0.0052,0.0051,0.0054,0.006,0.006,0.0048,0.0052,0.0064,0.0063,0.008,0.0074,0.0096,0.0099,0.0103,0.0096,0.0094,0.0099,0.0103
Thailand,Food Packaging,Emissions (CO2),kilotonnes,513.7303,543.8773,546.2626,602.7255,593.3362,619.3219,662.9536,625.8905,563.8407,655.5904,746.4751,702.9272,859.4887,811.2447,1044.4341,1059.8861,1123.4734,1065.713,1051.5918,1078.9703,1011.2858
Thailand,Food Packaging,Emissions (CO2eq) from CH4 (AR5),kilotonnes,13.762,14.0308,14.8624,15.792,17.0772,17.458,17.8108,18.4576,19.894,21.6412,25.4548,25.606,30.6208,26.3452,38.3544,41.692,44.2204,43.0724,43.0976,39.6844,39.8875
Thailand,Food Packaging,Emissions (CO2eq) from N2O (AR5),kilotonnes,1.1925,1.219,1.219,1.378,1.3515,1.431,1.59,1.59,1.272,1.378,1.696,1.6695,2.12,1.961,2.544,2.6235,2.7295,2.544,2.491,2.6235,2.7176
Thailand,Food Packaging,Emissions (CO2eq) (AR5),kilotonnes,528.6848,559.1271,562.344,619.8955,611.7649,638.2109,682.3544,645.9381,585.0067,678.6096,773.6259,730.2027,892.2295,839.5509,1085.3325,1104.2016,1170.4233,1111.3294,1097.1804,1121.2782,1053.8909
Thailand,Food Retail,Emissions (CH4),kilotonnes,0.1018,0.1133,0.1284,0.1437,0.1614,0.1705,0.1958,0.2213,0.2432,0.2513,0.2812,7.352,8.1171,8.1301,5.7897,6.1447,6.4608,6.5269,6.7674,6.2183,6.2501
Thailand,Food Retail,Emissions (N2O),kilotonnes,0.0006,0.0006,0.0007,0.0008,0.0008,0.0009,0.001,0.0012,0.0013,0.0013,0.0015,0.0397,0.0436,0.0435,0.0311,0.0329,0.0346,0.035,0.0362,0.0333,0.0345
Thailand,Food Retail,Emissions (CO2),kilotonnes,48.1009,53.4815,58.6205,64.1569,73.0152,76.0674,83.3791,100.7761,107.188,107.5015,120.2002,3527.788,3742.8312,3832.9389,2784.3678,2928.3683,3068.4961,3102.3353,3209.0317,2943.1847,2758.5569
Thailand,Food Retail,Emissions (CO2eq) from CH4 (AR5),kilotonnes,2.8504,3.1724,3.5952,4.0236,4.5192,4.774,5.4824,6.1964,6.8096,7.0364,7.8736,205.856,227.2788,227.6428,162.1116,172.0516,180.9024,182.7532,189.4872,174.1124,175.0035
Thailand,Food Retail,Emissions (CO2eq) from N2O (AR5),kilotonnes,0.159,0.159,0.1855,0.212,0.212,0.2385,0.265,0.318,0.3445,0.3445,0.3975,10.5205,11.554,11.5275,8.2415,8.7185,9.169,9.275,9.593,8.8245,9.1411
Thailand,Food Retail,Emissions (CO2eq) (AR5),kilotonnes,51.1103,56.8129,62.4012,68.3925,77.7464,81.0799,89.1265,107.2905,114.3421,114.8824,128.4713,3744.1645,3981.664,4072.1092,2954.7209,3109.1384,3258.5675,3294.3635,3408.1119,3126.1216,2942.7014
Thailand,Food Household Consumption,Emissions (CH4),kilotonnes,5.4588,5.9042,6.1927,6.5777,6.9304,7.1674,7.5585,7.8487,8.0307,8.4753,9.2905,9.1899,10.2246,10.5297,10.8541,11.2391,12.2158,12.3395,12.5696,12.5696,12.6339
Thailand,Food Household Consumption,Emissions (N2O),kilotonnes,0.0307,0.0317,0.0355,0.0357,0.0375,0.0404,0.0408,0.043,0.0439,0.0457,0.0519,0.0504,0.0559,0.0571,0.0587,0.0607,0.0659,0.0666,0.0678,0.0678,0.0702
Thailand,Food Household Consumption,Emissions (CO2),kilotonnes,3524.5275,3786.5956,3835.0593,3969.3726,4307.5785,4299.6145,4400.7139,4801.8628,4483.0225,4648.332,4941.5034,5146.3764,5621.4389,5688.8809,5730.614,5856.5431,6291.0495,6363.7044,6470.3117,6470.3117,6064.425
Thailand,Food Household Consumption,Emissions (CO2eq) from CH4 (AR5),kilotonnes,152.8464,165.3176,173.3956,184.1756,194.0512,200.6872,211.638,219.7636,224.8596,237.3084,260.134,257.3172,286.2888,294.8316,303.9148,314.6948,342.0424,345.506,351.9488,351.9488,353.75
Thailand,Food Household Consumption,Emissions (CO2eq) from N2O (AR5),kilotonnes,8.1355,8.4005,9.4075,9.4605,9.9375,10.706,10.812,11.395,11.6335,12.1105,13.7535,13.356,14.8135,15.1315,15.5555,16.0855,17.4635,17.649,17.967,17.967,18.6116
Thailand,Food Household Consumption,Emissions (CO2eq) (AR5),kilotonnes,3685.5094,3960.3137,4017.8624,4163.0087,4511.5672,4511.0077,4623.1639,5033.0214,4719.5156,4897.7509,5215.3909,5417.0496,5922.5412,5998.844,6050.0843,6187.3234,6650.5554,6726.8594,6840.2275,6840.2275,6436.7865
Thailand,Food Transport,Emissions (CH4),kilotonnes,0.9952,1.0233,1.0612,1.0838,1.0833,0.9896,0.9607,1.1619,1.3489,1.5862,1.7089,1.9632,2.2053,2.5574,2.6778,2.6563,2.5684,2.4369,2.4258,2.5138,2.5267
Thailand,Food Transport,Emissions (N2O),kilotonnes,0.0961,0.0986,0.1061,0.1092,0.1114,0.1077,0.1,0.1069,0.1056,0.1151,0.1173,0.1236,0.131,0.1322,0.1297,0.1376,0.1445,0.1474,0.1449,0.1447,0.1499
Thailand,Food Transport,Emissions (CO2),kilotonnes,4866.14,5000.665,5284.7,5632.605,6047.085,6046.285,5649.445,5981.065,5706.795,6079.29,6157.055,6467.835,6765.385,6690.675,6454.06,6858.48,7290.585,7965.395,7831.635,7700.2554,7217.2135
Thailand,Food Transport,Emissions (CO2eq) from CH4 (AR5),kilotonnes,27.8656,28.6524,29.7136,30.3464,30.3324,27.7088,26.8996,32.5332,37.7692,44.4136,47.8492,54.9696,61.7484,71.6072,74.9784,74.3764,71.9152,68.2332,67.9224,70.3864,70.7466
Thailand,Food Transport,Emissions (CO2eq) from N2O (AR5),kilotonnes,25.4665,26.129,28.1165,28.938,29.521,28.5405,26.5,28.3285,27.984,30.5015,31.0845,32.754,34.715,35.033,34.3705,36.464,38.2925,39.061,38.3985,38.3455,39.7211
Thailand,Food Transport,Emissions (CO2eq) (AR5),kilotonnes,4919.4721,5055.4464,5342.5301,5691.8894,6106.9384,6102.5343,5702.8446,6041.9267,5772.5482,6154.2051,6235.9887,6555.5586,6861.8484,6797.3152,6563.4089,6969.3204,7400.7927,8072.6892,7937.9559,7808.9873,7327.6813
Thailand,Energy,Emissions (CH4),kilotonnes,687,687,708,743,804,835,852,899,963,937,1040,962,1040,1090,1080,1030,904,834,793,977,982
Thailand,Energy,Emissions (N2O),kilotonnes,6.49,6.51,6.95,7.52,8.03,7.78,7.9,15.4,15,14.2,14.8,16.9,18.2,19,20.2,19.6,19.4,18.4,18,22.3,23.1
Thailand,Energy,Emissions (CO2),kilotonnes,160000,171000,179000,190000,204000,209000,212000,217000,216000,230000,245000,242000,258000,272000,266000,269000,266000,271000,276000,271000,254000
Thailand,Energy,Emissions (CO2eq) from CH4 (AR5),kilotonnes,19236,19236,19824,20804,22512,23380,23856,25172,26964,26236,29120,26936,29120,30520,30240,28840,25312,23352,22204,27356,27496
Thailand,Energy,Emissions (CO2eq) from N2O (AR5),kilotonnes,1719.85,1725.15,1841.75,1992.8,2127.95,2061.7,2093.5,4081,3975,3763,3922,4478.5,4823,5035,5353,5194,5141,4876,4770,5909.5,6121.5
Thailand,Energy,Emissions (CO2eq) (AR5),kilotonnes,180955.85,191961.15,200665.75,212796.8,228639.95,234441.7,237949.5,246253,246939,259999,278042,273414.5,291943,307555,301593,303034,296453,299228,302974,304265.5,287617.5
Thailand,IPPU,Emissions (CH4),kilotonnes,0.608,0.616,0.647,0.686,0.682,0.759,1.02,1.21,1.2,1.35,1.38,1.57,1.83,1.89,1.97,2.03,2,2.1,2.21,2.43,2.54
Thailand,IPPU,Emissions (N2O),kilotonnes,1.13,1.1,1.28,1.36,1.55,1.59,1.78,1.78,1.7,1.79,1.83,1.79,2.01,2.01,2.01,2.01,2.01,2,2.08,2.14,2.18
Thailand,IPPU,Emissions (CO2),kilotonnes,20000,22300,24800,22800,23600,26300,27800,28600,25700,25500,26200,27700,29200,29500,30900,31500,34200,34200,34900,35600,35800
Thailand,IPPU,Emissions (CO2eq) from F-gases (AR5),kilotonnes,1039.7774,550.9848,547.0978,560.7024,563.6177,571.3917,580.1375,590.8268,601.5161,497.5383,435.3461,150.622,65.2047,0,0,0,0,0,0,0,0
Thailand,IPPU,Emissions (CO2eq) from CH4 (AR5),kilotonnes,17.024,17.248,18.116,19.208,19.096,21.252,28.56,33.88,33.6,37.8,38.64,43.96,51.24,52.92,55.16,56.84,56,58.8,61.88,68.04,71.12
Thailand,IPPU,Emissions (CO2eq) from N2O (AR5),kilotonnes,299.45,291.5,339.2,360.4,410.75,421.35,471.7,471.7,450.5,474.35,484.95,474.35,532.65,532.65,532.65,532.65,532.65,530,551.2,567.1,577.7
Thailand,IPPU,Emissions (CO2eq) (AR5),kilotonnes,21356.2514,23159.7328,25704.4138,23740.3104,24593.4637,27313.9937,28880.3975,29696.4068,26785.6161,26509.6883,27158.9361,28368.932,29849.0947,30085.57,31487.81,32089.49,34788.65,34788.8,35513.08,36235.14,36448.82
Thailand,Waste,Emissions (CH4),kilotonnes,635,661,686,710,728,746,773,801,806,863,886,919,945,965,983,997,1020,1040,1070,1100,1130
Thailand,Waste,Emissions (N2O),kilotonnes,2.31,2.33,2.35,2.36,2.39,2.43,2.47,2.5,2.48,2.46,2.47,2.51,2.55,2.58,2.6,2.61,2.62,2.64,2.64,2.67,2.69
Thailand,Waste,Emissions (CO2),kilotonnes,9.42,9.86,10.3,10.8,11.2,11.7,12.1,12.6,13.1,13.6,14,14.4,14.7,15.9,16.2,16.5,16.8,17.1,17.4,18.2,18.6
Thailand,Waste,Emissions (CO2eq) from CH4 (AR5),kilotonnes,17780,18508,19208,19880,20384,20888,21644,22428,22568,24164,24808,25732,26460,27020,27524,27916,28560,29120,29960,30800,31640
Thailand,Waste,Emissions (CO2eq) from N2O (AR5),kilotonnes,612.15,617.45,622.75,625.4,633.35,643.95,654.55,662.5,657.2,651.9,654.55,665.15,675.75,683.7,689,691.65,694.3,699.6,699.6,707.55,712.85
Thailand,Waste,Emissions (CO2eq) (AR5),kilotonnes,18401.57,19135.31,19841.05,20516.2,21028.55,21543.65,22310.65,23103.1,23238.3,24829.5,25476.55,26411.55,27150.45,27719.6,28229.2,28624.15,29271.1,29836.7,30677,31525.75,32371.45
Thailand,Other,Emissions (N2O),kilotonnes,4.11,4.06,4.26,4.47,4.87,5.06,5.05,5.03,5.15,5.2,5.58,5.83,6.3,6.4,6.43,6.36,6.27,6.26,6.32,6.76,6.89
Thailand,Other,Emissions (CO2eq) from N2O (AR5),kilotonnes,1089.15,1075.9,1128.9,1184.55,1290.55,1340.9,1338.25,1332.95,1364.75,1378,1478.7,1544.95,1669.5,1696,1703.95,1685.4,1661.55,1658.9,1674.8,1791.4,1825.85
Thailand,Other,Emissions (CO2eq) (AR5),kilotonnes,1089.15,1075.9,1128.9,1184.55,1290.55,1340.9,1338.25,1332.95,1364.75,1378,1478.7,1544.95,1669.5,1696,1703.95,1685.4,1661.55,1658.9,1674.8,1791.4,1825.85
Thailand,Farm-gate emissions,Emissions (CH4),kilotonnes,1989.1694,2021.4553,1961.8563,2064.0857,2058.1992,2113.0597,2119.2295,2232.0401,2232.892,2301.6896,2417.8588,2386.3073,2368.4308,2294.5211,2104.2851,1941.2801,2113.7487,2101.5329,2081.8411,1947.7031,2042.9178
Thailand,Farm-gate emissions,Direct emissions (N2O),kilotonnes,29.8173,31.0793,32.6581,36.0444,34.4299,32.96,33.6162,37.4256,36.5774,41.5164,43.7758,43.3675,43.432,43.2171,40.4494,35.087,39.3951,43.2476,39.8217,35.0564,38.7872
Thailand,Farm-gate emissions,Indirect emissions (N2O),kilotonnes,8.6152,8.9888,9.5172,10.5724,10.0569,9.5514,9.7497,10.9217,10.6368,12.2203,12.8935,12.7638,12.8184,12.7975,12.007,10.3617,11.677,12.921,11.8183,10.3494,11.5189
Thailand,Farm-gate emissions,Emissions (N2O),kilotonnes,47.1519,49.6529,52.2136,57.2991,56.0425,53.7121,54.6131,60.9262,59.1478,65.7069,68.7839,67.6942,68.0296,67.3761,63.6619,56.367,61.0879,65.5388,60.9887,54.8302,59.7141
Thailand,Farm-gate emissions,Emissions (CO2),kilotonnes,7630.0243,9789.5892,10360.1714,11236.4879,12070.8824,10961.9893,11325.5427,12084.8087,11736.9611,11807.8019,11856.9694,12856.2775,13158.6245,13513.4029,13549.6803,13528.5013,10650.8216,9724.9252,10395.4155,9802.8011,9804.7364
Thailand,Farm-gate emissions,Emissions (CO2eq) from CH4 (AR5),kilotonnes,55696.7441,56600.7486,54931.9762,57794.3998,57629.5789,59165.6703,59338.4254,62497.1238,62520.9758,64447.3094,67700.0455,66816.6031,66316.0632,64246.5909,58919.9841,54355.8433,59184.9643,58842.9199,58291.5517,54535.6861,57201.6972
Thailand,Farm-gate emissions,Emissions (CO2eq) from N2O (AR5),kilotonnes,12495.2461,13158.0151,13836.6088,15184.2656,14851.2598,14233.7184,14472.4826,16145.4393,15674.1664,17412.3251,18227.7369,17938.961,18027.8449,17854.6746,16870.4045,14937.2672,16188.2978,17367.7781,16162.0008,14529.99,15824.2463
Thailand,Farm-gate emissions,Emissions (CO2eq) (AR5),kilotonnes,75822.0145,79548.3529,79128.7564,84215.1533,84551.721,84361.378,85136.4507,90727.3718,89932.1032,93667.4363,97784.7518,97611.8415,97502.5326,95614.6685,89340.0688,82821.6117,86024.0836,85935.6232,84848.968,78868.4772,82830.6799
Thailand,Land Use change,Emissions (CH4),kilotonnes,34.2995,10.5888,25.0722,27.9187,89.1445,46.8012,24.7083,79.1949,33.9687,48.2845,39.9655,15.5383,46.9922,21.2998,65.0163,50.2851,41.741,50.3371,23.3553,65.81,76.3295
Thailand,Land Use change,Emissions (N2O),kilotonnes,1.0009,0.9668,1.9073,2.5491,6.4843,4.2732,2.256,7.2308,3.1015,4.4086,3.2555,1.4187,4.2906,1.9448,5.4271,4.5912,3.788,4.596,2.1324,6.0087,6.9692
Thailand,Land Use change,Emissions (CO2),kilotonnes,19100.3903,5456.22,5795.0326,5456.22,6924.3983,5456.22,5456.22,5456.22,5456.22,5456.22,5805.2997,28718.6827,28718.6827,28718.6827,29170.4269,28718.6827,11475.8754,11455.3413,11455.3413,11455.3413,11455.3413
Thailand,Land Use change,Emissions (CO2eq) from CH4 (AR5),kilotonnes,960.3873,296.4862,702.0204,781.7225,2496.0459,1310.4348,691.8324,2217.4564,951.1234,1351.9663,1119.033,435.0716,1315.7816,596.3957,1820.4564,1407.9823,1168.7471,1409.4388,653.9481,1842.6786,2137.2271
Thailand,Land Use change,Emissions (CO2eq) from N2O (AR5),kilotonnes,265.2308,256.2028,505.4299,675.5102,1718.3471,1132.3866,597.8334,1916.1715,821.8947,1168.2752,862.7163,375.9586,1137.0069,515.3637,1438.1705,1216.6804,1003.8161,1217.9389,565.0965,1592.3147,1846.843
Thailand,Land Use change,Emissions (CO2eq) (AR5),kilotonnes,20326.0085,6008.909,7002.4829,6913.4528,11138.7914,7899.0413,6745.8857,9589.8479,7229.2381,7976.4615,7787.0489,29529.7129,31171.4712,29830.442,32429.0538,31343.3454,13648.4386,14082.719,12674.3859,14890.3347,15439.4114
Thailand,Emissions on agricultural land,Emissions (CH4),kilotonnes,2023.469,2032.0441,1986.9284,2092.0044,2147.3437,2159.8609,2143.9378,2311.235,2266.8607,2349.9741,2457.8242,2401.8455,2415.423,2315.8209,2169.3014,1991.5652,2155.4897,2151.87,2105.1964,2013.513,2119.2473
Thailand,Emissions on agricultural land,Emissions (N2O),kilotonnes,48.1527,50.6197,54.1209,59.8482,62.5268,57.9853,56.8691,68.157,62.2493,70.1155,72.0394,69.1129,72.3202,69.3209,69.089,60.9583,64.8759,70.1348,63.1211,60.8389,66.6834
Thailand,Emissions on agricultural land,Emissions (CO2),kilotonnes,26730.4146,15245.8092,16155.2041,16692.7079,18995.2807,16418.2093,16781.7627,17541.0287,17193.1811,17264.0219,17662.2691,41574.9601,41877.3072,42232.0856,42720.1073,42247.184,22126.697,21180.2666,21850.7568,21258.1424,21260.0777
Thailand,Emissions on agricultural land,Emissions (CO2eq) from CH4 (AR5),kilotonnes,56657.1314,56897.2348,55633.9965,58576.1223,60125.6248,60476.105,60030.2577,64714.5801,63472.0992,65799.2756,68819.0785,67251.6747,67631.8448,64842.9866,60740.4405,55763.8256,60353.7113,60252.3587,58945.4998,56378.3647,59338.9242
Thailand,Emissions on agricultural land,Emissions (CO2eq) from N2O (AR5),kilotonnes,12760.4769,13414.2179,14342.0387,15859.7758,16569.6069,15366.105,15070.3159,18061.6108,16496.061,18580.6003,19090.4532,18314.9196,19164.8518,18370.0383,18308.5749,16153.9476,17192.1139,18585.717,16727.0972,16122.3047,17671.0893
Thailand,Emissions on agricultural land,Emissions (CO2eq) (AR5),kilotonnes,96148.023,85557.2619,86131.2393,91128.606,95690.5124,92260.4193,91882.3364,100317.2197,97161.3413,101643.8978,105571.8007,127141.5544,128674.0037,125445.1105,121769.1227,114164.9571,99672.5222,100018.3422,97523.3539,93758.8118,98270.0913
Thailand,Pre- and post- production,Emissions (CH4),kilotonnes,602.7175,603.3622,608.475,615.2507,615.7647,614.9196,619.7117,626.0297,631.4685,633.0573,636.6987,668.3525,676.1818,679.4178,680.3441,671.0914,673.4509,673.8622,675.336,675.5907,675.5926
Thailand,Pre- and post- production,Emissions (N2O),kilotonnes,1.4731,1.4582,1.5107,1.5326,1.5545,1.6203,1.6393,1.6403,1.6179,1.6567,1.7056,1.902,1.9859,2.0232,2.0156,2.0431,2.064,2.0965,2.0979,2.1072,2.134
Thailand,Pre- and post- production,Emissions (CO2),kilotonnes,9072.4733,9518.0207,9864.7222,10421.2247,11175.6615,11205.637,10952.4891,11689.6256,11043.7128,11687.6552,12171.4951,27050.7571,29635.6357,31097.5735,32430.889,32973.1705,34299.4825,34212.6864,33085.5071,32710.6063,30672.4016
Thailand,Pre- and post- production,Emissions (CO2eq) from CH4 (AR5),kilotonnes,16876.0914,16894.1411,17037.2986,17227.0204,17241.4125,17217.7499,17351.9268,17528.8319,17681.1172,17725.6051,17827.5637,18713.87,18933.0913,19023.6973,19049.6345,18790.5603,18856.625,18868.1423,18909.409,18916.5399,18916.593
Thailand,Pre- and post- production,Emissions (CO2eq) from N2O (AR5),kilotonnes,390.3802,386.4201,400.3284,406.1336,411.9458,429.3749,434.4095,434.6737,428.7374,439.0357,451.9813,504.0177,526.2645,536.1445,534.1217,541.429,546.9647,555.58,555.9485,558.4035,565.5004
Thailand,Pre- and post- production,Emissions (CO2eq) (AR5),kilotonnes,26338.9449,26798.5819,27302.3492,28054.3788,28829.0198,28852.7618,28738.8253,29653.1313,29153.5674,29852.296,30451.0401,46268.6449,49094.9916,50657.4153,52014.6452,52305.1598,53703.0722,53636.4087,52550.8646,52185.5497,50154.495
Thailand,Agri-food systems,Emissions (CH4),kilotonnes,2626.1865,2635.4063,2595.4034,2707.2551,2763.1085,2774.7805,2763.6494,2937.2647,2898.3292,2983.0315,3094.5229,3070.198,3091.6049,2995.2387,2849.6455,2662.6566,2828.9406,2825.7322,2780.5325,2689.1037,2794.8399
Thailand,Agri-food systems,Emissions (N2O),kilotonnes,49.6259,52.0779,55.6316,61.3808,64.0813,59.6056,58.5084,69.7973,63.8672,71.7722,73.745,71.0149,74.3061,71.3441,71.1045,63.0014,66.9399,72.2313,65.219,62.9461,68.8173
Thailand,Agri-food systems,Emissions (CO2),kilotonnes,35802.8879,24763.8299,26019.9262,27113.9326,30170.9423,27623.8463,27734.2518,29230.6543,28236.8939,28951.6771,29833.7641,68625.7172,71512.9429,73329.6591,75150.9963,75220.3545,56426.1795,55392.953,54936.264,53968.7487,51932.4793
Thailand,Agri-food systems,Emissions (CO2eq) from CH4 (AR5),kilotonnes,73533.2228,73791.3759,72671.2951,75803.1427,77367.0373,77693.8549,77382.1846,82243.4121,81153.2164,83524.8807,86646.6422,85965.5447,86564.936,83866.6839,79790.075,74554.3859,79210.3364,79120.501,77854.9088,75294.9047,78255.5173
Thailand,Agri-food systems,Emissions (CO2eq) from N2O (AR5),kilotonnes,13150.8571,13800.638,14742.3671,16265.9094,16981.5527,15795.4799,15504.7254,18496.2845,16924.7984,19019.636,19542.4345,18818.9373,19691.1163,18906.1828,18842.6967,16695.3766,17739.0786,19141.297,17283.0457,16680.7081,18236.5896
Thailand,Agri-food systems,Emissions (CO2eq) (AR5),kilotonnes,122486.9678,112355.8438,113433.5885,119182.9848,124519.5323,121113.1811,120621.1617,129970.3509,126314.9087,131496.1938,136022.8409,173410.1992,177768.9953,176102.5258,173783.7679,166470.1169,153375.5945,153654.751,150074.2185,145944.3615,148424.5863
Thailand,IPCC Agriculture,Emissions (CH4),kilotonnes,1988.3358,2020.4847,1960.8775,2062.9968,2057.056,2111.9992,2118.0796,2230.8796,2231.7968,2300.6447,2416.8306,2385.1196,2367.2188,2293.341,2103.2012,1940.0637,2112.6801,2100.4383,2080.7897,1946.6582,2041.8729
Thailand,IPCC Agriculture,Emissions (CH4),kilotonnes,,,,,,,,,,,,,,1729.65,,,,,,,
Thailand,IPCC Agriculture,Direct emissions (N2O),kilotonnes,29.8173,31.0793,32.6581,36.0444,34.4299,32.96,33.6162,37.4256,36.5774,41.5164,43.7758,43.3675,43.432,43.2171,40.4494,35.087,39.3951,43.2476,39.8217,35.0564,38.7872
Thailand,IPCC Agriculture,Indirect emissions (N2O),kilotonnes,8.6152,8.9888,9.5172,10.5724,10.0569,9.5514,9.7497,10.9217,10.6368,12.2203,12.8935,12.7638,12.8184,12.7975,12.007,10.3617,11.677,12.921,11.8183,10.3494,11.5189
Thailand,IPCC Agriculture,Emissions (N2O),kilotonnes,44.6641,46.3533,48.6964,53.4569,51.9034,49.9871,50.7682,56.7945,55.1423,61.665,64.7187,63.2583,63.478,62.6738,58.9222,51.6467,57.4949,62.3082,57.4915,51.5815,56.4655
Thailand,IPCC Agriculture,Emissions (N2O),kilotonnes,,,,,,,,,,,,,,47.08,,,,,,,
Thailand,IPCC Agriculture,Emissions (CO2eq) from CH4 (AR5),kilotonnes,55673.4025,56573.5716,54904.5688,57763.9114,57597.5673,59135.9762,59306.2298,62464.6292,62490.3113,64418.0514,67671.2561,66783.3484,66282.1272,64213.5475,58889.6326,54321.7848,59155.044,58812.2735,58262.1123,54506.429,57172.4401
Thailand,IPCC Agriculture,Emissions (CO2eq) from CH4 (AR5),kilotonnes,,,,,,,,,,,,,,48430.2,,,,,,,
Thailand,IPCC Agriculture,Emissions (CO2eq) from N2O (AR5),kilotonnes,11835.9934,12283.624,12904.5481,14166.0791,13754.3912,13246.5735,13453.5632,15050.536,14612.7188,16341.2129,17150.4614,16763.4478,16821.6691,16608.5464,15614.3928,13686.3799,15236.1591,16511.6634,15235.2594,13669.1026,14963.359
Thailand,IPCC Agriculture,Emissions (CO2eq) from N2O (AR5),kilotonnes,,,,,,,,,,,,,,12476.2,,,,,,,
Thailand,IPCC Agriculture,Emissions (CO2eq) (AR5),kilotonnes,67509.3959,68857.1956,67809.1169,71929.9905,71351.9585,72382.5497,72759.793,77515.1652,77103.0301,80759.2643,84821.7175,83546.7962,83103.7964,80822.0939,74504.0254,68008.1646,74391.2031,75323.9369,73497.3716,68175.5316,72135.799
Thailand,IPCC Agriculture,Emissions (CO2eq) (AR5),kilotonnes,,,,,,,,,,,,,,60906.4,,,,,,,
Thailand,Agricultural Soils,Direct emissions (N2O),kilotonnes,29.8173,31.0793,32.6581,36.0444,34.4299,32.96,33.6162,37.4256,36.5774,41.5164,43.7758,43.3675,43.432,43.2171,40.4494,35.087,39.3951,43.2476,39.8217,35.0564,38.7872
Thailand,Agricultural Soils,Indirect emissions (N2O),kilotonnes,8.6152,8.9888,9.5172,10.5724,10.0569,9.5514,9.7497,10.9217,10.6368,12.2203,12.8935,12.7638,12.8184,12.7975,12.007,10.3617,11.677,12.921,11.8183,10.3494,11.5189
Thailand,Agricultural Soils,Emissions (N2O),kilotonnes,38.5796,40.2219,42.3298,46.7713,44.6458,42.6704,43.527,48.5107,47.3772,53.8998,56.8325,56.2945,56.4136,56.1778,52.6202,45.6126,51.2359,56.3325,51.8041,45.5757,50.4763
Thailand,Agricultural Soils,Emissions (N2O),kilotonnes,,,,,,,,,,,,,,37.7,,,,,,,
Thailand,Agricultural Soils,Emissions (CO2eq) from N2O (AR5),kilotonnes,10223.5992,10658.8084,11217.4002,12394.4069,11831.1482,11307.6612,11534.6525,12855.3253,12554.9572,14283.4446,15060.6094,14918.0362,14949.6021,14887.118,13944.362,12087.3326,13577.5218,14928.1011,13728.0835,12077.5675,13376.2111
Thailand,Agricultural Soils,Emissions (CO2eq) from N2O (AR5),kilotonnes,,,,,,,,,,,,,,9990.5,,,,,,,
Thailand,Agricultural Soils,Emissions (CO2eq) (AR5),kilotonnes,10223.5992,10658.8084,11217.4002,12394.4069,11831.1482,11307.6612,11534.6525,12855.3253,12554.9572,14283.4446,15060.6094,14918.0362,14949.6021,14887.118,13944.362,12087.3326,13577.5218,14928.1011,13728.0835,12077.5675,13376.2111
Thailand,Agricultural Soils,Emissions (CO2eq) (AR5),kilotonnes,,,,,,,,,,,,,,9990.5,,,,,,,
Thailand,LULUCF,Emissions (CH4),kilotonnes,40.9526,14.2122,28.621,34.414,104.8119,53.9408,31.0276,92.8379,39.5439,60.4469,49.0551,22.5611,55.0008,27.9409,76.3128,60.7931,60.5602,62.7861,28.6176,87.028,93.3771
Thailand,LULUCF,Emissions (CH4),kilotonnes,,,,,,,,,,,,,,17.51,,,,,,,
Thailand,LULUCF,Emissions (N2O),kilotonnes,1.1966,1.2976,2.2313,3.1421,7.9148,4.925,2.833,8.4765,3.6105,5.5191,4.0855,2.0599,5.0218,2.5511,6.4585,5.5507,5.5063,5.7326,2.6129,7.946,8.5257
Thailand,LULUCF,Emissions (N2O),kilotonnes,,,,,,,,,,,,,,0.12,,,,,,,
Thailand,LULUCF,Emissions (CO2),kilotonnes,11341.7887,-33866.9061,-33523.7659,-33862.5786,-32366.0691,-33834.2475,-33824.6752,-33812.2459,-33814.2098,-33814.2113,-33464.555,-55.0784,-55.0784,-55.0784,400.9915,-50.7528,12751.8253,12731.2912,12732.7619,12771.2946,12773.2299
Thailand,LULUCF,Emissions (CO2),kilotonnes,,,,,,,,,,,,,,-86506.74,,,,,,,
Thailand,LULUCF,Emissions (CO2eq) from CH4 (AR5),kilotonnes,1146.6742,397.9406,801.3883,963.5911,2934.7327,1510.3436,868.7732,2599.4605,1107.2293,1692.5138,1373.5415,631.7112,1540.0216,782.3453,2136.7597,1702.2078,1695.6859,1758.0107,801.2935,2436.7837,2614.5577
Thailand,LULUCF,Emissions (CO2eq) from N2O (AR5),kilotonnes,317.0858,343.8726,591.2967,832.6684,2097.4297,1305.1339,750.7333,2246.273,956.7905,1462.5527,1082.6448,545.8809,1330.7795,676.0483,1711.4978,1470.9296,1459.16,1519.1505,692.4221,2105.6989,2259.3189
Thailand,LULUCF,Emissions (CO2eq) (AR5),kilotonnes,12805.5486,-33125.0929,-32131.0809,-32066.3192,-27333.9068,-31018.77,-32205.1687,-28966.5124,-31750.1901,-30659.1448,-31008.3687,1122.5137,2815.7228,1403.3152,4249.249,3122.3847,15906.6712,16008.4524,14226.4775,17313.7772,17647.1065
Thailand,LULUCF,Emissions (CO2eq) (AR5),kilotonnes,,,,,,,,,,,,,,-86506.74,,,,,,,
Thailand,AFOLU,Emissions (CH4),kilotonnes,2029.2885,2034.6969,1989.4985,2097.4108,2161.8679,2165.94,2149.1072,2323.7175,2271.3407,2361.0916,2465.8856,2407.6807,2422.2196,2321.2819,2179.514,2000.8569,2173.2404,2163.2244,2109.4073,2033.6862,2135.2499
Thailand,AFOLU,Emissions (N2O),kilotonnes,45.8607,47.6509,50.9277,56.599,59.8182,54.9121,53.6011,65.271,58.7529,67.184,68.8042,65.3182,68.4998,65.2249,65.3807,57.1974,63.0012,68.0408,60.1045,59.5276,64.9912
Thailand,AFOLU,Emissions (CO2),kilotonnes,11341.7887,-33866.9061,-33523.7659,-33862.5786,-32366.0691,-33834.2475,-33824.6752,-33812.2459,-33814.2098,-33814.2113,-33464.555,-55.0784,-55.0784,-55.0784,400.9915,-50.7528,12751.8253,12731.2912,12732.7619,12771.2946,12773.2299
Thailand,AFOLU,Emissions (CO2eq) from CH4 (AR5),kilotonnes,56820.0767,56971.5122,55705.9571,58727.5025,60532.2999,60646.3198,60175.0029,65064.0897,63597.5406,66110.5653,69044.7976,67415.0596,67822.1488,64995.8927,61026.3924,56023.9926,60850.7299,60570.2842,59063.4058,56943.2127,59786.9978
Thailand,AFOLU,Emissions (CO2eq) from N2O (AR5),kilotonnes,12153.0791,12627.4966,13495.8448,14998.7475,15851.8209,14551.7074,14204.2965,17296.809,15569.5093,17803.7656,18233.1062,17309.3287,18152.4487,17284.5948,17325.8906,15157.3095,16695.3191,18030.8139,15927.6815,15774.8015,17222.6779
Thailand,AFOLU,Emissions (CO2eq) (AR5),kilotonnes,80314.9445,35732.1027,35678.036,39863.6713,44018.0517,41363.7797,40554.6243,48548.6528,45352.84,50100.1195,53813.3488,84669.3099,85919.5191,82225.4091,78753.2745,71130.5493,90297.8743,91332.3893,87723.8492,85489.3088,89782.9055
Thailand,All sectors with LULUCF,Emissions (CH4),kilotonnes,3351.8965,3383.3129,3384.1455,3551.0968,3694.5499,3747.699,3775.1272,4024.9275,4041.5407,4162.4416,4393.2656,4290.2507,4409.0496,4378.1719,4244.484,4029.8869,4099.2404,4039.3244,3974.6173,4113.1162,4249.7899
Thailand,All sectors with LULUCF,Emissions (N2O),kilotonnes,59.9007,61.6509,65.7677,72.309,76.6582,71.7721,70.8011,89.981,83.0829,90.834,93.4842,92.3482,97.5598,95.2149,96.6207,87.7774,93.3012,97.3408,89.1445,93.3976,99.8512
Thailand,All sectors with LULUCF,Emissions (CO2),kilotonnes,191351.2087,159442.9539,170286.5341,178948.2214,195245.1309,201477.4525,205987.4248,211800.3541,207898.8902,221699.3887,237749.445,269659.3216,287159.6216,301460.8216,297317.1915,300465.7472,312968.6253,317948.3912,323650.1619,319389.4946,302591.8299
Thailand,All sectors with LULUCF,Emissions (CO2eq) from F-gases (AR5),kilotonnes,1039.7774,550.9848,547.0978,560.7024,563.6177,571.3917,580.1375,590.8268,601.5161,497.5383,435.3461,150.622,65.2047,0,0,0,0,0,0,0,0
Thailand,All sectors with LULUCF,Emissions (CO2eq) from CH4 (AR5),kilotonnes,93853.1007,94732.7602,94756.0731,99430.7105,103447.3959,104935.5718,105703.5629,112697.9697,113163.1406,116548.3653,123011.4376,120127.0196,123453.3888,122588.8127,118845.5524,112836.8326,114778.7299,113101.0842,111289.2858,115167.2527,118994.1178
Thailand,All sectors with LULUCF,Emissions (CO2eq) from N2O (AR5),kilotonnes,15873.6791,16337.4966,17428.4448,19161.8975,20314.4209,19019.6074,18762.2965,23844.959,22016.9593,24071.0156,24773.3062,24472.2787,25853.3487,25231.9448,25604.4906,23261.0095,24724.8191,25795.3139,23623.2815,24750.3515,26460.5779
Thailand,All sectors with LULUCF,Emissions (CO2eq) (AR5),kilotonnes,302117.7659,271064.1955,283018.1498,298101.5317,319570.5654,326004.0234,331033.4218,348934.1095,343680.5061,362816.3078,385969.5348,414409.2419,436531.5639,449281.5791,441767.2345,436563.5893,452472.1743,456844.7893,458562.7292,459307.0988,448046.5255
Thailand,All sectors without LULUCF,Emissions (CH4),kilotonnes,3310.9438,3369.1007,3355.5245,3516.6828,3589.738,3693.7582,3744.0996,3932.0896,4001.9968,4101.9947,4344.2106,4267.6896,4354.0488,4350.231,4168.1712,3969.0937,4038.6801,3976.5383,3945.9997,4026.0882,4156.4129
Thailand,All sectors without LULUCF,Emissions (N2O),kilotonnes,58.7041,60.3533,63.5364,69.1669,68.7434,66.8471,67.9682,81.5045,79.4723,85.315,89.3987,90.2883,92.538,92.6638,90.1622,82.2267,87.7949,91.6082,86.5315,85.4515,91.3255
Thailand,All sectors without LULUCF,Emissions (CO2),kilotonnes,180009.42,193309.86,203810.3,212810.8,227611.2,235311.7,239812.1,245612.6,241713.1,255513.6,271214,269714.4,287214.7,301515.9,296916.2,300516.5,300216.8,305217.1,310917.4,306618.2,289818.6
Thailand,All sectors without LULUCF,Emissions (CO2eq) from F-gases (AR5),kilotonnes,1039.7774,550.9848,547.0978,560.7024,563.6177,571.3917,580.1375,590.8268,601.5161,497.5383,435.3461,150.622,65.2047,0,0,0,0,0,0,0,0
Thailand,All sectors without LULUCF,Emissions (CO2eq) from CH4 (AR5),kilotonnes,92706.4265,94334.8196,93954.6848,98467.1194,100512.6633,103425.2282,104834.7898,110098.5092,112055.9113,114855.8514,121637.8961,119495.3084,121913.3672,121806.4675,116708.7926,111134.6248,113083.044,111343.0735,110487.9923,112730.469,116379.5601
Thailand,All sectors without LULUCF,Emissions (CO2eq) from N2O (AR5),kilotonnes,15556.5934,15993.624,16837.1481,18329.2291,18216.9912,17714.4735,18011.5632,21598.686,21060.1688,22608.4629,23690.6614,23926.3978,24522.5691,24555.8964,23892.9928,21790.0799,23265.6591,24276.1634,22930.8594,22644.6526,24201.259
Thailand,All sectors without LULUCF,Emissions (CO2eq) (AR5),kilotonnes,289312.2173,304189.2884,315149.2307,330167.8509,346904.4721,357022.7934,363238.5905,377900.622,375430.6962,393475.4527,416977.9036,413286.7281,433715.8411,447878.2639,437517.9854,433441.2046,436565.5031,440836.3369,444336.2516,441993.3216,430399.419
Timor-Leste,Crop Residues,Direct emissions (N2O),kilotonnes,0.0265,0.0302,0.033,0.0342,0.0259,0.0356,0.0408,0.034,0.0427,0.0493,0.0489,0.0322,0.0397,0.0361,0.0363,0.0387,0.0296,0.0277,0.0276,0.0305,0.0278
Timor-Leste,Crop Residues,Indirect emissions (N2O),kilotonnes,0.006,0.0068,0.0074,0.0077,0.0058,0.008,0.0092,0.0076,0.0096,0.0111,0.011,0.0072,0.0089,0.0081,0.0082,0.0087,0.0067,0.0062,0.0062,0.0069,0.0063
Timor-Leste,Crop Residues,Emissions (N2O),kilotonnes,0.0325,0.037,0.0404,0.0419,0.0318,0.0436,0.05,0.0416,0.0523,0.0604,0.0599,0.0394,0.0486,0.0442,0.0445,0.0475,0.0362,0.034,0.0338,0.0373,0.0341
Timor-Leste,Crop Residues,Emissions (CO2eq) from N2O (AR5),kilotonnes,8.6135,9.8061,10.7173,11.0985,8.4231,11.5486,13.2384,11.0297,13.8575,16.0163,15.8786,10.4406,12.8898,11.7139,11.7871,12.5787,9.6002,8.9996,8.9576,9.8913,9.0332
Timor-Leste,Crop Residues,Emissions (CO2eq) (AR5),kilotonnes,8.6135,9.8061,10.7173,11.0985,8.4231,11.5486,13.2384,11.0297,13.8575,16.0163,15.8786,10.4406,12.8898,11.7139,11.7871,12.5787,9.6002,8.9996,8.9576,9.8913,9.0332
Timor-Leste,Rice Cultivation,Emissions (CH4),kilotonnes,3.135,6.4544,6.4544,8.0312,4.2415,7.3765,8.2985,7.3765,8.4157,7.1917,6.7399,6.5579,7.7239,5.1632,5.2524,4.2446,3.5501,3.854,3.263,4.5139,3.8208
Timor-Leste,Rice Cultivation,Emissions (CO2eq) from CH4 (AR5),kilotonnes,87.7802,180.724,180.724,224.8722,118.7615,206.5417,232.3594,206.5417,235.6382,201.3678,188.7171,183.6207,216.2698,144.5688,147.068,118.8492,99.4033,107.9129,91.3637,126.388,106.9834
Timor-Leste,Rice Cultivation,Emissions (CO2eq) (AR5),kilotonnes,87.7802,180.724,180.724,224.8722,118.7615,206.5417,232.3594,206.5417,235.6382,201.3678,188.7171,183.6207,216.2698,144.5688,147.068,118.8492,99.4033,107.9129,91.3637,126.388,106.9834
Timor-Leste,Burning - Crop residues,Emissions (CH4),kilotonnes,0.1737,0.2052,0.1961,0.2008,0.1746,0.216,0.2585,0.2306,0.2822,0.2505,0.244,0.1114,0.1842,0.1572,0.1421,0.1945,0.1412,0.1178,0.1249,0.1187,0.1103
Timor-Leste,Burning - Crop residues,Emissions (CH4),kilotonnes,,,,,,,,,,,0.0867,,,,,,,,,,
Timor-Leste,Burning - Crop residues,Emissions (N2O),kilotonnes,0.0045,0.0053,0.0051,0.0052,0.0045,0.0056,0.0067,0.006,0.0073,0.0065,0.0063,0.0029,0.0048,0.0041,0.0037,0.005,0.0037,0.0031,0.0032,0.0031,0.0029
Timor-Leste,Burning - Crop residues,Emissions (N2O),kilotonnes,,,,,,,,,,,0.002,,,,,,,,,,
Timor-Leste,Burning - Crop residues,Emissions (CO2eq) from CH4 (AR5),kilotonnes,4.8649,5.7467,5.492,5.621,4.8875,6.048,7.2387,6.4562,7.9026,7.0148,6.8309,3.1191,5.1588,4.4013,3.9785,5.4469,3.9544,3.2997,3.4966,3.3241,3.0883
Timor-Leste,Burning - Crop residues,Emissions (CO2eq) from CH4 (AR5),kilotonnes,,,,,,,,,,,2.4276,,,,,,,,,,
Timor-Leste,Burning - Crop residues,Emissions (CO2eq) from N2O (AR5),kilotonnes,1.1937,1.4101,1.3476,1.3792,1.1993,1.484,1.7762,1.5842,1.9391,1.7212,1.6761,0.7653,1.2658,1.08,0.9762,1.3365,0.9703,0.8096,0.858,0.8156,0.7578
Timor-Leste,Burning - Crop residues,Emissions (CO2eq) from N2O (AR5),kilotonnes,,,,,,,,,,,0.53,,,,,,,,,,
Timor-Leste,Burning - Crop residues,Emissions (CO2eq) (AR5),kilotonnes,6.0586,7.1567,6.8396,7.0003,6.0868,7.532,9.0149,8.0404,9.8417,8.7361,8.5071,3.8844,6.4246,5.4813,4.9547,6.7834,4.9247,4.1093,4.3546,4.1397,3.8461
Timor-Leste,Burning - Crop residues,Emissions (CO2eq) (AR5),kilotonnes,,,,,,,,,,,2.9576,,,,,,,,,,
Timor-Leste,Enteric Fermentation,Emissions (CH4),kilotonnes,12.8327,15.4037,15.2652,14.4745,13.7448,14.2821,14.522,14.8308,15.1092,15.3767,15.4666,15.9971,16.5219,17.0519,17.1164,20.154,20.3184,20.6864,21.2534,23.0549,20.4479
Timor-Leste,Enteric Fermentation,Emissions (CH4),kilotonnes,,,,,,,,,,,14.7614,,,,,,,,,,
Timor-Leste,Enteric Fermentation,Emissions (CO2eq) from CH4 (AR5),kilotonnes,359.3146,431.3039,427.4263,405.2871,384.8545,399.8991,406.6154,415.2617,423.0582,430.5489,433.0654,447.9194,462.6127,477.4536,479.2586,564.3129,568.9145,579.2205,595.096,645.5365,572.5407
Timor-Leste,Enteric Fermentation,Emissions (CO2eq) from CH4 (AR5),kilotonnes,,,,,,,,,,,413.3192,,,,,,,,,,
Timor-Leste,Enteric Fermentation,Emissions (CO2eq) (AR5),kilotonnes,359.3146,431.3039,427.4263,405.2871,384.8545,399.8991,406.6154,415.2617,423.0582,430.5489,433.0654,447.9194,462.6127,477.4536,479.2586,564.3129,568.9145,579.2205,595.096,645.5365,572.5407
Timor-Leste,Enteric Fermentation,Emissions (CO2eq) (AR5),kilotonnes,,,,,,,,,,,413.3192,,,,,,,,,,
Timor-Leste,Manure Management,Emissions (CH4),kilotonnes,2.2399,2.6652,2.6644,2.6048,2.5184,2.6299,2.697,2.8101,2.9332,3.0367,2.6278,2.7047,2.8613,2.9957,3.1234,3.3989,3.4006,3.4555,3.5246,3.7446,3.5417
Timor-Leste,Manure Management,Emissions (CH4),kilotonnes,,,,,,,,,,,3.1114,,,,,,,,,,
Timor-Leste,Manure Management,Emissions (N2O),kilotonnes,0.1731,0.2095,0.2057,0.1942,0.1832,0.1876,0.1923,0.1965,0.2004,0.2047,0.2014,0.21,0.2168,0.2243,0.2265,0.2687,0.2721,0.2775,0.2864,0.3122,0.2767
Timor-Leste,Manure Management,Emissions (N2O),kilotonnes,,,,,,,,,,,0.6317,,,,,,,,,,
Timor-Leste,Manure Management,Emissions (CO2eq) from CH4 (AR5),kilotonnes,62.7167,74.6255,74.6031,72.9342,70.5146,73.6376,75.5149,78.6821,82.1305,85.0265,73.5772,75.7315,80.1151,83.8799,87.4557,95.1693,95.2158,96.7528,98.6883,104.8502,99.1665
Timor-Leste,Manure Management,Emissions (CO2eq) from CH4 (AR5),kilotonnes,,,,,,,,,,,87.1192,,,,,,,,,,
Timor-Leste,Manure Management,Emissions (CO2eq) from N2O (AR5),kilotonnes,45.8813,55.5246,54.5072,51.4544,48.5389,49.7168,50.9479,52.0756,53.1095,54.2329,53.3827,55.6631,57.4599,59.4426,60.0166,71.1938,72.1147,73.5387,75.8876,82.7337,73.3127
Timor-Leste,Manure Management,Emissions (CO2eq) from N2O (AR5),kilotonnes,,,,,,,,,,,167.4005,,,,,,,,,,
Timor-Leste,Manure Management,Emissions (CO2eq) (AR5),kilotonnes,108.5981,130.1501,129.1103,124.3886,119.0535,123.3544,126.4628,130.7576,135.24,139.2593,126.9599,131.3945,137.575,143.3225,147.4723,166.3631,167.3305,170.2916,174.5759,187.5838,172.4793
Timor-Leste,Manure Management,Emissions (CO2eq) (AR5),kilotonnes,,,,,,,,,,,254.5197,,,,,,,,,,
Timor-Leste,Manure left on Pasture,Direct emissions (N2O),kilotonnes,0.1993,0.2332,0.2343,0.2263,0.2203,0.2335,0.2374,0.2421,0.2459,0.2499,0.2503,0.259,0.2666,0.2751,0.276,0.3086,0.3102,0.3153,0.3218,0.3443,0.3123
Timor-Leste,Manure left on Pasture,Indirect emissions (N2O),kilotonnes,0.0521,0.0599,0.0614,0.0606,0.0602,0.0652,0.0661,0.0674,0.0685,0.0695,0.0691,0.0714,0.0734,0.0758,0.0761,0.0809,0.0809,0.0821,0.083,0.0875,0.0811
Timor-Leste,Manure left on Pasture,Emissions (N2O),kilotonnes,0.2514,0.2931,0.2957,0.2869,0.2806,0.2987,0.3035,0.3095,0.3143,0.3194,0.3194,0.3304,0.3401,0.3509,0.3521,0.3895,0.3911,0.3974,0.4048,0.4317,0.3934
Timor-Leste,Manure left on Pasture,Emissions (CO2eq) from N2O (AR5),kilotonnes,66.6249,77.6702,78.3535,76.0181,74.3476,79.1476,80.4297,82.015,83.2928,84.6477,84.6455,87.551,90.1156,92.9866,93.3106,103.2182,103.6393,105.2988,107.2676,114.4136,104.2493
Timor-Leste,Manure left on Pasture,Emissions (CO2eq) (AR5),kilotonnes,66.6249,77.6702,78.3535,76.0181,74.3476,79.1476,80.4297,82.015,83.2928,84.6477,84.6455,87.551,90.1156,92.9866,93.3106,103.2182,103.6393,105.2988,107.2676,114.4136,104.2493
Timor-Leste,Manure applied to Soils,Direct emissions (N2O),kilotonnes,0.0654,0.0783,0.077,0.0729,0.0696,0.0718,0.0734,0.0754,0.0775,0.0794,0.0765,0.0793,0.0827,0.086,0.0874,0.1007,0.1014,0.1032,0.1062,0.1153,0.1039
Timor-Leste,Manure applied to Soils,Indirect emissions (N2O),kilotonnes,0.0278,0.0333,0.0327,0.031,0.0296,0.0305,0.0312,0.0321,0.033,0.0338,0.0325,0.0337,0.0352,0.0365,0.0371,0.0428,0.0431,0.0439,0.0452,0.049,0.0442
Timor-Leste,Manure applied to Soils,Emissions (N2O),kilotonnes,0.0932,0.1115,0.1097,0.1039,0.0992,0.1024,0.1046,0.1075,0.1105,0.1132,0.109,0.113,0.1179,0.1225,0.1246,0.1435,0.1445,0.147,0.1514,0.1643,0.1481
Timor-Leste,Manure applied to Soils,Emissions (CO2eq) from N2O (AR5),kilotonnes,24.696,29.5599,29.0701,27.524,26.2993,27.1307,27.7091,28.4907,29.2816,29.998,28.8739,29.9507,31.2328,32.4669,33.006,38.0241,38.2817,38.9675,40.1208,43.5383,39.2452
Timor-Leste,Manure applied to Soils,Emissions (CO2eq) (AR5),kilotonnes,24.696,29.5599,29.0701,27.524,26.2993,27.1307,27.7091,28.4907,29.2816,29.998,28.8739,29.9507,31.2328,32.4669,33.006,38.0241,38.2817,38.9675,40.1208,43.5383,39.2452
Timor-Leste,Drained organic soils,Emissions (CO2eq) (AR5),kilotonnes,0,0,0,0,0,0,0,0,0,0,0,0,0,0,0,0,0,0,0,0,0
Timor-Leste,Drained organic soils (CO2),Emissions (CO2),kilotonnes,0,0,0,0,0,0,0,0,0,0,0,0,0,0,0,0,0,0,0,0,0
Timor-Leste,Drained organic soils (CO2),Emissions (CO2eq) (AR5),kilotonnes,0,0,0,0,0,0,0,0,0,0,0,0,0,0,0,0,0,0,0,0,0
Timor-Leste,Drained organic soils (N2O),Emissions (N2O),kilotonnes,0,0,0,0,0,0,0,0,0,0,0,0,0,0,0,0,0,0,0,0,0
Timor-Leste,Drained organic soils (N2O),Emissions (CO2eq) from N2O (AR5),kilotonnes,0,0,0,0,0,0,0,0,0,0,0,0,0,0,0,0,0,0,0,0,0
Timor-Leste,Drained organic soils (N2O),Emissions (CO2eq) (AR5),kilotonnes,0,0,0,0,0,0,0,0,0,0,0,0,0,0,0,0,0,0,0,0,0
Timor-Leste,On-farm energy use,Emissions (CH4),kilotonnes,,,0.027,0.0251,0.0277,0.026,0.0275,0.024,0.0249,0.0264,0.0275,0.0288,0.0477,0.0478,0.0579,0.0535,0.0342,0.0293,0.0292,0.0234,0.0234
Timor-Leste,On-farm energy use,Emissions (N2O),kilotonnes,,,0.0001,0.0001,0.0001,0.0001,0.0001,0.0001,0.0001,0.0001,0.0001,0.0001,0.0002,0.0002,0.0003,0.0003,0.0002,0.0001,0.0001,0.0001,0.0001
Timor-Leste,On-farm energy use,Emissions (CO2),kilotonnes,,,8.5232,7.9236,8.7398,8.1925,8.6614,7.5833,7.8484,8.3383,8.6613,9.0922,15.0519,15.0882,18.271,16.8614,10.7962,9.227,9.1926,7.3769,7.3769
Timor-Leste,On-farm energy use,Emissions (CO2eq) from CH4 (AR5),kilotonnes,,,0.7568,0.7036,0.7761,0.7274,0.7691,0.6734,0.6969,0.7404,0.7691,0.8073,1.3365,1.3398,1.6224,1.4972,0.9586,0.8193,0.8163,0.655,0.655
Timor-Leste,On-farm energy use,Emissions (CO2eq) from N2O (AR5),kilotonnes,,,0.0358,0.0333,0.0367,0.0344,0.0364,0.0319,0.033,0.035,0.0364,0.0382,0.0632,0.0634,0.0768,0.0709,0.0454,0.0388,0.0386,0.031,0.031
Timor-Leste,On-farm energy use,Emissions (CO2eq) (AR5),kilotonnes,,,9.3158,8.6604,9.5526,8.9543,9.4668,8.2885,8.5783,9.1137,9.4667,9.9377,16.4516,16.4914,19.9702,18.4294,11.8002,10.0851,10.0475,8.0629,8.0629
Timor-Leste,Forestland,Emissions (CO2),kilotonnes,0,0,0,0,0,0,0,0,0,0,0,0,0,0,0,0,0,0,0,0,0
Timor-Leste,Forestland,Emissions (CO2eq) (AR5),kilotonnes,0,0,0,0,0,0,0,0,0,0,0,0,0,0,0,0,0,0,0,0,0
Timor-Leste,Net Forest conversion,Emissions (CO2),kilotonnes,463.232,463.232,463.232,463.232,463.232,463.232,463.232,463.232,463.232,463.232,463.232,463.232,463.232,463.232,463.232,463.232,463.232,463.232,463.232,463.232,463.232
Timor-Leste,Net Forest conversion,Emissions (CO2eq) (AR5),kilotonnes,463.232,463.232,463.232,463.232,463.232,463.232,463.232,463.232,463.232,463.232,463.232,463.232,463.232,463.232,463.232,463.232,463.232,463.232,463.232,463.232,463.232
Timor-Leste,Savanna fires,Emissions (CH4),kilotonnes,0.0619,0.0829,0.3073,0.0641,0.2897,0.3015,0.3,0.1713,0.1988,0.147,0,0.0402,0.1514,0.0095,0.2597,0.0772,0.011,0.1101,0.0583,0.1362,0.0438
Timor-Leste,Savanna fires,Emissions (N2O),kilotonnes,0.0057,0.0076,0.0281,0.0059,0.0265,0.0275,0.0274,0.0156,0.0182,0.0134,0,0.0037,0.0138,0.0009,0.0237,0.0071,0.001,0.0101,0.0053,0.0124,0.004
Timor-Leste,Savanna fires,Emissions (CO2eq) from CH4 (AR5),kilotonnes,1.7335,2.3202,8.6037,1.7943,8.1124,8.4433,8.3992,4.7954,5.5676,4.1152,0,1.1261,4.2387,0.266,7.2715,2.1622,0.307,3.0831,1.6337,3.8143,1.2263
Timor-Leste,Savanna fires,Emissions (CO2eq) from N2O (AR5),kilotonnes,1.4978,2.005,7.4347,1.5505,7.0101,7.2961,7.258,4.1439,4.8111,3.5561,0,0.9731,3.6628,0.2298,6.2835,1.8684,0.2653,2.6642,1.4117,3.2961,1.0597
Timor-Leste,Savanna fires,Emissions (CO2eq) (AR5),kilotonnes,3.2313,4.3252,16.0384,3.3449,15.1225,15.7395,15.6573,8.9393,10.3788,7.6714,0,2.0992,7.9015,0.4958,13.555,4.0306,0.5723,5.7474,3.0454,7.1104,2.286
Timor-Leste,Fires in organic soils,Emissions (CH4),kilotonnes,0,0,0,0,0,0,0,0,0,0,0,0,0,0,0,0,0,0,0,0,0
Timor-Leste,Fires in organic soils,Emissions (CO2),kilotonnes,0,0,0,0,0,0,0,0,0,0,0,0,0,0,0,0,0,0,0,0,0
Timor-Leste,Fires in organic soils,Emissions (CO2eq) from CH4 (AR5),kilotonnes,0,0,0,0,0,0,0,0,0,0,0,0,0,0,0,0,0,0,0,0,0
Timor-Leste,Fires in organic soils,Emissions (CO2eq) (AR5),kilotonnes,0,0,0,0,0,0,0,0,0,0,0,0,0,0,0,0,0,0,0,0,0
Timor-Leste,Forest fires,Emissions (CH4),kilotonnes,0.015,0.0551,0.4223,0.0129,0.2073,0.1457,0.2518,0.05,0.1083,0.1363,0,0.0397,0.1448,0.0027,0.194,0.1309,0.0266,0.0424,0.1104,0.3332,0.2669
Timor-Leste,Forest fires,Emissions (N2O),kilotonnes,0.0004,0.005,0.0386,0.0012,0.0189,0.0133,0.023,0.0046,0.0099,0.0124,0,0.0036,0.0132,0.0002,0.0177,0.012,0.0024,0.0039,0.0101,0.0304,0.0244
Timor-Leste,Forest fires,Emissions (CO2eq) from CH4 (AR5),kilotonnes,0.4195,1.5437,11.8252,0.3622,5.8054,4.0791,7.0492,1.3998,3.0332,3.8168,0,1.1121,4.0536,0.0745,5.433,3.6659,0.7448,1.1866,3.0924,9.33,7.4738
Timor-Leste,Forest fires,Emissions (CO2eq) from N2O (AR5),kilotonnes,0.1169,1.3339,10.2185,0.313,5.0166,3.5248,6.0914,1.2096,2.6211,3.2982,0,0.961,3.5029,0.0644,4.6948,3.1678,0.6436,1.0253,2.6722,8.0623,6.4584
Timor-Leste,Forest fires,Emissions (CO2eq) (AR5),kilotonnes,0.5364,2.8776,22.0438,0.6752,10.822,7.6039,13.1407,2.6094,5.6543,7.115,0,2.0731,7.5565,0.1388,10.1278,6.8338,1.3884,2.2119,5.7646,17.3923,13.9322
Timor-Leste,Fires in humid tropical forests,Emissions (CH4),kilotonnes,0,0.0452,0.1968,0.008,0.133,0.1011,0.1303,0.0426,0.0984,0.1091,0,0.0372,0.0878,0.0027,0.1197,0.0665,0.0266,0.0399,0.0931,0.0532,0.0984
Timor-Leste,Fires in humid tropical forests,Emissions (N2O),kilotonnes,0,0.0041,0.018,0.0007,0.0121,0.0092,0.0119,0.0039,0.009,0.01,0,0.0034,0.008,0.0002,0.0109,0.0061,0.0024,0.0036,0.0085,0.0049,0.009
Timor-Leste,Fires in humid tropical forests,Emissions (CO2eq) from CH4 (AR5),kilotonnes,0,1.2661,5.5113,0.2234,3.7239,2.8301,3.6494,1.1916,2.7557,3.0536,0,1.0427,2.4578,0.0745,3.3515,1.8619,0.7448,1.1172,2.6067,1.4896,2.7557
Timor-Leste,Fires in humid tropical forests,Emissions (CO2eq) from N2O (AR5),kilotonnes,0,1.0941,4.7625,0.1931,3.2179,2.4456,3.1536,1.0297,2.3813,2.6387,0,0.901,2.1238,0.0644,2.8961,1.609,0.6436,0.9654,2.2525,1.2872,2.3813
Timor-Leste,Fires in humid tropical forests,Emissions (CO2eq) (AR5),kilotonnes,0,2.3602,10.2738,0.4165,6.9418,5.2757,6.803,2.2214,5.137,5.6923,0,1.9437,4.5816,0.1388,6.2476,3.4709,1.3884,2.0826,4.8592,2.7767,5.137
Timor-Leste,Waste - agri-food systems,Emissions (CH4),kilotonnes,1.5966,1.8685,2.0652,2.2071,2.3114,2.3926,2.4553,2.5089,2.5565,2.5991,2.6402,2.6808,2.7196,2.7533,2.768,2.8108,2.8463,2.8801,2.9148,2.9393,2.9602
Timor-Leste,Waste - agri-food systems,Emissions (N2O),kilotonnes,0.0152,0.0159,0.0171,0.0179,0.0176,0.0176,0.0186,0.019,0.0196,0.0199,0.0207,0.0214,0.0221,0.0224,0.0224,0.0235,0.0236,0.024,0.0245,0.0249,0.0252
Timor-Leste,Waste - agri-food systems,Emissions (CO2),kilotonnes,2.2796,2.31,2.308,2.3131,2.3007,2.3062,2.3041,2.3248,2.3453,2.3585,2.3809,2.4002,2.4126,2.4339,2.4381,2.4493,2.4533,2.4509,2.4486,2.4783,2.4697
Timor-Leste,Waste - agri-food systems,Emissions (CO2eq) from CH4 (AR5),kilotonnes,44.7044,52.3192,57.825,61.7986,64.7196,66.9916,68.7472,70.2505,71.5819,72.776,73.9257,75.0631,76.1476,77.092,77.5039,78.7036,79.6976,80.6429,81.6139,82.3005,82.8845
Timor-Leste,Waste - agri-food systems,Emissions (CO2eq) from N2O (AR5),kilotonnes,4.0307,4.2218,4.5252,4.7463,4.6771,4.6633,4.9209,5.0449,5.1896,5.2709,5.4891,5.6764,5.8473,5.9279,5.949,6.2304,6.2477,6.3725,6.4987,6.5933,6.6888
Timor-Leste,Waste - agri-food systems,Emissions (CO2eq) (AR5),kilotonnes,51.0146,58.851,64.6582,68.858,71.6974,73.9611,75.9722,77.6201,79.1169,80.4054,81.7957,83.1397,84.4075,85.4539,85.891,87.3834,88.3987,89.4663,90.5611,91.3721,92.0431
Timor-Leste,On-farm electricity use,Emissions (CH4),kilotonnes,,,0,0,0,0,0,0,0,0,0,0,0,0,0,0,0,0,0,0,0
Timor-Leste,On-farm electricity use,Emissions (N2O),kilotonnes,,,0,0,0,0,0,0,0,0,0,0,0,0,0,0,0,0,0,0,0
Timor-Leste,On-farm electricity use,Emissions (CO2),kilotonnes,,,0,0,0,0,0,0,0,0,0,0,0,0,0,0,0,0,0,0,0
Timor-Leste,On-farm electricity use,Emissions (CO2eq) from CH4 (AR5),kilotonnes,,,0,0,0,0,0,0,0,0,0,0,0,0,0,0,0,0,0,0,0
Timor-Leste,On-farm electricity use,Emissions (CO2eq) from N2O (AR5),kilotonnes,,,0,0,0,0,0,0,0,0,0,0,0,0,0,0,0,0,0,0,0
Timor-Leste,On-farm electricity use,Emissions (CO2eq) (AR5),kilotonnes,,,0,0,0,0,0,0,0,0,0,0,0,0,0,0,0,0,0,0,0
Timor-Leste,Food Processing,Emissions (CH4),kilotonnes,0,0,0,0,0.0006,0.001,0.0013,0.7618,0.7736,0.7725,0.449,0.8059,0.5872,0.5881,0.7139,1.0278,0.9035,0.89,0.9926,1.0869,1.139
Timor-Leste,Food Processing,Emissions (N2O),kilotonnes,0,0,0,0,0,0,0,0.0001,0.0001,0.0001,0.0001,0.0001,0.0001,0.0001,0.0001,0.0001,0.0001,0.0001,0.0001,0.0001,0.0001
Timor-Leste,Food Processing,Emissions (CO2),kilotonnes,3.215,2.0616,1.7063,1.5592,4.8477,2.7975,2.382,7.7122,7.5095,8.0991,5.2973,8.2231,14.8951,18.0196,17.1303,14.6695,14.5232,14.0336,11.41,13.6297,14.1444
Timor-Leste,Food Processing,Emissions (CO2eq) from CH4 (AR5),kilotonnes,0,0,0,0,0.0168,0.028,0.0364,21.3304,21.6608,21.63,12.572,22.5652,16.4416,16.4668,19.9892,28.7784,25.298,24.92,27.7928,30.4332,31.8923
Timor-Leste,Food Processing,Emissions (CO2eq) from N2O (AR5),kilotonnes,0,0,0,0,0,0,0,0.0265,0.0265,0.0265,0.0265,0.0265,0.0265,0.0265,0.0265,0.0265,0.0265,0.0265,0.0265,0.0265,0.0274
Timor-Leste,Food Processing,Emissions (CO2eq) (AR5),kilotonnes,3.215,2.0616,1.7063,1.5592,4.8645,2.8255,2.4184,29.0691,29.1968,29.7556,17.8958,30.8148,31.3632,34.5129,37.146,43.4744,39.8477,38.9801,39.2293,44.0894,46.0642
Timor-Leste,Food Packaging,Emissions (CH4),kilotonnes,0.0002,0.0002,0.0002,0.0002,0.0056,0.0114,0.0197,0.0376,0.0327,0.042,0.0376,0.0341,0.0404,0.0412,0.0488,0.0652,0.055,0.0515,0.0549,0.0566,0.0593
Timor-Leste,Food Packaging,Emissions (N2O),kilotonnes,0,0,0,0,0,0,0,0,0,0,0,0,0,0,0,0,0,0,0,0,0
Timor-Leste,Food Packaging,Emissions (CO2),kilotonnes,0.3739,0.2625,0.244,0.2292,0.4072,0.312,0.2919,0.3324,0.2546,0.3181,0.4264,0.6838,0.956,1.0845,0.9882,0.8275,1.0569,1.5853,1.4904,1.1286,1.1712
Timor-Leste,Food Packaging,Emissions (CO2eq) from CH4 (AR5),kilotonnes,0.0056,0.0056,0.0056,0.0056,0.1568,0.3192,0.5516,1.0528,0.9156,1.176,1.0528,0.9548,1.1312,1.1536,1.3664,1.8256,1.54,1.442,1.5372,1.5848,1.6608
Timor-Leste,Food Packaging,Emissions (CO2eq) from N2O (AR5),kilotonnes,0,0,0,0,0,0,0,0,0,0,0,0,0,0,0,0,0,0,0,0,0
Timor-Leste,Food Packaging,Emissions (CO2eq) (AR5),kilotonnes,0.3795,0.2681,0.2496,0.2348,0.564,0.6312,0.8435,1.3852,1.1702,1.4941,1.4792,1.6386,2.0872,2.2381,2.3546,2.6531,2.5969,3.0273,3.0276,2.7134,2.832
Timor-Leste,Food Retail,Emissions (CH4),kilotonnes,0.0028,0.0027,0.0026,0.0026,0.0027,0.0029,0.003,0.0043,0.005,0.0064,0.0067,0.0056,0.0054,0.008,0.0086,0.0095,0.0112,0.0121,0.0096,0.0115,0.0121
Timor-Leste,Food Retail,Emissions (N2O),kilotonnes,0,0,0,0,0,0,0,0,0,0,0,0,0,0,0,0.0001,0.0001,0.0001,0.0001,0.0001,0.0001
Timor-Leste,Food Retail,Emissions (CO2),kilotonnes,1.9671,1.4131,1.347,1.3249,1.4132,1.4888,1.5259,2.1654,2.5275,3.0688,3.5374,2.8116,2.6888,4.025,4.3368,4.7792,5.6494,6.1063,4.8178,5.8007,6.0197
Timor-Leste,Food Retail,Emissions (CO2eq) from CH4 (AR5),kilotonnes,0.078,0.0752,0.0728,0.0728,0.0756,0.0812,0.084,0.1204,0.14,0.1792,0.1876,0.1568,0.1512,0.224,0.2408,0.266,0.3136,0.3388,0.2688,0.322,0.3374
Timor-Leste,Food Retail,Emissions (CO2eq) from N2O (AR5),kilotonnes,0,0,0,0,0,0,0,0,0,0,0,0,0,0,0,0.0265,0.0265,0.0265,0.0265,0.0265,0.0274
Timor-Leste,Food Retail,Emissions (CO2eq) (AR5),kilotonnes,2.0452,1.4883,1.4198,1.3977,1.4888,1.57,1.6099,2.2858,2.6675,3.248,3.725,2.9684,2.84,4.249,4.5776,5.0717,5.9895,6.4716,5.1131,6.1492,6.3846
Timor-Leste,Food Household Consumption,Emissions (CH4),kilotonnes,0,0,0.0011,0.0011,0.0011,0.0011,0.0012,0.0018,0.0026,0.006,0.0085,0.0103,0.0083,0.011,0.0173,0.0233,0.0315,0.0351,0.0346,0.0368,0.0386
Timor-Leste,Food Household Consumption,Emissions (N2O),kilotonnes,0,0,0,0,0,0,0,0,0,0,0,0.0001,0,0.0001,0.0001,0.0001,0.0002,0.0002,0.0002,0.0002,0.0002
Timor-Leste,Food Household Consumption,Emissions (CO2),kilotonnes,0,0,0.5743,0.5649,0.5708,0.5713,0.6273,0.8923,1.2886,2.8644,4.5004,5.1462,4.0944,5.5519,8.6966,11.7161,15.8765,17.6576,17.4443,18.554,19.2546
Timor-Leste,Food Household Consumption,Emissions (CO2eq) from CH4 (AR5),kilotonnes,0,0,0.0308,0.0308,0.0308,0.0308,0.0336,0.0504,0.0728,0.168,0.238,0.2884,0.2324,0.308,0.4844,0.6524,0.882,0.9828,0.9688,1.0304,1.0798
Timor-Leste,Food Household Consumption,Emissions (CO2eq) from N2O (AR5),kilotonnes,0,0,0,0,0,0,0,0,0,0,0,0.0265,0,0.0265,0.0265,0.0265,0.053,0.053,0.053,0.053,0.0549
Timor-Leste,Food Household Consumption,Emissions (CO2eq) (AR5),kilotonnes,0,0,0.6051,0.5957,0.6016,0.6021,0.6609,0.9427,1.3614,3.0324,4.7384,5.4611,4.3268,5.8864,9.2075,12.395,16.8115,18.6934,18.4661,19.6374,20.3893
Timor-Leste,Food Transport,Emissions (CH4),kilotonnes,0.001,0.0011,0.001,0.0011,0.0011,0.0012,0.0012,0.0012,0.002,0.0026,0.0031,0.0045,0.0045,0.006,0.006,0.0064,0.0053,0.0066,0.0067,0.0056,0.0059
Timor-Leste,Food Transport,Emissions (N2O),kilotonnes,0.0001,0.0001,0.0001,0.0001,0.0001,0.0001,0.0001,0.0001,0.0001,0.0002,0.0002,0.0003,0.0003,0.0004,0.0004,0.0005,0.0004,0.0005,0.0005,0.0004,0.0004
Timor-Leste,Food Transport,Emissions (CO2),kilotonnes,4.0395,3.8484,3.6508,3.7925,4.0331,4.3532,4.5953,3.7336,5.9353,7.875,9.87,15.8882,17.5475,23.403,25.1095,27.1925,23.9065,29.681,30.4885,23.4955,24.3827
Timor-Leste,Food Transport,Emissions (CO2eq) from CH4 (AR5),kilotonnes,0.028,0.0308,0.028,0.0308,0.0308,0.0336,0.0336,0.0336,0.056,0.0728,0.0868,0.126,0.126,0.168,0.168,0.1792,0.1484,0.1848,0.1876,0.1568,0.1643
Timor-Leste,Food Transport,Emissions (CO2eq) from N2O (AR5),kilotonnes,0.0265,0.0265,0.0265,0.0265,0.0265,0.0265,0.0265,0.0265,0.0265,0.053,0.053,0.0795,0.0795,0.106,0.106,0.1325,0.106,0.1325,0.1325,0.106,0.1098
Timor-Leste,Food Transport,Emissions (CO2eq) (AR5),kilotonnes,4.094,3.9057,3.7053,3.8498,4.0904,4.4133,4.6554,3.7937,6.0178,8.0008,10.0098,16.0937,17.753,23.677,25.3835,27.5042,24.1609,29.9983,30.8086,23.7583,24.6568
Timor-Leste,Energy,Emissions (CH4),kilotonnes,0.478,0.461,0.446,0.43,15.7,32.1,52.2,104,104,115,100,110,100,100,110,149,122,114,119,146,153
Timor-Leste,Energy,Emissions (N2O),kilotonnes,0.0114,0.0098,0.0092,0.0088,0.0122,0.0098,0.0109,0.0106,0.0108,0.0111,0.0106,0.0143,0.0172,0.0207,0.0177,0.0172,0.0158,0.018,0.0178,0.0196,0.0203
Timor-Leste,Energy,Emissions (CO2),kilotonnes,387,278,265,260,516,344,340,310,307,342,325,359,618,736,720,680,642,651,578,715,742
Timor-Leste,Energy,Emissions (CO2eq) from CH4 (AR5),kilotonnes,13.384,12.908,12.488,12.04,439.6,898.8,1461.6,2912,2912,3220,2800,3080,2800,2800,3080,4172,3416,3192,3332,4088,4284
Timor-Leste,Energy,Emissions (CO2eq) from N2O (AR5),kilotonnes,3.021,2.5943,2.4301,2.3426,3.233,2.589,2.8885,2.809,2.862,2.9415,2.809,3.7895,4.558,5.4855,4.6905,4.558,4.187,4.77,4.717,5.194,5.3795
Timor-Leste,Energy,Emissions (CO2eq) (AR5),kilotonnes,403.405,293.5023,279.918,274.3826,958.833,1245.3891,1804.4885,3224.809,3221.862,3564.9415,3127.809,3442.7895,3422.558,3541.4855,3804.6905,4856.558,4062.187,3847.77,3914.717,4808.194,5031.3795
Timor-Leste,IPPU,Emissions (N2O),kilotonnes,0,0,0,0,0,0,0,0,0,0,0,0,0,0,0,0,0,0,0,0,0
Timor-Leste,IPPU,Emissions (CO2),kilotonnes,2.1,2.09,2.14,2.28,2.52,2.64,2.81,2.95,3.09,3.12,3.13,3.18,3.28,3.44,3.53,3.65,3.84,4.25,4.45,4.27,4.39
Timor-Leste,IPPU,Emissions (CO2eq) from N2O (AR5),kilotonnes,0.0018,0.0019,0.002,0.002,0.0021,0.0022,0.0022,0.0023,0.0023,0.0023,0.0024,0.0024,0.0025,0.0025,0.0026,0.0026,0.0027,0.0028,0.0028,0.0028,0.0029
Timor-Leste,IPPU,Emissions (CO2eq) (AR5),kilotonnes,2.1018,2.0919,2.142,2.282,2.5221,2.6422,2.8122,2.9523,3.0923,3.1223,3.1324,3.1824,3.2825,3.4425,3.5326,3.6526,3.8427,4.2528,4.4528,4.2728,4.3929
Timor-Leste,Waste,Emissions (CH4),kilotonnes,4.65,4.79,4.96,5.16,5.47,5.72,5.96,6.1,6.23,6.32,6.43,6.62,6.8,6.94,7.02,7.27,7.46,7.59,7.77,7.89,8.04
Timor-Leste,Waste,Emissions (N2O),kilotonnes,0.0287,0.0293,0.0304,0.0328,0.0342,0.0348,0.0351,0.0359,0.0368,0.0373,0.0384,0.0396,0.0412,0.0425,0.0437,0.045,0.046,0.047,0.0475,0.0486,0.0497
Timor-Leste,Waste,Emissions (CO2),kilotonnes,0.0795,0.0808,0.0836,0.0892,0.0948,0.1,0.103,0.109,0.113,0.117,0.121,0.127,0.131,0.131,0.131,0.131,0.131,0.135,0.139,0.145,0.148
Timor-Leste,Waste,Emissions (CO2eq) from CH4 (AR5),kilotonnes,130.2,134.12,138.88,144.48,153.16,160.16,166.88,170.8,174.44,176.96,180.04,185.36,190.4,194.32,196.56,203.56,208.88,212.52,217.56,220.92,225.12
Timor-Leste,Waste,Emissions (CO2eq) from N2O (AR5),kilotonnes,7.6055,7.7645,8.056,8.692,9.063,9.222,9.3015,9.5135,9.752,9.8845,10.176,10.494,10.918,11.2625,11.5805,11.925,12.19,12.455,12.5875,12.879,13.1705
Timor-Leste,Waste,Emissions (CO2eq) (AR5),kilotonnes,137.885,141.9653,147.0196,153.2612,162.3178,169.482,176.2845,180.4225,184.305,186.9615,190.337,195.981,201.449,205.7135,208.2715,215.616,221.201,225.11,230.2865,233.944,238.4385
Timor-Leste,Other,Emissions (N2O),kilotonnes,0.0097,0.01,0.0102,0.0104,0.0114,0.0111,0.0115,0.0114,0.012,0.0126,0.013,0.0148,0.0164,0.0223,0.0244,0.0247,0.023,0.0278,0.0283,0.0288,0.0302
Timor-Leste,Other,Emissions (CO2eq) from N2O (AR5),kilotonnes,2.5785,2.6474,2.703,2.756,3.021,2.9415,3.0475,3.021,3.18,3.339,3.445,3.922,4.346,5.9095,6.466,6.5455,6.095,7.367,7.4995,7.632,8.003
Timor-Leste,Other,Emissions (CO2eq) (AR5),kilotonnes,2.5785,2.6474,2.703,2.756,3.021,2.9415,3.0475,3.021,3.18,3.339,3.445,3.922,4.346,5.9095,6.466,6.5455,6.095,7.367,7.4995,7.632,8.003
Timor-Leste,Farm-gate emissions,Emissions (CH4),kilotonnes,18.4432,24.8114,24.9145,25.4004,20.9967,24.832,26.1035,25.4432,26.9641,26.0291,25.1057,25.4401,27.4904,25.4253,25.952,28.1228,27.4555,28.2532,28.2534,31.5917,27.9879
Timor-Leste,Farm-gate emissions,Direct emissions (N2O),kilotonnes,0.2913,0.3417,0.3443,0.3334,0.3159,0.3409,0.3516,0.3515,0.3661,0.3787,0.3756,0.3705,0.389,0.3972,0.3998,0.448,0.4411,0.4462,0.4556,0.49,0.4441
Timor-Leste,Farm-gate emissions,Indirect emissions (N2O),kilotonnes,0.0859,0.0999,0.1015,0.0992,0.0957,0.1037,0.1065,0.1071,0.111,0.1144,0.1127,0.1123,0.1175,0.1204,0.1214,0.1324,0.1307,0.1322,0.1344,0.1433,0.1315
Timor-Leste,Farm-gate emissions,Emissions (N2O),kilotonnes,0.5604,0.6641,0.6848,0.638,0.6259,0.6655,0.6845,0.6769,0.7031,0.7178,0.6962,0.6996,0.7422,0.7471,0.7753,0.8615,0.8487,0.8691,0.8851,0.9612,0.8592
Timor-Leste,Farm-gate emissions,Emissions (CO2),kilotonnes,0,0,8.5232,7.9236,8.7398,8.1925,8.6614,7.5833,7.8484,8.3383,8.6613,9.0922,15.0519,15.0882,18.271,16.8614,10.7962,9.227,9.1926,7.3769,7.3769
Timor-Leste,Farm-gate emissions,Emissions (CO2eq) from CH4 (AR5),kilotonnes,516.4099,694.7202,697.6059,711.2125,587.9065,695.2971,730.8967,712.4104,754.9941,728.8136,702.9598,712.324,769.7317,711.9095,726.6548,787.4378,768.7537,791.0883,791.0945,884.5681,783.6603
Timor-Leste,Farm-gate emissions,Emissions (CO2eq) from N2O (AR5),kilotonnes,148.5072,175.9758,181.4662,169.058,165.8551,176.3582,181.3957,179.3709,186.3246,190.2072,184.4933,185.3821,196.69,197.9833,205.4567,228.2905,224.9168,230.3172,234.542,254.7195,227.689
Timor-Leste,Farm-gate emissions,Emissions (CO2eq) (AR5),kilotonnes,664.9171,870.696,887.5953,888.1941,762.5014,879.8478,920.9538,899.3646,949.1671,927.3592,896.1143,906.7983,981.4735,924.981,950.3825,1032.5897,1004.4667,1030.6326,1034.8291,1146.6645,1018.7262
Timor-Leste,Land Use change,Emissions (CH4),kilotonnes,0,0.0452,0.1968,0.008,0.133,0.1011,0.1303,0.0426,0.0984,0.1091,0,0.0372,0.0878,0.0027,0.1197,0.0665,0.0266,0.0399,0.0931,0.0532,0.0984
Timor-Leste,Land Use change,Emissions (N2O),kilotonnes,0,0.0041,0.018,0.0007,0.0121,0.0092,0.0119,0.0039,0.009,0.01,0,0.0034,0.008,0.0002,0.0109,0.0061,0.0024,0.0036,0.0085,0.0049,0.009
Timor-Leste,Land Use change,Emissions (CO2),kilotonnes,463.232,463.232,463.232,463.232,463.232,463.232,463.232,463.232,463.232,463.232,463.232,463.232,463.232,463.232,463.232,463.232,463.232,463.232,463.232,463.232,463.232
Timor-Leste,Land Use change,Emissions (CO2eq) from CH4 (AR5),kilotonnes,0,1.2661,5.5113,0.2234,3.7239,2.8301,3.6494,1.1916,2.7557,3.0536,0,1.0427,2.4578,0.0745,3.3515,1.8619,0.7448,1.1172,2.6067,1.4896,2.7557
Timor-Leste,Land Use change,Emissions (CO2eq) from N2O (AR5),kilotonnes,0,1.0941,4.7625,0.1931,3.2179,2.4456,3.1536,1.0297,2.3813,2.6387,0,0.901,2.1238,0.0644,2.8961,1.609,0.6436,0.9654,2.2525,1.2872,2.3813
Timor-Leste,Land Use change,Emissions (CO2eq) (AR5),kilotonnes,463.232,465.5922,473.5058,463.6485,470.1738,468.5077,470.035,465.4534,468.369,468.9243,463.232,465.1757,467.8136,463.3708,469.4796,466.7029,464.6204,465.3146,468.0912,466.0087,468.369
Timor-Leste,Emissions on agricultural land,Emissions (CH4),kilotonnes,18.4432,24.8567,25.1113,25.4084,21.1297,24.9331,26.2338,25.4858,27.0625,26.1381,25.1057,25.4774,27.5782,25.428,26.0717,28.1893,27.4821,28.2931,28.3465,31.6449,28.0863
Timor-Leste,Emissions on agricultural land,Emissions (N2O),kilotonnes,0.5604,0.6682,0.7027,0.6387,0.638,0.6747,0.6964,0.6808,0.7121,0.7277,0.6962,0.703,0.7502,0.7473,0.7862,0.8675,0.8512,0.8728,0.8936,0.9661,0.8682
Timor-Leste,Emissions on agricultural land,Emissions (CO2),kilotonnes,463.232,463.232,471.7552,471.1556,471.9718,471.4245,471.8934,470.8153,471.0804,471.5703,471.8933,472.3242,478.2839,478.3202,481.503,480.0934,474.0282,472.459,472.4246,470.6089,470.6089
Timor-Leste,Emissions on agricultural land,Emissions (CO2eq) from CH4 (AR5),kilotonnes,516.4099,695.9863,703.1172,711.4359,591.6304,698.1272,734.5461,713.6021,757.7498,731.8672,702.9598,713.3667,772.1894,711.9839,730.0063,789.2997,769.4985,792.2055,793.7012,886.0576,786.416
Timor-Leste,Emissions on agricultural land,Emissions (CO2eq) from N2O (AR5),kilotonnes,148.5072,177.0699,186.2287,169.2511,169.073,178.8038,184.5493,180.4006,188.7059,192.8459,184.4933,186.2831,198.8138,198.0476,208.3528,229.8995,225.5604,231.2826,236.7945,256.0067,230.0703
Timor-Leste,Emissions on agricultural land,Emissions (CO2eq) (AR5),kilotonnes,1128.1491,1336.2883,1361.1011,1351.8426,1232.6752,1348.3555,1390.9888,1364.8179,1417.5361,1396.2834,1359.3463,1371.974,1449.2871,1388.3518,1419.8621,1499.2926,1469.0871,1495.9471,1502.9203,1612.6732,1487.0952
Timor-Leste,Pre- and post- production,Emissions (CH4),kilotonnes,1.6006,1.8725,2.0701,2.2121,2.3225,2.4102,2.4817,3.3156,3.3724,3.4286,3.1451,3.5412,3.3654,3.4076,3.5626,3.943,3.8528,3.8754,4.0132,4.1367,4.215
Timor-Leste,Pre- and post- production,Emissions (N2O),kilotonnes,0.0153,0.016,0.0172,0.018,0.0177,0.0177,0.0187,0.0192,0.0198,0.0202,0.021,0.0219,0.0225,0.023,0.023,0.0243,0.0244,0.0249,0.0254,0.0257,0.0261
Timor-Leste,Pre- and post- production,Emissions (CO2),kilotonnes,11.8751,9.8955,9.8304,9.7838,13.5727,11.829,11.7265,17.1607,19.8608,24.5839,26.0124,35.1531,42.5944,54.5179,58.6995,61.6341,63.4658,71.5147,68.0996,65.0868,67.4425
Timor-Leste,Pre- and post- production,Emissions (CO2eq) from CH4 (AR5),kilotonnes,44.816,52.4309,57.9622,61.9386,65.0304,67.4844,69.4864,92.8381,94.4271,96.002,88.0629,99.1543,94.23,95.4124,99.7527,110.4052,107.8796,108.5113,112.3691,115.8277,118.0192
Timor-Leste,Pre- and post- production,Emissions (CO2eq) from N2O (AR5),kilotonnes,4.0572,4.2483,4.5517,4.7728,4.7036,4.6898,4.9474,5.0979,5.2426,5.3504,5.5686,5.8089,5.9533,6.0869,6.108,6.4424,6.4597,6.611,6.7372,6.8053,6.9084
Timor-Leste,Pre- and post- production,Emissions (CO2eq) (AR5),kilotonnes,60.7483,66.5747,72.3443,76.4952,83.3067,84.0032,86.1603,115.0966,119.5306,125.9363,119.6439,140.1163,142.7777,156.0173,164.5602,178.4818,177.8052,186.637,187.2058,187.7198,192.37
Timor-Leste,Agri-food systems,Emissions (CH4),kilotonnes,20.0438,26.7292,27.1814,27.6205,23.4522,27.3433,28.7154,28.8014,30.4349,29.5668,28.2508,29.0186,30.9436,28.8356,29.6342,32.1323,31.3349,32.1685,32.3597,35.7816,32.3013
Timor-Leste,Agri-food systems,Emissions (N2O),kilotonnes,0.5757,0.6842,0.7199,0.6567,0.6558,0.6924,0.7151,0.7,0.7319,0.7479,0.7172,0.7249,0.7727,0.7703,0.8093,0.8919,0.8755,0.8977,0.919,0.9917,0.8943
Timor-Leste,Agri-food systems,Emissions (CO2),kilotonnes,475.1071,473.1275,481.5856,480.9393,485.5446,483.2535,483.6198,487.976,490.9413,496.1542,497.9056,507.4773,520.8783,532.8382,540.2026,541.7275,537.494,543.9737,540.5242,535.6957,538.0514
Timor-Leste,Agri-food systems,Emissions (CO2eq) from CH4 (AR5),kilotonnes,561.2259,748.4172,761.0794,773.3746,656.6608,765.6116,804.0325,806.4401,852.1769,827.8692,791.0227,812.521,866.4194,807.3964,829.7589,899.7049,877.3781,900.7168,906.0703,1001.8854,904.4352
Timor-Leste,Agri-food systems,Emissions (CO2eq) from N2O (AR5),kilotonnes,152.5644,181.3182,190.7804,174.0239,173.7766,183.4936,189.4967,185.4985,193.9485,198.1963,190.0619,192.092,204.767,204.1345,214.4608,236.3419,232.0201,237.8937,243.5317,262.812,236.9787
Timor-Leste,Agri-food systems,Emissions (CO2eq) (AR5),kilotonnes,1188.8974,1402.863,1433.4454,1428.3378,1315.9819,1432.3587,1477.1491,1479.9146,1537.0667,1522.2197,1478.9902,1512.0903,1592.0647,1544.369,1584.4223,1677.7744,1646.8922,1682.5842,1690.1261,1800.393,1679.4652
Timor-Leste,IPCC Agriculture,Emissions (CH4),kilotonnes,18.4432,24.8114,24.8875,25.3753,20.9689,24.8061,26.076,25.4192,26.9392,26.0026,25.0782,25.4113,27.4427,25.3775,25.894,28.0693,27.4213,28.2239,28.2242,31.5683,27.9645
Timor-Leste,IPCC Agriculture,Emissions (CH4),kilotonnes,,,,,,,,,,,24.5881,,,,,,,,,,
Timor-Leste,IPCC Agriculture,Direct emissions (N2O),kilotonnes,0.2913,0.3417,0.3443,0.3334,0.3159,0.3409,0.3516,0.3515,0.3661,0.3787,0.3756,0.3705,0.389,0.3972,0.3998,0.448,0.4411,0.4462,0.4556,0.49,0.4441
Timor-Leste,IPCC Agriculture,Indirect emissions (N2O),kilotonnes,0.0859,0.0999,0.1015,0.0992,0.0957,0.1037,0.1065,0.1071,0.111,0.1144,0.1127,0.1123,0.1175,0.1204,0.1214,0.1324,0.1307,0.1322,0.1344,0.1433,0.1315
Timor-Leste,IPCC Agriculture,Emissions (N2O),kilotonnes,0.5604,0.6641,0.6846,0.6378,0.6257,0.6654,0.6844,0.6768,0.703,0.7176,0.6961,0.6994,0.742,0.7469,0.775,0.8612,0.8486,0.869,0.8849,0.9611,0.8591
Timor-Leste,IPCC Agriculture,Emissions (N2O),kilotonnes,,,,,,,,,,,1.4513,,,,,,,,,,
Timor-Leste,IPCC Agriculture,Emissions (CO2eq) from CH4 (AR5),kilotonnes,516.4099,694.7202,696.849,710.5089,587.1305,694.5697,730.1276,711.7371,754.2972,728.0732,702.1907,711.5167,768.3951,710.5697,725.0324,785.9406,767.795,790.269,790.2783,883.913,783.0053
Timor-Leste,IPCC Agriculture,Emissions (CO2eq) from CH4 (AR5),kilotonnes,,,,,,,,,,,688.4668,,,,,,,,,,
Timor-Leste,IPCC Agriculture,Emissions (CO2eq) from N2O (AR5),kilotonnes,148.5072,175.9758,181.4304,169.0248,165.8184,176.3238,181.3593,179.339,186.2916,190.1722,184.4569,185.3439,196.6267,197.9199,205.3799,228.2197,224.8715,230.2785,234.5034,254.6885,227.658
Timor-Leste,IPCC Agriculture,Emissions (CO2eq) from N2O (AR5),kilotonnes,,,,,,,,,,,384.5945,,,,,,,,,,
Timor-Leste,IPCC Agriculture,Emissions (CO2eq) (AR5),kilotonnes,664.9171,870.696,878.2795,879.5337,752.9488,870.8934,911.4869,891.076,940.5888,918.2454,886.6476,896.8606,965.0219,908.4896,930.4123,1014.1603,992.6665,1020.5475,1024.7816,1138.6016,1010.6633
Timor-Leste,IPCC Agriculture,Emissions (CO2eq) (AR5),kilotonnes,,,,,,,,,,,1073.0613,,,,,,,,,,
Timor-Leste,Agricultural Soils,Direct emissions (N2O),kilotonnes,0.2913,0.3417,0.3443,0.3334,0.3159,0.3409,0.3516,0.3515,0.3661,0.3787,0.3756,0.3705,0.389,0.3972,0.3998,0.448,0.4411,0.4462,0.4556,0.49,0.4441
Timor-Leste,Agricultural Soils,Indirect emissions (N2O),kilotonnes,0.0859,0.0999,0.1015,0.0992,0.0957,0.1037,0.1065,0.1071,0.111,0.1144,0.1127,0.1123,0.1175,0.1204,0.1214,0.1324,0.1307,0.1322,0.1344,0.1433,0.1315
Timor-Leste,Agricultural Soils,Emissions (N2O),kilotonnes,0.3771,0.4416,0.4458,0.4326,0.4116,0.4446,0.458,0.4586,0.4771,0.4931,0.4883,0.4828,0.5066,0.5176,0.5211,0.5805,0.5718,0.5784,0.59,0.6334,0.5756
Timor-Leste,Agricultural Soils,Emissions (N2O),kilotonnes,,,,,,,,,,,0.8071,,,,,,,,,,
Timor-Leste,Agricultural Soils,Emissions (CO2eq) from N2O (AR5),kilotonnes,99.9344,117.0362,118.1409,114.6406,109.0701,117.8268,121.3772,121.5354,126.432,130.662,129.398,127.9424,134.2382,137.1674,138.1036,153.8209,151.5212,153.2659,156.346,167.8432,152.5278
Timor-Leste,Agricultural Soils,Emissions (CO2eq) from N2O (AR5),kilotonnes,,,,,,,,,,,213.8815,,,,,,,,,,
Timor-Leste,Agricultural Soils,Emissions (CO2eq) (AR5),kilotonnes,99.9344,117.0362,118.1409,114.6406,109.0701,117.8268,121.3772,121.5354,126.432,130.662,129.398,127.9424,134.2382,137.1674,138.1036,153.8209,151.5212,153.2659,156.346,167.8432,152.5278
Timor-Leste,Agricultural Soils,Emissions (CO2eq) (AR5),kilotonnes,,,,,,,,,,,213.8815,,,,,,,,,,
Timor-Leste,LULUCF,Emissions (CH4),kilotonnes,0.015,0.0551,0.4223,0.0129,0.2073,0.1457,0.2518,0.05,0.1083,0.1363,0,0.0397,0.1448,0.0027,0.194,0.1309,0.0266,0.0424,0.1104,0.3332,0.2669
Timor-Leste,LULUCF,Emissions (N2O),kilotonnes,0.0004,0.005,0.0386,0.0012,0.0189,0.0133,0.023,0.0046,0.0099,0.0124,0,0.0036,0.0132,0.0002,0.0177,0.012,0.0024,0.0039,0.0101,0.0304,0.0244
Timor-Leste,LULUCF,Emissions (CO2),kilotonnes,463.232,463.232,463.232,463.232,463.232,463.232,463.232,463.232,463.232,463.232,463.232,463.232,463.232,463.232,463.232,463.232,463.232,463.232,463.232,463.232,463.232
Timor-Leste,LULUCF,Emissions (CO2),kilotonnes,,,,,,,,,,,206.03,,,,,,,,,,
Timor-Leste,LULUCF,Emissions (CO2eq) from CH4 (AR5),kilotonnes,0.4195,1.5437,11.8252,0.3622,5.8054,4.0791,7.0492,1.3998,3.0332,3.8168,0,1.1121,4.0536,0.0745,5.433,3.6659,0.7448,1.1866,3.0924,9.33,7.4738
Timor-Leste,LULUCF,Emissions (CO2eq) from N2O (AR5),kilotonnes,0.1169,1.3339,10.2185,0.313,5.0166,3.5248,6.0914,1.2096,2.6211,3.2982,0,0.961,3.5029,0.0644,4.6948,3.1678,0.6436,1.0253,2.6722,8.0623,6.4584
Timor-Leste,LULUCF,Emissions (CO2eq) (AR5),kilotonnes,463.7684,466.1096,485.2758,463.9072,474.054,470.8359,476.3727,465.8414,468.8863,470.347,463.232,465.3051,470.7885,463.3708,473.3598,470.0658,464.6204,465.4439,468.9966,480.6243,477.1642
Timor-Leste,LULUCF,Emissions (CO2eq) (AR5),kilotonnes,,,,,,,,,,,206.03,,,,,,,,,,
Timor-Leste,AFOLU,Emissions (CH4),kilotonnes,18.4582,24.8666,25.3098,25.3883,21.1763,24.9517,26.3277,25.4692,27.0475,26.1389,25.0782,25.451,27.5875,25.3801,26.0881,28.2002,27.4479,28.2663,28.3347,31.9015,28.2314
Timor-Leste,AFOLU,Emissions (N2O),kilotonnes,0.5608,0.6691,0.7232,0.639,0.6447,0.6787,0.7074,0.6813,0.7129,0.7301,0.6961,0.703,0.7552,0.7471,0.7927,0.8732,0.851,0.8728,0.895,0.9915,0.8835
Timor-Leste,AFOLU,Emissions (CO2),kilotonnes,463.232,463.232,463.232,463.232,463.232,463.232,463.232,463.232,463.232,463.232,463.232,463.232,463.232,463.232,463.232,463.232,463.232,463.232,463.232,463.232,463.232
Timor-Leste,AFOLU,Emissions (CO2eq) from CH4 (AR5),kilotonnes,516.8294,696.2639,708.6743,710.8711,592.9358,698.6487,737.1768,713.1368,757.3304,731.89,702.1907,712.6288,772.4488,710.6442,730.4654,789.6065,768.5398,791.4555,793.3706,893.243,790.4791
Timor-Leste,AFOLU,Emissions (CO2eq) from N2O (AR5),kilotonnes,148.6241,177.3098,191.6489,169.3377,170.835,179.8486,187.4508,180.5486,188.9127,193.4704,184.4569,186.3049,200.1296,197.9842,210.0747,231.3875,225.5151,231.3038,237.1756,262.7508,234.1164
Timor-Leste,AFOLU,Emissions (CO2eq) (AR5),kilotonnes,1128.6855,1336.8056,1363.5552,1343.4409,1227.0028,1341.7294,1387.8596,1356.9174,1409.4751,1388.5925,1349.8796,1362.1656,1435.8103,1371.8604,1403.7721,1484.226,1457.2869,1485.9914,1493.7782,1619.2258,1487.8275
Timor-Leste,All sectors with LULUCF,Emissions (CH4),kilotonnes,23.5862,30.1176,30.7158,30.9783,42.3463,62.7717,84.4877,135.5692,137.2775,147.4589,131.5082,142.071,134.3875,132.3201,143.1081,184.4702,156.9079,149.8563,155.1047,185.7915,189.2714
Timor-Leste,All sectors with LULUCF,Emissions (N2O),kilotonnes,0.6107,0.7182,0.773,0.6911,0.7025,0.7344,0.7649,0.7392,0.7725,0.7911,0.7581,0.7717,0.83,0.8326,0.8785,0.9601,0.9358,0.9657,0.9886,1.0885,0.9837
Timor-Leste,All sectors with LULUCF,Emissions (CO2),kilotonnes,852.4115,743.4028,730.4556,725.6012,981.8468,809.972,806.145,776.291,773.435,808.469,791.483,825.539,1084.643,1202.803,1186.893,1147.013,1109.203,1118.617,1045.821,1182.647,1209.77
Timor-Leste,All sectors with LULUCF,Emissions (CO2eq) from CH4 (AR5),kilotonnes,660.4134,843.2919,860.0423,867.3911,1185.6958,1757.6087,2365.6568,3795.9368,3843.7704,4128.85,3682.2307,3977.9888,3762.8488,3704.9642,4007.0254,5165.1665,4393.4198,4195.9755,4342.9306,5202.163,5299.5991
Timor-Leste,All sectors with LULUCF,Emissions (CO2eq) from N2O (AR5),kilotonnes,161.8309,190.3178,204.84,183.1304,186.1541,194.6034,202.6905,195.8944,204.709,209.6377,200.8892,204.5128,219.954,220.6442,232.8143,254.4187,247.9897,255.8986,261.9824,288.4586,260.6722
Timor-Leste,All sectors with LULUCF,Emissions (CO2eq) (AR5),kilotonnes,1674.6558,1777.0125,1795.3378,1776.1227,2353.6967,2762.1841,3374.4923,4768.1222,4821.9144,5146.9568,4674.6029,5008.0405,5067.4458,5128.4114,5426.7327,6566.5982,5750.6126,5570.4911,5650.734,6673.2686,6770.0413
Timor-Leste,All sectors without LULUCF,Emissions (CH4),kilotonnes,23.5712,30.0624,30.2935,30.9653,42.1389,62.6261,84.236,135.5192,137.1692,147.3226,131.5082,142.0313,134.2427,132.3175,142.914,184.3393,156.8813,149.8139,154.9942,185.4583,189.0045
Timor-Leste,All sectors without LULUCF,Emissions (N2O),kilotonnes,0.6102,0.7131,0.7344,0.6899,0.6835,0.7211,0.7419,0.7347,0.7626,0.7786,0.7581,0.7681,0.8168,0.8324,0.8608,0.9481,0.9334,0.9618,0.9785,1.0581,0.9593
Timor-Leste,All sectors without LULUCF,Emissions (CO2),kilotonnes,389.1795,280.1708,267.2236,262.3692,518.6148,346.74,342.913,313.059,310.203,345.237,328.251,362.307,621.411,739.571,723.661,683.781,645.971,655.385,582.589,719.415,746.538
Timor-Leste,All sectors without LULUCF,Emissions (CO2eq) from CH4 (AR5),kilotonnes,659.9939,841.7482,848.217,867.0289,1179.8905,1753.5297,2358.6076,3794.5371,3840.7372,4125.0332,3682.2307,3976.8767,3758.7951,3704.8897,4001.5924,5161.5006,4392.675,4194.789,4339.8383,5192.833,5292.1253
Timor-Leste,All sectors without LULUCF,Emissions (CO2eq) from N2O (AR5),kilotonnes,161.714,188.9839,194.6214,182.8174,181.1375,191.0785,196.5991,194.6847,202.0879,206.3395,200.8892,203.5518,216.4512,220.5799,228.1195,251.2508,247.3461,254.8732,259.3102,280.3963,254.2139
Timor-Leste,All sectors without LULUCF,Emissions (CO2eq) (AR5),kilotonnes,1210.8874,1310.9029,1310.0621,1312.2155,1879.6427,2291.3482,2898.1197,4302.2808,4353.0281,4676.6097,4211.3709,4542.7355,4596.6573,4665.0406,4953.3729,6096.5324,5285.9922,5105.0472,5181.7374,6192.6444,6292.8771
Togo,Crop Residues,Direct emissions (N2O),kilotonnes,0.175,0.1847,0.1872,0.1828,0.1865,0.1978,0.2076,0.207,0.2184,0.2402,0.2429,0.2413,0.3133,0.3328,0.3334,0.3166,0.3253,0.3353,0.3442,0.3514,0.3505
Togo,Crop Residues,Indirect emissions (N2O),kilotonnes,0.0394,0.0416,0.0421,0.0411,0.042,0.0445,0.0467,0.0466,0.0491,0.0541,0.0546,0.0543,0.0705,0.0749,0.075,0.0712,0.0732,0.0754,0.0774,0.0791,0.0789
Togo,Crop Residues,Emissions (N2O),kilotonnes,0.2144,0.2262,0.2293,0.2239,0.2284,0.2423,0.2544,0.2535,0.2675,0.2943,0.2975,0.2956,0.3838,0.4077,0.4084,0.3878,0.3985,0.4107,0.4216,0.4305,0.4294
Togo,Crop Residues,Emissions (CO2eq) from N2O (AR5),kilotonnes,56.8072,59.9493,60.7694,59.3295,60.5273,64.2038,67.4047,67.1861,70.8819,77.9877,78.843,78.3448,101.7176,108.0339,108.2384,102.7801,105.5906,108.8461,111.7273,114.0736,113.7799
Togo,Crop Residues,Emissions (CO2eq) (AR5),kilotonnes,56.8072,59.9493,60.7694,59.3295,60.5273,64.2038,67.4047,67.1861,70.8819,77.9877,78.843,78.3448,101.7176,108.0339,108.2384,102.7801,105.5906,108.8461,111.7273,114.0736,113.7799
Togo,Rice Cultivation,Emissions (CH4),kilotonnes,0.363,0.3596,0.3586,0.3203,0.3615,0.3694,0.3441,0.3671,0.4087,0.5119,0.5309,0.5008,1.0778,1.0331,0.9396,0.9139,0.9286,0.9452,0.9722,1.0044,1.0201
Togo,Rice Cultivation,Emissions (CO2eq) from CH4 (AR5),kilotonnes,10.1647,10.0697,10.0405,8.9671,10.1218,10.3435,9.6347,10.2779,11.4439,14.3321,14.8656,14.022,30.178,28.9262,26.3085,25.5901,26.0018,26.4663,27.222,28.123,28.5617
Togo,Rice Cultivation,Emissions (CO2eq) (AR5),kilotonnes,10.1647,10.0697,10.0405,8.9671,10.1218,10.3435,9.6347,10.2779,11.4439,14.3321,14.8656,14.022,30.178,28.9262,26.3085,25.5901,26.0018,26.4663,27.222,28.123,28.5617
Togo,Burning - Crop residues,Emissions (CH4),kilotonnes,1.131,1.159,1.1361,1.1836,1.3427,1.2372,1.3157,1.3127,1.3906,1.469,1.5137,1.4775,2.0141,2.1601,2.0054,1.6653,1.9479,2.0003,2.0601,2.14,2.0631
Togo,Burning - Crop residues,Emissions (CH4),kilotonnes,1.71,,,,,2,,,,,,,,,,,,,,,
Togo,Burning - Crop residues,Emissions (N2O),kilotonnes,0.0293,0.03,0.0295,0.0307,0.0348,0.0321,0.0341,0.034,0.0361,0.0381,0.0392,0.0383,0.0522,0.056,0.052,0.0432,0.0505,0.0519,0.0534,0.0555,0.0535
Togo,Burning - Crop residues,Emissions (N2O),kilotonnes,0.05,,,,,0.05,,,,,,,,,,,,,,,
Togo,Burning - Crop residues,Emissions (CO2eq) from CH4 (AR5),kilotonnes,31.6673,32.4507,31.8096,33.1408,37.5959,34.6416,36.8385,36.7553,38.9365,41.1333,42.3847,41.37,56.3947,60.4815,56.1503,46.6276,54.5404,56.0074,57.6841,59.9203,57.7657
Togo,Burning - Crop residues,Emissions (CO2eq) from CH4 (AR5),kilotonnes,47.88,,,,,56,,,,,,,,,,,,,,,
Togo,Burning - Crop residues,Emissions (CO2eq) from N2O (AR5),kilotonnes,7.7702,7.9624,7.8051,8.1318,9.2249,8.5,9.0391,9.0187,9.5539,10.0929,10.3999,10.151,13.8376,14.8404,13.7776,11.441,13.3826,13.7426,14.154,14.7027,14.174
Togo,Burning - Crop residues,Emissions (CO2eq) from N2O (AR5),kilotonnes,13.25,,,,,13.25,,,,,,,,,,,,,,,
Togo,Burning - Crop residues,Emissions (CO2eq) (AR5),kilotonnes,39.4376,40.4131,39.6148,41.2726,46.8209,43.1417,45.8776,45.774,48.4904,51.2262,52.7846,51.521,70.2323,75.3218,69.9279,58.0686,67.923,69.75,71.8381,74.6229,71.9397
Togo,Burning - Crop residues,Emissions (CO2eq) (AR5),kilotonnes,61.13,,,,,69.25,,,,,,,,,,,,,,,
Togo,Enteric Fermentation,Emissions (CH4),kilotonnes,24.7379,25.124,25.8908,26.4863,26.5334,28.4386,29.1447,29.4861,29.7318,30.623,31.1895,31.4902,38.2056,39.9792,41.1252,41.5289,39.1752,42.074,43.6558,46.4215,49.0007
Togo,Enteric Fermentation,Emissions (CH4),kilotonnes,20.55,,,,,25,,,,,,,,,,,,,,,
Togo,Enteric Fermentation,Emissions (CO2eq) from CH4 (AR5),kilotonnes,692.6598,703.4709,724.941,741.6171,742.9345,796.2809,816.0513,825.6098,832.4896,857.4426,873.3049,881.7253,1069.7578,1119.4187,1151.5045,1162.8084,1096.9053,1178.0708,1222.3616,1299.8012,1372.0206
Togo,Enteric Fermentation,Emissions (CO2eq) from CH4 (AR5),kilotonnes,575.4,,,,,700,,,,,,,,,,,,,,,
Togo,Enteric Fermentation,Emissions (CO2eq) (AR5),kilotonnes,692.6598,703.4709,724.941,741.6171,742.9345,796.2809,816.0513,825.6098,832.4896,857.4426,873.3049,881.7253,1069.7578,1119.4187,1151.5045,1162.8084,1096.9053,1178.0708,1222.3616,1299.8012,1372.0206
Togo,Enteric Fermentation,Emissions (CO2eq) (AR5),kilotonnes,575.4,,,,,700,,,,,,,,,,,,,,,
Togo,Manure Management,Emissions (CH4),kilotonnes,1.4873,1.5351,1.5999,1.6619,1.6999,1.8217,1.896,1.9589,1.9564,2.0942,2.158,2.2015,2.5066,2.6727,2.8105,2.9539,2.9301,3.1523,3.2544,3.4245,3.5918
Togo,Manure Management,Emissions (CH4),kilotonnes,1.54,,,,,2,,,,,,,,,,,,,,,
Togo,Manure Management,Emissions (N2O),kilotonnes,0.1898,0.1987,0.2088,0.2193,0.2297,0.2413,0.2531,0.2658,0.2633,0.2717,0.2747,0.2773,0.3,0.3308,0.3708,0.4179,0.4575,0.4901,0.4973,0.5115,0.528
Togo,Manure Management,Emissions (N2O),kilotonnes,0.16,,,,,0.16,,,,,,,,,,,,,,,
Togo,Manure Management,Emissions (CO2eq) from CH4 (AR5),kilotonnes,41.6443,42.984,44.7979,46.5322,47.5983,51.0088,53.0884,54.8482,54.7791,58.6389,60.4245,61.6418,70.1861,74.8368,78.6947,82.7101,82.0437,88.2652,91.1219,95.8855,100.5696
Togo,Manure Management,Emissions (CO2eq) from CH4 (AR5),kilotonnes,43.12,,,,,56,,,,,,,,,,,,,,,
Togo,Manure Management,Emissions (CO2eq) from N2O (AR5),kilotonnes,50.306,52.6658,55.3401,58.1153,60.8635,63.9441,67.0704,70.4355,69.7662,71.9916,72.7926,73.4846,79.4992,87.6578,98.2655,110.7358,121.2316,129.8674,131.7855,135.5346,139.9329
Togo,Manure Management,Emissions (CO2eq) from N2O (AR5),kilotonnes,42.4,,,,,42.4,,,,,,,,,,,,,,,
Togo,Manure Management,Emissions (CO2eq) (AR5),kilotonnes,91.9503,95.6498,100.1379,104.6474,108.4618,114.9529,120.1589,125.2838,124.5452,130.6305,133.2171,135.1264,149.6853,162.4946,176.9602,193.4459,203.2753,218.1326,222.9074,231.4201,240.5026
Togo,Manure Management,Emissions (CO2eq) (AR5),kilotonnes,85.52,,,,,98.4,,,,,,,,,,,,,,,
Togo,Manure left on Pasture,Direct emissions (N2O),kilotonnes,1.0704,1.092,1.1277,1.1574,1.1643,1.2587,1.2967,1.3202,1.327,1.406,1.4461,1.4719,1.7578,1.8454,1.8961,1.9297,1.8292,1.9817,2.0627,2.1953,2.3089
Togo,Manure left on Pasture,Indirect emissions (N2O),kilotonnes,0.3606,0.3677,0.3797,0.3905,0.39,0.4254,0.4389,0.4464,0.4499,0.4732,0.4861,0.4939,0.5843,0.6149,0.6375,0.6474,0.6052,0.6645,0.6958,0.7478,0.7929
Togo,Manure left on Pasture,Emissions (N2O),kilotonnes,1.431,1.4597,1.5074,1.5478,1.5542,1.6841,1.7355,1.7666,1.7769,1.8791,1.9322,1.9658,2.342,2.4603,2.5335,2.5771,2.4344,2.6462,2.7586,2.9431,3.1019
Togo,Manure left on Pasture,Emissions (CO2eq) from N2O (AR5),kilotonnes,379.2106,386.812,399.4646,410.1771,411.8723,446.2903,459.9168,468.1453,470.8846,497.9661,512.0354,520.9327,620.6338,651.9715,671.3899,682.9294,645.1258,701.247,731.0223,779.9305,821.9912
Togo,Manure left on Pasture,Emissions (CO2eq) (AR5),kilotonnes,379.2106,386.812,399.4646,410.1771,411.8723,446.2903,459.9168,468.1453,470.8846,497.9661,512.0354,520.9327,620.6338,651.9715,671.3899,682.9294,645.1258,701.247,731.0223,779.9305,821.9912
Togo,Manure applied to Soils,Direct emissions (N2O),kilotonnes,0.117,0.1223,0.1284,0.1346,0.1405,0.1487,0.1559,0.1635,0.1621,0.1705,0.1739,0.1765,0.1912,0.209,0.2304,0.2563,0.275,0.2954,0.3012,0.3113,0.3216
Togo,Manure applied to Soils,Indirect emissions (N2O),kilotonnes,0.0497,0.052,0.0546,0.0572,0.0597,0.0632,0.0663,0.0695,0.0689,0.0725,0.0739,0.075,0.0812,0.0888,0.0979,0.1089,0.1169,0.1255,0.128,0.1323,0.1367
Togo,Manure applied to Soils,Emissions (N2O),kilotonnes,0.1667,0.1743,0.1829,0.1918,0.2003,0.2119,0.2222,0.233,0.231,0.243,0.2478,0.2515,0.2724,0.2978,0.3283,0.3653,0.3919,0.4209,0.4292,0.4436,0.4583
Togo,Manure applied to Soils,Emissions (CO2eq) from N2O (AR5),kilotonnes,44.1794,46.1827,48.4767,50.8328,53.0749,56.1535,58.8751,61.7377,61.2035,64.4016,65.6623,66.6486,72.1896,78.9091,87.0037,96.8032,103.8652,111.5402,113.7276,117.5534,121.4624
Togo,Manure applied to Soils,Emissions (CO2eq) (AR5),kilotonnes,44.1794,46.1827,48.4767,50.8328,53.0749,56.1535,58.8751,61.7377,61.2035,64.4016,65.6623,66.6486,72.1896,78.9091,87.0037,96.8032,103.8652,111.5402,113.7276,117.5534,121.4624
Togo,Synthetic Fertilizers,Direct emissions (N2O),kilotonnes,0.1409,0.1446,0.0923,0.1035,0.0695,0.0093,0,0,0,0,0.145,0.2092,0.1078,0.146,0.0273,0.0153,0.194,0.0671,0.3254,0.055,0.055
Togo,Synthetic Fertilizers,Indirect emissions (N2O),kilotonnes,0.0458,0.047,0.03,0.0336,0.0226,0.003,0,0,0,0,0.0471,0.068,0.035,0.0475,0.0089,0.005,0.063,0.0218,0.1057,0.0179,0.0179
Togo,Synthetic Fertilizers,Emissions (N2O),kilotonnes,0.1866,0.1916,0.1224,0.1371,0.092,0.0123,0,0,0,0,0.1921,0.2772,0.1429,0.1935,0.0361,0.0203,0.257,0.0889,0.4311,0.0729,0.0729
Togo,Synthetic Fertilizers,Emissions (CO2eq) from N2O (AR5),kilotonnes,49.4605,50.7626,32.4246,36.3341,24.3857,3.262,0,0,0,0,50.9135,73.4496,37.8559,51.2746,9.5699,5.3816,68.1165,23.5613,114.2492,19.3224,19.3224
Togo,Synthetic Fertilizers,Emissions (CO2eq) (AR5),kilotonnes,49.4605,50.7626,32.4246,36.3341,24.3857,3.262,0,0,0,0,50.9135,73.4496,37.8559,51.2746,9.5699,5.3816,68.1165,23.5613,114.2492,19.3224,19.3224
Togo,Drained organic soils,Emissions (CO2eq) (AR5),kilotonnes,0,0,0,0,0,0,0,0,0,0,0,0,0,0,0,0,0,0,0,0,0
Togo,Drained organic soils (CO2),Emissions (CO2),kilotonnes,0,0,0,0,0,0,0,0,0,0,0,0,0,0,0,0,0,0,0,0,0
Togo,Drained organic soils (CO2),Emissions (CO2eq) (AR5),kilotonnes,0,0,0,0,0,0,0,0,0,0,0,0,0,0,0,0,0,0,0,0,0
Togo,Drained organic soils (N2O),Emissions (N2O),kilotonnes,0,0,0,0,0,0,0,0,0,0,0,0,0,0,0,0,0,0,0,0,0
Togo,Drained organic soils (N2O),Emissions (CO2eq) from N2O (AR5),kilotonnes,0,0,0,0,0,0,0,0,0,0,0,0,0,0,0,0,0,0,0,0,0
Togo,Drained organic soils (N2O),Emissions (CO2eq) (AR5),kilotonnes,0,0,0,0,0,0,0,0,0,0,0,0,0,0,0,0,0,0,0,0,0
Togo,On-farm energy use,Emissions (CH4),kilotonnes,0.0177,0.0171,0.0234,0.0283,0.0288,0.028,0.0219,0.0258,0.0424,0.0637,0.0527,0.0478,0.0408,0.0423,0.0283,0.0314,0.0395,0.0419,0.0485,0.0526,0.0526
Togo,On-farm energy use,Emissions (N2O),kilotonnes,0.0136,0.0097,0.0106,0.0163,0.0129,0.0103,0.0109,0.0103,0.0104,0.0328,0.0266,0.0242,0.0192,0.0076,0.0052,0.0102,0.0079,0.013,0.0147,0.0166,0.0166
Togo,On-farm energy use,Emissions (CO2),kilotonnes,78.1109,61.0478,68.0818,81.8843,75.0457,58.5968,53.7314,51.4012,69.1719,152.5367,139.7846,126.7228,91.5708,61.8901,52.1662,64.0413,81.2954,102.5034,93.7683,102.0888,102.0888
Togo,On-farm energy use,Emissions (CO2eq) from CH4 (AR5),kilotonnes,0.4963,0.478,0.654,0.7924,0.8052,0.7841,0.6123,0.7211,1.1871,1.7846,1.4752,1.3386,1.1415,1.1831,0.7926,0.8801,1.1056,1.1729,1.3591,1.4724,1.4724
Togo,On-farm energy use,Emissions (CO2eq) from N2O (AR5),kilotonnes,3.6108,2.5615,2.8158,4.3182,3.4212,2.728,2.8935,2.722,2.7458,8.6951,7.0591,6.4228,5.0926,2.022,1.3709,2.6912,2.0924,3.4488,3.8995,4.4052,4.4052
Togo,On-farm energy use,Emissions (CO2eq) (AR5),kilotonnes,82.218,64.0872,71.5516,86.9949,79.2721,62.1089,57.2371,54.8443,73.1049,163.0164,148.3188,134.4843,97.8049,65.0952,54.3297,67.6126,84.4935,107.1251,99.0269,107.9664,107.9664
Togo,Forestland,Emissions (CO2),kilotonnes,-195.0887,-201.7185,-201.7185,-201.7185,-201.7185,-201.7185,-201.7185,-201.7185,-201.7185,-201.7185,-201.7185,-202.1677,-202.1677,-202.1677,-202.1677,-202.1677,-328.9249,-328.9249,-328.9249,-328.9249,-328.9249
Togo,Forestland,Emissions (CO2eq) (AR5),kilotonnes,-195.0887,-201.7185,-201.7185,-201.7185,-201.7185,-201.7185,-201.7185,-201.7185,-201.7185,-201.7185,-201.7185,-202.1677,-202.1677,-202.1677,-202.1677,-202.1677,-328.9249,-328.9249,-328.9249,-328.9249,-328.9249
Togo,Net Forest conversion,Emissions (CO2),kilotonnes,2859.939,1146.8864,1146.8864,1146.8864,1146.8864,1146.8864,1146.8864,1146.8864,1146.8864,1146.8864,1146.8864,1141.9607,1141.9607,1141.9607,1141.9607,1141.9607,1140.876,1140.876,1140.876,1140.876,1140.876
Togo,Net Forest conversion,Emissions (CO2eq) (AR5),kilotonnes,2859.939,1146.8864,1146.8864,1146.8864,1146.8864,1146.8864,1146.8864,1146.8864,1146.8864,1146.8864,1146.8864,1141.9607,1141.9607,1141.9607,1141.9607,1141.9607,1140.876,1140.876,1140.876,1140.876,1140.876
Togo,Savanna fires,Emissions (CH4),kilotonnes,14.3725,9.5935,13.8168,14.7333,9.8293,24.9752,15.8056,9.6128,13.248,14.3133,11.9137,20.8106,9.6663,12.761,8.8917,16.1171,12.2681,10.8175,8.5162,7.6892,12.2212
Togo,Savanna fires,Emissions (N2O),kilotonnes,1.3123,0.8759,1.2615,1.3452,0.8975,2.2803,1.4431,0.8777,1.2096,1.3069,1.0878,1.9001,0.8826,1.1651,0.8119,1.4716,1.1201,0.9877,0.7776,0.7021,1.1158
Togo,Savanna fires,Emissions (CO2eq) from CH4 (AR5),kilotonnes,402.4296,268.6173,386.8702,412.5322,275.2194,699.3054,442.5582,269.1593,370.9432,400.7733,333.5842,582.6973,270.6567,357.3088,248.9678,451.2779,343.5076,302.889,238.4524,215.2962,342.1929
Togo,Savanna fires,Emissions (CO2eq) from N2O (AR5),kilotonnes,347.7516,232.1204,334.3063,356.4816,237.8254,604.2911,382.428,232.5888,320.5433,346.3204,288.2603,503.5264,233.8827,308.7614,215.1407,389.963,296.8354,261.7356,206.054,186.044,295.6993
Togo,Savanna fires,Emissions (CO2eq) (AR5),kilotonnes,750.1812,500.7377,721.1764,769.0138,513.0448,1303.5965,824.9862,501.7481,691.4866,747.0937,621.8445,1086.2237,504.5395,666.0703,464.1085,841.241,640.3429,564.6245,444.5064,401.3402,637.8922
Togo,Fires in organic soils,Emissions (CH4),kilotonnes,0,0,0,0,0,0,0,0,0,0,0,0,0,0,0,0,0,0,0,0,0
Togo,Fires in organic soils,Emissions (CO2),kilotonnes,0,0,0,0,0,0,0,0,0,0,0,0,0,0,0,0,0,0,0,0,0
Togo,Fires in organic soils,Emissions (CO2eq) from CH4 (AR5),kilotonnes,0,0,0,0,0,0,0,0,0,0,0,0,0,0,0,0,0,0,0,0,0
Togo,Fires in organic soils,Emissions (CO2eq) (AR5),kilotonnes,0,0,0,0,0,0,0,0,0,0,0,0,0,0,0,0,0,0,0,0,0
Togo,Forest fires,Emissions (CH4),kilotonnes,1.8893,0.4655,0.4974,0.4601,0.4415,1.0958,0.6224,0.2819,0.0612,0.1463,0.1064,0.117,0.0479,0.0426,0.0346,0.1463,0.2979,0.3617,0.2101,0.4655,0.5905
Togo,Forest fires,Emissions (N2O),kilotonnes,0.0556,0.0425,0.0454,0.042,0.0403,0.1001,0.0568,0.0257,0.0056,0.0134,0.0097,0.0107,0.0044,0.0039,0.0032,0.0134,0.0272,0.033,0.0192,0.0425,0.0539
Togo,Forest fires,Emissions (CO2eq) from CH4 (AR5),kilotonnes,52.8994,13.033,13.9267,12.8838,12.3626,30.6835,17.427,7.8942,1.7129,4.096,2.979,3.2768,1.3405,1.1916,0.9682,4.096,8.341,10.1286,5.8834,13.0333,16.5331
Togo,Forest fires,Emissions (CO2eq) from N2O (AR5),kilotonnes,14.7253,11.2622,12.0344,11.1333,10.6829,26.5146,15.0592,6.8216,1.4802,3.5395,2.5743,2.8316,1.1584,1.0297,0.8366,3.5395,7.2077,8.7525,5.0841,11.2625,14.2868
Togo,Forest fires,Emissions (CO2eq) (AR5),kilotonnes,67.6247,24.2952,25.9611,24.0171,23.0454,57.1981,32.4862,14.7157,3.1931,7.6355,5.5533,6.1084,2.4989,2.2213,1.8048,7.6355,15.5487,18.8811,10.9675,24.2958,30.8199
Togo,Fires in humid tropical forests,Emissions (CH4),kilotonnes,1.7228,0.4655,0.4974,0.4601,0.4415,1.0958,0.6224,0.2819,0.0612,0.1463,0.1064,0.117,0.0479,0.0426,0.0346,0.1463,0.2979,0.3617,0.2101,0.4655,0.5905
Togo,Fires in humid tropical forests,Emissions (N2O),kilotonnes,0.0507,0.0425,0.0454,0.042,0.0403,0.1001,0.0568,0.0257,0.0056,0.0134,0.0097,0.0107,0.0044,0.0039,0.0032,0.0134,0.0272,0.033,0.0192,0.0425,0.0539
Togo,Fires in humid tropical forests,Emissions (CO2eq) from CH4 (AR5),kilotonnes,48.2389,13.033,13.9267,12.8838,12.3626,30.6835,17.427,7.8942,1.7129,4.096,2.979,3.2768,1.3405,1.1916,0.9682,4.096,8.341,10.1286,5.8834,13.0333,16.5331
Togo,Fires in humid tropical forests,Emissions (CO2eq) from N2O (AR5),kilotonnes,13.4278,11.2622,12.0344,11.1333,10.6829,26.5146,15.0592,6.8216,1.4802,3.5395,2.5743,2.8316,1.1584,1.0297,0.8366,3.5395,7.2077,8.7525,5.0841,11.2625,14.2868
Togo,Fires in humid tropical forests,Emissions (CO2eq) (AR5),kilotonnes,61.6667,24.2952,25.9611,24.0171,23.0454,57.1981,32.4862,14.7157,3.1931,7.6355,5.5533,6.1084,2.4989,2.2213,1.8048,7.6355,15.5487,18.8811,10.9675,24.2958,30.8199
Togo,Waste - agri-food systems,Emissions (CH4),kilotonnes,32.406,32.6178,32.8596,33.156,33.4347,33.7539,33.9871,34.2718,34.5657,34.9005,35.221,35.5593,35.8793,36.1917,36.3902,36.6097,36.9969,37.3293,37.6713,37.9868,38.2979
Togo,Waste - agri-food systems,Emissions (N2O),kilotonnes,0.0878,0.0883,0.0886,0.0928,0.096,0.1036,0.106,0.1094,0.113,0.1186,0.1251,0.128,0.1376,0.1449,0.1488,0.1463,0.153,0.1522,0.1557,0.1593,0.1629
Togo,Waste - agri-food systems,Emissions (CO2),kilotonnes,0,0,0,0,0,0,0,0,0,0,0,0,0,0,0,0,0,0,0,0,0
Togo,Waste - agri-food systems,Emissions (CO2eq) from CH4 (AR5),kilotonnes,907.3675,913.2974,920.0685,928.3686,936.1717,945.1094,951.6387,959.6092,967.8395,977.2135,986.1876,995.6591,1004.6217,1013.367,1018.9252,1025.0712,1035.9125,1045.2197,1054.7966,1063.6316,1072.3398
Togo,Waste - agri-food systems,Emissions (CO2eq) from N2O (AR5),kilotonnes,23.2644,23.4046,23.4903,24.6026,25.4353,27.4511,28.088,29.0029,29.9394,31.4399,33.1558,33.9272,36.4603,38.3957,39.4322,38.7576,40.5475,40.3364,41.2684,42.2064,43.1604
Togo,Waste - agri-food systems,Emissions (CO2eq) (AR5),kilotonnes,930.6319,936.702,943.5589,952.9712,961.607,972.5606,979.7266,988.6121,997.779,1008.6535,1019.3434,1029.5863,1041.082,1051.7627,1058.3575,1063.8288,1076.46,1085.556,1096.065,1105.838,1115.5003
Togo,On-farm electricity use,Emissions (CH4),kilotonnes,0,0,0,0,0,0,0,0,0,0,0,0,0,0,0,0,0,0,0,0,0
Togo,On-farm electricity use,Emissions (N2O),kilotonnes,0,0,0,0,0,0,0,0,0,0,0,0,0,0,0,0,0,0,0,0,0
Togo,On-farm electricity use,Emissions (CO2),kilotonnes,0,0,0,0,0,0,0,0,0,0,0,0,0,0,0,0,0,0,0,0,0
Togo,On-farm electricity use,Emissions (CO2eq) from CH4 (AR5),kilotonnes,0,0,0,0,0,0,0,0,0,0,0,0,0,0,0,0,0,0,0,0,0
Togo,On-farm electricity use,Emissions (CO2eq) from N2O (AR5),kilotonnes,0,0,0,0,0,0,0,0,0,0,0,0,0,0,0,0,0,0,0,0,0
Togo,On-farm electricity use,Emissions (CO2eq) (AR5),kilotonnes,0,0,0,0,0,0,0,0,0,0,0,0,0,0,0,0,0,0,0,0,0
Togo,Food Processing,Emissions (CH4),kilotonnes,0,0,0,0,0,0,0,0.0051,0.0123,0.0051,0.0051,0.0051,0.0051,0.0061,0.0057,0.0052,0.0054,0.0054,0.123,0.123,0.126
Togo,Food Processing,Emissions (N2O),kilotonnes,0,0,0,0,0,0,0,0.0001,0.0001,0.0001,0.0001,0.0001,0.0001,0.0003,0.0002,0.0001,0.0001,0.0001,0.0007,0.0007,0.0007
Togo,Food Processing,Emissions (CO2),kilotonnes,0,0,0,0,0,0,0,8.1655,10.9238,8.2213,8.2508,8.1395,8.1531,33.6564,24.0975,11.3523,17.7249,17.7249,61.6626,61.6626,62.3452
Togo,Food Processing,Emissions (CO2eq) from CH4 (AR5),kilotonnes,0,0,0,0,0,0,0,0.1428,0.3444,0.1428,0.1428,0.1428,0.1428,0.1708,0.1596,0.1456,0.1512,0.1512,3.444,3.444,3.5273
Togo,Food Processing,Emissions (CO2eq) from N2O (AR5),kilotonnes,0,0,0,0,0,0,0,0.0265,0.0265,0.0265,0.0265,0.0265,0.0265,0.0795,0.053,0.0265,0.0265,0.0265,0.1855,0.1855,0.1902
Togo,Food Processing,Emissions (CO2eq) (AR5),kilotonnes,0,0,0,0,0,0,0,8.3348,11.2947,8.3906,8.4201,8.3088,8.3224,33.9067,24.3101,11.5244,17.9026,17.9026,65.2921,65.2921,66.0627
Togo,Food Packaging,Emissions (CH4),kilotonnes,0.0191,0.0296,0.0309,0.0869,0.1164,0.125,0.1274,0.1412,0.1532,0.1707,0.2435,0.2622,0.2491,0.2788,0.3336,0.3626,0.4196,0.4314,0.4437,0.3857,0.395
Togo,Food Packaging,Emissions (N2O),kilotonnes,0.0001,0.0001,0.0001,0.0002,0.0002,0.0002,0.0002,0.0003,0.0003,0.0003,0.0004,0.0005,0.0005,0.0004,0.0006,0.0006,0.0007,0.0007,0.0007,0.0006,0.0006
Togo,Food Packaging,Emissions (CO2),kilotonnes,3.9709,3.549,3.9041,7.2894,8.2903,8.3084,7.6274,8.5644,10.1453,20.0333,19.9412,15.27,12.0184,10.2333,18.8802,18.7619,19.688,19.3333,21.9853,20.3509,20.5762
Togo,Food Packaging,Emissions (CO2eq) from CH4 (AR5),kilotonnes,0.5348,0.8288,0.8652,2.4332,3.2592,3.5,3.5672,3.9536,4.2896,4.7796,6.818,7.3416,6.9748,7.8064,9.3408,10.1528,11.7488,12.0792,12.4236,10.7996,11.0609
Togo,Food Packaging,Emissions (CO2eq) from N2O (AR5),kilotonnes,0.0265,0.0265,0.0265,0.053,0.053,0.053,0.053,0.0795,0.0795,0.0795,0.106,0.1325,0.1325,0.106,0.159,0.159,0.1855,0.1855,0.1855,0.159,0.163
Togo,Food Packaging,Emissions (CO2eq) (AR5),kilotonnes,4.5322,4.4043,4.7958,9.7756,11.6025,11.8614,11.2476,12.5975,14.5144,24.8924,26.8652,22.7441,19.1257,18.1457,28.38,29.0737,31.6223,31.598,34.5944,31.3095,31.8001
Togo,Food Retail,Emissions (CH4),kilotonnes,0.0156,0.016,0.0108,0.0146,0.0144,0.0166,0.0126,0.0133,0.0156,0.0173,0.0181,0.0192,0.0197,0.0218,0.0237,0.0254,0.0265,0.0284,0.0328,0.029,0.0297
Togo,Food Retail,Emissions (N2O),kilotonnes,0.0001,0.0001,0.0001,0.0001,0.0001,0.0001,0.0001,0.0001,0.0001,0.0001,0.0001,0.0001,0.0001,0.0001,0.0001,0.0001,0.0001,0.0001,0.0001,0.0001,0.0001
Togo,Food Retail,Emissions (CO2),kilotonnes,7.5375,5.6942,3.893,5.013,5.1464,6.5252,4.9601,4.9574,5.9257,6.6646,7.0995,7.0499,7.2913,8.1599,8.8503,9.8958,9.9174,11.4435,13.0755,11.3634,11.4892
Togo,Food Retail,Emissions (CO2eq) from CH4 (AR5),kilotonnes,0.4377,0.448,0.3024,0.4088,0.4032,0.4648,0.3528,0.3724,0.4368,0.4844,0.5068,0.5376,0.5516,0.6104,0.6636,0.7112,0.742,0.7952,0.9184,0.812,0.8316
Togo,Food Retail,Emissions (CO2eq) from N2O (AR5),kilotonnes,0.0261,0.0265,0.0265,0.0265,0.0265,0.0265,0.0265,0.0265,0.0265,0.0265,0.0265,0.0265,0.0265,0.0265,0.0265,0.0265,0.0265,0.0265,0.0265,0.0265,0.0272
Togo,Food Retail,Emissions (CO2eq) (AR5),kilotonnes,8.0013,6.1687,4.2219,5.4483,5.5761,7.0165,5.3394,5.3563,6.389,7.1755,7.6328,7.614,7.8694,8.7968,9.5404,10.6335,10.6859,12.2652,14.0204,12.2019,12.348
Togo,Food Household Consumption,Emissions (CH4),kilotonnes,0.1466,0.152,0.1782,0.1879,0.2129,0.2158,0.2242,0.2255,0.2563,0.2739,0.2952,0.3181,0.3382,0.3558,0.3797,0.3861,0.4078,0.4028,0.2855,0.2855,0.2924
Togo,Food Household Consumption,Emissions (N2O),kilotonnes,0.0015,0.0013,0.0016,0.0019,0.0018,0.0021,0.0019,0.002,0.0021,0.0023,0.0024,0.0025,0.0025,0.0023,0.0025,0.0019,0.0027,0.0019,0.0015,0.0015,0.0015
Togo,Food Household Consumption,Emissions (CO2),kilotonnes,128.8433,103.0888,127.5399,164.3258,142.5579,179.4129,154.3382,150.4878,166.5459,185.7879,203.6084,210.1542,226.3456,241.6368,250.7703,183.3654,276.9206,178.4896,158.3069,158.3069,160.0594
Togo,Food Household Consumption,Emissions (CO2eq) from CH4 (AR5),kilotonnes,4.1048,4.256,4.9896,5.2612,5.9612,6.0424,6.2776,6.314,7.1764,7.6692,8.2656,8.9068,9.4696,9.9624,10.6316,10.8108,11.4184,11.2784,7.994,7.994,8.1874
Togo,Food Household Consumption,Emissions (CO2eq) from N2O (AR5),kilotonnes,0.3975,0.3445,0.424,0.5035,0.477,0.5565,0.5035,0.53,0.5565,0.6095,0.636,0.6625,0.6625,0.6095,0.6625,0.5035,0.7155,0.5035,0.3975,0.3975,0.4075
Togo,Food Household Consumption,Emissions (CO2eq) (AR5),kilotonnes,133.3456,107.6893,132.9535,170.0905,148.9961,186.0118,161.1193,157.3318,174.2788,194.0666,212.51,219.7235,236.4777,252.2087,262.0644,194.6797,289.0545,190.2715,166.6984,166.6984,168.6543
Togo,Food Transport,Emissions (CH4),kilotonnes,0.0095,0.009,0.0139,0.0183,0.0185,0.019,0.0151,0.0174,0.0276,0.0428,0.0342,0.0299,0.0255,0.0272,0.0287,0.0304,0.0319,0.0333,0.0383,0.0363,0.0372
Togo,Food Transport,Emissions (N2O),kilotonnes,0.0008,0.0007,0.0011,0.0015,0.0015,0.0015,0.0012,0.0016,0.0025,0.0038,0.0031,0.0027,0.0023,0.0024,0.0026,0.0027,0.0028,0.003,0.0034,0.0031,0.0032
Togo,Food Transport,Emissions (CO2),kilotonnes,47.74,32.23,52.69,77.11,70.73,67.54,63.58,70.73,95.37,212.3,176,162.8,138.6,146.3,155.1,163.9,172.7,180.4,206.8,188.2615,190.3456
Togo,Food Transport,Emissions (CO2eq) from CH4 (AR5),kilotonnes,0.266,0.252,0.3892,0.5124,0.518,0.532,0.4228,0.4872,0.7728,1.1984,0.9576,0.8372,0.714,0.7616,0.8036,0.8512,0.8932,0.9324,1.0724,1.0164,1.041
Togo,Food Transport,Emissions (CO2eq) from N2O (AR5),kilotonnes,0.212,0.1855,0.2915,0.3975,0.3975,0.3975,0.318,0.424,0.6625,1.007,0.8215,0.7155,0.6095,0.636,0.689,0.7155,0.742,0.795,0.901,0.8215,0.8422
Togo,Food Transport,Emissions (CO2eq) (AR5),kilotonnes,48.218,32.6675,53.3707,78.0199,71.6455,68.4695,64.3208,71.6412,96.8053,214.5054,177.7791,164.3527,139.9235,147.6976,156.5926,165.4667,174.3352,182.1274,208.7734,190.0994,192.2287
Togo,Energy,Emissions (CH4),kilotonnes,51.1,52.3,53.6,54.9,56.3,58,59,60.4,61.9,66.8,68.7,70.5,72.4,74.5,76.5,78.5,80.4,82.5,84.3,86.8,88.9
Togo,Energy,Emissions (N2O),kilotonnes,0.176,0.179,0.186,0.193,0.198,0.204,0.204,0.214,0.225,0.253,0.253,0.255,0.259,0.267,0.276,0.284,0.293,0.301,0.308,0.318,0.326
Togo,Energy,Emissions (CO2),kilotonnes,1010,763,832,1060,997,939,821,913,1050,2200,2050,1880,1610,1650,1800,1870,2290,2240,2660,2710,2740
Togo,Energy,Emissions (CO2eq) from CH4 (AR5),kilotonnes,1430.8,1464.4,1500.8,1537.2,1576.4,1624,1652,1691.2,1733.2,1870.4,1923.6,1974,2027.2,2086,2142,2198,2251.2,2310,2360.4,2430.4,2489.2
Togo,Energy,Emissions (CO2eq) from N2O (AR5),kilotonnes,46.64,47.435,49.29,51.145,52.47,54.06,54.06,56.71,59.625,67.045,67.045,67.575,68.635,70.755,73.14,75.26,77.645,79.765,81.62,84.27,86.39
Togo,Energy,Emissions (CO2eq) (AR5),kilotonnes,2487.44,2274.835,2382.09,2648.345,2625.87,2617.06,2527.06,2660.91,2842.825,4137.445,4040.645,3921.575,3705.835,3806.755,4015.14,4143.26,4618.845,4629.765,5102.02,5224.67,5315.59
Togo,IPPU,Emissions (N2O),kilotonnes,0.0001,0.0001,0.0001,0.0001,0.0001,0.0001,0.0001,0.0001,0.0001,0.0001,0.0001,0.0001,0.0001,0.0001,0.0001,0.0001,0.0001,0.0001,0.0001,0.0001,0.0001
Togo,IPPU,Emissions (CO2),kilotonnes,344,422,516,768,774,811,708,633,501,576,581,654,637,504,465,844,850,794,817,873,873
Togo,IPPU,Emissions (CO2eq) from N2O (AR5),kilotonnes,0.0145,0.0149,0.0153,0.0157,0.0161,0.0166,0.017,0.0175,0.018,0.0184,0.0189,0.0195,0.02,0.0205,0.0211,0.0216,0.0222,0.0227,0.0233,0.0237,0.0242
Togo,IPPU,Emissions (CO2eq) (AR5),kilotonnes,344.0145,422.0149,516.0153,768.0157,774.0161,811.0166,708.017,633.0175,501.018,576.0184,581.0189,654.0195,637.02,504.0205,465.0211,844.0216,850.0222,794.0227,817.0233,873.0237,873.0242
Togo,Waste,Emissions (CH4),kilotonnes,29.5,30.3,31.2,32.1,33,34,35.1,36.2,37.3,38.6,39.9,41.3,42.7,44.2,45.6,47.2,48.7,50.2,51.7,52.6,53.9
Togo,Waste,Emissions (N2O),kilotonnes,0.156,0.16,0.164,0.167,0.171,0.181,0.189,0.197,0.203,0.212,0.223,0.232,0.244,0.255,0.269,0.274,0.282,0.284,0.291,0.307,0.316
Togo,Waste,Emissions (CO2),kilotonnes,0.094,0.0979,0.102,0.106,0.111,0.121,0.126,0.131,0.136,0.142,0.147,0.153,0.16,0.166,0.173,0.18,0.187,0.194,0.202,0.205,0.211
Togo,Waste,Emissions (CO2eq) from CH4 (AR5),kilotonnes,826,848.4,873.6,898.8,924,952,982.8,1013.6,1044.4,1080.8,1117.2,1156.4,1195.6,1237.6,1276.8,1321.6,1363.6,1405.6,1447.6,1472.8,1509.2
Togo,Waste,Emissions (CO2eq) from N2O (AR5),kilotonnes,41.34,42.4,43.46,44.255,45.315,47.965,50.085,52.205,53.795,56.18,59.095,61.48,64.66,67.575,71.285,72.61,74.73,75.26,77.115,81.355,83.74
Togo,Waste,Emissions (CO2eq) (AR5),kilotonnes,867.434,890.8979,917.162,943.161,969.426,1000.086,1033.011,1065.936,1098.331,1137.122,1176.442,1218.033,1260.42,1305.341,1348.258,1394.39,1438.517,1481.054,1524.917,1554.36,1593.151
Togo,Other,Emissions (N2O),kilotonnes,0.196,0.197,0.202,0.215,0.219,0.222,0.226,0.234,0.245,0.312,0.307,0.305,0.3,0.311,0.321,0.332,0.342,0.353,0.369,0.38,0.39
Togo,Other,Emissions (CO2eq) from N2O (AR5),kilotonnes,51.94,52.205,53.53,56.975,58.035,58.83,59.89,62.01,64.925,82.68,81.355,80.825,79.5,82.415,85.065,87.98,90.63,93.545,97.785,100.7,103.35
Togo,Other,Emissions (CO2eq) (AR5),kilotonnes,51.94,52.205,53.53,56.975,58.035,58.83,59.89,62.01,64.925,82.68,81.355,80.825,79.5,82.415,85.065,87.98,90.63,93.545,97.785,100.7,103.35
Togo,Farm-gate emissions,Emissions (CH4),kilotonnes,42.1094,37.7882,42.8255,44.4136,39.7955,56.8702,48.528,42.7633,46.7778,49.0752,47.3585,56.5284,53.5112,58.6484,55.8007,63.2105,57.2894,59.0311,58.5072,60.7321,67.9494
Togo,Farm-gate emissions,Direct emissions (N2O),kilotonnes,1.5032,1.5435,1.5356,1.5782,1.5607,1.6145,1.6602,1.6907,1.7075,1.8167,2.0079,2.0989,2.3701,2.5332,2.4871,2.518,2.6235,2.6795,3.0335,2.9131,3.0361
Togo,Farm-gate emissions,Indirect emissions (N2O),kilotonnes,0.4955,0.5082,0.5064,0.5224,0.5142,0.5361,0.5519,0.5624,0.5679,0.5997,0.6618,0.6912,0.771,0.826,0.8193,0.8326,0.8584,0.8873,1.007,0.9771,1.0264
Togo,Farm-gate emissions,Emissions (N2O),kilotonnes,3.5438,3.1661,3.5525,3.7122,3.2498,4.7146,3.9533,3.4409,3.7946,4.0659,4.098,5.03,4.3951,4.9188,4.5463,5.2933,5.1179,5.1094,5.3835,5.1757,5.7765
Togo,Farm-gate emissions,Emissions (CO2),kilotonnes,78.1109,61.0478,68.0818,81.8843,75.0457,58.5968,53.7314,51.4012,69.1719,152.5367,139.7846,126.7228,91.5708,61.8901,52.1662,64.0413,81.2954,102.5034,93.7683,102.0888,102.0888
Togo,Farm-gate emissions,Emissions (CO2eq) from CH4 (AR5),kilotonnes,1179.0621,1058.0705,1199.1132,1243.5818,1114.275,1592.3644,1358.7834,1197.3717,1309.7794,1374.1048,1326.0391,1582.7949,1498.315,1642.1551,1562.4184,1769.8942,1604.1044,1652.8716,1638.2012,1700.4986,1902.583
Togo,Farm-gate emissions,Emissions (CO2eq) from N2O (AR5),kilotonnes,939.0963,839.0167,941.4025,983.7203,861.1954,1249.3728,1047.6275,911.8341,1005.5791,1077.4554,1085.966,1332.9605,1164.7091,1303.4709,1204.7566,1402.7254,1356.2401,1353.989,1426.6193,1371.5663,1530.7673
Togo,Farm-gate emissions,Emissions (CO2eq) (AR5),kilotonnes,2196.2693,1958.135,2208.5975,2309.1863,2050.5161,2900.334,2460.1423,2160.607,2384.5305,2604.0969,2551.7897,3042.4783,2754.5948,3007.5161,2819.3412,3236.6609,3041.6399,3109.3641,3158.5888,3174.1537,3535.439
Togo,Land Use change,Emissions (CH4),kilotonnes,1.7228,0.4655,0.4974,0.4601,0.4415,1.0958,0.6224,0.2819,0.0612,0.1463,0.1064,0.117,0.0479,0.0426,0.0346,0.1463,0.2979,0.3617,0.2101,0.4655,0.5905
Togo,Land Use change,Emissions (N2O),kilotonnes,0.0507,0.0425,0.0454,0.042,0.0403,0.1001,0.0568,0.0257,0.0056,0.0134,0.0097,0.0107,0.0044,0.0039,0.0032,0.0134,0.0272,0.033,0.0192,0.0425,0.0539
Togo,Land Use change,Emissions (CO2),kilotonnes,2859.939,1146.8864,1146.8864,1146.8864,1146.8864,1146.8864,1146.8864,1146.8864,1146.8864,1146.8864,1146.8864,1141.9607,1141.9607,1141.9607,1141.9607,1141.9607,1140.876,1140.876,1140.876,1140.876,1140.876
Togo,Land Use change,Emissions (CO2eq) from CH4 (AR5),kilotonnes,48.2389,13.033,13.9267,12.8838,12.3626,30.6835,17.427,7.8942,1.7129,4.096,2.979,3.2768,1.3405,1.1916,0.9682,4.096,8.341,10.1286,5.8834,13.0333,16.5331
Togo,Land Use change,Emissions (CO2eq) from N2O (AR5),kilotonnes,13.4278,11.2622,12.0344,11.1333,10.6829,26.5146,15.0592,6.8216,1.4802,3.5395,2.5743,2.8316,1.1584,1.0297,0.8366,3.5395,7.2077,8.7525,5.0841,11.2625,14.2868
Togo,Land Use change,Emissions (CO2eq) (AR5),kilotonnes,2921.6057,1171.1816,1172.8475,1170.9034,1169.9318,1204.0844,1179.3725,1161.6021,1150.0794,1154.5219,1152.4397,1148.0691,1144.4596,1144.182,1143.7655,1149.5962,1156.4247,1159.7571,1151.8435,1165.1718,1171.6959
Togo,Emissions on agricultural land,Emissions (CH4),kilotonnes,43.8322,38.2537,43.3229,44.8738,40.2371,57.966,49.1504,43.0452,46.839,49.2215,47.4649,56.6454,53.5591,58.691,55.8352,63.3568,57.5873,59.3929,58.7173,61.1976,68.5399
Togo,Emissions on agricultural land,Emissions (N2O),kilotonnes,3.5944,3.2086,3.5979,3.7542,3.2901,4.8147,4.0101,3.4666,3.8002,4.0792,4.1077,5.0407,4.3995,4.9226,4.5494,5.3067,5.1451,5.1424,5.4027,5.2182,5.8304
Togo,Emissions on agricultural land,Emissions (CO2),kilotonnes,2938.0499,1207.9341,1214.9681,1228.7706,1221.9321,1205.4832,1200.6177,1198.2876,1216.0583,1299.423,1286.6709,1268.6835,1233.5314,1203.8507,1194.1268,1206.002,1222.1714,1243.3794,1234.6443,1242.9648,1242.9648
Togo,Emissions on agricultural land,Emissions (CO2eq) from CH4 (AR5),kilotonnes,1227.301,1071.1035,1213.0399,1256.4656,1126.6376,1623.0479,1376.2104,1205.2659,1311.4923,1378.2009,1329.0181,1586.0717,1499.6555,1643.3467,1563.3866,1773.9902,1612.4454,1663.0002,1644.0847,1713.5319,1919.1161
Togo,Emissions on agricultural land,Emissions (CO2eq) from N2O (AR5),kilotonnes,952.5241,850.2789,953.437,994.8536,871.8782,1275.8874,1062.6867,918.6557,1007.0593,1080.9949,1088.5403,1335.7921,1165.8675,1304.5006,1205.5932,1406.2649,1363.4478,1362.7415,1431.7034,1382.8288,1545.0541
Togo,Emissions on agricultural land,Emissions (CO2eq) (AR5),kilotonnes,5117.875,3129.3165,3381.445,3480.0898,3220.4479,4104.4184,3639.5148,3322.2091,3534.6099,3758.6188,3704.2293,4190.5474,3899.0544,4151.698,3963.1067,4386.2571,4198.0646,4269.1212,4310.4323,4339.3255,4707.1349
Togo,Pre- and post- production,Emissions (CH4),kilotonnes,32.5968,32.8244,33.0934,33.4637,33.7969,34.1303,34.3664,34.6743,35.0307,35.4103,35.8171,36.1938,36.5169,36.8814,37.1616,37.4194,37.8881,38.2306,38.5946,38.8463,39.1781
Togo,Pre- and post- production,Emissions (N2O),kilotonnes,0.0903,0.0905,0.0915,0.0965,0.0996,0.1075,0.1094,0.1135,0.1181,0.1252,0.1312,0.1339,0.1431,0.1504,0.1548,0.1517,0.1594,0.158,0.1621,0.1653,0.169
Togo,Pre- and post- production,Emissions (CO2),kilotonnes,188.0917,144.562,188.027,253.7382,226.7246,261.7865,230.5057,242.9051,288.9107,433.0071,414.8999,403.4136,392.4084,439.9864,457.6983,387.2754,496.9509,407.3913,461.8303,439.9453,444.8155
Togo,Pre- and post- production,Emissions (CO2eq) from CH4 (AR5),kilotonnes,912.7108,919.0822,926.6149,936.9842,946.3133,955.6486,962.2591,970.8792,980.8595,991.4879,1002.8784,1013.4251,1022.4745,1032.6786,1040.5244,1047.7428,1060.8661,1070.4561,1080.649,1087.6976,1096.9881
Togo,Pre- and post- production,Emissions (CO2eq) from N2O (AR5),kilotonnes,23.9265,23.9876,24.2588,25.5831,26.3893,28.4846,28.989,30.0894,31.2909,33.1889,34.7723,35.4907,37.9178,39.8532,41.0222,40.1886,42.2435,41.8734,42.9644,43.7964,44.7904
Togo,Pre- and post- production,Emissions (CO2eq) (AR5),kilotonnes,1124.729,1087.6318,1138.9008,1216.3055,1199.4272,1245.9198,1221.7537,1243.8737,1301.0612,1457.684,1452.5506,1452.3294,1452.8007,1512.5182,1539.245,1475.2068,1600.0605,1519.7207,1585.4437,1571.4393,1586.594
Togo,Agri-food systems,Emissions (CH4),kilotonnes,76.429,71.0781,76.4162,78.3375,74.034,92.0963,83.5168,77.7195,81.8697,84.6317,83.282,92.8392,90.0761,95.5723,92.9968,100.7762,95.4754,97.6234,97.3119,100.0439,107.718
Togo,Agri-food systems,Emissions (N2O),kilotonnes,3.6847,3.2991,3.6894,3.8507,3.3897,4.9222,4.1195,3.5802,3.9183,4.2045,4.2389,5.1747,4.5426,5.073,4.7042,5.4583,5.3045,5.3004,5.5648,5.3835,5.9994
Togo,Agri-food systems,Emissions (CO2),kilotonnes,3126.1417,1352.4961,1402.9951,1482.5088,1448.6567,1467.2697,1431.1234,1441.1927,1504.969,1732.4301,1701.5708,1672.0971,1625.9398,1643.8371,1651.8251,1593.2774,1719.1223,1650.7707,1696.4746,1682.9101,1687.7803
Togo,Agri-food systems,Emissions (CO2eq) from CH4 (AR5),kilotonnes,2140.0118,1990.1858,2139.6549,2193.4498,2072.9509,2578.6965,2338.4695,2176.1451,2292.3518,2369.6888,2331.8965,2599.4969,2522.13,2676.0253,2603.9111,2821.733,2673.3115,2733.4563,2724.7337,2801.2295,3016.1041
Togo,Agri-food systems,Emissions (CO2eq) from N2O (AR5),kilotonnes,976.4506,874.2665,977.6958,1020.4366,898.2675,1304.372,1091.6757,948.745,1038.3502,1114.1838,1123.3126,1371.2828,1203.7853,1344.3538,1246.6154,1446.4535,1405.6913,1404.6149,1474.6677,1426.6253,1589.8445
Togo,Agri-food systems,Emissions (CO2eq) (AR5),kilotonnes,6242.6041,4216.9484,4520.3458,4696.3953,4419.8751,5350.3382,4861.2686,4566.0828,4835.6711,5216.3027,5156.7799,5642.8768,5351.8551,5664.2162,5502.3517,5861.4639,5798.1251,5788.8419,5895.876,5910.7648,6293.729
Togo,IPCC Agriculture,Emissions (CH4),kilotonnes,42.0916,37.7712,42.8021,44.3853,39.7668,56.8422,48.5061,42.7375,46.7354,49.0114,47.3059,56.4806,53.4705,58.6061,55.7724,63.1791,57.25,58.9892,58.4586,60.6795,67.8968
Togo,IPCC Agriculture,Emissions (CH4),kilotonnes,25.79,,,,,31.23,,,,,,,,,,,,,,,
Togo,IPCC Agriculture,Direct emissions (N2O),kilotonnes,1.5032,1.5435,1.5356,1.5782,1.5607,1.6145,1.6602,1.6907,1.7075,1.8167,2.0079,2.0989,2.3701,2.5332,2.4871,2.518,2.6235,2.6795,3.0335,2.9131,3.0361
Togo,IPCC Agriculture,Indirect emissions (N2O),kilotonnes,0.4955,0.5082,0.5064,0.5224,0.5142,0.5361,0.5519,0.5624,0.5679,0.5997,0.6618,0.6912,0.771,0.826,0.8193,0.8326,0.8584,0.8873,1.007,0.9771,1.0264
Togo,IPCC Agriculture,Emissions (N2O),kilotonnes,3.5301,3.1564,3.5418,3.6959,3.2369,4.7043,3.9424,3.4306,3.7843,4.0331,4.0713,5.0058,4.3759,4.9111,4.5411,5.2831,5.11,5.0964,5.3688,5.1591,5.7599
Togo,IPCC Agriculture,Emissions (N2O),kilotonnes,7.03,,,,,8.7,,,,,,,,,,,,,,,
Togo,IPCC Agriculture,Emissions (CO2eq) from CH4 (AR5),kilotonnes,1178.5658,1057.5926,1198.4592,1242.7894,1113.4698,1591.5803,1358.1712,1196.6507,1308.5923,1372.3202,1324.5639,1581.4563,1497.1734,1640.9721,1561.6258,1769.0142,1602.9988,1651.6987,1636.8421,1699.0262,1901.1105
Togo,IPCC Agriculture,Emissions (CO2eq) from CH4 (AR5),kilotonnes,722.12,,,,,874.44,,,,,,,,,,,,,,,
Togo,IPCC Agriculture,Emissions (CO2eq) from N2O (AR5),kilotonnes,935.4855,836.4551,938.5867,979.402,857.7742,1246.6448,1044.734,909.1121,1002.8333,1068.7603,1078.9069,1326.5377,1159.6165,1301.4489,1203.3857,1400.0342,1354.1476,1350.5402,1422.7198,1367.1611,1526.3621
Togo,IPCC Agriculture,Emissions (CO2eq) from N2O (AR5),kilotonnes,1862.95,,,,,2305.5,,,,,,,,,,,,,,,
Togo,IPCC Agriculture,Emissions (CO2eq) (AR5),kilotonnes,2114.0513,1894.0477,2137.0459,2222.1914,1971.244,2838.2251,2402.9051,2105.7627,2311.4256,2441.0805,2403.4708,2907.994,2656.7899,2942.4209,2765.0115,3169.0483,2957.1464,3002.2389,3059.5619,3066.1873,3427.4727
Togo,IPCC Agriculture,Emissions (CO2eq) (AR5),kilotonnes,2585.07,,,,,3179.94,,,,,,,,,,,,,,,
Togo,Agricultural Soils,Direct emissions (N2O),kilotonnes,1.5032,1.5435,1.5356,1.5782,1.5607,1.6145,1.6602,1.6907,1.7075,1.8167,2.0079,2.0989,2.3701,2.5332,2.4871,2.518,2.6235,2.6795,3.0335,2.9131,3.0361
Togo,Agricultural Soils,Indirect emissions (N2O),kilotonnes,0.4955,0.5082,0.5064,0.5224,0.5142,0.5361,0.5519,0.5624,0.5679,0.5997,0.6618,0.6912,0.771,0.826,0.8193,0.8326,0.8584,0.8873,1.007,0.9771,1.0264
Togo,Agricultural Soils,Emissions (N2O),kilotonnes,1.9987,2.0517,2.042,2.1007,2.0749,2.1506,2.2121,2.2531,2.2754,2.4164,2.6696,2.7901,3.1411,3.3592,3.3064,3.3505,3.4819,3.5668,4.0405,3.8901,4.0625
Togo,Agricultural Soils,Emissions (N2O),kilotonnes,6.8,,,,,8.47,,,,,,,,,,,,,,,
Togo,Agricultural Soils,Emissions (CO2eq) from N2O (AR5),kilotonnes,529.6577,543.7065,541.1353,556.6734,549.8603,569.9097,586.1965,597.0691,602.97,640.3554,707.4542,739.3757,832.397,890.1892,876.2019,887.8944,922.6981,945.1947,1070.7264,1030.8799,1076.5559
Togo,Agricultural Soils,Emissions (CO2eq) from N2O (AR5),kilotonnes,1802,,,,,2244.55,,,,,,,,,,,,,,,
Togo,Agricultural Soils,Emissions (CO2eq) (AR5),kilotonnes,529.6577,543.7065,541.1353,556.6734,549.8603,569.9097,586.1965,597.0691,602.97,640.3554,707.4542,739.3757,832.397,890.1892,876.2019,887.8944,922.6981,945.1947,1070.7264,1030.8799,1076.5559
Togo,Agricultural Soils,Emissions (CO2eq) (AR5),kilotonnes,1802,,,,,2244.55,,,,,,,,,,,,,,,
Togo,LULUCF,Emissions (CH4),kilotonnes,1.8893,0.4655,0.4974,0.4601,0.4415,1.0958,0.6224,0.2819,0.0612,0.1463,0.1064,0.117,0.0479,0.0426,0.0346,0.1463,0.2979,0.3617,0.2101,0.4655,0.5905
Togo,LULUCF,Emissions (CH4),kilotonnes,19.19,,,,,19.52,,,,,,,,,,,,,,,
Togo,LULUCF,Emissions (N2O),kilotonnes,0.0556,0.0425,0.0454,0.042,0.0403,0.1001,0.0568,0.0257,0.0056,0.0134,0.0097,0.0107,0.0044,0.0039,0.0032,0.0134,0.0272,0.033,0.0192,0.0425,0.0539
Togo,LULUCF,Emissions (N2O),kilotonnes,1.22,,,,,1.34,,,,,,,,,,,,,,,
Togo,LULUCF,Emissions (CO2),kilotonnes,2664.8503,945.1679,945.1679,945.1679,945.1679,945.1679,945.1679,945.1679,945.1679,945.1679,945.1679,939.793,939.793,939.793,939.793,939.793,811.9511,811.9511,811.9511,811.9511,811.9511
Togo,LULUCF,Emissions (CO2),kilotonnes,7548.09,,,,,10666.26,,,,,,,,,,,,,,,
Togo,LULUCF,Emissions (CO2eq) from CH4 (AR5),kilotonnes,52.8994,13.033,13.9267,12.8838,12.3626,30.6835,17.427,7.8942,1.7129,4.096,2.979,3.2768,1.3405,1.1916,0.9682,4.096,8.341,10.1286,5.8834,13.0333,16.5331
Togo,LULUCF,Emissions (CO2eq) from N2O (AR5),kilotonnes,14.7253,11.2622,12.0344,11.1333,10.6829,26.5146,15.0592,6.8216,1.4802,3.5395,2.5743,2.8316,1.1584,1.0297,0.8366,3.5395,7.2077,8.7525,5.0841,11.2625,14.2868
Togo,LULUCF,Emissions (CO2eq) (AR5),kilotonnes,2732.475,969.4631,971.129,969.185,968.2133,1002.366,977.6541,959.8836,948.361,952.8034,950.7212,945.9014,942.2919,942.0143,941.5978,947.4285,827.4998,830.8323,822.9186,836.2469,842.771
Togo,LULUCF,Emissions (CO2eq) (AR5),kilotonnes,7548.09,,,,,10666.26,,,,,,,,,,,,,,,
Togo,AFOLU,Emissions (CH4),kilotonnes,43.9809,38.2366,43.2995,44.8455,40.2083,57.938,49.1285,43.0195,46.7966,49.1577,47.4122,56.5976,53.5184,58.6487,55.8069,63.3254,57.5478,59.351,58.6688,61.145,68.4873
Togo,AFOLU,Emissions (N2O),kilotonnes,3.5857,3.1989,3.5872,3.7379,3.2772,4.8044,3.9992,3.4564,3.7899,4.0464,4.0811,5.0165,4.3803,4.915,4.5442,5.2965,5.1372,5.1294,5.3879,5.2016,5.8138
Togo,AFOLU,Emissions (CO2),kilotonnes,2664.8503,945.1679,945.1679,945.1679,945.1679,945.1679,945.1679,945.1679,945.1679,945.1679,945.1679,939.793,939.793,939.793,939.793,939.793,811.9511,811.9511,811.9511,811.9511,811.9511
Togo,AFOLU,Emissions (CO2eq) from CH4 (AR5),kilotonnes,1231.4653,1070.6256,1212.3859,1255.6732,1125.8324,1622.2638,1375.5982,1204.5448,1310.3052,1376.4163,1327.5429,1584.7331,1498.514,1642.1637,1562.594,1773.1102,1611.3398,1661.8274,1642.7255,1712.0595,1917.6437
Togo,AFOLU,Emissions (CO2eq) from N2O (AR5),kilotonnes,950.2107,847.7174,950.6212,990.5353,868.457,1273.1594,1059.7932,915.9336,1004.3135,1072.2997,1081.4812,1329.3693,1160.7749,1302.4785,1204.2223,1403.5737,1361.3554,1359.2927,1427.8039,1378.4236,1540.6489
Togo,AFOLU,Emissions (CO2eq) (AR5),kilotonnes,4846.5263,2863.5108,3108.1749,3191.3764,2939.4573,3840.5911,3380.5592,3065.6464,3259.7866,3393.8839,3354.192,3853.8954,3599.0819,3884.4352,3706.6093,4116.4768,3784.6463,3833.0712,3882.4806,3902.4343,4270.2437
Togo,All sectors with LULUCF,Emissions (CH4),kilotonnes,124.5809,120.8366,128.0995,131.8455,129.5083,149.938,143.2285,139.6195,145.9966,154.5577,156.0122,168.3976,168.6184,177.3487,177.9069,189.0254,186.6478,192.051,194.6688,200.545,211.2873
Togo,All sectors with LULUCF,Emissions (N2O),kilotonnes,4.1138,3.735,4.1393,4.3129,3.8653,5.4114,4.6183,4.1014,4.4629,4.8235,4.8641,5.8086,5.1834,5.7481,5.4103,6.1866,6.0543,6.0675,6.356,6.2067,6.8459
Togo,All sectors with LULUCF,Emissions (CO2),kilotonnes,4018.9443,2130.2658,2293.2699,2773.2739,2716.2789,2695.2889,2474.2939,2491.2989,2496.3039,3721.3099,3576.3149,3473.946,3186.953,3093.959,3204.966,3653.973,3952.1381,3846.1451,4289.1531,4395.1561,4425.1621
Togo,All sectors with LULUCF,Emissions (CO2eq) from CH4 (AR5),kilotonnes,3488.2653,3383.4256,3586.7859,3691.6732,3626.2324,4198.2638,4010.3982,3909.3448,4087.9052,4327.6163,4368.3429,4715.1331,4721.314,4965.7637,4981.394,5292.7102,5226.1398,5377.4274,5450.7255,5615.2595,5916.0437
Togo,All sectors with LULUCF,Emissions (CO2eq) from N2O (AR5),kilotonnes,1090.1452,989.7723,1096.9165,1142.926,1024.2932,1434.031,1223.8452,1086.8761,1182.6765,1278.2232,1288.9952,1539.2688,1373.5899,1523.2441,1433.7334,1639.4453,1604.3825,1607.8854,1684.3472,1644.7723,1814.1531
Togo,All sectors with LULUCF,Emissions (CO2eq) (AR5),kilotonnes,8597.3548,6503.4636,6976.9723,7607.8731,7366.8045,8327.5837,7708.5372,7487.5198,7766.8855,9327.1493,9233.653,9728.3479,9281.8569,9582.9667,9620.0933,10586.1285,10782.6604,10831.4579,11424.2259,11655.188,12155.3589
Togo,All sectors without LULUCF,Emissions (CH4),kilotonnes,122.6916,120.3712,127.6021,131.3853,129.0668,148.8422,142.6061,139.3375,145.9354,154.4114,155.9059,168.2806,168.5705,177.3061,177.8724,188.8791,186.35,191.6892,194.4586,200.0795,210.6968
Togo,All sectors without LULUCF,Emissions (N2O),kilotonnes,4.0582,3.6925,4.0939,4.2709,3.8249,5.3114,4.5615,4.0757,4.4573,4.8101,4.8544,5.7979,5.179,5.7442,5.4072,6.1732,6.0271,6.0345,6.3368,6.1642,6.7919
Togo,All sectors without LULUCF,Emissions (CO2),kilotonnes,1354.094,1185.0979,1348.102,1828.106,1771.111,1750.121,1529.126,1546.131,1551.136,2776.142,2631.147,2534.153,2247.16,2154.166,2265.173,2714.18,3140.187,3034.194,3477.202,3583.205,3613.211
Togo,All sectors without LULUCF,Emissions (CO2eq) from CH4 (AR5),kilotonnes,3435.3658,3370.3926,3572.8592,3678.7894,3613.8698,4167.5803,3992.9712,3901.4507,4086.1923,4323.5202,4365.3639,4711.8563,4719.9734,4964.5721,4980.4258,5288.6142,5217.7988,5367.2987,5444.8421,5602.2262,5899.5105
Togo,All sectors without LULUCF,Emissions (CO2eq) from N2O (AR5),kilotonnes,1075.42,978.51,1084.8821,1131.7928,1013.6103,1407.5164,1208.786,1080.0546,1181.1963,1274.6837,1286.4209,1536.4372,1372.4315,1522.2144,1432.8967,1635.9058,1597.1748,1599.133,1679.2631,1633.5098,1799.8663
Togo,All sectors without LULUCF,Emissions (CO2eq) (AR5),kilotonnes,5864.8798,5534.0005,6005.8433,6638.6881,6398.5912,7325.2177,6730.8832,6527.6362,6818.5246,8374.3459,8282.9318,8782.4465,8339.5649,8640.9524,8678.4956,9638.7,9955.1606,10000.6257,10601.3072,10818.941,11312.5879
Tokelau,Enteric Fermentation,Emissions (CH4),kilotonnes,0.001,0.001,0.001,0.001,0.001,0.001,0.001,0.001,0.001,0.001,0.001,0.001,0.001,0.001,0.001,0.001,0.001,0.001,0.001,0.001,0.001
Tokelau,Enteric Fermentation,Emissions (CO2eq) from CH4 (AR5),kilotonnes,0.028,0.028,0.028,0.028,0.028,0.028,0.028,0.028,0.028,0.028,0.028,0.028,0.028,0.028,0.028,0.028,0.028,0.028,0.028,0.028,0.028
Tokelau,Enteric Fermentation,Emissions (CO2eq) (AR5),kilotonnes,0.028,0.028,0.028,0.028,0.028,0.028,0.028,0.028,0.028,0.028,0.028,0.028,0.028,0.028,0.028,0.028,0.028,0.028,0.028,0.028,0.028
Tokelau,Manure Management,Emissions (CH4),kilotonnes,0.0142,0.0142,0.0142,0.0142,0.0142,0.0142,0.0142,0.0142,0.0142,0.0142,0.0142,0.0142,0.0142,0.0142,0.0142,0.0142,0.0142,0.0142,0.0142,0.0142,0.0142
Tokelau,Manure Management,Emissions (N2O),kilotonnes,0.0001,0.0001,0.0001,0.0001,0.0001,0.0001,0.0001,0.0001,0.0001,0.0001,0.0001,0.0001,0.0001,0.0001,0.0001,0.0001,0.0001,0.0001,0.0001,0.0001,0.0001
Tokelau,Manure Management,Emissions (CO2eq) from CH4 (AR5),kilotonnes,0.3976,0.3976,0.3976,0.3976,0.3976,0.3976,0.3976,0.3976,0.3976,0.3976,0.3976,0.3976,0.3976,0.3976,0.3976,0.3976,0.3976,0.3976,0.3976,0.3976,0.3976
Tokelau,Manure Management,Emissions (CO2eq) from N2O (AR5),kilotonnes,0.0353,0.0353,0.0353,0.0353,0.0353,0.0353,0.0353,0.0353,0.0353,0.0353,0.0353,0.0353,0.0353,0.0353,0.0353,0.0353,0.0353,0.0353,0.0353,0.0353,0.0353
Tokelau,Manure Management,Emissions (CO2eq) (AR5),kilotonnes,0.4329,0.4329,0.4329,0.4329,0.4329,0.4329,0.4329,0.4329,0.4329,0.4329,0.4329,0.4329,0.4329,0.4329,0.4329,0.4329,0.4329,0.4329,0.4329,0.4329,0.4329
Tokelau,Manure left on Pasture,Direct emissions (N2O),kilotonnes,0,0,0,0,0,0,0,0,0,0,0,0,0,0,0,0,0,0,0,0,0
Tokelau,Manure left on Pasture,Indirect emissions (N2O),kilotonnes,0,0,0,0,0,0,0,0,0,0,0,0,0,0,0,0,0,0,0,0,0
Tokelau,Manure left on Pasture,Emissions (N2O),kilotonnes,0,0,0,0,0,0,0,0,0,0,0,0,0,0,0,0,0,0,0,0,0
Tokelau,Manure left on Pasture,Emissions (CO2eq) from N2O (AR5),kilotonnes,0.0007,0.0007,0.0007,0.0007,0.0007,0.0007,0.0007,0.0007,0.0007,0.0007,0.0007,0.0007,0.0007,0.0007,0.0007,0.0007,0.0007,0.0007,0.0007,0.0007,0.0007
Tokelau,Manure left on Pasture,Emissions (CO2eq) (AR5),kilotonnes,0.0007,0.0007,0.0007,0.0007,0.0007,0.0007,0.0007,0.0007,0.0007,0.0007,0.0007,0.0007,0.0007,0.0007,0.0007,0.0007,0.0007,0.0007,0.0007,0.0007,0.0007
Tokelau,Manure applied to Soils,Direct emissions (N2O),kilotonnes,0.0001,0.0001,0.0001,0.0001,0.0001,0.0001,0.0001,0.0001,0.0001,0.0001,0.0001,0.0001,0.0001,0.0001,0.0001,0.0001,0.0001,0.0001,0.0001,0.0001,0.0001
Tokelau,Manure applied to Soils,Indirect emissions (N2O),kilotonnes,0.0001,0.0001,0.0001,0.0001,0.0001,0.0001,0.0001,0.0001,0.0001,0.0001,0.0001,0.0001,0.0001,0.0001,0.0001,0.0001,0.0001,0.0001,0.0001,0.0001,0.0001
Tokelau,Manure applied to Soils,Emissions (N2O),kilotonnes,0.0002,0.0002,0.0002,0.0002,0.0002,0.0002,0.0002,0.0002,0.0002,0.0002,0.0002,0.0002,0.0002,0.0002,0.0002,0.0002,0.0002,0.0002,0.0002,0.0002,0.0002
Tokelau,Manure applied to Soils,Emissions (CO2eq) from N2O (AR5),kilotonnes,0.049,0.049,0.049,0.049,0.049,0.049,0.049,0.049,0.049,0.049,0.049,0.049,0.049,0.049,0.049,0.049,0.049,0.049,0.049,0.049,0.049
Tokelau,Manure applied to Soils,Emissions (CO2eq) (AR5),kilotonnes,0.049,0.049,0.049,0.049,0.049,0.049,0.049,0.049,0.049,0.049,0.049,0.049,0.049,0.049,0.049,0.049,0.049,0.049,0.049,0.049,0.049
Tokelau,Drained organic soils,Emissions (CO2eq) (AR5),kilotonnes,0,0,0,0,0,0,0,0,0,0,0,0,0,0,0,0,0,0,0,0,0
Tokelau,Drained organic soils (CO2),Emissions (CO2),kilotonnes,0,0,0,0,0,0,0,0,0,0,0,0,0,0,0,0,0,0,0,0,0
Tokelau,Drained organic soils (CO2),Emissions (CO2eq) (AR5),kilotonnes,0,0,0,0,0,0,0,0,0,0,0,0,0,0,0,0,0,0,0,0,0
Tokelau,Drained organic soils (N2O),Emissions (N2O),kilotonnes,0,0,0,0,0,0,0,0,0,0,0,0,0,0,0,0,0,0,0,0,0
Tokelau,Drained organic soils (N2O),Emissions (CO2eq) from N2O (AR5),kilotonnes,0,0,0,0,0,0,0,0,0,0,0,0,0,0,0,0,0,0,0,0,0
Tokelau,Drained organic soils (N2O),Emissions (CO2eq) (AR5),kilotonnes,0,0,0,0,0,0,0,0,0,0,0,0,0,0,0,0,0,0,0,0,0
Tokelau,Forestland,Emissions (CO2),kilotonnes,0,0,0,0,0,0,0,0,0,0,0,0,0,0,0,0,0,0,0,0,0
Tokelau,Forestland,Emissions (CO2eq) (AR5),kilotonnes,0,0,0,0,0,0,0,0,0,0,0,0,0,0,0,0,0,0,0,0,0
Tokelau,Net Forest conversion,Emissions (CO2),kilotonnes,0,0,0,0,0,0,0,0,0,0,0,0,0,0,0,0,0,0,0,0,0
Tokelau,Net Forest conversion,Emissions (CO2eq) (AR5),kilotonnes,0,0,0,0,0,0,0,0,0,0,0,0,0,0,0,0,0,0,0,0,0
Tokelau,Savanna fires,Emissions (CH4),kilotonnes,0,0,0,0,0,0,0,0,0,0,0,0,0,0,0,0,0,0,0,0,0
Tokelau,Savanna fires,Emissions (N2O),kilotonnes,0,0,0,0,0,0,0,0,0,0,0,0,0,0,0,0,0,0,0,0,0
Tokelau,Savanna fires,Emissions (CO2eq) from CH4 (AR5),kilotonnes,0,0,0,0,0,0,0,0,0,0,0,0,0,0,0,0,0,0,0,0,0
Tokelau,Savanna fires,Emissions (CO2eq) from N2O (AR5),kilotonnes,0,0,0,0,0,0,0,0,0,0,0,0,0,0,0,0,0,0,0,0,0
Tokelau,Savanna fires,Emissions (CO2eq) (AR5),kilotonnes,0,0,0,0,0,0,0,0,0,0,0,0,0,0,0,0,0,0,0,0,0
Tokelau,Fires in organic soils,Emissions (CH4),kilotonnes,0,0,0,0,0,0,0,0,0,0,0,0,0,0,0,0,0,0,0,0,0
Tokelau,Fires in organic soils,Emissions (CO2),kilotonnes,0,0,0,0,0,0,0,0,0,0,0,0,0,0,0,0,0,0,0,0,0
Tokelau,Fires in organic soils,Emissions (CO2eq) from CH4 (AR5),kilotonnes,0,0,0,0,0,0,0,0,0,0,0,0,0,0,0,0,0,0,0,0,0
Tokelau,Fires in organic soils,Emissions (CO2eq) (AR5),kilotonnes,0,0,0,0,0,0,0,0,0,0,0,0,0,0,0,0,0,0,0,0,0
Tokelau,Forest fires,Emissions (CH4),kilotonnes,0,0,0,0,0,0,0,0,0,0,0,0,0,0,0,0,0,0,0,0,0
Tokelau,Forest fires,Emissions (N2O),kilotonnes,0,0,0,0,0,0,0,0,0,0,0,0,0,0,0,0,0,0,0,0,0
Tokelau,Forest fires,Emissions (CO2eq) from CH4 (AR5),kilotonnes,0,0,0,0,0,0,0,0,0,0,0,0,0,0,0,0,0,0,0,0,0
Tokelau,Forest fires,Emissions (CO2eq) from N2O (AR5),kilotonnes,0,0,0,0,0,0,0,0,0,0,0,0,0,0,0,0,0,0,0,0,0
Tokelau,Forest fires,Emissions (CO2eq) (AR5),kilotonnes,0,0,0,0,0,0,0,0,0,0,0,0,0,0,0,0,0,0,0,0,0
Tokelau,Fires in humid tropical forests,Emissions (CH4),kilotonnes,0,0,0,0,0,0,0,0,0,0,0,0,0,0,0,0,0,0,0,0,0
Tokelau,Fires in humid tropical forests,Emissions (N2O),kilotonnes,0,0,0,0,0,0,0,0,0,0,0,0,0,0,0,0,0,0,0,0,0
Tokelau,Fires in humid tropical forests,Emissions (CO2eq) from CH4 (AR5),kilotonnes,0,0,0,0,0,0,0,0,0,0,0,0,0,0,0,0,0,0,0,0,0
Tokelau,Fires in humid tropical forests,Emissions (CO2eq) from N2O (AR5),kilotonnes,0,0,0,0,0,0,0,0,0,0,0,0,0,0,0,0,0,0,0,0,0
Tokelau,Fires in humid tropical forests,Emissions (CO2eq) (AR5),kilotonnes,0,0,0,0,0,0,0,0,0,0,0,0,0,0,0,0,0,0,0,0,0
Tokelau,Waste - agri-food systems,Emissions (CH4),kilotonnes,0,0,0,0,0,0,0,0,0,0,0,0,0,0,0,0,0,0,0,0,0
Tokelau,Waste - agri-food systems,Emissions (N2O),kilotonnes,0,0,0,0,0,0,0,0,0,0,0,0,0,0,0,0,0,0,0,0,0
Tokelau,Waste - agri-food systems,Emissions (CO2eq) from CH4 (AR5),kilotonnes,0,0,0,0,0,0,0,0,0,0,0,0,0,0,0,0,0,0,0,0,0
Tokelau,Waste - agri-food systems,Emissions (CO2eq) from N2O (AR5),kilotonnes,0,0,0,0,0,0,0,0,0,0,0,0,0,0,0,0,0,0,0,0,0
Tokelau,Waste - agri-food systems,Emissions (CO2eq) (AR5),kilotonnes,0,0,0,0,0,0,0,0,0,0,0,0,0,0,0,0,0,0,0,0,0
Tokelau,Waste,Emissions (CH4),kilotonnes,0.0067,0.0065,0.0062,0.0059,0.0055,0.0052,0.0051,0.005,0.0049,0.0049,0.005,0.005,0.0051,0.0052,0.0053,0.0054,0.0056,0.0056,0.0057,0.0055,0.0055
Tokelau,Waste,Emissions (CO2eq) from CH4 (AR5),kilotonnes,0.1882,0.182,0.1739,0.1638,0.1543,0.1467,0.1417,0.1386,0.1369,0.1369,0.1386,0.14,0.1417,0.1442,0.1481,0.152,0.1557,0.1576,0.1599,0.154,0.1551
Tokelau,Waste,Emissions (CO2eq) (AR5),kilotonnes,0.1882,0.182,0.1739,0.1638,0.1543,0.1467,0.1417,0.1386,0.1369,0.1369,0.1386,0.14,0.1417,0.1442,0.1481,0.152,0.1557,0.1576,0.1599,0.154,0.1551
Tokelau,Farm-gate emissions,Emissions (CH4),kilotonnes,0.0152,0.0152,0.0152,0.0152,0.0152,0.0152,0.0152,0.0152,0.0152,0.0152,0.0152,0.0152,0.0152,0.0152,0.0152,0.0152,0.0152,0.0152,0.0152,0.0152,0.0152
Tokelau,Farm-gate emissions,Direct emissions (N2O),kilotonnes,0.0001,0.0001,0.0001,0.0001,0.0001,0.0001,0.0001,0.0001,0.0001,0.0001,0.0001,0.0001,0.0001,0.0001,0.0001,0.0001,0.0001,0.0001,0.0001,0.0001,0.0001
Tokelau,Farm-gate emissions,Indirect emissions (N2O),kilotonnes,0.0001,0.0001,0.0001,0.0001,0.0001,0.0001,0.0001,0.0001,0.0001,0.0001,0.0001,0.0001,0.0001,0.0001,0.0001,0.0001,0.0001,0.0001,0.0001,0.0001,0.0001
Tokelau,Farm-gate emissions,Emissions (N2O),kilotonnes,0.0003,0.0003,0.0003,0.0003,0.0003,0.0003,0.0003,0.0003,0.0003,0.0003,0.0003,0.0003,0.0003,0.0003,0.0003,0.0003,0.0003,0.0003,0.0003,0.0003,0.0003
Tokelau,Farm-gate emissions,Emissions (CO2),kilotonnes,0,0,0,0,0,0,0,0,0,0,0,0,0,0,0,0,0,0,0,0,0
Tokelau,Farm-gate emissions,Emissions (CO2eq) from CH4 (AR5),kilotonnes,0.4256,0.4256,0.4256,0.4256,0.4256,0.4256,0.4256,0.4256,0.4256,0.4256,0.4256,0.4256,0.4256,0.4256,0.4256,0.4256,0.4256,0.4256,0.4256,0.4256,0.4256
Tokelau,Farm-gate emissions,Emissions (CO2eq) from N2O (AR5),kilotonnes,0.085,0.085,0.085,0.085,0.085,0.085,0.085,0.085,0.085,0.085,0.085,0.085,0.085,0.085,0.085,0.085,0.085,0.085,0.085,0.085,0.085
Tokelau,Farm-gate emissions,Emissions (CO2eq) (AR5),kilotonnes,0.5106,0.5106,0.5106,0.5106,0.5106,0.5106,0.5106,0.5106,0.5106,0.5106,0.5106,0.5106,0.5106,0.5106,0.5106,0.5106,0.5106,0.5106,0.5106,0.5106,0.5106
Tokelau,Land Use change,Emissions (CH4),kilotonnes,0,0,0,0,0,0,0,0,0,0,0,0,0,0,0,0,0,0,0,0,0
Tokelau,Land Use change,Emissions (N2O),kilotonnes,0,0,0,0,0,0,0,0,0,0,0,0,0,0,0,0,0,0,0,0,0
Tokelau,Land Use change,Emissions (CO2),kilotonnes,0,0,0,0,0,0,0,0,0,0,0,0,0,0,0,0,0,0,0,0,0
Tokelau,Land Use change,Emissions (CO2eq) from CH4 (AR5),kilotonnes,0,0,0,0,0,0,0,0,0,0,0,0,0,0,0,0,0,0,0,0,0
Tokelau,Land Use change,Emissions (CO2eq) from N2O (AR5),kilotonnes,0,0,0,0,0,0,0,0,0,0,0,0,0,0,0,0,0,0,0,0,0
Tokelau,Land Use change,Emissions (CO2eq) (AR5),kilotonnes,0,0,0,0,0,0,0,0,0,0,0,0,0,0,0,0,0,0,0,0,0
Tokelau,Emissions on agricultural land,Emissions (CH4),kilotonnes,0.0152,0.0152,0.0152,0.0152,0.0152,0.0152,0.0152,0.0152,0.0152,0.0152,0.0152,0.0152,0.0152,0.0152,0.0152,0.0152,0.0152,0.0152,0.0152,0.0152,0.0152
Tokelau,Emissions on agricultural land,Emissions (N2O),kilotonnes,0.0003,0.0003,0.0003,0.0003,0.0003,0.0003,0.0003,0.0003,0.0003,0.0003,0.0003,0.0003,0.0003,0.0003,0.0003,0.0003,0.0003,0.0003,0.0003,0.0003,0.0003
Tokelau,Emissions on agricultural land,Emissions (CO2),kilotonnes,0,0,0,0,0,0,0,0,0,0,0,0,0,0,0,0,0,0,0,0,0
Tokelau,Emissions on agricultural land,Emissions (CO2eq) from CH4 (AR5),kilotonnes,0.4256,0.4256,0.4256,0.4256,0.4256,0.4256,0.4256,0.4256,0.4256,0.4256,0.4256,0.4256,0.4256,0.4256,0.4256,0.4256,0.4256,0.4256,0.4256,0.4256,0.4256
Tokelau,Emissions on agricultural land,Emissions (CO2eq) from N2O (AR5),kilotonnes,0.085,0.085,0.085,0.085,0.085,0.085,0.085,0.085,0.085,0.085,0.085,0.085,0.085,0.085,0.085,0.085,0.085,0.085,0.085,0.085,0.085
Tokelau,Emissions on agricultural land,Emissions (CO2eq) (AR5),kilotonnes,0.5106,0.5106,0.5106,0.5106,0.5106,0.5106,0.5106,0.5106,0.5106,0.5106,0.5106,0.5106,0.5106,0.5106,0.5106,0.5106,0.5106,0.5106,0.5106,0.5106,0.5106
Tokelau,Pre- and post- production,Emissions (CH4),kilotonnes,0,0,0,0,0,0,0,0,0,0,0,0,0,0,0,0,0,0,0,0,0
Tokelau,Pre- and post- production,Emissions (N2O),kilotonnes,0,0,0,0,0,0,0,0,0,0,0,0,0,0,0,0,0,0,0,0,0
Tokelau,Pre- and post- production,Emissions (CO2eq) from CH4 (AR5),kilotonnes,0,0,0,0,0,0,0,0,0,0,0,0,0,0,0,0,0,0,0,0,0
Tokelau,Pre- and post- production,Emissions (CO2eq) from N2O (AR5),kilotonnes,0,0,0,0,0,0,0,0,0,0,0,0,0,0,0,0,0,0,0,0,0
Tokelau,Pre- and post- production,Emissions (CO2eq) (AR5),kilotonnes,0,0,0,0,0,0,0,0,0,0,0,0,0,0,0,0,0,0,0,0,0
Tokelau,Agri-food systems,Emissions (CH4),kilotonnes,0.0152,0.0152,0.0152,0.0152,0.0152,0.0152,0.0152,0.0152,0.0152,0.0152,0.0152,0.0152,0.0152,0.0152,0.0152,0.0152,0.0152,0.0152,0.0152,0.0152,0.0152
Tokelau,Agri-food systems,Emissions (N2O),kilotonnes,0.0003,0.0003,0.0003,0.0003,0.0003,0.0003,0.0003,0.0003,0.0003,0.0003,0.0003,0.0003,0.0003,0.0003,0.0003,0.0003,0.0003,0.0003,0.0003,0.0003,0.0003
Tokelau,Agri-food systems,Emissions (CO2),kilotonnes,0,0,0,0,0,0,0,0,0,0,0,0,0,0,0,0,0,0,0,0,0
Tokelau,Agri-food systems,Emissions (CO2eq) from CH4 (AR5),kilotonnes,0.4256,0.4256,0.4256,0.4256,0.4256,0.4256,0.4256,0.4256,0.4256,0.4256,0.4256,0.4256,0.4256,0.4256,0.4256,0.4256,0.4256,0.4256,0.4256,0.4256,0.4256
Tokelau,Agri-food systems,Emissions (CO2eq) from N2O (AR5),kilotonnes,0.085,0.085,0.085,0.085,0.085,0.085,0.085,0.085,0.085,0.085,0.085,0.085,0.085,0.085,0.085,0.085,0.085,0.085,0.085,0.085,0.085
Tokelau,Agri-food systems,Emissions (CO2eq) (AR5),kilotonnes,0.5106,0.5106,0.5106,0.5106,0.5106,0.5106,0.5106,0.5106,0.5106,0.5106,0.5106,0.5106,0.5106,0.5106,0.5106,0.5106,0.5106,0.5106,0.5106,0.5106,0.5106
Tokelau,IPCC Agriculture,Emissions (CH4),kilotonnes,0.0152,0.0152,0.0152,0.0152,0.0152,0.0152,0.0152,0.0152,0.0152,0.0152,0.0152,0.0152,0.0152,0.0152,0.0152,0.0152,0.0152,0.0152,0.0152,0.0152,0.0152
Tokelau,IPCC Agriculture,Direct emissions (N2O),kilotonnes,0.0001,0.0001,0.0001,0.0001,0.0001,0.0001,0.0001,0.0001,0.0001,0.0001,0.0001,0.0001,0.0001,0.0001,0.0001,0.0001,0.0001,0.0001,0.0001,0.0001,0.0001
Tokelau,IPCC Agriculture,Indirect emissions (N2O),kilotonnes,0.0001,0.0001,0.0001,0.0001,0.0001,0.0001,0.0001,0.0001,0.0001,0.0001,0.0001,0.0001,0.0001,0.0001,0.0001,0.0001,0.0001,0.0001,0.0001,0.0001,0.0001
Tokelau,IPCC Agriculture,Emissions (N2O),kilotonnes,0.0003,0.0003,0.0003,0.0003,0.0003,0.0003,0.0003,0.0003,0.0003,0.0003,0.0003,0.0003,0.0003,0.0003,0.0003,0.0003,0.0003,0.0003,0.0003,0.0003,0.0003
Tokelau,IPCC Agriculture,Emissions (CO2eq) from CH4 (AR5),kilotonnes,0.4256,0.4256,0.4256,0.4256,0.4256,0.4256,0.4256,0.4256,0.4256,0.4256,0.4256,0.4256,0.4256,0.4256,0.4256,0.4256,0.4256,0.4256,0.4256,0.4256,0.4256
Tokelau,IPCC Agriculture,Emissions (CO2eq) from N2O (AR5),kilotonnes,0.085,0.085,0.085,0.085,0.085,0.085,0.085,0.085,0.085,0.085,0.085,0.085,0.085,0.085,0.085,0.085,0.085,0.085,0.085,0.085,0.085
Tokelau,IPCC Agriculture,Emissions (CO2eq) (AR5),kilotonnes,0.5106,0.5106,0.5106,0.5106,0.5106,0.5106,0.5106,0.5106,0.5106,0.5106,0.5106,0.5106,0.5106,0.5106,0.5106,0.5106,0.5106,0.5106,0.5106,0.5106,0.5106
Tokelau,Agricultural Soils,Direct emissions (N2O),kilotonnes,0.0001,0.0001,0.0001,0.0001,0.0001,0.0001,0.0001,0.0001,0.0001,0.0001,0.0001,0.0001,0.0001,0.0001,0.0001,0.0001,0.0001,0.0001,0.0001,0.0001,0.0001
Tokelau,Agricultural Soils,Indirect emissions (N2O),kilotonnes,0.0001,0.0001,0.0001,0.0001,0.0001,0.0001,0.0001,0.0001,0.0001,0.0001,0.0001,0.0001,0.0001,0.0001,0.0001,0.0001,0.0001,0.0001,0.0001,0.0001,0.0001
Tokelau,Agricultural Soils,Emissions (N2O),kilotonnes,0.0002,0.0002,0.0002,0.0002,0.0002,0.0002,0.0002,0.0002,0.0002,0.0002,0.0002,0.0002,0.0002,0.0002,0.0002,0.0002,0.0002,0.0002,0.0002,0.0002,0.0002
Tokelau,Agricultural Soils,Emissions (CO2eq) from N2O (AR5),kilotonnes,0.0496,0.0496,0.0496,0.0496,0.0496,0.0496,0.0496,0.0496,0.0496,0.0496,0.0496,0.0496,0.0496,0.0496,0.0496,0.0496,0.0496,0.0496,0.0496,0.0496,0.0496
Tokelau,Agricultural Soils,Emissions (CO2eq) (AR5),kilotonnes,0.0496,0.0496,0.0496,0.0496,0.0496,0.0496,0.0496,0.0496,0.0496,0.0496,0.0496,0.0496,0.0496,0.0496,0.0496,0.0496,0.0496,0.0496,0.0496,0.0496,0.0496
Tokelau,LULUCF,Emissions (CH4),kilotonnes,0,0,0,0,0,0,0,0,0,0,0,0,0,0,0,0,0,0,0,0,0
Tokelau,LULUCF,Emissions (N2O),kilotonnes,0,0,0,0,0,0,0,0,0,0,0,0,0,0,0,0,0,0,0,0,0
Tokelau,LULUCF,Emissions (CO2),kilotonnes,0,0,0,0,0,0,0,0,0,0,0,0,0,0,0,0,0,0,0,0,0
Tokelau,LULUCF,Emissions (CO2eq) from CH4 (AR5),kilotonnes,0,0,0,0,0,0,0,0,0,0,0,0,0,0,0,0,0,0,0,0,0
Tokelau,LULUCF,Emissions (CO2eq) from N2O (AR5),kilotonnes,0,0,0,0,0,0,0,0,0,0,0,0,0,0,0,0,0,0,0,0,0
Tokelau,LULUCF,Emissions (CO2eq) (AR5),kilotonnes,0,0,0,0,0,0,0,0,0,0,0,0,0,0,0,0,0,0,0,0,0
Tokelau,AFOLU,Emissions (CH4),kilotonnes,0.0152,0.0152,0.0152,0.0152,0.0152,0.0152,0.0152,0.0152,0.0152,0.0152,0.0152,0.0152,0.0152,0.0152,0.0152,0.0152,0.0152,0.0152,0.0152,0.0152,0.0152
Tokelau,AFOLU,Emissions (N2O),kilotonnes,0.0003,0.0003,0.0003,0.0003,0.0003,0.0003,0.0003,0.0003,0.0003,0.0003,0.0003,0.0003,0.0003,0.0003,0.0003,0.0003,0.0003,0.0003,0.0003,0.0003,0.0003
Tokelau,AFOLU,Emissions (CO2),kilotonnes,0,0,0,0,0,0,0,0,0,0,0,0,0,0,0,0,0,0,0,0,0
Tokelau,AFOLU,Emissions (CO2eq) from CH4 (AR5),kilotonnes,0.4256,0.4256,0.4256,0.4256,0.4256,0.4256,0.4256,0.4256,0.4256,0.4256,0.4256,0.4256,0.4256,0.4256,0.4256,0.4256,0.4256,0.4256,0.4256,0.4256,0.4256
Tokelau,AFOLU,Emissions (CO2eq) from N2O (AR5),kilotonnes,0.085,0.085,0.085,0.085,0.085,0.085,0.085,0.085,0.085,0.085,0.085,0.085,0.085,0.085,0.085,0.085,0.085,0.085,0.085,0.085,0.085
Tokelau,AFOLU,Emissions (CO2eq) (AR5),kilotonnes,0.5106,0.5106,0.5106,0.5106,0.5106,0.5106,0.5106,0.5106,0.5106,0.5106,0.5106,0.5106,0.5106,0.5106,0.5106,0.5106,0.5106,0.5106,0.5106,0.5106,0.5106
Tokelau,All sectors with LULUCF,Emissions (CH4),kilotonnes,0.0219,0.0217,0.0214,0.0211,0.0207,0.0204,0.0203,0.0202,0.0201,0.0201,0.0202,0.0202,0.0203,0.0204,0.0205,0.0206,0.0208,0.0208,0.0209,0.0207,0.0207
Tokelau,All sectors with LULUCF,Emissions (N2O),kilotonnes,0.0003,0.0003,0.0003,0.0003,0.0003,0.0003,0.0003,0.0003,0.0003,0.0003,0.0003,0.0003,0.0003,0.0003,0.0003,0.0003,0.0003,0.0003,0.0003,0.0003,0.0003
Tokelau,All sectors with LULUCF,Emissions (CO2),kilotonnes,0,0,0,0,0,0,0,0,0,0,0,0,0,0,0,0,0,0,0,0,0
Tokelau,All sectors with LULUCF,Emissions (CO2eq) from CH4 (AR5),kilotonnes,0.6138,0.6076,0.5995,0.5894,0.5799,0.5723,0.5673,0.5642,0.5625,0.5625,0.5642,0.5656,0.5673,0.5698,0.5737,0.5776,0.5813,0.5832,0.5855,0.5796,0.5807
Tokelau,All sectors with LULUCF,Emissions (CO2eq) from N2O (AR5),kilotonnes,0.085,0.085,0.085,0.085,0.085,0.085,0.085,0.085,0.085,0.085,0.085,0.085,0.085,0.085,0.085,0.085,0.085,0.085,0.085,0.085,0.085
Tokelau,All sectors with LULUCF,Emissions (CO2eq) (AR5),kilotonnes,0.6987,0.6926,0.6844,0.6744,0.6648,0.6573,0.6522,0.6492,0.6475,0.6475,0.6492,0.6506,0.6522,0.6548,0.6587,0.6626,0.6662,0.6682,0.6704,0.6646,0.6657
Tokelau,All sectors without LULUCF,Emissions (CH4),kilotonnes,0.0219,0.0217,0.0214,0.0211,0.0207,0.0204,0.0203,0.0202,0.0201,0.0201,0.0202,0.0202,0.0203,0.0204,0.0205,0.0206,0.0208,0.0208,0.0209,0.0207,0.0207
Tokelau,All sectors without LULUCF,Emissions (N2O),kilotonnes,0.0003,0.0003,0.0003,0.0003,0.0003,0.0003,0.0003,0.0003,0.0003,0.0003,0.0003,0.0003,0.0003,0.0003,0.0003,0.0003,0.0003,0.0003,0.0003,0.0003,0.0003
Tokelau,All sectors without LULUCF,Emissions (CO2eq) from CH4 (AR5),kilotonnes,0.6138,0.6076,0.5995,0.5894,0.5799,0.5723,0.5673,0.5642,0.5625,0.5625,0.5642,0.5656,0.5673,0.5698,0.5737,0.5776,0.5813,0.5832,0.5855,0.5796,0.5807
Tokelau,All sectors without LULUCF,Emissions (CO2eq) from N2O (AR5),kilotonnes,0.085,0.085,0.085,0.085,0.085,0.085,0.085,0.085,0.085,0.085,0.085,0.085,0.085,0.085,0.085,0.085,0.085,0.085,0.085,0.085,0.085
Tokelau,All sectors without LULUCF,Emissions (CO2eq) (AR5),kilotonnes,0.6987,0.6926,0.6844,0.6744,0.6648,0.6573,0.6522,0.6492,0.6475,0.6475,0.6492,0.6506,0.6522,0.6548,0.6587,0.6626,0.6662,0.6682,0.6704,0.6646,0.6657
Tonga,Burning - Crop residues,Emissions (CH4),kilotonnes,,,,,,,,,,,,,,,,,,,,,
Tonga,Burning - Crop residues,Emissions (CO2eq) from CH4 (AR5),kilotonnes,,,,,,,,,,,,,,,,,,,,,
Tonga,Burning - Crop residues,Emissions (CO2eq) (AR5),kilotonnes,,,,,,,,,,,,,,,,,,,,,
Tonga,Enteric Fermentation,Emissions (CH4),kilotonnes,1.0312,1.0296,1.0297,1.0297,1.0297,1.0297,1.0297,1.0352,1.0352,1.0352,1.0367,1.0352,1.0516,1.0565,1.0643,1.0748,1.0841,1.0814,1.0845,1.0878,1.0895
Tonga,Enteric Fermentation,Emissions (CH4),kilotonnes,0.74,,,,,,0.76,,,,,,,,,,,,,,
Tonga,Enteric Fermentation,Emissions (CO2eq) from CH4 (AR5),kilotonnes,28.8736,28.8299,28.8308,28.8308,28.8308,28.8308,28.8308,28.9848,28.9856,28.9856,29.0276,28.9856,29.4462,29.5817,29.8004,30.0943,30.356,30.2779,30.3665,30.4574,30.5052
Tonga,Enteric Fermentation,Emissions (CO2eq) from CH4 (AR5),kilotonnes,20.72,,,,,,21.28,,,,,,,,,,,,,,
Tonga,Enteric Fermentation,Emissions (CO2eq) (AR5),kilotonnes,28.8736,28.8299,28.8308,28.8308,28.8308,28.8308,28.8308,28.9848,28.9856,28.9856,29.0276,28.9856,29.4462,29.5817,29.8004,30.0943,30.356,30.2779,30.3665,30.4574,30.5052
Tonga,Enteric Fermentation,Emissions (CO2eq) (AR5),kilotonnes,20.72,,,,,,21.28,,,,,,,,,,,,,,
Tonga,Manure Management,Emissions (CH4),kilotonnes,1.1984,1.197,1.197,1.197,1.197,1.197,1.197,1.2007,1.2007,1.2007,1.2021,1.2006,1.214,1.2208,1.2281,1.2323,1.2357,1.2332,1.2337,1.2339,1.234
Tonga,Manure Management,Emissions (CH4),kilotonnes,2.37,,,,,,,,,,,,,,,,,,,,
Tonga,Manure Management,Emissions (N2O),kilotonnes,0.0126,0.0126,0.0126,0.0126,0.0126,0.0126,0.0126,0.0127,0.0127,0.0127,0.0127,0.0127,0.0128,0.0129,0.013,0.013,0.0131,0.0131,0.0131,0.0131,0.0131
Tonga,Manure Management,Emissions (CO2eq) from CH4 (AR5),kilotonnes,33.5558,33.515,33.5158,33.5158,33.5158,33.5158,33.5158,33.6194,33.6202,33.6202,33.6594,33.6174,33.9912,34.1815,34.3867,34.5053,34.5996,34.5303,34.5424,34.5496,34.5522
Tonga,Manure Management,Emissions (CO2eq) from CH4 (AR5),kilotonnes,66.36,,,,,,,,,,,,,,,,,,,,
Tonga,Manure Management,Emissions (CO2eq) from N2O (AR5),kilotonnes,3.3291,3.3306,3.3306,3.3306,3.3306,3.3309,3.3309,3.3659,3.3623,3.3616,3.3612,3.3587,3.3948,3.422,3.439,3.4566,3.4693,3.4729,3.4742,3.4775,3.4807
Tonga,Manure Management,Emissions (CO2eq) (AR5),kilotonnes,36.8849,36.8456,36.8464,36.8464,36.8464,36.8467,36.8467,36.9853,36.9825,36.9818,37.0207,36.9761,37.3859,37.6035,37.8257,37.9619,38.0689,38.0032,38.0165,38.027,38.0329
Tonga,Manure Management,Emissions (CO2eq) (AR5),kilotonnes,66.36,,,,,,,,,,,,,,,,,,,,
Tonga,Manure left on Pasture,Direct emissions (N2O),kilotonnes,0.0273,0.0273,0.0273,0.0273,0.0273,0.0273,0.0273,0.0274,0.0274,0.0274,0.0274,0.0274,0.0279,0.0281,0.0283,0.0286,0.0289,0.0288,0.0289,0.029,0.0291
Tonga,Manure left on Pasture,Indirect emissions (N2O),kilotonnes,0.0074,0.0074,0.0074,0.0074,0.0074,0.0074,0.0074,0.0075,0.0075,0.0075,0.0075,0.0075,0.0076,0.0076,0.0077,0.0078,0.0079,0.0078,0.0079,0.0079,0.0079
Tonga,Manure left on Pasture,Emissions (N2O),kilotonnes,0.0347,0.0347,0.0347,0.0347,0.0347,0.0347,0.0347,0.0349,0.0349,0.0349,0.0349,0.0349,0.0355,0.0357,0.036,0.0364,0.0367,0.0366,0.0368,0.0369,0.037
Tonga,Manure left on Pasture,Emissions (CO2eq) from N2O (AR5),kilotonnes,9.1951,9.1918,9.1919,9.1919,9.1919,9.1919,9.1919,9.2482,9.2478,9.2477,9.251,9.2472,9.3986,9.4555,9.5335,9.6448,9.7325,9.7067,9.7421,9.7779,9.8007
Tonga,Manure left on Pasture,Emissions (CO2eq) (AR5),kilotonnes,9.1951,9.1918,9.1919,9.1919,9.1919,9.1919,9.1919,9.2482,9.2478,9.2477,9.251,9.2472,9.3986,9.4555,9.5335,9.6448,9.7325,9.7067,9.7421,9.7779,9.8007
Tonga,Manure applied to Soils,Direct emissions (N2O),kilotonnes,0.0103,0.0103,0.0103,0.0103,0.0103,0.0103,0.0103,0.0105,0.0105,0.0105,0.0105,0.0105,0.0106,0.0106,0.0107,0.0107,0.0107,0.0108,0.0108,0.0108,0.0108
Tonga,Manure applied to Soils,Indirect emissions (N2O),kilotonnes,0.0044,0.0044,0.0044,0.0044,0.0044,0.0044,0.0044,0.0045,0.0045,0.0045,0.0045,0.0044,0.0045,0.0045,0.0045,0.0045,0.0046,0.0046,0.0046,0.0046,0.0046
Tonga,Manure applied to Soils,Emissions (N2O),kilotonnes,0.0147,0.0147,0.0147,0.0147,0.0147,0.0147,0.0147,0.015,0.0149,0.0149,0.0149,0.0149,0.0151,0.0152,0.0152,0.0152,0.0153,0.0154,0.0154,0.0154,0.0154
Tonga,Manure applied to Soils,Emissions (CO2eq) from N2O (AR5),kilotonnes,3.8849,3.8833,3.8833,3.8833,3.8833,3.8843,3.8843,3.9673,3.9571,3.955,3.9596,3.9467,3.9887,4.0151,4.0251,4.0401,4.0586,4.0705,4.0722,4.0772,4.0821
Tonga,Manure applied to Soils,Emissions (CO2eq) (AR5),kilotonnes,3.8849,3.8833,3.8833,3.8833,3.8833,3.8843,3.8843,3.9673,3.9571,3.955,3.9596,3.9467,3.9887,4.0151,4.0251,4.0401,4.0586,4.0705,4.0722,4.0772,4.0821
Tonga,Synthetic Fertilizers,Direct emissions (N2O),kilotonnes,,,0,0,0,0,0,0,0.0017,0.0017,0.0002,0.0001,0.0008,0.0011,0.0007,0.0009,0.0015,0.0018,0.001,0.0013,0.0013
Tonga,Synthetic Fertilizers,Indirect emissions (N2O),kilotonnes,,,0,0,0,0,0,0,0.0005,0.0005,0,0,0.0003,0.0004,0.0002,0.0003,0.0005,0.0006,0.0003,0.0004,0.0004
Tonga,Synthetic Fertilizers,Emissions (N2O),kilotonnes,,,0,0,0,0,0,0,0.0022,0.0022,0.0002,0.0001,0.0011,0.0015,0.001,0.0012,0.0019,0.0024,0.0013,0.0018,0.0018
Tonga,Synthetic Fertilizers,Emissions (CO2eq) from N2O (AR5),kilotonnes,,,0,0,0,0,0,0,0.592,0.592,0.0527,0.0397,0.2978,0.4005,0.2536,0.3066,0.5103,0.6245,0.3508,0.4701,0.4643
Tonga,Synthetic Fertilizers,Emissions (CO2eq) (AR5),kilotonnes,,,0,0,0,0,0,0,0.592,0.592,0.0527,0.0397,0.2978,0.4005,0.2536,0.3066,0.5103,0.6245,0.3508,0.4701,0.4643
Tonga,Drained organic soils,Emissions (CO2eq) (AR5),kilotonnes,0,0,0,0,0,0,0,0,0,0,0,0,0,0,0,0,0,0,0,0,0
Tonga,Drained organic soils (CO2),Emissions (CO2),kilotonnes,0,0,0,0,0,0,0,0,0,0,0,0,0,0,0,0,0,0,0,0,0
Tonga,Drained organic soils (CO2),Emissions (CO2eq) (AR5),kilotonnes,0,0,0,0,0,0,0,0,0,0,0,0,0,0,0,0,0,0,0,0,0
Tonga,Drained organic soils (N2O),Emissions (N2O),kilotonnes,0,0,0,0,0,0,0,0,0,0,0,0,0,0,0,0,0,0,0,0,0
Tonga,Drained organic soils (N2O),Emissions (CO2eq) from N2O (AR5),kilotonnes,0,0,0,0,0,0,0,0,0,0,0,0,0,0,0,0,0,0,0,0,0
Tonga,Drained organic soils (N2O),Emissions (CO2eq) (AR5),kilotonnes,0,0,0,0,0,0,0,0,0,0,0,0,0,0,0,0,0,0,0,0,0
Tonga,On-farm energy use,Emissions (CH4),kilotonnes,0.0003,0.0003,0.0003,0.0004,0.0003,0.0003,0.0004,0.0003,0.0004,0.0004,0.0004,0.0003,0.0004,0.0013,0.0009,0.0006,0.0005,0.0005,0.0004,0.0003,0.0003
Tonga,On-farm energy use,Emissions (N2O),kilotonnes,0,0,0,0,0,0,0,0,0,0,0,0,0,0,0,0,0,0,0,0,0
Tonga,On-farm energy use,Emissions (CO2),kilotonnes,3.5874,3.7984,4.1203,4.5907,4.0388,4.3757,5.0643,4.3492,4.5658,4.9074,4.5414,4.2624,4.7309,16.8282,11.6834,7.8946,6.3777,6.5285,4.8542,3.5254,3.5254
Tonga,On-farm energy use,Emissions (CO2eq) from CH4 (AR5),kilotonnes,0.008,0.0084,0.0091,0.0102,0.009,0.0097,0.0112,0.0096,0.0101,0.0109,0.0101,0.0095,0.0105,0.0373,0.0259,0.0175,0.0142,0.0145,0.0108,0.0078,0.0078
Tonga,On-farm energy use,Emissions (CO2eq) from N2O (AR5),kilotonnes,0.0015,0.0016,0.0017,0.0019,0.0017,0.0018,0.0021,0.0018,0.0019,0.0021,0.0019,0.0018,0.002,0.0071,0.0049,0.0033,0.0027,0.0027,0.002,0.0015,0.0015
Tonga,On-farm energy use,Emissions (CO2eq) (AR5),kilotonnes,3.5969,3.8084,4.1312,4.6028,4.0494,4.3873,5.0777,4.3607,4.5779,4.9204,4.5534,4.2737,4.7433,16.8726,11.7142,7.9155,6.3946,6.5458,4.867,3.5347,3.5347
Tonga,Forestland,Emissions (CO2),kilotonnes,0,0,0,0,0,0,0,0,0,0,0,0,0,0,0,0,0,0,0,0,0
Tonga,Forestland,Emissions (CO2eq) (AR5),kilotonnes,0,0,0,0,0,0,0,0,0,0,0,0,0,0,0,0,0,0,0,0,0
Tonga,Net Forest conversion,Emissions (CO2),kilotonnes,0,0,0,0,0,0,0,0,0,0,0,0,0,0,0,0,0,0,0,0,0
Tonga,Net Forest conversion,Emissions (CO2eq) (AR5),kilotonnes,0,0,0,0,0,0,0,0,0,0,0,0,0,0,0,0,0,0,0,0,0
Tonga,Savanna fires,Emissions (CH4),kilotonnes,0,0,0,0,0,0,0,0,0,0,0,0,0,0,0,0,0,0,0,0,0
Tonga,Savanna fires,Emissions (N2O),kilotonnes,0,0,0,0,0,0,0,0,0,0,0,0,0,0,0,0,0,0,0,0,0
Tonga,Savanna fires,Emissions (CO2eq) from CH4 (AR5),kilotonnes,0,0,0,0,0,0,0,0,0,0,0,0,0,0,0,0,0,0,0,0,0
Tonga,Savanna fires,Emissions (CO2eq) from N2O (AR5),kilotonnes,0,0,0,0,0,0,0,0,0,0,0,0,0,0,0,0,0,0,0,0,0
Tonga,Savanna fires,Emissions (CO2eq) (AR5),kilotonnes,0,0,0,0,0,0,0,0,0,0,0,0,0,0,0,0,0,0,0,0,0
Tonga,Fires in organic soils,Emissions (CH4),kilotonnes,0,0,0,0,0,0,0,0,0,0,0,0,0,0,0,0,0,0,0,0,0
Tonga,Fires in organic soils,Emissions (CO2),kilotonnes,0,0,0,0,0,0,0,0,0,0,0,0,0,0,0,0,0,0,0,0,0
Tonga,Fires in organic soils,Emissions (CO2eq) from CH4 (AR5),kilotonnes,0,0,0,0,0,0,0,0,0,0,0,0,0,0,0,0,0,0,0,0,0
Tonga,Fires in organic soils,Emissions (CO2eq) (AR5),kilotonnes,0,0,0,0,0,0,0,0,0,0,0,0,0,0,0,0,0,0,0,0,0
Tonga,Forest fires,Emissions (CH4),kilotonnes,0,0,0,0,0,0,0,0,0,0,0,0,0,0,0,0,0,0,0,0,0
Tonga,Forest fires,Emissions (N2O),kilotonnes,0,0,0,0,0,0,0,0,0,0,0,0,0,0,0,0,0,0,0,0,0
Tonga,Forest fires,Emissions (CO2eq) from CH4 (AR5),kilotonnes,0,0,0,0,0,0,0,0,0,0,0,0,0,0,0,0,0,0,0,0,0
Tonga,Forest fires,Emissions (CO2eq) from N2O (AR5),kilotonnes,0,0,0,0,0,0,0,0,0,0,0,0,0,0,0,0,0,0,0,0,0
Tonga,Forest fires,Emissions (CO2eq) (AR5),kilotonnes,0,0,0,0,0,0,0,0,0,0,0,0,0,0,0,0,0,0,0,0,0
Tonga,Fires in humid tropical forests,Emissions (CH4),kilotonnes,0,0,0,0,0,0,0,0,0,0,0,0,0,0,0,0,0,0,0,0,0
Tonga,Fires in humid tropical forests,Emissions (N2O),kilotonnes,0,0,0,0,0,0,0,0,0,0,0,0,0,0,0,0,0,0,0,0,0
Tonga,Fires in humid tropical forests,Emissions (CO2eq) from CH4 (AR5),kilotonnes,0,0,0,0,0,0,0,0,0,0,0,0,0,0,0,0,0,0,0,0,0
Tonga,Fires in humid tropical forests,Emissions (CO2eq) from N2O (AR5),kilotonnes,0,0,0,0,0,0,0,0,0,0,0,0,0,0,0,0,0,0,0,0,0
Tonga,Fires in humid tropical forests,Emissions (CO2eq) (AR5),kilotonnes,0,0,0,0,0,0,0,0,0,0,0,0,0,0,0,0,0,0,0,0,0
Tonga,Waste - agri-food systems,Emissions (CH4),kilotonnes,0.1339,0.1345,0.1351,0.1358,0.1365,0.1374,0.1385,0.1398,0.1407,0.1414,0.1414,0.1409,0.1401,0.1389,0.1344,0.1341,0.1345,0.1355,0.137,0.1385,0.1399
Tonga,Waste - agri-food systems,Emissions (N2O),kilotonnes,0.0001,0.0001,0.0001,0.0001,0.0001,0.0001,0.0001,0.0001,0.0001,0.0001,0.0001,0.0001,0.0001,0.0001,0,0,0,0,0,0,0
Tonga,Waste - agri-food systems,Emissions (CO2),kilotonnes,0,0,0,0,0,0,0,0,0,0,0,0,0,0,0,0,0,0,0,0,0
Tonga,Waste - agri-food systems,Emissions (CO2eq) from CH4 (AR5),kilotonnes,3.7488,3.7651,3.7833,3.8017,3.8218,3.8469,3.8789,3.9143,3.9399,3.9582,3.9591,3.9442,3.924,3.8878,3.7639,3.7549,3.7648,3.7941,3.8352,3.8777,3.9167
Tonga,Waste - agri-food systems,Emissions (CO2eq) from N2O (AR5),kilotonnes,0.0196,0.0195,0.0194,0.0193,0.0192,0.019,0.0193,0.0196,0.0194,0.0195,0.0193,0.0193,0.0197,0.0196,0.012,0.0121,0.012,0.0119,0.0119,0.0117,0.0115
Tonga,Waste - agri-food systems,Emissions (CO2eq) (AR5),kilotonnes,3.7684,3.7845,3.8027,3.821,3.841,3.8659,3.8982,3.934,3.9594,3.9777,3.9784,3.9635,3.9437,3.9074,3.776,3.767,3.7768,3.806,3.8471,3.8894,3.9281
Tonga,On-farm electricity use,Emissions (CH4),kilotonnes,0,0,0,0,0,0,0,0,0,0,0,0,0,0,0,0,0,0,0,0,0
Tonga,On-farm electricity use,Emissions (N2O),kilotonnes,0,0,0,0,0,0,0,0,0,0,0,0,0,0,0,0,0,0,0,0,0
Tonga,On-farm electricity use,Emissions (CO2),kilotonnes,0,0,0,0,0,0,0,0,0,0,0,0,0,0,0,0,0,0,0,0,0
Tonga,On-farm electricity use,Emissions (CO2eq) from CH4 (AR5),kilotonnes,0,0,0,0,0,0,0,0,0,0,0,0,0,0,0,0,0,0,0,0,0
Tonga,On-farm electricity use,Emissions (CO2eq) from N2O (AR5),kilotonnes,0,0,0,0,0,0,0,0,0,0,0,0,0,0,0,0,0,0,0,0,0
Tonga,On-farm electricity use,Emissions (CO2eq) (AR5),kilotonnes,0,0,0,0,0,0,0,0,0,0,0,0,0,0,0,0,0,0,0,0,0
Tonga,Food Processing,Emissions (CH4),kilotonnes,0.0007,0.0007,0.0008,0.0008,0.0009,0.0009,0.0009,0.0009,0.0008,0.0008,0.0007,0.001,0.0009,0.0009,0.0009,0.0011,0.0011,0.0011,0.0012,0.0012,0.0012
Tonga,Food Processing,Emissions (N2O),kilotonnes,0,0,0,0,0,0,0,0,0,0.0001,0.0001,0.0001,0.0001,0.0001,0.0001,0.0001,0.0001,0.0001,0.0001,0.0001,0.0001
Tonga,Food Processing,Emissions (CO2),kilotonnes,2.6731,2.5894,2.8403,3.3852,3.1075,3.4394,3.6253,3.2502,3.2598,6.9231,7.3566,6.3457,5.8985,6.5569,7.456,8.3568,8.617,10.205,10.9917,14.8499,14.7683
Tonga,Food Processing,Emissions (CO2eq) from CH4 (AR5),kilotonnes,0.0196,0.0196,0.0224,0.0224,0.0252,0.0252,0.0252,0.0252,0.0224,0.0224,0.0196,0.028,0.0252,0.0252,0.0252,0.0308,0.0308,0.0308,0.0336,0.0336,0.0338
Tonga,Food Processing,Emissions (CO2eq) from N2O (AR5),kilotonnes,0,0,0,0,0,0,0,0,0,0.0265,0.0265,0.0265,0.0265,0.0265,0.0265,0.0265,0.0265,0.0265,0.0265,0.0265,0.0274
Tonga,Food Processing,Emissions (CO2eq) (AR5),kilotonnes,2.6927,2.609,2.8627,3.4076,3.1327,3.4646,3.6505,3.2754,3.2822,6.972,7.4027,6.4002,5.9502,6.6086,7.5077,8.4141,8.6743,10.2623,11.0518,14.91,14.8295
Tonga,Food Packaging,Emissions (CH4),kilotonnes,0,0,0,0,0,0,0,0,0,0,0,0,0,0,0,0,0,0,0,0,0
Tonga,Food Packaging,Emissions (N2O),kilotonnes,0,0,0,0,0,0,0,0,0,0,0,0,0,0,0,0,0,0,0,0,0
Tonga,Food Packaging,Emissions (CO2),kilotonnes,0.1721,0.1525,0.1964,0.1609,0.1443,0.1083,0.1277,0.1103,0.1235,0.142,0.1336,0.1095,0.1234,0.1489,0.1883,0.1771,0.2029,0.2358,0.3094,0.1727,0.1718
Tonga,Food Packaging,Emissions (CO2eq) from CH4 (AR5),kilotonnes,0,0,0,0,0,0,0,0,0,0,0,0,0,0,0,0,0,0,0,0,0
Tonga,Food Packaging,Emissions (CO2eq) from N2O (AR5),kilotonnes,0,0,0,0,0,0,0,0,0,0,0,0,0,0,0,0,0,0,0,0,0
Tonga,Food Packaging,Emissions (CO2eq) (AR5),kilotonnes,0.1721,0.1525,0.1964,0.1609,0.1443,0.1083,0.1277,0.1103,0.1235,0.142,0.1336,0.1095,0.1234,0.1489,0.1883,0.1771,0.2029,0.2358,0.3094,0.1727,0.1718
Tonga,Food Retail,Emissions (CH4),kilotonnes,0.0025,0.0024,0.0026,0.0026,0.0026,0.0026,0.0026,0.0026,0.0025,0.0026,0.0025,0.0026,0.0027,0.0028,0.0028,0.0029,0.0032,0.0033,0.0035,0.0034,0.0034
Tonga,Food Retail,Emissions (N2O),kilotonnes,0,0,0,0,0,0,0,0,0,0,0,0,0,0,0,0,0,0,0,0,0
Tonga,Food Retail,Emissions (CO2),kilotonnes,0.8064,0.7446,0.8715,0.99,0.9308,0.9646,1.0831,0.9646,1.0238,1.1169,1.023,1.0796,1.1236,1.1622,1.1974,1.2312,1.3358,1.3734,1.4645,1.4514,1.4434
Tonga,Food Retail,Emissions (CO2eq) from CH4 (AR5),kilotonnes,0.069,0.0677,0.0724,0.0741,0.0726,0.073,0.0739,0.0717,0.0712,0.0728,0.07,0.0728,0.0756,0.0784,0.0784,0.0812,0.0896,0.0924,0.098,0.0952,0.0957
Tonga,Food Retail,Emissions (CO2eq) from N2O (AR5),kilotonnes,0,0,0,0,0,0,0,0,0,0,0,0,0,0,0,0,0,0,0,0,0
Tonga,Food Retail,Emissions (CO2eq) (AR5),kilotonnes,0.8754,0.8123,0.9439,1.0641,1.0033,1.0376,1.157,1.0363,1.0951,1.1897,1.093,1.1524,1.1992,1.2406,1.2758,1.3124,1.4254,1.4658,1.5625,1.5466,1.5392
Tonga,Food Household Consumption,Emissions (CH4),kilotonnes,0.0002,0.0001,0.0001,0.0002,0.0002,0.0001,0.0002,0.0001,0.0002,0.0027,0.0025,0.0025,0.0025,0.0026,0.0027,0.0028,0.003,0.0031,0.0033,0.0035,0.0035
Tonga,Food Household Consumption,Emissions (N2O),kilotonnes,0,0,0,0,0,0,0,0,0,0,0,0,0,0,0,0,0,0,0,0,0
Tonga,Food Household Consumption,Emissions (CO2),kilotonnes,1.8712,0.9729,0.9311,1.3043,1.7014,0.648,1.2519,0.9103,1.2174,2.9331,2.2742,1.8071,1.673,1.6973,1.7865,1.7883,2.0592,2.0757,2.2326,2.3343,2.3215
Tonga,Food Household Consumption,Emissions (CO2eq) from CH4 (AR5),kilotonnes,0.0056,0.0028,0.0028,0.0056,0.0056,0.0028,0.0056,0.0028,0.0056,0.0756,0.07,0.07,0.07,0.0728,0.0756,0.0784,0.084,0.0868,0.0924,0.098,0.0985
Tonga,Food Household Consumption,Emissions (CO2eq) from N2O (AR5),kilotonnes,0,0,0,0,0,0,0,0,0,0,0,0,0,0,0,0,0,0,0,0,0
Tonga,Food Household Consumption,Emissions (CO2eq) (AR5),kilotonnes,1.8768,0.9757,0.9339,1.3099,1.707,0.6508,1.2575,0.9131,1.223,3.0087,2.3442,1.8771,1.743,1.7701,1.8621,1.8667,2.1432,2.1625,2.325,2.4323,2.42
Tonga,Food Transport,Emissions (CH4),kilotonnes,0.0003,0.0003,0.0002,0.0003,0.0002,0.0002,0.0002,0.0002,0.0003,0.0004,0.0004,0.0005,0.0004,0.0004,0.0004,0.0004,0.0004,0.0003,0.0004,0.0002,0.0002
Tonga,Food Transport,Emissions (N2O),kilotonnes,0.0001,0.0001,0.0001,0.0001,0.0001,0.0001,0.0001,0.0001,0.0002,0.0002,0.0002,0.0003,0.0002,0.0002,0.0002,0.0002,0.0002,0.0002,0.0002,0.0002,0.0002
Tonga,Food Transport,Emissions (CO2),kilotonnes,2.5349,2.1702,2.2336,2.8626,2.6033,2.9819,3.4673,2.3327,3.6414,4.6887,5.1319,7.544,7.1231,6.1263,6.197,7.1244,6.8131,6.2246,6.3978,6.6878,6.6511
Tonga,Food Transport,Emissions (CO2eq) from CH4 (AR5),kilotonnes,0.0084,0.0084,0.0056,0.0084,0.0056,0.0056,0.0056,0.0056,0.0084,0.0112,0.0112,0.014,0.0112,0.0112,0.0112,0.0112,0.0112,0.0084,0.0112,0.0056,0.0056
Tonga,Food Transport,Emissions (CO2eq) from N2O (AR5),kilotonnes,0.0265,0.0265,0.0265,0.0265,0.0265,0.0265,0.0265,0.0265,0.053,0.053,0.053,0.0795,0.053,0.053,0.053,0.053,0.053,0.053,0.053,0.053,0.0549
Tonga,Food Transport,Emissions (CO2eq) (AR5),kilotonnes,2.5698,2.2051,2.2657,2.8975,2.6354,3.014,3.4994,2.3648,3.7028,4.7529,5.1961,7.6375,7.1873,6.1905,6.2612,7.1886,6.8773,6.286,6.462,6.7464,6.7115
Tonga,Energy,Emissions (CH4),kilotonnes,0.0309,0.0303,0.0324,0.0332,0.0325,0.0327,0.0331,0.0321,0.0319,0.0326,0.0276,0.0402,0.0397,0.0363,0.0342,0.0354,0.0346,0.0343,0.0337,0.0359,0.0361
Tonga,Energy,Emissions (N2O),kilotonnes,0.0019,0.0017,0.0018,0.0021,0.0019,0.0021,0.0022,0.0017,0.0022,0.0025,0.0023,0.0043,0.0038,0.0036,0.0032,0.0035,0.0036,0.0033,0.0033,0.004,0.0041
Tonga,Energy,Emissions (CO2),kilotonnes,95.3,88,103,117,110,114,128,114,121,132,117,103,106,114,114,121,128,158,167,182,181
Tonga,Energy,Emissions (CO2eq) from CH4 (AR5),kilotonnes,0.8652,0.8484,0.9072,0.9296,0.91,0.9156,0.9268,0.8988,0.8932,0.9128,0.7728,1.1256,1.1116,1.0164,0.9576,0.9912,0.9688,0.9604,0.9436,1.0052,1.0108
Tonga,Energy,Emissions (CO2eq) from N2O (AR5),kilotonnes,0.4903,0.4585,0.4638,0.5671,0.5062,0.5591,0.5857,0.4611,0.5857,0.6625,0.6095,1.1501,0.9991,0.9593,0.8586,0.9381,0.9408,0.8613,0.8851,1.0547,1.0918
Tonga,Energy,Emissions (CO2eq) (AR5),kilotonnes,96.6555,89.3068,104.3709,118.4967,111.4162,115.4748,129.5125,115.3599,122.4788,133.5753,118.3823,105.2757,108.1106,115.9757,115.8162,122.9293,129.9095,159.8217,168.8287,184.0599,183.1026
Tonga,IPPU,Emissions (N2O),kilotonnes,0.002,0.002,0.002,0.002,0.002,0.0021,0.0021,0.0021,0.0021,0.0021,0.0021,0.0021,0.0021,0.0021,0.0022,0.0022,0.0022,0.0022,0.0022,0.0022,0.0022
Tonga,IPPU,Emissions (CO2),kilotonnes,0.576,0.53,0.513,0.545,0.56,0.579,0.612,0.567,0.559,0.552,0.527,0.521,0.534,0.53,0.543,0.58,0.639,0.669,0.696,0.623,0.629
Tonga,IPPU,Emissions (CO2eq) from N2O (AR5),kilotonnes,0.53,0.5327,0.5353,0.538,0.5406,0.5459,0.5486,0.5512,0.5565,0.5591,0.5618,0.5645,0.5671,0.5671,0.5698,0.5751,0.5777,0.583,0.5883,0.5883,0.591
Tonga,IPPU,Emissions (CO2eq) (AR5),kilotonnes,1.106,1.0627,1.0483,1.083,1.1006,1.1249,1.1605,1.1182,1.1155,1.1111,1.0888,1.0855,1.1011,1.0971,1.1128,1.1551,1.2167,1.252,1.2843,1.2113,1.22
Tonga,Waste,Emissions (CH4),kilotonnes,0.938,0.949,0.96,0.969,0.975,0.983,0.989,0.99,1,1.01,1.02,1.03,1.04,1.04,1.04,1.05,1.06,1.07,1.08,1.08,1.09
Tonga,Waste,Emissions (N2O),kilotonnes,0.09,0.0901,0.0904,0.0909,0.0919,0.0932,0.095,0.0905,0.0901,0.0898,0.0895,0.0891,0.0888,0.0884,0.0881,0.0878,0.0874,0.0871,0.0867,0.0864,0.0861
Tonga,Waste,Emissions (CO2eq) from CH4 (AR5),kilotonnes,26.264,26.572,26.88,27.132,27.3,27.524,27.692,27.72,28,28.28,28.56,28.84,29.12,29.12,29.12,29.4,29.68,29.96,30.24,30.24,30.52
Tonga,Waste,Emissions (CO2eq) from N2O (AR5),kilotonnes,23.85,23.8765,23.956,24.0885,24.3535,24.698,25.175,23.9825,23.8765,23.797,23.7175,23.6115,23.532,23.426,23.3465,23.267,23.161,23.0815,22.9755,22.896,22.8165
Tonga,Waste,Emissions (CO2eq) (AR5),kilotonnes,50.114,50.4485,50.836,51.2205,51.6535,52.222,52.867,51.7025,51.8765,52.077,52.2775,52.4515,52.652,52.546,52.4665,52.667,52.841,53.0415,53.2155,53.136,53.3365
Tonga,Other,Emissions (N2O),kilotonnes,0.0036,0.0036,0.0041,0.0052,0.0048,0.0051,0.0052,0.0041,0.004,0.004,0.0036,0.0037,0.0035,0.0035,0.004,0.0042,0.0045,0.0041,0.0042,0.0037,0.0037
Tonga,Other,Emissions (CO2eq) from N2O (AR5),kilotonnes,0.9487,0.9514,1.0892,1.3727,1.2588,1.3621,1.3674,1.0838,1.0494,1.052,0.9487,0.9673,0.9302,0.9222,1.0547,1.121,1.1819,1.0812,1.1103,0.9911,0.9779
Tonga,Other,Emissions (CO2eq) (AR5),kilotonnes,0.9487,0.9514,1.0892,1.3727,1.2588,1.3621,1.3674,1.0838,1.0494,1.052,0.9487,0.9673,0.9302,0.9222,1.0547,1.121,1.1819,1.0812,1.1103,0.9911,0.9779
Tonga,Farm-gate emissions,Emissions (CH4),kilotonnes,2.2299,2.2269,2.227,2.227,2.227,2.227,2.2271,2.2362,2.2363,2.2363,2.2392,2.2362,2.266,2.2786,2.2933,2.3078,2.3203,2.3151,2.3186,2.322,2.3238
Tonga,Farm-gate emissions,Direct emissions (N2O),kilotonnes,0.0376,0.0375,0.0375,0.0375,0.0375,0.0375,0.0375,0.0379,0.0396,0.0396,0.0381,0.038,0.0393,0.0398,0.0397,0.0402,0.0411,0.0414,0.0407,0.0411,0.0412
Tonga,Farm-gate emissions,Indirect emissions (N2O),kilotonnes,0.0118,0.0118,0.0118,0.0118,0.0118,0.0118,0.0118,0.0119,0.0125,0.0125,0.012,0.012,0.0124,0.0125,0.0124,0.0126,0.0129,0.013,0.0128,0.0129,0.0129
Tonga,Farm-gate emissions,Emissions (N2O),kilotonnes,0.0619,0.0619,0.0619,0.0619,0.0619,0.0619,0.0619,0.0626,0.0648,0.0647,0.0627,0.0626,0.0645,0.0653,0.0651,0.0659,0.0671,0.0675,0.0666,0.0672,0.0673
Tonga,Farm-gate emissions,Emissions (CO2),kilotonnes,3.5874,3.7984,4.1203,4.5907,4.0388,4.3757,5.0643,4.3492,4.5658,4.9074,4.5414,4.2624,4.7309,16.8282,11.6834,7.8946,6.3777,6.5285,4.8542,3.5254,3.5254
Tonga,Farm-gate emissions,Emissions (CO2eq) from CH4 (AR5),kilotonnes,62.4373,62.3534,62.3557,62.3567,62.3555,62.3563,62.3578,62.6138,62.6159,62.6167,62.6971,62.6125,63.4479,63.8005,64.213,64.6172,64.9697,64.8227,64.9196,65.0148,65.0652
Tonga,Farm-gate emissions,Emissions (CO2eq) from N2O (AR5),kilotonnes,16.4106,16.4073,16.4075,16.4077,16.4075,16.409,16.4093,16.5832,17.161,17.1583,16.6265,16.5941,17.082,17.3002,17.2561,17.4514,17.7734,17.8773,17.6413,17.8042,17.8293
Tonga,Farm-gate emissions,Emissions (CO2eq) (AR5),kilotonnes,82.4354,82.5591,82.8835,83.3552,82.8018,83.141,83.8315,83.5463,84.3428,84.6825,83.865,83.4689,85.2607,97.9289,93.1525,89.9632,89.1209,89.2286,87.4152,86.3444,86.4198
Tonga,Land Use change,Emissions (CH4),kilotonnes,0,0,0,0,0,0,0,0,0,0,0,0,0,0,0,0,0,0,0,0,0
Tonga,Land Use change,Emissions (N2O),kilotonnes,0,0,0,0,0,0,0,0,0,0,0,0,0,0,0,0,0,0,0,0,0
Tonga,Land Use change,Emissions (CO2),kilotonnes,0,0,0,0,0,0,0,0,0,0,0,0,0,0,0,0,0,0,0,0,0
Tonga,Land Use change,Emissions (CO2eq) from CH4 (AR5),kilotonnes,0,0,0,0,0,0,0,0,0,0,0,0,0,0,0,0,0,0,0,0,0
Tonga,Land Use change,Emissions (CO2eq) from N2O (AR5),kilotonnes,0,0,0,0,0,0,0,0,0,0,0,0,0,0,0,0,0,0,0,0,0
Tonga,Land Use change,Emissions (CO2eq) (AR5),kilotonnes,0,0,0,0,0,0,0,0,0,0,0,0,0,0,0,0,0,0,0,0,0
Tonga,Emissions on agricultural land,Emissions (CH4),kilotonnes,2.2299,2.2269,2.227,2.227,2.227,2.227,2.2271,2.2362,2.2363,2.2363,2.2392,2.2362,2.266,2.2786,2.2933,2.3078,2.3203,2.3151,2.3186,2.322,2.3238
Tonga,Emissions on agricultural land,Emissions (N2O),kilotonnes,0.0619,0.0619,0.0619,0.0619,0.0619,0.0619,0.0619,0.0626,0.0648,0.0647,0.0627,0.0626,0.0645,0.0653,0.0651,0.0659,0.0671,0.0675,0.0666,0.0672,0.0673
Tonga,Emissions on agricultural land,Emissions (CO2),kilotonnes,3.5874,3.7984,4.1203,4.5907,4.0388,4.3757,5.0643,4.3492,4.5658,4.9074,4.5414,4.2624,4.7309,16.8282,11.6834,7.8946,6.3777,6.5285,4.8542,3.5254,3.5254
Tonga,Emissions on agricultural land,Emissions (CO2eq) from CH4 (AR5),kilotonnes,62.4373,62.3534,62.3557,62.3567,62.3555,62.3563,62.3578,62.6138,62.6159,62.6167,62.6971,62.6125,63.4479,63.8005,64.213,64.6172,64.9697,64.8227,64.9196,65.0148,65.0652
Tonga,Emissions on agricultural land,Emissions (CO2eq) from N2O (AR5),kilotonnes,16.4106,16.4073,16.4075,16.4077,16.4075,16.409,16.4093,16.5832,17.161,17.1583,16.6265,16.5941,17.082,17.3002,17.2561,17.4514,17.7734,17.8773,17.6413,17.8042,17.8293
Tonga,Emissions on agricultural land,Emissions (CO2eq) (AR5),kilotonnes,82.4354,82.5591,82.8835,83.3552,82.8018,83.141,83.8315,83.5463,84.3428,84.6825,83.865,83.4689,85.2607,97.9289,93.1525,89.9632,89.1209,89.2286,87.4152,86.3444,86.4198
Tonga,Pre- and post- production,Emissions (CH4),kilotonnes,0.1375,0.138,0.1388,0.1397,0.1404,0.1412,0.1425,0.1436,0.1446,0.1479,0.1475,0.1475,0.1466,0.1456,0.1412,0.1413,0.1422,0.1433,0.1454,0.1468,0.1482
Tonga,Pre- and post- production,Emissions (N2O),kilotonnes,0.0002,0.0002,0.0002,0.0002,0.0002,0.0002,0.0002,0.0002,0.0003,0.0004,0.0004,0.0005,0.0004,0.0004,0.0003,0.0003,0.0003,0.0003,0.0003,0.0003,0.0004
Tonga,Pre- and post- production,Emissions (CO2),kilotonnes,8.0577,6.6296,7.0729,8.703,8.4872,8.1422,9.5553,7.5681,9.2659,15.8038,15.9193,16.8859,15.9416,15.6916,16.8252,18.6778,19.028,20.1145,21.396,25.4961,25.356
Tonga,Pre- and post- production,Emissions (CO2eq) from CH4 (AR5),kilotonnes,3.8514,3.8636,3.8864,3.9123,3.9308,3.9535,3.9892,4.0196,4.0476,4.1402,4.1299,4.129,4.106,4.0754,3.9543,3.9565,3.9804,4.0125,4.0704,4.1101,4.1503
Tonga,Pre- and post- production,Emissions (CO2eq) from N2O (AR5),kilotonnes,0.0461,0.046,0.0459,0.0458,0.0457,0.0455,0.0458,0.0461,0.0724,0.099,0.0988,0.1253,0.0992,0.0991,0.0915,0.0916,0.0915,0.0914,0.0914,0.0912,0.0938
Tonga,Pre- and post- production,Emissions (CO2eq) (AR5),kilotonnes,11.9551,10.5391,11.0053,12.6611,12.4637,12.1412,13.5902,11.6339,13.3859,20.043,20.148,21.1402,20.1468,19.8661,20.8711,22.7259,23.0999,24.2184,25.5578,29.6974,29.6001
Tonga,Agri-food systems,Emissions (CH4),kilotonnes,2.3675,2.3649,2.3658,2.3668,2.3674,2.3682,2.3695,2.3798,2.3808,2.3842,2.3867,2.3836,2.4126,2.4241,2.4345,2.4491,2.4625,2.4584,2.4639,2.4687,2.472
Tonga,Agri-food systems,Emissions (N2O),kilotonnes,0.0621,0.0621,0.0621,0.0621,0.0621,0.0621,0.0621,0.0628,0.065,0.0651,0.0631,0.0631,0.0648,0.0657,0.0655,0.0662,0.0674,0.0678,0.0669,0.0675,0.0676
Tonga,Agri-food systems,Emissions (CO2),kilotonnes,11.6451,10.428,11.1932,13.2937,12.526,12.5179,14.6196,11.9173,13.8318,20.7112,20.4607,21.1483,20.6725,32.5198,28.5086,26.5724,25.4057,26.643,26.2502,29.0215,28.8814
Tonga,Agri-food systems,Emissions (CO2eq) from CH4 (AR5),kilotonnes,66.2887,66.2169,66.2421,66.269,66.2863,66.3098,66.347,66.6335,66.6635,66.7569,66.827,66.7414,67.5539,67.876,68.1673,68.5736,68.9501,68.8352,68.99,69.1249,69.2155
Tonga,Agri-food systems,Emissions (CO2eq) from N2O (AR5),kilotonnes,16.4567,16.4533,16.4534,16.4535,16.4531,16.4546,16.4551,16.6294,17.2335,17.2573,16.7253,16.7193,17.1811,17.3993,17.3477,17.543,17.8649,17.9688,17.7327,17.8954,17.923
Tonga,Agri-food systems,Emissions (CO2eq) (AR5),kilotonnes,94.3905,93.0982,93.8888,96.0162,95.2655,95.2822,97.4217,95.1801,97.7287,104.7255,104.013,104.6091,105.4075,117.795,114.0236,112.6891,112.2208,113.447,112.973,116.0417,116.0199
Tonga,IPCC Agriculture,Emissions (CH4),kilotonnes,2.2296,2.2266,2.2267,2.2267,2.2267,2.2267,2.2267,2.2359,2.2359,2.2359,2.2388,2.2358,2.2656,2.2773,2.2924,2.3071,2.3198,2.3146,2.3182,2.3217,2.3235
Tonga,IPCC Agriculture,Emissions (CH4),kilotonnes,3.12,,,,,,0.79,,,,,,,,,,,,,,
Tonga,IPCC Agriculture,Direct emissions (N2O),kilotonnes,0.0376,0.0375,0.0375,0.0375,0.0375,0.0375,0.0375,0.0379,0.0396,0.0396,0.0381,0.038,0.0393,0.0398,0.0397,0.0402,0.0411,0.0414,0.0407,0.0411,0.0412
Tonga,IPCC Agriculture,Indirect emissions (N2O),kilotonnes,0.0118,0.0118,0.0118,0.0118,0.0118,0.0118,0.0118,0.0119,0.0125,0.0125,0.012,0.012,0.0124,0.0125,0.0124,0.0126,0.0129,0.013,0.0128,0.0129,0.0129
Tonga,IPCC Agriculture,Emissions (N2O),kilotonnes,0.0619,0.0619,0.0619,0.0619,0.0619,0.0619,0.0619,0.0626,0.0648,0.0647,0.0627,0.0626,0.0645,0.0653,0.0651,0.0658,0.0671,0.0675,0.0666,0.0672,0.0673
Tonga,IPCC Agriculture,Emissions (N2O),kilotonnes,0.09,,,,,,0.04,,,,,,,,,,,,,,
Tonga,IPCC Agriculture,Emissions (CO2eq) from CH4 (AR5),kilotonnes,62.4294,62.3449,62.3466,62.3466,62.3466,62.3466,62.3466,62.6042,62.6058,62.6058,62.687,62.603,63.4374,63.7632,64.1871,64.5996,64.9556,64.8082,64.9088,65.007,65.0574
Tonga,IPCC Agriculture,Emissions (CO2eq) from CH4 (AR5),kilotonnes,87.36,,,,,,22.12,,,,,,,,,,,,,,
Tonga,IPCC Agriculture,Emissions (CO2eq) from N2O (AR5),kilotonnes,16.4091,16.4057,16.4058,16.4058,16.4058,16.4072,16.4072,16.5814,17.1591,17.1563,16.6246,16.5923,17.08,17.2931,17.2512,17.4481,17.7708,17.8746,17.6393,17.8027,17.8278
Tonga,IPCC Agriculture,Emissions (CO2eq) from N2O (AR5),kilotonnes,23.85,,,,,,10.6,,,,,,,,,,,,,,
Tonga,IPCC Agriculture,Emissions (CO2eq) (AR5),kilotonnes,78.8385,78.7506,78.7523,78.7523,78.7523,78.7538,78.7538,79.1856,79.7649,79.7621,79.3116,79.1953,80.5173,81.0563,81.4383,82.0478,82.7263,82.6828,82.5481,82.8097,82.8851
Tonga,IPCC Agriculture,Emissions (CO2eq) (AR5),kilotonnes,111.21,,,,,,32.72,,,,,,,,,,,,,,
Tonga,Agricultural Soils,Direct emissions (N2O),kilotonnes,0.0376,0.0375,0.0375,0.0375,0.0375,0.0375,0.0375,0.0379,0.0396,0.0396,0.0381,0.038,0.0393,0.0398,0.0397,0.0402,0.0411,0.0414,0.0407,0.0411,0.0412
Tonga,Agricultural Soils,Indirect emissions (N2O),kilotonnes,0.0118,0.0118,0.0118,0.0118,0.0118,0.0118,0.0118,0.0119,0.0125,0.0125,0.012,0.012,0.0124,0.0125,0.0124,0.0126,0.0129,0.013,0.0128,0.0129,0.0129
Tonga,Agricultural Soils,Emissions (N2O),kilotonnes,0.0494,0.0493,0.0493,0.0493,0.0493,0.0493,0.0493,0.0499,0.0521,0.0521,0.0501,0.0499,0.0516,0.0523,0.0521,0.0528,0.054,0.0543,0.0535,0.0541,0.0541
Tonga,Agricultural Soils,Emissions (N2O),kilotonnes,0.09,,,,,,0.04,,,,,,,,,,,,,,
Tonga,Agricultural Soils,Emissions (CO2eq) from N2O (AR5),kilotonnes,13.08,13.0751,13.0752,13.0752,13.0752,13.0763,13.0763,13.2155,13.7968,13.7947,13.2633,13.2336,13.6852,13.8711,13.8122,13.9916,14.3015,14.4017,14.1651,14.3253,14.347
Tonga,Agricultural Soils,Emissions (CO2eq) from N2O (AR5),kilotonnes,23.85,,,,,,10.6,,,,,,,,,,,,,,
Tonga,Agricultural Soils,Emissions (CO2eq) (AR5),kilotonnes,13.08,13.0751,13.0752,13.0752,13.0752,13.0763,13.0763,13.2155,13.7968,13.7947,13.2633,13.2336,13.6852,13.8711,13.8122,13.9916,14.3015,14.4017,14.1651,14.3253,14.347
Tonga,Agricultural Soils,Emissions (CO2eq) (AR5),kilotonnes,23.85,,,,,,10.6,,,,,,,,,,,,,,
Tonga,LULUCF,Emissions (CH4),kilotonnes,0,0,0,0,0,0,0,0,0,0,0,0,0,0,0,0,0,0,0,0,0
Tonga,LULUCF,Emissions (N2O),kilotonnes,0,0,0,0,0,0,0,0,0,0,0,0,0,0,0,0,0,0,0,0,0
Tonga,LULUCF,Emissions (CO2),kilotonnes,0,0,0,0,0,0,0,0,0,0,0,0,0,0,0,0,0,0,0,0,0
Tonga,LULUCF,Emissions (CO2),kilotonnes,-1830.29,,,,,,-1691.97,,,,,,,,,,,,,,
Tonga,LULUCF,Emissions (CO2eq) from CH4 (AR5),kilotonnes,0,0,0,0,0,0,0,0,0,0,0,0,0,0,0,0,0,0,0,0,0
Tonga,LULUCF,Emissions (CO2eq) from N2O (AR5),kilotonnes,0,0,0,0,0,0,0,0,0,0,0,0,0,0,0,0,0,0,0,0,0
Tonga,LULUCF,Emissions (CO2eq) (AR5),kilotonnes,0,0,0,0,0,0,0,0,0,0,0,0,0,0,0,0,0,0,0,0,0
Tonga,LULUCF,Emissions (CO2eq) (AR5),kilotonnes,-1830.29,,,,,,-1691.97,,,,,,,,,,,,,,
Tonga,AFOLU,Emissions (CH4),kilotonnes,2.2296,2.2266,2.2267,2.2267,2.2267,2.2267,2.2267,2.2359,2.2359,2.2359,2.2388,2.2358,2.2656,2.2773,2.2924,2.3071,2.3198,2.3146,2.3182,2.3217,2.3235
Tonga,AFOLU,Emissions (N2O),kilotonnes,0.0619,0.0619,0.0619,0.0619,0.0619,0.0619,0.0619,0.0626,0.0648,0.0647,0.0627,0.0626,0.0645,0.0653,0.0651,0.0658,0.0671,0.0675,0.0666,0.0672,0.0673
Tonga,AFOLU,Emissions (CO2),kilotonnes,0,0,0,0,0,0,0,0,0,0,0,0,0,0,0,0,0,0,0,0,0
Tonga,AFOLU,Emissions (CO2eq) from CH4 (AR5),kilotonnes,62.4294,62.3449,62.3466,62.3466,62.3466,62.3466,62.3466,62.6042,62.6058,62.6058,62.687,62.603,63.4374,63.7632,64.1871,64.5996,64.9556,64.8082,64.9088,65.007,65.0574
Tonga,AFOLU,Emissions (CO2eq) from N2O (AR5),kilotonnes,16.4091,16.4057,16.4058,16.4058,16.4058,16.4072,16.4072,16.5814,17.1591,17.1563,16.6246,16.5923,17.08,17.2931,17.2512,17.4481,17.7708,17.8746,17.6393,17.8027,17.8278
Tonga,AFOLU,Emissions (CO2eq) (AR5),kilotonnes,78.8385,78.7506,78.7523,78.7523,78.7523,78.7538,78.7538,79.1856,79.7649,79.7621,79.3116,79.1953,80.5173,81.0563,81.4383,82.0478,82.7263,82.6828,82.5481,82.8097,82.8851
Tonga,All sectors with LULUCF,Emissions (CH4),kilotonnes,3.1985,3.2059,3.2191,3.2289,3.2342,3.2424,3.2488,3.258,3.2678,3.2785,3.2864,3.306,3.3453,3.3536,3.3666,3.3925,3.4144,3.4189,3.4319,3.4376,3.4496
Tonga,All sectors with LULUCF,Emissions (N2O),kilotonnes,0.1594,0.1593,0.1602,0.1622,0.1625,0.1644,0.1664,0.161,0.1631,0.1631,0.1602,0.1618,0.1627,0.1629,0.1626,0.1636,0.1646,0.1641,0.163,0.1635,0.1634
Tonga,All sectors with LULUCF,Emissions (CO2),kilotonnes,95.876,88.53,103.513,117.545,110.56,114.579,128.612,114.567,121.559,132.552,117.527,103.521,106.534,114.53,114.543,121.58,128.639,158.669,167.696,182.623,181.629
Tonga,All sectors with LULUCF,Emissions (CO2eq) from CH4 (AR5),kilotonnes,89.5586,89.7653,90.1338,90.4082,90.5566,90.7862,90.9654,91.223,91.499,91.7986,92.0198,92.5686,93.669,93.8996,94.2647,94.9908,95.6044,95.7286,96.0924,96.2522,96.5882
Tonga,All sectors with LULUCF,Emissions (CO2eq) from N2O (AR5),kilotonnes,42.2281,42.2247,42.45,42.972,43.0648,43.5724,44.0838,42.6601,43.2272,43.227,42.4621,42.8856,43.1083,43.1677,43.0808,43.3492,43.6321,43.4815,43.1985,43.3328,43.3049
Tonga,All sectors with LULUCF,Emissions (CO2eq) (AR5),kilotonnes,227.6626,220.52,236.0967,250.9252,244.1813,248.9375,263.6612,248.45,256.2852,267.5776,252.0089,238.9752,243.3112,251.5973,251.8884,259.9201,267.8755,297.8792,306.987,322.208,321.522
Tonga,All sectors without LULUCF,Emissions (CH4),kilotonnes,3.1985,3.2059,3.2191,3.2289,3.2342,3.2424,3.2488,3.258,3.2678,3.2785,3.2864,3.306,3.3453,3.3536,3.3666,3.3925,3.4144,3.4189,3.4319,3.4376,3.4496
Tonga,All sectors without LULUCF,Emissions (N2O),kilotonnes,0.1594,0.1593,0.1602,0.1622,0.1625,0.1644,0.1664,0.161,0.1631,0.1631,0.1602,0.1618,0.1627,0.1629,0.1626,0.1636,0.1646,0.1641,0.163,0.1635,0.1634
Tonga,All sectors without LULUCF,Emissions (CO2),kilotonnes,95.876,88.53,103.513,117.545,110.56,114.579,128.612,114.567,121.559,132.552,117.527,103.521,106.534,114.53,114.543,121.58,128.639,158.669,167.696,182.623,181.629
Tonga,All sectors without LULUCF,Emissions (CO2eq) from CH4 (AR5),kilotonnes,89.5586,89.7653,90.1338,90.4082,90.5566,90.7862,90.9654,91.223,91.499,91.7986,92.0198,92.5686,93.669,93.8996,94.2647,94.9908,95.6044,95.7286,96.0924,96.2522,96.5882
Tonga,All sectors without LULUCF,Emissions (CO2eq) from N2O (AR5),kilotonnes,42.2281,42.2247,42.45,42.972,43.0648,43.5724,44.0838,42.6601,43.2272,43.227,42.4621,42.8856,43.1083,43.1677,43.0808,43.3492,43.6321,43.4815,43.1985,43.3328,43.3049
Tonga,All sectors without LULUCF,Emissions (CO2eq) (AR5),kilotonnes,227.6626,220.52,236.0967,250.9252,244.1813,248.9375,263.6612,248.45,256.2852,267.5776,252.0089,238.9752,243.3112,251.5973,251.8884,259.9201,267.8755,297.8792,306.987,322.208,321.522
Trinidad and Tobago,Crop Residues,Direct emissions (N2O),kilotonnes,0.0017,0.0015,0.0018,0.0012,0.0012,0.0013,0.0012,0.0015,0.0015,0.0013,0.0013,0.0015,0.0015,0.0016,0.0019,0.0017,0.0014,0.0012,0.001,0.0015,0.0015
Trinidad and Tobago,Crop Residues,Indirect emissions (N2O),kilotonnes,0.0004,0.0003,0.0004,0.0003,0.0003,0.0003,0.0003,0.0003,0.0003,0.0003,0.0003,0.0003,0.0003,0.0004,0.0004,0.0004,0.0003,0.0003,0.0002,0.0003,0.0003
Trinidad and Tobago,Crop Residues,Emissions (N2O),kilotonnes,0.0021,0.0018,0.0023,0.0015,0.0014,0.0016,0.0015,0.0018,0.0018,0.0016,0.0016,0.0019,0.0018,0.002,0.0023,0.0021,0.0017,0.0015,0.0012,0.0018,0.0018
Trinidad and Tobago,Crop Residues,Emissions (CO2eq) from N2O (AR5),kilotonnes,0.5651,0.4856,0.599,0.3902,0.3832,0.4211,0.3846,0.4828,0.4816,0.4181,0.4319,0.4945,0.4828,0.5179,0.6037,0.5672,0.4534,0.4007,0.3199,0.4723,0.4786
Trinidad and Tobago,Crop Residues,Emissions (CO2eq) (AR5),kilotonnes,0.5651,0.4856,0.599,0.3902,0.3832,0.4211,0.3846,0.4828,0.4816,0.4181,0.4319,0.4945,0.4828,0.5179,0.6037,0.5672,0.4534,0.4007,0.3199,0.4723,0.4786
Trinidad and Tobago,Rice Cultivation,Emissions (CH4),kilotonnes,0.3528,0.3528,0.378,0.2394,0.2268,0.252,0.237,0.2749,0.2749,0.2461,0.2497,0.2942,0.3049,0.3159,0.4183,0.4184,0.262,0.1789,0.1043,0.252,0.252
Trinidad and Tobago,Rice Cultivation,Emissions (CO2eq) from CH4 (AR5),kilotonnes,9.8784,9.8784,10.584,6.7032,6.3504,7.056,6.6362,7.6981,7.6981,6.8902,6.9925,8.2379,8.5378,8.8447,11.713,11.7165,7.3347,5.0098,2.9212,7.056,7.056
Trinidad and Tobago,Rice Cultivation,Emissions (CO2eq) (AR5),kilotonnes,9.8784,9.8784,10.584,6.7032,6.3504,7.056,6.6362,7.6981,7.6981,6.8902,6.9925,8.2379,8.5378,8.8447,11.713,11.7165,7.3347,5.0098,2.9212,7.056,7.056
Trinidad and Tobago,Burning - Crop residues,Emissions (CH4),kilotonnes,0.049,0.0394,0.051,0.034,0.0235,0.0205,0.0341,0.0336,0.007,0.0061,0.0064,0.0072,0.0074,0.0075,0.009,0.0092,0.0078,0.0077,0.0077,0.0111,0.0111
Trinidad and Tobago,Burning - Crop residues,Emissions (CH4),kilotonnes,,,,,,,,,,,,,,,,,,,,,
Trinidad and Tobago,Burning - Crop residues,Emissions (N2O),kilotonnes,0.0013,0.001,0.0013,0.0009,0.0006,0.0005,0.0009,0.0009,0.0002,0.0002,0.0002,0.0002,0.0002,0.0002,0.0002,0.0002,0.0002,0.0002,0.0002,0.0003,0.0003
Trinidad and Tobago,Burning - Crop residues,Emissions (N2O),kilotonnes,,,,,,,,,,,,,,,,,,,,,
Trinidad and Tobago,Burning - Crop residues,Emissions (CO2eq) from CH4 (AR5),kilotonnes,1.3733,1.103,1.4269,0.9522,0.657,0.5746,0.9552,0.9412,0.1966,0.1719,0.1802,0.2029,0.2065,0.2101,0.2514,0.2574,0.2189,0.2155,0.2142,0.31,0.31
Trinidad and Tobago,Burning - Crop residues,Emissions (CO2eq) from CH4 (AR5),kilotonnes,,,,,,,,,,,,,,,,,,,,,
Trinidad and Tobago,Burning - Crop residues,Emissions (CO2eq) from N2O (AR5),kilotonnes,0.337,0.2706,0.3501,0.2336,0.1612,0.141,0.2344,0.2309,0.0482,0.0422,0.0442,0.0498,0.0507,0.0515,0.0617,0.0632,0.0537,0.0529,0.0526,0.0761,0.0761
Trinidad and Tobago,Burning - Crop residues,Emissions (CO2eq) from N2O (AR5),kilotonnes,,,,,,,,,,,,,,,,,,,,,
Trinidad and Tobago,Burning - Crop residues,Emissions (CO2eq) (AR5),kilotonnes,1.7102,1.3736,1.7771,1.1858,0.8182,0.7155,1.1895,1.1722,0.2448,0.2141,0.2244,0.2527,0.2571,0.2616,0.313,0.3205,0.2726,0.2683,0.2668,0.386,0.386
Trinidad and Tobago,Burning - Crop residues,Emissions (CO2eq) (AR5),kilotonnes,,,,,,,,,,,,,,,,,,,,,
Trinidad and Tobago,Enteric Fermentation,Emissions (CH4),kilotonnes,2.6141,2.6216,2.718,2.5934,2.6215,2.6284,2.6215,2.5766,2.5502,2.5658,2.5233,2.5418,2.5747,2.7099,2.6317,2.6232,2.546,2.5733,2.6269,2.6172,2.6399
Trinidad and Tobago,Enteric Fermentation,Emissions (CH4),kilotonnes,,,,,,,,,,,,,,,,,,,,,
Trinidad and Tobago,Enteric Fermentation,Emissions (CO2eq) from CH4 (AR5),kilotonnes,73.1934,73.4054,76.104,72.6158,73.4014,73.5963,73.4033,72.1461,71.4052,71.841,70.6514,71.1715,72.0904,75.8769,73.6863,73.4492,71.2894,72.0518,73.5525,73.2804,73.9169
Trinidad and Tobago,Enteric Fermentation,Emissions (CO2eq) from CH4 (AR5),kilotonnes,,,,,,,,,,,,,,,,,,,,,
Trinidad and Tobago,Enteric Fermentation,Emissions (CO2eq) (AR5),kilotonnes,73.1934,73.4054,76.104,72.6158,73.4014,73.5963,73.4033,72.1461,71.4052,71.841,70.6514,71.1715,72.0904,75.8769,73.6863,73.4492,71.2894,72.0518,73.5525,73.2804,73.9169
Trinidad and Tobago,Enteric Fermentation,Emissions (CO2eq) (AR5),kilotonnes,,,,,,,,,,,,,,,,,,,,,
Trinidad and Tobago,Manure Management,Emissions (CH4),kilotonnes,0.5326,0.6448,0.7821,0.7095,0.7273,0.7287,0.7232,0.7308,0.7514,0.7863,0.7968,0.819,0.8255,0.831,0.8118,0.8355,0.8379,0.8799,0.8845,0.8668,0.8781
Trinidad and Tobago,Manure Management,Emissions (CH4),kilotonnes,,,,,,,,,,,,,,,,,,,,,
Trinidad and Tobago,Manure Management,Emissions (N2O),kilotonnes,0.0435,0.0532,0.0646,0.0587,0.0602,0.0604,0.0596,0.0608,0.0622,0.0649,0.0655,0.0675,0.0678,0.0673,0.0651,0.068,0.0679,0.0717,0.0722,0.0705,0.0715
Trinidad and Tobago,Manure Management,Emissions (N2O),kilotonnes,,,,,,,,,,,,,,,,,,,,,
Trinidad and Tobago,Manure Management,Emissions (CO2eq) from CH4 (AR5),kilotonnes,14.9135,18.0554,21.8996,19.867,20.3655,20.405,20.2492,20.4627,21.0398,22.0166,22.3091,22.9327,23.1146,23.2683,22.7295,23.3944,23.4623,24.6372,24.767,24.271,24.5875
Trinidad and Tobago,Manure Management,Emissions (CO2eq) from CH4 (AR5),kilotonnes,,,,,,,,,,,,,,,,,,,,,
Trinidad and Tobago,Manure Management,Emissions (CO2eq) from N2O (AR5),kilotonnes,11.5169,14.098,17.1066,15.5439,15.9543,15.996,15.7933,16.1012,16.4821,17.1928,17.3693,17.8895,17.9634,17.8272,17.2484,18.0201,18.006,18.9996,19.142,18.6711,18.9539
Trinidad and Tobago,Manure Management,Emissions (CO2eq) from N2O (AR5),kilotonnes,,,,,,,,,,,,,,,,,,,,,
Trinidad and Tobago,Manure Management,Emissions (CO2eq) (AR5),kilotonnes,26.4304,32.1534,39.0062,35.4109,36.3197,36.401,36.0424,36.5638,37.522,39.2093,39.6784,40.8221,41.0781,41.0955,39.9779,41.4145,41.4684,43.6368,43.909,42.9421,43.5415
Trinidad and Tobago,Manure Management,Emissions (CO2eq) (AR5),kilotonnes,,,,,,,,,,,,,,,,,,,,,
Trinidad and Tobago,Manure left on Pasture,Direct emissions (N2O),kilotonnes,0.1476,0.1733,0.2068,0.1863,0.1894,0.1895,0.1912,0.191,0.1979,0.2074,0.2112,0.2129,0.2191,0.2269,0.2238,0.2261,0.2297,0.2367,0.2377,0.2355,0.2374
Trinidad and Tobago,Manure left on Pasture,Indirect emissions (N2O),kilotonnes,0.0347,0.0402,0.0474,0.0431,0.0438,0.0438,0.0443,0.0435,0.0445,0.0461,0.0464,0.0463,0.0478,0.0505,0.0489,0.0495,0.0502,0.0516,0.052,0.0515,0.0519
Trinidad and Tobago,Manure left on Pasture,Emissions (N2O),kilotonnes,0.1823,0.2135,0.2542,0.2294,0.2332,0.2333,0.2355,0.2345,0.2423,0.2534,0.2576,0.2592,0.267,0.2774,0.2727,0.2756,0.28,0.2883,0.2896,0.287,0.2893
Trinidad and Tobago,Manure left on Pasture,Emissions (CO2eq) from N2O (AR5),kilotonnes,48.3137,56.5859,67.3743,60.7957,61.7928,61.8317,62.42,62.1362,64.2222,67.1586,68.2555,68.7008,70.7498,73.5075,72.2634,73.0415,74.1966,76.4003,76.7568,76.0612,76.6661
Trinidad and Tobago,Manure left on Pasture,Emissions (CO2eq) (AR5),kilotonnes,48.3137,56.5859,67.3743,60.7957,61.7928,61.8317,62.42,62.1362,64.2222,67.1586,68.2555,68.7008,70.7498,73.5075,72.2634,73.0415,74.1966,76.4003,76.7568,76.0612,76.6661
Trinidad and Tobago,Manure applied to Soils,Direct emissions (N2O),kilotonnes,0.0809,0.0984,0.1208,0.1096,0.1129,0.1131,0.1116,0.1123,0.1155,0.1212,0.1232,0.1282,0.1278,0.1284,0.1264,0.1294,0.129,0.1365,0.1371,0.1341,0.1359
Trinidad and Tobago,Manure applied to Soils,Indirect emissions (N2O),kilotonnes,0.0344,0.0418,0.0513,0.0466,0.048,0.0481,0.0474,0.0477,0.0491,0.0515,0.0524,0.0545,0.0543,0.0546,0.0537,0.055,0.0548,0.058,0.0583,0.057,0.0578
Trinidad and Tobago,Manure applied to Soils,Emissions (N2O),kilotonnes,0.1153,0.1402,0.1721,0.1562,0.1609,0.1612,0.159,0.16,0.1646,0.1727,0.1756,0.1826,0.1821,0.183,0.1802,0.1843,0.1839,0.1945,0.1953,0.1911,0.1937
Trinidad and Tobago,Manure applied to Soils,Emissions (CO2eq) from N2O (AR5),kilotonnes,30.5446,37.1542,45.6033,41.4013,42.63,42.7082,42.1306,42.3965,43.606,45.7658,46.5345,48.3949,48.2657,48.4825,47.7415,48.8492,48.7275,51.5406,51.7574,50.6328,51.3357
Trinidad and Tobago,Manure applied to Soils,Emissions (CO2eq) (AR5),kilotonnes,30.5446,37.1542,45.6033,41.4013,42.63,42.7082,42.1306,42.3965,43.606,45.7658,46.5345,48.3949,48.2657,48.4825,47.7415,48.8492,48.7275,51.5406,51.7574,50.6328,51.3357
Trinidad and Tobago,Synthetic Fertilizers,Direct emissions (N2O),kilotonnes,0.1144,0.0098,0.044,0.044,0.0833,0.0833,0.0833,0.0833,0.077,0.0817,0.0801,0.0786,0.0943,0.0943,0.1021,0.1021,0.1021,0.1006,0.1021,0.1021,0.1021
Trinidad and Tobago,Synthetic Fertilizers,Indirect emissions (N2O),kilotonnes,0.0372,0.0032,0.0143,0.0143,0.0271,0.0271,0.0271,0.0271,0.025,0.0266,0.026,0.0255,0.0306,0.0306,0.0332,0.0332,0.0332,0.0327,0.0332,0.0332,0.0332
Trinidad and Tobago,Synthetic Fertilizers,Emissions (N2O),kilotonnes,0.1515,0.013,0.0583,0.0583,0.1104,0.1104,0.1104,0.1104,0.102,0.1083,0.1062,0.1041,0.1249,0.1249,0.1353,0.1353,0.1353,0.1333,0.1353,0.1353,0.1353
Trinidad and Tobago,Synthetic Fertilizers,Emissions (CO2eq) from N2O (AR5),kilotonnes,40.1577,3.4541,15.4495,15.4495,29.2437,29.2437,29.2437,29.2437,27.0366,28.6919,28.1402,27.5884,33.1061,33.1061,35.8649,35.8649,35.8649,35.3131,35.8649,35.8649,35.8649
Trinidad and Tobago,Synthetic Fertilizers,Emissions (CO2eq) (AR5),kilotonnes,40.1577,3.4541,15.4495,15.4495,29.2437,29.2437,29.2437,29.2437,27.0366,28.6919,28.1402,27.5884,33.1061,33.1061,35.8649,35.8649,35.8649,35.3131,35.8649,35.8649,35.8649
Trinidad and Tobago,Drained organic soils,Emissions (CO2eq) (AR5),kilotonnes,0,0,0,0,0,0,0,0,0,0,0,0,0,0,0,0,0,0,0,0,0
Trinidad and Tobago,Drained organic soils (CO2),Emissions (CO2),kilotonnes,0,0,0,0,0,0,0,0,0,0,0,0,0,0,0,0,0,0,0,0,0
Trinidad and Tobago,Drained organic soils (CO2),Emissions (CO2eq) (AR5),kilotonnes,0,0,0,0,0,0,0,0,0,0,0,0,0,0,0,0,0,0,0,0,0
Trinidad and Tobago,Drained organic soils (N2O),Emissions (N2O),kilotonnes,0,0,0,0,0,0,0,0,0,0,0,0,0,0,0,0,0,0,0,0,0
Trinidad and Tobago,Drained organic soils (N2O),Emissions (CO2eq) from N2O (AR5),kilotonnes,0,0,0,0,0,0,0,0,0,0,0,0,0,0,0,0,0,0,0,0,0
Trinidad and Tobago,Drained organic soils (N2O),Emissions (CO2eq) (AR5),kilotonnes,0,0,0,0,0,0,0,0,0,0,0,0,0,0,0,0,0,0,0,0,0
Trinidad and Tobago,On-farm energy use,Emissions (CH4),kilotonnes,0.0436,0.0409,0.0399,0.039,0.0387,0.0372,0.041,0.0409,0.0402,0.0412,0.0386,0.038,0.0379,0.033,0.0395,0.0364,0.0331,0.0324,0.0269,0.0244,0.0244
Trinidad and Tobago,On-farm energy use,Emissions (N2O),kilotonnes,0.0166,0.0172,0.0179,0.017,0.017,0.0175,0.0271,0.0295,0.0333,0.0308,0.038,0.0355,0.0325,0.0348,0.0331,0.0348,0.0297,0.0303,0.0249,0.0233,0.0233
Trinidad and Tobago,On-farm energy use,Emissions (CO2),kilotonnes,85.0465,85.0467,93.7212,90.3096,90.3716,90.7232,113.8288,119.5583,123.2282,119.9101,139.4242,134.3495,129.0559,134.429,138.2212,142.1497,127.8433,131.7601,116.1471,111.8537,111.8537
Trinidad and Tobago,On-farm energy use,Emissions (CO2eq) from CH4 (AR5),kilotonnes,1.2212,1.1439,1.1172,1.0924,1.0822,1.0427,1.1493,1.1438,1.1245,1.1542,1.0811,1.0653,1.0617,0.9237,1.1068,1.0204,0.9257,0.9077,0.7525,0.6821,0.6821
Trinidad and Tobago,On-farm energy use,Emissions (CO2eq) from N2O (AR5),kilotonnes,4.4026,4.5486,4.7498,4.4973,4.4949,4.65,7.1703,7.8244,8.8167,8.1698,10.0796,9.4056,8.6027,9.2148,8.7686,9.2122,7.8619,8.0421,6.6108,6.1795,6.1795
Trinidad and Tobago,On-farm energy use,Emissions (CO2eq) (AR5),kilotonnes,90.6703,90.7392,99.5881,95.8993,95.9487,96.4159,122.1483,128.5266,133.1694,129.2342,150.585,144.8203,138.7203,144.5676,148.0966,152.3822,136.6309,140.7099,123.5104,118.7153,118.7153
Trinidad and Tobago,Forestland,Emissions (CO2),kilotonnes,-25.1638,51.9824,51.9824,51.9824,51.9824,51.9824,51.9824,51.9824,51.9824,51.9824,51.9824,28.7095,28.7095,28.7095,28.7095,28.7095,43.5082,43.5082,43.5082,43.5082,43.5082
Trinidad and Tobago,Forestland,Emissions (CO2eq) (AR5),kilotonnes,-25.1638,51.9824,51.9824,51.9824,51.9824,51.9824,51.9824,51.9824,51.9824,51.9824,51.9824,28.7095,28.7095,28.7095,28.7095,28.7095,43.5082,43.5082,43.5082,43.5082,43.5082
Trinidad and Tobago,Net Forest conversion,Emissions (CO2),kilotonnes,107.0783,84.3718,84.3718,84.3718,84.3718,84.3718,84.3718,84.3718,84.3718,84.3718,84.3718,83.4234,83.4234,83.4234,83.4234,83.4234,82.3746,82.3746,82.3746,82.3746,82.3746
Trinidad and Tobago,Net Forest conversion,Emissions (CO2eq) (AR5),kilotonnes,107.0783,84.3718,84.3718,84.3718,84.3718,84.3718,84.3718,84.3718,84.3718,84.3718,84.3718,83.4234,83.4234,83.4234,83.4234,83.4234,82.3746,82.3746,82.3746,82.3746,82.3746
Trinidad and Tobago,Savanna fires,Emissions (CH4),kilotonnes,0.0017,0.0134,0,0.0238,0.0072,0.0112,0.0131,0.0201,0.0051,0.0047,0.075,0,0,0.0204,0.0169,0.0111,0.0418,0.0134,0.0031,0.0043,0.0127
Trinidad and Tobago,Savanna fires,Emissions (N2O),kilotonnes,0.0002,0.0012,0,0.0022,0.0007,0.001,0.0012,0.0018,0.0005,0.0004,0.0068,0,0,0.0019,0.0015,0.001,0.0038,0.0012,0.0003,0.0004,0.0012
Trinidad and Tobago,Savanna fires,Emissions (CO2eq) from CH4 (AR5),kilotonnes,0.0489,0.3761,0,0.6658,0.2013,0.3143,0.3664,0.5634,0.1429,0.1319,2.1,0,0,0.5714,0.4742,0.312,1.171,0.3763,0.0862,0.1216,0.3544
Trinidad and Tobago,Savanna fires,Emissions (CO2eq) from N2O (AR5),kilotonnes,0.0424,0.325,0,0.5754,0.1739,0.2716,0.3166,0.4868,0.1235,0.114,1.8147,0,0,0.4937,0.4098,0.2696,1.0119,0.3252,0.0745,0.1051,0.3062
Trinidad and Tobago,Savanna fires,Emissions (CO2eq) (AR5),kilotonnes,0.0913,0.7012,0,1.2412,0.3752,0.5859,0.683,1.0502,0.2664,0.2459,3.9148,0,0,1.0651,0.8839,0.5816,2.1829,0.7014,0.1607,0.2266,0.6606
Trinidad and Tobago,Fires in organic soils,Emissions (CH4),kilotonnes,0,0,0,0,0,0,0,0,0,0,0,0,0,0,0,0,0,0,0,0,0
Trinidad and Tobago,Fires in organic soils,Emissions (CO2),kilotonnes,0,0,0,0,0,0,0,0,0,0,0,0,0,0,0,0,0,0,0,0,0
Trinidad and Tobago,Fires in organic soils,Emissions (CO2eq) from CH4 (AR5),kilotonnes,0,0,0,0,0,0,0,0,0,0,0,0,0,0,0,0,0,0,0,0,0
Trinidad and Tobago,Fires in organic soils,Emissions (CO2eq) (AR5),kilotonnes,0,0,0,0,0,0,0,0,0,0,0,0,0,0,0,0,0,0,0,0,0
Trinidad and Tobago,Forest fires,Emissions (CH4),kilotonnes,0.2174,0,0,0.0372,0,0.0027,0.008,0.0266,0.0027,0.0053,0.1516,0,0,0,0.0027,0.0053,0.0665,0.0479,0.008,0.0319,0
Trinidad and Tobago,Forest fires,Emissions (N2O),kilotonnes,0.0064,0,0,0.0034,0,0.0002,0.0007,0.0024,0.0002,0.0005,0.0138,0,0,0,0.0002,0.0005,0.0061,0.0044,0.0007,0.0029,0
Trinidad and Tobago,Forest fires,Emissions (CO2eq) from CH4 (AR5),kilotonnes,6.086,0,0,1.0428,0,0.0745,0.2235,0.7448,0.0745,0.149,4.2456,0,0,0,0.0745,0.149,1.8621,1.3407,0.2235,0.8938,0
Trinidad and Tobago,Forest fires,Emissions (CO2eq) from N2O (AR5),kilotonnes,1.6941,0,0,0.9011,0,0.0644,0.1931,0.6436,0.0644,0.1287,3.6688,0,0,0,0.0644,0.1287,1.6091,1.1586,0.1931,0.7724,0
Trinidad and Tobago,Forest fires,Emissions (CO2eq) (AR5),kilotonnes,7.7801,0,0,1.9439,0,0.1389,0.4165,1.3885,0.1389,0.2777,7.9144,0,0,0,0.1389,0.2777,3.4713,2.4993,0.4165,1.6662,0
Trinidad and Tobago,Fires in humid tropical forests,Emissions (CH4),kilotonnes,0.2174,0,0,0.0372,0,0.0027,0.008,0.0266,0.0027,0.0053,0.1516,0,0,0,0.0027,0.0053,0.0665,0.0479,0.008,0.0319,0
Trinidad and Tobago,Fires in humid tropical forests,Emissions (N2O),kilotonnes,0.0064,0,0,0.0034,0,0.0002,0.0007,0.0024,0.0002,0.0005,0.0138,0,0,0,0.0002,0.0005,0.0061,0.0044,0.0007,0.0029,0
Trinidad and Tobago,Fires in humid tropical forests,Emissions (CO2eq) from CH4 (AR5),kilotonnes,6.086,0,0,1.0428,0,0.0745,0.2235,0.7448,0.0745,0.149,4.2456,0,0,0,0.0745,0.149,1.8621,1.3407,0.2235,0.8938,0
Trinidad and Tobago,Fires in humid tropical forests,Emissions (CO2eq) from N2O (AR5),kilotonnes,1.6941,0,0,0.9011,0,0.0644,0.1931,0.6436,0.0644,0.1287,3.6688,0,0,0,0.0644,0.1287,1.6091,1.1586,0.1931,0.7724,0
Trinidad and Tobago,Fires in humid tropical forests,Emissions (CO2eq) (AR5),kilotonnes,7.7801,0,0,1.9439,0,0.1389,0.4165,1.3885,0.1389,0.2777,7.9144,0,0,0,0.1389,0.2777,3.4713,2.4993,0.4165,1.6662,0
Trinidad and Tobago,Waste - agri-food systems,Emissions (CH4),kilotonnes,23.2175,23.2483,23.3394,23.3765,23.5112,23.6915,23.853,24.0274,24.2291,24.2571,24.3569,24.4585,24.548,24.6348,24.6006,24.5774,24.5869,24.6102,24.6412,25.1004,25.523
Trinidad and Tobago,Waste - agri-food systems,Emissions (N2O),kilotonnes,0.0637,0.0672,0.0709,0.0734,0.0771,0.0829,0.0832,0.085,0.0837,0.0897,0.1018,0.1004,0.1004,0.0996,0.1003,0.1042,0.1045,0.1061,0.1055,0.0979,0.0904
Trinidad and Tobago,Waste - agri-food systems,Emissions (CO2),kilotonnes,84.1895,84.481,84.5569,85.3948,85.9888,86.672,87.1855,87.7902,88.7235,87.3433,87.8772,88.3857,88.436,88.6463,88.6931,88.3506,87.9129,88.0436,88.1441,88.1543,87.7475
Trinidad and Tobago,Waste - agri-food systems,Emissions (CO2eq) from CH4 (AR5),kilotonnes,650.0886,650.9531,653.5023,654.5414,658.3143,663.3622,667.8835,672.7685,678.4161,679.1998,681.9928,684.8374,687.3445,689.7734,688.818,688.1663,688.4336,689.0856,689.9535,702.8101,714.6438
Trinidad and Tobago,Waste - agri-food systems,Emissions (CO2eq) from N2O (AR5),kilotonnes,16.8745,17.8024,18.8008,19.458,20.4316,21.965,22.0581,22.5222,22.1894,23.7697,26.9682,26.5975,26.6185,26.4009,26.589,27.625,27.6969,28.1101,27.9509,25.9531,23.9507
Trinidad and Tobago,Waste - agri-food systems,Emissions (CO2eq) (AR5),kilotonnes,751.1527,753.2365,756.86,759.3942,764.7347,771.9992,777.1271,783.0809,789.3291,790.3128,796.8382,799.8206,802.399,804.8207,804.1001,804.1418,804.0434,805.2393,806.0485,816.9174,826.342
Trinidad and Tobago,Fertilizers Manufacturing,Emissions (N2O),kilotonnes,2.4023,2.4037,2.4156,2.4399,2.3526,2.3297,2.3977,2.296,2.2991,2.3872,2.1534,2.4958,2.3377,2.1863,2.0939,2.1813,1.9879,2.0735,1.9606,2.1675,2.1842
Trinidad and Tobago,Fertilizers Manufacturing,Emissions (CO2),kilotonnes,11691.612,11883.0182,10457.1173,11447.1155,11816.1727,13138.3876,13367.1317,13067.5113,12568.8401,14456.8924,14835.2189,14185.3224,13359.3007,12295.0369,12387.196,12335.1367,12582.6127,13029.4498,12337.5083,13552.7455,11771.5275
Trinidad and Tobago,Fertilizers Manufacturing,Emissions (CO2eq) from N2O (AR5),kilotonnes,636.6095,636.9805,640.134,646.5735,623.439,617.3705,635.3905,608.44,609.2615,632.608,570.651,661.387,619.4905,579.3695,554.8835,578.0445,526.7935,549.4775,519.559,574.3875,578.8059
Trinidad and Tobago,Fertilizers Manufacturing,Emissions (CO2eq) (AR5),kilotonnes,12328.2215,12519.9987,11097.2513,12093.689,12439.6117,13755.7581,14002.5222,13675.9513,13178.1016,15089.5004,15405.8699,14846.7094,13978.7912,12874.4064,12942.0795,12913.1812,13109.4062,13578.9273,12857.0673,14127.133,12350.3334
Trinidad and Tobago,On-farm electricity use,Emissions (CH4),kilotonnes,0,0,0,0,0,0,0,0,0,0,0,0,0,0,0,0,0,0,0,0,0
Trinidad and Tobago,On-farm electricity use,Emissions (N2O),kilotonnes,0,0,0,0,0,0,0,0,0,0,0,0,0,0,0,0,0,0,0,0,0
Trinidad and Tobago,On-farm electricity use,Emissions (CO2),kilotonnes,0,0,0,0,0,0,0,0,0,0,0,0,0,0,0,0,0,0,0,0,0
Trinidad and Tobago,On-farm electricity use,Emissions (CO2eq) from CH4 (AR5),kilotonnes,0,0,0,0,0,0,0,0,0,0,0,0,0,0,0,0,0,0,0,0,0
Trinidad and Tobago,On-farm electricity use,Emissions (CO2eq) from N2O (AR5),kilotonnes,0,0,0,0,0,0,0,0,0,0,0,0,0,0,0,0,0,0,0,0,0
Trinidad and Tobago,On-farm electricity use,Emissions (CO2eq) (AR5),kilotonnes,0,0,0,0,0,0,0,0,0,0,0,0,0,0,0,0,0,0,0,0,0
Trinidad and Tobago,Food Processing,Emissions (CH4),kilotonnes,0.9419,1.0269,0.0492,0.0685,0.0897,0.0693,0.0761,0.0805,1.0531,0.9955,2.1338,19.8799,20.5932,22.0064,17.7414,18.5073,16.6341,17.3942,25.9977,30.9698,30.9062
Trinidad and Tobago,Food Processing,Emissions (N2O),kilotonnes,0.0002,0.0003,0.0002,0.0002,0.0003,0.0002,0.0003,0.0003,0.0002,0.0002,0.0003,0.001,0.001,0.0013,0.0012,0.0011,0.0011,0.0012,0.0014,0.002,0.002
Trinidad and Tobago,Food Processing,Emissions (CO2),kilotonnes,347.1872,401.7089,253.2349,303.9368,363.488,288.6406,307.1423,345.45,211.2753,222.9461,259.4687,1035.3481,1051.7676,1320.1742,1070.3352,1010.1676,1009.2492,1124.4157,1346.6813,1281.1316,1112.7543
Trinidad and Tobago,Food Processing,Emissions (CO2eq) from CH4 (AR5),kilotonnes,26.3732,28.7532,1.3776,1.918,2.5116,1.9404,2.1308,2.254,29.4868,27.874,59.7464,556.6372,576.6096,616.1792,496.7592,518.2044,465.7548,487.0376,727.9356,867.1544,865.3738
Trinidad and Tobago,Food Processing,Emissions (CO2eq) from N2O (AR5),kilotonnes,0.053,0.0795,0.053,0.053,0.0795,0.053,0.0795,0.0795,0.053,0.053,0.0795,0.265,0.265,0.3445,0.318,0.2915,0.2915,0.318,0.371,0.53,0.5341
Trinidad and Tobago,Food Processing,Emissions (CO2eq) (AR5),kilotonnes,373.6134,430.5416,254.6655,305.9078,366.0791,290.634,309.3526,347.7835,240.8151,250.8731,319.2946,1592.2503,1628.6422,1936.6979,1567.4124,1528.6635,1475.2955,1611.7713,2074.9879,2148.816,1978.6622
Trinidad and Tobago,Food Packaging,Emissions (CH4),kilotonnes,1.0328,1.0971,1.2799,1.779,1.9717,2.1249,2.5399,2.6536,2.6094,2.6687,2.7632,2.6445,2.7568,2.986,2.3618,2.39,2.1634,2.2565,2.1394,3.0872,3.0809
Trinidad and Tobago,Food Packaging,Emissions (N2O),kilotonnes,0.0001,0.0001,0.0001,0.0001,0.0001,0.0001,0.0001,0.0001,0.0002,0.0002,0.0002,0.0002,0.0003,0.0003,0.0003,0.0002,0.0002,0.0002,0.0001,0.0002,0.0002
Trinidad and Tobago,Food Packaging,Emissions (CO2),kilotonnes,67.7726,78.0754,81.4397,90.8125,92.25,106.1991,114.1597,127.5249,137.7892,141.8919,179.5405,176.3192,193.5461,268.9004,200.839,144.1186,150.2671,175.3335,116.3433,199.8331,173.5693
Trinidad and Tobago,Food Packaging,Emissions (CO2eq) from CH4 (AR5),kilotonnes,28.9184,30.7188,35.8372,49.812,55.2076,59.4972,71.1172,74.3008,73.0632,74.7236,77.3696,74.046,77.1904,83.608,66.1304,66.92,60.5752,63.182,59.9032,86.4416,86.2641
Trinidad and Tobago,Food Packaging,Emissions (CO2eq) from N2O (AR5),kilotonnes,0.0265,0.0265,0.0265,0.0265,0.0265,0.0265,0.0265,0.0265,0.053,0.053,0.053,0.053,0.0795,0.0795,0.0795,0.053,0.053,0.053,0.0265,0.053,0.0534
Trinidad and Tobago,Food Packaging,Emissions (CO2eq) (AR5),kilotonnes,96.7175,108.8207,117.3034,140.651,147.4841,165.7228,185.3034,201.8522,210.9054,216.6685,256.9631,250.4182,270.816,352.5879,267.0489,211.0916,210.8953,238.5685,176.273,286.3277,259.8868
Trinidad and Tobago,Food Retail,Emissions (CH4),kilotonnes,0.1192,0.1236,0.127,0.1452,0.137,0.1505,0.1595,0.1755,0.1807,0.2031,0.2006,0.2043,0.2129,0.222,0.2314,0.2412,0.2341,0.2316,0.2104,0.2515,0.251
Trinidad and Tobago,Food Retail,Emissions (N2O),kilotonnes,0.0006,0.0006,0.0007,0.0007,0.0007,0.0008,0.0009,0.001,0.001,0.0011,0.0011,0.0011,0.0012,0.0012,0.0012,0.0013,0.0013,0.0012,0.0011,0.0014,0.0014
Trinidad and Tobago,Food Retail,Emissions (CO2),kilotonnes,60.5485,62.7396,64.9892,74.9469,70.6274,77.5519,83.7707,92.4593,90.8706,106.5035,105.0256,104.2429,104.0723,113.4392,117.4098,122.8144,118.7491,117.5214,106.5363,125.6229,109.1125
Trinidad and Tobago,Food Retail,Emissions (CO2eq) from CH4 (AR5),kilotonnes,3.3376,3.4608,3.556,4.0656,3.836,4.214,4.466,4.914,5.0596,5.6868,5.6168,5.7204,5.9612,6.216,6.4792,6.7536,6.5548,6.4848,5.8912,7.042,7.0275
Trinidad and Tobago,Food Retail,Emissions (CO2eq) from N2O (AR5),kilotonnes,0.159,0.159,0.1855,0.1855,0.1855,0.212,0.2385,0.265,0.265,0.2915,0.2915,0.2915,0.318,0.318,0.318,0.3445,0.3445,0.318,0.2915,0.371,0.3739
Trinidad and Tobago,Food Retail,Emissions (CO2eq) (AR5),kilotonnes,64.0451,66.3594,68.7307,79.198,74.6489,81.9779,88.4752,97.6383,96.1952,112.4818,110.9339,110.2548,110.3515,119.9732,124.207,129.9125,125.6484,124.3242,112.719,133.0359,116.5139
Trinidad and Tobago,Food Household Consumption,Emissions (CH4),kilotonnes,0.4587,0.4814,0.4958,0.5629,0.5416,0.5924,0.6679,0.7168,0.7562,0.7679,0.8387,0.8672,0.9027,0.9428,0.9821,1.024,0.9928,0.983,0.8938,0.8938,0.892
Trinidad and Tobago,Food Household Consumption,Emissions (N2O),kilotonnes,0.0027,0.0028,0.0028,0.0031,0.0029,0.0034,0.0038,0.004,0.0042,0.0044,0.0046,0.0048,0.005,0.0052,0.0054,0.0056,0.0054,0.0054,0.0049,0.0049,0.0049
Trinidad and Tobago,Food Household Consumption,Emissions (CO2),kilotonnes,380.4229,386.2878,411.1642,427.8487,414.4024,429.9465,469.0809,491.7269,498.4635,530.6935,540.7365,531.4754,520.8457,581.0067,595.3905,621.5537,595.5168,591.4226,548.9027,548.9027,476.7612
Trinidad and Tobago,Food Household Consumption,Emissions (CO2eq) from CH4 (AR5),kilotonnes,12.8436,13.4792,13.8824,15.7612,15.1648,16.5872,18.7012,20.0704,21.1736,21.5012,23.4836,24.2816,25.2756,26.3984,27.4988,28.672,27.7984,27.524,25.0264,25.0264,24.975
Trinidad and Tobago,Food Household Consumption,Emissions (CO2eq) from N2O (AR5),kilotonnes,0.7155,0.742,0.742,0.8215,0.7685,0.901,1.007,1.06,1.113,1.166,1.219,1.272,1.325,1.378,1.431,1.484,1.431,1.431,1.2985,1.2985,1.3085
Trinidad and Tobago,Food Household Consumption,Emissions (CO2eq) (AR5),kilotonnes,393.982,400.509,425.7886,444.4314,430.3357,447.4347,488.7891,512.8573,520.7501,553.3607,565.4391,557.029,547.4463,608.7831,624.3203,651.7097,624.7462,620.3776,575.2276,575.2276,503.0447
Trinidad and Tobago,Food Transport,Emissions (CH4),kilotonnes,0.0279,0.0243,0.0235,0.0228,0.0227,0.0225,0.0263,0.0278,0.0295,0.0315,0.0298,0.031,0.0316,0.0273,0.0348,0.034,0.0315,0.0317,0.027,0.0249,0.0248
Trinidad and Tobago,Food Transport,Emissions (N2O),kilotonnes,0.0056,0.0056,0.0055,0.0056,0.0058,0.0057,0.0068,0.0072,0.0077,0.0081,0.0079,0.0081,0.0082,0.0072,0.0089,0.0088,0.0081,0.0082,0.0069,0.0089,0.009
Trinidad and Tobago,Food Transport,Emissions (CO2),kilotonnes,180.4,180.4,183.794,184.8,197.17,202.895,256.745,275.335,299.565,301.86,319.48,317.31,309.58,292.12,330.7,332.92,298.675,301.86,256.525,341.1445,296.3084
Trinidad and Tobago,Food Transport,Emissions (CO2eq) from CH4 (AR5),kilotonnes,0.7812,0.6804,0.658,0.6384,0.6356,0.63,0.7364,0.7784,0.826,0.882,0.8344,0.868,0.8848,0.7644,0.9744,0.952,0.882,0.8876,0.756,0.6972,0.6958
Trinidad and Tobago,Food Transport,Emissions (CO2eq) from N2O (AR5),kilotonnes,1.484,1.484,1.4575,1.484,1.537,1.5105,1.802,1.908,2.0405,2.1465,2.0935,2.1465,2.173,1.908,2.3585,2.332,2.1465,2.173,1.8285,2.3585,2.3766
Trinidad and Tobago,Food Transport,Emissions (CO2eq) (AR5),kilotonnes,182.6652,182.5644,185.9095,186.9224,199.3426,205.0355,259.2834,278.0214,302.4315,304.8885,322.4079,320.3245,312.6378,294.7924,334.0329,336.204,301.7035,304.9206,259.1095,344.2002,299.3808
Trinidad and Tobago,Energy,Emissions (CH4),kilotonnes,209,222,259,360,399,430,514,537,528,540,559,535,535,538,535,500,441,439,419,487,486
Trinidad and Tobago,Energy,Emissions (N2O),kilotonnes,0.0739,0.0767,0.0818,0.0919,0.0943,0.105,0.114,0.122,0.124,0.124,0.122,0.124,0.131,0.124,0.14,0.135,0.12,0.121,0.108,0.13,0.131
Trinidad and Tobago,Energy,Emissions (CO2),kilotonnes,25500,28200,29500,32800,33500,39700,44700,47000,45300,45400,48100,47800,46600,45700,46700,45400,40300,40200,38900,35000,30400
Trinidad and Tobago,Energy,Emissions (CO2eq) from CH4 (AR5),kilotonnes,5852,6216,7252,10080,11172,12040,14392,15036,14784,15120,15652,14980,14980,15064,14980,14000,12348,12292,11732,13636,13608
Trinidad and Tobago,Energy,Emissions (CO2eq) from N2O (AR5),kilotonnes,19.5835,20.3255,21.677,24.3535,24.9895,27.825,30.21,32.33,32.86,32.86,32.33,32.86,34.715,32.86,37.1,35.775,31.8,32.065,28.62,34.45,34.715
Trinidad and Tobago,Energy,Emissions (CO2eq) (AR5),kilotonnes,31371.5835,34436.3255,36773.677,42904.3535,44696.9895,51767.825,59122.21,62068.33,60116.86,60552.86,63784.33,62812.86,61614.715,60796.86,61717.1,59435.775,52679.8,52524.065,50660.62,48670.45,44042.715
Trinidad and Tobago,IPPU,Emissions (CH4),kilotonnes,5.7,6.41,6.51,6.55,7.86,10.8,13.8,13.6,13.1,14.1,13.6,13.6,12.6,13,12.6,12.7,10.7,11.4,11.7,12.5,12.6
Trinidad and Tobago,IPPU,Emissions (N2O),kilotonnes,0,0,0,0,0,0,0,0,0,0,0,0,0,0,0,0,0,0,0,0,0
Trinidad and Tobago,IPPU,Emissions (CO2),kilotonnes,8790,9940,10600,11300,12400,13200,15700,15600,15000,15800,16100,15200,14300,14100,14200,14500,13600,14300,14000,14400,14400
Trinidad and Tobago,IPPU,Emissions (CO2eq) from CH4 (AR5),kilotonnes,159.6,179.48,182.28,183.4,220.08,302.4,386.4,380.8,366.8,394.8,380.8,380.8,352.8,364,352.8,355.6,299.6,319.2,327.6,350,352.8
Trinidad and Tobago,IPPU,Emissions (CO2eq) from N2O (AR5),kilotonnes,0.0037,0.0037,0.0037,0.0037,0.0038,0.0038,0.0038,0.0038,0.0038,0.0038,0.0039,0.0039,0.0039,0.0039,0.0039,0.004,0.004,0.004,0.004,0.004,0.0041
Trinidad and Tobago,IPPU,Emissions (CO2eq) (AR5),kilotonnes,8949.6037,10119.4837,10782.2837,11483.4037,12620.0838,13502.4038,16086.4038,15980.8038,15366.8038,16194.8038,16480.8039,15580.8039,14652.8039,14464.0039,14552.8039,14855.604,13899.604,14619.204,14327.604,14750.004,14752.8041
Trinidad and Tobago,Waste,Emissions (CH4),kilotonnes,99.1,105,108,113,120,129,144,143,141,145,145,142,138,138,138,139,133,136,136,139,140
Trinidad and Tobago,Waste,Emissions (N2O),kilotonnes,0.0544,0.0546,0.0548,0.0562,0.0573,0.0575,0.0586,0.0592,0.0598,0.0606,0.0623,0.0643,0.0666,0.0687,0.0707,0.0721,0.073,0.0732,0.0734,0.0761,0.0775
Trinidad and Tobago,Waste,Emissions (CO2eq) from CH4 (AR5),kilotonnes,2774.8,2940,3024,3164,3360,3612,4032,4004,3948,4060,4060,3976,3864,3864,3864,3892,3724,3808,3808,3892,3920
Trinidad and Tobago,Waste,Emissions (CO2eq) from N2O (AR5),kilotonnes,14.416,14.469,14.522,14.893,15.1845,15.2375,15.529,15.688,15.847,16.059,16.5095,17.0395,17.649,18.2055,18.7355,19.1065,19.345,19.398,19.451,20.1665,20.5375
Trinidad and Tobago,Waste,Emissions (CO2eq) (AR5),kilotonnes,2789.216,2954.469,3038.522,3178.893,3375.1845,3627.2375,4047.529,4019.688,3963.847,4076.059,4076.5095,3993.0395,3881.649,3882.2055,3882.7355,3911.1065,3743.345,3827.398,3827.451,3912.1665,3940.5375
Trinidad and Tobago,Other,Emissions (N2O),kilotonnes,0.161,0.164,0.174,0.183,0.182,0.205,0.212,0.244,0.241,0.236,0.249,0.243,0.245,0.244,0.257,0.245,0.215,0.217,0.204,0.238,0.239
Trinidad and Tobago,Other,Emissions (CO2eq) from N2O (AR5),kilotonnes,42.665,43.46,46.11,48.495,48.23,54.325,56.18,64.66,63.865,62.54,65.985,64.395,64.925,64.66,68.105,64.925,56.975,57.505,54.06,63.07,63.335
Trinidad and Tobago,Other,Emissions (CO2eq) (AR5),kilotonnes,42.665,43.46,46.11,48.495,48.23,54.325,56.18,64.66,63.865,62.54,65.985,64.395,64.925,64.66,68.105,64.925,56.975,57.505,54.06,63.07,63.335
Trinidad and Tobago,Farm-gate emissions,Emissions (CH4),kilotonnes,3.5939,3.7129,3.969,3.6392,3.6449,3.6782,3.67,3.677,3.6288,3.6502,3.6898,3.7004,3.7504,3.9177,3.9272,3.9339,3.7286,3.6857,3.6533,3.7758,3.8181
Trinidad and Tobago,Farm-gate emissions,Direct emissions (N2O),kilotonnes,0.3446,0.283,0.3734,0.3412,0.3868,0.3872,0.3872,0.388,0.3918,0.4116,0.4159,0.4212,0.4427,0.4512,0.4542,0.4593,0.4623,0.475,0.4779,0.4732,0.477
Trinidad and Tobago,Farm-gate emissions,Indirect emissions (N2O),kilotonnes,0.1067,0.0856,0.1135,0.1042,0.1191,0.1192,0.1191,0.1186,0.1189,0.1244,0.1251,0.1267,0.1331,0.136,0.1363,0.1381,0.1386,0.1426,0.1436,0.142,0.1432
Trinidad and Tobago,Farm-gate emissions,Emissions (N2O),kilotonnes,0.5128,0.4412,0.5707,0.5241,0.5843,0.5859,0.5951,0.5996,0.6069,0.6323,0.6516,0.651,0.6763,0.6913,0.6904,0.7015,0.7026,0.721,0.7192,0.7097,0.7165
Trinidad and Tobago,Farm-gate emissions,Emissions (CO2),kilotonnes,85.0465,85.0467,93.7212,90.3096,90.3716,90.7232,113.8288,119.5583,123.2282,119.9101,139.4242,134.3495,129.0559,134.429,138.2212,142.1497,127.8433,131.7601,116.1471,111.8537,111.8537
Trinidad and Tobago,Farm-gate emissions,Emissions (CO2eq) from CH4 (AR5),kilotonnes,100.6288,103.9623,111.1318,101.8963,102.0578,102.9888,102.7595,102.9553,101.6071,102.2058,103.3143,103.6103,105.0109,109.695,109.9611,110.1499,104.402,103.1983,102.2936,105.7211,106.9069
Trinidad and Tobago,Farm-gate emissions,Emissions (CO2eq) from N2O (AR5),kilotonnes,135.8799,116.922,151.2325,138.8869,154.8341,155.2633,157.6935,158.9026,160.8169,167.5532,172.67,172.5233,179.2213,183.2013,182.9619,185.8879,186.1759,191.0745,190.5788,188.0629,189.861
Trinidad and Tobago,Farm-gate emissions,Emissions (CO2eq) (AR5),kilotonnes,321.5551,305.9309,356.0855,331.0929,347.2634,348.9753,374.2817,381.4162,385.6522,389.6691,415.4085,410.4831,413.2881,427.3253,431.1442,438.1874,418.4212,426.0329,409.0195,405.6377,408.6216
Trinidad and Tobago,Land Use change,Emissions (CH4),kilotonnes,0.2174,0,0,0.0372,0,0.0027,0.008,0.0266,0.0027,0.0053,0.1516,0,0,0,0.0027,0.0053,0.0665,0.0479,0.008,0.0319,0
Trinidad and Tobago,Land Use change,Emissions (N2O),kilotonnes,0.0064,0,0,0.0034,0,0.0002,0.0007,0.0024,0.0002,0.0005,0.0138,0,0,0,0.0002,0.0005,0.0061,0.0044,0.0007,0.0029,0
Trinidad and Tobago,Land Use change,Emissions (CO2),kilotonnes,107.0783,84.3718,84.3718,84.3718,84.3718,84.3718,84.3718,84.3718,84.3718,84.3718,84.3718,83.4234,83.4234,83.4234,83.4234,83.4234,82.3746,82.3746,82.3746,82.3746,82.3746
Trinidad and Tobago,Land Use change,Emissions (CO2eq) from CH4 (AR5),kilotonnes,6.086,0,0,1.0428,0,0.0745,0.2235,0.7448,0.0745,0.149,4.2456,0,0,0,0.0745,0.149,1.8621,1.3407,0.2235,0.8938,0
Trinidad and Tobago,Land Use change,Emissions (CO2eq) from N2O (AR5),kilotonnes,1.6941,0,0,0.9011,0,0.0644,0.1931,0.6436,0.0644,0.1287,3.6688,0,0,0,0.0644,0.1287,1.6091,1.1586,0.1931,0.7724,0
Trinidad and Tobago,Land Use change,Emissions (CO2eq) (AR5),kilotonnes,114.8585,84.3718,84.3718,86.3157,84.3718,84.5106,84.7883,85.7602,84.5106,84.6495,92.2862,83.4234,83.4234,83.4234,83.5623,83.7011,85.8459,84.8739,82.7911,84.0408,82.3746
Trinidad and Tobago,Emissions on agricultural land,Emissions (CH4),kilotonnes,3.8112,3.7129,3.969,3.6764,3.6449,3.6808,3.678,3.7036,3.6315,3.6555,3.8414,3.7004,3.7504,3.9177,3.9298,3.9392,3.7951,3.7335,3.6613,3.8077,3.8181
Trinidad and Tobago,Emissions on agricultural land,Emissions (N2O),kilotonnes,0.5191,0.4412,0.5707,0.5275,0.5843,0.5861,0.5958,0.6021,0.6071,0.6328,0.6654,0.651,0.6763,0.6913,0.6907,0.7019,0.7086,0.7254,0.7199,0.7126,0.7165
Trinidad and Tobago,Emissions on agricultural land,Emissions (CO2),kilotonnes,192.1248,169.4184,178.0929,174.6814,174.7433,175.095,198.2005,203.9301,207.5999,204.2819,223.7959,217.7729,212.4793,217.8524,221.6446,225.5731,210.2179,214.1347,198.5217,194.2283,194.2283
Trinidad and Tobago,Emissions on agricultural land,Emissions (CO2eq) from CH4 (AR5),kilotonnes,106.7148,103.9623,111.1318,102.9391,102.0578,103.0633,102.983,103.7002,101.6816,102.3548,107.5599,103.6103,105.0109,109.695,110.0356,110.2988,106.2641,104.539,102.517,106.6149,106.9069
Trinidad and Tobago,Emissions on agricultural land,Emissions (CO2eq) from N2O (AR5),kilotonnes,137.574,116.922,151.2325,139.788,154.8341,155.3276,157.8865,159.5462,160.8812,167.6819,176.3388,172.5233,179.2213,183.2013,183.0263,186.0166,187.785,192.233,190.7719,188.8353,189.861
Trinidad and Tobago,Emissions on agricultural land,Emissions (CO2eq) (AR5),kilotonnes,436.4135,390.3027,440.4572,417.4086,431.6352,433.486,459.07,467.1765,470.1628,474.3186,507.6947,493.9065,496.7115,510.7488,514.7065,521.8885,504.2671,510.9067,491.8106,489.6785,490.9962
Trinidad and Tobago,Pre- and post- production,Emissions (CH4),kilotonnes,25.798,26.0016,25.3148,25.9549,26.2739,26.6511,27.3227,27.6816,28.858,28.9238,30.323,48.0854,49.0452,50.8193,45.9521,46.7739,44.6428,45.5072,53.9095,60.3276,60.6779
Trinidad and Tobago,Pre- and post- production,Emissions (N2O),kilotonnes,2.4752,2.4803,2.4958,2.523,2.4395,2.4228,2.4928,2.3936,2.3961,2.4909,2.2693,2.6114,2.4538,2.3011,2.2112,2.3025,2.1085,2.1958,2.0805,2.2828,2.2921
Trinidad and Tobago,Pre- and post- production,Emissions (CO2),kilotonnes,12812.1327,13076.7109,11536.2962,12614.8552,13040.0993,14330.2927,14685.2158,14487.7976,13895.5272,15848.1307,16327.3474,16438.4037,15627.5484,14959.3237,14790.5636,14655.0616,14842.9828,15428.0466,14800.641,16137.5346,14027.7807
Trinidad and Tobago,Pre- and post- production,Emissions (CO2eq) from CH4 (AR5),kilotonnes,722.3426,728.0455,708.8135,726.7366,735.6699,746.231,765.0351,775.0861,808.0253,809.8674,849.0436,1346.3906,1373.2661,1422.9394,1286.66,1309.6683,1249.9988,1274.2016,1509.4659,1689.1717,1698.9801
Trinidad and Tobago,Pre- and post- production,Emissions (CO2eq) from N2O (AR5),kilotonnes,655.922,657.2739,661.3993,668.602,646.4676,642.0385,660.6021,634.3012,634.9754,660.0877,601.3557,692.0125,650.2695,609.7984,585.9775,610.1745,558.7569,581.8806,551.3259,604.9516,607.403
Trinidad and Tobago,Pre- and post- production,Emissions (CO2eq) (AR5),kilotonnes,14190.3974,14462.0303,12906.509,14010.1938,14422.2368,15718.5622,16110.853,15897.1849,15338.528,17318.0858,17777.7467,18476.8068,17651.084,16992.0616,16663.2011,16574.9043,16651.7385,17284.1288,16861.4328,18431.6578,16334.1638
Trinidad and Tobago,Agri-food systems,Emissions (CH4),kilotonnes,29.6092,29.7146,29.2838,29.6313,29.9188,30.3319,31.0006,31.3852,32.4895,32.5794,34.1644,51.7857,52.7956,54.7369,49.882,50.7131,48.438,49.2407,57.5708,64.1352,64.496
Trinidad and Tobago,Agri-food systems,Emissions (N2O),kilotonnes,2.9943,2.9215,3.0665,3.0505,3.0238,3.0089,3.0886,2.9957,3.0032,3.1237,2.9347,3.2624,3.1302,2.9925,2.9019,3.0045,2.8171,2.9212,2.8004,2.9954,3.0085
Trinidad and Tobago,Agri-food systems,Emissions (CO2),kilotonnes,13004.2575,13246.1294,11714.3892,12789.5366,13214.8426,14505.3877,14883.4163,14691.7277,14103.1271,16052.4126,16551.1433,16656.1766,15840.0277,15177.1762,15012.2081,14880.6346,15053.2008,15642.1813,14999.1627,16331.7629,14222.009
Trinidad and Tobago,Agri-food systems,Emissions (CO2eq) from CH4 (AR5),kilotonnes,829.0574,832.0078,819.9453,829.6757,837.7277,849.2943,868.018,878.7862,909.707,912.2222,956.6035,1450.0009,1478.277,1532.6344,1396.6956,1419.9671,1356.2629,1378.7406,1611.9829,1795.7866,1805.887
Trinidad and Tobago,Agri-food systems,Emissions (CO2eq) from N2O (AR5),kilotonnes,793.496,774.1959,812.6318,808.3901,801.3017,797.3661,818.4887,793.8474,795.8567,827.7696,777.6945,864.5358,829.4908,792.9997,769.0038,796.1912,746.5419,774.1136,742.0978,793.7868,797.264
Trinidad and Tobago,Agri-food systems,Emissions (CO2eq) (AR5),kilotonnes,14626.8109,14852.3331,13346.9662,14427.6024,14853.872,16152.0481,16569.923,16364.3614,15808.6908,17792.4043,18285.4414,18970.7133,18147.7955,17502.8103,17177.9076,17096.7929,17156.0056,17795.0355,17353.2434,18921.3363,16825.16
Trinidad and Tobago,IPCC Agriculture,Emissions (CH4),kilotonnes,3.5503,3.6721,3.9291,3.6001,3.6063,3.6409,3.6289,3.6361,3.5887,3.609,3.6512,3.6623,3.7125,3.8847,3.8877,3.8975,3.6956,3.6532,3.6265,3.7514,3.7937
Trinidad and Tobago,IPCC Agriculture,Emissions (CH4),kilotonnes,,,,,,,,,,,,,,,,,,,,,
Trinidad and Tobago,IPCC Agriculture,Direct emissions (N2O),kilotonnes,0.3446,0.283,0.3734,0.3412,0.3868,0.3872,0.3872,0.388,0.3918,0.4116,0.4159,0.4212,0.4427,0.4512,0.4542,0.4593,0.4623,0.475,0.4779,0.4732,0.477
Trinidad and Tobago,IPCC Agriculture,Indirect emissions (N2O),kilotonnes,0.1067,0.0856,0.1135,0.1042,0.1191,0.1192,0.1191,0.1186,0.1189,0.1244,0.1251,0.1267,0.1331,0.136,0.1363,0.1381,0.1386,0.1426,0.1436,0.142,0.1432
Trinidad and Tobago,IPCC Agriculture,Emissions (N2O),kilotonnes,0.4961,0.4241,0.5528,0.5071,0.5673,0.5684,0.568,0.5701,0.5736,0.6014,0.6135,0.6155,0.6438,0.6566,0.6573,0.6667,0.6729,0.6907,0.6942,0.6864,0.6931
Trinidad and Tobago,IPCC Agriculture,Emissions (N2O),kilotonnes,,,,,,,,,,,,,,,,,,,,,
Trinidad and Tobago,IPCC Agriculture,Emissions (CO2eq) from CH4 (AR5),kilotonnes,99.4075,102.8183,110.0146,100.804,100.9756,101.9462,101.6102,101.8115,100.4826,101.0516,102.2332,102.545,103.9493,108.7713,108.8543,109.1295,103.4763,102.2906,101.541,105.039,106.2248
Trinidad and Tobago,IPCC Agriculture,Emissions (CO2eq) from CH4 (AR5),kilotonnes,,,,,,,,,,,,,,,,,,,,,
Trinidad and Tobago,IPCC Agriculture,Emissions (CO2eq) from N2O (AR5),kilotonnes,131.4772,112.3734,146.4828,134.3896,150.3391,150.6133,150.5232,151.0782,152.0002,159.3833,162.5904,163.1178,170.6185,173.9865,174.1933,176.6757,178.314,183.0324,183.968,181.8835,183.6815
Trinidad and Tobago,IPCC Agriculture,Emissions (CO2eq) from N2O (AR5),kilotonnes,,,,,,,,,,,,,,,,,,,,,
Trinidad and Tobago,IPCC Agriculture,Emissions (CO2eq) (AR5),kilotonnes,230.8847,215.1917,256.4973,235.1936,251.3147,252.5595,252.1334,252.8896,252.4828,260.4349,264.8236,265.6627,274.5678,282.7578,283.0476,285.8052,281.7903,285.323,285.5091,286.9224,289.9064
Trinidad and Tobago,IPCC Agriculture,Emissions (CO2eq) (AR5),kilotonnes,,,,,,,,,,,,,,,,,,,,,
Trinidad and Tobago,Agricultural Soils,Direct emissions (N2O),kilotonnes,0.3446,0.283,0.3734,0.3412,0.3868,0.3872,0.3872,0.388,0.3918,0.4116,0.4159,0.4212,0.4427,0.4512,0.4542,0.4593,0.4623,0.475,0.4779,0.4732,0.477
Trinidad and Tobago,Agricultural Soils,Indirect emissions (N2O),kilotonnes,0.1067,0.0856,0.1135,0.1042,0.1191,0.1192,0.1191,0.1186,0.1189,0.1244,0.1251,0.1267,0.1331,0.136,0.1363,0.1381,0.1386,0.1426,0.1436,0.142,0.1432
Trinidad and Tobago,Agricultural Soils,Emissions (N2O),kilotonnes,0.4512,0.3686,0.4869,0.4454,0.5058,0.5064,0.5063,0.5066,0.5107,0.536,0.541,0.5478,0.5759,0.5872,0.5905,0.5974,0.6009,0.6176,0.6215,0.6152,0.6202
Trinidad and Tobago,Agricultural Soils,Emissions (N2O),kilotonnes,,,,,,,,,,,,,,,,,,,,,
Trinidad and Tobago,Agricultural Soils,Emissions (CO2eq) from N2O (AR5),kilotonnes,119.581,97.6797,129.026,118.0367,134.0497,134.2047,134.179,134.2592,135.3463,142.0344,143.3621,145.1785,152.6044,155.6139,156.4735,158.3229,159.2424,163.6548,164.699,163.0312,164.3453
Trinidad and Tobago,Agricultural Soils,Emissions (CO2eq) from N2O (AR5),kilotonnes,,,,,,,,,,,,,,,,,,,,,
Trinidad and Tobago,Agricultural Soils,Emissions (CO2eq) (AR5),kilotonnes,119.581,97.6797,129.026,118.0367,134.0497,134.2047,134.179,134.2592,135.3463,142.0344,143.3621,145.1785,152.6044,155.6139,156.4735,158.3229,159.2424,163.6548,164.699,163.0312,164.3453
Trinidad and Tobago,Agricultural Soils,Emissions (CO2eq) (AR5),kilotonnes,,,,,,,,,,,,,,,,,,,,,
Trinidad and Tobago,LULUCF,Emissions (CH4),kilotonnes,0.2174,0,0,0.0372,0,0.0027,0.008,0.0266,0.0027,0.0053,0.1516,0,0,0,0.0027,0.0053,0.0665,0.0479,0.008,0.0319,0
Trinidad and Tobago,LULUCF,Emissions (CH4),kilotonnes,,,,,,,,,,,,,,,,,,,,,
Trinidad and Tobago,LULUCF,Emissions (N2O),kilotonnes,0.0064,0,0,0.0034,0,0.0002,0.0007,0.0024,0.0002,0.0005,0.0138,0,0,0,0.0002,0.0005,0.0061,0.0044,0.0007,0.0029,0
Trinidad and Tobago,LULUCF,Emissions (N2O),kilotonnes,,,,,,,,,,,,,,,,,,,,,
Trinidad and Tobago,LULUCF,Emissions (CO2),kilotonnes,81.9145,136.3541,136.3541,136.3541,136.3541,136.3541,136.3541,136.3541,136.3541,136.3541,136.3541,112.1329,112.1329,112.1329,112.1329,112.1329,125.8828,125.8828,125.8828,125.8828,125.8828
Trinidad and Tobago,LULUCF,Emissions (CO2),kilotonnes,,,,,,,,,,,,,,,,,,,,,
Trinidad and Tobago,LULUCF,Emissions (CO2eq) from CH4 (AR5),kilotonnes,6.086,0,0,1.0428,0,0.0745,0.2235,0.7448,0.0745,0.149,4.2456,0,0,0,0.0745,0.149,1.8621,1.3407,0.2235,0.8938,0
Trinidad and Tobago,LULUCF,Emissions (CO2eq) from N2O (AR5),kilotonnes,1.6941,0,0,0.9011,0,0.0644,0.1931,0.6436,0.0644,0.1287,3.6688,0,0,0,0.0644,0.1287,1.6091,1.1586,0.1931,0.7724,0
Trinidad and Tobago,LULUCF,Emissions (CO2eq) (AR5),kilotonnes,89.6947,136.3541,136.3541,138.298,136.3541,136.493,136.7707,137.7426,136.493,136.6318,144.2685,112.1329,112.1329,112.1329,112.2718,112.4106,129.3541,128.3821,126.2994,127.549,125.8828
Trinidad and Tobago,LULUCF,Emissions (CO2eq) (AR5),kilotonnes,,,,,,,,,,,,,,,,,,,,,
Trinidad and Tobago,AFOLU,Emissions (CH4),kilotonnes,3.7676,3.6721,3.9291,3.6374,3.6063,3.6436,3.6369,3.6627,3.5913,3.6143,3.8028,3.6623,3.7125,3.8847,3.8903,3.9028,3.7621,3.7011,3.6344,3.7833,3.7937
Trinidad and Tobago,AFOLU,Emissions (N2O),kilotonnes,0.5025,0.4241,0.5528,0.5105,0.5673,0.5686,0.5687,0.5725,0.5738,0.6019,0.6274,0.6155,0.6438,0.6566,0.6576,0.6672,0.679,0.6951,0.6949,0.6893,0.6931
Trinidad and Tobago,AFOLU,Emissions (CO2),kilotonnes,81.9145,136.3541,136.3541,136.3541,136.3541,136.3541,136.3541,136.3541,136.3541,136.3541,136.3541,112.1329,112.1329,112.1329,112.1329,112.1329,125.8828,125.8828,125.8828,125.8828,125.8828
Trinidad and Tobago,AFOLU,Emissions (CO2eq) from CH4 (AR5),kilotonnes,105.4935,102.8183,110.0146,101.8468,100.9756,102.0207,101.8336,102.5563,100.5571,101.2006,106.4788,102.545,103.9493,108.7713,108.9288,109.2785,105.3384,103.6313,101.7645,105.9328,106.2248
Trinidad and Tobago,AFOLU,Emissions (CO2eq) from N2O (AR5),kilotonnes,133.1714,112.3734,146.4828,135.2908,150.3391,150.6777,150.7163,151.7218,152.0645,159.5121,166.2592,163.1178,170.6185,173.9865,174.2577,176.8045,179.9231,184.1909,184.1611,182.6558,183.6815
Trinidad and Tobago,AFOLU,Emissions (CO2eq) (AR5),kilotonnes,320.5794,351.5459,392.8515,373.4916,387.6688,389.0525,388.9041,390.6323,388.9758,397.0668,409.0921,377.7956,386.7007,394.8907,395.3194,398.2158,411.1444,413.7051,411.8084,414.4715,415.7892
Trinidad and Tobago,All sectors with LULUCF,Emissions (CH4),kilotonnes,317.5676,337.0821,377.4391,483.1874,530.4663,573.4436,675.4369,697.2627,685.6913,702.7143,721.4028,694.2623,689.3125,692.8847,689.4903,655.6028,588.4621,590.1011,570.3344,642.2833,642.3937
Trinidad and Tobago,All sectors with LULUCF,Emissions (N2O),kilotonnes,0.7918,0.7194,0.8634,0.8416,0.9009,0.9361,0.9534,0.9977,0.9986,1.0225,1.0607,1.0469,1.0865,1.0933,1.1253,1.1193,1.087,1.1063,1.0804,1.1334,1.1407
Trinidad and Tobago,All sectors with LULUCF,Emissions (CO2),kilotonnes,34371.9145,38276.3541,40236.3541,44236.3541,46036.3541,53036.3541,60536.3541,62736.3541,60436.3541,61336.3541,64336.3541,63112.1329,61012.1329,59912.1329,61012.1329,60012.1329,54025.8828,54625.8828,53025.8828,49525.8828,44925.8828
Trinidad and Tobago,All sectors with LULUCF,Emissions (CO2eq) from CH4 (AR5),kilotonnes,8891.8935,9438.2983,10568.2946,13529.2468,14853.0556,16056.4207,18912.2336,19523.3563,19199.3571,19676.0006,20199.2788,19439.345,19300.7493,19400.7713,19305.7288,18356.8785,16476.9384,16522.8313,15969.3645,17983.9328,17987.0248
Trinidad and Tobago,All sectors with LULUCF,Emissions (CO2eq) from N2O (AR5),kilotonnes,209.8396,190.6316,228.7955,223.036,238.7469,248.069,252.6391,264.4036,264.6404,270.9749,281.0875,277.4162,287.9115,289.7159,298.2022,296.6149,288.0471,293.163,286.2961,300.3464,302.2731
Trinidad and Tobago,All sectors with LULUCF,Emissions (CO2eq) (AR5),kilotonnes,43473.6476,47905.2841,51033.4442,57988.6369,61128.1566,69340.8438,79701.2269,82524.1141,79900.3516,81283.3296,84816.7205,82828.894,80600.7936,79602.6201,80616.0638,78665.6263,70790.8684,71441.8771,69281.5434,67810.162,63215.1807
Trinidad and Tobago,All sectors without LULUCF,Emissions (CH4),kilotonnes,317.3503,337.0821,377.4391,483.1501,530.4663,573.4409,675.4289,697.2361,685.6887,702.709,721.2512,694.2623,689.3125,692.8847,689.4877,655.5975,588.3956,590.0532,570.3265,642.2514,642.3937
Trinidad and Tobago,All sectors without LULUCF,Emissions (N2O),kilotonnes,0.7855,0.7194,0.8634,0.8382,0.9009,0.9359,0.9526,0.9953,0.9984,1.0221,1.0469,1.0469,1.0865,1.0933,1.125,1.1188,1.0809,1.1019,1.0796,1.1305,1.1407
Trinidad and Tobago,All sectors without LULUCF,Emissions (CO2),kilotonnes,34290,38140,40100,44100,45900,52900,60400,62600,60300,61200,64200,63000,60900,59800,60900,59900,53900,54500,52900,49400,44800
Trinidad and Tobago,All sectors without LULUCF,Emissions (CO2eq) from CH4 (AR5),kilotonnes,8885.8075,9438.2983,10568.2946,13528.204,14853.0556,16056.3462,18912.0102,19522.6115,19199.2826,19675.8516,20195.0332,19439.345,19300.7493,19400.7713,19305.6543,18356.7295,16475.0763,16521.4906,15969.141,17983.039,17987.0248
Trinidad and Tobago,All sectors without LULUCF,Emissions (CO2eq) from N2O (AR5),kilotonnes,208.1454,190.6316,228.7955,222.1349,238.7469,248.0046,252.446,263.76,264.576,270.8462,277.4188,277.4162,287.9115,289.7159,298.1378,296.4862,286.438,292.0044,286.103,299.574,302.2731
Trinidad and Tobago,All sectors without LULUCF,Emissions (CO2eq) (AR5),kilotonnes,43383.9529,47768.9299,50897.0901,57850.3388,60991.8025,69204.3508,79564.4562,82386.3715,79763.8586,81146.6978,84672.4519,82716.7611,80488.6607,79490.4872,80503.7921,78553.2157,70661.5143,71313.495,69155.2441,67682.613,63089.2979
Tunisia,Crop Residues,Direct emissions (N2O),kilotonnes,0.2841,0.3098,0.1331,0.5314,0.5096,0.4907,0.3928,0.4545,0.2818,0.5555,0.2483,0.5196,0.5121,0.3238,0.5134,0.328,0.2991,0.3872,0.3515,0.5247,0.3702
Tunisia,Crop Residues,Indirect emissions (N2O),kilotonnes,0.0639,0.0697,0.0299,0.1196,0.1147,0.1104,0.0884,0.1023,0.0634,0.125,0.0559,0.1169,0.1152,0.0729,0.1155,0.0738,0.0673,0.0871,0.0791,0.1181,0.0833
Tunisia,Crop Residues,Emissions (N2O),kilotonnes,0.348,0.3795,0.163,0.6509,0.6242,0.6011,0.4812,0.5568,0.3452,0.6805,0.3042,0.6365,0.6273,0.3967,0.6289,0.4018,0.3664,0.4744,0.4306,0.6428,0.4535
Tunisia,Crop Residues,Emissions (CO2eq) from N2O (AR5),kilotonnes,92.2262,100.5687,43.1975,172.4957,165.4198,159.3028,127.5063,147.5444,91.4836,180.3385,80.6167,168.6641,166.2432,105.1189,166.6598,106.4862,97.1019,125.7057,114.1021,170.344,120.1865
Tunisia,Crop Residues,Emissions (CO2eq) (AR5),kilotonnes,92.2262,100.5687,43.1975,172.4957,165.4198,159.3028,127.5063,147.5444,91.4836,180.3385,80.6167,168.6641,166.2432,105.1189,166.6598,106.4862,97.1019,125.7057,114.1021,170.344,120.1865
Tunisia,Burning - Crop residues,Emissions (CH4),kilotonnes,0.7754,0.6037,0.3224,1.0007,1.118,1.0384,0.904,0.8305,0.5779,0.8489,0.4692,0.834,0.8143,0.7209,0.7807,0.7047,0.549,0.729,0.6696,0.6944,0.6545
Tunisia,Burning - Crop residues,Emissions (CH4),kilotonnes,0.36,,,,,,,,,,,,,,,,,,,,
Tunisia,Burning - Crop residues,Emissions (N2O),kilotonnes,0.0201,0.0157,0.0084,0.0259,0.029,0.0269,0.0234,0.0215,0.015,0.022,0.0122,0.0216,0.0211,0.0187,0.0202,0.0183,0.0142,0.0189,0.0174,0.018,0.017
Tunisia,Burning - Crop residues,Emissions (N2O),kilotonnes,0.01,,,,,,,,,,,,,,,,,,,,
Tunisia,Burning - Crop residues,Emissions (CO2eq) from CH4 (AR5),kilotonnes,21.7123,16.9042,9.0266,28.0204,31.3044,29.0758,25.3109,23.2546,16.1814,23.7686,13.1363,23.3513,22.801,20.1852,21.8599,19.7325,15.3733,20.412,18.7488,19.4443,18.3254
Tunisia,Burning - Crop residues,Emissions (CO2eq) from CH4 (AR5),kilotonnes,10.08,,,,,,,,,,,,,,,,,,,,
Tunisia,Burning - Crop residues,Emissions (CO2eq) from N2O (AR5),kilotonnes,5.3276,4.1478,2.2149,6.8754,7.6812,7.1343,6.2105,5.706,3.9704,5.8321,3.2232,5.7297,5.5947,4.9528,5.3638,4.8418,3.7721,5.0085,4.6004,4.7711,4.4965
Tunisia,Burning - Crop residues,Emissions (CO2eq) from N2O (AR5),kilotonnes,2.65,,,,,,,,,,,,,,,,,,,,
Tunisia,Burning - Crop residues,Emissions (CO2eq) (AR5),kilotonnes,27.0399,21.0519,11.2415,34.8958,38.9856,36.2101,31.5214,28.9605,20.1519,29.6008,16.3595,29.0811,28.3956,25.138,27.2237,24.5743,19.1454,25.4205,23.3492,24.2154,22.822
Tunisia,Burning - Crop residues,Emissions (CO2eq) (AR5),kilotonnes,12.73,,,,,,,,,,,,,,,,,,,,
Tunisia,Enteric Fermentation,Emissions (CH4),kilotonnes,88.7109,88.8186,88.665,84.6356,85.1745,87.9381,90.4657,91.696,87.8023,89.1948,87.6636,86.1425,82.6263,82.4923,83.241,82.0098,79.9497,79.0854,80.3641,78.8845,78.1018
Tunisia,Enteric Fermentation,Emissions (CH4),kilotonnes,108.125,,,,,,,,,,,,97.4,,,,,,,,
Tunisia,Enteric Fermentation,Emissions (CO2eq) from CH4 (AR5),kilotonnes,2483.9058,2486.92,2482.62,2369.7979,2384.8852,2462.266,2533.0382,2567.4888,2458.4637,2497.4538,2454.5794,2411.9894,2313.5374,2309.7835,2330.749,2296.2733,2238.5925,2214.392,2250.1959,2208.7654,2186.8491
Tunisia,Enteric Fermentation,Emissions (CO2eq) from CH4 (AR5),kilotonnes,3027.5,,,,,,,,,,,,2727.2,,,,,,,,
Tunisia,Enteric Fermentation,Emissions (CO2eq) (AR5),kilotonnes,2483.9058,2486.92,2482.62,2369.7979,2384.8852,2462.266,2533.0382,2567.4888,2458.4637,2497.4538,2454.5794,2411.9894,2313.5374,2309.7835,2330.749,2296.2733,2238.5925,2214.392,2250.1959,2208.7654,2186.8491
Tunisia,Enteric Fermentation,Emissions (CO2eq) (AR5),kilotonnes,3027.5,,,,,,,,,,,,2727.2,,,,,,,,
Tunisia,Manure Management,Emissions (CH4),kilotonnes,4.1501,4.203,4.1922,4.0636,4.1977,4.2748,4.2501,4.443,4.4124,4.4055,4.5753,4.4443,4.5543,4.6894,4.721,4.7179,4.7096,4.7306,4.7703,4.7648,4.7801
Tunisia,Manure Management,Emissions (CH4),kilotonnes,17.545,,,,,,,,,,,,7.4,,,,,,,,
Tunisia,Manure Management,Emissions (N2O),kilotonnes,0.0974,0.0998,0.0993,0.0954,0.1009,0.1035,0.1009,0.1101,0.1086,0.1112,0.1194,0.1142,0.1218,0.1253,0.1279,0.1293,0.1307,0.1301,0.1318,0.1336,0.1354
Tunisia,Manure Management,Emissions (N2O),kilotonnes,3.61,,,,,,,,,,,,0.77,,,,,,,,
Tunisia,Manure Management,Emissions (CO2eq) from CH4 (AR5),kilotonnes,116.2015,117.6838,117.3805,113.78,117.5357,119.6949,119.0022,124.4038,123.5469,123.3549,128.1091,124.4393,127.5207,131.3027,132.187,132.1025,131.8698,132.4575,133.5686,133.415,133.842
Tunisia,Manure Management,Emissions (CO2eq) from CH4 (AR5),kilotonnes,491.26,,,,,,,,,,,,207.2,,,,,,,,
Tunisia,Manure Management,Emissions (CO2eq) from N2O (AR5),kilotonnes,25.8084,26.4501,26.3061,25.2707,26.7347,27.4282,26.7466,29.1858,28.7832,29.4803,31.6508,30.2687,32.2849,33.2171,33.8946,34.2676,34.6322,34.4647,34.9169,35.4092,35.8821
Tunisia,Manure Management,Emissions (CO2eq) from N2O (AR5),kilotonnes,956.65,,,,,,,,,,,,204.05,,,,,,,,
Tunisia,Manure Management,Emissions (CO2eq) (AR5),kilotonnes,142.0099,144.1338,143.6865,139.0507,144.2704,147.1231,145.7488,153.5896,152.3301,152.8352,159.7599,154.7081,159.8055,164.5199,166.0816,166.37,166.5019,166.9222,168.4855,168.8242,169.7241
Tunisia,Manure Management,Emissions (CO2eq) (AR5),kilotonnes,1447.91,,,,,,,,,,,,411.25,,,,,,,,
Tunisia,Manure left on Pasture,Direct emissions (N2O),kilotonnes,3.8848,3.9224,3.903,3.7194,3.8354,3.9502,3.9754,4.1685,4.0591,4.1066,4.1914,4.0592,4.1347,4.1882,4.252,4.2402,4.2084,4.1747,4.239,4.2295,4.238
Tunisia,Manure left on Pasture,Indirect emissions (N2O),kilotonnes,1.229,1.2357,1.2304,1.1792,1.2188,1.2544,1.2739,1.3229,1.2844,1.2949,1.3,1.262,1.2699,1.2823,1.2938,1.2763,1.2657,1.2614,1.2783,1.2691,1.2672
Tunisia,Manure left on Pasture,Emissions (N2O),kilotonnes,5.1138,5.1581,5.1334,4.8986,5.0542,5.2046,5.2494,5.4914,5.3435,5.4015,5.4915,5.3212,5.4045,5.4705,5.5458,5.5165,5.4741,5.4361,5.5172,5.4985,5.5052
Tunisia,Manure left on Pasture,Emissions (CO2eq) from N2O (AR5),kilotonnes,1355.1513,1366.908,1360.3437,1298.1371,1339.3607,1379.2307,1391.0895,1455.2251,1416.0333,1431.3943,1455.2358,1410.1171,1432.2006,1449.6827,1469.6289,1461.8751,1450.6303,1440.5658,1462.069,1457.1093,1458.8691
Tunisia,Manure left on Pasture,Emissions (CO2eq) (AR5),kilotonnes,1355.1513,1366.908,1360.3437,1298.1371,1339.3607,1379.2307,1391.0895,1455.2251,1416.0333,1431.3943,1455.2358,1410.1171,1432.2006,1449.6827,1469.6289,1461.8751,1450.6303,1440.5658,1462.069,1457.1093,1458.8691
Tunisia,Manure applied to Soils,Direct emissions (N2O),kilotonnes,0.1829,0.1889,0.1889,0.1822,0.1911,0.1962,0.1908,0.209,0.2029,0.213,0.2301,0.2213,0.2305,0.2373,0.2427,0.2466,0.2493,0.2476,0.2511,0.2551,0.2588
Tunisia,Manure applied to Soils,Indirect emissions (N2O),kilotonnes,0.0778,0.0803,0.0803,0.0774,0.0812,0.0834,0.0811,0.0888,0.0862,0.0905,0.0978,0.0941,0.098,0.1009,0.1032,0.1048,0.1059,0.1052,0.1067,0.1084,0.11
Tunisia,Manure applied to Soils,Emissions (N2O),kilotonnes,0.2607,0.2692,0.2692,0.2597,0.2723,0.2796,0.2719,0.2979,0.2892,0.3036,0.3279,0.3154,0.3285,0.3381,0.3459,0.3513,0.3552,0.3529,0.3578,0.3635,0.3688
Tunisia,Manure applied to Soils,Emissions (CO2eq) from N2O (AR5),kilotonnes,69.0848,71.3509,71.3506,68.8156,72.1593,74.0826,72.066,78.9305,76.6334,80.4435,86.9031,83.5723,87.0527,89.6091,91.6671,93.1074,94.1313,93.5075,94.8187,96.3291,97.7299
Tunisia,Manure applied to Soils,Emissions (CO2eq) (AR5),kilotonnes,69.0848,71.3509,71.3506,68.8156,72.1593,74.0826,72.066,78.9305,76.6334,80.4435,86.9031,83.5723,87.0527,89.6091,91.6671,93.1074,94.1313,93.5075,94.8187,96.3291,97.7299
Tunisia,Synthetic Fertilizers,Direct emissions (N2O),kilotonnes,0.9759,0.8643,0.88,0.9429,1.0686,1.1471,1.155,1.1707,1.1566,1.2257,1.2571,1.2886,1.3357,0.9256,1.0167,1.1644,1.551,1.2021,1.3499,1.3499,1.3499
Tunisia,Synthetic Fertilizers,Indirect emissions (N2O),kilotonnes,0.3172,0.2809,0.286,0.3064,0.3473,0.3728,0.3754,0.3805,0.3759,0.3984,0.4086,0.4188,0.4341,0.3008,0.3304,0.3784,0.5041,0.3907,0.4387,0.4387,0.4387
Tunisia,Synthetic Fertilizers,Emissions (N2O),kilotonnes,1.293,1.1452,1.166,1.2493,1.4159,1.52,1.5304,1.5512,1.5325,1.6241,1.6657,1.7074,1.7698,1.2264,1.3471,1.5429,2.0551,1.5928,1.7886,1.7886,1.7886
Tunisia,Synthetic Fertilizers,Emissions (CO2eq) from N2O (AR5),kilotonnes,342.6478,303.4723,308.99,331.0607,375.2021,402.7905,405.5494,411.0671,406.1011,430.3789,441.4143,452.4496,469.0027,324.9913,356.9938,408.86,544.5949,422.1024,473.9686,473.9686,473.9686
Tunisia,Synthetic Fertilizers,Emissions (CO2eq) (AR5),kilotonnes,342.6478,303.4723,308.99,331.0607,375.2021,402.7905,405.5494,411.0671,406.1011,430.3789,441.4143,452.4496,469.0027,324.9913,356.9938,408.86,544.5949,422.1024,473.9686,473.9686,473.9686
Tunisia,Drained organic soils,Emissions (CO2eq) (AR5),kilotonnes,0,0,0,0,0,0,0,0,0,0,0,0,0,0,0,0,0,0,0,0,0
Tunisia,Drained organic soils (CO2),Emissions (CO2),kilotonnes,0,0,0,0,0,0,0,0,0,0,0,0,0,0,0,0,0,0,0,0,0
Tunisia,Drained organic soils (CO2),Emissions (CO2eq) (AR5),kilotonnes,0,0,0,0,0,0,0,0,0,0,0,0,0,0,0,0,0,0,0,0,0
Tunisia,Drained organic soils (N2O),Emissions (N2O),kilotonnes,0,0,0,0,0,0,0,0,0,0,0,0,0,0,0,0,0,0,0,0,0
Tunisia,Drained organic soils (N2O),Emissions (CO2eq) from N2O (AR5),kilotonnes,0,0,0,0,0,0,0,0,0,0,0,0,0,0,0,0,0,0,0,0,0
Tunisia,Drained organic soils (N2O),Emissions (CO2eq) (AR5),kilotonnes,0,0,0,0,0,0,0,0,0,0,0,0,0,0,0,0,0,0,0,0,0
Tunisia,On-farm energy use,Emissions (CH4),kilotonnes,0.0888,0.0936,0.0968,0.1008,0.1051,0.1075,0.1045,0.1067,0.1083,0.1115,0.1156,0.1106,0.1093,0.1098,0.1127,0.1162,0.117,0.1283,0.1325,0.1364,0.1364
Tunisia,On-farm energy use,Emissions (N2O),kilotonnes,0.381,0.3958,0.3541,0.3702,0.3874,0.3972,0.3848,0.3812,0.38,0.3922,0.3887,0.3483,0.352,0.3533,0.3827,0.4012,0.4086,0.4372,0.4365,0.4473,0.4473
Tunisia,On-farm energy use,Emissions (CO2),kilotonnes,1195.1226,1245.9063,1147.2795,1186.3887,1239.4408,1264.6,1215.6538,1217.0693,1220.2344,1254.6878,1254.3257,1150.785,1142.821,1148.8658,1196.0002,1223.117,1248.218,1356.8433,1374.6283,1410.3567,1410.3567
Tunisia,On-farm energy use,Emissions (CO2eq) from CH4 (AR5),kilotonnes,2.4855,2.6209,2.7117,2.822,2.9423,3.0095,2.9272,2.9878,3.0325,3.1231,3.2364,3.098,3.0593,3.0754,3.1567,3.2548,3.2759,3.5926,3.709,3.8196,3.8196
Tunisia,On-farm energy use,Emissions (CO2eq) from N2O (AR5),kilotonnes,100.9649,104.8778,93.8483,98.0937,102.661,105.2602,101.9808,101.0096,100.6884,103.9422,103.0001,92.3063,93.285,93.6249,101.4197,106.3199,108.2762,115.8485,115.6746,118.5256,118.5256
Tunisia,On-farm energy use,Emissions (CO2eq) (AR5),kilotonnes,1298.573,1353.405,1243.8395,1287.3045,1345.0441,1372.8696,1320.5618,1321.0666,1323.9552,1361.7532,1360.5621,1246.1892,1239.1653,1245.566,1300.5766,1332.6916,1359.7701,1476.2843,1494.0119,1532.702,1532.702
Tunisia,Forestland,Emissions (CO2),kilotonnes,-922.8176,-1319.6122,-1319.6122,-1319.6122,-1319.6122,-1319.6122,-1319.6122,-1319.6122,-1319.6122,-1319.6122,-1319.6122,3860.4028,3860.4028,3860.4028,3860.4028,3860.4028,-3801.4957,-3801.4957,-3801.4957,-3801.4957,-3801.4957
Tunisia,Forestland,Emissions (CO2eq) (AR5),kilotonnes,-922.8176,-1319.6122,-1319.6122,-1319.6122,-1319.6122,-1319.6122,-1319.6122,-1319.6122,-1319.6122,-1319.6122,-1319.6122,3860.4028,3860.4028,3860.4028,3860.4028,3860.4028,-3801.4957,-3801.4957,-3801.4957,-3801.4957,-3801.4957
Tunisia,Net Forest conversion,Emissions (CO2),kilotonnes,4.6311,11.6084,11.6084,11.6084,11.6084,11.6084,11.6084,11.6084,11.6084,11.6084,11.6084,20.0165,20.0165,20.0165,20.0165,20.0165,16.2149,16.2149,16.2149,16.2149,16.2149
Tunisia,Net Forest conversion,Emissions (CO2eq) (AR5),kilotonnes,4.6311,11.6084,11.6084,11.6084,11.6084,11.6084,11.6084,11.6084,11.6084,11.6084,11.6084,20.0165,20.0165,20.0165,20.0165,20.0165,16.2149,16.2149,16.2149,16.2149,16.2149
Tunisia,Savanna fires,Emissions (CH4),kilotonnes,0.0044,0,0.0113,0.0095,0.001,0.001,0.0063,0.0217,0.0034,0.0007,0.0034,0.0315,0.0557,0.1903,0.1275,0.1498,0.028,0.1823,0.0012,0.0633,0.3532
Tunisia,Savanna fires,Emissions (N2O),kilotonnes,0.0004,0,0.001,0.0009,0.0001,0.0001,0.0006,0.002,0.0003,0.0001,0.0003,0.0029,0.0051,0.0174,0.0116,0.0137,0.0026,0.0166,0.0001,0.0058,0.0322
Tunisia,Savanna fires,Emissions (CO2eq) from CH4 (AR5),kilotonnes,0.1233,0,0.3164,0.2674,0.0288,0.0283,0.1752,0.6071,0.0964,0.0189,0.0962,0.8814,1.561,5.3281,3.5698,4.1944,0.7835,5.1041,0.034,1.7726,9.8894
Tunisia,Savanna fires,Emissions (CO2eq) from N2O (AR5),kilotonnes,0.1063,0,0.2734,0.2311,0.0249,0.0245,0.1514,0.5246,0.0833,0.0164,0.0832,0.7617,1.3489,4.6042,3.0847,3.6245,0.6771,4.4106,0.0294,1.5318,8.5458
Tunisia,Savanna fires,Emissions (CO2eq) (AR5),kilotonnes,0.2296,0,0.5898,0.4985,0.0536,0.0528,0.3266,1.1317,0.1796,0.0353,0.1794,1.6431,2.9099,9.9323,6.6545,7.8189,1.4606,9.5146,0.0634,3.3043,18.4352
Tunisia,Fires in organic soils,Emissions (CH4),kilotonnes,0,0,0,0,0,0,0,0,0,0,0,0,0,0,0,0,0,0,0,0,0
Tunisia,Fires in organic soils,Emissions (CO2),kilotonnes,0,0,0,0,0,0,0,0,0,0,0,0,0,0,0,0,0,0,0,0,0
Tunisia,Fires in organic soils,Emissions (CO2eq) from CH4 (AR5),kilotonnes,0,0,0,0,0,0,0,0,0,0,0,0,0,0,0,0,0,0,0,0,0
Tunisia,Fires in organic soils,Emissions (CO2eq) (AR5),kilotonnes,0,0,0,0,0,0,0,0,0,0,0,0,0,0,0,0,0,0,0,0,0
Tunisia,Forest fires,Emissions (CH4),kilotonnes,0.1032,0,0.0075,0,0,0,0,0.0174,0,0,0.01,0.0199,0.0249,0.0498,0.1046,0.0249,0,0.4929,0,0.0249,0.0299
Tunisia,Forest fires,Emissions (N2O),kilotonnes,0.0057,0,0.0007,0,0,0,0,0.0016,0,0,0.0009,0.0018,0.0023,0.0045,0.0095,0.0023,0,0.045,0,0.0023,0.0027
Tunisia,Forest fires,Emissions (CO2eq) from CH4 (AR5),kilotonnes,2.8884,0,0.2091,0,0,0,0,0.4879,0,0,0.2788,0.5576,0.6969,1.3941,2.9274,0.697,0,13.8005,0,0.6969,0.8364
Tunisia,Forest fires,Emissions (CO2eq) from N2O (AR5),kilotonnes,1.5124,0,0.1807,0,0,0,0,0.4216,0,0,0.2409,0.4819,0.6022,1.2046,2.5297,0.6023,0,11.9254,0,0.6022,0.7228
Tunisia,Forest fires,Emissions (CO2eq) (AR5),kilotonnes,4.4008,0,0.3898,0,0,0,0,0.9094,0,0,0.5196,1.0395,1.2992,2.5987,5.4571,1.2993,0,25.7259,0,1.2991,1.5592
Tunisia,Fires in humid tropical forests,Emissions (CH4),kilotonnes,0,0,0,0,0,0,0,0,0,0,0,0,0,0,0,0,0,0,0,0,0
Tunisia,Fires in humid tropical forests,Emissions (N2O),kilotonnes,0,0,0,0,0,0,0,0,0,0,0,0,0,0,0,0,0,0,0,0,0
Tunisia,Fires in humid tropical forests,Emissions (CO2eq) from CH4 (AR5),kilotonnes,0,0,0,0,0,0,0,0,0,0,0,0,0,0,0,0,0,0,0,0,0
Tunisia,Fires in humid tropical forests,Emissions (CO2eq) from N2O (AR5),kilotonnes,0,0,0,0,0,0,0,0,0,0,0,0,0,0,0,0,0,0,0,0,0
Tunisia,Fires in humid tropical forests,Emissions (CO2eq) (AR5),kilotonnes,0,0,0,0,0,0,0,0,0,0,0,0,0,0,0,0,0,0,0,0,0
Tunisia,Waste - agri-food systems,Emissions (CH4),kilotonnes,90.6997,91.139,91.4265,91.751,90.2375,90.7156,90.724,91.2604,91.9254,92.1486,92.5419,92.9019,93.2436,93.5606,93.408,93.3102,93.1814,93.0374,92.9115,92.8691,92.8425
Tunisia,Waste - agri-food systems,Emissions (N2O),kilotonnes,0.3753,0.383,0.3786,0.3868,0.3573,0.3661,0.3585,0.3728,0.3771,0.3948,0.4079,0.4079,0.4198,0.4202,0.4265,0.4305,0.4309,0.4225,0.4227,0.4237,0.4245
Tunisia,Waste - agri-food systems,Emissions (CO2),kilotonnes,0,0,0,0,0,0,0,0,0,0,0,0,0,0,0,0,0,0,0,0,0
Tunisia,Waste - agri-food systems,Emissions (CO2eq) from CH4 (AR5),kilotonnes,2539.5921,2551.8924,2559.9432,2569.029,2526.6509,2540.0379,2540.2714,2555.2899,2573.9119,2580.1599,2591.173,2601.254,2610.8212,2619.6965,2615.4253,2612.6844,2609.0782,2605.0482,2601.523,2600.3342,2599.5913
Tunisia,Waste - agri-food systems,Emissions (CO2eq) from N2O (AR5),kilotonnes,99.4538,101.4844,100.3224,102.4934,94.6878,97.0265,95.0155,98.7934,99.9241,104.6143,108.0931,108.087,111.2407,111.3446,113.0093,114.0896,114.1933,111.9524,112.0176,112.2794,112.491
Tunisia,Waste - agri-food systems,Emissions (CO2eq) (AR5),kilotonnes,2639.0458,2653.3768,2660.2656,2671.5224,2621.3387,2637.0644,2635.2868,2654.0833,2673.836,2684.7742,2699.2661,2709.341,2722.0618,2731.0411,2728.4346,2726.774,2723.2715,2717.0006,2713.5406,2712.6136,2712.0822
Tunisia,Fertilizers Manufacturing,Emissions (N2O),kilotonnes,0.443,0.4497,0.431,0.5781,0.4579,0.4515,0.5405,0.2686,0.4236,0.5727,0.5837,0.3527,0.599,0.4875,0.4899,0.4699,0.4845,0.4951,0.4898,0.4828,0.4834
Tunisia,Fertilizers Manufacturing,Emissions (CO2),kilotonnes,1112.2886,1092.1302,982.5892,1033.3044,972.3109,1026.8181,1053.9597,888.5982,945.2224,1061.1774,1127.1209,520.5446,718.4577,757.2397,729.1806,669.3612,659.7802,643.6622,607.0291,569.6572,509.1626
Tunisia,Fertilizers Manufacturing,Emissions (CO2eq) from N2O (AR5),kilotonnes,117.395,119.1705,114.215,153.1965,121.3435,119.6475,143.2325,71.179,112.254,151.7655,154.6805,93.4655,158.735,129.1875,129.8235,124.5235,128.3925,131.2015,129.797,127.942,128.105
Tunisia,Fertilizers Manufacturing,Emissions (CO2eq) (AR5),kilotonnes,1229.6836,1211.3007,1096.8042,1186.5009,1093.6544,1146.4656,1197.1922,959.7772,1057.4764,1212.9429,1281.8014,614.0101,877.1927,886.4272,859.0041,793.8847,788.1727,774.8637,736.8261,697.5992,637.2676
Tunisia,On-farm electricity use,Emissions (CH4),kilotonnes,0.5472,0.5928,0.6144,0.6204,0.6828,0.7392,0.9588,1.0236,0.9084,0.8832,1.0284,1.0068,1.0956,1.2132,1.224,1.2576,1.4016,1.3884,1.4004,1.4357,1.4357
Tunisia,On-farm electricity use,Emissions (N2O),kilotonnes,0.0029,0.0032,0.0033,0.0033,0.0036,0.0039,0.0051,0.0055,0.0049,0.0047,0.0055,0.0054,0.0058,0.0065,0.0065,0.0067,0.0075,0.0074,0.0075,0.0076,0.0076
Tunisia,On-farm electricity use,Emissions (CO2),kilotonnes,261.8439,288.7026,288.7383,252.8151,270.9267,288.3688,393.2029,431.138,373.6139,358.9732,396.8568,387.0083,419.0934,484.8247,489.1406,502.568,560.114,554.8389,559.6344,573.7332,573.7332
Tunisia,On-farm electricity use,Emissions (CO2eq) from CH4 (AR5),kilotonnes,15.3216,16.5984,17.2032,17.3712,19.1184,20.6976,26.8464,28.6608,25.4352,24.7296,28.7952,28.1904,30.6768,33.9696,34.272,35.2128,39.2448,38.8752,39.2112,40.1996,40.1996
Tunisia,On-farm electricity use,Emissions (CO2eq) from N2O (AR5),kilotonnes,0.7685,0.848,0.8745,0.8745,0.954,1.0335,1.3515,1.4575,1.2985,1.2455,1.4575,1.431,1.537,1.7225,1.7225,1.7755,1.9875,1.961,1.9875,2.014,2.014
Tunisia,On-farm electricity use,Emissions (CO2eq) (AR5),kilotonnes,277.934,306.149,306.816,271.0608,290.9991,310.0999,421.4008,461.2563,400.3476,384.9483,427.1095,416.6297,451.3072,520.5168,525.1351,539.5563,601.3463,595.6751,600.8331,615.9468,615.9468
Tunisia,Food Processing,Emissions (CH4),kilotonnes,0,0,0,0,0,0,0,0,0.65,0.6719,0.7107,0.7518,0.7917,0.8156,0.854,0.9393,0.9216,0.9361,1.0188,1.0188,1.0048
Tunisia,Food Processing,Emissions (N2O),kilotonnes,0,0,0,0,0,0,0,0,0.0037,0.0038,0.0041,0.0043,0.0045,0.0047,0.0048,0.0053,0.0052,0.0053,0.0058,0.0058,0.0058
Tunisia,Food Processing,Emissions (CO2),kilotonnes,0,0,0,0,0,0,0,0,381.3512,403.4303,423.6755,458.1541,485.4778,506.924,516.9962,561.6471,567.5252,582.0875,608.5566,608.5566,543.9311
Tunisia,Food Processing,Emissions (CO2eq) from CH4 (AR5),kilotonnes,0,0,0,0,0,0,0,0,18.2,18.8132,19.8996,21.0504,22.1676,22.8368,23.912,26.3004,25.8048,26.2108,28.5264,28.5264,28.1356
Tunisia,Food Processing,Emissions (CO2eq) from N2O (AR5),kilotonnes,0,0,0,0,0,0,0,0,0.9805,1.007,1.0865,1.1395,1.1925,1.2455,1.272,1.4045,1.378,1.4045,1.537,1.537,1.539
Tunisia,Food Processing,Emissions (CO2eq) (AR5),kilotonnes,0,0,0,0,0,0,0,0,400.5317,423.2505,444.6616,480.344,508.8379,531.0063,542.1802,589.352,594.708,609.7028,638.62,638.62,573.6057
Tunisia,Food Packaging,Emissions (CH4),kilotonnes,0.0283,0.0297,0.03,0.0306,0.0335,0.0348,0.0384,0.0396,0.3194,0.3416,0.3633,0.33,0.3686,0.3858,0.423,0.4329,0.4248,0.4043,0.4323,0.4369,0.4309
Tunisia,Food Packaging,Emissions (N2O),kilotonnes,0.0003,0.0003,0.0003,0.0003,0.0003,0.0003,0.0003,0.0003,0.0021,0.0023,0.0024,0.0022,0.0025,0.0026,0.0027,0.0028,0.0027,0.0027,0.0028,0.0029,0.0029
Tunisia,Food Packaging,Emissions (CO2),kilotonnes,33.1833,34.2237,33.9301,33.2381,34.3449,34.7654,35.9877,37.4954,334.3772,358.6393,380.6954,368.4065,415.493,424.0334,417.5987,411.995,403.9745,424.2516,452.8025,449.249,401.5411
Tunisia,Food Packaging,Emissions (CO2eq) from CH4 (AR5),kilotonnes,0.7924,0.8316,0.84,0.8568,0.938,0.9744,1.0752,1.1088,8.9432,9.5648,10.1724,9.24,10.3208,10.8024,11.844,12.1212,11.8944,11.3204,12.1044,12.2332,12.0656
Tunisia,Food Packaging,Emissions (CO2eq) from N2O (AR5),kilotonnes,0.0795,0.0795,0.0795,0.0795,0.0795,0.0795,0.0795,0.0795,0.5565,0.6095,0.636,0.583,0.6625,0.689,0.7155,0.742,0.7155,0.7155,0.742,0.7685,0.7695
Tunisia,Food Packaging,Emissions (CO2eq) (AR5),kilotonnes,34.0552,35.1348,34.8496,34.1744,35.3624,35.8193,37.1424,38.6837,343.8769,368.8136,391.5038,378.2295,426.4763,435.5248,430.1582,424.8582,416.5844,436.2875,465.6489,462.2507,414.3762
Tunisia,Food Retail,Emissions (CH4),kilotonnes,0.0044,0.0045,0.0045,0.0045,0.0047,0.0049,0.0054,0.0055,0.5569,0.6162,0.636,0.6091,0.6622,0.6787,0.6974,0.7024,0.717,0.7606,0.7582,0.8765,0.8645
Tunisia,Food Retail,Emissions (N2O),kilotonnes,0.0009,0.001,0.0009,0.001,0.001,0.001,0.001,0.001,0.0033,0.0036,0.0037,0.0036,0.0038,0.0039,0.004,0.0041,0.0041,0.0044,0.0044,0.0049,0.0049
Tunisia,Food Retail,Emissions (CO2),kilotonnes,143.5754,150.1766,149.3515,152.652,158.4281,161.7287,164.2041,173.2807,322.8837,345.3251,342.0916,323.8546,354.9479,374.0419,381.1507,383.8079,383.5607,406.9023,412.92,442.6566,395.6488
Tunisia,Food Retail,Emissions (CO2eq) from CH4 (AR5),kilotonnes,0.1225,0.1271,0.1271,0.1262,0.1308,0.1373,0.1503,0.154,15.5932,17.2536,17.808,17.0548,18.5416,19.0036,19.5272,19.6672,20.076,21.2968,21.2296,24.542,24.2058
Tunisia,Food Retail,Emissions (CO2eq) from N2O (AR5),kilotonnes,0.2451,0.2551,0.2445,0.2534,0.2633,0.2701,0.2691,0.265,0.8745,0.954,0.9805,0.954,1.007,1.0335,1.06,1.0865,1.0865,1.166,1.166,1.2985,1.3002
Tunisia,Food Retail,Emissions (CO2eq) (AR5),kilotonnes,143.943,150.5588,149.723,153.0316,158.8222,162.1361,164.6235,173.6997,339.3514,363.5327,360.8801,341.8634,374.4965,394.079,401.7379,404.5616,404.7232,429.3651,435.3156,468.4971,421.1548
Tunisia,Food Household Consumption,Emissions (CH4),kilotonnes,1.0745,1.1779,1.2265,1.3293,1.362,1.3918,1.6051,1.72,1.6403,1.7237,1.7876,1.88,2.0719,2.0575,2.1518,2.2271,2.2168,2.3754,2.396,2.396,2.3632
Tunisia,Food Household Consumption,Emissions (N2O),kilotonnes,0.0079,0.0086,0.0088,0.0093,0.0095,0.0097,0.0105,0.0112,0.0104,0.0106,0.0109,0.0113,0.0121,0.0122,0.0127,0.0132,0.0131,0.014,0.014,0.014,0.014
Tunisia,Food Household Consumption,Emissions (CO2),kilotonnes,1025.4214,1094.5358,1117.0662,1083.6703,1112.3955,1127.9383,1181.3419,1371.6076,1297.4838,1350.9168,1333.1336,1384.4888,1449.7815,1537.0034,1583.5187,1654.5338,1650.4479,1766.5614,1795.0151,1795.0151,1604.394
Tunisia,Food Household Consumption,Emissions (CO2eq) from CH4 (AR5),kilotonnes,30.086,32.9812,34.342,37.2204,38.136,38.9704,44.9428,48.16,45.9284,48.2636,50.0528,52.64,58.0132,57.61,60.2504,62.3588,62.0704,66.5112,67.088,67.088,66.169
Tunisia,Food Household Consumption,Emissions (CO2eq) from N2O (AR5),kilotonnes,2.0935,2.279,2.332,2.4645,2.5175,2.5705,2.7825,2.968,2.756,2.809,2.8885,2.9945,3.2065,3.233,3.3655,3.498,3.4715,3.71,3.71,3.71,3.7147
Tunisia,Food Household Consumption,Emissions (CO2eq) (AR5),kilotonnes,1057.6009,1129.796,1153.7402,1123.3552,1153.049,1169.4792,1229.0672,1422.7356,1346.1682,1401.9894,1386.0749,1440.1233,1511.0012,1597.8464,1647.1346,1720.3906,1715.9898,1836.7826,1865.8131,1865.8131,1674.2777
Tunisia,Food Transport,Emissions (CH4),kilotonnes,0.0504,0.0523,0.0491,0.0476,0.0461,0.0469,0.047,0.0461,0.0427,0.0441,0.0419,0.0402,0.0392,0.0367,0.0396,0.0411,0.0402,0.0428,0.0422,0.0421,0.0415
Tunisia,Food Transport,Emissions (N2O),kilotonnes,0.009,0.0095,0.0099,0.0099,0.01,0.0101,0.0097,0.0098,0.0095,0.0098,0.0162,0.0153,0.0146,0.0143,0.015,0.0157,0.0152,0.0165,0.0162,0.0167,0.0167
Tunisia,Food Transport,Emissions (CO2),kilotonnes,441.1,454.3,466.4,480.7,486.2,504.9,501.6,515.9,511.5,628.1465,663.2605,630.2275,628.1355,622.6355,676.0395,719.5435,721.2475,780.707,767.3665,768.7515,687.1142
Tunisia,Food Transport,Emissions (CO2eq) from CH4 (AR5),kilotonnes,1.4112,1.4644,1.3748,1.3328,1.2908,1.3132,1.316,1.2908,1.1956,1.2348,1.1732,1.1256,1.0976,1.0276,1.1088,1.1508,1.1256,1.1984,1.1816,1.1788,1.1627
Tunisia,Food Transport,Emissions (CO2eq) from N2O (AR5),kilotonnes,2.385,2.5175,2.6235,2.6235,2.65,2.6765,2.5705,2.597,2.5175,2.597,4.293,4.0545,3.869,3.7895,3.975,4.1605,4.028,4.3725,4.293,4.4255,4.4311
Tunisia,Food Transport,Emissions (CO2eq) (AR5),kilotonnes,444.8962,458.2819,470.3983,484.6563,490.1408,508.8897,505.4865,519.7878,515.2131,631.9783,668.7267,635.4076,633.1021,627.4526,681.1233,724.8548,726.4011,786.2779,772.8411,774.3558,692.708
Tunisia,Energy,Emissions (CH4),kilotonnes,132,137,137,136,141,148,162,166,195,193,188,175,173,167,156,149,144,133,127,146,144
Tunisia,Energy,Emissions (N2O),kilotonnes,0.716,0.745,0.714,0.74,0.769,0.789,0.786,0.774,0.801,0.799,0.764,0.718,0.727,0.726,0.766,0.79,0.79,0.823,0.815,0.785,0.786
Tunisia,Energy,Emissions (CO2),kilotonnes,17400,18200,18100,18500,19200,19600,19900,21000,21700,21700,24100,23000,24500,24800,25300,26300,26000,26400,22100,22600,20200
Tunisia,Energy,Emissions (CO2eq) from CH4 (AR5),kilotonnes,3696,3836,3836,3808,3948,4144,4536,4648,5460,5404,5264,4900,4844,4676,4368,4172,4032,3724,3556,4088,4032
Tunisia,Energy,Emissions (CO2eq) from N2O (AR5),kilotonnes,189.74,197.425,189.21,196.1,203.785,209.085,208.29,205.11,212.265,211.735,202.46,190.27,192.655,192.39,202.99,209.35,209.35,218.095,215.975,208.025,208.29
Tunisia,Energy,Emissions (CO2eq) (AR5),kilotonnes,21285.74,22233.425,22125.21,22504.1,23351.785,23953.085,24644.29,25853.11,27372.265,27315.735,29566.46,28090.27,29536.655,29668.39,29870.99,30681.35,30241.35,30342.095,25871.975,26896.025,24440.29
Tunisia,IPPU,Emissions (CH4),kilotonnes,0.0119,0.0123,0.0095,0.0014,0.0082,0.0081,0.0079,0.0077,0.0076,0.0074,0.0072,0.007,0.0069,0.0067,0.0065,0.0064,0.0062,0.006,0.0059,0.0057,0.0055
Tunisia,IPPU,Emissions (N2O),kilotonnes,1.3,1.22,0.923,0.966,0.993,0.993,1.04,0.875,0.937,1.06,1.08,1.08,1.08,1.08,1.08,1.08,1.08,1.08,1.08,1.11,1.12
Tunisia,IPPU,Emissions (CO2),kilotonnes,2790,2750,2860,2830,3080,3070,3200,3300,3560,3640,3950,3580,3570,3500,3890,4040,3810,3390,3290,3580,3580
Tunisia,IPPU,Emissions (CO2eq) from F-gases (AR5),kilotonnes,0,0,0,0,0,0,0,0,0,0,0,0,0,0,0,0,0,0,0,0,0
Tunisia,IPPU,Emissions (CO2eq) from CH4 (AR5),kilotonnes,0.3332,0.3444,0.2646,0.0392,0.2302,0.2254,0.2206,0.2159,0.2114,0.2066,0.2019,0.1971,0.1924,0.1879,0.1831,0.1784,0.1736,0.1688,0.1641,0.1596,0.1548
Tunisia,IPPU,Emissions (CO2eq) from N2O (AR5),kilotonnes,344.5,323.3,244.595,255.99,263.145,263.145,275.6,231.875,248.305,280.9,286.2,286.2,286.2,286.2,286.2,286.2,286.2,286.2,286.2,294.15,296.8
Tunisia,IPPU,Emissions (CO2eq) (AR5),kilotonnes,3134.8332,3073.6444,3104.8596,3086.0292,3343.3752,3333.3704,3475.8206,3532.0909,3808.5164,3921.1066,4236.4019,3866.3971,3856.3924,3786.3879,4176.3831,4326.3784,4096.3736,3676.3688,3576.3641,3874.3096,3876.9548
Tunisia,Waste,Emissions (CH4),kilotonnes,109,111,112,114,116,118,121,116,118,121,123,124,126,128,131,133,134,136,138,139,140
Tunisia,Waste,Emissions (N2O),kilotonnes,0.547,0.552,0.556,0.558,0.561,0.572,0.577,0.59,0.596,0.616,0.634,0.657,0.673,0.683,0.696,0.709,0.725,0.728,0.736,0.76,0.774
Tunisia,Waste,Emissions (CO2eq) from CH4 (AR5),kilotonnes,3052,3108,3136,3192,3248,3304,3388,3248,3304,3388,3444,3472,3528,3584,3668,3724,3752,3808,3864,3892,3920
Tunisia,Waste,Emissions (CO2eq) from N2O (AR5),kilotonnes,144.955,146.28,147.34,147.87,148.665,151.58,152.905,156.35,157.94,163.24,168.01,174.105,178.345,180.995,184.44,187.885,192.125,192.92,195.04,201.4,205.11
Tunisia,Waste,Emissions (CO2eq) (AR5),kilotonnes,3196.955,3254.28,3283.34,3339.87,3396.665,3455.58,3540.905,3404.35,3461.94,3551.24,3612.01,3646.105,3706.345,3764.995,3852.44,3911.885,3944.125,4000.92,4059.04,4093.4,4125.11
Tunisia,Other,Emissions (N2O),kilotonnes,0.417,0.429,0.431,0.427,0.433,0.442,0.452,0.467,0.456,0.474,0.467,0.449,0.465,0.466,0.496,0.51,0.498,0.516,0.516,0.517,0.523
Tunisia,Other,Emissions (CO2eq) from N2O (AR5),kilotonnes,110.505,113.685,114.215,113.155,114.745,117.13,119.78,123.755,120.84,125.61,123.755,118.985,123.225,123.49,131.44,135.15,131.97,136.74,136.74,137.005,138.595
Tunisia,Other,Emissions (CO2eq) (AR5),kilotonnes,110.505,113.685,114.215,113.155,114.745,117.13,119.78,123.755,120.84,125.61,123.755,118.985,123.225,123.49,131.44,135.15,131.97,136.74,136.74,137.005,138.595
Tunisia,Farm-gate emissions,Emissions (CH4),kilotonnes,93.7296,93.7189,93.2877,89.8103,90.5963,93.3598,95.7305,97.0979,92.9043,94.5614,92.827,91.5628,88.16,88.2027,88.9829,87.6985,85.3534,84.8556,85.9377,84.5435,84.0259
Tunisia,Farm-gate emissions,Direct emissions (N2O),kilotonnes,5.3277,5.2855,5.105,5.3758,5.6046,5.7843,5.7141,6.0027,5.7004,6.1009,5.9271,6.0886,6.213,5.6749,6.0248,5.9792,6.3078,6.0117,6.1914,6.3592,6.2169
Tunisia,Farm-gate emissions,Indirect emissions (N2O),kilotonnes,1.6878,1.6666,1.6267,1.6827,1.7619,1.821,1.8188,1.8945,1.81,1.9088,1.8623,1.8918,1.9172,1.7568,1.8429,1.8333,1.943,1.8444,1.9028,1.9342,1.8992
Tunisia,Farm-gate emissions,Emissions (N2O),kilotonnes,7.5144,7.4633,7.1944,7.5509,7.8839,8.133,8.0426,8.412,8.0143,8.5352,8.3099,8.4674,8.6302,7.9464,8.4102,8.375,8.8069,8.4589,8.6799,8.8981,8.7479
Tunisia,Farm-gate emissions,Emissions (CO2),kilotonnes,1195.1226,1245.9063,1147.2795,1186.3887,1239.4408,1264.6,1215.6538,1217.0693,1220.2344,1254.6878,1254.3257,1150.785,1142.821,1148.8658,1196.0002,1223.117,1248.218,1356.8433,1374.6283,1410.3567,1410.3567
Tunisia,Farm-gate emissions,Emissions (CO2eq) from CH4 (AR5),kilotonnes,2624.4284,2624.1288,2612.0552,2514.6877,2536.6963,2614.0744,2680.4536,2718.7421,2601.3209,2647.7195,2599.1573,2563.7595,2468.4793,2469.6749,2491.5223,2455.5575,2389.895,2375.9581,2406.2563,2367.217,2352.7257
Tunisia,Farm-gate emissions,Emissions (CO2eq) from N2O (AR5),kilotonnes,1991.3173,1977.7755,1906.5244,2000.9799,2089.2437,2155.2538,2131.3006,2229.193,2123.7767,2261.8262,2202.1272,2243.8696,2287.0127,2105.8011,2228.7123,2219.3824,2333.816,2241.6136,2300.1798,2357.9886,2318.2041
Tunisia,Farm-gate emissions,Emissions (CO2eq) (AR5),kilotonnes,5810.8683,5847.8106,5665.8592,5702.0563,5865.3808,6033.9281,6027.408,6165.0044,5945.332,6164.2335,6055.6102,5958.4141,5898.313,5724.3418,5916.2348,5898.0568,5971.929,5974.4151,6081.0644,6135.5623,6081.2865
Tunisia,Land Use change,Emissions (CH4),kilotonnes,0,0,0,0,0,0,0,0,0,0,0,0,0,0,0,0,0,0,0,0,0
Tunisia,Land Use change,Emissions (N2O),kilotonnes,0,0,0,0,0,0,0,0,0,0,0,0,0,0,0,0,0,0,0,0,0
Tunisia,Land Use change,Emissions (CO2),kilotonnes,4.6311,11.6084,11.6084,11.6084,11.6084,11.6084,11.6084,11.6084,11.6084,11.6084,11.6084,20.0165,20.0165,20.0165,20.0165,20.0165,16.2149,16.2149,16.2149,16.2149,16.2149
Tunisia,Land Use change,Emissions (CO2eq) from CH4 (AR5),kilotonnes,0,0,0,0,0,0,0,0,0,0,0,0,0,0,0,0,0,0,0,0,0
Tunisia,Land Use change,Emissions (CO2eq) from N2O (AR5),kilotonnes,0,0,0,0,0,0,0,0,0,0,0,0,0,0,0,0,0,0,0,0,0
Tunisia,Land Use change,Emissions (CO2eq) (AR5),kilotonnes,4.6311,11.6084,11.6084,11.6084,11.6084,11.6084,11.6084,11.6084,11.6084,11.6084,11.6084,20.0165,20.0165,20.0165,20.0165,20.0165,16.2149,16.2149,16.2149,16.2149,16.2149
Tunisia,Emissions on agricultural land,Emissions (CH4),kilotonnes,93.7296,93.7189,93.2877,89.8103,90.5963,93.3598,95.7305,97.0979,92.9043,94.5614,92.827,91.5628,88.16,88.2027,88.9829,87.6985,85.3534,84.8556,85.9377,84.5435,84.0259
Tunisia,Emissions on agricultural land,Emissions (N2O),kilotonnes,7.5144,7.4633,7.1944,7.5509,7.8839,8.133,8.0426,8.412,8.0143,8.5352,8.3099,8.4674,8.6302,7.9464,8.4102,8.375,8.8069,8.4589,8.6799,8.8981,8.7479
Tunisia,Emissions on agricultural land,Emissions (CO2),kilotonnes,1199.7537,1257.5147,1158.8879,1197.9971,1251.0492,1276.2083,1227.2622,1228.6776,1231.8427,1266.2961,1265.934,1170.8014,1162.8375,1168.8822,1216.0166,1243.1334,1264.4329,1373.0582,1390.8432,1426.5716,1426.5716
Tunisia,Emissions on agricultural land,Emissions (CO2eq) from CH4 (AR5),kilotonnes,2624.4284,2624.1288,2612.0552,2514.6877,2536.6963,2614.0744,2680.4536,2718.7421,2601.3209,2647.7195,2599.1573,2563.7595,2468.4793,2469.6749,2491.5223,2455.5575,2389.895,2375.9581,2406.2563,2367.217,2352.7257
Tunisia,Emissions on agricultural land,Emissions (CO2eq) from N2O (AR5),kilotonnes,1991.3173,1977.7755,1906.5244,2000.9799,2089.2437,2155.2538,2131.3006,2229.193,2123.7767,2261.8262,2202.1272,2243.8696,2287.0127,2105.8011,2228.7123,2219.3824,2333.816,2241.6136,2300.1798,2357.9886,2318.2041
Tunisia,Emissions on agricultural land,Emissions (CO2eq) (AR5),kilotonnes,5815.4994,5859.4189,5677.4676,5713.6647,5876.9892,6045.5365,6039.0164,6176.6128,5956.9404,6175.8418,6067.2186,5978.4305,5918.3295,5744.3583,5936.2513,5918.0733,5988.1438,5990.6299,6097.2792,6151.7772,6097.5013
Tunisia,Pre- and post- production,Emissions (CH4),kilotonnes,92.4045,92.9963,93.3511,93.7834,92.3666,92.9332,93.3786,94.0952,96.0431,96.4293,97.1098,97.5198,98.2728,98.7481,98.7978,98.9106,98.9034,98.945,98.9594,99.0751,98.9832
Tunisia,Pre- and post- production,Emissions (N2O),kilotonnes,0.8393,0.8552,0.8328,0.9886,0.8396,0.8427,0.9257,0.6692,0.8346,1.0023,1.0344,0.8027,1.0621,0.9519,0.9621,0.9482,0.9632,0.9679,0.9632,0.9584,0.9599
Tunisia,Pre- and post- production,Emissions (CO2),kilotonnes,3017.4126,3114.0689,3038.0753,3036.3799,3034.6061,3144.5193,3330.2963,3418.0199,4166.4322,4506.6086,4666.8343,4072.6844,4471.3868,4706.7026,4793.625,4903.4565,4946.65,5159.0109,5203.3242,5207.6192,4715.5251
Tunisia,Pre- and post- production,Emissions (CO2eq) from CH4 (AR5),kilotonnes,2587.3257,2603.8951,2613.8303,2625.9363,2586.2649,2602.1308,2614.6021,2634.6643,2689.2075,2700.0195,2719.0742,2730.5552,2751.6388,2764.9465,2766.3397,2769.4956,2769.2942,2770.461,2770.8642,2774.1022,2771.5295
Tunisia,Pre- and post- production,Emissions (CO2eq) from N2O (AR5),kilotonnes,222.4204,226.634,220.6914,261.9853,222.4955,223.3041,245.3011,177.3394,221.1616,265.6018,274.1156,212.709,281.4502,252.2451,254.9433,251.2801,255.2528,256.4834,255.2501,253.9749,254.3644
Tunisia,Pre- and post- production,Emissions (CO2eq) (AR5),kilotonnes,5827.1588,5944.598,5872.5969,5924.3015,5843.3665,5969.9542,6190.1994,6230.0236,7076.8013,7472.2299,7660.0241,7015.9486,7504.4757,7723.8942,7814.908,7924.2322,7971.197,8185.9553,8229.4385,8235.6963,7741.4191
Tunisia,Agri-food systems,Emissions (CH4),kilotonnes,186.1341,186.7151,186.6388,183.5937,182.9629,186.293,189.1091,191.1931,188.9474,190.9907,189.9368,189.0827,186.4328,186.9508,187.7808,186.609,184.2568,183.8007,184.8972,183.6185,183.0091
Tunisia,Agri-food systems,Emissions (N2O),kilotonnes,8.3537,8.3185,8.0272,8.5395,8.7235,8.9757,8.9683,9.0813,8.8488,9.5375,9.3443,9.2701,9.6923,8.8983,9.3723,9.3233,9.7701,9.4268,9.6431,9.8565,9.7078
Tunisia,Agri-food systems,Emissions (CO2),kilotonnes,4217.1663,4371.5836,4196.9632,4234.3771,4285.6553,4420.7276,4557.5585,4646.6975,5398.2749,5772.9047,5932.7683,5243.4858,5634.2243,5875.5848,6009.6416,6146.5899,6211.0829,6532.0691,6594.1674,6634.1908,6142.0967
Tunisia,Agri-food systems,Emissions (CO2eq) from CH4 (AR5),kilotonnes,5211.7541,5228.0239,5225.8856,5140.624,5122.9612,5216.2052,5295.0557,5353.4065,5290.5284,5347.739,5318.2315,5294.3147,5220.1181,5234.6214,5257.862,5225.053,5159.1892,5146.4192,5177.1205,5141.3192,5124.2552
Tunisia,Agri-food systems,Emissions (CO2eq) from N2O (AR5),kilotonnes,2213.7377,2204.4095,2127.2158,2262.9652,2311.7392,2378.5579,2376.6016,2406.5324,2344.9383,2527.4281,2476.2428,2456.5786,2568.4628,2358.0462,2483.6556,2470.6625,2589.0688,2498.097,2555.4298,2611.9635,2572.5685
Tunisia,Agri-food systems,Emissions (CO2eq) (AR5),kilotonnes,11642.6581,11804.0169,11550.0645,11637.9663,11720.3558,12015.4907,12229.2158,12406.6364,13033.7417,13648.0718,13727.2426,12994.3791,13422.8052,13468.2525,13751.1593,13842.3055,13959.3408,14176.5852,14326.7177,14387.4735,13838.9204
Tunisia,IPCC Agriculture,Emissions (CH4),kilotonnes,93.6408,93.6253,93.1908,89.7095,90.4912,93.2523,95.6259,96.9912,92.796,94.4499,92.7115,91.4522,88.0507,88.0928,88.8702,87.5822,85.2364,84.7273,85.8053,84.407,83.8895
Tunisia,IPCC Agriculture,Emissions (CH4),kilotonnes,126.03,,,,,,,,,,,,105.4,,,,,,,,
Tunisia,IPCC Agriculture,Direct emissions (N2O),kilotonnes,5.3277,5.2855,5.105,5.3758,5.6046,5.7843,5.7141,6.0027,5.7004,6.1009,5.9271,6.0886,6.213,5.6749,6.0248,5.9792,6.3078,6.0117,6.1914,6.3592,6.2169
Tunisia,IPCC Agriculture,Indirect emissions (N2O),kilotonnes,1.6878,1.6666,1.6267,1.6827,1.7619,1.821,1.8188,1.8945,1.81,1.9088,1.8623,1.8918,1.9172,1.7568,1.8429,1.8333,1.943,1.8444,1.9028,1.9342,1.8992
Tunisia,IPCC Agriculture,Emissions (N2O),kilotonnes,7.1334,7.0675,6.8403,7.1807,7.4965,7.7358,7.6578,8.0309,7.6343,8.143,7.9212,8.1191,8.2782,7.5931,8.0275,7.9738,8.3983,8.0218,8.2434,8.4508,8.3007
Tunisia,IPCC Agriculture,Emissions (N2O),kilotonnes,16.1,,,,,,,,,,,,6.5,,,,,,,,
Tunisia,IPCC Agriculture,Emissions (CO2eq) from CH4 (AR5),kilotonnes,2621.9429,2621.5079,2609.3435,2511.8657,2533.754,2611.065,2677.5264,2715.7543,2598.2884,2644.5963,2595.921,2560.6615,2465.42,2466.5995,2488.3656,2452.3027,2386.6191,2372.3656,2402.5474,2363.3973,2348.906
Tunisia,IPCC Agriculture,Emissions (CO2eq) from CH4 (AR5),kilotonnes,3528.84,,,,,,,,,,,,2951.2,,,,,,,,
Tunisia,IPCC Agriculture,Emissions (CO2eq) from N2O (AR5),kilotonnes,1890.3525,1872.8977,1812.6761,1902.8862,1986.5827,2049.9936,2029.3197,2128.1835,2023.0884,2157.884,2099.1271,2151.5633,2193.7277,2012.1762,2127.2926,2113.0625,2225.5398,2125.7652,2184.5051,2239.463,2199.6785
Tunisia,IPCC Agriculture,Emissions (CO2eq) from N2O (AR5),kilotonnes,4266.5,,,,,,,,,,,,1722.5,,,,,,,,
Tunisia,IPCC Agriculture,Emissions (CO2eq) (AR5),kilotonnes,4512.2953,4494.4056,4422.0196,4414.7519,4520.3367,4661.0585,4706.8462,4843.9378,4621.3768,4802.4803,4695.0481,4712.2248,4659.1476,4478.7757,4615.6582,4565.3652,4612.1588,4498.1307,4587.0525,4602.8603,4548.5845
Tunisia,IPCC Agriculture,Emissions (CO2eq) (AR5),kilotonnes,7795.34,,,,,,,,,,,,4673.7,,,,,,,,
Tunisia,Agricultural Soils,Direct emissions (N2O),kilotonnes,5.3277,5.2855,5.105,5.3758,5.6046,5.7843,5.7141,6.0027,5.7004,6.1009,5.9271,6.0886,6.213,5.6749,6.0248,5.9792,6.3078,6.0117,6.1914,6.3592,6.2169
Tunisia,Agricultural Soils,Direct emissions (N2O),kilotonnes,,,,,,,,,,,,,4.3,,,,,,,,
Tunisia,Agricultural Soils,Indirect emissions (N2O),kilotonnes,1.6878,1.6666,1.6267,1.6827,1.7619,1.821,1.8188,1.8945,1.81,1.9088,1.8623,1.8918,1.9172,1.7568,1.8429,1.8333,1.943,1.8444,1.9028,1.9342,1.8992
Tunisia,Agricultural Soils,Indirect emissions (N2O),kilotonnes,,,,,,,,,,,,,1.4,,,,,,,,
Tunisia,Agricultural Soils,Emissions (N2O),kilotonnes,7.0155,6.9521,6.7316,7.0585,7.3666,7.6053,7.5329,7.8972,7.5104,8.0096,7.7893,7.9804,8.1302,7.4317,7.8677,7.8126,8.2508,7.8562,8.0942,8.2934,8.1161
Tunisia,Agricultural Soils,Emissions (N2O),kilotonnes,12.48,,,,,,,,,,,,,,,,,,,,
Tunisia,Agricultural Soils,Emissions (CO2eq) from N2O (AR5),kilotonnes,1859.1102,1842.2999,1783.8818,1870.5091,1952.142,2015.4066,1996.2112,2092.7671,1990.2514,2122.5552,2064.1699,2114.8032,2154.4992,1969.402,2084.9495,2070.3287,2186.4584,2081.8814,2144.9584,2197.751,2150.7541
Tunisia,Agricultural Soils,Emissions (CO2eq) from N2O (AR5),kilotonnes,3307.2,,,,,,,,,,,,,,,,,,,,
Tunisia,Agricultural Soils,Emissions (CO2eq) (AR5),kilotonnes,1859.1102,1842.2999,1783.8818,1870.5091,1952.142,2015.4066,1996.2112,2092.7671,1990.2514,2122.5552,2064.1699,2114.8032,2154.4992,1969.402,2084.9495,2070.3287,2186.4584,2081.8814,2144.9584,2197.751,2150.7541
Tunisia,Agricultural Soils,Emissions (CO2eq) (AR5),kilotonnes,3307.2,,,,,,,,,,,,,,,,,,,,
Tunisia,LULUCF,Emissions (CH4),kilotonnes,0.1032,0,0.0075,0,0,0,0,0.0174,0,0,0.01,0.0199,0.0249,0.0498,0.1046,0.0249,0,0.4929,0,0.0249,0.0299
Tunisia,LULUCF,Emissions (N2O),kilotonnes,0.0057,0,0.0007,0,0,0,0,0.0016,0,0,0.0009,0.0018,0.0023,0.0045,0.0095,0.0023,0,0.045,0,0.0023,0.0027
Tunisia,LULUCF,Emissions (CO2),kilotonnes,-918.1865,-1308.0039,-1308.0039,-1308.0039,-1308.0039,-1308.0039,-1308.0039,-1308.0039,-1308.0039,-1308.0039,-1308.0039,3880.4193,3880.4193,3880.4193,3880.4193,3880.4193,-3785.2808,-3785.2808,-3785.2808,-3785.2808,-3785.2808
Tunisia,LULUCF,Emissions (CO2),kilotonnes,-2142.01,,,,,,,,,,,,,,,,,,,,
Tunisia,LULUCF,Emissions (CO2eq) from CH4 (AR5),kilotonnes,2.8884,0,0.2091,0,0,0,0,0.4879,0,0,0.2788,0.5576,0.6969,1.3941,2.9274,0.697,0,13.8005,0,0.6969,0.8364
Tunisia,LULUCF,Emissions (CO2eq) from N2O (AR5),kilotonnes,1.5124,0,0.1807,0,0,0,0,0.4216,0,0,0.2409,0.4819,0.6022,1.2046,2.5297,0.6023,0,11.9254,0,0.6022,0.7228
Tunisia,LULUCF,Emissions (CO2eq) (AR5),kilotonnes,-913.7858,-1308.0039,-1307.6141,-1308.0039,-1308.0039,-1308.0039,-1308.0039,-1307.0945,-1308.0039,-1308.0039,-1307.4842,3881.4588,3881.7185,3883.018,3885.8764,3881.7186,-3785.2808,-3759.5549,-3785.2808,-3783.9817,-3783.7217
Tunisia,LULUCF,Emissions (CO2eq) (AR5),kilotonnes,-2142.01,,,,,,,,,,,,,,,,,,,,
Tunisia,AFOLU,Emissions (CH4),kilotonnes,93.744,93.6253,93.1983,89.7095,90.4912,93.2523,95.6259,97.0086,92.796,94.4499,92.7214,91.4721,88.0756,88.1426,88.9748,87.6071,85.2364,85.2202,85.8053,84.4319,83.9194
Tunisia,AFOLU,Emissions (N2O),kilotonnes,7.1391,7.0675,6.841,7.1807,7.4965,7.7358,7.6578,8.0325,7.6343,8.143,7.9221,8.1209,8.2805,7.5977,8.0371,7.9761,8.3983,8.0668,8.2434,8.4531,8.3034
Tunisia,AFOLU,Emissions (CO2),kilotonnes,-918.1865,-1308.0039,-1308.0039,-1308.0039,-1308.0039,-1308.0039,-1308.0039,-1308.0039,-1308.0039,-1308.0039,-1308.0039,3880.4193,3880.4193,3880.4193,3880.4193,3880.4193,-3785.2808,-3785.2808,-3785.2808,-3785.2808,-3785.2808
Tunisia,AFOLU,Emissions (CO2eq) from CH4 (AR5),kilotonnes,2624.8313,2621.5079,2609.5526,2511.8657,2533.754,2611.065,2677.5264,2716.2422,2598.2884,2644.5963,2596.1997,2561.2192,2466.1169,2467.9936,2491.293,2452.9997,2386.6191,2386.166,2402.5474,2364.0942,2349.7424
Tunisia,AFOLU,Emissions (CO2eq) from N2O (AR5),kilotonnes,1891.8648,1872.8977,1812.8568,1902.8862,1986.5827,2049.9936,2029.3197,2128.6051,2023.0884,2157.884,2099.368,2152.0451,2194.3299,2013.3808,2129.8223,2113.6648,2225.5398,2137.6906,2184.5051,2240.0652,2200.4012
Tunisia,AFOLU,Emissions (CO2eq) (AR5),kilotonnes,3598.5096,3186.4017,3114.4055,3106.748,3212.3329,3353.0547,3398.8423,3536.8433,3313.3729,3494.4764,3387.5639,8593.6836,8540.8661,8361.7938,8501.5346,8447.0838,826.878,738.5758,801.7716,818.8786,764.8628
Tunisia,All sectors with LULUCF,Emissions (CH4),kilotonnes,334.7559,341.6376,342.2078,339.7109,347.4994,359.2604,378.6338,379.0164,405.8036,408.4572,403.7286,390.4792,387.0825,383.1493,375.9813,369.6135,363.2426,354.2262,350.8111,369.4376,367.9249
Tunisia,All sectors with LULUCF,Emissions (N2O),kilotonnes,10.1191,10.0135,9.465,9.8717,10.2525,10.5318,10.5128,10.7385,10.4243,11.092,10.8671,11.0249,11.2255,10.5527,11.0751,11.0651,11.4913,11.2138,11.3904,11.6251,11.5064
Tunisia,All sectors with LULUCF,Emissions (CO2),kilotonnes,19271.8135,19641.9961,19651.9961,20021.9961,20971.9961,21361.9961,21791.9961,22991.9961,23951.9961,24031.9961,26741.9961,30460.4193,31950.4193,32180.4193,33070.4193,34220.4193,26024.7192,26004.7192,21604.7192,22394.7192,19994.7192
Tunisia,All sectors with LULUCF,Emissions (CO2eq) from F-gases (AR5),kilotonnes,0,0,0,0,0,0,0,0,0,0,0,0,0,0,0,0,0,0,0,0,0
Tunisia,All sectors with LULUCF,Emissions (CO2eq) from CH4 (AR5),kilotonnes,9373.1645,9565.8523,9581.8172,9511.9049,9729.9842,10059.2904,10601.7471,10612.458,11362.4998,11436.803,11304.4016,10933.4163,10838.3093,10728.1815,10527.4761,10349.178,10170.7927,9918.3349,9822.7114,10344.2538,10301.8973
Tunisia,All sectors with LULUCF,Emissions (CO2eq) from N2O (AR5),kilotonnes,2681.5648,2653.5877,2508.2168,2616.0012,2716.9227,2790.9336,2785.8947,2845.6951,2762.4384,2939.369,2879.793,2921.6051,2974.7549,2796.4558,2934.8923,2932.2498,3045.1848,2971.6456,3018.4601,3080.6452,3049.1962
Tunisia,All sectors with LULUCF,Emissions (CO2eq) (AR5),kilotonnes,31326.5428,31861.4361,31742.0301,32149.9022,33418.903,34212.2201,35179.638,36450.1492,38076.9343,38408.1681,40926.1908,44315.4408,45763.4835,45705.0566,46532.7877,47501.8472,39240.6966,38894.6996,34445.8907,35819.6182,33345.8127
Tunisia,All sectors without LULUCF,Emissions (CH4),kilotonnes,334.6527,341.6376,342.2003,339.7109,347.4994,359.2604,378.6338,378.9989,405.8036,408.4572,403.7187,390.4592,387.0576,383.0996,375.8767,369.5886,363.2426,353.7334,350.8111,369.4127,367.895
Tunisia,All sectors without LULUCF,Emissions (N2O),kilotonnes,10.1134,10.0135,9.4643,9.8717,10.2525,10.5318,10.5128,10.7369,10.4243,11.092,10.8662,11.0231,11.2232,10.5481,11.0655,11.0628,11.4913,11.1688,11.3904,11.6228,11.5037
Tunisia,All sectors without LULUCF,Emissions (CO2),kilotonnes,20190,20950,20960,21330,22280,22670,23100,24300,25260,25340,28050,26580,28070,28300,29190,30340,29810,29790,25390,26180,23780
Tunisia,All sectors without LULUCF,Emissions (CO2eq) from F-gases (AR5),kilotonnes,0,0,0,0,0,0,0,0,0,0,0,0,0,0,0,0,0,0,0,0,0
Tunisia,All sectors without LULUCF,Emissions (CO2eq) from CH4 (AR5),kilotonnes,9370.2761,9565.8523,9581.6081,9511.9049,9729.9842,10059.2904,10601.7471,10611.9702,11362.4998,11436.803,11304.1228,10932.8587,10837.6123,10726.7874,10524.5487,10348.481,10170.7927,9904.5344,9822.7114,10343.5569,10301.0609
Tunisia,All sectors without LULUCF,Emissions (CO2eq) from N2O (AR5),kilotonnes,2680.0525,2653.5877,2508.0361,2616.0012,2716.9227,2790.9336,2785.8947,2845.2735,2762.4384,2939.369,2879.5521,2921.1233,2974.1527,2795.2512,2932.3626,2931.6475,3045.1848,2959.7202,3018.4601,3080.043,3048.4735
Tunisia,All sectors without LULUCF,Emissions (CO2eq) (AR5),kilotonnes,32240.3285,33169.44,33049.6442,33457.9061,34726.9069,35520.2239,36487.6418,37757.2437,39384.9382,39716.1719,42233.675,40433.9819,41881.765,41822.0386,42646.9113,43620.1286,43025.9774,42654.2546,38231.1716,39603.5999,37129.5343
T?kiye,Crop Residues,Direct emissions (N2O),kilotonnes,6.7399,6.2567,6.5023,6.4256,6.9971,7.3058,6.957,5.9501,5.8523,6.6672,6.5276,6.9605,6.5906,7.2319,6.391,7.4436,6.8262,6.9743,6.649,6.6178,7.1121
T?kiye,Crop Residues,Direct emissions (N2O),kilotonnes,5.9429,5.5454,5.8794,5.6188,6.8953,7.1602,7.3461,6.5898,6.4859,6.8961,8.1454,8.6882,8.8075,9.6429,9.2596,9.9502,9.9855,10.6545,10.7225,10.9489,11.6218
T?kiye,Crop Residues,Indirect emissions (N2O),kilotonnes,1.5165,1.4078,1.463,1.4458,1.5743,1.6438,1.5653,1.3388,1.3168,1.5001,1.4687,1.5661,1.4829,1.6272,1.438,1.6748,1.5359,1.5692,1.496,1.489,1.6002
T?kiye,Crop Residues,Emissions (N2O),kilotonnes,8.2564,7.6644,7.9653,7.8713,8.5714,8.9496,8.5223,7.2889,7.169,8.1673,7.9963,8.5266,8.0735,8.8591,7.8289,9.1184,8.3621,8.5435,8.1451,8.1068,8.7123
T?kiye,Crop Residues,Emissions (N2O),kilotonnes,5.9429,5.5454,5.8794,5.6188,6.8953,7.1602,7.3461,6.5898,6.4859,6.8961,8.1454,8.6882,8.8075,9.6429,9.2596,9.9502,9.9855,10.6545,10.7225,10.9489,11.6218
T?kiye,Crop Residues,Emissions (CO2eq) from N2O (AR5),kilotonnes,2187.9495,2031.0775,2110.8028,2085.906,2271.4262,2371.6349,2258.4167,1931.5499,1899.7871,2164.3445,2119.026,2259.5481,2139.466,2347.6699,2074.6713,2416.3723,2215.9599,2264.0333,2158.4424,2148.2943,2308.7619
T?kiye,Crop Residues,Emissions (CO2eq) from N2O (AR5),kilotonnes,1574.8662,1469.5345,1558.0441,1488.9951,1827.2663,1897.4476,1946.713,1746.2872,1718.7632,1827.472,2158.54,2302.3664,2333.9882,2555.3595,2453.7827,2636.8047,2646.1632,2823.4503,2841.4553,2901.4491,3079.7823
T?kiye,Crop Residues,Emissions (CO2eq) (AR5),kilotonnes,2187.9495,2031.0775,2110.8028,2085.906,2271.4262,2371.6349,2258.4167,1931.5499,1899.7871,2164.3445,2119.026,2259.5481,2139.466,2347.6699,2074.6713,2416.3723,2215.9599,2264.0333,2158.4424,2148.2943,2308.7619
T?kiye,Crop Residues,Emissions (CO2eq) (AR5),kilotonnes,1574.8662,1469.5345,1558.0441,1488.9951,1827.2663,1897.4476,1946.713,1746.2872,1718.7632,1827.472,2158.54,2302.3664,2333.9882,2555.3595,2453.7827,2636.8047,2646.1632,2823.4503,2841.4553,2901.4491,3079.7823
T?kiye,Rice Cultivation,Emissions (CH4),kilotonnes,16.2005,16.52,16.7465,18.2,19.5972,23.7745,27.732,26.2637,27.858,27.0043,27.7105,27.8272,33.5059,30.9658,31.0464,32.4397,32.4957,30.6614,33.6384,35.3973,35.1114
T?kiye,Rice Cultivation,Emissions (CH4),kilotonnes,5.1186,5.2767,5.3911,5.713,6.2433,7.3193,8.4748,8.1084,8.6251,8.3386,8.0754,8.163,9.9565,9.2213,9.1749,9.5939,9.7132,9.346,10.089,10.5143,10.4611
T?kiye,Rice Cultivation,Emissions (CO2eq) from CH4 (AR5),kilotonnes,453.6146,462.56,468.9026,509.6,548.7216,665.6866,776.4971,735.3842,780.0251,756.121,775.8934,779.1627,938.1658,867.0413,869.2992,908.311,909.879,858.5192,941.8741,991.125,983.1203
T?kiye,Rice Cultivation,Emissions (CO2eq) from CH4 (AR5),kilotonnes,143.3203,147.7472,150.9519,159.9629,174.8128,204.94,237.294,227.0351,241.5022,233.4815,226.1105,228.5653,278.781,258.1964,256.897,268.6299,271.97,261.6888,282.4908,294.4008,292.9116
T?kiye,Rice Cultivation,Emissions (CO2eq) (AR5),kilotonnes,453.6146,462.56,468.9026,509.6,548.7216,665.6866,776.4971,735.3842,780.0251,756.121,775.8934,779.1627,938.1658,867.0413,869.2992,908.311,909.879,858.5192,941.8741,991.125,983.1203
T?kiye,Rice Cultivation,Emissions (CO2eq) (AR5),kilotonnes,143.3203,147.7472,150.9519,159.9629,174.8128,204.94,237.294,227.0351,241.5022,233.4815,226.1105,228.5653,278.781,258.1964,256.897,268.6299,271.97,261.6888,282.4908,294.4008,292.9116
T?kiye,Burning - Crop residues,Emissions (CH4),kilotonnes,11.4703,11.4521,11.4591,11.3817,11.5843,11.7079,10.7326,10.1224,9.9399,10.4076,10.4577,10.4369,9.9821,10.3144,10.3814,10.4989,10.2258,10.1597,9.6473,9.2889,9.5185
T?kiye,Burning - Crop residues,Emissions (CH4),kilotonnes,10.3931,9.7092,10.0146,9.9433,10.9739,9.2377,8.9831,7.8135,7.9067,8.7989,6.6942,7.117,6.8326,7.3416,6.5752,5.3163,5.026,5.0436,4.9709,5.0349,5.2951
T?kiye,Burning - Crop residues,Emissions (N2O),kilotonnes,0.2974,0.2969,0.2971,0.2951,0.3003,0.3035,0.2783,0.2624,0.2577,0.2698,0.2711,0.2706,0.2588,0.2674,0.2691,0.2722,0.2651,0.2634,0.2501,0.2408,0.2468
T?kiye,Burning - Crop residues,Emissions (N2O),kilotonnes,0.2695,0.2517,0.2596,0.2578,0.2845,0.2395,0.2329,0.2026,0.205,0.2281,0.1736,0.1845,0.1771,0.1903,0.1705,0.1378,0.1303,0.1308,0.1289,0.1305,0.1373
T?kiye,Burning - Crop residues,Emissions (CO2eq) from CH4 (AR5),kilotonnes,321.1682,320.6592,320.8557,318.6865,324.3615,327.8206,300.5138,283.4277,278.3171,291.414,292.8148,292.2328,279.5001,288.8038,290.678,293.9693,286.321,284.4724,270.124,260.0895,266.5183
T?kiye,Burning - Crop residues,Emissions (CO2eq) from CH4 (AR5),kilotonnes,291.0063,271.8567,280.4083,278.4119,307.27,258.6549,251.5272,218.7792,221.3876,246.3681,187.4385,199.2762,191.3133,205.564,184.1066,148.8552,140.729,141.2203,139.1839,140.976,148.2634
T?kiye,Burning - Crop residues,Emissions (CO2eq) from N2O (AR5),kilotonnes,78.8052,78.6803,78.7285,78.1962,79.5887,80.4375,73.7372,69.5448,68.2908,71.5044,71.8481,71.7053,68.581,70.8639,71.3238,72.1313,70.2547,69.8011,66.2804,63.8183,65.3957
T?kiye,Burning - Crop residues,Emissions (CO2eq) from N2O (AR5),kilotonnes,71.4043,66.7056,68.8039,68.314,75.395,63.4663,61.7173,53.6819,54.322,60.4514,45.9919,48.8965,46.9426,50.4393,45.1743,36.5247,34.5307,34.6513,34.1516,34.5913,36.3795
T?kiye,Burning - Crop residues,Emissions (CO2eq) (AR5),kilotonnes,399.9734,399.3394,399.5842,396.8828,403.9502,408.2581,374.2509,352.9725,346.6079,362.9183,364.6628,363.9381,348.0811,359.6677,362.0018,366.1006,356.5757,354.2735,336.4044,323.9077,331.914
T?kiye,Burning - Crop residues,Emissions (CO2eq) (AR5),kilotonnes,362.4107,338.5623,349.2121,346.7259,382.665,322.1212,313.2445,272.4612,275.7096,306.8195,233.4304,248.1726,238.2559,256.0034,229.2809,185.3798,175.2598,175.8716,173.3356,175.5673,184.6429
T?kiye,Enteric Fermentation,Emissions (CH4),kilotonnes,633.52,607.1802,580.95,555.6005,537.7692,545.2748,562.031,575.0541,573.8341,557.8839,543.1893,580.8954,637.6256,705.2619,734.818,742.6339,736.526,744.6129,868.0586,903.067,935.7333
T?kiye,Enteric Fermentation,Emissions (CH4),kilotonnes,769.3552,748.5554,678.9802,754.9775,758.7456,787.1803,814.0756,823.0054,803.3629,784.2292,837.8408,913.869,1031.6146,1076.2327,1086.1764,1077.899,1079.358,1204.4064,1285.4411,1334.733,1384.5815
T?kiye,Enteric Fermentation,Emissions (CO2eq) from CH4 (AR5),kilotonnes,17738.561,17001.0459,16266.6008,15556.8142,15057.5364,15267.6957,15736.8667,16101.515,16067.3535,15620.75,15209.3,16265.0716,17853.516,19747.3326,20574.904,20793.7501,20622.7278,20849.1618,24305.6406,25285.8756,26200.5328
T?kiye,Enteric Fermentation,Emissions (CO2eq) from CH4 (AR5),kilotonnes,21541.9457,20959.5512,19011.4469,21139.3692,21244.8769,22041.0496,22794.1172,23044.1499,22494.1605,21958.4177,23459.5438,25588.3307,28885.2077,30134.517,30412.9383,30181.1722,30222.0244,33723.3805,35992.3497,37372.5239,38768.2816
T?kiye,Enteric Fermentation,Emissions (CO2eq) (AR5),kilotonnes,17738.561,17001.0459,16266.6008,15556.8142,15057.5364,15267.6957,15736.8667,16101.515,16067.3535,15620.75,15209.3,16265.0716,17853.516,19747.3326,20574.904,20793.7501,20622.7278,20849.1618,24305.6406,25285.8756,26200.5328
T?kiye,Enteric Fermentation,Emissions (CO2eq) (AR5),kilotonnes,21541.9457,20959.5512,19011.4469,21139.3692,21244.8769,22041.0496,22794.1172,23044.1499,22494.1605,21958.4177,23459.5438,25588.3307,28885.2077,30134.517,30412.9383,30181.1722,30222.0244,33723.3805,35992.3497,37372.5239,38768.2816
T?kiye,Manure Management,Emissions (CH4),kilotonnes,24.2538,22.942,22.0939,21.9983,20.9656,21.4568,22.3506,21.9887,21.6007,21.0829,20.9172,22.2068,24.3973,26.6086,27.699,27.9279,27.8394,28.5735,32.6568,33.6512,34.6037
T?kiye,Manure Management,Emissions (CH4),kilotonnes,93.3484,96.5466,80.6761,76.538,74.8215,78.363,82.0311,87.3177,84.3216,85.5022,98.8311,98.0933,113.4969,119.8567,126.5349,121.237,124.4812,133.9081,155.4507,152.8181,159.9566
T?kiye,Manure Management,Emissions (N2O),kilotonnes,0.5717,0.5228,0.5374,0.5507,0.5621,0.5846,0.6158,0.5621,0.5463,0.5294,0.5334,0.5551,0.6007,0.6545,0.6933,0.7047,0.7182,0.7422,0.8334,0.8427,0.8816
T?kiye,Manure Management,Emissions (N2O),kilotonnes,9.4247,9.0022,8.468,9.0033,9.1264,9.4708,9.9887,9.7265,9.4658,9.1464,9.801,10.6945,12.039,12.6589,13.104,13.1708,13.2477,14.5934,15.5085,16.0277,16.9849
T?kiye,Manure Management,Emissions (CO2eq) from CH4 (AR5),kilotonnes,679.106,642.3767,618.6284,615.9517,587.0368,600.7891,625.8174,615.6827,604.82,590.3201,585.6812,621.7905,683.1239,745.0415,775.5708,781.982,779.5019,800.0583,914.3914,942.2336,968.9028
T?kiye,Manure Management,Emissions (CO2eq) from CH4 (AR5),kilotonnes,2613.7551,2703.3046,2258.9315,2143.0629,2095.0013,2194.164,2296.8714,2444.8946,2361.0048,2394.0619,2767.27,2746.6124,3177.9134,3355.9877,3542.9763,3394.6348,3485.4725,3749.4276,4352.6199,4278.9071,4478.7854
T?kiye,Manure Management,Emissions (CO2eq) from N2O (AR5),kilotonnes,151.4921,138.5486,142.4053,145.9271,148.9435,154.9204,163.1989,148.9668,144.7749,140.2855,141.3401,147.1138,159.1963,173.4483,183.7175,186.7431,190.3291,196.6882,220.8478,223.3223,233.6318
T?kiye,Manure Management,Emissions (CO2eq) from N2O (AR5),kilotonnes,2497.5501,2385.5908,2244.0298,2385.885,2418.4905,2509.7625,2647.0095,2577.5252,2508.4431,2423.7992,2597.2646,2834.0379,3190.3283,3354.6111,3472.55,3490.2645,3510.644,3867.2385,4109.757,4247.3468,4501.0096
T?kiye,Manure Management,Emissions (CO2eq) (AR5),kilotonnes,830.5982,780.9253,761.0336,761.8788,735.9803,755.7095,789.0162,764.6495,749.5949,730.6056,727.0213,768.9043,842.3203,918.4898,959.2884,968.7251,969.831,996.7465,1135.2391,1165.5559,1202.5346
T?kiye,Manure Management,Emissions (CO2eq) (AR5),kilotonnes,5111.3052,5088.8953,4502.9613,4528.948,4513.4919,4703.9265,4943.8809,5022.4198,4869.448,4817.8611,5364.5346,5580.6503,6368.2417,6710.5988,7015.5264,6884.8993,6996.1166,7616.6661,8462.3769,8526.2539,8979.795
T?kiye,Manure left on Pasture,Direct emissions (N2O),kilotonnes,28.7885,27.3565,26.5432,25.7709,25.2337,25.7461,26.6616,26.6267,26.4374,25.6449,25.1122,26.7707,29.3118,32.3341,33.8207,34.2831,34.1805,34.6886,40.0271,41.4039,43.0262
T?kiye,Manure left on Pasture,Indirect emissions (N2O),kilotonnes,7.806,7.3908,7.1462,6.8918,6.7824,6.8698,7.0611,7.0707,7.0014,6.7356,6.5067,6.9657,7.6312,8.4209,8.8532,9.0799,9.0742,9.1568,10.4849,10.8733,11.4475
T?kiye,Manure left on Pasture,Emissions (N2O),kilotonnes,36.5945,34.7473,33.6894,32.6627,32.016,32.6159,33.7227,33.6974,33.4388,32.3805,31.6189,33.7364,36.9431,40.7551,42.6739,43.363,43.2547,43.8454,50.5119,52.2772,54.4737
T?kiye,Manure left on Pasture,Emissions (CO2eq) from N2O (AR5),kilotonnes,9697.5388,9208.0473,8927.6953,8655.6079,8484.2523,8643.2074,8936.523,8929.8161,8861.2888,8580.8341,8379.0102,8940.1553,9789.9132,10800.0893,11308.5893,11491.2003,11462.5009,11619.0187,13385.6626,13853.4647,14435.5227
T?kiye,Manure left on Pasture,Emissions (CO2eq) (AR5),kilotonnes,9697.5388,9208.0473,8927.6953,8655.6079,8484.2523,8643.2074,8936.523,8929.8161,8861.2888,8580.8341,8379.0102,8940.1553,9789.9132,10800.0893,11308.5893,11491.2003,11462.5009,11619.0187,13385.6626,13853.4647,14435.5227
T?kiye,Manure applied to Soils,Direct emissions (N2O),kilotonnes,0.9725,0.8778,0.9116,0.945,0.969,1.0095,1.0656,0.9524,0.9163,0.8853,0.8946,0.9266,1.0012,1.0849,1.1558,1.1827,1.2158,1.262,1.4012,1.4099,1.4856
T?kiye,Manure applied to Soils,Direct emissions (N2O),kilotonnes,8.1189,7.716,7.2723,7.5811,7.6301,7.8778,8.2633,8.0142,7.7327,7.3904,7.876,8.5606,9.5731,10.0809,10.4856,10.56,10.5795,11.6099,12.2913,12.7417,13.6746
T?kiye,Manure applied to Soils,Indirect emissions (N2O),kilotonnes,0.4133,0.3731,0.3874,0.4016,0.4118,0.429,0.4529,0.4048,0.3894,0.3762,0.3802,0.3938,0.4255,0.4611,0.4912,0.5027,0.5167,0.5363,0.5955,0.5992,0.6314
T?kiye,Manure applied to Soils,Emissions (N2O),kilotonnes,1.3858,1.2508,1.2991,1.3466,1.3808,1.4385,1.5185,1.3571,1.3057,1.2615,1.2748,1.3204,1.4267,1.546,1.647,1.6854,1.7326,1.7983,1.9966,2.0091,2.117
T?kiye,Manure applied to Soils,Emissions (N2O),kilotonnes,8.1189,7.716,7.2723,7.5811,7.6301,7.8778,8.2633,8.0142,7.7327,7.3904,7.876,8.5606,9.5731,10.0809,10.4856,10.56,10.5795,11.6099,12.2913,12.7417,13.6746
T?kiye,Manure applied to Soils,Emissions (CO2eq) from N2O (AR5),kilotonnes,367.2486,331.4683,344.2512,356.847,365.9013,381.1941,402.4007,359.6395,346.0172,334.3022,337.8351,349.9105,378.0733,409.679,436.457,446.6217,459.1316,476.559,529.1115,532.4179,561.005
T?kiye,Manure applied to Soils,Emissions (CO2eq) from N2O (AR5),kilotonnes,2151.5099,2044.7422,1927.1546,2008.982,2021.9849,2087.6053,2189.7627,2123.7548,2049.1686,1958.4432,2087.1392,2268.5711,2536.8696,2671.4253,2778.6827,2798.4109,2803.5727,3076.621,3257.191,3376.5602,3623.7769
T?kiye,Manure applied to Soils,Emissions (CO2eq) (AR5),kilotonnes,367.2486,331.4683,344.2512,356.847,365.9013,381.1941,402.4007,359.6395,346.0172,334.3022,337.8351,349.9105,378.0733,409.679,436.457,446.6217,459.1316,476.559,529.1115,532.4179,561.005
T?kiye,Manure applied to Soils,Emissions (CO2eq) (AR5),kilotonnes,2151.5099,2044.7422,1927.1546,2008.982,2021.9849,2087.6053,2189.7627,2123.7548,2049.1686,1958.4432,2087.1392,2268.5711,2536.8696,2671.4253,2778.6827,2798.4109,2803.5727,3076.621,3257.191,3376.5602,3623.7769
T?kiye,Synthetic Fertilizers,Direct emissions (N2O),kilotonnes,21.6573,17.7973,18.8392,21.066,21.4705,21.5608,22.0994,21.3259,17.8054,24.0363,22.4355,19.7852,22.4968,24.8894,23.4589,23.3604,29.8018,27.73,24.005,26.4401,32.2565
T?kiye,Synthetic Fertilizers,Direct emissions (N2O),kilotonnes,21.6637,17.7973,18.8435,21.0708,21.4754,21.5658,22.1044,21.3047,17.8054,22.2167,21.1153,19.7898,22.502,24.8952,23.4589,23.3604,29.8018,27.73,24.0049,26.44,32.2565
T?kiye,Synthetic Fertilizers,Indirect emissions (N2O),kilotonnes,7.0386,5.7841,6.1227,6.8465,6.9779,7.0073,7.1823,6.9309,5.7867,7.8118,7.2915,6.4302,7.3115,8.0891,7.6241,7.5921,9.6856,9.0123,7.8016,8.593,10.4834
T?kiye,Synthetic Fertilizers,Emissions (N2O),kilotonnes,28.6959,23.5815,24.9619,27.9125,28.4484,28.5681,29.2817,28.2569,23.5921,31.8481,29.7271,26.2153,29.8083,32.9785,31.083,30.9525,39.4874,36.7423,31.8066,35.0331,42.7398
T?kiye,Synthetic Fertilizers,Emissions (N2O),kilotonnes,21.6637,17.7973,18.8435,21.0708,21.4754,21.5658,22.1044,21.3047,17.8054,22.2167,21.1153,19.7898,22.502,24.8952,23.4589,23.3604,29.8018,27.73,24.0049,26.44,32.2565
T?kiye,Synthetic Fertilizers,Emissions (CO2eq) from N2O (AR5),kilotonnes,7604.4149,6249.0855,6614.8965,7396.8123,7538.8153,7570.5474,7759.6383,7488.0692,6251.905,8439.7363,7877.678,6947.0608,7899.1914,8739.2966,8237.0058,8202.4044,10464.1615,9736.7053,8428.7396,9283.7646,11326.056
T?kiye,Synthetic Fertilizers,Emissions (CO2eq) from N2O (AR5),kilotonnes,5740.8718,4716.2826,4993.5199,5583.7528,5690.9878,5714.9449,5857.655,5645.7512,4718.4189,5887.438,5595.5424,5244.3015,5963.0321,6597.2155,6216.6092,6190.4951,7897.4787,7348.4566,6361.3113,7006.6127,8547.9675
T?kiye,Synthetic Fertilizers,Emissions (CO2eq) (AR5),kilotonnes,7604.4149,6249.0855,6614.8965,7396.8123,7538.8153,7570.5474,7759.6383,7488.0692,6251.905,8439.7363,7877.678,6947.0608,7899.1914,8739.2966,8237.0058,8202.4044,10464.1615,9736.7053,8428.7396,9283.7646,11326.056
T?kiye,Synthetic Fertilizers,Emissions (CO2eq) (AR5),kilotonnes,5740.8718,4716.2826,4993.5199,5583.7528,5690.9878,5714.9449,5857.655,5645.7512,4718.4189,5887.438,5595.5424,5244.3015,5963.0321,6597.2155,6216.6092,6190.4951,7897.4787,7348.4566,6361.3113,7006.6127,8547.9675
T?kiye,Drained organic soils,Emissions (CO2eq) (AR5),kilotonnes,0.4801,0.4801,0.4801,0.4801,0.4801,0.4801,0.4801,0.4801,0.4801,0.4801,0.4801,0.4801,0.4801,0.4801,0.4801,0.4801,0.4801,0.4801,0.4801,0.4801,0.4801
T?kiye,Drained organic soils,Emissions (CO2eq) (AR5),kilotonnes,72.7584,72.7584,72.7584,72.7584,72.7584,72.7584,72.7584,72.7584,72.7584,72.7584,72.7584,72.7584,72.7584,72.7584,72.7584,72.7584,72.7584,72.7584,72.7584,72.7584,72.7584
T?kiye,Drained organic soils (CO2),Emissions (CO2),kilotonnes,0.4067,0.4067,0.4067,0.4067,0.4067,0.4067,0.4067,0.4067,0.4067,0.4067,0.4067,0.4067,0.4067,0.4067,0.4067,0.4067,0.4067,0.4067,0.4067,0.4067,0.4067
T?kiye,Drained organic soils (CO2),Emissions (CO2eq) (AR5),kilotonnes,0.4067,0.4067,0.4067,0.4067,0.4067,0.4067,0.4067,0.4067,0.4067,0.4067,0.4067,0.4067,0.4067,0.4067,0.4067,0.4067,0.4067,0.4067,0.4067,0.4067,0.4067
T?kiye,Drained organic soils (N2O),Emissions (N2O),kilotonnes,0.0003,0.0003,0.0003,0.0003,0.0003,0.0003,0.0003,0.0003,0.0003,0.0003,0.0003,0.0003,0.0003,0.0003,0.0003,0.0003,0.0003,0.0003,0.0003,0.0003,0.0003
T?kiye,Drained organic soils (N2O),Emissions (N2O),kilotonnes,0.2746,0.2746,0.2746,0.2746,0.2746,0.2746,0.2746,0.2746,0.2746,0.2746,0.2746,0.2746,0.2746,0.2746,0.2746,0.2746,0.2746,0.2746,0.2746,0.2746,0.2746
T?kiye,Drained organic soils (N2O),Emissions (CO2eq) from N2O (AR5),kilotonnes,0.0734,0.0734,0.0734,0.0734,0.0734,0.0734,0.0734,0.0734,0.0734,0.0734,0.0734,0.0734,0.0734,0.0734,0.0734,0.0734,0.0734,0.0734,0.0734,0.0734,0.0734
T?kiye,Drained organic soils (N2O),Emissions (CO2eq) from N2O (AR5),kilotonnes,72.7584,72.7584,72.7584,72.7584,72.7584,72.7584,72.7584,72.7584,72.7584,72.7584,72.7584,72.7584,72.7584,72.7584,72.7584,72.7584,72.7584,72.7584,72.7584,72.7584,72.7584
T?kiye,Drained organic soils (N2O),Emissions (CO2eq) (AR5),kilotonnes,0.0734,0.0734,0.0734,0.0734,0.0734,0.0734,0.0734,0.0734,0.0734,0.0734,0.0734,0.0734,0.0734,0.0734,0.0734,0.0734,0.0734,0.0734,0.0734,0.0734,0.0734
T?kiye,Drained organic soils (N2O),Emissions (CO2eq) (AR5),kilotonnes,72.7584,72.7584,72.7584,72.7584,72.7584,72.7584,72.7584,72.7584,72.7584,72.7584,72.7584,72.7584,72.7584,72.7584,72.7584,72.7584,72.7584,72.7584,72.7584,72.7584,72.7584
T?kiye,On-farm energy use,Emissions (CH4),kilotonnes,37.0407,24.0371,34.037,42.7731,45.0081,44.4679,56.9441,66.9586,42.4459,46.4539,43.6148,34.737,31.7441,23.0571,13.9736,8.4893,5.3209,2.7005,1.0168,0.5823,0.5823
T?kiye,On-farm energy use,Emissions (N2O),kilotonnes,3.3989,3.3203,3.6649,3.3671,3.7703,3.798,4.1045,4.514,5.688,5.4184,5.5994,6.0867,4.4389,4.2292,4.3911,3.3428,3.0782,3.6023,3.5475,3.3895,3.3895
T?kiye,On-farm energy use,Emissions (CO2),kilotonnes,21091.1143,16816.0476,20835.0754,22764.2676,24313.9102,24176.9607,28531.453,32203.2903,27619.866,28181.5142,27600.6661,26321.5354,21444.0996,18089.0088,15673.4957,11505.4278,9768.4072,10339.9052,9883.5264,9405.6734,9405.6734
T?kiye,On-farm energy use,Emissions (CO2eq) from CH4 (AR5),kilotonnes,1037.1401,673.0388,953.0359,1197.647,1260.2263,1245.1023,1594.435,1874.841,1188.4848,1300.708,1221.2144,972.636,888.8336,645.5976,391.2607,237.7001,148.9856,75.6143,28.4702,16.3051,16.3051
T?kiye,On-farm energy use,Emissions (CO2eq) from N2O (AR5),kilotonnes,900.6996,879.8898,971.2071,892.2911,999.129,1006.4669,1087.7005,1196.2042,1507.3129,1435.8652,1483.846,1612.9708,1176.305,1120.7464,1163.646,885.8402,815.715,954.6154,940.0762,898.2201,898.2201
T?kiye,On-farm energy use,Emissions (CO2eq) (AR5),kilotonnes,23028.9539,18368.9762,22759.3184,24854.2058,26573.2654,26428.5299,31213.5884,35274.3355,30315.6637,30918.0874,30305.7265,28907.1422,23509.2382,19855.3528,17228.4025,12628.968,10733.1078,11370.1349,10852.0727,10320.1986,10320.1986
T?kiye,Forestland,Emissions (CO2),kilotonnes,-16943.8464,-42963.1989,-42963.1989,-42963.1989,-42963.1989,-42963.1989,-42963.1989,-42963.1989,-42963.1989,-42963.1989,-42963.1989,-59672.2029,-59672.2029,-59672.2029,-59672.2029,-59672.2029,-28650.5312,-28650.5312,-28650.5312,-28650.5312,-28650.5312
T?kiye,Forestland,Emissions (CO2),kilotonnes,-60277.2672,-62119.5151,-69730.9755,-70948.1917,-70098.7749,-69642.3153,-71076.8744,-70065.6575,-67021.5821,-67860.9485,-67958.0743,-69766.8562,-68242.1235,-69083.4993,-68413.804,-87986.2245,-86136.0506,-91059.8995,-85104.3369,-76033.6987,-49853.3302
T?kiye,Forestland,Emissions (CO2eq) (AR5),kilotonnes,-16943.8464,-42963.1989,-42963.1989,-42963.1989,-42963.1989,-42963.1989,-42963.1989,-42963.1989,-42963.1989,-42963.1989,-42963.1989,-59672.2029,-59672.2029,-59672.2029,-59672.2029,-59672.2029,-28650.5312,-28650.5312,-28650.5312,-28650.5312,-28650.5312
T?kiye,Forestland,Emissions (CO2eq) (AR5),kilotonnes,-60277.2672,-62119.5151,-69730.9755,-70948.1917,-70098.7749,-69642.3153,-71076.8744,-70065.6575,-67021.5821,-67860.9485,-67958.0743,-69766.8562,-68242.1235,-69083.4993,-68413.804,-87986.2245,-86136.0506,-91059.8995,-85104.3369,-76033.6987,-49853.3302
T?kiye,Net Forest conversion,Emissions (CO2),kilotonnes,0,0,0,0,0,0,0,0,0,0,0,0,0,0,0,0,0,0,0,0,0
T?kiye,Net Forest conversion,Emissions (CO2),kilotonnes,240.0374,246.3372,522.3194,331.9691,758.232,506.527,974.2727,791.1395,1027.028,786.4052,1102.9289,677.6348,1127.1112,810.8743,1138.7528,1570.1944,1073.0878,1149.3531,1145.4942,1223.5677,1247.1893
T?kiye,Net Forest conversion,Emissions (CO2eq) (AR5),kilotonnes,0,0,0,0,0,0,0,0,0,0,0,0,0,0,0,0,0,0,0,0,0
T?kiye,Net Forest conversion,Emissions (CO2eq) (AR5),kilotonnes,240.0374,246.3372,522.3194,331.9691,758.232,506.527,974.2727,791.1395,1027.028,786.4052,1102.9289,677.6348,1127.1112,810.8743,1138.7528,1570.1944,1073.0878,1149.3531,1145.4942,1223.5677,1247.1893
T?kiye,Savanna fires,Emissions (CH4),kilotonnes,1.0718,0.9106,0.3033,0.1903,0.2612,0.1473,0.5149,0.3356,0.494,0.4891,0.7083,0.6707,0.2697,0.3673,0.1251,0.7367,0.7942,0.3495,0.304,0.4573,0.4243
T?kiye,Savanna fires,Emissions (N2O),kilotonnes,0.0979,0.0831,0.0277,0.0174,0.0238,0.0135,0.047,0.0306,0.0451,0.0447,0.0647,0.0612,0.0246,0.0335,0.0114,0.0673,0.0725,0.0319,0.0278,0.0417,0.0387
T?kiye,Savanna fires,Emissions (CO2eq) from CH4 (AR5),kilotonnes,30.0105,25.4978,8.4921,5.328,7.3132,4.1248,14.418,9.3962,13.8329,13.696,19.8329,18.7809,7.5518,10.2843,3.5029,20.6277,22.2371,9.7867,8.5118,12.8032,11.8812
T?kiye,Savanna fires,Emissions (CO2eq) from N2O (AR5),kilotonnes,25.9332,22.0334,7.3383,4.6041,6.3196,3.5644,12.459,8.1196,11.9534,11.8351,17.1382,16.2292,6.5257,8.8869,3.0269,17.825,19.2157,8.457,7.3553,11.0636,10.2669
T?kiye,Savanna fires,Emissions (CO2eq) (AR5),kilotonnes,55.9436,47.5312,15.8303,9.9321,13.6328,7.6893,26.877,17.5158,25.7863,25.5311,36.9711,35.0101,14.0775,19.1712,6.5298,38.4527,41.4528,18.2436,15.8671,23.8668,22.1482
T?kiye,Fires in organic soils,Emissions (CH4),kilotonnes,0,0,0,0,0,0,0,0,0,0,0,0,0,0,0,0,0,0,0,0,0
T?kiye,Fires in organic soils,Emissions (CO2),kilotonnes,0,0,0,0,0,0,0,0,0,0,0,0,0,0,0,0,0,0,0,0,0
T?kiye,Fires in organic soils,Emissions (CO2eq) from CH4 (AR5),kilotonnes,0,0,0,0,0,0,0,0,0,0,0,0,0,0,0,0,0,0,0,0,0
T?kiye,Fires in organic soils,Emissions (CO2eq) (AR5),kilotonnes,0,0,0,0,0,0,0,0,0,0,0,0,0,0,0,0,0,0,0,0,0
T?kiye,Forest fires,Emissions (CH4),kilotonnes,0.1535,0.0075,0.0025,0.0598,0.0174,0.0274,0.0622,0.0423,0.127,0.0125,0.005,0.1146,0.0647,0.0548,0.0249,0.0573,0.0224,0.1892,0.0224,0.4905,0.5652
T?kiye,Forest fires,Emissions (N2O),kilotonnes,0.0085,0.0007,0.0002,0.0055,0.0016,0.0025,0.0057,0.0039,0.0116,0.0011,0.0005,0.0105,0.0059,0.005,0.0023,0.0052,0.002,0.0173,0.002,0.0448,0.0516
T?kiye,Forest fires,Emissions (CO2eq) from CH4 (AR5),kilotonnes,4.2972,0.2093,0.0697,1.6741,0.4882,0.7668,1.7427,1.1853,3.5553,0.3488,0.1395,3.2087,1.8127,1.5344,0.6976,1.6037,0.6275,5.2984,0.6276,13.7344,15.8256
T?kiye,Forest fires,Emissions (CO2eq) from N2O (AR5),kilotonnes,2.2498,0.1808,0.0603,1.4466,0.4219,0.6626,1.5059,1.0242,3.0722,0.3014,0.1206,2.7727,1.5664,1.3259,0.6028,1.3858,0.5422,4.5785,0.5423,11.8683,13.6754
T?kiye,Forest fires,Emissions (CO2eq) (AR5),kilotonnes,6.547,0.3901,0.13,3.1207,0.9101,1.4294,3.2486,2.2095,6.6275,0.6503,0.2601,5.9814,3.3791,2.8603,1.3004,2.9895,1.1697,9.8769,1.1699,25.6027,29.501
T?kiye,Fires in humid tropical forests,Emissions (CH4),kilotonnes,0,0,0,0,0,0,0,0,0,0,0,0,0,0,0,0,0,0,0,0,0
T?kiye,Fires in humid tropical forests,Emissions (N2O),kilotonnes,0,0,0,0,0,0,0,0,0,0,0,0,0,0,0,0,0,0,0,0,0
T?kiye,Fires in humid tropical forests,Emissions (CO2eq) from CH4 (AR5),kilotonnes,0,0,0,0,0,0,0,0,0,0,0,0,0,0,0,0,0,0,0,0,0
T?kiye,Fires in humid tropical forests,Emissions (CO2eq) from N2O (AR5),kilotonnes,0,0,0,0,0,0,0,0,0,0,0,0,0,0,0,0,0,0,0,0,0
T?kiye,Fires in humid tropical forests,Emissions (CO2eq) (AR5),kilotonnes,0,0,0,0,0,0,0,0,0,0,0,0,0,0,0,0,0,0,0,0,0
T?kiye,Waste - agri-food systems,Emissions (CH4),kilotonnes,642.41,653.0127,664.7936,677.2327,689.3562,711.5516,715.6264,727.1553,744.8662,754.0926,761.1885,772.6087,779.5859,969.6369,1004.2391,1022.9824,1048.0594,1031.0421,1013.42,995.3094,976.5954
T?kiye,Waste - agri-food systems,Emissions (N2O),kilotonnes,2.3548,2.3338,2.3719,2.412,2.4606,2.669,2.6727,2.695,2.7675,2.7963,2.9246,3.0336,3.1622,3.2673,3.2039,3.2969,3.3686,3.3044,3.2846,3.2569,3.2231
T?kiye,Waste - agri-food systems,Emissions (CO2),kilotonnes,67.9302,67.1379,67.5883,68.2837,68.9598,69.511,69.7574,70.2768,70.5939,70.1525,70.6157,70.813,70.9384,71.1552,71.104,70.8904,70.9064,70.8745,70.6206,70.562,70.419
T?kiye,Waste - agri-food systems,Emissions (CO2eq) from CH4 (AR5),kilotonnes,17987.4798,18284.3549,18614.2209,18962.5162,19301.9739,19923.4437,20037.5391,20360.3497,20856.2538,21114.5942,21313.2784,21633.0433,21828.4052,27149.8346,28118.6959,28643.5062,29345.6643,28869.1785,28375.7598,27868.6623,27344.6722
T?kiye,Waste - agri-food systems,Emissions (CO2eq) from N2O (AR5),kilotonnes,624.0091,618.4653,628.5432,639.1847,652.0547,707.2741,708.2639,714.1657,733.3905,741.028,775.0116,803.9015,837.9751,865.8223,849.0251,873.6744,892.6911,875.6721,870.4086,863.0698,854.1256
T?kiye,Waste - agri-food systems,Emissions (CO2eq) (AR5),kilotonnes,18679.4191,18969.958,19310.3525,19669.9846,20022.9884,20700.2289,20815.5604,21144.7923,21660.2381,21925.7747,22158.9057,22507.7577,22737.3187,28086.8121,29038.825,29588.071,30309.2618,29815.7251,29316.7889,28802.2942,28269.2169
T?kiye,Fertilizers Manufacturing,Emissions (N2O),kilotonnes,4.6107,4.6879,5.207,4.6269,4.3379,4.3208,5.4165,5.1065,5.0935,5.0962,5.4908,5.8288,5.9008,5.5268,5.5945,4.445,3.6286,3.6093,5.3435,6.9279,7.1944
T?kiye,Fertilizers Manufacturing,Emissions (CO2),kilotonnes,1667.9389,1665.5808,1371.6187,1848.1979,1711.7382,2003.8416,1529.1037,1422.2029,1344.7893,1404.5748,1617.5636,1843.1928,1778.9303,1637.2962,1556.7078,1208.3172,1042.4537,1174.773,1380.3448,1677.6417,1622.7869
T?kiye,Fertilizers Manufacturing,Emissions (CO2eq) from N2O (AR5),kilotonnes,1221.8355,1242.2935,1379.855,1226.1285,1149.5435,1145.012,1435.3725,1353.2225,1349.7775,1350.493,1455.062,1544.632,1563.712,1464.602,1482.5425,1177.925,961.579,956.4645,1416.0275,1835.8935,1906.5048
T?kiye,Fertilizers Manufacturing,Emissions (CO2eq) (AR5),kilotonnes,2889.7744,2907.8743,2751.4737,3074.3264,2861.2817,3148.8536,2964.4762,2775.4254,2694.5668,2755.0678,3072.6256,3387.8248,3342.6423,3101.8982,3039.2503,2386.2422,2004.0327,2131.2375,2796.3723,3513.5352,3529.2917
T?kiye,On-farm electricity use,Emissions (CH4),kilotonnes,3.6838,3.8434,4.1878,4.3882,4.6738,4.9366,5.3278,5.9769,6.9669,5.8533,6.7017,6.1761,7.0197,5.8965,6.1941,5.8569,8.1668,8.1572,11.1331,12.1209,12.1209
T?kiye,On-farm electricity use,Emissions (N2O),kilotonnes,0.0197,0.0205,0.0224,0.0234,0.025,0.0264,0.0284,0.0319,0.0372,0.0313,0.0358,0.033,0.0375,0.0315,0.0331,0.0313,0.0436,0.0436,0.0594,0.0648,0.0648
T?kiye,On-farm electricity use,Emissions (CO2),kilotonnes,1624.0119,1769.0854,1678.5005,1647.5505,1659.0262,1803.4509,2004.7572,2460.0452,2968.3448,2418.7446,2566.8548,2426.8414,2686.0006,2288.7376,2404.2458,2273.3675,3169.9529,3166.2267,4321.308,4704.7204,4704.7204
T?kiye,On-farm electricity use,Emissions (CO2eq) from CH4 (AR5),kilotonnes,103.1464,107.6152,117.2584,122.8696,130.8664,138.2248,149.1784,167.3532,195.0732,163.8924,187.6476,172.9308,196.5516,165.102,173.4348,163.9932,228.6704,228.4016,311.7268,339.3852,339.3852
T?kiye,On-farm electricity use,Emissions (CO2eq) from N2O (AR5),kilotonnes,5.2205,5.4325,5.936,6.201,6.625,6.996,7.526,8.4535,9.858,8.2945,9.487,8.745,9.9375,8.3475,8.7715,8.2945,11.554,11.554,15.741,17.172,17.172
T?kiye,On-farm electricity use,Emissions (CO2eq) (AR5),kilotonnes,1732.3788,1882.1331,1801.6949,1776.6211,1796.5176,1948.6717,2161.4616,2635.8519,3173.276,2590.9315,2763.9894,2608.5172,2892.4897,2462.1871,2586.4521,2445.6552,3410.1773,3406.1823,4648.7758,5061.2776,5061.2776
T?kiye,Food Processing,Emissions (CH4),kilotonnes,4.2149,4.2611,4.2852,5.432,4.5829,4.9716,5.3042,6.2117,6.0061,6.1352,6.4438,7.9625,8.0344,8.2708,8.3533,9.0002,9.4282,9.5323,10.1309,10.1309,9.5967
T?kiye,Food Processing,Emissions (N2O),kilotonnes,0.0964,0.0929,0.0893,0.0972,0.0837,0.095,0.089,0.0753,0.0645,0.0681,0.0768,0.1056,0.105,0.1018,0.1063,0.1159,0.124,0.1287,0.159,0.159,0.1651
T?kiye,Food Processing,Emissions (CO2),kilotonnes,7192.5091,7024.4682,6528.7093,7191.7906,6212.1732,6941.35,6555.0404,5991.4097,5576.2745,5976.4232,6977.4511,9244.6002,9014.2803,8832.3665,9152.0208,9977.565,11076.7639,11258.5739,12658.5242,12658.5242,12244.6215
T?kiye,Food Processing,Emissions (CO2eq) from CH4 (AR5),kilotonnes,118.0172,119.3108,119.9856,152.096,128.3212,139.2048,148.5176,173.9276,168.1708,171.7856,180.4264,222.95,224.9632,231.5824,233.8924,252.0056,263.9896,266.9044,283.6652,283.6652,268.7063
T?kiye,Food Processing,Emissions (CO2eq) from N2O (AR5),kilotonnes,25.546,24.6185,23.6645,25.758,22.1805,25.175,23.585,19.9545,17.0925,18.0465,20.352,27.984,27.825,26.977,28.1695,30.7135,32.86,34.1055,42.135,42.135,43.7556
T?kiye,Food Processing,Emissions (CO2eq) (AR5),kilotonnes,7336.0723,7168.3975,6672.3594,7369.6446,6362.6749,7105.7298,6727.143,6185.2918,5761.5378,6166.2553,7178.2295,9495.5342,9267.0685,9090.9259,9414.0827,10260.2841,11373.6135,11559.5838,12984.3244,12984.3244,12557.0834
T?kiye,Food Packaging,Emissions (CH4),kilotonnes,1.8023,1.6447,1.5812,1.8517,1.9033,1.7255,1.9012,2.1894,2.5663,2.5886,2.9293,3.0861,3.3667,3.2368,3.6031,3.9596,4.2753,4.4741,4.6664,4.1138,3.8969
T?kiye,Food Packaging,Emissions (N2O),kilotonnes,0.0135,0.0123,0.0123,0.014,0.0149,0.0132,0.0144,0.0152,0.0174,0.0181,0.0216,0.0237,0.0259,0.024,0.0267,0.029,0.0324,0.0342,0.038,0.031,0.0322
T?kiye,Food Packaging,Emissions (CO2),kilotonnes,1431.812,1322.6568,1251.0859,1395.0719,1475.6702,1386.4304,1498.6043,1592.8288,1878.9709,1956.0478,2128.4763,2396.4907,2545.0081,2409.2263,2787.368,3024.2393,3261.747,3437.9944,3577.7531,3098.6986,2997.3788
T?kiye,Food Packaging,Emissions (CO2eq) from CH4 (AR5),kilotonnes,50.4644,46.0516,44.2736,51.8476,53.2924,48.314,53.2336,61.3032,71.8564,72.4808,82.0204,86.4108,94.2676,90.6304,100.8868,110.8688,119.7084,125.2748,130.6592,115.1864,109.1121
T?kiye,Food Packaging,Emissions (CO2eq) from N2O (AR5),kilotonnes,3.5775,3.2595,3.2595,3.71,3.9485,3.498,3.816,4.028,4.611,4.7965,5.724,6.2805,6.8635,6.36,7.0755,7.685,8.586,9.063,10.07,8.215,8.531
T?kiye,Food Packaging,Emissions (CO2eq) (AR5),kilotonnes,1485.8539,1371.9679,1298.619,1450.6295,1532.9111,1438.2424,1555.6539,1658.16,1955.4383,2033.3251,2216.2207,2489.182,2646.1392,2506.2167,2895.3303,3142.7931,3390.0414,3572.3322,3718.4823,3222.1,3115.0218
T?kiye,Food Retail,Emissions (CH4),kilotonnes,2.931,3.0338,3.2969,3.6039,3.9044,4.2766,4.6994,5.1826,5.707,5.8819,6.3105,6.6681,7.0632,7.4466,7.8834,8.2482,8.7438,9.6158,10.1409,9.3517,8.8585
T?kiye,Food Retail,Emissions (N2O),kilotonnes,0.0183,0.0177,0.02,0.0227,0.0252,0.0267,0.0292,0.0329,0.0772,0.0829,0.0844,0.0824,0.0928,0.0839,0.0872,0.092,0.0937,0.1005,0.0806,0.1004,0.1043
T?kiye,Food Retail,Emissions (CO2),kilotonnes,1571.2959,1671.8441,1663.9571,1898.3625,2071.754,2315.3298,2748.2916,3254.4748,6196.1727,6244.6087,6062.3395,6134.3293,6807.0902,6354.5425,6585.513,7109.0829,7235.3946,7811.0826,6665.595,7789.3149,7534.6234
T?kiye,Food Retail,Emissions (CO2eq) from F-gases (AR5),kilotonnes,955.3605,1311.7375,1670.712,2195.9265,2771.5325,3045.8285,3439.09,3831.832,3881.704,3907.679,3922.225,3931.0565,3937.2905,3942.4855,3942.4855,3942.4855,4280.1605,4367.956,4456.271,4544.0665,4408.0166
T?kiye,Food Retail,Emissions (CO2eq) from CH4 (AR5),kilotonnes,82.068,84.9464,92.3132,100.9092,109.3232,119.7448,131.5832,145.1128,159.796,164.6932,176.694,186.7068,197.7696,208.5048,220.7352,230.9496,244.8264,269.2424,283.9452,261.8476,248.0392
T?kiye,Food Retail,Emissions (CO2eq) from N2O (AR5),kilotonnes,4.8495,4.6905,5.3,6.0155,6.678,7.0755,7.738,8.7185,20.458,21.9685,22.366,21.836,24.592,22.2335,23.108,24.38,24.8305,26.6325,21.359,26.606,27.6293
T?kiye,Food Retail,Emissions (CO2eq) (AR5),kilotonnes,2613.5739,3073.2185,3432.2823,4201.2137,4959.2877,5487.9786,6326.7028,7240.1381,10258.1307,10338.9494,10183.6245,10273.9286,10966.7423,10527.7663,10771.8417,11306.898,11785.212,12474.9135,11427.1702,12621.835,12218.3085
T?kiye,Food Household Consumption,Emissions (CH4),kilotonnes,8.4044,6.8994,7.5719,8.3553,9.6766,10.4955,10.4963,11.8585,11.6996,13.3285,13.8932,13.489,13.8901,11.9207,11.4106,12.0089,12.657,12.988,12.2243,12.2243,11.5797
T?kiye,Food Household Consumption,Emissions (N2O),kilotonnes,0.0456,0.0378,0.0413,0.0456,0.0525,0.0571,0.0574,0.0646,0.0638,0.071,0.0742,0.0732,0.0751,0.0656,0.0629,0.0664,0.0699,0.0724,0.0683,0.0683,0.0709
T?kiye,Food Household Consumption,Emissions (CO2),kilotonnes,4918.5758,4352.573,4406.8821,4773.779,5272.4324,5896.9661,6099.2907,6899.7513,6790.0436,6586.2457,6777.908,7379.7155,7358.3189,6977.4564,6733.0141,7172.8594,7549.9278,8150.3248,7712.2124,7712.2124,7460.042
T?kiye,Food Household Consumption,Emissions (CO2eq) from CH4 (AR5),kilotonnes,235.3232,193.1832,212.0132,233.9484,270.9448,293.874,293.8964,332.038,327.5888,373.198,389.0096,377.692,388.9228,333.7796,319.4968,336.2492,354.396,363.664,342.2804,342.2804,324.2305
T?kiye,Food Household Consumption,Emissions (CO2eq) from N2O (AR5),kilotonnes,12.084,10.017,10.9445,12.084,13.9125,15.1315,15.211,17.119,16.907,18.815,19.663,19.398,19.9015,17.384,16.6685,17.596,18.5235,19.186,18.0995,18.0995,18.7956
T?kiye,Food Household Consumption,Emissions (CO2eq) (AR5),kilotonnes,5165.983,4555.7732,4629.8398,5019.8114,5557.2897,6205.9716,6408.3981,7248.9083,7134.5394,6978.2587,7186.5806,7776.8055,7767.1432,7328.62,7069.1794,7526.7046,7922.8473,8533.1748,8072.5923,8072.5923,7803.0681
T?kiye,Food Transport,Emissions (CH4),kilotonnes,0.7399,0.6796,0.6158,0.587,0.6057,0.6457,0.7171,0.8401,0.8613,0.9201,0.9206,0.9536,1.0048,1.0293,1.0627,1.1425,1.1973,1.1536,1.1071,1.1345,1.0747
T?kiye,Food Transport,Emissions (N2O),kilotonnes,0.1204,0.1043,0.1078,0.1045,0.1013,0.1114,0.1206,0.1118,0.1111,0.1103,0.111,0.1129,0.1252,0.1376,0.1484,0.1695,0.1784,0.1918,0.1855,0.1568,0.1628
T?kiye,Food Transport,Emissions (CO2),kilotonnes,3584.07,3424.365,3590.955,3581.165,3604.995,3726.91,4276.225,4809.835,4580.24,4540.245,4543.715,4632.06,5413.495,5913.39,6270.88,7505.02,8168.945,8612.525,8310.395,7162.0439,6927.8626
T?kiye,Food Transport,Emissions (CO2eq) from CH4 (AR5),kilotonnes,20.7172,19.0288,17.2424,16.436,16.9596,18.0796,20.0788,23.5228,24.1164,25.7628,25.7768,26.7008,28.1344,28.8204,29.7556,31.99,33.5244,32.3008,30.9988,31.766,30.0908
T?kiye,Food Transport,Emissions (CO2eq) from N2O (AR5),kilotonnes,31.906,27.6395,28.567,27.6925,26.8445,29.521,31.959,29.627,29.4415,29.2295,29.415,29.9185,33.178,36.464,39.326,44.9175,47.276,50.827,49.1575,41.552,43.1502
T?kiye,Food Transport,Emissions (CO2eq) (AR5),kilotonnes,3636.6932,3471.0333,3636.7644,3625.2935,3648.7991,3774.5106,4328.2628,4862.9848,4633.7979,4595.2373,4598.9068,4688.6793,5474.8074,5978.6744,6339.9616,7581.9275,8249.7454,8695.6528,8390.5513,7235.3619,7001.1036
T?kiye,Energy,Emissions (CH4),kilotonnes,316,300,294,301,301,310,337,368,404,424,432,424,432,397,403,383,405,397,429,512,485
T?kiye,Energy,Emissions (N2O),kilotonnes,6.8,6.36,6.72,7.25,7.71,7.91,8.9,9.66,10.9,10.5,10.6,11.2,9.64,9.38,11.1,10.2,10.4,11,11,10.4,10.8
T?kiye,Energy,Emissions (CO2),kilotonnes,200000,181000,191000,203000,208000,218000,241000,261000,261000,256000,267000,292000,298000,292000,312000,317000,338000,377000,371000,367000,355000
T?kiye,Energy,Emissions (CO2eq) from CH4 (AR5),kilotonnes,8848,8400,8232,8428,8428,8680,9436,10304,11312,11872,12096,11872,12096,11116,11284,10724,11340,11116,12012,14336,13580
T?kiye,Energy,Emissions (CO2eq) from N2O (AR5),kilotonnes,1802,1685.4,1780.8,1921.25,2043.15,2096.15,2358.5,2559.9,2888.5,2782.5,2809,2968,2554.6,2485.7,2941.5,2703,2756,2915,2915,2756,2862
T?kiye,Energy,Emissions (CO2eq) (AR5),kilotonnes,210650,191085.4,201012.8,213349.25,218471.15,228776.15,252794.5,273863.9,275200.5,270654.5,281905,306840,312650.6,305601.7,326225.5,330427,352096,391031,385927,384092,371442
T?kiye,IPPU,Emissions (CH4),kilotonnes,0.895,0.813,0.761,0.815,0.832,0.814,0.913,0.916,0.979,0.947,1.12,1.23,1.27,1.31,1.28,1.32,1.5,1.62,1.67,1.59,1.57
T?kiye,IPPU,Emissions (N2O),kilotonnes,17.8,16.4,17.5,17.2,17.6,13.6,16.2,15.3,15.4,15.5,15.7,15.8,61.8,62,62.2,62.4,62.6,62.7,62.9,68.4,68.2
T?kiye,IPPU,Emissions (CO2),kilotonnes,18300,18000,18600,19200,20500,22200,24600,26600,28600,31700,35500,36400,36300,38900,39200,39600,42500,44600,46500,37800,46200
T?kiye,IPPU,Emissions (CO2eq) from F-gases (AR5),kilotonnes,4266.0026,4314.5903,4713.0097,5072.5589,5645.8941,6267.8171,6695.3891,7327.0296,7900.3648,9562.0651,11758.2305,12632.8096,13215.8623,12924.336,13896.0905,13215.8623,13798.9151,15548.0733,15742.4242,16228.3015,15742.4242
T?kiye,IPPU,Emissions (CO2eq) from CH4 (AR5),kilotonnes,25.06,22.764,21.308,22.82,23.296,22.792,25.564,25.648,27.412,26.516,31.36,34.44,35.56,36.68,35.84,36.96,42,45.36,46.76,44.52,43.96
T?kiye,IPPU,Emissions (CO2eq) from N2O (AR5),kilotonnes,4717,4346,4637.5,4558,4664,3604,4293,4054.5,4081,4107.5,4160.5,4187,16377,16430,16483,16536,16589,16615.5,16668.5,18126,18073
T?kiye,IPPU,Emissions (CO2eq) (AR5),kilotonnes,27308.0626,26683.3543,27971.8177,28853.3789,30833.1901,32094.6091,35613.9531,38007.1776,40608.7768,45396.0811,51450.0905,53254.2496,65928.4223,68291.016,69614.9305,69388.8223,72929.9151,76808.9333,78957.6842,72198.8215,80059.3842
T?kiye,Waste,Emissions (CH4),kilotonnes,1110,1180,1030,1070,966,1010,1160,1240,1210,1330,1520,1590,1710,1820,1920,2000,2020,2060,2100,2020,2070
T?kiye,Waste,Emissions (N2O),kilotonnes,4.19,4.26,4.33,4.36,4.4,4.46,4.53,4.58,4.58,4.58,4.67,4.8,4.98,5.13,5.17,5.18,5.16,5.22,5.26,5.35,5.43
T?kiye,Waste,Emissions (CO2),kilotonnes,32.8,33.9,22.6,27.5,11.5,21.1,29.5,29,26.9,21.5,14.5,11.7,9.17,4.84,0.414,0.574,0.738,0.661,0.481,0.923,1.41
T?kiye,Waste,Emissions (CO2eq) from CH4 (AR5),kilotonnes,31080,33040,28840,29960,27048,28280,32480,34720,33880,37240,42560,44520,47880,50960,53760,56000,56560,57680,58800,56560,57960
T?kiye,Waste,Emissions (CO2eq) from N2O (AR5),kilotonnes,1110.35,1128.9,1147.45,1155.4,1166,1181.9,1200.45,1213.7,1213.7,1213.7,1237.55,1272,1319.7,1359.45,1370.05,1372.7,1367.4,1383.3,1393.9,1417.75,1438.95
T?kiye,Waste,Emissions (CO2eq) (AR5),kilotonnes,32223.15,34202.8,30010.05,31142.9,28225.5,29483,33709.95,35962.7,35120.6,38475.2,43812.05,45803.7,49208.87,52324.29,55130.464,57373.274,57928.138,59063.961,60194.381,57978.673,59400.36
T?kiye,Other,Emissions (N2O),kilotonnes,4,3.68,3.8,3.92,3.93,3.9,4.24,4.66,4.44,4.31,4.38,4.54,4.72,4.67,4.82,4.9,5.12,5.48,5.26,5.38,5.47
T?kiye,Other,Emissions (CO2eq) from N2O (AR5),kilotonnes,1060,975.2,1007,1038.8,1041.45,1033.5,1123.6,1234.9,1176.6,1142.15,1160.7,1203.1,1250.8,1237.55,1277.3,1298.5,1356.8,1452.2,1393.9,1425.7,1449.55
T?kiye,Other,Emissions (CO2eq) (AR5),kilotonnes,1060,975.2,1007,1038.8,1041.45,1033.5,1123.6,1234.9,1176.6,1142.15,1160.7,1203.1,1250.8,1237.55,1277.3,1298.5,1356.8,1452.2,1393.9,1425.7,1449.55
T?kiye,Farm-gate emissions,Emissions (CH4),kilotonnes,723.5572,683.0421,665.5898,650.1438,635.1856,646.8293,680.3053,700.7231,676.1726,663.3218,646.5977,676.7741,737.5247,796.575,818.0434,822.7264,813.2019,817.0576,945.3219,982.444,1015.9736
T?kiye,Farm-gate emissions,Direct emissions (N2O),kilotonnes,58.1582,52.2883,52.7963,54.2075,54.6702,55.6221,56.7836,54.8551,51.0113,57.2336,54.97,54.443,59.4004,65.5403,64.8264,66.2697,72.0244,70.6549,72.0822,75.8716,83.8804
T?kiye,Farm-gate emissions,Indirect emissions (N2O),kilotonnes,16.7745,14.9557,15.1194,15.5856,15.7464,15.9499,16.2616,15.7452,14.4943,16.4238,15.6472,15.3558,16.8511,18.5983,18.4066,18.8495,20.8124,20.2746,20.378,21.5546,24.1624
T?kiye,Farm-gate emissions,Emissions (N2O),kilotonnes,79.2987,71.4676,72.443,74.0236,75.0734,76.2719,78.0911,75.9697,72.043,79.9199,77.086,76.7727,81.5748,89.3236,88.5982,89.5065,96.9711,95.5696,97.1192,101.9413,112.5997
T?kiye,Farm-gate emissions,Emissions (CO2),kilotonnes,21091.521,16816.4543,20835.4821,22764.6743,24314.3169,24177.3674,28531.8597,32203.697,27620.2727,28181.9209,27601.0728,26321.9421,21444.5063,18089.4155,15673.9025,11505.8345,9768.814,10340.3119,9883.9331,9406.0801,9406.0801
T?kiye,Farm-gate emissions,Emissions (CO2eq) from CH4 (AR5),kilotonnes,20259.6003,19125.1783,18636.5155,18204.0274,17785.1957,18111.2191,19048.5479,19620.2468,18932.8334,18573.009,18104.7367,18949.6745,20650.6912,22304.1011,22905.2156,23036.3401,22769.6524,22877.6127,26469.0119,27508.4319,28447.2606
T?kiye,Farm-gate emissions,Emissions (CO2eq) from N2O (AR5),kilotonnes,21014.1553,18938.904,19197.3984,19616.2651,19894.4492,20212.0464,20694.1476,20131.9834,19091.4034,21178.7807,20427.7951,20344.7671,21617.3253,23670.7537,23478.511,23719.2117,25697.3419,25325.9513,25736.589,27014.4391,29838.9335
T?kiye,Farm-gate emissions,Emissions (CO2eq) (AR5),kilotonnes,62365.2766,54880.5367,58669.396,60584.9669,61993.9619,62500.633,68274.5552,71955.9273,65644.5096,67933.7106,66133.6046,65616.3837,63712.5228,64064.2703,62057.6291,58261.3863,58235.8083,58543.8759,62089.534,63928.9511,67692.2742
T?kiye,Land Use change,Emissions (CH4),kilotonnes,0,0,0,0,0,0,0,0,0,0,0,0,0,0,0,0,0,0,0,0,0
T?kiye,Land Use change,Emissions (N2O),kilotonnes,0,0,0,0,0,0,0,0,0,0,0,0,0,0,0,0,0,0,0,0,0
T?kiye,Land Use change,Emissions (CO2),kilotonnes,0,0,0,0,0,0,0,0,0,0,0,0,0,0,0,0,0,0,0,0,0
T?kiye,Land Use change,Emissions (CO2eq) from CH4 (AR5),kilotonnes,0,0,0,0,0,0,0,0,0,0,0,0,0,0,0,0,0,0,0,0,0
T?kiye,Land Use change,Emissions (CO2eq) from N2O (AR5),kilotonnes,0,0,0,0,0,0,0,0,0,0,0,0,0,0,0,0,0,0,0,0,0
T?kiye,Land Use change,Emissions (CO2eq) (AR5),kilotonnes,0,0,0,0,0,0,0,0,0,0,0,0,0,0,0,0,0,0,0,0,0
T?kiye,Emissions on agricultural land,Emissions (CH4),kilotonnes,723.5572,683.0421,665.5898,650.1438,635.1856,646.8293,680.3053,700.7231,676.1726,663.3218,646.5977,676.7741,737.5247,796.575,818.0434,822.7264,813.2019,817.0576,945.3219,982.444,1015.9736
T?kiye,Emissions on agricultural land,Emissions (N2O),kilotonnes,79.2987,71.4676,72.443,74.0236,75.0734,76.2719,78.0911,75.9697,72.043,79.9199,77.086,76.7727,81.5748,89.3236,88.5982,89.5065,96.9711,95.5696,97.1192,101.9413,112.5997
T?kiye,Emissions on agricultural land,Emissions (CO2),kilotonnes,21091.521,16816.4543,20835.4821,22764.6743,24314.3169,24177.3674,28531.8597,32203.697,27620.2727,28181.9209,27601.0728,26321.9421,21444.5063,18089.4155,15673.9025,11505.8345,9768.814,10340.3119,9883.9331,9406.0801,9406.0801
T?kiye,Emissions on agricultural land,Emissions (CO2eq) from CH4 (AR5),kilotonnes,20259.6003,19125.1783,18636.5155,18204.0274,17785.1957,18111.2191,19048.5479,19620.2468,18932.8334,18573.009,18104.7367,18949.6745,20650.6912,22304.1011,22905.2156,23036.3401,22769.6524,22877.6127,26469.0119,27508.4319,28447.2606
T?kiye,Emissions on agricultural land,Emissions (CO2eq) from N2O (AR5),kilotonnes,21014.1553,18938.904,19197.3984,19616.2651,19894.4492,20212.0464,20694.1476,20131.9834,19091.4034,21178.7807,20427.7951,20344.7671,21617.3253,23670.7537,23478.511,23719.2117,25697.3419,25325.9513,25736.589,27014.4391,29838.9335
T?kiye,Emissions on agricultural land,Emissions (CO2eq) (AR5),kilotonnes,62365.2766,54880.5367,58669.396,60584.9669,61993.9619,62500.633,68274.5552,71955.9273,65644.5096,67933.7106,66133.6046,65616.3837,63712.5228,64064.2703,62057.6291,58261.3863,58235.8083,58543.8759,62089.534,63928.9511,67692.2742
T?kiye,Pre- and post- production,Emissions (CH4),kilotonnes,664.1863,673.3747,686.3324,701.4508,714.7029,738.6031,744.0724,759.4145,778.6734,788.8002,798.3876,810.9441,819.9648,1007.4376,1042.7463,1063.1987,1092.5278,1076.9631,1062.8227,1044.3855,1023.7227
T?kiye,Pre- and post- production,Emissions (N2O),kilotonnes,7.2794,7.3072,7.872,7.3463,7.1011,7.3196,8.4282,8.1332,8.2322,8.2742,8.8192,9.2932,9.5245,9.2385,9.263,8.246,7.5392,7.4849,9.2189,10.7651,11.0176
T?kiye,Pre- and post- production,Emissions (CO2),kilotonnes,22058.1438,21297.7112,20559.2969,22404.2011,22076.749,24143.7898,24781.0703,26500.8245,29405.4297,29197.0423,30744.924,34128.0429,35674.0618,34484.1707,35560.8535,38341.3417,41576.0913,43682.3749,44696.7531,44873.7181,43562.4546
T?kiye,Pre- and post- production,Emissions (CO2eq) from F-gases (AR5),kilotonnes,955.3605,1311.7375,1670.712,2195.9265,2771.5325,3045.8285,3439.09,3831.832,3881.704,3907.679,3922.225,3931.0565,3937.2905,3942.4855,3942.4855,3942.4855,4280.1605,4367.956,4456.271,4544.0665,4408.0166
T?kiye,Pre- and post- production,Emissions (CO2eq) from CH4 (AR5),kilotonnes,18597.2162,18854.4909,19217.3073,19640.623,20011.6815,20680.8857,20834.0271,21263.6073,21802.8554,22086.407,22354.8532,22706.4345,22959.0144,28208.2542,29196.8975,29769.5626,30590.7795,30154.9665,29759.0354,29242.7931,28664.2363
T?kiye,Pre- and post- production,Emissions (CO2eq) from N2O (AR5),kilotonnes,1929.0281,1936.4163,2086.0697,1946.7742,1881.7872,1939.6831,2233.4714,2155.2887,2181.536,2192.6715,2337.0806,2462.6955,2523.9846,2448.1903,2454.6866,2185.1859,1997.9001,1983.5046,2442.9981,2852.7428,2919.6641
T?kiye,Pre- and post- production,Emissions (CO2eq) (AR5),kilotonnes,43539.7486,43400.3558,43533.386,46187.5248,46741.7502,49810.1872,51287.6588,53751.5526,57271.525,57383.7998,59359.0828,63228.2293,65094.3513,69083.1007,71154.9231,74238.5757,78444.9314,80188.802,81355.0575,81513.3206,79554.3716
T?kiye,Agri-food systems,Emissions (CH4),kilotonnes,1387.7434,1356.4168,1351.9222,1351.5947,1349.8885,1385.4323,1424.3777,1460.1376,1454.846,1452.122,1444.9854,1487.7182,1557.4895,1804.0127,1860.7898,1885.9251,1905.7297,1894.0207,2008.1445,2026.8295,2039.6963
T?kiye,Agri-food systems,Emissions (N2O),kilotonnes,86.5781,78.7748,80.315,81.37,82.1745,83.5914,86.5193,84.1029,80.2752,88.1942,85.9052,86.0659,91.0993,98.5621,97.8611,97.7524,104.5103,103.0546,106.3381,112.7063,123.6173
T?kiye,Agri-food systems,Emissions (CO2),kilotonnes,43149.6648,38114.1655,41394.779,45168.8754,46391.0659,48321.1573,53312.93,58704.5215,57025.7024,57378.9632,58345.9968,60449.985,57118.5681,52573.5862,51234.756,49847.1762,51344.9052,54022.6867,54580.6862,54279.7982,52968.5347
T?kiye,Agri-food systems,Emissions (CO2eq) from F-gases (AR5),kilotonnes,955.3605,1311.7375,1670.712,2195.9265,2771.5325,3045.8285,3439.09,3831.832,3881.704,3907.679,3922.225,3931.0565,3937.2905,3942.4855,3942.4855,3942.4855,4280.1605,4367.956,4456.271,4544.0665,4408.0166
T?kiye,Agri-food systems,Emissions (CO2eq) from CH4 (AR5),kilotonnes,38856.8165,37979.6692,37853.8228,37844.6504,37796.8773,38792.1048,39882.575,40883.8542,40735.6888,40659.416,40459.5899,41656.109,43609.7056,50512.3553,52102.1131,52805.9027,53360.4319,53032.5792,56228.0473,56751.2251,57111.497
T?kiye,Agri-food systems,Emissions (CO2eq) from N2O (AR5),kilotonnes,22943.1834,20875.3202,21283.4681,21563.0393,21776.2365,22151.7295,22927.619,22287.2721,21272.9394,23371.4521,22764.8757,22807.4626,24141.3099,26118.9439,25933.1976,25904.3976,27695.242,27309.456,28179.5871,29867.182,32758.5975
T?kiye,Agri-food systems,Emissions (CO2eq) (AR5),kilotonnes,105905.0253,98280.8925,102202.782,106772.4916,108735.7121,112310.8202,119562.2139,125707.4798,122916.0346,125317.5104,125492.6874,128844.613,128806.8741,133147.371,133212.5521,132499.962,136680.7397,138732.6779,143444.5916,145442.2718,147246.6458
T?kiye,IPCC Agriculture,Emissions (CH4),kilotonnes,686.5164,659.005,631.5528,607.3707,590.1775,602.3613,623.3612,633.7645,633.7267,616.8679,602.9829,642.0371,705.7806,773.518,804.0698,814.2371,807.881,814.3571,944.3051,981.8617,1015.3913
T?kiye,IPCC Agriculture,Emissions (CH4),kilotonnes,878.2153,860.0878,775.0621,847.1717,850.7843,882.1003,913.5646,926.245,904.2163,886.8689,951.4415,1027.2423,1161.9006,1212.6523,1228.4614,1214.0461,1218.5784,1352.7042,1455.9516,1503.1003,1560.2944
T?kiye,IPCC Agriculture,Direct emissions (N2O),kilotonnes,58.1582,52.2883,52.7963,54.2075,54.6702,55.6221,56.7836,54.8551,51.0113,57.2336,54.97,54.443,59.4004,65.5403,64.8264,66.2697,72.0244,70.6549,72.0822,75.8716,83.8804
T?kiye,IPCC Agriculture,Indirect emissions (N2O),kilotonnes,16.7745,14.9557,15.1194,15.5856,15.7464,15.9499,16.2616,15.7452,14.4943,16.4238,15.6472,15.3558,16.8511,18.5983,18.4066,18.8495,20.8124,20.2746,20.378,21.5546,24.1624
T?kiye,IPCC Agriculture,Emissions (N2O),kilotonnes,75.8998,68.1472,68.7781,70.6565,71.3031,72.4739,73.9866,71.4558,66.3551,74.5016,71.4866,70.686,77.1359,85.0944,84.207,86.1637,93.8929,91.9673,93.5717,98.5518,109.2102
T?kiye,IPCC Agriculture,Emissions (N2O),kilotonnes,66.3063,59.9478,59.4105,63.1324,65.0864,66.3537,68.6853,66.1034,60.8441,64.6557,67.0412,69.3371,77.0966,82.9999,82.9533,83.7971,91.0536,93.9435,92.8909,97.8425,109.0301
T?kiye,IPCC Agriculture,Emissions (CO2),kilotonnes,617.474,527.0738,526.9176,565.4132,632.1832,613.1635,592.3412,566.3035,564.8361,592.7189,644.9835,557.5497,639.7693,807.301,787.6897,810.5937,1295.3477,1449.6317,1257.4713,1287.9362,1657.03
T?kiye,IPCC Agriculture,Emissions (CO2eq) from CH4 (AR5),kilotonnes,19222.4602,18452.1395,17683.4795,17006.3804,16524.9695,16866.1168,17454.1129,17745.4058,17744.3486,17272.301,16883.5223,17977.0385,19761.8575,21658.5035,22513.9549,22798.6401,22620.6668,22801.9984,26440.5418,27492.1268,28430.9555
T?kiye,IPCC Agriculture,Emissions (CO2eq) from CH4 (AR5),kilotonnes,24590.0274,24082.4597,21701.7386,23720.8069,23821.9611,24698.8085,25579.8098,25934.8588,25318.0552,24832.3293,26640.3628,28762.7846,32533.2155,33954.2651,34396.9182,33993.2921,34120.1959,37875.7171,40766.6444,42086.8078,43688.2421
T?kiye,IPCC Agriculture,Emissions (CO2eq) from N2O (AR5),kilotonnes,20113.4557,18059.0142,18226.1913,18723.974,18895.3202,19205.5795,19606.4471,18935.7792,17584.0906,19742.9155,18943.9491,18731.7963,20441.0203,22550.0073,22314.865,22833.3715,24881.6269,24371.3359,24796.5128,26116.219,28940.7133
T?kiye,IPCC Agriculture,Emissions (CO2eq) from N2O (AR5),kilotonnes,17571.1665,15886.1662,15743.7789,16730.0916,17247.8857,17583.7238,18201.6138,17517.4111,16123.6851,17133.7734,17765.9252,18374.3352,20430.6043,21994.9702,21982.6329,22206.2208,24129.1986,24895.0317,24616.1009,25928.2704,28892.9888
T?kiye,IPCC Agriculture,Emissions (CO2eq) (AR5),kilotonnes,39335.916,36511.1537,35909.6708,35730.3543,35420.2897,36071.6963,37060.56,36681.185,35328.4392,37015.2165,35827.4714,36708.8348,40202.8779,44208.5108,44828.8199,45632.0116,47502.2937,47173.3343,51237.0546,53608.3458,57371.6689
T?kiye,IPCC Agriculture,Emissions (CO2eq) (AR5),kilotonnes,42778.6679,40495.6997,37972.4351,41016.3117,41702.03,42895.6957,44373.7648,44018.5733,42006.5763,42558.8215,45051.2715,47694.6695,53603.589,56756.5363,57167.2409,57010.1066,59544.7423,64220.3805,66640.2166,69303.0143,74238.2609
T?kiye,Agricultural Soils,Direct emissions (N2O),kilotonnes,58.1582,52.2883,52.7963,54.2075,54.6702,55.6221,56.7836,54.8551,51.0113,57.2336,54.97,54.443,59.4004,65.5403,64.8264,66.2697,72.0244,70.6549,72.0822,75.8716,83.8804
T?kiye,Agricultural Soils,Direct emissions (N2O),kilotonnes,50.0826,44.7888,44.8887,47.7011,49.4459,50.3238,51.9402,49.8463,45.4068,49.2248,50.8495,52.032,57.6657,62.384,61.8277,62.6038,69.085,70.391,68.5358,72.4593,81.5319
T?kiye,Agricultural Soils,Indirect emissions (N2O),kilotonnes,16.7745,14.9557,15.1194,15.5856,15.7464,15.9499,16.2616,15.7452,14.4943,16.4238,15.6472,15.3558,16.8511,18.5983,18.4066,18.8495,20.8124,20.2746,20.378,21.5546,24.1624
T?kiye,Agricultural Soils,Indirect emissions (N2O),kilotonnes,6.5295,5.9051,5.7941,6.1702,6.2295,6.3196,6.5235,6.3281,5.7664,6.0564,6.2172,6.4261,7.2148,7.7667,7.8512,7.8847,8.5906,8.8284,8.7178,9.225,10.376
T?kiye,Agricultural Soils,Emissions (N2O),kilotonnes,74.9329,67.2443,67.9159,69.7934,70.4169,71.5723,73.0455,70.6006,65.5059,73.6577,70.6174,69.799,76.2518,84.1389,83.2332,85.1195,92.8371,90.9298,92.4605,97.4265,108.0431
T?kiye,Agricultural Soils,Emissions (N2O),kilotonnes,56.6121,50.6938,50.6828,53.8713,55.6755,56.6434,58.4637,56.1744,51.1733,55.2812,57.0667,58.4581,64.8805,70.1506,69.6789,70.4884,77.6756,79.2194,77.2536,81.6843,91.9079
T?kiye,Agricultural Soils,Emissions (CO2eq) from N2O (AR5),kilotonnes,19857.2252,17819.7519,17997.7193,18495.2465,18660.4684,18966.6572,19357.0521,18709.1481,17359.0714,19519.2904,18713.6227,18496.7481,20206.7172,22296.8082,22056.7968,22556.6721,24601.8273,24096.3896,24502.0293,25818.0149,28631.4189
T?kiye,Agricultural Soils,Emissions (CO2eq) from N2O (AR5),kilotonnes,15002.2121,13433.8698,13430.9453,14275.8925,14754.0002,15010.495,15492.8869,14886.2039,13560.9199,14649.5228,15122.6687,15491.4009,17193.3334,18589.9198,18464.9086,18679.4317,20584.0239,20993.1419,20472.1923,21646.3322,24355.5998
T?kiye,Agricultural Soils,Emissions (CO2eq) (AR5),kilotonnes,19857.2252,17819.7519,17997.7193,18495.2465,18660.4684,18966.6572,19357.0521,18709.1481,17359.0714,19519.2904,18713.6227,18496.7481,20206.7172,22296.8082,22056.7968,22556.6721,24601.8273,24096.3896,24502.0293,25818.0149,28631.4189
T?kiye,Agricultural Soils,Emissions (CO2eq) (AR5),kilotonnes,15002.2121,13433.8698,13430.9453,14275.8925,14754.0002,15010.495,15492.8869,14886.2039,13560.9199,14649.5228,15122.6687,15491.4009,17193.3334,18589.9198,18464.9086,18679.4317,20584.0239,20993.1419,20472.1923,21646.3322,24355.5998
T?kiye,LULUCF,Emissions (CH4),kilotonnes,0.1535,0.0075,0.0025,0.0598,0.0174,0.0274,0.0622,0.0423,0.127,0.0125,0.005,0.1146,0.0647,0.0548,0.0249,0.0573,0.0224,0.1892,0.0224,0.4905,0.5652
T?kiye,LULUCF,Emissions (CH4),kilotonnes,6.394,1.812,2.3404,1.83,1.3441,0.7695,2.1362,3.2113,8.2089,1.2924,0.9265,1.0106,2.903,3.1206,0.8386,0.8461,2.4071,2.3056,0.6798,1.9268,
T?kiye,LULUCF,Emissions (N2O),kilotonnes,0.0085,0.0007,0.0002,0.0055,0.0016,0.0025,0.0057,0.0039,0.0116,0.0011,0.0005,0.0105,0.0059,0.005,0.0023,0.0052,0.002,0.0173,0.002,0.0448,0.0516
T?kiye,LULUCF,Emissions (N2O),kilotonnes,0.3895,0.1334,0.1639,0.1442,0.1208,0.091,0.1728,0.2479,0.5266,0.1587,0.1418,0.1581,0.2586,0.2821,0.1525,0.1656,0.2509,0.2477,0.393,0.481,
T?kiye,LULUCF,Emissions (CO2),kilotonnes,-16943.4396,-42962.7922,-42962.7922,-42962.7922,-42962.7922,-42962.7922,-42962.7922,-42962.7922,-42962.7922,-42962.7922,-42962.7922,-59671.7962,-59671.7962,-59671.7962,-59671.7962,-59671.7962,-28650.1245,-28650.1245,-28650.1245,-28650.1245,-28650.1245
T?kiye,LULUCF,Emissions (CO2),kilotonnes,-61828.5877,-64790.1196,-72565.8014,-74624.087,-73715.2158,-74704.2342,-74765.5867,-74509.1379,-69517.6593,-72851.4175,-73484.9008,-77152.7105,-74621.3301,-76653.5725,-77574.9825,-97335.974,-96073.5725,-100013.7906,-94708.9968,-84186.3785,
T?kiye,LULUCF,Emissions (CO2eq) from CH4 (AR5),kilotonnes,4.2972,0.2093,0.0697,1.6741,0.4882,0.7668,1.7427,1.1853,3.5553,0.3488,0.1395,3.2087,1.8127,1.5344,0.6976,1.6037,0.6275,5.2984,0.6276,13.7344,15.8256
T?kiye,LULUCF,Emissions (CO2eq) from N2O (AR5),kilotonnes,2.2498,0.1808,0.0603,1.4466,0.4219,0.6626,1.5059,1.0242,3.0722,0.3014,0.1206,2.7727,1.5664,1.3259,0.6028,1.3858,0.5422,4.5785,0.5423,11.8683,13.6754
T?kiye,LULUCF,Emissions (CO2eq) (AR5),kilotonnes,-16936.8926,-42962.4021,-42962.6622,-42959.6715,-42961.8821,-42961.3628,-42959.5436,-42960.5827,-42956.1647,-42962.1419,-42962.5321,-59665.8148,-59668.417,-59668.9359,-59670.4958,-59668.8067,-28648.9548,-28640.2476,-28648.9546,-28624.5218,-28620.6235
T?kiye,LULUCF,Emissions (CO2eq) (AR5),kilotonnes,-61828.5877,-64790.1196,-72565.8014,-74624.087,-73715.2158,-74704.2342,-74765.5867,-74509.1379,-69517.6593,-72851.4175,-73484.9008,-77152.7105,-74621.3301,-76653.5725,-77574.9825,-97335.974,-96073.5725,-100013.7906,-94708.9968,-84186.3785,
T?kiye,AFOLU,Emissions (CH4),kilotonnes,686.6699,659.0125,631.5553,607.4305,590.1949,602.3887,623.4234,633.8068,633.8537,616.8804,602.9879,642.1517,705.8454,773.5728,804.0947,814.2944,807.9034,814.5463,944.3275,982.3522,1015.9565
T?kiye,AFOLU,Emissions (N2O),kilotonnes,75.9083,68.1479,68.7783,70.662,71.3047,72.4764,73.9923,71.4596,66.3667,74.5027,71.4871,70.6965,77.1418,85.0994,84.2093,86.1689,93.895,91.9846,93.5738,98.5966,109.2618
T?kiye,AFOLU,Emissions (CO2),kilotonnes,-16943.4396,-42962.7922,-42962.7922,-42962.7922,-42962.7922,-42962.7922,-42962.7922,-42962.7922,-42962.7922,-42962.7922,-42962.7922,-59671.7962,-59671.7962,-59671.7962,-59671.7962,-59671.7962,-28650.1245,-28650.1245,-28650.1245,-28650.1245,-28650.1245
T?kiye,AFOLU,Emissions (CO2eq) from CH4 (AR5),kilotonnes,19226.7574,18452.3488,17683.5493,17008.0544,16525.4577,16866.8836,17455.8556,17746.5911,17747.9039,17272.6499,16883.6618,17980.2472,19763.6703,21660.0379,22514.6525,22800.2438,22621.2943,22807.2968,26441.1694,27505.8612,28446.7811
T?kiye,AFOLU,Emissions (CO2eq) from N2O (AR5),kilotonnes,20115.7056,18059.195,18226.2516,18725.4206,18895.7421,19206.2421,19607.953,18936.8035,17587.1628,19743.2169,18944.0697,18734.569,20442.5868,22551.3332,22315.4678,22834.7573,24882.1691,24375.9144,24797.0552,26128.0873,28954.3887
T?kiye,AFOLU,Emissions (CO2eq) (AR5),kilotonnes,22399.0233,-6451.2484,-7052.9914,-7229.3172,-7541.5924,-6889.6665,-5898.9836,-6279.3976,-7627.7255,-5946.9254,-7135.0607,-22956.98,-19465.5392,-15460.4251,-14841.6759,-14036.7951,18853.3389,18533.0867,22588.1,24983.8241,28751.0454
T?kiye,All sectors with LULUCF,Emissions (CH4),kilotonnes,2113.5649,2139.8255,1956.3163,1979.2455,1858.0269,1923.2027,2121.3364,2242.7228,2248.8327,2371.8274,2556.1079,2657.3817,2849.1154,2991.8828,3128.3747,3198.6144,3234.4034,3273.1663,3474.9975,3515.9422,3572.5265
T?kiye,All sectors with LULUCF,Emissions (N2O),kilotonnes,108.6983,98.8479,101.1283,103.392,104.9447,102.3464,107.8623,105.6596,101.6867,109.3927,106.8371,107.0365,158.2818,166.2794,167.4993,168.8489,177.175,176.3846,177.9938,188.1266,199.1618
T?kiye,All sectors with LULUCF,Emissions (CO2),kilotonnes,201389.3604,156071.1078,166659.8078,179264.7078,185548.7078,197258.3078,222666.7078,244666.2078,246664.1078,244758.7078,259551.7078,268739.9038,274637.3738,271233.0438,291528.6178,296928.7778,351850.6135,392950.5365,388850.3565,376150.7985,372551.2855
T?kiye,All sectors with LULUCF,Emissions (CO2eq) from F-gases (AR5),kilotonnes,4266.0026,4314.5903,4713.0097,5072.5589,5645.8941,6267.8171,6695.3891,7327.0296,7900.3648,9562.0651,11758.2305,12632.8096,13215.8623,12924.336,13896.0905,13215.8623,13798.9151,15548.0733,15742.4242,16228.3015,15742.4242
T?kiye,All sectors with LULUCF,Emissions (CO2eq) from CH4 (AR5),kilotonnes,59179.8174,59915.1128,54776.8573,55418.8744,52024.7537,53849.6756,59397.4196,62796.2391,62967.3159,66411.1659,71571.0218,74406.6872,79775.2303,83772.7179,87594.4925,89561.2038,90563.2943,91648.6568,97299.9294,98446.3812,100030.7411
T?kiye,All sectors with LULUCF,Emissions (CO2eq) from N2O (AR5),kilotonnes,28805.0556,26194.695,26799.0016,27398.8706,27810.3421,27121.7921,28583.503,27999.8035,26946.9628,28989.0669,28311.8197,28364.669,41944.6868,44064.0332,44387.3178,44744.9573,46951.3691,46741.9144,47168.3552,49853.5373,52777.8887
T?kiye,All sectors with LULUCF,Emissions (CO2eq) (AR5),kilotonnes,293640.236,246495.506,252948.6764,267155.0117,271029.6978,284497.5926,317343.0195,342789.2799,344478.7512,349721.0056,371192.7797,384144.0696,409573.1532,411994.1308,437406.5186,444450.8012,503164.192,546889.1811,549061.0653,540679.0186,541102.3396
T?kiye,All sectors without LULUCF,Emissions (CH4),kilotonnes,2113.4114,2139.818,1956.3138,1979.1857,1858.0095,1923.1753,2121.2742,2242.6805,2248.7057,2371.8149,2556.1029,2657.2671,2849.0506,2991.828,3128.3498,3198.5571,3234.381,3272.9771,3474.9751,3515.4517,3571.9613
T?kiye,All sectors without LULUCF,Emissions (N2O),kilotonnes,108.6898,98.8472,101.1281,103.3865,104.9431,102.3439,107.8566,105.6558,101.6751,109.3916,106.8366,107.026,158.2759,166.2744,167.497,168.8437,177.1729,176.3673,177.9917,188.0818,199.1102
T?kiye,All sectors without LULUCF,Emissions (CO2),kilotonnes,218332.8,199033.9,209622.6,222227.5,228511.5,240221.1,265629.5,287629,289626.9,287721.5,302514.5,328411.7,334309.17,330904.84,351200.414,356600.574,380500.738,421600.661,417500.481,404800.923,401201.41
T?kiye,All sectors without LULUCF,Emissions (CO2eq) from F-gases (AR5),kilotonnes,4266.0026,4314.5903,4713.0097,5072.5589,5645.8941,6267.8171,6695.3891,7327.0296,7900.3648,9562.0651,11758.2305,12632.8096,13215.8623,12924.336,13896.0905,13215.8623,13798.9151,15548.0733,15742.4242,16228.3015,15742.4242
T?kiye,All sectors without LULUCF,Emissions (CO2eq) from CH4 (AR5),kilotonnes,59175.5202,59914.9035,54776.7875,55417.2004,52024.2655,53848.9088,59395.6769,62795.0538,62963.7606,66410.817,71570.8823,74403.4785,79773.4175,83771.1835,87593.7949,89559.6001,90562.6668,91643.3584,97299.3018,98432.6468,100014.9155
T?kiye,All sectors without LULUCF,Emissions (CO2eq) from N2O (AR5),kilotonnes,28802.8057,26194.5142,26798.9413,27397.424,27809.9202,27121.1295,28581.9971,27998.7792,26943.8906,28988.7655,28311.6991,28361.8963,41943.1203,44062.7073,44386.715,44743.5715,46950.8269,46737.3359,47167.8128,49841.669,52764.2133
T?kiye,All sectors without LULUCF,Emissions (CO2eq) (AR5),kilotonnes,310577.1286,289457.9081,295911.3386,310114.6833,313991.5798,327458.9554,360302.5631,385749.8626,387434.9159,392683.1476,414155.3118,443809.8844,469241.5702,471663.0667,497077.0144,504119.6079,531813.1468,575529.4286,577710.0198,569303.5404,569722.9631
Turkmenistan,Crop Residues,Direct emissions (N2O),kilotonnes,0.3911,0.3962,0.5146,0.558,0.5818,0.6344,0.719,0.2701,0.2598,0.3324,0.3485,0.2861,0.3446,0.3971,0.3562,0.4074,0.438,0.321,0.317,0.4046,0.3743
Turkmenistan,Crop Residues,Indirect emissions (N2O),kilotonnes,0.088,0.0892,0.1158,0.1256,0.1309,0.1427,0.1618,0.0608,0.0585,0.0748,0.0784,0.0644,0.0775,0.0894,0.0802,0.0917,0.0985,0.0722,0.0713,0.091,0.0842
Turkmenistan,Crop Residues,Emissions (N2O),kilotonnes,0.479,0.4854,0.6304,0.6836,0.7128,0.7771,0.8807,0.3308,0.3183,0.4072,0.4269,0.3504,0.4222,0.4865,0.4364,0.4991,0.5365,0.3933,0.3883,0.4956,0.4585
Turkmenistan,Crop Residues,Emissions (CO2eq) from N2O (AR5),kilotonnes,126.9466,128.6255,167.0681,181.1495,188.8789,205.9335,233.3967,87.6731,84.3442,107.916,113.1405,92.8626,111.8724,128.9134,115.642,132.2542,142.1721,104.2149,102.8917,131.3315,121.4984
Turkmenistan,Crop Residues,Emissions (CO2eq) (AR5),kilotonnes,126.9466,128.6255,167.0681,181.1495,188.8789,205.9335,233.3967,87.6731,84.3442,107.916,113.1405,92.8626,111.8724,128.9134,115.642,132.2542,142.1721,104.2149,102.8917,131.3315,121.4984
Turkmenistan,Rice Cultivation,Emissions (CH4),kilotonnes,15.386,7.693,9.2316,9.2316,10.99,12.089,12.3088,4.8576,6.1324,4.0883,3.9564,3.319,21.3391,24.9948,26.7774,27.1339,28.3938,32.7491,37.9962,26.1272,30.1467
Turkmenistan,Rice Cultivation,Emissions (CO2eq) from CH4 (AR5),kilotonnes,430.808,215.404,258.4848,258.4848,307.72,338.492,344.6464,136.0122,171.7078,114.4718,110.7792,92.9314,597.4938,699.8538,749.7659,759.7484,795.0254,916.9748,1063.8927,731.5612,844.1067
Turkmenistan,Rice Cultivation,Emissions (CO2eq) (AR5),kilotonnes,430.808,215.404,258.4848,258.4848,307.72,338.492,344.6464,136.0122,171.7078,114.4718,110.7792,92.9314,597.4938,699.8538,749.7659,759.7484,795.0254,916.9748,1063.8927,731.5612,844.1067
Turkmenistan,Burning - Crop residues,Emissions (CH4),kilotonnes,0.887,0.835,0.8926,1.0236,1.0004,1.0996,1.1227,0.9378,1.0262,0.9856,0.9737,0.958,1.2609,1.5125,1.3152,1.5341,1.4681,1.2995,1.1194,1.2554,1.1963
Turkmenistan,Burning - Crop residues,Emissions (N2O),kilotonnes,0.023,0.0216,0.0231,0.0265,0.0259,0.0285,0.0291,0.0243,0.0266,0.0256,0.0252,0.0248,0.0327,0.0392,0.0341,0.0398,0.0381,0.0337,0.029,0.0325,0.031
Turkmenistan,Burning - Crop residues,Emissions (CO2eq) from CH4 (AR5),kilotonnes,24.8346,23.3793,24.9934,28.66,28.0098,30.7881,31.4345,26.257,28.7344,27.5963,27.2644,26.8248,35.3058,42.3499,36.8255,42.9537,41.107,36.3868,31.3437,35.1521,33.4963
Turkmenistan,Burning - Crop residues,Emissions (CO2eq) from N2O (AR5),kilotonnes,6.0937,5.7366,6.1326,7.0323,6.8728,7.5545,7.7131,6.4427,7.0506,6.7713,6.6899,6.582,8.663,10.3914,9.0359,10.5396,10.0864,8.9282,7.6908,8.6253,8.219
Turkmenistan,Burning - Crop residues,Emissions (CO2eq) (AR5),kilotonnes,30.9283,29.1159,31.126,35.6923,34.8826,38.3426,39.1476,32.6997,35.785,34.3676,33.9543,33.4068,43.9688,52.7414,45.8614,53.4933,51.1934,45.3151,39.0346,43.7773,41.7153
Turkmenistan,Enteric Fermentation,Emissions (CH4),kilotonnes,124.145,139.23,158.75,180.03,189.83,197.1365,207.046,199.3398,221.2214,210.7886,211.7953,210.8613,213.6288,212.3494,212.7915,213.2454,213.3274,213.0527,213.4711,214.9498,216.0111
Turkmenistan,Enteric Fermentation,Emissions (CH4),kilotonnes,106.99,,,,260.68,,,,,,329.86,,,,,,,,,,
Turkmenistan,Enteric Fermentation,Emissions (CO2eq) from CH4 (AR5),kilotonnes,3476.06,3898.44,4445,5040.84,5315.24,5519.822,5797.288,5581.5144,6194.1992,5902.0808,5930.2684,5904.1177,5981.6074,5945.7846,5958.162,5970.8714,5973.1661,5965.4743,5977.1905,6018.5938,6048.3111
Turkmenistan,Enteric Fermentation,Emissions (CO2eq) from CH4 (AR5),kilotonnes,2995.72,,,,7299.04,,,,,,9236.08,,,,,,,,,,
Turkmenistan,Enteric Fermentation,Emissions (CO2eq) (AR5),kilotonnes,3476.06,3898.44,4445,5040.84,5315.24,5519.822,5797.288,5581.5144,6194.1992,5902.0808,5930.2684,5904.1177,5981.6074,5945.7846,5958.162,5970.8714,5973.1661,5965.4743,5977.1905,6018.5938,6048.3111
Turkmenistan,Enteric Fermentation,Emissions (CO2eq) (AR5),kilotonnes,2995.72,,,,7299.04,,,,,,9236.08,,,,,,,,,,
Turkmenistan,Manure Management,Emissions (CH4),kilotonnes,9.3386,10.496,11.6444,13.4653,14.7433,15.023,15.4831,14.7287,15.9346,15.4579,15.394,15.5085,15.5895,15.4869,15.5281,15.5381,15.53,15.5394,15.5101,14.7986,15.3637
Turkmenistan,Manure Management,Emissions (N2O),kilotonnes,0.8735,0.993,1.1058,1.2003,1.2407,1.2711,1.3114,1.2528,1.4023,1.375,1.3932,1.4017,1.4207,1.4075,1.4112,1.4128,1.4106,1.4122,1.4203,1.4832,1.4685
Turkmenistan,Manure Management,Emissions (CO2eq) from CH4 (AR5),kilotonnes,261.4805,293.889,326.0425,377.0291,412.813,420.6444,433.5263,412.4027,446.1678,432.821,431.0315,434.2374,436.5072,433.6321,434.7872,435.0654,434.8387,435.1026,434.2833,414.3596,430.1825
Turkmenistan,Manure Management,Emissions (CO2eq) from N2O (AR5),kilotonnes,231.4707,263.1463,293.0302,318.0839,328.7935,336.8525,347.534,332.0027,371.6137,364.3871,369.1979,371.4447,376.4788,372.9784,373.9752,374.3998,373.8119,374.2451,376.3925,393.0402,389.1652
Turkmenistan,Manure Management,Emissions (CO2eq) (AR5),kilotonnes,492.9512,557.0353,619.0727,695.1131,741.6065,757.4969,781.0603,744.4055,817.7815,797.2081,800.2294,805.6821,812.986,806.6105,808.7624,809.4652,808.6505,809.3477,810.6759,807.3998,819.3478
Turkmenistan,Manure left on Pasture,Direct emissions (N2O),kilotonnes,2.1674,2.4106,2.8439,3.2933,3.4764,3.7204,4.0356,3.9486,4.4143,4.1037,4.1257,4.0342,4.1042,4.0854,4.0915,4.1038,4.1102,4.0994,4.1083,4.1618,4.1501
Turkmenistan,Manure left on Pasture,Indirect emissions (N2O),kilotonnes,0.7493,0.8286,0.9947,1.1701,1.2375,1.336,1.4631,1.4372,1.6058,1.4744,1.4797,1.438,1.4645,1.46,1.4618,1.4669,1.4702,1.4648,1.4668,1.4781,1.4749
Turkmenistan,Manure left on Pasture,Emissions (N2O),kilotonnes,2.9167,3.2392,3.8387,4.4633,4.714,5.0564,5.4987,5.3858,6.0202,5.578,5.6054,5.4722,5.5687,5.5454,5.5533,5.5707,5.5804,5.5642,5.5751,5.6399,5.625
Turkmenistan,Manure left on Pasture,Emissions (CO2eq) from N2O (AR5),kilotonnes,772.9155,858.3749,1017.2518,1182.7788,1249.2019,1339.9588,1457.1518,1427.2447,1595.3471,1478.182,1485.4294,1450.1225,1475.7164,1469.543,1471.6317,1476.2284,1478.8068,1474.5249,1477.3884,1494.5865,1490.6282
Turkmenistan,Manure left on Pasture,Emissions (CO2eq) (AR5),kilotonnes,772.9155,858.3749,1017.2518,1182.7788,1249.2019,1339.9588,1457.1518,1427.2447,1595.3471,1478.182,1485.4294,1450.1225,1475.7164,1469.543,1471.6317,1476.2284,1478.8068,1474.5249,1477.3884,1494.5865,1490.6282
Turkmenistan,Manure applied to Soils,Direct emissions (N2O),kilotonnes,0.7013,0.7849,0.902,1.0354,1.0908,1.1326,1.1868,1.1509,1.2736,1.2041,1.2105,1.2147,1.2317,1.2234,1.2257,1.2266,1.2257,1.2276,1.2279,1.2205,1.2347
Turkmenistan,Manure applied to Soils,Indirect emissions (N2O),kilotonnes,0.2981,0.3336,0.3834,0.4401,0.4636,0.4814,0.5044,0.4891,0.5413,0.5117,0.5145,0.5163,0.5235,0.52,0.5209,0.5213,0.5209,0.5217,0.5219,0.5187,0.5248
Turkmenistan,Manure applied to Soils,Emissions (N2O),kilotonnes,0.9994,1.1185,1.2854,1.4755,1.5545,1.614,1.6912,1.6401,1.8149,1.7159,1.725,1.731,1.7552,1.7434,1.7466,1.7478,1.7467,1.7493,1.7497,1.7392,1.7595
Turkmenistan,Manure applied to Soils,Emissions (CO2eq) from N2O (AR5),kilotonnes,264.8434,296.3916,340.6353,391.0103,411.9303,427.7133,448.1609,434.6181,480.9575,454.7037,457.1159,458.707,465.1361,462.0047,462.845,463.1762,462.8697,463.5592,463.6799,460.8846,466.2716
Turkmenistan,Manure applied to Soils,Emissions (CO2eq) (AR5),kilotonnes,264.8434,296.3916,340.6353,391.0103,411.9303,427.7133,448.1609,434.6181,480.9575,454.7037,457.1159,458.707,465.1361,462.0047,462.845,463.1762,462.8697,463.5592,463.6799,460.8846,466.2716
Turkmenistan,Synthetic Fertilizers,Direct emissions (N2O),kilotonnes,1.6531,0.9429,1.7795,2.1392,1.9838,2.6084,3.6584,3.8329,4.6155,5.2049,5.2636,5.3419,5.3428,5.5687,6.0997,7.6194,6.3279,6.4362,5.9941,6.586,4.5248
Turkmenistan,Synthetic Fertilizers,Indirect emissions (N2O),kilotonnes,0.5373,0.3064,0.5783,0.6952,0.6447,0.8477,1.189,1.2457,1.5,1.6916,1.7107,1.7361,1.7364,1.8098,1.9824,2.4763,2.0566,2.0918,1.9481,2.1404,1.4705
Turkmenistan,Synthetic Fertilizers,Emissions (N2O),kilotonnes,2.1903,1.2493,2.3578,2.8344,2.6286,3.4561,4.8473,5.0786,6.1155,6.8965,6.9743,7.078,7.0793,7.3785,8.0821,10.0957,8.3845,8.528,7.9421,8.7264,5.9953
Turkmenistan,Synthetic Fertilizers,Emissions (CO2eq) from N2O (AR5),kilotonnes,580.4403,331.0607,624.8256,751.1123,696.5729,915.8791,1284.5467,1345.8259,1620.6069,1827.5823,1848.1852,1875.6832,1876.0035,1955.315,2141.7627,2675.3483,2221.8823,2259.9184,2104.6688,2312.4918,1588.7557
Turkmenistan,Synthetic Fertilizers,Emissions (CO2eq) (AR5),kilotonnes,580.4403,331.0607,624.8256,751.1123,696.5729,915.8791,1284.5467,1345.8259,1620.6069,1827.5823,1848.1852,1875.6832,1876.0035,1955.315,2141.7627,2675.3483,2221.8823,2259.9184,2104.6688,2312.4918,1588.7557
Turkmenistan,Drained organic soils,Emissions (CO2eq) (AR5),kilotonnes,0,0,0,0,0,0,0,0,0,0,0,0,0,0,0,0,0,0,0,0,0
Turkmenistan,Drained organic soils (CO2),Emissions (CO2),kilotonnes,0,0,0,0,0,0,0,0,0,0,0,0,0,0,0,0,0,0,0,0,0
Turkmenistan,Drained organic soils (CO2),Emissions (CO2eq) (AR5),kilotonnes,0,0,0,0,0,0,0,0,0,0,0,0,0,0,0,0,0,0,0,0,0
Turkmenistan,Drained organic soils (N2O),Emissions (N2O),kilotonnes,0,0,0,0,0,0,0,0,0,0,0,0,0,0,0,0,0,0,0,0,0
Turkmenistan,Drained organic soils (N2O),Emissions (CO2eq) from N2O (AR5),kilotonnes,0,0,0,0,0,0,0,0,0,0,0,0,0,0,0,0,0,0,0,0,0
Turkmenistan,Drained organic soils (N2O),Emissions (CO2eq) (AR5),kilotonnes,0,0,0,0,0,0,0,0,0,0,0,0,0,0,0,0,0,0,0,0,0
Turkmenistan,On-farm energy use,Emissions (CH4),kilotonnes,0.1287,0.1175,0.1298,0.1441,0.1486,0.1534,0.1578,0.1692,0.173,0.1739,0.1839,0.1818,0.1936,0.1785,0.1861,0.1747,0.1597,0.1404,0.1267,0.1148,0.1148
Turkmenistan,On-farm energy use,Emissions (N2O),kilotonnes,0.4632,0.3655,0.4156,0.4716,0.5245,0.5546,0.5923,0.6304,0.6496,0.6714,0.6795,0.6447,0.753,0.6363,0.6459,0.5865,0.5231,0.4229,0.3464,0.2865,0.2865
Turkmenistan,On-farm energy use,Emissions (CO2),kilotonnes,1507.9809,1260.251,1395.6698,1560.0397,1672.3534,1751.0495,1849.4698,1983.4193,2028.5428,2055.2137,2111.0049,2050.8692,2330.4329,2031.341,2061.1887,1903.9523,1699.6207,1402.2731,1176.7377,999.8475,999.8475
Turkmenistan,On-farm energy use,Emissions (CO2eq) from CH4 (AR5),kilotonnes,3.6027,3.2907,3.6336,4.0338,4.1598,4.2962,4.4188,4.7389,4.8448,4.8697,5.1499,5.0903,5.4203,4.9984,5.2116,4.8926,4.4723,3.9308,3.5466,3.2136,3.2136
Turkmenistan,On-farm energy use,Emissions (CO2eq) from N2O (AR5),kilotonnes,122.7415,96.8622,110.1414,124.9671,138.9837,146.973,156.9465,167.062,172.1413,177.9276,180.0575,170.8573,199.5418,168.6264,171.1723,155.4341,138.6108,112.0703,91.7925,75.9165,75.9165
Turkmenistan,On-farm energy use,Emissions (CO2eq) (AR5),kilotonnes,1634.3251,1360.4039,1509.4448,1689.0407,1815.497,1902.3187,2010.835,2155.2202,2205.5289,2238.011,2296.2123,2226.8167,2535.395,2204.9658,2237.5727,2064.279,1842.7039,1518.2742,1272.0769,1078.9777,1078.9777
Turkmenistan,Forestland,Emissions (CO2),kilotonnes,0,-166.4557,-166.4557,-166.4557,-166.4557,-166.4557,-166.4557,-166.4557,-166.4557,-166.4557,-166.4557,0,0,0,0,0,0,0,0,0,0
Turkmenistan,Forestland,Emissions (CO2eq) (AR5),kilotonnes,0,-166.4557,-166.4557,-166.4557,-166.4557,-166.4557,-166.4557,-166.4557,-166.4557,-166.4557,-166.4557,0,0,0,0,0,0,0,0,0,0
Turkmenistan,Net Forest conversion,Emissions (CO2),kilotonnes,0,0,0,0,0,0,0,0,0,0,0,0,0,0,0,0,0,0,0,0,0
Turkmenistan,Net Forest conversion,Emissions (CO2eq) (AR5),kilotonnes,0,0,0,0,0,0,0,0,0,0,0,0,0,0,0,0,0,0,0,0,0
Turkmenistan,Savanna fires,Emissions (CH4),kilotonnes,1.4587,0.1699,0.7495,3.3002,2.7699,1.8939,0.5901,1.4796,0.2387,0.5866,2.6652,0.317,0.8288,0.8814,1.6274,1.0599,1.1973,0.6145,0.2181,3.6622,1.6479
Turkmenistan,Savanna fires,Emissions (N2O),kilotonnes,0.1332,0.0155,0.0684,0.3013,0.2529,0.1729,0.0539,0.1351,0.0218,0.0536,0.2433,0.0289,0.0757,0.0805,0.1486,0.0968,0.1093,0.0561,0.0199,0.3344,0.1505
Turkmenistan,Savanna fires,Emissions (CO2eq) from CH4 (AR5),kilotonnes,40.8442,4.7561,20.9864,92.406,77.556,53.0287,16.5225,41.4296,6.6844,16.4248,74.6264,8.8746,23.2058,24.6787,45.5668,29.6766,33.5232,17.2055,6.1057,102.5425,46.1419
Turkmenistan,Savanna fires,Emissions (CO2eq) from N2O (AR5),kilotonnes,35.2946,4.1099,18.135,79.8509,67.0185,45.8237,14.2776,35.8006,5.7762,14.1932,64.487,7.6688,20.0529,21.3256,39.3757,25.6445,28.9684,14.8678,5.2761,88.6101,39.8726
Turkmenistan,Savanna fires,Emissions (CO2eq) (AR5),kilotonnes,76.1387,8.866,39.1215,172.2569,144.5746,98.8525,30.8001,77.2302,12.4607,30.618,139.1134,16.5434,43.2587,46.0044,84.9425,55.3211,62.4917,32.0732,11.3818,191.1526,86.0145
Turkmenistan,Fires in organic soils,Emissions (CH4),kilotonnes,0,0,0,0,0,0,0,0,0,0,0,0,0,0,0,0,0,0,0,0,0
Turkmenistan,Fires in organic soils,Emissions (CO2),kilotonnes,0,0,0,0,0,0,0,0,0,0,0,0,0,0,0,0,0,0,0,0,0
Turkmenistan,Fires in organic soils,Emissions (CO2eq) from CH4 (AR5),kilotonnes,0,0,0,0,0,0,0,0,0,0,0,0,0,0,0,0,0,0,0,0,0
Turkmenistan,Fires in organic soils,Emissions (CO2eq) (AR5),kilotonnes,0,0,0,0,0,0,0,0,0,0,0,0,0,0,0,0,0,0,0,0,0
Turkmenistan,Forest fires,Emissions (CH4),kilotonnes,0.0178,0,0,0,0,0,0,0,0,0,0,0,0,0,0,0,0,0,0,0,0
Turkmenistan,Forest fires,Emissions (N2O),kilotonnes,0.001,0,0,0,0,0,0,0,0,0,0,0,0,0,0,0,0,0,0,0,0
Turkmenistan,Forest fires,Emissions (CO2eq) from CH4 (AR5),kilotonnes,0.4986,0,0,0,0,0,0,0,0,0,0,0,0,0,0,0,0,0,0,0,0
Turkmenistan,Forest fires,Emissions (CO2eq) from N2O (AR5),kilotonnes,0.261,0,0,0,0,0,0,0,0,0,0,0,0,0,0,0,0,0,0,0,0
Turkmenistan,Forest fires,Emissions (CO2eq) (AR5),kilotonnes,0.7596,0,0,0,0,0,0,0,0,0,0,0,0,0,0,0,0,0,0,0,0
Turkmenistan,Fires in humid tropical forests,Emissions (CH4),kilotonnes,0,0,0,0,0,0,0,0,0,0,0,0,0,0,0,0,0,0,0,0,0
Turkmenistan,Fires in humid tropical forests,Emissions (N2O),kilotonnes,0,0,0,0,0,0,0,0,0,0,0,0,0,0,0,0,0,0,0,0,0
Turkmenistan,Fires in humid tropical forests,Emissions (CO2eq) from CH4 (AR5),kilotonnes,0,0,0,0,0,0,0,0,0,0,0,0,0,0,0,0,0,0,0,0,0
Turkmenistan,Fires in humid tropical forests,Emissions (CO2eq) from N2O (AR5),kilotonnes,0,0,0,0,0,0,0,0,0,0,0,0,0,0,0,0,0,0,0,0,0
Turkmenistan,Fires in humid tropical forests,Emissions (CO2eq) (AR5),kilotonnes,0,0,0,0,0,0,0,0,0,0,0,0,0,0,0,0,0,0,0,0,0
Turkmenistan,Waste - agri-food systems,Emissions (CH4),kilotonnes,11.5425,11.8883,12.129,12.291,12.5438,12.7613,12.9951,13.4296,13.6409,13.8969,14.1003,14.3489,14.6803,14.9418,14.6986,14.958,15.2274,15.4826,15.7375,15.9149,13.4134
Turkmenistan,Waste - agri-food systems,Emissions (N2O),kilotonnes,0.1464,0.1522,0.1569,0.1606,0.1638,0.1663,0.1665,0.1774,0.1768,0.1785,0.1782,0.1803,0.1816,0.1834,0.1865,0.1901,0.1924,0.1928,0.195,0.1966,0.1861
Turkmenistan,Waste - agri-food systems,Emissions (CO2),kilotonnes,0,0,0,0,0,0,0,0,0,0,0,0,0,0,0,0,0,0,0,0,0
Turkmenistan,Waste - agri-food systems,Emissions (CO2eq) from CH4 (AR5),kilotonnes,323.191,332.8723,339.6122,344.1488,351.2254,357.3175,363.8626,376.0277,381.9463,389.1134,394.8096,401.7681,411.0498,418.3717,411.5614,418.8244,426.3675,433.5122,440.6491,445.6181,375.5764
Turkmenistan,Waste - agri-food systems,Emissions (CO2eq) from N2O (AR5),kilotonnes,38.7847,40.3219,41.585,42.546,43.4174,44.0658,44.1277,47.0106,46.8421,47.2916,47.2118,47.788,48.123,48.5919,49.4142,50.3664,50.9936,51.1049,51.6867,52.0943,49.3244
Turkmenistan,Waste - agri-food systems,Emissions (CO2eq) (AR5),kilotonnes,361.9757,373.1942,381.1972,386.6947,394.6428,401.3833,407.9904,423.0383,428.7884,436.405,442.0214,449.5561,459.1728,466.9637,460.9756,469.1907,477.3611,484.6171,492.3358,497.7124,424.9009
Turkmenistan,On-farm electricity use,Emissions (CH4),kilotonnes,2.2259,2.3699,2.3843,2.3627,2.6159,2.8379,2.9531,3.1823,3.3251,3.4162,3.5074,3.6106,3.6994,3.943,4.231,4.759,4.759,4.759,4.759,4.8646,4.8646
Turkmenistan,On-farm electricity use,Emissions (N2O),kilotonnes,0.0119,0.0127,0.0127,0.0126,0.014,0.0152,0.0158,0.017,0.0178,0.0182,0.0187,0.0193,0.0198,0.0211,0.0226,0.0255,0.0254,0.0254,0.0254,0.026,0.026
Turkmenistan,On-farm electricity use,Emissions (CO2),kilotonnes,1616.7659,1721.3606,1731.8197,1716.1347,1900.0328,2061.2789,2144.9416,2311.4047,2569.6716,2463.779,2787.2375,2959.1637,3042.1339,2981.8305,3199.6148,3598.8861,3598.8861,3598.886,3598.8861,3678.7403,3678.7403
Turkmenistan,On-farm electricity use,Emissions (CO2eq) from CH4 (AR5),kilotonnes,62.3252,66.3572,66.7604,66.1556,73.2452,79.4612,82.6868,89.1044,93.1028,95.6536,98.2072,101.0968,103.5832,110.404,118.468,133.252,133.252,133.252,133.252,136.2088,136.2088
Turkmenistan,On-farm electricity use,Emissions (CO2eq) from N2O (AR5),kilotonnes,3.1535,3.3655,3.3655,3.339,3.71,4.028,4.187,4.505,4.717,4.823,4.9555,5.1145,5.247,5.5915,5.989,6.7575,6.731,6.731,6.731,6.89,6.89
Turkmenistan,On-farm electricity use,Emissions (CO2eq) (AR5),kilotonnes,1682.2446,1791.0833,1801.9456,1785.6293,1976.988,2144.7681,2231.8154,2405.0141,2667.4914,2564.2556,2890.4002,3065.375,3150.9641,3097.826,3324.0718,3738.8956,3738.8691,3738.869,3738.8691,3821.8391,3821.8391
Turkmenistan,Food Processing,Emissions (CH4),kilotonnes,0.0044,0.0047,0.005,0.0051,0.0046,0.0044,0.0041,0.0041,10.7285,6.3654,7.895,7.4041,4.195,12.3109,12.7562,12.991,26.2996,11.4892,8.6095,8.4386,8.5575
Turkmenistan,Food Processing,Emissions (N2O),kilotonnes,0.0001,0.0001,0.0001,0.0001,0.0001,0.0001,0.0001,0.0001,0.0067,0.0061,0.0075,0.005,0.0033,0.0036,0.0032,0.0029,0.0171,0.0071,0.0052,0.005,0.0051
Turkmenistan,Food Processing,Emissions (CO2),kilotonnes,29.708,27.5748,28.5719,30.1952,26.131,26.613,24.8336,24.4033,717.3026,438.1492,445.0866,136.1831,203.6593,366.5415,457.7697,485.8057,781.4981,936.1928,830.6563,1055.6358,1003.1663
Turkmenistan,Food Processing,Emissions (CO2eq) from CH4 (AR5),kilotonnes,0.1232,0.1316,0.14,0.1428,0.1288,0.1232,0.1148,0.1148,300.398,178.2312,221.06,207.3148,117.46,344.7052,357.1736,363.748,736.3888,321.6976,241.066,236.2808,239.6087
Turkmenistan,Food Processing,Emissions (CO2eq) from N2O (AR5),kilotonnes,0.0265,0.0265,0.0265,0.0265,0.0265,0.0265,0.0265,0.0265,1.7755,1.6165,1.9875,1.325,0.8745,0.954,0.848,0.7685,4.5315,1.8815,1.378,1.325,1.3533
Turkmenistan,Food Processing,Emissions (CO2eq) (AR5),kilotonnes,29.8577,27.7329,28.7384,30.3645,26.2863,26.7627,24.9749,24.5446,1019.4761,617.9969,668.1341,344.8229,321.9938,712.2007,815.7913,850.3222,1522.4184,1259.7719,1073.1003,1293.2416,1244.1283
Turkmenistan,Food Packaging,Emissions (CH4),kilotonnes,0.11,0.1173,0.1257,0.1399,0.1419,0.1451,0.1487,0.1557,0.1875,0.129,0.1372,0.1668,0.1786,0.1814,0.2276,0.2413,0.071,0.0812,0.0905,0.1699,0.1723
Turkmenistan,Food Packaging,Emissions (N2O),kilotonnes,0.0002,0.0002,0.0002,0.0002,0.0002,0.0002,0.0002,0.0003,0.0003,0.0003,0.0003,0.0003,0.0003,0.0003,0.0003,0.0004,0.0004,0.0004,0.0005,0.0004,0.0004
Turkmenistan,Food Packaging,Emissions (CO2),kilotonnes,24.3124,25.8566,26.0678,25.8899,28.6308,31.027,32.2984,34.8087,41.8415,37.9735,43.0942,45.5106,47.5652,44.6987,48.1317,54.0401,56.5189,74.5332,79.8858,64.327,61.1297
Turkmenistan,Food Packaging,Emissions (CO2eq) from CH4 (AR5),kilotonnes,3.08,3.2844,3.5196,3.9172,3.9732,4.0628,4.1636,4.3596,5.25,3.612,3.8416,4.6704,5.0008,5.0792,6.3728,6.7564,1.988,2.2736,2.534,4.7572,4.8242
Turkmenistan,Food Packaging,Emissions (CO2eq) from N2O (AR5),kilotonnes,0.053,0.053,0.053,0.053,0.053,0.053,0.053,0.0795,0.0795,0.0795,0.0795,0.0795,0.0795,0.0795,0.0795,0.106,0.106,0.106,0.1325,0.106,0.1083
Turkmenistan,Food Packaging,Emissions (CO2eq) (AR5),kilotonnes,27.4454,29.194,29.6404,29.8601,32.657,35.1428,36.515,39.2478,47.171,41.665,47.0153,50.2605,52.6455,49.8574,54.584,60.9025,58.6129,76.9128,82.5523,69.1902,66.0621
Turkmenistan,Food Retail,Emissions (CH4),kilotonnes,0.0182,0.0175,0.0172,0.0213,0.0228,0.0232,0.0246,0.0332,0.0309,0.0307,0.0351,0.0374,0.0387,0.0392,0.04,0.04,0.04,0.04,0.04,0.0418,0.0424
Turkmenistan,Food Retail,Emissions (N2O),kilotonnes,0.0018,0.0017,0.0017,0.0021,0.0023,0.0023,0.0025,0.0033,0.0031,0.0031,0.0035,0.0037,0.0039,0.0039,0.004,0.004,0.004,0.004,0.004,0.0042,0.0043
Turkmenistan,Food Retail,Emissions (CO2),kilotonnes,1019.319,979.405,966.3449,1197.2525,1279.7734,1299.4443,1380.5043,1861.5326,1731.9147,1721.0762,1970.995,2099.1924,2170.8276,2201.4919,2246.5626,2246.5626,2246.5626,2246.5626,2246.529,2346.4767,2229.8471
Turkmenistan,Food Retail,Emissions (CO2eq) from F-gases (AR5),kilotonnes,18.702,30.6505,45.716,58.184,71.691,84.6785,97.666,110.6535,112.212,112.7315,113.251,113.251,113.7705,113.7705,113.7705,113.7705,125.1995,128.3165,131.4335,134.031,140.265
Turkmenistan,Food Retail,Emissions (CO2eq) from CH4 (AR5),kilotonnes,0.5096,0.49,0.4816,0.5964,0.6384,0.6496,0.6888,0.9296,0.8652,0.8596,0.9828,1.0472,1.0836,1.0976,1.12,1.12,1.12,1.12,1.12,1.1704,1.1869
Turkmenistan,Food Retail,Emissions (CO2eq) from N2O (AR5),kilotonnes,0.477,0.4505,0.4505,0.5565,0.6095,0.6095,0.6625,0.8745,0.8215,0.8215,0.9275,0.9805,1.0335,1.0335,1.06,1.06,1.06,1.06,1.06,1.113,1.1367
Turkmenistan,Food Retail,Emissions (CO2eq) (AR5),kilotonnes,1039.0076,1010.996,1012.993,1256.5894,1352.7123,1385.3819,1479.5216,1973.9902,1845.8134,1835.4888,2086.1563,2214.4711,2286.7152,2317.3935,2362.5131,2362.5131,2373.9421,2377.0591,2380.1425,2482.7911,2372.4357
Turkmenistan,Food Household Consumption,Emissions (CH4),kilotonnes,0.3387,0.3605,0.3628,0.3594,0.4122,0.4459,0.4626,0.4964,0.5213,0.5341,0.5519,0.5646,0.5772,0.6142,0.6591,0.7395,0.7395,0.7395,0.7395,0.7395,0.7499
Turkmenistan,Food Household Consumption,Emissions (N2O),kilotonnes,0.0018,0.0019,0.0019,0.0019,0.003,0.0032,0.0032,0.0033,0.0036,0.0036,0.0039,0.0038,0.0039,0.0041,0.0043,0.0048,0.0048,0.0048,0.0048,0.0048,0.0049
Turkmenistan,Food Household Consumption,Emissions (CO2),kilotonnes,246.0235,261.8775,263.4829,261.0753,390.68,415.1628,420.7537,438.7864,499.9175,476.4987,554.6797,559.1268,564.5228,555.3045,595.775,656.5732,656.5732,656.5732,656.5732,656.5732,623.9388
Turkmenistan,Food Household Consumption,Emissions (CO2eq) from CH4 (AR5),kilotonnes,9.4836,10.094,10.1584,10.0632,11.5416,12.4852,12.9528,13.8992,14.5964,14.9548,15.4532,15.8088,16.1616,17.1976,18.4548,20.706,20.706,20.706,20.706,20.706,20.9976
Turkmenistan,Food Household Consumption,Emissions (CO2eq) from N2O (AR5),kilotonnes,0.477,0.5035,0.5035,0.5035,0.795,0.848,0.848,0.8745,0.954,0.954,1.0335,1.007,1.0335,1.0865,1.1395,1.272,1.272,1.272,1.272,1.272,1.2991
Turkmenistan,Food Household Consumption,Emissions (CO2eq) (AR5),kilotonnes,255.9841,272.475,274.1448,271.642,403.0166,428.496,434.5545,453.5601,515.4679,492.4075,571.1664,575.9426,581.7179,573.5886,615.3693,678.5512,678.5512,678.5512,678.5512,678.5512,646.2356
Turkmenistan,Food Transport,Emissions (CH4),kilotonnes,0.0889,0.0892,0.0975,0.1054,0.1011,0.0966,0.0908,0.0893,0.0886,0.0864,0.093,0.0947,0.0917,0.0994,0.1155,0.1155,0.1155,0.1155,0.1166,0.1095,0.111
Turkmenistan,Food Transport,Emissions (N2O),kilotonnes,0.0089,0.0091,0.0107,0.0125,0.0131,0.0135,0.0133,0.0143,0.0147,0.0151,0.0169,0.0172,0.0171,0.0182,0.021,0.021,0.021,0.021,0.0211,0.0222,0.0227
Turkmenistan,Food Transport,Emissions (CO2),kilotonnes,412.5,392.7,448.8,509.3,531.3,540.1,541.2,581.9,607.2,631.4,702.9,716.1,762.3,773.3,865.7,865.7,865.7,865.7,872.3,898.4345,853.7786
Turkmenistan,Food Transport,Emissions (CO2eq) from CH4 (AR5),kilotonnes,2.4892,2.4976,2.73,2.9512,2.8308,2.7048,2.5424,2.5004,2.4808,2.4192,2.604,2.6516,2.5676,2.7832,3.234,3.234,3.234,3.234,3.2648,3.066,3.1092
Turkmenistan,Food Transport,Emissions (CO2eq) from N2O (AR5),kilotonnes,2.3585,2.4115,2.8355,3.3125,3.4715,3.5775,3.5245,3.7895,3.8955,4.0015,4.4785,4.558,4.5315,4.823,5.565,5.565,5.565,5.565,5.5915,5.883,6.0085
Turkmenistan,Food Transport,Emissions (CO2eq) (AR5),kilotonnes,417.3477,397.6091,454.3655,515.5637,537.6023,546.3823,547.2669,588.1899,613.5763,637.8207,709.9825,723.3096,769.3991,780.9062,874.499,874.499,874.499,874.499,881.1563,907.3835,862.8962
Turkmenistan,Energy,Emissions (CH4),kilotonnes,852,909,999,1160,1140,1140,1160,1200,1270,826,886,1160,1230,1360,1400,1450,1370,1360,1390,1420,1440
Turkmenistan,Energy,Emissions (N2O),kilotonnes,0.2,0.209,0.243,0.279,0.289,0.298,0.302,0.309,0.324,0.303,0.336,0.346,0.376,0.378,0.399,0.399,0.398,0.394,0.391,0.422,0.431
Turkmenistan,Energy,Emissions (CO2),kilotonnes,37500,38100,40100,44800,46600,48400,49200,55800,58500,50800,57500,62500,65200,69900,71000,72700,72500,71500,78500,84500,80300
Turkmenistan,Energy,Emissions (CO2eq) from CH4 (AR5),kilotonnes,23856,25452,27972,32480,31920,31920,32480,33600,35560,23128,24808,32480,34440,38080,39200,40600,38360,38080,38920,39760,40320
Turkmenistan,Energy,Emissions (CO2eq) from N2O (AR5),kilotonnes,53,55.385,64.395,73.935,76.585,78.97,80.03,81.885,85.86,80.295,89.04,91.69,99.64,100.17,105.735,105.735,105.47,104.41,103.615,111.83,114.215
Turkmenistan,Energy,Emissions (CO2eq) (AR5),kilotonnes,61409,63607.385,68136.395,77353.935,78596.585,80398.97,81760.03,89481.885,94145.86,74008.295,82397.04,95071.69,99739.64,108080.17,110305.735,113405.735,110965.47,109684.41,117523.615,124371.83,120734.215
Turkmenistan,IPPU,Emissions (CH4),kilotonnes,0.0001,0.0001,0.0001,0.0001,0.0001,0.0001,0.0001,0.0001,0.0001,0.0001,0.0001,0.0001,0.0001,0.0001,0.0001,0.0001,0.0001,0.0001,0.0001,0.0001,0.0001
Turkmenistan,IPPU,Emissions (N2O),kilotonnes,1.73,1.36,1.91,2,2.06,2.06,3.77,2.86,2.69,2.69,2.89,2.89,2.89,2.89,2.89,2.89,2.89,2.89,2.89,3.03,3.05
Turkmenistan,IPPU,Emissions (CO2),kilotonnes,479,485,503,493,824,563,1090,1140,1170,1200,1220,1510,1690,1820,1870,2010,2080,2120,2260,2370,2380
Turkmenistan,IPPU,Emissions (CO2eq) from F-gases (AR5),kilotonnes,12.0498,21.8645,35.0803,52.2804,66.2737,81.5302,96.6896,110.78,125.3563,140.9044,155.4807,155.4807,168.1135,179.7746,191.4357,203.0967,214.7578,227.3906,239.0516,250.7127,262.3737
Turkmenistan,IPPU,Emissions (CO2eq) from CH4 (AR5),kilotonnes,0.0026,0.0018,0.0023,0.0023,0.0023,0.0023,0.0023,0.0023,0.0023,0.0023,0.0023,0.0023,0.0023,0.0023,0.0023,0.0023,0.0023,0.0023,0.0023,0.0023,0.0023
Turkmenistan,IPPU,Emissions (CO2eq) from N2O (AR5),kilotonnes,458.45,360.4,506.15,530,545.9,545.9,999.05,757.9,712.85,712.85,765.85,765.85,765.85,765.85,765.85,765.85,765.85,765.85,765.85,802.95,808.25
Turkmenistan,IPPU,Emissions (CO2eq) (AR5),kilotonnes,949.5023,867.2662,1044.2326,1075.2827,1436.1759,1190.4325,2185.7419,2008.6823,2008.2086,2053.7567,2141.333,2431.333,2623.9658,2765.6269,2827.2879,2978.949,3060.61,3113.2429,3264.9039,3423.665,3450.626
Turkmenistan,Waste,Emissions (CH4),kilotonnes,38.6,39.2,39.8,40.3,41.6,41.9,43.9,45.4,46.7,47.7,49.1,50.7,52.3,54,55.7,57.3,58.8,60.4,61.9,63.1,64.6
Turkmenistan,Waste,Emissions (N2O),kilotonnes,0.232,0.234,0.237,0.246,0.255,0.263,0.268,0.277,0.283,0.292,0.294,0.298,0.302,0.306,0.314,0.323,0.332,0.337,0.342,0.347,0.353
Turkmenistan,Waste,Emissions (CO2eq) from CH4 (AR5),kilotonnes,1080.8,1097.6,1114.4,1128.4,1164.8,1173.2,1229.2,1271.2,1307.6,1335.6,1374.8,1419.6,1464.4,1512,1559.6,1604.4,1646.4,1691.2,1733.2,1766.8,1808.8
Turkmenistan,Waste,Emissions (CO2eq) from N2O (AR5),kilotonnes,61.48,62.01,62.805,65.19,67.575,69.695,71.02,73.405,74.995,77.38,77.91,78.97,80.03,81.09,83.21,85.595,87.98,89.305,90.63,91.955,93.545
Turkmenistan,Waste,Emissions (CO2eq) (AR5),kilotonnes,1142.28,1159.61,1177.205,1193.59,1232.375,1242.895,1300.22,1344.605,1382.595,1412.98,1452.71,1498.57,1544.43,1593.09,1642.81,1689.995,1734.38,1780.505,1823.83,1858.755,1902.345
Turkmenistan,Other,Emissions (N2O),kilotonnes,0.352,0.344,0.376,0.411,0.426,0.428,0.434,0.475,0.48,0.459,0.505,0.541,0.579,0.584,0.607,0.626,0.625,0.624,0.625,0.673,0.69
Turkmenistan,Other,Emissions (CO2eq) from N2O (AR5),kilotonnes,93.28,91.16,99.64,108.915,112.89,113.42,115.01,125.875,127.2,121.635,133.825,143.365,153.435,154.76,160.855,165.89,165.625,165.36,165.625,178.345,182.85
Turkmenistan,Other,Emissions (CO2eq) (AR5),kilotonnes,93.28,91.16,99.64,108.915,112.89,113.42,115.01,125.875,127.2,121.635,133.825,143.365,153.435,154.76,160.855,165.89,165.625,165.36,165.625,178.345,182.85
Turkmenistan,Farm-gate emissions,Emissions (CH4),kilotonnes,151.3439,158.5414,181.3979,207.1948,219.4821,227.3954,236.7084,221.5127,244.7264,232.0809,234.9686,231.1456,252.8407,255.4035,258.2257,258.686,260.0762,263.3955,268.4415,260.908,264.4804
Turkmenistan,Farm-gate emissions,Direct emissions (N2O),kilotonnes,4.9128,4.5345,6.0401,7.0259,7.1329,8.0959,9.5997,9.2025,10.5633,10.8451,10.9484,10.8769,11.0234,11.2747,11.7732,13.3571,12.1018,12.0842,11.6472,12.3728,10.2839
Turkmenistan,Farm-gate emissions,Indirect emissions (N2O),kilotonnes,1.6726,1.5577,2.0722,2.4309,2.4768,2.8079,3.3182,3.2328,3.7056,3.7525,3.7832,3.7547,3.802,3.8792,4.0453,4.5561,4.1462,4.1505,4.008,4.2283,3.5544
Turkmenistan,Farm-gate emissions,Emissions (N2O),kilotonnes,8.0783,7.488,9.7254,11.4565,11.6538,12.9309,14.9046,14.478,16.3692,16.7233,17.0728,16.7318,17.1074,17.3174,18.0583,20.0492,18.3291,18.1597,17.4709,18.7377,15.7748
Turkmenistan,Farm-gate emissions,Emissions (CO2),kilotonnes,1507.9809,1260.251,1395.6698,1560.0397,1672.3534,1751.0495,1849.4698,1983.4193,2028.5428,2055.2137,2111.0049,2050.8692,2330.4329,2031.341,2061.1887,1903.9523,1699.6207,1402.2731,1176.7377,999.8475,999.8475
Turkmenistan,Farm-gate emissions,Emissions (CO2eq) from CH4 (AR5),kilotonnes,4237.6299,4439.1591,5079.1407,5801.4538,6145.4987,6367.0714,6627.8364,6202.3549,6852.3385,6498.2644,6579.1198,6472.0762,7079.5403,7151.2975,7230.3191,7243.2081,7282.1326,7375.0748,7516.3626,7305.4229,7405.4521
Turkmenistan,Farm-gate emissions,Emissions (CO2eq) from N2O (AR5),kilotonnes,2140.7464,1984.3076,2577.2201,3035.9851,3088.2524,3426.6885,3949.7272,3836.6698,4337.8374,4431.6631,4524.3033,4433.9282,4533.4648,4589.0979,4785.4406,5313.0251,4857.2084,4812.3288,4629.7808,4965.4865,4180.3273
Turkmenistan,Farm-gate emissions,Emissions (CO2eq) (AR5),kilotonnes,7886.3572,7683.7177,9052.0306,10397.4786,10906.1045,11544.8094,12427.0335,12022.444,13218.7186,12985.1412,13214.428,12956.8735,13943.438,13771.7364,14076.9484,14460.1855,13838.9617,13589.6767,13322.8812,13270.7569,12585.627
Turkmenistan,Land Use change,Emissions (CH4),kilotonnes,0,0,0,0,0,0,0,0,0,0,0,0,0,0,0,0,0,0,0,0,0
Turkmenistan,Land Use change,Emissions (N2O),kilotonnes,0,0,0,0,0,0,0,0,0,0,0,0,0,0,0,0,0,0,0,0,0
Turkmenistan,Land Use change,Emissions (CO2),kilotonnes,0,0,0,0,0,0,0,0,0,0,0,0,0,0,0,0,0,0,0,0,0
Turkmenistan,Land Use change,Emissions (CO2eq) from CH4 (AR5),kilotonnes,0,0,0,0,0,0,0,0,0,0,0,0,0,0,0,0,0,0,0,0,0
Turkmenistan,Land Use change,Emissions (CO2eq) from N2O (AR5),kilotonnes,0,0,0,0,0,0,0,0,0,0,0,0,0,0,0,0,0,0,0,0,0
Turkmenistan,Land Use change,Emissions (CO2eq) (AR5),kilotonnes,0,0,0,0,0,0,0,0,0,0,0,0,0,0,0,0,0,0,0,0,0
Turkmenistan,Emissions on agricultural land,Emissions (CH4),kilotonnes,151.3439,158.5414,181.3979,207.1948,219.4821,227.3954,236.7084,221.5127,244.7264,232.0809,234.9686,231.1456,252.8407,255.4035,258.2257,258.686,260.0762,263.3955,268.4415,260.908,264.4804
Turkmenistan,Emissions on agricultural land,Emissions (N2O),kilotonnes,8.0783,7.488,9.7254,11.4565,11.6538,12.9309,14.9046,14.478,16.3692,16.7233,17.0728,16.7318,17.1074,17.3174,18.0583,20.0492,18.3291,18.1597,17.4709,18.7377,15.7748
Turkmenistan,Emissions on agricultural land,Emissions (CO2),kilotonnes,1507.9809,1260.251,1395.6698,1560.0397,1672.3534,1751.0495,1849.4698,1983.4193,2028.5428,2055.2137,2111.0049,2050.8692,2330.4329,2031.341,2061.1887,1903.9523,1699.6207,1402.2731,1176.7377,999.8475,999.8475
Turkmenistan,Emissions on agricultural land,Emissions (CO2eq) from CH4 (AR5),kilotonnes,4237.6299,4439.1591,5079.1407,5801.4538,6145.4987,6367.0714,6627.8364,6202.3549,6852.3385,6498.2644,6579.1198,6472.0762,7079.5403,7151.2975,7230.3191,7243.2081,7282.1326,7375.0748,7516.3626,7305.4229,7405.4521
Turkmenistan,Emissions on agricultural land,Emissions (CO2eq) from N2O (AR5),kilotonnes,2140.7464,1984.3076,2577.2201,3035.9851,3088.2524,3426.6885,3949.7272,3836.6698,4337.8374,4431.6631,4524.3033,4433.9282,4533.4648,4589.0979,4785.4406,5313.0251,4857.2084,4812.3288,4629.7808,4965.4865,4180.3273
Turkmenistan,Emissions on agricultural land,Emissions (CO2eq) (AR5),kilotonnes,7886.3572,7683.7177,9052.0306,10397.4786,10906.1045,11544.8094,12427.0335,12022.444,13218.7186,12985.1412,13214.428,12956.8735,13943.438,13771.7364,14076.9484,14460.1855,13838.9617,13589.6767,13322.8812,13270.7569,12585.627
Turkmenistan,Pre- and post- production,Emissions (CH4),kilotonnes,14.3286,14.8474,15.1215,15.2848,15.8423,16.3144,16.679,17.3906,28.5228,24.4587,26.3199,26.2271,23.4609,32.1299,32.728,33.8443,47.252,32.707,30.0926,30.2788,27.9111
Turkmenistan,Pre- and post- production,Emissions (N2O),kilotonnes,0.1711,0.1779,0.1842,0.19,0.1965,0.2008,0.2016,0.2157,0.223,0.2249,0.229,0.2296,0.2299,0.2346,0.2419,0.2487,0.2651,0.2555,0.256,0.2592,0.2495
Turkmenistan,Pre- and post- production,Emissions (CO2),kilotonnes,3348.6288,3408.7745,3465.0872,3739.8476,4156.548,4373.626,4544.5316,5252.8357,6167.8479,5768.8766,6503.993,6515.2766,6791.0088,6923.1671,7413.5538,7907.5677,8205.7389,8378.4478,8284.8304,8700.1875,8450.6008
Turkmenistan,Pre- and post- production,Emissions (CO2eq) from F-gases (AR5),kilotonnes,18.702,30.6505,45.716,58.184,71.691,84.6785,97.666,110.6535,112.212,112.7315,113.251,113.251,113.7705,113.7705,113.7705,113.7705,125.1995,128.3165,131.4335,134.031,140.265
Turkmenistan,Pre- and post- production,Emissions (CO2eq) from CH4 (AR5),kilotonnes,401.2018,415.7271,423.4022,427.9752,443.5834,456.8043,467.0118,486.9357,798.6395,684.8438,736.9584,734.3577,656.9066,899.6385,916.3846,947.6408,1323.0563,915.7954,842.5919,847.8073,781.5118
Turkmenistan,Pre- and post- production,Emissions (CO2eq) from N2O (AR5),kilotonnes,45.3302,47.1324,48.8195,50.337,52.0829,53.2083,53.4292,57.1601,59.0851,59.5876,60.6738,60.8525,60.9225,62.1599,64.0952,65.8954,70.2591,67.7204,67.8517,68.6833,66.1203
Turkmenistan,Pre- and post- production,Emissions (CO2eq) (AR5),kilotonnes,3813.8628,3902.2845,3983.0249,4276.3437,4723.9053,4968.3171,5162.6387,5907.585,7137.7845,6626.0395,7414.8762,7423.7378,7622.6084,7998.7361,8507.8041,9034.8743,9724.2538,9490.2801,9326.7075,9750.7091,9438.4979
Turkmenistan,Agri-food systems,Emissions (CH4),kilotonnes,165.6726,173.3888,196.5194,222.4796,235.3244,243.7098,253.3874,238.9032,273.2492,256.5396,261.2885,257.3726,276.3017,287.5334,290.9537,292.5303,307.3282,296.1025,298.5341,291.1868,292.3916
Turkmenistan,Agri-food systems,Emissions (N2O),kilotonnes,8.2493,7.6658,9.9096,11.6465,11.8503,13.1317,15.1063,14.6937,16.5922,16.9481,17.3018,16.9614,17.3373,17.5519,18.3001,20.2978,18.5942,18.4153,17.7269,18.9969,16.0243
Turkmenistan,Agri-food systems,Emissions (CO2),kilotonnes,4856.6097,4669.0255,4860.757,5299.8873,5828.9014,6124.6755,6394.0014,7236.255,8196.3907,7824.0903,8614.9979,8566.1458,9121.4417,8954.5081,9474.7425,9811.52,9905.3596,9780.7209,9461.5681,9700.035,9450.4483
Turkmenistan,Agri-food systems,Emissions (CO2eq) from F-gases (AR5),kilotonnes,18.702,30.6505,45.716,58.184,71.691,84.6785,97.666,110.6535,112.212,112.7315,113.251,113.251,113.7705,113.7705,113.7705,113.7705,125.1995,128.3165,131.4335,134.031,140.265
Turkmenistan,Agri-food systems,Emissions (CO2eq) from CH4 (AR5),kilotonnes,4638.8317,4854.8862,5502.5428,6229.4289,6589.0821,6823.8757,7094.8482,6689.2906,7650.978,7183.1082,7316.0782,7206.4339,7736.4469,8050.936,8146.7037,8190.8489,8605.1889,8290.8701,8358.9545,8153.2302,8186.964
Turkmenistan,Agri-food systems,Emissions (CO2eq) from N2O (AR5),kilotonnes,2186.0766,2031.4401,2626.0396,3086.3221,3140.3353,3479.8968,4003.1565,3893.8298,4396.9225,4491.2508,4584.977,4494.7807,4594.3873,4651.2579,4849.5358,5378.9204,4927.4675,4880.0492,4697.6325,5034.1699,4246.4476
Turkmenistan,Agri-food systems,Emissions (CO2eq) (AR5),kilotonnes,11700.2199,11586.0023,13035.0555,14673.8224,15630.0098,16513.1265,17589.6721,17930.029,20356.5031,19611.1807,20629.3041,20380.6113,21566.0464,21770.4725,22584.7525,23495.0598,23563.2156,23079.9567,22649.5886,23021.4661,22024.1249
Turkmenistan,IPCC Agriculture,Emissions (CH4),kilotonnes,151.2153,158.4239,181.2681,207.0507,219.3335,227.242,236.5506,221.3434,244.5533,231.907,234.7846,230.9638,252.6471,255.225,258.0396,258.5113,259.9164,263.2551,268.3149,260.7932,264.3657
Turkmenistan,IPCC Agriculture,Emissions (CH4),kilotonnes,107.71,,,,262.66,,,,,,330.94,,,,,,,,,,
Turkmenistan,IPCC Agriculture,Direct emissions (N2O),kilotonnes,4.9128,4.5345,6.0401,7.0259,7.1329,8.0959,9.5997,9.2025,10.5633,10.8451,10.9484,10.8769,11.0234,11.2747,11.7732,13.3571,12.1018,12.0842,11.6472,12.3728,10.2839
Turkmenistan,IPCC Agriculture,Indirect emissions (N2O),kilotonnes,1.6726,1.5577,2.0722,2.4309,2.4768,2.8079,3.3182,3.2328,3.7056,3.7525,3.7832,3.7547,3.802,3.8792,4.0453,4.5561,4.1462,4.1505,4.008,4.2283,3.5544
Turkmenistan,IPCC Agriculture,Emissions (N2O),kilotonnes,7.6151,7.1224,9.3097,10.985,11.1293,12.3763,14.3124,13.8476,15.7196,16.0518,16.3934,16.0871,16.3544,16.681,17.4123,19.4626,17.806,17.7368,17.1245,18.4512,15.4883
Turkmenistan,IPCC Agriculture,Emissions (N2O),kilotonnes,3.07,,,,4.16,,,,,,4.21,,,,,,,,,,
Turkmenistan,IPCC Agriculture,Emissions (CO2eq) from CH4 (AR5),kilotonnes,4234.0272,4435.8684,5075.5071,5797.4199,6141.3389,6362.7752,6623.4177,6197.616,6847.4937,6493.3947,6573.9699,6466.9859,7074.12,7146.2991,7225.1074,7238.3156,7277.6603,7371.144,7512.816,7302.2092,7402.2385
Turkmenistan,IPCC Agriculture,Emissions (CO2eq) from CH4 (AR5),kilotonnes,3015.88,,,,7354.48,,,,,,9266.32,,,,,,,,,,
Turkmenistan,IPCC Agriculture,Emissions (CO2eq) from N2O (AR5),kilotonnes,2018.0049,1887.4455,2467.0787,2911.018,2949.2687,3279.7155,3792.7808,3669.6078,4165.6961,4253.7355,4344.2457,4263.0709,4333.923,4420.4715,4614.2682,5157.591,4718.5976,4700.2585,4537.9883,4889.57,4104.4108
Turkmenistan,IPCC Agriculture,Emissions (CO2eq) from N2O (AR5),kilotonnes,813.55,,,,1102.4,,,,,,1115.65,,,,,,,,,,
Turkmenistan,IPCC Agriculture,Emissions (CO2eq) (AR5),kilotonnes,6252.0321,6323.3138,7542.5858,8708.4379,9090.6075,9642.4907,10416.1984,9867.2238,11013.1898,10747.1302,10918.2156,10730.0568,11408.043,11566.7707,11839.3757,12395.9065,11996.2579,12071.4025,12050.8043,12191.7792,11506.6493
Turkmenistan,IPCC Agriculture,Emissions (CO2eq) (AR5),kilotonnes,3829.43,,,,8456.88,,,,,,10381.97,,,,,,,,,,
Turkmenistan,Agricultural Soils,Direct emissions (N2O),kilotonnes,4.9128,4.5345,6.0401,7.0259,7.1329,8.0959,9.5997,9.2025,10.5633,10.8451,10.9484,10.8769,11.0234,11.2747,11.7732,13.3571,12.1018,12.0842,11.6472,12.3728,10.2839
Turkmenistan,Agricultural Soils,Indirect emissions (N2O),kilotonnes,1.6726,1.5577,2.0722,2.4309,2.4768,2.8079,3.3182,3.2328,3.7056,3.7525,3.7832,3.7547,3.802,3.8792,4.0453,4.5561,4.1462,4.1505,4.008,4.2283,3.5544
Turkmenistan,Agricultural Soils,Emissions (N2O),kilotonnes,6.5855,6.0923,8.1124,9.4568,9.6098,10.9037,12.9179,12.4353,14.2689,14.5977,14.7316,14.6316,14.8254,15.1539,15.8184,17.9132,16.248,16.2348,15.6552,16.6011,13.8383
Turkmenistan,Agricultural Soils,Emissions (N2O),kilotonnes,3.07,,,,4.16,,,,,,4.21,,,,,,,,,,
Turkmenistan,Agricultural Soils,Emissions (CO2eq) from N2O (AR5),kilotonnes,1745.1459,1614.4527,2149.7808,2506.0509,2546.5839,2889.4847,3423.2561,3295.3618,3781.2557,3868.384,3903.871,3877.3754,3928.7283,4015.7761,4191.8814,4747.0071,4305.7309,4302.2174,4148.6289,4399.2944,3667.154
Turkmenistan,Agricultural Soils,Emissions (CO2eq) from N2O (AR5),kilotonnes,813.55,,,,1102.4,,,,,,1115.65,,,,,,,,,,
Turkmenistan,Agricultural Soils,Emissions (CO2eq) (AR5),kilotonnes,1745.1459,1614.4527,2149.7808,2506.0509,2546.5839,2889.4847,3423.2561,3295.3618,3781.2557,3868.384,3903.871,3877.3754,3928.7283,4015.7761,4191.8814,4747.0071,4305.7309,4302.2174,4148.6289,4399.2944,3667.154
Turkmenistan,Agricultural Soils,Emissions (CO2eq) (AR5),kilotonnes,813.55,,,,1102.4,,,,,,1115.65,,,,,,,,,,
Turkmenistan,LULUCF,Emissions (CH4),kilotonnes,0.0178,0,0,0,0,0,0,0,0,0,0,0,0,0,0,0,0,0,0,0,0
Turkmenistan,LULUCF,Emissions (N2O),kilotonnes,0.001,0,0,0,0,0,0,0,0,0,0,0,0,0,0,0,0,0,0,0,0
Turkmenistan,LULUCF,Emissions (CO2),kilotonnes,0,-166.4557,-166.4557,-166.4557,-166.4557,-166.4557,-166.4557,-166.4557,-166.4557,-166.4557,-166.4557,0,0,0,0,0,0,0,0,0,0
Turkmenistan,LULUCF,Emissions (CO2),kilotonnes,,,,,-829.996,,,,,,,,,,,,,,,,
Turkmenistan,LULUCF,Emissions (CO2eq) from CH4 (AR5),kilotonnes,0.4986,0,0,0,0,0,0,0,0,0,0,0,0,0,0,0,0,0,0,0,0
Turkmenistan,LULUCF,Emissions (CO2eq) from N2O (AR5),kilotonnes,0.261,0,0,0,0,0,0,0,0,0,0,0,0,0,0,0,0,0,0,0,0
Turkmenistan,LULUCF,Emissions (CO2eq) (AR5),kilotonnes,0.7596,-166.4557,-166.4557,-166.4557,-166.4557,-166.4557,-166.4557,-166.4557,-166.4557,-166.4557,-166.4557,0,0,0,0,0,0,0,0,0,0
Turkmenistan,LULUCF,Emissions (CO2eq) (AR5),kilotonnes,,,,,-829.996,,,,,,,,,,,,,,,,
Turkmenistan,AFOLU,Emissions (CH4),kilotonnes,151.2331,158.4239,181.2681,207.0507,219.3335,227.242,236.5506,221.3434,244.5533,231.907,234.7846,230.9638,252.6471,255.225,258.0396,258.5113,259.9164,263.2551,268.3149,260.7932,264.3657
Turkmenistan,AFOLU,Emissions (N2O),kilotonnes,7.6161,7.1224,9.3097,10.985,11.1293,12.3763,14.3124,13.8476,15.7196,16.0518,16.3934,16.0871,16.3544,16.681,17.4123,19.4626,17.806,17.7368,17.1245,18.4512,15.4883
Turkmenistan,AFOLU,Emissions (CO2),kilotonnes,0,-166.4557,-166.4557,-166.4557,-166.4557,-166.4557,-166.4557,-166.4557,-166.4557,-166.4557,-166.4557,0,0,0,0,0,0,0,0,0,0
Turkmenistan,AFOLU,Emissions (CO2eq) from CH4 (AR5),kilotonnes,4234.5258,4435.8684,5075.5071,5797.4199,6141.3389,6362.7752,6623.4177,6197.616,6847.4937,6493.3947,6573.9699,6466.9859,7074.12,7146.2991,7225.1074,7238.3156,7277.6603,7371.144,7512.816,7302.2092,7402.2385
Turkmenistan,AFOLU,Emissions (CO2eq) from N2O (AR5),kilotonnes,2018.2659,1887.4455,2467.0787,2911.018,2949.2687,3279.7155,3792.7808,3669.6078,4165.6961,4253.7355,4344.2457,4263.0709,4333.923,4420.4715,4614.2682,5157.591,4718.5976,4700.2585,4537.9883,4889.57,4104.4108
Turkmenistan,AFOLU,Emissions (CO2eq) (AR5),kilotonnes,6252.7917,6156.8582,7376.1301,8541.9823,8924.1519,9476.035,10249.7428,9700.7682,10846.7341,10580.6745,10751.76,10730.0568,11408.043,11566.7707,11839.3757,12395.9065,11996.2579,12071.4025,12050.8043,12191.7792,11506.6493
Turkmenistan,All sectors with LULUCF,Emissions (CH4),kilotonnes,1041.8332,1106.6239,1220.0682,1407.3508,1400.9336,1409.1421,1440.4507,1466.7435,1561.2534,1105.607,1169.8847,1441.6639,1534.9472,1669.2251,1713.7396,1765.8114,1688.7165,1683.6552,1720.2149,1743.8933,1768.9657
Turkmenistan,All sectors with LULUCF,Emissions (N2O),kilotonnes,10.1301,9.2694,12.0757,13.921,14.1593,15.4253,19.0864,17.7686,19.4966,19.7958,20.4184,20.1621,20.5014,20.839,21.6223,23.7006,22.051,21.9818,21.3725,22.9232,20.0123
Turkmenistan,All sectors with LULUCF,Emissions (CO2),kilotonnes,37979,38418.5443,40436.5443,45126.5443,47257.5443,48796.5443,50123.5443,56773.5443,59503.5443,51833.5443,58553.5443,64010,66890,71720,72870,74710,74580,73620,80760,86870,82680
Turkmenistan,All sectors with LULUCF,Emissions (CO2eq) from F-gases (AR5),kilotonnes,12.0498,21.8645,35.0803,52.2804,66.2737,81.5302,96.6896,110.78,125.3563,140.9044,155.4807,155.4807,168.1135,179.7746,191.4357,203.0967,214.7578,227.3906,239.0516,250.7127,262.3737
Turkmenistan,All sectors with LULUCF,Emissions (CO2eq) from CH4 (AR5),kilotonnes,29171.3284,30985.4701,34161.9094,39405.8222,39226.1411,39455.9775,40332.6199,41068.8183,43715.0959,30956.997,32756.7722,40366.5881,42978.5223,46738.3014,47984.7097,49442.7178,47284.0626,47142.3463,48166.0182,48829.0115,49531.0408
Turkmenistan,All sectors with LULUCF,Emissions (CO2eq) from N2O (AR5),kilotonnes,2684.4759,2456.4005,3200.0687,3689.058,3752.2187,4087.7005,5057.8908,4708.6728,5166.6011,5245.8955,5410.8707,5342.9459,5432.878,5522.3415,5729.9182,6280.661,5843.5226,5825.1835,5663.7083,6074.65,5303.2708
Turkmenistan,All sectors with LULUCF,Emissions (CO2eq) (AR5),kilotonnes,69846.854,71882.2794,77833.6028,88273.705,90302.1778,92421.7525,95610.7446,102661.8155,108510.5977,88177.3412,96876.668,109875.0148,115469.5139,124160.4175,126776.0636,130636.4755,127922.3429,126814.9204,134828.7782,142024.3742,137776.6853
Turkmenistan,All sectors without LULUCF,Emissions (CH4),kilotonnes,1041.8154,1106.6239,1220.0682,1407.3508,1400.9336,1409.1421,1440.4507,1466.7435,1561.2534,1105.607,1169.8847,1441.6639,1534.9472,1669.2251,1713.7396,1765.8114,1688.7165,1683.6552,1720.2149,1743.8933,1768.9657
Turkmenistan,All sectors without LULUCF,Emissions (N2O),kilotonnes,10.1291,9.2694,12.0757,13.921,14.1593,15.4253,19.0864,17.7686,19.4966,19.7958,20.4184,20.1621,20.5014,20.839,21.6223,23.7006,22.051,21.9818,21.3725,22.9232,20.0123
Turkmenistan,All sectors without LULUCF,Emissions (CO2),kilotonnes,37979,38585,40603,45293,47424,48963,50290,56940,59670,52000,58720,64010,66890,71720,72870,74710,74580,73620,80760,86870,82680
Turkmenistan,All sectors without LULUCF,Emissions (CO2eq) from F-gases (AR5),kilotonnes,12.0498,21.8645,35.0803,52.2804,66.2737,81.5302,96.6896,110.78,125.3563,140.9044,155.4807,155.4807,168.1135,179.7746,191.4357,203.0967,214.7578,227.3906,239.0516,250.7127,262.3737
Turkmenistan,All sectors without LULUCF,Emissions (CO2eq) from CH4 (AR5),kilotonnes,29170.8298,30985.4701,34161.9094,39405.8222,39226.1411,39455.9775,40332.6199,41068.8183,43715.0959,30956.997,32756.7722,40366.5881,42978.5223,46738.3014,47984.7097,49442.7178,47284.0626,47142.3463,48166.0182,48829.0115,49531.0408
Turkmenistan,All sectors without LULUCF,Emissions (CO2eq) from N2O (AR5),kilotonnes,2684.2149,2456.4005,3200.0687,3689.058,3752.2187,4087.7005,5057.8908,4708.6728,5166.6011,5245.8955,5410.8707,5342.9459,5432.878,5522.3415,5729.9182,6280.661,5843.5226,5825.1835,5663.7083,6074.65,5303.2708
Turkmenistan,All sectors without LULUCF,Emissions (CO2eq) (AR5),kilotonnes,69846.0944,72048.7351,78000.0584,88440.1606,90468.6335,92588.2082,95777.2003,102828.2711,108677.0534,88343.7969,97043.1236,109875.0148,115469.5139,124160.4175,126776.0636,130636.4755,127922.3429,126814.9204,134828.7782,142024.3742,137776.6853
Turks and Caicos Islands,Drained organic soils,Emissions (CO2eq) (AR5),kilotonnes,0,0,0,0,0,0,0,0,0,0,0,0,0,0,0,0,0,0,0,0,0
Turks and Caicos Islands,Drained organic soils (CO2),Emissions (CO2),kilotonnes,0,0,0,0,0,0,0,0,0,0,0,0,0,0,0,0,0,0,0,0,0
Turks and Caicos Islands,Drained organic soils (CO2),Emissions (CO2eq) (AR5),kilotonnes,0,0,0,0,0,0,0,0,0,0,0,0,0,0,0,0,0,0,0,0,0
Turks and Caicos Islands,Drained organic soils (N2O),Emissions (N2O),kilotonnes,0,0,0,0,0,0,0,0,0,0,0,0,0,0,0,0,0,0,0,0,0
Turks and Caicos Islands,Drained organic soils (N2O),Emissions (CO2eq) from N2O (AR5),kilotonnes,0,0,0,0,0,0,0,0,0,0,0,0,0,0,0,0,0,0,0,0,0
Turks and Caicos Islands,Drained organic soils (N2O),Emissions (CO2eq) (AR5),kilotonnes,0,0,0,0,0,0,0,0,0,0,0,0,0,0,0,0,0,0,0,0,0
Turks and Caicos Islands,On-farm energy use,Emissions (CH4),kilotonnes,0.0049,0.005,0.006,0.0061,0.0064,0.0078,0.0082,0.0085,0.0081,0.0065,0.0067,0.006,0.0051,0.0056,0.0059,0.0059,0.0061,0.0084,0.0084,0.0089,0.0089
Turks and Caicos Islands,On-farm energy use,Emissions (N2O),kilotonnes,0,0,0,0,0,0,0,0,0,0,0,0,0,0,0,0,0,0,0,0,0
Turks and Caicos Islands,On-farm energy use,Emissions (CO2),kilotonnes,1.5303,1.5725,1.8812,1.9274,2.0256,2.4466,2.5898,2.6888,2.5598,2.0552,2.0988,1.8795,1.6165,1.7513,1.8594,1.8662,1.9281,2.6555,2.6585,2.8183,2.8183
Turks and Caicos Islands,On-farm energy use,Emissions (CO2eq) from CH4 (AR5),kilotonnes,0.1359,0.1396,0.167,0.1711,0.1799,0.2172,0.23,0.2388,0.2273,0.1825,0.1864,0.1669,0.1435,0.1555,0.1651,0.1657,0.1712,0.2358,0.2361,0.2503,0.2503
Turks and Caicos Islands,On-farm energy use,Emissions (CO2eq) from N2O (AR5),kilotonnes,0.0064,0.0066,0.0079,0.0081,0.0085,0.0103,0.0109,0.0113,0.0108,0.0086,0.0088,0.0079,0.0068,0.0074,0.0078,0.0078,0.0081,0.0112,0.0112,0.0118,0.0118
Turks and Caicos Islands,On-farm energy use,Emissions (CO2eq) (AR5),kilotonnes,1.6726,1.7188,2.0561,2.1067,2.214,2.6742,2.8306,2.9389,2.7978,2.2464,2.294,2.0543,1.7668,1.9142,2.0323,2.0398,2.1074,2.9025,2.9057,3.0804,3.0804
Turks and Caicos Islands,Forestland,Emissions (CO2),kilotonnes,0,0,0,0,0,0,0,0,0,0,0,0,0,0,0,0,0,0,0,0,0
Turks and Caicos Islands,Forestland,Emissions (CO2eq) (AR5),kilotonnes,0,0,0,0,0,0,0,0,0,0,0,0,0,0,0,0,0,0,0,0,0
Turks and Caicos Islands,Net Forest conversion,Emissions (CO2),kilotonnes,0,0,0,0,0,0,0,0,0,0,0,0,0,0,0,0,0,0,0,0,0
Turks and Caicos Islands,Net Forest conversion,Emissions (CO2eq) (AR5),kilotonnes,0,0,0,0,0,0,0,0,0,0,0,0,0,0,0,0,0,0,0,0,0
Turks and Caicos Islands,Savanna fires,Emissions (CH4),kilotonnes,0,0,0,0,0,0,0,0,0,0.0041,0,0,0,0,0,0,0,0,0,0,0
Turks and Caicos Islands,Savanna fires,Emissions (N2O),kilotonnes,0,0,0,0,0,0,0,0,0,0.0004,0,0,0,0,0,0,0,0,0,0,0
Turks and Caicos Islands,Savanna fires,Emissions (CO2eq) from CH4 (AR5),kilotonnes,0,0,0,0,0,0,0,0,0,0.1147,0,0,0,0,0,0,0,0,0,0,0
Turks and Caicos Islands,Savanna fires,Emissions (CO2eq) from N2O (AR5),kilotonnes,0,0,0,0,0,0,0,0,0,0.0991,0,0,0,0,0,0,0,0,0,0,0
Turks and Caicos Islands,Savanna fires,Emissions (CO2eq) (AR5),kilotonnes,0,0,0,0,0,0,0,0,0,0.2138,0,0,0,0,0,0,0,0,0,0,0
Turks and Caicos Islands,Fires in organic soils,Emissions (CH4),kilotonnes,0,0,0,0,0,0,0,0,0,0,0,0,0,0,0,0,0,0,0,0,0
Turks and Caicos Islands,Fires in organic soils,Emissions (CO2),kilotonnes,0,0,0,0,0,0,0,0,0,0,0,0,0,0,0,0,0,0,0,0,0
Turks and Caicos Islands,Fires in organic soils,Emissions (CO2eq) from CH4 (AR5),kilotonnes,0,0,0,0,0,0,0,0,0,0,0,0,0,0,0,0,0,0,0,0,0
Turks and Caicos Islands,Fires in organic soils,Emissions (CO2eq) (AR5),kilotonnes,0,0,0,0,0,0,0,0,0,0,0,0,0,0,0,0,0,0,0,0,0
Turks and Caicos Islands,Forest fires,Emissions (CH4),kilotonnes,0.0043,0,0,0,0,0,0,0,0,0,0,0,0,0,0,0,0,0,0,0,0
Turks and Caicos Islands,Forest fires,Emissions (N2O),kilotonnes,0.0001,0,0,0,0,0,0,0,0,0,0,0,0,0,0,0,0,0,0,0,0
Turks and Caicos Islands,Forest fires,Emissions (CO2eq) from CH4 (AR5),kilotonnes,0.1201,0,0,0,0,0,0,0,0,0,0,0,0,0,0,0,0,0,0,0,0
Turks and Caicos Islands,Forest fires,Emissions (CO2eq) from N2O (AR5),kilotonnes,0.0334,0,0,0,0,0,0,0,0,0,0,0,0,0,0,0,0,0,0,0,0
Turks and Caicos Islands,Forest fires,Emissions (CO2eq) (AR5),kilotonnes,0.1535,0,0,0,0,0,0,0,0,0,0,0,0,0,0,0,0,0,0,0,0
Turks and Caicos Islands,Fires in humid tropical forests,Emissions (CH4),kilotonnes,0.0043,0,0,0,0,0,0,0,0,0,0,0,0,0,0,0,0,0,0,0,0
Turks and Caicos Islands,Fires in humid tropical forests,Emissions (N2O),kilotonnes,0.0001,0,0,0,0,0,0,0,0,0,0,0,0,0,0,0,0,0,0,0,0
Turks and Caicos Islands,Fires in humid tropical forests,Emissions (CO2eq) from CH4 (AR5),kilotonnes,0.1201,0,0,0,0,0,0,0,0,0,0,0,0,0,0,0,0,0,0,0,0
Turks and Caicos Islands,Fires in humid tropical forests,Emissions (CO2eq) from N2O (AR5),kilotonnes,0.0334,0,0,0,0,0,0,0,0,0,0,0,0,0,0,0,0,0,0,0,0
Turks and Caicos Islands,Fires in humid tropical forests,Emissions (CO2eq) (AR5),kilotonnes,0.1535,0,0,0,0,0,0,0,0,0,0,0,0,0,0,0,0,0,0,0,0
Turks and Caicos Islands,Waste - agri-food systems,Emissions (CH4),kilotonnes,0.0258,0.0276,0.0297,0.0319,0.0341,0.036,0.0375,0.0388,0.0399,0.0408,0.0417,0.0426,0.0435,0.0444,0.0452,0.046,0.0467,0.0474,0.0481,0.0488,0.0495
Turks and Caicos Islands,Waste - agri-food systems,Emissions (N2O),kilotonnes,0,0,0,0,0,0,0,0,0,0,0,0,0,0,0,0,0,0,0,0,0
Turks and Caicos Islands,Waste - agri-food systems,Emissions (CO2),kilotonnes,0,0,0,0,0,0,0,0,0,0,0,0,0,0,0,0,0,0,0,0,0
Turks and Caicos Islands,Waste - agri-food systems,Emissions (CO2eq) from CH4 (AR5),kilotonnes,0.7215,0.7718,0.8309,0.8945,0.9553,1.008,1.0514,1.0867,1.116,1.1422,1.1681,1.1936,1.2185,1.2423,1.2652,1.2869,1.3076,1.3276,1.3473,1.3661,1.3849
Turks and Caicos Islands,Waste - agri-food systems,Emissions (CO2eq) from N2O (AR5),kilotonnes,0,0,0,0,0,0,0,0,0,0,0,0,0,0,0,0,0,0,0,0,0
Turks and Caicos Islands,Waste - agri-food systems,Emissions (CO2eq) (AR5),kilotonnes,0.7215,0.7718,0.8309,0.8945,0.9553,1.008,1.0514,1.0867,1.116,1.1422,1.1681,1.1936,1.2185,1.2423,1.2652,1.2869,1.3076,1.3276,1.3473,1.3661,1.3849
Turks and Caicos Islands,On-farm electricity use,Emissions (CH4),kilotonnes,0,0,0,0,0,0,0,0,0,0,0,0,0,0,0,0,0,0,0,0,0
Turks and Caicos Islands,On-farm electricity use,Emissions (N2O),kilotonnes,0,0,0,0,0,0,0,0,0,0,0,0,0,0,0,0,0,0,0,0,0
Turks and Caicos Islands,On-farm electricity use,Emissions (CO2),kilotonnes,0,0,0,0,0,0,0,0,0,0,0,0,0,0,0,0,0,0,0,0,0
Turks and Caicos Islands,On-farm electricity use,Emissions (CO2eq) from CH4 (AR5),kilotonnes,0,0,0,0,0,0,0,0,0,0,0,0,0,0,0,0,0,0,0,0,0
Turks and Caicos Islands,On-farm electricity use,Emissions (CO2eq) from N2O (AR5),kilotonnes,0,0,0,0,0,0,0,0,0,0,0,0,0,0,0,0,0,0,0,0,0
Turks and Caicos Islands,On-farm electricity use,Emissions (CO2eq) (AR5),kilotonnes,0,0,0,0,0,0,0,0,0,0,0,0,0,0,0,0,0,0,0,0,0
Turks and Caicos Islands,Food Processing,Emissions (CH4),kilotonnes,0,0,0,0,0,0,0,0,0,0,0,0.0004,0.0004,0.0005,0.0004,0.0005,0.0005,0.0006,0.001,0.001,0.001
Turks and Caicos Islands,Food Processing,Emissions (N2O),kilotonnes,0,0,0,0,0,0,0,0,0,0,0,0,0,0,0,0,0.0001,0.0001,0.0001,0.0001,0.0001
Turks and Caicos Islands,Food Processing,Emissions (CO2),kilotonnes,1.0041,1.1111,0.8828,0.9752,1.1555,0.9191,1.0359,1.2583,0.8222,0.9079,1.0146,4.0659,4.1842,5.4139,4.5478,4.5714,5.4228,6.4773,8.2393,8.2621,7.2545
Turks and Caicos Islands,Food Processing,Emissions (CO2eq) from CH4 (AR5),kilotonnes,0,0,0,0,0,0,0,0,0,0,0,0.0112,0.0112,0.014,0.0112,0.014,0.014,0.0168,0.028,0.028,0.0291
Turks and Caicos Islands,Food Processing,Emissions (CO2eq) from N2O (AR5),kilotonnes,0,0,0,0,0,0,0,0,0,0,0,0,0,0,0,0,0.0265,0.0265,0.0265,0.0265,0.0279
Turks and Caicos Islands,Food Processing,Emissions (CO2eq) (AR5),kilotonnes,1.0041,1.1111,0.8828,0.9752,1.1555,0.9191,1.0359,1.2583,0.8222,0.9079,1.0146,4.0771,4.1954,5.4279,4.559,4.5854,5.4633,6.5206,8.2938,8.3166,7.3114
Turks and Caicos Islands,Food Packaging,Emissions (CH4),kilotonnes,0,0,0,0,0,0,0,0,0,0,0,0,0,0,0,0,0,0,0,0,0
Turks and Caicos Islands,Food Packaging,Emissions (N2O),kilotonnes,0,0,0,0,0,0,0,0,0,0,0,0,0,0,0,0,0,0,0,0,0
Turks and Caicos Islands,Food Packaging,Emissions (CO2),kilotonnes,0,0,0,0,0,0,0,0,0,0,0,0.0567,0.0574,0.0673,0.0583,0.0622,0.0669,0.0753,0.0775,0.0593,0.0521
Turks and Caicos Islands,Food Packaging,Emissions (CO2eq) from CH4 (AR5),kilotonnes,0,0,0,0,0,0,0,0,0,0,0,0,0,0,0,0,0,0,0,0,0
Turks and Caicos Islands,Food Packaging,Emissions (CO2eq) from N2O (AR5),kilotonnes,0,0,0,0,0,0,0,0,0,0,0,0,0,0,0,0,0,0,0,0,0
Turks and Caicos Islands,Food Packaging,Emissions (CO2eq) (AR5),kilotonnes,0,0,0,0,0,0,0,0,0,0,0,0.0567,0.0574,0.0673,0.0583,0.0622,0.0669,0.0753,0.0775,0.0593,0.0521
Turks and Caicos Islands,Food Retail,Emissions (CH4),kilotonnes,0.0117,0.0128,0.0055,0.0059,0.0068,0.0082,0.0103,0.0121,0.0262,0.0274,0.0286,0.0283,0.028,0.0275,0.0308,0.0333,0.0355,0.0331,0.0358,0.039,0.0405
Turks and Caicos Islands,Food Retail,Emissions (N2O),kilotonnes,0.0001,0.0001,0,0,0,0,0.0001,0.0001,0.0001,0.0001,0.0001,0.0002,0.0001,0.0001,0.0002,0.0002,0.0002,0.0002,0.0002,0.0002,0.0002
Turks and Caicos Islands,Food Retail,Emissions (CO2),kilotonnes,5.9507,6.4823,2.8003,3.0591,3.5255,4.2301,5.1591,6.0803,12.5793,13.7886,14.2922,13.8049,13.1401,13.4378,15.1008,16.2838,17.3664,16.1834,17.5004,19.0084,16.6903
Turks and Caicos Islands,Food Retail,Emissions (CO2eq) from CH4 (AR5),kilotonnes,0.3276,0.3584,0.154,0.1652,0.1904,0.2296,0.2884,0.3388,0.7336,0.7672,0.8008,0.7924,0.784,0.77,0.8624,0.9324,0.994,0.9268,1.0024,1.092,1.1332
Turks and Caicos Islands,Food Retail,Emissions (CO2eq) from N2O (AR5),kilotonnes,0.0265,0.0265,0,0,0,0,0.0265,0.0265,0.0265,0.0265,0.0265,0.053,0.0265,0.0265,0.053,0.053,0.053,0.053,0.053,0.053,0.0557
Turks and Caicos Islands,Food Retail,Emissions (CO2eq) (AR5),kilotonnes,6.3048,6.8672,2.9543,3.2243,3.7159,4.4597,5.474,6.4456,13.3394,14.5823,15.1195,14.6503,13.9506,14.2343,16.0162,17.2692,18.4134,17.1632,18.5558,20.1534,17.8792
Turks and Caicos Islands,Food Household Consumption,Emissions (CH4),kilotonnes,0.008,0.0087,0.0109,0.0124,0.0135,0.0157,0.0178,0.0211,0.0227,0.0239,0.0245,0.0245,0.026,0.0266,0.027,0.027,0.0272,0.0268,0.029,0.0296,0.0307
Turks and Caicos Islands,Food Household Consumption,Emissions (N2O),kilotonnes,0,0,0.0001,0.0001,0.0001,0.0001,0.0001,0.0001,0.0001,0.0001,0.0001,0.0001,0.0001,0.0001,0.0001,0.0001,0.0001,0.0001,0.0002,0.0002,0.0002
Turks and Caicos Islands,Food Household Consumption,Emissions (CO2),kilotonnes,4.0688,4.4381,5.5917,6.3905,6.9461,8.0715,8.9742,10.6295,10.8864,12.0232,12.2716,11.9581,12.2049,13.0155,13.1938,13.1938,13.3365,13.1404,14.2101,14.4776,12.712
Turks and Caicos Islands,Food Household Consumption,Emissions (CO2eq) from CH4 (AR5),kilotonnes,0.224,0.2436,0.3052,0.3472,0.378,0.4396,0.4984,0.5908,0.6356,0.6692,0.686,0.686,0.728,0.7448,0.756,0.756,0.7616,0.7504,0.812,0.8288,0.8601
Turks and Caicos Islands,Food Household Consumption,Emissions (CO2eq) from N2O (AR5),kilotonnes,0,0,0.0265,0.0265,0.0265,0.0265,0.0265,0.0265,0.0265,0.0265,0.0265,0.0265,0.0265,0.0265,0.0265,0.0265,0.0265,0.0265,0.053,0.053,0.0557
Turks and Caicos Islands,Food Household Consumption,Emissions (CO2eq) (AR5),kilotonnes,4.2928,4.6817,5.9234,6.7642,7.3506,8.5376,9.4991,11.2468,11.5485,12.7189,12.9841,12.6706,12.9594,13.7868,13.9763,13.9763,14.1246,13.9173,15.0751,15.3594,13.6278
Turks and Caicos Islands,Food Transport,Emissions (CH4),kilotonnes,0.0003,0.0003,0.0003,0.0003,0.0003,0.0004,0.0004,0.0005,0.0005,0.0006,0.0006,0.0007,0.0007,0.0007,0.0008,0.0008,0.0007,0.001,0.001,0.001,0.001
Turks and Caicos Islands,Food Transport,Emissions (N2O),kilotonnes,0.0001,0.0001,0.0001,0.0001,0.0001,0.0001,0.0001,0.0001,0.0001,0.0001,0.0002,0.0002,0.0002,0.0002,0.0002,0.0002,0.0002,0.0003,0.0003,0.0002,0.0002
Turks and Caicos Islands,Food Transport,Emissions (CO2),kilotonnes,1.8606,1.9711,2.273,2.5483,2.7476,3.3387,3.7735,4.3147,4.559,5.1542,5.5085,5.4646,5.8366,6.2223,6.7711,6.6802,6.6398,9.329,9.0634,8.3258,7.3105
Turks and Caicos Islands,Food Transport,Emissions (CO2eq) from CH4 (AR5),kilotonnes,0.0084,0.0084,0.0084,0.0084,0.0084,0.0112,0.0112,0.014,0.014,0.0168,0.0168,0.0196,0.0196,0.0196,0.0224,0.0224,0.0196,0.028,0.028,0.028,0.0291
Turks and Caicos Islands,Food Transport,Emissions (CO2eq) from N2O (AR5),kilotonnes,0.0265,0.0265,0.0265,0.0265,0.0265,0.0265,0.0265,0.0265,0.0265,0.0265,0.053,0.053,0.053,0.053,0.053,0.053,0.053,0.0795,0.0795,0.053,0.0557
Turks and Caicos Islands,Food Transport,Emissions (CO2eq) (AR5),kilotonnes,1.8955,2.006,2.3079,2.5832,2.7825,3.3764,3.8112,4.3552,4.5995,5.1975,5.5783,5.5372,5.9092,6.2949,6.8465,6.7556,6.7124,9.4365,9.1709,8.4068,7.3952
Turks and Caicos Islands,Energy,Emissions (CH4),kilotonnes,0.0052,0.006,0.007,0.0073,0.006,0.0067,0.0074,0.0084,0.0086,0.0098,0.0085,0.0098,0.0102,0.0121,0.0128,0.0125,0.0124,0.0162,0.016,0.0159,0.0165
Turks and Caicos Islands,Energy,Emissions (N2O),kilotonnes,0.0017,0.0018,0.002,0.0021,0.0022,0.0025,0.0025,0.003,0.0032,0.0035,0.0034,0.0044,0.0048,0.0047,0.0054,0.0052,0.0058,0.0079,0.0076,0.0074,0.0078
Turks and Caicos Islands,Energy,Emissions (CO2),kilotonnes,69.7,73.3,99,103,103,121,143,165,172,180,183,183,183,187,198,205,216,231,238,246,216
Turks and Caicos Islands,Energy,Emissions (CO2eq) from CH4 (AR5),kilotonnes,0.1464,0.1674,0.1971,0.2055,0.168,0.1873,0.2072,0.2341,0.2394,0.275,0.238,0.2752,0.2856,0.3388,0.3584,0.35,0.3472,0.4536,0.448,0.4452,0.462
Turks and Caicos Islands,Energy,Emissions (CO2eq) from N2O (AR5),kilotonnes,0.4373,0.4664,0.5406,0.5671,0.5883,0.6519,0.6493,0.795,0.8374,0.9169,0.8904,1.166,1.2826,1.2455,1.4177,1.3754,1.5317,2.0802,2.0219,1.9663,2.067
Turks and Caicos Islands,Energy,Emissions (CO2eq) (AR5),kilotonnes,70.2837,73.9338,99.7377,103.7726,103.7563,121.8392,143.8564,166.0291,173.0768,181.1919,184.1284,184.4412,184.5682,188.5843,199.7762,206.7253,217.8789,233.5339,240.47,248.4115,218.529
Turks and Caicos Islands,IPPU,Emissions (N2O),kilotonnes,0,0,0,0,0,0,0,0,0,0,0,0,0,0,0,0,0,0,0,0,0
Turks and Caicos Islands,IPPU,Emissions (CO2),kilotonnes,0.06,0.0758,0.0987,0.11,0.111,0.168,0.182,0.198,0.206,0.263,0.254,0.227,0.201,0.217,0.235,0.23,0.228,0.32,0.343,0.307,0.317
Turks and Caicos Islands,IPPU,Emissions (CO2eq) from N2O (AR5),kilotonnes,0.0001,0.0001,0.0001,0.0001,0.0001,0.0001,0.0001,0.0001,0.0001,0.0001,0.0001,0.0001,0.0001,0.0001,0.0001,0.0001,0.0001,0.0001,0.0001,0.0001,0.0001
Turks and Caicos Islands,IPPU,Emissions (CO2eq) (AR5),kilotonnes,0.0601,0.0759,0.0988,0.1101,0.1111,0.1681,0.1821,0.1981,0.2061,0.2631,0.2541,0.2271,0.2011,0.2171,0.2351,0.2301,0.2281,0.3201,0.3431,0.3071,0.3171
Turks and Caicos Islands,Waste,Emissions (CH4),kilotonnes,0.341,0.363,0.397,0.239,0.352,0.392,0.392,0.404,0.447,0.448,0.439,0.454,0.469,0.48,0.427,0.441,0.395,0.382,0.386,0.431,0.433
Turks and Caicos Islands,Waste,Emissions (CO2eq) from CH4 (AR5),kilotonnes,9.548,10.164,11.116,6.692,9.856,10.976,10.976,11.312,12.516,12.544,12.292,12.712,13.132,13.44,11.956,12.348,11.06,10.696,10.808,12.068,12.124
Turks and Caicos Islands,Waste,Emissions (CO2eq) (AR5),kilotonnes,9.548,10.164,11.116,6.692,9.856,10.976,10.976,11.312,12.516,12.544,12.292,12.712,13.132,13.44,11.956,12.348,11.06,10.696,10.808,12.068,12.124
Turks and Caicos Islands,Other,Emissions (N2O),kilotonnes,0.0009,0.001,0.0011,0.0012,0.0013,0.0014,0.0016,0.0018,0.002,0.0022,0.0025,0.0025,0.0028,0.0029,0.0031,0.0031,0.0031,0.0037,0.0036,0.0039,0.0041
Turks and Caicos Islands,Other,Emissions (CO2eq) from N2O (AR5),kilotonnes,0.2499,0.2517,0.2995,0.3233,0.3366,0.3763,0.4214,0.4823,0.5167,0.5698,0.6519,0.6731,0.7288,0.7738,0.8189,0.8268,0.8189,0.9911,0.962,1.0309,1.0759
Turks and Caicos Islands,Other,Emissions (CO2eq) (AR5),kilotonnes,0.2499,0.2517,0.2995,0.3233,0.3366,0.3763,0.4214,0.4823,0.5167,0.5698,0.6519,0.6731,0.7288,0.7738,0.8189,0.8268,0.8189,0.9911,0.962,1.0309,1.0759
Turks and Caicos Islands,Farm-gate emissions,Emissions (CH4),kilotonnes,0.0049,0.005,0.006,0.0061,0.0064,0.0078,0.0082,0.0085,0.0081,0.0106,0.0067,0.006,0.0051,0.0056,0.0059,0.0059,0.0061,0.0084,0.0084,0.0089,0.0089
Turks and Caicos Islands,Farm-gate emissions,Emissions (N2O),kilotonnes,0,0,0,0,0,0,0,0,0,0.0004,0,0,0,0,0,0,0,0,0,0,0
Turks and Caicos Islands,Farm-gate emissions,Emissions (CO2),kilotonnes,1.5303,1.5725,1.8812,1.9274,2.0256,2.4466,2.5898,2.6888,2.5598,2.0552,2.0988,1.8795,1.6165,1.7513,1.8594,1.8662,1.9281,2.6555,2.6585,2.8183,2.8183
Turks and Caicos Islands,Farm-gate emissions,Emissions (CO2eq) from CH4 (AR5),kilotonnes,0.1359,0.1396,0.167,0.1711,0.1799,0.2172,0.23,0.2388,0.2273,0.2972,0.1864,0.1669,0.1435,0.1555,0.1651,0.1657,0.1712,0.2358,0.2361,0.2503,0.2503
Turks and Caicos Islands,Farm-gate emissions,Emissions (CO2eq) from N2O (AR5),kilotonnes,0.0064,0.0066,0.0079,0.0081,0.0085,0.0103,0.0109,0.0113,0.0108,0.1078,0.0088,0.0079,0.0068,0.0074,0.0078,0.0078,0.0081,0.0112,0.0112,0.0118,0.0118
Turks and Caicos Islands,Farm-gate emissions,Emissions (CO2eq) (AR5),kilotonnes,1.6726,1.7188,2.0561,2.1067,2.214,2.6742,2.8306,2.9389,2.7978,2.4602,2.294,2.0543,1.7668,1.9142,2.0323,2.0398,2.1074,2.9025,2.9057,3.0804,3.0804
Turks and Caicos Islands,Land Use change,Emissions (CH4),kilotonnes,0.0043,0,0,0,0,0,0,0,0,0,0,0,0,0,0,0,0,0,0,0,0
Turks and Caicos Islands,Land Use change,Emissions (N2O),kilotonnes,0.0001,0,0,0,0,0,0,0,0,0,0,0,0,0,0,0,0,0,0,0,0
Turks and Caicos Islands,Land Use change,Emissions (CO2),kilotonnes,0,0,0,0,0,0,0,0,0,0,0,0,0,0,0,0,0,0,0,0,0
Turks and Caicos Islands,Land Use change,Emissions (CO2eq) from CH4 (AR5),kilotonnes,0.1201,0,0,0,0,0,0,0,0,0,0,0,0,0,0,0,0,0,0,0,0
Turks and Caicos Islands,Land Use change,Emissions (CO2eq) from N2O (AR5),kilotonnes,0.0334,0,0,0,0,0,0,0,0,0,0,0,0,0,0,0,0,0,0,0,0
Turks and Caicos Islands,Land Use change,Emissions (CO2eq) (AR5),kilotonnes,0.1535,0,0,0,0,0,0,0,0,0,0,0,0,0,0,0,0,0,0,0,0
Turks and Caicos Islands,Emissions on agricultural land,Emissions (CH4),kilotonnes,0.0091,0.005,0.006,0.0061,0.0064,0.0078,0.0082,0.0085,0.0081,0.0106,0.0067,0.006,0.0051,0.0056,0.0059,0.0059,0.0061,0.0084,0.0084,0.0089,0.0089
Turks and Caicos Islands,Emissions on agricultural land,Emissions (N2O),kilotonnes,0.0002,0,0,0,0,0,0,0,0,0.0004,0,0,0,0,0,0,0,0,0,0,0
Turks and Caicos Islands,Emissions on agricultural land,Emissions (CO2),kilotonnes,1.5303,1.5725,1.8812,1.9274,2.0256,2.4466,2.5898,2.6888,2.5598,2.0552,2.0988,1.8795,1.6165,1.7513,1.8594,1.8662,1.9281,2.6555,2.6585,2.8183,2.8183
Turks and Caicos Islands,Emissions on agricultural land,Emissions (CO2eq) from CH4 (AR5),kilotonnes,0.256,0.1396,0.167,0.1711,0.1799,0.2172,0.23,0.2388,0.2273,0.2972,0.1864,0.1669,0.1435,0.1555,0.1651,0.1657,0.1712,0.2358,0.2361,0.2503,0.2503
Turks and Caicos Islands,Emissions on agricultural land,Emissions (CO2eq) from N2O (AR5),kilotonnes,0.0398,0.0066,0.0079,0.0081,0.0085,0.0103,0.0109,0.0113,0.0108,0.1078,0.0088,0.0079,0.0068,0.0074,0.0078,0.0078,0.0081,0.0112,0.0112,0.0118,0.0118
Turks and Caicos Islands,Emissions on agricultural land,Emissions (CO2eq) (AR5),kilotonnes,1.8261,1.7188,2.0561,2.1067,2.214,2.6742,2.8306,2.9389,2.7978,2.4602,2.294,2.0543,1.7668,1.9142,2.0323,2.0398,2.1074,2.9025,2.9057,3.0804,3.0804
Turks and Caicos Islands,Pre- and post- production,Emissions (CH4),kilotonnes,0.0458,0.0494,0.0464,0.0505,0.0547,0.0603,0.066,0.0725,0.0893,0.0927,0.0954,0.0965,0.0986,0.0997,0.1042,0.1076,0.1106,0.1089,0.1149,0.1194,0.1227
Turks and Caicos Islands,Pre- and post- production,Emissions (N2O),kilotonnes,0.0002,0.0002,0.0002,0.0002,0.0002,0.0002,0.0003,0.0003,0.0003,0.0003,0.0004,0.0005,0.0004,0.0004,0.0005,0.0005,0.0006,0.0007,0.0008,0.0007,0.0007
Turks and Caicos Islands,Pre- and post- production,Emissions (CO2),kilotonnes,12.8842,14.0026,11.5478,12.9731,14.3747,16.5594,18.9427,22.2828,28.8469,31.8739,33.0869,35.3502,35.4232,38.1568,39.6718,40.7914,42.8324,45.2054,49.0907,50.1332,44.0194
Turks and Caicos Islands,Pre- and post- production,Emissions (CO2eq) from CH4 (AR5),kilotonnes,1.2815,1.3822,1.2985,1.4153,1.5321,1.6884,1.8494,2.0303,2.4992,2.5954,2.6717,2.7028,2.7613,2.7907,2.9172,3.0117,3.0968,3.0496,3.2177,3.3429,3.4363
Turks and Caicos Islands,Pre- and post- production,Emissions (CO2eq) from N2O (AR5),kilotonnes,0.053,0.053,0.053,0.053,0.053,0.053,0.0795,0.0795,0.0795,0.0795,0.106,0.1325,0.106,0.106,0.1325,0.1325,0.159,0.1855,0.212,0.1855,0.195
Turks and Caicos Islands,Pre- and post- production,Emissions (CO2eq) (AR5),kilotonnes,14.2187,15.4378,12.8993,14.4414,15.9598,18.3008,20.8716,24.3926,31.4256,34.5488,35.8646,38.1855,38.2905,41.0535,42.7215,43.9356,46.0882,48.4405,52.5204,53.6616,47.6507
Turks and Caicos Islands,Agri-food systems,Emissions (CH4),kilotonnes,0.0549,0.0544,0.0523,0.0567,0.0611,0.0681,0.0743,0.081,0.0974,0.1033,0.1021,0.1025,0.1037,0.1052,0.1101,0.1135,0.1167,0.1173,0.1233,0.1283,0.1317
Turks and Caicos Islands,Agri-food systems,Emissions (N2O),kilotonnes,0.0004,0.0002,0.0002,0.0002,0.0002,0.0002,0.0003,0.0003,0.0003,0.0007,0.0004,0.0005,0.0004,0.0004,0.0005,0.0005,0.0006,0.0007,0.0008,0.0007,0.0008
Turks and Caicos Islands,Agri-food systems,Emissions (CO2),kilotonnes,14.4145,15.5751,13.429,14.9005,16.4003,19.006,21.5325,24.9716,31.4067,33.9291,35.1857,37.2297,37.0397,39.9081,41.5312,42.6576,44.7605,47.8609,51.7492,52.9515,46.8377
Turks and Caicos Islands,Agri-food systems,Emissions (CO2eq) from CH4 (AR5),kilotonnes,1.5375,1.5218,1.4655,1.5864,1.712,1.9056,2.0793,2.2691,2.7265,2.8926,2.8581,2.8697,2.9049,2.9462,3.0823,3.1774,3.268,3.2854,3.4537,3.5932,3.6865
Turks and Caicos Islands,Agri-food systems,Emissions (CO2eq) from N2O (AR5),kilotonnes,0.0928,0.0596,0.0609,0.0611,0.0615,0.0633,0.0904,0.0908,0.0903,0.1873,0.1148,0.1404,0.1128,0.1134,0.1403,0.1403,0.1671,0.1967,0.2232,0.1973,0.2068
Turks and Caicos Islands,Agri-food systems,Emissions (CO2eq) (AR5),kilotonnes,16.0448,17.1566,14.9554,16.5481,18.1738,20.9749,23.7022,27.3315,34.2234,37.009,38.1586,40.2398,40.0574,42.9677,44.7538,45.9754,48.1956,51.343,55.4261,56.742,50.731
Turks and Caicos Islands,IPCC Agriculture,Emissions (CH4),kilotonnes,0,0,0,0,0,0,0,0,0,0.0041,0,0,0,0,0,0,0,0,0,0,0
Turks and Caicos Islands,IPCC Agriculture,Emissions (N2O),kilotonnes,0,0,0,0,0,0,0,0,0,0.0004,0,0,0,0,0,0,0,0,0,0,0
Turks and Caicos Islands,IPCC Agriculture,Emissions (CO2eq) from CH4 (AR5),kilotonnes,0,0,0,0,0,0,0,0,0,0.1147,0,0,0,0,0,0,0,0,0,0,0
Turks and Caicos Islands,IPCC Agriculture,Emissions (CO2eq) from N2O (AR5),kilotonnes,0,0,0,0,0,0,0,0,0,0.0991,0,0,0,0,0,0,0,0,0,0,0
Turks and Caicos Islands,IPCC Agriculture,Emissions (CO2eq) (AR5),kilotonnes,0,0,0,0,0,0,0,0,0,0.2138,0,0,0,0,0,0,0,0,0,0,0
Turks and Caicos Islands,Agricultural Soils,Emissions (N2O),kilotonnes,0,0,0,0,0,0,0,0,0,0,0,0,0,0,0,0,0,0,0,0,0
Turks and Caicos Islands,Agricultural Soils,Emissions (CO2eq) from N2O (AR5),kilotonnes,0,0,0,0,0,0,0,0,0,0,0,0,0,0,0,0,0,0,0,0,0
Turks and Caicos Islands,Agricultural Soils,Emissions (CO2eq) (AR5),kilotonnes,0,0,0,0,0,0,0,0,0,0,0,0,0,0,0,0,0,0,0,0,0
Turks and Caicos Islands,LULUCF,Emissions (CH4),kilotonnes,0.0043,0,0,0,0,0,0,0,0,0,0,0,0,0,0,0,0,0,0,0,0
Turks and Caicos Islands,LULUCF,Emissions (N2O),kilotonnes,0.0001,0,0,0,0,0,0,0,0,0,0,0,0,0,0,0,0,0,0,0,0
Turks and Caicos Islands,LULUCF,Emissions (CO2),kilotonnes,0,0,0,0,0,0,0,0,0,0,0,0,0,0,0,0,0,0,0,0,0
Turks and Caicos Islands,LULUCF,Emissions (CO2eq) from CH4 (AR5),kilotonnes,0.1201,0,0,0,0,0,0,0,0,0,0,0,0,0,0,0,0,0,0,0,0
Turks and Caicos Islands,LULUCF,Emissions (CO2eq) from N2O (AR5),kilotonnes,0.0334,0,0,0,0,0,0,0,0,0,0,0,0,0,0,0,0,0,0,0,0
Turks and Caicos Islands,LULUCF,Emissions (CO2eq) (AR5),kilotonnes,0.1535,0,0,0,0,0,0,0,0,0,0,0,0,0,0,0,0,0,0,0,0
Turks and Caicos Islands,AFOLU,Emissions (CH4),kilotonnes,0.0043,0,0,0,0,0,0,0,0,0.0041,0,0,0,0,0,0,0,0,0,0,0
Turks and Caicos Islands,AFOLU,Emissions (N2O),kilotonnes,0.0001,0,0,0,0,0,0,0,0,0.0004,0,0,0,0,0,0,0,0,0,0,0
Turks and Caicos Islands,AFOLU,Emissions (CO2),kilotonnes,0,0,0,0,0,0,0,0,0,0,0,0,0,0,0,0,0,0,0,0,0
Turks and Caicos Islands,AFOLU,Emissions (CO2eq) from CH4 (AR5),kilotonnes,0.1201,0,0,0,0,0,0,0,0,0.1147,0,0,0,0,0,0,0,0,0,0,0
Turks and Caicos Islands,AFOLU,Emissions (CO2eq) from N2O (AR5),kilotonnes,0.0334,0,0,0,0,0,0,0,0,0.0991,0,0,0,0,0,0,0,0,0,0,0
Turks and Caicos Islands,AFOLU,Emissions (CO2eq) (AR5),kilotonnes,0.1535,0,0,0,0,0,0,0,0,0.2138,0,0,0,0,0,0,0,0,0,0,0
Turks and Caicos Islands,All sectors with LULUCF,Emissions (CH4),kilotonnes,0.3505,0.369,0.404,0.2463,0.358,0.3987,0.3994,0.4124,0.4556,0.4619,0.4475,0.4638,0.4792,0.4921,0.4398,0.4535,0.4074,0.3982,0.402,0.4469,0.4495
Turks and Caicos Islands,All sectors with LULUCF,Emissions (N2O),kilotonnes,0.0027,0.0027,0.0032,0.0034,0.0035,0.0039,0.004,0.0048,0.0051,0.006,0.0058,0.0069,0.0076,0.0076,0.0084,0.0083,0.0089,0.0116,0.0113,0.0113,0.0119
Turks and Caicos Islands,All sectors with LULUCF,Emissions (CO2),kilotonnes,69.76,73.3758,99.0987,103.11,103.111,121.168,143.182,165.198,172.206,180.263,183.254,183.227,183.201,187.217,198.235,205.23,216.228,231.32,238.343,246.307,216.317
Turks and Caicos Islands,All sectors with LULUCF,Emissions (CO2eq) from CH4 (AR5),kilotonnes,9.8146,10.3314,11.3131,6.8975,10.024,11.1633,11.1832,11.5461,12.7554,12.9337,12.53,12.9872,13.4176,13.7788,12.3144,12.698,11.4072,11.1496,11.256,12.5132,12.586
Turks and Caicos Islands,All sectors with LULUCF,Emissions (CO2eq) from N2O (AR5),kilotonnes,0.7206,0.7182,0.8401,0.8905,0.9249,1.0283,1.0707,1.2774,1.3542,1.5859,1.5424,1.8392,2.0114,2.0194,2.2367,2.2023,2.3507,3.0715,2.984,2.9973,3.143
Turks and Caicos Islands,All sectors with LULUCF,Emissions (CO2eq) (AR5),kilotonnes,80.2952,84.4254,111.2519,110.898,114.0599,133.3596,155.4359,178.0215,186.3156,194.7825,197.3264,198.0534,198.63,203.0152,212.7861,220.1303,229.9859,245.5411,252.583,261.8175,232.046
Turks and Caicos Islands,All sectors without LULUCF,Emissions (CH4),kilotonnes,0.3462,0.369,0.404,0.2463,0.358,0.3987,0.3994,0.4124,0.4556,0.4619,0.4475,0.4638,0.4792,0.4921,0.4398,0.4535,0.4074,0.3982,0.402,0.4469,0.4495
Turks and Caicos Islands,All sectors without LULUCF,Emissions (N2O),kilotonnes,0.0026,0.0027,0.0032,0.0034,0.0035,0.0039,0.004,0.0048,0.0051,0.006,0.0058,0.0069,0.0076,0.0076,0.0084,0.0083,0.0089,0.0116,0.0113,0.0113,0.0119
Turks and Caicos Islands,All sectors without LULUCF,Emissions (CO2),kilotonnes,69.76,73.3758,99.0987,103.11,103.111,121.168,143.182,165.198,172.206,180.263,183.254,183.227,183.201,187.217,198.235,205.23,216.228,231.32,238.343,246.307,216.317
Turks and Caicos Islands,All sectors without LULUCF,Emissions (CO2eq) from CH4 (AR5),kilotonnes,9.6944,10.3314,11.3131,6.8975,10.024,11.1633,11.1832,11.5461,12.7554,12.9337,12.53,12.9872,13.4176,13.7788,12.3144,12.698,11.4072,11.1496,11.256,12.5132,12.586
Turks and Caicos Islands,All sectors without LULUCF,Emissions (CO2eq) from N2O (AR5),kilotonnes,0.6872,0.7182,0.8401,0.8905,0.9249,1.0283,1.0707,1.2774,1.3542,1.5859,1.5424,1.8392,2.0114,2.0194,2.2367,2.2023,2.3507,3.0715,2.984,2.9973,3.143
Turks and Caicos Islands,All sectors without LULUCF,Emissions (CO2eq) (AR5),kilotonnes,80.1416,84.4254,111.2519,110.898,114.0599,133.3596,155.4359,178.0215,186.3156,194.7825,197.3264,198.0534,198.63,203.0152,212.7861,220.1303,229.9859,245.5411,252.583,261.8175,232.046
Tuvalu,Enteric Fermentation,Emissions (CH4),kilotonnes,0.0132,0.0132,0.0135,0.0135,0.0135,0.0135,0.0135,0.0136,0.0137,0.0138,0.0138,0.0139,0.014,0.014,0.0141,0.0142,0.0143,0.0144,0.0144,0.0145,0.0145
Tuvalu,Enteric Fermentation,Emissions (CH4),kilotonnes,,,,,,,,,,,,,,,0.0088,,,,,,
Tuvalu,Enteric Fermentation,Emissions (CO2eq) from CH4 (AR5),kilotonnes,0.3696,0.3696,0.378,0.378,0.378,0.378,0.378,0.3808,0.3842,0.387,0.3877,0.3895,0.3912,0.393,0.3959,0.3989,0.4002,0.4023,0.4035,0.4054,0.4072
Tuvalu,Enteric Fermentation,Emissions (CO2eq) from CH4 (AR5),kilotonnes,,,,,,,,,,,,,,,0.2464,,,,,,
Tuvalu,Enteric Fermentation,Emissions (CO2eq) (AR5),kilotonnes,0.3696,0.3696,0.378,0.378,0.378,0.378,0.378,0.3808,0.3842,0.387,0.3877,0.3895,0.3912,0.393,0.3959,0.3989,0.4002,0.4023,0.4035,0.4054,0.4072
Tuvalu,Enteric Fermentation,Emissions (CO2eq) (AR5),kilotonnes,,,,,,,,,,,,,,,0.2464,,,,,,
Tuvalu,Manure Management,Emissions (CH4),kilotonnes,0.1869,0.1869,0.1912,0.1912,0.1912,0.1912,0.1912,0.1927,0.1944,0.1959,0.1962,0.1971,0.198,0.1989,0.2004,0.2019,0.2026,0.2037,0.2043,0.2052,0.2062
Tuvalu,Manure Management,Emissions (CH4),kilotonnes,,,,,,,,,,,,,,,0.0179,,,,,,
Tuvalu,Manure Management,Emissions (N2O),kilotonnes,0.0017,0.0017,0.0017,0.0017,0.0017,0.0017,0.0017,0.0017,0.0017,0.0018,0.0018,0.0018,0.0018,0.0018,0.0018,0.0018,0.0018,0.0018,0.0018,0.0019,0.0019
Tuvalu,Manure Management,Emissions (N2O),kilotonnes,,,,,,,,,,,,,,,,,,,,,
Tuvalu,Manure Management,Emissions (CO2eq) from CH4 (AR5),kilotonnes,5.2338,5.2338,5.355,5.355,5.355,5.355,5.355,5.3945,5.4428,5.4839,5.4943,5.5197,5.5444,5.5701,5.6116,5.6541,5.6727,5.7026,5.72,5.7468,5.7732
Tuvalu,Manure Management,Emissions (CO2eq) from CH4 (AR5),kilotonnes,,,,,,,,,,,,,,,0.5012,,,,,,
Tuvalu,Manure Management,Emissions (CO2eq) from N2O (AR5),kilotonnes,0.4413,0.4413,0.4553,0.4553,0.4553,0.4542,0.4542,0.4573,0.4621,0.4696,0.4682,0.4709,0.4728,0.4756,0.4795,0.4835,0.4856,0.4873,0.4893,0.4921,0.4949
Tuvalu,Manure Management,Emissions (CO2eq) from N2O (AR5),kilotonnes,,,,,,,,,,,,,,,,,,,,,
Tuvalu,Manure Management,Emissions (CO2eq) (AR5),kilotonnes,5.675,5.675,5.8103,5.8103,5.8103,5.8092,5.8092,5.8518,5.9049,5.9535,5.9626,5.9906,6.0173,6.0457,6.0911,6.1376,6.1583,6.1899,6.2094,6.2389,6.2681
Tuvalu,Manure Management,Emissions (CO2eq) (AR5),kilotonnes,,,,,,,,,,,,,,,0.5012,,,,,,
Tuvalu,Manure left on Pasture,Direct emissions (N2O),kilotonnes,0,0,0,0,0,0,0,0,0,0,0,0,0,0,0,0,0,0,0,0,0
Tuvalu,Manure left on Pasture,Indirect emissions (N2O),kilotonnes,0,0,0,0,0,0,0,0,0,0,0,0,0,0,0,0,0,0,0,0,0
Tuvalu,Manure left on Pasture,Emissions (N2O),kilotonnes,0,0,0,0,0,0,0,0,0,0,0,0,0,0,0,0,0,0,0,0,0
Tuvalu,Manure left on Pasture,Emissions (CO2eq) from N2O (AR5),kilotonnes,0.0049,0.0049,0.0056,0.0056,0.0056,0.0055,0.0055,0.0055,0.0056,0.0063,0.006,0.0061,0.0061,0.0062,0.0063,0.0064,0.0065,0.0064,0.0065,0.0066,0.0067
Tuvalu,Manure left on Pasture,Emissions (CO2eq) (AR5),kilotonnes,0.0049,0.0049,0.0056,0.0056,0.0056,0.0055,0.0055,0.0055,0.0056,0.0063,0.006,0.0061,0.0061,0.0062,0.0063,0.0064,0.0065,0.0064,0.0065,0.0066,0.0067
Tuvalu,Manure applied to Soils,Direct emissions (N2O),kilotonnes,0.0015,0.0015,0.0016,0.0016,0.0016,0.0016,0.0016,0.0016,0.0016,0.0017,0.0016,0.0017,0.0017,0.0017,0.0017,0.0017,0.0017,0.0017,0.0017,0.0017,0.0017
Tuvalu,Manure applied to Soils,Indirect emissions (N2O),kilotonnes,0.0006,0.0006,0.0007,0.0007,0.0007,0.0007,0.0007,0.0007,0.0007,0.0007,0.0007,0.0007,0.0007,0.0007,0.0007,0.0007,0.0007,0.0007,0.0007,0.0007,0.0007
Tuvalu,Manure applied to Soils,Emissions (N2O),kilotonnes,0.0022,0.0022,0.0023,0.0023,0.0023,0.0023,0.0023,0.0023,0.0023,0.0024,0.0023,0.0024,0.0024,0.0024,0.0024,0.0024,0.0024,0.0024,0.0025,0.0025,0.0025
Tuvalu,Manure applied to Soils,Emissions (CO2eq) from N2O (AR5),kilotonnes,0.5759,0.5759,0.6003,0.6003,0.6003,0.5972,0.5972,0.6009,0.6084,0.6244,0.6193,0.6236,0.6259,0.6303,0.6362,0.6422,0.6459,0.6467,0.6503,0.6548,0.6593
Tuvalu,Manure applied to Soils,Emissions (CO2eq) (AR5),kilotonnes,0.5759,0.5759,0.6003,0.6003,0.6003,0.5972,0.5972,0.6009,0.6084,0.6244,0.6193,0.6236,0.6259,0.6303,0.6362,0.6422,0.6459,0.6467,0.6503,0.6548,0.6593
Tuvalu,Drained organic soils,Emissions (CO2eq) (AR5),kilotonnes,0,0,0,0,0,0,0,0,0,0,0,0,0,0,0,0,0,0,0,0,0
Tuvalu,Drained organic soils (CO2),Emissions (CO2),kilotonnes,0,0,0,0,0,0,0,0,0,0,0,0,0,0,0,0,0,0,0,0,0
Tuvalu,Drained organic soils (CO2),Emissions (CO2eq) (AR5),kilotonnes,0,0,0,0,0,0,0,0,0,0,0,0,0,0,0,0,0,0,0,0,0
Tuvalu,Drained organic soils (N2O),Emissions (N2O),kilotonnes,0,0,0,0,0,0,0,0,0,0,0,0,0,0,0,0,0,0,0,0,0
Tuvalu,Drained organic soils (N2O),Emissions (CO2eq) from N2O (AR5),kilotonnes,0,0,0,0,0,0,0,0,0,0,0,0,0,0,0,0,0,0,0,0,0
Tuvalu,Drained organic soils (N2O),Emissions (CO2eq) (AR5),kilotonnes,0,0,0,0,0,0,0,0,0,0,0,0,0,0,0,0,0,0,0,0,0
Tuvalu,On-farm energy use,Emissions (CH4),kilotonnes,0.0003,0.0004,0.0004,0.0004,0.0004,0.0003,0.0004,0.0005,0.0004,0.0005,0.0004,0.0004,0.0004,0.0005,0.0004,0.0003,0.0002,0.0002,0.0003,0.0003,0.0003
Tuvalu,On-farm energy use,Emissions (N2O),kilotonnes,0.0001,0.0001,0,0,0,0,0.0001,0.0001,0.0001,0.0001,0,0.0001,0.0001,0,0.0001,0,0,0,0,0,0
Tuvalu,On-farm energy use,Emissions (CO2),kilotonnes,0.3822,0.5379,0.4352,0.3993,0.3661,0.3197,0.5282,0.6977,0.4799,0.5948,0.4351,0.5069,0.4824,0.4353,0.4353,0.2457,0.2378,0.2737,0.3103,0.2853,0.2853
Tuvalu,On-farm energy use,Emissions (CO2eq) from CH4 (AR5),kilotonnes,0.0082,0.0103,0.0111,0.011,0.011,0.009,0.0108,0.0127,0.0115,0.0138,0.0107,0.0102,0.0123,0.0129,0.01,0.0072,0.0068,0.0069,0.008,0.0076,0.0076
Tuvalu,On-farm energy use,Emissions (CO2eq) from N2O (AR5),kilotonnes,0.0158,0.0258,0.0124,0.0087,0.0053,0.0062,0.0228,0.0349,0.0152,0.0206,0.013,0.0222,0.0133,0.0064,0.0152,0.0036,0.0039,0.0075,0.0077,0.0063,0.0063
Tuvalu,On-farm energy use,Emissions (CO2eq) (AR5),kilotonnes,0.4062,0.5741,0.4587,0.419,0.3823,0.3349,0.5618,0.7453,0.5067,0.6292,0.4588,0.5393,0.508,0.4546,0.4605,0.2565,0.2486,0.2881,0.3261,0.2992,0.2992
Tuvalu,Forestland,Emissions (CO2),kilotonnes,-0.2348,-0.1981,-0.1981,-0.1981,-0.1981,-0.1981,-0.1981,-0.1981,-0.1981,-0.1981,-0.1981,-0.1769,-0.1769,-0.1769,-0.1769,-0.1769,-0.1997,-0.1997,-0.1997,-0.1997,-0.1997
Tuvalu,Forestland,Emissions (CO2eq) (AR5),kilotonnes,-0.2348,-0.1981,-0.1981,-0.1981,-0.1981,-0.1981,-0.1981,-0.1981,-0.1981,-0.1981,-0.1981,-0.1769,-0.1769,-0.1769,-0.1769,-0.1769,-0.1997,-0.1997,-0.1997,-0.1997,-0.1997
Tuvalu,Net Forest conversion,Emissions (CO2),kilotonnes,0,0,0,0,0,0,0,0,0,0,0,0,0,0,0,0,0,0,0,0,0
Tuvalu,Net Forest conversion,Emissions (CO2eq) (AR5),kilotonnes,0,0,0,0,0,0,0,0,0,0,0,0,0,0,0,0,0,0,0,0,0
Tuvalu,Savanna fires,Emissions (CH4),kilotonnes,0,0,0,0,0,0,0,0,0,0,0,0,0,0,0,0,0,0,0,0,0
Tuvalu,Savanna fires,Emissions (N2O),kilotonnes,0,0,0,0,0,0,0,0,0,0,0,0,0,0,0,0,0,0,0,0,0
Tuvalu,Savanna fires,Emissions (CO2eq) from CH4 (AR5),kilotonnes,0,0,0,0,0,0,0,0,0,0,0,0,0,0,0,0,0,0,0,0,0
Tuvalu,Savanna fires,Emissions (CO2eq) from N2O (AR5),kilotonnes,0,0,0,0,0,0,0,0,0,0,0,0,0,0,0,0,0,0,0,0,0
Tuvalu,Savanna fires,Emissions (CO2eq) (AR5),kilotonnes,0,0,0,0,0,0,0,0,0,0,0,0,0,0,0,0,0,0,0,0,0
Tuvalu,Fires in organic soils,Emissions (CH4),kilotonnes,0,0,0,0,0,0,0,0,0,0,0,0,0,0,0,0,0,0,0,0,0
Tuvalu,Fires in organic soils,Emissions (CO2),kilotonnes,0,0,0,0,0,0,0,0,0,0,0,0,0,0,0,0,0,0,0,0,0
Tuvalu,Fires in organic soils,Emissions (CO2eq) from CH4 (AR5),kilotonnes,0,0,0,0,0,0,0,0,0,0,0,0,0,0,0,0,0,0,0,0,0
Tuvalu,Fires in organic soils,Emissions (CO2eq) (AR5),kilotonnes,0,0,0,0,0,0,0,0,0,0,0,0,0,0,0,0,0,0,0,0,0
Tuvalu,Forest fires,Emissions (CH4),kilotonnes,0,0,0,0,0,0,0,0,0,0,0,0,0,0,0,0,0,0,0,0,0
Tuvalu,Forest fires,Emissions (N2O),kilotonnes,0,0,0,0,0,0,0,0,0,0,0,0,0,0,0,0,0,0,0,0,0
Tuvalu,Forest fires,Emissions (CO2eq) from CH4 (AR5),kilotonnes,0,0,0,0,0,0,0,0,0,0,0,0,0,0,0,0,0,0,0,0,0
Tuvalu,Forest fires,Emissions (CO2eq) from N2O (AR5),kilotonnes,0,0,0,0,0,0,0,0,0,0,0,0,0,0,0,0,0,0,0,0,0
Tuvalu,Forest fires,Emissions (CO2eq) (AR5),kilotonnes,0,0,0,0,0,0,0,0,0,0,0,0,0,0,0,0,0,0,0,0,0
Tuvalu,Fires in humid tropical forests,Emissions (CH4),kilotonnes,0,0,0,0,0,0,0,0,0,0,0,0,0,0,0,0,0,0,0,0,0
Tuvalu,Fires in humid tropical forests,Emissions (N2O),kilotonnes,0,0,0,0,0,0,0,0,0,0,0,0,0,0,0,0,0,0,0,0,0
Tuvalu,Fires in humid tropical forests,Emissions (CO2eq) from CH4 (AR5),kilotonnes,0,0,0,0,0,0,0,0,0,0,0,0,0,0,0,0,0,0,0,0,0
Tuvalu,Fires in humid tropical forests,Emissions (CO2eq) from N2O (AR5),kilotonnes,0,0,0,0,0,0,0,0,0,0,0,0,0,0,0,0,0,0,0,0,0
Tuvalu,Fires in humid tropical forests,Emissions (CO2eq) (AR5),kilotonnes,0,0,0,0,0,0,0,0,0,0,0,0,0,0,0,0,0,0,0,0,0
Tuvalu,Waste - agri-food systems,Emissions (CH4),kilotonnes,0.0125,0.0126,0.0128,0.0129,0.0131,0.0133,0.0134,0.0136,0.0137,0.0139,0.014,0.0141,0.0143,0.0144,0.0143,0.0721,0.1298,0.1875,0.2452,0.3029,0.3606
Tuvalu,Waste - agri-food systems,Emissions (N2O),kilotonnes,0,0,0,0,0,0,0,0,0,0,0,0,0,0,0,0,0,0,0,0,0
Tuvalu,Waste - agri-food systems,Emissions (CO2),kilotonnes,0,0,0,0,0,0,0,0,0,0,0,0,0,0,0,0,0,0,0,0,0
Tuvalu,Waste - agri-food systems,Emissions (CO2eq) from CH4 (AR5),kilotonnes,0.3502,0.3533,0.3574,0.3621,0.3674,0.372,0.3763,0.3809,0.3844,0.3881,0.3918,0.3957,0.4001,0.4039,0.4016,2.0177,3.6339,5.2501,6.8666,8.4815,10.0958
Tuvalu,Waste - agri-food systems,Emissions (CO2eq) from N2O (AR5),kilotonnes,0.0014,0.0013,0.0013,0.0013,0.0013,0.0013,0.0014,0.0014,0.0015,0.0015,0.0015,0.0015,0.0016,0.0016,0.0011,0.0011,0.0011,0.0012,0.0012,0.001,0.0009
Tuvalu,Waste - agri-food systems,Emissions (CO2eq) (AR5),kilotonnes,0.3516,0.3546,0.3587,0.3634,0.3687,0.3733,0.3777,0.3824,0.3858,0.3896,0.3933,0.3972,0.4016,0.4054,0.4027,2.0188,3.635,5.2513,6.8678,8.4825,10.0967
Tuvalu,On-farm electricity use,Emissions (CH4),kilotonnes,0,0,0,0,0,0,0,0,0,0,0,0,0,0,0,0,0,0,0,0,0
Tuvalu,On-farm electricity use,Emissions (N2O),kilotonnes,0,0,0,0,0,0,0,0,0,0,0,0,0,0,0,0,0,0,0,0,0
Tuvalu,On-farm electricity use,Emissions (CO2),kilotonnes,0,0,0,0,0,0,0,0,0,0,0,0,0,0,0,0,0,0,0,0,0
Tuvalu,On-farm electricity use,Emissions (CO2eq) from CH4 (AR5),kilotonnes,0,0,0,0,0,0,0,0,0,0,0,0,0,0,0,0,0,0,0,0,0
Tuvalu,On-farm electricity use,Emissions (CO2eq) from N2O (AR5),kilotonnes,0,0,0,0,0,0,0,0,0,0,0,0,0,0,0,0,0,0,0,0,0
Tuvalu,On-farm electricity use,Emissions (CO2eq) (AR5),kilotonnes,0,0,0,0,0,0,0,0,0,0,0,0,0,0,0,0,0,0,0,0,0
Tuvalu,Food Processing,Emissions (CO2),kilotonnes,0.2056,0.2157,0.3033,0.3183,0.3108,0.3319,0.2076,0.3136,0.2963,0.5769,0.4609,0.4516,0.6121,0.6327,0.7194,0.7597,0.7405,0.7105,0.7667,1.0356,1.0274
Tuvalu,Food Processing,Emissions (CO2eq) (AR5),kilotonnes,0.2056,0.2157,0.3033,0.3183,0.3108,0.3319,0.2076,0.3136,0.2963,0.5769,0.4609,0.4516,0.6121,0.6327,0.7194,0.7597,0.7405,0.7105,0.7667,1.0356,1.0274
Tuvalu,Food Packaging,Emissions (CO2),kilotonnes,0.0132,0.0127,0.021,0.0151,0.0144,0.0105,0.0073,0.0106,0.0112,0.0118,0.0084,0.0078,0.0128,0.0144,0.0182,0.0161,0.0174,0.0164,0.0215,0.014,0.0139
Tuvalu,Food Packaging,Emissions (CO2eq) (AR5),kilotonnes,0.0132,0.0127,0.021,0.0151,0.0144,0.0105,0.0073,0.0106,0.0112,0.0118,0.0084,0.0078,0.0128,0.0144,0.0182,0.0161,0.0174,0.0164,0.0215,0.014,0.0139
Tuvalu,Food Retail,Emissions (CO2),kilotonnes,0.1547,0.1566,0.1977,0.1977,0.2196,0.2261,0.217,0.2217,0.2308,0.193,0.2392,0.2224,0.219,0.2235,0.222,0.2313,0.2854,0.284,0.2953,0.2877,0.2854
Tuvalu,Food Retail,Emissions (CO2eq) (AR5),kilotonnes,0.1547,0.1566,0.1977,0.1977,0.2196,0.2261,0.217,0.2217,0.2308,0.193,0.2392,0.2224,0.219,0.2235,0.222,0.2313,0.2854,0.284,0.2953,0.2877,0.2854
Tuvalu,Food Household Consumption,Emissions (CO2),kilotonnes,0.2447,0.2573,0.28,0.2818,0.2837,0.2982,0.31,0.3311,0.2201,0.244,0.218,0.1891,0.209,0.2098,0.2155,0.2352,0.2527,0.2523,0.259,0.2657,0.2636
Tuvalu,Food Household Consumption,Emissions (CO2eq) (AR5),kilotonnes,0.2447,0.2573,0.28,0.2818,0.2837,0.2982,0.31,0.3311,0.2201,0.244,0.218,0.1891,0.209,0.2098,0.2155,0.2352,0.2527,0.2523,0.259,0.2657,0.2636
Tuvalu,Energy,Emissions (CO2),kilotonnes,7.33,7.33,11,11,11,11,7.33,11,11,11,7.33,7.33,11,11,11,11,11,11,11.6,12.7,12.6
Tuvalu,Energy,Emissions (CO2eq) (AR5),kilotonnes,7.33,7.33,11,11,11,11,7.33,11,11,11,7.33,7.33,11,11,11,11,11,11,11.6,12.7,12.6
Tuvalu,IPPU,Emissions (N2O),kilotonnes,0.0002,0.0002,0.0002,0.0002,0.0002,0.0002,0.0002,0.0002,0.0002,0.0002,0.0002,0.0002,0.0002,0.0002,0.0002,0.0002,0.0002,0.0002,0.0002,0.0002,0.0002
Tuvalu,IPPU,Emissions (CO2),kilotonnes,0.0119,0.0119,0.012,0.0121,0.0121,0.0122,0.0122,0.0123,0.0123,0.0123,0.0123,0.0123,0.0123,0.0172,0.0221,0.027,0.0319,0.0368,0.0417,0.0349,0.0369
Tuvalu,IPPU,Emissions (CO2eq) from N2O (AR5),kilotonnes,0.0509,0.0514,0.0519,0.0527,0.0533,0.0541,0.0546,0.0554,0.0557,0.0564,0.0567,0.0572,0.0578,0.0583,0.0588,0.0594,0.0599,0.0604,0.061,0.0615,0.062
Tuvalu,IPPU,Emissions (CO2eq) (AR5),kilotonnes,0.0628,0.0633,0.0639,0.0648,0.0654,0.0663,0.0668,0.0677,0.068,0.0687,0.069,0.0695,0.0701,0.0755,0.0809,0.0864,0.0918,0.0972,0.1027,0.0964,0.0989
Tuvalu,Waste,Emissions (CH4),kilotonnes,0.0933,0.0947,0.0969,0.0987,0.101,0.102,0.104,0.107,0.11,0.111,0.113,0.116,0.118,0.12,0.122,0.125,0.128,0.13,0.132,0.134,0.136
Tuvalu,Waste,Emissions (CO2eq) from CH4 (AR5),kilotonnes,2.6124,2.6516,2.7132,2.7636,2.828,2.856,2.912,2.996,3.08,3.108,3.164,3.248,3.304,3.36,3.416,3.5,3.584,3.64,3.696,3.752,3.808
Tuvalu,Waste,Emissions (CO2eq) (AR5),kilotonnes,2.6124,2.6516,2.7132,2.7636,2.828,2.856,2.912,2.996,3.08,3.108,3.164,3.248,3.304,3.36,3.416,3.5,3.584,3.64,3.696,3.752,3.808
Tuvalu,Farm-gate emissions,Emissions (CH4),kilotonnes,0.2004,0.2005,0.2051,0.2051,0.2051,0.2051,0.2051,0.2067,0.2085,0.2102,0.2105,0.2114,0.2124,0.2134,0.2149,0.2164,0.2171,0.2183,0.219,0.22,0.221
Tuvalu,Farm-gate emissions,Direct emissions (N2O),kilotonnes,0.0015,0.0015,0.0016,0.0016,0.0016,0.0016,0.0016,0.0016,0.0016,0.0017,0.0017,0.0017,0.0017,0.0017,0.0017,0.0017,0.0017,0.0017,0.0017,0.0018,0.0018
Tuvalu,Farm-gate emissions,Indirect emissions (N2O),kilotonnes,0.0007,0.0007,0.0007,0.0007,0.0007,0.0007,0.0007,0.0007,0.0007,0.0007,0.0007,0.0007,0.0007,0.0007,0.0007,0.0007,0.0007,0.0007,0.0007,0.0007,0.0007
Tuvalu,Farm-gate emissions,Emissions (N2O),kilotonnes,0.0039,0.004,0.0041,0.004,0.004,0.004,0.0041,0.0041,0.0041,0.0042,0.0042,0.0042,0.0042,0.0042,0.0043,0.0043,0.0043,0.0043,0.0044,0.0044,0.0044
Tuvalu,Farm-gate emissions,Emissions (CO2),kilotonnes,0.3822,0.5379,0.4352,0.3993,0.3661,0.3197,0.5282,0.6977,0.4799,0.5948,0.4351,0.5069,0.4824,0.4353,0.4353,0.2457,0.2378,0.2737,0.3103,0.2853,0.2853
Tuvalu,Farm-gate emissions,Emissions (CO2eq) from CH4 (AR5),kilotonnes,5.6115,5.6136,5.7441,5.744,5.744,5.742,5.7438,5.788,5.8385,5.8847,5.8927,5.9194,5.948,5.976,6.0175,6.0602,6.0796,6.1118,6.1316,6.1598,6.1881
Tuvalu,Farm-gate emissions,Emissions (CO2eq) from N2O (AR5),kilotonnes,1.0378,1.0479,1.0736,1.0699,1.0665,1.0631,1.0797,1.0985,1.0914,1.1209,1.1065,1.1228,1.1181,1.1185,1.1371,1.1357,1.142,1.1479,1.1539,1.1598,1.1671
Tuvalu,Farm-gate emissions,Emissions (CO2eq) (AR5),kilotonnes,7.0316,7.1995,7.2529,7.2132,7.1765,7.1248,7.3517,7.5842,7.4098,7.6004,7.4343,7.549,7.5485,7.5298,7.59,7.4416,7.4594,7.5334,7.5958,7.605,7.6405
Tuvalu,Land Use change,Emissions (CH4),kilotonnes,0,0,0,0,0,0,0,0,0,0,0,0,0,0,0,0,0,0,0,0,0
Tuvalu,Land Use change,Emissions (N2O),kilotonnes,0,0,0,0,0,0,0,0,0,0,0,0,0,0,0,0,0,0,0,0,0
Tuvalu,Land Use change,Emissions (CO2),kilotonnes,0,0,0,0,0,0,0,0,0,0,0,0,0,0,0,0,0,0,0,0,0
Tuvalu,Land Use change,Emissions (CO2eq) from CH4 (AR5),kilotonnes,0,0,0,0,0,0,0,0,0,0,0,0,0,0,0,0,0,0,0,0,0
Tuvalu,Land Use change,Emissions (CO2eq) from N2O (AR5),kilotonnes,0,0,0,0,0,0,0,0,0,0,0,0,0,0,0,0,0,0,0,0,0
Tuvalu,Land Use change,Emissions (CO2eq) (AR5),kilotonnes,0,0,0,0,0,0,0,0,0,0,0,0,0,0,0,0,0,0,0,0,0
Tuvalu,Emissions on agricultural land,Emissions (CH4),kilotonnes,0.2004,0.2005,0.2051,0.2051,0.2051,0.2051,0.2051,0.2067,0.2085,0.2102,0.2105,0.2114,0.2124,0.2134,0.2149,0.2164,0.2171,0.2183,0.219,0.22,0.221
Tuvalu,Emissions on agricultural land,Emissions (N2O),kilotonnes,0.0039,0.004,0.0041,0.004,0.004,0.004,0.0041,0.0041,0.0041,0.0042,0.0042,0.0042,0.0042,0.0042,0.0043,0.0043,0.0043,0.0043,0.0044,0.0044,0.0044
Tuvalu,Emissions on agricultural land,Emissions (CO2),kilotonnes,0.3822,0.5379,0.4352,0.3993,0.3661,0.3197,0.5282,0.6977,0.4799,0.5948,0.4351,0.5069,0.4824,0.4353,0.4353,0.2457,0.2378,0.2737,0.3103,0.2853,0.2853
Tuvalu,Emissions on agricultural land,Emissions (CO2eq) from CH4 (AR5),kilotonnes,5.6115,5.6136,5.7441,5.744,5.744,5.742,5.7438,5.788,5.8385,5.8847,5.8927,5.9194,5.948,5.976,6.0175,6.0602,6.0796,6.1118,6.1316,6.1598,6.1881
Tuvalu,Emissions on agricultural land,Emissions (CO2eq) from N2O (AR5),kilotonnes,1.0378,1.0479,1.0736,1.0699,1.0665,1.0631,1.0797,1.0985,1.0914,1.1209,1.1065,1.1228,1.1181,1.1185,1.1371,1.1357,1.142,1.1479,1.1539,1.1598,1.1671
Tuvalu,Emissions on agricultural land,Emissions (CO2eq) (AR5),kilotonnes,7.0316,7.1995,7.2529,7.2132,7.1765,7.1248,7.3517,7.5842,7.4098,7.6004,7.4343,7.549,7.5485,7.5298,7.59,7.4416,7.4594,7.5334,7.5958,7.605,7.6405
Tuvalu,Pre- and post- production,Emissions (CH4),kilotonnes,0.0125,0.0126,0.0128,0.0129,0.0131,0.0133,0.0134,0.0136,0.0137,0.0139,0.014,0.0141,0.0143,0.0144,0.0143,0.0721,0.1298,0.1875,0.2452,0.3029,0.3606
Tuvalu,Pre- and post- production,Emissions (N2O),kilotonnes,0,0,0,0,0,0,0,0,0,0,0,0,0,0,0,0,0,0,0,0,0
Tuvalu,Pre- and post- production,Emissions (CO2),kilotonnes,0.6182,0.6423,0.802,0.8129,0.8285,0.8667,0.7419,0.877,0.7584,1.0257,0.9265,0.8709,1.0529,1.0804,1.1751,1.2423,1.296,1.2632,1.3425,1.603,1.5904
Tuvalu,Pre- and post- production,Emissions (CO2eq) from CH4 (AR5),kilotonnes,0.3502,0.3533,0.3574,0.3621,0.3674,0.372,0.3763,0.3809,0.3844,0.3881,0.3918,0.3957,0.4001,0.4039,0.4016,2.0177,3.6339,5.2501,6.8666,8.4815,10.0958
Tuvalu,Pre- and post- production,Emissions (CO2eq) from N2O (AR5),kilotonnes,0.0014,0.0013,0.0013,0.0013,0.0013,0.0013,0.0014,0.0014,0.0015,0.0015,0.0015,0.0015,0.0016,0.0016,0.0011,0.0011,0.0011,0.0012,0.0012,0.001,0.0009
Tuvalu,Pre- and post- production,Emissions (CO2eq) (AR5),kilotonnes,0.9698,0.9969,1.1607,1.1763,1.1972,1.24,1.1196,1.2594,1.1442,1.4153,1.3198,1.2681,1.4545,1.4858,1.5778,3.2611,4.931,6.5145,8.2103,10.0855,11.6871
Tuvalu,Agri-food systems,Emissions (CH4),kilotonnes,0.2129,0.2131,0.2179,0.2181,0.2183,0.2184,0.2186,0.2203,0.2222,0.224,0.2244,0.2255,0.2267,0.2279,0.2293,0.2885,0.3469,0.4058,0.4642,0.5229,0.5816
Tuvalu,Agri-food systems,Emissions (N2O),kilotonnes,0.0039,0.004,0.0041,0.004,0.004,0.004,0.0041,0.0042,0.0041,0.0042,0.0042,0.0042,0.0042,0.0042,0.0043,0.0043,0.0043,0.0043,0.0044,0.0044,0.0044
Tuvalu,Agri-food systems,Emissions (CO2),kilotonnes,1.0004,1.1802,1.2372,1.2122,1.1946,1.1864,1.2701,1.5747,1.2383,1.6205,1.3616,1.3778,1.5353,1.5157,1.6104,1.488,1.5338,1.5369,1.6528,1.8883,1.8757
Tuvalu,Agri-food systems,Emissions (CO2eq) from CH4 (AR5),kilotonnes,5.9617,5.9669,6.1015,6.1061,6.1114,6.114,6.1202,6.1689,6.2229,6.2729,6.2845,6.3151,6.348,6.3798,6.4192,8.0779,9.7135,11.3619,12.9982,14.6413,16.2839
Tuvalu,Agri-food systems,Emissions (CO2eq) from N2O (AR5),kilotonnes,1.0393,1.0492,1.0749,1.0712,1.0678,1.0645,1.0811,1.1,1.0929,1.1224,1.108,1.1243,1.1196,1.1201,1.1382,1.1368,1.1431,1.1491,1.1551,1.1609,1.168
Tuvalu,Agri-food systems,Emissions (CO2eq) (AR5),kilotonnes,8.0014,8.1964,8.4136,8.3895,8.3738,8.3648,8.4713,8.8436,8.554,9.0157,8.7541,8.8171,9.003,9.0157,9.1678,10.7026,12.3904,14.0479,15.8061,17.6905,19.3277
Tuvalu,IPCC Agriculture,Emissions (CH4),kilotonnes,0.2001,0.2001,0.2047,0.2047,0.2047,0.2047,0.2047,0.2063,0.2081,0.2097,0.2101,0.211,0.212,0.213,0.2146,0.2162,0.2169,0.218,0.2187,0.2197,0.2207
Tuvalu,IPCC Agriculture,Emissions (CH4),kilotonnes,,,,,,,,,,,,,,,0.0267,,,,,,
Tuvalu,IPCC Agriculture,Direct emissions (N2O),kilotonnes,0.0015,0.0015,0.0016,0.0016,0.0016,0.0016,0.0016,0.0016,0.0016,0.0017,0.0017,0.0017,0.0017,0.0017,0.0017,0.0017,0.0017,0.0017,0.0017,0.0018,0.0018
Tuvalu,IPCC Agriculture,Indirect emissions (N2O),kilotonnes,0.0007,0.0007,0.0007,0.0007,0.0007,0.0007,0.0007,0.0007,0.0007,0.0007,0.0007,0.0007,0.0007,0.0007,0.0007,0.0007,0.0007,0.0007,0.0007,0.0007,0.0007
Tuvalu,IPCC Agriculture,Emissions (N2O),kilotonnes,0.0039,0.0039,0.004,0.004,0.004,0.004,0.004,0.004,0.0041,0.0042,0.0041,0.0042,0.0042,0.0042,0.0042,0.0043,0.0043,0.0043,0.0043,0.0044,0.0044
Tuvalu,IPCC Agriculture,Emissions (N2O),kilotonnes,,,,,,,,,,,,,,,0.0146,,,,,,
Tuvalu,IPCC Agriculture,Emissions (CO2eq) from CH4 (AR5),kilotonnes,5.6034,5.6034,5.733,5.733,5.733,5.733,5.733,5.7753,5.827,5.8709,5.882,5.9091,5.9357,5.9631,6.0075,6.053,6.0728,6.1049,6.1236,6.1522,6.1804
Tuvalu,IPCC Agriculture,Emissions (CO2eq) from CH4 (AR5),kilotonnes,,,,,,,,,,,,,,,0.7476,,,,,,
Tuvalu,IPCC Agriculture,Emissions (CO2eq) from N2O (AR5),kilotonnes,1.0221,1.0221,1.0612,1.0612,1.0612,1.0569,1.0569,1.0637,1.0762,1.1003,1.0935,1.1006,1.1048,1.1121,1.122,1.1321,1.138,1.1404,1.1461,1.1536,1.1609
Tuvalu,IPCC Agriculture,Emissions (CO2eq) from N2O (AR5),kilotonnes,,,,,,,,,,,,,,,3.869,,,,,,
Tuvalu,IPCC Agriculture,Emissions (CO2eq) (AR5),kilotonnes,6.6254,6.6254,6.7942,6.7942,6.7942,6.7899,6.7899,6.8389,6.9031,6.9712,6.9755,7.0098,7.0405,7.0752,7.1295,7.1851,7.2109,7.2453,7.2697,7.3057,7.3413
Tuvalu,IPCC Agriculture,Emissions (CO2eq) (AR5),kilotonnes,,,,,,,,,,,,,,,4.6166,,,,,,
Tuvalu,Agricultural Soils,Direct emissions (N2O),kilotonnes,0.0015,0.0015,0.0016,0.0016,0.0016,0.0016,0.0016,0.0016,0.0016,0.0017,0.0017,0.0017,0.0017,0.0017,0.0017,0.0017,0.0017,0.0017,0.0017,0.0018,0.0018
Tuvalu,Agricultural Soils,Indirect emissions (N2O),kilotonnes,0.0007,0.0007,0.0007,0.0007,0.0007,0.0007,0.0007,0.0007,0.0007,0.0007,0.0007,0.0007,0.0007,0.0007,0.0007,0.0007,0.0007,0.0007,0.0007,0.0007,0.0007
Tuvalu,Agricultural Soils,Emissions (N2O),kilotonnes,0.0022,0.0022,0.0023,0.0023,0.0023,0.0023,0.0023,0.0023,0.0023,0.0024,0.0024,0.0024,0.0024,0.0024,0.0024,0.0024,0.0025,0.0025,0.0025,0.0025,0.0025
Tuvalu,Agricultural Soils,Emissions (N2O),kilotonnes,,,,,,,,,,,,,,,0.0146,,,,,,
Tuvalu,Agricultural Soils,Emissions (CO2eq) from N2O (AR5),kilotonnes,0.5808,0.5808,0.6059,0.6059,0.6059,0.6027,0.6027,0.6063,0.614,0.6307,0.6252,0.6297,0.632,0.6365,0.6425,0.6486,0.6524,0.6531,0.6568,0.6614,0.666
Tuvalu,Agricultural Soils,Emissions (CO2eq) from N2O (AR5),kilotonnes,,,,,,,,,,,,,,,3.869,,,,,,
Tuvalu,Agricultural Soils,Emissions (CO2eq) (AR5),kilotonnes,0.5808,0.5808,0.6059,0.6059,0.6059,0.6027,0.6027,0.6063,0.614,0.6307,0.6252,0.6297,0.632,0.6365,0.6425,0.6486,0.6524,0.6531,0.6568,0.6614,0.666
Tuvalu,Agricultural Soils,Emissions (CO2eq) (AR5),kilotonnes,,,,,,,,,,,,,,,3.869,,,,,,
Tuvalu,LULUCF,Emissions (CH4),kilotonnes,0,0,0,0,0,0,0,0,0,0,0,0,0,0,0,0,0,0,0,0,0
Tuvalu,LULUCF,Emissions (N2O),kilotonnes,0,0,0,0,0,0,0,0,0,0,0,0,0,0,0,0,0,0,0,0,0
Tuvalu,LULUCF,Emissions (CO2),kilotonnes,-0.2348,-0.1981,-0.1981,-0.1981,-0.1981,-0.1981,-0.1981,-0.1981,-0.1981,-0.1981,-0.1981,-0.1769,-0.1769,-0.1769,-0.1769,-0.1769,-0.1997,-0.1997,-0.1997,-0.1997,-0.1997
Tuvalu,LULUCF,Emissions (CO2),kilotonnes,,,,,,,,,,,,,,,-0.0334,,,,,,
Tuvalu,LULUCF,Emissions (CO2eq) from CH4 (AR5),kilotonnes,0,0,0,0,0,0,0,0,0,0,0,0,0,0,0,0,0,0,0,0,0
Tuvalu,LULUCF,Emissions (CO2eq) from N2O (AR5),kilotonnes,0,0,0,0,0,0,0,0,0,0,0,0,0,0,0,0,0,0,0,0,0
Tuvalu,LULUCF,Emissions (CO2eq) (AR5),kilotonnes,-0.2348,-0.1981,-0.1981,-0.1981,-0.1981,-0.1981,-0.1981,-0.1981,-0.1981,-0.1981,-0.1981,-0.1769,-0.1769,-0.1769,-0.1769,-0.1769,-0.1997,-0.1997,-0.1997,-0.1997,-0.1997
Tuvalu,LULUCF,Emissions (CO2eq) (AR5),kilotonnes,,,,,,,,,,,,,,,-0.0334,,,,,,
Tuvalu,AFOLU,Emissions (CH4),kilotonnes,0.2001,0.2001,0.2047,0.2047,0.2047,0.2047,0.2047,0.2063,0.2081,0.2097,0.2101,0.211,0.212,0.213,0.2146,0.2162,0.2169,0.218,0.2187,0.2197,0.2207
Tuvalu,AFOLU,Emissions (N2O),kilotonnes,0.0039,0.0039,0.004,0.004,0.004,0.004,0.004,0.004,0.0041,0.0042,0.0041,0.0042,0.0042,0.0042,0.0042,0.0043,0.0043,0.0043,0.0043,0.0044,0.0044
Tuvalu,AFOLU,Emissions (CO2),kilotonnes,-0.2348,-0.1981,-0.1981,-0.1981,-0.1981,-0.1981,-0.1981,-0.1981,-0.1981,-0.1981,-0.1981,-0.1769,-0.1769,-0.1769,-0.1769,-0.1769,-0.1997,-0.1997,-0.1997,-0.1997,-0.1997
Tuvalu,AFOLU,Emissions (CO2eq) from CH4 (AR5),kilotonnes,5.6034,5.6034,5.733,5.733,5.733,5.733,5.733,5.7753,5.827,5.8709,5.882,5.9091,5.9357,5.9631,6.0075,6.053,6.0728,6.1049,6.1236,6.1522,6.1804
Tuvalu,AFOLU,Emissions (CO2eq) from N2O (AR5),kilotonnes,1.0221,1.0221,1.0612,1.0612,1.0612,1.0569,1.0569,1.0637,1.0762,1.1003,1.0935,1.1006,1.1048,1.1121,1.122,1.1321,1.138,1.1404,1.1461,1.1536,1.1609
Tuvalu,AFOLU,Emissions (CO2eq) (AR5),kilotonnes,6.3906,6.4273,6.5961,6.5961,6.5961,6.5918,6.5918,6.6409,6.7051,6.7731,6.7774,6.8329,6.8637,6.8983,6.9526,7.0083,7.0112,7.0456,7.07,7.106,7.1416
Tuvalu,All sectors with LULUCF,Emissions (CH4),kilotonnes,0.2934,0.2948,0.3016,0.3035,0.3057,0.3067,0.3087,0.3133,0.3181,0.3207,0.3231,0.327,0.33,0.333,0.3366,0.3412,0.3449,0.348,0.3507,0.3537,0.3567
Tuvalu,All sectors with LULUCF,Emissions (N2O),kilotonnes,0.004,0.0041,0.0042,0.0042,0.0042,0.0042,0.0042,0.0042,0.0043,0.0044,0.0043,0.0044,0.0044,0.0044,0.0045,0.0045,0.0045,0.0045,0.0046,0.0046,0.0046
Tuvalu,All sectors with LULUCF,Emissions (CO2),kilotonnes,7.1071,7.1438,10.8139,10.814,10.814,10.8141,7.1441,10.8142,10.8142,10.8142,7.1442,7.1654,10.8354,10.8403,10.8452,10.8501,10.8322,10.8371,11.442,12.5352,12.4372
Tuvalu,All sectors with LULUCF,Emissions (CO2eq) from CH4 (AR5),kilotonnes,8.2158,8.255,8.4462,8.4966,8.561,8.589,8.645,8.7713,8.907,8.9789,9.046,9.1571,9.2397,9.3231,9.4235,9.553,9.6568,9.7449,9.8196,9.9042,9.9884
Tuvalu,All sectors with LULUCF,Emissions (CO2eq) from N2O (AR5),kilotonnes,1.0729,1.0735,1.1131,1.1139,1.1145,1.111,1.1115,1.119,1.1318,1.1567,1.1502,1.1578,1.1626,1.1704,1.1808,1.1915,1.1979,1.2008,1.2071,1.215,1.2229
Tuvalu,All sectors with LULUCF,Emissions (CO2eq) (AR5),kilotonnes,16.3958,16.4723,20.3733,20.4246,20.4895,20.5141,16.9006,20.7045,20.853,20.9499,17.3405,17.4804,21.2377,21.3338,21.4496,21.5946,21.6869,21.7828,22.4686,23.6544,23.6485
Tuvalu,All sectors without LULUCF,Emissions (CH4),kilotonnes,0.2934,0.2948,0.3016,0.3035,0.3057,0.3067,0.3087,0.3133,0.3181,0.3207,0.3231,0.327,0.33,0.333,0.3366,0.3412,0.3449,0.348,0.3507,0.3537,0.3567
Tuvalu,All sectors without LULUCF,Emissions (N2O),kilotonnes,0.004,0.0041,0.0042,0.0042,0.0042,0.0042,0.0042,0.0042,0.0043,0.0044,0.0043,0.0044,0.0044,0.0044,0.0045,0.0045,0.0045,0.0045,0.0046,0.0046,0.0046
Tuvalu,All sectors without LULUCF,Emissions (CO2),kilotonnes,7.3419,7.3419,11.012,11.0121,11.0121,11.0122,7.3422,11.0123,11.0123,11.0123,7.3423,7.3423,11.0123,11.0172,11.0221,11.027,11.0319,11.0368,11.6417,12.7349,12.6369
Tuvalu,All sectors without LULUCF,Emissions (CO2eq) from CH4 (AR5),kilotonnes,8.2158,8.255,8.4462,8.4966,8.561,8.589,8.645,8.7713,8.907,8.9789,9.046,9.1571,9.2397,9.3231,9.4235,9.553,9.6568,9.7449,9.8196,9.9042,9.9884
Tuvalu,All sectors without LULUCF,Emissions (CO2eq) from N2O (AR5),kilotonnes,1.0729,1.0735,1.1131,1.1139,1.1145,1.111,1.1115,1.119,1.1318,1.1567,1.1502,1.1578,1.1626,1.1704,1.1808,1.1915,1.1979,1.2008,1.2071,1.215,1.2229
Tuvalu,All sectors without LULUCF,Emissions (CO2eq) (AR5),kilotonnes,16.6306,16.6703,20.5713,20.6226,20.6876,20.7122,17.0987,20.9026,21.0511,21.1479,17.5385,17.6573,21.4146,21.5107,21.6264,21.7715,21.8867,21.9825,22.6684,23.8541,23.8482
Uganda,Crop Residues,Direct emissions (N2O),kilotonnes,0.5739,0.622,0.6483,0.6798,0.6492,0.6904,0.7061,0.7273,0.7162,0.7086,0.7295,0.7614,0.7681,0.7703,0.7964,0.8099,0.6876,0.7249,0.8278,0.8103,0.6919
Uganda,Crop Residues,Indirect emissions (N2O),kilotonnes,0.1291,0.1399,0.1459,0.153,0.1461,0.1554,0.1589,0.1636,0.1611,0.1594,0.1641,0.1713,0.1728,0.1733,0.1792,0.1822,0.1547,0.1631,0.1862,0.1823,0.1557
Uganda,Crop Residues,Emissions (N2O),kilotonnes,0.703,0.7619,0.7941,0.8327,0.7953,0.8458,0.865,0.8909,0.8774,0.868,0.8936,0.9327,0.9409,0.9437,0.9756,0.9921,0.8423,0.888,1.014,0.9926,0.8476
Uganda,Crop Residues,Emissions (CO2eq) from N2O (AR5),kilotonnes,186.2968,201.9084,210.4386,220.6777,210.7448,224.1362,229.2319,236.0855,232.4996,230.0157,236.7993,247.1628,249.336,250.0685,258.5434,262.9076,223.2175,235.3276,268.7087,263.0444,224.6217
Uganda,Crop Residues,Emissions (CO2eq) (AR5),kilotonnes,186.2968,201.9084,210.4386,220.6777,210.7448,224.1362,229.2319,236.0855,232.4996,230.0157,236.7993,247.1628,249.336,250.0685,258.5434,262.9076,223.2175,235.3276,268.7087,263.0444,224.6217
Uganda,Rice Cultivation,Emissions (CH4),kilotonnes,5.04,5.32,5.6,6.02,6.51,7.14,7.91,8.33,8.96,6.02,6.09,6.3,6.44,6.51,6.65,6.6694,5.8674,4.9332,5.0264,6.2667,4.7916
Uganda,Rice Cultivation,Emissions (CO2eq) from CH4 (AR5),kilotonnes,141.12,148.96,156.8,168.56,182.28,199.92,221.48,233.24,250.88,168.56,170.52,176.4,180.32,182.28,186.2,186.7429,164.2872,138.129,140.7398,175.467,134.1659
Uganda,Rice Cultivation,Emissions (CO2eq) (AR5),kilotonnes,141.12,148.96,156.8,168.56,182.28,199.92,221.48,233.24,250.88,168.56,170.52,176.4,180.32,182.28,186.2,186.7429,164.2872,138.129,140.7398,175.467,134.1659
Uganda,Burning - Crop residues,Emissions (CH4),kilotonnes,1.8479,1.9165,1.9991,2.1123,2.2334,2.3269,2.4513,2.5288,3.1113,2.7669,3.0121,3.1105,3.2004,3.2448,3.2527,3.326,2.8935,3.1662,3.7391,3.8433,2.9378
Uganda,Burning - Crop residues,Emissions (CH4),kilotonnes,3.02,,,,,,,,,,,,,,,,,,,,
Uganda,Burning - Crop residues,Emissions (N2O),kilotonnes,0.0479,0.0497,0.0518,0.0548,0.0579,0.0603,0.0636,0.0656,0.0807,0.0717,0.0781,0.0806,0.083,0.0841,0.0843,0.0862,0.075,0.0821,0.0969,0.0996,0.0762
Uganda,Burning - Crop residues,Emissions (N2O),kilotonnes,0.25,,,,,,,,,,,,,,,,,,,,
Uganda,Burning - Crop residues,Emissions (CO2eq) from CH4 (AR5),kilotonnes,51.7406,53.6615,55.9761,59.1457,62.5344,65.1521,68.6372,70.807,87.1173,77.4734,84.3381,87.0936,89.612,90.8548,91.0759,93.1271,81.0191,88.6531,104.6943,107.6129,82.2583
Uganda,Burning - Crop residues,Emissions (CO2eq) from CH4 (AR5),kilotonnes,84.56,,,,,,,,,,,,,,,,,,,,
Uganda,Burning - Crop residues,Emissions (CO2eq) from N2O (AR5),kilotonnes,12.6956,13.1669,13.7349,14.5126,15.3441,15.9864,16.8415,17.3739,21.376,19.0097,20.6941,21.3702,21.9881,22.2931,22.3473,22.8506,19.8797,21.7528,25.6889,26.405,20.1838
Uganda,Burning - Crop residues,Emissions (CO2eq) from N2O (AR5),kilotonnes,66.25,,,,,,,,,,,,,,,,,,,,
Uganda,Burning - Crop residues,Emissions (CO2eq) (AR5),kilotonnes,64.4363,66.8284,69.711,73.6583,77.8785,81.1385,85.4788,88.1809,108.4933,96.483,105.0321,108.4638,111.6001,113.1479,113.4232,115.9777,100.8988,110.4059,130.3831,134.0179,102.4421
Uganda,Burning - Crop residues,Emissions (CO2eq) (AR5),kilotonnes,150.81,,,,,,,,,,,,,,,,,,,,
Uganda,Enteric Fermentation,Emissions (CH4),kilotonnes,245.9675,253.787,268.0198,285.686,293.962,303.302,311.8211,321.3224,475.0352,489.3168,503.9707,517.5665,531.22,539.9125,557.1021,577.2278,560.2492,577.4208,596.3745,614.7198,632.442
Uganda,Enteric Fermentation,Emissions (CH4),kilotonnes,230,,,,,,,,,,,,,,,,,,,,
Uganda,Enteric Fermentation,Emissions (CO2eq) from CH4 (AR5),kilotonnes,6887.09,7106.036,7504.5544,7999.208,8230.936,8492.456,8730.9908,8997.0267,13300.9862,13700.8702,14111.1794,14491.8629,14874.1597,15117.55,15598.8588,16162.3773,15686.9772,16167.7836,16698.4874,17212.1558,17708.3753
Uganda,Enteric Fermentation,Emissions (CO2eq) from CH4 (AR5),kilotonnes,6440,,,,,,,,,,,,,,,,,,,,
Uganda,Enteric Fermentation,Emissions (CO2eq) (AR5),kilotonnes,6887.09,7106.036,7504.5544,7999.208,8230.936,8492.456,8730.9908,8997.0267,13300.9862,13700.8702,14111.1794,14491.8629,14874.1597,15117.55,15598.8588,16162.3773,15686.9772,16167.7836,16698.4874,17212.1558,17708.3753
Uganda,Enteric Fermentation,Emissions (CO2eq) (AR5),kilotonnes,6440,,,,,,,,,,,,,,,,,,,,
Uganda,Manure Management,Emissions (CH4),kilotonnes,9.3436,9.6999,10.0426,10.4131,10.6747,11.0044,11.1197,11.5215,16.5406,17.0771,17.6336,18.1524,18.6896,18.914,19.3971,19.9813,19.5222,20.0406,20.6442,21.2539,21.8493
Uganda,Manure Management,Emissions (CH4),kilotonnes,11,,,,,,,,,,,,,,,,,,,,
Uganda,Manure Management,Emissions (N2O),kilotonnes,0.8251,0.8615,0.9025,0.9479,1.0217,1.0535,1.0787,1.1131,1.2093,1.238,1.2768,1.318,1.3527,1.3788,1.3619,1.3836,1.3826,1.4003,1.4239,1.4562,1.4897
Uganda,Manure Management,Emissions (N2O),kilotonnes,0.96,,,,,,,,,,,,,,,,,,,,
Uganda,Manure Management,Emissions (CO2eq) from CH4 (AR5),kilotonnes,261.6197,271.598,281.1927,291.5657,298.8905,308.1226,311.3519,322.6018,463.138,478.1596,493.7412,508.2679,523.31,529.5909,543.1188,559.476,546.6207,561.1366,578.0383,595.1082,611.7791
Uganda,Manure Management,Emissions (CO2eq) from CH4 (AR5),kilotonnes,308,,,,,,,,,,,,,,,,,,,,
Uganda,Manure Management,Emissions (CO2eq) from N2O (AR5),kilotonnes,218.6612,228.3051,239.1599,251.2,270.7405,279.1662,285.8511,294.9798,320.462,328.0684,338.3586,349.2609,358.478,365.3804,360.9002,366.6485,366.4018,371.0801,377.3442,385.8886,394.7596
Uganda,Manure Management,Emissions (CO2eq) from N2O (AR5),kilotonnes,254.4,,,,,,,,,,,,,,,,,,,,
Uganda,Manure Management,Emissions (CO2eq) (AR5),kilotonnes,480.2808,499.9032,520.3526,542.7657,569.631,587.2888,597.203,617.5816,783.6,806.228,832.0998,857.5288,881.788,894.9713,904.019,926.1245,913.0225,932.2166,955.3826,980.9968,1006.5387
Uganda,Manure Management,Emissions (CO2eq) (AR5),kilotonnes,562.4,,,,,,,,,,,,,,,,,,,,
Uganda,Manure left on Pasture,Direct emissions (N2O),kilotonnes,9.7799,10.1079,10.6146,11.2272,11.4935,11.8548,12.0955,12.494,18.6308,19.2299,19.8262,20.3681,20.9272,21.2364,21.8863,22.6349,22.0059,22.663,23.3942,24.111,24.8054
Uganda,Manure left on Pasture,Indirect emissions (N2O),kilotonnes,2.4395,2.5242,2.6418,2.7852,2.8802,2.9705,3.0352,3.1338,4.6469,4.7948,4.9425,5.0795,5.2208,5.3167,5.423,5.5853,5.4607,5.6123,5.7772,5.9485,6.1178
Uganda,Manure left on Pasture,Emissions (N2O),kilotonnes,12.2194,12.6321,13.2564,14.0124,14.3737,14.8253,15.1308,15.6278,23.2778,24.0247,24.7687,25.4475,26.1479,26.553,27.3093,28.2202,27.4666,28.2753,29.1714,30.0595,30.9232
Uganda,Manure left on Pasture,Emissions (CO2eq) from N2O (AR5),kilotonnes,3238.141,3347.494,3512.9513,3713.2851,3809.0419,3928.7171,4009.6496,4141.3622,6168.6089,6366.5471,6563.7018,6743.5947,6929.2054,7036.5541,7236.9658,7478.3545,7278.6621,7492.9622,7730.4229,7965.7703,8194.6518
Uganda,Manure left on Pasture,Emissions (CO2eq) (AR5),kilotonnes,3238.141,3347.494,3512.9513,3713.2851,3809.0419,3928.7171,4009.6496,4141.3622,6168.6089,6366.5471,6563.7018,6743.5947,6929.2054,7036.5541,7236.9658,7478.3545,7278.6621,7492.9622,7730.4229,7965.7703,8194.6518
Uganda,Manure applied to Soils,Direct emissions (N2O),kilotonnes,0.5797,0.6045,0.6609,0.7319,0.7788,0.804,0.8138,0.8426,0.9275,0.9551,0.9865,1.0102,1.0357,1.0475,1.0421,1.0686,1.0606,1.0785,1.1009,1.1277,1.1549
Uganda,Manure applied to Soils,Indirect emissions (N2O),kilotonnes,0.2464,0.2569,0.2809,0.3111,0.331,0.3417,0.3458,0.3581,0.3942,0.4059,0.4193,0.4293,0.4402,0.4452,0.4429,0.4541,0.4508,0.4583,0.4679,0.4793,0.4908
Uganda,Manure applied to Soils,Emissions (N2O),kilotonnes,0.8261,0.8614,0.9418,1.043,1.1098,1.1456,1.1596,1.2007,1.3217,1.3611,1.4058,1.4395,1.4759,1.4927,1.4851,1.5227,1.5114,1.5368,1.5687,1.607,1.6457
Uganda,Manure applied to Soils,Emissions (CO2eq) from N2O (AR5),kilotonnes,218.9047,228.2681,249.5676,276.3939,294.0905,303.5965,307.2961,318.1953,350.2577,360.6877,372.5289,381.469,391.115,395.5747,393.5386,403.5127,400.516,407.2509,415.7121,425.8466,436.1015
Uganda,Manure applied to Soils,Emissions (CO2eq) (AR5),kilotonnes,218.9047,228.2681,249.5676,276.3939,294.0905,303.5965,307.2961,318.1953,350.2577,360.6877,372.5289,381.469,391.115,395.5747,393.5386,403.5127,400.516,407.2509,415.7121,425.8466,436.1015
Uganda,Synthetic Fertilizers,Direct emissions (N2O),kilotonnes,0.0533,0.0597,0.0574,0.068,0.0621,0.0405,0.069,0.0624,0.1673,0.1107,0.1,0.1196,0.1265,0.1508,0.1043,0.0327,0.1342,0.1196,0.1761,0.1761,0.1214
Uganda,Synthetic Fertilizers,Indirect emissions (N2O),kilotonnes,0.0173,0.0194,0.0186,0.0221,0.0202,0.0132,0.0224,0.0203,0.0544,0.036,0.0325,0.0389,0.0411,0.049,0.0339,0.0106,0.0436,0.0389,0.0572,0.0572,0.0395
Uganda,Synthetic Fertilizers,Emissions (N2O),kilotonnes,0.0706,0.0791,0.076,0.0901,0.0823,0.0537,0.0914,0.0826,0.2216,0.1467,0.1325,0.1584,0.1676,0.1998,0.1382,0.0433,0.1778,0.1584,0.2334,0.2334,0.1608
Uganda,Synthetic Fertilizers,Emissions (CO2eq) from N2O (AR5),kilotonnes,18.716,20.9672,20.145,23.8805,21.8003,14.2246,24.2171,21.8941,58.7302,38.8776,35.1255,41.984,44.4101,52.9442,36.63,11.4734,47.1125,41.977,61.8477,61.8477,42.623
Uganda,Synthetic Fertilizers,Emissions (CO2eq) (AR5),kilotonnes,18.716,20.9672,20.145,23.8805,21.8003,14.2246,24.2171,21.8941,58.7302,38.8776,35.1255,41.984,44.4101,52.9442,36.63,11.4734,47.1125,41.977,61.8477,61.8477,42.623
Uganda,Drained organic soils,Emissions (CO2eq) (AR5),kilotonnes,6144.6943,6138.7884,6140.6724,6137.7188,6133.8544,6134.8507,6133.2159,6131.5491,6131.3163,6125.9962,6128.0893,6128.0893,6127.0305,6122.6294,6122.4853,6122.4853,6118.1698,6117.4213,6115.6204,6139.2404,6128.9313
Uganda,Drained organic soils (CO2),Emissions (CO2),kilotonnes,5882.007,5876.376,5878.1919,5875.3967,5871.6996,5872.6262,5871.0604,5869.4937,5869.2814,5864.1633,5866.1561,5866.1561,5865.1419,5860.9134,5860.7916,5860.7916,5856.8427,5856.1244,5854.4059,5876.9142,5867.0162
Uganda,Drained organic soils (CO2),Emissions (CO2eq) (AR5),kilotonnes,5882.007,5876.376,5878.1919,5875.3967,5871.6996,5872.6262,5871.0604,5869.4937,5869.2814,5864.1633,5866.1561,5866.1561,5865.1419,5860.9134,5860.7916,5860.7916,5856.8427,5856.1244,5854.4059,5876.9142,5867.0162
Uganda,Drained organic soils (N2O),Emissions (N2O),kilotonnes,0.9913,0.9902,0.9905,0.9899,0.9893,0.9895,0.9893,0.9889,0.9888,0.988,0.9884,0.9884,0.9883,0.9876,0.9875,0.9875,0.9861,0.986,0.9857,0.9899,0.9884
Uganda,Drained organic soils (N2O),Emissions (CO2eq) from N2O (AR5),kilotonnes,262.6874,262.4124,262.4805,262.3221,262.1548,262.2245,262.1555,262.0553,262.0349,261.8329,261.9332,261.9332,261.8887,261.716,261.6937,261.6937,261.3271,261.2968,261.2145,262.3262,261.9151
Uganda,Drained organic soils (N2O),Emissions (CO2eq) (AR5),kilotonnes,262.6874,262.4124,262.4805,262.3221,262.1548,262.2245,262.1555,262.0553,262.0349,261.8329,261.9332,261.9332,261.8887,261.716,261.6937,261.6937,261.3271,261.2968,261.2145,262.3262,261.9151
Uganda,On-farm energy use,Emissions (CH4),kilotonnes,0.0095,0.0098,0.0095,0.024,0.0248,0.0324,0.0323,0.1756,0.1001,0.1748,0.1697,0.1465,0.0674,0.1234,0.1325,0.2145,0.2286,0.2424,0.2605,0.2861,0.2861
Uganda,On-farm energy use,Emissions (N2O),kilotonnes,0.0283,0.0308,0.0309,0.0313,0.0338,0.0879,0.0891,0.1025,0.0944,0.0743,0.0631,0.0723,0.0654,0.0644,0.0781,0.0918,0.0988,0.1039,0.1139,0.1211,0.1211
Uganda,On-farm energy use,Emissions (CO2),kilotonnes,90.5925,96.4632,94.3729,109.5786,119.1784,255.9675,256.9714,406.1114,324.227,333.6331,302.2989,308.0282,224.5311,265.4382,307.359,407.7137,433.0139,454.9317,493.7395,531.3265,531.3265
Uganda,On-farm energy use,Emissions (CO2eq) from CH4 (AR5),kilotonnes,0.2662,0.2742,0.2657,0.6731,0.6947,0.9068,0.9042,4.9167,2.8029,4.8938,4.7512,4.1019,1.8865,3.4565,3.7112,6.0058,6.4006,6.7884,7.294,8.0117,8.0117
Uganda,On-farm energy use,Emissions (CO2eq) from N2O (AR5),kilotonnes,7.4959,8.1554,8.1942,8.294,8.9523,23.2849,23.606,27.1538,25.028,19.6768,16.7212,19.1671,17.34,17.06,20.6933,24.3189,26.1813,27.5339,30.1823,32.0808,32.0808
Uganda,On-farm energy use,Emissions (CO2eq) (AR5),kilotonnes,98.3546,104.8928,102.8328,118.5457,128.8253,280.1592,281.4816,438.182,352.058,358.2037,323.7713,331.2972,243.7576,285.9547,331.7636,438.0385,465.5958,489.254,531.2159,571.419,571.419
Uganda,Forestland,Emissions (CO2),kilotonnes,-2016.667,-2016.872,-2016.872,-2016.872,-2016.872,-2016.872,-2016.872,-2016.872,-2016.872,-2016.872,-2016.872,-2016.872,-2016.872,-2016.872,-2016.872,-2016.872,-2016.872,-2016.872,-2016.872,-2016.872,-2016.872
Uganda,Forestland,Emissions (CO2eq) (AR5),kilotonnes,-2016.667,-2016.872,-2016.872,-2016.872,-2016.872,-2016.872,-2016.872,-2016.872,-2016.872,-2016.872,-2016.872,-2016.872,-2016.872,-2016.872,-2016.872,-2016.872,-2016.872,-2016.872,-2016.872,-2016.872,-2016.872
Uganda,Net Forest conversion,Emissions (CO2),kilotonnes,10471.952,10472.3619,10472.3619,10472.3619,10472.3619,10472.3619,10472.3619,10472.3619,10472.3619,10472.3619,10472.3619,10472.1569,10472.1569,10472.1569,10472.1569,10472.1569,10472.1569,10472.1569,10472.1569,10472.1569,10472.1569
Uganda,Net Forest conversion,Emissions (CO2eq) (AR5),kilotonnes,10471.952,10472.3619,10472.3619,10472.3619,10472.3619,10472.3619,10472.3619,10472.3619,10472.3619,10472.3619,10472.3619,10472.1569,10472.1569,10472.1569,10472.1569,10472.1569,10472.1569,10472.1569,10472.1569,10472.1569,10472.1569
Uganda,Savanna fires,Emissions (CH4),kilotonnes,32.7314,29.5604,26.9175,42.1059,31.5,52.088,9.2722,42.1207,34.0698,21.3239,35.7776,18.225,34.521,25.624,22.5164,25.4029,31.5344,26.7833,18.6552,9.8208,23.9919
Uganda,Savanna fires,Emissions (N2O),kilotonnes,2.9885,2.699,2.4577,3.8445,2.8761,4.7559,0.8466,3.8458,3.1107,1.947,3.2667,1.664,3.1519,2.3396,2.0558,2.3194,2.8792,2.4454,1.7033,0.8967,2.1906
Uganda,Savanna fires,Emissions (CO2eq) from CH4 (AR5),kilotonnes,916.4779,827.6924,753.6909,1178.9662,882.0014,1458.4643,259.6204,1179.381,953.9556,597.068,1001.7735,510.2991,966.5885,717.471,630.4588,711.2818,882.9639,749.932,522.3451,274.9826,671.7736
Uganda,Savanna fires,Emissions (CO2eq) from N2O (AR5),kilotonnes,791.9565,715.2342,651.2872,1018.7805,762.1643,1260.3034,224.3459,1019.139,824.342,515.9446,865.663,440.965,835.2586,619.9885,544.7986,614.6402,762.996,648.0391,451.3743,237.6208,580.5001
Uganda,Savanna fires,Emissions (CO2eq) (AR5),kilotonnes,1708.4344,1542.9265,1404.9781,2197.7467,1644.1657,2718.7678,483.9662,2198.5199,1778.2976,1113.0126,1867.4364,951.2641,1801.8471,1337.4595,1175.2574,1325.922,1645.9598,1397.9711,973.7195,512.6034,1252.2737
Uganda,Fires in organic soils,Emissions (CH4),kilotonnes,0,0,0,0,0,0,0,0,0,0,0,0,0,0,0,0,0,0,0,0,0
Uganda,Fires in organic soils,Emissions (CO2),kilotonnes,0,0,0,0,0,0,0,0,0,0,0,0,0,0,0,0,0,0,0,0,0
Uganda,Fires in organic soils,Emissions (CO2eq) from CH4 (AR5),kilotonnes,0,0,0,0,0,0,0,0,0,0,0,0,0,0,0,0,0,0,0,0,0
Uganda,Fires in organic soils,Emissions (CO2eq) (AR5),kilotonnes,0,0,0,0,0,0,0,0,0,0,0,0,0,0,0,0,0,0,0,0,0
Uganda,Forest fires,Emissions (CH4),kilotonnes,21.7377,1.2097,1.4233,1.5611,1.2131,1.6007,0.8051,0.3905,0.9143,0.5859,1.0706,0.8702,1.8801,0.8842,1.33,1.1863,0.9585,1.2743,0.459,1.8281,0.2281
Uganda,Forest fires,Emissions (N2O),kilotonnes,0.6393,0.1105,0.13,0.1425,0.1108,0.1462,0.0735,0.0357,0.0835,0.0535,0.0977,0.0795,0.1717,0.0807,0.1214,0.1083,0.0875,0.1164,0.0419,0.1669,0.0208
Uganda,Forest fires,Emissions (CO2eq) from CH4 (AR5),kilotonnes,608.6548,33.872,39.852,43.7115,33.966,44.8206,22.5419,10.9349,25.6005,16.406,29.9754,24.3652,52.6423,24.7573,37.239,33.2166,26.839,35.6808,12.8515,51.1858,6.386
Uganda,Forest fires,Emissions (CO2eq) from N2O (AR5),kilotonnes,169.4262,29.2698,34.4373,37.7724,29.3511,38.7309,19.4792,9.4492,22.1222,14.177,25.9027,21.0547,45.4898,21.3935,32.1793,28.7035,23.1924,30.8329,11.1053,44.2312,5.5183
Uganda,Forest fires,Emissions (CO2eq) (AR5),kilotonnes,778.081,63.1418,74.2893,81.4839,63.3171,83.5515,42.0211,20.3841,47.7227,30.583,55.8781,45.42,98.1321,46.1508,69.4183,61.9201,50.0314,66.5136,23.9568,95.417,11.9043
Uganda,Fires in humid tropical forests,Emissions (CH4),kilotonnes,18.2085,1.2072,1.396,1.4918,1.1115,1.3827,0.6515,0.3856,0.8722,0.4175,0.8749,0.8429,1.7364,0.7578,1.2631,1.0823,0.8669,1.2099,0.3723,1.7364,0.1835
Uganda,Fires in humid tropical forests,Emissions (N2O),kilotonnes,0.5355,0.1102,0.1275,0.1362,0.1015,0.1263,0.0595,0.0352,0.0796,0.0381,0.0799,0.077,0.1585,0.0692,0.1153,0.0988,0.0791,0.1105,0.034,0.1585,0.0168
Uganda,Fires in humid tropical forests,Emissions (CO2eq) from CH4 (AR5),kilotonnes,509.8385,33.8026,39.089,41.7694,31.1222,38.7168,18.2415,10.7962,24.4214,11.6894,24.4959,23.6023,48.6192,21.2198,35.3662,30.3033,24.2726,33.8773,10.4237,48.6194,5.1374
Uganda,Fires in humid tropical forests,Emissions (CO2eq) from N2O (AR5),kilotonnes,141.9194,29.2099,33.778,36.0942,26.8936,33.4564,15.763,9.3293,21.1032,10.1012,21.1676,20.3954,42.0134,18.3367,30.561,26.186,20.9747,29.2744,9.0075,42.0135,4.4394
Uganda,Fires in humid tropical forests,Emissions (CO2eq) (AR5),kilotonnes,651.7579,63.0125,72.867,77.8635,58.0158,72.1731,34.0045,20.1255,45.5246,21.7906,45.6635,43.9977,90.6326,39.5565,65.9271,56.4894,45.2472,63.1517,19.4312,90.6328,9.5769
Uganda,Waste - agri-food systems,Emissions (CH4),kilotonnes,163.6076,164.9528,166.421,167.4643,168.9544,170.7396,172.4935,174.7305,177.1317,179.577,181.9169,183.9941,185.9793,187.9929,189.4399,190.9921,192.8696,194.8209,196.8699,198.6921,200.4428
Uganda,Waste - agri-food systems,Emissions (N2O),kilotonnes,0.3998,0.4296,0.4528,0.4886,0.4908,0.5183,0.5096,0.5272,0.5839,0.6102,0.6278,0.6537,0.6579,0.6662,0.6994,0.7083,0.7375,0.7545,0.7823,0.8078,0.8321
Uganda,Waste - agri-food systems,Emissions (CO2),kilotonnes,0,0,0,0,0,0,0,0,0,0,0,0,0,0,0,0,0,0,0,0,0
Uganda,Waste - agri-food systems,Emissions (CO2eq) from CH4 (AR5),kilotonnes,4581.0138,4618.6788,4659.7866,4689.0012,4730.7244,4780.7078,4829.8167,4892.4532,4959.6871,5028.1571,5093.6721,5151.8342,5207.4201,5263.8008,5304.3169,5347.7795,5400.3476,5454.9852,5512.3577,5563.3794,5612.399
Uganda,Waste - agri-food systems,Emissions (CO2eq) from N2O (AR5),kilotonnes,105.9381,113.84,119.9802,129.4744,130.0562,137.3627,135.0561,139.7083,154.7261,161.711,166.3673,173.2233,174.3334,176.5533,185.3304,187.6983,195.4392,199.9449,207.3176,214.0758,220.5079
Uganda,Waste - agri-food systems,Emissions (CO2eq) (AR5),kilotonnes,4686.9519,4732.5188,4779.7669,4818.4756,4860.7806,4918.0705,4964.8728,5032.1614,5114.4132,5189.8681,5260.0394,5325.0575,5381.7535,5440.3541,5489.6473,5535.4778,5595.7868,5654.9301,5719.6753,5777.4552,5832.9069
Uganda,On-farm electricity use,Emissions (CH4),kilotonnes,0.0003,0.0003,0.0002,0.0003,0.0002,0.0014,0.0007,0.0002,0.0023,0.0023,0.0012,0.0014,0.0015,0.0019,0.0017,0.0017,0.0018,0.002,0.0022,0.0023,0.0023
Uganda,On-farm electricity use,Emissions (N2O),kilotonnes,0,0,0,0,0,0,0,0,0,0,0,0,0,0,0,0,0,0,0,0,0
Uganda,On-farm electricity use,Emissions (CO2),kilotonnes,0.0904,0.0972,0.0942,0.1135,0.0885,0.5311,0.2655,0.0885,0.8786,0.8772,0.4686,0.5306,0.5884,0.7316,0.63,0.6844,0.7139,0.7711,0.8442,0.887,0.887
Uganda,On-farm electricity use,Emissions (CO2eq) from CH4 (AR5),kilotonnes,0.0084,0.0084,0.0056,0.0084,0.0056,0.0392,0.0196,0.0056,0.0644,0.0644,0.0336,0.0392,0.042,0.0532,0.0476,0.0476,0.0504,0.056,0.0616,0.0644,0.0644
Uganda,On-farm electricity use,Emissions (CO2eq) from N2O (AR5),kilotonnes,0,0,0,0,0,0,0,0,0,0,0,0,0,0,0,0,0,0,0,0,0
Uganda,On-farm electricity use,Emissions (CO2eq) (AR5),kilotonnes,0.0988,0.1056,0.0998,0.1219,0.0941,0.5703,0.2851,0.0941,0.943,0.9416,0.5022,0.5698,0.6304,0.7848,0.6776,0.732,0.7643,0.8271,0.9058,0.9514,0.9514
Uganda,Food Processing,Emissions (CH4),kilotonnes,8.9723,8.0608,7.2525,4.339,0.0109,0.0144,0.0332,0.1092,0.1085,0.4513,0.5406,0.5828,0.4055,0.4647,0.4237,0.5132,0.3385,0.3345,0.2786,0.3533,0.3595
Uganda,Food Processing,Emissions (N2O),kilotonnes,0.0566,0.0542,0.0522,0.0313,0.0014,0.0019,0.0044,0.0039,0.0036,0.0051,0.0045,0.008,0.0057,0.0062,0.0059,0.0075,0.0053,0.0055,0.005,0.0055,0.0056
Uganda,Food Processing,Emissions (CO2),kilotonnes,168.9249,204.4191,191.808,126.9277,9.2661,13.5881,38.933,40.2621,48.367,70.6765,54.3466,107.4549,82.7082,80.7649,74.1199,105.5069,85.2037,98.2363,97.7245,103.6124,108.3035
Uganda,Food Processing,Emissions (CO2eq) from CH4 (AR5),kilotonnes,251.2244,225.7024,203.07,121.492,0.3052,0.4032,0.9296,3.0576,3.038,12.6364,15.1368,16.3184,11.354,13.0116,11.8636,14.3696,9.478,9.366,7.8008,9.8924,10.066
Uganda,Food Processing,Emissions (CO2eq) from N2O (AR5),kilotonnes,14.999,14.363,13.833,8.2945,0.371,0.5035,1.166,1.0335,0.954,1.3515,1.1925,2.12,1.5105,1.643,1.5635,1.9875,1.4045,1.4575,1.325,1.4575,1.4801
Uganda,Food Processing,Emissions (CO2eq) (AR5),kilotonnes,435.1483,444.4845,408.711,256.7142,9.9423,14.4948,41.0286,44.3532,52.359,84.6644,70.6759,125.8933,95.5727,95.4195,87.547,121.864,96.0862,109.0598,106.8503,114.9623,119.8496
Uganda,Food Packaging,Emissions (CH4),kilotonnes,0,0,0,0,0,0,0,0,0,0,0.0021,0.0022,0.0032,0,0,0,0,0,0,0.0007,0.0007
Uganda,Food Packaging,Emissions (N2O),kilotonnes,0,0,0,0,0,0,0,0,0,0,0.0003,0.0003,0.0004,0,0,0,0,0,0,0.0001,0.0001
Uganda,Food Packaging,Emissions (CO2),kilotonnes,0.0194,0.02,0.0204,0.0214,0.0227,0.0289,0.0345,0.0399,0.0404,0.0435,4.4944,3.9466,6.9036,0.0307,0.0727,0.075,0.1007,0.1125,0.1064,1.4051,1.4687
Uganda,Food Packaging,Emissions (CO2eq) from CH4 (AR5),kilotonnes,0,0,0,0,0,0,0,0,0,0,0.0588,0.0616,0.0896,0,0,0,0,0,0,0.0196,0.0199
Uganda,Food Packaging,Emissions (CO2eq) from N2O (AR5),kilotonnes,0,0,0,0,0,0,0,0,0,0,0.0795,0.0795,0.106,0,0,0,0,0,0,0.0265,0.0269
Uganda,Food Packaging,Emissions (CO2eq) (AR5),kilotonnes,0.0194,0.02,0.0204,0.0214,0.0227,0.0289,0.0345,0.0399,0.0404,0.0435,4.6327,4.0877,7.0992,0.0307,0.0727,0.075,0.1007,0.1125,0.1064,1.4512,1.5156
Uganda,Food Retail,Emissions (CH4),kilotonnes,0.0003,0.0004,0.0015,0.0007,0,0.0002,0.0001,0,0.0003,0.0286,0.0331,0.035,0.034,0.0436,0.0487,0.0535,0.0555,0.0596,0.0649,0.05,0.0509
Uganda,Food Retail,Emissions (N2O),kilotonnes,0,0,0,0,0,0,0,0,0,0.0001,0.0002,0.0002,0.0002,0.0002,0.0003,0.0003,0.0003,0.0003,0.0003,0.0003,0.0003
Uganda,Food Retail,Emissions (CO2),kilotonnes,0.1177,0.1487,0.5639,0.2417,0.0124,0.0744,0.0372,0.0124,0.123,11.0143,12.924,16.2338,15.4058,19.1203,19.0186,20.9014,21.6887,23.2632,25.3297,20.1386,21.0504
Uganda,Food Retail,Emissions (CO2eq) from CH4 (AR5),kilotonnes,0.0084,0.0112,0.042,0.0196,0,0.0056,0.0028,0,0.0084,0.8008,0.9268,0.98,0.952,1.2208,1.3636,1.498,1.554,1.6688,1.8172,1.4,1.4246
Uganda,Food Retail,Emissions (CO2eq) from N2O (AR5),kilotonnes,0,0,0,0,0,0,0,0,0,0.0265,0.053,0.053,0.053,0.053,0.0795,0.0795,0.0795,0.0795,0.0795,0.0795,0.0807
Uganda,Food Retail,Emissions (CO2eq) (AR5),kilotonnes,0.1261,0.1599,0.6059,0.2613,0.0124,0.08,0.04,0.0124,0.1314,11.8416,13.9038,17.2668,16.4108,20.3941,20.4617,22.4789,23.3222,25.0115,27.2264,21.6181,22.5557
Uganda,Food Household Consumption,Emissions (CH4),kilotonnes,0.0967,0.1081,0.1114,0.1279,0.1052,0.1051,0.0893,0.089,0.1012,0.0955,0.1117,0.1189,0.1196,0.1457,0.1623,0.1733,0.1768,0.1892,0.1973,0.1973,0.2008
Uganda,Food Household Consumption,Emissions (N2O),kilotonnes,0.0008,0.0008,0.0009,0.001,0.0008,0.0008,0.0008,0.0006,0.0008,0.0007,0.0009,0.0009,0.0009,0.001,0.0009,0.001,0.001,0.001,0.0011,0.0011,0.0011
Uganda,Food Household Consumption,Emissions (CO2),kilotonnes,71.854,73.7956,78.041,84.3653,69.7184,74.7729,75.2808,55.2354,77.0793,65.1321,80.4249,87.874,82.1616,93.1216,74.569,77.7838,78.512,81.9219,86.552,86.552,90.4707
Uganda,Food Household Consumption,Emissions (CO2eq) from CH4 (AR5),kilotonnes,2.7076,3.0268,3.1192,3.5812,2.9456,2.9428,2.5004,2.492,2.8336,2.674,3.1276,3.3292,3.3488,4.0796,4.5444,4.8524,4.9504,5.2976,5.5244,5.5244,5.6213
Uganda,Food Household Consumption,Emissions (CO2eq) from N2O (AR5),kilotonnes,0.212,0.212,0.2385,0.265,0.212,0.212,0.212,0.159,0.212,0.1855,0.2385,0.2385,0.2385,0.265,0.2385,0.265,0.265,0.265,0.2915,0.2915,0.296
Uganda,Food Household Consumption,Emissions (CO2eq) (AR5),kilotonnes,74.7736,77.0344,81.3987,88.2115,72.876,77.9277,77.9932,57.8864,80.1249,67.9916,83.791,91.4417,85.7489,97.4662,79.3519,82.9012,83.7274,87.4845,92.3679,92.3679,96.388
Uganda,Food Transport,Emissions (CH4),kilotonnes,0.0139,0.014,0.0142,0.0149,0.0154,0.0189,0.0226,0.0258,0.0254,0.0287,0.0325,0.0371,0.0363,0.0407,0.0486,0.0502,0.0548,0.057,0.06,0.0526,0.0535
Uganda,Food Transport,Emissions (N2O),kilotonnes,0.0012,0.0013,0.0013,0.0013,0.0014,0.0017,0.002,0.0024,0.0023,0.0026,0.0036,0.004,0.0039,0.0044,0.0058,0.0059,0.0057,0.006,0.0063,0.0056,0.0057
Uganda,Food Transport,Emissions (CO2),kilotonnes,60.4,61.81,64.31,68.175,71.135,90.84,108.19,129.115,130.255,144.645,163.2702,172.6042,170.3423,188.1063,222.8788,229.3567,245.57,255.5778,268.9059,243.8098,254.8484
Uganda,Food Transport,Emissions (CO2eq) from CH4 (AR5),kilotonnes,0.3892,0.392,0.3976,0.4172,0.4312,0.5292,0.6328,0.7224,0.7112,0.8036,0.91,1.0388,1.0164,1.1396,1.3608,1.4056,1.5344,1.596,1.68,1.4728,1.4986
Uganda,Food Transport,Emissions (CO2eq) from N2O (AR5),kilotonnes,0.318,0.3445,0.3445,0.3445,0.371,0.4505,0.53,0.636,0.6095,0.689,0.954,1.06,1.0335,1.166,1.537,1.5635,1.5105,1.59,1.6695,1.484,1.507
Uganda,Food Transport,Emissions (CO2eq) (AR5),kilotonnes,61.1072,62.5465,65.0521,68.9367,71.9372,91.8197,109.3528,130.4734,131.5757,146.1376,165.1342,174.703,172.3922,190.4119,225.7766,232.3258,248.6149,258.7638,272.2554,246.7666,257.8541
Uganda,Energy,Emissions (CH4),kilotonnes,152,154,157,161,164,169,173,177,180,186,189,197,201,203,204,208,214,223,225,228,232
Uganda,Energy,Emissions (N2O),kilotonnes,1.76,1.79,1.83,1.86,1.9,1.95,1.98,2.04,2.08,2.14,2.17,2.29,2.33,2.33,2.33,2.38,2.42,2.49,2.51,2.58,2.62
Uganda,Energy,Emissions (CO2),kilotonnes,1250,1290,1310,1380,1460,1860,2220,2570,2600,2800,3250,3430,3200,3400,3710,4180,4440,4860,4850,5080,5310
Uganda,Energy,Emissions (CO2eq) from CH4 (AR5),kilotonnes,4256,4312,4396,4508,4592,4732,4844,4956,5040,5208,5292,5516,5628,5684,5712,5824,5992,6244,6300,6384,6496
Uganda,Energy,Emissions (CO2eq) from N2O (AR5),kilotonnes,466.4,474.35,484.95,492.9,503.5,516.75,524.7,540.6,551.2,567.1,575.05,606.85,617.45,617.45,617.45,630.7,641.3,659.85,665.15,683.7,694.3
Uganda,Energy,Emissions (CO2eq) (AR5),kilotonnes,5972.4,6076.35,6190.95,6380.9,6555.5,7108.75,7588.7,8066.6,8191.2,8575.1,9117.05,9552.85,9445.45,9701.45,10039.45,10634.7,11073.3,11763.85,11815.15,12147.7,12500.3
Uganda,IPPU,Emissions (N2O),kilotonnes,0.0003,0.0003,0.0003,0.0003,0.0003,0.0003,0.0003,0.0003,0.0003,0.0004,0.0004,0.0004,0.0004,0.0004,0.0004,0.0004,0.0005,0.0005,0.0005,0.0005,0.0005
Uganda,IPPU,Emissions (CO2),kilotonnes,191,214,238,241,261,276,267,296,327,349,491,557,609,552,598,533,560,567,523,799,805
Uganda,IPPU,Emissions (CO2eq) from N2O (AR5),kilotonnes,0.07,0.0723,0.075,0.0776,0.0803,0.0832,0.0861,0.089,0.0922,0.0954,0.0988,0.1023,0.1057,0.1094,0.1132,0.1171,0.1208,0.1248,0.1291,0.1309,0.1346
Uganda,IPPU,Emissions (CO2eq) (AR5),kilotonnes,191.07,214.0723,238.075,241.0776,261.0803,276.0832,267.0861,296.089,327.0922,349.0954,491.0988,557.1023,609.1057,552.1094,598.1132,533.1171,560.1208,567.1248,523.1291,799.1309,805.1346
Uganda,Waste,Emissions (CH4),kilotonnes,119,123,128,132,138,142,148,153,159,165,171,177,184,190,197,204,212,219,227,230,236
Uganda,Waste,Emissions (N2O),kilotonnes,0.754,0.78,0.807,0.869,0.91,0.955,0.962,0.985,1.02,1.08,1.15,1.2,1.24,1.26,1.3,1.34,1.39,1.41,1.45,1.5,1.54
Uganda,Waste,Emissions (CO2eq) from CH4 (AR5),kilotonnes,3332,3444,3584,3696,3864,3976,4144,4284,4452,4620,4788,4956,5152,5320,5516,5712,5936,6132,6356,6440,6608
Uganda,Waste,Emissions (CO2eq) from N2O (AR5),kilotonnes,199.81,206.7,213.855,230.285,241.15,253.075,254.93,261.025,270.3,286.2,304.75,318,328.6,333.9,344.5,355.1,368.35,373.65,384.25,397.5,408.1
Uganda,Waste,Emissions (CO2eq) (AR5),kilotonnes,3531.81,3650.7,3797.855,3926.285,4105.15,4229.075,4398.93,4545.025,4722.3,4906.2,5092.75,5274,5480.6,5653.9,5860.5,6067.1,6304.35,6505.65,6740.25,6837.5,7016.1
Uganda,Other,Emissions (N2O),kilotonnes,0.958,0.98,1,1.03,1.05,1.09,1.12,1.16,1.19,1.24,1.27,1.35,1.36,1.38,1.41,1.43,1.48,1.52,1.56,1.59,1.63
Uganda,Other,Emissions (CO2eq) from N2O (AR5),kilotonnes,253.87,259.7,265,272.95,278.25,288.85,296.8,307.4,315.35,328.6,336.55,357.75,360.4,365.7,373.65,378.95,392.2,402.8,413.4,421.35,431.95
Uganda,Other,Emissions (CO2eq) (AR5),kilotonnes,253.87,259.7,265,272.95,278.25,288.85,296.8,307.4,315.35,328.6,336.55,357.75,360.4,365.7,373.65,378.95,392.2,402.8,413.4,421.35,431.95
Uganda,Farm-gate emissions,Emissions (CH4),kilotonnes,294.9398,300.2936,312.5886,346.3614,344.9049,375.8936,342.6066,385.999,537.8171,536.6795,566.6537,563.5009,594.1385,594.3287,609.0508,632.8218,620.2953,632.5865,644.7,656.1906,686.2987
Uganda,Farm-gate emissions,Direct emissions (N2O),kilotonnes,10.9868,11.3941,11.9811,12.7069,12.9836,13.3897,13.6844,14.1262,20.4418,21.0043,21.6422,22.2592,22.8575,23.205,23.8292,24.546,23.8883,24.586,25.499,26.2251,26.7736
Uganda,Farm-gate emissions,Indirect emissions (N2O),kilotonnes,2.8323,2.9404,3.0872,3.2714,3.3775,3.4807,3.5624,3.6758,5.2566,5.3962,5.5584,5.719,5.8749,5.9842,6.079,6.2323,6.1098,6.2726,6.4885,6.6674,6.8038
Uganda,Farm-gate emissions,Emissions (N2O),kilotonnes,18.7002,18.9657,19.5017,21.8466,21.3397,23.8175,20.3139,23.9179,31.1824,30.7195,32.8737,32.1015,34.3737,34.0437,34.4759,35.6468,35.42,35.8763,36.3113,36.456,38.4432
Uganda,Farm-gate emissions,Emissions (CO2),kilotonnes,5972.5994,5972.8392,5972.5648,5984.9754,5990.878,6128.5937,6128.0317,6275.6051,6193.5084,6197.7964,6168.455,6174.1843,6089.673,6126.3516,6168.1507,6268.5054,6289.8566,6311.0561,6348.1454,6408.2407,6398.3427
Uganda,Farm-gate emissions,Emissions (CO2eq) from CH4 (AR5),kilotonnes,8258.3144,8408.2221,8752.4798,9698.1186,9657.337,10525.0219,9592.9845,10807.9732,15058.8799,15027.0249,15866.3033,15778.0253,16635.8768,16641.2032,17053.4235,17719.0109,17368.2687,17712.4227,18051.5989,18373.3382,19216.3639
Uganda,Farm-gate emissions,Emissions (CO2eq) from N2O (AR5),kilotonnes,4955.555,5025.9117,5167.9593,5789.3464,5655.0334,6311.6397,5383.1947,6338.2391,8263.3394,8140.6605,8711.5254,8506.9069,9109.0198,9021.5795,9136.1109,9446.4001,9386.2939,9507.2204,9622.4957,9660.8305,10187.4373
Uganda,Farm-gate emissions,Emissions (CO2eq) (AR5),kilotonnes,19186.4689,19406.973,19893.0039,21472.4404,21303.2484,22965.2553,21104.2109,23421.8174,29515.7277,29365.4818,30746.2838,30459.1166,31834.5695,31789.1343,32357.6851,33433.9164,33044.4193,33530.6992,34022.24,34442.4093,35802.144
Uganda,Land Use change,Emissions (CH4),kilotonnes,18.2085,1.2072,1.396,1.4918,1.1115,1.3827,0.6515,0.3856,0.8722,0.4175,0.8749,0.8429,1.7364,0.7578,1.2631,1.0823,0.8669,1.2099,0.3723,1.7364,0.1835
Uganda,Land Use change,Emissions (N2O),kilotonnes,0.5355,0.1102,0.1275,0.1362,0.1015,0.1263,0.0595,0.0352,0.0796,0.0381,0.0799,0.077,0.1585,0.0692,0.1153,0.0988,0.0791,0.1105,0.034,0.1585,0.0168
Uganda,Land Use change,Emissions (CO2),kilotonnes,10471.952,10472.3619,10472.3619,10472.3619,10472.3619,10472.3619,10472.3619,10472.3619,10472.3619,10472.3619,10472.3619,10472.1569,10472.1569,10472.1569,10472.1569,10472.1569,10472.1569,10472.1569,10472.1569,10472.1569,10472.1569
Uganda,Land Use change,Emissions (CO2eq) from CH4 (AR5),kilotonnes,509.8385,33.8026,39.089,41.7694,31.1222,38.7168,18.2415,10.7962,24.4214,11.6894,24.4959,23.6023,48.6192,21.2198,35.3662,30.3033,24.2726,33.8773,10.4237,48.6194,5.1374
Uganda,Land Use change,Emissions (CO2eq) from N2O (AR5),kilotonnes,141.9194,29.2099,33.778,36.0942,26.8936,33.4564,15.763,9.3293,21.1032,10.1012,21.1676,20.3954,42.0134,18.3367,30.561,26.186,20.9747,29.2744,9.0075,42.0135,4.4394
Uganda,Land Use change,Emissions (CO2eq) (AR5),kilotonnes,11123.7099,10535.3744,10545.2289,10550.2254,10530.3777,10544.535,10506.3664,10492.4874,10517.8865,10494.1525,10518.0254,10516.1546,10562.7896,10511.7134,10538.0841,10528.6463,10517.4042,10535.3087,10491.5881,10562.7898,10481.7338
Uganda,Emissions on agricultural land,Emissions (CH4),kilotonnes,313.1483,301.5009,313.9846,347.8531,346.0164,377.2764,343.2581,386.3846,538.6893,537.0969,567.5285,564.3438,595.8749,595.0865,610.3139,633.9041,621.1622,633.7964,645.0722,657.9271,686.4822
Uganda,Emissions on agricultural land,Emissions (N2O),kilotonnes,19.2358,19.0759,19.6292,21.9828,21.4412,23.9438,20.3734,23.9531,31.262,30.7576,32.9536,32.1785,34.5322,34.1129,34.5912,35.7456,35.4991,35.9868,36.3453,36.6145,38.4599
Uganda,Emissions on agricultural land,Emissions (CO2),kilotonnes,16444.5514,16445.2011,16444.9267,16457.3373,16463.2399,16600.9556,16600.3936,16747.967,16665.8703,16670.1583,16640.8169,16646.3412,16561.8299,16598.5085,16640.3076,16740.6623,16762.0136,16783.2131,16820.3023,16880.3976,16870.4996
Uganda,Emissions on agricultural land,Emissions (CO2eq) from CH4 (AR5),kilotonnes,8768.1529,8442.0248,8791.5688,9739.888,9688.4592,10563.7387,9611.2259,10818.7694,15083.3013,15038.7143,15890.7992,15801.6276,16684.496,16662.423,17088.7897,17749.3143,17392.5413,17746.3,18062.0226,18421.9575,19221.5014
Uganda,Emissions on agricultural land,Emissions (CO2eq) from N2O (AR5),kilotonnes,5097.4745,5055.1215,5201.7373,5825.4405,5681.9271,6345.0961,5398.9577,6347.5684,8284.4427,8150.7617,8732.693,8527.3024,9151.0332,9039.9162,9166.6719,9472.5862,9407.2686,9536.4948,9631.5032,9702.8439,10191.8767
Uganda,Emissions on agricultural land,Emissions (CO2eq) (AR5),kilotonnes,30310.1788,29942.3474,30438.2328,32022.6658,31833.6262,33509.7904,31610.5773,33914.3047,40033.6143,39859.6343,41264.3092,40975.2712,42397.3591,42300.8477,42895.7692,43962.5627,43561.8234,44066.0079,44513.8281,45005.1991,46283.8778
Uganda,Pre- and post- production,Emissions (CH4),kilotonnes,172.6911,173.1364,173.8008,171.9471,169.0861,170.8796,172.6394,174.9547,177.3694,180.1834,182.6381,184.7715,186.5794,188.6895,190.1249,191.784,193.497,195.4632,197.4729,199.3483,201.1105
Uganda,Pre- and post- production,Emissions (N2O),kilotonnes,0.4584,0.4859,0.5072,0.5222,0.4944,0.5227,0.5168,0.5341,0.5906,0.6187,0.6373,0.6671,0.669,0.678,0.7123,0.723,0.7498,0.7673,0.795,0.8204,0.8449
Uganda,Pre- and post- production,Emissions (CO2),kilotonnes,301.4064,340.2906,334.8375,279.8446,150.2431,179.8354,222.741,224.7533,256.7433,292.3886,315.9287,388.6441,358.1099,381.8754,391.289,434.3082,431.789,459.8828,479.4627,456.4049,477.0287
Uganda,Pre- and post- production,Emissions (CO2eq) from CH4 (AR5),kilotonnes,4835.3518,4847.8196,4866.421,4814.5196,4734.412,4784.6278,4833.9019,4898.7308,4966.3427,5045.1363,5113.8657,5173.6014,5224.2229,5283.3056,5323.4969,5369.9527,5417.9148,5472.9696,5529.2417,5581.753,5631.0938
Uganda,Pre- and post- production,Emissions (CO2eq) from N2O (AR5),kilotonnes,121.4671,128.7595,134.3962,138.3784,131.0102,138.5287,136.9641,141.5368,156.5016,163.9635,168.8848,176.7743,177.2749,179.6803,188.7489,191.5938,198.6987,203.3369,210.6831,217.4148,223.8987
Uganda,Pre- and post- production,Emissions (CO2eq) (AR5),kilotonnes,5258.2253,5316.8697,5335.6547,5232.7426,5015.6653,5102.9918,5193.607,5265.0209,5379.5876,5501.4884,5598.6792,5739.0198,5759.6077,5844.8613,5903.5348,5995.8547,6048.4025,6136.1893,6219.3875,6255.5727,6332.0212
Uganda,Agri-food systems,Emissions (CH4),kilotonnes,485.8395,474.6373,487.7854,519.8003,515.1025,548.1559,515.8974,561.3393,716.0587,717.2804,750.1666,749.1153,782.4542,783.776,800.4388,825.6881,814.6591,829.2596,842.5452,857.2754,887.5927
Uganda,Agri-food systems,Emissions (N2O),kilotonnes,19.6941,19.5618,20.1364,22.505,21.9356,24.4665,20.8903,24.4872,31.8526,31.3763,33.5909,32.8456,35.2012,34.7909,35.3035,36.4686,36.2489,36.7541,37.1403,37.4349,39.3048
Uganda,Agri-food systems,Emissions (CO2),kilotonnes,16745.9578,16785.4918,16779.7642,16737.1819,16613.483,16780.791,16823.1346,16972.7203,16922.6136,16962.5469,16956.7456,17034.9853,16919.9398,16980.3839,17031.5966,17174.9705,17193.8026,17243.0959,17299.765,17336.8025,17347.5284
Uganda,Agri-food systems,Emissions (CO2eq) from CH4 (AR5),kilotonnes,13603.5047,13289.8444,13657.9899,14554.4075,14422.8712,15348.3665,14445.1278,15717.5001,20049.644,20083.8506,21004.6649,20975.2289,21908.7189,21945.7286,22412.2866,23119.267,22810.4561,23219.2696,23591.2643,24003.7105,24852.5952
Uganda,Agri-food systems,Emissions (CO2eq) from N2O (AR5),kilotonnes,5218.9415,5183.881,5336.1335,5963.819,5812.9372,6483.6247,5535.9218,6489.1052,8440.9443,8314.7252,8901.5779,8704.0767,9328.3081,9219.5965,9355.4208,9664.18,9605.9672,9739.8317,9842.1862,9920.2587,10415.7754
Uganda,Agri-food systems,Emissions (CO2eq) (AR5),kilotonnes,35568.4041,35259.2171,35773.8876,37255.4084,36849.2914,38612.7822,36804.1843,39179.3256,45413.2019,45361.1227,46862.9884,46714.291,48156.9668,48145.709,48799.304,49958.4174,49610.2259,50202.1972,50733.2156,51260.7717,52615.899
Uganda,IPCC Agriculture,Emissions (CH4),kilotonnes,294.9303,300.2839,312.5791,346.3373,344.8801,375.8613,342.5743,385.8234,537.717,536.5047,566.484,563.3544,594.0711,594.2052,608.9183,632.6073,620.0667,632.3441,644.4395,655.9045,686.0126
Uganda,IPCC Agriculture,Emissions (CH4),kilotonnes,271.68,,,,,,,,,,,,,,,,,,,,
Uganda,IPCC Agriculture,Direct emissions (N2O),kilotonnes,10.9868,11.3941,11.9811,12.7069,12.9836,13.3897,13.6844,14.1262,20.4418,21.0043,21.6422,22.2592,22.8575,23.205,23.8292,24.546,23.8883,24.586,25.499,26.2251,26.7736
Uganda,IPCC Agriculture,Indirect emissions (N2O),kilotonnes,2.8323,2.9404,3.0872,3.2714,3.3775,3.4807,3.5624,3.6758,5.2566,5.3962,5.5584,5.719,5.8749,5.9842,6.079,6.2323,6.1098,6.2726,6.4885,6.6674,6.8038
Uganda,IPCC Agriculture,Emissions (N2O),kilotonnes,18.6719,18.9349,19.4708,21.8153,21.306,23.7296,20.2249,23.8154,31.088,30.6452,32.8106,32.0292,34.3082,33.9793,34.3978,35.555,35.3212,35.7724,36.1974,36.3349,38.3221
Uganda,IPCC Agriculture,Emissions (N2O),kilotonnes,51.95,,,,,,,,,,,,,,,,,,,,
Uganda,IPCC Agriculture,Emissions (CO2eq) from CH4 (AR5),kilotonnes,8258.0483,8407.9479,8752.2141,9697.4455,9656.6423,10524.1151,9592.0803,10803.0564,15056.077,15022.1311,15861.5521,15773.9235,16633.9903,16637.7467,17049.7123,17713.0051,17361.8681,17705.6343,18044.3049,18365.3265,19208.3523
Uganda,IPCC Agriculture,Emissions (CO2eq) from CH4 (AR5),kilotonnes,7607.04,,,,,,,,,,,,,,,,,,,,
Uganda,IPCC Agriculture,Emissions (CO2eq) from N2O (AR5),kilotonnes,4948.0591,5017.7563,5159.7651,5781.0524,5646.0812,6288.3549,5359.5887,6311.0852,8238.3114,8120.9837,8694.8042,8487.7398,9091.6797,9004.5195,9115.4176,9422.0812,9360.1126,9479.6865,9592.3134,9628.7497,10155.3565
Uganda,IPCC Agriculture,Emissions (CO2eq) from N2O (AR5),kilotonnes,13766.75,,,,,,,,,,,,,,,,,,,,
Uganda,IPCC Agriculture,Emissions (CO2eq) (AR5),kilotonnes,13206.1073,13425.7042,13911.9792,15478.4979,15302.7235,16812.4699,14951.669,17114.1417,23294.3884,23143.1148,24556.3564,24261.6633,25725.67,25642.2662,26165.1299,27135.0863,26721.9807,27185.3208,27636.6183,27994.0762,29363.7088
Uganda,IPCC Agriculture,Emissions (CO2eq) (AR5),kilotonnes,21373.79,,,,,,,,,,,,,,,,,,,,
Uganda,Agricultural Soils,Direct emissions (N2O),kilotonnes,10.9868,11.3941,11.9811,12.7069,12.9836,13.3897,13.6844,14.1262,20.4418,21.0043,21.6422,22.2592,22.8575,23.205,23.8292,24.546,23.8883,24.586,25.499,26.2251,26.7736
Uganda,Agricultural Soils,Indirect emissions (N2O),kilotonnes,2.8323,2.9404,3.0872,3.2714,3.3775,3.4807,3.5624,3.6758,5.2566,5.3962,5.5584,5.719,5.8749,5.9842,6.079,6.2323,6.1098,6.2726,6.4885,6.6674,6.8038
Uganda,Agricultural Soils,Emissions (N2O),kilotonnes,14.8104,15.3247,16.0588,16.9681,17.3503,17.86,18.236,18.7909,26.6873,27.3885,28.189,28.9666,29.7206,30.1768,30.8957,31.7658,30.9843,31.8446,32.9732,33.8824,34.5657
Uganda,Agricultural Soils,Emissions (N2O),kilotonnes,50.67,,,,,,,,,,,,,,,,,,,,
Uganda,Agricultural Soils,Emissions (CO2eq) from N2O (AR5),kilotonnes,3924.7458,4061.0501,4255.583,4496.5592,4597.8323,4732.8989,4832.5502,4979.5925,7072.1313,7257.961,7470.0886,7676.1437,7875.9551,7996.8575,8187.3715,8417.9419,8210.8351,8438.8145,8737.906,8978.8353,9159.9131
Uganda,Agricultural Soils,Emissions (CO2eq) from N2O (AR5),kilotonnes,13427.55,,,,,,,,,,,,,,,,,,,,
Uganda,Agricultural Soils,Emissions (CO2eq) (AR5),kilotonnes,3924.7458,4061.0501,4255.583,4496.5592,4597.8323,4732.8989,4832.5502,4979.5925,7072.1313,7257.961,7470.0886,7676.1437,7875.9551,7996.8575,8187.3715,8417.9419,8210.8351,8438.8145,8737.906,8978.8353,9159.9131
Uganda,Agricultural Soils,Emissions (CO2eq) (AR5),kilotonnes,13427.55,,,,,,,,,,,,,,,,,,,,
Uganda,LULUCF,Emissions (CH4),kilotonnes,21.7377,1.2097,1.4233,1.5611,1.2131,1.6007,0.8051,0.3905,0.9143,0.5859,1.0706,0.8702,1.8801,0.8842,1.33,1.1863,0.9585,1.2743,0.459,1.8281,0.2281
Uganda,LULUCF,Emissions (CH4),kilotonnes,69,,,,,,,,,,,,,,,,,,,,
Uganda,LULUCF,Emissions (N2O),kilotonnes,0.6393,0.1105,0.13,0.1425,0.1108,0.1462,0.0735,0.0357,0.0835,0.0535,0.0977,0.0795,0.1717,0.0807,0.1214,0.1083,0.0875,0.1164,0.0419,0.1669,0.0208
Uganda,LULUCF,Emissions (N2O),kilotonnes,1,,,,,,,,,,,,,,,,,,,,
Uganda,LULUCF,Emissions (CO2),kilotonnes,14337.2919,14331.8659,14333.6818,14330.8866,14327.1895,14328.1161,14326.5503,14324.9836,14324.7713,14319.6532,14321.646,14321.441,14320.4268,14316.1983,14316.0766,14316.0766,14312.1277,14311.4094,14309.6908,14332.1991,14322.3011
Uganda,LULUCF,Emissions (CO2),kilotonnes,8735,,,,,,,,,,,,,,,,,,,,
Uganda,LULUCF,Emissions (CO2eq) from CH4 (AR5),kilotonnes,608.6548,33.872,39.852,43.7115,33.966,44.8206,22.5419,10.9349,25.6005,16.406,29.9754,24.3652,52.6423,24.7573,37.239,33.2166,26.839,35.6808,12.8515,51.1858,6.386
Uganda,LULUCF,Emissions (CO2eq) from N2O (AR5),kilotonnes,169.4262,29.2698,34.4373,37.7724,29.3511,38.7309,19.4792,9.4492,22.1222,14.177,25.9027,21.0547,45.4898,21.3935,32.1793,28.7035,23.1924,30.8329,11.1053,44.2312,5.5183
Uganda,LULUCF,Emissions (CO2eq) (AR5),kilotonnes,15115.3729,14395.0078,14407.9711,14412.3706,14390.5067,14411.6677,14368.5714,14345.3677,14372.494,14350.2363,14377.5242,14366.861,14418.5589,14362.3491,14385.4949,14377.9966,14362.1591,14377.923,14333.6476,14427.6161,14334.2054
Uganda,LULUCF,Emissions (CO2eq) (AR5),kilotonnes,8735,,,,,,,,,,,,,,,,,,,,
Uganda,AFOLU,Emissions (CH4),kilotonnes,316.668,301.4936,314.0024,347.8985,346.0932,377.462,343.3794,386.214,538.6313,537.0906,567.5546,564.2246,595.9512,595.0894,610.2483,633.7936,621.0253,633.6184,644.8984,657.7326,686.2407
Uganda,AFOLU,Emissions (N2O),kilotonnes,19.3113,19.0454,19.6008,21.9578,21.4167,23.8758,20.2984,23.8511,31.1714,30.6987,32.9083,32.1087,34.4799,34.06,34.5192,35.6633,35.4087,35.8888,36.2393,36.5018,38.3429
Uganda,AFOLU,Emissions (CO2),kilotonnes,14337.2919,14331.8659,14333.6818,14330.8866,14327.1895,14328.1161,14326.5503,14324.9836,14324.7713,14319.6532,14321.646,14321.441,14320.4268,14316.1983,14316.0766,14316.0766,14312.1277,14311.4094,14309.6908,14332.1991,14322.3011
Uganda,AFOLU,Emissions (CO2eq) from CH4 (AR5),kilotonnes,8866.7031,8441.8199,8792.0661,9741.157,9690.6084,10568.9357,9614.6222,10813.9913,15081.6775,15038.5371,15891.5276,15798.2887,16686.6326,16662.5039,17086.9513,17746.2217,17388.7071,17741.3151,18057.1563,18416.5123,19214.7382
Uganda,AFOLU,Emissions (CO2eq) from N2O (AR5),kilotonnes,5117.4852,5047.0261,5194.2024,5818.8248,5675.4323,6327.0858,5379.0679,6320.5344,8260.4336,8135.1607,8720.7069,8508.7946,9137.1696,9025.913,9147.5969,9450.7847,9383.305,9510.5193,9603.4187,9672.9809,10160.8749
Uganda,AFOLU,Emissions (CO2eq) (AR5),kilotonnes,28321.4802,27820.7119,28319.9503,29890.8685,29693.2302,31224.1376,29320.2404,31459.5094,37666.8824,37493.351,38933.8805,38628.5243,40144.229,40004.6153,40550.6248,41513.0829,41084.1398,41563.2438,41970.2658,42421.6923,43697.9142
Uganda,All sectors with LULUCF,Emissions (CH4),kilotonnes,587.668,578.4936,599.0024,640.8985,648.0932,688.462,664.3794,716.214,877.6313,888.0906,927.5546,938.2246,980.9512,988.0894,1011.2483,1045.7936,1047.0253,1075.6184,1096.8984,1115.7326,1154.2407
Uganda,All sectors with LULUCF,Emissions (N2O),kilotonnes,22.7835,22.5957,23.238,25.7171,25.277,27.8711,24.3607,28.0364,35.4618,35.1591,37.4987,36.949,39.4103,39.0305,39.5597,40.8138,40.6992,41.3092,41.7598,42.1723,44.1334
Uganda,All sectors with LULUCF,Emissions (CO2),kilotonnes,15778.2919,15835.8659,15881.6818,15951.8866,16048.1895,16464.1161,16813.5503,17190.9836,17251.7713,17468.6532,18062.646,18308.441,18129.4268,18268.1983,18624.0766,19029.0766,19312.1277,19738.4094,19682.6908,20211.1991,20437.3011
Uganda,All sectors with LULUCF,Emissions (CO2eq) from CH4 (AR5),kilotonnes,16454.7031,16197.8199,16772.0661,17945.157,18146.6084,19276.9357,18602.6222,20053.9913,24573.6775,24866.5371,25971.5276,26270.2887,27466.6326,27666.5039,28314.9513,29282.2217,29316.7071,30117.3151,30713.1563,31240.5123,32318.7382
Uganda,All sectors with LULUCF,Emissions (CO2eq) from N2O (AR5),kilotonnes,6037.6352,5987.8485,6158.0824,6815.0375,6698.4126,7385.844,6455.584,7429.6485,9397.3758,9317.1561,9937.1558,9791.4968,10443.7253,10343.0725,10483.3101,10815.6518,10785.2759,10946.9441,11066.3478,11175.6618,11695.3595
Uganda,All sectors with LULUCF,Emissions (CO2eq) (AR5),kilotonnes,38270.6302,38021.5343,38811.8303,40712.0811,40893.2105,43126.8958,41871.7565,44674.6234,51222.8246,51652.3464,53971.3294,54370.2266,56039.7847,56277.7747,57422.3379,59126.9501,59414.1106,60802.6686,61462.1949,62627.3732,64451.3989
Uganda,All sectors without LULUCF,Emissions (CH4),kilotonnes,565.9303,577.2839,597.5791,639.3373,646.8801,686.8613,663.5743,715.8234,876.717,887.5047,926.484,937.3544,979.0711,987.2052,1009.9183,1044.6073,1046.0667,1074.3441,1096.4395,1113.9045,1154.0126
Uganda,All sectors without LULUCF,Emissions (N2O),kilotonnes,22.1442,22.4852,23.1081,25.5746,25.1663,27.725,24.2872,28.0008,35.3783,35.1056,37.401,36.8696,39.2386,38.9497,39.4382,40.7055,40.6116,41.1929,41.7179,42.0054,44.1126
Uganda,All sectors without LULUCF,Emissions (CO2),kilotonnes,1441,1504,1548,1621,1721,2136,2487,2866,2927,3149,3741,3987,3809,3952,4308,4713,5000,5427,5373,5879,6115
Uganda,All sectors without LULUCF,Emissions (CO2eq) from CH4 (AR5),kilotonnes,15846.0483,16163.9479,16732.2141,17901.4455,18112.6423,19232.1151,18580.0803,20043.0564,24548.077,24850.1311,25941.5521,26245.9235,27413.9903,27641.7467,28277.7123,29249.0051,29289.8681,30081.6343,30700.3049,31189.3265,32312.3523
Uganda,All sectors without LULUCF,Emissions (CO2eq) from N2O (AR5),kilotonnes,5868.209,5958.5786,6123.6451,6777.265,6669.0615,7347.1131,6436.1048,7420.1993,9375.2536,9302.9791,9911.2531,9770.4421,10398.2355,10321.6789,10451.1308,10786.9483,10762.0835,10916.1113,11055.2424,11131.4306,11689.8412
Uganda,All sectors without LULUCF,Emissions (CO2eq) (AR5),kilotonnes,23155.2573,23626.5265,24403.8592,26299.7105,26502.7038,28715.2281,27503.1851,30329.2557,36850.3306,37302.1102,39593.8052,40003.3656,41621.2258,41915.4256,43036.8431,44748.9534,45051.9515,46424.7456,47128.5473,48199.7571,50117.1934
Ukraine,Crop Residues,Direct emissions (N2O),kilotonnes,5.549,8.3559,8.1923,6.1102,8.5419,8.063,7.4809,6.5501,10.6269,9.4542,8.2909,10.9647,9.2213,11.7501,12.1854,11.8692,12.541,11.9362,12.8183,13.662,12.035
Ukraine,Crop Residues,Direct emissions (N2O),kilotonnes,22.2451,22.4195,21.5601,18.2652,21.6004,20.901,20.9883,18.4019,24.2333,22.7515,22.649,28.0334,26.5419,31.3064,31.6284,30.1464,32.8836,30.9342,34.6502,35.1618,31.215
Ukraine,Crop Residues,Indirect emissions (N2O),kilotonnes,1.2485,1.8801,1.8433,1.3748,1.9219,1.8142,1.6832,1.4738,2.3911,2.1272,1.8655,2.4671,2.0748,2.6438,2.7417,2.6706,2.8217,2.6856,2.8841,3.0739,2.7079
Ukraine,Crop Residues,Emissions (N2O),kilotonnes,6.7975,10.236,10.0355,7.485,10.4638,9.8772,9.1641,8.0239,13.018,11.5814,10.1564,13.4318,11.2961,14.3938,14.9271,14.5398,15.3627,14.6218,15.7024,16.7359,14.7429
Ukraine,Crop Residues,Emissions (N2O),kilotonnes,22.2451,22.4195,21.5601,18.2652,21.6004,20.901,20.9883,18.4019,24.2333,22.7515,22.649,28.0334,26.5419,31.3064,31.6284,30.1464,32.8836,30.9342,34.6502,35.1618,31.215
Ukraine,Crop Residues,Emissions (CO2eq) from N2O (AR5),kilotonnes,1801.3469,2712.5441,2659.4134,1983.5135,2772.9085,2617.4659,2428.4845,2126.3251,3449.7736,3069.0732,2691.4373,3559.425,2993.4758,3814.3627,3955.6876,3853.0478,4071.1066,3874.7784,4161.1424,4435.0161,3906.8596
Ukraine,Crop Residues,Emissions (CO2eq) from N2O (AR5),kilotonnes,5894.9587,5941.1751,5713.4242,4840.2877,5724.0986,5538.7612,5561.9101,4876.5143,6421.8301,6029.1382,6001.9833,7428.8611,7033.6073,8296.2023,8381.5266,7988.7938,8714.1667,8197.5606,9182.3035,9317.8813,8271.9811
Ukraine,Crop Residues,Emissions (CO2eq) (AR5),kilotonnes,1801.3469,2712.5441,2659.4134,1983.5135,2772.9085,2617.4659,2428.4845,2126.3251,3449.7736,3069.0732,2691.4373,3559.425,2993.4758,3814.3627,3955.6876,3853.0478,4071.1066,3874.7784,4161.1424,4435.0161,3906.8596
Ukraine,Crop Residues,Emissions (CO2eq) (AR5),kilotonnes,5894.9587,5941.1751,5713.4242,4840.2877,5724.0986,5538.7612,5561.9101,4876.5143,6421.8301,6029.1382,6001.9833,7428.8611,7033.6073,8296.2023,8381.5266,7988.7938,8714.1667,8197.5606,9182.3035,9317.8813,8271.9811
Ukraine,Rice Cultivation,Emissions (CH4),kilotonnes,7.056,5.2786,5.292,6.272,5.964,5.992,6.048,5.908,5.544,6.86,8.204,8.288,7.224,6.776,2.856,3.276,3.36,3.556,3.528,2.94,3.136
Ukraine,Rice Cultivation,Emissions (CH4),kilotonnes,7.4847,5.6345,5.63,6.6452,6.3263,6.343,6.4399,6.2688,5.8739,7.2789,8.6922,8.7993,7.6697,7.1729,3.0233,3.4679,3.5627,3.7643,3.7431,3.1122,3.3197
Ukraine,Rice Cultivation,Emissions (CO2eq) from CH4 (AR5),kilotonnes,197.568,147.7997,148.176,175.616,166.992,167.776,169.344,165.424,155.232,192.08,229.712,232.064,202.272,189.728,79.968,91.728,94.08,99.568,98.784,82.32,87.808
Ukraine,Rice Cultivation,Emissions (CO2eq) from CH4 (AR5),kilotonnes,209.5714,157.7672,157.6401,186.0666,177.1377,177.6029,180.3182,175.526,164.4695,203.8099,243.3817,246.3803,214.7504,200.8406,84.6518,97.1006,99.7547,105.3998,104.8055,87.1416,92.951
Ukraine,Rice Cultivation,Emissions (CO2eq) (AR5),kilotonnes,197.568,147.7997,148.176,175.616,166.992,167.776,169.344,165.424,155.232,192.08,229.712,232.064,202.272,189.728,79.968,91.728,94.08,99.568,98.784,82.32,87.808
Ukraine,Rice Cultivation,Emissions (CO2eq) (AR5),kilotonnes,209.5714,157.7672,157.6401,186.0666,177.1377,177.6029,180.3182,175.526,164.4695,203.8099,243.3817,246.3803,214.7504,200.8406,84.6518,97.1006,99.7547,105.3998,104.8055,87.1416,92.951
Ukraine,Burning - Crop residues,Emissions (CH4),kilotonnes,9.0647,10.4921,10.5271,9.6042,12.2169,11.6091,10.6288,11.5963,14.2356,12.9701,13.9789,16.8018,17.9225,20.16,18.9992,18.4295,18.201,19.0043,19.4912,20.8515,21.665
Ukraine,Burning - Crop residues,Emissions (N2O),kilotonnes,0.235,0.272,0.2729,0.249,0.3167,0.301,0.2756,0.3006,0.3691,0.3363,0.3624,0.4356,0.4647,0.5227,0.4926,0.4778,0.4719,0.4927,0.5053,0.5406,0.5617
Ukraine,Burning - Crop residues,Emissions (CO2eq) from CH4 (AR5),kilotonnes,253.8119,293.7792,294.7595,268.9183,342.0745,325.0551,297.6054,324.6963,398.5957,363.1624,391.408,470.4512,501.8305,564.4787,531.9783,516.0256,509.6287,532.1216,545.7541,583.8433,606.6189
Ukraine,Burning - Crop residues,Emissions (CO2eq) from N2O (AR5),kilotonnes,62.2779,72.0847,72.3252,65.9846,83.9349,79.7589,73.0236,79.6709,97.8036,89.1093,96.0399,115.4348,123.1343,138.5064,130.5317,126.6174,125.0478,130.5669,133.9119,143.2578,148.8463
Ukraine,Burning - Crop residues,Emissions (CO2eq) (AR5),kilotonnes,316.0898,365.8639,367.0847,334.9028,426.0094,404.8139,370.629,404.3672,496.3993,452.2717,487.448,585.886,624.9649,702.9851,662.51,642.643,634.6764,662.6884,679.666,727.1011,755.4652
Ukraine,Enteric Fermentation,Emissions (CH4),kilotonnes,872.8812,782.1171,781.932,756.7746,654.1925,589.9709,555.2848,525.1814,476.5402,439.847,422.4376,398.288,391.1522,402.8341,381.2221,342.8657,330.3982,323.3812,309.4324,293.1642,272.5118
Ukraine,Enteric Fermentation,Emissions (CH4),kilotonnes,710.4057,687.6479,683.8708,629.1894,569.0735,534.912,509.6365,472.6385,437.0513,420.1448,402.1632,389.277,393.9084,396.9162,379.7391,359.4634,351.7221,344.2312,332.4057,315.0457,297.8826
Ukraine,Enteric Fermentation,Emissions (CO2eq) from CH4 (AR5),kilotonnes,24440.6722,21899.2802,21894.0946,21189.6902,18317.3914,16519.1838,15547.9744,14705.0792,13343.1242,12315.716,11828.2528,11152.064,10952.2616,11279.3562,10674.2188,9600.2401,9251.1484,9054.6749,8664.1082,8208.5974,7630.3317
Ukraine,Enteric Fermentation,Emissions (CO2eq) from CH4 (AR5),kilotonnes,19891.3586,19254.1415,19148.3836,17617.3042,15934.0578,14977.5347,14269.8222,13233.8792,12237.4364,11764.0535,11260.5693,10899.7553,11029.434,11113.6526,10632.6943,10064.9749,9848.2182,9638.4741,9307.3602,8821.2803,8340.7141
Ukraine,Enteric Fermentation,Emissions (CO2eq) (AR5),kilotonnes,24440.6722,21899.2802,21894.0946,21189.6902,18317.3914,16519.1838,15547.9744,14705.0792,13343.1242,12315.716,11828.2528,11152.064,10952.2616,11279.3562,10674.2188,9600.2401,9251.1484,9054.6749,8664.1082,8208.5974,7630.3317
Ukraine,Enteric Fermentation,Emissions (CO2eq) (AR5),kilotonnes,19891.3586,19254.1415,19148.3836,17617.3042,15934.0578,14977.5347,14269.8222,13233.8792,12237.4364,11764.0535,11260.5693,10899.7553,11029.434,11113.6526,10632.6943,10064.9749,9848.2182,9638.4741,9307.3602,8821.2803,8340.7141
Ukraine,Manure Management,Emissions (CH4),kilotonnes,139.0407,122.1559,126.2691,144.7119,126.0362,118.5474,118.4709,117.7237,110.6749,98.3308,100.9083,102.6418,103.5016,104.0559,103.107,94.8923,90.619,88.7297,86.2344,86.009,83.0234
Ukraine,Manure Management,Emissions (CH4),kilotonnes,48.0216,45.0577,48.0073,45.1431,40.0805,41.2831,43.4397,44.3371,43.7322,45.304,48.5619,48.7957,49.5275,49.8114,47.7543,45.0504,43.1223,43.8118,41.8615,40.1656,39.4603
Ukraine,Manure Management,Emissions (N2O),kilotonnes,8.0559,7.0763,7.202,7.2167,6.1936,5.6525,5.5037,5.4166,4.9379,4.6041,4.6359,4.5489,4.4352,4.5901,4.4876,4.118,3.9562,3.8552,3.7053,3.5986,3.444
Ukraine,Manure Management,Emissions (N2O),kilotonnes,4.4527,4.2839,4.531,4.294,3.8523,3.7537,3.8285,3.6851,3.4677,3.5559,3.6368,3.5807,3.6097,3.6951,3.6725,3.5218,3.4354,3.343,3.4279,3.3284,3.2153
Ukraine,Manure Management,Emissions (CO2eq) from CH4 (AR5),kilotonnes,3893.1409,3420.3643,3535.5359,4051.9334,3529.0137,3319.3261,3317.1866,3296.265,3098.898,2753.263,2825.4332,2873.9716,2898.0451,2913.5653,2886.9951,2656.9841,2537.3321,2484.4327,2414.562,2408.252,2324.6551
Ukraine,Manure Management,Emissions (CO2eq) from CH4 (AR5),kilotonnes,1344.6039,1261.6159,1344.2058,1264.0078,1122.2547,1155.9275,1216.3115,1241.4392,1224.502,1268.5127,1359.7332,1366.2792,1386.7693,1394.7203,1337.1212,1261.4114,1207.4234,1226.7318,1172.1219,1124.6373,1104.8895
Ukraine,Manure Management,Emissions (CO2eq) from N2O (AR5),kilotonnes,2134.8112,1875.2161,1908.5345,1912.4353,1641.2993,1497.9136,1458.4813,1435.3997,1308.5404,1220.0755,1228.5007,1205.4653,1175.3186,1216.3895,1189.2154,1091.279,1048.3849,1021.6353,981.9,953.6334,912.6544
Ukraine,Manure Management,Emissions (CO2eq) from N2O (AR5),kilotonnes,1179.956,1135.2271,1200.7083,1137.9062,1020.8541,994.7386,1014.5486,976.5443,918.9523,942.3107,963.7507,948.8944,956.5611,979.1893,973.2215,933.2862,910.3917,885.8944,908.392,882.0351,852.0423
Ukraine,Manure Management,Emissions (CO2eq) (AR5),kilotonnes,6027.9521,5295.5804,5444.0704,5964.3687,5170.313,4817.2397,4775.6678,4731.6647,4407.4384,3973.3385,4053.9338,4079.4369,4073.3637,4129.9548,4076.2105,3748.2631,3585.7169,3506.068,3396.462,3361.8854,3237.3095
Ukraine,Manure Management,Emissions (CO2eq) (AR5),kilotonnes,2524.5599,2396.8431,2544.9141,2401.914,2143.1087,2150.6661,2230.8601,2217.9836,2143.4543,2210.8234,2323.4839,2315.1736,2343.3305,2373.9096,2310.3427,2194.6976,2117.8151,2112.6261,2080.514,2006.6724,1956.9318
Ukraine,Manure left on Pasture,Direct emissions (N2O),kilotonnes,4.6216,4.2157,4.2321,4.123,3.5922,3.2567,3.0583,2.9093,2.6656,2.5005,2.4196,2.2727,2.2389,2.2971,2.1092,1.9251,1.8585,1.8235,1.7508,1.6606,1.5498
Ukraine,Manure left on Pasture,Indirect emissions (N2O),kilotonnes,1.1579,1.0731,1.0805,1.0576,0.9328,0.8502,0.7966,0.7608,0.7059,0.6685,0.6526,0.6137,0.6047,0.6149,0.5533,0.5127,0.4953,0.4859,0.4666,0.443,0.4141
Ukraine,Manure left on Pasture,Emissions (N2O),kilotonnes,5.7795,5.2888,5.3126,5.1805,4.525,4.1069,3.8548,3.6701,3.3715,3.169,3.0722,2.8864,2.8436,2.9121,2.6625,2.4378,2.3538,2.3094,2.2174,2.1036,1.9639
Ukraine,Manure left on Pasture,Emissions (CO2eq) from N2O (AR5),kilotonnes,1531.5763,1401.5245,1407.8348,1372.8408,1199.1314,1088.318,1021.534,972.5674,893.4358,839.7725,814.1351,764.8925,753.5458,771.6934,705.5565,646.0133,623.7647,611.9887,587.6087,557.4518,520.4327
Ukraine,Manure left on Pasture,Emissions (CO2eq) (AR5),kilotonnes,1531.5763,1401.5245,1407.8348,1372.8408,1199.1314,1088.318,1021.534,972.5674,893.4358,839.7725,814.1351,764.8925,753.5458,771.6934,705.5565,646.0133,623.7647,611.9887,587.6087,557.4518,520.4327
Ukraine,Manure applied to Soils,Direct emissions (N2O),kilotonnes,8.1859,7.2139,7.3927,7.5353,6.5,6.016,5.9266,5.8875,5.4302,5.1129,5.2065,5.1738,5.0651,5.2587,5.1823,4.7899,4.5923,4.4886,4.3583,4.2799,4.1634
Ukraine,Manure applied to Soils,Direct emissions (N2O),kilotonnes,3.1595,3.0384,3.165,2.9957,2.7018,2.6024,2.6094,2.4931,2.3268,2.3567,2.3852,2.3353,2.3507,2.3943,2.3508,2.2568,2.192,2.1325,2.2044,2.1293,2.0454
Ukraine,Manure applied to Soils,Indirect emissions (N2O),kilotonnes,3.479,3.0659,3.1419,3.2025,2.7625,2.5568,2.5188,2.5022,2.3078,2.173,2.2128,2.1989,2.1527,2.235,2.2025,2.0357,1.9517,1.9077,1.8523,1.819,1.7694
Ukraine,Manure applied to Soils,Emissions (N2O),kilotonnes,11.665,10.2799,10.5346,10.7378,9.2625,8.5727,8.4454,8.3897,7.7381,7.2858,7.4193,7.3726,7.2177,7.4937,7.3848,6.8256,6.544,6.3963,6.2106,6.0989,5.9328
Ukraine,Manure applied to Soils,Emissions (N2O),kilotonnes,3.1595,3.0384,3.165,2.9957,2.7018,2.6024,2.6094,2.4931,2.3268,2.3567,2.3852,2.3353,2.3507,2.3943,2.3508,2.2568,2.192,2.1325,2.2044,2.1293,2.0454
Ukraine,Manure applied to Soils,Emissions (CO2eq) from N2O (AR5),kilotonnes,3091.2133,2724.1677,2791.6732,2845.5166,2454.5659,2271.7785,2238.0362,2223.2573,2050.587,1930.7421,1966.1099,1953.7434,1912.6988,1985.8251,1956.9733,1808.7971,1734.1578,1695.0194,1645.7968,1616.209,1572.1936
Ukraine,Manure applied to Soils,Emissions (CO2eq) from N2O (AR5),kilotonnes,837.2733,805.1802,838.7307,793.8537,715.9701,689.6272,691.4793,660.6591,616.6135,624.5166,632.0714,618.8559,622.9467,634.4976,622.9679,598.0432,580.8844,565.1133,584.166,564.2632,542.0432
Ukraine,Manure applied to Soils,Emissions (CO2eq) (AR5),kilotonnes,3091.2133,2724.1677,2791.6732,2845.5166,2454.5659,2271.7785,2238.0362,2223.2573,2050.587,1930.7421,1966.1099,1953.7434,1912.6988,1985.8251,1956.9733,1808.7971,1734.1578,1695.0194,1645.7968,1616.209,1572.1936
Ukraine,Manure applied to Soils,Emissions (CO2eq) (AR5),kilotonnes,837.2733,805.1802,838.7307,793.8537,715.9701,689.6272,691.4793,660.6591,616.6135,624.5166,632.0714,618.8559,622.9467,634.4976,622.9679,598.0432,580.8844,565.1133,584.166,564.2632,542.0432
Ukraine,Synthetic Fertilizers,Direct emissions (N2O),kilotonnes,5.5,5.9714,6.9692,5.6511,5.4258,5.9224,7.3357,9.0854,11.5623,9.9772,12.1724,14.1253,14.6159,16.3886,16.0468,15.4779,18.816,21.4549,22.0772,23.0615,26.967
Ukraine,Synthetic Fertilizers,Direct emissions (N2O),kilotonnes,3.4783,4.9812,4.8989,4.2487,5.7128,5.8904,7.3041,9.0531,11.5327,9.9372,12.132,14.0766,14.5535,16.3196,16.5253,15.942,19.2593,21.9217,24.8864,25.6234,30.5644
Ukraine,Synthetic Fertilizers,Indirect emissions (N2O),kilotonnes,1.7875,1.9407,2.265,1.8366,1.7634,1.9248,2.3841,2.9527,3.7577,3.2426,3.956,4.5907,4.7502,5.3263,5.2152,5.0303,6.1152,6.9728,7.1751,7.495,8.7643
Ukraine,Synthetic Fertilizers,Emissions (N2O),kilotonnes,7.2875,7.9121,9.2341,7.4877,7.1892,7.8472,9.7199,12.0381,15.32,13.2197,16.1285,18.716,19.366,21.7149,21.262,20.5083,24.9312,28.4277,29.2523,30.5564,35.7313
Ukraine,Synthetic Fertilizers,Emissions (N2O),kilotonnes,3.4783,4.9812,4.8989,4.2487,5.7128,5.8904,7.3041,9.0531,11.5327,9.9372,12.132,14.0766,14.5535,16.3196,16.5253,15.942,19.2593,21.9217,24.8864,25.6234,30.5644
Ukraine,Synthetic Fertilizers,Emissions (CO2eq) from N2O (AR5),kilotonnes,1931.1875,2096.7179,2447.0463,1984.251,1905.1441,2079.5027,2575.7627,3190.101,4059.7975,3503.2293,4274.049,4959.7309,5131.9928,5754.4422,5634.4327,5434.6927,6606.758,7533.3417,7751.8584,8097.4526,9468.7889
Ukraine,Synthetic Fertilizers,Emissions (CO2eq) from N2O (AR5),kilotonnes,921.7605,1320.0286,1298.1994,1125.8938,1513.8969,1560.9658,1935.5933,2399.0617,3056.1735,2633.3485,3214.9826,3730.2951,3856.6866,4324.6898,4379.2023,4224.6415,5103.7068,5809.2456,6594.8881,6790.1983,8099.555
Ukraine,Synthetic Fertilizers,Emissions (CO2eq) (AR5),kilotonnes,1931.1875,2096.7179,2447.0463,1984.251,1905.1441,2079.5027,2575.7627,3190.101,4059.7975,3503.2293,4274.049,4959.7309,5131.9928,5754.4422,5634.4327,5434.6927,6606.758,7533.3417,7751.8584,8097.4526,9468.7889
Ukraine,Synthetic Fertilizers,Emissions (CO2eq) (AR5),kilotonnes,921.7605,1320.0286,1298.1994,1125.8938,1513.8969,1560.9658,1935.5933,2399.0617,3056.1735,2633.3485,3214.9826,3730.2951,3856.6866,4324.6898,4379.2023,4224.6415,5103.7068,5809.2456,6594.8881,6790.1983,8099.555
Ukraine,Drained organic soils,Emissions (CO2eq) (AR5),kilotonnes,24185.8219,24122.867,24018.4522,23892.1017,23660.4668,23608.3616,23566.9554,23505.0258,23389.9156,23315.4742,23302.3213,23318.2205,23324.4689,23329.7491,23337.5855,23337.5855,23264.9826,23225.9001,23221.1197,23171.7232,23174.6716
Ukraine,Drained organic soils,Emissions (CO2eq) (AR5),kilotonnes,1625.7371,1625.7371,1625.7371,1625.7371,1625.7371,1625.7371,1625.7371,1625.7371,1625.7371,1625.7371,1625.7371,1625.7371,1625.7371,1593.5889,1593.5889,1593.5889,1593.5889,1593.7554,1580.7629,1575.266,1571.1084
Ukraine,Drained organic soils (CO2),Emissions (CO2),kilotonnes,20376.1459,20323.1061,20235.1141,20128.6684,19933.512,19889.6318,19854.7586,19802.5472,19705.5809,19642.8595,19631.7806,19645.1673,19650.4442,19654.8896,19661.4825,19661.4825,19600.3069,19567.3758,19563.3223,19521.7969,19524.3013
Ukraine,Drained organic soils (CO2),Emissions (CO2eq) (AR5),kilotonnes,20376.1459,20323.1061,20235.1141,20128.6684,19933.512,19889.6318,19854.7586,19802.5472,19705.5809,19642.8595,19631.7806,19645.1673,19650.4442,19654.8896,19661.4825,19661.4825,19600.3069,19567.3758,19563.3223,19521.7969,19524.3013
Ukraine,Drained organic soils (N2O),Emissions (N2O),kilotonnes,14.3761,14.3387,14.2767,14.2016,14.064,14.0329,14.0083,13.9716,13.9031,13.8589,13.8511,13.8606,13.8642,13.8674,13.8721,13.8721,13.829,13.8058,13.803,13.7733,13.775
Ukraine,Drained organic soils (N2O),Emissions (N2O),kilotonnes,6.1349,6.1349,6.1349,6.1349,6.1349,6.1349,6.1349,6.1349,6.1349,6.1349,6.1349,6.1349,6.1349,6.0135,6.0135,6.0135,6.0135,6.0142,5.9651,5.9444,5.9287
Ukraine,Drained organic soils (N2O),Emissions (CO2eq) from N2O (AR5),kilotonnes,3809.676,3799.761,3783.3381,3763.4332,3726.9548,3718.7298,3712.1968,3702.4787,3684.3347,3672.6148,3670.5408,3673.0532,3674.0246,3674.8595,3676.103,3676.103,3664.6757,3658.5243,3657.7974,3649.9263,3650.3703
Ukraine,Drained organic soils (N2O),Emissions (CO2eq) from N2O (AR5),kilotonnes,1625.7371,1625.7371,1625.7371,1625.7371,1625.7371,1625.7371,1625.7371,1625.7371,1625.7371,1625.7371,1625.7371,1625.7371,1625.7371,1593.5889,1593.5889,1593.5889,1593.5889,1593.7554,1580.7629,1575.266,1571.1084
Ukraine,Drained organic soils (N2O),Emissions (CO2eq) (AR5),kilotonnes,3809.676,3799.761,3783.3381,3763.4332,3726.9548,3718.7298,3712.1968,3702.4787,3684.3347,3672.6148,3670.5408,3673.0532,3674.0246,3674.8595,3676.103,3676.103,3664.6757,3658.5243,3657.7974,3649.9263,3650.3703
Ukraine,Drained organic soils (N2O),Emissions (CO2eq) (AR5),kilotonnes,1625.7371,1625.7371,1625.7371,1625.7371,1625.7371,1625.7371,1625.7371,1625.7371,1625.7371,1625.7371,1625.7371,1625.7371,1625.7371,1593.5889,1593.5889,1593.5889,1593.5889,1593.7554,1580.7629,1575.266,1571.1084
Ukraine,On-farm energy use,Emissions (CH4),kilotonnes,3.2922,2.3365,1.3707,1.2668,1.2414,1.1031,1.1994,1.2316,1.2383,1.0637,1.0348,1.0541,1.1472,1.0859,0.8685,0.7775,0.7816,0.6326,0.5678,0.5077,0.5077
Ukraine,On-farm energy use,Emissions (N2O),kilotonnes,2.1118,1.2602,1.8911,1.7004,1.6737,1.5205,1.4581,1.4628,1.5227,1.4481,1.523,1.6719,1.6398,1.6867,1.5803,1.5512,1.7033,1.3699,1.3962,1.3594,1.3594
Ukraine,On-farm energy use,Emissions (CO2),kilotonnes,7262.2728,4608.1624,5605.2293,5121.0337,5108.5473,4703.0296,4669.1366,4726.461,5011.1622,4685.937,4799.4595,5323.3918,5181.0662,5390.0297,4851.5236,4719.0748,5359.603,4191.0455,4166.1172,4029.0359,4029.0359
Ukraine,On-farm energy use,Emissions (CO2eq) from CH4 (AR5),kilotonnes,92.1811,65.4217,38.3807,35.4697,34.759,30.8881,33.5834,34.4861,34.6717,29.7842,28.9739,29.515,32.1221,30.4063,24.3178,21.7701,21.8843,17.713,15.8985,14.2147,14.2147
Ukraine,On-farm energy use,Emissions (CO2eq) from N2O (AR5),kilotonnes,559.628,333.9657,501.1391,450.6046,443.5324,402.9264,386.3862,387.6546,403.5254,383.7423,403.606,443.0525,434.5343,446.9818,418.7765,411.07,451.3734,363.0291,370.001,360.2459,360.2459
Ukraine,On-farm energy use,Emissions (CO2eq) (AR5),kilotonnes,7914.0819,5007.5499,6144.749,5607.108,5586.8388,5136.8442,5089.1062,5148.6017,5449.3593,5099.4635,5232.0394,5795.9592,5647.7226,5867.4178,5294.618,5151.9149,5832.8607,4571.7877,4552.0167,4403.4964,4403.4964
Ukraine,Forestland,Emissions (CO2),kilotonnes,-59750.9587,-37353.0153,-37353.0153,-37353.0153,-37353.0153,-37353.0153,-37353.0153,-37353.0153,-37353.0153,-37353.0153,-37353.0153,-24900.2233,-24900.2233,-24900.2233,-24900.2233,-24900.2233,-24177.538,-24177.538,-24177.538,-24177.538,-24177.538
Ukraine,Forestland,Emissions (CO2),kilotonnes,-41311.5851,-40786.571,-38530.0955,-36581.9637,-34805.0772,-34998.167,-34006.2002,-30816.0123,-33917.6752,-36375.009,-31924.3866,-29532.6317,-28729.7783,-27373.416,-28717.3182,-24961.9342,-23779.6897,-25925.6783,-24305.0298,-25990.8882,-31812.4194
Ukraine,Forestland,Emissions (CO2eq) (AR5),kilotonnes,-59750.9587,-37353.0153,-37353.0153,-37353.0153,-37353.0153,-37353.0153,-37353.0153,-37353.0153,-37353.0153,-37353.0153,-37353.0153,-24900.2233,-24900.2233,-24900.2233,-24900.2233,-24900.2233,-24177.538,-24177.538,-24177.538,-24177.538,-24177.538
Ukraine,Forestland,Emissions (CO2eq) (AR5),kilotonnes,-41311.5851,-40786.571,-38530.0955,-36581.9637,-34805.0772,-34998.167,-34006.2002,-30816.0123,-33917.6752,-36375.009,-31924.3866,-29532.6317,-28729.7783,-27373.416,-28717.3182,-24961.9342,-23779.6897,-25925.6783,-24305.0298,-25990.8882,-31812.4194
Ukraine,Net Forest conversion,Emissions (CO2),kilotonnes,0,2143.988,2143.988,2143.988,2143.988,2143.988,2143.988,2143.988,2143.988,2143.988,2143.988,0,0,0,0,0,1443.376,1443.376,1443.376,1443.376,1443.376
Ukraine,Net Forest conversion,Emissions (CO2),kilotonnes,153.584,146.072,195.4208,147.4875,173.0507,147.7491,154.1349,169.4939,1081.411,168.8707,165.3323,169.9172,156.5322,145.7921,133.0788,138.1035,117.2862,128.9727,47.7062,146.4418,53.4767
Ukraine,Net Forest conversion,Emissions (CO2eq) (AR5),kilotonnes,0,2143.988,2143.988,2143.988,2143.988,2143.988,2143.988,2143.988,2143.988,2143.988,2143.988,0,0,0,0,0,1443.376,1443.376,1443.376,1443.376,1443.376
Ukraine,Net Forest conversion,Emissions (CO2eq) (AR5),kilotonnes,153.584,146.072,195.4208,147.4875,173.0507,147.7491,154.1349,169.4939,1081.411,168.8707,165.3323,169.9172,156.5322,145.7921,133.0788,138.1035,117.2862,128.9727,47.7062,146.4418,53.4767
Ukraine,Savanna fires,Emissions (CH4),kilotonnes,0.0399,0.7852,1.2019,0.502,0.2956,1.6664,1.1867,2.1811,1.4225,1.4582,1.0793,1.0291,1.9472,0.4282,3.0329,3.2338,0.562,1.5225,1.9027,1.2888,2.6
Ukraine,Savanna fires,Emissions (CH4),kilotonnes,0.0053,0.0053,0.0053,0.0053,0.0053,0.0071,0.0018,0.0032,0.0015,0.0022,0.0099,0.0079,0.0069,0.007,0.0059,0.0239,0.0028,0.0081,0.0081,0.0088,0.0527
Ukraine,Savanna fires,Emissions (N2O),kilotonnes,0.0036,0.0717,0.1097,0.0458,0.027,0.1522,0.1084,0.1991,0.1299,0.1331,0.0985,0.094,0.1778,0.0391,0.2769,0.2953,0.0513,0.139,0.1737,0.1177,0.2374
Ukraine,Savanna fires,Emissions (N2O),kilotonnes,0.0005,0.0005,0.0005,0.0005,0.0005,0.0006,0.0002,0.0003,0.0001,0.0002,0.0009,0.0007,0.0006,0.0006,0.0005,0.0022,0.0003,0.0007,0.0007,0.0008,0.0048
Ukraine,Savanna fires,Emissions (CO2eq) from CH4 (AR5),kilotonnes,1.1171,21.9856,33.6529,14.0566,8.2772,46.6596,33.2289,61.0702,39.8304,40.8307,30.2195,28.8145,54.5228,11.989,84.9211,90.5454,15.7353,42.6291,53.275,36.0858,72.7993
Ukraine,Savanna fires,Emissions (CO2eq) from CH4 (AR5),kilotonnes,0.1494,0.1494,0.1494,0.1494,0.1494,0.1986,0.051,0.0892,0.0415,0.0607,0.277,0.2215,0.1935,0.1952,0.1662,0.6688,0.0789,0.2274,0.2271,0.2452,1.4758
Ukraine,Savanna fires,Emissions (CO2eq) from N2O (AR5),kilotonnes,0.9657,18.9984,29.0805,12.1467,7.1526,40.32,28.7141,52.7726,34.4186,35.283,26.1136,24.8995,47.1148,10.3601,73.3829,78.2431,13.5973,36.8371,46.0366,31.1829,62.9081
Ukraine,Savanna fires,Emissions (CO2eq) from N2O (AR5),kilotonnes,0.1291,0.1291,0.1291,0.1291,0.1291,0.1716,0.044,0.0771,0.0358,0.0525,0.2393,0.1914,0.1672,0.1687,0.1437,0.578,0.0682,0.1965,0.1963,0.2119,1.2753
Ukraine,Savanna fires,Emissions (CO2eq) (AR5),kilotonnes,2.0828,40.984,62.7334,26.2033,15.4297,86.9795,61.943,113.8428,74.249,76.1137,56.3331,53.7141,101.6376,22.3491,158.3039,168.7885,29.3326,79.4662,99.3116,67.2687,135.7075
Ukraine,Savanna fires,Emissions (CO2eq) (AR5),kilotonnes,0.2786,0.2786,0.2786,0.2786,0.2786,0.3701,0.095,0.1664,0.0773,0.1132,0.5163,0.413,0.3608,0.3639,0.3099,1.2468,0.1472,0.4238,0.4234,0.457,2.7511
Ukraine,Fires in organic soils,Emissions (CH4),kilotonnes,0,0,0,0,0,0,0,0,0,0,0,0,0,0,0,0,0,0,0,0,0
Ukraine,Fires in organic soils,Emissions (CO2),kilotonnes,0,0,0,0,0,0,0,0,0,0,0,0,0,0,0,0,0,0,0,0,0
Ukraine,Fires in organic soils,Emissions (CO2eq) from CH4 (AR5),kilotonnes,0,0,0,0,0,0,0,0,0,0,0,0,0,0,0,0,0,0,0,0,0
Ukraine,Fires in organic soils,Emissions (CO2eq) (AR5),kilotonnes,0,0,0,0,0,0,0,0,0,0,0,0,0,0,0,0,0,0,0,0,0
Ukraine,Forest fires,Emissions (CH4),kilotonnes,0.4532,0.2921,0.9739,1.0786,0.2646,2.3945,1.0335,0.5916,0.4793,2.7987,2.132,1.1458,1.673,2.5089,4.4915,5.4085,0.357,0.7938,2.1496,4.0138,5.9258
Ukraine,Forest fires,Emissions (N2O),kilotonnes,0.0251,0.0267,0.0889,0.0985,0.0242,0.2186,0.0944,0.054,0.0438,0.2555,0.1947,0.1046,0.1528,0.2291,0.4101,0.4938,0.0326,0.0725,0.1963,0.3665,0.541
Ukraine,Forest fires,Emissions (CO2eq) from CH4 (AR5),kilotonnes,12.6901,8.1786,27.2699,30.1998,7.41,67.0459,28.9392,16.5649,13.4217,78.3627,59.6958,32.0831,46.8453,70.2502,125.7619,151.4377,9.9965,22.2262,60.1883,112.386,165.9211
Ukraine,Forest fires,Emissions (CO2eq) from N2O (AR5),kilotonnes,6.6441,7.0674,23.5647,26.0966,6.4032,57.9364,25.0073,14.3142,11.5981,67.7156,51.585,27.724,40.4804,60.7053,108.6747,130.8619,8.6383,19.2064,52.0106,97.1161,143.3774
Ukraine,Forest fires,Emissions (CO2eq) (AR5),kilotonnes,19.3342,15.2461,50.8346,56.2964,13.8133,124.9823,53.9465,30.8791,25.0198,146.0784,111.2808,59.807,87.3257,130.9555,234.4366,282.2996,18.6347,41.4326,112.1989,209.5021,309.2985
Ukraine,Fires in humid tropical forests,Emissions (CH4),kilotonnes,0,0,0,0,0,0,0,0,0,0,0,0,0,0,0,0,0,0,0,0,0
Ukraine,Fires in humid tropical forests,Emissions (N2O),kilotonnes,0,0,0,0,0,0,0,0,0,0,0,0,0,0,0,0,0,0,0,0,0
Ukraine,Fires in humid tropical forests,Emissions (CO2eq) from CH4 (AR5),kilotonnes,0,0,0,0,0,0,0,0,0,0,0,0,0,0,0,0,0,0,0,0,0
Ukraine,Fires in humid tropical forests,Emissions (CO2eq) from N2O (AR5),kilotonnes,0,0,0,0,0,0,0,0,0,0,0,0,0,0,0,0,0,0,0,0,0
Ukraine,Fires in humid tropical forests,Emissions (CO2eq) (AR5),kilotonnes,0,0,0,0,0,0,0,0,0,0,0,0,0,0,0,0,0,0,0,0,0
Ukraine,Waste - agri-food systems,Emissions (CH4),kilotonnes,307.3795,309.3523,311.2303,320.9503,322.8944,325.3301,327.6745,329.9485,331.4016,329.8327,331.9933,333.4343,333.8926,333.1349,329.7771,323.6463,323.1871,328.9807,335.3717,342.151,348.8211
Ukraine,Waste - agri-food systems,Emissions (N2O),kilotonnes,1.9801,1.9901,2.0482,2.1278,2.2013,2.2193,2.1976,2.1661,2.1986,2.1213,2.0971,2.1317,2.1333,2.1551,1.9268,1.972,1.9929,2.0076,2.0498,2.0937,2.1369
Ukraine,Waste - agri-food systems,Emissions (CO2),kilotonnes,30.8176,31.0648,31.2071,31.4213,31.748,32.1088,32.3968,32.7593,33.0584,32.5023,32.6932,32.9245,33.0205,33.0745,32.6217,32.1341,32.1662,32.3991,32.5966,32.8026,32.8251
Ukraine,Waste - agri-food systems,Emissions (CO2eq) from CH4 (AR5),kilotonnes,8606.6262,8661.8652,8714.4498,8986.6072,9041.0422,9109.2416,9174.8849,9238.5578,9279.246,9235.3154,9295.8134,9336.1609,9348.9928,9327.7761,9233.7586,9062.0974,9049.2383,9211.4608,9390.4087,9580.2278,9766.9894
Ukraine,Waste - agri-food systems,Emissions (CO2eq) from N2O (AR5),kilotonnes,524.7363,527.3888,542.7659,563.8574,583.3366,588.1193,582.3574,574.0227,582.6304,562.1346,555.7376,564.8988,565.3277,571.0952,510.6131,522.5841,528.1088,532.0263,543.2094,554.8293,566.2672
Ukraine,Waste - agri-food systems,Emissions (CO2eq) (AR5),kilotonnes,9162.1801,9220.3188,9288.4227,9581.8859,9656.1268,9729.4697,9789.6391,9845.3398,9894.9348,9829.9523,9884.2442,9933.9841,9947.341,9931.9458,9776.9934,9616.8156,9609.5133,9775.8862,9966.2147,10167.8597,10366.0817
Ukraine,Fertilizers Manufacturing,Emissions (N2O),kilotonnes,10.1096,9.9789,9.5135,9.8939,7.723,9.0803,9.0524,8.7217,8.5937,7.5669,7.924,10.9055,11.4451,10.2896,7.2362,4.9213,6.296,5.339,5.3526,6.0915,5.4706
Ukraine,Fertilizers Manufacturing,Emissions (CO2),kilotonnes,3191.0401,3500.6195,4514.8223,4904.9941,4438.8034,5111.9109,5100.2545,5167.9356,384.5189,4233.8522,4221.3659,5905.4246,5782.763,15113.6536,10820.6677,8941.5325,7886.2622,5076.0283,4365.9534,8028.4367,7481.0433
Ukraine,Fertilizers Manufacturing,Emissions (CO2eq) from N2O (AR5),kilotonnes,2679.044,2644.4085,2521.0775,2621.8835,2046.595,2406.2795,2398.886,2311.2505,2277.3305,2005.2285,2099.86,2889.9575,3032.9515,2726.744,1917.593,1304.1445,1668.44,1414.835,1418.439,1614.2475,1449.7099
Ukraine,Fertilizers Manufacturing,Emissions (CO2eq) (AR5),kilotonnes,5870.0841,6145.028,7035.8998,7526.8776,6485.3984,7518.1904,7499.1405,7479.1861,2661.8494,6239.0807,6321.2259,8795.3821,8815.7145,17840.3976,12738.2607,10245.677,9554.7022,6490.8633,5784.3924,9642.6842,8930.7532
Ukraine,On-farm electricity use,Emissions (CH4),kilotonnes,6.0249,5.0686,4.4794,4.1518,3.823,3.9514,3.8962,3.9946,3.7762,3.8122,3.937,4.2574,4.597,4.7614,4.1794,4.0102,4.2154,4.3702,4.6726,4.7712,4.7712
Ukraine,On-farm electricity use,Emissions (N2O),kilotonnes,0.0322,0.0271,0.0239,0.0222,0.0204,0.0211,0.0208,0.0213,0.0202,0.0204,0.021,0.0227,0.0245,0.0255,0.0223,0.0214,0.0225,0.0234,0.025,0.0255,0.0255
Ukraine,On-farm electricity use,Emissions (CO2),kilotonnes,2008.4256,1575.9271,1429.6498,1505.3425,1145.5821,1308.2085,1394.7313,1464.0529,1358.1933,1304.7354,1363.7726,1597.2865,1762.1673,1678.1987,1473.0761,1413.4425,1485.764,1540.3225,1646.9016,1681.6667,1681.6667
Ukraine,On-farm electricity use,Emissions (CO2eq) from CH4 (AR5),kilotonnes,168.6972,141.9208,125.4232,116.2504,107.044,110.6392,109.0936,111.8488,105.7336,106.7416,110.236,119.2072,128.716,133.3192,117.0232,112.2856,118.0312,122.3656,130.8328,133.5936,133.5936
Ukraine,On-farm electricity use,Emissions (CO2eq) from N2O (AR5),kilotonnes,8.533,7.1815,6.3335,5.883,5.406,5.5915,5.512,5.6445,5.353,5.406,5.565,6.0155,6.4925,6.7575,5.9095,5.671,5.9625,6.201,6.625,6.7575,6.7575
Ukraine,On-farm electricity use,Emissions (CO2eq) (AR5),kilotonnes,2185.6558,1725.0294,1561.4065,1627.4759,1258.0321,1424.4392,1509.3369,1581.5462,1469.2799,1416.883,1479.5736,1722.5092,1897.3758,1818.2754,1596.0088,1531.3991,1609.7577,1668.8891,1784.3594,1822.0178,1822.0178
Ukraine,Food Processing,Emissions (CH4),kilotonnes,0,0,0,0,0,0,0,0,0.016,0.0095,0.0165,0.0204,0.0305,11.5486,12.02,10.2927,10.27,10.8719,11.7414,11.7414,12.3785
Ukraine,Food Processing,Emissions (N2O),kilotonnes,0,0,0,0,0,0,0,0,0.0024,0.0014,0.0025,0.0031,0.0046,0.0692,0.0724,0.0614,0.0587,0.0628,0.0681,0.0681,0.0612
Ukraine,Food Processing,Emissions (CO2),kilotonnes,0,0,0,0,0,0,0,0,157.2407,93.8372,162.313,200.3551,294.5206,5368.2955,5468.4983,4597.6707,4246.0367,4526.8754,4918.4139,4918.4139,4583.0675
Ukraine,Food Processing,Emissions (CO2eq) from CH4 (AR5),kilotonnes,0,0,0,0,0,0,0,0,0.448,0.266,0.462,0.5712,0.854,323.3608,336.56,288.1956,287.56,304.4132,328.7592,328.7592,346.5988
Ukraine,Food Processing,Emissions (CO2eq) from N2O (AR5),kilotonnes,0,0,0,0,0,0,0,0,0.636,0.371,0.6625,0.8215,1.219,18.338,19.186,16.271,15.5555,16.642,18.0465,18.0465,16.207
Ukraine,Food Processing,Emissions (CO2eq) (AR5),kilotonnes,0,0,0,0,0,0,0,0,158.3247,94.4742,163.4375,201.7478,296.5936,5709.9943,5824.2443,4902.1373,4549.1522,4847.9306,5265.2196,5265.2196,4945.8734
Ukraine,Food Packaging,Emissions (CH4),kilotonnes,0.3956,0.3671,0.3918,0.4114,0.4373,0.4423,0.4565,0.4553,0.8599,0.5951,0.7146,0.8276,0.7817,1.187,1.0004,0.9455,0.8943,1.1227,1.1338,0.9661,1.0185
Ukraine,Food Packaging,Emissions (N2O),kilotonnes,0.003,0.0029,0.0039,0.0046,0.0045,0.0044,0.0047,0.0047,0.0066,0.0042,0.0057,0.0059,0.0057,0.0084,0.0087,0.0075,0.0069,0.008,0.0083,0.0077,0.0069
Ukraine,Food Packaging,Emissions (CO2),kilotonnes,291.9009,292.508,401.2827,477.0425,452.2494,455.4318,496.8143,516.4999,620.9462,393.6805,513.3345,565.3745,535.4282,718.4512,693.7218,607.9679,561.7267,623.5296,663.1695,623.9351,581.3941
Ukraine,Food Packaging,Emissions (CO2eq) from CH4 (AR5),kilotonnes,11.0768,10.2788,10.9704,11.5192,12.2444,12.3844,12.782,12.7484,24.0772,16.6628,20.0088,23.1728,21.8876,33.236,28.0112,26.474,25.0404,31.4356,31.7464,27.0508,28.5187
Ukraine,Food Packaging,Emissions (CO2eq) from N2O (AR5),kilotonnes,0.795,0.7685,1.0335,1.219,1.1925,1.166,1.2455,1.2455,1.749,1.113,1.5105,1.5635,1.5105,2.226,2.3055,1.9875,1.8285,2.12,2.1995,2.0405,1.8325
Ukraine,Food Packaging,Emissions (CO2eq) (AR5),kilotonnes,303.7727,303.5553,413.2866,489.7807,465.6863,468.9822,510.8418,530.4938,646.7724,411.4563,534.8538,590.1108,558.8263,753.9132,724.0385,636.4294,588.5956,657.0852,697.1154,653.0264,611.7453
Ukraine,Food Retail,Emissions (CH4),kilotonnes,0.013,0.0133,0.0136,0.0137,0.0137,0.0139,0.0139,0.0148,4.714,4.0242,4.4405,5.0868,4.9125,5.5468,4.3866,4.136,4.5199,4.1393,2.8837,4.6777,4.9315
Ukraine,Food Retail,Emissions (N2O),kilotonnes,0.0018,0.0017,0.0018,0.002,0.002,0.002,0.0022,0.0022,0.0272,0.0229,0.0252,0.0286,0.0283,0.0319,0.025,0.0233,0.0327,0.0251,0.0227,0.0304,0.0273
Ukraine,Food Retail,Emissions (CO2),kilotonnes,155.1889,153.4204,150.3254,167.1265,161.3788,156.0732,149.4412,145.9041,1963.7296,1541.3555,1723.9415,2116.0353,2136.3703,2260.4175,1882.3444,1599.6292,2311.2071,1793.9609,1728.924,2223.2503,2071.6651
Ukraine,Food Retail,Emissions (CO2eq) from F-gases (AR5),kilotonnes,71.1715,93.51,128.836,182.3445,216.112,249.36,284.686,320.012,324.168,326.246,327.285,328.324,328.8435,329.363,329.363,329.363,360.533,368.845,377.157,384.9495,413.9735
Ukraine,Food Retail,Emissions (CO2eq) from CH4 (AR5),kilotonnes,0.3636,0.3716,0.3796,0.3823,0.3823,0.3903,0.3903,0.4144,131.992,112.6776,124.334,142.4304,137.55,155.3104,122.8248,115.808,126.5572,115.9004,80.7436,130.9756,138.0828
Ukraine,Food Retail,Emissions (CO2eq) from N2O (AR5),kilotonnes,0.4711,0.4567,0.4882,0.5369,0.5251,0.5225,0.5738,0.583,7.208,6.0685,6.678,7.579,7.4995,8.4535,6.625,6.1745,8.6655,6.6515,6.0155,8.056,7.2349
Ukraine,Food Retail,Emissions (CO2eq) (AR5),kilotonnes,227.1951,247.7587,280.0293,350.3903,378.3982,406.346,435.0913,466.9135,2427.0976,1986.3476,2182.2385,2594.3687,2610.2633,2753.5444,2341.1572,2050.9747,2806.9628,2285.3578,2192.8401,2747.2314,2630.9562
Ukraine,Food Household Consumption,Emissions (CH4),kilotonnes,12.2398,11.6786,10.2272,10.9268,11.3789,11.0959,11.6079,10.9403,13.9052,13.1422,13.4895,15.4658,14.8859,15.8413,12.7322,12.1588,11.8113,11.1805,11.4951,11.4951,12.1189
Ukraine,Food Household Consumption,Emissions (N2O),kilotonnes,0.074,0.0705,0.0615,0.0659,0.0681,0.0676,0.0711,0.0668,0.0834,0.0792,0.0818,0.0918,0.0886,0.0936,0.0764,0.0713,0.0696,0.066,0.0676,0.0676,0.0607
Ukraine,Food Household Consumption,Emissions (CO2),kilotonnes,11466.1523,11146.3849,9407.7572,10443.6425,10071.2445,10716.0053,11721.2761,10798.6766,12779.5302,11936.1751,12598.2945,13533.8087,13252.559,13128.729,11107.3362,9382.8477,9383.8172,8935.5467,8977.3291,8977.3291,8365.2385
Ukraine,Food Household Consumption,Emissions (CO2eq) from CH4 (AR5),kilotonnes,342.7144,327.0008,286.3616,305.9504,318.6092,310.6852,325.0212,306.3284,389.3456,367.9816,377.706,433.0424,416.8052,443.5564,356.5016,340.4464,330.7164,313.054,321.8628,321.8628,339.3282
Ukraine,Food Household Consumption,Emissions (CO2eq) from N2O (AR5),kilotonnes,19.61,18.6825,16.2975,17.4635,18.0465,17.914,18.8415,17.702,22.101,20.988,21.677,24.327,23.479,24.804,20.246,18.8945,18.444,17.49,17.914,17.914,16.0881
Ukraine,Food Household Consumption,Emissions (CO2eq) (AR5),kilotonnes,11828.4767,11492.0682,9710.4163,10767.0564,10407.9002,11044.6045,12065.1388,11122.707,13190.9768,12325.1447,12997.6775,13991.1781,13692.8432,13597.0894,11484.0838,9742.1886,9732.9776,9266.0907,9317.1059,9317.1059,8720.6548
Ukraine,Food Transport,Emissions (CH4),kilotonnes,0.4038,0.4452,0.4536,0.3991,0.4236,0.4533,0.4315,0.6381,0.6052,0.5577,0.5172,0.5121,0.5248,0.5296,0.4622,0.4228,0.5518,0.6324,0.6224,0.3972,0.4188
Ukraine,Food Transport,Emissions (N2O),kilotonnes,0.0911,0.0928,0.1017,0.103,0.1119,0.1114,0.1162,0.1196,0.1174,0.0902,0.0932,0.0903,0.0807,0.0815,0.0692,0.0623,0.0564,0.0592,0.0581,0.0505,0.0454
Ukraine,Food Transport,Emissions (CO2),kilotonnes,2243.4658,2390.0565,2545.317,2444.6325,2621.8925,2552.1145,2589.012,3160.7359,3133.8913,2829.7414,2901.0564,2871.742,2926.671,2878.5959,2399.131,2158.39,2331.595,2405.155,2360.085,2039.8438,1900.7635
Ukraine,Food Transport,Emissions (CO2eq) from CH4 (AR5),kilotonnes,11.3064,12.4656,12.7008,11.1748,11.8608,12.6924,12.082,17.8668,16.9456,15.6156,14.4816,14.3388,14.6944,14.8288,12.9416,11.8384,15.4504,17.7072,17.4272,11.1216,11.7251
Ukraine,Food Transport,Emissions (CO2eq) from N2O (AR5),kilotonnes,24.1415,24.592,26.9505,27.295,29.6535,29.521,30.793,31.694,31.111,23.903,24.698,23.9295,21.3855,21.5975,18.338,16.5095,14.946,15.688,15.3965,13.3825,12.0184
Ukraine,Food Transport,Emissions (CO2eq) (AR5),kilotonnes,2278.9137,2427.1141,2584.9683,2483.1023,2663.4068,2594.3279,2631.887,3210.2967,3181.9479,2869.26,2940.236,2910.0103,2962.7509,2915.0222,2430.4106,2186.7379,2361.9914,2438.5502,2392.9087,2064.3479,1924.5071
Ukraine,Energy,Emissions (CH4),kilotonnes,1360,1390,1420,1430,1430,1460,1460,1550,1570,1510,1500,1640,1640,1690,1570,1290,1350,1210,1220,1290,1360
Ukraine,Energy,Emissions (N2O),kilotonnes,3.58,3.47,3.71,4.08,3.99,3.97,4.36,4.43,4.51,3.95,4.15,4.46,4.45,4.5,4.14,3.67,3.95,3.39,3.45,3.63,3.26
Ukraine,Energy,Emissions (CO2),kilotonnes,351000,347000,340000,378000,365000,353000,338000,330000,320000,269000,315000,296000,306000,280000,229000,203000,199000,180000,189000,176000,164000
Ukraine,Energy,Emissions (CO2eq) from CH4 (AR5),kilotonnes,38080,38920,39760,40040,40040,40880,40880,43400,43960,42280,42000,45920,45920,47320,43960,36120,37800,33880,34160,36120,38080
Ukraine,Energy,Emissions (CO2eq) from N2O (AR5),kilotonnes,948.7,919.55,983.15,1081.2,1057.35,1052.05,1155.4,1173.95,1195.15,1046.75,1099.75,1181.9,1179.25,1192.5,1097.1,972.55,1046.75,898.35,914.25,961.95,863.9
Ukraine,Energy,Emissions (CO2eq) (AR5),kilotonnes,390028.7,386839.55,380743.15,419121.2,406097.35,394932.05,380035.4,374573.95,365155.15,312326.75,358099.75,343101.9,353099.25,328512.5,274057.1,240092.55,237846.75,214778.35,224074.25,213081.95,202943.9
Ukraine,IPPU,Emissions (CH4),kilotonnes,4.49,4.58,4.78,4.99,5.44,5.1,5.45,5.69,4.83,3.39,4.13,3.98,3.81,3.25,2.95,2.53,2.85,2.41,2.46,2.43,2.46
Ukraine,IPPU,Emissions (N2O),kilotonnes,13.7,13.6,16.4,16.7,14.6,16.9,17.1,22.1,20.3,13.8,18,22.8,22,17.1,15.1,11.4,14.6,13.7,13.2,19.8,21.3
Ukraine,IPPU,Emissions (CO2),kilotonnes,21200,22200,22600,24400,25600,26600,27800,28900,26600,16800,20200,21300,20100,18800,16100,16100,15300,14600,15100,18300,21700
Ukraine,IPPU,Emissions (CO2eq) from F-gases (AR5),kilotonnes,512.1147,519.8887,528.6345,585.968,668.5672,728.8159,781.2907,836.6807,891.099,892.0707,967.8676,959.1218,1049.4949,1117.5178,1234.1283,1282.716,1515.9371,1720.0056,2098.9899,2448.8215,2633.4549
Ukraine,IPPU,Emissions (CO2eq) from CH4 (AR5),kilotonnes,125.72,128.24,133.84,139.72,152.32,142.8,152.6,159.32,135.24,94.92,115.64,111.44,106.68,91,82.6,70.84,79.8,67.48,68.88,68.04,68.88
Ukraine,IPPU,Emissions (CO2eq) from N2O (AR5),kilotonnes,3630.5,3604,4346,4425.5,3869,4478.5,4531.5,5856.5,5379.5,3657,4770,6042,5830,4531.5,4001.5,3021,3869,3630.5,3498,5247,5644.5
Ukraine,IPPU,Emissions (CO2eq) (AR5),kilotonnes,25468.3347,26452.1287,27608.4745,29551.188,30289.8872,31950.1159,33265.3907,35752.5007,33005.839,21443.9907,26053.5076,28412.5618,27086.1749,24540.0178,21418.2283,20474.556,20764.7371,20017.9856,20765.8699,26063.8615,30046.8349
Ukraine,Waste,Emissions (CH4),kilotonnes,376,416,429,433,447,485,448,431,429,416,366,374,380,376,340,330,326,323,322,320,314
Ukraine,Waste,Emissions (N2O),kilotonnes,2.53,2.51,2.48,2.49,2.53,2.56,2.61,2.61,2.61,2.58,2.55,2.51,2.5,2.5,2.43,2.39,2.36,2.39,2.33,2.29,2.13
Ukraine,Waste,Emissions (CO2),kilotonnes,30.1,33.9,36.5,41.2,45.7,48.3,50.5,53,51.1,44.1,43.3,55.1,34.5,13.5,11.9,9.16,9.71,9.59,15.8,10.6,11.6
Ukraine,Waste,Emissions (CO2eq) from CH4 (AR5),kilotonnes,10528,11648,12012,12124,12516,13580,12544,12068,12012,11648,10248,10472,10640,10528,9520,9240,9128,9044,9016,8960,8792
Ukraine,Waste,Emissions (CO2eq) from N2O (AR5),kilotonnes,670.45,665.15,657.2,659.85,670.45,678.4,691.65,691.65,691.65,683.7,675.75,665.15,662.5,662.5,643.95,633.35,625.4,633.35,617.45,606.85,564.45
Ukraine,Waste,Emissions (CO2eq) (AR5),kilotonnes,11228.55,12347.05,12705.7,12825.05,13232.15,14306.7,13286.15,12812.65,12754.75,12375.8,10967.05,11192.25,11337,11204,10175.85,9882.51,9763.11,9686.94,9649.25,9577.45,9368.05
Ukraine,Other,Emissions (N2O),kilotonnes,3.88,3.89,3.97,4.49,4.09,4.15,4.23,4.5,4.37,3.74,3.88,4.08,4.17,4.09,3.67,3.07,3.31,3.02,3.15,3.13,3.04
Ukraine,Other,Emissions (CO2eq) from N2O (AR5),kilotonnes,1028.2,1030.85,1052.05,1189.85,1083.85,1099.75,1120.95,1192.5,1158.05,991.1,1028.2,1081.2,1105.05,1083.85,972.55,813.55,877.15,800.3,834.75,829.45,805.6
Ukraine,Other,Emissions (CO2eq) (AR5),kilotonnes,1028.2,1030.85,1052.05,1189.85,1083.85,1099.75,1120.95,1192.5,1158.05,991.1,1028.2,1081.2,1105.05,1083.85,972.55,813.55,877.15,800.3,834.75,829.45,805.6
Ukraine,Farm-gate emissions,Emissions (CH4),kilotonnes,1031.3747,923.1654,926.5928,919.1316,799.9467,728.8889,692.8187,663.8222,609.6554,560.5299,547.6428,528.1029,522.8948,535.3401,510.0857,463.4748,443.9217,436.8264,421.1565,404.7612,383.4438
Ukraine,Farm-gate emissions,Direct emissions (N2O),kilotonnes,23.8566,25.757,26.7863,23.4196,24.06,23.2581,23.8015,24.4322,30.285,27.0447,28.0895,32.5364,31.1411,35.6945,35.5237,34.0622,37.8077,39.7032,41.0045,42.6639,44.7151
Ukraine,Farm-gate emissions,Indirect emissions (N2O),kilotonnes,7.6729,7.9598,8.3306,7.4715,7.3806,7.1459,7.3827,7.6895,9.1625,8.2112,8.6869,9.8703,9.5823,10.8199,10.7127,10.2493,11.3839,12.052,12.3781,12.8309,13.6557
Ukraine,Farm-gate emissions,Emissions (N2O),kilotonnes,56.312,56.7358,58.8694,54.3046,53.7156,52.0631,52.5382,53.4726,60.3103,55.6364,57.2473,63.0177,61.3051,67.2205,66.9459,64.6259,69.2033,71.4178,72.9662,74.8844,77.7483
Ukraine,Farm-gate emissions,Emissions (CO2),kilotonnes,27638.4187,24931.2685,25840.3434,25249.7021,25042.0593,24592.6614,24523.8952,24529.0081,24716.7431,24328.7965,24431.2401,24968.559,24831.5104,25044.9194,24513.0061,24380.5573,24959.9099,23758.4213,23729.4394,23550.8328,23553.3371
Ukraine,Farm-gate emissions,Emissions (CO2eq) from CH4 (AR5),kilotonnes,28878.4912,25848.6307,25944.5995,25735.6842,22398.5078,20408.8887,19398.9227,18587.0209,17070.352,15694.8363,15333.9994,14786.8804,14641.0541,14989.5235,14282.3991,12977.2932,12429.8087,12231.1392,11792.3818,11333.3133,10736.4277
Ukraine,Farm-gate emissions,Emissions (CO2eq) from N2O (AR5),kilotonnes,14922.6829,15034.9801,15600.3851,14390.7263,14234.6238,13796.7137,13922.6193,14170.2273,15982.2167,14743.6418,15170.5322,16699.6971,16245.8398,17813.4205,17740.6596,17125.8634,18338.8662,18925.7209,19336.0532,19844.3758,20603.2998
Ukraine,Farm-gate emissions,Emissions (CO2eq) (AR5),kilotonnes,71439.5928,65814.8793,67385.328,65376.1127,61675.1909,58798.2638,57845.4372,57286.2562,57769.3118,54767.2746,54935.7716,56455.1365,55718.4044,57847.8634,56536.0648,54483.7139,55728.5847,54915.2814,54857.8744,54728.5218,54893.0647
Ukraine,Land Use change,Emissions (CH4),kilotonnes,0,0,0,0,0,0,0,0,0,0,0,0,0,0,0,0,0,0,0,0,0
Ukraine,Land Use change,Emissions (N2O),kilotonnes,0,0,0,0,0,0,0,0,0,0,0,0,0,0,0,0,0,0,0,0,0
Ukraine,Land Use change,Emissions (CO2),kilotonnes,0,2143.988,2143.988,2143.988,2143.988,2143.988,2143.988,2143.988,2143.988,2143.988,2143.988,0,0,0,0,0,1443.376,1443.376,1443.376,1443.376,1443.376
Ukraine,Land Use change,Emissions (CO2eq) from CH4 (AR5),kilotonnes,0,0,0,0,0,0,0,0,0,0,0,0,0,0,0,0,0,0,0,0,0
Ukraine,Land Use change,Emissions (CO2eq) from N2O (AR5),kilotonnes,0,0,0,0,0,0,0,0,0,0,0,0,0,0,0,0,0,0,0,0,0
Ukraine,Land Use change,Emissions (CO2eq) (AR5),kilotonnes,0,2143.988,2143.988,2143.988,2143.988,2143.988,2143.988,2143.988,2143.988,2143.988,2143.988,0,0,0,0,0,1443.376,1443.376,1443.376,1443.376,1443.376
Ukraine,Emissions on agricultural land,Emissions (CH4),kilotonnes,1031.3747,923.1654,926.5928,919.1316,799.9467,728.8889,692.8187,663.8222,609.6554,560.5299,547.6428,528.1029,522.8948,535.3401,510.0857,463.4748,443.9217,436.8264,421.1565,404.7612,383.4438
Ukraine,Emissions on agricultural land,Emissions (N2O),kilotonnes,56.312,56.7358,58.8694,54.3046,53.7156,52.0631,52.5382,53.4726,60.3103,55.6364,57.2473,63.0177,61.3051,67.2205,66.9459,64.6259,69.2033,71.4178,72.9662,74.8844,77.7483
Ukraine,Emissions on agricultural land,Emissions (CO2),kilotonnes,27638.4187,27075.2565,27984.3314,27393.6901,27186.0473,26736.6494,26667.8832,26672.9961,26860.7311,26472.7845,26575.2281,24968.559,24831.5104,25044.9194,24513.0061,24380.5573,26403.2859,25201.7973,25172.8154,24994.2088,24996.7131
Ukraine,Emissions on agricultural land,Emissions (CO2eq) from CH4 (AR5),kilotonnes,28878.4912,25848.6307,25944.5995,25735.6842,22398.5078,20408.8887,19398.9227,18587.0209,17070.352,15694.8363,15333.9994,14786.8804,14641.0541,14989.5235,14282.3991,12977.2932,12429.8087,12231.1392,11792.3818,11333.3133,10736.4277
Ukraine,Emissions on agricultural land,Emissions (CO2eq) from N2O (AR5),kilotonnes,14922.6829,15034.9801,15600.3851,14390.7263,14234.6238,13796.7137,13922.6193,14170.2273,15982.2167,14743.6418,15170.5322,16699.6971,16245.8398,17813.4205,17740.6596,17125.8634,18338.8662,18925.7209,19336.0532,19844.3758,20603.2998
Ukraine,Emissions on agricultural land,Emissions (CO2eq) (AR5),kilotonnes,71439.5928,67958.8673,69529.316,67520.1007,63819.1789,60942.2518,59989.4252,59430.2442,59913.2998,56911.2626,57079.7596,56455.1365,55718.4044,57847.8634,56536.0648,54483.7139,57171.9607,56358.6574,56301.2504,56171.8978,56336.4407
Ukraine,Pre- and post- production,Emissions (CH4),kilotonnes,326.4566,326.9251,326.7959,336.853,338.9708,341.2869,344.0805,345.9916,355.2781,351.9736,355.1086,359.6044,359.625,372.5496,364.5579,355.6123,355.4498,361.2977,367.9207,376.1997,384.4585
Ukraine,Pre- and post- production,Emissions (N2O),kilotonnes,12.2918,12.1641,11.7545,12.2194,10.1312,11.5061,11.4649,11.1024,11.0495,9.9065,10.2505,13.2796,13.8108,12.7548,9.437,7.1405,8.5357,7.5911,7.6522,8.435,7.8344
Ukraine,Pre- and post- production,Emissions (CO2),kilotonnes,19386.9912,19089.9811,18480.3615,19974.2019,18922.8986,20331.853,21483.9261,21286.5643,20431.1086,22365.8796,23516.7716,26822.9512,26723.4999,41179.4159,33877.3972,28733.6146,28238.5751,24933.8175,24693.3731,28525.6782,26697.6637
Ukraine,Pre- and post- production,Emissions (CO2eq) from F-gases (AR5),kilotonnes,71.1715,93.51,128.836,182.3445,216.112,249.36,284.686,320.012,324.168,326.246,327.285,328.324,328.8435,329.363,329.363,329.363,360.533,368.845,377.157,384.9495,413.9735
Ukraine,Pre- and post- production,Emissions (CO2eq) from CH4 (AR5),kilotonnes,9140.7846,9153.9028,9150.2854,9431.8844,9491.1829,9556.0331,9634.2541,9687.7646,9947.788,9855.2606,9943.0418,10068.9237,10069.5,10431.3877,10207.621,9957.1454,9952.5939,10116.3368,10301.7807,10533.5914,10764.8367
Ukraine,Pre- and post- production,Emissions (CO2eq) from N2O (AR5),kilotonnes,3257.3309,3223.4785,3114.9467,3238.1383,2684.7552,3049.1138,3038.2092,2942.1422,2928.1189,2625.2126,2716.3886,3519.0923,3659.8652,3380.0157,2500.8161,1892.2366,2261.9508,2011.6538,2027.8454,2235.2738,2076.1155
Ukraine,Pre- and post- production,Emissions (CO2eq) (AR5),kilotonnes,31856.2782,31560.8725,30874.4296,32826.5691,31314.9488,33186.3599,34441.0754,34236.4831,33631.1835,35172.5988,36503.487,40739.2911,40781.7086,55320.1823,46915.1973,40912.3596,40813.6528,37430.6531,37400.1562,41679.4929,39952.5893
Ukraine,Agri-food systems,Emissions (CH4),kilotonnes,1357.8313,1250.0905,1253.3887,1255.9846,1138.9175,1070.1758,1036.8992,1009.8138,964.9336,912.5035,902.7515,887.7073,882.5198,907.8897,874.6436,819.0871,799.3715,798.1241,789.0772,780.9609,767.9023
Ukraine,Agri-food systems,Emissions (N2O),kilotonnes,68.6038,68.8998,70.6239,66.524,63.8467,63.5692,64.0031,64.575,71.3598,65.5428,67.4978,76.2973,75.1159,79.9752,76.3829,71.7664,77.7389,79.009,80.6185,83.3194,85.5827
Ukraine,Agri-food systems,Emissions (CO2),kilotonnes,47025.41,46165.2377,46464.6928,47367.8921,46108.9459,47068.5024,48151.8094,47959.5604,47291.8397,48838.6641,50091.9997,51791.5102,51555.0103,66224.3352,58390.4034,53114.1719,54641.861,50135.6148,49866.1885,53519.887,51694.3768
Ukraine,Agri-food systems,Emissions (CO2eq) from F-gases (AR5),kilotonnes,71.1715,93.51,128.836,182.3445,216.112,249.36,284.686,320.012,324.168,326.246,327.285,328.324,328.8435,329.363,329.363,329.363,360.533,368.845,377.157,384.9495,413.9735
Ukraine,Agri-food systems,Emissions (CO2eq) from CH4 (AR5),kilotonnes,38019.2757,35002.5335,35094.8849,35167.5686,31889.6906,29964.9218,29033.1768,28274.7854,27018.14,25550.0969,25277.0412,24855.804,24710.5542,25420.9113,24490.0201,22934.4386,22382.4025,22347.4759,22094.1625,21866.9047,21501.2643
Ukraine,Agri-food systems,Emissions (CO2eq) from N2O (AR5),kilotonnes,18180.0138,18258.4586,18715.3318,17628.8646,16919.3791,16845.8275,16960.8285,17112.3695,18910.3356,17368.8545,17886.9208,20218.7894,19905.7051,21193.4362,20241.4757,19018.1,20600.8169,20937.3747,21363.8985,22079.6496,22679.4153
Ukraine,Agri-food systems,Emissions (CO2eq) (AR5),kilotonnes,103295.871,99519.7398,100403.7456,100346.6698,95134.1276,94128.6118,94430.5006,93666.7274,93544.4833,92083.8615,93583.2467,97194.4276,96500.113,113168.0457,103451.2621,95396.0735,97985.6135,93789.3105,93701.4066,97851.3907,96289.03
Ukraine,IPCC Agriculture,Emissions (CH4),kilotonnes,1028.0825,920.8289,925.2221,917.8648,798.7053,727.7857,691.6193,662.5905,608.4172,559.4661,546.6081,527.0488,521.7476,534.2542,509.2172,462.6973,443.1402,436.1938,420.5887,404.2535,382.9362
Ukraine,IPCC Agriculture,Emissions (CH4),kilotonnes,765.9119,738.3402,737.5082,680.9778,615.4804,582.538,559.5161,523.2444,486.6574,472.7277,459.4173,446.872,451.1055,453.9005,430.5167,407.9817,398.407,391.8073,378.0103,358.3235,340.6627
Ukraine,IPCC Agriculture,Direct emissions (N2O),kilotonnes,23.8566,25.757,26.7863,23.4196,24.06,23.2581,23.8015,24.4322,30.285,27.0447,28.0895,32.5364,31.1411,35.6945,35.5237,34.0622,37.8077,39.7032,41.0045,42.6639,44.7151
Ukraine,IPCC Agriculture,Indirect emissions (N2O),kilotonnes,7.6729,7.9598,8.3306,7.4715,7.3806,7.1459,7.3827,7.6895,9.1625,8.2112,8.6869,9.8703,9.5823,10.8199,10.7127,10.2493,11.3839,12.052,12.3781,12.8309,13.6557
Ukraine,IPCC Agriculture,Emissions (N2O),kilotonnes,54.2002,55.4755,56.9783,52.6042,52.0419,50.5426,51.0801,52.0097,58.7875,54.1883,55.7242,61.3458,59.6653,65.5337,65.3656,63.0747,67.5,70.0479,71.57,73.525,76.3889
Ukraine,IPCC Agriculture,Emissions (N2O),kilotonnes,60.541,64.8669,64.3109,54.6034,64.6883,64.1619,63.9313,59.3899,78.2339,73.151,72.3935,89.4666,85.2485,99.9193,101.3487,96.3956,106.2868,103.3675,116.2072,118.9909,110.0795
Ukraine,IPCC Agriculture,Emissions (CO2),kilotonnes,145.6635,188.4729,170.6943,240.4659,119.1549,229.2407,277.3093,324.4553,480.1376,326.9134,462.1855,518.6771,526.0433,519.3845,466.2001,452.5849,395.6548,396.9678,364.9144,350.2163,366.8559
Ukraine,IPCC Agriculture,Emissions (CO2eq) from CH4 (AR5),kilotonnes,28786.3101,25783.209,25906.2189,25700.2145,22363.7487,20378.0006,19365.3393,18552.5347,17035.6803,15665.0521,15305.0255,14757.3654,14608.932,14959.1172,14258.0813,12955.5232,12407.9244,12213.4262,11776.4833,11319.0986,10722.213
Ukraine,IPCC Agriculture,Emissions (CO2eq) from CH4 (AR5),kilotonnes,21445.5339,20673.5247,20650.2295,19067.3786,17233.4502,16311.0651,15666.4519,14650.8445,13626.4079,13236.3761,12863.6842,12512.4147,12630.9537,12709.2136,12054.4673,11423.4869,11155.3963,10970.6057,10584.2877,10033.0593,9538.5546
Ukraine,IPCC Agriculture,Emissions (CO2eq) from N2O (AR5),kilotonnes,14363.0549,14701.0144,15099.246,13940.1217,13791.0914,13393.7873,13536.2331,13782.5727,15578.6912,14359.8996,14766.9262,16256.6446,15811.3055,17366.4388,17321.8831,16714.7933,17887.4928,18562.6917,18966.0522,19484.1299,20243.054
Ukraine,IPCC Agriculture,Emissions (CO2eq) from N2O (AR5),kilotonnes,16043.3662,17189.7197,17042.3976,14469.9106,17142.408,17002.9006,16941.7837,15738.317,20731.9912,19385.0128,19184.2825,23708.6594,22590.851,26478.6049,26857.3955,25544.8246,28166.0147,27392.3885,30794.9059,31532.588,29171.0651
Ukraine,IPCC Agriculture,Emissions (CO2eq) (AR5),kilotonnes,43149.365,40484.2234,41005.4649,39640.3363,36154.8402,33771.7879,32901.5724,32335.1074,32614.3715,30024.9517,30071.9517,31014.01,30420.2375,32325.556,31579.9644,29670.3165,30295.4171,30776.118,30742.5355,30803.2286,30965.267
Ukraine,IPCC Agriculture,Emissions (CO2eq) (AR5),kilotonnes,37634.5635,38051.7172,37863.3214,33777.755,34495.0132,33543.2065,32885.5449,30713.6168,34838.5367,32948.3022,32510.1522,36739.7513,35747.848,39707.203,39378.0629,37420.8964,39717.0658,38759.962,41744.108,41915.8636,39076.4756
Ukraine,Agricultural Soils,Direct emissions (N2O),kilotonnes,23.8566,25.757,26.7863,23.4196,24.06,23.2581,23.8015,24.4322,30.285,27.0447,28.0895,32.5364,31.1411,35.6945,35.5237,34.0622,37.8077,39.7032,41.0045,42.6639,44.7151
Ukraine,Agricultural Soils,Direct emissions (N2O),kilotonnes,45.9497,49.4624,48.7956,41.1666,49.6351,49.283,48.8654,45.0857,60.3782,56.3373,55.3886,69.1475,65.6275,77.2959,78.4734,74.6383,82.401,79.788,89.8312,92.1092,84.3541
Ukraine,Agricultural Soils,Indirect emissions (N2O),kilotonnes,7.6729,7.9598,8.3306,7.4715,7.3806,7.1459,7.3827,7.6895,9.1625,8.2112,8.6869,9.8703,9.5823,10.8199,10.7127,10.2493,11.3839,12.052,12.3781,12.8309,13.6557
Ukraine,Agricultural Soils,Indirect emissions (N2O),kilotonnes,10.1387,11.1206,10.9844,9.1429,11.2009,11.1252,11.2374,10.6191,14.388,13.2578,13.3681,16.7384,16.0114,18.9283,19.2028,18.2355,20.4504,20.2365,22.9481,23.5533,22.5101
Ukraine,Agricultural Soils,Emissions (N2O),kilotonnes,45.9057,48.0555,49.3936,45.0927,45.5045,44.437,45.1925,46.0933,53.3507,49.1148,50.6274,56.2673,54.5877,60.3818,60.1085,58.1836,63.0206,65.561,67.1857,69.2681,72.1458
Ukraine,Agricultural Soils,Emissions (N2O),kilotonnes,56.0883,60.583,59.78,50.3095,60.8361,60.4082,60.1028,55.7048,74.7662,69.5951,68.7567,85.8859,81.6388,96.2242,97.6761,92.8737,102.8514,100.0245,112.7793,115.6625,106.8642
Ukraine,Agricultural Soils,Emissions (CO2eq) from N2O (AR5),kilotonnes,12165.0001,12734.7152,13089.3058,11949.5552,12058.7046,11775.7949,11976.0141,12214.7295,14137.9286,13015.4318,13416.272,14910.845,14465.7378,16001.1828,15928.7531,15418.6539,16700.4628,17373.6525,17804.2037,18356.0558,19118.6451
Ukraine,Agricultural Soils,Emissions (CO2eq) from N2O (AR5),kilotonnes,14863.4102,16054.4925,15841.6893,13332.0044,16121.5539,16008.1621,15927.2351,14761.7727,19813.0389,18442.7021,18220.5318,22759.765,21634.2899,25499.4156,25884.174,24611.5383,27255.623,26506.4941,29886.5139,30650.5529,28319.0227
Ukraine,Agricultural Soils,Emissions (CO2eq) (AR5),kilotonnes,12165.0001,12734.7152,13089.3058,11949.5552,12058.7046,11775.7949,11976.0141,12214.7295,14137.9286,13015.4318,13416.272,14910.845,14465.7378,16001.1828,15928.7531,15418.6539,16700.4628,17373.6525,17804.2037,18356.0558,19118.6451
Ukraine,Agricultural Soils,Emissions (CO2eq) (AR5),kilotonnes,14863.4102,16054.4925,15841.6893,13332.0044,16121.5539,16008.1621,15927.2351,14761.7727,19813.0389,18442.7021,18220.5318,22759.765,21634.2899,25499.4156,25884.174,24611.5383,27255.623,26506.4941,29886.5139,30650.5529,28319.0227
Ukraine,LULUCF,Emissions (CH4),kilotonnes,0.4532,0.2921,0.9739,1.0786,0.2646,2.3945,1.0335,0.5916,0.4793,2.7987,2.132,1.1458,1.673,2.5089,4.4915,5.4085,0.357,0.7938,2.1496,4.0138,5.9258
Ukraine,LULUCF,Emissions (CH4),kilotonnes,0.65,1.0031,0.832,0.6561,0.4648,0.6058,0.803,4.3371,1.656,1.3708,1.5004,0.4454,1.2549,0.3494,1.6632,2.3246,0.477,1.145,0.6852,0.7806,
Ukraine,LULUCF,Emissions (N2O),kilotonnes,0.0251,0.0267,0.0889,0.0985,0.0242,0.2186,0.0944,0.054,0.0438,0.2555,0.1947,0.1046,0.1528,0.2291,0.4101,0.4938,0.0326,0.0725,0.1963,0.3665,0.541
Ukraine,LULUCF,Emissions (N2O),kilotonnes,0.9328,0.9902,0.9937,0.9845,0.9822,1.0072,1.0291,1.2336,1.0976,1.0916,0.6588,0.6117,0.6524,0.5605,0.6089,0.5047,0.4267,0.465,0.572,0.5861,
Ukraine,LULUCF,Emissions (CO2),kilotonnes,-39374.8128,-14885.9212,-14973.9132,-15080.3589,-15275.5154,-15319.3955,-15354.2688,-15406.4802,-15503.4464,-15566.1679,-15577.2468,-5255.0561,-5249.7791,-5245.3337,-5238.7408,-5238.7408,-3133.8551,-3166.7862,-3170.8397,-3212.3651,-3209.8607
Ukraine,LULUCF,Emissions (CO2),kilotonnes,-46415.2397,-41565.1121,-39822.6158,-47882.2013,-37472.0632,-34439.2121,-36359.8605,-38161.4506,-21867.446,-25623.8572,-32289.6848,-16395.5841,-20294.7402,-7331.7795,-4840.6045,-6992.9307,-2452.8291,-10648.3535,688.4204,-145.0302,
Ukraine,LULUCF,Emissions (CO2eq) from CH4 (AR5),kilotonnes,12.6901,8.1786,27.2699,30.1998,7.41,67.0459,28.9392,16.5649,13.4217,78.3627,59.6958,32.0831,46.8453,70.2502,125.7619,151.4377,9.9965,22.2262,60.1883,112.386,165.9211
Ukraine,LULUCF,Emissions (CO2eq) from N2O (AR5),kilotonnes,6.6441,7.0674,23.5647,26.0966,6.4032,57.9364,25.0073,14.3142,11.5981,67.7156,51.585,27.724,40.4804,60.7053,108.6747,130.8619,8.6383,19.2064,52.0106,97.1161,143.3774
Ukraine,LULUCF,Emissions (CO2eq) (AR5),kilotonnes,-39355.4786,-14870.6752,-14923.0787,-15024.0625,-15261.7021,-15194.4132,-15300.3222,-15375.601,-15478.4266,-15420.0895,-15465.966,-5195.249,-5162.4534,-5114.3783,-5004.3043,-4956.4412,-3115.2204,-3125.3536,-3058.6409,-3002.863,-2900.5623
Ukraine,LULUCF,Emissions (CO2eq) (AR5),kilotonnes,-46415.2397,-41565.1121,-39822.6158,-47882.2013,-37472.0632,-34439.2121,-36359.8605,-38161.4506,-21867.446,-25623.8572,-32289.6848,-16395.5841,-20294.7402,-7331.7795,-4840.6045,-6992.9307,-2452.8291,-10648.3535,688.4204,-145.0302,
Ukraine,AFOLU,Emissions (CH4),kilotonnes,1028.5357,921.121,926.196,918.9434,798.97,730.1802,692.6528,663.1821,608.8965,562.2648,548.74,528.1946,523.4206,536.7631,513.7087,468.1057,443.4972,436.9876,422.7383,408.2673,388.8619
Ukraine,AFOLU,Emissions (N2O),kilotonnes,54.2253,55.5022,57.0672,52.7027,52.066,50.7612,51.1745,52.0637,58.8313,54.4438,55.9189,61.4504,59.8181,65.7628,65.7757,63.5685,67.5326,70.1204,71.7663,73.8915,76.9299
Ukraine,AFOLU,Emissions (CO2),kilotonnes,-39374.8128,-14885.9212,-14973.9132,-15080.3589,-15275.5154,-15319.3955,-15354.2688,-15406.4802,-15503.4464,-15566.1679,-15577.2468,-5255.0561,-5249.7791,-5245.3337,-5238.7408,-5238.7408,-3133.8551,-3166.7862,-3170.8397,-3212.3651,-3209.8607
Ukraine,AFOLU,Emissions (CO2eq) from CH4 (AR5),kilotonnes,28799.0002,25791.3876,25933.4888,25730.4143,22371.1588,20445.0465,19394.2786,18569.0996,17049.102,15743.4148,15364.7213,14789.4485,14655.7773,15029.3674,14383.8432,13106.9608,12417.9208,12235.6524,11836.6716,11431.4846,10888.1341
Ukraine,AFOLU,Emissions (CO2eq) from N2O (AR5),kilotonnes,14369.699,14708.0819,15122.8107,13966.2183,13797.4947,13451.7237,13561.2404,13796.8869,15590.2893,14427.6152,14818.5111,16284.3686,15851.7859,17427.1441,17430.5577,16845.6553,17896.131,18581.8981,19018.0627,19581.2461,20386.4314
Ukraine,AFOLU,Emissions (CO2eq) (AR5),kilotonnes,3793.8864,25613.5482,26082.3862,24616.2737,20893.1381,18577.3746,17601.2501,16959.5064,17135.9449,14604.8622,14605.9857,25818.761,25257.7841,27211.1777,26575.6601,24713.8753,27180.1968,27650.7643,27683.8946,27800.3655,28064.7047
Ukraine,All sectors with LULUCF,Emissions (CH4),kilotonnes,2769.0257,2731.701,2779.976,2786.9334,2681.41,2680.2802,2606.1028,2649.8721,2612.7265,2491.6548,2418.87,2546.1746,2547.2306,2606.0131,2426.6587,2090.6357,2122.3472,1972.3976,1967.1983,2020.6973,2065.3219
Ukraine,All sectors with LULUCF,Emissions (N2O),kilotonnes,77.9153,78.9722,83.6272,80.4627,77.276,78.3412,79.4745,85.7037,90.6213,78.5138,84.4989,95.3004,92.9381,93.9528,91.1157,84.0985,91.7526,92.6204,93.8963,102.7415,106.6599
Ukraine,All sectors with LULUCF,Emissions (CO2),kilotonnes,332855.2872,354347.9788,347662.5868,387360.8411,375370.1846,364328.9045,350496.2312,343546.5198,331147.6536,270277.9321,319666.0532,312100.0439,320884.7209,293568.1663,239873.1592,213870.4192,211175.8549,191442.8038,200944.9603,191098.2349,182501.7393
Ukraine,All sectors with LULUCF,Emissions (CO2eq) from F-gases (AR5),kilotonnes,512.1147,519.8887,528.6345,585.968,668.5672,728.8159,781.2907,836.6807,891.099,892.0707,967.8676,959.1218,1049.4949,1117.5178,1234.1283,1282.716,1515.9371,1720.0056,2098.9899,2448.8215,2633.4549
Ukraine,All sectors with LULUCF,Emissions (CO2eq) from CH4 (AR5),kilotonnes,77532.7202,76487.6276,77839.3288,78034.1343,75079.4788,75047.8465,72970.8786,74196.4196,73156.342,69766.3348,67728.3613,71292.8885,71322.4573,72968.3674,67946.4432,58537.8008,59425.7208,55227.1324,55081.5516,56579.5246,57829.0141
Ukraine,All sectors with LULUCF,Emissions (CO2eq) from N2O (AR5),kilotonnes,20647.549,20927.6319,22161.2107,21322.6183,20478.1447,20760.4237,21060.7404,22711.4869,24014.6393,20806.1652,22392.2111,25254.6186,24628.5859,24897.4941,24145.6577,22286.1053,24314.431,24544.3981,24882.5127,27226.4961,28264.8814
Ukraine,All sectors with LULUCF,Emissions (CO2eq) (AR5),kilotonnes,431547.6711,452283.1269,448191.7607,487303.5617,471596.3752,460865.9906,445309.1408,441291.1071,429209.7339,361742.5029,410754.4933,409606.6727,417885.2591,392551.5455,333199.3884,295977.0413,296431.9439,272934.3399,283008.0145,277353.0771,271229.0897
Ukraine,All sectors without LULUCF,Emissions (CH4),kilotonnes,2768.5725,2731.4089,2779.0021,2785.8548,2681.1453,2677.8857,2605.0693,2649.2805,2612.2472,2488.8561,2416.7381,2545.0288,2545.5576,2603.5042,2422.1672,2085.2273,2121.9902,1971.6038,1965.0487,2016.6835,2059.3962
Ukraine,All sectors without LULUCF,Emissions (N2O),kilotonnes,77.8902,78.9455,83.5383,80.3642,77.2519,78.1226,79.3801,85.6497,90.5775,78.2583,84.3042,95.1958,92.7853,93.7237,90.7056,83.6047,91.72,92.5479,93.7,102.375,106.1189
Ukraine,All sectors without LULUCF,Emissions (CO2),kilotonnes,372230.1,369233.9,362636.5,402441.2,390645.7,379648.3,365850.5,358953,346651.1,285844.1,335243.3,317355.1,326134.5,298813.5,245111.9,219109.16,214309.71,194609.59,204115.8,194310.6,185711.6
Ukraine,All sectors without LULUCF,Emissions (CO2eq) from F-gases (AR5),kilotonnes,512.1147,519.8887,528.6345,585.968,668.5672,728.8159,781.2907,836.6807,891.099,892.0707,967.8676,959.1218,1049.4949,1117.5178,1234.1283,1282.716,1515.9371,1720.0056,2098.9899,2448.8215,2633.4549
Ukraine,All sectors without LULUCF,Emissions (CO2eq) from CH4 (AR5),kilotonnes,77520.0301,76479.449,77812.0589,78003.9345,75072.0687,74980.8006,72941.9393,74179.8547,73142.9203,69687.9721,67668.6655,71260.8054,71275.612,72898.1172,67820.6813,58386.3632,59415.7244,55204.9062,55021.3633,56467.1386,57663.093
Ukraine,All sectors without LULUCF,Emissions (CO2eq) from N2O (AR5),kilotonnes,20640.9049,20920.5644,22137.646,21296.5217,20471.7414,20702.4873,21035.7331,22697.1727,24003.0412,20738.4496,22340.6262,25226.8946,24588.1055,24836.7888,24036.9831,22155.2433,24305.7928,24525.1917,24830.5022,27129.3799,28121.504
Ukraine,All sectors without LULUCF,Emissions (CO2eq) (AR5),kilotonnes,470903.1497,467153.8021,463114.8394,502327.6243,486858.0773,476060.4038,460609.4631,456666.7081,444688.1605,377162.5924,426220.4592,414801.9218,423047.7125,397665.9238,338203.6927,300933.4825,299547.1643,276059.6936,286066.6554,280355.9401,274129.6519
United Arab Emirates,Crop Residues,Direct emissions (N2O),kilotonnes,0.001,0.0008,0.0007,0.0005,0.0005,0.0005,0.0005,0.0004,0.0005,0.0006,0.0008,0.0007,0.0006,0.0002,0.0003,0.0005,0.0008,0.0021,0.001,0.0033,0.002
United Arab Emirates,Crop Residues,Indirect emissions (N2O),kilotonnes,0.0002,0.0002,0.0002,0.0001,0.0001,0.0001,0.0001,0.0001,0.0001,0.0001,0.0002,0.0002,0.0001,0,0.0001,0.0001,0.0002,0.0005,0.0002,0.0007,0.0005
United Arab Emirates,Crop Residues,Emissions (N2O),kilotonnes,0.0013,0.001,0.0009,0.0006,0.0006,0.0006,0.0006,0.0005,0.0006,0.0008,0.001,0.0008,0.0007,0.0002,0.0004,0.0007,0.001,0.0025,0.0012,0.004,0.0025
United Arab Emirates,Crop Residues,Emissions (CO2eq) from N2O (AR5),kilotonnes,0.3395,0.2608,0.2306,0.1587,0.1525,0.1505,0.1528,0.1406,0.1608,0.2011,0.2671,0.2244,0.1893,0.0592,0.1135,0.1729,0.2703,0.6668,0.3232,1.056,0.6614
United Arab Emirates,Crop Residues,Emissions (CO2eq) (AR5),kilotonnes,0.3395,0.2608,0.2306,0.1587,0.1525,0.1505,0.1528,0.1406,0.1608,0.2011,0.2671,0.2244,0.1893,0.0592,0.1135,0.1729,0.2703,0.6668,0.3232,1.056,0.6614
United Arab Emirates,Burning - Crop residues,Emissions (CH4),kilotonnes,0.0005,0.0005,0.0004,0.0003,0.0003,0.0003,0.0003,0.0002,0.0002,0.0003,0.0008,0.0005,0.0008,0.0001,0.0005,0.0003,0.0005,0.0015,0.0011,0.003,0.0017
United Arab Emirates,Burning - Crop residues,Emissions (N2O),kilotonnes,0,0,0,0,0,0,0,0,0,0,0,0,0,0,0,0,0,0,0,0.0001,0
United Arab Emirates,Burning - Crop residues,Emissions (CO2eq) from CH4 (AR5),kilotonnes,0.0149,0.0137,0.0115,0.0083,0.0077,0.0075,0.0076,0.0052,0.0067,0.0092,0.0213,0.0144,0.0236,0.0016,0.0137,0.0079,0.0135,0.0421,0.0296,0.0827,0.0464
United Arab Emirates,Burning - Crop residues,Emissions (CO2eq) from N2O (AR5),kilotonnes,0.0037,0.0034,0.0028,0.002,0.0019,0.0019,0.0019,0.0013,0.0016,0.0023,0.0052,0.0035,0.0058,0.0004,0.0034,0.0019,0.0033,0.0103,0.0073,0.0203,0.0114
United Arab Emirates,Burning - Crop residues,Emissions (CO2eq) (AR5),kilotonnes,0.0186,0.017,0.0144,0.0103,0.0096,0.0094,0.0094,0.0065,0.0083,0.0115,0.0266,0.018,0.0294,0.002,0.017,0.0099,0.0169,0.0524,0.0369,0.103,0.0578
United Arab Emirates,Enteric Fermentation,Emissions (CH4),kilotonnes,22.6559,24.0105,25.3423,26.6235,26.7268,30.6933,32.2911,33.9781,35.7441,41.8485,36.301,36.4767,36.8841,40.9533,44.1509,45.6501,46.2419,47.3804,47.6147,48.4855,49.2091
United Arab Emirates,Enteric Fermentation,Emissions (CH4),kilotonnes,78,,,,,73,,,,,,,,,37.14,,,,,,
United Arab Emirates,Enteric Fermentation,Emissions (CO2eq) from CH4 (AR5),kilotonnes,634.3649,672.2935,709.5844,745.4593,748.3515,859.4132,904.1507,951.3877,1000.8347,1171.7574,1016.4285,1021.3481,1032.7559,1146.693,1236.2253,1278.204,1294.7724,1326.6502,1333.2109,1357.5943,1377.8561
United Arab Emirates,Enteric Fermentation,Emissions (CO2eq) from CH4 (AR5),kilotonnes,2184,,,,,2044,,,,,,,,,1039.92,,,,,,
United Arab Emirates,Enteric Fermentation,Emissions (CO2eq) (AR5),kilotonnes,634.3649,672.2935,709.5844,745.4593,748.3515,859.4132,904.1507,951.3877,1000.8347,1171.7574,1016.4285,1021.3481,1032.7559,1146.693,1236.2253,1278.204,1294.7724,1326.6502,1333.2109,1357.5943,1377.8561
United Arab Emirates,Enteric Fermentation,Emissions (CO2eq) (AR5),kilotonnes,2184,,,,,2044,,,,,,,,,1039.92,,,,,,
United Arab Emirates,Manure Management,Emissions (CH4),kilotonnes,1.3766,1.4303,1.5069,1.6308,1.66,1.8328,1.8649,1.9148,2.082,2.4254,2.173,2.2102,2.2242,2.4212,2.5985,2.6747,2.7188,2.7939,2.8061,2.8785,2.9121
United Arab Emirates,Manure Management,Emissions (CH4),kilotonnes,2,,,,,2,,,,,,,,,2.34,,,,,,
United Arab Emirates,Manure Management,Emissions (N2O),kilotonnes,0.0131,0.0128,0.0135,0.0161,0.0165,0.0153,0.0135,0.0124,0.0158,0.0187,0.0202,0.0207,0.0209,0.0215,0.0219,0.023,0.0244,0.0249,0.0249,0.0253,0.0249
United Arab Emirates,Manure Management,Emissions (N2O),kilotonnes,1.1,,,,,1.3,,,,,,,,,0.001,,,,,,
United Arab Emirates,Manure Management,Emissions (CO2eq) from CH4 (AR5),kilotonnes,38.5448,40.0489,42.1923,45.6627,46.4809,51.3196,52.2176,53.6153,58.295,67.91,60.8441,61.8842,62.2783,67.7934,72.7585,74.8927,76.127,78.2287,78.572,80.5988,81.5381
United Arab Emirates,Manure Management,Emissions (CO2eq) from CH4 (AR5),kilotonnes,56,,,,,56,,,,,,,,,65.52,,,,,,
United Arab Emirates,Manure Management,Emissions (CO2eq) from N2O (AR5),kilotonnes,3.4786,3.387,3.5716,4.2533,4.3807,4.0535,3.572,3.2984,4.1942,4.9479,5.3535,5.4948,5.5296,5.6949,5.8026,6.1041,6.4603,6.5908,6.5936,6.6954,6.5945
United Arab Emirates,Manure Management,Emissions (CO2eq) from N2O (AR5),kilotonnes,291.5,,,,,344.5,,,,,,,,,0.265,,,,,,
United Arab Emirates,Manure Management,Emissions (CO2eq) (AR5),kilotonnes,42.0235,43.4359,45.7639,49.916,50.8616,55.3731,55.7895,56.9137,62.4893,72.8579,66.1976,67.379,67.8079,73.4883,78.5611,80.9968,82.5873,84.8195,85.1656,87.2943,88.1327
United Arab Emirates,Manure Management,Emissions (CO2eq) (AR5),kilotonnes,347.5,,,,,400.5,,,,,,,,,65.785,,,,,,
United Arab Emirates,Manure left on Pasture,Direct emissions (N2O),kilotonnes,0.782,0.8177,0.8629,0.9241,0.9205,0.9797,1.0049,1.0401,1.1205,1.3146,1.233,1.2395,1.2405,1.3795,1.4834,1.5443,1.5655,1.5983,1.6132,1.6049,1.6084
United Arab Emirates,Manure left on Pasture,Indirect emissions (N2O),kilotonnes,0.2768,0.291,0.3071,0.3261,0.3272,0.3695,0.3832,0.3995,0.4257,0.4911,0.4539,0.4582,0.4607,0.5168,0.559,0.5773,0.5841,0.5974,0.6043,0.6006,0.6035
United Arab Emirates,Manure left on Pasture,Emissions (N2O),kilotonnes,1.0588,1.1086,1.17,1.2502,1.2478,1.3492,1.3881,1.4395,1.5462,1.8057,1.687,1.6977,1.7012,1.8964,2.0424,2.1216,2.1496,2.1956,2.2175,2.2055,2.2119
United Arab Emirates,Manure left on Pasture,Emissions (CO2eq) from N2O (AR5),kilotonnes,280.5731,293.7912,310.0477,331.3081,330.6579,357.533,367.8532,381.4768,409.754,478.509,447.0447,449.8967,450.8158,502.541,541.2443,562.2174,569.6338,581.839,587.6419,584.4666,586.1483
United Arab Emirates,Manure left on Pasture,Emissions (CO2eq) (AR5),kilotonnes,280.5731,293.7912,310.0477,331.3081,330.6579,357.533,367.8532,381.4768,409.754,478.509,447.0447,449.8967,450.8158,502.541,541.2443,562.2174,569.6338,581.839,587.6419,584.4666,586.1483
United Arab Emirates,Manure applied to Soils,Direct emissions (N2O),kilotonnes,0.0246,0.0238,0.0251,0.0301,0.0313,0.0297,0.026,0.0239,0.0306,0.0356,0.0387,0.04,0.0404,0.0415,0.0423,0.0442,0.0469,0.0479,0.048,0.0488,0.0481
United Arab Emirates,Manure applied to Soils,Indirect emissions (N2O),kilotonnes,0.0105,0.0101,0.0107,0.0128,0.0133,0.0126,0.011,0.0101,0.013,0.0151,0.0165,0.017,0.0172,0.0176,0.018,0.0188,0.0199,0.0204,0.0204,0.0207,0.0204
United Arab Emirates,Manure applied to Soils,Emissions (N2O),kilotonnes,0.035,0.0339,0.0358,0.043,0.0446,0.0423,0.037,0.034,0.0436,0.0507,0.0552,0.0569,0.0575,0.0592,0.0602,0.063,0.0669,0.0683,0.0684,0.0696,0.0685
United Arab Emirates,Manure applied to Soils,Emissions (CO2eq) from N2O (AR5),kilotonnes,9.2871,8.9884,9.4776,11.3836,11.8303,11.2025,9.8125,9.0128,11.5455,13.4436,14.6164,15.0891,15.2455,15.6774,15.9586,16.6891,17.7196,18.1025,18.1249,18.4319,18.1578
United Arab Emirates,Manure applied to Soils,Emissions (CO2eq) (AR5),kilotonnes,9.2871,8.9884,9.4776,11.3836,11.8303,11.2025,9.8125,9.0128,11.5455,13.4436,14.6164,15.0891,15.2455,15.6774,15.9586,16.6891,17.7196,18.1025,18.1249,18.4319,18.1578
United Arab Emirates,Synthetic Fertilizers,Direct emissions (N2O),kilotonnes,0.374,0.3693,0.5051,0.5051,0.5051,0.5051,0.4912,0.5106,0.5178,0.3588,0.4094,0.3949,0.3082,0.2648,0.1957,0.238,0.238,0.238,0.238,0.238,0.238
United Arab Emirates,Synthetic Fertilizers,Indirect emissions (N2O),kilotonnes,0.1216,0.12,0.1641,0.1641,0.1641,0.1641,0.1596,0.1659,0.1683,0.1166,0.133,0.1283,0.1002,0.0861,0.0636,0.0774,0.0774,0.0774,0.0774,0.0774,0.0774
United Arab Emirates,Synthetic Fertilizers,Emissions (N2O),kilotonnes,0.4956,0.4893,0.6692,0.6692,0.6692,0.6692,0.6509,0.6765,0.6861,0.4754,0.5424,0.5232,0.4083,0.3508,0.2592,0.3154,0.3154,0.3154,0.3154,0.3154,0.3154
United Arab Emirates,Synthetic Fertilizers,Emissions (CO2eq) from N2O (AR5),kilotonnes,131.3208,129.6654,177.3382,177.3382,177.3382,177.3382,172.4826,179.2694,181.8075,125.9686,143.7355,138.6593,108.2017,92.9729,68.7002,83.5728,83.5728,83.5728,83.5728,83.5728,83.5728
United Arab Emirates,Synthetic Fertilizers,Emissions (CO2eq) (AR5),kilotonnes,131.3208,129.6654,177.3382,177.3382,177.3382,177.3382,172.4826,179.2694,181.8075,125.9686,143.7355,138.6593,108.2017,92.9729,68.7002,83.5728,83.5728,83.5728,83.5728,83.5728,83.5728
United Arab Emirates,Drained organic soils,Emissions (CO2eq) (AR5),kilotonnes,0,0,0,0,0,0,0,0,0,0,0,0,0,0,0,0,0,0,0,0,0
United Arab Emirates,Drained organic soils (CO2),Emissions (CO2),kilotonnes,0,0,0,0,0,0,0,0,0,0,0,0,0,0,0,0,0,0,0,0,0
United Arab Emirates,Drained organic soils (CO2),Emissions (CO2eq) (AR5),kilotonnes,0,0,0,0,0,0,0,0,0,0,0,0,0,0,0,0,0,0,0,0,0
United Arab Emirates,Drained organic soils (N2O),Emissions (N2O),kilotonnes,0,0,0,0,0,0,0,0,0,0,0,0,0,0,0,0,0,0,0,0,0
United Arab Emirates,Drained organic soils (N2O),Emissions (CO2eq) from N2O (AR5),kilotonnes,0,0,0,0,0,0,0,0,0,0,0,0,0,0,0,0,0,0,0,0,0
United Arab Emirates,Drained organic soils (N2O),Emissions (CO2eq) (AR5),kilotonnes,0,0,0,0,0,0,0,0,0,0,0,0,0,0,0,0,0,0,0,0,0
United Arab Emirates,On-farm energy use,Emissions (CH4),kilotonnes,0.36,0.4146,0.734,0.869,0.9056,0.9812,1.4938,1.4955,2.8704,2.2031,4.1726,2.6003,3.6242,3.839,2.3973,1.4807,1.0759,0.7277,0.4483,0.3331,0.3331
United Arab Emirates,On-farm energy use,Emissions (N2O),kilotonnes,0.5208,0.543,0.6092,0.6552,0.6648,0.7199,0.7498,0.8123,0.8941,0.9431,0.9833,1.0481,0.9219,0.9846,0.8096,0.8245,0.476,0.4592,0.3885,0.3056,0.3056
United Arab Emirates,On-farm energy use,Emissions (CO2),kilotonnes,3561.5195,3510.526,4055.0061,4362.6061,4184.5202,4299.3279,4592.9588,5052.7447,5869.4993,6057.7921,6581.9189,6154.2744,6114.9755,5828.5147,4496.7945,4190.1721,2848.7058,2372.1689,2133.1351,1746.9763,1746.9763
United Arab Emirates,On-farm energy use,Emissions (CO2eq) from CH4 (AR5),kilotonnes,10.0797,11.6095,20.5513,24.3328,25.357,27.4738,41.8276,41.8729,80.3724,61.6866,116.8325,72.8088,101.477,107.4917,67.1256,41.4596,30.1259,20.3742,12.5537,9.3266,9.3266
United Arab Emirates,On-farm energy use,Emissions (CO2eq) from N2O (AR5),kilotonnes,138.0178,143.902,161.4406,173.6172,176.166,190.7776,198.703,215.2481,236.9332,249.9103,260.5874,277.7361,244.3084,260.9274,214.5535,218.4988,126.135,121.683,102.9475,80.9901,80.9901
United Arab Emirates,On-farm energy use,Emissions (CO2eq) (AR5),kilotonnes,3709.6169,3666.0376,4236.998,4560.5561,4386.0431,4517.5793,4833.4894,5309.8657,6186.805,6369.3889,6959.3389,6504.8194,6460.7609,6196.9337,4778.4736,4450.1305,3004.9667,2514.2261,2248.6363,1837.2929,1837.2929
United Arab Emirates,Savanna fires,Emissions (CH4),kilotonnes,0,0,0,0,0,0,0,0,0,0,0,0,0,0.0007,0,0,0,0,0,0,0
United Arab Emirates,Savanna fires,Emissions (N2O),kilotonnes,0,0,0,0,0,0,0,0,0,0,0,0,0,0.0001,0,0,0,0,0,0,0
United Arab Emirates,Savanna fires,Emissions (CO2eq) from CH4 (AR5),kilotonnes,0,0,0,0,0,0,0,0,0,0,0,0,0,0.0197,0,0,0,0,0,0,0
United Arab Emirates,Savanna fires,Emissions (CO2eq) from N2O (AR5),kilotonnes,0,0,0,0,0,0,0,0,0,0,0,0,0,0.017,0,0,0,0,0,0,0
United Arab Emirates,Savanna fires,Emissions (CO2eq) (AR5),kilotonnes,0,0,0,0,0,0,0,0,0,0,0,0,0,0.0368,0,0,0,0,0,0,0
United Arab Emirates,Fires in organic soils,Emissions (CH4),kilotonnes,0,0,0,0,0,0,0,0,0,0,0,0,0,0,0,0,0,0,0,0,0
United Arab Emirates,Fires in organic soils,Emissions (CO2),kilotonnes,0,0,0,0,0,0,0,0,0,0,0,0,0,0,0,0,0,0,0,0,0
United Arab Emirates,Fires in organic soils,Emissions (CO2eq) from CH4 (AR5),kilotonnes,0,0,0,0,0,0,0,0,0,0,0,0,0,0,0,0,0,0,0,0,0
United Arab Emirates,Fires in organic soils,Emissions (CO2eq) (AR5),kilotonnes,0,0,0,0,0,0,0,0,0,0,0,0,0,0,0,0,0,0,0,0,0
United Arab Emirates,Forest fires,Emissions (CH4),kilotonnes,0,0,0,0,0,0,0,0,0,0,0,0,0,0,0,0,0,0,0,0,0
United Arab Emirates,Forest fires,Emissions (N2O),kilotonnes,0,0,0,0,0,0,0,0,0,0,0,0,0,0,0,0,0,0,0,0,0
United Arab Emirates,Forest fires,Emissions (CO2eq) from CH4 (AR5),kilotonnes,0,0,0,0,0,0,0,0,0,0,0,0,0,0,0,0,0,0,0,0,0
United Arab Emirates,Forest fires,Emissions (CO2eq) from N2O (AR5),kilotonnes,0,0,0,0,0,0,0,0,0,0,0,0,0,0,0,0,0,0,0,0,0
United Arab Emirates,Forest fires,Emissions (CO2eq) (AR5),kilotonnes,0,0,0,0,0,0,0,0,0,0,0,0,0,0,0,0,0,0,0,0,0
United Arab Emirates,Fires in humid tropical forests,Emissions (CH4),kilotonnes,0,0,0,0,0,0,0,0,0,0,0,0,0,0,0,0,0,0,0,0,0
United Arab Emirates,Fires in humid tropical forests,Emissions (N2O),kilotonnes,0,0,0,0,0,0,0,0,0,0,0,0,0,0,0,0,0,0,0,0,0
United Arab Emirates,Fires in humid tropical forests,Emissions (CO2eq) from CH4 (AR5),kilotonnes,0,0,0,0,0,0,0,0,0,0,0,0,0,0,0,0,0,0,0,0,0
United Arab Emirates,Fires in humid tropical forests,Emissions (CO2eq) from N2O (AR5),kilotonnes,0,0,0,0,0,0,0,0,0,0,0,0,0,0,0,0,0,0,0,0,0
United Arab Emirates,Fires in humid tropical forests,Emissions (CO2eq) (AR5),kilotonnes,0,0,0,0,0,0,0,0,0,0,0,0,0,0,0,0,0,0,0,0,0
United Arab Emirates,Waste - agri-food systems,Emissions (CH4),kilotonnes,56.4921,57.6327,58.7309,59.8817,61.1245,62.54,64.2236,66.0433,67.9866,69.6715,71.0828,72.1626,72.9405,73.514,73.8769,74.3379,74.8389,75.3569,75.8894,76.4617,76.9498
United Arab Emirates,Waste - agri-food systems,Emissions (N2O),kilotonnes,0.1261,0.1308,0.1474,0.1591,0.1631,0.1703,0.1967,0.2322,0.2651,0.2868,0.2927,0.3142,0.325,0.3422,0.3622,0.3668,0.3682,0.3653,0.3693,0.3738,0.3776
United Arab Emirates,Waste - agri-food systems,Emissions (CO2),kilotonnes,42.5708,42.5543,42.6567,42.8652,43.1554,43.4916,43.8386,44.0894,44.4274,44.0607,44.2849,44.6048,44.7156,44.7837,44.8388,44.6402,44.6351,44.7642,44.9164,44.8964,44.6436
United Arab Emirates,Waste - agri-food systems,Emissions (CO2eq) from CH4 (AR5),kilotonnes,1581.7775,1613.7168,1644.465,1676.6879,1711.4858,1751.1194,1798.262,1849.212,1903.6251,1950.801,1990.3195,2020.5538,2042.3333,2058.3934,2068.5523,2081.4615,2095.4902,2109.992,2124.9039,2140.9273,2154.5955
United Arab Emirates,Waste - agri-food systems,Emissions (CO2eq) from N2O (AR5),kilotonnes,33.4077,34.6578,39.0525,42.1488,43.219,45.1186,52.1213,61.5401,70.2625,76.0052,77.5752,83.2743,86.1294,90.6723,95.9722,97.2102,97.5737,96.7932,97.8588,99.0553,100.0656
United Arab Emirates,Waste - agri-food systems,Emissions (CO2eq) (AR5),kilotonnes,1657.756,1690.9288,1726.1742,1761.7019,1797.8602,1839.7297,1894.222,1954.8414,2018.315,2070.867,2112.1796,2148.433,2173.1783,2193.8494,2209.3633,2223.312,2237.699,2251.5495,2267.6791,2284.879,2299.3047
United Arab Emirates,Fertilizers Manufacturing,Emissions (CO2),kilotonnes,524.8189,685.5519,1407.905,1518.6768,1433.1392,1592.904,1431.7818,1378.059,1372.0432,1327.1379,1415.2861,1486.1316,1282.1775,2518.9307,3572.5991,3397.4503,3473.7394,3066.8962,3156.8612,3231.5897,2956.1701
United Arab Emirates,Fertilizers Manufacturing,Emissions (CO2eq) (AR5),kilotonnes,524.8189,685.5519,1407.905,1518.6768,1433.1392,1592.904,1431.7818,1378.059,1372.0432,1327.1379,1415.2861,1486.1316,1282.1775,2518.9307,3572.5991,3397.4503,3473.7394,3066.8962,3156.8612,3231.5897,2956.1701
United Arab Emirates,On-farm electricity use,Emissions (CH4),kilotonnes,1.2059,1.3943,1.5287,1.5587,1.6522,1.8905,2.0796,2.2984,2.6179,2.7506,2.9625,3.002,3.0967,3.3465,3.5504,3.8978,3.9979,4.0441,4.3105,4.4625,4.4625
United Arab Emirates,On-farm electricity use,Emissions (N2O),kilotonnes,0.0064,0.0074,0.0082,0.0083,0.0088,0.0101,0.0111,0.0122,0.0139,0.0146,0.0158,0.0159,0.0165,0.0179,0.0189,0.0208,0.0213,0.0215,0.0229,0.0238,0.0238
United Arab Emirates,On-farm electricity use,Emissions (CO2),kilotonnes,732.0756,867.3034,973.6667,1045.6189,1108.3677,1268.2058,1395.017,1541.8374,1756.1004,1845.1766,1987.3125,2013.8423,2077.3538,2244.913,2381.6582,2614.7534,2681.9137,2712.8926,2891.5865,2993.5721,2993.5721
United Arab Emirates,On-farm electricity use,Emissions (CO2eq) from CH4 (AR5),kilotonnes,33.7652,39.0404,42.8036,43.6436,46.2616,52.934,58.2288,64.3552,73.3012,77.0168,82.95,84.056,86.7076,93.702,99.4112,109.1384,111.9412,113.2348,120.694,124.95,124.95
United Arab Emirates,On-farm electricity use,Emissions (CO2eq) from N2O (AR5),kilotonnes,1.696,1.961,2.173,2.1995,2.332,2.6765,2.9415,3.233,3.6835,3.869,4.187,4.2135,4.3725,4.7435,5.0085,5.512,5.6445,5.6975,6.0685,6.307,6.307
United Arab Emirates,On-farm electricity use,Emissions (CO2eq) (AR5),kilotonnes,767.5368,908.3048,1018.6433,1091.462,1156.9613,1323.8163,1456.1873,1609.4256,1833.0851,1926.0624,2074.4495,2102.1118,2168.4339,2343.3585,2486.0779,2729.4038,2799.4994,2831.8249,3018.349,3124.8291,3124.8291
United Arab Emirates,Food Processing,Emissions (CH4),kilotonnes,101.2249,104.4729,99.2829,109.937,98.1503,104.4786,116.5472,65.9679,72.1248,87.7372,100.6049,104.1994,115.8942,118.438,117.3847,117.9327,105.3817,83.3507,84.0444,98.6994,100.6866
United Arab Emirates,Food Processing,Emissions (N2O),kilotonnes,0.0044,0.0052,0.0054,0.0061,0.0056,0.0057,0.0054,0.0091,0.0097,0.0106,0.0104,0.0101,0.0118,0.0144,0.016,0.0116,0.0126,0.0124,0.013,0.0128,0.0133
United Arab Emirates,Food Processing,Emissions (CO2),kilotonnes,1859.057,1732.6357,1416.9481,1882.4757,1853.2219,1942.823,1888.6232,3832.7655,4787.9714,5006.693,3883.2693,4289.5122,6017.4999,6796.0621,5982.1454,6396.9387,5909.4939,3841.3749,3977.6428,3915.3078,3581.6168
United Arab Emirates,Food Processing,Emissions (CO2eq) from CH4 (AR5),kilotonnes,2834.2972,2925.2412,2779.9212,3078.236,2748.2084,2925.4008,3263.3216,1847.1012,2019.4944,2456.6416,2816.9372,2917.5832,3245.0376,3316.264,3286.7716,3302.1156,2950.6876,2333.8196,2353.2432,2763.5832,2819.2258
United Arab Emirates,Food Processing,Emissions (CO2eq) from N2O (AR5),kilotonnes,1.166,1.378,1.431,1.6165,1.484,1.5105,1.431,2.4115,2.5705,2.809,2.756,2.6765,3.127,3.816,4.24,3.074,3.339,3.286,3.445,3.392,3.5186
United Arab Emirates,Food Processing,Emissions (CO2eq) (AR5),kilotonnes,4694.5202,4659.2549,4198.3003,4962.3282,4602.9143,4869.7343,5153.3758,5682.2782,6810.0363,7466.1436,6702.9625,7209.7719,9265.6645,10116.1421,9273.157,9702.1283,8863.5205,6178.4805,6334.331,6682.283,6404.3612
United Arab Emirates,Food Packaging,Emissions (CH4),kilotonnes,3.9157,2.9637,2.5611,2.7168,1.1528,1.088,0.9736,0.9498,0.6987,0.752,0.5903,0.5502,0.7421,0.4013,0.577,0.7067,0.7092,0.7138,0.7872,0.7979,0.814
United Arab Emirates,Food Packaging,Emissions (N2O),kilotonnes,0.0027,0.0026,0.003,0.0029,0.0027,0.0003,0.0003,0.0003,0.0003,0.0003,0.0003,0.0003,0.0004,0.0003,0.0004,0.0003,0.0004,0.0004,0.0005,0.0001,0.0001
United Arab Emirates,Food Packaging,Emissions (CO2),kilotonnes,1520.6449,1446.6198,1627.2362,1597.7203,1460.2505,91.6007,98.5212,106.2125,125.575,102.6979,103.6437,111.602,146.1466,142.8896,134.9611,174.931,174.1644,136.4714,157.5187,156.6288,143.2797
United Arab Emirates,Food Packaging,Emissions (CO2eq) from CH4 (AR5),kilotonnes,109.6396,82.9836,71.7108,76.0704,32.2784,30.464,27.2608,26.5944,19.5636,21.056,16.5284,15.4056,20.7788,11.2364,16.156,19.7876,19.8576,19.9864,22.0416,22.3415,22.7913
United Arab Emirates,Food Packaging,Emissions (CO2eq) from N2O (AR5),kilotonnes,0.7155,0.689,0.795,0.7685,0.7155,0.0795,0.0795,0.0795,0.0795,0.0795,0.0795,0.0795,0.106,0.0795,0.106,0.0795,0.106,0.106,0.1325,0.0265,0.0275
United Arab Emirates,Food Packaging,Emissions (CO2eq) (AR5),kilotonnes,1631,1530.2924,1699.742,1674.5592,1493.2444,122.1442,125.8615,132.8864,145.2181,123.8334,120.2516,127.0871,167.0314,154.2055,151.2231,194.7981,194.128,156.5638,179.6928,178.9967,166.0985
United Arab Emirates,Food Retail,Emissions (CH4),kilotonnes,1.2408,1.264,1.1944,1.264,1.2524,1.2988,1.3568,2.7899,3.3959,3.5656,3.7282,3.6915,4.3767,4.3456,4.6011,4.9048,5.2865,5.6979,5.2365,5.3764,5.4846
United Arab Emirates,Food Retail,Emissions (N2O),kilotonnes,0.0074,0.0085,0.0093,0.01,0.01,0.0105,0.0106,0.0149,0.0181,0.019,0.0199,0.0197,0.0233,0.0231,0.0245,0.0261,0.0282,0.0303,0.0279,0.0286,0.0297
United Arab Emirates,Food Retail,Emissions (CO2),kilotonnes,1198.9018,1085.551,896.9965,1133.5071,1188.0027,1209.8009,1275.1955,1871.5451,2278.0486,2391.9156,2501.0013,2476.3862,2936.0158,2915.1195,3086.5398,3290.2785,3546.3465,3822.3368,3512.7885,3624.9374,3315.9939
United Arab Emirates,Food Retail,Emissions (CO2eq) from CH4 (AR5),kilotonnes,34.7424,35.3918,33.4436,35.3918,35.0671,36.3659,37.9894,78.1172,95.0852,99.8368,104.3896,103.362,122.5476,121.6768,128.8308,137.3344,148.022,159.5412,146.622,150.5392,153.5702
United Arab Emirates,Food Retail,Emissions (CO2eq) from N2O (AR5),kilotonnes,1.969,2.2394,2.4522,2.6433,2.6614,2.784,2.8056,3.9485,4.7965,5.035,5.2735,5.2205,6.1745,6.1215,6.4925,6.9165,7.473,8.0295,7.3935,7.579,7.8618
United Arab Emirates,Food Retail,Emissions (CO2eq) (AR5),kilotonnes,1235.6131,1123.1823,932.8923,1171.5422,1225.7311,1248.9507,1315.9905,1953.6108,2377.9303,2496.7874,2610.6644,2584.9687,3064.7379,3042.9178,3221.8631,3434.5294,3701.8415,3989.9075,3666.804,3783.0556,3477.4259
United Arab Emirates,Food Household Consumption,Emissions (CH4),kilotonnes,2.0756,2.3119,2.4234,2.5314,2.508,2.7083,3.0722,3.5428,4.2953,4.5157,4.4435,3.6063,4.8155,4.7861,5.0486,5.4634,5.8883,6.3457,5.8321,5.8321,5.9495
United Arab Emirates,Food Household Consumption,Emissions (N2O),kilotonnes,0.0114,0.0127,0.0135,0.0141,0.0136,0.0147,0.0166,0.0191,0.0231,0.0244,0.024,0.0196,0.026,0.0259,0.0273,0.0295,0.0318,0.0342,0.0315,0.0315,0.0327
United Arab Emirates,Food Household Consumption,Emissions (CO2),kilotonnes,1434.5167,1654.6776,1804.8765,2003.5502,1724.2552,1858.9299,2103.0485,2423.1432,2942.4783,3161.1809,3120.1811,2556.1838,3371.7269,3360.805,3540.5804,3831.7055,4127.8746,4438.4107,4082.7263,4082.7263,3734.7667
United Arab Emirates,Food Household Consumption,Emissions (CO2eq) from CH4 (AR5),kilotonnes,58.1168,64.7332,67.8552,70.8792,70.224,75.8324,86.0216,99.1984,120.2684,126.4396,124.418,100.9764,134.834,134.0108,141.3608,152.9752,164.8724,177.6796,163.2988,163.2988,166.5867
United Arab Emirates,Food Household Consumption,Emissions (CO2eq) from N2O (AR5),kilotonnes,3.021,3.3655,3.5775,3.7365,3.604,3.8955,4.399,5.0615,6.1215,6.466,6.36,5.194,6.89,6.8635,7.2345,7.8175,8.427,9.063,8.3475,8.3475,8.659
United Arab Emirates,Food Household Consumption,Emissions (CO2eq) (AR5),kilotonnes,1495.6545,1722.7763,1876.3092,2078.1659,1798.0832,1938.6578,2193.4691,2527.4031,3068.8682,3294.0865,3250.9591,2662.3542,3513.4509,3501.6793,3689.1757,3992.4982,4301.174,4625.1533,4254.3726,4254.3726,3910.0123
United Arab Emirates,Food Transport,Emissions (CH4),kilotonnes,0.2827,0.2948,0.3245,0.3344,0.3102,0.297,0.2838,0.2596,0.2167,0.2255,0.1914,0.1925,0.2035,0.2431,0.2541,0.231,0.2574,0.3146,0.2871,0.2593,0.2645
United Arab Emirates,Food Transport,Emissions (N2O),kilotonnes,0.0385,0.0452,0.0521,0.0571,0.0565,0.0575,0.0564,0.0531,0.0545,0.0613,0.0575,0.058,0.0613,0.0734,0.0767,0.0699,0.0778,0.0952,0.0869,0.0846,0.0878
United Arab Emirates,Food Transport,Emissions (CO2),kilotonnes,1639,1793,2068,2299,2321,2444.645,2565.95,2643.095,2808.315,3094.235,3237.38,3237.525,3314.3,3743.555,3832.115,3294.05,3701.1,4361.4,3986.955,4107.9161,3757.8096
United Arab Emirates,Food Transport,Emissions (CO2eq) from CH4 (AR5),kilotonnes,7.9156,8.2544,9.086,9.3632,8.6856,8.316,7.9464,7.2688,6.0676,6.314,5.3592,5.39,5.698,6.8068,7.1148,6.468,7.2072,8.8088,8.0388,7.2604,7.4066
United Arab Emirates,Food Transport,Emissions (CO2eq) from N2O (AR5),kilotonnes,10.2025,11.978,13.8065,15.1315,14.9725,15.2375,14.946,14.0715,14.4425,16.2445,15.2375,15.37,16.2445,19.451,20.3255,18.5235,20.617,25.228,23.0285,22.419,23.2555
United Arab Emirates,Food Transport,Emissions (CO2eq) (AR5),kilotonnes,1657.1181,1813.2324,2090.8925,2323.4947,2344.6581,2468.1985,2588.8424,2664.4353,2828.8251,3116.7935,3257.9767,3258.285,3336.2425,3769.8128,3859.5553,3319.0415,3728.9242,4395.4368,4018.0223,4137.5955,3788.4717
United Arab Emirates,Energy,Emissions (CH4),kilotonnes,1070,1090,1030,1090,1080,1120,1170,1150,1140,1100,1150,1220,1270,1300,1310,1420,1450,1440,1470,1490,1520
United Arab Emirates,Energy,Emissions (N2O),kilotonnes,0.546,0.621,0.68,0.733,0.738,0.772,0.778,0.757,0.819,0.875,0.873,0.876,0.976,1.12,1.16,1.12,1.2,1.37,1.28,1.34,1.39
United Arab Emirates,Energy,Emissions (CO2),kilotonnes,110000,99600,82300,104000,109000,111000,117000,128000,146000,159000,150000,164000,212000,217000,209000,233000,222000,181000,177000,176000,161000
United Arab Emirates,Energy,Emissions (CO2eq) from CH4 (AR5),kilotonnes,29960,30520,28840,30520,30240,31360,32760,32200,31920,30800,32200,34160,35560,36400,36680,39760,40600,40320,41160,41720,42560
United Arab Emirates,Energy,Emissions (CO2eq) from N2O (AR5),kilotonnes,144.69,164.565,180.2,194.245,195.57,204.58,206.17,200.605,217.035,231.875,231.345,232.14,258.64,296.8,307.4,296.8,318,363.05,339.2,355.1,368.35
United Arab Emirates,Energy,Emissions (CO2eq) (AR5),kilotonnes,140104.69,130284.565,111320.2,134714.245,139435.57,142564.58,149966.17,160400.605,178137.035,190031.875,182431.345,198392.14,247818.64,253696.8,245987.4,273056.8,262918,221683.05,218499.2,218075.1,203928.35
United Arab Emirates,IPPU,Emissions (CH4),kilotonnes,0.212,0.248,0.283,0.319,0.355,0.39,0.426,0.462,0.498,0.534,0.569,0.605,0.641,0.677,0.677,0.677,0.677,0.677,0.677,0.769,0.794
United Arab Emirates,IPPU,Emissions (N2O),kilotonnes,0.474,0.5,0.527,0.562,0.614,0.688,0.788,0.908,1.04,1.15,1.24,1.3,1.34,1.35,1.36,1.38,1.39,1.41,1.43,1.63,1.69
United Arab Emirates,IPPU,Emissions (CO2),kilotonnes,5500,5750,6320,7060,7660,8310,9820,11400,13700,13200,13700,13800,13600,14700,17800,18000,16900,17300,16900,18200,18800
United Arab Emirates,IPPU,Emissions (CO2eq) from F-gases (AR5),kilotonnes,247.7974,240.0234,228.3623,241.9669,295.4134,309.9897,366.3515,378.0125,386.7583,412.9957,440.2048,428.5438,444.0918,460.6117,477.1315,492.6796,509.1994,525.7192,541.2673,557.7871,574.307
United Arab Emirates,IPPU,Emissions (CO2eq) from CH4 (AR5),kilotonnes,5.936,6.944,7.924,8.932,9.94,10.92,11.928,12.936,13.944,14.952,15.932,16.94,17.948,18.956,18.956,18.956,18.956,18.956,18.956,21.532,22.232
United Arab Emirates,IPPU,Emissions (CO2eq) from N2O (AR5),kilotonnes,125.61,132.5,139.655,148.93,162.71,182.32,208.82,240.62,275.6,304.75,328.6,344.5,355.1,357.75,360.4,365.7,368.35,373.65,378.95,431.95,447.85
United Arab Emirates,IPPU,Emissions (CO2eq) (AR5),kilotonnes,5879.3434,6129.4674,6695.9413,7459.8289,8128.0634,8813.2297,10407.0995,12031.5685,14376.3023,13932.6977,14484.7368,14589.9838,14417.1398,15537.3177,18656.4875,18877.3356,17796.5054,18218.3252,17839.1733,19211.2691,19844.389
United Arab Emirates,Waste,Emissions (CH4),kilotonnes,85.8,91.1,96.3,104,113,126,142,161,181,198,215,229,238,245,252,257,262,264,269,302,314
United Arab Emirates,Waste,Emissions (N2O),kilotonnes,0.217,0.228,0.241,0.264,0.291,0.312,0.344,0.395,0.457,0.508,0.531,0.547,0.56,0.58,0.601,0.622,0.639,0.645,0.655,0.728,0.755
United Arab Emirates,Waste,Emissions (CO2eq) from CH4 (AR5),kilotonnes,2402.4,2550.8,2696.4,2912,3164,3528,3976,4508,5068,5544,6020,6412,6664,6860,7056,7196,7336,7392,7532,8456,8792
United Arab Emirates,Waste,Emissions (CO2eq) from N2O (AR5),kilotonnes,57.505,60.42,63.865,69.96,77.115,82.68,91.16,104.675,121.105,134.62,140.715,144.955,148.4,153.7,159.265,164.83,169.335,170.925,173.575,192.92,200.075
United Arab Emirates,Waste,Emissions (CO2eq) (AR5),kilotonnes,2459.905,2611.22,2760.265,2981.96,3241.115,3610.68,4067.16,4612.675,5189.105,5678.62,6160.715,6556.955,6812.4,7013.7,7215.265,7360.83,7505.335,7562.925,7705.575,8648.92,8992.075
United Arab Emirates,Other,Emissions (N2O),kilotonnes,1.53,1.69,1.76,1.85,1.92,1.99,2,2.08,2.34,2.29,2.32,2.35,2.54,2.65,2.63,2.7,2.74,2.77,2.65,2.91,2.97
United Arab Emirates,Other,Emissions (CO2eq) from N2O (AR5),kilotonnes,405.45,447.85,466.4,490.25,508.8,527.35,530,551.2,620.1,606.85,614.8,622.75,673.1,702.25,696.95,715.5,726.1,734.05,702.25,771.15,787.05
United Arab Emirates,Other,Emissions (CO2eq) (AR5),kilotonnes,405.45,447.85,466.4,490.25,508.8,527.35,530,551.2,620.1,606.85,614.8,622.75,673.1,702.25,696.95,715.5,726.1,734.05,702.25,771.15,787.05
United Arab Emirates,Farm-gate emissions,Emissions (CH4),kilotonnes,24.393,25.8559,27.5836,29.1237,29.2928,33.5076,35.6501,37.3886,40.6967,46.4773,42.6474,41.2877,42.7334,47.2143,49.1473,49.8059,50.0371,50.9034,50.8702,51.7001,52.456
United Arab Emirates,Farm-gate emissions,Direct emissions (N2O),kilotonnes,1.1816,1.2116,1.3938,1.4598,1.4574,1.5149,1.5226,1.5749,1.6694,1.7095,1.6819,1.675,1.5897,1.686,1.7217,1.827,1.8512,1.8863,1.9002,1.895,1.8965
United Arab Emirates,Farm-gate emissions,Indirect emissions (N2O),kilotonnes,0.409,0.4213,0.482,0.5031,0.5048,0.5463,0.554,0.5756,0.6071,0.623,0.6036,0.6037,0.5781,0.6206,0.6407,0.6735,0.6816,0.6955,0.7023,0.6994,0.7017
United Arab Emirates,Farm-gate emissions,Emissions (N2O),kilotonnes,2.1246,2.1887,2.4985,2.6342,2.6435,2.7964,2.8399,2.9753,3.1864,3.2943,3.2891,3.3476,3.1106,3.3128,3.1939,3.3481,3.0332,3.0659,3.0159,2.9254,2.9288
United Arab Emirates,Farm-gate emissions,Emissions (CO2),kilotonnes,3561.5195,3510.526,4055.0061,4362.6061,4184.5202,4299.3279,4592.9588,5052.7447,5869.4993,6057.7921,6581.9189,6154.2744,6114.9755,5828.5147,4496.7945,4190.1721,2848.7058,2372.1689,2133.1351,1746.9763,1746.9763
United Arab Emirates,Farm-gate emissions,Emissions (CO2eq) from CH4 (AR5),kilotonnes,683.0043,723.9656,772.3396,815.4631,820.1971,938.2141,998.2035,1046.8811,1139.5088,1301.3633,1194.1264,1156.0556,1196.5349,1321.9994,1376.123,1394.5643,1401.0389,1425.2952,1424.3663,1447.6024,1468.7673
United Arab Emirates,Farm-gate emissions,Emissions (CO2eq) from N2O (AR5),kilotonnes,563.0205,579.9982,662.1091,698.0612,700.5274,741.0571,752.5779,788.4472,844.3969,872.9828,871.6099,887.104,824.296,877.8901,846.3761,887.257,803.7951,812.4652,799.2111,775.2331,776.1362
United Arab Emirates,Farm-gate emissions,Emissions (CO2eq) (AR5),kilotonnes,4807.5442,4814.4898,5489.4548,5876.1304,5705.2447,5978.5991,6343.7402,6888.0731,7853.405,8232.1381,8647.6552,8197.434,8135.8064,8028.4042,6719.2936,6471.9933,5053.5397,4609.9293,4356.7125,3969.8118,3991.8797
United Arab Emirates,Land Use change,Emissions (CH4),kilotonnes,0,0,0,0,0,0,0,0,0,0,0,0,0,0,0,0,0,0,0,0,0
United Arab Emirates,Land Use change,Emissions (N2O),kilotonnes,0,0,0,0,0,0,0,0,0,0,0,0,0,0,0,0,0,0,0,0,0
United Arab Emirates,Land Use change,Emissions (CO2),kilotonnes,0,0,0,0,0,0,0,0,0,0,0,0,0,0,0,0,0,0,0,0,0
United Arab Emirates,Land Use change,Emissions (CO2eq) from CH4 (AR5),kilotonnes,0,0,0,0,0,0,0,0,0,0,0,0,0,0,0,0,0,0,0,0,0
United Arab Emirates,Land Use change,Emissions (CO2eq) from N2O (AR5),kilotonnes,0,0,0,0,0,0,0,0,0,0,0,0,0,0,0,0,0,0,0,0,0
United Arab Emirates,Land Use change,Emissions (CO2eq) (AR5),kilotonnes,0,0,0,0,0,0,0,0,0,0,0,0,0,0,0,0,0,0,0,0,0
United Arab Emirates,Emissions on agricultural land,Emissions (CH4),kilotonnes,24.393,25.8559,27.5836,29.1237,29.2928,33.5076,35.6501,37.3886,40.6967,46.4773,42.6474,41.2877,42.7334,47.2143,49.1473,49.8059,50.0371,50.9034,50.8702,51.7001,52.456
United Arab Emirates,Emissions on agricultural land,Emissions (N2O),kilotonnes,2.1246,2.1887,2.4985,2.6342,2.6435,2.7964,2.8399,2.9753,3.1864,3.2943,3.2891,3.3476,3.1106,3.3128,3.1939,3.3481,3.0332,3.0659,3.0159,2.9254,2.9288
United Arab Emirates,Emissions on agricultural land,Emissions (CO2),kilotonnes,3561.5195,3510.526,4055.0061,4362.6061,4184.5202,4299.3279,4592.9588,5052.7447,5869.4993,6057.7921,6581.9189,6154.2744,6114.9755,5828.5147,4496.7945,4190.1721,2848.7058,2372.1689,2133.1351,1746.9763,1746.9763
United Arab Emirates,Emissions on agricultural land,Emissions (CO2eq) from CH4 (AR5),kilotonnes,683.0043,723.9656,772.3396,815.4631,820.1971,938.2141,998.2035,1046.8811,1139.5088,1301.3633,1194.1264,1156.0556,1196.5349,1321.9994,1376.123,1394.5643,1401.0389,1425.2952,1424.3663,1447.6024,1468.7673
United Arab Emirates,Emissions on agricultural land,Emissions (CO2eq) from N2O (AR5),kilotonnes,563.0205,579.9982,662.1091,698.0612,700.5274,741.0571,752.5779,788.4472,844.3969,872.9828,871.6099,887.104,824.296,877.8901,846.3761,887.257,803.7951,812.4652,799.2111,775.2331,776.1362
United Arab Emirates,Emissions on agricultural land,Emissions (CO2eq) (AR5),kilotonnes,4807.5442,4814.4898,5489.4548,5876.1304,5705.2447,5978.5991,6343.7402,6888.0731,7853.405,8232.1381,8647.6552,8197.434,8135.8064,8028.4042,6719.2936,6471.9933,5053.5397,4609.9293,4356.7125,3969.8118,3991.8797
United Arab Emirates,Pre- and post- production,Emissions (CH4),kilotonnes,166.4377,170.3343,166.0459,178.224,166.1504,174.3012,188.5368,141.8517,151.3359,169.2181,183.6036,187.4045,202.0692,205.0746,205.2928,207.4743,196.3599,175.8237,176.3872,191.8893,194.6116
United Arab Emirates,Pre- and post- production,Emissions (N2O),kilotonnes,0.1969,0.2123,0.2388,0.2575,0.2603,0.2691,0.2971,0.3409,0.3847,0.417,0.4206,0.4378,0.4643,0.4972,0.526,0.525,0.5403,0.5593,0.552,0.5552,0.5649
United Arab Emirates,Pre- and post- production,Emissions (CO2),kilotonnes,8951.5857,9307.8937,10238.2857,11523.4142,11131.3926,10452.4009,10801.9759,13840.7471,16114.9593,16973.0976,16292.3589,16215.7879,19189.9361,21767.0586,22575.4378,23044.7476,23659.2676,22424.5468,21810.9954,22157.5746,20527.8525
United Arab Emirates,Pre- and post- production,Emissions (CO2eq) from CH4 (AR5),kilotonnes,4660.2543,4769.3614,4649.2854,4990.2721,4652.2109,4880.4325,5279.0306,3971.8472,4237.4055,4738.1058,5140.9019,5247.327,5657.9369,5742.0902,5748.1975,5809.2807,5498.0782,4923.0624,4938.8423,5372.9004,5449.1261
United Arab Emirates,Pre- and post- production,Emissions (CO2eq) from N2O (AR5),kilotonnes,52.1776,56.2687,63.2877,68.2446,68.9884,71.3021,78.7239,90.3456,101.9565,110.5082,111.4687,116.0283,123.0439,131.7473,139.3792,139.1332,143.1802,148.2032,146.2743,147.1263,149.6949
United Arab Emirates,Pre- and post- production,Emissions (CO2eq) (AR5),kilotonnes,13664.0176,14133.5238,14950.8588,16581.931,15852.5919,15404.1355,16159.7303,17902.9398,20454.3213,21821.7117,21544.7295,21579.1433,24970.9169,27640.8961,28463.0145,28993.1616,29300.526,27495.8125,26896.112,27677.6013,26126.6735
United Arab Emirates,Agri-food systems,Emissions (CH4),kilotonnes,190.8307,196.1903,193.6295,207.3477,195.4431,207.8088,224.1869,179.2403,192.0327,215.6953,226.251,228.6922,244.8026,252.2889,254.44,257.2802,246.397,226.7271,227.2574,243.5894,247.0676
United Arab Emirates,Agri-food systems,Emissions (N2O),kilotonnes,2.3215,2.401,2.7373,2.8917,2.9038,3.0655,3.137,3.3162,3.5711,3.7113,3.7097,3.7854,3.5749,3.81,3.7198,3.8732,3.5735,3.6252,3.5679,3.4806,3.4937
United Arab Emirates,Agri-food systems,Emissions (CO2),kilotonnes,12513.1052,12818.4197,14293.2918,15886.0203,15315.9127,14751.7288,15394.9347,18893.4918,21984.4586,23030.8897,22874.2778,22370.0623,25304.9116,27595.5733,27072.2323,27234.9197,26507.9734,24796.7157,23944.1305,23904.5508,22274.8288
United Arab Emirates,Agri-food systems,Emissions (CO2eq) from CH4 (AR5),kilotonnes,5343.2586,5493.327,5421.625,5805.7352,5472.408,5818.6466,6277.234,5018.7283,5376.9143,6039.4691,6335.0284,6403.3826,6854.4718,7064.0896,7124.3205,7203.845,6899.117,6348.3576,6363.2085,6820.5028,6917.8933
United Arab Emirates,Agri-food systems,Emissions (CO2eq) from N2O (AR5),kilotonnes,615.1981,636.2669,725.3968,766.3058,769.5158,812.3592,831.3018,878.7928,946.3534,983.491,983.0785,1003.1323,947.3399,1009.6374,985.7553,1026.3902,946.9753,960.6685,945.4854,922.3593,925.8311
United Arab Emirates,Agri-food systems,Emissions (CO2eq) (AR5),kilotonnes,18471.5619,18948.0137,20440.3136,22458.0613,21557.8365,21382.7346,22503.4706,24791.0129,28307.7263,30053.8498,30192.3847,29776.5772,33106.7233,35669.3003,35182.3081,35465.1549,34354.0657,32105.7418,31252.8245,31647.413,30118.5533
United Arab Emirates,IPCC Agriculture,Emissions (CH4),kilotonnes,24.033,25.4413,26.8496,28.2547,28.3871,32.5264,34.1563,35.8931,37.8263,44.2742,38.4748,38.6874,39.1092,43.3753,46.7499,48.3252,48.9612,50.1757,50.4219,51.367,52.1229
United Arab Emirates,IPCC Agriculture,Emissions (CH4),kilotonnes,80,,,,,75,,,,,,,,,39.48,,,,,,
United Arab Emirates,IPCC Agriculture,Direct emissions (N2O),kilotonnes,1.1816,1.2116,1.3938,1.4598,1.4574,1.5149,1.5226,1.5749,1.6694,1.7095,1.6819,1.675,1.5897,1.686,1.7217,1.827,1.8512,1.8863,1.9002,1.895,1.8965
United Arab Emirates,IPCC Agriculture,Indirect emissions (N2O),kilotonnes,0.409,0.4213,0.482,0.5031,0.5048,0.5463,0.554,0.5756,0.6071,0.623,0.6036,0.6037,0.5781,0.6206,0.6407,0.6735,0.6816,0.6955,0.7023,0.6994,0.7017
United Arab Emirates,IPCC Agriculture,Emissions (N2O),kilotonnes,1.6038,1.6456,1.8893,1.979,1.9787,2.0765,2.0901,2.163,2.2923,2.3512,2.3057,2.2995,2.1886,2.3282,2.3842,2.5236,2.5572,2.6067,2.6274,2.6198,2.6232
United Arab Emirates,IPCC Agriculture,Emissions (N2O),kilotonnes,8.6,,,,,7.8,,,,,,,,,0.331,,,,,,
United Arab Emirates,IPCC Agriculture,Emissions (CO2eq) from CH4 (AR5),kilotonnes,672.9246,712.3561,751.7883,791.1303,794.8401,910.7403,956.3759,1005.0082,1059.1364,1239.6767,1077.2939,1083.2468,1095.0578,1214.5077,1308.9974,1353.1047,1370.9129,1404.921,1411.8125,1438.2758,1459.4406
United Arab Emirates,IPCC Agriculture,Emissions (CO2eq) from CH4 (AR5),kilotonnes,2240,,,,,2100,,,,,,,,,1105.44,,,,,,
United Arab Emirates,IPCC Agriculture,Emissions (CO2eq) from N2O (AR5),kilotonnes,425.0027,436.0962,500.6685,524.4439,524.3614,550.2795,553.8749,573.1992,607.4637,623.0725,611.0225,609.3678,579.9876,616.9628,631.8226,668.7582,677.6601,690.7822,696.2637,694.243,695.1462
United Arab Emirates,IPCC Agriculture,Emissions (CO2eq) from N2O (AR5),kilotonnes,2279,,,,,2067,,,,,,,,,87.715,,,,,,
United Arab Emirates,IPCC Agriculture,Emissions (CO2eq) (AR5),kilotonnes,1097.9274,1148.4523,1252.4568,1315.5742,1319.2016,1461.0198,1510.2508,1578.2073,1666.6,1862.7492,1688.3164,1692.6146,1675.0455,1831.4705,1940.82,2021.8628,2048.573,2095.7032,2108.0762,2132.5188,2154.5868
United Arab Emirates,IPCC Agriculture,Emissions (CO2eq) (AR5),kilotonnes,4519,,,,,4167,,,,,,,,,1193.155,,,,,,
United Arab Emirates,Agricultural Soils,Direct emissions (N2O),kilotonnes,1.1816,1.2116,1.3938,1.4598,1.4574,1.5149,1.5226,1.5749,1.6694,1.7095,1.6819,1.675,1.5897,1.686,1.7217,1.827,1.8512,1.8863,1.9002,1.895,1.8965
United Arab Emirates,Agricultural Soils,Indirect emissions (N2O),kilotonnes,0.409,0.4213,0.482,0.5031,0.5048,0.5463,0.554,0.5756,0.6071,0.623,0.6036,0.6037,0.5781,0.6206,0.6407,0.6735,0.6816,0.6955,0.7023,0.6994,0.7017
United Arab Emirates,Agricultural Soils,Emissions (N2O),kilotonnes,1.5906,1.6329,1.8758,1.963,1.9622,2.0612,2.0766,2.1506,2.2765,2.3325,2.2855,2.2788,2.1677,2.3066,2.3623,2.5006,2.5328,2.5818,2.6025,2.5944,2.5983
United Arab Emirates,Agricultural Soils,Emissions (N2O),kilotonnes,7.5,,,,,6.5,,,,,,,,,0.33,,,,,,
United Arab Emirates,Agricultural Soils,Emissions (CO2eq) from N2O (AR5),kilotonnes,421.5204,432.7059,497.0941,520.1886,519.9788,546.2241,550.3011,569.8995,603.2678,618.1223,605.6637,603.8695,574.4523,611.2505,626.0166,662.6521,671.1964,684.1811,689.6628,687.5273,688.5402
United Arab Emirates,Agricultural Soils,Emissions (CO2eq) from N2O (AR5),kilotonnes,1987.5,,,,,1722.5,,,,,,,,,87.45,,,,,,
United Arab Emirates,Agricultural Soils,Emissions (CO2eq) (AR5),kilotonnes,421.5204,432.7059,497.0941,520.1886,519.9788,546.2241,550.3011,569.8995,603.2678,618.1223,605.6637,603.8695,574.4523,611.2505,626.0166,662.6521,671.1964,684.1811,689.6628,687.5273,688.5402
United Arab Emirates,Agricultural Soils,Emissions (CO2eq) (AR5),kilotonnes,1987.5,,,,,1722.5,,,,,,,,,87.45,,,,,,
United Arab Emirates,LULUCF,Emissions (CH4),kilotonnes,0,0,0,0,0,0,0,0,0,0,0,0,0,0,0,0,0,0,0,0,0
United Arab Emirates,LULUCF,Emissions (N2O),kilotonnes,0,0,0,0,0,0,0,0,0,0,0,0,0,0,0,0,0,0,0,0,0
United Arab Emirates,LULUCF,Emissions (CO2),kilotonnes,0,0,0,0,0,0,0,0,0,0,0,0,0,0,0,0,0,0,0,0,0
United Arab Emirates,LULUCF,Emissions (CO2),kilotonnes,-9665,,,,,-13223,,,,,,,,,-8434.372,,,,,,
United Arab Emirates,LULUCF,Emissions (CO2eq) from CH4 (AR5),kilotonnes,0,0,0,0,0,0,0,0,0,0,0,0,0,0,0,0,0,0,0,0,0
United Arab Emirates,LULUCF,Emissions (CO2eq) from N2O (AR5),kilotonnes,0,0,0,0,0,0,0,0,0,0,0,0,0,0,0,0,0,0,0,0,0
United Arab Emirates,LULUCF,Emissions (CO2eq) (AR5),kilotonnes,0,0,0,0,0,0,0,0,0,0,0,0,0,0,0,0,0,0,0,0,0
United Arab Emirates,LULUCF,Emissions (CO2eq) (AR5),kilotonnes,-9665,,,,,-13223,,,,,,,,,-8434.372,,,,,,
United Arab Emirates,AFOLU,Emissions (CH4),kilotonnes,24.033,25.4413,26.8496,28.2547,28.3871,32.5264,34.1563,35.8931,37.8263,44.2742,38.4748,38.6874,39.1092,43.3753,46.7499,48.3252,48.9612,50.1757,50.4219,51.367,52.1229
United Arab Emirates,AFOLU,Emissions (N2O),kilotonnes,1.6038,1.6456,1.8893,1.979,1.9787,2.0765,2.0901,2.163,2.2923,2.3512,2.3057,2.2995,2.1886,2.3282,2.3842,2.5236,2.5572,2.6067,2.6274,2.6198,2.6232
United Arab Emirates,AFOLU,Emissions (CO2),kilotonnes,0,0,0,0,0,0,0,0,0,0,0,0,0,0,0,0,0,0,0,0,0
United Arab Emirates,AFOLU,Emissions (CO2eq) from CH4 (AR5),kilotonnes,672.9246,712.3561,751.7883,791.1303,794.8401,910.7403,956.3759,1005.0082,1059.1364,1239.6767,1077.2939,1083.2468,1095.0578,1214.5077,1308.9974,1353.1047,1370.9129,1404.921,1411.8125,1438.2758,1459.4406
United Arab Emirates,AFOLU,Emissions (CO2eq) from N2O (AR5),kilotonnes,425.0027,436.0962,500.6685,524.4439,524.3614,550.2795,553.8749,573.1992,607.4637,623.0725,611.0225,609.3678,579.9876,616.9628,631.8226,668.7582,677.6601,690.7822,696.2637,694.243,695.1462
United Arab Emirates,AFOLU,Emissions (CO2eq) (AR5),kilotonnes,1097.9274,1148.4523,1252.4568,1315.5742,1319.2016,1461.0198,1510.2508,1578.2073,1666.6,1862.7492,1688.3164,1692.6146,1675.0455,1831.4705,1940.82,2021.8628,2048.573,2095.7032,2108.0762,2132.5188,2154.5868
United Arab Emirates,All sectors with LULUCF,Emissions (CH4),kilotonnes,1180.045,1206.7893,1153.4326,1222.5737,1221.7421,1278.9164,1346.5823,1347.3551,1359.3243,1342.8082,1404.0438,1488.2924,1547.7502,1589.0523,1609.4269,1726.0022,1761.6382,1754.8527,1790.0989,1844.136,1886.9169
United Arab Emirates,All sectors with LULUCF,Emissions (N2O),kilotonnes,4.3708,4.6846,5.0973,5.388,5.5417,5.8385,6.0001,6.303,6.9483,7.1742,7.2697,7.3725,7.6046,8.0282,8.1352,8.3456,8.5262,8.8017,8.6424,9.2278,9.4282
United Arab Emirates,All sectors with LULUCF,Emissions (CO2),kilotonnes,115500,105350,88620,111060,116660,119310,126820,139400,159700,172200,163700,177800,225600,231700,226800,251000,238900,198300,193900,194200,179800
United Arab Emirates,All sectors with LULUCF,Emissions (CO2eq) from F-gases (AR5),kilotonnes,247.7974,240.0234,228.3623,241.9669,295.4134,309.9897,366.3515,378.0125,386.7583,412.9957,440.2048,428.5438,444.0918,460.6117,477.1315,492.6796,509.1994,525.7192,541.2673,557.7871,574.307
United Arab Emirates,All sectors with LULUCF,Emissions (CO2eq) from CH4 (AR5),kilotonnes,33041.2606,33790.1001,32296.1123,34232.0623,34208.7801,35809.6603,37704.3039,37725.9442,38061.0804,37598.6287,39313.2259,41672.1868,43337.0058,44493.4637,45063.9534,48328.0607,49325.8689,49135.877,50122.7685,51635.8078,52833.6726
United Arab Emirates,All sectors with LULUCF,Emissions (CO2eq) from N2O (AR5),kilotonnes,1158.2577,1241.4312,1350.7885,1427.8289,1468.5564,1547.2095,1590.0249,1670.2992,1841.3037,1901.1675,1926.4825,1953.7128,2015.2276,2127.4628,2155.8376,2211.5882,2259.4451,2332.4572,2290.2387,2445.363,2498.4712
United Arab Emirates,All sectors with LULUCF,Emissions (CO2eq) (AR5),kilotonnes,149947.3158,140621.5547,122495.2631,146961.8581,152632.7499,156976.8595,166480.6802,179174.2559,199989.1424,212112.7919,205379.9132,221854.4434,271396.3253,278781.5382,274496.9225,302032.3284,290994.5134,250294.0534,246854.2745,248838.958,235706.4508
United Arab Emirates,All sectors without LULUCF,Emissions (CH4),kilotonnes,1180.045,1206.7893,1153.4326,1222.5737,1221.7421,1278.9164,1346.5823,1347.3551,1359.3243,1342.8082,1404.0438,1488.2924,1547.7502,1589.0523,1609.4269,1726.0022,1761.6382,1754.8527,1790.0989,1844.136,1886.9169
United Arab Emirates,All sectors without LULUCF,Emissions (N2O),kilotonnes,4.3708,4.6846,5.0973,5.388,5.5417,5.8385,6.0001,6.303,6.9483,7.1742,7.2697,7.3725,7.6046,8.0282,8.1352,8.3456,8.5262,8.8017,8.6424,9.2278,9.4282
United Arab Emirates,All sectors without LULUCF,Emissions (CO2),kilotonnes,115500,105350,88620,111060,116660,119310,126820,139400,159700,172200,163700,177800,225600,231700,226800,251000,238900,198300,193900,194200,179800
United Arab Emirates,All sectors without LULUCF,Emissions (CO2eq) from F-gases (AR5),kilotonnes,247.7974,240.0234,228.3623,241.9669,295.4134,309.9897,366.3515,378.0125,386.7583,412.9957,440.2048,428.5438,444.0918,460.6117,477.1315,492.6796,509.1994,525.7192,541.2673,557.7871,574.307
United Arab Emirates,All sectors without LULUCF,Emissions (CO2eq) from CH4 (AR5),kilotonnes,33041.2606,33790.1001,32296.1123,34232.0623,34208.7801,35809.6603,37704.3039,37725.9442,38061.0804,37598.6287,39313.2259,41672.1868,43337.0058,44493.4637,45063.9534,48328.0607,49325.8689,49135.877,50122.7685,51635.8078,52833.6726
United Arab Emirates,All sectors without LULUCF,Emissions (CO2eq) from N2O (AR5),kilotonnes,1158.2577,1241.4312,1350.7885,1427.8289,1468.5564,1547.2095,1590.0249,1670.2992,1841.3037,1901.1675,1926.4825,1953.7128,2015.2276,2127.4628,2155.8376,2211.5882,2259.4451,2332.4572,2290.2387,2445.363,2498.4712
United Arab Emirates,All sectors without LULUCF,Emissions (CO2eq) (AR5),kilotonnes,149947.3158,140621.5547,122495.2631,146961.8581,152632.7499,156976.8595,166480.6802,179174.2559,199989.1424,212112.7919,205379.9132,221854.4434,271396.3253,278781.5382,274496.9225,302032.3284,290994.5134,250294.0534,246854.2745,248838.958,235706.4508
United Kingdom of Great Britain and Northern Ireland,Crop Residues,Direct emissions (N2O),kilotonnes,4.6485,3.7095,4.4623,4.1549,4.2754,4.0759,4.0363,3.7215,4.6808,4.1795,4.0668,4.1785,3.7952,3.8706,4.6961,4.7278,4.2321,4.4311,4.0622,4.8502,3.6443
United Kingdom of Great Britain and Northern Ireland,Crop Residues,Direct emissions (N2O),kilotonnes,5.6868,5.2665,5.7752,5.6582,5.5226,5.8169,5.5284,5.3111,5.9521,6.0229,5.6119,5.9739,5.6994,5.9089,6.4883,5.9794,5.5548,6.3907,5.925,6.2993,5.4662
United Kingdom of Great Britain and Northern Ireland,Crop Residues,Indirect emissions (N2O),kilotonnes,1.0459,0.8346,1.004,0.9349,0.962,0.9171,0.9082,0.8373,1.0532,0.9404,0.915,0.9402,0.8539,0.8709,1.0566,1.0638,0.9522,0.997,0.914,1.0913,0.82
United Kingdom of Great Britain and Northern Ireland,Crop Residues,Emissions (N2O),kilotonnes,5.6944,4.5442,5.4664,5.0898,5.2374,4.993,4.9445,4.5588,5.734,5.1199,4.9818,5.1186,4.6492,4.7415,5.7527,5.7916,5.1843,5.4281,4.9762,5.9415,4.4643
United Kingdom of Great Britain and Northern Ireland,Crop Residues,Emissions (N2O),kilotonnes,5.6868,5.2665,5.7752,5.6582,5.5226,5.8169,5.5284,5.3111,5.9521,6.0229,5.6119,5.9739,5.6994,5.9089,6.4883,5.9794,5.5548,6.3907,5.925,6.2993,5.4662
United Kingdom of Great Britain and Northern Ireland,Crop Residues,Emissions (CO2eq) from N2O (AR5),kilotonnes,1509.0171,1204.2022,1448.5861,1348.7861,1387.9058,1323.1534,1310.2799,1208.0889,1519.5111,1356.7678,1320.1759,1356.4414,1232.0296,1256.5089,1524.4761,1534.774,1373.8427,1438.4412,1318.6832,1574.4891,1183.0385
United Kingdom of Great Britain and Northern Ireland,Crop Residues,Emissions (CO2eq) from N2O (AR5),kilotonnes,1506.9987,1395.6145,1530.4344,1499.4347,1463.4826,1541.4844,1465.0354,1407.4513,1577.3124,1596.0566,1487.1607,1583.0817,1510.3318,1565.85,1719.4085,1584.5503,1472.0347,1693.5267,1570.1174,1669.3055,1448.5407
United Kingdom of Great Britain and Northern Ireland,Crop Residues,Emissions (CO2eq) (AR5),kilotonnes,1509.0171,1204.2022,1448.5861,1348.7861,1387.9058,1323.1534,1310.2799,1208.0889,1519.5111,1356.7678,1320.1759,1356.4414,1232.0296,1256.5089,1524.4761,1534.774,1373.8427,1438.4412,1318.6832,1574.4891,1183.0385
United Kingdom of Great Britain and Northern Ireland,Crop Residues,Emissions (CO2eq) (AR5),kilotonnes,1506.9987,1395.6145,1530.4344,1499.4347,1463.4826,1541.4844,1465.0354,1407.4513,1577.3124,1596.0566,1487.1607,1583.0817,1510.3318,1565.85,1719.4085,1584.5503,1472.0347,1693.5267,1570.1174,1669.3055,1448.5407
United Kingdom of Great Britain and Northern Ireland,Burning - Crop residues,Emissions (CH4),kilotonnes,2.2529,1.7658,2.1555,1.9826,2.1492,2.0164,1.983,1.9764,2.2466,1.9174,2.0937,2.1269,2.1514,1.7437,2.0906,1.9786,1.9688,1.9354,1.8878,1.9613,1.498
United Kingdom of Great Britain and Northern Ireland,Burning - Crop residues,Emissions (CH4),kilotonnes,,,,,,,,,,,,,,,,,,,,,
United Kingdom of Great Britain and Northern Ireland,Burning - Crop residues,Emissions (N2O),kilotonnes,0.0584,0.0458,0.0559,0.0514,0.0557,0.0523,0.0514,0.0512,0.0582,0.0497,0.0543,0.0551,0.0558,0.0452,0.0542,0.0513,0.051,0.0502,0.0489,0.0508,0.0388
United Kingdom of Great Britain and Northern Ireland,Burning - Crop residues,Emissions (N2O),kilotonnes,,,,,,,,,,,,,,,,,,,,,
United Kingdom of Great Britain and Northern Ireland,Burning - Crop residues,Emissions (CO2eq) from CH4 (AR5),kilotonnes,63.0803,49.4423,60.355,55.5134,60.1776,56.4581,55.5244,55.3392,62.9055,53.6862,58.6226,59.5541,60.2381,48.8228,58.5367,55.3997,55.1275,54.1901,52.8595,54.9158,41.9429
United Kingdom of Great Britain and Northern Ireland,Burning - Crop residues,Emissions (CO2eq) from CH4 (AR5),kilotonnes,,,,,,,,,,,,,,,,,,,,,
United Kingdom of Great Britain and Northern Ireland,Burning - Crop residues,Emissions (CO2eq) from N2O (AR5),kilotonnes,15.478,12.1317,14.8093,13.6214,14.7658,13.8531,13.624,13.5786,15.4352,13.173,14.3842,14.6128,14.7806,11.9797,14.3632,13.5934,13.5267,13.2966,12.9702,13.4747,10.2915
United Kingdom of Great Britain and Northern Ireland,Burning - Crop residues,Emissions (CO2eq) from N2O (AR5),kilotonnes,,,,,,,,,,,,,,,,,,,,,
United Kingdom of Great Britain and Northern Ireland,Burning - Crop residues,Emissions (CO2eq) (AR5),kilotonnes,78.5584,61.5739,75.1644,69.1348,74.9434,70.3112,69.1485,68.9178,78.3407,66.8592,73.0068,74.167,75.0187,60.8025,72.8999,68.9931,68.6542,67.4867,65.8297,68.3906,52.2344
United Kingdom of Great Britain and Northern Ireland,Burning - Crop residues,Emissions (CO2eq) (AR5),kilotonnes,,,,,,,,,,,,,,,,,,,,,
United Kingdom of Great Britain and Northern Ireland,Enteric Fermentation,Emissions (CH4),kilotonnes,1129.4418,1047.7166,1024.3732,1031.7521,1030.6389,1030.2032,1014.3805,990.774,970.148,949.041,950.231,942.2145,944.1315,946.5235,956.6355,961.0193,972.3578,978.1381,962.5043,951.4904,936.9481
United Kingdom of Great Britain and Northern Ireland,Enteric Fermentation,Emissions (CH4),kilotonnes,960.0559,909.0057,894.5325,904.1082,910.8552,913.2352,893.2113,886.1546,856.406,846.208,851.6256,846.4215,844.1842,837.9138,860.1436,864.4465,862.3315,865.8959,848.666,849.622,837.504
United Kingdom of Great Britain and Northern Ireland,Enteric Fermentation,Emissions (CO2eq) from CH4 (AR5),kilotonnes,31624.371,29336.0645,28682.4485,28889.0588,28857.8892,28845.6892,28402.654,27741.672,27164.144,26573.148,26606.468,26382.006,26435.682,26502.658,26785.794,26908.5403,27226.0173,27387.8664,26950.121,26641.7325,26234.546
United Kingdom of Great Britain and Northern Ireland,Enteric Fermentation,Emissions (CO2eq) from CH4 (AR5),kilotonnes,26881.5647,25452.1597,25046.911,25315.0304,25503.946,25570.5849,25009.9164,24812.3294,23979.367,23693.8237,23845.5163,23699.8008,23637.1582,23461.5877,24084.02,24204.5014,24145.2809,24245.086,23762.6476,23789.4149,23450.1108
United Kingdom of Great Britain and Northern Ireland,Enteric Fermentation,Emissions (CO2eq) (AR5),kilotonnes,31624.371,29336.0645,28682.4485,28889.0588,28857.8892,28845.6892,28402.654,27741.672,27164.144,26573.148,26606.468,26382.006,26435.682,26502.658,26785.794,26908.5403,27226.0173,27387.8664,26950.121,26641.7325,26234.546
United Kingdom of Great Britain and Northern Ireland,Enteric Fermentation,Emissions (CO2eq) (AR5),kilotonnes,26881.5647,25452.1597,25046.911,25315.0304,25503.946,25570.5849,25009.9164,24812.3294,23979.367,23693.8237,23845.5163,23699.8008,23637.1582,23461.5877,24084.02,24204.5014,24145.2809,24245.086,23762.6476,23789.4149,23450.1108
United Kingdom of Great Britain and Northern Ireland,Manure Management,Emissions (CH4),kilotonnes,163.6132,154.4717,150.2322,147.0233,146.9757,144.3503,142.9342,139.9278,136.6915,133.8407,134.1175,132.7253,132.2646,134.6998,135.3503,136.9377,138.7092,139.6506,139.7919,138.9766,137.8268
United Kingdom of Great Britain and Northern Ireland,Manure Management,Emissions (CH4),kilotonnes,162.1482,156.9762,155.1513,155.3135,157.4161,155.8408,154.4081,154.4562,150.628,149.884,152.0463,151.3325,150.4904,151.7128,155.6961,155.8167,154.2535,154.6835,152.699,153.5993,152.4804
United Kingdom of Great Britain and Northern Ireland,Manure Management,Emissions (N2O),kilotonnes,8.0982,7.6961,7.4836,7.456,7.4406,7.3878,7.2779,7.0876,6.9599,6.8445,6.8389,6.7556,6.7335,6.7723,6.8292,6.8936,6.9707,7.0155,6.9739,6.896,6.8105
United Kingdom of Great Britain and Northern Ireland,Manure Management,Emissions (N2O),kilotonnes,11.4868,11.1124,10.7738,10.7989,10.9842,10.9277,10.7245,10.5141,10.1586,10.0882,10.1355,9.9172,9.7911,9.756,9.8039,9.7816,9.7554,9.7056,9.5768,9.5623,9.4414
United Kingdom of Great Britain and Northern Ireland,Manure Management,Emissions (CO2eq) from CH4 (AR5),kilotonnes,4581.1683,4325.2071,4206.5024,4116.6526,4115.3198,4041.8073,4002.1588,3917.9795,3827.3616,3747.5408,3755.2899,3716.3084,3703.4091,3771.593,3789.8092,3834.2555,3883.8565,3910.2164,3914.173,3891.3457,3859.1501
United Kingdom of Great Britain and Northern Ireland,Manure Management,Emissions (CO2eq) from CH4 (AR5),kilotonnes,4540.1494,4395.3337,4344.2362,4348.778,4407.6512,4363.5434,4323.4277,4324.7734,4217.5841,4196.7516,4257.2969,4237.3086,4213.7314,4247.9582,4359.4898,4362.8684,4319.0968,4331.1389,4275.5713,4300.7802,4269.4499
United Kingdom of Great Britain and Northern Ireland,Manure Management,Emissions (CO2eq) from N2O (AR5),kilotonnes,2146.0305,2039.4627,1983.1441,1975.839,1971.7634,1957.7543,1928.6501,1878.2039,1844.3855,1813.7995,1812.3174,1790.2223,1784.3839,1794.6727,1809.7328,1826.808,1847.2305,1859.116,1848.0917,1827.4411,1804.7803
United Kingdom of Great Britain and Northern Ireland,Manure Management,Emissions (CO2eq) from N2O (AR5),kilotonnes,3043.997,2944.7802,2855.0569,2861.7186,2910.8248,2895.8383,2841.9976,2786.2325,2692.0364,2673.3711,2685.9072,2628.0672,2594.6534,2585.3501,2598.0341,2592.1195,2585.1714,2571.9789,2537.8652,2534.0111,2501.9778
United Kingdom of Great Britain and Northern Ireland,Manure Management,Emissions (CO2eq) (AR5),kilotonnes,6727.1987,6364.6698,6189.6466,6092.4916,6087.0832,5999.5616,5930.8089,5796.1834,5671.747,5561.3403,5567.6072,5506.5307,5487.793,5566.2657,5599.542,5661.0636,5731.087,5769.3324,5762.2647,5718.7868,5663.9304
United Kingdom of Great Britain and Northern Ireland,Manure Management,Emissions (CO2eq) (AR5),kilotonnes,7584.1464,7340.1139,7199.293,7210.4966,7318.476,7259.3817,7165.4253,7111.0059,6909.6205,6870.1226,6943.204,6865.3758,6808.3849,6833.3084,6957.5239,6954.9879,6904.2683,6903.1178,6813.4365,6834.7914,6771.4277
United Kingdom of Great Britain and Northern Ireland,Manure left on Pasture,Direct emissions (N2O),kilotonnes,14.9582,13.5385,13.2234,13.3173,13.3354,13.3142,13.1147,12.8052,12.5307,12.1348,12.1043,12.1187,12.2216,12.3283,12.5202,12.4894,12.6739,12.8495,12.5756,12.4547,12.2088
United Kingdom of Great Britain and Northern Ireland,Manure left on Pasture,Indirect emissions (N2O),kilotonnes,5.065,4.5219,4.4175,4.4402,4.4461,4.4181,4.3549,4.2546,4.1605,4.0027,3.9811,4.0077,4.0557,4.107,4.1872,4.1634,4.2295,4.3067,4.2025,4.1683,4.0777
United Kingdom of Great Britain and Northern Ireland,Manure left on Pasture,Emissions (N2O),kilotonnes,20.0232,18.0604,17.6409,17.7575,17.7815,17.7322,17.4696,17.0598,16.6913,16.1376,16.0853,16.1264,16.2774,16.4353,16.7074,16.6528,16.9034,17.1562,16.7781,16.623,16.2865
United Kingdom of Great Britain and Northern Ireland,Manure left on Pasture,Emissions (CO2eq) from N2O (AR5),kilotonnes,5306.1485,4786.0019,4674.834,4705.7335,4712.1051,4699.0405,4629.4443,4520.8392,4423.1874,4276.4535,4262.6167,4273.5019,4313.5066,4355.3517,4427.4593,4413.0047,4479.4038,4546.3843,4446.1927,4405.0943,4315.9275
United Kingdom of Great Britain and Northern Ireland,Manure left on Pasture,Emissions (CO2eq) (AR5),kilotonnes,5306.1485,4786.0019,4674.834,4705.7335,4712.1051,4699.0405,4629.4443,4520.8392,4423.1874,4276.4535,4262.6167,4273.5019,4313.5066,4355.3517,4427.4593,4413.0047,4479.4038,4546.3843,4446.1927,4405.0943,4315.9275
United Kingdom of Great Britain and Northern Ireland,Manure applied to Soils,Direct emissions (N2O),kilotonnes,9.1617,8.7299,8.4495,8.3855,8.3829,8.3217,8.194,7.9555,7.8274,7.6889,7.6628,7.5916,7.5679,7.6422,7.709,7.7721,7.8719,7.9588,7.9352,7.8489,7.7401
United Kingdom of Great Britain and Northern Ireland,Manure applied to Soils,Direct emissions (N2O),kilotonnes,4.4356,4.4154,4.2679,4.265,4.3594,4.2521,4.2225,4.1263,3.9967,3.949,4.0063,3.9475,3.8718,3.8675,3.9267,3.9003,3.8492,3.9185,3.927,3.926,3.8751
United Kingdom of Great Britain and Northern Ireland,Manure applied to Soils,Indirect emissions (N2O),kilotonnes,3.8937,3.7102,3.591,3.5638,3.5627,3.5367,3.4824,3.3811,3.3266,3.2678,3.2567,3.2264,3.2163,3.2479,3.2763,3.3031,3.3456,3.3825,3.3725,3.3358,3.2895
United Kingdom of Great Britain and Northern Ireland,Manure applied to Soils,Emissions (N2O),kilotonnes,13.0554,12.44,12.0406,11.9493,11.9457,11.8585,11.6764,11.3365,11.1541,10.9566,10.9195,10.818,10.7842,10.8902,10.9853,11.0752,11.2174,11.3413,11.3076,11.1847,11.0296
United Kingdom of Great Britain and Northern Ireland,Manure applied to Soils,Emissions (N2O),kilotonnes,4.4356,4.4154,4.2679,4.265,4.3594,4.2521,4.2225,4.1263,3.9967,3.949,4.0063,3.9475,3.8718,3.8675,3.9267,3.9003,3.8492,3.9185,3.927,3.926,3.8751
United Kingdom of Great Britain and Northern Ireland,Manure applied to Soils,Emissions (CO2eq) from N2O (AR5),kilotonnes,3459.6872,3296.6125,3190.7481,3166.5616,3165.6053,3142.4991,3094.2445,3004.1823,2955.8249,2903.511,2893.6547,2866.7617,2857.817,2885.891,2911.1097,2934.9357,2972.6212,3005.441,2996.527,2963.9432,2922.8374
United Kingdom of Great Britain and Northern Ireland,Manure applied to Soils,Emissions (CO2eq) from N2O (AR5),kilotonnes,1175.4406,1170.0925,1130.9939,1130.2361,1155.2402,1126.8034,1118.9663,1093.4727,1059.1222,1046.486,1061.6676,1046.1003,1026.0262,1024.8903,1040.5651,1033.5814,1020.0412,1038.4072,1040.6481,1040.3855,1026.9101
United Kingdom of Great Britain and Northern Ireland,Manure applied to Soils,Emissions (CO2eq) (AR5),kilotonnes,3459.6872,3296.6125,3190.7481,3166.5616,3165.6053,3142.4991,3094.2445,3004.1823,2955.8249,2903.511,2893.6547,2866.7617,2857.817,2885.891,2911.1097,2934.9357,2972.6212,3005.441,2996.527,2963.9432,2922.8374
United Kingdom of Great Britain and Northern Ireland,Manure applied to Soils,Emissions (CO2eq) (AR5),kilotonnes,1175.4406,1170.0925,1130.9939,1130.2361,1155.2402,1126.8034,1118.9663,1093.4727,1059.1222,1046.486,1061.6676,1046.1003,1026.0262,1024.8903,1040.5651,1033.5814,1020.0412,1038.4072,1040.6481,1040.3855,1026.9101
United Kingdom of Great Britain and Northern Ireland,Synthetic Fertilizers,Direct emissions (N2O),kilotonnes,17.5214,18.81,18.81,17.7729,17.6786,16.6729,15.7614,15.84,15.73,14.8971,15.9657,16.06,15.7143,15.6986,16.6571,16.4843,16.1229,16.3586,16.2329,16.3114,15.1957
United Kingdom of Great Britain and Northern Ireland,Synthetic Fertilizers,Direct emissions (N2O),kilotonnes,17.4418,16.397,15.9774,15.6866,14.7538,13.985,12.9995,12.552,11.4778,11.7921,12.5156,12.2956,12.1861,12.528,12.7918,12.1147,11.8853,11.9981,12.1933,11.7581,10.9086
United Kingdom of Great Britain and Northern Ireland,Synthetic Fertilizers,Indirect emissions (N2O),kilotonnes,5.6945,6.1132,6.1132,5.7762,5.7455,5.4187,5.1225,5.148,5.1122,4.8416,5.1889,5.2195,5.1071,5.102,5.4136,5.3574,5.2399,5.3165,5.2757,5.3012,4.9386
United Kingdom of Great Britain and Northern Ireland,Synthetic Fertilizers,Emissions (N2O),kilotonnes,23.2159,24.9232,24.9232,23.549,23.4241,22.0915,20.8839,20.988,20.8423,19.7387,21.1546,21.2795,20.8214,20.8006,22.0707,21.8417,21.3628,21.6751,21.5085,21.6126,20.1343
United Kingdom of Great Britain and Northern Ireland,Synthetic Fertilizers,Emissions (N2O),kilotonnes,17.4418,16.397,15.9774,15.6866,14.7538,13.985,12.9995,12.552,11.4778,11.7921,12.5156,12.2956,12.1861,12.528,12.7918,12.1147,11.8853,11.9981,12.1933,11.7581,10.9086
United Kingdom of Great Britain and Northern Ireland,Synthetic Fertilizers,Emissions (CO2eq) from N2O (AR5),kilotonnes,6152.2116,6604.6613,6604.6613,6240.4945,6207.3884,5854.257,5534.2316,5561.82,5523.1962,5230.7593,5605.9614,5639.0675,5517.6786,5512.1609,5848.7393,5788.0448,5661.1382,5743.9034,5699.762,5727.3504,5335.5952
United Kingdom of Great Britain and Northern Ireland,Synthetic Fertilizers,Emissions (CO2eq) from N2O (AR5),kilotonnes,4622.0697,4345.2141,4234.0225,4156.9452,3909.7683,3706.0162,3444.8679,3326.2771,3041.6257,3124.91,3316.6312,3258.3365,3229.318,3319.9136,3389.8184,3210.4086,3149.6051,3179.5024,3231.2349,3115.9052,2890.7767
United Kingdom of Great Britain and Northern Ireland,Synthetic Fertilizers,Emissions (CO2eq) (AR5),kilotonnes,6152.2116,6604.6613,6604.6613,6240.4945,6207.3884,5854.257,5534.2316,5561.82,5523.1962,5230.7593,5605.9614,5639.0675,5517.6786,5512.1609,5848.7393,5788.0448,5661.1382,5743.9034,5699.762,5727.3504,5335.5952
United Kingdom of Great Britain and Northern Ireland,Synthetic Fertilizers,Emissions (CO2eq) (AR5),kilotonnes,4622.0697,4345.2141,4234.0225,4156.9452,3909.7683,3706.0162,3444.8679,3326.2771,3041.6257,3124.91,3316.6312,3258.3365,3229.318,3319.9136,3389.8184,3210.4086,3149.6051,3179.5024,3231.2349,3115.9052,2890.7767
United Kingdom of Great Britain and Northern Ireland,Drained organic soils,Emissions (CO2eq) (AR5),kilotonnes,31589.6875,31565.0677,31520.5098,31475.1079,31426.4944,31417.4557,31417.0118,31399.0032,31390.0451,31385.0171,31392.9388,31406.6851,31411.3134,31427.7943,31405.0424,31405.0424,31415.3001,31417.4431,31392.8862,31397.197,31381.1064
United Kingdom of Great Britain and Northern Ireland,Drained organic soils,Emissions (CO2eq) (AR5),kilotonnes,1473.1498,1469.7719,1466.4727,1462.2542,1459.1266,1456.569,1453.5503,1451.0201,1448.5936,1446.3697,1443.9874,1441.5766,1439.4952,1437.5313,1435.5674,1433.5861,1431.6221,1429.6582,1427.6943,1425.6505,1423.6866
United Kingdom of Great Britain and Northern Ireland,Drained organic soils (CO2),Emissions (CO2),kilotonnes,26569.6365,26549.1745,26511.6851,26473.7289,26432.8466,26425.2425,26424.8722,26409.7813,26402.2901,26398.0759,26404.7373,26416.345,26420.235,26434.0907,26414.9595,26414.9595,26423.5259,26425.3307,26404.6942,26408.216,26394.6895
United Kingdom of Great Britain and Northern Ireland,Drained organic soils (CO2),Emissions (CO2eq) (AR5),kilotonnes,26569.6365,26549.1745,26511.6851,26473.7289,26432.8466,26425.2425,26424.8722,26409.7813,26402.2901,26398.0759,26404.7373,26416.345,26420.235,26434.0907,26414.9595,26414.9595,26423.5259,26425.3307,26404.6942,26408.216,26394.6895
United Kingdom of Great Britain and Northern Ireland,Drained organic soils (N2O),Emissions (N2O),kilotonnes,18.9436,18.9279,18.9012,18.8731,18.844,18.8385,18.8383,18.8273,18.8217,18.8186,18.8234,18.8315,18.8343,18.8442,18.8305,18.8305,18.8369,18.8382,18.8234,18.8263,18.8167
United Kingdom of Great Britain and Northern Ireland,Drained organic soils (N2O),Emissions (N2O),kilotonnes,5.5591,5.5463,5.5339,5.5179,5.5061,5.4965,5.4851,5.4755,5.4664,5.458,5.449,5.4399,5.4321,5.4246,5.4172,5.4098,5.4023,5.3949,5.3875,5.3798,5.3724
United Kingdom of Great Britain and Northern Ireland,Drained organic soils (N2O),Emissions (CO2eq) from N2O (AR5),kilotonnes,5020.051,5015.8932,5008.8246,5001.379,4993.6478,4992.2131,4992.1396,4989.2218,4987.755,4986.9413,4988.2015,4990.3401,4991.0784,4993.7036,4990.0829,4990.0829,4991.7742,4992.1124,4988.1919,4988.981,4986.4169
United Kingdom of Great Britain and Northern Ireland,Drained organic soils (N2O),Emissions (CO2eq) from N2O (AR5),kilotonnes,1473.1498,1469.7719,1466.4727,1462.2542,1459.1266,1456.569,1453.5503,1451.0201,1448.5936,1446.3697,1443.9874,1441.5766,1439.4952,1437.5313,1435.5674,1433.5861,1431.6221,1429.6582,1427.6943,1425.6505,1423.6866
United Kingdom of Great Britain and Northern Ireland,Drained organic soils (N2O),Emissions (CO2eq) (AR5),kilotonnes,5020.051,5015.8932,5008.8246,5001.379,4993.6478,4992.2131,4992.1396,4989.2218,4987.755,4986.9413,4988.2015,4990.3401,4991.0784,4993.7036,4990.0829,4990.0829,4991.7742,4992.1124,4988.1919,4988.981,4986.4169
United Kingdom of Great Britain and Northern Ireland,Drained organic soils (N2O),Emissions (CO2eq) (AR5),kilotonnes,1473.1498,1469.7719,1466.4727,1462.2542,1459.1266,1456.569,1453.5503,1451.0201,1448.5936,1446.3697,1443.9874,1441.5766,1439.4952,1437.5313,1435.5674,1433.5861,1431.6221,1429.6582,1427.6943,1425.6505,1423.6866
United Kingdom of Great Britain and Northern Ireland,On-farm energy use,Emissions (CH4),kilotonnes,0.6252,0.5546,0.5222,0.4513,0.4617,0.4602,0.3769,0.3477,0.3382,0.2822,0.2728,0.2754,0.296,0.3085,0.3096,0.3206,0.3422,0.3423,0.3328,0.3374,0.3374
United Kingdom of Great Britain and Northern Ireland,On-farm energy use,Emissions (N2O),kilotonnes,0.6983,0.5611,0.4949,0.2211,0.1583,0.2437,0.1854,0.1825,0.1785,0.1873,0.2956,0.2957,0.3514,0.3504,0.3297,0.4011,0.534,0.5548,0.5424,0.5849,0.5849
United Kingdom of Great Britain and Northern Ireland,On-farm energy use,Emissions (CO2),kilotonnes,2788.3793,2605.2125,2316.7129,1594.7731,1448.9534,1658.9098,1418.2737,1373.2621,1293.9194,1235.7323,1562.4628,1522.432,1655.4481,1632.7737,1536.0397,1722.2995,2072.0587,2118.0306,2080.6487,2189.5705,2189.5705
United Kingdom of Great Britain and Northern Ireland,On-farm energy use,Emissions (CO2eq) from CH4 (AR5),kilotonnes,17.5068,15.5274,14.622,12.6363,12.9269,12.8846,10.5536,9.7367,9.47,7.9012,7.637,7.7119,8.2867,8.6385,8.6684,8.9767,9.5823,9.5832,9.3176,9.4475,9.4475
United Kingdom of Great Britain and Northern Ireland,On-farm energy use,Emissions (CO2eq) from N2O (AR5),kilotonnes,185.0508,148.6868,131.1543,58.6005,41.9468,64.5842,49.127,48.3689,47.3141,49.6454,78.3286,78.3714,93.1144,92.8612,87.3603,106.282,141.5067,147.0352,143.7266,154.9998,154.9998
United Kingdom of Great Britain and Northern Ireland,On-farm energy use,Emissions (CO2eq) (AR5),kilotonnes,2990.9369,2769.4267,2462.4892,1666.0099,1503.8271,1736.3787,1477.9544,1431.3677,1350.7035,1293.2789,1648.4284,1608.5154,1756.8492,1734.2734,1632.0684,1837.5582,2223.1477,2274.649,2233.6929,2354.0178,2354.0178
United Kingdom of Great Britain and Northern Ireland,Forestland,Emissions (CO2),kilotonnes,-15141.1333,-13564.8333,-13564.8333,-13564.8333,-13564.8333,-13564.8333,-13564.8333,-13564.8333,-13564.8333,-13564.8333,-13564.8333,-11939.4,-11939.4,-11939.4,-11939.4,-11939.4,-13596,-13596,-13596,-13596,-13596
United Kingdom of Great Britain and Northern Ireland,Forestland,Emissions (CO2),kilotonnes,-16919.7912,-17422.6438,-17713.1171,-17882.0738,-18312.6805,-18637.1896,-18937.7845,-19012.1081,-19612.2423,-19714.6512,-19657.9785,-19491.5107,-18583.3518,-18818.9193,-18745.8868,-18189.0305,-18416.5878,-18438.4839,-18429.2498,-18244.0626,-18067.3081
United Kingdom of Great Britain and Northern Ireland,Forestland,Emissions (CO2eq) (AR5),kilotonnes,-15141.1333,-13564.8333,-13564.8333,-13564.8333,-13564.8333,-13564.8333,-13564.8333,-13564.8333,-13564.8333,-13564.8333,-13564.8333,-11939.4,-11939.4,-11939.4,-11939.4,-11939.4,-13596,-13596,-13596,-13596,-13596
United Kingdom of Great Britain and Northern Ireland,Forestland,Emissions (CO2eq) (AR5),kilotonnes,-16919.7912,-17422.6438,-17713.1171,-17882.0738,-18312.6805,-18637.1896,-18937.7845,-19012.1081,-19612.2423,-19714.6512,-19657.9785,-19491.5107,-18583.3518,-18818.9193,-18745.8868,-18189.0305,-18416.5878,-18438.4839,-18429.2498,-18244.0626,-18067.3081
United Kingdom of Great Britain and Northern Ireland,Net Forest conversion,Emissions (CO2),kilotonnes,0,0,0,0,0,0,0,0,0,0,0,0,0,0,0,0,0,0,0,0,0
United Kingdom of Great Britain and Northern Ireland,Net Forest conversion,Emissions (CO2),kilotonnes,837.4318,909.6204,891.0854,1031.6967,971.2485,1045.4229,875.7907,1238.8892,1105.9232,1128.1027,1271.4651,1155.9671,1149.2553,1121.7482,1089.1213,1445.0155,1363.1332,1266.3933,1584.7366,1829.3825,1507.8895
United Kingdom of Great Britain and Northern Ireland,Net Forest conversion,Emissions (CO2eq) (AR5),kilotonnes,0,0,0,0,0,0,0,0,0,0,0,0,0,0,0,0,0,0,0,0,0
United Kingdom of Great Britain and Northern Ireland,Net Forest conversion,Emissions (CO2eq) (AR5),kilotonnes,837.4318,909.6204,891.0854,1031.6967,971.2485,1045.4229,875.7907,1238.8892,1105.9232,1128.1027,1271.4651,1155.9671,1149.2553,1121.7482,1089.1213,1445.0155,1363.1332,1266.3933,1584.7366,1829.3825,1507.8895
United Kingdom of Great Britain and Northern Ireland,Savanna fires,Emissions (CH4),kilotonnes,0.0535,0.0199,0,0.205,0,0.0191,0.0164,0.1287,0,0.0194,0.0354,0.0517,0.0491,0,0,0.024,0.0057,0.0076,0.0556,0.1429,0.0323
United Kingdom of Great Britain and Northern Ireland,Savanna fires,Emissions (N2O),kilotonnes,0.0049,0.0018,0,0.0187,0,0.0017,0.0015,0.0117,0,0.0018,0.0032,0.0047,0.0045,0,0,0.0022,0.0005,0.0007,0.0051,0.0131,0.0029
United Kingdom of Great Britain and Northern Ireland,Savanna fires,Emissions (CO2eq) from CH4 (AR5),kilotonnes,1.4968,0.5583,0,5.7393,0,0.5356,0.4591,3.6033,0,0.5437,0.9901,1.448,1.3741,0,0,0.6722,0.1595,0.2119,1.5555,4.0022,0.9033
United Kingdom of Great Britain and Northern Ireland,Savanna fires,Emissions (CO2eq) from N2O (AR5),kilotonnes,1.2935,0.4825,0,4.9595,0,0.4628,0.3968,3.1137,0,0.4698,0.8555,1.2512,1.1874,0,0,0.5809,0.1379,0.1831,1.3442,3.4584,0.7805
United Kingdom of Great Britain and Northern Ireland,Savanna fires,Emissions (CO2eq) (AR5),kilotonnes,2.7902,1.0408,0,10.6987,0,0.9984,0.8559,6.717,0,1.0135,1.8456,2.6992,2.5616,0,0,1.2531,0.2974,0.3951,2.8997,7.4606,1.6838
United Kingdom of Great Britain and Northern Ireland,Fires in organic soils,Emissions (CH4),kilotonnes,0,0,0,0,0,0,0,0,0,0,0,0,0,0,0,0,0,0,0,0,0
United Kingdom of Great Britain and Northern Ireland,Fires in organic soils,Emissions (CO2),kilotonnes,0,0,0,0,0,0,0,0,0,0,0,0,0,0,0,0,0,0,0,0,0
United Kingdom of Great Britain and Northern Ireland,Fires in organic soils,Emissions (CO2eq) from CH4 (AR5),kilotonnes,0,0,0,0,0,0,0,0,0,0,0,0,0,0,0,0,0,0,0,0,0
United Kingdom of Great Britain and Northern Ireland,Fires in organic soils,Emissions (CO2eq) (AR5),kilotonnes,0,0,0,0,0,0,0,0,0,0,0,0,0,0,0,0,0,0,0,0,0
United Kingdom of Great Britain and Northern Ireland,Forest fires,Emissions (CH4),kilotonnes,0.0454,0.015,0,0.025,0,0,0.0075,0.0091,0,0.002,0.005,0.005,0.0075,0,0,0,0,0.005,0.0195,0.0275,0.01
United Kingdom of Great Britain and Northern Ireland,Forest fires,Emissions (N2O),kilotonnes,0.0025,0.0014,0,0.0023,0,0,0.0007,0.0008,0,0.0002,0.0005,0.0005,0.0007,0,0,0,0,0.0005,0.0018,0.0025,0.0009
United Kingdom of Great Britain and Northern Ireland,Forest fires,Emissions (CO2eq) from CH4 (AR5),kilotonnes,1.272,0.42,0,0.7001,0,0,0.2098,0.2539,0,0.057,0.14,0.14,0.21,0,0,0,0,0.14,0.5468,0.7703,0.2799
United Kingdom of Great Britain and Northern Ireland,Forest fires,Emissions (CO2eq) from N2O (AR5),kilotonnes,0.6659,0.3629,0,0.605,0,0,0.1813,0.2194,0,0.0492,0.121,0.121,0.1814,0,0,0,0,0.1209,0.4725,0.6657,0.2419
United Kingdom of Great Britain and Northern Ireland,Forest fires,Emissions (CO2eq) (AR5),kilotonnes,1.938,0.7829,0,1.3051,0,0,0.3911,0.4732,0,0.1062,0.261,0.261,0.3914,0,0,0,0,0.2609,1.0193,1.436,0.5218
United Kingdom of Great Britain and Northern Ireland,Fires in humid tropical forests,Emissions (CH4),kilotonnes,0,0,0,0,0,0,0,0,0,0,0,0,0,0,0,0,0,0,0,0,0
United Kingdom of Great Britain and Northern Ireland,Fires in humid tropical forests,Emissions (N2O),kilotonnes,0,0,0,0,0,0,0,0,0,0,0,0,0,0,0,0,0,0,0,0,0
United Kingdom of Great Britain and Northern Ireland,Fires in humid tropical forests,Emissions (CO2eq) from CH4 (AR5),kilotonnes,0,0,0,0,0,0,0,0,0,0,0,0,0,0,0,0,0,0,0,0,0
United Kingdom of Great Britain and Northern Ireland,Fires in humid tropical forests,Emissions (CO2eq) from N2O (AR5),kilotonnes,0,0,0,0,0,0,0,0,0,0,0,0,0,0,0,0,0,0,0,0,0
United Kingdom of Great Britain and Northern Ireland,Fires in humid tropical forests,Emissions (CO2eq) (AR5),kilotonnes,0,0,0,0,0,0,0,0,0,0,0,0,0,0,0,0,0,0,0,0,0
United Kingdom of Great Britain and Northern Ireland,Waste - agri-food systems,Emissions (CH4),kilotonnes,227.882,220.2688,237.0132,232.7458,229.6644,570.8791,605.03,208.5944,210.6306,221.8493,221.6073,222.421,213.2081,214.1097,209.1594,210.479,217.1538,223.1858,230.3566,236.96,243.3313
United Kingdom of Great Britain and Northern Ireland,Waste - agri-food systems,Emissions (N2O),kilotonnes,3.098,3.1503,3.2687,3.2902,3.2559,3.2575,3.3051,3.3293,3.3317,3.4946,3.5082,3.5469,3.4327,3.4474,3.3803,3.6336,3.9104,4.1275,4.3712,4.6096,4.8415
United Kingdom of Great Britain and Northern Ireland,Waste - agri-food systems,Emissions (CO2),kilotonnes,915.1758,914.8173,917.4786,922.1095,927.4181,929.0295,931.1594,935.5124,933.7117,927.4716,928.3356,930.6506,931.1845,932.1755,935.3127,933.9069,931.2286,930.9427,933.2875,933.0385,931.6328
United Kingdom of Great Britain and Northern Ireland,Waste - agri-food systems,Emissions (CO2eq) from CH4 (AR5),kilotonnes,6380.6966,6167.5266,6636.3696,6516.8828,6430.6022,15984.6153,16940.8404,5840.6435,5897.6559,6211.7807,6205.0044,6227.7889,5969.8274,5995.0717,5856.4646,5893.4115,6080.3052,6249.2015,6449.984,6634.8794,6813.2775
United Kingdom of Great Britain and Northern Ireland,Waste - agri-food systems,Emissions (CO2eq) from N2O (AR5),kilotonnes,820.9622,834.8245,866.1945,871.8954,862.8084,863.2253,875.8643,882.2545,882.8968,926.0596,929.6736,939.9249,909.6543,913.5727,895.7842,962.9096,1036.2574,1093.7775,1158.3798,1221.5336,1283.0045
United Kingdom of Great Britain and Northern Ireland,Waste - agri-food systems,Emissions (CO2eq) (AR5),kilotonnes,8116.8347,7917.1685,8420.0427,8310.8877,8220.8286,17776.8701,18747.8641,7658.4104,7714.2644,8065.312,8063.0136,8098.3644,7810.6662,7840.82,7687.5615,7790.228,8047.7912,8273.9217,8541.6513,8789.4515,9027.9148
United Kingdom of Great Britain and Northern Ireland,Fertilizers Manufacturing,Emissions (N2O),kilotonnes,0.5099,0.5305,0.5514,0.5824,0.5819,0.5924,0.6331,0.6267,0.6483,0.6949,0.6819,0.7205,0.7272,0.7238,0.7384,0.7186,0.7515,0.7786,0.7805,0.7796,0.7123
United Kingdom of Great Britain and Northern Ireland,Fertilizers Manufacturing,Emissions (CO2),kilotonnes,949.4107,969.1977,972.5557,1044.8949,1026.2206,995.4636,1065.4798,1039.7707,1060.8613,1122.1201,1087.2254,1134.9516,1132.0282,1114.0393,1124.2374,1082.6629,1120.8199,1149.8386,1141.8748,1130.0454,948.8428
United Kingdom of Great Britain and Northern Ireland,Fertilizers Manufacturing,Emissions (CO2eq) from N2O (AR5),kilotonnes,135.1235,140.5825,146.121,154.336,154.2035,156.986,167.7715,166.0755,171.7995,184.1485,180.7035,190.9325,192.708,191.807,195.676,190.429,199.1475,206.329,206.8325,206.594,188.7566
United Kingdom of Great Britain and Northern Ireland,Fertilizers Manufacturing,Emissions (CO2eq) (AR5),kilotonnes,1084.5342,1109.7802,1118.6767,1199.2309,1180.4241,1152.4496,1233.2513,1205.8462,1232.6608,1306.2686,1267.9289,1325.8841,1324.7362,1305.8463,1319.9134,1273.0919,1319.9674,1356.1676,1348.7073,1336.6394,1137.5994
United Kingdom of Great Britain and Northern Ireland,On-farm electricity use,Emissions (CH4),kilotonnes,5.2294,4.9198,4.9738,4.8058,4.8526,4.8022,4.8106,4.8658,4.8802,4.561,4.8334,4.7374,4.645,4.6498,4.6126,4.9402,5.1706,5.2173,5.1838,5.298,5.298
United Kingdom of Great Britain and Northern Ireland,On-farm electricity use,Emissions (N2O),kilotonnes,0.0279,0.0263,0.0266,0.0257,0.0259,0.0256,0.0257,0.026,0.0261,0.0244,0.0258,0.0253,0.0248,0.0249,0.0246,0.0264,0.0276,0.0279,0.0277,0.0283,0.0283
United Kingdom of Great Britain and Northern Ireland,On-farm electricity use,Emissions (CO2),kilotonnes,2055.8704,1983.2967,1943.0736,1961.6722,1990.6788,1966.1882,2064.7344,2052.8815,1992.27,1677.5029,1791.3385,1716.1076,1856.0605,1854.0783,1839.2456,1969.8685,2061.7351,2080.3954,2066.9982,2112.5488,2112.5488
United Kingdom of Great Britain and Northern Ireland,On-farm electricity use,Emissions (CO2eq) from CH4 (AR5),kilotonnes,146.4232,137.7544,139.2664,134.5624,135.8728,134.4616,134.6968,136.2424,136.6456,127.708,135.3352,132.6472,130.06,130.1944,129.1528,138.3256,144.7768,146.0844,145.1464,148.344,148.344
United Kingdom of Great Britain and Northern Ireland,On-farm electricity use,Emissions (CO2eq) from N2O (AR5),kilotonnes,7.3935,6.9695,7.049,6.8105,6.8635,6.784,6.8105,6.89,6.9165,6.466,6.837,6.7045,6.572,6.5985,6.519,6.996,7.314,7.3935,7.3405,7.4995,7.4995
United Kingdom of Great Britain and Northern Ireland,On-farm electricity use,Emissions (CO2eq) (AR5),kilotonnes,2209.6871,2128.0206,2089.389,2103.0451,2133.4151,2107.4338,2206.2417,2196.0139,2135.8321,1811.6769,1933.5107,1855.4593,1992.6925,1990.8712,1974.9174,2115.1901,2213.8259,2233.8733,2219.4851,2268.3923,2268.3923
United Kingdom of Great Britain and Northern Ireland,Food Processing,Emissions (CH4),kilotonnes,14.2034,14.0471,14.8027,13.9334,14.6368,14.8741,14.6759,14.6437,14.9072,13.0136,13.9474,13.713,13.4969,13.419,12.893,13.0501,13.2665,13.3932,14.3372,14.3372,13.2278
United Kingdom of Great Britain and Northern Ireland,Food Processing,Emissions (N2O),kilotonnes,0.0917,0.0952,0.0983,0.0932,0.0985,0.0973,0.0948,0.0951,0.0957,0.0843,0.0884,0.0869,0.0853,0.0859,0.0834,0.0838,0.0839,0.0855,0.0907,0.0907,0.0829
United Kingdom of Great Britain and Northern Ireland,Food Processing,Emissions (CO2),kilotonnes,11856.3129,12681.4238,12533.5796,12342.2742,12841.8974,12157.1178,11985.3553,11765.215,11385.1345,9452.4789,10020.6432,9794.1558,10157.7985,10223.5683,9921.207,9527.3232,9744.9805,9978.9737,10606.6953,10606.6953,8905.9133
United Kingdom of Great Britain and Northern Ireland,Food Processing,Emissions (CO2eq) from CH4 (AR5),kilotonnes,397.6952,393.3188,414.4756,390.1352,409.8304,416.4748,410.9252,410.0236,417.4016,364.3808,390.5272,383.964,377.9132,375.732,361.004,365.4028,371.462,375.0096,401.4416,401.4416,370.3777
United Kingdom of Great Britain and Northern Ireland,Food Processing,Emissions (CO2eq) from N2O (AR5),kilotonnes,24.3005,25.228,26.0495,24.698,26.1025,25.7845,25.122,25.2015,25.3605,22.3395,23.426,23.0285,22.6045,22.7635,22.101,22.207,22.2335,22.6575,24.0355,24.0355,21.9603
United Kingdom of Great Britain and Northern Ireland,Food Processing,Emissions (CO2eq) (AR5),kilotonnes,12278.3086,13099.9706,12974.1047,12757.1074,13277.8303,12599.3771,12421.4025,12200.4401,11827.8966,9839.1992,10434.5964,10201.1483,10558.3162,10622.0638,10304.312,9914.933,10138.676,10376.6408,11032.1724,11032.1724,9298.2512
United Kingdom of Great Britain and Northern Ireland,Food Packaging,Emissions (CH4),kilotonnes,5.3441,5.1824,5.3995,5.3825,5.2927,5.5701,5.7813,6.112,6.2855,5.6502,5.8125,5.6994,5.451,5.2029,5.0496,5.2194,5.2001,5.1041,5.0407,5.7199,5.2773
United Kingdom of Great Britain and Northern Ireland,Food Packaging,Emissions (N2O),kilotonnes,0.034,0.0336,0.0345,0.0341,0.0334,0.0356,0.037,0.039,0.0399,0.0359,0.0367,0.0359,0.0347,0.0335,0.0331,0.0341,0.0337,0.0327,0.032,0.0322,0.0294
United Kingdom of Great Britain and Northern Ireland,Food Packaging,Emissions (CO2),kilotonnes,3731.0674,3876.9246,3760.176,3809.3723,3649.4216,4030.1129,4245.7541,4320.1311,4271.1806,3562.5546,3609.4306,3415.1569,3492.9165,3416.5149,3353.4921,3371.7167,3374.5723,3310.36,3270.909,3152.1144,2646.6733
United Kingdom of Great Britain and Northern Ireland,Food Packaging,Emissions (CO2eq) from CH4 (AR5),kilotonnes,149.6348,145.1072,151.186,150.71,148.1956,155.9628,161.8764,171.136,175.994,158.2056,162.75,159.5832,152.628,145.6812,141.3888,146.1432,145.6028,142.9148,141.1396,160.1572,147.7641
United Kingdom of Great Britain and Northern Ireland,Food Packaging,Emissions (CO2eq) from N2O (AR5),kilotonnes,9.01,8.904,9.1425,9.0365,8.851,9.434,9.805,10.335,10.5735,9.5135,9.7255,9.5135,9.1955,8.8775,8.7715,9.0365,8.9305,8.6655,8.48,8.533,7.7963
United Kingdom of Great Britain and Northern Ireland,Food Packaging,Emissions (CO2eq) (AR5),kilotonnes,3889.7122,4030.9358,3920.5045,3969.1188,3806.4682,4195.5097,4417.4355,4501.6021,4457.7481,3730.2737,3781.9061,3584.2536,3654.74,3571.0736,3503.6524,3526.8964,3529.1056,3461.9403,3420.5286,3320.8046,2802.2337
United Kingdom of Great Britain and Northern Ireland,Food Retail,Emissions (CH4),kilotonnes,13.0376,13.3445,13.0018,12.6844,12.9262,13.4255,13.2496,13.272,13.5518,12.9906,13.2251,12.9918,13.148,13.2721,12.7599,12.7336,12.6874,12.578,12.5085,13.882,12.8078
United Kingdom of Great Britain and Northern Ireland,Food Retail,Emissions (N2O),kilotonnes,0.0776,0.0801,0.0774,0.0751,0.077,0.0798,0.078,0.0779,0.0794,0.0763,0.0776,0.0756,0.0765,0.0784,0.0752,0.0749,0.0775,0.0776,0.0765,0.0786,0.0718
United Kingdom of Great Britain and Northern Ireland,Food Retail,Emissions (CO2),kilotonnes,7441.7645,7835.6348,7237.1729,7314.168,7625.6273,7813.3189,7782.5721,7597.5464,7865.6676,6880.3873,7167.2622,6641.6087,7426.1069,7550.4673,7129.7026,7271.0035,7652.9938,7567.1763,7578.1106,7262.8846,6098.2821
United Kingdom of Great Britain and Northern Ireland,Food Retail,Emissions (CO2eq) from F-gases (AR5),kilotonnes,4881.7415,5797.1005,6657.912,7537.4255,8358.755,9494.9015,10393.6365,11291.852,11423.2855,11483.5475,11509.003,11518.354,11519.393,11518.354,11518.354,11518.354,12378.1265,12595.797,12813.4675,13031.138,12080.9509
United Kingdom of Great Britain and Northern Ireland,Food Retail,Emissions (CO2eq) from CH4 (AR5),kilotonnes,365.0528,373.646,364.0504,355.1632,361.9336,375.914,370.9888,371.616,379.4504,363.7368,370.3028,363.7704,368.144,371.6188,357.2772,356.5408,355.2472,352.184,350.238,388.696,358.6183
United Kingdom of Great Britain and Northern Ireland,Food Retail,Emissions (CO2eq) from N2O (AR5),kilotonnes,20.564,21.2265,20.511,19.9015,20.405,21.147,20.67,20.6435,21.041,20.2195,20.564,20.034,20.2725,20.776,19.928,19.8485,20.5375,20.564,20.2725,20.829,19.0306
United Kingdom of Great Britain and Northern Ireland,Food Retail,Emissions (CO2eq) (AR5),kilotonnes,12709.1228,14027.6078,14279.6463,15226.6582,16366.7209,17705.2814,18567.8674,19281.6579,19689.4445,18747.8911,19067.132,18543.7671,19333.9164,19461.2161,19025.2618,19165.7468,20406.905,20535.7213,20762.0886,20703.5476,18556.8819
United Kingdom of Great Britain and Northern Ireland,Food Household Consumption,Emissions (CH4),kilotonnes,9.0483,9.2772,8.7331,9.08,9.0865,8.8977,8.7794,8.727,8.5566,8.4678,8.5607,7.9984,8.2014,8.0984,7.6218,7.618,7.6405,7.4486,7.4291,7.4291,6.8542
United Kingdom of Great Britain and Northern Ireland,Food Household Consumption,Emissions (N2O),kilotonnes,0.0563,0.058,0.0547,0.0568,0.0571,0.0558,0.0552,0.0544,0.0537,0.053,0.0544,0.0496,0.0511,0.0508,0.0471,0.0473,0.0476,0.0463,0.0464,0.0464,0.0424
United Kingdom of Great Britain and Northern Ireland,Food Household Consumption,Emissions (CO2),kilotonnes,7704.665,8009.6286,7644.9108,8032.5022,8190.2578,7958.2429,7938.9096,7655.2975,7566.1667,7075.0436,7645.5688,6438.2049,7144.1964,7132.3875,6276.2155,6419.0845,6512.8003,6319.5599,6459.5796,6459.5796,5423.787
United Kingdom of Great Britain and Northern Ireland,Food Household Consumption,Emissions (CO2eq) from CH4 (AR5),kilotonnes,253.3524,259.7616,244.5268,254.24,254.422,249.1356,245.8232,244.356,239.5848,237.0984,239.6996,223.9552,229.6392,226.7552,213.4104,213.304,213.934,208.5608,208.0148,208.0148,191.9184
United Kingdom of Great Britain and Northern Ireland,Food Household Consumption,Emissions (CO2eq) from N2O (AR5),kilotonnes,14.9195,15.37,14.4955,15.052,15.1315,14.787,14.628,14.416,14.2305,14.045,14.416,13.144,13.5415,13.462,12.4815,12.5345,12.614,12.2695,12.296,12.296,11.2344
United Kingdom of Great Britain and Northern Ireland,Food Household Consumption,Emissions (CO2eq) (AR5),kilotonnes,7972.9369,8284.7602,7903.9331,8301.7942,8459.8113,8222.1655,8199.3608,7914.0695,7819.982,7326.187,7899.6844,6675.3041,7387.3771,7372.6047,6502.1074,6644.923,6739.3483,6540.3902,6679.8904,6679.8904,5626.9397
United Kingdom of Great Britain and Northern Ireland,Food Transport,Emissions (CH4),kilotonnes,1.6676,1.5164,1.4007,1.2571,1.1186,0.9675,0.9055,0.8327,0.7269,0.6348,0.5506,0.5041,0.4644,0.4301,0.4111,0.4049,0.3934,0.3797,0.3619,0,0
United Kingdom of Great Britain and Northern Ireland,Food Transport,Emissions (N2O),kilotonnes,0.5179,0.5052,0.4969,0.483,0.477,0.4621,0.4511,0.4496,0.4298,0.413,0.4029,0.3985,0.4011,0.3981,0.4051,0.4143,0.4218,0.4232,0.4134,0.4038,0.3689
United Kingdom of Great Britain and Northern Ireland,Food Transport,Emissions (CO2),kilotonnes,9431.1,9382.35,9459.85,9569.35,9656.35,9762.2,9837.75,9883.05,9377.05,9055.7,8959.55,8869.2,8866.9,8768.25,8842.65,9128.75,9283.35,9361.3,9116.5,9251.657,7768.1551
United Kingdom of Great Britain and Northern Ireland,Food Transport,Emissions (CO2eq) from CH4 (AR5),kilotonnes,46.6928,42.4592,39.2196,35.1988,31.3208,27.09,25.354,23.3156,20.3532,17.7744,15.4168,14.1148,13.0032,12.0428,11.5108,11.3372,11.0152,10.6316,10.1332,0,0
United Kingdom of Great Britain and Northern Ireland,Food Transport,Emissions (CO2eq) from N2O (AR5),kilotonnes,137.2435,133.878,131.6785,127.995,126.405,122.4565,119.5415,119.144,113.897,109.445,106.7685,105.6025,106.2915,105.4965,107.3515,109.7895,111.777,112.148,109.551,107.007,97.768
United Kingdom of Great Britain and Northern Ireland,Food Transport,Emissions (CO2eq) (AR5),kilotonnes,9615.0363,9558.6872,9630.7481,9732.5438,9814.0758,9911.7465,9982.6455,10025.5096,9511.3002,9182.9194,9081.7353,8988.9173,8986.1947,8885.7893,8961.5123,9249.8767,9406.1422,9484.0796,9236.1842,9358.664,7865.9231
United Kingdom of Great Britain and Northern Ireland,Energy,Emissions (CH4),kilotonnes,891,845,821,757,690,621,560,518,517,463,446,410,385,377,367,359,341,337,350,336,310
United Kingdom of Great Britain and Northern Ireland,Energy,Emissions (N2O),kilotonnes,9.81,9.83,9.57,9.24,8.98,8.98,8.99,8.78,8.47,7.9,7.96,7.87,8.44,8.44,8.38,8.1,7.77,7.77,7.88,7.76,7.09
United Kingdom of Great Britain and Northern Ireland,Energy,Emissions (CO2),kilotonnes,537000,541000,524000,535000,534000,538000,537000,524000,518000,469000,491000,445000,467000,456000,419000,404000,379000,365000,358000,343000,288000
United Kingdom of Great Britain and Northern Ireland,Energy,Emissions (CO2eq) from CH4 (AR5),kilotonnes,24948,23660,22988,21196,19320,17388,15680,14504,14476,12964,12488,11480,10780,10556,10276,10052,9548,9436,9800,9408,8680
United Kingdom of Great Britain and Northern Ireland,Energy,Emissions (CO2eq) from N2O (AR5),kilotonnes,2599.65,2604.95,2536.05,2448.6,2379.7,2379.7,2382.35,2326.7,2244.55,2093.5,2109.4,2085.55,2236.6,2236.6,2220.7,2146.5,2059.05,2059.05,2088.2,2056.4,1878.85
United Kingdom of Great Britain and Northern Ireland,Energy,Emissions (CO2eq) (AR5),kilotonnes,564547.65,567264.95,549524.05,558644.6,555699.7,557767.7,555062.35,540830.7,534720.55,484057.5,505597.4,458565.55,480016.6,468792.6,431496.7,416198.5,390607.05,376495.05,369888.2,354464.4,298558.85
United Kingdom of Great Britain and Northern Ireland,IPPU,Emissions (CH4),kilotonnes,3.3,3.42,3.32,3.57,3.53,3.33,3.74,3.84,3.2,2.8,2.57,2.48,2.42,2.63,2.7,2.68,2.52,2.55,1.99,2.63,2.49
United Kingdom of Great Britain and Northern Ireland,IPPU,Emissions (N2O),kilotonnes,15.4,13.1,12.5,12.9,13.1,9.73,8.65,9.35,8.14,6.46,7.55,7.05,7.26,6.82,7.16,7.28,7.1,7.2,7.18,9.39,10.9
United Kingdom of Great Britain and Northern Ireland,IPPU,Emissions (CO2),kilotonnes,20300,20200,20100,20800,21200,20700,20900,21000,19200,16800,16700,16900,16600,17300,18000,18300,18200,18300,18600,18300,16700
United Kingdom of Great Britain and Northern Ireland,IPPU,Emissions (CO2eq) from F-gases (AR5),kilotonnes,11175.1777,11272.3532,12438.4587,12924.336,12535.6341,13701.7396,14673.4942,16033.9506,16908.5297,17491.5825,18657.688,18852.0389,19337.9162,19629.4426,19629.4426,19629.4426,19823.7935,19823.7935,19726.618,18657.688,17297.2316
United Kingdom of Great Britain and Northern Ireland,IPPU,Emissions (CO2eq) from CH4 (AR5),kilotonnes,92.4,95.76,92.96,99.96,98.84,93.24,104.72,107.52,89.6,78.4,71.96,69.44,67.76,73.64,75.6,75.04,70.56,71.4,55.72,73.64,69.72
United Kingdom of Great Britain and Northern Ireland,IPPU,Emissions (CO2eq) from N2O (AR5),kilotonnes,4081,3471.5,3312.5,3418.5,3471.5,2578.45,2292.25,2477.75,2157.1,1711.9,2000.75,1868.25,1923.9,1807.3,1897.4,1929.2,1881.5,1908,1902.7,2488.35,2888.5
United Kingdom of Great Britain and Northern Ireland,IPPU,Emissions (CO2eq) (AR5),kilotonnes,35648.5777,35039.6132,35943.9187,37242.796,37305.9741,37073.4296,37970.4642,39619.2206,38355.2297,36081.8825,37430.398,37689.7289,37929.5762,38810.3826,39602.4426,39933.6826,39975.8535,40103.1935,40285.038,39519.678,36955.4516
United Kingdom of Great Britain and Northern Ireland,Waste,Emissions (CH4),kilotonnes,1730,1730,1630,1510,1400,1240,1090,963,820,750,594,534,489,433,389,387,380,397,397,393,364
United Kingdom of Great Britain and Northern Ireland,Waste,Emissions (N2O),kilotonnes,4.05,4.09,4.13,4.23,4.32,4.41,4.48,4.63,4.65,4.77,4.9,5.02,5.07,5.19,5.32,5.35,5.46,5.58,5.48,5.58,5.61
United Kingdom of Great Britain and Northern Ireland,Waste,Emissions (CO2),kilotonnes,175,176,181,160,132,108,84.7,88,88,89.3,80.6,75.4,74.5,69.9,70.4,64.3,65,64.5,64,64.5,66.1
United Kingdom of Great Britain and Northern Ireland,Waste,Emissions (CO2eq) from CH4 (AR5),kilotonnes,48440,48440,45640,42280,39200,34720,30520,26964,22960,21000,16632,14952,13692,12124,10892,10836,10640,11116,11116,11004,10192
United Kingdom of Great Britain and Northern Ireland,Waste,Emissions (CO2eq) from N2O (AR5),kilotonnes,1073.25,1083.85,1094.45,1120.95,1144.8,1168.65,1187.2,1226.95,1232.25,1264.05,1298.5,1330.3,1343.55,1375.35,1409.8,1417.75,1446.9,1478.7,1452.2,1478.7,1486.65
United Kingdom of Great Britain and Northern Ireland,Waste,Emissions (CO2eq) (AR5),kilotonnes,49688.25,49699.85,46915.45,43560.95,40476.8,35996.65,31791.9,28278.95,24280.25,22353.35,18011.1,16357.7,15110.05,13569.25,12372.2,12318.05,12151.9,12659.2,12632.2,12547.2,11744.75
United Kingdom of Great Britain and Northern Ireland,Other,Emissions (N2O),kilotonnes,8.47,8.24,7.76,7.62,7.22,6.91,6.72,6.36,5.92,5.41,5.28,4.86,4.79,4.66,4.53,4.51,4.43,4.25,4.02,3.51,3.29
United Kingdom of Great Britain and Northern Ireland,Other,Emissions (CO2eq) from N2O (AR5),kilotonnes,2244.55,2183.6,2056.4,2019.3,1913.3,1831.15,1780.8,1685.4,1568.8,1433.65,1399.2,1287.9,1269.35,1234.9,1200.45,1195.15,1173.95,1126.25,1065.3,930.15,871.85
United Kingdom of Great Britain and Northern Ireland,Other,Emissions (CO2eq) (AR5),kilotonnes,2244.55,2183.6,2056.4,2019.3,1913.3,1831.15,1780.8,1685.4,1568.8,1433.65,1399.2,1287.9,1269.35,1234.9,1200.45,1195.15,1173.95,1126.25,1065.3,930.15,871.85
United Kingdom of Great Britain and Northern Ireland,Farm-gate emissions,Emissions (CH4),kilotonnes,1295.9865,1204.5286,1177.2831,1181.4143,1180.2255,1177.0491,1159.6911,1133.1547,1109.4243,1085.1007,1086.7503,1077.3939,1078.8925,1083.2754,1094.386,1100.2802,1113.3837,1120.0739,1104.5724,1092.9087,1076.6425
United Kingdom of Great Britain and Northern Ireland,Farm-gate emissions,Direct emissions (N2O),kilotonnes,46.2898,44.7879,44.9453,43.6306,43.6723,42.3847,41.1064,40.3222,40.769,38.9004,39.7995,39.9488,39.299,39.5397,41.5824,41.4736,40.9008,41.5979,40.8058,41.4652,38.7889
United Kingdom of Great Britain and Northern Ireland,Farm-gate emissions,Indirect emissions (N2O),kilotonnes,15.6991,15.18,15.1258,14.715,14.7164,14.2906,13.8679,13.621,13.6526,13.0524,13.3416,13.3937,13.2332,13.3279,13.9338,13.8877,13.7672,14.0027,13.7646,13.8966,13.1258
United Kingdom of Great Britain and Northern Ireland,Farm-gate emissions,Emissions (N2O),kilotonnes,89.7923,87.2005,87.0066,84.9659,84.8873,83.1993,81.3288,80.1035,80.44,77.8548,79.1566,79.2852,78.5116,78.8797,81.5597,81.54,81.0611,82.0601,80.9641,81.733,78.1686
United Kingdom of Great Britain and Northern Ireland,Farm-gate emissions,Emissions (CO2),kilotonnes,29358.0157,29154.387,28828.3981,28068.502,27881.8,28084.1524,27843.1459,27783.0434,27696.2095,27633.8082,27967.2,27938.7771,28075.6831,28066.8645,27950.9992,28137.259,28495.5847,28543.3613,28485.343,28597.7866,28584.26
United Kingdom of Great Britain and Northern Ireland,Farm-gate emissions,Emissions (CO2eq) from CH4 (AR5),kilotonnes,36287.6231,33726.7997,32963.9279,33079.6004,33046.3135,32957.3748,32471.35,31728.3307,31063.881,30382.8199,30429.0075,30167.0284,30208.99,30331.7124,30642.8083,30807.8444,31174.7432,31362.068,30928.0267,30601.4437,30145.9896
United Kingdom of Great Britain and Northern Ireland,Farm-gate emissions,Emissions (CO2eq) from N2O (AR5),kilotonnes,23794.9681,23108.1348,23056.7619,22515.9751,22495.1285,22047.8177,21552.1379,21227.4174,21316.6095,20631.5206,20976.496,21010.5703,20805.5766,20903.1296,21613.3237,21608.1065,21481.1818,21745.9133,21455.4893,21659.232,20714.6678
United Kingdom of Great Britain and Northern Ireland,Farm-gate emissions,Emissions (CO2eq) (AR5),kilotonnes,89440.607,85989.3214,84849.0879,83664.0774,83423.2419,83089.3448,81866.6337,80738.7915,80076.7,78648.1486,79372.7036,79116.3759,79090.2497,79301.7064,80207.1311,80553.2099,81151.5097,81651.3425,80868.859,80858.4623,79444.9174
United Kingdom of Great Britain and Northern Ireland,Land Use change,Emissions (CH4),kilotonnes,0,0,0,0,0,0,0,0,0,0,0,0,0,0,0,0,0,0,0,0,0
United Kingdom of Great Britain and Northern Ireland,Land Use change,Emissions (N2O),kilotonnes,0,0,0,0,0,0,0,0,0,0,0,0,0,0,0,0,0,0,0,0,0
United Kingdom of Great Britain and Northern Ireland,Land Use change,Emissions (CO2),kilotonnes,0,0,0,0,0,0,0,0,0,0,0,0,0,0,0,0,0,0,0,0,0
United Kingdom of Great Britain and Northern Ireland,Land Use change,Emissions (CO2eq) from CH4 (AR5),kilotonnes,0,0,0,0,0,0,0,0,0,0,0,0,0,0,0,0,0,0,0,0,0
United Kingdom of Great Britain and Northern Ireland,Land Use change,Emissions (CO2eq) from N2O (AR5),kilotonnes,0,0,0,0,0,0,0,0,0,0,0,0,0,0,0,0,0,0,0,0,0
United Kingdom of Great Britain and Northern Ireland,Land Use change,Emissions (CO2eq) (AR5),kilotonnes,0,0,0,0,0,0,0,0,0,0,0,0,0,0,0,0,0,0,0,0,0
United Kingdom of Great Britain and Northern Ireland,Emissions on agricultural land,Emissions (CH4),kilotonnes,1295.9865,1204.5286,1177.2831,1181.4143,1180.2255,1177.0491,1159.6911,1133.1547,1109.4243,1085.1007,1086.7503,1077.3939,1078.8925,1083.2754,1094.386,1100.2802,1113.3837,1120.0739,1104.5724,1092.9087,1076.6425
United Kingdom of Great Britain and Northern Ireland,Emissions on agricultural land,Emissions (N2O),kilotonnes,89.7923,87.2005,87.0066,84.9659,84.8873,83.1993,81.3288,80.1035,80.44,77.8548,79.1566,79.2852,78.5116,78.8797,81.5597,81.54,81.0611,82.0601,80.9641,81.733,78.1686
United Kingdom of Great Britain and Northern Ireland,Emissions on agricultural land,Emissions (CO2),kilotonnes,29358.0157,29154.387,28828.3981,28068.502,27881.8,28084.1524,27843.1459,27783.0434,27696.2095,27633.8082,27967.2,27938.7771,28075.6831,28066.8645,27950.9992,28137.259,28495.5847,28543.3613,28485.343,28597.7866,28584.26
United Kingdom of Great Britain and Northern Ireland,Emissions on agricultural land,Emissions (CO2eq) from CH4 (AR5),kilotonnes,36287.6231,33726.7997,32963.9279,33079.6004,33046.3135,32957.3748,32471.35,31728.3307,31063.881,30382.8199,30429.0075,30167.0284,30208.99,30331.7124,30642.8083,30807.8444,31174.7432,31362.068,30928.0267,30601.4437,30145.9896
United Kingdom of Great Britain and Northern Ireland,Emissions on agricultural land,Emissions (CO2eq) from N2O (AR5),kilotonnes,23794.9681,23108.1348,23056.7619,22515.9751,22495.1285,22047.8177,21552.1379,21227.4174,21316.6095,20631.5206,20976.496,21010.5703,20805.5766,20903.1296,21613.3237,21608.1065,21481.1818,21745.9133,21455.4893,21659.232,20714.6678
United Kingdom of Great Britain and Northern Ireland,Emissions on agricultural land,Emissions (CO2eq) (AR5),kilotonnes,89440.607,85989.3214,84849.0879,83664.0774,83423.2419,83089.3448,81866.6337,80738.7915,80076.7,78648.1486,79372.7036,79116.3759,79090.2497,79301.7064,80207.1311,80553.2099,81151.5097,81651.3425,80868.859,80858.4623,79444.9174
United Kingdom of Great Britain and Northern Ireland,Pre- and post- production,Emissions (CH4),kilotonnes,276.4124,268.5562,285.3248,279.889,277.5778,619.4162,653.2323,257.0476,259.5388,267.1673,268.537,268.0651,258.6148,259.182,252.5074,254.4452,261.5123,267.3067,275.2178,283.6262,286.7964
United Kingdom of Great Britain and Northern Ireland,Pre- and post- production,Emissions (N2O),kilotonnes,4.4133,4.4792,4.6085,4.6405,4.6067,4.6061,4.68,4.698,4.7046,4.8764,4.8759,4.9392,4.8334,4.8428,4.7872,5.033,5.354,5.5993,5.8384,6.0692,6.1775
United Kingdom of Great Britain and Northern Ireland,Pre- and post- production,Emissions (CO2),kilotonnes,44085.3667,45653.2735,44468.7972,44996.3433,45907.8716,45611.6738,45851.7147,45249.4046,44452.0424,39753.259,41209.3543,38940.0361,41007.1915,40991.4811,39422.0629,39704.3162,40682.4805,40698.5466,41173.955,40908.5636,34835.8352
United Kingdom of Great Britain and Northern Ireland,Pre- and post- production,Emissions (CO2eq) from F-gases (AR5),kilotonnes,4881.7415,5797.1005,6657.912,7537.4255,8358.755,9494.9015,10393.6365,11291.852,11423.2855,11483.5475,11509.003,11518.354,11519.393,11518.354,11518.354,11518.354,12378.1265,12595.797,12813.4675,13031.138,12080.9509
United Kingdom of Great Britain and Northern Ireland,Pre- and post- production,Emissions (CO2eq) from CH4 (AR5),kilotonnes,7739.5478,7519.5738,7989.0944,7836.8924,7772.1774,17343.6541,18290.5048,7197.3331,7267.0855,7480.6847,7519.036,7505.8237,7241.215,7257.0961,7070.2086,7124.4651,7322.3432,7484.5867,7706.0976,7941.533,8030.3
United Kingdom of Great Britain and Northern Ireland,Pre- and post- production,Emissions (CO2eq) from N2O (AR5),kilotonnes,1169.5167,1186.983,1221.2415,1229.7249,1220.7704,1220.6043,1240.2128,1244.96,1246.7153,1292.2366,1292.1141,1308.8844,1280.8398,1283.3537,1268.6127,1333.7506,1418.8114,1483.8045,1547.1878,1608.3276,1637.0501
United Kingdom of Great Britain and Northern Ireland,Pre- and post- production,Emissions (CO2eq) (AR5),kilotonnes,57876.1728,60156.9309,60337.0451,61600.3861,63259.5743,73670.8337,75776.0688,64983.5497,64389.1287,60009.7279,61529.5074,59273.0982,61048.6393,61050.285,59279.2382,59680.8859,61801.7616,62262.7348,63240.7079,63489.5622,56584.1361
United Kingdom of Great Britain and Northern Ireland,Agri-food systems,Emissions (CH4),kilotonnes,1572.399,1473.0848,1462.6079,1461.3033,1457.8032,1796.4653,1812.9234,1390.2023,1368.9631,1352.268,1355.2873,1345.459,1337.5073,1342.4574,1346.8935,1354.7253,1374.8959,1387.3805,1379.7902,1376.5349,1363.4389
United Kingdom of Great Britain and Northern Ireland,Agri-food systems,Emissions (N2O),kilotonnes,94.2056,91.6797,91.6151,89.6064,89.494,87.8054,86.0089,84.8014,85.1446,82.7312,84.0325,84.2244,83.345,83.7226,86.3469,86.573,86.4151,87.6593,86.8026,87.8021,84.3461
United Kingdom of Great Britain and Northern Ireland,Agri-food systems,Emissions (CO2),kilotonnes,73443.3824,74807.6605,73297.1952,73064.8453,73789.6716,73695.8262,73694.8606,73032.448,72148.2519,67387.0672,69176.5544,66878.8132,69082.8746,69058.3456,67373.0621,67841.5753,69178.0652,69241.9079,69659.2979,69506.3502,63420.0952
United Kingdom of Great Britain and Northern Ireland,Agri-food systems,Emissions (CO2eq) from F-gases (AR5),kilotonnes,4881.7415,5797.1005,6657.912,7537.4255,8358.755,9494.9015,10393.6365,11291.852,11423.2855,11483.5475,11509.003,11518.354,11519.393,11518.354,11518.354,11518.354,12378.1265,12595.797,12813.4675,13031.138,12080.9509
United Kingdom of Great Britain and Northern Ireland,Agri-food systems,Emissions (CO2eq) from CH4 (AR5),kilotonnes,44027.171,41246.3735,40953.0224,40916.4927,40818.4908,50301.0288,50761.8548,38925.6637,38330.9665,37863.5046,37948.0435,37672.8521,37450.205,37588.8085,37713.0169,37932.3095,38497.0864,38846.6547,38634.1243,38542.9767,38176.2896
United Kingdom of Great Britain and Northern Ireland,Agri-food systems,Emissions (CO2eq) from N2O (AR5),kilotonnes,24964.4849,24295.1178,24278.0034,23745.7,23715.8988,23268.422,22792.3506,22472.3774,22563.3248,21923.7572,22268.6101,22319.4547,22086.4163,22186.4833,22881.9364,22941.8571,22899.9932,23229.7177,23002.6771,23267.5596,22351.7179
United Kingdom of Great Britain and Northern Ireland,Agri-food systems,Emissions (CO2eq) (AR5),kilotonnes,147316.7798,146146.2523,145186.133,145264.4636,146682.8162,156760.1785,157642.7025,145722.3412,144465.8287,138657.8764,140902.211,138389.4741,140138.889,140351.9914,139486.3694,140234.0959,142953.2713,143914.0773,144109.5669,144348.0245,136029.0536
United Kingdom of Great Britain and Northern Ireland,IPCC Agriculture,Emissions (CH4),kilotonnes,1295.3613,1203.974,1176.7609,1180.963,1179.7638,1176.5889,1159.3142,1132.8069,1109.0861,1084.8185,1086.4775,1077.1184,1078.5965,1082.9669,1094.0764,1099.9596,1113.0415,1119.7316,1104.2396,1092.5713,1076.3051
United Kingdom of Great Britain and Northern Ireland,IPCC Agriculture,Emissions (CH4),kilotonnes,1132.9013,1076.4271,1059.6796,1069.3288,1078.1619,1078.7859,1056.8746,1050.1584,1016.2434,1004.7881,1012.1968,1006.1814,1002.7906,997.9124,1024.2839,1028.4359,1024.882,1028.8717,1009.3187,1011.1958,997.713
United Kingdom of Great Britain and Northern Ireland,IPCC Agriculture,Direct emissions (N2O),kilotonnes,46.2898,44.7879,44.9453,43.6306,43.6723,42.3847,41.1064,40.3222,40.769,38.9004,39.7995,39.9488,39.299,39.5397,41.5824,41.4736,40.9008,41.5979,40.8058,41.4652,38.7889
United Kingdom of Great Britain and Northern Ireland,IPCC Agriculture,Indirect emissions (N2O),kilotonnes,15.6991,15.18,15.1258,14.715,14.7164,14.2906,13.8679,13.621,13.6526,13.0524,13.3416,13.3937,13.2332,13.3279,13.9338,13.8877,13.7672,14.0027,13.7646,13.8966,13.1258
United Kingdom of Great Britain and Northern Ireland,IPCC Agriculture,Emissions (N2O),kilotonnes,89.094,86.6394,86.5117,84.7448,84.729,82.9556,81.1434,79.9209,80.2615,77.6675,78.861,78.9894,78.1602,78.5293,81.2301,81.139,80.5271,81.5052,80.4217,81.148,77.5837
United Kingdom of Great Britain and Northern Ireland,IPCC Agriculture,Emissions (N2O),kilotonnes,58.3188,56.0227,55.8458,55.3982,54.6806,53.9957,52.1519,51.1067,50.0249,50.2873,50.8122,50.8251,50.201,50.7043,52.487,51.3444,50.7134,52.097,51.6173,51.5184,48.9106
United Kingdom of Great Britain and Northern Ireland,IPCC Agriculture,Emissions (CO2),kilotonnes,768.6132,576.0439,752.4302,1490.6793,1630.4634,1602.9996,1586.9828,1559.9415,1583.9669,1481.9065,1429.0206,1542.4677,1359.9085,1150.3244,1483.1193,1249.7415,1282.4962,1278.4675,1382.6761,1630.7829,1184.5602
United Kingdom of Great Britain and Northern Ireland,IPCC Agriculture,Emissions (CO2eq) from CH4 (AR5),kilotonnes,36270.1163,33711.2723,32949.306,33066.9641,33033.3866,32944.4901,32460.7964,31718.594,31054.4111,30374.9186,30421.3705,30159.3165,30200.7033,30323.0738,30634.1399,30798.8677,31165.1609,31352.4848,30918.7091,30591.9962,30136.5422
United Kingdom of Great Britain and Northern Ireland,IPCC Agriculture,Emissions (CO2eq) from CH4 (AR5),kilotonnes,31721.2362,30139.9602,29671.0302,29941.2074,30188.5341,30206.0062,29592.4886,29404.4349,28454.8156,28134.0656,28341.5102,28173.08,28078.138,27941.5477,28679.9481,28796.2053,28696.6953,28808.4088,28260.9245,28313.4837,27935.9648
United Kingdom of Great Britain and Northern Ireland,IPCC Agriculture,Emissions (CO2eq) from N2O (AR5),kilotonnes,23609.9173,22959.448,22925.6076,22457.3746,22453.1816,21983.2335,21503.0108,21179.0485,21269.2953,20581.8752,20898.1675,20932.1989,20712.4621,20810.2684,21525.9633,21501.8245,21339.6751,21598.878,21311.7627,21504.2322,20559.6679
United Kingdom of Great Britain and Northern Ireland,IPCC Agriculture,Emissions (CO2eq) from N2O (AR5),kilotonnes,15454.4692,14846.0212,14799.1259,14680.5113,14490.3534,14308.8728,13820.2517,13543.2791,13256.6067,13326.1341,13465.2294,13468.6562,13303.2687,13436.6372,13909.0541,13606.2627,13439.0602,13805.7002,13678.5766,13652.365,12961.3089
United Kingdom of Great Britain and Northern Ireland,IPCC Agriculture,Emissions (CO2eq) (AR5),kilotonnes,59880.0337,56670.7203,55874.9136,55524.3387,55486.5682,54927.7236,53963.8072,52897.6425,52323.7064,50956.7938,51319.5379,51091.5154,50913.1654,51133.3422,52160.1033,52300.6922,52504.836,52951.3628,52230.4718,52096.2284,50696.2101
United Kingdom of Great Britain and Northern Ireland,IPCC Agriculture,Emissions (CO2eq) (AR5),kilotonnes,47944.3186,45562.0254,45222.5863,46112.398,46309.3509,46117.8786,44999.7231,44507.6555,43295.3892,42942.1062,43235.7602,43184.204,42741.3153,42528.5093,44072.1216,43652.2095,43418.2517,43892.5765,43322.1772,43596.6316,42081.8338
United Kingdom of Great Britain and Northern Ireland,Agricultural Soils,Direct emissions (N2O),kilotonnes,46.2898,44.7879,44.9453,43.6306,43.6723,42.3847,41.1064,40.3222,40.769,38.9004,39.7995,39.9488,39.299,39.5397,41.5824,41.4736,40.9008,41.5979,40.8058,41.4652,38.7889
United Kingdom of Great Britain and Northern Ireland,Agricultural Soils,Direct emissions (N2O),kilotonnes,37.3959,35.885,35.8455,35.5525,34.6462,34.1698,32.8535,32.1071,31.4504,31.7402,32.1297,32.2574,31.8491,32.4737,33.6717,32.6512,32.1105,33.2904,33.011,32.9762,31.2074
United Kingdom of Great Britain and Northern Ireland,Agricultural Soils,Indirect emissions (N2O),kilotonnes,15.6991,15.18,15.1258,14.715,14.7164,14.2906,13.8679,13.621,13.6526,13.0524,13.3416,13.3937,13.2332,13.3279,13.9338,13.8877,13.7672,14.0027,13.7646,13.8966,13.1258
United Kingdom of Great Britain and Northern Ireland,Agricultural Soils,Indirect emissions (N2O),kilotonnes,8.8824,8.4948,8.7155,8.5517,8.5607,8.4168,8.1209,8.0323,7.9834,8.0354,8.132,8.2358,8.1531,8.063,8.5979,8.5097,8.4461,8.6963,8.6397,8.5847,7.8813
United Kingdom of Great Britain and Northern Ireland,Agricultural Soils,Emissions (N2O),kilotonnes,80.9325,78.8957,78.9723,77.2187,77.2327,75.5138,73.8126,72.7704,73.2433,70.7714,71.9646,72.174,71.3665,71.7118,74.3467,74.1919,73.5048,74.4388,73.3938,74.1881,70.7314
United Kingdom of Great Britain and Northern Ireland,Agricultural Soils,Emissions (N2O),kilotonnes,46.2784,44.3798,44.561,44.1042,43.2068,42.5866,40.9744,40.1394,39.4338,39.7756,40.2617,40.4931,40.0022,40.5368,42.2696,41.1609,40.5566,41.9867,41.6507,41.5609,39.0886
United Kingdom of Great Britain and Northern Ireland,Agricultural Soils,Emissions (CO2eq) from N2O (AR5),kilotonnes,21447.1153,20907.3711,20927.6541,20462.9548,20466.6524,20011.1632,19560.3399,19284.1523,19409.4747,18754.4328,19070.6103,19126.1126,18912.1102,19003.6161,19701.8674,19660.8421,19478.7801,19726.2822,19449.3567,19659.858,18743.8155
United Kingdom of Great Britain and Northern Ireland,Agricultural Soils,Emissions (CO2eq) from N2O (AR5),kilotonnes,12263.7652,11760.6515,11808.6689,11687.6132,11449.8084,11285.4417,10858.2117,10636.9528,10449.9567,10540.5357,10669.3495,10730.6797,10600.5736,10742.2428,11201.4327,10907.6385,10747.4966,11126.4671,11037.4454,11013.6295,10358.4905
United Kingdom of Great Britain and Northern Ireland,Agricultural Soils,Emissions (CO2eq) (AR5),kilotonnes,21447.1153,20907.3711,20927.6541,20462.9548,20466.6524,20011.1632,19560.3399,19284.1523,19409.4747,18754.4328,19070.6103,19126.1126,18912.1102,19003.6161,19701.8674,19660.8421,19478.7801,19726.2822,19449.3567,19659.858,18743.8155
United Kingdom of Great Britain and Northern Ireland,Agricultural Soils,Emissions (CO2eq) (AR5),kilotonnes,12263.7652,11760.6515,11808.6689,11687.6132,11449.8084,11285.4417,10858.2117,10636.9528,10449.9567,10540.5357,10669.3495,10730.6797,10600.5736,10742.2428,11201.4327,10907.6385,10747.4966,11126.4671,11037.4454,11013.6295,10358.4905
United Kingdom of Great Britain and Northern Ireland,LULUCF,Emissions (CH4),kilotonnes,0.0454,0.015,0,0.025,0,0,0.0075,0.0091,0,0.002,0.005,0.005,0.0075,0,0,0,0,0.005,0.0195,0.0275,0.01
United Kingdom of Great Britain and Northern Ireland,LULUCF,Emissions (CH4),kilotonnes,189.3317,189.508,189.6891,190.9166,190.0033,190.4456,190.3449,190.9726,190.7486,190.7514,191.5946,192.1638,191.8228,192.267,191.6225,192.7786,192.9435,192.7342,194.5998,195.9284,
United Kingdom of Great Britain and Northern Ireland,LULUCF,Emissions (N2O),kilotonnes,0.0025,0.0014,0,0.0023,0,0,0.0007,0.0008,0,0.0002,0.0005,0.0005,0.0007,0,0,0,0,0.0005,0.0018,0.0025,0.0009
United Kingdom of Great Britain and Northern Ireland,LULUCF,Emissions (N2O),kilotonnes,9.1658,8.9329,8.7224,8.6109,8.3283,8.1576,7.9736,7.8334,7.6217,7.444,7.4056,7.3955,7.2785,7.2432,7.1432,7.104,7.0401,6.9673,6.9879,6.9857,
United Kingdom of Great Britain and Northern Ireland,LULUCF,Emissions (CO2),kilotonnes,11428.5031,12984.3412,12946.8518,12908.8955,12868.0133,12860.4092,12860.0389,12844.948,12837.4568,12833.2425,12839.9039,14476.945,14480.835,14494.6907,14475.5595,14475.5595,12827.5259,12829.3307,12808.6942,12812.216,12798.6895
United Kingdom of Great Britain and Northern Ireland,LULUCF,Emissions (CO2),kilotonnes,4640.103,3861.26,2859.9364,2453.3604,1636.4514,1184.7899,565.665,279.7669,-413.4134,-580.3876,-797.9494,-1299.1507,-1207.5895,-1096.1036,-1481.8421,-1121.4158,-1481.7122,-1773.6106,-1286.3773,-937.5823,
United Kingdom of Great Britain and Northern Ireland,LULUCF,Emissions (CO2eq) from CH4 (AR5),kilotonnes,1.272,0.42,0,0.7001,0,0,0.2098,0.2539,0,0.057,0.14,0.14,0.21,0,0,0,0,0.14,0.5468,0.7703,0.2799
United Kingdom of Great Britain and Northern Ireland,LULUCF,Emissions (CO2eq) from N2O (AR5),kilotonnes,0.6659,0.3629,0,0.605,0,0,0.1813,0.2194,0,0.0492,0.121,0.121,0.1814,0,0,0,0,0.1209,0.4725,0.6657,0.2419
United Kingdom of Great Britain and Northern Ireland,LULUCF,Emissions (CO2eq) (AR5),kilotonnes,11430.4411,12985.1241,12946.8518,12910.2007,12868.0133,12860.4092,12860.4299,12845.4212,12837.4568,12833.3487,12840.1649,14477.206,14481.2264,14494.6907,14475.5595,14475.5595,12827.5259,12829.5916,12809.7135,12813.652,12799.2113
United Kingdom of Great Britain and Northern Ireland,LULUCF,Emissions (CO2eq) (AR5),kilotonnes,4640.103,3861.26,2859.9364,2453.3604,1636.4514,1184.7899,565.665,279.7669,-413.4134,-580.3876,-797.9494,-1299.1507,-1207.5895,-1096.1036,-1481.8421,-1121.4158,-1481.7122,-1773.6106,-1286.3773,-937.5823,
United Kingdom of Great Britain and Northern Ireland,AFOLU,Emissions (CH4),kilotonnes,1295.4067,1203.989,1176.7609,1180.988,1179.7638,1176.5889,1159.3216,1132.816,1109.0861,1084.8206,1086.4825,1077.1234,1078.604,1082.9669,1094.0764,1099.9596,1113.0415,1119.7366,1104.2591,1092.5988,1076.3151
United Kingdom of Great Britain and Northern Ireland,AFOLU,Emissions (N2O),kilotonnes,89.0965,86.6408,86.5117,84.7471,84.729,82.9556,81.1441,79.9218,80.2615,77.6676,78.8615,78.9899,78.1609,78.5293,81.2301,81.139,80.5271,81.5057,80.4235,81.1506,77.5846
United Kingdom of Great Britain and Northern Ireland,AFOLU,Emissions (CO2),kilotonnes,11428.5031,12984.3412,12946.8518,12908.8955,12868.0133,12860.4092,12860.0389,12844.948,12837.4568,12833.2425,12839.9039,14476.945,14480.835,14494.6907,14475.5595,14475.5595,12827.5259,12829.3307,12808.6942,12812.216,12798.6895
United Kingdom of Great Britain and Northern Ireland,AFOLU,Emissions (CO2eq) from CH4 (AR5),kilotonnes,36271.3884,33711.6923,32949.306,33067.6643,33033.3866,32944.4901,32461.0062,31718.8479,31054.4111,30374.9756,30421.5105,30159.4565,30200.9132,30323.0738,30634.1399,30798.8677,31165.1609,31352.6248,30919.2559,30592.7666,30136.8221
United Kingdom of Great Britain and Northern Ireland,AFOLU,Emissions (CO2eq) from N2O (AR5),kilotonnes,23610.5833,22959.8109,22925.6076,22457.9796,22453.1816,21983.2335,21503.1921,21179.2679,21269.2953,20581.9244,20898.2884,20932.3199,20712.6436,20810.2684,21525.9633,21501.8245,21339.6751,21598.999,21312.2352,21504.8979,20559.9098
United Kingdom of Great Britain and Northern Ireland,AFOLU,Emissions (CO2eq) (AR5),kilotonnes,71310.4747,69655.8444,68821.7654,68434.5394,68354.5815,67788.1328,66824.2371,65743.0637,65161.1632,63790.1425,64159.7028,65568.7215,65394.3919,65628.033,66635.6627,66776.2517,65332.3619,65780.9544,65040.1853,64909.8805,63495.4214
United Kingdom of Great Britain and Northern Ireland,All sectors with LULUCF,Emissions (CH4),kilotonnes,3919.7067,3782.409,3631.0809,3451.558,3273.2938,3040.9189,2813.0616,2617.656,2449.2861,2300.6206,2129.0525,2023.6034,1955.024,1895.5969,1852.7764,1848.6396,1836.5615,1856.2866,1853.2491,1824.2288,1752.8051
United Kingdom of Great Britain and Northern Ireland,All sectors with LULUCF,Emissions (N2O),kilotonnes,126.8265,121.9008,120.4717,118.7371,118.349,112.9856,109.9841,109.0418,107.4415,102.2076,104.5515,103.7899,103.7209,103.6393,106.6201,106.379,105.2871,106.3057,104.9835,107.3906,104.4746
United Kingdom of Great Britain and Northern Ireland,All sectors with LULUCF,Emissions (CO2),kilotonnes,568903.5031,574360.3412,557227.8518,568868.8955,568200.0133,571668.4092,570844.7389,557932.948,550125.4568,498722.5425,520620.5039,476452.345,498155.335,487864.5907,451545.9595,436839.8595,410092.5259,396193.8307,389472.6942,374176.716,317564.7895
United Kingdom of Great Britain and Northern Ireland,All sectors with LULUCF,Emissions (CO2eq) from F-gases (AR5),kilotonnes,11175.1777,11272.3532,12438.4587,12924.336,12535.6341,13701.7396,14673.4942,16033.9506,16908.5297,17491.5825,18657.688,18852.0389,19337.9162,19629.4426,19629.4426,19629.4426,19823.7935,19823.7935,19726.618,18657.688,17297.2316
United Kingdom of Great Britain and Northern Ireland,All sectors with LULUCF,Emissions (CO2eq) from CH4 (AR5),kilotonnes,109751.7884,105907.4523,101670.266,96643.6243,91652.2266,85145.7301,78765.7262,73294.3679,68580.0111,64417.3756,59613.4705,56660.8965,54740.6732,53076.7138,51877.7399,51761.9077,51423.7209,51976.0248,51890.9759,51078.4066,49078.5421
United Kingdom of Great Britain and Northern Ireland,All sectors with LULUCF,Emissions (CO2eq) from N2O (AR5),kilotonnes,33609.0333,32303.7109,31925.0076,31465.3296,31362.4816,29941.1835,29145.7921,28896.0679,28471.9953,27085.0244,27706.1384,27504.3199,27486.0436,27464.4184,28254.3133,28190.4245,27901.0751,28170.999,27820.6352,28458.4979,27685.7598
United Kingdom of Great Britain and Northern Ireland,All sectors with LULUCF,Emissions (CO2eq) (AR5),kilotonnes,723439.5025,723843.8575,703261.584,709902.1853,703750.3556,700457.0624,693429.7513,676157.3343,664085.9929,607716.525,626597.8008,579469.6004,599719.9681,588035.1656,551307.4553,536421.6343,509241.1154,496164.6479,488910.9234,472371.3084,411626.323
United Kingdom of Great Britain and Northern Ireland,All sectors without LULUCF,Emissions (CH4),kilotonnes,3919.6613,3782.394,3631.0809,3451.533,3273.2938,3040.9189,2813.0542,2617.6469,2449.2861,2300.6185,2129.0475,2023.5984,1955.0165,1895.5969,1852.7764,1848.6396,1836.5615,1856.2816,1853.2296,1824.2013,1752.7951
United Kingdom of Great Britain and Northern Ireland,All sectors without LULUCF,Emissions (N2O),kilotonnes,126.824,121.8994,120.4717,118.7348,118.349,112.9856,109.9834,109.0409,107.4415,102.2075,104.551,103.7894,103.7202,103.6393,106.6201,106.379,105.2871,106.3052,104.9817,107.388,104.4737
United Kingdom of Great Britain and Northern Ireland,All sectors without LULUCF,Emissions (CO2),kilotonnes,557475,561376,544281,555960,555332,558808,557984.7,545088,537288,485889.3,507780.6,461975.4,483674.5,473369.9,437070.4,422364.3,397265,383364.5,376664,361364.5,304766.1
United Kingdom of Great Britain and Northern Ireland,All sectors without LULUCF,Emissions (CO2eq) from F-gases (AR5),kilotonnes,11175.1777,11272.3532,12438.4587,12924.336,12535.6341,13701.7396,14673.4942,16033.9506,16908.5297,17491.5825,18657.688,18852.0389,19337.9162,19629.4426,19629.4426,19629.4426,19823.7935,19823.7935,19726.618,18657.688,17297.2316
United Kingdom of Great Britain and Northern Ireland,All sectors without LULUCF,Emissions (CO2eq) from CH4 (AR5),kilotonnes,109750.5163,105907.0323,101670.266,96642.9241,91652.2266,85145.7301,78765.5164,73294.114,68580.0111,64417.3186,59613.3305,56660.7565,54740.4633,53076.7138,51877.7399,51761.9077,51423.7209,51975.8848,51890.4291,51077.6362,49078.2622
United Kingdom of Great Britain and Northern Ireland,All sectors without LULUCF,Emissions (CO2eq) from N2O (AR5),kilotonnes,33608.3673,32303.348,31925.0076,31464.7246,31362.4816,29941.1835,29145.6108,28895.8485,28471.9953,27084.9752,27706.0175,27504.1989,27485.8621,27464.4184,28254.3133,28190.4245,27901.0751,28170.878,27820.1627,28457.8322,27685.5179
United Kingdom of Great Britain and Northern Ireland,All sectors without LULUCF,Emissions (CO2eq) (AR5),kilotonnes,712009.0614,710858.7334,690314.7322,696991.9847,690882.3423,687596.6532,680569.3214,663311.9131,651248.5361,594883.1763,613757.6359,564992.3943,585238.7416,573540.4748,536831.8958,521946.0748,496413.5895,483335.0563,476101.2098,459557.6564,398827.1117
United Republic of Tanzania,Crop Residues,Direct emissions (N2O),kilotonnes,0.9136,1.0036,1.3221,1.1336,1.4906,1.4006,1.3937,1.4863,1.7334,1.5416,1.9857,1.8932,1.9503,2.0642,2.2114,2.1177,2.1264,2.254,2.1935,2.1585,2.6462
United Republic of Tanzania,Crop Residues,Indirect emissions (N2O),kilotonnes,0.2056,0.2258,0.2975,0.2551,0.3354,0.3151,0.3136,0.3344,0.39,0.3469,0.4468,0.426,0.4388,0.4644,0.4976,0.4765,0.4784,0.5072,0.4935,0.4857,0.5954
United Republic of Tanzania,Crop Residues,Emissions (N2O),kilotonnes,1.1192,1.2294,1.6196,1.3887,1.826,1.7158,1.7073,1.8207,2.1234,1.8885,2.4325,2.3191,2.3892,2.5286,2.7089,2.5942,2.6049,2.7612,2.6871,2.6442,3.2416
United Republic of Tanzania,Crop Residues,Emissions (CO2eq) from N2O (AR5),kilotonnes,296.5845,325.7822,429.1814,368.0082,483.8788,454.6824,452.432,482.4866,562.705,500.4455,644.6151,614.5665,633.1284,670.0909,717.8623,687.4573,690.2927,731.7093,712.0791,700.7068,859.0343
United Republic of Tanzania,Crop Residues,Emissions (CO2eq) (AR5),kilotonnes,296.5845,325.7822,429.1814,368.0082,483.8788,454.6824,452.432,482.4866,562.705,500.4455,644.6151,614.5665,633.1284,670.0909,717.8623,687.4573,690.2927,731.7093,712.0791,700.7068,859.0343
United Republic of Tanzania,Rice Cultivation,Emissions (CH4),kilotonnes,64.5842,63.0706,87.8942,96.4723,95.2804,109.0892,98.4879,86.7102,137.9424,125.1949,176.5795,173.9429,124.2207,144.2536,148.7517,179.4042,161.4925,170.5178,160.513,163.5658,246.6123
United Republic of Tanzania,Rice Cultivation,Emissions (CO2eq) from CH4 (AR5),kilotonnes,1808.3587,1765.978,2461.0387,2701.225,2667.8513,3054.4989,2757.66,2427.8869,3862.3862,3505.4573,4944.225,4870.4026,3478.1796,4039.1015,4165.047,5023.3168,4521.7888,4774.4978,4494.3632,4579.8425,6905.1455
United Republic of Tanzania,Rice Cultivation,Emissions (CO2eq) (AR5),kilotonnes,1808.3587,1765.978,2461.0387,2701.225,2667.8513,3054.4989,2757.66,2427.8869,3862.3862,3505.4573,4944.225,4870.4026,3478.1796,4039.1015,4165.047,5023.3168,4521.7888,4774.4978,4494.3632,4579.8425,6905.1455
United Republic of Tanzania,Burning - Crop residues,Emissions (CH4),kilotonnes,3.4684,2.9711,5.5411,10.3314,9.5465,9.5116,7.9749,7.9871,12.1836,9.4321,10.0685,10.7565,12.5241,12.7216,12.812,12.1181,12.1694,12.0606,11.2437,10.956,13.8525
United Republic of Tanzania,Burning - Crop residues,Emissions (CH4),kilotonnes,,,,,,,,,,,,,,,,,,,,,
United Republic of Tanzania,Burning - Crop residues,Emissions (N2O),kilotonnes,0.0899,0.077,0.1437,0.2679,0.2475,0.2466,0.2068,0.2071,0.3159,0.2445,0.261,0.2789,0.3247,0.3298,0.3322,0.3142,0.3155,0.3127,0.2915,0.284,0.3591
United Republic of Tanzania,Burning - Crop residues,Emissions (N2O),kilotonnes,,,,,,,,,,,,,,,,,,,,,
United Republic of Tanzania,Burning - Crop residues,Emissions (CO2eq) from CH4 (AR5),kilotonnes,97.1165,83.1918,155.1518,289.2786,267.3022,266.3261,223.2967,223.6383,341.141,264.0981,281.9189,301.1821,350.6748,356.206,358.7363,339.3068,340.7423,337.6971,314.8226,306.7678,387.8707
United Republic of Tanzania,Burning - Crop residues,Emissions (CO2eq) from CH4 (AR5),kilotonnes,,,,,,,,,,,,,,,,,,,,,
United Republic of Tanzania,Burning - Crop residues,Emissions (CO2eq) from N2O (AR5),kilotonnes,23.8295,20.4128,38.0697,70.9804,65.588,65.3485,54.7904,54.8742,83.7059,64.8018,69.1745,73.9012,86.0452,87.4024,88.0233,83.2558,83.6081,82.8609,77.2481,75.2717,95.172
United Republic of Tanzania,Burning - Crop residues,Emissions (CO2eq) from N2O (AR5),kilotonnes,,,,,,,,,,,,,,,,,,,,,
United Republic of Tanzania,Burning - Crop residues,Emissions (CO2eq) (AR5),kilotonnes,120.946,103.6046,193.2215,360.2589,332.8903,331.6747,278.0871,278.5125,424.8469,328.8999,351.0934,375.0833,436.72,443.6084,446.7595,422.5626,424.3504,420.5579,392.0707,382.0395,483.0427
United Republic of Tanzania,Burning - Crop residues,Emissions (CO2eq) (AR5),kilotonnes,,,,,,,,,,,,,,,,,,,,,
United Republic of Tanzania,Enteric Fermentation,Emissions (CH4),kilotonnes,648.3039,663.6708,682.4733,702.6065,702.1157,714.0769,750.29,753.85,770.405,782.41,788.3936,874.12,925.65,985.4357,1034.185,1052.7025,1066.1137,1051.528,1078.6236,1098.2917,1119.9167
United Republic of Tanzania,Enteric Fermentation,Emissions (CH4),kilotonnes,,,,,,,,,,,,,,,,,,,,,
United Republic of Tanzania,Enteric Fermentation,Emissions (CO2eq) from CH4 (AR5),kilotonnes,18152.5103,18582.783,19109.2523,19672.9814,19659.2384,19994.1519,21008.12,21107.8,21571.34,21907.48,22075.0205,24475.36,25918.2,27592.1999,28957.18,29475.6693,29851.1848,29442.783,30201.4613,30752.1685,31357.668
United Republic of Tanzania,Enteric Fermentation,Emissions (CO2eq) from CH4 (AR5),kilotonnes,,,,,,,,,,,,,,,,,,,,,
United Republic of Tanzania,Enteric Fermentation,Emissions (CO2eq) (AR5),kilotonnes,18152.5103,18582.783,19109.2523,19672.9814,19659.2384,19994.1519,21008.12,21107.8,21571.34,21907.48,22075.0205,24475.36,25918.2,27592.1999,28957.18,29475.6693,29851.1848,29442.783,30201.4613,30752.1685,31357.668
United Republic of Tanzania,Enteric Fermentation,Emissions (CO2eq) (AR5),kilotonnes,,,,,,,,,,,,,,,,,,,,,
United Republic of Tanzania,Manure Management,Emissions (CH4),kilotonnes,20.4523,20.8453,21.2175,21.7078,21.4293,21.6643,22.5622,22.6452,22.9772,23.2922,23.452,26.2146,27.8955,29.8072,31.3649,32.1396,32.5238,32.1272,32.9313,33.5247,34.1566
United Republic of Tanzania,Manure Management,Emissions (CH4),kilotonnes,,,,,,,,,,,,,,,,,,,,,
United Republic of Tanzania,Manure Management,Emissions (N2O),kilotonnes,0.5363,0.5484,0.5625,0.5759,0.5826,0.5931,0.6166,0.6227,0.6363,0.6457,0.6519,0.6953,0.72,0.7487,0.7752,0.7795,0.7908,0.785,0.7987,0.8083,0.8211
United Republic of Tanzania,Manure Management,Emissions (N2O),kilotonnes,,,,,,,,,,,,,,,,,,,,,
United Republic of Tanzania,Manure Management,Emissions (CO2eq) from CH4 (AR5),kilotonnes,572.6635,583.6685,594.0895,607.8198,600.0209,606.6002,631.7416,634.0656,643.3616,652.1816,656.6547,734.0088,781.074,834.6016,878.2172,899.9083,910.6674,899.5621,922.0756,938.6912,956.3852
United Republic of Tanzania,Manure Management,Emissions (CO2eq) from CH4 (AR5),kilotonnes,,,,,,,,,,,,,,,,,,,,,
United Republic of Tanzania,Manure Management,Emissions (CO2eq) from N2O (AR5),kilotonnes,142.1281,145.3152,149.0626,152.6058,154.3836,157.1844,163.4119,165.004,168.6222,171.0979,172.7462,184.2594,190.8091,198.4036,205.4368,206.5716,209.5599,208.0307,211.6474,214.1891,217.5949
United Republic of Tanzania,Manure Management,Emissions (CO2eq) from N2O (AR5),kilotonnes,,,,,,,,,,,,,,,,,,,,,
United Republic of Tanzania,Manure Management,Emissions (CO2eq) (AR5),kilotonnes,714.7916,728.9837,743.1522,760.4256,754.4045,763.7845,795.1535,799.0696,811.9838,823.2795,829.4009,918.2682,971.8831,1033.0052,1083.654,1106.4799,1120.2273,1107.5928,1133.723,1152.8803,1173.9801
United Republic of Tanzania,Manure Management,Emissions (CO2eq) (AR5),kilotonnes,,,,,,,,,,,,,,,,,,,,,
United Republic of Tanzania,Manure left on Pasture,Direct emissions (N2O),kilotonnes,25.4243,25.9946,26.6571,27.4034,27.3015,27.711,29.0479,29.1847,29.761,30.1998,30.4234,33.8024,35.8289,38.1624,40.0858,40.9263,41.3915,40.8657,41.9148,42.6651,43.5062
United Republic of Tanzania,Manure left on Pasture,Indirect emissions (N2O),kilotonnes,6.1437,6.2758,6.4279,6.615,6.5779,6.66,6.9738,7.0267,7.1541,7.2474,7.2946,8.203,8.6774,9.2197,9.7039,9.8482,9.9374,9.8598,10.1029,10.2813,10.4926
United Republic of Tanzania,Manure left on Pasture,Emissions (N2O),kilotonnes,31.568,32.2705,33.085,34.0184,33.8794,34.371,36.0217,36.2114,36.9152,37.4472,37.718,42.0054,44.5063,47.3821,49.7897,50.7746,51.3288,50.7255,52.0177,52.9464,53.9987
United Republic of Tanzania,Manure left on Pasture,Emissions (CO2eq) from N2O (AR5),kilotonnes,8365.5187,8551.6773,8767.5254,9014.8652,8978.04,9108.3103,9545.7538,9596.0282,9782.5173,9923.5001,9995.2569,11131.4193,11794.163,12556.2574,13194.2632,13455.2567,13602.1446,13442.2648,13784.6939,14030.7929,14309.6618
United Republic of Tanzania,Manure left on Pasture,Emissions (CO2eq) (AR5),kilotonnes,8365.5187,8551.6773,8767.5254,9014.8652,8978.04,9108.3103,9545.7538,9596.0282,9782.5173,9923.5001,9995.2569,11131.4193,11794.163,12556.2574,13194.2632,13455.2567,13602.1446,13442.2648,13784.6939,14030.7929,14309.6618
United Republic of Tanzania,Manure applied to Soils,Direct emissions (N2O),kilotonnes,0.6204,0.647,0.6878,0.7266,0.7662,0.7922,0.8471,0.8561,0.893,0.9101,0.9206,0.9606,0.9809,1.0067,1.033,1.0228,1.0334,1.025,1.0462,1.0603,1.0788
United Republic of Tanzania,Manure applied to Soils,Indirect emissions (N2O),kilotonnes,0.2637,0.275,0.2923,0.3088,0.3256,0.3367,0.36,0.3638,0.3795,0.3868,0.3913,0.4082,0.4169,0.4278,0.439,0.4347,0.4392,0.4356,0.4446,0.4506,0.4585
United Republic of Tanzania,Manure applied to Soils,Emissions (N2O),kilotonnes,0.8841,0.922,0.9801,1.0354,1.0919,1.1289,1.2072,1.2199,1.2725,1.2969,1.3119,1.3688,1.3978,1.4345,1.4721,1.4575,1.4726,1.4606,1.4908,1.511,1.5373
United Republic of Tanzania,Manure applied to Soils,Emissions (CO2eq) from N2O (AR5),kilotonnes,234.2845,244.322,259.7165,274.386,289.3418,299.165,319.897,323.2734,337.2255,343.6853,347.66,362.7357,370.4174,380.145,390.0971,386.2368,390.2462,387.0508,395.0657,400.4126,407.3889
United Republic of Tanzania,Manure applied to Soils,Emissions (CO2eq) (AR5),kilotonnes,234.2845,244.322,259.7165,274.386,289.3418,299.165,319.897,323.2734,337.2255,343.6853,347.66,362.7357,370.4174,380.145,390.0971,386.2368,390.2462,387.0508,395.0657,400.4126,407.3889
United Republic of Tanzania,Synthetic Fertilizers,Direct emissions (N2O),kilotonnes,0.2221,0.1047,0.3487,0.4178,0.5417,0.5269,0.6163,0.6513,0.6824,1.0519,1.0431,1.0641,0.8883,1.7,1.3202,1.2024,1.6903,1.6659,2.2276,2.2237,2.6927
United Republic of Tanzania,Synthetic Fertilizers,Indirect emissions (N2O),kilotonnes,0.0722,0.034,0.1133,0.1358,0.176,0.1712,0.2003,0.2117,0.2218,0.3419,0.339,0.3458,0.2887,0.5525,0.4291,0.3908,0.5494,0.5414,0.724,0.7227,0.8751
United Republic of Tanzania,Synthetic Fertilizers,Emissions (N2O),kilotonnes,0.2943,0.1387,0.4621,0.5536,0.7177,0.6981,0.8167,0.863,0.9042,1.3938,1.3821,1.41,1.1771,2.2525,1.7492,1.5932,2.2397,2.2073,2.9516,2.9464,3.5679
United Republic of Tanzania,Synthetic Fertilizers,Emissions (CO2eq) from N2O (AR5),kilotonnes,77.9924,36.7477,122.4483,146.7151,190.1889,185.0078,216.4144,228.6967,239.6107,369.3644,366.2635,373.6406,311.9199,596.9116,463.5399,422.1906,593.5206,584.9407,782.1765,780.8038,945.4806
United Republic of Tanzania,Synthetic Fertilizers,Emissions (CO2eq) (AR5),kilotonnes,77.9924,36.7477,122.4483,146.7151,190.1889,185.0078,216.4144,228.6967,239.6107,369.3644,366.2635,373.6406,311.9199,596.9116,463.5399,422.1906,593.5206,584.9407,782.1765,780.8038,945.4806
United Republic of Tanzania,Drained organic soils,Emissions (CO2eq) (AR5),kilotonnes,4964.6549,4949.4786,4938.1094,4933.8665,4911.2049,4913.4318,4906.3133,4883.2908,4866.3517,4858.9016,4861.3298,4856.7006,4854.4898,4841.723,4836.0044,4836.0044,4769.6793,4765.5401,4755.6268,4749.0854,4748.4023
United Republic of Tanzania,Drained organic soils (CO2),Emissions (CO2),kilotonnes,4724.4399,4710.5694,4700.0411,4696.4371,4675.2,4677.2487,4670.8685,4650.0072,4634.583,4627.6105,4629.9652,4625.8377,4623.7395,4611.5951,4605.3033,4605.3033,4542.7753,4538.8152,4529.3471,4526.1383,4525.5044
United Republic of Tanzania,Drained organic soils (CO2),Emissions (CO2eq) (AR5),kilotonnes,4724.4399,4710.5694,4700.0411,4696.4371,4675.2,4677.2487,4670.8685,4650.0072,4634.583,4627.6105,4629.9652,4625.8377,4623.7395,4611.5951,4605.3033,4605.3033,4542.7753,4538.8152,4529.3471,4526.1383,4525.5044
United Republic of Tanzania,Drained organic soils (N2O),Emissions (N2O),kilotonnes,0.9065,0.9015,0.8984,0.896,0.8906,0.8913,0.8885,0.8803,0.8746,0.8728,0.8731,0.8712,0.8708,0.8684,0.8706,0.8706,0.8562,0.8556,0.8539,0.8413,0.8411
United Republic of Tanzania,Drained organic soils (N2O),Emissions (CO2eq) from N2O (AR5),kilotonnes,240.215,238.9092,238.0682,237.4295,236.0049,236.1831,235.4448,233.2836,231.7687,231.2911,231.3646,230.8629,230.7503,230.1279,230.7012,230.7012,226.9039,226.725,226.2797,222.947,222.8978
United Republic of Tanzania,Drained organic soils (N2O),Emissions (CO2eq) (AR5),kilotonnes,240.215,238.9092,238.0682,237.4295,236.0049,236.1831,235.4448,233.2836,231.7687,231.2911,231.3646,230.8629,230.7503,230.1279,230.7012,230.7012,226.9039,226.725,226.2797,222.947,222.8978
United Republic of Tanzania,On-farm energy use,Emissions (CH4),kilotonnes,0.1037,0.082,0.0734,0.0601,0.0672,0.0502,0.0557,0.0708,0.0642,0.1439,0.237,0.3464,0.3118,0.2885,0.4972,0.4236,0.3802,0.5012,0.489,0.4876,0.4876
United Republic of Tanzania,On-farm energy use,Emissions (N2O),kilotonnes,0.0077,0.0103,0.0128,0.0136,0.0146,0.0159,0.0169,0.016,0.0222,0.019,0.0222,0.0247,0.0257,0.027,0.0296,0.0309,0.0317,0.0333,0.0332,0.034,0.034
United Republic of Tanzania,On-farm energy use,Emissions (CO2),kilotonnes,103.9122,95.2109,100.0908,100.3909,107.3968,107.8763,114.9585,110.1557,124.7144,139.6482,182.9667,250.9116,236.1693,247.9038,342.777,340.0457,310.2701,338.7431,331.1928,330.7189,330.7189
United Republic of Tanzania,On-farm energy use,Emissions (CO2eq) from CH4 (AR5),kilotonnes,2.903,2.2953,2.0547,1.6828,1.8802,1.4047,1.561,1.9826,1.7982,4.0297,6.6356,9.6991,8.7299,8.0771,13.9204,11.8622,10.6463,14.0341,13.6927,13.6538,13.6538
United Republic of Tanzania,On-farm energy use,Emissions (CO2eq) from N2O (AR5),kilotonnes,2.0314,2.7181,3.3896,3.593,3.869,4.2035,4.4733,4.2442,5.8822,5.0249,5.8789,6.5356,6.8005,7.1497,7.853,8.1838,8.3904,8.8236,8.8038,8.9978,8.9978
United Republic of Tanzania,On-farm energy use,Emissions (CO2eq) (AR5),kilotonnes,108.8467,100.2243,105.5351,105.6667,113.146,113.4845,120.9927,116.3825,132.3948,148.7028,195.4813,267.1462,251.6997,263.1306,364.5504,360.0917,329.3069,361.6008,353.6893,353.3705,353.3705
United Republic of Tanzania,Forestland,Emissions (CO2),kilotonnes,0,0,0,0,0,0,0,0,0,0,0,0,0,0,0,0,0,0,0,0,0
United Republic of Tanzania,Forestland,Emissions (CO2eq) (AR5),kilotonnes,0,0,0,0,0,0,0,0,0,0,0,0,0,0,0,0,0,0,0,0,0
United Republic of Tanzania,Net Forest conversion,Emissions (CO2),kilotonnes,46921.6,46921.6,46921.6,46921.6,46921.6,46921.6,46921.6,46921.6,46921.6,46921.6,46921.6,46921.8523,46921.8523,46921.8523,46921.8523,46921.8523,59156.5333,59156.5333,59156.5333,59156.5333,59156.5333
United Republic of Tanzania,Net Forest conversion,Emissions (CO2eq) (AR5),kilotonnes,46921.6,46921.6,46921.6,46921.6,46921.6,46921.6,46921.6,46921.6,46921.6,46921.6,46921.6,46921.8523,46921.8523,46921.8523,46921.8523,46921.8523,59156.5333,59156.5333,59156.5333,59156.5333,59156.5333
United Republic of Tanzania,Savanna fires,Emissions (CH4),kilotonnes,117.2252,125.9869,167.4549,223.5363,196.0146,225.7581,145.1258,193.022,184.0897,190.0794,204.7844,173.4845,189.04,169.5337,149.6266,168.0849,161.3447,130.129,120.9434,135.949,130.6256
United Republic of Tanzania,Savanna fires,Emissions (N2O),kilotonnes,10.7032,11.5032,15.2894,20.4098,17.897,20.6127,13.2506,17.6238,16.8082,17.3551,18.6977,15.8399,17.2602,15.4792,13.6616,15.3469,14.7315,11.8813,11.0427,12.4127,11.9267
United Republic of Tanzania,Savanna fires,Emissions (CO2eq) from CH4 (AR5),kilotonnes,3282.3054,3527.6328,4688.7362,6259.0175,5488.4077,6321.2274,4063.522,5404.6172,5154.5116,5322.222,5733.9633,4857.5672,5293.1213,4746.9429,4189.5443,4706.3766,4517.6519,3643.612,3386.4163,3806.5723,3657.5171
United Republic of Tanzania,Savanna fires,Emissions (CO2eq) from N2O (AR5),kilotonnes,2836.3398,3048.3348,4051.6797,5408.6075,4742.7001,5462.365,3511.4131,4670.2942,4454.1704,4599.094,4954.8922,4197.5716,4573.9472,4101.9778,3620.3127,4066.9232,3903.8405,3148.556,2926.3054,3289.375,3160.5718
United Republic of Tanzania,Savanna fires,Emissions (CO2eq) (AR5),kilotonnes,6118.6452,6575.9676,8740.4159,11667.6249,10231.1078,11783.5924,7574.9351,10074.9114,9608.682,9921.316,10688.8556,9055.1388,9867.0685,8848.9208,7809.857,8773.2998,8421.4924,6792.1681,6312.7216,7095.9473,6818.0889
United Republic of Tanzania,Fires in organic soils,Emissions (CH4),kilotonnes,0,0,0,0,0,0,0,0,0,0,0,0,0,0,0,0,0,0,0,0,0
United Republic of Tanzania,Fires in organic soils,Emissions (CO2),kilotonnes,0,0,0,0,0,0,0,0,0,0,0,0,0,0,0,0,0,0,0,0,0
United Republic of Tanzania,Fires in organic soils,Emissions (CO2eq) from CH4 (AR5),kilotonnes,0,0,0,0,0,0,0,0,0,0,0,0,0,0,0,0,0,0,0,0,0
United Republic of Tanzania,Fires in organic soils,Emissions (CO2eq) (AR5),kilotonnes,0,0,0,0,0,0,0,0,0,0,0,0,0,0,0,0,0,0,0,0,0
United Republic of Tanzania,Forest fires,Emissions (CH4),kilotonnes,18.3841,89.3437,113.2445,196.2866,181.54,236.4672,176.6278,166.3189,178.0403,208.1476,192.1274,161.639,182.4962,144.6161,141.1094,194.6649,176.4192,182.339,135.639,133.6907,112.5775
United Republic of Tanzania,Forest fires,Emissions (N2O),kilotonnes,0.5407,8.1575,10.3397,17.9218,16.5754,21.5905,16.1269,15.1856,16.2559,19.0048,17.5421,14.7583,16.6627,13.2041,12.8839,17.7737,16.1078,16.6483,12.3844,12.2065,10.2788
United Republic of Tanzania,Forest fires,Emissions (CO2eq) from CH4 (AR5),kilotonnes,514.7561,2501.6224,3170.8456,5496.0258,5083.119,6621.0807,4945.5773,4656.9288,4985.1293,5828.134,5379.5681,4525.8917,5109.8928,4049.2497,3951.0639,5450.6163,4939.7364,5105.491,3797.891,3743.3384,3152.1688
United Republic of Tanzania,Forest fires,Emissions (CO2eq) from N2O (AR5),kilotonnes,143.2882,2161.7281,2740.0242,4749.2832,4392.4778,5721.4773,4273.6239,4024.1939,4307.8019,5036.268,4648.6485,3910.9608,4415.6139,3499.0799,3414.2346,4710.0434,4268.5766,4411.8102,3281.8732,3234.7326,2723.885
United Republic of Tanzania,Forest fires,Emissions (CO2eq) (AR5),kilotonnes,658.0443,4663.3505,5910.8697,10245.309,9475.5968,12342.558,9219.2012,8681.1228,9292.9312,10864.402,10028.2165,8436.8525,9525.5068,7548.3295,7365.2985,10160.6597,9208.313,9517.3012,7079.7641,6978.071,5876.0538
United Republic of Tanzania,Fires in humid tropical forests,Emissions (CH4),kilotonnes,11.3634,60.1149,84.5599,131.022,144.5433,161.7019,141.3377,117.2109,122.5509,124.4646,109.7828,118.3453,112.6914,89.5093,92.0495,111.8173,102.5701,127.6633,86.1464,87.5247,74.9843
United Republic of Tanzania,Fires in humid tropical forests,Emissions (N2O),kilotonnes,0.3342,5.4888,7.7207,11.9629,13.1974,14.7641,12.9047,10.7019,11.1894,11.3642,10.0237,10.8054,10.2892,8.1726,8.4045,10.2094,9.3651,11.6562,7.8655,7.9914,6.8464
United Republic of Tanzania,Fires in humid tropical forests,Emissions (CO2eq) from CH4 (AR5),kilotonnes,318.1747,1683.2174,2367.6776,3668.6167,4047.2131,4527.6545,3957.4565,3281.9039,3431.426,3485.0089,3073.9196,3313.6676,3155.3603,2506.2611,2577.3868,3130.8836,2871.964,3574.571,2412.0997,2450.6923,2099.5615
United Republic of Tanzania,Fires in humid tropical forests,Emissions (CO2eq) from N2O (AR5),kilotonnes,88.5675,1454.5194,2045.9823,3170.1633,3497.32,3912.484,3419.7586,2835.993,2965.1997,3011.5023,2656.2675,2863.4411,2726.6428,2165.7365,2227.1983,2705.4918,2481.7515,3088.8956,2084.3687,2117.7178,1814.295
United Republic of Tanzania,Fires in humid tropical forests,Emissions (CO2eq) (AR5),kilotonnes,406.7422,3137.7367,4413.6598,6838.78,7544.533,8440.1385,7377.215,6117.8969,6396.6257,6496.5112,5730.187,6177.1087,5882.0031,4671.9975,4804.5851,5836.3753,5353.7155,6663.4667,4496.4684,4568.4102,3913.8565
United Republic of Tanzania,Waste - agri-food systems,Emissions (CH4),kilotonnes,275.9237,279.638,283.3026,286.9035,289.911,292.8669,295.0045,297.8066,301.0325,304.0462,307.0941,309.9342,313.1258,316.2359,318.6512,320.7911,323.2877,325.8282,328.4203,330.8477,333.1921
United Republic of Tanzania,Waste - agri-food systems,Emissions (N2O),kilotonnes,0.6195,0.643,0.6833,0.6702,0.7114,0.7367,0.767,0.8088,0.7852,0.8341,0.8416,0.916,0.9427,0.9884,1.0562,1.0887,1.1304,1.1423,1.1766,1.21,1.2441
United Republic of Tanzania,Waste - agri-food systems,Emissions (CO2),kilotonnes,0,0,0,0,0,0,0,0,0,0,0,0,0,0,0,0,0,0,0,0,0
United Republic of Tanzania,Waste - agri-food systems,Emissions (CO2eq) from CH4 (AR5),kilotonnes,7725.8647,7829.8649,7932.4736,8033.2983,8117.5068,8200.2731,8260.1272,8338.5848,8428.9097,8513.2948,8598.6337,8678.1579,8767.522,8854.6053,8922.233,8982.1505,9052.0552,9123.1893,9195.7684,9263.7357,9329.3792
United Republic of Tanzania,Waste - agri-food systems,Emissions (CO2eq) from N2O (AR5),kilotonnes,164.1595,170.399,181.0728,177.5951,188.5188,195.2287,203.2661,214.3299,208.0882,221.0339,223.0288,242.7398,249.8033,261.9302,279.8849,288.4934,299.5474,302.7119,311.8114,320.6516,329.6897
United Republic of Tanzania,Waste - agri-food systems,Emissions (CO2eq) (AR5),kilotonnes,7890.0241,8000.2639,8113.5464,8210.8934,8306.0256,8395.5017,8463.3934,8552.9146,8636.9978,8734.3287,8821.6625,8920.8977,9017.3253,9116.5354,9202.1179,9270.6439,9351.6026,9425.9011,9507.5798,9584.3874,9659.069
United Republic of Tanzania,On-farm electricity use,Emissions (CH4),kilotonnes,0.0856,0.0902,0.0959,0.0876,0.1038,0.1165,0.1195,0.1392,0.162,0.1404,0.2064,0.2004,0.2172,0.2256,0.216,0.2136,0.192,0.192,0.1944,0.1901,0.1901
United Republic of Tanzania,On-farm electricity use,Emissions (N2O),kilotonnes,0.0004,0.0004,0.0005,0.0004,0.0005,0.0005,0.0006,0.0007,0.0009,0.0007,0.0011,0.0011,0.0012,0.0012,0.0012,0.0011,0.001,0.001,0.0011,0.001,0.001
United Republic of Tanzania,On-farm electricity use,Emissions (CO2),kilotonnes,23.4538,24.7043,26.2613,24.0054,28.4437,31.9256,32.7101,38.1292,37.7748,29.5662,48.5107,72.9081,88.1119,64.7546,61.9991,61.3102,55.1104,55.1103,55.7992,54.5592,54.5592
United Republic of Tanzania,On-farm electricity use,Emissions (CO2eq) from CH4 (AR5),kilotonnes,2.3968,2.5256,2.6852,2.4528,2.9064,3.262,3.346,3.8976,4.536,3.9312,5.7792,5.6112,6.0816,6.3168,6.048,5.9808,5.376,5.376,5.4432,5.3228,5.3228
United Republic of Tanzania,On-farm electricity use,Emissions (CO2eq) from N2O (AR5),kilotonnes,0.106,0.106,0.1325,0.106,0.1325,0.1325,0.159,0.1855,0.2385,0.1855,0.2915,0.2915,0.318,0.318,0.318,0.2915,0.265,0.265,0.2915,0.265,0.265
United Republic of Tanzania,On-farm electricity use,Emissions (CO2eq) (AR5),kilotonnes,25.9566,27.3359,29.079,26.5642,31.4826,35.3201,36.2151,42.2123,42.5493,33.6829,54.5814,78.8108,94.5115,71.3894,68.3651,67.5825,60.7514,60.7513,61.5339,60.147,60.147
United Republic of Tanzania,Food Processing,Emissions (CH4),kilotonnes,12.455,11.3583,10.2089,6.0907,0.0156,0.0206,0.0478,0.1573,0.1574,0.6502,0.7894,0.8402,0.5891,0.6822,0.6377,0.7748,0.5061,0.4935,0.4135,0.53,0.5408
United Republic of Tanzania,Food Processing,Emissions (N2O),kilotonnes,0.0624,0.0597,0.0568,0.034,0.0016,0.0021,0.0047,0.0041,0.0038,0.0053,0.0047,0.0081,0.0058,0.0065,0.0063,0.0081,0.0056,0.0058,0.0053,0.0057,0.0058
United Republic of Tanzania,Food Processing,Emissions (CO2),kilotonnes,302.7135,426.2693,452.4326,297.0843,23.673,35.2121,93.8249,79.7409,97.4782,126.9652,101.0011,214.2832,208.8383,214.027,176.2095,238.0215,178.4672,196.6748,200.4863,220.2783,230.4764
United Republic of Tanzania,Food Processing,Emissions (CO2eq) from CH4 (AR5),kilotonnes,348.74,318.0324,285.8492,170.5396,0.4368,0.5768,1.3384,4.4044,4.4072,18.2056,22.1032,23.5256,16.4948,19.1016,17.8556,21.6944,14.1708,13.818,11.578,14.84,15.1437
United Republic of Tanzania,Food Processing,Emissions (CO2eq) from N2O (AR5),kilotonnes,16.536,15.8205,15.052,9.01,0.424,0.5565,1.2455,1.0865,1.007,1.4045,1.2455,2.1465,1.537,1.7225,1.6695,2.1465,1.484,1.537,1.4045,1.5105,1.5328
United Republic of Tanzania,Food Processing,Emissions (CO2eq) (AR5),kilotonnes,667.9895,760.1222,753.3338,476.6339,24.5338,36.3454,96.4088,85.2318,102.8924,146.5753,124.3498,239.9553,226.8701,234.8511,195.7346,261.8624,194.122,212.0298,213.4688,236.6288,247.1529
United Republic of Tanzania,Food Packaging,Emissions (CH4),kilotonnes,0.0153,0.0157,0.016,0.0163,0.0171,0.0176,0.0184,0.019,0.0201,0.0219,0.0274,0.01,0.0143,0.0096,0.0123,0.0151,0.0159,0.0172,0.0192,0.0188,0.0192
United Republic of Tanzania,Food Packaging,Emissions (N2O),kilotonnes,0.0015,0.0015,0.0015,0.0015,0.0016,0.0016,0.0017,0.0017,0.0017,0.0017,0.0021,0.0004,0.0006,0.0002,0.0002,0.0002,0.0002,0.0002,0.0003,0.0006,0.0006
United Republic of Tanzania,Food Packaging,Emissions (CO2),kilotonnes,19.6861,23.5811,27.0947,28.38,32.9769,42.4267,62.6643,60.4254,61.5914,56.8715,80.5794,30.1707,45.6201,25.8628,27.6458,30.4239,30.0881,30.2762,30.9987,46.9157,49.0877
United Republic of Tanzania,Food Packaging,Emissions (CO2eq) from CH4 (AR5),kilotonnes,0.4284,0.4396,0.448,0.4564,0.4788,0.4928,0.5152,0.532,0.5628,0.6132,0.7672,0.28,0.4004,0.2688,0.3444,0.4228,0.4452,0.4816,0.5376,0.5264,0.5372
United Republic of Tanzania,Food Packaging,Emissions (CO2eq) from N2O (AR5),kilotonnes,0.3975,0.3975,0.3975,0.3975,0.424,0.424,0.4505,0.4505,0.4505,0.4505,0.5565,0.106,0.159,0.053,0.053,0.053,0.053,0.053,0.0795,0.159,0.1613
United Republic of Tanzania,Food Packaging,Emissions (CO2eq) (AR5),kilotonnes,20.512,24.4182,27.9402,29.2339,33.8797,43.3435,63.63,61.4079,62.6047,57.9352,81.9031,30.5567,46.1795,26.1846,28.0432,30.8997,30.5863,30.8108,31.6158,47.6011,49.7862
United Republic of Tanzania,Food Retail,Emissions (CH4),kilotonnes,0.0003,0.0007,0.0007,0.0007,0.0008,0.0008,0.0008,0.1114,0.13,0.1126,0.1658,0.1608,0.1742,0.1907,0.1917,0.1984,0.1895,0.2033,0.2742,0.232,0.2367
United Republic of Tanzania,Food Retail,Emissions (N2O),kilotonnes,0,0,0,0,0,0,0,0.0006,0.0007,0.0006,0.0009,0.0009,0.001,0.001,0.001,0.0011,0.001,0.0011,0.0015,0.0012,0.0012
United Republic of Tanzania,Food Retail,Emissions (CO2),kilotonnes,0.092,0.1841,0.2115,0.2211,0.2553,0.3299,0.3661,30.5099,30.3206,23.7035,38.9721,58.4924,70.6745,54.7314,55.0207,56.9496,54.3939,58.348,78.6975,67.8317,70.9721
United Republic of Tanzania,Food Retail,Emissions (CO2eq) from CH4 (AR5),kilotonnes,0.0084,0.0196,0.02,0.0204,0.0212,0.0219,0.0225,3.1192,3.64,3.1528,4.6424,4.5024,4.8776,5.3396,5.3676,5.5552,5.306,5.6924,7.6776,6.496,6.629
United Republic of Tanzania,Food Retail,Emissions (CO2eq) from N2O (AR5),kilotonnes,0,0,0,0,0,0,0,0.159,0.1855,0.159,0.2385,0.2385,0.265,0.265,0.265,0.2915,0.265,0.2915,0.3975,0.318,0.3227
United Republic of Tanzania,Food Retail,Emissions (CO2eq) (AR5),kilotonnes,0.1004,0.2037,0.2314,0.2415,0.2765,0.3517,0.3886,33.7881,34.1461,27.0153,43.853,63.2333,75.8171,60.336,60.6533,62.7963,59.9649,64.3319,86.7726,74.6457,77.9237
United Republic of Tanzania,Food Household Consumption,Emissions (CH4),kilotonnes,0.3588,0.3198,0.3417,0.3245,0.3563,0.2803,0.2729,0.4685,0.5353,0.4633,0.5349,0.5204,0.5889,0.6313,0.6582,0.702,0.7669,0.8585,0.8046,0.8046,0.8211
United Republic of Tanzania,Food Household Consumption,Emissions (N2O),kilotonnes,0.0023,0.0023,0.0024,0.0024,0.0026,0.0023,0.0023,0.0034,0.004,0.0032,0.0041,0.0037,0.0037,0.0037,0.0036,0.0039,0.0044,0.0048,0.0044,0.0044,0.0045
United Republic of Tanzania,Food Household Consumption,Emissions (CO2),kilotonnes,164.7853,176.2585,188.1509,190.0957,206.1753,192.7541,198.8862,261.2971,264.511,218.2634,294.8244,310.6733,321.4791,262.1168,249.1622,269.0541,319.9653,348.123,328.7708,328.7708,343.9917
United Republic of Tanzania,Food Household Consumption,Emissions (CO2eq) from CH4 (AR5),kilotonnes,10.0464,8.9544,9.5676,9.086,9.9764,7.8484,7.6412,13.118,14.9884,12.9724,14.9772,14.5712,16.4892,17.6764,18.4296,19.656,21.4732,24.038,22.5288,22.5288,22.9899
United Republic of Tanzania,Food Household Consumption,Emissions (CO2eq) from N2O (AR5),kilotonnes,0.6095,0.6095,0.636,0.636,0.689,0.6095,0.6095,0.901,1.06,0.848,1.0865,0.9805,0.9805,0.9805,0.954,1.0335,1.166,1.272,1.166,1.166,1.1832
United Republic of Tanzania,Food Household Consumption,Emissions (CO2eq) (AR5),kilotonnes,175.4412,185.8224,198.3545,199.8177,216.8407,201.212,207.1369,275.3161,280.5594,232.0838,310.8881,326.225,338.9488,280.7737,268.5458,289.7436,342.6045,373.433,352.4656,352.4656,368.1648
United Republic of Tanzania,Food Transport,Emissions (CH4),kilotonnes,0.0218,0.0259,0.0306,0.0325,0.0344,0.0376,0.0392,0.0419,0.0447,0.044,0.0546,0.074,0.0871,0.0967,0.11,0.1287,0.1243,0.1177,0.1199,0.1109,0.1132
United Republic of Tanzania,Food Transport,Emissions (N2O),kilotonnes,0.0021,0.0025,0.0029,0.0031,0.0033,0.0036,0.0037,0.0039,0.0042,0.0041,0.0051,0.007,0.0082,0.0091,0.0104,0.0122,0.0119,0.0111,0.0114,0.0107,0.0109
United Republic of Tanzania,Food Transport,Emissions (CO2),kilotonnes,160.6,192.5,242,254.1,264,297.319,307.235,305.067,332.5825,323.7985,380.9985,434.9305,558.225,611.06,587.99,611.265,568.415,570.81,579.625,622.6109,651.4355
United Republic of Tanzania,Food Transport,Emissions (CO2eq) from CH4 (AR5),kilotonnes,0.6104,0.7252,0.8568,0.91,0.9632,1.0528,1.0976,1.1732,1.2516,1.232,1.5288,2.072,2.4388,2.7076,3.08,3.6036,3.4804,3.2956,3.3572,3.1052,3.1688
United Republic of Tanzania,Food Transport,Emissions (CO2eq) from N2O (AR5),kilotonnes,0.5565,0.6625,0.7685,0.8215,0.8745,0.954,0.9805,1.0335,1.113,1.0865,1.3515,1.855,2.173,2.4115,2.756,3.233,3.1535,2.9415,3.021,2.8355,2.8774
United Republic of Tanzania,Food Transport,Emissions (CO2eq) (AR5),kilotonnes,161.7669,193.8877,243.6253,255.8315,265.8377,299.3258,309.3131,307.2737,334.9471,326.117,383.8788,438.8575,562.8368,616.1791,593.826,618.1016,575.0489,577.0471,586.0032,628.5516,657.4816
United Republic of Tanzania,Energy,Emissions (CH4),kilotonnes,211,217,221,226,235,242,249,255,261,268,276,284,292,298,307,314,320,329,334,342,349
United Republic of Tanzania,Energy,Emissions (N2O),kilotonnes,1.94,1.97,1.99,2.02,2.06,2.1,2.12,2.16,2.2,2.23,2.27,2.33,2.38,2.43,2.49,2.55,2.58,2.64,2.65,2.71,2.75
United Republic of Tanzania,Energy,Emissions (CO2),kilotonnes,2240,2690,3090,3230,3730,4820,5350,5090,5240,5030,6040,6840,8080,9010,8820,9430,9300,9730,9950,10800,11300
United Republic of Tanzania,Energy,Emissions (CO2eq) from CH4 (AR5),kilotonnes,5908,6076,6188,6328,6580,6776,6972,7140,7308,7504,7728,7952,8176,8344,8596,8792,8960,9212,9352,9576,9772
United Republic of Tanzania,Energy,Emissions (CO2eq) from N2O (AR5),kilotonnes,514.1,522.05,527.35,535.3,545.9,556.5,561.8,572.4,583,590.95,601.55,617.45,630.7,643.95,659.85,675.75,683.7,699.6,702.25,718.15,728.75
United Republic of Tanzania,Energy,Emissions (CO2eq) (AR5),kilotonnes,8662.1,9288.05,9805.35,10093.3,10855.9,12152.5,12883.8,12802.4,13131,13124.95,14369.55,15409.45,16886.7,17997.95,18075.85,18897.75,18943.7,19641.6,20004.25,21094.15,21800.75
United Republic of Tanzania,IPPU,Emissions (N2O),kilotonnes,0.689,0.708,0.728,0.749,0.771,0.794,0.819,0.845,0.872,0.9,0.929,0.959,0.989,1.02,1.05,1.09,1.12,1.16,1.19,1.21,1.24
United Republic of Tanzania,IPPU,Emissions (CO2),kilotonnes,450,478,546,611,651,756,687,763,808,880,1020,1050,1120,1060,1220,1350,1710,1760,1880,2650,2650
United Republic of Tanzania,IPPU,Emissions (CO2eq) from N2O (AR5),kilotonnes,182.585,187.62,192.92,198.485,204.315,210.41,217.035,223.925,231.08,238.5,246.185,254.135,262.085,270.3,278.25,288.85,296.8,307.4,315.35,320.65,328.6
United Republic of Tanzania,IPPU,Emissions (CO2eq) (AR5),kilotonnes,632.585,665.62,738.92,809.485,855.315,966.41,904.035,986.925,1039.08,1118.5,1266.185,1304.135,1382.085,1330.3,1498.25,1638.85,2006.8,2067.4,2195.35,2970.65,2978.6
United Republic of Tanzania,Waste,Emissions (CH4),kilotonnes,176,181,187,192,199,205,211,219,226,234,241,249,259,267,276,285,294,305,315,319,327
United Republic of Tanzania,Waste,Emissions (N2O),kilotonnes,1.15,1.18,1.22,1.25,1.3,1.33,1.39,1.46,1.49,1.54,1.56,1.64,1.7,1.8,1.9,2.01,2.1,2.16,2.23,2.25,2.32
United Republic of Tanzania,Waste,Emissions (CO2eq) from CH4 (AR5),kilotonnes,4928,5068,5236,5376,5572,5740,5908,6132,6328,6552,6748,6972,7252,7476,7728,7980,8232,8540,8820,8932,9156
United Republic of Tanzania,Waste,Emissions (CO2eq) from N2O (AR5),kilotonnes,304.75,312.7,323.3,331.25,344.5,352.45,368.35,386.9,394.85,408.1,413.4,434.6,450.5,477,503.5,532.65,556.5,572.4,590.95,596.25,614.8
United Republic of Tanzania,Waste,Emissions (CO2eq) (AR5),kilotonnes,5232.75,5380.7,5559.3,5707.25,5916.5,6092.45,6276.35,6518.9,6722.85,6960.1,7161.4,7406.6,7702.5,7953,8231.5,8512.65,8788.5,9112.4,9410.95,9528.25,9770.8
United Republic of Tanzania,Other,Emissions (N2O),kilotonnes,1.21,1.22,1.26,1.29,1.41,1.42,1.46,1.45,1.48,1.48,1.52,1.6,1.72,1.8,1.8,1.89,1.87,1.9,1.92,1.99,2.04
United Republic of Tanzania,Other,Emissions (CO2eq) from N2O (AR5),kilotonnes,320.65,323.3,333.9,341.85,373.65,376.3,386.9,384.25,392.2,392.2,402.8,424,455.8,477,477,500.85,495.55,503.5,508.8,527.35,540.6
United Republic of Tanzania,Other,Emissions (CO2eq) (AR5),kilotonnes,320.65,323.3,333.9,341.85,373.65,376.3,386.9,384.25,392.2,392.2,402.8,424,455.8,477,477,500.85,495.55,503.5,508.8,527.35,540.6
United Republic of Tanzania,Farm-gate emissions,Emissions (CH4),kilotonnes,854.1378,876.6268,964.6544,1054.7145,1024.4536,1080.1503,1024.4965,1064.2854,1127.6621,1130.5525,1203.5149,1258.865,1279.6421,1342.0403,1377.2373,1444.8729,1434.0243,1396.8638,1404.744,1442.7749,1545.6514
United Republic of Tanzania,Farm-gate emissions,Direct emissions (N2O),kilotonnes,27.1805,27.7499,29.0157,29.6814,30.0999,30.4308,31.9051,32.1784,33.0699,33.7035,34.3728,37.7203,39.6485,42.9333,44.6503,45.2692,46.2417,45.8106,47.3822,48.1077,49.9239
United Republic of Tanzania,Farm-gate emissions,Indirect emissions (N2O),kilotonnes,6.6851,6.8106,7.131,7.3147,7.415,7.4831,7.8478,7.9366,8.1455,8.3229,8.4717,9.383,9.8218,10.6645,11.0696,11.1502,11.4044,11.344,11.7651,11.9403,12.4216
United Republic of Tanzania,Farm-gate emissions,Emissions (N2O),kilotonnes,46.1091,47.6008,53.0534,59.1592,57.1472,60.2734,54.7322,59.4648,59.8725,61.1634,63.3504,64.8132,68.6716,71.0508,71.389,73.7614,74.3717,71.0225,72.1672,74.4283,76.3275
United Republic of Tanzania,Farm-gate emissions,Emissions (CO2),kilotonnes,4828.3522,4805.7803,4800.1319,4796.8279,4782.5968,4785.1251,4785.8269,4760.1629,4759.2974,4767.2587,4812.9319,4876.7493,4859.9088,4859.4989,4948.0803,4945.349,4853.0455,4877.5583,4860.5399,4856.8572,4856.2233
United Republic of Tanzania,Farm-gate emissions,Emissions (CO2eq) from CH4 (AR5),kilotonnes,23915.8575,24545.5494,27010.3233,29532.005,28684.7007,30244.2091,28685.9014,29799.9906,31574.5386,31655.4686,33698.418,35248.2198,35829.9795,37577.129,38562.6452,40456.4399,40152.6815,39112.186,39332.8317,40397.6961,43278.2403
United Republic of Tanzania,Farm-gate emissions,Emissions (CO2eq) from N2O (AR5),kilotonnes,12218.9239,12614.2194,14059.1414,15677.1906,15143.9951,15972.4499,14504.0306,15758.1852,15866.2079,16208.3051,16787.852,17175.4929,18197.9811,18828.4664,18918.0894,19546.777,19708.507,18820.9619,19124.2996,19723.4968,20226.7999
United Republic of Tanzania,Farm-gate emissions,Emissions (CO2eq) (AR5),kilotonnes,40963.1335,41965.5491,45869.5966,50006.0236,48611.2925,51001.7841,47975.7589,50318.3387,52200.0439,52631.0324,55299.2019,57300.4619,58887.8694,61265.0943,62428.8149,64948.566,64714.234,62810.7062,63317.6712,64978.0501,68361.2636
United Republic of Tanzania,Land Use change,Emissions (CH4),kilotonnes,11.3634,60.1149,84.5599,131.022,144.5433,161.7019,141.3377,117.2109,122.5509,124.4646,109.7828,118.3453,112.6914,89.5093,92.0495,111.8173,102.5701,127.6633,86.1464,87.5247,74.9843
United Republic of Tanzania,Land Use change,Emissions (N2O),kilotonnes,0.3342,5.4888,7.7207,11.9629,13.1974,14.7641,12.9047,10.7019,11.1894,11.3642,10.0237,10.8054,10.2892,8.1726,8.4045,10.2094,9.3651,11.6562,7.8655,7.9914,6.8464
United Republic of Tanzania,Land Use change,Emissions (CO2),kilotonnes,46921.6,46921.6,46921.6,46921.6,46921.6,46921.6,46921.6,46921.6,46921.6,46921.6,46921.6,46921.8523,46921.8523,46921.8523,46921.8523,46921.8523,59156.5333,59156.5333,59156.5333,59156.5333,59156.5333
United Republic of Tanzania,Land Use change,Emissions (CO2eq) from CH4 (AR5),kilotonnes,318.1747,1683.2174,2367.6776,3668.6167,4047.2131,4527.6545,3957.4565,3281.9039,3431.426,3485.0089,3073.9196,3313.6676,3155.3603,2506.2611,2577.3868,3130.8836,2871.964,3574.571,2412.0997,2450.6923,2099.5615
United Republic of Tanzania,Land Use change,Emissions (CO2eq) from N2O (AR5),kilotonnes,88.5675,1454.5194,2045.9823,3170.1633,3497.32,3912.484,3419.7586,2835.993,2965.1997,3011.5023,2656.2675,2863.4411,2726.6428,2165.7365,2227.1983,2705.4918,2481.7515,3088.8956,2084.3687,2117.7178,1814.295
United Republic of Tanzania,Land Use change,Emissions (CO2eq) (AR5),kilotonnes,47328.3422,50059.3367,51335.2598,53760.38,54466.133,55361.7385,54298.815,53039.4969,53318.2257,53418.1112,52651.787,53098.9609,52803.8554,51593.8498,51726.4374,52758.2276,64510.2488,65820,63653.0017,63724.9435,63070.3898
United Republic of Tanzania,Emissions on agricultural land,Emissions (CH4),kilotonnes,865.5011,936.7417,1049.2143,1185.7365,1168.9969,1241.8523,1165.8342,1181.4962,1250.213,1255.0171,1313.2978,1377.2103,1392.3336,1431.5496,1469.2869,1556.6901,1536.5945,1524.527,1490.8904,1530.2996,1620.6358
United Republic of Tanzania,Emissions on agricultural land,Emissions (N2O),kilotonnes,46.4434,53.0896,60.7741,71.1221,70.3446,75.0375,67.6369,70.1667,71.0619,72.5276,73.374,75.6186,78.9608,79.2234,79.7935,83.9708,83.7368,82.6787,80.0327,82.4197,83.1739
United Republic of Tanzania,Emissions on agricultural land,Emissions (CO2),kilotonnes,51749.9522,51727.3803,51721.7319,51718.4279,51704.1968,51706.7251,51707.4269,51681.7629,51680.8974,51688.8587,51734.5319,51798.6015,51781.7611,51781.3512,51869.9326,51867.2012,64009.5788,64034.0916,64017.0732,64013.3906,64012.7567
United Republic of Tanzania,Emissions on agricultural land,Emissions (CO2eq) from CH4 (AR5),kilotonnes,24234.0322,26228.7668,29378.0009,33200.6217,32731.9138,34771.8636,32643.3578,33081.8945,35005.9646,35140.4776,36772.3376,38561.8874,38985.3398,40083.3901,41140.032,43587.3235,43024.6455,42686.7571,41744.9314,42848.3885,45377.8018
United Republic of Tanzania,Emissions on agricultural land,Emissions (CO2eq) from N2O (AR5),kilotonnes,12307.4914,14068.7388,16105.1237,18847.3539,18641.3151,19884.9339,17923.7892,18594.1782,18831.4076,19219.8073,19444.1194,20038.9339,20924.6239,20994.2028,21145.2877,22252.2688,22190.2585,21909.8575,21208.6683,21841.2146,22041.0949
United Republic of Tanzania,Emissions on agricultural land,Emissions (CO2eq) (AR5),kilotonnes,88291.4757,92024.8859,97204.8565,103766.4036,103077.4256,106363.5226,102274.5739,103357.8356,105518.2696,106049.1436,107950.989,110399.4229,111691.7248,112858.9441,114155.2523,117706.7935,129224.4828,128630.7062,126970.6729,128702.9937,131431.6534
United Republic of Tanzania,Pre- and post- production,Emissions (CH4),kilotonnes,288.8605,291.4486,293.9964,293.4558,290.4389,293.3403,295.5031,298.7439,302.082,305.4786,308.8726,311.74,314.7966,318.072,320.4771,322.8237,325.0824,327.7104,330.2461,332.7341,335.1132
United Republic of Tanzania,Pre- and post- production,Emissions (N2O),kilotonnes,0.6882,0.7094,0.7474,0.7116,0.721,0.7468,0.78,0.8232,0.8005,0.8497,0.8596,0.9372,0.9632,1.0101,1.0789,1.1153,1.1545,1.1663,1.2006,1.2336,1.268
United Republic of Tanzania,Pre- and post- production,Emissions (CO2),kilotonnes,671.3307,843.4973,936.151,793.8865,555.5242,599.9674,695.6866,775.1695,824.2585,779.1683,944.8862,1121.4582,1292.9489,1232.5526,1158.0273,1267.0243,1206.4399,1259.3423,1274.3775,1340.9666,1400.5225
United Republic of Tanzania,Pre- and post- production,Emissions (CO2eq) from CH4 (AR5),kilotonnes,8088.0951,8160.5617,8231.9004,8216.7635,8132.2896,8213.5277,8274.0881,8364.8292,8458.2957,8553.402,8648.4317,8728.7203,8814.3044,8906.0161,8973.3582,9039.0633,9102.3068,9175.8909,9246.8908,9316.5549,9383.1706
United Republic of Tanzania,Pre- and post- production,Emissions (CO2eq) from N2O (AR5),kilotonnes,182.365,187.995,198.0593,188.5661,191.0628,197.9052,206.7111,218.1459,212.1427,225.1679,227.7988,248.3578,255.2358,267.6807,285.9004,295.5424,305.9339,309.0719,318.1714,326.9056,336.0321
United Republic of Tanzania,Pre- and post- production,Emissions (CO2eq) (AR5),kilotonnes,8941.7907,9192.054,9366.1106,9199.2161,8878.8766,9011.4003,9176.4859,9358.1445,9494.6968,9557.7382,9821.1167,10098.5363,10362.4891,10406.2493,10417.2859,10601.63,10614.6806,10744.305,10839.4397,10984.4272,11119.7252
United Republic of Tanzania,Agri-food systems,Emissions (CH4),kilotonnes,1154.3617,1228.1903,1343.2108,1479.1923,1459.4358,1535.1925,1461.3374,1480.2401,1552.295,1560.4957,1622.1703,1688.9503,1707.1302,1749.6216,1789.7639,1879.5138,1861.6769,1852.2374,1821.1365,1863.0337,1955.749
United Republic of Tanzania,Agri-food systems,Emissions (N2O),kilotonnes,47.1315,53.799,61.5214,71.8337,71.0656,75.7843,68.417,70.9899,71.8625,73.3773,74.2337,76.5558,79.924,80.2335,80.8724,85.0861,84.8913,83.845,81.2334,83.6533,84.442
United Republic of Tanzania,Agri-food systems,Emissions (CO2),kilotonnes,52421.2829,52570.8776,52657.8829,52512.3144,52259.7209,52306.6924,52403.1136,52456.9324,52505.1559,52468.027,52679.4181,52920.0597,53074.71,53013.9038,53027.9599,53134.2255,65216.0187,65293.4339,65291.4507,65354.3572,65413.2792
United Republic of Tanzania,Agri-food systems,Emissions (CO2eq) from CH4 (AR5),kilotonnes,32322.1273,34389.3285,37609.9013,41417.3852,40864.2034,42985.3913,40917.4459,41446.7237,43464.2603,43693.8796,45420.7693,47290.6077,47799.6442,48989.4061,50113.3902,52626.3868,52126.9523,51862.6479,50991.8222,52164.9434,54760.9724
United Republic of Tanzania,Agri-food systems,Emissions (CO2eq) from N2O (AR5),kilotonnes,12489.8563,14256.7337,16303.183,19035.9201,18832.3779,20082.8391,18130.5003,18812.3241,19043.5503,19444.9752,19671.9183,20287.2917,21179.8597,21261.8835,21431.1881,22547.8112,22496.1924,22218.9294,21526.8397,22168.1202,22377.127
United Republic of Tanzania,Agri-food systems,Emissions (CO2eq) (AR5),kilotonnes,97233.2665,101216.9399,106570.9671,112965.6197,111956.3022,115374.9228,111451.0598,112715.9801,115012.9664,115606.8818,117772.1057,120497.9592,122054.2139,123265.1934,124572.5381,128308.4235,139839.1634,139375.0112,137810.1126,139687.4208,142551.3786
United Republic of Tanzania,IPCC Agriculture,Emissions (CH4),kilotonnes,854.0341,876.5448,964.581,1054.6544,1024.3864,1080.1002,1024.4407,1064.2146,1127.5979,1130.4085,1203.2779,1258.5186,1279.3303,1341.7519,1376.7402,1444.4492,1433.6441,1396.3626,1404.255,1442.2872,1545.1638
United Republic of Tanzania,IPCC Agriculture,Emissions (CH4),kilotonnes,,,,,,,,,,,,,,,,,,,,,
United Republic of Tanzania,IPCC Agriculture,Direct emissions (N2O),kilotonnes,27.1805,27.7499,29.0157,29.6814,30.0999,30.4308,31.9051,32.1784,33.0699,33.7035,34.3728,37.7203,39.6485,42.9333,44.6503,45.2692,46.2417,45.8106,47.3822,48.1077,49.9239
United Republic of Tanzania,IPCC Agriculture,Indirect emissions (N2O),kilotonnes,6.6851,6.8106,7.131,7.3147,7.415,7.4831,7.8478,7.9366,8.1455,8.3229,8.4717,9.383,9.8218,10.6645,11.0696,11.1502,11.4044,11.344,11.7651,11.9403,12.4216
United Republic of Tanzania,IPCC Agriculture,Emissions (N2O),kilotonnes,46.1015,47.5906,53.0406,59.1457,57.1326,60.2575,54.7153,59.4488,59.8503,61.1445,63.3282,64.7885,68.646,71.0238,71.3594,73.7305,74.3401,70.9892,72.1339,74.3943,76.2936
United Republic of Tanzania,IPCC Agriculture,Emissions (N2O),kilotonnes,,,,,,,,,,,,,,,,,,,,,
United Republic of Tanzania,IPCC Agriculture,Emissions (CO2eq) from CH4 (AR5),kilotonnes,23912.9545,24543.2541,27008.2686,29530.3222,28682.8205,30242.8044,28684.3404,29798.008,31572.7404,31651.4389,33691.7824,35238.5207,35821.2497,37569.0519,38548.7248,40444.5778,40142.0352,39098.152,39319.139,40384.0423,43264.5865
United Republic of Tanzania,IPCC Agriculture,Emissions (CO2eq) from CH4 (AR5),kilotonnes,,,,,,,,,,,,,,,,,,,,,
United Republic of Tanzania,IPCC Agriculture,Emissions (CO2eq) from N2O (AR5),kilotonnes,12216.8924,12611.5013,14055.7519,15673.5976,15140.1261,15968.2464,14499.5574,15753.941,15860.3257,16203.2802,16781.9731,17168.9573,18191.1805,18821.3167,18910.2364,19538.5932,19700.1165,18812.1383,19115.4958,19714.499,20217.8021
United Republic of Tanzania,IPCC Agriculture,Emissions (CO2eq) from N2O (AR5),kilotonnes,,,,,,,,,,,,,,,,,,,,,
United Republic of Tanzania,IPCC Agriculture,Emissions (CO2eq) (AR5),kilotonnes,36129.8469,37154.7554,41064.0204,45203.9198,43822.9466,46211.0509,43183.8977,45551.949,47433.0661,47854.7191,50473.7555,52407.478,54012.4302,56390.3686,57458.9612,59983.171,59842.1518,57910.2902,58434.6348,60098.5413,63482.3886
United Republic of Tanzania,IPCC Agriculture,Emissions (CO2eq) (AR5),kilotonnes,,,,,,,,,,,,,,,,,,,,,
United Republic of Tanzania,Agricultural Soils,Direct emissions (N2O),kilotonnes,27.1805,27.7499,29.0157,29.6814,30.0999,30.4308,31.9051,32.1784,33.0699,33.7035,34.3728,37.7203,39.6485,42.9333,44.6503,45.2692,46.2417,45.8106,47.3822,48.1077,49.9239
United Republic of Tanzania,Agricultural Soils,Indirect emissions (N2O),kilotonnes,6.6851,6.8106,7.131,7.3147,7.415,7.4831,7.8478,7.9366,8.1455,8.3229,8.4717,9.383,9.8218,10.6645,11.0696,11.1502,11.4044,11.344,11.7651,11.9403,12.4216
United Republic of Tanzania,Agricultural Soils,Emissions (N2O),kilotonnes,34.7721,35.462,37.0451,37.8921,38.4055,38.8051,40.6413,40.9954,42.0899,42.8992,43.7176,47.9744,50.3411,54.4662,56.5904,57.29,58.5023,58.0102,60.0011,60.8893,63.1867
United Republic of Tanzania,Agricultural Soils,Emissions (N2O),kilotonnes,,,,,,,,,,,,,,,,,,,,,
United Republic of Tanzania,Agricultural Soils,Emissions (CO2eq) from N2O (AR5),kilotonnes,9214.595,9397.4384,9816.9399,10041.4039,10177.4544,10283.3485,10769.942,10863.7685,11153.8272,11368.2864,11585.1601,12713.225,13340.3791,14433.5328,14996.4636,15181.8425,15503.1081,15372.6907,15900.2949,16135.6632,16744.4634
United Republic of Tanzania,Agricultural Soils,Emissions (CO2eq) from N2O (AR5),kilotonnes,,,,,,,,,,,,,,,,,,,,,
United Republic of Tanzania,Agricultural Soils,Emissions (CO2eq) (AR5),kilotonnes,9214.595,9397.4384,9816.9399,10041.4039,10177.4544,10283.3485,10769.942,10863.7685,11153.8272,11368.2864,11585.1601,12713.225,13340.3791,14433.5328,14996.4636,15181.8425,15503.1081,15372.6907,15900.2949,16135.6632,16744.4634
United Republic of Tanzania,Agricultural Soils,Emissions (CO2eq) (AR5),kilotonnes,,,,,,,,,,,,,,,,,,,,,
United Republic of Tanzania,LULUCF,Emissions (CH4),kilotonnes,18.3841,89.3437,113.2445,196.2866,181.54,236.4672,176.6278,166.3189,178.0403,208.1476,192.1274,161.639,182.4962,144.6161,141.1094,194.6649,176.4192,182.339,135.639,133.6907,112.5775
United Republic of Tanzania,LULUCF,Emissions (CH4),kilotonnes,,,,,,,,,,,,,,,,,,,,,
United Republic of Tanzania,LULUCF,Emissions (N2O),kilotonnes,0.5407,8.1575,10.3397,17.9218,16.5754,21.5905,16.1269,15.1856,16.2559,19.0048,17.5421,14.7583,16.6627,13.2041,12.8839,17.7737,16.1078,16.6483,12.3844,12.2065,10.2788
United Republic of Tanzania,LULUCF,Emissions (N2O),kilotonnes,,,,,,,,,,,,,,,,,,,,,
United Republic of Tanzania,LULUCF,Emissions (CO2),kilotonnes,51646.0399,51632.1694,51621.6411,51618.0371,51596.8,51598.8487,51592.4685,51571.6072,51556.183,51549.2105,51551.5652,51547.69,51545.5918,51533.4474,51527.1556,51527.1556,63699.3087,63695.3485,63685.8804,63682.6717,63682.0378
United Republic of Tanzania,LULUCF,Emissions (CO2),kilotonnes,,,,,,,,,,,,,,,,,,,,,
United Republic of Tanzania,LULUCF,Emissions (CO2eq) from CH4 (AR5),kilotonnes,514.7561,2501.6224,3170.8456,5496.0258,5083.119,6621.0807,4945.5773,4656.9288,4985.1293,5828.134,5379.5681,4525.8917,5109.8928,4049.2497,3951.0639,5450.6163,4939.7364,5105.491,3797.891,3743.3384,3152.1688
United Republic of Tanzania,LULUCF,Emissions (CO2eq) from N2O (AR5),kilotonnes,143.2882,2161.7281,2740.0242,4749.2832,4392.4778,5721.4773,4273.6239,4024.1939,4307.8019,5036.268,4648.6485,3910.9608,4415.6139,3499.0799,3414.2346,4710.0434,4268.5766,4411.8102,3281.8732,3234.7326,2723.885
United Republic of Tanzania,LULUCF,Emissions (CO2eq) (AR5),kilotonnes,52304.0842,56295.5199,57532.5109,61863.3461,61072.3968,63941.4067,60811.6697,60252.7299,60849.1142,62413.6125,61579.7817,59984.5424,61071.0986,59081.7769,58892.454,61687.8152,72907.6217,73212.6497,70765.6445,70660.7426,69558.0915
United Republic of Tanzania,LULUCF,Emissions (CO2eq) (AR5),kilotonnes,,,,,,,,,,,,,,,,,,,,,
United Republic of Tanzania,AFOLU,Emissions (CH4),kilotonnes,872.4182,965.8884,1077.8255,1250.941,1205.9264,1316.5673,1201.0685,1230.5335,1305.6382,1338.5562,1395.4054,1420.1576,1461.8265,1486.3679,1517.8496,1639.1141,1610.0633,1578.7015,1539.8939,1575.9779,1657.7413
United Republic of Tanzania,AFOLU,Emissions (N2O),kilotonnes,46.6422,55.748,63.3803,77.0675,73.7079,81.848,70.8422,74.6345,76.1061,80.1492,80.8703,79.5469,85.3087,84.2279,84.2433,91.5043,90.4479,87.6375,84.5184,86.6009,86.5724
United Republic of Tanzania,AFOLU,Emissions (CO2),kilotonnes,51646.0399,51632.1694,51621.6411,51618.0371,51596.8,51598.8487,51592.4685,51571.6072,51556.183,51549.2105,51551.5652,51547.69,51545.5918,51533.4474,51527.1556,51527.1556,63699.3087,63695.3485,63685.8804,63682.6717,63682.0378
United Republic of Tanzania,AFOLU,Emissions (CO2eq) from CH4 (AR5),kilotonnes,24427.7106,27044.8765,30179.1141,35026.348,33765.9395,36863.8851,33629.9177,34454.9368,36557.8697,37479.5729,39071.3505,39764.4124,40931.1425,41618.3016,42499.7887,45895.1941,45081.7717,44203.643,43117.0299,44127.3807,46416.7553
United Republic of Tanzania,AFOLU,Emissions (CO2eq) from N2O (AR5),kilotonnes,12360.1806,14773.2293,16795.776,20422.8807,19532.6039,21689.7237,18773.1813,19778.1349,20168.1276,21239.5481,21430.6215,21079.918,22606.7944,22320.3965,22324.471,24248.6366,23968.6931,23223.9484,22397.3689,22949.2316,22941.6871
United Republic of Tanzania,AFOLU,Emissions (CO2eq) (AR5),kilotonnes,88433.9311,93450.2752,98596.5313,107067.2658,104895.3433,110152.4576,103995.5674,105804.6789,108282.1803,110268.3316,112053.5372,112392.0204,115083.5287,115472.1455,116351.4152,121670.9862,132749.7734,131122.94,129200.2793,130759.2839,133040.4801
United Republic of Tanzania,All sectors with LULUCF,Emissions (CH4),kilotonnes,1259.4182,1363.8884,1485.8255,1668.941,1639.9264,1763.5673,1661.0685,1704.5335,1792.6382,1840.5562,1912.4054,1953.1576,2012.8265,2051.3679,2100.8496,2238.1141,2224.0633,2212.7015,2188.8939,2236.9779,2333.7413
United Republic of Tanzania,All sectors with LULUCF,Emissions (N2O),kilotonnes,51.6312,60.826,68.5783,82.3765,79.2489,87.492,76.6312,80.5495,82.1481,86.2992,87.1493,86.0759,92.0977,91.2779,91.4833,99.0443,98.1179,95.4975,92.5084,94.7609,94.9224
United Republic of Tanzania,All sectors with LULUCF,Emissions (CO2),kilotonnes,54336.0399,54800.1694,55257.6411,55459.0371,55977.8,57174.8487,57629.4685,57424.6072,57604.183,57459.2105,58611.5652,59437.69,60745.5918,61603.4474,61567.1556,62307.1556,74709.3087,75185.3485,75515.8804,77132.6717,77632.0378
United Republic of Tanzania,All sectors with LULUCF,Emissions (CO2eq) from CH4 (AR5),kilotonnes,35263.7106,38188.8765,41603.1141,46730.348,45917.9395,49379.8851,46509.9177,47726.9368,50193.8697,51535.5729,53547.3505,54688.4124,56359.1425,57438.3016,58823.7887,62667.1941,62273.7717,61955.643,61289.0299,62635.3807,65344.7553
United Republic of Tanzania,All sectors with LULUCF,Emissions (CO2eq) from N2O (AR5),kilotonnes,13682.2656,16118.8993,18173.246,21829.7657,21000.9689,23185.3837,20307.2663,21345.6099,21769.2576,22869.2981,23094.5565,22810.103,24405.8794,24188.6465,24243.071,26246.7366,26001.2431,25306.8484,24514.7189,25111.6316,25154.4371
United Republic of Tanzania,All sectors with LULUCF,Emissions (CO2eq) (AR5),kilotonnes,103282.0161,109107.9452,115034.0013,124019.1508,122896.7083,129740.1176,124446.6524,126497.1539,129567.3103,131864.0816,135253.4722,136936.2054,141510.6137,143230.3955,144634.0152,151221.0862,162984.3234,162447.84,161319.6293,164879.6839,168131.2301
United Republic of Tanzania,All sectors without LULUCF,Emissions (CH4),kilotonnes,1241.0341,1274.5448,1372.581,1472.6544,1458.3864,1527.1002,1484.4407,1538.2146,1614.5979,1632.4085,1720.2779,1791.5186,1830.3303,1906.7519,1959.7402,2043.4492,2047.6441,2030.3626,2053.255,2103.2872,2221.1638
United Republic of Tanzania,All sectors without LULUCF,Emissions (N2O),kilotonnes,51.0905,52.6686,58.2386,64.4547,62.6736,65.9015,60.5043,65.3638,65.8923,67.2945,69.6072,71.3175,75.435,78.0738,78.5994,81.2705,82.0101,78.8492,80.1239,82.5543,84.6436
United Republic of Tanzania,All sectors without LULUCF,Emissions (CO2),kilotonnes,2690,3168,3636,3841,4381,5576,6037,5853,6048,5910,7060,7890,9200,10070,10040,10780,11010,11490,11830,13450,13950
United Republic of Tanzania,All sectors without LULUCF,Emissions (CO2eq) from CH4 (AR5),kilotonnes,34748.9545,35687.2541,38432.2686,41234.3222,40834.8205,42758.8044,41564.3404,43070.008,45208.7404,45707.4389,48167.7824,50162.5207,51249.2497,53389.0519,54872.7248,57216.5778,57334.0352,56850.152,57491.139,58892.0423,62192.5865
United Republic of Tanzania,All sectors without LULUCF,Emissions (CO2eq) from N2O (AR5),kilotonnes,13538.9774,13957.1713,15433.2219,17080.4826,16608.4911,17463.9064,16033.6424,17321.416,17461.4557,17833.0302,18445.9081,18899.1423,19990.2655,20689.5667,20828.8364,21536.6932,21732.6665,20895.0383,21232.8458,21876.899,22430.5521
United Republic of Tanzania,All sectors without LULUCF,Emissions (CO2eq) (AR5),kilotonnes,50977.9319,52812.4254,57501.4904,62155.8048,61824.3116,65798.7109,63634.9827,66244.424,68718.1961,69450.4691,73673.6905,76951.663,80439.5152,84148.6186,85741.5612,89533.271,90076.7018,89235.1902,90553.9848,94218.9413,98573.1386
United States of America,Crop Residues,Direct emissions (N2O),kilotonnes,65.3723,62.9721,58.4557,64.9504,71.8511,68.6163,65.1495,72.5372,73.7044,76.4432,74.2461,70.696,68.1777,78.1646,81.4842,80.2594,90.5375,82.5215,82.7007,76.2336,80.5595
United States of America,Crop Residues,Direct emissions (N2O),kilotonnes,227.4742,242.2241,241.8187,245.0767,231.5074,241.2654,238.2355,232.9023,234.258,240.5843,244.9695,240.7858,232.4897,242.8371,252.9661,235.4467,244.2966,243.1675,248.2275,253.5037,234.1175
United States of America,Crop Residues,Indirect emissions (N2O),kilotonnes,14.7088,14.1687,13.1525,14.6138,16.1665,15.4387,14.6586,16.3209,16.5835,17.1997,16.7054,15.9066,15.34,17.587,18.3339,18.0584,20.3709,18.5673,18.6076,17.1526,18.1259
United States of America,Crop Residues,Emissions (N2O),kilotonnes,80.0811,77.1408,71.6082,79.5643,88.0175,84.055,79.8082,88.8581,90.2878,93.643,90.9515,86.6026,83.5177,95.7516,99.8182,98.3178,110.9084,101.0888,101.3083,93.3861,98.6854
United States of America,Crop Residues,Emissions (N2O),kilotonnes,227.4742,242.2241,241.8187,245.0767,231.5074,241.2654,238.2355,232.9023,234.258,240.5843,244.9695,240.7858,232.4897,242.8371,252.9661,235.4467,244.2966,243.1675,248.2275,253.5037,234.1175
United States of America,Crop Residues,Emissions (CO2eq) from N2O (AR5),kilotonnes,21221.4989,20442.3218,18976.1724,21084.5303,23324.6504,22274.5808,21149.1663,23547.3911,23926.2791,24815.3832,24102.152,22949.6934,22132.1804,25374.1695,26451.8114,26054.2178,29390.7271,26788.5264,26846.6988,24747.3192,26151.6287
United States of America,Crop Residues,Emissions (CO2eq) from N2O (AR5),kilotonnes,60280.653,64189.3958,64081.9584,64945.3222,61349.4564,63935.3381,63132.4021,61719.1193,62078.3826,63754.8395,64916.9116,63808.2376,61609.7761,64351.8284,67036.0179,62393.3753,64738.6046,64439.3804,65780.2995,67178.4751,62041.1461
United States of America,Crop Residues,Emissions (CO2eq) (AR5),kilotonnes,21221.4989,20442.3218,18976.1724,21084.5303,23324.6504,22274.5808,21149.1663,23547.3911,23926.2791,24815.3832,24102.152,22949.6934,22132.1804,25374.1695,26451.8114,26054.2178,29390.7271,26788.5264,26846.6988,24747.3192,26151.6287
United States of America,Crop Residues,Emissions (CO2eq) (AR5),kilotonnes,60280.653,64189.3958,64081.9584,64945.3222,61349.4564,63935.3381,63132.4021,61719.1193,62078.3826,63754.8395,64916.9116,63808.2376,61609.7761,64351.8284,67036.0179,62393.3753,64738.6046,64439.3804,65780.2995,67178.4751,62041.1461
United States of America,Rice Cultivation,Emissions (CH4),kilotonnes,430.4475,469.399,454.244,424.501,470.9565,476.483,399.5705,389.2315,421.526,439.5125,512.0325,370.6745,379.456,349.713,415.436,364.728,438.662,336.2555,412.1775,350.847,423.0835
United States of America,Rice Cultivation,Emissions (CH4),kilotonnes,758.7738,616.7936,707.6745,589.0474,623.8276,719.8846,589.5854,636.9597,563.0866,648.6442,757.0572,612.1311,606.4119,551.2269,616.1879,647.8766,631.2656,595.6671,623.0878,602.403,629.6148
United States of America,Rice Cultivation,Emissions (CO2eq) from CH4 (AR5),kilotonnes,12052.53,13143.172,12718.832,11886.028,13186.782,13341.524,11187.974,10898.482,11802.728,12306.35,14336.91,10378.886,10624.768,9791.964,11632.208,10212.384,12282.536,9415.154,11540.97,9823.716,11846.338
United States of America,Rice Cultivation,Emissions (CO2eq) from CH4 (AR5),kilotonnes,21245.6661,17270.2215,19814.8857,16493.3276,17467.1733,20156.7682,16508.3899,17834.872,15766.4254,18162.0386,21197.6029,17139.6719,16979.5321,15434.3545,17253.2623,18140.5453,17675.4373,16678.6799,17446.4576,16867.2844,17629.2149
United States of America,Rice Cultivation,Emissions (CO2eq) (AR5),kilotonnes,12052.53,13143.172,12718.832,11886.028,13186.782,13341.524,11187.974,10898.482,11802.728,12306.35,14336.91,10378.886,10624.768,9791.964,11632.208,10212.384,12282.536,9415.154,11540.97,9823.716,11846.338
United States of America,Rice Cultivation,Emissions (CO2eq) (AR5),kilotonnes,21245.6661,17270.2215,19814.8857,16493.3276,17467.1733,20156.7682,16508.3899,17834.872,15766.4254,18162.0386,21197.6029,17139.6719,16979.5321,15434.3545,17253.2623,18140.5453,17675.4373,16678.6799,17446.4576,16867.2844,17629.2149
United States of America,Burning - Crop residues,Emissions (CH4),kilotonnes,104.904,99.0477,98.4364,103.2157,104.9581,106.6527,99.9711,119.1033,112.5996,111.1477,112.6013,113.8198,119.0928,117.4982,113.4924,110.9923,116.4534,108.8821,108.5081,107.3547,108.6371
United States of America,Burning - Crop residues,Emissions (CH4),kilotonnes,14.3137,15.0131,16.5417,19.7524,16.7886,17.3183,15.016,16.4105,16.8622,15.6975,18.271,14.4051,15.9361,16.996,17.6404,17.5454,17.1232,17.1679,17.0398,17.1256,17.0579
United States of America,Burning - Crop residues,Emissions (N2O),kilotonnes,2.7197,2.5679,2.5521,2.676,2.7211,2.7651,2.5918,3.0879,2.9192,2.8816,2.9193,2.9509,3.0876,3.0462,2.9424,2.8776,3.0192,2.8229,2.8132,2.7833,2.8165
United States of America,Burning - Crop residues,Emissions (N2O),kilotonnes,0.5402,0.5687,0.6181,0.7398,0.6345,0.6321,0.5501,0.5991,0.6159,0.5828,0.6641,0.529,0.5855,0.6219,0.6512,0.6428,0.6388,0.6412,0.6386,0.6409,0.6389
United States of America,Burning - Crop residues,Emissions (CO2eq) from CH4 (AR5),kilotonnes,2937.3115,2773.3348,2756.2195,2890.0409,2938.8274,2986.2755,2799.1899,3334.8914,3152.788,3112.1368,3152.8373,3186.9544,3334.5995,3289.9492,3177.7865,3107.7832,3260.694,3048.6982,3038.2267,3005.9321,3041.8396
United States of America,Burning - Crop residues,Emissions (CO2eq) from CH4 (AR5),kilotonnes,400.7846,420.3667,463.1673,553.0684,470.0797,484.9131,420.4492,459.4937,472.1408,439.5287,511.5891,403.343,446.2102,475.8875,493.9301,491.271,479.4504,480.7022,477.1132,479.5157,477.62
United States of America,Burning - Crop residues,Emissions (CO2eq) from N2O (AR5),kilotonnes,720.7292,680.4942,676.2946,709.1304,721.1012,732.7435,686.8383,818.2835,773.6008,763.6262,773.6129,781.9842,818.2119,807.2561,779.7347,762.5579,800.0777,748.0602,745.4908,737.5667,746.3773
United States of America,Burning - Crop residues,Emissions (CO2eq) from N2O (AR5),kilotonnes,143.1596,150.6998,163.7944,196.0533,168.1468,167.4976,145.789,158.7674,163.2244,154.4383,175.992,140.1846,155.1622,164.7973,172.563,170.3405,169.2895,169.9102,169.2251,169.8415,169.3004
United States of America,Burning - Crop residues,Emissions (CO2eq) (AR5),kilotonnes,3658.0407,3453.829,3432.5141,3599.1713,3659.9286,3719.019,3486.0282,4153.175,3926.3888,3875.763,3926.4502,3968.9386,4152.8114,4097.2052,3957.5212,3870.3412,4060.7717,3796.7584,3783.7176,3743.4988,3788.2169
United States of America,Burning - Crop residues,Emissions (CO2eq) (AR5),kilotonnes,543.9442,571.0664,626.9617,749.1217,638.2265,652.4108,566.2382,618.2612,635.3652,593.9669,687.5811,543.5277,601.3723,640.6848,666.4931,661.6115,648.7399,650.6124,646.3384,649.3572,646.9204
United States of America,Enteric Fermentation,Emissions (CH4),kilotonnes,6146.0135,6096.5949,6075.5116,6055.0728,6001.7446,6035.2215,6138.1731,6137.0377,6125.3537,6045.9348,6008.5861,5954.5384,5865.1366,5805.0675,5728.0325,5766.8023,5916.1755,6017.5486,6061.4914,6087.6402,6032.6004
United States of America,Enteric Fermentation,Emissions (CH4),kilotonnes,6792.9229,6751.7664,6763.5087,6768.4432,6642.1078,6721.7275,6833.165,6946.9904,6920.696,6884.2609,6815.5164,6726.7474,6639.9429,6595.3091,6519.1864,6639.0119,6852.8267,6997.6731,7027.9518,7045.6626,7007.0885
United States of America,Enteric Fermentation,Emissions (CO2eq) from CH4 (AR5),kilotonnes,172088.3766,170704.6572,170114.3256,169542.0384,168048.8474,168986.202,171868.8457,171837.0556,171509.9036,169286.1744,168240.4108,166727.0752,164223.8248,162541.89,160384.9086,161470.4631,165652.915,168491.361,169721.7598,170453.9265,168912.8108
United States of America,Enteric Fermentation,Emissions (CO2eq) from CH4 (AR5),kilotonnes,190201.8421,189049.4598,189378.2443,189516.41,185979.0184,188208.3691,191328.6204,194515.7303,193779.489,192759.3044,190834.4592,188348.9278,185918.4018,184668.6559,182537.2197,185892.3323,191879.1472,195934.8469,196782.6509,197278.5528,196198.4767
United States of America,Enteric Fermentation,Emissions (CO2eq) (AR5),kilotonnes,172088.3766,170704.6572,170114.3256,169542.0384,168048.8474,168986.202,171868.8457,171837.0556,171509.9036,169286.1744,168240.4108,166727.0752,164223.8248,162541.89,160384.9086,161470.4631,165652.915,168491.361,169721.7598,170453.9265,168912.8108
United States of America,Enteric Fermentation,Emissions (CO2eq) (AR5),kilotonnes,190201.8421,189049.4598,189378.2443,189516.41,185979.0184,188208.3691,191328.6204,194515.7303,193779.489,192759.3044,190834.4592,188348.9278,185918.4018,184668.6559,182537.2197,185892.3323,191879.1472,195934.8469,196782.6509,197278.5528,196198.4767
United States of America,Manure Management,Emissions (CH4),kilotonnes,1284.3399,1287.8563,1289.2513,1296.1898,1293.1783,1303.1165,1315.774,1330.5005,1397.3252,1350.8277,1347.5207,1365.9653,1364.9309,1347.6995,1381.3629,1395.6287,1428.003,1454.6797,1480.8057,1512.449,1499.7605
United States of America,Manure Management,Emissions (CH4),kilotonnes,1823.4484,1882.2488,1914.7625,1924.335,1859.1469,1959.8303,1959.7971,2135.9404,2065.4919,2022.2444,2091.122,2106.0069,2180.2545,2094.9117,2077.6009,2215.5346,2285.4981,2300.1984,2375.0553,2348.1153,2382.6513
United States of America,Manure Management,Emissions (N2O),kilotonnes,47.8989,47.7998,47.7947,47.5352,47.1061,47.2225,47.9221,48.1661,48.5925,47.2479,47.0312,46.8852,46.3764,45.8114,45.5901,45.8947,47.1194,47.9257,48.3014,48.6159,48.1946
United States of America,Manure Management,Emissions (N2O),kilotonnes,54.735,54.2912,55.4176,55.8283,53.7536,54.6949,57.1971,57.4956,56.7838,56.5617,56.7871,57.644,58.0109,57.9713,57.9398,59.6127,61.7366,63.7594,64.737,65.487,66.0441
United States of America,Manure Management,Emissions (CO2eq) from CH4 (AR5),kilotonnes,35961.5176,36059.9775,36099.0371,36293.3135,36208.9925,36487.2607,36841.6724,37254.0145,39125.1049,37823.176,37730.5787,38247.0292,38218.0656,37735.5864,38678.1614,39077.6041,39984.0829,40731.0321,41462.5598,42348.5726,41993.294
United States of America,Manure Management,Emissions (CO2eq) from CH4 (AR5),kilotonnes,51056.5553,52702.9655,53613.3487,53881.379,52056.1125,54875.248,54874.3198,59806.3309,57833.7738,56622.8432,58551.4165,58968.1939,61047.1269,58657.5283,58172.824,62034.97,63993.9481,64405.5563,66501.5472,65747.2283,66714.2354
United States of America,Manure Management,Emissions (CO2eq) from N2O (AR5),kilotonnes,12693.2029,12666.9393,12665.5883,12596.8308,12483.1216,12513.9527,12699.3531,12764.0137,12877.0072,12520.7008,12463.277,12424.5814,12289.7358,12140.0098,12081.3746,12162.0859,12486.6365,12700.3051,12799.869,12883.2235,12771.5725
United States of America,Manure Management,Emissions (CO2eq) from N2O (AR5),kilotonnes,14504.779,14387.1772,14685.6567,14794.5032,14244.6926,14494.1566,15157.2383,15236.3288,15047.6986,14988.8607,15048.5836,15275.6612,15372.9017,15362.3857,15354.0414,15797.3632,16360.1913,16896.2278,17155.3058,17354.0469,17501.6819
United States of America,Manure Management,Emissions (CO2eq) (AR5),kilotonnes,48654.7205,48726.9168,48764.6253,48890.1443,48692.1141,49001.2134,49541.0255,50018.0282,52002.1121,50343.8768,50193.8557,50671.6106,50507.8014,49875.5962,50759.536,51239.69,52470.7194,53431.3372,54262.4288,55231.7961,54764.8665
United States of America,Manure Management,Emissions (CO2eq) (AR5),kilotonnes,65561.3343,67090.1427,68299.0054,68675.8822,66300.8051,69369.4045,70031.5581,75042.6596,72881.4724,71611.7039,73600.0001,74243.8552,76420.0286,74019.914,73526.8654,77832.3332,80354.1394,81301.7841,83656.8531,83101.2751,84215.9173
United States of America,Manure left on Pasture,Direct emissions (N2O),kilotonnes,107.8345,107.0587,106.6635,106.5674,105.8293,106.6799,108.7074,108.536,107.8212,106.5569,106.0023,104.6691,102.7131,101.5093,99.7056,100.3734,103.4678,105.4696,106.1975,106.8521,105.7457
United States of America,Manure left on Pasture,Indirect emissions (N2O),kilotonnes,23.7812,23.6498,23.6243,23.7241,23.6892,24.0265,24.4986,24.4639,24.3097,24.0737,23.9778,23.7096,23.2987,23.0412,22.6562,22.8006,23.4571,23.9002,24.0591,24.2029,23.9736
United States of America,Manure left on Pasture,Emissions (N2O),kilotonnes,131.6156,130.7085,130.2877,130.2914,129.5185,130.7064,133.206,132.9999,132.1309,130.6306,129.9801,128.3787,126.0118,124.5505,122.3619,123.1741,126.9249,129.3699,130.2565,131.055,129.7192
United States of America,Manure left on Pasture,Emissions (CO2eq) from N2O (AR5),kilotonnes,34878.1471,34637.7511,34526.2484,34527.2311,34322.4123,34637.2055,35299.5923,35244.9704,35014.6939,34617.1053,34444.7339,34020.3646,33393.1263,33005.8906,32425.8929,32641.1287,33635.1063,34283.0121,34517.9825,34729.573,34375.597
United States of America,Manure left on Pasture,Emissions (CO2eq) (AR5),kilotonnes,34878.1471,34637.7511,34526.2484,34527.2311,34322.4123,34637.2055,35299.5923,35244.9704,35014.6939,34617.1053,34444.7339,34020.3646,33393.1263,33005.8906,32425.8929,32641.1287,33635.1063,34283.0121,34517.9825,34729.573,34375.597
United States of America,Manure applied to Soils,Direct emissions (N2O),kilotonnes,37.4353,37.6607,37.9402,37.6856,37.4698,37.5792,38.0482,38.4839,39.0759,37.4138,37.3256,37.4916,37.3554,36.9058,36.9912,37.1714,37.9963,38.5443,38.7667,38.8865,38.6449
United States of America,Manure applied to Soils,Direct emissions (N2O),kilotonnes,43.6118,44.3612,45.0603,44.9424,42.8848,43.9176,44.9011,45.0928,44.5932,44.5996,43.4754,44.7918,44.7604,45.3554,45.4731,45.1423,49.14,48.3664,48.2465,47.9043,46.5708
United States of America,Manure applied to Soils,Indirect emissions (N2O),kilotonnes,15.91,16.0058,16.1246,16.0164,15.9247,15.9712,16.1705,16.3557,16.6073,15.9009,15.8634,15.9339,15.876,15.685,15.7213,15.7979,16.1484,16.3813,16.4759,16.5268,16.4241
United States of America,Manure applied to Soils,Emissions (N2O),kilotonnes,53.3452,53.6665,54.0647,53.702,53.3945,53.5504,54.2186,54.8395,55.6832,53.3147,53.1889,53.4255,53.2314,52.5908,52.7124,52.9693,54.1448,54.9257,55.2426,55.4133,55.0689
United States of America,Manure applied to Soils,Emissions (N2O),kilotonnes,43.6118,44.3612,45.0603,44.9424,42.8848,43.9176,44.9011,45.0928,44.5932,44.5996,43.4754,44.7918,44.7604,45.3554,45.4731,45.1423,49.14,48.3664,48.2465,47.9043,46.5708
United States of America,Manure applied to Soils,Emissions (CO2eq) from N2O (AR5),kilotonnes,14136.4909,14221.6333,14327.1563,14231.0206,14149.5305,14190.8604,14367.9418,14532.4763,14756.0458,14128.4036,14095.0647,14157.7621,14106.3293,13936.5609,13968.7964,14036.8547,14348.3609,14555.303,14639.287,14684.518,14593.2688
United States of America,Manure applied to Soils,Emissions (CO2eq) from N2O (AR5),kilotonnes,11557.1251,11755.7207,11940.9793,11909.7455,11364.4709,11638.1709,11898.7946,11949.5892,11817.1982,11818.8998,11520.9795,11869.8183,11861.4948,12019.1909,12050.3759,11962.7167,13022.0909,12817.093,12785.3201,12694.6309,12341.2608
United States of America,Manure applied to Soils,Emissions (CO2eq) (AR5),kilotonnes,14136.4909,14221.6333,14327.1563,14231.0206,14149.5305,14190.8604,14367.9418,14532.4763,14756.0458,14128.4036,14095.0647,14157.7621,14106.3293,13936.5609,13968.7964,14036.8547,14348.3609,14555.303,14639.287,14684.518,14593.2688
United States of America,Manure applied to Soils,Emissions (CO2eq) (AR5),kilotonnes,11557.1251,11755.7207,11940.9793,11909.7455,11364.4709,11638.1709,11898.7946,11949.5892,11817.1982,11818.8998,11520.9795,11869.8183,11861.4948,12019.1909,12050.3759,11962.7167,13022.0909,12817.093,12785.3201,12694.6309,12341.2608
United States of America,Synthetic Fertilizers,Direct emissions (N2O),kilotonnes,168.1969,168.9707,172.3821,185.7212,175.8662,171.6935,188.0962,179.0709,163.391,174.3907,182.6747,192.2061,192.4855,189.5275,185.4632,185.8903,182.9902,181.998,182.7108,183.4236,182.6203
United States of America,Synthetic Fertilizers,Direct emissions (N2O),kilotonnes,195.1458,194.5037,204.3138,203.4563,205.6547,201.6945,193.5434,210.4576,200.0403,186.0237,190.2433,207.4036,214.603,223.4628,225.1533,209.9571,220.4662,219.4465,224.2511,225.3371,214.2981
United States of America,Synthetic Fertilizers,Indirect emissions (N2O),kilotonnes,54.664,54.9155,56.0242,60.3594,57.1565,55.8004,61.1313,58.198,53.1021,56.677,59.3693,62.467,62.5578,61.5964,60.2755,60.4143,59.4718,59.1494,59.381,59.6127,59.3516
United States of America,Synthetic Fertilizers,Emissions (N2O),kilotonnes,222.8609,223.8862,228.4062,246.0806,233.0227,227.4939,249.2275,237.2689,216.493,231.0677,242.044,254.6731,255.0433,251.1239,245.7387,246.3046,242.462,241.1474,242.0918,243.0363,241.9719
United States of America,Synthetic Fertilizers,Emissions (N2O),kilotonnes,195.1458,194.5037,204.3138,203.4563,205.6547,201.6945,193.5434,210.4576,200.0403,186.0237,190.2433,207.4036,214.603,223.4628,225.1533,209.9571,220.4662,219.4465,224.2511,225.3371,214.2981
United States of America,Synthetic Fertilizers,Emissions (CO2eq) from N2O (AR5),kilotonnes,59058.147,59329.8462,60527.6544,65211.3509,61751.0117,60285.8862,66045.2761,62876.2602,57370.6518,61232.9369,64141.6641,67488.3772,67586.4861,66547.8337,65120.7504,65270.7221,64252.4234,63904.0583,64154.3386,64404.6188,64122.5534
United States of America,Synthetic Fertilizers,Emissions (CO2eq) from N2O (AR5),kilotonnes,51713.6352,51543.4937,54143.1476,53915.9311,54498.4861,53449.0539,51288.9905,55771.2633,53010.6746,49296.2854,50414.4867,54961.9634,56869.7888,59217.6353,59665.6274,55638.6233,58423.5487,58153.3325,59426.5413,59714.3396,56788.9901
United States of America,Synthetic Fertilizers,Emissions (CO2eq) (AR5),kilotonnes,59058.147,59329.8462,60527.6544,65211.3509,61751.0117,60285.8862,66045.2761,62876.2602,57370.6518,61232.9369,64141.6641,67488.3772,67586.4861,66547.8337,65120.7504,65270.7221,64252.4234,63904.0583,64154.3386,64404.6188,64122.5534
United States of America,Synthetic Fertilizers,Emissions (CO2eq) (AR5),kilotonnes,51713.6352,51543.4937,54143.1476,53915.9311,54498.4861,53449.0539,51288.9905,55771.2633,53010.6746,49296.2854,50414.4867,54961.9634,56869.7888,59217.6353,59665.6274,55638.6233,58423.5487,58153.3325,59426.5413,59714.3396,56788.9901
United States of America,Drained organic soils,Emissions (CO2eq) (AR5),kilotonnes,56669.6526,56609.5413,56623.5244,56625.3968,56581.6596,56531.6955,56476.1113,56414.0928,56353.0952,56324.6379,56324.6548,56302.6772,56249.6006,56126.8804,56064.1497,56021.9017,55838.2828,55801.0212,55950.0941,56089.8587,56085.0848
United States of America,Drained organic soils,Emissions (CO2eq) (AR5),kilotonnes,5506.5718,5513.4296,5527.9419,5395.7018,5432.0556,5436.326,5408.8694,5321.6252,5318.2014,5304.7173,5308.5118,5314.6657,5313.6605,5285.3027,5272.3093,5228.5331,5231.245,5233.7489,5236.0961,5236.0961,5236.0961
United States of America,Drained organic soils (CO2),Emissions (CO2),kilotonnes,50822.9982,50758.8345,50769.6526,50769.9151,50727.2621,50679.6216,50625.6918,50563.8669,50502.9608,50474.0471,50470.9077,50446.6357,50395.0639,50278.6788,50220.1365,50180.3232,50005.1595,49966.2851,50091.9803,50226.9948,50220.7454
United States of America,Drained organic soils (CO2),Emissions (CO2eq) (AR5),kilotonnes,50822.9982,50758.8345,50769.6526,50769.9151,50727.2621,50679.6216,50625.6918,50563.8669,50502.9608,50474.0471,50470.9077,50446.6357,50395.0639,50278.6788,50220.1365,50180.3232,50005.1595,49966.2851,50091.9803,50226.9948,50220.7454
United States of America,Drained organic soils (N2O),Emissions (N2O),kilotonnes,22.0628,22.0781,22.0901,22.0962,22.0921,22.0833,22.0771,22.0763,22.076,22.0777,22.0896,22.0983,22.0926,22.0687,22.0529,22.0437,22.0118,22.0179,22.1061,22.124,22.1296
United States of America,Drained organic soils (N2O),Emissions (N2O),kilotonnes,20.7795,20.8054,20.8602,20.3611,20.4983,20.5144,20.4108,20.0816,20.0687,20.0178,20.0321,20.0553,20.0515,19.9445,19.8955,19.7303,19.7405,19.75,19.7589,19.7589,19.7589
United States of America,Drained organic soils (N2O),Emissions (CO2eq) from N2O (AR5),kilotonnes,5846.6544,5850.7068,5853.8719,5855.4817,5854.3975,5852.0739,5850.4194,5850.2259,5850.1344,5850.5908,5853.7471,5856.0415,5854.5367,5848.2016,5844.0132,5841.5785,5833.1233,5834.7361,5858.1138,5862.8639,5864.3394
United States of America,Drained organic soils (N2O),Emissions (CO2eq) from N2O (AR5),kilotonnes,5506.5718,5513.4296,5527.9419,5395.7018,5432.0556,5436.326,5408.8694,5321.6252,5318.2014,5304.7173,5308.5118,5314.6657,5313.6605,5285.3027,5272.3093,5228.5331,5231.245,5233.7489,5236.0961,5236.0961,5236.0961
United States of America,Drained organic soils (N2O),Emissions (CO2eq) (AR5),kilotonnes,5846.6544,5850.7068,5853.8719,5855.4817,5854.3975,5852.0739,5850.4194,5850.2259,5850.1344,5850.5908,5853.7471,5856.0415,5854.5367,5848.2016,5844.0132,5841.5785,5833.1233,5834.7361,5858.1138,5862.8639,5864.3394
United States of America,Drained organic soils (N2O),Emissions (CO2eq) (AR5),kilotonnes,5506.5718,5513.4296,5527.9419,5395.7018,5432.0556,5436.326,5408.8694,5321.6252,5318.2014,5304.7173,5308.5118,5314.6657,5313.6605,5285.3027,5272.3093,5228.5331,5231.245,5233.7489,5236.0961,5236.0961,5236.0961
United States of America,On-farm energy use,Emissions (CH4),kilotonnes,14.953,16.7999,16.722,18.3216,23.7319,23.3713,16.1314,14.9039,10.6564,10.6939,9.3945,16.8023,15.6725,15.7977,15.5881,17.0878,14.7031,17.4279,16.8413,17.0919,17.0919
United States of America,On-farm energy use,Emissions (N2O),kilotonnes,12.6088,13.822,12.8042,10.9419,14.1753,14.3657,15.4613,14.2294,14.8743,13.3756,15.689,12.7463,12.0337,13.0329,12.9265,12.3288,12.2626,10.8682,10.4197,9.9183,9.9183
United States of America,On-farm energy use,Emissions (CO2),kilotonnes,49294.1406,53727.3474,51803.9099,46732.0627,57559.2281,56955.2939,61128.3058,56972.2564,55043.7023,51204.1236,52116.1137,49713.5217,47409.4801,51537.2785,49504.629,49577.1459,47714.3392,47213.2441,47775.2351,47429.3563,47429.3563
United States of America,On-farm energy use,Emissions (CO2eq) from CH4 (AR5),kilotonnes,418.6849,470.397,468.2162,513.0058,664.492,654.3954,451.6804,417.3103,298.3786,299.4298,263.0458,470.4655,438.8294,442.336,436.4673,478.4573,411.6871,487.9825,471.5559,478.5736,478.5736
United States of America,On-farm energy use,Emissions (CO2eq) from N2O (AR5),kilotonnes,3341.3272,3662.8418,3393.1113,2899.606,3756.4582,3806.9191,4097.2402,3770.8019,3941.6838,3544.5344,4157.5933,3377.7638,3188.9372,3453.7248,3425.5244,3267.133,3249.5837,2880.0691,2761.2113,2628.3486,2628.3486
United States of America,On-farm energy use,Emissions (CO2eq) (AR5),kilotonnes,53054.1528,57860.5862,55665.2374,50144.6746,61980.1784,61416.6084,65677.2263,61160.3686,59283.7647,55048.0878,56536.7529,53561.751,51037.2466,55433.3393,53366.6206,53322.7362,51375.6099,50581.2958,51008.0022,50536.2785,50536.2785
United States of America,Forestland,Emissions (CO2),kilotonnes,-520573.1593,-442325.7227,-442325.7227,-442325.7227,-442325.7227,-442325.7227,-442325.7227,-442325.7227,-442325.7227,-442325.7227,-442325.7227,-459348.34,-459348.34,-459348.34,-459348.34,-459348.34,-331408.0367,-331408.0367,-331408.0367,-331408.0367,-331408.0367
United States of America,Forestland,Emissions (CO2),kilotonnes,-721555.6316,-719869.0154,-687760.7696,-709314.7633,-628116.8664,-680293.3424,-706970.4529,-705169.9748,-711639.7495,-683846.849,-705889.1172,-718798.9661,-707278.947,-693838.3456,-711960.6951,-636280.6002,-729883.199,-687624.2133,-682497.1547,-645520.4705,-683962.542
United States of America,Forestland,Emissions (CO2eq) (AR5),kilotonnes,-520573.1593,-442325.7227,-442325.7227,-442325.7227,-442325.7227,-442325.7227,-442325.7227,-442325.7227,-442325.7227,-442325.7227,-442325.7227,-459348.34,-459348.34,-459348.34,-459348.34,-459348.34,-331408.0367,-331408.0367,-331408.0367,-331408.0367,-331408.0367
United States of America,Forestland,Emissions (CO2eq) (AR5),kilotonnes,-721555.6316,-719869.0154,-687760.7696,-709314.7633,-628116.8664,-680293.3424,-706970.4529,-705169.9748,-711639.7495,-683846.849,-705889.1172,-718798.9661,-707278.947,-693838.3456,-711960.6951,-636280.6002,-729883.199,-687624.2133,-682497.1547,-645520.4705,-683962.542
United States of America,Net Forest conversion,Emissions (CO2),kilotonnes,61079.6853,0,0,0,0,0,0,0,0,0,0,0,0,0,0,0,59727.2867,59727.2867,59727.2867,59727.2867,59727.2867
United States of America,Net Forest conversion,Emissions (CO2),kilotonnes,75813.971,76169.7747,76483.3501,76834.9548,77184.9472,77552.4853,77792.562,78051.5893,78341.2299,78635.2667,78908.2399,78596.2152,78760.8468,79009.4239,79297.344,79369.8587,79392.2075,79599.0969,79666.5135,79653.8175,79674.9998
United States of America,Net Forest conversion,Emissions (CO2eq) (AR5),kilotonnes,61079.6853,0,0,0,0,0,0,0,0,0,0,0,0,0,0,0,59727.2867,59727.2867,59727.2867,59727.2867,59727.2867
United States of America,Net Forest conversion,Emissions (CO2eq) (AR5),kilotonnes,75813.971,76169.7747,76483.3501,76834.9548,77184.9472,77552.4853,77792.562,78051.5893,78341.2299,78635.2667,78908.2399,78596.2152,78760.8468,79009.4239,79297.344,79369.8587,79392.2075,79599.0969,79666.5135,79653.8175,79674.9998
United States of America,Savanna fires,Emissions (CH4),kilotonnes,26.5534,9.5238,21.3003,22.7676,32.0364,46.1047,33.5225,37.757,22.2426,25.5215,14.2009,42.1557,30.9713,15.5845,18.1332,29.1581,23.2623,33.5255,29.5052,18.9398,38.9174
United States of America,Savanna fires,Emissions (CH4),kilotonnes,17.106,8.9332,7.7451,7.5859,3.1938,12.6632,32.3674,20.38,10.1788,14.6275,7.0163,31.6428,23.2399,7.6811,15.6462,12.5796,11.4782,12.2219,11.7198,12.0588,11.8299
United States of America,Savanna fires,Emissions (N2O),kilotonnes,2.4244,0.8696,1.9448,2.0788,2.9251,4.2096,3.0607,3.4474,2.0308,2.3302,1.2966,3.849,2.8278,1.4229,1.6556,2.6623,2.1239,3.061,2.6939,1.7293,3.5533
United States of America,Savanna fires,Emissions (N2O),kilotonnes,1.5619,0.8156,0.7072,0.6926,0.2916,1.1562,2.9553,1.8608,0.9294,1.3356,0.6406,2.8891,2.1219,0.7013,1.4286,1.1495,1.0475,1.1165,1.0699,1.1014,1.0801
United States of America,Savanna fires,Emissions (CO2eq) from CH4 (AR5),kilotonnes,743.4965,266.6667,596.409,637.4915,897.0192,1290.9326,938.6288,1057.1951,622.7926,714.6028,397.6263,1180.3609,867.1958,436.3669,507.7289,816.4273,651.3432,938.7129,826.1444,530.315,1089.6866
United States of America,Savanna fires,Emissions (CO2eq) from CH4 (AR5),kilotonnes,478.9691,250.1288,216.8624,212.4059,89.4272,354.5691,906.2875,570.6406,285.0069,409.5688,196.4563,885.9991,650.7179,215.0717,438.0947,352.2296,321.391,342.214,328.1538,337.6478,331.2372
United States of America,Savanna fires,Emissions (CO2eq) from N2O (AR5),kilotonnes,642.4779,230.4348,515.3752,550.8758,775.1416,1115.5342,811.0977,913.5545,538.174,617.51,343.601,1019.9858,749.3703,377.0779,438.744,705.4997,562.8455,811.1703,713.8965,458.2613,941.6313
United States of America,Savanna fires,Emissions (CO2eq) from N2O (AR5),kilotonnes,413.8913,216.1438,187.3971,183.5472,77.2764,306.3938,783.1508,493.1075,246.2831,353.9207,169.7638,765.6184,562.3051,185.8501,378.5713,304.6252,277.5986,295.8675,283.5185,291.8657,286.2233
United States of America,Savanna fires,Emissions (CO2eq) (AR5),kilotonnes,1385.9744,497.1015,1111.7842,1188.3672,1672.1608,2406.4668,1749.7266,1970.7496,1160.9667,1332.1128,741.2273,2200.3468,1616.5661,813.4448,946.473,1521.927,1214.1887,1749.8832,1540.0409,988.5763,2031.3179
United States of America,Savanna fires,Emissions (CO2eq) (AR5),kilotonnes,892.8604,466.2726,404.2595,395.9531,166.7036,660.9629,1689.4382,1063.7481,531.29,763.4895,366.22,1651.6175,1213.023,400.9217,816.666,656.8548,598.9896,638.0815,611.6723,629.5135,617.4605
United States of America,Fires in organic soils,Emissions (CH4),kilotonnes,0,0,0,0,0,0,0,0,0,0,0,0,0,0,0,0,0,0,0,0,0
United States of America,Fires in organic soils,Emissions (CO2),kilotonnes,0,0,0,0,0,0,0,0,0,0,0,0,0,0,0,0,0,0,0,0,0
United States of America,Fires in organic soils,Emissions (CO2eq) from CH4 (AR5),kilotonnes,0,0,0,0,0,0,0,0,0,0,0,0,0,0,0,0,0,0,0,0,0
United States of America,Fires in organic soils,Emissions (CO2eq) (AR5),kilotonnes,0,0,0,0,0,0,0,0,0,0,0,0,0,0,0,0,0,0,0,0,0
United States of America,Forest fires,Emissions (CH4),kilotonnes,86.6179,10.2492,28.2706,23.4544,23.0224,17.5378,20.8211,29.8637,39.6283,20.9515,17.485,25.4863,22.4845,24.6102,25.6149,42.8232,27.5646,51.0563,47.0909,22.8176,103.5584
United States of America,Forest fires,Emissions (CH4),kilotonnes,182.8712,71.3826,275.9032,183.6388,360.1167,259.5866,167.4715,279.6484,149.5224,188.494,48.6435,122.7106,186.0192,203.003,97.9105,462.5272,154.4915,381.0593,249.4462,44.5664,545.1978
United States of America,Forest fires,Emissions (N2O),kilotonnes,4.7637,0.9358,2.5812,2.1415,2.102,1.6013,1.9011,2.7267,3.6182,1.913,1.5965,2.327,2.0529,2.247,2.3388,3.9099,2.5168,4.6617,4.2996,2.0833,9.4553
United States of America,Forest fires,Emissions (N2O),kilotonnes,14.2666,6.0723,20.7895,14.2342,30.9065,21.1482,13.6904,21.2114,12.9969,16.1153,6.5295,12.7839,17.1527,15.7185,9.4702,32.5354,13.0825,27.3588,19.126,4.4908,39.3014
United States of America,Forest fires,Emissions (CO2eq) from CH4 (AR5),kilotonnes,2425.3015,286.9779,791.5762,656.7221,644.628,491.0588,582.9919,836.1839,1109.5925,586.6413,489.5794,713.6173,629.5671,689.0864,717.2173,1199.0507,771.8086,1429.5751,1318.5455,638.8928,2899.6363
United States of America,Forest fires,Emissions (CO2eq) from CH4 (AR5),kilotonnes,5120.3942,1998.7127,7725.2895,5141.8875,10083.2667,7268.4238,4689.2027,7830.1539,4186.6268,5277.8323,1362.0177,3435.8957,5208.5371,5684.0833,2741.4942,12950.7607,4325.7614,10669.661,6984.4943,1247.8589,15265.537
United States of America,Forest fires,Emissions (CO2eq) from N2O (AR5),kilotonnes,1262.3755,247.9863,684.0251,567.4935,557.0427,424.3389,503.781,722.572,958.8327,506.9346,423.0605,616.6584,544.0281,595.4606,619.7693,1036.1362,666.9433,1235.3393,1139.3953,552.0868,2505.664
United States of America,Forest fires,Emissions (CO2eq) from N2O (AR5),kilotonnes,3780.6462,1609.1651,5509.2137,3772.0603,8190.2236,5604.2778,3627.9434,5621.0303,3444.1727,4270.5669,1730.3116,3387.7453,4545.4538,4165.3955,2509.614,8621.8828,3466.8537,7250.0784,5068.3853,1190.0747,10414.8641
United States of America,Forest fires,Emissions (CO2eq) (AR5),kilotonnes,3687.677,534.9642,1475.6013,1224.2156,1201.6707,915.3977,1086.7729,1558.7559,2068.4252,1093.5759,912.6399,1330.2757,1173.5953,1284.547,1336.9865,2235.1868,1438.7519,2664.9144,2457.9409,1190.9796,5405.3003
United States of America,Forest fires,Emissions (CO2eq) (AR5),kilotonnes,8901.0403,3607.8778,13234.5032,8913.9478,18273.4903,12872.7016,8317.1461,13451.1842,7630.7995,9548.3992,3092.3293,6823.641,9753.9909,9849.4788,5251.1082,21572.6435,7792.6151,17919.7393,12052.8795,2437.9336,25680.4011
United States of America,Fires in humid tropical forests,Emissions (CH4),kilotonnes,1.0788,0.1307,0.008,0,0,0.0107,0.008,0.0373,0,0.056,0.0027,0.008,0.0053,0,0.024,0.0373,0.0373,0.0666,0.0666,0.008,0.0053
United States of America,Fires in humid tropical forests,Emissions (N2O),kilotonnes,0.0317,0.0119,0.0007,0,0,0.001,0.0007,0.0034,0,0.0051,0.0002,0.0007,0.0005,0,0.0022,0.0034,0.0034,0.0061,0.0061,0.0007,0.0005
United States of America,Fires in humid tropical forests,Emissions (CO2eq) from CH4 (AR5),kilotonnes,30.2058,3.6582,0.224,0,0,0.2986,0.224,1.0451,0,1.5675,0.0746,0.2239,0.1493,0,0.6719,1.0451,1.045,1.8662,1.866,0.2239,0.1493
United States of America,Fires in humid tropical forests,Emissions (CO2eq) from N2O (AR5),kilotonnes,8.4082,3.1612,0.1935,0,0,0.258,0.1935,0.9031,0,1.3545,0.0645,0.1935,0.129,0,0.5806,0.9031,0.903,1.6126,1.6125,0.1935,0.129
United States of America,Fires in humid tropical forests,Emissions (CO2eq) (AR5),kilotonnes,38.6139,6.8194,0.4175,0,0,0.5566,0.4175,1.9482,0,2.922,0.1392,0.4174,0.2783,0,1.2526,1.9482,1.9479,3.4788,3.4785,0.4175,0.2783
United States of America,Waste - agri-food systems,Emissions (CH4),kilotonnes,1567.7533,1565.7365,1567.2615,1563.9277,1564.7298,1566.6082,1570.9147,1575.7523,1577.5809,1579.0958,1582.0754,1587.2052,1592.8705,1595.2335,1597.0258,1585.3389,1585.1552,1579.2416,1573.5328,1567.8136,1561.2911
United States of America,Waste - agri-food systems,Emissions (N2O),kilotonnes,14.4718,14.3852,14.6541,14.7764,14.9864,15.0569,15.1814,15.4098,15.338,15.2438,15.3837,15.3655,15.6467,15.8029,16.1256,16.3532,16.6019,16.7632,16.8135,16.7998,16.8615
United States of America,Waste - agri-food systems,Emissions (CO2),kilotonnes,1900.3849,1902.4008,1904.4487,1907.4377,1911.5163,1915.6468,1919.3158,1922.2698,1923.5527,1922.2869,1924.7402,1927.02,1929.6264,1931.8851,1934.4953,1936.8206,1938.5022,1941.1098,1944.4327,1946.9928,1945.5553
United States of America,Waste - agri-food systems,Emissions (CO2eq) from CH4 (AR5),kilotonnes,43897.0929,43840.6213,43883.3206,43789.9768,43812.4343,43865.0283,43985.6118,44121.0646,44172.2659,44214.6816,44298.1126,44441.745,44600.3734,44666.5373,44716.7221,44389.4896,44384.3444,44218.7645,44058.9186,43898.7796,43716.1497
United States of America,Waste - agri-food systems,Emissions (CO2eq) from N2O (AR5),kilotonnes,3835.0238,3812.0691,3883.3323,3915.7484,3971.3996,3990.084,4023.0585,4083.595,4064.5716,4039.6019,4076.6677,4071.8699,4146.3765,4187.7742,4273.2742,4333.5968,4399.5131,4442.2392,4455.588,4451.9558,4468.3061
United States of America,Waste - agri-food systems,Emissions (CO2eq) (AR5),kilotonnes,49632.5016,49555.0913,49671.1016,49613.163,49695.3502,49770.7592,49927.9861,50126.9295,50160.3901,50176.5705,50299.5205,50440.6349,50676.3763,50786.1967,50924.4916,50659.907,50722.3597,50602.1134,50458.9393,50297.7282,50130.011
United States of America,Fertilizers Manufacturing,Emissions (N2O),kilotonnes,23.115,23.4179,23.8266,24.3665,23.7856,23.8449,24.8441,24.0836,26.0084,24.0214,24.7294,27.4651,24.7486,25.3945,24.615,21.2389,23.2872,25.3603,26.2689,25.3057,22.9333
United States of America,Fertilizers Manufacturing,Emissions (CO2),kilotonnes,1705.8238,3184.2279,4698.8182,6274.8844,7538.4587,8952.9129,10760.7954,11799.9908,16170.3457,15766.7002,15989.096,17025.7935,15887.7358,20688.3474,21881.0618,21627.8728,22486.6366,25492.1166,27599.3629,28225.9716,24982.2612
United States of America,Fertilizers Manufacturing,Emissions (CO2eq) from N2O (AR5),kilotonnes,6125.475,6205.7435,6314.049,6457.1225,6303.184,6318.8985,6583.6865,6382.154,6892.226,6365.671,6553.291,7278.2515,6558.379,6729.5425,6522.975,5628.3085,6171.108,6720.4795,6961.2585,6706.0105,6077.322
United States of America,Fertilizers Manufacturing,Emissions (CO2eq) (AR5),kilotonnes,7831.2988,9389.9714,11012.8672,12732.0069,13841.6427,15271.8114,17344.4819,18182.1448,23062.5717,22132.3712,22542.387,24304.045,22446.1148,27417.8899,28404.0368,27256.1813,28657.7446,32212.5961,34560.6214,34931.9821,31059.5832
United States of America,On-farm electricity use,Emissions (CH4),kilotonnes,46.8289,46.2481,47.5815,49.895,48.0615,49.2554,49.1582,47.7759,46.3539,48.1947,46.0684,40.9998,36.9152,35.6336,33.2038,45.7071,49.3142,56.5559,54.0516,58.2212,58.2212
United States of America,On-farm electricity use,Emissions (N2O),kilotonnes,0.2501,0.247,0.2541,0.2664,0.2566,0.263,0.2625,0.2551,0.2475,0.2573,0.246,0.2189,0.1971,0.1904,0.1774,0.2442,0.2634,0.3021,0.2887,0.311,0.311
United States of America,On-farm electricity use,Emissions (CO2),kilotonnes,22459.7418,22181.1982,22820.706,24081.1205,23121.0228,23570.1639,22624.1773,22282.5643,21046.3696,20766.0532,20050.2604,17190.4094,14787.8272,16066.7729,14971.1635,20608.8174,22235.1887,25500.3751,24371.2211,26251.2326,26251.2326
United States of America,On-farm electricity use,Emissions (CO2eq) from CH4 (AR5),kilotonnes,1311.2092,1294.9468,1332.282,1397.06,1345.722,1379.1512,1376.4296,1337.7252,1297.9092,1349.4516,1289.9152,1147.9944,1033.6256,997.7408,929.7064,1279.7988,1380.7976,1583.5652,1513.4448,1630.1936,1630.1936
United States of America,On-farm electricity use,Emissions (CO2eq) from N2O (AR5),kilotonnes,66.2765,65.455,67.3365,70.596,67.999,69.695,69.5625,67.6015,65.5875,68.1845,65.19,58.0085,52.2315,50.456,47.011,64.713,69.801,80.0565,76.5055,82.415,82.415
United States of America,On-farm electricity use,Emissions (CO2eq) (AR5),kilotonnes,23837.2275,23541.6,24220.3245,25548.7765,24534.7438,25019.0101,24070.1694,23687.891,22409.8663,22183.6893,21405.3656,18396.4123,15873.6843,17114.9697,15947.8809,21953.3292,23685.7873,27163.9968,25961.1714,27963.8412,27963.8412
United States of America,Food Processing,Emissions (CH4),kilotonnes,96.8156,102.6645,98.6327,104.058,101.3852,104.5883,110.1146,109.0512,110.5094,109.0757,100.9504,100.3256,99.8904,96.3799,95.8989,99.4795,104.0367,102.1426,102.9584,102.9584,98.2785
United States of America,Food Processing,Emissions (N2O),kilotonnes,0.8576,1.0053,0.9742,1.0206,1.0617,1.0609,1.1354,1.0859,1.1493,1.0743,1.1038,1.0385,0.9734,0.9938,0.9804,0.94,0.9697,0.9511,0.9404,0.9404,0.8522
United States of America,Food Processing,Emissions (CO2),kilotonnes,106225.7275,113048.0316,112301.3777,115790.9002,118184.8909,117024.4308,124189.7163,122838.4007,126580.4421,115818.7445,118685.9938,109324.7222,104920.3776,111553.1558,112691.442,108987.0357,115074.4641,112371.6305,112254.1746,112254.1746,99353.9973
United States of America,Food Processing,Emissions (CO2eq) from CH4 (AR5),kilotonnes,2710.8368,2874.606,2761.7156,2913.624,2838.7856,2928.4724,3083.2088,3053.4336,3094.2632,3054.1196,2826.6112,2809.1168,2796.9312,2698.6372,2685.1692,2785.426,2913.0276,2859.9928,2882.8352,2882.8352,2751.7972
United States of America,Food Processing,Emissions (CO2eq) from N2O (AR5),kilotonnes,227.264,266.4045,258.163,270.459,281.3505,281.1385,300.881,287.7635,304.5645,284.6895,292.507,275.2025,257.951,263.357,259.806,249.1,256.9705,252.0415,249.206,249.206,225.8429
United States of America,Food Processing,Emissions (CO2eq) (AR5),kilotonnes,109163.8283,116189.0421,115321.2563,118974.9832,121305.027,120234.0417,127573.8061,126179.5978,129979.2698,119157.5536,121805.112,112409.0415,107975.2598,114515.15,115636.4172,112021.5617,118244.4622,115483.6648,115386.2158,115386.2158,102331.6375
United States of America,Food Packaging,Emissions (CH4),kilotonnes,49.5552,48.7909,34.1671,33.5996,32.9095,33.0457,31.2593,35.2144,36.1389,33.0575,30.1074,32.1888,31.0452,29.495,31.7565,34.9031,36.4793,31.3334,27.7053,23.1138,22.0632
United States of America,Food Packaging,Emissions (N2O),kilotonnes,0.393,0.3789,0.2912,0.288,0.2853,0.2895,0.2859,0.3061,0.3092,0.2877,0.2881,0.2717,0.2532,0.2377,0.2607,0.2705,0.2672,0.2274,0.1983,0.1927,0.1746
United States of America,Food Packaging,Emissions (CO2),kilotonnes,46040.5369,43979.7938,32496.5316,32153.0075,32252.3498,31892.7123,29907.3938,31710.1855,31657.9999,28379.4143,30736.1895,28677.1327,27235.7667,27370.6989,29990.2989,31356.2635,31582.283,28378.9535,26191.6209,24738.8402,21895.8686
United States of America,Food Packaging,Emissions (CO2eq) from CH4 (AR5),kilotonnes,1387.5456,1366.1452,956.6788,940.7888,921.466,925.2796,875.2604,986.0032,1011.8892,925.61,843.0072,901.2864,869.2656,825.86,889.182,977.2868,1021.4204,877.3352,775.7484,647.1864,617.7688
United States of America,Food Packaging,Emissions (CO2eq) from N2O (AR5),kilotonnes,104.145,100.4085,77.168,76.32,75.6045,76.7175,75.7635,81.1165,81.938,76.2405,76.3465,72.0005,67.098,62.9905,69.0855,71.6825,70.808,60.261,52.5495,51.0655,46.2781
United States of America,Food Packaging,Emissions (CO2eq) (AR5),kilotonnes,47532.2275,45446.3475,33530.3784,33170.1163,33249.4203,32894.7094,30858.4177,32777.3052,32751.8271,29381.2648,31655.5432,29650.4196,28172.1303,28259.5494,30948.5664,32405.2328,32674.5114,29316.5497,27019.9188,25437.0921,22559.9156
United States of America,Food Retail,Emissions (CH4),kilotonnes,84.3857,87.0888,87.6121,87.2228,89.3747,92.563,94.6667,97.3019,97.2833,95.1962,96.8242,96.6478,96.2869,97.2836,98.0976,98.763,98.9213,98.1503,99.7687,107.9015,102.9969
United States of America,Food Retail,Emissions (N2O),kilotonnes,0.4986,0.5147,0.527,0.5297,0.5452,0.5564,0.5642,0.5765,0.5792,0.5694,0.5759,0.5705,0.5616,0.5674,0.5723,0.5756,0.5775,0.5715,0.5809,0.628,0.5691
United States of America,Food Retail,Emissions (CO2),kilotonnes,55243.9599,56210.3243,57101.1103,57671.043,58611.7412,59084.3786,57308.1866,59720.6426,58911.0878,55944.5389,56851.2817,54892.1475,51365.5616,57981.3436,58909.1354,58559.5035,58783.8129,58284.8444,60207.1258,61918.8701,54803.1935
United States of America,Food Retail,Emissions (CO2eq) from F-gases (AR5),kilotonnes,96704.4055,114573.647,131471.943,149079.876,166230.1295,184251.5845,199316.0455,214449.0805,215030.401,214280.7625,212912.3995,211282.728,209570.9755,207869.613,207869.613,207869.613,220005.133,222429.6395,224854.6655,227279.172,230621.5128
United States of America,Food Retail,Emissions (CO2eq) from CH4 (AR5),kilotonnes,2362.7996,2438.4864,2453.1388,2442.2384,2502.4916,2591.764,2650.6676,2724.4532,2723.9324,2665.4936,2711.0776,2706.1384,2696.0332,2723.9408,2746.7328,2765.364,2769.7964,2748.2084,2793.5236,3021.242,2883.9128
United States of America,Food Retail,Emissions (CO2eq) from N2O (AR5),kilotonnes,132.129,136.3955,139.655,140.3705,144.478,147.446,149.513,152.7725,153.488,150.891,152.6135,151.1825,148.824,150.361,151.6595,152.534,153.0375,151.4475,153.9385,166.42,150.8181
United States of America,Food Retail,Emissions (CO2eq) (AR5),kilotonnes,154443.294,173358.8532,191165.8471,209333.5279,227488.8403,246075.1731,259424.4127,277046.9488,276818.9092,273041.686,272627.3723,269032.1964,263781.3943,268725.2584,269677.1407,269347.0145,281711.7798,283614.1398,288009.2534,292385.7041,288459.4372
United States of America,Food Household Consumption,Emissions (CH4),kilotonnes,87.1609,87.9445,92.2914,93.1242,94.165,98.8032,98.0282,100.9953,100.1433,99.0132,104.6453,102.9617,99.3753,100.7912,102.656,101.4439,101.8988,99.4158,105.7462,105.7462,100.9396
United States of America,Food Household Consumption,Emissions (N2O),kilotonnes,0.5195,0.5233,0.5444,0.551,0.5551,0.5779,0.5672,0.5854,0.5792,0.5721,0.6006,0.5885,0.5647,0.5773,0.5884,0.5793,0.5786,0.5669,0.6034,0.6034,0.5468
United States of America,Food Household Consumption,Emissions (CO2),kilotonnes,63566.1539,63204.9486,65367.0997,66939.1869,66382.7119,67994.7743,63615.9317,66938.3582,65539.5567,62292.4298,64970.7549,61861.3035,56213.0911,64523.9047,65925.9117,63928.1074,62971.7455,62153.7812,67116.5978,67116.5978,59403.6017
United States of America,Food Household Consumption,Emissions (CO2eq) from CH4 (AR5),kilotonnes,2440.5052,2462.446,2584.1592,2607.4776,2636.62,2766.4896,2744.7896,2827.8684,2804.0124,2772.3696,2930.0684,2882.9276,2782.5084,2822.1536,2874.368,2840.4292,2853.1664,2783.6424,2960.8936,2960.8936,2826.3075
United States of America,Food Household Consumption,Emissions (CO2eq) from N2O (AR5),kilotonnes,137.6675,138.6745,144.266,146.015,147.1015,153.1435,150.308,155.131,153.488,151.6065,159.159,155.9525,149.6455,152.9845,155.926,153.5145,153.329,150.2285,159.901,159.901,144.9103
United States of America,Food Household Consumption,Emissions (CO2eq) (AR5),kilotonnes,66144.3266,65806.0691,68095.5249,69692.6795,69166.4334,70914.4074,66511.0293,69921.3576,68497.0571,65216.4059,68059.9823,64900.1836,59145.245,67499.0428,68956.2057,66922.0511,65978.2409,65087.6521,70237.3924,70237.3924,62374.8195
United States of America,Food Transport,Emissions (CH4),kilotonnes,4.1579,4.0486,4.0007,3.9112,3.8346,3.7612,3.7323,3.6572,3.3752,3.2414,3.2771,3.2217,3.161,3.2226,3.2568,3.3822,3.4251,3.411,3.5099,2.5853,2.4678
United States of America,Food Transport,Emissions (N2O),kilotonnes,7.1319,6.8339,6.755,6.5072,6.4455,6.4041,6.6036,6.4171,5.6384,5.0862,5.2183,5.5192,5.2581,5.4439,5.4909,5.7429,5.7745,5.6978,5.8546,5.436,4.9264
United States of America,Food Transport,Emissions (CO2),kilotonnes,51140.4,51188.3,52252.1,53528.4,54178.6,55274,55862.5,55613,51932.5,49274,50808,50738,49288,50918,50678,52769.5,53025,52952.5,54394,55316.0153,48959.1345
United States of America,Food Transport,Emissions (CO2eq) from CH4 (AR5),kilotonnes,116.4212,113.3608,112.0196,109.5136,107.3688,105.3136,104.5044,102.4016,94.5056,90.7592,91.7588,90.2076,88.508,90.2328,91.1904,94.7016,95.9028,95.508,98.2772,72.3884,69.098
United States of America,Food Transport,Emissions (CO2eq) from N2O (AR5),kilotonnes,1889.9535,1810.9835,1790.075,1724.408,1708.0575,1697.0865,1749.954,1700.5315,1494.176,1347.843,1382.8495,1462.588,1393.3965,1442.6335,1455.0885,1521.8685,1530.2425,1509.917,1551.469,1440.54,1305.4894
United States of America,Food Transport,Emissions (CO2eq) (AR5),kilotonnes,53146.7747,53112.6443,54154.1946,55362.3216,55994.0263,57076.4001,57716.9584,57415.9331,53521.1816,50712.6022,52282.6083,52290.7956,50769.9045,52450.8663,52224.2789,54386.0701,54651.1453,54557.925,56043.7462,56828.9437,50333.7219
United States of America,Energy,Emissions (CH4),kilotonnes,12200,12600,12400,12300,12300,11900,12000,12100,12300,11500,11400,11800,11600,11700,11800,11400,10500,10900,11100,11000,10500
United States of America,Energy,Emissions (N2O),kilotonnes,275,267,257,250,250,244,243,238,229,212,222,212,203,209,210,207,204,199,203,192,174
United States of America,Energy,Emissions (CO2),kilotonnes,5670000,5570000,5620000,5650000,5730000,5760000,5670000,5760000,5590000,5250000,5380000,5250000,5060000,5150000,5210000,5120000,4980000,4940000,5100000,4960000,4390000
United States of America,Energy,Emissions (CO2eq) from CH4 (AR5),kilotonnes,341600,352800,347200,344400,344400,333200,336000,338800,344400,322000,319200,330400,324800,327600,330400,319200,294000,305200,310800,308000,294000
United States of America,Energy,Emissions (CO2eq) from N2O (AR5),kilotonnes,72875,70755,68105,66250,66250,64660,64395,63070,60685,56180,58830,56180,53795,55385,55650,54855,54060,52735,53795,50880,46110
United States of America,Energy,Emissions (CO2eq) (AR5),kilotonnes,6084475,5993555,6035305,6060650,6140650,6157860,6070395,6161870,5995085,5628180,5758030,5636580,5438595,5532985,5596050,5494055,5328060,5297935,5464595,5318880,4730110
United States of America,IPPU,Emissions (CH4),kilotonnes,27.4,22.9,24.7,25.9,26.7,22.5,21.8,20.8,18.2,16.1,17,18.2,19.4,19.8,20.8,24.8,29.6,30.2,36,38.8,36.6
United States of America,IPPU,Emissions (N2O),kilotonnes,84,71.6,75.6,72.7,71.8,74.5,72.7,82.8,73,66.9,75,76.9,76.4,80.6,81.4,78.2,79.3,78.8,78,63.8,70.3
United States of America,IPPU,Emissions (CO2),kilotonnes,216000,197000,191000,191000,198000,193000,188000,183000,168000,146000,150000,152000,155000,157000,160000,163000,163000,168000,169000,165000,161000
United States of America,IPPU,Emissions (CO2eq) from F-gases (AR5),kilotonnes,172000.5612,175887.5795,196294.4257,206983.7262,227390.5724,247797.4186,270147.774,291526.3749,309017.9574,335255.3311,376069.0236,381899.5511,373153.7598,371210.2507,381899.5511,384814.8148,383843.0602,386758.324,384814.8148,396475.8698,402306.3973
United States of America,IPPU,Emissions (CO2eq) from CH4 (AR5),kilotonnes,767.2,641.2,691.6,725.2,747.6,630,610.4,582.4,509.6,450.8,476,509.6,543.2,554.4,582.4,694.4,828.8,845.6,1008,1086.4,1024.8
United States of America,IPPU,Emissions (CO2eq) from N2O (AR5),kilotonnes,22260,18974,20034,19265.5,19027,19742.5,19265.5,21942,19345,17728.5,19875,20378.5,20246,21359,21571,20723,21014.5,20882,20670,16907,18629.5
United States of America,IPPU,Emissions (CO2eq) (AR5),kilotonnes,411027.7612,392502.7795,408020.0257,417974.4262,445165.1724,461169.9186,478023.674,497050.7749,496872.5574,499434.6311,546420.0236,554787.6511,548942.9598,550123.6507,564052.9511,569232.2148,568686.3602,576485.924,575492.8148,579469.2698,582960.6973
United States of America,Waste,Emissions (CH4),kilotonnes,6610,5590,5300,5430,5260,5540,5670,5850,6100,5610,5040,4880,4740,4760,4800,4820,4870,4920,5000,5070,4910
United States of America,Waste,Emissions (N2O),kilotonnes,27.5,27.7,28.1,28.9,29.7,30,30.3,30.6,30.8,30.4,30.1,30.1,30.4,30.8,31.4,31.9,32.8,33.7,33.9,33.8,33.9
United States of America,Waste,Emissions (CO2),kilotonnes,0,0,0,0,0,0,0,0,0,0,0,0,0,0,0,0,0,0,0,0,0
United States of America,Waste,Emissions (CO2eq) from CH4 (AR5),kilotonnes,185080,156520,148400,152040,147280,155120,158760,163800,170800,157080,141120,136640,132720,133280,134400,134960,136360,137760,140000,141960,137480
United States of America,Waste,Emissions (CO2eq) from N2O (AR5),kilotonnes,7287.5,7340.5,7446.5,7658.5,7870.5,7950,8029.5,8109,8162,8056,7976.5,7976.5,8056,8162,8321,8453.5,8692,8930.5,8983.5,8957,8983.5
United States of America,Waste,Emissions (CO2eq) (AR5),kilotonnes,192367.5,163860.5,155846.5,159698.5,155150.5,163070,166789.5,171909,178962,165136,149096.5,144616.5,140776,141442,142721,143413.5,145052,146690.5,148983.5,150917,146463.5
United States of America,Other,Emissions (CH4),kilotonnes,15,15,15,15,15,15,15,15,15,15,15,15,15,15,15,15,15,15,15,15,15
United States of America,Other,Emissions (N2O),kilotonnes,90.1,87.3,81.9,82.2,81.2,79.6,77.3,77.2,71.9,65.7,68.1,67.7,65.7,68.2,68,68.4,67.4,66.9,68.8,63.5,62.6
United States of America,Other,Emissions (CO2),kilotonnes,4730,4730,4730,4730,4730,4730,4730,4730,4730,4730,4730,4730,4730,4730,4730,4730,4730,4730,4730,4730,4730
United States of America,Other,Emissions (CO2eq) from CH4 (AR5),kilotonnes,420,420,420,420,420,420,420,420,420,420,420,420,420,420,420,420,420,420,420,420,420
United States of America,Other,Emissions (CO2eq) from N2O (AR5),kilotonnes,23876.5,23134.5,21703.5,21783,21518,21094,20484.5,20458,19053.5,17410.5,18046.5,17940.5,17410.5,18073,18020,18126,17861,17728.5,18232,16827.5,16589
United States of America,Other,Emissions (CO2eq) (AR5),kilotonnes,29026.5,28284.5,26853.5,26933,26668,26244,25634.5,25608,24203.5,22560.5,23196.5,23090.5,22560.5,23223,23170,23276,23011,22878.5,23382,21977.5,21739
United States of America,Farm-gate emissions,Emissions (CH4),kilotonnes,8007.2113,7979.2216,7955.4657,7920.0685,7926.6057,7990.9497,8003.1425,8028.5339,8089.7034,7983.6382,8004.336,7863.9561,7775.2601,7651.3604,7672.045,7684.3971,7937.2592,7968.3193,8109.3292,8094.3227,8120.0908
United States of America,Farm-gate emissions,Direct emissions (N2O),kilotonnes,378.839,376.6623,375.4414,394.9246,391.0163,384.569,400.0013,398.6279,383.9925,394.8047,400.2488,405.0628,400.7317,406.1072,403.6442,403.6946,414.9918,408.5334,410.3757,405.3958,407.5703
United States of America,Farm-gate emissions,Indirect emissions (N2O),kilotonnes,109.064,108.7398,108.9256,114.7137,112.9369,111.2368,116.459,115.3385,110.6025,113.8513,115.9158,118.0172,117.0725,117.9096,116.987,117.0712,119.4483,117.9983,118.5236,117.4949,117.8751
United States of America,Farm-gate emissions,Emissions (N2O),kilotonnes,575.6176,572.5395,571.5527,594.9663,592.9729,586.4519,607.5733,604.9735,585.0878,596.569,605.1904,611.6096,604.2223,609.399,605.7986,606.5727,620.9769,613.2273,615.2335,608.0615,612.0578
United States of America,Farm-gate emissions,Emissions (CO2),kilotonnes,100117.1387,104486.1819,102573.5625,97501.9778,108286.4902,107634.9155,111753.9976,107536.1233,105546.6631,101678.1706,102587.0214,100160.1574,97804.544,101815.9573,99724.7655,99757.4691,97719.4987,97179.5293,97867.2154,97656.3511,97650.1017
United States of America,Farm-gate emissions,Emissions (CO2eq) from CH4 (AR5),kilotonnes,224201.9172,223418.2052,222753.0394,221761.9181,221944.9605,223746.5902,224087.9912,224798.949,226511.6957,223541.8698,224121.4089,220190.7713,217707.2831,214238.0924,214817.2608,215163.1191,222243.2582,223112.9405,227061.2166,226641.0358,227362.5424
United States of America,Farm-gate emissions,Emissions (CO2eq) from N2O (AR5),kilotonnes,152538.6755,151722.9693,151461.4727,157666.0577,157137.825,155409.7563,161006.9252,160317.9775,155048.2708,158090.7912,160375.446,162076.5541,160118.914,161490.7249,160536.6419,160741.7783,164558.8843,162505.2407,163036.8882,161136.293,162195.317
United States of America,Farm-gate emissions,Emissions (CO2eq) (AR5),kilotonnes,476857.7315,479627.3564,476788.0747,476929.9536,487369.2757,486791.2621,496848.9141,492653.0498,487106.6297,483310.8317,487083.8762,482427.4828,475630.7411,477544.7747,475078.6682,475662.3665,484521.6411,482797.7105,487965.3202,485433.6799,487207.9611
United States of America,Land Use change,Emissions (CH4),kilotonnes,1.0788,0.1307,0.008,0,0,0.0107,0.008,0.0373,0,0.056,0.0027,0.008,0.0053,0,0.024,0.0373,0.0373,0.0666,0.0666,0.008,0.0053
United States of America,Land Use change,Emissions (N2O),kilotonnes,0.0317,0.0119,0.0007,0,0,0.001,0.0007,0.0034,0,0.0051,0.0002,0.0007,0.0005,0,0.0022,0.0034,0.0034,0.0061,0.0061,0.0007,0.0005
United States of America,Land Use change,Emissions (CO2),kilotonnes,61079.6853,0,0,0,0,0,0,0,0,0,0,0,0,0,0,0,59727.2867,59727.2867,59727.2867,59727.2867,59727.2867
United States of America,Land Use change,Emissions (CO2eq) from CH4 (AR5),kilotonnes,30.2058,3.6582,0.224,0,0,0.2986,0.224,1.0451,0,1.5675,0.0746,0.2239,0.1493,0,0.6719,1.0451,1.045,1.8662,1.866,0.2239,0.1493
United States of America,Land Use change,Emissions (CO2eq) from N2O (AR5),kilotonnes,8.4082,3.1612,0.1935,0,0,0.258,0.1935,0.9031,0,1.3545,0.0645,0.1935,0.129,0,0.5806,0.9031,0.903,1.6126,1.6125,0.1935,0.129
United States of America,Land Use change,Emissions (CO2eq) (AR5),kilotonnes,61118.2993,6.8194,0.4175,0,0,0.5566,0.4175,1.9482,0,2.922,0.1392,0.4174,0.2783,0,1.2526,1.9482,59729.2346,59730.7655,59730.7651,59727.7041,59727.565
United States of America,Emissions on agricultural land,Emissions (CH4),kilotonnes,8008.2901,7979.3523,7955.4737,7920.0685,7926.6057,7990.9603,8003.1505,8028.5712,8089.7034,7983.6942,8004.3387,7863.9641,7775.2654,7651.3604,7672.069,7684.4344,7937.2965,7968.386,8109.3958,8094.3307,8120.0961
United States of America,Emissions on agricultural land,Emissions (N2O),kilotonnes,575.6494,572.5514,571.5535,594.9663,592.9729,586.4529,607.574,604.9769,585.0878,596.5741,605.1906,611.6104,604.2228,609.399,605.8008,606.5762,620.9803,613.2334,615.2396,608.0622,612.0583
United States of America,Emissions on agricultural land,Emissions (CO2),kilotonnes,161196.8241,104486.1819,102573.5625,97501.9778,108286.4902,107634.9155,111753.9976,107536.1233,105546.6631,101678.1706,102587.0214,100160.1574,97804.544,101815.9573,99724.7655,99757.4691,157446.7854,156906.8159,157594.502,157383.6377,157377.3883
United States of America,Emissions on agricultural land,Emissions (CO2eq) from CH4 (AR5),kilotonnes,224232.1229,223421.8634,222753.2634,221761.9181,221944.9605,223746.8888,224088.2152,224799.9941,226511.6957,223543.4373,224121.4835,220190.9952,217707.4323,214238.0924,214817.9327,215164.1642,222244.3031,223114.8067,227063.0826,226641.2598,227362.6917
United States of America,Emissions on agricultural land,Emissions (CO2eq) from N2O (AR5),kilotonnes,152547.0837,151726.1305,151461.6663,157666.0577,157137.825,155410.0144,161007.1188,160318.8806,155048.2708,158092.1457,160375.5105,162076.7476,160119.043,161490.7249,160537.2226,160742.6814,164559.7873,162506.8533,163038.5007,161136.4865,162195.446
United States of America,Emissions on agricultural land,Emissions (CO2eq) (AR5),kilotonnes,537976.0307,479634.1758,476788.4922,476929.9536,487369.2757,486791.8187,496849.3316,492654.998,487106.6297,483313.7536,487084.0154,482427.9002,475631.0193,477544.7747,475079.9208,475664.3147,544250.8757,542528.476,547696.0853,545161.384,546935.5261
United States of America,Pre- and post- production,Emissions (CH4),kilotonnes,1936.6575,1942.5219,1931.547,1935.7385,1934.4603,1948.625,1957.874,1969.7482,1971.3849,1966.8745,1963.9482,1963.5506,1959.5445,1958.0394,1961.8954,1969.0177,1979.2306,1970.2506,1967.2729,1968.34,1946.2581
United States of America,Pre- and post- production,Emissions (N2O),kilotonnes,47.2375,47.3062,47.8266,48.3058,47.9214,48.0536,49.4443,48.7195,49.8492,47.1122,48.1458,51.0379,48.2034,49.2079,48.8107,45.9446,48.32,50.4403,51.5487,50.217,47.175
United States of America,Pre- and post- production,Emissions (CO2),kilotonnes,348282.7287,354899.2252,348942.1922,358345.9802,362181.2916,365709.0196,366188.0169,372825.4119,373761.8545,350164.1678,360016.3165,341636.5288,321627.9864,351034.1084,356981.5086,359773.9209,368097.633,367075.3111,374078.5358,377768.695,337594.8446
United States of America,Pre- and post- production,Emissions (CO2eq) from F-gases (AR5),kilotonnes,96704.4055,114573.647,131471.943,149079.876,166230.1295,184251.5845,199316.0455,214449.0805,215030.401,214280.7625,212912.3995,211282.728,209570.9755,207869.613,207869.613,207869.613,220005.133,222429.6395,224854.6655,227279.172,230621.5128
United States of America,Pre- and post- production,Emissions (CO2eq) from CH4 (AR5),kilotonnes,54226.4105,54390.6125,54083.3146,54200.6792,54164.8883,54561.4987,54820.4722,55152.9498,55198.7779,55072.4852,54990.551,54979.4162,54867.2454,54825.1025,54933.0709,55132.496,55418.4556,55167.0165,55083.6414,55113.5188,54495.2277
United States of America,Pre- and post- production,Emissions (CO2eq) from N2O (AR5),kilotonnes,12517.9343,12536.1341,12674.0448,12801.0394,12699.1746,12734.2095,13102.727,12910.6655,13210.0396,12484.7279,12758.6242,13525.0559,12773.902,13040.0992,12934.8257,12175.3178,12804.8096,13366.6707,13660.416,13307.5138,12501.3819
United States of America,Pre- and post- production,Emissions (CO2eq) (AR5),kilotonnes,511731.479,536399.6189,547171.4946,574427.5749,595275.484,617256.3124,633427.2616,655338.1078,657201.0729,632002.1435,640677.8912,621423.7289,598840.1093,626768.9232,632719.0182,634951.3477,656326.0312,658038.6377,667677.2587,673468.8996,635212.967
United States of America,Agri-food systems,Emissions (CH4),kilotonnes,9944.9476,9921.8741,9887.0206,9855.807,9861.066,9939.5853,9961.0245,9998.3194,10061.0883,9950.5687,9968.2869,9827.5147,9734.8099,9609.3998,9633.9644,9653.4521,9916.5271,9938.6365,10076.6687,10062.6707,10066.3543
United States of America,Agri-food systems,Emissions (N2O),kilotonnes,622.8869,619.8576,619.38,643.2721,640.8943,634.5065,657.0183,653.6964,634.937,643.6863,653.3364,662.6483,652.4262,658.6069,654.6115,652.5208,669.3004,663.6737,666.7884,658.2792,659.2333
United States of America,Agri-food systems,Emissions (CO2),kilotonnes,509479.5528,459385.4071,451515.7547,455847.958,470467.7818,473343.9351,477942.0145,480361.5352,479308.5176,451842.3385,462603.3379,441796.6863,419432.5304,452850.0658,456706.2741,459531.3899,525544.4184,523982.127,531673.0378,535152.3327,494972.233
United States of America,Agri-food systems,Emissions (CO2eq) from F-gases (AR5),kilotonnes,96704.4055,114573.647,131471.943,149079.876,166230.1295,184251.5845,199316.0455,214449.0805,215030.401,214280.7625,212912.3995,211282.728,209570.9755,207869.613,207869.613,207869.613,220005.133,222429.6395,224854.6655,227279.172,230621.5128
United States of America,Agri-food systems,Emissions (CO2eq) from CH4 (AR5),kilotonnes,278458.5334,277812.4759,276836.578,275962.5973,276109.8489,278308.3875,278908.6874,279952.9439,281710.4736,278615.9225,279112.0345,275170.4114,272574.6778,269063.1949,269751.0036,270296.6602,277662.7587,278281.8232,282146.724,281754.7785,281857.9195
United States of America,Agri-food systems,Emissions (CO2eq) from N2O (AR5),kilotonnes,165065.018,164262.2646,164135.711,170467.0971,169836.9995,168144.2239,174109.8458,173229.5462,168258.3104,170576.8737,173134.1347,175601.8035,172892.945,174530.8242,173472.0483,172917.9992,177364.5968,175873.524,176698.9167,174444.0004,174696.8279
United States of America,Agri-food systems,Emissions (CO2eq) (AR5),kilotonnes,1049707.51,1016033.795,1023959.987,1051357.529,1082644.76,1104048.131,1130276.593,1147993.106,1144307.703,1115315.897,1127761.907,1103851.629,1074471.129,1104313.698,1107798.939,1110615.662,1200576.907,1200567.114,1215373.344,1218630.284,1182148.493
United States of America,IPCC Agriculture,Emissions (CH4),kilotonnes,7992.2583,7962.4217,7938.7437,7901.7469,7902.8739,7967.5784,7987.0111,8013.63,8079.047,7972.9443,7994.9415,7847.1538,7759.5876,7635.5627,7656.4569,7667.3093,7922.5561,7950.8914,8092.4879,8077.2308,8102.9989
United States of America,IPCC Agriculture,Emissions (CH4),kilotonnes,9389.4589,9265.8219,9402.4874,9301.578,9141.8709,9418.7607,9397.5635,9736.301,9566.1368,9570.847,9681.9667,9459.2906,9442.5454,9258.4438,9230.6156,9519.9685,9786.7137,9910.7066,10043.1346,10013.3065,10036.4124
United States of America,IPCC Agriculture,Direct emissions (N2O),kilotonnes,378.839,376.6623,375.4414,394.9246,391.0163,384.569,400.0013,398.6279,383.9925,394.8047,400.2488,405.0628,400.7317,406.1072,403.6442,403.6946,414.9918,408.5334,410.3757,405.3958,407.5703
United States of America,IPCC Agriculture,Indirect emissions (N2O),kilotonnes,109.064,108.7398,108.9256,114.7137,112.9369,111.2368,116.459,115.3385,110.6025,113.8513,115.9158,118.0172,117.0725,117.9096,116.987,117.0712,119.4483,117.9983,118.5236,117.4949,117.8751
United States of America,IPCC Agriculture,Emissions (N2O),kilotonnes,563.0089,558.7175,558.7485,584.0243,578.7976,572.0862,592.112,590.7441,570.2135,583.1934,589.5013,598.8634,592.1886,596.366,592.8721,594.2439,608.7143,602.3591,604.8139,598.1432,602.1395
United States of America,IPCC Agriculture,Emissions (N2O),kilotonnes,1044.7702,1118.7657,1112.0754,1116.7672,1157.9026,1108.4206,1095.0722,1131.875,1119.629,1135.0969,1148.1673,1106.7238,1041.6218,1201.0917,1233.697,1232.0102,1172.6091,1165.9428,1202.6016,1224.7492,1127.858
United States of America,IPCC Agriculture,Emissions (CO2),kilotonnes,7541.2021,7824.7894,8548.7978,8259.9271,7555.0568,7853.7091,7875.1202,8221.5043,8637.6348,7224.2874,8561.5422,7970.3392,10259.0182,8350.4359,8121.5952,8391.283,7760.9094,7977.0626,7266.5625,7552.8603,7656.5224
United States of America,IPCC Agriculture,Emissions (CO2eq) from CH4 (AR5),kilotonnes,223783.2322,222947.8082,222284.8233,221248.9123,221280.4685,223092.1948,223636.3109,224381.6387,226213.3171,223242.44,223858.3631,219720.3058,217268.4537,213795.7564,214380.7935,214684.6617,221831.5711,222624.9581,226589.6608,226162.4622,226883.9689
United States of America,IPCC Agriculture,Emissions (CO2eq) from CH4 (AR5),kilotonnes,262904.848,259443.0133,263269.646,260444.1851,255972.3839,263725.2983,263131.7792,272616.4269,267851.8291,267983.7149,271095.0678,264860.1366,264391.2709,259236.4261,258457.2361,266559.1185,274027.983,277499.7854,281207.7691,280372.5812,281019.5469
United States of America,IPCC Agriculture,Emissions (CO2eq) from N2O (AR5),kilotonnes,149197.3483,148060.1276,148068.3614,154766.4516,153381.3667,151602.8372,156909.6851,156547.1756,151106.5871,154546.2568,156217.8526,158698.7903,156929.9769,158037.0001,157111.1176,157474.6453,161309.3006,159625.1716,160275.6769,158507.9444,159566.9683
United States of America,IPCC Agriculture,Emissions (CO2eq) from N2O (AR5),kilotonnes,276864.0921,296472.9155,294699.9683,295943.3157,306844.193,293731.4577,290194.1394,299946.8681,296701.6887,300800.6883,304264.326,293281.794,276029.7828,318289.2928,326929.7018,326482.6956,310741.4049,308974.851,318689.428,324558.5436,298882.3827
United States of America,IPCC Agriculture,Emissions (CO2eq) (AR5),kilotonnes,372980.5805,371007.9358,370353.1847,376015.3639,374661.8353,374695.0321,380545.996,380928.8143,377319.9042,377788.6968,380076.2157,378419.0961,374198.4305,371832.7565,371491.9111,372159.3071,383140.8717,382250.1296,386865.3377,384670.4066,386450.9372
United States of America,IPCC Agriculture,Emissions (CO2eq) (AR5),kilotonnes,547310.1422,563740.7183,566518.4121,564647.4279,570371.6337,565310.4651,561201.0388,580784.7993,573191.1526,576008.6905,583920.936,566112.2698,550680.072,585876.1548,593508.5331,601433.0971,592530.2973,594451.699,607163.7595,612483.9851,587558.4521
United States of America,Agricultural Soils,Direct emissions (N2O),kilotonnes,378.839,376.6623,375.4414,394.9246,391.0163,384.569,400.0013,398.6279,383.9925,394.8047,400.2488,405.0628,400.7317,406.1072,403.6442,403.6946,414.9918,408.5334,410.3757,405.3958,407.5703
United States of America,Agricultural Soils,Direct emissions (N2O),kilotonnes,860.5908,913.0646,916.164,917.7847,944.9866,915.6916,895.3586,921.9831,905.9836,923.1314,936.3933,898.0614,857.0316,980.7116,1017.2447,991.5787,946.2967,942.3977,961.192,976.1518,911.6591
United States of America,Agricultural Soils,Indirect emissions (N2O),kilotonnes,109.064,108.7398,108.9256,114.7137,112.9369,111.2368,116.459,115.3385,110.6025,113.8513,115.9158,118.0172,117.0725,117.9096,116.987,117.0712,119.4483,117.9983,118.5236,117.4949,117.8751
United States of America,Agricultural Soils,Indirect emissions (N2O),kilotonnes,128.9041,150.8412,139.8757,142.4144,158.5279,137.402,141.9663,151.7971,156.2457,154.821,154.3228,150.4894,125.9938,161.7869,157.8613,180.176,163.937,159.1446,176.0341,182.4696,149.516
United States of America,Agricultural Soils,Emissions (N2O),kilotonnes,509.9658,507.4802,506.457,531.7344,526.0453,517.8891,538.5373,536.0427,516.671,530.7337,538.2542,545.1783,539.8968,546.0855,542.684,542.8094,556.4519,548.5496,551.0054,545.0147,547.575
United States of America,Agricultural Soils,Emissions (N2O),kilotonnes,989.4949,1063.9058,1056.0397,1060.1991,1103.5145,1053.0936,1037.325,1073.7803,1062.2293,1077.9524,1090.716,1048.5507,983.0254,1142.4985,1175.106,1171.7547,1110.2337,1101.5423,1137.226,1158.6213,1061.1751
United States of America,Agricultural Soils,Emissions (CO2eq) from N2O (AR5),kilotonnes,135140.9383,134482.2593,134211.1034,140909.6146,139402.0024,137240.6068,142712.3959,142051.3239,136917.805,140644.4198,142637.3618,144472.2389,143072.6589,144712.6563,143811.2643,143844.5018,147459.741,145365.6359,146016.4206,144428.8929,145107.3872
United States of America,Agricultural Soils,Emissions (CO2eq) from N2O (AR5),kilotonnes,262216.1535,281935.0386,279850.5173,280952.7591,292431.3536,279069.8035,274891.112,284551.7718,281490.7656,285657.3894,289039.7503,277865.9482,260501.719,302762.1097,311403.0974,310514.9918,294211.9241,291908.7129,301364.8972,307034.6551,281211.4004
United States of America,Agricultural Soils,Emissions (CO2eq) (AR5),kilotonnes,135140.9383,134482.2593,134211.1034,140909.6146,139402.0024,137240.6068,142712.3959,142051.3239,136917.805,140644.4198,142637.3618,144472.2389,143072.6589,144712.6563,143811.2643,143844.5018,147459.741,145365.6359,146016.4206,144428.8929,145107.3872
United States of America,Agricultural Soils,Emissions (CO2eq) (AR5),kilotonnes,262216.1535,281935.0386,279850.5173,280952.7591,292431.3536,279069.8035,274891.112,284551.7718,281490.7656,285657.3894,289039.7503,277865.9482,260501.719,302762.1097,311403.0974,310514.9918,294211.9241,291908.7129,301364.8972,307034.6551,281211.4004
United States of America,LULUCF,Emissions (CH4),kilotonnes,86.6179,10.2492,28.2706,23.4544,23.0224,17.5378,20.8211,29.8637,39.6283,20.9515,17.485,25.4863,22.4845,24.6102,25.6149,42.8232,27.5646,51.0563,47.0909,22.8176,103.5584
United States of America,LULUCF,Emissions (CH4),kilotonnes,248.7045,210.4437,523.1613,414.8173,453.3773,372.4355,265.9635,513.475,259.9199,347.4717,281.0128,289.352,524.9277,272.4592,398.9047,663.2874,308.2938,613.8008,551.5571,551.8528,
United States of America,LULUCF,Emissions (N2O),kilotonnes,4.7637,0.9358,2.5812,2.1415,2.102,1.6013,1.9011,2.7267,3.6182,1.913,1.5965,2.327,2.0529,2.247,2.3388,3.9099,2.5168,4.6617,4.2996,2.0833,9.4553
United States of America,LULUCF,Emissions (N2O),kilotonnes,16.6497,14.1097,30.5727,25.019,29.2807,25.0298,20.0688,33.5263,18.883,23.2976,16.4698,18.4629,30.4064,16.1883,23.5217,37.7973,18.4057,35.6956,32.4159,32.4532,
United States of America,LULUCF,Emissions (CO2),kilotonnes,-408670.4758,-391566.8881,-391556.0701,-391555.8076,-391598.4606,-391646.1011,-391700.0309,-391761.8558,-391822.7619,-391851.6756,-391854.815,-408901.7043,-408953.2761,-409069.6612,-409128.2035,-409168.0168,-221675.5905,-221714.4649,-221588.7697,-221453.7552,-221460.0046
United States of America,LULUCF,Emissions (CO2),kilotonnes,-865137.784,-861743.8876,-837867.9209,-854867.1784,-755201.2052,-804822.5944,-859921.3133,-821627.781,-803814.6692,-771871.6446,-795817.8319,-813298.7749,-829167.3975,-800184.5304,-815493.5358,-791694.7653,-855998.1745,-792046.3472,-824885.247,-812694.7721,
United States of America,LULUCF,Emissions (CO2eq) from CH4 (AR5),kilotonnes,2425.3015,286.9779,791.5762,656.7221,644.628,491.0588,582.9919,836.1839,1109.5925,586.6413,489.5794,713.6173,629.5671,689.0864,717.2173,1199.0507,771.8086,1429.5751,1318.5455,638.8928,2899.6363
United States of America,LULUCF,Emissions (CO2eq) from N2O (AR5),kilotonnes,1262.3755,247.9863,684.0251,567.4935,557.0427,424.3389,503.781,722.572,958.8327,506.9346,423.0605,616.6584,544.0281,595.4606,619.7693,1036.1362,666.9433,1235.3393,1139.3953,552.0868,2505.664
United States of America,LULUCF,Emissions (CO2eq) (AR5),kilotonnes,-404982.7988,-391031.9239,-390080.4687,-390331.592,-390396.7898,-390730.7034,-390613.258,-390203.0999,-389754.3367,-390758.0997,-390942.1751,-407571.4286,-407779.6808,-407785.1142,-407791.2169,-406932.83,-220236.8386,-219049.5505,-219130.8288,-220262.7756,-216054.7043
United States of America,LULUCF,Emissions (CO2eq) (AR5),kilotonnes,-865137.784,-861743.8876,-837867.9209,-854867.1784,-755201.2052,-804822.5944,-859921.3133,-821627.781,-803814.6692,-771871.6446,-795817.8319,-813298.7749,-829167.3975,-800184.5304,-815493.5358,-791694.7653,-855998.1745,-792046.3472,-824885.247,-812694.7721,
United States of America,AFOLU,Emissions (CH4),kilotonnes,8078.8762,7972.6709,7967.0143,7925.2012,7925.8963,7985.1162,8007.8322,8043.4937,8118.6753,7993.8958,8012.4265,7872.6401,7782.0722,7660.173,7682.0718,7710.1326,7950.1207,8001.9476,8139.5788,8100.0484,8206.5573
United States of America,AFOLU,Emissions (N2O),kilotonnes,567.7725,559.6533,561.3298,586.1658,580.8997,573.6875,594.0131,593.4707,573.8318,585.1064,591.0978,601.1904,594.2415,598.6131,595.2109,598.1539,611.2311,607.0208,609.1135,600.2265,611.5948
United States of America,AFOLU,Emissions (CO2),kilotonnes,-408670.4758,-391566.8881,-391556.0701,-391555.8076,-391598.4606,-391646.1011,-391700.0309,-391761.8558,-391822.7619,-391851.6756,-391854.815,-408901.7043,-408953.2761,-409069.6612,-409128.2035,-409168.0168,-221675.5905,-221714.4649,-221588.7697,-221453.7552,-221460.0046
United States of America,AFOLU,Emissions (CO2eq) from CH4 (AR5),kilotonnes,226208.5337,223234.7861,223076.3995,221905.6343,221925.0966,223583.2536,224219.3027,225217.8226,227322.9097,223829.0813,224347.9425,220433.9231,217898.0208,214484.8429,215098.0108,215883.7124,222603.3797,224054.5331,227908.2063,226801.3551,229783.6052
United States of America,AFOLU,Emissions (CO2eq) from N2O (AR5),kilotonnes,150459.7238,148308.1139,148752.3865,155333.9451,153938.4094,152027.1761,157413.4661,157269.7476,152065.4198,155053.1915,156640.9131,159315.4487,157474.005,158632.4607,157730.8868,158510.7815,161976.2439,160860.5109,161415.0723,159060.0311,162072.6323
United States of America,AFOLU,Emissions (CO2eq) (AR5),kilotonnes,-32002.2183,-20023.9882,-19727.284,-14316.2281,-15734.9546,-16035.6714,-10067.262,-9274.2857,-12434.4325,-12969.4028,-10865.9594,-29152.3325,-33581.2503,-35952.3576,-36299.3059,-34773.5229,162904.0331,163200.5791,167734.5088,164407.631,170396.2329
United States of America,All sectors with LULUCF,Emissions (CH4),kilotonnes,26931.2762,26200.5709,25706.7143,25696.1012,25527.5963,25462.6162,25714.6322,26029.2937,26551.8753,25134.9958,24484.4265,24585.8401,24156.4722,24154.973,24317.8718,23969.9326,23364.7207,23867.1476,24290.5788,24223.8484,23668.1573
United States of America,All sectors with LULUCF,Emissions (N2O),kilotonnes,1044.3725,1013.2533,1003.9298,1019.9658,1013.5997,1001.7875,1017.3131,1022.0707,978.5318,960.1064,986.2978,987.8904,969.7415,987.2131,986.0109,983.6539,994.7311,985.4208,992.8135,953.3265,952.3948
United States of America,All sectors with LULUCF,Emissions (CO2),kilotonnes,5482059.524,5380163.112,5424173.93,5454174.192,5541131.539,5566083.899,5471029.969,5555968.144,5370907.238,5008878.324,5142875.185,4997828.296,4810776.724,4902660.339,4965601.797,4878561.983,4926054.41,4891015.535,5052141.23,4908276.245,4334269.995
United States of America,All sectors with LULUCF,Emissions (CO2eq) from F-gases (AR5),kilotonnes,172000.5612,175887.5795,196294.4257,206983.7262,227390.5724,247797.4186,270147.774,291526.3749,309017.9574,335255.3311,376069.0236,381899.5511,373153.7598,371210.2507,381899.5511,384814.8148,383843.0602,386758.324,384814.8148,396475.8698,402306.3973
United States of America,All sectors with LULUCF,Emissions (CO2eq) from CH4 (AR5),kilotonnes,754075.7337,733615.9861,719787.9995,719490.8343,714772.6966,712953.2536,720009.7027,728820.2226,743452.5097,703779.8813,685563.9425,688403.5231,676381.2208,676339.2429,680900.4108,671158.1124,654212.1797,668280.1331,680136.2063,678267.7551,662708.4052
United States of America,All sectors with LULUCF,Emissions (CO2eq) from N2O (AR5),kilotonnes,276758.7238,268512.1139,266041.3865,270290.9451,268603.9094,265473.6761,269587.9661,270848.7476,259310.9198,254428.1915,261368.9131,261790.9487,256981.505,261611.4607,261292.8868,260668.2815,263603.7439,261136.5109,263095.5723,252631.5311,252384.6323
United States of America,All sectors with LULUCF,Emissions (CO2eq) (AR5),kilotonnes,6684894.543,6558178.791,6606297.742,6650939.698,6751898.718,6792308.247,6730775.412,6847163.489,6682688.625,6302341.728,6465877.064,6329922.319,6117293.21,6211821.293,6289694.645,6195203.192,6227713.393,6207190.503,6380187.824,6235651.401,5651669.43
United States of America,All sectors without LULUCF,Emissions (CH4),kilotonnes,26844.6583,26190.3217,25678.4437,25672.6469,25504.5739,25445.0784,25693.8111,25999.43,26512.247,25114.0443,24466.9415,24560.3538,24133.9876,24130.3627,24292.2569,23927.1093,23337.1561,23816.0914,24243.4879,24201.0308,23564.5989
United States of America,All sectors without LULUCF,Emissions (N2O),kilotonnes,1039.6089,1012.3175,1001.3485,1017.8243,1011.4976,1000.1862,1015.412,1019.3441,974.9135,958.1934,984.7013,985.5634,967.6886,984.966,983.6721,979.7439,992.2143,980.7591,988.5139,951.2432,942.9395
United States of America,All sectors without LULUCF,Emissions (CO2),kilotonnes,5890730,5771730,5815730,5845730,5932730,5957730,5862730,5947730,5762730,5400730,5534730,5406730,5219730,5311730,5374730,5287730,5147730,5112730,5273730,5129730,4555730
United States of America,All sectors without LULUCF,Emissions (CO2eq) from F-gases (AR5),kilotonnes,172000.5612,175887.5795,196294.4257,206983.7262,227390.5724,247797.4186,270147.774,291526.3749,309017.9574,335255.3311,376069.0236,381899.5511,373153.7598,371210.2507,381899.5511,384814.8148,383843.0602,386758.324,384814.8148,396475.8698,402306.3973
United States of America,All sectors without LULUCF,Emissions (CO2eq) from CH4 (AR5),kilotonnes,751650.4322,733329.0082,718996.4233,718834.1123,714128.0685,712462.1948,719426.7109,727984.0387,742342.9171,703193.24,685074.3631,687689.9058,675751.6537,675650.1564,680183.1935,669959.0617,653440.3711,666850.5581,678817.6608,677628.8622,659808.7689
United States of America,All sectors without LULUCF,Emissions (CO2eq) from N2O (AR5),kilotonnes,275496.3483,268264.1276,265357.3614,269723.4516,268046.8667,265049.3372,269084.1851,270126.1756,258352.0871,253921.2568,260945.8526,261174.2903,256437.4769,261016.0001,260673.1176,259632.1453,262936.8006,259901.1716,261956.1769,252079.4444,249878.9683
United States of America,All sectors without LULUCF,Emissions (CO2eq) (AR5),kilotonnes,7089877.342,6949210.715,6996378.21,7041271.29,7142295.508,7183038.951,7121388.67,7237366.589,7072442.962,6693099.828,6856819.239,6737493.747,6525072.89,6619606.407,6697485.862,6602136.022,6447950.232,6426240.054,6599318.653,6455914.176,5867724.135
United States Virgin Islands,Burning - Crop residues,Emissions (CH4),kilotonnes,,,,,,,,,,,,,,,,,,,,,
United States Virgin Islands,Burning - Crop residues,Emissions (N2O),kilotonnes,,,,,,,,,,,,,,,,,,,,,
United States Virgin Islands,Burning - Crop residues,Emissions (CO2eq) from CH4 (AR5),kilotonnes,,,,,,,,,,,,,,,,,,,,,
United States Virgin Islands,Burning - Crop residues,Emissions (CO2eq) from N2O (AR5),kilotonnes,,,,,,,,,,,,,,,,,,,,,
United States Virgin Islands,Burning - Crop residues,Emissions (CO2eq) (AR5),kilotonnes,,,,,,,,,,,,,,,,,,,,,
United States Virgin Islands,Drained organic soils,Emissions (CO2eq) (AR5),kilotonnes,0,0,0,0,0,0,0,0,0,0,0,0,0,0,0,0,0,0,0,0,0
United States Virgin Islands,Drained organic soils (CO2),Emissions (CO2),kilotonnes,0,0,0,0,0,0,0,0,0,0,0,0,0,0,0,0,0,0,0,0,0
United States Virgin Islands,Drained organic soils (CO2),Emissions (CO2eq) (AR5),kilotonnes,0,0,0,0,0,0,0,0,0,0,0,0,0,0,0,0,0,0,0,0,0
United States Virgin Islands,Drained organic soils (N2O),Emissions (N2O),kilotonnes,0,0,0,0,0,0,0,0,0,0,0,0,0,0,0,0,0,0,0,0,0
United States Virgin Islands,Drained organic soils (N2O),Emissions (CO2eq) from N2O (AR5),kilotonnes,0,0,0,0,0,0,0,0,0,0,0,0,0,0,0,0,0,0,0,0,0
United States Virgin Islands,Drained organic soils (N2O),Emissions (CO2eq) (AR5),kilotonnes,0,0,0,0,0,0,0,0,0,0,0,0,0,0,0,0,0,0,0,0,0
United States Virgin Islands,Forestland,Emissions (CO2),kilotonnes,0,-58.8593,-58.8593,-58.8593,-58.8593,-58.8593,-58.8593,-58.8593,-58.8593,-58.8593,-58.8593,-42.3705,-42.3705,-42.3705,-42.3705,-42.3705,-165.4599,-165.4599,-165.4599,-165.4599,-165.4599
United States Virgin Islands,Forestland,Emissions (CO2eq) (AR5),kilotonnes,0,-58.8593,-58.8593,-58.8593,-58.8593,-58.8593,-58.8593,-58.8593,-58.8593,-58.8593,-58.8593,-42.3705,-42.3705,-42.3705,-42.3705,-42.3705,-165.4599,-165.4599,-165.4599,-165.4599,-165.4599
United States Virgin Islands,Net Forest conversion,Emissions (CO2),kilotonnes,24.4295,12.2448,12.2448,12.2448,12.2448,12.2448,12.2448,12.2448,12.2448,12.2448,12.2448,0,0,0,0,0,0,0,0,0,0
United States Virgin Islands,Net Forest conversion,Emissions (CO2eq) (AR5),kilotonnes,24.4295,12.2448,12.2448,12.2448,12.2448,12.2448,12.2448,12.2448,12.2448,12.2448,12.2448,0,0,0,0,0,0,0,0,0,0
United States Virgin Islands,Savanna fires,Emissions (CH4),kilotonnes,0,0,0,0,0,0,0,0,0,0,0,0,0,0,0,0,0,0,0,0,0
United States Virgin Islands,Savanna fires,Emissions (N2O),kilotonnes,0,0,0,0,0,0,0,0,0,0,0,0,0,0,0,0,0,0,0,0,0
United States Virgin Islands,Savanna fires,Emissions (CO2eq) from CH4 (AR5),kilotonnes,0,0,0,0,0,0,0,0,0,0,0,0,0,0,0,0,0,0,0,0,0
United States Virgin Islands,Savanna fires,Emissions (CO2eq) from N2O (AR5),kilotonnes,0,0,0,0,0,0,0,0,0,0,0,0,0,0,0,0,0,0,0,0,0
United States Virgin Islands,Savanna fires,Emissions (CO2eq) (AR5),kilotonnes,0,0,0,0,0,0,0,0,0,0,0,0,0,0,0,0,0,0,0,0,0
United States Virgin Islands,Fires in organic soils,Emissions (CH4),kilotonnes,0,0,0,0,0,0,0,0,0,0,0,0,0,0,0,0,0,0,0,0,0
United States Virgin Islands,Fires in organic soils,Emissions (CO2),kilotonnes,0,0,0,0,0,0,0,0,0,0,0,0,0,0,0,0,0,0,0,0,0
United States Virgin Islands,Fires in organic soils,Emissions (CO2eq) from CH4 (AR5),kilotonnes,0,0,0,0,0,0,0,0,0,0,0,0,0,0,0,0,0,0,0,0,0
United States Virgin Islands,Fires in organic soils,Emissions (CO2eq) (AR5),kilotonnes,0,0,0,0,0,0,0,0,0,0,0,0,0,0,0,0,0,0,0,0,0
United States Virgin Islands,Forest fires,Emissions (CH4),kilotonnes,0,0,0,0,0,0,0,0,0,0,0,0,0,0,0,0,0,0,0,0,0
United States Virgin Islands,Forest fires,Emissions (N2O),kilotonnes,0,0,0,0,0,0,0,0,0,0,0,0,0,0,0,0,0,0,0,0,0
United States Virgin Islands,Forest fires,Emissions (CO2eq) from CH4 (AR5),kilotonnes,0,0,0,0,0,0,0,0,0,0,0,0,0,0,0,0,0,0,0,0,0
United States Virgin Islands,Forest fires,Emissions (CO2eq) from N2O (AR5),kilotonnes,0,0,0,0,0,0,0,0,0,0,0,0,0,0,0,0,0,0,0,0,0
United States Virgin Islands,Forest fires,Emissions (CO2eq) (AR5),kilotonnes,0,0,0,0,0,0,0,0,0,0,0,0,0,0,0,0,0,0,0,0,0
United States Virgin Islands,Fires in humid tropical forests,Emissions (CH4),kilotonnes,0,0,0,0,0,0,0,0,0,0,0,0,0,0,0,0,0,0,0,0,0
United States Virgin Islands,Fires in humid tropical forests,Emissions (N2O),kilotonnes,0,0,0,0,0,0,0,0,0,0,0,0,0,0,0,0,0,0,0,0,0
United States Virgin Islands,Fires in humid tropical forests,Emissions (CO2eq) from CH4 (AR5),kilotonnes,0,0,0,0,0,0,0,0,0,0,0,0,0,0,0,0,0,0,0,0,0
United States Virgin Islands,Fires in humid tropical forests,Emissions (CO2eq) from N2O (AR5),kilotonnes,0,0,0,0,0,0,0,0,0,0,0,0,0,0,0,0,0,0,0,0,0
United States Virgin Islands,Fires in humid tropical forests,Emissions (CO2eq) (AR5),kilotonnes,0,0,0,0,0,0,0,0,0,0,0,0,0,0,0,0,0,0,0,0,0
United States Virgin Islands,Waste - agri-food systems,Emissions (CH4),kilotonnes,0.1388,0.1387,1.5605,2.4266,3.0134,3.4164,3.6867,3.8721,3.9883,4.0661,4.12,4.1545,4.1755,4.1838,4.1854,4.1891,4.1938,4.1966,4.2004,4.2058,4.2103
United States Virgin Islands,Waste - agri-food systems,Emissions (N2O),kilotonnes,0,0,0,0,0,0,0,0,0,0,0,0,0,0,0,0,0,0,0,0,0
United States Virgin Islands,Waste - agri-food systems,Emissions (CO2),kilotonnes,0,0,20.6541,20.705,20.7973,20.9422,20.9541,21.0151,20.9022,20.8926,20.9198,20.8975,20.8671,20.7825,20.7378,20.7634,20.7975,20.7965,20.8278,20.8736,20.8933
United States Virgin Islands,Waste - agri-food systems,Emissions (CO2eq) from CH4 (AR5),kilotonnes,3.8859,3.8826,43.6932,67.9461,84.3763,95.6589,103.227,108.4181,111.6712,113.8497,115.3608,116.3248,116.9133,117.146,117.1903,117.2949,117.4266,117.5036,117.6113,117.7614,117.8883
United States Virgin Islands,Waste - agri-food systems,Emissions (CO2eq) from N2O (AR5),kilotonnes,0,0,0.0051,0.0048,0.0049,0.0049,0.0052,0.0054,0.0052,0.0054,0.0054,0.0053,0.0053,0.0053,0.0026,0.0026,0.0028,0.0028,0.0028,0.0027,0.0025
United States Virgin Islands,Waste - agri-food systems,Emissions (CO2eq) (AR5),kilotonnes,3.8859,3.8826,64.3524,88.656,105.1785,116.6061,124.1862,129.4386,132.5787,134.7477,136.2861,137.2277,137.7858,137.9338,137.9307,138.061,138.2269,138.3029,138.4419,138.6376,138.7842
United States Virgin Islands,Farm-gate emissions,Emissions (CH4),kilotonnes,0,0,0,0,0,0,0,0,0,0,0,0,0,0,0,0,0,0,0,0,0
United States Virgin Islands,Farm-gate emissions,Emissions (N2O),kilotonnes,0,0,0,0,0,0,0,0,0,0,0,0,0,0,0,0,0,0,0,0,0
United States Virgin Islands,Farm-gate emissions,Emissions (CO2),kilotonnes,0,0,0,0,0,0,0,0,0,0,0,0,0,0,0,0,0,0,0,0,0
United States Virgin Islands,Farm-gate emissions,Emissions (CO2eq) from CH4 (AR5),kilotonnes,0,0,0,0,0,0,0,0,0,0,0,0,0,0,0,0,0,0,0,0,0
United States Virgin Islands,Farm-gate emissions,Emissions (CO2eq) from N2O (AR5),kilotonnes,0,0,0,0,0,0,0,0,0,0,0,0,0,0,0,0,0,0,0,0,0
United States Virgin Islands,Farm-gate emissions,Emissions (CO2eq) (AR5),kilotonnes,0,0,0,0,0,0,0,0,0,0,0,0,0,0,0,0,0,0,0,0,0
United States Virgin Islands,Land Use change,Emissions (CH4),kilotonnes,0,0,0,0,0,0,0,0,0,0,0,0,0,0,0,0,0,0,0,0,0
United States Virgin Islands,Land Use change,Emissions (N2O),kilotonnes,0,0,0,0,0,0,0,0,0,0,0,0,0,0,0,0,0,0,0,0,0
United States Virgin Islands,Land Use change,Emissions (CO2),kilotonnes,24.4295,12.2448,12.2448,12.2448,12.2448,12.2448,12.2448,12.2448,12.2448,12.2448,12.2448,0,0,0,0,0,0,0,0,0,0
United States Virgin Islands,Land Use change,Emissions (CO2eq) from CH4 (AR5),kilotonnes,0,0,0,0,0,0,0,0,0,0,0,0,0,0,0,0,0,0,0,0,0
United States Virgin Islands,Land Use change,Emissions (CO2eq) from N2O (AR5),kilotonnes,0,0,0,0,0,0,0,0,0,0,0,0,0,0,0,0,0,0,0,0,0
United States Virgin Islands,Land Use change,Emissions (CO2eq) (AR5),kilotonnes,24.4295,12.2448,12.2448,12.2448,12.2448,12.2448,12.2448,12.2448,12.2448,12.2448,12.2448,0,0,0,0,0,0,0,0,0,0
United States Virgin Islands,Emissions on agricultural land,Emissions (CH4),kilotonnes,0,0,0,0,0,0,0,0,0,0,0,0,0,0,0,0,0,0,0,0,0
United States Virgin Islands,Emissions on agricultural land,Emissions (N2O),kilotonnes,0,0,0,0,0,0,0,0,0,0,0,0,0,0,0,0,0,0,0,0,0
United States Virgin Islands,Emissions on agricultural land,Emissions (CO2),kilotonnes,24.4295,12.2448,12.2448,12.2448,12.2448,12.2448,12.2448,12.2448,12.2448,12.2448,12.2448,0,0,0,0,0,0,0,0,0,0
United States Virgin Islands,Emissions on agricultural land,Emissions (CO2eq) from CH4 (AR5),kilotonnes,0,0,0,0,0,0,0,0,0,0,0,0,0,0,0,0,0,0,0,0,0
United States Virgin Islands,Emissions on agricultural land,Emissions (CO2eq) from N2O (AR5),kilotonnes,0,0,0,0,0,0,0,0,0,0,0,0,0,0,0,0,0,0,0,0,0
United States Virgin Islands,Emissions on agricultural land,Emissions (CO2eq) (AR5),kilotonnes,24.4295,12.2448,12.2448,12.2448,12.2448,12.2448,12.2448,12.2448,12.2448,12.2448,12.2448,0,0,0,0,0,0,0,0,0,0
United States Virgin Islands,Pre- and post- production,Emissions (CH4),kilotonnes,0.1388,0.1387,1.5605,2.4266,3.0134,3.4164,3.6867,3.8721,3.9883,4.0661,4.12,4.1545,4.1755,4.1838,4.1854,4.1891,4.1938,4.1966,4.2004,4.2058,4.2103
United States Virgin Islands,Pre- and post- production,Emissions (N2O),kilotonnes,0,0,0,0,0,0,0,0,0,0,0,0,0,0,0,0,0,0,0,0,0
United States Virgin Islands,Pre- and post- production,Emissions (CO2),kilotonnes,0,0,20.6541,20.705,20.7973,20.9422,20.9541,21.0151,20.9022,20.8926,20.9198,20.8975,20.8671,20.7825,20.7378,20.7634,20.7975,20.7965,20.8278,20.8736,20.8933
United States Virgin Islands,Pre- and post- production,Emissions (CO2eq) from CH4 (AR5),kilotonnes,3.8859,3.8826,43.6932,67.9461,84.3763,95.6589,103.227,108.4181,111.6712,113.8497,115.3608,116.3248,116.9133,117.146,117.1903,117.2949,117.4266,117.5036,117.6113,117.7614,117.8883
United States Virgin Islands,Pre- and post- production,Emissions (CO2eq) from N2O (AR5),kilotonnes,0,0,0.0051,0.0048,0.0049,0.0049,0.0052,0.0054,0.0052,0.0054,0.0054,0.0053,0.0053,0.0053,0.0026,0.0026,0.0028,0.0028,0.0028,0.0027,0.0025
United States Virgin Islands,Pre- and post- production,Emissions (CO2eq) (AR5),kilotonnes,3.8859,3.8826,64.3524,88.656,105.1785,116.6061,124.1862,129.4386,132.5787,134.7477,136.2861,137.2277,137.7858,137.9338,137.9307,138.061,138.2269,138.3029,138.4419,138.6376,138.7842
United States Virgin Islands,Agri-food systems,Emissions (CH4),kilotonnes,0.1388,0.1387,1.5605,2.4266,3.0134,3.4164,3.6867,3.8721,3.9883,4.0661,4.12,4.1545,4.1755,4.1838,4.1854,4.1891,4.1938,4.1966,4.2004,4.2058,4.2103
United States Virgin Islands,Agri-food systems,Emissions (N2O),kilotonnes,0,0,0,0,0,0,0,0,0,0,0,0,0,0,0,0,0,0,0,0,0
United States Virgin Islands,Agri-food systems,Emissions (CO2),kilotonnes,24.4295,12.2448,32.8988,32.9498,33.042,33.187,33.1988,33.2599,33.147,33.1374,33.1646,20.8975,20.8671,20.7825,20.7378,20.7634,20.7975,20.7965,20.8278,20.8736,20.8933
United States Virgin Islands,Agri-food systems,Emissions (CO2eq) from CH4 (AR5),kilotonnes,3.8859,3.8826,43.6932,67.9461,84.3763,95.6589,103.227,108.4181,111.6712,113.8497,115.3608,116.3248,116.9133,117.146,117.1903,117.2949,117.4266,117.5036,117.6113,117.7614,117.8883
United States Virgin Islands,Agri-food systems,Emissions (CO2eq) from N2O (AR5),kilotonnes,0,0,0.0051,0.0048,0.0049,0.0049,0.0052,0.0054,0.0052,0.0054,0.0054,0.0053,0.0053,0.0053,0.0026,0.0026,0.0028,0.0028,0.0028,0.0027,0.0025
United States Virgin Islands,Agri-food systems,Emissions (CO2eq) (AR5),kilotonnes,28.3154,16.1274,76.5972,100.9007,117.4232,128.8508,136.431,141.6834,144.8234,146.9925,148.5308,137.2277,137.7858,137.9338,137.9307,138.061,138.2269,138.3029,138.4419,138.6376,138.7842
United States Virgin Islands,IPCC Agriculture,Emissions (CH4),kilotonnes,0,0,0,0,0,0,0,0,0,0,0,0,0,0,0,0,0,0,0,0,0
United States Virgin Islands,IPCC Agriculture,Emissions (N2O),kilotonnes,0,0,0,0,0,0,0,0,0,0,0,0,0,0,0,0,0,0,0,0,0
United States Virgin Islands,IPCC Agriculture,Emissions (CO2eq) from CH4 (AR5),kilotonnes,0,0,0,0,0,0,0,0,0,0,0,0,0,0,0,0,0,0,0,0,0
United States Virgin Islands,IPCC Agriculture,Emissions (CO2eq) from N2O (AR5),kilotonnes,0,0,0,0,0,0,0,0,0,0,0,0,0,0,0,0,0,0,0,0,0
United States Virgin Islands,IPCC Agriculture,Emissions (CO2eq) (AR5),kilotonnes,0,0,0,0,0,0,0,0,0,0,0,0,0,0,0,0,0,0,0,0,0
United States Virgin Islands,Agricultural Soils,Emissions (N2O),kilotonnes,0,0,0,0,0,0,0,0,0,0,0,0,0,0,0,0,0,0,0,0,0
United States Virgin Islands,Agricultural Soils,Emissions (CO2eq) from N2O (AR5),kilotonnes,0,0,0,0,0,0,0,0,0,0,0,0,0,0,0,0,0,0,0,0,0
United States Virgin Islands,Agricultural Soils,Emissions (CO2eq) (AR5),kilotonnes,0,0,0,0,0,0,0,0,0,0,0,0,0,0,0,0,0,0,0,0,0
United States Virgin Islands,LULUCF,Emissions (CH4),kilotonnes,0,0,0,0,0,0,0,0,0,0,0,0,0,0,0,0,0,0,0,0,0
United States Virgin Islands,LULUCF,Emissions (N2O),kilotonnes,0,0,0,0,0,0,0,0,0,0,0,0,0,0,0,0,0,0,0,0,0
United States Virgin Islands,LULUCF,Emissions (CO2),kilotonnes,24.4295,-46.6145,-46.6145,-46.6145,-46.6145,-46.6145,-46.6145,-46.6145,-46.6145,-46.6145,-46.6145,-42.3705,-42.3705,-42.3705,-42.3705,-42.3705,-165.4599,-165.4599,-165.4599,-165.4599,-165.4599
United States Virgin Islands,LULUCF,Emissions (CO2eq) from CH4 (AR5),kilotonnes,0,0,0,0,0,0,0,0,0,0,0,0,0,0,0,0,0,0,0,0,0
United States Virgin Islands,LULUCF,Emissions (CO2eq) from N2O (AR5),kilotonnes,0,0,0,0,0,0,0,0,0,0,0,0,0,0,0,0,0,0,0,0,0
United States Virgin Islands,LULUCF,Emissions (CO2eq) (AR5),kilotonnes,24.4295,-46.6145,-46.6145,-46.6145,-46.6145,-46.6145,-46.6145,-46.6145,-46.6145,-46.6145,-46.6145,-42.3705,-42.3705,-42.3705,-42.3705,-42.3705,-165.4599,-165.4599,-165.4599,-165.4599,-165.4599
United States Virgin Islands,AFOLU,Emissions (CH4),kilotonnes,0,0,0,0,0,0,0,0,0,0,0,0,0,0,0,0,0,0,0,0,0
United States Virgin Islands,AFOLU,Emissions (N2O),kilotonnes,0,0,0,0,0,0,0,0,0,0,0,0,0,0,0,0,0,0,0,0,0
United States Virgin Islands,AFOLU,Emissions (CO2),kilotonnes,24.4295,-46.6145,-46.6145,-46.6145,-46.6145,-46.6145,-46.6145,-46.6145,-46.6145,-46.6145,-46.6145,-42.3705,-42.3705,-42.3705,-42.3705,-42.3705,-165.4599,-165.4599,-165.4599,-165.4599,-165.4599
United States Virgin Islands,AFOLU,Emissions (CO2eq) from CH4 (AR5),kilotonnes,0,0,0,0,0,0,0,0,0,0,0,0,0,0,0,0,0,0,0,0,0
United States Virgin Islands,AFOLU,Emissions (CO2eq) from N2O (AR5),kilotonnes,0,0,0,0,0,0,0,0,0,0,0,0,0,0,0,0,0,0,0,0,0
United States Virgin Islands,AFOLU,Emissions (CO2eq) (AR5),kilotonnes,24.4295,-46.6145,-46.6145,-46.6145,-46.6145,-46.6145,-46.6145,-46.6145,-46.6145,-46.6145,-46.6145,-42.3705,-42.3705,-42.3705,-42.3705,-42.3705,-165.4599,-165.4599,-165.4599,-165.4599,-165.4599
United States Virgin Islands,All sectors with LULUCF,Emissions (CH4),kilotonnes,0,0,0,0,0,0,0,0,0,0,0,0,0,0,0,0,0,0,0,0,0
United States Virgin Islands,All sectors with LULUCF,Emissions (N2O),kilotonnes,0,0,0,0,0,0,0,0,0,0,0,0,0,0,0,0,0,0,0,0,0
United States Virgin Islands,All sectors with LULUCF,Emissions (CO2),kilotonnes,24.4295,-46.6145,-46.6145,-46.6145,-46.6145,-46.6145,-46.6145,-46.6145,-46.6145,-46.6145,-46.6145,-42.3705,-42.3705,-42.3705,-42.3705,-42.3705,-165.4599,-165.4599,-165.4599,-165.4599,-165.4599
United States Virgin Islands,All sectors with LULUCF,Emissions (CO2eq) from CH4 (AR5),kilotonnes,0,0,0,0,0,0,0,0,0,0,0,0,0,0,0,0,0,0,0,0,0
United States Virgin Islands,All sectors with LULUCF,Emissions (CO2eq) from N2O (AR5),kilotonnes,0,0,0,0,0,0,0,0,0,0,0,0,0,0,0,0,0,0,0,0,0
United States Virgin Islands,All sectors with LULUCF,Emissions (CO2eq) (AR5),kilotonnes,24.4295,-46.6145,-46.6145,-46.6145,-46.6145,-46.6145,-46.6145,-46.6145,-46.6145,-46.6145,-46.6145,-42.3705,-42.3705,-42.3705,-42.3705,-42.3705,-165.4599,-165.4599,-165.4599,-165.4599,-165.4599
United States Virgin Islands,All sectors without LULUCF,Emissions (CH4),kilotonnes,0,0,0,0,0,0,0,0,0,0,0,0,0,0,0,0,0,0,0,0,0
United States Virgin Islands,All sectors without LULUCF,Emissions (N2O),kilotonnes,0,0,0,0,0,0,0,0,0,0,0,0,0,0,0,0,0,0,0,0,0
United States Virgin Islands,All sectors without LULUCF,Emissions (CO2eq) from CH4 (AR5),kilotonnes,0,0,0,0,0,0,0,0,0,0,0,0,0,0,0,0,0,0,0,0,0
United States Virgin Islands,All sectors without LULUCF,Emissions (CO2eq) from N2O (AR5),kilotonnes,0,0,0,0,0,0,0,0,0,0,0,0,0,0,0,0,0,0,0,0,0
United States Virgin Islands,All sectors without LULUCF,Emissions (CO2eq) (AR5),kilotonnes,0,0,0,0,0,0,0,0,0,0,0,0,0,0,0,0,0,0,0,0,0
Uruguay,Crop Residues,Direct emissions (N2O),kilotonnes,0.3408,0.3077,0.3231,0.3549,0.5049,0.5383,0.5878,0.6286,0.7029,0.9207,1.1018,1.0263,1.2722,1.1759,1.379,1.291,1.1385,1.2447,0.8244,1.1558,1.0272
Uruguay,Crop Residues,Indirect emissions (N2O),kilotonnes,0.0767,0.0692,0.0727,0.0799,0.1136,0.1211,0.1323,0.1414,0.1581,0.2072,0.2479,0.2309,0.2862,0.2646,0.3103,0.2905,0.2562,0.2801,0.1855,0.2601,0.2311
Uruguay,Crop Residues,Emissions (N2O),kilotonnes,0.4175,0.3769,0.3958,0.4348,0.6186,0.6594,0.7201,0.77,0.861,1.1279,1.3497,1.2572,1.5584,1.4405,1.6892,1.5814,1.3946,1.5248,1.0099,1.4159,1.2583
Uruguay,Crop Residues,Emissions (CO2eq) from N2O (AR5),kilotonnes,110.6426,99.8741,104.8989,115.2205,163.9182,174.7326,190.8256,204.0543,228.1674,298.8974,357.6777,333.1526,412.9855,381.7232,447.644,419.0796,369.579,404.0745,267.6188,375.2068,333.452
Uruguay,Crop Residues,Emissions (CO2eq) (AR5),kilotonnes,110.6426,99.8741,104.8989,115.2205,163.9182,174.7326,190.8256,204.0543,228.1674,298.8974,357.6777,333.1526,412.9855,381.7232,447.644,419.0796,369.579,404.0745,267.6188,375.2068,333.452
Uruguay,Rice Cultivation,Emissions (CH4),kilotonnes,53.0326,43.0293,44.8655,42.952,52.2102,51.52,49.644,40.712,47.1456,44.996,45.332,54.88,50.7839,48.3,46.872,44.996,45.1343,46.048,45.472,40.6,39.284
Uruguay,Rice Cultivation,Emissions (CH4),kilotonnes,,,,,,,,,,,,,,,,,,16,,,
Uruguay,Rice Cultivation,Emissions (CO2eq) from CH4 (AR5),kilotonnes,1484.9117,1204.8198,1256.2346,1202.656,1461.8856,1442.56,1390.032,1139.936,1320.0757,1259.888,1269.296,1536.64,1421.9486,1352.4,1312.416,1259.888,1263.761,1289.3429,1273.216,1136.8,1099.952
Uruguay,Rice Cultivation,Emissions (CO2eq) from CH4 (AR5),kilotonnes,,,,,,,,,,,,,,,,,,448,,,
Uruguay,Rice Cultivation,Emissions (CO2eq) (AR5),kilotonnes,1484.9117,1204.8198,1256.2346,1202.656,1461.8856,1442.56,1390.032,1139.936,1320.0757,1259.888,1269.296,1536.64,1421.9486,1352.4,1312.416,1259.888,1263.761,1289.3429,1273.216,1136.8,1099.952
Uruguay,Rice Cultivation,Emissions (CO2eq) (AR5),kilotonnes,,,,,,,,,,,,,,,,,,448,,,
Uruguay,Burning - Crop residues,Emissions (CH4),kilotonnes,0.5386,0.5227,0.5207,0.486,0.5311,0.6363,0.5666,0.5924,0.7432,0.9981,1.1042,0.9599,1.2563,1.0858,1.1152,0.9061,0.8333,0.6655,0.6527,0.7299,0.7915
Uruguay,Burning - Crop residues,Emissions (CH4),kilotonnes,,,,,,,,,,,,,,,0.1,,0.1,0.1,,,
Uruguay,Burning - Crop residues,Emissions (N2O),kilotonnes,0.014,0.0136,0.0135,0.0126,0.0138,0.0165,0.0147,0.0154,0.0193,0.0259,0.0286,0.0249,0.0326,0.0282,0.0289,0.0235,0.0216,0.0173,0.0169,0.0189,0.0205
Uruguay,Burning - Crop residues,Emissions (N2O),kilotonnes,,,,,,,,,,,,,,,0.003,,0.0029,0.0029,,,
Uruguay,Burning - Crop residues,Emissions (CO2eq) from CH4 (AR5),kilotonnes,15.0815,14.6367,14.579,13.6082,14.8708,17.8163,15.8639,16.5868,20.8091,27.9467,30.9171,26.8758,35.177,30.4037,31.2258,25.3714,23.3323,18.634,18.2763,20.4373,22.1625
Uruguay,Burning - Crop residues,Emissions (CO2eq) from CH4 (AR5),kilotonnes,,,,,,,,,,,,,,,2.8,,2.8,2.8,,,
Uruguay,Burning - Crop residues,Emissions (CO2eq) from N2O (AR5),kilotonnes,3.7006,3.5914,3.5773,3.339,3.6489,4.3716,3.8925,4.0699,5.1059,6.8573,7.5861,6.5945,8.6314,7.4602,7.6619,6.2254,5.7251,4.5722,4.4845,5.0147,5.438
Uruguay,Burning - Crop residues,Emissions (CO2eq) from N2O (AR5),kilotonnes,,,,,,,,,,,,,,,0.795,,0.7685,0.7685,,,
Uruguay,Burning - Crop residues,Emissions (CO2eq) (AR5),kilotonnes,18.7821,18.2281,18.1562,16.9472,18.5197,22.1879,19.7564,20.6567,25.915,34.8039,38.5032,33.4703,43.8084,37.8638,38.8877,31.5967,29.0574,23.2062,22.7608,25.452,27.6005
Uruguay,Burning - Crop residues,Emissions (CO2eq) (AR5),kilotonnes,,,,,,,,,,,,,,,3.595,,3.5685,3.5685,,,
Uruguay,Enteric Fermentation,Emissions (CH4),kilotonnes,666.3865,676.2835,703.7895,725.2975,738.0075,744.4145,774.6373,764.1775,776.096,761.5235,719.1055,718.957,699.6165,706.6715,719.9753,720.5363,724.4113,710.373,694.1362,691.6506,677.8434
Uruguay,Enteric Fermentation,Emissions (CH4),kilotonnes,,,,,,,,,,,,,,,693.6,,707.3,703,,,
Uruguay,Enteric Fermentation,Emissions (CO2eq) from CH4 (AR5),kilotonnes,18658.822,18935.938,19706.106,20308.33,20664.21,20843.606,21689.844,21396.97,21730.688,21322.658,20134.954,20130.796,19589.262,19786.802,20159.3078,20175.017,20283.5161,19890.4452,19435.8137,19366.2181,18979.6161
Uruguay,Enteric Fermentation,Emissions (CO2eq) from CH4 (AR5),kilotonnes,,,,,,,,,,,,,,,19420.8,,19804.4,19684,,,
Uruguay,Enteric Fermentation,Emissions (CO2eq) (AR5),kilotonnes,18658.822,18935.938,19706.106,20308.33,20664.21,20843.606,21689.844,21396.97,21730.688,21322.658,20134.954,20130.796,19589.262,19786.802,20159.3078,20175.017,20283.5161,19890.4452,19435.8137,19366.2181,18979.6161
Uruguay,Enteric Fermentation,Emissions (CO2eq) (AR5),kilotonnes,,,,,,,,,,,,,,,19420.8,,19804.4,19684,,,
Uruguay,Manure Management,Emissions (CH4),kilotonnes,13.7206,13.9324,14.0751,14.4407,14.6452,14.8403,15.4949,15.1556,15.3194,14.9883,14.1653,14.1778,13.8888,14.0123,14.2279,14.5527,14.5696,14.2592,13.9179,14.1245,13.8042
Uruguay,Manure Management,Emissions (CH4),kilotonnes,,,,,,,,,,,,,,,14.7,,15,14.9,,,
Uruguay,Manure Management,Emissions (N2O),kilotonnes,0.1867,0.1855,0.1838,0.1775,0.1769,0.1879,0.1873,0.1846,0.187,0.1758,0.1792,0.1857,0.1792,0.1855,0.1805,0.2134,0.2024,0.1938,0.1896,0.2079,0.1991
Uruguay,Manure Management,Emissions (N2O),kilotonnes,,,,,,,,,,,,,,,0.1,,0.1,0.1,,,
Uruguay,Manure Management,Emissions (CO2eq) from CH4 (AR5),kilotonnes,384.1772,390.1082,394.1038,404.3389,410.0657,415.5277,433.8579,424.3569,428.9436,419.6724,396.6295,396.9792,388.8867,392.3448,398.3813,407.4752,407.9476,399.2575,389.701,395.4863,386.5182
Uruguay,Manure Management,Emissions (CO2eq) from CH4 (AR5),kilotonnes,,,,,,,,,,,,,,,411.6,,420,417.2,,,
Uruguay,Manure Management,Emissions (CO2eq) from N2O (AR5),kilotonnes,49.4862,49.1459,48.7023,47.0312,46.8913,49.7982,49.6349,48.9177,49.5631,46.5908,47.4897,49.2059,47.4926,49.1477,47.8293,56.5478,53.6338,51.3495,50.2506,55.0969,52.7527
Uruguay,Manure Management,Emissions (CO2eq) from N2O (AR5),kilotonnes,,,,,,,,,,,,,,,26.5,,26.5,26.5,,,
Uruguay,Manure Management,Emissions (CO2eq) (AR5),kilotonnes,433.6634,439.2541,442.8061,451.3701,456.957,465.3259,483.4928,473.2747,478.5067,466.2632,444.1192,446.1851,436.3793,441.4925,446.2105,464.023,461.5814,450.607,439.9515,450.5833,439.2709
Uruguay,Manure Management,Emissions (CO2eq) (AR5),kilotonnes,,,,,,,,,,,,,,,438.1,,446.5,443.7,,,
Uruguay,Manure left on Pasture,Direct emissions (N2O),kilotonnes,15.4644,15.6026,16.0834,16.5009,16.7725,16.9492,17.6401,17.3798,17.5931,17.2299,16.1679,16.1294,15.7902,15.9265,16.1658,16.1952,16.2819,15.9593,15.5774,15.6,15.2678
Uruguay,Manure left on Pasture,Indirect emissions (N2O),kilotonnes,3.8804,3.8771,3.9016,3.9636,4.0119,4.093,4.2618,4.163,4.1745,4.0604,3.7975,3.7807,3.7389,3.7629,3.7876,3.7624,3.7774,3.7104,3.621,3.6324,3.5551
Uruguay,Manure left on Pasture,Emissions (N2O),kilotonnes,19.3448,19.4796,19.9851,20.4645,20.7844,21.0422,21.9019,21.5428,21.7676,21.2903,19.9654,19.9101,19.5291,19.6894,19.9534,19.9576,20.0593,19.6697,19.1984,19.2324,18.8229
Uruguay,Manure left on Pasture,Emissions (CO2eq) from N2O (AR5),kilotonnes,5126.3822,5162.0982,5296.0431,5423.0878,5507.8712,5576.1825,5804.0097,5708.8397,5768.411,5641.9332,5290.8373,5276.184,5175.2108,5217.6944,5287.6492,5288.7714,5315.7235,5212.4645,5087.5676,5096.5969,4988.0715
Uruguay,Manure left on Pasture,Emissions (CO2eq) (AR5),kilotonnes,5126.3822,5162.0982,5296.0431,5423.0878,5507.8712,5576.1825,5804.0097,5708.8397,5768.411,5641.9332,5290.8373,5276.184,5175.2108,5217.6944,5287.6492,5288.7714,5315.7235,5212.4645,5087.5676,5096.5969,4988.0715
Uruguay,Manure applied to Soils,Direct emissions (N2O),kilotonnes,0.5632,0.573,0.5696,0.5717,0.5699,0.6119,0.6268,0.5934,0.6021,0.5775,0.6032,0.6247,0.6005,0.6231,0.6097,0.6774,0.6586,0.6455,0.6381,0.6738,0.653
Uruguay,Manure applied to Soils,Indirect emissions (N2O),kilotonnes,0.2394,0.2435,0.2421,0.243,0.2422,0.2601,0.2664,0.2522,0.2559,0.2454,0.2564,0.2655,0.2552,0.2648,0.2591,0.2879,0.2799,0.2743,0.2712,0.2864,0.2775
Uruguay,Manure applied to Soils,Emissions (N2O),kilotonnes,0.8026,0.8165,0.8117,0.8147,0.8121,0.872,0.8932,0.8456,0.8579,0.8229,0.8595,0.8903,0.8557,0.888,0.8689,0.9653,0.9385,0.9198,0.9093,0.9602,0.9306
Uruguay,Manure applied to Soils,Emissions (CO2eq) from N2O (AR5),kilotonnes,212.6801,216.3768,215.0907,215.8993,215.2049,231.0797,236.6895,224.072,227.3516,218.0615,227.7783,235.9175,226.7653,235.3167,230.2532,255.7927,248.7111,243.7418,240.9673,254.4559,246.5972
Uruguay,Manure applied to Soils,Emissions (CO2eq) (AR5),kilotonnes,212.6801,216.3768,215.0907,215.8993,215.2049,231.0797,236.6895,224.072,227.3516,218.0615,227.7783,235.9175,226.7653,235.3167,230.2532,255.7927,248.7111,243.7418,240.9673,254.4559,246.5972
Uruguay,Synthetic Fertilizers,Direct emissions (N2O),kilotonnes,0.5695,0.8399,0.4085,1.0359,1.3269,1.161,1.5159,1.4546,1.4549,1.6533,2.3803,2.2179,3.4107,3.2718,2.7665,1.8139,2.4605,2.4434,2.718,2.7003,3.2066
Uruguay,Synthetic Fertilizers,Indirect emissions (N2O),kilotonnes,0.1851,0.273,0.1328,0.3367,0.4312,0.3773,0.4927,0.4727,0.4728,0.5373,0.7736,0.7208,1.1085,1.0633,0.8991,0.5895,0.7996,0.7941,0.8833,0.8776,1.0422
Uruguay,Synthetic Fertilizers,Emissions (N2O),kilotonnes,0.7546,1.1129,0.5413,1.3725,1.7582,1.5384,2.0085,1.9273,1.9277,2.1907,3.1539,2.9387,4.5192,4.3351,3.6656,2.4034,3.2601,3.2375,3.6013,3.5779,4.2488
Uruguay,Synthetic Fertilizers,Emissions (CO2eq) from N2O (AR5),kilotonnes,199.9717,294.9089,143.4486,363.7143,465.9128,407.6682,532.2629,510.7384,510.8488,580.5315,835.7959,778.7431,1197.5815,1148.811,971.3951,636.8939,863.9269,857.9388,954.3544,948.1357,1125.9323
Uruguay,Synthetic Fertilizers,Emissions (CO2eq) (AR5),kilotonnes,199.9717,294.9089,143.4486,363.7143,465.9128,407.6682,532.2629,510.7384,510.8488,580.5315,835.7959,778.7431,1197.5815,1148.811,971.3951,636.8939,863.9269,857.9388,954.3544,948.1357,1125.9323
Uruguay,Drained organic soils,Emissions (CO2eq) (AR5),kilotonnes,213.5018,213.5018,212.711,212.5617,210.3694,211.3341,211.0352,211.0352,212.5792,212.28,212.28,212.2053,211.8084,211.7337,211.3374,211.3374,211.6369,212.1166,212.1166,216.1754,216.1754
Uruguay,Drained organic soils (CO2),Emissions (CO2),kilotonnes,189.6941,189.6941,189.0235,188.8867,186.9958,187.8165,187.5429,187.5429,188.8536,188.5797,188.5797,188.5113,188.1747,188.1062,187.7701,187.7701,188.0444,188.4497,188.4497,191.8686,191.8686
Uruguay,Drained organic soils (CO2),Emissions (CO2eq) (AR5),kilotonnes,189.6941,189.6941,189.0235,188.8867,186.9958,187.8165,187.5429,187.5429,188.8536,188.5797,188.5797,188.5113,188.1747,188.1062,187.7701,187.7701,188.0444,188.4497,188.4497,191.8686,191.8686
Uruguay,Drained organic soils (N2O),Emissions (N2O),kilotonnes,0.0898,0.0898,0.0894,0.0893,0.0882,0.0887,0.0887,0.0887,0.0895,0.0894,0.0894,0.0894,0.0892,0.0892,0.0889,0.0889,0.089,0.0893,0.0893,0.0917,0.0917
Uruguay,Drained organic soils (N2O),Emissions (CO2eq) from N2O (AR5),kilotonnes,23.8077,23.8077,23.6876,23.675,23.3736,23.5176,23.4923,23.4923,23.7256,23.7003,23.7003,23.694,23.6337,23.6274,23.5672,23.5672,23.5925,23.6669,23.6669,24.3068,24.3068
Uruguay,Drained organic soils (N2O),Emissions (CO2eq) (AR5),kilotonnes,23.8077,23.8077,23.6876,23.675,23.3736,23.5176,23.4923,23.4923,23.7256,23.7003,23.7003,23.694,23.6337,23.6274,23.5672,23.5672,23.5925,23.6669,23.6669,24.3068,24.3068
Uruguay,On-farm energy use,Emissions (CH4),kilotonnes,0.0698,0.0645,0.0555,0.0568,0.0589,0.0586,0.0629,0.0453,0.0469,0.0466,0.0488,0.051,0.0515,0.0539,0.0552,0.0505,0.0529,0.0572,0.0514,0.0507,0.0507
Uruguay,On-farm energy use,Emissions (N2O),kilotonnes,0.2088,0.1989,0.1889,0.195,0.2049,0.2061,0.2086,0.2091,0.2101,0.1948,0.1926,0.1936,0.1832,0.1838,0.1792,0.1745,0.1709,0.179,0.177,0.1765,0.1765
Uruguay,On-farm energy use,Emissions (CO2),kilotonnes,603.8302,573.5266,537.0466,559.1262,593.0825,592.9859,601.4863,584.9469,581.6219,540.7873,537.4764,543.4784,517.0875,525.5371,516.5558,493.009,501.7264,517.6227,508.278,506.6267,506.6267
Uruguay,On-farm energy use,Emissions (CO2eq) from CH4 (AR5),kilotonnes,1.953,1.8058,1.553,1.5916,1.6491,1.6415,1.7623,1.2696,1.3129,1.304,1.3666,1.4284,1.4425,1.5085,1.5449,1.4129,1.4808,1.6004,1.4391,1.4183,1.4183
Uruguay,On-farm energy use,Emissions (CO2eq) from N2O (AR5),kilotonnes,55.3355,52.7036,50.0468,51.679,54.2897,54.6136,55.2887,55.3996,55.6705,51.6092,51.0389,51.3147,48.5557,48.7003,47.4749,46.2456,45.2886,47.4313,46.8992,46.784,46.784
Uruguay,On-farm energy use,Emissions (CO2eq) (AR5),kilotonnes,661.1187,628.036,588.6464,612.3967,649.0213,649.241,658.5373,641.6161,638.6053,593.7004,589.8819,596.2216,567.0857,575.7458,565.5756,540.6674,548.4958,566.6544,556.6162,554.829,554.829
Uruguay,Forestland,Emissions (CO2),kilotonnes,-13373.492,-10111.31,-10111.31,-10111.31,-10111.31,-10111.31,-10111.31,-10111.31,-10111.31,-10111.31,-10111.31,-7033.18,-7033.18,-7033.18,-7033.18,-7033.18,-1905.2,-1905.2,-1905.2,-1905.2,-1905.2
Uruguay,Forestland,Emissions (CO2eq) (AR5),kilotonnes,-13373.492,-10111.31,-10111.31,-10111.31,-10111.31,-10111.31,-10111.31,-10111.31,-10111.31,-10111.31,-10111.31,-7033.18,-7033.18,-7033.18,-7033.18,-7033.18,-1905.2,-1905.2,-1905.2,-1905.2,-1905.2
Uruguay,Net Forest conversion,Emissions (CO2),kilotonnes,0,0,0,0,0,0,0,0,0,0,0,0,0,0,0,0,0,0,0,0,0
Uruguay,Net Forest conversion,Emissions (CO2eq) (AR5),kilotonnes,0,0,0,0,0,0,0,0,0,0,0,0,0,0,0,0,0,0,0,0,0
Uruguay,Savanna fires,Emissions (CH4),kilotonnes,0.1192,0.0668,0.2904,0.359,0.4727,0.3295,0.2216,0.217,0.4049,0.2811,0.3103,0.2013,0.3035,0.1315,0.0617,0.2569,0.1465,0.1066,0.1311,0.1744,0.2731
Uruguay,Savanna fires,Emissions (N2O),kilotonnes,0.0109,0.0061,0.0265,0.0328,0.0432,0.0301,0.0202,0.0198,0.037,0.0257,0.0283,0.0184,0.0277,0.012,0.0056,0.0235,0.0134,0.0097,0.012,0.0159,0.0249
Uruguay,Savanna fires,Emissions (CO2eq) from CH4 (AR5),kilotonnes,3.3377,1.8697,8.1311,10.0517,13.235,9.2248,6.2047,6.0753,11.3361,7.8705,8.6882,5.6372,8.4968,3.683,1.7289,7.1918,4.101,2.9862,3.6719,4.8839,7.6462
Uruguay,Savanna fires,Emissions (CO2eq) from N2O (AR5),kilotonnes,2.884,1.6157,7.0263,8.686,11.4368,7.9714,5.3617,5.2499,9.7959,6.8011,7.5078,4.8712,7.3424,3.1826,1.494,6.2147,3.5438,2.5804,3.173,4.2204,6.6073
Uruguay,Savanna fires,Emissions (CO2eq) (AR5),kilotonnes,6.2217,3.4854,15.1574,18.7377,24.6718,17.1961,11.5663,11.3252,21.132,14.6717,16.196,10.5084,15.8392,6.8657,3.2229,13.4065,7.6448,5.5666,6.8449,9.1043,14.2534
Uruguay,Fires in organic soils,Emissions (CH4),kilotonnes,0,0,0,0,0,0,0,0,0,0,0,0,0,0,0,0,0,0,0,0,0
Uruguay,Fires in organic soils,Emissions (CO2),kilotonnes,0,0,0,0,0,0,0,0,0,0,0,0,0,0,0,0,0,0,0,0,0
Uruguay,Fires in organic soils,Emissions (CO2eq) from CH4 (AR5),kilotonnes,0,0,0,0,0,0,0,0,0,0,0,0,0,0,0,0,0,0,0,0,0
Uruguay,Fires in organic soils,Emissions (CO2eq) (AR5),kilotonnes,0,0,0,0,0,0,0,0,0,0,0,0,0,0,0,0,0,0,0,0,0
Uruguay,Forest fires,Emissions (CH4),kilotonnes,0.5833,0,0.0075,0.0075,0.1542,0.0721,0.0124,0.005,0.0746,0.0124,0.0174,0.1542,0.0025,0.0025,0.0025,0.0174,0.005,0.0224,0.0298,0.1244,0.0522
Uruguay,Forest fires,Emissions (N2O),kilotonnes,0.0323,0,0.0007,0.0007,0.0141,0.0066,0.0011,0.0005,0.0068,0.0011,0.0016,0.0141,0.0002,0.0002,0.0002,0.0016,0.0005,0.002,0.0027,0.0114,0.0048
Uruguay,Forest fires,Emissions (CO2eq) from CH4 (AR5),kilotonnes,16.3335,0,0.2089,0.2089,4.3172,2.0196,0.3481,0.1393,2.0889,0.3482,0.4876,4.3184,0.0696,0.0696,0.0696,0.4874,0.1393,0.6266,0.8355,3.4825,1.4623
Uruguay,Forest fires,Emissions (CO2eq) from N2O (AR5),kilotonnes,8.5516,0,0.1805,0.1805,3.7307,1.7452,0.3008,0.1203,1.8051,0.3009,0.4213,3.7317,0.0602,0.0602,0.0602,0.4212,0.1204,0.5415,0.722,3.0094,1.2636
Uruguay,Forest fires,Emissions (CO2eq) (AR5),kilotonnes,24.885,0,0.3894,0.3893,8.0479,3.7647,0.649,0.2596,3.894,0.649,0.9089,8.0501,0.1298,0.1298,0.1298,0.9087,0.2597,1.1681,1.5576,6.4919,2.7259
Uruguay,Fires in humid tropical forests,Emissions (CH4),kilotonnes,0,0,0,0,0,0,0,0,0,0,0,0,0,0,0,0,0,0,0,0,0
Uruguay,Fires in humid tropical forests,Emissions (N2O),kilotonnes,0,0,0,0,0,0,0,0,0,0,0,0,0,0,0,0,0,0,0,0,0
Uruguay,Fires in humid tropical forests,Emissions (CO2eq) from CH4 (AR5),kilotonnes,0,0,0,0,0,0,0,0,0,0,0,0,0,0,0,0,0,0,0,0,0
Uruguay,Fires in humid tropical forests,Emissions (CO2eq) from N2O (AR5),kilotonnes,0,0,0,0,0,0,0,0,0,0,0,0,0,0,0,0,0,0,0,0,0
Uruguay,Fires in humid tropical forests,Emissions (CO2eq) (AR5),kilotonnes,0,0,0,0,0,0,0,0,0,0,0,0,0,0,0,0,0,0,0,0,0
Uruguay,Waste - agri-food systems,Emissions (CH4),kilotonnes,36.0453,35.689,35.8896,35.8378,36.1617,36.5749,36.7651,36.5941,36.8609,36.8293,37.2271,37.2528,37.46,37.444,36.7229,36.6468,36.7839,36.9419,37.0291,36.805,36.5417
Uruguay,Waste - agri-food systems,Emissions (N2O),kilotonnes,0.1166,0.1181,0.1145,0.1084,0.1095,0.1132,0.1153,0.1176,0.1247,0.1226,0.1246,0.1258,0.1254,0.1295,0.1168,0.1155,0.1125,0.1162,0.1169,0.1152,0.1135
Uruguay,Waste - agri-food systems,Emissions (CO2),kilotonnes,0.2785,0.2775,0.2725,0.271,0.2725,0.2753,0.2767,0.2788,0.2818,0.2823,0.2851,0.2872,0.288,0.2893,0.2892,0.2884,0.2892,0.2906,0.2906,0.29,0.2885
Uruguay,Waste - agri-food systems,Emissions (CO2eq) from CH4 (AR5),kilotonnes,1009.2696,999.2928,1004.9081,1003.4597,1012.5279,1024.0969,1029.4236,1024.6345,1032.1058,1031.2205,1042.3578,1043.0779,1048.8809,1048.4315,1028.2419,1026.1101,1029.9491,1034.3723,1036.8148,1030.5403,1023.1676
Uruguay,Waste - agri-food systems,Emissions (CO2eq) from N2O (AR5),kilotonnes,30.9034,31.3057,30.335,28.7148,29.0215,30.0044,30.5479,31.1559,33.0388,32.4969,33.016,33.3501,33.2347,34.3118,30.9425,30.5964,29.8068,30.7833,30.968,30.5251,30.079
Uruguay,Waste - agri-food systems,Emissions (CO2eq) (AR5),kilotonnes,1040.4516,1030.876,1035.5156,1032.4455,1041.822,1054.3766,1060.2482,1056.0692,1065.4264,1063.9998,1075.6589,1076.7152,1082.4035,1083.0326,1059.4736,1056.995,1060.0451,1065.4462,1068.0735,1061.3554,1053.5351
Uruguay,On-farm electricity use,Emissions (CH4),kilotonnes,0.2424,0.2316,0.216,0.2148,0.2628,0.2844,0.2964,0.2856,0.3574,0.3311,0.3424,0.3833,0.4012,0.3733,0.3293,0.3265,0.3565,0.3566,0.3817,0.3922,0.3922
Uruguay,On-farm electricity use,Emissions (N2O),kilotonnes,0.0013,0.0012,0.0012,0.0011,0.0014,0.0015,0.0016,0.0015,0.0019,0.0018,0.0018,0.002,0.0021,0.002,0.0017,0.0017,0.0019,0.0019,0.002,0.0021,0.0021
Uruguay,On-farm electricity use,Emissions (CO2),kilotonnes,11.4929,0.517,0.7033,0.3387,33.0616,24.3691,73.1273,24.844,91.4012,69.7592,22.4798,62.5586,91.4124,54.8778,48.404,47.9983,52.4083,52.4259,56.1126,57.6544,57.6544
Uruguay,On-farm electricity use,Emissions (CO2eq) from CH4 (AR5),kilotonnes,6.7872,6.4848,6.048,6.0144,7.3584,7.9632,8.2992,7.9968,10.0072,9.2708,9.5872,10.7324,11.2336,10.4524,9.2204,9.142,9.982,9.9848,10.6876,10.9816,10.9816
Uruguay,On-farm electricity use,Emissions (CO2eq) from N2O (AR5),kilotonnes,0.3445,0.318,0.318,0.2915,0.371,0.3975,0.424,0.3975,0.5035,0.477,0.477,0.53,0.5565,0.53,0.4505,0.4505,0.5035,0.5035,0.53,0.5565,0.5565
Uruguay,On-farm electricity use,Emissions (CO2eq) (AR5),kilotonnes,18.6246,7.3198,7.0693,6.6446,40.791,32.7298,81.8505,33.2383,101.9119,79.507,32.544,73.821,103.2025,65.8602,58.0749,57.5908,62.8938,62.9142,67.3302,69.1925,69.1925
Uruguay,Food Processing,Emissions (CH4),kilotonnes,0,0,0,0,0,0,0,0,0,0,0,0,0,0,0.0003,0.0003,0.0003,0.0003,0.0003,0.0003,0.0003
Uruguay,Food Processing,Emissions (N2O),kilotonnes,0,0,0,0,0,0,0,0,0,0,0,0,0,0,0,0,0,0,0,0,0
Uruguay,Food Processing,Emissions (CO2),kilotonnes,0,0,0,0,0,0,0,0,0,0,0,0,0,0,18.5047,20.8924,19.997,19.4001,20.2955,21.4893,19.7178
Uruguay,Food Processing,Emissions (CO2eq) from CH4 (AR5),kilotonnes,0,0,0,0,0,0,0,0,0,0,0,0,0,0,0.0084,0.0084,0.0084,0.0084,0.0084,0.0084,0.0095
Uruguay,Food Processing,Emissions (CO2eq) from N2O (AR5),kilotonnes,0,0,0,0,0,0,0,0,0,0,0,0,0,0,0,0,0,0,0,0,0
Uruguay,Food Processing,Emissions (CO2eq) (AR5),kilotonnes,0,0,0,0,0,0,0,0,0,0,0,0,0,0,18.5131,20.9008,20.0054,19.4085,20.3039,21.4977,19.7273
Uruguay,Food Packaging,Emissions (CH4),kilotonnes,0.001,0.0011,0.0011,0.0013,0.0014,0.0015,0.0015,0.0016,0.0019,0.0021,0.0021,0.002,0.002,0.0018,0.0017,0.0018,0.0018,0.0018,0.0018,0.0021,0.0024
Uruguay,Food Packaging,Emissions (N2O),kilotonnes,0.0001,0.0001,0.0001,0.0001,0.0001,0.0001,0.0001,0.0001,0.0002,0.0002,0.0002,0.0002,0.0002,0.0002,0.0002,0.0002,0.0002,0.0002,0.0002,0.0002,0.0002
Uruguay,Food Packaging,Emissions (CO2),kilotonnes,9.0436,8.4139,7.6067,7.6278,10.2165,10.588,11.4995,9.8681,16.7408,14.8706,11.1196,13.1174,13.8315,10.3852,8.9501,9.5404,8.9326,11.7049,15.3713,13.8926,12.7473
Uruguay,Food Packaging,Emissions (CO2eq) from CH4 (AR5),kilotonnes,0.028,0.0308,0.0308,0.0364,0.0392,0.042,0.042,0.0448,0.0532,0.0588,0.0588,0.056,0.056,0.0504,0.0476,0.0504,0.0504,0.0504,0.0504,0.0588,0.0664
Uruguay,Food Packaging,Emissions (CO2eq) from N2O (AR5),kilotonnes,0.0265,0.0265,0.0265,0.0265,0.0265,0.0265,0.0265,0.0265,0.053,0.053,0.053,0.053,0.053,0.053,0.053,0.053,0.053,0.053,0.053,0.053,0.0544
Uruguay,Food Packaging,Emissions (CO2eq) (AR5),kilotonnes,9.0981,8.4712,7.664,7.6907,10.2822,10.6565,11.568,9.9394,16.847,14.9824,11.2314,13.2264,13.9405,10.4886,9.0507,9.6438,9.036,11.8083,15.4747,14.0044,12.8682
Uruguay,Food Retail,Emissions (CH4),kilotonnes,0.3944,0.4026,0.3947,0.3922,0.4106,0.4204,0.4241,0.4683,0.5484,0.575,0.6107,0.6305,0.6645,0.674,0.6673,0.6535,0.6822,0.6686,0.7054,0.7504,0.8475
Uruguay,Food Retail,Emissions (N2O),kilotonnes,0.0021,0.0021,0.0022,0.002,0.0022,0.0022,0.0023,0.0026,0.0031,0.0034,0.0033,0.0034,0.0036,0.0037,0.0036,0.0035,0.0037,0.0036,0.0038,0.0042,0.0043
Uruguay,Food Retail,Emissions (CO2),kilotonnes,18.7016,0.8988,1.285,0.6184,51.6591,36.0251,104.6283,67.9379,169.5721,156.1267,61.0802,124.049,172.1408,117.6655,115.1228,112.3732,117.0031,114.0855,119.8334,145.2586,133.2839
Uruguay,Food Retail,Emissions (CO2eq) from F-gases (AR5),kilotonnes,31.17,29.6115,34.8065,47.2745,57.6645,59.7425,65.9765,71.691,72.73,73.2495,73.2495,73.769,73.769,73.769,73.769,73.769,78.964,80.003,81.5615,82.6005,79.1982
Uruguay,Food Retail,Emissions (CO2eq) from CH4 (AR5),kilotonnes,11.0432,11.2728,11.0516,10.9816,11.4968,11.7712,11.8748,13.1124,15.3552,16.1,17.0996,17.654,18.606,18.872,18.6844,18.298,19.1016,18.7208,19.7512,21.0112,23.7298
Uruguay,Food Retail,Emissions (CO2eq) from N2O (AR5),kilotonnes,0.5565,0.5565,0.583,0.53,0.583,0.583,0.6095,0.689,0.8215,0.901,0.8745,0.901,0.954,0.9805,0.954,0.9275,0.9805,0.954,1.007,1.113,1.1432
Uruguay,Food Retail,Emissions (CO2eq) (AR5),kilotonnes,61.4713,42.3396,47.7261,59.4045,121.4034,108.1218,183.0891,153.4303,258.4788,246.3772,152.3038,216.373,265.4698,211.287,208.5302,205.3677,216.0492,213.7633,222.1531,249.9833,237.355
Uruguay,Food Household Consumption,Emissions (CH4),kilotonnes,1.2787,1.2758,1.2339,1.1503,1.1565,1.1869,1.1989,1.2857,1.4242,1.4848,1.5396,1.6297,1.6982,1.7441,1.7723,1.8263,1.9551,1.8713,1.9207,2.0333,2.2964
Uruguay,Food Household Consumption,Emissions (N2O),kilotonnes,0.0072,0.0069,0.0071,0.0061,0.0063,0.0064,0.0067,0.007,0.0078,0.0083,0.0084,0.0088,0.0091,0.0095,0.0096,0.0099,0.0106,0.0101,0.0104,0.011,0.0113
Uruguay,Food Household Consumption,Emissions (CO2),kilotonnes,204.1456,132.7217,126.1564,111.3114,248.6568,208.3131,404.0141,234.9386,475.8,431.965,235.3389,400.3246,519.6477,397.2439,389.4895,396.5376,432.3128,405.3246,417.7805,434.2184,398.4226
Uruguay,Food Household Consumption,Emissions (CO2eq) from CH4 (AR5),kilotonnes,35.8036,35.7224,34.5492,32.2084,32.382,33.2332,33.5692,35.9996,39.8776,41.5744,43.1088,45.6316,47.5496,48.8348,49.6244,51.1364,54.7428,52.3964,53.7796,56.9324,64.2987
Uruguay,Food Household Consumption,Emissions (CO2eq) from N2O (AR5),kilotonnes,1.908,1.8285,1.8815,1.6165,1.6695,1.696,1.7755,1.855,2.067,2.1995,2.226,2.332,2.4115,2.5175,2.544,2.6235,2.809,2.6765,2.756,2.915,2.994
Uruguay,Food Household Consumption,Emissions (CO2eq) (AR5),kilotonnes,241.8572,170.2726,162.5871,145.1363,282.7083,243.2423,439.3588,272.7932,517.7446,475.7389,280.6737,448.2882,569.6088,448.5962,441.6579,450.2975,489.8646,460.3975,474.3161,494.0658,465.7153
Uruguay,Food Transport,Emissions (CH4),kilotonnes,0.0392,0.0364,0.0303,0.0281,0.0286,0.0282,0.0296,0.0326,0.0358,0.0382,0.0461,0.0503,0.0538,0.0573,0.0598,0.062,0.0644,0.068,0.0734,0.0587,0.0663
Uruguay,Food Transport,Emissions (N2O),kilotonnes,0.005,0.0052,0.0046,0.0045,0.0047,0.0049,0.0051,0.0056,0.006,0.0063,0.0075,0.008,0.0084,0.0095,0.0096,0.0095,0.0098,0.0103,0.0111,0.0097,0.01
Uruguay,Food Transport,Emissions (CO2),kilotonnes,265.2085,267.409,242.0465,232.1465,245.362,251.9466,261.862,281.6775,293.7466,304.762,341.062,355.362,360.8775,379.4728,379.6286,384.4277,394.3263,410.6716,443.7012,410.4156,376.5821
Uruguay,Food Transport,Emissions (CO2eq) from CH4 (AR5),kilotonnes,1.0976,1.0192,0.8484,0.7868,0.8008,0.7896,0.8288,0.9128,1.0024,1.0696,1.2908,1.4084,1.5064,1.6044,1.6744,1.736,1.8032,1.904,2.0552,1.6436,1.8563
Uruguay,Food Transport,Emissions (CO2eq) from N2O (AR5),kilotonnes,1.325,1.378,1.219,1.1925,1.2455,1.2985,1.3515,1.484,1.59,1.6695,1.9875,2.12,2.226,2.5175,2.544,2.5175,2.597,2.7295,2.9415,2.5705,2.6402
Uruguay,Food Transport,Emissions (CO2eq) (AR5),kilotonnes,267.6311,269.8062,244.1139,234.1258,247.4083,254.0347,264.0423,284.0743,296.339,307.5011,344.3403,358.8904,364.6099,383.5947,383.847,388.6812,398.7265,415.3051,448.6979,414.6297,381.0785
Uruguay,Energy,Emissions (CH4),kilotonnes,5.57,5.69,5.81,6.11,6.55,6.84,6.83,6.83,7.68,8.15,8.56,8.5,8.78,8.94,9.27,9.72,9.91,9.59,9.57,9.12,10.3
Uruguay,Energy,Emissions (N2O),kilotonnes,0.337,0.326,0.309,0.317,0.334,0.337,0.351,0.362,0.468,0.467,0.507,0.518,0.525,0.515,0.553,0.603,0.619,0.636,0.668,0.701,0.72
Uruguay,Energy,Emissions (CO2),kilotonnes,4980,4600,4150,4080,5310,5480,6350,5700,7960,7540,5980,7280,8250,7160,6340,6380,6230,5890,8390,8370,7680
Uruguay,Energy,Emissions (CO2eq) from CH4 (AR5),kilotonnes,155.96,159.32,162.68,171.08,183.4,191.52,191.24,191.24,215.04,228.2,239.68,238,245.84,250.32,259.56,272.16,277.48,268.52,267.96,255.36,288.4
Uruguay,Energy,Emissions (CO2eq) from N2O (AR5),kilotonnes,89.305,86.39,81.885,84.005,88.51,89.305,93.015,95.93,124.02,123.755,134.355,137.27,139.125,136.475,146.545,159.795,164.035,168.54,177.02,185.765,190.8
Uruguay,Energy,Emissions (CO2eq) (AR5),kilotonnes,5225.265,4845.71,4394.565,4335.085,5581.91,5760.825,6634.255,5987.17,8299.06,7891.955,6354.035,7655.27,8634.965,7546.795,6746.105,6811.955,6671.515,6327.06,8834.98,8811.125,8159.2
Uruguay,IPPU,Emissions (CH4),kilotonnes,0.0002,0.0002,0.0002,0.0002,0.0002,0.0002,0.0002,0.0002,0.0002,0.0002,0.0002,0.0002,0.0002,0.0002,0.0002,0.0002,0.0002,0.0002,0.0002,0.0002,0.0002
Uruguay,IPPU,Emissions (N2O),kilotonnes,0.01,0.01,0.01,0.01,0.01,0.01,0.01,0.01,0.0101,0.0101,0.0101,0.0102,0.0102,0.0102,0.0103,0.0103,0.0103,0.0104,0.0104,0.0104,0.0105
Uruguay,IPPU,Emissions (CO2),kilotonnes,354,490,479,500,315,320,320,330,318,495,390,439,392,382,387,408,341,371,369,340,339
Uruguay,IPPU,Emissions (CO2eq) from F-gases (AR5),kilotonnes,32.7481,36.7323,34.7888,40.5222,55.1957,69.0918,72.5901,80.1698,87.2636,92.6082,98.1472,133.1304,168.1135,208.9272,249.7409,269.176,288.6111,336.2271,379.956,424.6568,407.1652
Uruguay,IPPU,Emissions (CO2eq) from CH4 (AR5),kilotonnes,0.0062,0.0062,0.0062,0.0062,0.0062,0.0062,0.0062,0.0062,0.0057,0.0056,0.0055,0.0054,0.0053,0.0052,0.0051,0.005,0.0049,0.0048,0.0047,0.0046,0.0045
Uruguay,IPPU,Emissions (CO2eq) from N2O (AR5),kilotonnes,2.642,2.6447,2.6474,2.6447,2.6447,2.6447,2.65,2.65,2.6765,2.6765,2.6765,2.703,2.703,2.703,2.7295,2.7295,2.7295,2.756,2.756,2.756,2.7825
Uruguay,IPPU,Emissions (CO2eq) (AR5),kilotonnes,389.3963,529.3832,516.4423,543.173,372.8465,391.7426,395.2462,412.8259,407.9458,590.2903,490.8292,574.8388,562.8218,593.6354,639.4755,679.9105,632.3455,709.9879,751.7167,767.4173,748.9522
Uruguay,Waste,Emissions (CH4),kilotonnes,26.5,25.9,26,25.9,26.5,26.7,26.9,32.9,86.5,92.8,96.3,94.6,99,104,147,179,192,194,200,206,230
Uruguay,Waste,Emissions (N2O),kilotonnes,0.185,0.185,0.185,0.182,0.173,0.168,0.168,0.172,0.179,0.185,0.188,0.188,0.19,0.194,0.192,0.191,0.184,0.184,0.186,0.159,0.186
Uruguay,Waste,Emissions (CO2),kilotonnes,1.23,1.24,1.24,1.25,1.25,1.25,1.26,1.26,1.27,1.28,1.29,1.29,1.3,1.3,1.31,1.32,1.32,1.33,1.33,1.39,1.36
Uruguay,Waste,Emissions (CO2eq) from CH4 (AR5),kilotonnes,742,725.2,728,725.2,742,747.6,753.2,921.2,2422,2598.4,2696.4,2648.8,2772,2912,4116,5012,5376,5432,5600,5768,6440
Uruguay,Waste,Emissions (CO2eq) from N2O (AR5),kilotonnes,49.025,49.025,49.025,48.23,45.845,44.52,44.52,45.58,47.435,49.025,49.82,49.82,50.35,51.41,50.88,50.615,48.76,48.76,49.29,42.135,49.29
Uruguay,Waste,Emissions (CO2eq) (AR5),kilotonnes,792.255,775.465,778.265,774.68,789.095,793.37,798.98,968.04,2470.705,2648.705,2747.51,2699.91,2823.65,2964.71,4168.19,5063.935,5426.08,5482.09,5650.62,5811.525,6490.65
Uruguay,Other,Emissions (N2O),kilotonnes,0.17,0.154,0.141,0.135,0.161,0.161,0.188,0.183,0.288,0.294,0.295,0.328,0.356,0.342,0.356,0.397,0.405,0.408,0.418,0.465,0.485
Uruguay,Other,Emissions (CO2eq) from N2O (AR5),kilotonnes,45.05,40.81,37.365,35.775,42.665,42.665,49.82,48.495,76.32,77.91,78.175,86.92,94.34,90.63,94.34,105.205,107.325,108.12,110.77,123.225,128.525
Uruguay,Other,Emissions (CO2eq) (AR5),kilotonnes,45.05,40.81,37.365,35.775,42.665,42.665,49.82,48.495,76.32,77.91,78.175,86.92,94.34,90.63,94.34,105.205,107.325,108.12,110.77,123.225,128.525
Uruguay,Farm-gate emissions,Emissions (CH4),kilotonnes,733.8673,733.8992,763.5967,783.592,805.9256,811.7992,840.6273,820.8998,839.7559,822.8336,780.0661,789.227,765.9005,770.2551,782.3073,781.2984,785.1478,771.5095,754.3614,747.3301,732.0469
Uruguay,Farm-gate emissions,Direct emissions (N2O),kilotonnes,16.938,17.3231,17.3847,18.4634,19.1742,19.2604,20.3706,20.0563,20.3529,20.3815,20.2533,19.9983,21.0736,20.9974,20.921,19.9774,20.5395,20.2929,19.7579,20.13,20.1547
Uruguay,Farm-gate emissions,Indirect emissions (N2O),kilotonnes,4.3815,4.4628,4.3492,4.6231,4.799,4.8516,5.1531,5.0294,5.0614,5.0503,5.0754,4.9979,5.3888,5.3556,5.2561,4.9303,5.1131,5.0588,4.961,5.0564,5.1059
Uruguay,Farm-gate emissions,Emissions (N2O),kilotonnes,21.8298,22.2797,22.2359,23.5937,24.5002,24.6413,26.0432,25.6031,25.9571,25.9433,25.8468,25.5082,26.9743,26.8516,26.6603,25.4315,26.1499,25.8408,25.2037,25.6974,25.7734
Uruguay,Farm-gate emissions,Emissions (CO2),kilotonnes,793.5243,763.2207,726.07,748.0129,780.0783,780.8024,789.0291,772.4897,770.4755,729.367,726.0562,731.9897,705.2621,713.6433,704.326,680.7791,689.7708,706.0724,696.7276,698.4953,698.4953
Uruguay,Farm-gate emissions,Emissions (CO2eq) from CH4 (AR5),kilotonnes,20548.2831,20549.1782,21380.7074,21940.5764,22565.9162,22730.3763,23537.5647,22985.1947,23513.1654,23039.3395,21841.8514,22098.3566,21445.2137,21567.142,21904.6047,21876.3562,21984.1388,21602.2662,21122.1179,20925.2439,20497.3132
Uruguay,Farm-gate emissions,Emissions (CO2eq) from N2O (AR5),kilotonnes,5784.8905,5904.1223,5892.5216,6252.3322,6492.5473,6529.9352,6901.4578,6784.8338,6878.6397,6874.9824,6849.412,6759.6776,7148.1989,7115.6635,7064.9688,6739.3382,6929.7243,6847.82,6678.9823,6809.8182,6829.942
Uruguay,Farm-gate emissions,Emissions (CO2eq) (AR5),kilotonnes,27126.6979,27216.5212,27999.299,28940.9214,29838.5419,30041.1139,31228.0516,30542.5183,31162.2806,30643.6889,29417.3196,29590.0239,29298.6748,29396.4488,29673.8995,29296.4736,29603.6339,29156.1585,28497.8278,28433.5574,28025.7505
Uruguay,Land Use change,Emissions (CH4),kilotonnes,0,0,0,0,0,0,0,0,0,0,0,0,0,0,0,0,0,0,0,0,0
Uruguay,Land Use change,Emissions (N2O),kilotonnes,0,0,0,0,0,0,0,0,0,0,0,0,0,0,0,0,0,0,0,0,0
Uruguay,Land Use change,Emissions (CO2),kilotonnes,0,0,0,0,0,0,0,0,0,0,0,0,0,0,0,0,0,0,0,0,0
Uruguay,Land Use change,Emissions (CO2eq) from CH4 (AR5),kilotonnes,0,0,0,0,0,0,0,0,0,0,0,0,0,0,0,0,0,0,0,0,0
Uruguay,Land Use change,Emissions (CO2eq) from N2O (AR5),kilotonnes,0,0,0,0,0,0,0,0,0,0,0,0,0,0,0,0,0,0,0,0,0
Uruguay,Land Use change,Emissions (CO2eq) (AR5),kilotonnes,0,0,0,0,0,0,0,0,0,0,0,0,0,0,0,0,0,0,0,0,0
Uruguay,Emissions on agricultural land,Emissions (CH4),kilotonnes,733.8673,733.8992,763.5967,783.592,805.9256,811.7992,840.6273,820.8998,839.7559,822.8336,780.0661,789.227,765.9005,770.2551,782.3073,781.2984,785.1478,771.5095,754.3614,747.3301,732.0469
Uruguay,Emissions on agricultural land,Emissions (N2O),kilotonnes,21.8298,22.2797,22.2359,23.5937,24.5002,24.6413,26.0432,25.6031,25.9571,25.9433,25.8468,25.5082,26.9743,26.8516,26.6603,25.4315,26.1499,25.8408,25.2037,25.6974,25.7734
Uruguay,Emissions on agricultural land,Emissions (CO2),kilotonnes,793.5243,763.2207,726.07,748.0129,780.0783,780.8024,789.0291,772.4897,770.4755,729.367,726.0562,731.9897,705.2621,713.6433,704.326,680.7791,689.7708,706.0724,696.7276,698.4953,698.4953
Uruguay,Emissions on agricultural land,Emissions (CO2eq) from CH4 (AR5),kilotonnes,20548.2831,20549.1782,21380.7074,21940.5764,22565.9162,22730.3763,23537.5647,22985.1947,23513.1654,23039.3395,21841.8514,22098.3566,21445.2137,21567.142,21904.6047,21876.3562,21984.1388,21602.2662,21122.1179,20925.2439,20497.3132
Uruguay,Emissions on agricultural land,Emissions (CO2eq) from N2O (AR5),kilotonnes,5784.8905,5904.1223,5892.5216,6252.3322,6492.5473,6529.9352,6901.4578,6784.8338,6878.6397,6874.9824,6849.412,6759.6776,7148.1989,7115.6635,7064.9688,6739.3382,6929.7243,6847.82,6678.9823,6809.8182,6829.942
Uruguay,Emissions on agricultural land,Emissions (CO2eq) (AR5),kilotonnes,27126.6979,27216.5212,27999.299,28940.9214,29838.5419,30041.1139,31228.0516,30542.5183,31162.2806,30643.6889,29417.3196,29590.0239,29298.6748,29396.4488,29673.8995,29296.4736,29603.6339,29156.1585,28497.8278,28433.5574,28025.7505
Uruguay,Pre- and post- production,Emissions (CH4),kilotonnes,38.001,37.6365,37.7656,37.6245,38.0216,38.4963,38.7156,38.6679,39.2286,39.2605,39.768,39.9486,40.2797,40.2945,39.5536,39.5172,39.8442,39.9085,40.1124,40.042,40.1468
Uruguay,Pre- and post- production,Emissions (N2O),kilotonnes,0.1323,0.1336,0.1297,0.1222,0.1242,0.1283,0.1311,0.1344,0.1437,0.1426,0.1458,0.1482,0.1488,0.1544,0.1415,0.1403,0.1387,0.1423,0.1444,0.1424,0.1414
Uruguay,Pre- and post- production,Emissions (CO2),kilotonnes,508.8707,410.2379,378.0704,352.3138,589.2285,531.5172,855.4079,619.5449,1047.5425,977.7658,671.3656,955.6988,1158.1979,959.9345,960.3889,972.058,1025.2693,1013.9032,1073.3851,1083.2189,998.6965
Uruguay,Pre- and post- production,Emissions (CO2eq) from F-gases (AR5),kilotonnes,31.17,29.6115,34.8065,47.2745,57.6645,59.7425,65.9765,71.691,72.73,73.2495,73.2495,73.769,73.769,73.769,73.769,73.769,78.964,80.003,81.5615,82.6005,79.1982
Uruguay,Pre- and post- production,Emissions (CO2eq) from CH4 (AR5),kilotonnes,1064.0292,1053.8228,1057.4361,1053.4873,1064.6051,1077.8961,1084.0376,1082.7009,1098.4014,1099.2941,1113.503,1118.5603,1127.8325,1128.2455,1107.5015,1106.4813,1115.6375,1117.4371,1123.1472,1121.1763,1124.1097
Uruguay,Pre- and post- production,Emissions (CO2eq) from N2O (AR5),kilotonnes,35.0639,35.4132,34.363,32.3718,32.917,34.0059,34.7349,35.6079,38.0738,37.7969,38.634,39.2861,39.4357,40.9103,37.488,37.1684,36.7498,37.6998,38.2555,37.7331,37.4673
Uruguay,Pre- and post- production,Emissions (CO2eq) (AR5),kilotonnes,1639.1339,1529.0854,1504.676,1485.4474,1744.4152,1703.1617,2040.1569,1809.5447,2256.7477,2188.1064,1896.7521,2187.3142,2399.235,2202.8593,2179.1474,2189.4768,2256.6206,2249.0431,2316.3494,2324.7288,2239.4718
Uruguay,Agri-food systems,Emissions (CH4),kilotonnes,771.8683,771.5357,801.3623,821.2166,843.9472,850.2954,879.3429,859.5677,878.9845,862.0941,819.8341,829.1756,806.1802,810.5496,821.8609,820.8156,824.992,811.418,794.4738,787.3722,772.1937
Uruguay,Agri-food systems,Emissions (N2O),kilotonnes,21.9621,22.4133,22.3656,23.7159,24.6244,24.7696,26.1743,25.7375,26.1008,26.086,25.9926,25.6565,27.1231,27.0059,26.8017,25.5717,26.2886,25.9831,25.3481,25.8398,25.9148
Uruguay,Agri-food systems,Emissions (CO2),kilotonnes,1302.395,1173.4586,1104.1404,1100.3267,1369.3069,1312.3196,1644.437,1392.0346,1818.018,1707.1328,1397.4218,1687.6885,1863.46,1673.5778,1664.7149,1652.8371,1715.0401,1719.9756,1770.1128,1781.7142,1697.1918
Uruguay,Agri-food systems,Emissions (CO2eq) from F-gases (AR5),kilotonnes,31.17,29.6115,34.8065,47.2745,57.6645,59.7425,65.9765,71.691,72.73,73.2495,73.2495,73.769,73.769,73.769,73.769,73.769,78.964,80.003,81.5615,82.6005,79.1982
Uruguay,Agri-food systems,Emissions (CO2eq) from CH4 (AR5),kilotonnes,21612.3123,21603.001,22438.1435,22994.0637,23630.5213,23808.2724,24621.6024,24067.8955,24611.5668,24138.6336,22955.3544,23216.917,22573.0462,22695.3876,23012.1062,22982.8375,23099.7763,22719.7033,22245.2651,22046.4202,21621.423
Uruguay,Agri-food systems,Emissions (CO2eq) from N2O (AR5),kilotonnes,5819.9545,5939.5354,5926.8846,6284.7039,6525.4643,6563.9411,6936.1926,6820.4418,6916.7135,6912.7793,6888.046,6798.9637,7187.6346,7156.5738,7102.4567,6776.5067,6966.4741,6885.5197,6717.2378,6847.5513,6867.4093
Uruguay,Agri-food systems,Emissions (CO2eq) (AR5),kilotonnes,28765.8318,28745.6065,29503.975,30426.3688,31582.957,31744.2756,33268.2085,32352.0629,33419.0283,32831.7952,31314.0717,31777.3381,31697.9098,31599.3081,31853.0468,31485.9504,31860.2545,31405.2016,30814.1772,30758.2862,30265.2223
Uruguay,IPCC Agriculture,Emissions (CH4),kilotonnes,733.7975,733.8347,763.5412,783.5352,805.8667,811.7405,840.5644,820.8545,839.709,822.787,780.0173,789.176,765.849,770.2012,782.2521,781.248,785.0949,771.4524,754.31,747.2795,731.9962
Uruguay,IPCC Agriculture,Emissions (CH4),kilotonnes,685.8,,731,,743.2,,764,,777,,718.5,,700,,724.8,,738.2,734.1,,,
Uruguay,IPCC Agriculture,Direct emissions (N2O),kilotonnes,16.938,17.3231,17.3847,18.4634,19.1742,19.2604,20.3706,20.0563,20.3529,20.3815,20.2533,19.9983,21.0736,20.9974,20.921,19.9774,20.5395,20.2929,19.7579,20.13,20.1547
Uruguay,IPCC Agriculture,Indirect emissions (N2O),kilotonnes,4.3815,4.4628,4.3492,4.6231,4.799,4.8516,5.1531,5.0294,5.0614,5.0503,5.0754,4.9979,5.3888,5.3556,5.2561,4.9303,5.1131,5.0588,4.961,5.0564,5.1059
Uruguay,IPCC Agriculture,Emissions (N2O),kilotonnes,21.621,22.0808,22.0471,23.3987,24.2953,24.4352,25.8346,25.3941,25.7471,25.7486,25.6542,25.3146,26.7911,26.6678,26.4811,25.257,25.979,25.6618,25.0267,25.5209,25.5968
Uruguay,IPCC Agriculture,Emissions (N2O),kilotonnes,23.6,,32.6,,26.1,,36.7,,37.7,,26.6,,30.7,,28.843,,26.8159,27.6159,,,
Uruguay,IPCC Agriculture,Emissions (CO2eq) from CH4 (AR5),kilotonnes,20546.3301,20547.3724,21379.1544,21938.9848,22564.2671,22728.7347,23535.8024,22983.9251,23511.8524,23038.0355,21840.4848,22096.9282,21443.7712,21565.6335,21903.0598,21874.9433,21982.658,21600.6658,21120.6788,20923.8257,20495.8949
Uruguay,IPCC Agriculture,Emissions (CO2eq) from CH4 (AR5),kilotonnes,19202.4,,20468,,20809.6,,21392,,21756,,20118,,19600,,20294.4,,20669.6,20554.8,,,
Uruguay,IPCC Agriculture,Emissions (CO2eq) from N2O (AR5),kilotonnes,5729.555,5851.4187,5842.4747,6200.6532,6438.2576,6475.3217,6846.1691,6729.4342,6822.9692,6823.3732,6798.3732,6708.3629,7099.6432,7066.9632,7017.4939,6693.0927,6884.4357,6800.3887,6632.0831,6763.0342,6783.158
Uruguay,IPCC Agriculture,Emissions (CO2eq) from N2O (AR5),kilotonnes,6254,,8639,,6916.5,,9725.5,,9990.5,,7049,,8135.5,,7643.395,,7106.2135,7318.2135,,,
Uruguay,IPCC Agriculture,Emissions (CO2eq) (AR5),kilotonnes,26275.8851,26398.7911,27221.6291,28139.638,29002.5248,29204.0564,30381.9715,29713.3593,30334.8217,29861.4087,28638.858,28805.2911,28543.4144,28632.5967,28920.5537,28568.036,28867.0937,28401.0545,27752.762,27686.8599,27279.0529
Uruguay,IPCC Agriculture,Emissions (CO2eq) (AR5),kilotonnes,25456.4,,29107,,27726.1,,31117.5,,31746.5,,27167,,27735.5,,27937.795,,27775.8135,27873.0135,,,
Uruguay,Agricultural Soils,Direct emissions (N2O),kilotonnes,16.938,17.3231,17.3847,18.4634,19.1742,19.2604,20.3706,20.0563,20.3529,20.3815,20.2533,19.9983,21.0736,20.9974,20.921,19.9774,20.5395,20.2929,19.7579,20.13,20.1547
Uruguay,Agricultural Soils,Indirect emissions (N2O),kilotonnes,4.3815,4.4628,4.3492,4.6231,4.799,4.8516,5.1531,5.0294,5.0614,5.0503,5.0754,4.9979,5.3888,5.3556,5.2561,4.9303,5.1131,5.0588,4.961,5.0564,5.1059
Uruguay,Agricultural Soils,Emissions (N2O),kilotonnes,21.4094,21.8757,21.8233,23.1758,24.0614,24.2007,25.6124,25.1743,25.5038,25.5212,25.4181,25.0856,26.5516,26.4422,26.2661,24.9966,25.7416,25.4411,24.8082,25.2781,25.3523
Uruguay,Agricultural Soils,Emissions (N2O),kilotonnes,,,,,,,,,,,,,,,28.7,,26.7,27.5,,,
Uruguay,Agricultural Soils,Emissions (CO2eq) from N2O (AR5),kilotonnes,5673.4843,5797.0657,5783.1689,6141.597,6376.2807,6413.1805,6787.28,6671.1967,6758.5044,6763.1239,6735.7896,6647.6912,7036.1768,7007.1727,6960.5087,6624.1049,6821.5331,6741.8865,6574.1751,6698.7022,6718.36
Uruguay,Agricultural Soils,Emissions (CO2eq) from N2O (AR5),kilotonnes,,,,,,,,,,,,,,,7605.5,,7075.5,7287.5,,,
Uruguay,Agricultural Soils,Emissions (CO2eq) (AR5),kilotonnes,5673.4843,5797.0657,5783.1689,6141.597,6376.2807,6413.1805,6787.28,6671.1967,6758.5044,6763.1239,6735.7896,6647.6912,7036.1768,7007.1727,6960.5087,6624.1049,6821.5331,6741.8865,6574.1751,6698.7022,6718.36
Uruguay,Agricultural Soils,Emissions (CO2eq) (AR5),kilotonnes,,,,,,,,,,,,,,,7605.5,,7075.5,7287.5,,,
Uruguay,LULUCF,Emissions (CH4),kilotonnes,0.5833,0,0.0075,0.0075,0.1542,0.0721,0.0124,0.005,0.0746,0.0124,0.0174,0.1542,0.0025,0.0025,0.0025,0.0174,0.005,0.0224,0.0298,0.1244,0.0522
Uruguay,LULUCF,Emissions (N2O),kilotonnes,0.0323,0,0.0007,0.0007,0.0141,0.0066,0.0011,0.0005,0.0068,0.0011,0.0016,0.0141,0.0002,0.0002,0.0002,0.0016,0.0005,0.002,0.0027,0.0114,0.0048
Uruguay,LULUCF,Emissions (CO2),kilotonnes,-13183.7979,-9921.6159,-9922.2865,-9922.4233,-9924.3142,-9923.4935,-9923.7671,-9923.7671,-9922.4564,-9922.7303,-9922.7303,-6844.6687,-6845.0053,-6845.0738,-6845.4099,-6845.4099,-1717.1556,-1716.7503,-1716.7503,-1713.3314,-1713.3314
Uruguay,LULUCF,Emissions (CO2),kilotonnes,-12373.5,,-11152.72,,-11051,,-8735.86,,-4520.35,,-6530.3,,-8632.9,,-4021.1,,-7667,1042.606,,,
Uruguay,LULUCF,Emissions (CO2eq) from CH4 (AR5),kilotonnes,16.3335,0,0.2089,0.2089,4.3172,2.0196,0.3481,0.1393,2.0889,0.3482,0.4876,4.3184,0.0696,0.0696,0.0696,0.4874,0.1393,0.6266,0.8355,3.4825,1.4623
Uruguay,LULUCF,Emissions (CO2eq) from N2O (AR5),kilotonnes,8.5516,0,0.1805,0.1805,3.7307,1.7452,0.3008,0.1203,1.8051,0.3009,0.4213,3.7317,0.0602,0.0602,0.0602,0.4212,0.1204,0.5415,0.722,3.0094,1.2636
Uruguay,LULUCF,Emissions (CO2eq) (AR5),kilotonnes,-13158.9129,-9921.6159,-9921.8972,-9922.034,-9916.2663,-9919.7287,-9923.1182,-9923.5075,-9918.5624,-9922.0812,-9921.8214,-6836.6186,-6844.8755,-6844.944,-6845.2801,-6844.5012,-1716.8959,-1715.5823,-1715.1928,-1706.8396,-1710.6056
Uruguay,LULUCF,Emissions (CO2eq) (AR5),kilotonnes,-12373.5,,-11152.72,,-11051,,-8735.86,,-4520.35,,-6530.3,,-8632.9,,-4021.1,,-7667,1042.606,,,
Uruguay,AFOLU,Emissions (CH4),kilotonnes,734.3808,733.8347,763.5487,783.5426,806.0209,811.8127,840.5768,820.8594,839.7836,822.7994,780.0347,789.3302,765.8515,770.2037,782.2546,781.2654,785.0999,771.4747,754.3398,747.4039,732.0485
Uruguay,AFOLU,Emissions (N2O),kilotonnes,21.6532,22.0808,22.0478,23.3994,24.3094,24.4418,25.8357,25.3945,25.7539,25.7497,25.6558,25.3287,26.7913,26.668,26.4813,25.2585,25.9795,25.6639,25.0295,25.5322,25.6016
Uruguay,AFOLU,Emissions (CO2),kilotonnes,-13183.7979,-9921.6159,-9922.2865,-9922.4233,-9924.3142,-9923.4935,-9923.7671,-9923.7671,-9922.4564,-9922.7303,-9922.7303,-6844.6687,-6845.0053,-6845.0738,-6845.4099,-6845.4099,-1717.1556,-1716.7503,-1716.7503,-1713.3314,-1713.3314
Uruguay,AFOLU,Emissions (CO2eq) from CH4 (AR5),kilotonnes,20562.6635,20547.3724,21379.3633,21939.1936,22568.5844,22730.7543,23536.1505,22984.0644,23513.9413,23038.3837,21840.9723,22101.2466,21443.8408,21565.7032,21903.1295,21875.4308,21982.7973,21601.2924,21121.5144,20927.3082,20497.3572
Uruguay,AFOLU,Emissions (CO2eq) from N2O (AR5),kilotonnes,5738.1066,5851.4187,5842.6552,6200.8337,6441.9883,6477.0668,6846.4699,6729.5546,6824.7743,6823.6741,6798.7945,6712.0946,7099.7034,7067.0234,7017.5541,6693.5139,6884.5561,6800.9301,6632.8051,6766.0436,6784.4216
Uruguay,AFOLU,Emissions (CO2eq) (AR5),kilotonnes,13116.9722,16477.1752,17299.732,18217.604,19086.2585,19284.3276,20458.8533,19789.8518,20416.2593,19939.3275,18717.0365,21968.6725,21698.5388,21787.6528,22075.2737,21723.5348,27150.1977,26685.4722,26037.5692,25980.0203,25568.4473
Uruguay,All sectors with LULUCF,Emissions (CH4),kilotonnes,766.4511,765.4249,795.3589,815.5529,839.0711,845.3529,874.307,860.5897,933.9638,923.7496,884.8949,892.4304,873.6316,883.1439,938.5248,969.9856,987.0101,975.0649,963.91,962.524,972.3486
Uruguay,All sectors with LULUCF,Emissions (N2O),kilotonnes,22.3552,22.7558,22.6927,24.0434,24.9874,25.1177,26.5527,26.1215,26.699,26.7058,26.6559,26.3729,27.8725,27.7292,27.5926,26.4598,27.1978,26.9023,26.3119,26.8676,27.0031
Uruguay,All sectors with LULUCF,Emissions (CO2),kilotonnes,-7848.5679,-4830.3759,-5292.0465,-5341.1733,-4298.0642,-4122.2435,-3252.5071,-3892.5071,-1643.1864,-1886.4503,-3551.4403,875.6213,1798.2947,698.2262,-117.0999,-56.0899,4855.1644,4545.5797,7043.5797,6998.0586,6307.0286
Uruguay,All sectors with LULUCF,Emissions (CO2eq) from F-gases (AR5),kilotonnes,32.7481,36.7323,34.7888,40.5222,55.1957,69.0918,72.5901,80.1698,87.2636,92.6082,98.1472,133.1304,168.1135,208.9272,249.7409,269.176,288.6111,336.2271,379.956,424.6568,407.1652
Uruguay,All sectors with LULUCF,Emissions (CO2eq) from CH4 (AR5),kilotonnes,21460.6297,21431.8986,22270.0494,22835.4798,23493.9905,23669.8805,24480.5967,24096.5105,26150.9871,25864.9893,24777.0578,24988.052,24461.6861,24728.0284,26278.6946,27159.5958,27636.2822,27301.8172,26989.479,26950.6728,27225.7617
Uruguay,All sectors with LULUCF,Emissions (CO2eq) from N2O (AR5),kilotonnes,5924.1286,6030.2884,6013.5776,6371.4884,6621.653,6656.2015,7036.4749,6922.2096,7075.2258,7077.0406,7063.821,6988.8076,7386.2214,7348.2414,7312.0486,7011.8584,7207.4056,7129.1061,6972.6411,7119.9246,7155.8191
Uruguay,All sectors with LULUCF,Emissions (CO2eq) (AR5),kilotonnes,19568.9386,22668.5434,23026.3693,23906.3171,25872.775,26272.9303,28337.1545,27206.3827,31670.2901,31148.1878,28387.5857,32985.6113,33814.3157,32983.4232,33723.3842,34384.5403,39987.4632,39312.7301,41385.6559,41493.3126,41095.7745
Uruguay,All sectors without LULUCF,Emissions (CH4),kilotonnes,765.8677,765.4249,795.3514,815.5454,838.9169,845.2807,874.2946,860.5847,933.8892,923.7372,884.8775,892.2762,873.6292,883.1414,938.5223,969.9682,987.0051,975.0425,963.8801,962.3997,972.2964
Uruguay,All sectors without LULUCF,Emissions (N2O),kilotonnes,22.3229,22.7558,22.6921,24.0427,24.9733,25.1112,26.5516,26.1211,26.6922,26.7047,26.6543,26.3588,27.8723,27.729,27.5924,26.4583,27.1973,26.9002,26.3091,26.8563,26.9983
Uruguay,All sectors without LULUCF,Emissions (CO2),kilotonnes,5335.23,5091.24,4630.24,4581.25,5626.25,5801.25,6671.26,6031.26,8279.27,8036.28,6371.29,7720.29,8643.3,7543.3,6728.31,6789.32,6572.32,6262.33,8760.33,8711.39,8020.36
Uruguay,All sectors without LULUCF,Emissions (CO2eq) from F-gases (AR5),kilotonnes,32.7481,36.7323,34.7888,40.5222,55.1957,69.0918,72.5901,80.1698,87.2636,92.6082,98.1472,133.1304,168.1135,208.9272,249.7409,269.176,288.6111,336.2271,379.956,424.6568,407.1652
Uruguay,All sectors without LULUCF,Emissions (CO2eq) from CH4 (AR5),kilotonnes,21444.2962,21431.8986,22269.8405,22835.271,23489.6733,23667.8609,24480.2486,24096.3713,26148.8982,25864.6411,24776.5703,24983.7336,24461.6165,24727.9587,26278.6249,27159.1083,27636.1429,27301.1906,26988.6435,26947.1903,27224.2994
Uruguay,All sectors without LULUCF,Emissions (CO2eq) from N2O (AR5),kilotonnes,5915.5771,6030.2884,6013.3971,6371.3079,6617.9223,6654.4564,7036.1741,6922.0892,7073.4207,7076.7397,7063.3997,6985.0759,7386.1612,7348.1812,7311.9884,7011.4372,7207.2852,7128.5647,6971.9191,7116.9152,7154.5555
Uruguay,All sectors without LULUCF,Emissions (CO2eq) (AR5),kilotonnes,32727.8515,32590.1593,32948.2665,33828.351,35789.0413,36192.659,38260.2727,37129.8903,41588.8524,41070.2691,38309.4072,39822.2298,40659.1912,39828.3672,40568.6643,41229.0415,41704.3592,41028.3124,43100.8487,43200.1522,42806.3801
USSR,Crop Residues,Direct emissions (N2O),kilotonnes,,,,,,,,,,,,,,,,,,,,,
USSR,Crop Residues,Indirect emissions (N2O),kilotonnes,,,,,,,,,,,,,,,,,,,,,
USSR,Crop Residues,Emissions (N2O),kilotonnes,,,,,,,,,,,,,,,,,,,,,
USSR,Crop Residues,Emissions (CO2eq) from N2O (AR5),kilotonnes,,,,,,,,,,,,,,,,,,,,,
USSR,Crop Residues,Emissions (CO2eq) (AR5),kilotonnes,,,,,,,,,,,,,,,,,,,,,
USSR,Rice Cultivation,Emissions (CH4),kilotonnes,,,,,,,,,,,,,,,,,,,,,
USSR,Rice Cultivation,Emissions (CO2eq) from CH4 (AR5),kilotonnes,,,,,,,,,,,,,,,,,,,,,
USSR,Rice Cultivation,Emissions (CO2eq) (AR5),kilotonnes,,,,,,,,,,,,,,,,,,,,,
USSR,Burning - Crop residues,Emissions (CH4),kilotonnes,,,,,,,,,,,,,,,,,,,,,
USSR,Burning - Crop residues,Emissions (N2O),kilotonnes,,,,,,,,,,,,,,,,,,,,,
USSR,Burning - Crop residues,Emissions (CO2eq) from CH4 (AR5),kilotonnes,,,,,,,,,,,,,,,,,,,,,
USSR,Burning - Crop residues,Emissions (CO2eq) from N2O (AR5),kilotonnes,,,,,,,,,,,,,,,,,,,,,
USSR,Burning - Crop residues,Emissions (CO2eq) (AR5),kilotonnes,,,,,,,,,,,,,,,,,,,,,
USSR,Enteric Fermentation,Emissions (CH4),kilotonnes,,,,,,,,,,,,,,,,,,,,,
USSR,Enteric Fermentation,Emissions (CO2eq) from CH4 (AR5),kilotonnes,,,,,,,,,,,,,,,,,,,,,
USSR,Enteric Fermentation,Emissions (CO2eq) (AR5),kilotonnes,,,,,,,,,,,,,,,,,,,,,
USSR,Manure Management,Emissions (CH4),kilotonnes,,,,,,,,,,,,,,,,,,,,,
USSR,Manure Management,Emissions (N2O),kilotonnes,,,,,,,,,,,,,,,,,,,,,
USSR,Manure Management,Emissions (CO2eq) from CH4 (AR5),kilotonnes,,,,,,,,,,,,,,,,,,,,,
USSR,Manure Management,Emissions (CO2eq) from N2O (AR5),kilotonnes,,,,,,,,,,,,,,,,,,,,,
USSR,Manure Management,Emissions (CO2eq) (AR5),kilotonnes,,,,,,,,,,,,,,,,,,,,,
USSR,Manure left on Pasture,Direct emissions (N2O),kilotonnes,,,,,,,,,,,,,,,,,,,,,
USSR,Manure left on Pasture,Indirect emissions (N2O),kilotonnes,,,,,,,,,,,,,,,,,,,,,
USSR,Manure left on Pasture,Emissions (N2O),kilotonnes,,,,,,,,,,,,,,,,,,,,,
USSR,Manure left on Pasture,Emissions (CO2eq) from N2O (AR5),kilotonnes,,,,,,,,,,,,,,,,,,,,,
USSR,Manure left on Pasture,Emissions (CO2eq) (AR5),kilotonnes,,,,,,,,,,,,,,,,,,,,,
USSR,Manure applied to Soils,Direct emissions (N2O),kilotonnes,,,,,,,,,,,,,,,,,,,,,
USSR,Manure applied to Soils,Indirect emissions (N2O),kilotonnes,,,,,,,,,,,,,,,,,,,,,
USSR,Manure applied to Soils,Emissions (N2O),kilotonnes,,,,,,,,,,,,,,,,,,,,,
USSR,Manure applied to Soils,Emissions (CO2eq) from N2O (AR5),kilotonnes,,,,,,,,,,,,,,,,,,,,,
USSR,Manure applied to Soils,Emissions (CO2eq) (AR5),kilotonnes,,,,,,,,,,,,,,,,,,,,,
USSR,Synthetic Fertilizers,Direct emissions (N2O),kilotonnes,,,,,,,,,,,,,,,,,,,,,
USSR,Synthetic Fertilizers,Indirect emissions (N2O),kilotonnes,,,,,,,,,,,,,,,,,,,,,
USSR,Synthetic Fertilizers,Emissions (N2O),kilotonnes,,,,,,,,,,,,,,,,,,,,,
USSR,Synthetic Fertilizers,Emissions (CO2eq) from N2O (AR5),kilotonnes,,,,,,,,,,,,,,,,,,,,,
USSR,Synthetic Fertilizers,Emissions (CO2eq) (AR5),kilotonnes,,,,,,,,,,,,,,,,,,,,,
USSR,Drained organic soils,Emissions (CO2eq) (AR5),kilotonnes,,,,,,,,,,,,,,,,,,,,,
USSR,Drained organic soils (CO2),Emissions (CO2),kilotonnes,,,,,,,,,,,,,,,,,,,,,
USSR,Drained organic soils (CO2),Emissions (CO2eq) (AR5),kilotonnes,,,,,,,,,,,,,,,,,,,,,
USSR,Drained organic soils (N2O),Emissions (N2O),kilotonnes,,,,,,,,,,,,,,,,,,,,,
USSR,Drained organic soils (N2O),Emissions (CO2eq) from N2O (AR5),kilotonnes,,,,,,,,,,,,,,,,,,,,,
USSR,Drained organic soils (N2O),Emissions (CO2eq) (AR5),kilotonnes,,,,,,,,,,,,,,,,,,,,,
USSR,On-farm energy use,Emissions (CH4),kilotonnes,,,,,,,,,,,,,,,,,,,,,
USSR,On-farm energy use,Emissions (N2O),kilotonnes,,,,,,,,,,,,,,,,,,,,,
USSR,On-farm energy use,Emissions (CO2),kilotonnes,,,,,,,,,,,,,,,,,,,,,
USSR,On-farm energy use,Emissions (CO2eq) from CH4 (AR5),kilotonnes,,,,,,,,,,,,,,,,,,,,,
USSR,On-farm energy use,Emissions (CO2eq) from N2O (AR5),kilotonnes,,,,,,,,,,,,,,,,,,,,,
USSR,On-farm energy use,Emissions (CO2eq) (AR5),kilotonnes,,,,,,,,,,,,,,,,,,,,,
USSR,Forestland,Emissions (CO2),kilotonnes,,,,,,,,,,,,,,,,,,,,,
USSR,Forestland,Emissions (CO2eq) (AR5),kilotonnes,,,,,,,,,,,,,,,,,,,,,
USSR,Net Forest conversion,Emissions (CO2),kilotonnes,,,,,,,,,,,,,,,,,,,,,
USSR,Net Forest conversion,Emissions (CO2eq) (AR5),kilotonnes,,,,,,,,,,,,,,,,,,,,,
USSR,Savanna fires,Emissions (CH4),kilotonnes,,,,,,,,,,,,,,,,,,,,,
USSR,Savanna fires,Emissions (N2O),kilotonnes,,,,,,,,,,,,,,,,,,,,,
USSR,Savanna fires,Emissions (CO2eq) from CH4 (AR5),kilotonnes,,,,,,,,,,,,,,,,,,,,,
USSR,Savanna fires,Emissions (CO2eq) from N2O (AR5),kilotonnes,,,,,,,,,,,,,,,,,,,,,
USSR,Savanna fires,Emissions (CO2eq) (AR5),kilotonnes,,,,,,,,,,,,,,,,,,,,,
USSR,Fires in organic soils,Emissions (CH4),kilotonnes,,,,,,,,,,,,,,,,,,,,,
USSR,Fires in organic soils,Emissions (CO2),kilotonnes,,,,,,,,,,,,,,,,,,,,,
USSR,Fires in organic soils,Emissions (CO2eq) from CH4 (AR5),kilotonnes,,,,,,,,,,,,,,,,,,,,,
USSR,Fires in organic soils,Emissions (CO2eq) (AR5),kilotonnes,,,,,,,,,,,,,,,,,,,,,
USSR,Forest fires,Emissions (CH4),kilotonnes,,,,,,,,,,,,,,,,,,,,,
USSR,Forest fires,Emissions (N2O),kilotonnes,,,,,,,,,,,,,,,,,,,,,
USSR,Forest fires,Emissions (CO2eq) from CH4 (AR5),kilotonnes,,,,,,,,,,,,,,,,,,,,,
USSR,Forest fires,Emissions (CO2eq) from N2O (AR5),kilotonnes,,,,,,,,,,,,,,,,,,,,,
USSR,Forest fires,Emissions (CO2eq) (AR5),kilotonnes,,,,,,,,,,,,,,,,,,,,,
USSR,Fires in humid tropical forests,Emissions (CH4),kilotonnes,,,,,,,,,,,,,,,,,,,,,
USSR,Fires in humid tropical forests,Emissions (N2O),kilotonnes,,,,,,,,,,,,,,,,,,,,,
USSR,Fires in humid tropical forests,Emissions (CO2eq) from CH4 (AR5),kilotonnes,,,,,,,,,,,,,,,,,,,,,
USSR,Fires in humid tropical forests,Emissions (CO2eq) from N2O (AR5),kilotonnes,,,,,,,,,,,,,,,,,,,,,
USSR,Fires in humid tropical forests,Emissions (CO2eq) (AR5),kilotonnes,,,,,,,,,,,,,,,,,,,,,
USSR,Waste - agri-food systems,Emissions (CH4),kilotonnes,,,,,,,,,,,,,,,,,,,,,
USSR,Waste - agri-food systems,Emissions (N2O),kilotonnes,,,,,,,,,,,,,,,,,,,,,
USSR,Waste - agri-food systems,Emissions (CO2),kilotonnes,,,,,,,,,,,,,,,,,,,,,
USSR,Waste - agri-food systems,Emissions (CO2eq) from CH4 (AR5),kilotonnes,,,,,,,,,,,,,,,,,,,,,
USSR,Waste - agri-food systems,Emissions (CO2eq) from N2O (AR5),kilotonnes,,,,,,,,,,,,,,,,,,,,,
USSR,Waste - agri-food systems,Emissions (CO2eq) (AR5),kilotonnes,,,,,,,,,,,,,,,,,,,,,
USSR,On-farm electricity use,Emissions (CH4),kilotonnes,,,,,,,,,,,,,,,,,,,,,
USSR,On-farm electricity use,Emissions (N2O),kilotonnes,,,,,,,,,,,,,,,,,,,,,
USSR,On-farm electricity use,Emissions (CO2),kilotonnes,,,,,,,,,,,,,,,,,,,,,
USSR,On-farm electricity use,Emissions (CO2eq) from CH4 (AR5),kilotonnes,,,,,,,,,,,,,,,,,,,,,
USSR,On-farm electricity use,Emissions (CO2eq) from N2O (AR5),kilotonnes,,,,,,,,,,,,,,,,,,,,,
USSR,On-farm electricity use,Emissions (CO2eq) (AR5),kilotonnes,,,,,,,,,,,,,,,,,,,,,
USSR,Energy,Emissions (CH4),kilotonnes,,,,,,,,,,,,,,,,,,,,,
USSR,Energy,Emissions (N2O),kilotonnes,,,,,,,,,,,,,,,,,,,,,
USSR,Energy,Emissions (CO2),kilotonnes,,,,,,,,,,,,,,,,,,,,,
USSR,Energy,Emissions (CO2eq) from CH4 (AR5),kilotonnes,,,,,,,,,,,,,,,,,,,,,
USSR,Energy,Emissions (CO2eq) from N2O (AR5),kilotonnes,,,,,,,,,,,,,,,,,,,,,
USSR,Energy,Emissions (CO2eq) (AR5),kilotonnes,,,,,,,,,,,,,,,,,,,,,
USSR,IPPU,Emissions (CH4),kilotonnes,,,,,,,,,,,,,,,,,,,,,
USSR,IPPU,Emissions (N2O),kilotonnes,,,,,,,,,,,,,,,,,,,,,
USSR,IPPU,Emissions (CO2),kilotonnes,,,,,,,,,,,,,,,,,,,,,
USSR,IPPU,Emissions (CO2eq) from F-gases (AR5),kilotonnes,,,,,,,,,,,,,,,,,,,,,
USSR,IPPU,Emissions (CO2eq) from CH4 (AR5),kilotonnes,,,,,,,,,,,,,,,,,,,,,
USSR,IPPU,Emissions (CO2eq) from N2O (AR5),kilotonnes,,,,,,,,,,,,,,,,,,,,,
USSR,IPPU,Emissions (CO2eq) (AR5),kilotonnes,,,,,,,,,,,,,,,,,,,,,
USSR,Waste,Emissions (CH4),kilotonnes,,,,,,,,,,,,,,,,,,,,,
USSR,Waste,Emissions (N2O),kilotonnes,,,,,,,,,,,,,,,,,,,,,
USSR,Waste,Emissions (CO2),kilotonnes,,,,,,,,,,,,,,,,,,,,,
USSR,Waste,Emissions (CO2eq) from CH4 (AR5),kilotonnes,,,,,,,,,,,,,,,,,,,,,
USSR,Waste,Emissions (CO2eq) from N2O (AR5),kilotonnes,,,,,,,,,,,,,,,,,,,,,
USSR,Waste,Emissions (CO2eq) (AR5),kilotonnes,,,,,,,,,,,,,,,,,,,,,
USSR,Other,Emissions (CH4),kilotonnes,,,,,,,,,,,,,,,,,,,,,
USSR,Other,Emissions (N2O),kilotonnes,,,,,,,,,,,,,,,,,,,,,
USSR,Other,Emissions (CO2),kilotonnes,,,,,,,,,,,,,,,,,,,,,
USSR,Other,Emissions (CO2eq) from CH4 (AR5),kilotonnes,,,,,,,,,,,,,,,,,,,,,
USSR,Other,Emissions (CO2eq) from N2O (AR5),kilotonnes,,,,,,,,,,,,,,,,,,,,,
USSR,Other,Emissions (CO2eq) (AR5),kilotonnes,,,,,,,,,,,,,,,,,,,,,
USSR,Farm-gate emissions,Emissions (CH4),kilotonnes,,,,,,,,,,,,,,,,,,,,,
USSR,Farm-gate emissions,Direct emissions (N2O),kilotonnes,,,,,,,,,,,,,,,,,,,,,
USSR,Farm-gate emissions,Indirect emissions (N2O),kilotonnes,,,,,,,,,,,,,,,,,,,,,
USSR,Farm-gate emissions,Emissions (N2O),kilotonnes,,,,,,,,,,,,,,,,,,,,,
USSR,Farm-gate emissions,Emissions (CO2),kilotonnes,,,,,,,,,,,,,,,,,,,,,
USSR,Farm-gate emissions,Emissions (CO2eq) from CH4 (AR5),kilotonnes,,,,,,,,,,,,,,,,,,,,,
USSR,Farm-gate emissions,Emissions (CO2eq) from N2O (AR5),kilotonnes,,,,,,,,,,,,,,,,,,,,,
USSR,Farm-gate emissions,Emissions (CO2eq) (AR5),kilotonnes,,,,,,,,,,,,,,,,,,,,,
USSR,Land Use change,Emissions (CH4),kilotonnes,,,,,,,,,,,,,,,,,,,,,
USSR,Land Use change,Emissions (N2O),kilotonnes,,,,,,,,,,,,,,,,,,,,,
USSR,Land Use change,Emissions (CO2),kilotonnes,,,,,,,,,,,,,,,,,,,,,
USSR,Land Use change,Emissions (CO2eq) from CH4 (AR5),kilotonnes,,,,,,,,,,,,,,,,,,,,,
USSR,Land Use change,Emissions (CO2eq) from N2O (AR5),kilotonnes,,,,,,,,,,,,,,,,,,,,,
USSR,Land Use change,Emissions (CO2eq) (AR5),kilotonnes,,,,,,,,,,,,,,,,,,,,,
USSR,Emissions on agricultural land,Emissions (CH4),kilotonnes,,,,,,,,,,,,,,,,,,,,,
USSR,Emissions on agricultural land,Emissions (N2O),kilotonnes,,,,,,,,,,,,,,,,,,,,,
USSR,Emissions on agricultural land,Emissions (CO2),kilotonnes,,,,,,,,,,,,,,,,,,,,,
USSR,Emissions on agricultural land,Emissions (CO2eq) from CH4 (AR5),kilotonnes,,,,,,,,,,,,,,,,,,,,,
USSR,Emissions on agricultural land,Emissions (CO2eq) from N2O (AR5),kilotonnes,,,,,,,,,,,,,,,,,,,,,
USSR,Emissions on agricultural land,Emissions (CO2eq) (AR5),kilotonnes,,,,,,,,,,,,,,,,,,,,,
USSR,Pre- and post- production,Emissions (CH4),kilotonnes,,,,,,,,,,,,,,,,,,,,,
USSR,Pre- and post- production,Emissions (N2O),kilotonnes,,,,,,,,,,,,,,,,,,,,,
USSR,Pre- and post- production,Emissions (CO2),kilotonnes,,,,,,,,,,,,,,,,,,,,,
USSR,Pre- and post- production,Emissions (CO2eq) from CH4 (AR5),kilotonnes,,,,,,,,,,,,,,,,,,,,,
USSR,Pre- and post- production,Emissions (CO2eq) from N2O (AR5),kilotonnes,,,,,,,,,,,,,,,,,,,,,
USSR,Pre- and post- production,Emissions (CO2eq) (AR5),kilotonnes,,,,,,,,,,,,,,,,,,,,,
USSR,Agri-food systems,Emissions (CH4),kilotonnes,,,,,,,,,,,,,,,,,,,,,
USSR,Agri-food systems,Emissions (N2O),kilotonnes,,,,,,,,,,,,,,,,,,,,,
USSR,Agri-food systems,Emissions (CO2),kilotonnes,,,,,,,,,,,,,,,,,,,,,
USSR,Agri-food systems,Emissions (CO2eq) from CH4 (AR5),kilotonnes,,,,,,,,,,,,,,,,,,,,,
USSR,Agri-food systems,Emissions (CO2eq) from N2O (AR5),kilotonnes,,,,,,,,,,,,,,,,,,,,,
USSR,Agri-food systems,Emissions (CO2eq) (AR5),kilotonnes,,,,,,,,,,,,,,,,,,,,,
USSR,IPCC Agriculture,Emissions (CH4),kilotonnes,,,,,,,,,,,,,,,,,,,,,
USSR,IPCC Agriculture,Direct emissions (N2O),kilotonnes,,,,,,,,,,,,,,,,,,,,,
USSR,IPCC Agriculture,Indirect emissions (N2O),kilotonnes,,,,,,,,,,,,,,,,,,,,,
USSR,IPCC Agriculture,Emissions (N2O),kilotonnes,,,,,,,,,,,,,,,,,,,,,
USSR,IPCC Agriculture,Emissions (CO2eq) from CH4 (AR5),kilotonnes,,,,,,,,,,,,,,,,,,,,,
USSR,IPCC Agriculture,Emissions (CO2eq) from N2O (AR5),kilotonnes,,,,,,,,,,,,,,,,,,,,,
USSR,IPCC Agriculture,Emissions (CO2eq) (AR5),kilotonnes,,,,,,,,,,,,,,,,,,,,,
USSR,Agricultural Soils,Direct emissions (N2O),kilotonnes,,,,,,,,,,,,,,,,,,,,,
USSR,Agricultural Soils,Indirect emissions (N2O),kilotonnes,,,,,,,,,,,,,,,,,,,,,
USSR,Agricultural Soils,Emissions (N2O),kilotonnes,,,,,,,,,,,,,,,,,,,,,
USSR,Agricultural Soils,Emissions (CO2eq) from N2O (AR5),kilotonnes,,,,,,,,,,,,,,,,,,,,,
USSR,Agricultural Soils,Emissions (CO2eq) (AR5),kilotonnes,,,,,,,,,,,,,,,,,,,,,
USSR,LULUCF,Emissions (CH4),kilotonnes,,,,,,,,,,,,,,,,,,,,,
USSR,LULUCF,Emissions (N2O),kilotonnes,,,,,,,,,,,,,,,,,,,,,
USSR,LULUCF,Emissions (CO2),kilotonnes,,,,,,,,,,,,,,,,,,,,,
USSR,LULUCF,Emissions (CO2eq) from CH4 (AR5),kilotonnes,,,,,,,,,,,,,,,,,,,,,
USSR,LULUCF,Emissions (CO2eq) from N2O (AR5),kilotonnes,,,,,,,,,,,,,,,,,,,,,
USSR,LULUCF,Emissions (CO2eq) (AR5),kilotonnes,,,,,,,,,,,,,,,,,,,,,
USSR,AFOLU,Emissions (CH4),kilotonnes,,,,,,,,,,,,,,,,,,,,,
USSR,AFOLU,Emissions (N2O),kilotonnes,,,,,,,,,,,,,,,,,,,,,
USSR,AFOLU,Emissions (CO2),kilotonnes,,,,,,,,,,,,,,,,,,,,,
USSR,AFOLU,Emissions (CO2eq) from CH4 (AR5),kilotonnes,,,,,,,,,,,,,,,,,,,,,
USSR,AFOLU,Emissions (CO2eq) from N2O (AR5),kilotonnes,,,,,,,,,,,,,,,,,,,,,
USSR,AFOLU,Emissions (CO2eq) (AR5),kilotonnes,,,,,,,,,,,,,,,,,,,,,
USSR,All sectors with LULUCF,Emissions (CH4),kilotonnes,,,,,,,,,,,,,,,,,,,,,
USSR,All sectors with LULUCF,Emissions (N2O),kilotonnes,,,,,,,,,,,,,,,,,,,,,
USSR,All sectors with LULUCF,Emissions (CO2),kilotonnes,,,,,,,,,,,,,,,,,,,,,
USSR,All sectors with LULUCF,Emissions (CO2eq) from F-gases (AR5),kilotonnes,,,,,,,,,,,,,,,,,,,,,
USSR,All sectors with LULUCF,Emissions (CO2eq) from CH4 (AR5),kilotonnes,,,,,,,,,,,,,,,,,,,,,
USSR,All sectors with LULUCF,Emissions (CO2eq) from N2O (AR5),kilotonnes,,,,,,,,,,,,,,,,,,,,,
USSR,All sectors with LULUCF,Emissions (CO2eq) (AR5),kilotonnes,,,,,,,,,,,,,,,,,,,,,
USSR,All sectors without LULUCF,Emissions (CH4),kilotonnes,,,,,,,,,,,,,,,,,,,,,
USSR,All sectors without LULUCF,Emissions (N2O),kilotonnes,,,,,,,,,,,,,,,,,,,,,
USSR,All sectors without LULUCF,Emissions (CO2),kilotonnes,,,,,,,,,,,,,,,,,,,,,
USSR,All sectors without LULUCF,Emissions (CO2eq) from F-gases (AR5),kilotonnes,,,,,,,,,,,,,,,,,,,,,
USSR,All sectors without LULUCF,Emissions (CO2eq) from CH4 (AR5),kilotonnes,,,,,,,,,,,,,,,,,,,,,
USSR,All sectors without LULUCF,Emissions (CO2eq) from N2O (AR5),kilotonnes,,,,,,,,,,,,,,,,,,,,,
USSR,All sectors without LULUCF,Emissions (CO2eq) (AR5),kilotonnes,,,,,,,,,,,,,,,,,,,,,
Uzbekistan,Crop Residues,Direct emissions (N2O),kilotonnes,0.8689,0.8868,1.1768,1.2963,1.2271,1.3208,1.3368,1.3524,1.3492,1.4765,1.5066,1.4321,1.4991,1.5431,1.5788,1.6043,1.6149,1.4292,1.2745,1.4266,1.4477
Uzbekistan,Crop Residues,Indirect emissions (N2O),kilotonnes,0.1955,0.1995,0.2648,0.2917,0.2761,0.2972,0.3008,0.3043,0.3036,0.3322,0.339,0.3222,0.3373,0.3472,0.3552,0.361,0.3633,0.3216,0.2868,0.321,0.3257
Uzbekistan,Crop Residues,Emissions (N2O),kilotonnes,1.0644,1.0863,1.4415,1.588,1.5032,1.618,1.6376,1.6566,1.6527,1.8088,1.8456,1.7543,1.8365,1.8903,1.934,1.9652,1.9782,1.7507,1.5612,1.7475,1.7734
Uzbekistan,Crop Residues,Emissions (CO2eq) from N2O (AR5),kilotonnes,282.063,287.8825,382.0083,420.8145,398.3413,428.7604,433.971,439.0113,437.974,479.3193,489.0887,464.8877,486.6599,500.9348,512.5117,520.7908,524.2306,463.9474,413.7301,463.0951,469.9476
Uzbekistan,Crop Residues,Emissions (CO2eq) (AR5),kilotonnes,282.063,287.8825,382.0083,420.8145,398.3413,428.7604,433.971,439.0113,437.974,479.3193,489.0887,464.8877,486.6599,500.9348,512.5117,520.7908,524.2306,463.9474,413.7301,463.0951,469.9476
Uzbekistan,Rice Cultivation,Emissions (CH4),kilotonnes,10.8142,8.5063,14.1551,26.5958,14.531,11.5351,13.3331,10.5504,7.4292,9.5833,15.2102,5.0774,16.7707,9.869,10.7262,15.4959,15.7801,15.6693,9.2626,14.2701,10.424
Uzbekistan,Rice Cultivation,Emissions (CO2eq) from CH4 (AR5),kilotonnes,302.7965,238.1753,396.3434,744.6824,406.8674,322.9829,373.3259,295.4112,208.0187,268.3318,425.8845,142.1666,469.5807,276.3326,300.3347,433.8852,441.8428,438.741,259.3526,399.5621,291.8724
Uzbekistan,Rice Cultivation,Emissions (CO2eq) (AR5),kilotonnes,302.7965,238.1753,396.3434,744.6824,406.8674,322.9829,373.3259,295.4112,208.0187,268.3318,425.8845,142.1666,469.5807,276.3326,300.3347,433.8852,441.8428,438.741,259.3526,399.5621,291.8724
Uzbekistan,Burning - Crop residues,Emissions (CH4),kilotonnes,1.6702,1.4793,1.5756,1.9016,1.7802,1.7236,1.7431,1.6564,1.6202,1.6091,1.7628,1.653,1.7399,1.7174,1.7396,1.7668,1.7737,1.7279,1.5864,1.6292,1.6618
Uzbekistan,Burning - Crop residues,Emissions (CH4),kilotonnes,4.1667,4.7095,5.4333,6.019,6.2905,,,,,,,,,,,,,,,,
Uzbekistan,Burning - Crop residues,Emissions (N2O),kilotonnes,0.0433,0.0384,0.0408,0.0493,0.0462,0.0447,0.0452,0.0429,0.042,0.0417,0.0457,0.0429,0.0451,0.0445,0.0451,0.0458,0.046,0.0448,0.0411,0.0422,0.0431
Uzbekistan,Burning - Crop residues,Emissions (N2O),kilotonnes,0.1029,0.1171,0.1345,0.149,0.1555,,,,,,,,,,,,,,,,
Uzbekistan,Burning - Crop residues,Emissions (CO2eq) from CH4 (AR5),kilotonnes,46.7646,41.4216,44.1171,53.2443,49.8458,48.2611,48.8065,46.3791,45.3668,45.0546,49.3577,46.2835,48.7162,48.0873,48.7076,49.4692,49.6623,48.3812,44.4181,45.6164,46.529
Uzbekistan,Burning - Crop residues,Emissions (CO2eq) from CH4 (AR5),kilotonnes,116.6676,131.866,152.1324,168.532,176.134,,,,,,,,,,,,,,,,
Uzbekistan,Burning - Crop residues,Emissions (CO2eq) from N2O (AR5),kilotonnes,11.4747,10.1636,10.825,13.0646,12.2307,11.8418,11.9757,11.3801,11.1317,11.0551,12.1109,11.3566,11.9535,11.7992,11.9514,12.1383,12.1857,11.8713,10.8989,11.1929,11.4168
Uzbekistan,Burning - Crop residues,Emissions (CO2eq) from N2O (AR5),kilotonnes,27.2685,31.0315,35.6425,39.485,41.2075,,,,,,,,,,,,,,,,
Uzbekistan,Burning - Crop residues,Emissions (CO2eq) (AR5),kilotonnes,58.2393,51.5853,54.9422,66.3089,62.0765,60.1029,60.7822,57.7591,56.4985,56.1096,61.4687,57.6401,60.6697,59.8865,60.659,61.6075,61.848,60.2525,55.317,56.8093,57.9459
Uzbekistan,Burning - Crop residues,Emissions (CO2eq) (AR5),kilotonnes,143.9361,162.8975,187.7749,208.017,217.3415,,,,,,,,,,,,,,,,
Uzbekistan,Enteric Fermentation,Emissions (CH4),kilotonnes,346.82,351.1553,355.0413,359.7849,388.8263,411.8144,434.8358,460.5264,486.2576,521.838,553.7581,590.8302,623.4765,650.9175,679.3861,702.6193,762.589,781.6489,802.366,809.7361,822.1198
Uzbekistan,Enteric Fermentation,Emissions (CH4),kilotonnes,313.9095,317.7857,328.1476,344.3952,365.9048,385.1,408.2667,435.4238,466.6667,497.9476,528.5571,558.8143,573.4095,,,,,,,,
Uzbekistan,Enteric Fermentation,Emissions (CO2eq) from CH4 (AR5),kilotonnes,9710.96,9832.3484,9941.1564,10073.9772,10887.1364,11530.8032,12175.4024,12894.7392,13615.2128,14611.464,15505.2268,16543.2456,17457.342,18225.69,19022.8116,19673.3404,21352.4913,21886.1698,22466.2472,22672.6121,23019.355
Uzbekistan,Enteric Fermentation,Emissions (CO2eq) from CH4 (AR5),kilotonnes,8789.466,8897.9996,9188.1328,9643.0656,10245.3344,10782.8,11431.4676,12191.8664,13066.6676,13942.5328,14799.5988,15646.8004,16055.466,,,,,,,,
Uzbekistan,Enteric Fermentation,Emissions (CO2eq) (AR5),kilotonnes,9710.96,9832.3484,9941.1564,10073.9772,10887.1364,11530.8032,12175.4024,12894.7392,13615.2128,14611.464,15505.2268,16543.2456,17457.342,18225.69,19022.8116,19673.3404,21352.4913,21886.1698,22466.2472,22672.6121,23019.355
Uzbekistan,Enteric Fermentation,Emissions (CO2eq) (AR5),kilotonnes,8789.466,8897.9996,9188.1328,9643.0656,10245.3344,10782.8,11431.4676,12191.8664,13066.6676,13942.5328,14799.5988,15646.8004,16055.466,,,,,,,,
Uzbekistan,Manure Management,Emissions (CH4),kilotonnes,29.5286,29.938,30.1927,30.5861,34.177,35.7767,37.8061,38.4055,40.3097,43.0126,45.6871,48.6775,50.4983,50.7235,53.1044,54.2289,54.5727,55.4182,55.8656,55.7863,56.137
Uzbekistan,Manure Management,Emissions (CH4),kilotonnes,22.8762,23.1619,23.8571,24.9571,26.3524,27.6952,29.1286,30.8286,32.5143,34.6048,36.8,38.4095,39.0905,,,,,,,,
Uzbekistan,Manure Management,Emissions (N2O),kilotonnes,2.9507,2.9886,3.026,3.06,3.2463,3.4594,3.6435,3.9704,4.2122,4.5454,4.8219,5.1587,5.5066,5.8709,6.1378,6.3872,7.2234,7.417,7.6662,7.7609,7.9008
Uzbekistan,Manure Management,Emissions (N2O),kilotonnes,0.7387,0.7465,0.7723,0.8113,0.8658,0.9139,0.9777,1.0529,1.1374,1.2203,1.3068,1.4019,1.4529,,,,,,,,
Uzbekistan,Manure Management,Emissions (CO2eq) from CH4 (AR5),kilotonnes,826.8004,838.2627,845.3957,856.4122,956.9563,1001.7488,1058.5703,1075.3538,1128.6728,1204.3541,1279.2385,1362.9701,1413.9528,1420.2573,1486.9218,1518.408,1528.0343,1551.7102,1564.2371,1562.0152,1571.8369
Uzbekistan,Manure Management,Emissions (CO2eq) from CH4 (AR5),kilotonnes,640.5336,648.5332,667.9988,698.7988,737.8672,775.4656,815.6008,863.2008,910.4004,968.9344,1030.4,1075.466,1094.534,,,,,,,,
Uzbekistan,Manure Management,Emissions (CO2eq) from N2O (AR5),kilotonnes,781.948,791.968,801.8813,810.9027,860.2675,916.7542,965.5368,1052.1502,1116.2403,1204.5306,1277.8125,1367.0613,1459.2529,1555.7806,1626.5095,1692.6026,1914.1991,1965.4936,2031.545,2056.643,2093.7056
Uzbekistan,Manure Management,Emissions (CO2eq) from N2O (AR5),kilotonnes,195.7555,197.8225,204.6595,214.9945,229.437,242.1835,259.0905,279.0185,301.411,323.3795,346.302,371.5035,385.0185,,,,,,,,
Uzbekistan,Manure Management,Emissions (CO2eq) (AR5),kilotonnes,1608.7484,1630.2307,1647.277,1667.3149,1817.2238,1918.503,2024.1071,2127.504,2244.9132,2408.8847,2557.051,2730.0313,2873.2056,2976.0379,3113.4313,3211.0106,3442.2334,3517.2038,3595.7821,3618.6582,3665.5425
Uzbekistan,Manure Management,Emissions (CO2eq) (AR5),kilotonnes,836.2891,846.3557,872.6583,913.7933,967.3042,1017.6491,1074.6913,1142.2193,1211.8114,1292.3139,1376.702,1446.9695,1479.5525,,,,,,,,
Uzbekistan,Manure left on Pasture,Direct emissions (N2O),kilotonnes,4.6416,4.6922,4.7527,4.8333,5.168,5.5066,5.8389,6.278,6.6352,7.1327,7.5851,8.1051,8.621,9.1432,9.531,9.895,10.9329,11.2654,11.656,11.763,11.9619
Uzbekistan,Manure left on Pasture,Indirect emissions (N2O),kilotonnes,1.3323,1.3455,1.3628,1.3893,1.4865,1.5849,1.6849,1.8036,1.9031,2.0411,2.1711,2.3167,2.4593,2.6054,2.7084,2.8112,3.0819,3.1831,3.2955,3.3258,3.3836
Uzbekistan,Manure left on Pasture,Emissions (N2O),kilotonnes,5.9738,6.0377,6.1155,6.2226,6.6545,7.0915,7.5238,8.0817,8.5384,9.1737,9.7561,10.4218,11.0803,11.7487,12.2394,12.7061,14.0148,14.4485,14.9515,15.0888,15.3456
Uzbekistan,Manure left on Pasture,Emissions (CO2eq) from N2O (AR5),kilotonnes,1583.0643,1599.9862,1620.6136,1648.9902,1763.4334,1879.256,1993.8039,2141.6399,2262.6681,2431.0411,2585.3776,2761.7827,2936.285,3113.3942,3243.453,3367.1296,3713.9277,3828.8562,3962.143,3998.5315,4066.5795
Uzbekistan,Manure left on Pasture,Emissions (CO2eq) (AR5),kilotonnes,1583.0643,1599.9862,1620.6136,1648.9902,1763.4334,1879.256,1993.8039,2141.6399,2262.6681,2431.0411,2585.3776,2761.7827,2936.285,3113.3942,3243.453,3367.1296,3713.9277,3828.8562,3962.143,3998.5315,4066.5795
Uzbekistan,Manure applied to Soils,Direct emissions (N2O),kilotonnes,1.9381,1.9616,1.9822,2.009,2.1982,2.3159,2.4532,2.5705,2.7098,2.9105,3.0983,3.3103,3.4865,3.6126,3.7819,3.8985,4.1366,4.2391,4.3535,4.3743,4.4326
Uzbekistan,Manure applied to Soils,Indirect emissions (N2O),kilotonnes,0.8237,0.8337,0.8424,0.8538,0.9342,0.9843,1.0426,1.0925,1.1516,1.237,1.3168,1.4069,1.4818,1.5353,1.6073,1.6569,1.758,1.8016,1.8502,1.8591,1.8838
Uzbekistan,Manure applied to Soils,Emissions (N2O),kilotonnes,2.7618,2.7953,2.8246,2.8628,3.1324,3.3002,3.4959,3.6629,3.8614,4.1475,4.415,4.7172,4.9683,5.1479,5.3892,5.5554,5.8946,6.0408,6.2037,6.2334,6.3164
Uzbekistan,Manure applied to Soils,Emissions (CO2eq) from N2O (AR5),kilotonnes,731.8771,740.755,748.51,758.649,830.0925,874.5453,926.4069,970.6811,1023.2725,1099.0949,1169.9834,1250.0605,1316.5932,1364.1981,1428.1419,1472.1766,1562.0698,1600.8051,1643.9904,1651.8638,1673.8471
Uzbekistan,Manure applied to Soils,Emissions (CO2eq) (AR5),kilotonnes,731.8771,740.755,748.51,758.649,830.0925,874.5453,926.4069,970.6811,1023.2725,1099.0949,1169.9834,1250.0605,1316.5932,1364.1981,1428.1419,1472.1766,1562.0698,1600.8051,1643.9904,1651.8638,1673.8471
Uzbekistan,Synthetic Fertilizers,Direct emissions (N2O),kilotonnes,9.5386,8.7843,8.7843,8.7843,7.4329,8.2186,8.4857,8.5166,8.9871,9.5505,9.943,10.3354,9.9686,10.6192,10.9852,11.149,11.335,11.335,11.335,11.335,11.335
Uzbekistan,Synthetic Fertilizers,Indirect emissions (N2O),kilotonnes,3.1,2.8549,2.8549,2.8549,2.4157,2.671,2.7579,2.7679,2.9208,3.1039,3.2315,3.359,3.2398,3.4512,3.5702,3.6234,3.6839,3.6839,3.6839,3.6839,3.6839
Uzbekistan,Synthetic Fertilizers,Emissions (N2O),kilotonnes,12.6386,11.6392,11.6392,11.6392,9.8485,10.8896,11.2436,11.2845,11.9079,12.6545,13.1745,13.6945,13.2084,14.0704,14.5554,14.7725,15.0188,15.0188,15.0188,15.0188,15.0188
Uzbekistan,Synthetic Fertilizers,Emissions (CO2eq) from N2O (AR5),kilotonnes,3349.2309,3084.3823,3084.3823,3084.3823,2609.862,2885.7459,2979.5464,2990.3997,3155.599,3353.4298,3491.2311,3629.0324,3500.2166,3728.6541,3857.1829,3914.7047,3979.9898,3979.9898,3979.9898,3979.9898,3979.9898
Uzbekistan,Synthetic Fertilizers,Emissions (CO2eq) (AR5),kilotonnes,3349.2309,3084.3823,3084.3823,3084.3823,2609.862,2885.7459,2979.5464,2990.3997,3155.599,3353.4298,3491.2311,3629.0324,3500.2166,3728.6541,3857.1829,3914.7047,3979.9898,3979.9898,3979.9898,3979.9898,3979.9898
Uzbekistan,Drained organic soils,Emissions (CO2eq) (AR5),kilotonnes,0,0,0,0,0,0,0,0,0,0,0,0,0,0,0,0,0,0,0,0,0
Uzbekistan,Drained organic soils (CO2),Emissions (CO2),kilotonnes,0,0,0,0,0,0,0,0,0,0,0,0,0,0,0,0,0,0,0,0,0
Uzbekistan,Drained organic soils (CO2),Emissions (CO2eq) (AR5),kilotonnes,0,0,0,0,0,0,0,0,0,0,0,0,0,0,0,0,0,0,0,0,0
Uzbekistan,Drained organic soils (N2O),Emissions (N2O),kilotonnes,0,0,0,0,0,0,0,0,0,0,0,0,0,0,0,0,0,0,0,0,0
Uzbekistan,Drained organic soils (N2O),Emissions (CO2eq) from N2O (AR5),kilotonnes,0,0,0,0,0,0,0,0,0,0,0,0,0,0,0,0,0,0,0,0,0
Uzbekistan,Drained organic soils (N2O),Emissions (CO2eq) (AR5),kilotonnes,0,0,0,0,0,0,0,0,0,0,0,0,0,0,0,0,0,0,0,0,0
Uzbekistan,On-farm energy use,Emissions (CH4),kilotonnes,0.3242,0.3226,0.3139,0.3547,0.3131,0.2611,0.2776,0.2814,0.294,0.2806,0.2434,0.2305,0.2218,0.2141,0.1723,0.1413,0.1389,0.1108,0.109,0.1099,0.1099
Uzbekistan,On-farm energy use,Emissions (N2O),kilotonnes,1.0703,1.0285,0.9767,1.1223,1.0586,0.7008,0.7807,0.7059,0.7023,0.7294,0.6281,0.5886,0.5651,0.5955,0.4765,0.3581,0.2399,0.1214,0.0032,0.0021,0.0021
Uzbekistan,On-farm energy use,Emissions (CO2),kilotonnes,3278.6895,3177.7575,3060.8053,3432.2345,3228.4058,2291.4654,2506.4959,2321.7587,2334.2609,2325.1396,2041.2109,1980.963,1934.9459,1937.8301,1396.4737,1057.3257,760.8617,442.7875,176.1017,174.3026,174.3026
Uzbekistan,On-farm energy use,Emissions (CO2eq) from CH4 (AR5),kilotonnes,9.0786,9.0341,8.79,9.933,8.7662,7.3097,7.7721,7.8795,8.2321,7.8573,6.8148,6.4546,6.2107,5.9942,4.8249,3.9571,3.8882,3.1032,3.0516,3.0768,3.0768
Uzbekistan,On-farm energy use,Emissions (CO2eq) from N2O (AR5),kilotonnes,283.6194,272.547,258.8279,297.3963,280.5404,185.7188,206.8929,187.0525,186.1169,193.291,166.4595,155.9832,149.7538,157.8043,126.2741,94.8858,63.576,32.1825,0.8505,0.5458,0.5458
Uzbekistan,On-farm energy use,Emissions (CO2eq) (AR5),kilotonnes,3571.3875,3459.3386,3328.4232,3739.5639,3517.7124,2484.494,2721.1608,2516.6907,2528.6099,2526.288,2214.4853,2143.4007,2090.9104,2101.6286,1527.5727,1156.1687,828.3259,478.0732,180.0037,177.9252,177.9252
Uzbekistan,Forestland,Emissions (CO2),kilotonnes,-793.5631,-11605.2426,-11605.2426,-11605.2426,-11605.2426,-11605.2426,-11605.2426,-11605.2426,-11605.2426,-11605.2426,-11605.2426,-5669.3927,-5669.3927,-5669.3927,-5669.3927,-5669.3927,-3365.4919,-3365.4919,-3365.4919,-3365.4919,-3365.4919
Uzbekistan,Forestland,Emissions (CO2eq) (AR5),kilotonnes,-793.5631,-11605.2426,-11605.2426,-11605.2426,-11605.2426,-11605.2426,-11605.2426,-11605.2426,-11605.2426,-11605.2426,-11605.2426,-5669.3927,-5669.3927,-5669.3927,-5669.3927,-5669.3927,-3365.4919,-3365.4919,-3365.4919,-3365.4919,-3365.4919
Uzbekistan,Net Forest conversion,Emissions (CO2),kilotonnes,0,0,0,0,0,0,0,0,0,0,0,2545.5921,2545.5921,2545.5921,2545.5921,2545.5921,0,0,0,0,0
Uzbekistan,Net Forest conversion,Emissions (CO2eq) (AR5),kilotonnes,0,0,0,0,0,0,0,0,0,0,0,2545.5921,2545.5921,2545.5921,2545.5921,2545.5921,0,0,0,0,0
Uzbekistan,Savanna fires,Emissions (CH4),kilotonnes,0.3469,0.7972,0.2398,0.3385,0.4951,0.4456,0.341,0.2721,0.365,0.4769,0.0326,0.2818,0.5796,0.3673,0.6517,0.3485,0.2115,0.2829,0.4658,0.4794,0.2778
Uzbekistan,Savanna fires,Emissions (N2O),kilotonnes,0.0317,0.0728,0.0219,0.0309,0.0452,0.0407,0.0311,0.0248,0.0333,0.0435,0.003,0.0257,0.0529,0.0335,0.0595,0.0318,0.0193,0.0258,0.0425,0.0438,0.0254
Uzbekistan,Savanna fires,Emissions (CO2eq) from CH4 (AR5),kilotonnes,9.7126,22.321,6.7157,9.4773,13.8633,12.4763,9.548,7.6188,10.2209,13.3529,0.9135,7.8918,16.2294,10.2837,18.2466,9.7584,5.9212,7.9199,13.0414,13.4236,7.7784
Uzbekistan,Savanna fires,Emissions (CO2eq) from N2O (AR5),kilotonnes,8.3931,19.2883,5.8032,8.1896,11.9797,10.7812,8.2507,6.5837,8.8322,11.5386,0.7894,6.8195,14.0243,8.8865,15.7674,8.4325,5.1167,6.8438,11.2695,11.5998,6.7215
Uzbekistan,Savanna fires,Emissions (CO2eq) (AR5),kilotonnes,18.1057,41.6093,12.5189,17.6668,25.843,23.2575,17.7987,14.2025,19.0531,24.8915,1.7029,14.7113,30.2537,19.1701,34.014,18.1909,11.0379,14.7638,24.311,25.0234,14.4999
Uzbekistan,Fires in organic soils,Emissions (CH4),kilotonnes,0,0,0,0,0,0,0,0,0,0,0,0,0,0,0,0,0,0,0,0,0
Uzbekistan,Fires in organic soils,Emissions (CO2),kilotonnes,0,0,0,0,0,0,0,0,0,0,0,0,0,0,0,0,0,0,0,0,0
Uzbekistan,Fires in organic soils,Emissions (CO2eq) from CH4 (AR5),kilotonnes,0,0,0,0,0,0,0,0,0,0,0,0,0,0,0,0,0,0,0,0,0
Uzbekistan,Fires in organic soils,Emissions (CO2eq) (AR5),kilotonnes,0,0,0,0,0,0,0,0,0,0,0,0,0,0,0,0,0,0,0,0,0
Uzbekistan,Forest fires,Emissions (CH4),kilotonnes,1.4446,0,0,0,0,0,0,0,0,0,0,0,0,0,0,0,0,0,0,0,0
Uzbekistan,Forest fires,Emissions (N2O),kilotonnes,0.0799,0,0,0,0,0,0,0,0,0,0,0,0,0,0,0,0,0,0,0,0
Uzbekistan,Forest fires,Emissions (CO2eq) from CH4 (AR5),kilotonnes,40.4479,0,0,0,0,0,0,0,0,0,0,0,0,0,0,0,0,0,0,0,0
Uzbekistan,Forest fires,Emissions (CO2eq) from N2O (AR5),kilotonnes,21.1767,0,0,0,0,0,0,0,0,0,0,0,0,0,0,0,0,0,0,0,0
Uzbekistan,Forest fires,Emissions (CO2eq) (AR5),kilotonnes,61.6246,0,0,0,0,0,0,0,0,0,0,0,0,0,0,0,0,0,0,0,0
Uzbekistan,Fires in humid tropical forests,Emissions (CH4),kilotonnes,0,0,0,0,0,0,0,0,0,0,0,0,0,0,0,0,0,0,0,0,0
Uzbekistan,Fires in humid tropical forests,Emissions (N2O),kilotonnes,0,0,0,0,0,0,0,0,0,0,0,0,0,0,0,0,0,0,0,0,0
Uzbekistan,Fires in humid tropical forests,Emissions (CO2eq) from CH4 (AR5),kilotonnes,0,0,0,0,0,0,0,0,0,0,0,0,0,0,0,0,0,0,0,0,0
Uzbekistan,Fires in humid tropical forests,Emissions (CO2eq) from N2O (AR5),kilotonnes,0,0,0,0,0,0,0,0,0,0,0,0,0,0,0,0,0,0,0,0,0
Uzbekistan,Fires in humid tropical forests,Emissions (CO2eq) (AR5),kilotonnes,0,0,0,0,0,0,0,0,0,0,0,0,0,0,0,0,0,0,0,0,0
Uzbekistan,Waste - agri-food systems,Emissions (CH4),kilotonnes,70.7774,73.3651,75.0316,77.0771,79.0138,80.8933,83.0314,85.3019,87.3653,90.2896,93.6343,96.8922,99.6132,102.3254,105.0894,107.6798,110.213,112.4168,114.5733,116.7785,118.968
Uzbekistan,Waste - agri-food systems,Emissions (N2O),kilotonnes,0.6277,0.634,0.6464,0.6784,0.6942,0.7133,0.7353,0.7325,0.7729,0.8107,0.8563,0.9119,0.9457,0.9949,1.1228,1.173,1.1862,1.1828,1.1926,1.2021,1.2125
Uzbekistan,Waste - agri-food systems,Emissions (CO2),kilotonnes,0,0,0,0,0,0,0,0,0,0,0,0,0,0,0,0,0,0,0,0,0
Uzbekistan,Waste - agri-food systems,Emissions (CO2eq) from CH4 (AR5),kilotonnes,1981.7662,2054.2219,2100.8845,2158.1592,2212.3867,2265.0123,2324.878,2388.4545,2446.2293,2528.1082,2621.7601,2712.982,2789.171,2865.1101,2942.5027,3015.0354,3085.9635,3147.6701,3208.0513,3269.799,3331.105
Uzbekistan,Waste - agri-food systems,Emissions (CO2eq) from N2O (AR5),kilotonnes,166.3281,168.0034,171.2983,179.7671,183.9542,189.0291,194.8552,194.1138,204.8228,214.8416,226.9197,241.6522,250.6176,263.6509,297.5464,310.8334,314.3383,313.4423,316.0352,318.5597,321.3103
Uzbekistan,Waste - agri-food systems,Emissions (CO2eq) (AR5),kilotonnes,2148.0943,2222.2253,2272.1829,2337.9263,2396.3409,2454.0414,2519.7332,2582.5683,2651.0521,2742.9498,2848.6798,2954.6342,3039.7886,3128.761,3240.0491,3325.8688,3400.3018,3461.1124,3524.0865,3588.3587,3652.4153
Uzbekistan,Fertilizers Manufacturing,Emissions (N2O),kilotonnes,9.0252,8.9591,8.9308,8.9471,8.5549,8.3996,8.5701,8.1345,8.0725,8.3049,7.8263,7.8545,7.8752,6.9891,7.8043,6.936,6.7097,6.1969,6.5449,6.6393,6.2609
Uzbekistan,Fertilizers Manufacturing,Emissions (CO2),kilotonnes,5022.4857,4951.8616,4901.5958,4874.9499,4626.3378,4507.0977,4561.7058,4293.8329,4224.3385,4307.1179,4021.2046,2072.6608,2116.0771,4993.333,5480.6756,5102.9487,5185.9768,1908.0083,1965.4558,2008.4732,1989.8762
Uzbekistan,Fertilizers Manufacturing,Emissions (CO2eq) from N2O (AR5),kilotonnes,2391.678,2374.1615,2366.662,2370.9815,2267.0485,2225.894,2271.0765,2155.6425,2139.2125,2200.7985,2073.9695,2081.4425,2086.928,1852.1115,2068.1395,1838.04,1778.0705,1642.1785,1734.3985,1759.4145,1659.137
Uzbekistan,Fertilizers Manufacturing,Emissions (CO2eq) (AR5),kilotonnes,7414.1637,7326.0231,7268.2578,7245.9314,6893.3863,6732.9917,6832.7823,6449.4754,6363.551,6507.9164,6095.1741,4154.1033,4203.0051,6845.4445,7548.8151,6940.9887,6964.0473,3550.1868,3699.8543,3767.8877,3649.0132
Uzbekistan,On-farm electricity use,Emissions (CH4),kilotonnes,15.4973,15.4493,15.8501,15.8825,16.0757,15.8273,16.3841,15.7529,15.9005,16.1393,16.7081,16.9372,16.9732,10.4604,10.1504,10.837,11.4022,11.6202,21.6637,23.9664,23.9664
Uzbekistan,On-farm electricity use,Emissions (N2O),kilotonnes,0.0828,0.0825,0.0846,0.0848,0.0858,0.0845,0.0875,0.0841,0.0849,0.0862,0.0893,0.0904,0.0906,0.0559,0.0542,0.0578,0.0609,0.0621,0.1157,0.128,0.128
Uzbekistan,On-farm electricity use,Emissions (CO2),kilotonnes,8129.3648,8099.7642,8291.4201,8031.4182,7878.3309,7750.2989,7951.8984,7994.5962,7190.5849,7616.8439,7655.3581,7880.0699,7724.7189,5001.1158,4852.9021,5181.1638,5451.3906,5555.5906,10357.4052,11458.3058,11458.3058
Uzbekistan,On-farm electricity use,Emissions (CO2eq) from CH4 (AR5),kilotonnes,433.9244,432.5804,443.8028,444.71,450.1196,443.1644,458.7548,441.0812,445.214,451.9004,467.8268,474.2416,475.2496,292.8912,284.2112,303.436,319.2616,325.3656,606.5836,671.0592,671.0592
Uzbekistan,On-farm electricity use,Emissions (CO2eq) from N2O (AR5),kilotonnes,21.942,21.8625,22.419,22.472,22.737,22.3925,23.1875,22.2865,22.4985,22.843,23.6645,23.956,24.009,14.8135,14.363,15.317,16.1385,16.4565,30.6605,33.92,33.92
Uzbekistan,On-farm electricity use,Emissions (CO2eq) (AR5),kilotonnes,8585.2312,8554.2071,8757.6419,8498.6002,8351.1875,8215.8558,8433.8407,8457.9639,7658.2974,8091.5873,8146.8494,8378.2675,8223.9775,5308.8205,5151.4763,5499.9168,5786.7907,5897.4127,10994.6493,12163.285,12163.285
Uzbekistan,Food Processing,Emissions (CH4),kilotonnes,0,0,0,0,0,0,0,0,0,0,0,0,0,0,0,0,0,0,1.1664,1.0541,1.0364
Uzbekistan,Food Processing,Emissions (N2O),kilotonnes,0,0,0,0,0,0,0,0,0,0,0,0,0,0,0,0,0,0,0.0067,0.0072,0.0068
Uzbekistan,Food Processing,Emissions (CO2),kilotonnes,0,0,0,0,0,0,0,0,0,0,0,0,0,0,0,0,0,0,854.4784,1418.2095,1405.0779
Uzbekistan,Food Processing,Emissions (CO2eq) from CH4 (AR5),kilotonnes,0,0,0,0,0,0,0,0,0,0,0,0,0,0,0,0,0,0,32.6592,29.5148,29.0188
Uzbekistan,Food Processing,Emissions (CO2eq) from N2O (AR5),kilotonnes,0,0,0,0,0,0,0,0,0,0,0,0,0,0,0,0,0,0,1.7755,1.908,1.7993
Uzbekistan,Food Processing,Emissions (CO2eq) (AR5),kilotonnes,0,0,0,0,0,0,0,0,0,0,0,0,0,0,0,0,0,0,888.9131,1449.6323,1435.8959
Uzbekistan,Food Packaging,Emissions (CH4),kilotonnes,0.0139,0.016,0.0184,0.0173,0.0167,0.0185,0.0196,0.0176,0.0197,0.0159,0.0161,0.0171,0.0179,0.0171,0.0331,0.0582,0.0544,0.0521,0.6298,0.1269,0.1248
Uzbekistan,Food Packaging,Emissions (N2O),kilotonnes,0.0003,0.0003,0.0003,0.0003,0.0003,0.0002,0.0002,0.0002,0.0002,0.0002,0.0002,0.0002,0.0002,0.0002,0.0007,0.0008,0.0008,0.0008,0.0048,0.0012,0.0011
Uzbekistan,Food Packaging,Emissions (CO2),kilotonnes,41.0999,41.7736,43.795,43.1212,42.4474,39.7523,42.2681,41.4295,42.2753,36.2114,35.2008,38.5696,39.5803,37.2221,288.6104,314.5208,321.2374,296.3199,1087.5625,330.2687,327.2107
Uzbekistan,Food Packaging,Emissions (CO2eq) from CH4 (AR5),kilotonnes,0.3892,0.448,0.5152,0.4844,0.4676,0.518,0.5488,0.4928,0.5516,0.4452,0.4508,0.4788,0.5012,0.4788,0.9268,1.6296,1.5232,1.4588,17.6344,3.5532,3.4935
Uzbekistan,Food Packaging,Emissions (CO2eq) from N2O (AR5),kilotonnes,0.0795,0.0795,0.0795,0.0795,0.0795,0.053,0.053,0.053,0.053,0.053,0.053,0.053,0.053,0.053,0.1855,0.212,0.212,0.212,1.272,0.318,0.2999
Uzbekistan,Food Packaging,Emissions (CO2eq) (AR5),kilotonnes,41.5686,42.3011,44.3897,43.6851,42.9945,40.3233,42.8699,41.9753,42.8799,36.7096,35.7046,39.1014,40.1345,37.7539,289.7227,316.3624,322.9726,297.9907,1106.4689,334.1399,331.004
Uzbekistan,Food Retail,Emissions (CH4),kilotonnes,0.4599,0.4587,0.4709,0.4709,0.4759,0.4681,0.4843,0.4663,0.4711,0.4745,0.4903,0.4988,0.5005,0.4313,0.4765,0.497,0.7549,0.5818,0.7158,0.5571,0.5477
Uzbekistan,Food Retail,Emissions (N2O),kilotonnes,0.004,0.004,0.0041,0.004,0.004,0.0039,0.0041,0.004,0.0041,0.0038,0.0038,0.0041,0.0042,0.0035,0.0025,0.0027,0.004,0.0031,0.0038,0.0038,0.0036
Uzbekistan,Food Retail,Emissions (CO2),kilotonnes,1127.3527,1140.3184,1194.6548,1139.6764,1108.7199,1078.3964,1103.1651,1111.3368,1125.2049,953.3532,936.682,1058.1749,1100.1926,924.6911,227.8125,237.6158,360.8975,278.1679,342.2128,716.5328,709.8982
Uzbekistan,Food Retail,Emissions (CO2eq) from F-gases (AR5),kilotonnes,232.736,295.076,362.611,468.589,591.7105,653.0115,735.612,818.2125,829.122,834.317,837.434,839.512,840.551,842.1095,842.1095,842.1095,913.8005,932.5025,951.2045,969.387,1022.5041
Uzbekistan,Food Retail,Emissions (CO2eq) from CH4 (AR5),kilotonnes,12.8772,12.8436,13.1852,13.1852,13.3252,13.1068,13.5604,13.0564,13.1908,13.286,13.7284,13.9664,14.014,12.0764,13.342,13.916,21.1372,16.2904,20.0424,15.5988,15.3366
Uzbekistan,Food Retail,Emissions (CO2eq) from N2O (AR5),kilotonnes,1.06,1.06,1.0865,1.06,1.06,1.0335,1.0865,1.06,1.0865,1.007,1.007,1.0865,1.113,0.9275,0.6625,0.7155,1.06,0.8215,1.007,1.007,0.9496
Uzbekistan,Food Retail,Emissions (CO2eq) (AR5),kilotonnes,1374.0259,1449.298,1571.5375,1622.5106,1714.8156,1745.5482,1853.424,1943.6657,1968.6042,1801.9632,1788.8514,1912.7398,1955.8706,1779.8045,1083.9265,1094.3568,1296.8952,1227.7823,1314.4667,1702.5256,1748.6886
Uzbekistan,Food Household Consumption,Emissions (CH4),kilotonnes,2.7866,2.7945,2.8872,2.8418,2.8899,2.8315,2.922,2.8494,2.8959,2.7764,2.8319,2.9623,3.0059,4.0255,4.9961,4.9837,4.3897,5.1032,6.8616,6.2599,6.1547
Uzbekistan,Food Household Consumption,Emissions (N2O),kilotonnes,0.0261,0.0263,0.0274,0.0266,0.0265,0.0259,0.0266,0.0263,0.027,0.0241,0.0241,0.0263,0.0271,0.0306,0.0338,0.0325,0.0288,0.0329,0.0423,0.039,0.0368
Uzbekistan,Food Household Consumption,Emissions (CO2),kilotonnes,9649.6129,9779.3612,10272.7005,9781.1238,9521.6152,9242.2418,9454.352,9526.9968,9776.151,8067.81,7901.3197,9035.1116,9460.4915,8575.4042,7711.3917,6822.0426,6159.1237,6712.4585,7693.8464,7336.2489,7268.3207
Uzbekistan,Food Household Consumption,Emissions (CO2eq) from CH4 (AR5),kilotonnes,78.0248,78.246,80.8416,79.5704,80.9172,79.282,81.816,79.7832,81.0852,77.7392,79.2932,82.9444,84.1652,112.714,139.8908,139.5436,122.9116,142.8896,192.1248,175.2772,172.3314
Uzbekistan,Food Household Consumption,Emissions (CO2eq) from N2O (AR5),kilotonnes,6.9165,6.9695,7.261,7.049,7.0225,6.8635,7.049,6.9695,7.155,6.3865,6.3865,6.9695,7.1815,8.109,8.957,8.6125,7.632,8.7185,11.2095,10.335,9.746
Uzbekistan,Food Household Consumption,Emissions (CO2eq) (AR5),kilotonnes,9734.5542,9864.5767,10360.8031,9867.7432,9609.5549,9328.3873,9543.217,9613.7495,9864.3912,8151.9357,7986.9994,9125.0255,9551.8382,8696.2272,7860.2395,6970.1987,6289.6673,6864.0666,7897.1807,7521.8611,7450.398
Uzbekistan,Food Transport,Emissions (CH4),kilotonnes,0.2689,0.26,0.2523,0.2657,0.2075,0.2022,0.1956,0.1943,0.1998,0.2087,0.1853,0.1731,0.1654,0.1467,0.1401,0.1268,0.1167,0.1112,0.1223,0.105,0.1032
Uzbekistan,Food Transport,Emissions (N2O),kilotonnes,0.0322,0.0316,0.0314,0.0345,0.0324,0.0262,0.0261,0.0251,0.0257,0.0274,0.0242,0.0224,0.0214,0.0209,0.0198,0.0183,0.0168,0.0161,0.0178,0.024,0.0226
Uzbekistan,Food Transport,Emissions (CO2),kilotonnes,713.995,701.075,689.065,749.425,621.145,570.965,562.165,563.95,584.79,633.47,562.545,516.545,489.915,456.155,431.4,399.715,370.08,355.885,393.575,416.8963,413.0361
Uzbekistan,Food Transport,Emissions (CO2eq) from CH4 (AR5),kilotonnes,7.5292,7.28,7.0644,7.4396,5.81,5.6616,5.4768,5.4404,5.5944,5.8436,5.1884,4.8468,4.6312,4.1076,3.9228,3.5504,3.2676,3.1136,3.4244,2.94,2.8906
Uzbekistan,Food Transport,Emissions (CO2eq) from N2O (AR5),kilotonnes,8.533,8.374,8.321,9.1425,8.586,6.943,6.9165,6.6515,6.8105,7.261,6.413,5.936,5.671,5.5385,5.247,4.8495,4.452,4.2665,4.717,6.36,5.9975
Uzbekistan,Food Transport,Emissions (CO2eq) (AR5),kilotonnes,730.0572,716.729,704.4504,766.0071,635.541,583.5696,574.5583,576.0419,597.1949,646.5746,574.1464,527.3278,500.2172,465.8011,440.5698,408.1149,377.7996,363.2651,401.7164,426.1963,421.9243
Uzbekistan,Energy,Emissions (CH4),kilotonnes,1090,1250,1440,1350,1310,1450,1530,1370,1540,1240,1260,1340,1400,1340,1330,1300,1190,1180,1150,1190,1170
Uzbekistan,Energy,Emissions (N2O),kilotonnes,1.62,1.58,1.59,1.68,1.69,1.29,1.3,1.2,1.23,1.23,1.09,1.06,1.06,1.09,1.03,0.935,0.864,0.84,0.922,0.772,0.728
Uzbekistan,Energy,Emissions (CO2),kilotonnes,122000,124000,130000,128000,126000,118000,121000,120000,124000,106000,103000,113000,114000,109000,103000,101000,104000,106000,109000,108000,107000
Uzbekistan,Energy,Emissions (CO2eq) from CH4 (AR5),kilotonnes,30520,35000,40320,37800,36680,40600,42840,38360,43120,34720,35280,37520,39200,37520,37240,36400,33320,33040,32200,33320,32760
Uzbekistan,Energy,Emissions (CO2eq) from N2O (AR5),kilotonnes,429.3,418.7,421.35,445.2,447.85,341.85,344.5,318,325.95,325.95,288.85,280.9,280.9,288.85,272.95,247.775,228.96,222.6,244.33,204.58,192.92
Uzbekistan,Energy,Emissions (CO2eq) (AR5),kilotonnes,152949.3,159418.7,170741.35,166245.2,163127.85,158941.85,164184.5,158678,167445.95,141045.95,138568.85,150800.9,153480.9,146808.85,140512.95,137647.775,137548.96,139262.6,141444.33,141524.58,139952.92
Uzbekistan,IPPU,Emissions (CH4),kilotonnes,0.0232,0.0246,0.0295,0.0328,0.0374,0.0393,0.0369,0.0391,0.0414,0.043,0.0454,0.048,0.0504,0.0532,0.0531,0.053,0.0529,0.0527,0.0526,0.0586,0.0601
Uzbekistan,IPPU,Emissions (N2O),kilotonnes,0.335,0.326,0.33,0.337,0.341,0.341,0.341,0.353,0.361,0.361,0.19,0.19,0.19,0.19,0.19,0.19,0.19,0.191,0.191,0.134,0.119
Uzbekistan,IPPU,Emissions (CO2),kilotonnes,4320,4200,4420,4730,5230,5280,5620,5990,6280,6360,7270,7030,7050,6630,6490,7140,7190,7640,7740,8810,8860
Uzbekistan,IPPU,Emissions (CO2eq) from F-gases (AR5),kilotonnes,210.8707,272.0913,339.1423,413.9675,535.4368,674.3977,741.4487,834.7372,928.0256,1010.6248,1098.0827,3712.1025,4771.315,2886.1111,3119.3322,3342.8358,3576.0569,3799.5604,4032.7815,4256.2851,4489.5062
Uzbekistan,IPPU,Emissions (CO2eq) from CH4 (AR5),kilotonnes,0.6496,0.6888,0.826,0.9184,1.0472,1.1004,1.0332,1.0948,1.1592,1.204,1.2712,1.344,1.4112,1.4896,1.4868,1.484,1.4812,1.4756,1.4728,1.6408,1.6828
Uzbekistan,IPPU,Emissions (CO2eq) from N2O (AR5),kilotonnes,88.775,86.39,87.45,89.305,90.365,90.365,90.365,93.545,95.665,95.665,50.35,50.35,50.35,50.35,50.35,50.35,50.35,50.615,50.615,35.51,31.535
Uzbekistan,IPPU,Emissions (CO2eq) (AR5),kilotonnes,4620.2953,4559.1701,4847.4183,5234.1909,5856.849,6045.8631,6452.8469,6919.377,7304.8498,7467.4938,8419.7039,10793.7965,11873.0762,9567.9507,9661.169,10534.6698,10817.8881,11491.651,11824.8693,13103.4359,13382.724
Uzbekistan,Waste,Emissions (CH4),kilotonnes,194,197,202,208,214,219,228,235,243,250,259,266,273,279,285,292,299,304,310,320,327
Uzbekistan,Waste,Emissions (N2O),kilotonnes,1.04,1.05,1.07,1.11,1.16,1.2,1.24,1.27,1.31,1.34,1.4,1.45,1.5,1.55,1.64,1.76,1.85,1.89,1.93,1.96,2.02
Uzbekistan,Waste,Emissions (CO2eq) from CH4 (AR5),kilotonnes,5432,5516,5656,5824,5992,6132,6384,6580,6804,7000,7252,7448,7644,7812,7980,8176,8372,8512,8680,8960,9156
Uzbekistan,Waste,Emissions (CO2eq) from N2O (AR5),kilotonnes,275.6,278.25,283.55,294.15,307.4,318,328.6,336.55,347.15,355.1,371,384.25,397.5,410.75,434.6,466.4,490.25,500.85,511.45,519.4,535.3
Uzbekistan,Waste,Emissions (CO2eq) (AR5),kilotonnes,5707.6,5794.25,5939.55,6118.15,6299.4,6450,6712.6,6916.55,7151.15,7355.1,7623,7832.25,8041.5,8222.75,8414.6,8642.4,8862.25,9012.85,9191.45,9479.4,9691.3
Uzbekistan,Other,Emissions (N2O),kilotonnes,1.01,1,1.01,0.974,0.95,0.859,0.896,0.872,0.9,0.814,0.778,0.833,0.859,0.797,0.805,0.723,0.654,0.648,0.663,0.651,0.632
Uzbekistan,Other,Emissions (CO2eq) from N2O (AR5),kilotonnes,267.65,265,267.65,258.11,251.75,227.635,237.44,231.08,238.5,215.71,206.17,220.745,227.635,211.205,213.325,191.595,173.31,171.72,175.695,172.515,167.48
Uzbekistan,Other,Emissions (CO2eq) (AR5),kilotonnes,267.65,265,267.65,258.11,251.75,227.635,237.44,231.08,238.5,215.71,206.17,220.745,227.635,211.205,213.325,191.595,173.31,171.72,175.695,172.515,167.48
Uzbekistan,Farm-gate emissions,Emissions (CH4),kilotonnes,389.504,392.1987,401.5185,419.5617,440.1227,461.5565,488.3366,511.6922,536.2759,576.8005,616.6941,646.7504,693.2868,713.8088,745.7803,774.6007,835.0657,854.858,869.6553,882.0109,890.7303
Uzbekistan,Farm-gate emissions,Direct emissions (N2O),kilotonnes,16.9871,16.3249,16.6959,16.9229,16.0261,17.3619,18.1147,18.7175,19.6813,21.0703,22.1329,23.183,23.5753,24.9181,25.8769,26.5468,28.0193,28.2687,28.6189,28.8989,29.1771
Uzbekistan,Farm-gate emissions,Indirect emissions (N2O),kilotonnes,5.4515,5.2336,5.3249,5.3897,5.1125,5.5374,5.7862,5.9683,6.2792,6.7142,7.0583,7.4048,7.5181,7.9392,8.2412,8.4524,8.8872,8.9901,9.1164,9.1897,9.2771
Uzbekistan,Farm-gate emissions,Emissions (N2O),kilotonnes,26.5346,25.6867,26.0862,26.5751,25.5349,27.1449,28.4015,29.4298,30.9503,33.1445,34.69,36.4037,37.2632,39.4017,40.837,41.8221,44.4351,44.8679,45.4884,45.9376,46.4255
Uzbekistan,Farm-gate emissions,Emissions (CO2),kilotonnes,3278.6895,3177.7575,3060.8053,3432.2345,3228.4058,2291.4654,2506.4959,2321.7587,2334.2609,2325.1396,2041.2109,1980.963,1934.9459,1937.8301,1396.4737,1057.3257,760.8617,442.7875,176.1017,174.3026,174.3026
Uzbekistan,Farm-gate emissions,Emissions (CO2eq) from CH4 (AR5),kilotonnes,10906.1127,10981.5631,11242.5183,11747.7263,12323.4354,12923.5821,13673.4252,14327.3816,15015.7242,16150.4147,17267.4358,18109.0122,19412.0317,19986.645,20881.8472,21688.8184,23381.8402,23936.0253,24350.3479,24696.3063,24940.4485
Uzbekistan,Farm-gate emissions,Emissions (CO2eq) from N2O (AR5),kilotonnes,7031.6704,6806.9729,6912.8516,7042.3892,6766.7475,7193.4036,7526.3843,7798.8984,8201.8347,8783.3004,9192.853,9646.9839,9874.7393,10441.4518,10821.7918,11082.8608,11775.2954,11889.9898,12054.4172,12173.4617,12302.7539
Uzbekistan,Farm-gate emissions,Emissions (CO2eq) (AR5),kilotonnes,21216.4726,20966.2935,21216.1752,22222.35,22318.5887,22408.4512,23706.3054,24448.0388,25551.8198,27258.8547,28501.4998,29736.959,31221.7169,32365.9269,33100.1127,33829.0049,35917.9973,36268.8027,36580.8668,37044.0706,37417.505
Uzbekistan,Land Use change,Emissions (CH4),kilotonnes,0,0,0,0,0,0,0,0,0,0,0,0,0,0,0,0,0,0,0,0,0
Uzbekistan,Land Use change,Emissions (N2O),kilotonnes,0,0,0,0,0,0,0,0,0,0,0,0,0,0,0,0,0,0,0,0,0
Uzbekistan,Land Use change,Emissions (CO2),kilotonnes,0,0,0,0,0,0,0,0,0,0,0,2545.5921,2545.5921,2545.5921,2545.5921,2545.5921,0,0,0,0,0
Uzbekistan,Land Use change,Emissions (CO2eq) from CH4 (AR5),kilotonnes,0,0,0,0,0,0,0,0,0,0,0,0,0,0,0,0,0,0,0,0,0
Uzbekistan,Land Use change,Emissions (CO2eq) from N2O (AR5),kilotonnes,0,0,0,0,0,0,0,0,0,0,0,0,0,0,0,0,0,0,0,0,0
Uzbekistan,Land Use change,Emissions (CO2eq) (AR5),kilotonnes,0,0,0,0,0,0,0,0,0,0,0,2545.5921,2545.5921,2545.5921,2545.5921,2545.5921,0,0,0,0,0
Uzbekistan,Emissions on agricultural land,Emissions (CH4),kilotonnes,389.504,392.1987,401.5185,419.5617,440.1227,461.5565,488.3366,511.6922,536.2759,576.8005,616.6941,646.7504,693.2868,713.8088,745.7803,774.6007,835.0657,854.858,869.6553,882.0109,890.7303
Uzbekistan,Emissions on agricultural land,Emissions (N2O),kilotonnes,26.5346,25.6867,26.0862,26.5751,25.5349,27.1449,28.4015,29.4298,30.9503,33.1445,34.69,36.4037,37.2632,39.4017,40.837,41.8221,44.4351,44.8679,45.4884,45.9376,46.4255
Uzbekistan,Emissions on agricultural land,Emissions (CO2),kilotonnes,3278.6895,3177.7575,3060.8053,3432.2345,3228.4058,2291.4654,2506.4959,2321.7587,2334.2609,2325.1396,2041.2109,4526.5551,4480.538,4483.4222,3942.0659,3602.9179,760.8617,442.7875,176.1017,174.3026,174.3026
Uzbekistan,Emissions on agricultural land,Emissions (CO2eq) from CH4 (AR5),kilotonnes,10906.1127,10981.5631,11242.5183,11747.7263,12323.4354,12923.5821,13673.4252,14327.3816,15015.7242,16150.4147,17267.4358,18109.0122,19412.0317,19986.645,20881.8472,21688.8184,23381.8402,23936.0253,24350.3479,24696.3063,24940.4485
Uzbekistan,Emissions on agricultural land,Emissions (CO2eq) from N2O (AR5),kilotonnes,7031.6704,6806.9729,6912.8516,7042.3892,6766.7475,7193.4036,7526.3843,7798.8984,8201.8347,8783.3004,9192.853,9646.9839,9874.7393,10441.4518,10821.7918,11082.8608,11775.2954,11889.9898,12054.4172,12173.4617,12302.7539
Uzbekistan,Emissions on agricultural land,Emissions (CO2eq) (AR5),kilotonnes,21216.4726,20966.2935,21216.1752,22222.35,22318.5887,22408.4512,23706.3054,24448.0388,25551.8198,27258.8547,28501.4998,32282.5512,33767.309,34911.519,35645.7049,36374.5971,35917.9973,36268.8027,36580.8668,37044.0706,37417.505
Uzbekistan,Pre- and post- production,Emissions (CH4),kilotonnes,89.804,92.3436,94.5105,96.5553,98.6795,100.2409,103.037,104.5824,106.8523,109.9044,113.866,117.4807,120.2761,117.4064,120.8856,124.1825,126.9309,129.8853,145.7329,148.8479,150.9013
Uzbekistan,Pre- and post- production,Emissions (N2O),kilotonnes,9.7983,9.7378,9.725,9.7757,9.3981,9.2536,9.4499,9.0067,8.9873,9.2573,8.8242,8.9098,8.9644,8.0951,9.0381,8.2211,8.0072,7.4947,7.9286,8.0446,7.6723
Uzbekistan,Pre- and post- production,Emissions (CO2),kilotonnes,24683.911,24714.154,25393.2312,24619.7145,23798.5962,23188.7521,23675.5544,23532.1422,22943.3446,21614.8064,21112.3102,20601.1318,20930.9754,19987.9212,18992.7923,18058.0067,17848.706,15106.4302,22694.5361,23684.9352,23571.7257
Uzbekistan,Pre- and post- production,Emissions (CO2eq) from F-gases (AR5),kilotonnes,232.736,295.076,362.611,468.589,591.7105,653.0115,735.612,818.2125,829.122,834.317,837.434,839.512,840.551,842.1095,842.1095,842.1095,913.8005,932.5025,951.2045,969.387,1022.5041
Uzbekistan,Pre- and post- production,Emissions (CO2eq) from CH4 (AR5),kilotonnes,2514.511,2585.6199,2646.2937,2703.5488,2763.0263,2806.7451,2885.0348,2928.3085,2991.8653,3077.3226,3188.2477,3289.46,3367.7322,3287.3781,3384.7963,3477.111,3554.0647,3636.7881,4080.5201,4167.7422,4225.235
Uzbekistan,Pre- and post- production,Emissions (CO2eq) from N2O (AR5),kilotonnes,2596.5371,2580.5104,2577.1273,2590.5516,2490.4877,2452.2086,2504.2242,2386.7768,2381.6388,2453.1906,2338.4132,2361.0957,2375.5731,2145.2039,2395.1009,2178.5799,2121.9033,1986.0958,2101.0752,2131.8222,2033.1595
Uzbekistan,Pre- and post- production,Emissions (CO2eq) (AR5),kilotonnes,30027.6951,30175.3603,30979.2633,30382.4039,29643.8207,29100.7173,29800.4254,29665.44,29145.9707,27979.6366,27476.4051,27091.1995,27514.8317,26262.6127,25614.799,24555.8071,24438.4745,21661.8166,29827.3359,30953.8866,30852.6243
Uzbekistan,Agri-food systems,Emissions (CH4),kilotonnes,479.308,484.5423,496.029,516.117,538.8022,561.7974,591.3736,616.2746,643.1282,686.7049,730.5601,764.2312,813.563,831.2151,866.6658,898.7832,961.9966,984.7433,1015.3881,1030.8589,1041.6316
Uzbekistan,Agri-food systems,Emissions (N2O),kilotonnes,36.3329,35.4245,35.8112,36.3507,34.933,36.3985,37.8514,38.4365,39.9376,42.4019,43.5142,45.3135,46.2276,47.4968,49.8751,50.0432,52.4423,52.3626,53.417,53.9822,54.0978
Uzbekistan,Agri-food systems,Emissions (CO2),kilotonnes,27962.6005,27891.9115,28454.0365,28051.949,27027.002,25480.2175,26182.0503,25853.9009,25277.6055,23939.946,23153.5211,25127.6869,25411.5134,24471.3434,22934.8582,21660.9246,18609.5677,15549.2177,22870.6378,23859.2378,23746.0282
Uzbekistan,Agri-food systems,Emissions (CO2eq) from F-gases (AR5),kilotonnes,232.736,295.076,362.611,468.589,591.7105,653.0115,735.612,818.2125,829.122,834.317,837.434,839.512,840.551,842.1095,842.1095,842.1095,913.8005,932.5025,951.2045,969.387,1022.5041
Uzbekistan,Agri-food systems,Emissions (CO2eq) from CH4 (AR5),kilotonnes,13420.6237,13567.183,13888.812,14451.2752,15086.4617,15730.3272,16558.46,17255.6901,18007.5895,19227.7373,20455.6835,21398.4722,22779.7639,23274.0231,24266.6435,25165.9294,26935.905,27572.8134,28430.868,28864.0485,29165.6836
Uzbekistan,Agri-food systems,Emissions (CO2eq) from N2O (AR5),kilotonnes,9628.2075,9387.4833,9489.9789,9632.9408,9257.2352,9645.6122,10030.6085,10185.6752,10583.4735,11236.491,11531.2663,12008.0796,12250.3124,12586.6557,13216.8927,13261.4407,13897.1986,13876.0857,14155.4924,14305.2839,14335.9134
Uzbekistan,Agri-food systems,Emissions (CO2eq) (AR5),kilotonnes,51244.1677,51141.6538,52195.4385,52604.754,51962.4095,51509.1684,53506.7308,54113.4787,54697.7906,55238.4913,55977.9049,59373.7507,61282.1407,61174.1317,61260.5039,60930.4042,60356.4718,57930.6193,66408.2027,67997.9572,68270.1293
Uzbekistan,IPCC Agriculture,Emissions (CH4),kilotonnes,389.1798,391.876,401.2046,419.2069,439.8096,461.2954,488.059,511.4108,535.9819,576.5199,616.4508,646.5199,693.065,713.5947,745.6079,774.4593,834.9269,854.7472,869.5463,881.9011,890.6204
Uzbekistan,IPCC Agriculture,Emissions (CH4),kilotonnes,349.9,351.9476,363.4333,382.081,404.9333,417.5762,441.6905,470.0524,502.5238,536.4571,568.981,601.7095,616.4762,,,,,,,,
Uzbekistan,IPCC Agriculture,Direct emissions (N2O),kilotonnes,16.9871,16.3249,16.6959,16.9229,16.0261,17.3619,18.1147,18.7175,19.6813,21.0703,22.1329,23.183,23.5753,24.9181,25.8769,26.5468,28.0193,28.2687,28.6189,28.8989,29.1771
Uzbekistan,IPCC Agriculture,Indirect emissions (N2O),kilotonnes,5.4515,5.2336,5.3249,5.3897,5.1125,5.5374,5.7862,5.9683,6.2792,6.7142,7.0583,7.4048,7.5181,7.9392,8.2412,8.4524,8.8872,8.9901,9.1164,9.1897,9.2771
Uzbekistan,IPCC Agriculture,Emissions (N2O),kilotonnes,25.4643,24.6582,25.1095,25.4528,24.4763,26.4441,27.6207,28.7239,30.248,32.4151,34.0619,35.8151,36.6981,38.8062,40.3604,41.4641,44.1952,44.7464,45.4852,45.9355,46.4234
Uzbekistan,IPCC Agriculture,Emissions (N2O),kilotonnes,28.3868,27.1829,28.0713,27.3023,27.031,23.5429,22.1455,21.7077,22.8084,24.3526,25.8165,27.3503,28.069,,,,,,,,
Uzbekistan,IPCC Agriculture,Emissions (CO2eq) from CH4 (AR5),kilotonnes,10897.0341,10972.529,11233.7282,11737.7933,12314.6692,12916.2724,13665.6531,14319.5021,15007.4921,16142.5574,17260.621,18102.5577,19405.821,19980.6509,20877.0223,21684.8612,23377.952,23932.9221,24347.2963,24693.2295,24937.3717
Uzbekistan,IPCC Agriculture,Emissions (CO2eq) from CH4 (AR5),kilotonnes,9797.2,9854.5328,10176.1324,10698.268,11338.1324,11692.1336,12367.334,13161.4672,14070.6664,15020.7988,15931.468,16847.866,17261.3336,,,,,,,,
Uzbekistan,IPCC Agriculture,Emissions (CO2eq) from N2O (AR5),kilotonnes,6748.051,6534.4259,6654.0238,6744.9928,6486.2071,7007.6848,7319.4915,7611.8459,8015.7178,8590.0094,9026.3935,9491.0007,9724.9854,10283.6475,10695.5177,10987.9751,11711.7194,11857.8074,12053.5667,12172.9159,12302.2081
Uzbekistan,IPCC Agriculture,Emissions (CO2eq) from N2O (AR5),kilotonnes,7522.502,7203.4685,7438.8945,7235.1095,7163.215,6238.8685,5868.5575,5752.5405,6044.226,6453.439,6841.3725,7247.8295,7438.285,,,,,,,,
Uzbekistan,IPCC Agriculture,Emissions (CO2eq) (AR5),kilotonnes,17645.0851,17506.9549,17887.752,18482.7862,18800.8763,19923.9572,20985.1446,21931.348,23023.2099,24732.5668,26287.0145,27593.5583,29130.8065,30264.2984,31572.54,32672.8363,35089.6714,35790.7295,36400.8631,36866.1454,37239.5798
Uzbekistan,IPCC Agriculture,Emissions (CO2eq) (AR5),kilotonnes,17319.702,17058.0013,17615.0269,17933.3775,18501.3474,17931.0021,18235.8915,18914.0077,20114.8924,21474.2378,22772.8405,24095.6955,24699.6186,,,,,,,,
Uzbekistan,Agricultural Soils,Direct emissions (N2O),kilotonnes,16.9871,16.3249,16.6959,16.9229,16.0261,17.3619,18.1147,18.7175,19.6813,21.0703,22.1329,23.183,23.5753,24.9181,25.8769,26.5468,28.0193,28.2687,28.6189,28.8989,29.1771
Uzbekistan,Agricultural Soils,Indirect emissions (N2O),kilotonnes,5.4515,5.2336,5.3249,5.3897,5.1125,5.5374,5.7862,5.9683,6.2792,6.7142,7.0583,7.4048,7.5181,7.9392,8.2412,8.4524,8.8872,8.9901,9.1164,9.1897,9.2771
Uzbekistan,Agricultural Soils,Emissions (N2O),kilotonnes,22.4386,21.5585,22.0208,22.3126,21.1386,22.8993,23.9009,24.6858,25.9604,27.7845,29.1912,30.5878,31.0934,32.8573,34.1181,34.9993,36.9065,37.2589,37.7353,38.0886,38.4542
Uzbekistan,Agricultural Soils,Emissions (N2O),kilotonnes,27.5452,26.3194,27.1645,26.3419,26.0097,22.629,21.1677,20.6548,21.671,23.1323,24.5097,25.9484,26.6161,,,,,,,,
Uzbekistan,Agricultural Soils,Emissions (CO2eq) from N2O (AR5),kilotonnes,5946.2352,5713.006,5835.5142,5912.836,5601.7292,6068.3076,6333.7283,6541.732,6879.5136,7362.8851,7735.6807,8105.7633,8239.7547,8707.1812,9041.2893,9274.8016,9780.218,9873.5986,9999.8533,10093.4802,10190.3641
Uzbekistan,Agricultural Soils,Emissions (CO2eq) from N2O (AR5),kilotonnes,7299.478,6974.641,7198.5925,6980.6035,6892.5705,5996.685,5609.4405,5473.522,5742.815,6130.0595,6495.0705,6876.326,7053.2665,,,,,,,,
Uzbekistan,Agricultural Soils,Emissions (CO2eq) (AR5),kilotonnes,5946.2352,5713.006,5835.5142,5912.836,5601.7292,6068.3076,6333.7283,6541.732,6879.5136,7362.8851,7735.6807,8105.7633,8239.7547,8707.1812,9041.2893,9274.8016,9780.218,9873.5986,9999.8533,10093.4802,10190.3641
Uzbekistan,Agricultural Soils,Emissions (CO2eq) (AR5),kilotonnes,7299.478,6974.641,7198.5925,6980.6035,6892.5705,5996.685,5609.4405,5473.522,5742.815,6130.0595,6495.0705,6876.326,7053.2665,,,,,,,,
Uzbekistan,LULUCF,Emissions (CH4),kilotonnes,1.4446,0,0,0,0,0,0,0,0,0,0,0,0,0,0,0,0,0,0,0,0
Uzbekistan,LULUCF,Emissions (N2O),kilotonnes,0.0799,0,0,0,0,0,0,0,0,0,0,0,0,0,0,0,0,0,0,0,0
Uzbekistan,LULUCF,Emissions (CO2),kilotonnes,-793.5631,-11605.2426,-11605.2426,-11605.2426,-11605.2426,-11605.2426,-11605.2426,-11605.2426,-11605.2426,-11605.2426,-11605.2426,-3123.8005,-3123.8005,-3123.8005,-3123.8005,-3123.8005,-3365.4919,-3365.4919,-3365.4919,-3365.4919,-3365.4919
Uzbekistan,LULUCF,Emissions (CO2),kilotonnes,-1018.4,30.5,-296.1,-585.3,-952.2,417.9,108.8,543.5,-2235.2,-2561.5,-3064.68,-2519.3,-2857.48,,,,,,,,
Uzbekistan,LULUCF,Emissions (CO2eq) from CH4 (AR5),kilotonnes,40.4479,0,0,0,0,0,0,0,0,0,0,0,0,0,0,0,0,0,0,0,0
Uzbekistan,LULUCF,Emissions (CO2eq) from N2O (AR5),kilotonnes,21.1767,0,0,0,0,0,0,0,0,0,0,0,0,0,0,0,0,0,0,0,0
Uzbekistan,LULUCF,Emissions (CO2eq) (AR5),kilotonnes,-731.9385,-11605.2426,-11605.2426,-11605.2426,-11605.2426,-11605.2426,-11605.2426,-11605.2426,-11605.2426,-11605.2426,-11605.2426,-3123.8005,-3123.8005,-3123.8005,-3123.8005,-3123.8005,-3365.4919,-3365.4919,-3365.4919,-3365.4919,-3365.4919
Uzbekistan,LULUCF,Emissions (CO2eq) (AR5),kilotonnes,-1018.4,30.5,-296.1,-585.3,-952.2,417.9,108.8,543.5,-2235.2,-2561.5,-3064.68,-2519.3,-2857.48,,,,,,,,
Uzbekistan,AFOLU,Emissions (CH4),kilotonnes,390.6244,391.876,401.2046,419.2069,439.8096,461.2954,488.059,511.4108,535.9819,576.5199,616.4508,646.5199,693.065,713.5947,745.6079,774.4593,834.9269,854.7472,869.5463,881.9011,890.6204
Uzbekistan,AFOLU,Emissions (N2O),kilotonnes,25.5443,24.6582,25.1095,25.4528,24.4763,26.4441,27.6207,28.7239,30.248,32.4151,34.0619,35.8151,36.6981,38.8062,40.3604,41.4641,44.1952,44.7464,45.4852,45.9355,46.4234
Uzbekistan,AFOLU,Emissions (CO2),kilotonnes,-793.5631,-11605.2426,-11605.2426,-11605.2426,-11605.2426,-11605.2426,-11605.2426,-11605.2426,-11605.2426,-11605.2426,-11605.2426,-3123.8005,-3123.8005,-3123.8005,-3123.8005,-3123.8005,-3365.4919,-3365.4919,-3365.4919,-3365.4919,-3365.4919
Uzbekistan,AFOLU,Emissions (CO2eq) from CH4 (AR5),kilotonnes,10937.4821,10972.529,11233.7282,11737.7933,12314.6692,12916.2724,13665.6531,14319.5021,15007.4921,16142.5574,17260.621,18102.5577,19405.821,19980.6509,20877.0223,21684.8612,23377.952,23932.9221,24347.2963,24693.2295,24937.3717
Uzbekistan,AFOLU,Emissions (CO2eq) from N2O (AR5),kilotonnes,6769.2276,6534.4259,6654.0238,6744.9928,6486.2071,7007.6848,7319.4915,7611.8459,8015.7178,8590.0094,9026.3935,9491.0007,9724.9854,10283.6475,10695.5177,10987.9751,11711.7194,11857.8074,12053.5667,12172.9159,12302.2081
Uzbekistan,AFOLU,Emissions (CO2eq) (AR5),kilotonnes,16913.1466,5901.7124,6282.5095,6877.5436,7195.6337,8318.7146,9379.9021,10326.1055,11417.9674,13127.3242,14681.772,24469.7578,26007.0059,27140.4978,28448.7395,29549.0357,31724.1794,32425.2375,33035.3711,33500.6534,33874.0879
Uzbekistan,All sectors with LULUCF,Emissions (CH4),kilotonnes,1674.6476,1838.9006,2043.2341,1977.2397,1963.847,2130.3347,2246.0959,2116.4499,2319.0233,2066.5629,2135.4962,2252.5679,2366.1154,2332.6479,2360.661,2366.5123,2323.9798,2338.7999,2329.5989,2391.9597,2387.6805
Uzbekistan,All sectors with LULUCF,Emissions (N2O),kilotonnes,29.5493,28.6142,29.1095,29.5538,28.6173,30.1341,31.3977,32.4189,34.049,36.1601,37.5199,39.3481,40.3071,42.4332,44.0254,45.0721,47.7532,48.3154,49.1912,49.4525,49.9224
Uzbekistan,All sectors with LULUCF,Emissions (CO2),kilotonnes,125526.4369,116594.7574,122814.7574,121124.7574,119624.7574,111674.7574,115014.7574,114384.7574,118674.7574,100754.7574,98664.7574,116906.1995,117926.1995,112506.1995,106366.1995,105016.1995,107824.5081,110274.5081,113374.5081,113444.5081,112494.5081
Uzbekistan,All sectors with LULUCF,Emissions (CO2eq) from F-gases (AR5),kilotonnes,210.8707,272.0913,339.1423,413.9675,535.4368,674.3977,741.4487,834.7372,928.0256,1010.6248,1098.0827,3712.1025,4771.315,2886.1111,3119.3322,3342.8358,3576.0569,3799.5604,4032.7815,4256.2851,4489.5062
Uzbekistan,All sectors with LULUCF,Emissions (CO2eq) from CH4 (AR5),kilotonnes,46890.1317,51489.2178,57210.5542,55362.7117,54987.7164,59649.3728,62890.6863,59260.5969,64932.6513,57863.7614,59793.8922,63071.9017,66251.2322,65314.1405,66098.5091,66262.3452,65071.4332,65486.3977,65228.7691,66974.8703,66855.0545
Uzbekistan,All sectors with LULUCF,Emissions (CO2eq) from N2O (AR5),kilotonnes,7830.5526,7582.7659,7714.0238,7831.7578,7583.5721,7985.5348,8320.3965,8591.0209,9022.9828,9582.4344,9942.7635,10427.2457,10681.3704,11244.8025,11666.7427,11944.0951,12654.5894,12803.5924,13035.6567,13104.9209,13229.4431
Uzbekistan,All sectors with LULUCF,Emissions (CO2eq) (AR5),kilotonnes,180457.992,175938.8325,188078.4778,184733.1945,182731.4827,179984.0627,186967.289,183071.1125,193558.4172,169211.578,169499.4959,194117.4493,199630.1171,191951.2535,187250.7835,186565.4755,189126.5875,192364.0586,195671.7154,197780.5843,197068.5119
Uzbekistan,All sectors without LULUCF,Emissions (CH4),kilotonnes,1673.203,1838.9006,2043.2341,1977.2397,1963.847,2130.3347,2246.0959,2116.4499,2319.0233,2066.5629,2135.4962,2252.5679,2366.1154,2332.6479,2360.661,2366.5123,2323.9798,2338.7999,2329.5989,2391.9597,2387.6805
Uzbekistan,All sectors without LULUCF,Emissions (N2O),kilotonnes,29.4693,28.6142,29.1095,29.5538,28.6173,30.1341,31.3977,32.4189,34.049,36.1601,37.5199,39.3481,40.3071,42.4332,44.0254,45.0721,47.7532,48.3154,49.1912,49.4525,49.9224
Uzbekistan,All sectors without LULUCF,Emissions (CO2),kilotonnes,126320,128200,134420,132730,131230,123280,126620,125990,130280,112360,110270,120030,121050,115630,109490,108140,111190,113640,116740,116810,115860
Uzbekistan,All sectors without LULUCF,Emissions (CO2eq) from F-gases (AR5),kilotonnes,210.8707,272.0913,339.1423,413.9675,535.4368,674.3977,741.4487,834.7372,928.0256,1010.6248,1098.0827,3712.1025,4771.315,2886.1111,3119.3322,3342.8358,3576.0569,3799.5604,4032.7815,4256.2851,4489.5062
Uzbekistan,All sectors without LULUCF,Emissions (CO2eq) from CH4 (AR5),kilotonnes,46849.6837,51489.2178,57210.5542,55362.7117,54987.7164,59649.3728,62890.6863,59260.5969,64932.6513,57863.7614,59793.8922,63071.9017,66251.2322,65314.1405,66098.5091,66262.3452,65071.4332,65486.3977,65228.7691,66974.8703,66855.0545
Uzbekistan,All sectors without LULUCF,Emissions (CO2eq) from N2O (AR5),kilotonnes,7809.376,7582.7659,7714.0238,7831.7578,7583.5721,7985.5348,8320.3965,8591.0209,9022.9828,9582.4344,9942.7635,10427.2457,10681.3704,11244.8025,11666.7427,11944.0951,12654.5894,12803.5924,13035.6567,13104.9209,13229.4431
Uzbekistan,All sectors without LULUCF,Emissions (CO2eq) (AR5),kilotonnes,181189.9304,187544.075,199683.7204,196338.437,194336.7253,191589.3053,198572.5316,194676.355,205163.6597,180816.8205,181104.7384,197241.2499,202753.9177,195075.0541,190374.584,189689.276,192492.0794,195729.5505,199037.2074,201146.0763,200434.0038
Vanuatu,Crop Residues,Direct emissions (N2O),kilotonnes,0.0002,0.0002,0.0002,0.0002,0.0002,0.0002,0.0002,0.0002,0.0002,0.0002,0.0002,0.0002,0.0002,0.0002,0.0002,0.0002,0.0002,0.0002,0.0002,0.0002,0.0002
Vanuatu,Crop Residues,Indirect emissions (N2O),kilotonnes,0,0,0,0,0,0,0,0,0,0,0,0,0,0,0,0,0,0,0,0,0
Vanuatu,Crop Residues,Emissions (N2O),kilotonnes,0.0002,0.0002,0.0002,0.0002,0.0002,0.0002,0.0002,0.0002,0.0002,0.0002,0.0002,0.0002,0.0002,0.0003,0.0002,0.0002,0.0002,0.0003,0.0003,0.0003,0.0003
Vanuatu,Crop Residues,Emissions (CO2eq) from N2O (AR5),kilotonnes,0.058,0.0583,0.0586,0.0584,0.0594,0.0603,0.0587,0.0617,0.0635,0.0629,0.0628,0.063,0.0606,0.0685,0.065,0.0646,0.0655,0.0666,0.067,0.0675,0.0681
Vanuatu,Crop Residues,Emissions (CO2eq) (AR5),kilotonnes,0.058,0.0583,0.0586,0.0584,0.0594,0.0603,0.0587,0.0617,0.0635,0.0629,0.0628,0.063,0.0606,0.0685,0.065,0.0646,0.0655,0.0666,0.067,0.0675,0.0681
Vanuatu,Burning - Crop residues,Emissions (CH4),kilotonnes,0.0038,0.0038,0.0038,0.0038,0.0038,0.0039,0.0038,0.0039,0.0041,0.004,0.0039,0.0039,0.0038,0.0041,0.0039,0.0039,0.004,0.004,0.004,0.004,0.0041
Vanuatu,Burning - Crop residues,Emissions (N2O),kilotonnes,0.0001,0.0001,0.0001,0.0001,0.0001,0.0001,0.0001,0.0001,0.0001,0.0001,0.0001,0.0001,0.0001,0.0001,0.0001,0.0001,0.0001,0.0001,0.0001,0.0001,0.0001
Vanuatu,Burning - Crop residues,Emissions (CO2eq) from CH4 (AR5),kilotonnes,0.1065,0.1066,0.1066,0.1056,0.1074,0.1092,0.1058,0.1096,0.1134,0.1111,0.1104,0.11,0.1058,0.1134,0.1093,0.1099,0.1114,0.1123,0.1126,0.113,0.1136
Vanuatu,Burning - Crop residues,Emissions (CO2eq) from N2O (AR5),kilotonnes,0.0261,0.0262,0.0262,0.0259,0.0263,0.0268,0.026,0.0269,0.0278,0.0272,0.0271,0.027,0.026,0.0278,0.0268,0.027,0.0273,0.0275,0.0276,0.0277,0.0279
Vanuatu,Burning - Crop residues,Emissions (CO2eq) (AR5),kilotonnes,0.1327,0.1328,0.1328,0.1315,0.1337,0.136,0.1318,0.1365,0.1412,0.1383,0.1375,0.137,0.1318,0.1412,0.1361,0.1369,0.1388,0.1398,0.1403,0.1408,0.1415
Vanuatu,Enteric Fermentation,Emissions (CH4),kilotonnes,9.0168,8.4038,8.3749,8.7378,8.893,9.0708,9.2404,11.1184,11.2333,10.3267,10.6407,10.9367,11.057,11.1209,11.2714,9.8708,7.5759,7.9487,7.7579,6.9181,6.5886
Vanuatu,Enteric Fermentation,Emissions (CH4),kilotonnes,9.7,,,,,,,,,,,,,,,,,,,,
Vanuatu,Enteric Fermentation,Emissions (CO2eq) from CH4 (AR5),kilotonnes,252.4704,235.3064,234.4975,244.6598,249.0051,253.9824,258.7315,311.3166,314.5331,289.1462,297.9399,306.2277,309.5956,311.3844,315.6003,276.3833,212.1262,222.5625,217.2221,193.706,184.4813
Vanuatu,Enteric Fermentation,Emissions (CO2eq) from CH4 (AR5),kilotonnes,271.6,,,,,,,,,,,,,,,,,,,,
Vanuatu,Enteric Fermentation,Emissions (CO2eq) (AR5),kilotonnes,252.4704,235.3064,234.4975,244.6598,249.0051,253.9824,258.7315,311.3166,314.5331,289.1462,297.9399,306.2277,309.5956,311.3844,315.6003,276.3833,212.1262,222.5625,217.2221,193.706,184.4813
Vanuatu,Enteric Fermentation,Emissions (CO2eq) (AR5),kilotonnes,271.6,,,,,,,,,,,,,,,,,,,,
Vanuatu,Manure Management,Emissions (CH4),kilotonnes,1.6305,1.6247,1.6459,1.7478,1.7638,1.8439,1.8705,2.0124,2.0742,2.0188,2.0487,2.0839,2.102,2.1194,2.1468,2.0323,1.8441,1.8475,1.889,1.8292,1.8073
Vanuatu,Manure Management,Emissions (CH4),kilotonnes,5.89,,,,,,,,,,,,,,,,,,,,
Vanuatu,Manure Management,Emissions (N2O),kilotonnes,0.0347,0.033,0.0336,0.0348,0.0359,0.0364,0.0373,0.0448,0.0455,0.0426,0.0431,0.0446,0.0451,0.0455,0.0457,0.041,0.0334,0.0342,0.0344,0.0317,0.0307
Vanuatu,Manure Management,Emissions (N2O),kilotonnes,0.01,,,,,,,,,,,,,,,,,,,,
Vanuatu,Manure Management,Emissions (CO2eq) from CH4 (AR5),kilotonnes,45.6532,45.4908,46.0847,48.9377,49.3858,51.6297,52.3753,56.3474,58.0767,56.5261,57.3631,58.3501,58.8562,59.3435,60.1109,56.9032,51.636,51.7314,52.8908,51.2179,50.6044
Vanuatu,Manure Management,Emissions (CO2eq) from CH4 (AR5),kilotonnes,164.92,,,,,,,,,,,,,,,,,,,,
Vanuatu,Manure Management,Emissions (CO2eq) from N2O (AR5),kilotonnes,9.183,8.7399,8.8994,9.2126,9.5109,9.6452,9.8972,11.8804,12.05,11.2961,11.4132,11.8198,11.9409,12.0617,12.1106,10.8774,8.858,9.0726,9.1081,8.4012,8.1229
Vanuatu,Manure Management,Emissions (CO2eq) from N2O (AR5),kilotonnes,2.65,,,,,,,,,,,,,,,,,,,,
Vanuatu,Manure Management,Emissions (CO2eq) (AR5),kilotonnes,54.8361,54.2307,54.9841,58.1503,58.8967,61.2749,62.2725,68.2277,70.1268,67.8222,68.7763,70.1699,70.7971,71.4052,72.2215,67.7806,60.494,60.804,61.9989,59.6191,58.7273
Vanuatu,Manure Management,Emissions (CO2eq) (AR5),kilotonnes,167.57,,,,,,,,,,,,,,,,,,,,
Vanuatu,Manure left on Pasture,Direct emissions (N2O),kilotonnes,0.2483,0.231,0.231,0.2403,0.2456,0.2497,0.2549,0.3089,0.311,0.2855,0.2941,0.3027,0.3061,0.3079,0.3116,0.2724,0.2082,0.2186,0.2132,0.1897,0.1805
Vanuatu,Manure left on Pasture,Indirect emissions (N2O),kilotonnes,0.0537,0.05,0.05,0.0521,0.0533,0.0542,0.0554,0.0669,0.0674,0.0621,0.0639,0.0657,0.0665,0.0669,0.0677,0.0593,0.0457,0.0479,0.0468,0.0418,0.0399
Vanuatu,Manure left on Pasture,Emissions (N2O),kilotonnes,0.302,0.281,0.281,0.2924,0.2989,0.3039,0.3103,0.3758,0.3784,0.3476,0.3581,0.3685,0.3726,0.3748,0.3792,0.3317,0.2539,0.2665,0.26,0.2315,0.2203
Vanuatu,Manure left on Pasture,Emissions (CO2eq) from N2O (AR5),kilotonnes,80.0219,74.4561,74.469,77.486,79.2132,80.5211,82.239,99.5988,100.2802,92.1046,94.8864,97.6412,98.7327,99.3096,100.4992,87.9022,67.277,70.6094,68.8907,61.3448,58.3822
Vanuatu,Manure left on Pasture,Emissions (CO2eq) (AR5),kilotonnes,80.0219,74.4561,74.469,77.486,79.2132,80.5211,82.239,99.5988,100.2802,92.1046,94.8864,97.6412,98.7327,99.3096,100.4992,87.9022,67.277,70.6094,68.8907,61.3448,58.3822
Vanuatu,Manure applied to Soils,Direct emissions (N2O),kilotonnes,0.0169,0.0165,0.0168,0.0176,0.018,0.0186,0.019,0.0223,0.0238,0.0229,0.0221,0.0231,0.0232,0.0237,0.0236,0.0218,0.0188,0.0186,0.0195,0.0185,0.0181
Vanuatu,Manure applied to Soils,Indirect emissions (N2O),kilotonnes,0.0072,0.007,0.0071,0.0075,0.0077,0.0079,0.0081,0.0095,0.0101,0.0098,0.0094,0.0098,0.0099,0.0101,0.01,0.0093,0.008,0.0079,0.0083,0.0079,0.0077
Vanuatu,Manure applied to Soils,Emissions (N2O),kilotonnes,0.024,0.0235,0.0239,0.025,0.0257,0.0265,0.0271,0.0318,0.0339,0.0327,0.0315,0.033,0.0331,0.0337,0.0336,0.0311,0.0267,0.0266,0.0277,0.0264,0.0258
Vanuatu,Manure applied to Soils,Emissions (CO2eq) from N2O (AR5),kilotonnes,6.3673,6.232,6.3393,6.6287,6.8066,7.0172,7.1791,8.4351,8.9943,8.6663,8.3427,8.7353,8.7717,8.9356,8.9138,8.2387,7.0815,7.0411,7.3476,6.9856,6.8425
Vanuatu,Manure applied to Soils,Emissions (CO2eq) (AR5),kilotonnes,6.3673,6.232,6.3393,6.6287,6.8066,7.0172,7.1791,8.4351,8.9943,8.6663,8.3427,8.7353,8.7717,8.9356,8.9138,8.2387,7.0815,7.0411,7.3476,6.9856,6.8425
Vanuatu,Drained organic soils,Emissions (CO2eq) (AR5),kilotonnes,0,0,0,0,0,0,0,0,0,0,0,0,0,0,0,0,0,0,0,0,0
Vanuatu,Drained organic soils (CO2),Emissions (CO2),kilotonnes,0,0,0,0,0,0,0,0,0,0,0,0,0,0,0,0,0,0,0,0,0
Vanuatu,Drained organic soils (CO2),Emissions (CO2eq) (AR5),kilotonnes,0,0,0,0,0,0,0,0,0,0,0,0,0,0,0,0,0,0,0,0,0
Vanuatu,Drained organic soils (N2O),Emissions (N2O),kilotonnes,0,0,0,0,0,0,0,0,0,0,0,0,0,0,0,0,0,0,0,0,0
Vanuatu,Drained organic soils (N2O),Emissions (CO2eq) from N2O (AR5),kilotonnes,0,0,0,0,0,0,0,0,0,0,0,0,0,0,0,0,0,0,0,0,0
Vanuatu,Drained organic soils (N2O),Emissions (CO2eq) (AR5),kilotonnes,0,0,0,0,0,0,0,0,0,0,0,0,0,0,0,0,0,0,0,0,0
Vanuatu,On-farm energy use,Emissions (CH4),kilotonnes,0.0204,0.0202,0.0141,0.0121,0.0049,0.0047,0.0045,0.0154,0.0138,0.0235,0.0264,0.0311,0.0269,0.0257,0.0397,0.033,0.0363,0.0305,0.0414,0.0417,0.0417
Vanuatu,On-farm energy use,Emissions (N2O),kilotonnes,0.0001,0.0001,0.0001,0.0001,0,0,0,0.0001,0.0001,0.0001,0.0001,0.0002,0.0001,0.0001,0.0002,0.0002,0.0002,0.0002,0.0002,0.0002,0.0002
Vanuatu,On-farm energy use,Emissions (CO2),kilotonnes,6.4265,6.3705,4.4483,3.8189,1.5566,1.4967,1.4124,4.859,4.3656,7.4163,8.3314,9.7962,8.4875,8.0969,12.5254,10.3911,11.4531,9.6034,13.0513,13.1565,13.1565
Vanuatu,On-farm energy use,Emissions (CO2eq) from CH4 (AR5),kilotonnes,0.5706,0.5657,0.395,0.3391,0.1382,0.1329,0.1254,0.4315,0.3876,0.6585,0.7398,0.8699,0.7536,0.719,1.1122,0.9227,1.017,0.8527,1.1589,1.1682,1.1682
Vanuatu,On-farm energy use,Emissions (CO2eq) from N2O (AR5),kilotonnes,0.027,0.0268,0.0187,0.016,0.0065,0.0063,0.0059,0.0204,0.0183,0.0312,0.035,0.0412,0.0357,0.034,0.0526,0.0437,0.0481,0.0404,0.0548,0.0553,0.0553
Vanuatu,On-farm energy use,Emissions (CO2eq) (AR5),kilotonnes,7.0242,6.9629,4.862,4.1741,1.7013,1.6359,1.5437,5.3109,4.7716,8.106,9.1062,10.7072,9.2768,8.8499,13.6902,11.3574,12.5182,10.4965,14.2651,14.38,14.38
Vanuatu,Savanna fires,Emissions (CH4),kilotonnes,0,0,0,0.0044,0,0,0,0,0,0,0,0,0,0,0,0.0003,0,0.0038,0,0,0
Vanuatu,Savanna fires,Emissions (N2O),kilotonnes,0,0,0,0.0004,0,0,0,0,0,0,0,0,0,0,0,0,0,0.0004,0,0,0
Vanuatu,Savanna fires,Emissions (CO2eq) from CH4 (AR5),kilotonnes,0,0,0,0.1223,0,0,0,0,0,0,0,0,0,0,0,0.0083,0,0.1075,0,0,0
Vanuatu,Savanna fires,Emissions (CO2eq) from N2O (AR5),kilotonnes,0,0,0,0.1057,0,0,0,0,0,0,0,0,0,0,0,0.0071,0,0.0929,0,0,0
Vanuatu,Savanna fires,Emissions (CO2eq) (AR5),kilotonnes,0,0,0,0.2281,0,0,0,0,0,0,0,0,0,0,0,0.0154,0,0.2003,0,0,0
Vanuatu,Fires in organic soils,Emissions (CH4),kilotonnes,0,0,0,0,0,0,0,0,0,0,0,0,0,0,0,0,0,0,0,0,0
Vanuatu,Fires in organic soils,Emissions (CO2),kilotonnes,0,0,0,0,0,0,0,0,0,0,0,0,0,0,0,0,0,0,0,0,0
Vanuatu,Fires in organic soils,Emissions (CO2eq) from CH4 (AR5),kilotonnes,0,0,0,0,0,0,0,0,0,0,0,0,0,0,0,0,0,0,0,0,0
Vanuatu,Fires in organic soils,Emissions (CO2eq) (AR5),kilotonnes,0,0,0,0,0,0,0,0,0,0,0,0,0,0,0,0,0,0,0,0,0
Vanuatu,Forest fires,Emissions (CH4),kilotonnes,0,0,0,0.0106,0,0.0665,0,0,0,0,0,0,0,0,0.0027,0.0985,0,0.165,0,0,0
Vanuatu,Forest fires,Emissions (N2O),kilotonnes,0,0,0,0.001,0,0.0061,0,0,0,0,0,0,0,0,0.0002,0.009,0,0.0151,0,0,0
Vanuatu,Forest fires,Emissions (CO2eq) from CH4 (AR5),kilotonnes,0,0,0,0.2981,0,1.8633,0,0,0,0,0,0,0,0,0.0745,2.7582,0,4.6205,0,0,0
Vanuatu,Forest fires,Emissions (CO2eq) from N2O (AR5),kilotonnes,0,0,0,0.2576,0,1.6101,0,0,0,0,0,0,0,0,0.0644,2.3834,0,3.9927,0,0,0
Vanuatu,Forest fires,Emissions (CO2eq) (AR5),kilotonnes,0,0,0,0.5557,0,3.4734,0,0,0,0,0,0,0,0,0.1389,5.1416,0,8.6132,0,0,0
Vanuatu,Fires in humid tropical forests,Emissions (CH4),kilotonnes,0,0,0,0.0106,0,0.0665,0,0,0,0,0,0,0,0,0.0027,0.0985,0,0.165,0,0,0
Vanuatu,Fires in humid tropical forests,Emissions (N2O),kilotonnes,0,0,0,0.001,0,0.0061,0,0,0,0,0,0,0,0,0.0002,0.009,0,0.0151,0,0,0
Vanuatu,Fires in humid tropical forests,Emissions (CO2eq) from CH4 (AR5),kilotonnes,0,0,0,0.2981,0,1.8633,0,0,0,0,0,0,0,0,0.0745,2.7582,0,4.6205,0,0,0
Vanuatu,Fires in humid tropical forests,Emissions (CO2eq) from N2O (AR5),kilotonnes,0,0,0,0.2576,0,1.6101,0,0,0,0,0,0,0,0,0.0644,2.3834,0,3.9927,0,0,0
Vanuatu,Fires in humid tropical forests,Emissions (CO2eq) (AR5),kilotonnes,0,0,0,0.5557,0,3.4734,0,0,0,0,0,0,0,0,0.1389,5.1416,0,8.6132,0,0,0
Vanuatu,Waste - agri-food systems,Emissions (CH4),kilotonnes,0.2598,0.2635,0.2679,0.2766,0.2838,0.2912,0.2974,0.3069,0.3145,0.3192,0.3287,0.3374,0.3468,0.3558,0.3536,0.3633,0.3728,0.3821,0.3915,0.3976,0.4037
Vanuatu,Waste - agri-food systems,Emissions (N2O),kilotonnes,0.0043,0.0043,0.0044,0.0046,0.0047,0.0049,0.0051,0.0054,0.0056,0.0057,0.0058,0.0059,0.0062,0.0065,0.0063,0.0064,0.0063,0.0065,0.0067,0.0068,0.007
Vanuatu,Waste - agri-food systems,Emissions (CO2),kilotonnes,0,0,0,0,0,0,0,0,0,0,0,0,0,0,0,0,0,0,0,0,0
Vanuatu,Waste - agri-food systems,Emissions (CO2eq) from CH4 (AR5),kilotonnes,7.2756,7.3793,7.501,7.7458,7.9457,8.1532,8.328,8.5932,8.8052,8.9377,9.2035,9.4485,9.7114,9.9615,9.9005,10.1732,10.4386,10.6976,10.9615,11.1315,11.3036
Vanuatu,Waste - agri-food systems,Emissions (CO2eq) from N2O (AR5),kilotonnes,1.1272,1.14,1.1677,1.22,1.2557,1.3,1.3465,1.4398,1.4901,1.5098,1.5456,1.57,1.6334,1.7179,1.6683,1.6985,1.6774,1.729,1.7729,1.8095,1.8465
Vanuatu,Waste - agri-food systems,Emissions (CO2eq) (AR5),kilotonnes,8.4029,8.5193,8.6687,8.9658,9.2014,9.4532,9.6746,10.033,10.2953,10.4474,10.7491,11.0185,11.3448,11.6794,11.5688,11.8716,12.116,12.4266,12.7344,12.941,13.1501
Vanuatu,On-farm electricity use,Emissions (CH4),kilotonnes,0,0,0,0,0,0,0,0,0,0,0,0,0,0,0,0,0,0,0,0,0
Vanuatu,On-farm electricity use,Emissions (N2O),kilotonnes,0,0,0,0,0,0,0,0,0,0,0,0,0,0,0,0,0,0,0,0,0
Vanuatu,On-farm electricity use,Emissions (CO2),kilotonnes,0,0,0,0,0,0,0,0,0,0,0,0,0,0,0,0,0,0,0,0,0
Vanuatu,On-farm electricity use,Emissions (CO2eq) from CH4 (AR5),kilotonnes,0,0,0,0,0,0,0,0,0,0,0,0,0,0,0,0,0,0,0,0,0
Vanuatu,On-farm electricity use,Emissions (CO2eq) from N2O (AR5),kilotonnes,0,0,0,0,0,0,0,0,0,0,0,0,0,0,0,0,0,0,0,0,0
Vanuatu,On-farm electricity use,Emissions (CO2eq) (AR5),kilotonnes,0,0,0,0,0,0,0,0,0,0,0,0,0,0,0,0,0,0,0,0,0
Vanuatu,Food Processing,Emissions (CH4),kilotonnes,0.0061,0.0062,0.0066,0.0067,0.0072,0.0078,0.0072,0.0072,0.007,0.007,0.0066,0.007,0.0062,0.007,0.0074,0.0083,0.0084,0.0092,0.0099,0.0096,0.0096
Vanuatu,Food Processing,Emissions (N2O),kilotonnes,0,0,0,0,0,0,0,0,0.0001,0.0001,0.0001,0.0002,0.0002,0.0002,0.0002,0.0002,0.0002,0.0002,0.0002,0.0002,0.0002
Vanuatu,Food Processing,Emissions (CO2),kilotonnes,2.3646,2.5894,2.3247,2.4391,1.6583,1.771,1.351,2.8225,2.5674,6.3461,7.6081,8.1323,6.3436,6.0967,10.0721,9.1165,9.8961,8.9778,9.7026,13.0914,13.0101
Vanuatu,Food Processing,Emissions (CO2eq) from CH4 (AR5),kilotonnes,0.1708,0.1736,0.1848,0.1876,0.2016,0.2184,0.2016,0.2016,0.196,0.196,0.1848,0.196,0.1736,0.196,0.2072,0.2324,0.2352,0.2576,0.2772,0.2688,0.2688
Vanuatu,Food Processing,Emissions (CO2eq) from N2O (AR5),kilotonnes,0,0,0,0,0,0,0,0,0.0265,0.0265,0.0265,0.053,0.053,0.053,0.053,0.053,0.053,0.053,0.053,0.053,0.0545
Vanuatu,Food Processing,Emissions (CO2eq) (AR5),kilotonnes,2.5354,2.763,2.5095,2.6267,1.8599,1.9894,1.5526,3.0241,2.7899,6.5686,7.8194,8.3813,6.5702,6.3457,10.3323,9.4019,10.1843,9.2884,10.0328,13.4132,13.3334
Vanuatu,Food Packaging,Emissions (CH4),kilotonnes,0.0001,0.0001,0.0001,0.0001,0.0001,0.0001,0.0001,0.0001,0.0001,0.0001,0.0001,0.0001,0.0001,0.0001,0.0001,0.0001,0.0001,0.0001,0.0001,0.0001,0.0001
Vanuatu,Food Packaging,Emissions (N2O),kilotonnes,0,0,0,0,0,0,0,0,0,0,0,0,0,0,0,0,0,0,0,0,0
Vanuatu,Food Packaging,Emissions (CO2),kilotonnes,0.1522,0.1525,0.1607,0.116,0.077,0.0558,0.0476,0.0958,0.0973,0.1301,0.1382,0.1403,0.1327,0.1384,0.2544,0.1932,0.233,0.2074,0.2735,0.1793,0.1782
Vanuatu,Food Packaging,Emissions (CO2eq) from CH4 (AR5),kilotonnes,0.0028,0.0028,0.0028,0.0028,0.0028,0.0028,0.0028,0.0028,0.0028,0.0028,0.0028,0.0028,0.0028,0.0028,0.0028,0.0028,0.0028,0.0028,0.0028,0.0028,0.0028
Vanuatu,Food Packaging,Emissions (CO2eq) from N2O (AR5),kilotonnes,0,0,0,0,0,0,0,0,0,0,0,0,0,0,0,0,0,0,0,0,0
Vanuatu,Food Packaging,Emissions (CO2eq) (AR5),kilotonnes,0.155,0.1553,0.1635,0.1188,0.0798,0.0586,0.0504,0.0986,0.1001,0.1329,0.141,0.1431,0.1355,0.1412,0.2572,0.196,0.2358,0.2102,0.2763,0.1821,0.181
Vanuatu,Food Retail,Emissions (CH4),kilotonnes,0.0022,0.0023,0.0023,0.0022,0.0023,0.0024,0.0025,0.0026,0.003,0.0031,0.0033,0.0034,0.0034,0.0035,0.0035,0.0035,0.0038,0.0038,0.0041,0.004,0.004
Vanuatu,Food Retail,Emissions (N2O),kilotonnes,0,0,0,0,0,0,0,0,0,0,0,0,0,0,0,0,0,0,0,0,0
Vanuatu,Food Retail,Emissions (CO2),kilotonnes,0.892,0.9134,0.9215,0.9095,0.9393,0.979,1.0007,1.0858,1.216,1.2554,1.3373,1.4622,1.5037,1.4565,1.4479,1.4335,1.587,1.5638,1.7123,1.6811,1.6707
Vanuatu,Food Retail,Emissions (CO2eq) from CH4 (AR5),kilotonnes,0.0616,0.0644,0.0644,0.0616,0.0644,0.0672,0.07,0.0728,0.084,0.0868,0.0924,0.0952,0.0952,0.098,0.098,0.098,0.1064,0.1064,0.1148,0.112,0.112
Vanuatu,Food Retail,Emissions (CO2eq) from N2O (AR5),kilotonnes,0,0,0,0,0,0,0,0,0,0,0,0,0,0,0,0,0,0,0,0,0
Vanuatu,Food Retail,Emissions (CO2eq) (AR5),kilotonnes,0.9536,0.9778,0.9859,0.9711,1.0037,1.0462,1.0707,1.1586,1.3,1.3422,1.4297,1.5574,1.5989,1.5545,1.5459,1.5315,1.6934,1.6702,1.8271,1.7931,1.7827
Vanuatu,Food Household Consumption,Emissions (CH4),kilotonnes,0.0021,0.0022,0.0022,0.0022,0.0022,0.0023,0.0024,0.0025,0.0028,0.0029,0.0031,0.0033,0.0032,0.0033,0.0032,0.0031,0.0036,0.0036,0.0034,0.0041,0.0041
Vanuatu,Food Household Consumption,Emissions (N2O),kilotonnes,0,0,0,0,0,0,0,0,0,0,0,0,0,0,0,0,0,0,0,0,0
Vanuatu,Food Household Consumption,Emissions (CO2),kilotonnes,1.2394,1.0877,1.1207,1.6462,1.5441,1.5813,1.712,1.5951,1.7172,1.7542,1.8311,1.9483,1.9733,1.912,1.8349,1.7674,1.9834,1.9617,1.9099,2.2138,2.2
Vanuatu,Food Household Consumption,Emissions (CO2eq) from CH4 (AR5),kilotonnes,0.0588,0.0616,0.0616,0.0616,0.0616,0.0644,0.0672,0.07,0.0784,0.0812,0.0868,0.0924,0.0896,0.0924,0.0896,0.0868,0.1008,0.1008,0.0952,0.1148,0.1148
Vanuatu,Food Household Consumption,Emissions (CO2eq) from N2O (AR5),kilotonnes,0,0,0,0,0,0,0,0,0,0,0,0,0,0,0,0,0,0,0,0,0
Vanuatu,Food Household Consumption,Emissions (CO2eq) (AR5),kilotonnes,1.2982,1.1493,1.1823,1.7078,1.6057,1.6457,1.7792,1.6651,1.7956,1.8354,1.9179,2.0407,2.0629,2.0044,1.9245,1.8542,2.0842,2.0625,2.0051,2.3286,2.3148
Vanuatu,Food Transport,Emissions (CH4),kilotonnes,0.0003,0.0003,0.0002,0.0002,0.0002,0.0002,0.0001,0.0002,0.0003,0.0004,0.0005,0.0008,0.0005,0.0005,0.0005,0.0005,0.0004,0.0005,0.0005,0.0004,0.0004
Vanuatu,Food Transport,Emissions (N2O),kilotonnes,0.0001,0.0001,0.0001,0.0001,0.0001,0.0001,0.0001,0.0001,0.0002,0.0002,0.0002,0.0004,0.0003,0.0002,0.0002,0.0002,0.0002,0.0002,0.0003,0.0003,0.0003
Vanuatu,Food Transport,Emissions (CO2),kilotonnes,2.2031,2.3491,2.1141,2.585,2.0354,2.2001,2.1133,2.683,3.8241,5.2429,6.389,11.543,8.843,7.5375,8.0746,8.284,7.6334,8.5683,8.8112,8.7604,8.706
Vanuatu,Food Transport,Emissions (CO2eq) from CH4 (AR5),kilotonnes,0.0084,0.0084,0.0056,0.0056,0.0056,0.0056,0.0028,0.0056,0.0084,0.0112,0.014,0.0224,0.014,0.014,0.014,0.014,0.0112,0.014,0.014,0.0112,0.0112
Vanuatu,Food Transport,Emissions (CO2eq) from N2O (AR5),kilotonnes,0.0265,0.0265,0.0265,0.0265,0.0265,0.0265,0.0265,0.0265,0.053,0.053,0.053,0.106,0.0795,0.053,0.053,0.053,0.053,0.053,0.0795,0.0795,0.0818
Vanuatu,Food Transport,Emissions (CO2eq) (AR5),kilotonnes,2.238,2.384,2.1462,2.6171,2.0675,2.2322,2.1426,2.7151,3.8855,5.3071,6.456,11.6714,8.9365,7.6045,8.1416,8.351,7.6976,8.6353,8.9047,8.8511,8.7989
Vanuatu,Energy,Emissions (CH4),kilotonnes,0.265,0.266,0.27,0.271,0.27,0.27,0.27,0.273,0.272,0.274,0.274,0.282,0.279,0.273,0.27,0.274,0.273,0.28,0.281,0.279,0.279
Vanuatu,Energy,Emissions (N2O),kilotonnes,0.0048,0.005,0.0048,0.0051,0.0047,0.0047,0.0045,0.0051,0.0054,0.0059,0.006,0.0096,0.0077,0.0075,0.0072,0.0072,0.007,0.0075,0.0076,0.0084,0.0087
Vanuatu,Energy,Emissions (CO2),kilotonnes,84.3,88,84.3,84.3,58.7,58.7,47.7,99,95.3,121,121,132,114,106,154,132,147,139,147,161,160
Vanuatu,Energy,Emissions (CO2eq) from CH4 (AR5),kilotonnes,7.42,7.448,7.56,7.588,7.56,7.56,7.56,7.644,7.616,7.672,7.672,7.896,7.812,7.644,7.56,7.672,7.644,7.84,7.868,7.812,7.812
Vanuatu,Energy,Emissions (CO2eq) from N2O (AR5),kilotonnes,1.264,1.3223,1.2773,1.3515,1.2375,1.2534,1.2005,1.3515,1.4416,1.5635,1.5953,2.5414,2.0272,1.9743,1.9133,1.8948,1.8497,1.9875,2.0246,2.2392,2.3028
Vanuatu,Energy,Emissions (CO2eq) (AR5),kilotonnes,92.984,96.7704,93.1373,93.2395,67.4976,67.5135,56.4605,107.9955,104.3576,130.2355,130.2673,142.4373,123.8393,115.6183,163.4733,141.5668,156.4937,148.8275,156.8926,171.0513,170.1148
Vanuatu,IPPU,Emissions (N2O),kilotonnes,0.0038,0.0039,0.004,0.0041,0.0042,0.0043,0.0044,0.0045,0.0046,0.0047,0.0048,0.0049,0.005,0.0052,0.0053,0.0054,0.0055,0.0056,0.0057,0.0058,0.006
Vanuatu,IPPU,Emissions (CO2),kilotonnes,2.69,2.73,2.75,2.82,2.87,2.93,2.98,3.09,3.12,3.12,3.11,3.14,3.13,3.12,3.15,3.17,3.23,3.33,3.37,3.34,3.37
Vanuatu,IPPU,Emissions (CO2eq) from N2O (AR5),kilotonnes,0.9991,1.0203,1.0468,1.0733,1.1024,1.1289,1.1581,1.1872,1.2164,1.2455,1.2747,1.3038,1.3356,1.3647,1.3966,1.4284,1.4575,1.4893,1.5211,1.5476,1.5768
Vanuatu,IPPU,Emissions (CO2eq) (AR5),kilotonnes,3.689,3.7503,3.7968,3.8933,3.9724,4.0589,4.138,4.2772,4.3364,4.3655,4.3846,4.4438,4.4656,4.4848,4.5465,4.5983,4.6875,4.8193,4.8911,4.8876,4.9467
Vanuatu,Waste,Emissions (CH4),kilotonnes,2.06,2.1,2.15,2.22,2.3,2.38,2.48,2.57,2.66,2.75,2.83,2.9,2.98,3.06,3.13,3.2,3.28,3.37,3.46,3.55,3.63
Vanuatu,Waste,Emissions (N2O),kilotonnes,0.0073,0.0074,0.0076,0.0078,0.0081,0.0084,0.0087,0.0091,0.0095,0.0099,0.0101,0.0103,0.0106,0.0109,0.011,0.0112,0.0111,0.0112,0.0113,0.012,0.0122
Vanuatu,Waste,Emissions (CO2eq) from CH4 (AR5),kilotonnes,57.68,58.8,60.2,62.16,64.4,66.64,69.44,71.96,74.48,77,79.24,81.2,83.44,85.68,87.64,89.6,91.84,94.36,96.88,99.4,101.64
Vanuatu,Waste,Emissions (CO2eq) from N2O (AR5),kilotonnes,1.9292,1.9716,2.0219,2.0723,2.1518,2.2313,2.3082,2.4168,2.5255,2.6235,2.6765,2.7295,2.809,2.8885,2.915,2.968,2.9415,2.968,2.9945,3.18,3.233
Vanuatu,Waste,Emissions (CO2eq) (AR5),kilotonnes,59.6092,60.7716,62.2219,64.2323,66.5518,68.8713,71.7481,74.3768,77.0055,79.6235,81.9165,83.9295,86.249,88.5685,90.555,92.568,94.7815,97.328,99.8745,102.58,104.873
Vanuatu,Other,Emissions (N2O),kilotonnes,0.0047,0.0054,0.0055,0.0062,0.0053,0.0054,0.0047,0.0062,0.0057,0.006,0.006,0.0071,0.0059,0.0058,0.0067,0.0065,0.0065,0.0072,0.0073,0.0072,0.0074
Vanuatu,Other,Emissions (CO2eq) from N2O (AR5),kilotonnes,1.2375,1.431,1.4443,1.6536,1.4045,1.423,1.2508,1.651,1.5105,1.5847,1.5926,1.8709,1.5556,1.537,1.7808,1.7172,1.7305,1.8974,1.9398,1.9133,1.9477
Vanuatu,Other,Emissions (CO2eq) (AR5),kilotonnes,1.2375,1.431,1.4443,1.6536,1.4045,1.423,1.2508,1.651,1.5105,1.5847,1.5926,1.8709,1.5556,1.537,1.7808,1.7172,1.7305,1.8974,1.9398,1.9133,1.9477
Vanuatu,Farm-gate emissions,Emissions (CH4),kilotonnes,10.6715,10.0525,10.0387,10.5059,10.6656,10.9234,11.1192,13.1502,13.3254,12.3729,12.7198,13.0556,13.1897,13.27,13.4619,11.9403,9.4604,9.8345,9.6923,8.793,8.4417
Vanuatu,Farm-gate emissions,Direct emissions (N2O),kilotonnes,0.2654,0.2477,0.248,0.258,0.2638,0.2684,0.2741,0.3314,0.335,0.3086,0.3164,0.326,0.3295,0.3318,0.3354,0.2944,0.2272,0.2374,0.2329,0.2084,0.1988
Vanuatu,Farm-gate emissions,Indirect emissions (N2O),kilotonnes,0.0609,0.057,0.0572,0.0596,0.061,0.0621,0.0635,0.0765,0.0776,0.0719,0.0734,0.0756,0.0764,0.077,0.0777,0.0686,0.0537,0.0558,0.0551,0.0497,0.0476
Vanuatu,Farm-gate emissions,Emissions (N2O),kilotonnes,0.3611,0.3379,0.3389,0.353,0.3608,0.3671,0.3751,0.4529,0.4582,0.4234,0.4331,0.4465,0.4512,0.4545,0.4591,0.4044,0.3146,0.3281,0.3226,0.2901,0.2774
Vanuatu,Farm-gate emissions,Emissions (CO2),kilotonnes,6.4265,6.3705,4.4483,3.8189,1.5566,1.4967,1.4124,4.859,4.3656,7.4163,8.3314,9.7962,8.4875,8.0969,12.5254,10.3911,11.4531,9.6034,13.0513,13.1565,13.1565
Vanuatu,Farm-gate emissions,Emissions (CO2eq) from CH4 (AR5),kilotonnes,298.8007,281.4695,281.0838,294.1645,298.6365,305.8542,311.3381,368.205,373.1109,346.4419,356.1532,365.5577,369.3113,371.5602,376.9328,334.3274,264.8906,275.3663,271.3844,246.2052,236.3675
Vanuatu,Farm-gate emissions,Emissions (CO2eq) from N2O (AR5),kilotonnes,95.6834,89.5393,89.8112,93.5334,95.623,97.2769,99.4059,120.0232,121.4342,112.1883,114.7672,118.3274,119.5676,120.4372,121.668,107.1607,83.3576,86.9504,85.4959,76.8822,73.4989
Vanuatu,Farm-gate emissions,Emissions (CO2eq) (AR5),kilotonnes,400.9106,377.3792,375.3432,391.5168,395.8161,404.6279,412.1564,493.0873,498.9107,466.0465,479.2518,493.6812,497.3663,500.0944,511.1262,451.8791,359.7012,371.9202,369.9317,336.2439,323.023
Vanuatu,Land Use change,Emissions (CH4),kilotonnes,0,0,0,0.0106,0,0.0665,0,0,0,0,0,0,0,0,0.0027,0.0985,0,0.165,0,0,0
Vanuatu,Land Use change,Emissions (N2O),kilotonnes,0,0,0,0.001,0,0.0061,0,0,0,0,0,0,0,0,0.0002,0.009,0,0.0151,0,0,0
Vanuatu,Land Use change,Emissions (CO2),kilotonnes,0,0,0,0,0,0,0,0,0,0,0,0,0,0,0,0,0,0,0,0,0
Vanuatu,Land Use change,Emissions (CO2eq) from CH4 (AR5),kilotonnes,0,0,0,0.2981,0,1.8633,0,0,0,0,0,0,0,0,0.0745,2.7582,0,4.6205,0,0,0
Vanuatu,Land Use change,Emissions (CO2eq) from N2O (AR5),kilotonnes,0,0,0,0.2576,0,1.6101,0,0,0,0,0,0,0,0,0.0644,2.3834,0,3.9927,0,0,0
Vanuatu,Land Use change,Emissions (CO2eq) (AR5),kilotonnes,0,0,0,0.5557,0,3.4734,0,0,0,0,0,0,0,0,0.1389,5.1416,0,8.6132,0,0,0
Vanuatu,Emissions on agricultural land,Emissions (CH4),kilotonnes,10.6715,10.0525,10.0387,10.5165,10.6656,10.9899,11.1192,13.1502,13.3254,12.3729,12.7198,13.0556,13.1897,13.27,13.4645,12.0388,9.4604,9.9995,9.6923,8.793,8.4417
Vanuatu,Emissions on agricultural land,Emissions (N2O),kilotonnes,0.3611,0.3379,0.3389,0.3539,0.3608,0.3732,0.3751,0.4529,0.4582,0.4234,0.4331,0.4465,0.4512,0.4545,0.4594,0.4134,0.3146,0.3432,0.3226,0.2901,0.2774
Vanuatu,Emissions on agricultural land,Emissions (CO2),kilotonnes,6.4265,6.3705,4.4483,3.8189,1.5566,1.4967,1.4124,4.859,4.3656,7.4163,8.3314,9.7962,8.4875,8.0969,12.5254,10.3911,11.4531,9.6034,13.0513,13.1565,13.1565
Vanuatu,Emissions on agricultural land,Emissions (CO2eq) from CH4 (AR5),kilotonnes,298.8007,281.4695,281.0838,294.4627,298.6365,307.7175,311.3381,368.205,373.1109,346.4419,356.1532,365.5577,369.3113,371.5602,377.0073,337.0856,264.8906,279.9868,271.3844,246.2052,236.3675
Vanuatu,Emissions on agricultural land,Emissions (CO2eq) from N2O (AR5),kilotonnes,95.6834,89.5393,89.8112,93.791,95.623,98.8871,99.4059,120.0232,121.4342,112.1883,114.7672,118.3274,119.5676,120.4372,121.7324,109.5441,83.3576,90.9431,85.4959,76.8822,73.4989
Vanuatu,Emissions on agricultural land,Emissions (CO2eq) (AR5),kilotonnes,400.9106,377.3792,375.3432,392.0726,395.8161,408.1013,412.1564,493.0873,498.9107,466.0465,479.2518,493.6812,497.3663,500.0944,511.2651,457.0207,359.7012,380.5334,369.9317,336.2439,323.023
Vanuatu,Pre- and post- production,Emissions (CH4),kilotonnes,0.2706,0.2746,0.2793,0.288,0.2958,0.304,0.3097,0.3195,0.3277,0.3327,0.3423,0.352,0.3602,0.3702,0.3683,0.3788,0.3891,0.3993,0.4095,0.4158,0.4219
Vanuatu,Pre- and post- production,Emissions (N2O),kilotonnes,0.0044,0.0044,0.0045,0.0047,0.0048,0.005,0.0052,0.0055,0.0059,0.006,0.0061,0.0065,0.0067,0.0069,0.0067,0.0068,0.0067,0.0069,0.0072,0.0073,0.0075
Vanuatu,Pre- and post- production,Emissions (CO2),kilotonnes,6.8513,7.0921,6.6417,7.6958,6.2541,6.5872,6.2246,8.2822,9.422,14.7287,17.3037,23.2261,18.7963,17.1411,21.6839,20.7946,21.3329,21.279,22.4095,25.926,25.765
Vanuatu,Pre- and post- production,Emissions (CO2eq) from CH4 (AR5),kilotonnes,7.578,7.6901,7.8202,8.065,8.2817,8.5116,8.6724,8.946,9.1748,9.3157,9.5843,9.8573,10.0866,10.3647,10.3121,10.6072,10.895,11.1792,11.4655,11.6411,11.8132
Vanuatu,Pre- and post- production,Emissions (CO2eq) from N2O (AR5),kilotonnes,1.1537,1.1665,1.1942,1.2465,1.2822,1.3265,1.373,1.4663,1.5696,1.5893,1.6251,1.729,1.7659,1.8239,1.7743,1.8045,1.7834,1.835,1.9054,1.942,1.9828
Vanuatu,Pre- and post- production,Emissions (CO2eq) (AR5),kilotonnes,15.5831,15.9487,15.6561,17.0073,15.818,16.4253,16.2701,18.6945,20.1664,25.6336,28.5131,34.8124,30.6488,29.3297,33.7703,33.2062,34.0113,34.2932,35.7804,39.5091,39.561
Vanuatu,Agri-food systems,Emissions (CH4),kilotonnes,10.9421,10.3271,10.318,10.8046,10.9614,11.2939,11.4289,13.4697,13.6531,12.7056,13.0621,13.4077,13.5499,13.6402,13.8328,12.4176,9.8495,10.3988,10.1018,9.2088,8.8636
Vanuatu,Agri-food systems,Emissions (N2O),kilotonnes,0.3654,0.3423,0.3434,0.3586,0.3657,0.3782,0.3803,0.4585,0.4642,0.4293,0.4392,0.453,0.4579,0.4614,0.4661,0.4202,0.3213,0.3501,0.3298,0.2974,0.2848
Vanuatu,Agri-food systems,Emissions (CO2),kilotonnes,13.2778,13.4626,11.09,11.5147,7.8107,8.0839,7.637,13.1412,13.7876,22.145,25.6351,33.0223,27.2838,25.238,34.2093,31.1857,32.786,30.8824,35.4608,39.0825,38.9215
Vanuatu,Agri-food systems,Emissions (CO2eq) from CH4 (AR5),kilotonnes,306.3788,289.1595,288.9039,302.5277,306.9182,316.2292,320.0105,377.151,382.2857,355.7575,365.7375,375.4149,379.3978,381.9249,387.3194,347.6927,275.7856,291.166,282.8499,257.8462,248.1808
Vanuatu,Agri-food systems,Emissions (CO2eq) from N2O (AR5),kilotonnes,96.8371,90.7058,91.0054,95.0375,96.9053,100.2135,100.7789,121.4896,123.0038,113.7776,116.3922,120.0564,121.3335,122.2611,123.5067,111.3486,85.141,92.7782,87.4013,78.8242,75.4817
Vanuatu,Agri-food systems,Emissions (CO2eq) (AR5),kilotonnes,416.4937,393.3279,390.9993,409.0799,411.6341,424.5266,428.4264,511.7818,519.0771,491.6801,507.7648,528.4936,528.0151,529.424,545.0354,490.227,393.7126,414.8267,405.7121,375.753,362.5839
Vanuatu,IPCC Agriculture,Emissions (CH4),kilotonnes,10.6511,10.0323,10.0246,10.4938,10.6607,10.9186,11.1147,13.1348,13.3115,12.3494,12.6933,13.0246,13.1628,13.2443,13.4222,11.9073,9.4241,9.8041,9.6509,8.7513,8.4
Vanuatu,IPCC Agriculture,Emissions (CH4),kilotonnes,15.59,,,,,,,,,,,,,,,,,,,,
Vanuatu,IPCC Agriculture,Direct emissions (N2O),kilotonnes,0.2654,0.2477,0.248,0.258,0.2638,0.2684,0.2741,0.3314,0.335,0.3086,0.3164,0.326,0.3295,0.3318,0.3354,0.2944,0.2272,0.2374,0.2329,0.2084,0.1988
Vanuatu,IPCC Agriculture,Indirect emissions (N2O),kilotonnes,0.0609,0.057,0.0572,0.0596,0.061,0.0621,0.0635,0.0765,0.0776,0.0719,0.0734,0.0756,0.0764,0.077,0.0777,0.0686,0.0537,0.0558,0.0551,0.0497,0.0476
Vanuatu,IPCC Agriculture,Emissions (N2O),kilotonnes,0.361,0.3378,0.3388,0.3529,0.3608,0.3671,0.3751,0.4528,0.4582,0.4232,0.433,0.4464,0.4511,0.4544,0.4589,0.4042,0.3144,0.328,0.3224,0.2899,0.2771
Vanuatu,IPCC Agriculture,Emissions (N2O),kilotonnes,0.57,,,,,,,,,,,,,,,,,,,,
Vanuatu,IPCC Agriculture,Emissions (CO2eq) from CH4 (AR5),kilotonnes,298.2301,280.9038,280.6888,293.8254,298.4983,305.7213,311.2127,367.7736,372.7232,345.7834,355.4134,364.6878,368.5576,370.8413,375.8206,333.4047,263.8736,274.5136,270.2255,245.0369,235.1993
Vanuatu,IPCC Agriculture,Emissions (CO2eq) from CH4 (AR5),kilotonnes,436.52,,,,,,,,,,,,,,,,,,,,
Vanuatu,IPCC Agriculture,Emissions (CO2eq) from N2O (AR5),kilotonnes,95.6564,89.5125,89.7925,93.5173,95.6165,97.2706,99.4,120.0028,121.4158,112.1572,114.7322,118.2862,119.5319,120.4032,121.6154,107.117,83.3094,86.9101,85.4411,76.8269,73.4436
Vanuatu,IPCC Agriculture,Emissions (CO2eq) from N2O (AR5),kilotonnes,151.05,,,,,,,,,,,,,,,,,,,,
Vanuatu,IPCC Agriculture,Emissions (CO2eq) (AR5),kilotonnes,393.8864,370.4163,370.4813,387.3428,394.1148,402.992,410.6126,487.7764,494.1391,457.9405,470.1456,482.9741,488.0895,491.2445,497.436,440.5217,347.183,361.4236,355.6666,321.8639,308.6429
Vanuatu,IPCC Agriculture,Emissions (CO2eq) (AR5),kilotonnes,587.57,,,,,,,,,,,,,,,,,,,,
Vanuatu,Agricultural Soils,Direct emissions (N2O),kilotonnes,0.2654,0.2477,0.248,0.258,0.2638,0.2684,0.2741,0.3314,0.335,0.3086,0.3164,0.326,0.3295,0.3318,0.3354,0.2944,0.2272,0.2374,0.2329,0.2084,0.1988
Vanuatu,Agricultural Soils,Indirect emissions (N2O),kilotonnes,0.0609,0.057,0.0572,0.0596,0.061,0.0621,0.0635,0.0765,0.0776,0.0719,0.0734,0.0756,0.0764,0.077,0.0777,0.0686,0.0537,0.0558,0.0551,0.0497,0.0476
Vanuatu,Agricultural Soils,Emissions (N2O),kilotonnes,0.3262,0.3047,0.3052,0.3176,0.3248,0.3306,0.3376,0.4079,0.4126,0.3805,0.3898,0.4017,0.4059,0.4087,0.4131,0.363,0.2808,0.2933,0.2879,0.2581,0.2464
Vanuatu,Agricultural Soils,Emissions (N2O),kilotonnes,0.56,,,,,,,,,,,,,,,,,,,,
Vanuatu,Agricultural Soils,Emissions (CO2eq) from N2O (AR5),kilotonnes,86.4473,80.7465,80.8669,84.1731,86.0792,87.5987,89.4768,108.0956,109.338,100.8338,103.2919,106.4395,107.565,108.3137,109.478,96.2055,74.4241,77.7171,76.3053,68.398,65.2928
Vanuatu,Agricultural Soils,Emissions (CO2eq) from N2O (AR5),kilotonnes,148.4,,,,,,,,,,,,,,,,,,,,
Vanuatu,Agricultural Soils,Emissions (CO2eq) (AR5),kilotonnes,86.4473,80.7465,80.8669,84.1731,86.0792,87.5987,89.4768,108.0956,109.338,100.8338,103.2919,106.4395,107.565,108.3137,109.478,96.2055,74.4241,77.7171,76.3053,68.398,65.2928
Vanuatu,Agricultural Soils,Emissions (CO2eq) (AR5),kilotonnes,148.4,,,,,,,,,,,,,,,,,,,,
Vanuatu,LULUCF,Emissions (CH4),kilotonnes,0,0,0,0.0106,0,0.0665,0,0,0,0,0,0,0,0,0.0027,0.0985,0,0.165,0,0,0
Vanuatu,LULUCF,Emissions (N2O),kilotonnes,0,0,0,0.001,0,0.0061,0,0,0,0,0,0,0,0,0.0002,0.009,0,0.0151,0,0,0
Vanuatu,LULUCF,Emissions (CO2),kilotonnes,0,0,0,0,0,0,0,0,0,0,0,0,0,0,0,0,0,0,0,0,0
Vanuatu,LULUCF,Emissions (CO2),kilotonnes,-7913.14,,,,,,,,,,,,,,,,,,,,
Vanuatu,LULUCF,Emissions (CO2eq) from CH4 (AR5),kilotonnes,0,0,0,0.2981,0,1.8633,0,0,0,0,0,0,0,0,0.0745,2.7582,0,4.6205,0,0,0
Vanuatu,LULUCF,Emissions (CO2eq) from N2O (AR5),kilotonnes,0,0,0,0.2576,0,1.6101,0,0,0,0,0,0,0,0,0.0644,2.3834,0,3.9927,0,0,0
Vanuatu,LULUCF,Emissions (CO2eq) (AR5),kilotonnes,0,0,0,0.5557,0,3.4734,0,0,0,0,0,0,0,0,0.1389,5.1416,0,8.6132,0,0,0
Vanuatu,LULUCF,Emissions (CO2eq) (AR5),kilotonnes,-7913.14,,,,,,,,,,,,,,,,,,,,
Vanuatu,AFOLU,Emissions (CH4),kilotonnes,10.6511,10.0323,10.0246,10.5044,10.6607,10.9852,11.1147,13.1348,13.3115,12.3494,12.6933,13.0246,13.1628,13.2443,13.4248,12.0058,9.4241,9.9691,9.6509,8.7513,8.4
Vanuatu,AFOLU,Emissions (N2O),kilotonnes,0.361,0.3378,0.3388,0.3539,0.3608,0.3731,0.3751,0.4528,0.4582,0.4232,0.433,0.4464,0.4511,0.4544,0.4592,0.4132,0.3144,0.343,0.3224,0.2899,0.2771
Vanuatu,AFOLU,Emissions (CO2),kilotonnes,0,0,0,0,0,0,0,0,0,0,0,0,0,0,0,0,0,0,0,0,0
Vanuatu,AFOLU,Emissions (CO2eq) from CH4 (AR5),kilotonnes,298.2301,280.9038,280.6888,294.1236,298.4983,307.5846,311.2127,367.7736,372.7232,345.7834,355.4134,364.6878,368.5576,370.8413,375.8951,336.1629,263.8736,279.1341,270.2255,245.0369,235.1993
Vanuatu,AFOLU,Emissions (CO2eq) from N2O (AR5),kilotonnes,95.6564,89.5125,89.7925,93.775,95.6165,98.8808,99.4,120.0028,121.4158,112.1572,114.7322,118.2862,119.5319,120.4032,121.6798,109.5004,83.3094,90.9028,85.4411,76.8269,73.4436
Vanuatu,AFOLU,Emissions (CO2eq) (AR5),kilotonnes,393.8864,370.4163,370.4813,387.8985,394.1148,406.4654,410.6126,487.7764,494.1391,457.9405,470.1456,482.9741,488.0895,491.2445,497.5749,445.6633,347.183,370.0369,355.6666,321.8639,308.6429
Vanuatu,All sectors with LULUCF,Emissions (CH4),kilotonnes,12.9761,12.3983,12.4446,12.9954,13.2307,13.6352,13.8647,15.9778,16.2435,15.3734,15.7973,16.2066,16.4218,16.5773,16.8248,15.4798,12.9771,13.6191,13.3919,12.5803,12.309
Vanuatu,All sectors with LULUCF,Emissions (N2O),kilotonnes,0.3815,0.3595,0.3607,0.3771,0.3831,0.3959,0.3974,0.4778,0.4834,0.4497,0.4599,0.4782,0.4802,0.4837,0.4894,0.4434,0.3445,0.3745,0.3544,0.3234,0.3113
Vanuatu,All sectors with LULUCF,Emissions (CO2),kilotonnes,86.99,90.73,87.05,87.12,61.57,61.63,50.68,102.09,98.42,124.12,124.11,135.14,117.13,109.12,157.15,135.17,150.23,142.33,150.37,164.34,163.37
Vanuatu,All sectors with LULUCF,Emissions (CO2eq) from CH4 (AR5),kilotonnes,363.3301,347.1518,348.4488,363.8716,370.4583,381.7846,388.2127,447.3776,454.8192,430.4554,442.3254,453.7838,459.8096,464.1653,471.0951,433.4349,363.3576,381.3341,374.9735,352.2489,344.6513
Vanuatu,All sectors with LULUCF,Emissions (CO2eq) from N2O (AR5),kilotonnes,101.0862,95.2577,95.5827,99.9256,101.5127,104.9175,105.3174,126.6093,128.1097,119.1744,121.8713,126.7318,127.2593,128.1677,129.6854,117.5087,91.2886,99.245,93.9211,85.7071,82.5039
Vanuatu,All sectors with LULUCF,Emissions (CO2eq) (AR5),kilotonnes,551.4063,533.1395,531.0815,550.9172,533.541,548.3321,544.2101,676.0768,681.349,673.7497,688.3067,715.6556,704.1989,701.453,757.9305,686.1136,604.8762,622.9091,619.2646,602.296,590.5253
Vanuatu,All sectors without LULUCF,Emissions (CH4),kilotonnes,12.9761,12.3983,12.4446,12.9848,13.2307,13.5686,13.8647,15.9778,16.2435,15.3734,15.7973,16.2066,16.4218,16.5773,16.8222,15.3813,12.9771,13.4541,13.3919,12.5803,12.309
Vanuatu,All sectors without LULUCF,Emissions (N2O),kilotonnes,0.3815,0.3595,0.3607,0.3761,0.3831,0.3898,0.3974,0.4778,0.4834,0.4497,0.4599,0.4782,0.4802,0.4837,0.4891,0.4344,0.3445,0.3594,0.3544,0.3234,0.3113
Vanuatu,All sectors without LULUCF,Emissions (CO2),kilotonnes,86.99,90.73,87.05,87.12,61.57,61.63,50.68,102.09,98.42,124.12,124.11,135.14,117.13,109.12,157.15,135.17,150.23,142.33,150.37,164.34,163.37
Vanuatu,All sectors without LULUCF,Emissions (CO2eq) from CH4 (AR5),kilotonnes,363.3301,347.1518,348.4488,363.5734,370.4583,379.9213,388.2127,447.3776,454.8192,430.4554,442.3254,453.7838,459.8096,464.1653,471.0206,430.6767,363.3576,376.7136,374.9735,352.2489,344.6513
Vanuatu,All sectors without LULUCF,Emissions (CO2eq) from N2O (AR5),kilotonnes,101.0862,95.2577,95.5827,99.668,101.5127,103.3073,105.3174,126.6093,128.1097,119.1744,121.8713,126.7318,127.2593,128.1677,129.621,115.1253,91.2886,95.2523,93.9211,85.7071,82.5039
Vanuatu,All sectors without LULUCF,Emissions (CO2eq) (AR5),kilotonnes,551.4063,533.1395,531.0815,550.3614,533.541,544.8587,544.2101,676.0768,681.349,673.7497,688.3067,715.6556,704.1989,701.453,757.7916,680.972,604.8762,614.2958,619.2646,602.296,590.5253
Venezuela (Bolivarian Republic of),Crop Residues,Direct emissions (N2O),kilotonnes,0.483,0.506,0.4238,0.5071,0.5948,0.5859,0.6561,0.6491,0.6691,0.6327,0.6025,0.5781,0.5301,0.5768,0.5653,0.3836,0.3393,0.3372,0.4101,0.3678,0.3405
Venezuela (Bolivarian Republic of),Crop Residues,Indirect emissions (N2O),kilotonnes,0.1087,0.1139,0.0954,0.1141,0.1338,0.1318,0.1476,0.146,0.1505,0.1424,0.1356,0.1301,0.1193,0.1298,0.1272,0.0863,0.0763,0.0759,0.0923,0.0828,0.0766
Venezuela (Bolivarian Republic of),Crop Residues,Emissions (N2O),kilotonnes,0.5917,0.6199,0.5192,0.6212,0.7286,0.7177,0.8037,0.7952,0.8197,0.7751,0.738,0.7082,0.6494,0.7066,0.6924,0.4699,0.4156,0.413,0.5024,0.4505,0.4172
Venezuela (Bolivarian Republic of),Crop Residues,Emissions (CO2eq) from N2O (AR5),kilotonnes,156.7935,164.2626,137.5802,164.6179,193.0831,190.1819,212.9851,210.7156,217.2101,205.3884,195.5761,187.6712,172.0933,187.2576,183.4992,124.5149,110.1317,109.4487,133.13,119.3951,110.5478
Venezuela (Bolivarian Republic of),Crop Residues,Emissions (CO2eq) (AR5),kilotonnes,156.7935,164.2626,137.5802,164.6179,193.0831,190.1819,212.9851,210.7156,217.2101,205.3884,195.5761,187.6712,172.0933,187.2576,183.4992,124.5149,110.1317,109.4487,133.13,119.3951,110.5478
Venezuela (Bolivarian Republic of),Rice Cultivation,Emissions (CH4),kilotonnes,34.8269,38.8592,33.8421,34.6258,50.0926,54.4267,57.1609,52.6239,54.5421,57.8635,45.4747,47.7643,52.7922,54.1624,57.1024,42.6407,31.7734,42.5021,43.0048,37.8633,30.8367
Venezuela (Bolivarian Republic of),Rice Cultivation,Emissions (CO2eq) from CH4 (AR5),kilotonnes,975.1533,1088.0564,947.5785,969.5226,1402.5917,1523.9478,1600.5054,1473.4692,1527.1795,1620.1776,1273.2905,1337.4013,1478.1826,1516.5461,1598.8684,1193.9387,889.6558,1190.0579,1204.1346,1060.1711,863.4286
Venezuela (Bolivarian Republic of),Rice Cultivation,Emissions (CO2eq) (AR5),kilotonnes,975.1533,1088.0564,947.5785,969.5226,1402.5917,1523.9478,1600.5054,1473.4692,1527.1795,1620.1776,1273.2905,1337.4013,1478.1826,1516.5461,1598.8684,1193.9387,889.6558,1190.0579,1204.1346,1060.1711,863.4286
Venezuela (Bolivarian Republic of),Burning - Crop residues,Emissions (CH4),kilotonnes,1.7343,1.8811,1.6323,1.8968,2.1794,2.3822,2.446,2.5344,2.6712,2.504,2.1648,2.0351,2.1185,2.2476,2.1423,1.6679,1.5245,1.4953,1.5621,1.6519,1.4718
Venezuela (Bolivarian Republic of),Burning - Crop residues,Emissions (CH4),kilotonnes,,,,,,,,,,,,,,,,,,,,,
Venezuela (Bolivarian Republic of),Burning - Crop residues,Emissions (N2O),kilotonnes,0.045,0.0488,0.0423,0.0492,0.0565,0.0618,0.0634,0.0657,0.0693,0.0649,0.0561,0.0528,0.0549,0.0583,0.0555,0.0432,0.0395,0.0388,0.0405,0.0428,0.0382
Venezuela (Bolivarian Republic of),Burning - Crop residues,Emissions (N2O),kilotonnes,,,,,,,,,,,,,,,,,,,,,
Venezuela (Bolivarian Republic of),Burning - Crop residues,Emissions (CO2eq) from CH4 (AR5),kilotonnes,48.5618,52.6717,45.7051,53.1104,61.0234,66.7018,68.4869,70.9626,74.7926,70.1128,60.6136,56.9819,59.3176,62.9315,59.9841,46.7004,42.6865,41.8684,43.7388,46.2529,41.2098
Venezuela (Bolivarian Republic of),Burning - Crop residues,Emissions (CO2eq) from CH4 (AR5),kilotonnes,,,,,,,,,,,,,,,,,,,,,
Venezuela (Bolivarian Republic of),Burning - Crop residues,Emissions (CO2eq) from N2O (AR5),kilotonnes,11.9156,12.9241,11.2147,13.0317,14.9733,16.3666,16.8047,17.4121,18.3519,17.2036,14.8728,13.9817,14.5548,15.4415,14.7183,11.4589,10.474,10.2733,10.7322,11.3491,10.1117
Venezuela (Bolivarian Republic of),Burning - Crop residues,Emissions (CO2eq) from N2O (AR5),kilotonnes,,,,,,,,,,,,,,,,,,,,,
Venezuela (Bolivarian Republic of),Burning - Crop residues,Emissions (CO2eq) (AR5),kilotonnes,60.4774,65.5957,56.9197,66.1421,75.9968,83.0685,85.2916,88.3747,93.1445,87.3164,75.4864,70.9636,73.8724,78.373,74.7024,58.1593,53.1604,52.1416,54.471,57.602,51.3214
Venezuela (Bolivarian Republic of),Burning - Crop residues,Emissions (CO2eq) (AR5),kilotonnes,,,,,,,,,,,,,,,,,,,,,
Venezuela (Bolivarian Republic of),Enteric Fermentation,Emissions (CH4),kilotonnes,896.4695,913.7318,931.6217,940.6394,954.5309,978.0984,980.2737,998.6081,1013.2935,1013.504,850.3125,863.6784,1015.4804,1010.5224,1003.6849,1006.0232,987.3089,963.7841,954.0867,957.7383,972.5815
Venezuela (Bolivarian Republic of),Enteric Fermentation,Emissions (CH4),kilotonnes,,,,,,,,,,,,,,,,,,,,,
Venezuela (Bolivarian Republic of),Enteric Fermentation,Emissions (CO2eq) from CH4 (AR5),kilotonnes,25101.1461,25584.4903,26085.4072,26337.9025,26726.8646,27386.7542,27447.6638,27961.0268,28372.2191,28378.112,23808.7512,24182.9955,28433.4503,28294.6265,28103.1778,28168.6501,27644.6479,26985.9561,26714.4267,26816.6728,27232.2816
Venezuela (Bolivarian Republic of),Enteric Fermentation,Emissions (CO2eq) from CH4 (AR5),kilotonnes,,,,,,,,,,,,,,,,,,,,,
Venezuela (Bolivarian Republic of),Enteric Fermentation,Emissions (CO2eq) (AR5),kilotonnes,25101.1461,25584.4903,26085.4072,26337.9025,26726.8646,27386.7542,27447.6638,27961.0268,28372.2191,28378.112,23808.7512,24182.9955,28433.4503,28294.6265,28103.1778,28168.6501,27644.6479,26985.9561,26714.4267,26816.6728,27232.2816
Venezuela (Bolivarian Republic of),Enteric Fermentation,Emissions (CO2eq) (AR5),kilotonnes,,,,,,,,,,,,,,,,,,,,,
Venezuela (Bolivarian Republic of),Manure Management,Emissions (CH4),kilotonnes,26.3179,27.064,27.509,27.0245,27.5167,28.4271,28.537,28.8709,29.8395,29.9038,27.1604,27.8834,31.0432,30.7942,30.7568,30.9326,30.0949,29.2074,28.5824,28.5543,28.8583
Venezuela (Bolivarian Republic of),Manure Management,Emissions (CH4),kilotonnes,,,,,,,,,,,,,,,,,,,,,
Venezuela (Bolivarian Republic of),Manure Management,Emissions (N2O),kilotonnes,1.1291,1.1634,1.1801,1.1356,1.171,1.2405,1.2359,1.24,1.3152,1.3283,1.3469,1.4129,1.4732,1.4561,1.4629,1.474,1.3993,1.3233,1.2595,1.249,1.252
Venezuela (Bolivarian Republic of),Manure Management,Emissions (N2O),kilotonnes,,,,,,,,,,,,,,,,,,,,,
Venezuela (Bolivarian Republic of),Manure Management,Emissions (CO2eq) from CH4 (AR5),kilotonnes,736.9006,757.7923,770.2532,756.6863,770.4677,795.96,799.0366,808.385,835.5058,837.3067,760.492,780.7338,869.2089,862.2378,861.1909,866.1114,842.6578,817.8069,800.3082,799.5199,808.0335
Venezuela (Bolivarian Republic of),Manure Management,Emissions (CO2eq) from CH4 (AR5),kilotonnes,,,,,,,,,,,,,,,,,,,,,
Venezuela (Bolivarian Republic of),Manure Management,Emissions (CO2eq) from N2O (AR5),kilotonnes,299.1986,308.2931,312.7384,300.9242,310.3279,328.7379,327.5166,328.6036,348.5388,352.0044,356.9402,374.4179,390.3989,385.8575,387.6719,390.6136,370.8057,350.681,333.7614,330.9977,331.787
Venezuela (Bolivarian Republic of),Manure Management,Emissions (CO2eq) from N2O (AR5),kilotonnes,,,,,,,,,,,,,,,,,,,,,
Venezuela (Bolivarian Republic of),Manure Management,Emissions (CO2eq) (AR5),kilotonnes,1036.0992,1066.0854,1082.9916,1057.6105,1080.7957,1124.6979,1126.5532,1136.9886,1184.0446,1189.3111,1117.4323,1155.1517,1259.6078,1248.0953,1248.8629,1256.7251,1213.4635,1168.4879,1134.0696,1130.5176,1139.8205
Venezuela (Bolivarian Republic of),Manure Management,Emissions (CO2eq) (AR5),kilotonnes,,,,,,,,,,,,,,,,,,,,,
Venezuela (Bolivarian Republic of),Manure left on Pasture,Direct emissions (N2O),kilotonnes,19.7426,20.2653,20.688,20.8273,21.1389,21.5782,21.5932,21.6662,21.7083,21.7541,18.2755,18.4812,21.6617,21.8196,21.5799,21.4566,21.1491,20.5942,20.423,20.6258,20.8617
Venezuela (Bolivarian Republic of),Manure left on Pasture,Indirect emissions (N2O),kilotonnes,4.3769,4.4895,4.5817,4.613,4.6811,4.7759,4.7809,4.7993,4.8101,4.8203,4.0823,4.1266,4.8033,4.8375,4.7867,4.7605,4.6973,4.5803,4.5452,4.5889,4.638
Venezuela (Bolivarian Republic of),Manure left on Pasture,Emissions (N2O),kilotonnes,24.1195,24.7548,25.2696,25.4403,25.82,26.3541,26.3741,26.4655,26.5184,26.5744,22.3578,22.6078,26.465,26.6571,26.3666,26.2171,25.8464,25.1745,24.9682,25.2146,25.4997
Venezuela (Bolivarian Republic of),Manure left on Pasture,Emissions (CO2eq) from N2O (AR5),kilotonnes,6391.6626,6560.0291,6696.4469,6741.6901,6842.312,6983.8329,6989.134,7013.3465,7027.364,7042.2081,5924.8052,5991.0763,7013.2178,7064.1306,6987.1404,6947.5375,6849.2891,6671.2362,6616.5703,6681.8748,6757.4177
Venezuela (Bolivarian Republic of),Manure left on Pasture,Emissions (CO2eq) (AR5),kilotonnes,6391.6626,6560.0291,6696.4469,6741.6901,6842.312,6983.8329,6989.134,7013.3465,7027.364,7042.2081,5924.8052,5991.0763,7013.2178,7064.1306,6987.1404,6947.5375,6849.2891,6671.2362,6616.5703,6681.8748,6757.4177
Venezuela (Bolivarian Republic of),Manure applied to Soils,Direct emissions (N2O),kilotonnes,1.8704,1.9435,1.9573,1.7748,1.8026,1.9121,1.9596,2.0999,2.3954,2.3945,2.3078,2.4207,2.6013,2.4341,2.4967,2.6151,2.5027,2.4798,2.4111,2.3384,2.391
Venezuela (Bolivarian Republic of),Manure applied to Soils,Indirect emissions (N2O),kilotonnes,0.7949,0.826,0.8318,0.7543,0.7661,0.8126,0.8328,0.8925,1.018,1.0176,0.9808,1.0288,1.1055,1.0345,1.0611,1.1114,1.0636,1.0539,1.0247,0.9938,1.0162
Venezuela (Bolivarian Republic of),Manure applied to Soils,Emissions (N2O),kilotonnes,2.6654,2.7695,2.7891,2.5291,2.5687,2.7247,2.7924,2.9924,3.4134,3.4121,3.2886,3.4495,3.7068,3.4686,3.5578,3.7265,3.5663,3.5337,3.4358,3.3321,3.4072
Venezuela (Bolivarian Republic of),Manure applied to Soils,Emissions (CO2eq) from N2O (AR5),kilotonnes,706.3221,733.9298,739.1104,670.2062,680.711,722.043,739.9941,792.991,904.5446,904.2049,871.4674,914.1115,982.3037,919.1909,942.8211,987.5163,945.0808,936.4247,910.4798,883.0197,902.9064
Venezuela (Bolivarian Republic of),Manure applied to Soils,Emissions (CO2eq) (AR5),kilotonnes,706.3221,733.9298,739.1104,670.2062,680.711,722.043,739.9941,792.991,904.5446,904.2049,871.4674,914.1115,982.3037,919.1909,942.8211,987.5163,945.0808,936.4247,910.4798,883.0197,902.9064
Venezuela (Bolivarian Republic of),Synthetic Fertilizers,Direct emissions (N2O),kilotonnes,2.75,2.8443,2.9857,3.0171,3.2214,3.4571,2.8443,3.4689,4.8581,4.3588,4.6722,4.4032,4.0141,3.7792,3.6874,3.683,3.5656,3.4949,2.2361,2.2361,2.2361
Venezuela (Bolivarian Republic of),Synthetic Fertilizers,Indirect emissions (N2O),kilotonnes,0.8938,0.9244,0.9704,0.9806,1.047,1.1236,0.9244,1.1274,1.5789,1.4166,1.5185,1.431,1.3046,1.2282,1.1984,1.197,1.1588,1.1358,0.7267,0.7267,0.7267
Venezuela (Bolivarian Republic of),Synthetic Fertilizers,Emissions (N2O),kilotonnes,3.6437,3.7687,3.9561,3.9977,4.2684,4.5807,3.7687,4.5963,6.4369,5.7754,6.1906,5.8342,5.3187,5.0075,4.8858,4.88,4.7244,4.6307,2.9629,2.9629,2.9629
Venezuela (Bolivarian Republic of),Synthetic Fertilizers,Emissions (CO2eq) from N2O (AR5),kilotonnes,965.5938,998.6998,1048.3589,1059.3943,1131.1241,1213.8893,998.6998,1218.0275,1705.7903,1530.4937,1640.5162,1546.0756,1409.4468,1326.9748,1294.7457,1293.2082,1251.9613,1227.1317,785.1657,785.1657,785.1657
Venezuela (Bolivarian Republic of),Synthetic Fertilizers,Emissions (CO2eq) (AR5),kilotonnes,965.5938,998.6998,1048.3589,1059.3943,1131.1241,1213.8893,998.6998,1218.0275,1705.7903,1530.4937,1640.5162,1546.0756,1409.4468,1326.9748,1294.7457,1293.2082,1251.9613,1227.1317,785.1657,785.1657,785.1657
Venezuela (Bolivarian Republic of),Drained organic soils,Emissions (CO2eq) (AR5),kilotonnes,1130.4452,1109.4789,1102.9169,1071.0766,1103.6737,1100.0663,1100.0663,1094.3487,1089.6487,1090.3796,1106.8234,1107.2164,1107.2164,1146.9849,1317.1877,1317.1877,1403.7051,1518.1071,1626.6812,1659.1485,1702.0376
Venezuela (Bolivarian Republic of),Drained organic soils (CO2),Emissions (CO2),kilotonnes,1084.1234,1063.7759,1057.4553,1026.9752,1058.2511,1054.7837,1054.7837,1049.3286,1044.8229,1045.5207,1061.2488,1061.6246,1061.6246,1099.8079,1262.8985,1262.8985,1345.9426,1455.7786,1560.0093,1590.8867,1632.041
Venezuela (Bolivarian Republic of),Drained organic soils (CO2),Emissions (CO2eq) (AR5),kilotonnes,1084.1234,1063.7759,1057.4553,1026.9752,1058.2511,1054.7837,1054.7837,1049.3286,1044.8229,1045.5207,1061.2488,1061.6246,1061.6246,1099.8079,1262.8985,1262.8985,1345.9426,1455.7786,1560.0093,1590.8867,1632.041
Venezuela (Bolivarian Republic of),Drained organic soils (N2O),Emissions (N2O),kilotonnes,0.1748,0.1725,0.1716,0.1664,0.1714,0.1709,0.1709,0.1699,0.1692,0.1693,0.172,0.172,0.172,0.178,0.2049,0.2049,0.218,0.2352,0.2516,0.2576,0.2641
Venezuela (Bolivarian Republic of),Drained organic soils (N2O),Emissions (CO2eq) from N2O (AR5),kilotonnes,46.3218,45.703,45.4616,44.1015,45.4225,45.2826,45.2826,45.02,44.8257,44.8589,45.5745,45.5918,45.5918,47.177,54.2892,54.2892,57.7624,62.3286,66.6719,68.2618,69.9966
Venezuela (Bolivarian Republic of),Drained organic soils (N2O),Emissions (CO2eq) (AR5),kilotonnes,46.3218,45.703,45.4616,44.1015,45.4225,45.2826,45.2826,45.02,44.8257,44.8589,45.5745,45.5918,45.5918,47.177,54.2892,54.2892,57.7624,62.3286,66.6719,68.2618,69.9966
Venezuela (Bolivarian Republic of),On-farm energy use,Emissions (CH4),kilotonnes,1.2796,1.3147,1.2895,1.3146,1.3315,1.4399,1.5069,1.2904,1.3793,1.4608,1.5852,1.5414,1.4887,1.371,1.1344,0.8482,0.7872,0.6575,0.5219,0.4005,0.4005
Venezuela (Bolivarian Republic of),On-farm energy use,Emissions (N2O),kilotonnes,0.0939,0.1165,0.0928,0.0941,0.1361,0.5234,0.0851,0.1956,0.1885,0.1986,0.2753,0.1812,0.2216,0.2037,0.2339,0.15,0.1357,0.118,0.1174,0.0941,0.0941
Venezuela (Bolivarian Republic of),On-farm energy use,Emissions (CO2),kilotonnes,5300.0407,5446.5299,5531.4652,5485.1792,5674.4712,6171.1379,3780.4618,2805.3737,3424.9736,2547.3575,4344.7194,4070.2196,4050.2091,3775.6173,3088.1572,1830.5906,1662.5321,1559.4971,1461.7826,1136.8693,1136.8693
Venezuela (Bolivarian Republic of),On-farm energy use,Emissions (CO2eq) from CH4 (AR5),kilotonnes,35.8277,36.8123,36.1055,36.8099,37.2825,40.3166,42.194,36.1322,38.6191,40.9025,44.3861,43.1586,41.6833,38.3876,31.762,23.7507,22.0419,18.4098,14.6121,11.2142,11.2142
Venezuela (Bolivarian Republic of),On-farm energy use,Emissions (CO2eq) from N2O (AR5),kilotonnes,24.8841,30.8785,24.5876,24.9369,36.0566,138.6886,22.5446,51.822,49.9512,52.616,72.9547,48.0213,58.7269,53.9833,61.9843,39.7527,35.9638,31.2642,31.1045,24.9301,24.9301
Venezuela (Bolivarian Republic of),On-farm energy use,Emissions (CO2eq) (AR5),kilotonnes,5360.7525,5514.2206,5592.1583,5546.9261,5747.8103,6350.1431,3845.2004,2893.328,3513.544,2640.876,4462.0602,4161.3996,4150.6193,3867.9882,3181.9036,1894.094,1720.5379,1609.1711,1507.4992,1173.0136,1173.0136
Venezuela (Bolivarian Republic of),Forestland,Emissions (CO2),kilotonnes,1148.2689,1479.3847,1479.3847,1479.3847,1479.3847,1479.3847,1479.3847,1479.3847,1479.3847,1479.3847,1479.3847,2137.5754,2137.5754,2137.5754,2137.5754,2137.5754,957.7691,957.7691,957.7691,957.7691,957.7691
Venezuela (Bolivarian Republic of),Forestland,Emissions (CO2eq) (AR5),kilotonnes,1148.2689,1479.3847,1479.3847,1479.3847,1479.3847,1479.3847,1479.3847,1479.3847,1479.3847,1479.3847,1479.3847,2137.5754,2137.5754,2137.5754,2137.5754,2137.5754,957.7691,957.7691,957.7691,957.7691,957.7691
Venezuela (Bolivarian Republic of),Net Forest conversion,Emissions (CO2),kilotonnes,142261.2391,83992.9033,83992.9033,83992.9033,83992.9033,83992.9033,83992.9033,83992.9033,83992.9033,83992.9033,83992.9033,104504.9606,104504.9606,104504.9606,104504.9606,104504.9606,39891.3821,39891.3821,39891.3821,39891.3821,39891.3821
Venezuela (Bolivarian Republic of),Net Forest conversion,Emissions (CO2eq) (AR5),kilotonnes,142261.2391,83992.9033,83992.9033,83992.9033,83992.9033,83992.9033,83992.9033,83992.9033,83992.9033,83992.9033,83992.9033,104504.9606,104504.9606,104504.9606,104504.9606,104504.9606,39891.3821,39891.3821,39891.3821,39891.3821,39891.3821
Venezuela (Bolivarian Republic of),Savanna fires,Emissions (CH4),kilotonnes,20.7943,30.3999,22.7427,43.7004,32.1843,38.0951,33.7379,38.1966,33.833,33.4141,33.1332,19.7758,22.0931,33.4045,36.1186,29.9731,33.0733,27.7243,35.448,44.483,58.8577
Venezuela (Bolivarian Republic of),Savanna fires,Emissions (N2O),kilotonnes,1.8986,2.7756,2.0765,3.99,2.9386,3.4782,3.0804,3.4875,3.0891,3.0509,3.0252,1.8056,2.0172,3.05,3.2978,2.7367,3.0197,2.5313,3.2366,4.0615,5.374
Venezuela (Bolivarian Republic of),Savanna fires,Emissions (CO2eq) from CH4 (AR5),kilotonnes,582.2407,851.1967,636.797,1223.6126,901.1593,1066.6618,944.6605,1069.5035,947.3234,935.5948,927.7307,553.7225,618.6075,935.3272,1011.3197,839.2473,926.0519,776.2803,992.5436,1245.5249,1648.017
Venezuela (Bolivarian Republic of),Savanna fires,Emissions (CO2eq) from N2O (AR5),kilotonnes,503.1319,735.545,550.2757,1057.3609,778.7191,921.7349,816.3098,924.1905,818.611,808.4759,801.6803,478.4885,534.5576,808.2447,873.9121,725.2191,800.2296,670.8074,857.6872,1076.296,1424.1016
Venezuela (Bolivarian Republic of),Savanna fires,Emissions (CO2eq) (AR5),kilotonnes,1085.3726,1586.7418,1187.0727,2280.9735,1679.8784,1988.3966,1760.9703,1993.6941,1765.9343,1744.0707,1729.411,1032.211,1153.1651,1743.5719,1885.2318,1564.4665,1726.2815,1447.0877,1850.2308,2321.8209,3072.1186
Venezuela (Bolivarian Republic of),Fires in organic soils,Emissions (CH4),kilotonnes,0,0,0,0,0,0,0,0,0,0,0,0,0,0,0,0,0,0,0,0,0
Venezuela (Bolivarian Republic of),Fires in organic soils,Emissions (CO2),kilotonnes,0,0,0,0,0,0,0,0,0,0,0,0,0,0,0,0,0,0,0,0,0
Venezuela (Bolivarian Republic of),Fires in organic soils,Emissions (CO2eq) from CH4 (AR5),kilotonnes,0,0,0,0,0,0,0,0,0,0,0,0,0,0,0,0,0,0,0,0,0
Venezuela (Bolivarian Republic of),Fires in organic soils,Emissions (CO2eq) (AR5),kilotonnes,0,0,0,0,0,0,0,0,0,0,0,0,0,0,0,0,0,0,0,0,0
Venezuela (Bolivarian Republic of),Forest fires,Emissions (CH4),kilotonnes,50.225,10.7043,1.5995,31.0971,2.7354,5.892,3.4187,9.4464,3.1644,1.8166,20.8167,1.2455,1.0776,6.0238,4.6004,6.0959,14.7844,2.0284,4.6028,15.7333,17.0129
Venezuela (Bolivarian Republic of),Forest fires,Emissions (N2O),kilotonnes,1.4772,0.9773,0.146,2.8393,0.2498,0.538,0.3121,0.8625,0.2889,0.1659,1.9007,0.1137,0.0984,0.55,0.42,0.5566,1.3499,0.1852,0.4203,1.4365,1.5534
Venezuela (Bolivarian Republic of),Forest fires,Emissions (CO2eq) from CH4 (AR5),kilotonnes,1406.3012,299.7206,44.7866,870.7179,76.5903,164.9756,95.7249,264.5001,88.6035,50.8659,582.8667,34.8747,30.1718,168.6655,128.8117,170.6861,413.9637,56.7951,128.8776,440.5319,476.3619
Venezuela (Bolivarian Republic of),Forest fires,Emissions (CO2eq) from N2O (AR5),kilotonnes,391.4601,258.9977,38.7015,752.4139,66.184,142.5604,82.7188,228.5626,76.565,43.9548,503.6728,30.1363,26.0724,145.749,111.3101,147.4951,357.7187,49.0784,111.3671,380.677,411.6388
Venezuela (Bolivarian Republic of),Forest fires,Emissions (CO2eq) (AR5),kilotonnes,1797.7613,558.7183,83.4881,1623.1318,142.7742,307.536,178.4437,493.0627,165.1685,94.8208,1086.5395,65.011,56.2442,314.4145,240.1218,318.1812,771.6824,105.8735,240.2447,821.2088,888.0008
Venezuela (Bolivarian Republic of),Fires in humid tropical forests,Emissions (CH4),kilotonnes,39.5266,8.4717,1.0347,23.6108,2.1011,4.7026,2.4178,7.1892,2.1757,1.3459,17.2486,0.6782,0.6489,4.6386,2.556,3.9897,10.9533,1.3618,3.0986,12.6234,11.5015
Venezuela (Bolivarian Republic of),Fires in humid tropical forests,Emissions (N2O),kilotonnes,1.1625,0.7735,0.0945,2.1558,0.1918,0.4294,0.2208,0.6564,0.1987,0.1229,1.5749,0.0619,0.0593,0.4235,0.2334,0.3643,1.0001,0.1243,0.2829,1.1526,1.0501
Venezuela (Bolivarian Republic of),Fires in humid tropical forests,Emissions (CO2eq) from CH4 (AR5),kilotonnes,1106.7453,237.207,28.9703,661.1015,58.8302,131.6735,67.6973,201.2967,60.9203,37.6848,482.9603,18.9888,18.1706,129.8814,71.5693,111.7115,306.6923,38.1316,86.7613,353.4543,322.0433
Venezuela (Bolivarian Republic of),Fires in humid tropical forests,Emissions (CO2eq) from N2O (AR5),kilotonnes,308.0752,204.9778,25.0341,571.2779,50.837,113.7831,58.4993,173.9466,52.6431,32.5646,417.3407,16.4088,15.7018,112.2345,61.8452,96.5333,265.0221,32.9507,74.9731,305.4306,278.2874
Venezuela (Bolivarian Republic of),Fires in humid tropical forests,Emissions (CO2eq) (AR5),kilotonnes,1414.8206,442.1847,54.0044,1232.3794,109.6671,245.4566,126.1967,375.2432,113.5634,70.2494,900.301,35.3976,33.8724,242.1159,133.4144,208.2448,571.7144,71.0822,161.7344,658.8849,600.3308
Venezuela (Bolivarian Republic of),Waste - agri-food systems,Emissions (CH4),kilotonnes,41.5597,42.3234,42.7416,42.2028,42.9095,44.0962,45.2475,46.1614,46.1543,46.764,47.5465,48.5706,49.1986,49.8332,46.9497,39.3743,39.0725,38.4851,37.8105,37.3245,37.22
Venezuela (Bolivarian Republic of),Waste - agri-food systems,Emissions (N2O),kilotonnes,0.5701,0.6171,0.5745,0.5996,0.6115,0.6192,0.6389,0.7055,0.7867,0.7949,0.7973,0.8202,0.8045,0.7912,0.7562,0.5722,0.5049,0.5131,0.5041,0.4976,0.4962
Venezuela (Bolivarian Republic of),Waste - agri-food systems,Emissions (CO2),kilotonnes,0,0,0,0,0,0,0,0,0,0,0,0,0,0,0,0,0,0,0,0,0
Venezuela (Bolivarian Republic of),Waste - agri-food systems,Emissions (CO2eq) from CH4 (AR5),kilotonnes,1163.6713,1185.055,1196.7645,1181.679,1201.4657,1234.6937,1266.9296,1292.5204,1292.3194,1309.3909,1331.3018,1359.9771,1377.5615,1395.3294,1314.5916,1102.4794,1094.0288,1077.5818,1058.694,1045.0866,1042.1588
Venezuela (Bolivarian Republic of),Waste - agri-food systems,Emissions (CO2eq) from N2O (AR5),kilotonnes,151.0681,163.5273,152.2407,158.907,162.0525,164.0829,169.2986,186.9447,208.4658,210.6482,211.2944,217.357,213.1828,209.6559,200.3888,151.6321,133.7918,135.9597,133.5766,131.8598,131.4904
Venezuela (Bolivarian Republic of),Waste - agri-food systems,Emissions (CO2eq) (AR5),kilotonnes,1314.7394,1348.5823,1349.0052,1340.5861,1363.5182,1398.7767,1436.2282,1479.465,1500.7852,1520.0391,1542.5962,1577.3341,1590.7444,1604.9852,1514.9804,1254.1114,1227.8207,1213.5415,1192.2707,1176.9464,1173.6492
Venezuela (Bolivarian Republic of),Fertilizers Manufacturing,Emissions (N2O),kilotonnes,0,0,0,0,0,0,0,0,0,0,0,0,0,0,0,0,0,0,0,0,0
Venezuela (Bolivarian Republic of),Fertilizers Manufacturing,Emissions (CO2),kilotonnes,5931.0994,5766.4397,5624.238,5507.0384,5140.5408,4921.0357,4762.5464,4474.8398,5181.2724,3735.8872,3521.4137,3868.6486,4045.8476,3092.6242,3349.8632,2657.4314,2656.3887,2504.3371,2272.9819,2042.6872,1721.2706
Venezuela (Bolivarian Republic of),Fertilizers Manufacturing,Emissions (CO2eq) from N2O (AR5),kilotonnes,0,0,0,0,0,0,0,0,0,0,0,0,0,0,0,0,0,0,0,0,0
Venezuela (Bolivarian Republic of),Fertilizers Manufacturing,Emissions (CO2eq) (AR5),kilotonnes,5931.0994,5766.4397,5624.238,5507.0384,5140.5408,4921.0357,4762.5464,4474.8398,5181.2724,3735.8872,3521.4137,3868.6486,4045.8476,3092.6242,3349.8632,2657.4314,2656.3887,2504.3371,2272.9819,2042.6872,1721.2706
Venezuela (Bolivarian Republic of),On-farm electricity use,Emissions (CH4),kilotonnes,0.4334,0.4426,0.4518,0.461,0.4701,0.4792,0.4884,0.498,0.5244,0.5484,0.5196,0.5484,0.576,0.653,0.6835,0.6884,0.6571,0.5616,0.54,0.5113,0.5113
Venezuela (Bolivarian Republic of),On-farm electricity use,Emissions (N2O),kilotonnes,0.0023,0.0024,0.0024,0.0025,0.0025,0.0025,0.0026,0.0027,0.0028,0.0029,0.0028,0.0029,0.003,0.0035,0.0036,0.0037,0.0035,0.003,0.0029,0.0027,0.0027
Venezuela (Bolivarian Republic of),On-farm electricity use,Emissions (CO2),kilotonnes,116.5964,119.0598,121.5233,123.9867,126.4501,128.9135,87.1903,86.2003,88.6374,94.6958,111.5768,107.1001,127.3806,123.5632,129.3351,130.241,124.3261,106.2636,102.1765,96.7448,96.7448
Venezuela (Bolivarian Republic of),On-farm electricity use,Emissions (CO2eq) from CH4 (AR5),kilotonnes,12.1352,12.3928,12.6504,12.908,13.1628,13.4176,13.6752,13.944,14.6832,15.3552,14.5488,15.3552,16.128,18.284,19.138,19.2752,18.3988,15.7248,15.12,14.3164,14.3164
Venezuela (Bolivarian Republic of),On-farm electricity use,Emissions (CO2eq) from N2O (AR5),kilotonnes,0.6095,0.636,0.636,0.6625,0.6625,0.6625,0.689,0.7155,0.742,0.7685,0.742,0.7685,0.795,0.9275,0.954,0.9805,0.9275,0.795,0.7685,0.7155,0.7155
Venezuela (Bolivarian Republic of),On-farm electricity use,Emissions (CO2eq) (AR5),kilotonnes,129.3411,132.0886,134.8097,137.5572,140.2754,142.9936,101.5545,100.8598,104.0626,110.8195,126.8676,123.2238,144.3036,142.7747,149.4271,150.4967,143.6524,122.7834,118.065,111.7767,111.7767
Venezuela (Bolivarian Republic of),Food Processing,Emissions (CH4),kilotonnes,5.7688,5.5045,3.6283,3.5421,3.8328,51.0134,46.8319,3.6395,8.8839,8.3897,8.2027,8.4665,5.6052,2.4212,2.0396,2.0331,5.7963,5.3746,4.741,5.1351,5.103
Venezuela (Bolivarian Republic of),Food Processing,Emissions (N2O),kilotonnes,0.0051,0.0065,0.0054,0.0056,0.0063,0.02,0.0152,0.01,0.0217,0.0221,0.0235,0.0205,0.0171,0.0242,0.021,0.018,0.016,0.0161,0.0145,0.0164,0.0162
Venezuela (Bolivarian Republic of),Food Processing,Emissions (CO2),kilotonnes,2103.2916,2546.6826,2408.5931,2430.8685,1976.4448,3657.0807,3578.539,2328.0502,3176.2323,3676.0816,4084.906,3261.4392,2575.7202,3855.7937,3265.1494,2895.2153,2505.3277,2421.4892,2011.0651,1669.0951,1406.4632
Venezuela (Bolivarian Republic of),Food Processing,Emissions (CO2eq) from CH4 (AR5),kilotonnes,161.5264,154.126,101.5924,99.1788,107.3184,1428.3752,1311.2932,101.906,248.7492,234.9116,229.6756,237.062,156.9456,67.7936,57.1088,56.9268,162.2964,150.4888,132.748,143.7828,142.8842
Venezuela (Bolivarian Republic of),Food Processing,Emissions (CO2eq) from N2O (AR5),kilotonnes,1.3515,1.7225,1.431,1.484,1.6695,5.3,4.028,2.65,5.7505,5.8565,6.2275,5.4325,4.5315,6.413,5.565,4.77,4.24,4.2665,3.8425,4.346,4.3038
Venezuela (Bolivarian Republic of),Food Processing,Emissions (CO2eq) (AR5),kilotonnes,2266.1695,2702.5311,2511.6165,2531.5313,2085.4327,5090.7559,4893.8602,2432.6062,3430.732,3916.8497,4320.8091,3503.9337,2737.1973,3930.0003,3327.8232,2956.9121,2671.8641,2576.2445,2147.6556,1817.2239,1553.6511
Venezuela (Bolivarian Republic of),Food Packaging,Emissions (CH4),kilotonnes,4.1184,4.0989,4.096,3.9631,4.4717,4.4008,4.9852,5.2365,5.3167,5.7612,5.2757,5.4091,5.879,5.5602,5.2591,5.4825,5.8663,5.1413,5.2657,6.3193,6.2798
Venezuela (Bolivarian Republic of),Food Packaging,Emissions (N2O),kilotonnes,0.0126,0.0149,0.0146,0.0149,0.016,0.0204,0.017,0.0167,0.0171,0.0191,0.0182,0.0162,0.0157,0.0159,0.0164,0.016,0.0155,0.014,0.0135,0.0183,0.0181
Venezuela (Bolivarian Republic of),Food Packaging,Emissions (CO2),kilotonnes,1404.1262,1573.5382,1698.688,1716.5102,1439.1202,1533.4198,1479.9876,1279.6056,1839.7232,2088.6677,2315.0185,1722.4192,1984.3887,1762.3381,1693.0142,1521.9282,1524.7968,1466.89,1397.9123,1955.0931,1647.4594
Venezuela (Bolivarian Republic of),Food Packaging,Emissions (CO2eq) from CH4 (AR5),kilotonnes,115.3152,114.7692,114.688,110.9668,125.2076,123.2224,139.5856,146.622,148.8676,161.3136,147.7196,151.4548,164.612,155.6856,147.2548,153.51,164.2564,143.9564,147.4396,176.9404,175.8345
Venezuela (Bolivarian Republic of),Food Packaging,Emissions (CO2eq) from N2O (AR5),kilotonnes,3.339,3.9485,3.869,3.9485,4.24,5.406,4.505,4.4255,4.5315,5.0615,4.823,4.293,4.1605,4.2135,4.346,4.24,4.1075,3.71,3.5775,4.8495,4.8024
Venezuela (Bolivarian Republic of),Food Packaging,Emissions (CO2eq) (AR5),kilotonnes,1522.7804,1692.2559,1817.245,1831.4255,1568.5678,1662.0482,1624.0782,1430.6531,1993.1223,2255.0428,2467.5611,1878.167,2153.1612,1922.2372,1844.615,1679.6782,1693.1607,1614.5564,1548.9294,2136.883,1828.0963
Venezuela (Bolivarian Republic of),Food Retail,Emissions (CH4),kilotonnes,4.8685,4.5262,4.336,4.0318,4.4121,4.336,4.298,4.7354,4.6797,4.8921,4.6392,4.8925,5.1801,5.3707,5.425,5.3187,4.9003,4.9703,4.7766,5.2467,5.2139
Venezuela (Bolivarian Republic of),Food Retail,Emissions (N2O),kilotonnes,0.0187,0.0216,0.0211,0.0209,0.0227,0.0298,0.0234,0.0322,0.0256,0.0264,0.0256,0.0264,0.0278,0.0292,0.0295,0.0289,0.0266,0.027,0.0259,0.0277,0.0274
Venezuela (Bolivarian Republic of),Food Retail,Emissions (CO2),kilotonnes,818.6746,955.1204,1080.1957,1074.5104,852.7861,921.0089,886.8975,1888.9968,1115.4454,1166.5286,1314.3139,1258.4776,1459.8862,1348.9133,1365.767,1277.8692,1201.4322,1206.5717,1148.9171,1242.7437,1047.1981
Venezuela (Bolivarian Republic of),Food Retail,Emissions (CO2eq) from F-gases (AR5),kilotonnes,138.187,146.499,151.694,241.5675,328.324,336.636,379.235,421.3145,426.5095,429.6265,431.185,432.224,432.7435,433.263,433.263,433.263,465.9915,474.823,483.135,491.9665,507.4859
Venezuela (Bolivarian Republic of),Food Retail,Emissions (CO2eq) from CH4 (AR5),kilotonnes,136.3189,126.7339,121.409,112.8891,123.539,121.409,120.344,132.5912,131.0316,136.9788,129.8976,136.99,145.0428,150.3796,151.9,148.9236,137.2084,139.1684,133.7448,146.9076,145.9894
Venezuela (Bolivarian Republic of),Food Retail,Emissions (CO2eq) from N2O (AR5),kilotonnes,4.9544,5.7215,5.5937,5.5298,6.0092,7.8951,6.201,8.533,6.784,6.996,6.784,6.996,7.367,7.738,7.8175,7.6585,7.049,7.155,6.8635,7.3405,7.2692
Venezuela (Bolivarian Republic of),Food Retail,Emissions (CO2eq) (AR5),kilotonnes,1098.1349,1234.0749,1358.8923,1434.4968,1310.6582,1386.949,1392.6775,2451.4355,1679.7705,1740.1299,1882.1805,1834.6876,2045.0395,1940.2939,1958.7475,1867.7143,1811.6811,1827.7181,1772.6604,1888.9583,1707.9427
Venezuela (Bolivarian Republic of),Food Household Consumption,Emissions (CH4),kilotonnes,6.8236,7.1733,6.9739,7.1548,7.6032,8.3519,9.1119,9.5866,9.8959,10.2178,10.559,10.8991,14.0014,15.1849,15.6376,16.1127,15.9008,10.8497,10.4277,10.4277,10.3625
Venezuela (Bolivarian Republic of),Food Household Consumption,Emissions (N2O),kilotonnes,0.0392,0.0412,0.0401,0.0411,0.0436,0.0479,0.0509,0.0543,0.0551,0.0562,0.0591,0.0597,0.0757,0.0833,0.0857,0.088,0.0867,0.0597,0.0573,0.0573,0.0567
Venezuela (Bolivarian Republic of),Food Household Consumption,Emissions (CO2),kilotonnes,3669.9332,3831.3929,3783.9088,3820.3824,4032.1067,4426.1681,3228.2517,3499.7863,3444.5624,3490.0351,4034.1991,3820.5413,4840.9724,4727.5747,4846.603,4713.0931,4501.1245,3486.9562,3350.8816,3350.8816,2823.6207
Venezuela (Bolivarian Republic of),Food Household Consumption,Emissions (CO2eq) from CH4 (AR5),kilotonnes,191.0608,200.8524,195.2692,200.3344,212.8896,233.8532,255.1332,268.4248,277.0852,286.0984,295.652,305.1748,392.0392,425.1772,437.8528,451.1556,445.2224,303.7916,291.9756,291.9756,290.1508
Venezuela (Bolivarian Republic of),Food Household Consumption,Emissions (CO2eq) from N2O (AR5),kilotonnes,10.388,10.918,10.6265,10.8915,11.554,12.6935,13.4885,14.3895,14.6015,14.893,15.6615,15.8205,20.0605,22.0745,22.7105,23.32,22.9755,15.8205,15.1845,15.1845,15.0371
Venezuela (Bolivarian Republic of),Food Household Consumption,Emissions (CO2eq) (AR5),kilotonnes,3871.382,4043.1633,3989.8045,4031.6083,4256.5503,4672.7148,3496.8734,3782.6006,3736.2491,3791.0265,4345.5126,4141.5366,5253.0721,5174.8264,5307.1663,5187.5687,4969.3224,3806.5683,3658.0417,3658.0417,3128.8086
Venezuela (Bolivarian Republic of),Food Transport,Emissions (CH4),kilotonnes,1.1223,1.1333,1.0629,1.0629,1.0388,1.1223,1.0395,1.1,1.155,1.21,1.254,1.0879,1.342,1.0901,1.221,1.177,1.0318,0.8822,0.8019,1.1157,1.1087
Venezuela (Bolivarian Republic of),Food Transport,Emissions (N2O),kilotonnes,0.1024,0.1231,0.1231,0.1308,0.1384,0.1563,0.1441,0.1529,0.1595,0.1672,0.1738,0.1518,0.1859,0.1529,0.1716,0.1628,0.143,0.1221,0.1111,0.17,0.1683
Venezuela (Bolivarian Republic of),Food Transport,Emissions (CO2),kilotonnes,3734.704,4020.704,3910.704,3965.704,4155.308,4615.231,4378,4730,4884,5126,5291,4741,5808,4862,5500,4994,4400,3707,3366,5054.3802,4259.074
Venezuela (Bolivarian Republic of),Food Transport,Emissions (CO2eq) from CH4 (AR5),kilotonnes,31.4244,31.7324,29.7612,29.7612,29.0864,31.4244,29.106,30.8,32.34,33.88,35.112,30.4612,37.576,30.5228,34.188,32.956,28.8904,24.7016,22.4532,31.2396,31.0444
Venezuela (Bolivarian Republic of),Food Transport,Emissions (CO2eq) from N2O (AR5),kilotonnes,27.136,32.6215,32.6215,34.662,36.676,41.4195,38.1865,40.5185,42.2675,44.308,46.057,40.227,49.2635,40.5185,45.474,43.142,37.895,32.3565,29.4415,45.05,44.6126
Venezuela (Bolivarian Republic of),Food Transport,Emissions (CO2eq) (AR5),kilotonnes,3793.2644,4085.0579,3973.0867,4030.1272,4221.0704,4688.0749,4445.2925,4801.3185,4958.6075,5204.188,5372.169,4811.6882,5894.8395,4933.0413,5579.662,5070.098,4466.7854,3764.0581,3417.8947,5130.6698,4334.731
Venezuela (Bolivarian Republic of),Energy,Emissions (CH4),kilotonnes,1280,1190,1140,1060,1160,1140,1130,1090,1110,1100,1110,1110,1100,1080,1050,1040,993,914,879,960,954
Venezuela (Bolivarian Republic of),Energy,Emissions (N2O),kilotonnes,1.55,1.79,1.75,1.73,1.88,2.47,1.94,2.1,2.11,2.21,2.32,2.08,2.59,2.3,2.46,2.29,2.06,1.74,1.65,2.06,2.04
Venezuela (Bolivarian Republic of),Energy,Emissions (CO2),kilotonnes,144000,168000,190000,189000,150000,162000,156000,147000,166000,167000,182000,168000,188000,173000,173000,156000,147000,126000,110000,96600,81400
Venezuela (Bolivarian Republic of),Energy,Emissions (CO2eq) from CH4 (AR5),kilotonnes,35840,33320,31920,29680,32480,31920,31640,30520,31080,30800,31080,31080,30800,30240,29400,29120,27804,25592,24612,26880,26712
Venezuela (Bolivarian Republic of),Energy,Emissions (CO2eq) from N2O (AR5),kilotonnes,410.75,474.35,463.75,458.45,498.2,654.55,514.1,556.5,559.15,585.65,614.8,551.2,686.35,609.5,651.9,606.85,545.9,461.1,437.25,545.9,540.6
Venezuela (Bolivarian Republic of),Energy,Emissions (CO2eq) (AR5),kilotonnes,180250.75,201794.35,222383.75,219138.45,182978.2,194574.55,188154.1,178076.5,197639.15,198385.65,213694.8,199631.2,219486.35,203849.5,203051.9,185726.85,175349.9,152053.1,135049.25,124025.9,108652.6
Venezuela (Bolivarian Republic of),IPPU,Emissions (CH4),kilotonnes,3.55,3.5,3.47,3.46,3.51,3.54,3.57,3.61,3.64,3.61,3.63,3.67,3.71,3.71,3.71,3.7,3.64,3.65,3.64,3.71,3.72
Venezuela (Bolivarian Republic of),IPPU,Emissions (N2O),kilotonnes,0.163,0.165,0.166,0.172,0.176,0.178,0.153,0.184,0.166,0.171,0.17,0.171,0.172,0.174,0.175,0.176,0.177,0.179,0.18,0.178,0.179
Venezuela (Bolivarian Republic of),IPPU,Emissions (CO2),kilotonnes,9170,10100,9360,9930,9540,9730,12500,11400,11400,11200,10500,10900,11100,11300,10600,10500,8820,8660,8660,8630,8560
Venezuela (Bolivarian Republic of),IPPU,Emissions (CO2eq) from F-gases (AR5),kilotonnes,1477.067,1593.6775,1321.5862,1311.8687,1894.9214,1739.4407,2060.1197,2264.1882,2516.8444,2672.3251,2886.1111,2361.3636,2409.9514,2507.1268,2604.3023,2701.4777,2798.6532,2895.8287,2993.0041,3080.462,3177.6375
Venezuela (Bolivarian Republic of),IPPU,Emissions (CO2eq) from CH4 (AR5),kilotonnes,99.4,98,97.16,96.88,98.28,99.12,99.96,101.08,101.92,101.08,101.64,102.76,103.88,103.88,103.88,103.6,101.92,102.2,101.92,103.88,104.16
Venezuela (Bolivarian Republic of),IPPU,Emissions (CO2eq) from N2O (AR5),kilotonnes,43.195,43.725,43.99,45.58,46.64,47.17,40.545,48.76,43.99,45.315,45.05,45.315,45.58,46.11,46.375,46.64,46.905,47.435,47.7,47.17,47.435
Venezuela (Bolivarian Republic of),IPPU,Emissions (CO2eq) (AR5),kilotonnes,10789.662,11835.4025,10822.7362,11384.3287,11579.8414,11615.7307,14700.6247,13814.0282,14062.7544,14018.7201,13532.8011,13409.4386,13659.4114,13957.1168,13354.5573,13351.7177,11767.4782,11705.4637,11802.6241,11861.512,11889.2325
Venezuela (Bolivarian Republic of),Waste,Emissions (CH4),kilotonnes,376,386,384,386,401,413,426,439,445,448,452,462,470,476,479,478,470,464,456,487,492
Venezuela (Bolivarian Republic of),Waste,Emissions (N2O),kilotonnes,0.986,1.01,1.03,1.05,1.05,1.08,1.11,1.16,1.27,1.37,1.43,1.45,1.46,1.45,1.43,1.35,1.25,1.16,1.13,1.37,1.38
Venezuela (Bolivarian Republic of),Waste,Emissions (CO2),kilotonnes,12.7,12.9,13.1,13.4,13.7,13.9,14.1,14.4,14.6,14.9,15.1,15.3,15.5,15.8,16,16.2,16.4,16.6,16.9,17.1,17.3
Venezuela (Bolivarian Republic of),Waste,Emissions (CO2eq) from CH4 (AR5),kilotonnes,10528,10808,10752,10808,11228,11564,11928,12292,12460,12544,12656,12936,13160,13328,13412,13384,13160,12992,12768,13636,13776
Venezuela (Bolivarian Republic of),Waste,Emissions (CO2eq) from N2O (AR5),kilotonnes,261.29,267.65,272.95,278.25,278.25,286.2,294.15,307.4,336.55,363.05,378.95,384.25,386.9,384.25,378.95,357.75,331.25,307.4,299.45,363.05,365.7
Venezuela (Bolivarian Republic of),Waste,Emissions (CO2eq) (AR5),kilotonnes,10801.99,11088.55,11038.05,11099.65,11519.95,11864.1,12236.25,12613.8,12811.15,12921.95,13050.05,13335.55,13562.4,13728.05,13806.95,13757.95,13507.65,13316,13084.35,14016.15,14159
Venezuela (Bolivarian Republic of),Other,Emissions (N2O),kilotonnes,2.37,2.6,2.57,2.51,2.63,2.84,2.84,2.74,3.27,3.4,3.51,3.21,3.77,3.41,3.58,3.28,2.93,2.48,2.27,3.05,3.05
Venezuela (Bolivarian Republic of),Other,Emissions (CO2eq) from N2O (AR5),kilotonnes,628.05,689,681.05,665.15,696.95,752.6,752.6,726.1,866.55,901,930.15,850.65,999.05,903.65,948.7,869.2,776.45,657.2,601.55,808.25,808.25
Venezuela (Bolivarian Republic of),Other,Emissions (CO2eq) (AR5),kilotonnes,628.05,689,681.05,665.15,696.95,752.6,752.6,726.1,866.55,901,930.15,850.65,999.05,903.65,948.7,869.2,776.45,657.2,601.55,808.25,808.25
Venezuela (Bolivarian Republic of),Farm-gate emissions,Emissions (CH4),kilotonnes,981.4225,1013.2507,1018.6374,1049.2016,1067.8353,1102.8694,1103.6624,1122.1243,1135.5586,1138.6502,959.8309,962.6783,1125.0161,1132.502,1130.9394,1112.0857,1084.5622,1065.3707,1063.2059,1070.6913,1093.0066
Venezuela (Bolivarian Republic of),Farm-gate emissions,Direct emissions (N2O),kilotonnes,24.846,25.5592,26.0547,26.1263,26.7578,27.5333,27.0532,27.8841,29.6308,29.1401,25.8579,25.8832,28.8071,28.6098,28.3293,28.1383,27.5566,26.9059,25.4803,25.5681,25.8294
Venezuela (Bolivarian Republic of),Farm-gate emissions,Indirect emissions (N2O),kilotonnes,6.1742,6.3537,6.4792,6.462,6.628,6.8439,6.6857,6.9652,7.5576,7.3969,6.7171,6.7165,7.3327,7.23,7.1734,7.1552,6.9961,6.8459,6.3889,6.3922,6.4576
Venezuela (Bolivarian Republic of),Farm-gate emissions,Emissions (N2O),kilotonnes,34.3616,36.1897,36.0973,38.0236,37.8594,39.8519,38.3746,40.008,42.0196,41.3489,37.4505,36.2243,40.0788,40.7859,40.7577,39.9023,39.3649,37.9985,36.7747,37.6652,39.3093
Venezuela (Bolivarian Republic of),Farm-gate emissions,Emissions (CO2),kilotonnes,6384.1641,6510.3058,6588.9205,6512.1544,6732.7224,7225.9216,4835.2455,3854.7023,4469.7966,3592.8782,5405.9682,5131.8442,5111.8336,4875.4252,4351.0557,3093.489,3008.4748,3015.2756,3021.7919,2727.756,2768.9103
Venezuela (Bolivarian Republic of),Farm-gate emissions,Emissions (CO2eq) from CH4 (AR5),kilotonnes,27479.8302,28371.0196,28521.8464,29377.6443,29899.3892,30880.3422,30902.5472,31419.4794,31795.6394,31882.2063,26875.2641,26954.9936,31500.4502,31710.0567,31666.303,31138.3986,30367.7416,29830.3795,29769.764,29979.3559,30604.1846
Venezuela (Bolivarian Republic of),Farm-gate emissions,Emissions (CO2eq) from N2O (AR5),kilotonnes,9105.8241,9590.2649,9565.7744,10076.2637,10032.7298,10560.7577,10169.2713,10602.129,11135.1877,10957.4538,9924.3875,9599.4357,10620.8917,10808.2579,10800.7823,10574.1107,10431.6984,10069.5957,9745.3029,9981.2899,10416.9646
Venezuela (Bolivarian Republic of),Farm-gate emissions,Emissions (CO2eq) (AR5),kilotonnes,42969.8184,44471.5903,44676.5413,45966.0624,46664.8414,48667.0215,45907.064,45876.3107,47400.6237,46432.5384,42205.6199,41686.2735,47233.1755,47393.7398,46818.141,44805.9984,43807.9148,42915.2509,42536.8588,42688.4017,43790.0595
Venezuela (Bolivarian Republic of),Land Use change,Emissions (CH4),kilotonnes,39.5266,8.4717,1.0347,23.6108,2.1011,4.7026,2.4178,7.1892,2.1757,1.3459,17.2486,0.6782,0.6489,4.6386,2.556,3.9897,10.9533,1.3618,3.0986,12.6234,11.5015
Venezuela (Bolivarian Republic of),Land Use change,Emissions (N2O),kilotonnes,1.1625,0.7735,0.0945,2.1558,0.1918,0.4294,0.2208,0.6564,0.1987,0.1229,1.5749,0.0619,0.0593,0.4235,0.2334,0.3643,1.0001,0.1243,0.2829,1.1526,1.0501
Venezuela (Bolivarian Republic of),Land Use change,Emissions (CO2),kilotonnes,142261.2391,83992.9033,83992.9033,83992.9033,83992.9033,83992.9033,83992.9033,83992.9033,83992.9033,83992.9033,83992.9033,104504.9606,104504.9606,104504.9606,104504.9606,104504.9606,39891.3821,39891.3821,39891.3821,39891.3821,39891.3821
Venezuela (Bolivarian Republic of),Land Use change,Emissions (CO2eq) from CH4 (AR5),kilotonnes,1106.7453,237.207,28.9703,661.1015,58.8302,131.6735,67.6973,201.2967,60.9203,37.6848,482.9603,18.9888,18.1706,129.8814,71.5693,111.7115,306.6923,38.1316,86.7613,353.4543,322.0433
Venezuela (Bolivarian Republic of),Land Use change,Emissions (CO2eq) from N2O (AR5),kilotonnes,308.0752,204.9778,25.0341,571.2779,50.837,113.7831,58.4993,173.9466,52.6431,32.5646,417.3407,16.4088,15.7018,112.2345,61.8452,96.5333,265.0221,32.9507,74.9731,305.4306,278.2874
Venezuela (Bolivarian Republic of),Land Use change,Emissions (CO2eq) (AR5),kilotonnes,143676.0597,84435.088,84046.9077,85225.2827,84102.5704,84238.3599,84119.0999,84368.1465,84106.4666,84063.1527,84893.2042,104540.3582,104538.8329,104747.0764,104638.375,104713.2054,40463.0965,39962.4643,40053.1165,40550.267,40491.7128
Venezuela (Bolivarian Republic of),Emissions on agricultural land,Emissions (CH4),kilotonnes,1020.9491,1021.7224,1019.672,1072.8124,1069.9364,1107.572,1106.0802,1129.3134,1137.7343,1139.9961,977.0794,963.3565,1125.665,1137.1406,1133.4954,1116.0754,1095.5155,1066.7325,1066.3045,1083.3146,1104.5081
Venezuela (Bolivarian Republic of),Emissions on agricultural land,Emissions (N2O),kilotonnes,35.5241,36.9632,36.1917,40.1794,38.0512,40.2813,38.5954,40.6644,42.2182,41.4718,39.0254,36.2862,40.1381,41.2094,40.991,40.2666,40.365,38.1228,37.0576,38.8178,40.3594
Venezuela (Bolivarian Republic of),Emissions on agricultural land,Emissions (CO2),kilotonnes,148645.4033,90503.2091,90581.8238,90505.0576,90725.6256,91218.8249,88828.1488,87847.6056,88462.6998,87585.7815,89398.8715,109636.8047,109616.7942,109380.3858,108856.0162,107598.4496,42899.8568,42906.6577,42913.174,42619.1381,42660.2924
Venezuela (Bolivarian Republic of),Emissions on agricultural land,Emissions (CO2eq) from CH4 (AR5),kilotonnes,28586.5755,28608.2266,28550.8167,30038.7458,29958.2194,31012.0157,30970.2445,31620.776,31856.5597,31919.8911,27358.2244,26973.9824,31518.6208,31839.9381,31737.8722,31250.1102,30674.4339,29868.5111,29856.5253,30332.8102,30926.228
Venezuela (Bolivarian Republic of),Emissions on agricultural land,Emissions (CO2eq) from N2O (AR5),kilotonnes,9413.8993,9795.2427,9590.8085,10647.5416,10083.5668,10674.5408,10227.7707,10776.0756,11187.8308,10990.0184,10341.7282,9615.8445,10636.5934,10920.4924,10862.6275,10670.644,10696.7205,10102.5464,9820.2759,10286.7205,10695.252
Venezuela (Bolivarian Republic of),Emissions on agricultural land,Emissions (CO2eq) (AR5),kilotonnes,186645.8781,128906.6783,128723.449,131191.3451,130767.4118,132905.3814,130026.164,130244.4572,131507.0903,130495.6911,127098.8241,146226.6317,151772.0084,152140.8162,151456.516,149519.2038,84271.0112,82877.7152,82589.9753,83238.6687,84281.7724
Venezuela (Bolivarian Republic of),Pre- and post- production,Emissions (CH4),kilotonnes,64.6947,65.2022,63.2905,62.4185,64.7382,113.7998,112.0024,70.9574,76.6099,77.7832,77.9967,79.8741,81.7823,80.1133,77.2155,70.1867,73.2251,66.2648,64.3634,66.0803,65.7992
Venezuela (Bolivarian Republic of),Pre- and post- production,Emissions (N2O),kilotonnes,0.7504,0.8268,0.7812,0.8154,0.841,0.8961,0.8921,0.9743,1.0685,1.0888,1.1003,1.0977,1.1297,1.1002,1.084,0.8896,0.7962,0.755,0.7293,0.79,0.7858
Venezuela (Bolivarian Republic of),Pre- and post- production,Emissions (CO2),kilotonnes,17778.4254,18812.9376,18627.8509,18639.0006,17722.7567,20202.8577,18401.4125,18287.479,19729.8731,19377.896,20672.428,18779.626,20842.1957,19772.8072,20149.7319,18189.7782,16913.396,14899.5078,13649.9345,15411.6257,13001.8308
Venezuela (Bolivarian Republic of),Pre- and post- production,Emissions (CO2eq) from F-gases (AR5),kilotonnes,138.187,146.499,151.694,241.5675,328.324,336.636,379.235,421.3145,426.5095,429.6265,431.185,432.224,432.7435,433.263,433.263,433.263,465.9915,474.823,483.135,491.9665,507.4859
Venezuela (Bolivarian Republic of),Pre- and post- production,Emissions (CO2eq) from CH4 (AR5),kilotonnes,1811.4522,1825.6618,1772.1347,1747.7173,1812.6695,3186.3955,3136.0668,1986.8084,2145.0762,2177.9285,2183.9074,2236.4751,2289.9051,2243.1722,2162.034,1965.2266,2050.3016,1855.4134,1802.1752,1850.249,1842.3784
Venezuela (Bolivarian Republic of),Pre- and post- production,Emissions (CO2eq) from N2O (AR5),kilotonnes,198.8465,219.0953,207.0184,216.0853,222.8637,237.4595,236.3966,258.1767,283.1428,288.5317,291.5894,290.8945,299.3608,291.5409,287.2558,235.7431,210.9863,200.0632,193.2546,209.3458,208.231
Venezuela (Bolivarian Republic of),Pre- and post- production,Emissions (CO2eq) (AR5),kilotonnes,19926.9111,21004.1937,20758.6979,20844.3707,20086.6139,23963.3488,22153.1109,20953.7785,22584.6016,22273.9827,23579.1098,21739.2196,23864.2052,22740.7832,23032.2847,20824.0108,19640.6755,17429.8074,16128.4994,17963.187,15559.9262
Venezuela (Bolivarian Republic of),Agri-food systems,Emissions (CH4),kilotonnes,1085.6438,1086.9246,1082.9626,1135.2308,1134.6746,1221.3718,1218.0825,1200.2709,1214.3441,1217.7793,1055.0761,1043.2306,1207.4474,1217.2539,1210.7109,1186.262,1168.7406,1132.9973,1130.6679,1149.395,1170.3074
Venezuela (Bolivarian Republic of),Agri-food systems,Emissions (N2O),kilotonnes,36.2745,37.79,36.9729,40.9948,38.8922,41.1774,39.4874,41.6387,43.2867,42.5606,40.1257,37.3839,41.2678,42.3096,42.075,41.1562,41.1612,38.8778,37.7869,39.6078,41.1452
Venezuela (Bolivarian Republic of),Agri-food systems,Emissions (CO2),kilotonnes,166423.8287,109316.1467,109209.6747,109144.0583,108448.3823,111421.6826,107229.5613,106135.0846,108192.5729,106963.6775,110071.2995,128416.4307,130458.9899,129153.193,129005.7481,125788.2278,59813.2528,57806.1655,56563.1085,58030.7638,55662.1232
Venezuela (Bolivarian Republic of),Agri-food systems,Emissions (CO2eq) from F-gases (AR5),kilotonnes,138.187,146.499,151.694,241.5675,328.324,336.636,379.235,421.3145,426.5095,429.6265,431.185,432.224,432.7435,433.263,433.263,433.263,465.9915,474.823,483.135,491.9665,507.4859
Venezuela (Bolivarian Republic of),Agri-food systems,Emissions (CO2eq) from CH4 (AR5),kilotonnes,30398.0276,30433.8883,30322.9514,31786.4631,31770.8889,34198.4112,34106.3113,33607.5844,34001.6359,34097.8196,29542.1318,29210.4576,33808.5259,34083.1102,33899.9062,33215.3368,32724.7355,31723.9244,31658.7006,32183.0592,32768.6064
Venezuela (Bolivarian Republic of),Agri-food systems,Emissions (CO2eq) from N2O (AR5),kilotonnes,9612.7458,10014.338,9797.8269,10863.6269,10306.4305,10912.0003,10464.1672,11034.2523,11470.9736,11278.5502,10633.3176,9906.739,10935.9543,11212.0333,11149.8833,10906.3871,10907.7068,10302.6096,10013.5306,10496.0663,10903.483
Venezuela (Bolivarian Republic of),Agri-food systems,Emissions (CO2eq) (AR5),kilotonnes,206572.7891,149910.872,149482.147,152035.7158,150854.0256,156868.7302,152179.2748,151198.2358,154091.6919,152769.6738,150677.9339,167965.8513,175636.2136,174881.5995,174488.8006,170343.2146,103911.6867,100307.5226,98718.4747,101201.8557,99841.6985
Venezuela (Bolivarian Republic of),IPCC Agriculture,Emissions (CH4),kilotonnes,980.1429,1011.936,1017.3479,1047.8869,1066.5038,1101.4295,1102.1555,1120.8338,1134.1793,1137.1894,958.2456,961.137,1123.5274,1131.131,1129.805,1111.2374,1083.775,1064.7132,1062.684,1070.2908,1092.6061
Venezuela (Bolivarian Republic of),IPCC Agriculture,Emissions (CH4),kilotonnes,,,,,,,,,,,,,,,,,,,,,
Venezuela (Bolivarian Republic of),IPCC Agriculture,Direct emissions (N2O),kilotonnes,24.846,25.5592,26.0547,26.1263,26.7578,27.5333,27.0532,27.8841,29.6308,29.1401,25.8579,25.8832,28.8071,28.6098,28.3293,28.1383,27.5566,26.9059,25.4803,25.5681,25.8294
Venezuela (Bolivarian Republic of),IPCC Agriculture,Indirect emissions (N2O),kilotonnes,6.1742,6.3537,6.4792,6.462,6.628,6.8439,6.6857,6.9652,7.5576,7.3969,6.7171,6.7165,7.3327,7.23,7.1734,7.1552,6.9961,6.8459,6.3889,6.3922,6.4576
Venezuela (Bolivarian Republic of),IPCC Agriculture,Emissions (N2O),kilotonnes,34.2677,36.0732,36.0045,37.9295,37.7233,39.3286,38.2895,39.8125,41.8311,41.1503,37.1752,36.0431,39.8572,40.5822,40.5238,39.7523,39.2292,37.8805,36.6574,37.5712,39.2152
Venezuela (Bolivarian Republic of),IPCC Agriculture,Emissions (N2O),kilotonnes,,,,,,,,,,,,,,,,,,,,,
Venezuela (Bolivarian Republic of),IPCC Agriculture,Emissions (CO2eq) from CH4 (AR5),kilotonnes,27444.0024,28334.2073,28485.7409,29340.8344,29862.1067,30840.0256,30860.3532,31383.3471,31757.0203,31841.3038,26830.878,26911.835,31458.7669,31671.6691,31634.5409,31114.648,30345.6997,29811.9696,29755.152,29968.1417,30592.9704
Venezuela (Bolivarian Republic of),IPCC Agriculture,Emissions (CO2eq) from CH4 (AR5),kilotonnes,,,,,,,,,,,,,,,,,,,,,
Venezuela (Bolivarian Republic of),IPCC Agriculture,Emissions (CO2eq) from N2O (AR5),kilotonnes,9080.94,9559.3864,9541.1868,10051.3267,9996.6732,10422.0692,10146.7267,10550.307,11085.2365,10904.8379,9851.4328,9551.4144,10562.1647,10754.2747,10738.798,10534.358,10395.7345,10038.3316,9714.1983,9956.3598,10392.0345
Venezuela (Bolivarian Republic of),IPCC Agriculture,Emissions (CO2eq) from N2O (AR5),kilotonnes,,,,,,,,,,,,,,,,,,,,,
Venezuela (Bolivarian Republic of),IPCC Agriculture,Emissions (CO2eq) (AR5),kilotonnes,36524.9424,37893.5938,38026.9277,39392.1611,39858.7799,41262.0947,41007.0799,41933.6541,42842.2568,42746.1416,36682.3108,36463.2494,42020.9316,42425.9437,42373.3389,41649.0059,40741.4343,39850.3012,39469.3503,39924.5014,40985.0049
Venezuela (Bolivarian Republic of),IPCC Agriculture,Emissions (CO2eq) (AR5),kilotonnes,,,,,,,,,,,,,,,,,,,,,
Venezuela (Bolivarian Republic of),Agricultural Soils,Direct emissions (N2O),kilotonnes,24.846,25.5592,26.0547,26.1263,26.7578,27.5333,27.0532,27.8841,29.6308,29.1401,25.8579,25.8832,28.8071,28.6098,28.3293,28.1383,27.5566,26.9059,25.4803,25.5681,25.8294
Venezuela (Bolivarian Republic of),Agricultural Soils,Indirect emissions (N2O),kilotonnes,6.1742,6.3537,6.4792,6.462,6.628,6.8439,6.6857,6.9652,7.5576,7.3969,6.7171,6.7165,7.3327,7.23,7.1734,7.1552,6.9961,6.8459,6.3889,6.3922,6.4576
Venezuela (Bolivarian Republic of),Agricultural Soils,Emissions (N2O),kilotonnes,31.1951,32.0854,32.7055,32.7548,33.5572,34.548,33.9098,35.0192,37.3575,36.7062,32.7469,32.7718,36.3119,36.0179,35.7075,35.4984,34.7707,33.9871,32.1208,32.2178,32.5511
Venezuela (Bolivarian Republic of),Agricultural Soils,Emissions (N2O),kilotonnes,,,,,,,,,,,,,,,,,,,,,
Venezuela (Bolivarian Republic of),Agricultural Soils,Emissions (CO2eq) from N2O (AR5),kilotonnes,8266.6938,8502.6243,8666.958,8680.0099,8892.6528,9155.2297,8986.0956,9280.1007,9899.7349,9727.1539,8677.9395,8684.5264,9622.6534,9544.731,9462.4956,9407.0663,9214.2252,9006.5699,8512.0176,8537.717,8626.0342
Venezuela (Bolivarian Republic of),Agricultural Soils,Emissions (CO2eq) from N2O (AR5),kilotonnes,,,,,,,,,,,,,,,,,,,,,
Venezuela (Bolivarian Republic of),Agricultural Soils,Emissions (CO2eq) (AR5),kilotonnes,8266.6938,8502.6243,8666.958,8680.0099,8892.6528,9155.2297,8986.0956,9280.1007,9899.7349,9727.1539,8677.9395,8684.5264,9622.6534,9544.731,9462.4956,9407.0663,9214.2252,9006.5699,8512.0176,8537.717,8626.0342
Venezuela (Bolivarian Republic of),Agricultural Soils,Emissions (CO2eq) (AR5),kilotonnes,,,,,,,,,,,,,,,,,,,,,
Venezuela (Bolivarian Republic of),LULUCF,Emissions (CH4),kilotonnes,50.225,10.7043,1.5995,31.0971,2.7354,5.892,3.4187,9.4464,3.1644,1.8166,20.8167,1.2455,1.0776,6.0238,4.6004,6.0959,14.7844,2.0284,4.6028,15.7333,17.0129
Venezuela (Bolivarian Republic of),LULUCF,Emissions (CH4),kilotonnes,,,,,,,,,,,,,,,,,,,,,
Venezuela (Bolivarian Republic of),LULUCF,Emissions (N2O),kilotonnes,1.4772,0.9773,0.146,2.8393,0.2498,0.538,0.3121,0.8625,0.2889,0.1659,1.9007,0.1137,0.0984,0.55,0.42,0.5566,1.3499,0.1852,0.4203,1.4365,1.5534
Venezuela (Bolivarian Republic of),LULUCF,Emissions (N2O),kilotonnes,,,,,,,,,,,,,,,,,,,,,
Venezuela (Bolivarian Republic of),LULUCF,Emissions (CO2),kilotonnes,144493.6314,86536.0639,86529.7433,86499.2632,86530.5391,86527.0717,86527.0717,86521.6166,86517.1109,86517.8087,86533.5368,107704.1606,107704.1606,107742.3439,107905.4345,107905.4345,42195.0938,42304.9298,42409.1605,42440.0379,42481.1922
Venezuela (Bolivarian Republic of),LULUCF,Emissions (CO2),kilotonnes,,,,,,,,,,,,,,,,,,,,,
Venezuela (Bolivarian Republic of),LULUCF,Emissions (CO2eq) from CH4 (AR5),kilotonnes,1406.3012,299.7206,44.7866,870.7179,76.5903,164.9756,95.7249,264.5001,88.6035,50.8659,582.8667,34.8747,30.1718,168.6655,128.8117,170.6861,413.9637,56.7951,128.8776,440.5319,476.3619
Venezuela (Bolivarian Republic of),LULUCF,Emissions (CO2eq) from N2O (AR5),kilotonnes,391.4601,258.9977,38.7015,752.4139,66.184,142.5604,82.7188,228.5626,76.565,43.9548,503.6728,30.1363,26.0724,145.749,111.3101,147.4951,357.7187,49.0784,111.3671,380.677,411.6388
Venezuela (Bolivarian Republic of),LULUCF,Emissions (CO2eq) (AR5),kilotonnes,146291.3927,87094.7822,86613.2314,88122.395,86673.3134,86834.6077,86705.5154,87014.6793,86682.2794,86612.6295,87620.0763,107769.1716,107760.4048,108056.7584,108145.5563,108223.6157,42966.7762,42410.8033,42649.4052,43261.2467,43369.193
Venezuela (Bolivarian Republic of),LULUCF,Emissions (CO2eq) (AR5),kilotonnes,,,,,,,,,,,,,,,,,,,,,
Venezuela (Bolivarian Republic of),AFOLU,Emissions (CH4),kilotonnes,1030.368,1022.6403,1018.9474,1078.984,1069.2392,1107.3215,1105.5742,1130.2803,1137.3437,1139.0061,979.0623,962.3825,1124.605,1137.1548,1134.4055,1117.3334,1098.5594,1066.7416,1067.2868,1086.0241,1109.619
Venezuela (Bolivarian Republic of),AFOLU,Emissions (N2O),kilotonnes,35.7449,37.0505,36.1505,40.7688,37.973,39.8665,38.6017,40.675,42.12,41.3162,39.0759,36.1568,39.9556,41.1322,40.9438,40.3089,40.5791,38.0657,37.0776,39.0077,40.7686
Venezuela (Bolivarian Republic of),AFOLU,Emissions (CO2),kilotonnes,144493.6314,86536.0639,86529.7433,86499.2632,86530.5391,86527.0717,86527.0717,86521.6166,86517.1109,86517.8087,86533.5368,107704.1606,107704.1606,107742.3439,107905.4345,107905.4345,42195.0938,42304.9298,42409.1605,42440.0379,42481.1922
Venezuela (Bolivarian Republic of),AFOLU,Emissions (CO2eq) from CH4 (AR5),kilotonnes,28850.3036,28633.9279,28530.5275,30211.5523,29938.697,31005.0011,30956.0781,31647.8473,31845.6238,31892.1697,27413.7447,26946.7097,31488.9387,31840.3346,31763.3526,31285.3341,30759.6635,29868.7647,29884.0296,30408.6735,31069.3324
Venezuela (Bolivarian Republic of),AFOLU,Emissions (CO2eq) from N2O (AR5),kilotonnes,9472.4001,9818.3841,9579.8883,10803.7406,10062.8572,10564.6296,10229.4455,10778.8696,11161.8015,10948.7927,10355.1056,9581.5507,10588.2371,10900.0237,10850.1081,10681.853,10753.4532,10087.41,9825.5654,10337.0368,10803.6733
Venezuela (Bolivarian Republic of),AFOLU,Emissions (CO2eq) (AR5),kilotonnes,182816.3352,124988.376,124640.1591,127514.5561,126532.0933,128096.7025,127712.5953,128948.3334,129524.5362,129358.7711,124302.3871,144232.421,149781.3363,150482.7021,150518.8952,149872.6216,83708.2105,82261.1045,82118.7555,83185.7482,84354.1979
Venezuela (Bolivarian Republic of),All sectors with LULUCF,Emissions (CH4),kilotonnes,2689.918,2602.1403,2546.4174,2528.444,2633.7492,2663.8615,2665.1442,2662.8903,2695.9837,2690.6161,2544.6923,2538.0525,2698.315,2696.8648,2667.1155,2639.0334,2565.1994,2448.3916,2405.9268,2536.7341,2559.339
Venezuela (Bolivarian Republic of),All sectors with LULUCF,Emissions (N2O),kilotonnes,40.8139,42.6155,41.6665,46.2308,43.709,46.4345,44.6447,46.859,48.936,48.4672,46.5059,43.0678,47.9476,48.4662,48.5888,47.4049,46.9961,43.6247,42.3076,45.6657,47.4176
Venezuela (Bolivarian Republic of),All sectors with LULUCF,Emissions (CO2),kilotonnes,297676.3314,264648.9639,285902.8433,285442.6632,246084.2391,258270.9717,255041.1717,244936.0166,263931.7109,264732.7087,279048.6368,286619.4606,306819.6606,292058.1439,291521.4345,274421.6345,198031.4938,176981.5298,161086.0605,147687.1379,132458.4922
Venezuela (Bolivarian Republic of),All sectors with LULUCF,Emissions (CO2eq) from F-gases (AR5),kilotonnes,1477.067,1593.6775,1321.5862,1311.8687,1894.9214,1739.4407,2060.1197,2264.1882,2516.8444,2672.3251,2886.1111,2361.3636,2409.9514,2507.1268,2604.3023,2701.4777,2798.6532,2895.8287,2993.0041,3080.462,3177.6375
Venezuela (Bolivarian Republic of),All sectors with LULUCF,Emissions (CO2eq) from CH4 (AR5),kilotonnes,75317.7036,72859.9279,71299.6875,70796.4323,73744.977,74588.1211,74624.0381,74560.9273,75487.5438,75337.2497,71251.3847,71065.4697,75552.8187,75512.2146,74679.2326,73892.9341,71825.5835,68554.9647,67365.9496,71028.5535,71661.4924
Venezuela (Bolivarian Republic of),All sectors with LULUCF,Emissions (CO2eq) from N2O (AR5),kilotonnes,10815.6851,11293.1091,11041.6283,12251.1706,11582.8972,12305.1496,11830.8405,12417.6296,12968.0415,12843.8077,12324.0556,11412.9657,12706.1171,12843.5337,12876.0331,12562.293,12453.9582,11560.545,11211.5154,12101.4068,12565.6583
Venezuela (Bolivarian Republic of),All sectors with LULUCF,Emissions (CO2eq) (AR5),kilotonnes,385286.7871,350395.6785,369565.7454,369802.1348,333307.0347,346903.6832,343556.17,334178.7616,354904.1406,355586.0912,365510.1882,371459.2596,397488.5477,382921.0189,381681.0025,363578.3393,285109.6887,259992.8681,242656.5297,233897.5602,219863.2804
Venezuela (Bolivarian Republic of),All sectors without LULUCF,Emissions (CH4),kilotonnes,2639.6929,2591.436,2544.8179,2497.3469,2631.0138,2657.9695,2661.7255,2653.4438,2692.8193,2688.7994,2523.8756,2536.807,2697.2374,2690.841,2662.515,2632.9374,2550.415,2446.3632,2401.324,2521.0008,2542.3261
Venezuela (Bolivarian Republic of),All sectors without LULUCF,Emissions (N2O),kilotonnes,39.3367,41.6382,41.5205,43.3915,43.4593,45.8966,44.3325,45.9965,48.6471,48.3013,44.6052,42.9541,47.8492,47.9162,48.1688,46.8483,45.6462,43.4395,41.8874,44.2292,45.8642
Venezuela (Bolivarian Republic of),All sectors without LULUCF,Emissions (CO2),kilotonnes,153182.7,178112.9,199373.1,198943.4,159553.7,171743.9,168514.1,158414.4,177414.6,178214.9,192515.1,178915.3,199115.5,184315.8,183616,166516.2,155836.4,134676.6,118676.9,105247.1,89977.3
Venezuela (Bolivarian Republic of),All sectors without LULUCF,Emissions (CO2eq) from F-gases (AR5),kilotonnes,1477.067,1593.6775,1321.5862,1311.8687,1894.9214,1739.4407,2060.1197,2264.1882,2516.8444,2672.3251,2886.1111,2361.3636,2409.9514,2507.1268,2604.3023,2701.4777,2798.6532,2895.8287,2993.0041,3080.462,3177.6375
Venezuela (Bolivarian Republic of),All sectors without LULUCF,Emissions (CO2eq) from CH4 (AR5),kilotonnes,73911.4024,72560.2073,71254.9009,69925.7144,73668.3867,74423.1456,74528.3132,74296.4271,75398.9403,75286.3838,70668.518,71030.595,75522.6469,75343.5491,74550.4209,73722.248,71411.6197,68498.1696,67237.072,70588.0217,71185.1304
Venezuela (Bolivarian Republic of),All sectors without LULUCF,Emissions (CO2eq) from N2O (AR5),kilotonnes,10424.225,11034.1114,11002.9268,11498.7567,11516.7132,12162.5892,11748.1217,12189.067,12891.4765,12799.8529,11820.3828,11382.8294,12680.0447,12697.7847,12764.723,12414.798,12096.2395,11511.4666,11100.1483,11720.7298,12154.0195
Venezuela (Bolivarian Republic of),All sectors without LULUCF,Emissions (CO2eq) (AR5),kilotonnes,238995.3944,263300.8963,282952.5139,281679.7398,246633.7213,260069.0754,256850.6546,247164.0823,268221.8612,268973.4617,277890.1119,263690.088,289728.1429,274864.2605,273535.4462,255354.7237,242142.9124,217582.0649,200007.1244,190636.3135,176494.0874
Viet Nam,Crop Residues,Direct emissions (N2O),kilotonnes,6.6374,6.56,6.9026,6.9862,7.2235,7.2044,7.2044,7.2428,7.6943,7.6683,7.8612,8.2183,8.4077,8.5074,8.5931,8.6174,8.3406,8.2586,8.3389,8.2117,8.0242
Viet Nam,Crop Residues,Direct emissions (N2O),kilotonnes,,,,,,,,,,,,,,,,,2.81,,,,
Viet Nam,Crop Residues,Indirect emissions (N2O),kilotonnes,1.4934,1.476,1.5531,1.5719,1.6253,1.621,1.621,1.6296,1.7312,1.7254,1.7688,1.8491,1.8917,1.9142,1.9334,1.9389,1.8766,1.8582,1.8762,1.8476,1.8054
Viet Nam,Crop Residues,Emissions (N2O),kilotonnes,8.1308,8.036,8.4557,8.5581,8.8488,8.8254,8.8254,8.8725,9.4255,9.3937,9.6299,10.0674,10.2994,10.4216,10.5265,10.5563,10.2172,10.1168,10.2151,10.0594,9.8296
Viet Nam,Crop Residues,Emissions (N2O),kilotonnes,,,,,,,,,,,,,,,,,2.81,,,,
Viet Nam,Crop Residues,Emissions (CO2eq) from N2O (AR5),kilotonnes,2154.6747,2129.5415,2240.7546,2267.9001,2344.9235,2338.7225,2338.7352,2351.1998,2497.762,2489.3278,2551.934,2667.8613,2729.3539,2761.7277,2789.5211,2797.4264,2707.5588,2680.9577,2707.0045,2665.73,2604.8452
Viet Nam,Crop Residues,Emissions (CO2eq) from N2O (AR5),kilotonnes,,,,,,,,,,,,,,,,,744.65,,,,
Viet Nam,Crop Residues,Emissions (CO2eq) (AR5),kilotonnes,2154.6747,2129.5415,2240.7546,2267.9001,2344.9235,2338.7225,2338.7352,2351.1998,2497.762,2489.3278,2551.934,2667.8613,2729.3539,2761.7277,2789.5211,2797.4264,2707.5588,2680.9577,2707.0045,2665.73,2604.8452
Viet Nam,Crop Residues,Emissions (CO2eq) (AR5),kilotonnes,,,,,,,,,,,,,,,,,744.65,,,,
Viet Nam,Rice Cultivation,Emissions (CH4),kilotonnes,1353.0974,1322.4571,1324.5044,1315.3088,1314.091,1293.5994,1292.8228,1272.1018,1306.1309,1312.6613,1321.8746,1351.1806,1369.8673,1394.8418,1379.6033,1381.7444,1365.1738,1360.5516,1336.2312,1315.193,1274.7877
Viet Nam,Rice Cultivation,Emissions (CH4),kilotonnes,,,,,,,,,,,,,,,,,1774.75,,,,
Viet Nam,Rice Cultivation,Emissions (CO2eq) from CH4 (AR5),kilotonnes,37886.7258,37028.7975,37086.1245,36828.6472,36794.5475,36220.7833,36199.0385,35618.8497,36571.6641,36754.5175,37012.489,37833.0559,38356.2834,39055.5691,38628.8931,38688.8443,38224.8662,38095.4455,37414.4748,36825.4053,35694.0568
Viet Nam,Rice Cultivation,Emissions (CO2eq) from CH4 (AR5),kilotonnes,,,,,,,,,,,,,,,,,49693,,,,
Viet Nam,Rice Cultivation,Emissions (CO2eq) (AR5),kilotonnes,37886.7258,37028.7975,37086.1245,36828.6472,36794.5475,36220.7833,36199.0385,35618.8497,36571.6641,36754.5175,37012.489,37833.0559,38356.2834,39055.5691,38628.8931,38688.8443,38224.8662,38095.4455,37414.4748,36825.4053,35694.0568
Viet Nam,Rice Cultivation,Emissions (CO2eq) (AR5),kilotonnes,,,,,,,,,,,,,,,,,49693,,,,
Viet Nam,Burning - Crop residues,Emissions (CH4),kilotonnes,13.8865,13.6065,13.9098,14.0805,14.2343,14.1932,14.1723,14.1774,15.3529,14.4512,14.6353,14.8911,15.1769,15.4401,15.325,15.2692,15.0458,14.9086,14.5034,14.1428,13.5878
Viet Nam,Burning - Crop residues,Emissions (CH4),kilotonnes,59.13,,,,,,,,,,71.7281,,,78.91,,,,,,,
Viet Nam,Burning - Crop residues,Emissions (N2O),kilotonnes,0.36,0.3528,0.3606,0.365,0.369,0.368,0.3674,0.3676,0.398,0.3747,0.3794,0.3861,0.3935,0.4003,0.3973,0.3959,0.3901,0.3865,0.376,0.3667,0.3523
Viet Nam,Burning - Crop residues,Emissions (N2O),kilotonnes,1.39,,,,,,,,,,1.2679,,,1.39,,,,,,,
Viet Nam,Burning - Crop residues,Emissions (CO2eq) from CH4 (AR5),kilotonnes,388.8229,380.9817,389.4734,394.2532,398.5617,397.4107,396.8248,396.9665,429.8816,404.6339,409.788,416.95,424.953,432.3217,429.101,427.537,421.2838,417.4416,406.0958,395.9989,380.4597
Viet Nam,Burning - Crop residues,Emissions (CO2eq) from CH4 (AR5),kilotonnes,1655.64,,,,,,,,,,2008.3868,,,2209.48,,,,,,,
Viet Nam,Burning - Crop residues,Emissions (CO2eq) from N2O (AR5),kilotonnes,95.4056,93.4816,95.5652,96.7381,97.7952,97.5128,97.369,97.4038,105.4802,99.2852,100.5498,102.3072,104.2709,106.0789,105.2887,104.9049,103.3706,102.4278,99.6439,97.1664,93.3535
Viet Nam,Burning - Crop residues,Emissions (CO2eq) from N2O (AR5),kilotonnes,368.35,,,,,,,,,,335.9935,,,368.35,,,,,,,
Viet Nam,Burning - Crop residues,Emissions (CO2eq) (AR5),kilotonnes,484.2285,474.4633,485.0387,490.9913,496.3569,494.9235,494.1938,494.3704,535.3618,503.919,510.3378,519.2572,529.2239,538.4006,534.3897,532.4419,524.6543,519.8694,505.7397,493.1653,473.8132
Viet Nam,Burning - Crop residues,Emissions (CO2eq) (AR5),kilotonnes,2023.99,,,,,,,,,,2344.3803,,,2577.83,,,,,,,
Viet Nam,Enteric Fermentation,Emissions (CH4),kilotonnes,379.9767,365.9966,375.2024,394.9306,423.7985,459.3123,505.0933,521.2385,495.8101,484.3873,469.1944,442.181,426.0429,421.7356,425.4366,435.7576,443.003,450.9061,454.8336,456.3429,464.3123
Viet Nam,Enteric Fermentation,Emissions (CH4),kilotonnes,368.12,,,,,,,,,,450.8338,,,413.12,,,,,,,
Viet Nam,Enteric Fermentation,Emissions (CO2eq) from CH4 (AR5),kilotonnes,10639.3471,10247.9048,10505.6663,11058.056,11866.3591,12860.7455,14142.6128,14594.678,13882.684,13562.8438,13137.4433,12381.068,11929.201,11808.5965,11912.2257,12201.212,12404.0843,12625.3716,12735.3407,12777.6011,13000.7431
Viet Nam,Enteric Fermentation,Emissions (CO2eq) from CH4 (AR5),kilotonnes,10307.36,,,,,,,,,,12623.3464,,,11567.36,,,,,,,
Viet Nam,Enteric Fermentation,Emissions (CO2eq) (AR5),kilotonnes,10639.3471,10247.9048,10505.6663,11058.056,11866.3591,12860.7455,14142.6128,14594.678,13882.684,13562.8438,13137.4433,12381.068,11929.201,11808.5965,11912.2257,12201.212,12404.0843,12625.3716,12735.3407,12777.6011,13000.7431
Viet Nam,Enteric Fermentation,Emissions (CO2eq) (AR5),kilotonnes,10307.36,,,,,,,,,,12623.3464,,,11567.36,,,,,,,
Viet Nam,Manure Management,Emissions (CH4),kilotonnes,126.2191,134.9977,142.3531,153.101,160.2612,168.3211,166.2366,166.0733,165.7756,171.1867,169.7999,168.1189,164.5326,164.4551,168.3612,175.3878,183.2948,175.3206,179.667,135.1884,149.4259
Viet Nam,Manure Management,Emissions (CH4),kilotonnes,164.16,,,,,,,,,,110.4529,,,83.5,,,,,,,
Viet Nam,Manure Management,Emissions (N2O),kilotonnes,6.9786,6.9577,7.2285,7.6644,8.0596,8.6366,9.2022,9.3877,9.1414,9.1055,8.8827,8.6111,8.2969,8.1499,8.2289,8.4271,8.6682,8.6386,8.8089,8.2703,8.6281
Viet Nam,Manure Management,Emissions (N2O),kilotonnes,,,,,,,,,,,20.1306,,,19.52,,,,,,,
Viet Nam,Manure Management,Emissions (CO2eq) from CH4 (AR5),kilotonnes,3534.1355,3779.9363,3985.8878,4286.827,4487.3143,4712.9905,4654.6242,4650.0525,4641.7165,4793.2265,4754.3963,4707.328,4606.9117,4604.7419,4714.1124,4910.8594,5132.2531,4908.9773,5030.6768,3785.2756,4183.9256
Viet Nam,Manure Management,Emissions (CO2eq) from CH4 (AR5),kilotonnes,4596.48,,,,,,,,,,3092.6812,,,2338,,,,,,,
Viet Nam,Manure Management,Emissions (CO2eq) from N2O (AR5),kilotonnes,1849.3314,1843.789,1915.5541,2031.0602,2135.7817,2288.6879,2438.581,2487.7488,2422.4664,2412.9545,2353.9098,2281.9304,2198.6857,2159.7195,2180.6683,2233.1832,2297.0784,2289.2219,2334.3486,2191.6323,2286.4497
Viet Nam,Manure Management,Emissions (CO2eq) from N2O (AR5),kilotonnes,,,,,,,,,,,5334.609,,,5172.8,,,,,,,
Viet Nam,Manure Management,Emissions (CO2eq) (AR5),kilotonnes,5383.4669,5623.7253,5901.4419,6317.8873,6623.096,7001.6785,7093.2051,7137.8013,7064.1829,7206.181,7108.3061,6989.2584,6805.5974,6764.4614,6894.7808,7144.0427,7429.3315,7198.1992,7365.0254,5976.9079,6470.3753
Viet Nam,Manure Management,Emissions (CO2eq) (AR5),kilotonnes,4596.48,,,,,,,,,,8427.2902,,,7510.8,,,,,,,
Viet Nam,Manure left on Pasture,Direct emissions (N2O),kilotonnes,6.457,6.3709,6.5708,6.9873,7.1281,7.6479,8.2433,8.5951,8.3914,8.3333,8.1235,8.1233,7.7761,7.5765,7.6858,7.9413,8.1371,8.4939,8.6925,9.2174,9.4859
Viet Nam,Manure left on Pasture,Direct emissions (N2O),kilotonnes,,,,,,,,,,,,,,,,,1.01,,,,
Viet Nam,Manure left on Pasture,Indirect emissions (N2O),kilotonnes,1.414,1.3954,1.4399,1.5362,1.5777,1.7017,1.8354,1.9242,1.8691,1.8492,1.7994,1.7977,1.727,1.6864,1.7179,1.7907,1.8322,1.9376,1.9817,2.0893,2.1485
Viet Nam,Manure left on Pasture,Emissions (N2O),kilotonnes,7.871,7.7663,8.0107,8.5235,8.7058,9.3496,10.0787,10.5192,10.2605,10.1825,9.9229,9.921,9.5031,9.2629,9.4037,9.7319,9.9693,10.4316,10.6741,11.3067,11.6344
Viet Nam,Manure left on Pasture,Emissions (N2O),kilotonnes,,,,,,,,,,,,,,,,,1.01,,,,
Viet Nam,Manure left on Pasture,Emissions (CO2eq) from N2O (AR5),kilotonnes,2085.8212,2058.0626,2122.8433,2258.7334,2307.0335,2477.6374,2670.8538,2787.5929,2719.0351,2698.3599,2629.5562,2629.0624,2518.3127,2454.6792,2491.9754,2578.9648,2641.8632,2764.3629,2828.6476,2996.2696,3083.1127
Viet Nam,Manure left on Pasture,Emissions (CO2eq) from N2O (AR5),kilotonnes,,,,,,,,,,,,,,,,,267.65,,,,
Viet Nam,Manure left on Pasture,Emissions (CO2eq) (AR5),kilotonnes,2085.8212,2058.0626,2122.8433,2258.7334,2307.0335,2477.6374,2670.8538,2787.5929,2719.0351,2698.3599,2629.5562,2629.0624,2518.3127,2454.6792,2491.9754,2578.9648,2641.8632,2764.3629,2828.6476,2996.2696,3083.1127
Viet Nam,Manure left on Pasture,Emissions (CO2eq) (AR5),kilotonnes,,,,,,,,,,,,,,,,,267.65,,,,
Viet Nam,Manure applied to Soils,Direct emissions (N2O),kilotonnes,3.3561,3.4594,3.6053,3.8655,3.8808,4.0914,4.2127,4.3255,4.3277,4.4136,4.3493,4.4536,4.2772,4.1868,4.267,4.4169,4.5837,4.6183,4.757,4.6059,4.8753
Viet Nam,Manure applied to Soils,Indirect emissions (N2O),kilotonnes,1.4264,1.4702,1.5323,1.6428,1.6493,1.7389,1.7904,1.8384,1.8393,1.8758,1.8485,1.8928,1.8178,1.7794,1.8135,1.8772,1.9481,1.9628,2.0217,1.9575,2.072
Viet Nam,Manure applied to Soils,Emissions (N2O),kilotonnes,4.7825,4.9296,5.1376,5.5083,5.5301,5.8303,6.0031,6.1639,6.1669,6.2893,6.1978,6.3464,6.0951,5.9661,6.0805,6.294,6.5318,6.5811,6.7788,6.5634,6.9473
Viet Nam,Manure applied to Soils,Emissions (CO2eq) from N2O (AR5),kilotonnes,1267.3587,1306.3406,1361.4633,1459.692,1465.4784,1545.0216,1590.8185,1633.4333,1634.236,1666.6678,1642.4187,1681.7959,1615.1902,1581.0223,1611.3336,1667.9139,1730.9174,1743.9959,1796.3749,1739.2903,1841.0363
Viet Nam,Manure applied to Soils,Emissions (CO2eq) (AR5),kilotonnes,1267.3587,1306.3406,1361.4633,1459.692,1465.4784,1545.0216,1590.8185,1633.4333,1634.236,1666.6678,1642.4187,1681.7959,1615.1902,1581.0223,1611.3336,1667.9139,1730.9174,1743.9959,1796.3749,1739.2903,1841.0363
Viet Nam,Synthetic Fertilizers,Direct emissions (N2O),kilotonnes,20.8686,16.7074,17.846,19.5045,20.5582,17.3116,15.5511,18.0347,11.4189,24.3998,18.7968,15.5488,18.6368,25.5873,21.4325,26.648,24.3402,24.5654,24.7159,23.4783,28.5104
Viet Nam,Synthetic Fertilizers,Direct emissions (N2O),kilotonnes,,,,,,,,,,,,,,,,,11.54,,,,
Viet Nam,Synthetic Fertilizers,Indirect emissions (N2O),kilotonnes,6.7823,5.4299,5.8,6.3389,6.6814,5.6263,5.0541,5.8613,3.7111,7.9299,6.109,5.0534,6.057,8.3159,6.9656,8.6606,7.9106,7.9838,8.0327,7.6304,9.2659
Viet Nam,Synthetic Fertilizers,Emissions (N2O),kilotonnes,27.6509,22.1373,23.646,25.8434,27.2396,22.9378,20.6053,23.896,15.13,32.3297,24.9057,20.6021,24.6938,33.9032,28.3981,35.3086,32.2507,32.5492,32.7485,31.1087,37.7763
Viet Nam,Synthetic Fertilizers,Emissions (N2O),kilotonnes,,,,,,,,,,,,,,,,,11.54,,,,
Viet Nam,Synthetic Fertilizers,Emissions (CO2eq) from N2O (AR5),kilotonnes,7327.4771,5866.3959,6266.1863,6848.5008,7218.4873,6078.5207,5460.3969,6332.4351,4009.4505,8567.3633,6600.0193,5459.5631,6543.8574,8984.3566,7525.4875,9356.7767,8546.4471,8625.5429,8678.3554,8243.8022,10010.7267
Viet Nam,Synthetic Fertilizers,Emissions (CO2eq) from N2O (AR5),kilotonnes,,,,,,,,,,,,,,,,,3058.1,,,,
Viet Nam,Synthetic Fertilizers,Emissions (CO2eq) (AR5),kilotonnes,7327.4771,5866.3959,6266.1863,6848.5008,7218.4873,6078.5207,5460.3969,6332.4351,4009.4505,8567.3633,6600.0193,5459.5631,6543.8574,8984.3566,7525.4875,9356.7767,8546.4471,8625.5429,8678.3554,8243.8022,10010.7267
Viet Nam,Synthetic Fertilizers,Emissions (CO2eq) (AR5),kilotonnes,,,,,,,,,,,,,,,,,3058.1,,,,
Viet Nam,Drained organic soils,Emissions (CO2eq) (AR5),kilotonnes,4099.9653,4139.5653,4156.8721,4156.8721,4144.615,4144.615,4144.615,4144.615,4141.1943,4141.1943,4144.6192,4141.1945,4141.1945,4141.1945,4137.6476,4137.6476,4043.2761,3975.2498,3968.2709,3991.5274,3988.8762
Viet Nam,Drained organic soils,Emissions (CO2eq) (AR5),kilotonnes,,,,,,,,,,,,,,,,,148.665,,,,
Viet Nam,Drained organic soils (CO2),Emissions (CO2),kilotonnes,3939.6156,3977.6699,3994.302,3994.302,3982.5227,3982.5227,3982.5227,3982.5227,3979.2353,3979.2353,3982.5267,3979.2356,3979.2356,3979.2356,3975.829,3975.829,3885.1531,3819.7955,3813.0908,3835.4407,3832.8949
Viet Nam,Drained organic soils (CO2),Emissions (CO2eq) (AR5),kilotonnes,3939.6156,3977.6699,3994.302,3994.302,3982.5227,3982.5227,3982.5227,3982.5227,3979.2353,3979.2353,3982.5267,3979.2356,3979.2356,3979.2356,3975.829,3975.829,3885.1531,3819.7955,3813.0908,3835.4407,3832.8949
Viet Nam,Drained organic soils (N2O),Emissions (N2O),kilotonnes,0.6051,0.6109,0.6135,0.6135,0.6117,0.6117,0.6117,0.6117,0.6112,0.6112,0.6117,0.6112,0.6112,0.6112,0.6106,0.6106,0.5967,0.5866,0.5856,0.589,0.5886
Viet Nam,Drained organic soils (N2O),Emissions (N2O),kilotonnes,,,,,,,,,,,,,,,,,0.561,,,,
Viet Nam,Drained organic soils (N2O),Emissions (CO2eq) from N2O (AR5),kilotonnes,160.3497,161.8955,162.5701,162.5701,162.0923,162.0923,162.0923,162.0923,161.959,161.959,162.0925,161.959,161.959,161.959,161.8186,161.8186,158.123,155.4543,155.1802,156.0867,155.9813
Viet Nam,Drained organic soils (N2O),Emissions (CO2eq) from N2O (AR5),kilotonnes,,,,,,,,,,,,,,,,,148.665,,,,
Viet Nam,Drained organic soils (N2O),Emissions (CO2eq) (AR5),kilotonnes,160.3497,161.8955,162.5701,162.5701,162.0923,162.0923,162.0923,162.0923,161.959,161.959,162.0925,161.959,161.959,161.959,161.8186,161.8186,158.123,155.4543,155.1802,156.0867,155.9813
Viet Nam,Drained organic soils (N2O),Emissions (CO2eq) (AR5),kilotonnes,,,,,,,,,,,,,,,,,148.665,,,,
Viet Nam,On-farm energy use,Emissions (CH4),kilotonnes,0.6488,0.6264,0.6824,0.7481,0.7878,0.7886,0.7828,0.7797,0.799,0.8033,0.7791,0.8249,0.7735,0.7722,0.8077,0.9368,0.8375,0.6576,0.8323,0.8372,0.8372
Viet Nam,On-farm energy use,Emissions (N2O),kilotonnes,0.3039,0.3152,0.3595,0.3834,0.4314,0.4646,0.4548,0.461,0.4636,0.4703,0.4675,0.4573,0.4324,0.4054,0.3937,0.372,0.4256,0.3832,0.324,0.31,0.31
Viet Nam,On-farm energy use,Emissions (CO2),kilotonnes,1159.5062,1157.006,1313.3977,1406.4196,1613.6035,1706.5994,1680.0027,1698.7751,1713.7645,1733.6457,1704.9463,1711.81,1606.7777,1531.729,1527.6245,1562.2406,1617.3335,1452.2111,1437.4121,1419.3696,1419.3696
Viet Nam,On-farm energy use,Emissions (CO2eq) from CH4 (AR5),kilotonnes,18.1674,17.5383,19.1067,20.9464,22.0585,22.0808,21.9188,21.8315,22.3721,22.4926,21.8147,23.0967,21.6568,21.6224,22.6165,26.2315,23.4499,18.4122,23.3036,23.441,23.441
Viet Nam,On-farm energy use,Emissions (CO2eq) from N2O (AR5),kilotonnes,80.5291,83.5378,95.2737,101.5986,114.3257,123.1262,120.5314,122.1751,122.8662,124.6265,123.8919,121.1822,114.5809,107.4259,104.3369,98.5737,112.7724,101.5576,85.848,82.1503,82.1503
Viet Nam,On-farm energy use,Emissions (CO2eq) (AR5),kilotonnes,1258.2027,1258.0821,1427.7781,1528.9647,1749.9877,1851.8065,1822.453,1842.7817,1859.0028,1880.7648,1850.6529,1856.0888,1743.0155,1660.7773,1654.5779,1687.0458,1753.5559,1572.1809,1546.5637,1524.9609,1524.9609
Viet Nam,Forestland,Emissions (CO2),kilotonnes,-77761.8027,12887.9223,12887.9223,12887.9223,12887.9223,12887.9223,12887.9223,12887.9223,12887.9223,12887.9223,12887.9223,-31218.381,-31218.381,-31218.381,-31218.381,-31218.381,-17342.2622,-17342.2622,-17342.2622,-17342.2622,-17342.2622
Viet Nam,Forestland,Emissions (CO2),kilotonnes,,,,,,,,,,,,,,,,,-54667.78,,,,
Viet Nam,Forestland,Emissions (CO2eq) (AR5),kilotonnes,-77761.8027,12887.9223,12887.9223,12887.9223,12887.9223,12887.9223,12887.9223,12887.9223,12887.9223,12887.9223,12887.9223,-31218.381,-31218.381,-31218.381,-31218.381,-31218.381,-17342.2622,-17342.2622,-17342.2622,-17342.2622,-17342.2622
Viet Nam,Forestland,Emissions (CO2eq) (AR5),kilotonnes,,,,,,,,,,,,,,,,,-54667.78,,,,
Viet Nam,Net Forest conversion,Emissions (CO2),kilotonnes,0,0,0,0,0,0,0,0,0,0,0,3431.6876,3431.6876,3431.6876,3431.6876,3431.6876,0,0,0,0,0
Viet Nam,Net Forest conversion,Emissions (CO2),kilotonnes,,,,,,,,,,,,,,,,,9237.73,,,,
Viet Nam,Net Forest conversion,Emissions (CO2eq) (AR5),kilotonnes,0,0,0,0,0,0,0,0,0,0,0,3431.6876,3431.6876,3431.6876,3431.6876,3431.6876,0,0,0,0,0
Viet Nam,Net Forest conversion,Emissions (CO2eq) (AR5),kilotonnes,,,,,,,,,,,,,,,,,9237.73,,,,
Viet Nam,Savanna fires,Emissions (CH4),kilotonnes,2.4519,2.4799,3.3694,5.5984,6.5607,6.1656,4.0528,7.7495,3.4298,4.397,5.9364,4.1665,5.2733,2.5559,4.5251,4.8448,3.0787,2.5079,2.3014,2.5554,2.7224
Viet Nam,Savanna fires,Emissions (N2O),kilotonnes,0.2239,0.2264,0.3076,0.5112,0.599,0.5629,0.37,0.7076,0.3132,0.4015,0.542,0.3804,0.4815,0.2334,0.4132,0.4424,0.2811,0.229,0.2101,0.2333,0.2486
Viet Nam,Savanna fires,Emissions (CO2eq) from CH4 (AR5),kilotonnes,68.6524,69.4377,94.343,156.7545,183.6998,172.636,113.477,216.9869,96.0332,123.117,166.2181,116.6625,147.6525,71.5646,126.7024,135.6544,86.2029,70.2221,64.4404,71.5503,76.2278
Viet Nam,Savanna fires,Emissions (CO2eq) from N2O (AR5),kilotonnes,59.3248,60.0033,81.5247,135.4564,158.7406,149.1801,98.059,187.505,82.9852,106.3892,143.6341,100.8116,127.591,61.8411,109.4874,117.2231,74.4906,60.6811,55.6849,61.8288,65.8707
Viet Nam,Savanna fires,Emissions (CO2eq) (AR5),kilotonnes,127.9772,129.441,175.8676,292.2109,342.4404,321.8161,211.536,404.4919,179.0185,229.5062,309.8522,217.4742,275.2436,133.4057,236.1898,252.8775,160.6935,130.9032,120.1253,133.3791,142.0985
Viet Nam,Fires in organic soils,Emissions (CH4),kilotonnes,2.6568,0,28.525,0,4.3105,5.4514,0,0.5071,0,0.1268,2.9159,0.3803,0,21.679,6.7193,0,2.282,0,0,0.1268,4.5639
Viet Nam,Fires in organic soils,Emissions (CO2),kilotonnes,217.5283,0,2310.5235,0,349.1483,441.5627,0,41.0756,0,10.269,236.1858,30.8068,0,1755.9997,544.2673,0,184.8448,0,0,10.2692,369.6761
Viet Nam,Fires in organic soils,Emissions (CO2eq) from CH4 (AR5),kilotonnes,74.3914,0,798.6995,0,120.6933,152.639,0,14.199,0,3.5498,81.6445,10.6493,0,607.0122,188.1418,0,63.897,0,0,3.5498,127.7893
Viet Nam,Fires in organic soils,Emissions (CO2eq) (AR5),kilotonnes,291.9196,0,3109.223,0,469.8416,594.2017,0,55.2746,0,13.8188,317.8302,41.4561,0,2363.0119,732.4091,0,248.7418,0,0,13.819,497.4654
Viet Nam,Forest fires,Emissions (CH4),kilotonnes,28.2284,6.5321,13.1397,22.977,25.2037,23.177,13.1984,31.2497,10.2856,13.4495,20.6046,12.1666,15.504,7.9257,15.2075,13.647,15.3854,7.7977,8.3533,10.7602,11.2002
Viet Nam,Forest fires,Emissions (N2O),kilotonnes,0.8305,0.5964,1.1997,2.0979,2.3012,2.1162,1.2051,2.8532,0.9391,1.228,1.8813,1.1109,1.4156,0.7237,1.3885,1.246,1.4047,0.712,0.7627,0.9825,1.0226
Viet Nam,Forest fires,Emissions (CO2eq) from CH4 (AR5),kilotonnes,790.3946,182.8995,367.9118,643.355,705.7049,648.9571,369.5539,874.9908,287.9973,376.587,576.9292,340.6657,434.1125,221.9196,425.8089,382.1168,430.79,218.3359,233.8914,301.2856,313.6048
Viet Nam,Forest fires,Emissions (CO2eq) from N2O (AR5),kilotonnes,220.0886,158.0491,317.9238,555.9426,609.8211,560.7836,319.3428,756.1062,248.8672,325.4203,498.5421,294.3796,375.1298,191.7675,367.9544,330.1987,372.2587,188.6707,202.1127,260.35,270.9955
Viet Nam,Forest fires,Emissions (CO2eq) (AR5),kilotonnes,1010.4832,340.9486,685.8356,1199.2976,1315.5261,1209.7407,688.8967,1631.097,536.8645,702.0073,1075.4713,635.0453,809.2422,413.6872,793.7634,712.3155,803.0487,407.0067,436.0041,561.6356,584.6003
Viet Nam,Fires in humid tropical forests,Emissions (CH4),kilotonnes,5.5842,1.2533,4.143,6.2649,8.2099,9.446,3.5661,5.5445,4.7499,2.8877,6.9175,5.4362,4.7823,3.236,5.4822,4.6761,5.0061,1.6101,2.6637,3.138,3.9543
Viet Nam,Fires in humid tropical forests,Emissions (N2O),kilotonnes,0.1642,0.1144,0.3783,0.572,0.7496,0.8625,0.3256,0.5062,0.4337,0.2637,0.6316,0.4964,0.4366,0.2955,0.5005,0.4269,0.4571,0.147,0.2432,0.2865,0.361
Viet Nam,Fires in humid tropical forests,Emissions (CO2eq) from CH4 (AR5),kilotonnes,156.3563,35.0928,116.0048,175.417,229.8774,264.4873,99.8507,155.246,132.9962,80.8552,193.6896,152.2146,133.9044,90.6067,153.502,130.9298,140.1713,45.0817,74.585,87.8651,110.7197
Viet Nam,Fires in humid tropical forests,Emissions (CO2eq) from N2O (AR5),kilotonnes,43.5236,30.3248,100.2433,151.5832,198.6441,228.5516,86.2841,134.1528,114.926,69.8694,167.3731,131.5333,115.7109,78.296,132.6457,113.1404,121.1263,38.9565,64.4511,75.9269,95.6763
Viet Nam,Fires in humid tropical forests,Emissions (CO2eq) (AR5),kilotonnes,199.8799,65.4176,216.2481,327.0001,428.5215,493.0389,186.1348,289.3987,247.9222,150.7247,361.0628,283.7479,249.6153,168.9027,286.1477,244.0702,261.2976,84.0382,139.0361,163.7921,206.396
Viet Nam,Waste - agri-food systems,Emissions (CH4),kilotonnes,227.0487,229.0677,231.6646,234.4007,237.6864,240.2633,243.2165,245.8428,247.5501,250.7175,252.4955,254.6472,257.5574,260.0875,255.7594,255.3723,257.3219,259.2425,261.1898,262.2902,263.2687
Viet Nam,Waste - agri-food systems,Emissions (N2O),kilotonnes,1.5217,1.5918,1.6597,1.766,1.8767,1.9533,1.9522,2.0951,2.1601,2.2758,2.3649,2.4689,2.5515,2.6403,2.7483,2.8963,2.9269,2.9688,3.0062,3.0226,3.0378
Viet Nam,Waste - agri-food systems,Emissions (CO2),kilotonnes,342.9383,343.6108,344.6079,346.3175,348.2831,351.6607,353.6643,355.8486,359.3579,360.3109,364.9691,367.2281,369.0033,370.2607,371.5145,371.8633,372.8839,374.1635,375.4801,376.4438,376.9855
Viet Nam,Waste - agri-food systems,Emissions (CO2eq) from CH4 (AR5),kilotonnes,6357.3631,6413.8968,6486.6079,6563.2182,6655.2195,6727.3719,6810.0626,6883.5985,6931.4035,7020.0901,7069.873,7130.122,7211.6081,7282.4497,7161.2619,7150.4235,7205.0135,7258.7913,7313.3136,7344.1264,7371.5242
Viet Nam,Waste - agri-food systems,Emissions (CO2eq) from N2O (AR5),kilotonnes,403.2382,421.8389,439.8212,467.9847,497.333,517.6138,517.3209,555.2125,572.4199,603.0746,626.7041,654.2643,676.1363,699.677,728.3079,767.5218,775.6167,786.7355,796.6488,800.9905,805.0214
Viet Nam,Waste - agri-food systems,Emissions (CO2eq) (AR5),kilotonnes,7103.5397,7179.3466,7271.037,7377.5204,7500.8356,7596.6463,7681.0478,7794.6596,7863.1814,7983.4756,8061.5462,8151.6145,8256.7478,8352.3874,8261.0843,8289.8085,8353.514,8419.6903,8485.4425,8521.5608,8553.5311
Viet Nam,On-farm electricity use,Emissions (CH4),kilotonnes,0.8004,0.9108,0.9672,2.5415,1.1136,1.1819,1.1723,1.1963,1.4075,1.5119,1.1363,1.2947,1.5191,1.8023,2.2703,2.7923,4.3365,5.2292,6.5275,7.379,7.379
Viet Nam,On-farm electricity use,Emissions (N2O),kilotonnes,0.0043,0.0049,0.0052,0.0136,0.0059,0.0063,0.0063,0.0064,0.0075,0.0081,0.0061,0.0069,0.0081,0.0096,0.0122,0.0149,0.0231,0.028,0.0348,0.0394,0.0394
Viet Nam,On-farm electricity use,Emissions (CO2),kilotonnes,284.8141,302.5469,346.4363,807.0368,406.7585,439.8401,424.9336,424.4775,476.0928,484.0634,408.7412,413.589,444.6382,613.2332,772.4616,950.0624,1475.5159,1779.2746,2221.0311,2510.745,2510.745
Viet Nam,On-farm electricity use,Emissions (CO2eq) from CH4 (AR5),kilotonnes,22.4112,25.5024,27.0816,71.162,31.1808,33.0932,32.8244,33.4964,39.41,42.3332,31.8164,36.2516,42.5348,50.4644,63.5684,78.1844,121.422,146.4176,182.77,206.612,206.612
Viet Nam,On-farm electricity use,Emissions (CO2eq) from N2O (AR5),kilotonnes,1.1395,1.2985,1.378,3.604,1.5635,1.6695,1.6695,1.696,1.9875,2.1465,1.6165,1.8285,2.1465,2.544,3.233,3.9485,6.1215,7.42,9.222,10.441,10.441
Viet Nam,On-farm electricity use,Emissions (CO2eq) (AR5),kilotonnes,308.3648,329.3478,374.8959,881.8028,439.5028,474.6028,459.4275,459.6699,517.4903,528.5431,442.1741,451.6691,489.3195,666.2416,839.263,1032.1953,1603.0594,1933.1122,2413.0231,2727.798,2727.798
Viet Nam,Food Processing,Emissions (CH4),kilotonnes,0,0,0,0,0,0,0,0,0,0,0.0016,0.0024,0.0037,0.0038,0.0038,0.0084,0.008,0.0129,0.0089,0.0089,0.0089
Viet Nam,Food Processing,Emissions (N2O),kilotonnes,0,0,0,0,0,0,0,0,0,0,0.0002,0.0002,0.0004,0.0004,0.0004,0.0013,0.0012,0.0018,0.0014,0.0014,0.0014
Viet Nam,Food Processing,Emissions (CO2),kilotonnes,0,0,0,0,0,0,0,0,0,0,91.8368,139.6453,213.8095,216.5584,219.3748,324.8651,329.1337,601.4118,338.8558,338.8558,319.8682
Viet Nam,Food Processing,Emissions (CO2eq) from CH4 (AR5),kilotonnes,0,0,0,0,0,0,0,0,0,0,0.0448,0.0672,0.1036,0.1064,0.1064,0.2352,0.224,0.3612,0.2492,0.2492,0.2492
Viet Nam,Food Processing,Emissions (CO2eq) from N2O (AR5),kilotonnes,0,0,0,0,0,0,0,0,0,0,0.053,0.053,0.106,0.106,0.106,0.3445,0.318,0.477,0.371,0.371,0.3796
Viet Nam,Food Processing,Emissions (CO2eq) (AR5),kilotonnes,0,0,0,0,0,0,0,0,0,0,91.9346,139.7655,214.0191,216.7708,219.5872,325.4448,329.6757,602.25,339.476,339.476,320.497
Viet Nam,Food Packaging,Emissions (CH4),kilotonnes,0.0009,0.001,0.001,0.0011,0.0014,0.0015,0.0016,0.0017,0.0016,0.0018,0.0026,0.0101,0.0143,0.0166,0.0164,0.0182,0.0084,0.0156,0.0209,0.0143,0.0143
Viet Nam,Food Packaging,Emissions (N2O),kilotonnes,0.0001,0.0001,0.0001,0.0001,0.0001,0.0001,0.0001,0.0001,0.0001,0.0001,0.0002,0.0013,0.002,0.0022,0.0024,0.0026,0.0012,0.0023,0.0032,0.002,0.002
Viet Nam,Food Packaging,Emissions (CO2),kilotonnes,6.8542,7.7304,8.6914,9.6383,11.1646,11.9136,12.4223,12.4223,14.0476,14.9803,49.5741,133.3179,202.7305,211.941,228.1498,258.6477,173.034,305.8932,370.8364,226.344,213.6609
Viet Nam,Food Packaging,Emissions (CO2eq) from CH4 (AR5),kilotonnes,0.0252,0.028,0.028,0.0308,0.0392,0.042,0.0448,0.0476,0.0448,0.0504,0.0728,0.2828,0.4004,0.4648,0.4592,0.5096,0.2352,0.4368,0.5852,0.4004,0.4004
Viet Nam,Food Packaging,Emissions (CO2eq) from N2O (AR5),kilotonnes,0.0265,0.0265,0.0265,0.0265,0.0265,0.0265,0.0265,0.0265,0.0265,0.0265,0.053,0.3445,0.53,0.583,0.636,0.689,0.318,0.6095,0.848,0.53,0.5423
Viet Nam,Food Packaging,Emissions (CO2eq) (AR5),kilotonnes,6.9059,7.7849,8.7459,9.6956,11.2303,11.9821,12.4936,12.4964,14.1189,15.0572,49.6999,133.9452,203.6609,212.9888,229.245,259.8463,173.5872,306.9395,372.2696,227.2744,214.6036
Viet Nam,Food Retail,Emissions (CH4),kilotonnes,0.0243,0.0265,0.0268,0.0272,0.0282,0.0282,0.0263,0.712,0.8244,0.9709,1.2114,1.166,1.3245,0.8022,0.9137,1.1268,1.2977,1.4189,1.6031,1.3609,1.3609
Viet Nam,Food Retail,Emissions (N2O),kilotonnes,0.0041,0.0045,0.0046,0.0045,0.0048,0.0047,0.0044,0.0082,0.0087,0.0092,0.0105,0.0103,0.0113,0.0085,0.0095,0.0123,0.0133,0.0137,0.0164,0.0137,0.014
Viet Nam,Food Retail,Emissions (CO2),kilotonnes,372.1896,423.5955,421.5854,399.3334,433.7339,421.6165,380.7805,720.8107,724.9816,733.0224,869.0318,820.6851,837.2115,718.5885,806.752,1058.8096,1156.8511,1152.3679,1341.5906,1135.9903,1072.3357
Viet Nam,Food Retail,Emissions (CO2eq) from CH4 (AR5),kilotonnes,0.6804,0.742,0.7504,0.7616,0.7896,0.7896,0.7364,19.936,23.0832,27.1852,33.9192,32.648,37.086,22.4616,25.5836,31.5504,36.3356,39.7292,44.8868,38.1052,38.1052
Viet Nam,Food Retail,Emissions (CO2eq) from N2O (AR5),kilotonnes,1.0865,1.1925,1.219,1.1925,1.272,1.2455,1.166,2.173,2.3055,2.438,2.7825,2.7295,2.9945,2.2525,2.5175,3.2595,3.5245,3.6305,4.346,3.6305,3.7146
Viet Nam,Food Retail,Emissions (CO2eq) (AR5),kilotonnes,373.9565,425.53,423.5548,401.2875,435.7955,423.6516,382.6829,742.9197,750.3703,762.6456,905.7335,856.0626,877.292,743.3026,834.8531,1093.6195,1196.7112,1195.7276,1390.8234,1177.726,1114.1555
Viet Nam,Food Household Consumption,Emissions (CH4),kilotonnes,4.9593,5.5779,6.4589,6.6761,7.6082,8.4495,9.2161,9.7377,10.6461,11.5718,12.7138,13.5706,14.946,15.7909,17.149,18.8196,20.3526,21.3367,22.1593,22.1593,22.1593
Viet Nam,Food Household Consumption,Emissions (N2O),kilotonnes,0.027,0.0305,0.0349,0.0362,0.0408,0.0454,0.0496,0.0522,0.0567,0.0619,0.068,0.0721,0.0793,0.0838,0.0909,0.0996,0.108,0.113,0.1175,0.1175,0.1202
Viet Nam,Food Household Consumption,Emissions (CO2),kilotonnes,1893.6883,2092.2913,2487.9203,2408.7813,3043.1529,3396.1987,3625.7858,3775.1502,3962.4631,4193.5267,4960.5493,4867.3914,5009.0402,5801.4186,6282.296,6807.9825,7489.4938,7768.9669,7921.3316,7921.3316,7477.4639
Viet Nam,Food Household Consumption,Emissions (CO2eq) from CH4 (AR5),kilotonnes,138.8604,156.1812,180.8492,186.9308,213.0296,236.586,258.0508,272.6556,298.0908,324.0104,355.9864,379.9768,418.488,442.1452,480.172,526.9488,569.8728,597.4276,620.4604,620.4604,620.4604
Viet Nam,Food Household Consumption,Emissions (CO2eq) from N2O (AR5),kilotonnes,7.155,8.0825,9.2485,9.593,10.812,12.031,13.144,13.833,15.0255,16.4035,18.02,19.1065,21.0145,22.207,24.0885,26.394,28.62,29.945,31.1375,31.1375,31.859
Viet Nam,Food Household Consumption,Emissions (CO2eq) (AR5),kilotonnes,2039.7037,2256.555,2678.018,2605.3051,3266.9945,3644.8157,3896.9806,4061.6388,4275.5794,4533.9406,5334.5557,5266.4747,5448.5427,6265.7708,6786.5565,7361.3253,8087.9866,8396.3395,8572.9295,8572.9295,8129.7833
Viet Nam,Food Transport,Emissions (CH4),kilotonnes,0.2708,0.3014,0.3932,0.4164,0.4981,0.502,0.521,0.5738,0.6163,0.7157,0.7772,0.7767,0.784,0.786,0.771,0.8011,0.8185,0.8845,0.8889,0.9518,0.9518
Viet Nam,Food Transport,Emissions (N2O),kilotonnes,0.0186,0.0201,0.0251,0.028,0.0342,0.0345,0.0347,0.0415,0.0443,0.0528,0.0569,0.0564,0.0559,0.0549,0.0553,0.0592,0.0633,0.0671,0.0674,0.0702,0.0718
Viet Nam,Food Transport,Emissions (CO2),kilotonnes,1120.85,1209.38,1485.54,1685.935,2061.505,2083.675,2074.19,2437.84,2581.73,3099.845,3301.14,3262.31,3203.735,3102.245,3172.97,3444.81,3785.46,3960.94,3983.06,4095.9864,3866.4699
Viet Nam,Food Transport,Emissions (CO2eq) from CH4 (AR5),kilotonnes,7.5824,8.4392,11.0096,11.6592,13.9468,14.056,14.588,16.0664,17.2564,20.0396,21.7616,21.7476,21.952,22.008,21.588,22.4308,22.918,24.766,24.8892,26.6504,26.6504
Viet Nam,Food Transport,Emissions (CO2eq) from N2O (AR5),kilotonnes,4.929,5.3265,6.6515,7.42,9.063,9.1425,9.1955,10.9975,11.7395,13.992,15.0785,14.946,14.8135,14.5485,14.6545,15.688,16.7745,17.7815,17.861,18.603,19.0341
Viet Nam,Food Transport,Emissions (CO2eq) (AR5),kilotonnes,1133.3614,1223.1457,1503.2011,1705.0142,2084.5148,2106.8735,2097.9735,2464.9039,2610.7259,3133.8766,3337.9801,3299.0036,3240.5005,3138.8015,3209.2125,3482.9288,3825.1525,4003.4875,4025.8102,4141.2398,3912.1544
Viet Nam,Energy,Emissions (CH4),kilotonnes,563,584,603,653,833,928,969,1020,985,1080,1090,1110,1080,1070,1080,1010,949,920,913,1020,1020
Viet Nam,Energy,Emissions (N2O),kilotonnes,3.16,3.25,3.38,3.52,3.71,3.79,3.81,3.94,4.09,4.23,4.39,4.45,4.47,4.56,4.75,5.08,5.28,5.27,5.83,5.61,5.74
Viet Nam,Energy,Emissions (CO2),kilotonnes,47700,53800,60900,67600,80700,84500,88400,87900,99600,106000,117000,125000,116000,121000,139000,161000,158000,160000,192000,232000,219000
Viet Nam,Energy,Emissions (CO2eq) from CH4 (AR5),kilotonnes,15764,16352,16884,18284,23324,25984,27132,28560,27580,30240,30520,31080,30240,29960,30240,28280,26572,25760,25564,28560,28560
Viet Nam,Energy,Emissions (CO2eq) from N2O (AR5),kilotonnes,837.4,861.25,895.7,932.8,983.15,1004.35,1009.65,1044.1,1083.85,1120.95,1163.35,1179.25,1184.55,1208.4,1258.75,1346.2,1399.2,1396.55,1544.95,1486.65,1521.1
Viet Nam,Energy,Emissions (CO2eq) (AR5),kilotonnes,64301.4,71013.25,78679.7,86816.8,105007.15,111488.35,116541.65,117504.1,128263.85,137360.95,148683.35,157259.25,147424.55,152168.4,170498.75,190626.2,185971.2,187156.55,219108.95,262046.65,249081.1
Viet Nam,IPPU,Emissions (CH4),kilotonnes,0.007,0.0073,0.0077,0.008,0.0084,0.0088,0.0091,0.0095,0.0099,0.0102,0.0106,0.0109,0.0113,0.0117,0.012,0.0124,0.0127,0.0131,0.0135,0.0138,0.0142
Viet Nam,IPPU,Emissions (N2O),kilotonnes,0.0006,0.0006,0.0007,0.0007,0.0007,0.0007,0.0007,0.0007,0.0007,0.0007,0.0007,0.0007,0.0007,0.0007,0.0007,0.0007,0.0008,0.0008,0.0008,0.0008,0.0008
Viet Nam,IPPU,Emissions (CO2),kilotonnes,5830,6830,8530,9670,10900,13200,12900,14800,16100,20000,24500,29200,30400,33200,36000,37000,39900,46000,53100,56600,57000
Viet Nam,IPPU,Emissions (CO2eq) from CH4 (AR5),kilotonnes,0.1949,0.205,0.215,0.2251,0.2352,0.2453,0.2556,0.2657,0.2758,0.2856,0.2968,0.3052,0.3164,0.3276,0.336,0.3472,0.3556,0.3668,0.378,0.3864,0.3976
Viet Nam,IPPU,Emissions (CO2eq) from N2O (AR5),kilotonnes,0.1701,0.172,0.1738,0.1754,0.177,0.1786,0.1805,0.1821,0.1839,0.1858,0.1876,0.1895,0.1919,0.194,0.1961,0.1985,0.2006,0.2025,0.2046,0.2062,0.2083
Viet Nam,IPPU,Emissions (CO2eq) (AR5),kilotonnes,5830.365,6830.3769,8530.3889,9670.4006,10900.4122,13200.4239,12900.4361,14800.4478,16100.4597,20000.4714,24500.4844,29200.4947,30400.5083,33200.5216,36000.5321,37000.5457,39900.5562,46000.5693,53100.5826,56600.5926,57000.6059
Viet Nam,Waste,Emissions (CH4),kilotonnes,539,551,563,575,592,608,616,632,648,663,680,705,727,749,768,787,804,822,840,857,875
Viet Nam,Waste,Emissions (N2O),kilotonnes,2.84,2.87,2.9,3.05,3.21,3.36,3.44,3.57,3.71,3.91,4.1,4.28,4.46,4.63,4.82,5.05,5.26,5.41,5.56,5.71,5.89
Viet Nam,Waste,Emissions (CO2),kilotonnes,7.02,7.26,7.5,7.75,8,8.25,8.51,8.78,9.06,9.35,9.95,10.3,10.6,38.8,40,41.3,42.6,43.9,45.2,48.8,52.1
Viet Nam,Waste,Emissions (CO2eq) from CH4 (AR5),kilotonnes,15092,15428,15764,16100,16576,17024,17248,17696,18144,18564,19040,19740,20356,20972,21504,22036,22512,23016,23520,23996,24500
Viet Nam,Waste,Emissions (CO2eq) from N2O (AR5),kilotonnes,752.6,760.55,768.5,808.25,850.65,890.4,911.6,946.05,983.15,1036.15,1086.5,1134.2,1181.9,1226.95,1277.3,1338.25,1393.9,1433.65,1473.4,1513.15,1560.85
Viet Nam,Waste,Emissions (CO2eq) (AR5),kilotonnes,15851.62,16195.81,16540,16916,17434.65,17922.65,18168.11,18650.83,19136.21,19609.5,20136.45,20884.5,21548.5,22237.75,22821.3,23415.55,23948.5,24493.55,25038.6,25557.95,26112.95
Viet Nam,Other,Emissions (N2O),kilotonnes,2.49,2.63,2.8,2.9,3.21,3.3,3.3,3.62,3.92,4.21,4.53,4.52,4.47,4.59,4.93,5.85,6.14,6.07,6.95,6.63,6.88
Viet Nam,Other,Emissions (CO2eq) from N2O (AR5),kilotonnes,659.85,696.95,742,768.5,850.65,874.5,874.5,959.3,1038.8,1115.65,1200.45,1197.8,1184.55,1216.35,1306.45,1550.25,1627.1,1608.55,1841.75,1756.95,1823.2
Viet Nam,Other,Emissions (CO2eq) (AR5),kilotonnes,659.85,696.95,742,768.5,850.65,874.5,874.5,959.3,1038.8,1115.65,1200.45,1197.8,1184.55,1216.35,1306.45,1550.25,1627.1,1608.55,1841.75,1756.95,1823.2
Viet Nam,Farm-gate emissions,Emissions (CH4),kilotonnes,1876.2804,1840.1642,1860.0215,1883.7673,1919.7336,1942.3802,1983.1606,1982.1202,1987.2983,1987.8868,1982.2196,1981.3629,1981.6664,1999.8006,1994.059,2013.9407,2010.4336,2004.8525,1988.369,1924.2597,1905.6734
Viet Nam,Farm-gate emissions,Direct emissions (N2O),kilotonnes,37.3191,33.0976,34.9247,37.3434,38.7906,36.2552,35.2116,38.1981,31.8322,44.8149,39.1308,36.344,39.0979,45.8581,41.9784,47.6235,45.4016,45.9364,46.5042,45.5132,50.8958
Viet Nam,Farm-gate emissions,Indirect emissions (N2O),kilotonnes,11.1161,9.7716,10.3253,11.0899,11.5337,10.6878,10.3009,11.2534,9.1507,13.3803,11.5255,10.593,11.4935,13.6958,12.4304,14.2674,13.5674,13.7424,13.9123,13.5249,15.2919
Viet Nam,Farm-gate emissions,Emissions (N2O),kilotonnes,56.9067,51.3323,54.1198,57.9708,60.3949,57.5868,56.5186,60.9871,51.9103,69.1582,61.5396,57.3829,60.8068,69.354,64.4525,72.1388,69.3306,69.9026,70.7211,68.8074,76.3152
Viet Nam,Farm-gate emissions,Emissions (CO2),kilotonnes,5099.1218,5134.6759,5307.6997,5400.7216,5596.1262,5689.1221,5662.5254,5681.2978,5692.9998,5712.8811,5687.473,5691.0455,5586.0133,5510.9645,5503.4536,5538.0696,5502.4866,5272.0066,5250.5029,5254.8103,5252.2645
Viet Nam,Farm-gate emissions,Emissions (CO2eq) from CH4 (AR5),kilotonnes,52535.8511,51524.5963,52080.6017,52745.4844,53752.5409,54386.6469,55528.4962,55499.3652,55644.3516,55660.8312,55502.1494,55478.1611,55486.6584,55994.4161,55833.6511,56390.3386,56292.1402,56135.8703,55674.3322,53879.2722,53358.854
Viet Nam,Farm-gate emissions,Emissions (CO2eq) from N2O (AR5),kilotonnes,15080.2724,13603.0477,14341.7353,15362.2497,16004.6581,15260.5015,14977.4372,16161.5862,13756.2407,18326.9332,16308.0063,15206.4731,16113.8016,18378.8102,17079.9176,19116.7853,18372.6214,18524.2021,18741.088,18233.9565,20223.5263
Viet Nam,Farm-gate emissions,Emissions (CO2eq) (AR5),kilotonnes,72715.2454,70262.3198,71730.0367,73508.4558,75353.3253,75336.2704,76168.4587,77342.2491,75093.5921,79700.6455,77497.6286,76375.6797,77186.4733,79884.1909,78417.0223,81045.1935,80167.2483,79932.079,79665.9231,77368.039,78834.6448
Viet Nam,Land Use change,Emissions (CH4),kilotonnes,8.241,1.2533,32.668,6.2649,12.5204,14.8974,3.5661,6.0516,4.7499,3.0145,9.8334,5.8166,4.7823,24.915,12.2016,4.6761,7.2882,1.6101,2.6637,3.2648,8.5182
Viet Nam,Land Use change,Emissions (N2O),kilotonnes,0.1642,0.1144,0.3783,0.572,0.7496,0.8625,0.3256,0.5062,0.4337,0.2637,0.6316,0.4964,0.4366,0.2955,0.5005,0.4269,0.4571,0.147,0.2432,0.2865,0.361
Viet Nam,Land Use change,Emissions (CO2),kilotonnes,217.5283,0,2310.5235,0,349.1483,441.5627,0,41.0756,0,10.269,236.1858,3462.4944,3431.6876,5187.6873,3975.9549,3431.6876,184.8448,0,0,10.2692,369.6761
Viet Nam,Land Use change,Emissions (CO2eq) from CH4 (AR5),kilotonnes,230.7477,35.0928,914.7043,175.417,350.5707,417.1263,99.8507,169.4449,132.9962,84.405,275.3341,162.8639,133.9044,697.6189,341.6438,130.9298,204.0683,45.0817,74.585,91.415,238.509
Viet Nam,Land Use change,Emissions (CO2eq) from N2O (AR5),kilotonnes,43.5236,30.3248,100.2433,151.5832,198.6441,228.5516,86.2841,134.1528,114.926,69.8694,167.3731,131.5333,115.7109,78.296,132.6457,113.1404,121.1263,38.9565,64.4511,75.9269,95.6763
Viet Nam,Land Use change,Emissions (CO2eq) (AR5),kilotonnes,491.7995,65.4176,3325.4711,327.0001,898.3631,1087.2406,186.1348,344.6733,247.9222,164.5435,678.893,3756.8916,3681.3029,5963.6022,4450.2444,3675.7578,510.0395,84.0382,139.0361,177.6111,703.8614
Viet Nam,Emissions on agricultural land,Emissions (CH4),kilotonnes,1884.5214,1841.4175,1892.6895,1890.0322,1932.254,1957.2776,1986.7267,1988.1718,1992.0481,1990.9013,1992.053,1987.1795,1986.4487,2024.7155,2006.2605,2018.6167,2017.7217,2006.4626,1991.0328,1927.5245,1914.1915
Viet Nam,Emissions on agricultural land,Emissions (N2O),kilotonnes,57.0709,51.4467,54.498,58.5428,61.1445,58.4493,56.8442,61.4934,52.344,69.4219,62.1712,57.8793,61.2434,69.6495,64.9531,72.5658,69.7877,70.0497,70.9643,69.0939,76.6762
Viet Nam,Emissions on agricultural land,Emissions (CO2),kilotonnes,5316.6501,5134.6759,7618.2232,5400.7216,5945.2746,6130.6848,5662.5254,5722.3734,5692.9998,5723.1501,5923.6588,9153.5399,9017.7009,10698.6519,9479.4085,8969.7572,5687.3315,5272.0066,5250.5029,5265.0795,5621.9406
Viet Nam,Emissions on agricultural land,Emissions (CO2eq) from CH4 (AR5),kilotonnes,52766.5988,51559.6891,52995.306,52920.9014,54103.1116,54803.7732,55628.3469,55668.8101,55777.3477,55745.2362,55777.4835,55641.025,55620.5629,56692.0351,56175.2949,56521.2684,56496.2085,56180.952,55748.9171,53970.6872,53597.363
Viet Nam,Emissions on agricultural land,Emissions (CO2eq) from N2O (AR5),kilotonnes,15123.796,13633.3724,14441.9786,15513.8329,16203.3022,15489.053,15063.7212,16295.7389,13871.1667,18396.8026,16475.3794,15338.0064,16229.5125,18457.1062,17212.5634,19229.9257,18493.7478,18563.1586,18805.5392,18309.8834,20319.2025
Viet Nam,Emissions on agricultural land,Emissions (CO2eq) (AR5),kilotonnes,73207.0449,70327.7374,75055.5078,73835.4559,76251.6884,76423.511,76354.5935,77686.9224,75341.5143,79865.189,78176.5217,80132.5713,80867.7763,85847.7931,82867.2667,84720.9513,80677.2878,80016.1172,79804.9592,77545.6501,79538.5061
Viet Nam,Pre- and post- production,Emissions (CH4),kilotonnes,233.1044,235.8853,239.5117,244.063,246.9359,250.4264,254.1538,258.0643,261.046,265.4896,268.3384,271.4677,276.149,279.2893,276.8836,278.9387,284.1436,288.1403,292.3984,294.1644,295.1429
Viet Nam,Pre- and post- production,Emissions (N2O),kilotonnes,1.5758,1.6519,1.7296,1.8484,1.9625,2.0443,2.0473,2.2035,2.2774,2.4079,2.5068,2.6161,2.7085,2.7997,2.919,3.0862,3.137,3.1947,3.2469,3.2668,3.2868
Viet Nam,Pre- and post- production,Emissions (CO2),kilotonnes,4021.3345,4379.1549,5094.7813,5657.0423,6304.598,6704.9046,6871.7765,7726.5493,8118.673,8885.7487,10045.8423,10004.1668,10280.1682,11034.2454,11853.5187,13217.0406,14782.3724,15943.0179,16552.1856,16605.6969,15837.5291
Viet Nam,Pre- and post- production,Emissions (CO2eq) from CH4 (AR5),kilotonnes,6526.9227,6604.7896,6706.3267,6833.7626,6914.2055,7011.9387,7116.307,7225.8005,7309.2887,7433.7089,7513.4742,7601.096,7732.1729,7820.1001,7752.7395,7810.2827,7956.0211,8067.9297,8187.1544,8236.604,8264.0018
Viet Nam,Pre- and post- production,Emissions (CO2eq) from N2O (AR5),kilotonnes,417.5747,437.7654,458.3447,489.8207,520.07,541.7288,542.5224,583.9385,603.5044,638.0811,664.3076,693.2723,717.7413,741.918,773.5434,817.8453,831.2932,846.599,860.4343,865.7035,870.9921
Viet Nam,Pre- and post- production,Emissions (CO2eq) (AR5),kilotonnes,10965.832,11421.71,12259.4527,12980.6256,13738.8735,14258.572,14530.6059,15536.2883,16031.4662,16957.5387,18223.6241,18298.5352,18730.0825,19596.2635,20379.8016,21845.1685,23569.6866,24857.5466,25599.7743,25708.0045,24972.5229
Viet Nam,Agri-food systems,Emissions (CH4),kilotonnes,2117.6258,2077.3028,2132.2012,2134.0951,2179.1899,2207.704,2240.8805,2246.2361,2253.0942,2256.3909,2260.3913,2258.6472,2262.5977,2304.0048,2283.1441,2297.5554,2301.8653,2294.6029,2283.4311,2221.689,2209.3345
Viet Nam,Agri-food systems,Emissions (N2O),kilotonnes,58.6467,53.0986,56.2276,60.3911,63.1071,60.4935,58.8915,63.6969,54.6214,71.8298,64.6781,60.4954,63.9519,72.4491,67.8721,75.652,72.9247,73.2444,74.2112,72.3607,79.963
Viet Nam,Agri-food systems,Emissions (CO2),kilotonnes,9337.9846,9513.8308,12713.0046,11057.7639,12249.8726,12835.5894,12534.3019,13448.9227,13811.6728,14608.8988,15969.501,19157.7067,19297.8691,21732.8973,21332.9272,22186.7978,20469.7039,21215.0245,21802.6885,21870.7764,21459.4697
Viet Nam,Agri-food systems,Emissions (CO2eq) from CH4 (AR5),kilotonnes,59293.5215,58164.4787,59701.6327,59754.664,61017.3171,61815.7119,62744.6539,62894.6107,63086.6364,63178.9451,63290.9577,63242.1211,63352.7358,64512.1351,63928.0344,64331.551,64452.2296,64248.8817,63936.0715,62207.2912,61861.3648
Viet Nam,Agri-food systems,Emissions (CO2eq) from N2O (AR5),kilotonnes,15541.3708,14071.1378,14900.3233,16003.6536,16723.3722,16030.7818,15606.2437,16879.6774,14474.6712,19034.8838,17139.687,16031.2787,16947.2538,19199.0242,17986.1067,20047.7711,19325.0409,19409.7576,19665.9734,19175.587,21190.1946
Viet Nam,Agri-food systems,Emissions (CO2eq) (AR5),kilotonnes,84172.8769,81749.4473,87314.9606,86816.0815,89990.5619,90682.0831,90885.1994,93223.2107,91372.9805,96822.7278,96400.1457,98431.1065,99597.8587,105444.0566,103247.0684,106566.1199,104246.9744,104873.6638,105404.7335,103253.6547,104511.0291
Viet Nam,IPCC Agriculture,Emissions (CH4),kilotonnes,1875.6316,1839.5378,1859.3391,1883.0192,1918.9458,1941.5916,1982.3778,1981.3405,1986.4993,1987.0835,1981.4405,1980.538,1980.8929,1999.0283,1993.2512,2013.0038,2009.5961,2004.1949,1987.5367,1923.4225,1904.8362
Viet Nam,IPCC Agriculture,Emissions (CH4),kilotonnes,2383.75,,,,,,,,,,2757.57,,,2365.24,,,,,,,
Viet Nam,IPCC Agriculture,Direct emissions (N2O),kilotonnes,37.3191,33.0976,34.9247,37.3434,38.7906,36.2552,35.2116,38.1981,31.8322,44.8149,39.1308,36.344,39.0979,45.8581,41.9784,47.6235,45.4016,45.9364,46.5042,45.5132,50.8958
Viet Nam,IPCC Agriculture,Indirect emissions (N2O),kilotonnes,11.1161,9.7716,10.3253,11.0899,11.5337,10.6878,10.3009,11.2534,9.1507,13.3803,11.5255,10.593,11.4935,13.6958,12.4304,14.2674,13.5674,13.7424,13.9123,13.5249,15.2919
Viet Nam,IPCC Agriculture,Emissions (N2O),kilotonnes,56.6028,51.017,53.7602,57.5874,59.9635,57.1222,56.0638,60.5261,51.4467,68.6879,61.0721,56.9256,60.3744,68.9486,64.0588,71.7668,68.9051,69.5194,70.3971,68.4974,76.0052
Viet Nam,IPCC Agriculture,Emissions (N2O),kilotonnes,48.49,,,,,,,,,,98.2123,,,101.6,,,,,,,
Viet Nam,IPCC Agriculture,Emissions (CO2eq) from CH4 (AR5),kilotonnes,52517.6838,51507.058,52061.4951,52724.538,53730.4825,54364.5661,55506.5773,55477.5337,55621.9795,55638.3387,55480.3347,55455.0644,55465.0016,55972.7938,55811.0347,56364.1071,56268.6903,56117.4582,55651.0286,53855.8312,53335.413
Viet Nam,IPCC Agriculture,Emissions (CO2eq) from CH4 (AR5),kilotonnes,66745,,,,,,,,,,77211.96,,,66226.72,,,,,,,
Viet Nam,IPCC Agriculture,Emissions (CO2eq) from N2O (AR5),kilotonnes,14999.7433,13519.5098,14246.4616,15260.6511,15890.3324,15137.3752,14856.9057,16039.411,13633.3745,18202.3067,16184.1144,15085.2909,15999.2207,18271.3843,16975.5807,19018.2117,18259.849,18422.6445,18655.24,18151.8062,20141.376
Viet Nam,IPCC Agriculture,Emissions (CO2eq) from N2O (AR5),kilotonnes,12849.85,,,,,,,,,,26026.2595,,,26924,,,,,,,
Viet Nam,IPCC Agriculture,Emissions (CO2eq) (AR5),kilotonnes,67517.4271,65026.5678,66307.9566,67985.1891,69620.8149,69501.9413,70363.4831,71516.9447,69255.3539,73840.6454,71664.4491,70540.3553,71464.2223,74244.1781,72786.6153,75382.3187,74528.5393,74540.1027,74306.2686,72007.6375,73476.789
Viet Nam,IPCC Agriculture,Emissions (CO2eq) (AR5),kilotonnes,79594.85,,,,,,,,,,103238.2195,,,93150.72,,,,,,,
Viet Nam,Agricultural Soils,Direct emissions (N2O),kilotonnes,37.3191,33.0976,34.9247,37.3434,38.7906,36.2552,35.2116,38.1981,31.8322,44.8149,39.1308,36.344,39.0979,45.8581,41.9784,47.6235,45.4016,45.9364,46.5042,45.5132,50.8958
Viet Nam,Agricultural Soils,Indirect emissions (N2O),kilotonnes,11.1161,9.7716,10.3253,11.0899,11.5337,10.6878,10.3009,11.2534,9.1507,13.3803,11.5255,10.593,11.4935,13.6958,12.4304,14.2674,13.5674,13.7424,13.9123,13.5249,15.2919
Viet Nam,Agricultural Soils,Emissions (N2O),kilotonnes,49.0403,43.4801,45.8635,49.0468,50.9359,47.5547,46.1241,50.0632,41.5941,58.8063,51.268,47.5481,51.2025,60.1651,55.0194,62.5015,59.5657,60.2653,61.0021,59.6271,66.7762
Viet Nam,Agricultural Soils,Emissions (N2O),kilotonnes,45.87,,,,,,,,,,76.813,,,80.69,,,,,,,
Viet Nam,Agricultural Soils,Emissions (CO2eq) from N2O (AR5),kilotonnes,12995.6815,11522.236,12153.8176,12997.3964,13498.0149,12601.9944,12222.8968,13266.7534,11022.4426,15583.6778,13586.0206,12600.2417,13568.673,15943.7447,14580.1362,16562.9004,15784.9095,15970.3138,16165.5626,15801.1787,17695.702
Viet Nam,Agricultural Soils,Emissions (CO2eq) from N2O (AR5),kilotonnes,12155.55,,,,,,,,,,20355.445,,,21382.85,,,,,,,
Viet Nam,Agricultural Soils,Emissions (CO2eq) (AR5),kilotonnes,12995.6815,11522.236,12153.8176,12997.3964,13498.0149,12601.9944,12222.8968,13266.7534,11022.4426,15583.6778,13586.0206,12600.2417,13568.673,15943.7447,14580.1362,16562.9004,15784.9095,15970.3138,16165.5626,15801.1787,17695.702
Viet Nam,Agricultural Soils,Emissions (CO2eq) (AR5),kilotonnes,12155.55,,,,,,,,,,20355.445,,,21382.85,,,,,,,
Viet Nam,LULUCF,Emissions (CH4),kilotonnes,30.8852,6.5321,41.6647,22.977,29.5142,28.6284,13.1984,31.7568,10.2856,13.5763,23.5205,12.547,15.504,29.6047,21.9268,13.647,17.6674,7.7977,8.3533,10.887,15.7641
Viet Nam,LULUCF,Emissions (CH4),kilotonnes,140.33,,,,,,,,,,48.1671,,,4.04,,,,,,,
Viet Nam,LULUCF,Emissions (N2O),kilotonnes,0.8305,0.5964,1.1997,2.0979,2.3012,2.1162,1.2051,2.8532,0.9391,1.228,1.8813,1.1109,1.4156,0.7237,1.3885,1.246,1.4047,0.712,0.7627,0.9825,1.0226
Viet Nam,LULUCF,Emissions (N2O),kilotonnes,0.96,,,,,,,,,,0.379,,,0.06,,,,,,,
Viet Nam,LULUCF,Emissions (CO2),kilotonnes,-73604.6589,16865.5922,19192.7478,16882.2243,17219.5933,17312.0077,16870.445,16911.5206,16867.1576,16877.4267,17106.6348,-23776.6511,-23807.4579,-22051.4582,-23266.5971,-23810.8644,-13272.2643,-13522.4668,-13529.1715,-13496.5523,-13139.6912
Viet Nam,LULUCF,Emissions (CO2),kilotonnes,11860.19,,,,,,,,,,-20347.59,,,-34359.49,,,,,,,
Viet Nam,LULUCF,Emissions (CO2eq) from CH4 (AR5),kilotonnes,864.7859,182.8995,1166.6113,643.355,826.3982,801.5961,369.5539,889.1898,287.9973,380.1368,658.5737,351.315,434.1125,828.9319,613.9507,382.1168,494.687,218.3359,233.8914,304.8354,441.3941
Viet Nam,LULUCF,Emissions (CO2eq) from N2O (AR5),kilotonnes,220.0886,158.0491,317.9238,555.9426,609.8211,560.7836,319.3428,756.1062,248.8672,325.4203,498.5421,294.3796,375.1298,191.7675,367.9544,330.1987,372.2587,188.6707,202.1127,260.35,270.9955
Viet Nam,LULUCF,Emissions (CO2eq) (AR5),kilotonnes,-72519.7843,17206.5408,20677.2829,18081.5219,18655.8126,18674.3874,17559.3417,18556.8166,17404.0222,17582.9837,18263.7505,-23130.9565,-22998.2156,-21030.7588,-22284.692,-23098.5489,-12405.3186,-13115.4601,-13093.1673,-12931.3669,-12427.3016
Viet Nam,LULUCF,Emissions (CO2eq) (AR5),kilotonnes,11860.19,,,,,,,,,,-20347.59,,,-34359.49,,,,,,,
Viet Nam,AFOLU,Emissions (CH4),kilotonnes,1906.5168,1846.0699,1901.0038,1905.9962,1948.46,1970.2201,1995.5761,2013.0973,1996.7849,2000.6598,2004.961,1993.085,1996.3969,2028.6331,2015.178,2026.6509,2027.2635,2011.9926,1995.89,1934.3095,1920.6003
Viet Nam,AFOLU,Emissions (N2O),kilotonnes,57.4333,51.6134,54.9599,59.6853,62.2647,59.2383,57.2689,63.3793,52.3858,69.916,62.9534,58.0365,61.79,69.6723,65.4473,73.0129,70.3098,70.2314,71.1598,69.4798,77.0278
Viet Nam,AFOLU,Emissions (CO2),kilotonnes,-73604.6589,16865.5922,19192.7478,16882.2243,17219.5933,17312.0077,16870.445,16911.5206,16867.1576,16877.4267,17106.6348,-23776.6511,-23807.4579,-22051.4582,-23266.5971,-23810.8644,-13272.2643,-13522.4668,-13529.1715,-13496.5523,-13139.6912
Viet Nam,AFOLU,Emissions (CO2eq) from CH4 (AR5),kilotonnes,53382.4697,51689.9575,53228.1064,53367.893,54556.8807,55166.1622,55876.1313,56366.7235,55909.9768,56018.4755,56138.9084,55806.3794,55899.1141,56801.7256,56424.9854,56746.2238,56763.3772,56335.7941,55884.92,54160.6666,53776.807
Viet Nam,AFOLU,Emissions (CO2eq) from N2O (AR5),kilotonnes,15219.8319,13677.5589,14564.3854,15816.5937,16500.1535,15698.1588,15176.2485,16795.5172,13882.2417,18527.7269,16682.6564,15379.6705,16374.3504,18463.1518,17343.5351,19348.4104,18632.1078,18611.3152,18857.3527,18412.1563,20412.3715
Viet Nam,AFOLU,Emissions (CO2eq) (AR5),kilotonnes,-5002.3573,82233.1086,86985.2396,86066.711,88276.6275,88176.3287,87922.8248,90073.7613,86659.3761,91423.6291,89928.1996,47409.3989,48466.0067,53213.4193,50501.9234,52283.7698,62123.2207,61424.6426,61213.1012,59076.2705,61049.4873
Viet Nam,All sectors with LULUCF,Emissions (CH4),kilotonnes,3008.5237,2981.0772,3067.0115,3134.0042,3373.4684,3506.2288,3580.5852,3665.1068,3629.7947,3743.67,3774.9716,3808.0959,3803.4082,3847.6448,3863.19,3823.6633,3780.2762,3754.0057,3748.9035,3811.3233,3815.6145
Viet Nam,All sectors with LULUCF,Emissions (N2O),kilotonnes,65.924,60.3641,64.0406,69.1559,72.3954,69.689,67.8195,74.51,64.1065,82.2667,75.9741,71.2872,75.1907,83.453,79.948,88.9936,86.9906,86.9821,89.5006,87.4306,95.5386
Viet Nam,All sectors with LULUCF,Emissions (CO2),kilotonnes,-20067.6389,77502.8522,88630.2478,94159.9743,108827.5933,115020.2577,118178.955,119620.3006,132576.2176,142886.7767,158616.5848,130433.6489,122603.1421,132187.3418,151773.4029,174230.4356,184670.3357,192521.4332,231616.0285,275152.2477,262912.4088
Viet Nam,All sectors with LULUCF,Emissions (CO2eq) from CH4 (AR5),kilotonnes,84238.6645,83470.1625,85876.3214,87752.1181,94457.1159,98174.4074,100256.3869,102622.9892,101634.2526,104822.7611,105699.2052,106626.6846,106495.4305,107734.0532,108169.3214,107062.571,105847.7328,105112.1609,104969.298,106717.053,106837.2046
Viet Nam,All sectors with LULUCF,Emissions (CO2eq) from N2O (AR5),kilotonnes,17469.852,15996.4809,16970.7592,18326.3191,19184.7806,18467.5874,17972.179,19745.1493,16988.2256,21800.6627,20133.1441,18891.11,19925.5423,22115.0458,21186.2312,23583.3089,23052.5084,23050.2677,23717.6573,23169.1124,25317.7297
Viet Nam,All sectors with LULUCF,Emissions (CO2eq) (AR5),kilotonnes,81640.8777,176969.4956,191477.3285,200238.4116,222469.4897,231662.2526,236407.5209,241988.4391,251198.6958,269510.2005,284448.934,255951.4435,249024.1149,262036.4409,281128.9555,304876.3155,313570.5769,320683.8618,360302.9838,405038.4131,395067.3432
Viet Nam,All sectors without LULUCF,Emissions (CH4),kilotonnes,2977.6385,2974.5451,3025.3468,3111.0273,3343.9542,3477.6004,3567.3869,3633.35,3619.5091,3730.0937,3751.4511,3795.5489,3787.9042,3818.04,3841.2632,3810.0162,3762.6088,3746.208,3740.5502,3800.4363,3799.8504
Viet Nam,All sectors without LULUCF,Emissions (N2O),kilotonnes,65.0934,59.7677,62.8409,67.058,70.0942,67.5728,66.6145,71.6568,63.1674,81.0387,74.0928,70.1763,73.7751,82.7294,78.5595,87.7476,85.5858,86.2702,88.7379,86.4482,94.516
Viet Nam,All sectors without LULUCF,Emissions (CO2),kilotonnes,53537.02,60637.26,69437.5,77277.75,91608,97708.25,101308.51,102708.78,115709.06,126009.35,141509.95,154210.3,146410.6,154238.8,175040,198041.3,197942.6,206043.9,245145.2,288648.8,276052.1
Viet Nam,All sectors without LULUCF,Emissions (CO2eq) from CH4 (AR5),kilotonnes,83373.8786,83287.263,84709.7101,87108.7631,93630.7177,97372.8113,99886.833,101733.7994,101346.2553,104442.6243,105040.6315,106275.3696,106061.318,106905.1214,107555.3707,106680.4543,105353.0459,104893.825,104735.4066,106412.2176,106395.8106
Viet Nam,All sectors without LULUCF,Emissions (CO2eq) from N2O (AR5),kilotonnes,17249.7634,15838.4318,16652.8354,17770.3765,18574.9594,17906.8038,17652.8362,18989.0431,16739.3584,21475.2424,19634.602,18596.7304,19550.4125,21923.2783,20818.2768,23253.1102,22680.2496,22861.597,23515.5446,22908.7624,25046.7343
Viet Nam,All sectors without LULUCF,Emissions (CO2eq) (AR5),kilotonnes,154160.6621,159762.9548,170800.0455,182156.8896,203813.6771,212987.8652,218848.1792,223431.6225,233794.6737,251927.2167,266185.1835,279082.4,272022.3305,283067.1996,303413.6474,327974.8644,325975.8955,333799.3219,373396.1511,417969.78,407494.6448
Wallis and Futuna Islands,Burning - Crop residues,Emissions (CH4),kilotonnes,,,,,,,,,,,,,,,,,,,,,
Wallis and Futuna Islands,Burning - Crop residues,Emissions (N2O),kilotonnes,,,,,,,,,,,,,,,,,,,,,
Wallis and Futuna Islands,Burning - Crop residues,Emissions (CO2eq) from CH4 (AR5),kilotonnes,,,,,,,,,,,,,,,,,,,,,
Wallis and Futuna Islands,Burning - Crop residues,Emissions (CO2eq) from N2O (AR5),kilotonnes,,,,,,,,,,,,,,,,,,,,,
Wallis and Futuna Islands,Burning - Crop residues,Emissions (CO2eq) (AR5),kilotonnes,,,,,,,,,,,,,,,,,,,,,
Wallis and Futuna Islands,Drained organic soils,Emissions (CO2eq) (AR5),kilotonnes,0,0,0,0,0,0,0,0,0,0,0,0,0,0,0,0,0,0,0,0,0
Wallis and Futuna Islands,Drained organic soils (CO2),Emissions (CO2),kilotonnes,0,0,0,0,0,0,0,0,0,0,0,0,0,0,0,0,0,0,0,0,0
Wallis and Futuna Islands,Drained organic soils (CO2),Emissions (CO2eq) (AR5),kilotonnes,0,0,0,0,0,0,0,0,0,0,0,0,0,0,0,0,0,0,0,0,0
Wallis and Futuna Islands,Drained organic soils (N2O),Emissions (N2O),kilotonnes,0,0,0,0,0,0,0,0,0,0,0,0,0,0,0,0,0,0,0,0,0
Wallis and Futuna Islands,Drained organic soils (N2O),Emissions (CO2eq) from N2O (AR5),kilotonnes,0,0,0,0,0,0,0,0,0,0,0,0,0,0,0,0,0,0,0,0,0
Wallis and Futuna Islands,Drained organic soils (N2O),Emissions (CO2eq) (AR5),kilotonnes,0,0,0,0,0,0,0,0,0,0,0,0,0,0,0,0,0,0,0,0,0
Wallis and Futuna Islands,On-farm energy use,Emissions (CH4),kilotonnes,,0.0015,0.0037,0.0031,0.0033,0.0033,0.0033,0.0033,0.0029,0.0032,0.0032,0.0033,0.0031,0.0031,0.003,0.003,0.003,0.0029,0.0028,0.0028,0.0028
Wallis and Futuna Islands,On-farm energy use,Emissions (N2O),kilotonnes,,0,0,0,0,0,0,0,0,0,0,0,0,0,0,0,0,0,0,0,0
Wallis and Futuna Islands,On-farm energy use,Emissions (CO2),kilotonnes,,0.4581,1.1814,0.9857,1.0451,1.0407,1.0392,1.0333,0.9024,0.9955,1.0246,1.0439,0.9827,0.9688,0.9447,0.9443,0.9481,0.9031,0.8936,0.8834,0.8834
Wallis and Futuna Islands,On-farm energy use,Emissions (CO2eq) from CH4 (AR5),kilotonnes,,0.0407,0.1049,0.0875,0.0928,0.0924,0.0923,0.0918,0.0801,0.0884,0.091,0.0927,0.0873,0.086,0.0839,0.0838,0.0842,0.0802,0.0793,0.0784,0.0784
Wallis and Futuna Islands,On-farm energy use,Emissions (CO2eq) from N2O (AR5),kilotonnes,,0.0019,0.005,0.0041,0.0044,0.0044,0.0044,0.0043,0.0038,0.0042,0.0043,0.0044,0.0041,0.0041,0.004,0.004,0.004,0.0038,0.0038,0.0037,0.0037
Wallis and Futuna Islands,On-farm energy use,Emissions (CO2eq) (AR5),kilotonnes,,0.5007,1.2912,1.0773,1.1423,1.1375,1.1358,1.1294,0.9863,1.0881,1.1199,1.1409,1.0741,1.0589,1.0326,1.0321,1.0362,0.9871,0.9767,0.9655,0.9655
Wallis and Futuna Islands,Forestland,Emissions (CO2),kilotonnes,-4.7947,-4.7538,-4.7538,-4.7538,-4.7538,-4.7538,-4.7538,-4.7538,-4.7538,-4.7538,-4.7538,-5.0253,-5.0253,-5.0253,-5.0253,-5.0253,0,0,0,0,0
Wallis and Futuna Islands,Forestland,Emissions (CO2eq) (AR5),kilotonnes,-4.7947,-4.7538,-4.7538,-4.7538,-4.7538,-4.7538,-4.7538,-4.7538,-4.7538,-4.7538,-4.7538,-5.0253,-5.0253,-5.0253,-5.0253,-5.0253,0,0,0,0,0
Wallis and Futuna Islands,Net Forest conversion,Emissions (CO2),kilotonnes,5.7558,5.7194,5.7194,5.7194,5.7194,5.7194,5.7194,5.7194,5.7194,5.7194,5.7194,5.683,5.683,5.683,5.683,5.683,0,0,0,0,0
Wallis and Futuna Islands,Net Forest conversion,Emissions (CO2eq) (AR5),kilotonnes,5.7558,5.7194,5.7194,5.7194,5.7194,5.7194,5.7194,5.7194,5.7194,5.7194,5.7194,5.683,5.683,5.683,5.683,5.683,0,0,0,0,0
Wallis and Futuna Islands,Savanna fires,Emissions (CH4),kilotonnes,0,0,0,0,0,0,0,0,0,0,0,0,0,0,0,0,0,0,0,0,0
Wallis and Futuna Islands,Savanna fires,Emissions (N2O),kilotonnes,0,0,0,0,0,0,0,0,0,0,0,0,0,0,0,0,0,0,0,0,0
Wallis and Futuna Islands,Savanna fires,Emissions (CO2eq) from CH4 (AR5),kilotonnes,0,0,0,0,0,0,0,0,0,0,0,0,0,0,0,0,0,0,0,0,0
Wallis and Futuna Islands,Savanna fires,Emissions (CO2eq) from N2O (AR5),kilotonnes,0,0,0,0,0,0,0,0,0,0,0,0,0,0,0,0,0,0,0,0,0
Wallis and Futuna Islands,Savanna fires,Emissions (CO2eq) (AR5),kilotonnes,0,0,0,0,0,0,0,0,0,0,0,0,0,0,0,0,0,0,0,0,0
Wallis and Futuna Islands,Fires in organic soils,Emissions (CH4),kilotonnes,0,0,0,0,0,0,0,0,0,0,0,0,0,0,0,0,0,0,0,0,0
Wallis and Futuna Islands,Fires in organic soils,Emissions (CO2),kilotonnes,0,0,0,0,0,0,0,0,0,0,0,0,0,0,0,0,0,0,0,0,0
Wallis and Futuna Islands,Fires in organic soils,Emissions (CO2eq) from CH4 (AR5),kilotonnes,0,0,0,0,0,0,0,0,0,0,0,0,0,0,0,0,0,0,0,0,0
Wallis and Futuna Islands,Fires in organic soils,Emissions (CO2eq) (AR5),kilotonnes,0,0,0,0,0,0,0,0,0,0,0,0,0,0,0,0,0,0,0,0,0
Wallis and Futuna Islands,Forest fires,Emissions (CH4),kilotonnes,0,0,0,0,0,0,0,0,0,0,0,0,0,0,0,0,0,0,0,0,0
Wallis and Futuna Islands,Forest fires,Emissions (N2O),kilotonnes,0,0,0,0,0,0,0,0,0,0,0,0,0,0,0,0,0,0,0,0,0
Wallis and Futuna Islands,Forest fires,Emissions (CO2eq) from CH4 (AR5),kilotonnes,0,0,0,0,0,0,0,0,0,0,0,0,0,0,0,0,0,0,0,0,0
Wallis and Futuna Islands,Forest fires,Emissions (CO2eq) from N2O (AR5),kilotonnes,0,0,0,0,0,0,0,0,0,0,0,0,0,0,0,0,0,0,0,0,0
Wallis and Futuna Islands,Forest fires,Emissions (CO2eq) (AR5),kilotonnes,0,0,0,0,0,0,0,0,0,0,0,0,0,0,0,0,0,0,0,0,0
Wallis and Futuna Islands,Fires in humid tropical forests,Emissions (CH4),kilotonnes,0,0,0,0,0,0,0,0,0,0,0,0,0,0,0,0,0,0,0,0,0
Wallis and Futuna Islands,Fires in humid tropical forests,Emissions (N2O),kilotonnes,0,0,0,0,0,0,0,0,0,0,0,0,0,0,0,0,0,0,0,0,0
Wallis and Futuna Islands,Fires in humid tropical forests,Emissions (CO2eq) from CH4 (AR5),kilotonnes,0,0,0,0,0,0,0,0,0,0,0,0,0,0,0,0,0,0,0,0,0
Wallis and Futuna Islands,Fires in humid tropical forests,Emissions (CO2eq) from N2O (AR5),kilotonnes,0,0,0,0,0,0,0,0,0,0,0,0,0,0,0,0,0,0,0,0,0
Wallis and Futuna Islands,Fires in humid tropical forests,Emissions (CO2eq) (AR5),kilotonnes,0,0,0,0,0,0,0,0,0,0,0,0,0,0,0,0,0,0,0,0,0
Wallis and Futuna Islands,Waste - agri-food systems,Emissions (CH4),kilotonnes,0,0,0,0,0,0,0,0,0,0,0,0,0,0,0,0,0,0,0,0,0
Wallis and Futuna Islands,Waste - agri-food systems,Emissions (N2O),kilotonnes,0,0,0,0,0,0,0,0,0,0,0,0,0,0,0,0,0,0,0,0,0
Wallis and Futuna Islands,Waste - agri-food systems,Emissions (CO2eq) from CH4 (AR5),kilotonnes,0,0,0,0,0,0,0,0,0,0,0,0,0,0,0,0,0,0,0,0,0
Wallis and Futuna Islands,Waste - agri-food systems,Emissions (CO2eq) from N2O (AR5),kilotonnes,0,0,0,0,0,0,0,0,0,0,0,0,0,0,0,0,0,0,0,0,0
Wallis and Futuna Islands,Waste - agri-food systems,Emissions (CO2eq) (AR5),kilotonnes,0,0,0,0,0,0,0,0,0,0,0,0,0,0,0,0,0,0,0,0,0
Wallis and Futuna Islands,On-farm electricity use,Emissions (CH4),kilotonnes,,0,0,0,0,0,0,0,0,0,0,0,0,0,0,0,0,0,0,0,0
Wallis and Futuna Islands,On-farm electricity use,Emissions (N2O),kilotonnes,,0,0,0,0,0,0,0,0,0,0,0,0,0,0,0,0,0,0,0,0
Wallis and Futuna Islands,On-farm electricity use,Emissions (CO2),kilotonnes,,0,0,0,0,0,0,0,0,0,0,0,0,0,0,0,0,0,0,0,0
Wallis and Futuna Islands,On-farm electricity use,Emissions (CO2eq) from CH4 (AR5),kilotonnes,,0,0,0,0,0,0,0,0,0,0,0,0,0,0,0,0,0,0,0,0
Wallis and Futuna Islands,On-farm electricity use,Emissions (CO2eq) from N2O (AR5),kilotonnes,,0,0,0,0,0,0,0,0,0,0,0,0,0,0,0,0,0,0,0,0
Wallis and Futuna Islands,On-farm electricity use,Emissions (CO2eq) (AR5),kilotonnes,,0,0,0,0,0,0,0,0,0,0,0,0,0,0,0,0,0,0,0,0
Wallis and Futuna Islands,Farm-gate emissions,Emissions (CH4),kilotonnes,0,0.0015,0.0037,0.0031,0.0033,0.0033,0.0033,0.0033,0.0029,0.0032,0.0032,0.0033,0.0031,0.0031,0.003,0.003,0.003,0.0029,0.0028,0.0028,0.0028
Wallis and Futuna Islands,Farm-gate emissions,Emissions (N2O),kilotonnes,0,0,0,0,0,0,0,0,0,0,0,0,0,0,0,0,0,0,0,0,0
Wallis and Futuna Islands,Farm-gate emissions,Emissions (CO2),kilotonnes,0,0.4581,1.1814,0.9857,1.0451,1.0407,1.0392,1.0333,0.9024,0.9955,1.0246,1.0439,0.9827,0.9688,0.9447,0.9443,0.9481,0.9031,0.8936,0.8834,0.8834
Wallis and Futuna Islands,Farm-gate emissions,Emissions (CO2eq) from CH4 (AR5),kilotonnes,0,0.0407,0.1049,0.0875,0.0928,0.0924,0.0923,0.0918,0.0801,0.0884,0.091,0.0927,0.0873,0.086,0.0839,0.0838,0.0842,0.0802,0.0793,0.0784,0.0784
Wallis and Futuna Islands,Farm-gate emissions,Emissions (CO2eq) from N2O (AR5),kilotonnes,0,0.0019,0.005,0.0041,0.0044,0.0044,0.0044,0.0043,0.0038,0.0042,0.0043,0.0044,0.0041,0.0041,0.004,0.004,0.004,0.0038,0.0038,0.0037,0.0037
Wallis and Futuna Islands,Farm-gate emissions,Emissions (CO2eq) (AR5),kilotonnes,0,0.5007,1.2912,1.0773,1.1423,1.1375,1.1358,1.1294,0.9863,1.0881,1.1199,1.1409,1.0741,1.0589,1.0326,1.0321,1.0362,0.9871,0.9767,0.9655,0.9655
Wallis and Futuna Islands,Land Use change,Emissions (CH4),kilotonnes,0,0,0,0,0,0,0,0,0,0,0,0,0,0,0,0,0,0,0,0,0
Wallis and Futuna Islands,Land Use change,Emissions (N2O),kilotonnes,0,0,0,0,0,0,0,0,0,0,0,0,0,0,0,0,0,0,0,0,0
Wallis and Futuna Islands,Land Use change,Emissions (CO2),kilotonnes,5.7558,5.7194,5.7194,5.7194,5.7194,5.7194,5.7194,5.7194,5.7194,5.7194,5.7194,5.683,5.683,5.683,5.683,5.683,0,0,0,0,0
Wallis and Futuna Islands,Land Use change,Emissions (CO2eq) from CH4 (AR5),kilotonnes,0,0,0,0,0,0,0,0,0,0,0,0,0,0,0,0,0,0,0,0,0
Wallis and Futuna Islands,Land Use change,Emissions (CO2eq) from N2O (AR5),kilotonnes,0,0,0,0,0,0,0,0,0,0,0,0,0,0,0,0,0,0,0,0,0
Wallis and Futuna Islands,Land Use change,Emissions (CO2eq) (AR5),kilotonnes,5.7558,5.7194,5.7194,5.7194,5.7194,5.7194,5.7194,5.7194,5.7194,5.7194,5.7194,5.683,5.683,5.683,5.683,5.683,0,0,0,0,0
Wallis and Futuna Islands,Emissions on agricultural land,Emissions (CH4),kilotonnes,0,0.0015,0.0037,0.0031,0.0033,0.0033,0.0033,0.0033,0.0029,0.0032,0.0032,0.0033,0.0031,0.0031,0.003,0.003,0.003,0.0029,0.0028,0.0028,0.0028
Wallis and Futuna Islands,Emissions on agricultural land,Emissions (N2O),kilotonnes,0,0,0,0,0,0,0,0,0,0,0,0,0,0,0,0,0,0,0,0,0
Wallis and Futuna Islands,Emissions on agricultural land,Emissions (CO2),kilotonnes,5.7558,6.1775,6.9008,6.7051,6.7645,6.7601,6.7586,6.7527,6.6218,6.7149,6.744,6.7269,6.6657,6.6519,6.6277,6.6273,0.9481,0.9031,0.8936,0.8834,0.8834
Wallis and Futuna Islands,Emissions on agricultural land,Emissions (CO2eq) from CH4 (AR5),kilotonnes,0,0.0407,0.1049,0.0875,0.0928,0.0924,0.0923,0.0918,0.0801,0.0884,0.091,0.0927,0.0873,0.086,0.0839,0.0838,0.0842,0.0802,0.0793,0.0784,0.0784
Wallis and Futuna Islands,Emissions on agricultural land,Emissions (CO2eq) from N2O (AR5),kilotonnes,0,0.0019,0.005,0.0041,0.0044,0.0044,0.0044,0.0043,0.0038,0.0042,0.0043,0.0044,0.0041,0.0041,0.004,0.004,0.004,0.0038,0.0038,0.0037,0.0037
Wallis and Futuna Islands,Emissions on agricultural land,Emissions (CO2eq) (AR5),kilotonnes,5.7558,6.2201,7.0107,6.7967,6.8617,6.8569,6.8552,6.8488,6.7057,6.8075,6.8393,6.824,6.7571,6.7419,6.7156,6.7151,1.0362,0.9871,0.9767,0.9655,0.9655
Wallis and Futuna Islands,Pre- and post- production,Emissions (CH4),kilotonnes,0,0,0,0,0,0,0,0,0,0,0,0,0,0,0,0,0,0,0,0,0
Wallis and Futuna Islands,Pre- and post- production,Emissions (N2O),kilotonnes,0,0,0,0,0,0,0,0,0,0,0,0,0,0,0,0,0,0,0,0,0
Wallis and Futuna Islands,Pre- and post- production,Emissions (CO2),kilotonnes,,0,0,0,0,0,0,0,0,0,0,0,0,0,0,0,0,0,0,0,0
Wallis and Futuna Islands,Pre- and post- production,Emissions (CO2eq) from CH4 (AR5),kilotonnes,0,0,0,0,0,0,0,0,0,0,0,0,0,0,0,0,0,0,0,0,0
Wallis and Futuna Islands,Pre- and post- production,Emissions (CO2eq) from N2O (AR5),kilotonnes,0,0,0,0,0,0,0,0,0,0,0,0,0,0,0,0,0,0,0,0,0
Wallis and Futuna Islands,Pre- and post- production,Emissions (CO2eq) (AR5),kilotonnes,0,0,0,0,0,0,0,0,0,0,0,0,0,0,0,0,0,0,0,0,0
Wallis and Futuna Islands,Agri-food systems,Emissions (CH4),kilotonnes,0,0.0015,0.0037,0.0031,0.0033,0.0033,0.0033,0.0033,0.0029,0.0032,0.0032,0.0033,0.0031,0.0031,0.003,0.003,0.003,0.0029,0.0028,0.0028,0.0028
Wallis and Futuna Islands,Agri-food systems,Emissions (N2O),kilotonnes,0,0,0,0,0,0,0,0,0,0,0,0,0,0,0,0,0,0,0,0,0
Wallis and Futuna Islands,Agri-food systems,Emissions (CO2),kilotonnes,5.7558,6.1775,6.9008,6.7051,6.7645,6.7601,6.7586,6.7527,6.6218,6.7149,6.744,6.7269,6.6657,6.6519,6.6277,6.6273,0.9481,0.9031,0.8936,0.8834,0.8834
Wallis and Futuna Islands,Agri-food systems,Emissions (CO2eq) from CH4 (AR5),kilotonnes,0,0.0407,0.1049,0.0875,0.0928,0.0924,0.0923,0.0918,0.0801,0.0884,0.091,0.0927,0.0873,0.086,0.0839,0.0838,0.0842,0.0802,0.0793,0.0784,0.0784
Wallis and Futuna Islands,Agri-food systems,Emissions (CO2eq) from N2O (AR5),kilotonnes,0,0.0019,0.005,0.0041,0.0044,0.0044,0.0044,0.0043,0.0038,0.0042,0.0043,0.0044,0.0041,0.0041,0.004,0.004,0.004,0.0038,0.0038,0.0037,0.0037
Wallis and Futuna Islands,Agri-food systems,Emissions (CO2eq) (AR5),kilotonnes,5.7558,6.2201,7.0107,6.7967,6.8617,6.8569,6.8552,6.8488,6.7057,6.8075,6.8393,6.824,6.7571,6.7419,6.7156,6.7151,1.0362,0.9871,0.9767,0.9655,0.9655
Wallis and Futuna Islands,IPCC Agriculture,Emissions (CH4),kilotonnes,0,0,0,0,0,0,0,0,0,0,0,0,0,0,0,0,0,0,0,0,0
Wallis and Futuna Islands,IPCC Agriculture,Emissions (N2O),kilotonnes,0,0,0,0,0,0,0,0,0,0,0,0,0,0,0,0,0,0,0,0,0
Wallis and Futuna Islands,IPCC Agriculture,Emissions (CO2eq) from CH4 (AR5),kilotonnes,0,0,0,0,0,0,0,0,0,0,0,0,0,0,0,0,0,0,0,0,0
Wallis and Futuna Islands,IPCC Agriculture,Emissions (CO2eq) from N2O (AR5),kilotonnes,0,0,0,0,0,0,0,0,0,0,0,0,0,0,0,0,0,0,0,0,0
Wallis and Futuna Islands,IPCC Agriculture,Emissions (CO2eq) (AR5),kilotonnes,0,0,0,0,0,0,0,0,0,0,0,0,0,0,0,0,0,0,0,0,0
Wallis and Futuna Islands,Agricultural Soils,Emissions (N2O),kilotonnes,0,0,0,0,0,0,0,0,0,0,0,0,0,0,0,0,0,0,0,0,0
Wallis and Futuna Islands,Agricultural Soils,Emissions (CO2eq) from N2O (AR5),kilotonnes,0,0,0,0,0,0,0,0,0,0,0,0,0,0,0,0,0,0,0,0,0
Wallis and Futuna Islands,Agricultural Soils,Emissions (CO2eq) (AR5),kilotonnes,0,0,0,0,0,0,0,0,0,0,0,0,0,0,0,0,0,0,0,0,0
Wallis and Futuna Islands,LULUCF,Emissions (CH4),kilotonnes,0,0,0,0,0,0,0,0,0,0,0,0,0,0,0,0,0,0,0,0,0
Wallis and Futuna Islands,LULUCF,Emissions (N2O),kilotonnes,0,0,0,0,0,0,0,0,0,0,0,0,0,0,0,0,0,0,0,0,0
Wallis and Futuna Islands,LULUCF,Emissions (CO2),kilotonnes,0.9611,0.9656,0.9656,0.9656,0.9656,0.9656,0.9656,0.9656,0.9656,0.9656,0.9656,0.6577,0.6577,0.6577,0.6577,0.6577,0,0,0,0,0
Wallis and Futuna Islands,LULUCF,Emissions (CO2eq) from CH4 (AR5),kilotonnes,0,0,0,0,0,0,0,0,0,0,0,0,0,0,0,0,0,0,0,0,0
Wallis and Futuna Islands,LULUCF,Emissions (CO2eq) from N2O (AR5),kilotonnes,0,0,0,0,0,0,0,0,0,0,0,0,0,0,0,0,0,0,0,0,0
Wallis and Futuna Islands,LULUCF,Emissions (CO2eq) (AR5),kilotonnes,0.9611,0.9656,0.9656,0.9656,0.9656,0.9656,0.9656,0.9656,0.9656,0.9656,0.9656,0.6577,0.6577,0.6577,0.6577,0.6577,0,0,0,0,0
Wallis and Futuna Islands,AFOLU,Emissions (CH4),kilotonnes,0,0,0,0,0,0,0,0,0,0,0,0,0,0,0,0,0,0,0,0,0
Wallis and Futuna Islands,AFOLU,Emissions (N2O),kilotonnes,0,0,0,0,0,0,0,0,0,0,0,0,0,0,0,0,0,0,0,0,0
Wallis and Futuna Islands,AFOLU,Emissions (CO2),kilotonnes,0.9611,0.9656,0.9656,0.9656,0.9656,0.9656,0.9656,0.9656,0.9656,0.9656,0.9656,0.6577,0.6577,0.6577,0.6577,0.6577,0,0,0,0,0
Wallis and Futuna Islands,AFOLU,Emissions (CO2eq) from CH4 (AR5),kilotonnes,0,0,0,0,0,0,0,0,0,0,0,0,0,0,0,0,0,0,0,0,0
Wallis and Futuna Islands,AFOLU,Emissions (CO2eq) from N2O (AR5),kilotonnes,0,0,0,0,0,0,0,0,0,0,0,0,0,0,0,0,0,0,0,0,0
Wallis and Futuna Islands,AFOLU,Emissions (CO2eq) (AR5),kilotonnes,0.9611,0.9656,0.9656,0.9656,0.9656,0.9656,0.9656,0.9656,0.9656,0.9656,0.9656,0.6577,0.6577,0.6577,0.6577,0.6577,0,0,0,0,0
Wallis and Futuna Islands,All sectors with LULUCF,Emissions (CH4),kilotonnes,0,0,0,0,0,0,0,0,0,0,0,0,0,0,0,0,0,0,0,0,0
Wallis and Futuna Islands,All sectors with LULUCF,Emissions (N2O),kilotonnes,0,0,0,0,0,0,0,0,0,0,0,0,0,0,0,0,0,0,0,0,0
Wallis and Futuna Islands,All sectors with LULUCF,Emissions (CO2),kilotonnes,0.9611,0.9656,0.9656,0.9656,0.9656,0.9656,0.9656,0.9656,0.9656,0.9656,0.9656,0.6577,0.6577,0.6577,0.6577,0.6577,0,0,0,0,0
Wallis and Futuna Islands,All sectors with LULUCF,Emissions (CO2eq) from CH4 (AR5),kilotonnes,0,0,0,0,0,0,0,0,0,0,0,0,0,0,0,0,0,0,0,0,0
Wallis and Futuna Islands,All sectors with LULUCF,Emissions (CO2eq) from N2O (AR5),kilotonnes,0,0,0,0,0,0,0,0,0,0,0,0,0,0,0,0,0,0,0,0,0
Wallis and Futuna Islands,All sectors with LULUCF,Emissions (CO2eq) (AR5),kilotonnes,0.9611,0.9656,0.9656,0.9656,0.9656,0.9656,0.9656,0.9656,0.9656,0.9656,0.9656,0.6577,0.6577,0.6577,0.6577,0.6577,0,0,0,0,0
Wallis and Futuna Islands,All sectors without LULUCF,Emissions (CH4),kilotonnes,0,0,0,0,0,0,0,0,0,0,0,0,0,0,0,0,0,0,0,0,0
Wallis and Futuna Islands,All sectors without LULUCF,Emissions (N2O),kilotonnes,0,0,0,0,0,0,0,0,0,0,0,0,0,0,0,0,0,0,0,0,0
Wallis and Futuna Islands,All sectors without LULUCF,Emissions (CO2eq) from CH4 (AR5),kilotonnes,0,0,0,0,0,0,0,0,0,0,0,0,0,0,0,0,0,0,0,0,0
Wallis and Futuna Islands,All sectors without LULUCF,Emissions (CO2eq) from N2O (AR5),kilotonnes,0,0,0,0,0,0,0,0,0,0,0,0,0,0,0,0,0,0,0,0,0
Wallis and Futuna Islands,All sectors without LULUCF,Emissions (CO2eq) (AR5),kilotonnes,0,0,0,0,0,0,0,0,0,0,0,0,0,0,0,0,0,0,0,0,0
Western Sahara,Crop Residues,Direct emissions (N2O),kilotonnes,,,,,,,,,,,,,,,,,,,,,
Western Sahara,Crop Residues,Indirect emissions (N2O),kilotonnes,,,,,,,,,,,,,,,,,,,,,
Western Sahara,Crop Residues,Emissions (N2O),kilotonnes,,,,,,,,,,,,,,,,,,,,,
Western Sahara,Crop Residues,Emissions (CO2eq) from N2O (AR5),kilotonnes,,,,,,,,,,,,,,,,,,,,,
Western Sahara,Crop Residues,Emissions (CO2eq) (AR5),kilotonnes,,,,,,,,,,,,,,,,,,,,,
Western Sahara,Drained organic soils,Emissions (CO2eq) (AR5),kilotonnes,0,0,0,0,0,0,0,0,0,0,0,0,0,0,0,0,0,0,0,0,0
Western Sahara,Drained organic soils (CO2),Emissions (CO2),kilotonnes,0,0,0,0,0,0,0,0,0,0,0,0,0,0,0,0,0,0,0,0,0
Western Sahara,Drained organic soils (CO2),Emissions (CO2eq) (AR5),kilotonnes,0,0,0,0,0,0,0,0,0,0,0,0,0,0,0,0,0,0,0,0,0
Western Sahara,Drained organic soils (N2O),Emissions (N2O),kilotonnes,0,0,0,0,0,0,0,0,0,0,0,0,0,0,0,0,0,0,0,0,0
Western Sahara,Drained organic soils (N2O),Emissions (CO2eq) from N2O (AR5),kilotonnes,0,0,0,0,0,0,0,0,0,0,0,0,0,0,0,0,0,0,0,0,0
Western Sahara,Drained organic soils (N2O),Emissions (CO2eq) (AR5),kilotonnes,0,0,0,0,0,0,0,0,0,0,0,0,0,0,0,0,0,0,0,0,0
Western Sahara,Forestland,Emissions (CO2),kilotonnes,-607.889,-356.0556,-356.0556,-356.0556,-356.0556,-356.0556,-356.0556,-356.0556,-356.0556,-356.0556,-356.0556,-146.234,-146.234,-146.234,-146.234,-146.234,-104.5657,-104.5657,-104.5657,-104.5657,-104.5657
Western Sahara,Forestland,Emissions (CO2eq) (AR5),kilotonnes,-607.889,-356.0556,-356.0556,-356.0556,-356.0556,-356.0556,-356.0556,-356.0556,-356.0556,-356.0556,-356.0556,-146.234,-146.234,-146.234,-146.234,-146.234,-104.5657,-104.5657,-104.5657,-104.5657,-104.5657
Western Sahara,Net Forest conversion,Emissions (CO2),kilotonnes,0,37.1448,37.1448,37.1448,37.1448,37.1448,37.1448,37.1448,37.1448,37.1448,37.1448,7.6911,7.6911,7.6911,7.6911,7.6911,0,0,0,0,0
Western Sahara,Net Forest conversion,Emissions (CO2eq) (AR5),kilotonnes,0,37.1448,37.1448,37.1448,37.1448,37.1448,37.1448,37.1448,37.1448,37.1448,37.1448,7.6911,7.6911,7.6911,7.6911,7.6911,0,0,0,0,0
Western Sahara,Savanna fires,Emissions (CH4),kilotonnes,0,0,0,0,0,0,0,0,0,0,0,0,0,0,0,0,0,0,0,0,0
Western Sahara,Savanna fires,Emissions (N2O),kilotonnes,0,0,0,0,0,0,0,0,0,0,0,0,0,0,0,0,0,0,0,0,0
Western Sahara,Savanna fires,Emissions (CO2eq) from CH4 (AR5),kilotonnes,0,0,0,0,0,0,0,0,0,0,0,0,0,0,0,0,0,0,0,0,0
Western Sahara,Savanna fires,Emissions (CO2eq) from N2O (AR5),kilotonnes,0,0,0,0,0,0,0,0,0,0,0,0,0,0,0,0,0,0,0,0,0
Western Sahara,Savanna fires,Emissions (CO2eq) (AR5),kilotonnes,0,0,0,0,0,0,0,0,0,0,0,0,0,0,0,0,0,0,0,0,0
Western Sahara,Fires in organic soils,Emissions (CH4),kilotonnes,0,0,0,0,0,0,0,0,0,0,0,0,0,0,0,0,0,0,0,0,0
Western Sahara,Fires in organic soils,Emissions (CO2),kilotonnes,0,0,0,0,0,0,0,0,0,0,0,0,0,0,0,0,0,0,0,0,0
Western Sahara,Fires in organic soils,Emissions (CO2eq) from CH4 (AR5),kilotonnes,0,0,0,0,0,0,0,0,0,0,0,0,0,0,0,0,0,0,0,0,0
Western Sahara,Fires in organic soils,Emissions (CO2eq) (AR5),kilotonnes,0,0,0,0,0,0,0,0,0,0,0,0,0,0,0,0,0,0,0,0,0
Western Sahara,Forest fires,Emissions (CH4),kilotonnes,0,0,0,0,0,0,0,0,0,0,0,0,0,0,0,0,0,0,0,0,0
Western Sahara,Forest fires,Emissions (N2O),kilotonnes,0,0,0,0,0,0,0,0,0,0,0,0,0,0,0,0,0,0,0,0,0
Western Sahara,Forest fires,Emissions (CO2eq) from CH4 (AR5),kilotonnes,0,0,0,0,0,0,0,0,0,0,0,0,0,0,0,0,0,0,0,0,0
Western Sahara,Forest fires,Emissions (CO2eq) from N2O (AR5),kilotonnes,0,0,0,0,0,0,0,0,0,0,0,0,0,0,0,0,0,0,0,0,0
Western Sahara,Forest fires,Emissions (CO2eq) (AR5),kilotonnes,0,0,0,0,0,0,0,0,0,0,0,0,0,0,0,0,0,0,0,0,0
Western Sahara,Fires in humid tropical forests,Emissions (CH4),kilotonnes,0,0,0,0,0,0,0,0,0,0,0,0,0,0,0,0,0,0,0,0,0
Western Sahara,Fires in humid tropical forests,Emissions (N2O),kilotonnes,0,0,0,0,0,0,0,0,0,0,0,0,0,0,0,0,0,0,0,0,0
Western Sahara,Fires in humid tropical forests,Emissions (CO2eq) from CH4 (AR5),kilotonnes,0,0,0,0,0,0,0,0,0,0,0,0,0,0,0,0,0,0,0,0,0
Western Sahara,Fires in humid tropical forests,Emissions (CO2eq) from N2O (AR5),kilotonnes,0,0,0,0,0,0,0,0,0,0,0,0,0,0,0,0,0,0,0,0,0
Western Sahara,Fires in humid tropical forests,Emissions (CO2eq) (AR5),kilotonnes,0,0,0,0,0,0,0,0,0,0,0,0,0,0,0,0,0,0,0,0,0
Western Sahara,Waste - agri-food systems,Emissions (CH4),kilotonnes,0,0,0,0,0,0,0,0,0,0,0,0,0,0,0,0,0,0,0,0,0
Western Sahara,Waste - agri-food systems,Emissions (N2O),kilotonnes,0,0,0,0,0,0,0,0,0,0,0,0,0,0,0,0,0,0,0,0,0
Western Sahara,Waste - agri-food systems,Emissions (CO2eq) from CH4 (AR5),kilotonnes,0,0,0,0,0,0,0,0,0,0,0,0,0,0,0,0,0,0,0,0,0
Western Sahara,Waste - agri-food systems,Emissions (CO2eq) from N2O (AR5),kilotonnes,0,0,0,0,0,0,0,0,0,0,0,0,0,0,0,0,0,0,0,0,0
Western Sahara,Waste - agri-food systems,Emissions (CO2eq) (AR5),kilotonnes,0,0,0,0,0,0,0,0,0,0,0,0,0,0,0,0,0,0,0,0,0
Western Sahara,Farm-gate emissions,Emissions (CH4),kilotonnes,0,0,0,0,0,0,0,0,0,0,0,0,0,0,0,0,0,0,0,0,0
Western Sahara,Farm-gate emissions,Direct emissions (N2O),kilotonnes,,,,,,,,,,,,,,,,,,,,,
Western Sahara,Farm-gate emissions,Indirect emissions (N2O),kilotonnes,,,,,,,,,,,,,,,,,,,,,
Western Sahara,Farm-gate emissions,Emissions (N2O),kilotonnes,0,0,0,0,0,0,0,0,0,0,0,0,0,0,0,0,0,0,0,0,0
Western Sahara,Farm-gate emissions,Emissions (CO2),kilotonnes,0,0,0,0,0,0,0,0,0,0,0,0,0,0,0,0,0,0,0,0,0
Western Sahara,Farm-gate emissions,Emissions (CO2eq) from CH4 (AR5),kilotonnes,0,0,0,0,0,0,0,0,0,0,0,0,0,0,0,0,0,0,0,0,0
Western Sahara,Farm-gate emissions,Emissions (CO2eq) from N2O (AR5),kilotonnes,0,0,0,0,0,0,0,0,0,0,0,0,0,0,0,0,0,0,0,0,0
Western Sahara,Farm-gate emissions,Emissions (CO2eq) (AR5),kilotonnes,0,0,0,0,0,0,0,0,0,0,0,0,0,0,0,0,0,0,0,0,0
Western Sahara,Land Use change,Emissions (CH4),kilotonnes,0,0,0,0,0,0,0,0,0,0,0,0,0,0,0,0,0,0,0,0,0
Western Sahara,Land Use change,Emissions (N2O),kilotonnes,0,0,0,0,0,0,0,0,0,0,0,0,0,0,0,0,0,0,0,0,0
Western Sahara,Land Use change,Emissions (CO2),kilotonnes,0,37.1448,37.1448,37.1448,37.1448,37.1448,37.1448,37.1448,37.1448,37.1448,37.1448,7.6911,7.6911,7.6911,7.6911,7.6911,0,0,0,0,0
Western Sahara,Land Use change,Emissions (CO2eq) from CH4 (AR5),kilotonnes,0,0,0,0,0,0,0,0,0,0,0,0,0,0,0,0,0,0,0,0,0
Western Sahara,Land Use change,Emissions (CO2eq) from N2O (AR5),kilotonnes,0,0,0,0,0,0,0,0,0,0,0,0,0,0,0,0,0,0,0,0,0
Western Sahara,Land Use change,Emissions (CO2eq) (AR5),kilotonnes,0,37.1448,37.1448,37.1448,37.1448,37.1448,37.1448,37.1448,37.1448,37.1448,37.1448,7.6911,7.6911,7.6911,7.6911,7.6911,0,0,0,0,0
Western Sahara,Emissions on agricultural land,Emissions (CH4),kilotonnes,0,0,0,0,0,0,0,0,0,0,0,0,0,0,0,0,0,0,0,0,0
Western Sahara,Emissions on agricultural land,Emissions (N2O),kilotonnes,0,0,0,0,0,0,0,0,0,0,0,0,0,0,0,0,0,0,0,0,0
Western Sahara,Emissions on agricultural land,Emissions (CO2),kilotonnes,0,37.1448,37.1448,37.1448,37.1448,37.1448,37.1448,37.1448,37.1448,37.1448,37.1448,7.6911,7.6911,7.6911,7.6911,7.6911,0,0,0,0,0
Western Sahara,Emissions on agricultural land,Emissions (CO2eq) from CH4 (AR5),kilotonnes,0,0,0,0,0,0,0,0,0,0,0,0,0,0,0,0,0,0,0,0,0
Western Sahara,Emissions on agricultural land,Emissions (CO2eq) from N2O (AR5),kilotonnes,0,0,0,0,0,0,0,0,0,0,0,0,0,0,0,0,0,0,0,0,0
Western Sahara,Emissions on agricultural land,Emissions (CO2eq) (AR5),kilotonnes,0,37.1448,37.1448,37.1448,37.1448,37.1448,37.1448,37.1448,37.1448,37.1448,37.1448,7.6911,7.6911,7.6911,7.6911,7.6911,0,0,0,0,0
Western Sahara,Pre- and post- production,Emissions (CH4),kilotonnes,0,0,0,0,0,0,0,0,0,0,0,0,0,0,0,0,0,0,0,0,0
Western Sahara,Pre- and post- production,Emissions (N2O),kilotonnes,0,0,0,0,0,0,0,0,0,0,0,0,0,0,0,0,0,0,0,0,0
Western Sahara,Pre- and post- production,Emissions (CO2eq) from CH4 (AR5),kilotonnes,0,0,0,0,0,0,0,0,0,0,0,0,0,0,0,0,0,0,0,0,0
Western Sahara,Pre- and post- production,Emissions (CO2eq) from N2O (AR5),kilotonnes,0,0,0,0,0,0,0,0,0,0,0,0,0,0,0,0,0,0,0,0,0
Western Sahara,Pre- and post- production,Emissions (CO2eq) (AR5),kilotonnes,0,0,0,0,0,0,0,0,0,0,0,0,0,0,0,0,0,0,0,0,0
Western Sahara,Agri-food systems,Emissions (CH4),kilotonnes,0,0,0,0,0,0,0,0,0,0,0,0,0,0,0,0,0,0,0,0,0
Western Sahara,Agri-food systems,Emissions (N2O),kilotonnes,0,0,0,0,0,0,0,0,0,0,0,0,0,0,0,0,0,0,0,0,0
Western Sahara,Agri-food systems,Emissions (CO2),kilotonnes,0,37.1448,37.1448,37.1448,37.1448,37.1448,37.1448,37.1448,37.1448,37.1448,37.1448,7.6911,7.6911,7.6911,7.6911,7.6911,0,0,0,0,0
Western Sahara,Agri-food systems,Emissions (CO2eq) from CH4 (AR5),kilotonnes,0,0,0,0,0,0,0,0,0,0,0,0,0,0,0,0,0,0,0,0,0
Western Sahara,Agri-food systems,Emissions (CO2eq) from N2O (AR5),kilotonnes,0,0,0,0,0,0,0,0,0,0,0,0,0,0,0,0,0,0,0,0,0
Western Sahara,Agri-food systems,Emissions (CO2eq) (AR5),kilotonnes,0,37.1448,37.1448,37.1448,37.1448,37.1448,37.1448,37.1448,37.1448,37.1448,37.1448,7.6911,7.6911,7.6911,7.6911,7.6911,0,0,0,0,0
Western Sahara,IPCC Agriculture,Emissions (CH4),kilotonnes,0,0,0,0,0,0,0,0,0,0,0,0,0,0,0,0,0,0,0,0,0
Western Sahara,IPCC Agriculture,Direct emissions (N2O),kilotonnes,,,,,,,,,,,,,,,,,,,,,
Western Sahara,IPCC Agriculture,Indirect emissions (N2O),kilotonnes,,,,,,,,,,,,,,,,,,,,,
Western Sahara,IPCC Agriculture,Emissions (N2O),kilotonnes,0,0,0,0,0,0,0,0,0,0,0,0,0,0,0,0,0,0,0,0,0
Western Sahara,IPCC Agriculture,Emissions (CO2eq) from CH4 (AR5),kilotonnes,0,0,0,0,0,0,0,0,0,0,0,0,0,0,0,0,0,0,0,0,0
Western Sahara,IPCC Agriculture,Emissions (CO2eq) from N2O (AR5),kilotonnes,0,0,0,0,0,0,0,0,0,0,0,0,0,0,0,0,0,0,0,0,0
Western Sahara,IPCC Agriculture,Emissions (CO2eq) (AR5),kilotonnes,0,0,0,0,0,0,0,0,0,0,0,0,0,0,0,0,0,0,0,0,0
Western Sahara,Agricultural Soils,Direct emissions (N2O),kilotonnes,,,,,,,,,,,,,,,,,,,,,
Western Sahara,Agricultural Soils,Indirect emissions (N2O),kilotonnes,,,,,,,,,,,,,,,,,,,,,
Western Sahara,Agricultural Soils,Emissions (N2O),kilotonnes,0,0,0,0,0,0,0,0,0,0,0,0,0,0,0,0,0,0,0,0,0
Western Sahara,Agricultural Soils,Emissions (CO2eq) from N2O (AR5),kilotonnes,0,0,0,0,0,0,0,0,0,0,0,0,0,0,0,0,0,0,0,0,0
Western Sahara,Agricultural Soils,Emissions (CO2eq) (AR5),kilotonnes,0,0,0,0,0,0,0,0,0,0,0,0,0,0,0,0,0,0,0,0,0
Western Sahara,LULUCF,Emissions (CH4),kilotonnes,0,0,0,0,0,0,0,0,0,0,0,0,0,0,0,0,0,0,0,0,0
Western Sahara,LULUCF,Emissions (N2O),kilotonnes,0,0,0,0,0,0,0,0,0,0,0,0,0,0,0,0,0,0,0,0,0
Western Sahara,LULUCF,Emissions (CO2),kilotonnes,-607.889,-318.9108,-318.9108,-318.9108,-318.9108,-318.9108,-318.9108,-318.9108,-318.9108,-318.9108,-318.9108,-138.5429,-138.5429,-138.5429,-138.5429,-138.5429,-104.5657,-104.5657,-104.5657,-104.5657,-104.5657
Western Sahara,LULUCF,Emissions (CO2eq) from CH4 (AR5),kilotonnes,0,0,0,0,0,0,0,0,0,0,0,0,0,0,0,0,0,0,0,0,0
Western Sahara,LULUCF,Emissions (CO2eq) from N2O (AR5),kilotonnes,0,0,0,0,0,0,0,0,0,0,0,0,0,0,0,0,0,0,0,0,0
Western Sahara,LULUCF,Emissions (CO2eq) (AR5),kilotonnes,-607.889,-318.9108,-318.9108,-318.9108,-318.9108,-318.9108,-318.9108,-318.9108,-318.9108,-318.9108,-318.9108,-138.5429,-138.5429,-138.5429,-138.5429,-138.5429,-104.5657,-104.5657,-104.5657,-104.5657,-104.5657
Western Sahara,AFOLU,Emissions (CH4),kilotonnes,0,0,0,0,0,0,0,0,0,0,0,0,0,0,0,0,0,0,0,0,0
Western Sahara,AFOLU,Emissions (N2O),kilotonnes,0,0,0,0,0,0,0,0,0,0,0,0,0,0,0,0,0,0,0,0,0
Western Sahara,AFOLU,Emissions (CO2),kilotonnes,-607.889,-318.9108,-318.9108,-318.9108,-318.9108,-318.9108,-318.9108,-318.9108,-318.9108,-318.9108,-318.9108,-138.5429,-138.5429,-138.5429,-138.5429,-138.5429,-104.5657,-104.5657,-104.5657,-104.5657,-104.5657
Western Sahara,AFOLU,Emissions (CO2eq) from CH4 (AR5),kilotonnes,0,0,0,0,0,0,0,0,0,0,0,0,0,0,0,0,0,0,0,0,0
Western Sahara,AFOLU,Emissions (CO2eq) from N2O (AR5),kilotonnes,0,0,0,0,0,0,0,0,0,0,0,0,0,0,0,0,0,0,0,0,0
Western Sahara,AFOLU,Emissions (CO2eq) (AR5),kilotonnes,-607.889,-318.9108,-318.9108,-318.9108,-318.9108,-318.9108,-318.9108,-318.9108,-318.9108,-318.9108,-318.9108,-138.5429,-138.5429,-138.5429,-138.5429,-138.5429,-104.5657,-104.5657,-104.5657,-104.5657,-104.5657
Western Sahara,All sectors with LULUCF,Emissions (CH4),kilotonnes,0,0,0,0,0,0,0,0,0,0,0,0,0,0,0,0,0,0,0,0,0
Western Sahara,All sectors with LULUCF,Emissions (N2O),kilotonnes,0,0,0,0,0,0,0,0,0,0,0,0,0,0,0,0,0,0,0,0,0
Western Sahara,All sectors with LULUCF,Emissions (CO2),kilotonnes,-607.889,-318.9108,-318.9108,-318.9108,-318.9108,-318.9108,-318.9108,-318.9108,-318.9108,-318.9108,-318.9108,-138.5429,-138.5429,-138.5429,-138.5429,-138.5429,-104.5657,-104.5657,-104.5657,-104.5657,-104.5657
Western Sahara,All sectors with LULUCF,Emissions (CO2eq) from CH4 (AR5),kilotonnes,0,0,0,0,0,0,0,0,0,0,0,0,0,0,0,0,0,0,0,0,0
Western Sahara,All sectors with LULUCF,Emissions (CO2eq) from N2O (AR5),kilotonnes,0,0,0,0,0,0,0,0,0,0,0,0,0,0,0,0,0,0,0,0,0
Western Sahara,All sectors with LULUCF,Emissions (CO2eq) (AR5),kilotonnes,-607.889,-318.9108,-318.9108,-318.9108,-318.9108,-318.9108,-318.9108,-318.9108,-318.9108,-318.9108,-318.9108,-138.5429,-138.5429,-138.5429,-138.5429,-138.5429,-104.5657,-104.5657,-104.5657,-104.5657,-104.5657
Western Sahara,All sectors without LULUCF,Emissions (CH4),kilotonnes,0,0,0,0,0,0,0,0,0,0,0,0,0,0,0,0,0,0,0,0,0
Western Sahara,All sectors without LULUCF,Emissions (N2O),kilotonnes,0,0,0,0,0,0,0,0,0,0,0,0,0,0,0,0,0,0,0,0,0
Western Sahara,All sectors without LULUCF,Emissions (CO2eq) from CH4 (AR5),kilotonnes,0,0,0,0,0,0,0,0,0,0,0,0,0,0,0,0,0,0,0,0,0
Western Sahara,All sectors without LULUCF,Emissions (CO2eq) from N2O (AR5),kilotonnes,0,0,0,0,0,0,0,0,0,0,0,0,0,0,0,0,0,0,0,0,0
Western Sahara,All sectors without LULUCF,Emissions (CO2eq) (AR5),kilotonnes,0,0,0,0,0,0,0,0,0,0,0,0,0,0,0,0,0,0,0,0,0
Yemen,Crop Residues,Direct emissions (N2O),kilotonnes,0.1717,0.1803,0.1537,0.1277,0.1577,0.1828,0.223,0.2714,0.1968,0.1855,0.2598,0.2156,0.2373,0.2308,0.1915,0.1423,0.1197,0.1189,0.1154,0.1324,0.1317
Yemen,Crop Residues,Indirect emissions (N2O),kilotonnes,0.0386,0.0406,0.0346,0.0287,0.0355,0.0411,0.0502,0.0611,0.0443,0.0417,0.0585,0.0485,0.0534,0.0519,0.0431,0.032,0.0269,0.0267,0.026,0.0298,0.0296
Yemen,Crop Residues,Emissions (N2O),kilotonnes,0.2103,0.2208,0.1883,0.1564,0.1931,0.2239,0.2731,0.3325,0.2411,0.2273,0.3183,0.2642,0.2906,0.2827,0.2345,0.1743,0.1466,0.1456,0.1414,0.1622,0.1613
Yemen,Crop Residues,Emissions (CO2eq) from N2O (AR5),kilotonnes,55.7256,58.5178,49.8975,41.4591,51.1794,59.3444,72.3756,88.1025,63.8949,60.2219,84.3487,69.9998,77.0211,74.9156,62.1553,46.2019,38.8552,38.5935,37.4579,42.9701,42.7411
Yemen,Crop Residues,Emissions (CO2eq) (AR5),kilotonnes,55.7256,58.5178,49.8975,41.4591,51.1794,59.3444,72.3756,88.1025,63.8949,60.2219,84.3487,69.9998,77.0211,74.9156,62.1553,46.2019,38.8552,38.5935,37.4579,42.9701,42.7411
Yemen,Burning - Crop residues,Emissions (CH4),kilotonnes,0.1813,0.1963,0.184,0.1744,0.1944,0.1969,0.2365,0.2931,0.2503,0.2279,0.3043,0.2545,0.2836,0.2824,0.2464,0.1814,0.1574,0.156,0.1579,0.1608,0.1617
Yemen,Burning - Crop residues,Emissions (CH4),kilotonnes,0.49,,,,,,,,,,1,,0.79,,,,,,,,
Yemen,Burning - Crop residues,Emissions (N2O),kilotonnes,0.0047,0.0051,0.0048,0.0045,0.005,0.0051,0.0061,0.0076,0.0065,0.0059,0.0079,0.0066,0.0074,0.0073,0.0064,0.0047,0.0041,0.004,0.0041,0.0042,0.0042
Yemen,Burning - Crop residues,Emissions (N2O),kilotonnes,,,,,,,,,,,0.03,,0.02,,,,,,,,
Yemen,Burning - Crop residues,Emissions (CO2eq) from CH4 (AR5),kilotonnes,5.0773,5.4953,5.1531,4.883,5.4423,5.5118,6.6214,8.2078,7.0087,6.3815,8.5205,7.1273,7.9403,7.9061,6.8978,5.0791,4.4059,4.3672,4.4224,4.5031,4.5275
Yemen,Burning - Crop residues,Emissions (CO2eq) from CH4 (AR5),kilotonnes,13.72,,,,,,,,,,28,,22.12,,,,,,,,
Yemen,Burning - Crop residues,Emissions (CO2eq) from N2O (AR5),kilotonnes,1.2458,1.3484,1.2644,1.1981,1.3354,1.3524,1.6247,2.014,1.7197,1.5658,2.0907,1.7488,1.9483,1.9399,1.6925,1.2463,1.0811,1.0716,1.0851,1.1049,1.1109
Yemen,Burning - Crop residues,Emissions (CO2eq) from N2O (AR5),kilotonnes,,,,,,,,,,,7.95,,5.3,,,,,,,,
Yemen,Burning - Crop residues,Emissions (CO2eq) (AR5),kilotonnes,6.3231,6.8437,6.4175,6.0811,6.7777,6.8643,8.2461,10.2218,8.7285,7.9474,10.6112,8.8761,9.8886,9.8461,8.5904,6.3254,5.487,5.4388,5.5075,5.608,5.6384
Yemen,Burning - Crop residues,Emissions (CO2eq) (AR5),kilotonnes,13.72,,,,,,,,,,35.95,,27.42,,,,,,,,
Yemen,Enteric Fermentation,Emissions (CH4),kilotonnes,127.005,132.935,134.3878,149.097,150.7136,152.3777,155.5976,161.541,166.5924,170.5378,172.5927,176.9174,178.8127,181.756,184.833,182.6505,177.0617,176.0624,166.3989,186.5587,180.4056
Yemen,Enteric Fermentation,Emissions (CH4),kilotonnes,102,,,,,,,,,,175,,198,,,,,,,,
Yemen,Enteric Fermentation,Emissions (CO2eq) from CH4 (AR5),kilotonnes,3556.14,3722.18,3762.8584,4174.716,4219.9804,4266.576,4356.7327,4523.148,4664.5883,4775.0572,4832.595,4953.6872,5006.7565,5089.1672,5175.3243,5114.2129,4957.7279,4929.7479,4659.1683,5223.6428,5051.3555
Yemen,Enteric Fermentation,Emissions (CO2eq) from CH4 (AR5),kilotonnes,2856,,,,,,,,,,4900,,5544,,,,,,,,
Yemen,Enteric Fermentation,Emissions (CO2eq) (AR5),kilotonnes,3556.14,3722.18,3762.8584,4174.716,4219.9804,4266.576,4356.7327,4523.148,4664.5883,4775.0572,4832.595,4953.6872,5006.7565,5089.1672,5175.3243,5114.2129,4957.7279,4929.7479,4659.1683,5223.6428,5051.3555
Yemen,Enteric Fermentation,Emissions (CO2eq) (AR5),kilotonnes,2856,,,,,,,,,,4900,,5544,,,,,,,,
Yemen,Manure Management,Emissions (CH4),kilotonnes,5.3622,5.6896,5.7503,6.51,6.592,6.6789,6.8548,7.1836,7.4331,7.603,7.6767,7.8357,7.9429,8.0684,8.1778,8.1183,7.9426,7.9066,7.5985,8.3526,8.1694
Yemen,Manure Management,Emissions (CH4),kilotonnes,5,,,,,,,,,,8,,9,,,,,,,,
Yemen,Manure Management,Emissions (N2O),kilotonnes,0.0605,0.0664,0.0669,0.0782,0.0794,0.0806,0.0827,0.0876,0.0913,0.0933,0.0958,0.0971,0.0996,0.1016,0.1035,0.1037,0.103,0.1024,0.098,0.11,0.1056
Yemen,Manure Management,Emissions (N2O),kilotonnes,0.1,,,,,,,,,,0.12,,,,,,,,,,
Yemen,Manure Management,Emissions (CO2eq) from CH4 (AR5),kilotonnes,150.1413,159.308,161.0086,182.2802,184.5761,187.0083,191.9348,201.1401,208.1273,212.8832,214.9469,219.3991,222.4012,225.9138,228.9792,227.3112,222.3927,221.3844,212.7582,233.874,228.7423
Yemen,Manure Management,Emissions (CO2eq) from CH4 (AR5),kilotonnes,140,,,,,,,,,,224,,252,,,,,,,,
Yemen,Manure Management,Emissions (CO2eq) from N2O (AR5),kilotonnes,16.0348,17.603,17.7372,20.7327,21.0502,21.3595,21.9085,23.2155,24.2052,24.7312,25.3843,25.7353,26.3923,26.9283,27.4217,27.4867,27.2976,27.1306,25.9801,29.1475,27.9798
Yemen,Manure Management,Emissions (CO2eq) from N2O (AR5),kilotonnes,26.5,,,,,,,,,,31.8,,,,,,,,,,
Yemen,Manure Management,Emissions (CO2eq) (AR5),kilotonnes,166.1761,176.911,178.7458,203.0129,205.6262,208.3678,213.8433,224.3556,232.3325,237.6144,240.3313,245.1344,248.7935,252.8422,256.4009,254.7978,249.6903,248.515,238.7383,263.0215,256.7221
Yemen,Manure Management,Emissions (CO2eq) (AR5),kilotonnes,166.5,,,,,,,,,,255.8,,252,,,,,,,,
Yemen,Manure left on Pasture,Direct emissions (N2O),kilotonnes,5.322,5.602,5.6604,6.2424,6.3138,6.3859,6.531,6.8106,7.0396,7.2014,7.286,7.4253,7.5133,7.6337,7.765,7.6869,7.4783,7.437,7.0296,7.9103,7.6408
Yemen,Manure left on Pasture,Indirect emissions (N2O),kilotonnes,1.796,1.8867,1.9068,2.1126,2.136,2.1601,2.212,2.3085,2.3848,2.4372,2.4689,2.5132,2.538,2.5751,2.6153,2.5879,2.5141,2.5045,2.3842,2.6517,2.5863
Yemen,Manure left on Pasture,Emissions (N2O),kilotonnes,7.1181,7.4887,7.5672,8.355,8.4498,8.546,8.743,9.1191,9.4244,9.6386,9.7549,9.9384,10.0513,10.2088,10.3803,10.2747,9.9924,9.9414,9.4138,10.562,10.2271
Yemen,Manure left on Pasture,Emissions (CO2eq) from N2O (AR5),kilotonnes,1886.2907,1984.5138,2005.3012,2214.0828,2239.2032,2264.6908,2316.8964,2416.5516,2497.4683,2554.2284,2585.0595,2633.6883,2663.5834,2705.3229,2750.777,2722.8082,2647.9884,2634.4787,2494.6597,2798.9242,2710.1936
Yemen,Manure left on Pasture,Emissions (CO2eq) (AR5),kilotonnes,1886.2907,1984.5138,2005.3012,2214.0828,2239.2032,2264.6908,2316.8964,2416.5516,2497.4683,2554.2284,2585.0595,2633.6883,2663.5834,2705.3229,2750.777,2722.8082,2647.9884,2634.4787,2494.6597,2798.9242,2710.1936
Yemen,Manure applied to Soils,Direct emissions (N2O),kilotonnes,0.0999,0.1108,0.1116,0.1331,0.1352,0.1373,0.1412,0.1504,0.1572,0.1605,0.1651,0.167,0.1714,0.1749,0.1778,0.1787,0.1781,0.1772,0.1713,0.1901,0.1838
Yemen,Manure applied to Soils,Indirect emissions (N2O),kilotonnes,0.0425,0.0471,0.0474,0.0566,0.0575,0.0584,0.06,0.0639,0.0668,0.0682,0.0702,0.071,0.0729,0.0743,0.0756,0.0759,0.0757,0.0753,0.0728,0.0808,0.0781
Yemen,Manure applied to Soils,Emissions (N2O),kilotonnes,0.1424,0.1578,0.159,0.1897,0.1927,0.1957,0.2011,0.2143,0.224,0.2287,0.2353,0.2379,0.2443,0.2492,0.2534,0.2546,0.2538,0.2526,0.2441,0.2709,0.2619
Yemen,Manure applied to Soils,Emissions (CO2eq) from N2O (AR5),kilotonnes,37.7283,41.827,42.1264,50.2579,51.0638,51.8536,53.3045,56.7939,59.3512,60.5967,62.3415,63.0453,64.7355,66.0309,67.1553,67.4728,67.2524,66.9323,64.6921,71.7795,69.3978
Yemen,Manure applied to Soils,Emissions (CO2eq) (AR5),kilotonnes,37.7283,41.827,42.1264,50.2579,51.0638,51.8536,53.3045,56.7939,59.3512,60.5967,62.3415,63.0453,64.7355,66.0309,67.1553,67.4728,67.2524,66.9323,64.6921,71.7795,69.3978
Yemen,Synthetic Fertilizers,Direct emissions (N2O),kilotonnes,0.2341,0.2514,0.1776,0.0773,0.2666,0.062,0.1402,0.412,0.2675,0.2169,0.3759,0.2169,0.2108,0.4211,0.3701,0.0146,0.2944,0.2074,0.0569,0.1447,0.145
Yemen,Synthetic Fertilizers,Indirect emissions (N2O),kilotonnes,0.0761,0.0817,0.0577,0.0251,0.0866,0.0201,0.0456,0.1339,0.0869,0.0705,0.1222,0.0705,0.0685,0.1369,0.1203,0.0047,0.0957,0.0674,0.0185,0.047,0.0471
Yemen,Synthetic Fertilizers,Emissions (N2O),kilotonnes,0.3102,0.3331,0.2353,0.1024,0.3532,0.0821,0.1858,0.5459,0.3544,0.2873,0.498,0.2873,0.2793,0.558,0.4904,0.0193,0.39,0.2748,0.0754,0.1917,0.1921
Yemen,Synthetic Fertilizers,Emissions (CO2eq) from N2O (AR5),kilotonnes,82.2024,88.2829,62.3498,27.1359,93.6074,21.7672,49.2342,144.6735,93.9109,76.144,131.9829,76.144,74.0069,147.8609,129.9528,5.1216,103.3557,72.8292,19.9864,50.7956,50.915
Yemen,Synthetic Fertilizers,Emissions (CO2eq) (AR5),kilotonnes,82.2024,88.2829,62.3498,27.1359,93.6074,21.7672,49.2342,144.6735,93.9109,76.144,131.9829,76.144,74.0069,147.8609,129.9528,5.1216,103.3557,72.8292,19.9864,50.7956,50.915
Yemen,Drained organic soils,Emissions (CO2eq) (AR5),kilotonnes,0,0,0,0,0,0,0,0,0,0,0,0,0,0,0,0,0,0,0,0,0
Yemen,Drained organic soils (CO2),Emissions (CO2),kilotonnes,0,0,0,0,0,0,0,0,0,0,0,0,0,0,0,0,0,0,0,0,0
Yemen,Drained organic soils (CO2),Emissions (CO2eq) (AR5),kilotonnes,0,0,0,0,0,0,0,0,0,0,0,0,0,0,0,0,0,0,0,0,0
Yemen,Drained organic soils (N2O),Emissions (N2O),kilotonnes,0,0,0,0,0,0,0,0,0,0,0,0,0,0,0,0,0,0,0,0,0
Yemen,Drained organic soils (N2O),Emissions (CO2eq) from N2O (AR5),kilotonnes,0,0,0,0,0,0,0,0,0,0,0,0,0,0,0,0,0,0,0,0,0
Yemen,Drained organic soils (N2O),Emissions (CO2eq) (AR5),kilotonnes,0,0,0,0,0,0,0,0,0,0,0,0,0,0,0,0,0,0,0,0,0
Yemen,On-farm energy use,Emissions (CH4),kilotonnes,0.1276,0.1362,0.1526,0.1665,0.1877,0.1916,0.1975,0.2231,0.4313,0.4986,0.753,0.6504,0.5245,0.5401,0.3585,0.1524,0.0901,0.0559,0.0376,0.0131,0.0131
Yemen,On-farm energy use,Emissions (N2O),kilotonnes,0.5239,0.583,0.6851,0.7626,0.8489,0.887,0.9472,1.0608,1.1467,0.3594,0.3126,0.258,0.1982,0.3719,0.3673,0.0595,0.0357,0.0452,0.0561,0.0005,0.0005
Yemen,On-farm energy use,Emissions (CO2),kilotonnes,1463.1514,1621.3735,1899.0279,2108.2776,2344.7706,2442.4975,2598.5927,2952.4626,3237.7264,1254.0396,1209.9697,1016.0817,833.88,1301.5604,1239.1178,334.6828,225.5368,216.4615,227.2039,53.634,53.634
Yemen,On-farm energy use,Emissions (CO2eq) from CH4 (AR5),kilotonnes,3.5723,3.8143,4.2723,4.6608,5.256,5.3641,5.5291,6.2467,12.0754,13.9601,21.085,18.2123,14.6856,15.1225,10.0379,4.2678,2.5226,1.566,1.0516,0.3676,0.3676
Yemen,On-farm energy use,Emissions (CO2eq) from N2O (AR5),kilotonnes,138.8418,154.4848,181.5431,202.0914,224.9616,235.0533,251.003,281.1119,303.8793,95.2485,82.8449,68.362,52.5246,98.5511,97.3297,15.7677,9.4571,11.9877,14.8757,0.131,0.131
Yemen,On-farm energy use,Emissions (CO2eq) (AR5),kilotonnes,1605.5655,1779.6726,2084.8433,2315.0297,2574.9882,2682.9149,2855.1248,3239.8211,3553.6811,1363.2482,1313.8996,1102.656,901.0902,1415.234,1346.4854,354.7184,237.5164,230.0151,243.1311,54.1325,54.1325
Yemen,Forestland,Emissions (CO2),kilotonnes,0,0,0,0,0,0,0,0,0,0,0,0,0,0,0,0,0,0,0,0,0
Yemen,Forestland,Emissions (CO2eq) (AR5),kilotonnes,0,0,0,0,0,0,0,0,0,0,0,0,0,0,0,0,0,0,0,0,0
Yemen,Net Forest conversion,Emissions (CO2),kilotonnes,0,0,0,0,0,0,0,0,0,0,0,0,0,0,0,0,0,0,0,0,0
Yemen,Net Forest conversion,Emissions (CO2eq) (AR5),kilotonnes,0,0,0,0,0,0,0,0,0,0,0,0,0,0,0,0,0,0,0,0,0
Yemen,Savanna fires,Emissions (CH4),kilotonnes,0,0,0,0,0,0,0,0.0007,0.0007,0,0,0,0,0.0008,0.0014,0,0,0,0,0,0
Yemen,Savanna fires,Emissions (N2O),kilotonnes,0,0,0,0,0,0,0,0.0001,0.0001,0,0,0,0,0.0001,0.0001,0,0,0,0,0,0
Yemen,Savanna fires,Emissions (CO2eq) from CH4 (AR5),kilotonnes,0,0,0,0,0,0,0,0.0197,0.0197,0,0,0,0,0.0215,0.0394,0,0,0,0,0,0
Yemen,Savanna fires,Emissions (CO2eq) from N2O (AR5),kilotonnes,0,0,0,0,0,0,0,0.017,0.017,0,0,0,0,0.0186,0.034,0,0,0,0,0,0
Yemen,Savanna fires,Emissions (CO2eq) (AR5),kilotonnes,0,0,0,0,0,0,0,0.0367,0.0367,0,0,0,0,0.0401,0.0734,0,0,0,0,0,0
Yemen,Fires in organic soils,Emissions (CH4),kilotonnes,0,0,0,0,0,0,0,0,0,0,0,0,0,0,0,0,0,0,0,0,0
Yemen,Fires in organic soils,Emissions (CO2),kilotonnes,0,0,0,0,0,0,0,0,0,0,0,0,0,0,0,0,0,0,0,0,0
Yemen,Fires in organic soils,Emissions (CO2eq) from CH4 (AR5),kilotonnes,0,0,0,0,0,0,0,0,0,0,0,0,0,0,0,0,0,0,0,0,0
Yemen,Fires in organic soils,Emissions (CO2eq) (AR5),kilotonnes,0,0,0,0,0,0,0,0,0,0,0,0,0,0,0,0,0,0,0,0,0
Yemen,Forest fires,Emissions (CH4),kilotonnes,0,0,0,0,0,0,0,0,0,0,0,0,0,0,0,0,0,0,0,0,0
Yemen,Forest fires,Emissions (N2O),kilotonnes,0,0,0,0,0,0,0,0,0,0,0,0,0,0,0,0,0,0,0,0,0
Yemen,Forest fires,Emissions (CO2eq) from CH4 (AR5),kilotonnes,0,0,0,0,0,0,0,0,0,0,0,0,0,0,0,0,0,0,0,0,0
Yemen,Forest fires,Emissions (CO2eq) from N2O (AR5),kilotonnes,0,0,0,0,0,0,0,0,0,0,0,0,0,0,0,0,0,0,0,0,0
Yemen,Forest fires,Emissions (CO2eq) (AR5),kilotonnes,0,0,0,0,0,0,0,0,0,0,0,0,0,0,0,0,0,0,0,0,0
Yemen,Fires in humid tropical forests,Emissions (CH4),kilotonnes,0,0,0,0,0,0,0,0,0,0,0,0,0,0,0,0,0,0,0,0,0
Yemen,Fires in humid tropical forests,Emissions (N2O),kilotonnes,0,0,0,0,0,0,0,0,0,0,0,0,0,0,0,0,0,0,0,0,0
Yemen,Fires in humid tropical forests,Emissions (CO2eq) from CH4 (AR5),kilotonnes,0,0,0,0,0,0,0,0,0,0,0,0,0,0,0,0,0,0,0,0,0
Yemen,Fires in humid tropical forests,Emissions (CO2eq) from N2O (AR5),kilotonnes,0,0,0,0,0,0,0,0,0,0,0,0,0,0,0,0,0,0,0,0,0
Yemen,Fires in humid tropical forests,Emissions (CO2eq) (AR5),kilotonnes,0,0,0,0,0,0,0,0,0,0,0,0,0,0,0,0,0,0,0,0,0
Yemen,Waste - agri-food systems,Emissions (CH4),kilotonnes,69.7584,73.0607,76.4475,79.3104,82.0367,84.6698,87.2101,89.71,92.164,94.4808,96.7816,99.0072,101.1347,103.2114,104.7195,106.5466,108.1882,109.7504,111.2466,112.4761,113.6177
Yemen,Waste - agri-food systems,Emissions (N2O),kilotonnes,0.3511,0.3588,0.3877,0.3951,0.3821,0.4002,0.4094,0.428,0.4337,0.4636,0.4792,0.4874,0.5131,0.5215,0.5316,0.5287,0.5073,0.5167,0.5287,0.5389,0.5491
Yemen,Waste - agri-food systems,Emissions (CO2),kilotonnes,33.3928,33.4239,33.5417,33.6818,33.9196,34.193,34.3812,34.5661,34.882,34.7826,35.0831,35.1662,35.2803,35.4727,35.5704,35.5439,35.1023,34.8783,34.5631,34.5819,34.3642
Yemen,Waste - agri-food systems,Emissions (CO2eq) from CH4 (AR5),kilotonnes,1953.2365,2045.6984,2140.5294,2220.6901,2297.028,2370.7532,2441.8815,2511.8799,2580.5932,2645.4615,2709.8846,2772.2005,2831.7726,2889.9189,2932.1462,2983.3057,3029.2685,3073.01,3114.9054,3149.3309,3181.2951
Yemen,Waste - agri-food systems,Emissions (CO2eq) from N2O (AR5),kilotonnes,93.0313,95.0741,102.7529,104.6946,101.2685,106.0503,108.4881,113.4312,114.9422,122.8453,126.9796,129.1712,135.9586,138.1882,140.8629,140.1097,134.4315,136.9179,140.1112,142.8047,145.502
Yemen,Waste - agri-food systems,Emissions (CO2eq) (AR5),kilotonnes,2079.6605,2174.1965,2276.824,2359.0666,2432.2162,2510.9965,2584.7507,2659.8772,2730.4174,2803.0894,2871.9473,2936.5378,3003.0115,3063.5798,3108.5796,3158.9593,3198.8024,3244.8062,3289.5797,3326.7175,3361.1613
Yemen,On-farm electricity use,Emissions (CH4),kilotonnes,0,0,0,0,0,0,0,0,0,0,0,0,0,0,0,0,0,0,0,0,0
Yemen,On-farm electricity use,Emissions (N2O),kilotonnes,0,0,0,0,0,0,0,0,0,0,0,0,0,0,0,0,0,0,0,0,0
Yemen,On-farm electricity use,Emissions (CO2),kilotonnes,0,0,0,0,0,0,0,0,0,0,0,0,0,0,0,0,0,0,0,0,0
Yemen,On-farm electricity use,Emissions (CO2eq) from CH4 (AR5),kilotonnes,0,0,0,0,0,0,0,0,0,0,0,0,0,0,0,0,0,0,0,0,0
Yemen,On-farm electricity use,Emissions (CO2eq) from N2O (AR5),kilotonnes,0,0,0,0,0,0,0,0,0,0,0,0,0,0,0,0,0,0,0,0,0
Yemen,On-farm electricity use,Emissions (CO2eq) (AR5),kilotonnes,0,0,0,0,0,0,0,0,0,0,0,0,0,0,0,0,0,0,0,0,0
Yemen,Food Processing,Emissions (CH4),kilotonnes,21.2856,19.4569,19.1818,25.2149,21.5385,28.8249,41.7379,24.8957,23.1559,31.5854,41.0293,36.1281,30.6618,36.3514,30.2871,7.5909,3.4376,2.9173,2.8815,7.3528,5.8624
Yemen,Food Processing,Emissions (N2O),kilotonnes,0.0057,0.0066,0.0071,0.0084,0.0085,0.0087,0.0086,0.0163,0.017,0.0081,0.0069,0.0058,0.0051,0.0085,0.0091,0.0022,0.0018,0.0016,0.0017,0.0003,0.0003
Yemen,Food Processing,Emissions (CO2),kilotonnes,258.5779,290.5122,278.2371,329.4332,333.2399,374.5623,377.7246,697.6831,783.7844,828.1511,652.3892,562.3446,553.723,823.6702,732.7413,365.1471,274.1792,214.353,368.7141,378.1831,360.0665
Yemen,Food Processing,Emissions (CO2eq) from CH4 (AR5),kilotonnes,595.9968,544.7932,537.0904,706.0172,603.078,807.0972,1168.6612,697.0796,648.3652,884.3912,1148.8204,1011.5868,858.5304,1017.8392,848.0388,212.5452,96.2528,81.6844,80.682,205.8784,164.1463
Yemen,Food Processing,Emissions (CO2eq) from N2O (AR5),kilotonnes,1.5105,1.749,1.8815,2.226,2.2525,2.3055,2.279,4.3195,4.505,2.1465,1.8285,1.537,1.3515,2.2525,2.4115,0.583,0.477,0.424,0.4505,0.0795,0.0755
Yemen,Food Processing,Emissions (CO2eq) (AR5),kilotonnes,856.0852,837.0544,817.209,1037.6764,938.5704,1183.965,1548.6648,1399.0822,1436.6546,1714.6888,1803.0381,1575.4684,1413.6049,1843.7619,1583.1916,578.2753,370.909,296.4614,449.8466,584.141,524.2883
Yemen,Food Packaging,Emissions (CH4),kilotonnes,1.1139,0.7703,0.7106,0.8941,0.4027,0.4938,0.5796,0.5603,0.3872,0.4708,0.5032,0.4248,0.4256,0.3425,0.3429,0.097,0.0469,0.0487,0.0519,0.0884,0.0705
Yemen,Food Packaging,Emissions (N2O),kilotonnes,0.0011,0.0011,0.0012,0.0013,0.0014,0.0012,0.0014,0.0011,0.0011,0.0005,0.0005,0.0004,0.0003,0.0005,0.0005,0.0001,0.0001,0.0001,0.0001,0.0006,0.0006
Yemen,Food Packaging,Emissions (CO2),kilotonnes,52.9302,61.6398,63.3335,60.1228,63.0678,46.6687,52.974,38.9234,40.8628,37.4799,38.3675,34.1462,31.6784,38.9312,36.0626,20.4999,16.1976,14.9486,26.6108,32.4925,30.936
Yemen,Food Packaging,Emissions (CO2eq) from CH4 (AR5),kilotonnes,31.1892,21.5684,19.8968,25.0348,11.2756,13.8264,16.2288,15.6884,10.8416,13.1824,14.0896,11.8944,11.9168,9.59,9.6012,2.716,1.3132,1.3636,1.4532,2.4752,1.9735
Yemen,Food Packaging,Emissions (CO2eq) from N2O (AR5),kilotonnes,0.2915,0.2915,0.318,0.3445,0.371,0.318,0.371,0.2915,0.2915,0.1325,0.1325,0.106,0.0795,0.1325,0.1325,0.0265,0.0265,0.0265,0.0265,0.159,0.1509
Yemen,Food Packaging,Emissions (CO2eq) (AR5),kilotonnes,84.4109,83.4997,83.5483,85.5021,74.7144,60.8131,69.5738,54.9033,51.9959,50.7948,52.5896,46.1466,43.6747,48.6537,45.7963,23.2424,17.5373,16.3387,28.0905,35.1267,33.0603
Yemen,Food Retail,Emissions (CH4),kilotonnes,0.0315,0.0284,0.0278,0.035,0.0331,0.0432,0.0586,0.114,0.0667,0.1276,0.1423,0.0811,0.0808,0.099,0.1018,0.0541,0.0432,0.0359,0.0269,0.0891,0.071
Yemen,Food Retail,Emissions (N2O),kilotonnes,0.0002,0.0002,0.0002,0.0002,0.0003,0.0003,0.0003,0.0007,0.0004,0.0012,0.0012,0.0008,0.0007,0.001,0.001,0.0004,0.0003,0.0003,0.0002,0.0008,0.0008
Yemen,Food Retail,Emissions (CO2),kilotonnes,15.4646,17.0214,16.71,18.3707,20.0313,21.0692,22.8336,54.6181,32.5281,120.5467,118.6619,81.3931,72.364,107.2398,132.6536,54.6784,42.6336,36.8051,32.5437,87.5672,83.3724
Yemen,Food Retail,Emissions (CO2eq) from CH4 (AR5),kilotonnes,0.8812,0.795,0.7794,0.9791,0.9282,1.2101,1.6409,3.192,1.8676,3.5728,3.9844,2.2708,2.2624,2.772,2.8504,1.5148,1.2096,1.0052,0.7532,2.4948,1.9891
Yemen,Food Retail,Emissions (CO2eq) from N2O (AR5),kilotonnes,0.0448,0.0501,0.0567,0.0642,0.0712,0.075,0.0788,0.1855,0.106,0.318,0.318,0.212,0.1855,0.265,0.265,0.106,0.0795,0.0795,0.053,0.212,0.2012
Yemen,Food Retail,Emissions (CO2eq) (AR5),kilotonnes,16.3905,17.8666,17.5461,19.4139,21.0306,22.3543,24.5533,57.9956,34.5017,124.4375,122.9643,83.8759,74.8119,110.2768,135.769,56.2992,43.9227,37.8898,33.3499,90.274,85.5627
Yemen,Food Household Consumption,Emissions (CH4),kilotonnes,0.2302,0.2482,0.2741,0.3017,0.3219,0.3089,0.3779,0.4135,0.4523,0.4653,0.5143,0.3923,0.3914,0.4858,0.4742,0.2577,0.2607,0.2637,0.2686,0.2686,0.2142
Yemen,Food Household Consumption,Emissions (N2O),kilotonnes,0.0018,0.0019,0.0021,0.0023,0.0024,0.0023,0.0027,0.0029,0.0031,0.0038,0.004,0.003,0.0029,0.0037,0.0037,0.0019,0.0019,0.0018,0.0019,0.0019,0.0018
Yemen,Food Household Consumption,Emissions (CO2),kilotonnes,305.9191,324.9316,360.4116,387.0914,392.6583,389.5891,421.2049,447.1402,478.2373,571.9817,575.1146,447.3074,452.3099,584.4078,597.4309,359.3269,328.0451,292.5643,280.0182,280.0182,266.6042
Yemen,Food Household Consumption,Emissions (CO2eq) from CH4 (AR5),kilotonnes,6.4456,6.9496,7.6748,8.4476,9.0132,8.6492,10.5812,11.578,12.6644,13.0284,14.4004,10.9844,10.9592,13.6024,13.2776,7.2156,7.2996,7.3836,7.5208,7.5208,5.9963
Yemen,Food Household Consumption,Emissions (CO2eq) from N2O (AR5),kilotonnes,0.477,0.5035,0.5565,0.6095,0.636,0.6095,0.7155,0.7685,0.8215,1.007,1.06,0.795,0.7685,0.9805,0.9805,0.5035,0.5035,0.477,0.5035,0.5035,0.4779
Yemen,Food Household Consumption,Emissions (CO2eq) (AR5),kilotonnes,312.8417,332.3847,368.6429,396.1485,402.3075,398.8478,432.5016,459.4867,491.7232,586.0171,590.575,459.0868,464.0376,598.9907,611.689,367.046,335.8482,300.4249,288.0425,288.0425,273.0783
Yemen,Food Transport,Emissions (CH4),kilotonnes,0.1785,0.1737,0.1545,0.1477,0.1574,0.138,0.1243,0.1192,0.1139,0.1178,0.0966,0.0889,0.0814,0.108,0.0925,0.0451,0.0406,0.0367,0.0355,0.0489,0.039
Yemen,Food Transport,Emissions (N2O),kilotonnes,0.011,0.0135,0.0134,0.0158,0.0181,0.0193,0.0171,0.0161,0.016,0.0181,0.0144,0.0141,0.0117,0.0166,0.0174,0.0076,0.0069,0.0066,0.0063,0.0135,0.0128
Yemen,Food Transport,Emissions (CO2),kilotonnes,484,532.4,467.5,553.3,574.2,612.7,568.7,519.2,554.4,896.5,786.5,732.6,602.8,913,921.8,337.7,297,287.1,277.2,584.2571,556.2687
Yemen,Food Transport,Emissions (CO2eq) from CH4 (AR5),kilotonnes,4.998,4.8636,4.326,4.1356,4.4072,3.864,3.4804,3.3376,3.1892,3.2984,2.7048,2.4892,2.2792,3.024,2.59,1.2628,1.1368,1.0276,0.994,1.3692,1.0917
Yemen,Food Transport,Emissions (CO2eq) from N2O (AR5),kilotonnes,2.915,3.5775,3.551,4.187,4.7965,5.1145,4.5315,4.2665,4.24,4.7965,3.816,3.7365,3.1005,4.399,4.611,2.014,1.8285,1.749,1.6695,3.5775,3.3954
Yemen,Food Transport,Emissions (CO2eq) (AR5),kilotonnes,491.913,540.8411,475.377,561.6226,583.4037,621.6785,576.7119,526.8041,561.8292,904.5949,793.0208,738.8257,608.1797,920.423,929.001,340.9768,299.9653,289.8766,279.8635,589.2038,560.7558
Yemen,Energy,Emissions (CH4),kilotonnes,225,203,199,250,237,309,419,434,366,396,469,423,336,399,338,91.4,47.3,50.4,50.4,111,88.5
Yemen,Energy,Emissions (N2O),kilotonnes,0.705,0.789,0.893,1.01,1.12,1.18,1.24,1.35,1.44,0.67,0.582,0.507,0.42,0.663,0.661,0.213,0.17,0.174,0.171,0.0275,0.0261
Yemen,Energy,Emissions (CO2),kilotonnes,14900,16400,16100,17700,19300,20300,22000,21300,22200,25000,23500,19700,17900,26100,25500,13200,10300,10100,16200,16700,15900
Yemen,Energy,Emissions (CO2eq) from CH4 (AR5),kilotonnes,6300,5684,5572,7000,6636,8652,11732,12152,10248,11088,13132,11844,9408,11172,9464,2559.2,1324.4,1411.2,1411.2,3108,2478
Yemen,Energy,Emissions (CO2eq) from N2O (AR5),kilotonnes,186.825,209.085,236.645,267.65,296.8,312.7,328.6,357.75,381.6,177.55,154.23,134.355,111.3,175.695,175.165,56.445,45.05,46.11,45.315,7.2875,6.9165
Yemen,Energy,Emissions (CO2eq) (AR5),kilotonnes,21386.825,22293.085,21908.645,24967.65,26232.8,29264.7,34060.6,33809.75,32829.6,36265.55,36786.23,31678.355,27419.3,37447.695,35139.165,15815.645,11669.45,11557.31,17656.515,19815.2875,18384.9165
Yemen,IPPU,Emissions (N2O),kilotonnes,2.69,2.76,2.84,2.93,3.01,3.09,3.18,3.27,3.36,3.45,3.55,3.64,3.74,3.84,3.94,4.05,4.15,4.25,4.35,4.43,4.53
Yemen,IPPU,Emissions (CO2),kilotonnes,581,607,622,604,604,596,586,697,832,845,720,1150,1010,1220,1170,936,542,724,710,723,722
Yemen,IPPU,Emissions (CO2eq) from N2O (AR5),kilotonnes,712.85,731.4,752.6,776.45,797.65,818.85,842.7,866.55,890.4,914.25,940.75,964.6,991.1,1017.6,1044.1,1073.25,1099.75,1126.25,1152.75,1173.95,1200.45
Yemen,IPPU,Emissions (CO2eq) (AR5),kilotonnes,1293.85,1338.4,1374.6,1380.45,1401.65,1414.85,1428.7,1563.55,1722.4,1759.25,1660.75,2114.6,2001.1,2237.6,2214.1,2009.25,1641.75,1850.25,1862.75,1896.95,1922.45
Yemen,Waste,Emissions (CH4),kilotonnes,131,136,141,147,152,158,164,171,177,185,193,197,204,212,219,221,223,227,233,243,249
Yemen,Waste,Emissions (N2O),kilotonnes,0.643,0.662,0.681,0.705,0.715,0.728,0.735,0.765,0.78,0.818,0.849,0.888,0.917,0.941,0.972,0.985,0.98,0.968,0.991,1.05,1.07
Yemen,Waste,Emissions (CO2eq) from CH4 (AR5),kilotonnes,3668,3808,3948,4116,4256,4424,4592,4788,4956,5180,5404,5516,5712,5936,6132,6188,6244,6356,6524,6804,6972
Yemen,Waste,Emissions (CO2eq) from N2O (AR5),kilotonnes,170.395,175.43,180.465,186.825,189.475,192.92,194.775,202.725,206.7,216.77,224.985,235.32,243.005,249.365,257.58,261.025,259.7,256.52,262.615,278.25,283.55
Yemen,Waste,Emissions (CO2eq) (AR5),kilotonnes,3838.395,3983.43,4128.465,4302.825,4445.475,4616.92,4786.775,4990.725,5162.7,5396.77,5628.985,5751.32,5955.005,6185.365,6389.58,6449.025,6503.7,6612.52,6786.615,7082.25,7255.55
Yemen,Other,Emissions (N2O),kilotonnes,0.412,0.446,0.434,0.505,0.53,0.571,0.555,0.551,0.563,0.66,0.591,0.514,0.485,0.592,0.534,0.306,0.251,0.238,0.222,0.278,0.253
Yemen,Other,Emissions (CO2eq) from N2O (AR5),kilotonnes,109.18,118.19,115.01,133.825,140.45,151.315,147.075,146.015,149.195,174.9,156.615,136.21,128.525,156.88,141.51,81.09,66.515,63.07,58.83,73.67,67.045
Yemen,Other,Emissions (CO2eq) (AR5),kilotonnes,109.18,118.19,115.01,133.825,140.45,151.315,147.075,146.015,149.195,174.9,156.615,136.21,128.525,156.88,141.51,81.09,66.515,63.07,58.83,73.67,67.045
Yemen,Farm-gate emissions,Emissions (CH4),kilotonnes,132.6761,138.9571,140.4747,155.9479,157.6877,159.445,162.8864,169.2415,174.7078,178.8672,181.3267,185.6581,187.5637,190.6475,193.6171,191.1025,185.2518,184.1809,174.1929,195.0853,188.7497
Yemen,Farm-gate emissions,Direct emissions (N2O),kilotonnes,5.8277,6.1445,6.1032,6.5805,6.8733,6.768,7.0353,7.6444,7.6611,7.7643,8.0868,8.0247,8.1328,8.4604,8.5044,8.0225,8.0704,7.9405,7.3732,8.3774,8.1013
Yemen,Farm-gate emissions,Indirect emissions (N2O),kilotonnes,1.9532,2.0561,2.0465,2.223,2.3156,2.2797,2.3677,2.5673,2.5828,2.6176,2.7197,2.7031,2.7327,2.8382,2.8543,2.7006,2.7124,2.6739,2.5015,2.8093,2.7412
Yemen,Farm-gate emissions,Emissions (N2O),kilotonnes,8.3701,8.855,8.9065,9.6489,10.1223,10.0205,10.439,11.3678,11.4885,10.8405,11.2228,11.0895,11.1706,11.7795,11.8359,10.891,10.9256,10.7661,10.033,11.3013,10.9527
Yemen,Farm-gate emissions,Emissions (CO2),kilotonnes,1463.1514,1621.3735,1899.0279,2108.2776,2344.7706,2442.4975,2598.5927,2952.4626,3237.7264,1254.0396,1209.9697,1016.0817,833.88,1301.5604,1239.1178,334.6828,225.5368,216.4615,227.2039,53.634,53.634
Yemen,Farm-gate emissions,Emissions (CO2eq) from CH4 (AR5),kilotonnes,3714.9309,3890.7976,3933.2924,4366.5399,4415.2548,4464.4602,4560.8179,4738.7623,4891.8195,5008.282,5077.1475,5198.4258,5251.7836,5338.1311,5421.2787,5350.871,5187.0491,5157.0655,4877.4005,5462.3875,5284.9928
Yemen,Farm-gate emissions,Emissions (CO2eq) from N2O (AR5),kilotonnes,2218.0693,2346.5775,2360.2197,2556.958,2682.4009,2655.4212,2766.347,3012.4798,3044.4465,2872.7366,2974.0525,2938.7235,2960.2121,3121.5682,3136.5185,2886.1053,2895.2874,2853.0237,2658.737,2994.8527,2902.4693
Yemen,Farm-gate emissions,Emissions (CO2eq) (AR5),kilotonnes,7396.1516,7858.7487,8192.54,9031.7755,9442.4263,9562.379,9925.7576,10703.7048,11173.9924,9135.0583,9261.1697,9153.2311,9045.8756,9761.2598,9796.9149,8571.6591,8307.8732,8226.5507,7763.3413,8510.8743,8241.0961
Yemen,Land Use change,Emissions (CH4),kilotonnes,0,0,0,0,0,0,0,0,0,0,0,0,0,0,0,0,0,0,0,0,0
Yemen,Land Use change,Emissions (N2O),kilotonnes,0,0,0,0,0,0,0,0,0,0,0,0,0,0,0,0,0,0,0,0,0
Yemen,Land Use change,Emissions (CO2),kilotonnes,0,0,0,0,0,0,0,0,0,0,0,0,0,0,0,0,0,0,0,0,0
Yemen,Land Use change,Emissions (CO2eq) from CH4 (AR5),kilotonnes,0,0,0,0,0,0,0,0,0,0,0,0,0,0,0,0,0,0,0,0,0
Yemen,Land Use change,Emissions (CO2eq) from N2O (AR5),kilotonnes,0,0,0,0,0,0,0,0,0,0,0,0,0,0,0,0,0,0,0,0,0
Yemen,Land Use change,Emissions (CO2eq) (AR5),kilotonnes,0,0,0,0,0,0,0,0,0,0,0,0,0,0,0,0,0,0,0,0,0
Yemen,Emissions on agricultural land,Emissions (CH4),kilotonnes,132.6761,138.9571,140.4747,155.9479,157.6877,159.445,162.8864,169.2415,174.7078,178.8672,181.3267,185.6581,187.5637,190.6475,193.6171,191.1025,185.2518,184.1809,174.1929,195.0853,188.7497
Yemen,Emissions on agricultural land,Emissions (N2O),kilotonnes,8.3701,8.855,8.9065,9.6489,10.1223,10.0205,10.439,11.3678,11.4885,10.8405,11.2228,11.0895,11.1706,11.7795,11.8359,10.891,10.9256,10.7661,10.033,11.3013,10.9527
Yemen,Emissions on agricultural land,Emissions (CO2),kilotonnes,1463.1514,1621.3735,1899.0279,2108.2776,2344.7706,2442.4975,2598.5927,2952.4626,3237.7264,1254.0396,1209.9697,1016.0817,833.88,1301.5604,1239.1178,334.6828,225.5368,216.4615,227.2039,53.634,53.634
Yemen,Emissions on agricultural land,Emissions (CO2eq) from CH4 (AR5),kilotonnes,3714.9309,3890.7976,3933.2924,4366.5399,4415.2548,4464.4602,4560.8179,4738.7623,4891.8195,5008.282,5077.1475,5198.4258,5251.7836,5338.1311,5421.2787,5350.871,5187.0491,5157.0655,4877.4005,5462.3875,5284.9928
Yemen,Emissions on agricultural land,Emissions (CO2eq) from N2O (AR5),kilotonnes,2218.0693,2346.5775,2360.2197,2556.958,2682.4009,2655.4212,2766.347,3012.4798,3044.4465,2872.7366,2974.0525,2938.7235,2960.2121,3121.5682,3136.5185,2886.1053,2895.2874,2853.0237,2658.737,2994.8527,2902.4693
Yemen,Emissions on agricultural land,Emissions (CO2eq) (AR5),kilotonnes,7396.1516,7858.7487,8192.54,9031.7755,9442.4263,9562.379,9925.7576,10703.7048,11173.9924,9135.0583,9261.1697,9153.2311,9045.8756,9761.2598,9796.9149,8571.6591,8307.8732,8226.5507,7763.3413,8510.8743,8241.0961
Yemen,Pre- and post- production,Emissions (CH4),kilotonnes,92.5981,93.7382,96.7963,105.9037,104.4904,114.4786,130.0884,115.8127,116.34,127.2477,139.0673,136.1224,132.7757,140.5981,136.018,114.5914,112.0172,113.0527,114.511,120.3239,119.8747
Yemen,Pre- and post- production,Emissions (N2O),kilotonnes,0.3708,0.3821,0.4118,0.4231,0.4128,0.432,0.4395,0.4651,0.4713,0.4953,0.5062,0.5115,0.5338,0.5518,0.5633,0.5409,0.5183,0.5271,0.5389,0.556,0.5653
Yemen,Pre- and post- production,Emissions (CO2),kilotonnes,1150.2845,1259.9289,1219.7339,1381.9999,1417.1169,1478.7823,1477.8182,1792.1309,1924.6946,2489.442,2206.1163,1892.9575,1748.1556,2502.7217,2456.2588,1172.8962,993.1578,880.6493,1019.6499,1397.1,1331.612
Yemen,Pre- and post- production,Emissions (CO2eq) from CH4 (AR5),kilotonnes,2592.7473,2624.6683,2710.2968,2965.3044,2925.7302,3205.4001,3642.474,3242.7555,3257.5212,3562.9347,3893.8842,3811.4261,3717.7206,3936.7465,3808.5042,3208.5601,3136.4805,3165.4744,3206.3086,3369.0693,3356.4919
Yemen,Pre- and post- production,Emissions (CO2eq) from N2O (AR5),kilotonnes,98.2701,101.2458,109.1166,112.1258,109.3957,114.4728,116.4639,123.2627,124.9062,131.2458,134.1346,135.5577,141.4441,146.2177,149.2634,143.3427,137.3465,139.6739,142.8142,147.3362,149.8028
Yemen,Pre- and post- production,Emissions (CO2eq) (AR5),kilotonnes,3841.3019,3985.8429,4039.1473,4459.4301,4452.2428,4798.6553,5236.7561,5158.1491,5307.122,6183.6225,6234.1351,5839.9412,5607.3203,6585.6859,6414.0265,4524.799,4266.9849,4185.7976,4368.7727,4913.5055,4837.9067
Yemen,Agri-food systems,Emissions (CH4),kilotonnes,225.2742,232.6952,237.271,261.8516,262.178,273.9236,292.9747,285.0542,291.0479,306.1149,320.394,321.7804,320.3394,331.2456,329.6351,305.694,297.2689,297.2336,288.7039,315.4092,308.6245
Yemen,Agri-food systems,Emissions (N2O),kilotonnes,8.7409,9.2371,9.3183,10.072,10.5351,10.4524,10.8785,11.833,11.9598,11.3358,11.729,11.6011,11.7044,12.3313,12.3992,11.4319,11.4439,11.2932,10.5719,11.8573,11.518
Yemen,Agri-food systems,Emissions (CO2),kilotonnes,2613.436,2881.3024,3118.7618,3490.2775,3761.8875,3921.2798,4076.4109,4744.5935,5162.421,3743.4816,3416.086,2909.0392,2582.0356,3804.2821,3695.3766,1507.579,1218.6946,1097.1108,1246.8538,1450.734,1385.246
Yemen,Agri-food systems,Emissions (CO2eq) from CH4 (AR5),kilotonnes,6307.6781,6515.4659,6643.5892,7331.8443,7340.985,7669.8604,8203.292,7981.5178,8149.3408,8571.2167,8971.0317,9009.8519,8969.5041,9274.8776,9229.7829,8559.4311,8323.5296,8322.5399,8083.7091,8831.4569,8641.4848
Yemen,Agri-food systems,Emissions (CO2eq) from N2O (AR5),kilotonnes,2316.3393,2447.8233,2469.3363,2669.0837,2791.7966,2769.894,2882.8109,3135.7425,3169.3527,3003.9824,3108.1872,3074.2812,3101.6562,3267.7859,3285.7819,3029.448,3032.6339,2992.6976,2801.5511,3142.1889,3052.2721
Yemen,Agri-food systems,Emissions (CO2eq) (AR5),kilotonnes,11237.4534,11844.5916,12231.6873,13491.2055,13894.6691,14361.0342,15162.5138,15861.8538,16481.1144,15318.6807,15495.3048,14993.1723,14653.1959,16346.9456,16210.9414,13096.4581,12574.8581,12412.3482,12132.114,13424.3798,13079.0028
Yemen,IPCC Agriculture,Emissions (CH4),kilotonnes,132.5485,138.8208,140.3221,155.7814,157.5,159.2534,162.6889,169.0184,174.2766,178.3686,180.5737,185.0076,187.0392,190.1074,193.2586,190.9501,185.1617,184.125,174.1553,195.0721,188.7366
Yemen,IPCC Agriculture,Emissions (CH4),kilotonnes,107.49,,,,,,,,,,184,,207.79,,,,,,,,
Yemen,IPCC Agriculture,Direct emissions (N2O),kilotonnes,5.8277,6.1445,6.1032,6.5805,6.8733,6.768,7.0353,7.6444,7.6611,7.7643,8.0868,8.0247,8.1328,8.4604,8.5044,8.0225,8.0704,7.9405,7.3732,8.3774,8.1013
Yemen,IPCC Agriculture,Indirect emissions (N2O),kilotonnes,1.9532,2.0561,2.0465,2.223,2.3156,2.2797,2.3677,2.5673,2.5828,2.6176,2.7197,2.7031,2.7327,2.8382,2.8543,2.7006,2.7124,2.6739,2.5015,2.8093,2.7412
Yemen,IPCC Agriculture,Emissions (N2O),kilotonnes,7.8461,8.272,8.2214,8.8863,9.2734,9.1335,9.4919,10.307,10.3418,10.4811,10.9102,10.8316,10.9724,11.4076,11.4686,10.8315,10.8899,10.7209,9.9768,11.3008,10.9522
Yemen,IPCC Agriculture,Emissions (N2O),kilotonnes,12.1,,,,,,,,,,14.15,,21.02,,,,,,,,
Yemen,IPCC Agriculture,Emissions (CO2eq) from CH4 (AR5),kilotonnes,3711.3586,3886.9833,3929.0201,4361.8792,4409.9987,4459.0961,4555.2889,4732.5157,4879.7441,4994.322,5056.0625,5180.2136,5237.0979,5323.0086,5411.2408,5346.6031,5184.5265,5155.4996,4876.3489,5462.02,5284.6253
Yemen,IPCC Agriculture,Emissions (CO2eq) from CH4 (AR5),kilotonnes,3009.72,,,,,,,,,,5152,,5818.12,,,,,,,,
Yemen,IPCC Agriculture,Emissions (CO2eq) from N2O (AR5),kilotonnes,2079.2275,2192.0928,2178.6766,2354.8666,2457.4393,2420.3679,2515.3439,2731.368,2740.5672,2777.4881,2891.2076,2870.3615,2907.6875,3023.0171,3039.1887,2870.3376,2885.8303,2841.036,2643.8613,2994.7218,2902.3383
Yemen,IPCC Agriculture,Emissions (CO2eq) from N2O (AR5),kilotonnes,3206.5,,,,,,,,,,3749.75,,5570.3,,,,,,,,
Yemen,IPCC Agriculture,Emissions (CO2eq) (AR5),kilotonnes,5790.5861,6079.0761,6107.6967,6716.7458,6867.4381,6879.4641,7070.6328,7463.8836,7620.3113,7771.81,7947.2701,8050.5751,8144.7854,8346.0257,8450.4295,8216.9407,8070.3568,7996.5356,7520.2102,8456.7417,8186.9636
Yemen,IPCC Agriculture,Emissions (CO2eq) (AR5),kilotonnes,6216.22,,,,,,,,,,8901.75,,11388.42,,,,,,,,
Yemen,Agricultural Soils,Direct emissions (N2O),kilotonnes,5.8277,6.1445,6.1032,6.5805,6.8733,6.768,7.0353,7.6444,7.6611,7.7643,8.0868,8.0247,8.1328,8.4604,8.5044,8.0225,8.0704,7.9405,7.3732,8.3774,8.1013
Yemen,Agricultural Soils,Indirect emissions (N2O),kilotonnes,1.9532,2.0561,2.0465,2.223,2.3156,2.2797,2.3677,2.5673,2.5828,2.6176,2.7197,2.7031,2.7327,2.8382,2.8543,2.7006,2.7124,2.6739,2.5015,2.8093,2.7412
Yemen,Agricultural Soils,Emissions (N2O),kilotonnes,7.7809,8.2005,8.1497,8.8035,9.1889,9.0478,9.4031,10.2118,10.2439,10.3819,10.8065,10.7278,10.8655,11.2986,11.3586,10.723,10.7828,10.6145,9.8747,11.1867,10.8424
Yemen,Agricultural Soils,Emissions (N2O),kilotonnes,12,,,,,,,,,,14,,21,,,,,,,,
Yemen,Agricultural Soils,Emissions (CO2eq) from N2O (AR5),kilotonnes,2061.9469,2173.1414,2159.6749,2332.9358,2435.0538,2397.656,2491.8107,2706.1215,2714.6253,2751.191,2863.7326,2842.8774,2879.3469,2994.1303,3010.0404,2841.6046,2857.4516,2812.8338,2616.796,2964.4694,2873.2476
Yemen,Agricultural Soils,Emissions (CO2eq) from N2O (AR5),kilotonnes,3180,,,,,,,,,,3710,,5565,,,,,,,,
Yemen,Agricultural Soils,Emissions (CO2eq) (AR5),kilotonnes,2061.9469,2173.1414,2159.6749,2332.9358,2435.0538,2397.656,2491.8107,2706.1215,2714.6253,2751.191,2863.7326,2842.8774,2879.3469,2994.1303,3010.0404,2841.6046,2857.4516,2812.8338,2616.796,2964.4694,2873.2476
Yemen,Agricultural Soils,Emissions (CO2eq) (AR5),kilotonnes,3180,,,,,,,,,,3710,,5565,,,,,,,,
Yemen,LULUCF,Emissions (CH4),kilotonnes,0,0,0,0,0,0,0,0,0,0,0,0,0,0,0,0,0,0,0,0,0
Yemen,LULUCF,Emissions (CH4),kilotonnes,,,,,,,,,,,,,,,,,,,,,
Yemen,LULUCF,Emissions (N2O),kilotonnes,0,0,0,0,0,0,0,0,0,0,0,0,0,0,0,0,0,0,0,0,0
Yemen,LULUCF,Emissions (N2O),kilotonnes,,,,,,,,,,,,,,,,,,,,,
Yemen,LULUCF,Emissions (CO2),kilotonnes,0,0,0,0,0,0,0,0,0,0,0,0,0,0,0,0,0,0,0,0,0
Yemen,LULUCF,Emissions (CO2),kilotonnes,-1501.32,,,,,,,,,,-1887,,-1540,,,,,,,,
Yemen,LULUCF,Emissions (CO2eq) from CH4 (AR5),kilotonnes,0,0,0,0,0,0,0,0,0,0,0,0,0,0,0,0,0,0,0,0,0
Yemen,LULUCF,Emissions (CO2eq) from N2O (AR5),kilotonnes,0,0,0,0,0,0,0,0,0,0,0,0,0,0,0,0,0,0,0,0,0
Yemen,LULUCF,Emissions (CO2eq) (AR5),kilotonnes,0,0,0,0,0,0,0,0,0,0,0,0,0,0,0,0,0,0,0,0,0
Yemen,LULUCF,Emissions (CO2eq) (AR5),kilotonnes,-1501.32,,,,,,,,,,-1887,,-1540,,,,,,,,
Yemen,AFOLU,Emissions (CH4),kilotonnes,132.5485,138.8208,140.3221,155.7814,157.5,159.2534,162.6889,169.0184,174.2766,178.3686,180.5737,185.0076,187.0392,190.1074,193.2586,190.9501,185.1617,184.125,174.1553,195.0721,188.7366
Yemen,AFOLU,Emissions (N2O),kilotonnes,7.8461,8.272,8.2214,8.8863,9.2734,9.1335,9.4919,10.307,10.3418,10.4811,10.9102,10.8316,10.9724,11.4076,11.4686,10.8315,10.8899,10.7209,9.9768,11.3008,10.9522
Yemen,AFOLU,Emissions (CO2),kilotonnes,0,0,0,0,0,0,0,0,0,0,0,0,0,0,0,0,0,0,0,0,0
Yemen,AFOLU,Emissions (CO2eq) from CH4 (AR5),kilotonnes,3711.3586,3886.9833,3929.0201,4361.8792,4409.9987,4459.0961,4555.2889,4732.5157,4879.7441,4994.322,5056.0625,5180.2136,5237.0979,5323.0086,5411.2408,5346.6031,5184.5265,5155.4996,4876.3489,5462.02,5284.6253
Yemen,AFOLU,Emissions (CO2eq) from N2O (AR5),kilotonnes,2079.2275,2192.0928,2178.6766,2354.8666,2457.4393,2420.3679,2515.3439,2731.368,2740.5672,2777.4881,2891.2076,2870.3615,2907.6875,3023.0171,3039.1887,2870.3376,2885.8303,2841.036,2643.8613,2994.7218,2902.3383
Yemen,AFOLU,Emissions (CO2eq) (AR5),kilotonnes,5790.5861,6079.0761,6107.6967,6716.7458,6867.4381,6879.4641,7070.6328,7463.8836,7620.3113,7771.81,7947.2701,8050.5751,8144.7854,8346.0257,8450.4295,8216.9407,8070.3568,7996.5356,7520.2102,8456.7417,8186.9636
Yemen,All sectors with LULUCF,Emissions (CH4),kilotonnes,488.5485,477.8208,480.3221,552.7814,546.5,626.2534,745.6889,774.0184,717.2766,759.3686,842.5737,805.0076,727.0392,801.1074,750.2586,503.3501,455.4617,461.525,457.5553,549.0721,526.2366
Yemen,All sectors with LULUCF,Emissions (N2O),kilotonnes,12.2961,12.929,13.0694,14.0363,14.6484,14.7025,15.2019,16.243,16.4848,16.0791,16.4822,16.3806,16.5344,17.4436,17.5756,16.3855,16.4409,16.3509,15.7108,17.0863,16.8313
Yemen,All sectors with LULUCF,Emissions (CO2),kilotonnes,15481,17007,16722,18304,19904,20896,22586,21997,23032,25845,24220,20850,18910,27320,26670,14136,10842,10824,16910,17423,16622
Yemen,All sectors with LULUCF,Emissions (CO2eq) from CH4 (AR5),kilotonnes,13679.3586,13378.9833,13449.0201,15477.8792,15301.9987,17535.0961,20879.2889,21672.5157,20083.7441,21262.322,23592.0625,22540.2136,20357.0979,22431.0086,21007.2408,14093.8031,12752.9265,12922.6996,12811.5489,15374.02,14734.6253
Yemen,All sectors with LULUCF,Emissions (CO2eq) from N2O (AR5),kilotonnes,3258.4775,3426.1978,3463.3966,3719.6166,3881.8143,3896.1529,4028.4939,4304.408,4368.4622,4260.9581,4367.7876,4340.8465,4381.6175,4622.5571,4657.5437,4342.1476,4356.8453,4332.986,4163.3713,4527.8793,4460.2998
Yemen,All sectors with LULUCF,Emissions (CO2eq) (AR5),kilotonnes,32418.8361,33812.1811,33634.4167,37501.4958,39087.8131,42327.2491,47493.7828,47973.9236,47484.2063,51368.28,52179.8501,47731.0601,43648.7154,54373.5657,52334.7845,32571.9507,27951.7718,28079.6856,33884.9202,37324.8992,35816.9251
Yemen,All sectors without LULUCF,Emissions (CH4),kilotonnes,488.5485,477.8208,480.3221,552.7814,546.5,626.2534,745.6889,774.0184,717.2766,759.3686,842.5737,805.0076,727.0392,801.1074,750.2586,503.3501,455.4617,461.525,457.5553,549.0721,526.2366
Yemen,All sectors without LULUCF,Emissions (N2O),kilotonnes,12.2961,12.929,13.0694,14.0363,14.6484,14.7025,15.2019,16.243,16.4848,16.0791,16.4822,16.3806,16.5344,17.4436,17.5756,16.3855,16.4409,16.3509,15.7108,17.0863,16.8313
Yemen,All sectors without LULUCF,Emissions (CO2),kilotonnes,15481,17007,16722,18304,19904,20896,22586,21997,23032,25845,24220,20850,18910,27320,26670,14136,10842,10824,16910,17423,16622
Yemen,All sectors without LULUCF,Emissions (CO2eq) from CH4 (AR5),kilotonnes,13679.3586,13378.9833,13449.0201,15477.8792,15301.9987,17535.0961,20879.2889,21672.5157,20083.7441,21262.322,23592.0625,22540.2136,20357.0979,22431.0086,21007.2408,14093.8031,12752.9265,12922.6996,12811.5489,15374.02,14734.6253
Yemen,All sectors without LULUCF,Emissions (CO2eq) from N2O (AR5),kilotonnes,3258.4775,3426.1978,3463.3966,3719.6166,3881.8143,3896.1529,4028.4939,4304.408,4368.4622,4260.9581,4367.7876,4340.8465,4381.6175,4622.5571,4657.5437,4342.1476,4356.8453,4332.986,4163.3713,4527.8793,4460.2998
Yemen,All sectors without LULUCF,Emissions (CO2eq) (AR5),kilotonnes,32418.8361,33812.1811,33634.4167,37501.4958,39087.8131,42327.2491,47493.7828,47973.9236,47484.2063,51368.28,52179.8501,47731.0601,43648.7154,54373.5657,52334.7845,32571.9507,27951.7718,28079.6856,33884.9202,37324.8992,35816.9251
Yugoslav SFR,Crop Residues,Direct emissions (N2O),kilotonnes,,,,,,,,,,,,,,,,,,,,,
Yugoslav SFR,Crop Residues,Indirect emissions (N2O),kilotonnes,,,,,,,,,,,,,,,,,,,,,
Yugoslav SFR,Crop Residues,Emissions (N2O),kilotonnes,,,,,,,,,,,,,,,,,,,,,
Yugoslav SFR,Crop Residues,Emissions (CO2eq) from N2O (AR5),kilotonnes,,,,,,,,,,,,,,,,,,,,,
Yugoslav SFR,Crop Residues,Emissions (CO2eq) (AR5),kilotonnes,,,,,,,,,,,,,,,,,,,,,
Yugoslav SFR,Rice Cultivation,Emissions (CH4),kilotonnes,,,,,,,,,,,,,,,,,,,,,
Yugoslav SFR,Rice Cultivation,Emissions (CO2eq) from CH4 (AR5),kilotonnes,,,,,,,,,,,,,,,,,,,,,
Yugoslav SFR,Rice Cultivation,Emissions (CO2eq) (AR5),kilotonnes,,,,,,,,,,,,,,,,,,,,,
Yugoslav SFR,Burning - Crop residues,Emissions (CH4),kilotonnes,,,,,,,,,,,,,,,,,,,,,
Yugoslav SFR,Burning - Crop residues,Emissions (N2O),kilotonnes,,,,,,,,,,,,,,,,,,,,,
Yugoslav SFR,Burning - Crop residues,Emissions (CO2eq) from CH4 (AR5),kilotonnes,,,,,,,,,,,,,,,,,,,,,
Yugoslav SFR,Burning - Crop residues,Emissions (CO2eq) from N2O (AR5),kilotonnes,,,,,,,,,,,,,,,,,,,,,
Yugoslav SFR,Burning - Crop residues,Emissions (CO2eq) (AR5),kilotonnes,,,,,,,,,,,,,,,,,,,,,
Yugoslav SFR,Enteric Fermentation,Emissions (CH4),kilotonnes,,,,,,,,,,,,,,,,,,,,,
Yugoslav SFR,Enteric Fermentation,Emissions (CO2eq) from CH4 (AR5),kilotonnes,,,,,,,,,,,,,,,,,,,,,
Yugoslav SFR,Enteric Fermentation,Emissions (CO2eq) (AR5),kilotonnes,,,,,,,,,,,,,,,,,,,,,
Yugoslav SFR,Manure Management,Emissions (CH4),kilotonnes,,,,,,,,,,,,,,,,,,,,,
Yugoslav SFR,Manure Management,Emissions (N2O),kilotonnes,,,,,,,,,,,,,,,,,,,,,
Yugoslav SFR,Manure Management,Emissions (CO2eq) from CH4 (AR5),kilotonnes,,,,,,,,,,,,,,,,,,,,,
Yugoslav SFR,Manure Management,Emissions (CO2eq) from N2O (AR5),kilotonnes,,,,,,,,,,,,,,,,,,,,,
Yugoslav SFR,Manure Management,Emissions (CO2eq) (AR5),kilotonnes,,,,,,,,,,,,,,,,,,,,,
Yugoslav SFR,Manure left on Pasture,Direct emissions (N2O),kilotonnes,,,,,,,,,,,,,,,,,,,,,
Yugoslav SFR,Manure left on Pasture,Indirect emissions (N2O),kilotonnes,,,,,,,,,,,,,,,,,,,,,
Yugoslav SFR,Manure left on Pasture,Emissions (N2O),kilotonnes,,,,,,,,,,,,,,,,,,,,,
Yugoslav SFR,Manure left on Pasture,Emissions (CO2eq) from N2O (AR5),kilotonnes,,,,,,,,,,,,,,,,,,,,,
Yugoslav SFR,Manure left on Pasture,Emissions (CO2eq) (AR5),kilotonnes,,,,,,,,,,,,,,,,,,,,,
Yugoslav SFR,Manure applied to Soils,Direct emissions (N2O),kilotonnes,,,,,,,,,,,,,,,,,,,,,
Yugoslav SFR,Manure applied to Soils,Indirect emissions (N2O),kilotonnes,,,,,,,,,,,,,,,,,,,,,
Yugoslav SFR,Manure applied to Soils,Emissions (N2O),kilotonnes,,,,,,,,,,,,,,,,,,,,,
Yugoslav SFR,Manure applied to Soils,Emissions (CO2eq) from N2O (AR5),kilotonnes,,,,,,,,,,,,,,,,,,,,,
Yugoslav SFR,Manure applied to Soils,Emissions (CO2eq) (AR5),kilotonnes,,,,,,,,,,,,,,,,,,,,,
Yugoslav SFR,Synthetic Fertilizers,Direct emissions (N2O),kilotonnes,,,,,,,,,,,,,,,,,,,,,
Yugoslav SFR,Synthetic Fertilizers,Indirect emissions (N2O),kilotonnes,,,,,,,,,,,,,,,,,,,,,
Yugoslav SFR,Synthetic Fertilizers,Emissions (N2O),kilotonnes,,,,,,,,,,,,,,,,,,,,,
Yugoslav SFR,Synthetic Fertilizers,Emissions (CO2eq) from N2O (AR5),kilotonnes,,,,,,,,,,,,,,,,,,,,,
Yugoslav SFR,Synthetic Fertilizers,Emissions (CO2eq) (AR5),kilotonnes,,,,,,,,,,,,,,,,,,,,,
Yugoslav SFR,Drained organic soils,Emissions (CO2eq) (AR5),kilotonnes,,,,,,,,,,,,,,,,,,,,,
Yugoslav SFR,Drained organic soils (CO2),Emissions (CO2),kilotonnes,,,,,,,,,,,,,,,,,,,,,
Yugoslav SFR,Drained organic soils (CO2),Emissions (CO2eq) (AR5),kilotonnes,,,,,,,,,,,,,,,,,,,,,
Yugoslav SFR,Drained organic soils (N2O),Emissions (N2O),kilotonnes,,,,,,,,,,,,,,,,,,,,,
Yugoslav SFR,Drained organic soils (N2O),Emissions (CO2eq) from N2O (AR5),kilotonnes,,,,,,,,,,,,,,,,,,,,,
Yugoslav SFR,Drained organic soils (N2O),Emissions (CO2eq) (AR5),kilotonnes,,,,,,,,,,,,,,,,,,,,,
Yugoslav SFR,On-farm energy use,Emissions (CH4),kilotonnes,,,,,,,,,,,,,,,,,,,,,
Yugoslav SFR,On-farm energy use,Emissions (N2O),kilotonnes,,,,,,,,,,,,,,,,,,,,,
Yugoslav SFR,On-farm energy use,Emissions (CO2),kilotonnes,,,,,,,,,,,,,,,,,,,,,
Yugoslav SFR,On-farm energy use,Emissions (CO2eq) from CH4 (AR5),kilotonnes,,,,,,,,,,,,,,,,,,,,,
Yugoslav SFR,On-farm energy use,Emissions (CO2eq) from N2O (AR5),kilotonnes,,,,,,,,,,,,,,,,,,,,,
Yugoslav SFR,On-farm energy use,Emissions (CO2eq) (AR5),kilotonnes,,,,,,,,,,,,,,,,,,,,,
Yugoslav SFR,Forestland,Emissions (CO2),kilotonnes,,,,,,,,,,,,,,,,,,,,,
Yugoslav SFR,Forestland,Emissions (CO2eq) (AR5),kilotonnes,,,,,,,,,,,,,,,,,,,,,
Yugoslav SFR,Net Forest conversion,Emissions (CO2),kilotonnes,,,,,,,,,,,,,,,,,,,,,
Yugoslav SFR,Net Forest conversion,Emissions (CO2eq) (AR5),kilotonnes,,,,,,,,,,,,,,,,,,,,,
Yugoslav SFR,Savanna fires,Emissions (CH4),kilotonnes,,,,,,,,,,,,,,,,,,,,,
Yugoslav SFR,Savanna fires,Emissions (N2O),kilotonnes,,,,,,,,,,,,,,,,,,,,,
Yugoslav SFR,Savanna fires,Emissions (CO2eq) from CH4 (AR5),kilotonnes,,,,,,,,,,,,,,,,,,,,,
Yugoslav SFR,Savanna fires,Emissions (CO2eq) from N2O (AR5),kilotonnes,,,,,,,,,,,,,,,,,,,,,
Yugoslav SFR,Savanna fires,Emissions (CO2eq) (AR5),kilotonnes,,,,,,,,,,,,,,,,,,,,,
Yugoslav SFR,Fires in organic soils,Emissions (CH4),kilotonnes,,,,,,,,,,,,,,,,,,,,,
Yugoslav SFR,Fires in organic soils,Emissions (CO2),kilotonnes,,,,,,,,,,,,,,,,,,,,,
Yugoslav SFR,Fires in organic soils,Emissions (CO2eq) from CH4 (AR5),kilotonnes,,,,,,,,,,,,,,,,,,,,,
Yugoslav SFR,Fires in organic soils,Emissions (CO2eq) (AR5),kilotonnes,,,,,,,,,,,,,,,,,,,,,
Yugoslav SFR,Forest fires,Emissions (CH4),kilotonnes,,,,,,,,,,,,,,,,,,,,,
Yugoslav SFR,Forest fires,Emissions (N2O),kilotonnes,,,,,,,,,,,,,,,,,,,,,
Yugoslav SFR,Forest fires,Emissions (CO2eq) from CH4 (AR5),kilotonnes,,,,,,,,,,,,,,,,,,,,,
Yugoslav SFR,Forest fires,Emissions (CO2eq) from N2O (AR5),kilotonnes,,,,,,,,,,,,,,,,,,,,,
Yugoslav SFR,Forest fires,Emissions (CO2eq) (AR5),kilotonnes,,,,,,,,,,,,,,,,,,,,,
Yugoslav SFR,Fires in humid tropical forests,Emissions (CH4),kilotonnes,,,,,,,,,,,,,,,,,,,,,
Yugoslav SFR,Fires in humid tropical forests,Emissions (N2O),kilotonnes,,,,,,,,,,,,,,,,,,,,,
Yugoslav SFR,Fires in humid tropical forests,Emissions (CO2eq) from CH4 (AR5),kilotonnes,,,,,,,,,,,,,,,,,,,,,
Yugoslav SFR,Fires in humid tropical forests,Emissions (CO2eq) from N2O (AR5),kilotonnes,,,,,,,,,,,,,,,,,,,,,
Yugoslav SFR,Fires in humid tropical forests,Emissions (CO2eq) (AR5),kilotonnes,,,,,,,,,,,,,,,,,,,,,
Yugoslav SFR,Waste - agri-food systems,Emissions (CH4),kilotonnes,,,,,,,,,,,,,,,,,,,,,
Yugoslav SFR,Waste - agri-food systems,Emissions (N2O),kilotonnes,,,,,,,,,,,,,,,,,,,,,
Yugoslav SFR,Waste - agri-food systems,Emissions (CO2),kilotonnes,,,,,,,,,,,,,,,,,,,,,
Yugoslav SFR,Waste - agri-food systems,Emissions (CO2eq) from CH4 (AR5),kilotonnes,,,,,,,,,,,,,,,,,,,,,
Yugoslav SFR,Waste - agri-food systems,Emissions (CO2eq) from N2O (AR5),kilotonnes,,,,,,,,,,,,,,,,,,,,,
Yugoslav SFR,Waste - agri-food systems,Emissions (CO2eq) (AR5),kilotonnes,,,,,,,,,,,,,,,,,,,,,
Yugoslav SFR,On-farm electricity use,Emissions (CH4),kilotonnes,,,,,,,,,,,,,,,,,,,,,
Yugoslav SFR,On-farm electricity use,Emissions (N2O),kilotonnes,,,,,,,,,,,,,,,,,,,,,
Yugoslav SFR,On-farm electricity use,Emissions (CO2),kilotonnes,,,,,,,,,,,,,,,,,,,,,
Yugoslav SFR,On-farm electricity use,Emissions (CO2eq) from CH4 (AR5),kilotonnes,,,,,,,,,,,,,,,,,,,,,
Yugoslav SFR,On-farm electricity use,Emissions (CO2eq) from N2O (AR5),kilotonnes,,,,,,,,,,,,,,,,,,,,,
Yugoslav SFR,On-farm electricity use,Emissions (CO2eq) (AR5),kilotonnes,,,,,,,,,,,,,,,,,,,,,
Yugoslav SFR,Energy,Emissions (CH4),kilotonnes,,,,,,,,,,,,,,,,,,,,,
Yugoslav SFR,Energy,Emissions (N2O),kilotonnes,,,,,,,,,,,,,,,,,,,,,
Yugoslav SFR,Energy,Emissions (CO2),kilotonnes,,,,,,,,,,,,,,,,,,,,,
Yugoslav SFR,Energy,Emissions (CO2eq) from CH4 (AR5),kilotonnes,,,,,,,,,,,,,,,,,,,,,
Yugoslav SFR,Energy,Emissions (CO2eq) from N2O (AR5),kilotonnes,,,,,,,,,,,,,,,,,,,,,
Yugoslav SFR,Energy,Emissions (CO2eq) (AR5),kilotonnes,,,,,,,,,,,,,,,,,,,,,
Yugoslav SFR,IPPU,Emissions (CH4),kilotonnes,,,,,,,,,,,,,,,,,,,,,
Yugoslav SFR,IPPU,Emissions (N2O),kilotonnes,,,,,,,,,,,,,,,,,,,,,
Yugoslav SFR,IPPU,Emissions (CO2),kilotonnes,,,,,,,,,,,,,,,,,,,,,
Yugoslav SFR,IPPU,Emissions (CO2eq) from F-gases (AR5),kilotonnes,,,,,,,,,,,,,,,,,,,,,
Yugoslav SFR,IPPU,Emissions (CO2eq) from CH4 (AR5),kilotonnes,,,,,,,,,,,,,,,,,,,,,
Yugoslav SFR,IPPU,Emissions (CO2eq) from N2O (AR5),kilotonnes,,,,,,,,,,,,,,,,,,,,,
Yugoslav SFR,IPPU,Emissions (CO2eq) (AR5),kilotonnes,,,,,,,,,,,,,,,,,,,,,
Yugoslav SFR,Waste,Emissions (CH4),kilotonnes,,,,,,,,,,,,,,,,,,,,,
Yugoslav SFR,Waste,Emissions (N2O),kilotonnes,,,,,,,,,,,,,,,,,,,,,
Yugoslav SFR,Waste,Emissions (CO2),kilotonnes,,,,,,,,,,,,,,,,,,,,,
Yugoslav SFR,Waste,Emissions (CO2eq) from CH4 (AR5),kilotonnes,,,,,,,,,,,,,,,,,,,,,
Yugoslav SFR,Waste,Emissions (CO2eq) from N2O (AR5),kilotonnes,,,,,,,,,,,,,,,,,,,,,
Yugoslav SFR,Waste,Emissions (CO2eq) (AR5),kilotonnes,,,,,,,,,,,,,,,,,,,,,
Yugoslav SFR,Other,Emissions (N2O),kilotonnes,,,,,,,,,,,,,,,,,,,,,
Yugoslav SFR,Other,Emissions (CO2eq) from N2O (AR5),kilotonnes,,,,,,,,,,,,,,,,,,,,,
Yugoslav SFR,Other,Emissions (CO2eq) (AR5),kilotonnes,,,,,,,,,,,,,,,,,,,,,
Yugoslav SFR,Farm-gate emissions,Emissions (CH4),kilotonnes,,,,,,,,,,,,,,,,,,,,,
Yugoslav SFR,Farm-gate emissions,Direct emissions (N2O),kilotonnes,,,,,,,,,,,,,,,,,,,,,
Yugoslav SFR,Farm-gate emissions,Indirect emissions (N2O),kilotonnes,,,,,,,,,,,,,,,,,,,,,
Yugoslav SFR,Farm-gate emissions,Emissions (N2O),kilotonnes,,,,,,,,,,,,,,,,,,,,,
Yugoslav SFR,Farm-gate emissions,Emissions (CO2),kilotonnes,,,,,,,,,,,,,,,,,,,,,
Yugoslav SFR,Farm-gate emissions,Emissions (CO2eq) from CH4 (AR5),kilotonnes,,,,,,,,,,,,,,,,,,,,,
Yugoslav SFR,Farm-gate emissions,Emissions (CO2eq) from N2O (AR5),kilotonnes,,,,,,,,,,,,,,,,,,,,,
Yugoslav SFR,Farm-gate emissions,Emissions (CO2eq) (AR5),kilotonnes,,,,,,,,,,,,,,,,,,,,,
Yugoslav SFR,Land Use change,Emissions (CH4),kilotonnes,,,,,,,,,,,,,,,,,,,,,
Yugoslav SFR,Land Use change,Emissions (N2O),kilotonnes,,,,,,,,,,,,,,,,,,,,,
Yugoslav SFR,Land Use change,Emissions (CO2),kilotonnes,,,,,,,,,,,,,,,,,,,,,
Yugoslav SFR,Land Use change,Emissions (CO2eq) from CH4 (AR5),kilotonnes,,,,,,,,,,,,,,,,,,,,,
Yugoslav SFR,Land Use change,Emissions (CO2eq) from N2O (AR5),kilotonnes,,,,,,,,,,,,,,,,,,,,,
Yugoslav SFR,Land Use change,Emissions (CO2eq) (AR5),kilotonnes,,,,,,,,,,,,,,,,,,,,,
Yugoslav SFR,Emissions on agricultural land,Emissions (CH4),kilotonnes,,,,,,,,,,,,,,,,,,,,,
Yugoslav SFR,Emissions on agricultural land,Emissions (N2O),kilotonnes,,,,,,,,,,,,,,,,,,,,,
Yugoslav SFR,Emissions on agricultural land,Emissions (CO2),kilotonnes,,,,,,,,,,,,,,,,,,,,,
Yugoslav SFR,Emissions on agricultural land,Emissions (CO2eq) from CH4 (AR5),kilotonnes,,,,,,,,,,,,,,,,,,,,,
Yugoslav SFR,Emissions on agricultural land,Emissions (CO2eq) from N2O (AR5),kilotonnes,,,,,,,,,,,,,,,,,,,,,
Yugoslav SFR,Emissions on agricultural land,Emissions (CO2eq) (AR5),kilotonnes,,,,,,,,,,,,,,,,,,,,,
Yugoslav SFR,Pre- and post- production,Emissions (CH4),kilotonnes,,,,,,,,,,,,,,,,,,,,,
Yugoslav SFR,Pre- and post- production,Emissions (N2O),kilotonnes,,,,,,,,,,,,,,,,,,,,,
Yugoslav SFR,Pre- and post- production,Emissions (CO2),kilotonnes,,,,,,,,,,,,,,,,,,,,,
Yugoslav SFR,Pre- and post- production,Emissions (CO2eq) from CH4 (AR5),kilotonnes,,,,,,,,,,,,,,,,,,,,,
Yugoslav SFR,Pre- and post- production,Emissions (CO2eq) from N2O (AR5),kilotonnes,,,,,,,,,,,,,,,,,,,,,
Yugoslav SFR,Pre- and post- production,Emissions (CO2eq) (AR5),kilotonnes,,,,,,,,,,,,,,,,,,,,,
Yugoslav SFR,Agri-food systems,Emissions (CH4),kilotonnes,,,,,,,,,,,,,,,,,,,,,
Yugoslav SFR,Agri-food systems,Emissions (N2O),kilotonnes,,,,,,,,,,,,,,,,,,,,,
Yugoslav SFR,Agri-food systems,Emissions (CO2),kilotonnes,,,,,,,,,,,,,,,,,,,,,
Yugoslav SFR,Agri-food systems,Emissions (CO2eq) from CH4 (AR5),kilotonnes,,,,,,,,,,,,,,,,,,,,,
Yugoslav SFR,Agri-food systems,Emissions (CO2eq) from N2O (AR5),kilotonnes,,,,,,,,,,,,,,,,,,,,,
Yugoslav SFR,Agri-food systems,Emissions (CO2eq) (AR5),kilotonnes,,,,,,,,,,,,,,,,,,,,,
Yugoslav SFR,IPCC Agriculture,Emissions (CH4),kilotonnes,,,,,,,,,,,,,,,,,,,,,
Yugoslav SFR,IPCC Agriculture,Direct emissions (N2O),kilotonnes,,,,,,,,,,,,,,,,,,,,,
Yugoslav SFR,IPCC Agriculture,Indirect emissions (N2O),kilotonnes,,,,,,,,,,,,,,,,,,,,,
Yugoslav SFR,IPCC Agriculture,Emissions (N2O),kilotonnes,,,,,,,,,,,,,,,,,,,,,
Yugoslav SFR,IPCC Agriculture,Emissions (CO2eq) from CH4 (AR5),kilotonnes,,,,,,,,,,,,,,,,,,,,,
Yugoslav SFR,IPCC Agriculture,Emissions (CO2eq) from N2O (AR5),kilotonnes,,,,,,,,,,,,,,,,,,,,,
Yugoslav SFR,IPCC Agriculture,Emissions (CO2eq) (AR5),kilotonnes,,,,,,,,,,,,,,,,,,,,,
Yugoslav SFR,Agricultural Soils,Direct emissions (N2O),kilotonnes,,,,,,,,,,,,,,,,,,,,,
Yugoslav SFR,Agricultural Soils,Indirect emissions (N2O),kilotonnes,,,,,,,,,,,,,,,,,,,,,
Yugoslav SFR,Agricultural Soils,Emissions (N2O),kilotonnes,,,,,,,,,,,,,,,,,,,,,
Yugoslav SFR,Agricultural Soils,Emissions (CO2eq) from N2O (AR5),kilotonnes,,,,,,,,,,,,,,,,,,,,,
Yugoslav SFR,Agricultural Soils,Emissions (CO2eq) (AR5),kilotonnes,,,,,,,,,,,,,,,,,,,,,
Yugoslav SFR,LULUCF,Emissions (CH4),kilotonnes,,,,,,,,,,,,,,,,,,,,,
Yugoslav SFR,LULUCF,Emissions (N2O),kilotonnes,,,,,,,,,,,,,,,,,,,,,
Yugoslav SFR,LULUCF,Emissions (CO2),kilotonnes,,,,,,,,,,,,,,,,,,,,,
Yugoslav SFR,LULUCF,Emissions (CO2eq) from CH4 (AR5),kilotonnes,,,,,,,,,,,,,,,,,,,,,
Yugoslav SFR,LULUCF,Emissions (CO2eq) from N2O (AR5),kilotonnes,,,,,,,,,,,,,,,,,,,,,
Yugoslav SFR,LULUCF,Emissions (CO2eq) (AR5),kilotonnes,,,,,,,,,,,,,,,,,,,,,
Yugoslav SFR,AFOLU,Emissions (CH4),kilotonnes,,,,,,,,,,,,,,,,,,,,,
Yugoslav SFR,AFOLU,Emissions (N2O),kilotonnes,,,,,,,,,,,,,,,,,,,,,
Yugoslav SFR,AFOLU,Emissions (CO2),kilotonnes,,,,,,,,,,,,,,,,,,,,,
Yugoslav SFR,AFOLU,Emissions (CO2eq) from CH4 (AR5),kilotonnes,,,,,,,,,,,,,,,,,,,,,
Yugoslav SFR,AFOLU,Emissions (CO2eq) from N2O (AR5),kilotonnes,,,,,,,,,,,,,,,,,,,,,
Yugoslav SFR,AFOLU,Emissions (CO2eq) (AR5),kilotonnes,,,,,,,,,,,,,,,,,,,,,
Yugoslav SFR,All sectors with LULUCF,Emissions (CH4),kilotonnes,,,,,,,,,,,,,,,,,,,,,
Yugoslav SFR,All sectors with LULUCF,Emissions (N2O),kilotonnes,,,,,,,,,,,,,,,,,,,,,
Yugoslav SFR,All sectors with LULUCF,Emissions (CO2),kilotonnes,,,,,,,,,,,,,,,,,,,,,
Yugoslav SFR,All sectors with LULUCF,Emissions (CO2eq) from F-gases (AR5),kilotonnes,,,,,,,,,,,,,,,,,,,,,
Yugoslav SFR,All sectors with LULUCF,Emissions (CO2eq) from CH4 (AR5),kilotonnes,,,,,,,,,,,,,,,,,,,,,
Yugoslav SFR,All sectors with LULUCF,Emissions (CO2eq) from N2O (AR5),kilotonnes,,,,,,,,,,,,,,,,,,,,,
Yugoslav SFR,All sectors with LULUCF,Emissions (CO2eq) (AR5),kilotonnes,,,,,,,,,,,,,,,,,,,,,
Yugoslav SFR,All sectors without LULUCF,Emissions (CH4),kilotonnes,,,,,,,,,,,,,,,,,,,,,
Yugoslav SFR,All sectors without LULUCF,Emissions (N2O),kilotonnes,,,,,,,,,,,,,,,,,,,,,
Yugoslav SFR,All sectors without LULUCF,Emissions (CO2),kilotonnes,,,,,,,,,,,,,,,,,,,,,
Yugoslav SFR,All sectors without LULUCF,Emissions (CO2eq) from F-gases (AR5),kilotonnes,,,,,,,,,,,,,,,,,,,,,
Yugoslav SFR,All sectors without LULUCF,Emissions (CO2eq) from CH4 (AR5),kilotonnes,,,,,,,,,,,,,,,,,,,,,
Yugoslav SFR,All sectors without LULUCF,Emissions (CO2eq) from N2O (AR5),kilotonnes,,,,,,,,,,,,,,,,,,,,,
Yugoslav SFR,All sectors without LULUCF,Emissions (CO2eq) (AR5),kilotonnes,,,,,,,,,,,,,,,,,,,,,
Zambia,Crop Residues,Direct emissions (N2O),kilotonnes,0.2075,0.167,0.136,0.2312,0.231,0.1983,0.2749,0.2511,0.2346,0.3784,0.4924,0.5301,0.5247,0.5048,0.5894,0.4762,0.5301,0.6729,0.4789,0.415,0.6337
Zambia,Crop Residues,Indirect emissions (N2O),kilotonnes,0.0467,0.0376,0.0306,0.052,0.052,0.0446,0.0619,0.0565,0.0528,0.0851,0.1108,0.1193,0.118,0.1136,0.1326,0.1071,0.1193,0.1514,0.1078,0.0934,0.1426
Zambia,Crop Residues,Emissions (N2O),kilotonnes,0.2542,0.2046,0.1666,0.2832,0.283,0.243,0.3368,0.3076,0.2874,0.4635,0.6032,0.6494,0.6427,0.6184,0.7221,0.5833,0.6494,0.8243,0.5867,0.5083,0.7763
Zambia,Crop Residues,Emissions (CO2eq) from N2O (AR5),kilotonnes,67.3613,54.2223,44.1578,75.0514,74.9967,64.3856,89.2439,81.513,76.1593,122.8289,159.8483,172.0895,170.3172,163.8665,191.3481,154.5782,172.0801,218.441,155.4773,134.7087,205.7266
Zambia,Crop Residues,Emissions (CO2eq) (AR5),kilotonnes,67.3613,54.2223,44.1578,75.0514,74.9967,64.3856,89.2439,81.513,76.1593,122.8289,159.8483,172.0895,170.3172,163.8665,191.3481,154.5782,172.0801,218.441,155.4773,134.7087,205.7266
Zambia,Rice Cultivation,Emissions (CH4),kilotonnes,0.8608,0.6489,0.735,0.77,0.875,0.7258,1.0051,0.8477,1.2157,1.7907,2.1552,1.9243,1.8385,2.6964,2.3245,1.2535,1.5461,2.0703,2.1208,1.7203,1.7329
Zambia,Rice Cultivation,Emissions (CH4),kilotonnes,,,,,,,,,,,,,,,,,0.984,,,,
Zambia,Rice Cultivation,Emissions (CO2eq) from CH4 (AR5),kilotonnes,24.1021,18.1692,20.58,21.56,24.5,20.3213,28.1417,23.7356,34.0393,50.1407,60.3445,53.8804,51.4794,75.4992,65.0857,35.0977,43.2905,57.967,59.3821,48.169,48.5218
Zambia,Rice Cultivation,Emissions (CO2eq) from CH4 (AR5),kilotonnes,,,,,,,,,,,,,,,,,27.552,,,,
Zambia,Rice Cultivation,Emissions (CO2eq) (AR5),kilotonnes,24.1021,18.1692,20.58,21.56,24.5,20.3213,28.1417,23.7356,34.0393,50.1407,60.3445,53.8804,51.4794,75.4992,65.0857,35.0977,43.2905,57.967,59.3821,48.169,48.5218
Zambia,Rice Cultivation,Emissions (CO2eq) (AR5),kilotonnes,,,,,,,,,,,,,,,,,27.552,,,,
Zambia,Burning - Crop residues,Emissions (CH4),kilotonnes,1.6423,1.6315,1.2282,1.8893,1.7764,1.3355,2.1069,1.6607,1.53,2.5908,3.0541,3.1265,3.0562,2.8756,3.4118,2.4626,3.2536,4.0183,3.079,2.4129,3.7472
Zambia,Burning - Crop residues,Emissions (CH4),kilotonnes,4.0452,,,,,,,,,,,,,,,,,,,,
Zambia,Burning - Crop residues,Emissions (N2O),kilotonnes,0.0426,0.0423,0.0318,0.049,0.0461,0.0346,0.0546,0.0431,0.0397,0.0672,0.0792,0.0811,0.0792,0.0746,0.0885,0.0638,0.0844,0.1042,0.0798,0.0626,0.0971
Zambia,Burning - Crop residues,Emissions (N2O),kilotonnes,0.114,,,,,,,,,,,,,,,,,,,,
Zambia,Burning - Crop residues,Emissions (CO2eq) from CH4 (AR5),kilotonnes,45.9838,45.6812,34.3886,52.9011,49.7385,37.3954,58.9935,46.5004,42.8396,72.5424,85.5154,87.5415,85.5745,80.517,95.5317,68.9531,91.0996,112.5126,86.213,67.5619,104.9212
Zambia,Burning - Crop residues,Emissions (CO2eq) from CH4 (AR5),kilotonnes,113.2656,,,,,,,,,,,,,,,,,,,,
Zambia,Burning - Crop residues,Emissions (CO2eq) from N2O (AR5),kilotonnes,11.2831,11.2088,8.4379,12.9804,12.2044,9.1757,14.4752,11.4098,10.5116,17.7998,20.9829,21.4801,20.9974,19.7565,23.4406,16.919,22.3531,27.6073,21.1541,16.5777,25.7446
Zambia,Burning - Crop residues,Emissions (CO2eq) from N2O (AR5),kilotonnes,30.21,,,,,,,,,,,,,,,,,,,,
Zambia,Burning - Crop residues,Emissions (CO2eq) (AR5),kilotonnes,57.2668,56.89,42.8265,65.8815,61.9429,46.5711,73.4687,57.9102,53.3512,90.3422,106.4983,109.0216,106.5719,100.2735,118.9723,85.8722,113.4528,140.1199,107.3671,84.1396,130.6657
Zambia,Burning - Crop residues,Emissions (CO2eq) (AR5),kilotonnes,143.4756,,,,,,,,,,,,,,,,,,,,
Zambia,Enteric Fermentation,Emissions (CH4),kilotonnes,92.2725,95.693,90.8638,87.4763,87.1058,94.7888,101.9906,91.9408,87.775,110.8097,113.36,96.6194,140.4483,144.0713,146.456,142.227,136.8959,136.4052,135.5363,135.3713,137.1886
Zambia,Enteric Fermentation,Emissions (CH4),kilotonnes,118.8838,,,,,,,,,,,,,,,,188.47,,,,
Zambia,Enteric Fermentation,Emissions (CO2eq) from CH4 (AR5),kilotonnes,2583.6291,2679.404,2544.1875,2449.3353,2438.9623,2654.0872,2855.7355,2574.3437,2457.6991,3102.6718,3174.08,2705.343,3932.5527,4033.9978,4100.768,3982.356,3833.0862,3819.3461,3795.017,3790.3966,3841.2821
Zambia,Enteric Fermentation,Emissions (CO2eq) from CH4 (AR5),kilotonnes,3328.7464,,,,,,,,,,,,,,,,5277.16,,,,
Zambia,Enteric Fermentation,Emissions (CO2eq) (AR5),kilotonnes,2583.6291,2679.404,2544.1875,2449.3353,2438.9623,2654.0872,2855.7355,2574.3437,2457.6991,3102.6718,3174.08,2705.343,3932.5527,4033.9978,4100.768,3982.356,3833.0862,3819.3461,3795.017,3790.3966,3841.2821
Zambia,Enteric Fermentation,Emissions (CO2eq) (AR5),kilotonnes,3328.7464,,,,,,,,,,,,,,,,5277.16,,,,
Zambia,Manure Management,Emissions (CH4),kilotonnes,3.7448,3.8871,3.6957,3.5902,3.6018,3.8698,4.161,3.9676,4.022,4.8,4.9238,4.502,6.6054,6.3485,6.4249,6.2206,6.0979,6.1032,6.0967,6.0882,6.1677
Zambia,Manure Management,Emissions (CH4),kilotonnes,4.2671,,,,,,,,,,,,,,,,11.545,,,,
Zambia,Manure Management,Emissions (N2O),kilotonnes,0.1969,0.2061,0.1834,0.1783,0.1858,0.1961,0.2409,0.2975,0.3694,0.3839,0.3879,0.4249,0.7531,0.572,0.573,0.5316,0.5473,0.5594,0.5608,0.5523,0.5552
Zambia,Manure Management,Emissions (N2O),kilotonnes,5,,,,,,,,,,,,,,,,,,,,
Zambia,Manure Management,Emissions (CO2eq) from CH4 (AR5),kilotonnes,104.8547,108.8394,103.4799,100.5254,100.8508,108.3552,116.5072,111.0921,112.6148,134.4002,137.8664,126.0569,184.9524,177.758,179.8969,174.1781,170.7416,170.8901,170.7081,170.4706,172.6955
Zambia,Manure Management,Emissions (CO2eq) from CH4 (AR5),kilotonnes,119.4788,,,,,,,,,,,,,,,,323.26,,,,
Zambia,Manure Management,Emissions (CO2eq) from N2O (AR5),kilotonnes,52.181,54.6246,48.5993,47.2478,49.2489,51.9768,63.8452,78.8414,97.8821,101.7451,102.7808,112.5974,199.5586,151.5823,151.8393,140.8651,145.0338,148.244,148.6139,146.3499,147.1399
Zambia,Manure Management,Emissions (CO2eq) from N2O (AR5),kilotonnes,1325,,,,,,,,,,,,,,,,,,,,
Zambia,Manure Management,Emissions (CO2eq) (AR5),kilotonnes,157.0356,163.4639,152.0792,147.7732,150.0998,160.3319,180.3525,189.9335,210.4968,236.1452,240.6472,238.6543,384.5111,329.3402,331.7362,315.0433,315.7753,319.1341,319.322,316.8205,319.8354
Zambia,Manure Management,Emissions (CO2eq) (AR5),kilotonnes,1444.4788,,,,,,,,,,,,,,,,323.26,,,,
Zambia,Manure left on Pasture,Direct emissions (N2O),kilotonnes,3.8918,4.0394,3.8633,3.7443,3.737,4.0426,4.3028,3.9063,3.7508,4.6661,4.7911,4.1532,5.8405,6.0173,6.1042,5.9543,5.7459,5.7288,5.7047,5.7102,5.7921
Zambia,Manure left on Pasture,Indirect emissions (N2O),kilotonnes,0.8946,0.9339,0.902,0.8868,0.8931,0.9634,1.0189,0.9373,0.9043,1.1041,1.1361,1.0057,1.3669,1.4123,1.4357,1.4091,1.3594,1.3607,1.36,1.3653,1.3866
Zambia,Manure left on Pasture,Emissions (N2O),kilotonnes,4.7864,4.9733,4.7653,4.6311,4.6301,5.006,5.3217,4.8436,4.6551,5.7703,5.9272,5.1589,7.2074,7.4296,7.5399,7.3634,7.1053,7.0896,7.0647,7.0754,7.1787
Zambia,Manure left on Pasture,Emissions (CO2eq) from N2O (AR5),kilotonnes,1268.3918,1317.9225,1262.7949,1227.244,1226.9695,1326.603,1410.2425,1283.5433,1233.6116,1529.1197,1570.7099,1367.1085,1909.9523,1968.8454,1998.081,1951.3116,1882.9062,1878.7334,1872.1449,1874.9916,1902.358
Zambia,Manure left on Pasture,Emissions (CO2eq) (AR5),kilotonnes,1268.3918,1317.9225,1262.7949,1227.244,1226.9695,1326.603,1410.2425,1283.5433,1233.6116,1529.1197,1570.7099,1367.1085,1909.9523,1968.8454,1998.081,1951.3116,1882.9062,1878.7334,1872.1449,1874.9916,1902.358
Zambia,Manure applied to Soils,Direct emissions (N2O),kilotonnes,0.1551,0.1623,0.1528,0.1511,0.1548,0.1622,0.1833,0.2119,0.2496,0.2611,0.266,0.2849,0.4559,0.3662,0.3668,0.3445,0.3517,0.3592,0.3601,0.3568,0.3597
Zambia,Manure applied to Soils,Indirect emissions (N2O),kilotonnes,0.0659,0.069,0.0649,0.0642,0.0658,0.0689,0.0779,0.0901,0.1061,0.111,0.113,0.1211,0.1938,0.1556,0.1559,0.1464,0.1495,0.1527,0.1531,0.1516,0.1529
Zambia,Manure applied to Soils,Emissions (N2O),kilotonnes,0.2211,0.2312,0.2177,0.2153,0.2206,0.2311,0.2612,0.302,0.3556,0.372,0.379,0.4059,0.6497,0.5218,0.5227,0.4909,0.5011,0.5119,0.5132,0.5085,0.5126
Zambia,Manure applied to Soils,Emissions (CO2eq) from N2O (AR5),kilotonnes,58.5809,61.2745,57.691,57.0426,58.4697,61.2418,69.2302,80.0358,94.24,98.5853,100.4378,107.5741,172.1634,138.2828,138.5086,130.0974,132.8018,135.6535,135.9896,134.7423,135.8311
Zambia,Manure applied to Soils,Emissions (CO2eq) (AR5),kilotonnes,58.5809,61.2745,57.691,57.0426,58.4697,61.2418,69.2302,80.0358,94.24,98.5853,100.4378,107.5741,172.1634,138.2828,138.5086,130.0974,132.8018,135.6535,135.9896,134.7423,135.8311
Zambia,Synthetic Fertilizers,Direct emissions (N2O),kilotonnes,0.1257,0.2043,0.6338,0.6728,0.9456,0.8114,0.7735,0.8761,0.8362,1.008,1.2197,1.8305,1.561,2.2117,2.1683,2.6006,2.956,3.3108,2.3255,2.6343,3.013
Zambia,Synthetic Fertilizers,Indirect emissions (N2O),kilotonnes,0.0409,0.0664,0.206,0.2187,0.3073,0.2637,0.2514,0.2847,0.2718,0.3276,0.3964,0.5949,0.5073,0.7188,0.7047,0.8452,0.9607,1.076,0.7558,0.8562,0.9792
Zambia,Synthetic Fertilizers,Emissions (N2O),kilotonnes,0.1666,0.2707,0.8398,0.8915,1.253,1.0752,1.0249,1.1609,1.108,1.3356,1.6161,2.4254,2.0684,2.9305,2.8729,3.4458,3.9167,4.3869,3.0813,3.4905,3.9922
Zambia,Synthetic Fertilizers,Emissions (CO2eq) from N2O (AR5),kilotonnes,44.1414,71.7298,222.5556,236.2449,332.0373,284.9164,271.6077,307.6327,293.6233,353.9315,428.2657,642.7323,548.1143,776.5784,761.3296,913.1471,1037.9161,1162.5189,816.5377,924.986,1057.9267
Zambia,Synthetic Fertilizers,Emissions (CO2eq) (AR5),kilotonnes,44.1414,71.7298,222.5556,236.2449,332.0373,284.9164,271.6077,307.6327,293.6233,353.9315,428.2657,642.7323,548.1143,776.5784,761.3296,913.1471,1037.9161,1162.5189,816.5377,924.986,1057.9267
Zambia,Drained organic soils,Emissions (CO2eq) (AR5),kilotonnes,15261.6514,15277.2206,15299.1809,15296.2295,15298.498,15281.6358,15260.6367,15251.2819,15258.3742,15236.4862,15245.941,15245.072,15244.0443,15237.0243,15222.8575,15222.8575,15195.8616,15187.1044,15194.1187,15288.6558,15301.1307
Zambia,Drained organic soils (CO2),Emissions (CO2),kilotonnes,14527.3041,14542.1889,14563.316,14560.5378,14562.848,14546.8443,14526.9408,14518.1071,14524.9947,14504.211,14513.2311,14512.4669,14511.5234,14504.7909,14491.285,14491.285,14465.5896,14457.3172,14464.057,14554.7252,14566.6658
Zambia,Drained organic soils (CO2),Emissions (CO2eq) (AR5),kilotonnes,14527.3041,14542.1889,14563.316,14560.5378,14562.848,14546.8443,14526.9408,14518.1071,14524.9947,14504.211,14513.2311,14512.4669,14511.5234,14504.7909,14491.285,14491.285,14465.5896,14457.3172,14464.057,14554.7252,14566.6658
Zambia,Drained organic soils (N2O),Emissions (N2O),kilotonnes,2.7711,2.7737,2.7768,2.7762,2.776,2.7728,2.7687,2.7667,2.7675,2.7633,2.7649,2.7645,2.7642,2.7631,2.7607,2.7607,2.7557,2.7539,2.7549,2.7695,2.7716
Zambia,Drained organic soils (N2O),Emissions (CO2eq) from N2O (AR5),kilotonnes,734.3473,735.0317,735.8649,735.6917,735.65,734.7915,733.6959,733.1748,733.3795,732.2752,732.7099,732.6051,732.521,732.2334,731.5725,731.5725,730.272,729.7872,730.0617,733.9306,734.4649
Zambia,Drained organic soils (N2O),Emissions (CO2eq) (AR5),kilotonnes,734.3473,735.0317,735.8649,735.6917,735.65,734.7915,733.6959,733.1748,733.3795,732.2752,732.7099,732.6051,732.521,732.2334,731.5725,731.5725,730.272,729.7872,730.0617,733.9306,734.4649
Zambia,On-farm energy use,Emissions (CH4),kilotonnes,0.0217,0.0221,0.0224,0.0235,0.0193,0.0231,0.0172,0.0197,0.0247,0.0294,0.0247,0.0184,0.0244,0.0299,0.0327,0.0343,0.0348,0.0342,0.0356,0.0361,0.0361
Zambia,On-farm energy use,Emissions (N2O),kilotonnes,0.0089,0.0089,0.0089,0.0089,0.0089,0.0089,0.0261,0.0237,0.0274,0.0262,0.0249,0.0273,0.0335,0.0311,0.0348,0.0361,0.0373,0.0274,0.0299,0.0289,0.0289
Zambia,On-farm energy use,Emissions (CO2),kilotonnes,49.931,48.4749,48.4351,49.8549,48.7689,50.3771,94.5629,92.0746,103.1461,98.736,88.8974,91.5823,109.7032,102.0587,115.6852,120.9937,118.2123,96.8955,105.4076,103.3521,103.3521
Zambia,On-farm energy use,Emissions (CO2eq) from CH4 (AR5),kilotonnes,0.6088,0.6199,0.6263,0.6571,0.5395,0.646,0.4828,0.5515,0.6922,0.8221,0.692,0.5151,0.6824,0.838,0.9148,0.961,0.9734,0.9589,0.9959,1.0121,1.0121
Zambia,On-farm energy use,Emissions (CO2eq) from N2O (AR5),kilotonnes,2.364,2.3616,2.3617,2.3649,2.3598,2.3656,6.9204,6.2778,7.2617,6.9364,6.5939,7.2367,8.878,8.232,9.2208,9.5582,9.8739,7.2729,7.9288,7.6704,7.6704
Zambia,On-farm energy use,Emissions (CO2eq) (AR5),kilotonnes,52.9038,51.4564,51.423,52.8768,51.6682,53.3887,101.9661,98.904,111.0999,106.4945,96.1834,99.334,119.2636,111.1286,125.8208,131.513,129.0596,105.1273,114.3323,112.0347,112.0347
Zambia,Forestland,Emissions (CO2),kilotonnes,0,0,0,0,0,0,0,0,0,0,0,0,0,0,0,0,0,0,0,0,0
Zambia,Forestland,Emissions (CO2),kilotonnes,,,,,,,,,,,,,,,,,-65366.716,,,,
Zambia,Forestland,Emissions (CO2eq) (AR5),kilotonnes,0,0,0,0,0,0,0,0,0,0,0,0,0,0,0,0,0,0,0,0,0
Zambia,Forestland,Emissions (CO2eq) (AR5),kilotonnes,,,,,,,,,,,,,,,,,-65366.716,,,,
Zambia,Net Forest conversion,Emissions (CO2),kilotonnes,3622.96,3622.96,3622.96,3622.96,3622.96,3622.96,3622.96,3622.96,3622.96,3622.96,3622.96,19043.816,19043.816,19043.816,19043.816,19043.816,19047.2568,19047.2568,19047.2568,19047.2568,19047.2568
Zambia,Net Forest conversion,Emissions (CO2eq) (AR5),kilotonnes,3622.96,3622.96,3622.96,3622.96,3622.96,3622.96,3622.96,3622.96,3622.96,3622.96,3622.96,19043.816,19043.816,19043.816,19043.816,19043.816,19047.2568,19047.2568,19047.2568,19047.2568,19047.2568
Zambia,Savanna fires,Emissions (CH4),kilotonnes,242.9614,247.5503,288.6536,329.8487,326.9818,341.0643,287.8059,306.2296,310.594,261.2763,297.1597,287.9117,301.0236,302.8653,289.7468,300.3432,290.3622,260.1209,265.2722,281.5068,261.6238
Zambia,Savanna fires,Emissions (N2O),kilotonnes,22.1834,22.6024,26.3553,30.1166,29.8549,31.1406,26.2779,27.9601,28.3586,23.8557,27.132,26.2876,27.4848,27.6529,26.4551,27.4226,26.5113,23.7502,24.2205,25.7028,23.8874
Zambia,Savanna fires,Emissions (CO2eq) from CH4 (AR5),kilotonnes,6802.9202,6931.4079,8082.3016,9235.763,9155.4918,9549.7992,8058.5645,8574.428,8696.6316,7315.7362,8320.4725,8061.5284,8428.6612,8480.2294,8112.911,8409.6082,8130.1408,7283.3865,7427.6209,7882.1916,7325.4675
Zambia,Savanna fires,Emissions (CO2eq) from N2O (AR5),kilotonnes,5878.6103,5989.6405,6984.1628,7980.9039,7911.5391,8252.2722,6963.6509,7409.4242,7515.024,6321.7503,7189.9735,6966.212,7283.4627,7328.0243,7010.6133,7266.9984,7025.5021,6293.796,6418.4333,6811.2416,6330.1594
Zambia,Savanna fires,Emissions (CO2eq) (AR5),kilotonnes,12681.5305,12921.0484,15066.4644,17216.6668,17067.0309,17802.0714,15022.2154,15983.8522,16211.6556,13637.4865,15510.446,15027.7404,15712.124,15808.2537,15123.5243,15676.6066,15155.6428,13577.1825,13846.0542,14693.4332,13655.6268
Zambia,Fires in organic soils,Emissions (CH4),kilotonnes,0,0,0,0,0,0,0,0,0,0,0,0,0,0,0,0,0,0,0,0,0
Zambia,Fires in organic soils,Emissions (CO2),kilotonnes,0,0,0,0,0,0,0,0,0,0,0,0,0,0,0,0,0,0,0,0,0
Zambia,Fires in organic soils,Emissions (CO2eq) from CH4 (AR5),kilotonnes,0,0,0,0,0,0,0,0,0,0,0,0,0,0,0,0,0,0,0,0,0
Zambia,Fires in organic soils,Emissions (CO2eq) (AR5),kilotonnes,0,0,0,0,0,0,0,0,0,0,0,0,0,0,0,0,0,0,0,0,0
Zambia,Forest fires,Emissions (CH4),kilotonnes,129.8698,228.1978,249.6055,328.4402,339.9485,371.0983,318.1558,364.5799,410.8455,355.5222,442.0405,422.0202,423.3299,431.1585,442.2139,542.2699,514.7087,514.4948,471.4818,458.5291,411.2566
Zambia,Forest fires,Emissions (N2O),kilotonnes,3.8197,20.8354,22.7901,29.988,31.0388,33.8829,29.049,33.2877,37.512,32.4607,40.3602,38.5323,38.6519,39.3666,40.3761,49.5116,46.9951,46.9756,43.0483,41.8657,37.5495
Zambia,Forest fires,Emissions (CO2eq) from CH4 (AR5),kilotonnes,3636.3556,6389.5371,6988.9548,9196.3261,9518.5584,10390.7533,8908.3634,10208.2375,11503.674,9954.6226,12377.1352,11816.5651,11853.2362,12072.4372,12381.9893,15183.558,14411.8436,14405.8547,13201.4892,12838.8137,11515.1857
Zambia,Forest fires,Emissions (CO2eq) from N2O (AR5),kilotonnes,1012.2208,5521.3935,6039.3685,7946.8253,8225.276,8978.9662,7697.988,8821.2487,9940.6748,8602.0923,10695.4592,10211.0536,10242.7422,10432.1604,10699.6538,13120.5746,12453.7127,12448.5375,11407.8086,11094.4097,9950.6224
Zambia,Forest fires,Emissions (CO2eq) (AR5),kilotonnes,4648.5764,11910.9305,13028.3233,17143.1513,17743.8345,19369.7195,16606.3514,19029.4861,21444.3487,18556.7149,23072.5944,22027.6187,22095.9784,22504.5977,23081.6431,28304.1325,26865.5563,26854.3922,24609.2979,23933.2234,21465.8081
Zambia,Fires in humid tropical forests,Emissions (CH4),kilotonnes,126.3979,207.3895,230.1976,300.3286,315.6888,340.5492,293.5273,323.4915,369.0713,320.4984,391.6637,384.4752,380.5759,384.959,397.3609,493.8721,460.3611,477.804,417.3741,427.2091,379.5019
Zambia,Fires in humid tropical forests,Emissions (N2O),kilotonnes,3.7176,18.9356,21.018,27.4213,28.8238,31.0936,26.8003,29.5362,33.6978,29.2629,35.7606,35.1043,34.7482,35.1484,36.2808,45.0927,42.033,43.6256,38.1081,39.006,34.6502
Zambia,Fires in humid tropical forests,Emissions (CO2eq) from CH4 (AR5),kilotonnes,3539.142,5806.905,6445.5329,8409.1998,8839.2876,9535.3789,8218.7645,9057.7626,10333.9958,8973.9564,10966.5829,10765.3061,10656.1252,10778.8522,11126.1064,13828.4191,12890.1105,13378.513,11686.4759,11961.8543,10626.0524
Zambia,Fires in humid tropical forests,Emissions (CO2eq) from N2O (AR5),kilotonnes,985.1603,5017.9234,5569.7811,7266.6455,7638.2974,8239.8111,7102.0845,7827.0883,8929.9203,7754.6689,9476.5581,9302.6286,9208.2821,9314.3342,9614.4071,11949.5578,11138.7368,11560.7803,10098.6395,10336.6024,9182.2953
Zambia,Fires in humid tropical forests,Emissions (CO2eq) (AR5),kilotonnes,4524.3022,10824.8284,12015.314,15675.8453,16477.585,17775.19,15320.849,16884.851,19263.9161,16728.6253,20443.141,20067.9347,19864.4074,20093.1864,20740.5135,25777.9769,24028.8473,24939.2933,21785.1154,22298.4567,19808.3477
Zambia,Waste - agri-food systems,Emissions (CH4),kilotonnes,57.0326,57.5153,57.9862,58.4796,58.8869,59.5859,60.424,61.2009,62.0454,63.0853,64.1484,64.9622,65.9629,66.8385,67.3286,67.1974,67.7442,68.5292,69.1619,69.6336,70.0002
Zambia,Waste - agri-food systems,Emissions (N2O),kilotonnes,0.1723,0.1768,0.1801,0.1919,0.1894,0.2139,0.2021,0.2019,0.2189,0.2357,0.2562,0.2665,0.2821,0.2957,0.3104,0.3336,0.3362,0.3517,0.3617,0.3712,0.3809
Zambia,Waste - agri-food systems,Emissions (CO2),kilotonnes,0,0,0,0,0,0,0,0,0,0,0,0,0,0,0,0,0,0,0,0,0
Zambia,Waste - agri-food systems,Emissions (CO2eq) from CH4 (AR5),kilotonnes,1596.9136,1610.4286,1623.6127,1637.4292,1648.8334,1668.4058,1691.8721,1713.6256,1737.2699,1766.3883,1796.1551,1818.9421,1846.9605,1871.4794,1885.2017,1881.5276,1896.8386,1918.8181,1936.5341,1949.7418,1960.0046
Zambia,Waste - agri-food systems,Emissions (CO2eq) from N2O (AR5),kilotonnes,45.6527,46.8409,47.7226,50.8549,50.1965,56.6715,53.5508,53.4937,58.0026,62.4721,67.8972,70.6099,74.7465,78.3536,82.2582,88.4001,89.0815,93.2035,95.8587,98.3673,100.9482
Zambia,Waste - agri-food systems,Emissions (CO2eq) (AR5),kilotonnes,1642.5663,1657.2695,1671.3353,1688.2841,1699.0299,1725.0773,1745.4229,1767.1193,1795.2725,1828.8604,1864.0523,1889.552,1921.707,1949.833,1967.46,1969.9278,1985.9202,2012.0217,2032.3928,2048.109,2060.9528
Zambia,On-farm electricity use,Emissions (CH4),kilotonnes,0.1548,0.1524,0.168,0.2004,0.1188,0.1128,0.1068,0.2256,0.1992,0.2028,0.2328,0.2556,0.294,0.324,0.2892,0.3125,0.2736,0.3138,0.3564,0.3699,0.3699
Zambia,On-farm electricity use,Emissions (N2O),kilotonnes,0.0008,0.0008,0.0009,0.0011,0.0006,0.0006,0.0006,0.0012,0.0011,0.0011,0.0012,0.0014,0.0016,0.0017,0.0015,0.0016,0.0014,0.0017,0.0019,0.002,0.002
Zambia,On-farm electricity use,Emissions (CO2),kilotonnes,0.8976,0.8675,0.9318,1.1367,0.5781,0.5948,0.4134,0.5203,0.4688,0.3936,0.4307,0.6403,0.6484,1.0641,0.9498,1.0263,0.8986,1.0307,1.1706,1.2147,1.2147
Zambia,On-farm electricity use,Emissions (CO2eq) from CH4 (AR5),kilotonnes,4.3344,4.2672,4.704,5.6112,3.3264,3.1584,2.9904,6.3168,5.5776,5.6784,6.5184,7.1568,8.232,9.072,8.0976,8.75,7.6608,8.7864,9.9792,10.3572,10.3572
Zambia,On-farm electricity use,Emissions (CO2eq) from N2O (AR5),kilotonnes,0.212,0.212,0.2385,0.2915,0.159,0.159,0.159,0.318,0.2915,0.2915,0.318,0.371,0.424,0.4505,0.3975,0.424,0.371,0.4505,0.5035,0.53,0.53
Zambia,On-farm electricity use,Emissions (CO2eq) (AR5),kilotonnes,5.444,5.3467,5.8743,7.0394,4.0635,3.9122,3.5628,7.1551,6.3379,6.3635,7.2671,8.1681,9.3044,10.5866,9.4449,10.2003,8.9304,10.2676,11.6533,12.1019,12.1019
Zambia,Food Processing,Emissions (CH4),kilotonnes,6.9063,6.2811,5.6819,3.4227,0.0086,0.0114,0.0263,0.087,0.0874,0.3615,0.4405,0.4674,0.3309,0.3869,0.3614,0.4417,0.2926,0.2865,0.2402,0.3068,0.3145
Zambia,Food Processing,Emissions (N2O),kilotonnes,0.0235,0.0229,0.0222,0.0136,0.0006,0.0009,0.002,0.0017,0.0016,0.0023,0.0021,0.0037,0.0027,0.0031,0.0031,0.004,0.0028,0.0029,0.0027,0.003,0.0031
Zambia,Food Processing,Emissions (CO2),kilotonnes,220.2781,285.2359,273.8023,178.4345,12.3759,15.1222,35.4255,26.0059,35.1591,52.2501,35.618,72.9941,74.4374,72.4509,68.1263,88.0907,72.9221,110.7685,116.4634,118.9095,106.2596
Zambia,Food Processing,Emissions (CO2eq) from CH4 (AR5),kilotonnes,193.3764,175.8708,159.0932,95.8356,0.2408,0.3192,0.7364,2.436,2.4472,10.122,12.334,13.0872,9.2652,10.8332,10.1192,12.3676,8.1928,8.022,6.7256,8.5904,8.8073
Zambia,Food Processing,Emissions (CO2eq) from N2O (AR5),kilotonnes,6.2275,6.0685,5.883,3.604,0.159,0.2385,0.53,0.4505,0.424,0.6095,0.5565,0.9805,0.7155,0.8215,0.8215,1.06,0.742,0.7685,0.7155,0.795,0.8177
Zambia,Food Processing,Emissions (CO2eq) (AR5),kilotonnes,419.882,467.1752,438.7785,277.8741,12.7757,15.6799,36.6919,28.8924,38.0303,62.9816,48.5085,87.0618,84.4181,84.1056,79.067,101.5183,81.8569,119.559,123.9045,128.2949,115.8846
Zambia,Food Packaging,Emissions (CH4),kilotonnes,0.6096,0.6484,0.6932,0.7331,0.7769,0.8157,0.86,0.6536,0.5766,0.7046,0.7726,0.4277,0.5905,0.6187,0.6687,0.9654,0.7723,0.8094,0.8719,0.7742,0.7938
Zambia,Food Packaging,Emissions (N2O),kilotonnes,0.0038,0.0041,0.0044,0.0047,0.0047,0.0051,0.0057,0.0042,0.004,0.0047,0.005,0.0026,0.0035,0.0035,0.0037,0.0054,0.0043,0.0045,0.0048,0.0044,0.0045
Zambia,Food Packaging,Emissions (CO2),kilotonnes,34.7294,37.0898,38.2178,40.6333,41.4775,44.1471,45.7684,31.5743,35.6096,50.4123,46.8643,16.1591,25.3474,16.7205,14.3851,21.6812,11.5754,15.2136,14.5696,14.2658,12.7482
Zambia,Food Packaging,Emissions (CO2eq) from CH4 (AR5),kilotonnes,17.0688,18.1552,19.4096,20.5268,21.7532,22.8396,24.08,18.3008,16.1448,19.7288,21.6328,11.9756,16.534,17.3236,18.7236,27.0312,21.6244,22.6632,24.4132,21.6776,22.225
Zambia,Food Packaging,Emissions (CO2eq) from N2O (AR5),kilotonnes,1.007,1.0865,1.166,1.2455,1.2455,1.3515,1.5105,1.113,1.06,1.2455,1.325,0.689,0.9275,0.9275,0.9805,1.431,1.1395,1.1925,1.272,1.166,1.1993
Zambia,Food Packaging,Emissions (CO2eq) (AR5),kilotonnes,52.8052,56.3315,58.7934,62.4056,64.4762,68.3382,71.3589,50.9881,52.8144,71.3866,69.8221,28.8237,42.8089,34.9716,34.0892,50.1434,34.3393,39.0693,40.2548,37.1094,36.1725
Zambia,Food Retail,Emissions (CH4),kilotonnes,0.0953,0.0978,0.1002,0.1035,0.1059,0.1092,0.1116,0.0733,0.0828,0.0988,0.098,0.1078,0.1102,0.1162,0.1127,0.1207,0.1154,0.1081,0.1206,0.1236,0.1267
Zambia,Food Retail,Emissions (N2O),kilotonnes,0.0005,0.0005,0.0005,0.0005,0.0005,0.0006,0.0006,0.0004,0.0005,0.0006,0.0006,0.0007,0.0007,0.0008,0.0007,0.0007,0.0007,0.0007,0.0008,0.0008,0.0008
Zambia,Food Retail,Emissions (CO2),kilotonnes,2.0825,2.2997,2.3892,2.4786,2.4914,2.6447,2.5808,5.8661,8.0681,8.0813,9.3661,10.755,11.5935,18.1769,11.3177,11.0909,12.2083,13.9914,15.9993,16.7786,14.9936
Zambia,Food Retail,Emissions (CO2eq) from F-gases (AR5),kilotonnes,0,0,0,0,0.5195,0.5195,0.5195,0.5195,0.5195,0.5195,0.5195,0.5195,0.5195,0.5195,0.5195,0.5195,0.5195,0.5195,0.5195,0.5195,0.5419
Zambia,Food Retail,Emissions (CO2eq) from CH4 (AR5),kilotonnes,2.6686,2.7371,2.8055,2.8967,2.9651,3.0564,3.1248,2.0524,2.3184,2.7664,2.744,3.0184,3.0856,3.2536,3.1556,3.3796,3.2312,3.0268,3.3768,3.4608,3.5482
Zambia,Food Retail,Emissions (CO2eq) from N2O (AR5),kilotonnes,0.1277,0.1319,0.1358,0.141,0.1457,0.1515,0.159,0.106,0.1325,0.159,0.159,0.1855,0.1855,0.212,0.1855,0.1855,0.1855,0.1855,0.212,0.212,0.2181
Zambia,Food Retail,Emissions (CO2eq) (AR5),kilotonnes,4.8789,5.1687,5.3304,5.5163,6.1217,6.372,6.3841,8.544,11.0385,11.5262,12.7886,14.4784,15.3841,22.162,15.1783,15.1755,16.1445,17.7232,20.1076,20.9709,19.3018
Zambia,Food Household Consumption,Emissions (CH4),kilotonnes,0.4012,0.3383,0.3769,0.4337,0.458,0.4797,0.5045,0.6113,0.6227,0.7863,0.8415,0.9228,0.9642,1.0152,0.9831,1.0508,1.0214,1.2452,1.3012,1.2092,1.2397
Zambia,Food Household Consumption,Emissions (N2O),kilotonnes,0.0022,0.0019,0.0021,0.0024,0.0024,0.0026,0.0029,0.0033,0.0035,0.0043,0.0044,0.0051,0.0052,0.0055,0.0054,0.0057,0.0056,0.0068,0.0071,0.0066,0.0068
Zambia,Food Household Consumption,Emissions (CO2),kilotonnes,21.8612,22.2323,22.4019,21.9989,21.7917,22.0803,24.4604,24.693,24.7473,25.5491,26.3113,25.5889,26.1417,27.3167,29.3975,28.8909,24.9631,27.1385,28.9893,29.2953,26.1788
Zambia,Food Household Consumption,Emissions (CO2eq) from CH4 (AR5),kilotonnes,11.2336,9.4724,10.5532,12.1436,12.824,13.4316,14.126,17.1164,17.4356,22.0164,23.562,25.8384,26.9976,28.4256,27.5268,29.4224,28.5992,34.8656,36.4336,33.8576,34.7126
Zambia,Food Household Consumption,Emissions (CO2eq) from N2O (AR5),kilotonnes,0.583,0.5035,0.5565,0.636,0.636,0.689,0.7685,0.8745,0.9275,1.1395,1.166,1.3515,1.378,1.4575,1.431,1.5105,1.484,1.802,1.8815,1.749,1.799
Zambia,Food Household Consumption,Emissions (CO2eq) (AR5),kilotonnes,33.6778,32.2082,33.5116,34.7785,35.2517,36.2009,39.3549,42.6839,43.1104,48.705,51.0393,52.7788,54.5173,57.1998,58.3553,59.8238,55.0463,63.8061,67.3044,64.9019,62.6903
Zambia,Food Transport,Emissions (CH4),kilotonnes,0.0154,0.0161,0.0169,0.0181,0.0193,0.0208,0.022,0.0133,0.0141,0.0166,0.0177,0.0198,0.0258,0.0284,0.0335,0.0409,0.0385,0.0354,0.0342,0.0309,0.0317
Zambia,Food Transport,Emissions (N2O),kilotonnes,0.0059,0.0062,0.0065,0.007,0.0076,0.0081,0.0081,0.0031,0.0034,0.0039,0.0046,0.005,0.0062,0.0066,0.0073,0.0083,0.0081,0.0047,0.0046,0.0058,0.006
Zambia,Food Transport,Emissions (CO2),kilotonnes,83.4575,87.6935,91.9295,98.186,105.338,113.0245,115.404,51.6364,55.5115,65.5928,72.8953,81.4214,102.528,109.8033,125.078,147.078,140.9585,126.5025,122.1024,112.9028,100.8919
Zambia,Food Transport,Emissions (CO2eq) from CH4 (AR5),kilotonnes,0.4312,0.4508,0.4732,0.5068,0.5404,0.5824,0.616,0.3724,0.3948,0.4648,0.4956,0.5544,0.7224,0.7952,0.938,1.1452,1.078,0.9912,0.9576,0.8652,0.887
Zambia,Food Transport,Emissions (CO2eq) from N2O (AR5),kilotonnes,1.5635,1.643,1.7225,1.855,2.014,2.1465,2.1465,0.8215,0.901,1.0335,1.219,1.325,1.643,1.749,1.9345,2.1995,2.1465,1.2455,1.219,1.537,1.5809
Zambia,Food Transport,Emissions (CO2eq) (AR5),kilotonnes,85.4522,89.7873,94.1252,100.5478,107.8924,115.7534,118.1665,52.8303,56.8073,67.0911,74.6099,83.3008,104.8934,112.3475,127.9505,150.4227,144.183,128.7392,124.279,115.305,103.3598
Zambia,Energy,Emissions (CH4),kilotonnes,117,120,123,127,130,134,137,141,145,149,154,158,164,169,174,179,185,191,194,198,203
Zambia,Energy,Emissions (N2O),kilotonnes,0.731,0.755,0.777,0.807,0.834,0.867,0.91,0.901,0.94,0.979,1.02,1.06,1.13,1.17,1.22,1.26,1.3,1.34,1.35,1.4,1.44
Zambia,Energy,Emissions (CO2),kilotonnes,1630,1800,1870,1940,1950,2070,2020,1660,1890,2070,2130,2330,2880,3050,3410,3490,3800,5480,5760,5640,5040
Zambia,Energy,Emissions (CO2eq) from CH4 (AR5),kilotonnes,3276,3360,3444,3556,3640,3752,3836,3948,4060,4172,4312,4424,4592,4732,4872,5012,5180,5348,5432,5544,5684
Zambia,Energy,Emissions (CO2eq) from N2O (AR5),kilotonnes,193.715,200.075,205.905,213.855,221.01,229.755,241.15,238.765,249.1,259.435,270.3,280.9,299.45,310.05,323.3,333.9,344.5,355.1,357.75,371,381.6
Zambia,Energy,Emissions (CO2eq) (AR5),kilotonnes,5099.715,5360.075,5519.905,5709.855,5811.01,6051.755,6097.15,5846.765,6199.1,6501.435,6712.3,7034.9,7771.45,8092.05,8605.3,8835.9,9324.5,11183.1,11549.75,11555,11105.6
Zambia,IPPU,Emissions (N2O),kilotonnes,1.69,1.56,1.5,1.56,1.61,1.61,1.06,1.01,0.837,1.34,1.29,1.3,1.31,1.32,1.33,1.34,1.35,1.35,1.36,1.32,1.32
Zambia,IPPU,Emissions (CO2),kilotonnes,192,125,133,180,196,215,257,250,258,378,477,500,665,768,810,796,886,979,1200,1080,1090
Zambia,IPPU,Emissions (CO2eq) from F-gases (AR5),kilotonnes,0.0731,0.1137,0.1603,0.2235,0.3042,0.4004,0.449,0.515,0.5811,0.6414,0.7016,0.7084,0.7609,0.8134,0.8658,0.9183,0.9708,1.0203,1.0786,1.1272,1.1758
Zambia,IPPU,Emissions (CO2eq) from N2O (AR5),kilotonnes,447.85,413.4,397.5,413.4,426.65,426.65,280.9,267.65,221.805,355.1,341.85,344.5,347.15,349.8,352.45,355.1,357.75,357.75,360.4,349.8,349.8
Zambia,IPPU,Emissions (CO2eq) (AR5),kilotonnes,639.9231,538.5137,530.6603,593.6235,622.9542,642.0504,538.349,518.165,480.3861,733.7414,819.5516,845.2084,1012.9109,1118.6134,1163.3158,1152.0183,1244.7208,1337.7703,1561.4786,1430.9272,1440.9758
Zambia,Waste,Emissions (CH4),kilotonnes,51.9,53.5,55.2,56.9,58.6,60.5,62.3,64.2,66.1,68.4,70.8,73,75.5,78.1,80.7,82.7,85.2,88.1,90.8,92.1,94.5
Zambia,Waste,Emissions (N2O),kilotonnes,0.306,0.314,0.323,0.337,0.346,0.368,0.373,0.38,0.38,0.399,0.432,0.463,0.492,0.516,0.542,0.576,0.604,0.633,0.645,0.66,0.682
Zambia,Waste,Emissions (CO2eq) from CH4 (AR5),kilotonnes,1453.2,1498,1545.6,1593.2,1640.8,1694,1744.4,1797.6,1850.8,1915.2,1982.4,2044,2114,2186.8,2259.6,2315.6,2385.6,2466.8,2542.4,2578.8,2646
Zambia,Waste,Emissions (CO2eq) from N2O (AR5),kilotonnes,81.09,83.21,85.595,89.305,91.69,97.52,98.845,100.7,100.7,105.735,114.48,122.695,130.38,136.74,143.63,152.64,160.06,167.745,170.925,174.9,180.73
Zambia,Waste,Emissions (CO2eq) (AR5),kilotonnes,1534.29,1581.21,1631.195,1682.505,1732.49,1791.52,1843.245,1898.3,1951.5,2020.935,2096.88,2166.695,2244.38,2323.54,2403.23,2468.24,2545.66,2634.545,2713.325,2753.7,2826.73
Zambia,Other,Emissions (N2O),kilotonnes,0.543,0.561,0.578,0.599,0.619,0.642,0.66,0.651,0.676,0.705,0.736,0.767,0.813,0.842,0.892,0.93,0.951,0.983,0.992,1.03,1.06
Zambia,Other,Emissions (CO2eq) from N2O (AR5),kilotonnes,143.895,148.665,153.17,158.735,164.035,170.13,174.9,172.515,179.14,186.825,195.04,203.255,215.445,223.13,236.38,246.45,252.015,260.495,262.88,272.95,280.9
Zambia,Other,Emissions (CO2eq) (AR5),kilotonnes,143.895,148.665,153.17,158.735,164.035,170.13,174.9,172.515,179.14,186.825,195.04,203.255,215.445,223.13,236.38,246.45,252.015,260.495,262.88,272.95,280.9
Zambia,Farm-gate emissions,Emissions (CH4),kilotonnes,341.5035,349.4329,385.1987,423.5979,420.3601,441.8073,397.0866,404.6661,405.1613,381.2969,420.6775,394.1023,452.9965,458.8871,448.3967,452.5412,438.1904,408.7522,412.1406,427.1358,410.4964
Zambia,Farm-gate emissions,Direct emissions (N2O),kilotonnes,4.3801,4.573,4.7859,4.7994,5.0685,5.2146,5.5346,5.2454,5.0712,6.3136,6.7692,6.7987,8.3821,9.1,9.2287,9.3756,9.5837,10.0718,8.8693,9.1163,9.7985
Zambia,Farm-gate emissions,Indirect emissions (N2O),kilotonnes,1.0481,1.1068,1.2035,1.2217,1.3182,1.3407,1.4101,1.3686,1.3349,1.6278,1.7563,1.8409,2.186,2.4003,2.4289,2.5079,2.5888,2.7408,2.3766,2.4665,2.6613
Zambia,Farm-gate emissions,Emissions (N2O),kilotonnes,30.6312,31.3133,35.3458,39.1501,39.2584,40.7084,36.3129,37.7051,37.9687,35.0376,38.9144,38.225,41.6829,42.594,41.5696,42.6983,42.1084,40.0078,38.8919,40.6989,39.8001
Zambia,Farm-gate emissions,Emissions (CO2),kilotonnes,14577.2351,14590.6638,14611.751,14610.3927,14611.617,14597.2213,14621.5037,14610.1817,14628.1407,14602.947,14602.1285,14604.0492,14621.2265,14606.8496,14606.9702,14612.2788,14583.8019,14554.2128,14569.4646,14658.0773,14670.0179
Zambia,Farm-gate emissions,Emissions (CO2eq) from CH4 (AR5),kilotonnes,9562.0987,9784.1216,10785.5639,11860.7418,11770.0829,12370.6042,11118.4251,11330.6513,11344.5165,10676.3134,11778.9708,11034.8653,12683.9026,12848.8393,12555.1081,12671.1542,12269.332,11445.0612,11539.9371,11959.8018,11493.9001
Zambia,Farm-gate emissions,Emissions (CO2eq) from N2O (AR5),kilotonnes,8117.2611,8298.0164,9366.6259,10374.7716,10403.4755,10787.7285,9622.912,9991.8528,10061.6931,9284.9721,10312.3028,10129.6358,11045.965,11287.4016,11015.9537,11315.0475,11158.739,10602.0541,10306.3412,10785.1989,10547.0215
Zambia,Farm-gate emissions,Emissions (CO2eq) (AR5),kilotonnes,32256.5949,32672.8017,34763.9408,36845.9061,36785.1753,37755.554,35362.8409,35932.6858,36034.3503,34564.2325,36693.402,35768.5503,38351.0941,38743.0905,38178.032,38598.4805,38011.8729,36601.328,36415.7429,37403.078,36710.9395
Zambia,Land Use change,Emissions (CH4),kilotonnes,126.3979,207.3895,230.1976,300.3286,315.6888,340.5492,293.5273,323.4915,369.0713,320.4984,391.6637,384.4752,380.5759,384.959,397.3609,493.8721,460.3611,477.804,417.3741,427.2091,379.5019
Zambia,Land Use change,Emissions (N2O),kilotonnes,3.7176,18.9356,21.018,27.4213,28.8238,31.0936,26.8003,29.5362,33.6978,29.2629,35.7606,35.1043,34.7482,35.1484,36.2808,45.0927,42.033,43.6256,38.1081,39.006,34.6502
Zambia,Land Use change,Emissions (CO2),kilotonnes,3622.96,3622.96,3622.96,3622.96,3622.96,3622.96,3622.96,3622.96,3622.96,3622.96,3622.96,19043.816,19043.816,19043.816,19043.816,19043.816,19047.2568,19047.2568,19047.2568,19047.2568,19047.2568
Zambia,Land Use change,Emissions (CO2eq) from CH4 (AR5),kilotonnes,3539.142,5806.905,6445.5329,8409.1998,8839.2876,9535.3789,8218.7645,9057.7626,10333.9958,8973.9564,10966.5829,10765.3061,10656.1252,10778.8522,11126.1064,13828.4191,12890.1105,13378.513,11686.4759,11961.8543,10626.0524
Zambia,Land Use change,Emissions (CO2eq) from N2O (AR5),kilotonnes,985.1603,5017.9234,5569.7811,7266.6455,7638.2974,8239.8111,7102.0845,7827.0883,8929.9203,7754.6689,9476.5581,9302.6286,9208.2821,9314.3342,9614.4071,11949.5578,11138.7368,11560.7803,10098.6395,10336.6024,9182.2953
Zambia,Land Use change,Emissions (CO2eq) (AR5),kilotonnes,8147.2622,14447.7884,15638.274,19298.8053,20100.545,21398.15,18943.809,20507.811,22886.8761,20351.5853,24066.101,39111.7507,38908.2234,39137.0024,39784.3295,44821.7929,43076.1041,43986.5501,40832.3722,41345.7135,38855.6045
Zambia,Emissions on agricultural land,Emissions (CH4),kilotonnes,467.9015,556.8224,615.3963,723.9265,736.0489,782.3565,690.6139,728.1576,774.2326,701.7954,812.3412,778.5776,833.5724,843.8461,845.7577,946.4133,898.5515,886.5562,829.5147,854.3449,789.9983
Zambia,Emissions on agricultural land,Emissions (N2O),kilotonnes,34.3488,50.2488,56.3638,66.5714,68.0822,71.802,63.1132,67.2413,71.6665,64.3005,74.6749,73.3293,76.4311,77.7424,77.8504,87.791,84.1414,83.6333,76.9999,79.7049,74.4503
Zambia,Emissions on agricultural land,Emissions (CO2),kilotonnes,18200.1951,18213.6238,18234.711,18233.3527,18234.577,18220.1813,18244.4637,18233.1417,18251.1007,18225.907,18225.0885,33647.8652,33665.0425,33650.6656,33650.7862,33656.0948,33631.0587,33601.4696,33616.7214,33705.3341,33717.2747
Zambia,Emissions on agricultural land,Emissions (CO2eq) from CH4 (AR5),kilotonnes,13101.2406,15591.0266,17231.0968,20269.9417,20609.3705,21905.983,19337.1896,20388.414,21678.5123,19650.2698,22745.5537,21800.1714,23340.0278,23627.6915,23681.2145,26499.5733,25159.4425,24823.5742,23226.413,23921.6561,22119.9525
Zambia,Emissions on agricultural land,Emissions (CO2eq) from N2O (AR5),kilotonnes,9102.4214,13315.9397,14936.4071,17641.4171,18041.7729,19027.5396,16724.9965,17818.9411,18991.6134,17039.641,19788.8608,19432.2644,20254.2471,20601.7358,20630.3609,23264.6054,22297.4758,22162.8344,20404.9808,21121.8013,19729.3168
Zambia,Emissions on agricultural land,Emissions (CO2eq) (AR5),kilotonnes,40403.8571,47120.5901,50402.2149,56144.7114,56885.7204,59153.704,54306.6498,56440.4968,58921.2264,54915.8178,60759.5031,74880.3011,77259.3175,77880.0929,77962.3615,83420.2734,81087.977,80587.8782,77248.1152,78748.7915,75566.544
Zambia,Pre- and post- production,Emissions (CH4),kilotonnes,65.2152,65.0494,65.0233,63.3911,60.3744,61.1355,62.0552,62.865,63.6282,65.2559,66.5515,67.1633,68.2785,69.3279,69.7772,70.1294,70.258,71.3276,72.0864,72.4482,72.8765
Zambia,Pre- and post- production,Emissions (N2O),kilotonnes,0.209,0.2132,0.2167,0.2212,0.2059,0.2317,0.222,0.2158,0.233,0.2526,0.2741,0.285,0.302,0.3169,0.3321,0.3593,0.3591,0.373,0.3836,0.3938,0.4041
Zambia,Pre- and post- production,Emissions (CO2),kilotonnes,363.3063,435.4187,429.6725,342.868,184.0526,197.6136,224.0525,140.296,159.5644,202.2792,191.4857,207.5588,240.6964,245.5324,249.2544,297.858,263.526,294.6452,299.2946,293.3667,262.2867
Zambia,Pre- and post- production,Emissions (CO2eq) from F-gases (AR5),kilotonnes,0,0,0,0,0.5195,0.5195,0.5195,0.5195,0.5195,0.5195,0.5195,0.5195,0.5195,0.5195,0.5195,0.5195,0.5195,0.5195,0.5195,0.5195,0.5419
Zambia,Pre- and post- production,Emissions (CO2eq) from CH4 (AR5),kilotonnes,1826.0266,1821.382,1820.6514,1774.9499,1690.4833,1711.7933,1737.5457,1760.2204,1781.5883,1827.1651,1863.4419,1880.5729,1911.7973,1941.1826,1953.7625,1963.6236,1967.225,1997.1733,2018.4201,2028.5506,2040.542
Zambia,Pre- and post- production,Emissions (CO2eq) from N2O (AR5),kilotonnes,55.3735,56.4863,57.4249,58.6279,54.5557,61.4075,58.8243,57.1772,61.7391,66.9506,72.6407,75.5124,80.02,83.9716,88.0087,95.2106,95.15,98.848,101.6622,104.3563,107.0932
Zambia,Pre- and post- production,Emissions (CO2eq) (AR5),kilotonnes,2244.7064,2313.2871,2307.7487,2176.4458,1929.6111,1971.3339,2020.942,1958.2131,2003.4113,2096.9144,2128.0878,2164.1636,2233.0332,2271.2061,2291.5452,2357.2118,2326.4206,2391.1861,2419.8964,2426.793,2410.4637
Zambia,Agri-food systems,Emissions (CH4),kilotonnes,533.1167,621.8717,680.4196,787.3176,796.4234,843.492,752.6691,791.0227,837.8607,767.0512,878.8927,845.7409,901.8509,913.1741,915.5349,1016.5427,968.8096,957.8838,901.6012,926.7931,862.8748
Zambia,Agri-food systems,Emissions (N2O),kilotonnes,34.5577,50.462,56.5805,66.7926,68.288,72.0338,63.3352,67.4571,71.8994,64.5532,74.9491,73.6143,76.7331,78.0593,78.1825,88.1502,84.5005,84.0063,77.3836,80.0987,74.8544
Zambia,Agri-food systems,Emissions (CO2),kilotonnes,18563.5014,18649.0425,18664.3835,18576.2207,18418.6295,18417.7949,18468.5162,18373.4377,18410.6651,18428.1862,18416.5742,33855.424,33905.7389,33896.198,33900.0406,33953.9528,33894.5847,33896.1148,33916.016,33998.7008,33979.5614
Zambia,Agri-food systems,Emissions (CO2eq) from F-gases (AR5),kilotonnes,0,0,0,0,0.5195,0.5195,0.5195,0.5195,0.5195,0.5195,0.5195,0.5195,0.5195,0.5195,0.5195,0.5195,0.5195,0.5195,0.5195,0.5195,0.5419
Zambia,Agri-food systems,Emissions (CO2eq) from CH4 (AR5),kilotonnes,14927.2672,17412.4086,19051.7481,22044.8916,22299.8539,23617.7764,21074.7353,22148.6344,23460.1006,21477.4349,24608.9956,23680.7444,25251.8251,25568.8741,25634.977,28463.197,27126.6675,26820.7475,25244.833,25950.2067,24160.4945
Zambia,Agri-food systems,Emissions (CO2eq) from N2O (AR5),kilotonnes,9157.7949,13372.4261,14993.832,17700.045,18096.3286,19088.9471,16783.8208,17876.1183,19053.3525,17106.5916,19861.5015,19507.7768,20334.2671,20685.7074,20718.3696,23359.816,22392.6258,22261.6824,20506.643,21226.1575,19836.41
Zambia,Agri-food systems,Emissions (CO2eq) (AR5),kilotonnes,42648.5635,49433.8772,52709.9636,58321.1572,58815.3315,61125.0379,56327.5919,58398.7099,60924.6377,57012.7322,62887.5909,77044.4647,79492.3507,80151.2989,80253.9067,85777.4852,83414.3976,82979.0642,79668.0116,81175.5846,77977.0078
Zambia,IPCC Agriculture,Emissions (CH4),kilotonnes,341.4818,349.4108,385.1763,423.5745,420.3408,441.7842,397.0694,404.6464,405.1366,381.2675,420.6528,394.0839,452.9721,458.8572,448.364,452.5069,438.1557,408.7179,412.105,427.0996,410.4603
Zambia,IPCC Agriculture,Emissions (CH4),kilotonnes,253.5257,,,,,,,,,,,,,,,,531.33,,,,
Zambia,IPCC Agriculture,Direct emissions (N2O),kilotonnes,4.3801,4.573,4.7859,4.7994,5.0685,5.2146,5.5346,5.2454,5.0712,6.3136,6.7692,6.7987,8.3821,9.1,9.2287,9.3756,9.5837,10.0718,8.8693,9.1163,9.7985
Zambia,IPCC Agriculture,Indirect emissions (N2O),kilotonnes,1.0481,1.1068,1.2035,1.2217,1.3182,1.3407,1.4101,1.3686,1.3349,1.6278,1.7563,1.8409,2.186,2.4003,2.4289,2.5079,2.5888,2.7408,2.3766,2.4665,2.6613
Zambia,IPCC Agriculture,Emissions (N2O),kilotonnes,30.6223,31.3044,35.3368,39.1412,39.2495,40.6995,36.2868,37.6814,37.9413,35.0115,38.8895,38.1977,41.6494,42.5629,41.5348,42.6622,42.0712,39.9803,38.8619,40.6699,39.7711
Zambia,IPCC Agriculture,Emissions (N2O),kilotonnes,16.243,,,,,,,,,,,,,,,,12.957,,,,
Zambia,IPCC Agriculture,Emissions (CO2eq) from CH4 (AR5),kilotonnes,9561.4899,9783.5016,10784.9376,11860.0848,11769.5435,12369.9582,11117.9423,11330.0998,11343.8243,10675.4913,11778.2788,11034.3503,12683.2202,12848.0013,12554.1933,12670.1932,12268.3587,11444.1023,11538.9411,11958.7897,11492.888
Zambia,IPCC Agriculture,Emissions (CO2eq) from CH4 (AR5),kilotonnes,7098.7196,,,,,,,,,,,,,,,,14877.24,,,,
Zambia,IPCC Agriculture,Emissions (CO2eq) from N2O (AR5),kilotonnes,8114.8971,8295.6548,9364.2642,10372.4067,10401.1157,10785.3629,9615.9916,9985.5749,10054.4314,9278.0357,10305.7088,10122.3991,11037.0869,11279.1696,11006.733,11305.4893,11148.8651,10594.7812,10298.4125,10777.5285,10539.3511
Zambia,IPCC Agriculture,Emissions (CO2eq) from N2O (AR5),kilotonnes,4304.395,,,,,,,,,,,,,,,,3433.605,,,,
Zambia,IPCC Agriculture,Emissions (CO2eq) (AR5),kilotonnes,17676.387,18079.1564,20149.2018,22232.4915,22170.6591,23155.3211,20733.9339,21315.6748,21398.2557,19953.527,22083.9876,21156.7494,23720.3071,24127.1709,23560.9262,23975.6825,23417.2238,22038.8835,21837.3536,22736.3182,22032.2391
Zambia,IPCC Agriculture,Emissions (CO2eq) (AR5),kilotonnes,11403.1146,,,,,,,,,,,,,,,,18310.845,,,,
Zambia,Agricultural Soils,Direct emissions (N2O),kilotonnes,4.3801,4.573,4.7859,4.7994,5.0685,5.2146,5.5346,5.2454,5.0712,6.3136,6.7692,6.7987,8.3821,9.1,9.2287,9.3756,9.5837,10.0718,8.8693,9.1163,9.7985
Zambia,Agricultural Soils,Direct emissions (N2O),kilotonnes,,,,,,,,,,,,,,,,,2.113,,,,
Zambia,Agricultural Soils,Indirect emissions (N2O),kilotonnes,1.0481,1.1068,1.2035,1.2217,1.3182,1.3407,1.4101,1.3686,1.3349,1.6278,1.7563,1.8409,2.186,2.4003,2.4289,2.5079,2.5888,2.7408,2.3766,2.4665,2.6613
Zambia,Agricultural Soils,Indirect emissions (N2O),kilotonnes,,,,,,,,,,,,,,,,,0.133,,,,
Zambia,Agricultural Soils,Emissions (N2O),kilotonnes,8.1993,8.4535,8.7663,8.7973,9.1627,9.3281,9.7133,9.3808,9.1736,10.7047,11.2905,11.4042,13.3323,14.2634,14.4183,14.6442,14.9282,15.5665,14.0008,14.3523,15.2313
Zambia,Agricultural Soils,Emissions (N2O),kilotonnes,9.565,,,,,,,,,,,,,,,,,,,,
Zambia,Agricultural Soils,Emissions (CO2eq) from N2O (AR5),kilotonnes,2172.8228,2240.1808,2323.0642,2331.2747,2428.1232,2471.9382,2574.0202,2485.8995,2431.0138,2836.7406,2991.9715,3022.1096,3533.0682,3779.8065,3820.8397,3880.7068,3955.9761,4125.134,3710.2112,3803.3593,4036.3073
Zambia,Agricultural Soils,Emissions (CO2eq) from N2O (AR5),kilotonnes,2534.725,,,,,,,,,,,,,,,,,,,,
Zambia,Agricultural Soils,Emissions (CO2eq) (AR5),kilotonnes,2172.8228,2240.1808,2323.0642,2331.2747,2428.1232,2471.9382,2574.0202,2485.8995,2431.0138,2836.7406,2991.9715,3022.1096,3533.0682,3779.8065,3820.8397,3880.7068,3955.9761,4125.134,3710.2112,3803.3593,4036.3073
Zambia,Agricultural Soils,Emissions (CO2eq) (AR5),kilotonnes,2534.725,,,,,,,,,,,,,,,,,,,,
Zambia,LULUCF,Emissions (CH4),kilotonnes,129.8698,228.1978,249.6055,328.4402,339.9485,371.0983,318.1558,364.5799,410.8455,355.5222,442.0405,422.0202,423.3299,431.1585,442.2139,542.2699,514.7087,514.4948,471.4818,458.5291,411.2566
Zambia,LULUCF,Emissions (CH4),kilotonnes,289.45,,,,,,,,,,,,,,,,,,,,
Zambia,LULUCF,Emissions (N2O),kilotonnes,3.8197,20.8354,22.7901,29.988,31.0388,33.8829,29.049,33.2877,37.512,32.4607,40.3602,38.5323,38.6519,39.3666,40.3761,49.5116,46.9951,46.9756,43.0483,41.8657,37.5495
Zambia,LULUCF,Emissions (N2O),kilotonnes,0.34,,,,,,,,,,,,,,,,,,,,
Zambia,LULUCF,Emissions (CO2),kilotonnes,18150.2641,18165.1489,18186.276,18183.4978,18185.808,18169.8043,18149.9008,18141.0671,18147.9547,18127.171,18136.1911,33556.2829,33555.3394,33548.6069,33535.101,33535.101,33512.8464,33504.574,33511.3138,33601.982,33613.9226
Zambia,LULUCF,Emissions (CO2),kilotonnes,34126.53,,,,,,,,,,,,,,,,,,,,
Zambia,LULUCF,Emissions (CO2eq) from CH4 (AR5),kilotonnes,3636.3556,6389.5371,6988.9548,9196.3261,9518.5584,10390.7533,8908.3634,10208.2375,11503.674,9954.6226,12377.1352,11816.5651,11853.2362,12072.4372,12381.9893,15183.558,14411.8436,14405.8547,13201.4892,12838.8137,11515.1857
Zambia,LULUCF,Emissions (CO2eq) from N2O (AR5),kilotonnes,1012.2208,5521.3935,6039.3685,7946.8253,8225.276,8978.9662,7697.988,8821.2487,9940.6748,8602.0923,10695.4592,10211.0536,10242.7422,10432.1604,10699.6538,13120.5746,12453.7127,12448.5375,11407.8086,11094.4097,9950.6224
Zambia,LULUCF,Emissions (CO2eq) (AR5),kilotonnes,22798.8405,30076.0795,31214.5992,35326.6492,35929.6425,37539.5238,34756.2522,37170.5532,39592.3034,36683.8859,41208.7855,55583.9017,55651.3178,56053.2046,56616.7441,61839.2335,60378.4027,60358.9663,58120.6117,57535.2053,55079.7307
Zambia,LULUCF,Emissions (CO2eq) (AR5),kilotonnes,34126.53,,,,,,,,,,,,,,,,,,,,
Zambia,AFOLU,Emissions (CH4),kilotonnes,471.3516,577.6085,634.7819,752.0147,760.2894,812.8826,715.2252,769.2263,815.9821,736.7898,862.6934,816.1041,876.302,890.0157,890.5779,994.7768,952.8644,923.2128,883.5868,885.6287,821.7169
Zambia,AFOLU,Emissions (N2O),kilotonnes,34.442,52.1398,58.1269,69.1292,70.2883,74.5824,65.3358,70.9691,75.4532,67.4722,79.2497,76.73,80.3012,81.9295,81.9109,92.1738,89.0663,86.9559,81.9103,82.5356,77.3207
Zambia,AFOLU,Emissions (CO2),kilotonnes,18150.2641,18165.1489,18186.276,18183.4978,18185.808,18169.8043,18149.9008,18141.0671,18147.9547,18127.171,18136.1911,33556.2829,33555.3394,33548.6069,33535.101,33535.101,33512.8464,33504.574,33511.3138,33601.982,33613.9226
Zambia,AFOLU,Emissions (CO2eq) from CH4 (AR5),kilotonnes,13197.8455,16173.0387,17773.8924,21056.4108,21288.1019,22760.7115,20026.3058,21538.3373,22847.4983,20630.1139,24155.4139,22850.9154,24536.4564,24920.4386,24936.1826,27853.7512,26680.2022,25849.957,24740.4304,24797.6034,23008.0737
Zambia,AFOLU,Emissions (CO2eq) from N2O (AR5),kilotonnes,9127.1179,13817.0482,15403.6327,18319.2319,18626.3917,19764.3291,17313.9795,18806.8236,19995.1062,17880.128,21001.168,20333.4527,21279.8291,21711.33,21706.3867,24426.0639,23602.5778,23043.3187,21706.2211,21871.9382,20489.9735
Zambia,AFOLU,Emissions (CO2eq) (AR5),kilotonnes,40475.2275,48155.2358,51363.801,57559.1406,58100.3016,60694.8448,55490.1861,58486.228,60990.5591,56637.4129,63292.7731,76740.651,79371.6249,80180.3755,80177.6703,85814.9161,83795.6265,82397.8498,79957.9653,80271.5235,77111.9698
Zambia,All sectors with LULUCF,Emissions (CH4),kilotonnes,640.2516,751.1085,812.9819,935.9147,948.8894,1007.3826,914.5252,974.4263,1027.0821,954.1898,1087.4934,1047.1041,1115.802,1137.1157,1145.2779,1256.4768,1223.0644,1202.3128,1168.3868,1175.7287,1119.2169
Zambia,All sectors with LULUCF,Emissions (N2O),kilotonnes,37.712,55.3298,61.3049,72.4322,73.6973,78.0694,68.3388,73.9111,78.2862,70.8952,82.7277,80.32,84.0462,85.7775,85.8949,96.2798,93.2713,91.2619,86.2573,86.9456,81.8227
Zambia,All sectors with LULUCF,Emissions (CO2),kilotonnes,19972.2641,20090.1489,20189.276,20303.4978,20331.808,20454.8043,20426.9008,20051.0671,20295.9547,20575.171,20743.1911,36386.2829,37100.3394,37366.6069,37755.101,37821.101,38198.8464,39963.574,40471.3138,40321.982,39743.9226
Zambia,All sectors with LULUCF,Emissions (CO2eq) from F-gases (AR5),kilotonnes,0.0731,0.1137,0.1603,0.2235,0.3042,0.4004,0.449,0.515,0.5811,0.6414,0.7016,0.7084,0.7609,0.8134,0.8658,0.9183,0.9708,1.0203,1.0786,1.1272,1.1758
Zambia,All sectors with LULUCF,Emissions (CO2eq) from CH4 (AR5),kilotonnes,17927.0455,21031.0387,22763.4924,26205.6108,26568.9019,28206.7115,25606.7058,27283.9373,28758.2983,26717.3139,30449.8139,29318.9154,31242.4564,31839.2386,32067.7826,35181.3512,34245.8022,33664.757,32714.8304,32920.4034,31338.0737
Zambia,All sectors with LULUCF,Emissions (CO2eq) from N2O (AR5),kilotonnes,9993.6679,14662.3982,16245.8027,19194.5269,19529.7767,20688.3841,18109.7745,19586.4536,20745.8512,18787.223,21922.838,21284.8027,22272.2541,22731.05,22762.1467,25514.1539,24716.9028,24184.4087,22858.1761,23040.5882,21683.0035
Zambia,All sectors with LULUCF,Emissions (CO2eq) (AR5),kilotonnes,47893.0506,55783.6995,59198.7314,65703.8591,66430.7908,69350.3002,64143.8301,66921.973,69800.6852,66080.3493,73116.5447,86990.7094,90615.8108,91937.7089,92585.8962,98517.5244,97162.5222,97813.7601,96045.3989,96284.1007,92766.1756
Zambia,All sectors without LULUCF,Emissions (CH4),kilotonnes,510.3818,522.9108,563.3763,607.4745,608.9408,636.2842,596.3694,609.8464,616.2366,598.6675,645.4528,625.0839,692.4721,705.9572,703.064,714.2069,708.3557,687.8179,696.905,717.1996,707.9603
Zambia,All sectors without LULUCF,Emissions (N2O),kilotonnes,33.8923,34.4944,38.5148,42.4442,42.6585,44.1865,39.2898,40.6234,40.7743,38.4345,42.3675,41.7877,45.3944,46.4109,45.5188,46.7682,46.2762,44.2863,43.2089,45.0799,44.2731
Zambia,All sectors without LULUCF,Emissions (CO2),kilotonnes,1822,1925,2003,2120,2146,2285,2277,1910,2148,2448,2607,2830,3545,3818,4220,4286,4686,6459,6960,6720,6130
Zambia,All sectors without LULUCF,Emissions (CO2eq) from F-gases (AR5),kilotonnes,0.0731,0.1137,0.1603,0.2235,0.3042,0.4004,0.449,0.515,0.5811,0.6414,0.7016,0.7084,0.7609,0.8134,0.8658,0.9183,0.9708,1.0203,1.0786,1.1272,1.1758
Zambia,All sectors without LULUCF,Emissions (CO2eq) from CH4 (AR5),kilotonnes,14290.6899,14641.5016,15774.5376,17009.2848,17050.3435,17815.9582,16698.3423,17075.6998,17254.6243,16762.6913,18072.6788,17502.3503,19389.2202,19766.8013,19685.7933,19997.7932,19833.9587,19258.9023,19513.3411,20081.5897,19822.888
Zambia,All sectors without LULUCF,Emissions (CO2eq) from N2O (AR5),kilotonnes,8981.4471,9141.0048,10206.4342,11247.7017,11304.5007,11709.4179,10411.7866,10765.2049,10805.1764,10185.1307,11227.3788,11073.7491,12029.5119,12298.8896,12062.493,12393.5793,12263.1901,11735.8712,11450.3675,11946.1785,11732.3811
Zambia,All sectors without LULUCF,Emissions (CO2eq) (AR5),kilotonnes,25094.2101,25707.6201,27984.1322,30377.21,30501.1483,31810.7764,29387.5779,29751.4198,30208.3818,29396.4634,31907.7592,31406.8078,34964.493,35884.5043,35969.1521,36678.2908,36784.1196,37454.7939,37924.7872,38748.8954,37686.4449
Zimbabwe,Crop Residues,Direct emissions (N2O),kilotonnes,0.3967,0.373,0.2452,0.3028,0.5629,0.4024,0.5342,0.4587,0.2901,0.2807,0.3367,0.3104,0.3199,0.2985,0.2905,0.2233,0.2185,0.3346,0.3388,0.14,0.3336
Zimbabwe,Crop Residues,Indirect emissions (N2O),kilotonnes,0.0893,0.0839,0.0552,0.0681,0.1266,0.0905,0.1202,0.1032,0.0653,0.0632,0.0758,0.0699,0.072,0.0672,0.0654,0.0502,0.0492,0.0753,0.0762,0.0315,0.0751
Zimbabwe,Crop Residues,Emissions (N2O),kilotonnes,0.4859,0.457,0.3004,0.3709,0.6895,0.4929,0.6544,0.5619,0.3553,0.3438,0.4125,0.3803,0.3919,0.3657,0.3558,0.2736,0.2677,0.4099,0.415,0.1715,0.4087
Zimbabwe,Crop Residues,Emissions (CO2eq) from N2O (AR5),kilotonnes,128.768,121.1002,79.6034,98.3016,182.7276,130.622,173.4222,148.9038,94.1654,91.1173,109.3055,100.7798,103.8422,96.8978,94.2907,72.4948,70.9451,108.6262,109.9835,45.4574,108.3022
Zimbabwe,Crop Residues,Emissions (CO2eq) (AR5),kilotonnes,128.768,121.1002,79.6034,98.3016,182.7276,130.622,173.4222,148.9038,94.1654,91.1173,109.3055,100.7798,103.8422,96.8978,94.2907,72.4948,70.9451,108.6262,109.9835,45.4574,108.3022
Zimbabwe,Rice Cultivation,Emissions (CH4),kilotonnes,0.0197,0.0218,0.0244,0.0322,0.0382,0.0442,0.052,0.0617,0.0735,0.0886,0.108,0.1338,0.1983,0.2072,0.2628,0.3238,0.2646,0.2838,0.2907,0.2797,0.2848
Zimbabwe,Rice Cultivation,Emissions (CO2eq) from CH4 (AR5),kilotonnes,0.5527,0.6115,0.6821,0.9016,1.0682,1.2368,1.4563,1.7268,2.058,2.4794,3.0243,3.7456,5.5527,5.8016,7.3598,9.067,7.4088,7.9458,8.1399,7.8322,7.9733
Zimbabwe,Rice Cultivation,Emissions (CO2eq) (AR5),kilotonnes,0.5527,0.6115,0.6821,0.9016,1.0682,1.2368,1.4563,1.7268,2.058,2.4794,3.0243,3.7456,5.5527,5.8016,7.3598,9.067,7.4088,7.9458,8.1399,7.8322,7.9733
Zimbabwe,Burning - Crop residues,Emissions (CH4),kilotonnes,3.831,3.4606,3.6959,3.7751,5.063,5.6239,5.6686,4.8279,4.7457,4.1413,3.7596,4.2415,3.8611,3.5141,2.9311,3.0971,3.2432,3.0717,3.2338,1.3433,2.9279
Zimbabwe,Burning - Crop residues,Emissions (CH4),kilotonnes,,,,,,,0.83,,,,,,,,,,,,,,
Zimbabwe,Burning - Crop residues,Emissions (N2O),kilotonnes,0.0993,0.0897,0.0958,0.0979,0.1313,0.1458,0.147,0.1252,0.123,0.1074,0.0975,0.11,0.1001,0.0911,0.076,0.0803,0.0841,0.0796,0.0838,0.0348,0.0759
Zimbabwe,Burning - Crop residues,Emissions (N2O),kilotonnes,0.02,,,,,,0.02,,,,,,,,,,,,,,
Zimbabwe,Burning - Crop residues,Emissions (CO2eq) from CH4 (AR5),kilotonnes,107.2683,96.8958,103.4858,105.7035,141.763,157.4679,158.7216,135.1811,132.8788,115.9559,105.268,118.7619,108.1107,98.3946,82.0703,86.7199,90.8099,86.0065,90.5473,37.6134,81.9821
Zimbabwe,Burning - Crop residues,Emissions (CO2eq) from CH4 (AR5),kilotonnes,,,,,,,23.24,,,,,,,,,,,,,,
Zimbabwe,Burning - Crop residues,Emissions (CO2eq) from N2O (AR5),kilotonnes,26.3205,23.7753,25.3923,25.9365,34.7844,38.638,38.9456,33.1694,32.6045,28.4522,25.8296,29.1406,26.5272,24.1431,20.1376,21.2785,22.282,21.1035,22.2176,9.2292,20.116
Zimbabwe,Burning - Crop residues,Emissions (CO2eq) from N2O (AR5),kilotonnes,5.3,,,,,,5.3,,,,,,,,,,,,,,
Zimbabwe,Burning - Crop residues,Emissions (CO2eq) (AR5),kilotonnes,133.5887,120.6711,128.8781,131.64,176.5474,196.1059,197.6672,168.3505,165.4833,144.4081,131.0976,147.9025,134.6379,122.5377,102.2079,107.9984,113.0919,107.11,112.765,46.8426,102.0981
Zimbabwe,Burning - Crop residues,Emissions (CO2eq) (AR5),kilotonnes,5.3,,,,,,28.54,,,,,,,,,,,,,,
Zimbabwe,Enteric Fermentation,Emissions (CH4),kilotonnes,231.3685,236.717,213.961,205.0631,198.7031,198.6542,191.8812,194.0812,192.5174,207.6382,225.7434,233.8535,236.0713,238.2562,193.4051,213.3196,212.1589,211.2374,214.6209,218.1719,218.0662
Zimbabwe,Enteric Fermentation,Emissions (CH4),kilotonnes,212.43,,,,,,170.29,,,,,,,,,,,,,,
Zimbabwe,Enteric Fermentation,Emissions (CO2eq) from CH4 (AR5),kilotonnes,6478.318,6628.076,5990.908,5741.7668,5563.6868,5562.3176,5372.6736,5434.275,5390.4876,5813.871,6320.8139,6547.898,6609.995,6671.175,5415.3433,5972.9494,5940.4479,5914.6473,6009.3859,6108.8135,6105.8534
Zimbabwe,Enteric Fermentation,Emissions (CO2eq) from CH4 (AR5),kilotonnes,5948.04,,,,,,4768.12,,,,,,,,,,,,,,
Zimbabwe,Enteric Fermentation,Emissions (CO2eq) (AR5),kilotonnes,6478.318,6628.076,5990.908,5741.7668,5563.6868,5562.3176,5372.6736,5434.275,5390.4876,5813.871,6320.8139,6547.898,6609.995,6671.175,5415.3433,5972.9494,5940.4479,5914.6473,6009.3859,6108.8135,6105.8534
Zimbabwe,Enteric Fermentation,Emissions (CO2eq) (AR5),kilotonnes,5948.04,,,,,,4768.12,,,,,,,,,,,,,,
Zimbabwe,Manure Management,Emissions (CH4),kilotonnes,7.7691,8.0476,7.409,7.1058,6.9505,6.97,6.8381,6.9338,6.8295,7.4753,8.0301,8.3422,8.4008,8.4652,6.6404,7.3042,7.3099,7.1292,7.2258,7.3726,7.3729
Zimbabwe,Manure Management,Emissions (CH4),kilotonnes,7.47,,,,,,7.06,,,,,,,,,,,,,,
Zimbabwe,Manure Management,Emissions (N2O),kilotonnes,0.2551,0.2849,0.2396,0.2079,0.2003,0.1849,0.2042,0.1895,0.1956,0.2666,0.2925,0.2969,0.2986,0.3053,0.2048,0.2589,0.294,0.2112,0.2074,0.2305,0.2275
Zimbabwe,Manure Management,Emissions (N2O),kilotonnes,0.04,,,,,,0.22,,,,,,,,,,,,,,
Zimbabwe,Manure Management,Emissions (CO2eq) from CH4 (AR5),kilotonnes,217.5359,225.3325,207.4509,198.9629,194.6145,195.1594,191.4659,194.1454,191.2254,209.3096,224.8416,233.5806,235.223,237.0257,185.9314,204.5175,204.6779,199.6187,202.3224,206.4337,206.4399
Zimbabwe,Manure Management,Emissions (CO2eq) from CH4 (AR5),kilotonnes,209.16,,,,,,197.68,,,,,,,,,,,,,,
Zimbabwe,Manure Management,Emissions (CO2eq) from N2O (AR5),kilotonnes,67.6142,75.5082,63.5067,55.0837,53.0889,49.0005,54.1149,50.2096,51.824,70.6401,77.5092,78.6672,79.1202,80.9102,54.2782,68.5981,77.9215,55.9713,54.9511,61.0887,60.2917
Zimbabwe,Manure Management,Emissions (CO2eq) from N2O (AR5),kilotonnes,10.6,,,,,,58.3,,,,,,,,,,,,,,
Zimbabwe,Manure Management,Emissions (CO2eq) (AR5),kilotonnes,285.1501,300.8407,270.9576,254.0466,247.7035,244.1599,245.5808,244.355,243.0494,279.9497,302.3508,312.2478,314.3433,317.9359,240.2096,273.1156,282.5994,255.59,257.2735,267.5224,266.7316
Zimbabwe,Manure Management,Emissions (CO2eq) (AR5),kilotonnes,219.76,,,,,,255.98,,,,,,,,,,,,,,
Zimbabwe,Manure left on Pasture,Direct emissions (N2O),kilotonnes,9.0989,9.3383,8.4957,8.165,7.9328,7.9542,7.696,7.804,7.6995,8.315,8.9998,9.3193,9.4013,9.4772,7.6553,8.3587,8.2778,8.3035,8.4384,8.5601,8.5619
Zimbabwe,Manure left on Pasture,Indirect emissions (N2O),kilotonnes,2.1423,2.2138,2.0238,1.9468,1.8906,1.9015,1.8501,1.877,1.8492,2.0302,2.2004,2.274,2.3011,2.323,1.8894,2.0378,1.9907,2.0545,2.0902,2.1143,2.1164
Zimbabwe,Manure left on Pasture,Emissions (N2O),kilotonnes,11.2412,11.5521,10.5195,10.1118,9.8234,9.8557,9.5461,9.681,9.5487,10.3452,11.2002,11.5933,11.7024,11.8002,9.5448,10.3965,10.2685,10.358,10.5287,10.6744,10.6783
Zimbabwe,Manure left on Pasture,Emissions (CO2eq) from N2O (AR5),kilotonnes,2978.9069,3061.3145,2787.6718,2679.6191,2603.1965,2611.7488,2529.7089,2565.455,2530.4084,2741.465,2968.0562,3072.2327,3101.127,3127.0658,2529.3634,2755.08,2721.1459,2744.8763,2790.0949,2828.7215,2829.7457
Zimbabwe,Manure left on Pasture,Emissions (CO2eq) (AR5),kilotonnes,2978.9069,3061.3145,2787.6718,2679.6191,2603.1965,2611.7488,2529.7089,2565.455,2530.4084,2741.465,2968.0562,3072.2327,3101.127,3127.0658,2529.3634,2755.08,2721.1459,2744.8763,2790.0949,2828.7215,2829.7457
Zimbabwe,Manure applied to Soils,Direct emissions (N2O),kilotonnes,0.2496,0.2715,0.2341,0.2192,0.2154,0.2062,0.2173,0.2115,0.211,0.2518,0.2744,0.2709,0.2713,0.2743,0.2112,0.2391,0.2546,0.2151,0.2147,0.227,0.2259
Zimbabwe,Manure applied to Soils,Indirect emissions (N2O),kilotonnes,0.1061,0.1154,0.0995,0.0932,0.0915,0.0877,0.0923,0.0899,0.0897,0.107,0.1166,0.1151,0.1153,0.1166,0.0897,0.1016,0.1082,0.0914,0.0912,0.0965,0.096
Zimbabwe,Manure applied to Soils,Emissions (N2O),kilotonnes,0.3557,0.3869,0.3336,0.3124,0.3069,0.2939,0.3096,0.3014,0.3007,0.3588,0.391,0.386,0.3866,0.3909,0.3009,0.3407,0.3628,0.3065,0.3059,0.3235,0.3219
Zimbabwe,Manure applied to Soils,Emissions (CO2eq) from N2O (AR5),kilotonnes,94.2566,102.5204,88.4101,82.7875,81.324,77.8851,82.0484,79.8784,79.6894,95.0739,103.608,102.2926,102.4605,103.5893,79.7429,90.2761,96.1332,81.2314,81.0712,85.7211,85.3143
Zimbabwe,Manure applied to Soils,Emissions (CO2eq) (AR5),kilotonnes,94.2566,102.5204,88.4101,82.7875,81.324,77.8851,82.0484,79.8784,79.6894,95.0739,103.608,102.2926,102.4605,103.5893,79.7429,90.2761,96.1332,81.2314,81.0712,85.7211,85.3143
Zimbabwe,Synthetic Fertilizers,Direct emissions (N2O),kilotonnes,1.3734,1.2886,1.1117,1.2178,0.8108,0.7606,0.9514,0.9023,0.7629,1.0393,1.1079,0.936,0.6443,0.814,0.7857,0.6694,0.913,1.0214,0.7873,0.7873,0.7873
Zimbabwe,Synthetic Fertilizers,Indirect emissions (N2O),kilotonnes,0.4464,0.4188,0.3613,0.3958,0.2635,0.2472,0.3092,0.2932,0.248,0.3378,0.3601,0.3042,0.2094,0.2645,0.2554,0.2176,0.2967,0.332,0.2559,0.2559,0.2559
Zimbabwe,Synthetic Fertilizers,Emissions (N2O),kilotonnes,1.8198,1.7074,1.4729,1.6136,1.0743,1.0078,1.2606,1.1955,1.0109,1.377,1.468,1.2402,0.8537,1.0785,1.0411,0.887,1.2097,1.3534,1.0432,1.0432,1.0432
Zimbabwe,Synthetic Fertilizers,Emissions (CO2eq) from N2O (AR5),kilotonnes,482.2451,452.4496,390.3316,427.6146,284.6791,267.0722,334.0568,316.8196,267.8888,364.9117,389.0074,328.6495,226.2248,285.8157,275.8839,235.0531,320.5771,358.6491,276.4357,276.4357,276.4357
Zimbabwe,Synthetic Fertilizers,Emissions (CO2eq) (AR5),kilotonnes,482.2451,452.4496,390.3316,427.6146,284.6791,267.0722,334.0568,316.8196,267.8888,364.9117,389.0074,328.6495,226.2248,285.8157,275.8839,235.0531,320.5771,358.6491,276.4357,276.4357,276.4357
Zimbabwe,Drained organic soils,Emissions (CO2eq) (AR5),kilotonnes,0,0,0,0,0,0,0,0,0,0,0,0,0,0,0,0,0,0,0,0,0
Zimbabwe,Drained organic soils (CO2),Emissions (CO2),kilotonnes,0,0,0,0,0,0,0,0,0,0,0,0,0,0,0,0,0,0,0,0,0
Zimbabwe,Drained organic soils (CO2),Emissions (CO2eq) (AR5),kilotonnes,0,0,0,0,0,0,0,0,0,0,0,0,0,0,0,0,0,0,0,0,0
Zimbabwe,Drained organic soils (N2O),Emissions (N2O),kilotonnes,0,0,0,0,0,0,0,0,0,0,0,0,0,0,0,0,0,0,0,0,0
Zimbabwe,Drained organic soils (N2O),Emissions (CO2eq) from N2O (AR5),kilotonnes,0,0,0,0,0,0,0,0,0,0,0,0,0,0,0,0,0,0,0,0,0
Zimbabwe,Drained organic soils (N2O),Emissions (CO2eq) (AR5),kilotonnes,0,0,0,0,0,0,0,0,0,0,0,0,0,0,0,0,0,0,0,0,0
Zimbabwe,On-farm energy use,Emissions (CH4),kilotonnes,4.7158,2.2259,2.4113,3.32,2.5396,3.2973,7.5233,9.1332,8.1235,9.4435,5.9793,2.1187,1.7875,0.3726,0.5772,0.3621,0.4142,0.1516,0.1418,0.0825,0.0825
Zimbabwe,On-farm energy use,Emissions (N2O),kilotonnes,0.1191,0.0892,0.0877,0.0848,0.0611,0.0833,0.1044,0.1125,0.1073,0.1189,0.1004,0.1306,0.1439,0.1517,0.1414,0.1269,0.1074,0.1098,0.1334,0.1319,0.1319
Zimbabwe,On-farm energy use,Emissions (CO2),kilotonnes,1752.5691,917.7314,969.9332,1235.7438,937.3935,1221.5323,2554.1417,3061.8012,2741.4409,3171.481,2077.9382,995.7465,933.8782,529.6259,561.2243,462.2815,425.8322,352.6357,418.7607,399.0541,399.0541
Zimbabwe,On-farm energy use,Emissions (CO2eq) from CH4 (AR5),kilotonnes,132.0436,62.3256,67.5169,92.9606,71.1089,92.3237,210.6528,255.7306,227.4577,264.4178,167.4215,59.3246,50.0498,10.4328,16.1608,10.14,11.5979,4.2449,3.9691,2.3109,2.3109
Zimbabwe,On-farm energy use,Emissions (CO2eq) from N2O (AR5),kilotonnes,31.5504,23.6356,23.23,22.4612,16.1978,22.0679,27.6674,29.8005,28.4438,31.514,26.6171,34.6222,38.1292,40.2001,37.4842,33.6362,28.4575,29.0866,35.355,34.966,34.966
Zimbabwe,On-farm energy use,Emissions (CO2eq) (AR5),kilotonnes,1916.1631,1003.6926,1060.68,1351.1656,1024.7001,1335.9239,2792.4618,3347.3323,2997.3424,3467.4129,2271.9768,1089.6932,1022.0572,580.2588,614.8693,506.0578,465.8876,385.9671,458.0848,436.3311,436.3311
Zimbabwe,Forestland,Emissions (CO2),kilotonnes,-269.3677,262.6108,262.6108,262.6108,262.6108,262.6108,262.6108,262.6108,262.6108,262.6108,262.6108,648.0808,648.0808,648.0808,648.0808,648.0808,76500.2982,76500.2982,76500.2982,76500.2982,76500.2982
Zimbabwe,Forestland,Emissions (CO2eq) (AR5),kilotonnes,-269.3677,262.6108,262.6108,262.6108,262.6108,262.6108,262.6108,262.6108,262.6108,262.6108,262.6108,648.0808,648.0808,648.0808,648.0808,648.0808,76500.2982,76500.2982,76500.2982,76500.2982,76500.2982
Zimbabwe,Net Forest conversion,Emissions (CO2),kilotonnes,10670.887,10677.6439,10677.6439,10677.6439,10677.6439,10677.6439,10677.6439,10677.6439,10677.6439,10677.6439,10677.6439,10670.887,10670.887,10670.887,10670.887,10670.887,10662.4408,10662.4408,10662.4408,10662.4408,10662.4408
Zimbabwe,Net Forest conversion,Emissions (CO2eq) (AR5),kilotonnes,10670.887,10677.6439,10677.6439,10677.6439,10677.6439,10677.6439,10677.6439,10677.6439,10677.6439,10677.6439,10677.6439,10670.887,10670.887,10670.887,10670.887,10670.887,10662.4408,10662.4408,10662.4408,10662.4408,10662.4408
Zimbabwe,Savanna fires,Emissions (CH4),kilotonnes,34.2366,36.838,29.6387,31.5025,45.6463,43.5461,37.4409,45.1527,52.1692,53.1348,53.5604,55.9091,41.4765,29.5989,32.6947,41.8719,22.799,27.4188,29.8412,30.4931,9.2326
Zimbabwe,Savanna fires,Emissions (N2O),kilotonnes,3.126,3.3635,2.7061,2.8763,4.1677,3.9759,3.4185,4.1226,4.7633,4.8514,4.8903,5.1047,3.787,2.7025,2.9852,3.8231,2.0816,2.5035,2.7246,2.7841,0.843
Zimbabwe,Savanna fires,Emissions (CO2eq) from CH4 (AR5),kilotonnes,958.6261,1031.4628,829.8826,882.0692,1278.0972,1219.2907,1048.3442,1264.2754,1460.739,1487.7758,1499.6908,1565.4537,1161.3432,828.7687,915.4518,1172.4133,638.3721,767.7256,835.5547,853.8055,258.5134
Zimbabwe,Savanna fires,Emissions (CO2eq) from N2O (AR5),kilotonnes,828.3781,891.3184,717.1268,762.2228,1104.4427,1053.6262,905.9061,1092.4988,1262.269,1285.6323,1295.9284,1352.7562,1003.552,716.1642,791.0698,1013.118,551.6368,663.4151,722.0283,737.7994,223.3893
Zimbabwe,Savanna fires,Emissions (CO2eq) (AR5),kilotonnes,1787.0042,1922.7812,1547.0094,1644.292,2382.5398,2272.9169,1954.2503,2356.7742,2723.008,2773.4081,2795.6192,2918.2098,2164.8953,1544.9329,1706.5216,2185.5313,1190.0089,1431.1407,1557.583,1591.6049,481.9027
Zimbabwe,Fires in organic soils,Emissions (CH4),kilotonnes,0,0,0,0,0,0,0,0,0,0,0,0,0,0,0,0,0,0,0,0,0
Zimbabwe,Fires in organic soils,Emissions (CO2),kilotonnes,0,0,0,0,0,0,0,0,0,0,0,0,0,0,0,0,0,0,0,0,0
Zimbabwe,Fires in organic soils,Emissions (CO2eq) from CH4 (AR5),kilotonnes,0,0,0,0,0,0,0,0,0,0,0,0,0,0,0,0,0,0,0,0,0
Zimbabwe,Fires in organic soils,Emissions (CO2eq) (AR5),kilotonnes,0,0,0,0,0,0,0,0,0,0,0,0,0,0,0,0,0,0,0,0,0
Zimbabwe,Forest fires,Emissions (CH4),kilotonnes,0.5508,0.5109,0.878,1.2872,1.6815,3.155,2.1701,4.3949,4.8888,3.2242,5.434,3.2218,4.9702,4.5634,3.1919,5.5017,4.4545,2.5123,4.246,3.2766,0.9277
Zimbabwe,Forest fires,Emissions (N2O),kilotonnes,0.0162,0.0466,0.0802,0.1175,0.1535,0.2881,0.1981,0.4013,0.4464,0.2944,0.4961,0.2942,0.4538,0.4167,0.2914,0.5023,0.4067,0.2294,0.3877,0.2992,0.0847
Zimbabwe,Forest fires,Emissions (CO2eq) from CH4 (AR5),kilotonnes,15.422,14.3052,24.584,36.0426,47.0832,88.3408,60.7638,123.0569,136.8855,90.2777,152.1522,90.2114,139.1667,127.7753,89.3744,154.0482,124.7267,70.3451,118.8877,91.7458,25.9744
Zimbabwe,Forest fires,Emissions (CO2eq) from N2O (AR5),kilotonnes,4.293,12.3616,21.2437,31.1455,40.686,76.338,52.5078,106.3372,118.287,78.0117,131.4794,77.9544,120.2582,110.4145,77.2312,133.1178,107.7801,60.7873,102.7345,79.2804,22.4453
Zimbabwe,Forest fires,Emissions (CO2eq) (AR5),kilotonnes,19.715,26.6668,45.8277,67.1882,87.7692,164.6787,113.2716,229.394,255.1725,168.2894,283.6316,168.1659,259.4249,238.1898,166.6056,287.166,232.5068,131.1324,221.6222,171.0262,48.4197
Zimbabwe,Fires in humid tropical forests,Emissions (CH4),kilotonnes,0,0,0,0,0,0,0,0,0,0,0,0,0,0,0,0,0,0,0,0,0
Zimbabwe,Fires in humid tropical forests,Emissions (N2O),kilotonnes,0,0,0,0,0,0,0,0,0,0,0,0,0,0,0,0,0,0,0,0,0
Zimbabwe,Fires in humid tropical forests,Emissions (CO2eq) from CH4 (AR5),kilotonnes,0,0,0,0,0,0,0,0,0,0,0,0,0,0,0,0,0,0,0,0,0
Zimbabwe,Fires in humid tropical forests,Emissions (CO2eq) from N2O (AR5),kilotonnes,0,0,0,0,0,0,0,0,0,0,0,0,0,0,0,0,0,0,0,0,0
Zimbabwe,Fires in humid tropical forests,Emissions (CO2eq) (AR5),kilotonnes,0,0,0,0,0,0,0,0,0,0,0,0,0,0,0,0,0,0,0,0,0
Zimbabwe,Waste - agri-food systems,Emissions (CH4),kilotonnes,32.4733,32.5994,32.6456,32.0696,32.4348,32.5474,32.7671,32.8234,32.9584,32.9968,33.6366,34.1545,34.8081,35.1644,35.3225,35.4111,36.0163,36.5025,36.9769,37.3701,37.7638
Zimbabwe,Waste - agri-food systems,Emissions (N2O),kilotonnes,0.2001,0.2069,0.199,0.2039,0.2112,0.2123,0.2208,0.2245,0.2218,0.2326,0.2357,0.2394,0.2354,0.2285,0.2471,0.2498,0.2596,0.269,0.2762,0.2829,0.2897
Zimbabwe,Waste - agri-food systems,Emissions (CO2),kilotonnes,0,0,0,0,0,0,0,0,0,0,0,0,0,0,0,0,0,0,0,0,0
Zimbabwe,Waste - agri-food systems,Emissions (CO2eq) from CH4 (AR5),kilotonnes,909.2527,912.7832,914.0775,897.9498,908.1753,911.3277,917.4799,919.0541,922.8339,923.9118,941.8247,956.326,974.6271,984.6026,989.029,991.5115,1008.4555,1022.0689,1035.3522,1046.3623,1057.3873
Zimbabwe,Waste - agri-food systems,Emissions (CO2eq) from N2O (AR5),kilotonnes,53.0218,54.8179,52.7333,54.0466,55.9701,56.2627,58.5145,59.4964,58.7874,61.6497,62.4508,63.4473,62.3845,60.5547,65.4944,66.2032,68.7837,71.2752,73.2001,74.9632,76.7761
Zimbabwe,Waste - agri-food systems,Emissions (CO2eq) (AR5),kilotonnes,962.2745,967.6011,966.8107,951.9964,964.1454,967.5905,975.9943,978.5505,981.6213,985.5615,1004.2755,1019.7732,1037.0116,1045.1573,1054.5233,1057.7147,1077.2392,1093.3441,1108.5523,1121.3255,1134.1634
Zimbabwe,On-farm electricity use,Emissions (CH4),kilotonnes,1.5491,1.5887,1.5695,1.4939,1.4363,1.5635,1.0152,0.882,0.7116,0.7188,0.5568,0.6132,0.6288,1.0656,0.8244,1.1664,0.588,0.516,0.5999,0.5551,0.5551
Zimbabwe,On-farm electricity use,Emissions (N2O),kilotonnes,0.0083,0.0085,0.0084,0.008,0.0077,0.0083,0.0054,0.0047,0.0038,0.0038,0.003,0.0033,0.0034,0.0057,0.0045,0.0063,0.0031,0.0027,0.0032,0.003,0.003
Zimbabwe,On-farm electricity use,Emissions (CO2),kilotonnes,955.0379,1123.1156,937.3442,640.6851,684.0538,816.4968,400.2607,317.8361,198.6048,218.5202,155.8897,177.3616,191.3238,387.7151,299.9553,424.391,213.942,187.745,218.3081,201.9786,201.9786
Zimbabwe,On-farm electricity use,Emissions (CO2eq) from CH4 (AR5),kilotonnes,43.3748,44.4836,43.946,41.8292,40.2164,43.778,28.4256,24.696,19.9248,20.1264,15.5904,17.1696,17.6064,29.8368,23.0832,32.6592,16.464,14.448,16.7972,15.5428,15.5428
Zimbabwe,On-farm electricity use,Emissions (CO2eq) from N2O (AR5),kilotonnes,2.1995,2.2525,2.226,2.12,2.0405,2.1995,1.431,1.2455,1.007,1.007,0.795,0.8745,0.901,1.5105,1.1925,1.6695,0.8215,0.7155,0.848,0.795,0.795
Zimbabwe,On-farm electricity use,Emissions (CO2eq) (AR5),kilotonnes,1000.6122,1169.8517,983.5162,684.6343,726.3107,862.4743,430.1173,343.7776,219.5366,239.6536,172.2751,195.4057,209.8312,419.0624,324.231,458.7197,231.2275,202.9085,235.9533,218.3164,218.3164
Zimbabwe,Food Processing,Emissions (CH4),kilotonnes,0,0,0,0,0.0062,0.0083,0.0191,0.0232,0.0206,0.0243,0.0097,0.0464,0.0446,0.0491,0.0504,0.052,0.052,0.0546,0.0578,0.0578,0.0583
Zimbabwe,Food Processing,Emissions (N2O),kilotonnes,0,0,0,0,0.0009,0.0012,0.0029,0.0035,0.0031,0.0037,0.0015,0.007,0.0068,0.0074,0.0076,0.0078,0.0078,0.0082,0.0087,0.0087,0.0089
Zimbabwe,Food Processing,Emissions (CO2),kilotonnes,0,0,0,0,59.7218,79.6291,184.1423,223.9569,199.0728,241.4463,105.1189,456.7614,449.204,487.2808,499.7229,514.6533,514.6533,539.5374,572.5847,572.5847,511.9908
Zimbabwe,Food Processing,Emissions (CO2eq) from CH4 (AR5),kilotonnes,0,0,0,0,0.1736,0.2324,0.5348,0.6496,0.5768,0.6804,0.2716,1.2992,1.2488,1.3748,1.4112,1.456,1.456,1.5288,1.6184,1.6184,1.6322
Zimbabwe,Food Processing,Emissions (CO2eq) from N2O (AR5),kilotonnes,0,0,0,0,0.2385,0.318,0.7685,0.9275,0.8215,0.9805,0.3975,1.855,1.802,1.961,2.014,2.067,2.067,2.173,2.3055,2.3055,2.3455
Zimbabwe,Food Processing,Emissions (CO2eq) (AR5),kilotonnes,0,0,0,0,60.1339,80.1795,185.4456,225.534,200.4711,243.1072,105.788,459.9156,452.2548,490.6166,503.1481,518.1763,518.1763,543.2392,576.5086,576.5086,515.9685
Zimbabwe,Food Packaging,Emissions (CH4),kilotonnes,0.0078,0.0077,0.0075,0.0074,0.0074,0.0078,0.0091,0.0095,0.0088,0.0107,0.0112,0.0038,0.0057,0.0009,0.001,0.001,0.001,0.0011,0.0011,0.0032,0.0032
Zimbabwe,Food Packaging,Emissions (N2O),kilotonnes,0.0011,0.0011,0.0011,0.0011,0.0011,0.0011,0.0013,0.0014,0.0013,0.0016,0.0017,0.0006,0.0009,0.0001,0.0002,0.0002,0.0002,0.0002,0.0002,0.0005,0.0005
Zimbabwe,Food Packaging,Emissions (CO2),kilotonnes,131.535,119.1017,114.3806,102.4537,92.4935,106.6258,113.9297,112.1923,87.3684,83.5976,109.4411,38.744,57.0996,11.2965,12.3674,13.2251,12.8209,12.8518,13.9493,10.9362,9.7789
Zimbabwe,Food Packaging,Emissions (CO2eq) from CH4 (AR5),kilotonnes,0.2184,0.2156,0.21,0.2072,0.2072,0.2184,0.2548,0.266,0.2464,0.2996,0.3136,0.1064,0.1596,0.0252,0.028,0.028,0.028,0.0308,0.0308,0.0896,0.0904
Zimbabwe,Food Packaging,Emissions (CO2eq) from N2O (AR5),kilotonnes,0.2915,0.2915,0.2915,0.2915,0.2915,0.2915,0.3445,0.371,0.3445,0.424,0.4505,0.159,0.2385,0.0265,0.053,0.053,0.053,0.053,0.053,0.1325,0.1348
Zimbabwe,Food Packaging,Emissions (CO2eq) (AR5),kilotonnes,132.0449,119.6088,114.8821,102.9524,92.9922,107.1357,114.529,112.8293,87.9593,84.3212,110.2052,39.0094,57.4977,11.3482,12.4484,13.3061,12.9019,12.9356,14.0331,11.1583,10.004
Zimbabwe,Food Retail,Emissions (CH4),kilotonnes,0.3266,0.325,0.3194,0.3109,0.246,0.2522,0.297,0.2703,0.2637,0.2539,0.2214,0.2347,0.2358,0.2358,0.2297,0.1864,0.2286,0.225,0.2365,0.2372,0.2392
Zimbabwe,Food Retail,Emissions (N2O),kilotonnes,0.0017,0.0017,0.0017,0.0016,0.0021,0.0024,0.004,0.0043,0.004,0.0043,0.0031,0.0019,0.0018,0.0014,0.0014,0.0011,0.0013,0.0012,0.0013,0.0023,0.0023
Zimbabwe,Food Retail,Emissions (CO2),kilotonnes,192.6981,175.6953,168.6108,150.1912,167.5224,196.9738,268.7791,282.5092,239.3492,269.5157,184.4369,110.4669,107.5206,91.8476,93.6442,74.5121,90.5515,83.8772,87.3982,114.7043,102.5657
Zimbabwe,Food Retail,Emissions (CO2eq) from CH4 (AR5),kilotonnes,9.1453,9.0995,8.9437,8.7055,6.888,7.0616,8.316,7.5684,7.3836,7.1092,6.1992,6.5716,6.6024,6.6024,6.4316,5.2192,6.4008,6.3,6.622,6.6416,6.6984
Zimbabwe,Food Retail,Emissions (CO2eq) from N2O (AR5),kilotonnes,0.445,0.4485,0.445,0.431,0.5565,0.636,1.06,1.1395,1.06,1.1395,0.8215,0.5035,0.477,0.371,0.371,0.2915,0.3445,0.318,0.3445,0.6095,0.6201
Zimbabwe,Food Retail,Emissions (CO2eq) (AR5),kilotonnes,202.2884,185.2434,177.9996,159.3276,174.9669,204.6714,278.1551,291.2171,247.7928,277.7644,191.4576,117.542,114.6,98.821,100.4468,80.0228,97.2968,90.4952,94.3647,121.9554,109.8841
Zimbabwe,Food Household Consumption,Emissions (CH4),kilotonnes,0.6884,0.6957,0.7359,0.806,0.8514,0.866,0.9906,0.8842,0.869,0.8244,0.7365,0.8135,0.8203,0.8323,0.81,0.6595,0.8081,0.7977,0.839,0.839,0.8462
Zimbabwe,Food Household Consumption,Emissions (N2O),kilotonnes,0.004,0.004,0.0042,0.0046,0.0048,0.0047,0.0054,0.0049,0.0048,0.0045,0.0041,0.0045,0.0046,0.0046,0.0045,0.0038,0.0046,0.0046,0.0048,0.0048,0.0049
Zimbabwe,Food Household Consumption,Emissions (CO2),kilotonnes,462.6398,526.4082,473.4979,377.241,434.592,471.0885,410.0143,338.2489,262.5273,270.5141,226.1998,256.7264,274.5646,332.4627,330.0974,281.7572,341.557,341.417,358.6524,358.6524,320.6979
Zimbabwe,Food Household Consumption,Emissions (CO2eq) from CH4 (AR5),kilotonnes,19.2752,19.4796,20.6052,22.568,23.8392,24.248,27.7368,24.7576,24.332,23.0832,20.622,22.778,22.9684,23.3044,22.68,18.466,22.6268,22.3356,23.492,23.492,23.6928
Zimbabwe,Food Household Consumption,Emissions (CO2eq) from N2O (AR5),kilotonnes,1.06,1.06,1.113,1.219,1.272,1.2455,1.431,1.2985,1.272,1.1925,1.0865,1.1925,1.219,1.219,1.1925,1.007,1.219,1.219,1.272,1.272,1.2941
Zimbabwe,Food Household Consumption,Emissions (CO2eq) (AR5),kilotonnes,482.975,546.9478,495.2161,401.028,459.7032,496.582,439.1821,364.305,288.1313,294.7898,247.9083,280.6969,298.752,356.9861,353.9699,301.2302,365.4028,364.9716,383.4164,383.4164,345.6848
Zimbabwe,Food Transport,Emissions (CH4),kilotonnes,0.0431,0.0381,0.0349,0.0291,0.0281,0.0245,0.0237,0.0227,0.0187,0.0211,0.0252,0.044,0.0507,0.0563,0.0482,0.0513,0.0449,0.0452,0.0561,0.0407,0.041
Zimbabwe,Food Transport,Emissions (N2O),kilotonnes,0.0102,0.0098,0.0091,0.0076,0.0066,0.0072,0.0069,0.0067,0.0055,0.0061,0.0073,0.0126,0.0143,0.0159,0.0142,0.0139,0.0117,0.012,0.0149,0.0113,0.0115
Zimbabwe,Food Transport,Emissions (CO2),kilotonnes,217.05,207.615,190.51,158.655,137.103,150.32,145.455,140.59,115.4855,129.3105,154.41,262.415,296.795,330.075,298.765,288.925,244.41,251.6,312.66,236.5682,211.5333
Zimbabwe,Food Transport,Emissions (CO2eq) from CH4 (AR5),kilotonnes,1.2068,1.0668,0.9772,0.8148,0.7868,0.686,0.6636,0.6356,0.5236,0.5908,0.7056,1.232,1.4196,1.5764,1.3496,1.4364,1.2572,1.2656,1.5708,1.1396,1.1493
Zimbabwe,Food Transport,Emissions (CO2eq) from N2O (AR5),kilotonnes,2.703,2.597,2.4115,2.014,1.749,1.908,1.8285,1.7755,1.4575,1.6165,1.9345,3.339,3.7895,4.2135,3.763,3.6835,3.1005,3.18,3.9485,2.9945,3.0464
Zimbabwe,Food Transport,Emissions (CO2eq) (AR5),kilotonnes,220.9598,211.2788,193.8987,161.4838,139.6388,152.914,147.9471,143.0011,117.4666,131.5178,157.0501,266.986,302.0041,335.8649,303.8776,294.0449,248.7677,256.0456,318.1793,240.7023,215.7291
Zimbabwe,Energy,Emissions (CH4),kilotonnes,99.8,99.3,97.6,95,93.4,96.8,99.5,101,96.9,101,101,101,104,105,121,116,105,114,114,117,118
Zimbabwe,Energy,Emissions (N2O),kilotonnes,1.27,1.28,1.27,1.23,1.22,1.26,1.28,1.29,1.28,1.3,1.36,1.47,1.52,1.58,1.58,1.6,1.6,1.62,1.69,1.73,1.76
Zimbabwe,Energy,Emissions (CO2),kilotonnes,13600,12400,11900,10600,9410,10900,10500,9990,7710,5370,7750,9320,7350,11400,11700,11900,10500,10000,10500,10300,9210
Zimbabwe,Energy,Emissions (CO2eq) from CH4 (AR5),kilotonnes,2794.4,2780.4,2732.8,2660,2615.2,2710.4,2786,2828,2713.2,2828,2828,2828,2912,2940,3388,3248,2940,3192,3192,3276,3304
Zimbabwe,Energy,Emissions (CO2eq) from N2O (AR5),kilotonnes,336.55,339.2,336.55,325.95,323.3,333.9,339.2,341.85,339.2,344.5,360.4,389.55,402.8,418.7,418.7,424,424,429.3,447.85,458.45,466.4
Zimbabwe,Energy,Emissions (CO2eq) (AR5),kilotonnes,16730.95,15519.6,14969.35,13585.95,12348.5,13944.3,13625.2,13159.85,10762.4,8542.5,10938.4,12537.55,10664.8,14758.7,15506.7,15572,13864,13621.3,14139.85,14034.45,12980.4
Zimbabwe,IPPU,Emissions (CH4),kilotonnes,0.311,0.297,0.291,0.28,0.223,0.271,0.225,0.169,0.163,0.0808,0.162,0.216,0.151,0.165,0.236,0.127,0.164,0.185,0.175,0.154,0.15
Zimbabwe,IPPU,Emissions (N2O),kilotonnes,0.246,0.249,0.252,0.255,0.258,0.261,0.265,0.269,0.273,0.278,0.284,0.29,0.297,0.303,0.311,0.318,0.326,0.333,0.341,0.342,0.348
Zimbabwe,IPPU,Emissions (CO2),kilotonnes,988,880,841,690,642,696,623,502,466,458,630,761,865,785,889,831,768,796,871,851,844
Zimbabwe,IPPU,Emissions (CO2eq) from CH4 (AR5),kilotonnes,8.708,8.316,8.148,7.84,6.244,7.588,6.3,4.732,4.564,2.2624,4.536,6.048,4.228,4.62,6.608,3.556,4.592,5.18,4.9,4.312,4.2
Zimbabwe,IPPU,Emissions (CO2eq) from N2O (AR5),kilotonnes,65.19,65.985,66.78,67.575,68.37,69.165,70.225,71.285,72.345,73.67,75.26,76.85,78.705,80.295,82.415,84.27,86.39,88.245,90.365,90.63,92.22
Zimbabwe,IPPU,Emissions (CO2eq) (AR5),kilotonnes,1061.898,954.301,915.928,765.415,716.614,772.753,699.525,578.017,542.909,533.9324,709.796,843.898,947.933,869.915,978.023,918.826,858.982,889.425,966.265,945.942,940.42
Zimbabwe,Waste,Emissions (CH4),kilotonnes,79.3,80.4,80.7,79.2,79.6,80,81.6,82.2,81.6,83.4,83.4,86,89,91,92.6,94.6,96.6,98.9,101,101,102
Zimbabwe,Waste,Emissions (N2O),kilotonnes,0.36,0.364,0.368,0.375,0.381,0.394,0.412,0.423,0.434,0.445,0.456,0.472,0.476,0.475,0.483,0.495,0.513,0.525,0.537,0.544,0.555
Zimbabwe,Waste,Emissions (CO2eq) from CH4 (AR5),kilotonnes,2220.4,2251.2,2259.6,2217.6,2228.8,2240,2284.8,2301.6,2284.8,2335.2,2335.2,2408,2492,2548,2592.8,2648.8,2704.8,2769.2,2828,2828,2856
Zimbabwe,Waste,Emissions (CO2eq) from N2O (AR5),kilotonnes,95.4,96.46,97.52,99.375,100.965,104.41,109.18,112.095,115.01,117.925,120.84,125.08,126.14,125.875,127.995,131.175,135.945,139.125,142.305,144.16,147.075
Zimbabwe,Waste,Emissions (CO2eq) (AR5),kilotonnes,2315.8,2347.66,2357.12,2316.975,2329.765,2344.41,2393.98,2413.695,2399.81,2453.125,2456.04,2533.08,2618.14,2673.875,2720.795,2779.975,2840.745,2908.325,2970.305,2972.16,3003.075
Zimbabwe,Other,Emissions (N2O),kilotonnes,0.759,0.771,0.755,0.709,0.708,0.725,0.686,0.688,0.66,0.673,0.74,0.815,0.85,0.866,0.871,0.89,0.873,0.879,0.93,0.943,0.962
Zimbabwe,Other,Emissions (CO2eq) from N2O (AR5),kilotonnes,201.135,204.315,200.075,187.885,187.62,192.125,181.79,182.32,174.9,178.345,196.1,215.975,225.25,229.49,230.815,235.85,231.345,232.935,246.45,249.895,254.93
Zimbabwe,Other,Emissions (CO2eq) (AR5),kilotonnes,201.135,204.315,200.075,187.885,187.62,192.125,181.79,182.32,174.9,178.345,196.1,215.975,225.25,229.49,230.815,235.85,231.345,232.935,246.45,249.895,254.93
Zimbabwe,Farm-gate emissions,Emissions (CH4),kilotonnes,281.9409,287.3109,257.1402,250.7987,258.9407,258.1356,249.4041,260.1905,264.4588,281.9218,297.1807,304.5987,291.7955,280.4142,236.5113,266.2788,246.1898,249.2925,255.3543,257.7432,237.9669
Zimbabwe,Farm-gate emissions,Direct emissions (N2O),kilotonnes,11.1186,11.2714,10.0867,9.9049,9.5218,9.3234,9.3988,9.3765,8.9635,9.8867,10.7187,10.8367,10.6368,10.864,8.9427,9.4905,9.6639,9.8747,9.7792,9.7144,9.9088
Zimbabwe,Farm-gate emissions,Indirect emissions (N2O),kilotonnes,2.784,2.8319,2.5398,2.5039,2.3723,2.3269,2.3719,2.3633,2.2521,2.5381,2.7529,2.7632,2.6977,2.7713,2.2999,2.4072,2.4448,2.5532,2.5136,2.4981,2.5433
Zimbabwe,Farm-gate emissions,Emissions (N2O),kilotonnes,17.502,17.9307,15.7557,15.6756,16.4545,16.0402,15.6448,16.2896,16.4049,17.7691,18.8523,19.242,17.6641,16.886,14.65,16.1869,14.6758,15.3319,15.442,15.394,13.7304
Zimbabwe,Farm-gate emissions,Emissions (CO2),kilotonnes,1752.5691,917.7314,969.9332,1235.7438,937.3935,1221.5323,2554.1417,3061.8012,2741.4409,3171.481,2077.9382,995.7465,933.8782,529.6259,561.2243,462.2815,425.8322,352.6357,418.7607,399.0541,399.0541
Zimbabwe,Farm-gate emissions,Emissions (CO2eq) from CH4 (AR5),kilotonnes,7894.3447,8044.7042,7199.9262,7022.3646,7250.3386,7227.796,6983.3144,7285.3341,7404.8465,7893.8095,8321.06,8528.7643,8170.2745,7851.5983,6622.3174,7455.8071,6893.3145,6980.1888,7149.9193,7216.8092,6663.073
Zimbabwe,Farm-gate emissions,Emissions (CO2eq) from N2O (AR5),kilotonnes,4638.0397,4751.6224,4175.2728,4154.0269,4360.441,4250.6606,4145.8704,4316.7352,4347.2934,4708.8065,4995.8615,5099.1408,4680.9832,4474.7864,3882.2507,4289.535,3889.0991,4062.9595,4092.1373,4079.4191,3638.5609
Zimbabwe,Farm-gate emissions,Emissions (CO2eq) (AR5),kilotonnes,14284.9535,13714.0579,12345.1322,12412.1353,12548.1731,12699.989,13683.3265,14663.8705,14493.5808,15774.0971,15394.8598,14623.6515,13785.1358,12856.0106,11065.7924,12207.6236,11208.2458,11395.784,11660.8173,11695.2824,10700.688
Zimbabwe,Land Use change,Emissions (CH4),kilotonnes,0,0,0,0,0,0,0,0,0,0,0,0,0,0,0,0,0,0,0,0,0
Zimbabwe,Land Use change,Emissions (N2O),kilotonnes,0,0,0,0,0,0,0,0,0,0,0,0,0,0,0,0,0,0,0,0,0
Zimbabwe,Land Use change,Emissions (CO2),kilotonnes,10670.887,10677.6439,10677.6439,10677.6439,10677.6439,10677.6439,10677.6439,10677.6439,10677.6439,10677.6439,10677.6439,10670.887,10670.887,10670.887,10670.887,10670.887,10662.4408,10662.4408,10662.4408,10662.4408,10662.4408
Zimbabwe,Land Use change,Emissions (CO2eq) from CH4 (AR5),kilotonnes,0,0,0,0,0,0,0,0,0,0,0,0,0,0,0,0,0,0,0,0,0
Zimbabwe,Land Use change,Emissions (CO2eq) from N2O (AR5),kilotonnes,0,0,0,0,0,0,0,0,0,0,0,0,0,0,0,0,0,0,0,0,0
Zimbabwe,Land Use change,Emissions (CO2eq) (AR5),kilotonnes,10670.887,10677.6439,10677.6439,10677.6439,10677.6439,10677.6439,10677.6439,10677.6439,10677.6439,10677.6439,10677.6439,10670.887,10670.887,10670.887,10670.887,10670.887,10662.4408,10662.4408,10662.4408,10662.4408,10662.4408
Zimbabwe,Emissions on agricultural land,Emissions (CH4),kilotonnes,281.9409,287.3109,257.1402,250.7987,258.9407,258.1356,249.4041,260.1905,264.4588,281.9218,297.1807,304.5987,291.7955,280.4142,236.5113,266.2788,246.1898,249.2925,255.3543,257.7432,237.9669
Zimbabwe,Emissions on agricultural land,Emissions (N2O),kilotonnes,17.502,17.9307,15.7557,15.6756,16.4545,16.0402,15.6448,16.2896,16.4049,17.7691,18.8523,19.242,17.6641,16.886,14.65,16.1869,14.6758,15.3319,15.442,15.394,13.7304
Zimbabwe,Emissions on agricultural land,Emissions (CO2),kilotonnes,12423.456,11595.3753,11647.5771,11913.3877,11615.0374,11899.1762,13231.7856,13739.4451,13419.0848,13849.1249,12755.5821,11666.6334,11604.7651,11200.5128,11232.1112,11133.1685,11088.273,11015.0765,11081.2015,11061.4949,11061.4949
Zimbabwe,Emissions on agricultural land,Emissions (CO2eq) from CH4 (AR5),kilotonnes,7894.3447,8044.7042,7199.9262,7022.3646,7250.3386,7227.796,6983.3144,7285.3341,7404.8465,7893.8095,8321.06,8528.7643,8170.2745,7851.5983,6622.3174,7455.8071,6893.3145,6980.1888,7149.9193,7216.8092,6663.073
Zimbabwe,Emissions on agricultural land,Emissions (CO2eq) from N2O (AR5),kilotonnes,4638.0397,4751.6224,4175.2728,4154.0269,4360.441,4250.6606,4145.8704,4316.7352,4347.2934,4708.8065,4995.8615,5099.1408,4680.9832,4474.7864,3882.2507,4289.535,3889.0991,4062.9595,4092.1373,4079.4191,3638.5609
Zimbabwe,Emissions on agricultural land,Emissions (CO2eq) (AR5),kilotonnes,24955.8405,24391.7018,23022.7761,23089.7792,23225.817,23377.6329,24360.9704,25341.5144,25171.2247,26451.741,26072.5037,25294.5385,24456.0228,23526.8975,21736.6794,22878.5106,21870.6866,22058.2248,22323.2581,22357.7232,21363.1288
Zimbabwe,Pre- and post- production,Emissions (CH4),kilotonnes,35.0883,35.2546,35.3128,34.7169,35.0102,35.2697,35.1218,34.9153,34.8508,34.85,35.1974,35.9101,36.594,37.4044,37.2862,37.5277,37.7389,38.1421,38.7673,39.1031,39.5069
Zimbabwe,Pre- and post- production,Emissions (N2O),kilotonnes,0.2254,0.232,0.2235,0.2269,0.2344,0.2372,0.2467,0.25,0.2443,0.2566,0.2564,0.2693,0.2672,0.2636,0.2795,0.2829,0.2883,0.2979,0.3093,0.3135,0.3208
Zimbabwe,Pre- and post- production,Emissions (CO2),kilotonnes,1958.9608,2151.9358,1884.3435,1429.226,1575.4865,1821.134,1522.5811,1415.3334,1102.408,1212.9044,935.4964,1302.4753,1376.5076,1640.6777,1534.5522,1597.4637,1417.9347,1417.0284,1563.5527,1495.4244,1358.5452
Zimbabwe,Pre- and post- production,Emissions (CO2eq) from CH4 (AR5),kilotonnes,982.4733,987.1283,988.7596,972.0745,980.2865,987.5521,983.4115,977.6273,975.8211,975.8014,985.5271,1005.4828,1024.6323,1047.3226,1044.0126,1050.7763,1056.6883,1067.9777,1085.4834,1094.8863,1106.1932
Zimbabwe,Pre- and post- production,Emissions (CO2eq) from N2O (AR5),kilotonnes,59.7208,61.4675,59.2203,60.1221,62.1181,62.8612,65.378,66.2539,64.7499,68.0097,67.9363,71.3708,70.8115,69.8562,74.0804,74.9747,76.3892,78.9337,81.9716,83.0722,85.012
Zimbabwe,Pre- and post- production,Emissions (CO2eq) (AR5),kilotonnes,3001.1548,3200.5316,2932.3234,2461.4226,2617.8911,2871.5474,2571.3705,2459.2146,2142.979,2256.7155,1988.9598,2379.3288,2471.9514,2757.8565,2652.6451,2723.2147,2551.0122,2563.9398,2731.0077,2673.3829,2549.7504
Zimbabwe,Agri-food systems,Emissions (CH4),kilotonnes,317.0292,322.5654,292.4531,285.5157,293.9509,293.4053,284.5259,295.1058,299.3096,316.7718,332.3781,340.5088,328.3895,317.8186,273.7975,303.8066,283.9287,287.4345,294.1215,296.8463,277.4738
Zimbabwe,Agri-food systems,Emissions (N2O),kilotonnes,17.7274,18.1626,15.9792,15.9024,16.6889,16.2774,15.8915,16.5396,16.6492,18.0257,19.1087,19.5114,17.9313,17.1496,14.9296,16.4698,14.9641,15.6298,15.7514,15.7075,14.0512
Zimbabwe,Agri-food systems,Emissions (CO2),kilotonnes,14382.4168,13747.3111,13531.9207,13342.6136,13190.5239,13720.3102,14754.3667,15154.7785,14521.4928,15062.0293,13691.0785,12969.1087,12981.2727,12841.1905,12766.6634,12730.6322,12506.2077,12432.1049,12644.7542,12556.9193,12420.0401
Zimbabwe,Agri-food systems,Emissions (CO2eq) from CH4 (AR5),kilotonnes,8876.8179,9031.8324,8188.6858,7994.4391,8230.6251,8215.3482,7966.7259,8262.9614,8380.6676,8869.6109,9306.5872,9534.2471,9194.9068,8898.9209,7666.3299,8506.5834,7950.0029,8048.1666,8235.4027,8311.6955,7769.2662
Zimbabwe,Agri-food systems,Emissions (CO2eq) from N2O (AR5),kilotonnes,4697.7605,4813.0898,4234.4931,4214.1491,4422.5591,4313.5219,4211.2483,4382.9891,4412.0433,4776.8162,5063.7978,5170.5115,4751.7947,4544.6426,3956.3311,4364.5097,3965.4883,4141.8932,4174.109,4162.4913,3723.5729
Zimbabwe,Agri-food systems,Emissions (CO2eq) (AR5),kilotonnes,27956.9953,27592.2334,25955.0995,25551.2018,25843.7081,26249.1802,26932.3409,27800.729,27314.2037,28708.4564,28061.4635,27673.8673,26927.9742,26284.7541,24389.3245,25601.7253,24421.6989,24622.1646,25054.2658,25031.1061,23912.8792
Zimbabwe,IPCC Agriculture,Emissions (CH4),kilotonnes,277.225,285.0849,254.7289,247.4787,256.4011,254.8383,241.8808,251.0573,256.3353,272.4783,291.2014,302.48,290.008,280.0416,235.9342,265.9167,245.7756,249.1409,255.2125,257.6607,237.8844
Zimbabwe,IPCC Agriculture,Emissions (CH4),kilotonnes,219.9,,,,,,213.9,,,,,,,,,,,357.22,,,
Zimbabwe,IPCC Agriculture,Direct emissions (N2O),kilotonnes,11.1186,11.2714,10.0867,9.9049,9.5218,9.3234,9.3988,9.3765,8.9635,9.8867,10.7187,10.8367,10.6368,10.864,8.9427,9.4905,9.6639,9.8747,9.7792,9.7144,9.9088
Zimbabwe,IPCC Agriculture,Indirect emissions (N2O),kilotonnes,2.784,2.8319,2.5398,2.5039,2.3723,2.3269,2.3719,2.3633,2.2521,2.5381,2.7529,2.7632,2.6977,2.7713,2.2999,2.4072,2.4448,2.5532,2.5136,2.4981,2.5433
Zimbabwe,IPCC Agriculture,Emissions (N2O),kilotonnes,17.383,17.8415,15.6681,15.5908,16.3934,15.957,15.5404,16.1771,16.2975,17.6502,18.7519,19.1114,17.5202,16.7343,14.5086,16.06,14.5685,15.2222,15.3086,15.2621,13.5985
Zimbabwe,IPCC Agriculture,Emissions (N2O),kilotonnes,112.75,,,,,,14.56,,,,,,,,,,,7.65,,,
Zimbabwe,IPCC Agriculture,Emissions (CO2eq) from CH4 (AR5),kilotonnes,7762.3011,7982.3786,7132.4093,6929.404,7179.2297,7135.4723,6772.6616,7029.6036,7177.3887,7629.3917,8153.6386,8469.4398,8120.2247,7841.1655,6606.1565,7445.6671,6881.7166,6975.9439,7145.9502,7214.4983,6660.7621
Zimbabwe,IPCC Agriculture,Emissions (CO2eq) from CH4 (AR5),kilotonnes,6157.2,,,,,,5989.2,,,,,,,,,,,10002.16,,,
Zimbabwe,IPCC Agriculture,Emissions (CO2eq) from N2O (AR5),kilotonnes,4606.4893,4727.9867,4152.0428,4131.5657,4344.2432,4228.5928,4118.203,4286.9347,4318.8496,4677.2925,4969.2444,5064.5185,4642.854,4434.5863,3844.7665,4255.8987,3860.6416,4033.8729,4056.7824,4044.4531,3603.5949
Zimbabwe,IPCC Agriculture,Emissions (CO2eq) from N2O (AR5),kilotonnes,29878.75,,,,,,3858.4,,,,,,,,,,,2027.25,,,
Zimbabwe,IPCC Agriculture,Emissions (CO2eq) (AR5),kilotonnes,12368.7904,12710.3653,11284.4522,11060.9697,11523.4729,11364.0651,10890.8646,11316.5382,11496.2384,12306.6842,13122.883,13533.9583,12763.0787,12275.7518,10450.9231,11701.5658,10742.3583,11009.8169,11202.7326,11258.9513,10264.357
Zimbabwe,IPCC Agriculture,Emissions (CO2eq) (AR5),kilotonnes,36035.95,,,,,,9847.6,,,,,,,,,,,12029.41,,,
Zimbabwe,Agricultural Soils,Direct emissions (N2O),kilotonnes,11.1186,11.2714,10.0867,9.9049,9.5218,9.3234,9.3988,9.3765,8.9635,9.8867,10.7187,10.8367,10.6368,10.864,8.9427,9.4905,9.6639,9.8747,9.7792,9.7144,9.9088
Zimbabwe,Agricultural Soils,Indirect emissions (N2O),kilotonnes,2.784,2.8319,2.5398,2.5039,2.3723,2.3269,2.3719,2.3633,2.2521,2.5381,2.7529,2.7632,2.6977,2.7713,2.2999,2.4072,2.4448,2.5532,2.5136,2.4981,2.5433
Zimbabwe,Agricultural Soils,Emissions (N2O),kilotonnes,13.9026,14.1033,12.6265,12.4088,11.8941,11.6503,11.7707,11.7398,11.2157,12.4248,13.4716,13.5998,13.3345,13.6354,11.2426,11.8978,12.1087,12.4279,12.2928,12.2126,12.4521
Zimbabwe,Agricultural Soils,Emissions (N2O),kilotonnes,112.69,,,,,,11.06,,,,,,,,,,,,,,
Zimbabwe,Agricultural Soils,Emissions (CO2eq) from N2O (AR5),kilotonnes,3684.1767,3737.3848,3346.017,3288.3227,3151.9272,3087.3281,3119.2364,3111.0568,2972.1521,3292.5679,3569.9772,3603.9546,3533.6545,3613.3687,2979.2809,3152.9041,3208.8013,3293.3831,3257.5853,3236.3358,3299.7979
Zimbabwe,Agricultural Soils,Emissions (CO2eq) from N2O (AR5),kilotonnes,29862.85,,,,,,2930.9,,,,,,,,,,,,,,
Zimbabwe,Agricultural Soils,Emissions (CO2eq) (AR5),kilotonnes,3684.1767,3737.3848,3346.017,3288.3227,3151.9272,3087.3281,3119.2364,3111.0568,2972.1521,3292.5679,3569.9772,3603.9546,3533.6545,3613.3687,2979.2809,3152.9041,3208.8013,3293.3831,3257.5853,3236.3358,3299.7979
Zimbabwe,Agricultural Soils,Emissions (CO2eq) (AR5),kilotonnes,29862.85,,,,,,2930.9,,,,,,,,,,,,,,
Zimbabwe,LULUCF,Emissions (CH4),kilotonnes,0.5508,0.5109,0.878,1.2872,1.6815,3.155,2.1701,4.3949,4.8888,3.2242,5.434,3.2218,4.9702,4.5634,3.1919,5.5017,4.4545,2.5123,4.246,3.2766,0.9277
Zimbabwe,LULUCF,Emissions (CH4),kilotonnes,,,,,,,,,,,,,,,,,,,,,
Zimbabwe,LULUCF,Emissions (N2O),kilotonnes,0.0162,0.0466,0.0802,0.1175,0.1535,0.2881,0.1981,0.4013,0.4464,0.2944,0.4961,0.2942,0.4538,0.4167,0.2914,0.5023,0.4067,0.2294,0.3877,0.2992,0.0847
Zimbabwe,LULUCF,Emissions (N2O),kilotonnes,,,,,,,,,,,,,,,,,,,,,
Zimbabwe,LULUCF,Emissions (CO2),kilotonnes,10401.5193,10940.2547,10940.2547,10940.2547,10940.2547,10940.2547,10940.2547,10940.2547,10940.2547,10940.2547,10940.2547,11318.9677,11318.9677,11318.9677,11318.9677,11318.9677,87162.739,87162.739,87162.739,87162.739,87162.739
Zimbabwe,LULUCF,Emissions (CO2),kilotonnes,-88034.6,,,,,,-83000,,,,,,,,,,,,,,
Zimbabwe,LULUCF,Emissions (CO2eq) from CH4 (AR5),kilotonnes,15.422,14.3052,24.584,36.0426,47.0832,88.3408,60.7638,123.0569,136.8855,90.2777,152.1522,90.2114,139.1667,127.7753,89.3744,154.0482,124.7267,70.3451,118.8877,91.7458,25.9744
Zimbabwe,LULUCF,Emissions (CO2eq) from N2O (AR5),kilotonnes,4.293,12.3616,21.2437,31.1455,40.686,76.338,52.5078,106.3372,118.287,78.0117,131.4794,77.9544,120.2582,110.4145,77.2312,133.1178,107.7801,60.7873,102.7345,79.2804,22.4453
Zimbabwe,LULUCF,Emissions (CO2eq) (AR5),kilotonnes,10421.2343,10966.9215,10986.0824,11007.4428,11028.0239,11104.9334,11053.5262,11169.6487,11195.4272,11108.5441,11223.8862,11487.1336,11578.3926,11557.1575,11485.5733,11606.1337,87395.2458,87293.8713,87384.3611,87333.7651,87211.1586
Zimbabwe,LULUCF,Emissions (CO2eq) (AR5),kilotonnes,-88034.6,,,,,,-83000,,,,,,,,,,,,,,
Zimbabwe,AFOLU,Emissions (CH4),kilotonnes,277.7758,285.5959,255.6069,248.766,258.0826,257.9933,244.0509,255.4522,261.2241,275.7025,296.6354,305.7018,294.9783,284.605,239.1261,271.4184,250.2301,251.6532,259.4585,260.9373,238.812
Zimbabwe,AFOLU,Emissions (N2O),kilotonnes,17.3992,17.8881,15.7483,15.7083,16.5469,16.245,15.7385,16.5784,16.7439,17.9445,19.248,19.4056,17.974,17.1509,14.8,16.5623,14.9752,15.4515,15.6963,15.5613,13.6832
Zimbabwe,AFOLU,Emissions (CO2),kilotonnes,10401.5193,10940.2547,10940.2547,10940.2547,10940.2547,10940.2547,10940.2547,10940.2547,10940.2547,10940.2547,10940.2547,11318.9677,11318.9677,11318.9677,11318.9677,11318.9677,87162.739,87162.739,87162.739,87162.739,87162.739
Zimbabwe,AFOLU,Emissions (CO2eq) from CH4 (AR5),kilotonnes,7777.7231,7996.6838,7156.9933,6965.4466,7226.3129,7223.8131,6833.4253,7152.6604,7314.2743,7719.6694,8305.7908,8559.6512,8259.3914,7968.9408,6695.531,7599.7153,7006.4433,7046.289,7264.8379,7306.2441,6686.7365
Zimbabwe,AFOLU,Emissions (CO2eq) from N2O (AR5),kilotonnes,4610.7823,4740.3483,4173.2866,4162.7112,4384.9293,4304.9307,4170.7108,4393.2719,4437.1366,4755.3042,5100.7238,5142.473,4763.1122,4545.0008,3921.9977,4389.0165,3968.4217,4094.6602,4159.5168,4123.7334,3626.0402
Zimbabwe,AFOLU,Emissions (CO2eq) (AR5),kilotonnes,22790.0247,23677.2868,22270.5346,22068.4125,22551.4968,22468.9985,21944.3909,22486.1869,22691.6656,23415.2283,24346.7692,25021.0919,24341.4713,23832.9093,21936.4964,23307.6995,98137.6041,98303.6882,98587.0937,98592.7165,97475.5156
Zimbabwe,All sectors with LULUCF,Emissions (CH4),kilotonnes,457.1868,465.5929,434.1979,423.246,431.3056,435.0643,425.3759,438.8212,439.8871,460.1833,481.1974,492.9178,488.1293,480.77,452.9621,482.1454,451.9941,464.7382,474.6335,479.0913,458.962
Zimbabwe,All sectors with LULUCF,Emissions (N2O),kilotonnes,20.0342,20.5521,18.3933,18.2773,19.1139,18.885,18.3815,19.2484,19.3909,20.6405,22.088,22.4526,21.117,20.3749,18.045,19.8653,18.2872,18.8085,19.1943,19.1203,17.3082
Zimbabwe,All sectors with LULUCF,Emissions (CO2),kilotonnes,24989.5193,24220.2547,23681.2547,22230.2547,20992.2547,22536.2547,22063.2547,21432.2547,19116.2547,16768.2547,19320.2547,21399.9677,19533.9677,23503.9677,23907.9677,24049.9677,98430.739,97958.739,98533.739,98313.739,97216.739
Zimbabwe,All sectors with LULUCF,Emissions (CO2eq) from CH4 (AR5),kilotonnes,12801.2311,13036.5998,12157.5413,11850.8866,12076.5569,12181.8011,11910.5253,12286.9924,12316.8383,12885.1318,13473.5268,13801.6992,13667.6194,13461.5608,12682.939,13500.0713,12655.8353,13012.669,13289.7379,13414.5561,12850.9365
Zimbabwe,All sectors with LULUCF,Emissions (CO2eq) from N2O (AR5),kilotonnes,5309.0573,5446.3083,4874.2116,4843.4962,5065.1843,5004.5307,4871.1058,5100.8219,5138.5916,5469.7442,5853.3238,5949.928,5596.0072,5399.3608,4781.9227,5264.3115,4846.1017,4984.2652,5086.4868,5066.8684,4586.6652
Zimbabwe,All sectors with LULUCF,Emissions (CO2eq) (AR5),kilotonnes,43099.8077,42703.1628,40713.0076,38924.6375,38133.9958,39722.5865,38844.8859,38820.0689,36571.6846,35123.1307,38647.1052,41151.5949,38797.5943,42364.8893,41372.8294,42814.3505,115932.6761,115955.6732,116909.9637,116795.1635,114654.3406
Zimbabwe,All sectors without LULUCF,Emissions (CH4),kilotonnes,456.636,465.0819,433.3199,421.9587,429.6241,431.9093,423.2058,434.4263,434.9983,456.9591,475.7634,489.696,483.159,476.2066,449.7702,476.6437,447.5396,462.2259,470.3875,475.8147,458.0344
Zimbabwe,All sectors without LULUCF,Emissions (N2O),kilotonnes,20.018,20.5055,18.3131,18.1598,18.9604,18.597,18.1834,18.8471,18.9445,20.3462,21.5919,22.1584,20.6632,19.9583,17.7536,19.363,17.8805,18.5792,18.8066,18.8211,17.2235
Zimbabwe,All sectors without LULUCF,Emissions (CO2),kilotonnes,14588,13280,12741,11290,10052,11596,11123,10492,8176,5828,8380,10081,8215,12185,12589,12731,11268,10796,11371,11151,10054
Zimbabwe,All sectors without LULUCF,Emissions (CO2eq) from CH4 (AR5),kilotonnes,12785.8091,13022.2946,12132.9573,11814.844,12029.4737,12093.4603,11849.7616,12163.9356,12179.9527,12794.8541,13321.3746,13711.4878,13528.4527,13333.7855,12593.5645,13346.0231,12531.1086,12942.3239,13170.8502,13322.8103,12824.9621
Zimbabwe,All sectors without LULUCF,Emissions (CO2eq) from N2O (AR5),kilotonnes,5304.7643,5433.9467,4852.9678,4812.3507,5024.4982,4928.1928,4818.598,4994.4847,5020.3046,5391.7325,5721.8444,5871.9735,5475.749,5288.9463,4704.6915,5131.1937,4738.3216,4923.4779,4983.7524,4987.5881,4564.2199
Zimbabwe,All sectors without LULUCF,Emissions (CO2eq) (AR5),kilotonnes,32678.5734,31736.2413,29726.9252,27917.1947,27105.9719,28617.6531,27791.3596,27650.4202,25376.2574,24014.5866,27423.219,29664.4613,27219.2017,30807.7318,29887.2561,31208.2168,28537.4303,28661.8019,29525.6026,29461.3983,27443.182
World,Crop Residues,Direct emissions (N2O),kilotonnes,423.8128,431.9414,425.3597,428.18,463.1745,463.4475,462.4273,471.8525,503.2032,496.4854,497.0397,516.9846,509.186,544.0266,555.9425,562.2276,574.7774,587.1108,575.4977,581.3038,590.0347
World,Crop Residues,Direct emissions (N2O),kilotonnes,385.4329,402.0266,400.1079,389.1819,396.9731,401.8041,396.3071,382.2422,402.8563,407.4237,402.7061,417.5188,401.6787,427.7651,444.8727,420.4867,440.5218,445.2929,442.8408,452.6963,428.6201
World,Crop Residues,Indirect emissions (N2O),kilotonnes,95.3579,97.1868,95.7059,96.3405,104.2143,104.2757,104.0461,106.1668,113.2207,111.7092,111.8339,116.3215,114.5669,122.406,125.0871,126.5012,129.3249,132.0999,129.487,130.7934,132.7578
World,Crop Residues,Emissions (N2O),kilotonnes,519.1707,529.1282,521.0656,524.5205,567.3888,567.7232,566.4734,578.0193,616.4239,608.1946,608.8737,633.3061,623.7529,666.4326,681.0295,688.7288,704.1023,719.2107,704.9847,712.0972,722.7925
World,Crop Residues,Emissions (N2O),kilotonnes,385.4329,402.0266,400.1079,389.1819,396.9731,401.8041,396.3071,382.2422,402.8563,407.4237,402.7061,417.5188,401.6787,427.7651,444.8727,420.4867,440.5218,445.2929,442.8408,452.6963,428.6201
World,Crop Residues,Emissions (CO2eq) from N2O (AR5),kilotonnes,137580.2444,140218.9689,138082.3818,138997.9406,150358.0374,150446.641,150115.4515,153175.1059,163352.3372,161171.5604,161351.5204,167826.1164,165294.5171,176604.6345,180472.827,182513.1316,186587.1186,190590.835,186820.9416,188705.7453,191540.0145
World,Crop Residues,Emissions (CO2eq) from N2O (AR5),kilotonnes,102139.7073,106537.0549,106028.6001,103133.2009,105197.8831,106478.0786,105021.3846,101294.1703,106756.9262,107967.275,106717.1181,110642.4888,106444.8613,113357.7503,117891.2632,111428.9875,116738.2705,118002.6284,117352.803,119964.5327,113584.3324
World,Crop Residues,Emissions (CO2eq) (AR5),kilotonnes,137580.2444,140218.9689,138082.3818,138997.9406,150358.0374,150446.641,150115.4515,153175.1059,163352.3372,161171.5604,161351.5204,167826.1164,165294.5171,176604.6345,180472.827,182513.1316,186587.1186,190590.835,186820.9416,188705.7453,191540.0145
World,Crop Residues,Emissions (CO2eq) (AR5),kilotonnes,102139.7073,106537.0549,106028.6001,103133.2009,105197.8831,106478.0786,105021.3846,101294.1703,106756.9262,107967.275,106717.1181,110642.4888,106444.8613,113357.7503,117891.2632,111428.9875,116738.2705,118002.6284,117352.803,119964.5327,113584.3324
World,Rice Cultivation,Emissions (CH4),kilotonnes,23331.4567,23023.9432,22521.7489,22480.5517,22963.8138,23481.1666,23561.6391,23511.8745,24118.036,23931.2026,24384.001,24456.0081,24376.2483,24572.2603,24373.7814,24066.0206,24223.9752,24496.5899,24681.4185,24077.9551,24503.9738
World,Rice Cultivation,Emissions (CH4),kilotonnes,1446.3673,1288.1956,1381.113,1247.9078,1298.4425,1401.73,1822.2537,1859.7264,1791.3229,1919.7333,2048.5302,1905.3111,1904.4063,1265.405,1385.1586,1327.2314,6798.1857,1270.143,1277.737,1240.5615,1267.8977
World,Rice Cultivation,Emissions (CO2eq) from CH4 (AR5),kilotonnes,653280.7866,644670.4105,630608.9679,629455.447,642986.7869,657472.6638,659725.8953,658332.486,675305.0086,670073.6717,682752.0277,684768.2271,682534.9526,688023.2883,682465.8801,673848.5778,678271.3049,685904.517,691079.7168,674182.7427,686111.267
World,Rice Cultivation,Emissions (CO2eq) from CH4 (AR5),kilotonnes,40498.2853,36069.4755,38671.1634,34941.4182,36356.3897,39248.4413,51023.1038,52072.3404,50157.0408,53752.5337,57358.8452,53348.711,53323.3763,35431.3403,38784.441,37162.4794,190349.2003,35564.0031,35776.635,34735.7226,35501.1366
World,Rice Cultivation,Emissions (CO2eq) (AR5),kilotonnes,653280.7866,644670.4105,630608.9679,629455.447,642986.7869,657472.6638,659725.8953,658332.486,675305.0086,670073.6717,682752.0277,684768.2271,682534.9526,688023.2883,682465.8801,673848.5778,678271.3049,685904.517,691079.7168,674182.7427,686111.267
World,Rice Cultivation,Emissions (CO2eq) (AR5),kilotonnes,40498.2853,36069.4755,38671.1634,34941.4182,36356.3897,39248.4413,51023.1038,52072.3404,50157.0408,53752.5337,57358.8452,53348.711,53323.3763,35431.3403,38784.441,37162.4794,190349.2003,35564.0031,35776.635,34735.7226,35501.1366
World,Burning - Crop residues,Emissions (CH4),kilotonnes,864.5406,862.6789,858.5174,871.0644,890.3628,904.6376,897.2719,932.6328,960.9961,947.8835,959.6715,989.3379,1006.8614,1031.9396,1028.4515,1042.3922,1054.3984,1060.8905,1051.4523,1050.884,1072.1581
World,Burning - Crop residues,Emissions (CH4),kilotonnes,975.7583,385.5186,392.5366,403.8239,266.7479,339.9532,228.9936,274.1105,282.3782,282.496,662.2256,269.7197,298.0411,427.8932,236.5625,264.5027,61.0583,59.2017,53.5131,52.8878,61.2088
World,Burning - Crop residues,Emissions (N2O),kilotonnes,22.414,22.3657,22.2579,22.5832,23.0835,23.4536,23.2626,24.1794,24.9147,24.5748,24.8804,25.6495,26.1038,26.754,26.6636,27.025,27.3363,27.5046,27.2599,27.2451,27.7967
World,Burning - Crop residues,Emissions (N2O),kilotonnes,24.592,9.9141,10.1585,10.4112,7.5504,8.2271,6.3989,7.5982,7.7373,7.7851,16.7803,7.4544,8.2197,10.706,6.5778,7.606,1.9805,2.0222,1.8136,1.7429,2.0056
World,Burning - Crop residues,Emissions (CO2eq) from CH4 (AR5),kilotonnes,24207.1361,24155.0087,24038.4875,24389.8035,24930.159,25329.8517,25123.6135,26113.7179,26907.892,26540.7393,26870.8027,27701.462,28192.1202,28894.3098,28796.6417,29186.983,29523.156,29704.933,29440.6639,29424.7523,30020.4279
World,Burning - Crop residues,Emissions (CO2eq) from CH4 (AR5),kilotonnes,27321.2315,10794.5212,10991.0238,11307.0693,7468.9425,9518.6897,6411.8195,7675.0937,7906.589,7909.8891,18542.3175,7552.1502,8345.1512,11981.0089,6623.7501,7406.0764,1709.6317,1657.6484,1498.3674,1480.8588,1713.8456
World,Burning - Crop residues,Emissions (CO2eq) from N2O (AR5),kilotonnes,5939.7139,5926.9234,5898.3326,5984.5351,6117.1223,6215.1951,6164.5904,6407.5326,6602.3994,6512.311,6593.2988,6797.118,6917.511,7089.8075,7065.8426,7161.6208,7244.1077,7288.7104,7223.8666,7219.9624,7366.1235
World,Burning - Crop residues,Emissions (CO2eq) from N2O (AR5),kilotonnes,6516.8726,2627.2256,2691.9971,2758.9737,2000.8628,2180.1725,1695.7038,2013.5149,2050.3756,2063.0536,4446.7758,1975.4189,2178.2077,2837.0928,1743.1072,2015.6026,524.8359,535.894,480.5968,461.8672,531.4809
World,Burning - Crop residues,Emissions (CO2eq) (AR5),kilotonnes,30146.85,30081.9322,29936.8201,30374.3386,31047.2813,31545.0468,31288.2039,32521.2505,33510.2914,33053.0504,33464.1016,34498.58,35109.6312,35984.1173,35862.4844,36348.6038,36767.2637,36993.6434,36664.5305,36644.7147,37386.5514
World,Burning - Crop residues,Emissions (CO2eq) (AR5),kilotonnes,33838.1041,13421.7467,13683.0209,14066.0431,9469.8053,11698.8622,8107.5233,9688.6086,9956.9646,9972.9427,22989.0933,9527.5691,10523.3589,14818.1017,8366.8573,9421.679,2234.4675,2193.5424,1978.9642,1942.726,2245.3265
World,Enteric Fermentation,Emissions (CH4),kilotonnes,88350.0714,88420.2751,89241.3921,90303.3142,91381.6372,92359.9162,93179.8674,93984.9443,94661.6736,94887.1813,94803.5682,95183.1328,95951.0656,96360.0126,96952.3983,97749.6293,98811.0944,99250.7555,100063.2626,100914.9836,101775.5618
World,Enteric Fermentation,Emissions (CH4),kilotonnes,63252.5211,39749.4412,40295.9564,40521.6484,42900.6515,44058.6048,41292.3055,40203.5123,40714.9087,40129.1726,56908.3611,39891.4135,44228.4329,41562.5533,37305.6232,52367.7869,26789.9922,25614.3737,23952.2171,23427.1639,23339.2729
World,Enteric Fermentation,Emissions (CO2eq) from CH4 (AR5),kilotonnes,2473802,2475767.704,2498758.977,2528492.797,2558685.841,2586077.654,2609036.287,2631578.441,2650526.861,2656841.076,2654499.908,2665127.718,2686629.836,2698080.352,2714667.152,2736989.62,2766710.644,2779021.154,2801771.354,2825619.539,2849715.73
World,Enteric Fermentation,Emissions (CO2eq) from CH4 (AR5),kilotonnes,1771070.59,1112984.352,1128286.78,1134606.156,1201218.242,1233640.934,1156184.555,1125698.345,1140017.444,1123616.833,1593434.111,1116959.578,1238396.122,1163751.492,1044557.451,1466298.033,750119.7823,717202.4633,670662.0788,655960.5898,653499.6399
World,Enteric Fermentation,Emissions (CO2eq) (AR5),kilotonnes,2473802,2475767.704,2498758.977,2528492.797,2558685.841,2586077.654,2609036.287,2631578.441,2650526.861,2656841.076,2654499.908,2665127.718,2686629.836,2698080.352,2714667.152,2736989.62,2766710.644,2779021.154,2801771.354,2825619.539,2849715.73
World,Enteric Fermentation,Emissions (CO2eq) (AR5),kilotonnes,1771070.59,1112984.352,1128286.78,1134606.156,1201218.242,1233640.934,1156184.555,1125698.345,1140017.444,1123616.833,1593434.111,1116959.578,1238396.122,1163751.492,1044557.451,1466298.033,750119.7823,717202.4633,670662.0788,655960.5898,653499.6399
World,Manure Management,Emissions (CH4),kilotonnes,8887.1159,8859.2547,8949.7166,9023.2527,9057.4786,9129.4691,9238.7202,9317.0061,9409.9456,9442.2623,9462.9684,9479.9752,9575.6527,9580.5268,9687.5064,9776.1262,9849.9484,9924.3222,9981.2428,9769.9225,9995.6401
World,Manure Management,Emissions (CH4),kilotonnes,6627.4596,5806.0255,5608.1159,5619.1905,5545.0552,6141.0394,5693.8707,5807.8173,5718.9886,5674.5243,6708.1383,5711.3436,5924.2771,5943.2609,5572.3876,6192.1506,5280.5461,5043.4663,5153.0709,5041.9154,5096.2912
World,Manure Management,Emissions (N2O),kilotonnes,437.5746,431.9667,431.4355,428.4698,427.3798,428.2161,431.7737,431.5954,437.1995,437.3921,438.2182,434.1016,435.5011,433.2423,436.6306,441.1526,445.3682,449.84,452.4361,444.8079,452.5943
World,Manure Management,Emissions (N2O),kilotonnes,418.5759,302.9077,278.5368,280.1055,276.3824,350.7041,295.2184,301.0451,302.6802,303.4184,366.1782,296.9692,336.6101,363.2004,246.8502,374.6341,242.5489,228.6786,226.6375,224.4763,227.5185
World,Manure Management,Emissions (CO2eq) from CH4 (AR5),kilotonnes,248839.245,248059.1321,250592.065,252651.0746,253609.4,255625.1341,258684.1649,260876.1701,263478.4767,264383.3438,264963.1164,265439.3058,268118.2743,268254.749,271250.1779,273731.5344,275798.5554,277881.0229,279474.799,273557.8295,279877.9235
World,Manure Management,Emissions (CO2eq) from CH4 (AR5),kilotonnes,185568.8689,162568.7144,157027.2453,157337.3345,155261.5468,171949.1023,159428.3799,162618.8857,160131.6801,158886.6812,187827.8732,159917.6201,165879.7588,166411.3061,156026.8526,173380.2169,147855.2914,141217.0559,144285.9854,141173.6308,142696.1535
World,Manure Management,Emissions (CO2eq) from N2O (AR5),kilotonnes,115957.2748,114471.1801,114330.4033,113544.493,113255.6384,113477.2661,114420.0408,114372.772,115857.8711,115908.8973,116127.8141,115036.9115,115407.7796,114809.2155,115707.1205,116905.447,118022.5802,119207.6005,119895.5784,117874.0904,119937.5018
World,Manure Management,Emissions (CO2eq) from N2O (AR5),kilotonnes,110922.6089,80270.5311,73812.2595,74227.9684,73241.3294,92936.5862,78232.8869,79776.9483,80210.2571,80405.8775,97037.217,78696.8438,89201.6666,96248.1147,65415.2937,99278.0326,64275.4634,60599.8417,60058.9495,59486.2143,60292.4151
World,Manure Management,Emissions (CO2eq) (AR5),kilotonnes,364796.5198,362530.3122,364922.4683,366195.5676,366865.0385,369102.4002,373104.2057,375248.9421,379336.3478,380292.2411,381090.9304,380476.2173,383526.0539,383063.9645,386957.2984,390636.9814,393821.1356,397088.6234,399370.3774,391431.9199,399815.4254
World,Manure Management,Emissions (CO2eq) (AR5),kilotonnes,296491.4779,242839.2455,230839.5047,231565.3029,228502.8762,264885.6884,237661.2667,242395.8341,240341.9372,239292.5587,284865.0902,238614.4639,255081.4254,262659.4208,221442.1463,272658.2495,212130.7548,201816.8976,204344.935,200659.8451,202988.5686
World,Manure left on Pasture,Direct emissions (N2O),kilotonnes,1815.321,1828.4203,1858.4073,1889.0956,1922.7244,1955.6841,1975.0074,2003.8193,2025.5668,2039.923,2044.7717,2061.619,2091.4179,2111.2112,2128.9475,2156.2239,2188.0097,2216.0234,2244.101,2279.0129,2303.5786
World,Manure left on Pasture,Direct emissions (N2O),kilotonnes,49.9616,41.76,41.14,43.14,46.41,47.33,46.82,48.04,49.14,49.8,53.7039,45.62,52.4403,48.04,49.9669,,1.01,,,,
World,Manure left on Pasture,Indirect emissions (N2O),kilotonnes,481.6979,484.0469,490.6056,498.1953,507.8504,517.3787,521.4984,529.6472,534.4221,537.5012,538.3707,543.5921,551.87,557.9748,562.3694,570.3922,578.9606,586.279,593.6485,604.5327,611.6715
World,Manure left on Pasture,Emissions (N2O),kilotonnes,2297.0188,2312.4672,2349.0129,2387.2909,2430.5748,2473.0627,2496.5059,2533.4666,2559.989,2577.4242,2583.1424,2605.2111,2643.2879,2669.186,2691.3169,2726.616,2766.9703,2802.3024,2837.7495,2883.5456,2915.2501
World,Manure left on Pasture,Emissions (N2O),kilotonnes,49.9616,41.76,41.14,43.14,46.41,47.33,46.82,48.04,49.14,49.8,53.7039,45.62,52.4403,48.04,49.9669,,1.01,,,,
World,Manure left on Pasture,Emissions (CO2eq) from N2O (AR5),kilotonnes,608709.9938,612803.8071,622488.4252,632632.0865,644102.3128,655361.6286,661574.0619,671368.6358,678397.0728,683017.4046,684532.7236,690380.9419,700471.2833,707334.2817,713198.977,722553.2426,733247.1316,742610.1374,752003.6209,764139.5748,772541.2657
World,Manure left on Pasture,Emissions (CO2eq) from N2O (AR5),kilotonnes,13239.824,11066.4,10902.1,11432.1,12298.65,12542.45,12407.3,12730.6,13022.1,13197,14231.5335,12089.3,13896.6795,12730.6,13241.2285,,267.65,,,,
World,Manure left on Pasture,Emissions (CO2eq) (AR5),kilotonnes,608709.9938,612803.8071,622488.4252,632632.0865,644102.3128,655361.6286,661574.0619,671368.6358,678397.0728,683017.4046,684532.7236,690380.9419,700471.2833,707334.2817,713198.977,722553.2426,733247.1316,742610.1374,752003.6209,764139.5748,772541.2657
World,Manure left on Pasture,Emissions (CO2eq) (AR5),kilotonnes,13239.824,11066.4,10902.1,11432.1,12298.65,12542.45,12407.3,12730.6,13022.1,13197,14231.5335,12089.3,13896.6795,12730.6,13241.2285,,267.65,,,,
World,Manure applied to Soils,Direct emissions (N2O),kilotonnes,384.693,383.5352,388.6191,388.3755,390.5769,394.2869,398.681,402.3854,407.7354,410.7805,414.1317,411.968,415.5946,416.6233,419.3087,422.9217,427.6789,433.3566,435.8253,432.6296,437.1889
World,Manure applied to Soils,Direct emissions (N2O),kilotonnes,164.8862,164.61,163.5153,163.0649,159.2425,159.723,160.3834,161.4172,159.8412,158.5999,157.2871,158.2657,159.4834,161.782,163.0454,163.4518,168.2626,168.9577,169.6324,167.1144,168.3943
World,Manure applied to Soils,Indirect emissions (N2O),kilotonnes,163.4945,163.0025,165.1631,165.0596,165.9952,167.5719,169.4394,171.0138,173.2876,174.5817,176.006,175.0864,176.6277,177.0649,178.2062,179.7417,181.7635,184.1766,185.2257,183.8676,185.8053
World,Manure applied to Soils,Emissions (N2O),kilotonnes,548.1875,546.5377,553.7822,553.4351,556.5722,561.8589,568.1204,573.3991,581.023,585.3622,590.1377,587.0544,592.2223,593.6883,597.5148,602.6634,609.4424,617.5332,621.051,616.4972,622.9942
World,Manure applied to Soils,Emissions (N2O),kilotonnes,164.8862,164.61,163.5153,163.0649,159.2425,159.723,160.3834,161.4172,159.8412,158.5999,157.2871,158.2657,159.4834,161.782,163.0454,163.4518,168.2626,168.9577,169.6324,167.1144,168.3943
World,Manure applied to Soils,Emissions (CO2eq) from N2O (AR5),kilotonnes,145269.6972,144832.4907,146752.2927,146660.2985,147491.6205,148892.6022,150551.9069,151950.772,153971.0982,155120.9815,156386.4825,155569.4259,156938.9217,157327.3908,158341.435,159705.798,161502.2305,163646.2999,164578.5103,163371.7681,165093.4749
World,Manure applied to Soils,Emissions (CO2eq) from N2O (AR5),kilotonnes,43694.8427,43621.6402,43331.5646,43212.1865,42199.269,42326.6049,42501.6028,42775.5466,42357.9186,42028.9662,41681.07,41940.4036,42263.1117,42872.2379,43207.0215,43314.7219,44589.5988,44773.7907,44952.5754,44285.3175,44624.4822
World,Manure applied to Soils,Emissions (CO2eq) (AR5),kilotonnes,145269.6972,144832.4907,146752.2927,146660.2985,147491.6205,148892.6022,150551.9069,151950.772,153971.0982,155120.9815,156386.4825,155569.4259,156938.9217,157327.3908,158341.435,159705.798,161502.2305,163646.2999,164578.5103,163371.7681,165093.4749
World,Manure applied to Soils,Emissions (CO2eq) (AR5),kilotonnes,43694.8427,43621.6402,43331.5646,43212.1865,42199.269,42326.6049,42501.6028,42775.5466,42357.9186,42028.9662,41681.07,41940.4036,42263.1117,42872.2379,43207.0215,43314.7219,44589.5988,44773.7907,44952.5754,44285.3175,44624.4822
World,Synthetic Fertilizers,Direct emissions (N2O),kilotonnes,1270.7106,1284.3408,1326.6624,1369.7871,1406.1415,1415.6743,1461.6319,1514.4468,1489.5259,1529.8057,1594.3679,1651.0858,1652.2835,1678.149,1695.6179,1675.2138,1692.0614,1726.6382,1703.5492,1704.3473,1780.2981
World,Synthetic Fertilizers,Direct emissions (N2O),kilotonnes,460.7777,451.8954,459.1781,458.0378,463.1136,453.2382,466.1536,493.1464,478.652,459.8511,473.4397,491.6178,511.9396,507.4907,512.5093,493.55,530.3502,522.4834,527.4567,528.5794,539.0287
World,Synthetic Fertilizers,Indirect emissions (N2O),kilotonnes,412.981,417.4108,431.1653,445.1808,456.996,460.0941,475.0304,492.1952,484.0959,497.1869,518.1696,536.6029,536.9922,545.3984,551.0758,544.4445,549.9199,561.1574,553.6535,553.9129,578.5969
World,Synthetic Fertilizers,Emissions (N2O),kilotonnes,1683.6916,1701.7516,1757.8277,1814.9679,1863.1374,1875.7684,1936.6623,2006.642,1973.6218,2026.9926,2112.5374,2187.6887,2189.2757,2223.5474,2246.6937,2219.6583,2241.9813,2287.7956,2257.2027,2258.2602,2358.895
World,Synthetic Fertilizers,Emissions (N2O),kilotonnes,460.7777,451.8954,459.1781,458.0378,463.1136,453.2382,466.1536,493.1464,478.652,459.8511,473.4397,491.6178,511.9396,507.4907,512.5093,493.55,530.3502,522.4834,527.4567,528.5794,539.0287
World,Synthetic Fertilizers,Emissions (CO2eq) from N2O (AR5),kilotonnes,446178.2768,450964.1792,465824.3449,480966.4908,493731.4172,497078.6213,513215.5082,531760.1401,523009.7893,537153.0281,559822.4154,579737.4978,580158.0594,589240.0724,595373.834,588209.4495,594125.0487,606265.8461,598158.7139,598438.9543,625107.1674
World,Synthetic Fertilizers,Emissions (CO2eq) from N2O (AR5),kilotonnes,122106.0872,119752.2922,121682.208,121380.0161,122725.1045,120108.125,123530.7166,130683.785,126842.7677,121860.5467,125461.5299,130278.7279,135663.9987,134485.0367,135814.9588,130790.7394,140542.7917,138458.0966,139776.0209,140073.5431,142842.6061
World,Synthetic Fertilizers,Emissions (CO2eq) (AR5),kilotonnes,446178.2768,450964.1792,465824.3449,480966.4908,493731.4172,497078.6213,513215.5082,531760.1401,523009.7893,537153.0281,559822.4154,579737.4978,580158.0594,589240.0724,595373.834,588209.4495,594125.0487,606265.8461,598158.7139,598438.9543,625107.1674
World,Synthetic Fertilizers,Emissions (CO2eq) (AR5),kilotonnes,122106.0872,119752.2922,121682.208,121380.0161,122725.1045,120108.125,123530.7166,130683.785,126842.7677,121860.5467,125461.5299,130278.7279,135663.9987,134485.0367,135814.9588,130790.7394,140542.7917,138458.0966,139776.0209,140073.5431,142842.6061
World,Drained organic soils,Emissions (CO2eq) (AR5),kilotonnes,858509.0647,858650.1973,860419.6986,862296.4426,864981.9247,869934.9123,875421.2512,881752.6002,885899.6065,889003.5788,894943.1085,900058.1796,904036.6406,905349.8459,908471.4276,908341.0392,911152.3902,912459.6856,916598.698,919263.0311,922091.3291
World,Drained organic soils,Emissions (CO2eq) (AR5),kilotonnes,323175.4223,326701.8563,327376.2841,327771.3078,330928.6307,336834.0717,342748.6805,348255.1734,353689.4615,359559.3568,368308.3561,378531.5147,391625.7303,402082.7542,384407.5536,416557.0965,423655.8529,423761.0985,425909.8909,438424.2691,40222.6896
World,Drained organic soils (CO2),Emissions (CO2),kilotonnes,768908.8198,769049.6613,770798.1636,772671.3655,775262.2593,780019.1682,785325.306,791453.0466,795494.6812,798500.2719,804115.0341,808903.5849,812658.0319,813921.9605,816956.6981,816829.5005,819589.9041,820828.3467,824539.9899,827035.687,829681.8098
World,Drained organic soils (CO2),Emissions (CO2),kilotonnes,279471.3864,283301.7535,284272.9083,285411.765,288812.7828,295117.9815,301358.0424,307114.0566,312677.6121,318618.4891,327571.0008,337898.4293,351041.1143,361633.2865,343997.878,377984.4519,384988.0843,385242.0433,387427.2125,399998.2435,1828.7265
World,Drained organic soils (CO2),Emissions (CO2eq) (AR5),kilotonnes,768908.8198,769049.6613,770798.1636,772671.3655,775262.2593,780019.1682,785325.306,791453.0466,795494.6812,798500.2719,804115.0341,808903.5849,812658.0319,813921.9605,816956.6981,816829.5005,819589.9041,820828.3467,824539.9899,827035.687,829681.8098
World,Drained organic soils (CO2),Emissions (CO2eq) (AR5),kilotonnes,279471.3864,283301.7535,284272.9083,285411.765,288812.7828,295117.9815,301358.0424,307114.0566,312677.6121,318618.4891,327571.0008,337898.4293,351041.1143,361633.2865,343997.878,377984.4519,384988.0843,385242.0433,387427.2125,399998.2435,1828.7265
World,Drained organic soils (N2O),Emissions (N2O),kilotonnes,338.1141,338.1152,338.1945,338.2078,338.5648,339.3047,339.9847,340.753,341.1507,341.5219,342.7475,343.9796,344.8249,345.0109,345.3386,345.3266,345.5188,345.7786,347.3914,348.0277,348.7152
World,Drained organic soils (N2O),Emissions (N2O),kilotonnes,164.9209,163.774,162.6542,159.8473,158.9277,157.4192,156.1911,155.2495,154.7617,154.4938,153.7259,153.3324,153.1495,152.6395,152.4893,145.5571,145.9161,145.3549,145.2177,145.0039,144.8829
World,Drained organic soils (N2O),Emissions (CO2eq) from N2O (AR5),kilotonnes,89600.2449,89600.536,89621.535,89625.0771,89719.6654,89915.744,90095.9452,90299.5536,90404.9253,90503.3069,90828.0744,91154.5947,91378.6087,91427.8853,91514.7295,91511.5387,91562.4861,91631.339,92058.7081,92227.3441,92409.5193
World,Drained organic soils (N2O),Emissions (CO2eq) from N2O (AR5),kilotonnes,43704.0359,43400.1028,43103.3757,42359.5428,42115.8479,41716.0902,41390.6381,41141.1168,41011.8495,40940.8677,40737.3554,40633.0854,40584.616,40449.4677,40409.6757,38572.6447,38667.7686,38519.0552,38482.6784,38426.0256,38393.9631
World,Drained organic soils (N2O),Emissions (CO2eq) (AR5),kilotonnes,89600.2449,89600.536,89621.535,89625.0771,89719.6654,89915.744,90095.9452,90299.5536,90404.9253,90503.3069,90828.0744,91154.5947,91378.6087,91427.8853,91514.7295,91511.5387,91562.4861,91631.339,92058.7081,92227.3441,92409.5193
World,Drained organic soils (N2O),Emissions (CO2eq) (AR5),kilotonnes,43704.0359,43400.1028,43103.3757,42359.5428,42115.8479,41716.0902,41390.6381,41141.1168,41011.8495,40940.8677,40737.3554,40633.0854,40584.616,40449.4677,40409.6757,38572.6447,38667.7686,38519.0552,38482.6784,38426.0256,38393.9631
World,On-farm energy use,Emissions (CH4),kilotonnes,378.6363,338.1881,308.5052,332.2733,350.4583,371.0211,393.3364,414.3313,404.07,408.9343,402.8446,391.4135,387.5096,431.1816,415.8936,395.5714,389.1356,389.2762,352.5318,342.7848,342.7848
World,On-farm energy use,Emissions (N2O),kilotonnes,128.4252,129.1848,119.4331,121.4747,129.3184,134.8205,134.6677,123.0551,127.8065,121.4606,125.8186,127.9743,125.5253,134.0891,134.5572,121.023,119.0244,120.5106,118.5836,116.9075,116.9075
World,On-farm energy use,Emissions (CO2),kilotonnes,532210.4232,522919.7875,491922.3967,511114.3055,539572.8571,557331.642,564019.0409,536255.3807,541532.7399,521092.0533,528683.3926,531376.968,524010.897,559773.5132,549354.8972,507971.9168,503611.622,509155.8181,497596.7822,492145.224,492145.224
World,On-farm energy use,Emissions (CO2eq) from CH4 (AR5),kilotonnes,10601.8155,9469.2678,8638.1449,9303.6511,9812.8315,10388.5895,11013.4197,11601.2753,11313.9598,11450.1595,11279.65,10959.5791,10850.2686,12073.0847,11645.0204,11076.0005,10895.7957,10899.733,9870.8891,9597.9738,9597.9738
World,On-farm energy use,Emissions (CO2eq) from N2O (AR5),kilotonnes,34032.6866,34233.973,31649.7809,32190.8033,34269.3645,35727.4277,35686.9508,32609.602,33868.7129,32187.0694,33341.9328,33913.1971,33264.1958,35533.6084,35657.6707,32071.1018,31541.4626,31935.3056,31424.6445,30980.5002,30980.5002
World,On-farm energy use,Emissions (CO2eq) (AR5),kilotonnes,576844.9254,566623.0283,532210.3225,552608.7599,583655.0532,603447.6592,610719.4114,580466.2581,586715.4126,564729.2822,573304.9753,576249.7442,568125.3614,607380.2063,596657.5883,551119.019,546048.8803,551990.8566,538892.3157,532723.698,532723.698
World,Forestland,Emissions (CO2),kilotonnes,-3448167.213,-3148174.659,-3148174.659,-3148174.659,-3148174.659,-3148174.659,-3148174.659,-3148174.659,-3148174.659,-3148174.659,-3148174.659,-3966552.558,-3966552.558,-3966552.558,-3966552.558,-3966552.558,-2636985.222,-2636985.222,-2636985.222,-2636985.222,-2636985.222
World,Forestland,Emissions (CO2),kilotonnes,-3477871.334,-3114004.901,-3074408.901,-3080819.578,-2860370.887,-3379503.818,-3183029.338,-3117767.863,-3206885.194,-3284491.567,-3923198.063,-3263964.215,-3788548.274,-3014299.44,-3234734.281,-3701709.027,-3331179.584,-2696392.458,-2702045.726,-2580406.943,-2236880.839
World,Forestland,Emissions (CO2eq) (AR5),kilotonnes,-3448167.213,-3148174.659,-3148174.659,-3148174.659,-3148174.659,-3148174.659,-3148174.659,-3148174.659,-3148174.659,-3148174.659,-3148174.659,-3966552.558,-3966552.558,-3966552.558,-3966552.558,-3966552.558,-2636985.222,-2636985.222,-2636985.222,-2636985.222,-2636985.222
World,Forestland,Emissions (CO2eq) (AR5),kilotonnes,-3477871.334,-3114004.901,-3074408.901,-3080819.578,-2860370.887,-3379503.818,-3183029.338,-3117767.863,-3206885.194,-3284491.567,-3923198.063,-3263964.215,-3788548.274,-3014299.44,-3234734.281,-3701709.027,-3331179.584,-2696392.458,-2702045.726,-2580406.943,-2236880.839
World,Net Forest conversion,Emissions (CO2),kilotonnes,4271167.148,3693381.752,3693381.752,3693381.752,3693381.752,3693381.752,3693381.752,3693381.752,3693381.752,3693381.752,3693381.752,3302172.287,3302172.287,3302172.287,3302172.287,3302172.287,2945052.567,2945052.567,2945052.567,2945052.567,2945052.567
World,Net Forest conversion,Emissions (CO2),kilotonnes,2014979.002,1358826.146,1811316.618,1824375.512,1954837.976,1772827.827,1177748.752,1280037.228,1305603.007,1078993.748,846644.4165,784679.923,825687.6446,1021920.902,815077.4728,1278391.148,649537.9323,604442.6464,719953.0126,576062.2621,148094.3135
World,Net Forest conversion,Emissions (CO2eq) (AR5),kilotonnes,4271167.148,3693381.752,3693381.752,3693381.752,3693381.752,3693381.752,3693381.752,3693381.752,3693381.752,3693381.752,3693381.752,3302172.287,3302172.287,3302172.287,3302172.287,3302172.287,2945052.567,2945052.567,2945052.567,2945052.567,2945052.567
World,Net Forest conversion,Emissions (CO2eq) (AR5),kilotonnes,2014979.002,1358826.146,1811316.618,1824375.512,1954837.976,1772827.827,1177748.752,1280037.228,1305603.007,1078993.748,846644.4165,784679.923,825687.6446,1021920.902,815077.4728,1278391.148,649537.9323,604442.6464,719953.0126,576062.2621,148094.3135
World,Savanna fires,Emissions (CH4),kilotonnes,5760.4401,5865.7314,6284.5459,5123.6699,5679.7712,5246.9974,5394.4353,5762.0546,4956.7044,4523.6967,4911.8486,6544.5613,6374.3502,4321.6089,4672.8837,4696.9036,4251.3296,4975.7278,4488.0629,4127.8987,4060.1239
World,Savanna fires,Emissions (CH4),kilotonnes,427.4339,405.5901,400.7627,418.9948,361.0371,385.3108,430.8841,451.5895,358.3939,360.1003,341.772,348.5792,331.6842,302.7826,322.2429,284.4524,274.0904,288.4144,243.3211,234.3306,225.6657
World,Savanna fires,Emissions (N2O),kilotonnes,525.9532,535.5668,573.8064,467.8133,518.5878,479.0737,492.5354,526.1006,452.5687,413.0332,448.4731,597.5469,582.0059,394.5817,426.6546,428.8477,388.1649,454.3056,409.7797,376.8951,370.707
World,Savanna fires,Emissions (N2O),kilotonnes,13.5025,12.3118,11.8971,12.8594,10.2408,11.2431,13.9155,13.7056,10.5543,11.1572,10.4345,12.6012,11.7662,9.9315,11.0091,9.4319,8.7897,9.6028,8.3403,7.6935,7.737
World,Savanna fires,Emissions (CO2),kilotonnes,5720.2733,3758.2429,2922.0586,6064.4434,3298.068,4418.1424,1930.6216,6311.8124,2294.1019,3934.3844,3405.9304,3527.6211,5224.8262,1922.7828,1375.463,1216.3659,2091.5355,4914.5764,539.1498,865.1123,1212.1767
World,Savanna fires,Emissions (CO2eq) from CH4 (AR5),kilotonnes,161292.3224,164240.4778,175967.2848,143462.758,159033.5938,146915.9274,151044.1898,161337.5279,138787.7236,126663.5089,137531.7607,183247.7158,178481.8054,121005.0497,130840.7446,131513.3008,119037.2301,139320.3773,125665.7624,115581.1628,113683.4695
World,Savanna fires,Emissions (CO2eq) from CH4 (AR5),kilotonnes,11968.1482,11356.5215,11221.3554,11731.8551,10109.0382,10788.7014,12064.7546,12644.507,10035.0304,10082.8086,9569.6157,9760.2185,9287.1581,8477.913,9022.8005,7964.6671,7674.5316,8075.602,6812.9903,6561.2575,6318.6394
World,Savanna fires,Emissions (CO2eq) from N2O (AR5),kilotonnes,139377.6065,141925.1955,152058.6863,123970.5354,137425.7685,126954.5242,130521.8814,139416.6681,119930.6959,109453.793,118845.3802,158349.9283,154231.5601,104564.1463,113063.4695,113644.6458,102863.6934,120390.9782,108591.6099,99877.2005,98237.346
World,Savanna fires,Emissions (CO2eq) from N2O (AR5),kilotonnes,3578.1586,3262.6189,3152.7371,3407.751,2713.8156,2979.4267,3687.6037,3631.9868,2796.8774,2956.6612,2765.1483,3339.31,3118.0413,2631.8466,2917.4216,2499.4584,2329.2802,2544.7359,2210.1871,2038.7708,2050.303
World,Savanna fires,Emissions (CO2eq) (AR5),kilotonnes,300669.9289,306165.6734,328025.9711,267433.2934,296459.3623,273870.4517,281566.0712,300754.196,258718.4195,236117.3019,256377.1409,341597.6441,332713.3655,225569.196,243904.2142,245157.9466,221900.9235,259711.3554,234257.3722,215458.3633,211920.8155
World,Savanna fires,Emissions (CO2eq) (AR5),kilotonnes,21266.58,18377.3833,17296.1512,21204.0496,16120.9217,18186.2705,17682.9798,22588.3062,15126.0097,16973.8542,15740.6944,16627.1496,17630.0256,13032.5424,13315.6851,11680.4914,12095.3473,15534.9143,9562.3273,9465.1405,9581.119
World,Fires in organic soils,Emissions (CH4),kilotonnes,361.8687,369.1042,4951.0527,1576.5984,4908.3103,2312.5683,5876.5076,530.6194,355.4285,4052.0869,405.6899,1998.8712,2077.0222,1842.3226,5063.2644,5358.4473,668.6958,238.9072,2002.7688,4152.4222,430.5861
World,Fires in organic soils,Emissions (CO2),kilotonnes,29628.0003,29906.8838,401414.9503,127790.6861,397875.8129,187593.255,476215.192,42996.7074,28800.5033,328356.4675,32899.0119,161967.1854,168295.5697,149304.3039,410655.3915,434460.0628,54230.1522,19373.925,162321.3715,336624.8133,34939.3596
World,Fires in organic soils,Emissions (CO2eq) from CH4 (AR5),kilotonnes,10132.3237,10334.9163,138629.4752,44144.7565,137432.6896,64751.9133,164542.2118,14857.3436,9951.9971,113458.4339,11359.3182,55968.3923,58156.6217,51585.0326,141771.4046,150036.5239,18723.4814,6689.4005,56077.5265,116267.8222,12056.4104
World,Fires in organic soils,Emissions (CO2eq) (AR5),kilotonnes,39760.3241,40241.8001,540044.4255,171935.4426,535308.5025,252345.1683,640757.4037,57854.0509,38752.5004,441814.9014,44258.3301,217935.5777,226452.1914,200889.3365,552426.796,584496.5866,72953.6336,26063.3256,218398.8981,452892.6356,46995.7699
World,Forest fires,Emissions (CH4),kilotonnes,4480.0269,2298.0275,2926.021,3995.5478,4190.1659,4024.2547,3746.563,4336.8663,3705.4136,3615.1869,4699.7305,3545.5925,3855.0713,3380.5439,3460.9635,3893.9909,3929.3523,3858.8598,3277.1526,4126.6462,3998.8308
World,Forest fires,Emissions (CH4),kilotonnes,426.4689,297.2418,518.2679,436.4535,603.8733,493.5959,423.9078,564.9061,476.9668,514.2451,367.6118,469.2613,494.3719,498.8985,409.982,785.7786,449.6281,671.2076,491.2915,286.898,759.4412
World,Forest fires,Emissions (N2O),kilotonnes,147.6796,209.8199,267.1584,364.8109,382.5804,367.432,342.0775,395.9747,338.3204,330.0823,429.1058,323.728,351.9848,308.6584,316.001,355.5383,358.7669,352.3307,299.2183,376.7807,365.1106
World,Forest fires,Emissions (N2O),kilotonnes,18.3874,9.8954,24.9211,18.4247,34.8968,25.0404,17.861,25.6164,18.0346,21.1098,11.4728,18.1039,22.0278,20.3854,14.4387,37.4949,17.5196,31.7468,22.9201,8.2901,42.7979
World,Forest fires,Emissions (CO2),kilotonnes,42.3201,126.1179,29.4082,34.0669,33.3752,75.5013,-2.3366,75.1952,73.4549,65.018,50.6607,89.3282,83.4748,181.8548,271.5682,297.3307,210.281,81.6538,757.3047,510.1461,585.4087
World,Forest fires,Emissions (CO2eq) from CH4 (AR5),kilotonnes,125440.7528,64344.7699,81928.5886,111875.3394,117324.6444,112679.1324,104903.7651,121432.2551,103751.5814,101225.2329,131592.4533,99276.5906,107941.9977,94655.229,96906.9784,109031.7439,110021.8637,108048.0751,91760.2724,115546.0943,111967.2633
World,Forest fires,Emissions (CO2eq) from CH4 (AR5),kilotonnes,11941.1304,8322.7708,14511.5018,12220.699,16908.4535,13820.684,11869.4181,15817.3709,13355.0702,14398.863,10293.1307,13139.3156,13842.4134,13969.1584,11479.4968,22001.8,12589.5878,18793.814,13756.1626,8033.1452,21264.3533
World,Forest fires,Emissions (CO2eq) from N2O (AR5),kilotonnes,39135.0853,55602.274,70796.9869,96674.8857,101383.796,97369.4677,90650.5361,104933.3074,89654.8992,87471.8045,113713.0439,85787.9234,93275.9654,81794.4642,83740.2694,94217.6483,95073.2409,93367.6301,79292.8441,99846.8967,96754.3199
World,Forest fires,Emissions (CO2eq) from N2O (AR5),kilotonnes,4872.6516,2622.2924,6604.0802,4882.5359,9247.6626,6635.7025,4733.1581,6788.3591,4779.1606,5594.0998,3040.2922,4797.5324,5837.3558,5402.1362,3826.2632,9936.1591,4642.6912,8412.9045,6073.8138,2196.8723,11341.4489
World,Forest fires,Emissions (CO2eq) (AR5),kilotonnes,164575.8381,119947.0439,152725.5754,208550.2252,218708.4404,210048.6,195554.3012,226365.5624,193406.4806,188697.0373,245305.4972,185064.514,201217.963,176449.6932,180647.2478,203249.3922,205095.1046,201415.7051,171053.1166,215392.9911,208721.5832
World,Forest fires,Emissions (CO2eq) (AR5),kilotonnes,16856.1022,11071.1811,21144.9902,17137.3018,26189.4913,20531.8878,16600.2396,22680.9252,18207.6857,20057.9808,13384.0836,18026.1762,19763.244,19553.1494,15577.3282,32235.2898,17442.56,27288.3724,20587.2812,10740.1636,33191.211
World,Fires in humid tropical forests,Emissions (CH4),kilotonnes,2671.2152,1691.9678,2240.4903,2946.3572,3199.0551,3170.4147,2843.7255,3315.4977,2692.9334,2576.0198,3581.6547,2706.8685,2784.1648,2478.0393,2545.5615,3004.1122,2950.4201,2931.8757,2301.0602,2899.8044,2992.2191
World,Fires in humid tropical forests,Emissions (N2O),kilotonnes,78.5652,154.484,204.5665,269.0152,292.0876,289.4727,259.6445,302.7194,245.8765,235.2018,327.0207,247.1489,254.2064,226.2558,232.4208,274.2885,269.3862,267.693,210.0968,264.7647,273.2026
World,Fires in humid tropical forests,Emissions (CO2eq) from CH4 (AR5),kilotonnes,74794.0248,47375.0989,62733.7287,82498.0002,89573.5414,88771.6127,79624.314,92833.9358,75402.1352,72128.5546,100286.3327,75792.3181,77956.615,69385.0995,71275.7226,84115.142,82611.7633,82092.5208,64429.687,81194.5219,83782.1358
World,Fires in humid tropical forests,Emissions (CO2eq) from N2O (AR5),kilotonnes,20819.7658,40938.2648,54210.1242,71289.0328,77403.2233,76710.2523,68805.7931,80220.6293,65157.2799,62328.4792,86660.4723,65494.4488,67364.6836,59957.7762,61591.5212,72686.4542,71387.3389,70938.6457,55675.6534,70162.6575,72398.6935
World,Fires in humid tropical forests,Emissions (CO2eq) (AR5),kilotonnes,95613.7906,88313.3637,116943.8529,153787.0331,166976.7647,165481.8651,148430.1071,173054.5652,140559.4151,134457.0338,186946.805,141286.7669,145321.2986,129342.8758,132867.2439,156801.5963,153999.1022,153031.1664,120105.3404,151357.1794,156180.8293
World,Waste - agri-food systems,Emissions (CH4),kilotonnes,37963.8345,38364.8163,37891.8456,38481.1386,38599.4814,38899.7608,39302.7843,39767.9406,40159.5441,40375.0494,40609.6359,41131.274,41321.4651,41548.1855,41320.4935,41302.9833,41478.264,41551.6817,41626.9153,41624.9961,41599.3334
World,Waste - agri-food systems,Emissions (N2O),kilotonnes,180.7968,182.669,185.1522,188.3215,191.2093,194.4239,198.3182,203.9394,208.8583,211.4015,216.6793,221.7085,225.3561,228.7925,228.3142,232.0578,236.1963,242.2959,246.4581,249.9243,253.3768
World,Waste - agri-food systems,Emissions (CO2),kilotonnes,31234.2517,31255.7988,31394.8894,31528.8661,31679.0717,31802.4493,31936.5623,32123.8448,32291.6261,32303.5987,32451.3878,32608.0536,32655.1154,32695.4305,32739.477,32709.2907,32747.2159,32819.6557,32907.0813,32906.5881,32887.1479
World,Waste - agri-food systems,Emissions (CO2eq) from CH4 (AR5),kilotonnes,1062987.367,1074214.856,1060971.677,1077471.88,1080785.479,1089193.303,1100477.961,1113502.336,1124467.234,1130501.382,1137069.805,1151675.671,1157001.023,1163349.194,1156973.817,1156483.533,1161391.392,1163447.087,1165553.63,1165499.892,1164781.335
World,Waste - agri-food systems,Emissions (CO2eq) from N2O (AR5),kilotonnes,47911.1448,48407.2758,49065.34,49905.2004,50670.4693,51522.3229,52554.3266,54043.9318,55347.4432,56021.3882,57420.019,58752.7531,59719.3649,60630.0213,60503.251,61495.3115,62592.0312,64208.4218,65311.4081,66229.9345,67144.8466
World,Waste - agri-food systems,Emissions (CO2eq) (AR5),kilotonnes,1142132.763,1153877.93,1141431.906,1158905.947,1163135.02,1172518.075,1184968.85,1199670.113,1212106.304,1218826.369,1226941.212,1243036.477,1249375.504,1256674.646,1250216.545,1250688.135,1256730.639,1260475.165,1263772.119,1264636.415,1264813.329
World,Fertilizers Manufacturing,Emissions (N2O),kilotonnes,177.2414,181.1764,188.0233,199.8221,199.6551,199.6607,212.0543,216.366,218.0173,218.2231,230.0631,242.3899,241.2306,238.2592,249.9068,235.9206,240.2378,233.5014,225.3769,224.5609,220.1824
World,Fertilizers Manufacturing,Emissions (CO2),kilotonnes,178738.6667,187519.5009,208223.0348,227066.3065,233599.6594,240413.0784,261639.0793,267567.1729,266407.769,282622.767,300742.3642,313130.0441,312968.6183,361121.8795,381243.1394,373119.5503,376236.4838,362011.7185,343655.8326,349106.0017,330793.9827
World,Fertilizers Manufacturing,Emissions (CO2eq) from N2O (AR5),kilotonnes,46968.9821,48011.737,49826.1815,52952.8599,52908.5924,52910.0874,56194.3952,57336.9929,57774.5868,57829.1215,60966.7091,64233.3323,63926.109,63138.6986,66225.3091,62518.9498,63663.0291,61877.8617,59724.8768,59508.6283,58348.3408
World,Fertilizers Manufacturing,Emissions (CO2eq) (AR5),kilotonnes,225707.6487,235531.2379,258049.2163,280019.1664,286508.2518,293323.1659,317833.4745,324904.1658,324182.3558,340451.8885,361709.0733,377363.3764,376894.7273,424260.5781,447468.4485,435638.5001,439899.513,423889.5802,403380.7094,408614.63,389142.3235
World,On-farm electricity use,Emissions (CH4),kilotonnes,479.3472,484.5385,472.4953,484.4151,501.3326,515.3328,541.1022,548.2418,566.8855,587.089,606.4669,626.2818,641.6977,663.7439,680.3974,711.8116,760.6153,797.2281,827.064,856.3973,856.3973
World,On-farm electricity use,Emissions (N2O),kilotonnes,2.5592,2.5872,2.523,2.5863,2.6763,2.7516,2.8893,2.9273,3.0273,3.135,3.2378,3.344,3.4266,3.5446,3.6337,3.8012,4.0618,4.2575,4.4168,4.5735,4.5735
World,On-farm electricity use,Emissions (CO2),kilotonnes,255248.5116,257390.764,247566.8742,254558.0173,264457.7295,269648.6581,283727.5507,290839.2768,300805.9591,311617.3806,319666.1298,323050.1021,333230.3658,359930.5119,369497.5814,385043.5801,417148.3537,438375.8963,453488.7286,470286.9575,470286.9575
World,On-farm electricity use,Emissions (CO2eq) from CH4 (AR5),kilotonnes,13421.7216,13567.078,13229.8684,13563.6228,14037.3128,14429.3184,15150.8616,15350.7704,15872.794,16438.492,16981.0732,17535.8904,17967.5356,18584.8292,19051.1272,19930.7248,21297.2284,22322.3868,23157.792,23979.1244,23979.1244
World,On-farm electricity use,Emissions (CO2eq) from N2O (AR5),kilotonnes,678.188,685.608,668.595,685.3695,709.2195,729.174,765.6645,775.7345,802.2345,830.775,858.017,886.16,908.049,939.319,962.9305,1007.318,1076.377,1128.2375,1170.452,1211.9775,1211.9775
World,On-farm electricity use,Emissions (CO2eq) (AR5),kilotonnes,269348.4212,271643.45,261465.3376,268807.0096,279204.2618,284807.1505,299644.0768,306965.7817,317480.9876,328886.6476,337505.22,341472.1525,352105.9504,379454.6601,389511.6391,405981.6229,439521.9591,461826.5206,477816.9726,495478.0594,495478.0594
World,Food Processing,Emissions (CH4),kilotonnes,1788.6782,2188.6539,2042.803,1864.7083,1735.1362,1929.6238,2075.0249,1467.7274,1587.1119,1799.8957,1967.6286,2029.0903,2092.4858,1861.6074,1838.6968,1803.9974,1860.4018,1643.9937,1684.8843,1834.6531,1848.6968
World,Food Processing,Emissions (N2O),kilotonnes,3.6581,4.2785,4.2168,3.6668,3.4924,3.6349,3.7466,3.8666,4.0561,3.9794,4.0103,4.1012,4.0847,4.1612,4.2128,4.1608,4.4902,4.4749,4.4835,4.4908,4.3196
World,Food Processing,Emissions (CO2),kilotonnes,353912.0304,383487.0742,381180.3195,366230.0724,361376.3452,369519.3387,373726.3346,395277.2522,403674.0991,388130.3108,387167.3741,399811.8173,408292.8604,443424.5434,449314.6031,443648.0611,461745.9813,455245.8799,455702.4513,456926.2124,414589.4229
World,Food Processing,Emissions (CO2eq) from CH4 (AR5),kilotonnes,50082.9896,61282.3092,57198.484,52211.8324,48583.8136,54029.4664,58100.6972,41096.3672,44439.1332,50397.0796,55093.6008,56814.5284,58589.6024,52125.0072,51483.5104,50511.9272,52091.2504,46031.8236,47176.7604,51370.2868,51763.5097
World,Food Processing,Emissions (CO2eq) from N2O (AR5),kilotonnes,969.3965,1133.8025,1117.452,971.702,925.486,963.2485,992.849,1024.649,1074.8665,1054.541,1062.7295,1086.818,1082.4455,1102.718,1116.392,1102.612,1189.903,1185.8485,1188.1275,1190.062,1144.7046
World,Food Processing,Emissions (CO2eq) (AR5),kilotonnes,404964.4165,445903.1859,439496.2555,419413.6068,410885.6448,424512.0536,432819.8808,437398.2684,449188.0988,439581.9314,443323.7044,457713.1637,467964.9083,496652.2686,501914.5055,495262.6003,515027.1347,502463.552,504067.3392,509486.5612,467497.6371
World,Food Packaging,Emissions (CH4),kilotonnes,475.5348,502.9957,522.9833,566.242,561.445,563.8593,608.5896,805.8457,1135.874,1266.7936,1083.8721,1054.758,1106.2279,1022.678,1053.3648,1170.3092,1203.9083,1252.6342,1286.9969,1337.0578,1343.0162
World,Food Packaging,Emissions (N2O),kilotonnes,2.1687,2.1842,2.1158,2.151,2.3296,2.4288,2.4838,2.7044,2.7628,2.7938,2.9318,2.8853,2.8023,2.7929,2.8347,2.9216,2.8542,2.7899,2.7367,3.0015,2.9511
World,Food Packaging,Emissions (CO2),kilotonnes,206161.2958,205548.5238,197239.3533,201177.5456,211622.8866,219985.4058,223469.3417,238247.4984,239341.6272,237470.2165,251594.7787,247855.5341,241548.8565,251442.0907,262227.728,266954.2375,264038.6071,262768.086,263597.9445,272134.9652,257634.6211
World,Food Packaging,Emissions (CO2eq) from CH4 (AR5),kilotonnes,13314.9744,14083.8796,14643.5324,15854.776,15720.46,15788.0604,17040.5088,22563.6796,31804.472,35470.2208,30348.4188,29533.224,30974.3812,28634.984,29494.2144,32768.6576,33709.4324,35073.7576,36035.9132,37437.6181,37604.454
World,Food Packaging,Emissions (CO2eq) from N2O (AR5),kilotonnes,574.7055,578.813,560.687,570.015,617.344,643.632,658.207,716.666,732.142,740.357,776.927,764.6045,742.6095,740.1185,751.1955,774.224,756.363,739.3235,725.2255,795.3947,782.0408
World,Food Packaging,Emissions (CO2eq) (AR5),kilotonnes,220050.9757,220211.2164,212443.5727,217602.3366,227960.6906,236417.0982,241168.0575,261527.844,271878.2412,273680.7943,282720.1245,278153.3626,273265.8472,280817.1932,292473.1379,300497.1191,298504.4025,298581.1671,300359.0832,310367.978,296021.1158
World,Food Retail,Emissions (CH4),kilotonnes,641.9759,576.254,585.0334,601.7905,618.4337,797.2062,810.8413,860.914,890.4168,881.6983,834.661,823.6675,834.9635,884.8582,918.1806,909.5683,937.0203,980.633,966.5303,984.0613,940.3837
World,Food Retail,Emissions (N2O),kilotonnes,3.8134,3.485,3.5636,3.6776,3.7844,4.7429,4.8014,5.083,5.3239,5.2862,5.0385,4.9769,5.0485,5.3596,5.4975,5.4718,5.629,5.8331,5.6956,5.8657,5.6472
World,Food Retail,Emissions (CO2),kilotonnes,302951.1041,280980.2748,285722.1723,296953.9125,304556.556,369655.5693,373449.9398,397186.5135,412565.1707,405936.1305,391507.9054,387230.6355,392558.4577,421393.8521,427930.9021,429484.3712,443895.4184,457375.2198,450880.782,457079.0941,421106.5764
World,Food Retail,Emissions (CO2eq) from F-gases (AR5),kilotonnes,185073.4335,219871.6215,253123.7775,287857.028,322222.4725,359889.859,391852.0965,423270.937,428041.5055,429758.9725,430031.71,429366.75,428134.496,426915.749,426915.749,426916.788,424729.1735,431242.145,437754.597,444262.893,441881.1923
World,Food Retail,Emissions (CO2eq) from CH4 (AR5),kilotonnes,17975.3259,16135.1114,16380.9363,16850.1349,17316.1426,22321.7737,22703.5566,24105.5914,24931.671,24687.551,23370.507,23062.6893,23378.9779,24776.0307,25709.0574,25467.9114,26236.5684,27457.7238,27062.8484,27553.7164,26330.7443
World,Food Retail,Emissions (CO2eq) from N2O (AR5),kilotonnes,1010.545,923.5268,944.3579,974.5517,1002.8647,1256.8636,1272.3736,1346.9892,1410.8228,1400.8349,1335.2118,1318.8843,1337.8592,1420.2991,1456.842,1450.0311,1491.6884,1545.779,1509.334,1554.4105,1496.519
World,Food Retail,Emissions (CO2eq) (AR5),kilotonnes,507010.4084,517910.5345,556171.244,602635.6271,645098.0359,753124.0656,789277.9664,845910.0312,866949.1701,861783.4889,846245.3342,840978.9592,845409.7908,874505.9309,882012.5505,883319.1017,896352.8488,917620.8676,917207.5614,930450.114,890815.032
World,Food Household Consumption,Emissions (CH4),kilotonnes,995.0156,1020.9929,1045.2392,1097.1758,1158.2336,1206.7876,1258.0086,1312.4388,1344.236,1371.3408,1448.742,1487.9885,1550.065,1639.1075,1680.1346,1725.2209,1782.4788,1827.4001,1900.3577,1903.1329,1902.1123
World,Food Household Consumption,Emissions (N2O),kilotonnes,6.0627,6.2019,6.3428,6.5991,6.9287,7.2082,7.4397,7.725,7.8959,8.0286,8.4174,8.6064,8.9127,9.3812,9.5739,9.8167,10.1073,10.3446,10.7333,10.7472,10.7588
World,Food Household Consumption,Emissions (CO2),kilotonnes,661869.5494,678022.2259,689451.2913,722725.4124,756512.5074,787931.8327,814173.3741,851869.8119,867586.599,875479.534,918372.8262,941466.3339,966678.0853,1045136.423,1065983.427,1097854.491,1150140.633,1194104.77,1250324.099,1250241.784,1195878.539
World,Food Household Consumption,Emissions (CO2eq) from CH4 (AR5),kilotonnes,27860.4368,28587.8012,29266.6976,30720.9224,32430.5408,33790.0528,35224.2408,36748.2864,37638.608,38397.5424,40564.776,41663.678,43401.82,45895.01,47043.7688,48306.1852,49909.4064,51167.2028,53210.0156,53287.7212,53259.1435
World,Food Household Consumption,Emissions (CO2eq) from N2O (AR5),kilotonnes,1606.6155,1643.5035,1680.842,1748.7615,1836.1055,1910.173,1971.5205,2047.125,2092.4135,2127.579,2230.611,2280.696,2361.8655,2486.018,2537.0835,2601.4255,2678.4345,2741.319,2844.3245,2848.008,2851.0802
World,Food Household Consumption,Emissions (CO2eq) (AR5),kilotonnes,691336.6017,708253.5306,720398.8309,755195.0963,790779.1537,823632.0585,851369.1354,890665.2233,907317.6205,916004.6554,961168.2132,985410.7079,1012441.771,1093517.451,1115564.28,1148762.102,1202728.474,1248013.292,1306378.439,1306377.514,1251988.763
World,Food Transport,Emissions (CH4),kilotonnes,93.2326,91.7746,90.7491,92.1527,94.2153,94.1501,94.6892,95.132,96.7132,96.1241,98.4472,101.5535,104.2807,107.0243,108.8209,112.8124,116.8551,119.5397,121.8258,111.0335,111.4861
World,Food Transport,Emissions (N2O),kilotonnes,25.7272,25.2011,25.4755,25.591,26.4779,26.7181,27.3986,27.8558,27.1363,25.8669,26.7172,27.3322,26.912,27.2492,27.6489,28.32,28.7723,29.1608,29.3999,29.448,28.7556
World,Food Transport,Emissions (CO2),kilotonnes,392904.4869,396642.9784,405929.0697,415305.9411,433573.3979,441551.2068,452799.8215,469013.6261,472968.3103,470871.1541,488697.4338,499982.1455,509244.2632,520946.8713,530415.3982,540217.9602,551530.6846,561935.5739,563402.8321,572339.377,528874.4143
World,Food Transport,Emissions (CO2eq) from CH4 (AR5),kilotonnes,2610.5119,2569.6875,2540.9757,2580.2748,2638.0282,2636.202,2651.2962,2663.6952,2707.9699,2691.4751,2756.5216,2843.4977,2919.8596,2996.68,3046.9855,3158.7472,3271.943,3347.1129,3411.1225,3108.9387,3121.6105
World,Food Transport,Emissions (CO2eq) from N2O (AR5),kilotonnes,6817.7189,6678.2904,6750.9966,6781.6191,7016.6356,7080.3063,7260.6172,7381.7917,7191.1276,6854.7347,7080.0614,7243.0305,7131.6722,7221.0431,7326.9509,7504.7948,7624.6613,7727.614,7790.9822,7803.7121,7620.2209
World,Food Transport,Emissions (CO2eq) (AR5),kilotonnes,402332.7177,405890.9563,415221.0421,424667.835,443228.0617,451267.7151,462711.7349,479059.1131,482867.4077,480417.3639,498534.0168,510068.6737,519295.795,531164.5945,540789.3346,550881.5022,562427.2888,573010.3007,574604.9368,583252.0278,539616.2457
World,Energy,Emissions (CH4),kilotonnes,102741.6712,103342.7447,101889.7476,108508.2393,111850.8413,115311.1447,117963.4245,118310.7731,120695.3394,119178.2303,123389.5838,127953.0102,130548.1524,130166.0737,131087.244,130740.0576,129706.16,132088.7537,133414.0381,136197.8224,135983.3416
World,Energy,Emissions (N2O),kilotonnes,793.3222,793.3673,796.529,811.682,840.5148,851.6384,868.9739,889.3683,887.8449,871.2407,904.6083,921.774,928.1571,943.0335,948.6238,947.5217,947.1852,958.4324,969.6442,978.1281,965.2214
World,Energy,Emissions (CO2),kilotonnes,23424334.21,23512793.09,23987483.05,25222996.95,26369950.87,27193383.96,28069688.39,28799530.69,29606156.16,29192133.23,30587887.21,31557127.62,32090033.73,32156466.48,32449355.86,32490001.51,32393671.9,32763273.07,33501528.76,33456374.38,31535618.6
World,Energy,Emissions (CO2eq) from CH4 (AR5),kilotonnes,2876766.793,2893596.852,2852912.932,3038230.7,3131823.557,3228712.053,3302975.885,3312701.646,3379469.504,3336990.45,3454908.348,3582684.286,3655348.268,3644650.064,3670442.833,3660721.613,3631772.479,3698485.102,3735593.066,3813539.028,3807533.565
World,Energy,Emissions (CO2eq) from N2O (AR5),kilotonnes,210230.378,210242.3242,211080.1879,215095.7356,222736.4273,225684.171,230278.0705,235682.5916,235278.9089,230878.7906,239721.2048,244270.1151,245961.6281,249903.873,251385.3155,251093.241,251004.0693,253984.5866,256955.7191,259203.9441,255783.6745
World,Energy,Emissions (CO2eq) (AR5),kilotonnes,26511331.38,26616632.27,27051476.17,28476323.39,29724510.85,30647780.18,31602942.35,32347914.93,33220904.57,32760002.47,34282516.76,35384082.02,35991343.63,36051020.42,36371184.01,36401816.36,36276448.45,36715742.76,37494077.54,37529117.35,35598935.84
World,IPPU,Emissions (CH4),kilotonnes,187.8306,190.6892,201.5751,214.7766,231.2922,241.1544,266.3655,285.4647,286.9583,284.9341,326.2944,354.7296,372.0638,390.8262,430.6691,439.9163,454.7361,472.5118,491.3674,523.258,540.0154
World,IPPU,Emissions (N2O),kilotonnes,764.4458,745.8782,726.5014,740.2679,787.6823,826.568,815.3759,872.9146,777.9892,690.0563,684.8926,744.2345,798.4483,803.1163,806.7974,807.1192,814.9117,820.204,826.3601,833.3396,850.5738
World,IPPU,Emissions (CO2),kilotonnes,1531354.561,1562110.107,1619352.808,1712474.472,1821386.598,1910737.241,2044926.584,2168649.517,2168956.293,2177535.747,2338577.181,2484176.073,2541672.727,2641922.678,2736058.959,2700970.225,2743966.074,2801569.964,2884886.252,2987724.248,3043692.789
World,IPPU,Emissions (CO2eq) from F-gases (AR5),kilotonnes,586499.9347,588957.7982,640618.4642,692888.1103,789418.2964,872307.8295,951430.3119,986191.9885,1037496.381,1080031.052,1183024.347,1219360.366,1322100.781,1414800.322,1470912.858,1470848.731,1518876.677,1591049.296,1654279.007,1665392.311,1698946.964
World,IPPU,Emissions (CO2eq) from CH4 (AR5),kilotonnes,5259.2559,5339.2965,5644.1036,6013.7453,6476.181,6752.322,7458.2337,7993.0111,8034.8322,7978.1555,9136.243,9932.4283,10417.7855,10943.1341,12058.7347,12317.6563,12732.6103,13230.3293,13758.2869,14651.2247,15120.4312
World,IPPU,Emissions (CO2eq) from N2O (AR5),kilotonnes,202578.1333,197657.7228,192522.8796,196170.9863,208735.8116,219040.5087,216074.6058,231322.3766,206167.1272,182864.9105,181496.5421,197222.1333,211588.7944,212825.8222,213801.3156,213886.5803,215951.6048,217354.0476,218985.4276,220834.9972,225402.0557
World,IPPU,Emissions (CO2eq) (AR5),kilotonnes,2325691.885,2354064.925,2458138.255,2607547.313,2826016.887,3008837.901,3219889.736,3394156.893,3420654.633,3448409.865,3712234.312,3910691,4085780.088,4280491.956,4432831.867,4398023.192,4491526.966,4623203.637,4771908.973,4888602.781,4983162.24
World,Waste,Emissions (CH4),kilotonnes,62714.5642,62671.9867,63229.5575,64298.3959,65374.2437,66059.4758,67827.3045,68936.61,69616.8961,69948.1926,70595.441,71854.3595,72860.8176,74143.8252,75481.0795,76826.363,77969.3533,79443.056,80894.089,81770.3981,82828.7769
World,Waste,Emissions (N2O),kilotonnes,307.5658,311.0611,314.6257,320.495,325.0687,330.0514,336.4758,344.4417,352.1888,359.1349,366.1963,373.6491,380.6265,389.9659,394.6815,401.5884,407.6251,414.5807,419.1474,429.1817,435.5526
World,Waste,Emissions (CO2),kilotonnes,14542.1232,14949.8506,14179.6934,15528.087,14621.7896,13998.1934,14786.5027,15083.5871,15650.8401,15103.7388,15870.2552,16147.9094,15690.3452,17647.7041,16070.1923,16939.5377,17019.4777,16869.2326,16916.9544,17857.5198,18170.551
World,Waste,Emissions (CO2eq) from CH4 (AR5),kilotonnes,1756007.797,1754815.628,1770427.609,1800355.087,1830478.823,1849665.324,1899164.527,1930225.081,1949273.092,1958549.393,1976672.348,2011922.065,2040102.893,2076027.106,2113470.226,2151138.163,2183141.891,2224405.567,2265034.492,2289571.147,2319205.752
World,Waste,Emissions (CO2eq) from N2O (AR5),kilotonnes,81504.9491,82431.1897,83375.8216,84931.1821,86143.2153,87463.6086,89166.0792,91277.0474,93330.025,95170.7374,97042.0149,99017.0146,100866.0237,103340.9621,104590.596,106420.9244,108020.658,109863.8962,111074.0578,113733.1586,115421.436
World,Waste,Emissions (CO2eq) (AR5),kilotonnes,1852054.869,1852196.668,1867983.124,1900814.356,1931243.827,1951127.126,2003117.109,2036585.715,2058253.957,2068823.87,2089584.618,2127086.989,2156659.262,2197015.772,2234131.015,2274498.625,2308182.027,2351138.696,2393025.504,2421161.825,2452797.739
World,International bunkers,Emissions (CH4),kilotonnes,450.7075,444.3425,435.7167,463.1192,496.6233,506.0329,509.4153,509.5781,505.7308,480.4746,489.0363,494.3979,493.3752,487.7779,480.2952,502.1212,526.8941,532.6214,537.644,535.1327,535.1327
World,International bunkers,Emissions (N2O),kilotonnes,86.8364,83.0902,86.5354,87.8652,96.1004,100.1368,106.0436,111.6172,112.2537,106.9385,114.6268,115.5258,109.1761,109.3128,113.2808,118.1744,121.8238,125.93,128.0331,126.9815,126.9815
World,International bunkers,Emissions (CO2),kilotonnes,852948.6883,821238.405,859084.2503,867869.191,945836.2598,991761.2729,1044290.029,1092505.738,1102315.074,1049563.639,1120361.285,1137956.41,1095124.225,1101235.685,1138739.167,1190491.716,1232463.367,1281998.351,1312971.017,1297484.684,1297484.684
World,International bunkers,Emissions (CO2eq) from CH4 (AR5),kilotonnes,12619.8096,12441.5902,12200.0662,12967.3387,13905.4529,14168.9207,14263.6273,14268.1871,14160.4637,13453.2885,13693.0172,13843.1399,13814.5042,13657.7801,13448.2655,14059.3944,14753.036,14913.3993,15054.032,14983.7156,14983.7156
World,International bunkers,Emissions (CO2eq) from N2O (AR5),kilotonnes,23011.6403,22018.9037,22931.8736,23284.2748,25466.6105,26536.2405,28101.5617,29578.562,29747.2407,28338.7123,30376.1149,30614.326,28931.6625,28967.9042,30019.3992,31316.2055,32283.3171,33371.4487,33928.76,33650.1043,33650.1043
World,International bunkers,Emissions (CO2eq) (AR5),kilotonnes,888580.1382,855698.8989,894216.1902,904120.8045,985208.3233,1032466.434,1086655.218,1136352.487,1146222.778,1091355.64,1164430.417,1182413.876,1137870.392,1143861.369,1182206.832,1235867.316,1279499.72,1330283.199,1361953.809,1346118.504,1346118.504
World,Other,Emissions (CH4),kilotonnes,157.9246,162.005,162.8083,163.7043,164.6031,165.5024,166.4029,167.2039,168.1037,169.0012,169.9023,170.8013,171.6006,172.5003,173.4004,174.3003,175.2,176.1,176.9,177.8,178.7
World,Other,Emissions (N2O),kilotonnes,469.7672,469.4536,470.1594,481.4404,498.6833,490.0926,498.0231,510.6421,508.9134,500.0982,516.7007,529.6363,539.3879,547.0403,551.3692,550.6348,548.5801,551.4582,558.7453,568.8682,574.383
World,Other,Emissions (CO2),kilotonnes,48187.4,48149.4,48093.5,48023.4,47959.6,47892.9,47841,47783.5,47728.7,47641.3,47613.2,47570.3,47535.32,47522.9,47522.29,47521.88,47522.57,47519.845,47519,47519,47519
World,Other,Emissions (CO2eq) from CH4 (AR5),kilotonnes,4421.8888,4536.14,4558.6324,4583.7204,4608.8868,4634.0672,4659.2812,4681.7092,4706.9036,4732.0336,4757.2644,4782.4364,4804.8168,4830.0084,4855.2112,4880.4084,4905.6,4930.8,4953.2,4978.4,5003.6
World,Other,Emissions (CO2eq) from N2O (AR5),kilotonnes,124488.3046,124405.2121,124592.2423,127581.7076,132151.0751,129874.5313,131976.1251,135320.1664,134862.0485,132526.017,136925.6919,140353.6115,142937.7832,144965.6847,146112.8316,145918.2205,145373.7141,146136.4236,148067.4997,150750.0638,152211.4973
World,Other,Emissions (CO2eq) (AR5),kilotonnes,177097.5934,177090.7521,177244.3747,180188.828,184719.5619,182401.4985,184476.4063,187785.3756,187297.6521,184899.3506,189296.1563,192706.3479,195277.92,197318.5931,198490.3328,198320.5089,197801.8841,198587.0686,200539.6997,203247.4638,204734.0973
World,Farm-gate emissions,Emissions (CH4),kilotonnes,127572.2609,127370.0715,128164.426,128134.1261,130323.5219,131493.2079,132665.2704,133922.8435,134511.4258,134141.1607,134924.9023,137044.4288,137671.6878,136297.5298,137130.9149,137726.6435,138579.8817,140097.5621,140617.9709,140284.4286,141750.2425
World,Farm-gate emissions,Direct emissions (N2O),kilotonnes,3894.5375,3928.2377,3999.0485,4075.4382,4182.6173,4229.0928,4297.7476,4392.504,4426.0314,4476.9945,4550.311,4641.6574,4668.4821,4750.0101,4799.8165,4816.5869,4882.5274,4963.129,4958.9731,4997.2937,5111.1003
World,Farm-gate emissions,Indirect emissions (N2O),kilotonnes,1153.5313,1161.647,1182.64,1204.7762,1235.0558,1249.3204,1270.0144,1299.023,1305.0263,1320.9789,1344.3801,1371.6029,1380.0567,1402.8442,1416.7385,1421.0796,1439.969,1463.713,1462.0147,1473.1065,1508.8314
World,Farm-gate emissions,Emissions (N2O),kilotonnes,6500.55,6547.084,6666.8158,6658.7632,6854.6073,6883.2817,6989.9862,7137.2105,7114.6977,7135.956,7274.8288,7542.5122,7562.4998,7486.5322,7586.3996,7601.0414,7647.9089,7824.7813,7776.4385,7784.2835,7936.6525
World,Farm-gate emissions,Emissions (CO2),kilotonnes,1301119.243,1291969.449,1262720.56,1283785.671,1314835.117,1337350.81,1349344.347,1327708.427,1337027.421,1319592.325,1332798.427,1340280.553,1336668.929,1373695.474,1366311.595,1324801.417,1323201.526,1329984.165,1322136.772,1319180.911,1321827.034
World,Farm-gate emissions,Emissions (CO2eq) from CH4 (AR5),kilotonnes,3572023.306,3566362.001,3588603.928,3587755.531,3649058.612,3681809.82,3714627.57,3749839.618,3766319.921,3755952.5,3777897.266,3837244.007,3854807.258,3816330.833,3839665.617,3856346.017,3880236.686,3922731.737,3937303.185,3927964.001,3969006.791
World,Farm-gate emissions,Emissions (CO2eq) from N2O (AR5),kilotonnes,1722645.739,1734977.254,1766706.183,1764572.26,1816470.947,1824069.65,1852346.337,1891360.782,1885394.902,1891028.352,1927829.642,1998765.732,2004062.437,1983931.042,2010395.906,2014275.976,2026695.859,2073567.052,2060756.194,2062835.14,2103212.913
World,Farm-gate emissions,Emissions (CO2eq) (AR5),kilotonnes,6595788.288,6593308.703,6618030.671,6636113.463,6780364.675,6843230.281,6916318.254,6968908.827,6988742.245,6966573.177,7038525.335,7176290.292,7195538.623,7173957.35,7216373.118,7195423.41,7230134.072,7326282.954,7320196.151,7309980.052,7394046.738
World,Land Use change,Emissions (CH4),kilotonnes,3033.0839,2061.072,7191.543,4522.9556,8107.3654,5482.9831,8720.2331,3846.1171,3048.3619,6628.1067,3987.3447,4705.7397,4861.187,4320.3619,7608.826,8362.5595,3619.1159,3170.7829,4303.8291,7052.2266,3422.8052
World,Land Use change,Emissions (N2O),kilotonnes,78.5652,154.484,204.5665,269.0152,292.0876,289.4727,259.6445,302.7194,245.8765,235.2018,327.0207,247.1489,254.2064,226.2558,232.4208,274.2885,269.3862,267.693,210.0968,264.7647,273.2026
World,Land Use change,Emissions (CO2),kilotonnes,4300795.148,3723288.636,4094796.703,3821172.438,4091257.565,3880975.007,4169596.944,3736378.46,3722182.255,4021738.22,3726280.764,3464139.472,3470467.857,3451476.591,3712827.678,3736632.35,2999282.719,2964426.492,3107373.938,3281677.38,2979991.926
World,Land Use change,Emissions (CO2eq) from CH4 (AR5),kilotonnes,84926.3485,57710.0153,201363.2039,126642.7567,227006.231,153523.5261,244166.5257,107691.2794,85354.1323,185586.9884,111645.6509,131760.7104,136113.2367,120970.1321,213047.1272,234151.6659,101335.2447,88781.9213,120507.2135,197462.3441,95838.5462
World,Land Use change,Emissions (CO2eq) from N2O (AR5),kilotonnes,20819.7658,40938.2648,54210.1242,71289.0328,77403.2233,76710.2523,68805.7931,80220.6293,65157.2799,62328.4792,86660.4723,65494.4488,67364.6836,59957.7762,61591.5212,72686.4542,71387.3389,70938.6457,55675.6534,70162.6575,72398.6935
World,Land Use change,Emissions (CO2eq) (AR5),kilotonnes,4406541.262,3821936.916,4350370.031,4019104.228,4395667.019,4111208.786,4482569.263,3924290.368,3872693.668,4269653.687,3924586.887,3661394.632,3673945.777,3632404.499,3987466.327,4043470.47,3172005.303,3124147.059,3283556.805,3549302.382,3148229.166
World,Emissions on agricultural land,Emissions (CH4),kilotonnes,130605.3448,129431.1434,135355.969,132657.0817,138430.8872,136976.1909,141385.5034,137768.9606,137559.7876,140769.2674,138912.247,141750.1685,142532.8748,140617.8916,144739.7409,146089.2029,142198.9975,143268.345,144921.8,147336.6552,145173.0478
World,Emissions on agricultural land,Emissions (N2O),kilotonnes,6579.1151,6701.568,6871.3823,6927.7785,7146.695,7172.7543,7249.6307,7439.9299,7360.5743,7371.1579,7601.8495,7789.6611,7816.7061,7712.788,7818.8205,7875.3299,7917.2951,8092.4743,7986.5353,8049.0483,8209.8551
World,Emissions on agricultural land,Emissions (CO2),kilotonnes,5601914.391,5015258.085,5357517.263,5104958.109,5406092.682,5218325.817,5518941.291,5064086.887,5059209.677,5341330.545,5059079.191,4804420.025,4807136.786,4825172.065,5079139.274,5061433.767,4322484.245,4294410.657,4429510.711,4600858.291,4301818.96
World,Emissions on agricultural land,Emissions (CO2eq) from CH4 (AR5),kilotonnes,3656949.654,3624072.016,3789967.131,3714398.288,3876064.843,3835333.346,3958794.096,3857530.897,3851674.054,3941539.488,3889542.917,3969004.718,3990920.494,3937300.966,4052712.744,4090497.683,3981571.931,4011513.659,4057810.399,4125426.345,4064845.338
World,Emissions on agricultural land,Emissions (CO2eq) from N2O (AR5),kilotonnes,1743465.505,1775915.519,1820916.307,1835861.293,1893874.17,1900779.903,1921152.13,1971581.412,1950552.182,1953356.831,2014490.114,2064260.181,2071427.12,2043888.819,2071987.427,2086962.43,2098083.198,2144505.698,2116431.848,2132997.798,2175611.607
World,Emissions on agricultural land,Emissions (CO2eq) (AR5),kilotonnes,11002329.55,10415245.62,10968400.7,10655217.69,11176031.69,10954439.07,11398887.52,10893199.2,10861435.91,11236226.86,10963112.22,10837684.92,10869484.4,10806361.85,11203839.45,11238893.88,10402139.37,10450430.01,10603752.96,10859282.43,10542275.9
World,Pre- and post- production,Emissions (CH4),kilotonnes,42437.6188,43230.0258,42651.149,43187.623,43268.2778,44006.7206,44691.0401,44858.2402,45780.7815,46377.9908,46649.4537,47254.6135,47651.1857,47727.2048,47600.0886,47736.7031,48139.5436,48173.1105,48414.5744,48651.3321,48601.4258
World,Pre- and post- production,Emissions (N2O),kilotonnes,402.0275,407.7832,417.413,432.4154,436.5536,441.5691,459.1319,470.4675,477.0779,478.7145,497.0954,515.3444,517.7735,519.5405,531.6225,522.4704,532.349,532.6581,529.3009,532.6118,530.565
World,Pre- and post- production,Emissions (CO2),kilotonnes,2383019.897,2420847.141,2446707.005,2515546.074,2597378.154,2730507.539,2814922.004,2942124.997,2995641.161,3004431.092,3090200.2,3145134.666,3197176.623,3436091.602,3519352.256,3569031.542,3697483.378,3764636.8,3813959.751,3861020.98,3652051.662
World,Pre- and post- production,Emissions (CO2eq) from F-gases (AR5),kilotonnes,185073.4335,219871.6215,253123.7775,287857.028,322222.4725,359889.859,391852.0965,423270.937,428041.5055,429758.9725,430031.71,429366.75,428134.496,426915.749,426915.749,426916.788,424729.1735,431242.145,437754.597,444262.893,441881.1923
World,Pre- and post- production,Emissions (CO2eq) from CH4 (AR5),kilotonnes,1188253.327,1210440.723,1194232.171,1209253.444,1211511.778,1232188.177,1251349.122,1256030.726,1281861.883,1298583.743,1306184.703,1323129.179,1334233.2,1336361.735,1332802.481,1336627.686,1347907.221,1348847.095,1355608.082,1362237.298,1360839.921
World,Pre- and post- production,Emissions (CO2eq) from N2O (AR5),kilotonnes,106537.2962,108062.5571,110614.452,114590.0791,115686.717,117015.8078,121669.9535,124673.8802,126425.6369,126859.3313,131730.2859,136566.2787,137209.9747,137678.2356,140879.9544,138454.6667,141072.4876,141154.4049,140264.7305,141142.1276,140599.7303
World,Pre- and post- production,Emissions (CO2eq) (AR5),kilotonnes,3862883.953,3959222.042,4004677.405,4127246.624,4246799.121,4439601.383,4579793.176,4746100.54,4831970.186,4859633.139,4958146.898,5034196.873,5096754.293,5337047.322,5419950.44,5471030.683,5611192.26,5685880.445,5747587.161,5808663.299,5595372.506
World,Agri-food systems,Emissions (CH4),kilotonnes,173042.9636,172661.1692,178007.1179,175844.7047,181699.165,180982.9115,186076.5435,182627.2008,183340.5691,187147.2582,185561.7007,189004.782,190184.0605,188345.0965,192339.8295,193825.906,190338.5411,191441.4555,193336.3743,195987.9872,193774.4735
World,Agri-food systems,Emissions (N2O),kilotonnes,6981.1426,7109.3512,7288.7953,7360.1939,7583.2486,7614.3234,7708.7626,7910.3973,7837.6521,7849.8723,8098.9449,8305.0055,8334.4796,8232.3285,8350.4429,8397.8004,8449.6441,8625.1325,8515.8361,8581.6601,8740.4201
World,Agri-food systems,Emissions (CO2),kilotonnes,7984934.288,7436105.225,7804224.267,7620504.183,8003470.835,7948833.357,8333863.295,8006211.883,8054850.837,8345761.637,8149279.391,7949554.691,8004313.408,8261263.667,8598491.53,8630465.309,8019967.623,8059047.457,8243470.462,8461879.272,7953870.622
World,Agri-food systems,Emissions (CO2eq) from F-gases (AR5),kilotonnes,185073.4335,219871.6215,253123.7775,287857.028,322222.4725,359889.859,391852.0965,423270.937,428041.5055,429758.9725,430031.71,429366.75,428134.496,426915.749,426915.749,426916.788,424729.1735,431242.145,437754.597,444262.893,441881.1923
World,Agri-food systems,Emissions (CO2eq) from CH4 (AR5),kilotonnes,4845202.981,4834512.738,4984199.303,4923651.732,5087576.62,5067521.523,5210143.218,5113561.624,5133535.936,5240123.231,5195727.619,5292133.897,5325153.694,5273662.701,5385515.225,5427125.369,5329479.152,5360360.753,5413418.481,5487663.642,5425685.259
World,Agri-food systems,Emissions (CO2eq) from N2O (AR5),kilotonnes,1850002.801,1883978.076,1931530.759,1950451.372,2009560.887,2017795.71,2042822.084,2096255.292,2076977.819,2080216.163,2146220.4,2200826.459,2208637.095,2181567.054,2212867.382,2225417.097,2239155.686,2285660.103,2256696.578,2274139.925,2316211.337
World,Agri-food systems,Emissions (CO2eq) (AR5),kilotonnes,14865213.5,14374467.66,14973078.11,14782464.31,15422830.82,15394040.45,15978680.69,15639299.74,15693406.1,16095860,15921259.12,15871881.8,15966238.69,16143409.17,16623789.89,16709924.56,16013331.63,16136310.46,16351340.12,16667945.73,16137648.41
World,IPCC Agriculture,Emissions (CH4),kilotonnes,127193.6246,127031.8833,127855.9208,127801.8529,129973.0636,131122.1868,132271.9339,133508.5122,134107.3558,133732.2264,134522.0577,136653.0153,137284.1782,135866.3482,136715.0213,137331.072,138190.7461,139708.2859,140265.4391,139941.6438,141407.4578
World,IPCC Agriculture,Emissions (CH4),kilotonnes,103635.1643,76492.6569,85639.1447,86011.526,93479.8008,97518.1491,52509.3109,51205.3004,51859.0757,50713.3686,76265.4658,50013.2119,56701.8206,55081.7609,47449.9472,65607.998,51718.6178,32175.6472,30243.9843,29990.0794,29825.6036
World,IPCC Agriculture,Direct emissions (N2O),kilotonnes,3894.5375,3928.2377,3999.0485,4075.4382,4182.6173,4229.0928,4297.7476,4392.504,4426.0314,4476.9945,4550.311,4641.6574,4668.4821,4750.0101,4799.8165,4816.5869,4882.5274,4963.129,4958.9731,4997.2937,5111.1003
World,IPCC Agriculture,Indirect emissions (N2O),kilotonnes,1153.5313,1161.647,1182.64,1204.7762,1235.0558,1249.3204,1270.0144,1299.023,1305.0263,1320.9789,1344.3801,1371.6029,1380.0567,1402.8442,1416.7385,1421.0796,1439.969,1463.713,1462.0147,1473.1065,1508.8314
World,IPCC Agriculture,Emissions (N2O),kilotonnes,6372.1247,6417.8992,6547.3826,6537.2885,6725.289,6748.4612,6855.3184,7014.1554,6986.8913,7014.4954,7149.0102,7414.5379,7436.9745,7352.4431,7451.8424,7480.0184,7528.8845,7704.2707,7657.8549,7667.376,7819.745
World,IPCC Agriculture,Emissions (N2O),kilotonnes,11501.667,11753.1353,11953.8063,11897.3788,11699.9032,11890.6055,12950.2197,11698.7256,13638.6028,11712.0177,4273.6681,3181.2794,3687.0582,3607.2397,3328.249,3895.1952,3220.0707,2607.2766,2562.7495,2586.2583,2486.9374
World,IPCC Agriculture,Emissions (CO2),kilotonnes,25763.6973,25579.2452,26576.939,27507.3536,26481.8428,26757.4028,26088.6477,26906.6391,27285.9343,25503.1889,27469.2808,27216.1143,30212.9147,28722.291,29364.6441,29229.5323,29642.988,29844.8188,29118.5769,28908.1214,29952.2474
World,IPCC Agriculture,Emissions (CO2eq) from CH4 (AR5),kilotonnes,3561421.49,3556892.733,3579965.783,3578451.88,3639245.78,3671421.231,3703614.151,3738238.343,3755005.961,3744502.34,3766617.616,3826284.428,3843956.989,3804257.749,3828020.597,3845270.016,3869340.891,3911832.005,3927432.296,3918366.027,3959408.818
World,IPCC Agriculture,Emissions (CO2eq) from CH4 (AR5),kilotonnes,2901784.6,2141794.392,2397896.053,2408322.729,2617434.424,2730508.174,1470260.705,1433748.411,1452054.119,1419974.32,2135433.041,1400369.932,1587650.977,1542289.304,1328598.522,1837023.945,1448121.299,900918.1218,846831.56,839722.2232,835116.9013
World,IPCC Agriculture,Emissions (CO2eq) from N2O (AR5),kilotonnes,1688613.052,1700743.281,1735056.402,1732381.457,1782201.583,1788342.223,1816659.386,1858751.18,1851526.189,1858841.283,1894487.709,1964852.535,1970798.241,1948397.434,1974738.235,1982204.874,1995154.397,2041631.747,2029331.55,2031854.64,2072232.413
World,IPCC Agriculture,Emissions (CO2eq) from N2O (AR5),kilotonnes,3047941.757,3114580.867,3167758.68,3152805.37,3100474.342,3151010.457,3431808.217,3100162.291,3614229.733,3103684.686,1132522.054,843039.0282,977070.4143,955918.5264,881985.9722,1032226.741,853318.7482,690928.3082,679128.6292,685358.45,659038.4147
World,IPCC Agriculture,Emissions (CO2eq) (AR5),kilotonnes,5250034.542,5257636.014,5315022.184,5310833.337,5421447.363,5459763.453,5520273.537,5596989.523,5606532.151,5603343.623,5661105.325,5791136.963,5814755.23,5752655.183,5802758.832,5827474.89,5864495.287,5953463.751,5956763.846,5950220.667,6031641.231
World,IPCC Agriculture,Emissions (CO2eq) (AR5),kilotonnes,5975490.054,5281954.504,5592231.672,5588635.453,5744390.608,5908276.034,4928157.569,4560817.341,5093569.786,4549162.194,3295424.376,2270625.074,2594934.306,2526930.122,2239949.138,2898480.219,2331083.036,1621691.249,1555078.766,1553988.795,1524107.563
World,Agricultural Soils,Emissions (CH4),kilotonnes,0,,,,,,0,,,,,,,,,,,,,,
World,Agricultural Soils,Direct emissions (N2O),kilotonnes,3894.5375,3928.2377,3999.0485,4075.4382,4182.6173,4229.0928,4297.7476,4392.504,4426.0314,4476.9945,4550.311,4641.6574,4668.4821,4750.0101,4799.8165,4816.5869,4882.5274,4963.129,4958.9731,4997.2937,5111.1003
World,Agricultural Soils,Direct emissions (N2O),kilotonnes,1798.8718,1838.4248,1831.4781,1816.4828,1864.1028,1833.0314,1808.907,1835.0761,1836.4438,1839.35,1846.564,1837.3708,1803.0414,1954.1346,2010.8971,1960.8511,2083.7799,1961.6979,1925.5763,1945.5662,1894.7556
World,Agricultural Soils,Indirect emissions (N2O),kilotonnes,1153.5313,1161.647,1182.64,1204.7762,1235.0558,1249.3204,1270.0144,1299.023,1305.0263,1320.9789,1344.3801,1371.6029,1380.0567,1402.8442,1416.7385,1421.0796,1439.969,1463.713,1462.0147,1473.1065,1508.8314
World,Agricultural Soils,Indirect emissions (N2O),kilotonnes,324.0446,344.3948,331.4206,329.6377,351.5152,328.6063,331.7966,344.0744,353.0559,346.8389,345.8733,349.5939,327.4899,368.7652,369.0662,389.3682,421.5669,375.4713,385.7948,391.9943,361.4237
World,Agricultural Soils,Emissions (N2O),kilotonnes,5386.1829,5427.9999,5519.8829,5618.4222,5756.2379,5817.7179,5907.7467,6032.28,6072.2084,6139.4954,6237.4386,6357.2399,6393.3637,6497.8651,6561.8936,6582.9931,6668.0152,6772.6206,6768.3792,6818.4279,6968.6469
World,Agricultural Soils,Emissions (N2O),kilotonnes,4799.7346,2706.0707,2698.1798,2701.7825,2905.4264,2983.2145,2752.5706,2728.4091,2771.0532,2782.028,3695.5487,2851.5525,3180.6473,3104.019,2894.5124,3119.1436,2325.1026,2324.6891,2327.1711,2337.5605,2256.1793
World,Agricultural Soils,Emissions (CO2eq) from CH4 (AR5),kilotonnes,0,,,,,,0,,,,,,,,,,,,,,
World,Agricultural Soils,Emissions (CO2eq) from N2O (AR5),kilotonnes,1427338.457,1438419.982,1462768.98,1488881.893,1525403.053,1541695.237,1565552.874,1598554.207,1609135.223,1626966.282,1652921.216,1684668.577,1694241.39,1721934.265,1738901.803,1744493.16,1767024.016,1794744.457,1793620.495,1806883.387,1846691.442
World,Agricultural Soils,Emissions (CO2eq) from N2O (AR5),kilotonnes,1271929.676,717108.7365,715017.6373,715972.3621,769938.0066,790551.8428,729431.2025,723028.3983,734329.0922,737237.4151,979320.4097,755661.417,842871.5465,822565.0391,767045.7744,826573.0486,616152.1809,616042.6201,616700.3291,619453.5331,597887.5222
World,Agricultural Soils,Emissions (CO2eq) (AR5),kilotonnes,1427338.457,1438419.982,1462768.98,1488881.893,1525403.053,1541695.237,1565552.874,1598554.207,1609135.223,1626966.282,1652921.216,1684668.577,1694241.39,1721934.265,1738901.803,1744493.16,1767024.016,1794744.457,1793620.495,1806883.387,1846691.442
World,Agricultural Soils,Emissions (CO2eq) (AR5),kilotonnes,1271929.676,717108.7365,715017.6373,715972.3621,769938.0066,790551.8428,729431.2025,723028.3983,734329.0922,737237.4151,979320.4097,755661.417,842871.5465,822565.0391,767045.7744,826573.0486,616152.1809,616042.6201,616700.3291,619453.5331,597887.5222
World,LULUCF,Emissions (CH4),kilotonnes,4841.8956,2667.1317,7877.0737,5572.1463,9098.4762,6336.8231,9623.0706,4867.4857,4060.8421,7667.2738,5105.4204,5544.4637,5932.0935,5222.8665,8524.228,9252.4381,4598.048,4097.767,5279.9214,8279.0684,4429.4169
World,LULUCF,Emissions (N2O),kilotonnes,147.6796,209.8199,267.1584,364.8109,382.5804,367.432,342.0775,395.9747,338.3204,330.0823,429.1058,323.728,351.9848,308.6584,316.001,355.5383,358.7669,352.3307,299.2183,376.7807,365.1106
World,LULUCF,Emissions (CO2),kilotonnes,1621536.755,1344163.639,1717420.207,1445669.145,1718345.166,1512819.517,1806747.592,1379656.847,1369502.278,1672063.833,1382221.14,306490.4991,316573.3304,298845.9933,563231.8185,586909.2921,1181887.401,1148269.617,1294928.706,1471727.845,1172688.514
World,LULUCF,Emissions (CO2eq) from CH4 (AR5),kilotonnes,135573.0766,74679.6863,220558.0638,156020.0959,254757.334,177431.0457,269445.9768,136289.5986,113703.5785,214683.6667,142951.7715,155244.9829,166098.6194,146240.2616,238678.383,259068.2678,128745.3451,114737.4756,147837.799,231813.9166,124023.6737
World,LULUCF,Emissions (CO2eq) from N2O (AR5),kilotonnes,39135.0853,55602.274,70796.9869,96674.8857,101383.796,97369.4677,90650.5361,104933.3074,89654.8992,87471.8045,113713.0439,85787.9234,93275.9654,81794.4642,83740.2694,94217.6483,95073.2409,93367.6301,79292.8441,99846.8967,96754.3199
World,LULUCF,Emissions (CO2eq) (AR5),kilotonnes,1796244.917,1474445.599,2008775.258,1698364.127,2074486.296,1787620.03,2166844.104,1620879.753,1572860.756,1974219.304,1638885.955,547523.4054,575947.9152,526880.719,885650.4709,940195.2081,1405705.987,1356374.722,1522059.349,1803388.659,1393466.508
World,AFOLU,Emissions (CH4),kilotonnes,132035.5202,129699.015,135732.9945,133373.9992,139071.5398,137459.0099,141895.0045,138375.9979,138168.1979,141399.5002,139627.4781,142197.479,143216.2717,141089.2147,145239.2493,146583.5101,142788.7941,143806.0529,145545.3605,148220.7123,145836.8747
World,AFOLU,Emissions (N2O),kilotonnes,6519.8043,6627.7191,6814.5411,6902.0994,7107.8694,7115.8932,7197.3959,7410.1301,7325.2117,7344.5777,7578.116,7738.2659,7788.9593,7661.1015,7767.8434,7835.5567,7887.6515,8056.6014,7957.0732,8044.1567,8184.8556
World,AFOLU,Emissions (CO2),kilotonnes,1621536.755,1344163.639,1717420.207,1445669.145,1718345.166,1512819.517,1806747.592,1379656.847,1369502.278,1672063.833,1382221.14,306490.4991,316573.3304,298845.9933,563231.8185,586909.2921,1181887.401,1148269.617,1294928.706,1471727.845,1172688.514
World,AFOLU,Emissions (CO2eq) from CH4 (AR5),kilotonnes,3696994.567,3631572.419,3800523.846,3734471.976,3894003.114,3848852.276,3973060.127,3874527.941,3868709.54,3959186.007,3909569.387,3981529.411,4010055.608,3950498.01,4066698.98,4104338.284,3998086.236,4026569.48,4075270.095,4150179.943,4083432.491
World,AFOLU,Emissions (CO2eq) from N2O (AR5),kilotonnes,1727748.138,1756345.555,1805853.389,1829056.343,1883585.379,1885711.69,1907309.922,1963684.488,1941181.089,1946313.087,2008200.753,2050640.458,2064074.206,2030191.898,2058478.505,2076422.522,2090227.638,2134999.377,2108624.394,2131701.537,2168986.733
World,AFOLU,Emissions (CO2eq) (AR5),kilotonnes,7046279.459,6732081.613,7323797.442,7009197.464,7495933.659,7247383.483,7687117.641,7217869.276,7179392.906,7577562.927,7299991.28,6338660.368,6390703.145,6279535.902,6688409.303,6767670.098,7270201.275,7309838.473,7478823.195,7753609.325,7425107.739
World,All sectors with LULUCF,Emissions (CH4),kilotonnes,298288.2182,296510.783,301652.3996,307022.2346,317189.1434,319742.3201,328627.9172,326585.6277,329441.2263,331460.3331,334597.736,343024.7774,347662.2813,346450.2179,352891.9375,355266.2685,351621.1376,356519.0956,361059.399,367425.1235,365902.8413
World,All sectors with LULUCF,Emissions (N2O),kilotonnes,8941.7417,9030.5695,9208.8921,9343.8499,9655.9189,9714.3802,9822.2882,10139.1141,9964.4017,9872.0462,10165.1408,10423.0855,10544.7551,10453.5704,10582.5961,10660.5951,10727.7774,10927.2067,10859.0032,10980.6559,11137.5679
World,All sectors with LULUCF,Emissions (CO2),kilotonnes,27492903.74,27303404.49,28245613.51,29312561.24,30918100.28,31670593.08,33028280.1,33503209.88,34310309.34,34154041.49,35492530.27,35549468.81,36106629.68,36263641.44,36950978.29,37032834.16,37616530.79,38059500.08,39058750.69,39278687.68,37115174.14
World,All sectors with LULUCF,Emissions (CO2eq) from F-gases (AR5),kilotonnes,586499.9347,588957.7982,640618.4642,692888.1103,789418.2964,872307.8295,951430.3119,986191.9885,1037496.381,1080031.052,1183024.347,1219360.366,1322100.781,1414800.322,1470912.858,1470848.731,1518876.677,1591049.296,1654279.007,1665392.311,1698946.964
World,All sectors with LULUCF,Emissions (CO2eq) from CH4 (AR5),kilotonnes,8352070.111,8302301.925,8446267.189,8596622.568,8881296.015,8952784.962,9201581.682,9144397.575,9224354.336,9280889.327,9368736.608,9604693.767,9734543.876,9700606.102,9880974.25,9947455.519,9845391.853,9982534.678,10109663.17,10287903.46,10245279.56
World,All sectors with LULUCF,Emissions (CO2eq) from N2O (AR5),kilotonnes,2369561.543,2393100.907,2440356.394,2476120.229,2558818.518,2574310.75,2602906.365,2686865.231,2640566.439,2616092.255,2693762.322,2762117.658,2794360.098,2770196.144,2804387.963,2825057.694,2842861.001,2895709.779,2877635.858,2909873.805,2951455.501
World,All sectors with LULUCF,Emissions (CO2eq) (AR5),kilotonnes,38801035.33,38587765.12,39772855.56,41078192.15,43147633.11,44069996.63,45784198.46,46320664.67,47212726.5,47131054.12,48738053.55,49135640.6,49957634.43,50149244.01,51107253.36,51276196.1,51823660.32,52528793.83,53700328.73,54141857.25,52010856.16
World,All sectors without LULUCF,Emissions (CH4),kilotonnes,293446.3226,293843.6514,293775.3259,301450.0883,308090.6672,313405.497,319004.8466,321718.142,325380.3842,323793.0593,329492.3156,337480.3137,341730.1877,341227.3515,344367.7096,346013.8304,347023.0896,352421.3287,355779.4776,359146.0551,361473.4243
World,All sectors without LULUCF,Emissions (N2O),kilotonnes,8794.0621,8820.7496,8941.7336,8979.039,9273.3386,9346.9482,9480.2107,9743.1393,9626.0813,9541.964,9736.035,10099.3575,10192.7703,10144.912,10266.5951,10305.0568,10369.0104,10574.876,10559.785,10603.8751,10772.4573
World,All sectors without LULUCF,Emissions (CO2),kilotonnes,25871366.98,25959240.85,26528193.3,27866892.1,29199755.12,30157773.57,31221532.51,32123553.03,32940807.07,32481977.65,34110309.13,35242978.31,35790056.35,35964795.45,36387746.47,36445924.87,36434643.39,36911230.46,37763821.98,37806959.83,35942485.62
World,All sectors without LULUCF,Emissions (CO2eq) from F-gases (AR5),kilotonnes,586499.9347,588957.7982,640618.4642,692888.1103,789418.2964,872307.8295,951430.3119,986191.9885,1037496.381,1080031.052,1183024.347,1219360.366,1322100.781,1414800.322,1470912.858,1470848.731,1518876.677,1591049.296,1654279.007,1665392.311,1698946.964
World,All sectors without LULUCF,Emissions (CO2eq) from CH4 (AR5),kilotonnes,8216497.034,8227622.239,8225709.125,8440602.472,8626538.681,8775353.917,8932135.705,9008107.977,9110650.757,9066205.66,9225784.836,9449448.784,9568445.257,9554365.841,9642295.867,9688387.251,9716646.507,9867797.203,9961825.373,10056089.54,10121255.88
World,All sectors without LULUCF,Emissions (CO2eq) from N2O (AR5),kilotonnes,2330426.458,2337498.633,2369559.407,2379445.343,2457434.722,2476941.283,2512255.829,2581931.924,2550911.54,2528620.451,2580049.278,2676329.735,2701084.133,2688401.68,2720647.693,2730840.046,2747787.76,2802342.149,2798343.014,2810026.908,2854701.181
World,All sectors without LULUCF,Emissions (CO2eq) (AR5),kilotonnes,37004790.41,37113319.52,37764080.3,39379828.02,41073146.82,42282376.6,43617354.35,44699784.92,45639865.74,45156834.82,47099167.59,48588117.2,49381686.52,49622363.29,50221602.89,50336000.9,50417954.33,51172419.11,52178269.38,52338468.59,50617389.65
Africa,Crop Residues,Direct emissions (N2O),kilotonnes,24.6133,26.1315,26.4993,29.3502,29.0611,31.4945,32.6151,31.0367,33.2612,33.9036,35.477,35.5227,36.7815,38.4809,39.6408,39.2192,40.1062,42.7377,44.1436,42.9594,43.457
Africa,Crop Residues,Indirect emissions (N2O),kilotonnes,5.538,5.8796,5.9623,6.6038,6.5387,7.0863,7.3384,6.9833,7.4838,7.6283,7.9823,7.9926,8.2758,8.6582,8.9192,8.8243,9.0239,9.616,9.9323,9.6659,9.7778
Africa,Crop Residues,Emissions (N2O),kilotonnes,30.1512,32.011,32.4617,35.954,35.5998,38.5807,39.9535,38.02,40.7449,41.532,43.4593,43.5154,45.0573,47.139,48.56,48.0435,49.1301,52.3537,54.0759,52.6252,53.2348
Africa,Crop Residues,Emissions (CO2eq) from N2O (AR5),kilotonnes,7990.0779,8482.9258,8602.3409,9527.8061,9433.9444,10223.8939,10587.673,10075.2985,10797.404,11005.9679,11516.7157,11531.5698,11940.1827,12491.8475,12868.408,12731.5383,13019.4667,13873.7419,14330.1162,13945.6802,14107.2234
Africa,Crop Residues,Emissions (CO2eq) (AR5),kilotonnes,7990.0779,8482.9258,8602.3409,9527.8061,9433.9444,10223.8939,10587.673,10075.2985,10797.404,11005.9679,11516.7157,11531.5698,11940.1827,12491.8475,12868.408,12731.5383,13019.4667,13873.7419,14330.1162,13945.6802,14107.2234
Africa,Rice Cultivation,Emissions (CH4),kilotonnes,920.1749,896.7896,966.2818,968.8,993.186,1055.3383,1098.9399,1047.2338,1138.5706,1047.8771,1253.1376,1239.7749,1318.2824,1317.5726,1357.5438,1359.7239,1586.4588,1653.6407,1803.704,1798.3959,1885.8835
Africa,Rice Cultivation,Emissions (CO2eq) from CH4 (AR5),kilotonnes,25764.898,25110.1098,27055.8915,27126.4011,27809.207,29549.473,30770.3158,29322.5457,31879.9768,29340.5601,35087.8519,34713.6978,36911.9067,36892.0328,38011.2264,38072.2679,44420.8452,46301.9386,50503.7121,50355.0864,52804.7389
Africa,Rice Cultivation,Emissions (CO2eq) (AR5),kilotonnes,25764.898,25110.1098,27055.8915,27126.4011,27809.207,29549.473,30770.3158,29322.5457,31879.9768,29340.5601,35087.8519,34713.6978,36911.9067,36892.0328,38011.2264,38072.2679,44420.8452,46301.9386,50503.7121,50355.0864,52804.7389
Africa,Burning - Crop residues,Emissions (CH4),kilotonnes,87.7581,87.8773,92.182,101.0848,100.2982,106.1883,103.6107,102.3748,110.5905,108.5833,119.0081,124.8915,129.7956,133.9285,136.6186,137.3049,143.7309,149.1057,148.155,150.7804,155.3304
Africa,Burning - Crop residues,Emissions (N2O),kilotonnes,2.2752,2.2783,2.3899,2.6207,2.6003,2.753,2.6862,2.6542,2.8672,2.8151,3.0854,3.2379,3.3651,3.4722,3.542,3.5598,3.7264,3.8657,3.8411,3.9091,4.0271
Africa,Burning - Crop residues,Emissions (CO2eq) from CH4 (AR5),kilotonnes,2457.2266,2460.5648,2581.0947,2830.3752,2808.3495,2973.2715,2901.1008,2866.4958,3096.5329,3040.3325,3332.2254,3496.9615,3634.2771,3749.9975,3825.3197,3844.5361,4024.4665,4174.9606,4148.3394,4221.851,4349.2509
Africa,Burning - Crop residues,Emissions (CO2eq) from N2O (AR5),kilotonnes,602.9306,603.7497,633.3242,694.4902,689.0858,729.5527,711.8442,703.3531,759.7974,746.0075,817.6294,858.0507,891.7439,920.1383,938.6201,943.3353,987.4848,1024.4116,1017.8796,1035.9171,1067.1773
Africa,Burning - Crop residues,Emissions (CO2eq) (AR5),kilotonnes,3060.1572,3064.3145,3214.4189,3524.8654,3497.4353,3702.8242,3612.9449,3569.8489,3856.3303,3786.34,4149.8548,4355.0122,4526.021,4670.1357,4763.9398,4787.8714,5011.9514,5199.3722,5166.219,5257.7681,5416.4283
Africa,Enteric Fermentation,Emissions (CH4),kilotonnes,11604.2141,11876.6018,12187.5203,12529.5617,12805.5949,13191.1996,13452.3871,14248.1155,14674.3322,14946.0199,15277.8295,15624.8026,16201.2891,16529.4345,16878.2775,17241.5797,17613.3612,17776.6723,18153.5006,18698.0403,19189.1808
Africa,Enteric Fermentation,Emissions (CO2eq) from CH4 (AR5),kilotonnes,324917.9961,332544.8507,341250.5674,350827.7276,358556.6578,369353.5887,376666.8387,398947.2342,410881.3013,418488.5581,427779.2246,437494.4718,453636.0951,462824.1656,472591.7696,482764.2319,493174.1139,497746.8252,508298.0161,523545.1285,537297.062
Africa,Enteric Fermentation,Emissions (CO2eq) (AR5),kilotonnes,324917.9961,332544.8507,341250.5674,350827.7276,358556.6578,369353.5887,376666.8387,398947.2342,410881.3013,418488.5581,427779.2246,437494.4718,453636.0951,462824.1656,472591.7696,482764.2319,493174.1139,497746.8252,508298.0161,523545.1285,537297.062
Africa,Manure Management,Emissions (CH4),kilotonnes,446.3034,457.5601,471.2235,481.2654,491.202,505.9126,515.0452,544.9289,562.5951,573.4848,589.1398,600.5502,630.0116,643.0621,657.4805,676.0045,692.2135,703.2359,722.5744,748.837,766.2649
Africa,Manure Management,Emissions (N2O),kilotonnes,15.6504,15.6803,16.3758,16.449,17.0286,17.6952,18.2316,19.2059,20.102,20.8189,21.8343,22.015,23.1038,23.4291,24.148,25.0466,25.6314,26.3013,27.7208,29.2169,29.2677
Africa,Manure Management,Emissions (CO2eq) from CH4 (AR5),kilotonnes,12496.4949,12811.684,13194.2572,13475.432,13753.6565,14165.5526,14421.2661,15258.0092,15752.6625,16057.5747,16495.913,16815.4044,17640.3246,18005.74,18409.453,18928.1272,19381.9782,19690.6061,20232.0839,20967.4364,21455.4168
Africa,Manure Management,Emissions (CO2eq) from N2O (AR5),kilotonnes,4147.3489,4155.2674,4339.587,4358.9762,4512.5848,4689.2402,4831.3724,5089.5571,5327.0231,5517.0186,5786.0932,5833.9649,6122.5123,6208.7182,6399.2202,6637.3557,6792.3088,6969.8418,7346.0039,7742.4672,7755.9527
Africa,Manure Management,Emissions (CO2eq) (AR5),kilotonnes,16643.8438,16966.9514,17533.8442,17834.4083,18266.2413,18854.7927,19252.6385,20347.5663,21079.6856,21574.5933,22282.0062,22649.3694,23762.8369,24214.4582,24808.6732,25565.4829,26174.287,26660.4479,27578.0879,28709.9036,29211.3695
Africa,Manure left on Pasture,Direct emissions (N2O),kilotonnes,438.5537,449.2762,460.9919,473.1245,482.4968,497.2435,507.2314,536.0812,552.1562,563.4486,576.8508,589.5603,612.3691,625.2017,638.5661,651.8819,666.3568,672.9186,687.9479,709.4402,728.2582
Africa,Manure left on Pasture,Indirect emissions (N2O),kilotonnes,119.1588,122.3543,125.6136,128.8518,131.9281,135.9302,138.4141,146.8503,151.1738,154.1323,157.8463,161.3903,167.9774,172.0026,175.7095,179.2865,183.5469,186.1184,190.6134,197.8535,203.0231
Africa,Manure left on Pasture,Emissions (N2O),kilotonnes,557.7125,571.6305,586.6055,601.9764,614.4249,633.1736,645.6455,682.9316,703.33,717.581,734.6971,750.9507,780.3465,797.2043,814.2756,831.1684,849.9037,859.037,878.5613,907.2938,931.2813
Africa,Manure left on Pasture,Emissions (CO2eq) from N2O (AR5),kilotonnes,147793.8107,151482.0726,155450.4548,159523.7378,162822.5909,167791.0134,171096.0696,180976.8621,186382.4438,190158.9592,194694.7333,199001.9253,206791.8234,211259.1424,215783.0467,220259.6347,225224.4749,227644.8008,232818.7499,240432.8546,246789.5486
Africa,Manure left on Pasture,Emissions (CO2eq) (AR5),kilotonnes,147793.8107,151482.0726,155450.4548,159523.7378,162822.5909,167791.0134,171096.0696,180976.8621,186382.4438,190158.9592,194694.7333,199001.9253,206791.8234,211259.1424,215783.0467,220259.6347,225224.4749,227644.8008,232818.7499,240432.8546,246789.5486
Africa,Manure applied to Soils,Direct emissions (N2O),kilotonnes,14.2726,14.5538,15.059,15.5069,16.0408,16.4784,17.0236,18.0105,18.6966,19.4341,20.0952,20.3568,21.2081,21.5192,22.0757,22.7334,23.2327,23.6663,24.371,25.4478,25.5514
Africa,Manure applied to Soils,Indirect emissions (N2O),kilotonnes,6.0658,6.1854,6.4001,6.5904,6.8173,7.0033,7.235,7.6545,7.946,8.2595,8.5405,8.6517,9.0135,9.1457,9.3822,9.6617,9.8739,10.0582,10.3577,10.8153,10.8593
Africa,Manure applied to Soils,Emissions (N2O),kilotonnes,20.3384,20.7391,21.4591,22.0974,22.8582,23.4817,24.2587,25.665,26.6426,27.6936,28.6357,29.0085,30.2216,30.6649,31.4579,32.395,33.1066,33.7244,34.7286,36.2632,36.4107
Africa,Manure applied to Soils,Emissions (CO2eq) from N2O (AR5),kilotonnes,5389.6754,5495.8662,5686.6556,5855.8056,6057.4104,6222.6406,6428.5424,6801.2179,7060.294,7338.8075,7588.4657,7687.2489,8008.7201,8126.2066,8336.3461,8584.6831,8773.2601,8936.9688,9203.0882,9609.7408,9648.8398
Africa,Manure applied to Soils,Emissions (CO2eq) (AR5),kilotonnes,5389.6754,5495.8662,5686.6556,5855.8056,6057.4104,6222.6406,6428.5424,6801.2179,7060.294,7338.8075,7588.4657,7687.2489,8008.7201,8126.2066,8336.3461,8584.6831,8773.2601,8936.9688,9203.0882,9609.7408,9648.8398
Africa,Synthetic Fertilizers,Direct emissions (N2O),kilotonnes,38.4122,38.726,43.0131,41.3089,47.2566,45.5711,47.2973,43.1444,44.3621,44.9465,50.8466,49.204,48.9879,51.9807,53.3817,53.5828,59.3438,68.9956,65.5984,65.5656,68.7889
Africa,Synthetic Fertilizers,Indirect emissions (N2O),kilotonnes,12.484,12.5859,13.9793,13.4254,15.3584,14.8106,15.3716,14.0219,14.4177,14.6076,16.5252,15.9913,15.9211,16.8937,17.3491,17.4144,19.2867,22.4236,21.3195,21.3088,22.3564
Africa,Synthetic Fertilizers,Emissions (N2O),kilotonnes,50.8962,51.3119,56.9923,54.7343,62.615,60.3817,62.6689,57.1664,58.7798,59.5541,67.3718,65.1953,64.909,68.8744,70.7308,70.9972,78.6305,91.4192,86.9179,86.8744,91.1453
Africa,Synthetic Fertilizers,Emissions (CO2eq) from N2O (AR5),kilotonnes,13487.4907,13597.6512,15102.9699,14504.5905,16592.9751,16001.1418,16607.2616,15149.0942,15576.6372,15781.8333,17853.5222,17276.7663,17200.8935,18251.7262,18743.6648,18814.2479,20837.0743,24226.092,23033.2384,23021.7251,24153.5076
Africa,Synthetic Fertilizers,Emissions (CO2eq) (AR5),kilotonnes,13487.4907,13597.6512,15102.9699,14504.5905,16592.9751,16001.1418,16607.2616,15149.0942,15576.6372,15781.8333,17853.5222,17276.7663,17200.8935,18251.7262,18743.6648,18814.2479,20837.0743,24226.092,23033.2384,23021.7251,24153.5076
Africa,Drained organic soils,Emissions (CO2eq) (AR5),kilotonnes,63221.0614,63155.6232,63239.9491,63199.816,63232.8819,63302.0853,63308.8528,63265.0746,63327.5736,63391.6004,63462.839,63587.068,63793.5338,63774.4234,63692.2598,63689.661,63612.7408,63545.8585,63460.1324,63296.4464,63269.2201
Africa,Drained organic soils (CO2),Emissions (CO2),kilotonnes,60202.2156,60140.1643,60221.5871,60183.6564,60216.355,60282.7659,60290.1053,60249.6676,60311.2175,60373.1895,60441.8013,60561.5298,60759.9796,60741.3924,60662.26,60659.7776,60589.2103,60525.688,60444.7711,60297.2582,60271.5659
Africa,Drained organic soils (CO2),Emissions (CO2eq) (AR5),kilotonnes,60202.2156,60140.1643,60221.5871,60183.6564,60216.355,60282.7659,60290.1053,60249.6676,60311.2175,60373.1895,60441.8013,60561.5298,60759.9796,60741.3924,60662.26,60659.7776,60589.2103,60525.688,60444.7711,60297.2582,60271.5659
Africa,Drained organic soils (N2O),Emissions (N2O),kilotonnes,11.3919,11.3791,11.39,11.3817,11.3831,11.3937,11.3915,11.3789,11.3825,11.3902,11.4001,11.4171,11.4474,11.4454,11.434,11.4335,11.4095,11.3969,11.3787,11.3177,11.3119
Africa,Drained organic soils (N2O),Emissions (CO2eq) from N2O (AR5),kilotonnes,3018.8457,3015.459,3018.362,3016.1596,3016.5269,3019.3194,3018.7475,3015.407,3016.3561,3018.4109,3021.0377,3025.5382,3033.5543,3033.0311,3029.9997,3029.8834,3023.5304,3020.1705,3015.3613,2999.1882,2997.6543
Africa,Drained organic soils (N2O),Emissions (CO2eq) (AR5),kilotonnes,3018.8457,3015.459,3018.362,3016.1596,3016.5269,3019.3194,3018.7475,3015.407,3016.3561,3018.4109,3021.0377,3025.5382,3033.5543,3033.0311,3029.9997,3029.8834,3023.5304,3020.1705,3015.3613,2999.1882,2997.6543
Africa,On-farm energy use,Emissions (CH4),kilotonnes,10.8697,9.167,9.5668,10.4371,9.822,10.3327,14.7777,17.2457,16.8301,18.5976,17.1743,19.059,22.676,22.0226,23.2649,21.2378,18.7322,19.4818,26.5357,27.2853,27.2853
Africa,On-farm energy use,Emissions (N2O),kilotonnes,3.639,3.6729,3.7703,3.7219,3.681,4.964,5.1498,5.7312,5.8887,6.1438,6.2142,6.3546,6.6339,5.4968,5.9037,5.7469,7.0962,7.3098,5.6946,5.6995,5.6995
Africa,On-farm energy use,Emissions (CO2),kilotonnes,16876.5879,16973.9611,17523.0927,17825.3651,17762.2267,21393.8535,23221.5211,25825.1617,26652.1129,28303.8736,28251.0094,28121.9329,29898.3378,26978.1136,28628.6428,27281.4918,32878.5418,34202.7124,30113.3113,30562.7685,30562.7685
Africa,On-farm energy use,Emissions (CO2eq) from CH4 (AR5),kilotonnes,304.3512,256.6774,267.8692,292.2392,275.0172,289.3156,413.7768,482.881,471.2434,520.7341,480.881,533.651,634.9273,616.6322,651.4177,594.657,524.5029,545.4906,742.9991,763.9893,763.9893
Africa,On-farm energy use,Emissions (CO2eq) from N2O (AR5),kilotonnes,964.3474,973.3247,999.1369,986.3094,975.4576,1315.4617,1364.6966,1518.7678,1560.5013,1628.0956,1646.77,1683.9594,1757.9731,1456.6451,1564.4915,1522.9212,1880.483,1937.088,1509.0682,1510.3736,1510.3736
Africa,On-farm energy use,Emissions (CO2eq) (AR5),kilotonnes,18145.2865,18203.9633,18790.0988,19103.9136,19012.7015,22998.6308,24999.9945,27826.8105,28683.8576,30452.7033,30378.6604,30339.5433,32291.2381,29051.3908,30844.552,29399.07,35283.5276,36685.291,32365.3786,32837.1314,32837.1314
Africa,Forestland,Emissions (CO2),kilotonnes,-34288.0071,1392.6843,1392.6843,1392.6843,1392.6843,1392.6843,1392.6843,1392.6843,1392.6843,1392.6843,1392.6843,3825.6792,3825.6792,3825.6792,3825.6792,3825.6792,42921.2182,42921.2182,42921.2182,42921.2182,42921.2182
Africa,Forestland,Emissions (CO2eq) (AR5),kilotonnes,-34288.0071,1392.6843,1392.6843,1392.6843,1392.6843,1392.6843,1392.6843,1392.6843,1392.6843,1392.6843,1392.6843,3825.6792,3825.6792,3825.6792,3825.6792,3825.6792,42921.2182,42921.2182,42921.2182,42921.2182,42921.2182
Africa,Net Forest conversion,Emissions (CO2),kilotonnes,935252.7907,933724.6575,933724.6575,933724.6575,933724.6575,933724.6575,933724.6575,933724.6575,933724.6575,933724.6575,933724.6575,1139448.927,1139448.927,1139448.927,1139448.927,1139448.927,1140613.03,1140613.03,1140613.03,1140613.03,1140613.03
Africa,Net Forest conversion,Emissions (CO2eq) (AR5),kilotonnes,935252.7907,933724.6575,933724.6575,933724.6575,933724.6575,933724.6575,933724.6575,933724.6575,933724.6575,933724.6575,933724.6575,1139448.927,1139448.927,1139448.927,1139448.927,1139448.927,1140613.03,1140613.03,1140613.03,1140613.03,1140613.03
Africa,Savanna fires,Emissions (CH4),kilotonnes,3490.0383,3072.4848,3407.262,3661.7774,3540.7401,3892.7354,3445.3064,3601.8989,3620.2019,3264.8391,3555.2745,3716.8913,3434.201,3262.1612,3014.2904,3074.4043,3209.4309,3027.0867,2860.2694,2717.9303,3004.1118
Africa,Savanna fires,Emissions (N2O),kilotonnes,318.6557,280.5312,311.0978,334.3362,323.285,355.4237,314.5715,328.869,330.5402,298.094,324.612,339.3683,313.5575,297.8495,275.2178,280.7065,293.035,276.3862,261.155,248.1589,274.2885
Africa,Savanna fires,Emissions (CO2eq) from CH4 (AR5),kilotonnes,97721.0719,86029.5739,95403.3367,102529.7668,99140.7241,108996.5917,96468.5791,100853.1705,101365.6519,91415.4942,99547.6868,104072.957,96157.6286,91340.5148,84400.1305,86083.3191,89864.0647,84758.4287,80087.5444,76102.0489,84115.131
Africa,Savanna fires,Emissions (CO2eq) from N2O (AR5),kilotonnes,84443.7525,74340.7731,82440.9269,88599.0919,85670.5171,94187.2722,83361.4352,87150.294,87593.1448,78994.9107,86022.1859,89932.6095,83092.7334,78930.1188,72932.7215,74387.216,77654.2733,73242.3378,69206.0846,65762.0966,72686.4447
Africa,Savanna fires,Emissions (CO2eq) (AR5),kilotonnes,182164.8245,160370.347,177844.2636,191128.8587,184811.2412,203183.8638,179830.0143,188003.4645,188958.7967,170410.4049,185569.8727,194005.5665,179250.362,170270.6335,157332.852,160470.5352,167518.3379,158000.7665,149293.629,141864.1455,156801.5758
Africa,Fires in organic soils,Emissions (CH4),kilotonnes,0,0,0,0,0,0,0,0,0,0,0,0,0,0,0,0,0,0,0,0,0
Africa,Fires in organic soils,Emissions (CO2),kilotonnes,0,0,0,0,0,0,0,0,0,0,0,0,0,0,0,0,0,0,0,0,0
Africa,Fires in organic soils,Emissions (CO2eq) from CH4 (AR5),kilotonnes,0,0,0,0,0,0,0,0,0,0,0,0,0,0,0,0,0,0,0,0,0
Africa,Fires in organic soils,Emissions (CO2eq) (AR5),kilotonnes,0,0,0,0,0,0,0,0,0,0,0,0,0,0,0,0,0,0,0,0,0
Africa,Forest fires,Emissions (CH4),kilotonnes,2774.7205,1694.7286,1868.2222,2543.001,2338.5271,2713.8347,2507.0638,2530.358,2661.9621,2402.239,2811.6484,2624.9125,2624.7887,2494.5152,2380.6427,2665.3957,2802.007,2691.2062,2373.1712,2391.1533,2306.3823
Africa,Forest fires,Emissions (N2O),kilotonnes,82.1128,154.7361,170.5768,232.187,213.5177,247.7849,228.9058,231.0327,243.0487,219.3349,256.7157,239.6659,239.6546,227.7601,217.363,243.3622,255.8354,245.7188,216.6808,218.3227,210.5827
Africa,Forest fires,Emissions (CO2eq) from CH4 (AR5),kilotonnes,77692.1731,47452.4022,52310.2228,71204.0269,65478.76,75987.3722,70197.7857,70850.0251,74534.9379,67262.6918,78726.1558,73497.5503,73494.0837,69846.4261,66657.9965,74631.0791,78456.1966,75353.7733,66448.7937,66952.2917,64578.7047
Africa,Forest fires,Emissions (CO2eq) from N2O (AR5),kilotonnes,21759.8989,41005.0649,45202.8555,61529.5667,56582.1893,65663.001,60660.0431,61223.663,64407.9083,58123.7391,68029.6673,63511.4701,63508.4745,60356.4225,57601.2035,64490.9868,67796.3872,65115.4889,57420.425,57855.513,55804.4242
Africa,Forest fires,Emissions (CO2eq) (AR5),kilotonnes,99452.072,88457.4671,97513.0783,132733.5935,122060.9493,141650.3733,130857.8288,132073.6881,138942.8463,125386.4309,146755.8231,137009.0204,137002.5582,130202.8486,124259.2001,139122.0659,146252.5838,140469.2621,123869.2186,124807.8047,120383.1289
Africa,Fires in humid tropical forests,Emissions (CH4),kilotonnes,1908.0851,1357.0866,1567.9515,2126.0674,1958.2635,2242.0473,2096.9884,2072.2155,2156.0617,1931.5593,2209.8375,2180.3612,2113.6969,1995.7778,1909.5001,2178.2536,2285.463,2244.4869,1884.17,2004.6635,1936.2802
Africa,Fires in humid tropical forests,Emissions (N2O),kilotonnes,56.1201,123.9079,143.1608,194.1192,178.798,204.7087,191.4642,189.2023,196.8578,176.3598,201.7678,199.0765,192.9897,182.2232,174.3457,198.884,208.6727,204.9314,172.0329,183.0345,176.7908
Africa,Fires in humid tropical forests,Emissions (CO2eq) from CH4 (AR5),kilotonnes,53426.3816,37998.4254,43902.6408,59529.8869,54831.3781,62777.323,58715.6745,58022.0327,60369.7266,54083.6607,61875.4511,61050.1123,59183.5136,55881.7771,53466.0015,60991.0997,63992.964,62845.6342,52756.7594,56130.577,54215.846
Africa,Fires in humid tropical forests,Emissions (CO2eq) from N2O (AR5),kilotonnes,14871.8392,32835.5959,37937.6081,51441.587,47381.4626,54247.7955,50738.0014,50138.6043,52167.3181,46735.3372,53468.4604,52755.2601,51142.2753,48289.1444,46201.5991,52704.2655,55298.2678,54306.8252,45588.7214,48504.1399,46849.5626
Africa,Fires in humid tropical forests,Emissions (CO2eq) (AR5),kilotonnes,68298.2208,70834.0213,81840.2488,110971.4739,102212.8407,117025.1185,109453.6759,108160.637,112537.0448,100818.9979,115343.9115,113805.3724,110325.789,104170.9215,99667.6005,113695.3652,119291.2318,117152.4594,98345.4808,104634.717,101065.4086
Africa,Waste - agri-food systems,Emissions (CH4),kilotonnes,4675.5282,4732.2355,4797.0738,4845.9648,4895.7862,4951.8425,5005.5081,5065.5364,5138.7995,5198.1851,5243.1822,5318.8432,5369.6818,5426.0843,5459.6969,5497.9695,5543.1438,5592.1705,5642.8006,5689.9361,5734.9485
Africa,Waste - agri-food systems,Emissions (N2O),kilotonnes,16.7022,17.1875,17.8133,18.2758,18.8481,19.6718,20.3178,20.9827,21.8168,22.6667,23.3845,24.482,25.0947,25.7457,26.0325,26.5145,27.1532,27.656,28.3183,28.9774,29.6418
Africa,Waste - agri-food systems,Emissions (CO2),kilotonnes,0,0,0,0,0,0,0,0,0,0,0,0,0,0,0,0,0,0,0,0,0
Africa,Waste - agri-food systems,Emissions (CO2eq) from CH4 (AR5),kilotonnes,130914.7909,132502.5941,134318.0672,135687.0145,137082.0145,138651.5903,140154.228,141835.0194,143886.3857,145549.1827,146809.1028,148927.6093,150351.0894,151930.3592,152871.5142,153943.1452,155208.0272,156580.7735,157998.4165,159318.2101,160578.5569
Africa,Waste - agri-food systems,Emissions (CO2eq) from N2O (AR5),kilotonnes,4426.09,4554.6854,4720.5322,4843.077,4994.751,5213.0247,5384.2114,5560.415,5781.4498,6006.6859,6196.8913,6487.74,6650.1079,6822.6028,6898.6106,7026.3525,7195.6089,7328.8358,7504.348,7679.0194,7855.0875
Africa,Waste - agri-food systems,Emissions (CO2eq) (AR5),kilotonnes,135340.8808,137057.2795,139038.5994,140530.0915,142076.7655,143864.615,145538.4394,147395.4344,149667.8356,151555.8686,153005.9941,155415.3492,157001.1973,158752.962,159770.1249,160969.4977,162403.6361,163909.6092,165502.7645,166997.2296,168433.6443
Africa,Fertilizers Manufacturing,Emissions (N2O),kilotonnes,6.898,6.7535,6.6068,7.1271,6.9354,6.0446,6.0327,5.4139,4.7127,4.9104,5.1759,4.3529,4.9625,2.283,5.8744,2.8243,5.6117,3.3083,3.875,3.1947,3.221
Africa,Fertilizers Manufacturing,Emissions (CO2),kilotonnes,2106.7276,2247.0139,5836.1287,5903.7921,5873.415,5116.3914,6135.0641,6519.5544,2655.8938,3337.7452,8784.1412,8367.0912,10443.5018,16352.1514,17612.4375,13741.8738,15374.1658,17802.7166,18920.4366,18205.2063,16567.8034
Africa,Fertilizers Manufacturing,Emissions (CO2eq) from N2O (AR5),kilotonnes,1827.96,1789.669,1750.8022,1888.6905,1837.8679,1601.8146,1598.6655,1434.6835,1248.8655,1301.256,1371.6011,1153.5273,1315.0625,605.0056,1556.7231,748.4289,1487.1023,876.696,1026.875,846.6008,853.5546
Africa,Fertilizers Manufacturing,Emissions (CO2eq) (AR5),kilotonnes,3934.6877,4036.6829,7586.931,7792.4826,7711.2829,6718.206,7733.7296,7954.2379,3904.7593,4639.0012,10155.7424,9520.6185,11758.5643,16957.157,19169.1606,14490.3027,16861.2681,18679.4126,19947.3116,19051.8071,17421.358
Africa,On-farm electricity use,Emissions (CH4),kilotonnes,13.0852,14.5174,15.2763,17.1243,18.8326,20.766,20.5981,21.9242,20.5097,20.674,22.0574,24.1116,24.596,24.8148,25.6437,26.7121,27.5738,26.8313,26.8184,27.0534,27.0534
Africa,On-farm electricity use,Emissions (N2O),kilotonnes,0.0697,0.0776,0.0816,0.0914,0.1006,0.1107,0.1098,0.1169,0.1093,0.1101,0.1176,0.1286,0.1313,0.1323,0.1369,0.1424,0.147,0.1431,0.143,0.1443,0.1443
Africa,On-farm electricity use,Emissions (CO2),kilotonnes,7793.5123,8650.5256,8857.7955,9816.2995,11323.6934,12557.1152,12094.469,12291.0263,11783.8429,11445.1502,11882.0107,12534.5176,12895.0942,13363.7018,13773.1578,14185.3247,14821.4223,14485.0993,14352.3368,14468.168,14468.168
Africa,On-farm electricity use,Emissions (CO2eq) from CH4 (AR5),kilotonnes,366.3856,406.4872,427.7364,479.4804,527.3128,581.448,576.7468,613.8776,574.2716,578.872,617.6072,675.1248,688.688,694.8144,718.0236,747.9388,772.0664,751.2764,750.9152,757.4952,757.4952
Africa,On-farm electricity use,Emissions (CO2eq) from N2O (AR5),kilotonnes,18.4705,20.564,21.624,24.221,26.659,29.3355,29.097,30.9785,28.9645,29.1765,31.164,34.079,34.7945,35.0595,36.2785,37.736,38.955,37.9215,37.895,38.2395,38.2395
Africa,On-farm electricity use,Emissions (CO2eq) (AR5),kilotonnes,8178.3684,9077.5768,9307.1559,10320.0009,11877.6652,13167.8987,12700.3128,12935.8824,12387.079,12053.1987,12530.7819,13243.7214,13618.5767,14093.5757,14527.4599,14970.9995,15632.4437,15274.2972,15141.147,15263.9027,15263.9027
Africa,Food Processing,Emissions (CH4),kilotonnes,190.7661,607.8877,470.0036,95.8609,39.2659,47.3316,53.3625,36.0575,20.0816,21.9456,23.5954,21.835,23.6025,74.6288,69.9487,73.6553,75.2853,82.9209,83.1685,76.6866,73.7884
Africa,Food Processing,Emissions (N2O),kilotonnes,0.5113,0.9775,0.9346,0.2947,0.0632,0.0881,0.1458,0.1207,0.1093,0.1597,0.1515,0.1824,0.1822,0.2431,0.242,0.2742,0.2767,0.2483,0.2422,0.2514,0.2557
Africa,Food Processing,Emissions (CO2),kilotonnes,28666.4575,48554.5129,43452.6952,20516.6468,13297.728,15891.3752,17037.9497,13424.98,8534.8019,12233.5413,11388.0802,12913.6712,12397.4352,20312.1422,20999.872,20971.8189,21463.2262,22532.6858,21799.4637,21153.5362,19623.5633
Africa,Food Processing,Emissions (CO2eq) from CH4 (AR5),kilotonnes,5341.4508,17020.8556,13160.1008,2684.1052,1099.4452,1325.2848,1494.15,1009.61,562.2848,614.4768,660.6712,611.38,660.87,2089.6064,1958.5636,2062.3484,2107.9884,2321.7852,2328.718,2147.2248,2066.0739
Africa,Food Processing,Emissions (CO2eq) from N2O (AR5),kilotonnes,135.4945,259.0375,247.669,78.0955,16.748,23.3465,38.637,31.9855,28.9645,42.3205,40.1475,48.336,48.283,64.4215,64.13,72.663,73.3255,65.7995,64.183,66.621,67.7553
Africa,Food Processing,Emissions (CO2eq) (AR5),kilotonnes,34143.4028,65834.406,56860.465,23278.8475,14413.9212,17240.0065,18570.7367,14466.5755,9126.0512,12890.3386,12088.8989,13573.3872,13106.5882,22466.1701,23022.5656,23106.8303,23644.5401,24920.2705,24192.3647,23367.382,21757.3924
Africa,Food Packaging,Emissions (CH4),kilotonnes,6.6984,9.4185,8.7586,20.7384,25.7314,29.1677,27.7364,27.7041,29.0811,30.8206,41.7921,40.6589,39.9863,44.7459,51.907,56.6435,59.4081,61.5209,61.6704,59.4643,58.9759
Africa,Food Packaging,Emissions (N2O),kilotonnes,0.0481,0.0508,0.0529,0.0639,0.0712,0.0868,0.0875,0.0841,0.0873,0.0999,0.1394,0.0854,0.0915,0.0941,0.1152,0.1308,0.1342,0.1246,0.1402,0.1349,0.1371
Africa,Food Packaging,Emissions (CO2),kilotonnes,2476.8481,2932.2931,2943.0539,3414.0104,3472.1952,5630.8316,5627.0825,5580.338,6323.3165,7671.2721,10268.7511,6035.8057,6043.0032,6368.6137,8172.1884,9053.884,8190.8881,7628.2602,8846.2323,9214.4649,8613.2566
Africa,Food Packaging,Emissions (CO2eq) from CH4 (AR5),kilotonnes,187.5552,263.718,245.2408,580.6752,720.4792,816.6956,776.6192,775.7148,814.2708,862.9768,1170.1788,1138.4492,1119.6164,1252.8852,1453.396,1586.018,1663.4268,1722.5852,1726.7712,1665.0004,1651.3249
Africa,Food Packaging,Emissions (CO2eq) from N2O (AR5),kilotonnes,12.7465,13.462,14.0185,16.9335,18.868,23.002,23.1875,22.2865,23.1345,26.4735,36.941,22.631,24.2475,24.9365,30.528,34.662,35.563,33.019,37.153,35.7485,36.3447
Africa,Food Packaging,Emissions (CO2eq) (AR5),kilotonnes,2677.1498,3209.4731,3202.3132,4011.6191,4211.5424,6470.5292,6426.8892,6378.3393,7160.7218,8560.7224,11475.8709,7196.8859,7186.8671,7646.4354,9656.1124,10674.564,9889.8779,9383.8644,10610.1565,10915.2138,10300.9262
Africa,Food Retail,Emissions (CH4),kilotonnes,4.4155,4.4853,5.339,5.7624,6.0774,11.1738,11.9517,12.914,14.0485,14.4481,15.5755,16.1578,16.8682,16.0953,17.8158,18.2049,19.7253,19.8798,20.7325,20.4678,20.4081
Africa,Food Retail,Emissions (N2O),kilotonnes,0.0246,0.0255,0.0308,0.0325,0.0375,0.0643,0.0698,0.0777,0.0832,0.0865,0.1058,0.1097,0.1261,0.122,0.131,0.1289,0.134,0.1208,0.1546,0.1411,0.1421
Africa,Food Retail,Emissions (CO2),kilotonnes,1923.5733,2020.6194,2366.8079,2464.0345,3208.5586,6639.7852,7126.209,7555.2145,8657.3083,8816.8203,9914.0744,9984.5158,11172.6821,11148.7948,11691.3829,11428.6361,13675.7858,11846.3234,13764.5135,13058.7406,12089.0224
Africa,Food Retail,Emissions (CO2eq) from F-gases (AR5),kilotonnes,615.6075,776.133,973.0235,1198.4865,1475.38,1647.854,1850.9785,2053.064,2080.5975,2094.624,2102.4165,2106.5725,2109.6895,2112.8065,2112.8065,2112.8065,2290.995,2339.3085,2385.544,2433.338,2517.419
Africa,Food Retail,Emissions (CO2eq) from CH4 (AR5),kilotonnes,123.6329,125.5877,149.4918,161.3475,170.1675,312.8669,334.6468,361.5913,393.3578,404.5467,436.1141,452.4194,472.3097,450.6691,498.843,509.7375,552.309,556.6357,580.51,573.0984,571.4278
Africa,Food Retail,Emissions (CO2eq) from N2O (AR5),kilotonnes,6.5168,6.752,8.1685,8.6231,9.9294,17.0484,18.4874,20.6036,22.0604,22.9145,28.0362,29.07,33.4166,32.3301,34.7148,34.1585,35.51,32.012,40.969,37.3915,37.6615
Africa,Food Retail,Emissions (CO2eq) (AR5),kilotonnes,2669.3304,2929.0921,3497.4916,3832.4916,4864.0355,8617.5545,9330.3217,9990.4734,11153.3241,11338.9054,12480.6412,12572.5777,13788.0979,13744.6005,14337.7473,14085.3386,16554.5999,14774.2796,16771.5365,16102.5685,15215.5306
Africa,Food Household Consumption,Emissions (CH4),kilotonnes,51.2185,59.1722,61.69,67.8615,74.1719,80.0926,84.9938,93.8962,98.5034,95.8958,96.9558,106.1511,125.8246,131.141,135.4591,134.0053,113.3974,112.3442,164.3697,164.3471,163.539
Africa,Food Household Consumption,Emissions (N2O),kilotonnes,0.3433,0.3936,0.4084,0.434,0.4657,0.5091,0.5051,0.5509,0.5742,0.5601,0.567,0.61,0.7067,0.7184,0.7381,0.7314,0.631,0.6235,0.8866,0.8865,0.8961
Africa,Food Household Consumption,Emissions (CO2),kilotonnes,41716.4799,46689.5692,46744.4965,49199.0002,53578.499,58074.4924,56322.7555,59259.1378,63601.8175,61606.3027,61760.4285,64417.9487,72920.9955,75899.0758,77710.2466,78390.3911,74700.9705,75084.4774,93978.3092,94101.0547,87093.184
Africa,Food Household Consumption,Emissions (CO2eq) from CH4 (AR5),kilotonnes,1434.118,1656.8216,1727.32,1900.122,2076.8132,2242.5928,2379.8264,2629.0936,2758.0952,2685.0824,2714.7624,2972.2308,3523.0888,3671.948,3792.8548,3752.1484,3175.1272,3145.6376,4602.3516,4601.7188,4579.0919
Africa,Food Household Consumption,Emissions (CO2eq) from N2O (AR5),kilotonnes,90.9745,104.304,108.226,115.01,123.4105,134.9115,133.8515,145.9885,152.163,148.4265,150.255,161.65,187.2755,190.376,195.5965,193.821,167.215,165.2275,234.949,234.9225,237.4797
Africa,Food Household Consumption,Emissions (CO2eq) (AR5),kilotonnes,43241.5724,48450.6948,48580.0425,51214.1322,55778.7227,60451.9967,58836.4334,62034.2199,66512.0757,64439.8116,64625.4459,67551.8295,76631.3598,79761.3998,81698.6979,82336.3605,78043.3127,78395.3425,98815.6098,98937.696,91909.7555
Africa,Food Transport,Emissions (CH4),kilotonnes,2.9972,3.0911,3.2793,3.3087,3.3824,3.3584,3.3342,3.3739,3.5836,3.6213,3.7549,3.8214,4.3301,5.0203,5.2849,5.3184,5.6399,5.669,6.2561,5.3949,5.2574
Africa,Food Transport,Emissions (N2O),kilotonnes,0.4911,0.509,0.5454,0.5619,0.5782,0.5779,0.5833,0.6052,0.6278,0.6557,0.7089,0.7242,0.8117,0.9169,0.9705,1.0071,1.0406,1.0138,1.0864,1.0304,1.0466
Africa,Food Transport,Emissions (CO2),kilotonnes,16491.7995,17037.0144,18179.1684,19066.3637,20002.9753,19994.1823,20531.3599,21660.0205,23149.1671,24276.7597,26349.8715,26798.9214,29832.9707,33659.1366,35314.24,35713.856,37241.9779,37501.1721,39585.9762,37312.0153,34874.0225
Africa,Food Transport,Emissions (CO2eq) from CH4 (AR5),kilotonnes,83.9216,86.5508,91.8204,92.6436,94.7072,94.0352,93.3576,94.4692,100.3408,101.3964,105.1372,106.9992,121.2428,140.5684,147.9772,148.9152,157.9172,158.732,175.1708,151.0572,147.2081
Africa,Food Transport,Emissions (CO2eq) from N2O (AR5),kilotonnes,130.1415,134.885,144.531,148.9035,153.223,153.1435,154.5745,160.378,166.367,173.7605,187.8585,191.913,215.1005,242.9785,257.1825,266.8815,275.759,268.657,287.896,273.056,277.3583
Africa,Food Transport,Emissions (CO2eq) (AR5),kilotonnes,16705.8626,17258.4502,18415.5198,19307.9108,20250.9055,20241.361,20779.292,21914.8677,23415.8749,24551.9166,26642.8672,27097.8336,30169.314,34042.6835,35719.3997,36129.6527,37675.6541,37928.5611,40049.043,37736.1285,35298.5889
Africa,Energy,Emissions (CH4),kilotonnes,20577.9267,20234.0037,18338.307,19923.6862,19865.2553,20113.9387,19576.7465,18781.5627,18988.241,18343.3551,18967.975,18390.9211,19440.6846,18748.6937,18718.8988,18727.1739,18401.4555,19100.3078,19038.1311,18524.4604,18457.1081
Africa,Energy,Emissions (N2O),kilotonnes,52.5158,54.0879,55.1467,56.7072,59.4582,61.8729,63.2817,64.4109,66.0449,67.2648,69.3092,70.7779,72.6366,73.9168,75.3981,76.4491,77.8373,79.7429,80.8345,82.6729,84.2425
Africa,Energy,Emissions (CO2),kilotonnes,960785.7,918527.3,914852.7,993532,1058945.3,1086218,1122250.3,1159091.3,1205074.3,1209101.7,1214232,1232190,1230440,1261001,1343941,1297667,1324717,1374395,1387847.6,1426490.2,1326692.2
Africa,Energy,Emissions (CO2eq) from CH4 (AR5),kilotonnes,576181.9484,566552.1036,513472.5966,557863.2136,556227.1484,563190.2836,548148.902,525883.7556,531670.748,513613.9428,531103.3,514945.7908,544339.1688,524963.4236,524129.1664,524360.8692,515240.754,534808.6184,533067.6708,518684.8912,516799.0268
Africa,Energy,Emissions (CO2eq) from N2O (AR5),kilotonnes,13916.6849,14333.2816,14613.8787,15027.3977,15756.4156,16396.3145,16769.6423,17068.876,17501.9027,17825.1805,18366.9396,18756.1316,19248.7112,19587.9546,19980.4989,20259.02,20626.8932,21131.864,21421.1364,21908.3209,22324.2596
Africa,Energy,Emissions (CO2eq) (AR5),kilotonnes,1550884.333,1499412.685,1442939.175,1566422.611,1630928.864,1665804.598,1687168.844,1702043.932,1754246.951,1740540.823,1763702.24,1765891.922,1794027.88,1805552.378,1888050.665,1842286.889,1860584.647,1930335.482,1942336.407,1967083.412,1865815.486
Africa,IPPU,Emissions (CH4),kilotonnes,7.0225,7.8032,8.2853,8.8496,9.3127,9.2139,9.7791,10.1373,9.4304,7.9672,9.7926,13.1298,14.0979,10.8781,11.3559,9.6868,9.8236,11.1565,10.3123,11.3474,11.4773
Africa,IPPU,Emissions (N2O),kilotonnes,24.0865,24.1579,24.4081,25.4213,26.1156,26.2986,21.6727,26.112,24.0764,25.44,29.2925,29.3964,29.5133,29.6304,29.7496,29.8709,29.9925,30.114,30.2374,33.7094,34.5435
Africa,IPPU,Emissions (CO2),kilotonnes,55867.956,58745.572,62517.487,63826.455,67348.94,70710.031,75303.041,80020.141,82523.615,85323.17,92797.137,93684.87,97559.725,98396.81,104880.88,107470.37,110542.25,111985.42,115774.68,116272.3,115269.03
Africa,IPPU,Emissions (CO2eq) from F-gases (AR5),kilotonnes,4904.6161,4849.3994,4905.2549,5255.2332,5935.4216,6536.8463,6961.1027,7317.1526,7727.203,7995.5812,8411.3541,8616.7762,8978.3875,9347.4531,9733.057,10128.7001,10542.9998,10947.7842,11316.7186,11692.6312,12082.5458
Africa,IPPU,Emissions (CO2eq) from CH4 (AR5),kilotonnes,196.6314,218.4894,231.9881,247.7883,260.7569,257.9885,273.815,283.8433,264.0517,223.0829,274.1932,367.6334,394.7416,304.586,317.9657,271.2294,275.0612,312.381,288.7447,317.7281,321.3636
Africa,IPPU,Emissions (CO2eq) from N2O (AR5),kilotonnes,6382.9146,6401.8493,6468.1441,6736.6323,6920.6424,6969.1331,5743.2651,6919.6768,6380.2412,6741.5979,7762.511,7790.0478,7821.0326,7852.0682,7883.638,7915.7912,7948.0013,7980.2068,8012.9195,8932.9835,9154.026
Africa,IPPU,Emissions (CO2eq) (AR5),kilotonnes,67352.1181,70215.3101,74122.8741,76066.1088,80465.7609,84473.999,88281.2238,94540.8137,96895.1109,100283.432,109245.1953,110459.3275,114753.8867,115900.9173,122815.5407,125786.0907,129308.3123,131225.792,135393.0628,137215.6428,136826.9654
Africa,Waste,Emissions (CH4),kilotonnes,5895.8065,6056.5995,6243.5652,6419.7049,6751.4946,6940.9965,7027.4891,7214.1988,7443.4687,7625.0987,7864.8986,8109.9384,8389.8182,8635.828,8905.1578,9155.5576,9412.9776,9690.1377,9956.7578,10085.4371,10314.277
Africa,Waste,Emissions (N2O),kilotonnes,30.8032,31.4423,32.0736,33.0749,34.0802,35.2263,36.4086,37.6489,38.8005,40.0564,41.3942,42.9155,44.2885,47.0131,48.1446,49.2898,50.382,51.3641,52.5557,54.4025,55.7976
Africa,Waste,Emissions (CO2),kilotonnes,13.1234,13.544,13.865,14.3072,14.6622,15.1432,15.6272,16.1319,16.6749,17.2119,17.7749,16.4955,15.2375,19.1155,23.1095,26.9551,28.3501,29.8271,31.2842,29.6775,30.8787
Africa,Waste,Emissions (CO2eq) from CH4 (AR5),kilotonnes,165082.582,169584.786,174819.8256,179751.7372,189041.8488,194347.902,196769.6948,201997.5664,208417.1236,213502.7636,220217.1608,227078.2752,234914.9096,241803.184,249344.4184,256355.6128,263563.3728,271323.8556,278789.2184,282392.2388,288799.756
Africa,Waste,Emissions (CO2eq) from N2O (AR5),kilotonnes,8162.856,8332.2095,8499.4987,8764.8432,9031.2451,9334.9801,9648.2869,9976.9718,10282.1325,10614.9513,10969.4736,11372.5969,11736.4631,12458.4688,12758.3296,13061.8076,13351.2353,13611.4838,13927.2684,14416.6652,14786.3534
Africa,Waste,Emissions (CO2eq) (AR5),kilotonnes,173258.5613,177930.5395,183333.1893,188530.8876,198087.7561,203698.0253,206433.609,211990.67,218715.931,224134.9268,231204.4093,238467.3676,246666.6102,254280.7684,262125.8575,269444.3755,276942.9583,284965.1666,292747.771,296838.5814,303616.9881
Africa,Other,Emissions (N2O),kilotonnes,36.4624,38.6493,39.7076,40.7336,42.4448,43.2916,44.0255,45.0597,46.6115,46.6579,49.0223,49.6489,52.251,54.9757,56.6327,56.9818,58.1759,59.0345,60.4283,62.1328,63.5807
Africa,Other,Emissions (CO2eq) from N2O (AR5),kilotonnes,9662.5482,10242.0759,10522.5251,10794.4119,11247.8712,11472.2729,11666.762,11940.8266,12352.06,12364.3525,12990.9148,13156.9609,13846.5102,14568.5655,15007.657,15100.1884,15416.6048,15644.1404,16013.5053,16465.201,16848.8741
Africa,Other,Emissions (CO2eq) (AR5),kilotonnes,9662.5482,10242.0759,10522.5251,10794.4119,11247.8712,11472.2729,11666.762,11940.8266,12352.06,12364.3525,12990.9148,13156.9609,13846.5102,14568.5655,15007.657,15100.1884,15416.6048,15644.1404,16013.5053,16465.201,16848.8741
Africa,Farm-gate emissions,Emissions (CH4),kilotonnes,16559.3585,16400.4807,17134.0363,17752.9265,17940.8433,18761.7069,18630.067,19561.7977,20123.1203,19959.4019,20811.5637,21325.9694,21736.2557,21908.1815,22067.4756,22510.255,23263.9276,23329.2232,23714.7391,24141.2693,25028.0567
Africa,Farm-gate emissions,Direct emissions (N2O),kilotonnes,515.8517,528.6874,545.5633,559.2906,574.8553,590.7874,604.1674,628.2729,648.476,661.7329,683.2697,694.644,719.3466,737.1825,753.6644,767.4172,789.0394,808.3182,822.0609,843.4131,866.0555
Africa,Farm-gate emissions,Indirect emissions (N2O),kilotonnes,143.2466,147.0051,151.9553,155.4715,160.6425,164.8303,168.3592,175.51,181.0213,184.6278,190.8942,194.0259,201.1878,206.7002,211.36,215.1869,221.7314,228.2161,232.2229,239.6436,246.0167
Africa,Farm-gate emissions,Emissions (N2O),kilotonnes,1010.7105,989.2343,1042.5425,1083.2716,1093.4758,1147.8473,1124.5571,1171.6221,1200.2777,1185.6227,1241.31,1271.0628,1278.642,1285.5758,1285.2699,1309.0974,1351.6693,1361.7942,1364.0739,1381.3587,1436.6669
Africa,Farm-gate emissions,Emissions (CO2),kilotonnes,77078.8035,77114.1254,77744.6797,78009.0215,77978.5817,81676.6194,83511.6264,86074.8293,86963.3304,88677.0632,88692.8107,88683.4627,90658.3173,87719.506,89290.9028,87941.2694,93467.7521,94728.4004,90558.0824,90860.0267,90834.3344
Africa,Farm-gate emissions,Emissions (CO2eq) from CH4 (AR5),kilotonnes,463662.0386,459213.4606,479753.0167,497081.9419,502343.6122,525327.793,521641.8772,547730.3364,563447.3687,558863.2537,582723.7828,597127.1435,608615.1593,613429.0829,617889.3169,630287.1393,651389.9715,653218.2498,664012.6951,675955.5405,700785.5889
Africa,Farm-gate emissions,Emissions (CO2eq) from N2O (AR5),kilotonnes,267838.28,262147.0896,276273.7581,287066.9674,289771.0928,304179.5357,298007.6425,310479.8518,318073.6017,314190.0113,328947.153,336831.633,338840.1366,340677.5741,340596.5186,346910.8156,358192.3563,360875.4534,361479.5903,366060.0435,380716.722
Africa,Farm-gate emissions,Emissions (CO2eq) (AR5),kilotonnes,808579.1222,798474.6756,833771.4545,862157.9308,870093.2867,911183.9481,903161.1461,944285.0175,968484.3008,961730.3281,1000363.747,1022642.239,1038113.613,1041826.163,1047776.738,1065139.224,1103050.08,1108822.104,1116050.368,1132875.611,1172336.645
Africa,Land Use change,Emissions (CH4),kilotonnes,1908.0851,1357.0866,1567.9515,2126.0674,1958.2635,2242.0473,2096.9884,2072.2155,2156.0617,1931.5593,2209.8375,2180.3612,2113.6969,1995.7778,1909.5001,2178.2536,2285.463,2244.4869,1884.17,2004.6635,1936.2802
Africa,Land Use change,Emissions (N2O),kilotonnes,56.1201,123.9079,143.1608,194.1192,178.798,204.7087,191.4642,189.2023,196.8578,176.3598,201.7678,199.0765,192.9897,182.2232,174.3457,198.884,208.6727,204.9314,172.0329,183.0345,176.7908
Africa,Land Use change,Emissions (CO2),kilotonnes,935252.7907,933724.6575,933724.6575,933724.6575,933724.6575,933724.6575,933724.6575,933724.6575,933724.6575,933724.6575,933724.6575,1139448.927,1139448.927,1139448.927,1139448.927,1139448.927,1140613.03,1140613.03,1140613.03,1140613.03,1140613.03
Africa,Land Use change,Emissions (CO2eq) from CH4 (AR5),kilotonnes,53426.3816,37998.4254,43902.6408,59529.8869,54831.3781,62777.323,58715.6745,58022.0327,60369.7266,54083.6607,61875.4511,61050.1123,59183.5136,55881.7771,53466.0015,60991.0997,63992.964,62845.6342,52756.7594,56130.577,54215.846
Africa,Land Use change,Emissions (CO2eq) from N2O (AR5),kilotonnes,14871.8392,32835.5959,37937.6081,51441.587,47381.4626,54247.7955,50738.0014,50138.6043,52167.3181,46735.3372,53468.4604,52755.2601,51142.2753,48289.1444,46201.5991,52704.2655,55298.2678,54306.8252,45588.7214,48504.1399,46849.5626
Africa,Land Use change,Emissions (CO2eq) (AR5),kilotonnes,1003551.012,1004558.679,1015564.906,1044696.131,1035937.498,1050749.776,1043178.333,1041885.294,1046261.702,1034543.655,1049068.569,1253254.299,1249774.716,1243619.848,1239116.527,1253144.292,1259904.262,1257765.49,1238958.511,1245247.747,1241678.439
Africa,Emissions on agricultural land,Emissions (CH4),kilotonnes,18467.4436,17757.5674,18701.9878,19878.9939,19899.1068,21003.7541,20727.0554,21634.0132,22279.182,21890.9612,23021.4012,23506.3306,23849.9526,23903.9593,23976.9757,24688.5085,25549.3906,25573.7101,25598.9091,26145.9328,26964.337
Africa,Emissions on agricultural land,Emissions (N2O),kilotonnes,1066.8306,1113.1422,1185.7033,1277.3908,1272.2738,1352.556,1316.0213,1360.8244,1397.1355,1361.9824,1443.0778,1470.1392,1471.6317,1467.7989,1459.6155,1507.9814,1560.342,1566.7256,1536.1068,1564.3931,1613.4577
Africa,Emissions on agricultural land,Emissions (CO2),kilotonnes,1012331.594,1010838.783,1011469.337,1011733.679,1011703.239,1015401.277,1017236.284,1019799.487,1020687.988,1022401.721,1022417.468,1228132.389,1230107.244,1227168.433,1228739.83,1227390.196,1234080.782,1235341.431,1231171.113,1231473.057,1231447.365
Africa,Emissions on agricultural land,Emissions (CO2eq) from CH4 (AR5),kilotonnes,517088.4202,497211.886,523655.6574,556611.8288,557174.9903,588105.1161,580357.5518,605752.369,623817.0953,612946.9143,644599.2338,658177.2558,667798.6729,669310.86,671355.3184,691278.239,715382.9355,716063.8839,716769.4545,732086.1175,755001.4349
Africa,Emissions on agricultural land,Emissions (CO2eq) from N2O (AR5),kilotonnes,282710.1192,294982.6855,314211.3662,338508.5545,337152.5554,358427.3312,348745.6439,360618.4561,370240.9198,360925.3485,382415.6134,389586.8931,389982.412,388966.7185,386798.1177,399615.0811,413490.6242,415182.2786,407068.3117,414564.1834,427566.2846
Africa,Emissions on agricultural land,Emissions (CO2eq) (AR5),kilotonnes,1812130.134,1803033.354,1849336.361,1906854.062,1906030.785,1961933.724,1946339.48,1986170.312,2014746.003,1996273.984,2049432.315,2275896.538,2287888.329,2285446.011,2286893.266,2318283.516,2362954.342,2366587.593,2355008.879,2378123.358,2414015.084
Africa,Pre- and post- production,Emissions (CH4),kilotonnes,4944.7091,5430.8077,5361.4206,5056.621,5063.2478,5143.7326,5207.4848,5261.4063,5324.6074,5385.5905,5446.9133,5531.579,5604.8895,5722.5304,5765.7562,5812.509,5844.1736,5901.3366,6005.8162,6043.3502,6083.9707
Africa,Pre- and post- production,Emissions (N2O),kilotonnes,25.0883,25.9749,26.4739,26.8813,27.0998,27.1533,27.8517,27.9521,28.1206,29.2491,30.3505,30.6753,32.1067,30.2555,34.2406,31.7536,35.1284,33.2384,34.8463,34.7608,35.4848
Africa,Pre- and post- production,Emissions (CO2),kilotonnes,101175.3982,128131.5486,128380.1462,110380.1472,110757.0646,123904.1733,124874.8897,126290.2715,124706.1481,129387.5915,140347.3576,141052.4715,155705.6827,177103.6163,185273.5253,183485.7845,185468.4367,186880.7348,211247.2683,207513.186,193329.0202
Africa,Pre- and post- production,Emissions (CO2eq) from F-gases (AR5),kilotonnes,615.6075,776.133,973.0235,1198.4865,1475.38,1647.854,1850.9785,2053.064,2080.5975,2094.624,2102.4165,2106.5725,2109.6895,2112.8065,2112.8065,2112.8065,2290.995,2339.3085,2385.544,2433.338,2517.419
Africa,Pre- and post- production,Emissions (CO2eq) from CH4 (AR5),kilotonnes,138451.8549,152062.615,150119.7774,141585.3884,141770.9396,144024.5136,145809.5747,147319.3759,149089.0068,150796.5337,152513.5737,154884.2127,156936.9051,160230.8507,161441.1725,162750.2515,163636.8622,165237.4256,168162.8533,169213.8049,170351.1786
Africa,Pre- and post- production,Emissions (CO2eq) from N2O (AR5),kilotonnes,6648.3943,6883.3589,7015.5714,7123.5541,7181.4568,7195.6268,7380.7118,7407.319,7451.9692,7751.0139,8042.8946,8128.9463,8508.288,8017.7105,9073.764,8414.7034,9309.0387,8808.1682,9234.268,9211.5992,9403.481
Africa,Pre- and post- production,Emissions (CO2eq) (AR5),kilotonnes,246891.2549,287853.6554,286488.5185,260287.5762,261184.841,276772.1677,279916.1548,283070.0305,283327.7216,290029.7631,303006.2425,306172.203,323260.5653,347464.984,357901.2683,356763.5459,360705.3325,363265.6371,391029.9336,388371.9282,375601.0988
Africa,Agri-food systems,Emissions (CH4),kilotonnes,23412.1527,23188.375,24063.4084,24935.6149,24962.3546,26147.4868,25934.5402,26895.4195,27603.7894,27276.5517,28468.3146,29037.9096,29454.8421,29626.4897,29742.7318,30501.0175,31393.5642,31475.0468,31604.7253,32189.2829,33048.3076
Africa,Agri-food systems,Emissions (N2O),kilotonnes,1091.9189,1139.1171,1212.1771,1304.2721,1299.3736,1379.7093,1343.873,1388.7765,1425.2562,1391.2316,1473.4283,1500.8145,1503.7385,1498.0544,1493.8562,1539.735,1595.4704,1599.964,1570.9531,1599.1539,1648.9425
Africa,Agri-food systems,Emissions (CO2),kilotonnes,1113506.992,1138970.331,1139849.483,1122113.826,1122460.304,1139305.45,1142111.174,1146089.758,1145394.136,1151789.312,1162764.826,1369184.861,1385812.927,1404272.049,1414013.355,1410875.981,1419549.219,1422222.165,1442418.381,1438986.243,1424776.385
Africa,Agri-food systems,Emissions (CO2eq) from F-gases (AR5),kilotonnes,615.6075,776.133,973.0235,1198.4865,1475.38,1647.854,1850.9785,2053.064,2080.5975,2094.624,2102.4165,2106.5725,2109.6895,2112.8065,2112.8065,2112.8065,2290.995,2339.3085,2385.544,2433.338,2517.419
Africa,Agri-food systems,Emissions (CO2eq) from CH4 (AR5),kilotonnes,655540.2752,649274.501,673775.4348,698197.2172,698945.9299,732129.6296,726167.1265,753071.745,772906.1021,763743.4481,797112.8075,813061.4685,824735.5781,829541.7108,832796.4909,854028.4906,879019.7977,881301.3095,884932.3078,901299.9225,925352.6135
Africa,Agri-food systems,Emissions (CO2eq) from N2O (AR5),kilotonnes,289358.5135,301866.0443,321226.9375,345632.1086,344334.0122,365622.958,356126.3557,368025.7751,377692.889,368676.3624,390458.5081,397715.8395,398490.6999,396984.4289,395871.8817,408029.7845,422799.6628,423990.4468,416302.5797,423775.7826,436969.7656
Africa,Agri-food systems,Emissions (CO2eq) (AR5),kilotonnes,2059021.389,2090887.01,2135824.879,2167141.638,2167215.626,2238705.892,2226255.634,2269240.342,2298073.725,2286303.747,2352438.558,2582068.741,2611148.894,2632910.995,2644794.534,2675047.062,2723659.675,2729853.23,2746038.813,2766495.286,2789616.183
Africa,IPCC Agriculture,Emissions (CH4),kilotonnes,16548.4888,16391.3137,17124.4696,17742.4894,17931.0213,18751.3742,18615.2893,19544.552,20106.2902,19940.8043,20794.3894,21306.9104,21713.5797,21886.159,22044.2107,22489.0172,23245.1953,23309.7414,23688.2034,24113.984,25000.7714
Africa,IPCC Agriculture,Direct emissions (N2O),kilotonnes,515.8517,528.6874,545.5633,559.2906,574.8553,590.7874,604.1674,628.2729,648.476,661.7329,683.2697,694.644,719.3466,737.1825,753.6644,767.4172,789.0394,808.3182,822.0609,843.4131,866.0555
Africa,IPCC Agriculture,Indirect emissions (N2O),kilotonnes,143.2466,147.0051,151.9553,155.4715,160.6425,164.8303,168.3592,175.51,181.0213,184.6278,190.8942,194.0259,201.1878,206.7002,211.36,215.1869,221.7314,228.2161,232.2229,239.6436,246.0167
Africa,IPCC Agriculture,Emissions (N2O),kilotonnes,1007.0714,985.5614,1038.7722,1079.5497,1089.7948,1142.8833,1119.4073,1165.8909,1194.3891,1179.4789,1235.0958,1264.7082,1272.0082,1280.079,1279.3661,1303.3505,1344.5731,1354.4844,1358.3793,1375.6591,1430.9674
Africa,IPCC Agriculture,Emissions (CO2eq) from CH4 (AR5),kilotonnes,463357.6875,458956.7832,479485.1475,496789.7027,502068.595,525038.4774,521228.1004,547247.4554,562976.1253,558342.5195,582242.9018,596593.4925,607980.2321,612812.4507,617237.8993,629692.4823,650865.4685,652672.7591,663269.6959,675191.5513,700021.5996
Africa,IPCC Agriculture,Emissions (CO2eq) from N2O (AR5),kilotonnes,266873.9326,261173.7649,275274.6212,286080.6581,288795.6352,302864.074,296642.946,308961.084,316513.1003,312561.9157,327300.383,335147.6736,337082.1635,339220.929,339032.0271,345387.8944,356311.8734,358938.3653,359970.5221,364549.6699,379206.3484
Africa,IPCC Agriculture,Emissions (CO2eq) (AR5),kilotonnes,730231.62,720130.5481,754759.7687,782870.3608,790864.2302,827902.5514,817871.0464,856208.5394,879489.2257,870904.4352,909543.2848,931741.1661,945062.3956,952033.3797,956269.9264,975080.3767,1007177.342,1011611.124,1023240.218,1039741.221,1079227.948
Africa,Agricultural Soils,Direct emissions (N2O),kilotonnes,515.8517,528.6874,545.5633,559.2906,574.8553,590.7874,604.1674,628.2729,648.476,661.7329,683.2697,694.644,719.3466,737.1825,753.6644,767.4172,789.0394,808.3182,822.0609,843.4131,866.0555
Africa,Agricultural Soils,Indirect emissions (N2O),kilotonnes,143.2466,147.0051,151.9553,155.4715,160.6425,164.8303,168.3592,175.51,181.0213,184.6278,190.8942,194.0259,201.1878,206.7002,211.36,215.1869,221.7314,228.2161,232.2229,239.6436,246.0167
Africa,Agricultural Soils,Emissions (N2O),kilotonnes,670.4902,687.0716,708.9086,726.1438,746.8809,767.0114,783.9181,815.1618,840.8798,857.7509,885.5641,900.087,931.9818,955.3281,976.4584,994.0377,1022.1804,1047.9312,1065.6625,1094.3743,1123.3841
Africa,Agricultural Soils,Emissions (CO2eq) from N2O (AR5),kilotonnes,177679.9005,182073.9746,187860.7831,192428.0997,197923.4476,203258.009,207738.2942,216017.8797,222833.135,227303.9788,234674.4746,238523.0484,246975.1739,253161.9538,258761.4653,263419.9874,270877.8065,277701.7741,282400.554,290009.1889,297696.7737
Africa,Agricultural Soils,Emissions (CO2eq) (AR5),kilotonnes,177679.9005,182073.9746,187860.7831,192428.0997,197923.4476,203258.009,207738.2942,216017.8797,222833.135,227303.9788,234674.4746,238523.0484,246975.1739,253161.9538,258761.4653,263419.9874,270877.8065,277701.7741,282400.554,290009.1889,297696.7737
Africa,LULUCF,Emissions (CH4),kilotonnes,2774.7205,1694.7286,1868.2222,2543.001,2338.5271,2713.8347,2507.0638,2530.358,2661.9621,2402.239,2811.6484,2624.9125,2624.7887,2494.5152,2380.6427,2665.3957,2802.007,2691.2062,2373.1712,2391.1533,2306.3823
Africa,LULUCF,Emissions (N2O),kilotonnes,82.1128,154.7361,170.5768,232.187,213.5177,247.7849,228.9058,231.0327,243.0487,219.3349,256.7157,239.6659,239.6546,227.7601,217.363,243.3622,255.8354,245.7188,216.6808,218.3227,210.5827
Africa,LULUCF,Emissions (CO2),kilotonnes,961166.9993,995257.5061,995338.9289,995300.9982,995333.6968,995400.1077,995407.447,995367.0094,995428.5593,995490.5313,995559.1431,1203836.136,1204034.585,1204015.998,1203936.866,1203934.383,1244123.459,1244059.937,1243979.02,1243831.507,1243805.814
Africa,LULUCF,Emissions (CO2eq) from CH4 (AR5),kilotonnes,77692.1731,47452.4022,52310.2228,71204.0269,65478.76,75987.3722,70197.7857,70850.0251,74534.9379,67262.6918,78726.1558,73497.5503,73494.0837,69846.4261,66657.9965,74631.0791,78456.1966,75353.7733,66448.7937,66952.2917,64578.7047
Africa,LULUCF,Emissions (CO2eq) from N2O (AR5),kilotonnes,21759.8989,41005.0649,45202.8555,61529.5667,56582.1893,65663.001,60660.0431,61223.663,64407.9083,58123.7391,68029.6673,63511.4701,63508.4745,60356.4225,57601.2035,64490.9868,67796.3872,65115.4889,57420.425,57855.513,55804.4242
Africa,LULUCF,Emissions (CO2eq) (AR5),kilotonnes,1060619.071,1083714.973,1092852.007,1128034.592,1117394.646,1137050.481,1126265.276,1127440.698,1134371.406,1120876.962,1142314.966,1340845.156,1341037.144,1334218.847,1328196.066,1343056.449,1390376.043,1384529.199,1367848.238,1368639.311,1364188.943
Africa,AFOLU,Emissions (CH4),kilotonnes,19323.2093,18086.0423,18992.6918,20285.4903,20269.5484,21465.2089,21122.3531,22074.91,22768.2523,22343.0433,23606.0378,23931.823,24338.3684,24380.6742,24424.8534,25154.4129,26047.2023,26000.9476,26061.3746,26505.1372,27307.1537
Africa,AFOLU,Emissions (N2O),kilotonnes,1089.1843,1140.2975,1209.349,1311.7367,1303.3125,1390.6682,1348.3132,1396.9236,1437.4378,1398.8138,1491.8115,1504.3741,1511.6628,1507.8391,1496.7292,1546.7128,1600.4085,1600.2032,1575.0602,1593.9818,1641.5501
Africa,AFOLU,Emissions (CO2),kilotonnes,961166.9993,995257.5061,995338.9289,995300.9982,995333.6968,995400.1077,995407.447,995367.0094,995428.5593,995490.5313,995559.1431,1203836.136,1204034.585,1204015.998,1203936.866,1203934.383,1244123.459,1244059.937,1243979.02,1243831.507,1243805.814
Africa,AFOLU,Emissions (CO2eq) from CH4 (AR5),kilotonnes,541049.8605,506409.1854,531795.3703,567993.7296,567547.355,601025.8497,591425.8862,618097.4805,637511.0633,625605.2113,660969.0576,670091.0428,681474.3157,682658.8768,683895.8958,704323.5614,729321.6651,728026.5324,729718.4896,742143.843,764600.3043
Africa,AFOLU,Emissions (CO2eq) from N2O (AR5),kilotonnes,288633.8315,302178.8298,320477.4767,347610.2247,345377.8245,368527.075,357302.9891,370184.747,380921.0087,370685.6548,395330.0503,398659.1437,400590.638,399577.3516,396633.2306,409878.8812,424108.2606,424053.8542,417390.9471,422405.1828,435010.7726
Africa,AFOLU,Emissions (CO2eq) (AR5),kilotonnes,1790850.691,1803845.521,1847611.776,1910904.953,1908258.876,1964953.032,1944136.322,1983649.237,2013860.631,1991781.397,2051858.251,2272586.322,2286099.539,2286252.227,2284465.992,2318136.826,2397553.385,2396140.323,2391088.456,2408380.533,2443416.891
Africa,All sectors with LULUCF,Emissions (CH4),kilotonnes,45803.9651,44384.4487,43582.8493,46637.731,46895.611,48529.358,47736.3678,48080.8088,49209.3924,48319.4643,50448.704,50445.8122,52182.9691,51776.0739,52060.2659,53046.8312,53871.459,54802.5495,55066.5758,55126.3822,56090.0161
Africa,All sectors with LULUCF,Emissions (N2O),kilotonnes,1233.0522,1288.6349,1360.685,1467.6736,1465.4113,1557.3576,1513.7017,1570.1551,1612.9711,1578.233,1680.8298,1697.1128,1710.3523,1713.3751,1706.6542,1759.3045,1816.7962,1820.4587,1799.1161,1826.8994,1879.7143
Africa,All sectors with LULUCF,Emissions (CO2),kilotonnes,1977833.779,1972543.922,1972722.981,2052673.76,2121642.599,2152343.282,2192976.415,2234494.582,2283043.149,2289932.613,2302606.055,2529727.501,2532049.548,2563432.924,2652781.855,2609098.709,2679411.059,2730470.184,2747632.584,2786623.684,2685797.923
Africa,All sectors with LULUCF,Emissions (CO2eq) from F-gases (AR5),kilotonnes,4904.6161,4849.3994,4905.2549,5255.2332,5935.4216,6536.8463,6961.1027,7317.1526,7727.203,7995.5812,8411.3541,8616.7762,8978.3875,9347.4531,9733.057,10128.7001,10542.9998,10947.7842,11316.7186,11692.6312,12082.5458
Africa,All sectors with LULUCF,Emissions (CO2eq) from CH4 (AR5),kilotonnes,1282511.022,1242764.564,1220319.781,1305856.469,1313077.109,1358822.024,1336618.298,1346262.646,1377862.987,1352945.001,1412563.712,1412482.742,1461123.136,1449730.07,1457687.446,1485311.273,1508400.853,1534471.387,1541864.124,1543538.701,1570520.451
Africa,All sectors with LULUCF,Emissions (CO2eq) from N2O (AR5),kilotonnes,326758.8351,341488.2461,360581.5233,388933.5098,388333.9988,412699.7757,401130.9454,416091.0982,427437.3451,418231.737,445419.8893,449734.8808,453243.3551,454044.4088,452263.3541,466215.6884,481450.9952,482421.5492,476765.7767,484128.3534,498124.2857
Africa,All sectors with LULUCF,Emissions (CO2eq) (AR5),kilotonnes,3592008.252,3561646.132,3558529.54,3752718.972,3828989.128,3930401.928,3937686.761,4004165.479,4096070.684,4069104.932,4169001.01,4400561.901,4455394.426,4476554.856,4572465.713,4570754.37,4679805.907,4758310.904,4777579.203,4825983.37,4766525.205
Africa,All sectors without LULUCF,Emissions (CH4),kilotonnes,43029.2446,42689.7201,41714.6271,44094.7301,44557.0839,45815.5233,45229.304,45550.4507,46547.4303,45917.2253,47637.0556,47820.8997,49558.1804,49281.5587,49679.6232,50381.4355,51069.452,52111.3434,52693.4046,52735.2289,53783.6338
Africa,All sectors without LULUCF,Emissions (N2O),kilotonnes,1150.9394,1133.8988,1190.1082,1235.4866,1251.8936,1309.5727,1284.7959,1339.1224,1369.9224,1358.8981,1424.114,1457.4468,1470.6977,1485.615,1489.2911,1515.9423,1560.9608,1574.7399,1582.4353,1608.5768,1669.1316
Africa,All sectors without LULUCF,Emissions (CO2),kilotonnes,1016666.779,977286.416,977384.052,1057372.762,1126308.902,1156943.174,1197568.968,1239127.573,1287614.59,1294442.082,1307046.912,1325891.366,1328014.963,1359416.926,1448844.99,1405164.325,1435287.6,1486410.247,1503653.564,1542792.178,1441992.109
Africa,All sectors without LULUCF,Emissions (CO2eq) from F-gases (AR5),kilotonnes,4904.6161,4849.3994,4905.2549,5255.2332,5935.4216,6536.8463,6961.1027,7317.1526,7727.203,7995.5812,8411.3541,8616.7762,8978.3875,9347.4531,9733.057,10128.7001,10542.9998,10947.7842,11316.7186,11692.6312,12082.5458
Africa,All sectors without LULUCF,Emissions (CO2eq) from CH4 (AR5),kilotonnes,1204818.849,1195312.162,1168009.558,1234652.442,1247598.349,1282834.652,1266420.512,1275412.621,1303328.049,1285682.309,1333837.556,1338985.192,1387629.052,1379883.644,1391029.45,1410680.194,1429944.657,1459117.614,1475415.33,1476586.409,1505941.746
Africa,All sectors without LULUCF,Emissions (CO2eq) from N2O (AR5),kilotonnes,304998.9362,300483.1811,315378.6678,327403.9432,331751.8095,347036.7747,340470.9023,354867.4352,363029.4367,360107.9979,377390.222,386223.4107,389734.8806,393687.9862,394662.1506,401724.7016,413654.6079,417306.0604,419345.3518,426272.8404,442319.8615
Africa,All sectors without LULUCF,Emissions (CO2eq) (AR5),kilotonnes,2531389.181,2477931.159,2465677.533,2624684.38,2711594.482,2793351.447,2811421.486,2876724.781,2961699.278,2948227.97,3026686.044,3059716.744,3114357.283,3142336.009,3244269.647,3227697.92,3289429.864,3373781.706,3409730.964,3457344.059,3402336.262
Eastern Africa,Crop Residues,Direct emissions (N2O),kilotonnes,6.1875,6.7138,6.7183,6.9716,7.5307,7.8377,8.4877,8.6082,8.6084,9.3095,10.522,10.5238,11.1952,11.1626,11.4214,11.1027,11.1293,11.8777,12.0368,12.1415,13.0876
Eastern Africa,Crop Residues,Indirect emissions (N2O),kilotonnes,1.3922,1.5106,1.5116,1.5686,1.6944,1.7635,1.9097,1.9369,1.9369,2.0946,2.3674,2.3679,2.5189,2.5116,2.5698,2.4981,2.5041,2.6725,2.7083,2.7318,2.9447
Eastern Africa,Crop Residues,Emissions (N2O),kilotonnes,7.5797,8.2244,8.2299,8.5403,9.2251,9.6012,10.3974,10.5451,10.5453,11.4042,12.8894,12.8917,13.7141,13.6742,13.9912,13.6009,13.6334,14.5502,14.745,14.8734,16.0323
Eastern Africa,Crop Residues,Emissions (CO2eq) from N2O (AR5),kilotonnes,2008.6081,2179.4606,2180.9138,2263.1694,2444.6516,2544.3157,2755.3115,2794.451,2794.4917,3022.1047,3415.6989,3416.291,3634.242,3623.6673,3707.6655,3604.2274,3612.858,3855.7998,3907.4382,3941.4438,4248.5707
Eastern Africa,Crop Residues,Emissions (CO2eq) (AR5),kilotonnes,2008.6081,2179.4606,2180.9138,2263.1694,2444.6516,2544.3157,2755.3115,2794.451,2794.4917,3022.1047,3415.6989,3416.291,3634.242,3623.6673,3707.6655,3604.2274,3612.858,3855.7998,3907.4382,3941.4438,4248.5707
Eastern Africa,Rice Cultivation,Emissions (CH4),kilotonnes,307.7349,307.1926,344.8865,339.3399,340.083,372.8143,369.2919,358.4861,410.6877,395.4737,450.3584,423.3735,395.6374,365.7613,376.0983,377.4373,370.6052,356.2736,482.0791,503.9303,597.7384
Eastern Africa,Rice Cultivation,Emissions (CO2eq) from CH4 (AR5),kilotonnes,8616.5785,8601.3925,9656.8216,9501.5165,9522.3247,10438.7997,10340.1737,10037.6101,11499.2561,11073.2638,12610.0355,11854.4583,11077.8463,10241.3164,10530.7533,10568.2447,10376.9462,9975.6594,13498.2135,14110.0485,16736.6741
Eastern Africa,Rice Cultivation,Emissions (CO2eq) (AR5),kilotonnes,8616.5785,8601.3925,9656.8216,9501.5165,9522.3247,10438.7997,10340.1737,10037.6101,11499.2561,11073.2638,12610.0355,11854.4583,11077.8463,10241.3164,10530.7533,10568.2447,10376.9462,9975.6594,13498.2135,14110.0485,16736.6741
Eastern Africa,Burning - Crop residues,Emissions (CH4),kilotonnes,32.2944,32.6096,35.1613,41.3755,40.6312,44.7285,43.3035,41.9542,48.5566,45.864,48.2371,49.9414,52.2292,52.1651,52.083,50.4446,52.1467,52.5842,50.9591,48.5615,55.2888
Eastern Africa,Burning - Crop residues,Emissions (N2O),kilotonnes,0.8373,0.8454,0.9116,1.0727,1.0534,1.1596,1.1227,1.0877,1.2589,1.1891,1.2506,1.2948,1.3541,1.3524,1.3503,1.3078,1.352,1.3633,1.3212,1.259,1.4334
Eastern Africa,Burning - Crop residues,Emissions (CO2eq) from CH4 (AR5),kilotonnes,904.2445,913.0689,984.515,1158.5148,1137.6744,1252.3979,1212.4971,1174.719,1359.584,1284.1912,1350.6395,1398.3588,1462.4189,1460.624,1458.3252,1412.4495,1460.1066,1472.3572,1426.8545,1359.7224,1548.0856
Eastern Africa,Burning - Crop residues,Emissions (CO2eq) from N2O (AR5),kilotonnes,221.8748,224.04,241.5708,284.2652,279.1516,307.3013,297.5109,288.2412,333.6016,315.1025,331.4069,343.1158,358.8343,358.3938,357.8298,346.5733,358.2669,361.2728,350.1078,333.6356,379.8543
Eastern Africa,Burning - Crop residues,Emissions (CO2eq) (AR5),kilotonnes,1126.1193,1137.1089,1226.0858,1442.7801,1416.826,1559.6992,1510.0079,1462.9602,1693.1856,1599.2936,1682.0465,1741.4747,1821.2532,1819.0178,1816.1551,1759.0227,1818.3735,1833.6301,1776.9623,1693.3579,1927.94
Eastern Africa,Enteric Fermentation,Emissions (CH4),kilotonnes,4282.8532,4362.2431,4558.0025,4603.3045,4695.8308,4825.4715,4954.3373,5555.0553,5861.4954,5968.2633,6140.8066,6222.7378,7029.9538,7188.6554,7332.1213,7451.7639,7624.5485,7617.1749,7773.1341,8259.5951,8509.4198
Eastern Africa,Enteric Fermentation,Emissions (CO2eq) from CH4 (AR5),kilotonnes,119919.8883,122142.8067,127624.0712,128892.5271,131483.2637,135113.2007,138721.4457,155541.5494,164121.8708,167111.3717,171942.5834,174236.6583,196838.7074,201282.3505,205299.3951,208649.3891,213487.357,213280.8966,217647.7543,231268.6619,238263.7541
Eastern Africa,Enteric Fermentation,Emissions (CO2eq) (AR5),kilotonnes,119919.8883,122142.8067,127624.0712,128892.5271,131483.2637,135113.2007,138721.4457,155541.5494,164121.8708,167111.3717,171942.5834,174236.6583,196838.7074,201282.3505,205299.3951,208649.3891,213487.357,213280.8966,217647.7543,231268.6619,238263.7541
Eastern Africa,Manure Management,Emissions (CH4),kilotonnes,154.0761,156.8502,164.0513,164.2204,167.452,173.3533,175.6341,196.1188,207.1721,209.791,216.7775,219.8498,246.162,251.1678,256.6738,261.6909,267.9626,269.2039,278.7093,298.4165,306.0389
Eastern Africa,Manure Management,Emissions (N2O),kilotonnes,5.1038,4.8441,4.9206,4.9052,5.1822,5.6203,5.71,6.2629,6.7529,7.0141,7.3805,7.755,9.014,8.9095,9.1913,9.5474,9.9468,10.1425,11.246,12.5354,12.3805
Eastern Africa,Manure Management,Emissions (CO2eq) from CH4 (AR5),kilotonnes,4314.1315,4391.8067,4593.4368,4598.1722,4688.6547,4853.8923,4917.7558,5491.3252,5800.8185,5874.1483,6069.7705,6155.7947,6892.5348,7032.6994,7186.8671,7327.3466,7502.9535,7537.7096,7803.8608,8355.6615,8569.0903
Eastern Africa,Manure Management,Emissions (CO2eq) from N2O (AR5),kilotonnes,1352.5161,1283.6905,1303.9556,1299.8861,1373.2821,1489.3798,1513.1404,1659.6649,1789.5073,1858.7353,1955.8267,2055.0879,2388.7179,2361.0131,2435.6818,2530.0516,2635.9059,2687.7683,2980.1865,3321.8882,3280.8333
Eastern Africa,Manure Management,Emissions (CO2eq) (AR5),kilotonnes,5666.6476,5675.4972,5897.3924,5898.0584,6061.9368,6343.2721,6430.8962,7150.9901,7590.3259,7732.8836,8025.5973,8210.8826,9281.2527,9393.7126,9622.5489,9857.3982,10138.8595,10225.4779,10784.0473,11677.5498,11849.9236
Eastern Africa,Manure left on Pasture,Direct emissions (N2O),kilotonnes,157.5843,160.7396,168.3293,169.6509,172.8367,178.4088,182.8794,203.9003,214.9681,219.6797,226.1434,229.3707,260.1842,266.3887,272.0908,276.1321,282.4639,282.2334,288.7063,306.5734,316.5293
Eastern Africa,Manure left on Pasture,Indirect emissions (N2O),kilotonnes,39.8545,40.7883,42.7942,43.2449,44.4779,45.9471,46.7711,53.0024,55.866,56.8253,58.4559,59.4202,67.1254,69.0857,70.6472,71.4235,73.1379,73.4373,75.3839,81.1971,83.6594
Eastern Africa,Manure left on Pasture,Emissions (N2O),kilotonnes,197.4388,201.528,211.1235,212.8958,217.3146,224.3559,229.6505,256.9027,270.8341,276.505,284.5993,288.7909,327.3096,335.4744,342.738,347.5556,355.6018,355.6707,364.0902,387.7705,400.1887
Eastern Africa,Manure left on Pasture,Emissions (CO2eq) from N2O (AR5),kilotonnes,52321.2739,53404.9088,55947.7201,56417.3895,57588.3646,59454.3158,60857.3705,68079.2134,71771.0311,73273.832,75418.8211,76529.5981,86737.0518,88900.7099,90825.5574,92102.2385,94234.4803,94252.7326,96483.9033,102759.1956,106049.9931
Eastern Africa,Manure left on Pasture,Emissions (CO2eq) (AR5),kilotonnes,52321.2739,53404.9088,55947.7201,56417.3895,57588.3646,59454.3158,60857.3705,68079.2134,71771.0311,73273.832,75418.8211,76529.5981,86737.0518,88900.7099,90825.5574,92102.2385,94234.4803,94252.7326,96483.9033,102759.1956,106049.9931
Eastern Africa,Manure applied to Soils,Direct emissions (N2O),kilotonnes,4.7979,4.7201,4.8081,4.9658,5.2084,5.3725,5.6332,6.2512,6.613,6.9744,7.2051,7.4614,8.7403,8.7689,8.9929,9.1766,9.4976,9.5596,9.9886,10.8495,10.7727
Eastern Africa,Manure applied to Soils,Indirect emissions (N2O),kilotonnes,2.0391,2.006,2.0434,2.1105,2.2136,2.2833,2.3941,2.6568,2.8105,2.9641,3.0622,3.1711,3.7146,3.7268,3.822,3.9001,4.0365,4.0628,4.2451,4.611,4.5784
Eastern Africa,Manure applied to Soils,Emissions (N2O),kilotonnes,6.8371,6.7261,6.8515,7.0762,7.4219,7.6557,8.0273,8.908,9.4236,9.9386,10.2673,10.6325,12.4549,12.4957,12.8149,13.0767,13.5341,13.6224,14.2337,15.4606,15.351
Eastern Africa,Manure applied to Soils,Emissions (CO2eq) from N2O (AR5),kilotonnes,1811.8212,1782.426,1815.6533,1875.2002,1966.8142,2028.7719,2127.247,2360.6128,2497.2447,2633.7235,2720.8253,2817.6248,3300.5397,3311.3605,3395.9388,3465.3308,3586.5298,3609.9297,3771.9397,4097.0472,4068.0279
Eastern Africa,Manure applied to Soils,Emissions (CO2eq) (AR5),kilotonnes,1811.8212,1782.426,1815.6533,1875.2002,1966.8142,2028.7719,2127.247,2360.6128,2497.2447,2633.7235,2720.8253,2817.6248,3300.5397,3311.3605,3395.9388,3465.3308,3586.5298,3609.9297,3771.9397,4097.0472,4068.0279
Eastern Africa,Synthetic Fertilizers,Direct emissions (N2O),kilotonnes,5.1502,4.6874,6.1759,5.2403,6.0708,6.0165,6.7622,7.185,7.8468,7.8746,9.5522,10.1504,10.9164,11.7157,13.0818,12.3901,14.9069,17.2185,16.7579,17.0986,18.7941
Eastern Africa,Synthetic Fertilizers,Indirect emissions (N2O),kilotonnes,1.6738,1.5234,2.0072,1.7031,1.973,1.9554,2.1977,2.3351,2.5502,2.5593,3.1045,3.2989,3.5478,3.8076,4.2516,4.0268,4.8448,5.596,5.4463,5.557,6.1081
Eastern Africa,Synthetic Fertilizers,Emissions (N2O),kilotonnes,6.824,6.2109,8.1831,6.9434,8.0438,7.9718,8.96,9.5201,10.397,10.4339,12.6567,13.4493,14.4642,15.5233,17.3334,16.4169,19.7517,22.8145,22.2043,22.6556,24.9022
Eastern Africa,Synthetic Fertilizers,Emissions (CO2eq) from N2O (AR5),kilotonnes,1808.3474,1645.8794,2168.511,1840.0015,2131.6088,2112.5348,2374.3904,2522.8361,2755.2148,2764.982,3354.0245,3564.062,3833.0157,4113.6682,4593.3516,4350.4888,5234.2017,6045.8373,5884.1315,6003.7294,6599.0777
Eastern Africa,Synthetic Fertilizers,Emissions (CO2eq) (AR5),kilotonnes,1808.3474,1645.8794,2168.511,1840.0015,2131.6088,2112.5348,2374.3904,2522.8361,2755.2148,2764.982,3354.0245,3564.062,3833.0157,4113.6682,4593.3516,4350.4888,5234.2017,6045.8373,5884.1315,6003.7294,6599.0777
Eastern Africa,Drained organic soils,Emissions (CO2eq) (AR5),kilotonnes,43072.2305,43083.5009,43143.0509,43093.5956,43086.3234,43129.4216,43134.449,43105.1715,43119.5536,43125.9115,43147.3082,43163.2515,53357.4375,53284.6596,53143.6558,53141.6284,52944.0903,52856.9155,52736.8647,52559.7538,52541.2032
Eastern Africa,Drained organic soils (CO2),Emissions (CO2),kilotonnes,41019.0174,41030.2061,41087.8846,41041.2853,41034.9693,41076.3945,41081.9616,41055.3286,41070.3899,41077.0575,41097.8315,41113.5048,50765.8159,50695.6963,50560.0888,50558.1563,50371.7414,50288.76,50174.8833,50013.5326,49996.1296
Eastern Africa,Drained organic soils (CO2),Emissions (CO2eq) (AR5),kilotonnes,41019.0174,41030.2061,41087.8846,41041.2853,41034.9693,41076.3945,41081.9616,41055.3286,41070.3899,41077.0575,41097.8315,41113.5048,50765.8159,50695.6963,50560.0888,50558.1563,50371.7414,50288.76,50174.8833,50013.5326,49996.1296
Eastern Africa,Drained organic soils (N2O),Emissions (N2O),kilotonnes,7.748,7.7483,7.7553,7.7446,7.741,7.7473,7.7452,7.7353,7.7327,7.7315,7.7339,7.7349,9.7797,9.7697,9.7493,9.749,9.707,9.6912,9.6679,9.6084,9.6041
Eastern Africa,Drained organic soils (N2O),Emissions (CO2eq) from N2O (AR5),kilotonnes,2053.2131,2053.2948,2055.1662,2052.3103,2051.3541,2053.0271,2052.4873,2049.8429,2049.1638,2048.8539,2049.4767,2049.7467,2591.6217,2588.9633,2583.567,2583.472,2572.3489,2568.1555,2561.9814,2546.2212,2545.0735
Eastern Africa,Drained organic soils (N2O),Emissions (CO2eq) (AR5),kilotonnes,2053.2131,2053.2948,2055.1662,2052.3103,2051.3541,2053.0271,2052.4873,2049.8429,2049.1638,2048.8539,2049.4767,2049.7467,2591.6217,2588.9633,2583.567,2583.472,2572.3489,2568.1555,2561.9814,2546.2212,2545.0735
Eastern Africa,On-farm energy use,Emissions (CH4),kilotonnes,5.5669,3.077,3.282,4.1436,3.3639,4.0953,8.369,10.3602,9.3724,10.9515,7.9287,5.2978,4.8384,3.5385,3.4533,2.859,2.7285,2.4786,2.4685,2.3585,2.3585
Eastern Africa,On-farm energy use,Emissions (N2O),kilotonnes,0.3336,0.3248,0.3293,0.3468,0.3525,0.4158,0.4793,0.5228,0.5249,0.5302,0.4491,0.4593,0.5038,0.7498,0.8059,0.8486,1.0636,1.1242,0.6965,0.7213,0.7213
Eastern Africa,On-farm energy use,Emissions (CO2),kilotonnes,2859.6708,2141.6635,2207.2644,2552.6592,2260.7644,2636.8811,4099.1991,4892.0414,4554.3076,5082.5622,3967.7635,3203.3657,3118.4725,3383.1997,3626.8783,3548.4602,4062.5777,4207.5349,3150.9356,3202.8449,3202.8449
Eastern Africa,On-farm energy use,Emissions (CO2eq) from CH4 (AR5),kilotonnes,155.8735,86.1557,91.8951,116.0194,94.188,114.6683,234.3327,290.0852,262.4271,306.6431,222.0044,148.3371,135.4745,99.0788,96.6936,80.0513,76.3991,69.4014,69.1189,66.0366,66.0366
Eastern Africa,On-farm energy use,Emissions (CO2eq) from N2O (AR5),kilotonnes,88.4099,86.0796,87.2664,91.8996,93.4136,110.1905,127.0242,138.5362,139.0964,140.5109,119.0227,121.7179,133.5066,198.7078,213.5666,224.8772,281.8643,297.9035,184.575,191.1472,191.1472
Eastern Africa,On-farm energy use,Emissions (CO2eq) (AR5),kilotonnes,3103.9542,2313.8988,2386.4258,2760.5782,2448.3661,2861.7399,4460.556,5320.6627,4955.8311,5529.7162,4308.7907,3473.4207,3387.4536,3680.9862,3937.1385,3853.3886,4420.8411,4574.8398,3404.6294,3460.0288,3460.0288
Eastern Africa,Forestland,Emissions (CO2),kilotonnes,-8983.7741,-13897.4208,-13897.4208,-13897.4208,-13897.4208,-13897.4208,-13897.4208,-13897.4208,-13897.4208,-13897.4208,-13897.4208,-17187.6896,-17518.8146,-17518.8146,-17518.8146,-17518.8146,61327.4655,61327.4655,61327.4655,61327.4655,61327.4655
Eastern Africa,Forestland,Emissions (CO2eq) (AR5),kilotonnes,-8983.7741,-13897.4208,-13897.4208,-13897.4208,-13897.4208,-13897.4208,-13897.4208,-13897.4208,-13897.4208,-13897.4208,-13897.4208,-17187.6896,-17518.8146,-17518.8146,-17518.8146,-17518.8146,61327.4655,61327.4655,61327.4655,61327.4655,61327.4655
Eastern Africa,Net Forest conversion,Emissions (CO2),kilotonnes,193091.66,214033.2817,214033.2817,214033.2817,214033.2817,214033.2817,214033.2817,214033.2817,214033.2817,214033.2817,214033.2817,205433.4558,205433.4558,205433.4558,205433.4558,205433.4558,213577.5026,213577.5026,213577.5026,213577.5026,213577.5026
Eastern Africa,Net Forest conversion,Emissions (CO2eq) (AR5),kilotonnes,193091.66,214033.2817,214033.2817,214033.2817,214033.2817,214033.2817,214033.2817,214033.2817,214033.2817,214033.2817,214033.2817,205433.4558,205433.4558,205433.4558,205433.4558,205433.4558,213577.5026,213577.5026,213577.5026,213577.5026,213577.5026
Eastern Africa,Savanna fires,Emissions (CH4),kilotonnes,760.1009,803.2048,908.7108,1057.9649,980.7243,1101.5262,849.9095,1022.4587,981.9165,904.1399,991.4149,906.8928,1354.4854,1282.1403,1239.9255,1296.8939,1269.226,1125.3661,1182.6505,1050.9752,1139.7594
Eastern Africa,Savanna fires,Emissions (N2O),kilotonnes,69.4005,73.3361,82.9692,96.5968,89.5444,100.5741,77.6004,93.3549,89.6532,82.5519,90.5205,82.8033,123.6704,117.065,113.2106,118.412,115.8859,102.7508,107.9811,95.9586,104.065
Eastern Africa,Savanna fires,Emissions (CO2eq) from CH4 (AR5),kilotonnes,21282.8253,22489.7356,25443.9021,29623.0171,27460.2809,30842.7346,23797.4649,28628.8443,27493.6633,25315.9175,27759.6158,25392.9975,37925.5898,35899.9281,34717.9151,36313.0279,35538.3276,31510.2509,33114.2131,29427.3063,31913.2645
Eastern Africa,Savanna fires,Emissions (CO2eq) from N2O (AR5),kilotonnes,18391.1365,19434.065,21986.8502,25598.1506,23729.2645,26652.1456,20564.1137,24739.0557,23758.1112,21876.2548,23987.9289,21942.862,32772.6564,31022.2205,30000.8071,31379.1926,30709.7505,27228.9668,28614.9993,25429.031,27577.2231
Eastern Africa,Savanna fires,Emissions (CO2eq) (AR5),kilotonnes,39673.9618,41923.8005,47430.7522,55221.1677,51189.5454,57494.8802,44361.5785,53367.9,51251.7745,47192.1722,51747.5447,47335.8595,70698.2462,66922.1486,64718.7222,67692.2204,66248.0781,58739.2177,61729.2124,54856.3372,59490.4876
Eastern Africa,Fires in organic soils,Emissions (CH4),kilotonnes,0,0,0,0,0,0,0,0,0,0,0,0,0,0,0,0,0,0,0,0,0
Eastern Africa,Fires in organic soils,Emissions (CO2),kilotonnes,0,0,0,0,0,0,0,0,0,0,0,0,0,0,0,0,0,0,0,0,0
Eastern Africa,Fires in organic soils,Emissions (CO2eq) from CH4 (AR5),kilotonnes,0,0,0,0,0,0,0,0,0,0,0,0,0,0,0,0,0,0,0,0,0
Eastern Africa,Fires in organic soils,Emissions (CO2eq) (AR5),kilotonnes,0,0,0,0,0,0,0,0,0,0,0,0,0,0,0,0,0,0,0,0,0
Eastern Africa,Forest fires,Emissions (CH4),kilotonnes,286.231,659.7402,674.7011,935.1197,913.7994,1084.1919,949.0341,998.4672,1123.406,1024.0417,1254.8322,1055.3289,1158.112,1129.8265,1097.2918,1233.9867,1249.1679,1203.2776,1123.8532,1005.9864,963.2563
Eastern Africa,Forest fires,Emissions (N2O),kilotonnes,8.4189,60.2372,61.6031,85.3805,83.4339,98.9914,86.6509,91.1644,102.5719,93.4995,114.5716,96.3561,105.7407,103.1581,100.1875,112.6684,114.0545,109.8645,102.6127,91.8509,87.9495
Eastern Africa,Forest fires,Emissions (CO2eq) from CH4 (AR5),kilotonnes,8014.4684,18472.7268,18891.6318,26183.3519,25586.3823,30357.3741,26572.9558,27957.0808,31455.3693,28673.1677,35135.3022,29549.2082,32427.1358,31635.1416,30724.1705,34551.6281,34976.7022,33691.7727,31467.8908,28167.6197,26971.1772
Eastern Africa,Forest fires,Emissions (CO2eq) from N2O (AR5),kilotonnes,2230.999,15962.8454,16324.834,22625.8313,22109.9717,26232.7309,22962.4999,24158.5644,27181.542,24777.3569,30361.4839,25534.3701,28021.2749,27336.8886,26549.6908,29857.1135,30224.4329,29114.0862,27192.3622,24340.4974,23306.6151
Eastern Africa,Forest fires,Emissions (CO2eq) (AR5),kilotonnes,10245.4674,34435.5722,35216.4658,48809.1832,47696.354,56590.1051,49535.4557,52115.6451,58636.9113,53450.5246,65496.7861,55083.5784,60448.4107,58972.0302,57273.8612,64408.7416,65201.135,62805.8589,58660.253,52508.1171,50277.7922
Eastern Africa,Fires in humid tropical forests,Emissions (CH4),kilotonnes,174.0075,346.3564,407.7378,556.3907,567.5086,656.6517,576.5477,585.2397,653.2564,586.0655,683.7166,641.4588,682.5289,661.3051,656.9529,780.1317,764.3299,790.2579,669.8886,651.4361,630.4027
Eastern Africa,Fires in humid tropical forests,Emissions (N2O),kilotonnes,5.1179,31.6238,37.2282,50.8009,51.816,59.9552,52.6413,53.4349,59.6451,53.5103,62.4263,58.568,62.3179,60.38,59.9827,71.2294,69.7866,72.154,61.1637,59.4789,57.5585
Eastern Africa,Fires in humid tropical forests,Emissions (CO2eq) from CH4 (AR5),kilotonnes,4872.2087,9697.9791,11416.6594,15578.9386,15890.2404,18386.2489,16143.3346,16386.712,18291.1785,16409.8332,19144.0636,17960.8471,19110.8091,18516.5415,18394.6825,21843.6867,21401.2375,22127.2216,18756.8821,18240.2108,17651.2757
Eastern Africa,Fires in humid tropical forests,Emissions (CO2eq) from N2O (AR5),kilotonnes,1356.2345,8380.3189,9865.4829,13462.235,13731.2403,15888.1173,13949.9468,14160.2566,15805.964,14180.2363,16542.968,15520.5146,16514.2318,16000.7071,15895.4049,18875.7945,18493.4606,19120.8057,16208.3927,15761.9213,15253.0046
Eastern Africa,Fires in humid tropical forests,Emissions (CO2eq) (AR5),kilotonnes,6228.4432,18078.2981,21282.1423,29041.1736,29621.4807,34274.3662,30093.2814,30546.9686,34097.1424,30590.0695,35687.0315,33481.3617,35625.0409,34517.2486,34290.0874,40719.4813,39894.6981,41248.0273,34965.2747,34002.1321,32904.2803
Eastern Africa,Waste - agri-food systems,Emissions (CH4),kilotonnes,1281.5123,1293.7411,1306.4055,1317.3923,1329.7999,1343.952,1358.8169,1374.8747,1393.5314,1411.1291,1428.2888,1449.2913,1476.8879,1502.1597,1518.9078,1531.5743,1546.1914,1565.2607,1584.3326,1601.6699,1618.3575
Eastern Africa,Waste - agri-food systems,Emissions (N2O),kilotonnes,4.0973,4.2576,4.4573,4.5926,4.7254,5.0402,5.1833,5.3536,5.5381,5.8314,6.0564,6.3582,6.5361,6.6953,7.0975,7.3166,7.5283,7.6985,7.9336,8.1569,8.3821
Eastern Africa,Waste - agri-food systems,Emissions (CO2),kilotonnes,0,0,0,0,0,0,0,0,0,0,0,0,0,0,0,0,0,0,0,0,0
Eastern Africa,Waste - agri-food systems,Emissions (CO2eq) from CH4 (AR5),kilotonnes,35882.3446,36224.7499,36579.3554,36886.9831,37234.3985,37630.6557,38046.8737,38496.4928,39018.8794,39511.6161,39992.0859,40580.156,41352.8603,42060.4723,42529.4197,42884.0793,43293.359,43827.2984,44361.3123,44846.7576,45314.009
Eastern Africa,Waste - agri-food systems,Emissions (CO2eq) from N2O (AR5),kilotonnes,1085.7843,1128.257,1181.1788,1217.0429,1252.2254,1335.6458,1373.577,1418.7049,1467.5907,1545.3293,1604.9344,1684.9296,1732.0684,1774.2504,1880.8272,1938.9073,1995.0048,2040.1021,2102.3911,2161.5725,2221.2556
Eastern Africa,Waste - agri-food systems,Emissions (CO2eq) (AR5),kilotonnes,36968.1289,37353.0069,37760.5341,38104.026,38486.6239,38966.3015,39420.4506,39915.1977,40486.4701,41056.9454,41597.0203,42265.0856,43084.9287,43834.7227,44410.2469,44822.9866,45288.3638,45867.4004,46463.7034,47008.3301,47535.2646
Eastern Africa,Fertilizers Manufacturing,Emissions (N2O),kilotonnes,0.0017,0.0017,0.0017,0.0017,0.0018,0.0018,0.0018,0.0015,0.0021,0.0023,0.0024,0.0023,0.0024,0.0024,0.0024,0.0025,0.0025,0.0026,0.0026,0.0026,0.0027
Eastern Africa,Fertilizers Manufacturing,Emissions (CO2),kilotonnes,0.3814,0.3397,0.3814,0.399,0.4108,0.3985,0.4023,0.3457,0.487,0.5275,0.5032,0.5539,0.5486,0.5644,0.4837,0.5328,0.6066,0.6752,0.7121,0.6963,0.6224
Eastern Africa,Fertilizers Manufacturing,Emissions (CO2eq) from N2O (AR5),kilotonnes,0.4405,0.442,0.4507,0.4595,0.4639,0.4726,0.477,0.3975,0.5565,0.6095,0.6236,0.6183,0.636,0.6466,0.6431,0.6519,0.6643,0.6855,0.689,0.6943,0.7031
Eastern Africa,Fertilizers Manufacturing,Emissions (CO2eq) (AR5),kilotonnes,0.822,0.7817,0.8322,0.8585,0.8747,0.8711,0.8793,0.7432,1.0435,1.137,1.1269,1.1722,1.1846,1.211,1.1268,1.1847,1.2709,1.3607,1.4011,1.3906,1.3256
Eastern Africa,On-farm electricity use,Emissions (CH4),kilotonnes,1.9923,2.0403,2.0475,1.9991,1.8857,2.0328,1.4877,1.4908,1.3053,1.2934,1.2338,1.2853,1.3661,1.8611,1.5585,1.9412,1.3123,1.2618,1.3967,1.3642,1.3642
Eastern Africa,On-farm electricity use,Emissions (N2O),kilotonnes,0.0106,0.0108,0.0108,0.0106,0.01,0.0107,0.0078,0.0078,0.0069,0.0067,0.0065,0.0068,0.0072,0.0097,0.0082,0.01,0.0067,0.0064,0.0072,0.007,0.007
Eastern Africa,On-farm electricity use,Emissions (CO2),kilotonnes,1053.8485,1219.9568,1034.0834,734.7273,785.2296,928.1252,517.1337,439.5651,319.0327,327.8758,288.6592,329.1264,358.6531,532.7111,445.7523,564.221,354.2532,322.694,355.6521,337.6276,337.6276
Eastern Africa,On-farm electricity use,Emissions (CO2eq) from CH4 (AR5),kilotonnes,55.7844,57.1284,57.33,55.9748,52.7996,56.9184,41.6556,41.7424,36.5484,36.2152,34.5464,35.9884,38.2508,52.1108,43.638,54.3536,36.7444,35.3304,39.1076,38.1976,38.1976
Eastern Africa,On-farm electricity use,Emissions (CO2eq) from N2O (AR5),kilotonnes,2.809,2.862,2.862,2.809,2.65,2.8355,2.067,2.067,1.8285,1.7755,1.7225,1.802,1.908,2.5705,2.173,2.65,1.7755,1.696,1.908,1.855,1.855
Eastern Africa,On-farm electricity use,Emissions (CO2eq) (AR5),kilotonnes,1112.4419,1279.9472,1094.2754,793.5111,840.6792,987.8791,560.8563,483.3745,357.4096,365.8665,324.9281,366.9168,398.8119,587.3924,491.5633,621.2246,392.7731,359.7204,396.6677,377.6802,377.6802
Eastern Africa,Food Processing,Emissions (CH4),kilotonnes,64.475,59.138,53.8357,32.3753,0.088,0.1171,0.2727,1.2261,1.2353,3.7242,4.4607,4.7585,3.5395,5.5136,5.3786,6.2105,4.8629,4.9454,4.2937,5.088,5.1427
Eastern Africa,Food Processing,Emissions (N2O),kilotonnes,0.4229,0.4125,0.3981,0.2413,0.012,0.0159,0.0374,0.0355,0.0328,0.0445,0.038,0.0696,0.0533,0.0607,0.0591,0.0733,0.0554,0.0576,0.0533,0.0567,0.0579
Eastern Africa,Food Processing,Emissions (CO2),kilotonnes,2144.8063,2734.1448,2580.4767,1742.496,186.8132,236.0966,581.7671,664.1102,752.0417,941.7504,634.9614,1452.7386,1379.7261,1470.2714,1396.0906,1658.3456,1471.4491,1641.2121,1633.5562,1672.5089,1557.6319
Eastern Africa,Food Processing,Emissions (CO2eq) from CH4 (AR5),kilotonnes,1805.3,1655.864,1507.3996,906.5084,2.464,3.2788,7.6356,34.3308,34.5884,104.2776,124.8996,133.238,99.106,154.3808,150.6008,173.894,136.1612,138.4712,120.2236,142.464,143.9958
Eastern Africa,Food Processing,Emissions (CO2eq) from N2O (AR5),kilotonnes,112.0685,109.3125,105.4965,63.9445,3.18,4.2135,9.911,9.4075,8.692,11.7925,10.07,18.444,14.1245,16.0855,15.6615,19.4245,14.681,15.264,14.1245,15.0255,15.337
Eastern Africa,Food Processing,Emissions (CO2eq) (AR5),kilotonnes,4062.1748,4499.3213,4193.3728,2712.9489,192.4572,243.5889,599.3137,707.8485,795.3221,1057.8205,769.931,1604.4206,1492.9566,1640.7377,1562.3529,1851.6641,1622.2913,1794.9473,1767.9043,1829.9984,1716.9647
Eastern Africa,Food Packaging,Emissions (CH4),kilotonnes,1.4699,1.4505,1.5567,1.6743,1.8796,2.0344,2.1128,1.8029,1.8469,2.3932,2.4841,1.2652,1.5369,1.5691,1.7715,2.342,2.0211,2.3459,2.0829,2.2629,2.3536
Eastern Africa,Food Packaging,Emissions (N2O),kilotonnes,0.0217,0.0209,0.022,0.0235,0.0241,0.0249,0.0256,0.0208,0.0214,0.0242,0.0276,0.0095,0.0127,0.0092,0.0102,0.0134,0.0115,0.0132,0.0118,0.0144,0.0146
Eastern Africa,Food Packaging,Emissions (CO2),kilotonnes,316.9584,311.1,298.1463,286.2926,291.3325,320.804,360.2888,350.9992,337.0048,366.9886,447.7024,127.8684,207.4055,74.6295,79.8403,130.651,90.2276,93.4075,91.5817,147.9723,139.8417
Eastern Africa,Food Packaging,Emissions (CO2eq) from CH4 (AR5),kilotonnes,41.1572,40.614,43.5876,46.8804,52.6288,56.9632,59.1584,50.4812,51.7132,67.0096,69.5548,35.4256,43.0332,43.9348,49.602,65.576,56.5908,65.6852,58.3212,63.3612,65.9001
Eastern Africa,Food Packaging,Emissions (CO2eq) from N2O (AR5),kilotonnes,5.7505,5.5385,5.83,6.2275,6.3865,6.5985,6.784,5.512,5.671,6.413,7.314,2.5175,3.3655,2.438,2.703,3.551,3.0475,3.498,3.127,3.816,3.8792
Eastern Africa,Food Packaging,Emissions (CO2eq) (AR5),kilotonnes,363.8661,357.2525,347.5639,339.4005,350.3478,384.3657,426.2312,406.9924,394.389,440.4112,524.5712,165.8115,253.8042,121.0023,132.1453,199.778,149.8659,162.5907,153.0299,215.1495,209.621
Eastern Africa,Food Retail,Emissions (CH4),kilotonnes,0.5891,0.6011,0.605,0.6335,0.4772,0.511,0.5699,0.828,0.9622,1.0452,1.1153,1.1684,1.2396,1.4128,1.4188,1.5321,1.5757,1.5025,1.7307,1.6019,1.6287
Eastern Africa,Food Retail,Emissions (N2O),kilotonnes,0.0032,0.0032,0.0032,0.0034,0.0034,0.0039,0.0056,0.0075,0.0082,0.0085,0.0083,0.0069,0.0076,0.0078,0.0079,0.0085,0.0087,0.0086,0.0097,0.0098,0.01
Eastern Africa,Food Retail,Emissions (CO2),kilotonnes,261.2937,241.6075,230.9803,219.3227,224.0663,259.7592,332.7432,493.5761,484.6087,540.0844,496.3837,461.8788,504.6496,503.3296,531.0492,536.6655,570.9163,573.4899,631.2994,614.4235,576.7317
Eastern Africa,Food Retail,Emissions (CO2eq) from F-gases (AR5),kilotonnes,44.1575,60.262,81.5615,111.173,147.538,163.6425,188.059,211.4365,215.073,216.112,216.6315,216.6315,216.6315,217.6705,217.6705,217.6705,236.892,242.087,247.8015,252.9965,264.7647
Eastern Africa,Food Retail,Emissions (CO2eq) from CH4 (AR5),kilotonnes,16.4943,16.8305,16.9395,17.7386,13.3612,14.3082,15.9565,23.1852,26.942,29.2644,31.2292,32.714,34.7092,39.5596,39.7272,42.8988,44.1196,42.07,48.4596,44.8532,45.6033
Eastern Africa,Food Retail,Emissions (CO2eq) from N2O (AR5),kilotonnes,0.836,0.8437,0.8443,0.8885,0.9128,1.0247,1.4828,1.9865,2.172,2.2517,2.1987,1.828,2.0141,2.0671,2.0933,2.2525,2.3055,2.279,2.5705,2.597,2.6459
Eastern Africa,Food Retail,Emissions (CO2eq) (AR5),kilotonnes,322.7815,319.5438,330.3256,349.1227,385.8782,438.7347,538.2414,730.1842,728.7958,787.7126,746.4432,713.0524,758.0044,762.6268,790.5402,799.4873,854.2334,859.9259,930.131,914.8702,889.7456
Eastern Africa,Food Household Consumption,Emissions (CH4),kilotonnes,2.539,2.48,2.6727,2.852,3.0195,3.0773,3.3305,3.6197,3.7475,3.8495,4.1024,4.3929,4.7678,5.2151,5.4855,5.6376,6.1439,6.6013,6.8229,6.7783,6.9149
Eastern Africa,Food Household Consumption,Emissions (N2O),kilotonnes,0.0184,0.0181,0.0191,0.0203,0.0216,0.0216,0.0228,0.0244,0.0256,0.0247,0.0275,0.0279,0.0305,0.0321,0.0341,0.0348,0.0368,0.0389,0.0394,0.0392,0.04
Eastern Africa,Food Household Consumption,Emissions (CO2),kilotonnes,1621.5168,1666.3964,1622.5147,1561.201,1664.282,1735.9035,1714.9168,1756.0897,1720.3066,1698.9569,1795.2525,1872.3338,2026.2303,2099.9474,2326.2145,2320.7551,2454.1517,2517.49,2498.7559,2518.5034,2340.4758
Eastern Africa,Food Household Consumption,Emissions (CO2eq) from CH4 (AR5),kilotonnes,71.092,69.44,74.8356,79.856,84.546,86.1644,93.254,101.3516,104.93,107.786,114.8672,123.0012,133.4984,146.0228,153.594,157.8528,172.0292,184.8364,191.0412,189.7924,193.6172
Eastern Africa,Food Household Consumption,Emissions (CO2eq) from N2O (AR5),kilotonnes,4.876,4.7965,5.0615,5.3795,5.724,5.724,6.042,6.466,6.784,6.5455,7.2875,7.3935,8.0825,8.5065,9.0365,9.222,9.752,10.3085,10.441,10.388,10.5954
Eastern Africa,Food Household Consumption,Emissions (CO2eq) (AR5),kilotonnes,1697.4848,1740.6329,1702.4118,1646.4365,1754.552,1827.7919,1814.2128,1863.9073,1832.0206,1813.2884,1917.4072,2002.7285,2167.8112,2254.4767,2488.845,2487.8299,2635.9329,2712.6349,2700.2381,2718.6838,2544.6884
Eastern Africa,Food Transport,Emissions (CH4),kilotonnes,0.2546,0.2597,0.2594,0.2578,0.2619,0.2613,0.2704,0.2708,0.2745,0.2953,0.3443,0.3924,0.4392,0.4962,0.5424,0.6327,0.6901,0.6895,0.7302,0.5822,0.595
Eastern Africa,Food Transport,Emissions (N2O),kilotonnes,0.0397,0.0401,0.0422,0.0419,0.0417,0.0422,0.0436,0.0385,0.0379,0.0401,0.0483,0.056,0.0637,0.0716,0.078,0.0915,0.096,0.0873,0.0935,0.0785,0.0799
Eastern Africa,Food Transport,Emissions (CO2),kilotonnes,1452.3248,1516.757,1572.5615,1590.9939,1658.5777,1701.3584,1790.9209,1789.2288,1828.5908,1971.114,2217.8408,2394.8839,2686.9038,3001.8395,3153.196,3491.2708,3813.3137,3872.4202,4113.891,3479.9777,3260.5031
Eastern Africa,Food Transport,Emissions (CO2eq) from CH4 (AR5),kilotonnes,7.1288,7.2716,7.2632,7.2184,7.3332,7.3164,7.5712,7.5824,7.686,8.2684,9.6404,10.9872,12.2976,13.8936,15.1872,17.7156,19.3228,19.306,20.4456,16.3016,16.6613
Eastern Africa,Food Transport,Emissions (CO2eq) from N2O (AR5),kilotonnes,10.5205,10.6265,11.183,11.1035,11.0505,11.183,11.554,10.2025,10.0435,10.6265,12.7995,14.84,16.8805,18.974,20.67,24.2475,25.44,23.1345,24.7775,20.8025,21.1822
Eastern Africa,Food Transport,Emissions (CO2eq) (AR5),kilotonnes,1469.9741,1534.6551,1591.0077,1609.3158,1676.9614,1719.8578,1810.0461,1807.0137,1846.3203,1990.0089,2240.2807,2420.7111,2716.0819,3034.7071,3189.0532,3533.2339,3858.0765,3914.8607,4159.1141,3517.0818,3298.3466
Eastern Africa,Energy,Emissions (CH4),kilotonnes,1599.172,1636.335,1687.1129,1739.3967,1802.386,1870.176,1931.956,1961.1455,1997.5498,2032.4653,2087.868,2158.7479,2354.8158,2452.0078,2525.5399,2573.2178,2636.6952,2800.8653,2871.3878,2875.8772,2945.7805
Eastern Africa,Energy,Emissions (N2O),kilotonnes,16.8783,17.2351,17.6996,18.1759,18.5311,19.0095,19.5181,19.5088,19.9734,20.3871,20.8892,21.6098,22.5225,23.2016,23.5803,24.2732,24.8231,25.3483,25.7862,26.1784,26.739
Eastern Africa,Energy,Emissions (CO2),kilotonnes,41103,40448,38633,37645,38552,42097,44076,44357,43444,43205,47285,52743,53491,62453,69971,72752,75237,79364,82516,82387,76660
Eastern Africa,Energy,Emissions (CO2eq) from CH4 (AR5),kilotonnes,44776.816,45817.38,47239.1612,48703.1076,50466.808,52364.928,54094.768,54912.074,55931.3944,56909.0284,58460.304,60444.9412,65934.8424,68656.2184,70715.1172,72050.0984,73827.4656,78424.2284,80398.8584,80524.5616,82481.854
Eastern Africa,Energy,Emissions (CO2eq) from N2O (AR5),kilotonnes,4472.7495,4567.3015,4690.394,4816.6135,4910.7415,5037.5175,5172.2965,5169.832,5292.951,5402.5815,5535.638,5726.597,5968.4625,6148.424,6248.7795,6432.398,6578.1215,6717.2995,6833.343,6937.276,7085.835
Eastern Africa,Energy,Emissions (CO2eq) (AR5),kilotonnes,90352.5655,90832.6815,90562.5552,91164.7211,93929.5495,99499.4455,103343.0645,104438.906,104668.3454,105516.6099,111280.942,118914.5382,125394.3049,137257.6424,146934.8967,151234.4964,155642.5871,164505.5279,169748.2014,169848.8376,166227.689
Eastern Africa,IPPU,Emissions (CH4),kilotonnes,0.311,0.297,0.291,0.28,0.223,0.271,0.225,0.169,0.163,0.0808,0.162,0.216,0.151,0.165,0.236,0.127,0.164,0.185,0.175,0.154,0.15
Eastern Africa,IPPU,Emissions (N2O),kilotonnes,3.5558,3.3629,3.4149,3.539,3.6201,3.6761,3.1772,3.1812,3.0643,3.6264,3.6374,3.7105,3.7847,3.8598,3.9348,4.0219,4.1,4.1771,4.2561,4.2552,4.3183
Eastern Africa,IPPU,Emissions (CO2),kilotonnes,3515.63,3735.72,3920.98,4417.926,4768.91,5234.68,5262.22,5415.55,5642.48,6036.34,6783.96,7606.19,8781.31,9430.68,10496.3,11472.34,12746.88,13031.02,13532.22,14879.97,15464.27
Eastern Africa,IPPU,Emissions (CO2eq) from F-gases (AR5),kilotonnes,182.8115,199.9239,211.4762,296.5931,396.6829,447.1519,476.1568,510.1187,534.0132,571.7843,611.1092,690.8252,739.6578,790.0462,838.8691,888.3829,939.0521,988.1743,1036.7212,1087.096,1137.4796
Eastern Africa,IPPU,Emissions (CO2eq) from CH4 (AR5),kilotonnes,8.708,8.316,8.148,7.84,6.244,7.588,6.3,4.732,4.564,2.2624,4.536,6.048,4.228,4.62,6.608,3.556,4.592,5.18,4.9,4.312,4.2
Eastern Africa,IPPU,Emissions (CO2eq) from N2O (AR5),kilotonnes,942.2936,891.1633,904.9579,937.8331,959.3136,974.1698,841.9508,843.0273,812.0395,960.9871,963.9202,983.283,1002.9423,1022.8354,1042.7312,1065.8075,1086.4983,1106.922,1127.879,1127.6287,1144.3442
Eastern Africa,IPPU,Emissions (CO2eq) (AR5),kilotonnes,4649.4431,4835.1232,5045.5621,5660.1922,6131.1505,6663.5897,6586.6276,6773.4279,6993.0967,7571.3738,8363.5254,9286.3462,10528.1381,11248.1816,12384.5083,13430.0864,14777.0225,15131.2964,15701.7202,17099.0067,17750.2938
Eastern Africa,Waste,Emissions (CH4),kilotonnes,1373.46,1415.01,1456.27,1495.89,1546.33,1590.82,1641.39,1694.16,1748.14,1800.9,1857.9,1917.12,2061.32,2126.06,2192.67,2257.47,2331.09,2402.63,2473.87,2512.99,2574.39
Eastern Africa,Waste,Emissions (N2O),kilotonnes,7.9523,8.1715,8.4117,8.7689,9.1161,9.5021,9.8891,10.2878,10.6093,11.028,11.4991,12.0593,12.6456,13.3197,13.7828,14.3204,14.9434,15.3666,15.795,16.1734,16.6488
Eastern Africa,Waste,Emissions (CO2),kilotonnes,1.3628,1.4009,1.4408,1.479,1.52,1.562,1.618,1.674,1.73,1.788,1.849,1.927,2.003,2.095,2.192,2.282,2.392,2.502,2.612,2.602,2.682
Eastern Africa,Waste,Emissions (CO2eq) from CH4 (AR5),kilotonnes,38456.88,39620.28,40775.56,41884.92,43297.24,44542.96,45958.92,47436.48,48947.92,50425.2,52021.2,53679.36,57716.96,59529.68,61394.76,63209.16,65270.52,67273.64,69268.36,70363.72,72082.92
Eastern Africa,Waste,Emissions (CO2eq) from N2O (AR5),kilotonnes,2107.3675,2165.4396,2229.1031,2323.7585,2415.7586,2518.0671,2620.6115,2726.2538,2811.4539,2922.42,3047.2483,3195.7198,3351.0972,3529.7126,3652.4446,3794.8954,3960.0089,4072.1622,4185.6671,4285.959,4411.9267
Eastern Africa,Waste,Emissions (CO2eq) (AR5),kilotonnes,40565.6103,41787.1205,43006.1039,44210.1575,45714.5185,47062.5891,48581.1495,50164.4078,51761.1039,53349.408,55070.2973,56877.0068,61070.0603,63061.4876,65049.3967,67006.3374,69232.921,71348.3042,73456.639,74652.281,76497.5287
Eastern Africa,Other,Emissions (N2O),kilotonnes,9.2726,9.4533,9.6819,9.9269,10.3207,10.5809,10.8661,10.8996,11.1946,11.4857,11.7758,12.3035,13.0593,13.6479,13.9071,14.3511,14.8152,15.1404,15.4143,15.7261,16.1126
Eastern Africa,Other,Emissions (CO2eq) from N2O (AR5),kilotonnes,2457.239,2505.1245,2565.7035,2630.6285,2734.9855,2803.9385,2879.5165,2888.394,2966.569,3043.7105,3120.587,3260.4275,3460.7145,3616.6935,3685.3815,3803.0415,3926.028,4012.206,4084.7895,4167.4165,4269.839
Eastern Africa,Other,Emissions (CO2eq) (AR5),kilotonnes,2457.239,2505.1245,2565.7035,2630.6285,2734.9855,2803.9385,2879.5165,2888.394,2966.569,3043.7105,3120.587,3260.4275,3460.7145,3616.6935,3685.3815,3803.0415,3926.028,4012.206,4084.7895,4167.4165,4269.839
Eastern Africa,Farm-gate emissions,Emissions (CH4),kilotonnes,5542.6265,5665.1774,6014.0943,6210.3488,6228.0852,6521.9891,6400.8454,7184.4333,7519.2007,7534.4834,7855.5232,7828.093,9083.3061,9143.4285,9260.3553,9441.0896,9587.2175,9423.0813,9770.0005,10163.837,10610.6038
Eastern Africa,Farm-gate emissions,Direct emissions (N2O),kilotonnes,173.7198,176.861,186.0315,186.8286,191.6466,197.6354,203.7625,225.9447,238.0363,243.8383,253.4228,257.5064,291.036,298.0359,305.5868,308.8017,317.9978,320.8892,327.4896,346.663,359.1837
Eastern Africa,Farm-gate emissions,Indirect emissions (N2O),kilotonnes,44.9596,45.8284,48.3564,48.6271,50.3589,51.9493,53.2727,59.9312,63.1637,64.4433,66.99,68.2581,76.9068,79.1317,81.2906,81.8485,84.5232,85.7686,87.7837,94.0971,97.2906
Eastern Africa,Farm-gate emissions,Emissions (N2O),kilotonnes,302.1026,309.7881,331.274,346.1218,345.8789,365.1018,349.6928,394.8394,407.1225,407.2985,427.7473,425.8117,512.2649,515.014,521.1848,530.5149,540.4763,531.7297,546.1859,560.8428,584.6785
Eastern Africa,Farm-gate emissions,Emissions (CO2),kilotonnes,43878.6883,43171.8696,43295.1491,43593.9445,43295.7337,43713.2756,45181.1607,45947.3699,45624.6975,46159.6197,45065.595,44316.8705,53884.2884,54078.896,54186.9671,54106.6165,54434.319,54496.2949,53325.8188,53216.3775,53198.9746
Eastern Africa,Farm-gate emissions,Emissions (CO2eq) from CH4 (AR5),kilotonnes,155193.5416,158624.9661,168394.6417,173889.7671,174386.3865,182615.6935,179223.6698,201164.1332,210537.6198,210965.5355,219954.6493,219186.6047,254332.5717,256015.9972,259289.9494,264350.5091,268442.0901,263846.2751,273560.0151,284587.4372,297096.9053
Eastern Africa,Farm-gate emissions,Emissions (CO2eq) from N2O (AR5),kilotonnes,80057.201,82093.8445,87787.6072,91722.2725,91657.9051,96751.9826,92668.5959,104632.4542,107887.4627,107934.0995,113353.0318,112840.1063,135750.186,136478.7044,138113.9656,140586.4523,143226.2064,140908.3664,144739.2626,148623.3392,154939.8009
Eastern Africa,Farm-gate emissions,Emissions (CO2eq) (AR5),kilotonnes,279129.4308,283890.6803,299477.398,309205.9842,309340.0253,323080.9517,317073.4265,351743.9574,364049.78,365059.2547,378373.2761,376343.5815,443967.0461,446573.5976,451590.8821,459043.5778,466102.6155,459250.9364,471625.0964,486427.154,505235.6807
Eastern Africa,Land Use change,Emissions (CH4),kilotonnes,174.0075,346.3564,407.7378,556.3907,567.5086,656.6517,576.5477,585.2397,653.2564,586.0655,683.7166,641.4588,682.5289,661.3051,656.9529,780.1317,764.3299,790.2579,669.8886,651.4361,630.4027
Eastern Africa,Land Use change,Emissions (N2O),kilotonnes,5.1179,31.6238,37.2282,50.8009,51.816,59.9552,52.6413,53.4349,59.6451,53.5103,62.4263,58.568,62.3179,60.38,59.9827,71.2294,69.7866,72.154,61.1637,59.4789,57.5585
Eastern Africa,Land Use change,Emissions (CO2),kilotonnes,193091.66,214033.2817,214033.2817,214033.2817,214033.2817,214033.2817,214033.2817,214033.2817,214033.2817,214033.2817,214033.2817,205433.4558,205433.4558,205433.4558,205433.4558,205433.4558,213577.5026,213577.5026,213577.5026,213577.5026,213577.5026
Eastern Africa,Land Use change,Emissions (CO2eq) from CH4 (AR5),kilotonnes,4872.2087,9697.9791,11416.6594,15578.9386,15890.2404,18386.2489,16143.3346,16386.712,18291.1785,16409.8332,19144.0636,17960.8471,19110.8091,18516.5415,18394.6825,21843.6867,21401.2375,22127.2216,18756.8821,18240.2108,17651.2757
Eastern Africa,Land Use change,Emissions (CO2eq) from N2O (AR5),kilotonnes,1356.2345,8380.3189,9865.4829,13462.235,13731.2403,15888.1173,13949.9468,14160.2566,15805.964,14180.2363,16542.968,15520.5146,16514.2318,16000.7071,15895.4049,18875.7945,18493.4606,19120.8057,16208.3927,15761.9213,15253.0046
Eastern Africa,Land Use change,Emissions (CO2eq) (AR5),kilotonnes,199320.1032,232111.5797,235315.424,243074.4552,243654.7623,248307.6478,244126.563,244580.2502,248130.4241,244623.3512,249720.3132,238914.8176,241058.4968,239950.7045,239723.5432,246152.9371,253472.2007,254825.5299,248542.7773,247579.6347,246481.7829
Eastern Africa,Emissions on agricultural land,Emissions (CH4),kilotonnes,5716.6339,6011.5338,6421.8322,6766.7395,6795.5938,7178.6408,6977.393,7769.673,8172.4571,8120.5489,8539.2397,8469.5518,9765.835,9804.7335,9917.3083,10221.2213,10351.5474,10213.3392,10439.8892,10815.2731,11241.0065
Eastern Africa,Emissions on agricultural land,Emissions (N2O),kilotonnes,307.2205,341.4119,368.5022,396.9227,397.6949,425.057,402.3341,448.2744,466.7676,460.8088,490.1736,484.3797,574.5827,575.394,581.1674,601.7443,610.2629,603.8837,607.3496,620.3217,642.237
Eastern Africa,Emissions on agricultural land,Emissions (CO2),kilotonnes,236970.3482,257205.1513,257328.4307,257627.2262,257329.0153,257746.5573,259214.4424,259980.6516,259657.9791,260192.9014,259098.8767,249750.3264,259317.7442,259512.3519,259620.423,259540.0724,268011.8216,268073.7975,266903.3214,266793.8801,266776.4772
Eastern Africa,Emissions on agricultural land,Emissions (CO2eq) from CH4 (AR5),kilotonnes,160065.7503,168322.9453,179811.3011,189468.7057,190276.6269,201001.9424,195367.0044,217550.8452,228828.7982,227375.3687,239098.7128,237147.4518,273443.3809,274532.5387,277684.6319,286194.1958,289843.3275,285973.4968,292316.8971,302827.6481,314748.181
Eastern Africa,Emissions on agricultural land,Emissions (CO2eq) from N2O (AR5),kilotonnes,81413.4355,90474.1635,97653.0901,105184.5075,105389.1455,112640.0999,106618.5427,118792.7108,123693.4267,122114.3358,129895.9997,128360.6209,152264.4178,152479.4115,154009.3705,159462.2468,161719.667,160029.172,160947.6552,164385.2605,170192.8054
Eastern Africa,Emissions on agricultural land,Emissions (CO2eq) (AR5),kilotonnes,478449.534,516002.26,534792.822,552280.4394,552994.7877,571388.5995,561199.9895,596324.2076,612180.2041,609682.6059,628093.5893,615258.3991,685025.5429,686524.302,691314.4253,705196.5149,719574.8161,714076.4663,720167.8737,734006.7887,751717.4636
Eastern Africa,Pre- and post- production,Emissions (CH4),kilotonnes,1352.8322,1359.7107,1367.3825,1357.1843,1337.4118,1351.9859,1366.8609,1384.1131,1402.9031,1423.7299,1442.0294,1462.5539,1489.777,1518.2277,1535.0632,1549.8704,1562.7974,1582.6071,1601.3897,1619.3474,1636.3566
Eastern Africa,Pre- and post- production,Emissions (N2O),kilotonnes,4.6154,4.7648,4.9544,4.9353,4.84,5.1611,5.3279,5.4896,5.673,5.9824,6.2149,6.5373,6.7135,6.8888,7.2974,7.5506,7.7459,7.9131,8.1511,8.3651,8.5942
Eastern Africa,Pre- and post- production,Emissions (CO2),kilotonnes,6851.1299,7690.3022,7339.1443,6135.4325,4810.7122,5182.4454,5298.1728,5493.9148,5442.0724,5847.2976,5881.3033,6639.3838,7164.117,7683.2929,7932.6266,8702.4418,8754.9182,9021.3889,9325.4484,8771.7097,8213.4342
Eastern Africa,Pre- and post- production,Emissions (CO2eq) from F-gases (AR5),kilotonnes,44.1575,60.262,81.5615,111.173,147.538,163.6425,188.059,211.4365,215.073,216.112,216.6315,216.6315,216.6315,217.6705,217.6705,217.6705,236.892,242.087,247.8015,252.9965,264.7647
Eastern Africa,Pre- and post- production,Emissions (CO2eq) from CH4 (AR5),kilotonnes,37879.3014,38071.8984,38286.7109,38001.1597,37447.5312,37855.6052,38272.105,38755.1664,39281.2874,39864.4373,40376.8235,40951.5104,41713.7555,42510.3747,42981.7689,43396.3701,43758.327,44312.9976,44838.9111,45341.7276,45817.9844
Eastern Africa,Pre- and post- production,Emissions (CO2eq) from N2O (AR5),kilotonnes,1223.0854,1262.6787,1312.9068,1307.8549,1282.5931,1367.6976,1411.8947,1454.7439,1503.3383,1585.3435,1646.9502,1732.373,1779.0795,1825.5386,1933.8076,2000.9067,2052.6705,2096.9675,2160.0286,2216.7508,2277.4533
Eastern Africa,Pre- and post- production,Emissions (CO2eq) (AR5),kilotonnes,45997.6741,47085.1414,47020.3235,45555.62,43688.3745,44569.3907,45170.2315,45915.2615,46441.771,47513.1905,48121.7086,49539.8987,50873.5835,52236.8768,53065.8736,54317.3891,54802.8078,55673.441,56572.1897,56583.1846,56573.6366
Eastern Africa,Agri-food systems,Emissions (CH4),kilotonnes,7069.4661,7371.2444,7789.2147,8123.9238,8133.0056,8530.6267,8344.2539,9153.7861,9575.3602,9544.2788,9981.2692,9932.1058,11255.612,11322.9612,11452.3715,11771.0916,11914.3448,11795.9462,12041.2789,12434.6206,12877.363
Eastern Africa,Agri-food systems,Emissions (N2O),kilotonnes,311.8359,346.1768,373.4566,401.858,402.5349,430.2181,407.662,453.764,472.4406,466.7912,496.3885,490.917,581.2962,582.2828,588.4648,609.2949,618.0088,611.7968,615.5007,628.6868,650.8312
Eastern Africa,Agri-food systems,Emissions (CO2),kilotonnes,243821.4781,264895.4535,264667.5751,263762.6587,262139.7275,262929.0026,264512.6152,265474.5663,265100.0515,266040.199,264980.18,256389.7102,266481.8612,267195.6448,267553.0496,268242.5141,276766.7399,277095.1864,276228.7698,275565.5898,274989.9114
Eastern Africa,Agri-food systems,Emissions (CO2eq) from F-gases (AR5),kilotonnes,44.1575,60.262,81.5615,111.173,147.538,163.6425,188.059,211.4365,215.073,216.112,216.6315,216.6315,216.6315,217.6705,217.6705,217.6705,236.892,242.087,247.8015,252.9965,264.7647
Eastern Africa,Agri-food systems,Emissions (CO2eq) from CH4 (AR5),kilotonnes,197945.0517,206394.8437,218098.0121,227469.8654,227724.1581,238857.5475,233639.1094,256306.0115,268110.0856,267239.806,279475.5364,278098.9622,315157.1364,317042.9134,320666.4008,329590.5659,333601.6546,330286.4943,337155.8082,348169.3757,360566.1654
Eastern Africa,Agri-food systems,Emissions (CO2eq) from N2O (AR5),kilotonnes,82636.5208,91736.8422,98965.9969,106492.3624,106671.7386,114007.7976,108030.4374,120247.4547,125196.765,123699.6793,131542.95,130092.9939,154043.4973,154304.9501,155943.1781,161463.1535,163772.3375,162126.1396,163107.6838,166602.0113,172470.2588
Eastern Africa,Agri-food systems,Emissions (CO2eq) (AR5),kilotonnes,524447.2081,563087.4014,581813.1455,597836.0594,596683.1622,615957.9902,606370.221,642239.4691,658621.9751,657195.7964,676215.2978,664798.2978,735899.1264,738761.1788,744380.2989,759513.904,774377.624,769749.9073,776740.0634,790589.9733,808291.1002
Eastern Africa,IPCC Agriculture,Emissions (CH4),kilotonnes,5537.0596,5662.1004,6010.8124,6206.2053,6224.7214,6517.8938,6392.4763,7174.0731,7509.8283,7523.5319,7847.5945,7822.7953,9078.4678,9139.8899,9256.902,9438.2306,9584.489,9420.6026,9767.532,10161.4786,10608.2453
Eastern Africa,IPCC Agriculture,Direct emissions (N2O),kilotonnes,173.7198,176.861,186.0315,186.8286,191.6466,197.6354,203.7625,225.9447,238.0363,243.8383,253.4228,257.5064,291.036,298.0359,305.5868,308.8017,317.9978,320.8892,327.4896,346.663,359.1837
Eastern Africa,IPCC Agriculture,Indirect emissions (N2O),kilotonnes,44.9596,45.8284,48.3564,48.6271,50.3589,51.9493,53.2727,59.9312,63.1637,64.4433,66.99,68.2581,76.9068,79.1317,81.2906,81.8485,84.5232,85.7686,87.7837,94.0971,97.2906
Eastern Africa,IPCC Agriculture,Emissions (N2O),kilotonnes,301.769,309.4633,330.9447,345.775,345.5264,364.686,349.2135,394.3167,406.5976,406.7683,427.2981,425.3524,511.7611,514.2641,520.3789,529.6663,539.4126,530.6055,545.4894,560.1215,583.9572
Eastern Africa,IPCC Agriculture,Emissions (CO2eq) from CH4 (AR5),kilotonnes,155037.6681,158538.8104,168302.7466,173773.7477,174292.1985,182501.0252,178989.3371,200874.048,210275.1927,210658.8924,219732.6448,219038.2676,254197.0972,255916.9184,259193.2558,264270.4578,268365.691,263776.8737,273490.8962,284521.4006,297030.8686
Eastern Africa,IPCC Agriculture,Emissions (CO2eq) from N2O (AR5),kilotonnes,79968.791,82007.765,87700.3409,91630.3729,91564.4915,96641.7921,92541.5717,104493.918,107748.3663,107793.5886,113234.0091,112718.3884,135616.6794,136279.9967,137900.399,140361.5751,142944.342,140610.4629,144554.6876,148432.192,154748.6537
Eastern Africa,IPCC Agriculture,Emissions (CO2eq) (AR5),kilotonnes,235006.4591,240546.5754,256003.0875,265404.1207,265856.69,279142.8173,271530.9088,305367.966,318023.559,318452.481,332966.6539,331756.656,389813.7767,392196.915,397093.6548,404632.0329,411310.033,404387.3366,418045.5838,432953.5926,451779.5223
Eastern Africa,Agricultural Soils,Direct emissions (N2O),kilotonnes,173.7198,176.861,186.0315,186.8286,191.6466,197.6354,203.7625,225.9447,238.0363,243.8383,253.4228,257.5064,291.036,298.0359,305.5868,308.8017,317.9978,320.8892,327.4896,346.663,359.1837
Eastern Africa,Agricultural Soils,Indirect emissions (N2O),kilotonnes,44.9596,45.8284,48.3564,48.6271,50.3589,51.9493,53.2727,59.9312,63.1637,64.4433,66.99,68.2581,76.9068,79.1317,81.2906,81.8485,84.5232,85.7686,87.7837,94.0971,97.2906
Eastern Africa,Agricultural Soils,Emissions (N2O),kilotonnes,226.4274,230.4376,242.1433,243.2003,249.7464,257.3319,264.7804,293.6112,308.9326,316.0132,328.1466,333.4993,377.7225,386.9372,396.6267,400.3991,412.228,416.3489,424.9411,450.3684,466.0783
Eastern Africa,Agricultural Soils,Emissions (CO2eq) from N2O (AR5),kilotonnes,60003.2637,61065.9695,64167.9643,64448.071,66182.7933,68192.9653,70166.8068,77806.9562,81867.1461,83743.4961,86958.8466,88377.3227,100096.4709,102538.3692,105106.0803,106105.7576,109240.4187,110332.4549,112609.394,119347.6373,123510.7429
Eastern Africa,Agricultural Soils,Emissions (CO2eq) (AR5),kilotonnes,60003.2637,61065.9695,64167.9643,64448.071,66182.7933,68192.9653,70166.8068,77806.9562,81867.1461,83743.4961,86958.8466,88377.3227,100096.4709,102538.3692,105106.0803,106105.7576,109240.4187,110332.4549,112609.394,119347.6373,123510.7429
Eastern Africa,LULUCF,Emissions (CH4),kilotonnes,286.231,659.7402,674.7011,935.1197,913.7994,1084.1919,949.0341,998.4672,1123.406,1024.0417,1254.8322,1055.3289,1158.112,1129.8265,1097.2918,1233.9867,1249.1679,1203.2776,1123.8532,1005.9864,963.2563
Eastern Africa,LULUCF,Emissions (N2O),kilotonnes,8.4189,60.2372,61.6031,85.3805,83.4339,98.9914,86.6509,91.1644,102.5719,93.4995,114.5716,96.3561,105.7407,103.1581,100.1875,112.6684,114.0545,109.8645,102.6127,91.8509,87.9495
Eastern Africa,LULUCF,Emissions (CO2),kilotonnes,225126.9033,241166.0669,241223.7455,241177.1462,241170.8301,241212.2553,241217.8225,241191.1894,241206.2507,241212.9184,241233.6923,229359.2711,238680.4572,238610.3376,238474.7301,238472.7976,325276.7095,325193.7281,325079.8514,324918.5007,324901.0977
Eastern Africa,LULUCF,Emissions (CO2eq) from CH4 (AR5),kilotonnes,8014.4684,18472.7268,18891.6318,26183.3519,25586.3823,30357.3741,26572.9558,27957.0808,31455.3693,28673.1677,35135.3022,29549.2082,32427.1358,31635.1416,30724.1705,34551.6281,34976.7022,33691.7727,31467.8908,28167.6197,26971.1772
Eastern Africa,LULUCF,Emissions (CO2eq) from N2O (AR5),kilotonnes,2230.999,15962.8454,16324.834,22625.8313,22109.9717,26232.7309,22962.4999,24158.5644,27181.542,24777.3569,30361.4839,25534.3701,28021.2749,27336.8886,26549.6908,29857.1135,30224.4329,29114.0862,27192.3622,24340.4974,23306.6151
Eastern Africa,LULUCF,Emissions (CO2eq) (AR5),kilotonnes,235372.3707,275601.6391,276440.2113,289986.3293,288867.1842,297802.3604,290753.2781,293306.8345,299843.162,294663.4429,306730.4785,284442.8494,299128.8679,297582.3678,295748.5913,302881.5392,390477.8445,387999.587,383740.1043,377426.6177,375178.89
Eastern Africa,AFOLU,Emissions (CH4),kilotonnes,5823.2906,6321.8406,6685.5135,7141.325,7138.5207,7602.0857,7341.5105,8172.5403,8633.2344,8547.5736,9102.4267,8878.1241,10236.5798,10269.7164,10354.1938,10672.2174,10833.6569,10623.8802,10891.3852,11167.465,11571.5016
Eastern Africa,AFOLU,Emissions (N2O),kilotonnes,310.1879,369.7004,392.5478,431.1555,428.9602,463.6774,435.8644,485.4811,509.1695,500.2677,541.8698,521.7085,617.5017,617.4222,620.5664,642.3347,653.4671,640.47,648.1021,651.9724,671.9067
Eastern Africa,AFOLU,Emissions (CO2),kilotonnes,225126.9033,241166.0669,241223.7455,241177.1462,241170.8301,241212.2553,241217.8225,241191.1894,241206.2507,241212.9184,241233.6923,229359.2711,238680.4572,238610.3376,238474.7301,238472.7976,325276.7095,325193.7281,325079.8514,324918.5007,324901.0977
Eastern Africa,AFOLU,Emissions (CO2eq) from CH4 (AR5),kilotonnes,163052.1365,177011.5372,187194.3785,199957.0996,199878.5808,212858.3993,205562.2929,228831.1288,241730.562,239332.0601,254867.947,248587.4758,286624.233,287552.06,289917.4263,298822.0859,303342.3931,297468.6464,304958.787,312689.0202,324002.0458
Eastern Africa,AFOLU,Emissions (CO2eq) from N2O (AR5),kilotonnes,82199.79,97970.6104,104025.1749,114256.2042,113674.4632,122874.523,115504.0715,128652.4824,134929.9083,132570.9455,143595.493,138252.7585,163637.9544,163616.8853,164450.0898,170218.6885,173168.7749,169724.5491,171747.0497,172772.6894,178055.2688
Eastern Africa,AFOLU,Emissions (CO2eq) (AR5),kilotonnes,470378.8298,516148.2144,532443.2988,555390.45,554723.8741,576945.1777,562284.1869,598674.8006,617866.721,613115.9239,639697.1324,616199.5054,688942.6446,689779.2829,692842.2461,707513.5721,801787.8775,792386.9236,801785.6881,810380.2104,826958.4123
Eastern Africa,All sectors with LULUCF,Emissions (CH4),kilotonnes,8796.2336,9373.4826,9829.1874,10376.8917,10487.4597,11063.3527,10915.0815,11828.0148,12379.0872,12381.0197,13048.3567,12954.208,14652.8666,14847.9492,15072.6397,15503.0322,15801.6061,15827.5605,16236.818,16556.4862,17091.8221
Eastern Africa,All sectors with LULUCF,Emissions (N2O),kilotonnes,347.8469,407.9232,431.756,471.5662,470.5482,506.4461,479.3149,529.3585,554.011,546.7949,589.6713,571.3916,669.5139,671.4511,675.7714,699.3012,712.1488,700.5024,709.3537,714.3055,735.7253
Eastern Africa,All sectors with LULUCF,Emissions (CO2),kilotonnes,269746.8961,285351.1878,283779.1663,283241.5512,284493.2601,288545.4973,290557.6605,290965.4134,290294.4607,290456.0464,295304.5013,289710.3881,300954.7702,310496.1126,318944.2221,322699.4196,413262.9815,417591.2501,421130.6834,422188.0727,417028.0497
Eastern Africa,All sectors with LULUCF,Emissions (CO2eq) from F-gases (AR5),kilotonnes,182.8115,199.9239,211.4762,296.5931,396.6829,447.1519,476.1568,510.1187,534.0132,571.7843,611.1092,690.8252,739.6578,790.0462,838.8691,888.3829,939.0521,988.1743,1036.7212,1087.096,1137.4796
Eastern Africa,All sectors with LULUCF,Emissions (CO2eq) from CH4 (AR5),kilotonnes,246294.5405,262457.5132,275217.2477,290552.9672,293648.8728,309773.8753,305622.2809,331184.4148,346614.4404,346668.5509,365353.987,362717.825,410280.2634,415742.5784,422033.9115,434084.9003,442444.9707,443171.6948,454630.9054,463581.6138,478571.0198
Eastern Africa,All sectors with LULUCF,Emissions (CO2eq) from N2O (AR5),kilotonnes,92179.4395,108099.6392,114415.3334,124965.0378,124695.2624,134208.216,127018.4468,140279.9894,146812.9217,144900.6446,156262.8865,151418.7859,177421.1709,177934.5508,179079.4266,185314.8309,188719.4316,185633.1388,187978.7283,189290.9696,194967.2137
Eastern Africa,All sectors with LULUCF,Emissions (CO2eq) (AR5),kilotonnes,608403.6877,656108.2641,673623.2236,699056.1493,703234.0782,732974.7405,723674.545,762939.9363,784255.836,782597.0261,817532.4841,804537.8241,889395.8623,904963.2879,920896.4292,942987.5338,1045366.436,1047384.258,1064777.038,1076147.752,1091703.763
Eastern Africa,All sectors without LULUCF,Emissions (CH4),kilotonnes,8510.0026,8713.7424,9154.4863,9441.772,9573.6604,9979.1608,9966.0473,10829.5476,11255.6811,11356.978,11793.5245,11898.8792,13494.7546,13718.1227,13975.3479,14269.0454,14552.4382,14624.2829,15112.9648,15550.4998,16128.5658
Eastern Africa,All sectors without LULUCF,Emissions (N2O),kilotonnes,339.4281,347.686,370.1528,386.1857,387.1143,407.4547,392.664,438.1941,451.4392,453.2954,475.0996,475.0355,563.7732,568.2931,575.5839,586.6329,598.0943,590.6379,606.741,622.4546,647.7758
Eastern Africa,All sectors without LULUCF,Emissions (CO2),kilotonnes,44619.9928,44185.1209,42555.4208,42064.405,43322.43,47333.242,49339.838,49774.224,49088.21,49243.128,54070.809,60351.117,62274.313,71885.775,80469.492,84226.622,87986.272,92397.522,96050.832,97269.572,92126.952
Eastern Africa,All sectors without LULUCF,Emissions (CO2eq) from F-gases (AR5),kilotonnes,182.8115,199.9239,211.4762,296.5931,396.6829,447.1519,476.1568,510.1187,534.0132,571.7843,611.1092,690.8252,739.6578,790.0462,838.8691,888.3829,939.0521,988.1743,1036.7212,1087.096,1137.4796
Eastern Africa,All sectors without LULUCF,Emissions (CO2eq) from CH4 (AR5),kilotonnes,238280.0721,243984.7864,256325.6158,264369.6153,268062.4905,279416.5012,279049.3251,303227.334,315159.0711,317995.3832,330218.6848,333168.6168,377853.1276,384107.4368,391309.741,399533.2722,407468.2686,409479.9221,423163.0146,435413.9942,451599.8426
Eastern Africa,All sectors without LULUCF,Emissions (CO2eq) from N2O (AR5),kilotonnes,89948.4406,92136.7938,98090.4994,102339.2065,102585.2907,107975.4851,104055.947,116121.425,119631.3798,120123.2877,125901.4025,125884.4157,149399.896,150597.6621,152529.7358,155457.7175,158494.9988,156519.0527,160786.3661,164950.4722,171660.5986
Eastern Africa,All sectors without LULUCF,Emissions (CO2eq) (AR5),kilotonnes,373031.317,380506.625,397183.0123,409069.82,414366.894,435172.3801,432921.2669,469633.1017,484412.674,487933.5832,510802.0056,520094.9747,590266.9944,607380.9201,625147.8379,640105.9946,654888.5915,659384.6711,681036.9339,698721.1344,716524.8728
Middle Africa,Crop Residues,Direct emissions (N2O),kilotonnes,1.2382,1.3667,1.375,1.471,1.4654,1.6506,1.6876,1.741,1.748,1.9274,2.5887,2.5066,2.49,2.7831,2.936,3.0074,3.2461,3.2372,3.3578,3.3981,3.2494
Middle Africa,Crop Residues,Indirect emissions (N2O),kilotonnes,0.2786,0.3075,0.3094,0.331,0.3297,0.3714,0.3797,0.3917,0.3933,0.4337,0.5825,0.564,0.5602,0.6262,0.6606,0.6767,0.7304,0.7284,0.7555,0.7646,0.7311
Middle Africa,Crop Residues,Emissions (N2O),kilotonnes,1.5167,1.6742,1.6843,1.8019,1.7951,2.022,2.0674,2.1327,2.1413,2.3611,3.1711,3.0706,3.0502,3.4093,3.5966,3.684,3.9764,3.9656,4.1133,4.1626,3.9806
Middle Africa,Crop Residues,Emissions (CO2eq) from N2O (AR5),kilotonnes,401.9354,443.6514,446.3474,477.514,475.7127,535.8183,547.8521,565.1634,567.4416,625.6929,840.351,813.7147,808.3079,903.4746,953.0934,976.2712,1053.7564,1050.8777,1090.0297,1103.0921,1054.8476
Middle Africa,Crop Residues,Emissions (CO2eq) (AR5),kilotonnes,401.9354,443.6514,446.3474,477.514,475.7127,535.8183,547.8521,565.1634,567.4416,625.6929,840.351,813.7147,808.3079,903.4746,953.0934,976.2712,1053.7564,1050.8777,1090.0297,1103.0921,1054.8476
Middle Africa,Rice Cultivation,Emissions (CH4),kilotonnes,20.7952,20.2632,22.4773,23.5143,23.7422,26.0312,25.2036,25.152,29.3682,30.811,51.3116,49.029,48.3923,61.8853,63.6774,69.0833,70.3719,65.8851,69.3932,72.9846,66.5088
Middle Africa,Rice Cultivation,Emissions (CO2eq) from CH4 (AR5),kilotonnes,582.2666,567.3693,629.3653,658.4016,664.7809,728.8737,705.7022,704.2565,822.3107,862.7078,1436.7236,1372.8127,1354.9838,1732.7897,1782.9668,1934.3325,1970.4134,1844.7825,1943.009,2043.5698,1862.247
Middle Africa,Rice Cultivation,Emissions (CO2eq) (AR5),kilotonnes,582.2666,567.3693,629.3653,658.4016,664.7809,728.8737,705.7022,704.2565,822.3107,862.7078,1436.7236,1372.8127,1354.9838,1732.7897,1782.9668,1934.3325,1970.4134,1844.7825,1943.009,2043.5698,1862.247
Middle Africa,Burning - Crop residues,Emissions (CH4),kilotonnes,8.4684,8.8817,9.3048,9.5071,10.306,10.5858,10.7808,11.4546,10.8629,12.7194,15.7919,16.5921,14.4588,17.5104,18.5049,19.1139,21.3711,22.5423,22.6867,22.6592,20.8113
Middle Africa,Burning - Crop residues,Emissions (N2O),kilotonnes,0.2196,0.2303,0.2412,0.2465,0.2672,0.2744,0.2795,0.297,0.2816,0.3298,0.4094,0.4302,0.3749,0.454,0.4798,0.4955,0.5541,0.5844,0.5882,0.5875,0.5396
Middle Africa,Burning - Crop residues,Emissions (CO2eq) from CH4 (AR5),kilotonnes,237.1156,248.688,260.5354,266.199,288.5677,296.4029,301.8619,320.7289,304.1609,356.1429,442.1743,464.5798,404.8459,490.2921,518.1385,535.1897,598.391,631.1849,635.2278,634.4567,582.7178
Middle Africa,Burning - Crop residues,Emissions (CO2eq) from N2O (AR5),kilotonnes,58.1811,61.0207,63.9277,65.3173,70.806,72.7285,74.068,78.6974,74.6321,87.3869,108.4965,113.9941,99.3372,120.3032,127.1358,131.3197,146.8274,154.8741,155.8661,155.6769,142.9817
Middle Africa,Burning - Crop residues,Emissions (CO2eq) (AR5),kilotonnes,295.2968,309.7087,324.4631,331.5163,359.3736,369.1314,375.9299,399.4263,378.793,443.5298,550.6707,578.5739,504.183,610.5953,645.2744,666.5094,745.2184,786.059,791.0939,790.1336,725.6994
Middle Africa,Enteric Fermentation,Emissions (CH4),kilotonnes,1138.1118,1173.0796,1202.9215,1249.3166,1294.7597,1358.3142,1412.9076,1477.971,1502.0517,1560.9287,1630.0162,1712.6154,1800.3632,1885.6914,1965.6658,2094.6368,2184.2334,2268.4605,2370.1276,2474.462,2588.6421
Middle Africa,Enteric Fermentation,Emissions (CO2eq) from CH4 (AR5),kilotonnes,31867.1315,32846.2284,33681.8009,34980.866,36253.272,38032.7987,39561.413,41383.1882,42057.4468,43706.0046,45640.4525,47953.2315,50410.1701,52799.3597,55038.6436,58649.8306,61158.5359,63516.8932,66363.5726,69284.9373,72481.9792
Middle Africa,Enteric Fermentation,Emissions (CO2eq) (AR5),kilotonnes,31867.1315,32846.2284,33681.8009,34980.866,36253.272,38032.7987,39561.413,41383.1882,42057.4468,43706.0046,45640.4525,47953.2315,50410.1701,52799.3597,55038.6436,58649.8306,61158.5359,63516.8932,66363.5726,69284.9373,72481.9792
Middle Africa,Manure Management,Emissions (CH4),kilotonnes,45.7733,47.4392,48.7796,50.6627,52.5735,55.0585,57.4341,60.4102,62.1662,64.9238,68.3507,71.945,74.9976,78.7221,82.3201,90.3679,93.9286,97.8486,102.4449,107.3489,112.4784
Middle Africa,Manure Management,Emissions (N2O),kilotonnes,2.3435,2.3756,2.4295,2.4882,2.571,2.6248,2.7205,2.8445,3.0577,3.2343,3.6055,3.7674,3.6288,3.8043,3.989,4.1722,4.0832,4.2287,4.3916,4.555,4.7136
Middle Africa,Manure Management,Emissions (CO2eq) from CH4 (AR5),kilotonnes,1281.6537,1328.2974,1365.8281,1418.5545,1472.0572,1541.6391,1608.1558,1691.4858,1740.6523,1817.8667,1913.8207,2014.4606,2099.9341,2204.2188,2304.9625,2530.3011,2630.0012,2739.7613,2868.4575,3005.768,3149.3963
Middle Africa,Manure Management,Emissions (CO2eq) from N2O (AR5),kilotonnes,621.0325,629.5472,643.8254,659.3671,681.3269,695.5605,720.9296,753.7973,810.2954,857.0865,955.4667,998.3566,961.6189,1008.1425,1057.088,1105.6383,1082.0602,1120.6055,1163.7699,1207.0806,1249.1043
Middle Africa,Manure Management,Emissions (CO2eq) (AR5),kilotonnes,1902.6862,1957.8446,2009.6535,2077.9216,2153.384,2237.1995,2329.0854,2445.2831,2550.9477,2674.9532,2869.2875,3012.8172,3061.553,3212.3612,3362.0505,3635.9394,3712.0614,3860.3668,4032.2274,4212.8486,4398.5006
Middle Africa,Manure left on Pasture,Direct emissions (N2O),kilotonnes,42.3749,43.6467,44.6286,46.2476,47.8043,50.096,52.0416,54.3461,55.0616,57.0906,59.4875,62.4827,65.6015,68.6031,71.2817,75.7093,78.7588,81.542,84.9796,88.5541,92.4181
Middle Africa,Manure left on Pasture,Indirect emissions (N2O),kilotonnes,11.2078,11.5962,11.9177,12.3843,12.8329,13.4568,14.0036,14.6561,14.9779,15.5743,16.3064,17.1558,18.003,18.8518,19.592,21.0235,21.9174,22.7924,23.8203,24.8903,26.0573
Middle Africa,Manure left on Pasture,Emissions (N2O),kilotonnes,53.5827,55.2429,56.5463,58.632,60.6372,63.5528,66.0452,69.0022,70.0396,72.6649,75.7938,79.6385,83.6046,87.4549,90.8737,96.7328,100.6762,104.3344,108.7999,113.4444,118.4754
Middle Africa,Manure left on Pasture,Emissions (CO2eq) from N2O (AR5),kilotonnes,14199.4025,14639.3689,14984.7637,15537.4707,16068.8622,16841.4958,17501.9774,18285.5719,18560.4811,19256.2023,20085.3685,21104.1993,22155.2058,23175.5581,24081.5423,25634.2033,26679.1934,27648.6044,28831.9755,30062.7657,31395.9818
Middle Africa,Manure left on Pasture,Emissions (CO2eq) (AR5),kilotonnes,14199.4025,14639.3689,14984.7637,15537.4707,16068.8622,16841.4958,17501.9774,18285.5719,18560.4811,19256.2023,20085.3685,21104.1993,22155.2058,23175.5581,24081.5423,25634.2033,26679.1934,27648.6044,28831.9755,30062.7657,31395.9818
Middle Africa,Manure applied to Soils,Direct emissions (N2O),kilotonnes,1.5739,1.607,1.642,1.6846,1.74,1.7887,1.8577,1.9419,2.0642,2.1669,2.3912,2.4919,2.443,2.5568,2.6712,2.8303,2.7971,2.8963,3.0098,3.1254,3.2392
Middle Africa,Manure applied to Soils,Indirect emissions (N2O),kilotonnes,0.6689,0.683,0.6978,0.7159,0.7395,0.7602,0.7895,0.8253,0.8773,0.9209,1.0163,1.059,1.0383,1.0866,1.1353,1.2029,1.1888,1.2309,1.2792,1.3283,1.3767
Middle Africa,Manure applied to Soils,Emissions (N2O),kilotonnes,2.2428,2.29,2.3398,2.4005,2.4795,2.5489,2.6472,2.7672,2.9414,3.0878,3.4075,3.5509,3.4812,3.6434,3.8065,4.0332,3.9858,4.1272,4.289,4.4536,4.6159
Middle Africa,Manure applied to Soils,Emissions (CO2eq) from N2O (AR5),kilotonnes,594.3457,606.8548,620.0552,636.1351,657.0772,675.4505,701.5065,733.3145,779.4797,818.2654,902.9811,940.9962,922.521,965.4944,1008.7215,1068.8009,1056.2407,1093.7101,1136.5872,1180.2114,1223.2132
Middle Africa,Manure applied to Soils,Emissions (CO2eq) (AR5),kilotonnes,594.3457,606.8548,620.0552,636.1351,657.0772,675.4505,701.5065,733.3145,779.4797,818.2654,902.9811,940.9962,922.521,965.4944,1008.7215,1068.8009,1056.2407,1093.7101,1136.5872,1180.2114,1223.2132
Middle Africa,Synthetic Fertilizers,Direct emissions (N2O),kilotonnes,0.4063,0.4686,0.3787,0.3523,0.669,0.4347,0.5465,0.5049,0.5756,0.6393,0.761,0.9104,0.8361,1.0477,1.1149,1.4402,1.1949,1.5305,1.3318,1.3512,1.502
Middle Africa,Synthetic Fertilizers,Indirect emissions (N2O),kilotonnes,0.1321,0.1523,0.1231,0.1145,0.2174,0.1413,0.1776,0.1641,0.1871,0.2078,0.2473,0.2959,0.2717,0.3405,0.3623,0.4681,0.3884,0.4974,0.4328,0.4391,0.4882
Middle Africa,Synthetic Fertilizers,Emissions (N2O),kilotonnes,0.5384,0.6209,0.5018,0.4669,0.8865,0.576,0.7241,0.669,0.7627,0.847,1.0083,1.2063,1.1078,1.3882,1.4772,1.9083,1.5833,2.0279,1.7646,1.7903,1.9902
Middle Africa,Synthetic Fertilizers,Emissions (CO2eq) from N2O (AR5),kilotonnes,142.6761,164.5427,132.9858,123.7178,234.9143,152.647,191.8763,177.2813,202.1113,224.465,267.2028,319.6816,293.5716,367.8641,391.4533,505.6885,419.5756,537.3869,467.6194,474.4392,527.4047
Middle Africa,Synthetic Fertilizers,Emissions (CO2eq) (AR5),kilotonnes,142.6761,164.5427,132.9858,123.7178,234.9143,152.647,191.8763,177.2813,202.1113,224.465,267.2028,319.6816,293.5716,367.8641,391.4533,505.6885,419.5756,537.3869,467.6194,474.4392,527.4047
Middle Africa,Drained organic soils,Emissions (CO2eq) (AR5),kilotonnes,5497.0111,5395.7309,5413.7018,5401.9996,5425.9611,5446.1353,5468.8607,5454.8975,5514.7569,5550.7656,5587.5782,5699.4081,5925.1088,5981.0848,6036.6416,6035.7593,6142.9371,6159.0259,6187.6625,6157.5151,6152.3605
Middle Africa,Drained organic soils (CO2),Emissions (CO2),kilotonnes,5275.2364,5178.3827,5195.7061,5184.537,5207.5443,5226.9343,5248.7587,5235.4214,5292.9365,5327.5699,5362.8855,5470.3093,5687.1395,5740.9043,5794.2644,5793.417,5896.3396,5911.7724,5939.3032,5910.4536,5905.5349
Middle Africa,Drained organic soils (CO2),Emissions (CO2eq) (AR5),kilotonnes,5275.2364,5178.3827,5195.7061,5184.537,5207.5443,5226.9343,5248.7587,5235.4214,5292.9365,5327.5699,5362.8855,5470.3093,5687.1395,5740.9043,5794.2644,5793.417,5896.3396,5911.7724,5939.3032,5910.4536,5905.5349
Middle Africa,Drained organic soils (N2O),Emissions (N2O),kilotonnes,0.8369,0.8202,0.8226,0.8206,0.8242,0.8272,0.8306,0.8282,0.8371,0.8422,0.8479,0.8645,0.898,0.9063,0.9146,0.9145,0.9306,0.933,0.9372,0.9323,0.9314
Middle Africa,Drained organic soils (N2O),Emissions (CO2eq) from N2O (AR5),kilotonnes,221.7747,217.3482,217.9957,217.4626,218.4168,219.2011,220.1021,219.4761,221.8204,223.1957,224.6927,229.0988,237.9692,240.1804,242.3772,242.3423,246.5975,247.2535,248.3593,247.0615,246.8256
Middle Africa,Drained organic soils (N2O),Emissions (CO2eq) (AR5),kilotonnes,221.7747,217.3482,217.9957,217.4626,218.4168,219.2011,220.1021,219.4761,221.8204,223.1957,224.6927,229.0988,237.9692,240.1804,242.3772,242.3423,246.5975,247.2535,248.3593,247.0615,246.8256
Middle Africa,On-farm energy use,Emissions (CH4),kilotonnes,0.6592,0.6958,0.7321,0.7767,0.8175,0.8545,0.8911,0.93,0.9723,1.0112,1.0538,1.0978,1.1301,1.1686,1.216,1.2304,1.2648,1.2811,1.3204,1.348,1.348
Middle Africa,On-farm energy use,Emissions (N2O),kilotonnes,0.0247,0.0248,0.0294,0.0337,0.0353,0.0371,0.0393,0.0434,0.0481,0.0492,0.0574,0.0657,0.0659,0.0793,0.083,0.0707,0.0661,0.0525,0.0507,0.0443,0.0443
Middle Africa,On-farm energy use,Emissions (CO2),kilotonnes,395.4021,419.56,458.3296,502.919,525.9318,556.1948,567.9858,626.6842,679.3814,718.2539,762.9412,807.4962,817.143,875.0294,929.9188,852.9332,929.5087,884.192,930.3111,932.5627,932.5627
Middle Africa,On-farm energy use,Emissions (CO2eq) from CH4 (AR5),kilotonnes,18.4584,19.4838,20.499,21.7463,22.8908,23.9268,24.9499,26.04,27.2247,28.3141,29.507,30.738,31.6416,32.721,34.047,34.4514,35.4148,35.8711,36.972,37.7434,37.7434
Middle Africa,On-farm energy use,Emissions (CO2eq) from N2O (AR5),kilotonnes,6.5533,6.5783,7.7965,8.9365,9.3481,9.8337,10.4227,11.5128,12.7479,13.0326,15.2184,17.4096,17.4714,21.0246,22.0039,18.7243,17.5263,13.9203,13.442,11.7385,11.7385
Middle Africa,On-farm energy use,Emissions (CO2eq) (AR5),kilotonnes,420.4137,445.6221,486.6251,533.6019,558.1707,589.9553,603.3584,664.2369,719.3541,759.6006,807.6667,855.6438,866.256,928.775,985.9696,906.1089,982.4498,933.9834,980.7251,982.0446,982.0446
Middle Africa,Forestland,Emissions (CO2),kilotonnes,-6002.6648,-1184.858,-1184.858,-1184.858,-1184.858,-1184.858,-1184.858,-1184.858,-1184.858,-1184.858,-1184.858,-1049.378,-1049.378,-1049.378,-1049.378,-1049.378,-1098.306,-1098.306,-1098.306,-1098.306,-1098.306
Middle Africa,Forestland,Emissions (CO2eq) (AR5),kilotonnes,-6002.6648,-1184.858,-1184.858,-1184.858,-1184.858,-1184.858,-1184.858,-1184.858,-1184.858,-1184.858,-1184.858,-1049.378,-1049.378,-1049.378,-1049.378,-1049.378,-1098.306,-1098.306,-1098.306,-1098.306,-1098.306
Middle Africa,Net Forest conversion,Emissions (CO2),kilotonnes,468274.4864,485661.7287,485661.7287,485661.7287,485661.7287,485661.7287,485661.7287,485661.7287,485661.7287,485661.7287,485661.7287,724125.0033,724125.0033,724125.0033,724125.0033,724125.0033,722490.256,722490.256,722490.256,722490.256,722490.256
Middle Africa,Net Forest conversion,Emissions (CO2eq) (AR5),kilotonnes,468274.4864,485661.7287,485661.7287,485661.7287,485661.7287,485661.7287,485661.7287,485661.7287,485661.7287,485661.7287,485661.7287,724125.0033,724125.0033,724125.0033,724125.0033,724125.0033,722490.256,722490.256,722490.256,722490.256,722490.256
Middle Africa,Savanna fires,Emissions (CH4),kilotonnes,1283.5895,1144.4036,1266.0881,1535.3011,1488.4191,1519.0746,1437.4316,1402.4088,1410.8532,1276.514,1377.0428,1372.8182,1257.6123,1300.1556,1224.9516,1266.0072,1320.7527,1291.6608,1203.3753,1234.2776,1230.9236
Middle Africa,Savanna fires,Emissions (N2O),kilotonnes,117.1973,104.489,115.5993,140.1797,135.8991,138.6981,131.2438,128.046,128.817,116.5513,125.73,125.3443,114.8255,118.7099,111.8434,115.592,120.5905,117.9343,109.8734,112.6949,112.3887
Middle Africa,Savanna fires,Emissions (CO2eq) from CH4 (AR5),kilotonnes,35940.5061,32043.3013,35450.4669,42988.4294,41675.7339,42534.0892,40248.0849,39267.447,39503.8888,35742.3932,38557.1991,38438.9094,35213.1435,36404.3561,34298.6442,35448.2008,36981.0762,36166.5037,33694.5077,34559.7741,34465.8619
Middle Africa,Savanna fires,Emissions (CO2eq) from N2O (AR5),kilotonnes,31057.285,27689.5919,30633.8274,37147.6102,36013.27,36755.001,34779.5951,33932.1961,34136.5126,30886.0898,33318.4493,33216.2315,30428.749,31458.112,29638.5023,30631.8692,31956.4734,31252.5766,29116.4496,29864.1526,29783.0002
Middle Africa,Savanna fires,Emissions (CO2eq) (AR5),kilotonnes,66997.7911,59732.8932,66084.2943,80136.0396,77689.0039,79289.0902,75027.6801,73199.6431,73640.4014,66628.483,71875.6484,71655.1408,65641.8925,67862.4681,63937.1465,66080.07,68937.5496,67419.0803,62810.9573,64423.9268,64248.8622
Middle Africa,Fires in organic soils,Emissions (CH4),kilotonnes,0,0,0,0,0,0,0,0,0,0,0,0,0,0,0,0,0,0,0,0,0
Middle Africa,Fires in organic soils,Emissions (CO2),kilotonnes,0,0,0,0,0,0,0,0,0,0,0,0,0,0,0,0,0,0,0,0,0
Middle Africa,Fires in organic soils,Emissions (CO2eq) from CH4 (AR5),kilotonnes,0,0,0,0,0,0,0,0,0,0,0,0,0,0,0,0,0,0,0,0,0
Middle Africa,Fires in organic soils,Emissions (CO2eq) (AR5),kilotonnes,0,0,0,0,0,0,0,0,0,0,0,0,0,0,0,0,0,0,0,0,0
Middle Africa,Forest fires,Emissions (CH4),kilotonnes,1476.0066,998.0358,1154.7541,1538.4623,1361.9978,1532.4369,1495.9637,1446.442,1465.2978,1310.1762,1504.7183,1506.0251,1434.139,1340.7672,1251.4192,1380.2328,1524.7911,1460.9522,1228.3909,1355.5535,1299.0734
Middle Africa,Forest fires,Emissions (N2O),kilotonnes,43.412,91.125,105.4341,140.4683,124.3563,139.9181,136.588,132.0664,133.7881,119.6248,137.3873,137.5066,130.9431,122.4179,114.26,126.0213,139.2201,133.3913,112.1574,123.7679,118.611
Middle Africa,Forest fires,Emissions (CO2eq) from CH4 (AR5),kilotonnes,41328.1852,27945.0022,32333.1142,43076.9435,38135.9395,42908.2324,41886.9837,40500.3761,41028.3384,36684.9346,42132.1131,42168.7031,40155.8908,37541.4823,35039.7375,38646.5172,42694.1512,40906.6611,34394.9451,37955.4971,36374.0543
Middle Africa,Forest fires,Emissions (CO2eq) from N2O (AR5),kilotonnes,11504.1689,24148.1269,27940.028,37224.0979,32954.426,37078.3095,36195.8174,34997.6076,35453.8359,31700.5685,36407.6412,36439.2598,34699.9273,32440.7374,30278.9036,33395.6317,36893.3154,35348.6909,29721.7189,32798.5002,31431.9274
Middle Africa,Forest fires,Emissions (CO2eq) (AR5),kilotonnes,52832.3541,52093.1291,60273.1422,80301.0414,71090.3655,79986.5419,78082.8011,75497.9837,76482.1743,68385.5031,78539.7543,78607.9629,74855.8181,69982.2197,65318.641,72042.1489,79587.4666,76255.352,64116.6639,70753.9973,67805.9817
Middle Africa,Fires in humid tropical forests,Emissions (CH4),kilotonnes,1290.9761,975.4246,1124.29,1507.0616,1330.6264,1496.3826,1461.3522,1415.6057,1437.7826,1280.4477,1477.9977,1479.8574,1406.1204,1313.7225,1225.2,1349.3798,1497.0702,1437.4705,1203.3931,1329.1674,1268.2653
Middle Africa,Fires in humid tropical forests,Emissions (N2O),kilotonnes,37.9699,89.0605,102.6526,137.6013,121.492,136.6262,133.4278,129.251,131.2758,116.9104,134.9476,135.1174,128.3849,119.9486,111.8661,123.2042,136.689,131.2473,109.875,121.3588,115.7981
Middle Africa,Fires in humid tropical forests,Emissions (CO2eq) from CH4 (AR5),kilotonnes,36147.3295,27311.8875,31480.121,42197.726,37257.5405,41898.7131,40917.8628,39636.96,40257.9114,35852.5351,41383.9352,41436.0066,39371.371,36784.2293,34305.6013,37782.6332,41917.9665,40249.1747,33695.0057,37216.6879,35511.4292
Middle Africa,Fires in humid tropical forests,Emissions (CO2eq) from N2O (AR5),kilotonnes,10062.019,23601.0332,27202.9307,36464.3393,32195.3746,36205.9531,35358.3705,34251.5035,34788.0865,30981.2667,35761.1179,35806.1144,34021.9999,31786.372,29644.5142,32649.1233,36222.5906,34780.5369,29116.88,32160.0727,30686.5067
Middle Africa,Fires in humid tropical forests,Emissions (CO2eq) (AR5),kilotonnes,46209.3485,50912.9208,58683.0517,78662.0652,69452.9151,78104.6662,76276.2333,73888.4636,75045.9979,66833.8018,77145.053,77242.1211,73393.3709,68570.6013,63950.1154,70431.7565,78140.5572,75029.7116,62811.8857,69376.7605,66197.9359
Middle Africa,Waste - agri-food systems,Emissions (CH4),kilotonnes,429.4062,433.6674,439.0511,444.4646,451.0341,457.1629,463.2341,469.5284,477.0658,484.0399,491.2752,498.9473,506.539,514.4425,521.1616,527.2482,534.0014,540.8871,548.4666,555.4341,561.9844
Middle Africa,Waste - agri-food systems,Emissions (N2O),kilotonnes,0.9333,0.984,1.0196,1.0658,1.1158,1.1603,1.1881,1.2074,1.2865,1.3481,1.4107,1.5108,1.5586,1.6278,1.7014,1.7645,1.799,1.8449,1.9016,1.955,2.0094
Middle Africa,Waste - agri-food systems,Emissions (CO2),kilotonnes,0,0,0,0,0,0,0,0,0,0,0,0,0,0,0,0,0,0,0,0,0
Middle Africa,Waste - agri-food systems,Emissions (CO2eq) from CH4 (AR5),kilotonnes,12023.3745,12142.6865,12293.4296,12445.0088,12628.9544,12800.562,12970.5558,13146.7965,13357.8435,13553.1172,13755.7065,13970.5231,14183.0925,14404.3898,14592.5239,14762.9504,14952.0402,15144.8389,15357.0654,15552.1557,15735.5641
Middle Africa,Waste - agri-food systems,Emissions (CO2eq) from N2O (AR5),kilotonnes,247.3313,260.7521,270.2011,282.4426,295.6816,307.4812,314.8376,319.9677,340.9175,357.2443,373.8327,400.3531,413.0205,431.3714,450.8814,467.5906,476.73,488.8909,503.9342,518.0686,532.4816
Middle Africa,Waste - agri-food systems,Emissions (CO2eq) (AR5),kilotonnes,12270.7058,12403.4385,12563.6307,12727.4514,12924.636,13108.0432,13285.3934,13466.7642,13698.7611,13910.3615,14129.5392,14370.8762,14596.113,14835.7613,15043.4053,15230.541,15428.7702,15633.7298,15860.9996,16070.2243,16268.0457
Middle Africa,On-farm electricity use,Emissions (CH4),kilotonnes,0.0945,0.0981,0.0994,0.1037,0.1069,0.1118,0.1222,0.1017,0.1183,0.1208,0.1281,0.1406,0.1501,0.1527,0.1643,0.1347,0.1251,0.1355,0.1649,0.165,0.165
Middle Africa,On-farm electricity use,Emissions (N2O),kilotonnes,0.0006,0.0006,0.0006,0.0007,0.0006,0.0007,0.0007,0.0005,0.0006,0.0006,0.0007,0.0007,0.0008,0.0008,0.0009,0.0007,0.0007,0.0007,0.0009,0.0008,0.0008
Middle Africa,On-farm electricity use,Emissions (CO2),kilotonnes,0.7209,0.7537,0.7794,0.8149,0.8464,0.8838,5.055,6.5158,8.7067,10.2126,12.6232,14.0204,14.8287,12.9865,13.88,10.3639,9.3067,10.5374,11.321,10.8092,10.8092
Middle Africa,On-farm electricity use,Emissions (CO2eq) from CH4 (AR5),kilotonnes,2.646,2.7468,2.7832,2.9036,2.9932,3.1304,3.4216,2.8476,3.3124,3.3824,3.5868,3.9368,4.2028,4.2756,4.6004,3.7716,3.5028,3.794,4.6172,4.62,4.62
Middle Africa,On-farm electricity use,Emissions (CO2eq) from N2O (AR5),kilotonnes,0.159,0.159,0.159,0.1855,0.159,0.1855,0.1855,0.1325,0.159,0.159,0.1855,0.1855,0.212,0.212,0.2385,0.1855,0.1855,0.1855,0.2385,0.212,0.212
Middle Africa,On-farm electricity use,Emissions (CO2eq) (AR5),kilotonnes,3.5259,3.6595,3.7216,3.904,3.9986,4.1997,8.6621,9.4959,12.1781,13.754,16.3955,18.1427,19.2435,17.4741,18.7189,14.321,12.995,14.5169,16.1767,15.6412,15.6412
Middle Africa,Food Processing,Emissions (CH4),kilotonnes,0.3397,0.3544,0.3692,0.3537,0.3967,0.4332,0.9423,0.9861,0.912,0.998,1.189,1.2628,1.0217,1.0587,1.0462,0.9703,0.941,1.0315,1.1577,1.1687,1.1674
Middle Africa,Food Processing,Emissions (N2O),kilotonnes,0.0035,0.0036,0.0033,0.0031,0.0029,0.0027,0.0032,0.0028,0.0028,0.0031,0.0037,0.004,0.0053,0.0049,0.0053,0.0051,0.0048,0.0049,0.0052,0.0051,0.0052
Middle Africa,Food Processing,Emissions (CO2),kilotonnes,9.0762,9.7231,10.5551,11.1245,11.6523,12.8115,62.2015,102.9296,101.2465,133.7318,154.4649,180.1122,375.8424,340.9084,428.1575,356.9736,299.1427,279.7244,267.1387,285.4537,271.1586
Middle Africa,Food Processing,Emissions (CO2eq) from CH4 (AR5),kilotonnes,9.5116,9.9232,10.3376,9.9036,11.1076,12.1296,26.3844,27.6108,25.536,27.944,33.292,35.3584,28.6076,29.6436,29.2936,27.1684,26.348,28.882,32.4156,32.7236,32.688
Middle Africa,Food Processing,Emissions (CO2eq) from N2O (AR5),kilotonnes,0.9275,0.954,0.8745,0.8215,0.7685,0.7155,0.848,0.742,0.742,0.8215,0.9805,1.06,1.4045,1.2985,1.4045,1.3515,1.272,1.2985,1.378,1.3515,1.3783
Middle Africa,Food Processing,Emissions (CO2eq) (AR5),kilotonnes,19.5153,20.6003,21.7672,21.8496,23.5284,25.6566,89.4339,131.2824,127.5245,162.4973,188.7374,216.5306,405.8545,371.8505,458.8556,385.4935,326.7627,309.9049,300.9323,319.5288,305.2248
Middle Africa,Food Packaging,Emissions (CH4),kilotonnes,1.3556,1.9505,1.8399,4.9832,6.4738,6.8561,6.4184,6.4262,7.086,7.3376,10.7493,10.6876,10.6957,11.5906,13.7366,15.3592,17.1359,17.0015,17.0418,15.898,15.9766
Middle Africa,Food Packaging,Emissions (N2O),kilotonnes,0.0024,0.0026,0.0028,0.0051,0.0066,0.0066,0.0065,0.0065,0.0069,0.0077,0.0093,0.0106,0.0101,0.0104,0.0139,0.0147,0.0169,0.0179,0.0179,0.0155,0.0158
Middle Africa,Food Packaging,Emissions (CO2),kilotonnes,97.1816,112.08,109.9276,212.1667,243.0511,249.7685,272.5638,307.6401,336.491,374.3736,433.2552,339.9571,313.0397,255.5033,593.1966,492.0309,421.2341,418.2428,401.2724,481.5382,458.252
Middle Africa,Food Packaging,Emissions (CO2eq) from CH4 (AR5),kilotonnes,37.9568,54.614,51.5172,139.5296,181.2664,191.9708,179.7152,179.9336,198.408,205.4528,300.9804,299.2528,299.4796,324.5368,384.6248,430.0576,479.8052,476.042,477.1704,445.144,447.3455
Middle Africa,Food Packaging,Emissions (CO2eq) from N2O (AR5),kilotonnes,0.636,0.689,0.742,1.3515,1.749,1.749,1.7225,1.7225,1.8285,2.0405,2.4645,2.809,2.6765,2.756,3.6835,3.8955,4.4785,4.7435,4.7435,4.1075,4.1952
Middle Africa,Food Packaging,Emissions (CO2eq) (AR5),kilotonnes,135.7744,167.383,162.1868,353.0478,426.0665,443.4883,454.0015,489.2962,536.7275,581.8669,736.7001,642.0189,615.1958,582.7961,981.5049,925.984,905.5178,899.0283,883.1863,930.7897,909.7927
Middle Africa,Food Retail,Emissions (CH4),kilotonnes,0.3195,0.3233,0.158,0.1391,0.1173,0.1195,0.2119,0.2177,0.2504,0.2542,0.2648,0.2798,0.487,0.5201,0.4486,0.4124,0.4151,0.4901,0.4911,0.5555,0.562
Middle Africa,Food Retail,Emissions (N2O),kilotonnes,0.0018,0.0018,0.0011,0.001,0.0009,0.0009,0.0012,0.0022,0.0033,0.0037,0.0043,0.0044,0.0059,0.0068,0.0058,0.0055,0.0053,0.0054,0.0048,0.0065,0.0066
Middle Africa,Food Retail,Emissions (CO2),kilotonnes,15.225,14.7575,14.9885,14.6428,15.5754,17.4066,32.0637,192.9408,307.6262,363.303,404.8933,437.5738,461.5331,563.3214,494.7882,481.3898,436.2462,403.4072,329.484,531.8401,505.9452
Middle Africa,Food Retail,Emissions (CO2eq) from F-gases (AR5),kilotonnes,6.234,10.39,14.0265,19.741,30.6505,32.209,37.404,42.599,42.599,43.1185,43.638,43.638,43.638,43.638,43.638,43.638,47.2745,48.833,49.3525,50.911,53.3389
Middle Africa,Food Retail,Emissions (CO2eq) from CH4 (AR5),kilotonnes,8.9467,9.0533,4.4249,3.8951,3.2855,3.3464,5.9344,6.0954,7.0109,7.1175,7.4146,7.8345,13.636,14.5625,12.5606,11.5472,11.6228,13.7228,13.7508,15.554,15.7359
Middle Africa,Food Retail,Emissions (CO2eq) from N2O (AR5),kilotonnes,0.4851,0.4874,0.2819,0.2587,0.2351,0.2383,0.318,0.583,0.8745,0.9805,1.1395,1.166,1.5635,1.802,1.537,1.4575,1.4045,1.431,1.272,1.7225,1.7572
Middle Africa,Food Retail,Emissions (CO2eq) (AR5),kilotonnes,30.8908,34.6882,33.7218,38.5375,49.7465,53.2004,75.72,242.2182,358.1106,414.5195,457.0854,490.2123,520.3706,623.3239,552.5238,538.0325,496.548,467.394,393.8593,600.0276,576.7772
Middle Africa,Food Household Consumption,Emissions (CH4),kilotonnes,1.5326,1.6066,1.6936,1.8361,2.0115,2.1498,2.9973,2.7286,3.0735,3.3561,3.5378,3.7831,4.1418,4.8357,5.2273,5.4098,5.536,5.3406,5.6311,5.6387,5.6624
Middle Africa,Food Household Consumption,Emissions (N2O),kilotonnes,0.0119,0.0123,0.0128,0.0138,0.0143,0.015,0.019,0.016,0.0188,0.0208,0.0231,0.0237,0.0269,0.0304,0.0317,0.0327,0.0331,0.0318,0.0329,0.033,0.0336
Middle Africa,Food Household Consumption,Emissions (CO2),kilotonnes,530.335,521.5277,532.6405,582.7404,506.0142,515.4083,628.4323,720.994,856.1653,1002.4024,1060.5709,1134.7858,1285.9278,1424.8225,1330.8751,1372.699,1329.4158,1389.1933,1301.9187,1385.314,1319.255
Middle Africa,Food Household Consumption,Emissions (CO2eq) from CH4 (AR5),kilotonnes,42.9128,44.9848,47.4208,51.4108,56.322,60.1944,83.9244,76.4008,86.058,93.9708,99.0584,105.9268,115.9704,135.3996,146.3644,151.4744,155.008,149.5368,157.6708,157.8836,158.5467
Middle Africa,Food Household Consumption,Emissions (CO2eq) from N2O (AR5),kilotonnes,3.1535,3.2595,3.392,3.657,3.7895,3.975,5.035,4.24,4.982,5.512,6.1215,6.2805,7.1285,8.056,8.4005,8.6655,8.7715,8.427,8.7185,8.745,8.8998
Middle Africa,Food Household Consumption,Emissions (CO2eq) (AR5),kilotonnes,576.4013,569.772,583.4533,637.8082,566.1257,579.5777,717.3917,801.6348,947.2053,1101.8852,1165.7508,1246.9931,1409.0267,1568.2781,1485.64,1532.8389,1493.1953,1547.1571,1468.308,1551.9426,1486.7015
Middle Africa,Food Transport,Emissions (CH4),kilotonnes,0.103,0.1065,0.1119,0.1175,0.1612,0.1474,0.1582,0.1848,0.2158,0.2412,0.2712,0.3005,0.3048,0.3336,0.3734,0.3414,0.3141,0.282,0.2787,0.3337,0.3364
Middle Africa,Food Transport,Emissions (N2O),kilotonnes,0.0098,0.0103,0.0107,0.0118,0.016,0.0146,0.0184,0.0213,0.0244,0.0273,0.0303,0.0333,0.051,0.0551,0.061,0.0551,0.0474,0.0317,0.0315,0.0472,0.0483
Middle Africa,Food Transport,Emissions (CO2),kilotonnes,526.0993,542.4783,599.2213,657.2344,770.1075,719.7605,817.2995,942.74,1107.1574,1244.4199,1401.8671,1567.7855,1594.7835,1888.1061,2069.2787,1840.5211,1738.8957,1605.5113,1588.6941,1844.2367,1750.1701
Middle Africa,Food Transport,Emissions (CO2eq) from CH4 (AR5),kilotonnes,2.884,2.982,3.1332,3.29,4.5136,4.1272,4.4296,5.1744,6.0424,6.7536,7.5936,8.414,8.5344,9.3408,10.4552,9.5592,8.7948,7.896,7.8036,9.3436,9.4204
Middle Africa,Food Transport,Emissions (CO2eq) from N2O (AR5),kilotonnes,2.597,2.7295,2.8355,3.127,4.24,3.869,4.876,5.6445,6.466,7.2345,8.0295,8.8245,13.515,14.6015,16.165,14.6015,12.561,8.4005,8.3475,12.508,12.7972
Middle Africa,Food Transport,Emissions (CO2eq) (AR5),kilotonnes,531.5803,548.1898,605.19,663.6514,778.8611,727.7567,826.6051,953.5589,1119.6658,1258.408,1417.4902,1585.024,1616.8329,1912.0484,2095.8989,1864.6818,1760.2515,1621.8078,1604.8452,1866.0883,1772.3877
Middle Africa,Energy,Emissions (CH4),kilotonnes,3744.155,3718.281,3387.405,3475.551,3588.298,3653.282,3423.516,3228.761,3357.175,3295.593,3492.909,3357.826,3596.519,3583.328,3609.237,3765.279,3734.696,3675.943,3661.865,3704.552,3726.569
Middle Africa,Energy,Emissions (N2O),kilotonnes,4.7655,4.8774,5.0549,5.3083,5.5125,5.6908,5.8063,5.8121,6.0519,6.2872,6.4371,6.5416,5.9985,6.7084,7.1511,7.3516,7.4508,7.8968,7.8276,7.9259,8.0997
Middle Africa,Energy,Emissions (CO2),kilotonnes,38083.7,40023.3,38313.7,43563,42337.3,42535,44020.3,44967.3,47597.3,50344.7,54253,55472,54933,55423,69604,58977,59948,58572,57517,57661,54676
Middle Africa,Energy,Emissions (CO2eq) from CH4 (AR5),kilotonnes,104836.34,104111.868,94847.34,97315.428,100472.344,102291.896,95858.448,90405.308,94000.9,92276.604,97801.452,94019.128,100702.532,100333.184,101058.636,105427.812,104571.488,102926.404,102532.22,103727.456,104343.932
Middle Africa,Energy,Emissions (CO2eq) from N2O (AR5),kilotonnes,1262.8469,1292.5163,1339.5432,1406.7048,1460.8151,1508.0673,1538.6774,1540.2039,1603.7668,1666.0974,1705.8368,1733.5134,1589.6157,1777.7181,1895.0335,1948.1713,1974.4567,2092.6573,2074.314,2100.3715,2146.4205
Middle Africa,Energy,Emissions (CO2eq) (AR5),kilotonnes,144182.8869,145427.6843,134500.5832,142285.1328,144270.4592,146334.9633,141417.4255,136912.8118,143201.9668,144287.4014,153760.2888,151224.6414,157225.1478,157533.902,172557.6695,166352.9833,166493.9447,163591.0613,162123.534,163488.8275,161166.3525
Middle Africa,IPPU,Emissions (CH4),kilotonnes,0,1.38,1.44,1.5,1.55,1.61,1.68,1.68,1.68,1.69,1.69,2.55,2.84,2.84,2.84,2.84,2.84,2.84,2.84,3.23,3.35
Middle Africa,IPPU,Emissions (N2O),kilotonnes,0.3319,0.3429,0.3549,0.368,0.381,0.395,0.409,0.4241,0.4401,0.4552,0.4722,0.4892,0.5073,0.5253,0.5443,0.5634,0.5824,0.6015,0.6215,0.6325,0.6496
Middle Africa,IPPU,Emissions (CO2),kilotonnes,1166.176,1815.582,1864.617,1982.639,2095.38,2426.781,2472.601,2549.051,2605.435,2659.98,2514.017,3028.07,3600.995,4254.48,4650.85,4938.52,4753.51,4725.54,4864.54,5245.11,5298.24
Middle Africa,IPPU,Emissions (CO2eq) from F-gases (AR5),kilotonnes,585.968,490.6778,360.7347,417.6212,471.2135,504.6905,495.935,497.0816,524.5628,434.9088,455.1698,366.0697,342.4463,319.8044,297.2597,274.6178,252.0731,228.5567,205.9148,183.2729,160.4367
Middle Africa,IPPU,Emissions (CO2eq) from CH4 (AR5),kilotonnes,0,38.64,40.32,42,43.4,45.08,47.04,47.04,47.04,47.32,47.32,71.4,79.52,79.52,79.52,79.52,79.52,79.52,79.52,90.44,93.8
Middle Africa,IPPU,Emissions (CO2eq) from N2O (AR5),kilotonnes,87.9472,90.8686,94.0558,97.5084,100.9613,104.6794,108.3979,112.3817,116.6306,120.6154,125.13,129.6447,134.425,139.205,144.251,149.2968,154.3432,159.39,164.7015,167.6227,172.1375
Middle Africa,IPPU,Emissions (CO2eq) (AR5),kilotonnes,1840.0913,2435.7684,2359.7276,2539.7686,2710.9548,3081.2309,3123.9739,3205.5544,3293.6684,3262.8242,3141.6368,3595.1844,4157.3863,4793.0094,5171.8807,5441.9547,5239.4464,5193.0066,5314.6763,5686.4457,5724.6142
Middle Africa,Waste,Emissions (CH4),kilotonnes,602.291,623.055,646.142,669.933,839.904,861.767,754.17,785.63,818.1,848.93,882.87,920.91,958.54,998.78,1040.43,1082.57,1121.11,1158.55,1198.79,1190.72,1219.76
Middle Africa,Waste,Emissions (N2O),kilotonnes,2.3203,2.3887,2.4613,2.5749,2.6783,2.8024,2.9365,3.0812,3.2578,3.4368,3.6212,3.8206,3.9828,4.1584,4.3219,4.497,4.6679,4.7825,4.8852,5.1304,5.3023
Middle Africa,Waste,Emissions (CO2),kilotonnes,0.1586,0.1652,0.1702,0.1762,0.1822,0.1882,0.1952,0.2039,0.2119,0.2199,0.2289,0.2385,0.2485,0.2585,0.2685,0.2782,0.2862,0.2942,0.3011,0.3115,0.3207
Middle Africa,Waste,Emissions (CO2eq) from CH4 (AR5),kilotonnes,16864.148,17445.54,18091.976,18758.124,23517.312,24129.476,21116.76,21997.64,22906.8,23770.04,24720.36,25785.48,26839.12,27965.84,29132.04,30311.96,31391.08,32439.4,33566.12,33340.16,34153.28
Middle Africa,Waste,Emissions (CO2eq) from N2O (AR5),kilotonnes,614.8795,633.0134,652.2365,682.3432,709.7495,742.636,778.1804,816.518,863.3276,910.7573,959.6153,1012.4696,1055.4394,1101.9813,1145.3114,1191.6997,1236.9908,1267.3731,1294.5674,1359.5507,1405.1042
Middle Africa,Waste,Emissions (CO2eq) (AR5),kilotonnes,17479.1861,18078.7187,18744.3828,19440.6434,24227.2437,24872.3002,21895.1357,22814.3619,23770.3395,24681.0172,25680.2042,26798.1881,27894.8079,29068.0798,30277.62,31503.9378,32628.357,33707.0673,34860.9885,34700.0222,35558.7049
Middle Africa,Other,Emissions (N2O),kilotonnes,2.8406,2.9228,3.0702,3.258,3.384,3.4915,3.6192,3.72,3.9422,4.1626,4.3193,4.4374,4.7853,5.36,5.7507,5.812,5.8705,6.0071,5.9435,6.454,6.6568
Middle Africa,Other,Emissions (CO2eq) from N2O (AR5),kilotonnes,752.7563,774.534,813.5951,863.3806,896.7494,925.2581,959.0933,985.7894,1044.6751,1103.0758,1144.6145,1175.903,1268.1151,1420.3947,1523.9434,1540.18,1555.6825,1591.8815,1575.0275,1710.31,1764.052
Middle Africa,Other,Emissions (CO2eq) (AR5),kilotonnes,752.7563,774.534,813.5951,863.3806,896.7494,925.2581,959.0933,985.7894,1044.6751,1103.0758,1144.6145,1175.903,1268.1151,1420.3947,1523.9434,1540.18,1555.6825,1591.8815,1575.0275,1710.31,1764.052
Middle Africa,Farm-gate emissions,Emissions (CH4),kilotonnes,2497.3976,2394.7632,2550.3034,2869.0785,2870.6179,2969.9189,2944.6488,2978.3267,3016.2744,2946.9082,3143.567,3224.0976,3196.9542,3345.1335,3356.3358,3540.4395,3691.9226,3747.6785,3769.3481,3913.0803,4020.7123
Middle Africa,Farm-gate emissions,Direct emissions (N2O),kilotonnes,45.5933,47.089,48.0243,49.7555,51.6788,53.97,56.1334,58.5339,59.4494,61.8242,65.2284,68.3916,71.3705,74.9907,78.0038,82.9872,85.9969,89.2059,92.679,96.4287,100.4088
Middle Africa,Farm-gate emissions,Indirect emissions (N2O),kilotonnes,12.2873,12.739,13.048,13.5458,14.1196,14.7297,15.3505,16.0372,16.4356,17.1367,18.1524,19.0748,19.8733,20.9052,21.7502,23.3712,24.2249,25.2491,26.2878,27.4222,28.6533
Middle Africa,Farm-gate emissions,Emissions (N2O),kilotonnes,178.5026,167.7679,180.1944,207.0699,205.3952,211.1613,206.5975,206.6302,208.9265,199.9676,214.031,217.9384,211.0368,219.8496,217.0638,227.6032,236.4462,238.188,234.8079,242.665,247.6796
Middle Africa,Farm-gate emissions,Emissions (CO2),kilotonnes,5670.6385,5597.9427,5654.0357,5687.456,5733.4762,5783.1291,5816.7445,5862.1057,5972.3179,6045.8238,6125.8267,6277.8054,6504.2826,6615.9338,6724.1832,6646.3503,6825.8483,6795.9644,6869.6142,6843.0163,6838.0976
Middle Africa,Farm-gate emissions,Emissions (CO2eq) from CH4 (AR5),kilotonnes,69927.1317,67053.3683,71408.4956,80334.1969,80377.3024,83157.7305,82450.1676,83393.1463,84455.6843,82513.4293,88019.8773,90274.732,89514.7189,93663.7374,93977.4026,99132.3062,103373.8324,104934.9968,105541.7466,109566.2494,112579.9455
Middle Africa,Farm-gate emissions,Emissions (CO2eq) from N2O (AR5),kilotonnes,47303.1864,44458.504,47751.5249,54873.5313,54429.7342,55957.7363,54748.3298,54757.0107,55365.522,52991.4172,56718.2271,57753.6824,55924.752,58260.1539,57521.9177,60314.8576,62658.2509,63119.8091,62224.0987,64306.2184,65635.0978
Middle Africa,Farm-gate emissions,Emissions (CO2eq) (AR5),kilotonnes,122900.9567,117109.8149,124814.0562,140895.1842,140540.5128,144898.5959,143015.2419,144012.2627,145793.5243,141550.6703,150863.9311,154306.2198,151943.7534,158539.825,158223.5036,166093.5141,172857.9317,174850.7703,174635.4595,180715.4842,185053.1409
Middle Africa,Land Use change,Emissions (CH4),kilotonnes,1290.9761,975.4246,1124.29,1507.0616,1330.6264,1496.3826,1461.3522,1415.6057,1437.7826,1280.4477,1477.9977,1479.8574,1406.1204,1313.7225,1225.2,1349.3798,1497.0702,1437.4705,1203.3931,1329.1674,1268.2653
Middle Africa,Land Use change,Emissions (N2O),kilotonnes,37.9699,89.0605,102.6526,137.6013,121.492,136.6262,133.4278,129.251,131.2758,116.9104,134.9476,135.1174,128.3849,119.9486,111.8661,123.2042,136.689,131.2473,109.875,121.3588,115.7981
Middle Africa,Land Use change,Emissions (CO2),kilotonnes,468274.4864,485661.7287,485661.7287,485661.7287,485661.7287,485661.7287,485661.7287,485661.7287,485661.7287,485661.7287,485661.7287,724125.0033,724125.0033,724125.0033,724125.0033,724125.0033,722490.256,722490.256,722490.256,722490.256,722490.256
Middle Africa,Land Use change,Emissions (CO2eq) from CH4 (AR5),kilotonnes,36147.3295,27311.8875,31480.121,42197.726,37257.5405,41898.7131,40917.8628,39636.96,40257.9114,35852.5351,41383.9352,41436.0066,39371.371,36784.2293,34305.6013,37782.6332,41917.9665,40249.1747,33695.0057,37216.6879,35511.4292
Middle Africa,Land Use change,Emissions (CO2eq) from N2O (AR5),kilotonnes,10062.019,23601.0332,27202.9307,36464.3393,32195.3746,36205.9531,35358.3705,34251.5035,34788.0865,30981.2667,35761.1179,35806.1144,34021.9999,31786.372,29644.5142,32649.1233,36222.5906,34780.5369,29116.88,32160.0727,30686.5067
Middle Africa,Land Use change,Emissions (CO2eq) (AR5),kilotonnes,514483.8349,536574.6495,544344.7804,564323.7939,555114.6438,563766.3949,561937.962,559550.1923,560707.7267,552495.5305,562806.7818,801367.1244,797518.3742,792695.6046,788075.1187,794556.7598,800630.8131,797519.9676,785302.1417,791867.0165,788688.1919
Middle Africa,Emissions on agricultural land,Emissions (CH4),kilotonnes,3788.3736,3370.1877,3674.5934,4376.1401,4201.2444,4466.3016,4406.0011,4393.9324,4454.057,4227.3559,4621.5647,4703.955,4603.0746,4658.856,4581.5359,4889.8193,5188.9928,5185.149,4972.7412,5242.2478,5288.9777
Middle Africa,Emissions on agricultural land,Emissions (N2O),kilotonnes,216.4725,256.8284,282.847,344.6712,326.8872,347.7875,340.0253,335.8812,340.2023,316.8781,348.9787,353.0558,339.4217,339.7982,328.9299,350.8075,373.1353,369.4353,344.6829,364.0237,363.4778
Middle Africa,Emissions on agricultural land,Emissions (CO2),kilotonnes,473945.1249,491259.6714,491315.7644,491349.1847,491395.2049,491444.8578,491478.4732,491523.8344,491634.0467,491707.5525,491787.5554,730402.8087,730629.2859,730740.937,730849.1865,730771.3536,729316.1043,729286.2203,729359.8702,729333.2723,729328.3536
Middle Africa,Emissions on agricultural land,Emissions (CO2eq) from CH4 (AR5),kilotonnes,106074.4613,94365.2558,102888.6166,122531.9228,117634.8429,125056.4435,123368.0304,123030.1064,124713.5957,118365.9644,129403.8125,131710.7387,128886.0899,130447.9667,128283.0039,136914.9394,145291.7989,145184.1715,139236.7524,146782.9373,148091.3747
Middle Africa,Emissions on agricultural land,Emissions (CO2eq) from N2O (AR5),kilotonnes,57365.2054,68059.5372,74954.4556,91337.8706,86625.1088,92163.6894,90106.7003,89008.5142,90153.6085,83972.6839,92479.345,93559.7968,89946.7519,90046.5259,87166.4319,92963.9809,98880.8416,97900.3459,91340.9787,96466.2911,96321.6045
Middle Africa,Emissions on agricultural land,Emissions (CO2eq) (AR5),kilotonnes,637384.7915,653684.4644,669158.8366,705218.9781,695655.1566,708664.9908,704953.204,703562.4549,706501.2509,694046.2008,713670.7128,955673.3442,949462.1276,951235.4297,946298.6223,960650.2739,973488.7448,972370.7378,959937.6012,972582.5007,973741.3328
Middle Africa,Pre- and post- production,Emissions (CH4),kilotonnes,433.1512,438.1068,443.3231,451.9979,460.3015,466.9807,474.0845,480.1735,488.7218,496.3478,507.4154,515.4017,523.3401,532.9339,542.158,549.876,558.4686,565.1683,573.2319,579.1937,585.8543
Middle Africa,Pre- and post- production,Emissions (N2O),kilotonnes,0.9634,1.0152,1.0509,1.1013,1.1571,1.2008,1.2371,1.2567,1.3433,1.4113,1.4821,1.5875,1.6586,1.7362,1.82,1.8783,1.9072,1.9373,1.9948,2.0631,2.1197
Middle Africa,Pre- and post- production,Emissions (CO2),kilotonnes,1178.638,1201.3203,1268.1124,1478.7237,1547.2469,1516.0392,1817.6158,2273.7603,2717.3931,3128.4433,3467.6746,3674.2348,4045.9552,4485.6482,4930.1761,4553.9783,4234.2412,4106.6164,3899.8289,4539.1919,4315.59
Middle Africa,Pre- and post- production,Emissions (CO2eq) from F-gases (AR5),kilotonnes,6.234,10.39,14.0265,19.741,30.6505,32.209,37.404,42.599,42.599,43.1185,43.638,43.638,43.638,43.638,43.638,43.638,47.2745,48.833,49.3525,50.911,53.3389
Middle Africa,Pre- and post- production,Emissions (CO2eq) from CH4 (AR5),kilotonnes,12128.2324,12266.9906,12413.0464,12655.9415,12888.4427,13075.4607,13274.3653,13444.859,13684.2112,13897.7383,14207.6323,14431.2463,14653.5233,14922.1487,15180.4229,15396.5288,15637.1218,15824.7125,16050.4938,16217.4245,16403.9207
Middle Africa,Pre- and post- production,Emissions (CO2eq) from N2O (AR5),kilotonnes,255.2894,269.0304,278.486,291.8438,306.6227,318.2135,327.8226,333.0322,355.9695,373.9923,392.7537,420.6786,439.5205,460.0974,482.3104,497.7476,505.403,513.3769,528.6322,546.7151,561.7213
Middle Africa,Pre- and post- production,Emissions (CO2eq) (AR5),kilotonnes,13568.3938,13747.7313,13973.6714,14446.25,14772.9627,14941.9225,15457.2077,16094.2506,16800.1728,17443.2925,18111.6986,18569.7978,19182.637,19911.5324,20636.5473,20491.8927,20424.0405,20493.5388,20528.3074,21354.2425,21334.5709
Middle Africa,Agri-food systems,Emissions (CH4),kilotonnes,4221.5248,3808.2945,4117.9165,4828.138,4661.5459,4933.2823,4880.0856,4874.1059,4942.7788,4723.7037,5128.9802,5219.3566,5126.4148,5191.7898,5123.6938,5439.6953,5747.4615,5750.3173,5545.9731,5821.4415,5874.832
Middle Africa,Agri-food systems,Emissions (N2O),kilotonnes,217.4358,257.8437,283.8979,345.7725,328.0443,348.9883,341.2624,337.1379,341.5456,318.2893,350.4607,354.6433,341.0803,341.5344,330.75,352.6858,375.0424,371.3725,346.6778,366.0868,365.5975
Middle Africa,Agri-food systems,Emissions (CO2),kilotonnes,475123.7629,492460.9917,492583.8768,492827.9084,492942.4517,492960.8971,493296.089,493797.5947,494351.4397,494835.9958,495255.23,734077.0435,734675.2411,735226.5853,735779.3626,735325.3319,733550.3455,733392.8367,733259.6991,733872.4642,733643.9436
Middle Africa,Agri-food systems,Emissions (CO2eq) from F-gases (AR5),kilotonnes,6.234,10.39,14.0265,19.741,30.6505,32.209,37.404,42.599,42.599,43.1185,43.638,43.638,43.638,43.638,43.638,43.638,47.2745,48.833,49.3525,50.911,53.3389
Middle Africa,Agri-food systems,Emissions (CO2eq) from CH4 (AR5),kilotonnes,118202.6936,106632.2463,115301.663,135187.8643,130523.2856,138131.9043,136642.3957,136474.9654,138397.8069,132263.7027,143611.4447,146141.985,143539.6132,145370.1154,143463.4268,152311.4682,160928.9207,161008.884,155287.2462,163000.3618,164495.2954
Middle Africa,Agri-food systems,Emissions (CO2eq) from N2O (AR5),kilotonnes,57620.4948,68328.5676,75232.9416,91629.7144,86931.7315,92481.903,90434.523,89341.5464,90509.5781,84346.6763,92872.0987,93980.4755,90386.2724,90506.6233,87648.7422,93461.7286,99386.2446,98413.7229,91869.6108,97013.0062,96883.3258
Middle Africa,Agri-food systems,Emissions (CO2eq) (AR5),kilotonnes,650953.1853,667432.1957,683132.508,719665.2281,710428.1193,723606.9133,720410.4117,719656.7055,723301.4237,711489.4933,731782.4115,974243.142,968644.7646,971146.9621,966935.1696,981142.1667,993912.7853,992864.2766,980465.9086,993936.7432,995075.9037
Middle Africa,IPCC Agriculture,Emissions (CH4),kilotonnes,2496.7383,2394.0673,2549.5713,2868.3018,2869.8004,2969.0644,2943.7578,2977.3967,3015.3021,2945.897,3142.5132,3222.9998,3195.8242,3343.9649,3355.1198,3539.2091,3690.6578,3746.3973,3768.0277,3911.7324,4019.3644
Middle Africa,IPCC Agriculture,Direct emissions (N2O),kilotonnes,45.5933,47.089,48.0243,49.7555,51.6788,53.97,56.1334,58.5339,59.4494,61.8242,65.2284,68.3916,71.3705,74.9907,78.0038,82.9872,85.9969,89.2059,92.679,96.4287,100.4088
Middle Africa,IPCC Agriculture,Indirect emissions (N2O),kilotonnes,12.2873,12.739,13.048,13.5458,14.1196,14.7297,15.3505,16.0372,16.4356,17.1367,18.1524,19.0748,19.8733,20.9052,21.7502,23.3712,24.2249,25.2491,26.2878,27.4222,28.6533
Middle Africa,IPCC Agriculture,Emissions (N2O),kilotonnes,178.4779,167.7431,180.165,207.0362,205.3599,211.1242,206.5581,206.5868,208.8784,199.9184,213.9736,217.8727,210.9709,219.7703,216.9808,227.5326,236.3801,238.1354,234.7572,242.6207,247.6353
Middle Africa,IPCC Agriculture,Emissions (CO2eq) from CH4 (AR5),kilotonnes,69908.6734,67033.8845,71387.9966,80312.4505,80354.4116,83133.8036,82425.2178,83367.1064,84428.4595,82485.1153,87990.3703,90243.994,89483.0773,93631.0164,93943.3557,99097.8548,103338.4176,104899.1257,105504.7746,109528.506,112542.2022
Middle Africa,IPCC Agriculture,Emissions (CO2eq) from N2O (AR5),kilotonnes,47296.6331,44451.9257,47743.7284,54864.5948,54420.3861,55947.9026,54737.9071,54745.4979,55352.7741,52978.3846,56703.0086,57736.2728,55907.2806,58239.1293,57499.9139,60296.1333,62640.7246,63105.8888,62210.6567,64294.48,65623.3593
Middle Africa,IPCC Agriculture,Emissions (CO2eq) (AR5),kilotonnes,117205.3065,111485.8102,119131.7251,135177.0453,134774.7977,139081.7062,137163.1248,138112.6043,139781.2337,135463.4998,144693.3789,147980.2668,145390.3579,151870.1457,151443.2695,159393.9881,165979.1422,168005.0144,167715.4313,173822.986,178165.5615
Middle Africa,Agricultural Soils,Direct emissions (N2O),kilotonnes,45.5933,47.089,48.0243,49.7555,51.6788,53.97,56.1334,58.5339,59.4494,61.8242,65.2284,68.3916,71.3705,74.9907,78.0038,82.9872,85.9969,89.2059,92.679,96.4287,100.4088
Middle Africa,Agricultural Soils,Indirect emissions (N2O),kilotonnes,12.2873,12.739,13.048,13.5458,14.1196,14.7297,15.3505,16.0372,16.4356,17.1367,18.1524,19.0748,19.8733,20.9052,21.7502,23.3712,24.2249,25.2491,26.2878,27.4222,28.6533
Middle Africa,Agricultural Soils,Emissions (N2O),kilotonnes,58.7175,60.6482,61.8949,64.1219,66.6226,69.5268,72.3144,75.3993,76.722,79.8031,84.2287,88.3309,92.1418,96.8022,100.6686,107.2729,111.1523,115.388,119.904,124.7833,129.9935
Middle Africa,Agricultural Soils,Emissions (CO2eq) from N2O (AR5),kilotonnes,15560.1345,16071.7659,16402.148,16992.3002,17654.9832,18424.6126,19163.3144,19980.8072,20331.334,21147.8213,22320.5962,23407.6906,24417.5755,25652.5716,26677.1878,28427.3061,29455.3636,30577.8326,31774.5711,33067.5699,34448.2731
Middle Africa,Agricultural Soils,Emissions (CO2eq) (AR5),kilotonnes,15560.1345,16071.7659,16402.148,16992.3002,17654.9832,18424.6126,19163.3144,19980.8072,20331.334,21147.8213,22320.5962,23407.6906,24417.5755,25652.5716,26677.1878,28427.3061,29455.3636,30577.8326,31774.5711,33067.5699,34448.2731
Middle Africa,LULUCF,Emissions (CH4),kilotonnes,1476.0066,998.0358,1154.7541,1538.4623,1361.9978,1532.4369,1495.9637,1446.442,1465.2978,1310.1762,1504.7183,1506.0251,1434.139,1340.7672,1251.4192,1380.2328,1524.7911,1460.9522,1228.3909,1355.5535,1299.0734
Middle Africa,LULUCF,Emissions (N2O),kilotonnes,43.412,91.125,105.4341,140.4683,124.3563,139.9181,136.588,132.0664,133.7881,119.6248,137.3873,137.5066,130.9431,122.4179,114.26,126.0213,139.2201,133.3913,112.1574,123.7679,118.611
Middle Africa,LULUCF,Emissions (CO2),kilotonnes,467547.0579,489655.2534,489672.5767,489661.4077,489684.415,489703.805,489725.6293,489712.2921,489769.8072,489804.4406,489839.7562,728545.9346,728762.7648,728816.5296,728869.8897,728869.0423,727288.2896,727303.7224,727331.2531,727302.4036,727297.4848
Middle Africa,LULUCF,Emissions (CO2eq) from CH4 (AR5),kilotonnes,41328.1852,27945.0022,32333.1142,43076.9435,38135.9395,42908.2324,41886.9837,40500.3761,41028.3384,36684.9346,42132.1131,42168.7031,40155.8908,37541.4823,35039.7375,38646.5172,42694.1512,40906.6611,34394.9451,37955.4971,36374.0543
Middle Africa,LULUCF,Emissions (CO2eq) from N2O (AR5),kilotonnes,11504.1689,24148.1269,27940.028,37224.0979,32954.426,37078.3095,36195.8174,34997.6076,35453.8359,31700.5685,36407.6412,36439.2598,34699.9273,32440.7374,30278.9036,33395.6317,36893.3154,35348.6909,29721.7189,32798.5002,31431.9274
Middle Africa,LULUCF,Emissions (CO2eq) (AR5),kilotonnes,520379.412,541748.3824,549945.719,569962.4491,560774.7805,569690.3469,567808.4304,565210.2758,566251.9815,558189.9437,568379.5105,807153.8974,803618.5829,798798.7493,794188.5307,800911.1913,806875.7562,803559.0744,791447.9171,798056.4008,795103.4665
Middle Africa,AFOLU,Emissions (CH4),kilotonnes,3972.7449,3392.1031,3704.3254,4406.7641,4231.7983,4501.5013,4439.7215,4423.8387,4480.5999,4256.0732,4647.2315,4729.0249,4629.9631,4684.7321,4606.539,4919.4419,5215.4489,5207.3495,4996.4186,5267.2858,5318.4377
Middle Africa,AFOLU,Emissions (N2O),kilotonnes,221.8898,258.8681,285.5991,347.5045,329.7163,351.0423,343.1461,338.6532,342.6665,319.5432,351.3609,355.3794,341.914,342.1882,331.2408,353.5538,375.6002,371.5267,346.9146,366.3886,366.2464
Middle Africa,AFOLU,Emissions (CO2),kilotonnes,467547.0579,489655.2534,489672.5767,489661.4077,489684.415,489703.805,489725.6293,489712.2921,489769.8072,489804.4406,489839.7562,728545.9346,728762.7648,728816.5296,728869.8897,728869.0423,727288.2896,727303.7224,727331.2531,727302.4036,727297.4848
Middle Africa,AFOLU,Emissions (CO2eq) from CH4 (AR5),kilotonnes,111236.8586,94978.8867,103721.1108,123389.394,118490.3511,126042.036,124312.2014,123867.4824,125456.7979,119170.0499,130122.4833,132412.6971,129638.9681,131172.4987,128983.0931,137744.372,146032.5688,145805.7868,139899.7197,147484.0031,148916.2565
Middle Africa,AFOLU,Emissions (CO2eq) from N2O (AR5),kilotonnes,58800.802,68600.0526,75683.7565,92088.6927,87374.8121,93026.2121,90933.7245,89743.1055,90806.61,84678.953,93110.6498,94175.5326,90607.2079,90679.8667,87778.8174,93691.7651,99534.04,98454.5796,91932.3756,97092.9802,97055.2867
Middle Africa,AFOLU,Emissions (CO2eq) (AR5),kilotonnes,637584.7185,653234.1926,669077.444,705139.4944,695549.5782,708772.0531,704971.5553,703322.8801,706033.2151,693653.4435,713072.8894,955134.1642,949008.9408,950668.895,945631.8002,960305.1794,972854.8984,971564.0888,959163.3484,971879.3868,973269.028
Middle Africa,All sectors with LULUCF,Emissions (CH4),kilotonnes,8319.1909,7734.8191,7739.3124,8553.7481,8661.5503,9018.1603,8619.0875,8439.9097,8657.5549,8402.2862,9024.7005,9010.3109,9187.8621,9269.6801,9259.046,9770.1309,10074.0949,10044.6825,9859.9136,10165.7878,10268.1167
Middle Africa,All sectors with LULUCF,Emissions (N2O),kilotonnes,232.148,269.3999,296.5403,359.0137,341.672,363.4221,355.9173,351.6906,356.3585,333.8849,366.2107,370.6682,357.1879,358.9402,349.0089,371.7778,394.1717,390.8146,366.1924,386.5315,386.9547
Middle Africa,All sectors with LULUCF,Emissions (CO2),kilotonnes,506797.0925,531494.3006,529851.064,535207.2229,534117.2772,534665.7742,536218.7256,537228.847,539972.754,542809.3405,546607.002,787046.2431,787297.0083,788494.2681,803125.0082,792784.8405,791990.0857,790601.5565,789713.0943,790208.8251,787272.0455
Middle Africa,All sectors with LULUCF,Emissions (CO2eq) from F-gases (AR5),kilotonnes,585.968,490.6778,360.7347,417.6212,471.2135,504.6905,495.935,497.0816,524.5628,434.9088,455.1698,366.0697,342.4463,319.8044,297.2597,274.6178,252.0731,228.5567,205.9148,183.2729,160.4367
Middle Africa,All sectors with LULUCF,Emissions (CO2eq) from CH4 (AR5),kilotonnes,232937.3466,216574.9347,216700.7468,239504.946,242523.4071,252508.488,241334.4494,236317.4704,242411.5379,235264.0139,252691.6153,252288.7051,257260.1401,259551.0427,259253.2891,273563.664,282074.6568,281251.1108,276077.5797,284642.0591,287507.2685
Middle Africa,All sectors with LULUCF,Emissions (CO2eq) from N2O (AR5),kilotonnes,61519.232,71390.985,78583.1871,95138.6297,90543.0874,96306.853,94318.0736,93197.9985,94435.01,88479.4989,97045.8465,98227.0633,94654.8031,95119.1657,92487.3569,98521.1129,104455.5133,103565.8815,97040.9859,102430.835,102543.0009
Middle Africa,All sectors with LULUCF,Emissions (CO2eq) (AR5),kilotonnes,801839.6391,819950.898,825495.7326,870268.4198,867654.9853,883985.8057,872367.1836,867241.3975,877343.8648,866987.762,896799.6337,1137928.081,1139554.398,1143484.281,1155162.914,1165144.235,1178772.329,1175647.106,1163037.575,1177464.992,1177482.752
Middle Africa,All sectors without LULUCF,Emissions (CH4),kilotonnes,6843.1843,6736.7833,6584.5583,7015.2858,7299.5524,7485.7234,7123.1238,6993.4677,7192.2571,7092.11,7519.9822,7504.2858,7753.7232,7928.9129,8007.6268,8389.8981,8549.3038,8583.7303,8631.5227,8810.2344,8969.0434
Middle Africa,All sectors without LULUCF,Emissions (N2O),kilotonnes,188.7361,178.2749,191.1063,218.5454,217.3157,223.5039,219.3293,219.6241,222.5705,214.2601,228.8234,233.1615,226.2448,236.5224,234.7489,245.7565,254.9517,257.4234,254.035,262.7635,268.3437
Middle Africa,All sectors without LULUCF,Emissions (CO2),kilotonnes,39250.0346,41839.0472,40178.4872,45545.8152,44432.8622,44961.9692,46493.0962,47516.5549,50202.9469,53004.8999,56767.2459,58500.3085,58534.2435,59677.7385,74255.1185,63915.7982,64701.7962,63297.8342,62381.8412,62906.4215,59974.5607
Middle Africa,All sectors without LULUCF,Emissions (CO2eq) from F-gases (AR5),kilotonnes,585.968,490.6778,360.7347,417.6212,471.2135,504.6905,495.935,497.0816,524.5628,434.9088,455.1698,366.0697,342.4463,319.8044,297.2597,274.6178,252.0731,228.5567,205.9148,183.2729,160.4367
Middle Africa,All sectors without LULUCF,Emissions (CO2eq) from CH4 (AR5),kilotonnes,191609.1614,188629.9325,184367.6326,196428.0025,204387.4676,209600.2556,199447.4658,195817.0944,201383.1995,198579.0793,210559.5023,210120.002,217104.2493,222009.5604,224213.5517,234917.1468,239380.5056,240344.4497,241682.6346,246686.562,251133.2142
Middle Africa,All sectors without LULUCF,Emissions (CO2eq) from N2O (AR5),kilotonnes,50015.0631,47242.8581,50643.1591,57914.5318,57588.6614,59228.5434,58122.2562,58200.3909,58981.1741,56778.9304,60638.2053,61787.8036,59954.8757,62678.4283,62208.4533,65125.4812,67562.1979,68217.1906,67319.2671,69632.3349,71111.0735
Middle Africa,All sectors without LULUCF,Emissions (CO2eq) (AR5),kilotonnes,281460.2271,278202.5156,275550.0136,300305.9708,306880.2048,314295.4588,304558.7531,302031.1218,311091.8833,308797.8183,328420.1232,330774.1837,335935.8149,344685.5317,360974.3832,364233.044,371896.5728,372088.0311,371589.6576,379408.5913,382379.285
Northern Africa,Crop Residues,Direct emissions (N2O),kilotonnes,5.7924,6.9318,6.6368,8.7915,8.033,8.7093,9.0299,7.7395,7.8469,9.7151,7.7834,9.1997,8.2272,9.7553,9.4518,9.2388,8.8318,9.237,9.7316,8.8587,7.8144
Northern Africa,Crop Residues,Indirect emissions (N2O),kilotonnes,1.3033,1.5597,1.4933,1.9781,1.8074,1.9596,2.0317,1.7414,1.7655,2.1859,1.7513,2.0699,1.8511,2.1949,2.1267,2.0787,1.9871,2.0783,2.1896,1.9932,1.7582
Northern Africa,Crop Residues,Emissions (N2O),kilotonnes,7.0957,8.4914,8.1301,10.7696,9.8404,10.6689,11.0616,9.4809,9.6124,11.901,9.5347,11.2696,10.0784,11.9502,11.5784,11.3175,10.8189,11.3153,11.9212,10.8519,9.5727
Northern Africa,Crop Residues,Emissions (CO2eq) from N2O (AR5),kilotonnes,1880.3641,2250.2335,2154.4733,2853.9448,2607.6998,2827.2691,2931.317,2512.4449,2547.2908,3153.7682,2526.6963,2986.4495,2670.7674,3166.8121,3068.2868,2999.1363,2867.0158,2998.5472,3159.1128,2875.758,2536.7557
Northern Africa,Crop Residues,Emissions (CO2eq) (AR5),kilotonnes,1880.3641,2250.2335,2154.4733,2853.9448,2607.6998,2827.2691,2931.317,2512.4449,2547.2908,3153.7682,2526.6963,2986.4495,2670.7674,3166.8121,3068.2868,2999.1363,2867.0158,2998.5472,3159.1128,2875.758,2536.7557
Northern Africa,Rice Cultivation,Emissions (CH4),kilotonnes,187.0067,160.7029,184.6247,179.564,183.1679,174.3949,190.2019,199.3429,211.4258,164.2585,131.6918,167.7995,177.3506,169.6968,164.108,146.4677,162.388,157.8503,105.0048,157.4882,158.4849
Northern Africa,Rice Cultivation,Emissions (CO2eq) from CH4 (AR5),kilotonnes,5236.187,4499.6818,5169.4922,5027.792,5128.7006,4883.0578,5325.6532,5581.6018,5919.9213,4599.238,3687.3715,4698.3866,4965.8168,4751.5104,4595.024,4101.0962,4546.8629,4419.8078,2940.1333,4409.6707,4437.5772
Northern Africa,Rice Cultivation,Emissions (CO2eq) (AR5),kilotonnes,5236.187,4499.6818,5169.4922,5027.792,5128.7006,4883.0578,5325.6532,5581.6018,5919.9213,4599.238,3687.3715,4698.3866,4965.8168,4751.5104,4595.024,4101.0962,4546.8629,4419.8078,2940.1333,4409.6707,4437.5772
Northern Africa,Burning - Crop residues,Emissions (CH4),kilotonnes,10.6839,11.3458,10.5614,12.3885,12.4569,12.1762,12.3098,11.5251,11.2617,12.6946,11.6505,12.0615,12.7607,12.639,12.4179,12.7217,11.9281,12.9901,11.1422,13.0965,13.1513
Northern Africa,Burning - Crop residues,Emissions (N2O),kilotonnes,0.277,0.2941,0.2738,0.3212,0.323,0.3157,0.3191,0.2988,0.292,0.3291,0.302,0.3127,0.3308,0.3277,0.3219,0.3298,0.3092,0.3368,0.2889,0.3395,0.341
Northern Africa,Burning - Crop residues,Emissions (CO2eq) from CH4 (AR5),kilotonnes,299.1478,317.6817,295.719,346.8767,348.7945,340.9326,344.6745,322.7025,315.3273,355.4476,326.2128,337.7214,357.2994,353.8916,347.7006,356.2081,333.9875,363.722,311.982,366.7016,368.2358
Northern Africa,Burning - Crop residues,Emissions (CO2eq) from N2O (AR5),kilotonnes,73.402,77.9497,72.5607,85.1133,85.5838,83.6548,84.5729,79.1816,77.372,87.2163,80.043,82.8668,87.6707,86.8345,85.3154,87.4029,81.9506,89.2466,76.5511,89.9777,90.3541
Northern Africa,Burning - Crop residues,Emissions (CO2eq) (AR5),kilotonnes,372.5498,395.6314,368.2796,431.99,434.3783,424.5874,429.2474,401.8841,392.6993,442.6639,406.2558,420.5883,444.9701,440.7261,433.016,443.611,415.9381,452.9686,388.5331,456.6793,458.5899
Northern Africa,Enteric Fermentation,Emissions (CH4),kilotonnes,2812.4748,2900.3496,2937.9931,3044.3792,3100.8824,3167.2413,3213.0516,3250.9428,3263.5593,3259.9232,3289.8195,3254.3015,2811.8888,2822.3398,2853.4686,2872.9236,2864.6775,2849.3224,2858.0342,2692.6956,2708.824
Northern Africa,Enteric Fermentation,Emissions (CO2eq) from CH4 (AR5),kilotonnes,78749.2949,81209.7901,82263.8068,85242.6173,86824.708,88682.7574,89965.4434,91026.3971,91379.6611,91277.8491,92114.9473,91120.4425,78732.8853,79025.5142,79897.1204,80441.8608,80210.97,79781.0265,80024.9586,75395.4762,75847.0715
Northern Africa,Enteric Fermentation,Emissions (CO2eq) (AR5),kilotonnes,78749.2949,81209.7901,82263.8068,85242.6173,86824.708,88682.7574,89965.4434,91026.3971,91379.6611,91277.8491,92114.9473,91120.4425,78732.8853,79025.5142,79897.1204,80441.8608,80210.97,79781.0265,80024.9586,75395.4762,75847.0715
Northern Africa,Manure Management,Emissions (CH4),kilotonnes,103.1047,105.6945,107.0056,109.8979,111.0119,112.9384,115.1233,117.0198,117.6417,118.0013,118.8634,117.259,112.3669,113.6241,114.5743,115.2694,115.9166,115.8882,116.2214,112.8436,113.1555
Northern Africa,Manure Management,Emissions (N2O),kilotonnes,1.7299,1.7855,1.8115,1.8786,1.8996,1.9396,1.9657,2.0084,2.0284,2.0217,2.0664,2.0732,1.7929,1.8277,1.8511,1.8752,1.8706,1.8794,1.8894,1.807,1.8154
Northern Africa,Manure Management,Emissions (CO2eq) from CH4 (AR5),kilotonnes,2886.9318,2959.4457,2996.1558,3077.1416,3108.3321,3162.2741,3223.4526,3276.5538,3293.9676,3304.0372,3328.176,3283.2508,3146.2722,3181.4746,3208.079,3227.5429,3245.6651,3244.8682,3254.1998,3159.6221,3168.3549
Northern Africa,Manure Management,Emissions (CO2eq) from N2O (AR5),kilotonnes,458.422,473.1514,480.0592,497.8382,503.3925,513.9854,520.9052,532.231,537.5211,535.746,547.5845,549.3983,475.1143,484.3495,490.548,496.918,495.7148,498.0486,500.6808,478.8522,481.084
Northern Africa,Manure Management,Emissions (CO2eq) (AR5),kilotonnes,3345.3538,3432.5971,3476.2149,3574.9798,3611.7245,3676.2595,3744.3578,3808.7848,3831.4887,3839.7832,3875.7605,3832.6491,3621.3865,3665.8241,3698.627,3724.4609,3741.3799,3742.9169,3754.8805,3638.4743,3649.4389
Northern Africa,Manure left on Pasture,Direct emissions (N2O),kilotonnes,105.8759,109.0812,110.3162,113.9487,115.4347,117.6329,119.3975,121.0596,121.6015,121.5474,123.1236,121.0206,104.9282,105.928,107.1402,108.0119,108.0766,107.7151,108.1651,103.3871,103.7622
Northern Africa,Manure left on Pasture,Indirect emissions (N2O),kilotonnes,29.9304,30.7594,31.1458,32.0567,32.5377,33.1482,33.7008,34.1371,34.2238,34.3202,34.7431,33.7998,30.4088,30.7245,31.0755,31.2572,31.3334,31.2547,31.3444,30.218,30.4235
Northern Africa,Manure left on Pasture,Emissions (N2O),kilotonnes,135.8063,139.8406,141.462,146.0055,147.9724,150.7811,153.0984,155.1967,155.8253,155.8676,157.8667,154.8204,135.337,136.6525,138.2157,139.2691,139.41,138.9698,139.5095,133.6051,134.1857
Northern Africa,Manure left on Pasture,Emissions (CO2eq) from N2O (AR5),kilotonnes,35988.6627,37057.7619,37487.4339,38691.4503,39212.6982,39956.9957,40571.0688,41127.123,41293.7158,41304.9012,41834.6862,41027.3955,35864.3164,36212.9155,36627.1553,36906.3199,36943.656,36826.99,36970.03,35405.3396,35559.2094
Northern Africa,Manure left on Pasture,Emissions (CO2eq) (AR5),kilotonnes,35988.6627,37057.7619,37487.4339,38691.4503,39212.6982,39956.9957,40571.0688,41127.123,41293.7158,41304.9012,41834.6862,41027.3955,35864.3164,36212.9155,36627.1553,36906.3199,36943.656,36826.99,36970.03,35405.3396,35559.2094
Northern Africa,Manure applied to Soils,Direct emissions (N2O),kilotonnes,2.808,2.9523,3.0202,3.206,3.2774,3.3781,3.3844,3.4489,3.4828,3.4974,3.5732,3.558,2.9549,3.045,3.0884,3.1907,3.1505,3.1716,3.1841,3.1474,3.1381
Northern Africa,Manure applied to Soils,Indirect emissions (N2O),kilotonnes,1.1934,1.2547,1.2836,1.3626,1.3929,1.4357,1.4384,1.4658,1.4802,1.4864,1.5186,1.5122,1.2558,1.2941,1.3126,1.3561,1.339,1.3479,1.3532,1.3377,1.3337
Northern Africa,Manure applied to Soils,Emissions (N2O),kilotonnes,4.0014,4.2071,4.3039,4.5686,4.6703,4.8138,4.8228,4.9147,4.9629,4.9839,5.0918,5.0702,4.2107,4.3391,4.4009,4.5468,4.4895,4.5196,4.5373,4.4851,4.4718
Northern Africa,Manure applied to Soils,Emissions (CO2eq) from N2O (AR5),kilotonnes,1060.379,1114.8718,1140.5218,1210.6739,1237.6338,1275.6689,1278.0477,1302.3953,1315.178,1320.7223,1349.3204,1343.6009,1115.8323,1149.8499,1166.2393,1204.9047,1189.7043,1197.6897,1202.3943,1188.5441,1185.0339
Northern Africa,Manure applied to Soils,Emissions (CO2eq) (AR5),kilotonnes,1060.379,1114.8718,1140.5218,1210.6739,1237.6338,1275.6689,1278.0477,1302.3953,1315.178,1320.7223,1349.3204,1343.6009,1115.8323,1149.8499,1166.2393,1204.9047,1189.7043,1197.6897,1202.3943,1188.5441,1185.0339
Northern Africa,Synthetic Fertilizers,Direct emissions (N2O),kilotonnes,22.8158,23.3829,24.6512,24.4626,29.5644,28.2098,27.5702,25.516,25.122,25.4952,26.4079,26.4972,23.4285,24.2443,24.4648,26.7452,27.6267,29.8967,28.1375,27.4679,27.4682
Northern Africa,Synthetic Fertilizers,Indirect emissions (N2O),kilotonnes,7.4151,7.5994,8.0116,7.9503,9.6084,9.1682,8.9603,8.2927,8.1646,8.2859,8.5826,8.6116,7.6143,7.8794,7.9511,8.6922,8.9787,9.7164,9.1447,8.9271,8.9272
Northern Africa,Synthetic Fertilizers,Emissions (N2O),kilotonnes,30.231,30.9823,32.6629,32.4129,39.1728,37.3779,36.5305,33.8087,33.2866,33.7811,34.9905,35.1088,31.0428,32.1238,32.4158,35.4374,36.6054,39.6131,37.2822,36.3949,36.3954
Northern Africa,Synthetic Fertilizers,Emissions (CO2eq) from N2O (AR5),kilotonnes,8011.2058,8210.3057,8655.6596,8589.4144,10380.7949,9905.149,9680.585,8959.3085,8820.9582,8952.0031,9272.4754,9303.8213,8226.3312,8512.7943,8590.1945,9390.9137,9700.4225,10497.4637,9879.7716,9644.6528,9644.7752
Northern Africa,Synthetic Fertilizers,Emissions (CO2eq) (AR5),kilotonnes,8011.2058,8210.3057,8655.6596,8589.4144,10380.7949,9905.149,9680.585,8959.3085,8820.9582,8952.0031,9272.4754,9303.8213,8226.3312,8512.7943,8590.1945,9390.9137,9700.4225,10497.4637,9879.7716,9644.6528,9644.7752
Northern Africa,Drained organic soils,Emissions (CO2eq) (AR5),kilotonnes,10273.5174,10257.379,10247.0942,10233.4026,10221.9998,10223.3614,10213.8492,10209.2641,10198.6976,10215.2563,10214.1433,10211.0383,0,0,0,0,0,0,0,0,0
Northern Africa,Drained organic soils (CO2),Emissions (CO2),kilotonnes,9727.706,9712.2262,9702.3686,9689.3099,9678.6979,9679.9712,9670.9464,9666.564,9656.6706,9672.4212,9671.3303,9668.4025,0,0,0,0,0,0,0,0,0
Northern Africa,Drained organic soils (CO2),Emissions (CO2eq) (AR5),kilotonnes,9727.706,9712.2262,9702.3686,9689.3099,9678.6979,9679.9712,9670.9464,9666.564,9656.6706,9672.4212,9671.3303,9668.4025,0,0,0,0,0,0,0,0,0
Northern Africa,Drained organic soils (N2O),Emissions (N2O),kilotonnes,2.0597,2.0572,2.0556,2.0532,2.0502,2.0505,2.0487,2.0479,2.0454,2.0484,2.0484,2.0477,0,0,0,0,0,0,0,0,0
Northern Africa,Drained organic soils (N2O),Emissions (CO2eq) from N2O (AR5),kilotonnes,545.8114,545.1528,544.7255,544.0927,543.3018,543.3903,542.9028,542.7001,542.027,542.8351,542.813,542.6357,0,0,0,0,0,0,0,0,0
Northern Africa,Drained organic soils (N2O),Emissions (CO2eq) (AR5),kilotonnes,545.8114,545.1528,544.7255,544.0927,543.3018,543.3903,542.9028,542.7001,542.027,542.8351,542.813,542.6357,0,0,0,0,0,0,0,0,0
Northern Africa,On-farm energy use,Emissions (CH4),kilotonnes,1.3583,1.4358,1.4342,1.1741,1.3007,1.4791,1.7023,2.0572,2.202,2.3508,2.3018,1.5113,1.5697,1.3311,1.4298,1.4372,1.4875,1.5245,1.5167,1.534,1.534
Northern Africa,On-farm energy use,Emissions (N2O),kilotonnes,1.5219,1.5009,1.5796,1.6652,1.6167,2.8588,3.0563,3.5026,3.6861,3.9087,4.029,4.0054,4.202,2.6304,2.7296,2.6554,2.7613,2.8307,2.8065,2.8219,2.8219
Northern Africa,On-farm energy use,Emissions (CO2),kilotonnes,6771.9353,6911.9325,7228.6531,7490.3506,7569.1429,10965.7033,11669.4747,13142.3003,13897.3198,14843.2344,15267.5607,13520.4084,13737.056,9528.6149,9581.985,9099.7575,9508.2641,9904.2524,9874.3087,9932.7762,9932.7762
Northern Africa,On-farm energy use,Emissions (CO2eq) from CH4 (AR5),kilotonnes,38.0314,40.2036,40.1586,32.8739,36.421,41.4147,47.6652,57.6024,61.6568,65.8231,64.4498,42.3176,43.9506,37.2718,40.0354,40.243,41.6512,42.6854,42.4668,42.9534,42.9534
Northern Africa,On-farm energy use,Emissions (CO2eq) from N2O (AR5),kilotonnes,403.3069,397.75,418.604,441.2841,428.4358,757.5878,809.9179,928.192,976.8069,1035.8154,1067.6733,1061.4273,1113.5344,697.0599,723.3418,703.6809,731.7569,750.1424,743.7271,747.8042,747.8042
Northern Africa,On-farm energy use,Emissions (CO2eq) (AR5),kilotonnes,7213.2736,7349.8861,7687.4157,7964.5085,8033.9997,11764.7058,12527.0578,14128.0947,14935.7836,15944.8729,16399.6838,14624.1534,14894.541,10262.9467,10345.3623,9843.6814,10281.6722,10697.0803,10660.5027,10723.5338,10723.5338
Northern Africa,Forestland,Emissions (CO2),kilotonnes,-6977.219,-8379.1911,-8379.1911,-8379.1911,-8379.1911,-8379.1911,-8379.1911,-8379.1911,-8379.1911,-8379.1911,-8379.1911,149.2397,480.3646,480.3646,480.3646,480.3646,-6286.0376,-6286.0376,-6286.0376,-6286.0376,-6286.0376
Northern Africa,Forestland,Emissions (CO2eq) (AR5),kilotonnes,-6977.219,-8379.1911,-8379.1911,-8379.1911,-8379.1911,-8379.1911,-8379.1911,-8379.1911,-8379.1911,-8379.1911,-8379.1911,149.2397,480.3646,480.3646,480.3646,480.3646,-6286.0376,-6286.0376,-6286.0376,-6286.0376,-6286.0376
Northern Africa,Net Forest conversion,Emissions (CO2),kilotonnes,22327.5357,21718.1649,21718.1649,21718.1649,21718.1649,21718.1649,21718.1649,21718.1649,21718.1649,21718.1649,21718.1649,23629.2437,23629.2437,23629.2437,23629.2437,23629.2437,21840.182,21840.182,21840.182,21840.182,21840.182
Northern Africa,Net Forest conversion,Emissions (CO2eq) (AR5),kilotonnes,22327.5357,21718.1649,21718.1649,21718.1649,21718.1649,21718.1649,21718.1649,21718.1649,21718.1649,21718.1649,21718.1649,23629.2437,23629.2437,23629.2437,23629.2437,23629.2437,21840.182,21840.182,21840.182,21840.182,21840.182
Northern Africa,Savanna fires,Emissions (CH4),kilotonnes,624.0507,393.1686,484.9092,465.7826,484.0287,520.8865,409.8236,505.0128,474.1958,497.9337,386.0359,440.1017,84.1756,75.1906,64.0506,61.0889,68.7712,61.9879,57.7533,52.1131,71.0897
Northern Africa,Savanna fires,Emissions (N2O),kilotonnes,56.9785,35.898,44.2743,42.528,44.1939,47.5592,37.4187,46.1099,43.2961,45.4635,35.2468,40.1832,7.6856,6.8652,5.8481,5.5777,6.2791,5.6598,5.2731,4.7581,6.4908
Northern Africa,Savanna fires,Emissions (CO2eq) from CH4 (AR5),kilotonnes,17473.4209,11008.7202,13577.4572,13041.9135,13552.8041,14584.822,11475.0604,14140.3593,13277.4827,13942.144,10809.005,12322.8471,2356.9179,2105.338,1793.4174,1710.4881,1925.5948,1735.6609,1617.0923,1459.1658,1990.512
Northern Africa,Savanna fires,Emissions (CO2eq) from N2O (AR5),kilotonnes,15099.3147,9512.9702,11732.694,11269.9144,11711.3905,12603.1886,9915.9489,12219.1149,11473.4769,12047.8309,9340.3902,10648.5472,2036.6845,1819.2867,1549.7466,1478.0848,1663.9651,1499.8374,1397.3787,1260.9096,1720.062
Northern Africa,Savanna fires,Emissions (CO2eq) (AR5),kilotonnes,32572.7356,20521.6904,25310.1512,24311.8278,25264.1945,27188.0105,21391.0094,26359.4742,24750.9597,25989.9749,20149.3953,22971.3943,4393.6024,3924.6247,3343.164,3188.5728,3589.56,3235.4982,3014.471,2720.0754,3710.574
Northern Africa,Fires in organic soils,Emissions (CH4),kilotonnes,0,0,0,0,0,0,0,0,0,0,0,0,0,0,0,0,0,0,0,0,0
Northern Africa,Fires in organic soils,Emissions (CO2),kilotonnes,0,0,0,0,0,0,0,0,0,0,0,0,0,0,0,0,0,0,0,0,0
Northern Africa,Fires in organic soils,Emissions (CO2eq) from CH4 (AR5),kilotonnes,0,0,0,0,0,0,0,0,0,0,0,0,0,0,0,0,0,0,0,0,0
Northern Africa,Fires in organic soils,Emissions (CO2eq) (AR5),kilotonnes,0,0,0,0,0,0,0,0,0,0,0,0,0,0,0,0,0,0,0,0,0
Northern Africa,Forest fires,Emissions (CH4),kilotonnes,368.2128,15.6115,16.0901,34.6156,35.5229,47.9002,20.4172,41.7657,40.0719,31.1092,28.1642,42.1124,3.7234,0.3085,0.6593,0.159,0.9357,6.0459,0.1431,0.8578,2.5827
Northern Africa,Forest fires,Emissions (N2O),kilotonnes,11.082,1.4254,1.4691,3.1606,3.2434,4.3735,1.8642,3.8134,3.6587,2.8404,2.5715,3.845,0.34,0.0282,0.0602,0.0145,0.0854,0.552,0.0131,0.0783,0.2358
Northern Africa,Forest fires,Emissions (CO2eq) from CH4 (AR5),kilotonnes,10309.9574,437.1211,450.5223,969.2363,994.641,1341.2068,571.6826,1169.4382,1122.0129,871.0588,788.5972,1179.1476,104.2552,8.6379,18.4613,4.4521,26.1989,169.2857,4.0059,24.0192,72.3152
Northern Africa,Forest fires,Emissions (CO2eq) from N2O (AR5),kilotonnes,2936.7403,377.7296,389.31,837.5466,859.4996,1158.9776,494.0084,1010.5472,969.5655,752.7084,681.4508,1018.9373,90.0901,7.4643,15.9529,3.8472,22.6393,146.2849,3.4616,20.7558,62.4898
Northern Africa,Forest fires,Emissions (CO2eq) (AR5),kilotonnes,13246.6978,814.8507,839.8322,1806.7829,1854.1406,2500.1844,1065.691,2179.9854,2091.5785,1623.7672,1470.048,2198.0848,194.3452,16.1022,34.4142,8.2993,48.8382,315.5706,7.4675,44.775,134.805
Northern Africa,Fires in humid tropical forests,Emissions (CH4),kilotonnes,71.3939,15.3954,15.4085,33.2398,35.0905,46.6771,19.0494,37.9706,37.8752,30.567,27.7347,40.1646,0,0,0,0,0.0027,0.0027,0.0266,0.0346,0.0452
Northern Africa,Fires in humid tropical forests,Emissions (N2O),kilotonnes,2.0998,1.4057,1.4069,3.0349,3.2039,4.2618,1.7393,3.4669,3.4582,2.7909,2.5323,3.6672,0,0,0,0,0.0002,0.0002,0.0024,0.0032,0.0041
Northern Africa,Fires in humid tropical forests,Emissions (CO2eq) from CH4 (AR5),kilotonnes,1999.0297,431.0714,431.4387,930.714,982.5333,1306.9588,533.3827,1063.1764,1060.5044,855.8765,776.5706,1124.6093,0,0,0,0,0.0745,0.0745,0.7448,0.9682,1.2661
Northern Africa,Fires in humid tropical forests,Emissions (CO2eq) from N2O (AR5),kilotonnes,556.4526,372.5019,372.8193,804.2583,849.0369,1129.3829,460.9122,918.723,916.4141,739.589,671.0583,971.8091,0,0,0,0,0.0644,0.0644,0.6436,0.8367,1.0941
Northern Africa,Fires in humid tropical forests,Emissions (CO2eq) (AR5),kilotonnes,2555.4823,803.5734,804.2579,1734.9722,1831.5703,2436.3417,994.2949,1981.8994,1976.9185,1595.4655,1447.6289,2096.4184,0,0,0,0,0.1388,0.1388,1.3884,1.8049,2.3602
Northern Africa,Waste - agri-food systems,Emissions (CH4),kilotonnes,1113.5324,1131.8276,1152.9772,1167.9016,1182.8641,1199.0568,1211.2643,1227.771,1253.4919,1270.5643,1272.8908,1301.5821,1298.5577,1301.7809,1302.546,1311.691,1322.2978,1332.8792,1343.0248,1353.1955,1362.9932
Northern Africa,Waste - agri-food systems,Emissions (N2O),kilotonnes,5.4468,5.576,5.7804,5.866,5.9065,6.0498,6.1927,6.3246,6.5771,6.7735,6.8933,7.2867,7.3957,7.4698,7.3441,7.425,7.5012,7.5968,7.6766,7.7822,7.8866
Northern Africa,Waste - agri-food systems,Emissions (CO2),kilotonnes,0,0,0,0,0,0,0,0,0,0,0,0,0,0,0,0,0,0,0,0,0
Northern Africa,Waste - agri-food systems,Emissions (CO2eq) from CH4 (AR5),kilotonnes,31178.9063,31691.1728,32283.3625,32701.2437,33120.1953,33573.5913,33915.4001,34377.5882,35097.773,35575.8011,35640.9424,36444.2982,36359.6155,36449.8655,36471.2893,36727.3472,37024.3381,37320.6185,37604.6947,37889.4735,38163.8109
Northern Africa,Waste - agri-food systems,Emissions (CO2eq) from N2O (AR5),kilotonnes,1443.3977,1477.6517,1531.7991,1554.4946,1565.2332,1603.1937,1641.0596,1676.0314,1742.9269,1794.9826,1826.7158,1930.969,1959.8726,1979.4901,1946.1865,1967.6289,1987.8117,2013.1444,2034.2991,2062.2761,2089.9413
Northern Africa,Waste - agri-food systems,Emissions (CO2eq) (AR5),kilotonnes,32622.3041,33168.8245,33815.1616,34255.7382,34685.4284,35176.785,35556.4598,36053.6197,36840.6999,37370.7837,37467.6582,38375.2671,38319.4881,38429.3557,38417.4759,38694.9761,39012.1497,39333.7629,39638.9937,39951.7496,40253.7521
Northern Africa,Fertilizers Manufacturing,Emissions (N2O),kilotonnes,6.8963,6.7518,6.6051,7.1254,6.9336,6.0428,6.0309,5.4124,4.7106,4.9081,5.1735,4.3506,4.9601,2.2806,5.872,2.8218,5.6092,3.3057,3.8724,3.1921,3.2183
Northern Africa,Fertilizers Manufacturing,Emissions (CO2),kilotonnes,2106.3462,2246.6742,5835.7473,5903.3931,5873.0042,5115.9929,6134.6618,6519.2087,2655.4068,3337.2177,8783.638,8366.5373,10442.9532,16351.587,17611.9538,13741.341,15373.5592,17802.0414,18919.7245,18204.51,16567.181
Northern Africa,Fertilizers Manufacturing,Emissions (CO2eq) from N2O (AR5),kilotonnes,1827.5195,1789.227,1750.3515,1888.231,1837.404,1601.342,1598.1885,1434.286,1248.309,1300.6465,1370.9775,1152.909,1314.4265,604.359,1556.08,747.777,1486.438,876.0105,1026.186,845.9065,852.8515
Northern Africa,Fertilizers Manufacturing,Emissions (CO2eq) (AR5),kilotonnes,3933.8657,4035.9012,7586.0988,7791.6241,7710.4082,6717.3349,7732.8503,7953.4947,3903.7158,4637.8642,10154.6155,9519.4463,11757.3797,16955.946,19168.0338,14489.118,16859.9972,18678.0519,19945.9105,19050.4165,17420.0325
Northern Africa,On-farm electricity use,Emissions (CH4),kilotonnes,5.8529,6.9555,7.1197,8.3494,8.9228,11.5303,11.504,12.5636,11.408,11.6527,12.759,14.7582,15.3869,15.2154,16.2353,16.9613,18.0737,17.2624,16.8701,16.9971,16.9971
Northern Africa,On-farm electricity use,Emissions (N2O),kilotonnes,0.0312,0.0373,0.038,0.0445,0.0477,0.0615,0.0614,0.0671,0.0609,0.0622,0.0681,0.0789,0.0822,0.0813,0.0868,0.0907,0.0967,0.0923,0.0902,0.0908,0.0908
Northern Africa,On-farm electricity use,Emissions (CO2),kilotonnes,2929.592,3673.0993,3762.1093,4373.7682,4822.6001,6582.7117,6358.2065,6463.3603,5438.8707,5430.5674,5533.1203,6502.9066,6765.7542,7323.6501,7776.1404,8092.7669,8657.1134,8314.151,8014.7645,8062.4893,8062.4893
Northern Africa,On-farm electricity use,Emissions (CO2eq) from CH4 (AR5),kilotonnes,163.8812,194.754,199.3516,233.7832,249.8384,322.8484,322.112,351.7808,319.424,326.2756,357.252,413.2296,430.8332,426.0312,454.5884,474.9164,506.0636,483.3472,472.3628,475.9188,475.9188
Northern Africa,On-farm electricity use,Emissions (CO2eq) from N2O (AR5),kilotonnes,8.268,9.8845,10.07,11.7925,12.6405,16.2975,16.271,17.7815,16.1385,16.483,18.0465,20.9085,21.783,21.5445,23.002,24.0355,25.6255,24.4595,23.903,24.062,24.062
Northern Africa,On-farm electricity use,Emissions (CO2eq) (AR5),kilotonnes,3101.7412,3877.7378,3971.5309,4619.3439,5085.079,6921.8576,6696.5895,6832.9226,5774.4332,5773.326,5908.4188,6937.0447,7218.3704,7771.2258,8253.7308,8591.7188,9188.8025,8821.9577,8511.0303,8562.4701,8562.4701
Northern Africa,Food Processing,Emissions (CH4),kilotonnes,119.4148,102.9055,90.7713,59.1822,36.0042,42.3549,35.4464,25.3127,9.2173,6.9877,7.5809,4.9954,6.673,52.9938,47.384,47.6924,50.1541,64.3509,64.4782,58.2387,55.4055
Northern Africa,Food Processing,Emissions (N2O),kilotonnes,0.0544,0.052,0.0504,0.0312,0.0317,0.0444,0.0393,0.0322,0.0259,0.0457,0.0492,0.0412,0.0492,0.0757,0.0769,0.0796,0.0798,0.0877,0.0898,0.0901,0.0913
Northern Africa,Food Processing,Emissions (CO2),kilotonnes,24987.3772,26590.3286,24598.2783,17760.6742,12200.3737,13665.6442,12875.5801,9939.8249,4521.736,5449.5918,4725.002,4699.2267,5147.5096,10806.38,10993.6648,11093.0134,11167.0646,12656.9672,13181.9791,12646.0127,11427.8967
Northern Africa,Food Processing,Emissions (CO2eq) from CH4 (AR5),kilotonnes,3343.6144,2881.354,2541.5964,1657.1016,1008.1176,1185.9372,992.4992,708.7556,258.0844,195.6556,212.2652,139.8712,186.844,1483.8264,1326.752,1335.3872,1404.3148,1801.8252,1805.3896,1630.6836,1551.3532
Northern Africa,Food Processing,Emissions (CO2eq) from N2O (AR5),kilotonnes,14.416,13.78,13.356,8.268,8.4005,11.766,10.4145,8.533,6.8635,12.1105,13.038,10.918,13.038,20.0605,20.3785,21.094,21.147,23.2405,23.797,23.8765,24.1934
Northern Africa,Food Processing,Emissions (CO2eq) (AR5),kilotonnes,28345.4076,29485.4626,27153.2307,19426.0438,13216.8918,14863.3474,13878.4938,10657.1135,4786.6839,5657.3579,4950.3052,4850.0159,5347.3916,12310.2669,12340.7953,12449.4946,12592.5264,14482.0329,15011.1657,14300.5728,13003.4433
Northern Africa,Food Packaging,Emissions (CH4),kilotonnes,0.6549,0.8368,0.8251,0.9836,0.7434,0.7967,0.8606,0.82,1.167,1.1951,1.1578,0.9037,1.4659,4.7203,4.7705,5.0678,5.5621,6.2908,6.7381,4.688,4.4882
Northern Africa,Food Packaging,Emissions (N2O),kilotonnes,0.0014,0.002,0.0021,0.0021,0.002,0.0021,0.0023,0.0023,0.0042,0.0055,0.0058,0.0057,0.0067,0.0106,0.0111,0.0122,0.0123,0.0128,0.0137,0.0115,0.0117
Northern Africa,Food Packaging,Emissions (CO2),kilotonnes,471.0406,663.1373,690.1372,703.5427,528.2692,538.4872,546.3562,545.0674,879.229,1526.366,1573.3022,1566.1282,1665.1516,2238.4003,2361.583,2569.5648,2604.0883,2836.1227,3091.6291,2561.1121,2339.7843
Northern Africa,Food Packaging,Emissions (CO2eq) from CH4 (AR5),kilotonnes,18.3372,23.4304,23.1028,27.5408,20.8152,22.3076,24.0968,22.96,32.676,33.4628,32.4184,25.3036,41.0452,132.1684,133.574,141.8984,155.7388,176.1424,188.6668,131.264,125.6708
Northern Africa,Food Packaging,Emissions (CO2eq) from N2O (AR5),kilotonnes,0.371,0.53,0.5565,0.5565,0.53,0.5565,0.6095,0.6095,1.113,1.4575,1.537,1.5105,1.7755,2.809,2.9415,3.233,3.2595,3.392,3.6305,3.0475,3.1078
Northern Africa,Food Packaging,Emissions (CO2eq) (AR5),kilotonnes,489.7488,687.0977,713.7965,731.64,549.6144,561.3513,571.0625,568.6369,913.018,1561.2863,1607.2576,1592.9423,1707.9723,2373.3777,2498.0985,2714.6962,2763.0866,3015.6571,3283.9264,2695.4236,2468.5629
Northern Africa,Food Retail,Emissions (CH4),kilotonnes,2.8447,2.8141,3.7128,4.0699,4.3764,4.7622,5.0356,5.125,6.2677,6.671,7.2288,7.5635,7.9201,6.8879,8.5883,8.8347,8.6664,8.7246,8.9434,9.1807,9.026
Northern Africa,Food Retail,Emissions (N2O),kilotonnes,0.0157,0.0161,0.0212,0.0227,0.0246,0.0264,0.028,0.0285,0.0339,0.0361,0.039,0.0409,0.0429,0.0374,0.0463,0.0478,0.047,0.0473,0.0484,0.0495,0.0496
Northern Africa,Food Retail,Emissions (CO2),kilotonnes,1393.6974,1492.4264,1792.2612,1895.6043,2305.3185,2412.4176,2518.8867,2324.6963,2808.1066,3006.3459,3071.7119,3223.8924,3410.8502,3263.2168,3855.9606,3859.7631,3789.0564,3843.5209,3947.0527,3931.262,3554.8247
Northern Africa,Food Retail,Emissions (CO2eq) from F-gases (AR5),kilotonnes,181.3055,235.3335,297.6735,369.884,457.6795,513.266,578.723,643.141,651.9725,656.1285,658.726,660.2845,661.3235,662.3625,662.3625,662.3625,719.5075,734.573,749.6385,764.704,784.805
Northern Africa,Food Retail,Emissions (CO2eq) from CH4 (AR5),kilotonnes,79.6502,78.795,103.9594,113.9586,122.5397,133.3426,140.9955,143.4995,175.4944,186.7868,202.4064,211.778,221.7628,192.8612,240.4724,247.3716,242.6592,244.2888,250.4152,257.0596,252.7284
Northern Africa,Food Retail,Emissions (CO2eq) from N2O (AR5),kilotonnes,4.1693,4.2611,5.6163,6.0229,6.5058,6.9895,7.4132,7.5401,8.9704,9.5593,10.335,10.8385,11.3685,9.911,12.2695,12.667,12.455,12.5345,12.826,13.1175,13.1563
Northern Africa,Food Retail,Emissions (CO2eq) (AR5),kilotonnes,1658.8224,1810.816,2199.5105,2385.4698,2892.0435,3066.0157,3246.0184,3118.8769,3644.5439,3858.8205,3943.1793,4106.7934,4305.305,4128.3515,4771.065,4782.1642,4763.6781,4834.9172,4959.9324,4966.1431,4605.5144
Northern Africa,Food Household Consumption,Emissions (CH4),kilotonnes,22.7649,24.3184,24.2399,26.9153,28.3162,31.8171,33.8883,36.0745,38.0994,35.9895,38.8882,41.7028,46.2572,49.0879,51.332,54.1312,58.6073,55.1314,59.6344,59.6344,58.0959
Northern Africa,Food Household Consumption,Emissions (N2O),kilotonnes,0.1567,0.1657,0.1665,0.1782,0.1886,0.2133,0.2005,0.2138,0.2246,0.2139,0.2296,0.2431,0.2718,0.2874,0.2988,0.3142,0.3384,0.3209,0.3465,0.3465,0.3512
Northern Africa,Food Household Consumption,Emissions (CO2),kilotonnes,22232.3472,23645.8757,23868.4134,24841.3558,27413.7057,30292.2332,28232.8398,29531.4593,30730.3504,30001.184,29884.6925,31649.2947,35369.3546,38429.6258,39840.8847,41920.3183,44069.0026,43670.3583,47314.3875,47314.3875,43082.3441
Northern Africa,Food Household Consumption,Emissions (CO2eq) from CH4 (AR5),kilotonnes,637.4172,680.9152,678.7172,753.6284,792.8536,890.8788,948.8724,1010.086,1066.7832,1007.706,1088.8696,1167.6784,1295.2016,1374.4612,1437.296,1515.6736,1641.0044,1543.6792,1669.7632,1669.7632,1626.6838
Northern Africa,Food Household Consumption,Emissions (CO2eq) from N2O (AR5),kilotonnes,41.5255,43.9105,44.1225,47.223,49.979,56.5245,53.1325,56.657,59.519,56.6835,60.844,64.4215,72.027,76.161,79.182,83.263,89.676,85.0385,91.8225,91.8225,93.0678
Northern Africa,Food Household Consumption,Emissions (CO2eq) (AR5),kilotonnes,22911.2899,24370.7014,24591.2531,25642.2072,28256.5383,31239.6365,29234.8447,30598.2023,31856.6526,31065.5735,31034.4061,32881.3946,36736.5832,39880.248,41357.3627,43519.2549,45799.683,45299.076,49075.9732,49075.9732,44802.0958
Northern Africa,Food Transport,Emissions (CH4),kilotonnes,1.0355,1.0761,1.1436,1.1826,1.2164,1.2473,1.278,1.2681,1.3942,1.3916,1.4007,1.3869,1.7462,1.799,1.8529,1.8634,1.9492,1.9885,2.0477,1.9751,1.8261
Northern Africa,Food Transport,Emissions (N2O),kilotonnes,0.14,0.1435,0.1492,0.156,0.1637,0.1719,0.1786,0.1997,0.2191,0.2375,0.2591,0.2596,0.3086,0.3211,0.3533,0.3748,0.3909,0.3812,0.3817,0.3806,0.3864
Northern Africa,Food Transport,Emissions (CO2),kilotonnes,7218.5625,7283.8625,7676.2675,8008.761,8397.2285,8546.335,8986.67,9590.175,10286.7091,11193.1515,12146.1055,12204.8659,14546.8886,14977.1336,15922.6016,16116.0116,16800.4115,16815.2255,16779.3275,17019.4528,15358.6749
Northern Africa,Food Transport,Emissions (CO2eq) from CH4 (AR5),kilotonnes,28.994,30.1308,32.0208,33.1128,34.0592,34.9244,35.784,35.5068,39.0376,38.9648,39.2196,38.8332,48.8936,50.372,51.8812,52.1752,54.5776,55.678,57.3356,55.3028,51.1314
Northern Africa,Food Transport,Emissions (CO2eq) from N2O (AR5),kilotonnes,37.1,38.0275,39.538,41.34,43.3805,45.5535,47.329,52.9205,58.0615,62.9375,68.6615,68.794,81.779,85.0915,93.6245,99.322,103.5885,101.018,101.1505,100.859,102.3928
Northern Africa,Food Transport,Emissions (CO2eq) (AR5),kilotonnes,7284.6565,7352.0208,7747.8263,8083.2138,8474.6682,8626.8129,9069.783,9678.6023,10383.8082,11295.0538,12253.9866,12312.4931,14677.5612,15112.5971,16068.1073,16267.5088,16958.5776,16971.9215,16937.8136,17175.6146,15512.1992
Northern Africa,Energy,Emissions (CH4),kilotonnes,5033.8,4656,4539.2,5005.9,4910.1,5297.7,5464,5222.1,5437.2,5090.7,5150.8,4270.6,4714.2,4331.9,4056.7,3938.6,4062.4,4426.4,4398.4,3965.2,3868.4
Northern Africa,Energy,Emissions (N2O),kilotonnes,5.349,5.426,5.562,5.75,6.955,8.365,8.717,8.966,9.179,9.545,9.673,9.731,9.98,8.476,8.803,9.14,9.268,9.381,9.447,9.809,9.932
Northern Africa,Energy,Emissions (CO2),kilotonnes,316113,298791,305742,329791,338910,375690,381500,400110,418370,435830,439430,431530,451400,475600,499300,503000,508700,536900,546500,566500,513800
Northern Africa,Energy,Emissions (CO2eq) from CH4 (AR5),kilotonnes,140946.4,130368,127097.6,140165.2,137482.8,148335.6,152992,146218.8,152241.6,142539.6,144222.4,119576.8,131997.6,121293.2,113587.6,110280.8,113747.2,123939.2,123155.2,111025.6,108315.2
Northern Africa,Energy,Emissions (CO2eq) from N2O (AR5),kilotonnes,1417.485,1437.89,1473.93,1523.75,1843.075,2216.725,2310.005,2375.99,2432.435,2529.425,2563.345,2578.715,2644.7,2246.14,2332.795,2422.1,2456.02,2485.965,2503.455,2599.385,2631.98
Northern Africa,Energy,Emissions (CO2eq) (AR5),kilotonnes,458476.885,430596.89,434313.53,471479.95,478235.875,526242.325,536802.005,548704.79,573044.035,580899.025,586215.745,553685.515,586042.3,599139.34,615220.395,615702.9,624903.22,663325.165,672158.655,680124.985,624747.18
Northern Africa,IPPU,Emissions (CH4),kilotonnes,1.9653,1.9667,1.9708,1.9628,2.1596,2.2594,2.4173,2.1282,2.164,2.2299,2.1607,4.6006,5.7304,2.3433,1.9902,0.8,1.3499,2.0717,1.4976,2.0154,1.9873
Northern Africa,IPPU,Emissions (N2O),kilotonnes,14.334,14.3455,13.15,13.7145,14.1132,14.2145,12.8618,17.5702,19.3434,20.0677,23.8898,23.8909,23.8928,23.9038,23.9058,23.9079,23.9091,23.9215,23.9228,27.4738,28.215
Northern Africa,IPPU,Emissions (CO2),kilotonnes,32797.1,34621.7,36725.5,36111.7,38338.4,41050.9,44245.4,46989.4,48445.3,51952.5,56528.4,54981.6,54810,51780,56170,56410,57630,58360,60120,57120,55670
Northern Africa,IPPU,Emissions (CO2eq) from F-gases (AR5),kilotonnes,2542.11,2531.4207,2649.003,2562.5168,2825.8623,3106.6994,3305.9091,3488.599,3642.1362,3779.1536,3917.2788,3952.9033,4089.532,4226.9381,4364.7329,4505.8316,4659.6604,4807.2699,4970.5247,5096.8528,5248.4465
Northern Africa,IPPU,Emissions (CO2eq) from CH4 (AR5),kilotonnes,55.027,55.0662,55.1824,54.957,60.468,63.2632,67.6853,59.5892,60.5932,62.4371,60.5009,128.8167,160.4525,65.6126,55.7244,22.4002,37.796,58.0079,41.9317,56.4318,55.6436
Northern Africa,IPPU,Emissions (CO2eq) from N2O (AR5),kilotonnes,3798.5029,3801.5532,3484.7486,3634.3442,3740.0027,3766.8502,3408.3879,4656.0904,5125.9915,5317.9344,6330.7941,6331.089,6331.5928,6334.5104,6335.0434,6335.603,6335.9242,6339.1872,6339.5351,7280.5504,7476.971
Northern Africa,IPPU,Emissions (CO2eq) (AR5),kilotonnes,39192.7399,41009.7401,42914.434,42363.518,44964.733,47987.7128,51027.3823,55193.6785,57274.0209,61112.025,66836.9737,65394.409,65391.5773,62407.0611,66925.5006,67273.8349,68663.3806,69564.4649,71471.9915,69553.8349,68451.0611
Northern Africa,Waste,Emissions (CH4),kilotonnes,1807.4,1855.5,1901.7,1955.3,2004.4,2057.1,2118.3,2148.8,2207.5,2255.7,2328.6,2382,2392,2430,2496,2557,2618,2684,2747,2785,2842
Northern Africa,Waste,Emissions (N2O),kilotonnes,9.53,9.623,9.672,9.839,9.963,10.038,10.171,10.325,10.479,10.616,10.849,11.136,11.348,12.755,12.989,13.202,13.318,13.484,13.694,14.178,14.51
Northern Africa,Waste,Emissions (CO2),kilotonnes,1.437,1.512,1.577,1.652,1.717,1.791,1.838,1.884,1.939,1.985,2.042,2.099,2.157,2.225,2.283,2.35,2.408,2.466,2.524,2.572,2.63
Northern Africa,Waste,Emissions (CO2eq) from CH4 (AR5),kilotonnes,50607.2,51954,53247.6,54748.4,56123.2,57598.8,59312.4,60166.4,61810,63159.6,65200.8,66696,66976,68040,69888,71596,73304,75152,76916,77980,79576
Northern Africa,Waste,Emissions (CO2eq) from N2O (AR5),kilotonnes,2525.45,2550.095,2563.08,2607.335,2640.195,2660.07,2695.315,2736.125,2776.935,2813.24,2874.985,2951.04,3007.22,3380.075,3442.085,3498.53,3529.27,3573.26,3628.91,3757.17,3845.15
Northern Africa,Waste,Emissions (CO2eq) (AR5),kilotonnes,53134.087,54505.607,55812.257,57357.387,58765.112,60260.661,62009.553,62904.409,64588.874,65974.825,68077.827,69649.139,69985.377,71422.3,73332.368,75096.88,76835.678,78727.726,80547.434,81739.742,83423.78
Northern Africa,Other,Emissions (N2O),kilotonnes,6.91,7.006,7.313,7.453,7.763,8.01,8.244,8.347,8.636,8.831,8.943,8.736,9.135,9.366,9.816,9.99,9.958,10.086,10.446,10.617,10.843
Northern Africa,Other,Emissions (CO2eq) from N2O (AR5),kilotonnes,1831.15,1856.59,1937.945,1975.045,2057.195,2122.65,2184.66,2211.955,2288.54,2340.215,2369.895,2315.04,2420.775,2481.99,2601.24,2647.35,2638.87,2672.79,2768.19,2813.505,2873.395
Northern Africa,Other,Emissions (CO2eq) (AR5),kilotonnes,1831.15,1856.59,1937.945,1975.045,2057.195,2122.65,2184.66,2211.955,2288.54,2340.215,2369.895,2315.04,2420.775,2481.99,2601.24,2647.35,2638.87,2672.79,2768.19,2813.505,2873.395
Northern Africa,Farm-gate emissions,Emissions (CH4),kilotonnes,3738.6791,3572.6973,3726.5282,3813.1862,3892.8486,3989.1164,3942.2125,4085.9006,4080.2863,4055.1621,3940.3629,3993.0345,3200.1122,3194.8215,3210.0492,3209.9085,3225.169,3199.5632,3149.6726,3029.7711,3066.2395
Northern Africa,Farm-gate emissions,Direct emissions (N2O),kilotonnes,137.2921,142.3482,144.6245,150.4088,156.3095,157.9301,159.382,157.7641,158.0532,160.2551,160.8881,160.2755,139.5388,142.9726,144.1451,147.1866,147.6856,150.0203,149.2183,142.861,142.1829
Northern Africa,Farm-gate emissions,Indirect emissions (N2O),kilotonnes,39.8422,41.1732,41.9343,43.3477,45.3465,45.7117,46.1313,45.637,45.6342,46.2784,46.5956,45.9934,41.13,42.093,42.4657,43.3842,43.6382,44.3974,44.032,42.4759,42.4426
Northern Africa,Farm-gate emissions,Emissions (N2O),kilotonnes,239.7014,225.0572,236.5537,242.2027,251.7394,258.3656,250.3218,257.3686,255.0353,260.3051,251.1762,254.8911,194.6802,196.7166,197.3616,201.0089,202.5441,205.1244,203.5081,195.0635,196.0946
Northern Africa,Farm-gate emissions,Emissions (CO2),kilotonnes,16499.6412,16624.1587,16931.0218,17179.6605,17247.8408,20645.6744,21340.4211,22808.8643,23553.9904,24515.6556,24938.891,23188.811,13737.056,9528.6149,9581.985,9099.7575,9508.2641,9904.2524,9874.3087,9932.7762,9932.7762
Northern Africa,Farm-gate emissions,Emissions (CO2eq) from CH4 (AR5),kilotonnes,104683.0139,100035.5231,104342.7895,106769.215,108999.7602,111695.2585,110381.9493,114405.2169,114248.0168,113544.539,110330.1624,111804.966,89603.1422,89455.0007,89881.3768,89877.4389,90304.7315,89587.7709,88190.8327,84833.5897,85854.7047
Northern Africa,Farm-gate emissions,Emissions (CO2eq) from N2O (AR5),kilotonnes,63520.8686,59640.147,62686.732,64183.726,66710.9311,68466.8895,66335.2664,68202.6914,67584.3467,68980.8386,66561.6822,67546.1425,51590.2512,52129.9024,52300.8278,53267.3613,53674.186,54357.9656,53929.6463,51691.8381,51965.0785
Northern Africa,Farm-gate emissions,Emissions (CO2eq) (AR5),kilotonnes,184703.5237,176299.8288,183960.5434,188132.6014,192958.5322,200807.8225,198057.6368,205416.7727,205386.354,207041.0332,201830.7356,202539.9195,154930.4494,151113.518,151764.1896,152244.5577,153487.1816,153849.9888,151994.7878,146458.204,147752.5594
Northern Africa,Land Use change,Emissions (CH4),kilotonnes,71.3939,15.3954,15.4085,33.2398,35.0905,46.6771,19.0494,37.9706,37.8752,30.567,27.7347,40.1646,0,0,0,0,0.0027,0.0027,0.0266,0.0346,0.0452
Northern Africa,Land Use change,Emissions (N2O),kilotonnes,2.0998,1.4057,1.4069,3.0349,3.2039,4.2618,1.7393,3.4669,3.4582,2.7909,2.5323,3.6672,0,0,0,0,0.0002,0.0002,0.0024,0.0032,0.0041
Northern Africa,Land Use change,Emissions (CO2),kilotonnes,22327.5357,21718.1649,21718.1649,21718.1649,21718.1649,21718.1649,21718.1649,21718.1649,21718.1649,21718.1649,21718.1649,23629.2437,23629.2437,23629.2437,23629.2437,23629.2437,21840.182,21840.182,21840.182,21840.182,21840.182
Northern Africa,Land Use change,Emissions (CO2eq) from CH4 (AR5),kilotonnes,1999.0297,431.0714,431.4387,930.714,982.5333,1306.9588,533.3827,1063.1764,1060.5044,855.8765,776.5706,1124.6093,0,0,0,0,0.0745,0.0745,0.7448,0.9682,1.2661
Northern Africa,Land Use change,Emissions (CO2eq) from N2O (AR5),kilotonnes,556.4526,372.5019,372.8193,804.2583,849.0369,1129.3829,460.9122,918.723,916.4141,739.589,671.0583,971.8091,0,0,0,0,0.0644,0.0644,0.6436,0.8367,1.0941
Northern Africa,Land Use change,Emissions (CO2eq) (AR5),kilotonnes,24883.018,22521.7383,22522.4228,23453.1371,23549.7352,24154.5066,22712.4598,23700.0643,23695.0834,23313.6304,23165.7938,25725.6621,23629.2437,23629.2437,23629.2437,23629.2437,21840.3209,21840.3209,21841.5704,21841.987,21842.5422
Northern Africa,Emissions on agricultural land,Emissions (CH4),kilotonnes,3810.073,3588.0927,3741.9367,3846.426,3927.9391,4035.7935,3961.2619,4123.8712,4118.1615,4085.7291,3968.0976,4033.1991,3200.1122,3194.8215,3210.0492,3209.9085,3225.1716,3199.5659,3149.6992,3029.8056,3066.2847
Northern Africa,Emissions on agricultural land,Emissions (N2O),kilotonnes,241.8012,226.4628,237.9606,245.2377,254.9433,262.6274,252.0611,260.8355,258.4934,263.096,253.7085,258.5583,194.6802,196.7166,197.3616,201.0089,202.5443,205.1246,203.5105,195.0667,196.0988
Northern Africa,Emissions on agricultural land,Emissions (CO2),kilotonnes,38827.1769,38342.3236,38649.1867,38897.8253,38966.0057,42363.8393,43058.586,44527.0292,45272.1553,46233.8205,46657.0559,46818.0547,37366.2997,33157.8586,33211.2288,32729.0012,31348.4461,31744.4344,31714.4907,31772.9583,31772.9583
Northern Africa,Emissions on agricultural land,Emissions (CO2eq) from CH4 (AR5),kilotonnes,106682.0436,100466.5945,104774.2282,107699.9289,109982.2936,113002.2173,110915.332,115468.3933,115308.5212,114400.4155,111106.7331,112929.5753,89603.1422,89455.0007,89881.3768,89877.4389,90304.806,89587.8453,88191.5775,84834.5579,85855.9708
Northern Africa,Emissions on agricultural land,Emissions (CO2eq) from N2O (AR5),kilotonnes,64077.3211,60012.649,63059.5513,64987.9842,67559.9681,69596.2724,66796.1786,69121.4145,68500.7608,69720.4275,67232.7405,68517.9517,51590.2512,52129.9024,52300.8278,53267.3613,53674.2503,54358.0299,53930.2899,51692.6747,51966.1726
Northern Africa,Emissions on agricultural land,Emissions (CO2eq) (AR5),kilotonnes,209586.5416,198821.5671,206482.9662,211585.7385,216508.2673,224962.329,220770.0966,229116.837,229081.4373,230354.6636,224996.5294,228265.5816,178559.6931,174742.7617,175393.4334,175873.8014,175327.5024,175690.3097,173836.3582,168300.1909,169595.1017
Northern Africa,Pre- and post- production,Emissions (CH4),kilotonnes,1266.1,1270.734,1280.7897,1268.5846,1262.4435,1291.5654,1299.2771,1308.9349,1321.0454,1334.4519,1341.9062,1372.8926,1378.007,1432.4852,1432.709,1446.2418,1465.3106,1486.6278,1501.7367,1503.9095,1508.832
Northern Africa,Pre- and post- production,Emissions (N2O),kilotonnes,12.7425,12.7444,12.8129,13.4261,13.2984,12.6122,12.7337,12.2806,11.8562,12.2825,12.7176,12.3067,13.1172,10.5639,14.0893,11.1661,14.0755,11.8447,12.5193,11.9433,12.0859
Northern Africa,Pre- and post- production,Emissions (CO2),kilotonnes,61338.9631,65595.404,68223.2142,63487.0993,61540.4999,67153.8218,65653.2011,64913.7919,57320.4086,59944.4243,65717.5724,68212.8518,77348.462,93389.9936,98362.7889,97392.7791,102460.296,105938.387,111248.8649,109739.2264,100393.195
Northern Africa,Pre- and post- production,Emissions (CO2eq) from F-gases (AR5),kilotonnes,181.3055,235.3335,297.6735,369.884,457.6795,513.266,578.723,643.141,651.9725,656.1285,658.726,660.2845,661.3235,662.3625,662.3625,662.3625,719.5075,734.573,749.6385,764.704,784.805
Northern Africa,Pre- and post- production,Emissions (CO2eq) from CH4 (AR5),kilotonnes,35450.8005,35580.5522,35862.1107,35520.3691,35348.4189,36163.8303,36379.76,36650.1769,36989.2726,37364.6527,37573.3736,38440.9922,38584.1959,40109.5859,40115.8533,40494.7696,41028.6965,41625.5793,42048.6279,42109.4655,42247.2973
Northern Africa,Pre- and post- production,Emissions (CO2eq) from N2O (AR5),kilotonnes,3376.7671,3377.2723,3395.4099,3557.9284,3524.0735,3342.2232,3374.4178,3254.359,3141.9018,3254.8604,3370.1553,3261.269,3476.0701,2799.4266,3733.6645,2959.0204,3730.0012,3138.8379,3317.6146,3164.9676,3202.773
Northern Africa,Pre- and post- production,Emissions (CO2eq) (AR5),kilotonnes,100347.8362,104788.562,107778.4083,102935.2808,100870.6718,107173.1413,105986.102,105461.4688,98103.5555,101220.0659,107319.8273,110575.3974,120070.0515,136961.3687,142874.6693,141508.9316,147938.5011,151437.3772,157364.7458,155778.3635,146628.0703
Northern Africa,Agri-food systems,Emissions (CH4),kilotonnes,5076.173,4858.8267,5022.7264,5115.0106,5190.3826,5327.3588,5260.539,5432.8061,5439.2069,5420.181,5310.0038,5406.0917,4578.1192,4627.3067,4642.7582,4656.1503,4690.4822,4686.1937,4651.4359,4533.7151,4575.1167
Northern Africa,Agri-food systems,Emissions (N2O),kilotonnes,254.5437,239.2073,250.7734,258.6638,268.2417,275.2396,264.7947,273.1161,270.3497,275.3784,266.426,270.865,207.7974,207.2805,211.4509,212.175,216.6198,216.9693,216.0298,207.01,208.1847
Northern Africa,Agri-food systems,Emissions (CO2),kilotonnes,100166.14,103937.7276,106872.4009,102384.9247,100506.5056,109517.6611,108711.7872,109440.8211,102592.5639,106178.2448,112374.6283,115030.9065,114714.7617,126547.8522,131574.0177,130121.7803,133808.7421,137682.8214,142963.3556,141512.1847,132166.1533
Northern Africa,Agri-food systems,Emissions (CO2eq) from F-gases (AR5),kilotonnes,181.3055,235.3335,297.6735,369.884,457.6795,513.266,578.723,643.141,651.9725,656.1285,658.726,660.2845,661.3235,662.3625,662.3625,662.3625,719.5075,734.573,749.6385,764.704,784.805
Northern Africa,Agri-food systems,Emissions (CO2eq) from CH4 (AR5),kilotonnes,142132.8441,136047.1467,140636.3389,143220.298,145330.7125,149166.0476,147295.092,152118.5702,152297.7938,151765.0683,148680.1067,151370.5675,128187.3381,129564.5866,129997.2302,130372.2085,131333.5025,131213.4246,130240.2054,126944.0235,128103.2681
Northern Africa,Agri-food systems,Emissions (CO2eq) from N2O (AR5),kilotonnes,67454.0882,63389.9213,66454.9612,68545.9126,71084.0416,72938.4956,70170.5964,72375.7735,71642.6626,72975.2879,70602.8958,71779.2206,55066.3213,54929.329,56034.4923,56226.3817,57404.2515,57496.8679,57247.9045,54857.6423,55168.9456
Northern Africa,Agri-food systems,Emissions (CO2eq) (AR5),kilotonnes,309934.3778,303610.1291,314261.3745,314521.0193,317378.9392,332135.4703,326756.1986,334578.3058,327184.9928,331574.7295,332316.3567,338840.9791,298629.7446,311704.1304,318268.1026,317382.733,323266.0036,327127.6869,331201.104,324078.5545,316223.172
Northern Africa,IPCC Agriculture,Emissions (CH4),kilotonnes,3737.3208,3571.2614,3725.094,3812.0122,3891.5478,3987.6373,3940.5101,4083.8434,4078.0843,4052.8113,3938.0612,3991.5232,3198.5426,3193.4903,3208.6193,3208.4713,3223.6814,3198.0388,3148.1559,3028.237,3064.7054
Northern Africa,IPCC Agriculture,Direct emissions (N2O),kilotonnes,137.2921,142.3482,144.6245,150.4088,156.3095,157.9301,159.382,157.7641,158.0532,160.2551,160.8881,160.2755,139.5388,142.9726,144.1451,147.1866,147.6856,150.0203,149.2183,142.861,142.1829
Northern Africa,IPCC Agriculture,Indirect emissions (N2O),kilotonnes,39.8422,41.1732,41.9343,43.3477,45.3465,45.7117,46.1313,45.637,45.6342,46.2784,46.5956,45.9934,41.13,42.093,42.4657,43.3842,43.6382,44.3974,44.032,42.4759,42.4426
Northern Africa,IPCC Agriculture,Emissions (N2O),kilotonnes,238.1795,223.5562,234.9741,240.5375,250.1226,255.5068,247.2655,253.866,251.3492,256.3963,247.1472,250.8857,190.4782,194.0862,194.632,198.3535,199.7828,202.2937,200.7016,192.2416,193.2727
Northern Africa,IPCC Agriculture,Emissions (CO2eq) from CH4 (AR5),kilotonnes,104644.9824,99995.3195,104302.6309,106736.3411,108963.3393,111653.8438,110334.2841,114347.6145,114186.36,113478.7159,110265.7126,111762.6484,89559.1916,89417.7289,89841.3414,89837.1959,90263.0803,89545.0854,88148.3659,84790.6363,85811.7513
Northern Africa,IPCC Agriculture,Emissions (CO2eq) from N2O (AR5),kilotonnes,63117.5617,59242.397,62268.1281,63742.4419,66282.4953,67709.3017,65525.3485,67274.4994,66607.5398,67945.0232,65494.0089,66484.7152,50476.7168,51432.8425,51577.486,52563.6804,52942.4291,53607.8231,53185.9192,50944.0338,51217.2743
Northern Africa,IPCC Agriculture,Emissions (CO2eq) (AR5),kilotonnes,167762.5441,159237.7165,166570.759,170478.783,175245.8346,179363.1455,175859.6326,181622.1139,180793.8998,181423.7391,175759.7215,178247.3636,140035.9084,140850.5713,141418.8274,142400.8763,143205.5094,143152.9086,141334.2851,135734.6702,137029.0257
Northern Africa,Agricultural Soils,Direct emissions (N2O),kilotonnes,137.2921,142.3482,144.6245,150.4088,156.3095,157.9301,159.382,157.7641,158.0532,160.2551,160.8881,160.2755,139.5388,142.9726,144.1451,147.1866,147.6856,150.0203,149.2183,142.861,142.1829
Northern Africa,Agricultural Soils,Indirect emissions (N2O),kilotonnes,39.8422,41.1732,41.9343,43.3477,45.3465,45.7117,46.1313,45.637,45.6342,46.2784,46.5956,45.9934,41.13,42.093,42.4657,43.3842,43.6382,44.3974,44.032,42.4759,42.4426
Northern Africa,Agricultural Soils,Emissions (N2O),kilotonnes,179.194,185.5786,188.6144,195.8097,203.7061,205.6924,207.562,205.449,205.7327,208.582,209.532,208.3166,180.6689,185.0656,186.6109,190.5708,191.3238,194.4177,193.2502,185.337,184.6256
Northern Africa,Agricultural Soils,Emissions (CO2eq) from N2O (AR5),kilotonnes,47486.423,49178.3258,49982.8142,51889.5761,53982.1285,54508.473,55003.9214,54443.9719,54519.1698,55274.23,55525.9912,55203.9029,47877.2473,49042.3718,49451.876,50501.2746,50700.7985,51520.6905,51211.3086,49114.2944,48925.7742
Northern Africa,Agricultural Soils,Emissions (CO2eq) (AR5),kilotonnes,47486.423,49178.3258,49982.8142,51889.5761,53982.1285,54508.473,55003.9214,54443.9719,54519.1698,55274.23,55525.9912,55203.9029,47877.2473,49042.3718,49451.876,50501.2746,50700.7985,51520.6905,51211.3086,49114.2944,48925.7742
Northern Africa,LULUCF,Emissions (CH4),kilotonnes,368.2128,15.6115,16.0901,34.6156,35.5229,47.9002,20.4172,41.7657,40.0719,31.1092,28.1642,42.1124,3.7234,0.3085,0.6593,0.159,0.9357,6.0459,0.1431,0.8578,2.5827
Northern Africa,LULUCF,Emissions (N2O),kilotonnes,11.082,1.4254,1.4691,3.1606,3.2434,4.3735,1.8642,3.8134,3.6587,2.8404,2.5715,3.845,0.34,0.0282,0.0602,0.0145,0.0854,0.552,0.0131,0.0783,0.2358
Northern Africa,LULUCF,Emissions (CO2),kilotonnes,25078.0226,23051.2,23041.3424,23028.2836,23017.6717,23018.9449,23009.9202,23005.5378,22995.6443,23011.3949,23010.304,33446.8859,24109.6084,24109.6084,24109.6084,24109.6084,15554.1445,15554.1445,15554.1445,15554.1445,15554.1445
Northern Africa,LULUCF,Emissions (CO2eq) from CH4 (AR5),kilotonnes,10309.9574,437.1211,450.5223,969.2363,994.641,1341.2068,571.6826,1169.4382,1122.0129,871.0588,788.5972,1179.1476,104.2552,8.6379,18.4613,4.4521,26.1989,169.2857,4.0059,24.0192,72.3152
Northern Africa,LULUCF,Emissions (CO2eq) from N2O (AR5),kilotonnes,2936.7403,377.7296,389.31,837.5466,859.4996,1158.9776,494.0084,1010.5472,969.5655,752.7084,681.4508,1018.9373,90.0901,7.4643,15.9529,3.8472,22.6393,146.2849,3.4616,20.7558,62.4898
Northern Africa,LULUCF,Emissions (CO2eq) (AR5),kilotonnes,38324.7204,23866.0507,23881.1746,24835.0665,24871.8123,25519.1293,24075.6112,25185.5232,25087.2228,24635.1621,24480.352,35644.9708,24303.9536,24125.7106,24144.0226,24117.9077,15602.9827,15869.7151,15561.612,15598.9195,15688.9494
Northern Africa,AFOLU,Emissions (CH4),kilotonnes,4105.5336,3586.8729,3741.184,3846.6278,3927.0707,4035.5375,3960.9274,4125.609,4118.1562,4083.9205,3966.2254,4033.6356,3202.266,3193.7988,3209.2787,3208.6303,3224.6171,3204.0847,3148.299,3029.0948,3067.2881
Northern Africa,AFOLU,Emissions (N2O),kilotonnes,249.2615,224.9816,236.4432,243.6981,253.366,259.8803,249.1296,257.6794,255.0079,259.2367,249.7187,254.7308,190.8181,194.1144,194.6922,198.368,199.8682,202.8457,200.7146,192.32,193.5085
Northern Africa,AFOLU,Emissions (CO2),kilotonnes,25078.0226,23051.2,23041.3424,23028.2836,23017.6717,23018.9449,23009.9202,23005.5378,22995.6443,23011.3949,23010.304,33446.8859,24109.6084,24109.6084,24109.6084,24109.6084,15554.1445,15554.1445,15554.1445,15554.1445,15554.1445
Northern Africa,AFOLU,Emissions (CO2eq) from CH4 (AR5),kilotonnes,114954.9399,100432.4406,104753.1532,107705.5774,109957.9803,112995.0506,110905.9668,115517.0527,115308.3729,114349.7747,111054.3098,112941.7959,89663.4467,89426.3668,89859.8026,89841.648,90289.2792,89714.3711,88152.3718,84814.6556,85884.0666
Northern Africa,AFOLU,Emissions (CO2eq) from N2O (AR5),kilotonnes,66054.302,59620.1267,62657.4381,64579.9885,67141.9949,68868.2793,66019.3568,68285.0466,67577.1053,68697.7316,66175.4597,67503.6525,50566.8069,51440.3068,51593.4389,52567.5276,52965.0684,53754.1081,53189.3808,50964.7896,51279.7641
Northern Africa,AFOLU,Emissions (CO2eq) (AR5),kilotonnes,206087.2645,183103.7672,190451.9337,195313.8495,200117.6469,204882.2748,199935.2438,206807.6371,205881.1226,206058.9012,200240.0736,213892.3344,164339.862,164976.2819,165562.8499,166518.784,158808.4921,159022.6237,156895.8971,151333.5897,152717.9751
Northern Africa,All sectors with LULUCF,Emissions (CH4),kilotonnes,10948.6988,10100.3395,10184.0548,10809.7905,10843.7303,11392.5969,11545.6447,11498.6372,11765.0202,11432.5504,11447.7861,10690.8362,10314.1964,9958.0421,9763.9688,9705.0303,9906.367,10316.5564,10295.1966,9781.3103,9779.6754
Northern Africa,All sectors with LULUCF,Emissions (N2O),kilotonnes,285.3845,261.3821,272.1402,280.4546,292.1602,300.5078,289.1235,302.8876,302.6453,308.2964,303.0735,308.2247,245.1739,248.6152,250.206,254.608,256.3213,259.7182,258.2244,254.3977,257.0085
Northern Africa,All sectors with LULUCF,Emissions (CO2),kilotonnes,373989.5596,356465.412,365510.4194,388932.6356,400267.7887,439761.6359,448757.1582,470106.8218,489812.8833,510795.8799,518970.746,519960.5849,530321.7654,551491.8334,579581.8914,583521.9584,581886.5525,610816.6105,622176.6685,639176.7165,585026.7745
Northern Africa,All sectors with LULUCF,Emissions (CO2eq) from F-gases (AR5),kilotonnes,2542.11,2531.4207,2649.003,2562.5168,2825.8623,3106.6994,3305.9091,3488.599,3642.1362,3779.1536,3917.2788,3952.9033,4089.532,4226.9381,4364.7329,4505.8316,4659.6604,4807.2699,4970.5247,5096.8528,5248.4465
Northern Africa,All sectors with LULUCF,Emissions (CO2eq) from CH4 (AR5),kilotonnes,306563.5669,282809.5068,285153.5356,302674.1344,303624.4483,318992.7138,323278.0521,321961.8419,329420.5662,320111.4117,320538.0107,299343.4126,288797.4992,278825.1794,273391.127,271740.8482,277378.2752,288863.579,288265.5035,273876.6873,273830.9101
Northern Africa,All sectors with LULUCF,Emissions (CO2eq) from N2O (AR5),kilotonnes,75626.8899,69266.2549,72117.1416,74320.4627,77422.4625,79634.5745,76617.7247,80265.207,80201.0068,81698.546,80314.4788,81679.5365,64971.0947,65883.0222,66304.6023,67471.1106,67925.1526,68825.3102,68429.4709,67415.4,68107.2601
Northern Africa,All sectors with LULUCF,Emissions (CO2eq) (AR5),kilotonnes,758722.1264,711072.5943,725430.0996,768489.7495,784140.5618,841495.6236,851958.8441,875822.4697,903076.5925,916384.9912,923740.5143,904936.4374,888179.8913,900426.973,923642.3536,927239.7489,931849.6407,973312.7696,983842.1675,985565.6566,932213.3912
Northern Africa,All sectors without LULUCF,Emissions (CH4),kilotonnes,10580.4861,10084.7281,10167.9648,10775.1749,10808.2074,11344.6967,11525.2275,11456.8716,11724.9483,11401.4412,11419.6219,10648.7238,10310.473,9957.7336,9763.3095,9704.8713,9905.4313,10310.5105,10295.0535,9780.4524,9777.0927
Northern Africa,All sectors without LULUCF,Emissions (N2O),kilotonnes,274.3025,259.9567,270.6711,277.294,288.9168,296.1343,287.2593,299.0742,298.9866,305.456,300.502,304.3796,244.834,248.587,250.1458,254.5934,256.2359,259.1661,258.2114,254.3194,256.7727
Northern Africa,All sectors without LULUCF,Emissions (CO2),kilotonnes,348911.537,333414.212,342469.077,365904.352,377250.117,416742.691,425747.238,447101.284,466817.239,487784.485,495960.442,486513.699,506212.157,527382.225,555472.283,559412.35,566332.408,595262.466,606622.524,623622.572,569472.63
Northern Africa,All sectors without LULUCF,Emissions (CO2eq) from F-gases (AR5),kilotonnes,2542.11,2531.4207,2649.003,2562.5168,2825.8623,3106.6994,3305.9091,3488.599,3642.1362,3779.1536,3917.2788,3952.9033,4089.532,4226.9381,4364.7329,4505.8316,4659.6604,4807.2699,4970.5247,5096.8528,5248.4465
Northern Africa,All sectors without LULUCF,Emissions (CO2eq) from CH4 (AR5),kilotonnes,296253.6094,282372.3857,284703.0133,301704.8981,302629.8072,317651.507,322706.3695,320792.4036,328298.5532,319240.353,319749.4135,298164.2651,288693.2441,278816.5415,273372.6658,271736.3962,277352.0763,288694.2933,288261.4976,273852.6681,273758.5949
Northern Africa,All sectors without LULUCF,Emissions (CO2eq) from N2O (AR5),kilotonnes,72690.1496,68888.5253,71727.8316,73482.9161,76562.963,78475.5969,76123.7164,79254.6598,79231.4413,80945.8376,79633.028,80660.5992,64881.0046,65875.5579,66288.6493,67467.2634,67902.5133,68679.0253,68426.0093,67394.6442,68044.7703
Northern Africa,All sectors without LULUCF,Emissions (CO2eq) (AR5),kilotonnes,720397.406,687206.5436,701548.925,743654.683,759268.7495,815976.4943,827883.2329,850636.9464,877989.3697,891749.8291,899260.1622,869291.4666,863875.9377,876301.2625,899498.331,903121.8412,916246.658,957443.0545,968280.5556,969966.7371,916524.4417
Southern Africa,Crop Residues,Direct emissions (N2O),kilotonnes,2.432,1.951,2.2077,1.9831,2.0269,2.2913,1.7276,1.6714,2.4114,2.3312,2.3703,2.2154,2.414,2.3816,2.7065,2.1636,1.8288,3.0126,2.6574,2.3163,3.0251
Southern Africa,Crop Residues,Indirect emissions (N2O),kilotonnes,0.5472,0.439,0.4967,0.4462,0.456,0.5155,0.3887,0.3761,0.5426,0.5245,0.5333,0.4985,0.5432,0.5359,0.609,0.4868,0.4115,0.6778,0.5979,0.5212,0.6807
Southern Africa,Crop Residues,Emissions (N2O),kilotonnes,2.9791,2.39,2.7044,2.4293,2.4829,2.8069,2.1163,2.0475,2.9539,2.8557,2.9036,2.7138,2.9572,2.9175,3.3155,2.6504,2.2403,3.6905,3.2553,2.8375,3.7058
Southern Africa,Crop Residues,Emissions (CO2eq) from N2O (AR5),kilotonnes,789.4718,633.3399,716.6584,643.7739,657.9701,743.8183,560.815,542.5933,782.7915,756.7506,769.4559,719.1617,783.6456,773.1318,878.6076,702.3682,593.6663,977.9741,862.6458,751.9428,982.0306
Southern Africa,Crop Residues,Emissions (CO2eq) (AR5),kilotonnes,789.4718,633.3399,716.6584,643.7739,657.9701,743.8183,560.815,542.5933,782.7915,756.7506,769.4559,719.1617,783.6456,773.1318,878.6076,702.3682,593.6663,977.9741,862.6458,751.9428,982.0306
Southern Africa,Rice Cultivation,Emissions (CH4),kilotonnes,0.3689,0.3965,0.3615,0.3811,0.3688,0.365,0.3616,0.379,0.3439,0.3477,0.3451,0.3432,0.3239,0.339,0.339,0.3352,0.3337,0.3323,0.3315,0.3291,0.3271
Southern Africa,Rice Cultivation,Emissions (CO2eq) from CH4 (AR5),kilotonnes,10.3292,11.1014,10.1214,10.6702,10.3253,10.2194,10.1254,10.6114,9.6295,9.7353,9.6628,9.6099,9.0689,9.4923,9.4923,9.3845,9.3433,9.3041,9.2826,9.2159,9.1591
Southern Africa,Rice Cultivation,Emissions (CO2eq) (AR5),kilotonnes,10.3292,11.1014,10.1214,10.6702,10.3253,10.2194,10.1254,10.6114,9.6295,9.7353,9.6628,9.6099,9.0689,9.4923,9.4923,9.3845,9.3433,9.3041,9.2826,9.2159,9.1591
Southern Africa,Burning - Crop residues,Emissions (CH4),kilotonnes,13.4551,11.0956,12.0074,11.9772,10.8975,10.9394,7.7946,8.8021,9.7217,8.6799,9.4148,8.4379,9.1909,9.3356,9.3389,8.8173,6.7644,9.0366,8.2608,7.9034,8.9579
Southern Africa,Burning - Crop residues,Emissions (N2O),kilotonnes,0.3488,0.2877,0.3113,0.3105,0.2825,0.2836,0.2021,0.2282,0.252,0.225,0.2441,0.2188,0.2383,0.242,0.2421,0.2286,0.1754,0.2343,0.2142,0.2049,0.2322
Southern Africa,Burning - Crop residues,Emissions (CO2eq) from CH4 (AR5),kilotonnes,376.7417,310.6781,336.2068,335.3612,305.131,306.3031,218.2485,246.4575,272.2089,243.0373,263.6143,236.2616,257.3448,261.3976,261.4886,246.8832,189.4024,253.0256,231.3027,221.2964,250.8204
Southern Africa,Burning - Crop residues,Emissions (CO2eq) from N2O (AR5),kilotonnes,92.4412,76.2312,82.4952,82.2877,74.8701,75.1577,53.5517,60.4734,66.792,59.6342,64.6831,57.9716,63.1448,64.1392,64.1615,60.5778,46.4737,62.085,56.7548,54.2996,61.5439
Southern Africa,Burning - Crop residues,Emissions (CO2eq) (AR5),kilotonnes,469.1829,386.9093,418.702,417.6489,380.0011,381.4608,271.8002,306.9308,339.0009,302.6714,328.2974,294.2332,320.4896,325.5368,325.6501,307.461,235.8761,315.1106,288.0576,275.5959,312.3643
Southern Africa,Enteric Fermentation,Emissions (CH4),kilotonnes,886.799,876.0084,841.6881,839.4746,834.3176,877.6482,841.9075,851.7178,864.4322,864.4579,867.6692,860.0381,871.4339,850.5495,838.8372,828.7818,820.2303,783.6774,772.4765,757.6699,750.3889
Southern Africa,Enteric Fermentation,Emissions (CO2eq) from CH4 (AR5),kilotonnes,24830.3716,24528.2357,23567.2657,23505.2874,23360.8936,24574.1507,23573.4106,23848.0973,24204.1014,24204.822,24294.7384,24081.0669,24400.1495,23815.3871,23487.4409,23205.8912,22966.4473,21942.9659,21629.3417,21214.7582,21010.8885
Southern Africa,Enteric Fermentation,Emissions (CO2eq) (AR5),kilotonnes,24830.3716,24528.2357,23567.2657,23505.2874,23360.8936,24574.1507,23573.4106,23848.0973,24204.1014,24204.822,24294.7384,24081.0669,24400.1495,23815.3871,23487.4409,23205.8912,22966.4473,21942.9659,21629.3417,21214.7582,21010.8885
Southern Africa,Manure Management,Emissions (CH4),kilotonnes,31.9643,31.878,31.2285,31.081,30.9647,31.8193,30.8507,31.4726,32.3896,32.7026,32.9441,32.7893,33.1269,31.7096,31.3401,31.0045,30.7549,29.836,29.4203,29.0315,28.7222
Southern Africa,Manure Management,Emissions (N2O),kilotonnes,1.2895,1.3023,1.3184,1.3026,1.3173,1.3417,1.3698,1.3852,1.3352,1.3431,1.3364,1.3321,1.3344,1.2966,1.2914,1.2773,1.2671,1.2254,1.2165,1.1876,1.1699
Southern Africa,Manure Management,Emissions (CO2eq) from CH4 (AR5),kilotonnes,895.0003,892.5839,874.3972,870.2691,867.0116,890.9403,863.8202,881.2323,906.9088,915.6733,922.4344,918.1001,927.5521,887.8694,877.5233,868.1265,861.136,835.4091,823.7678,812.8827,804.2221
Southern Africa,Manure Management,Emissions (CO2eq) from N2O (AR5),kilotonnes,341.727,345.1151,349.3712,345.1827,349.0897,355.5542,362.9996,367.0757,353.8207,355.9176,354.1483,352.9937,353.6186,343.6093,342.233,338.4754,335.791,324.7418,322.369,314.7154,310.0154
Southern Africa,Manure Management,Emissions (CO2eq) (AR5),kilotonnes,1236.7273,1237.6989,1223.7685,1215.4518,1216.1014,1246.4945,1226.8198,1248.308,1260.7294,1271.5909,1276.5827,1271.0938,1281.1707,1231.4787,1219.7562,1206.6019,1196.9271,1160.1509,1146.1368,1127.5981,1114.2375
Southern Africa,Manure left on Pasture,Direct emissions (N2O),kilotonnes,35.6601,35.3562,34.2042,34.071,33.9,35.3735,34.0651,34.5672,35.3306,35.4528,35.6758,35.41,35.8475,34.6617,34.2108,33.7758,33.4579,32.2007,31.7469,31.196,30.9537
Southern Africa,Manure left on Pasture,Indirect emissions (N2O),kilotonnes,9.5656,9.484,9.1361,9.0765,9.0087,9.3556,9.0655,9.1496,9.3638,9.3807,9.4088,9.3347,9.4037,9.1159,8.9876,8.8698,8.764,8.4897,8.3562,8.1971,8.1336
Southern Africa,Manure left on Pasture,Emissions (N2O),kilotonnes,45.2257,44.8402,43.3403,43.1475,42.9088,44.7291,43.1306,43.7168,44.6944,44.8336,45.0846,44.7447,45.2511,43.7776,43.1984,42.6457,42.2219,40.6904,40.1031,39.3931,39.0873
Southern Africa,Manure left on Pasture,Emissions (CO2eq) from N2O (AR5),kilotonnes,11984.8134,11882.6632,11485.1728,11434.0933,11370.8263,11853.222,11429.6023,11584.9391,11844.0136,11880.8972,11947.4201,11857.3377,11991.5539,11601.0617,11447.5856,11301.0979,11188.8072,10782.9646,10627.3164,10439.16,10358.136
Southern Africa,Manure left on Pasture,Emissions (CO2eq) (AR5),kilotonnes,11984.8134,11882.6632,11485.1728,11434.0933,11370.8263,11853.222,11429.6023,11584.9391,11844.0136,11880.8972,11947.4201,11857.3377,11991.5539,11601.0617,11447.5856,11301.0979,11188.8072,10782.9646,10627.3164,10439.16,10358.136
Southern Africa,Manure applied to Soils,Direct emissions (N2O),kilotonnes,1.0668,1.0819,1.0806,1.0649,1.0709,1.0766,1.0877,1.1086,1.126,1.1426,1.1475,1.1452,1.1437,1.0933,1.08,1.0659,1.0645,1.0469,1.0378,1.0269,1.0182
Southern Africa,Manure applied to Soils,Indirect emissions (N2O),kilotonnes,0.4534,0.4598,0.4593,0.4526,0.4551,0.4576,0.4623,0.4711,0.4786,0.4856,0.4877,0.4867,0.4861,0.4646,0.459,0.453,0.4524,0.4449,0.4411,0.4364,0.4327
Southern Africa,Manure applied to Soils,Emissions (N2O),kilotonnes,1.5202,1.5418,1.5399,1.5175,1.526,1.5342,1.5499,1.5797,1.6046,1.6283,1.6352,1.6319,1.6298,1.5579,1.5389,1.5189,1.5169,1.4918,1.4788,1.4633,1.451
Southern Africa,Manure applied to Soils,Emissions (CO2eq) from N2O (AR5),kilotonnes,402.8487,408.5707,408.0661,402.1338,404.3815,406.5539,410.7248,418.6198,425.2119,431.4897,433.3192,432.4593,431.8853,412.8517,407.8188,402.5044,401.9708,395.3272,391.8917,387.7696,384.5028
Southern Africa,Manure applied to Soils,Emissions (CO2eq) (AR5),kilotonnes,402.8487,408.5707,408.0661,402.1338,404.3815,406.5539,410.7248,418.6198,425.2119,431.4897,433.3192,432.4593,431.8853,412.8517,407.8188,402.5044,401.9708,395.3272,391.8917,387.7696,384.5028
Southern Africa,Synthetic Fertilizers,Direct emissions (N2O),kilotonnes,6.6016,6.2417,7.5427,6.6256,6.75,5.4727,6.7667,6.9271,6.6681,6.7398,6.5652,6.7937,7.0817,6.8155,6.6005,5.9693,5.6155,7.7696,6.5057,6.4405,6.1871
Southern Africa,Synthetic Fertilizers,Indirect emissions (N2O),kilotonnes,2.1455,2.0286,2.4514,2.1533,2.1937,1.7786,2.1992,2.2513,2.1671,2.1904,2.1337,2.208,2.3016,2.215,2.1452,1.94,1.825,2.5251,2.1144,2.0932,2.0108
Southern Africa,Synthetic Fertilizers,Emissions (N2O),kilotonnes,8.7471,8.2703,9.9941,8.779,8.9437,7.2513,8.9659,9.1784,8.8352,8.9303,8.6989,9.0016,9.3833,9.0305,8.7456,7.9094,7.4405,10.2947,8.6201,8.5337,8.1979
Southern Africa,Synthetic Fertilizers,Emissions (CO2eq) from N2O (AR5),kilotonnes,2317.9768,2191.6219,2648.4416,2326.4299,2370.0857,1921.6033,2375.9731,2432.2865,2341.3331,2366.5268,2305.2199,2385.4359,2486.5716,2393.0885,2317.5916,2095.9807,1971.7281,2728.1038,2284.3249,2261.4366,2172.4459
Southern Africa,Synthetic Fertilizers,Emissions (CO2eq) (AR5),kilotonnes,2317.9768,2191.6219,2648.4416,2326.4299,2370.0857,1921.6033,2375.9731,2432.2865,2341.3331,2366.5268,2305.2199,2385.4359,2486.5716,2393.0885,2317.5916,2095.9807,1971.7281,2728.1038,2284.3249,2261.4366,2172.4459
Southern Africa,Drained organic soils,Emissions (CO2eq) (AR5),kilotonnes,1082.2451,1084.3313,1107.0169,1144.6108,1176.4372,1181.6024,1173.6627,1178.4558,1179.8547,1182.0572,1182.4105,1179.2915,1179.2915,1176.2722,1169.6968,1169.6266,1177.8798,1182.1316,1182.33,1211.3765,1214.3223
Southern Africa,Drained organic soils (CO2),Emissions (CO2),kilotonnes,1015.2615,1017.1685,1038.778,1074.3984,1104.8676,1109.7593,1102.126,1106.7358,1108.0606,1110.1755,1110.5601,1107.5576,1107.5576,1104.6311,1098.2811,1098.2149,1106.1524,1110.2359,1110.4042,1139.2051,1142.0452
Southern Africa,Drained organic soils (CO2),Emissions (CO2eq) (AR5),kilotonnes,1015.2615,1017.1685,1038.778,1074.3984,1104.8676,1109.7593,1102.126,1106.7358,1108.0606,1110.1755,1110.5601,1107.5576,1107.5576,1104.6311,1098.2811,1098.2149,1106.1524,1110.2359,1110.4042,1139.2051,1142.0452
Southern Africa,Drained organic soils (N2O),Emissions (N2O),kilotonnes,0.2528,0.2534,0.2575,0.265,0.2701,0.2711,0.2699,0.2706,0.2709,0.2713,0.2711,0.2707,0.2707,0.2703,0.2695,0.2695,0.2707,0.2713,0.2714,0.2723,0.2727
Southern Africa,Drained organic soils (N2O),Emissions (CO2eq) from N2O (AR5),kilotonnes,66.9836,67.1629,68.2389,70.2124,71.5695,71.8431,71.5367,71.72,71.794,71.8817,71.8504,71.7339,71.7339,71.6411,71.4156,71.4117,71.7274,71.8957,71.9258,72.1714,72.2771
Southern Africa,Drained organic soils (N2O),Emissions (CO2eq) (AR5),kilotonnes,66.9836,67.1629,68.2389,70.2124,71.5695,71.8431,71.5367,71.72,71.794,71.8817,71.8504,71.7339,71.7339,71.6411,71.4156,71.4117,71.7274,71.8957,71.9258,72.1714,72.2771
Southern Africa,On-farm energy use,Emissions (CH4),kilotonnes,1.0343,1.3732,1.3338,1.6461,1.6051,0.8926,0.9697,0.9171,1.0799,0.8772,1.9421,6.533,10.1337,10.562,10.8279,9.5988,6.5776,7.3161,13.6422,14.207,14.207
Southern Africa,On-farm energy use,Emissions (N2O),kilotonnes,1.3136,1.3723,1.3697,1.3514,1.3222,1.2907,1.2534,1.3057,1.3168,1.3032,1.2697,1.4195,1.4141,1.5636,1.7879,1.6169,2.6437,2.6618,1.592,1.5528,1.5528
Southern Africa,On-farm energy use,Emissions (CO2),kilotonnes,3883.5717,4261.7734,4249.9002,4317.4767,4264.8441,3989.2545,3894.4585,4048.0432,4127.9866,4094.8905,4257.8156,6063.8245,7111.5746,7636.3084,8256.8988,7442.3255,11608.1708,11932.8088,8701.8213,8793.8809,8793.8809
Southern Africa,On-farm energy use,Emissions (CO2eq) from CH4 (AR5),kilotonnes,28.9602,38.4491,37.3462,46.0908,44.9418,24.9941,27.1524,25.6784,30.2383,24.5629,54.38,182.9254,283.7445,295.7356,303.1826,268.7664,184.1728,204.8516,381.9819,397.7958,397.7958
Southern Africa,On-farm energy use,Emissions (CO2eq) from N2O (AR5),kilotonnes,348.1071,363.6503,362.9613,358.1187,350.3918,342.0462,332.1474,346.0039,348.9642,345.3371,336.483,376.1735,374.7476,414.3666,473.7894,428.4761,700.5791,705.3704,421.8771,411.5052,411.5052
Southern Africa,On-farm energy use,Emissions (CO2eq) (AR5),kilotonnes,4260.639,4663.8727,4650.2076,4721.6862,4660.1777,4356.2948,4253.7583,4419.7255,4507.1891,4464.7905,4648.6787,6622.9234,7770.0666,8346.4107,9033.8707,8139.568,12492.9227,12843.0308,9505.6802,9603.1819,9603.1819
Southern Africa,Forestland,Emissions (CO2),kilotonnes,-1138.1623,-1120.8006,-1120.8006,-1120.8006,-1120.8006,-1120.8006,-1120.8006,-1120.8006,-1120.8006,-1120.8006,-1120.8006,-1241.4401,-1241.4401,-1241.4401,-1241.4401,-1241.4401,-975.749,-975.749,-975.749,-975.749,-975.749
Southern Africa,Forestland,Emissions (CO2eq) (AR5),kilotonnes,-1138.1623,-1120.8006,-1120.8006,-1120.8006,-1120.8006,-1120.8006,-1120.8006,-1120.8006,-1120.8006,-1120.8006,-1120.8006,-1241.4401,-1241.4401,-1241.4401,-1241.4401,-1241.4401,-975.749,-975.749,-975.749,-975.749,-975.749
Southern Africa,Net Forest conversion,Emissions (CO2),kilotonnes,58054.5562,58064.3728,58064.3728,58064.3728,58064.3728,58064.3728,58064.3728,58064.3728,58064.3728,58064.3728,58064.3728,58074.3558,58074.3558,58074.3558,58074.3558,58074.3558,58080.8114,58080.8114,58080.8114,58080.8114,58080.8114
Southern Africa,Net Forest conversion,Emissions (CO2eq) (AR5),kilotonnes,58054.5562,58064.3728,58064.3728,58064.3728,58064.3728,58064.3728,58064.3728,58064.3728,58064.3728,58064.3728,58064.3728,58074.3558,58074.3558,58074.3558,58074.3558,58074.3558,58080.8114,58080.8114,58080.8114,58080.8114,58080.8114
Southern Africa,Savanna fires,Emissions (CH4),kilotonnes,225.8236,249.9874,268.3146,121.695,128.8198,156.633,220.1913,178.3724,299.963,182.9154,385.0255,561.1412,349.4624,192.6078,126.519,103.598,85.9572,178.3123,115.8696,60.536,182.0661
Southern Africa,Savanna fires,Emissions (N2O),kilotonnes,20.6187,22.8249,24.4983,11.1113,11.7618,14.3013,20.1044,16.2862,27.3879,16.701,35.1545,51.2346,31.9074,17.5859,11.5517,9.4589,7.8483,16.2807,10.5794,5.5272,16.6234
Southern Africa,Savanna fires,Emissions (CO2eq) from CH4 (AR5),kilotonnes,6323.0596,6999.6484,7512.8099,3407.4589,3606.9555,4385.7239,6165.357,4994.4275,8398.9649,5121.6319,10780.7146,15711.9547,9784.9484,5393.0195,3542.5315,2900.7445,2406.8004,4992.7455,3244.3501,1695.008,5097.8518
Southern Africa,Savanna fires,Emissions (CO2eq) from N2O (AR5),kilotonnes,5463.9483,6048.6092,6492.0477,2944.4889,3116.8801,3789.8375,5327.6726,4315.8368,7257.8012,4425.758,9315.9436,13577.1782,8455.4718,4660.2723,3061.2093,2506.6216,2079.7895,4314.3834,2803.5416,1464.708,4405.2089
Southern Africa,Savanna fires,Emissions (CO2eq) (AR5),kilotonnes,11787.0079,13048.2577,14004.8576,6351.9478,6723.8356,8175.5614,11493.0296,9310.2643,15656.7662,9547.39,20096.6583,29289.1329,18240.4202,10053.2918,6603.7409,5407.3661,4486.5899,9307.1289,6047.8917,3159.7159,9503.0606
Southern Africa,Fires in organic soils,Emissions (CH4),kilotonnes,0,0,0,0,0,0,0,0,0,0,0,0,0,0,0,0,0,0,0,0,0
Southern Africa,Fires in organic soils,Emissions (CO2),kilotonnes,0,0,0,0,0,0,0,0,0,0,0,0,0,0,0,0,0,0,0,0,0
Southern Africa,Fires in organic soils,Emissions (CO2eq) from CH4 (AR5),kilotonnes,0,0,0,0,0,0,0,0,0,0,0,0,0,0,0,0,0,0,0,0,0
Southern Africa,Fires in organic soils,Emissions (CO2eq) (AR5),kilotonnes,0,0,0,0,0,0,0,0,0,0,0,0,0,0,0,0,0,0,0,0,0
Southern Africa,Forest fires,Emissions (CH4),kilotonnes,22.0275,1.4092,2.1186,5.5582,2.1387,6.8878,1.724,10.133,6.0206,2.3987,3.5753,2.7781,3.1682,2.8342,3.9321,2.0894,3.0084,4.2087,9.8851,4.8208,3.7676
Southern Africa,Forest fires,Emissions (N2O),kilotonnes,0.8987,0.1287,0.1934,0.5075,0.1953,0.6289,0.1574,0.9252,0.5497,0.219,0.3264,0.2537,0.2893,0.2588,0.359,0.1908,0.2747,0.3843,0.9026,0.4402,0.344
Southern Africa,Forest fires,Emissions (CO2eq) from CH4 (AR5),kilotonnes,616.7695,39.4562,59.3209,155.6286,59.884,192.8596,48.2706,283.7242,168.5774,67.1646,100.1079,77.7872,88.7106,79.357,110.0994,58.5029,84.2362,117.8436,276.7841,134.9827,105.4931
Southern Africa,Forest fires,Emissions (CO2eq) from N2O (AR5),kilotonnes,238.1587,34.0953,51.261,134.4834,51.7475,166.6559,41.7121,245.1747,145.6729,58.039,86.5063,67.2183,76.6575,68.5748,95.1402,50.5541,72.7911,101.8323,239.1776,116.6426,91.1598
Southern Africa,Forest fires,Emissions (CO2eq) (AR5),kilotonnes,854.9282,73.5516,110.5819,290.1121,111.6315,359.5155,89.9827,528.8988,314.2503,125.2036,186.6142,145.0055,165.3681,147.9317,205.2396,109.0571,157.0273,219.6759,515.9616,251.6253,196.6529
Southern Africa,Fires in humid tropical forests,Emissions (CH4),kilotonnes,0.1502,0.008,0.0187,0.1573,0.0267,0.1013,0.2853,0.0053,0.024,0.0107,0.112,0.2693,0.016,0.016,0.1307,0.0373,0.0133,0.096,0,0.16,0.0133
Southern Africa,Fires in humid tropical forests,Emissions (N2O),kilotonnes,0.0044,0.0007,0.0017,0.0144,0.0024,0.0093,0.0261,0.0005,0.0022,0.001,0.0102,0.0246,0.0015,0.0015,0.0119,0.0034,0.0012,0.0088,0,0.0146,0.0012
Southern Africa,Fires in humid tropical forests,Emissions (CO2eq) from CH4 (AR5),kilotonnes,4.2057,0.224,0.5226,4.4051,0.7467,2.8373,7.9889,0.1493,0.672,0.2987,3.1359,7.5411,0.448,0.448,3.6586,1.0453,0.3733,2.6879,0,4.4798,0.3733
Southern Africa,Fires in humid tropical forests,Emissions (CO2eq) from N2O (AR5),kilotonnes,1.1708,0.1936,0.4516,3.8066,0.6452,2.4518,6.9035,0.129,0.5807,0.2581,2.7098,6.5165,0.3871,0.3871,3.1615,0.9032,0.3226,2.3227,0,3.8712,0.3226
Southern Africa,Fires in humid tropical forests,Emissions (CO2eq) (AR5),kilotonnes,5.3765,0.4175,0.9743,8.2117,1.3919,5.2891,14.8924,0.2784,1.2527,0.5568,5.8458,14.0576,0.8351,0.8351,6.8201,1.9485,0.6959,5.0105,0,8.351,0.6959
Southern Africa,Waste - agri-food systems,Emissions (CH4),kilotonnes,303.5989,306.5952,313.9031,318.0507,316.0697,317.1061,317.5259,318.288,318.8546,319.2585,319.3179,319.3006,319.9033,321.0674,316.5074,312.3864,311.7056,310.8863,310.3962,308.4098,306.2537
Southern Africa,Waste - agri-food systems,Emissions (N2O),kilotonnes,1.4527,1.4716,1.4692,1.4992,1.6043,1.6818,1.7574,1.8476,1.9191,1.973,2.0793,2.1639,2.2555,2.34,2.3449,2.4018,2.4743,2.5437,2.6129,2.67,2.7266
Southern Africa,Waste - agri-food systems,Emissions (CO2),kilotonnes,0,0,0,0,0,0,0,0,0,0,0,0,0,0,0,0,0,0,0,0,0
Southern Africa,Waste - agri-food systems,Emissions (CO2eq) from CH4 (AR5),kilotonnes,8500.7698,8584.6648,8789.2875,8905.4209,8849.9527,8878.9697,8890.7266,8912.0628,8927.9302,8939.2381,8940.9021,8940.4169,8957.2923,8989.8874,8862.2062,8746.82,8727.7558,8704.8173,8691.0944,8635.473,8575.1036
Southern Africa,Waste - agri-food systems,Emissions (CO2eq) from N2O (AR5),kilotonnes,384.9744,389.9731,389.3265,397.2797,425.1402,445.6747,465.6994,489.6083,508.5597,522.8419,551.0265,573.4306,597.7202,620.104,621.3964,636.4855,655.6953,674.0922,692.4063,707.5379,722.5469
Southern Africa,Waste - agri-food systems,Emissions (CO2eq) (AR5),kilotonnes,8885.7442,8974.6379,9178.614,9302.7007,9275.0929,9324.6444,9356.4259,9401.6712,9436.4899,9462.08,9491.9286,9513.8475,9555.0125,9609.9914,9483.6026,9383.3055,9383.4512,9378.9095,9383.5007,9343.011,9297.6505
Southern Africa,On-farm electricity use,Emissions (CH4),kilotonnes,5.0335,5.3168,5.9037,6.5045,7.7849,6.9689,7.3576,7.6631,7.5079,7.3351,7.6557,7.6951,7.4252,7.3797,7.3678,7.3311,7.6901,7.7685,7.9521,8.069,8.069
Southern Africa,On-farm electricity use,Emissions (N2O),kilotonnes,0.0268,0.0283,0.0315,0.0347,0.0416,0.0372,0.0392,0.0408,0.04,0.0391,0.0409,0.0411,0.0398,0.0396,0.0394,0.0392,0.0411,0.0415,0.0425,0.0432,0.0432
Southern Africa,On-farm electricity use,Emissions (CO2),kilotonnes,3759.7258,3707.674,4014.9922,4633.2621,5658.748,4985.3164,5154.5862,5331.458,5945.2628,5563.783,5924.4369,5590.0788,5644.3831,5418.4336,5403.2334,5373.5889,5645.2573,5669.8701,5790.1,5867.4733,5867.4733
Southern Africa,On-farm electricity use,Emissions (CO2eq) from CH4 (AR5),kilotonnes,140.938,148.8704,165.3036,182.126,217.9772,195.1292,206.0128,214.5668,210.2212,205.3828,214.3596,215.4628,207.9056,206.6316,206.2984,205.2708,215.3228,217.518,222.6588,225.932,225.932
Southern Africa,On-farm electricity use,Emissions (CO2eq) from N2O (AR5),kilotonnes,7.102,7.4995,8.3475,9.1955,11.024,9.858,10.388,10.812,10.6,10.3615,10.8385,10.8915,10.547,10.494,10.441,10.388,10.8915,10.9975,11.2625,11.448,11.448
Southern Africa,On-farm electricity use,Emissions (CO2eq) (AR5),kilotonnes,3907.7658,3864.0439,4188.6433,4824.5836,5887.7492,5190.3036,5370.987,5556.8368,6166.084,5779.5273,6149.635,5816.4331,5862.8357,5635.5592,5619.9728,5589.2477,5871.4716,5898.3856,6024.0213,6104.8533,6104.8533
Southern Africa,Food Processing,Emissions (CH4),kilotonnes,2.4847,1.8506,1.7433,1.3023,1.2392,2.1677,2.1865,2.223,2.3528,2.3688,2.5865,2.5871,2.5634,2.5433,2.9805,3.2214,3.4608,3.0145,3.1538,3.3306,3.3094
Southern Africa,Food Processing,Emissions (N2O),kilotonnes,0.0247,0.022,0.0198,0.0147,0.0141,0.0189,0.0188,0.02,0.0212,0.0213,0.0217,0.0266,0.0276,0.0295,0.032,0.0384,0.0525,0.0362,0.036,0.0436,0.0441
Southern Africa,Food Processing,Emissions (CO2),kilotonnes,1145.1008,1170.9028,1027.9731,805.5842,757.3767,1498.3909,1538.2612,1574.5356,1860.9365,1711.843,1724.1255,1615.639,1692.3116,1582.7921,2101.3019,2298.2259,2561.7273,2465.6586,2435.6456,2433.3743,2233.8631
Southern Africa,Food Processing,Emissions (CO2eq) from CH4 (AR5),kilotonnes,69.5716,51.8168,48.8124,36.4644,34.6976,60.6956,61.222,62.244,65.8784,66.3264,72.422,72.4388,71.7752,71.2124,83.454,90.1992,96.9024,84.406,88.3064,93.2568,92.6632
Southern Africa,Food Processing,Emissions (CO2eq) from N2O (AR5),kilotonnes,6.5455,5.83,5.247,3.8955,3.7365,5.0085,4.982,5.3,5.618,5.6445,5.7505,7.049,7.314,7.8175,8.48,10.176,13.9125,9.593,9.54,11.554,11.6968
Southern Africa,Food Processing,Emissions (CO2eq) (AR5),kilotonnes,1221.2179,1228.5496,1082.0325,845.9441,795.8108,1564.095,1604.4652,1642.0796,1932.4329,1783.8139,1802.298,1695.1268,1771.4008,1661.822,2193.2359,2398.6011,2672.5422,2559.6576,2533.492,2538.1851,2338.2231
Southern Africa,Food Packaging,Emissions (CH4),kilotonnes,0.3593,0.6871,0.7128,0.773,0.8448,3.6316,3.6287,3.6009,3.5562,4.6505,5.1019,3.0504,3.0123,2.9894,3.299,4.105,3.5908,3.5924,3.7059,4.6039,4.6473
Southern Africa,Food Packaging,Emissions (N2O),kilotonnes,0.0176,0.0194,0.0195,0.0199,0.0205,0.0354,0.0354,0.0353,0.0355,0.0419,0.0707,0.0258,0.0257,0.0291,0.0359,0.046,0.0397,0.0259,0.0393,0.0446,0.0449
Southern Africa,Food Packaging,Emissions (CO2),kilotonnes,1250.0427,1444.1842,1455.6807,1504.2618,1564.6496,3587.8169,3565.8872,3523.5487,3858.6093,4592.514,6622.4456,2872.8113,2941.4347,3014.0614,3629.8813,4515.0573,3857.6636,2966.7621,3837.4552,4620.3705,4267.2595
Southern Africa,Food Packaging,Emissions (CO2eq) from CH4 (AR5),kilotonnes,10.0604,19.2388,19.9584,21.644,23.6544,101.6848,101.6036,100.8252,99.5736,130.214,142.8532,85.4112,84.3444,83.7032,92.372,114.94,100.5424,100.5872,103.7652,128.9092,130.1237
Southern Africa,Food Packaging,Emissions (CO2eq) from N2O (AR5),kilotonnes,4.664,5.141,5.1675,5.2735,5.4325,9.381,9.381,9.3545,9.4075,11.1035,18.7355,6.837,6.8105,7.7115,9.5135,12.19,10.5205,6.8635,10.4145,11.819,11.9001
Southern Africa,Food Packaging,Emissions (CO2eq) (AR5),kilotonnes,1264.7671,1468.564,1480.8066,1531.1793,1593.7365,3698.8827,3676.8718,3633.7284,3967.5904,4733.8315,6784.0343,2965.0595,3032.5896,3105.4761,3731.7668,4642.1873,3968.7265,3074.2128,3951.6349,4761.0987,4409.2833
Southern Africa,Food Retail,Emissions (CH4),kilotonnes,0.0247,0.0274,0.0328,0.0347,0.0467,4.5991,5.0374,5.2316,5.1376,5.0171,5.3315,5.3821,5.2722,5.2704,5.1597,5.1012,6.5568,6.4808,6.8383,6.5886,6.635
Southern Africa,Food Retail,Emissions (N2O),kilotonnes,0.0001,0.0001,0.0002,0.0002,0.0022,0.0262,0.0286,0.0297,0.0297,0.0295,0.0447,0.0477,0.0595,0.0613,0.0614,0.0568,0.062,0.0478,0.0799,0.0631,0.0634
Southern Africa,Food Retail,Emissions (CO2),kilotonnes,34.0004,25.9335,27.6412,28.6049,281.4141,3485.3747,3809.9053,3955.4206,4477.0076,4307.3212,5281.0051,5222.4471,6076.0694,6063.6309,5981.2172,5667.6045,7938.1906,6008.9574,7826.5781,7002.8707,6467.2886
Southern Africa,Food Retail,Emissions (CO2eq) from F-gases (AR5),kilotonnes,275.8545,330.9215,378.7155,435.341,498.2005,558.982,614.049,669.116,677.9475,682.623,685.2205,686.779,688.3375,688.857,688.857,688.857,741.3265,755.353,768.86,782.8865,807.1997
Southern Africa,Food Retail,Emissions (CO2eq) from CH4 (AR5),kilotonnes,0.6926,0.7672,0.9184,0.9716,1.3076,128.7748,141.0472,146.4848,143.8528,140.4788,149.282,150.6988,147.6216,147.5712,144.4716,142.8336,183.5904,181.4624,191.4724,184.4808,185.7804
Southern Africa,Food Retail,Emissions (CO2eq) from N2O (AR5),kilotonnes,0.0265,0.0265,0.053,0.053,0.583,6.943,7.579,7.8705,7.8705,7.8175,11.8455,12.6405,15.7675,16.2445,16.271,15.052,16.43,12.667,21.1735,16.7215,16.7966
Southern Africa,Food Retail,Emissions (CO2eq) (AR5),kilotonnes,310.574,357.6487,407.3281,464.9705,781.5052,4180.0745,4572.5805,4778.8919,5306.6784,5138.2405,6127.3531,6072.5654,6927.796,6916.3036,6830.8168,6514.3471,8879.5375,6958.4398,8808.084,7986.9595,7477.0653
Southern Africa,Food Household Consumption,Emissions (CH4),kilotonnes,18.2724,23.856,24.4306,27.6623,30.8337,32.6489,35.855,41.1248,42.7962,41.5375,37.7389,41.3181,54.5035,56.2524,57.167,52.2591,25.4433,27.0661,73.27,73.2628,73.7211
Southern Africa,Food Household Consumption,Emissions (N2O),kilotonnes,0.1007,0.1308,0.1327,0.1496,0.1663,0.1752,0.1913,0.2171,0.2248,0.2181,0.1986,0.217,0.2826,0.2913,0.2952,0.2708,0.1385,0.1464,0.3779,0.3778,0.3794
Southern Africa,Food Household Consumption,Emissions (CO2),kilotonnes,12328.3884,14745.9699,13925.2199,16126.0219,17999.2416,18364.6726,19583.6586,21441.024,23578.6393,22185.203,21738.9019,22089.3165,26532.0116,26458.8495,26611.5957,25093.8307,18598.3592,19099.9081,33891.6488,33892.2735,31307.4171
Southern Africa,Food Household Consumption,Emissions (CO2eq) from CH4 (AR5),kilotonnes,511.6272,667.968,684.0568,774.5444,863.3436,914.1692,1003.94,1151.4944,1198.2936,1163.05,1056.6892,1156.9068,1526.098,1575.0672,1600.676,1463.2548,712.4124,757.8508,2051.56,2051.3584,2064.1902
Southern Africa,Food Household Consumption,Emissions (CO2eq) from N2O (AR5),kilotonnes,26.6855,34.662,35.1655,39.644,44.0695,46.428,50.6945,57.5315,59.572,57.7965,52.629,57.505,74.889,77.1945,78.228,71.762,36.7025,38.796,100.1435,100.117,100.5356
Southern Africa,Food Household Consumption,Emissions (CO2eq) (AR5),kilotonnes,12866.7011,15448.5999,14644.4422,16940.2103,18906.6547,19325.2698,20638.2931,22650.0499,24836.5049,23406.0495,22848.2201,23303.7283,28132.9986,28111.1112,28290.4997,26628.8475,19347.4741,19896.5549,36043.3523,36043.7489,33472.143
Southern Africa,Food Transport,Emissions (CH4),kilotonnes,0.8343,0.8004,0.7579,0.7381,0.715,0.6851,0.6322,0.6227,0.551,0.4915,0.4385,0.4546,0.4529,0.4776,0.4513,0.4792,0.4768,0.4912,0.4967,0.3824,0.3865
Southern Africa,Food Transport,Emissions (N2O),kilotonnes,0.1929,0.1977,0.2047,0.2141,0.2206,0.2123,0.2119,0.2146,0.1995,0.1977,0.197,0.2042,0.2042,0.22,0.2051,0.2215,0.2187,0.2257,0.2272,0.2436,0.245
Southern Africa,Food Transport,Emissions (CO2),kilotonnes,3998.447,4117.665,4173.3345,4394.931,4626.5369,4827.0234,4955.3844,5445.468,5464.456,5256.7475,5432.5273,5657.6937,5684.0497,6240.2933,5999.6314,6290.6368,6022.4811,6274.0223,6322.7014,6558.3523,6053.7794
Southern Africa,Food Transport,Emissions (CO2eq) from CH4 (AR5),kilotonnes,23.3604,22.4112,21.2212,20.6668,20.02,19.1828,17.7016,17.4356,15.428,13.762,12.278,12.7288,12.6812,13.3728,12.6364,13.4176,13.3504,13.7536,13.9076,10.7072,10.8229
Southern Africa,Food Transport,Emissions (CO2eq) from N2O (AR5),kilotonnes,51.1185,52.3905,54.2455,56.7365,58.459,56.2595,56.1535,56.869,52.8675,52.3905,52.205,54.113,54.113,58.3,54.3515,58.6975,57.9555,59.8105,60.208,64.554,64.9289
Southern Africa,Food Transport,Emissions (CO2eq) (AR5),kilotonnes,4072.9259,4192.4667,4248.8012,4472.3343,4705.0159,4902.4657,5029.2395,5519.7726,5532.7515,5322.9,5497.0103,5724.5355,5750.8439,6311.9661,6066.6193,6362.7519,6093.787,6347.5864,6396.817,6633.6135,6129.5313
Southern Africa,Energy,Emissions (CH4),kilotonnes,1456.31,1466.5,1437.39,1526.23,1569.35,1580.71,1580.99,1580.73,1614.06,1612.3,1613.37,1610.25,1660.16,1659.81,1693.38,1659.78,1666.79,1662.05,1664.39,1693.12,1704.9
Southern Africa,Energy,Emissions (N2O),kilotonnes,8.4233,9.0078,9.1062,9.3487,9.7111,9.5565,9.5673,9.764,9.911,9.624,9.9678,9.8598,10.1142,10.5112,10.714,10.2515,10.2009,10.3141,10.2874,10.5417,10.6016
Southern Africa,Energy,Emissions (CO2),kilotonnes,462490,430860,417730,464660,513850,491430,523540,542730,573010,573120,521850,524020,512810,508940,536576,504270,512650,518397,500247,514289,475054
Southern Africa,Energy,Emissions (CO2eq) from CH4 (AR5),kilotonnes,40776.68,41062,40246.92,42734.44,43941.8,44259.88,44267.72,44260.44,45193.68,45144.4,45174.36,45087,46484.48,46474.68,47414.64,46473.84,46670.12,46537.4,46602.92,47407.36,47737.2
Southern Africa,Energy,Emissions (CO2eq) from N2O (AR5),kilotonnes,2232.1745,2387.067,2413.143,2477.4055,2573.4415,2532.4725,2535.3345,2587.46,2626.415,2550.36,2641.467,2612.847,2680.263,2785.468,2839.21,2716.6475,2703.2385,2733.2365,2726.161,2793.5505,2809.424
Southern Africa,Energy,Emissions (CO2eq) (AR5),kilotonnes,505498.8545,474309.067,460390.063,509871.8455,560365.2415,538222.3525,570343.0545,589577.9,620830.095,620814.76,569665.827,571719.847,561974.743,558200.148,586829.85,553460.4875,562023.3585,567667.6365,549576.081,564489.9105,525600.624
Southern Africa,IPPU,Emissions (CH4),kilotonnes,4.69,4.1,4.52,5.04,5.31,5,5.38,6.08,5.34,3.88,5.69,5.67,5.28,5.43,6.19,5.82,5.37,5.96,5.7,5.84,5.88
Southern Africa,IPPU,Emissions (N2O),kilotonnes,5.8622,6.104,7.4855,7.797,7.9985,8.01,5.2216,4.9334,1.2254,1.2875,1.2897,1.3023,1.325,1.3379,1.3608,1.3738,1.3969,1.4099,1.4328,1.3436,1.3563
Southern Africa,IPPU,Emissions (CO2),kilotonnes,13458.52,12661.47,13865.7,14869.11,15296.52,15708.63,16603.7,17813.14,16509.26,15207.64,17011.93,16864.38,16343.16,17187.27,17909.15,18117.67,17659.94,18499.75,18261.79,18613.42,18312.14
Southern Africa,IPPU,Emissions (CO2eq) from F-gases (AR5),kilotonnes,1179.8072,1213.3328,1295.1545,1582.4052,1775.2984,1911.4413,2059.148,2129.1143,2131.0578,2218.5157,2324.437,2446.878,2545.0253,2647.0595,2751.0372,2862.789,2967.7385,3066.8575,3168.8917,3281.6152,3383.6495
Southern Africa,IPPU,Emissions (CO2eq) from CH4 (AR5),kilotonnes,131.32,114.8,126.56,141.12,148.68,140,150.64,170.24,149.52,108.64,159.32,158.76,147.84,152.04,173.32,162.96,150.36,166.88,159.6,163.52,164.64
Southern Africa,IPPU,Emissions (CO2eq) from N2O (AR5),kilotonnes,1553.483,1617.56,1983.6575,2066.205,2119.6025,2122.65,1383.724,1307.351,324.731,341.1875,341.7705,345.1095,351.125,354.5435,360.612,364.057,370.1785,373.6235,379.692,356.054,359.4195
Southern Africa,IPPU,Emissions (CO2eq) (AR5),kilotonnes,16323.1302,15607.1628,17271.072,18658.8402,19340.1009,19882.7213,20197.212,21419.8453,19114.5688,17875.9832,19837.4575,19815.1275,19387.1503,20340.913,21194.1192,21507.476,21148.217,22107.111,21969.9737,22414.6092,22219.849
Southern Africa,Waste,Emissions (CH4),kilotonnes,724.4,726,750,757.7,765.2,781.7,807.8,826.6,846.8,832.2,839.89,855.23,872.72,893.29,905.92,917.22,928.51,946.13,960.6,969.27,982.71
Southern Africa,Waste,Emissions (N2O),kilotonnes,2.4435,2.4772,2.5105,2.5427,2.5754,2.6475,2.7188,2.7879,2.8398,2.894,2.9392,3.005,3.0903,3.1652,3.2117,3.2454,3.2562,3.3004,3.3147,3.4381,3.492
Southern Africa,Waste,Emissions (CO2),kilotonnes,1.2,1.3,1.3,1.4,1.4,1.5,1.6,1.7,1.7,1.8,1.9,2.1,2.3,2.3,2.4,2.4,2.4,2.59,2.68,2.77,2.86
Southern Africa,Waste,Emissions (CO2eq) from CH4 (AR5),kilotonnes,20283.2,20328,21000,21215.6,21425.6,21887.6,22618.4,23144.8,23710.4,23301.6,23516.92,23946.44,24436.16,25012.12,25365.76,25682.16,25998.28,26491.64,26896.8,27139.56,27515.88
Southern Africa,Waste,Emissions (CO2eq) from N2O (AR5),kilotonnes,647.5275,656.458,665.2825,673.8155,682.481,701.5875,720.482,738.7935,752.547,766.91,778.888,796.325,818.9295,838.778,851.1005,860.031,862.893,874.606,878.3955,911.0965,925.38
Southern Africa,Waste,Emissions (CO2eq) (AR5),kilotonnes,20931.9275,20985.758,21666.5825,21890.8155,22109.481,22590.6875,23340.482,23885.2935,24464.647,24070.31,24297.708,24744.865,25257.3895,25853.198,26219.2605,26544.591,26863.573,27368.836,27777.8755,28053.4265,28444.12
Southern Africa,Other,Emissions (N2O),kilotonnes,7.2205,8.5024,8.5645,8.7425,9.1758,8.9686,8.8608,9.1874,9.5167,8.6135,9.6005,9.2867,9.5923,9.8122,10.0321,9.6018,9.6272,9.4485,9.4143,9.7851,9.8358
Southern Africa,Other,Emissions (CO2eq) from N2O (AR5),kilotonnes,1913.4325,2253.136,2269.5925,2316.7625,2431.587,2376.679,2348.112,2434.661,2521.9255,2282.5775,2544.1325,2460.9755,2541.9595,2600.233,2658.5065,2544.477,2551.208,2503.8525,2494.7895,2593.0515,2606.487
Southern Africa,Other,Emissions (CO2eq) (AR5),kilotonnes,1913.4325,2253.136,2269.5925,2316.7625,2431.587,2376.679,2348.112,2434.661,2521.9255,2282.5775,2544.1325,2460.9755,2541.9595,2600.233,2658.5065,2544.477,2551.208,2503.8525,2494.7895,2593.0515,2606.487
Southern Africa,Farm-gate emissions,Emissions (CH4),kilotonnes,1159.4451,1170.7392,1154.9338,1006.2549,1006.9735,1078.2976,1102.0755,1071.6609,1207.9304,1089.9808,1297.3409,1469.2828,1273.6717,1095.1036,1017.2021,982.1356,950.6179,1008.5108,940.001,869.677,984.6692
Southern Africa,Farm-gate emissions,Direct emissions (N2O),kilotonnes,45.7604,44.6308,45.0351,43.7447,43.7477,44.2141,43.647,44.2743,45.5361,45.6665,45.7588,45.5642,46.4869,44.9521,44.5978,42.9747,41.9666,44.0298,41.9478,40.9797,41.1841
Southern Africa,Farm-gate emissions,Indirect emissions (N2O),kilotonnes,12.7117,12.4114,12.5435,12.1286,12.1136,12.1074,12.1157,12.2481,12.552,12.5813,12.5635,12.5278,12.7345,12.3314,12.2007,11.7497,11.4529,12.1376,11.5095,11.2479,11.2578
Southern Africa,Farm-gate emissions,Emissions (N2O),kilotonnes,82.2955,83.0829,85.3338,70.214,70.8153,73.8099,78.9624,75.9983,88.651,78.0913,96.5982,112.5677,94.3863,78.2421,71.9412,67.5755,65.6247,76.8409,67.3307,60.9725,72.2931
Southern Africa,Farm-gate emissions,Emissions (CO2),kilotonnes,4898.8331,5278.9418,5288.6782,5391.8751,5369.7117,5099.0139,4996.5845,5154.779,5236.0472,5205.066,5368.3757,7171.3821,8219.1322,8740.9396,9355.1799,8540.5404,12714.3232,13043.0447,9812.2255,9933.086,9935.9261
Southern Africa,Farm-gate emissions,Emissions (CO2eq) from CH4 (AR5),kilotonnes,32464.4625,32780.6966,32338.1473,28175.1377,28195.2589,30192.3315,30858.114,30006.5044,33822.0517,30519.4628,36325.5446,41139.9185,35662.8082,30662.9016,28481.6591,27499.7962,26617.3022,28238.3018,26320.0268,24350.9569,27570.7376
Southern Africa,Farm-gate emissions,Emissions (CO2eq) from N2O (AR5),kilotonnes,21808.318,22016.9644,22613.4532,18606.7213,18766.0648,19559.6363,20925.0233,20139.5485,23492.5222,20694.1928,25598.5236,29830.4455,25012.373,20734.1623,19064.4125,17907.5139,17390.5331,20362.8459,17842.6471,16157.7086,19157.6657
Southern Africa,Farm-gate emissions,Emissions (CO2eq) (AR5),kilotonnes,59171.6137,60076.6028,60240.2787,52173.734,52331.0355,54850.9816,56779.7217,55300.8318,62550.6212,56418.7216,67292.444,78141.7461,68894.3133,60138.0034,56901.2515,53947.8505,56722.1585,61644.1924,53974.8994,50441.7515,56664.3295
Southern Africa,Land Use change,Emissions (CH4),kilotonnes,0.1502,0.008,0.0187,0.1573,0.0267,0.1013,0.2853,0.0053,0.024,0.0107,0.112,0.2693,0.016,0.016,0.1307,0.0373,0.0133,0.096,0,0.16,0.0133
Southern Africa,Land Use change,Emissions (N2O),kilotonnes,0.0044,0.0007,0.0017,0.0144,0.0024,0.0093,0.0261,0.0005,0.0022,0.001,0.0102,0.0246,0.0015,0.0015,0.0119,0.0034,0.0012,0.0088,0,0.0146,0.0012
Southern Africa,Land Use change,Emissions (CO2),kilotonnes,58054.5562,58064.3728,58064.3728,58064.3728,58064.3728,58064.3728,58064.3728,58064.3728,58064.3728,58064.3728,58064.3728,58074.3558,58074.3558,58074.3558,58074.3558,58074.3558,58080.8114,58080.8114,58080.8114,58080.8114,58080.8114
Southern Africa,Land Use change,Emissions (CO2eq) from CH4 (AR5),kilotonnes,4.2057,0.224,0.5226,4.4051,0.7467,2.8373,7.9889,0.1493,0.672,0.2987,3.1359,7.5411,0.448,0.448,3.6586,1.0453,0.3733,2.6879,0,4.4798,0.3733
Southern Africa,Land Use change,Emissions (CO2eq) from N2O (AR5),kilotonnes,1.1708,0.1936,0.4516,3.8066,0.6452,2.4518,6.9035,0.129,0.5807,0.2581,2.7098,6.5165,0.3871,0.3871,3.1615,0.9032,0.3226,2.3227,0,3.8712,0.3226
Southern Africa,Land Use change,Emissions (CO2eq) (AR5),kilotonnes,58059.9327,58064.7904,58065.3471,58072.5845,58065.7647,58069.6619,58079.2652,58064.6512,58065.6255,58064.9296,58070.2186,58088.4133,58075.1909,58075.1909,58081.1759,58076.3043,58081.5074,58085.822,58080.8114,58089.1624,58081.5073
Southern Africa,Emissions on agricultural land,Emissions (CH4),kilotonnes,1159.5953,1170.7472,1154.9525,1006.4122,1007.0002,1078.3989,1102.3608,1071.6662,1207.9544,1089.9915,1297.4529,1469.5521,1273.6877,1095.1196,1017.3328,982.1729,950.6313,1008.6068,940.001,869.837,984.6825
Southern Africa,Emissions on agricultural land,Emissions (N2O),kilotonnes,82.3,83.0836,85.3355,70.2284,70.8178,73.8192,78.9884,75.9988,88.6532,78.0923,96.6084,112.5923,94.3878,78.2436,71.9531,67.5789,65.6259,76.8497,67.3307,60.9871,72.2943
Southern Africa,Emissions on agricultural land,Emissions (CO2),kilotonnes,62953.3893,63343.3146,63353.051,63456.2479,63434.0846,63163.3867,63060.9573,63219.1518,63300.42,63269.4388,63432.7485,65245.7379,66293.4879,66815.2953,67429.5356,66614.8961,70795.1346,71123.8561,67893.0369,68013.8974,68016.7376
Southern Africa,Emissions on agricultural land,Emissions (CO2eq) from CH4 (AR5),kilotonnes,32468.6683,32780.9206,32338.6699,28179.5428,28196.0055,30195.1688,30866.1029,30006.6537,33822.7237,30519.7614,36328.6806,41147.4596,35663.2562,30663.3496,28485.3177,27500.8414,26617.6755,28240.9897,26320.0268,24355.4367,27571.1109
Southern Africa,Emissions on agricultural land,Emissions (CO2eq) from N2O (AR5),kilotonnes,21809.4888,22017.158,22613.9049,18610.5278,18766.71,19562.088,20931.9267,20139.6775,23493.1029,20694.4509,25601.2335,29836.962,25012.7601,20734.5494,19067.574,17908.4172,17390.8557,20365.1685,17842.6471,16161.5798,19157.9883
Southern Africa,Emissions on agricultural land,Emissions (CO2eq) (AR5),kilotonnes,117231.5464,118141.3932,118305.6258,110246.3186,110396.8001,112920.6435,114858.9869,113365.483,120616.2467,114483.6512,125362.6625,136230.1594,126969.5042,118213.1943,114982.4274,112024.1548,114803.6658,119730.0144,112055.7108,108530.9139,114745.8368
Southern Africa,Pre- and post- production,Emissions (CH4),kilotonnes,330.6079,339.1335,347.4842,355.0656,357.534,367.8074,372.2233,378.7541,380.7563,380.659,378.1709,379.788,393.1328,395.9802,392.9327,384.8834,358.9242,359.2998,405.813,404.6471,403.022
Southern Africa,Pre- and post- production,Emissions (N2O),kilotonnes,1.8155,1.8699,1.8776,1.9324,2.0696,2.187,2.2826,2.4051,2.4698,2.5206,2.6529,2.7263,2.8949,3.0108,3.0139,3.0745,3.0268,3.0672,3.4157,3.4859,3.5466
Southern Africa,Pre- and post- production,Emissions (CO2),kilotonnes,22515.7051,25212.3294,24624.8416,27492.6659,30887.9669,36748.5949,38607.6829,41271.4549,45184.9115,43617.4117,46723.4423,43047.9864,48570.2601,48778.0608,49726.8609,49238.9441,44623.6791,42485.1786,60104.1291,60374.7146,56197.0811
Southern Africa,Pre- and post- production,Emissions (CO2eq) from F-gases (AR5),kilotonnes,275.8545,330.9215,378.7155,435.341,498.2005,558.982,614.049,669.116,677.9475,682.623,685.2205,686.779,688.3375,688.857,688.857,688.857,741.3265,755.353,768.86,782.8865,807.1997
Southern Africa,Pre- and post- production,Emissions (CO2eq) from CH4 (AR5),kilotonnes,9257.02,9495.7372,9729.5583,9941.8381,10010.9531,10298.6061,10422.2538,10605.1136,10661.1778,10658.4521,10588.7861,10634.0641,11007.7183,11087.4458,11002.1146,10776.736,10049.8766,10060.3953,11362.7648,11330.1174,11284.6161
Southern Africa,Pre- and post- production,Emissions (CO2eq) from N2O (AR5),kilotonnes,481.1164,495.5226,497.5525,512.0777,548.4447,579.5527,604.8774,637.3458,654.4952,667.9559,703.0305,722.4666,767.1612,797.866,798.6814,814.751,802.1078,812.8197,905.1483,923.7514,939.8529
Southern Africa,Pre- and post- production,Emissions (CO2eq) (AR5),kilotonnes,32529.6961,35534.5108,35230.6679,38381.9227,41945.5652,48185.7357,50248.863,53183.0304,57178.532,55626.4427,58700.4794,55091.2961,61033.4771,61352.2295,62216.5139,61519.2881,56216.9901,54113.7466,73140.9022,73411.47,69228.7498
Southern Africa,Agri-food systems,Emissions (CH4),kilotonnes,1490.2032,1509.8806,1502.4367,1361.4779,1364.5342,1446.2062,1474.5842,1450.4203,1588.7108,1470.6505,1675.6238,1849.3401,1666.8205,1491.0998,1410.2654,1367.0563,1309.5554,1367.9066,1345.814,1274.4841,1387.7045
Southern Africa,Agri-food systems,Emissions (N2O),kilotonnes,84.1155,84.9535,87.213,72.1608,72.8874,76.0062,81.271,78.4039,91.123,80.6129,99.2614,115.3186,97.2827,81.2544,74.967,70.6535,68.6527,79.9169,70.7464,64.4729,75.8409
Southern Africa,Agri-food systems,Emissions (CO2),kilotonnes,85469.0945,88555.644,87977.8926,90948.9138,94322.0514,99911.9816,101668.6402,104490.6067,108485.3316,106886.8505,110156.1908,108293.7243,114863.7481,115593.3561,117156.3965,115853.8402,115418.8137,113609.0347,127997.166,128388.612,124213.8186
Southern Africa,Agri-food systems,Emissions (CO2eq) from F-gases (AR5),kilotonnes,275.8545,330.9215,378.7155,435.341,498.2005,558.982,614.049,669.116,677.9475,682.623,685.2205,686.779,688.3375,688.857,688.857,688.857,741.3265,755.353,768.86,782.8865,807.1997
Southern Africa,Agri-food systems,Emissions (CO2eq) from CH4 (AR5),kilotonnes,41725.6883,42276.6578,42068.2282,38121.381,38206.9586,40493.7749,41288.3566,40611.7674,44483.9015,41178.2135,46917.4666,51781.5237,46670.9745,41750.7953,39487.4324,38277.5774,36667.5522,38301.385,37682.7915,35685.5541,38855.727
Southern Africa,Agri-food systems,Emissions (CO2eq) from N2O (AR5),kilotonnes,22290.6052,22512.6806,23111.4574,19122.6056,19315.1548,20141.6408,21536.8041,20777.0233,24147.5981,21362.4068,26304.264,30559.4285,25779.9213,21532.4154,19866.2554,18723.1682,18192.9636,21177.9882,18747.7954,17085.3312,20097.8413
Southern Africa,Agri-food systems,Emissions (CO2eq) (AR5),kilotonnes,149761.2425,153675.904,153536.2937,148628.2413,152342.3653,161106.3792,165107.8499,166548.5134,177794.7787,170110.0938,184063.1419,191321.4555,188002.9813,179565.4238,177198.9413,173543.4429,171020.6559,173843.761,185196.613,181942.3839,183974.5866
Southern Africa,IPCC Agriculture,Emissions (CH4),kilotonnes,1158.4108,1169.366,1153.6,1004.6088,1005.3685,1077.4049,1101.1058,1070.7438,1206.8505,1089.1036,1295.3987,1462.7498,1263.538,1084.5416,1006.3742,972.5368,944.0403,1001.1947,926.3587,855.47,970.4622
Southern Africa,IPCC Agriculture,Direct emissions (N2O),kilotonnes,45.7604,44.6308,45.0351,43.7447,43.7477,44.2141,43.647,44.2743,45.5361,45.6665,45.7588,45.5642,46.4869,44.9521,44.5978,42.9747,41.9666,44.0298,41.9478,40.9797,41.1841
Southern Africa,IPCC Agriculture,Indirect emissions (N2O),kilotonnes,12.7117,12.4114,12.5435,12.1286,12.1136,12.1074,12.1157,12.2481,12.552,12.5813,12.5635,12.5278,12.7345,12.3314,12.2007,11.7497,11.4529,12.1376,11.5095,11.2479,11.2578
Southern Africa,IPCC Agriculture,Emissions (N2O),kilotonnes,80.9819,81.7106,83.9641,68.8627,69.4931,72.5192,77.709,74.6926,87.3342,76.7881,95.3285,111.1482,92.9722,76.6785,70.1533,65.9586,62.981,74.1792,65.7388,59.4196,70.7402
Southern Africa,IPCC Agriculture,Emissions (CO2eq) from CH4 (AR5),kilotonnes,32435.5023,32742.2475,32300.8011,28129.0469,28150.3171,30167.3374,30830.9615,29980.826,33791.8135,30494.8999,36271.1646,40956.9931,35379.0637,30367.166,28178.4766,27231.0298,26433.1294,28033.4502,25938.0449,23953.1611,27172.9418
Southern Africa,IPCC Agriculture,Emissions (CO2eq) from N2O (AR5),kilotonnes,21460.2109,21653.3141,22250.4919,18248.6026,18415.673,19217.59,20592.8759,19793.5445,23143.558,20348.8557,25262.0406,29454.272,24637.6254,20319.7957,18590.6231,17479.0379,16689.954,19657.4755,17420.7701,15746.2034,18746.1605
Southern Africa,IPCC Agriculture,Emissions (CO2eq) (AR5),kilotonnes,53895.7132,54395.5617,54551.293,46377.6495,46565.9901,49384.9274,51423.8374,49774.3706,56935.3715,50843.7556,61533.2052,70411.2651,60016.6892,50686.9616,46769.0996,44710.0677,43123.0834,47690.9257,43358.815,39699.3645,45919.1024
Southern Africa,Agricultural Soils,Direct emissions (N2O),kilotonnes,45.7604,44.6308,45.0351,43.7447,43.7477,44.2141,43.647,44.2743,45.5361,45.6665,45.7588,45.5642,46.4869,44.9521,44.5978,42.9747,41.9666,44.0298,41.9478,40.9797,41.1841
Southern Africa,Agricultural Soils,Indirect emissions (N2O),kilotonnes,12.7117,12.4114,12.5435,12.1286,12.1136,12.1074,12.1157,12.2481,12.552,12.5813,12.5635,12.5278,12.7345,12.3314,12.2007,11.7497,11.4529,12.1376,11.5095,11.2479,11.2578
Southern Africa,Agricultural Soils,Emissions (N2O),kilotonnes,58.7249,57.2957,57.8361,56.1383,56.1314,56.5926,56.0326,56.7931,58.359,58.519,58.5935,58.3627,59.492,57.5539,57.068,54.9938,53.6902,56.4387,53.7287,52.4999,52.7147
Southern Africa,Agricultural Soils,Emissions (CO2eq) from N2O (AR5),kilotonnes,15562.0943,15183.3586,15326.5778,14876.6433,14874.8331,14997.0406,14848.652,15050.1587,15465.1441,15507.546,15527.2655,15466.1284,15765.3903,15251.7748,15123.0193,14573.363,14227.8997,14956.2653,14238.1046,13912.4804,13969.3924
Southern Africa,Agricultural Soils,Emissions (CO2eq) (AR5),kilotonnes,15562.0943,15183.3586,15326.5778,14876.6433,14874.8331,14997.0406,14848.652,15050.1587,15465.1441,15507.546,15527.2655,15466.1284,15765.3903,15251.7748,15123.0193,14573.363,14227.8997,14956.2653,14238.1046,13912.4804,13969.3924
Southern Africa,LULUCF,Emissions (CH4),kilotonnes,22.0275,1.4092,2.1186,5.5582,2.1387,6.8878,1.724,10.133,6.0206,2.3987,3.5753,2.7781,3.1682,2.8342,3.9321,2.0894,3.0084,4.2087,9.8851,4.8208,3.7676
Southern Africa,LULUCF,Emissions (N2O),kilotonnes,0.8987,0.1287,0.1934,0.5075,0.1953,0.6289,0.1574,0.9252,0.5497,0.219,0.3264,0.2537,0.2893,0.2588,0.359,0.1908,0.2747,0.3843,0.9026,0.4402,0.344
Southern Africa,LULUCF,Emissions (CO2),kilotonnes,57931.6554,57960.7406,57982.3502,58017.9706,58048.4398,58053.3315,58045.6982,58050.308,58051.6328,58053.7477,58054.1323,57940.4733,57940.4733,57937.5468,57931.1968,57931.1306,58211.2148,58215.2984,58215.4666,58244.2675,58247.1077
Southern Africa,LULUCF,Emissions (CO2eq) from CH4 (AR5),kilotonnes,616.7695,39.4562,59.3209,155.6286,59.884,192.8596,48.2706,283.7242,168.5774,67.1646,100.1079,77.7872,88.7106,79.357,110.0994,58.5029,84.2362,117.8436,276.7841,134.9827,105.4931
Southern Africa,LULUCF,Emissions (CO2eq) from N2O (AR5),kilotonnes,238.1587,34.0953,51.261,134.4834,51.7475,166.6559,41.7121,245.1747,145.6729,58.039,86.5063,67.2183,76.6575,68.5748,95.1402,50.5541,72.7911,101.8323,239.1776,116.6426,91.1598
Southern Africa,LULUCF,Emissions (CO2eq) (AR5),kilotonnes,58786.5836,58034.2922,58092.9321,58308.0827,58160.0713,58412.847,58135.6809,58579.2068,58365.8831,58178.9513,58240.7465,58085.4788,58105.8414,58085.4785,58136.4364,58040.1876,58368.2421,58434.9742,58731.4283,58495.8928,58443.7605
Southern Africa,AFOLU,Emissions (CH4),kilotonnes,1180.4383,1170.7751,1155.7186,1010.167,1007.5072,1084.2928,1102.8297,1080.8768,1212.8711,1091.5023,1298.974,1465.5279,1266.7062,1087.3758,1010.3063,974.6262,947.0488,1005.4034,936.2439,860.2908,974.2298
Southern Africa,AFOLU,Emissions (N2O),kilotonnes,81.8806,81.8393,84.1576,69.3701,69.6884,73.1481,77.8664,75.6178,87.8839,77.0071,95.6549,111.4019,93.2614,76.9372,70.5123,66.1494,63.2556,74.5634,66.6413,59.8598,71.0842
Southern Africa,AFOLU,Emissions (CO2),kilotonnes,57931.6554,57960.7406,57982.3502,58017.9706,58048.4398,58053.3315,58045.6982,58050.308,58051.6328,58053.7477,58054.1323,57940.4733,57940.4733,57937.5468,57931.1968,57931.1306,58211.2148,58215.2984,58215.4666,58244.2675,58247.1077
Southern Africa,AFOLU,Emissions (CO2eq) from CH4 (AR5),kilotonnes,33052.2718,32781.7038,32360.122,28284.6755,28210.2011,30360.1971,30879.2322,30264.5502,33960.3909,30562.0645,36371.2725,41034.7803,35467.7743,30446.5229,28288.5759,27289.5327,26517.3656,28151.2938,26214.829,24088.1438,27278.4349
Southern Africa,AFOLU,Emissions (CO2eq) from N2O (AR5),kilotonnes,21698.3696,21687.4095,22301.7529,18383.086,18467.4206,19384.2459,20634.588,20038.7192,23289.2309,20406.8947,25348.5469,29521.4903,24714.283,20388.3704,18685.7633,17529.592,16762.7451,19759.3077,17659.9476,15862.846,18837.3203
Southern Africa,AFOLU,Emissions (CO2eq) (AR5),kilotonnes,112682.2968,112429.8539,112644.2252,104685.7321,104726.0614,107797.7745,109559.5183,108353.5774,115301.2546,109022.7068,119773.9517,128496.7439,118122.5306,108772.4401,104905.5361,102750.2553,101491.3255,106125.8999,102090.2432,98195.2573,104362.8629
Southern Africa,All sectors with LULUCF,Emissions (CH4),kilotonnes,3365.8383,3367.3751,3347.6286,3299.137,3347.3672,3451.7028,3496.9997,3494.2868,3679.0711,3539.8823,3757.924,3936.6779,3804.8662,3645.9058,3615.7963,3557.4462,3547.7188,3619.5434,3566.9339,3528.5208,3667.7198
Southern Africa,All sectors with LULUCF,Emissions (N2O),kilotonnes,105.8301,107.9307,111.8243,97.801,99.1492,102.3307,104.2349,102.2905,111.3768,99.4261,119.4521,134.8557,117.3832,101.7637,95.8309,90.6219,87.7368,99.0363,91.0905,84.9683,96.3699
Southern Africa,All sectors with LULUCF,Emissions (CO2),kilotonnes,533881.3754,501483.5106,489579.3502,537548.4806,587196.3598,565193.4615,598190.9982,618595.148,647572.5928,646383.1877,596917.9623,598826.9533,587095.9333,584067.1168,612418.7468,580321.2006,588523.5548,595114.6384,576726.9366,591149.4575,551616.1077
Southern Africa,All sectors with LULUCF,Emissions (CO2eq) from F-gases (AR5),kilotonnes,1179.8072,1213.3328,1295.1545,1582.4052,1775.2984,1911.4413,2059.148,2129.1143,2131.0578,2218.5157,2324.437,2446.878,2545.0253,2647.0595,2751.0372,2862.789,2967.7385,3066.8575,3168.8917,3281.6152,3383.6495
Southern Africa,All sectors with LULUCF,Emissions (CO2eq) from CH4 (AR5),kilotonnes,94243.4718,94286.5038,93733.602,92375.8355,93726.2811,96647.6771,97915.9922,97840.0302,103013.9909,99116.7045,105221.8725,110226.9803,106536.2543,102085.3629,101242.2959,99608.4927,99336.1256,101347.2138,99874.149,98798.5838,102696.1549
Southern Africa,All sectors with LULUCF,Emissions (CO2eq) from N2O (AR5),kilotonnes,28044.9871,28601.6305,29633.4284,25917.2745,26274.5326,27117.6349,27622.2405,27106.9847,29514.8494,26347.9297,31654.8049,35736.7473,31106.56,26967.3929,25395.1923,24014.8045,23250.2631,26244.6262,24138.9856,22516.5985,25538.0308
Southern Africa,All sectors with LULUCF,Emissions (CO2eq) (AR5),kilotonnes,657349.6415,625584.9777,614241.5352,657423.9958,708972.4719,690870.2148,725788.3788,745671.2772,782232.4909,774066.3375,736119.0766,747237.5589,727283.7728,715766.9321,741807.2723,706807.2868,714077.682,725773.3359,703908.9629,715746.255,683233.9428
Southern Africa,All sectors without LULUCF,Emissions (CH4),kilotonnes,3343.8108,3365.966,3345.51,3293.5788,3345.2285,3444.8149,3495.2758,3484.1538,3673.0505,3537.4836,3754.3487,3933.8998,3801.698,3643.0716,3611.8642,3555.3568,3544.7103,3615.3347,3557.0487,3523.7,3663.9522
Southern Africa,All sectors without LULUCF,Emissions (N2O),kilotonnes,104.9314,107.802,111.6308,97.2936,98.9539,101.7018,104.0775,101.3653,110.8271,99.2071,119.1257,134.602,117.094,101.505,95.4719,90.4311,87.4622,98.6521,90.188,84.5281,96.0259
Southern Africa,All sectors without LULUCF,Emissions (CO2),kilotonnes,475949.72,443522.77,431597,479530.51,529147.92,507140.13,540145.3,560544.84,589520.96,588329.44,538863.83,540886.48,529155.46,526129.57,554487.55,522390.07,530312.34,536899.34,518511.47,532905.19,493369
Southern Africa,All sectors without LULUCF,Emissions (CO2eq) from F-gases (AR5),kilotonnes,1179.8072,1213.3328,1295.1545,1582.4052,1775.2984,1911.4413,2059.148,2129.1143,2131.0578,2218.5157,2324.437,2446.878,2545.0253,2647.0595,2751.0372,2862.789,2967.7385,3066.8575,3168.8917,3281.6152,3383.6495
Southern Africa,All sectors without LULUCF,Emissions (CO2eq) from CH4 (AR5),kilotonnes,93626.7023,94247.0475,93674.2811,92220.2069,93666.3971,96454.8174,97867.7215,97556.306,102845.4135,99049.5399,105121.7646,110149.1931,106447.5437,102006.006,101132.1966,99549.9898,99251.8894,101229.3702,99597.3649,98663.6011,102590.6618
Southern Africa,All sectors without LULUCF,Emissions (CO2eq) from N2O (AR5),kilotonnes,27806.8284,28567.5351,29582.1674,25782.7911,26222.785,26950.979,27580.5284,26861.81,29369.1765,26289.8907,31568.2986,35669.529,31029.9024,26898.8182,25300.0521,23964.2504,23177.472,26142.794,23899.8081,22399.9559,25446.871
Southern Africa,All sectors without LULUCF,Emissions (CO2eq) (AR5),kilotonnes,598563.058,567550.6854,556148.603,599115.9131,650812.4006,632457.3677,667652.6979,687092.0704,723866.6078,715887.3863,677878.3301,689152.0801,669177.9314,657681.4536,683670.8359,648767.0992,655709.4399,667338.3617,645177.5347,657250.3622,624790.1823
Western Africa,Crop Residues,Direct emissions (N2O),kilotonnes,8.9633,9.1682,9.5616,10.1329,10.0051,11.0055,11.6823,11.2765,12.6466,10.6204,12.2126,11.0773,12.455,12.3982,13.1252,13.7067,15.0702,15.3733,16.3601,16.2447,16.2804
Western Africa,Crop Residues,Indirect emissions (N2O),kilotonnes,2.0167,2.0629,2.1514,2.2799,2.2512,2.4762,2.6285,2.5372,2.8455,2.3896,2.7478,2.4924,2.8024,2.7896,2.9532,3.084,3.3908,3.459,3.681,3.6551,3.6631
Western Africa,Crop Residues,Emissions (N2O),kilotonnes,10.98,11.2311,11.713,12.4128,12.2563,13.4818,14.3109,13.8138,15.492,13.01,14.9604,13.5696,15.2574,15.1878,16.0783,16.7907,18.461,18.8322,20.0411,19.8998,19.9435
Western Africa,Crop Residues,Emissions (CO2eq) from N2O (AR5),kilotonnes,2909.6984,2976.2404,3103.948,3289.404,3247.9102,3572.6724,3792.3773,3660.6459,4105.3885,3447.6515,3964.5136,3595.9529,4043.2198,4024.7617,4260.7547,4449.5351,4892.1703,4990.5432,5310.8896,5273.4435,5285.0188
Western Africa,Crop Residues,Emissions (CO2eq) (AR5),kilotonnes,2909.6984,2976.2404,3103.948,3289.404,3247.9102,3572.6724,3792.3773,3660.6459,4105.3885,3447.6515,3964.5136,3595.9529,4043.2198,4024.7617,4260.7547,4449.5351,4892.1703,4990.5432,5310.8896,5273.4435,5285.0188
Western Africa,Rice Cultivation,Emissions (CH4),kilotonnes,404.2692,408.2345,413.9318,426.0007,445.8241,481.7329,513.8808,463.8738,486.745,456.9863,619.4307,599.2297,696.5782,719.8901,753.3211,766.4004,982.76,1073.2995,1146.8955,1063.6636,1062.8243
Western Africa,Rice Cultivation,Emissions (CO2eq) from CH4 (AR5),kilotonnes,11319.5366,11430.5648,11590.091,11928.0208,12483.0754,13488.5224,14388.6614,12988.4659,13628.8592,12795.6151,17344.0585,16778.4305,19504.1909,20156.924,21092.99,21459.21,27517.2794,30052.3847,32113.0737,29782.5814,29759.0815
Western Africa,Rice Cultivation,Emissions (CO2eq) (AR5),kilotonnes,11319.5366,11430.5648,11590.091,11928.0208,12483.0754,13488.5224,14388.6614,12988.4659,13628.8592,12795.6151,17344.0585,16778.4305,19504.1909,20156.924,21092.99,21459.21,27517.2794,30052.3847,32113.0737,29782.5814,29759.0815
Western Africa,Burning - Crop residues,Emissions (CH4),kilotonnes,22.8563,23.9446,25.1471,25.8366,26.0065,27.7584,29.4221,28.6389,30.1876,28.6255,33.9137,37.8586,41.156,42.2783,44.2738,46.2073,51.5207,51.9525,55.1062,58.5598,57.1211
Western Africa,Burning - Crop residues,Emissions (N2O),kilotonnes,0.5926,0.6208,0.652,0.6698,0.6742,0.7197,0.7628,0.7425,0.7826,0.7421,0.8792,0.9815,1.067,1.0961,1.1478,1.198,1.3357,1.3469,1.4287,1.5182,1.4809
Western Africa,Burning - Crop residues,Emissions (CO2eq) from CH4 (AR5),kilotonnes,639.9771,670.4482,704.1185,723.4235,728.182,777.235,823.8188,801.888,845.2519,801.5135,949.5845,1060.0398,1152.3682,1183.7921,1239.6668,1293.8057,1442.5791,1454.6708,1542.9725,1639.6739,1599.3914
Western Africa,Burning - Crop residues,Emissions (CO2eq) from N2O (AR5),kilotonnes,157.0314,164.5081,172.7698,177.5067,178.6743,190.7104,202.1407,196.7595,207.3998,196.6677,232.9999,260.1024,282.757,290.4675,304.1775,317.4616,353.9662,356.9331,378.5997,402.3274,392.4433
Western Africa,Burning - Crop residues,Emissions (CO2eq) (AR5),kilotonnes,797.0085,834.9563,876.8883,900.9302,906.8563,967.9454,1025.9595,998.6475,1052.6516,998.1811,1182.5845,1320.1422,1435.1252,1474.2597,1543.8443,1611.2673,1796.5453,1811.6039,1921.5722,2042.0013,1991.8346
Western Africa,Enteric Fermentation,Emissions (CH4),kilotonnes,2483.9753,2564.9211,2646.9151,2793.0868,2879.8043,2962.5243,3030.1831,3112.4286,3182.7936,3292.4468,3349.518,3575.1097,3687.6494,3782.1984,3888.1846,3993.4736,4119.6716,4258.0373,4379.7282,4513.6177,4631.906
Western Africa,Enteric Fermentation,Emissions (CO2eq) from CH4 (AR5),kilotonnes,69551.3098,71817.7897,74113.6229,78206.4298,80634.5204,82950.6812,84845.126,87148.0022,89118.2211,92188.5107,93786.503,100103.0727,103254.1828,105901.5541,108869.1697,111817.2602,115350.8037,119225.0431,122632.3888,126381.295,129693.3687
Western Africa,Enteric Fermentation,Emissions (CO2eq) (AR5),kilotonnes,69551.3098,71817.7897,74113.6229,78206.4298,80634.5204,82950.6812,84845.126,87148.0022,89118.2211,92188.5107,93786.503,100103.0727,103254.1828,105901.5541,108869.1697,111817.2602,115350.8037,119225.0431,122632.3888,126381.295,129693.3687
Western Africa,Manure Management,Emissions (CH4),kilotonnes,111.3849,115.6982,120.1585,125.4034,129.2,132.7431,136.0029,139.9076,143.2255,148.066,152.204,158.7071,163.3583,167.8385,172.5722,177.6718,183.6508,190.4592,195.7785,201.1965,205.8698
Western Africa,Manure Management,Emissions (N2O),kilotonnes,5.1836,5.3727,5.8958,5.8743,6.0585,6.1689,6.4657,6.7049,6.9278,7.2058,7.4455,7.0873,7.3337,7.591,7.8252,8.1746,8.4635,8.8252,8.9774,9.1318,9.1884
Western Africa,Manure Management,Emissions (CO2eq) from CH4 (AR5),kilotonnes,3118.7776,3239.5503,3364.4393,3511.2945,3617.6009,3716.8068,3808.0817,3917.4121,4010.3154,4145.8492,4261.7113,4443.7982,4574.0314,4699.4778,4832.0211,4974.8101,5142.2224,5332.8578,5481.798,5633.5021,5764.3531
Western Africa,Manure Management,Emissions (CO2eq) from N2O (AR5),kilotonnes,1373.6513,1423.7633,1562.3756,1556.7021,1605.4936,1634.7603,1713.3976,1776.7882,1835.8785,1909.5333,1973.0669,1878.1285,1943.4425,2011.6038,2073.6695,2166.2723,2242.8368,2338.6776,2378.9978,2419.9307,2434.9157
Western Africa,Manure Management,Emissions (CO2eq) (AR5),kilotonnes,4492.429,4663.3136,4926.8148,5067.9967,5223.0946,5351.5671,5521.4793,5694.2003,5846.1939,6055.3824,6234.7782,6321.9267,6517.4739,6711.0816,6905.6906,7141.0824,7385.0593,7671.5355,7860.7958,8053.4328,8199.2689
Western Africa,Manure left on Pasture,Direct emissions (N2O),kilotonnes,97.0585,100.4525,103.5137,109.2063,112.521,115.7323,118.8479,122.2081,125.1943,129.6781,132.4205,141.2764,145.8077,149.6203,153.8426,158.2528,163.5995,169.2275,174.35,179.7297,184.595
Western Africa,Manure left on Pasture,Indirect emissions (N2O),kilotonnes,28.6005,29.7263,30.6198,32.0893,33.0708,34.0224,34.8731,35.9052,36.7423,38.0318,38.9321,41.6798,43.0365,44.2246,45.4073,46.7124,48.3942,50.1443,51.7086,53.3511,54.7493
Western Africa,Manure left on Pasture,Emissions (N2O),kilotonnes,125.6591,130.1788,134.1334,141.2956,145.5918,149.7547,153.7209,158.1133,161.9366,167.7099,171.3526,182.9562,188.8441,193.8449,199.2498,204.9652,211.9937,219.3717,226.0586,233.0807,239.3443
Western Africa,Manure left on Pasture,Emissions (CO2eq) from N2O (AR5),kilotonnes,33299.6582,34497.3698,35545.3642,37443.334,38581.8395,39684.9841,40736.0505,41900.0147,42913.2022,44443.1266,45408.4374,48483.3947,50043.6955,51368.8973,52801.206,54315.775,56178.338,58133.5093,59905.5247,61766.3938,63426.2283
Western Africa,Manure left on Pasture,Emissions (CO2eq) (AR5),kilotonnes,33299.6582,34497.3698,35545.3642,37443.334,38581.8395,39684.9841,40736.0505,41900.0147,42913.2022,44443.1266,45408.4374,48483.3947,50043.6955,51368.8973,52801.206,54315.775,56178.338,58133.5093,59905.5247,61766.3938,63426.2283
Western Africa,Manure applied to Soils,Direct emissions (N2O),kilotonnes,4.0259,4.1924,4.5081,4.5857,4.7441,4.8625,5.0606,5.2599,5.4106,5.6527,5.7783,5.7003,5.9264,6.0553,6.2433,6.4698,6.7231,6.9919,7.1507,7.2987,7.3831
Western Africa,Manure applied to Soils,Indirect emissions (N2O),kilotonnes,1.711,1.7818,1.9159,1.9489,2.0163,2.0666,2.1508,2.2355,2.2995,2.4024,2.4558,2.4226,2.5187,2.5735,2.6534,2.7496,2.8573,2.9716,3.039,3.1019,3.1378
Western Africa,Manure applied to Soils,Emissions (N2O),kilotonnes,5.7369,5.9741,6.424,6.5346,6.7604,6.929,7.2114,7.4954,7.7101,8.0551,8.234,8.1229,8.4451,8.6289,8.8967,9.2194,9.5804,9.9634,10.1897,10.4006,10.521
Western Africa,Manure applied to Soils,Emissions (CO2eq) from N2O (AR5),kilotonnes,1520.2809,1583.1428,1702.3592,1731.6626,1791.5037,1836.1953,1911.0164,1986.2755,2043.1796,2134.6066,2182.0198,2152.5677,2237.9418,2286.6501,2357.6276,2443.1423,2538.8146,2640.3121,2700.2754,2756.1686,2788.062
Western Africa,Manure applied to Soils,Emissions (CO2eq) (AR5),kilotonnes,1520.2809,1583.1428,1702.3592,1731.6626,1791.5037,1836.1953,1911.0164,1986.2755,2043.1796,2134.6066,2182.0198,2152.5677,2237.9418,2286.6501,2357.6276,2443.1423,2538.8146,2640.3121,2700.2754,2756.1686,2788.062
Western Africa,Synthetic Fertilizers,Direct emissions (N2O),kilotonnes,3.4383,3.9453,4.2645,4.6281,4.2024,5.4374,5.6517,3.0114,4.1496,4.1975,7.5603,4.8523,6.7252,8.1575,8.1198,7.0379,9.9997,12.5804,12.8655,13.2075,14.8375
Western Africa,Synthetic Fertilizers,Indirect emissions (N2O),kilotonnes,1.1175,1.2822,1.386,1.5041,1.3658,1.7672,1.8368,0.9787,1.3486,1.3642,2.4571,1.577,2.1857,2.6512,2.6389,2.2873,3.2499,4.0886,4.1813,4.2924,4.8222
Western Africa,Synthetic Fertilizers,Emissions (N2O),kilotonnes,4.5558,5.2276,5.6505,6.1322,5.5682,7.2046,7.4884,3.9901,5.4982,5.5617,10.0174,6.4293,8.911,10.8087,10.7588,9.3252,13.2496,16.6691,17.0468,17.4999,19.6596
Western Africa,Synthetic Fertilizers,Emissions (CO2eq) from N2O (AR5),kilotonnes,1207.2846,1385.3015,1497.3719,1625.027,1475.5713,1909.2077,1984.4369,1057.3818,1457.0197,1473.8564,2654.5996,1703.7654,2361.4033,2864.311,2851.0738,2471.1761,3511.1465,4417.3003,4517.3911,4637.4671,5209.8041
Western Africa,Synthetic Fertilizers,Emissions (CO2eq) (AR5),kilotonnes,1207.2846,1385.3015,1497.3719,1625.027,1475.5713,1909.2077,1984.4369,1057.3818,1457.0197,1473.8564,2654.5996,1703.7654,2361.4033,2864.311,2851.0738,2471.1761,3511.1465,4417.3003,4517.3911,4637.4671,5209.8041
Western Africa,Drained organic soils,Emissions (CO2eq) (AR5),kilotonnes,3296.0573,3334.6812,3329.0853,3326.2074,3322.1604,3321.5644,3318.0312,3317.2857,3314.7109,3317.6098,3331.3988,3334.0787,3331.6961,3332.4068,3342.2657,3342.6468,3347.8335,3347.7855,3353.2753,3367.801,3361.3341
Western Africa,Drained organic soils (CO2),Emissions (CO2),kilotonnes,3164.9944,3202.1808,3196.8497,3194.1258,3190.2758,3189.7066,3186.3126,3185.6178,3183.1599,3185.9654,3199.1939,3201.7556,3199.4665,3200.1606,3209.6257,3209.9893,3214.977,3214.9196,3220.1805,3234.0669,3227.8561
Western Africa,Drained organic soils (CO2),Emissions (CO2eq) (AR5),kilotonnes,3164.9944,3202.1808,3196.8497,3194.1258,3190.2758,3189.7066,3186.3126,3185.6178,3183.1599,3185.9654,3199.1939,3201.7556,3199.4665,3200.1606,3209.6257,3209.9893,3214.977,3214.9196,3220.1805,3234.0669,3227.8561
Western Africa,Drained organic soils (N2O),Emissions (N2O),kilotonnes,0.4946,0.5,0.499,0.4984,0.4977,0.4976,0.4971,0.4969,0.4964,0.4968,0.4989,0.4993,0.499,0.499,0.5005,0.5006,0.5013,0.5014,0.5022,0.5047,0.5037
Western Africa,Drained organic soils (N2O),Emissions (CO2eq) from N2O (AR5),kilotonnes,131.0629,132.5003,132.2356,132.0816,131.8846,131.8578,131.7186,131.6679,131.551,131.6444,132.2049,132.3231,132.2295,132.2462,132.6399,132.6574,132.8566,132.8659,133.0948,133.734,133.478
Western Africa,Drained organic soils (N2O),Emissions (CO2eq) (AR5),kilotonnes,131.0629,132.5003,132.2356,132.0816,131.8846,131.8578,131.7186,131.6679,131.551,131.6444,132.2049,132.3231,132.2295,132.2462,132.6399,132.6574,132.8566,132.8659,133.0948,133.734,133.478
Western Africa,On-farm energy use,Emissions (CH4),kilotonnes,2.251,2.5852,2.7847,2.6967,2.7348,3.0111,2.8456,2.9813,3.2034,3.4068,3.9478,4.619,5.0041,5.4223,6.3378,6.1123,6.6738,6.8815,7.5878,7.8379,7.8379
Western Africa,On-farm energy use,Emissions (N2O),kilotonnes,0.4452,0.4501,0.4623,0.3248,0.3542,0.3615,0.3215,0.3567,0.3128,0.3525,0.409,0.4046,0.448,0.4735,0.4973,0.5553,0.5613,0.6406,0.5489,0.5592,0.5592
Western Africa,On-farm energy use,Emissions (CO2),kilotonnes,2966.008,3239.0318,3378.9453,2961.9596,3141.5435,3245.8198,2990.403,3116.0926,3393.1174,3564.9327,3994.9283,4526.838,5114.0917,5554.9611,6232.9619,6338.0154,6770.0205,7273.9243,7455.9346,7700.7037,7700.7037
Western Africa,On-farm energy use,Emissions (CO2eq) from CH4 (AR5),kilotonnes,63.0277,72.3852,77.9704,75.5087,76.5756,84.3117,79.6766,83.4751,89.6964,95.3909,110.5397,129.3329,140.1161,151.8249,177.4591,171.145,186.865,192.681,212.4596,219.4601,219.4601
Western Africa,On-farm energy use,Emissions (CO2eq) from N2O (AR5),kilotonnes,117.9702,119.2666,122.5088,86.0705,93.8683,95.8035,85.1843,94.5228,82.886,93.3995,108.3725,107.2311,118.7131,125.4862,131.7899,147.1627,148.7563,169.7514,145.447,148.1785,148.1785
Western Africa,On-farm energy use,Emissions (CO2eq) (AR5),kilotonnes,3147.006,3430.6835,3579.4245,3123.5388,3311.9873,3425.935,3155.2639,3294.0905,3565.6998,3753.7232,4213.8405,4763.402,5372.9209,5832.2723,6542.2108,6656.3232,7105.6418,7636.3567,7813.8412,8068.3424,8068.3424
Western Africa,Forestland,Emissions (CO2),kilotonnes,-11186.1868,25974.955,25974.955,25974.955,25974.955,25974.955,25974.955,25974.955,25974.955,25974.955,25974.955,23154.9471,23154.9471,23154.9471,23154.9471,23154.9471,-10046.1547,-10046.1547,-10046.1547,-10046.1547,-10046.1547
Western Africa,Forestland,Emissions (CO2eq) (AR5),kilotonnes,-11186.1868,25974.955,25974.955,25974.955,25974.955,25974.955,25974.955,25974.955,25974.955,25974.955,25974.955,23154.9471,23154.9471,23154.9471,23154.9471,23154.9471,-10046.1547,-10046.1547,-10046.1547,-10046.1547,-10046.1547
Western Africa,Net Forest conversion,Emissions (CO2),kilotonnes,193504.5525,154247.1094,154247.1094,154247.1094,154247.1094,154247.1094,154247.1094,154247.1094,154247.1094,154247.1094,154247.1094,128186.868,128186.868,128186.868,128186.868,128186.868,124624.2782,124624.2782,124624.2782,124624.2782,124624.2782
Western Africa,Net Forest conversion,Emissions (CO2eq) (AR5),kilotonnes,193504.5525,154247.1094,154247.1094,154247.1094,154247.1094,154247.1094,154247.1094,154247.1094,154247.1094,154247.1094,154247.1094,128186.868,128186.868,128186.868,128186.868,128186.868,124624.2782,124624.2782,124624.2782,124624.2782,124624.2782
Western Africa,Savanna fires,Emissions (CH4),kilotonnes,596.4736,481.7203,479.2393,481.0339,458.7482,594.6151,527.9504,493.6462,453.2733,403.336,415.7554,435.9374,388.4653,412.0669,358.8437,346.8164,464.7238,369.7596,300.6208,320.0284,380.2729
Western Africa,Savanna fires,Emissions (N2O),kilotonnes,54.4606,43.9832,43.7566,43.9205,41.8857,54.2909,48.2042,45.072,41.3858,36.8263,37.9603,39.803,35.4686,37.6235,32.764,31.6658,42.4313,33.7607,27.448,29.22,34.7206
Western Africa,Savanna fires,Emissions (CO2eq) from CH4 (AR5),kilotonnes,16701.2601,13488.1684,13418.7006,13468.9479,12844.9498,16649.222,14782.6119,13822.0923,12691.6521,11293.4076,11641.1522,12206.2483,10877.0289,11537.8731,10047.6222,9710.8579,13012.2656,10353.2677,8417.3813,8960.7948,10647.6409
Western Africa,Savanna fires,Emissions (CO2eq) from N2O (AR5),kilotonnes,14432.068,11655.5368,11595.5076,11638.9278,11099.712,14387.0994,12774.1049,11944.0906,10967.2429,9758.9772,10059.4739,10547.7906,9399.1717,9970.2273,8682.4562,8391.4479,11244.2948,8946.5737,7273.7153,7743.2955,9200.9506
Western Africa,Savanna fires,Emissions (CO2eq) (AR5),kilotonnes,31133.3281,25143.7052,25014.2082,25107.8757,23944.6618,31036.3214,27556.7168,25766.1829,23658.895,21052.3848,21700.626,22754.0389,20276.2007,21508.1004,18730.0784,18102.3058,24256.5604,19299.8413,15691.0966,16704.0903,19848.5914
Western Africa,Fires in organic soils,Emissions (CH4),kilotonnes,0,0,0,0,0,0,0,0,0,0,0,0,0,0,0,0,0,0,0,0,0
Western Africa,Fires in organic soils,Emissions (CO2),kilotonnes,0,0,0,0,0,0,0,0,0,0,0,0,0,0,0,0,0,0,0,0,0
Western Africa,Fires in organic soils,Emissions (CO2eq) from CH4 (AR5),kilotonnes,0,0,0,0,0,0,0,0,0,0,0,0,0,0,0,0,0,0,0,0,0
Western Africa,Fires in organic soils,Emissions (CO2eq) (AR5),kilotonnes,0,0,0,0,0,0,0,0,0,0,0,0,0,0,0,0,0,0,0,0,0
Western Africa,Forest fires,Emissions (CH4),kilotonnes,622.2426,19.932,20.5583,29.2452,25.0683,42.4178,39.9247,33.5502,27.1657,34.5131,20.3584,18.668,25.6461,20.7788,27.3403,48.9278,24.1039,16.7218,10.8989,23.9348,37.7023
Western Africa,Forest fires,Emissions (N2O),kilotonnes,18.3013,1.8199,1.8771,2.6702,2.2888,3.8729,3.6453,3.0633,2.4803,3.1512,1.8588,1.7045,2.3416,1.8972,2.4963,4.4673,2.2008,1.5268,0.9951,2.1853,3.4424
Western Africa,Forest fires,Emissions (CO2eq) from CH4 (AR5),kilotonnes,17422.7925,558.0959,575.6336,818.8665,701.9131,1187.6993,1117.893,939.4059,760.6399,966.3661,570.0355,522.7042,718.0914,581.8074,765.528,1369.9787,674.9081,468.2101,305.1678,670.1731,1055.665
Western Africa,Forest fires,Emissions (CO2eq) from N2O (AR5),kilotonnes,4849.832,482.2677,497.4225,707.6075,606.5445,1026.3271,966.0053,811.7692,657.2921,835.0664,492.585,451.6846,620.5246,502.7574,661.516,1183.8403,583.2086,404.5946,263.7048,579.117,912.2322
Western Africa,Forest fires,Emissions (CO2eq) (AR5),kilotonnes,22272.6246,1040.3636,1073.0561,1526.474,1308.4576,2214.0264,2083.8983,1751.1751,1417.932,1801.4325,1062.6205,974.3888,1338.616,1084.5648,1427.044,2553.819,1258.1166,872.8047,568.8726,1249.2901,1967.8972
Western Africa,Fires in humid tropical forests,Emissions (CH4),kilotonnes,371.5574,19.9023,20.4964,29.218,25.0113,42.2345,39.7538,33.3941,27.1236,34.4685,20.2766,18.611,25.0316,20.7342,27.2164,48.7048,24.0469,16.6598,10.8617,23.8654,37.5536
Western Africa,Fires in humid tropical forests,Emissions (N2O),kilotonnes,10.9282,1.8172,1.8714,2.6677,2.2836,3.8562,3.6297,3.049,2.4765,3.1471,1.8513,1.6993,2.2855,1.8931,2.485,4.447,2.1956,1.5211,0.9917,2.179,3.4288
Western Africa,Fires in humid tropical forests,Emissions (CO2eq) from CH4 (AR5),kilotonnes,10403.6079,557.2633,573.899,818.1033,700.3173,1182.565,1113.1056,935.0349,759.4604,965.1172,567.7458,521.1082,700.8855,580.5583,762.0591,1363.7345,673.3122,466.4755,304.1268,668.2303,1051.5017
Western Africa,Fires in humid tropical forests,Emissions (CO2eq) from N2O (AR5),kilotonnes,2895.9624,481.5482,495.9236,706.9479,605.1655,1021.8904,961.8684,807.9921,656.2728,833.9871,490.6064,450.3055,605.6565,501.6781,658.5185,1178.4445,581.8296,403.0956,262.8052,577.4381,908.6346
Western Africa,Fires in humid tropical forests,Emissions (CO2eq) (AR5),kilotonnes,13299.5703,1038.8115,1069.8226,1525.0512,1305.4828,2204.4554,2074.974,1743.0271,1415.7332,1799.1043,1058.3522,971.4137,1306.5419,1082.2365,1420.5776,2542.1789,1255.1418,869.5711,566.9321,1245.6684,1960.1364
Western Africa,Waste - agri-food systems,Emissions (CH4),kilotonnes,1547.4784,1566.4043,1584.7369,1598.1556,1616.0183,1634.5647,1654.6669,1675.0743,1695.8557,1713.1932,1731.4095,1749.722,1767.7939,1786.6337,1800.5741,1815.0696,1828.9476,1842.2572,1856.5803,1871.2268,1885.3596
Western Africa,Waste - agri-food systems,Emissions (N2O),kilotonnes,4.7721,4.8983,5.0869,5.2521,5.4961,5.7397,5.9964,6.2494,6.4961,6.7407,6.9448,7.1625,7.3488,7.6128,7.5446,7.6066,7.8504,7.9721,8.1937,8.4135,8.6372
Western Africa,Waste - agri-food systems,Emissions (CO2),kilotonnes,0,0,0,0,0,0,0,0,0,0,0,0,0,0,0,0,0,0,0,0,0
Western Africa,Waste - agri-food systems,Emissions (CO2eq) from CH4 (AR5),kilotonnes,43329.3956,43859.3202,44372.6323,44748.358,45248.5137,45767.8116,46330.6719,46902.0791,47483.9597,47969.4102,48479.4659,48992.2151,49498.2289,50025.7442,50416.0751,50821.9483,51210.534,51583.2004,51984.2498,52394.3503,52790.0693
Western Africa,Waste - agri-food systems,Emissions (CO2eq) from N2O (AR5),kilotonnes,1264.6022,1298.0515,1348.0267,1391.8172,1456.4706,1521.0293,1589.0378,1656.1025,1721.4549,1786.2878,1840.3819,1898.0577,1947.4263,2017.3867,1999.3191,2015.7401,2080.3671,2112.6061,2171.3173,2229.5643,2288.862
Western Africa,Waste - agri-food systems,Emissions (CO2eq) (AR5),kilotonnes,44593.9978,45157.3717,45720.659,46140.1752,46704.9843,47288.8409,47919.7097,48558.1817,49205.4146,49755.698,50319.8477,50890.2728,51445.6552,52043.1309,52415.3942,52837.6884,53290.9011,53695.8065,54155.5671,54623.9146,55078.9313
Western Africa,On-farm electricity use,Emissions (CH4),kilotonnes,0.112,0.1067,0.1058,0.1676,0.1321,0.1224,0.1266,0.1049,0.1704,0.2721,0.2809,0.2325,0.2677,0.206,0.3179,0.3439,0.3726,0.403,0.4348,0.4581,0.4581
Western Africa,On-farm electricity use,Emissions (N2O),kilotonnes,0.0005,0.0005,0.0006,0.0009,0.0007,0.0007,0.0006,0.0006,0.0008,0.0015,0.0015,0.0013,0.0013,0.0011,0.0017,0.0019,0.002,0.0021,0.0023,0.0024,0.0024
Western Africa,On-farm electricity use,Emissions (CO2),kilotonnes,49.6251,49.0417,45.8313,73.7269,56.2693,60.0782,59.4875,50.1271,71.97,112.7113,123.1712,98.3854,111.4752,75.9206,134.1518,144.384,155.4917,167.8468,180.4992,189.7687,189.7687
Western Africa,On-farm electricity use,Emissions (CO2eq) from CH4 (AR5),kilotonnes,3.136,2.9876,2.9624,4.6928,3.6988,3.4272,3.5448,2.9372,4.7712,7.6188,7.8652,6.51,7.4956,5.768,8.9012,9.6292,10.4328,11.284,12.1744,12.8268,12.8268
Western Africa,On-farm electricity use,Emissions (CO2eq) from N2O (AR5),kilotonnes,0.1325,0.1325,0.159,0.2385,0.1855,0.1855,0.159,0.159,0.212,0.3975,0.3975,0.3445,0.3445,0.2915,0.4505,0.5035,0.53,0.5565,0.6095,0.636,0.636
Western Africa,On-farm electricity use,Emissions (CO2eq) (AR5),kilotonnes,52.8936,52.1618,48.9527,78.6582,60.1536,63.6909,63.1913,53.2233,76.9532,120.7276,131.4339,105.2399,119.3153,81.9801,143.5035,154.5167,166.4545,179.6873,193.2831,203.2315,203.2315
Western Africa,Food Processing,Emissions (CH4),kilotonnes,4.0519,443.6392,323.2841,2.6474,1.5378,2.2587,14.5146,6.3096,6.3642,7.8669,7.7783,8.2312,9.8049,12.5194,13.1594,15.5607,15.8665,9.5786,10.0851,8.8606,8.7633
Western Africa,Food Processing,Emissions (N2O),kilotonnes,0.0058,0.4874,0.463,0.0044,0.0025,0.0062,0.0471,0.0302,0.0266,0.0451,0.0389,0.041,0.0468,0.0723,0.0687,0.0778,0.0842,0.0619,0.0579,0.0559,0.0572
Western Africa,Food Processing,Emissions (CO2),kilotonnes,380.097,18049.4136,15235.412,196.7679,141.5121,478.432,1980.1398,1143.5797,1298.8412,3996.6243,4149.5264,4965.9547,3802.0455,6111.7903,6080.6572,5565.2604,5963.8425,5489.1235,4281.1441,4116.1866,4133.013
Western Africa,Food Processing,Emissions (CO2eq) from CH4 (AR5),kilotonnes,113.4532,12421.8976,9051.9548,74.1272,43.0584,63.2436,406.4088,176.6688,178.1976,220.2732,217.7924,230.4736,274.5372,350.5432,368.4632,435.6996,444.262,268.2008,282.3828,248.0968,245.3736
Western Africa,Food Processing,Emissions (CO2eq) from N2O (AR5),kilotonnes,1.537,129.161,122.695,1.166,0.6625,1.643,12.4815,8.003,7.049,11.9515,10.3085,10.865,12.402,19.1595,18.2055,20.617,22.313,16.4035,15.3435,14.8135,15.1498
Western Africa,Food Processing,Emissions (CO2eq) (AR5),kilotonnes,495.0872,30600.4722,24410.0618,272.0611,185.233,543.3186,2399.0301,1328.2515,1484.0878,4228.849,4377.6273,5207.2933,4088.9847,6481.493,6467.3259,6021.577,6430.4175,5773.7278,4578.8704,4379.0969,4393.5365
Western Africa,Food Packaging,Emissions (CH4),kilotonnes,2.8587,4.4936,3.8241,12.3243,15.7898,15.8489,14.7159,15.0541,15.425,15.2442,22.299,24.752,23.2755,23.8765,28.3294,29.7695,31.0982,32.2903,32.1017,32.0115,31.5102
Western Africa,Food Packaging,Emissions (N2O),kilotonnes,0.005,0.0059,0.0065,0.0133,0.018,0.0178,0.0177,0.0192,0.0193,0.0206,0.026,0.0338,0.0363,0.0348,0.0441,0.0445,0.0538,0.0548,0.0575,0.0489,0.05
Western Africa,Food Packaging,Emissions (CO2),kilotonnes,341.6248,401.7916,389.1621,707.7466,844.8928,933.955,881.9865,853.0826,911.9824,811.0299,1192.0457,1129.0407,915.9717,786.0192,1507.6872,1346.58,1217.6745,1313.7251,1424.2939,1403.4718,1408.1191
Western Africa,Food Packaging,Emissions (CO2eq) from CH4 (AR5),kilotonnes,80.0436,125.8208,107.0748,345.0804,442.1144,443.7692,412.0452,421.5148,431.9,426.8376,624.372,693.056,651.714,668.542,793.2232,833.546,870.7496,904.1284,898.8476,896.322,882.2849
Western Africa,Food Packaging,Emissions (CO2eq) from N2O (AR5),kilotonnes,1.325,1.5635,1.7225,3.5245,4.77,4.717,4.6905,5.088,5.1145,5.459,6.89,8.957,9.6195,9.222,11.6865,11.7925,14.257,14.522,15.2375,12.9585,13.2624
Western Africa,Food Packaging,Emissions (CO2eq) (AR5),kilotonnes,422.9934,529.1759,497.9594,1056.3515,1291.7772,1382.4412,1298.7222,1279.6854,1348.9969,1243.3265,1823.3077,1831.0537,1577.3052,1463.7832,2312.5969,2191.9185,2102.6811,2232.3755,2338.379,2312.7523,2303.6664
Western Africa,Food Retail,Emissions (CH4),kilotonnes,0.6375,0.7193,0.8303,0.8851,1.0598,1.182,1.0969,1.5117,1.4306,1.4607,1.6351,1.7641,1.9493,2.0041,2.2004,2.3245,2.5113,2.6818,2.729,2.5411,2.5564
Western Africa,Food Retail,Emissions (N2O),kilotonnes,0.0038,0.0043,0.0052,0.0053,0.0064,0.007,0.0064,0.0099,0.0082,0.0087,0.0095,0.0098,0.0102,0.0087,0.0096,0.0103,0.011,0.0117,0.0118,0.0122,0.0125
Western Africa,Food Retail,Emissions (CO2),kilotonnes,219.3568,245.8944,300.9367,305.8598,382.1844,464.8271,432.6101,588.5807,579.9592,599.7657,660.0804,638.7236,719.5797,755.2961,828.3678,883.2132,941.3763,1016.948,1030.0993,978.3443,984.2323
Western Africa,Food Retail,Emissions (CO2eq) from F-gases (AR5),kilotonnes,108.056,139.226,201.0465,262.3475,341.3115,379.7545,432.7435,486.7715,493.0055,496.642,498.2005,499.2395,499.759,500.2785,500.2785,500.2785,545.9945,558.4625,569.8915,581.84,607.3106
Western Africa,Food Retail,Emissions (CO2eq) from CH4 (AR5),kilotonnes,17.849,20.1417,23.2495,24.7837,29.6735,33.0949,30.7132,42.3265,40.0577,40.8991,45.7819,49.3941,54.5801,56.1146,61.6112,65.0863,70.317,75.0917,76.412,71.1508,71.5797
Western Africa,Food Retail,Emissions (CO2eq) from N2O (AR5),kilotonnes,0.9998,1.1333,1.373,1.4001,1.6927,1.8529,1.6945,2.6235,2.173,2.3055,2.5175,2.597,2.703,2.3055,2.544,2.7295,2.915,3.1005,3.127,3.233,3.3054
Western Africa,Food Retail,Emissions (CO2eq) (AR5),kilotonnes,346.2616,406.3954,526.6057,594.3911,754.8621,879.5293,897.7613,1120.3023,1115.1954,1139.6123,1206.5802,1189.9543,1276.6218,1313.9947,1392.8015,1451.3075,1560.6029,1653.6027,1679.5298,1634.5681,1666.4281
Western Africa,Food Household Consumption,Emissions (CH4),kilotonnes,6.1096,6.9112,8.6532,8.5958,9.991,10.3995,8.9227,10.3486,10.7868,11.1632,12.6885,14.9542,16.1543,15.7499,16.2473,16.5676,17.6669,18.2048,19.0113,19.0329,19.1448
Western Africa,Food Household Consumption,Emissions (N2O),kilotonnes,0.0556,0.0667,0.0773,0.0721,0.0749,0.084,0.0715,0.0796,0.0804,0.0826,0.0882,0.0983,0.0949,0.0772,0.0783,0.0789,0.0842,0.0855,0.0899,0.09,0.092
Western Africa,Food Household Consumption,Emissions (CO2),kilotonnes,5003.8925,6109.7995,6795.708,6087.6811,5995.2555,7166.2748,6162.908,5809.5708,6716.3559,6718.5564,7281.0107,7672.2179,7707.4712,7485.8306,7600.6766,7682.788,8250.0412,8407.5277,8971.5983,8990.5763,9043.6919
Western Africa,Food Household Consumption,Emissions (CO2eq) from CH4 (AR5),kilotonnes,171.0688,193.5136,242.2896,240.6824,279.748,291.186,249.8356,289.7608,302.0304,312.5696,355.278,418.7176,452.3204,440.9972,454.9244,463.8928,494.6732,509.7344,532.3164,532.9212,536.0539
Western Africa,Food Household Consumption,Emissions (CO2eq) from N2O (AR5),kilotonnes,14.734,17.6755,20.4845,19.1065,19.8485,22.26,18.9475,21.094,21.306,21.889,23.373,26.0495,25.1485,20.458,20.7495,20.9085,22.313,22.6575,23.8235,23.85,24.3811
Western Africa,Food Household Consumption,Emissions (CO2eq) (AR5),kilotonnes,5189.6953,6320.9886,7058.4821,6347.47,6294.852,7479.7208,6431.6911,6120.4256,7039.6923,7053.015,7659.6617,8116.985,8184.9401,7947.2858,8076.3505,8167.5893,8767.0274,8939.9196,9527.7382,9547.3475,9604.1269
Western Africa,Food Transport,Emissions (CH4),kilotonnes,0.7698,0.8484,1.0065,1.0127,1.0279,1.0173,0.9954,1.0275,1.1481,1.2017,1.3002,1.287,1.387,1.9139,2.0649,2.0017,2.2097,2.2178,2.7028,2.1215,2.1133
Western Africa,Food Transport,Emissions (N2O),kilotonnes,0.1087,0.1174,0.1386,0.1381,0.1362,0.1369,0.1308,0.1311,0.1469,0.1531,0.1742,0.1711,0.1842,0.2491,0.2731,0.2642,0.2876,0.2879,0.3525,0.2805,0.287
Western Africa,Food Transport,Emissions (CO2),kilotonnes,3296.3659,3576.2516,4157.7836,4414.4434,4550.5247,4199.705,3981.0851,3892.4087,4462.2538,4611.3268,5151.5308,4973.6924,5320.3451,7551.7641,8169.5323,7975.4157,8866.8759,8933.9928,10781.3622,8409.9958,8450.8949
Western Africa,Food Transport,Emissions (CO2eq) from CH4 (AR5),kilotonnes,21.5544,23.7552,28.182,28.3556,28.7812,28.4844,27.8712,28.77,32.1468,33.6476,36.4056,36.036,38.836,53.5892,57.8172,56.0476,61.8716,62.0984,75.6784,59.402,59.172
Western Africa,Food Transport,Emissions (CO2eq) from N2O (AR5),kilotonnes,28.8055,31.111,36.729,36.5965,36.093,36.2785,34.662,34.7415,38.9285,40.5715,46.163,45.3415,48.813,66.0115,72.3715,70.013,76.214,76.2935,93.4125,74.3325,76.0572
Western Africa,Food Transport,Emissions (CO2eq) (AR5),kilotonnes,3346.7258,3631.1178,4222.6946,4479.3955,4615.3989,4264.4679,4043.6183,3955.9202,4533.3291,4685.5459,5234.0994,5055.0699,5407.9941,7671.3648,8299.721,8101.4763,9004.9615,9072.3847,10950.4531,8543.7303,8586.1242
Western Africa,Energy,Emissions (CH4),kilotonnes,8744.4897,8756.8877,7287.1991,8176.6085,7995.1213,7712.0707,7176.2845,6788.8262,6582.2562,6312.2968,6623.028,6993.4972,7114.9898,6721.6479,6834.0419,6790.2971,6300.8743,6535.0495,6442.0883,6285.7112,6211.4586
Western Africa,Energy,Emissions (N2O),kilotonnes,17.0997,17.5415,17.724,18.1242,18.7485,19.2511,19.6729,20.36,20.9296,21.4216,22.3421,23.0357,24.0214,25.0196,25.1497,25.4328,26.0946,26.8027,27.4863,28.2179,28.8702
Western Africa,Energy,Emissions (CO2),kilotonnes,102996,108405,114434,117873,125296,134466,129114,126927,122653,106602,151414,168425,157806,158585,168490,158668,168182,181162,201067.6,205653.2,206502.2
Western Africa,Energy,Emissions (CO2eq) from CH4 (AR5),kilotonnes,244845.7124,245192.8556,204041.5754,228945.038,223863.3964,215937.9796,200935.966,190087.1336,184303.1736,176744.3104,185444.784,195817.9216,199219.7144,188206.1412,191353.1732,190128.3188,176424.4804,182981.386,180378.4724,175999.9136,173920.8408
Western Africa,Energy,Emissions (CO2eq) from N2O (AR5),kilotonnes,4531.429,4648.5068,4696.8685,4802.9239,4968.3424,5101.5322,5213.3288,5395.3902,5546.335,5676.7166,5920.6528,6104.4592,6365.6699,6630.2046,6664.6808,6739.7031,6915.0565,7102.7057,7283.8634,7477.7379,7650.6001
Western Africa,Energy,Emissions (CO2eq) (AR5),kilotonnes,352373.1414,358246.3624,323172.4438,351620.9619,354127.7388,355505.5118,335263.2948,322409.5238,312502.5086,289023.027,342779.4368,370347.3808,363391.3843,353421.3458,366507.854,355536.0219,351521.5369,371246.0917,388729.9358,389130.8515,388073.6409
Western Africa,IPPU,Emissions (CH4),kilotonnes,0.0563,0.0595,0.0635,0.0668,0.0702,0.0735,0.0768,0.0801,0.0834,0.0866,0.0899,0.0932,0.0965,0.0998,0.0998,0.0998,0.0998,0.0998,0.0998,0.108,0.11
Western Africa,IPPU,Emissions (N2O),kilotonnes,0.0026,0.0027,0.0027,0.0028,0.0029,0.003,0.003,0.0031,0.0032,0.0033,0.0034,0.0035,0.0036,0.0037,0.0038,0.0039,0.004,0.0041,0.0042,0.0043,0.0044
Western Africa,IPPU,Emissions (CO2),kilotonnes,4930.53,5911.1,6140.69,6445.08,6849.73,6289.04,6719.12,7253,9321.14,9466.71,9958.83,11204.63,14024.26,15744.38,15654.58,16531.84,17751.92,17369.11,18996.13,20413.8,20524.38
Western Africa,IPPU,Emissions (CO2eq) from F-gases (AR5),kilotonnes,413.9194,414.0442,388.8865,396.0969,466.3645,566.8633,623.9539,692.2391,895.433,991.2188,1103.3593,1160.1001,1261.7262,1363.6049,1481.1581,1597.0787,1724.4757,1856.9258,1934.6662,2043.7942,2152.5336
Western Africa,IPPU,Emissions (CO2eq) from CH4 (AR5),kilotonnes,1.5764,1.6672,1.7776,1.8713,1.9649,2.0573,2.1497,2.2421,2.3345,2.4235,2.5164,2.6088,2.7012,2.7934,2.7933,2.7932,2.7931,2.7931,2.7931,3.0244,3.0801
Western Africa,IPPU,Emissions (CO2eq) from N2O (AR5),kilotonnes,0.6879,0.7042,0.7244,0.7416,0.7624,0.7836,0.8044,0.8264,0.8486,0.8735,0.8962,0.9215,0.9475,0.9738,1.0005,1.0268,1.057,1.0842,1.1119,1.1277,1.1537
Western Africa,IPPU,Emissions (CO2eq) (AR5),kilotonnes,5346.7137,6327.5156,6532.0785,6843.7898,7318.8217,6858.7443,7346.028,7948.3076,10219.7561,10461.2258,11065.6019,12368.2603,15289.6348,17111.7522,17139.5318,18132.7387,19480.2458,19229.9131,20934.7012,22461.7463,22681.1474
Western Africa,Waste,Emissions (CH4),kilotonnes,1388.2555,1437.0345,1489.4532,1540.8819,1595.6606,1649.6095,1705.8291,1759.0088,1822.9287,1887.3687,1955.6386,2034.6784,2105.2382,2187.698,2270.1378,2341.2976,2414.2676,2498.8277,2576.4978,2627.4571,2695.417
Western Africa,Waste,Emissions (N2O),kilotonnes,8.5571,8.7819,9.0181,9.3494,9.7474,10.2363,10.6932,11.1671,11.6146,12.0816,12.4858,12.8945,13.2218,13.6148,13.8392,14.0251,14.1965,14.4305,14.8669,15.4826,15.8445
Western Africa,Waste,Emissions (CO2),kilotonnes,8.965,9.1659,9.377,9.6,9.843,10.102,10.376,10.67,11.094,11.419,11.755,10.131,8.529,12.237,15.966,19.645,20.864,21.975,23.167,21.422,22.386
Western Africa,Waste,Emissions (CO2eq) from CH4 (AR5),kilotonnes,38871.154,40236.966,41704.6896,43144.6932,44678.4968,46189.066,47763.2148,49252.2464,51042.0036,52846.3236,54757.8808,56970.9952,58946.6696,61255.544,63563.8584,65556.3328,67599.4928,69967.1756,72141.9384,73568.7988,75471.676
Western Africa,Waste,Emissions (CO2eq) from N2O (AR5),kilotonnes,2267.6315,2327.2035,2389.7965,2477.591,2583.061,2712.6195,2833.698,2959.2815,3077.869,3201.624,3308.737,3417.0425,3503.777,3607.922,3667.388,3716.6515,3762.0725,3824.0825,3939.7285,4102.889,4198.7925
Western Africa,Waste,Emissions (CO2eq) (AR5),kilotonnes,41147.7505,42573.3354,44103.8631,45631.8842,47271.4008,48911.7875,50607.2888,52222.1979,54130.9666,56059.3666,58078.3728,60398.1687,62458.9756,64875.703,67247.2124,69292.6293,71382.4293,73813.2331,76104.8339,77693.1098,79692.8545
Western Africa,Other,Emissions (N2O),kilotonnes,10.2188,10.7649,11.0781,11.3532,11.8013,12.2406,12.4354,12.9058,13.3221,13.5652,14.3837,14.8853,15.679,16.7896,17.1267,17.2269,17.905,18.3525,19.2102,19.5506,20.1325
Western Africa,Other,Emissions (CO2eq) from N2O (AR5),kilotonnes,2707.9703,2852.6913,2935.6891,3008.5954,3127.3543,3243.7473,3295.3802,3420.0272,3530.3504,3594.7738,3811.6858,3944.6148,4154.9461,4449.2543,4538.5856,4565.1399,4744.8163,4863.4104,5090.7088,5180.918,5335.1011
Western Africa,Other,Emissions (CO2eq) (AR5),kilotonnes,2707.9703,2852.6913,2935.6891,3008.5954,3127.3543,3243.7473,3295.3802,3420.0272,3530.3504,3594.7738,3811.6858,3944.6148,4154.9461,4449.2543,4538.5856,4565.1399,4744.8163,4863.4104,5090.7088,5180.918,5335.1011
Western Africa,Farm-gate emissions,Emissions (CH4),kilotonnes,3621.2103,3597.1038,3688.1765,3854.058,3942.318,4202.385,4240.2849,4241.4763,4299.4284,4332.8674,4574.7696,4811.4615,4982.2114,5129.6945,5223.5332,5336.6818,5809.0005,5950.3895,6085.7169,6164.9038,6345.832
Western Africa,Farm-gate emissions,Direct emissions (N2O),kilotonnes,113.486,117.7584,121.8479,128.553,131.4727,137.0377,141.2425,141.7559,147.401,150.1488,157.9717,162.9062,170.9143,176.2313,181.3308,185.4671,195.3926,204.173,210.7263,216.4805,223.096
Western Africa,Farm-gate emissions,Indirect emissions (N2O),kilotonnes,33.4457,34.8531,36.073,37.8222,38.704,40.3323,41.4892,41.6566,43.2359,44.188,46.5928,48.1718,50.5433,52.2389,53.6528,54.8334,57.8922,60.6635,62.6099,64.4005,66.3724
Western Africa,Farm-gate emissions,Emissions (N2O),kilotonnes,208.1083,203.5382,209.1866,217.6631,219.647,239.4086,238.9827,236.7855,240.5424,239.9602,251.7573,259.8538,266.2739,275.7534,277.7185,282.3948,306.578,309.9112,312.2413,321.8149,335.9211
Western Africa,Farm-gate emissions,Emissions (CO2),kilotonnes,6131.0024,6441.2126,6575.795,6156.0854,6331.8193,6435.5264,6176.7155,6301.7104,6576.2773,6750.8981,7194.1223,7728.5936,8313.5583,8755.1217,9442.5876,9548.0048,9984.9974,10488.844,10676.1152,10934.7706,10928.5598
Western Africa,Farm-gate emissions,Emissions (CO2eq) from CH4 (AR5),kilotonnes,101393.8889,100718.9065,103268.9426,107913.6252,110384.9041,117666.7791,118727.9765,118761.3356,120383.996,121320.287,128093.5491,134720.9224,139501.9183,143631.446,146258.9289,149427.089,162652.0153,166610.9051,170400.0739,172617.3073,177683.2957
Western Africa,Farm-gate emissions,Emissions (CO2eq) from N2O (AR5),kilotonnes,55148.706,53937.6296,55434.4407,57680.7164,58206.4576,63443.291,63330.4272,62748.147,63743.7481,63589.4631,66715.6884,68861.2563,70562.5744,73074.6512,73595.3951,74834.6304,81243.18,82126.4665,82743.9355,85280.9392,89019.0791
Western Africa,Farm-gate emissions,Emissions (CO2eq) (AR5),kilotonnes,162673.5974,161097.7487,165279.1782,171750.427,174923.181,187545.5965,188235.1192,187811.1929,190704.0214,191660.6483,202003.3598,211310.7723,218378.051,225461.2189,229296.9116,233809.7242,253880.1927,259226.2156,263820.1246,268833.0171,277630.9347
Western Africa,Land Use change,Emissions (CH4),kilotonnes,371.5574,19.9023,20.4964,29.218,25.0113,42.2345,39.7538,33.3941,27.1236,34.4685,20.2766,18.611,25.0316,20.7342,27.2164,48.7048,24.0469,16.6598,10.8617,23.8654,37.5536
Western Africa,Land Use change,Emissions (N2O),kilotonnes,10.9282,1.8172,1.8714,2.6677,2.2836,3.8562,3.6297,3.049,2.4765,3.1471,1.8513,1.6993,2.2855,1.8931,2.485,4.447,2.1956,1.5211,0.9917,2.179,3.4288
Western Africa,Land Use change,Emissions (CO2),kilotonnes,193504.5525,154247.1094,154247.1094,154247.1094,154247.1094,154247.1094,154247.1094,154247.1094,154247.1094,154247.1094,154247.1094,128186.868,128186.868,128186.868,128186.868,128186.868,124624.2782,124624.2782,124624.2782,124624.2782,124624.2782
Western Africa,Land Use change,Emissions (CO2eq) from CH4 (AR5),kilotonnes,10403.6079,557.2633,573.899,818.1033,700.3173,1182.565,1113.1056,935.0349,759.4604,965.1172,567.7458,521.1082,700.8855,580.5583,762.0591,1363.7345,673.3122,466.4755,304.1268,668.2303,1051.5017
Western Africa,Land Use change,Emissions (CO2eq) from N2O (AR5),kilotonnes,2895.9624,481.5482,495.9236,706.9479,605.1655,1021.8904,961.8684,807.9921,656.2728,833.9871,490.6064,450.3055,605.6565,501.6781,658.5185,1178.4445,581.8296,403.0956,262.8052,577.4381,908.6346
Western Africa,Land Use change,Emissions (CO2eq) (AR5),kilotonnes,206804.1228,155285.9209,155316.932,155772.1606,155552.5922,156451.5648,156322.0834,155990.1364,155662.8426,156046.2137,155305.4616,129158.2817,129493.41,129269.1045,129607.4456,130729.047,125879.4201,125493.8494,125191.2103,125869.9466,126584.4146
Western Africa,Emissions on agricultural land,Emissions (CH4),kilotonnes,3992.7677,3617.0061,3708.6729,3883.276,3967.3293,4244.6194,4280.0386,4274.8704,4326.552,4367.3359,4595.0462,4830.0725,5007.243,5150.4287,5250.7496,5385.3866,5833.0474,5967.0493,6096.5786,6188.7692,6383.3856
Western Africa,Emissions on agricultural land,Emissions (N2O),kilotonnes,219.0365,205.3554,211.058,220.3308,221.9307,243.2648,242.6124,239.8345,243.0189,243.1074,253.6087,261.5531,268.5594,277.6465,280.2034,286.8418,308.7736,311.4323,313.233,323.9939,339.3499
Western Africa,Emissions on agricultural land,Emissions (CO2),kilotonnes,199635.5549,160688.322,160822.9044,160403.1947,160578.9286,160682.6358,160423.8249,160548.8198,160823.3867,160998.0075,161441.2317,135915.4616,136500.4263,136941.9898,137629.4556,137734.8728,134609.2757,135113.1222,135300.3934,135559.0489,135552.8381
Western Africa,Emissions on agricultural land,Emissions (CO2eq) from CH4 (AR5),kilotonnes,111797.4968,101276.1698,103842.8416,108731.7285,111085.2215,118849.3441,119841.0821,119696.3705,121143.4564,122285.4042,128661.2949,135242.0306,140202.8038,144212.0043,147020.988,150790.8235,163325.3275,167077.3806,170704.2007,173285.5376,178734.7975
Western Africa,Emissions on agricultural land,Emissions (CO2eq) from N2O (AR5),kilotonnes,58044.6684,54419.1778,55930.3643,58387.6643,58811.6231,64465.1814,64292.2956,63556.1391,64400.0209,64423.4503,67206.2948,69311.5618,71168.2309,73576.3293,74253.9135,76013.0749,81825.0096,82529.5621,83006.7408,85858.3773,89927.7138
Western Africa,Emissions on agricultural land,Emissions (CO2eq) (AR5),kilotonnes,369477.7201,316383.6696,320596.1102,327522.5876,330475.7732,343997.1613,344557.2026,343801.3294,346366.864,347706.862,357308.8214,340469.054,347871.4609,354730.3234,358904.3572,364538.7712,379759.6128,384720.0649,389011.3349,394702.9637,404215.3493
Western Africa,Pre- and post- production,Emissions (CH4),kilotonnes,1562.0179,2023.1227,1922.4409,1623.7886,1645.5567,1665.3935,1695.039,1709.4306,1731.1808,1750.402,1777.3915,1800.9429,1820.6326,1842.9035,1862.8934,1881.6375,1898.6729,1907.6335,1923.645,1936.2525,1949.9057
Western Africa,Pre- and post- production,Emissions (N2O),kilotonnes,4.9515,5.5805,5.7781,5.4862,5.7348,5.9923,6.2705,6.52,6.7783,7.0523,7.2831,7.5178,7.7225,8.056,8.0201,8.0842,8.3732,8.476,8.7656,8.9034,9.1383
Western Africa,Pre- and post- production,Emissions (CO2),kilotonnes,9290.9621,28432.1924,26924.8337,11786.2257,11970.6388,13303.2721,13498.217,12337.3496,14041.3625,16850.0144,18557.3652,19478.0147,18576.8884,22766.6209,24321.0729,23597.6413,25395.3021,25329.1639,26668.997,24088.3435,24209.72
Western Africa,Pre- and post- production,Emissions (CO2eq) from F-gases (AR5),kilotonnes,108.056,139.226,201.0465,262.3475,341.3115,379.7545,432.7435,486.7715,493.0055,496.642,498.2005,499.2395,499.759,500.2785,500.2785,500.2785,545.9945,558.4625,569.8915,581.84,607.3106
Western Africa,Pre- and post- production,Emissions (CO2eq) from CH4 (AR5),kilotonnes,43736.5006,56647.4367,53828.3454,45466.0801,46075.588,46631.0169,47461.0907,47864.0572,48473.0634,49011.2561,49766.9609,50426.4025,50977.7122,51601.2984,52161.0155,52685.8498,53162.8403,53413.7382,53862.0614,54215.0699,54597.3602
Western Africa,Pre- and post- production,Emissions (CO2eq) from N2O (AR5),kilotonnes,1312.136,1478.8283,1531.1897,1453.8493,1519.7228,1587.9662,1661.6728,1727.8115,1796.2379,1868.8618,1930.0314,1992.2122,2046.4568,2134.8347,2125.3266,2142.3041,2218.9091,2246.1396,2322.8708,2359.3878,2421.654
Western Africa,Pre- and post- production,Emissions (CO2eq) (AR5),kilotonnes,54447.6547,86697.6834,82485.4153,58968.5026,59907.2611,61902.0096,63053.724,62415.9899,64803.6694,68226.7743,70752.558,72395.8689,72100.8164,77003.0325,79107.6935,78926.0737,81323.046,81547.5042,83423.8207,81244.6412,81836.0447
Western Africa,Agri-food systems,Emissions (CH4),kilotonnes,5554.7856,5640.1288,5631.1138,5507.0646,5612.8861,5910.0129,5975.0776,5984.301,6057.7328,6117.7379,6372.4377,6631.0155,6827.8756,6993.3322,7113.643,7267.024,7731.7203,7874.6828,8020.2236,8125.0217,8333.2913
Western Africa,Agri-food systems,Emissions (N2O),kilotonnes,223.9879,210.9359,216.8361,225.817,227.6655,249.2572,248.8829,246.3545,249.7972,250.1597,260.8918,269.0708,276.2818,285.7025,288.2235,294.926,317.1469,319.9083,321.9985,332.8972,348.4882
Western Africa,Agri-food systems,Emissions (CO2),kilotonnes,208926.517,189120.5144,187747.7381,172189.4205,172549.5674,173985.9078,173922.042,172886.1694,174864.7492,177848.0218,179998.5968,155393.4764,155077.3147,159708.6106,161950.5285,161332.5141,160004.5778,160442.2861,161969.3904,159647.3924,159762.558
Western Africa,Agri-food systems,Emissions (CO2eq) from F-gases (AR5),kilotonnes,108.056,139.226,201.0465,262.3475,341.3115,379.7545,432.7435,486.7715,493.0055,496.642,498.2005,499.2395,499.759,500.2785,500.2785,500.2785,545.9945,558.4625,569.8915,581.84,607.3106
Western Africa,Agri-food systems,Emissions (CO2eq) from CH4 (AR5),kilotonnes,155533.9975,157923.6065,157671.187,154197.8086,157160.8095,165480.361,167302.1728,167560.4277,169616.5198,171296.6603,178428.2559,185668.433,191180.516,195813.3027,199182.0035,203476.6733,216488.1678,220491.1187,224566.2621,227500.6075,233332.1577
Western Africa,Agri-food systems,Emissions (CO2eq) from N2O (AR5),kilotonnes,59356.8044,55898.0061,57461.5539,59841.5136,60331.3459,66053.1476,65953.9684,65283.9506,66196.2588,66292.3121,69136.3262,71303.774,73214.6876,75711.1641,76379.2402,78155.379,84043.9187,84775.7017,85329.6116,88217.765,92349.3677
Western Africa,Agri-food systems,Emissions (CO2eq) (AR5),kilotonnes,423925.3749,403081.353,403081.5255,386491.0902,390383.0343,405899.1709,407610.9266,406217.3193,411170.5333,415933.6363,428061.3793,412864.9229,419972.2773,431733.356,438012.0507,443464.8449,461082.6587,466267.5691,472435.1556,475947.6049,486051.394
Western Africa,IPCC Agriculture,Emissions (CH4),kilotonnes,3618.9593,3594.5186,3685.3919,3851.3613,3939.5832,4199.3738,4237.4393,4238.495,4296.225,4329.4606,4570.8218,4806.8425,4977.2072,5124.2722,5217.1954,5330.5694,5802.3268,5943.508,6078.1291,6157.066,6337.9941
Western Africa,IPCC Agriculture,Direct emissions (N2O),kilotonnes,113.486,117.7584,121.8479,128.553,131.4727,137.0377,141.2425,141.7559,147.401,150.1488,157.9717,162.9062,170.9143,176.2313,181.3308,185.4671,195.3926,204.173,210.7263,216.4805,223.096
Western Africa,IPCC Agriculture,Indirect emissions (N2O),kilotonnes,33.4457,34.8531,36.073,37.8222,38.704,40.3323,41.4892,41.6566,43.2359,44.188,46.5928,48.1718,50.5433,52.2389,53.6528,54.8334,57.8922,60.6635,62.6099,64.4005,66.3724
Western Africa,IPCC Agriculture,Emissions (N2O),kilotonnes,207.6632,203.0882,208.7243,217.3383,219.2928,239.0471,238.6613,236.4288,240.2297,239.6078,251.3484,259.4492,265.8259,275.2799,277.2212,281.8395,306.0167,309.2706,311.6924,321.2557,335.3619
Western Africa,IPCC Agriculture,Emissions (CO2eq) from CH4 (AR5),kilotonnes,101330.8612,100646.5213,103190.9722,107838.1166,110308.3285,117582.4674,118648.2999,118677.8605,120294.2996,121224.8961,127983.0095,134591.5895,139361.8022,143479.6211,146081.4699,149255.944,162465.1503,166418.2241,170187.6144,172397.8472,177463.8356
Western Africa,IPCC Agriculture,Emissions (CO2eq) from N2O (AR5),kilotonnes,55030.7358,53818.3631,55311.9319,57594.6458,58112.5893,63347.4876,63245.2429,62653.6241,63660.8621,63496.0636,66607.3158,68754.0252,70443.8613,72949.165,73463.6052,74687.4677,81094.4237,81956.7151,82598.4885,85132.7606,88870.9006
Western Africa,IPCC Agriculture,Emissions (CO2eq) (AR5),kilotonnes,156361.597,154464.8843,158502.9041,165432.7624,168420.9178,180929.9549,181893.5428,181331.4846,183955.1617,184720.9597,194590.3253,203345.6147,209805.6635,216428.786,219545.075,223943.4117,243559.5739,248374.9392,252786.1029,257530.6078,266334.7363
Western Africa,Agricultural Soils,Direct emissions (N2O),kilotonnes,113.486,117.7584,121.8479,128.553,131.4727,137.0377,141.2425,141.7559,147.401,150.1488,157.9717,162.9062,170.9143,176.2313,181.3308,185.4671,195.3926,204.173,210.7263,216.4805,223.096
Western Africa,Agricultural Soils,Indirect emissions (N2O),kilotonnes,33.4457,34.8531,36.073,37.8222,38.704,40.3323,41.4892,41.6566,43.2359,44.188,46.5928,48.1718,50.5433,52.2389,53.6528,54.8334,57.8922,60.6635,62.6099,64.4005,66.3724
Western Africa,Agricultural Soils,Emissions (N2O),kilotonnes,147.4264,153.1115,158.4199,166.8736,170.6744,177.8676,183.2287,183.9094,191.1334,194.8335,205.0633,211.5774,221.9566,228.9693,235.4842,240.8011,253.7861,265.3379,273.8384,281.3857,289.972
Western Africa,Agricultural Soils,Emissions (CO2eq) from N2O (AR5),kilotonnes,39067.985,40574.5548,41981.2789,44221.5092,45228.7094,47134.9174,48555.5997,48735.9858,50650.3409,51630.8855,54341.7751,56068.0037,58818.49,60676.8663,62403.302,63812.286,67253.3259,70314.5307,72567.1757,74567.207,76842.5911
Western Africa,Agricultural Soils,Emissions (CO2eq) (AR5),kilotonnes,39067.985,40574.5548,41981.2789,44221.5092,45228.7094,47134.9174,48555.5997,48735.9858,50650.3409,51630.8855,54341.7751,56068.0037,58818.49,60676.8663,62403.302,63812.286,67253.3259,70314.5307,72567.1757,74567.207,76842.5911
Western Africa,LULUCF,Emissions (CH4),kilotonnes,622.2426,19.932,20.5583,29.2452,25.0683,42.4178,39.9247,33.5502,27.1657,34.5131,20.3584,18.668,25.6461,20.7788,27.3403,48.9278,24.1039,16.7218,10.8989,23.9348,37.7023
Western Africa,LULUCF,Emissions (N2O),kilotonnes,18.3013,1.8199,1.8771,2.6702,2.2888,3.8729,3.6453,3.0633,2.4803,3.1512,1.8588,1.7045,2.3416,1.8972,2.4963,4.4673,2.2008,1.5268,0.9951,2.1853,3.4424
Western Africa,LULUCF,Emissions (CO2),kilotonnes,185483.3601,183424.2452,183418.914,183416.1901,183412.3401,183411.771,183408.3769,183407.6822,183405.2243,183408.0297,183421.2583,154543.5708,154541.2817,154541.9758,154551.4409,154551.8045,117793.1004,117793.0431,117798.304,117812.1904,117805.9796
Western Africa,LULUCF,Emissions (CO2eq) from CH4 (AR5),kilotonnes,17422.7925,558.0959,575.6336,818.8665,701.9131,1187.6993,1117.893,939.4059,760.6399,966.3661,570.0355,522.7042,718.0914,581.8074,765.528,1369.9787,674.9081,468.2101,305.1678,670.1731,1055.665
Western Africa,LULUCF,Emissions (CO2eq) from N2O (AR5),kilotonnes,4849.832,482.2677,497.4225,707.6075,606.5445,1026.3271,966.0053,811.7692,657.2921,835.0664,492.585,451.6846,620.5246,502.7574,661.516,1183.8403,583.2086,404.5946,263.7048,579.117,912.2322
Western Africa,LULUCF,Emissions (CO2eq) (AR5),kilotonnes,207755.9846,184464.6088,184491.9701,184942.6641,184720.7978,185625.7973,185492.2752,185158.8573,184823.1563,185209.4622,184483.8788,155517.9596,155879.8977,155626.5406,155978.4849,157105.6235,119051.2171,118665.8478,118367.1766,119061.4805,119773.8768
Western Africa,AFOLU,Emissions (CH4),kilotonnes,4241.2019,3614.4506,3705.9502,3880.6065,3964.6515,4241.7917,4277.364,4272.0452,4323.3907,4363.9737,4591.1802,4825.5105,5002.8533,5145.051,5244.5356,5379.4972,5826.4307,5960.2298,6089.0279,6181.0007,6375.6965
Western Africa,AFOLU,Emissions (N2O),kilotonnes,225.9644,204.908,210.6013,220.0085,221.5816,242.9201,242.3066,239.4921,242.71,242.759,253.2072,261.1536,268.1675,277.1771,279.7174,286.3068,308.2175,310.7974,312.6875,323.441,338.8043
Western Africa,AFOLU,Emissions (CO2),kilotonnes,185483.3601,183424.2452,183418.914,183416.1901,183412.3401,183411.771,183408.3769,183407.6822,183405.2243,183408.0297,183421.2583,154543.5708,154541.2817,154541.9758,154551.4409,154551.8045,117793.1004,117793.0431,117798.304,117812.1904,117805.9796
Western Africa,AFOLU,Emissions (CO2eq) from CH4 (AR5),kilotonnes,118753.6537,101204.6172,103766.6058,108656.9831,111010.2417,118770.1667,119766.1929,119617.2664,121054.9395,122191.2623,128553.045,135114.2936,140079.8936,144061.4284,146846.9978,150625.9227,163140.0583,166886.4342,170492.7822,173068.0203,178519.5006
Western Africa,AFOLU,Emissions (CO2eq) from N2O (AR5),kilotonnes,59880.5678,54300.6307,55809.3543,58302.2533,58719.1338,64373.8146,64211.2482,63465.3933,64318.1542,64331.13,67099.9008,69205.7098,71064.3859,73451.9224,74125.1212,75871.308,81677.6323,82361.3097,82862.1933,85711.8776,89783.1328
Western Africa,AFOLU,Emissions (CO2eq) (AR5),kilotonnes,364117.5816,338929.4931,342994.8741,350375.4265,353141.7156,366555.7523,367385.818,366490.3418,368778.3179,369930.422,379074.2041,358863.5743,365685.5612,372055.3266,375523.56,381049.0353,362610.791,367040.787,371153.2795,376592.0883,386108.613
Western Africa,All sectors with LULUCF,Emissions (CH4),kilotonnes,14374.0034,13808.4324,12482.666,13598.1638,13555.5036,13603.5453,13159.5544,12819.9603,12728.659,12563.7257,13169.9366,13853.7793,14223.1778,14054.4967,14348.8151,14511.1917,14541.6723,14994.2067,15107.7138,15094.277,15282.6821
Western Africa,All sectors with LULUCF,Emissions (N2O),kilotonnes,261.8426,241.999,248.4243,258.8381,261.8817,284.6509,285.1112,283.928,288.5795,289.8306,302.4222,311.9726,321.0933,332.6048,335.8369,342.9956,366.4175,370.3871,374.2551,386.6964,403.6558
Western Africa,All sectors with LULUCF,Emissions (CO2),kilotonnes,293418.8551,297749.5111,304002.981,307743.8701,315567.9131,324176.913,319251.8729,317598.3522,315390.4583,299488.1587,344805.8433,334183.3318,326380.0707,328883.5928,338711.9869,329771.2895,303747.8844,316346.1281,337885.201,343900.6124,344854.9456
Western Africa,All sectors with LULUCF,Emissions (CO2eq) from F-gases (AR5),kilotonnes,413.9194,414.0442,388.8865,396.0969,466.3645,566.8633,623.9539,692.2391,895.433,991.2188,1103.3593,1160.1001,1261.7262,1363.6049,1481.1581,1597.0787,1724.4757,1856.9258,1934.6662,2043.7942,2152.5336
Western Africa,All sectors with LULUCF,Emissions (CO2eq) from CH4 (AR5),kilotonnes,402472.0966,386636.106,349514.6484,380748.5855,379554.0998,380899.2696,368467.5234,358958.8885,356402.4512,351784.3197,368758.2261,387905.8192,398248.9787,393525.9071,401766.8227,406313.3675,407166.8247,419837.7889,423015.986,422639.7571,427915.0975
Western Africa,All sectors with LULUCF,Emissions (CO2eq) from N2O (AR5),kilotonnes,69388.2866,64129.7365,65832.4328,68592.1051,69398.6539,75432.4974,75554.4597,75240.9186,76473.5572,76805.1178,80141.8726,82672.7478,85089.7264,88140.2772,88996.7761,90893.8294,97100.6345,98152.5924,99177.606,102474.5502,106968.7803
Western Africa,All sectors with LULUCF,Emissions (CO2eq) (AR5),kilotonnes,765693.1576,748929.3978,719738.9486,757480.6577,764987.0313,781075.5432,763897.8098,752490.3983,749161.8996,729068.8151,794809.3013,805921.9989,810980.5021,811913.3819,830956.7438,828575.5651,809739.8193,836193.4353,862013.4592,871058.7139,881891.3569
Western Africa,All sectors without LULUCF,Emissions (CH4),kilotonnes,13751.7609,13788.5004,12462.1077,13568.9185,13530.4352,13561.1275,13119.6297,12786.4101,12701.4933,12529.2126,13149.5782,13835.1113,14197.5317,14033.7178,14321.4748,14462.2639,14517.5685,14977.485,15096.8149,15070.3423,15244.9797
Western Africa,All sectors without LULUCF,Emissions (N2O),kilotonnes,243.5413,240.1791,246.5472,256.1679,259.5929,280.778,281.4659,280.8647,286.0991,286.6794,300.5633,310.2682,318.7517,330.7076,333.3406,338.5283,364.2167,368.8604,373.26,384.5111,400.2134
Western Africa,All sectors without LULUCF,Emissions (CO2),kilotonnes,107935.495,114325.2659,120584.067,124327.68,132155.573,140765.142,135843.496,134190.67,131985.234,116080.129,161384.585,179639.761,171838.789,174341.617,184160.546,175219.485,185954.784,198553.085,220086.897,226088.422,227048.966
Western Africa,All sectors without LULUCF,Emissions (CO2eq) from F-gases (AR5),kilotonnes,413.9194,414.0442,388.8865,396.0969,466.3645,566.8633,623.9539,692.2391,895.433,991.2188,1103.3593,1160.1001,1261.7262,1363.6049,1481.1581,1597.0787,1724.4757,1856.9258,1934.6662,2043.7942,2152.5336
Western Africa,All sectors without LULUCF,Emissions (CO2eq) from CH4 (AR5),kilotonnes,385049.304,386078.0101,348939.0148,379929.719,378852.1866,379711.5703,367349.6304,358019.4826,355641.8113,350817.9536,368188.1906,387383.115,397530.8874,392944.0997,401001.2948,404943.3887,406491.9166,419369.5788,422710.8182,421969.584,426859.4325
Western Africa,All sectors without LULUCF,Emissions (CO2eq) from N2O (AR5),kilotonnes,64538.4545,63647.4688,65335.0103,67884.4977,68792.1094,74406.1703,74588.4544,74429.1494,75816.2651,75970.0514,79649.2876,82221.0632,84469.2018,87637.5197,88335.2601,89709.9891,96517.4259,97747.9979,98913.9012,101895.4333,106056.548
Western Africa,All sectors without LULUCF,Emissions (CO2eq) (AR5),kilotonnes,557937.1729,564464.7891,535246.9785,572537.9936,580266.2335,595449.7459,578405.5346,567331.541,564338.7434,543859.3528,610325.4226,650404.0393,655100.6043,656286.8414,674978.2589,671469.9415,690688.6022,717527.5875,743646.2826,751997.2335,762117.4801
Americas,Crop Residues,Direct emissions (N2O),kilotonnes,112.9252,112.6771,107.2946,121.4942,129.0783,126.8217,122.789,134.7285,140.4677,135.3139,140.84,139.987,137.1628,156.4553,159.7453,162.8509,171.9724,171.867,167.8542,167.3953,174.192
Americas,Crop Residues,Indirect emissions (N2O),kilotonnes,25.4082,25.3524,24.1413,27.3362,29.0426,28.5349,27.6275,30.3139,31.6052,30.4456,31.689,31.4971,30.8616,35.2025,35.9427,36.6414,38.6938,38.6701,37.7672,37.6639,39.1932
Americas,Crop Residues,Emissions (N2O),kilotonnes,138.3333,138.0295,131.4359,148.8304,158.121,155.3566,150.4165,165.0424,172.0729,165.7595,172.5289,171.4841,168.0244,191.6578,195.688,199.4923,210.6661,210.5371,205.6213,205.0592,213.3852
Americas,Crop Residues,Emissions (CO2eq) from N2O (AR5),kilotonnes,36658.3366,36577.81,34830.5209,39440.0518,41902.0579,41169.4893,39860.3848,43736.2364,45599.3193,43926.2683,45720.1704,45443.2784,44526.4645,50789.3162,51857.3212,52865.4587,55826.5252,55792.322,54489.6574,54340.6838,56547.0863
Americas,Crop Residues,Emissions (CO2eq) (AR5),kilotonnes,36658.3366,36577.81,34830.5209,39440.0518,41902.0579,41169.4893,39860.3848,43736.2364,45599.3193,43926.2683,45720.1704,45443.2784,44526.4645,50789.3162,51857.3212,52865.4587,55826.5252,55792.322,54489.6574,54340.6838,56547.0863
Americas,Rice Cultivation,Emissions (CH4),kilotonnes,1224.1228,1220.9114,1189.3395,1182.1863,1294.1641,1302.6667,1159.457,1133.5589,1196.1199,1274.6931,1309.1964,1190.3525,1174.1971,1161.113,1209.6924,1128.9622,1188.4383,1107.3837,1158.6758,1057.9121,1141.6771
Americas,Rice Cultivation,Emissions (CO2eq) from CH4 (AR5),kilotonnes,34275.4396,34185.518,33301.507,33101.2153,36236.5947,36474.6666,32464.7963,31739.6481,33491.3575,35691.4059,36657.4997,33329.8698,32877.5181,32511.1649,33871.3871,31610.9408,33276.2721,31006.7428,32442.9235,29621.5399,31966.9592
Americas,Rice Cultivation,Emissions (CO2eq) (AR5),kilotonnes,34275.4396,34185.518,33301.507,33101.2153,36236.5947,36474.6666,32464.7963,31739.6481,33491.3575,35691.4059,36657.4997,33329.8698,32877.5181,32511.1649,33871.3871,31610.9408,33276.2721,31006.7428,32442.9235,29621.5399,31966.9592
Americas,Burning - Crop residues,Emissions (CH4),kilotonnes,226.0161,223.4943,217.0412,227.4076,228.4058,226.7503,221.849,248.387,250.1207,240.5479,240.7564,246.2346,257.2685,264.2134,258.8963,255.8766,260.8838,263.6186,262.1713,263.0842,270.0657
Americas,Burning - Crop residues,Emissions (N2O),kilotonnes,5.8597,5.7943,5.627,5.8958,5.9216,5.8787,5.7516,6.4397,6.4846,6.2364,6.2418,6.3839,6.6699,6.85,6.7121,6.6338,6.7637,6.8346,6.797,6.8207,7.0017
Americas,Burning - Crop residues,Emissions (CO2eq) from CH4 (AR5),kilotonnes,6328.4507,6257.8392,6077.1541,6367.412,6395.3621,6349.0085,6211.7706,6954.8367,7003.3783,6735.34,6741.1792,6894.5693,7203.5188,7397.9753,7249.0974,7164.5457,7304.7467,7381.3204,7340.796,7366.3579,7561.8403
Americas,Burning - Crop residues,Emissions (CO2eq) from N2O (AR5),kilotonnes,1552.8143,1535.4883,1491.1536,1562.3743,1569.2324,1557.8586,1524.1845,1706.5109,1718.4215,1652.6529,1654.0856,1691.723,1767.5301,1815.2439,1778.7137,1757.9672,1792.3684,1811.1573,1801.2138,1807.486,1855.4515
Americas,Burning - Crop residues,Emissions (CO2eq) (AR5),kilotonnes,7881.265,7793.3276,7568.3077,7929.7863,7964.5944,7906.8671,7735.9551,8661.3476,8721.7999,8387.9929,8395.2649,8586.2924,8971.0489,9213.2193,9027.8112,8922.513,9097.1152,9192.4777,9142.0098,9173.8438,9417.2918
Americas,Enteric Fermentation,Emissions (CH4),kilotonnes,28557.5254,28996.0369,29790.7831,30674.1308,31282.4681,31598.0118,31770.0281,31517.9984,31694.9838,31725.2265,31550.1202,31580.6344,31550.014,31552.5577,31600.1692,31688.662,32059.3869,32132.189,32230.348,32504.0767,32707.0837
Americas,Enteric Fermentation,Emissions (CO2eq) from CH4 (AR5),kilotonnes,799610.7121,811889.0344,834141.9276,858875.6634,875909.1079,884744.3295,889560.7875,882503.9548,887459.5456,888306.343,883403.3653,884257.7619,883400.3922,883471.6165,884804.7381,887282.5371,897662.8321,899701.2908,902449.7453,910114.1479,915798.3444
Americas,Enteric Fermentation,Emissions (CO2eq) (AR5),kilotonnes,799610.7121,811889.0344,834141.9276,858875.6634,875909.1079,884744.3295,889560.7875,882503.9548,887459.5456,888306.343,883403.3653,884257.7619,883400.3922,883471.6165,884804.7381,887282.5371,897662.8321,899701.2908,902449.7453,910114.1479,915798.3444
Americas,Manure Management,Emissions (CH4),kilotonnes,2042.559,2065.7832,2091.3552,2119.0292,2130.2047,2151.4803,2172.5769,2176.0471,2234.3817,2189.1541,2186.9455,2209.7567,2210.2056,2193.0113,2234.2621,2256.5247,2299.1971,2334.315,2367.4851,2404.8965,2398.6387
Americas,Manure Management,Emissions (N2O),kilotonnes,81.4625,82.3648,82.6599,82.5416,83.0861,84.2949,85.9943,86.7241,87.5928,86.6457,87.3669,87.5543,87.1702,86.4307,86.929,87.6948,88.8656,90.0726,90.8983,91.6481,91.2661
Americas,Manure Management,Emissions (CO2eq) from CH4 (AR5),kilotonnes,57191.6519,57841.9285,58557.9452,59332.8165,59645.7325,60241.448,60832.1529,60929.3179,62562.6885,61296.3157,61234.4727,61873.1878,61885.7557,61404.3171,62559.3393,63182.6928,64377.5178,65360.8195,66289.5825,67337.1011,67161.8834
Americas,Manure Management,Emissions (CO2eq) from N2O (AR5),kilotonnes,21587.5494,21826.6721,21904.8808,21873.5178,22017.8075,22338.1527,22788.4816,22981.8771,23212.0925,22961.1171,23152.2195,23201.9019,23100.1149,22904.1464,23036.1948,23239.1088,23549.379,23869.236,24088.0588,24286.7477,24185.5068
Americas,Manure Management,Emissions (CO2eq) (AR5),kilotonnes,78779.2013,79668.6006,80462.826,81206.3343,81663.54,82579.6006,83620.6345,83911.195,85774.7811,84257.4327,84386.6922,85075.0897,84985.8706,84308.4634,85595.534,86421.8016,87926.8968,89230.0555,90377.6414,91623.8488,91347.3902
Americas,Manure left on Pasture,Direct emissions (N2O),kilotonnes,599.2534,609.1742,626.3007,646.8444,660.8197,667.9048,672.456,668.3479,671.491,671.5236,667.3662,666.9674,665.5471,665.882,667.5449,672.7165,682.1893,687.3998,689.5634,697.0183,702.0264
Americas,Manure left on Pasture,Indirect emissions (N2O),kilotonnes,137.6558,139.853,143.4085,147.9967,151.1845,152.9748,154.05,153.1317,153.7703,153.7867,152.8172,152.7327,152.1407,152.2097,152.4784,153.4681,155.5366,156.6584,157.1187,158.8554,160.0498
Americas,Manure left on Pasture,Emissions (N2O),kilotonnes,736.9092,749.0273,769.7091,794.8411,812.0042,820.8796,826.506,821.4797,825.2613,825.3103,820.1833,819.7001,817.6878,818.0917,820.0233,826.1845,837.7259,844.0582,846.6822,855.8737,862.0762
Americas,Manure left on Pasture,Emissions (CO2eq) from N2O (AR5),kilotonnes,195280.9284,198492.2292,203972.9229,210632.8976,215181.1174,217533.0887,219024.0945,217692.1087,218694.232,218707.2389,217348.5779,217220.5334,216687.2754,216794.2922,217306.171,218938.9028,221997.3762,223675.4167,224370.77,226806.5324,228450.1973
Americas,Manure left on Pasture,Emissions (CO2eq) (AR5),kilotonnes,195280.9284,198492.2292,203972.9229,210632.8976,215181.1174,217533.0887,219024.0945,217692.1087,218694.232,218707.2389,217348.5779,217220.5334,216687.2754,216794.2922,217306.171,218938.9028,221997.3762,223675.4167,224370.77,226806.5324,228450.1973
Americas,Manure applied to Soils,Direct emissions (N2O),kilotonnes,87.6795,89.4582,90.7635,90.8277,91.9558,93.663,94.8791,95.5594,97.5377,97.2341,98.713,99.6886,99.8577,99.3022,100.1915,98.9862,99.2831,98.2528,99.0043,99.4268,99.4095
Americas,Manure applied to Soils,Indirect emissions (N2O),kilotonnes,37.2638,38.0197,38.5745,38.6018,39.0812,39.8068,40.3236,40.6128,41.4535,41.3245,41.953,42.3677,42.4395,42.2034,42.5814,42.0692,42.1953,41.7575,42.0768,42.2564,42.249
Americas,Manure applied to Soils,Emissions (N2O),kilotonnes,124.9433,127.4779,129.338,129.4295,131.0371,133.4698,135.2027,136.1722,138.9913,138.5586,140.666,142.0563,142.2972,141.5057,142.7729,141.0554,141.4784,140.0103,141.0811,141.6831,141.6585
Americas,Manure applied to Soils,Emissions (CO2eq) from N2O (AR5),kilotonnes,33109.9642,33781.649,34274.5738,34298.8204,34724.8275,35369.4863,35828.7192,36085.6274,36832.6827,36718.0344,37276.4791,37644.9077,37708.7704,37499.0007,37834.8301,37379.6822,37491.7637,37102.7278,37386.482,37546.0285,37539.5068
Americas,Manure applied to Soils,Emissions (CO2eq) (AR5),kilotonnes,33109.9642,33781.649,34274.5738,34298.8204,34724.8275,35369.4863,35828.7192,36085.6274,36832.6827,36718.0344,37276.4791,37644.9077,37708.7704,37499.0007,37834.8301,37379.6822,37491.7637,37102.7278,37386.482,37546.0285,37539.5068
Americas,Synthetic Fertilizers,Direct emissions (N2O),kilotonnes,273.6393,276.28,279.9178,302.2974,296.9176,289.9049,303.8062,324.1175,296.498,298.2853,327.4817,363.0097,360.2334,364.0899,368.0283,345.5303,353.6243,369.5875,373.9501,377.6096,407.5622
Americas,Synthetic Fertilizers,Indirect emissions (N2O),kilotonnes,88.9328,89.791,90.9733,98.2467,96.4982,94.2191,98.737,105.3382,96.3618,96.9427,106.4316,117.9781,117.0759,118.3292,119.6092,112.2973,114.9279,120.1159,121.5338,122.7231,132.4577
Americas,Synthetic Fertilizers,Emissions (N2O),kilotonnes,362.5721,366.0709,370.891,400.5441,393.4158,384.124,402.5432,429.4557,392.8598,395.228,433.9133,480.9878,477.3093,482.4192,487.6375,457.8276,468.5522,489.7034,495.4839,500.3327,540.0199
Americas,Synthetic Fertilizers,Emissions (CO2eq) from N2O (AR5),kilotonnes,96081.6035,97008.7986,98286.1271,106144.1785,104255.1748,101792.8477,106673.9454,113805.753,104107.856,104735.4272,114987.0273,127461.7647,126486.968,127841.0819,129223.9438,121324.3233,124166.3339,129771.3998,131303.2364,132588.1659,143105.266
Americas,Synthetic Fertilizers,Emissions (CO2eq) (AR5),kilotonnes,96081.6035,97008.7986,98286.1271,106144.1785,104255.1748,101792.8477,106673.9454,113805.753,104107.856,104735.4272,114987.0273,127461.7647,126486.968,127841.0819,129223.9438,121324.3233,124166.3339,129771.3998,131303.2364,132588.1659,143105.266
Americas,Drained organic soils,Emissions (CO2eq) (AR5),kilotonnes,121905.2209,122009.1754,122136.4678,122135.3021,123013.4683,122824.6283,122648.2276,122429.3301,122337.6726,122305.9165,122367.393,122419.9007,122389.0117,122329.134,122417.4192,122387.3886,122410.8578,122586.3333,123218.4088,123540.5882,123655.1419
Americas,Drained organic soils (CO2),Emissions (CO2),kilotonnes,106900.9653,106981.103,107090.704,107085.4405,107918.2059,107750.5053,107594.2414,107399.9964,107315.9452,107284.7674,107335.501,107376.3233,107342.5147,107284.2574,107369.9888,107339.3119,107349.9319,107506.7256,108051.0214,108334.7529,108434.1198
Americas,Drained organic soils (CO2),Emissions (CO2eq) (AR5),kilotonnes,106900.9653,106981.103,107090.704,107085.4405,107918.2059,107750.5053,107594.2414,107399.9964,107315.9452,107284.7674,107335.501,107376.3233,107342.5147,107284.2574,107369.9888,107339.3119,107349.9319,107506.7256,108051.0214,108334.7529,108434.1198
Americas,Drained organic soils (N2O),Emissions (N2O),kilotonnes,56.6198,56.7097,56.7765,56.7919,56.9633,56.8835,56.8075,56.7145,56.6858,56.6836,56.7241,56.7682,56.7792,56.7731,56.7828,56.7852,56.8337,56.9042,57.2354,57.3805,57.4378
Americas,Drained organic soils (N2O),Emissions (CO2eq) from N2O (AR5),kilotonnes,15004.2556,15028.0725,15045.7638,15049.8617,15095.2624,15074.123,15053.9861,15029.3337,15021.7274,15021.1491,15031.892,15043.5774,15046.497,15044.8766,15047.4305,15048.0767,15060.926,15079.6077,15167.3874,15205.8352,15221.0222
Americas,Drained organic soils (N2O),Emissions (CO2eq) (AR5),kilotonnes,15004.2556,15028.0725,15045.7638,15049.8617,15095.2624,15074.123,15053.9861,15029.3337,15021.7274,15021.1491,15031.892,15043.5774,15046.497,15044.8766,15047.4305,15048.0767,15060.926,15079.6077,15167.3874,15205.8352,15221.0222
Americas,On-farm energy use,Emissions (CH4),kilotonnes,38.2332,38.0516,38.1226,40.6645,45.8848,44.6511,36.1305,34.7585,29.0866,26.9781,28.3187,37.085,33.8981,43.9112,42.6627,43.1558,39.5836,44.1731,43.4919,43.6893,43.6893
Americas,On-farm energy use,Emissions (N2O),kilotonnes,28.9763,30.4583,28.97,27.9129,31.9414,34.5848,33.9765,33.1517,36.0242,33.5868,36.136,33.2746,33.0172,34.2342,34.617,34.7464,33.4261,34.4268,34.3338,34.2821,34.2821
Americas,On-farm energy use,Emissions (CO2),kilotonnes,121509.6379,125852.035,125054.2254,122538.9925,136222.6957,141059.71,138939.8159,131894.0241,135422.3974,123538.8052,127833.5431,125958.6365,124062.5698,132365.7712,128681.2716,129508.9798,124813.0672,130789.7599,132758.1203,133612.3879,133612.3879
Americas,On-farm energy use,Emissions (CO2eq) from CH4 (AR5),kilotonnes,1070.5301,1065.4456,1067.4325,1138.606,1284.7752,1250.232,1011.6536,973.2366,814.4247,755.3879,792.9233,1038.38,949.1463,1229.5137,1194.5551,1208.3617,1108.3414,1236.8474,1217.7719,1223.3002,1223.3002
Americas,On-farm energy use,Emissions (CO2eq) from N2O (AR5),kilotonnes,7678.7068,8071.4399,7677.0556,7396.9121,8464.4619,9164.9705,9003.7634,8785.2035,9546.4232,8900.4954,9576.033,8817.7764,8749.5557,9072.0753,9173.5162,9207.7972,8857.9264,9123.0963,9098.4547,9084.7498,9084.7498
Americas,On-farm energy use,Emissions (CO2eq) (AR5),kilotonnes,130258.8748,134988.9205,133798.7135,131074.5105,145971.9327,151474.9125,148955.2329,141652.4642,145783.2452,133194.6884,138202.4994,135814.7929,133761.2718,142667.3603,139049.343,139925.1386,134779.335,141149.7036,143074.3469,143920.4379,143920.4379
Americas,Forestland,Emissions (CO2),kilotonnes,-1058494.115,-983141.0079,-983141.0079,-983141.0079,-983141.0079,-983141.0079,-983141.0079,-983141.0079,-983141.0079,-983141.0079,-983141.0079,-1120333.102,-1120333.102,-1120333.102,-1120333.102,-1120333.102,-793134.1062,-793134.1062,-793134.1062,-793134.1062,-793134.1062
Americas,Forestland,Emissions (CO2eq) (AR5),kilotonnes,-1058494.115,-983141.0079,-983141.0079,-983141.0079,-983141.0079,-983141.0079,-983141.0079,-983141.0079,-983141.0079,-983141.0079,-983141.0079,-1120333.102,-1120333.102,-1120333.102,-1120333.102,-1120333.102,-793134.1062,-793134.1062,-793134.1062,-793134.1062,-793134.1062
Americas,Net Forest conversion,Emissions (CO2),kilotonnes,2213064.805,2317195.868,2317195.868,2317195.868,2317195.868,2317195.868,2317195.868,2317195.868,2317195.868,2317195.868,2317195.868,1457067.353,1457067.353,1457067.353,1457067.353,1457067.353,1298330.214,1298330.214,1298330.214,1298330.214,1298330.214
Americas,Net Forest conversion,Emissions (CO2eq) (AR5),kilotonnes,2213064.805,2317195.868,2317195.868,2317195.868,2317195.868,2317195.868,2317195.868,2317195.868,2317195.868,2317195.868,2317195.868,1457067.353,1457067.353,1457067.353,1457067.353,1457067.353,1298330.214,1298330.214,1298330.214,1298330.214,1298330.214
Americas,Savanna fires,Emissions (CH4),kilotonnes,328.5741,450.0041,561.0195,526.2713,536.7458,593.4604,392.9205,754.4488,432.4999,304.3768,700.7133,417.0671,510.2829,341.2318,391.5761,436.6921,415.3562,526.5141,316.1788,465.3687,568.8395
Americas,Savanna fires,Emissions (N2O),kilotonnes,30.0002,41.0873,51.2235,48.0509,49.0072,54.1855,35.8754,68.8845,39.4891,27.7909,63.9782,38.08,46.5911,31.1559,35.7526,39.8719,37.9238,48.073,28.8685,42.4902,51.9375
Americas,Savanna fires,Emissions (CO2eq) from CH4 (AR5),kilotonnes,9200.0744,12600.1143,15708.547,14735.5964,15028.8813,16616.8921,11001.7746,21124.5656,12109.9964,8522.549,19619.973,11677.8783,14287.9224,9554.4891,10964.1301,12227.3797,11629.973,14742.3946,8853.0054,13030.324,15927.5058
Americas,Savanna fires,Emissions (CO2eq) from N2O (AR5),kilotonnes,7950.0649,10888.1423,13574.2335,12733.4773,12986.9137,14359.1622,9506.9683,18254.38,10464.6165,7364.594,16954.2158,10091.21,12346.6286,8256.3248,9474.4386,10566.0509,10049.8136,12739.3519,7650.1514,11259.8996,13763.4425
Americas,Savanna fires,Emissions (CO2eq) (AR5),kilotonnes,17150.1393,23488.2566,29282.7805,27469.0737,28015.795,30976.0543,20508.7429,39378.9456,22574.6129,15887.143,36574.1887,21769.0883,26634.5509,17810.8139,20438.5687,22793.4306,21679.7866,27481.7465,16503.1568,24290.2236,29690.9483
Americas,Fires in organic soils,Emissions (CH4),kilotonnes,0,0,0,0,0,0,0,0,0,0,0,0,0,0,0,0,0,0,0,0,0
Americas,Fires in organic soils,Emissions (CO2),kilotonnes,0,0,0,0,0,0,0,0,0,0,0,0,0,0,0,0,0,0,0,0,0
Americas,Fires in organic soils,Emissions (CO2eq) from CH4 (AR5),kilotonnes,0,0,0,0,0,0,0,0,0,0,0,0,0,0,0,0,0,0,0,0,0
Americas,Fires in organic soils,Emissions (CO2eq) (AR5),kilotonnes,0,0,0,0,0,0,0,0,0,0,0,0,0,0,0,0,0,0,0,0,0
Americas,Forest fires,Emissions (CH4),kilotonnes,725.0683,217.0385,509.1778,547.8281,653.174,642.0423,416.2809,808.3647,338.0307,197.089,951.2683,308.6915,337.1143,228.6048,213.9391,436.9468,398.0789,527.1954,309.5714,679.7962,820.2298
Americas,Forest fires,Emissions (N2O),kilotonnes,26.4496,19.8166,46.4901,50.0191,59.6376,58.6213,38.0083,73.8072,30.8637,17.9951,86.8549,28.1849,30.78,20.8726,19.5336,39.8951,36.3463,48.1352,28.2652,62.0683,74.8905
Americas,Forest fires,Emissions (CO2eq) from CH4 (AR5),kilotonnes,20301.9126,6077.0778,14256.9789,15339.1868,18288.8717,17977.1846,11655.8643,22634.2128,9464.8589,5518.4925,26635.5118,8643.363,9439.1994,6400.9331,5990.2939,12234.5105,11146.2084,14761.4718,8667.9989,19034.2933,22966.4338
Americas,Forest fires,Emissions (CO2eq) from N2O (AR5),kilotonnes,7009.1408,5251.3879,12319.8894,13255.0581,15803.9707,15534.6324,10072.1871,19558.9122,8178.8726,4768.6973,23016.5564,7468.9931,8156.6994,5531.2411,5176.3952,10572.2129,9631.7779,12755.8371,7490.2817,16448.1121,19845.9944
Americas,Forest fires,Emissions (CO2eq) (AR5),kilotonnes,27311.0534,11328.4657,26576.8683,28594.2449,34092.8424,33511.817,21728.0514,42193.125,17643.7315,10287.1899,49652.0682,16112.3561,17595.8988,11932.1743,11166.6891,22806.7234,20777.9863,27517.3089,16158.2806,35482.4054,42812.4282
Americas,Fires in humid tropical forests,Emissions (CH4),kilotonnes,424.3435,173.3353,428.3607,456.4263,594.8741,563.2109,349.1357,703.2865,239.0315,137.8629,871.0308,229.8435,263.7773,148.2238,163.0127,332.344,321.2767,379.2465,172.6516,529.277,636.2177
Americas,Fires in humid tropical forests,Emissions (N2O),kilotonnes,12.4807,15.8263,39.1112,41.6737,54.3146,51.4236,31.8776,64.2131,21.8246,12.5875,79.5289,20.9857,24.084,13.5335,14.8838,30.3445,29.334,34.6269,15.7638,48.3253,58.0894
Americas,Fires in humid tropical forests,Emissions (CO2eq) from CH4 (AR5),kilotonnes,11881.6181,4853.3874,11994.1004,12779.9359,16656.4741,15769.9051,9775.8,19692.0212,6692.8819,3860.1608,24388.8614,6435.6185,7385.7649,4150.2669,4564.3553,9305.6331,8995.7476,10618.9008,4834.2453,14819.7567,17814.0952
Americas,Fires in humid tropical forests,Emissions (CO2eq) from N2O (AR5),kilotonnes,3307.3839,4193.9597,10364.4672,11043.5316,14393.3662,13627.2549,8447.5663,17016.4749,5783.523,3335.6825,21075.1574,5561.2138,6382.2643,3586.372,3944.1983,8041.2808,7773.4993,9176.1154,4177.4185,12806.2028,15393.7019
Americas,Fires in humid tropical forests,Emissions (CO2eq) (AR5),kilotonnes,15189.002,9047.3471,22358.5677,23823.4675,31049.8404,29397.16,18223.3663,36708.4961,12476.4049,7195.8433,45464.0188,11996.8323,13768.0292,7736.6389,8508.5535,17346.914,16769.2468,19795.0162,9011.6638,27625.9595,33207.7971
Americas,Waste - agri-food systems,Emissions (CH4),kilotonnes,8227.8871,8307.7974,8158.236,8209.5439,8252.4406,8331.9559,8477.9524,8754.2649,9282.9961,9352.3735,9345.7713,9590.644,9562.0059,9349.7171,9309.5882,9266.9736,9301.4146,9225.2654,9149.6918,9064.2345,8967.7501
Americas,Waste - agri-food systems,Emissions (N2O),kilotonnes,30.5934,30.909,31.3526,31.9442,32.3508,32.8231,33.5164,34.3856,34.9056,34.9001,35.6317,36.1483,37.147,37.4045,37.3413,37.4644,38.0463,39.0504,39.8844,40.5549,41.292
Americas,Waste - agri-food systems,Emissions (CO2),kilotonnes,3682.6067,3685.5508,3710.1942,3706.5375,3718.6702,3739.8294,3751.2979,3765.3393,3772.7467,3771.0273,3778.5015,3788.1487,3793.9887,3799.2803,3804.2964,3808.4171,3810.6992,3817.6746,3825.2591,3827.5314,3821.0343
Americas,Waste - agri-food systems,Emissions (CO2eq) from CH4 (AR5),kilotonnes,230380.8388,232618.3271,228430.6087,229867.2294,231068.337,233294.7649,237382.6669,245119.4183,259923.8905,261866.459,261681.5956,268538.0311,267736.1661,261792.0789,260668.4684,259475.2616,260439.608,258307.4309,256191.3702,253798.5656,251097.0042
Americas,Waste - agri-food systems,Emissions (CO2eq) from N2O (AR5),kilotonnes,8107.261,8190.8871,8308.4384,8465.2183,8572.9691,8698.1273,8881.8581,9112.1719,9249.9837,9248.5342,9442.4125,9579.2978,9843.9516,9912.1929,9895.4506,9928.0749,10082.2614,10348.3671,10569.3597,10747.0382,10942.3747
Americas,Waste - agri-food systems,Emissions (CO2eq) (AR5),kilotonnes,242170.7065,244494.765,240449.2413,242038.9851,243359.9763,245732.7217,250015.8229,257996.9295,272946.6209,274886.0204,274902.5096,281905.4776,281374.1064,275503.5521,274368.2155,273211.7536,274332.5686,272473.4727,270585.989,268373.1352,265860.4132
Americas,Fertilizers Manufacturing,Emissions (N2O),kilotonnes,31.8025,32.2121,32.811,33.3005,32.5953,33.1863,35.3837,34.172,35.3646,33.3921,33.8555,37.3265,33.887,34.3475,33.7314,30.4589,34.5182,35.9189,37.1922,35.8891,33.0973
Americas,Fertilizers Manufacturing,Emissions (CO2),kilotonnes,28040.1415,29582.1489,29615.5549,33671.6271,36502.2893,39866.7493,46393.4864,46157.1511,48719.3704,49311.5091,50990.8432,53682.6613,50898.8029,66474.1465,67070.8234,65356.1139,68240.9054,70164.1428,65505.504,65157.9792,57791.7167
Americas,Fertilizers Manufacturing,Emissions (CO2eq) from N2O (AR5),kilotonnes,8427.6625,8536.2065,8694.915,8824.6325,8637.7545,8794.3695,9376.6805,9055.58,9371.619,8848.9065,8971.7075,9891.5225,8980.055,9102.0875,8938.821,8071.6085,9147.323,9518.5085,9855.933,9510.6115,8770.7916
Americas,Fertilizers Manufacturing,Emissions (CO2eq) (AR5),kilotonnes,36467.804,38118.3554,38310.4699,42496.2596,45140.0438,48661.1188,55770.1669,55212.7311,58090.9894,58160.4156,59962.5507,63574.1838,59878.8579,75576.234,76009.6444,73427.7224,77388.2284,79682.6513,75361.437,74668.5907,66562.5084
Americas,On-farm electricity use,Emissions (CH4),kilotonnes,92.7455,91.3868,93.0468,98.2277,97.9821,101.6603,102.8281,101.2383,101.8939,105.4236,102.9561,106.9365,105.8535,104.9289,105.0952,118.9803,125.4792,136.4156,139.2782,146.1149,146.1149
Americas,On-farm electricity use,Emissions (N2O),kilotonnes,0.4952,0.4878,0.4967,0.5243,0.5226,0.5428,0.549,0.5406,0.544,0.5629,0.5498,0.571,0.5649,0.5605,0.5614,0.6355,0.6702,0.7286,0.744,0.7805,0.7805
Americas,On-farm electricity use,Emissions (CO2),kilotonnes,32568.5042,32173.2776,32365.4647,34263.367,32906.7557,34289.2643,33244.2922,32680.0495,31545.3668,31391.1219,30980.6705,29471.9148,28004.8958,29623.8198,28463.7348,34376.6916,36717.7035,40962.082,40939.9442,43435.1903,43435.1903
Americas,On-farm electricity use,Emissions (CO2eq) from CH4 (AR5),kilotonnes,2596.874,2558.8304,2605.3104,2750.3756,2743.4988,2846.4884,2879.1868,2834.6724,2853.0292,2951.8608,2882.7708,2994.222,2963.898,2938.0092,2942.6656,3331.4484,3513.4176,3819.6368,3899.7896,4091.2172,4091.2172
Americas,On-farm electricity use,Emissions (CO2eq) from N2O (AR5),kilotonnes,131.228,129.267,131.6255,138.9395,138.489,143.842,145.485,143.259,144.16,149.1685,145.697,151.315,149.6985,148.5325,148.771,168.4075,177.603,193.079,197.16,206.8325,206.8325
Americas,On-farm electricity use,Emissions (CO2eq) (AR5),kilotonnes,35296.6062,34861.375,35102.4006,37152.6821,35788.7435,37279.5947,36268.964,35657.9809,34542.556,34492.1512,34009.1383,32617.4518,31118.4923,32710.3615,31555.1714,37876.5475,40408.7241,44974.7978,45036.8938,47733.24,47733.24
Americas,Food Processing,Emissions (CH4),kilotonnes,107.5846,113.2519,105.8808,111.5407,109.32,202.0844,201.9315,139.2697,156.541,156.4793,146.1027,172.3776,171.8415,159.3961,154.1588,159.3344,205.3995,206.6527,215.7871,226.3853,220.9686
Americas,Food Processing,Emissions (N2O),kilotonnes,0.9079,1.0589,1.0271,1.0754,1.1189,1.2086,1.2764,1.2424,1.3533,1.2844,1.312,1.2589,1.1916,1.2474,1.2301,1.1789,1.4119,1.4159,1.3884,1.3921,1.3085
Americas,Food Processing,Emissions (CO2),kilotonnes,114127.74,121592.0142,120452.5326,124206.9108,126322.5575,131995.1297,138712.0775,140211.3433,144769.6649,135441.7433,138834.0635,129862.9165,124758.4529,136924.8826,136701.2399,132166.8545,145205.1686,143725.346,143045.2673,142555.2343,126191.8576
Americas,Food Processing,Emissions (CO2eq) from CH4 (AR5),kilotonnes,3012.3688,3171.0532,2964.6624,3123.1396,3060.96,5658.3632,5654.082,3899.5516,4383.148,4381.4204,4090.8756,4826.5728,4811.562,4463.0908,4316.4464,4461.3632,5751.186,5786.2756,6042.0388,6338.7884,6187.1202
Americas,Food Processing,Emissions (CO2eq) from N2O (AR5),kilotonnes,240.5935,280.6085,272.1815,284.981,296.5085,320.279,338.246,329.236,358.6245,340.366,347.68,333.6085,315.774,330.561,325.9765,312.4085,374.1535,375.2135,367.926,368.9065,346.7406
Americas,Food Processing,Emissions (CO2eq) (AR5),kilotonnes,117380.7023,125043.6759,123689.3765,127615.0314,129680.026,137973.7719,144704.4055,144440.1309,149511.4374,140163.5297,143272.6191,135023.0978,129885.7889,141718.5344,141343.6628,136940.6262,151330.5081,149886.8351,149455.2321,149262.9292,132725.7184
Americas,Food Packaging,Emissions (CH4),kilotonnes,85.5275,84.8128,71.5231,72.515,73.0492,74.3506,74.1915,84.85,86.7397,79.4939,76.5832,79.5587,79.4804,78.185,76.89,80.6507,84.314,79.0837,75.7642,75.4787,69.645
Americas,Food Packaging,Emissions (N2O),kilotonnes,0.6058,0.5962,0.511,0.5107,0.5113,0.5219,0.5204,0.5845,0.589,0.5454,0.5471,0.5293,0.5107,0.5095,0.5255,0.5326,0.5346,0.4995,0.4641,0.4779,0.456
Americas,Food Packaging,Emissions (CO2),kilotonnes,60773.0237,58611.2428,46830.1075,46348.4308,45931.9987,46222.7099,44095.594,48825.5413,48793.0143,43751.9794,46815.1925,44525.6397,43878.064,45019.1943,47125.1227,47939.6936,48570.4325,45713.3854,42937.5003,42666.5393,37772.2405
Americas,Food Packaging,Emissions (CO2eq) from CH4 (AR5),kilotonnes,2394.77,2374.7584,2002.6468,2030.42,2045.3776,2081.8168,2077.362,2375.8,2428.7116,2225.8292,2144.3296,2227.6436,2225.4512,2189.18,2152.92,2258.2196,2360.792,2214.3436,2121.3976,2113.4036,1950.0605
Americas,Food Packaging,Emissions (CO2eq) from N2O (AR5),kilotonnes,160.537,157.993,135.415,135.3355,135.4945,138.3035,137.906,154.8925,156.085,144.531,144.9815,140.2645,135.3355,135.0175,139.2575,141.139,141.669,132.3675,122.9865,126.6435,120.8313
Americas,Food Packaging,Emissions (CO2eq) (AR5),kilotonnes,63328.3307,61143.9942,48968.1693,48514.1863,48112.8708,48442.8302,46310.862,51356.2338,51377.8109,46122.3396,49104.5036,46893.5478,46238.8507,47343.3918,49417.3002,50339.0522,51072.8935,48060.0965,45181.8844,44906.5864,39843.1323
Americas,Food Retail,Emissions (CH4),kilotonnes,124.0865,125.6037,127.0106,127.8332,130.8143,134.23,137.3051,148.5577,154.8541,154.7114,158.2902,160.3928,163.0291,166.9019,170.9605,172.6629,172.2881,173.5612,175.9653,186.7513,179.5625
Americas,Food Retail,Emissions (N2O),kilotonnes,0.7117,0.7262,0.746,0.7565,0.7754,0.7949,0.8022,0.8672,0.8981,0.8981,0.9166,0.9242,0.9292,0.955,0.9762,0.9859,0.9835,0.9897,1.0027,1.0647,1.0093
Americas,Food Retail,Emissions (CO2),kilotonnes,65201.1266,66542.5161,67767.5024,68458.0708,69094.8015,69367.277,67714.7853,74180.96,73929.228,70757.9917,72752.3882,70832.4535,68522.111,75619.1018,76866.4741,76844.0413,76882.5825,77050.7227,79308.9772,81740.2477,72290.5664
Americas,Food Retail,Emissions (CO2eq) from F-gases (AR5),kilotonnes,104688.601,124350.1175,142971.595,162641.943,181753.8285,201467.295,218172.337,234370.347,235684.1625,235141.285,233930.3305,232405.598,230767.6145,229153.528,229153.528,229154.567,242863.6525,245725.578,248586.4645,251447.8705,254705.9735
Americas,Food Retail,Emissions (CO2eq) from CH4 (AR5),kilotonnes,3474.4227,3516.9035,3556.298,3579.3302,3662.7998,3758.4405,3844.5416,4159.6156,4335.9148,4331.9192,4432.1256,4490.9984,4564.8148,4673.2532,4786.894,4834.5612,4824.0668,4859.7136,4927.0284,5229.0364,5027.7486
Americas,Food Retail,Emissions (CO2eq) from N2O (AR5),kilotonnes,188.5962,192.4474,197.6827,200.4624,205.4808,210.6409,212.5745,229.808,237.9965,237.9965,242.899,244.913,246.238,253.075,258.693,261.2635,260.6275,262.2705,265.7155,282.1455,267.4654
Americas,Food Retail,Emissions (CO2eq) (AR5),kilotonnes,173552.7465,194601.9845,214493.0781,234879.8064,254716.9105,274803.6534,289944.2385,312940.7306,314187.3018,310469.1924,311357.7433,307973.9629,304100.7783,309698.958,311065.5891,311094.433,324830.9293,327898.2848,333088.1856,338699.3001,332291.7539
Americas,Food Household Consumption,Emissions (CH4),kilotonnes,210.4295,209.6174,214.2727,219.4821,224.5685,235.4166,239.132,251.2439,254.8294,259.1545,271.8018,277.2951,282.2755,291.1463,301.8657,302.6267,307.5167,301.0632,313.5321,316.5638,311.2277
Americas,Food Household Consumption,Emissions (N2O),kilotonnes,1.2351,1.228,1.2485,1.277,1.3,1.3585,1.3715,1.4401,1.4542,1.4753,1.5431,1.5688,1.5864,1.6409,1.699,1.7005,1.7225,1.6889,1.7584,1.7741,1.7464
Americas,Food Household Consumption,Emissions (CO2),kilotonnes,123763.8278,123803.0969,124861.4152,127699.4085,126718.2764,129979.985,125183.8365,131164.3262,129938.0427,126999.7104,133033.7776,129782.2854,128115.0875,136704.9971,139903.7479,138319.4536,138438.3637,136365.9825,143173.1778,143233.2087,125870.3731
Americas,Food Household Consumption,Emissions (CO2eq) from CH4 (AR5),kilotonnes,5892.026,5869.2872,5999.6356,6145.4988,6287.918,6591.6648,6695.696,7034.8292,7135.2232,7256.326,7610.4504,7764.2628,7903.714,8152.0964,8452.2396,8473.5476,8610.4676,8429.7696,8778.8988,8863.7864,8714.3759
Americas,Food Household Consumption,Emissions (CO2eq) from N2O (AR5),kilotonnes,327.3015,325.42,330.8525,338.405,344.5,360.0025,363.4475,381.6265,385.363,390.9545,408.9215,415.732,420.396,434.8385,450.235,450.6325,456.4625,447.5585,465.976,470.1365,462.8018
Americas,Food Household Consumption,Emissions (CO2eq) (AR5),kilotonnes,129983.1553,129997.8041,131191.9033,134183.3123,133350.6944,136931.6523,132242.98,138580.7819,137458.6289,134646.9909,141053.1495,137962.2802,136439.1975,145291.932,148806.2225,147243.6337,147505.2938,145243.3106,152418.0526,152567.1316,135047.5508
Americas,Food Transport,Emissions (CH4),kilotonnes,14.0175,13.6668,13.525,13.7674,13.9058,13.9366,13.9171,14.0124,14.049,13.8006,14.4655,14.8124,15.5373,15.6386,16.0208,16.1159,16.343,16.2614,16.1555,15.2424,15.1904
Americas,Food Transport,Emissions (N2O),kilotonnes,10.218,9.9064,9.7587,9.5482,9.5316,9.4649,9.7465,9.6935,8.9791,8.2682,8.6289,9.0437,8.8976,9.0731,9.1539,9.4019,9.4689,9.3742,9.523,9.2148,8.7006
Americas,Food Transport,Emissions (CO2),kilotonnes,107110.8759,107650.3019,108957.0573,111590.2407,115424.1338,118289.583,120561.988,123701.4948,122116.2769,118672.9478,124332.6768,126802.7675,128528.7921,130269.8417,131325.9305,132434.8716,133605.4333,133398.5224,133863.9606,140809.5369,124178.9979
Americas,Food Transport,Emissions (CO2eq) from CH4 (AR5),kilotonnes,392.49,382.6704,378.7,385.4872,389.3624,390.2248,389.6788,392.3472,393.372,386.4168,405.034,414.7472,435.0444,437.8808,448.5824,451.2452,457.604,455.3192,452.354,426.7872,425.3304
Americas,Food Transport,Emissions (CO2eq) from N2O (AR5),kilotonnes,2707.77,2625.196,2586.0555,2530.273,2525.874,2508.1985,2582.8225,2568.7775,2379.4615,2191.073,2286.6585,2396.5805,2357.864,2404.3715,2425.7835,2491.5035,2509.2585,2484.163,2523.595,2441.922,2305.6627
Americas,Food Transport,Emissions (CO2eq) (AR5),kilotonnes,110211.1359,110658.1683,111921.8128,114506.0009,118339.3702,121188.0063,123534.4893,126662.6195,124889.1104,121250.4376,127024.3693,129614.0952,131321.7005,133112.094,134200.2964,135377.6203,136572.2958,136338.0046,136839.9096,143678.2461,126909.9911
Americas,Energy,Emissions (CH4),kilotonnes,20791.0222,21123.3617,20942.4327,21114.7316,21357.089,21214.3497,21446.7785,21640.3585,22095.2104,20971.506,20978.9777,21545.8179,21413.6611,21651.2896,21784.6077,21335.1128,20227.1764,20405.791,20473.4619,20459.2391,19370.0539
Americas,Energy,Emissions (N2O),kilotonnes,342.5966,334.327,323.9402,318.8086,320.7544,315.9308,316.112,314.0796,307.7096,287.8157,301.5066,292.3583,285.9337,292.1453,294.8019,292.6847,289.0041,283.7385,286.8054,278.87,261.2117
Americas,Energy,Emissions (CO2),kilotonnes,7504462.7,7431408.6,7486316.3,7585047,7666126,7772460,7727628,7851627,7778555,7357089,7544732,7438713,7309246,7432002,7547517,7414226,7273220,7213092,7345656,7173261,6342873
Americas,Energy,Emissions (CO2eq) from CH4 (AR5),kilotonnes,582148.6205,591454.1265,586388.1162,591212.4842,597998.4906,594001.7927,600509.7991,605930.0386,618665.8898,587202.1672,587411.3756,603282.9009,599582.5097,606236.1074,609969.017,597383.1573,566360.94,571362.148,573256.9338,572858.6959,542361.5086
Americas,Energy,Emissions (CO2eq) from N2O (AR5),kilotonnes,90788.099,88596.6566,85844.1644,84484.2795,84999.9107,83721.6615,83769.6713,83231.0911,81543.0318,76271.1626,79899.2583,77474.9492,75772.4302,77418.4968,78122.5008,77561.433,76586.0881,75190.7105,76003.4318,73900.5553,69221.1005
Americas,Energy,Emissions (CO2eq) (AR5),kilotonnes,8177399.42,8111459.383,8158548.581,8260743.764,8349124.401,8450183.454,8411907.47,8540788.13,8478763.922,8020562.33,8212042.634,8119470.85,7984600.94,8115656.604,8235608.518,8089170.59,7916167.028,7859644.859,7994916.366,7820020.251,6954455.609
Americas,IPPU,Emissions (CH4),kilotonnes,53.9258,48.7555,53.3815,56.6162,58.4522,55.905,57.0517,54.6895,49.9446,46.5499,48.5299,50.3198,50.4923,50.7076,51.4631,55.3638,58.575,60.0847,67.3688,69.343,67.0806
Americas,IPPU,Emissions (N2O),kilotonnes,266.0351,258.1056,257.7169,263.8812,269.5356,278.0112,282.8463,305.4055,305.1728,315.552,322.4965,326.8823,328.089,332.2967,332.9727,329.9693,330.9762,330.9828,330.5186,316.8667,337.2347
Americas,IPPU,Emissions (CO2),kilotonnes,345707.73,323968.2248,321075.1557,323880.337,335680.796,335438.693,339757.235,337886.246,322968.465,293889.827,304703.818,309424.649,316136.233,319346.501,322033.631,324167.44,320209.939,324717.241,326129.238,319870.787,317195.106
Americas,IPPU,Emissions (CO2eq) from F-gases (AR5),kilotonnes,228727.1038,222614.6872,240253.9386,259869.184,294933.7344,327010.7354,359300.0528,386396.0512,410025.629,443106.8242,506560.6166,501781.3418,499684.4796,504836.4325,521666.8098,527961.2108,535043.7323,542980.2778,549330.4437,565756.6726,575878.2832
Americas,IPPU,Emissions (CO2eq) from CH4 (AR5),kilotonnes,1509.9212,1365.1542,1494.6824,1585.2527,1636.6609,1565.3386,1597.4485,1531.3069,1398.4482,1303.397,1358.8376,1408.9548,1413.7839,1419.8126,1440.9655,1550.1875,1640.0987,1682.3716,1886.3264,1941.6049,1878.256
Americas,IPPU,Emissions (CO2eq) from N2O (AR5),kilotonnes,70499.2889,68397.99,68294.9687,69928.5164,71426.9377,73672.9773,74954.2762,80932.4698,80870.799,83621.2788,85461.5798,86623.8009,86943.5846,88058.6359,88237.7597,87441.8725,87708.6847,87710.442,87587.416,83969.6653,89367.1933
Americas,IPPU,Emissions (CO2eq) (AR5),kilotonnes,646444.0438,616346.0563,631118.7453,655263.2901,703678.129,737687.7444,775609.0124,806746.0738,815263.3412,821921.327,898084.852,899238.7465,904178.0811,913661.382,933379.166,941120.7108,944602.4546,957090.3324,964933.4241,971538.7298,984318.8385
Americas,Waste,Emissions (CH4),kilotonnes,17003.986,16137.536,16108.206,16532.485,16707.348,16821.388,17327.848,17483.718,17597.119,17202.769,16828.509,16803.139,16849.049,17178.319,17500.475,17802.852,18056.29,18289.783,18646.269,18673.159,18700.198
Americas,Waste,Emissions (N2O),kilotonnes,55.0313,55.6415,56.437,57.8132,59.0079,59.9052,60.8026,61.9051,63.0455,63.2771,63.6938,64.2549,65.2615,66.4327,67.5024,68.4536,69.6604,70.993,71.5971,73.2757,73.5144
Americas,Waste,Emissions (CO2),kilotonnes,535.6281,556.8939,577.8396,558.2525,583.0568,599.4626,641.9263,631.5811,714.5609,710.0062,733.4694,733.1083,693.858,975.6335,1012.2165,1044.8995,1058.472,1075.0554,1092.7194,1136.1552,1206.7955
Americas,Waste,Emissions (CO2eq) from CH4 (AR5),kilotonnes,476111.608,451851.008,451029.768,462909.58,467805.744,470998.864,485179.744,489544.104,492719.332,481677.532,471198.252,470487.892,471773.372,480992.932,490013.3,498479.856,505576.12,512113.924,522095.532,522848.452,523605.544
Americas,Waste,Emissions (CO2eq) from N2O (AR5),kilotonnes,14583.2971,14744.9896,14955.7971,15320.4953,15637.0882,15874.8674,16112.6996,16404.8541,16707.0602,16768.4368,16878.8623,17027.5459,17294.3108,17604.6682,17888.1254,18140.1987,18460.0034,18813.1583,18973.2209,19418.0658,19481.3292
Americas,Waste,Emissions (CO2eq) (AR5),kilotonnes,491230.5332,467152.8914,466563.4046,478788.3278,484025.889,487473.194,501934.3699,506580.5392,510140.953,499155.975,488810.5837,488248.5461,489761.5407,499573.2336,508913.6419,517664.9542,525094.5953,532002.1376,542161.4723,543402.673,544293.6688
Americas,Other,Emissions (CH4),kilotonnes,22.32,26.4,27.2,28.1,29,29.9,30.8,31.6,32.5,33.4,34.3,35.2,36,36.9,37.8,38.7,39.6,40.5,41.3,42.2,43.1
Americas,Other,Emissions (N2O),kilotonnes,139.0212,135.92,130.3201,131.2933,132.1123,131.4488,130.0239,132.3646,128.6528,120.5547,126.1279,126.9029,126.638,130.0764,130.6479,130.4552,128.6768,127.619,128.4535,127.6979,127.5447
Americas,Other,Emissions (CO2),kilotonnes,4730,4730,4730,4730,4730,4730,4730,4730,4730,4730,4730,4730,4730,4730,4730,4730,4730,4730,4730,4730,4730
Americas,Other,Emissions (CO2eq) from CH4 (AR5),kilotonnes,624.96,739.2,761.6,786.8,812,837.2,862.4,884.8,910,935.2,960.4,985.6,1008,1033.2,1058.4,1083.6,1108.8,1134,1156.4,1181.6,1206.8
Americas,Other,Emissions (CO2eq) from N2O (AR5),kilotonnes,36840.6286,36018.7971,34534.8199,34792.7163,35009.75,34833.9291,34456.3452,35076.6206,34092.9811,31947.0077,33423.9012,33629.2812,33559.0591,34470.2388,34621.7046,34570.6214,34099.3419,33819.0374,34040.1825,33839.9377,33799.3405
Americas,Other,Emissions (CO2eq) (AR5),kilotonnes,42195.5886,41487.9971,40026.4199,40309.5163,40551.75,40401.1291,40048.7452,40691.4206,39732.9811,37612.2077,39114.3012,39344.8812,39297.0591,40233.4388,40410.1046,40384.2214,39938.1419,39683.0374,39926.5825,39751.5377,39736.1405
Americas,Farm-gate emissions,Emissions (CH4),kilotonnes,32417.0307,32994.2814,33887.6612,34769.6896,35517.8733,35917.0206,35752.962,35865.1986,35837.1925,35760.9765,36016.0505,35681.1303,35735.8662,35556.0384,35737.2588,35809.8735,36262.8458,36408.1934,36378.3509,36739.0275,37129.994
Americas,Farm-gate emissions,Direct emissions (N2O),kilotonnes,1073.4973,1087.5895,1104.2766,1161.4637,1178.7715,1178.2943,1193.9303,1222.7533,1205.9944,1202.3569,1234.4008,1269.6527,1262.8011,1285.7295,1295.51,1280.0839,1307.0691,1327.1071,1330.372,1341.4499,1383.1901
Americas,Farm-gate emissions,Indirect emissions (N2O),kilotonnes,289.2605,293.0161,297.0976,312.1814,315.8065,315.5355,320.7381,329.3966,323.1909,322.4995,332.8907,344.5756,342.5177,347.9448,350.6117,344.476,351.3536,357.2019,358.4965,361.4988,373.9497
Americas,Farm-gate emissions,Emissions (N2O),kilotonnes,1565.6763,1597.02,1626.6311,1694.8381,1721.4976,1729.6573,1733.0737,1804.0643,1755.4618,1735.7999,1817.7385,1836.2893,1835.5464,1849.1183,1866.9153,1850.292,1882.2355,1920.6201,1907.0016,1935.5703,1999.065
Americas,Farm-gate emissions,Emissions (CO2),kilotonnes,228410.6031,232833.138,232144.9294,229624.4329,244140.9015,248810.2153,246534.0573,239294.0205,242738.3426,230823.5725,235169.0441,233334.9598,231405.0845,239650.0286,236051.2604,236848.2917,232162.999,238296.4854,240809.1417,241947.1409,242046.5077
Americas,Farm-gate emissions,Emissions (CO2eq) from CH4 (AR5),kilotonnes,907676.8588,923839.8801,948854.5134,973551.3096,994500.4536,1005676.577,1001082.936,1004225.56,1003441.391,1001307.342,1008449.413,999071.6471,1000604.253,995569.0765,1000643.247,1002676.458,1015359.683,1019429.416,1018593.825,1028692.771,1039639.833
Americas,Farm-gate emissions,Emissions (CO2eq) from N2O (AR5),kilotonnes,414904.2236,423210.3018,431057.2321,449132.0913,456196.8556,458359.1789,459264.5279,478077.0308,465197.3711,459986.9773,481700.7005,486616.6729,486419.8045,490016.358,494732.5598,490327.3679,498792.4124,508964.3155,505355.412,512926.1288,529752.2292
Americas,Farm-gate emissions,Emissions (CO2eq) (AR5),kilotonnes,1550991.686,1579883.32,1612056.675,1652307.834,1694838.211,1712845.971,1706881.521,1721596.611,1711377.105,1692117.891,1725319.158,1719023.28,1718429.142,1725235.463,1731427.067,1729852.117,1746315.095,1766690.217,1764758.378,1783566.041,1811438.57
Americas,Land Use change,Emissions (CH4),kilotonnes,424.3435,173.3353,428.3607,456.4263,594.8741,563.2109,349.1357,703.2865,239.0315,137.8629,871.0308,229.8435,263.7773,148.2238,163.0127,332.344,321.2767,379.2465,172.6516,529.277,636.2177
Americas,Land Use change,Emissions (N2O),kilotonnes,12.4807,15.8263,39.1112,41.6737,54.3146,51.4236,31.8776,64.2131,21.8246,12.5875,79.5289,20.9857,24.084,13.5335,14.8838,30.3445,29.334,34.6269,15.7638,48.3253,58.0894
Americas,Land Use change,Emissions (CO2),kilotonnes,2213064.805,2317195.868,2317195.868,2317195.868,2317195.868,2317195.868,2317195.868,2317195.868,2317195.868,2317195.868,2317195.868,1457067.353,1457067.353,1457067.353,1457067.353,1457067.353,1298330.214,1298330.214,1298330.214,1298330.214,1298330.214
Americas,Land Use change,Emissions (CO2eq) from CH4 (AR5),kilotonnes,11881.6181,4853.3874,11994.1004,12779.9359,16656.4741,15769.9051,9775.8,19692.0212,6692.8819,3860.1608,24388.8614,6435.6185,7385.7649,4150.2669,4564.3553,9305.6331,8995.7476,10618.9008,4834.2453,14819.7567,17814.0952
Americas,Land Use change,Emissions (CO2eq) from N2O (AR5),kilotonnes,3307.3839,4193.9597,10364.4672,11043.5316,14393.3662,13627.2549,8447.5663,17016.4749,5783.523,3335.6825,21075.1574,5561.2138,6382.2643,3586.372,3944.1983,8041.2808,7773.4993,9176.1154,4177.4185,12806.2028,15393.7019
Americas,Land Use change,Emissions (CO2eq) (AR5),kilotonnes,2228253.807,2326243.215,2339554.436,2341019.336,2348245.708,2346593.028,2335419.234,2353904.364,2329672.273,2324391.711,2362659.887,1469064.185,1470835.382,1464803.992,1465575.907,1474414.267,1315099.461,1318125.23,1307341.878,1325956.173,1331538.011
Americas,Emissions on agricultural land,Emissions (CH4),kilotonnes,32841.3742,33167.6167,34316.0219,35226.1159,36112.7474,36480.2315,36102.0977,36568.485,36076.224,35898.8394,36887.0812,35910.9738,35999.6435,35704.2623,35900.2715,36142.2175,36584.1225,36787.4399,36551.0025,37268.3046,37766.2117
Americas,Emissions on agricultural land,Emissions (N2O),kilotonnes,1578.157,1612.8463,1665.7423,1736.5118,1775.8122,1781.0809,1764.9513,1868.2774,1777.2864,1748.3874,1897.2674,1857.275,1859.6304,1862.6518,1881.7991,1880.6364,1911.5695,1955.2469,1922.7654,1983.8956,2057.1545
Americas,Emissions on agricultural land,Emissions (CO2),kilotonnes,2441475.408,2550029.006,2549340.797,2546820.301,2561336.77,2566006.083,2563729.925,2556489.889,2559934.211,2548019.441,2552364.912,1690402.313,1688472.438,1696717.382,1693118.614,1693915.645,1530493.213,1536626.699,1539139.355,1540277.355,1540376.721
Americas,Emissions on agricultural land,Emissions (CO2eq) from CH4 (AR5),kilotonnes,919558.4769,928693.2675,960848.6138,986331.2456,1011156.928,1021446.482,1010858.736,1023917.581,1010134.273,1005167.502,1032838.275,1005507.266,1007990.018,999719.3434,1005207.602,1011982.091,1024355.431,1030048.316,1023428.07,1043512.528,1057453.929
Americas,Emissions on agricultural land,Emissions (CO2eq) from N2O (AR5),kilotonnes,418211.6075,427404.2616,441421.6993,460175.6229,470590.2218,471986.4339,467712.0942,495093.5057,470980.8941,463322.6597,502775.8579,492177.8868,492802.0688,493602.73,498676.7581,498368.6487,506565.9117,518140.4309,509532.8305,525732.3316,545145.9311
Americas,Emissions on agricultural land,Emissions (CO2eq) (AR5),kilotonnes,3779245.493,3906126.535,3951611.111,3993327.169,4043083.919,4059438.999,4042300.755,4075500.975,4041049.378,4016509.603,4087979.045,3188087.465,3189264.525,3190039.455,3197002.974,3204266.384,3061414.555,3084815.446,3072100.256,3109522.214,3142976.581
Americas,Pre- and post- production,Emissions (CH4),kilotonnes,8862.2782,8946.1368,8783.4951,8852.91,8902.0805,9093.6344,9247.2576,9493.4369,10051.9032,10121.4368,10115.9708,10402.0171,10380.0232,10165.9139,10134.5792,10117.3445,10212.7551,10138.3032,10086.1742,10030.7709,9910.4592
Americas,Pre- and post- production,Emissions (N2O),kilotonnes,76.5696,77.1246,77.9516,78.9368,78.7059,79.901,83.1661,82.9259,84.0879,81.3265,82.9847,87.3707,84.7144,85.7384,85.2188,82.3586,87.3561,89.6661,91.9572,91.1481,88.3906
Americas,Pre- and post- production,Emissions (CO2),kilotonnes,535267.8464,543640.1492,534559.8289,549944.5931,556619.4831,573750.5276,579657.3578,600686.2055,603583.7107,580098.0309,601518.1137,588748.7874,576500.1949,624435.2641,631261.3697,631246.1371,651471.2887,651197.8584,652599.5905,663425.4678,591351.9768
Americas,Pre- and post- production,Emissions (CO2eq) from F-gases (AR5),kilotonnes,104688.601,124350.1175,142971.595,162641.943,181753.8285,201467.295,218172.337,234370.347,235684.1625,235141.285,233930.3305,232405.598,230767.6145,229153.528,229153.528,229154.567,242863.6525,245725.578,248586.4645,251447.8705,254705.9735
Americas,Pre- and post- production,Emissions (CO2eq) from CH4 (AR5),kilotonnes,248143.7904,250491.8302,245937.8619,247881.4808,249258.2536,254621.7634,258923.2142,265816.2343,281453.2893,283400.2314,283247.1816,291256.4779,290640.6505,284645.5893,283768.2164,283285.6468,285957.142,283872.4893,282412.8774,280861.5848,277492.857
Americas,Pre- and post- production,Emissions (CO2eq) from N2O (AR5),kilotonnes,20290.9497,20438.0255,20657.1661,20918.2472,20857.0704,21173.7632,22039.0201,21975.3514,22283.2932,21551.5302,21990.9575,23153.2338,22449.3126,22720.6764,22582.9881,21825.0379,23149.3584,23761.5276,24368.6517,24154.2362,23423.5007
Americas,Pre- and post- production,Emissions (CO2eq) (AR5),kilotonnes,908391.1874,938920.1224,944126.4518,981386.2641,1008488.636,1051013.349,1078791.929,1122848.138,1143004.456,1120191.077,1140686.583,1135564.097,1120357.773,1160955.058,1166766.102,1165511.389,1203441.442,1204557.453,1207967.584,1219889.159,1146974.308
Americas,Agri-food systems,Emissions (CH4),kilotonnes,41703.6524,42113.7535,43099.517,44079.0259,45014.8279,45573.8659,45349.3553,46061.922,46128.1272,46020.2762,47003.052,46312.9908,46379.6667,45870.1762,46034.8507,46259.5621,46796.8776,46925.7431,46637.1767,47299.0754,47676.6709
Americas,Agri-food systems,Emissions (N2O),kilotonnes,1654.7266,1689.9709,1743.6938,1815.4486,1854.5181,1860.9819,1848.1174,1951.2032,1861.3743,1829.7139,1980.2521,1944.6457,1944.3448,1948.3902,1967.0179,1962.995,1998.9255,2044.9131,2014.7226,2075.0437,2145.545
Americas,Agri-food systems,Emissions (CO2),kilotonnes,2976743.255,3093669.155,3083900.626,3096764.894,3117956.253,3139756.611,3143387.283,3157176.094,3163517.921,3128117.471,3153883.026,2279151.1,2264972.633,2321152.646,2324379.983,2325161.782,2181964.501,2187824.558,2191738.946,2203702.822,2131728.698
Americas,Agri-food systems,Emissions (CO2eq) from F-gases (AR5),kilotonnes,104688.601,124350.1175,142971.595,162641.943,181753.8285,201467.295,218172.337,234370.347,235684.1625,235141.285,233930.3305,232405.598,230767.6145,229153.528,229153.528,229154.567,242863.6525,245725.578,248586.4645,251447.8705,254705.9735
Americas,Agri-food systems,Emissions (CO2eq) from CH4 (AR5),kilotonnes,1167702.267,1179185.098,1206786.476,1234212.726,1260415.181,1276068.245,1269781.95,1289733.815,1291587.562,1288567.734,1316085.456,1296763.744,1298630.669,1284364.933,1288975.819,1295267.738,1310312.573,1313920.806,1305840.947,1324374.113,1334946.786
Americas,Agri-food systems,Emissions (CO2eq) from N2O (AR5),kilotonnes,438502.5572,447842.2871,462078.8654,481093.8701,491447.2922,493160.1971,489751.1143,517068.8571,493264.1873,484874.1899,524766.8153,515331.1206,515251.3814,516323.4064,521259.7463,520193.6866,529715.27,541901.9585,533901.4822,549886.5678,568569.4318
Americas,Agri-food systems,Emissions (CO2eq) (AR5),kilotonnes,4687636.68,4845046.658,4895737.562,4974713.434,5051572.555,5110452.348,5121092.684,5198349.113,5184053.833,5136700.68,5228665.628,4323651.562,4309622.297,4350994.513,4363769.076,4369777.773,4264855.997,4289372.9,4280067.84,4329411.373,4289950.889
Americas,IPCC Agriculture,Emissions (CH4),kilotonnes,32378.7975,32956.2298,33849.5386,34729.0251,35471.9885,35872.3695,35716.8315,35830.4401,35808.1059,35733.9983,35987.7318,35644.0453,35701.9681,35512.1272,35694.5961,35766.7177,36223.2622,36364.0203,36334.859,36695.3382,37086.3048
Americas,IPCC Agriculture,Direct emissions (N2O),kilotonnes,1073.4973,1087.5895,1104.2766,1161.4637,1178.7715,1178.2943,1193.9303,1222.7533,1205.9944,1202.3569,1234.4008,1269.6527,1262.8011,1285.7295,1295.51,1280.0839,1307.0691,1327.1071,1330.372,1341.4499,1383.1901
Americas,IPCC Agriculture,Indirect emissions (N2O),kilotonnes,289.2605,293.0161,297.0976,312.1814,315.8065,315.5355,320.7381,329.3966,323.1909,322.4995,332.8907,344.5756,342.5177,347.9448,350.6117,344.476,351.3536,357.2019,358.4965,361.4988,373.9497
Americas,IPCC Agriculture,Emissions (N2O),kilotonnes,1536.7001,1566.5617,1597.661,1666.9252,1689.5562,1695.0725,1699.0972,1770.9126,1719.4375,1702.2131,1781.6025,1803.0147,1802.5292,1814.8841,1832.2983,1815.5455,1848.8094,1886.1933,1872.6678,1901.2882,1964.7829
Americas,IPCC Agriculture,Emissions (CO2eq) from CH4 (AR5),kilotonnes,906606.3287,922774.4345,947787.0809,972412.7036,993215.6784,1004426.345,1000071.282,1003252.323,1002626.966,1000551.954,1007656.49,998033.2671,999655.1071,994339.5628,999448.692,1001468.096,1014251.342,1018192.568,1017376.053,1027469.471,1038416.533
Americas,IPCC Agriculture,Emissions (CO2eq) from N2O (AR5),kilotonnes,407225.5168,415138.8619,423380.1765,441735.1792,447732.3937,449194.2084,450260.7645,469291.8273,455650.9479,451086.4819,472124.6675,477798.8965,477670.2488,480944.2826,485559.0436,481119.5707,489934.486,499841.2192,496256.9572,503841.379,520667.4794
Americas,IPCC Agriculture,Emissions (CO2eq) (AR5),kilotonnes,1313831.846,1337913.296,1371167.257,1414147.883,1440948.072,1453620.553,1450332.046,1472544.151,1458277.914,1451638.436,1479781.157,1475832.164,1477325.356,1475283.846,1485007.736,1482587.667,1504185.828,1518033.787,1513633.01,1531310.85,1559084.013
Americas,Agricultural Soils,Direct emissions (N2O),kilotonnes,1073.4973,1087.5895,1104.2766,1161.4637,1178.7715,1178.2943,1193.9303,1222.7533,1205.9944,1202.3569,1234.4008,1269.6527,1262.8011,1285.7295,1295.51,1280.0839,1307.0691,1327.1071,1330.372,1341.4499,1383.1901
Americas,Agricultural Soils,Indirect emissions (N2O),kilotonnes,289.2605,293.0161,297.0976,312.1814,315.8065,315.5355,320.7381,329.3966,323.1909,322.4995,332.8907,344.5756,342.5177,347.9448,350.6117,344.476,351.3536,357.2019,358.4965,361.4988,373.9497
Americas,Agricultural Soils,Emissions (N2O),kilotonnes,1419.3777,1437.3153,1458.1506,1530.437,1551.5413,1550.7133,1571.476,1608.8644,1585.871,1581.5401,1624.0156,1670.9965,1662.098,1690.4474,1702.9045,1681.3451,1715.2563,1741.2131,1746.1039,1760.3292,1814.5777
Americas,Agricultural Soils,Emissions (CO2eq) from N2O (AR5),kilotonnes,376135.0882,380888.5592,386409.9085,405565.8099,411158.4401,410939.035,416441.1301,426349.0593,420255.8174,419108.118,430364.1466,442814.0616,440455.9752,447968.5675,451269.6965,445556.4437,454542.925,461421.474,462717.5332,466487.2458,480863.0786
Americas,Agricultural Soils,Emissions (CO2eq) (AR5),kilotonnes,376135.0882,380888.5592,386409.9085,405565.8099,411158.4401,410939.035,416441.1301,426349.0593,420255.8174,419108.118,430364.1466,442814.0616,440455.9752,447968.5675,451269.6965,445556.4437,454542.925,461421.474,462717.5332,466487.2458,480863.0786
Americas,LULUCF,Emissions (CH4),kilotonnes,725.0683,217.0385,509.1778,547.8281,653.174,642.0423,416.2809,808.3647,338.0307,197.089,951.2683,308.6915,337.1143,228.6048,213.9391,436.9468,398.0789,527.1954,309.5714,679.7962,820.2298
Americas,LULUCF,Emissions (N2O),kilotonnes,26.4496,19.8166,46.4901,50.0191,59.6376,58.6213,38.0083,73.8072,30.8637,17.9951,86.8549,28.1849,30.78,20.8726,19.5336,39.8951,36.3463,48.1352,28.2652,62.0683,74.8905
Americas,LULUCF,Emissions (CO2),kilotonnes,1261471.655,1441035.963,1441145.564,1441140.301,1441973.066,1441805.365,1441649.102,1441454.857,1441370.805,1441339.628,1441390.361,444110.5746,444076.766,444018.5087,444104.2401,444073.5633,612546.0394,612702.833,613247.1289,613530.8604,613630.2272
Americas,LULUCF,Emissions (CO2eq) from CH4 (AR5),kilotonnes,20301.9126,6077.0778,14256.9789,15339.1868,18288.8717,17977.1846,11655.8643,22634.2128,9464.8589,5518.4925,26635.5118,8643.363,9439.1994,6400.9331,5990.2939,12234.5105,11146.2084,14761.4718,8667.9989,19034.2933,22966.4338
Americas,LULUCF,Emissions (CO2eq) from N2O (AR5),kilotonnes,7009.1408,5251.3879,12319.8894,13255.0581,15803.9707,15534.6324,10072.1871,19558.9122,8178.8726,4768.6973,23016.5564,7468.9931,8156.6994,5531.2411,5176.3952,10572.2129,9631.7779,12755.8371,7490.2817,16448.1121,19845.9944
Americas,LULUCF,Emissions (CO2eq) (AR5),kilotonnes,1288782.709,1452364.429,1467722.432,1469734.545,1476065.908,1475317.182,1463377.153,1483647.982,1459014.537,1451626.817,1491042.429,460222.9307,461672.6648,455950.683,455270.9292,466880.2867,633324.0256,640220.1419,629405.4095,649013.2658,656442.6555
Americas,AFOLU,Emissions (CH4),kilotonnes,33103.8658,33173.2683,34358.7164,35276.8532,36125.1625,36514.4118,36133.1124,36638.8049,36146.1366,35931.0874,36939.0001,35952.7368,36039.0824,35740.732,35908.5352,36203.6645,36621.3411,36891.2157,36644.4304,37375.1344,37906.5345
Americas,AFOLU,Emissions (N2O),kilotonnes,1563.1497,1586.3783,1644.1512,1716.9443,1749.1938,1753.6937,1737.1055,1844.7198,1750.3012,1720.2082,1868.4574,1831.1996,1833.3092,1835.7567,1851.8318,1855.4407,1885.1557,1934.3285,1900.933,1963.3566,2039.6735
Americas,AFOLU,Emissions (CO2),kilotonnes,1261471.655,1441035.963,1441145.564,1441140.301,1441973.066,1441805.365,1441649.102,1441454.857,1441370.805,1441339.628,1441390.361,444110.5746,444076.766,444018.5087,444104.2401,444073.5633,612546.0394,612702.833,613247.1289,613530.8604,613630.2272
Americas,AFOLU,Emissions (CO2eq) from CH4 (AR5),kilotonnes,926908.2413,928851.5124,962044.0599,987751.8904,1011504.55,1022403.529,1011727.146,1025886.536,1012091.825,1006070.446,1034292.002,1006676.63,1009094.307,1000740.496,1005438.986,1013702.607,1025397.55,1032954.04,1026044.052,1046503.764,1061382.967
Americas,AFOLU,Emissions (CO2eq) from N2O (AR5),kilotonnes,414234.6576,420390.2498,435700.0659,454990.2374,463536.3644,464728.8408,460332.9516,488850.7395,463829.8205,455855.1792,495141.2239,485267.8896,485826.9482,486475.5238,490735.4388,491691.7836,499566.2639,512597.0563,503747.2389,520289.4911,540513.4738
Americas,AFOLU,Emissions (CO2eq) (AR5),kilotonnes,2602614.554,2790277.725,2838889.69,2883882.428,2917013.981,2928937.736,2913709.199,2956192.132,2917292.451,2903265.253,2970823.587,1936055.094,1938998.021,1931234.529,1940278.665,1949467.954,2137509.853,2158253.929,2143038.42,2180324.116,2215526.668
Americas,All sectors with LULUCF,Emissions (CH4),kilotonnes,70975.1197,70509.3215,71489.9367,73008.786,74277.0516,74635.9545,74995.5906,75849.1709,75920.9105,74185.3122,74829.3167,74387.2135,74388.2847,74657.9481,75282.881,75435.6931,75002.9825,75687.3744,75872.8301,76619.0756,76086.967
Americas,All sectors with LULUCF,Emissions (N2O),kilotonnes,2365.8339,2370.3724,2412.5653,2488.7405,2530.604,2538.9897,2526.8904,2658.4746,2554.8819,2507.4078,2682.2824,2641.598,2639.2314,2656.7078,2677.7567,2677.0034,2703.4731,2747.6619,2718.3075,2760.0668,2839.179
Americas,All sectors with LULUCF,Emissions (CO2),kilotonnes,9116907.713,9201699.682,9253844.859,9355355.89,9449092.919,9555033.521,9514406.263,9636329.684,9548338.831,9097758.461,9296289.649,8197711.332,8074882.857,8201072.643,8319397.088,8188241.903,8211764.45,8156317.129,8290855.086,8112528.803,7279635.129
Americas,All sectors with LULUCF,Emissions (CO2eq) from F-gases (AR5),kilotonnes,228727.1038,222614.6872,240253.9386,259869.184,294933.7344,327010.7354,359300.0528,386396.0512,410025.629,443106.8242,506560.6166,501781.3418,499684.4796,504836.4325,521666.8098,527961.2108,535043.7323,542980.2778,549330.4437,565756.6726,575878.2832
Americas,All sectors with LULUCF,Emissions (CO2eq) from CH4 (AR5),kilotonnes,1987303.351,1974261.001,2001718.226,2044246.007,2079757.446,2089806.725,2099876.538,2123776.786,2125785.495,2077188.742,2095220.867,2082841.978,2082871.972,2090422.548,2107920.668,2112199.407,2100083.509,2119246.484,2124439.244,2145334.117,2130435.076
Americas,All sectors with LULUCF,Emissions (CO2eq) from N2O (AR5),kilotonnes,626945.9713,628148.6831,639329.8159,659516.2449,670610.0509,672832.276,669625.9438,704495.7751,677043.6926,664463.0651,710804.8254,700023.4668,699396.3329,704027.5635,709605.5294,709405.9092,716420.3819,728130.4044,720351.4902,731417.7151,752382.4374
Americas,All sectors with LULUCF,Emissions (CO2eq) (AR5),kilotonnes,11959884.14,12026724.05,12135146.84,12318987.33,12494394.15,12644683.26,12643208.8,12850998.3,12761193.65,12282517.09,12608875.96,11482358.12,11356835.64,11500359.19,11658590.1,11537808.43,11563312.07,11546674.3,11684976.26,11555037.31,10738330.92
Americas,All sectors without LULUCF,Emissions (CH4),kilotonnes,70250.0514,70292.283,70980.7588,72460.9579,73623.8776,73993.9121,74579.3098,75040.8062,75582.8799,73988.2232,73878.0484,74078.522,74051.1705,74429.3434,75068.9419,74998.7463,74604.9036,75160.179,75563.2587,75939.2794,75266.7372
Americas,All sectors without LULUCF,Emissions (N2O),kilotonnes,2339.3843,2350.5558,2366.0752,2438.7215,2470.9663,2480.3685,2488.8821,2584.6674,2524.0182,2489.4127,2595.4274,2613.4131,2608.4514,2635.8352,2658.2231,2637.1083,2667.1268,2699.5267,2690.0423,2697.9985,2764.2885
Americas,All sectors without LULUCF,Emissions (CO2),kilotonnes,7855436.058,7760663.719,7812699.295,7914215.59,8007119.853,8113228.156,8072757.161,8194874.827,8106968.026,7656418.833,7854899.287,7753600.757,7630806.091,7757054.135,7875292.848,7744168.34,7599218.411,7543614.296,7677607.957,7498997.942,6666004.902
Americas,All sectors without LULUCF,Emissions (CO2eq) from F-gases (AR5),kilotonnes,228727.1038,222614.6872,240253.9386,259869.184,294933.7344,327010.7354,359300.0528,386396.0512,410025.629,443106.8242,506560.6166,501781.3418,499684.4796,504836.4325,521666.8098,527961.2108,535043.7323,542980.2778,549330.4437,565756.6726,575878.2832
Americas,All sectors without LULUCF,Emissions (CO2eq) from CH4 (AR5),kilotonnes,1967001.438,1968183.923,1987461.248,2028906.821,2061468.574,2071829.54,2088220.674,2101142.573,2116320.636,2071670.25,2068585.355,2074198.615,2073432.773,2084021.615,2101930.375,2099964.897,2088937.301,2104485.012,2115771.245,2126299.824,2107468.642
Americas,All sectors without LULUCF,Emissions (CO2eq) from N2O (AR5),kilotonnes,619936.8305,622897.2952,627009.9265,646261.1868,654806.0802,657297.6437,659553.7567,684936.8629,668864.82,659694.3678,687788.269,692554.4737,691239.6335,698496.3224,704429.1342,698833.6963,706788.604,715374.5673,712861.2085,714969.603,732536.4429
Americas,All sectors without LULUCF,Emissions (CO2eq) (AR5),kilotonnes,10671101.43,10574359.62,10667424.41,10849252.78,11018328.24,11169366.07,11179831.64,11367350.31,11302179.11,10830890.27,11117833.53,11022135.19,10895162.98,11044408.5,11203319.17,11070928.14,10929988.05,10906454.15,11055570.85,10906024.04,10081888.27
Northern America,Crop Residues,Direct emissions (N2O),kilotonnes,75.8533,71.8587,65.9471,74.8796,82.0788,78.8844,75.1002,82.0704,84.8648,86.5524,83.5346,80.4438,78.701,91.3583,92.2579,91.282,102.4781,94.3464,94.8486,88.6524,93.6402
Northern America,Crop Residues,Indirect emissions (N2O),kilotonnes,17.067,16.1682,14.8381,16.8479,18.4677,17.749,16.8976,18.4658,19.0946,19.4743,18.7953,18.0999,17.7077,20.5556,20.758,20.5385,23.0576,21.2279,21.3409,19.9468,21.069
Northern America,Crop Residues,Emissions (N2O),kilotonnes,92.9203,88.0269,80.7853,91.7275,100.5465,96.6334,91.9978,100.5362,103.9594,106.0267,102.3299,98.5437,96.4087,111.9139,113.0159,111.8205,125.5357,115.5743,116.1895,108.5992,114.7092
Northern America,Crop Residues,Emissions (CO2eq) from N2O (AR5),kilotonnes,24623.8793,23327.1367,21408.0925,24307.7959,26644.8214,25607.8504,24379.4117,26642.0947,27549.2441,28097.0718,27117.4283,26114.0722,25548.3176,29657.1918,29949.2258,29632.4331,33266.969,30627.1895,30790.2168,28778.7958,30397.9498
Northern America,Crop Residues,Emissions (CO2eq) (AR5),kilotonnes,24623.8793,23327.1367,21408.0925,24307.7959,26644.8214,25607.8504,24379.4117,26642.0947,27549.2441,28097.0718,27117.4283,26114.0722,25548.3176,29657.1918,29949.2258,29632.4331,33266.969,30627.1895,30790.2168,28778.7958,30397.9498
Northern America,Rice Cultivation,Emissions (CH4),kilotonnes,430.4475,469.399,454.244,424.501,470.9565,476.483,399.5705,389.2315,421.526,439.5125,512.0325,370.6745,379.456,349.713,415.436,364.728,438.662,336.2555,412.1775,350.847,423.0835
Northern America,Rice Cultivation,Emissions (CO2eq) from CH4 (AR5),kilotonnes,12052.53,13143.172,12718.832,11886.028,13186.782,13341.524,11187.974,10898.482,11802.728,12306.35,14336.91,10378.886,10624.768,9791.964,11632.208,10212.384,12282.536,9415.154,11540.97,9823.716,11846.338
Northern America,Rice Cultivation,Emissions (CO2eq) (AR5),kilotonnes,12052.53,13143.172,12718.832,11886.028,13186.782,13341.524,11187.974,10898.482,11802.728,12306.35,14336.91,10378.886,10624.768,9791.964,11632.208,10212.384,12282.536,9415.154,11540.97,9823.716,11846.338
Northern America,Burning - Crop residues,Emissions (CH4),kilotonnes,119.6147,113.9239,111.3084,117.5579,117.9933,119.7375,113.2918,132.1041,126.5721,124.6644,124.8959,126.4904,133.1807,132.7953,127.1819,124.9343,129.9642,122.3808,123.0424,121.701,123.2585
Northern America,Burning - Crop residues,Emissions (N2O),kilotonnes,3.1011,2.9536,2.8858,3.0478,3.0591,3.1043,2.9372,3.4249,3.2815,3.232,3.238,3.2794,3.4528,3.4428,3.2973,3.239,3.3694,3.1728,3.19,3.1552,3.1956
Northern America,Burning - Crop residues,Emissions (CO2eq) from CH4 (AR5),kilotonnes,3349.2121,3189.8682,3116.635,3291.6205,3303.8137,3352.6497,3172.1716,3698.916,3544.018,3490.6025,3497.0849,3541.7301,3729.0607,3718.267,3561.0937,3498.1605,3638.9979,3426.6619,3445.1861,3407.6282,3451.2378
Northern America,Burning - Crop residues,Emissions (CO2eq) from N2O (AR5),kilotonnes,821.7974,782.6991,764.7299,807.6661,810.658,822.6409,778.3569,907.6044,869.597,856.4904,858.081,869.0356,915.001,912.3526,873.7869,858.3449,892.9023,840.8013,845.3466,836.131,846.8315
Northern America,Burning - Crop residues,Emissions (CO2eq) (AR5),kilotonnes,4171.0095,3972.5673,3881.3649,4099.2867,4114.4716,4175.2907,3950.5285,4606.5204,4413.615,4347.0929,4355.166,4410.7657,4644.0616,4630.6196,4434.8805,4356.5054,4531.9002,4267.4632,4290.5327,4243.7592,4298.0693
Northern America,Enteric Fermentation,Emissions (CH4),kilotonnes,6961.2579,6936.2501,6922.2649,6885.7232,6889.4381,6941.5073,7028.256,6996.3348,6961.2772,6841.6011,6785.491,6704.6151,6618.9432,6559.6017,6472.302,6488.3976,6636.6158,6734.5698,6782.6111,6805.4222,6737.8964
Northern America,Enteric Fermentation,Emissions (CO2eq) from CH4 (AR5),kilotonnes,194915.2226,194215.0042,193823.418,192800.2496,192904.2682,194362.2044,196791.1669,195897.3744,194915.7616,191564.8308,189993.748,187729.2228,185330.4096,183668.8476,181224.4574,181675.1339,185825.2426,188567.9534,189913.1121,190551.8221,188661.0995
Northern America,Enteric Fermentation,Emissions (CO2eq) (AR5),kilotonnes,194915.2226,194215.0042,193823.418,192800.2496,192904.2682,194362.2044,196791.1669,195897.3744,194915.7616,191564.8308,189993.748,187729.2228,185330.4096,183668.8476,181224.4574,181675.1339,185825.2426,188567.9534,189913.1121,190551.8221,188661.0995
Northern America,Manure Management,Emissions (CH4),kilotonnes,1497.3213,1508.3125,1518.1527,1527.9401,1525.1714,1535.8924,1550.5143,1552.5779,1603.415,1552.746,1549.1331,1568.7179,1569.1709,1551.8386,1586.2414,1603.3583,1640.7389,1670.9027,1701.0249,1730.8468,1718.085
Northern America,Manure Management,Emissions (N2O),kilotonnes,53.9251,54.011,54.1031,53.7748,53.6556,53.8826,54.5145,54.5282,54.733,53.1443,52.8204,52.5361,52.0623,51.5043,51.2349,51.442,52.6961,53.5124,53.9312,54.2175,53.731
Northern America,Manure Management,Emissions (CO2eq) from CH4 (AR5),kilotonnes,41924.9963,42232.7497,42508.2754,42782.3237,42704.7985,43004.9863,43414.3996,43472.1823,44895.6204,43476.8871,43375.7262,43924.1016,43936.7863,43451.4818,44414.7586,44894.0327,45940.6897,46785.2768,47628.6964,48463.7096,48106.3803
Northern America,Manure Management,Emissions (CO2eq) from N2O (AR5),kilotonnes,14290.1599,14312.9236,14337.3192,14250.3145,14218.7446,14278.8925,14446.3416,14449.9826,14504.2492,14083.2384,13997.418,13922.0654,13796.5,13648.6513,13577.237,13632.1203,13964.4588,14180.7782,14291.7722,14367.6439,14238.7089
Northern America,Manure Management,Emissions (CO2eq) (AR5),kilotonnes,56215.1562,56545.6732,56845.5945,57032.6382,56923.5431,57283.8788,57860.7411,57922.1649,59399.8696,57560.1255,57373.1442,57846.1669,57733.2862,57100.133,57991.9956,58526.153,59905.1485,60966.0551,61920.4686,62831.3535,62345.0892
Northern America,Manure left on Pasture,Direct emissions (N2O),kilotonnes,122.1748,121.935,121.6609,121.2556,121.7556,123.0325,124.7648,124.0241,122.8906,120.8234,119.8695,117.9617,116.0977,114.9048,112.8851,113.0933,116.1538,118.0705,118.8116,119.3888,118.0121
Northern America,Manure left on Pasture,Indirect emissions (N2O),kilotonnes,26.8954,26.8921,26.8825,26.9162,27.1449,27.5724,27.9799,27.8241,27.5807,27.1739,26.9948,26.6057,26.2146,25.9596,25.5282,25.5731,26.222,26.6471,26.809,26.9364,26.649
Northern America,Manure left on Pasture,Emissions (N2O),kilotonnes,149.0703,148.8271,148.5434,148.1718,148.9004,150.6049,152.7447,151.8482,150.4713,147.9973,146.8643,144.5674,142.3123,140.8644,138.4133,138.6664,142.3758,144.7177,145.6206,146.3252,144.6611
Northern America,Manure left on Pasture,Emissions (CO2eq) from N2O (AR5),kilotonnes,39503.623,39439.1863,39364.0136,39265.5248,39458.6184,39910.2972,40477.3453,40239.778,39874.8869,39219.2913,38919.0334,38310.3523,37712.7684,37329.0579,36679.5328,36746.5999,37729.5937,38350.1774,38589.4464,38776.1804,38335.1942
Northern America,Manure left on Pasture,Emissions (CO2eq) (AR5),kilotonnes,39503.623,39439.1863,39364.0136,39265.5248,39458.6184,39910.2972,40477.3453,40239.778,39874.8869,39219.2913,38919.0334,38310.3523,37712.7684,37329.0579,36679.5328,36746.5999,37729.5937,38350.1774,38589.4464,38776.1804,38335.1942
Northern America,Manure applied to Soils,Direct emissions (N2O),kilotonnes,41.2885,41.6201,41.9529,41.6791,41.5337,41.6724,42.1237,42.4591,42.9256,41.1705,41.0511,41.1895,41.0734,40.6341,40.7123,40.88,41.7399,42.3186,42.5835,42.6952,42.4423
Northern America,Manure applied to Soils,Indirect emissions (N2O),kilotonnes,17.5476,17.6885,17.83,17.7136,17.6518,17.7108,17.9026,18.0451,18.2434,17.4975,17.4467,17.5055,17.4562,17.2695,17.3027,17.374,17.7394,17.9854,18.098,18.1455,18.038
Northern America,Manure applied to Soils,Emissions (N2O),kilotonnes,58.8361,59.3086,59.7828,59.3927,59.1855,59.3831,60.0262,60.5042,61.169,58.6679,58.4978,58.695,58.5295,57.9036,58.015,58.2539,59.4793,60.304,60.6815,60.8407,60.4803
Northern America,Manure applied to Soils,Emissions (CO2eq) from N2O (AR5),kilotonnes,15591.5545,15716.7765,15842.4467,15739.0645,15684.1563,15736.5228,15906.9495,16033.6039,16209.7855,15547.0053,15501.9078,15554.1836,15510.3289,15344.4659,15373.9792,15437.2951,15762.0211,15980.5542,16080.5848,16122.7786,16027.2737
Northern America,Manure applied to Soils,Emissions (CO2eq) (AR5),kilotonnes,15591.5545,15716.7765,15842.4467,15739.0645,15684.1563,15736.5228,15906.9495,16033.6039,16209.7855,15547.0053,15501.9078,15554.1836,15510.3289,15344.4659,15373.9792,15437.2951,15762.0211,15980.5542,16080.5848,16122.7786,16027.2737
Northern America,Synthetic Fertilizers,Direct emissions (N2O),kilotonnes,192.7811,193.191,198.2005,211.6484,200.0575,199.6129,209.6556,211.5685,193.3934,204.4765,214.9089,231.3423,236.2925,228.2012,225.4253,226.4495,221.6634,220.8287,226.2249,223.0243,231.068
Northern America,Synthetic Fertilizers,Indirect emissions (N2O),kilotonnes,62.6539,62.7871,64.4151,68.7857,65.0187,64.8742,68.1381,68.7598,62.8528,66.4549,69.8454,75.1863,76.7951,74.1654,73.2632,73.5961,72.0406,71.7693,73.5231,72.4829,75.0971
Northern America,Synthetic Fertilizers,Emissions (N2O),kilotonnes,255.435,255.9781,262.6156,280.4341,265.0762,264.487,277.7937,280.3283,256.2462,270.9314,284.7543,306.5286,313.0876,302.3665,298.6885,300.0456,293.704,292.598,299.748,295.5073,306.1651
Northern America,Synthetic Fertilizers,Emissions (CO2eq) from N2O (AR5),kilotonnes,67690.2682,67834.1945,69593.1341,74315.035,70245.202,70089.063,73615.3215,74286.996,67905.241,71796.8084,75459.8795,81230.0785,82968.2075,80127.1346,79152.4509,79512.0774,77831.5532,77538.4628,79433.2154,78309.4226,81133.7598
Northern America,Synthetic Fertilizers,Emissions (CO2eq) (AR5),kilotonnes,67690.2682,67834.1945,69593.1341,74315.035,70245.202,70089.063,73615.3215,74286.996,67905.241,71796.8084,75459.8795,81230.0785,82968.2075,80127.1346,79152.4509,79512.0774,77831.5532,77538.4628,79433.2154,78309.4226,81133.7598
Northern America,Drained organic soils,Emissions (CO2eq) (AR5),kilotonnes,101250.8513,101314.4157,101412.5413,101438.709,101465.011,101309.2529,101139.461,100927.6152,100801.6497,100770.8548,100809.0317,100839.4203,100819.7847,100717.2967,100665.9927,100646.1953,100550.7942,100576.6068,101067.7261,101372.5335,101450.4115
Northern America,Drained organic soils (CO2),Emissions (CO2),kilotonnes,88378.2221,88418.2617,88499.9596,88520.7042,88537.0582,88400.3074,88250.1724,88062.1291,87946.4918,87915.596,87944.5755,87964.4003,87940.9889,87841.6392,87792.7167,87771.8009,87670.9454,87685.203,88098.9542,88372.9289,88436.2969
Northern America,Drained organic soils (CO2),Emissions (CO2eq) (AR5),kilotonnes,88378.2221,88418.2617,88499.9596,88520.7042,88537.0582,88400.3074,88250.1724,88062.1291,87946.4918,87915.596,87944.5755,87964.4003,87940.9889,87841.6392,87792.7167,87771.8009,87670.9454,87685.203,88098.9542,88372.9289,88436.2969
Northern America,Drained organic soils (N2O),Emissions (N2O),kilotonnes,48.576,48.6647,48.7267,48.7472,48.7847,48.713,48.6388,48.549,48.51,48.5104,48.5451,48.585,48.5992,48.5874,48.5784,48.5826,48.6032,48.6468,48.9388,49.0551,49.1099
Northern America,Drained organic soils (N2O),Emissions (CO2eq) from N2O (AR5),kilotonnes,12872.6291,12896.154,12912.5817,12918.0048,12927.9527,12908.9455,12889.2886,12865.4861,12855.1579,12855.2588,12864.4562,12875.0199,12878.7958,12875.6575,12873.2759,12874.3944,12879.8488,12891.4038,12968.7719,12999.6046,13014.1146
Northern America,Drained organic soils (N2O),Emissions (CO2eq) (AR5),kilotonnes,12872.6291,12896.154,12912.5817,12918.0048,12927.9527,12908.9455,12889.2886,12865.4861,12855.1579,12855.2588,12864.4562,12875.0199,12878.7958,12875.6575,12873.2759,12874.3944,12879.8488,12891.4038,12968.7719,12999.6046,13014.1146
Northern America,On-farm energy use,Emissions (CH4),kilotonnes,20.0294,21.7702,21.6079,23.2159,28.6582,28.3906,21.2768,19.729,15.5008,15.0075,14.671,22.2195,20.9355,21.3592,20.8293,22.3623,20.2432,22.6793,22.1664,22.4338,22.4338
Northern America,On-farm energy use,Emissions (N2O),kilotonnes,15.9111,16.7303,15.3488,13.5456,16.7989,17.4313,18.6142,17.62,18.3205,16.0183,18.8369,16.294,15.4288,16.622,16.9682,16.5402,16.4637,15.3407,15.1454,14.7809,14.7809
Northern America,On-farm energy use,Emissions (CO2),kilotonnes,63164.6952,66429.2075,63496.598,58616.1047,69467.43,70051.5055,74477.4942,71160.4199,69418.5839,63266.0135,66522.5581,65772.4041,63178.2342,68052.4922,66973.5147,67317.3871,65634.3105,65637.2085,66988.5317,66991.5352,66991.5352
Northern America,On-farm energy use,Emissions (CO2eq) from CH4 (AR5),kilotonnes,560.8218,609.5644,605.0203,650.0447,802.4298,794.9375,595.7501,552.4128,434.023,420.2098,410.789,622.1447,586.1931,598.0572,583.2212,626.1431,566.8084,635.0199,620.6592,628.1468,628.1468
Northern America,On-farm energy use,Emissions (CO2eq) from N2O (AR5),kilotonnes,4216.4512,4433.5376,4067.4377,3589.5943,4451.7113,4619.3004,4932.7569,4669.2872,4854.9421,4244.8379,4991.7848,4317.9141,4088.6376,4404.8408,4496.5846,4383.1458,4362.8887,4065.2768,4013.541,3916.9322,3916.9322
Northern America,On-farm energy use,Emissions (CO2eq) (AR5),kilotonnes,67941.9682,71472.3094,68169.0561,62855.7437,74721.5711,75465.7433,80006.0012,76382.12,74707.549,67931.0612,71925.1319,70712.4629,67853.0649,73055.3902,72053.3205,72326.676,70564.0076,70337.5052,71622.7319,71536.6142,71536.6142
Northern America,Forestland,Emissions (CO2),kilotonnes,-588482.3488,-271204.6685,-271204.6685,-271204.6685,-271204.6685,-271204.6685,-271204.6685,-271204.6685,-271204.6685,-271204.6685,-271204.6685,-436372.6985,-436372.6985,-436372.6985,-436372.6985,-436372.6985,-412127.8653,-412127.8653,-412127.8653,-412127.8653,-412127.8653
Northern America,Forestland,Emissions (CO2eq) (AR5),kilotonnes,-588482.3488,-271204.6685,-271204.6685,-271204.6685,-271204.6685,-271204.6685,-271204.6685,-271204.6685,-271204.6685,-271204.6685,-271204.6685,-436372.6985,-436372.6985,-436372.6985,-436372.6985,-436372.6985,-412127.8653,-412127.8653,-412127.8653,-412127.8653,-412127.8653
Northern America,Net Forest conversion,Emissions (CO2),kilotonnes,174932.899,110516.05,110516.05,110516.05,110516.05,110516.05,110516.05,110516.05,110516.05,110516.05,110516.05,92547.7663,92547.7663,92547.7663,92547.7663,92547.7663,155845.8627,155845.8627,155845.8627,155845.8627,155845.8627
Northern America,Net Forest conversion,Emissions (CO2eq) (AR5),kilotonnes,174932.899,110516.05,110516.05,110516.05,110516.05,110516.05,110516.05,110516.05,110516.05,110516.05,110516.05,92547.7663,92547.7663,92547.7663,92547.7663,92547.7663,155845.8627,155845.8627,155845.8627,155845.8627,155845.8627
Northern America,Savanna fires,Emissions (CH4),kilotonnes,33.3688,11.4343,42.55,37.587,52.2459,58.6343,48.5135,49.3879,32.9588,30.3822,34.9711,55.1706,43.1082,49.2005,47.75,50.377,29.7328,55.1991,39.105,26.8583,39.8498
Northern America,Savanna fires,Emissions (N2O),kilotonnes,3.0467,1.044,3.885,3.4319,4.7703,5.3536,4.4295,4.5093,3.0093,2.774,3.193,5.0373,3.936,4.4922,4.3598,4.5996,2.7147,5.0399,3.5705,2.4523,3.6385
Northern America,Savanna fires,Emissions (CO2eq) from CH4 (AR5),kilotonnes,934.3272,320.1602,1191.4012,1052.4356,1462.886,1641.7618,1358.3778,1382.8625,922.8478,850.7013,979.1907,1544.7775,1207.0304,1377.6152,1337,1410.5547,832.5195,1545.5757,1094.9403,752.0335,1115.7948
Northern America,Savanna fires,Emissions (CO2eq) from N2O (AR5),kilotonnes,807.3805,276.6602,1029.5261,909.4416,1264.1243,1418.6963,1173.8156,1194.9736,797.4609,735.1169,846.1485,1334.8892,1043.0317,1190.4392,1155.3424,1218.9033,719.4055,1335.579,946.1712,649.855,964.1922
Northern America,Savanna fires,Emissions (CO2eq) (AR5),kilotonnes,1741.7077,596.8205,2220.9273,1961.8773,2727.0104,3060.4581,2532.1933,2577.8361,1720.3087,1585.8182,1825.3393,2879.6667,2250.0622,2568.0543,2492.3424,2629.458,1551.925,2881.1547,2041.1115,1401.8885,2079.987
Northern America,Fires in organic soils,Emissions (CH4),kilotonnes,0,0,0,0,0,0,0,0,0,0,0,0,0,0,0,0,0,0,0,0,0
Northern America,Fires in organic soils,Emissions (CO2),kilotonnes,0,0,0,0,0,0,0,0,0,0,0,0,0,0,0,0,0,0,0,0,0
Northern America,Fires in organic soils,Emissions (CO2eq) from CH4 (AR5),kilotonnes,0,0,0,0,0,0,0,0,0,0,0,0,0,0,0,0,0,0,0,0,0
Northern America,Fires in organic soils,Emissions (CO2eq) (AR5),kilotonnes,0,0,0,0,0,0,0,0,0,0,0,0,0,0,0,0,0,0,0,0,0
Northern America,Forest fires,Emissions (CH4),kilotonnes,141.6971,11.756,30.6189,35.6971,30.9186,20.6795,26.5772,32.0922,42.0544,24.9281,24.8334,31.7864,35.5608,36.2632,37.6363,72.4378,43.1361,74.9813,109.0975,48.4282,107.8166
Northern America,Forest fires,Emissions (N2O),kilotonnes,7.8106,1.0734,2.7956,3.2593,2.823,1.8881,2.4266,2.9302,3.8397,2.276,2.2674,2.9022,3.2469,3.311,3.4364,6.6139,3.9385,6.8461,9.9611,4.4217,9.8441
Northern America,Forest fires,Emissions (CO2eq) from CH4 (AR5),kilotonnes,3967.5189,329.1691,857.3302,999.5175,865.722,579.0257,744.1617,898.5825,1177.5233,697.9872,695.3341,890.0205,995.7016,1015.3707,1053.8176,2028.2574,1207.8106,2099.4765,3054.7302,1355.9884,3018.8658
Northern America,Forest fires,Emissions (CO2eq) from N2O (AR5),kilotonnes,2069.813,284.4451,740.8451,863.7135,748.0967,500.3537,643.0528,776.4925,1017.5337,603.152,600.8594,769.0938,860.4161,877.4127,910.6358,1752.679,1043.7059,1814.2215,2639.6853,1171.7508,2608.6938
Northern America,Forest fires,Emissions (CO2eq) (AR5),kilotonnes,6037.3319,613.6142,1598.1753,1863.2311,1613.8186,1079.3794,1387.2144,1675.075,2195.0571,1301.1392,1296.1935,1659.1143,1856.1177,1892.7834,1964.4534,3780.9364,2251.5165,3913.698,5694.4155,2527.7392,5627.5596
Northern America,Fires in humid tropical forests,Emissions (CH4),kilotonnes,1.0788,0.1307,0.008,0,0,0.0107,0.008,0.0373,0,0.056,0.0027,0.008,0.0053,0,0.024,0.0373,0.0373,0.0666,0.0666,0.008,0.0053
Northern America,Fires in humid tropical forests,Emissions (N2O),kilotonnes,0.0317,0.0119,0.0007,0,0,0.001,0.0007,0.0034,0,0.0051,0.0002,0.0007,0.0005,0,0.0022,0.0034,0.0034,0.0061,0.0061,0.0007,0.0005
Northern America,Fires in humid tropical forests,Emissions (CO2eq) from CH4 (AR5),kilotonnes,30.2058,3.6582,0.224,0,0,0.2986,0.224,1.0451,0,1.5675,0.0746,0.2239,0.1493,0,0.6719,1.0451,1.045,1.8662,1.866,0.2239,0.1493
Northern America,Fires in humid tropical forests,Emissions (CO2eq) from N2O (AR5),kilotonnes,8.4082,3.1612,0.1935,0,0,0.258,0.1935,0.9031,0,1.3545,0.0645,0.1935,0.129,0,0.5806,0.9031,0.903,1.6126,1.6125,0.1935,0.129
Northern America,Fires in humid tropical forests,Emissions (CO2eq) (AR5),kilotonnes,38.6139,6.8194,0.4175,0,0,0.5566,0.4175,1.9482,0,2.922,0.1392,0.4174,0.2783,0,1.2526,1.9482,1.9479,3.4788,3.4785,0.4175,0.2783
Northern America,Waste - agri-food systems,Emissions (CH4),kilotonnes,1750.5825,1750.7632,1754.3161,1750.8597,1755.4011,1759.0307,1764.3869,1770.8604,1773.6304,1775.6999,1779.9503,1786.0271,1792.4241,1795.7619,1791.9243,1780.5377,1781.3189,1775.545,1769.9294,1764.1549,1757.4913
Northern America,Waste - agri-food systems,Emissions (N2O),kilotonnes,16.1107,16.0595,16.3792,16.5055,16.7926,16.8745,17.0572,17.3421,17.3126,17.2395,17.4414,17.4605,17.7903,18.0307,18.3132,18.5252,18.8633,19.057,19.1501,19.155,19.2312
Northern America,Waste - agri-food systems,Emissions (CO2),kilotonnes,1925.4447,1927.4637,1929.5454,1932.6725,1936.8696,1941.1182,1944.9176,1947.9718,1949.3035,1947.9342,1950.5145,1952.8671,1955.4903,1957.7591,1960.3503,1962.5653,1964.2384,1966.9115,1970.2717,1972.8438,1971.349
Northern America,Waste - agri-food systems,Emissions (CO2eq) from CH4 (AR5),kilotonnes,49016.3112,49021.3702,49120.8513,49024.0709,49151.2307,49252.8603,49402.8337,49584.09,49661.6504,49719.5978,49838.6091,50008.7582,50187.8753,50281.3327,50173.8817,49855.0556,49876.928,49715.2597,49558.023,49396.3374,49209.7559
Northern America,Waste - agri-food systems,Emissions (CO2eq) from N2O (AR5),kilotonnes,4269.3292,4255.7621,4340.4969,4373.9517,4450.0415,4471.7296,4520.1529,4595.6663,4587.8498,4568.4713,4621.9674,4627.0303,4714.4275,4778.1352,4853.0053,4909.1766,4998.7624,5050.109,5074.776,5076.0733,5096.2803
Northern America,Waste - agri-food systems,Emissions (CO2eq) (AR5),kilotonnes,55211.085,55204.596,55390.8936,55330.6951,55538.1417,55665.7081,55867.9042,56127.7282,56198.8036,56236.0033,56411.0909,56588.6556,56857.7931,57017.2269,56987.2373,56726.7975,56839.9288,56732.2802,56603.0707,56445.2545,56277.3853
Northern America,Fertilizers Manufacturing,Emissions (N2O),kilotonnes,25.2776,25.7582,26.3574,27.1053,26.6041,26.8135,29.3352,28.1301,29.5125,27.3774,28.2549,31.2005,27.8001,28.7574,28.0397,24.7708,28.8651,30.4894,31.7721,30.7215,27.8476
Northern America,Fertilizers Manufacturing,Emissions (CO2),kilotonnes,1705.8238,3184.2279,5344.8279,8143.8103,10524.6953,13094.0788,18575.2185,19623.2756,22364.2224,22253.1137,23622.5774,24829.9943,23409.7731,39106.8505,40305.0677,40382.2256,42403.9396,44801.4889,42498.6109,43189.2853,38532.9543
Northern America,Fertilizers Manufacturing,Emissions (CO2eq) from N2O (AR5),kilotonnes,6698.564,6825.923,6984.711,7182.9045,7050.0865,7105.5775,7773.828,7454.4765,7820.8125,7255.011,7487.5485,8268.1325,7367.0265,7620.711,7430.5205,6564.262,7649.2515,8079.691,8419.6065,8141.1975,7379.6213
Northern America,Fertilizers Manufacturing,Emissions (CO2eq) (AR5),kilotonnes,8404.3878,10010.1509,12329.5389,15326.7148,17574.7818,20199.6563,26349.0465,27077.7521,30185.0349,29508.1247,31110.1259,33098.1268,30776.7996,46727.5615,47735.5882,46946.4876,50053.1911,52881.1799,50918.2174,51330.4828,45912.5757
Northern America,On-farm electricity use,Emissions (CH4),kilotonnes,58.3519,57.8696,58.8178,61.9101,60.253,61.5525,60.9753,58.6366,57.685,59.7358,57.4883,52.476,48.1539,47.7411,44.8961,57.8578,60.8061,68.2974,66.3787,70.6752,70.6752
Northern America,On-farm electricity use,Emissions (N2O),kilotonnes,0.3116,0.3091,0.3141,0.3306,0.3217,0.3287,0.3256,0.3131,0.308,0.3189,0.307,0.2802,0.2571,0.2551,0.2399,0.309,0.3249,0.3648,0.3546,0.3775,0.3775
Northern America,On-farm electricity use,Emissions (CO2),kilotonnes,24538.6069,24368.8508,24804.4385,26340.0363,25244.2626,25624.4431,24573.8578,24170.0381,22867.2756,22418.6669,21749.0877,18793.3138,16201.0526,17987.0992,16825.6393,22535.9954,24057.8811,27362.6539,26326.3761,28226.5233,28226.5233
Northern America,On-farm electricity use,Emissions (CO2eq) from CH4 (AR5),kilotonnes,1633.8532,1620.3488,1646.8984,1733.4828,1687.084,1723.47,1707.3084,1641.8248,1615.18,1672.6024,1609.6724,1469.328,1348.3092,1336.7508,1257.0908,1620.0184,1702.5708,1912.3272,1858.6036,1978.9056,1978.9056
Northern America,On-farm electricity use,Emissions (CO2eq) from N2O (AR5),kilotonnes,82.574,81.9115,83.2365,87.609,85.2505,87.1055,86.284,82.9715,81.62,84.5085,81.355,74.253,68.1315,67.6015,63.5735,81.885,86.0985,96.672,93.969,100.0375,100.0375
Northern America,On-farm electricity use,Emissions (CO2eq) (AR5),kilotonnes,26255.0341,26071.1111,26534.5734,28161.1281,27016.5971,27435.0186,26367.4502,25894.8344,24564.0756,24175.7778,23440.1151,20336.8948,17617.4933,19391.4515,18146.3036,24237.8988,25846.5504,29371.6531,28278.9487,30305.4664,30305.4664
Northern America,Food Processing,Emissions (CH4),kilotonnes,96.8156,102.6645,98.6327,104.058,101.3852,110.4212,116.315,115.5548,117.5026,117.0052,107.8624,106.829,107.6016,103.9574,103.9331,106.9332,111.0913,109.1979,110.1471,110.1471,103.1631
Northern America,Food Processing,Emissions (N2O),kilotonnes,0.8576,1.0053,0.9742,1.0206,1.0617,1.0961,1.1723,1.1245,1.1904,1.1208,1.1448,1.0773,1.0189,1.0385,1.0272,0.9835,1.0111,0.9926,0.9826,0.9826,0.8905
Northern America,Food Processing,Emissions (CO2),kilotonnes,106225.7275,113048.0316,112301.3777,115790.9002,118184.8909,120379.339,127478.5206,126233.4983,129901.2009,119440.9179,122136.5186,112620.8832,108451.417,115259.2755,116238.8393,112325.8987,118377.0469,115713.3711,115624.6703,115624.6703,102406.2993
Northern America,Food Processing,Emissions (CO2eq) from CH4 (AR5),kilotonnes,2710.8368,2874.606,2761.7156,2913.624,2838.7856,3091.7936,3256.82,3235.5344,3290.0728,3276.1456,3020.1472,2991.212,3012.8448,2910.8072,2910.1268,2994.1296,3110.5564,3057.5412,3084.1188,3084.1188,2888.5669
Northern America,Food Processing,Emissions (CO2eq) from N2O (AR5),kilotonnes,227.264,266.4045,258.163,270.459,281.3505,290.4665,310.6595,297.9925,315.456,297.012,303.372,285.4845,270.0085,275.2025,272.208,260.6275,267.9415,263.039,260.389,260.389,235.9905
Northern America,Food Processing,Emissions (CO2eq) (AR5),kilotonnes,109163.8283,116189.0421,115321.2563,118974.9832,121305.027,123761.5991,131046.0001,129767.0252,133506.7297,123014.0755,125460.0378,115897.5797,111734.2703,118445.2852,119421.1741,115580.6558,121755.5448,119033.9513,118969.1781,118969.1781,105530.8567
Northern America,Food Packaging,Emissions (CH4),kilotonnes,64.8744,64.4714,50.3981,50.0121,48.9391,49.0572,47.4542,56.0983,57.1113,50.8038,46.7611,48.1816,45.784,43.9833,46.4289,49.6768,51.1016,46.9895,43.2788,39.7744,33.3838
Northern America,Food Packaging,Emissions (N2O),kilotonnes,0.4846,0.4722,0.386,0.3832,0.3791,0.3839,0.3804,0.4298,0.4311,0.3904,0.3845,0.3661,0.341,0.3219,0.3457,0.356,0.3518,0.3187,0.2889,0.2886,0.2617
Northern America,Food Packaging,Emissions (CO2),kilotonnes,50690.5656,48689.2553,37021.278,36694.5817,36582.1762,36455.6757,34309.8871,37761.0981,37151.5805,32621.3281,34954.4906,32947.044,31101.1616,31506.1182,34171.3016,35640.023,35838.6469,32948.6955,30800.4653,29356.0845,26077.2193
Northern America,Food Packaging,Emissions (CO2eq) from CH4 (AR5),kilotonnes,1816.4832,1805.1992,1411.1468,1400.3388,1370.2948,1373.6016,1328.7176,1570.7524,1599.1164,1422.5064,1309.3108,1349.0848,1281.952,1231.5324,1300.0092,1390.9504,1430.8448,1315.706,1211.8064,1113.6832,934.7474
Northern America,Food Packaging,Emissions (CO2eq) from N2O (AR5),kilotonnes,128.419,125.133,102.29,101.548,100.4615,101.7335,100.806,113.897,114.2415,103.456,101.8925,97.0165,90.365,85.3035,91.6105,94.34,93.227,84.4555,76.5585,76.479,69.3385
Northern America,Food Packaging,Emissions (CO2eq) (AR5),kilotonnes,52635.4678,50619.5875,38534.7148,38196.4685,38052.9325,37931.0108,35739.4107,39445.7475,38864.9384,34147.2905,36365.6939,34393.1453,32473.4786,32822.9541,35562.9213,37125.3134,37362.7187,34348.857,32088.8302,30546.2467,27081.3052
Northern America,Food Retail,Emissions (CH4),kilotonnes,93.4848,96.0328,96.997,96.7664,99.0971,101.0458,103.0356,106.0606,106.3226,104.211,106.001,106.0467,105.5755,106.7993,107.9758,108.6618,108.8106,108.7209,110.5993,118.0817,109.9142
Northern America,Food Retail,Emissions (N2O),kilotonnes,0.551,0.5665,0.583,0.5875,0.6037,0.6071,0.6135,0.6279,0.6318,0.6216,0.6287,0.6249,0.6151,0.6224,0.6295,0.6327,0.6344,0.6321,0.643,0.6872,0.6228
Northern America,Food Retail,Emissions (CO2),kilotonnes,58803.6687,59796.5973,60975.5551,61807.1394,62593.6313,62597.9645,60600.5182,63200.4909,62320.7037,59188.8165,60068.5865,58184.9594,54392.4692,61424.2182,62530.1252,62102.9294,62318.6381,62032.156,64076.0218,65683.6316,58212.5404
Northern America,Food Retail,Emissions (CO2eq) from F-gases (AR5),kilotonnes,103000.7455,122097.5655,140103.955,158849.0735,176978.065,196113.8475,212096.7845,227574.248,228799.7485,228210.116,226973.1865,225432.869,223783.976,222161.5775,222161.5775,222162.6165,235241.029,237938.7925,240637.0755,243334.839,246356.8672
Northern America,Food Retail,Emissions (CO2eq) from CH4 (AR5),kilotonnes,2617.5744,2688.9184,2715.916,2709.4592,2774.7188,2829.2824,2884.9968,2969.6968,2977.0328,2917.908,2968.028,2969.3076,2956.114,2990.3804,3023.3224,3042.5304,3046.6968,3044.1852,3096.7804,3306.2876,3077.5976
Northern America,Food Retail,Emissions (CO2eq) from N2O (AR5),kilotonnes,146.015,150.1225,154.495,155.6875,159.9805,160.8815,162.5775,166.3935,167.427,164.724,166.6055,165.5985,163.0015,164.936,166.8175,167.6655,168.116,167.5065,170.395,182.108,165.0535
Northern America,Food Retail,Emissions (CO2eq) (AR5),kilotonnes,164568.0036,184733.2037,203949.9211,223521.3596,242506.3956,261701.9759,275744.877,293910.8292,294264.912,290481.5645,290176.4065,286752.7345,281295.5607,286741.1121,287881.8426,287475.7418,300774.4799,303182.6402,307980.2727,312506.8662,307812.0588
Northern America,Food Household Consumption,Emissions (CH4),kilotonnes,101.079,102.0206,106.6034,107.9732,109.2866,113.9724,112.8884,116.9409,116.2971,115.2672,120.8196,119.6894,115.9363,117.9865,119.9909,118.5279,118.5354,116.2356,123.064,123.064,112.7068
Northern America,Food Household Consumption,Emissions (N2O),kilotonnes,0.6033,0.6073,0.6296,0.6396,0.6442,0.6681,0.6552,0.6801,0.6744,0.6675,0.6951,0.6861,0.6605,0.6765,0.6885,0.6776,0.6739,0.6632,0.7029,0.7029,0.6371
Northern America,Food Household Consumption,Emissions (CO2),kilotonnes,69770.1494,69285.8806,71479.7044,73479.4352,72590.1221,74206.4046,69586.6106,73600.8029,71991.4645,68315.1685,70830.2539,67941.7198,61741.613,70854.9511,72462.5482,70216.3837,68825.5269,68212.2707,73659.5948,73659.5948,65328.9032
Northern America,Food Household Consumption,Emissions (CO2eq) from CH4 (AR5),kilotonnes,2830.212,2856.5768,2984.8952,3023.2496,3060.0248,3191.2272,3160.8752,3274.3452,3256.3188,3227.4816,3382.9488,3351.3032,3246.2164,3303.622,3359.7452,3318.7812,3318.9912,3254.5968,3445.792,3445.792,3155.7898
Northern America,Food Household Consumption,Emissions (CO2eq) from N2O (AR5),kilotonnes,159.8745,160.9345,166.844,169.494,170.713,177.0465,173.628,180.2265,178.716,176.8875,184.2015,181.8165,175.0325,179.2725,182.4525,179.564,178.5835,175.748,186.2685,186.2685,168.8363
Northern America,Food Household Consumption,Emissions (CO2eq) (AR5),kilotonnes,72760.2359,72303.3919,74631.4436,76672.1788,75820.8599,77574.6783,72921.1138,77055.3746,75426.4993,71719.5376,74397.4042,71474.8395,65162.8619,74337.8456,76004.7459,73714.7289,72323.1016,71642.6155,77291.6553,77291.6553,68653.5293
Northern America,Food Transport,Emissions (CH4),kilotonnes,5.4495,5.3087,5.201,5.089,4.9952,4.8234,4.7828,4.7514,4.4552,4.2859,4.3335,4.2667,4.2142,4.2729,4.2874,4.4303,4.5014,4.4813,4.6061,3.3636,2.9966
Northern America,Food Transport,Emissions (N2O),kilotonnes,8.9542,8.5955,8.4307,8.1386,8.0275,7.8863,8.0894,7.9536,7.1756,6.4678,6.6765,7.0047,6.7492,6.9479,6.9891,7.2499,7.2821,7.1851,7.3828,6.8764,6.2334
Northern America,Food Transport,Emissions (CO2),kilotonnes,65088.35,65140.55,66346.3,67998.2,69136.75,70224,70932.8,71660.6,68135.2,65319.45,67513.55,67505.45,65967.25,67970.75,67508.8,69434.5,69612.8,69328,71130.2,73128.3578,65089.8922
Northern America,Food Transport,Emissions (CO2eq) from CH4 (AR5),kilotonnes,152.586,148.6436,145.628,142.492,139.8656,135.0552,133.9184,133.0392,124.7456,120.0052,121.338,119.4676,117.9976,119.6412,120.0472,124.0484,126.0392,125.4764,128.9708,94.1808,83.9057
Northern America,Food Transport,Emissions (CO2eq) from N2O (AR5),kilotonnes,2372.863,2277.8075,2234.1355,2156.729,2127.2875,2089.8695,2143.691,2107.704,1901.534,1713.967,1769.2725,1856.2455,1788.538,1841.1935,1852.1115,1921.2235,1929.7565,1904.0515,1956.442,1822.246,1651.8522
Northern America,Food Transport,Emissions (CO2eq) (AR5),kilotonnes,67613.799,67567.0011,68726.0635,70297.421,71403.9031,72448.9247,73210.4094,73901.3432,70161.4796,67153.4222,69404.1605,69481.1631,67873.7856,69931.5847,69480.9587,71479.7719,71668.5957,71357.5279,73215.6128,75044.7846,66825.6501
Northern America,Energy,Emissions (CH4),kilotonnes,14450,14930,14750,14630,14620,14210,14290,14420,14590,13750,13600,14010,13890,14090,14260,13960,13050,13370,13540,13340,12090
Northern America,Energy,Emissions (N2O),kilotonnes,299.8,290.6,279.7,272.4,272,265.3,264.2,260,250.5,231.3,242.3,232.7,223.5,229.9,231.3,228.6,225.4,220.4,224.7,213.6,193.6
Northern America,Energy,Emissions (CO2),kilotonnes,6199000,6093000,6134000,6198000,6278000,6316000,6236000,6326000,6142000,5774000,5896000,5765000,5574000,5667000,5747000,5665000,5522000,5505000,5675000,5532000,4908000
Northern America,Energy,Emissions (CO2eq) from CH4 (AR5),kilotonnes,404600,418040,413000,409640,409360,397880,400120,403760,408520,385000,380800,392280,388920,394520,399280,390880,365400,374360,379120,373520,338520
Northern America,Energy,Emissions (CO2eq) from N2O (AR5),kilotonnes,79447,77009,74120.5,72186,72080,70304.5,70013,68900,66382.5,61294.5,64209.5,61665.5,59227.5,60923.5,61294.5,60579,59731,58406,59545.5,56604,51304
Northern America,Energy,Emissions (CO2eq) (AR5),kilotonnes,6683047,6588049,6621120.5,6679826,6759440,6784184.5,6706133,6798660,6616902.5,6220294.5,6341009.5,6218945.5,6022147.5,6122443.5,6207574.5,6116459,5947131,5937766,6113665.5,5962124,5297824
Northern America,IPPU,Emissions (CH4),kilotonnes,33.84,28.25,31.01,31.77,33.39,29.08,27.46,25.67,22.14,19.65,20.89,22.8,24.4,24.89,26.13,29.92,34.97,35.73,41.61,43.92,41.9
Northern America,IPPU,Emissions (N2O),kilotonnes,95,81.39,85.16,82.02,78.42,80.23,78.65,88.21,77.03,70.74,78.78,81.02,80.22,84.39,85.19,82.06,83.13,82.65,82.17,67.77,73.59
Northern America,IPPU,Emissions (CO2),kilotonnes,245600,225500,220700,220600,228900,224200,219200,213500,197700,172200,177600,180300,183700,185500,188300,191900,192700,197400,198900,194700,189200
Northern America,IPPU,Emissions (CO2eq) from F-gases (AR5),kilotonnes,191338.4774,194059.3902,215437.991,227682.0988,248963.5241,270730.8268,294635.9895,317180.6958,335644.0329,363533.3895,407359.5211,413675.9259,407651.0475,407942.5739,418923.4007,422227.3663,420575.3835,422518.8926,423296.2963,435443.2286,440496.3524
Northern America,IPPU,Emissions (CO2eq) from CH4 (AR5),kilotonnes,947.52,791,868.28,889.56,934.92,814.24,768.88,718.76,619.92,550.2,584.92,638.4,683.2,696.92,731.64,837.76,979.16,1000.44,1165.08,1229.76,1173.2
Northern America,IPPU,Emissions (CO2eq) from N2O (AR5),kilotonnes,25175,21568.35,22567.4,21735.3,20781.3,21260.95,20842.25,23375.65,20412.95,18746.1,20876.7,21470.3,21258.3,22363.35,22575.35,21745.9,22029.45,21902.25,21775.05,17959.05,19501.35
Northern America,IPPU,Emissions (CO2eq) (AR5),kilotonnes,463060.9974,441918.7402,459573.671,470906.9588,499579.7441,517006.0168,535447.1195,554775.1058,554376.9029,555029.6895,606421.1411,616084.6259,613292.5475,616502.8439,630530.3907,636711.0263,636283.9935,642821.5826,645136.4263,649332.0386,650370.9024
Northern America,Waste,Emissions (CH4),kilotonnes,7412,6366,6108,6226,6086,6349,6510,6676,6870,6325,5753,5588,5433,5454,5542,5566,5623,5678,5764,5838,5683
Northern America,Waste,Emissions (N2O),kilotonnes,29.88,30.15,30.61,31.45,32.29,32.65,33.02,33.42,33.72,33.32,33.03,33.08,33.44,33.9,34.55,35.02,35.9,36.81,37.05,37.01,37.12
Northern America,Waste,Emissions (CO2),kilotonnes,190,203,209,167,184,179,169,154,168,152,155,146,98.3,103,122,137,133,133,133,128,121
Northern America,Waste,Emissions (CO2eq) from CH4 (AR5),kilotonnes,207536,178248,171024,174328,170408,177772,182280,186928,192360,177100,161084,156464,152124,152712,155176,155848,157444,158984,161392,163464,159124
Northern America,Waste,Emissions (CO2eq) from N2O (AR5),kilotonnes,7918.2,7989.75,8111.65,8334.25,8556.85,8652.25,8750.3,8856.3,8935.8,8829.8,8752.95,8766.2,8861.6,8983.5,9155.75,9280.3,9513.5,9754.65,9818.25,9807.65,9836.8
Northern America,Waste,Emissions (CO2eq) (AR5),kilotonnes,215644.2,186440.75,179344.65,182829.25,179148.85,186603.25,191199.3,195938.3,201463.8,186081.8,169991.95,165376.2,161083.9,161798.5,164453.75,165265.3,167090.5,168871.65,171343.25,173399.65,169081.8
Northern America,Other,Emissions (CH4),kilotonnes,15,15,15,15,15,15,15,15,15,15,15,15,15,15,15,15,15,15,15,15,15
Northern America,Other,Emissions (N2O),kilotonnes,100.2,96.94,91.14,91.55,90.57,88.82,86.22,86.53,80.87,74.11,76.76,76.37,74.33,76.89,76.63,76.93,75.66,75.13,77.09,71.64,70.66
Northern America,Other,Emissions (CO2),kilotonnes,4730,4730,4730,4730,4730,4730,4730,4730,4730,4730,4730,4730,4730,4730,4730,4730,4730,4730,4730,4730,4730
Northern America,Other,Emissions (CO2eq) from CH4 (AR5),kilotonnes,420,420,420,420,420,420,420,420,420,420,420,420,420,420,420,420,420,420,420,420,420
Northern America,Other,Emissions (CO2eq) from N2O (AR5),kilotonnes,26553,25689.1,24152.1,24260.75,24001.05,23537.3,22848.3,22930.45,21430.55,19639.15,20341.4,20238.05,19697.45,20375.85,20306.95,20386.45,20049.9,19909.45,20428.85,18984.6,18724.9
Northern America,Other,Emissions (CO2eq) (AR5),kilotonnes,31703,30839.1,29302.1,29410.75,29151.05,28687.3,27998.3,28080.45,26580.55,24789.15,25491.4,25388.05,24847.45,25525.85,25456.95,25536.45,25199.9,25059.45,25578.85,24134.6,23874.9
Northern America,Farm-gate emissions,Emissions (CH4),kilotonnes,9062.0396,9061.09,9070.1279,9016.5251,9084.4635,9160.6451,9161.4229,9139.3654,9161.25,9003.9136,9021.1946,8847.888,8764.7946,8664.5083,8669.7407,8654.1575,8895.9569,8941.9872,9080.1273,9058.1091,9064.607
Northern America,Farm-gate emissions,Direct emissions (N2O),kilotonnes,432.0977,428.6048,427.7614,449.4627,445.4256,443.2021,451.6442,460.1221,444.0744,453.0228,459.3641,470.9373,472.1646,475.0984,471.2806,471.7048,482.0352,475.5642,482.4685,473.7608,485.1627
Northern America,Farm-gate emissions,Indirect emissions (N2O),kilotonnes,124.1639,123.5359,123.9658,130.2635,128.2831,127.9063,130.9181,133.0948,127.7715,130.6005,133.0821,137.3973,138.1736,137.9501,136.8522,137.0816,139.0596,137.6297,139.771,137.5116,140.8531
Northern America,Farm-gate emissions,Emissions (N2O),kilotonnes,680.8217,675.5444,676.6765,702.2734,700.7773,699.5932,711.6966,721.8483,699.7002,707.3023,719.0798,734.0665,733.8173,737.6973,732.5714,733.1899,744.942,738.9065,747.0153,734.9334,750.4715
Northern America,Farm-gate emissions,Emissions (CO2),kilotonnes,151542.9173,154847.4691,151996.5576,147136.8089,158004.4883,158451.8129,162727.6666,159222.549,157365.0757,151181.6095,154467.1336,153736.8044,151119.2231,155894.1314,154766.2315,155089.188,153305.2559,153322.4115,155087.486,155364.4641,155427.8321
Northern America,Farm-gate emissions,Emissions (CO2eq) from CH4 (AR5),kilotonnes,253737.11,253710.5187,253963.582,252462.7021,254364.9781,256498.0637,256519.84,255902.23,256514.9988,252109.5814,252593.4488,247740.8627,245414.248,242606.2327,242752.7389,242316.4088,249086.7942,250375.6417,254243.5641,253627.0562,253808.9972
Northern America,Farm-gate emissions,Emissions (CO2eq) from N2O (AR5),kilotonnes,180417.7432,179019.2686,179319.2815,186102.4417,185705.9891,185392.2089,188599.5873,191289.8066,185420.5645,187435.1193,190556.1376,194527.6109,194461.5885,195489.7916,194131.4154,194295.3143,197409.641,195810.2231,197959.0663,194757.3441,198874.9569
Northern America,Farm-gate emissions,Emissions (CO2eq) (AR5),kilotonnes,585697.7705,587577.2564,585279.421,585701.9527,598075.4555,600342.0855,607847.094,606414.5856,599300.639,590726.3102,597616.72,596005.278,590995.0596,593990.1558,591650.3857,591700.9111,599801.6912,599508.2763,607290.1163,603748.8643,608111.7862
Northern America,Land Use change,Emissions (CH4),kilotonnes,1.0788,0.1307,0.008,0,0,0.0107,0.008,0.0373,0,0.056,0.0027,0.008,0.0053,0,0.024,0.0373,0.0373,0.0666,0.0666,0.008,0.0053
Northern America,Land Use change,Emissions (N2O),kilotonnes,0.0317,0.0119,0.0007,0,0,0.001,0.0007,0.0034,0,0.0051,0.0002,0.0007,0.0005,0,0.0022,0.0034,0.0034,0.0061,0.0061,0.0007,0.0005
Northern America,Land Use change,Emissions (CO2),kilotonnes,174932.899,110516.05,110516.05,110516.05,110516.05,110516.05,110516.05,110516.05,110516.05,110516.05,110516.05,92547.7663,92547.7663,92547.7663,92547.7663,92547.7663,155845.8627,155845.8627,155845.8627,155845.8627,155845.8627
Northern America,Land Use change,Emissions (CO2eq) from CH4 (AR5),kilotonnes,30.2058,3.6582,0.224,0,0,0.2986,0.224,1.0451,0,1.5675,0.0746,0.2239,0.1493,0,0.6719,1.0451,1.045,1.8662,1.866,0.2239,0.1493
Northern America,Land Use change,Emissions (CO2eq) from N2O (AR5),kilotonnes,8.4082,3.1612,0.1935,0,0,0.258,0.1935,0.9031,0,1.3545,0.0645,0.1935,0.129,0,0.5806,0.9031,0.903,1.6126,1.6125,0.1935,0.129
Northern America,Land Use change,Emissions (CO2eq) (AR5),kilotonnes,174971.5129,110522.8694,110516.4675,110516.05,110516.05,110516.6066,110516.4675,110517.9982,110516.05,110518.972,110516.1892,92548.1837,92548.0446,92547.7663,92549.0189,92549.7145,155847.8106,155849.3415,155849.3412,155846.2802,155846.141
Northern America,Emissions on agricultural land,Emissions (CH4),kilotonnes,9063.1184,9061.2206,9070.1359,9016.5251,9084.4635,9160.6558,9161.4309,9139.4027,9161.25,9003.9696,9021.1973,8847.8959,8764.7999,8664.5083,8669.7647,8654.1948,8895.9943,8942.0539,9080.1939,9058.1171,9064.6124
Northern America,Emissions on agricultural land,Emissions (N2O),kilotonnes,680.8534,675.5563,676.6773,702.2734,700.7773,699.5942,711.6973,721.8517,699.7002,707.3074,719.08,734.0672,733.8178,737.6973,732.5736,733.1933,744.9454,738.9126,747.0214,734.9341,750.472
Northern America,Emissions on agricultural land,Emissions (CO2),kilotonnes,326475.8163,265363.5191,262512.6076,257652.8589,268520.5383,268967.8629,273243.7166,269738.599,267881.1257,261697.6595,264983.1836,246284.5707,243666.9894,248441.8977,247313.9978,247636.9543,309151.1186,309168.2742,310933.3487,311210.3268,311273.6948
Northern America,Emissions on agricultural land,Emissions (CO2eq) from CH4 (AR5),kilotonnes,253767.3158,253714.1769,253963.8059,252462.7021,254364.9781,256498.3623,256520.064,255903.2751,256514.9988,252111.1489,252593.5235,247741.0866,245414.3973,242606.2327,242753.4108,242317.454,249087.8392,250377.5079,254245.4301,253627.2801,253809.1465
Northern America,Emissions on agricultural land,Emissions (CO2eq) from N2O (AR5),kilotonnes,180426.1514,179022.4297,179319.475,186102.4417,185705.9891,185392.4669,188599.7809,191290.7097,185420.5645,187436.4738,190556.2021,194527.8044,194461.7175,195489.7916,194131.9961,194296.2174,197410.544,195811.8357,197960.6788,194757.5376,198875.0859
Northern America,Emissions on agricultural land,Emissions (CO2eq) (AR5),kilotonnes,760669.2835,698100.1257,695795.8885,696218.0027,708591.5055,710858.6921,718363.5615,716932.5839,709816.689,701245.2822,708132.9092,688553.4617,683543.1042,686537.9221,684199.4046,684250.6256,755649.5018,755357.6179,763139.4575,759595.1445,763957.9272
Northern America,Pre- and post- production,Emissions (CH4),kilotonnes,2170.6377,2179.1308,2170.9661,2176.6685,2179.3573,2199.9032,2209.8382,2228.903,2233.0042,2227.0088,2223.2162,2223.5165,2219.6896,2220.5024,2219.4365,2226.6255,2236.1653,2229.4676,2228.0034,2229.2609,2190.331
Northern America,Pre- and post- production,Emissions (N2O),kilotonnes,53.1506,53.3736,54.0542,54.7109,54.4346,54.6582,57.6288,56.6012,57.2364,54.2039,55.5329,58.7003,55.2322,56.6504,56.2728,53.5047,58.0066,59.7029,61.277,59.7917,56.1019
Northern America,Pre- and post- production,Emissions (CO2),kilotonnes,378748.3366,385440.8572,380203.027,392186.7756,396793.398,404523.0239,408002.3304,418197.7757,416680.9511,391505.3958,402825.5792,384776.2316,363220.2268,406067.0218,412002.6716,414600.5211,423398.7179,422365.5476,426086.2109,430840.9914,385845.6811
Northern America,Pre- and post- production,Emissions (CO2eq) from F-gases (AR5),kilotonnes,103000.7455,122097.5655,140103.955,158849.0735,176978.065,196113.8475,212096.7845,227574.248,228799.7485,228210.116,226973.1865,225432.869,223783.976,222161.5775,222161.5775,222162.6165,235241.029,237938.7925,240637.0755,243334.839,246356.8672
Northern America,Pre- and post- production,Emissions (CO2eq) from CH4 (AR5),kilotonnes,60777.8568,61015.663,60787.0513,60946.7173,61022.0043,61597.2903,61875.4701,62409.2828,62524.1168,62356.247,62250.0543,62258.4614,62151.3093,62174.0667,62144.2233,62345.514,62612.6272,62425.0925,62384.095,62419.3054,61329.2689
Northern America,Pre- and post- production,Emissions (CO2eq) from N2O (AR5),kilotonnes,14084.9027,14143.9986,14324.3719,14498.3827,14425.1715,14484.4101,15271.6269,14999.3278,15167.6568,14364.0373,14716.2149,15555.5773,14636.531,15012.3557,14912.2993,14178.7441,15371.7369,15821.2725,16238.4045,15844.7988,14867.0103
Northern America,Pre- and post- production,Emissions (CO2eq) (AR5),kilotonnes,556611.8415,582698.0843,595418.4052,626480.9491,649218.6387,676718.5718,697246.2119,723180.6344,723172.4731,696435.7961,706765.0348,688023.1393,663792.0431,705415.0216,711220.7717,713287.3957,736624.111,738550.7051,745345.7859,752439.9346,708398.8274
Northern America,Agri-food systems,Emissions (CH4),kilotonnes,11233.7562,11240.3514,11241.102,11193.1936,11263.8208,11360.559,11371.2691,11368.3056,11394.2541,11230.9784,11244.4135,11071.4124,10984.4895,10885.0107,10889.2012,10880.8203,11132.1595,11171.5214,11308.1973,11287.3781,11254.9434
Northern America,Agri-food systems,Emissions (N2O),kilotonnes,734.004,728.9299,730.7315,756.9842,755.2119,754.2524,769.3261,778.453,756.9367,761.5114,774.6129,792.7675,789.05,794.3477,788.8464,786.698,802.952,798.6155,808.2984,794.7258,806.5739
Northern America,Agri-food systems,Emissions (CO2),kilotonnes,705224.1529,650804.3763,642715.6346,649839.6345,665313.9363,673490.8868,681246.047,687936.3748,684562.0768,653203.0553,667808.7628,631060.8023,606887.2162,654508.9194,659316.6694,662237.4753,732549.8365,731533.8219,737019.5595,742051.3182,697119.3759
Northern America,Agri-food systems,Emissions (CO2eq) from F-gases (AR5),kilotonnes,103000.7455,122097.5655,140103.955,158849.0735,176978.065,196113.8475,212096.7845,227574.248,228799.7485,228210.116,226973.1865,225432.869,223783.976,222161.5775,222161.5775,222162.6165,235241.029,237938.7925,240637.0755,243334.839,246356.8672
Northern America,Agri-food systems,Emissions (CO2eq) from CH4 (AR5),kilotonnes,314545.1726,314729.8399,314750.8573,313409.4194,315386.9824,318095.6526,318395.534,318312.5579,319039.1156,314467.3959,314843.5778,309999.548,307565.7066,304780.2994,304897.6341,304662.968,311700.4664,312802.6004,316629.5251,316046.5855,315138.4154
Northern America,Agri-food systems,Emissions (CO2eq) from N2O (AR5),kilotonnes,194511.054,193166.4283,193643.8469,200600.8243,200131.1606,199876.877,203871.4078,206290.0376,200588.2213,201800.5111,205272.417,210083.3816,209098.2484,210502.1473,209044.2953,208474.9615,212782.281,211633.1082,214199.0832,210602.3364,213742.0962
Northern America,Agri-food systems,Emissions (CO2eq) (AR5),kilotonnes,1317281.125,1280798.21,1291214.294,1322698.952,1357810.144,1387577.264,1415609.773,1440113.218,1432989.162,1397681.078,1414897.944,1376576.601,1347335.147,1391952.944,1395420.176,1397538.021,1492273.613,1493908.323,1508485.243,1512035.079,1472356.755
Northern America,IPCC Agriculture,Emissions (CH4),kilotonnes,9042.0103,9039.3198,9048.5201,8993.3092,9055.8053,9132.2545,9140.1461,9119.6363,9145.7491,8988.9061,9006.5236,8825.6685,8743.8591,8643.1491,8648.9113,8631.7952,8875.7138,8919.3079,9057.9609,9035.6753,9042.1732
Northern America,IPCC Agriculture,Direct emissions (N2O),kilotonnes,432.0977,428.6048,427.7614,449.4627,445.4256,443.2021,451.6442,460.1221,444.0744,453.0228,459.3641,470.9373,472.1646,475.0984,471.2806,471.7048,482.0352,475.5642,482.4685,473.7608,485.1627
Northern America,IPCC Agriculture,Indirect emissions (N2O),kilotonnes,124.1639,123.5359,123.9658,130.2635,128.2831,127.9063,130.9181,133.0948,127.7715,130.6005,133.0821,137.3973,138.1736,137.9501,136.8522,137.0816,139.0596,137.6297,139.771,137.5116,140.8531
Northern America,IPCC Agriculture,Emissions (N2O),kilotonnes,664.9105,658.8141,661.3277,688.7277,683.9784,682.1619,693.0824,704.2284,681.3797,691.2841,700.2428,717.7724,718.3885,721.0753,715.6031,716.6497,728.4783,723.5658,731.8699,720.1525,735.6907
Northern America,IPCC Agriculture,Emissions (CO2eq) from CH4 (AR5),kilotonnes,253176.2882,253100.9543,253358.5616,251812.6574,253562.5483,255703.1262,255924.0899,255349.8172,256080.9758,251689.3717,252182.6599,247118.718,244828.0549,242008.1756,242169.5176,241690.2658,248519.9858,249740.6219,253622.9049,252998.9094,253180.8504
Northern America,IPCC Agriculture,Emissions (CO2eq) from N2O (AR5),kilotonnes,176201.292,174585.731,175251.8437,182512.8474,181254.2778,180772.9085,183666.8305,186620.5193,180565.6224,183190.2814,185564.3528,190209.6968,190372.9508,191084.9508,189634.8308,189912.1685,193046.7524,191744.9463,193945.5254,190840.4119,194958.0247
Northern America,IPCC Agriculture,Emissions (CO2eq) (AR5),kilotonnes,429377.5802,427686.6853,428610.4054,434325.5048,434816.8261,436476.0347,439590.9203,441970.3366,436646.5983,434879.653,437747.0127,437328.4147,435201.0058,433093.1264,431804.3485,431602.4342,441566.7381,441485.5681,447568.4302,443839.3213,448138.8751
Northern America,Agricultural Soils,Direct emissions (N2O),kilotonnes,432.0977,428.6048,427.7614,449.4627,445.4256,443.2021,451.6442,460.1221,444.0744,453.0228,459.3641,470.9373,472.1646,475.0984,471.2806,471.7048,482.0352,475.5642,482.4685,473.7608,485.1627
Northern America,Agricultural Soils,Indirect emissions (N2O),kilotonnes,124.1639,123.5359,123.9658,130.2635,128.2831,127.9063,130.9181,133.0948,127.7715,130.6005,133.0821,137.3973,138.1736,137.9501,136.8522,137.0816,139.0596,137.6297,139.771,137.5116,140.8531
Northern America,Agricultural Soils,Emissions (N2O),kilotonnes,604.8376,600.8055,600.4538,628.4733,622.4934,619.8214,631.2012,641.7659,620.3559,632.1337,640.9913,656.9196,658.9374,661.6359,656.7112,657.3691,669.6981,661.8407,671.1782,660.3275,675.1256
Northern America,Agricultural Soils,Emissions (CO2eq) from N2O (AR5),kilotonnes,160281.9541,159213.4481,159120.2686,166545.425,164960.7509,164252.6788,167268.3164,170067.9588,164394.3154,167515.4357,169862.7053,174083.7065,174618.4182,175333.5078,174028.4646,174202.7999,177469.9859,175387.7877,177862.2353,174986.782,178908.2921
Northern America,Agricultural Soils,Emissions (CO2eq) (AR5),kilotonnes,160281.9541,159213.4481,159120.2686,166545.425,164960.7509,164252.6788,167268.3164,170067.9588,164394.3154,167515.4357,169862.7053,174083.7065,174618.4182,175333.5078,174028.4646,174202.7999,177469.9859,175387.7877,177862.2353,174986.782,178908.2921
Northern America,LULUCF,Emissions (CH4),kilotonnes,141.6971,11.756,30.6189,35.6971,30.9186,20.6795,26.5772,32.0922,42.0544,24.9281,24.8334,31.7864,35.5608,36.2632,37.6363,72.4378,43.1361,74.9813,109.0975,48.4282,107.8166
Northern America,LULUCF,Emissions (N2O),kilotonnes,7.8106,1.0734,2.7956,3.2593,2.823,1.8881,2.4266,2.9302,3.8397,2.276,2.2674,2.9022,3.2469,3.311,3.4364,6.6139,3.9385,6.8461,9.9611,4.4217,9.8441
Northern America,LULUCF,Emissions (CO2),kilotonnes,-325171.2277,-72270.3569,-72188.659,-72167.9144,-72151.5603,-72288.3111,-72438.4461,-72626.4894,-72742.1268,-72773.0225,-72744.043,-255860.5319,-255883.9433,-255983.2931,-256032.2155,-256053.1314,-168611.0573,-168596.7996,-168183.0484,-167909.0737,-167845.7057
Northern America,LULUCF,Emissions (CO2eq) from CH4 (AR5),kilotonnes,3967.5189,329.1691,857.3302,999.5175,865.722,579.0257,744.1617,898.5825,1177.5233,697.9872,695.3341,890.0205,995.7016,1015.3707,1053.8176,2028.2574,1207.8106,2099.4765,3054.7302,1355.9884,3018.8658
Northern America,LULUCF,Emissions (CO2eq) from N2O (AR5),kilotonnes,2069.813,284.4451,740.8451,863.7135,748.0967,500.3537,643.0528,776.4925,1017.5337,603.152,600.8594,769.0938,860.4161,877.4127,910.6358,1752.679,1043.7059,1814.2215,2639.6853,1171.7508,2608.6938
Northern America,LULUCF,Emissions (CO2eq) (AR5),kilotonnes,-319133.8958,-71656.7427,-70590.4836,-70304.6833,-70537.7417,-71208.9317,-71051.2317,-70951.4145,-70547.0697,-71471.8834,-71447.8495,-254201.4176,-254027.8256,-254090.5097,-254067.7621,-252272.195,-166359.5408,-164683.1016,-162488.6329,-165381.3345,-162218.1462
Northern America,AFOLU,Emissions (CH4),kilotonnes,9183.7074,9051.0758,9079.139,9029.0062,9086.7239,9152.934,9166.7233,9151.7286,9187.8035,9013.8342,9031.3569,8857.4549,8779.4199,8679.4124,8686.5477,8704.233,8918.8499,8994.2892,9167.0584,9084.1035,9149.9899
Northern America,AFOLU,Emissions (N2O),kilotonnes,672.7212,659.8875,664.1234,691.987,686.8014,684.05,695.509,707.1585,685.2195,693.5601,702.5102,720.6747,721.6353,724.3863,719.0395,723.2636,732.4168,730.412,741.831,724.5742,745.5348
Northern America,AFOLU,Emissions (CO2),kilotonnes,-325171.2277,-72270.3569,-72188.659,-72167.9144,-72151.5603,-72288.3111,-72438.4461,-72626.4894,-72742.1268,-72773.0225,-72744.043,-255860.5319,-255883.9433,-255983.2931,-256032.2155,-256053.1314,-168611.0573,-168596.7996,-168183.0484,-167909.0737,-167845.7057
Northern America,AFOLU,Emissions (CO2eq) from CH4 (AR5),kilotonnes,257143.8071,253430.1234,254215.8919,252812.175,254428.2703,256282.1519,256668.2516,256248.3997,257258.4992,252387.3588,252877.994,248008.7384,245823.7566,243023.5462,243223.3352,243718.5232,249727.7964,251840.0983,256677.6351,254354.8978,256199.7162
Northern America,AFOLU,Emissions (CO2eq) from N2O (AR5),kilotonnes,178271.1049,174870.176,175992.6889,183376.5609,182002.3745,181273.2622,184309.8832,187397.0118,181583.1562,183793.4333,186165.2122,190978.7905,191233.3669,191962.3635,190545.4667,191664.8474,194090.4583,193559.1678,196585.2107,192012.1627,197566.7185
Northern America,AFOLU,Emissions (CO2eq) (AR5),kilotonnes,110243.6844,356029.9426,358019.9217,364020.8215,364279.0845,365267.103,368539.6887,371018.9221,366099.5286,363407.7697,366299.1632,183126.9971,181173.1801,179002.6167,177736.5864,179330.2393,275207.1974,276802.4665,285079.7973,278457.9867,285920.729
Northern America,All sectors with LULUCF,Emissions (CH4),kilotonnes,31094.5474,30390.3258,29983.149,29931.7762,29841.1139,29756.014,30009.1833,30288.3986,30684.9435,29123.4842,28420.2469,28493.2549,28141.8199,28263.3024,28529.6777,28275.153,27641.8199,28093.0192,28527.6684,28321.0235,26979.8899
Northern America,All sectors with LULUCF,Emissions (N2O),kilotonnes,1197.6012,1158.9675,1150.7334,1169.407,1160.0814,1151.05,1157.599,1175.3185,1127.3395,1103.0301,1133.3802,1143.8447,1133.1253,1149.4663,1146.7095,1145.8736,1152.5068,1145.402,1162.841,1114.5942,1120.5048
Northern America,All sectors with LULUCF,Emissions (CO2),kilotonnes,6124348.772,6251162.643,6287450.341,6351329.086,6439662.44,6472820.689,6387660.554,6471757.511,6271855.873,5878308.978,6005740.957,5694315.468,5506644.357,5601349.707,5684119.785,5605713.869,5550951.943,5538666.2,5710579.952,5563648.926,4934205.294
Northern America,All sectors with LULUCF,Emissions (CO2eq) from F-gases (AR5),kilotonnes,191338.4774,194059.3902,215437.991,227682.0988,248963.5241,270730.8268,294635.9895,317180.6958,335644.0329,363533.3895,407359.5211,413675.9259,407651.0475,407942.5739,418923.4007,422227.3663,420575.3835,422518.8926,423296.2963,435443.2286,440496.3524
Northern America,All sectors with LULUCF,Emissions (CO2eq) from CH4 (AR5),kilotonnes,870647.3271,850929.1234,839528.1719,838089.735,835551.1903,833168.3919,840257.1316,848075.1597,859178.4192,815457.5588,795766.914,797811.1384,787970.9566,791372.4662,798830.9752,791704.2832,773970.9564,786604.5383,798774.7151,792988.6578,755436.9162
Northern America,All sectors with LULUCF,Emissions (CO2eq) from N2O (AR5),kilotonnes,317364.3049,307126.376,304944.3389,309892.8609,307421.5745,305028.2622,306763.7332,311459.4118,298744.9562,292302.9833,300345.7622,303118.8405,300278.2169,304608.5635,303878.0167,303656.4974,305414.3083,303531.5178,308152.8607,295367.4627,296933.7685
Northern America,All sectors with LULUCF,Emissions (CO2eq) (AR5),kilotonnes,7503698.882,7603277.533,7647360.843,7726993.78,7831598.729,7881748.17,7829317.408,7948472.778,7765423.282,7349602.909,7509213.154,7208921.373,7002544.578,7105273.311,7205752.177,7123302.016,7050912.591,7051321.149,7240803.824,7087448.275,6427072.331
Northern America,All sectors without LULUCF,Emissions (CH4),kilotonnes,30952.8503,30378.5698,29952.5301,29896.0792,29810.1953,29735.3345,29982.6061,30256.3063,30642.8891,29098.5561,28395.4136,28461.4685,28106.2591,28227.0391,28492.0413,28202.7152,27598.6838,28018.0379,28418.5709,28272.5953,26872.0732
Northern America,All sectors without LULUCF,Emissions (N2O),kilotonnes,1189.7905,1157.8941,1147.9377,1166.1477,1157.2584,1149.1619,1155.1724,1172.3884,1123.4997,1100.7541,1131.1128,1140.9424,1129.8785,1146.1553,1143.2731,1139.2597,1148.5683,1138.5558,1152.8799,1110.1725,1110.6607
Northern America,All sectors without LULUCF,Emissions (CO2),kilotonnes,6449520,6323433,6359639,6423497,6511814,6545109,6460099,6544384,6344598,5951082,6078485,5950176,5762528.3,5857333,5940152,5861767,5719563,5707263,5878763,5731558,5102051
Northern America,All sectors without LULUCF,Emissions (CO2eq) from F-gases (AR5),kilotonnes,191338.4774,194059.3902,215437.991,227682.0988,248963.5241,270730.8268,294635.9895,317180.6958,335644.0329,363533.3895,407359.5211,413675.9259,407651.0475,407942.5739,418923.4007,422227.3663,420575.3835,422518.8926,423296.2963,435443.2286,440496.3524
Northern America,All sectors without LULUCF,Emissions (CO2eq) from CH4 (AR5),kilotonnes,866679.8082,850599.9543,838670.8416,837090.2174,834685.4683,832589.3662,839512.9699,847176.5772,858000.8958,814759.5717,795071.5799,796921.118,786975.2549,790357.0956,797777.1576,789676.0258,772763.1458,784505.0619,795719.9849,791632.6694,752418.0504
Northern America,All sectors without LULUCF,Emissions (CO2eq) from N2O (AR5),kilotonnes,315294.492,306841.931,304203.4937,309029.1474,306673.4778,304527.9085,306120.6805,310682.9193,297727.4224,291699.8314,299744.9028,302349.7468,299417.8008,303731.1508,302967.3808,301903.8185,304370.6024,301717.2963,305513.1754,294195.7119,294325.0747
Northern America,All sectors without LULUCF,Emissions (CO2eq) (AR5),kilotonnes,7822832.778,7674934.276,7717951.326,7797298.464,7902136.47,7952957.102,7900368.64,8019424.192,7835970.351,7421074.793,7580661.004,7463122.791,7256572.403,7359363.82,7459819.939,7375574.211,7217272.132,7216004.251,7403292.457,7252829.61,6589290.478
Central America,Crop Residues,Direct emissions (N2O),kilotonnes,5.5432,5.996,5.752,6.111,6.0636,5.6156,6.1301,6.3778,6.7038,6.0001,6.5405,5.5841,6.4139,6.3958,6.8408,6.5329,7.1237,6.9398,6.6561,6.5519,6.7003
Central America,Crop Residues,Indirect emissions (N2O),kilotonnes,1.2472,1.3491,1.2942,1.375,1.3643,1.2635,1.3793,1.435,1.5084,1.35,1.4716,1.2564,1.4431,1.439,1.5392,1.4699,1.6028,1.5615,1.4976,1.4742,1.5076
Central America,Crop Residues,Emissions (N2O),kilotonnes,6.7905,7.345,7.0462,7.486,7.4279,6.8791,7.5094,7.8128,8.2122,7.3501,8.0121,6.8406,7.8571,7.8348,8.3799,8.0028,8.7266,8.5013,8.1537,8.026,8.2078
Central America,Crop Residues,Emissions (CO2eq) from N2O (AR5),kilotonnes,1799.4767,1946.4353,1867.2396,1983.7858,1968.3858,1822.9508,1989.9891,2070.384,2176.2284,1947.7718,2123.2153,1812.7493,2082.1269,2076.2222,2220.6857,2120.7425,2312.5446,2252.8444,2160.7426,2126.9029,2175.069
Central America,Crop Residues,Emissions (CO2eq) (AR5),kilotonnes,1799.4767,1946.4353,1867.2396,1983.7858,1968.3858,1822.9508,1989.9891,2070.384,2176.2284,1947.7718,2123.2153,1812.7493,2082.1269,2076.2222,2220.6857,2120.7425,2312.5446,2252.8444,2160.7426,2126.9029,2175.069
Central America,Rice Cultivation,Emissions (CH4),kilotonnes,16.3286,12.3525,12.1508,13.5662,13.1654,12.7825,14.0514,13.4712,11.3937,12.2925,11.7445,11.0974,10.2996,9.8702,10.0591,9.9413,10.3129,10.0068,10.4338,9.7941,10.9526
Central America,Rice Cultivation,Emissions (CO2eq) from CH4 (AR5),kilotonnes,457.2021,345.8712,340.2236,379.8535,368.6313,357.9092,393.4394,377.1933,319.0242,344.1901,328.8451,310.7272,288.3885,276.3645,281.6561,278.3559,288.7615,280.1898,292.1458,274.2336,306.6736
Central America,Rice Cultivation,Emissions (CO2eq) (AR5),kilotonnes,457.2021,345.8712,340.2236,379.8535,368.6313,357.9092,393.4394,377.1933,319.0242,344.1901,328.8451,310.7272,288.3885,276.3645,281.6561,278.3559,288.7615,280.1898,292.1458,274.2336,306.6736
Central America,Burning - Crop residues,Emissions (CH4),kilotonnes,26.8342,28.5363,26.8011,27.883,28.013,25.3667,27.1561,27.807,28.2132,25.3071,27.6581,24.9188,27.2077,28.1754,27.7167,27.9398,29.4449,28.6262,27.9618,26.5381,27.9678
Central America,Burning - Crop residues,Emissions (N2O),kilotonnes,0.6957,0.7398,0.6948,0.7229,0.7263,0.6577,0.704,0.7209,0.7315,0.6561,0.7171,0.646,0.7054,0.7305,0.7186,0.7244,0.7634,0.7422,0.7249,0.688,0.7251
Central America,Burning - Crop residues,Emissions (CO2eq) from CH4 (AR5),kilotonnes,751.3583,799.0162,750.4297,780.723,784.3637,710.2682,760.3717,778.5959,789.9691,708.5992,774.4279,697.7273,761.8163,788.9105,776.0665,782.3149,824.4572,801.5344,782.931,743.0671,783.099
Central America,Burning - Crop residues,Emissions (CO2eq) from N2O (AR5),kilotonnes,184.3611,196.0549,184.1332,191.5663,192.4596,174.2788,186.5727,191.0444,193.835,173.8692,190.0217,171.2016,186.9271,193.5753,190.4237,191.9569,202.2974,196.6728,192.1081,182.3267,192.1493
Central America,Burning - Crop residues,Emissions (CO2eq) (AR5),kilotonnes,935.7194,995.0711,934.5629,972.2893,976.8233,884.547,946.9444,969.6403,983.8041,882.4684,964.4496,868.9289,948.7434,982.4858,966.4903,974.2718,1026.7546,998.2072,975.039,925.3938,975.2483
Central America,Enteric Fermentation,Emissions (CH4),kilotonnes,2708.7127,2745.529,2815.054,2827.5727,2818.0425,2826.9831,2847.6632,2885.6245,2933.2238,2985.5301,3013.8915,3048.5447,3012.8487,3044.5631,3101.5278,3148.5556,3170.7846,3199.107,3243.0379,3273.8349,3297.8401
Central America,Enteric Fermentation,Emissions (CO2eq) from CH4 (AR5),kilotonnes,75843.955,76874.8109,78821.512,79172.0362,78905.1913,79155.5282,79734.5707,80797.4869,82130.2667,83594.843,84388.9617,85359.2506,84359.7633,85247.7657,86842.7791,88159.5577,88781.969,89574.9958,90805.0625,91667.3776,92339.5234
Central America,Enteric Fermentation,Emissions (CO2eq) (AR5),kilotonnes,75843.955,76874.8109,78821.512,79172.0362,78905.1913,79155.5282,79734.5707,80797.4869,82130.2667,83594.843,84388.9617,85359.2506,84359.7633,85247.7657,86842.7791,88159.5577,88781.969,89574.9958,90805.0625,91667.3776,92339.5234
Central America,Manure Management,Emissions (CH4),kilotonnes,91.0973,92.5846,94.6782,95.1602,96.0849,97.3969,98.1961,99.0891,100.0722,101.1137,102.0989,102.8517,102.8701,103.9021,105.0556,106.4991,107.6136,108.6957,110.3648,111.7863,112.7933
Central America,Manure Management,Emissions (N2O),kilotonnes,6.6199,6.79,6.9617,6.9654,7.1875,7.3703,7.3632,7.42,7.4433,7.4519,7.5227,7.5711,7.7004,7.7988,7.8138,7.9238,8.0691,8.2077,8.4127,8.6006,8.7339
Central America,Manure Management,Emissions (CO2eq) from CH4 (AR5),kilotonnes,2550.7251,2592.3695,2650.99,2664.4869,2690.3764,2727.1141,2749.4899,2774.4947,2802.0204,2831.1842,2858.7702,2879.8472,2880.3622,2909.259,2941.5576,2981.9735,3013.1821,3043.4784,3090.2145,3130.0155,3158.2129
Central America,Manure Management,Emissions (CO2eq) from N2O (AR5),kilotonnes,1754.2833,1799.355,1844.8415,1845.8299,1904.6784,1953.1313,1951.2408,1966.3077,1972.4747,1974.7465,1993.5046,2006.3301,2040.5946,2066.6852,2070.6644,2099.8067,2138.3108,2175.0443,2229.3591,2279.1596,2314.4719
Central America,Manure Management,Emissions (CO2eq) (AR5),kilotonnes,4305.0084,4391.7244,4495.8315,4510.3168,4595.0548,4680.2454,4700.7308,4740.8024,4774.4951,4805.9308,4852.2748,4886.1773,4920.9568,4975.9442,5012.222,5081.7802,5151.4929,5218.5226,5319.5737,5409.1751,5472.6848
Central America,Manure left on Pasture,Direct emissions (N2O),kilotonnes,63.0399,63.898,65.3715,65.6998,65.545,65.8926,66.5236,67.2035,68.2514,69.4161,70.1984,70.8726,70.0724,70.8585,72.1596,73.3247,73.8839,74.5108,75.5176,76.3497,76.8856
Central America,Manure left on Pasture,Indirect emissions (N2O),kilotonnes,15.5244,15.723,16.0672,16.1446,16.1156,16.199,16.3446,16.5033,16.7405,17.0002,17.1704,17.3186,17.1463,17.3135,17.5943,17.8502,17.9758,18.113,18.3199,18.5009,18.6185
Central America,Manure left on Pasture,Emissions (N2O),kilotonnes,78.5643,79.621,81.4387,81.8444,81.6606,82.0916,82.8682,83.7069,84.9919,86.4163,87.3688,88.1912,87.2187,88.1719,89.7539,91.1749,91.8597,92.6238,93.8376,94.8506,95.5041
Central America,Manure left on Pasture,Emissions (CO2eq) from N2O (AR5),kilotonnes,20819.5355,21099.566,21581.2431,21688.7749,21640.0527,21754.261,21960.0662,22182.3224,22522.8587,22900.3196,23152.7259,23370.6691,23112.9552,23365.5645,23784.7807,24161.3557,24342.8228,24545.3058,24866.9529,25135.4197,25308.5813
Central America,Manure left on Pasture,Emissions (CO2eq) (AR5),kilotonnes,20819.5355,21099.566,21581.2431,21688.7749,21640.0527,21754.261,21960.0662,22182.3224,22522.8587,22900.3196,23152.7259,23370.6691,23112.9552,23365.5645,23784.7807,24161.3557,24342.8228,24545.3058,24866.9529,25135.4197,25308.5813
Central America,Manure applied to Soils,Direct emissions (N2O),kilotonnes,8.7812,9.0709,9.4327,9.4803,9.7521,9.9884,10.1134,10.2761,10.3604,10.4162,10.4478,10.5833,10.7395,10.8106,10.8656,10.9376,11.1295,11.2832,11.4931,11.6297,11.782
Central America,Manure applied to Soils,Indirect emissions (N2O),kilotonnes,3.732,3.8551,4.0089,4.0291,4.1447,4.2451,4.2982,4.3674,4.4032,4.4269,4.4403,4.4979,4.5643,4.5945,4.6179,4.6485,4.73,4.7954,4.8846,4.9426,5.0074
Central America,Manure applied to Soils,Emissions (N2O),kilotonnes,12.5132,12.926,13.4416,13.5094,13.8968,14.2335,14.4116,14.6435,14.7636,14.8431,14.8881,15.0811,15.3038,15.4051,15.4835,15.586,15.8596,16.0786,16.3777,16.5723,16.7894
Central America,Manure applied to Soils,Emissions (CO2eq) from N2O (AR5),kilotonnes,3316.0009,3425.3906,3562.0174,3579.9856,3682.6533,3771.8741,3819.0657,3880.5288,3912.3607,3933.4156,3945.3515,3996.5021,4055.5058,4082.3622,4103.1303,4130.2984,4202.7857,4260.8241,4340.0808,4391.666,4449.1893
Central America,Manure applied to Soils,Emissions (CO2eq) (AR5),kilotonnes,3316.0009,3425.3906,3562.0174,3579.9856,3682.6533,3771.8741,3819.0657,3880.5288,3912.3607,3933.4156,3945.3515,3996.5021,4055.5058,4082.3622,4103.1303,4130.2984,4202.7857,4260.8241,4340.0808,4391.666,4449.1893
Central America,Synthetic Fertilizers,Direct emissions (N2O),kilotonnes,27.5187,27.193,21.0273,22.4998,19.9635,24.897,22.897,24.1447,20.2777,21.8098,23.1229,29.5358,29.0183,30.9443,29.3303,25.1187,31.2176,30.9355,29.0487,28.0938,30.6452
Central America,Synthetic Fertilizers,Indirect emissions (N2O),kilotonnes,8.9436,8.8377,6.8339,7.3124,6.4881,8.0915,7.4415,7.847,6.5903,7.0882,7.5149,9.5991,9.431,10.0569,9.5323,8.1636,10.1457,10.054,9.4408,9.1305,9.9597
Central America,Synthetic Fertilizers,Emissions (N2O),kilotonnes,36.4623,36.0307,27.8611,29.8123,26.4517,32.9886,30.3385,31.9918,26.868,28.898,30.6378,39.135,38.4493,41.0013,38.8626,33.2822,41.3633,40.9896,38.4896,37.2243,40.6049
Central America,Synthetic Fertilizers,Emissions (CO2eq) from N2O (AR5),kilotonnes,9662.5035,9548.1276,7383.1954,7900.251,7009.6915,8741.9676,8039.7149,8477.8143,7120.0224,7657.9616,8119.0169,10370.7736,10189.0627,10865.3328,10298.5855,8819.7906,10961.2717,10862.2361,10199.7318,9864.4301,10760.2882
Central America,Synthetic Fertilizers,Emissions (CO2eq) (AR5),kilotonnes,9662.5035,9548.1276,7383.1954,7900.251,7009.6915,8741.9676,8039.7149,8477.8143,7120.0224,7657.9616,8119.0169,10370.7736,10189.0627,10865.3328,10298.5855,8819.7906,10961.2717,10862.2361,10199.7318,9864.4301,10760.2882
Central America,Drained organic soils,Emissions (CO2eq) (AR5),kilotonnes,1024.0199,1022.9647,1016.5247,1009.5338,1010.8015,1013.0766,1013.8467,1017.1315,1025.0628,1028.4182,1025.7541,1026.2326,1026.5471,1026.853,1009.8015,1009.8015,1013.7815,1020.3343,1019.3183,989.4798,991.1207
Central America,Drained organic soils (CO2),Emissions (CO2),kilotonnes,980.7228,979.6933,973.4983,966.8091,968.0171,970.1725,970.8884,973.9864,981.5249,984.6946,982.1533,982.5977,982.8741,983.1629,966.8182,966.8182,970.6018,976.8481,975.8542,947.3938,948.9578
Central America,Drained organic soils (CO2),Emissions (CO2eq) (AR5),kilotonnes,980.7228,979.6933,973.4983,966.8091,968.0171,970.1725,970.8884,973.9864,981.5249,984.6946,982.1533,982.5977,982.8741,983.1629,966.8182,966.8182,970.6018,976.8481,975.8542,947.3938,948.9578
Central America,Drained organic soils (N2O),Emissions (N2O),kilotonnes,0.1634,0.1633,0.1624,0.1612,0.1615,0.1619,0.1621,0.1628,0.1643,0.165,0.1645,0.1647,0.1648,0.1649,0.1622,0.1622,0.1629,0.1641,0.164,0.1588,0.1591
Central America,Drained organic soils (N2O),Emissions (CO2eq) from N2O (AR5),kilotonnes,43.2971,43.2714,43.0264,42.7247,42.7845,42.9041,42.9583,43.1452,43.5379,43.7236,43.6008,43.635,43.673,43.69,42.9833,42.9833,43.1797,43.4862,43.464,42.086,42.1629
Central America,Drained organic soils (N2O),Emissions (CO2eq) (AR5),kilotonnes,43.2971,43.2714,43.0264,42.7247,42.7845,42.9041,42.9583,43.1452,43.5379,43.7236,43.6008,43.635,43.673,43.69,42.9833,42.9833,43.1797,43.4862,43.464,42.086,42.1629
Central America,On-farm energy use,Emissions (CH4),kilotonnes,1.1469,1.1055,1.3307,2.0506,1.991,1.9091,2.2854,1.9109,2.1688,1.6173,2.6129,2.7118,1.474,1.8303,1.3526,2.2161,1.3863,2.5248,2.4438,2.6883,2.6883
Central America,On-farm energy use,Emissions (N2O),kilotonnes,2.6795,2.638,2.5536,2.7318,2.781,2.9507,3.1808,3.2928,3.3809,3.4655,3.4536,3.5688,3.7913,3.5903,3.6004,3.915,3.988,4.0679,4.3048,4.4463,4.4463
Central America,On-farm energy use,Emissions (CO2),kilotonnes,10396.9125,9996.0404,9948.6115,10554.9112,10712.6794,10849.2485,11137.2845,10819.4343,10794.2577,10319.0376,10621.8103,10930.5889,11094.4077,10729.6426,10578.9514,11671.4003,11543.4094,12093.3851,12685.6281,13127.2568,13127.2568
Central America,On-farm energy use,Emissions (CO2eq) from CH4 (AR5),kilotonnes,32.1132,30.9528,37.2582,57.4174,55.7466,53.455,63.9923,53.5049,60.7265,45.2854,73.1626,75.9314,41.2709,51.248,37.8716,62.051,38.8175,70.6947,68.4267,75.2735,75.2735
Central America,On-farm energy use,Emissions (CO2eq) from N2O (AR5),kilotonnes,710.0633,699.0698,676.6966,723.9247,736.9679,781.9471,842.913,872.6046,895.9463,918.363,915.2083,945.7265,1004.6944,951.4174,954.0941,1037.4815,1056.8219,1077.9895,1140.7789,1178.2661,1178.2661
Central America,On-farm energy use,Emissions (CO2eq) (AR5),kilotonnes,11139.089,10726.0629,10662.5663,11336.2533,11505.394,11684.6507,12044.1898,11745.5439,11750.9305,11282.686,11610.1812,11952.2469,12140.3729,11732.308,11570.9171,12770.9328,12639.0487,13242.0693,13894.8337,14380.7964,14380.7964
Central America,Forestland,Emissions (CO2),kilotonnes,-2060.9855,-85583.3823,-85583.3823,-85583.3823,-85583.3823,-85583.3823,-85583.3823,-85583.3823,-85583.3823,-85583.3823,-85583.3823,-10354.0387,-10354.0387,-10354.0387,-10354.0387,-10354.0387,-10266.725,-10266.725,-10266.725,-10266.725,-10266.725
Central America,Forestland,Emissions (CO2eq) (AR5),kilotonnes,-2060.9855,-85583.3823,-85583.3823,-85583.3823,-85583.3823,-85583.3823,-85583.3823,-85583.3823,-85583.3823,-85583.3823,-85583.3823,-10354.0387,-10354.0387,-10354.0387,-10354.0387,-10354.0387,-10266.725,-10266.725,-10266.725,-10266.725,-10266.725
Central America,Net Forest conversion,Emissions (CO2),kilotonnes,80336.6568,68547.3591,68547.3591,68547.3591,68547.3591,68547.3591,68547.3591,68547.3591,68547.3591,68547.3591,68547.3591,51207.517,51207.517,51207.517,51207.517,51207.517,55184.1272,55184.1272,55184.1272,55184.1272,55184.1272
Central America,Net Forest conversion,Emissions (CO2eq) (AR5),kilotonnes,80336.6568,68547.3591,68547.3591,68547.3591,68547.3591,68547.3591,68547.3591,68547.3591,68547.3591,68547.3591,68547.3591,51207.517,51207.517,51207.517,51207.517,51207.517,55184.1272,55184.1272,55184.1272,55184.1272,55184.1272
Central America,Savanna fires,Emissions (CH4),kilotonnes,17.0604,13.0959,19.957,41.6242,11.8802,42.7501,19.0152,25.17,22.7157,24.2699,16.4142,43.0164,18.7041,25.9625,14.4515,13.8115,21.6307,25.2366,22.7601,28.2399,28.5428
Central America,Savanna fires,Emissions (N2O),kilotonnes,1.5577,1.1957,1.8222,3.8005,1.0847,3.9033,1.7362,2.2981,2.074,2.2159,1.4987,3.9276,1.7078,2.3705,1.3195,1.261,1.975,2.3042,2.0781,2.5784,2.6061
Central America,Savanna fires,Emissions (CO2eq) from CH4 (AR5),kilotonnes,477.6906,366.6847,558.7972,1165.4781,332.6447,1197.0016,532.4262,704.7589,636.0408,679.5565,459.5975,1204.4604,523.7139,726.9501,404.6413,386.7206,605.6585,706.6256,637.283,790.7176,799.1993
Central America,Savanna fires,Emissions (CO2eq) from N2O (AR5),kilotonnes,412.7876,316.8634,482.8737,1007.1251,287.4484,1034.3655,460.0857,609.0036,549.6222,587.2254,397.1522,1040.8109,452.5571,628.1797,349.6629,334.177,523.368,610.6167,550.6956,683.2832,690.6125
Central America,Savanna fires,Emissions (CO2eq) (AR5),kilotonnes,890.4782,683.5482,1041.6709,2172.6031,620.0931,2231.3672,992.5118,1313.7625,1185.6629,1266.7819,856.7497,2245.2714,976.271,1355.1297,754.3042,720.8976,1129.0265,1317.2423,1187.9786,1474.0008,1489.8118
Central America,Fires in organic soils,Emissions (CH4),kilotonnes,0,0,0,0,0,0,0,0,0,0,0,0,0,0,0,0,0,0,0,0,0
Central America,Fires in organic soils,Emissions (CO2),kilotonnes,0,0,0,0,0,0,0,0,0,0,0,0,0,0,0,0,0,0,0,0,0
Central America,Fires in organic soils,Emissions (CO2eq) from CH4 (AR5),kilotonnes,0,0,0,0,0,0,0,0,0,0,0,0,0,0,0,0,0,0,0,0,0
Central America,Fires in organic soils,Emissions (CO2eq) (AR5),kilotonnes,0,0,0,0,0,0,0,0,0,0,0,0,0,0,0,0,0,0,0,0,0
Central America,Forest fires,Emissions (CH4),kilotonnes,233.5453,18.6209,39.7698,150.4641,13.0279,89.7674,42.9289,38.1557,42.6968,51.1772,26.7696,70.1953,25.0012,65.7164,17.0364,36.7575,45.0195,50.405,27.4165,64.8617,78.4773
Central America,Forest fires,Emissions (N2O),kilotonnes,8.0041,1.7002,3.6312,13.738,1.1895,8.1962,3.9196,3.4838,3.8984,4.6727,2.4442,6.4091,2.2827,6.0002,1.5555,3.3561,4.1105,4.6022,2.5032,5.9222,7.1653
Central America,Forest fires,Emissions (CO2eq) from CH4 (AR5),kilotonnes,6539.2694,521.3849,1113.5543,4212.9948,364.7801,2513.4863,1202.0087,1068.3598,1195.5102,1432.9607,749.5495,1965.4684,700.0323,1840.0602,477.019,1029.2098,1260.5453,1411.3399,767.6628,1816.1265,2197.3653
Central America,Forest fires,Emissions (CO2eq) from N2O (AR5),kilotonnes,2121.0754,450.5446,962.2562,3640.5771,315.2176,2171.98,1038.6923,923.2022,1033.0767,1238.2649,647.7086,1698.421,604.9192,1590.0521,412.2066,889.3715,1089.2755,1219.5817,663.3608,1569.3702,1898.8102
Central America,Forest fires,Emissions (CO2eq) (AR5),kilotonnes,8660.3447,971.9296,2075.8105,7853.5719,679.9976,4685.4663,2240.701,1991.562,2228.5869,2671.2256,1397.2581,3663.8894,1304.9515,3430.1123,889.2257,1918.5814,2349.8208,2630.9216,1431.0236,3385.4966,4096.1755
Central America,Fires in humid tropical forests,Emissions (CH4),kilotonnes,141.1391,5.7986,23.2832,122.9548,6.254,59.5173,26.3702,21.2676,20.6897,34.0009,14.5313,43.2166,6.2317,33.7564,14.1198,27.445,27.0427,17.3391,10.4046,25.2738,47.3175
Central America,Fires in humid tropical forests,Emissions (N2O),kilotonnes,4.1512,0.5294,2.1259,11.2263,0.571,5.4342,2.4077,1.9418,1.8891,3.1044,1.3268,3.9459,0.569,3.0821,1.2892,2.5059,2.4691,1.5831,0.95,2.3076,4.3203
Central America,Fires in humid tropical forests,Emissions (CO2eq) from CH4 (AR5),kilotonnes,3951.8956,162.3609,651.9286,3442.7338,175.1113,1666.4833,738.3666,595.4936,579.3121,952.0258,406.8771,1210.0653,174.4865,945.1796,395.3545,768.4612,757.1952,485.4955,291.3278,707.6663,1324.8906
Central America,Fires in humid tropical forests,Emissions (CO2eq) from N2O (AR5),kilotonnes,1100.0553,140.301,563.3514,2974.9711,151.319,1440.0589,638.0451,514.5841,500.6012,822.6745,351.5949,1045.6543,150.7791,816.7584,341.6378,664.0507,654.3154,419.5314,251.7452,611.516,1144.8783
Central America,Fires in humid tropical forests,Emissions (CO2eq) (AR5),kilotonnes,5051.9509,302.6618,1215.28,6417.7049,326.4303,3106.5422,1376.4117,1110.0777,1079.9134,1774.7004,758.472,2255.7196,325.2656,1761.938,736.9923,1432.5119,1411.5106,905.0269,543.073,1319.1823,2469.769
Central America,Waste - agri-food systems,Emissions (CH4),kilotonnes,1959.9609,1988.8132,2006.3928,2020.3594,2022.2903,2017.0859,2073.8241,2350.2742,2468.1384,2522.4672,2396.2497,2446.4351,2453.9634,2456.6526,2483.1248,2511.522,2565.4302,2511.9721,2459.8452,2406.4197,2350.9995
Central America,Waste - agri-food systems,Emissions (N2O),kilotonnes,3.737,3.8867,3.9739,4.0192,4.0691,4.1414,4.2472,4.4427,4.4923,4.5247,4.6211,4.6584,4.7732,4.8918,5.0324,5.0925,5.228,5.448,5.6702,5.8851,6.099
Central America,Waste - agri-food systems,Emissions (CO2),kilotonnes,0.6645,0.6663,0.6671,0.6685,0.6707,0.6734,0.6767,0.6804,0.6838,0.6852,0.6876,0.6909,0.6922,0.6922,0.6941,0.6959,0.6969,0.6987,0.6999,0.7011,0.6996
Central America,Waste - agri-food systems,Emissions (CO2eq) from CH4 (AR5),kilotonnes,54878.9047,55686.7708,56178.998,56570.0644,56624.1282,56478.4054,58067.0746,65807.6768,69107.875,70629.0822,67094.9916,68500.184,68710.9764,68786.2716,69527.4954,70322.616,71832.046,70335.2188,68875.6646,67379.7506,65827.9847
Central America,Waste - agri-food systems,Emissions (CO2eq) from N2O (AR5),kilotonnes,990.2983,1029.9793,1053.0764,1065.0754,1078.3064,1097.4752,1125.4965,1177.3259,1190.4688,1199.0453,1224.6022,1234.4799,1264.8919,1296.3342,1333.5882,1349.5071,1385.4281,1443.7075,1502.5979,1559.5453,1616.2467
Central America,Waste - agri-food systems,Emissions (CO2eq) (AR5),kilotonnes,55869.8674,56717.4165,57232.7415,57635.8083,57703.1052,57576.554,59193.2478,66985.6831,70299.0276,71828.8127,68320.2815,69735.3548,69976.5606,70083.298,70861.7777,71672.819,73218.171,71779.6251,70378.9624,68939.997,67444.931
Central America,Fertilizers Manufacturing,Emissions (N2O),kilotonnes,0.148,0.0997,0.0512,0.0018,0,0,0,0,0,0,0,0,0,0,0,0,0,0,0,0,0
Central America,Fertilizers Manufacturing,Emissions (CO2),kilotonnes,0,25.1659,307.9197,268.7758,374.177,342.7893,282.5774,322.2771,364.8444,460.1741,433.126,889.1641,546.6298,2537.6777,2383.0854,1778.4204,2051.2212,1812.5733,808.0565,443.56,362.6403
Central America,Fertilizers Manufacturing,Emissions (CO2eq) from N2O (AR5),kilotonnes,39.22,26.4205,13.568,0.477,0,0,0,0,0,0,0,0,0,0,0,0,0,0,0,0,0
Central America,Fertilizers Manufacturing,Emissions (CO2eq) (AR5),kilotonnes,39.22,51.5864,321.4877,269.2528,374.177,342.7893,282.5774,322.2771,364.8444,460.1741,433.126,889.1641,546.6298,2537.6777,2383.0854,1778.4204,2051.2212,1812.5733,808.0565,443.56,362.6403
Central America,On-farm electricity use,Emissions (CH4),kilotonnes,10.1586,9.661,9.3947,9.6798,9.3866,10.8179,10.872,10.627,11.0298,12.4587,11.5875,14.4933,14.354,13.7369,13.4779,13.5838,15.1037,15.4849,16.4812,17.0819,17.0819
Central America,On-farm electricity use,Emissions (N2O),kilotonnes,0.0542,0.0515,0.05,0.0514,0.0497,0.0578,0.0579,0.0568,0.0589,0.0666,0.0618,0.0774,0.0765,0.0733,0.0719,0.0725,0.0806,0.0826,0.088,0.0911,0.0911
Central America,On-farm electricity use,Emissions (CO2),kilotonnes,4601.0234,4378.1608,4218.9277,4383.6226,3656.0625,4314.1445,4115.0394,3986.666,3739.1058,4479.2687,4170.0154,5194.8024,5165.0085,5191.5632,5087.1859,5117.9722,5722.7291,5856.0365,6254.8124,6488.3377,6488.3377
Central America,On-farm electricity use,Emissions (CO2eq) from CH4 (AR5),kilotonnes,284.4408,270.508,263.0516,271.0344,262.8248,302.9012,304.416,297.556,308.8344,348.8436,324.45,405.8124,401.912,384.6332,377.3812,380.3464,422.9036,433.5772,461.4736,478.2932,478.2932
Central America,On-farm electricity use,Emissions (CO2eq) from N2O (AR5),kilotonnes,14.363,13.6475,13.25,13.621,13.1705,15.317,15.3435,15.052,15.6085,17.649,16.377,20.511,20.2725,19.4245,19.0535,19.2125,21.359,21.889,23.32,24.1415,24.1415
Central America,On-farm electricity use,Emissions (CO2eq) (AR5),kilotonnes,4899.8272,4662.3163,4495.2293,4668.278,3932.0578,4632.3627,4434.7989,4299.274,4063.5487,4845.7613,4510.8424,5621.1258,5587.193,5595.6209,5483.6206,5517.5311,6166.9917,6311.5027,6739.606,6990.7724,6990.7724
Central America,Food Processing,Emissions (CH4),kilotonnes,1.5811,1.5966,1.9729,2.0562,2.1197,13.5032,12.9436,14.6425,15.6268,16.5905,13.2047,14.7165,16.9671,16.7161,17.3465,18.3119,21.377,22.9057,22.3015,25.0774,25.9923
Central America,Food Processing,Emissions (N2O),kilotonnes,0.0362,0.0372,0.0375,0.0386,0.0391,0.0697,0.066,0.0684,0.0626,0.0599,0.054,0.0529,0.0555,0.0538,0.0521,0.0539,0.0585,0.0584,0.0567,0.0568,0.0604
Central America,Food Processing,Emissions (CO2),kilotonnes,4311.2225,4436.0076,4300.8385,4423.4878,4353.6446,5537.7993,5258.8184,5284.1208,4507.972,4070.4609,4003.336,3833.404,4191.2118,4415.0508,4107.2682,4285.7923,4575.385,4656.4968,4464.6625,4448.0759,3686.8402
Central America,Food Processing,Emissions (CO2eq) from CH4 (AR5),kilotonnes,44.2708,44.7048,55.2412,57.5736,59.3516,378.0896,362.4208,409.99,437.5504,464.534,369.7316,412.062,475.0788,468.0508,485.702,512.7332,598.556,641.3596,624.442,702.1672,727.7853
Central America,Food Processing,Emissions (CO2eq) from N2O (AR5),kilotonnes,9.593,9.858,9.9375,10.229,10.3615,18.4705,17.49,18.126,16.589,15.8735,14.31,14.0185,14.7075,14.257,13.8065,14.2835,15.5025,15.476,15.0255,15.052,15.9943
Central America,Food Processing,Emissions (CO2eq) (AR5),kilotonnes,4365.0863,4490.5704,4366.0172,4491.2904,4423.3577,5934.3594,5638.7292,5712.2368,4962.1114,4550.8684,4387.3776,4259.4845,4680.9981,4897.3586,4606.7767,4812.809,5189.4435,5313.3324,5104.13,5165.2951,4430.6198
Central America,Food Packaging,Emissions (CH4),kilotonnes,3.622,3.478,3.4312,3.5378,3.4245,3.4167,3.4188,4.4475,4.1242,3.7354,4.8836,5.2895,5.5636,5.6543,3.5476,3.5669,3.8221,3.79,3.8024,4.5814,5.0156
Central America,Food Packaging,Emissions (N2O),kilotonnes,0.0297,0.0276,0.0259,0.0254,0.0248,0.0261,0.0253,0.0341,0.0305,0.0253,0.0271,0.0274,0.0278,0.0271,0.0223,0.0221,0.024,0.023,0.0224,0.0235,0.0262
Central America,Food Packaging,Emissions (CO2),kilotonnes,3925.92,3587.4273,3302.1983,3168.6003,2882.0319,3108.5283,3046.3086,4125.7936,3736.3596,2925.8997,2976.2872,2999.8988,3169.5073,3128.5966,2834.6924,2748.7552,2951.0114,2791.6581,2729.1187,2658.7791,2177.359
Central America,Food Packaging,Emissions (CO2eq) from CH4 (AR5),kilotonnes,101.416,97.384,96.0736,99.0584,95.886,95.6676,95.7264,124.53,115.4776,104.5912,136.7408,148.106,155.7808,158.3204,99.3328,99.8732,107.0188,106.12,106.4672,128.2792,140.437
Central America,Food Packaging,Emissions (CO2eq) from N2O (AR5),kilotonnes,7.8705,7.314,6.8635,6.731,6.572,6.9165,6.7045,9.0365,8.0825,6.7045,7.1815,7.261,7.367,7.1815,5.9095,5.8565,6.36,6.095,5.936,6.2275,6.9503
Central America,Food Packaging,Emissions (CO2eq) (AR5),kilotonnes,4035.2065,3692.1253,3405.1354,3274.3897,2984.4899,3211.1124,3148.7395,4259.3601,3859.9197,3037.1954,3120.2095,3155.2658,3332.6551,3294.0985,2939.9347,2854.4849,3064.3902,2903.8731,2841.5219,2793.2858,2324.7463
Central America,Food Retail,Emissions (CH4),kilotonnes,4.586,4.7879,4.9656,5.1047,5.3987,5.3079,5.4952,6.9823,7.1756,7.3887,7.3349,7.6313,8.1105,8.3066,8.4769,8.8869,9.1376,9.1481,9.6887,9.7629,10.3755
Central America,Food Retail,Emissions (N2O),kilotonnes,0.0277,0.0288,0.0295,0.0299,0.03,0.0303,0.0315,0.0385,0.0393,0.0407,0.0404,0.0419,0.0444,0.0457,0.0465,0.0484,0.0494,0.0501,0.0525,0.0533,0.0579
Central America,Food Retail,Emissions (CO2),kilotonnes,2887.3517,3013.7771,3106.4138,2869.7913,2825.9415,2870.9026,2971.2793,3385.4443,3202.9513,3338.0785,3362.0631,3414.7303,3561.1108,3852.662,3868.9981,3985.6979,4068.6076,4100.6045,4295.1618,4311.2782,3557.8949
Central America,Food Retail,Emissions (CO2eq) from F-gases (AR5),kilotonnes,974.582,1203.6815,1441.093,1746.0395,2067.0905,2320.6065,2583.993,2846.86,2883.7445,2903.4855,2914.395,2921.1485,2926.3435,2929.98,2929.98,2929.98,3170.5085,3233.368,3295.1885,3358.048,3510.3217
Central America,Food Retail,Emissions (CO2eq) from CH4 (AR5),kilotonnes,128.4074,134.06,139.0358,142.9314,151.1639,148.6202,153.8656,195.5044,200.9168,206.8836,205.3772,213.6764,227.094,232.5848,237.3532,248.8332,255.8528,256.1468,271.2836,273.3612,290.5126
Central America,Food Retail,Emissions (CO2eq) from N2O (AR5),kilotonnes,7.3432,7.6255,7.8215,7.9313,7.9431,8.0311,8.3475,10.2025,10.4145,10.7855,10.706,11.1035,11.766,12.1105,12.3225,12.826,13.091,13.2765,13.9125,14.1245,15.336
Central America,Food Retail,Emissions (CO2eq) (AR5),kilotonnes,3997.6843,4359.1441,4694.3641,4766.6935,5052.139,5348.1605,5717.4854,6438.0112,6298.0271,6459.2331,6492.5413,6560.6587,6726.3143,7027.3373,7048.6538,7177.3371,7508.0599,7603.3958,7875.5464,7956.8119,7374.0652
Central America,Food Household Consumption,Emissions (CH4),kilotonnes,25.9793,27.3889,28.0193,28.8577,29.7422,30.7291,31.1179,33.3622,34.4563,35.1837,35.4741,37.4282,37.8776,38.257,39.3799,40.8343,42.7686,43.0158,45.6212,45.8053,49.8578
Central America,Food Household Consumption,Emissions (N2O),kilotonnes,0.1519,0.1583,0.1609,0.1655,0.1693,0.1762,0.1777,0.1902,0.1951,0.1992,0.2005,0.2106,0.2125,0.2138,0.2202,0.2278,0.2374,0.2381,0.2523,0.2532,0.2803
Central America,Food Household Consumption,Emissions (CO2),kilotonnes,21467.8144,21802.8959,22031.6375,22999.6422,21421.2654,21718.9663,21429.9782,22031.96,21313.6564,21724.2469,22069.813,22483.5548,22772.8902,23028.9636,23698.0366,24086.3168,24426.7893,24508.4454,25750.4692,25801.4786,21189.3669
Central America,Food Household Consumption,Emissions (CO2eq) from CH4 (AR5),kilotonnes,727.4204,766.8892,784.5404,808.0156,832.7816,860.4148,871.3012,934.1416,964.7764,985.1436,993.2748,1047.9896,1060.5728,1071.196,1102.6372,1143.3604,1197.5208,1204.4424,1277.3936,1282.5484,1396.0191
Central America,Food Household Consumption,Emissions (CO2eq) from N2O (AR5),kilotonnes,40.2535,41.9495,42.6385,43.8575,44.8645,46.693,47.0905,50.403,51.7015,52.788,53.1325,55.809,56.3125,56.657,58.353,60.367,62.911,63.0965,66.8595,67.098,74.2876
Central America,Food Household Consumption,Emissions (CO2eq) (AR5),kilotonnes,22235.4883,22611.7346,22858.8164,23851.5153,22298.9115,22626.0741,22348.3699,23016.5046,22330.1343,22762.1785,23116.2203,23587.3534,23889.7755,24156.8166,24859.0268,25290.0442,25687.2211,25775.9843,27094.7223,27151.125,22659.6736
Central America,Food Transport,Emissions (CH4),kilotonnes,2.6021,2.5722,2.5659,2.5863,2.5519,2.5443,2.4019,2.3946,2.4378,2.425,2.4657,2.4879,2.4605,2.5752,2.5842,2.646,2.7939,2.7616,2.7683,2.564,2.8159
Central America,Food Transport,Emissions (N2O),kilotonnes,0.494,0.5097,0.5313,0.5725,0.6192,0.6641,0.727,0.7788,0.7966,0.7925,0.8084,0.8154,0.8125,0.812,0.8085,0.8365,0.8659,0.8483,0.8489,0.9451,1.0561
Central America,Food Transport,Emissions (CO2),kilotonnes,13208.3479,13546.1776,13903.3877,14680.249,15390.9834,16338.9063,17165.1273,18251.1082,18821.7627,18569.8544,18968.8954,19044.3842,19146.9027,18973.9353,19219.6745,19465.9009,20226.5865,19822.086,19920.2348,21614.0343,17764.2999
Central America,Food Transport,Emissions (CO2eq) from CH4 (AR5),kilotonnes,72.8588,72.0216,71.8452,72.4164,71.4532,71.2404,67.2532,67.0488,68.2584,67.9,69.0396,69.6612,68.894,72.1056,72.3576,74.088,78.2292,77.3248,77.5124,71.792,78.8465
Central America,Food Transport,Emissions (CO2eq) from N2O (AR5),kilotonnes,130.91,135.0705,140.7945,151.7125,164.088,175.9865,192.655,206.382,211.099,210.0125,214.226,216.081,215.3125,215.18,214.2525,221.6725,229.4635,224.7995,224.9585,250.4515,279.8585
Central America,Food Transport,Emissions (CO2eq) (AR5),kilotonnes,13412.1167,13753.2697,14116.0274,14904.3779,15626.5246,16586.1332,17425.0355,18524.539,19101.1201,18847.7669,19252.161,19330.1264,19431.1092,19261.2209,19506.2846,19761.6614,20534.2792,20124.2103,20222.7057,21936.2778,18123.005
Central America,Energy,Emissions (CH4),kilotonnes,1468.68,1449.57,1407.8,1498.96,1471.39,1502.91,1614.73,1675.01,1798.44,1700.18,1657.76,1671.27,1592.52,1583.814,1494.339,1417.99,1353.699,1267.296,1187.109,1086.038,1199.3143
Central America,Energy,Emissions (N2O),kilotonnes,10.938,11.0388,11.2041,11.8496,12.4291,13.1724,13.8937,14.5891,14.7615,14.7865,15.4042,15.75,15.86,15.6967,15.6661,16.3355,16.7701,16.7344,16.7609,15.4412,17.044
Central America,Energy,Emissions (CO2),kilotonnes,435756,449797,448253,474863,471772,498652,514614,531057,577957,548547,519426,529241,532121,538867,535716,525272,536079,523326,513212,502764,412774
Central America,Energy,Emissions (CO2eq) from CH4 (AR5),kilotonnes,41123.04,40587.96,39418.4,41970.88,41198.92,42081.48,45212.44,46900.28,50356.32,47605.04,46417.28,46795.56,44590.56,44346.792,41841.492,39703.72,37903.572,35484.288,33239.052,30409.064,33580.8004
Central America,Energy,Emissions (CO2eq) from N2O (AR5),kilotonnes,2898.57,2925.282,2969.0865,3140.144,3293.7115,3490.686,3681.8305,3866.1115,3911.7975,3918.4225,4082.113,4173.75,4202.9,4159.6255,4151.5165,4328.9075,4444.0765,4434.616,4441.6385,4091.918,4516.66
Central America,Energy,Emissions (CO2eq) (AR5),kilotonnes,479777.61,493310.242,490640.4865,519974.024,516264.6315,544224.166,563508.2705,581823.3915,632225.1175,600070.4625,569925.393,580210.31,580914.46,587373.4175,581709.0085,569304.6275,578426.6485,563244.904,550892.6905,537264.982,450871.4604
Central America,IPPU,Emissions (CH4),kilotonnes,1.9801,1.83,1.69,1.81,1.8,1.67,1.69,1.43,1.66,1.34,1.7,2,1.99,2,2.05,1.95,1.75,1.82,2.23,2.6,2.28
Central America,IPPU,Emissions (N2O),kilotonnes,138.1984,147.0094,156.0094,166.0103,174.0103,181.0103,186.0139,198.0148,210.0104,232.013,231.0139,233.014,236.014,236.014,236.0141,236.0141,236.0141,236.0141,236.0141,239.0149,254.0151
Central America,IPPU,Emissions (CO2),kilotonnes,26193.3,24548.45,25212.46,25458.55,26649.54,27971.77,29251.81,30863.75,30968.73,29108.95,29040.97,30006.78,31184.77,30021.87,30903.87,31202.94,32189.92,33444.92,32790.95,30344.98,32441
Central America,IPPU,Emissions (CO2eq) from F-gases (AR5),kilotonnes,5192.3763,4358.0278,5855.1129,8426.8614,10876.1688,16333.9313,21666.8232,22826.1264,25248.4191,28252.7927,44957.254,33341.8715,34004.6081,36227.9826,39509.5978,39886.6386,44442.2241,46753.0565,49170.7819,51578.7897,53898.3679
Central America,IPPU,Emissions (CO2eq) from CH4 (AR5),kilotonnes,55.4419,51.2413,47.3207,50.6803,50.4001,46.76,47.32,40.04,46.48,37.52,47.6,56,55.72,56,57.4,54.6,49,50.96,62.44,72.8,63.84
Central America,IPPU,Emissions (CO2eq) from N2O (AR5),kilotonnes,36622.5642,38957.4917,41342.4934,43992.7366,46112.7384,47967.7402,49293.6827,52473.9232,55652.7458,61483.4498,61218.6903,61748.7186,62543.7205,62543.7226,62543.7243,62543.7263,62543.728,62543.7301,62543.7322,63338.946,67314.0005
Central America,IPPU,Emissions (CO2eq) (AR5),kilotonnes,68063.6824,67915.2107,72457.3871,77928.8284,83688.8473,92320.2014,100259.636,106203.8397,111916.3749,118882.7125,135264.5143,125153.3701,127788.8187,128849.5752,133014.5921,133687.9049,139224.8721,142792.6666,144567.904,145335.5157,153717.2085
Central America,Waste,Emissions (CH4),kilotonnes,2425.3,2457.48,2512.8,2557.82,2623.74,2654.65,2715.77,2719.69,2713.69,2747.08,2812.75,2889.84,2957.78,3016.34,3084.56,3143.7,3198.78,3266.05,3311.78,3348.75,3394.13
Central America,Waste,Emissions (N2O),kilotonnes,7.0216,7.1189,7.2173,7.381,7.4885,7.6058,7.7568,7.9309,8.1168,8.2119,8.3422,8.4067,8.5422,8.7416,9.0357,9.3368,9.6588,9.8721,10.0154,10.7346,10.4328
Central America,Waste,Emissions (CO2),kilotonnes,71.3,74.6,84.6,102,104.9,122.4,125,126.8,185.9,198.5,219.1,224.7,228.3,486.9,496.5,505.2,514.9,523.6,533.3,572.7,641.3
Central America,Waste,Emissions (CO2eq) from CH4 (AR5),kilotonnes,67908.4,68809.44,70358.4,71618.96,73464.72,74330.2,76041.56,76151.32,75983.32,76918.24,78757,80915.52,82817.84,84457.52,86367.68,88023.6,89565.84,91449.4,92729.84,93765,95035.64
Central America,Waste,Emissions (CO2eq) from N2O (AR5),kilotonnes,1860.724,1886.5085,1912.5845,1955.965,1984.4525,2015.537,2055.552,2101.6885,2150.952,2176.1535,2210.683,2227.7755,2263.683,2316.524,2394.4605,2474.252,2559.582,2616.1065,2654.081,2844.669,2764.692
Central America,Waste,Emissions (CO2eq) (AR5),kilotonnes,69840.424,70770.5485,72355.5845,73676.925,75554.0725,76468.137,78222.112,78379.8085,78320.172,79292.8935,81186.783,83367.9955,85309.823,87260.944,89258.6405,91003.052,92640.322,94589.1065,95917.221,97182.369,98441.632
Central America,Other,Emissions (N2O),kilotonnes,11.4416,11.3926,11.359,11.9509,12.2436,12.7686,12.8033,13.0614,13.1503,12.8509,13.2516,13.8803,13.6317,13.7217,13.5434,13.5756,13.7103,13.7929,13.8367,14.0963,14.1471
Central America,Other,Emissions (CO2eq) from N2O (AR5),kilotonnes,3032.024,3019.039,3010.135,3166.9885,3244.554,3383.679,3392.8745,3461.271,3484.8295,3405.4885,3511.674,3678.2795,3612.4005,3636.2505,3589.001,3597.534,3633.2295,3655.1185,3666.7255,3735.5195,3748.9815
Central America,Other,Emissions (CO2eq) (AR5),kilotonnes,3032.024,3019.039,3010.135,3166.9885,3244.554,3383.679,3392.8745,3461.271,3484.8295,3405.4885,3511.674,3678.2795,3612.4005,3636.2505,3589.001,3597.534,3633.2295,3655.1185,3666.7255,3735.5195,3748.9815
Central America,Farm-gate emissions,Emissions (CH4),kilotonnes,2861.1802,2893.2038,2969.9718,3007.857,2969.1769,3007.1884,3008.3675,3053.0727,3097.7874,3150.1307,3174.4202,3233.1409,3173.4041,3214.3035,3260.1633,3308.9633,3341.1731,3374.1971,3417.0023,3452.8816,3480.7851
Central America,Farm-gate emissions,Direct emissions (N2O),kilotonnes,104.883,106.1577,101.5834,103.7909,101.3242,106.3936,105.6641,108.0022,105.5934,107.6421,110.3096,116.5759,116.2442,119.0092,119.1962,115.9138,123.3547,123.6694,122.7156,122.6251,126.0131
Central America,Farm-gate emissions,Indirect emissions (N2O),kilotonnes,29.4472,29.765,28.2041,28.8612,28.1127,29.7991,29.4635,30.1527,29.2423,29.8653,30.5973,32.672,32.5847,33.4039,33.2837,32.1322,34.4544,34.5239,34.143,34.0482,35.0931
Central America,Farm-gate emissions,Emissions (N2O),kilotonnes,146.0464,147.4496,141.9821,147.0338,141.3778,151.2365,148.274,152.0496,148.6298,151.4619,154.2634,165.126,162.8985,167.068,166.0944,162.0324,172.7676,173.6793,172.5431,173.1454,177.7766
Central America,Farm-gate emissions,Emissions (CO2),kilotonnes,11377.6353,10975.7337,10922.1097,11521.7203,11680.6965,11819.421,12108.1729,11793.4207,11775.7826,11303.7322,11603.9636,11913.1866,12077.2818,11712.8056,11545.7696,12638.2185,12514.0112,13070.2332,13661.4823,14074.6507,14076.2147
Central America,Farm-gate emissions,Emissions (CO2eq) from CH4 (AR5),kilotonnes,80113.0443,81009.7052,83159.2107,84219.9951,83136.954,84201.2765,84234.2902,85486.0346,86738.0476,88203.6584,88883.7649,90527.9441,88855.315,90000.4978,91284.5723,92650.9736,93552.8458,94477.5187,95676.0635,96680.685,97461.9818
Central America,Farm-gate emissions,Emissions (CO2eq) from N2O (AR5),kilotonnes,38702.309,39074.134,37625.2671,38963.968,37465.1221,40077.6802,39292.6065,40293.1549,39386.8864,40137.3965,40879.7972,43758.3982,43168.0967,44273.0292,44015.0107,42938.5927,45783.4026,46025.02,45723.9139,45883.5402,47110.7903
Central America,Farm-gate emissions,Emissions (CO2eq) (AR5),kilotonnes,130192.9886,131059.5729,131706.5875,134705.6833,132282.7725,136098.3777,135635.0696,137572.6102,137900.7165,139644.7871,141367.5257,146199.5289,144100.6935,145986.3326,146845.3525,148227.7848,151850.2595,153572.7719,155061.4598,156638.8759,158648.9867
Central America,Land Use change,Emissions (CH4),kilotonnes,141.1391,5.7986,23.2832,122.9548,6.254,59.5173,26.3702,21.2676,20.6897,34.0009,14.5313,43.2166,6.2317,33.7564,14.1198,27.445,27.0427,17.3391,10.4046,25.2738,47.3175
Central America,Land Use change,Emissions (N2O),kilotonnes,4.1512,0.5294,2.1259,11.2263,0.571,5.4342,2.4077,1.9418,1.8891,3.1044,1.3268,3.9459,0.569,3.0821,1.2892,2.5059,2.4691,1.5831,0.95,2.3076,4.3203
Central America,Land Use change,Emissions (CO2),kilotonnes,80336.6568,68547.3591,68547.3591,68547.3591,68547.3591,68547.3591,68547.3591,68547.3591,68547.3591,68547.3591,68547.3591,51207.517,51207.517,51207.517,51207.517,51207.517,55184.1272,55184.1272,55184.1272,55184.1272,55184.1272
Central America,Land Use change,Emissions (CO2eq) from CH4 (AR5),kilotonnes,3951.8956,162.3609,651.9286,3442.7338,175.1113,1666.4833,738.3666,595.4936,579.3121,952.0258,406.8771,1210.0653,174.4865,945.1796,395.3545,768.4612,757.1952,485.4955,291.3278,707.6663,1324.8906
Central America,Land Use change,Emissions (CO2eq) from N2O (AR5),kilotonnes,1100.0553,140.301,563.3514,2974.9711,151.319,1440.0589,638.0451,514.5841,500.6012,822.6745,351.5949,1045.6543,150.7791,816.7584,341.6378,664.0507,654.3154,419.5314,251.7452,611.516,1144.8783
Central America,Land Use change,Emissions (CO2eq) (AR5),kilotonnes,85388.6076,68850.0209,69762.6391,74965.064,68873.7894,71653.9013,69923.7708,69657.4368,69627.2725,70322.0595,69305.8311,53463.2366,51532.7827,52969.4551,51944.5093,52640.029,56595.6378,56089.154,55727.2002,56503.3095,57653.8961
Central America,Emissions on agricultural land,Emissions (CH4),kilotonnes,3002.3193,2899.0024,2993.255,3130.8117,2975.4309,3066.7057,3034.7377,3074.3403,3118.4771,3184.1316,3188.9515,3276.3575,3179.6358,3248.0599,3274.2831,3336.4084,3368.2158,3391.5362,3427.4068,3478.1554,3528.1026
Central America,Emissions on agricultural land,Emissions (N2O),kilotonnes,150.1976,147.979,144.108,158.2601,141.9488,156.6707,150.6817,153.9915,150.5188,154.5663,155.5902,169.0719,163.4675,170.1501,167.3836,164.5383,175.2367,175.2625,173.4931,175.453,182.0969
Central America,Emissions on agricultural land,Emissions (CO2),kilotonnes,91714.2921,79523.0928,79469.4688,80069.0794,80228.0556,80366.7801,80655.532,80340.7798,80323.1417,79851.0913,80151.3227,63120.7036,63284.7989,62920.3226,62753.2866,63845.7355,67698.1383,68254.3604,68845.6095,69258.7778,69260.3418
Central America,Emissions on agricultural land,Emissions (CO2eq) from CH4 (AR5),kilotonnes,84064.9399,81172.0661,83811.1394,87662.7289,83312.0653,85867.7598,84972.6568,86081.5282,87317.3597,89155.6842,89290.6421,91738.0095,89029.8015,90945.6773,91679.9267,93419.4348,94310.041,94963.0142,95967.3913,97388.3513,98786.8725
Central America,Emissions on agricultural land,Emissions (CO2eq) from N2O (AR5),kilotonnes,39802.3643,39214.435,38188.6184,41938.939,37616.4411,41517.7391,39930.6515,40807.7391,39887.4876,40960.071,41231.3921,44804.0525,43318.8758,45089.7877,44356.6485,43602.6434,46437.718,46444.5514,45975.6591,46495.0562,48255.6686
Central America,Emissions on agricultural land,Emissions (CO2eq) (AR5),kilotonnes,215581.5962,199909.5938,201469.2266,209670.7473,201156.5619,207752.279,205558.8404,207230.0471,207527.989,209966.8465,210673.3569,199662.7656,195633.4762,198955.7876,198789.8618,200867.8138,208445.8974,209661.926,210788.66,213142.1854,216302.8829
Central America,Pre- and post- production,Emissions (CH4),kilotonnes,2008.49,2038.2978,2056.7423,2072.1819,2074.9139,2083.405,2140.0735,2422.7303,2542.9889,2600.2492,2471.2002,2528.4818,2539.2967,2541.8987,2567.9378,2599.3518,2660.4331,2609.0782,2560.5085,2511.2926,2462.1385
Central America,Pre- and post- production,Emissions (N2O),kilotonnes,4.6787,4.7995,4.8602,4.9043,5.0012,5.1656,5.3326,5.6095,5.6753,5.7089,5.8133,5.884,6.0024,6.1175,6.2539,6.3537,6.5438,6.7485,6.991,7.3081,7.671
Central America,Pre- and post- production,Emissions (CO2),kilotonnes,50402.3444,50790.2785,51171.9903,52794.8375,50904.7769,54232.7101,54269.8053,57388.0504,55687.336,55568.6684,55984.2237,57860.6295,58553.9533,61129.1414,61199.6352,61469.5516,64023.027,63548.5993,64223.2158,65766.2449,55227.4385
Central America,Pre- and post- production,Emissions (CO2eq) from F-gases (AR5),kilotonnes,974.582,1203.6815,1441.093,1746.0395,2067.0905,2320.6065,2583.993,2846.86,2883.7445,2903.4855,2914.395,2921.1485,2926.3435,2929.98,2929.98,2929.98,3170.5085,3233.368,3295.1885,3358.048,3510.3217
Central America,Pre- and post- production,Emissions (CO2eq) from CH4 (AR5),kilotonnes,56237.7189,57072.3384,57588.7858,58021.0942,58097.5893,58335.3392,59922.0578,67836.4476,71203.689,72806.9782,69193.6056,70797.4916,71100.3088,71173.1624,71902.2594,72781.8504,74492.1272,73054.1896,71694.237,70316.1918,68939.8784
Central America,Pre- and post- production,Emissions (CO2eq) from N2O (AR5),kilotonnes,1239.8514,1271.8649,1287.9498,1299.6347,1325.306,1368.8898,1413.1275,1486.5279,1503.9638,1512.8583,1540.5352,1559.2639,1590.6299,1621.1447,1657.2857,1683.7251,1734.1151,1788.34,1852.6099,1936.6403,2032.815
Central America,Pre- and post- production,Emissions (CO2eq) (AR5),kilotonnes,108854.4967,110338.1633,111489.819,113861.6059,112394.7627,116257.5455,118188.9836,129557.8859,131278.7333,132791.9904,129632.7596,133138.5335,134171.2356,136853.4285,137689.1603,138865.1071,143419.7778,141624.497,141065.2512,141377.125,129710.4535
Central America,Agri-food systems,Emissions (CH4),kilotonnes,5010.8092,4937.3002,5049.9973,5202.9937,5050.3448,5150.1107,5174.8112,5497.0706,5661.466,5784.3808,5660.1517,5804.8393,5718.9325,5789.9586,5842.2209,5935.7602,6028.6489,6000.6144,5987.9153,5989.448,5990.2411
Central America,Agri-food systems,Emissions (N2O),kilotonnes,154.8763,152.7785,148.9682,163.1644,146.95,161.8363,156.0143,159.601,156.1942,160.2752,161.4035,174.9559,169.4698,176.2677,173.6375,170.892,181.7805,182.0109,180.484,182.7611,189.7679
Central America,Agri-food systems,Emissions (CO2),kilotonnes,142116.6365,130313.3713,130641.4591,132863.9169,131132.8325,134599.4902,134925.3373,137728.8302,136010.4777,135419.7597,136135.5464,120981.3331,121838.7522,124049.464,123952.9218,125315.2871,131721.1653,131802.9597,133068.8253,135025.0227,124487.7803
Central America,Agri-food systems,Emissions (CO2eq) from F-gases (AR5),kilotonnes,974.582,1203.6815,1441.093,1746.0395,2067.0905,2320.6065,2583.993,2846.86,2883.7445,2903.4855,2914.395,2921.1485,2926.3435,2929.98,2929.98,2929.98,3170.5085,3233.368,3295.1885,3358.048,3510.3217
Central America,Agri-food systems,Emissions (CO2eq) from CH4 (AR5),kilotonnes,140302.6588,138244.4045,141399.9252,145683.8231,141409.6546,144203.0989,144894.7146,153917.9759,158521.0487,161962.6624,158484.2477,162535.501,160130.1103,162118.8398,163582.1861,166201.2852,168802.1682,168017.2038,167661.6283,167704.5431,167726.7508
Central America,Agri-food systems,Emissions (CO2eq) from N2O (AR5),kilotonnes,41042.2157,40486.2998,39476.5683,43238.5737,38941.7471,42886.6289,41343.779,42294.2669,41391.4515,42472.9293,42771.9274,46363.3164,44909.5057,46710.9324,46013.9342,45286.3685,48171.8332,48232.8914,47828.2691,48431.6965,50288.4836
Central America,Agri-food systems,Emissions (CO2eq) (AR5),kilotonnes,324436.0929,310247.7571,312959.0456,323532.3532,313551.3246,324009.8246,323747.824,336787.933,338806.7224,342758.8369,340306.1164,332801.2991,329804.7117,335809.2161,336479.0221,339732.9208,351865.6752,351286.423,351853.9112,354519.3104,346013.3364
Central America,IPCC Agriculture,Emissions (CH4),kilotonnes,2860.0333,2892.0983,2968.6412,3005.8063,2967.186,3005.2793,3006.0821,3051.1618,3095.6186,3148.5133,3171.8072,3230.429,3171.9301,3212.4732,3258.8107,3306.7472,3339.7867,3371.6723,3414.5585,3450.1933,3478.0967
Central America,IPCC Agriculture,Direct emissions (N2O),kilotonnes,104.883,106.1577,101.5834,103.7909,101.3242,106.3936,105.6641,108.0022,105.5934,107.6421,110.3096,116.5759,116.2442,119.0092,119.1962,115.9138,123.3547,123.6694,122.7156,122.6251,126.0131
Central America,IPCC Agriculture,Indirect emissions (N2O),kilotonnes,29.4472,29.765,28.2041,28.8612,28.1127,29.7991,29.4635,30.1527,29.2423,29.8653,30.5973,32.672,32.5847,33.4039,33.2837,32.1322,34.4544,34.5239,34.143,34.0482,35.0931
Central America,IPCC Agriculture,Emissions (N2O),kilotonnes,143.367,144.8116,139.4286,144.3021,138.5968,148.2858,145.0932,148.7568,145.2488,147.9964,150.8098,161.5573,159.1072,163.4778,162.494,158.1174,168.7795,169.6114,168.2382,168.6991,173.3303
Central America,IPCC Agriculture,Emissions (CO2eq) from CH4 (AR5),kilotonnes,80080.9311,80978.7525,83121.9525,84162.5777,83081.2074,84147.8214,84170.298,85432.5297,86677.321,88158.373,88810.6024,90452.0127,88814.0441,89949.2498,91246.7006,92588.9226,93514.0283,94406.824,95607.6368,96605.4115,97386.7083
Central America,IPCC Agriculture,Emissions (CO2eq) from N2O (AR5),kilotonnes,37992.2457,38375.0642,36948.5704,38240.0433,36728.1541,39295.7331,38449.6934,39420.5503,38490.9401,39219.0335,39964.5889,42812.6717,42163.4023,43321.6119,43060.9166,41901.1112,44726.5807,44947.0305,44583.135,44705.2742,45932.5242
Central America,IPCC Agriculture,Emissions (CO2eq) (AR5),kilotonnes,118073.1768,119353.8166,120070.5229,122402.621,119809.3615,123443.5545,122619.9914,124853.08,125168.2611,127377.4064,128775.1913,133264.6844,130977.4464,133270.8616,134307.6172,134490.0338,138240.609,139353.8545,140190.7719,141310.6857,143319.2325
Central America,Agricultural Soils,Direct emissions (N2O),kilotonnes,104.883,106.1577,101.5834,103.7909,101.3242,106.3936,105.6641,108.0022,105.5934,107.6421,110.3096,116.5759,116.2442,119.0092,119.1962,115.9138,123.3547,123.6694,122.7156,122.6251,126.0131
Central America,Agricultural Soils,Indirect emissions (N2O),kilotonnes,29.4472,29.765,28.2041,28.8612,28.1127,29.7991,29.4635,30.1527,29.2423,29.8653,30.5973,32.672,32.5847,33.4039,33.2837,32.1322,34.4544,34.5239,34.143,34.0482,35.0931
Central America,Agricultural Soils,Emissions (N2O),kilotonnes,134.4936,136.086,129.9499,132.8133,129.5984,136.3546,135.2898,138.3177,135,137.6724,141.0714,149.4126,148.9937,152.578,152.6421,148.2082,157.9721,158.3573,157.0225,156.8321,161.2652
Central America,Agricultural Soils,Emissions (CO2eq) from N2O (AR5),kilotonnes,35640.8137,36062.7909,34436.722,35195.522,34343.5677,36133.9575,35851.7942,36654.1947,35775.0082,36483.1922,37383.9104,39594.329,39483.3235,40433.1718,40450.1655,39275.1705,41862.6046,41964.6967,41610.9722,41560.5047,42735.2905
Central America,Agricultural Soils,Emissions (CO2eq) (AR5),kilotonnes,35640.8137,36062.7909,34436.722,35195.522,34343.5677,36133.9575,35851.7942,36654.1947,35775.0082,36483.1922,37383.9104,39594.329,39483.3235,40433.1718,40450.1655,39275.1705,41862.6046,41964.6967,41610.9722,41560.5047,42735.2905
Central America,LULUCF,Emissions (CH4),kilotonnes,233.5453,18.6209,39.7698,150.4641,13.0279,89.7674,42.9289,38.1557,42.6968,51.1772,26.7696,70.1953,25.0012,65.7164,17.0364,36.7575,45.0195,50.405,27.4165,64.8617,78.4773
Central America,LULUCF,Emissions (N2O),kilotonnes,8.0041,1.7002,3.6312,13.738,1.1895,8.1962,3.9196,3.4838,3.8984,4.6727,2.4442,6.4091,2.2827,6.0002,1.5555,3.3561,4.1105,4.6022,2.5032,5.9222,7.1653
Central America,LULUCF,Emissions (CO2),kilotonnes,79256.3941,-16056.3298,-16062.5249,-16069.2141,-16068.0061,-16065.8507,-16065.1348,-16062.0368,-16054.4983,-16051.3285,-16053.8699,41836.076,41836.3525,41836.6412,41820.2965,41820.2965,45888.004,45894.2503,45893.2564,45864.796,45866.36
Central America,LULUCF,Emissions (CO2eq) from CH4 (AR5),kilotonnes,6539.2694,521.3849,1113.5543,4212.9948,364.7801,2513.4863,1202.0087,1068.3598,1195.5102,1432.9607,749.5495,1965.4684,700.0323,1840.0602,477.019,1029.2098,1260.5453,1411.3399,767.6628,1816.1265,2197.3653
Central America,LULUCF,Emissions (CO2eq) from N2O (AR5),kilotonnes,2121.0754,450.5446,962.2562,3640.5771,315.2176,2171.98,1038.6923,923.2022,1033.0767,1238.2649,647.7086,1698.421,604.9192,1590.0521,412.2066,889.3715,1089.2755,1219.5817,663.3608,1569.3702,1898.8102
Central America,LULUCF,Emissions (CO2eq) (AR5),kilotonnes,87916.7388,-15084.4003,-13986.7144,-8215.6422,-15388.0085,-11380.3843,-13824.4339,-14070.4748,-13825.9114,-13380.1029,-14656.6118,45499.9654,43141.3039,45266.7535,42709.5222,43738.8779,48237.8248,48525.1719,47324.28,49250.2927,49962.5355
Central America,AFOLU,Emissions (CH4),kilotonnes,3093.5786,2910.7192,3008.411,3156.2704,2980.2138,3095.0467,3049.011,3089.3175,3138.3154,3199.6905,3198.5769,3300.6243,3196.9313,3278.1896,3275.8471,3343.5047,3384.8062,3422.0773,3441.975,3515.0549,3556.5741
Central America,AFOLU,Emissions (N2O),kilotonnes,151.371,146.5117,143.0597,158.0401,139.7863,156.4819,149.0128,152.2406,149.1472,152.6691,153.254,167.9664,161.3899,169.478,164.0495,161.4735,172.89,174.2136,170.7415,174.6213,180.4956
Central America,AFOLU,Emissions (CO2),kilotonnes,79256.3941,-16056.3298,-16062.5249,-16069.2141,-16068.0061,-16065.8507,-16065.1348,-16062.0368,-16054.4983,-16051.3285,-16053.8699,41836.076,41836.3525,41836.6412,41820.2965,41820.2965,45888.004,45894.2503,45893.2564,45864.796,45866.36
Central America,AFOLU,Emissions (CO2eq) from CH4 (AR5),kilotonnes,86620.2004,81500.1374,84235.5068,88375.5725,83445.9874,86661.3078,85372.3067,86500.8895,87872.8312,89591.3337,89560.1519,92417.4811,89514.0764,91789.31,91723.7196,93618.1325,94774.5736,95818.1639,96375.2996,98421.538,99584.0736
Central America,AFOLU,Emissions (CO2eq) from N2O (AR5),kilotonnes,40113.3211,38825.6088,37910.8266,41880.6203,37043.3717,41467.7131,39488.3857,40343.7525,39524.0168,40457.2984,40612.2975,44511.0927,42768.3215,44911.6639,43473.1232,42790.4827,45815.8563,46166.6122,45246.4958,46274.6443,47831.3344
Central America,AFOLU,Emissions (CO2eq) (AR5),kilotonnes,205989.9156,104269.4164,106083.8085,114186.9788,104421.353,112063.1702,108795.5575,110782.6052,111342.3497,113997.3035,114118.5795,178764.6498,174118.7503,178537.6152,177017.1394,178228.9117,186478.4338,187879.0264,187515.0519,190560.9783,193281.768
Central America,All sectors with LULUCF,Emissions (CH4),kilotonnes,6989.5387,6819.5992,6930.701,7214.8605,7077.1438,7254.2767,7381.201,7485.4475,7652.1054,7648.2905,7670.7869,7863.7343,7749.2213,7880.3436,7856.7961,7907.1447,7939.0352,7957.2433,7943.094,7952.4429,8152.2984
Central America,All sectors with LULUCF,Emissions (N2O),kilotonnes,318.9706,323.0714,328.8495,355.2319,345.9578,371.0391,369.4805,385.8368,395.1862,420.5314,421.2659,439.0174,435.4378,443.652,438.3088,436.7355,449.0433,450.6271,447.3686,453.9083,476.1346
Central America,All sectors with LULUCF,Emissions (CO2),kilotonnes,541276.9941,458363.7202,457487.5351,484354.3359,482458.4339,510680.3193,527925.6752,545985.5132,593057.1317,561803.1215,532632.2001,601308.556,605370.4225,611212.4112,608936.6665,598800.4365,614671.824,603188.7703,592429.5064,579546.476,491722.66
Central America,All sectors with LULUCF,Emissions (CO2eq) from F-gases (AR5),kilotonnes,5192.3763,4358.0278,5855.1129,8426.8614,10876.1688,16333.9313,21666.8232,22826.1264,25248.4191,28252.7927,44957.254,33341.8715,34004.6081,36227.9826,39509.5978,39886.6386,44442.2241,46753.0565,49170.7819,51578.7897,53898.3679
Central America,All sectors with LULUCF,Emissions (CO2eq) from CH4 (AR5),kilotonnes,195707.0823,190948.7787,194059.6276,202016.0929,198160.0275,203119.7478,206673.6267,209592.5295,214258.9512,214152.1337,214782.0319,220184.5611,216978.1964,220649.622,219990.2916,221400.0525,222292.9856,222802.8119,222406.6316,222668.402,228264.354
Central America,All sectors with LULUCF,Emissions (CO2eq) from N2O (AR5),kilotonnes,84527.2033,85613.9299,87145.126,94136.4545,91678.8281,98325.3553,97912.3254,102246.7467,104724.3416,111440.8127,111635.4578,116339.6163,115391.0255,117567.7865,116151.8255,115734.9025,118996.4722,119416.1833,118552.673,120285.6968,126175.6685
Central America,All sectors with LULUCF,Emissions (CO2eq) (AR5),kilotonnes,826703.656,739284.4565,744547.4016,788933.7447,783173.4583,828459.3536,854178.4505,880650.9158,937288.8436,915648.8605,904006.9438,971174.6048,971744.2525,985657.8023,984588.3815,975822.0301,1000403.506,992160.822,982559.5929,974079.3646,900061.0504
Central America,All sectors without LULUCF,Emissions (CH4),kilotonnes,6755.9933,6800.9783,6890.9312,7064.3964,7064.116,7164.5093,7338.2721,7447.2918,7609.4086,7597.1133,7644.0172,7793.539,7724.2201,7814.6272,7839.7597,7870.3872,7894.0157,7906.8383,7915.6775,7887.5813,8073.821
Central America,All sectors without LULUCF,Emissions (N2O),kilotonnes,310.9665,321.3713,325.2184,341.4939,344.7683,362.8429,365.5609,382.353,391.2878,415.8587,418.8217,432.6083,433.1551,437.6518,436.7533,433.3794,444.9328,446.0249,444.8653,447.9861,468.9693
Central America,All sectors without LULUCF,Emissions (CO2),kilotonnes,462020.6,474420.05,473550.06,500423.55,498526.44,526746.17,543990.81,562047.55,609111.63,577854.45,548686.07,559472.48,563534.07,569375.77,567116.37,556980.14,568783.82,557294.52,546536.25,533681.68,445856.3
Central America,All sectors without LULUCF,Emissions (CO2eq) from F-gases (AR5),kilotonnes,5192.3763,4358.0278,5855.1129,8426.8614,10876.1688,16333.9313,21666.8232,22826.1264,25248.4191,28252.7927,44957.254,33341.8715,34004.6081,36227.9826,39509.5978,39886.6386,44442.2241,46753.0565,49170.7819,51578.7897,53898.3679
Central America,All sectors without LULUCF,Emissions (CO2eq) from CH4 (AR5),kilotonnes,189167.813,190427.3937,192946.0732,197803.098,197795.2474,200606.2614,205471.618,208524.1697,213063.441,212719.173,214032.4824,218219.0927,216278.1641,218809.5618,219513.2726,220370.8426,221032.4403,221391.472,221638.9688,220852.2755,226066.9887
Central America,All sectors without LULUCF,Emissions (CO2eq) from N2O (AR5),kilotonnes,82406.1279,85163.3853,86182.8699,90495.8774,91363.6106,96153.3753,96873.6332,101323.5445,103691.2649,110202.5477,110987.7492,114641.1953,114786.1063,115977.7344,115739.6189,114845.531,117907.1967,118196.6016,117889.3122,118716.3266,124276.8583
Central America,All sectors without LULUCF,Emissions (CO2eq) (AR5),kilotonnes,738786.9172,754368.8568,758534.116,797149.3868,798561.4668,839839.738,868002.8844,894721.3907,951114.755,929028.9634,918663.5556,925674.6395,928602.9486,940391.0488,941878.8593,932083.1522,952165.6811,943635.6501,935235.3129,924829.0719,850098.5149
Caribbean,Crop Residues,Direct emissions (N2O),kilotonnes,0.4369,0.4587,0.4734,0.4685,0.4301,0.4143,0.4226,0.4655,0.4472,0.5294,0.5305,0.5544,0.4993,0.5564,0.5573,0.4884,0.5104,0.4976,0.5307,0.4539,0.4169
Caribbean,Crop Residues,Indirect emissions (N2O),kilotonnes,0.0983,0.1032,0.1065,0.1054,0.0968,0.0932,0.0951,0.1047,0.1006,0.1191,0.1194,0.1247,0.1123,0.1252,0.1254,0.1099,0.1148,0.112,0.1194,0.1021,0.0938
Caribbean,Crop Residues,Emissions (N2O),kilotonnes,0.5352,0.5619,0.5799,0.5739,0.5268,0.5075,0.5177,0.5702,0.5479,0.6485,0.6499,0.6791,0.6116,0.6816,0.6827,0.5982,0.6252,0.6096,0.6502,0.556,0.5106
Caribbean,Crop Residues,Emissions (CO2eq) from N2O (AR5),kilotonnes,141.8302,148.9144,153.6725,152.0737,139.6133,134.4938,137.1823,151.0991,145.1843,171.8425,172.2229,179.97,162.0822,180.6244,180.9283,158.5321,165.6735,161.5467,172.2899,147.3503,135.3205
Caribbean,Crop Residues,Emissions (CO2eq) (AR5),kilotonnes,141.8302,148.9144,153.6725,152.0737,139.6133,134.4938,137.1823,151.0991,145.1843,171.8425,172.2229,179.97,162.0822,180.6244,180.9283,158.5321,165.6735,161.5467,172.2899,147.3503,135.3205
Caribbean,Rice Cultivation,Emissions (CH4),kilotonnes,96.6136,98.0241,103.0585,99.592,86.9122,83.758,87.9599,87.5759,94.0156,117.0446,105.4159,113.2416,107.9446,106.2995,99.2507,81.3941,90.8144,86.588,96.7604,88.7226,79.1184
Caribbean,Rice Cultivation,Emissions (CO2eq) from CH4 (AR5),kilotonnes,2705.1809,2744.6742,2885.6368,2788.5754,2433.5405,2345.2237,2462.8779,2452.1262,2632.4379,3277.2487,2951.6463,3170.7656,3022.4481,2976.385,2779.0182,2279.0354,2542.8019,2424.4629,2709.2917,2484.2327,2215.3153
Caribbean,Rice Cultivation,Emissions (CO2eq) (AR5),kilotonnes,2705.1809,2744.6742,2885.6368,2788.5754,2433.5405,2345.2237,2462.8779,2452.1262,2632.4379,3277.2487,2951.6463,3170.7656,3022.4481,2976.385,2779.0182,2279.0354,2542.8019,2424.4629,2709.2917,2484.2327,2215.3153
Caribbean,Burning - Crop residues,Emissions (CH4),kilotonnes,3.935,3.874,3.8987,3.1388,3.1727,2.9067,2.6302,2.8219,2.6475,3.3609,3.4632,3.5094,2.7522,3.2727,3.2985,3.0038,3.009,2.9744,3.0125,2.4566,2.3444
Caribbean,Burning - Crop residues,Emissions (N2O),kilotonnes,0.102,0.1004,0.1011,0.0814,0.0823,0.0754,0.0682,0.0732,0.0686,0.0871,0.0898,0.091,0.0714,0.0848,0.0855,0.0779,0.078,0.0771,0.0781,0.0637,0.0608
Caribbean,Burning - Crop residues,Emissions (CO2eq) from CH4 (AR5),kilotonnes,110.1811,108.4715,109.1648,87.8856,88.8358,81.3883,73.6445,79.0127,74.1294,94.1044,96.9683,98.2639,77.0617,91.6353,92.3569,84.1058,84.2514,83.2819,84.3496,68.7855,65.6439
Caribbean,Burning - Crop residues,Emissions (CO2eq) from N2O (AR5),kilotonnes,27.0352,26.6157,26.7858,21.5645,21.7977,19.9703,18.0702,19.3874,18.1891,23.0904,23.7931,24.111,18.9087,22.4846,22.6616,20.6371,20.6728,20.4349,20.6969,16.8779,16.1071
Caribbean,Burning - Crop residues,Emissions (CO2eq) (AR5),kilotonnes,137.2163,135.0872,135.9506,109.4501,110.6335,101.3586,91.7146,98.4001,92.3185,117.1948,120.7614,122.3749,95.9704,114.1199,115.0185,104.7428,104.9242,103.7168,105.0465,85.6634,81.751
Caribbean,Enteric Fermentation,Emissions (CH4),kilotonnes,563.0846,565.0582,568.7248,574.6898,581.1819,548.526,546.5309,572.0633,579.8336,587.6096,596.6602,601.5587,606.3988,608.477,612.9097,608.6407,610.5975,601.9977,596.7705,598.8574,589.9039
Caribbean,Enteric Fermentation,Emissions (CO2eq) from CH4 (AR5),kilotonnes,15766.368,15821.6283,15924.2938,16091.3137,16273.0919,15358.727,15302.8656,16017.7711,16235.3418,16453.0693,16706.485,16843.6424,16979.1673,17037.3553,17161.4729,17041.9392,17096.7311,16855.9366,16709.5744,16768.0074,16517.3089
Caribbean,Enteric Fermentation,Emissions (CO2eq) (AR5),kilotonnes,15766.368,15821.6283,15924.2938,16091.3137,16273.0919,15358.727,15302.8656,16017.7711,16235.3418,16453.0693,16706.485,16843.6424,16979.1673,17037.3553,17161.4729,17041.9392,17096.7311,16855.9366,16709.5744,16768.0074,16517.3089
Caribbean,Manure Management,Emissions (CH4),kilotonnes,19.076,18.9425,20.977,20.89,21.2783,21.7194,22.2876,22.8653,22.7152,22.91,23.0263,23.1042,23.0063,23.1452,23.324,23.4821,24.0597,24.1776,24.2718,24.707,22.712
Caribbean,Manure Management,Emissions (N2O),kilotonnes,1.3513,1.2776,1.4837,1.4757,1.4594,1.5762,1.6819,1.6992,1.6798,1.6496,1.6103,1.5995,1.5551,1.5787,1.5899,1.6134,1.7224,1.7721,1.824,1.9168,1.4596
Caribbean,Manure Management,Emissions (CO2eq) from CH4 (AR5),kilotonnes,534.1276,530.3901,587.3547,584.9195,595.7928,608.1425,624.0534,640.2289,636.0255,641.4799,644.736,646.9175,644.1762,648.0645,653.0728,657.4984,673.672,676.9727,679.61,691.7971,635.9367
Caribbean,Manure Management,Emissions (CO2eq) from N2O (AR5),kilotonnes,358.1021,338.5525,393.1858,391.0497,386.7325,417.6983,445.706,450.2901,445.1536,437.1419,426.7279,423.8794,412.1019,418.3628,421.3186,427.5552,456.4392,469.5997,483.3668,507.9554,386.7851
Caribbean,Manure Management,Emissions (CO2eq) (AR5),kilotonnes,892.2297,868.9426,980.5405,975.9692,982.5252,1025.8408,1069.7595,1090.519,1081.1791,1078.6218,1071.4638,1070.7969,1056.2781,1066.4273,1074.3914,1085.0537,1130.1112,1146.5723,1162.9768,1199.7525,1022.7217
Caribbean,Manure left on Pasture,Direct emissions (N2O),kilotonnes,13.2007,13.2903,13.7549,13.9109,14.2164,13.7172,13.7608,14.3029,14.3722,14.5795,14.7832,14.9117,14.9706,14.9539,15.0993,15.0638,15.1732,14.9478,14.7547,14.781,14.6319
Caribbean,Manure left on Pasture,Indirect emissions (N2O),kilotonnes,3.3131,3.3379,3.4474,3.4823,3.5475,3.4453,3.4766,3.587,3.6091,3.6527,3.6826,3.7001,3.711,3.7108,3.7599,3.7676,3.8167,3.746,3.6812,3.6754,3.6486
Caribbean,Manure left on Pasture,Emissions (N2O),kilotonnes,16.5139,16.6282,17.2023,17.3932,17.7639,17.1624,17.2374,17.8899,17.9813,18.2323,18.4658,18.6119,18.6816,18.6646,18.8592,18.8314,18.9899,18.6938,18.4359,18.4565,18.2805
Caribbean,Manure left on Pasture,Emissions (CO2eq) from N2O (AR5),kilotonnes,4376.1742,4406.4797,4558.6065,4609.2012,4707.4367,4548.0473,4567.9112,4740.8132,4765.042,4831.548,4893.4437,4932.142,4950.6261,4946.1293,4997.6753,4990.3292,5032.3216,4953.8487,4885.5039,4890.9669,4844.3308
Caribbean,Manure left on Pasture,Emissions (CO2eq) (AR5),kilotonnes,4376.1742,4406.4797,4558.6065,4609.2012,4707.4367,4548.0473,4567.9112,4740.8132,4765.042,4831.548,4893.4437,4932.142,4950.6261,4946.1293,4997.6753,4990.3292,5032.3216,4953.8487,4885.5039,4890.9669,4844.3308
Caribbean,Manure applied to Soils,Direct emissions (N2O),kilotonnes,1.9467,1.9045,2.2721,2.1709,2.169,2.3199,2.4385,2.4969,2.4682,2.4745,2.4534,2.424,2.3975,2.4553,2.4519,2.4806,2.5746,2.6272,2.6771,2.7666,2.3852
Caribbean,Manure applied to Soils,Indirect emissions (N2O),kilotonnes,0.8273,0.8094,0.9656,0.9226,0.9218,0.9859,1.0364,1.0612,1.049,1.0516,1.0427,1.0302,1.019,1.0435,1.042,1.0543,1.0942,1.1166,1.1378,1.1758,1.0137
Caribbean,Manure applied to Soils,Emissions (N2O),kilotonnes,2.774,2.7139,3.2377,3.0935,3.0909,3.3058,3.4748,3.558,3.5172,3.5261,3.4961,3.4542,3.4165,3.4988,3.4939,3.5349,3.6688,3.7438,3.8148,3.9425,3.3989
Caribbean,Manure applied to Soils,Emissions (CO2eq) from N2O (AR5),kilotonnes,735.1064,719.1718,857.9863,819.7804,819.079,876.0367,920.8285,942.8778,932.0453,934.4153,926.4784,915.3576,905.3722,927.1771,925.8883,936.7483,972.2356,992.1038,1010.9307,1044.7511,900.7129
Caribbean,Manure applied to Soils,Emissions (CO2eq) (AR5),kilotonnes,735.1064,719.1718,857.9863,819.7804,819.079,876.0367,920.8285,942.8778,932.0453,934.4153,926.4784,915.3576,905.3722,927.1771,925.8883,936.7483,972.2356,992.1038,1010.9307,1044.7511,900.7129
Caribbean,Synthetic Fertilizers,Direct emissions (N2O),kilotonnes,2.3304,2.9807,1.9989,1.2036,1.574,1.2529,1.6569,1.4397,1.374,1.0972,1.9141,1.7694,1.7001,1.8903,2.1275,2.1058,1.9812,2.1346,2.2359,2.2568,2.2274
Caribbean,Synthetic Fertilizers,Indirect emissions (N2O),kilotonnes,0.7574,0.9687,0.6496,0.3912,0.5115,0.4072,0.5385,0.4679,0.4466,0.3566,0.6221,0.5751,0.5525,0.6144,0.6914,0.6844,0.6439,0.6938,0.7267,0.7335,0.7239
Caribbean,Synthetic Fertilizers,Emissions (N2O),kilotonnes,3.0877,3.9495,2.6485,1.5947,2.0855,1.6601,2.1954,1.9076,1.8206,1.4539,2.5362,2.3445,2.2526,2.5047,2.8189,2.7901,2.6251,2.8284,2.9625,2.9902,2.9513
Caribbean,Synthetic Fertilizers,Emissions (CO2eq) from N2O (AR5),kilotonnes,818.2485,1046.6153,701.858,422.6025,552.6575,439.9233,581.7892,505.5176,482.4527,385.2714,672.0823,621.2925,596.9414,663.747,747.0033,739.3887,695.6429,749.5206,785.0659,792.4099,782.0947
Caribbean,Synthetic Fertilizers,Emissions (CO2eq) (AR5),kilotonnes,818.2485,1046.6153,701.858,422.6025,552.6575,439.9233,581.7892,505.5176,482.4527,385.2714,672.0823,621.2925,596.9414,663.747,747.0033,739.3887,695.6429,749.5206,785.0659,792.4099,782.0947
Caribbean,Drained organic soils,Emissions (CO2eq) (AR5),kilotonnes,347.4205,342.0865,339.8588,328.0718,327.0036,325.0469,328.5269,327.4585,325.3225,325.9664,326.4692,325.4008,333.4182,332.3505,335.5538,335.5538,336.7677,336.7677,338.1916,315.29,318.1464
Caribbean,Drained organic soils (CO2),Emissions (CO2),kilotonnes,332.4261,327.3077,325.1688,313.8658,312.8398,310.9613,314.3113,313.2852,311.2337,311.8521,312.3141,311.2879,318.9427,317.9172,320.9938,320.9938,322.1399,322.1399,323.5062,301.596,304.334
Caribbean,Drained organic soils (CO2),Emissions (CO2eq) (AR5),kilotonnes,332.4261,327.3077,325.1688,313.8658,312.8398,310.9613,314.3113,313.2852,311.2337,311.8521,312.3141,311.2879,318.9427,317.9172,320.9938,320.9938,322.1399,322.1399,323.5062,301.596,304.334
Caribbean,Drained organic soils (N2O),Emissions (N2O),kilotonnes,0.0566,0.0558,0.0554,0.0536,0.0534,0.0532,0.0536,0.0535,0.0532,0.0533,0.0534,0.0533,0.0546,0.0545,0.0549,0.0549,0.0552,0.0552,0.0554,0.0517,0.0521
Caribbean,Drained organic soils (N2O),Emissions (CO2eq) from N2O (AR5),kilotonnes,14.9944,14.7788,14.69,14.2061,14.1638,14.0856,14.2156,14.1733,14.0888,14.1143,14.1551,14.1128,14.4755,14.4332,14.56,14.56,14.6278,14.6278,14.6854,13.694,13.8124
Caribbean,Drained organic soils (N2O),Emissions (CO2eq) (AR5),kilotonnes,14.9944,14.7788,14.69,14.2061,14.1638,14.0856,14.2156,14.1733,14.0888,14.1143,14.1551,14.1128,14.4755,14.4332,14.56,14.56,14.6278,14.6278,14.6854,13.694,13.8124
Caribbean,On-farm energy use,Emissions (CH4),kilotonnes,2.0333,1.7947,2.0678,1.9846,2.0154,1.8954,1.7776,1.4868,1.4763,1.1601,1.1609,1.2056,1.2141,1.4047,1.0988,1.1164,1.23,1.1851,1.2818,1.3194,1.3194
Caribbean,On-farm energy use,Emissions (N2O),kilotonnes,0.4363,0.4215,0.4554,0.4203,0.4592,0.4692,0.5931,0.5746,0.422,0.4229,0.4248,0.3703,0.3554,0.3772,0.3208,0.3491,0.3633,0.3719,0.3558,0.3631,0.3631
Caribbean,On-farm energy use,Emissions (CO2),kilotonnes,3960.6331,3886.8433,6201.1748,6148.5456,6497.3324,8166.8985,9569.514,7548.6086,8263.7462,5878.8849,5710.4034,5398.8704,5185.8077,6000.8372,4161.0551,4408.3846,5575.7764,5245.0512,5702.3226,6013.7456,6013.7456
Caribbean,On-farm energy use,Emissions (CO2eq) from CH4 (AR5),kilotonnes,56.9326,50.2513,57.8977,55.5701,56.4312,53.0713,49.7727,41.6293,41.3361,32.4816,32.5041,33.758,33.9938,39.3322,30.7655,31.2592,34.4396,33.1828,35.8892,36.943,36.943
Caribbean,On-farm energy use,Emissions (CO2eq) from N2O (AR5),kilotonnes,115.6143,111.6969,120.6806,111.3784,121.6821,124.3489,157.1666,152.2804,111.8343,112.0606,112.5609,98.1197,94.1903,99.9675,85.0161,92.519,96.2804,98.5589,94.2925,96.2212,96.2212
Caribbean,On-farm energy use,Emissions (CO2eq) (AR5),kilotonnes,4133.1799,4048.7915,6379.7531,6315.4942,6675.4457,8344.3187,9776.4532,7742.5183,8416.9167,6023.427,5855.4685,5530.7482,5313.9919,6140.1368,4276.8367,4532.1628,5706.4964,5376.7928,5832.5043,6146.9098,6146.9098
Caribbean,Forestland,Emissions (CO2),kilotonnes,-19726.3254,-17549.8149,-17549.8149,-17549.8149,-17549.8149,-17549.8149,-17549.8149,-17549.8149,-17549.8149,-17549.8149,-17549.8149,-15059.6656,-15059.6656,-15059.6656,-15059.6656,-15059.6656,-8414.5866,-8414.5866,-8414.5866,-8414.5866,-8414.5866
Caribbean,Forestland,Emissions (CO2eq) (AR5),kilotonnes,-19726.3254,-17549.8149,-17549.8149,-17549.8149,-17549.8149,-17549.8149,-17549.8149,-17549.8149,-17549.8149,-17549.8149,-17549.8149,-15059.6656,-15059.6656,-15059.6656,-15059.6656,-15059.6656,-8414.5866,-8414.5866,-8414.5866,-8414.5866,-8414.5866
Caribbean,Net Forest conversion,Emissions (CO2),kilotonnes,639.4905,377.4116,377.4116,377.4116,377.4116,377.4116,377.4116,377.4116,377.4116,377.4116,377.4116,875.6841,875.6841,875.6841,875.6841,875.6841,1358.6873,1358.6873,1358.6873,1358.6873,1358.6873
Caribbean,Net Forest conversion,Emissions (CO2eq) (AR5),kilotonnes,639.4905,377.4116,377.4116,377.4116,377.4116,377.4116,377.4116,377.4116,377.4116,377.4116,377.4116,875.6841,875.6841,875.6841,875.6841,875.6841,1358.6873,1358.6873,1358.6873,1358.6873,1358.6873
Caribbean,Savanna fires,Emissions (CH4),kilotonnes,0.9524,1.1082,1.1194,0.8959,3.2935,2.6063,1.9453,1.5534,1.5866,2.0387,1.1268,2.4714,0.8689,1.5447,0.9405,1.7377,0.8753,1.4622,0.5809,0.5512,2.5032
Caribbean,Savanna fires,Emissions (N2O),kilotonnes,0.087,0.1012,0.1022,0.0818,0.3007,0.238,0.1776,0.1418,0.1449,0.1861,0.1029,0.2256,0.0793,0.141,0.0859,0.1587,0.0799,0.1335,0.053,0.0503,0.2286
Caribbean,Savanna fires,Emissions (CO2eq) from CH4 (AR5),kilotonnes,26.6678,31.0305,31.3443,25.0841,92.2167,72.9752,54.4684,43.4948,44.4238,57.0822,31.5516,69.1979,24.3306,43.2522,26.335,48.655,24.5089,40.9418,16.2639,15.4346,70.0889
Caribbean,Savanna fires,Emissions (CO2eq) from N2O (AR5),kilotonnes,23.0449,26.8144,27.0856,21.6759,79.6873,63.0601,47.0678,37.5852,38.388,49.3265,27.2647,59.796,21.0248,37.3756,22.7569,42.0443,21.1788,35.379,14.0541,13.3375,60.566
Caribbean,Savanna fires,Emissions (CO2eq) (AR5),kilotonnes,49.7127,57.8449,58.4299,46.76,171.904,136.0354,101.5361,81.08,82.8118,106.4087,58.8163,128.9938,45.3554,80.6278,49.092,90.6993,45.6877,76.3208,30.318,28.772,130.6549
Caribbean,Fires in organic soils,Emissions (CH4),kilotonnes,0,0,0,0,0,0,0,0,0,0,0,0,0,0,0,0,0,0,0,0,0
Caribbean,Fires in organic soils,Emissions (CO2),kilotonnes,0,0,0,0,0,0,0,0,0,0,0,0,0,0,0,0,0,0,0,0,0
Caribbean,Fires in organic soils,Emissions (CO2eq) from CH4 (AR5),kilotonnes,0,0,0,0,0,0,0,0,0,0,0,0,0,0,0,0,0,0,0,0,0
Caribbean,Fires in organic soils,Emissions (CO2eq) (AR5),kilotonnes,0,0,0,0,0,0,0,0,0,0,0,0,0,0,0,0,0,0,0,0,0
Caribbean,Forest fires,Emissions (CH4),kilotonnes,9.2449,1.0761,1.3461,0.5252,2.0284,4.141,1.7717,0.844,1.6454,2.7988,1.0964,2.804,0.8627,2.465,0.7909,2.3202,1.2308,2.7394,0.4298,0.5299,2.6282
Caribbean,Forest fires,Emissions (N2O),kilotonnes,0.2719,0.0982,0.1229,0.048,0.1852,0.3781,0.1618,0.0771,0.1502,0.2555,0.1001,0.256,0.0788,0.2251,0.0722,0.2118,0.1124,0.2501,0.0392,0.0484,0.24
Caribbean,Forest fires,Emissions (CO2eq) from CH4 (AR5),kilotonnes,258.8564,30.1299,37.6894,14.7069,56.796,115.948,49.6082,23.6333,46.0721,78.3652,30.698,78.5128,24.1552,69.0199,22.1447,64.966,34.461,76.7041,12.034,14.8377,73.5906
Caribbean,Forest fires,Emissions (CO2eq) from N2O (AR5),kilotonnes,72.0556,26.0362,32.5686,12.7087,49.0791,100.1942,42.868,20.4222,39.8123,67.7177,26.5271,67.8453,20.8732,59.6422,19.1359,56.1391,29.7788,66.2824,10.3989,12.8217,63.5919
Caribbean,Forest fires,Emissions (CO2eq) (AR5),kilotonnes,330.912,56.1662,70.258,27.4156,105.8751,216.1422,92.4762,44.0555,85.8844,146.0829,57.2252,146.358,45.0284,128.6622,41.2807,121.1052,64.2398,142.9865,22.4329,27.6593,137.1825
Caribbean,Fires in humid tropical forests,Emissions (CH4),kilotonnes,6.0064,0.9272,1.3163,0.4955,1.8572,2.4911,1.5533,0.8019,1.4792,2.491,1.0095,2.3796,0.7833,2.2839,0.5676,1.5237,1.0446,2.5904,0.3677,0.453,2.4272
Caribbean,Fires in humid tropical forests,Emissions (N2O),kilotonnes,0.1767,0.0847,0.1202,0.0452,0.1696,0.2274,0.1418,0.0732,0.1351,0.2274,0.0922,0.2173,0.0715,0.2085,0.0518,0.1391,0.0954,0.2365,0.0336,0.0414,0.2216
Caribbean,Fires in humid tropical forests,Emissions (CO2eq) from CH4 (AR5),kilotonnes,168.1794,25.9612,36.8552,13.8734,52.001,69.7508,43.4931,22.4525,41.4169,69.7476,28.2669,66.6288,21.9322,63.949,15.8915,42.6633,29.2476,72.5325,10.2965,12.6843,67.9619
Caribbean,Fires in humid tropical forests,Emissions (CO2eq) from N2O (AR5),kilotonnes,46.8146,22.4339,31.8477,11.9884,44.9357,60.2738,37.5837,19.4019,35.7896,60.271,24.4263,57.576,18.9523,55.2603,13.7323,36.8666,25.2738,62.6775,8.8976,10.9609,58.728
Caribbean,Fires in humid tropical forests,Emissions (CO2eq) (AR5),kilotonnes,214.994,48.3951,68.703,25.8618,96.9367,130.0247,81.0768,41.8544,77.2065,130.0186,52.6932,124.2048,40.8844,119.2093,29.6238,79.5299,54.5214,135.21,19.1941,23.6452,126.6899
Caribbean,Waste - agri-food systems,Emissions (CH4),kilotonnes,411.3932,412.5338,414.5387,412.9348,415.7729,416.2321,418.8057,421.6321,424.4721,425.7994,427.5642,429.787,431.4707,433.0105,433.4084,431.9532,433.2025,439.0522,444.9759,450.8041,456.1178
Caribbean,Waste - agri-food systems,Emissions (N2O),kilotonnes,0.7649,0.7857,0.7782,0.793,0.8133,0.8555,0.8839,0.9097,0.9408,0.952,0.973,0.9911,1.0009,1.0365,1.022,1.0339,1.0842,1.1847,1.2737,1.353,1.4321
Caribbean,Waste - agri-food systems,Emissions (CO2),kilotonnes,1722.984,1724.029,1746.8073,1739.9023,1747.5952,1764.1938,1771.6166,1782.3279,1788.1588,1787.8398,1792.4124,1799.4856,1802.7085,1805.7076,1808.1406,1810.3103,1810.9321,1815.0732,1819.3624,1819.1072,1814.3723
Caribbean,Waste - agri-food systems,Emissions (CO2eq) from CH4 (AR5),kilotonnes,11519.0089,11550.9454,11607.0823,11562.174,11641.64,11654.4992,11726.5588,11805.6983,11885.2178,11922.3829,11971.7966,12034.0357,12081.1801,12124.294,12135.4342,12094.6883,12129.6695,12293.462,12459.3265,12622.5137,12771.2995
Caribbean,Waste - agri-food systems,Emissions (CO2eq) from N2O (AR5),kilotonnes,202.7071,208.211,206.2349,210.1506,215.5276,226.715,234.2278,241.0699,249.3048,252.2759,257.8371,262.6413,265.2333,274.6636,270.8423,273.9831,287.3236,313.9438,337.5187,358.5338,379.5027
Caribbean,Waste - agri-food systems,Emissions (CO2eq) (AR5),kilotonnes,13444.7,13483.1854,13560.1244,13512.227,13604.7628,13645.408,13732.4032,13829.0961,13922.6813,13962.4987,14022.0461,14096.1626,14149.1219,14204.6653,14214.4171,14178.9818,14227.9253,14422.479,14616.2075,14800.1548,14965.1745
Caribbean,Fertilizers Manufacturing,Emissions (N2O),kilotonnes,2.4794,2.4909,2.4737,2.5236,2.5468,2.4347,2.5625,2.4735,2.4564,2.4941,2.2887,2.6709,2.5637,2.4223,2.3028,2.3799,2.191,2.3046,2.1964,2.407,2.4225
Caribbean,Fertilizers Manufacturing,Emissions (CO2),kilotonnes,11746.8921,11940.3888,10516.8244,11504.6899,11895.045,13206.5487,13447.6438,13128.7288,12643.2483,14490.7718,14885.4262,14270.8207,13446.4261,12374.8435,12470.8547,12414.6944,12663.9568,13111.6296,12419.8155,13634.873,11843.6242
Caribbean,Fertilizers Manufacturing,Emissions (CO2eq) from N2O (AR5),kilotonnes,657.041,660.0885,655.5305,668.754,674.902,645.1955,679.0625,655.4775,650.946,660.9365,606.5055,707.7885,679.3805,641.9095,610.242,630.6735,580.615,610.719,582.046,637.855,641.9523
Caribbean,Fertilizers Manufacturing,Emissions (CO2eq) (AR5),kilotonnes,12403.9331,12600.4773,11172.3549,12173.4439,12569.947,13851.7442,14126.7063,13784.2063,13294.1943,15151.7083,15491.9317,14978.6092,14125.8066,13016.753,13081.0967,13045.3679,13244.5718,13722.3486,13001.8615,14272.728,12485.5765
Caribbean,On-farm electricity use,Emissions (CH4),kilotonnes,1.9215,1.3938,1.4429,1.6908,1.7572,1.7478,1.8058,1.7883,1.3807,0.5174,0.4498,1.1284,1.1739,1.9775,1.5565,1.5593,1.6681,1.709,1.7954,1.8433,1.8433
Caribbean,On-farm electricity use,Emissions (N2O),kilotonnes,0.0102,0.0074,0.0077,0.009,0.0093,0.0092,0.0096,0.0095,0.0074,0.0027,0.0024,0.006,0.0062,0.0106,0.0083,0.0083,0.0089,0.0091,0.0096,0.0098,0.0098
Caribbean,On-farm electricity use,Emissions (CO2),kilotonnes,997.201,705.1345,770.7224,910.2134,950.8678,947.1741,962.5803,952.2692,749.7262,397.0611,336.2411,666.867,650.5266,1072.2639,859.1512,864.5157,916.1761,934.3351,981.9539,1006.5187,1006.5187
Caribbean,On-farm electricity use,Emissions (CO2eq) from CH4 (AR5),kilotonnes,53.802,39.0264,40.4012,47.3424,49.2016,48.9384,50.5624,50.0724,38.6596,14.4872,12.5944,31.5952,32.8692,55.37,43.582,43.6604,46.7068,47.852,50.2712,51.6124,51.6124
Caribbean,On-farm electricity use,Emissions (CO2eq) from N2O (AR5),kilotonnes,2.703,1.961,2.0405,2.385,2.4645,2.438,2.544,2.5175,1.961,0.7155,0.636,1.59,1.643,2.809,2.1995,2.1995,2.3585,2.4115,2.544,2.597,2.597
Caribbean,On-farm electricity use,Emissions (CO2eq) (AR5),kilotonnes,1053.706,746.1219,813.1641,959.9408,1002.5339,998.5505,1015.6867,1004.8591,790.3468,412.2638,349.4715,700.0522,685.0388,1130.4429,904.9327,910.3756,965.2414,984.5986,1034.7691,1060.7281,1060.7281
Caribbean,Food Processing,Emissions (CH4),kilotonnes,1.132,1.2337,0.0657,0.0848,0.109,0.0953,0.1009,0.1063,1.3358,1.2661,2.6833,26.6419,27.7703,29.8732,24.1467,25.5086,23.9521,25.1521,37.4385,43.8982,44.1081
Caribbean,Food Processing,Emissions (N2O),kilotonnes,0.0017,0.0021,0.003,0.0031,0.0037,0.0032,0.0033,0.0034,0.0031,0.0033,0.0042,0.0183,0.0196,0.0234,0.0192,0.0201,0.0232,0.0255,0.0279,0.0309,0.0311
Caribbean,Food Processing,Emissions (CO2),kilotonnes,544.0423,613.2595,606.8302,676.2925,806.8648,596.1947,606.693,665.7651,533.6362,554.2352,637.4588,2597.9641,2644.6841,3303.1525,2658.1422,2650.224,2920.0577,3214.8737,3535.8201,3470.0483,3041.6781
Caribbean,Food Processing,Emissions (CO2eq) from CH4 (AR5),kilotonnes,31.696,34.5436,1.8396,2.3744,3.052,2.6684,2.8252,2.9764,37.4024,35.4508,75.1324,745.9732,777.5684,836.4496,676.1076,714.2408,670.6588,704.2588,1048.278,1229.1496,1235.0255
Caribbean,Food Processing,Emissions (CO2eq) from N2O (AR5),kilotonnes,0.4505,0.5565,0.795,0.8215,0.9805,0.848,0.8745,0.901,0.8215,0.8745,1.113,4.8495,5.194,6.201,5.088,5.3265,6.148,6.7575,7.3935,8.1885,8.2334
Caribbean,Food Processing,Emissions (CO2eq) (AR5),kilotonnes,576.1888,648.3596,609.4648,679.4884,810.8973,599.7111,610.3927,669.6425,571.8601,590.5605,713.7042,3348.7868,3427.4465,4145.8031,3339.3378,3369.7913,3596.8645,3925.89,4591.4916,4707.3864,4284.937
Caribbean,Food Packaging,Emissions (CH4),kilotonnes,1.5383,1.6155,1.7798,2.274,2.4649,2.9929,3.4444,3.5841,3.5705,3.659,3.7115,3.7161,3.8931,4.2484,3.3802,3.4689,3.2819,3.4211,3.4031,4.3302,4.338
Caribbean,Food Packaging,Emissions (N2O),kilotonnes,0.0018,0.0018,0.0019,0.0017,0.0018,0.0018,0.0019,0.0019,0.0018,0.0018,0.0018,0.002,0.0024,0.0033,0.0024,0.0019,0.0025,0.003,0.0027,0.0023,0.0023
Caribbean,Food Packaging,Emissions (CO2),kilotonnes,200.7792,210.9795,219.8909,229.0259,220.5505,236.3042,250.395,262.7754,286.5345,282.7728,334.9696,347.016,379.6433,556.2393,390.3984,296.9682,367.1583,417.7002,348.1647,414.8807,362.8239
Caribbean,Food Packaging,Emissions (CO2eq) from CH4 (AR5),kilotonnes,43.0724,45.234,49.8344,63.672,69.0172,83.8012,96.4432,100.3548,99.974,102.452,103.922,104.0508,109.0068,118.9552,94.6456,97.1292,91.8932,95.7908,95.2868,121.2456,121.4646
Caribbean,Food Packaging,Emissions (CO2eq) from N2O (AR5),kilotonnes,0.477,0.477,0.5035,0.4505,0.477,0.477,0.5035,0.5035,0.477,0.477,0.477,0.53,0.636,0.8745,0.636,0.5035,0.6625,0.795,0.7155,0.6095,0.6077
Caribbean,Food Packaging,Emissions (CO2eq) (AR5),kilotonnes,244.3286,256.6905,270.2288,293.1484,290.0447,320.5824,347.3417,363.6337,386.9855,385.7018,439.3686,451.5968,489.2861,676.069,485.68,394.6009,459.714,514.286,444.167,536.7358,484.8962
Caribbean,Food Retail,Emissions (CH4),kilotonnes,0.8834,0.9799,0.9943,0.9844,0.8755,0.977,1.0592,1.2726,1.4495,1.4737,1.4699,1.5127,1.5841,1.5161,1.6317,1.6538,1.7083,1.7876,1.7646,1.8977,1.8986
Caribbean,Food Retail,Emissions (N2O),kilotonnes,0.0048,0.0053,0.0055,0.0052,0.0047,0.0056,0.0063,0.007,0.008,0.0082,0.0085,0.0089,0.0096,0.0099,0.01,0.0108,0.0104,0.0112,0.011,0.0115,0.0115
Caribbean,Food Retail,Emissions (CO2),kilotonnes,483.7202,522.7604,547.3306,558.3163,501.4048,570.8269,610.6144,740.482,840.3671,870.0249,893.2854,945.5858,966.7129,1032.8777,1031.8708,1146.2221,1084.2511,1185.0018,1160.029,1213.1093,1066.89
Caribbean,Food Retail,Emissions (CO2eq) from F-gases (AR5),kilotonnes,71.691,95.588,123.641,150.655,180.786,208.3195,234.2945,261.3085,264.945,266.5035,268.062,268.5815,268.5815,269.101,269.101,269.101,293.5175,300.271,306.505,312.739,326.9915
Caribbean,Food Retail,Emissions (CO2eq) from CH4 (AR5),kilotonnes,24.7356,27.4365,27.8391,27.5636,24.514,27.356,29.6576,35.6328,40.586,41.2636,41.1572,42.3556,44.3548,42.4508,45.6876,46.3064,47.8324,50.0528,49.4088,53.1356,53.1615
Caribbean,Food Retail,Emissions (CO2eq) from N2O (AR5),kilotonnes,1.272,1.4045,1.4575,1.378,1.2455,1.484,1.6695,1.855,2.12,2.173,2.2525,2.3585,2.544,2.6235,2.65,2.862,2.756,2.968,2.915,3.0475,3.0569
Caribbean,Food Retail,Emissions (CO2eq) (AR5),kilotonnes,581.4188,647.1894,700.2683,737.9128,707.9503,807.9864,876.236,1039.2783,1148.0181,1179.965,1204.7571,1258.8814,1282.1932,1347.053,1349.3094,1464.4915,1428.357,1538.2936,1518.8578,1582.0314,1450.0999
Caribbean,Food Household Consumption,Emissions (CH4),kilotonnes,4.4349,4.6226,4.8962,5.1352,4.9024,5.1748,5.5039,5.8113,5.7312,5.833,6.1502,6.2648,6.5656,6.7361,6.9795,7.2684,7.4977,7.3019,7.3412,7.4358,7.3074
Caribbean,Food Household Consumption,Emissions (N2O),kilotonnes,0.0273,0.0279,0.0288,0.0301,0.0297,0.0311,0.0325,0.0333,0.033,0.0336,0.0353,0.0353,0.0369,0.0382,0.0392,0.041,0.0421,0.0413,0.0414,0.0418,0.0418
Caribbean,Food Household Consumption,Emissions (CO2),kilotonnes,3589.0612,3460.3772,3778.0082,4007.039,4014.8516,4150.039,4162.7306,4194.0389,4106.1299,4818.4219,4831.9329,4610.0581,4602.6598,4811.2333,4920.4041,5177.8075,5321.4766,5236.5357,5268.1446,5333.6426,4684.9153
Caribbean,Food Household Consumption,Emissions (CO2eq) from CH4 (AR5),kilotonnes,124.1772,129.4328,137.0936,143.7856,137.2672,144.8944,154.1092,162.7164,160.4736,163.324,172.2056,175.4144,183.8368,188.6108,195.426,203.5152,209.9356,204.4532,205.5536,208.2024,204.6064
Caribbean,Food Household Consumption,Emissions (CO2eq) from N2O (AR5),kilotonnes,7.2345,7.3935,7.632,7.9765,7.8705,8.2415,8.6125,8.8245,8.745,8.904,9.3545,9.3545,9.7785,10.123,10.388,10.865,11.1565,10.9445,10.971,11.077,11.0732
Caribbean,Food Household Consumption,Emissions (CO2eq) (AR5),kilotonnes,3720.4729,3597.2035,3922.7338,4158.8011,4159.9893,4303.1749,4325.4523,4365.5798,4275.3485,4990.6499,5013.493,4794.827,4796.2751,5009.9671,5126.2181,5392.1877,5542.5687,5451.9334,5484.6692,5552.922,4900.5948
Caribbean,Food Transport,Emissions (CH4),kilotonnes,0.2704,0.2609,0.2584,0.2422,0.2445,0.2415,0.2374,0.2347,0.2251,0.222,0.2053,0.2127,0.2151,0.2034,0.2068,0.2173,0.2272,0.2256,0.2339,0.2202,0.2203
Caribbean,Food Transport,Emissions (N2O),kilotonnes,0.0416,0.0432,0.0439,0.0426,0.0439,0.0446,0.0461,0.0479,0.0457,0.0457,0.045,0.0469,0.0473,0.043,0.0423,0.0454,0.0461,0.0464,0.0473,0.0517,0.0518
Caribbean,Food Transport,Emissions (CO2),kilotonnes,1578.4395,1604.4799,1637.7772,1556.8418,1657.0842,1710.643,1774.1517,1817.6122,1769.7312,1733.1814,1720.1486,1566.266,1567.116,1507.1724,1505.5792,1638.8595,1665.455,1670.8459,1708.5357,1807.3924,1588.1737
Caribbean,Food Transport,Emissions (CO2eq) from CH4 (AR5),kilotonnes,7.5712,7.3052,7.2352,6.7816,6.846,6.762,6.6472,6.5716,6.3028,6.216,5.7484,5.9556,6.0228,5.6952,5.7904,6.0844,6.3616,6.3168,6.5492,6.1656,6.168
Caribbean,Food Transport,Emissions (CO2eq) from N2O (AR5),kilotonnes,11.024,11.448,11.6335,11.289,11.6335,11.819,12.2165,12.6935,12.1105,12.1105,11.925,12.4285,12.5345,11.395,11.2095,12.031,12.2165,12.296,12.5345,13.7005,13.7152
Caribbean,Food Transport,Emissions (CO2eq) (AR5),kilotonnes,1597.0347,1623.2331,1656.6459,1574.9124,1675.5637,1729.224,1793.0154,1836.8773,1788.1445,1751.5079,1737.822,1584.6501,1585.6733,1524.2626,1522.5791,1656.9749,1684.0331,1689.4587,1727.6194,1827.2585,1608.0569
Caribbean,Energy,Emissions (CH4),kilotonnes,316.3142,331.1247,363.9917,464.0946,503.197,610.0827,700.1375,728.4055,722.5674,740.467,750.1517,729.5669,732.0571,742.1186,741.6158,702.1358,644.8884,641.042,621.3089,706.9471,708.7936
Caribbean,Energy,Emissions (N2O),kilotonnes,2.2997,2.3294,2.2144,2.0653,2.1495,2.1503,2.2078,2.2953,2.1217,2.0783,1.9976,2.0923,2.197,2.0808,2.142,2.2086,2.1923,2.2543,2.2974,2.2064,2.2136
Caribbean,Energy,Emissions (CO2),kilotonnes,93336.7,96031.6,99493.3,103124,100334,107288,115154,118020,118968,115562,122886,119882,118945,116125,116911,120014,114041,110376,111084,109687,96129
Caribbean,Energy,Emissions (CO2eq) from CH4 (AR5),kilotonnes,8856.7965,9271.4905,10191.7682,12994.6482,14089.5146,17082.3167,19603.8511,20395.3546,20231.8858,20733.0752,21004.2476,20427.8729,20497.5977,20779.3194,20765.241,19659.8013,18056.876,17949.176,17396.6498,19794.5199,19846.2202
Caribbean,Energy,Emissions (CO2eq) from N2O (AR5),kilotonnes,609.4205,617.2926,586.8274,547.305,569.6122,569.829,585.0583,608.2516,562.2383,550.7516,529.3733,554.4592,582.2047,551.4043,567.6273,585.2665,580.9611,597.3974,608.8118,584.7013,586.604
Caribbean,Energy,Emissions (CO2eq) (AR5),kilotonnes,102802.917,105920.3831,110271.8956,116665.9533,114993.1268,124940.1457,135342.9094,139023.6061,139762.1241,136845.8268,144419.6209,140864.3322,140024.8024,137455.7237,138243.8684,140259.0678,132678.8371,128922.5734,129089.4616,130066.2212,116561.8242
Caribbean,IPPU,Emissions (CH4),kilotonnes,5.7008,6.4108,6.5108,6.5508,7.8608,10.8008,13.8008,13.6008,13.1008,14.1007,13.6007,13.6007,12.6007,13.0007,12.6007,12.7007,10.7007,11.4007,11.7007,12.5007,12.6006
Caribbean,IPPU,Emissions (N2O),kilotonnes,2.0802,1.9403,2.0003,2.0903,2.1503,2.1503,2.9403,2.9603,2.8603,1.6603,1.5603,1.5603,1.5603,1.5603,1.5603,1.5603,1.5603,1.5603,1.5603,1.2203,1.1403
Caribbean,IPPU,Emissions (CO2),kilotonnes,11828.28,13135.4948,14133.5357,14755.827,15561.776,16433.553,19461.375,19482.896,18840.565,19431.347,19663.108,18660.999,17816.183,17672.451,17891.571,18199.7,17223.019,17859.421,17662.488,18085.107,18123.506
Caribbean,IPPU,Emissions (CO2eq) from F-gases (AR5),kilotonnes,111.6308,134.8708,160.6816,191.7682,224.1773,258.2375,289.7679,321.3176,351.9812,382.5495,414.0502,419.6853,438.3328,476.0093,502.0387,528.9346,555.9299,582.8246,609.8397,636.7412,663.7691
Caribbean,IPPU,Emissions (CO2eq) from CH4 (AR5),kilotonnes,159.6223,179.5021,182.3019,183.4218,220.1017,302.4216,386.4216,380.8216,366.8216,394.8207,380.8204,380.8202,352.82,364.0197,352.8195,355.6192,299.619,319.2188,327.6185,350.0183,352.8181
Caribbean,IPPU,Emissions (CO2eq) from N2O (AR5),kilotonnes,551.2654,514.1663,530.0673,553.9181,569.819,569.8202,779.1711,784.472,757.9729,439.9735,413.4747,413.4756,413.4765,413.4774,413.478,413.4791,413.4797,413.4806,413.4814,323.3824,302.1836
Caribbean,IPPU,Emissions (CO2eq) (AR5),kilotonnes,12650.7985,13964.034,15006.5865,15684.9351,16575.8739,17564.0323,20916.7355,20969.5072,20317.3406,20648.6906,20871.4534,19874.98,19020.8123,18925.9574,19159.9072,19497.7329,18492.0476,19174.9449,19013.4277,19395.2489,19442.2767
Caribbean,Waste,Emissions (CH4),kilotonnes,475.426,486.456,494.376,499.895,514.848,529.928,555.808,563.518,570.099,580.439,583.659,588.559,593.119,600.119,607.765,616.482,617.84,627.233,633.989,645.709,653.268
Caribbean,Waste,Emissions (N2O),kilotonnes,1.2172,1.228,1.2379,1.2613,1.2819,1.3168,1.365,1.4175,1.466,1.505,1.5282,1.5363,1.5491,1.583,1.6046,1.6198,1.6383,1.6758,1.6979,1.7435,1.7723
Caribbean,Waste,Emissions (CO2),kilotonnes,1.3197,1.4015,1.4843,1.5132,1.539,1.5648,46.5906,45.6174,50.6402,45.666,40.6918,39.916,39.741,54.365,58.488,62.611,66.732,70.8544,74.8744,79.0054,83.1301
Caribbean,Waste,Emissions (CO2eq) from CH4 (AR5),kilotonnes,13311.928,13620.768,13842.528,13997.06,14415.744,14837.984,15562.624,15778.504,15962.772,16252.292,16342.452,16479.652,16607.332,16803.332,17017.42,17261.496,17299.52,17562.524,17751.692,18079.852,18291.504
Caribbean,Waste,Emissions (CO2eq) from N2O (AR5),kilotonnes,322.5606,325.4121,328.0356,334.2418,339.6982,348.9414,361.7356,375.6402,388.4927,398.8303,404.9783,407.1168,410.4982,419.4977,425.2084,429.2417,434.1469,444.0738,449.9329,462.0328,469.6463
Caribbean,Waste,Emissions (CO2eq) (AR5),kilotonnes,13635.8083,13947.5815,14172.0478,14332.815,14756.9812,15188.4902,15970.9502,16199.7615,16401.9048,16696.7883,16788.1221,16926.6848,17057.5712,17277.1946,17501.1164,17753.3487,17800.3988,18077.4521,18276.4993,18620.8902,18844.2804
Caribbean,Other,Emissions (CH4),kilotonnes,7.32,11.4,12.2,13.1,14,14.9,15.8,16.6,17.5,18.4,19.3,20.2,21,21.9,22.8,23.7,24.6,25.5,26.3,27.2,28.1
Caribbean,Other,Emissions (N2O),kilotonnes,3.1713,3.2155,3.1584,2.9079,2.8214,2.9837,3.0023,3.092,3.0422,2.9243,2.9456,2.9993,3.0433,3.0077,3.1255,3.2346,3.1985,3.0353,3.1461,3.1716,3.1886
Caribbean,Other,Emissions (CO2eq) from CH4 (AR5),kilotonnes,204.96,319.2,341.6,366.8,392,417.2,442.4,464.8,490,515.2,540.4,565.6,588,613.2,638.4,663.6,688.8,714,736.4,761.6,786.8
Caribbean,Other,Emissions (CO2eq) from N2O (AR5),kilotonnes,840.4051,852.1046,836.9694,770.5853,747.6615,790.6776,795.6212,819.3816,806.1721,774.9517,780.5917,794.8272,806.4636,797.0333,828.2686,857.1624,847.5924,804.3569,833.7215,840.4682,844.974
Caribbean,Other,Emissions (CO2eq) (AR5),kilotonnes,1045.3651,1171.3046,1178.5694,1137.3853,1139.6615,1207.8776,1238.0212,1284.1816,1296.1721,1290.1517,1320.9917,1360.4272,1394.4636,1410.2333,1466.6686,1520.7624,1536.3924,1518.3569,1570.1215,1602.0682,1631.774
Caribbean,Farm-gate emissions,Emissions (CH4),kilotonnes,685.6949,688.8016,699.8461,701.191,697.8539,661.4117,663.1315,688.3665,702.2748,734.1238,730.8533,745.0909,742.1849,744.1437,740.8222,719.3748,730.5859,718.3849,722.6778,716.6143,697.9013
Caribbean,Farm-gate emissions,Direct emissions (N2O),kilotonnes,17.9147,18.6343,18.4992,17.7538,18.3895,17.7042,18.2788,18.7049,18.6616,18.6806,19.6813,19.6595,19.5675,19.8559,20.2359,20.1386,20.2394,20.2073,20.1984,20.2584,19.6614
Caribbean,Farm-gate emissions,Indirect emissions (N2O),kilotonnes,4.9961,5.2192,5.1692,4.9015,5.0776,4.9316,5.1466,5.2208,5.2053,5.1801,5.4667,5.4301,5.3949,5.4938,5.6188,5.6161,5.6696,5.6683,5.665,5.6868,5.48
Caribbean,Farm-gate emissions,Emissions (N2O),kilotonnes,24.944,25.81,25.8662,24.768,25.8221,25.0478,25.9998,26.468,26.2354,26.2597,27.4292,27.4294,27.0782,27.586,27.9917,28.0087,28.2078,28.2854,28.2298,28.3908,27.3055
Caribbean,Farm-gate emissions,Emissions (CO2),kilotonnes,4293.0593,4214.1509,6526.3436,6462.4114,6810.1722,8477.8598,9883.8252,7861.8938,8574.9799,6190.737,6022.7175,5710.1584,5504.7504,6318.7544,4482.049,4729.3784,5897.9163,5567.1911,6025.8288,6315.3416,6318.0797
Caribbean,Farm-gate emissions,Emissions (CO2eq) from CH4 (AR5),kilotonnes,19199.4579,19286.446,19595.6921,19633.3485,19539.909,18519.5281,18567.6825,19274.263,19663.6945,20555.466,20463.8913,20862.5453,20781.1776,20836.0246,20743.0213,20142.493,20456.4048,20114.7786,20234.9788,20065.2002,19541.2368
Caribbean,Farm-gate emissions,Emissions (CO2eq) from N2O (AR5),kilotonnes,6610.1502,6839.6396,6854.551,6563.5324,6842.8497,6637.6645,6889.9374,7014.0241,6952.3782,6958.8108,7268.7291,7268.7811,7175.7232,7310.3014,7417.8084,7422.314,7475.0727,7495.6201,7480.8861,7523.5642,7235.9506
Caribbean,Farm-gate emissions,Emissions (CO2eq) (AR5),kilotonnes,30102.6674,30340.2365,32976.5868,32659.2923,33192.9308,33635.0523,35341.4451,34150.181,35191.0526,33705.0138,33755.3379,33841.4848,33461.6512,34465.0803,32642.8787,32294.1855,33829.3939,33177.5898,33741.6936,33904.106,33095.267
Caribbean,Land Use change,Emissions (CH4),kilotonnes,6.0064,0.9272,1.3163,0.4955,1.8572,2.4911,1.5533,0.8019,1.4792,2.491,1.0095,2.3796,0.7833,2.2839,0.5676,1.5237,1.0446,2.5904,0.3677,0.453,2.4272
Caribbean,Land Use change,Emissions (N2O),kilotonnes,0.1767,0.0847,0.1202,0.0452,0.1696,0.2274,0.1418,0.0732,0.1351,0.2274,0.0922,0.2173,0.0715,0.2085,0.0518,0.1391,0.0954,0.2365,0.0336,0.0414,0.2216
Caribbean,Land Use change,Emissions (CO2),kilotonnes,639.4905,377.4116,377.4116,377.4116,377.4116,377.4116,377.4116,377.4116,377.4116,377.4116,377.4116,875.6841,875.6841,875.6841,875.6841,875.6841,1358.6873,1358.6873,1358.6873,1358.6873,1358.6873
Caribbean,Land Use change,Emissions (CO2eq) from CH4 (AR5),kilotonnes,168.1794,25.9612,36.8552,13.8734,52.001,69.7508,43.4931,22.4525,41.4169,69.7476,28.2669,66.6288,21.9322,63.949,15.8915,42.6633,29.2476,72.5325,10.2965,12.6843,67.9619
Caribbean,Land Use change,Emissions (CO2eq) from N2O (AR5),kilotonnes,46.8146,22.4339,31.8477,11.9884,44.9357,60.2738,37.5837,19.4019,35.7896,60.271,24.4263,57.576,18.9523,55.2603,13.7323,36.8666,25.2738,62.6775,8.8976,10.9609,58.728
Caribbean,Land Use change,Emissions (CO2eq) (AR5),kilotonnes,854.4845,425.8068,446.1146,403.2734,474.3483,507.4363,458.4884,419.266,454.6181,507.4302,430.1048,999.8889,916.5685,994.8934,905.3079,955.214,1413.2087,1493.8973,1377.8814,1382.3325,1485.3772
Caribbean,Emissions on agricultural land,Emissions (CH4),kilotonnes,691.7013,689.7288,701.1624,701.6865,699.7111,663.9028,664.6848,689.1684,703.754,736.6148,731.8628,747.4705,742.9682,746.4276,741.3897,720.8984,731.6304,720.9754,723.0455,717.0673,700.3285
Caribbean,Emissions on agricultural land,Emissions (N2O),kilotonnes,25.1206,25.8946,25.9864,24.8133,25.9916,25.2752,26.1416,26.5412,26.3704,26.4871,27.5213,27.6466,27.1497,27.7946,28.0435,28.1479,28.3032,28.5219,28.2633,28.4322,27.5271
Caribbean,Emissions on agricultural land,Emissions (CO2),kilotonnes,4932.5497,4591.5626,6903.7552,6839.823,7187.5838,8855.2714,10261.2368,8239.3054,8952.3915,6568.1487,6400.1291,6585.8425,6380.4345,7194.4385,5357.7331,5605.0625,7256.6036,6925.8784,7384.5161,7674.0289,7676.7669
Caribbean,Emissions on agricultural land,Emissions (CO2eq) from CH4 (AR5),kilotonnes,19367.6373,19312.4072,19632.5474,19647.2219,19591.91,18589.2789,18611.1756,19296.7155,19705.1114,20625.2136,20492.1582,20929.1741,20803.1098,20899.9735,20758.9128,20185.1563,20485.6525,20187.3111,20245.2753,20077.8845,19609.1987
Caribbean,Emissions on agricultural land,Emissions (CO2eq) from N2O (AR5),kilotonnes,6656.9648,6862.0735,6886.3988,6575.5208,6887.7853,6697.9383,6927.5211,7033.426,6988.1678,7019.0818,7293.1554,7326.3571,7194.6754,7365.5617,7431.5407,7459.1806,7500.3465,7558.2977,7489.7836,7534.5251,7294.6786
Caribbean,Emissions on agricultural land,Emissions (CO2eq) (AR5),kilotonnes,30957.1519,30766.0433,33422.7013,33062.5657,33667.2791,34142.4886,35799.9335,34569.4469,35645.6707,34212.444,34185.4427,34841.3737,34378.2197,35459.9737,33548.1866,33249.3994,35242.6026,34671.4871,35119.575,35286.4385,34580.6442
Caribbean,Pre- and post- production,Emissions (CH4),kilotonnes,421.5737,422.6401,423.9759,423.3462,426.1264,427.4614,430.9573,434.4294,438.1649,438.7706,442.2342,469.2636,472.6728,477.5652,471.3098,471.6295,471.5378,478.6495,496.9526,510.4295,515.8335
Caribbean,Pre- and post- production,Emissions (N2O),kilotonnes,3.3317,3.3643,3.3427,3.4083,3.4532,3.3857,3.5461,3.4862,3.4962,3.5414,3.3589,3.7794,3.6866,3.5872,3.4462,3.5413,3.4084,3.6258,3.61,3.908,4.0028
Caribbean,Pre- and post- production,Emissions (CO2),kilotonnes,20863.1196,20781.4087,19824.1912,21182.3211,21794.2639,23181.9244,23586.4254,23543.9995,22717.5322,24934.3089,25431.875,26804.0633,26060.4773,26463.4902,25644.5412,25999.6017,26749.4637,27585.9952,27241.8259,28699.5722,25408.9962
Caribbean,Pre- and post- production,Emissions (CO2eq) from F-gases (AR5),kilotonnes,71.691,95.588,123.641,150.655,180.786,208.3195,234.2945,261.3085,264.945,266.5035,268.062,268.5815,268.5815,269.101,269.101,269.101,293.5175,300.271,306.505,312.739,326.9915
Caribbean,Pre- and post- production,Emissions (CO2eq) from CH4 (AR5),kilotonnes,11804.0633,11833.924,11871.3254,11853.6936,11931.538,11968.9196,12066.8036,12164.0227,12268.6162,12285.5765,12382.5566,13139.3805,13234.8389,13371.8256,13196.6734,13205.6247,13203.0579,13402.1864,13914.6741,14292.0249,14443.3379
Caribbean,Pre- and post- production,Emissions (CO2eq) from N2O (AR5),kilotonnes,882.9091,891.54,885.8274,903.2051,915.1011,897.218,939.7108,923.8424,926.4858,938.4669,890.1006,1001.5408,976.9438,950.5991,913.2553,938.4441,903.2366,960.8353,956.6382,1035.6088,1060.7383
Caribbean,Pre- and post- production,Emissions (CO2eq) (AR5),kilotonnes,33621.783,33602.4607,32704.985,34089.8748,34821.689,36256.3815,36827.2343,36893.1731,36177.5791,38424.8559,38972.5942,41213.5661,40540.8415,41055.016,40023.5709,40412.7716,41149.2758,42249.2879,42419.6431,44339.945,41240.0639
Caribbean,Agri-food systems,Emissions (CH4),kilotonnes,1113.275,1112.369,1125.1383,1125.0327,1125.8374,1091.3642,1095.6421,1123.5978,1141.9188,1175.3854,1174.097,1216.7341,1215.641,1223.9928,1212.6995,1192.5279,1203.1682,1199.6249,1219.9982,1227.4968,1216.162
Caribbean,Agri-food systems,Emissions (N2O),kilotonnes,28.4524,29.2589,29.3292,28.2216,29.4449,28.661,29.6877,30.0274,29.8666,30.0285,30.8802,31.426,30.8363,31.3817,31.4898,31.6891,31.7116,32.1477,31.8733,32.3401,31.5299
Caribbean,Agri-food systems,Emissions (CO2),kilotonnes,25795.6693,25372.9713,26727.9464,28022.144,28981.8478,32037.1958,33847.6622,31783.3049,31669.9237,31502.4576,31832.0042,33389.9057,32440.9118,33657.9287,31002.2743,31604.6643,34006.0673,34511.8736,34626.3419,36373.6011,33085.7632
Caribbean,Agri-food systems,Emissions (CO2eq) from F-gases (AR5),kilotonnes,71.691,95.588,123.641,150.655,180.786,208.3195,234.2945,261.3085,264.945,266.5035,268.062,268.5815,268.5815,269.101,269.101,269.101,293.5175,300.271,306.505,312.739,326.9915
Caribbean,Agri-food systems,Emissions (CO2eq) from CH4 (AR5),kilotonnes,31171.7006,31146.3312,31503.8728,31500.9155,31523.448,30558.1985,30677.9791,31460.7383,31973.7275,32910.7901,32874.7148,34068.5547,34037.9487,34271.7992,33955.5862,33390.781,33688.7104,33589.4975,34159.9494,34369.9094,34052.5366
Caribbean,Agri-food systems,Emissions (CO2eq) from N2O (AR5),kilotonnes,7539.8739,7753.6134,7772.2262,7478.7259,7802.8864,7595.1563,7867.2319,7957.2684,7914.6536,7957.5487,8183.256,8327.8979,8171.6192,8316.1608,8344.796,8397.6247,8403.5831,8519.1329,8446.4218,8570.1339,8355.4169
Caribbean,Agri-food systems,Emissions (CO2eq) (AR5),kilotonnes,64578.9348,64368.5039,66127.6863,67152.4405,68488.9681,70398.8701,72627.1678,71462.6201,71823.2498,72637.2999,73158.0369,76054.9398,74919.0613,76514.9897,73571.7575,73662.171,76391.8784,76920.775,77539.2181,79626.3835,75820.7081
Caribbean,IPCC Agriculture,Emissions (CH4),kilotonnes,683.6616,687.007,697.7784,699.2064,695.8385,659.5163,661.3539,686.8798,700.7985,732.9637,729.6924,743.8853,740.9709,742.739,739.7234,718.2583,729.3559,717.1999,721.3961,715.2949,696.5819
Caribbean,IPCC Agriculture,Direct emissions (N2O),kilotonnes,17.9147,18.6343,18.4992,17.7538,18.3895,17.7042,18.2788,18.7049,18.6616,18.6806,19.6813,19.6595,19.5675,19.8559,20.2359,20.1386,20.2394,20.2073,20.1984,20.2584,19.6614
Caribbean,IPCC Agriculture,Indirect emissions (N2O),kilotonnes,4.9961,5.2192,5.1692,4.9015,5.0776,4.9316,5.1466,5.2208,5.2053,5.1801,5.4667,5.4301,5.3949,5.4938,5.6188,5.6161,5.6696,5.6683,5.665,5.6868,5.48
Caribbean,IPCC Agriculture,Emissions (N2O),kilotonnes,24.5077,25.3885,25.4108,24.3478,25.3629,24.5785,25.4067,25.8934,25.8134,25.8368,27.0044,27.0591,26.7228,27.2088,27.6709,27.6596,27.8445,27.9134,27.8739,28.0277,26.9424
Caribbean,IPCC Agriculture,Emissions (CO2eq) from CH4 (AR5),kilotonnes,19142.5254,19236.1947,19537.7944,19577.7784,19483.4777,18466.4567,18517.9098,19232.6338,19622.3583,20522.9845,20431.3872,20828.7873,20747.1838,20796.6924,20712.2558,20111.2338,20421.9653,20081.5958,20199.0895,20028.2573,19504.2938
Caribbean,IPCC Agriculture,Emissions (CO2eq) from N2O (AR5),kilotonnes,6494.5359,6727.9427,6733.8705,6452.1539,6721.1676,6513.3155,6732.7707,6861.7437,6840.5439,6846.7502,7156.1682,7170.6613,7081.5328,7210.3339,7332.7924,7329.795,7378.7923,7397.0613,7386.5936,7427.343,7139.7294
Caribbean,IPCC Agriculture,Emissions (CO2eq) (AR5),kilotonnes,25637.0613,25964.1374,26271.6649,26029.9323,26204.6453,24979.7723,25250.6805,26094.3775,26462.9022,27369.7346,27587.5554,27999.4486,27828.7166,28007.0263,28045.0482,27441.0288,27800.7576,27478.6571,27585.6831,27455.6002,26644.0232
Caribbean,Agricultural Soils,Direct emissions (N2O),kilotonnes,17.9147,18.6343,18.4992,17.7538,18.3895,17.7042,18.2788,18.7049,18.6616,18.6806,19.6813,19.6595,19.5675,19.8559,20.2359,20.1386,20.2394,20.2073,20.1984,20.2584,19.6614
Caribbean,Agricultural Soils,Indirect emissions (N2O),kilotonnes,4.9961,5.2192,5.1692,4.9015,5.0776,4.9316,5.1466,5.2208,5.2053,5.1801,5.4667,5.4301,5.3949,5.4938,5.6188,5.6161,5.6696,5.6683,5.665,5.6868,5.48
Caribbean,Agricultural Soils,Emissions (N2O),kilotonnes,22.9674,23.9093,23.7238,22.7089,23.5206,22.689,23.479,23.9792,23.92,23.9139,25.2014,25.1429,25.017,25.4042,25.9096,25.8097,25.9642,25.9307,25.9188,25.9969,25.1935
Caribbean,Agricultural Soils,Emissions (CO2eq) from N2O (AR5),kilotonnes,6086.3537,6335.9601,6286.8133,6017.8638,6232.9502,6012.5868,6221.9268,6354.481,6338.8131,6337.1914,6678.3824,6662.8749,6629.4974,6732.111,6866.0552,6839.5585,6880.5015,6871.6476,6868.4758,6889.1722,6676.2712
Caribbean,Agricultural Soils,Emissions (CO2eq) (AR5),kilotonnes,6086.3537,6335.9601,6286.8133,6017.8638,6232.9502,6012.5868,6221.9268,6354.481,6338.8131,6337.1914,6678.3824,6662.8749,6629.4974,6732.111,6866.0552,6839.5585,6880.5015,6871.6476,6868.4758,6889.1722,6676.2712
Caribbean,LULUCF,Emissions (CH4),kilotonnes,9.2449,1.0761,1.3461,0.5252,2.0284,4.141,1.7717,0.844,1.6454,2.7988,1.0964,2.804,0.8627,2.465,0.7909,2.3202,1.2308,2.7394,0.4298,0.5299,2.6282
Caribbean,LULUCF,Emissions (N2O),kilotonnes,0.2719,0.0982,0.1229,0.048,0.1852,0.3781,0.1618,0.0771,0.1502,0.2555,0.1001,0.256,0.0788,0.2251,0.0722,0.2118,0.1124,0.2501,0.0392,0.0484,0.24
Caribbean,LULUCF,Emissions (CO2),kilotonnes,-18754.4088,-16845.0956,-16847.2345,-16858.5375,-16859.5635,-16861.442,-16858.092,-16859.1181,-16861.1696,-16860.5512,-16860.0892,-13872.6935,-13865.0387,-13866.0642,-13862.9876,-13862.9876,-6733.7594,-6733.7594,-6732.3931,-6754.3033,-6751.5652
Caribbean,LULUCF,Emissions (CO2eq) from CH4 (AR5),kilotonnes,258.8564,30.1299,37.6894,14.7069,56.796,115.948,49.6082,23.6333,46.0721,78.3652,30.698,78.5128,24.1552,69.0199,22.1447,64.966,34.461,76.7041,12.034,14.8377,73.5906
Caribbean,LULUCF,Emissions (CO2eq) from N2O (AR5),kilotonnes,72.0556,26.0362,32.5686,12.7087,49.0791,100.1942,42.868,20.4222,39.8123,67.7177,26.5271,67.8453,20.8732,59.6422,19.1359,56.1391,29.7788,66.2824,10.3989,12.8217,63.5919
Caribbean,LULUCF,Emissions (CO2eq) (AR5),kilotonnes,-18423.4968,-16788.9295,-16776.9765,-16831.1219,-16753.6884,-16645.2998,-16765.6158,-16815.0626,-16775.2852,-16714.4683,-16802.864,-13726.3355,-13820.0103,-13737.4021,-13821.7069,-13741.8824,-6669.5195,-6590.7729,-6709.9602,-6726.644,-6614.3828
Caribbean,AFOLU,Emissions (CH4),kilotonnes,692.9065,688.083,699.1244,699.7316,697.8669,663.6573,663.1256,687.7238,702.4439,735.7625,730.7888,746.6893,741.8335,745.204,740.5143,720.5786,730.5867,719.9393,721.8258,715.8248,699.2102
Caribbean,AFOLU,Emissions (N2O),kilotonnes,24.7796,25.4867,25.5337,24.3957,25.5481,24.9566,25.5684,25.9704,25.9636,26.0923,27.1045,27.3151,26.8015,27.4339,27.7431,27.8714,27.9569,28.1636,27.9132,28.0761,27.1823
Caribbean,AFOLU,Emissions (CO2),kilotonnes,-18754.4088,-16845.0956,-16847.2345,-16858.5375,-16859.5635,-16861.442,-16858.092,-16859.1181,-16861.1696,-16860.5512,-16860.0892,-13872.6935,-13865.0387,-13866.0642,-13862.9876,-13862.9876,-6733.7594,-6733.7594,-6732.3931,-6754.3033,-6751.5652
Caribbean,AFOLU,Emissions (CO2eq) from CH4 (AR5),kilotonnes,19401.3818,19266.3246,19575.4839,19592.4853,19540.2737,18582.4048,18567.518,19256.267,19668.4304,20601.3496,20462.0852,20907.3001,20771.339,20865.7123,20734.4006,20176.1998,20456.4263,20158.2999,20211.1235,20043.0949,19577.8844
Caribbean,AFOLU,Emissions (CO2eq) from N2O (AR5),kilotonnes,6566.5915,6753.9789,6766.439,6464.8626,6770.2467,6613.5097,6775.6387,6882.1659,6880.3562,6914.4679,7182.6953,7238.5066,7102.406,7269.9762,7351.9283,7385.9342,7408.5711,7463.3436,7396.9925,7440.1646,7203.3213
Caribbean,AFOLU,Emissions (CO2eq) (AR5),kilotonnes,7213.5645,9175.2079,9494.6884,9198.8104,9450.957,8334.4725,8485.0647,9279.3148,9687.617,10655.2664,10784.6913,14273.1132,14008.7063,14269.6242,14223.3413,13699.1464,21131.238,20887.8842,20875.7229,20728.9563,20029.6404
Caribbean,All sectors with LULUCF,Emissions (CH4),kilotonnes,1497.6674,1523.4745,1576.2029,1683.372,1737.7726,1829.3688,1948.672,2009.8481,2025.7111,2089.1692,2097.5002,2098.6159,2100.6103,2122.3423,2125.2958,2075.597,2028.6158,2025.115,2015.1244,2108.1816,2101.9724
Caribbean,All sectors with LULUCF,Emissions (N2O),kilotonnes,33.5481,34.1998,34.1447,32.7204,33.9511,33.5577,35.0839,35.7355,35.4537,34.2603,35.1363,35.5033,35.1511,35.6656,36.1755,36.4947,36.5462,36.6893,36.6149,36.4179,35.4971
Caribbean,All sectors with LULUCF,Emissions (CO2),kilotonnes,86411.8909,92323.4007,96781.0855,101022.8027,99037.7515,106861.6758,117803.8736,120689.3953,120998.0356,118178.4618,125729.7106,124710.2215,122935.8852,119985.7517,120998.0713,124413.3233,124596.9916,121572.516,122088.9693,121096.8091,107584.0709
Caribbean,All sectors with LULUCF,Emissions (CO2eq) from F-gases (AR5),kilotonnes,111.6308,134.8708,160.6816,191.7682,224.1773,258.2375,289.7679,321.3176,351.9812,382.5495,414.0502,419.6853,438.3328,476.0093,502.0387,528.9346,555.9299,582.8246,609.8397,636.7412,663.7691
Caribbean,All sectors with LULUCF,Emissions (CO2eq) from CH4 (AR5),kilotonnes,41934.6886,42657.2852,44133.6819,47134.4153,48657.634,51222.3271,54562.8147,56275.7471,56719.9098,58496.7374,58730.0053,58761.2452,58817.0887,59425.5834,59508.2811,58116.7164,56801.2413,56703.2187,56423.4838,59029.0851,58855.2267
Caribbean,All sectors with LULUCF,Emissions (CO2eq) from N2O (AR5),kilotonnes,8890.2432,9062.9544,9048.3386,8670.9129,8997.0376,8892.7779,9297.2248,9469.9112,9395.2321,9078.975,9311.1132,9408.3855,9315.0491,9451.3888,9586.5107,9671.0839,9684.7512,9722.6523,9702.9402,9650.7493,9406.729
Caribbean,All sectors with LULUCF,Emissions (CO2eq) (AR5),kilotonnes,137348.4535,144178.5111,150123.7876,157019.8991,156916.6003,167235.0182,181953.681,186756.3713,187465.1586,186136.7237,194184.8793,193299.5374,191506.3559,189338.7333,190594.9018,192730.0582,191638.9141,188581.2116,188825.233,190413.3847,176509.7957
Caribbean,All sectors without LULUCF,Emissions (CH4),kilotonnes,1488.4226,1522.3984,1574.8569,1682.8467,1735.7442,1825.2278,1946.9002,2009.0041,2024.0656,2086.3704,2096.4038,2095.8119,2099.7476,2119.8773,2124.5049,2073.2768,2027.385,2022.3755,2014.6946,2107.6517,2099.3441
Caribbean,All sectors without LULUCF,Emissions (N2O),kilotonnes,33.2762,34.1016,34.0218,32.6725,33.7659,33.1796,34.9221,35.6584,35.3035,34.0047,35.0362,35.2473,35.0724,35.4406,36.1033,36.2828,36.4339,36.4391,36.5756,36.3695,35.2571
Caribbean,All sectors without LULUCF,Emissions (CO2),kilotonnes,105166.2997,109168.4963,113628.32,117881.3402,115897.315,123723.1178,134661.9656,137548.5134,137859.2052,135039.013,142589.7998,138582.915,136800.924,133851.816,134861.059,138276.311,131330.751,128306.2754,128821.3624,127851.1124,114335.6361
Caribbean,All sectors without LULUCF,Emissions (CO2eq) from F-gases (AR5),kilotonnes,111.6308,134.8708,160.6816,191.7682,224.1773,258.2375,289.7679,321.3176,351.9812,382.5495,414.0502,419.6853,438.3328,476.0093,502.0387,528.9346,555.9299,582.8246,609.8397,636.7412,663.7691
Caribbean,All sectors without LULUCF,Emissions (CO2eq) from CH4 (AR5),kilotonnes,41675.8322,42627.1552,44095.9925,47119.7084,48600.838,51106.3791,54513.2065,56252.1139,56673.8377,58418.3723,58699.3072,58682.7324,58792.9335,59356.5635,59486.1363,58051.7503,56766.7803,56626.5146,56411.4498,59014.2475,58781.6361
Caribbean,All sectors without LULUCF,Emissions (CO2eq) from N2O (AR5),kilotonnes,8818.1876,9036.9182,9015.7701,8658.2042,8947.9584,8792.5837,9254.3568,9449.489,9355.4199,9011.2573,9284.5861,9340.5402,9294.1759,9391.7466,9567.3747,9614.9448,9654.9724,9656.3699,9692.5413,9637.9276,9343.1372
Caribbean,All sectors without LULUCF,Emissions (CO2eq) (AR5),kilotonnes,155771.9502,160967.4406,166900.7641,173851.021,173670.2887,183880.318,198719.2968,203571.4339,204240.4439,202851.192,210987.7434,207025.8728,205326.3662,203076.1354,204416.6087,206471.9406,198308.4336,195171.9845,195535.1932,197140.0287,183124.1785
South America,Crop Residues,Direct emissions (N2O),kilotonnes,31.0917,34.3637,35.1221,40.0351,40.5059,41.9074,41.1361,45.8149,48.4518,42.2321,50.2343,53.4047,51.5485,58.1449,60.0893,64.5476,61.8601,70.0831,65.8187,71.737,73.4347
South America,Crop Residues,Indirect emissions (N2O),kilotonnes,6.9956,7.7318,7.9025,9.0079,9.1138,9.4292,9.2556,10.3084,10.9017,9.5022,11.3027,12.016,11.5984,13.0826,13.5201,14.5232,13.9185,15.7687,14.8092,16.1408,16.5228
South America,Crop Residues,Emissions (N2O),kilotonnes,38.0874,42.0956,43.0246,49.043,49.6198,51.3366,50.3917,56.1232,59.3534,51.7343,61.537,65.4207,63.1469,71.2275,73.6094,79.0708,75.7786,85.8519,80.628,87.8779,89.9575
South America,Crop Residues,Emissions (CO2eq) from N2O (AR5),kilotonnes,10093.1503,11155.3235,11401.5162,12996.3964,13149.2374,13604.1944,13353.8017,14872.6587,15728.6624,13709.5822,16307.3039,17336.4869,16733.9378,18875.2777,19506.4813,20953.751,20081.3381,22750.7414,21366.4081,23287.6348,23838.747
South America,Crop Residues,Emissions (CO2eq) (AR5),kilotonnes,10093.1503,11155.3235,11401.5162,12996.3964,13149.2374,13604.1944,13353.8017,14872.6587,15728.6624,13709.5822,16307.3039,17336.4869,16733.9378,18875.2777,19506.4813,20953.751,20081.3381,22750.7414,21366.4081,23287.6348,23838.747
South America,Rice Cultivation,Emissions (CH4),kilotonnes,680.7331,641.1357,619.8862,644.5271,723.13,729.6432,657.8752,643.2802,669.1846,705.8435,680.0035,695.339,676.4969,695.2304,684.9466,672.8988,648.649,674.5334,639.3041,608.5485,628.5226
South America,Rice Cultivation,Emissions (CO2eq) from CH4 (AR5),kilotonnes,19060.5267,17951.8006,17356.8146,18046.7584,20247.6408,20430.0097,18420.505,18011.8466,18737.1674,19763.6171,19040.0982,19469.491,18941.9134,19466.4514,19178.5048,18841.1655,18162.1727,18886.936,17900.516,17039.3577,17598.6322
South America,Rice Cultivation,Emissions (CO2eq) (AR5),kilotonnes,19060.5267,17951.8006,17356.8146,18046.7584,20247.6408,20430.0097,18420.505,18011.8466,18737.1674,19763.6171,19040.0982,19469.491,18941.9134,19466.4514,19178.5048,18841.1655,18162.1727,18886.936,17900.516,17039.3577,17598.6322
South America,Burning - Crop residues,Emissions (CH4),kilotonnes,75.6321,77.1601,75.033,78.828,79.2267,78.7394,78.7708,85.654,92.6879,87.2155,84.7392,91.316,94.1279,99.9701,100.6993,99.9987,98.4657,109.6372,108.1546,112.3885,116.495
South America,Burning - Crop residues,Emissions (N2O),kilotonnes,1.9608,2.0004,1.9453,2.0437,2.054,2.0414,2.0422,2.2207,2.403,2.2611,2.1969,2.3675,2.4404,2.5918,2.6107,2.5926,2.5528,2.8424,2.804,2.9138,3.0202
South America,Burning - Crop residues,Emissions (CO2eq) from CH4 (AR5),kilotonnes,2117.6992,2160.4834,2100.9247,2207.1829,2218.3489,2204.7022,2205.5829,2398.3121,2595.2619,2442.0339,2372.6981,2556.8481,2635.5802,2799.1624,2819.5804,2799.9646,2757.0402,3069.8422,3028.3293,3146.877,3261.8595
South America,Burning - Crop residues,Emissions (CO2eq) from N2O (AR5),kilotonnes,519.6206,530.1186,515.5047,541.5773,544.3171,540.9686,541.1847,588.4747,636.8004,599.2028,582.1898,627.3748,646.6933,686.8315,691.8415,687.0283,676.496,753.2483,743.0623,772.1504,800.3637
South America,Burning - Crop residues,Emissions (CO2eq) (AR5),kilotonnes,2637.3198,2690.602,2616.4294,2748.7602,2762.666,2745.6708,2746.7675,2986.7868,3232.0623,3041.2367,2954.8879,3184.2228,3282.2735,3485.994,3511.4219,3486.9929,3433.5361,3823.0905,3771.3916,3919.0274,4062.2232
South America,Enteric Fermentation,Emissions (CH4),kilotonnes,18324.4702,18749.1997,19484.7394,20386.1451,20993.8056,21280.9954,21347.578,21063.9758,21220.6491,21310.4857,21154.0775,21225.9159,21311.8233,21339.916,21413.4296,21443.0681,21641.3889,21596.5145,21607.9284,21825.9622,22081.4433
South America,Enteric Fermentation,Emissions (CO2eq) from CH4 (AR5),kilotonnes,513085.1665,524977.591,545572.7038,570812.0639,587826.5565,595867.87,597732.1843,589791.3224,594178.1755,596693.6,592314.1706,594325.646,596731.0521,597517.6479,599576.0287,600405.9064,605958.8895,604702.405,605021.9964,611126.9408,618280.4126
South America,Enteric Fermentation,Emissions (CO2eq) (AR5),kilotonnes,513085.1665,524977.591,545572.7038,570812.0639,587826.5565,595867.87,597732.1843,589791.3224,594178.1755,596693.6,592314.1706,594325.646,596731.0521,597517.6479,599576.0287,600405.9064,605958.8895,604702.405,605021.9964,611126.9408,618280.4126
South America,Manure Management,Emissions (CH4),kilotonnes,435.0644,445.9435,457.5473,475.0388,487.6702,496.4716,501.5789,501.5147,508.1794,512.3844,512.6872,515.0829,515.1583,514.1254,519.6411,523.1853,526.7848,530.539,531.8236,537.5564,545.0483
South America,Manure Management,Emissions (N2O),kilotonnes,19.5661,20.2862,20.1115,20.3257,20.7836,21.4658,22.4347,23.0766,23.7367,24.4,25.4135,25.8476,25.8525,25.5489,26.2905,26.7156,26.378,26.5804,26.7304,26.9132,27.3417
South America,Manure Management,Emissions (CO2eq) from CH4 (AR5),kilotonnes,12181.8029,12486.4193,12811.3251,13301.0864,13654.7649,13901.2051,14044.2099,14042.412,14229.0223,14346.7644,14355.2404,14422.3216,14424.4311,14395.5118,14549.9503,14649.1881,14749.974,14855.0916,14891.0616,15051.5788,15261.3535
South America,Manure Management,Emissions (CO2eq) from N2O (AR5),kilotonnes,5185.004,5375.8411,5329.5344,5386.3237,5507.652,5688.4306,5945.1932,6115.2967,6290.215,6465.9902,6734.569,6849.627,6850.9184,6770.4471,6966.9747,7079.6265,6990.1703,7043.8138,7083.5607,7131.9888,7245.5409
South America,Manure Management,Emissions (CO2eq) (AR5),kilotonnes,17366.8069,17862.2603,18140.8595,18687.4101,19162.4169,19589.6357,19989.4031,20157.7088,20519.2373,20812.7546,21089.8094,21271.9486,21275.3495,21165.9589,21516.925,21728.8146,21740.1443,21898.9055,21974.6222,22183.5676,22506.8944
South America,Manure left on Pasture,Direct emissions (N2O),kilotonnes,400.8379,410.0509,425.5133,445.9781,459.3028,465.2625,467.4069,462.8174,465.9768,466.7046,462.515,463.2214,464.4064,465.1649,467.4009,471.2347,476.9784,479.8706,480.4795,486.4987,492.4968
South America,Manure left on Pasture,Indirect emissions (N2O),kilotonnes,91.9228,93.9,97.0114,101.4536,104.3765,105.7581,106.2489,105.2173,105.8399,105.9598,104.9694,105.1083,105.0688,105.2258,105.596,106.2771,107.5221,108.1523,108.3087,109.7427,111.1337
South America,Manure left on Pasture,Emissions (N2O),kilotonnes,492.7607,503.9509,522.5248,547.4317,563.6793,571.0207,573.6557,568.0347,571.8168,572.6645,567.4844,568.3297,569.4752,570.3907,572.9969,577.5118,584.5005,588.023,588.7882,596.2414,603.6305
South America,Manure left on Pasture,Emissions (CO2eq) from N2O (AR5),kilotonnes,130581.5956,133546.9973,138469.0597,145069.3966,149375.0096,151320.4832,152018.7719,150529.1951,151531.4444,151756.0799,150383.3749,150607.37,150910.9258,151153.5405,151844.1823,153040.618,154892.638,155826.0847,156028.8669,158003.9653,159962.0911
South America,Manure left on Pasture,Emissions (CO2eq) (AR5),kilotonnes,130581.5956,133546.9973,138469.0597,145069.3966,149375.0096,151320.4832,152018.7719,150529.1951,151531.4444,151756.0799,150383.3749,150607.37,150910.9258,151153.5405,151844.1823,153040.618,154892.638,155826.0847,156028.8669,158003.9653,159962.0911
South America,Manure applied to Soils,Direct emissions (N2O),kilotonnes,35.6632,36.8628,37.1059,37.4975,38.501,39.6824,40.2036,40.3274,41.7835,43.173,44.7607,45.4919,45.6473,45.4022,46.1618,44.6881,43.8391,42.0238,42.2506,42.3352,42.7999
South America,Manure applied to Soils,Indirect emissions (N2O),kilotonnes,15.1568,15.6667,15.77,15.9364,16.3629,16.865,17.0865,17.1391,17.758,18.3485,19.0233,19.334,19.4001,19.2959,19.6187,18.9924,18.6316,17.8601,17.9565,17.9925,18.19
South America,Manure applied to Soils,Emissions (N2O),kilotonnes,50.82,52.5295,52.8759,53.4339,54.8639,56.5474,57.2901,57.4665,59.5415,61.5215,63.7839,64.8259,65.0474,64.6981,65.7805,63.6805,62.4706,59.8839,60.2071,60.3277,60.9899
South America,Manure applied to Soils,Emissions (CO2eq) from N2O (AR5),kilotonnes,13467.3024,13920.31,14012.1234,14159.9899,14538.939,14985.0526,15181.8756,15228.6169,15778.4913,16303.1983,16902.7414,17178.8645,17237.5634,17144.9955,17431.8324,16875.3404,16554.7213,15869.2456,15954.8856,15986.8328,16162.3309
South America,Manure applied to Soils,Emissions (CO2eq) (AR5),kilotonnes,13467.3024,13920.31,14012.1234,14159.9899,14538.939,14985.0526,15181.8756,15228.6169,15778.4913,16303.1983,16902.7414,17178.8645,17237.5634,17144.9955,17431.8324,16875.3404,16554.7213,15869.2456,15954.8856,15986.8328,16162.3309
South America,Synthetic Fertilizers,Direct emissions (N2O),kilotonnes,51.0091,52.9152,58.6912,66.9456,75.3225,64.1421,69.5966,86.9645,81.4529,70.9018,87.5359,100.362,93.2225,103.0541,111.1453,91.8564,98.7622,115.6887,116.4406,124.2347,143.6216
South America,Synthetic Fertilizers,Indirect emissions (N2O),kilotonnes,16.578,17.1975,19.0746,21.7573,24.4798,20.8462,22.6189,28.2635,26.4722,23.0431,28.4492,32.6177,30.2973,33.4926,36.1222,29.8533,32.0977,37.5988,37.8432,40.3763,46.677
South America,Synthetic Fertilizers,Emissions (N2O),kilotonnes,67.5871,70.1127,77.7658,88.703,99.8024,84.9883,92.2155,115.228,107.9251,93.9449,115.9851,132.9797,123.5198,136.5467,147.2676,121.7097,130.8599,153.2875,154.2839,164.611,190.2986
South America,Synthetic Fertilizers,Emissions (CO2eq) from N2O (AR5),kilotonnes,17910.5833,18579.8611,20607.9396,23506.29,26447.6238,22521.8939,24437.1198,30535.4251,28600.1399,24895.3857,30736.0485,35239.6201,32732.7564,36184.8675,39025.904,32253.0665,34677.866,40621.1803,40885.2232,43621.9033,50429.1234
South America,Synthetic Fertilizers,Emissions (CO2eq) (AR5),kilotonnes,17910.5833,18579.8611,20607.9396,23506.29,26447.6238,22521.8939,24437.1198,30535.4251,28600.1399,24895.3857,30736.0485,35239.6201,32732.7564,36184.8675,39025.904,32253.0665,34677.866,40621.1803,40885.2232,43621.9033,50429.1234
South America,Drained organic soils,Emissions (CO2eq) (AR5),kilotonnes,19282.9292,19329.7086,19367.5431,19358.9875,20210.6522,20177.252,20166.393,20157.1248,20185.6376,20180.6771,20206.1379,20228.847,20209.2616,20252.6338,20406.0712,20395.8379,20509.5144,20652.6244,20793.1729,20863.2849,20895.4633
South America,Drained organic soils (CO2),Emissions (CO2),kilotonnes,17209.5941,17255.8403,17292.0774,17284.0614,18100.2908,18069.0641,18058.8694,18050.5958,18076.6949,18072.6246,18096.4581,18118.0373,18099.7089,18141.5381,18289.46,18279.699,18386.2448,18522.5346,18652.7068,18712.8342,18744.531
South America,Drained organic soils (CO2),Emissions (CO2eq) (AR5),kilotonnes,17209.5941,17255.8403,17292.0774,17284.0614,18100.2908,18069.0641,18058.8694,18050.5958,18076.6949,18072.6246,18096.4581,18118.0373,18099.7089,18141.5381,18289.46,18279.699,18386.2448,18522.5346,18652.7068,18712.8342,18744.531
South America,Drained organic soils (N2O),Emissions (N2O),kilotonnes,7.8239,7.8259,7.8319,7.8299,7.9636,7.9554,7.9529,7.9492,7.9583,7.9549,7.9611,7.9653,7.9606,7.9664,7.9872,7.9854,8.0123,8.0381,8.0772,8.1149,8.1167
South America,Drained organic soils (N2O),Emissions (CO2eq) from N2O (AR5),kilotonnes,2073.3351,2073.8683,2075.4657,2074.926,2110.3614,2108.1878,2107.5236,2106.5291,2108.9428,2108.0525,2109.6798,2110.8097,2109.5527,2111.0958,2116.6112,2116.1389,2123.2696,2130.0899,2140.4662,2150.4506,2150.9323
South America,Drained organic soils (N2O),Emissions (CO2eq) (AR5),kilotonnes,2073.3351,2073.8683,2075.4657,2074.926,2110.3614,2108.1878,2107.5236,2106.5291,2108.9428,2108.0525,2109.6798,2110.8097,2109.5527,2111.0958,2116.6112,2116.1389,2123.2696,2130.0899,2140.4662,2150.4506,2150.9323
South America,On-farm energy use,Emissions (CH4),kilotonnes,15.0237,13.3813,13.1163,13.4133,13.2203,12.456,10.7907,11.6318,9.9407,9.1933,9.8738,10.9481,10.2746,19.317,19.382,17.461,16.7241,17.7839,17.5999,17.2477,17.2477
South America,On-farm energy use,Emissions (N2O),kilotonnes,9.9494,10.6684,10.6122,11.2151,11.9023,13.7335,11.5884,11.6643,13.9008,13.6801,13.4207,13.0416,13.4416,13.6447,13.7276,13.9421,12.6111,14.6463,14.5277,14.6918,14.6918
South America,On-farm energy use,Emissions (CO2),kilotonnes,43987.3971,45539.9439,45407.8411,47219.4309,49545.2538,51992.0574,43755.5232,42365.5612,46945.8096,44074.8692,44978.7713,43856.7731,44604.1202,47582.7993,46967.7504,46111.8078,42059.5708,47814.115,47381.6378,47479.8503,47479.8503
South America,On-farm energy use,Emissions (CO2eq) from CH4 (AR5),kilotonnes,420.6624,374.6771,367.2562,375.5738,370.1675,348.7682,302.1385,325.6896,278.3391,257.4112,276.4677,306.5458,287.6885,540.8763,542.6968,488.9084,468.2759,497.9501,492.7968,482.9369,482.9369
South America,On-farm energy use,Emissions (CO2eq) from N2O (AR5),kilotonnes,2636.578,2827.1356,2812.2407,2972.0146,3154.1006,3639.3741,3070.9269,3091.0312,3683.7004,3625.2338,3556.4789,3456.016,3562.0334,3615.8496,3637.8215,3694.6509,3341.9355,3881.2711,3849.8424,3893.3303,3893.3303
South America,On-farm energy use,Emissions (CO2eq) (AR5),kilotonnes,47044.6376,48741.7567,48587.338,50567.0193,53069.5219,55980.1997,47128.5886,45782.2821,50907.8491,47957.5142,48811.7179,47619.3349,48453.8421,51739.5252,51148.2686,50295.3671,45869.7822,52193.3362,51724.277,51856.1175,51856.1175
South America,Forestland,Emissions (CO2),kilotonnes,-448224.4556,-608803.1421,-608803.1421,-608803.1421,-608803.1421,-608803.1421,-608803.1421,-608803.1421,-608803.1421,-608803.1421,-608803.1421,-658546.699,-658546.699,-658546.699,-658546.699,-658546.699,-362324.9293,-362324.9293,-362324.9293,-362324.9293,-362324.9293
South America,Forestland,Emissions (CO2eq) (AR5),kilotonnes,-448224.4556,-608803.1421,-608803.1421,-608803.1421,-608803.1421,-608803.1421,-608803.1421,-608803.1421,-608803.1421,-608803.1421,-608803.1421,-658546.699,-658546.699,-658546.699,-658546.699,-658546.699,-362324.9293,-362324.9293,-362324.9293,-362324.9293,-362324.9293
South America,Net Forest conversion,Emissions (CO2),kilotonnes,1957155.759,2137755.047,2137755.047,2137755.047,2137755.047,2137755.047,2137755.047,2137755.047,2137755.047,2137755.047,2137755.047,1312436.386,1312436.386,1312436.386,1312436.386,1312436.386,1085941.537,1085941.537,1085941.537,1085941.537,1085941.537
South America,Net Forest conversion,Emissions (CO2eq) (AR5),kilotonnes,1957155.759,2137755.047,2137755.047,2137755.047,2137755.047,2137755.047,2137755.047,2137755.047,2137755.047,2137755.047,2137755.047,1312436.386,1312436.386,1312436.386,1312436.386,1312436.386,1085941.537,1085941.537,1085941.537,1085941.537,1085941.537
South America,Savanna fires,Emissions (CH4),kilotonnes,277.1925,424.3657,497.393,446.1642,469.3262,489.4698,323.4465,678.3375,375.2387,247.686,648.2012,316.4087,447.6017,264.524,328.4341,370.766,363.1174,444.6161,253.7328,409.7192,497.9437
South America,Savanna fires,Emissions (N2O),kilotonnes,25.3089,38.7464,45.4141,40.7367,42.8515,44.6907,29.5321,61.9352,34.2609,22.6148,59.1836,28.8895,40.868,24.1522,29.9875,33.8526,33.1542,40.5954,23.1669,37.4091,45.4644
South America,Savanna fires,Emissions (CO2eq) from CH4 (AR5),kilotonnes,7761.3888,11882.2388,13927.0042,12492.5986,13141.1339,13705.1535,9056.5023,18993.4494,10506.684,6935.2091,18149.6331,8859.4425,12532.8475,7406.6716,9196.1538,10381.4493,10167.2861,12449.2516,7104.5182,11472.1384,13942.4227
South America,Savanna fires,Emissions (CO2eq) from N2O (AR5),kilotonnes,6706.8519,10267.8042,12034.7482,10795.2347,11355.6537,11843.0402,7825.9993,16412.8177,9079.1454,5992.9252,15683.6503,7655.7139,10830.0149,6400.3304,7946.6764,8970.9263,8785.8613,10757.7772,6139.2304,9913.4239,12048.0718
South America,Savanna fires,Emissions (CO2eq) (AR5),kilotonnes,14468.2407,22150.0431,25961.7523,23287.8333,24496.7876,25548.1937,16882.5016,35406.267,19585.8295,12928.1343,33833.2834,16515.1563,23362.8624,13807.002,17142.8302,19352.3757,18953.1474,23207.0288,13243.7486,21385.5623,25990.4946
South America,Fires in organic soils,Emissions (CH4),kilotonnes,0,0,0,0,0,0,0,0,0,0,0,0,0,0,0,0,0,0,0,0,0
South America,Fires in organic soils,Emissions (CO2),kilotonnes,0,0,0,0,0,0,0,0,0,0,0,0,0,0,0,0,0,0,0,0,0
South America,Fires in organic soils,Emissions (CO2eq) from CH4 (AR5),kilotonnes,0,0,0,0,0,0,0,0,0,0,0,0,0,0,0,0,0,0,0,0,0
South America,Fires in organic soils,Emissions (CO2eq) (AR5),kilotonnes,0,0,0,0,0,0,0,0,0,0,0,0,0,0,0,0,0,0,0,0,0
South America,Forest fires,Emissions (CH4),kilotonnes,340.581,185.5855,437.443,361.1417,607.1991,527.4545,345.0031,737.2728,251.634,118.185,898.5689,203.9058,275.6897,124.1601,158.4754,325.4313,308.6926,399.0697,172.6276,565.9765,631.3076
South America,Forest fires,Emissions (N2O),kilotonnes,10.363,16.9448,39.9405,32.9738,55.4399,48.1589,31.5003,67.3162,22.9753,10.7908,82.0433,18.6175,25.1717,11.3364,14.4695,29.7133,28.185,36.4368,15.7616,51.6761,57.6411
South America,Forest fires,Emissions (CO2eq) from CH4 (AR5),kilotonnes,9536.2679,5196.3938,12248.405,10111.9674,17001.5737,14768.7246,9660.0858,20643.6373,7045.7533,3309.1795,25159.9301,5709.3614,7719.3103,3476.4823,4437.3125,9112.0772,8643.3915,11173.9513,4833.572,15847.3408,17676.6122
South America,Forest fires,Emissions (CO2eq) from N2O (AR5),kilotonnes,2746.1969,4490.362,10584.2195,8738.0588,14691.5773,12762.1044,8347.5741,17838.7953,6088.4499,2859.5627,21741.4613,4933.633,6670.491,3004.1342,3834.4168,7874.0233,7469.0177,9655.7514,4176.8367,13694.1695,15274.8985
South America,Forest fires,Emissions (CO2eq) (AR5),kilotonnes,12282.4648,9686.7559,22832.6245,18850.0263,31693.151,27530.829,18007.6598,38482.4326,13134.2032,6168.7422,46901.3914,10642.9944,14389.8013,6480.6164,8271.7293,16986.1005,16112.4092,20829.7028,9010.4087,29541.5102,32951.5107
South America,Fires in humid tropical forests,Emissions (CH4),kilotonnes,276.1192,166.4788,403.7533,332.976,586.7629,501.1919,321.2042,681.1796,216.8626,101.315,855.4872,184.2393,256.757,112.1835,148.3013,303.338,293.1521,359.2502,161.8127,503.5422,586.4676
South America,Fires in humid tropical forests,Emissions (N2O),kilotonnes,8.1212,15.2002,36.8644,30.4022,53.574,45.761,29.3273,62.1947,19.8005,9.2505,78.1097,16.8218,23.443,10.2428,13.5406,27.6961,26.7661,32.8011,14.7742,45.9756,53.547
South America,Fires in humid tropical forests,Emissions (CO2eq) from CH4 (AR5),kilotonnes,7731.3373,4661.4071,11305.0926,9323.3287,16429.3618,14033.3724,8993.7163,19073.03,6072.1529,2836.8199,23953.6427,5158.7004,7189.197,3141.1384,4152.4374,8493.4636,8208.2598,10059.0066,4530.755,14099.1821,16421.0934
South America,Fires in humid tropical forests,Emissions (CO2eq) from N2O (AR5),kilotonnes,2152.1058,4028.0637,9769.0746,8056.5721,14197.1116,12126.6642,7771.744,16481.5857,5247.1321,2451.3824,20699.0717,4457.79,6212.4039,2714.3533,3588.2476,7339.4604,7093.0071,8692.2938,3915.1633,12183.5324,14189.9665
South America,Fires in humid tropical forests,Emissions (CO2eq) (AR5),kilotonnes,9883.4432,8689.4708,21074.1672,17379.9009,30626.4734,26160.0365,16765.4603,35554.6157,11319.2851,5288.2024,44652.7144,9616.4905,13401.6009,5855.4916,7740.685,15832.9239,15301.2668,18751.3004,8445.9182,26282.7145,30611.0599
South America,Waste - agri-food systems,Emissions (CH4),kilotonnes,4105.9505,4155.6872,3982.9885,4025.39,4058.9764,4139.6071,4220.9357,4211.4983,4616.7553,4628.407,4742.0071,4928.3948,4884.1477,4664.2922,4601.1306,4542.9608,4521.463,4498.6961,4474.9413,4442.8559,4403.1416
South America,Waste - agri-food systems,Emissions (N2O),kilotonnes,9.9809,10.1771,10.2212,10.6266,10.6758,10.9517,11.3282,11.691,12.1599,12.1839,12.5962,13.0383,13.5826,13.4455,12.9736,12.8129,12.8707,13.3608,13.7904,14.1618,14.5296
South America,Waste - agri-food systems,Emissions (CO2),kilotonnes,33.5135,33.3918,33.1744,33.2942,33.5347,33.844,34.087,34.3592,34.6006,34.568,34.8869,35.1052,35.0976,35.1214,35.1114,34.8456,34.8318,34.9912,34.9252,34.8792,34.6134
South America,Waste - agri-food systems,Emissions (CO2eq) from CH4 (AR5),kilotonnes,114966.6141,116359.2406,111523.6772,112710.92,113651.3382,115909,118186.1999,117921.9531,129269.1473,129595.3961,132776.1983,137995.0531,136756.1343,130600.1806,128831.6571,127202.9017,126600.9645,125963.4903,125298.356,124399.9638,123287.964
South America,Waste - agri-food systems,Emissions (CO2eq) from N2O (AR5),kilotonnes,2644.9265,2696.9347,2708.6302,2816.0406,2829.0937,2902.2075,3001.9809,3098.1097,3222.3603,3228.7417,3338.0058,3455.1463,3599.3989,3563.0599,3438.0149,3395.4081,3410.7472,3540.6068,3654.4671,3752.8858,3850.3449
South America,Waste - agri-food systems,Emissions (CO2eq) (AR5),kilotonnes,117645.0541,119089.5672,114265.4818,115560.2548,116513.9666,118845.0516,121222.2678,121054.4221,132526.1083,132858.7058,136149.091,141485.3046,140390.6308,134198.3619,132304.7833,130633.1554,130046.5435,129539.0883,128987.7483,128187.7289,127172.9223
South America,Fertilizers Manufacturing,Emissions (N2O),kilotonnes,3.8975,3.8633,3.9287,3.6698,3.4444,3.9381,3.486,3.5684,3.3957,3.5206,3.3119,3.4551,3.5232,3.1678,3.3889,3.3082,3.4621,3.1249,3.2237,2.7606,2.8272
South America,Fertilizers Manufacturing,Emissions (CO2),kilotonnes,14587.4256,14432.3663,13445.9829,13754.3511,13708.372,13223.3325,14088.0467,13082.8696,13347.0553,12107.4495,12049.7136,13692.6822,13495.9739,12454.7748,11911.8156,10780.7735,11121.7878,10438.451,9779.0211,7890.2609,7052.498
South America,Fertilizers Manufacturing,Emissions (CO2eq) from N2O (AR5),kilotonnes,1032.8375,1023.7745,1041.1055,972.497,912.766,1043.5965,923.79,945.626,899.8605,932.959,877.6535,915.6015,933.648,839.467,898.0585,876.673,917.4565,828.0985,854.2805,731.559,749.218
South America,Fertilizers Manufacturing,Emissions (CO2eq) (AR5),kilotonnes,15620.2631,15456.1408,14487.0884,14726.8481,14621.138,14266.929,15011.8367,14028.4956,14246.9158,13040.4085,12927.3671,14608.2837,14429.6219,13294.2418,12809.8741,11657.4465,12039.2443,11266.5495,10633.3016,8621.8199,7801.716
South America,On-farm electricity use,Emissions (CH4),kilotonnes,22.3133,22.4623,23.3913,24.9471,26.5852,27.5421,29.1751,30.1863,31.7983,32.7116,33.4306,38.8388,42.1717,41.4735,45.1648,45.9794,47.9013,50.9244,54.6229,56.5146,56.5146
South America,On-farm electricity use,Emissions (N2O),kilotonnes,0.1192,0.1199,0.1249,0.1333,0.1419,0.1471,0.1559,0.1612,0.1697,0.1747,0.1786,0.2074,0.2251,0.2216,0.2413,0.2456,0.2559,0.2721,0.2919,0.302,0.302
South America,On-farm electricity use,Emissions (CO2),kilotonnes,2431.673,2721.1314,2571.3762,2629.4947,3055.5629,3403.5028,3592.8147,3571.0762,4189.2592,4096.1252,4725.3262,4816.9315,5988.3081,5372.8933,5691.7584,5858.2083,6020.9174,6809.0565,7376.802,7713.8106,7713.8106
South America,On-farm electricity use,Emissions (CO2eq) from CH4 (AR5),kilotonnes,624.7724,628.9444,654.9564,698.5188,744.3856,771.1788,816.9028,845.2164,890.3524,915.9248,936.0568,1087.4864,1180.8076,1161.258,1264.6144,1287.4232,1341.2364,1425.8832,1529.4412,1582.4088,1582.4088
South America,On-farm electricity use,Emissions (CO2eq) from N2O (AR5),kilotonnes,31.588,31.7735,33.0985,35.3245,37.6035,38.9815,41.3135,42.718,44.9705,46.2955,47.329,54.961,59.6515,58.724,63.9445,65.084,67.8135,72.1065,77.3535,80.03,80.03
South America,On-farm electricity use,Emissions (CO2eq) (AR5),kilotonnes,3088.0334,3381.8493,3259.4311,3363.338,3837.552,4213.6631,4451.031,4459.0106,5124.5821,5058.3455,5708.712,5959.3789,7228.7672,6592.8753,7020.3173,7210.7155,7429.9673,8307.0462,8983.5967,9376.2494,9376.2494
South America,Food Processing,Emissions (CH4),kilotonnes,8.0559,7.7571,5.2095,5.3417,5.7061,78.0647,72.572,8.9661,22.0758,21.6175,22.3523,24.1902,19.5025,8.8494,8.7325,8.5807,48.9791,49.397,45.9,47.2626,47.7051
South America,Food Processing,Emissions (N2O),kilotonnes,0.0124,0.0143,0.0124,0.0131,0.0144,0.0396,0.0348,0.0461,0.0972,0.1004,0.109,0.1104,0.0976,0.1317,0.1316,0.1214,0.3191,0.3394,0.3212,0.3218,0.3265
South America,Food Processing,Emissions (CO2),kilotonnes,3046.7477,3494.7155,3243.4862,3316.2303,2977.1572,5481.7967,5368.0455,8027.9591,9826.8558,11376.1293,12056.7501,10810.6652,9471.14,13947.4038,13696.9902,12904.9395,19332.679,20140.6044,19420.1144,19012.4398,17057.0399
South America,Food Processing,Emissions (CO2eq) from CH4 (AR5),kilotonnes,225.5652,217.1988,145.866,149.5676,159.7708,2185.8116,2032.016,251.0508,618.1224,605.29,625.8644,677.3256,546.07,247.7832,244.51,240.2596,1371.4148,1383.116,1285.2,1323.3528,1335.7425
South America,Food Processing,Emissions (CO2eq) from N2O (AR5),kilotonnes,3.286,3.7895,3.286,3.4715,3.816,10.494,9.222,12.2165,25.758,26.606,28.885,29.256,25.864,34.9005,34.874,32.171,84.5615,89.941,85.118,85.277,86.5224
South America,Food Processing,Emissions (CO2eq) (AR5),kilotonnes,3275.5989,3715.7038,3392.6382,3469.2694,3140.744,7678.1023,7409.2835,8291.2264,10470.7362,12008.0253,12711.4995,11517.2468,10043.074,14230.0875,13976.3742,13177.3701,20788.6553,21613.6614,20790.4324,20421.0696,18479.3049
South America,Food Packaging,Emissions (CH4),kilotonnes,15.4928,15.2479,15.914,16.6911,18.2207,18.8838,19.8741,20.7201,21.9337,21.2957,21.227,22.3715,24.2397,24.299,23.5333,23.9381,26.1084,24.8831,25.2799,26.7927,26.9076
South America,Food Packaging,Emissions (N2O),kilotonnes,0.0897,0.0946,0.0972,0.1004,0.1056,0.1101,0.1128,0.1187,0.1256,0.1279,0.1337,0.1338,0.1395,0.1572,0.1551,0.1526,0.1563,0.1548,0.1501,0.1635,0.1658
South America,Food Packaging,Emissions (CO2),kilotonnes,5955.7589,6123.5807,6286.7403,6256.2229,6247.2401,6422.2017,6489.0033,6675.8742,7618.5397,7921.9788,8549.4451,8231.6809,9227.7518,9828.2402,9728.7303,9253.9472,9413.6159,9555.3316,9059.7516,10236.795,9154.8383
South America,Food Packaging,Emissions (CO2eq) from CH4 (AR5),kilotonnes,433.7984,426.9412,445.592,467.3508,510.1796,528.7464,556.4748,580.1628,614.1436,596.2796,594.356,626.402,678.7116,680.372,658.9324,670.2668,731.0352,696.7268,707.8372,750.1956,753.4115
South America,Food Packaging,Emissions (CO2eq) from N2O (AR5),kilotonnes,23.7705,25.069,25.758,26.606,27.984,29.1765,29.892,31.4555,33.284,33.8935,35.4305,35.457,36.9675,41.658,41.1015,40.439,41.4195,41.022,39.7765,43.3275,43.9349
South America,Food Packaging,Emissions (CO2eq) (AR5),kilotonnes,6413.3278,6575.5909,6758.0903,6750.1797,6785.4037,6980.1246,7075.3701,7287.4925,8265.9673,8552.1519,9179.2316,8893.5399,9943.4309,10550.2702,10428.7642,9964.653,10186.0706,10293.0804,9807.3653,11030.3181,9952.1846
South America,Food Retail,Emissions (CH4),kilotonnes,25.1323,23.8032,24.0538,24.9777,25.443,26.8994,27.7151,34.2422,39.9064,41.638,43.4844,45.2021,47.759,50.2799,52.8761,53.4604,52.6316,53.9046,53.9127,57.009,57.3742
South America,Food Retail,Emissions (N2O),kilotonnes,0.1282,0.1256,0.128,0.1338,0.137,0.1519,0.1509,0.1938,0.219,0.2276,0.239,0.2485,0.2601,0.277,0.2902,0.294,0.2893,0.2963,0.2962,0.3127,0.3171
South America,Food Retail,Emissions (CO2),kilotonnes,3026.3859,3209.3813,3138.2029,3222.8238,3173.8239,3327.583,3532.3734,6854.5428,7565.2059,7361.0718,8428.4532,8287.178,9601.8181,9309.3439,9435.48,9609.1919,9411.0857,9732.9604,9777.7646,10532.2286,9453.241
South America,Food Retail,Emissions (CO2eq) from F-gases (AR5),kilotonnes,641.5825,953.2825,1302.906,1896.175,2527.887,2824.5215,3257.265,3687.9305,3735.7245,3761.18,3774.687,3782.999,3788.7135,3792.8695,3792.8695,3792.8695,4158.5975,4253.1465,4347.6955,4442.2445,4511.7931
South America,Food Retail,Emissions (CO2eq) from CH4 (AR5),kilotonnes,703.7054,666.4886,673.507,699.3761,712.4031,753.1819,776.0216,958.7816,1117.3792,1165.864,1217.5632,1265.6588,1337.252,1407.8372,1480.5308,1496.8912,1473.6848,1509.3288,1509.5556,1596.252,1606.4768
South America,Food Retail,Emissions (CO2eq) from N2O (AR5),kilotonnes,33.9661,33.2948,33.9087,35.4656,36.3117,40.2443,39.98,51.357,58.035,60.314,63.335,65.8525,68.9265,73.405,76.903,77.91,76.6645,78.5195,78.493,82.8655,84.019
South America,Food Retail,Emissions (CO2eq) (AR5),kilotonnes,4405.6399,4862.4473,5148.5246,5853.8404,6450.4256,6945.5306,7605.6401,11552.6119,12476.3446,12348.4298,13484.0384,13401.6883,14796.7101,14583.4556,14785.7833,14976.8626,15120.0325,15573.9552,15713.5087,16653.5906,15655.53
South America,Food Household Consumption,Emissions (CH4),kilotonnes,78.9363,75.5853,74.7538,77.516,80.6373,85.5403,89.6218,95.1295,98.3448,102.8706,109.3579,113.9127,121.896,128.1667,135.5154,135.9961,138.715,134.5099,137.5057,140.2587,141.3557
South America,Food Household Consumption,Emissions (N2O),kilotonnes,0.4526,0.4345,0.4292,0.4418,0.4568,0.4831,0.5061,0.5365,0.5517,0.575,0.6122,0.6368,0.6765,0.7124,0.7511,0.7541,0.7691,0.7463,0.7618,0.7762,0.7872
South America,Food Household Consumption,Emissions (CO2),kilotonnes,28936.8028,29253.9432,27572.0651,27213.2921,28692.0373,29904.5751,30004.5171,31337.5244,32526.7919,32141.8731,35301.7778,34746.9527,38997.9245,38009.8491,38822.759,38838.9456,39864.5709,38408.7307,38494.9692,38438.4927,34667.1878
South America,Food Household Consumption,Emissions (CO2eq) from CH4 (AR5),kilotonnes,2210.2164,2116.3884,2093.1064,2170.448,2257.8444,2395.1284,2509.4104,2663.626,2753.6544,2880.3768,3062.0212,3189.5556,3413.088,3588.6676,3794.4312,3807.8908,3884.02,3766.2772,3850.1596,3927.2436,3957.9607
South America,Food Household Consumption,Emissions (CO2eq) from N2O (AR5),kilotonnes,119.939,115.1425,113.738,117.077,121.052,128.0215,134.1165,142.1725,146.2005,152.375,162.233,168.752,179.2725,188.786,199.0415,199.8365,203.8115,197.7695,201.877,205.693,208.6046
South America,Food Household Consumption,Emissions (CO2eq) (AR5),kilotonnes,31266.9582,31485.4741,29778.9095,29500.8171,31070.9337,32427.725,32648.044,34143.3229,35426.6468,35174.6249,38526.032,38105.2603,42590.285,41787.3027,42816.2317,42846.6729,43952.4024,42372.7774,42547.0058,42571.4293,38833.7532
South America,Food Transport,Emissions (CH4),kilotonnes,5.6955,5.525,5.4997,5.8499,6.1142,6.3274,6.495,6.6317,6.9309,6.8677,7.461,7.8451,8.6475,8.5871,8.9424,8.8223,8.8205,8.7929,8.5472,9.0946,9.1575
South America,Food Transport,Emissions (N2O),kilotonnes,0.7282,0.758,0.7528,0.7945,0.841,0.8699,0.884,0.9132,0.9612,0.9622,1.099,1.1767,1.2886,1.2702,1.314,1.2701,1.2748,1.2944,1.244,1.3416,1.3594
South America,Food Transport,Emissions (CO2),kilotonnes,27235.7385,27359.0944,27069.5924,27354.9499,29239.3162,30016.0337,30689.909,31972.1744,33389.583,33050.462,36130.0828,38686.6673,41847.5234,41817.984,43091.8768,41895.6112,42100.5918,42577.5905,41104.9901,44259.7524,39736.632
South America,Food Transport,Emissions (CO2eq) from CH4 (AR5),kilotonnes,159.474,154.7,153.9916,163.7972,171.1976,177.1672,181.86,185.6876,194.0652,192.2956,208.908,219.6628,242.13,240.4388,250.3872,247.0244,246.974,246.2012,239.3216,254.6488,256.4103
South America,Food Transport,Emissions (CO2eq) from N2O (AR5),kilotonnes,192.973,200.87,199.492,210.5425,222.865,230.5235,234.26,241.998,254.718,254.983,291.235,311.8255,341.479,336.603,348.21,336.5765,337.822,343.016,329.66,355.524,360.2368
South America,Food Transport,Emissions (CO2eq) (AR5),kilotonnes,27588.1855,27714.6644,27423.076,27729.2896,29633.3788,30423.7244,31106.029,32399.86,33838.3662,33497.7406,36630.2258,39218.1556,42431.1324,42395.0258,43690.474,42479.2121,42685.3878,43166.8077,41673.9717,44869.9252,40353.2791
South America,Energy,Emissions (CH4),kilotonnes,4556.028,4412.667,4420.641,4521.677,4762.502,4891.357,4841.911,4816.943,4984.203,4780.859,4971.066,5134.981,5199.084,5235.357,5288.653,5254.987,5178.589,5127.453,5125.044,5326.254,5371.946
South America,Energy,Emissions (N2O),kilotonnes,29.5589,30.3588,30.8217,32.4937,34.1758,35.3081,35.8105,37.1952,40.3264,39.6509,41.8048,41.816,44.3767,44.4678,45.6938,45.5406,44.6417,44.3498,43.0471,47.6224,48.3541
South America,Energy,Emissions (CO2),kilotonnes,776370,792580,804570,809060,816020,850520,861860,876550,939630,918980,1006420,1024590,1084180,1110010,1147890,1103940,1101100,1074390,1046360,1028810,925970
South America,Energy,Emissions (CO2eq) from CH4 (AR5),kilotonnes,127568.784,123554.676,123777.948,126606.956,133350.056,136957.996,135573.508,134874.404,139557.684,133864.052,139189.848,143779.468,145574.352,146589.996,148082.284,147139.636,145000.492,143568.684,143501.232,149135.112,150414.488
South America,Energy,Emissions (CO2eq) from N2O (AR5),kilotonnes,7833.1085,8045.082,8167.7505,8610.8305,9056.587,9356.6465,9489.7825,9856.728,10686.496,10507.4885,11078.272,11081.24,11759.8255,11783.967,12108.857,12068.259,11830.0505,11752.697,11407.4815,12619.936,12813.8365
South America,Energy,Emissions (CO2eq) (AR5),kilotonnes,911771.8925,924179.758,936515.6985,944277.7865,958426.643,996834.6425,1006923.291,1021281.132,1089874.18,1063351.541,1156688.12,1179450.708,1241514.178,1268383.963,1308081.141,1263147.895,1257930.543,1229711.381,1201268.714,1190565.048,1089198.325
South America,IPPU,Emissions (CH4),kilotonnes,12.4049,12.2647,14.1707,16.4854,15.4014,14.3542,14.101,13.9888,13.0438,11.4592,12.3392,11.9191,11.5016,10.8169,10.6824,10.7932,11.1543,11.134,11.8281,10.3224,10.2999
South America,IPPU,Emissions (N2O),kilotonnes,30.7565,27.766,14.5472,13.7606,14.955,14.6206,15.2422,16.2205,15.2722,11.1387,11.1423,11.288,10.2947,10.3324,10.2083,10.335,10.2718,10.7584,10.7742,8.8615,8.4893
South America,IPPU,Emissions (CO2),kilotonnes,62086.15,60784.28,61029.16,63065.96,64569.48,66833.37,71844.05,74039.6,75459.17,73149.53,78399.74,80456.87,83435.28,86152.18,84938.19,82864.8,78097,76012.9,76775.8,76740.7,77430.6
South America,IPPU,Emissions (CO2eq) from F-gases (AR5),kilotonnes,32084.6193,24062.3985,18800.153,23568.4556,34869.8642,39687.7399,42707.4721,46067.9112,48781.1958,50938.0925,53829.7912,54343.8591,57590.4912,60189.8667,62731.7726,65318.2713,69470.1948,73125.5041,76253.5258,78097.913,80819.7937
South America,IPPU,Emissions (CO2eq) from CH4 (AR5),kilotonnes,347.337,343.4108,396.7797,461.5905,431.2391,401.917,394.8269,391.6854,365.2266,320.8564,345.4971,333.7346,322.044,302.8729,299.106,302.2083,312.3196,311.7528,331.1879,289.0266,288.398
South America,IPPU,Emissions (CO2eq) from N2O (AR5),kilotonnes,8150.4592,7357.982,3855.008,3646.5617,3963.0803,3874.4669,4039.1724,4298.4245,4047.1303,2951.7555,2952.7148,2991.3068,2728.0876,2738.086,2705.2074,2738.767,2722.027,2850.9813,2855.1524,2348.2869,2249.6592
South America,IPPU,Emissions (CO2eq) (AR5),kilotonnes,102668.5655,92548.0714,84081.1008,90742.5678,103833.6637,110797.4939,118985.5214,124797.6211,128652.7228,127360.2344,135527.7432,138125.7704,144075.9027,149383.0055,150674.276,151224.0467,150601.5415,152301.1383,156215.666,157475.9266,160788.4509
South America,Waste,Emissions (CH4),kilotonnes,6691.26,6827.6,6993.03,7248.77,7482.76,7287.81,7546.27,7524.51,7443.33,7550.25,7679.1,7736.74,7865.15,8107.86,8266.15,8476.67,8616.67,8718.5,8936.5,8840.7,8969.8
South America,Waste,Emissions (N2O),kilotonnes,16.9125,17.1446,17.3718,17.7209,17.9475,18.3326,18.6608,19.1367,19.7427,20.2402,20.7934,21.2319,21.7303,22.2081,22.3121,22.477,22.4633,22.6352,22.8338,23.7876,24.1894
South America,Waste,Emissions (CO2),kilotonnes,273.0084,277.8924,282.7553,287.7393,292.6178,296.4978,301.3357,305.1637,310.0207,313.8402,318.6776,322.4923,327.517,331.3685,335.2285,340.0885,343.84,347.601,351.545,356.4498,361.3654
South America,Waste,Emissions (CO2eq) from CH4 (AR5),kilotonnes,187355.28,191172.8,195804.84,202965.56,209517.28,204058.68,211295.56,210686.28,208413.24,211407,215014.8,216628.72,220224.2,227020.08,231452.2,237346.76,241266.76,244118,250222,247539.6,251154.4
South America,Waste,Emissions (CO2eq) from N2O (AR5),kilotonnes,4481.8125,4543.319,4603.527,4696.0385,4756.0875,4858.139,4945.112,5071.2255,5231.8155,5363.653,5510.251,5626.4535,5758.5295,5885.1465,5912.7065,5956.405,5952.7745,5998.328,6050.957,6303.714,6410.191
South America,Waste,Emissions (CO2eq) (AR5),kilotonnes,192110.1009,195994.0114,200691.1223,207949.3378,214565.9853,209213.3168,216542.0077,216062.6692,213955.0762,217084.4932,220843.7286,222577.6658,226310.2465,233236.595,237700.135,243643.2535,247563.3745,250463.929,256624.502,254199.7638,257925.9564
South America,Other,Emissions (N2O),kilotonnes,24.2083,24.3719,24.6627,24.8845,26.4773,26.8765,27.9983,29.6812,31.5903,30.6695,33.1707,33.6533,35.633,36.457,37.349,36.715,36.108,35.6608,34.3807,38.79,39.549
South America,Other,Emissions (CO2eq) from N2O (AR5),kilotonnes,6415.1995,6458.5535,6535.6155,6594.3925,7016.4845,7122.2725,7419.5495,7865.518,8371.4295,8127.4175,8790.2355,8918.1245,9442.745,9661.105,9897.485,9729.475,9568.62,9450.112,9110.8855,10279.35,10480.485
South America,Other,Emissions (CO2eq) (AR5),kilotonnes,6415.1995,6458.5535,6535.6155,6594.3925,7016.4845,7122.2725,7419.5495,7865.518,8371.4295,8127.4175,8790.2355,8918.1245,9442.745,9661.105,9897.485,9729.475,9568.62,9450.112,9110.8855,10279.35,10480.485
South America,Farm-gate emissions,Emissions (CH4),kilotonnes,19808.1159,20351.1861,21147.7153,22044.1166,22766.379,23087.7753,22920.0401,22984.394,22875.8804,22872.8084,23089.5824,22855.0105,23055.4826,22933.0829,23066.5327,23127.3779,23295.1299,23373.6242,23158.5435,23511.4225,23886.7006
South America,Farm-gate emissions,Direct emissions (N2O),kilotonnes,518.602,534.1927,556.4326,590.4563,613.6322,610.9944,618.3432,635.9242,637.665,623.0114,645.0459,662.48,654.8248,671.766,684.7972,672.3267,681.4397,707.6663,704.9895,724.8056,752.3531
South America,Farm-gate emissions,Indirect emissions (N2O),kilotonnes,130.6533,134.496,139.7585,148.1553,154.3331,152.8985,155.2099,160.9283,160.9717,156.8536,163.7446,169.0761,166.3646,171.0969,174.8571,169.6461,172.1699,179.38,178.9176,184.2523,192.5235
South America,Farm-gate emissions,Emissions (N2O),kilotonnes,713.8642,748.2161,782.1062,820.7628,853.5204,853.7797,847.1034,903.6983,880.8964,850.776,916.9662,909.6675,911.7524,916.7669,940.2578,927.0609,936.3181,979.7489,959.2134,999.1007,1043.5114
South America,Farm-gate emissions,Emissions (CO2),kilotonnes,61196.9912,62795.7842,62699.9185,64503.4924,67645.5446,70061.1216,61814.3926,60416.157,65022.5044,62147.4938,63075.2295,61974.8104,62703.8291,65724.3373,65257.2104,64391.5068,60445.8157,66336.6496,66034.3446,66192.6845,66224.3813
South America,Farm-gate emissions,Emissions (CO2eq) from CH4 (AR5),kilotonnes,554627.2465,569833.2102,592136.0285,617235.2639,637458.6125,646457.7086,641761.1229,643563.0321,640524.6502,640438.6357,646508.3081,639940.295,645553.5128,642126.3214,645862.9147,647566.5823,652263.6383,654461.4765,648439.2183,658319.8297,668827.6174
South America,Farm-gate emissions,Emissions (CO2eq) from N2O (AR5),kilotonnes,189174.0213,198277.2597,207258.1325,217502.1493,226182.8947,226251.6254,224482.3967,239480.0452,233437.542,225455.6507,242996.0365,241061.8828,241614.3962,242943.2357,249168.3253,245671.1469,248124.296,259633.4524,254191.5457,264761.6802,276530.5314
South America,Farm-gate emissions,Emissions (CO2eq) (AR5),kilotonnes,804998.259,830906.2541,862094.0796,899240.9056,931287.0518,942770.4556,928057.9121,943459.2342,938984.6966,928041.7802,952579.5741,942976.9881,949871.738,950793.8945,960288.4504,957629.236,960833.75,980431.5785,968665.1085,989274.1944,1011582.53
South America,Land Use change,Emissions (CH4),kilotonnes,276.1192,166.4788,403.7533,332.976,586.7629,501.1919,321.2042,681.1796,216.8626,101.315,855.4872,184.2393,256.757,112.1835,148.3013,303.338,293.1521,359.2502,161.8127,503.5422,586.4676
South America,Land Use change,Emissions (N2O),kilotonnes,8.1212,15.2002,36.8644,30.4022,53.574,45.761,29.3273,62.1947,19.8005,9.2505,78.1097,16.8218,23.443,10.2428,13.5406,27.6961,26.7661,32.8011,14.7742,45.9756,53.547
South America,Land Use change,Emissions (CO2),kilotonnes,1957155.759,2137755.047,2137755.047,2137755.047,2137755.047,2137755.047,2137755.047,2137755.047,2137755.047,2137755.047,2137755.047,1312436.386,1312436.386,1312436.386,1312436.386,1312436.386,1085941.537,1085941.537,1085941.537,1085941.537,1085941.537
South America,Land Use change,Emissions (CO2eq) from CH4 (AR5),kilotonnes,7731.3373,4661.4071,11305.0926,9323.3287,16429.3618,14033.3724,8993.7163,19073.03,6072.1529,2836.8199,23953.6427,5158.7004,7189.197,3141.1384,4152.4374,8493.4636,8208.2598,10059.0066,4530.755,14099.1821,16421.0934
South America,Land Use change,Emissions (CO2eq) from N2O (AR5),kilotonnes,2152.1058,4028.0637,9769.0746,8056.5721,14197.1116,12126.6642,7771.744,16481.5857,5247.1321,2451.3824,20699.0717,4457.79,6212.4039,2714.3533,3588.2476,7339.4604,7093.0071,8692.2938,3915.1633,12183.5324,14189.9665
South America,Land Use change,Emissions (CO2eq) (AR5),kilotonnes,1967039.202,2146444.518,2158829.215,2155134.948,2168381.521,2163915.084,2154520.508,2173309.663,2149074.332,2143043.25,2182407.762,1322052.876,1325837.987,1318291.877,1320177.071,1328269.31,1101242.803,1104692.837,1094387.455,1112224.251,1116552.596
South America,Emissions on agricultural land,Emissions (CH4),kilotonnes,20084.2351,20517.6649,21551.4686,22377.0926,23353.1419,23588.9672,23241.2443,23665.5736,23092.743,22974.1234,23945.0697,23039.2498,23312.2396,23045.2664,23214.834,23430.7159,23588.2821,23732.8744,23320.3562,24014.9647,24473.1682
South America,Emissions on agricultural land,Emissions (N2O),kilotonnes,721.9854,763.4163,818.9706,851.165,907.0944,899.5407,876.4307,965.8929,900.6969,860.0265,995.0759,926.4893,935.1955,927.0098,953.7984,954.757,963.0842,1012.55,973.9876,1045.0763,1097.0585
South America,Emissions on agricultural land,Emissions (CO2),kilotonnes,2018352.75,2200550.832,2200454.966,2202258.54,2205400.592,2207816.169,2199569.44,2198171.204,2202777.552,2199902.541,2200830.277,1374411.196,1375140.215,1378160.723,1377693.596,1376827.893,1146387.352,1152278.186,1151975.881,1152134.221,1152165.918
South America,Emissions on agricultural land,Emissions (CO2eq) from CH4 (AR5),kilotonnes,562358.5838,574494.6173,603441.1212,626558.5926,653887.9743,660491.081,650754.8392,662636.0621,646596.8031,643275.4556,670461.9509,645098.9954,652742.7097,645267.4598,650015.3521,656060.0458,660471.8981,664520.4832,652969.9732,672419.0118,685248.7108
South America,Emissions on agricultural land,Emissions (CO2eq) from N2O (AR5),kilotonnes,191326.1271,202305.3234,217027.2071,225558.7214,240380.0063,238378.2896,232254.1407,255961.6309,238684.6741,227907.0332,263695.1082,245519.6728,247826.8001,245657.5889,252756.5729,253010.6073,255217.3031,268325.7462,258106.7089,276945.2126,290720.4979
South America,Emissions on agricultural land,Emissions (CO2eq) (AR5),kilotonnes,2772037.461,2977350.772,3020923.294,3054375.854,3099668.573,3106685.539,3082578.42,3116768.897,3088059.029,3071085.03,3134987.336,2265029.864,2275709.725,2269085.772,2280465.521,2285898.546,2062076.553,2085124.416,2063052.563,2101498.446,2128135.127
South America,Pre- and post- production,Emissions (CH4),kilotonnes,4261.5766,4306.0679,4131.8106,4180.7135,4221.6828,4382.8648,4466.3888,4407.3742,4837.7452,4855.4081,4979.3203,5180.7552,5148.3641,4925.9478,4875.8951,4819.7378,4844.6189,4821.108,4800.7097,4779.7881,4742.1562
South America,Pre- and post- production,Emissions (N2O),kilotonnes,15.4086,15.5874,15.6944,15.9133,15.817,16.6915,16.6587,17.2289,17.68,17.8723,18.2796,19.007,19.7932,19.3834,19.2458,18.9589,19.3973,19.589,20.0793,20.1402,20.6148
South America,Pre- and post- production,Emissions (CO2),kilotonnes,85254.0459,86627.6047,83360.6205,83780.659,87127.0443,91812.8695,93798.7967,101556.3799,108497.8914,108089.6577,117276.4357,119307.863,128665.5374,130775.6105,132414.5216,129176.4628,137300.0803,137697.7162,135048.3382,138118.6593,124869.861
South America,Pre- and post- production,Emissions (CO2eq) from F-gases (AR5),kilotonnes,641.5825,953.2825,1302.906,1896.175,2527.887,2824.5215,3257.265,3687.9305,3735.7245,3761.18,3774.687,3782.999,3788.7135,3792.8695,3792.8695,3792.8695,4158.5975,4253.1465,4347.6955,4442.2445,4511.7931
South America,Pre- and post- production,Emissions (CO2eq) from CH4 (AR5),kilotonnes,119324.1458,120569.902,115690.6966,117059.9785,118207.1193,122720.2143,125058.8856,123406.4783,135456.8645,135951.4269,139420.9679,145061.1443,144154.1935,137926.5374,136525.0631,134952.6577,135649.3297,134991.0235,134419.8712,133834.0654,132780.3747
South America,Pre- and post- production,Emissions (CO2eq) from N2O (AR5),kilotonnes,4083.2866,4130.6486,4159.0169,4217.0247,4191.4919,4423.2453,4414.5549,4565.6532,4685.1868,4736.1677,4844.1068,5036.8518,5245.2079,5136.6034,5100.1479,5024.0981,5140.2962,5191.0798,5321.0256,5337.1618,5462.9107
South America,Pre- and post- production,Emissions (CO2eq) (AR5),kilotonnes,209303.0608,212281.4378,204513.24,206953.8371,212053.5425,221780.8506,226529.5022,233216.442,252375.6673,252538.4323,265316.1974,273188.8581,281853.6523,277631.6208,277832.6021,272946.088,282248.3037,282132.9661,279136.9305,281732.131,267624.9395
South America,Agri-food systems,Emissions (CH4),kilotonnes,24345.8118,24823.7328,25683.2792,26557.8061,27574.8248,27971.832,27707.633,28072.9479,27930.4881,27829.5315,28924.39,28220.005,28460.6037,27971.2142,28090.7291,28250.4537,28432.901,28553.9824,28121.0659,28794.7528,29215.3245
South America,Agri-food systems,Emissions (N2O),kilotonnes,737.394,779.0037,834.665,867.0783,922.9113,916.2322,893.0894,983.1218,918.3768,877.8989,1013.3555,945.4963,954.9887,946.3932,973.0442,973.7159,982.4815,1032.139,994.0669,1065.2165,1117.6732
South America,Agri-food systems,Emissions (CO2),kilotonnes,2103606.796,2287178.436,2283815.586,2286039.199,2292527.636,2299629.038,2293368.237,2299727.584,2311275.443,2307992.199,2318106.712,1493719.059,1503805.752,1508936.334,1510108.118,1506004.355,1283687.433,1289975.902,1287024.219,1290252.88,1277035.779
South America,Agri-food systems,Emissions (CO2eq) from F-gases (AR5),kilotonnes,641.5825,953.2825,1302.906,1896.175,2527.887,2824.5215,3257.265,3687.9305,3735.7245,3761.18,3774.687,3782.999,3788.7135,3792.8695,3792.8695,3792.8695,4158.5975,4253.1465,4347.6955,4442.2445,4511.7931
South America,Agri-food systems,Emissions (CO2eq) from CH4 (AR5),kilotonnes,681682.7296,695064.5193,719131.8177,743618.5711,772095.0936,783211.2953,775813.7247,786042.5404,782053.6677,779226.8825,809882.9188,790160.1397,796896.9032,783193.9972,786540.4152,791012.7035,796121.2278,799511.5067,787389.8445,806253.0772,818029.0855
South America,Agri-food systems,Emissions (CO2eq) from N2O (AR5),kilotonnes,195409.4137,206435.972,221186.224,229775.7461,244571.4982,242801.5349,236668.6956,260527.2842,243369.8609,232643.2009,268539.215,250556.5246,253072.008,250794.1923,257856.7207,258034.7053,260357.5993,273516.826,263427.7345,282282.3744,296183.4087
South America,Agri-food systems,Emissions (CO2eq) (AR5),kilotonnes,2981340.522,3189632.21,3225436.534,3261329.691,3311722.115,3328466.39,3309107.922,3349985.339,3340434.696,3323623.462,3400303.533,2538218.722,2557563.377,2546717.393,2558298.123,2558844.634,2344324.857,2367257.382,2342189.494,2383230.577,2395760.066
South America,IPCC Agriculture,Emissions (CH4),kilotonnes,19793.0923,20337.8048,21134.599,22030.7032,22753.1587,23075.3193,22909.2494,22972.7622,22865.9397,22863.6152,23079.7086,22844.0625,23045.208,22913.7659,23047.1506,23109.9169,23278.4058,23355.8402,23140.9436,23494.1747,23869.4529
South America,IPCC Agriculture,Direct emissions (N2O),kilotonnes,518.602,534.1927,556.4326,590.4563,613.6322,610.9944,618.3432,635.9242,637.665,623.0114,645.0459,662.48,654.8248,671.766,684.7972,672.3267,681.4397,707.6663,704.9895,724.8056,752.3531
South America,IPCC Agriculture,Indirect emissions (N2O),kilotonnes,130.6533,134.496,139.7585,148.1553,154.3331,152.8985,155.2099,160.9283,160.9717,156.8536,163.7446,169.0761,166.3646,171.0969,174.8571,169.6461,172.1699,179.38,178.9176,184.2523,192.5235
South America,IPCC Agriculture,Emissions (N2O),kilotonnes,703.9149,737.5476,771.4939,809.5477,841.6181,840.0462,835.515,892.034,866.9956,837.0959,903.5455,896.6259,898.3108,903.1222,926.5302,913.1189,923.707,965.1026,944.6857,984.4089,1028.8196
South America,IPCC Agriculture,Emissions (CO2eq) from CH4 (AR5),kilotonnes,554206.584,569458.5331,591768.7724,616859.6901,637088.445,646108.9404,641458.9843,643237.3425,640246.3112,640181.2245,646231.8404,639633.7492,645265.8242,641585.4451,645320.2179,647077.6739,651795.3625,653963.5265,647946.4215,657836.8927,668344.6805
South America,IPCC Agriculture,Emissions (CO2eq) from N2O (AR5),kilotonnes,186537.4433,195450.1241,204445.8919,214530.1347,223028.7941,222612.2513,221411.4698,236389.014,229753.8415,221830.4169,239439.5576,237605.8667,238052.3628,239327.386,245530.5038,241976.496,244782.3605,255752.1813,250341.7033,260868.35,272637.2011
South America,IPCC Agriculture,Emissions (CO2eq) (AR5),kilotonnes,740744.0273,764908.6571,796214.6642,831389.8248,860117.2391,868721.1917,862870.4541,879626.3564,870000.1527,862011.6414,885671.3981,877239.6159,883318.187,880912.8312,890850.7217,889054.1699,896577.723,909715.7077,898288.1247,918705.2427,940981.8816
South America,Agricultural Soils,Direct emissions (N2O),kilotonnes,518.602,534.1927,556.4326,590.4563,613.6322,610.9944,618.3432,635.9242,637.665,623.0114,645.0459,662.48,654.8248,671.766,684.7972,672.3267,681.4397,707.6663,704.9895,724.8056,752.3531
South America,Agricultural Soils,Indirect emissions (N2O),kilotonnes,130.6533,134.496,139.7585,148.1553,154.3331,152.8985,155.2099,160.9283,160.9717,156.8536,163.7446,169.0761,166.3646,171.0969,174.8571,169.6461,172.1699,179.38,178.9176,184.2523,192.5235
South America,Agricultural Soils,Emissions (N2O),kilotonnes,657.0791,676.5146,704.023,746.4415,775.9289,771.8483,781.506,804.8016,806.595,787.82,816.7515,839.5213,829.1499,850.8293,867.6416,849.9582,861.622,895.0843,891.9843,917.1728,952.9933
South America,Agricultural Soils,Emissions (CO2eq) from N2O (AR5),kilotonnes,174125.9667,179276.3602,186566.1046,197806.999,205621.1713,204539.8119,207099.0927,213272.4248,213747.6807,208772.2987,216439.1485,222473.1511,219724.7362,225469.777,229925.0112,225238.9148,228329.833,237197.3419,236375.8499,243050.7868,252543.2247
South America,Agricultural Soils,Emissions (CO2eq) (AR5),kilotonnes,174125.9667,179276.3602,186566.1046,197806.999,205621.1713,204539.8119,207099.0927,213272.4248,213747.6807,208772.2987,216439.1485,222473.1511,219724.7362,225469.777,229925.0112,225238.9148,228329.833,237197.3419,236375.8499,243050.7868,252543.2247
South America,LULUCF,Emissions (CH4),kilotonnes,340.581,185.5855,437.443,361.1417,607.1991,527.4545,345.0031,737.2728,251.634,118.185,898.5689,203.9058,275.6897,124.1601,158.4754,325.4313,308.6926,399.0697,172.6276,565.9765,631.3076
South America,LULUCF,Emissions (N2O),kilotonnes,10.363,16.9448,39.9405,32.9738,55.4399,48.1589,31.5003,67.3162,22.9753,10.7908,82.0433,18.6175,25.1717,11.3364,14.4695,29.7133,28.185,36.4368,15.7616,51.6761,57.6411
South America,LULUCF,Emissions (CO2),kilotonnes,1526140.897,1546207.745,1546243.983,1546235.967,1547052.196,1547020.969,1547010.775,1547002.501,1547028.6,1547024.53,1547048.363,672007.724,671989.3956,672031.2248,672179.1467,672169.3857,742002.852,742139.1418,742269.314,742329.4414,742361.1382
South America,LULUCF,Emissions (CO2eq) from CH4 (AR5),kilotonnes,9536.2679,5196.3938,12248.405,10111.9674,17001.5737,14768.7246,9660.0858,20643.6373,7045.7533,3309.1795,25159.9301,5709.3614,7719.3103,3476.4823,4437.3125,9112.0772,8643.3915,11173.9513,4833.572,15847.3408,17676.6122
South America,LULUCF,Emissions (CO2eq) from N2O (AR5),kilotonnes,2746.1969,4490.362,10584.2195,8738.0588,14691.5773,12762.1044,8347.5741,17838.7953,6088.4499,2859.5627,21741.4613,4933.633,6670.491,3004.1342,3834.4168,7874.0233,7469.0177,9655.7514,4176.8367,13694.1695,15274.8985
South America,LULUCF,Emissions (CO2eq) (AR5),kilotonnes,1538423.362,1555894.501,1569076.607,1565085.993,1578745.347,1574551.798,1565018.434,1585484.933,1560162.803,1553193.272,1593949.755,682650.7184,686379.1969,678511.8412,680450.876,689155.4862,758115.2612,762968.8445,751279.7226,771870.9516,775312.6489
South America,AFOLU,Emissions (CH4),kilotonnes,20133.6733,20523.3902,21572.042,22391.8449,23360.3578,23602.7738,23254.2525,23710.035,23117.5737,22981.8001,23978.2775,23047.9682,23320.8977,23037.926,23205.6261,23435.3483,23587.0984,23754.9099,23313.5712,24060.1512,24500.7605
South America,AFOLU,Emissions (N2O),kilotonnes,714.2779,754.4924,811.4344,842.5215,897.058,888.2051,867.0153,959.3502,889.9709,847.8867,985.5888,915.2434,923.4825,914.4586,940.9997,942.8321,951.892,1001.5394,960.4473,1036.085,1086.4608
South America,AFOLU,Emissions (CO2),kilotonnes,1526140.897,1546207.745,1546243.983,1546235.967,1547052.196,1547020.969,1547010.775,1547002.501,1547028.6,1547024.53,1547048.363,672007.724,671989.3956,672031.2248,672179.1467,672169.3857,742002.852,742139.1418,742269.314,742329.4414,742361.1382
South America,AFOLU,Emissions (CO2eq) from CH4 (AR5),kilotonnes,563742.852,574654.9269,604017.1773,626971.6576,654090.0187,660877.665,651119.0701,663880.9798,647292.0645,643490.404,671391.7705,645343.1106,652985.1345,645061.9274,649757.5304,656189.7511,660438.754,665137.4778,652779.9935,673684.2335,686021.2927
South America,AFOLU,Emissions (CO2eq) from N2O (AR5),kilotonnes,189283.6401,199940.4861,215030.1114,223268.1935,237720.3714,235374.3557,229759.0439,254227.8092,235842.2914,224689.9796,261181.019,242539.4997,244722.8538,242331.5202,249364.9206,249850.5193,252251.3782,265407.9327,254518.5399,274562.5194,287912.0997
South America,AFOLU,Emissions (CO2eq) (AR5),kilotonnes,2279167.39,2320803.158,2365291.271,2396475.818,2438862.586,2443272.99,2427888.889,2465111.29,2430162.956,2415204.913,2479621.153,1559890.334,1569697.384,1559424.672,1571301.598,1578209.656,1654692.984,1672684.552,1649567.847,1690576.194,1716294.531
South America,All sectors with LULUCF,Emissions (CH4),kilotonnes,31393.3662,31775.9219,32999.8838,34178.7773,35621.0212,35796.2949,35656.5345,36065.4768,35558.1505,35324.3683,36640.7827,35931.6083,36396.6332,36391.9599,36771.1114,37177.7984,37393.5116,37611.997,37386.9433,38237.4276,38852.8064
South America,All sectors with LULUCF,Emissions (N2O),kilotonnes,815.714,854.1337,898.8378,931.3812,990.6136,983.3429,964.727,1061.5838,996.9025,949.586,1092.5,1023.2325,1035.5171,1027.9239,1056.5629,1057.8997,1065.3768,1114.9436,1071.4831,1155.1464,1207.0425
South America,All sectors with LULUCF,Emissions (CO2),kilotonnes,2364870.056,2399849.918,2412125.898,2418649.666,2427934.294,2464670.837,2481016.16,2497897.265,2562427.791,2539467.9,2632186.781,1777377.086,1839932.193,1868524.773,1905342.565,1859314.274,1921543.692,1892889.643,1865756.659,1848236.591,1746123.104
South America,All sectors with LULUCF,Emissions (CO2eq) from F-gases (AR5),kilotonnes,32084.6193,24062.3985,18800.153,23568.4556,34869.8642,39687.7399,42707.4721,46067.9112,48781.1958,50938.0925,53829.7912,54343.8591,57590.4912,60189.8667,62731.7726,65318.2713,69470.1948,73125.5041,76253.5258,78097.913,80819.7937
South America,All sectors with LULUCF,Emissions (CO2eq) from CH4 (AR5),kilotonnes,879014.2529,889725.8137,923996.745,957005.7641,997388.5938,1002296.258,998382.965,1009833.349,995628.2151,989082.3124,1025941.916,1006085.033,1019105.731,1018974.876,1029591.12,1040978.355,1047018.326,1053135.915,1046834.413,1070647.972,1087878.579
South America,All sectors with LULUCF,Emissions (CO2eq) from N2O (AR5),kilotonnes,216164.2199,226345.4227,238192.0124,246816.0167,262512.6107,260585.8807,255652.6603,281319.7053,264179.1627,251640.2941,289512.4923,271156.6245,274412.0413,272399.8247,279989.1766,280343.4253,282324.8502,295460.051,283943.0163,306113.8063,319866.2714
South America,All sectors with LULUCF,Emissions (CO2eq) (AR5),kilotonnes,3492133.148,3539983.553,3593114.808,3646039.902,3722705.363,3767240.716,3777759.258,3835118.23,3871016.364,3831128.599,4001470.98,3108962.603,3191040.456,3220089.341,3277654.635,3245954.326,3320357.063,3314611.113,3272787.614,3303096.283,3234687.747
South America,All sectors without LULUCF,Emissions (CH4),kilotonnes,31052.7852,31590.3364,32562.4407,33817.6356,35013.8221,35268.8405,35311.5314,35328.204,35306.5165,35206.1833,35742.2138,35727.7026,36120.9436,36267.7998,36612.636,36852.3671,37084.8191,37212.9273,37214.3158,37671.4511,38221.4988
South America,All sectors without LULUCF,Emissions (N2O),kilotonnes,805.351,837.1889,858.8973,898.4074,935.1737,935.1841,933.2267,994.2676,973.9272,938.7952,1010.4567,1004.6151,1010.3455,1016.5875,1042.0934,1028.1864,1037.1918,1078.5068,1055.7214,1103.4703,1149.4014
South America,All sectors without LULUCF,Emissions (CO2),kilotonnes,838729.1584,853642.1724,865881.9153,872413.6993,880882.0978,917649.8678,934005.3857,950894.7637,1015399.191,992443.3702,1085138.418,1105369.362,1167942.797,1196493.549,1233163.419,1187144.889,1179540.84,1150750.501,1123487.345,1105907.15,1003761.965
South America,All sectors without LULUCF,Emissions (CO2eq) from F-gases (AR5),kilotonnes,32084.6193,24062.3985,18800.153,23568.4556,34869.8642,39687.7399,42707.4721,46067.9112,48781.1958,50938.0925,53829.7912,54343.8591,57590.4912,60189.8667,62731.7726,65318.2713,69470.1948,73125.5041,76253.5258,78097.913,80819.7937
South America,All sectors without LULUCF,Emissions (CO2eq) from CH4 (AR5),kilotonnes,869477.985,884529.4199,911748.3401,946893.7967,980387.0201,987527.5335,988722.8792,989189.7118,988582.4618,985773.1329,1000781.986,1000375.672,1011386.42,1015498.394,1025153.808,1031866.278,1038374.934,1041961.963,1042000.841,1054800.631,1070201.967
South America,All sectors without LULUCF,Emissions (CO2eq) from N2O (AR5),kilotonnes,213418.023,221855.0606,227607.7929,238077.9578,247821.0334,247823.7762,247305.0862,263480.91,258090.7129,248780.7314,267771.0309,266222.9915,267741.5504,269395.6905,276154.7598,272469.4021,274855.8325,285804.2996,279766.1797,292419.6369,304591.3728
South America,All sectors without LULUCF,Emissions (CO2eq) (AR5),kilotonnes,1953709.786,1984089.051,2024038.201,2080953.909,2143960.016,2192688.917,2212740.823,2249633.297,2310853.561,2277935.327,2407521.225,2426311.885,2504661.259,2541577.5,2597203.759,2556798.84,2562241.802,2551642.268,2521507.892,2531225.331,2459375.098
Asia,Crop Residues,Direct emissions (N2O),kilotonnes,203.9948,203.7549,200.7743,203.429,209.4249,217.4522,221.9814,227.0461,230.1692,233.1368,237.8066,247.0803,248.177,253.145,252.7424,258.7842,261.4044,265.389,264.8545,265.5572,270.5419
Asia,Crop Residues,Indirect emissions (N2O),kilotonnes,45.8988,45.8448,45.1742,45.7715,47.1206,48.9268,49.9458,51.0854,51.7881,52.4558,53.5065,55.5931,55.8398,56.9576,56.867,58.2264,58.816,59.7125,59.5923,59.7504,60.8719
Asia,Crop Residues,Emissions (N2O),kilotonnes,249.8937,249.5997,245.9485,249.2006,256.5455,266.379,271.9272,278.1315,281.9573,285.5926,291.3131,302.6734,304.0168,310.1026,309.6095,317.0106,320.2204,325.1015,324.4467,325.3076,331.4139
Asia,Crop Residues,Emissions (CO2eq) from N2O (AR5),kilotonnes,66221.8236,66143.9224,65176.3648,66038.1465,67984.5461,70590.4335,72060.7202,73704.8394,74718.6792,75682.0453,77197.9803,80208.4385,80564.4591,82177.1916,82046.5096,84007.8111,84858.393,86151.892,85978.3785,86206.5136,87824.6722
Asia,Crop Residues,Emissions (CO2eq) (AR5),kilotonnes,66221.8236,66143.9224,65176.3648,66038.1465,67984.5461,70590.4335,72060.7202,73704.8394,74718.6792,75682.0453,77197.9803,80208.4385,80564.4591,82177.1916,82046.5096,84007.8111,84858.393,86151.892,85978.3785,86206.5136,87824.6722
Asia,Rice Cultivation,Emissions (CH4),kilotonnes,20884.5981,20601.1356,20074.7951,20060.7515,20396.8027,20853.1774,21015.0922,21062.9438,21527.5553,21320.3307,21513.6918,21696.9931,21563.9367,21784.176,21512.4919,21279.781,21158.7874,21435.0453,21438.7291,20954.899,21204.4535
Asia,Rice Cultivation,Emissions (CO2eq) from CH4 (AR5),kilotonnes,584768.7468,576831.7964,562094.2642,561701.0426,571110.477,583888.9664,588422.5808,589762.4254,602771.5491,596969.2609,602383.3699,607515.8074,603790.2283,609956.9275,602349.7728,595833.8688,592446.047,600181.2689,600284.4135,586737.1732,593724.6993
Asia,Rice Cultivation,Emissions (CO2eq) (AR5),kilotonnes,584768.7468,576831.7964,562094.2642,561701.0426,571110.477,583888.9664,588422.5808,589762.4254,602771.5491,596969.2609,602383.3699,607515.8074,603790.2283,609956.9275,602349.7728,595833.8688,592446.047,600181.2689,600284.4135,586737.1732,593724.6993
Asia,Burning - Crop residues,Emissions (CH4),kilotonnes,439.4551,436.5653,433.6437,434.5693,441.6157,453.5285,459.8867,469.7498,476.2249,478.3559,484.6028,492.533,494.5122,504.2149,503.2954,519.2055,520.7185,519.0717,515.7023,506.8757,515.1991
Asia,Burning - Crop residues,Emissions (N2O),kilotonnes,11.3933,11.3184,11.2426,11.2666,11.4493,11.7581,11.923,12.1787,12.3466,12.4018,12.5638,12.7694,12.8207,13.0722,13.0484,13.4609,13.5001,13.4574,13.3701,13.1412,13.357
Asia,Burning - Crop residues,Emissions (CO2eq) from CH4 (AR5),kilotonnes,12304.7441,12223.8276,12142.0229,12167.9404,12365.2395,12698.7986,12876.8282,13152.9958,13334.2984,13393.966,13568.8795,13790.9234,13846.3411,14118.0185,14092.2717,14537.7527,14580.1182,14534.0062,14439.6658,14192.5187,14425.5753
Asia,Burning - Crop residues,Emissions (CO2eq) from N2O (AR5),kilotonnes,3019.2196,2999.3651,2979.2927,2985.652,3034.0634,3115.9089,3159.5921,3227.3555,3271.8417,3286.4824,3329.401,3383.884,3397.4818,3464.1434,3457.8259,3567.1338,3577.529,3566.2145,3543.0661,3482.4236,3539.6087
Asia,Burning - Crop residues,Emissions (CO2eq) (AR5),kilotonnes,15323.9637,15223.1927,15121.3155,15153.5925,15399.3029,15814.7075,16036.4203,16380.3512,16606.1401,16680.4484,16898.2804,17174.8074,17243.8229,17582.1619,17550.0976,18104.8865,18157.6472,18100.2207,17982.7319,17674.9422,17965.184
Asia,Enteric Fermentation,Emissions (CH4),kilotonnes,31691.7575,31520.1255,31410.4256,31581.5424,32047.2997,32619.8282,33250.3072,33629.2672,33942.2472,34024.2326,34034.9412,34138.3142,34334.4145,34342.4785,34561.7642,35060.8504,35603.6703,35767.3325,36300.4963,36603.0683,36972.7344
Asia,Enteric Fermentation,Emissions (CO2eq) from CH4 (AR5),kilotonnes,887369.2093,882563.5129,879491.9168,884283.1869,897324.392,913355.1904,931008.6017,941619.4808,950382.9213,952678.5125,952978.3545,955872.797,961363.6061,961589.3969,967729.3988,981703.8122,996902.7694,1001485.309,1016413.896,1024885.912,1035236.564
Asia,Enteric Fermentation,Emissions (CO2eq) (AR5),kilotonnes,887369.2093,882563.5129,879491.9168,884283.1869,897324.392,913355.1904,931008.6017,941619.4808,950382.9213,952678.5125,952978.3545,955872.797,961363.6061,961589.3969,967729.3988,981703.8122,996902.7694,1001485.309,1016413.896,1024885.912,1035236.564
Asia,Manure Management,Emissions (CH4),kilotonnes,3286.2583,3285.6428,3336.3146,3382.0612,3435.4809,3518.464,3605.5484,3644.0233,3703.604,3803.2931,3815.9114,3821.853,3889.8122,3898.3226,3928.4827,3968.1459,4007.6467,4035.6889,4055.7902,3809.8187,4022.1612
Asia,Manure Management,Emissions (N2O),kilotonnes,215.2671,212.2161,211.0138,209.9238,210.7739,212.3239,214.6705,212.4944,217.6857,219.486,218.9995,216.1393,217.1722,214.7149,216.5811,219.5426,222.6563,225.2849,226.8256,218.0828,226.774
Asia,Manure Management,Emissions (CO2eq) from CH4 (AR5),kilotonnes,92015.2337,91997.9977,93416.8094,94697.7141,96193.4653,98516.9911,100955.3551,102032.653,103700.9125,106492.2078,106845.5191,107011.8836,108914.7428,109153.0337,109997.515,111108.0847,112214.1067,112999.2903,113562.1248,106674.9232,112620.5133
Asia,Manure Management,Emissions (CO2eq) from N2O (AR5),kilotonnes,57045.7707,56237.255,55918.6464,55629.811,55855.0776,56265.8465,56887.6836,56311.0187,57686.7184,58163.7794,58034.8553,57276.9138,57550.6318,56899.4391,57393.9801,58178.7826,59003.9242,59700.5037,60108.7715,57791.9439,60095.0974
Asia,Manure Management,Emissions (CO2eq) (AR5),kilotonnes,149061.0044,148235.2527,149335.4558,150327.5251,152048.5429,154782.8376,157843.0387,158343.6718,161387.6309,164655.9872,164880.3744,164288.7974,166465.3746,166052.4728,167391.4951,169286.8673,171218.0309,172699.794,173670.8963,164466.8671,172715.6107
Asia,Manure left on Pasture,Direct emissions (N2O),kilotonnes,550.4282,549.5116,552.4718,555.8425,566.0104,578.2225,586.3383,593.6281,602.201,606.7326,607.0249,609.0845,616.8297,621.4924,625.6489,638.47,652.0201,665.0621,678.3954,689.8708,694.7878
Asia,Manure left on Pasture,Indirect emissions (N2O),kilotonnes,157.3177,156.8391,157.3442,158.6981,161.9452,165.9104,167.9146,169.7894,171.8569,172.7562,172.2641,173.3924,175.4505,176.9598,177.9723,182.3988,186.1813,188.7927,192.0844,195.5812,197.5196
Asia,Manure left on Pasture,Emissions (N2O),kilotonnes,707.7459,706.3507,709.816,714.5406,727.9556,744.1329,754.2529,763.4175,774.0579,779.4889,779.289,782.4769,792.2802,798.4521,803.6212,820.8688,838.2013,853.8548,870.4798,885.4521,892.3074
Asia,Manure left on Pasture,Emissions (CO2eq) from N2O (AR5),kilotonnes,187552.6622,187182.9261,188101.2324,189353.2682,192908.233,197195.2174,199877.0211,202305.6281,205125.3507,206564.5461,206511.5791,207356.3847,209954.2563,211589.8176,212959.6282,217530.2323,222123.3544,226271.5135,230677.1577,234644.7963,236461.4658
Asia,Manure left on Pasture,Emissions (CO2eq) (AR5),kilotonnes,187552.6622,187182.9261,188101.2324,189353.2682,192908.233,197195.2174,199877.0211,202305.6281,205125.3507,206564.5461,206511.5791,207356.3847,209954.2563,211589.8176,212959.6282,217530.2323,222123.3544,226271.5135,230677.1577,234644.7963,236461.4658
Asia,Manure applied to Soils,Direct emissions (N2O),kilotonnes,152.4294,152.7693,155.7343,156.643,160.2197,164.1312,167.5996,169.0788,173.0757,176.9619,177.9004,176.2969,179.173,179.6354,180.4389,184.0916,188.2277,194.5045,196.6411,192.8552,197.6454
Asia,Manure applied to Soils,Indirect emissions (N2O),kilotonnes,64.7825,64.927,66.1871,66.5733,68.0934,69.7558,71.2298,71.8585,73.5572,75.2088,75.6077,74.9262,76.1485,76.345,76.6865,78.2389,79.9968,82.6644,83.5725,81.9635,83.9993
Asia,Manure applied to Soils,Emissions (N2O),kilotonnes,217.2119,217.6963,221.9214,223.2163,228.3131,233.887,238.8295,240.9372,246.6328,252.1707,253.5081,251.2231,255.3216,255.9805,257.1254,262.3305,268.2245,277.169,280.2135,274.8187,281.6446
Asia,Manure applied to Soils,Emissions (CO2eq) from N2O (AR5),kilotonnes,57561.1456,57689.5085,58809.1748,59152.3112,60502.9624,61980.0488,63289.8118,63848.3654,65357.6963,66825.2395,67179.6384,66574.1138,67660.2187,67834.8207,68138.2256,69517.5952,71079.4889,73449.7784,74256.5884,72826.9569,74635.8294
Asia,Manure applied to Soils,Emissions (CO2eq) (AR5),kilotonnes,57561.1456,57689.5085,58809.1748,59152.3112,60502.9624,61980.0488,63289.8118,63848.3654,65357.6963,66825.2395,67179.6384,66574.1138,67660.2187,67834.8207,68138.2256,69517.5952,71079.4889,73449.7784,74256.5884,72826.9569,74635.8294
Asia,Synthetic Fertilizers,Direct emissions (N2O),kilotonnes,732.3184,736.6338,776.67,794.0086,829.395,854.5976,886.6131,908.1974,918.9123,966.1535,982.1637,1000.2263,1000.2788,1011.8947,1019.0659,1018.5559,1013.9335,1014.9293,1000.7851,996.035,1032.2345
Asia,Synthetic Fertilizers,Indirect emissions (N2O),kilotonnes,238.0035,239.406,252.4178,258.0528,269.5534,277.7442,288.1493,295.1642,298.6465,313.9999,319.2032,325.0735,325.0906,328.8658,331.1964,331.0307,329.5284,329.852,325.2552,323.7114,335.4762
Asia,Synthetic Fertilizers,Emissions (N2O),kilotonnes,970.3219,976.0398,1029.0878,1052.0615,1098.9484,1132.3419,1174.7623,1203.3616,1217.5588,1280.1533,1301.3669,1325.2999,1325.3694,1340.7605,1350.2623,1349.5865,1343.4618,1344.7813,1326.0403,1319.7464,1367.7107
Asia,Synthetic Fertilizers,Emissions (CO2eq) from N2O (AR5),kilotonnes,257135.3063,258650.541,272708.2651,278796.2871,291221.3251,300070.5909,311312.0211,318890.8127,322653.0862,339240.6331,344862.2211,351204.4609,351222.9023,355301.5338,357819.5223,357640.4331,356017.3876,356367.0439,351400.6685,349732.7872,362443.3311
Asia,Synthetic Fertilizers,Emissions (CO2eq) (AR5),kilotonnes,257135.3063,258650.541,272708.2651,278796.2871,291221.3251,300070.5909,311312.0211,318890.8127,322653.0862,339240.6331,344862.2211,351204.4609,351222.9023,355301.5338,357819.5223,357640.4331,356017.3876,356367.0439,351400.6685,349732.7872,362443.3311
Asia,Drained organic soils,Emissions (CO2eq) (AR5),kilotonnes,308207.776,308079.9317,309865.2764,312580.6046,314542.5532,319647.1876,325698.1644,332577.4358,337598.6805,340941.5429,345968.6167,350002.6234,353246.1595,354668.8686,358086.0052,357941.6953,361341.0202,362427.3871,364194.3272,366058.6093,367927.1069
Asia,Drained organic soils (CO2),Emissions (CO2),kilotonnes,291256.2935,291138.9154,292856.1533,295462.7586,297335.1959,302245.3324,308061.5789,314685.6416,319521.2557,322745.4831,327586.5313,331458.5933,334579.8332,335952.9525,339244.5454,339111.3622,342405.0987,343459.2154,345157.6577,346950.7602,348743.9472
Asia,Drained organic soils (CO2),Emissions (CO2eq) (AR5),kilotonnes,291256.2935,291138.9154,292856.1533,295462.7586,297335.1959,302245.3324,308061.5789,314685.6416,319521.2557,322745.4831,327586.5313,331458.5933,334579.8332,335952.9525,339244.5454,339111.3622,342405.0987,343459.2154,345157.6577,346950.7602,348743.9472
Asia,Drained organic soils (N2O),Emissions (N2O),kilotonnes,63.9679,63.9284,64.1854,64.5956,64.9334,65.6674,66.5532,67.5162,68.2167,68.6644,69.3664,69.9775,70.439,70.6261,71.0998,71.0579,71.4563,71.578,71.8365,72.1051,72.3893
Asia,Drained organic soils (N2O),Emissions (CO2eq) from N2O (AR5),kilotonnes,16951.4826,16941.0164,17009.123,17117.846,17207.3573,17401.8552,17636.5855,17891.7942,18077.4248,18196.0598,18382.0853,18544.0301,18666.3262,18715.9161,18841.4598,18830.3332,18935.9215,18968.1717,19036.6695,19107.849,19183.1598
Asia,Drained organic soils (N2O),Emissions (CO2eq) (AR5),kilotonnes,16951.4826,16941.0164,17009.123,17117.846,17207.3573,17401.8552,17636.5855,17891.7942,18077.4248,18196.0598,18382.0853,18544.0301,18666.3262,18715.9161,18841.4598,18830.3332,18935.9215,18968.1717,19036.6695,19107.849,19183.1598
Asia,On-farm energy use,Emissions (CH4),kilotonnes,278.7378,238.062,216.3568,238.8163,252.7985,273.047,296.4824,317.5341,312.8499,320.1147,311.4561,292.0591,287.0035,322.0893,307.9227,291.5584,290.5555,286.4084,243.4548,233.347,233.347
Asia,On-farm energy use,Emissions (N2O),kilotonnes,59.6437,60.3899,53.2628,55.7063,59.5806,60.488,62.9184,51.9009,53.6298,51.8919,53.7327,57.6261,56.7834,65.3384,64.366,51.3175,49.1388,49.0003,48.2669,46.5133,46.5133
Asia,On-farm energy use,Emissions (CO2),kilotonnes,261999.3161,252052.1381,228603.9788,247430.2941,261249.1578,268556.1197,280659.1575,256353.2459,257329.4596,255159.0997,257392.669,261153.3662,257741.5034,287512.6358,280004.812,243162.5594,236683.6494,234787.7136,223533.4142,216849.9351,216849.9351
Asia,On-farm energy use,Emissions (CO2eq) from CH4 (AR5),kilotonnes,7804.6584,6665.7357,6057.9908,6686.8562,7078.3586,7645.317,8301.5062,8890.9557,8759.7973,8963.2122,8720.7708,8177.6545,8036.0979,9018.5004,8621.8345,8163.6361,8135.5536,8019.4345,6816.7349,6533.715,6533.715
Asia,On-farm energy use,Emissions (CO2eq) from N2O (AR5),kilotonnes,15805.5684,16003.3144,14114.6492,14762.1621,15788.8635,16029.3115,16673.3683,13753.7319,14211.9058,13751.3485,14239.1649,15270.9071,15047.6052,17314.6877,17056.9946,13599.1419,13021.7852,12985.0759,12790.7227,12326.0329,12326.0329
Asia,On-farm energy use,Emissions (CO2eq) (AR5),kilotonnes,285609.5428,274721.1882,248776.6188,268879.3125,284116.3799,292230.7482,305634.0319,278997.9335,280301.1627,277873.6603,280352.6048,284601.9278,280825.2065,313845.8238,305683.6411,264925.3375,257840.9882,255792.2239,243140.8718,235709.6829,235709.6829
Asia,Forestland,Emissions (CO2),kilotonnes,-1338436.169,-690813.5631,-690813.5631,-690813.5631,-690813.5631,-690813.5631,-690813.5631,-690813.5631,-690813.5631,-690813.5631,-690813.5631,-1250381.046,-1250381.046,-1250381.046,-1250381.046,-1250381.046,-840639.2051,-840639.2051,-840639.2051,-840639.2051,-840639.2051
Asia,Forestland,Emissions (CO2eq) (AR5),kilotonnes,-1338436.169,-690813.5631,-690813.5631,-690813.5631,-690813.5631,-690813.5631,-690813.5631,-690813.5631,-690813.5631,-690813.5631,-690813.5631,-1250381.046,-1250381.046,-1250381.046,-1250381.046,-1250381.046,-840639.2051,-840639.2051,-840639.2051,-840639.2051,-840639.2051
Asia,Net Forest conversion,Emissions (CO2),kilotonnes,970262.0487,301051.4738,301051.4738,301051.4738,301051.4738,301051.4738,301051.4738,301051.4738,301051.4738,301051.4738,301051.4738,626773.3303,626773.3303,626773.3303,626773.3303,626773.3303,407459.338,407459.338,407459.338,407459.338,407459.338
Asia,Net Forest conversion,Emissions (CO2eq) (AR5),kilotonnes,970262.0487,301051.4738,301051.4738,301051.4738,301051.4738,301051.4738,301051.4738,301051.4738,301051.4738,301051.4738,301051.4738,626773.3303,626773.3303,626773.3303,626773.3303,626773.3303,407459.338,407459.338,407459.338,407459.338,407459.338
Asia,Savanna fires,Emissions (CH4),kilotonnes,109.2758,106.3726,302.7017,194.2285,257.2791,208.1069,239.401,192.2863,172.9353,157.094,219.9309,118.7461,157.4328,95.1424,164.0051,186.2496,106.3469,204.3001,94.5581,184.2202,118.2539
Asia,Savanna fires,Emissions (N2O),kilotonnes,9.9773,9.7123,27.638,17.7339,23.4907,19.0011,21.8583,17.5566,15.7897,14.3434,20.0807,10.842,14.3743,8.6869,14.9744,17.0054,9.7099,18.6535,8.6336,16.8201,10.7971
Asia,Savanna fires,Emissions (CO2eq) from CH4 (AR5),kilotonnes,3059.7217,2978.4339,8475.6477,5438.3991,7203.8157,5826.994,6703.2269,5384.0177,4842.1882,4398.6315,6158.0663,3324.8915,4408.1179,2663.9876,4592.1423,5214.9878,2977.713,5720.404,2647.6256,5158.1657,3311.1091
Asia,Savanna fires,Emissions (CO2eq) from N2O (AR5),kilotonnes,2643.9972,2573.7554,7324.0651,4699.4862,6225.0364,5035.2828,5792.4624,4652.4935,4184.2822,3800.9914,5321.3725,2873.1399,3809.1888,2302.0327,3968.2099,4506.4297,2573.1324,4943.1752,2287.8938,4457.3279,2861.2302
Asia,Savanna fires,Emissions (CO2eq) (AR5),kilotonnes,5703.7189,5552.1893,15799.7128,10137.8853,13428.8521,10862.2768,12495.6894,10036.5112,9026.4705,8199.6229,11479.4387,6198.0314,8217.3067,4966.0203,8560.3522,9721.4176,5550.8454,10663.5791,4935.5194,9615.4936,6172.3393
Asia,Fires in organic soils,Emissions (CH4),kilotonnes,361.8687,369.1042,4951.0527,1576.5984,4908.3103,2312.5683,5876.5076,530.6194,355.4285,4052.0869,405.6899,1998.8712,2077.0222,1842.3226,5063.2644,5358.4473,668.6958,238.9072,2002.7688,4152.4222,430.5861
Asia,Fires in organic soils,Emissions (CO2),kilotonnes,29628.0003,29906.8838,401414.9503,127790.6861,397875.8129,187593.255,476215.192,42996.7074,28800.5033,328356.4675,32899.0119,161967.1854,168295.5697,149304.3039,410655.3915,434460.0628,54230.1522,19373.925,162321.3715,336624.8133,34939.3596
Asia,Fires in organic soils,Emissions (CO2eq) from CH4 (AR5),kilotonnes,10132.3237,10334.9163,138629.4752,44144.7565,137432.6896,64751.9133,164542.2118,14857.3436,9951.9971,113458.4339,11359.3182,55968.3923,58156.6217,51585.0326,141771.4046,150036.5239,18723.4814,6689.4005,56077.5265,116267.8222,12056.4104
Asia,Fires in organic soils,Emissions (CO2eq) (AR5),kilotonnes,39760.3241,40241.8001,540044.4255,171935.4426,535308.5025,252345.1683,640757.4037,57854.0509,38752.5004,441814.9014,44258.3301,217935.5777,226452.1914,200889.3365,552426.796,584496.5866,72953.6336,26063.3256,218398.8981,452892.6356,46995.7699
Asia,Forest fires,Emissions (CH4),kilotonnes,597.7863,279.2003,370.853,599.9903,1018.8374,573.8844,589.0986,893.261,475.586,853.5956,807.2143,465.1011,706.0299,541.1329,680.2713,676.3288,552.6707,524.113,414.6716,548.3144,586.6572
Asia,Forest fires,Emissions (N2O),kilotonnes,19.2566,25.4922,33.8605,54.7817,93.0243,52.3981,53.7873,81.5586,43.4231,77.937,73.7022,42.4658,64.4636,49.4078,62.1117,61.7518,50.4612,47.8538,37.8613,50.0635,53.5643
Asia,Forest fires,Emissions (CO2eq) from CH4 (AR5),kilotonnes,16738.0153,7817.6088,10383.8833,16799.7281,28527.4472,16068.7641,16494.7613,25011.3072,13316.4082,23900.6761,22602.0007,13022.8311,19768.8382,15151.7217,19047.5973,18937.2065,15474.7783,14675.1647,11610.8042,15352.8029,16426.4002
Asia,Forest fires,Emissions (CO2eq) from N2O (AR5),kilotonnes,5102.9971,6755.4337,8973.0296,14517.1563,24651.4354,13885.5081,14253.6252,21613.0317,11507.1136,20653.3016,19531.0767,11253.4247,17082.8547,13093.0639,16459.6086,16364.2165,13372.2269,12681.2565,10033.2493,13266.8242,14194.5524
Asia,Forest fires,Emissions (CO2eq) (AR5),kilotonnes,21841.0125,14573.0425,19356.9128,31316.8844,53178.8826,29954.2723,30748.3865,46624.3389,24823.5218,44553.9778,42133.0773,24276.2558,36851.6929,28244.7856,35507.2059,35301.4229,28847.0052,27356.4212,21644.0535,28619.6271,30620.9526
Asia,Fires in humid tropical forests,Emissions (CH4),kilotonnes,326.9597,159.5703,236.6614,359.844,633.8404,360.6626,394.1593,538.548,295.4524,501.2808,499.5709,292.5906,402.1189,330.3216,468.2519,471.6417,340.6801,305.4668,231.2078,362.8426,417.9456
Asia,Fires in humid tropical forests,Emissions (N2O),kilotonnes,9.6165,14.5695,21.6082,32.8553,57.8724,32.9301,35.9885,49.1718,26.9761,45.7691,45.613,26.7148,36.7152,30.1598,42.7534,43.0629,31.1056,27.8904,21.1103,33.1291,38.1603
Asia,Fires in humid tropical forests,Emissions (CO2eq) from CH4 (AR5),kilotonnes,9154.8713,4467.9687,6626.5183,10075.6312,17747.5312,10098.554,11036.4593,15079.3445,8272.6674,14035.8613,13987.9852,8192.5371,11259.3295,9249.0057,13111.0541,13205.967,9539.0416,8553.0707,6473.8189,10159.5938,11702.4777
Asia,Fires in humid tropical forests,Emissions (CO2eq) from N2O (AR5),kilotonnes,2548.3624,3860.9077,5726.1762,8706.6596,15336.1818,8726.4679,9536.9404,13030.5205,7148.6637,12128.8149,12087.4437,7079.4206,9729.5293,7992.3474,11329.6609,11411.678,8242.9762,7390.9687,5594.2239,8779.2142,10112.4671
Asia,Fires in humid tropical forests,Emissions (CO2eq) (AR5),kilotonnes,11703.2338,8328.8764,12352.6945,18782.2908,33083.713,18825.0218,20573.3997,28109.865,15421.331,26164.6763,26075.4289,15271.9577,20988.8588,17241.3531,24440.7149,24617.6449,17782.0178,15944.0394,12068.0428,18938.808,21814.9448
Asia,Waste - agri-food systems,Emissions (CH4),kilotonnes,19281.8916,19495.4669,19680.0104,19855.6241,20025.046,20213.3236,20430.1782,20659.4344,20918.9417,21008.7565,21225.5414,21519.4223,21706.8413,22037.94,21966.7694,22004.7145,22113.1008,22191.7422,22262.9499,22274.9169,22278.7003
Asia,Waste - agri-food systems,Emissions (N2O),kilotonnes,96.4691,97.1299,98.05,99.5912,101.2331,103.245,105.687,109.1489,112.5507,113.8282,117.3759,120.585,122.6716,124.9748,124.8551,127.493,129.3954,132.3032,133.302,133.8056,134.2452
Asia,Waste - agri-food systems,Emissions (CO2),kilotonnes,20385.7883,20398.7329,20489.4475,20575.7398,20674.789,20763.8068,20867.8994,21001.6239,21136.8932,21179.5385,21318.4195,21441.8971,21497.3761,21520.5585,21551.8423,21553.0375,21587.1192,21638.3749,21697.2215,21698.0532,21693.6904
Asia,Waste - agri-food systems,Emissions (CO2eq) from CH4 (AR5),kilotonnes,539892.9655,545873.0719,551040.2912,555957.4741,560701.2876,565973.0621,572044.989,578464.1624,585730.3668,588245.1811,594315.1585,602543.8248,607791.5554,617062.3196,615069.5432,616132.0048,619166.8233,621368.7816,623362.5962,623697.672,623803.6095
Asia,Waste - agri-food systems,Emissions (CO2eq) from N2O (AR5),kilotonnes,25564.3074,25739.4357,25983.256,26391.6794,26826.764,27359.9376,28007.0562,28924.4643,29825.9375,30164.4767,31104.6024,31955.0235,32507.9813,33118.3245,33086.6077,33785.6379,34289.7818,35060.3404,35325.0271,35458.4803,35574.9809
Asia,Waste - agri-food systems,Emissions (CO2eq) (AR5),kilotonnes,585843.0612,592011.2405,597512.9947,602924.8933,608202.8406,614096.8065,620919.9445,628390.2505,636693.1975,639589.1962,646738.1803,655940.7454,661796.9128,671701.2026,669707.9932,671470.6803,675043.7242,678067.4969,680384.8447,680854.2055,681072.2807
Asia,Fertilizers Manufacturing,Emissions (N2O),kilotonnes,84.0273,86.1342,91.5913,99.6017,102.2045,99.8853,107.0045,114.0306,113.4259,117.9798,122.6197,126.6989,128.5688,127.1011,138.6733,133.7274,126.6217,120.1077,113.5452,112.1244,113.9989
Asia,Fertilizers Manufacturing,Emissions (CO2),kilotonnes,122262.0643,127424.7199,137320.6388,148909.9804,153906.9951,154248.9253,164486.5536,170761.9134,172049.3791,184728.6793,190937.4496,196746.0014,198547.7925,209039.3017,223713.5147,220402.1014,218384.8732,198229.1249,187669.6359,189889.2787,186248.165
Asia,Fertilizers Manufacturing,Emissions (CO2eq) from N2O (AR5),kilotonnes,22267.2435,22825.5533,24271.6945,26394.4505,27084.1925,26469.6045,28356.1925,30218.109,30057.8635,31264.647,32494.2205,33575.2085,34070.732,33681.7915,36748.4245,35437.7624,33554.7609,31828.5347,30089.4763,29712.977,30209.696
Asia,Fertilizers Manufacturing,Emissions (CO2eq) (AR5),kilotonnes,144529.3078,150250.2731,161592.3333,175304.4309,180991.1876,180718.5298,192842.7461,200980.0224,202107.2426,215993.3263,223431.6701,230321.2099,232618.5245,242721.0932,260461.9392,255839.8637,251939.6341,230057.6596,217759.1122,219602.2557,216457.861
Asia,On-farm electricity use,Emissions (CH4),kilotonnes,263.228,274.7626,266.7918,276.8485,290.3093,297.932,319.7186,326.8848,347.3158,364.3877,385.3907,400.5547,414.2438,436.4574,449.7186,462.9562,503.7488,527.6101,554.6541,575.6412,575.6412
Asia,On-farm electricity use,Emissions (N2O),kilotonnes,1.4055,1.4671,1.4248,1.4782,1.5502,1.5911,1.7073,1.7456,1.8552,1.9461,2.0577,2.1389,2.2118,2.331,2.4018,2.4724,2.6902,2.8176,2.9621,3.0742,3.0742
Asia,On-farm electricity use,Emissions (CO2),kilotonnes,173533.4941,177872.9351,170190.9364,176562.3208,187827.8154,189788.6252,204535.4005,212182.5803,224762.3044,238360.7512,246581.438,251084.8466,261488.6088,285313.9452,294321.7578,302808.2704,332013.9461,348157.042,363356.3427,377163.2596,377163.2596
Asia,On-farm electricity use,Emissions (CO2eq) from CH4 (AR5),kilotonnes,7370.384,7693.3528,7470.1704,7751.758,8128.6604,8342.096,8952.1208,9152.7744,9724.8424,10202.8556,10790.9396,11215.5316,11598.8264,12220.8072,12592.1208,12962.7736,14104.9664,14773.0828,15530.3148,16117.9536,16117.9536
Asia,On-farm electricity use,Emissions (CO2eq) from N2O (AR5),kilotonnes,372.4575,388.7815,377.572,391.723,410.803,421.6415,452.4345,462.584,491.628,515.7165,545.2905,566.8085,586.127,617.715,636.477,655.186,712.903,746.664,784.9565,814.663,814.663
Asia,On-farm electricity use,Emissions (CO2eq) (AR5),kilotonnes,181276.3356,185955.0694,178038.6788,184705.8018,196367.2788,198552.3627,213939.9558,221797.9387,234978.7748,249079.3233,257917.6681,262867.1867,273673.5622,298152.4674,307550.3556,316426.23,346831.8155,363676.7888,379671.614,394095.8762,394095.8762
Asia,Food Processing,Emissions (CH4),kilotonnes,1289.7667,1264.8684,1258.4778,1445.8423,1371.5981,1458.5295,1593.2197,1064.3907,1182.32,1402.1053,1577.5619,1606.9637,1666.4026,1390.4493,1375.6719,1332.5431,1332.7938,1102.7916,1130.4497,1278.717,1313.4807
Asia,Food Processing,Emissions (N2O),kilotonnes,0.6396,0.6392,0.6418,0.6675,0.6721,0.688,0.6729,0.8448,0.9689,0.9436,0.9439,1.0315,1.057,1.0189,1.0849,1.0666,1.1216,1.1059,1.1269,1.1204,1.1409
Asia,Food Processing,Emissions (CO2),kilotonnes,61519.5445,62107.9287,62512.8525,65800.1953,68691.4695,69945.9184,68081.7117,93124.4897,106039.1766,103418.7314,96611.1062,113092.5839,126321.3242,137324.4274,142531.2479,142772.6545,143947.395,135678.6051,135731.1719,137877.4202,129954.5184
Asia,Food Processing,Emissions (CO2eq) from CH4 (AR5),kilotonnes,36113.4676,35416.3152,35237.3784,40483.5844,38404.7468,40838.826,44610.1516,29802.9396,33104.96,39258.9484,44171.7332,44994.9836,46659.2728,38932.5804,38518.8132,37311.2068,37318.2264,30878.1648,31652.5916,35804.076,36777.4591
Asia,Food Processing,Emissions (CO2eq) from N2O (AR5),kilotonnes,169.494,169.388,170.077,176.8875,178.1065,182.32,178.3185,223.872,256.7585,250.054,250.1335,273.3475,280.105,270.0085,287.4985,282.649,297.224,293.0635,298.6285,296.906,302.3461
Asia,Food Processing,Emissions (CO2eq) (AR5),kilotonnes,97802.5061,97693.6319,97920.3079,106460.6672,107274.3228,110967.0644,112870.1818,123151.3013,139400.8951,142927.7338,141032.9729,158360.915,173260.702,176527.0163,181337.5596,180366.5103,181562.8454,166849.8334,167682.392,173978.4022,167034.3237
Asia,Food Packaging,Emissions (CH4),kilotonnes,106.5644,97.7814,99.3425,105.5851,98.389,106.4018,110.7206,114.6114,115.7386,122.31,132.8016,140.0017,145.0597,150.5778,163.1883,164.6021,176.0526,176.2383,188.553,175.5202,177.9949
Asia,Food Packaging,Emissions (N2O),kilotonnes,0.7992,0.8066,0.8103,0.8418,0.9982,1.0859,1.138,1.2169,1.2688,1.3733,1.4045,1.4941,1.4545,1.473,1.4876,1.5008,1.4349,1.408,1.381,1.5816,1.6038
Asia,Food Packaging,Emissions (CO2),kilotonnes,73635.0796,74229.4094,76572.6374,80810.8108,92327.3342,97607.7359,102717.7557,108511.5291,110588.0981,118203.4661,121364.7283,131685.3645,129513.6101,137863.8387,143714.734,145916.5941,143750.1151,144445.4825,147199.2001,151907.5898,149848.8401
Asia,Food Packaging,Emissions (CO2eq) from CH4 (AR5),kilotonnes,2983.8032,2737.8792,2781.59,2956.3828,2754.892,2979.2504,3100.1768,3209.1192,3240.6808,3424.68,3718.4448,3920.0476,4061.6716,4216.1784,4569.2724,4608.8588,4929.4728,4934.6724,5279.484,4914.5643,4983.8569
Asia,Food Packaging,Emissions (CO2eq) from N2O (AR5),kilotonnes,211.788,213.749,214.7295,223.077,264.523,287.7635,301.57,322.4785,336.232,363.9245,372.1925,395.9365,385.4425,390.345,394.214,397.712,380.2485,373.12,365.965,419.124,425.0147
Asia,Food Packaging,Emissions (CO2eq) (AR5),kilotonnes,76830.6708,77181.0376,79568.9569,83990.2706,95346.7492,100874.7498,106119.5025,112043.1268,114165.0109,121992.0706,125455.3656,136001.3486,133960.7242,142470.3621,148678.2204,150923.1649,149059.8364,149753.2749,152844.6491,157241.278,155257.7117
Asia,Food Retail,Emissions (CH4),kilotonnes,74.2438,75.9719,80.0906,83.2124,88.0036,87.8809,91.2548,111.9402,124.4924,134.3145,141.7424,150.0255,152.9067,158.2628,158.2495,163.2892,171.2144,174.4284,178.9845,184.2625,184.9135
Asia,Food Retail,Emissions (N2O),kilotonnes,0.5714,0.5855,0.6256,0.6499,0.686,0.7017,0.7155,0.84,0.9724,1.028,1.0624,1.1211,1.1442,1.2194,1.2006,1.2483,1.2915,1.3062,1.251,1.3519,1.37
Asia,Food Retail,Emissions (CO2),kilotonnes,53969.0232,55061.307,57684.7161,60431.5722,64124.2262,63098.5892,65889.9052,79268.6433,89067.7595,95370.5913,100259.794,108556.736,112602.0599,115661.6697,113541.4541,119612.3719,123860.8433,125214.9928,123347.9032,129377.8146,122379.8217
Asia,Food Retail,Emissions (CO2eq) from F-gases (AR5),kilotonnes,22923.9765,26996.8565,31053.632,34624.675,38518.3275,43193.308,47256.3175,51325.561,52098.0575,52463.266,52631.0645,52704.8335,52736.523,52754.186,52754.186,52754.186,56695.113,57709.177,58724.28,59737.8245,62057.4894
Asia,Food Retail,Emissions (CO2eq) from CH4 (AR5),kilotonnes,2078.8272,2127.2142,2242.5367,2329.9465,2464.1016,2460.6641,2555.1354,3134.3261,3485.7869,3760.8073,3968.7872,4200.714,4281.3876,4431.3584,4430.986,4572.0976,4794.0032,4883.9952,5011.566,5159.35,5177.5767
Asia,Food Retail,Emissions (CO2eq) from N2O (AR5),kilotonnes,151.4219,155.1602,165.7833,172.2336,181.7804,185.9512,189.6108,222.6058,257.6875,272.4196,281.5461,297.0915,303.213,323.141,318.159,330.7995,342.2475,346.143,331.515,358.2535,363.042
Asia,Food Retail,Emissions (CO2eq) (AR5),kilotonnes,79123.2487,84340.538,91146.6681,97558.4273,105288.4357,108938.5125,115890.9689,133951.1362,144909.2914,151867.0842,157141.1918,165759.375,169923.1835,173170.3551,171044.7851,177269.455,185692.207,188154.308,187415.2642,194633.2426,189977.9298
Asia,Food Household Consumption,Emissions (CH4),kilotonnes,516.1125,527.0548,554.7656,593.7198,642.0766,687.9066,720.7317,758.7678,773.9577,802.035,857.7406,888.566,923.0377,999.2118,1035.0898,1076.408,1145.9866,1198.3841,1206.6883,1206.4883,1221.0104
Asia,Food Household Consumption,Emissions (N2O),kilotonnes,3.1271,3.167,3.3413,3.5279,3.8009,4.0459,4.2227,4.4497,4.5183,4.6741,4.9427,5.1153,5.2904,5.6999,5.8834,6.1029,6.4569,6.7307,6.7837,6.7823,6.8938
Asia,Food Household Consumption,Emissions (CO2),kilotonnes,347831.2263,353898.1427,369811.5863,393384.4804,425538.0896,453078.4555,481791.8156,519198.8426,525979.3054,543808.6277,576863.1696,606886.8953,626235.554,690963.2813,715044.8517,744719.9474,796616.8813,839692.1245,865039.44,864782.9126,848959.7847
Asia,Food Household Consumption,Emissions (CO2eq) from CH4 (AR5),kilotonnes,14451.15,14757.5344,15533.4368,16624.1544,17978.1448,19261.3848,20180.4876,21245.4984,21670.8156,22456.98,24016.7368,24879.848,25845.0556,27977.9304,28982.5144,30139.424,32087.6248,33554.7548,33787.2724,33781.6724,34188.2921
Asia,Food Household Consumption,Emissions (CO2eq) from N2O (AR5),kilotonnes,828.6815,839.255,885.4445,934.8935,1007.2385,1072.1635,1119.0155,1179.1705,1197.3495,1238.6365,1309.8155,1355.5545,1401.956,1510.4735,1559.101,1617.2685,1711.0785,1783.6355,1797.6805,1797.3095,1826.8553
Asia,Food Household Consumption,Emissions (CO2eq) (AR5),kilotonnes,363111.0578,369494.9321,386230.4676,410943.5283,444523.4729,473412.0038,503091.3187,541623.5115,548847.4705,567504.2442,602189.7219,633122.2978,653482.5656,720451.6852,745586.4671,776476.6399,830415.5846,875030.5148,900624.3929,900361.8945,884974.9321
Asia,Food Transport,Emissions (CH4),kilotonnes,23.3919,23.4362,24.0307,24.546,25.1457,25.7484,26.617,27.5428,30.0272,32.4229,34.1181,36.7895,38.826,41.4056,43.266,45.735,47.53,49.931,51.6512,47.3929,48.211
Asia,Food Transport,Emissions (N2O),kilotonnes,4.5172,4.6638,4.8384,5.0725,5.3735,5.5802,5.5777,5.7223,5.8014,5.7901,5.8616,5.978,6.1824,6.3455,6.3664,6.4372,6.5805,6.7954,6.8169,7.3299,7.4456
Asia,Food Transport,Emissions (CO2),kilotonnes,116075.6966,118934.8229,123002.5839,126763.0263,133379.6829,137274.4691,140802.35,148541.1165,153495.7394,158879.0034,165657.7872,173614.6538,184375.4632,191060.8441,195175.9605,200683.3137,206486.997,213825.2307,213875.73,214557.3019,205270.9914
Asia,Food Transport,Emissions (CO2eq) from CH4 (AR5),kilotonnes,654.9732,656.2136,672.8596,687.288,704.0796,720.9552,745.276,771.1984,840.7616,907.8412,955.3068,1030.106,1087.128,1159.3568,1211.448,1280.58,1330.84,1398.068,1446.2336,1327.0012,1349.9087
Asia,Food Transport,Emissions (CO2eq) from N2O (AR5),kilotonnes,1197.058,1235.907,1282.176,1344.2125,1423.9775,1478.753,1478.0905,1516.4095,1537.371,1534.3765,1553.324,1584.17,1638.336,1681.5575,1687.096,1705.858,1743.8325,1800.781,1806.4785,1942.4235,1973.0951
Asia,Food Transport,Emissions (CO2eq) (AR5),kilotonnes,117927.7278,120826.9435,124957.6195,128794.5268,135507.74,139474.1773,143025.7165,150828.7244,155873.872,161321.2211,168166.418,176228.9298,187100.9272,193901.7584,198074.5045,203669.7517,209561.6695,217024.0797,217128.4421,217826.7266,208593.9951
Asia,Energy,Emissions (CH4),kilotonnes,44205.436,44612.322,45233.19,49738.374,52697.459,55828.014,58642.133,59508.759,61035.632,62150.784,65109.493,69587.329,70833.078,71048.663,71946.807,71833.948,72232.842,73488.933,74608.456,78209.747,79931.393
Asia,Energy,Emissions (N2O),kilotonnes,252.5159,257.4324,270.5431,284.3655,307.3548,321.7615,336.7445,356.7084,362.7774,373.3115,387.8199,411.7946,423.8993,432.4939,436.0978,434.9021,436.9799,450.512,457.8119,474.7211,486.2494
Asia,Energy,Emissions (CO2),kilotonnes,8640243,8751484,9205787,10101653,11082024,11797797,12596604,13254646,14091881,14555678,15520829,16651948,17338578,17426548,17764407,17979964,17977614,18384300,18926282,19181062,18738740
Asia,Energy,Emissions (CO2eq) from CH4 (AR5),kilotonnes,1237752.208,1249145.016,1266529.32,1392674.472,1475528.852,1563184.392,1641979.724,1666245.252,1708997.696,1740221.952,1823065.804,1948445.212,1983326.184,1989362.564,2014510.596,2011350.544,2022519.576,2057690.124,2089036.768,2189872.916,2238079.004
Asia,Energy,Emissions (CO2eq) from N2O (AR5),kilotonnes,66916.7188,68219.5807,71693.9189,75356.8708,81449.0193,85266.7869,89237.2925,94527.7366,96136.011,98927.5475,102772.2735,109125.569,112333.3145,114610.8835,115565.917,115249.0565,115799.6735,119385.68,121320.1535,125801.0915,128856.091
Asia,Energy,Emissions (CO2eq) (AR5),kilotonnes,9944911.927,10068848.6,10544010.24,11569684.34,12639001.87,13446248.18,14327821.02,15015418.99,15897014.71,16394827.5,17446667.08,18709518.78,19434237.5,19530521.45,19894483.51,20106563.6,20115933.25,20561375.8,21136638.92,21496736.01,21105675.1
Asia,IPPU,Emissions (CH4),kilotonnes,67.6465,75.0174,79.9293,88.2445,100.4464,116.1288,138.9591,157.9669,166.5204,180.3366,211.1232,235.2012,251.5271,274.4156,311.1786,319.8524,330.8515,344.2412,358.039,386.8597,405.4351
Asia,IPPU,Emissions (N2O),kilotonnes,204.8708,203.8027,169.8337,176.0835,218.9715,226.4239,234.4765,260.6733,212.8796,104.6893,93.8596,94.0599,139.7252,144.0977,147.319,149.1206,155.9897,161.8001,169.1073,174.1311,174.9753
Asia,IPPU,Emissions (CO2),kilotonnes,760102.38,810491.02,869262.15,945797.54,1023892.56,1105495.16,1222239.47,1328837.44,1360515.74,1454194.1,1574233.37,1707250.35,1763949.97,1864335.24,1947722.92,1902640.88,1956530.1,1997404.46,2072784.26,2178239.06,2237300.54
Asia,IPPU,Emissions (CO2eq) from F-gases (AR5),kilotonnes,169835.2879,183070.8574,213456.1753,238719.2484,285366.9959,322685.5884,356226.0865,347235.3159,361772.1814,362873.5681,374525.0999,406340.4421,435618.7275,502206.2575,568684.678,556584.1956,585090.2373,611362.3289,641335.5772,664865.5455,691780.135
Asia,IPPU,Emissions (CO2eq) from CH4 (AR5),kilotonnes,1894.1012,2100.4884,2238.0213,2470.8469,2812.5004,3251.6064,3890.854,4423.0741,4662.571,5049.4257,5911.4508,6585.6348,7042.7574,7683.6354,8713.0011,8955.8661,9263.8423,9638.7525,10025.0926,10832.0711,11352.1837
Asia,IPPU,Emissions (CO2eq) from N2O (AR5),kilotonnes,54290.7591,54007.7261,45005.9228,46662.1151,58027.4514,60002.3431,62136.2783,69078.4174,56413.0961,27742.6547,24872.8072,24925.8682,37027.1743,38185.8803,39039.5462,39516.9473,41337.2722,42877.0203,44813.4441,46144.7447,46368.4505
Asia,IPPU,Emissions (CO2eq) (AR5),kilotonnes,986122.5282,1049670.092,1129962.269,1233649.75,1370099.508,1491434.698,1644492.689,1749574.247,1783363.589,1849859.749,1979542.728,2145102.295,2243638.629,2412411.013,2564160.145,2507697.889,2592221.452,2661282.562,2768958.374,2900081.421,2986801.309
Asia,Waste,Emissions (CH4),kilotonnes,25899,26598.77,27070.26,27738.72,28355.47,29117.27,30291.78,31379.28,31924.51,32607.56,33577.45,34638.55,35574.71,36555.02,37603.19,38507.87,39225.68,40082.01,40877.8,41687.74,42538.72
Asia,Waste,Emissions (N2O),kilotonnes,164.6323,166.381,168.0309,170.1759,172.388,174.925,178.3463,182.8696,187.9627,192.65,197.3185,202.1785,207.0868,211.3533,214.6795,218.8065,222.1986,226.6869,229.6592,236.1299,240.3306
Asia,Waste,Emissions (CO2),kilotonnes,7910.3067,7708.4559,7356.5288,7447.6142,7386.7497,7124.5678,7397.7495,7677.8492,8337.8508,7602.6254,8070.0772,8124.002,8789.9407,8911.8459,8758.2325,8818.5434,8920.2983,8911.5142,8854.095,9226.0137,9631.1335
Asia,Waste,Emissions (CO2eq) from CH4 (AR5),kilotonnes,725172,744765.56,757967.28,776684.16,793953.16,815283.56,848169.84,878619.84,893886.28,913011.68,940168.6,969879.4,996091.88,1023540.56,1052889.32,1078220.36,1098319.04,1122296.28,1144578.4,1167256.72,1191084.16
Asia,Waste,Emissions (CO2eq) from N2O (AR5),kilotonnes,43627.564,44090.9706,44528.1967,45096.6249,45682.8113,46355.1184,47261.7661,48460.4437,49810.1187,51052.2558,52289.4115,53577.3142,54877.9903,56008.6128,56890.0558,57983.7108,58882.6279,60072.0343,60859.7005,62574.4336,63687.6209
Asia,Waste,Emissions (CO2eq) (AR5),kilotonnes,776709.8707,796564.9865,809852.0055,829228.3991,847022.721,868763.2462,902829.3556,934758.1329,952034.2495,971666.5612,1000528.089,1031580.716,1059759.811,1088461.019,1118537.608,1145022.614,1166121.966,1191279.829,1214292.195,1239057.167,1264402.914
Asia,Other,Emissions (CH4),kilotonnes,135,135,135,135,135,135,135,135,135,135,135,135,135,135,135,135,135,135,135,135,135
Asia,Other,Emissions (N2O),kilotonnes,194.7292,195.9986,202.9022,212.4929,229.4507,223.1141,232.7619,244.4706,247.6261,252.6039,261.394,273.8113,282.595,286.5736,291.4087,291.3819,290.7538,294.6334,300.8709,314.2246,320.3895
Asia,Other,Emissions (CO2),kilotonnes,43232,43187,43135,43076,43013,42948,42883,42820,42761,42709,42664.2,42629.9,42607.82,42600,42600,42600,42600,42600,42600,42600,42600
Asia,Other,Emissions (CO2eq) from CH4 (AR5),kilotonnes,3780,3780,3780,3780,3780,3780,3780,3780,3780,3780,3780,3780,3780,3780,3780,3780,3780,3780,3780,3780,3780
Asia,Other,Emissions (CO2eq) from N2O (AR5),kilotonnes,51603.2459,51939.6263,53769.083,56310.6185,60804.4355,59125.2365,61681.9035,64784.709,65620.9165,66940.0335,69269.41,72559.9945,74887.675,75942.004,77223.3055,77216.2035,77049.757,78077.851,79730.7885,83269.519,84903.2175
Asia,Other,Emissions (CO2eq) (AR5),kilotonnes,98615.2459,98906.6264,100684.083,103166.6185,107597.4355,105853.2365,108344.9035,111384.709,112161.9165,113429.0335,115713.61,118969.8945,121275.495,122322.004,123603.3055,123596.2035,123429.757,124457.851,126110.7885,129649.519,131283.2175
Asia,Farm-gate emissions,Emissions (CH4),kilotonnes,56690.0826,56187.9037,55774.2376,55891.9693,56831.2767,57926.1521,58866.7178,59315.8046,60135.4167,60103.4211,60380.5343,60560.4985,60727.1119,60946.4237,60977.962,61305.7908,61687.7253,62247.8469,62648.7307,62292.2288,63066.1491
Asia,Farm-gate emissions,Direct emissions (N2O),kilotonnes,1639.1709,1642.6695,1685.6504,1709.9232,1765.05,1814.4035,1862.5325,1897.9503,1924.3582,1982.9848,2004.8956,2032.688,2044.4586,2066.1675,2077.8962,2099.9016,2115.5856,2139.8849,2140.6761,2144.3183,2195.2096
Asia,Farm-gate emissions,Indirect emissions (N2O),kilotonnes,506.0025,507.0169,521.1233,529.0957,546.7125,562.3372,577.2395,587.8974,595.8486,614.4207,620.5815,628.9852,632.5295,639.1282,642.7223,649.8948,654.5224,661.0217,660.5043,661.0065,677.867
Asia,Farm-gate emissions,Emissions (N2O),kilotonnes,2505.4226,2507.2513,2574.1163,2598.2452,2681.9904,2745.9792,2817.6953,2847.4945,2887.8754,2964.1929,3000.22,3029.0274,3048.5776,3077.7343,3100.6881,3122.1807,3136.5695,3178.8806,3170.1129,3171.9873,3242.9073
Asia,Farm-gate emissions,Emissions (CO2),kilotonnes,553255.6095,543191.0535,521460.1321,542893.0527,558584.3537,570801.4521,588720.7363,571038.8875,576850.7154,577904.5828,584979.2004,592611.9596,592321.3366,623465.5882,619249.3574,582273.9216,579088.7481,578246.929,568691.0719,563800.6953,565593.8822
Asia,Farm-gate emissions,Emissions (CO2eq) from CH4 (AR5),kilotonnes,1587322.314,1573261.304,1561678.652,1564975.139,1591275.748,1621932.258,1648268.099,1660842.528,1683791.667,1682895.791,1690654.96,1695693.957,1700359.134,1706499.865,1707382.935,1716562.142,1727256.308,1742939.713,1754164.46,1744182.407,1765852.176
Asia,Farm-gate emissions,Emissions (CO2eq) from N2O (AR5),kilotonnes,663936.9762,664421.6045,682140.8134,688534.9704,710727.4648,727684.4956,746689.2661,754586.0395,765286.9854,785511.1254,795058.2979,802692.2728,807873.0703,815599.5828,821682.3561,827377.8929,831190.9164,842403.3687,840079.9169,840576.6313,859370.4275
Asia,Farm-gate emissions,Emissions (CO2eq) (AR5),kilotonnes,2804514.9,2780873.962,2765279.597,2796403.163,2860587.567,2920418.205,2983678.101,2986467.455,3025929.368,3046311.499,3070692.458,3090998.19,3100553.541,3145565.036,3148314.648,3126213.957,3137535.972,3163590.01,3162935.449,3148559.734,3190816.485
Asia,Land Use change,Emissions (CH4),kilotonnes,688.8284,528.6745,5187.7141,1936.4424,5542.1507,2673.231,6270.6668,1069.1674,650.8809,4553.3677,905.2608,2291.4618,2479.1411,2172.6442,5531.5164,5830.089,1009.3758,544.374,2233.9766,4515.2649,848.5317
Asia,Land Use change,Emissions (N2O),kilotonnes,9.6165,14.5695,21.6082,32.8553,57.8724,32.9301,35.9885,49.1718,26.9761,45.7691,45.613,26.7148,36.7152,30.1598,42.7534,43.0629,31.1056,27.8904,21.1103,33.1291,38.1603
Asia,Land Use change,Emissions (CO2),kilotonnes,999890.049,330958.3576,702466.4241,428842.1599,698927.2867,488644.7288,777266.6658,344048.1811,329851.9771,629407.9413,333950.4857,788740.5157,795068.9,776077.6342,1037428.722,1061233.393,461689.4903,426833.2631,569780.7096,744084.1514,442398.6976
Asia,Land Use change,Emissions (CO2eq) from CH4 (AR5),kilotonnes,19287.1951,14802.885,145255.9935,54220.3877,155180.2207,74850.4673,175578.6711,29936.688,18224.6645,127494.2952,25347.3034,64160.9294,69415.9512,60834.0383,154882.4586,163242.4908,28262.523,15242.4712,62551.3454,126427.416,23758.8881
Asia,Land Use change,Emissions (CO2eq) from N2O (AR5),kilotonnes,2548.3624,3860.9077,5726.1762,8706.6596,15336.1818,8726.4679,9536.9404,13030.5205,7148.6637,12128.8149,12087.4437,7079.4206,9729.5293,7992.3474,11329.6609,11411.678,8242.9762,7390.9687,5594.2239,8779.2142,10112.4671
Asia,Land Use change,Emissions (CO2eq) (AR5),kilotonnes,1021725.607,349622.1503,853448.5938,491769.2072,869443.6892,572221.6639,962382.2772,387015.3897,355225.3052,769031.0515,371385.2329,859980.8657,874214.3805,844904.0199,1203640.841,1235887.562,498194.9895,449466.703,637926.2789,879290.7816,476270.0528
Asia,Emissions on agricultural land,Emissions (CH4),kilotonnes,57378.911,56716.5782,60961.9516,57828.4117,62373.4275,60599.383,65137.3846,60384.972,60786.2975,64656.7888,61285.7951,62851.9602,63206.253,63119.068,66509.4783,67135.8798,62697.1011,62792.2208,64882.7073,66807.4937,63914.6808
Asia,Emissions on agricultural land,Emissions (N2O),kilotonnes,2515.039,2521.8208,2595.7245,2631.1005,2739.8628,2778.9093,2853.6838,2896.6663,2914.8515,3009.962,3045.833,3055.7422,3085.2928,3107.8941,3143.4416,3165.2437,3167.6751,3206.7711,3191.2232,3205.1164,3281.0675
Asia,Emissions on agricultural land,Emissions (CO2),kilotonnes,1553145.659,874149.411,1223926.556,971735.2125,1257511.64,1059446.181,1365987.402,915087.0686,906702.6924,1207312.524,918929.6861,1381352.475,1387390.237,1399543.223,1656678.079,1643507.315,1040778.238,1005080.192,1138471.782,1307884.847,1007992.58
Asia,Emissions on agricultural land,Emissions (CO2eq) from CH4 (AR5),kilotonnes,1606609.509,1588064.189,1706934.645,1619195.527,1746455.969,1696782.725,1823846.77,1690779.216,1702016.331,1810390.086,1716002.263,1759854.887,1769775.085,1767333.903,1862265.394,1879804.633,1755518.831,1758182.184,1816715.806,1870609.823,1789611.064
Asia,Emissions on agricultural land,Emissions (CO2eq) from N2O (AR5),kilotonnes,666485.3386,668282.5122,687866.9896,697241.63,726063.6467,736410.9634,756226.2064,767616.56,772435.6491,797639.9404,807145.7416,809771.6934,817602.5996,823591.9302,833012.0169,838789.5708,839433.8926,849794.3374,845674.1408,849355.8455,869482.8946
Asia,Emissions on agricultural land,Emissions (CO2eq) (AR5),kilotonnes,3826240.506,3130496.112,3618728.191,3288172.37,3730031.256,3492639.869,3946060.378,3373482.845,3381154.673,3815342.551,3442077.691,3950979.055,3974767.922,3990469.056,4351955.49,4362101.519,3635730.962,3613056.713,3800861.728,4027850.515,3667086.538
Asia,Pre- and post- production,Emissions (CH4),kilotonnes,21555.199,21759.3422,21963.5094,22385.3781,22540.5683,22877.7228,23292.4406,23063.5721,23492.7934,23866.3319,24354.8967,24742.3234,25047.3178,25214.3047,25191.9535,25250.2481,25490.427,25421.1257,25573.9307,25742.9389,25799.952
Asia,Pre- and post- production,Emissions (N2O),kilotonnes,191.5564,194.5933,201.3235,211.4308,216.5184,216.8231,226.7256,237.9988,241.3616,247.5632,256.2684,264.1628,268.5807,270.1636,281.9531,280.0486,275.5927,272.5746,267.1688,267.1703,269.7724
Asia,Pre- and post- production,Emissions (CO2),kilotonnes,969211.9168,989927.9987,1017585.399,1073238.126,1146470.402,1185806.525,1249173.392,1352590.739,1403118.656,1463949.389,1519593.892,1603108.979,1660581.789,1788747.867,1849595.363,1898468.291,1986648.17,2026880.977,2057916.645,2087253.631,2041519.071
Asia,Pre- and post- production,Emissions (CO2eq) from F-gases (AR5),kilotonnes,22923.9765,26996.8565,31053.632,34624.675,38518.3275,43193.308,47256.3175,51325.561,52098.0575,52463.266,52631.0645,52704.8335,52736.523,52754.186,52754.186,52754.186,56695.113,57709.177,58724.28,59737.8245,62057.4894
Asia,Pre- and post- production,Emissions (CO2eq) from CH4 (AR5),kilotonnes,603545.5707,609261.5813,614978.263,626790.5881,631135.9128,640576.2386,652188.3372,645780.0185,657798.2141,668257.2936,681937.1069,692785.0556,701324.8974,706000.5312,705374.698,707006.9456,713731.9569,711791.5196,716070.0586,720802.2895,722398.6566
Asia,Pre- and post- production,Emissions (CO2eq) from N2O (AR5),kilotonnes,50762.4518,51567.2297,53350.7329,56029.157,57377.3853,57458.1347,60082.2885,63069.6935,63960.8275,65604.2513,67911.1249,70003.1405,71173.8928,71593.3565,74717.5777,74212.8733,73032.0766,72232.2821,70799.7273,70800.1368,71489.6932
Asia,Pre- and post- production,Emissions (CO2eq) (AR5),kilotonnes,1646443.916,1677753.666,1716968.027,1790682.546,1873502.028,1927034.207,2008700.335,2112766.012,2176975.755,2250274.2,2322073.189,2418602.008,2485817.102,2619095.94,2682441.825,2732442.296,2830107.317,2868613.956,2903510.711,2938593.881,2897464.91
Asia,Agri-food systems,Emissions (CH4),kilotonnes,78934.11,78475.9204,82925.461,80213.7898,84913.9958,83477.1058,88429.8253,83448.5441,84279.0909,88523.1207,85640.6918,87594.2837,88253.5708,88333.3726,91701.4318,92386.1278,88187.5281,88213.3465,90456.638,92550.4326,89714.6329
Asia,Agri-food systems,Emissions (N2O),kilotonnes,2706.5954,2716.4141,2797.048,2842.5313,2956.3813,2995.7324,3080.4094,3134.6651,3156.2131,3257.5253,3302.1014,3319.905,3353.8736,3378.0577,3425.3947,3445.2922,3443.2678,3479.3457,3458.392,3472.2867,3550.84
Asia,Agri-food systems,Emissions (CO2),kilotonnes,2522357.575,1864077.41,2241511.955,2044973.339,2403982.042,2245252.706,2615160.794,2267677.807,2309821.348,2671261.913,2438523.578,2984461.454,3047972.025,3188291.089,3506273.442,3541975.606,3027426.409,3031961.169,3196388.427,3395138.477,3049511.651
Asia,Agri-food systems,Emissions (CO2eq) from F-gases (AR5),kilotonnes,22923.9765,26996.8565,31053.632,34624.675,38518.3275,43193.308,47256.3175,51325.561,52098.0575,52463.266,52631.0645,52704.8335,52736.523,52754.186,52754.186,52754.186,56695.113,57709.177,58724.28,59737.8245,62057.4894
Asia,Agri-food systems,Emissions (CO2eq) from CH4 (AR5),kilotonnes,2210155.08,2197325.771,2321912.908,2245986.115,2377591.882,2337358.963,2476035.107,2336559.235,2359814.545,2478647.38,2397939.37,2452639.942,2471099.983,2473334.434,2567640.092,2586811.579,2469250.788,2469973.703,2532785.864,2591412.113,2512009.72
Asia,Agri-food systems,Emissions (CO2eq) from N2O (AR5),kilotonnes,717247.7904,719849.7419,741217.7225,753270.787,783441.032,793869.0982,816308.495,830686.2536,836396.4766,863244.1917,875056.8666,879774.8339,888776.4924,895185.2867,907729.5947,913002.4441,912465.9692,922026.6195,916473.8681,920155.9823,940972.5879
Asia,Agri-food systems,Emissions (CO2eq) (AR5),kilotonnes,5472684.422,4808249.779,5335696.218,5078854.916,5603533.284,5419674.076,5954760.713,5486248.857,5558130.428,6065616.75,5764150.88,6369581.064,6460585.023,6609564.996,7034397.315,7094543.815,6465838.279,6481670.669,6704372.439,6966444.397,6564551.449
Asia,IPCC Agriculture,Emissions (CH4),kilotonnes,56411.3448,55949.8417,55557.8807,55653.153,56578.4782,57653.105,58570.2355,58998.2704,59822.5668,59783.3064,60069.0782,60268.4394,60440.1084,60624.3344,60670.0393,61014.2324,61397.1698,61961.4385,62405.2759,62058.8819,62832.8022
Asia,IPCC Agriculture,Direct emissions (N2O),kilotonnes,1639.1709,1642.6695,1685.6504,1709.9232,1765.05,1814.4035,1862.5325,1897.9503,1924.3582,1982.9848,2004.8956,2032.688,2044.4586,2066.1675,2077.8962,2099.9016,2115.5856,2139.8849,2140.6761,2144.3183,2195.2096
Asia,IPCC Agriculture,Indirect emissions (N2O),kilotonnes,506.0025,507.0169,521.1233,529.0957,546.7125,562.3372,577.2395,587.8974,595.8486,614.4207,620.5815,628.9852,632.5295,639.1282,642.7223,649.8948,654.5224,661.0217,660.5043,661.0065,677.867
Asia,IPCC Agriculture,Emissions (N2O),kilotonnes,2445.7789,2446.8615,2520.8534,2542.5389,2622.4098,2685.4913,2754.777,2795.5936,2834.2456,2912.301,2946.4873,2971.4014,2991.7942,3012.3958,3036.3221,3070.8632,3087.4307,3129.8804,3121.846,3125.474,3196.3939
Asia,IPCC Agriculture,Emissions (CO2eq) from CH4 (AR5),kilotonnes,1579517.656,1566595.569,1555620.661,1558288.283,1584197.39,1614286.94,1639966.593,1651951.573,1675031.869,1673932.579,1681934.189,1687516.303,1692323.036,1697481.364,1698761.101,1708398.506,1719120.754,1734920.278,1747347.726,1737648.692,1759318.461
Asia,IPCC Agriculture,Emissions (CO2eq) from N2O (AR5),kilotonnes,648131.4078,648418.2901,668026.1642,673772.8083,694938.6013,711655.184,730015.8978,740832.3076,751075.0796,771759.777,780819.133,787421.3657,792825.4651,798284.8952,804625.3615,813778.751,818169.1312,829418.2929,827289.1942,828250.5984,847044.3946
Asia,IPCC Agriculture,Emissions (CO2eq) (AR5),kilotonnes,2227649.063,2215013.859,2223646.825,2232061.091,2279135.991,2325942.125,2369982.491,2392783.88,2426106.949,2445692.356,2462753.322,2474937.669,2485148.501,2495766.259,2503386.462,2522177.257,2537289.886,2564338.571,2574636.92,2565899.291,2606362.855
Asia,Agricultural Soils,Direct emissions (N2O),kilotonnes,1639.1709,1642.6695,1685.6504,1709.9232,1765.05,1814.4035,1862.5325,1897.9503,1924.3582,1982.9848,2004.8956,2032.688,2044.4586,2066.1675,2077.8962,2099.9016,2115.5856,2139.8849,2140.6761,2144.3183,2195.2096
Asia,Agricultural Soils,Indirect emissions (N2O),kilotonnes,506.0025,507.0169,521.1233,529.0957,546.7125,562.3372,577.2395,587.8974,595.8486,614.4207,620.5815,628.9852,632.5295,639.1282,642.7223,649.8948,654.5224,661.0217,660.5043,661.0065,677.867
Asia,Agricultural Soils,Emissions (N2O),kilotonnes,2209.1412,2213.6148,2270.9591,2303.6146,2376.6959,2442.4081,2506.3251,2553.3639,2588.4235,2666.0699,2694.8434,2731.6507,2747.427,2775.9218,2791.7183,2820.8544,2841.5643,2872.4845,2873.0168,2877.4298,2945.4659
Asia,Agricultural Soils,Emissions (CO2eq) from N2O (AR5),kilotonnes,585422.4203,586607.9145,601804.1601,610457.859,629824.4239,647238.1458,664176.1597,676641.4399,685932.2372,706508.5238,714133.5042,723887.428,728068.1626,735619.2799,739805.3455,747526.4049,753014.5455,761208.3995,761349.4627,762518.903,780548.4583
Asia,Agricultural Soils,Emissions (CO2eq) (AR5),kilotonnes,585422.4203,586607.9145,601804.1601,610457.859,629824.4239,647238.1458,664176.1597,676641.4399,685932.2372,706508.5238,714133.5042,723887.428,728068.1626,735619.2799,739805.3455,747526.4049,753014.5455,761208.3995,761349.4627,762518.903,780548.4583
Asia,LULUCF,Emissions (CH4),kilotonnes,959.655,648.3045,5321.9057,2176.5887,5927.1477,2886.4528,6465.6062,1423.8804,831.0145,4905.6825,1212.9042,2463.9723,2783.0521,2383.4555,5743.5358,6034.7761,1221.3664,763.0202,2417.4404,4700.7366,1017.2432
Asia,LULUCF,Emissions (N2O),kilotonnes,19.2566,25.4922,33.8605,54.7817,93.0243,52.3981,53.7873,81.5586,43.4231,77.937,73.7022,42.4658,64.4636,49.4078,62.1117,61.7518,50.4612,47.8538,37.8613,50.0635,53.5643
Asia,LULUCF,Emissions (CO2),kilotonnes,-47289.8266,-68716.2901,304509.0144,33491.3554,305448.9195,100076.4981,394514.6816,-32079.7403,-41440.3303,261339.8614,-29276.546,-130181.9366,-120732.3124,-138350.459,126292.2216,149963.7096,-36544.6162,-70346.7267,74299.1621,250395.7065,-49496.5604
Asia,LULUCF,Emissions (CO2eq) from CH4 (AR5),kilotonnes,26870.3391,18152.5251,149013.3585,60944.4846,165960.1368,80820.6774,181036.973,39868.6507,23268.4053,137359.11,33961.3189,68991.2234,77925.4599,66736.7543,160819.0019,168973.7303,34198.2596,21364.5652,67688.3308,131620.6251,28482.8106
Asia,LULUCF,Emissions (CO2eq) from N2O (AR5),kilotonnes,5102.9971,6755.4337,8973.0296,14517.1563,24651.4354,13885.5081,14253.6252,21613.0317,11507.1136,20653.3016,19531.0767,11253.4247,17082.8547,13093.0639,16459.6086,16364.2165,13372.2269,12681.2565,10033.2493,13266.8242,14194.5524
Asia,LULUCF,Emissions (CO2eq) (AR5),kilotonnes,-15316.4904,-43808.3313,462495.4024,108952.9963,496060.4917,194782.6837,589805.2799,29401.9421,-6664.8114,419352.273,24215.8496,-49937.2884,-25723.9978,-58520.6408,303570.832,335301.6564,11025.8703,-36300.905,152020.7422,395283.1558,-6819.1974
Asia,AFOLU,Emissions (CH4),kilotonnes,57370.9998,56598.1462,60879.7864,57829.7417,62505.6259,60539.5578,65035.8416,60422.1508,60653.5812,64688.9889,61281.9824,62732.4117,63223.1606,63007.7899,66413.5751,67049.0084,62618.5362,62724.4587,64822.7163,66759.6185,63850.0454
Asia,AFOLU,Emissions (N2O),kilotonnes,2465.0355,2472.3537,2554.7139,2597.3206,2715.4341,2737.8894,2808.5642,2877.1522,2877.6687,2990.238,3020.1895,3013.8671,3056.2578,3061.8036,3098.4338,3132.615,3137.8919,3177.7341,3159.7073,3175.5374,3249.9583
Asia,AFOLU,Emissions (CO2),kilotonnes,-47289.8266,-68716.2901,304509.0144,33491.3554,305448.9195,100076.4981,394514.6816,-32079.7403,-41440.3303,261339.8614,-29276.546,-130181.9366,-120732.3124,-138350.459,126292.2216,149963.7096,-36544.6162,-70346.7267,74299.1621,250395.7065,-49496.5604
Asia,AFOLU,Emissions (CO2eq) from CH4 (AR5),kilotonnes,1606387.995,1584748.094,1704634.019,1619232.768,1750157.526,1695107.618,1821003.566,1691820.223,1698300.275,1811291.689,1715895.508,1756507.526,1770248.496,1764218.118,1859580.102,1877372.237,1753319.014,1756284.843,1815036.056,1869269.317,1787801.271
Asia,AFOLU,Emissions (CO2eq) from N2O (AR5),kilotonnes,653234.405,655173.7237,676999.1938,688289.9646,719590.0367,725540.6922,744269.523,762445.3394,762582.1932,792413.0786,800350.2097,798674.7904,809908.3198,811377.959,821084.97,830142.9674,831541.3581,842099.5493,837322.4434,841517.4227,861238.947
Asia,AFOLU,Emissions (CO2eq) (AR5),kilotonnes,2212332.573,2171205.527,2686142.228,2341014.088,2775196.483,2520724.808,2959787.77,2422185.822,2419442.138,2865044.629,2486969.172,2425000.38,2459424.503,2437245.619,2806957.294,2857478.914,2548315.756,2528037.666,2726657.662,2961182.447,2599543.658
Asia,All sectors with LULUCF,Emissions (CH4),kilotonnes,127678.0823,128019.2556,133398.1657,135530.0802,143794.0014,145735.9706,154243.7137,151603.1568,153915.2436,159762.6695,160315.0487,167328.4919,170017.4756,171020.8885,176409.7507,177845.6788,174542.9097,176774.6428,180802.0113,187178.9652,186860.5935
Asia,All sectors with LULUCF,Emissions (N2O),kilotonnes,3281.7837,3295.9684,3366.0238,3440.4385,3643.5991,3684.1139,3790.8934,3921.8741,3888.9145,3913.4927,3960.5816,3995.7115,4109.5641,4136.322,4187.9388,4226.826,4243.8139,4311.3665,4317.1567,4374.7442,4471.9031
Asia,All sectors with LULUCF,Emissions (CO2),kilotonnes,9404197.86,9544154.186,10430049.69,11131465.51,12461765.23,13053441.23,14263638.9,14601901.55,15462055.26,16321523.59,17116520.1,18279770.32,19033193.42,19204044.63,19889780.37,20083987.13,19949119.78,20362869.25,21124819.52,21661522.78,20978775.11
Asia,All sectors with LULUCF,Emissions (CO2eq) from F-gases (AR5),kilotonnes,169835.2879,183070.8574,213456.1753,238719.2484,285366.9959,322685.5884,356226.0865,347235.3159,361772.1814,362873.5681,374525.0999,406340.4421,435618.7275,502206.2575,568684.678,556584.1956,585090.2373,611362.3289,641335.5772,664865.5455,691780.135
Asia,All sectors with LULUCF,Emissions (CO2eq) from CH4 (AR5),kilotonnes,3574986.304,3584539.158,3735148.641,3794842.247,4026232.039,4080607.176,4318823.984,4244888.389,4309626.822,4473354.746,4488821.363,4685197.773,4760489.318,4788584.878,4939473.02,4979679.007,4887201.472,4949690,5062456.317,5241011.024,5232096.619
Asia,All sectors with LULUCF,Emissions (CO2eq) from N2O (AR5),kilotonnes,869672.6928,873431.6274,891996.3151,911716.1939,965553.7542,976290.1771,1004586.763,1039296.646,1030562.336,1037075.57,1049554.112,1058863.536,1089034.474,1096125.34,1109803.795,1120108.886,1124610.689,1142512.135,1144046.53,1159307.211,1185054.327
Asia,All sectors with LULUCF,Emissions (CO2eq) (AR5),kilotonnes,14018692.14,14185195.83,15270650.82,16076743.2,17738918.02,18433024.17,19943275.73,20233321.9,21164016.6,22194827.47,23029420.68,24430172.07,25318335.94,25590961.1,26507741.87,26740359.22,26546022.18,27066433.71,27972657.94,28726706.56,28087706.19
Asia,All sectors without LULUCF,Emissions (CH4),kilotonnes,126718.4273,127370.9512,128076.2601,133353.4915,137866.8536,142849.5178,147778.1075,150179.2764,153084.2292,154856.987,159102.1444,164864.5196,167234.4235,168637.433,170666.2149,171810.9027,173321.5433,176011.6227,178384.5709,182478.2285,185843.3503
Asia,All sectors without LULUCF,Emissions (N2O),kilotonnes,3262.5272,3270.4762,3332.1633,3385.6567,3550.5748,3631.7157,3737.1062,3840.3155,3845.4914,3835.5557,3886.8794,3953.2457,4045.1004,4086.9142,4125.8271,4165.0742,4193.3527,4263.5127,4279.2954,4324.6807,4418.3388
Asia,All sectors without LULUCF,Emissions (CO2),kilotonnes,9451487.687,9612870.476,10125540.68,11097974.15,12156316.31,12953364.73,13869124.22,14633981.29,15503495.59,16060183.73,17145796.65,18409952.25,19153925.73,19342395.09,19763488.15,19934023.42,19985664.4,20433215.97,21050520.36,21411127.07,21028271.67
Asia,All sectors without LULUCF,Emissions (CO2eq) from F-gases (AR5),kilotonnes,169835.2879,183070.8574,213456.1753,238719.2484,285366.9959,322685.5884,356226.0865,347235.3159,361772.1814,362873.5681,374525.0999,406340.4421,435618.7275,502206.2575,568684.678,556584.1956,585090.2373,611362.3289,641335.5772,664865.5455,691780.135
Asia,All sectors without LULUCF,Emissions (CO2eq) from CH4 (AR5),kilotonnes,3548115.965,3566386.633,3586135.282,3733897.762,3860271.902,3999786.499,4137787.011,4205019.739,4286358.416,4335995.636,4454860.044,4616206.55,4682563.858,4721848.124,4778654.018,4810705.276,4853003.213,4928325.435,4994767.986,5109390.399,5203613.808
Asia,All sectors without LULUCF,Emissions (CO2eq) from N2O (AR5),kilotonnes,864569.6957,866676.1937,883023.2855,897199.0375,940902.3188,962404.6689,990333.1381,1017683.614,1019055.222,1016422.269,1030023.035,1047610.112,1071951.619,1083032.276,1093344.186,1103744.669,1111238.462,1129830.878,1134013.281,1146040.387,1170859.775
Asia,All sectors without LULUCF,Emissions (CO2eq) (AR5),kilotonnes,14034008.64,14229004.16,14808155.42,15967790.2,17242857.53,18238241.48,19353470.45,20203919.96,21170681.41,21775475.2,23005204.83,24480109.36,25344059.93,25649481.74,26204171.03,26405057.56,26534996.31,27102734.62,27820637.2,28331423.41,28094525.39
Central Asia,Crop Residues,Direct emissions (N2O),kilotonnes,4.6703,5.562,6.0587,6.0237,5.5718,5.9494,6.5452,6.8187,6.0251,7.4027,5.7077,8.2148,5.7044,6.9335,6.6071,6.9628,7.413,7.1201,6.9212,6.7122,7.2159
Central Asia,Crop Residues,Indirect emissions (N2O),kilotonnes,1.0508,1.2515,1.3632,1.3553,1.2537,1.3386,1.4727,1.5342,1.3556,1.6656,1.2842,1.8483,1.2835,1.56,1.4866,1.5666,1.6679,1.602,1.5573,1.5102,1.6236
Central Asia,Crop Residues,Emissions (N2O),kilotonnes,5.7212,6.8135,7.4219,7.379,6.8254,7.288,8.0179,8.3528,7.3808,9.0683,6.9919,10.0632,6.9879,8.4936,8.0937,8.5294,9.081,8.7221,8.4785,8.2224,8.8394
Central Asia,Crop Residues,Emissions (CO2eq) from N2O (AR5),kilotonnes,1516.1054,1805.5687,1966.8066,1955.4371,1808.7412,1931.3299,2124.7305,2213.5048,1955.8993,2403.1084,1852.8525,2666.7447,1851.7805,2250.8025,2144.821,2260.2908,2406.4531,2311.3488,2246.8067,2178.9368,2342.4487
Central Asia,Crop Residues,Emissions (CO2eq) (AR5),kilotonnes,1516.1054,1805.5687,1966.8066,1955.4371,1808.7412,1931.3299,2124.7305,2213.5048,1955.8993,2403.1084,1852.8525,2666.7447,1851.7805,2250.8025,2144.821,2260.2908,2406.4531,2311.3488,2246.8067,2178.9368,2342.4487
Central Asia,Rice Cultivation,Emissions (CH4),kilotonnes,48.1711,35.978,43.1652,59.3174,47.7063,47.7322,49.6803,39.6928,33.7747,37.35,44.4849,33.1977,63.0279,58.8334,62.659,68.8152,70.0885,76.4937,74.657,68.0191,68.1233
Central Asia,Rice Cultivation,Emissions (CO2eq) from CH4 (AR5),kilotonnes,1348.7921,1007.383,1208.6257,1660.8879,1335.7756,1336.5018,1391.0483,1111.3985,945.6913,1045.7987,1245.5767,929.536,1764.7804,1647.3359,1754.4533,1926.8257,1962.4781,2141.8235,2090.3973,1904.5345,1907.4517
Central Asia,Rice Cultivation,Emissions (CO2eq) (AR5),kilotonnes,1348.7921,1007.383,1208.6257,1660.8879,1335.7756,1336.5018,1391.0483,1111.3985,945.6913,1045.7987,1245.5767,929.536,1764.7804,1647.3359,1754.4533,1926.8257,1962.4781,2141.8235,2090.3973,1904.5345,1907.4517
Central Asia,Burning - Crop residues,Emissions (CH4),kilotonnes,14.8073,15.3719,16.5661,16.5825,16.9839,17.1224,17.1587,17.6794,18.0053,19.518,18.3601,18.7947,17.814,18.6772,17.411,17.3126,18.0784,17.3485,16.4356,16.57,17.382
Central Asia,Burning - Crop residues,Emissions (N2O),kilotonnes,0.3839,0.3985,0.4295,0.4299,0.4403,0.4439,0.4449,0.4584,0.4668,0.506,0.476,0.4873,0.4618,0.4842,0.4514,0.4488,0.4687,0.4498,0.4261,0.4296,0.4506
Central Asia,Burning - Crop residues,Emissions (CO2eq) from CH4 (AR5),kilotonnes,414.6054,430.4141,463.8513,464.3095,475.5489,479.426,480.4427,495.0222,504.1489,546.5032,514.0833,526.2505,498.7907,522.9602,487.5091,484.7523,506.1958,485.7572,460.1969,463.9605,486.6964
Central Asia,Burning - Crop residues,Emissions (CO2eq) from N2O (AR5),kilotonnes,101.7319,105.6109,113.8154,113.9278,116.6856,117.6369,117.8864,121.4638,123.7032,134.0957,126.1408,129.1263,122.3885,128.3189,119.6203,118.9438,124.2054,119.1904,112.9187,113.8422,119.4209
Central Asia,Burning - Crop residues,Emissions (CO2eq) (AR5),kilotonnes,516.3373,536.0249,577.6666,578.2373,592.2346,597.063,598.3291,616.486,627.8521,680.5989,640.224,655.3768,621.1792,651.2791,607.1293,603.6961,630.4012,604.9476,573.1156,577.8026,606.1172
Central Asia,Enteric Fermentation,Emissions (CH4),kilotonnes,923.7186,954.6595,993.8323,1043.5378,1109.9746,1173.2022,1233.651,1276.12,1359.7253,1415.1821,1462.6799,1515.3188,1537.3821,1570.3104,1616.0026,1671.5065,1756.2043,1802.7245,1854.661,1890.8582,1933.8655
Central Asia,Enteric Fermentation,Emissions (CO2eq) from CH4 (AR5),kilotonnes,25864.1214,26730.4657,27827.3031,29219.0578,31079.2875,32849.6629,34542.2277,35731.3602,38072.3076,39625.0978,40955.038,42428.9257,43046.6991,43968.6922,45248.0719,46802.1825,49173.7194,50476.2871,51930.5076,52944.0306,54148.2345
Central Asia,Enteric Fermentation,Emissions (CO2eq) (AR5),kilotonnes,25864.1214,26730.4657,27827.3031,29219.0578,31079.2875,32849.6629,34542.2277,35731.3602,38072.3076,39625.0978,40955.038,42428.9257,43046.6991,43968.6922,45248.0719,46802.1825,49173.7194,50476.2871,51930.5076,52944.0306,54148.2345
Central Asia,Manure Management,Emissions (CH4),kilotonnes,73.5509,76.3662,78.6686,82.5162,89.0666,92.6309,96.7117,97.9459,103.0007,107.1646,110.5424,114.0932,114.787,114.8984,118.3883,120.7644,122.6738,124.9643,127.0296,127.7851,129.0918
Central Asia,Manure Management,Emissions (N2O),kilotonnes,7.2972,7.5372,7.8389,8.1789,8.671,9.1826,9.6233,10.0825,10.8006,11.3189,11.7128,12.2052,12.3857,12.7987,13.1929,13.7417,14.7602,15.2288,15.7721,16.1623,16.6005
Central Asia,Manure Management,Emissions (CO2eq) from CH4 (AR5),kilotonnes,2059.4255,2138.2523,2202.7212,2310.4547,2493.8636,2593.6661,2707.928,2742.4857,2884.0194,3000.6079,3095.1867,3194.6094,3214.0371,3217.1541,3314.8736,3381.4028,3434.8657,3498.9993,3556.8296,3577.9836,3614.5708
Central Asia,Manure Management,Emissions (CO2eq) from N2O (AR5),kilotonnes,1933.7524,1997.3502,2077.3108,2167.4173,2297.8218,2433.3842,2550.1695,2671.8707,2862.1664,2999.5199,3103.894,3234.3788,3282.2005,3391.6666,3496.1144,3641.5529,3911.4503,4035.6403,4179.6089,4283.0136,4399.1312
Central Asia,Manure Management,Emissions (CO2eq) (AR5),kilotonnes,3993.1779,4135.6025,4280.032,4477.8721,4791.6854,5027.0502,5258.0976,5414.3564,5746.1859,6000.1279,6199.0807,6428.9883,6496.2376,6608.8207,6810.988,7022.9557,7346.316,7534.6395,7736.4385,7860.9972,8013.702
Central Asia,Manure left on Pasture,Direct emissions (N2O),kilotonnes,13.7469,14.2078,14.9707,15.9037,16.8903,18.039,19.1592,19.9765,21.4111,22.1348,22.8974,23.696,24.2328,24.8898,25.5061,26.4781,27.9018,28.6559,29.5891,30.2153,31.0159
Central Asia,Manure left on Pasture,Indirect emissions (N2O),kilotonnes,4.3075,4.4526,4.7177,5.0469,5.3577,5.7384,6.122,6.3737,6.8352,7.0257,7.2629,7.496,7.6816,7.868,8.0391,8.3381,8.7339,8.9531,9.2299,9.4204,9.6784
Central Asia,Manure left on Pasture,Emissions (N2O),kilotonnes,18.0544,18.6604,19.6884,20.9505,22.248,23.7774,25.2812,26.3502,28.2463,29.1604,30.1603,31.1921,31.9144,32.7579,33.5452,34.8162,36.6356,37.6091,38.819,39.6357,40.6943
Central Asia,Manure left on Pasture,Emissions (CO2eq) from N2O (AR5),kilotonnes,4784.4186,4945.0045,5217.4243,5551.8929,5895.7071,6301.0046,6699.5192,6982.8059,7485.2653,7727.5165,7992.4747,8265.904,8457.3276,8680.8308,8889.4804,9226.2912,9708.4464,9966.4043,10287.0359,10503.4734,10784.0017
Central Asia,Manure left on Pasture,Emissions (CO2eq) (AR5),kilotonnes,4784.4186,4945.0045,5217.4243,5551.8929,5895.7071,6301.0046,6699.5192,6982.8059,7485.2653,7727.5165,7992.4747,8265.904,8457.3276,8680.8308,8889.4804,9226.2912,9708.4464,9966.4043,10287.0359,10503.4734,10784.0017
Central Asia,Manure applied to Soils,Direct emissions (N2O),kilotonnes,5.1745,5.3579,5.5763,5.8724,6.2569,6.5806,6.9121,7.1234,7.5735,7.8719,8.144,8.4389,8.5648,8.7213,8.9771,9.2355,9.5872,9.8299,10.1027,10.249,10.4185
Central Asia,Manure applied to Soils,Indirect emissions (N2O),kilotonnes,2.1992,2.2771,2.3699,2.4958,2.6592,2.7968,2.9377,3.0274,3.2187,3.3456,3.4612,3.5865,3.6401,3.7065,3.8153,3.9251,4.0746,4.1777,4.2936,4.3558,4.4279
Central Asia,Manure applied to Soils,Emissions (N2O),kilotonnes,7.3737,7.635,7.9463,8.3681,8.9161,9.3774,9.8498,10.1508,10.7922,11.2175,11.6052,12.0254,12.2049,12.4278,12.7923,13.1606,13.6618,14.0076,14.3963,14.6048,14.8464
Central Asia,Manure applied to Soils,Emissions (CO2eq) from N2O (AR5),kilotonnes,1954.0345,2023.277,2105.7611,2217.5554,2362.7559,2485.0136,2610.1926,2689.9573,2859.9405,2972.6248,3075.3711,3186.7251,3234.2994,3293.3736,3389.9626,3487.5544,3620.3702,3712.0207,3815.0238,3870.2795,3934.3012
Central Asia,Manure applied to Soils,Emissions (CO2eq) (AR5),kilotonnes,1954.0345,2023.277,2105.7611,2217.5554,2362.7559,2485.0136,2610.1926,2689.9573,2859.9405,2972.6248,3075.3711,3186.7251,3234.2994,3293.3736,3389.9626,3487.5544,3620.3702,3712.0207,3815.0238,3870.2795,3934.3012
Central Asia,Synthetic Fertilizers,Direct emissions (N2O),kilotonnes,12.2375,11.0078,11.1473,11.8079,10.3332,11.6393,13.2132,13.519,14.3359,15.7205,16.3449,16.8431,17.4856,17.632,19.1086,20.666,19.2664,19.68,19.1188,20.2688,18.5549
Central Asia,Synthetic Fertilizers,Indirect emissions (N2O),kilotonnes,3.9772,3.5775,3.6229,3.8376,3.3583,3.7828,4.2943,4.3937,4.6592,5.1092,5.3121,5.474,5.6828,5.7304,6.2103,6.7164,6.2616,6.396,6.2136,6.5874,6.0304
Central Asia,Synthetic Fertilizers,Emissions (N2O),kilotonnes,16.2147,14.5853,14.7702,15.6454,13.6915,15.4221,17.5074,17.9127,18.9951,20.8296,21.657,22.3171,23.1684,23.3624,25.3189,27.3824,25.528,26.076,25.3324,26.8562,24.5853
Central Asia,Synthetic Fertilizers,Emissions (CO2eq) from N2O (AR5),kilotonnes,4296.8893,3865.1118,3914.0982,4146.0405,3628.2592,4086.8484,4639.4741,4746.8676,5033.6974,5519.856,5739.1091,5914.0199,6139.6219,6191.0397,6709.5061,7256.3473,6764.9122,6910.1513,6713.0951,7116.8939,6515.0986
Central Asia,Synthetic Fertilizers,Emissions (CO2eq) (AR5),kilotonnes,4296.8893,3865.1118,3914.0982,4146.0405,3628.2592,4086.8484,4639.4741,4746.8676,5033.6974,5519.856,5739.1091,5914.0199,6139.6219,6191.0397,6709.5061,7256.3473,6764.9122,6910.1513,6713.0951,7116.8939,6515.0986
Central Asia,Drained organic soils,Emissions (CO2eq) (AR5),kilotonnes,0,0,0,0,0,0,0,0,0,0,0,0,0,0,0,0,0,0,0,0,0
Central Asia,Drained organic soils (CO2),Emissions (CO2),kilotonnes,0,0,0,0,0,0,0,0,0,0,0,0,0,0,0,0,0,0,0,0,0
Central Asia,Drained organic soils (CO2),Emissions (CO2eq) (AR5),kilotonnes,0,0,0,0,0,0,0,0,0,0,0,0,0,0,0,0,0,0,0,0,0
Central Asia,Drained organic soils (N2O),Emissions (N2O),kilotonnes,0,0,0,0,0,0,0,0,0,0,0,0,0,0,0,0,0,0,0,0,0
Central Asia,Drained organic soils (N2O),Emissions (CO2eq) from N2O (AR5),kilotonnes,0,0,0,0,0,0,0,0,0,0,0,0,0,0,0,0,0,0,0,0,0
Central Asia,Drained organic soils (N2O),Emissions (CO2eq) (AR5),kilotonnes,0,0,0,0,0,0,0,0,0,0,0,0,0,0,0,0,0,0,0,0,0
Central Asia,On-farm energy use,Emissions (CH4),kilotonnes,1.0901,2.1577,1.1199,1.3891,2.4551,2.7167,1.2785,3.1732,7.3541,6.9884,7.2787,6.9886,7.0617,6.4335,5.9233,4.599,4.4123,4.4672,4.4001,4.1119,4.1119
Central Asia,On-farm energy use,Emissions (N2O),kilotonnes,2.0802,2.0282,2.0021,2.0978,2.2677,2.1734,2.4902,2.1187,2.0754,2.119,1.9842,1.9931,2.0118,1.97,2.0193,1.6754,1.5083,1.2717,1.1101,1.0414,1.0414
Central Asia,On-farm energy use,Emissions (CO2),kilotonnes,6538.2363,6739.9116,6385.4864,6740.7032,7465.4725,7363.7737,7761.3632,7424.0243,8499.4207,8338.243,8126.7213,8140.733,8209.6055,7855.7225,7605.6833,6315.2688,5794.4047,5165.1021,4956.3909,4720.4349,4720.4349
Central Asia,On-farm energy use,Emissions (CO2eq) from CH4 (AR5),kilotonnes,30.5233,60.4146,31.356,38.8958,68.742,76.0671,35.7974,88.8496,205.9146,195.6747,203.8042,195.6804,197.7269,180.1387,165.853,128.7731,123.5458,125.0803,123.2025,115.1339,115.1339
Central Asia,On-farm energy use,Emissions (CO2eq) from N2O (AR5),kilotonnes,551.2636,537.4704,530.5517,555.9167,600.9376,575.962,659.9023,561.4641,549.9866,561.5353,525.8085,528.1702,533.1394,522.0604,535.1262,443.9939,399.71,336.9896,294.172,275.9759,275.9759
Central Asia,On-farm energy use,Emissions (CO2eq) (AR5),kilotonnes,7120.0231,7337.7966,6947.3941,7335.5157,8135.152,8015.8028,8457.0629,8074.338,9255.3219,9095.4531,8856.334,8864.5835,8940.4718,8557.9216,8306.6625,6888.0358,6317.6605,5627.1719,5373.7654,5111.5447,5111.5447
Central Asia,Forestland,Emissions (CO2),kilotonnes,-2900.2798,-15124.7726,-15124.7726,-15124.7726,-15124.7726,-15124.7726,-15124.7726,-15124.7726,-15124.7726,-15124.7726,-15124.7726,-17543.4418,-17543.4418,-17543.4418,-17543.4418,-17543.4418,-9747.4644,-9747.4644,-9747.4644,-9747.4644,-9747.4644
Central Asia,Forestland,Emissions (CO2eq) (AR5),kilotonnes,-2900.2798,-15124.7726,-15124.7726,-15124.7726,-15124.7726,-15124.7726,-15124.7726,-15124.7726,-15124.7726,-15124.7726,-15124.7726,-17543.4418,-17543.4418,-17543.4418,-17543.4418,-17543.4418,-9747.4644,-9747.4644,-9747.4644,-9747.4644,-9747.4644
Central Asia,Net Forest conversion,Emissions (CO2),kilotonnes,294.7675,1480.0545,1480.0545,1480.0545,1480.0545,1480.0545,1480.0545,1480.0545,1480.0545,1480.0545,1480.0545,3417.5252,3417.5252,3417.5252,3417.5252,3417.5252,2.617,2.617,2.617,2.617,2.617
Central Asia,Net Forest conversion,Emissions (CO2eq) (AR5),kilotonnes,294.7675,1480.0545,1480.0545,1480.0545,1480.0545,1480.0545,1480.0545,1480.0545,1480.0545,1480.0545,1480.0545,3417.5252,3417.5252,3417.5252,3417.5252,3417.5252,2.617,2.617,2.617,2.617,2.617
Central Asia,Savanna fires,Emissions (CH4),kilotonnes,46.7588,57.5086,217.6026,93.8211,123.1106,120.6188,132.9995,74.5104,88.4658,44.8294,112.924,26.0926,47.7428,12.496,58.0907,68.5411,22.2838,130.8824,31.8171,77.8514,38.4542
Central Asia,Savanna fires,Emissions (N2O),kilotonnes,4.2693,5.2508,19.8681,8.5663,11.2405,11.013,12.1434,6.8031,8.0773,4.0931,10.3105,2.3824,4.3591,1.1409,5.3039,6.2581,2.0346,11.9501,2.905,7.1082,3.511
Central Asia,Savanna fires,Emissions (CO2eq) from CH4 (AR5),kilotonnes,1309.2467,1610.2404,6092.8727,2626.9921,3447.0956,3377.3261,3723.9862,2086.2913,2477.0431,1255.2221,3161.8719,730.5922,1336.7986,349.8872,1626.5397,1919.1517,623.9464,3664.7062,890.8786,2179.8389,1076.7166
Central Asia,Savanna fires,Emissions (CO2eq) from N2O (AR5),kilotonnes,1131.36,1391.4578,5265.0368,2270.0639,2978.7402,2918.4503,3218.0098,1802.8278,2140.4883,1084.6756,2732.2698,631.327,1155.1684,302.3481,1405.5425,1658.3974,539.1711,3166.7842,769.8353,1883.6651,930.4236
Central Asia,Savanna fires,Emissions (CO2eq) (AR5),kilotonnes,2440.6067,3001.6982,11357.9095,4897.056,6425.8359,6295.7764,6941.9961,3889.119,4617.5314,2339.8978,5894.1417,1361.9192,2491.967,652.2353,3032.0822,3577.5491,1163.1175,6831.4904,1660.714,4063.504,2007.1403
Central Asia,Fires in organic soils,Emissions (CH4),kilotonnes,0,0,0,0,0,0,0,0,0,0,0,0,0,0,0,0,0,0,0,0,0
Central Asia,Fires in organic soils,Emissions (CO2),kilotonnes,0,0,0,0,0,0,0,0,0,0,0,0,0,0,0,0,0,0,0,0,0
Central Asia,Fires in organic soils,Emissions (CO2eq) from CH4 (AR5),kilotonnes,0,0,0,0,0,0,0,0,0,0,0,0,0,0,0,0,0,0,0,0,0
Central Asia,Fires in organic soils,Emissions (CO2eq) (AR5),kilotonnes,0,0,0,0,0,0,0,0,0,0,0,0,0,0,0,0,0,0,0,0,0
Central Asia,Forest fires,Emissions (CH4),kilotonnes,4.5913,0.0025,0.2598,0.0824,0.045,0.0125,0.0075,0.2219,0.05,0,0.01,0.025,0.0325,0,0,0.0699,0.0125,0,0.007,0.005,0
Central Asia,Forest fires,Emissions (N2O),kilotonnes,0.254,0.0002,0.0237,0.0075,0.0041,0.0011,0.0007,0.0203,0.0046,0,0.0009,0.0023,0.003,0,0,0.0064,0.0011,0,0.0006,0.0005,0
Central Asia,Forest fires,Emissions (CO2eq) from CH4 (AR5),kilotonnes,128.5561,0.0699,7.2753,2.3078,1.2595,0.3496,0.2097,6.214,1.3987,0,0.2797,0.6993,0.9093,0,0,1.9579,0.3495,0,0.1968,0.1398,0
Central Asia,Forest fires,Emissions (CO2eq) from N2O (AR5),kilotonnes,67.3063,0.0604,6.2868,1.9942,1.0883,0.3021,0.1812,5.3697,1.2087,0,0.2417,0.6042,0.7858,0,0,1.6919,0.302,0,0.1701,0.1208,0
Central Asia,Forest fires,Emissions (CO2eq) (AR5),kilotonnes,195.8624,0.1304,13.5621,4.302,2.3478,0.6518,0.3909,11.5838,2.6073,0,0.5214,1.3035,1.6951,0,0,3.6497,0.6514,0,0.3669,0.2606,0
Central Asia,Fires in humid tropical forests,Emissions (CH4),kilotonnes,0,0,0,0,0,0,0,0,0,0,0,0,0,0,0,0,0,0,0,0,0
Central Asia,Fires in humid tropical forests,Emissions (N2O),kilotonnes,0,0,0,0,0,0,0,0,0,0,0,0,0,0,0,0,0,0,0,0,0
Central Asia,Fires in humid tropical forests,Emissions (CO2eq) from CH4 (AR5),kilotonnes,0,0,0,0,0,0,0,0,0,0,0,0,0,0,0,0,0,0,0,0,0
Central Asia,Fires in humid tropical forests,Emissions (CO2eq) from N2O (AR5),kilotonnes,0,0,0,0,0,0,0,0,0,0,0,0,0,0,0,0,0,0,0,0,0
Central Asia,Fires in humid tropical forests,Emissions (CO2eq) (AR5),kilotonnes,0,0,0,0,0,0,0,0,0,0,0,0,0,0,0,0,0,0,0,0,0
Central Asia,Waste - agri-food systems,Emissions (CH4),kilotonnes,182.7558,189.7076,195.8135,203.7633,215.3813,210.2212,218.3085,228.2538,230.9606,240.0177,247.3437,259.3218,257.2109,263.9116,266.5512,265.9002,264.2846,267.4744,270.6173,273.5192,273.632
Central Asia,Waste - agri-food systems,Emissions (N2O),kilotonnes,1.5954,1.6095,1.6444,1.7056,1.7265,1.7726,1.8112,1.8492,1.9157,2.0245,2.1188,2.1769,2.2577,2.3316,2.4111,2.4543,2.4794,2.4996,2.5136,2.528,2.5311
Central Asia,Waste - agri-food systems,Emissions (CO2),kilotonnes,0,0,0,0,0,0,0,0,0,0,0,0,0,0,0,0,0,0,0,0,0
Central Asia,Waste - agri-food systems,Emissions (CO2eq) from CH4 (AR5),kilotonnes,5117.1617,5311.8125,5482.7786,5705.3733,6030.6768,5886.1932,6112.6377,6391.1052,6466.8976,6720.4964,6925.6245,7261.0092,7201.9041,7389.5239,7463.434,7445.2066,7399.9687,7489.2845,7577.2853,7658.5384,7661.6952
Central Asia,Waste - agri-food systems,Emissions (CO2eq) from N2O (AR5),kilotonnes,422.7803,426.5156,435.7648,451.9826,457.5163,469.7388,479.9565,490.031,507.6503,536.4887,561.4838,576.8739,598.2856,617.8773,638.9392,650.4026,657.0491,662.3878,666.1121,669.9314,670.7479
Central Asia,Waste - agri-food systems,Emissions (CO2eq) (AR5),kilotonnes,5539.942,5738.3281,5918.5433,6157.3559,6488.1931,6355.932,6592.5942,6881.1362,6974.5479,7256.985,7487.1083,7837.8831,7800.1898,8007.4012,8102.3732,8095.6092,8057.0178,8151.6723,8243.3974,8328.4698,8332.4431
Central Asia,Fertilizers Manufacturing,Emissions (N2O),kilotonnes,9.0252,8.9591,9.0054,9.1181,8.813,8.7483,8.7448,9.0588,8.9295,9.0535,8.4914,8.812,8.5523,7.7776,9.0051,8.1827,8.1447,7.7375,8.0083,8.1167,7.5935
Central Asia,Fertilizers Manufacturing,Emissions (CO2),kilotonnes,5022.4857,4951.8616,4901.5958,4874.9499,4626.3378,4513.5034,4601.0543,4477.8413,4395.3583,4522.1204,4166.5387,2283.3877,2273.1811,5434.9849,6095.2229,5735.4657,5902.094,2674.1081,2404.4503,2747.7895,2691.4172
Central Asia,Fertilizers Manufacturing,Emissions (CO2eq) from N2O (AR5),kilotonnes,2391.678,2374.1615,2386.431,2416.2965,2335.445,2318.2995,2317.372,2400.582,2366.3175,2399.1775,2250.221,2335.18,2266.3595,2061.064,2386.3515,2168.4155,2158.3455,2050.4375,2122.1995,2150.9255,2012.2867
Central Asia,Fertilizers Manufacturing,Emissions (CO2eq) (AR5),kilotonnes,7414.1637,7326.0231,7288.0268,7291.2464,6961.7828,6831.8029,6918.4263,6878.4233,6761.6758,6921.2979,6416.7597,4618.5677,4539.5406,7496.0489,8481.5744,7903.8812,8060.4395,4724.5456,4526.6498,4898.715,4703.7039
Central Asia,On-farm electricity use,Emissions (CH4),kilotonnes,37.0759,37.022,38.8075,33.2554,32.9662,33.9886,35.497,25.9814,26.0246,25.7617,25.7245,26.0772,26.0796,20.5929,20.4148,21.9858,20.1317,20.0378,30.3346,32.3186,32.3186
Central Asia,On-farm electricity use,Emissions (N2O),kilotonnes,0.1981,0.1977,0.2072,0.1776,0.1761,0.1815,0.1896,0.1387,0.1391,0.1376,0.1373,0.1393,0.1394,0.11,0.1091,0.1175,0.1076,0.107,0.162,0.1727,0.1727
Central Asia,On-farm electricity use,Emissions (CO2),kilotonnes,16315.6031,15182.7984,17461.8792,13833.59,13277.512,13501.7168,15684.2516,10904.3175,10249.1483,10332.6911,10712.995,11111.8137,10987.7996,8495.943,8538.8616,9292.7637,9446.2265,9598.2845,14446.1793,15627.6428,15627.6428
Central Asia,On-farm electricity use,Emissions (CO2eq) from CH4 (AR5),kilotonnes,1038.1252,1036.616,1086.61,931.1512,923.0536,951.6808,993.916,727.4792,728.6888,721.3276,720.286,730.1616,730.2288,576.6012,571.6144,615.6024,563.6876,561.0584,849.3688,904.9208,904.9208
Central Asia,On-farm electricity use,Emissions (CO2eq) from N2O (AR5),kilotonnes,52.4965,52.3905,54.908,47.064,46.6665,48.0975,50.244,36.7555,36.8615,36.464,36.3845,36.9145,36.941,29.15,28.9115,31.1375,28.514,28.355,42.93,45.7655,45.7655
Central Asia,On-farm electricity use,Emissions (CO2eq) (AR5),kilotonnes,17406.2248,16271.8049,18603.3972,14811.8052,14247.2321,14501.4951,16728.4116,11668.5522,11014.6986,11090.4827,11469.6655,11878.8898,11754.9694,9101.6942,9139.3875,9939.5036,10038.4281,10187.6979,15338.4781,16578.3291,16578.3291
Central Asia,Food Processing,Emissions (CH4),kilotonnes,0.0084,0.0087,0.009,0.0091,0.0086,0.0084,0.0081,0.0081,16.2198,10.7226,12.3035,8.6913,7.1426,15.5633,15.8167,16.0366,30.7856,14.6241,13.3389,13.0557,13.1649
Central Asia,Food Processing,Emissions (N2O),kilotonnes,0.0009,0.0009,0.0009,0.0009,0.0009,0.0009,0.0009,0.0009,0.0671,0.0525,0.0557,0.0181,0.0279,0.0285,0.0277,0.0295,0.05,0.0351,0.0413,0.0416,0.0391
Central Asia,Food Processing,Emissions (CO2),kilotonnes,128.4833,126.3501,127.3472,128.9705,124.9063,125.3883,123.6089,123.1786,6485.5035,4144.0066,4277.7993,1268.0315,2341.7067,2742.4245,2769.244,3096.3254,3411.7899,3627.1603,4475.882,5264.5926,5058.9813
Central Asia,Food Processing,Emissions (CO2eq) from CH4 (AR5),kilotonnes,0.2352,0.2436,0.252,0.2548,0.2408,0.2352,0.2268,0.2268,454.1544,300.2328,344.498,243.3564,199.9928,435.7724,442.8676,449.0248,861.9968,409.4748,373.4892,365.5596,368.6173
Central Asia,Food Processing,Emissions (CO2eq) from N2O (AR5),kilotonnes,0.2385,0.2385,0.2385,0.2385,0.2385,0.2385,0.2385,0.2385,17.7815,13.9125,14.7605,4.7965,7.3935,7.5525,7.3405,7.8175,13.25,9.3015,10.9445,11.024,10.3577
Central Asia,Food Processing,Emissions (CO2eq) (AR5),kilotonnes,128.957,126.8322,127.8377,129.4638,125.3856,125.862,124.0742,123.6439,6957.4394,4458.1519,4637.0578,1516.1844,2549.093,3185.7494,3219.4521,3553.1677,4287.0367,4045.9366,4860.3157,5641.1762,5437.9563
Central Asia,Food Packaging,Emissions (CH4),kilotonnes,0.5079,0.5296,0.5454,0.6284,0.6867,0.7094,0.7216,0.8572,1.3878,1.7758,1.8047,2.1437,2.2333,2.1801,1.4298,2.5538,2.146,2.1649,3.7203,2.4756,2.4941
Central Asia,Food Packaging,Emissions (N2O),kilotonnes,0.0024,0.0026,0.0028,0.0031,0.0035,0.0036,0.0039,0.0046,0.0122,0.0243,0.0239,0.0333,0.0354,0.0318,0.021,0.0351,0.0309,0.0335,0.0462,0.0354,0.0324
Central Asia,Food Packaging,Emissions (CO2),kilotonnes,173.9758,175.3009,185.0206,212.0824,221.9836,237.9644,286.4482,238.8579,853.3925,1632.6246,1603.5051,2349.0539,2528.6158,2400.0484,1739.4681,2904.183,2713.1396,2952.4157,4305.78,2933.1302,2797.4026
Central Asia,Food Packaging,Emissions (CO2eq) from CH4 (AR5),kilotonnes,14.2212,14.8288,15.2712,17.5952,19.2276,19.8632,20.2048,24.0016,38.8584,49.7224,50.5316,60.0236,62.5324,61.0428,40.0344,71.5064,60.088,60.6172,104.1684,69.3168,69.8344
Central Asia,Food Packaging,Emissions (CO2eq) from N2O (AR5),kilotonnes,0.636,0.689,0.742,0.8215,0.9275,0.954,1.0335,1.219,3.233,6.4395,6.3335,8.8245,9.381,8.427,5.565,9.3015,8.1885,8.8775,12.243,9.381,8.5779
Central Asia,Food Packaging,Emissions (CO2eq) (AR5),kilotonnes,188.833,190.8187,201.0338,230.4991,242.1387,258.7816,307.6865,264.0785,895.4839,1688.7865,1660.3702,2417.902,2600.5292,2469.5182,1785.0675,2984.9909,2781.4161,3021.9104,4422.1914,3011.828,2875.8149
Central Asia,Food Retail,Emissions (CH4),kilotonnes,0.6704,0.6716,0.6843,0.6834,0.6954,0.7171,0.7371,0.742,2.6954,2.2266,2.3036,2.7458,2.5921,2.9501,3.2609,3.1893,3.5399,3.8517,4.5412,3.8567,3.8561
Central Asia,Food Retail,Emissions (N2O),kilotonnes,0.0065,0.0063,0.0065,0.0069,0.0071,0.0072,0.0076,0.0088,0.0379,0.0321,0.0346,0.0385,0.033,0.038,0.0379,0.0378,0.041,0.0445,0.0493,0.0488,0.0452
Central Asia,Food Retail,Emissions (CO2),kilotonnes,2174.9984,2149.2101,2191.8299,2369.6633,2427.5895,2417.3129,2526.4028,3021.1292,5872.782,4464.4046,4888.8907,5366.8269,4921.435,5509.1615,4926.2299,5015.1159,5272.6763,5467.3988,5809.1646,6265.9795,5980.7228
Central Asia,Food Retail,Emissions (CO2eq) from F-gases (AR5),kilotonnes,349.104,466.511,605.2175,798.4715,1028.61,1143.4195,1300.3085,1456.1585,1475.38,1484.731,1490.4455,1494.082,1496.16,1498.238,1498.238,1498.238,1632.7885,1667.595,1702.921,1737.208,1799.3735
Central Asia,Food Retail,Emissions (CO2eq) from CH4 (AR5),kilotonnes,18.771,18.8037,19.1603,19.1361,19.4718,20.0793,20.64,20.7766,75.4712,62.3448,64.5008,76.8824,72.5788,82.6028,91.3052,89.3004,99.1172,107.8476,127.1536,107.9876,107.9715
Central Asia,Food Retail,Emissions (CO2eq) from N2O (AR5),kilotonnes,1.7183,1.6762,1.7245,1.8265,1.8815,1.9102,2.0154,2.3322,10.0435,8.5065,9.169,10.2025,8.745,10.07,10.0435,10.017,10.865,11.7925,13.0645,12.932,11.9799
Central Asia,Food Retail,Emissions (CO2eq) (AR5),kilotonnes,2544.5917,2636.201,2817.9322,3189.0974,3477.5528,3582.7218,3849.3667,4500.3965,7433.6767,6019.9869,6453.006,6947.9938,6498.9188,7100.0723,6525.8166,6612.6713,7015.447,7254.6339,7652.3037,8124.1071,7900.0477
Central Asia,Food Household Consumption,Emissions (CH4),kilotonnes,6.3044,6.158,6.1412,6.2691,6.4563,6.6874,7.0204,7.3768,15.5595,15.1919,16.3823,25.2664,19.9694,19.7088,34.8834,34.0138,37.9908,46.421,51.1903,50.5886,50.7265
Central Asia,Food Household Consumption,Emissions (N2O),kilotonnes,0.0449,0.0442,0.0447,0.0449,0.0463,0.0474,0.0502,0.0552,0.0947,0.0931,0.0985,0.1464,0.1219,0.1194,0.1946,0.1916,0.2096,0.2526,0.2812,0.2779,0.2589
Central Asia,Food Household Consumption,Emissions (CO2),kilotonnes,10949.9157,10903.7929,11444.5762,10970.7446,10779.6123,10570.9556,11390.1676,11845.0508,14897.5569,13129.1439,13337.1492,17404.9172,16308.3458,15147.9796,18814.6147,17928.4721,18457.8973,21533.9437,25453.3204,25095.7229,24142.9365
Central Asia,Food Household Consumption,Emissions (CO2eq) from CH4 (AR5),kilotonnes,176.5232,172.424,171.9536,175.5348,180.7764,187.2472,196.5712,206.5504,435.666,425.3732,458.7044,707.4592,559.1432,551.8464,976.7352,952.3864,1063.7424,1299.788,1433.3284,1416.4808,1420.3428
Central Asia,Food Household Consumption,Emissions (CO2eq) from N2O (AR5),kilotonnes,11.8985,11.713,11.8455,11.8985,12.2695,12.561,13.303,14.628,25.0955,24.6715,26.1025,38.796,32.3035,31.641,51.569,50.774,55.544,66.939,74.518,73.6435,68.5998
Central Asia,Food Household Consumption,Emissions (CO2eq) (AR5),kilotonnes,11138.3374,11087.9299,11628.3753,11158.1779,10972.6582,10770.7638,11600.0418,12066.2292,15358.3184,13579.1886,13821.9561,18151.1724,16899.7925,15731.467,19842.9189,18931.6325,19577.1837,22900.6707,26961.1668,26585.8472,25631.8791
Central Asia,Food Transport,Emissions (CH4),kilotonnes,0.6021,0.5518,0.5525,0.5424,0.4778,0.4531,0.4527,0.4607,0.4761,0.4573,0.431,0.4324,0.4472,0.4267,0.4452,0.4333,0.4374,0.4096,0.4217,0.3174,0.3185
Central Asia,Food Transport,Emissions (N2O),kilotonnes,0.1187,0.1108,0.1197,0.1289,0.1263,0.1258,0.1288,0.1432,0.1203,0.1211,0.1195,0.1176,0.1331,0.1238,0.128,0.108,0.1341,0.1147,0.1137,0.1196,0.1127
Central Asia,Food Transport,Emissions (CO2),kilotonnes,2242.3956,2117.7186,2252.7136,2342.4386,2320.8436,2304.3786,2413.9136,2707.057,2937.321,2905.172,2933.301,3019.661,3372.491,3260.275,3316.0998,3214.1032,3393.0325,3127.0149,3144.7344,3123.6438,2987.0661
Central Asia,Food Transport,Emissions (CO2eq) from CH4 (AR5),kilotonnes,16.8588,15.4504,15.47,15.1872,13.3784,12.6868,12.6756,12.8996,13.3308,12.8044,12.068,12.1072,12.5216,11.9476,12.4656,12.1324,12.2472,11.4688,11.8076,8.8872,8.9184
Central Asia,Food Transport,Emissions (CO2eq) from N2O (AR5),kilotonnes,31.4555,29.362,31.7205,34.1585,33.4695,33.337,34.132,37.948,31.8795,32.0915,31.6675,31.164,35.2715,32.807,33.92,28.62,35.5365,30.3955,30.1305,31.694,29.8758
Central Asia,Food Transport,Emissions (CO2eq) (AR5),kilotonnes,2290.7099,2162.531,2299.9041,2391.7843,2367.6915,2350.4024,2460.7212,2757.9046,2982.5313,2950.0679,2977.0365,3062.9322,3420.2841,3305.0296,3362.4854,3254.8556,3440.8162,3168.8792,3186.6725,3164.225,3025.8603
Central Asia,Energy,Emissions (CH4),kilotonnes,2726.34,2936.59,3244.64,3424.59,3457.58,3632.69,3822.73,3754.75,4137.02,3403.7,3574.28,3960.84,4177.2,4280.2,4318,4321,4110.7,4258,4285.5,4328.8,4322.5
Central Asia,Energy,Emissions (N2O),kilotonnes,4.3725,4.2232,4.5009,4.889,4.9134,4.7894,5.0113,5.3651,5.5688,5.1032,5.113,5.4183,5.5225,5.6115,5.4151,5.2074,5.3649,5.167,5.159,4.996,4.6344
Central Asia,Energy,Emissions (CO2),kilotonnes,291100,306020,315620,326850,360510,358820,382700,416900,429360,385650,422900,449850,441540,452640,426480,420020,434440,446350,483060,481060,461290
Central Asia,Energy,Emissions (CO2eq) from CH4 (AR5),kilotonnes,76337.52,82224.52,90849.92,95888.52,96812.24,101715.32,107036.44,105133,115836.56,95303.6,100079.84,110903.52,116961.6,119845.6,120904,120988,115099.6,119224,119994,121206.4,121030
Central Asia,Energy,Emissions (CO2eq) from N2O (AR5),kilotonnes,1158.7125,1119.1427,1192.7385,1295.585,1302.051,1269.191,1327.9945,1421.7515,1475.732,1352.348,1354.945,1435.8495,1463.4625,1487.0475,1435.0015,1379.961,1421.6985,1369.255,1367.135,1323.94,1228.116
Central Asia,Energy,Emissions (CO2eq) (AR5),kilotonnes,368596.2325,389363.6627,407662.6585,424034.105,458624.291,461804.511,491064.4345,523454.7515,546672.292,482305.948,524334.785,562189.3695,559965.0625,573972.6475,548819.0015,542387.961,550961.2985,566943.255,604421.135,603590.34,583548.116
Central Asia,IPPU,Emissions (CH4),kilotonnes,1.5933,1.6247,1.7596,1.9529,2.0475,2.0794,2.167,2.2892,2.1215,1.9931,2.1955,2.1781,2.1705,2.1333,2.2032,1.9531,2.243,2.5128,2.3227,2.5987,2.8202
Central Asia,IPPU,Emissions (N2O),kilotonnes,2.1,1.7249,2.2823,2.4455,2.5245,2.4252,4.1917,3.6257,3.4548,3.3499,3.4059,3.522,3.4111,3.4322,3.6333,3.6913,3.7504,3.7875,3.7696,3.8276,3.8367
Central Asia,IPPU,Emissions (CO2),kilotonnes,9349,9535,9817,10508,12010,11922,13213,13934,14440,13857,15511,15631,17359,17839,18339,19108,19682,21792,22349,23643,24453
Central Asia,IPPU,Emissions (CO2eq) from F-gases (AR5),kilotonnes,1214.2851,1063.6826,882.839,1049.3978,1315.0755,1600.9657,1767.4272,1966.151,2191.5981,2404.6067,2707.0167,5060.3148,6095.1363,4226.7437,4515.6464,4794.8315,5093.4516,5344.4559,5604.2059,5854.2383,6104.2708
Central Asia,IPPU,Emissions (CO2eq) from CH4 (AR5),kilotonnes,44.6122,45.4906,49.2683,54.6807,57.3295,58.2227,60.6755,64.0971,59.4015,55.8063,61.4735,60.9863,60.7735,59.7319,61.6891,54.6863,62.8035,70.3579,65.0351,72.7631,78.9651
Central Asia,IPPU,Emissions (CO2eq) from N2O (AR5),kilotonnes,556.5132,457.1011,604.8201,648.0548,669.0031,642.678,1110.8138,960.8158,915.5194,887.7129,902.5715,933.3353,903.9415,909.5251,962.8139,978.2078,993.8613,1003.6902,998.9413,1014.3246,1016.7308
Central Asia,IPPU,Emissions (CO2eq) (AR5),kilotonnes,11164.4105,11101.2743,11353.9274,12260.1333,14051.4081,14223.8664,16151.9165,16925.0639,17606.5189,17205.1259,19182.0617,21685.6364,24418.8513,23035.0007,23879.1494,24935.7255,25832.1164,28210.5039,29017.1823,30584.326,31652.9666
Central Asia,Waste,Emissions (CH4),kilotonnes,429.5,442.9,452.9,463.4,471.1,479.3,481.1,492.2,505.7,515.5,533.8,547.8,548.3,575.4,602.5,620.3,636.6,652.8,669.3,680.5,708.7
Central Asia,Waste,Emissions (N2O),kilotonnes,2.56,2.577,2.609,2.683,2.761,2.832,2.893,2.959,3.034,3.106,3.214,3.307,3.408,3.502,3.605,3.752,3.845,3.925,3.99,4.138,4.226
Central Asia,Waste,Emissions (CO2),kilotonnes,0,0,0,0,0,0,0.004,0.595,0.88,7.9,8.48,6.73,6.2,7.65,6.43,6.46,6.14,5.96,6.15,5.99,25.3
Central Asia,Waste,Emissions (CO2eq) from CH4 (AR5),kilotonnes,12026,12401.2,12681.2,12975.2,13190.8,13420.4,13470.8,13781.6,14159.6,14434,14946.4,15338.4,15352.4,16111.2,16870,17368.4,17824.8,18278.4,18740.4,19054,19843.6
Central Asia,Waste,Emissions (CO2eq) from N2O (AR5),kilotonnes,678.4,682.905,691.385,710.995,731.665,750.48,766.645,784.135,804.01,823.09,851.71,876.355,903.12,928.03,955.325,994.28,1018.925,1040.125,1057.35,1096.57,1119.89
Central Asia,Waste,Emissions (CO2eq) (AR5),kilotonnes,12704.4,13084.105,13372.585,13686.195,13922.465,14170.88,14237.449,14566.33,14964.49,15264.99,15806.59,16221.485,16261.72,17046.88,17831.755,18369.14,18849.865,19324.485,19803.9,20156.56,20988.79
Central Asia,Other,Emissions (N2O),kilotonnes,3.5965,3.4403,3.6575,3.908,3.9981,3.9966,4.1987,4.3726,5.2623,4.5434,4.7402,5.2077,5.4608,5.5415,5.1244,5.2784,5.4503,5.248,5.246,5.7203,5.82
Central Asia,Other,Emissions (CO2eq) from N2O (AR5),kilotonnes,953.0725,911.6795,969.2375,1035.62,1059.4965,1059.099,1112.6555,1158.739,1394.5095,1204.001,1256.153,1380.0405,1447.112,1468.4975,1357.966,1398.776,1444.3295,1390.72,1390.19,1515.8795,1542.3
Central Asia,Other,Emissions (CO2eq) (AR5),kilotonnes,953.0725,911.6795,969.2375,1035.62,1059.4965,1059.099,1112.6555,1158.739,1394.5095,1204.001,1256.153,1380.0405,1447.112,1468.4975,1357.966,1398.776,1444.3295,1390.72,1390.19,1515.8795,1542.3
Central Asia,Farm-gate emissions,Emissions (CH4),kilotonnes,1108.0969,1142.0418,1350.9546,1297.1642,1389.2969,1454.0232,1531.4797,1509.1217,1610.3259,1631.0323,1756.27,1714.4855,1787.8155,1781.6489,1878.475,1951.5389,1993.7411,2156.8805,2109.0004,2185.1958,2191.0287
Central Asia,Farm-gate emissions,Direct emissions (N2O),kilotonnes,35.8292,36.1355,37.753,39.6076,39.0522,42.2083,45.8297,47.4375,49.3456,53.1299,53.094,57.1928,55.9876,58.1767,60.1988,63.3424,64.1684,65.2859,65.7319,67.4453,67.2053
Central Asia,Farm-gate emissions,Indirect emissions (N2O),kilotonnes,11.5347,11.5586,12.0738,12.7355,12.6288,13.6565,14.8266,15.329,16.0688,17.146,17.3204,18.4049,18.288,18.865,19.5513,20.5462,20.738,21.1289,21.2944,21.8738,21.7602
Central Asia,Farm-gate emissions,Emissions (N2O),kilotonnes,61.3945,62.9089,79.9653,71.616,74.3006,78.6778,85.3581,82.2293,86.8345,88.313,94.8978,92.6656,93.4941,93.4356,100.7176,106.0127,103.6782,115.3152,107.2396,114.0607,110.5691
Central Asia,Farm-gate emissions,Emissions (CO2),kilotonnes,6538.2363,6739.9116,6385.4864,6740.7032,7465.4725,7363.7737,7761.3632,7424.0243,8499.4207,8338.243,8126.7213,8140.733,8209.6055,7855.7225,7605.6833,6315.2688,5794.4047,5165.1021,4956.3909,4720.4349,4720.4349
Central Asia,Farm-gate emissions,Emissions (CO2eq) from CH4 (AR5),kilotonnes,31026.7144,31977.17,37826.73,36320.5979,38900.3133,40712.6501,42881.4303,42255.4073,45089.1248,45668.9044,49175.5608,48005.5942,50058.8328,49886.1683,52597.3005,54643.0881,55824.7512,60392.6536,59052.0126,61185.4819,61348.8039
Central Asia,Farm-gate emissions,Emissions (CO2eq) from N2O (AR5),kilotonnes,16269.5556,16670.8512,21190.8048,18978.2516,19689.6487,20849.6297,22619.8844,21790.7621,23011.147,23402.9323,25147.9205,24556.3959,24775.9261,24760.4407,26690.1734,28093.3718,27474.7186,30558.5295,28418.4965,30226.0805,29300.8017
Central Asia,Farm-gate emissions,Emissions (CO2eq) (AR5),kilotonnes,53834.5063,55387.9328,65403.0212,62039.5527,66055.4345,68926.0535,73262.6779,71470.1938,76599.6925,77410.0798,82450.2026,80702.7231,83044.3643,82502.3315,86893.1573,89051.7287,89093.8746,96116.2852,92426.9,96131.9972,95370.0404
Central Asia,Land Use change,Emissions (CH4),kilotonnes,0,0,0,0,0,0,0,0,0,0,0,0,0,0,0,0,0,0,0,0,0
Central Asia,Land Use change,Emissions (N2O),kilotonnes,0,0,0,0,0,0,0,0,0,0,0,0,0,0,0,0,0,0,0,0,0
Central Asia,Land Use change,Emissions (CO2),kilotonnes,294.7675,1480.0545,1480.0545,1480.0545,1480.0545,1480.0545,1480.0545,1480.0545,1480.0545,1480.0545,1480.0545,3417.5252,3417.5252,3417.5252,3417.5252,3417.5252,2.617,2.617,2.617,2.617,2.617
Central Asia,Land Use change,Emissions (CO2eq) from CH4 (AR5),kilotonnes,0,0,0,0,0,0,0,0,0,0,0,0,0,0,0,0,0,0,0,0,0
Central Asia,Land Use change,Emissions (CO2eq) from N2O (AR5),kilotonnes,0,0,0,0,0,0,0,0,0,0,0,0,0,0,0,0,0,0,0,0,0
Central Asia,Land Use change,Emissions (CO2eq) (AR5),kilotonnes,294.7675,1480.0545,1480.0545,1480.0545,1480.0545,1480.0545,1480.0545,1480.0545,1480.0545,1480.0545,1480.0545,3417.5252,3417.5252,3417.5252,3417.5252,3417.5252,2.617,2.617,2.617,2.617,2.617
Central Asia,Emissions on agricultural land,Emissions (CH4),kilotonnes,1108.0969,1142.0418,1350.9546,1297.1642,1389.2969,1454.0232,1531.4797,1509.1217,1610.3259,1631.0323,1756.27,1714.4855,1787.8155,1781.6489,1878.475,1951.5389,1993.7411,2156.8805,2109.0004,2185.1958,2191.0287
Central Asia,Emissions on agricultural land,Emissions (N2O),kilotonnes,61.3945,62.9089,79.9653,71.616,74.3006,78.6778,85.3581,82.2293,86.8345,88.313,94.8978,92.6656,93.4941,93.4356,100.7176,106.0127,103.6782,115.3152,107.2396,114.0607,110.5691
Central Asia,Emissions on agricultural land,Emissions (CO2),kilotonnes,6833.0038,8219.9662,7865.5409,8220.7577,8945.527,8843.8282,9241.4177,8904.0789,9979.4752,9818.2976,9606.7758,11558.2581,11627.1307,11273.2477,11023.2085,9732.794,5797.0217,5167.7191,4959.0079,4723.0519,4723.0519
Central Asia,Emissions on agricultural land,Emissions (CO2eq) from CH4 (AR5),kilotonnes,31026.7144,31977.17,37826.73,36320.5979,38900.3133,40712.6501,42881.4303,42255.4073,45089.1248,45668.9044,49175.5608,48005.5942,50058.8328,49886.1683,52597.3005,54643.0881,55824.7512,60392.6536,59052.0126,61185.4819,61348.8039
Central Asia,Emissions on agricultural land,Emissions (CO2eq) from N2O (AR5),kilotonnes,16269.5556,16670.8512,21190.8048,18978.2516,19689.6487,20849.6297,22619.8844,21790.7621,23011.147,23402.9323,25147.9205,24556.3959,24775.9261,24760.4407,26690.1734,28093.3718,27474.7186,30558.5295,28418.4965,30226.0805,29300.8017
Central Asia,Emissions on agricultural land,Emissions (CO2eq) (AR5),kilotonnes,54129.2738,56867.9873,66883.0757,63519.6073,67535.489,70406.1081,74742.7325,72950.2483,78079.747,78890.1343,83930.2571,84120.2482,86461.8895,85919.8567,90310.6824,92469.2539,89096.4915,96118.9022,92429.517,96134.6142,95372.6574
Central Asia,Pre- and post- production,Emissions (CH4),kilotonnes,227.9249,234.6492,242.5534,245.1512,256.6723,252.7852,262.7454,263.68,293.3238,296.1536,306.2933,324.6786,315.6751,325.3335,342.802,344.1128,359.316,354.9835,374.1643,376.1318,376.5107
Central Asia,Pre- and post- production,Emissions (N2O),kilotonnes,10.9921,10.9311,11.0316,11.186,10.8997,10.8873,10.937,11.2594,11.3165,11.5387,11.0797,11.4821,11.3007,10.5607,11.9345,11.1565,11.1973,10.8245,11.2156,11.3407,10.7856
Central Asia,Pre- and post- production,Emissions (CO2),kilotonnes,37007.8576,35607.0326,38564.9625,34732.4393,33778.7851,33671.22,37025.847,33317.4323,45691.0625,41130.1632,41920.179,42803.6919,42733.575,42990.8169,46199.741,47186.429,48596.8561,48980.326,60039.511,61058.5013,59286.1694
Central Asia,Pre- and post- production,Emissions (CO2eq) from F-gases (AR5),kilotonnes,349.104,466.511,605.2175,798.4715,1028.61,1143.4195,1300.3085,1456.1585,1475.38,1484.731,1490.4455,1494.082,1496.16,1498.238,1498.238,1498.238,1632.7885,1667.595,1702.921,1737.208,1799.3735
Central Asia,Pre- and post- production,Emissions (CO2eq) from CH4 (AR5),kilotonnes,6381.8963,6570.179,6791.4956,6864.2326,7186.8254,7077.9857,7356.8721,7383.0395,8213.0672,8292.3016,8576.2133,9090.9996,8838.9017,9109.3371,9598.4564,9635.1594,10060.8479,9939.5393,10476.6013,10531.6912,10542.3004
Central Asia,Pre- and post- production,Emissions (CO2eq) from N2O (AR5),kilotonnes,2912.9016,2896.7463,2923.3748,2964.2866,2888.4144,2885.1365,2898.2949,2983.7342,2998.8623,3057.7517,2936.1223,3042.7519,2994.6806,2798.5888,3162.6402,2956.4856,2967.2926,2868.4863,2972.1421,3005.2969,2858.1912
Central Asia,Pre- and post- production,Emissions (CO2eq) (AR5),kilotonnes,46651.7595,45540.4689,48885.0504,45359.43,44882.6348,44777.7617,48581.3225,45140.3645,58378.372,53964.9474,54922.9601,56431.5254,56063.3174,56396.9808,60459.0756,61276.312,63257.7851,63455.9466,75191.1754,76332.6974,74486.0344
Central Asia,Agri-food systems,Emissions (CH4),kilotonnes,1336.0218,1376.691,1593.5081,1542.3154,1645.9692,1706.8084,1794.2251,1772.8017,1903.6497,1927.1859,2062.5634,2039.1641,2103.4905,2106.9823,2221.277,2295.6517,2353.0571,2511.864,2483.1648,2561.3276,2567.5394
Central Asia,Agri-food systems,Emissions (N2O),kilotonnes,72.3866,73.84,90.9969,82.802,85.2002,89.5652,96.295,93.4887,98.151,99.8516,105.9775,104.1477,104.7947,103.9963,112.6521,117.1693,114.8755,126.1397,118.4552,125.4014,121.3547
Central Asia,Agri-food systems,Emissions (CO2),kilotonnes,43840.8614,43826.9987,46430.5034,42953.1971,42724.3121,42515.0482,46267.2647,42221.5111,55670.5377,50948.4608,51526.9548,54361.95,54360.7057,54264.0646,57222.9495,56919.223,54393.8778,54148.0451,64998.5189,65781.5532,64009.2213
Central Asia,Agri-food systems,Emissions (CO2eq) from F-gases (AR5),kilotonnes,349.104,466.511,605.2175,798.4715,1028.61,1143.4195,1300.3085,1456.1585,1475.38,1484.731,1490.4455,1494.082,1496.16,1498.238,1498.238,1498.238,1632.7885,1667.595,1702.921,1737.208,1799.3735
Central Asia,Agri-food systems,Emissions (CO2eq) from CH4 (AR5),kilotonnes,37408.6107,38547.349,44618.2256,43184.8305,46087.1387,47790.6358,50238.3024,49638.4468,53302.192,53961.206,57751.7741,57096.5938,58897.7345,58995.5054,62195.757,64278.2475,65885.5991,70332.1929,69528.6138,71717.173,71891.1043
Central Asia,Agri-food systems,Emissions (CO2eq) from N2O (AR5),kilotonnes,19182.4572,19567.5975,24114.1796,21942.5382,22578.0631,23734.7663,25518.1793,24774.4964,26010.0093,26460.6839,28084.0428,27599.1478,27770.6067,27559.0295,29852.8136,31049.8574,30442.0112,33427.0158,31390.6386,33231.3774,32158.9928
Central Asia,Agri-food systems,Emissions (CO2eq) (AR5),kilotonnes,100781.0333,102408.4562,115768.1262,108879.0373,112418.1239,115183.8697,123324.0549,118090.6128,136458.119,132855.0817,138853.2172,140551.7736,142525.2069,142316.8375,150769.758,153745.5659,152354.2766,159574.8488,167620.6923,172467.3116,169858.6918
Central Asia,IPCC Agriculture,Emissions (CH4),kilotonnes,1107.0068,1139.8841,1349.8348,1295.7751,1386.8418,1451.3065,1530.2012,1505.9485,1602.9718,1624.0439,1748.9913,1707.4969,1780.7538,1775.2153,1872.5517,1946.9398,1989.3288,2152.4133,2104.6004,2181.0839,2186.9168
Central Asia,IPCC Agriculture,Direct emissions (N2O),kilotonnes,35.8292,36.1355,37.753,39.6076,39.0522,42.2083,45.8297,47.4375,49.3456,53.1299,53.094,57.1928,55.9876,58.1767,60.1988,63.3424,64.1684,65.2859,65.7319,67.4453,67.2053
Central Asia,IPCC Agriculture,Indirect emissions (N2O),kilotonnes,11.5347,11.5586,12.0738,12.7355,12.6288,13.6565,14.8266,15.329,16.0688,17.146,17.3204,18.4049,18.288,18.865,19.5513,20.5462,20.738,21.1289,21.2944,21.8738,21.7602
Central Asia,IPCC Agriculture,Emissions (N2O),kilotonnes,59.3143,60.8807,77.9632,69.5182,72.0329,76.5044,82.8679,80.1106,84.7591,86.194,92.9136,90.6726,91.4822,91.4656,98.6983,104.3373,102.1698,114.0435,106.1295,113.0193,109.5276
Central Asia,IPCC Agriculture,Emissions (CO2eq) from CH4 (AR5),kilotonnes,30996.1912,31916.7554,37795.374,36281.7021,38831.5713,40636.5829,42845.6329,42166.5578,44883.2102,45473.2298,48971.7566,47809.9138,49861.1059,49706.0296,52431.4475,54514.315,55701.2054,60267.5733,58928.8101,61070.348,61233.67
Central Asia,IPCC Agriculture,Emissions (CO2eq) from N2O (AR5),kilotonnes,15718.292,16133.3807,20660.2531,18422.3349,19088.7112,20273.6678,21959.9821,21229.298,22461.1604,22841.3969,24622.112,24028.2258,24242.7866,24238.3803,26155.0472,27649.3779,27075.0087,30221.54,28124.3245,29950.1046,29024.8257
Central Asia,IPCC Agriculture,Emissions (CO2eq) (AR5),kilotonnes,46714.4832,48050.1362,58455.6271,54704.037,57920.2825,60910.2507,64805.615,63395.8558,67344.3706,68314.6267,73593.8686,71838.1395,74103.8925,73944.4099,78586.4947,82163.6929,82776.2141,90489.1133,87053.1346,91020.4525,90258.4958
Central Asia,Agricultural Soils,Direct emissions (N2O),kilotonnes,35.8292,36.1355,37.753,39.6076,39.0522,42.2083,45.8297,47.4375,49.3456,53.1299,53.094,57.1928,55.9876,58.1767,60.1988,63.3424,64.1684,65.2859,65.7319,67.4453,67.2053
Central Asia,Agricultural Soils,Indirect emissions (N2O),kilotonnes,11.5347,11.5586,12.0738,12.7355,12.6288,13.6565,14.8266,15.329,16.0688,17.146,17.3204,18.4049,18.288,18.865,19.5513,20.5462,20.738,21.1289,21.2944,21.8738,21.7602
Central Asia,Agricultural Soils,Emissions (N2O),kilotonnes,47.364,47.6942,49.8268,52.3431,51.681,55.8649,60.6563,62.7665,65.4143,70.2759,70.4144,75.5977,74.2756,77.0417,79.7501,83.8886,84.9063,86.4148,87.0263,89.3192,88.9655
Central Asia,Agricultural Soils,Emissions (CO2eq) from N2O (AR5),kilotonnes,12551.4478,12638.9619,13204.0902,13870.926,13695.4635,14804.1964,16073.9163,16633.1357,17334.8025,18623.1057,18659.8074,20033.3937,19683.0293,20416.0467,21133.77,22230.4838,22500.1819,22899.9251,23061.9615,23669.5836,23575.8501
Central Asia,Agricultural Soils,Emissions (CO2eq) (AR5),kilotonnes,12551.4478,12638.9619,13204.0902,13870.926,13695.4635,14804.1964,16073.9163,16633.1357,17334.8025,18623.1057,18659.8074,20033.3937,19683.0293,20416.0467,21133.77,22230.4838,22500.1819,22899.9251,23061.9615,23669.5836,23575.8501
Central Asia,LULUCF,Emissions (CH4),kilotonnes,4.5913,0.0025,0.2598,0.0824,0.045,0.0125,0.0075,0.2219,0.05,0,0.01,0.025,0.0325,0,0,0.0699,0.0125,0,0.007,0.005,0
Central Asia,LULUCF,Emissions (N2O),kilotonnes,0.254,0.0002,0.0237,0.0075,0.0041,0.0011,0.0007,0.0203,0.0046,0,0.0009,0.0023,0.003,0,0,0.0064,0.0011,0,0.0006,0.0005,0
Central Asia,LULUCF,Emissions (CO2),kilotonnes,-2605.5123,-13644.718,-13644.718,-13644.718,-13644.718,-13644.718,-13644.718,-13644.718,-13644.718,-13644.718,-13644.718,-14125.9167,-14125.9167,-14125.9167,-14125.9167,-14125.9167,-9744.8474,-9744.8474,-9744.8474,-9744.8474,-9744.8474
Central Asia,LULUCF,Emissions (CO2eq) from CH4 (AR5),kilotonnes,128.5561,0.0699,7.2753,2.3078,1.2595,0.3496,0.2097,6.214,1.3987,0,0.2797,0.6993,0.9093,0,0,1.9579,0.3495,0,0.1968,0.1398,0
Central Asia,LULUCF,Emissions (CO2eq) from N2O (AR5),kilotonnes,67.3063,0.0604,6.2868,1.9942,1.0883,0.3021,0.1812,5.3697,1.2087,0,0.2417,0.6042,0.7858,0,0,1.6919,0.302,0,0.1701,0.1208,0
Central Asia,LULUCF,Emissions (CO2eq) (AR5),kilotonnes,-2409.65,-13644.5876,-13631.156,-13640.416,-13642.3703,-13644.0663,-13644.3271,-13633.1342,-13642.1107,-13644.718,-13644.1966,-14124.6132,-14124.2215,-14125.9167,-14125.9167,-14122.2669,-9744.1959,-9744.8474,-9744.4804,-9744.5868,-9744.8474
Central Asia,AFOLU,Emissions (CH4),kilotonnes,1111.5981,1139.8866,1350.0946,1295.8575,1386.8868,1451.319,1530.2087,1506.1704,1603.0217,1624.0439,1749.0013,1707.5219,1780.7863,1775.2153,1872.5517,1947.0097,1989.3412,2152.4133,2104.6074,2181.0888,2186.9168
Central Asia,AFOLU,Emissions (N2O),kilotonnes,59.5683,60.8809,77.9869,69.5258,72.037,76.5055,82.8685,80.1308,84.7637,86.194,92.9145,90.6748,91.4852,91.4656,98.6983,104.3437,102.171,114.0435,106.1302,113.0197,109.5276
Central Asia,AFOLU,Emissions (CO2),kilotonnes,-2605.5123,-13644.718,-13644.718,-13644.718,-13644.718,-13644.718,-13644.718,-13644.718,-13644.718,-13644.718,-13644.718,-14125.9167,-14125.9167,-14125.9167,-14125.9167,-14125.9167,-9744.8474,-9744.8474,-9744.8474,-9744.8474,-9744.8474
Central Asia,AFOLU,Emissions (CO2eq) from CH4 (AR5),kilotonnes,31124.7472,31916.8254,37802.6493,36284.0099,38832.8307,40636.9326,42845.8426,42172.7718,44884.6089,45473.2298,48972.0363,47810.613,49862.0152,49706.0296,52431.4475,54516.2729,55701.5549,60267.5733,58929.0069,61070.4878,61233.67
Central Asia,AFOLU,Emissions (CO2eq) from N2O (AR5),kilotonnes,15785.5983,16133.4412,20666.5399,18424.3292,19089.7995,20273.9699,21960.1633,21234.6677,22462.3691,22841.3969,24622.3537,24028.83,24243.5724,24238.3803,26155.0472,27651.0698,27075.3107,30221.54,28124.4946,29950.2254,29024.8257
Central Asia,AFOLU,Emissions (CO2eq) (AR5),kilotonnes,44304.8332,34405.5485,44824.4711,41063.621,44277.9122,47266.1845,51161.2879,49762.7215,53702.2599,54669.9087,59949.672,57713.5264,59979.671,59818.4933,64460.5781,68041.426,73032.0182,80744.2659,77308.6541,81275.8658,80513.6484
Central Asia,All sectors with LULUCF,Emissions (CH4),kilotonnes,4269.0314,4521.0013,5049.3942,5185.8004,5317.6143,5565.3884,5836.2056,5755.4096,6247.8632,5545.237,5859.2768,6218.34,6508.4567,6632.9486,6795.2549,6890.2628,6738.8842,7065.7261,7061.7301,7192.9875,7220.937
Central Asia,All sectors with LULUCF,Emissions (N2O),kilotonnes,72.1973,72.8463,91.0367,83.4513,86.234,90.5487,99.1633,96.4532,102.0835,102.2964,109.3877,108.1299,109.2876,109.5528,116.4761,122.2728,120.5816,132.1711,124.2948,131.7017,128.0448
Central Asia,All sectors with LULUCF,Emissions (CO2),kilotonnes,297843.4877,301910.282,311792.282,323713.282,358875.282,357097.282,382268.286,417189.877,430156.162,385870.182,424774.762,451361.8133,444779.2833,456360.7333,430699.5133,425008.5433,444383.2926,458403.1126,495670.3026,494964.1426,476023.4526
Central Asia,All sectors with LULUCF,Emissions (CO2eq) from F-gases (AR5),kilotonnes,1214.2851,1063.6826,882.839,1049.3978,1315.0755,1600.9657,1767.4272,1966.151,2191.5981,2404.6067,2707.0167,5060.3148,6095.1363,4226.7437,4515.6464,4794.8315,5093.4516,5344.4559,5604.2059,5854.2383,6104.2708
Central Asia,All sectors with LULUCF,Emissions (CO2eq) from CH4 (AR5),kilotonnes,119532.8794,126588.0359,141383.0375,145202.4106,148893.2002,155830.8753,163413.7581,161151.4689,174940.1704,155266.6361,164059.7498,174113.5193,182236.7887,185722.5615,190267.1366,192927.3591,188688.7584,197840.3312,197728.442,201403.6509,202186.2351
Central Asia,All sectors with LULUCF,Emissions (CO2eq) from N2O (AR5),kilotonnes,19132.2966,19304.2695,24124.721,22114.584,22852.0151,23995.4179,26278.2721,25560.109,27052.1399,27108.5488,28987.7331,28654.4103,28961.2084,29031.4804,30866.1536,32402.2945,31954.125,35025.3301,32938.1109,34900.9395,33931.8625
Central Asia,All sectors with LULUCF,Emissions (CO2eq) (AR5),kilotonnes,437722.9488,448866.27,478182.8795,492079.6743,531935.5728,538524.5408,573727.7433,605867.6059,634340.0704,570649.9736,620529.2616,659190.0578,662072.4167,675341.5189,656348.4499,655133.0285,670119.6276,696613.2298,731941.0614,737122.9713,718245.821
Central Asia,All sectors without LULUCF,Emissions (CH4),kilotonnes,4264.4401,4520.9988,5049.1344,5185.718,5317.5693,5565.3759,5836.1982,5755.1877,6247.8133,5545.237,5859.2668,6218.315,6508.4243,6632.9486,6795.2549,6890.1929,6738.8717,7065.7261,7061.723,7192.9825,7220.937
Central Asia,All sectors without LULUCF,Emissions (N2O),kilotonnes,71.9434,72.8461,91.013,83.4437,86.2299,90.5476,99.1626,96.433,102.079,102.2964,109.3868,108.1276,109.2846,109.5528,116.4761,122.2664,120.5805,132.1711,124.2941,131.7012,128.0448
Central Asia,All sectors without LULUCF,Emissions (CO2),kilotonnes,300449,315555,325437,337358,372520,370742,395913.004,430834.595,443800.88,399514.9,438419.48,465487.73,458905.2,470486.65,444825.43,439134.46,454128.14,468147.96,505415.15,504708.99,485768.3
Central Asia,All sectors without LULUCF,Emissions (CO2eq) from F-gases (AR5),kilotonnes,1214.2851,1063.6826,882.839,1049.3978,1315.0755,1600.9657,1767.4272,1966.151,2191.5981,2404.6067,2707.0167,5060.3148,6095.1363,4226.7437,4515.6464,4794.8315,5093.4516,5344.4559,5604.2059,5854.2383,6104.2708
Central Asia,All sectors without LULUCF,Emissions (CO2eq) from CH4 (AR5),kilotonnes,119404.3233,126587.966,141375.7623,145200.1028,148891.9408,155830.5256,163413.5484,161145.2549,174938.7717,155266.6361,164059.4701,174112.82,182235.8794,185722.5615,190267.1366,192925.4013,188688.4089,197840.3312,197728.2452,201403.5111,202186.2351
Central Asia,All sectors without LULUCF,Emissions (CO2eq) from N2O (AR5),kilotonnes,19064.9903,19304.2091,24118.4342,22112.5898,22850.9268,23995.1158,26278.0909,25554.7393,27050.9313,27108.5488,28987.4914,28653.8061,28960.4226,29031.4804,30866.1536,32400.6026,31953.823,35025.3301,32937.9408,34900.8187,33931.8625
Central Asia,All sectors without LULUCF,Emissions (CO2eq) (AR5),kilotonnes,440132.5987,462510.8577,491814.0355,505720.0903,545577.943,552168.6071,587372.0705,619500.7402,647982.1811,584294.6916,634173.4583,673314.6709,676196.6383,689467.4356,670474.3666,669255.2954,679863.8235,706358.0772,741685.5418,746867.558,727990.6684
Eastern Asia,Crop Residues,Direct emissions (N2O),kilotonnes,79.0862,77.3228,76.9543,72.911,78.8938,81.4803,84.4562,84.6556,88.3821,89.0836,90.8451,93.7348,96.2913,97.8314,98.7971,106.7295,106.4606,106.9383,105.9427,106.5051,107.0776
Eastern Asia,Crop Residues,Indirect emissions (N2O),kilotonnes,17.7944,17.3976,17.3147,16.405,17.7511,18.3331,19.0026,19.0475,19.886,20.0438,20.4401,21.0903,21.6655,22.0121,22.2293,24.0141,23.9536,24.0611,23.8371,23.9636,24.0925
Eastern Asia,Crop Residues,Emissions (N2O),kilotonnes,96.8806,94.7205,94.269,89.3159,96.6449,99.8133,103.4588,103.7031,108.268,109.1274,111.2853,114.8251,117.9569,119.8434,121.0264,130.7437,130.4142,130.9994,129.7798,130.4688,131.1701
Eastern Asia,Crop Residues,Emissions (CO2eq) from N2O (AR5),kilotonnes,25673.3569,25100.928,24981.2848,23668.7227,25610.8904,26450.5329,27416.593,27481.3162,28691.0321,28918.7535,29490.5935,30428.6613,31258.5712,31758.5131,32072.0068,34647.0731,34559.7622,34714.8481,34391.6441,34574.2188,34760.067
Eastern Asia,Crop Residues,Emissions (CO2eq) (AR5),kilotonnes,25673.3569,25100.928,24981.2848,23668.7227,25610.8904,26450.5329,27416.593,27481.3162,28691.0321,28918.7535,29490.5935,30428.6613,31258.5712,31758.5131,32072.0068,34647.0731,34559.7622,34714.8481,34391.6441,34574.2188,34760.067
Eastern Asia,Rice Cultivation,Emissions (CH4),kilotonnes,6012.4435,5804.6479,5684.8298,5368.6206,5694.9653,5779.7122,5785.6629,5777.6217,5817.8468,5882.7975,5921.445,5941.0818,5954.9674,5982.0666,5971.8911,6033.4712,6023.1378,6016.9064,5896.0548,5805.4177,5870.826
Eastern Asia,Rice Cultivation,Emissions (CO2eq) from CH4 (AR5),kilotonnes,168348.418,162530.14,159175.2348,150321.3768,159459.0271,161831.9416,161998.5601,161773.4062,162899.7102,164718.3306,165800.4607,166350.2896,166739.0875,167497.8653,167212.9497,168937.1947,168647.8576,168473.3793,165089.5355,162551.6955,164383.1277
Eastern Asia,Rice Cultivation,Emissions (CO2eq) (AR5),kilotonnes,168348.418,162530.14,159175.2348,150321.3768,159459.0271,161831.9416,161998.5601,161773.4062,162899.7102,164718.3306,165800.4607,166350.2896,166739.0875,167497.8653,167212.9497,168937.1947,168647.8576,168473.3793,165089.5355,162551.6955,164383.1277
Eastern Asia,Burning - Crop residues,Emissions (CH4),kilotonnes,145.1562,144.696,144.118,137.8887,143.8522,148.3756,154.8182,158.0199,159.635,164.5038,168.3359,171.4489,175.7713,179.3292,181.3029,203.2568,200.9742,195.6568,193.8026,190.3059,190.4716
Eastern Asia,Burning - Crop residues,Emissions (N2O),kilotonnes,3.7633,3.7514,3.7364,3.5749,3.7295,3.8468,4.0138,4.0968,4.1387,4.2649,4.3643,4.445,4.557,4.6493,4.7004,5.2696,5.2104,5.0726,5.0245,4.9339,4.9382
Eastern Asia,Burning - Crop residues,Emissions (CO2eq) from CH4 (AR5),kilotonnes,4064.374,4051.4894,4035.3042,3860.8844,4027.8626,4154.5173,4334.9108,4424.5566,4469.7798,4606.1071,4713.4064,4800.5679,4921.5971,5021.2168,5076.4824,5691.1906,5627.2786,5478.391,5426.4726,5328.5651,5333.2041
Eastern Asia,Burning - Crop residues,Emissions (CO2eq) from N2O (AR5),kilotonnes,997.277,994.1155,990.1441,947.3466,988.3181,1019.3954,1063.6587,1085.6551,1096.7515,1130.2022,1156.5303,1177.9171,1207.6141,1232.0578,1245.6184,1396.4495,1380.7674,1344.2348,1331.4956,1307.472,1308.6103
Eastern Asia,Burning - Crop residues,Emissions (CO2eq) (AR5),kilotonnes,5061.6509,5045.6049,5025.4483,4808.231,5016.1808,5173.9127,5398.5695,5510.2117,5566.5313,5736.3093,5869.9367,5978.4851,6129.2112,6253.2746,6322.1007,7087.6402,7008.046,6822.6258,6757.9682,6636.0371,6641.8144
Eastern Asia,Enteric Fermentation,Emissions (CH4),kilotonnes,9233.1515,8987.684,8642.8705,8568.3378,8580.5769,8621.719,8547.9314,8262.3202,8364.1725,8180.6606,7972.8358,7769.9929,7679.5888,7641.0124,7700.0417,7797.1291,7904.9808,7744.0405,7815.732,7809.708,7783.331
Eastern Asia,Enteric Fermentation,Emissions (CO2eq) from CH4 (AR5),kilotonnes,258528.243,251655.1514,242000.3731,239913.458,240256.1521,241408.1331,239342.079,231344.9663,234196.8307,229058.4954,223239.4033,217559.8022,215028.4855,213948.3469,215601.168,218319.6134,221339.4614,216833.1332,218840.4962,218671.8242,217933.2679
Eastern Asia,Enteric Fermentation,Emissions (CO2eq) (AR5),kilotonnes,258528.243,251655.1514,242000.3731,239913.458,240256.1521,241408.1331,239342.079,231344.9663,234196.8307,229058.4954,223239.4033,217559.8022,215028.4855,213948.3469,215601.168,218319.6134,221339.4614,216833.1332,218840.4962,218671.8242,217933.2679
Eastern Asia,Manure Management,Emissions (CH4),kilotonnes,1254.0331,1222.062,1226.3389,1228.1383,1237.0981,1270.3456,1304.0148,1272.6803,1312.5007,1370.1642,1357.2184,1346.2686,1369.8071,1365.1296,1366.8345,1351.4321,1335.2073,1297.3428,1273.5476,1043.1337,1228.0619
Eastern Asia,Manure Management,Emissions (N2O),kilotonnes,145.7759,141.8111,138.3582,135.9721,134.7648,134.349,133.9198,129.466,133.3089,133.321,131.6065,127.4305,127.6516,126.6843,126.3676,126.9239,126.531,124.3257,124.3547,114.2465,121.1173
Eastern Asia,Manure Management,Emissions (CO2eq) from CH4 (AR5),kilotonnes,35112.9262,34217.7368,34337.4905,34387.8726,34638.7462,35569.6766,36512.4157,35635.0493,36750.0188,38364.5978,38002.1162,37695.5197,38354.5994,38223.63,38271.3666,37840.1,37385.805,36325.5982,35659.3321,29207.7439,34385.7342
Eastern Asia,Manure Management,Emissions (CO2eq) from N2O (AR5),kilotonnes,38630.6038,37579.9546,36664.9362,36032.599,35712.67,35602.4836,35488.7496,34308.4823,35326.8567,35330.0709,34875.7238,33769.0902,33827.6641,33571.3485,33487.4182,33634.828,33530.7169,32946.3017,32953.9881,30275.3213,32096.0925
Eastern Asia,Manure Management,Emissions (CO2eq) (AR5),kilotonnes,73743.5299,71797.6914,71002.4268,70420.4716,70351.4163,71172.1602,72001.1653,69943.5316,72076.8755,73694.6687,72877.84,71464.6099,72182.2635,71794.9785,71758.7848,71474.9279,70916.5219,69271.8998,68613.3202,59483.0652,66481.8267
Eastern Asia,Manure left on Pasture,Direct emissions (N2O),kilotonnes,192.7348,190.357,186.5718,184.4544,186.831,189.4584,187.6822,183.518,187.9577,186.1992,182.2396,174.8753,175.1029,175.2942,175.4897,180.6126,184.7432,183.0712,183.4619,186.61,183.0745
Eastern Asia,Manure left on Pasture,Indirect emissions (N2O),kilotonnes,56.1274,55.4748,54.2429,53.9138,54.7826,55.8868,55.3567,54.0323,55.1568,54.6932,53.1094,51.6261,51.7053,51.9468,52.2746,54.03,55.4006,54.7051,54.5747,55.6176,54.8204
Eastern Asia,Manure left on Pasture,Emissions (N2O),kilotonnes,248.8622,245.8318,240.8147,238.3682,241.6136,245.3452,243.0389,237.5502,243.1144,240.8923,235.349,226.5014,226.8082,227.2409,227.7643,234.6426,240.1438,237.7763,238.0366,242.2275,237.895
Eastern Asia,Manure left on Pasture,Emissions (CO2eq) from N2O (AR5),kilotonnes,65948.4818,65145.4265,63815.8985,63167.561,64027.6031,65016.4753,64405.3099,62950.8076,64425.3227,63836.4694,62367.4827,60022.8615,60104.1843,60218.8453,60357.5332,62180.2848,63638.1148,63010.7142,63079.6989,64190.2912,63042.1637
Eastern Asia,Manure left on Pasture,Emissions (CO2eq) (AR5),kilotonnes,65948.4818,65145.4265,63815.8985,63167.561,64027.6031,65016.4753,64405.3099,62950.8076,64425.3227,63836.4694,62367.4827,60022.8615,60104.1843,60218.8453,60357.5332,62180.2848,63638.1148,63010.7142,63079.6989,64190.2912,63042.1637
Eastern Asia,Manure applied to Soils,Direct emissions (N2O),kilotonnes,79.0763,78.0895,78.5456,77.9303,79.4846,81.4799,82.3596,81.2134,83.8949,85.5177,85.2578,81.589,82.7813,82.7806,82.3446,83.244,84.1217,83.3147,82.9666,77.6804,81.3345
Eastern Asia,Manure applied to Soils,Indirect emissions (N2O),kilotonnes,33.6074,33.188,33.3819,33.1204,33.781,34.629,35.0028,34.5157,35.6553,36.345,36.2346,34.6753,35.1821,35.1818,34.9965,35.3787,35.7517,35.4087,35.2608,33.0142,34.5671
Eastern Asia,Manure applied to Soils,Emissions (N2O),kilotonnes,112.6837,111.2775,111.9274,111.0506,113.2656,116.1089,117.3624,115.7292,119.5502,121.8627,121.4924,116.2643,117.9634,117.9624,117.3411,118.6226,119.8734,118.7234,118.2274,110.6946,115.9016
Eastern Asia,Manure applied to Soils,Emissions (CO2eq) from N2O (AR5),kilotonnes,29861.1811,29488.5431,29660.7685,29428.4219,30015.3724,30768.8615,31101.0313,30668.2261,31680.8083,32293.6028,32195.4742,30810.0353,31260.2898,31260.0287,31095.3857,31434.9975,31766.4609,31461.7116,31330.2702,29334.069,30713.9286
Eastern Asia,Manure applied to Soils,Emissions (CO2eq) (AR5),kilotonnes,29861.1811,29488.5431,29660.7685,29428.4219,30015.3724,30768.8615,31101.0313,30668.2261,31680.8083,32293.6028,32195.4742,30810.0353,31260.2898,31260.0287,31095.3857,31434.9975,31766.4609,31461.7116,31330.2702,29334.069,30713.9286
Eastern Asia,Synthetic Fertilizers,Direct emissions (N2O),kilotonnes,362.5519,366.0088,411.1316,413.1936,430.5377,436.9188,444.9653,456.9728,460.3651,468.6595,478.9002,488.5618,496.1103,498.3379,501.0857,497.1034,491.6761,478.3591,457.1311,433.2251,416.9443
Eastern Asia,Synthetic Fertilizers,Indirect emissions (N2O),kilotonnes,117.8294,118.9528,133.6178,134.2879,139.9247,141.9986,144.6137,148.5162,149.6186,152.3143,155.6426,158.7826,161.2359,161.9598,162.8528,161.5586,159.7947,155.4667,148.5676,140.7981,135.5069
Eastern Asia,Synthetic Fertilizers,Emissions (N2O),kilotonnes,480.3813,484.9616,544.7493,547.4815,570.4624,578.9174,589.579,605.489,609.9837,620.9739,634.5428,647.3443,657.3462,660.2977,663.9385,658.6619,651.4708,633.8258,605.6987,574.0232,552.4511
Eastern Asia,Synthetic Fertilizers,Emissions (CO2eq) from N2O (AR5),kilotonnes,127301.0384,128514.8284,144358.5739,145082.6008,151172.5419,153413.108,156238.4331,160454.5864,161645.6837,164558.0711,168153.8325,171546.2457,174196.7329,174978.9016,175943.7032,174545.4156,172639.7605,167963.8394,160510.1531,152116.1492,146399.5524
Eastern Asia,Synthetic Fertilizers,Emissions (CO2eq) (AR5),kilotonnes,127301.0384,128514.8284,144358.5739,145082.6008,151172.5419,153413.108,156238.4331,160454.5864,161645.6837,164558.0711,168153.8325,171546.2457,174196.7329,174978.9016,175943.7032,174545.4156,172639.7605,167963.8394,160510.1531,152116.1492,146399.5524
Eastern Asia,Drained organic soils,Emissions (CO2eq) (AR5),kilotonnes,37543.1966,37502.2235,37478.4835,37481.3982,37577.1863,37503.4285,37459.1271,37317.1576,37211.3489,37103.1135,36992.1693,36997.4424,36946.876,36888.2244,36808.633,36762.0419,36538.0952,36450.3499,36436.8254,36435.9085,36452.2617
Eastern Asia,Drained organic soils (CO2),Emissions (CO2),kilotonnes,31603.0001,31568.4185,31548.343,31550.7171,31631.3447,31568.9795,31531.4789,31411.3499,31321.8595,31230.2993,31136.5258,31140.6698,31097.8478,31048.2282,30980.9821,30941.6053,30753.0704,30679.1846,30667.7986,30667.2064,30680.9883
Eastern Asia,Drained organic soils (CO2),Emissions (CO2eq) (AR5),kilotonnes,31603.0001,31568.4185,31548.343,31550.7171,31631.3447,31568.9795,31531.4789,31411.3499,31321.8595,31230.2993,31136.5258,31140.6698,31097.8478,31048.2282,30980.9821,30941.6053,30753.0704,30679.1846,30667.7986,30667.2064,30680.9883
Eastern Asia,Drained organic soils (N2O),Emissions (N2O),kilotonnes,22.4158,22.3917,22.3779,22.3799,22.4371,22.3941,22.3685,22.2861,22.2245,22.1616,22.0968,22.101,22.0718,22.0377,21.9911,21.9639,21.8303,21.778,21.7699,21.7687,21.7784
Eastern Asia,Drained organic soils (N2O),Emissions (CO2eq) from N2O (AR5),kilotonnes,5940.1965,5933.805,5930.1405,5930.681,5945.8416,5934.4489,5927.6482,5905.8077,5889.4895,5872.8142,5855.6435,5856.7726,5849.0282,5839.9962,5827.6509,5820.4366,5785.0249,5771.1654,5769.0268,5768.702,5771.2734
Eastern Asia,Drained organic soils (N2O),Emissions (CO2eq) (AR5),kilotonnes,5940.1965,5933.805,5930.1405,5930.681,5945.8416,5934.4489,5927.6482,5905.8077,5889.4895,5872.8142,5855.6435,5856.7726,5849.0282,5839.9962,5827.6509,5820.4366,5785.0249,5771.1654,5769.0268,5768.702,5771.2734
Eastern Asia,On-farm energy use,Emissions (CH4),kilotonnes,191.2282,169.4729,134.8287,145.3874,156.1082,169.4015,174.0208,179.2918,182.9294,183.1822,187.238,191.4848,196.0655,210.0118,220.4307,224.2335,236.4128,240.8169,204.691,201.5432,201.5432
Eastern Asia,On-farm energy use,Emissions (N2O),kilotonnes,27.424,28.396,20.6145,21.8331,23.4341,25.547,25.9679,24.1801,21.3773,22.9637,23.6199,23.8764,24.605,25.6586,25.8539,26.1869,26.4447,26.6732,25.3915,25.2991,25.2991
Eastern Asia,On-farm energy use,Emissions (CO2),kilotonnes,134892.5588,130935.59,98904.5534,105336.3578,112876.6132,122534.3367,124955.0183,121979.8038,115548.1599,119750.7236,122609.6669,124750.7381,127999.1818,134934.6118,138755.4718,141009.685,145243.4956,147211.815,133239.787,132137.209,132137.209
Eastern Asia,On-farm energy use,Emissions (CO2eq) from CH4 (AR5),kilotonnes,5354.3891,4745.2402,3775.2035,4070.8466,4371.0303,4743.243,4872.5831,5020.1712,5122.0238,5129.1026,5242.6629,5361.5741,5489.8341,5880.3297,6172.0589,6278.5372,6619.5575,6742.8734,5731.3494,5643.2095,5643.2095
Eastern Asia,On-farm energy use,Emissions (CO2eq) from N2O (AR5),kilotonnes,7267.3564,7524.9349,5462.8443,5785.7786,6210.0368,6769.9613,6881.4903,6407.7219,5664.9899,6085.3722,6259.2784,6327.2477,6520.321,6799.5372,6851.2703,6939.5264,7007.8548,7068.4026,6728.7607,6704.26,6704.26
Eastern Asia,On-farm energy use,Emissions (CO2eq) (AR5),kilotonnes,147514.3042,143205.7651,108142.6012,115192.983,123457.6803,134047.5411,136709.0916,133407.6969,126335.1736,130965.1983,134111.6081,136439.5599,140009.3368,147614.4787,151778.8011,154227.7486,158870.908,161023.0909,145699.8972,144484.6785,144484.6785
Eastern Asia,Forestland,Emissions (CO2),kilotonnes,-478420.0968,-502330.9046,-502330.9046,-502330.9046,-502330.9046,-502330.9046,-502330.9046,-502330.9046,-502330.9046,-502330.9046,-502330.9046,-824243.0741,-824243.0741,-824243.0741,-824243.0741,-824243.0741,-738108.3402,-738108.3402,-738108.3402,-738108.3402,-738108.3402
Eastern Asia,Forestland,Emissions (CO2eq) (AR5),kilotonnes,-478420.0968,-502330.9046,-502330.9046,-502330.9046,-502330.9046,-502330.9046,-502330.9046,-502330.9046,-502330.9046,-502330.9046,-502330.9046,-824243.0741,-824243.0741,-824243.0741,-824243.0741,-824243.0741,-738108.3402,-738108.3402,-738108.3402,-738108.3402,-738108.3402
Eastern Asia,Net Forest conversion,Emissions (CO2),kilotonnes,11666.7448,8555.4941,8555.4941,8555.4941,8555.4941,8555.4941,8555.4941,8555.4941,8555.4941,8555.4941,8555.4941,11419.3302,11419.3302,11419.3302,11419.3302,11419.3302,7793.2096,7793.2096,7793.2096,7793.2096,7793.2096
Eastern Asia,Net Forest conversion,Emissions (CO2eq) (AR5),kilotonnes,11666.7448,8555.4941,8555.4941,8555.4941,8555.4941,8555.4941,8555.4941,8555.4941,8555.4941,8555.4941,8555.4941,11419.3302,11419.3302,11419.3302,11419.3302,11419.3302,7793.2096,7793.2096,7793.2096,7793.2096,7793.2096
Eastern Asia,Savanna fires,Emissions (CH4),kilotonnes,15.0167,7.1837,14.1453,34.8271,23.04,16.8276,16.7398,24.4058,22.1887,13.4955,13.3144,22.4977,25.2994,13.4702,18.1997,23.8921,14.4088,7.9491,4.4188,8.3009,3.8401
Eastern Asia,Savanna fires,Emissions (N2O),kilotonnes,1.3711,0.6559,1.2915,3.1799,2.1037,1.5364,1.5284,2.2284,2.0259,1.2322,1.2157,2.0541,2.3099,1.2299,1.6617,2.1815,1.3156,0.7258,0.4035,0.7579,0.3506
Eastern Asia,Savanna fires,Emissions (CO2eq) from CH4 (AR5),kilotonnes,420.4667,201.1434,396.0681,975.1593,645.1201,471.1715,468.7148,683.3621,621.2841,377.8742,372.8031,629.9343,708.3822,377.1655,509.5907,668.98,403.4457,222.5738,123.7277,232.426,107.5229
Eastern Asia,Savanna fires,Emissions (CO2eq) from N2O (AR5),kilotonnes,363.3375,173.8141,342.2545,842.6649,557.4679,407.1536,405.0307,590.514,536.8705,326.5326,322.1505,544.3454,612.1346,325.9202,440.3528,578.086,348.6297,192.3328,106.9169,200.8464,92.9138
Eastern Asia,Savanna fires,Emissions (CO2eq) (AR5),kilotonnes,783.8042,374.9575,738.3227,1817.8242,1202.5879,878.3252,873.7456,1273.8761,1158.1546,704.4069,694.9535,1174.2796,1320.5169,703.0856,949.9435,1247.066,752.0755,414.9067,230.6446,433.2724,200.4366
Eastern Asia,Fires in organic soils,Emissions (CH4),kilotonnes,0,0,0,0,0,0,0,0,0,0,0,0,0,0,0,0,0,0,0,0,0
Eastern Asia,Fires in organic soils,Emissions (CO2),kilotonnes,0,0,0,0,0,0,0,0,0,0,0,0,0,0,0,0,0,0,0,0,0
Eastern Asia,Fires in organic soils,Emissions (CO2eq) from CH4 (AR5),kilotonnes,0,0,0,0,0,0,0,0,0,0,0,0,0,0,0,0,0,0,0,0,0
Eastern Asia,Fires in organic soils,Emissions (CO2eq) (AR5),kilotonnes,0,0,0,0,0,0,0,0,0,0,0,0,0,0,0,0,0,0,0,0,0
Eastern Asia,Forest fires,Emissions (CH4),kilotonnes,58.476,15.8319,9.7844,29.5676,29.8526,13.9356,9.6562,12.827,35.5787,21.1563,15.3933,12.4407,7.4887,8.32,20.2,14.204,11.3486,7.0864,15.1121,14.6641,12.1057
Eastern Asia,Forest fires,Emissions (N2O),kilotonnes,3.1909,1.4455,0.8934,2.6997,2.7257,1.2724,0.8817,1.1712,3.2485,1.9317,1.4055,1.1359,0.6837,0.7596,1.8444,1.2969,1.0362,0.647,1.3798,1.3389,1.1053
Eastern Asia,Forest fires,Emissions (CO2eq) from CH4 (AR5),kilotonnes,1637.3279,443.2927,273.962,827.8931,835.8718,390.1981,270.3739,359.1564,996.2022,592.3767,431.0129,348.3383,209.6829,232.9586,565.6012,397.7115,317.7595,198.418,423.1398,410.5947,338.9606
Eastern Asia,Forest fires,Emissions (CO2eq) from N2O (AR5),kilotonnes,845.5829,383.0627,236.7389,715.4076,722.3023,337.182,233.6383,310.358,860.8487,511.8907,372.4514,301.0097,181.1934,201.3066,488.7532,343.6746,274.5857,171.4591,365.648,354.8074,292.9062
Eastern Asia,Forest fires,Emissions (CO2eq) (AR5),kilotonnes,2482.9108,826.3555,510.7008,1543.3007,1558.174,727.3801,504.0123,669.5144,1857.0509,1104.2674,803.4643,649.348,390.8763,434.2653,1054.3543,741.3861,592.3452,369.8771,788.7878,765.402,631.8668
Eastern Asia,Fires in humid tropical forests,Emissions (CH4),kilotonnes,0.0654,0.024,0.1784,0.0932,0.0506,0.0746,0.0426,0.0506,0.0027,0,0.032,0.0053,0.0586,0,0,0.0453,0.0346,0.008,0.0027,0,0
Eastern Asia,Fires in humid tropical forests,Emissions (N2O),kilotonnes,0.0019,0.0022,0.0163,0.0085,0.0046,0.0068,0.0039,0.0046,0.0002,0,0.0029,0.0005,0.0053,0,0,0.0041,0.0032,0.0007,0.0002,0,0
Eastern Asia,Fires in humid tropical forests,Emissions (CO2eq) from CH4 (AR5),kilotonnes,1.8325,0.6711,4.996,2.61,1.4168,2.0878,1.1929,1.4167,0.0746,0,0.8948,0.1491,1.6403,0,0,1.2677,0.9694,0.2237,0.0746,0,0
Eastern Asia,Fires in humid tropical forests,Emissions (CO2eq) from N2O (AR5),kilotonnes,0.5101,0.5799,4.3172,2.2554,1.2243,1.8042,1.0309,1.2242,0.0645,0,0.7733,0.1289,1.4175,0,0,1.0955,0.8377,0.1933,0.0644,0,0
Eastern Asia,Fires in humid tropical forests,Emissions (CO2eq) (AR5),kilotonnes,2.3426,1.251,9.3132,4.8655,2.641,3.892,2.2238,2.6409,0.1391,0,1.6681,0.278,3.0578,0,0,2.3632,1.807,0.417,0.139,0,0
Eastern Asia,Waste - agri-food systems,Emissions (CH4),kilotonnes,6641.5912,6725.3183,6766.5861,6795.6543,6848.3818,6893.8386,6943.3234,7006.0019,7108.3161,7121.0809,7182.468,7228.6273,7292.811,7322.4193,7178.0787,7163.8696,7173.579,7192.4625,7206.8193,7183.1446,7154.7848
Eastern Asia,Waste - agri-food systems,Emissions (N2O),kilotonnes,52.783,52.9568,53.525,54.102,54.8292,55.7976,56.1784,57.5644,59.8534,60.2863,61.6529,62.2272,63.4515,63.9952,63.0318,64.1041,64.5464,65.5863,66.0144,66.099,66.1042
Eastern Asia,Waste - agri-food systems,Emissions (CO2),kilotonnes,15158.3571,15175.301,15206.6935,15263.3967,15337.4023,15398.5344,15463.8818,15558.9816,15662.3747,15698.8658,15782.0858,15874.7904,15921.0648,15940.0656,15967.0189,15973.7012,15996.1481,16030.2702,16079.4388,16090.3021,16096.3473
Eastern Asia,Waste - agri-food systems,Emissions (CO2eq) from CH4 (AR5),kilotonnes,185964.5522,188308.9115,189464.411,190278.3211,191754.6896,193027.4817,194413.0562,196168.0529,199032.8513,199390.264,201109.1053,202401.5651,204198.7089,205027.7401,200986.2049,200588.3499,200860.2117,201388.9503,201790.9399,201128.0482,200333.9745
Eastern Asia,Waste - agri-food systems,Emissions (CO2eq) from N2O (AR5),kilotonnes,13987.4886,14033.5403,14184.1118,14337.0432,14529.726,14786.3617,14887.2863,15254.5747,15861.151,15975.8789,16338.0246,16490.2066,16814.6472,16958.7188,16703.4295,16987.5833,17104.7931,17380.3744,17493.8068,17516.2446,17517.6159
Eastern Asia,Waste - agri-food systems,Emissions (CO2eq) (AR5),kilotonnes,215110.3979,217517.7528,218855.2163,219878.761,221621.8178,223212.3779,224764.2243,226981.6092,230556.3769,231065.0087,233229.2157,234766.5621,236934.4209,237926.5245,233656.6534,233549.6344,233961.1529,234799.5948,235364.1854,234734.5948,233947.9377
Eastern Asia,Fertilizers Manufacturing,Emissions (N2O),kilotonnes,66.1197,68.0443,72.6486,81.3014,84.3617,81.8907,87.1814,94.473,94.1281,98.2646,102.8929,105.7517,108.3208,107.9128,117.7831,114.4518,108.2514,101.9967,93.8619,91.0374,93.1064
Eastern Asia,Fertilizers Manufacturing,Emissions (CO2),kilotonnes,79558.9951,82575.2224,87896.0595,97639.6551,102142.1347,101017.5746,107954.4492,115206.6681,115906.1668,122986.9569,131573.613,136233.6933,137133.9062,135129.9555,145872.6606,141823.182,136896.2893,127031.3444,116311.2847,113424.1082,114082.7674
Eastern Asia,Fertilizers Manufacturing,Emissions (CO2eq) from N2O (AR5),kilotonnes,17521.7295,18031.7298,19251.879,21544.871,22355.8505,21701.0355,23103.071,25035.345,24943.9465,26040.119,27266.6185,28024.2005,28705.012,28596.892,31212.5215,30329.727,28686.621,27029.1255,24873.4035,24124.911,24673.2044
Eastern Asia,Fertilizers Manufacturing,Emissions (CO2eq) (AR5),kilotonnes,97080.7246,100606.9521,107147.9385,119184.5261,124497.9852,122718.6101,131057.5202,140242.0131,140850.1133,149027.0759,158840.2315,164257.8938,165838.9182,163726.8475,177085.1821,172152.909,165582.9103,154060.4699,141184.6882,137549.0192,138755.9718
Eastern Asia,On-farm electricity use,Emissions (CH4),kilotonnes,90.8207,102.4641,83.7765,93.9582,103.9721,105.2682,111.9235,119.0562,120.9631,127.413,133.2239,138.7182,140.3547,143.0484,142.0395,146.1482,153.8601,164.1295,173.2004,179.4326,179.4326
Eastern Asia,On-farm electricity use,Emissions (N2O),kilotonnes,0.485,0.547,0.4473,0.5016,0.555,0.562,0.5974,0.6355,0.646,0.6802,0.7111,0.7407,0.7493,0.764,0.7586,0.7806,0.8218,0.8767,0.9251,0.9584,0.9584
Eastern Asia,On-farm electricity use,Emissions (CO2),kilotonnes,63897.7857,70203.9974,57571.7911,66683.4145,72463.8982,72191.4549,76354.0092,77687.1914,76465.3992,80384.5219,81023.8064,85257.7315,82876.179,92267.1449,91426.8061,94000.1965,98890.1303,105809.7858,111745.4809,115809.2158,115809.2158
Eastern Asia,On-farm electricity use,Emissions (CO2eq) from CH4 (AR5),kilotonnes,2542.9796,2868.9948,2345.742,2630.8296,2911.2188,2947.5096,3133.858,3333.5736,3386.9668,3567.564,3730.2692,3884.1096,3929.9316,4005.3552,3977.106,4092.1496,4308.0828,4595.626,4849.6112,5024.1128,5024.1128
Eastern Asia,On-farm electricity use,Emissions (CO2eq) from N2O (AR5),kilotonnes,128.525,144.955,118.5345,132.924,147.075,148.93,158.311,168.4075,171.19,180.253,188.4415,196.2855,198.5645,202.46,201.029,206.859,217.777,232.3255,245.1515,253.976,253.976
Eastern Asia,On-farm electricity use,Emissions (CO2eq) (AR5),kilotonnes,66569.2903,73217.9472,60036.0676,69447.1681,75522.192,75287.8945,79646.1782,81189.1725,80023.556,84132.3389,84942.5171,89338.1266,87004.6751,96474.9601,95604.9411,98299.2051,103415.9901,110637.7373,116840.2436,121087.3046,121087.3046
Eastern Asia,Food Processing,Emissions (CH4),kilotonnes,78.3872,80.275,85.1939,87.9237,93.4064,107.6909,110.7011,109.188,117.2777,110.7639,131.23,138.2939,135.4572,140.321,121.6356,119.2095,142.7113,136.1793,139.2735,142.1145,144.7472
Eastern Asia,Food Processing,Emissions (N2O),kilotonnes,0.3204,0.318,0.3294,0.3328,0.3416,0.3459,0.3407,0.3415,0.3396,0.326,0.328,0.3315,0.3396,0.3461,0.3724,0.3681,0.3719,0.368,0.3561,0.3554,0.3561
Eastern Asia,Food Processing,Emissions (CO2),kilotonnes,31449.0887,31534.1684,32713.5208,33121.5966,33862.2195,34026.721,33419.7678,34074.8631,32891.2389,31715.4396,32301.2464,35534.2135,37713.8321,34821.748,38385.7015,37372.5302,37647.5822,36648.3485,35320.1213,35629.3792,33132.8654
Eastern Asia,Food Processing,Emissions (CO2eq) from CH4 (AR5),kilotonnes,2194.8416,2247.7,2385.4292,2461.8636,2615.3792,3015.3452,3099.6308,3057.264,3283.7756,3101.3892,3674.44,3872.2292,3792.8016,3928.988,3405.7968,3337.866,3995.9164,3813.0204,3899.658,3979.206,4052.9208
Eastern Asia,Food Processing,Emissions (CO2eq) from N2O (AR5),kilotonnes,84.906,84.27,87.291,88.192,90.524,91.6635,90.2855,90.4975,89.994,86.39,86.92,87.8475,89.994,91.7165,98.686,97.5465,98.5535,97.52,94.3665,94.181,94.3764
Eastern Asia,Food Processing,Emissions (CO2eq) (AR5),kilotonnes,33728.8363,33866.1384,35186.241,35671.6522,36568.1227,37133.7297,36609.6841,37222.6246,36265.0085,34903.2188,36062.6064,39494.2902,41596.6277,38842.4525,41890.1843,40807.9427,41742.0521,40558.8889,39314.1458,39702.7662,37280.1626
Eastern Asia,Food Packaging,Emissions (CH4),kilotonnes,65.0972,66.6773,71.5539,75.1161,81.7326,90.4137,95.7257,98.407,100.4333,105.0177,116.6851,123.7086,125.0024,130.2651,134.8053,134.3027,144.6224,147.1837,156.2592,149.8441,151.9642
Eastern Asia,Food Packaging,Emissions (N2O),kilotonnes,0.7364,0.7452,0.748,0.777,0.9277,1.0239,1.072,1.1365,1.1752,1.2619,1.2925,1.3571,1.3036,1.3197,1.306,1.3115,1.2385,1.2111,1.1535,1.3926,1.412
Eastern Asia,Food Packaging,Emissions (CO2),kilotonnes,63418.761,64149.1395,66384.859,70496.8761,81441.1655,88767.6322,93309.8868,97488.1569,98919.0655,104947.5485,108091.718,116059.2425,112347.7232,119370.9532,121455.7822,122494.9607,119505.5554,120794.7795,120862.028,129317.0908,128481.1102
Eastern Asia,Food Packaging,Emissions (CO2eq) from CH4 (AR5),kilotonnes,1822.7216,1866.9644,2003.5092,2103.2508,2288.5128,2531.5836,2680.3196,2755.396,2812.1324,2940.4956,3267.1828,3463.8408,3500.0672,3647.4228,3774.5484,3760.4756,4049.4272,4121.1436,4375.2576,4195.6348,4254.9962
Eastern Asia,Food Packaging,Emissions (CO2eq) from N2O (AR5),kilotonnes,195.146,197.478,198.22,205.905,245.8405,271.3335,284.08,301.1725,311.428,334.4035,342.5125,359.6315,345.454,349.7205,346.09,347.5475,328.2025,320.9415,305.6775,369.039,374.1767
Eastern Asia,Food Packaging,Emissions (CO2eq) (AR5),kilotonnes,65436.6286,66213.5819,68586.5882,72806.0319,83975.5188,91570.5493,96274.2864,100544.7254,102042.6259,108222.4476,111701.4133,119882.7148,116193.2444,123368.0965,125576.4206,126602.9838,123883.1851,125236.8646,125542.9631,133881.7646,133110.2831
Eastern Asia,Food Retail,Emissions (CH4),kilotonnes,54.2029,55.8956,58.6946,60.1434,63.8275,66.8817,68.6938,72.5319,76.3162,75.572,77.5469,77.1749,76.4774,76.7565,76.6322,75.7559,78.0683,78.6133,79.7553,87.4925,87.4004
Eastern Asia,Food Retail,Emissions (N2O),kilotonnes,0.4434,0.4551,0.4865,0.5033,0.5314,0.5628,0.567,0.5892,0.6124,0.6057,0.6199,0.6383,0.6408,0.6517,0.6302,0.6367,0.6478,0.641,0.643,0.6957,0.6996
Eastern Asia,Food Retail,Emissions (CO2),kilotonnes,38608.6047,39592.7616,41643.893,43437.0494,45592.0574,47153.238,47258.0443,50165.1332,51005.5539,50047.6834,51900.8855,56581.3347,58797.1499,55218.2573,54020.1294,54346.461,55144.555,55051.4761,55687.6101,59031.6067,55536.2067
Eastern Asia,Food Retail,Emissions (CO2eq) from F-gases (AR5),kilotonnes,19677.1015,22822.1545,25879.9315,28163.134,30596.9915,34380.51,37371.791,40369.306,40997.901,41289.3405,41415.0595,41463.8925,41477.3995,41479.997,41479.997,41479.997,44470.7585,45237.5405,46004.842,46772.1435,48814.7517
Eastern Asia,Food Retail,Emissions (CO2eq) from CH4 (AR5),kilotonnes,1517.6812,1565.0768,1643.4488,1684.0152,1787.17,1872.6876,1923.4264,2030.8932,2136.8536,2116.016,2171.3132,2160.8972,2141.3672,2149.182,2145.7016,2121.1652,2185.9124,2201.1724,2233.1484,2449.79,2447.2111
Eastern Asia,Food Retail,Emissions (CO2eq) from N2O (AR5),kilotonnes,117.501,120.6015,128.9225,133.3745,140.821,149.142,150.255,156.138,162.286,160.5105,164.2735,169.1495,169.812,172.7005,167.003,168.7255,171.667,169.865,170.395,184.3605,185.403
Eastern Asia,Food Retail,Emissions (CO2eq) (AR5),kilotonnes,59920.8884,64100.5944,69296.1958,73417.5731,78117.0399,83555.5776,86703.5167,92721.4704,94302.5945,93613.5504,95651.5317,100375.2739,102585.7286,99020.1368,97812.831,98116.3487,101972.8929,102660.054,104095.9955,108437.9007,106983.5725
Eastern Asia,Food Household Consumption,Emissions (CH4),kilotonnes,372.8784,379.4022,395.7578,425.3862,463.6432,496.7401,515.988,541.4164,538.7467,558.9213,578.37,598.3693,626.964,660.4226,664.9445,683.8814,726.508,750.3403,746.4127,746.4127,757.9881
Eastern Asia,Food Household Consumption,Emissions (N2O),kilotonnes,2.0253,2.0584,2.1556,2.3072,2.516,2.696,2.8024,2.9496,2.9416,3.0542,3.1737,3.2968,3.4531,3.6418,3.6695,3.7755,3.9916,4.1247,4.1125,4.1125,4.1799
Eastern Asia,Food Household Consumption,Emissions (CO2),kilotonnes,186711.403,191169.078,198462.7918,217383.6394,237321.7443,257400.5466,273204.3469,295501.3766,294716.9273,307904.0317,319094.6351,342719.2398,359136.3258,398451.302,406983.3593,423870.2413,454701.9461,478288.8811,493729.9095,493729.9095,494294.2942
Eastern Asia,Food Household Consumption,Emissions (CO2eq) from CH4 (AR5),kilotonnes,10440.5952,10623.2616,11081.2184,11910.8136,12982.0096,13908.7228,14447.664,15159.6592,15084.9076,15649.7964,16194.36,16754.3404,17554.992,18491.8328,18618.446,19148.6792,20342.224,21009.5284,20899.5556,20899.5556,21223.6664
Eastern Asia,Food Household Consumption,Emissions (CO2eq) from N2O (AR5),kilotonnes,536.7045,545.476,571.234,611.408,666.74,714.44,742.636,781.644,779.524,809.363,841.0305,873.652,915.0715,965.077,972.4175,1000.5075,1057.774,1093.0455,1089.8125,1089.8125,1107.6768
Eastern Asia,Food Household Consumption,Emissions (CO2eq) (AR5),kilotonnes,197688.7027,202337.8156,210115.2442,229905.861,250970.4939,272023.7094,288394.6469,311442.6798,310581.3589,324363.1911,336130.0256,360347.2322,377606.3893,417908.2118,426574.2228,444019.428,476101.9441,500391.455,515719.2776,515719.2776,516625.6373
Eastern Asia,Food Transport,Emissions (CH4),kilotonnes,8.3768,8.2644,8.3248,8.5189,8.445,8.4666,8.8265,8.9099,10,10.4494,10.5462,11.5577,12.1336,13.2276,14.1774,15.2622,15.7015,16.3995,17.5677,15.4092,15.7887
Eastern Asia,Food Transport,Emissions (N2O),kilotonnes,2.6665,2.7256,2.8015,2.9842,3.1822,3.2621,3.2405,3.2355,3.2231,3.0956,3.0635,3.0485,3.0556,3.0623,2.9736,2.9435,2.9506,2.996,2.9829,3.6078,3.6323
Eastern Asia,Food Transport,Emissions (CO2),kilotonnes,51864.352,52676.354,53709.4725,55543.215,57845.8795,58726.3735,60223.0035,61596.256,61800.0545,62083.0603,64309.3223,66132.2978,69070.1075,71572.5355,72194.235,74746.6115,75407.9375,77004.1485,76595.0315,79370.9859,76822.0311
Eastern Asia,Food Transport,Emissions (CO2eq) from CH4 (AR5),kilotonnes,234.5504,231.4032,233.0944,238.5292,236.46,237.0648,247.142,249.4772,280,292.5832,295.2936,323.6156,339.7408,370.3728,396.9672,427.3416,439.642,459.186,491.8956,431.4576,442.0833
Eastern Asia,Food Transport,Emissions (CO2eq) from N2O (AR5),kilotonnes,706.6225,722.284,742.3975,790.813,843.283,864.4565,858.7325,857.4075,854.1215,820.334,811.8275,807.8525,809.734,811.5095,788.004,780.0275,781.909,793.94,790.4685,956.067,962.5638
Eastern Asia,Food Transport,Emissions (CO2eq) (AR5),kilotonnes,52805.5249,53630.0412,54684.9644,56572.5572,58925.6225,59827.8948,61328.878,62703.1407,62934.176,63195.9775,65416.4434,67263.7659,70219.5823,72754.4178,73379.2062,75953.9806,76629.4885,78257.2745,77877.3956,80758.5105,78226.6782
Eastern Asia,Energy,Emissions (CH4),kilotonnes,16203.86,16805.726,17322.624,19339.498,21567.322,23570.216,25090.925,25745.472,25769.443,26427.506,27894.906,30781.617,30532.895,30930.911,30949.191,30599.562,28892.934,29159.439,29078.167,32084.719,32717.942
Eastern Asia,Energy,Emissions (N2O),kilotonnes,132.6627,136.2134,146.5024,156.7672,173.2292,185.7583,196.8582,203.2874,204.7079,211.5461,221.7678,236.2216,240.8716,247.251,243.4082,243.4437,242.0567,245.7265,248.6878,261.0948,266.2419
Eastern Asia,Energy,Emissions (CO2),kilotonnes,5140590,5163840,5549630,6229580,6917350,7513870,8081900,8572160,9057730,9259590,10090630,10957490,11246830,11405283,11393090,11287200,11160170,11370620,11588230,11714320,11670600
Eastern Asia,Energy,Emissions (CO2eq) from CH4 (AR5),kilotonnes,453708.08,470560.328,485033.472,541505.944,603885.016,659966.048,702545.9,720873.216,721544.404,739970.168,781057.368,861885.276,854921.06,866065.508,866577.348,856787.736,809002.152,816464.292,814188.676,898372.132,916102.376
Eastern Asia,Energy,Emissions (CO2eq) from N2O (AR5),kilotonnes,35155.6155,36096.551,38823.136,41543.308,45905.738,49225.9495,52167.423,53871.161,54247.5935,56059.7165,58768.467,62598.724,63830.974,65521.515,64503.173,64512.5805,64145.0255,65117.5225,65902.267,69190.122,70554.1035
Eastern Asia,Energy,Emissions (CO2eq) (AR5),kilotonnes,5629453.696,5670496.879,6073486.608,6812629.252,7567140.754,8223061.998,8836613.323,9346904.377,9833521.998,10055619.88,10930455.84,11881974,12165582.03,12336870.02,12324170.52,12208500.32,12033317.18,12252201.81,12468320.94,12681882.25,12657256.48
Eastern Asia,IPPU,Emissions (CH4),kilotonnes,41.307,43.677,46.837,53.387,63.907,74.647,89.647,108.797,111.816,119.7527,142.5133,162.424,179.4546,199.4742,231.95,237.848,243.746,252.294,266.635,287.191,301.709
Eastern Asia,IPPU,Emissions (N2O),kilotonnes,115.4729,114.8929,104.5329,108.1419,112.6331,134.3832,141.7432,151.5432,132.0532,34.7233,24.7133,24.4233,26.2934,29.9634,31.9534,32.9535,39.0535,43.9135,50.1936,51.7936,51.7336
Eastern Asia,IPPU,Emissions (CO2),kilotonnes,495774.5,529675,568546.1,636223.7,694021.1,751193.2,844631.5,927785.6,933777.6,1002228.6,1085314.26,1188620,1217804,1291630,1353361,1302177,1321504.89,1342584.74,1379919,1466199,1522497
Eastern Asia,IPPU,Emissions (CO2eq) from F-gases (AR5),kilotonnes,138701.4469,151110.7529,180487.8657,200712.9938,241872.6309,283362.6646,314896.1008,296415.0778,311103.9257,308937.9819,315339.804,342289.8625,367956.8163,433468.6233,497032.0623,480535.5565,504807.0707,529213.6588,555631.7789,576967.6225,601530.6631
Eastern Asia,IPPU,Emissions (CO2eq) from CH4 (AR5),kilotonnes,1156.596,1222.956,1311.436,1494.836,1789.396,2090.116,2510.116,3046.316,3130.848,3353.0756,3990.3724,4547.872,5024.7288,5585.2776,6494.6,6659.744,6824.888,7064.232,7465.78,8041.348,8447.852
Eastern Asia,IPPU,Emissions (CO2eq) from N2O (AR5),kilotonnes,30600.3082,30446.6161,27701.2214,28657.6096,29847.7805,35611.5366,37561.9432,40158.9499,34994.1065,9201.6634,6549.0234,6472.1814,6967.7396,7940.2981,8467.6587,8732.6669,10349.1772,11637.0878,13301.2979,13725.3016,13709.409
Eastern Asia,IPPU,Emissions (CO2eq) (AR5),kilotonnes,666232.851,712455.325,778046.6231,867089.1394,967530.9074,1072257.517,1199599.66,1267405.944,1283006.48,1323721.321,1411193.46,1541929.916,1597753.285,1738624.199,1865355.321,1798104.967,1843486.026,1890499.719,1956317.857,2064933.272,2146184.924
Eastern Asia,Waste,Emissions (CH4),kilotonnes,11036.96,11297.1,11525.46,11802.82,12110.49,12416.94,13031.51,13561.18,13747.85,13944.52,14169,14655.89,15058.8,15489.68,15988.36,16391.31,16709.78,17037.25,17448.02,17810.82,18156.49
Eastern Asia,Waste,Emissions (N2O),kilotonnes,82.4662,82.8272,83.0912,83.7672,84.5203,85.3393,86.6913,88.3153,90.2903,92.2463,94.0463,95.8763,97.9854,99.7984,100.9514,102.3134,103.0674,104.3694,104.8644,108.4614,109.9934
Eastern Asia,Waste,Emissions (CO2),kilotonnes,7551.237,7338.682,6988.069,7064.374,7009.88,6727.109,6982.508,7252.845,7905.152,7157.656,7620.639,7669.082,8326.725,8413.695,8253.815,8303.925,8393.935,8374.173,8304.409,8665.311,9036.179
Eastern Asia,Waste,Emissions (CO2eq) from CH4 (AR5),kilotonnes,309034.88,316318.8,322712.88,330478.96,339093.72,347674.32,364882.28,379713.04,384939.8,390446.56,396732,410364.92,421646.4,433711.04,447674.08,458956.68,467873.84,477043,488544.56,498702.96,508381.72
Eastern Asia,Waste,Emissions (CO2eq) from N2O (AR5),kilotonnes,21853.5475,21949.2136,22019.1762,22198.3194,22397.8708,22614.9079,22973.1911,23403.5542,23926.9327,24445.2753,24922.2785,25407.2312,25966.1193,26446.5643,26752.1093,27113.0393,27312.8493,27657.8809,27789.0573,28742.2678,29148.2497
Eastern Asia,Waste,Emissions (CO2eq) (AR5),kilotonnes,338439.6645,345606.6956,351720.1252,359741.6534,368501.4708,377016.3369,394837.9791,410369.4392,416771.8847,422049.4913,429274.9175,443441.2332,455939.2443,468571.2993,482680.0043,494373.6443,503580.6243,513075.0539,524638.0263,536110.5388,546566.1487
Eastern Asia,Other,Emissions (CH4),kilotonnes,90,90,90,90,90,90,90,90,90,90,90,90,90,90,90,90,90,90,90,90,90
Eastern Asia,Other,Emissions (N2O),kilotonnes,99.2712,99.459,103.579,111.1376,122.8276,114.054,121.0134,125.9428,124.2151,125.8282,130.3379,135.6035,137.8922,139.7755,138.2374,136.3308,134.0296,132.9934,135.3579,142.0534,143.8085
Eastern Asia,Other,Emissions (CO2),kilotonnes,28400,28400,28400,28400,28400,28400,28400,28400,28400,28400,28400,28400,28400,28400,28400,28400,28400,28400,28400,28400,28400
Eastern Asia,Other,Emissions (CO2eq) from CH4 (AR5),kilotonnes,2520,2520,2520,2520,2520,2520,2520,2520,2520,2520,2520,2520,2520,2520,2520,2520,2520,2520,2520,2520,2520
Eastern Asia,Other,Emissions (CO2eq) from N2O (AR5),kilotonnes,26306.868,26356.635,27448.435,29451.464,32549.314,30224.31,32068.551,33374.842,32917.0015,33344.473,34539.5435,35934.9275,36541.433,37040.5075,36632.911,36127.662,35517.844,35243.251,35869.8435,37644.151,38109.2525
Eastern Asia,Other,Emissions (CO2eq) (AR5),kilotonnes,57226.868,57276.635,58368.435,60371.464,63469.314,61144.31,62988.551,64294.842,63837.0015,64264.473,65459.5435,66854.9275,67461.433,67960.5075,67552.911,67047.662,66437.844,66163.251,66789.8435,68564.151,69029.2525
Eastern Asia,Farm-gate emissions,Emissions (CH4),kilotonnes,16851.0292,16335.7465,15847.1312,15483.1999,15835.6407,16006.3815,15983.188,15674.3397,15859.2731,15794.8038,15620.3876,15442.7746,15401.4995,15391.0198,15458.7006,15633.4149,15715.1216,15502.7125,15388.2469,15058.4094,15278.0738
Eastern Asia,Farm-gate emissions,Direct emissions (N2O),kilotonnes,713.4492,711.7781,753.2032,748.4892,775.7471,789.3374,799.4632,806.3598,820.5997,829.4599,837.2427,838.7608,850.2859,854.2441,857.7171,867.6894,867.0016,851.6833,829.5023,804.0205,788.4309
Eastern Asia,Farm-gate emissions,Indirect emissions (N2O),kilotonnes,225.3586,225.0134,238.5572,237.727,246.2394,250.8474,253.9759,256.1117,260.3167,263.3963,265.4267,266.1743,269.7888,271.1004,272.3532,274.9814,274.9007,269.6416,262.2402,253.3935,248.9869
Eastern Asia,Farm-gate emissions,Emissions (N2O),kilotonnes,1139.5578,1133.7975,1178.139,1173.1561,1208.4556,1227.8582,1241.2375,1244.7287,1263.9917,1276.7996,1285.5725,1284.8422,1301.27,1305.6043,1310.6451,1325.1966,1323.2343,1299.9002,1268.6866,1224.4201,1210.9014
Eastern Asia,Farm-gate emissions,Emissions (CO2),kilotonnes,166495.5588,162504.0085,130452.8964,136887.075,144507.9578,154103.3163,156486.4971,153391.1537,146870.0193,150981.0228,153746.1927,155891.4079,159097.0296,165982.84,169736.4539,171951.2903,175996.566,177890.9996,163907.5857,162804.4155,162818.1973
Eastern Asia,Farm-gate emissions,Emissions (CO2eq) from CH4 (AR5),kilotonnes,471828.817,457400.9012,443719.6742,433529.5977,443397.9384,448178.6831,447529.2635,438881.5118,444059.6473,442254.5077,437370.8526,432397.6878,431241.9858,430948.5541,432843.6162,437735.6159,440023.4058,434075.9488,430870.9136,421635.4641,427786.0663
Eastern Asia,Farm-gate emissions,Emissions (CO2eq) from N2O (AR5),kilotonnes,301982.8293,300456.35,312206.8453,310886.3765,320240.7423,325382.4206,328927.9448,329853.1174,334957.8049,338351.889,340676.7093,340483.1769,344836.5403,345985.1484,347320.9396,351177.0974,350657.0922,344473.5505,336201.9544,324471.3298,320888.8617
Eastern Asia,Farm-gate emissions,Emissions (CO2eq) (AR5),kilotonnes,940307.2052,920361.2597,886379.416,881303.0492,908146.6385,927664.42,932943.7054,922125.7828,925887.4716,931587.4195,931793.7546,928772.2726,935175.5557,942916.5426,949901.0097,960864.0036,966677.0641,956440.4989,930980.4537,908911.2094,911493.1253
Eastern Asia,Land Use change,Emissions (CH4),kilotonnes,0.0654,0.024,0.1784,0.0932,0.0506,0.0746,0.0426,0.0506,0.0027,0,0.032,0.0053,0.0586,0,0,0.0453,0.0346,0.008,0.0027,0,0
Eastern Asia,Land Use change,Emissions (N2O),kilotonnes,0.0019,0.0022,0.0163,0.0085,0.0046,0.0068,0.0039,0.0046,0.0002,0,0.0029,0.0005,0.0053,0,0,0.0041,0.0032,0.0007,0.0002,0,0
Eastern Asia,Land Use change,Emissions (CO2),kilotonnes,11666.7448,8555.4941,8555.4941,8555.4941,8555.4941,8555.4941,8555.4941,8555.4941,8555.4941,8555.4941,8555.4941,11419.3302,11419.3302,11419.3302,11419.3302,11419.3302,7793.2096,7793.2096,7793.2096,7793.2096,7793.2096
Eastern Asia,Land Use change,Emissions (CO2eq) from CH4 (AR5),kilotonnes,1.8325,0.6711,4.996,2.61,1.4168,2.0878,1.1929,1.4167,0.0746,0,0.8948,0.1491,1.6403,0,0,1.2677,0.9694,0.2237,0.0746,0,0
Eastern Asia,Land Use change,Emissions (CO2eq) from N2O (AR5),kilotonnes,0.5101,0.5799,4.3172,2.2554,1.2243,1.8042,1.0309,1.2242,0.0645,0,0.7733,0.1289,1.4175,0,0,1.0955,0.8377,0.1933,0.0644,0,0
Eastern Asia,Land Use change,Emissions (CO2eq) (AR5),kilotonnes,11669.0874,8556.7452,8564.8073,8560.3596,8558.1352,8559.3861,8557.7179,8558.135,8555.6332,8555.4941,8557.1622,11419.6082,11422.388,11419.3302,11419.3302,11421.6934,7795.0166,7793.6266,7793.3486,7793.2096,7793.2096
Eastern Asia,Emissions on agricultural land,Emissions (CH4),kilotonnes,16851.0946,16335.7704,15847.3097,15483.2931,15835.6913,16006.4561,15983.2306,15674.3903,15859.2758,15794.8038,15620.4196,15442.7799,15401.5581,15391.0198,15458.7006,15633.4601,15715.1563,15502.7204,15388.2496,15058.4094,15278.0738
Eastern Asia,Emissions on agricultural land,Emissions (N2O),kilotonnes,1139.5598,1133.7997,1178.1553,1173.1646,1208.4603,1227.865,1241.2414,1244.7334,1263.992,1276.7996,1285.5754,1284.8427,1301.2753,1305.6043,1310.6451,1325.2007,1323.2375,1299.9009,1268.6869,1224.4201,1210.9014
Eastern Asia,Emissions on agricultural land,Emissions (CO2),kilotonnes,178162.3036,171059.5026,139008.3905,145442.5691,153063.452,162658.8104,165041.9913,161946.6478,155425.5134,159536.517,162301.6868,167310.7381,170516.3598,177402.1702,181155.7841,183370.6205,183789.7756,185684.2092,171700.7953,170597.6251,170611.4069
Eastern Asia,Emissions on agricultural land,Emissions (CO2eq) from CH4 (AR5),kilotonnes,471830.6495,457401.5723,443724.6702,433532.2077,443399.3551,448180.771,447530.4565,438882.9285,444059.7219,442254.5077,437371.7474,432397.837,431243.6262,430948.5541,432843.6162,437736.8837,440024.3752,434076.1725,430870.9882,421635.4641,427786.0663
Eastern Asia,Emissions on agricultural land,Emissions (CO2eq) from N2O (AR5),kilotonnes,301983.3394,300456.93,312211.1625,310888.632,320241.9666,325384.2247,328928.9756,329854.3416,334957.8694,338351.889,340677.4826,340483.3057,344837.9578,345985.1484,347320.9396,351178.1929,350657.9299,344473.7438,336202.0189,324471.3298,320888.8617
Eastern Asia,Emissions on agricultural land,Emissions (CO2eq) (AR5),kilotonnes,951976.2925,928918.0048,894944.2233,889863.4088,916704.7737,936223.8061,941501.4233,930683.9178,934443.1048,940142.9136,940350.9168,940191.8808,946597.9437,954335.8728,961320.3398,972285.6971,974472.0807,964234.1254,938773.8023,916704.419,919286.3349
Eastern Asia,Pre- and post- production,Emissions (CH4),kilotonnes,7311.3544,7418.2969,7469.8876,7546.7008,7663.4086,7769.2998,7855.182,7955.5113,8072.0531,8109.2182,8230.0701,8316.4499,8409.2003,8486.4605,8332.3132,8338.4295,8435.0506,8485.3081,8519.2881,8503.8502,8492.1059
Eastern Asia,Pre- and post- production,Emissions (N2O),kilotonnes,125.5797,127.8503,133.1419,142.8095,147.2448,146.141,151.9798,160.9252,162.9194,167.5745,173.7345,177.3918,181.3143,181.6936,190.5252,188.3718,182.82,177.8005,170.0494,168.2588,170.449
Eastern Asia,Pre- and post- production,Emissions (CO2),kilotonnes,530667.3473,547076.0223,553589.0812,599568.8427,646006.5014,674682.0753,707187.3895,747278.6269,747366.7808,775768.1081,804077.3125,854392.5435,872996.2885,922771.962,946305.693,964627.8844,994190.1439,1016659.034,1026330.905,1042402.598,1034254.838
Eastern Asia,Pre- and post- production,Emissions (CO2eq) from F-gases (AR5),kilotonnes,19677.1015,22822.1545,25879.9315,28163.134,30596.9915,34380.51,37371.791,40369.306,40997.901,41289.3405,41415.0595,41463.8925,41477.3995,41479.997,41479.997,41479.997,44470.7585,45237.5405,46004.842,46772.1435,48814.7517
Eastern Asia,Pre- and post- production,Emissions (CO2eq) from CH4 (AR5),kilotonnes,204717.9218,207712.3123,209156.853,211307.6231,214575.44,217540.3953,219945.097,222754.3161,226017.4873,227058.1084,230441.9641,232860.5979,235457.6093,237620.8937,233304.7709,233476.0271,236181.4165,237588.6271,238540.0663,238107.805,237778.9652
Eastern Asia,Pre- and post- production,Emissions (CO2eq) from N2O (AR5),kilotonnes,33278.623,33880.3345,35282.5903,37844.5307,39019.86,38727.3627,40274.6573,42645.1867,43173.641,44407.2519,46039.6486,47008.8256,48048.2892,48148.7948,50489.1805,49918.5238,48447.2971,47117.1374,45063.0818,44588.5916,45168.993
Eastern Asia,Pre- and post- production,Emissions (CO2eq) (AR5),kilotonnes,788340.9936,811490.8236,823908.456,876884.1306,930198.7929,965330.3433,1004778.935,1053047.436,1057555.81,1088522.809,1121973.985,1175725.86,1197979.587,1250021.648,1271579.642,1289502.432,1323289.616,1346602.339,1355938.895,1371871.138,1366017.548
Eastern Asia,Agri-food systems,Emissions (CH4),kilotonnes,24162.449,23754.0673,23317.1973,23029.994,23499.0998,23775.7559,23838.4126,23629.9016,23931.3289,23904.022,23850.4897,23759.2298,23810.7584,23877.4803,23791.0138,23971.8897,24150.2068,23988.0286,23907.5377,23562.2596,23770.1797
Eastern Asia,Agri-food systems,Emissions (N2O),kilotonnes,1265.1395,1261.6501,1311.2972,1315.9742,1355.705,1374.006,1393.2213,1405.6586,1426.9114,1444.3741,1459.3099,1462.2345,1482.5896,1487.2979,1501.1703,1513.5725,1506.0575,1477.7014,1438.7362,1392.6789,1381.3504
Eastern Asia,Agri-food systems,Emissions (CO2),kilotonnes,708829.651,718135.5249,692597.4717,745011.4119,799069.9534,837340.8857,872229.3808,909225.2747,902792.2942,935304.6251,966378.9993,1021703.282,1043512.648,1100174.132,1127461.477,1147998.505,1177979.92,1202343.243,1198031.7,1213000.223,1204866.245
Eastern Asia,Agri-food systems,Emissions (CO2eq) from F-gases (AR5),kilotonnes,19677.1015,22822.1545,25879.9315,28163.134,30596.9915,34380.51,37371.791,40369.306,40997.901,41289.3405,41415.0595,41463.8925,41477.3995,41479.997,41479.997,41479.997,44470.7585,45237.5405,46004.842,46772.1435,48814.7517
Eastern Asia,Agri-food systems,Emissions (CO2eq) from CH4 (AR5),kilotonnes,676548.5713,665113.8845,652881.5232,644839.8308,657974.7951,665721.1663,667475.5535,661637.2446,670077.2092,669312.6161,667813.7116,665258.4348,666701.2354,668569.4478,666148.3871,671212.9108,676205.7917,671664.7996,669411.0545,659743.2691,665565.0315
Eastern Asia,Agri-food systems,Emissions (CO2eq) from N2O (AR5),kilotonnes,335261.9625,334337.2645,347493.7528,348733.1627,359261.8266,364111.5875,369203.633,372499.5283,378131.5104,382759.1408,386717.1312,387492.1314,392886.247,394133.9432,397810.1201,401096.7167,399105.227,391590.8811,381265.1007,369059.9214,366057.8546
Eastern Asia,Agri-food systems,Emissions (CO2eq) (AR5),kilotonnes,1740317.286,1740408.828,1718852.679,1766747.539,1846903.567,1901554.149,1946280.358,1983731.354,1991998.915,2028665.723,2062324.902,2115917.74,2144577.53,2204357.52,2232899.981,2261788.129,2297761.697,2310836.465,2294712.697,2288575.557,2285303.883
Eastern Asia,IPCC Agriculture,Emissions (CH4),kilotonnes,16659.801,16166.2736,15712.3025,15337.8125,15679.5324,15836.98,15809.1672,15495.0479,15676.3437,15611.6216,15433.1496,15251.2898,15205.434,15181.008,15238.2699,15409.1814,15478.7089,15261.8956,15183.5559,14856.8662,15076.5306
Eastern Asia,IPCC Agriculture,Direct emissions (N2O),kilotonnes,713.4492,711.7781,753.2032,748.4892,775.7471,789.3374,799.4632,806.3598,820.5997,829.4599,837.2427,838.7608,850.2859,854.2441,857.7171,867.6894,867.0016,851.6833,829.5023,804.0205,788.4309
Eastern Asia,IPCC Agriculture,Indirect emissions (N2O),kilotonnes,225.3586,225.0134,238.5572,237.727,246.2394,250.8474,253.9759,256.1117,260.3167,263.3963,265.4267,266.1743,269.7888,271.1004,272.3532,274.9814,274.9007,269.6416,262.2402,253.3935,248.9869
Eastern Asia,IPCC Agriculture,Emissions (N2O),kilotonnes,1112.1339,1105.4016,1157.5245,1151.323,1185.0215,1202.3112,1215.2696,1220.5487,1242.6144,1253.8359,1261.9526,1260.9658,1276.665,1279.9457,1284.7912,1299.0097,1296.7896,1273.227,1243.2951,1199.121,1185.6023
Eastern Asia,IPCC Agriculture,Emissions (CO2eq) from CH4 (AR5),kilotonnes,466474.4279,452655.6609,439944.4708,429458.7511,439026.9081,443435.4401,442656.6805,433861.3406,438937.6235,437125.4051,432128.1897,427036.1138,425752.1517,425068.2245,426671.5573,431457.0787,433403.8483,427333.0755,425139.5642,415992.2546,422142.8568
Eastern Asia,IPCC Agriculture,Emissions (CO2eq) from N2O (AR5),kilotonnes,294715.4729,292931.4151,306744.0011,305100.598,314030.7055,318612.4593,322046.4545,323445.3955,329292.815,332266.5168,334417.431,334155.9291,338316.2194,339185.6112,340469.6692,344237.571,343649.2374,337405.1479,329473.1937,317767.0699,314184.6017
Eastern Asia,IPCC Agriculture,Emissions (CO2eq) (AR5),kilotonnes,761189.9009,745587.076,746688.4718,734559.3491,753057.6136,762047.8994,764703.1349,757306.736,768230.4385,769391.9219,766545.6207,761192.0429,764068.3711,764253.8357,767141.2265,775694.6497,777053.0857,764738.2234,754612.7579,733759.3245,736327.4585
Eastern Asia,Agricultural Soils,Direct emissions (N2O),kilotonnes,713.4492,711.7781,753.2032,748.4892,775.7471,789.3374,799.4632,806.3598,820.5997,829.4599,837.2427,838.7608,850.2859,854.2441,857.7171,867.6894,867.0016,851.6833,829.5023,804.0205,788.4309
Eastern Asia,Agricultural Soils,Indirect emissions (N2O),kilotonnes,225.3586,225.0134,238.5572,237.727,246.2394,250.8474,253.9759,256.1117,260.3167,263.3963,265.4267,266.1743,269.7888,271.1004,272.3532,274.9814,274.9007,269.6416,262.2402,253.3935,248.9869
Eastern Asia,Agricultural Soils,Emissions (N2O),kilotonnes,961.2236,959.1831,1014.1384,1008.5962,1044.4236,1062.579,1075.8076,1084.7575,1103.1409,1115.0178,1124.7661,1127.0361,1142.1464,1147.3822,1152.0614,1164.6347,1163.7325,1143.1029,1113.5124,1079.1828,1059.1962
Eastern Asia,Agricultural Soils,Emissions (CO2eq) from N2O (AR5),kilotonnes,254724.2547,254183.5309,268746.6662,267277.9875,276772.2495,281583.4266,285089.0155,287460.7441,292332.3362,295479.7111,298063.0264,298664.5764,302668.8065,304056.2848,305296.2798,308628.2075,308389.1234,302922.2786,295080.7931,285983.4302,280686.9851
Eastern Asia,Agricultural Soils,Emissions (CO2eq) (AR5),kilotonnes,254724.2547,254183.5309,268746.6662,267277.9875,276772.2495,281583.4266,285089.0155,287460.7441,292332.3362,295479.7111,298063.0264,298664.5764,302668.8065,304056.2848,305296.2798,308628.2075,308389.1234,302922.2786,295080.7931,285983.4302,280686.9851
Eastern Asia,LULUCF,Emissions (CH4),kilotonnes,58.476,15.8319,9.7844,29.5676,29.8526,13.9356,9.6562,12.827,35.5787,21.1563,15.3933,12.4407,7.4887,8.32,20.2,14.204,11.3486,7.0864,15.1121,14.6641,12.1057
Eastern Asia,LULUCF,Emissions (N2O),kilotonnes,3.1909,1.4455,0.8934,2.6997,2.7257,1.2724,0.8817,1.1712,3.2485,1.9317,1.4055,1.1359,0.6837,0.7596,1.8444,1.2969,1.0362,0.647,1.3798,1.3389,1.1053
Eastern Asia,LULUCF,Emissions (CO2),kilotonnes,-435150.3519,-462206.992,-462227.0675,-462224.6933,-462144.0658,-462206.4309,-462243.9316,-462364.0606,-462453.551,-462545.1112,-462638.8847,-781683.0741,-781725.8961,-781775.5156,-781842.7618,-781882.1386,-699562.0602,-699635.946,-699647.332,-699647.9242,-699634.1423
Eastern Asia,LULUCF,Emissions (CO2eq) from CH4 (AR5),kilotonnes,1637.3279,443.2927,273.962,827.8931,835.8718,390.1981,270.3739,359.1564,996.2022,592.3767,431.0129,348.3383,209.6829,232.9586,565.6012,397.7115,317.7595,198.418,423.1398,410.5947,338.9606
Eastern Asia,LULUCF,Emissions (CO2eq) from N2O (AR5),kilotonnes,845.5829,383.0627,236.7389,715.4076,722.3023,337.182,233.6383,310.358,860.8487,511.8907,372.4514,301.0097,181.1934,201.3066,488.7532,343.6746,274.5857,171.4591,365.648,354.8074,292.9062
Eastern Asia,LULUCF,Emissions (CO2eq) (AR5),kilotonnes,-432667.4411,-461380.6365,-461716.3666,-460681.3926,-460585.8917,-461479.0508,-461739.9193,-461694.5462,-460596.5001,-461440.8438,-461835.4204,-781033.7261,-781335.0198,-781341.2504,-780788.4075,-781140.7524,-698969.715,-699266.0689,-698858.5442,-698882.5221,-699002.2755
Eastern Asia,AFOLU,Emissions (CH4),kilotonnes,16718.277,16182.1055,15722.0869,15367.3801,15709.385,15850.9156,15818.8234,15507.8749,15711.9223,15632.7779,15448.543,15263.7304,15212.9227,15189.328,15258.4699,15423.3854,15490.0574,15268.9819,15198.668,14871.5303,15088.6363
Eastern Asia,AFOLU,Emissions (N2O),kilotonnes,1115.3247,1106.8471,1158.4179,1154.0227,1187.7472,1203.5836,1216.1513,1221.7198,1245.8629,1255.7676,1263.358,1262.1017,1277.3487,1280.7054,1286.6356,1300.3066,1297.8257,1273.874,1244.6749,1200.4599,1186.7076
Eastern Asia,AFOLU,Emissions (CO2),kilotonnes,-435150.3519,-462206.992,-462227.0675,-462224.6933,-462144.0658,-462206.4309,-462243.9316,-462364.0606,-462453.551,-462545.1112,-462638.8847,-781683.0741,-781725.8961,-781775.5156,-781842.7618,-781882.1386,-699562.0602,-699635.946,-699647.332,-699647.9242,-699634.1423
Eastern Asia,AFOLU,Emissions (CO2eq) from CH4 (AR5),kilotonnes,468111.7558,453098.9537,440218.4327,430286.6442,439862.7799,443825.6381,442927.0544,434220.497,439933.8258,437717.7818,432559.2026,427384.452,425961.8347,425301.1831,427237.1584,431854.7902,433721.6078,427531.4935,425562.704,416402.8493,422481.8174
Eastern Asia,AFOLU,Emissions (CO2eq) from N2O (AR5),kilotonnes,295561.0559,293314.4778,306980.74,305816.0056,314753.0078,318949.6413,322280.0928,323755.7535,330153.6637,332778.4075,334789.8823,334456.9388,338497.4127,339386.9178,340958.4224,344581.2456,343923.8231,337576.607,329838.8417,318121.8772,314477.5079
Eastern Asia,AFOLU,Emissions (CO2eq) (AR5),kilotonnes,328522.4597,284206.4396,284972.1052,273877.9565,292471.7219,300568.8485,302963.2156,295612.1899,307633.9384,307951.0782,304710.2003,-19841.6832,-17266.6487,-17087.4147,-13647.181,-5446.1027,78083.3707,65472.1545,55754.2138,34876.8024,37325.183
Eastern Asia,All sectors with LULUCF,Emissions (CH4),kilotonnes,44090.404,44418.6085,44707.0079,46653.0851,49541.104,52002.7186,54120.9054,55013.3239,55431.0313,56214.5566,57744.9623,60953.6614,61074.0723,61899.3932,62517.9709,62742.1054,61426.5174,61807.9649,62081.49,65144.2603,66354.7773
Eastern Asia,All sectors with LULUCF,Emissions (N2O),kilotonnes,1545.1977,1540.2396,1596.1234,1613.8366,1680.9574,1723.1183,1762.4574,1790.8085,1797.1294,1720.1115,1734.2234,1754.2264,1780.3912,1797.4936,1801.1859,1815.3479,1816.0329,1800.8768,1783.7785,1763.8631,1758.485
Eastern Asia,All sectors with LULUCF,Emissions (CO2),kilotonnes,5237165.385,5267046.69,5691337.102,6439043.381,7184636.914,7837983.878,8499670.076,9073234.384,9565359.201,9834831.145,10749326.01,11400496.01,11719634.83,11951951.18,12001262.05,11844198.79,11818906.76,12050342.97,12305206.08,12517936.39,12530899.04
Eastern Asia,All sectors with LULUCF,Emissions (CO2eq) from F-gases (AR5),kilotonnes,138701.4469,151110.7529,180487.8657,200712.9938,241872.6309,283362.6646,314896.1008,296415.0778,311103.9257,308937.9819,315339.804,342289.8625,367956.8163,433468.6233,497032.0623,480535.5565,504807.0707,529213.6588,555631.7789,576967.6225,601530.6631
Eastern Asia,All sectors with LULUCF,Emissions (CO2eq) from CH4 (AR5),kilotonnes,1234531.312,1243721.038,1251796.221,1306286.384,1387150.912,1456076.122,1515385.35,1540373.069,1552068.878,1574007.585,1616858.943,1706702.52,1710074.024,1733183.009,1750503.186,1756778.95,1719942.488,1730623.018,1738281.72,1824039.289,1857933.765
Eastern Asia,All sectors with LULUCF,Emissions (CO2eq) from N2O (AR5),kilotonnes,409477.395,408163.4935,422972.7086,427666.7066,445453.711,456626.3453,467051.2011,474564.2606,476239.2978,455829.5357,459569.1948,464870.0029,471803.6787,476335.8028,477314.2744,481067.1944,481248.7192,477232.3492,472701.3073,467423.7197,465998.5226
Eastern Asia,All sectors with LULUCF,Emissions (CO2eq) (AR5),kilotonnes,7019875.539,7070041.974,7546593.897,8373709.465,9259114.168,10034049.01,10797002.73,11384586.79,11904771.3,12173606.25,13141093.96,13914358.39,14269469.35,14594938.61,14726111.58,14562580.49,14524905.04,14787411.99,15071820.88,15386367.02,15456361.99
Eastern Asia,All sectors without LULUCF,Emissions (CH4),kilotonnes,44031.928,44402.7766,44697.2235,46623.5175,49511.2514,51988.783,54111.2492,55000.4969,55395.4527,56193.4003,57729.5689,60941.2208,61066.5836,61891.0732,62497.7709,62727.9014,61415.1689,61800.8786,62066.3779,65129.5962,66342.6716
Eastern Asia,All sectors without LULUCF,Emissions (N2O),kilotonnes,1542.0068,1538.7941,1595.2301,1611.137,1678.2317,1721.8459,1761.5757,1789.6374,1793.8809,1718.1798,1732.8179,1753.0905,1779.7075,1796.7339,1799.3416,1814.051,1814.9967,1800.2298,1782.3987,1762.5242,1757.3797
Eastern Asia,All sectors without LULUCF,Emissions (CO2),kilotonnes,5672315.737,5729253.682,6153564.169,6901268.074,7646780.98,8300190.309,8961914.008,9535598.445,10027812.75,10297376.26,11211964.9,12182179.08,12501360.73,12733726.7,12783104.82,12626080.93,12518468.83,12749978.91,13004853.41,13217584.31,13230533.18
Eastern Asia,All sectors without LULUCF,Emissions (CO2eq) from F-gases (AR5),kilotonnes,138701.4469,151110.7529,180487.8657,200712.9938,241872.6309,283362.6646,314896.1008,296415.0778,311103.9257,308937.9819,315339.804,342289.8625,367956.8163,433468.6233,497032.0623,480535.5565,504807.0707,529213.6588,555631.7789,576967.6225,601530.6631
Eastern Asia,All sectors without LULUCF,Emissions (CO2eq) from CH4 (AR5),kilotonnes,1232893.984,1243277.745,1251522.259,1305458.491,1386315.04,1455685.924,1515114.977,1540013.913,1551072.676,1573415.209,1616427.93,1706354.182,1709864.341,1732950.05,1749937.585,1756381.239,1719624.728,1730424.6,1737858.58,1823628.695,1857594.805
Eastern Asia,All sectors without LULUCF,Emissions (CO2eq) from N2O (AR5),kilotonnes,408631.8121,407780.4308,422735.9697,426951.299,444731.4088,456289.1633,466817.5628,474253.9026,475378.4491,455317.645,459196.7434,464568.9932,471622.4853,476134.4961,476825.5213,480723.5197,480974.1335,477060.8902,472335.6594,467068.9123,465705.6164
Eastern Asia,All sectors without LULUCF,Emissions (CO2eq) (AR5),kilotonnes,7452542.98,7531422.611,8008310.263,8834390.858,9719700.06,10495528.06,11258742.65,11846281.34,12365367.8,12635047.09,13602929.38,14695392.12,15050804.37,15376279.86,15506899.98,15343721.24,15223874.76,15486678.06,15770679.43,16085249.54,16155364.26
Southern Asia,Crop Residues,Direct emissions (N2O),kilotonnes,75.3612,75.4537,71.2386,77.0071,76.0475,79.2426,79.903,84.5395,83.9484,82.8918,86.6965,89.7706,90.5611,91.9385,92.7466,90.5502,93.9672,96.3649,96.7158,98.3768,101.4001
Southern Asia,Crop Residues,Indirect emissions (N2O),kilotonnes,16.9563,16.9771,16.0287,17.3266,17.1107,17.8296,17.9782,19.0214,18.8884,18.6506,19.5067,20.1984,20.3763,20.6862,20.868,20.3738,21.1426,21.6821,21.761,22.1348,22.815
Southern Asia,Crop Residues,Emissions (N2O),kilotonnes,92.3175,92.4308,87.2673,94.3337,93.1581,97.0722,97.8812,103.5609,102.8368,101.5424,106.2032,109.969,110.9374,112.6246,113.6146,110.9239,115.1098,118.047,118.4768,120.5116,124.2151
Southern Asia,Crop Residues,Emissions (CO2eq) from N2O (AR5),kilotonnes,24464.1277,24494.1667,23125.8457,24998.4401,24686.9053,25724.12,25938.5238,27443.6352,27251.7424,26908.7365,28143.8368,29141.7848,29398.4025,29845.5228,30107.8569,29394.8425,30504.0982,31282.4483,31396.3577,31935.5638,32916.9946
Southern Asia,Crop Residues,Emissions (CO2eq) (AR5),kilotonnes,24464.1277,24494.1667,23125.8457,24998.4401,24686.9053,25724.12,25938.5238,27443.6352,27251.7424,26908.7365,28143.8368,29141.7848,29398.4025,29845.5228,30107.8569,29394.8425,30504.0982,31282.4483,31396.3577,31935.5638,32916.9946
Southern Asia,Rice Cultivation,Emissions (CH4),kilotonnes,6516.927,6468.5459,6133.2806,6323.4051,6199.0239,6444.2728,6460.93,6438.6691,6762.0562,6369.0463,6425.5259,6573.3425,6402.3749,6610.6853,6596.9906,6518.7182,6448.5991,6533.4328,6576.2175,6560.8403,6733.6169
Southern Asia,Rice Cultivation,Emissions (CO2eq) from CH4 (AR5),kilotonnes,182473.9558,181119.2856,171731.8579,177055.3417,173572.6691,180439.638,180906.0404,180282.7343,189337.5733,178333.2972,179914.7258,184053.5895,179266.4969,185099.189,184715.7357,182524.1107,180560.7751,182936.1175,184134.0891,183703.5282,188541.2746
Southern Asia,Rice Cultivation,Emissions (CO2eq) (AR5),kilotonnes,182473.9558,181119.2856,171731.8579,177055.3417,173572.6691,180439.638,180906.0404,180282.7343,189337.5733,178333.2972,179914.7258,184053.5895,179266.4969,185099.189,184715.7357,182524.1107,180560.7751,182936.1175,184134.0891,183703.5282,188541.2746
Southern Asia,Burning - Crop residues,Emissions (CH4),kilotonnes,171.9271,169.3048,166.1384,171.0389,169.9548,174.145,175.9597,180.6324,183.0539,177.8649,180.0326,184.6367,183.3382,188.2233,188.8595,186.5158,188.4258,188.6731,187.187,188.5985,195.3327
Southern Asia,Burning - Crop residues,Emissions (N2O),kilotonnes,4.4574,4.3894,4.3073,4.4343,4.4062,4.5149,4.5619,4.6831,4.7458,4.6113,4.6675,4.7869,4.7532,4.8799,4.8964,4.8356,4.8851,4.8915,4.853,4.8896,5.0642
Southern Asia,Burning - Crop residues,Emissions (CO2eq) from CH4 (AR5),kilotonnes,4813.9575,4740.5354,4651.8751,4789.0898,4758.7332,4876.0605,4926.8724,5057.7062,5125.5104,4980.216,5040.9137,5169.8265,5133.4706,5270.2511,5288.0665,5222.4426,5275.9218,5282.8477,5241.2355,5280.7575,5469.3143
Southern Asia,Burning - Crop residues,Emissions (CO2eq) from N2O (AR5),kilotonnes,1181.2025,1163.1869,1141.4323,1175.1007,1167.6521,1196.4408,1208.9085,1241.0113,1257.6484,1221.9974,1236.8909,1268.5223,1259.6016,1293.1635,1297.5348,1281.4327,1294.5549,1296.2543,1286.0439,1295.7414,1342.0077
Southern Asia,Burning - Crop residues,Emissions (CO2eq) (AR5),kilotonnes,5995.16,5903.7223,5793.3074,5964.1906,5926.3853,6072.5013,6135.7809,6298.7175,6383.1588,6202.2134,6277.8045,6438.3488,6393.0722,6563.4145,6585.6013,6503.8753,6570.4767,6579.102,6527.2794,6576.4989,6811.322
Southern Asia,Enteric Fermentation,Emissions (CH4),kilotonnes,17335.4327,17407.3483,17548.2913,17705.4537,18018.8644,18376.3731,18875.7506,19340.4556,19426.6841,19582.6671,19723.1932,19924.3919,20058.5874,20157.1547,20104.2586,20387.3345,20665.5246,20858.6641,21155.2357,21286.5826,21511.6743
Southern Asia,Enteric Fermentation,Emissions (CO2eq) from CH4 (AR5),kilotonnes,485392.115,487405.7533,491352.1558,495752.7038,504528.2036,514538.4463,528521.0178,541532.7575,543947.1535,548314.6785,552249.4091,557882.9724,561640.4478,564400.3328,562919.2403,570845.365,578634.6885,584042.5957,592346.5997,596024.3116,602326.8807
Southern Asia,Enteric Fermentation,Emissions (CO2eq) (AR5),kilotonnes,485392.115,487405.7533,491352.1558,495752.7038,504528.2036,514538.4463,528521.0178,541532.7575,543947.1535,548314.6785,552249.4091,557882.9724,561640.4478,564400.3328,562919.2403,570845.365,578634.6885,584042.5957,592346.5997,596024.3116,602326.8807
Southern Asia,Manure Management,Emissions (CH4),kilotonnes,1435.8079,1445.3614,1462.1901,1478.1194,1503.0037,1529.3059,1568.1933,1605.3444,1615.0353,1632.6372,1644.6303,1663.0417,1676.4663,1686.1614,1688.346,1707.3595,1735.6088,1758.1948,1783.8284,1794.3878,1812.8322
Southern Asia,Manure Management,Emissions (N2O),kilotonnes,18.1776,18.3615,18.5981,18.9268,19.5772,20.0126,20.571,20.9968,21.222,21.6022,21.7784,22.0816,22.2949,22.3666,22.2144,22.7854,23.631,24.263,24.7347,25.1678,25.5002
Southern Asia,Manure Management,Emissions (CO2eq) from CH4 (AR5),kilotonnes,40202.6206,40470.1182,40941.3239,41387.3445,42084.1027,42820.5656,43909.413,44949.6424,45220.9874,45713.8408,46049.6477,46565.167,46941.0561,47212.5185,47273.6875,47806.0674,48597.0452,49229.4551,49947.1949,50242.8577,50759.3007
Southern Asia,Manure Management,Emissions (CO2eq) from N2O (AR5),kilotonnes,4817.0616,4865.7881,4928.5048,5015.6024,5187.9464,5303.3376,5451.3225,5564.1395,5623.8366,5724.5845,5771.2659,5851.6327,5908.1492,5927.1448,5886.8292,6038.1378,6262.2181,6429.6847,6554.6873,6669.4726,6757.5443
Southern Asia,Manure Management,Emissions (CO2eq) (AR5),kilotonnes,45019.6822,45335.9063,45869.8286,46402.9469,47272.0492,48123.9031,49360.7355,50513.7819,50844.824,51438.4253,51820.9136,52416.7997,52849.2053,53139.6633,53160.5167,53844.2051,54859.2633,55659.1398,56501.8822,56912.3303,57516.8449
Southern Asia,Manure left on Pasture,Direct emissions (N2O),kilotonnes,232.5473,233.8618,237.144,240.5821,246.44,251.9227,257.9393,265.0317,266.756,269.9292,272.9644,276.0362,278.347,279.4845,278.6074,284.3513,290.8558,295.405,300.9456,303.8392,308.2107
Southern Asia,Manure left on Pasture,Indirect emissions (N2O),kilotonnes,67.114,67.3863,68.2321,69.2118,70.9523,72.5512,74.0637,75.9633,76.3036,77.0306,77.8535,78.6537,79.1713,79.3726,78.782,80.738,82.4923,83.5464,85.0663,86.0281,87.3845
Southern Asia,Manure left on Pasture,Emissions (N2O),kilotonnes,299.6613,301.248,305.3761,309.7938,317.3923,324.4739,332.003,340.995,343.0596,346.9598,350.8179,354.6899,357.5183,358.8571,357.3894,365.0893,373.3481,378.9514,386.0119,389.8672,395.5952
Southern Asia,Manure left on Pasture,Emissions (CO2eq) from N2O (AR5),kilotonnes,79410.2401,79830.7318,80924.6558,82095.3616,84108.9623,85985.5824,87980.8077,90363.6661,90910.789,91944.3498,92966.7535,93992.8351,94742.3576,95097.1309,94708.1856,96748.6543,98937.2463,100422.1118,102293.1554,103314.8125,104832.7176
Southern Asia,Manure left on Pasture,Emissions (CO2eq) (AR5),kilotonnes,79410.2401,79830.7318,80924.6558,82095.3616,84108.9623,85985.5824,87980.8077,90363.6661,90910.789,91944.3498,92966.7535,93992.8351,94742.3576,95097.1309,94708.1856,96748.6543,98937.2463,100422.1118,102293.1554,103314.8125,104832.7176
Southern Asia,Manure applied to Soils,Direct emissions (N2O),kilotonnes,45.6744,46.1246,46.79,47.6038,49.1005,50.2387,51.7061,53.0486,53.636,54.5972,55.1655,55.9248,56.5243,56.7876,56.6095,57.9002,59.8339,61.3366,62.5801,63.4146,64.257
Southern Asia,Manure applied to Soils,Indirect emissions (N2O),kilotonnes,19.4116,19.6029,19.8857,20.2316,20.8677,21.3514,21.9751,22.5457,22.7953,23.2038,23.4453,23.7681,24.0228,24.1347,24.059,24.6076,25.4294,26.0681,26.5965,26.9512,27.3092
Southern Asia,Manure applied to Soils,Emissions (N2O),kilotonnes,65.086,65.7275,66.6757,67.8354,69.9682,71.5901,73.6813,75.5943,76.4313,77.801,78.6108,79.6929,80.5472,80.9223,80.6686,82.5078,85.2632,87.4046,89.1767,90.3658,91.5663
Southern Asia,Manure applied to Soils,Emissions (CO2eq) from N2O (AR5),kilotonnes,17247.8013,17417.7881,17669.0731,17976.3788,18541.5849,18971.3789,19525.5316,20032.4862,20254.2873,20617.2525,20831.8625,21118.6171,21345.0059,21444.41,21377.1733,21864.5695,22594.7582,23162.2316,23631.8125,23946.9422,24265.0664
Southern Asia,Manure applied to Soils,Emissions (CO2eq) (AR5),kilotonnes,17247.8013,17417.7881,17669.0731,17976.3788,18541.5849,18971.3789,19525.5316,20032.4862,20254.2873,20617.2525,20831.8625,21118.6171,21345.0059,21444.41,21377.1733,21864.5695,22594.7582,23162.2316,23631.8125,23946.9422,24265.0664
Southern Asia,Synthetic Fertilizers,Direct emissions (N2O),kilotonnes,239.7602,247.4087,237.5347,246.0985,258.892,280.2052,303.125,306.0828,322.1412,336.6992,346.5736,356.3488,341.0023,345.2332,352.3169,357.7722,346.2782,355.0052,367.3997,390.2963,418.2658
Southern Asia,Synthetic Fertilizers,Indirect emissions (N2O),kilotonnes,77.9221,80.4078,77.1988,79.982,84.1399,91.0667,98.5156,99.4769,104.6959,109.4272,112.6364,115.8133,110.8258,112.2008,114.503,116.276,112.5404,115.3767,119.4049,126.8463,135.9364
Southern Asia,Synthetic Fertilizers,Emissions (N2O),kilotonnes,317.6823,327.8165,314.7335,326.0806,343.0319,371.2719,401.6406,405.5597,426.837,446.1264,459.2101,472.1621,451.8281,457.4339,466.8198,474.0481,458.8186,470.3819,486.8046,517.1426,554.2022
Southern Asia,Synthetic Fertilizers,Emissions (CO2eq) from N2O (AR5),kilotonnes,84185.8042,86871.3798,83404.3717,86411.3477,90903.4513,98387.0466,106434.752,107473.3173,113111.8175,118223.494,121690.6721,125122.9607,119734.4465,121219.9963,123707.2582,125622.7576,121586.9162,124651.1979,129003.2273,137042.7784,146863.5937
Southern Asia,Synthetic Fertilizers,Emissions (CO2eq) (AR5),kilotonnes,84185.8042,86871.3798,83404.3717,86411.3477,90903.4513,98387.0466,106434.752,107473.3173,113111.8175,118223.494,121690.6721,125122.9607,119734.4465,121219.9963,123707.2582,125622.7576,121586.9162,124651.1979,129003.2273,137042.7784,146863.5937
Southern Asia,Drained organic soils,Emissions (CO2eq) (AR5),kilotonnes,27744.0908,27730.25,27680.988,27660.0345,27559.2269,27538.5795,27543.903,27565.3281,27552.7668,27554.5979,27566.3904,27463.3816,27446.6361,27400.3022,27320.3014,27312.0991,27270.1283,27263.2492,27263.3716,27234.2164,27223.318
Southern Asia,Drained organic soils (CO2),Emissions (CO2),kilotonnes,26527.94,26513.7949,26466.6401,26446.8442,26350.4733,26331.0776,26336.3619,26357.2027,26345.236,26347.0514,26358.336,26259.3454,26243.3039,26198.6859,26121.7848,26113.9568,26076.2125,26070.082,26070.2468,26044.3644,26034.1681
Southern Asia,Drained organic soils (CO2),Emissions (CO2eq) (AR5),kilotonnes,26527.94,26513.7949,26466.6401,26446.8442,26350.4733,26331.0776,26336.3619,26357.2027,26345.236,26347.0514,26358.336,26259.3454,26243.3039,26198.6859,26121.7848,26113.9568,26076.2125,26070.082,26070.2468,26044.3644,26034.1681
Southern Asia,Drained organic soils (N2O),Emissions (N2O),kilotonnes,4.5892,4.5904,4.5824,4.5781,4.5613,4.5566,4.5568,4.559,4.5567,4.5568,4.5587,4.5435,4.5409,4.5344,4.5227,4.5213,4.5053,4.5025,4.5024,4.49,4.4874
Southern Asia,Drained organic soils (N2O),Emissions (CO2eq) from N2O (AR5),kilotonnes,1216.1508,1216.4551,1214.3478,1213.1903,1208.7536,1207.5019,1207.5411,1208.1254,1207.5308,1207.5465,1208.0545,1204.0361,1203.3323,1201.6163,1198.5166,1198.1423,1193.9158,1193.1672,1193.1248,1189.852,1189.1498
Southern Asia,Drained organic soils (N2O),Emissions (CO2eq) (AR5),kilotonnes,1216.1508,1216.4551,1214.3478,1213.1903,1208.7536,1207.5019,1207.5411,1208.1254,1207.5308,1207.5465,1208.0545,1204.0361,1203.3323,1201.6163,1198.5166,1198.1423,1193.9158,1193.1672,1193.1248,1189.852,1189.1498
Southern Asia,On-farm energy use,Emissions (CH4),kilotonnes,42.289,35.3938,38.8749,41.1641,40.5247,47.8067,54.7717,58.0055,68.6642,72.6669,60.5021,47.0739,39.5828,70.4459,57.7044,45.6824,36.9017,31.6058,26.1056,19.9808,19.9808
Southern Asia,On-farm energy use,Emissions (N2O),kilotonnes,14.485,14.0596,13.8731,14.1635,14.4123,14.1444,15.6743,4.289,6.8632,7.127,7.1619,6.7433,6.6429,17.3032,16.4234,5.2384,5.3323,5.5459,5.7883,4.9949,4.9949
Southern Asia,On-farm energy use,Emissions (CO2),kilotonnes,55427.0743,52335.3292,53628.9628,58518.4267,59365.5217,59620.0059,64165.862,34731.1837,42807.9731,45457.8159,41780.7656,36450.8244,33833.9964,69257.726,63822.4261,32400.5999,30791.8659,29693.8478,28983.793,25475.1611,25475.1611
Southern Asia,On-farm energy use,Emissions (CO2eq) from CH4 (AR5),kilotonnes,1184.0911,991.0268,1088.4977,1152.5961,1134.6908,1338.5865,1533.6072,1624.153,1922.5976,2034.6739,1694.0588,1318.07,1108.3174,1972.4843,1615.7234,1279.1063,1033.2487,884.9622,730.957,559.4622,559.4622
Southern Asia,On-farm energy use,Emissions (CO2eq) from N2O (AR5),kilotonnes,3838.5326,3725.7834,3676.3619,3753.3187,3819.2674,3748.2607,4153.6858,1136.5912,1818.7367,1888.6484,1897.8978,1786.9726,1760.3595,4585.3466,4352.1905,1388.1888,1413.0683,1469.6524,1533.9049,1323.6563,1323.6563
Southern Asia,On-farm energy use,Emissions (CO2eq) (AR5),kilotonnes,60449.698,57052.1394,58393.8224,63424.3415,64319.4799,64706.8531,69853.155,37491.9279,46549.3074,49381.1382,45372.7222,39555.8671,36702.6732,75815.5569,69790.34,35067.8949,33238.1829,32048.4623,31248.6548,27358.2795,27358.2795
Southern Asia,Forestland,Emissions (CO2),kilotonnes,-261122.0825,-82457.1864,-82457.1864,-82457.1864,-82457.1864,-82457.1864,-82457.1864,-82457.1864,-82457.1864,-82457.1864,-82457.1864,-76776.9561,-76776.9561,-76776.9561,-76776.9561,-76776.9561,-41681.1437,-41681.1437,-41681.1437,-41681.1437,-41681.1437
Southern Asia,Forestland,Emissions (CO2eq) (AR5),kilotonnes,-261122.0825,-82457.1864,-82457.1864,-82457.1864,-82457.1864,-82457.1864,-82457.1864,-82457.1864,-82457.1864,-82457.1864,-82457.1864,-76776.9561,-76776.9561,-76776.9561,-76776.9561,-76776.9561,-41681.1437,-41681.1437,-41681.1437,-41681.1437,-41681.1437
Southern Asia,Net Forest conversion,Emissions (CO2),kilotonnes,11231.6826,31851.2386,31851.2386,31851.2386,31851.2386,31851.2386,31851.2386,31851.2386,31851.2386,31851.2386,31851.2386,8960.5228,8960.5228,8960.5228,8960.5228,8960.5228,7593.8815,7593.8815,7593.8815,7593.8815,7593.8815
Southern Asia,Net Forest conversion,Emissions (CO2eq) (AR5),kilotonnes,11231.6826,31851.2386,31851.2386,31851.2386,31851.2386,31851.2386,31851.2386,31851.2386,31851.2386,31851.2386,31851.2386,8960.5228,8960.5228,8960.5228,8960.5228,8960.5228,7593.8815,7593.8815,7593.8815,7593.8815,7593.8815
Southern Asia,Savanna fires,Emissions (CH4),kilotonnes,5.3928,4.9563,4.7982,8.0945,12.1979,7.806,8.6227,9.8226,10.1243,16.4334,12.8103,10.1339,14.5299,8.2722,10.2136,6.1376,11.7489,9.9683,10.8889,9.7394,8.7132
Southern Asia,Savanna fires,Emissions (N2O),kilotonnes,0.4924,0.4525,0.4381,0.7391,1.1137,0.7127,0.7873,0.8968,0.9244,1.5004,1.1696,0.9253,1.3266,0.7553,0.9325,0.5604,1.0727,0.9101,0.9942,0.8892,0.7956
Southern Asia,Savanna fires,Emissions (CO2eq) from CH4 (AR5),kilotonnes,150.997,138.7777,134.3483,226.6471,341.5423,218.5674,241.4349,275.0335,283.4801,460.1347,358.6873,283.7486,406.8365,231.6205,285.9805,171.852,328.9678,279.1118,304.8887,272.7026,243.9706
Southern Asia,Savanna fires,Emissions (CO2eq) from N2O (AR5),kilotonnes,130.4804,119.922,116.0944,195.8526,295.1371,188.8708,208.6312,237.6648,244.9638,397.6164,309.9526,245.1958,351.5598,200.1503,247.1244,148.5026,284.2711,241.189,263.4636,235.6506,210.8224
Southern Asia,Savanna fires,Emissions (CO2eq) (AR5),kilotonnes,281.4774,258.6998,250.4427,422.4997,636.6794,407.4382,450.0661,512.6982,528.4439,857.7511,668.6399,528.9444,758.3963,431.7708,533.1049,320.3546,613.2389,520.3008,568.3524,508.3532,454.793
Southern Asia,Fires in organic soils,Emissions (CH4),kilotonnes,0,0,0,0,0,0,0,0,0,0,0,0,0,0,0,0,0,0,0,0,0
Southern Asia,Fires in organic soils,Emissions (CO2),kilotonnes,0,0,0,0,0,0,0,0,0,0,0,0,0,0,0,0,0,0,0,0,0
Southern Asia,Fires in organic soils,Emissions (CO2eq) from CH4 (AR5),kilotonnes,0,0,0,0,0,0,0,0,0,0,0,0,0,0,0,0,0,0,0,0,0
Southern Asia,Fires in organic soils,Emissions (CO2eq) (AR5),kilotonnes,0,0,0,0,0,0,0,0,0,0,0,0,0,0,0,0,0,0,0,0,0
Southern Asia,Forest fires,Emissions (CH4),kilotonnes,67.3656,39.5767,19.8397,90.8611,124.4389,80.511,85.0518,118.686,81.8236,228.4412,187.5005,93.4398,213.7543,138.1695,119.1266,73.3477,144.746,156.423,126.3729,97.3784,43.128
Southern Asia,Forest fires,Emissions (N2O),kilotonnes,2.0274,3.6135,1.8115,8.296,11.3618,7.351,7.7656,10.8366,7.4709,20.8577,17.1196,8.5315,19.5167,12.6155,10.8768,6.697,13.2159,14.2821,11.5384,8.8911,3.9378
Southern Asia,Forest fires,Emissions (CO2eq) from CH4 (AR5),kilotonnes,1886.2355,1108.1489,555.512,2544.1097,3484.2882,2254.3086,2381.4492,3323.2087,2291.0621,6396.3525,5250.0139,2616.315,5985.1191,3868.7456,3335.5442,2053.7347,4052.8892,4379.8445,3538.4409,2726.5953,1207.5831
Southern Asia,Forest fires,Emissions (CO2eq) from N2O (AR5),kilotonnes,537.2613,957.5852,480.0348,2198.4427,3010.8795,1948.0166,2057.8828,2871.6858,1979.7765,5527.2828,4536.6968,2260.8374,5171.9236,3343.1008,2882.3453,1774.6947,3502.2249,3784.757,3057.6745,2356.1339,1043.5093
Southern Asia,Forest fires,Emissions (CO2eq) (AR5),kilotonnes,2423.4967,2065.7341,1035.5468,4742.5524,6495.1677,4202.3252,4439.332,6194.8944,4270.8386,11923.6353,9786.7108,4877.1524,11157.0427,7211.8464,6217.8895,3828.4294,7555.114,8164.6015,6596.1154,5082.7292,2251.0924
Southern Asia,Fires in humid tropical forests,Emissions (CH4),kilotonnes,35.8484,23.5525,5.127,38.4292,44.0213,33.9014,50.4185,35.4004,38.9211,75.8622,84.2315,31.8835,66.6658,60.3469,59.6016,23.3637,76.7674,37.6098,20.9777,38.7981,18.9174
Southern Asia,Fires in humid tropical forests,Emissions (N2O),kilotonnes,1.0544,2.1504,0.4681,3.5088,4.0193,3.0953,4.6034,3.2322,3.5537,6.9265,7.6907,2.9111,6.0869,5.5099,5.4419,2.1332,7.0092,3.4339,1.9154,3.5424,1.7272
Southern Asia,Fires in humid tropical forests,Emissions (CO2eq) from CH4 (AR5),kilotonnes,1003.7543,659.4703,143.5559,1076.0176,1232.5962,949.2388,1411.7175,991.211,1089.7911,2124.1406,2358.4829,892.7374,1866.6418,1689.7146,1668.8459,654.1837,2149.4886,1053.0741,587.3742,1086.3474,529.6859
Southern Asia,Fires in humid tropical forests,Emissions (CO2eq) from N2O (AR5),kilotonnes,279.4065,569.8684,124.051,929.8195,1065.1239,820.2661,1219.9081,856.5356,941.7217,1835.5346,2038.0368,771.4416,1613.022,1460.1338,1442.1005,565.3001,1857.4385,909.9934,507.568,938.7458,457.7177
Southern Asia,Fires in humid tropical forests,Emissions (CO2eq) (AR5),kilotonnes,1283.1608,1229.3387,267.607,2005.8371,2297.7201,1769.505,2631.6256,1847.7466,2031.5128,3959.6752,4396.5197,1664.179,3479.6638,3149.8483,3110.9465,1219.4838,4006.927,1963.0674,1094.9422,2025.0932,987.4036
Southern Asia,Waste - agri-food systems,Emissions (CH4),kilotonnes,6686.081,6753.5363,6825.5622,6901.1614,6944.8724,7015.2561,7111.1213,7194.591,7268.8291,7290.8384,7375.8465,7534.7642,7600.2459,7655.5708,7693.18,7709.9171,7759.7419,7811.383,7859.4161,7906.0834,7948.1051
Southern Asia,Waste - agri-food systems,Emissions (N2O),kilotonnes,26.9223,27.1104,26.894,27.388,27.7511,27.9621,29.4823,30.8493,31.4551,31.6479,32.9435,34.8297,34.8969,35.9185,36.5425,37.3197,38.2594,39.7206,40.1077,40.4429,40.773
Southern Asia,Waste - agri-food systems,Emissions (CO2),kilotonnes,918.6883,919.7452,955.9796,961.6088,967.0588,972.122,976.8322,985.4554,985.9531,989.6963,997.0981,1000.761,1001.2529,1001.9555,1005.0956,1006.3876,1009.8621,1014.5953,1015.2903,1016.491,1014.689
Southern Asia,Waste - agri-food systems,Emissions (CO2eq) from CH4 (AR5),kilotonnes,187210.2694,189099.0166,191115.7421,193232.5205,194456.426,196427.1699,199111.3961,201448.5479,203527.2151,204143.475,206523.7016,210973.3969,212806.8843,214355.9838,215409.0407,215877.6776,217272.7735,218718.7228,220063.6498,221370.3347,222546.943
Southern Asia,Waste - agri-food systems,Emissions (CO2eq) from N2O (AR5),kilotonnes,7134.4002,7184.2519,7126.9078,7257.8234,7354.0403,7409.9678,7812.8186,8175.0718,8335.6125,8386.7042,8730.0211,9229.8632,9247.6863,9518.412,9683.753,9889.7139,10138.7503,10525.9591,10628.5276,10717.3746,10804.846
Southern Asia,Waste - agri-food systems,Emissions (CO2eq) (AR5),kilotonnes,195263.3579,197203.0136,199198.6296,201451.9527,202777.525,204809.2597,207901.0468,210609.075,212848.7807,213519.8756,216250.8208,221204.0211,223055.8236,224876.3514,226097.8893,226773.7791,228421.386,230259.2772,231707.4677,233104.2002,234366.478
Southern Asia,Fertilizers Manufacturing,Emissions (N2O),kilotonnes,1.8998,1.9133,2.0742,1.8494,1.9091,1.7628,2.0836,1.9322,1.8297,1.6228,1.8952,2.1587,1.7488,1.9584,2.015,2.4213,2.1262,2.0623,1.5644,1.3074,1.3528
Southern Asia,Fertilizers Manufacturing,Emissions (CO2),kilotonnes,24696.4747,25662.4978,28153.3481,29238.3675,29928.1149,29452.6913,31477.3678,29135.073,28943.8873,32087.5699,30676.5494,31398.3602,30462.7949,35417.9655,35944.0542,36499.66,38839.0628,38256.9121,37202.5337,37395.4365,35454.3843
Southern Asia,Fertilizers Manufacturing,Emissions (CO2eq) from N2O (AR5),kilotonnes,503.447,507.0245,549.663,490.091,505.9115,467.142,552.154,512.033,484.8705,430.042,502.228,572.0555,463.432,518.976,533.975,641.6445,563.443,546.5095,414.566,346.461,358.4841
Southern Asia,Fertilizers Manufacturing,Emissions (CO2eq) (AR5),kilotonnes,25199.9217,26169.5223,28703.0111,29728.4585,30434.0264,29919.8333,32029.5218,29647.106,29428.7578,32517.6119,31178.7774,31970.4157,30926.2269,35936.9415,36478.0292,37141.3045,39402.5058,38803.4216,37617.0997,37741.8975,35812.8685
Southern Asia,On-farm electricity use,Emissions (CH4),kilotonnes,118.5264,117.7285,124.0811,129.8938,133.9076,138.3546,150.6483,157.2529,173.8637,183.0537,198.7864,208.2373,218.0861,243.7883,256.5279,262.0686,289.9968,304.7249,307.8816,318.1524,318.1524
Southern Asia,On-farm electricity use,Emissions (N2O),kilotonnes,0.6329,0.6287,0.6625,0.6936,0.715,0.7387,0.8045,0.8396,0.9283,0.9774,1.0614,1.1119,1.1644,1.3022,1.3702,1.3999,1.5491,1.6277,1.6446,1.6995,1.6995
Southern Asia,On-farm electricity use,Emissions (CO2),kilotonnes,84347.7302,83156.2596,84919.3632,86178.7061,92106.4264,93652.5559,101544.2551,111285.1629,124604.6072,132949.2437,140931.6233,140552.4283,152519.04,169679.7825,178724.2025,182744.5412,203627.5053,213601.5341,216242.6192,223746.3025,223746.3025
Southern Asia,On-farm electricity use,Emissions (CO2eq) from CH4 (AR5),kilotonnes,3318.7392,3296.398,3474.2708,3637.0264,3749.4128,3873.9288,4218.1524,4403.0812,4868.1836,5125.5036,5566.0192,5830.6444,6106.4108,6826.0724,7182.7812,7337.9208,8119.9104,8532.2972,8620.6848,8908.2672,8908.2672
Southern Asia,On-farm electricity use,Emissions (CO2eq) from N2O (AR5),kilotonnes,167.7185,166.6055,175.5625,183.804,189.475,195.7555,213.1925,222.494,245.9995,259.011,281.271,294.6535,308.566,345.083,363.103,370.9735,410.5115,431.3405,435.819,450.3675,450.3675
Southern Asia,On-farm electricity use,Emissions (CO2eq) (AR5),kilotonnes,87834.1879,86619.2631,88569.1965,89999.5365,96045.3142,97722.2402,105975.6,115910.7381,129718.7903,138333.7583,146778.9135,146677.7262,158934.0168,176850.9379,186270.0867,190453.4355,212157.9272,222565.1718,225299.123,233104.9372,233104.9372
Southern Asia,Food Processing,Emissions (CH4),kilotonnes,354.9722,341.3977,370.6945,458.652,445.5034,490.675,537.185,390.3723,401.8054,454.0976,465.5842,434.3903,378.393,54.2859,62.0328,65.1748,72.6591,75.2794,79.3285,71.8616,72.7097
Southern Asia,Food Processing,Emissions (N2O),kilotonnes,0.1383,0.1393,0.1369,0.1469,0.1463,0.1481,0.1503,0.2285,0.2904,0.2947,0.2857,0.2511,0.2298,0.1499,0.166,0.1742,0.18,0.1899,0.1904,0.1818,0.1866
Southern Asia,Food Processing,Emissions (CO2),kilotonnes,7007.7053,7441.9117,7518.6202,7939.8604,8496.0703,9017.8535,9092.2322,15611.4495,16922.4807,16643.0024,14083.7321,15427.3959,16305.0486,22748.0008,25123.861,26066.5516,27082.0615,27477.6933,27480.2365,27770.8853,26483.3493
Southern Asia,Food Processing,Emissions (CO2eq) from CH4 (AR5),kilotonnes,9939.2216,9559.1356,10379.446,12842.256,12474.0952,13738.9,15041.18,10930.4244,11250.5512,12714.7328,13036.3576,12162.9284,10595.004,1520.0052,1736.9184,1824.8944,2034.4548,2107.8232,2221.198,2012.1248,2035.8707
Southern Asia,Food Processing,Emissions (CO2eq) from N2O (AR5),kilotonnes,36.6495,36.9145,36.2785,38.9285,38.7695,39.2465,39.8295,60.5525,76.956,78.0955,75.7105,66.5415,60.897,39.7235,43.99,46.163,47.7,50.3235,50.456,48.177,49.4482
Southern Asia,Food Processing,Emissions (CO2eq) (AR5),kilotonnes,16983.5764,17037.9618,17934.3447,20821.0449,21008.935,22796,24173.2417,26602.4264,28249.9879,29435.8307,27195.8002,27656.8658,26960.9496,24307.7295,26904.7694,27937.609,29164.2163,29635.84,29751.8905,29831.1871,28568.6683
Southern Asia,Food Packaging,Emissions (CH4),kilotonnes,0.5443,0.5394,0.5491,0.5575,0.5625,0.5422,0.5549,0.599,0.5978,0.5948,0.5674,0.6315,0.6386,4.9451,5.5636,5.1359,5.4971,2.4082,2.4217,3.2663,3.2753
Southern Asia,Food Packaging,Emissions (N2O),kilotonnes,0.0213,0.021,0.0221,0.0221,0.0229,0.0186,0.0206,0.0289,0.0275,0.0266,0.0217,0.0335,0.0349,0.0507,0.0595,0.0525,0.0555,0.0489,0.0494,0.0496,0.0508
Southern Asia,Food Packaging,Emissions (CO2),kilotonnes,2391.8777,2376.9478,2401.7997,2434.4481,2551.1937,2083.74,2299.7866,3601.3432,3332.4421,3327.7591,2930.548,4233.3012,4438.5458,6457.4792,7557.0697,7043.7012,7353.1471,6111.7354,6211.8565,6496.2389,6211.2231
Southern Asia,Food Packaging,Emissions (CO2eq) from CH4 (AR5),kilotonnes,15.2404,15.1032,15.3748,15.61,15.75,15.1816,15.5372,16.772,16.7384,16.6544,15.8872,17.682,17.8808,138.4628,155.7808,143.8052,153.9188,67.4296,67.8076,91.4564,91.7087
Southern Asia,Food Packaging,Emissions (CO2eq) from N2O (AR5),kilotonnes,5.6445,5.565,5.8565,5.8565,6.0685,4.929,5.459,7.6585,7.2875,7.049,5.7505,8.8775,9.2485,13.4355,15.7675,13.9125,14.7075,12.9585,13.091,13.144,13.4743
Southern Asia,Food Packaging,Emissions (CO2eq) (AR5),kilotonnes,2412.7626,2397.616,2423.031,2455.9146,2573.0122,2103.8506,2320.7828,3625.7737,3356.468,3351.4625,2952.1857,4259.8607,4465.6751,6609.3775,7728.618,7201.4189,7521.7734,6192.1235,6292.7551,6600.8393,6316.4061
Southern Asia,Food Retail,Emissions (CH4),kilotonnes,4.3891,4.687,4.9998,5.4528,6.0774,1.8973,2.0932,7.9971,8.2175,17.0342,18.5166,18.0382,17.6446,20.897,21.03,23.1176,25.6614,25.813,25.669,24.44,24.5739
Southern Asia,Food Retail,Emissions (N2O),kilotonnes,0.0291,0.0308,0.0323,0.0343,0.037,0.0161,0.0202,0.0631,0.0582,0.1023,0.1095,0.1041,0.1017,0.1673,0.1691,0.1844,0.1988,0.2011,0.1437,0.1716,0.1752
Southern Asia,Food Retail,Emissions (CO2),kilotonnes,3774.8965,4010.5632,4129.3541,4329.6017,4828.0665,1840.5983,3425.295,7564.5499,7102.6392,13740.9341,14411.3821,13658.1519,13452.066,19473.1187,18846.8628,20797.7861,22425.957,22363.1109,18722.5182,20542.1989,19737.2221
Southern Asia,Food Retail,Emissions (CO2eq) from CH4 (AR5),kilotonnes,122.896,131.2355,139.9931,152.679,170.168,53.1253,58.6096,223.9188,230.09,476.9576,518.4648,505.0696,494.0488,585.116,588.84,647.2928,718.5192,722.764,718.732,684.32,688.0704
Southern Asia,Food Retail,Emissions (CO2eq) from N2O (AR5),kilotonnes,7.7127,8.1652,8.5634,9.0937,9.8105,4.273,5.353,16.7215,15.423,27.1095,29.0175,27.5865,26.9505,44.3345,44.8115,48.866,52.682,53.2915,38.0805,45.474,46.4241
Southern Asia,Food Retail,Emissions (CO2eq) (AR5),kilotonnes,3905.5052,4149.9639,4277.9106,4491.3744,5008.045,1897.9966,3489.2576,7805.1902,7348.1522,14245.0012,14958.8644,14190.808,13973.0653,20102.5692,19480.5143,21493.9449,23197.1582,23139.1664,19479.3307,21271.9929,20471.7166
Southern Asia,Food Household Consumption,Emissions (CH4),kilotonnes,79.5274,82.0055,89.3908,93.9458,99.4519,105.8985,115.4795,123.3195,128.5712,129.772,157.8591,157.4276,160.9598,201.2831,211.8891,226.8607,243.9959,258.752,266.0644,266.1421,267.2883
Southern Asia,Food Household Consumption,Emissions (N2O),kilotonnes,0.6874,0.6896,0.7244,0.7419,0.7781,0.8074,0.8625,0.9119,0.9253,0.9363,1.0691,1.0641,1.0674,1.2836,1.3363,1.4105,1.4938,1.5625,1.6008,1.601,1.6374
Southern Asia,Food Household Consumption,Emissions (CO2),kilotonnes,105493.0519,107372.3614,114233.7537,117192.7225,127433.1083,131937.3218,143341.6465,155132.4918,157006.2362,160745.4146,178533.9397,179005.1692,179496.5505,206004.8577,214896.1743,224422.726,239988.523,252789.7348,259618.1074,259625.8903,249597.2021
Southern Asia,Food Household Consumption,Emissions (CO2eq) from CH4 (AR5),kilotonnes,2226.7672,2296.154,2502.9424,2630.4824,2784.6532,2965.158,3233.426,3452.946,3599.9936,3633.616,4420.0548,4407.9728,4506.8744,5635.9268,5932.8948,6352.0996,6831.8852,7245.056,7449.8032,7451.9788,7484.0712
Southern Asia,Food Household Consumption,Emissions (CO2eq) from N2O (AR5),kilotonnes,182.161,182.744,191.966,196.6035,206.1965,213.961,228.5625,241.6535,245.2045,248.1195,283.3115,281.9865,282.861,340.154,354.1195,373.7825,395.857,414.0625,424.212,424.265,433.9018
Southern Asia,Food Household Consumption,Emissions (CO2eq) (AR5),kilotonnes,107901.9801,109851.2594,116928.6621,120019.8084,130423.958,135116.4408,146803.635,158827.0913,160851.4343,164627.1501,183237.306,183695.1285,184286.2859,211980.9385,221183.1886,231148.6081,247216.2652,260448.8533,267492.1226,267502.1341,257515.1751
Southern Asia,Food Transport,Emissions (CH4),kilotonnes,5.795,5.9809,6.3285,6.607,6.9062,7.3027,8.0464,8.5236,9.4979,10.9929,12.3069,13.1919,13.6468,14.0426,14.7714,15.9728,17.0443,18.58,18.9894,17.3027,17.4405
Southern Asia,Food Transport,Emissions (N2O),kilotonnes,0.7718,0.8279,0.8806,0.9079,0.9717,1.06,1.0947,1.19,1.2723,1.3482,1.4288,1.5144,1.5858,1.6254,1.6924,1.7766,1.8218,1.9416,1.9982,1.8993,1.9417
Southern Asia,Food Transport,Emissions (CO2),kilotonnes,22151.5319,22691.1153,23816.6547,24707.8621,26511.4722,27963.0335,29338.6033,32143.0198,34875.2684,36966.0153,39183.2379,41356.4168,43512.3052,44298.8984,45910.0725,48371.2307,50356.1747,54510.366,55877.5035,52849.2869,51046.7638
Southern Asia,Food Transport,Emissions (CO2eq) from CH4 (AR5),kilotonnes,162.26,167.4652,177.198,184.996,193.3736,204.4756,225.2992,238.6608,265.9412,307.8012,344.5932,369.3732,382.1104,393.1928,413.5992,447.2384,477.2404,520.24,531.7032,484.4756,488.3353
Southern Asia,Food Transport,Emissions (CO2eq) from N2O (AR5),kilotonnes,204.527,219.3935,233.359,240.5935,257.5005,280.9,290.0955,315.35,337.1595,357.273,378.632,401.316,420.237,430.731,448.486,470.799,482.777,514.524,529.523,503.3145,514.5429
Southern Asia,Food Transport,Emissions (CO2eq) (AR5),kilotonnes,22518.3189,23077.974,24227.2117,25133.4516,26962.3463,28448.4091,29853.998,32697.0306,35478.3691,37631.0895,39906.4631,42127.106,44314.6526,45122.8222,46772.1577,49289.2681,51316.1921,55545.13,56938.7297,53837.077,52049.642
Southern Asia,Energy,Emissions (CH4),kilotonnes,8706.268,8507.855,8731.472,9870.162,10008.977,10429.676,10748.698,10800.996,11168.049,11840.687,12211.511,12326.55,11911.274,10813.75,11238.603,11373.135,12369.603,12845.62,13031.727,12805.528,12956.651
Southern Asia,Energy,Emissions (N2O),kilotonnes,69.6461,70.546,71.7899,73.0815,77.0851,78.3924,81.019,84.6659,87.7014,93.1601,96.5814,101.2452,106.181,106.6813,109.9988,108.7358,112.2037,120.1135,123.5486,125.7234,129.0404
Southern Asia,Energy,Emissions (CO2),kilotonnes,1485985,1521676,1543082,1614903,1718068,1805513,1926264,2035336,2178544,2357326,2386874,2508079,2701540,2715379,2972537,3087354,3184182,3347519,3509384,3570197,3403638
Southern Asia,Energy,Emissions (CO2eq) from CH4 (AR5),kilotonnes,243775.504,238219.94,244481.216,276364.536,280251.356,292030.928,300963.544,302427.888,312705.372,331539.236,341922.308,345143.4,333515.672,302785,314680.884,318447.78,346348.884,359677.36,364888.356,358554.784,362786.228
Southern Asia,Energy,Emissions (CO2eq) from N2O (AR5),kilotonnes,18456.2218,18694.6926,19024.3288,19366.6001,20427.5488,20773.9834,21470.035,22436.4741,23240.871,24687.4265,25594.071,26829.978,28137.965,28270.5445,29149.682,28814.987,29733.9805,31830.0775,32740.379,33316.701,34195.706
Southern Asia,Energy,Emissions (CO2eq) (AR5),kilotonnes,1748216.726,1778590.633,1806587.545,1910634.136,2018746.905,2118317.911,2248697.579,2360200.362,2514490.243,2713552.663,2754390.379,2880052.378,3063193.637,3046434.545,3316367.566,3434616.767,3560264.865,3739026.438,3907012.735,3962068.485,3800619.934
Southern Asia,IPPU,Emissions (CH4),kilotonnes,5.5688,5.861,6.3968,6.6789,7.7108,9.3489,15.8071,14.6117,15.9245,17.5002,20.5773,21.3624,19.0668,19.0798,22.2244,21.6534,24.865,25.283,27.0745,28.0941,29.3016
Southern Asia,IPPU,Emissions (N2O),kilotonnes,19.7887,19.83,19.8412,20.4324,57.4436,47.0047,42.0557,58.9165,31.4082,19.8403,15.6323,15.8044,15.7265,15.7087,16.0708,16.143,16.245,16.3471,16.6191,12.9531,13.1601
Southern Asia,IPPU,Emissions (CO2),kilotonnes,106250.98,109298.63,113177.61,118099.56,126245.94,135134.92,147543.26,156390.19,168220.15,184238.08,199397.98,209393.07,218653.49,226455.5,233725.99,236362.83,250387.47,254712.17,276685.51,285479.89,272782.05
Southern Asia,IPPU,Emissions (CO2eq) from F-gases (AR5),kilotonnes,14940.7267,15001.9473,15022.3541,18447.789,22162.8068,15932.8881,15869.7241,23333.771,21183.2782,22661.3169,24400.7576,25712.6263,27063.3651,28404.3865,29852.3008,31212.7572,32563.4961,33039.6558,34196.0438,35352.4317,36518.5372
Southern Asia,IPPU,Emissions (CO2eq) from CH4 (AR5),kilotonnes,155.9264,164.108,179.1104,187.0092,215.9024,261.7692,442.5988,409.1276,445.886,490.0059,576.1652,598.1486,533.8696,534.2344,622.2838,606.2963,696.2189,707.9234,758.086,786.6356,820.4462
Southern Asia,IPPU,Emissions (CO2eq) from N2O (AR5),kilotonnes,5244.0101,5254.9406,5257.9264,5414.5964,15222.561,12456.2333,11144.7477,15612.872,8323.1796,5257.6721,4142.5698,4188.1755,4167.5153,4162.8137,4258.7533,4277.9064,4304.9168,4331.9799,4404.0668,3432.5606,3487.4254
Southern Asia,IPPU,Emissions (CO2eq) (AR5),kilotonnes,126591.6432,129719.6258,133637.0009,142148.9546,163847.2102,163785.8107,175000.3306,195745.9606,198172.4938,212647.0748,228517.4727,239892.0204,250418.24,259556.9346,268459.3278,272459.7899,287952.1017,292791.7292,316043.7066,325051.518,313608.4589
Southern Asia,Waste,Emissions (CH4),kilotonnes,7288.73,7455.12,7640.47,7814.87,8005.25,8182.58,8394.99,8574.41,8738.78,8879.1,9073.52,9245.95,9406.33,9582.74,9782.18,9980.59,10155.98,10320.34,10522.69,10678.13,10858.52
Southern Asia,Waste,Emissions (N2O),kilotonnes,51.4736,52.3661,53.2426,53.8915,54.4119,55.2362,56.3414,58.1916,60.3079,61.9799,63.6291,65.2947,66.7627,68.1013,69.3008,70.9578,72.7472,74.956,76.5369,77.7729,79.4078
Southern Asia,Waste,Emissions (CO2),kilotonnes,1.33,1.42,1.51,1.61,1.72,1.84,1.95,2.02,2.1,2.18,2.27,2.63,2.74,2.85,2.96,3.07,3.17,3.27,3.37,3.54,3.66
Southern Asia,Waste,Emissions (CO2eq) from CH4 (AR5),kilotonnes,204084.44,208743.36,213933.16,218816.36,224147,229112.24,235059.72,240083.48,244685.84,248614.8,254058.56,258886.6,263377.24,268316.72,273901.04,279456.52,284367.44,288969.52,294635.32,298987.64,304038.56
Southern Asia,Waste,Emissions (CO2eq) from N2O (AR5),kilotonnes,13640.504,13877.0165,14109.289,14281.2475,14419.1535,14637.593,14930.471,15420.774,15981.5935,16424.6735,16861.7115,17303.0955,17692.1155,18046.8445,18364.712,18803.817,19278.008,19863.34,20282.2785,20609.8185,21043.067
Southern Asia,Waste,Emissions (CO2eq) (AR5),kilotonnes,217726.274,222621.7965,228043.959,233099.2175,238567.8735,243751.673,249992.141,255506.274,260669.5335,265041.6535,270922.5415,276192.3255,281072.0955,286366.4145,292268.712,298263.407,303648.618,308836.13,314920.9685,319600.9985,325085.287
Southern Asia,Other,Emissions (CH4),kilotonnes,45,45,45,45,45,45,45,45,45,45,45,45,45,45,45,45,45,45,45,45,45
Southern Asia,Other,Emissions (N2O),kilotonnes,47.1955,48.0577,49.6944,50.4723,54.0053,55.7267,57.4326,62.3127,65.4015,68.5136,70.9441,74.8917,77.8964,78.8174,82.401,83.3769,84.1903,87.7523,90.1007,94.191,96.814
Southern Asia,Other,Emissions (CO2),kilotonnes,14200,14200,14200,14200,14200,14200,14200,14200,14200,14200,14200,14200,14200,14200,14200,14200,14200,14200,14200,14200,14200
Southern Asia,Other,Emissions (CO2eq) from CH4 (AR5),kilotonnes,1260,1260,1260,1260,1260,1260,1260,1260,1260,1260,1260,1260,1260,1260,1260,1260,1260,1260,1260,1260,1260
Southern Asia,Other,Emissions (CO2eq) from N2O (AR5),kilotonnes,12506.8075,12735.2905,13169.016,13375.1595,14311.4045,14767.5755,15219.639,16512.8655,17331.3975,18156.104,18800.1865,19846.3005,20642.546,20886.611,21836.265,22094.8785,22310.4295,23254.3595,23876.6855,24960.615,25655.71
Southern Asia,Other,Emissions (CO2eq) (AR5),kilotonnes,27966.8075,28195.2905,28629.016,28835.1595,29771.4045,30227.5755,30679.639,31972.8655,32791.3975,33616.104,34260.1865,35306.3005,36102.546,36346.611,37296.265,37554.8785,37770.4295,38714.3595,39336.6855,40420.615,41115.71
Southern Asia,Farm-gate emissions,Emissions (CH4),kilotonnes,25507.7763,25530.9106,25353.5735,25727.2758,25943.5693,26579.7094,27144.2281,27632.9295,28065.6179,27851.3158,28046.6944,28402.6205,28374.8795,28720.9427,28646.3726,28851.748,29086.8088,29380.5389,29739.463,29860.1293,30282.1501
Southern Asia,Farm-gate emissions,Direct emissions (N2O),kilotonnes,593.3431,602.8488,592.7073,611.2915,630.4799,661.6091,692.6735,708.7026,726.4815,744.1173,761.4,778.0804,766.4348,773.4437,780.2804,790.5738,790.935,808.1116,827.6412,855.9268,892.1336
Southern Asia,Farm-gate emissions,Indirect emissions (N2O),kilotonnes,181.404,184.3741,181.3453,186.752,193.0706,202.7989,212.5326,217.0072,222.6831,228.3123,233.442,238.4335,234.3962,236.3943,238.212,241.9953,241.6047,246.6732,252.8289,261.9603,273.4452
Southern Asia,Farm-gate emissions,Emissions (N2O),kilotonnes,816.9487,829.0762,815.8517,840.8853,867.6214,908.3492,951.3574,961.1345,987.4768,1011.8273,1034.1781,1055.5946,1040.3895,1059.6773,1067.4818,1070.5103,1071.9662,1094.8979,1121.3426,1158.3188,1206.421
Southern Asia,Farm-gate emissions,Emissions (CO2),kilotonnes,81955.0144,78849.1241,80095.6029,84965.2709,85715.9951,85951.0835,90502.2238,61088.3864,69153.2091,71804.8673,68139.1015,62710.1699,60077.3003,95456.4119,89944.2108,58514.5567,56868.0784,55763.9298,55054.0398,51519.5255,51509.3292
Southern Asia,Farm-gate emissions,Emissions (CO2eq) from CH4 (AR5),kilotonnes,714217.7369,714865.4971,709900.0587,720363.7229,726419.9417,744231.8643,760038.3856,773722.0269,785837.3023,779836.841,785307.4424,795273.374,794496.6253,804186.3962,802098.4338,807848.9441,814430.6471,822655.09,832704.9649,836083.6198,847900.2029
Southern Asia,Farm-gate emissions,Emissions (CO2eq) from N2O (AR5),kilotonnes,216491.4013,219705.202,216200.6875,222834.5931,229919.6604,240712.5397,252109.7042,254700.6369,261681.3525,268134.2261,274057.1867,279732.5571,275703.2148,280814.4816,282882.6696,283685.2279,284071.047,290147.9372,297155.7775,306954.4699,319701.5528
Southern Asia,Farm-gate emissions,Emissions (CO2eq) (AR5),kilotonnes,1012664.153,1013419.823,1006196.349,1028163.587,1042055.597,1070895.488,1102650.314,1089511.05,1116671.864,1119775.934,1127503.731,1137716.101,1130277.14,1180457.29,1174925.314,1150048.729,1155369.773,1168566.957,1184914.782,1194557.615,1219111.085
Southern Asia,Land Use change,Emissions (CH4),kilotonnes,35.8484,23.5525,5.127,38.4292,44.0213,33.9014,50.4185,35.4004,38.9211,75.8622,84.2315,31.8835,66.6658,60.3469,59.6016,23.3637,76.7674,37.6098,20.9777,38.7981,18.9174
Southern Asia,Land Use change,Emissions (N2O),kilotonnes,1.0544,2.1504,0.4681,3.5088,4.0193,3.0953,4.6034,3.2322,3.5537,6.9265,7.6907,2.9111,6.0869,5.5099,5.4419,2.1332,7.0092,3.4339,1.9154,3.5424,1.7272
Southern Asia,Land Use change,Emissions (CO2),kilotonnes,11231.6826,31851.2386,31851.2386,31851.2386,31851.2386,31851.2386,31851.2386,31851.2386,31851.2386,31851.2386,31851.2386,8960.5228,8960.5228,8960.5228,8960.5228,8960.5228,7593.8815,7593.8815,7593.8815,7593.8815,7593.8815
Southern Asia,Land Use change,Emissions (CO2eq) from CH4 (AR5),kilotonnes,1003.7543,659.4703,143.5559,1076.0176,1232.5962,949.2388,1411.7175,991.211,1089.7911,2124.1406,2358.4829,892.7374,1866.6418,1689.7146,1668.8459,654.1837,2149.4886,1053.0741,587.3742,1086.3474,529.6859
Southern Asia,Land Use change,Emissions (CO2eq) from N2O (AR5),kilotonnes,279.4065,569.8684,124.051,929.8195,1065.1239,820.2661,1219.9081,856.5356,941.7217,1835.5346,2038.0368,771.4416,1613.022,1460.1338,1442.1005,565.3001,1857.4385,909.9934,507.568,938.7458,457.7177
Southern Asia,Land Use change,Emissions (CO2eq) (AR5),kilotonnes,12514.8434,33080.5773,32118.8456,33857.0757,34148.9587,33620.7436,34482.8642,33698.9852,33882.7514,35810.9138,36247.7583,10624.7018,12440.1866,12110.3712,12071.4693,10180.0067,11600.8086,9556.949,8688.8237,9618.9748,8581.2852
Southern Asia,Emissions on agricultural land,Emissions (CH4),kilotonnes,25543.6247,25554.4631,25358.7005,25765.705,25987.5906,26613.6108,27194.6465,27668.3299,28104.5391,27927.1779,28130.9259,28434.504,28441.5453,28781.2897,28705.9743,28875.1117,29163.5763,29418.1487,29760.4407,29898.9274,30301.0675
Southern Asia,Emissions on agricultural land,Emissions (N2O),kilotonnes,818.003,831.2267,816.3198,844.394,871.6407,911.4446,955.9608,964.3667,991.0305,1018.7538,1041.8688,1058.5057,1046.4764,1065.1872,1072.9237,1072.6435,1078.9754,1098.3318,1123.2579,1161.8612,1208.1482
Southern Asia,Emissions on agricultural land,Emissions (CO2),kilotonnes,93186.697,110700.3627,111946.8415,116816.5094,117567.2337,117802.3221,122353.4624,92939.625,101004.4477,103656.1059,99990.3401,71670.6927,69037.8231,104416.9348,98904.7337,67475.0796,64461.96,63357.8113,62647.9213,59113.407,59103.2107
Southern Asia,Emissions on agricultural land,Emissions (CO2eq) from CH4 (AR5),kilotonnes,715221.4912,715524.9674,710043.6147,721439.7405,727652.538,745181.1032,761450.1031,774713.2379,786927.0934,781960.9816,787665.9252,796166.1115,796363.267,805876.1107,803767.2797,808503.1278,816580.1356,823708.164,833292.3392,837169.9672,848429.8889
Southern Asia,Emissions on agricultural land,Emissions (CO2eq) from N2O (AR5),kilotonnes,216770.8078,220275.0703,216324.7386,223764.4126,230984.7843,241532.8058,253329.6123,255557.1725,262623.0742,269969.7606,276095.2235,280503.9987,277316.2368,282274.6153,284324.7702,284250.528,285928.4855,291057.9305,297663.3454,307893.2158,320159.2705
Southern Asia,Emissions on agricultural land,Emissions (CO2eq) (AR5),kilotonnes,1025178.996,1046500.4,1038315.195,1062020.663,1076204.556,1104516.231,1137133.178,1123210.035,1150554.615,1155586.848,1163751.489,1148340.803,1142717.327,1192567.661,1186996.784,1160228.735,1166970.581,1178123.906,1193603.606,1204176.59,1227692.37
Southern Asia,Pre- and post- production,Emissions (CH4),kilotonnes,7249.8355,7305.8753,7421.606,7596.2704,7637.2814,7759.9264,7925.1286,7882.6554,7991.3826,8086.3836,8229.4671,8366.681,8389.6148,8194.8128,8264.9948,8308.2475,8414.5965,8496.9405,8559.7707,8607.2485,8651.5452
Southern Asia,Pre- and post- production,Emissions (N2O),kilotonnes,31.1029,31.361,31.427,31.7841,32.3312,32.5139,34.5187,36.0435,36.7868,36.9562,38.8149,41.0675,40.8297,42.456,43.351,44.7391,45.6846,47.3546,47.2992,47.3531,47.8169
Southern Asia,Pre- and post- production,Emissions (CO2),kilotonnes,250781.9564,253631.402,266128.8734,272983.1772,292821.5111,296919.9163,321496.0187,355458.5455,373773.5142,397449.6354,421748.1106,426631.9845,441187.6039,505082.0583,528007.3926,546952.5844,590682.2935,616125.6819,622370.6653,629442.7303,613291.1362
Southern Asia,Pre- and post- production,Emissions (CO2eq) from CH4 (AR5),kilotonnes,202995.3938,204564.5081,207804.9672,212695.5703,213843.8787,217277.9392,221903.6005,220714.3511,223758.7131,226418.7406,230425.0784,234267.0673,234909.2135,229454.7598,231419.8551,232630.9288,235608.7023,237914.3328,239673.5786,241002.9575,242243.2664
Southern Asia,Pre- and post- production,Emissions (CO2eq) from N2O (AR5),kilotonnes,8242.2605,8310.6641,8328.1567,8422.794,8567.7723,8616.1748,9147.4646,9551.5348,9748.513,9793.4037,10285.9421,10882.8802,10819.8783,11250.8495,11488.0055,11855.8549,12106.4283,12548.9691,12534.2751,12548.5776,12671.4891
Southern Asia,Pre- and post- production,Emissions (CO2eq) (AR5),kilotonnes,462019.6107,466506.5742,482261.9972,494101.5416,515233.1621,522814.0303,552547.0837,585724.4313,607280.7403,633661.7798,662459.1311,671781.932,686916.6958,745787.6677,770915.2532,791439.3681,838397.4242,866588.9838,874578.519,882994.2653,868205.8917
Southern Asia,Agri-food systems,Emissions (CH4),kilotonnes,32793.4602,32860.3384,32780.3065,33361.9754,33624.872,34373.5372,35119.7751,35550.9853,36095.9217,36013.5615,36360.393,36801.185,36831.16,36976.1025,36970.9691,37183.3592,37578.1728,37915.0892,38320.2114,38506.1759,38952.6127
Southern Asia,Agri-food systems,Emissions (N2O),kilotonnes,849.1059,862.5877,847.7468,876.1781,903.9719,943.9584,990.4795,1000.4102,1027.8173,1055.7101,1080.6836,1099.5731,1087.3061,1107.6433,1116.2746,1117.3826,1124.6601,1145.6864,1170.5571,1209.2143,1255.9651
Southern Asia,Agri-food systems,Emissions (CO2),kilotonnes,343968.6534,364331.7647,378075.7149,389799.6867,410388.7448,414722.2384,443849.4811,448398.1705,474777.9619,501105.7413,521738.4507,498302.6772,510225.4271,609498.9931,626912.1263,614427.664,655144.2535,679483.4932,685018.5866,688556.1373,672394.3469
Southern Asia,Agri-food systems,Emissions (CO2eq) from CH4 (AR5),kilotonnes,918216.885,920089.4754,917848.5819,934135.3107,941496.4167,962459.0424,983353.7036,995427.589,1010685.807,1008379.722,1018091.004,1030433.179,1031272.481,1035330.871,1035187.135,1041134.057,1052188.838,1061622.497,1072965.918,1078172.925,1090673.155
Southern Asia,Agri-food systems,Emissions (CO2eq) from N2O (AR5),kilotonnes,225013.0682,228585.7345,224652.8953,232187.2067,239552.5566,250148.9806,262477.0768,265108.7073,272371.5872,279763.1643,286381.1656,291386.8788,288136.1151,293525.4649,295812.7757,296106.3829,298034.9138,303606.8996,310197.6205,320441.7933,332830.7596
Southern Asia,Agri-food systems,Emissions (CO2eq) (AR5),kilotonnes,1487198.607,1513006.975,1520577.192,1556122.204,1591437.718,1627330.261,1689680.262,1708934.467,1757835.356,1789248.628,1826210.62,1820122.735,1829634.023,1938355.329,1957912.037,1951668.104,2005368.005,2044712.89,2068182.125,2087170.855,2095898.262
Southern Asia,IPCC Agriculture,Emissions (CH4),kilotonnes,25465.4874,25495.5168,25314.6986,25686.1117,25903.0447,26531.9028,27089.4564,27574.9241,27996.9537,27778.6488,27986.1923,28355.5466,28335.2967,28650.4969,28588.6682,28806.0656,29049.9071,29348.9331,29713.3574,29840.1485,30262.1693
Southern Asia,IPCC Agriculture,Direct emissions (N2O),kilotonnes,593.3431,602.8488,592.7073,611.2915,630.4799,661.6091,692.6735,708.7026,726.4815,744.1173,761.4,778.0804,766.4348,773.4437,780.2804,790.5738,790.935,808.1116,827.6412,855.9268,892.1336
Southern Asia,IPCC Agriculture,Indirect emissions (N2O),kilotonnes,181.404,184.3741,181.3453,186.752,193.0706,202.7989,212.5326,217.0072,222.6831,228.3123,233.442,238.4335,234.3962,236.3943,238.212,241.9953,241.6047,246.6732,252.8289,261.9603,273.4452
Southern Asia,IPCC Agriculture,Emissions (N2O),kilotonnes,802.4637,815.0167,801.9786,826.7218,853.209,894.2048,935.6831,956.8455,980.6136,1004.7003,1027.0162,1048.8513,1033.7466,1042.3741,1051.0584,1065.2718,1066.6339,1089.352,1115.5542,1153.3238,1201.426
Southern Asia,IPCC Agriculture,Emissions (CO2eq) from CH4 (AR5),kilotonnes,713033.6458,713874.4703,708811.561,719211.1268,725285.251,742893.2778,758504.7784,772097.8739,783914.7047,777802.1672,783613.3836,793955.304,793388.3079,802213.9119,800482.7104,806569.8378,813397.3984,821770.1278,831974.008,835524.1576,847340.7408
Southern Asia,IPCC Agriculture,Emissions (CO2eq) from N2O (AR5),kilotonnes,212652.8687,215979.4186,212524.3256,219081.2744,226100.393,236964.279,247956.0184,253564.0457,259862.6158,266245.5777,272159.2889,277945.5845,273942.8553,276229.135,278530.4791,282297.0392,282657.9787,288678.2848,295621.8726,305630.8137,318377.8965
Southern Asia,IPCC Agriculture,Emissions (CO2eq) (AR5),kilotonnes,925686.5145,929853.8888,921335.8866,938292.4012,951385.644,979857.5568,1006460.797,1025661.92,1043777.321,1044047.745,1055772.672,1071900.889,1067331.163,1078443.047,1079013.19,1088866.877,1096055.377,1110448.413,1127595.881,1141154.971,1165718.637
Southern Asia,Agricultural Soils,Direct emissions (N2O),kilotonnes,593.3431,602.8488,592.7073,611.2915,630.4799,661.6091,692.6735,708.7026,726.4815,744.1173,761.4,778.0804,766.4348,773.4437,780.2804,790.5738,790.935,808.1116,827.6412,855.9268,892.1336
Southern Asia,Agricultural Soils,Indirect emissions (N2O),kilotonnes,181.404,184.3741,181.3453,186.752,193.0706,202.7989,212.5326,217.0072,222.6831,228.3123,233.442,238.4335,234.3962,236.3943,238.212,241.9953,241.6047,246.6732,252.8289,261.9603,273.4452
Southern Asia,Agricultural Soils,Emissions (N2O),kilotonnes,779.3363,791.8133,778.6351,802.6216,828.1119,868.9646,909.7629,930.2688,953.7214,976.9863,999.4007,1021.0575,1005.3719,1014.3724,1023.0151,1037.0904,1037.045,1059.2874,1084.9724,1122.3772,1170.0661
Southern Asia,Agricultural Soils,Emissions (CO2eq) from N2O (AR5),kilotonnes,206524.1241,209830.5215,206338.2941,212694.7185,219449.6573,230275.6299,241087.1561,246521.2302,252736.167,258901.3793,264841.1795,270580.2338,266423.5447,268808.6764,271098.9906,274828.9662,274816.9347,280711.1567,287517.6777,297429.949,310067.5222
Southern Asia,Agricultural Soils,Emissions (CO2eq) (AR5),kilotonnes,206524.1241,209830.5215,206338.2941,212694.7185,219449.6573,230275.6299,241087.1561,246521.2302,252736.167,258901.3793,264841.1795,270580.2338,266423.5447,268808.6764,271098.9906,274828.9662,274816.9347,280711.1567,287517.6777,297429.949,310067.5222
Southern Asia,LULUCF,Emissions (CH4),kilotonnes,67.3656,39.5767,19.8397,90.8611,124.4389,80.511,85.0518,118.686,81.8236,228.4412,187.5005,93.4398,213.7543,138.1695,119.1266,73.3477,144.746,156.423,126.3729,97.3784,43.128
Southern Asia,LULUCF,Emissions (N2O),kilotonnes,2.0274,3.6135,1.8115,8.296,11.3618,7.351,7.7656,10.8366,7.4709,20.8577,17.1196,8.5315,19.5167,12.6155,10.8768,6.697,13.2159,14.2821,11.5384,8.8911,3.9378
Southern Asia,LULUCF,Emissions (CO2),kilotonnes,-223362.4599,-24092.1529,-24139.3077,-24159.1036,-24255.4745,-24274.8702,-24269.5859,-24248.7451,-24260.7118,-24258.8964,-24247.6118,-41557.0878,-41573.1293,-41617.7474,-41694.6485,-41702.4764,-8011.0497,-8017.1802,-8017.0154,-8042.8978,-8053.0941
Southern Asia,LULUCF,Emissions (CO2eq) from CH4 (AR5),kilotonnes,1886.2355,1108.1489,555.512,2544.1097,3484.2882,2254.3086,2381.4492,3323.2087,2291.0621,6396.3525,5250.0139,2616.315,5985.1191,3868.7456,3335.5442,2053.7347,4052.8892,4379.8445,3538.4409,2726.5953,1207.5831
Southern Asia,LULUCF,Emissions (CO2eq) from N2O (AR5),kilotonnes,537.2613,957.5852,480.0348,2198.4427,3010.8795,1948.0166,2057.8828,2871.6858,1979.7765,5527.2828,4536.6968,2260.8374,5171.9236,3343.1008,2882.3453,1774.6947,3502.2249,3784.757,3057.6745,2356.1339,1043.5093
Southern Asia,LULUCF,Emissions (CO2eq) (AR5),kilotonnes,-220938.9632,-22026.4188,-23103.7609,-19416.5512,-17760.3068,-20072.545,-19830.254,-18053.8506,-19989.8732,-12335.2611,-14460.9011,-36679.9354,-30416.0866,-34405.901,-35476.7589,-37874.047,-455.9357,147.4213,-1420.9,-2960.1686,-5802.0017
Southern Asia,AFOLU,Emissions (CH4),kilotonnes,25532.8529,25535.0935,25334.5383,25776.9727,26027.4835,26612.4138,27174.5081,27693.6101,28078.7774,28007.09,28173.6928,28448.9864,28549.051,28788.6663,28707.7948,28879.4133,29194.6531,29505.3562,29839.7303,29937.5269,30305.2973
Southern Asia,AFOLU,Emissions (N2O),kilotonnes,804.4911,818.6302,803.79,835.0178,864.5708,901.5558,943.4487,967.682,988.0845,1025.558,1044.1358,1057.3827,1053.2633,1054.9896,1061.9352,1071.9688,1079.8498,1103.6341,1127.0926,1162.2149,1205.3638
Southern Asia,AFOLU,Emissions (CO2),kilotonnes,-223362.4599,-24092.1529,-24139.3077,-24159.1036,-24255.4745,-24274.8702,-24269.5859,-24248.7451,-24260.7118,-24258.8964,-24247.6118,-41557.0878,-41573.1293,-41617.7474,-41694.6485,-41702.4764,-8011.0497,-8017.1802,-8017.0154,-8042.8978,-8053.0941
Southern Asia,AFOLU,Emissions (CO2eq) from CH4 (AR5),kilotonnes,714919.8813,714982.6192,709367.073,721755.2366,728769.5392,745147.5864,760886.2276,775421.0826,786205.7668,784198.5196,788863.3975,796571.619,799373.427,806082.6575,803818.2546,808623.5725,817450.2875,826149.9723,835512.4489,838250.7529,848548.3239
Southern Asia,AFOLU,Emissions (CO2eq) from N2O (AR5),kilotonnes,213190.13,216937.0038,213004.3605,221279.717,229111.2725,238912.2956,250013.9011,256435.7315,261842.3923,271772.8605,276695.9857,280206.4219,279114.7789,279572.2358,281412.8244,284071.7339,286160.2036,292463.0417,298679.547,307986.9476,319421.4058
Southern Asia,AFOLU,Emissions (CO2eq) (AR5),kilotonnes,704747.5514,907827.4701,898232.1258,918875.85,933625.3372,959785.0118,986630.5428,1007608.069,1023787.447,1031712.484,1041311.771,1035220.953,1036915.077,1044037.146,1043536.431,1050992.83,1095599.441,1110595.834,1126174.981,1138194.803,1159916.636
Southern Asia,All sectors with LULUCF,Emissions (CH4),kilotonnes,41578.4197,41548.9295,41757.8771,43513.6836,44094.4213,45279.0187,46379.0032,47128.6278,48046.5309,48789.3772,49524.3011,50087.8488,49930.7217,49249.2361,49795.8022,50299.7917,51790.1011,52741.5991,53466.2218,53494.279,54194.7699
Southern Asia,All sectors with LULUCF,Emissions (N2O),kilotonnes,992.595,1009.43,998.3582,1032.8955,1107.5168,1137.9158,1180.2973,1231.7687,1232.9035,1269.0518,1290.9227,1314.6188,1319.8299,1324.2983,1339.7066,1351.1824,1365.236,1402.803,1433.898,1472.8553,1523.7861
Southern Asia,All sectors with LULUCF,Emissions (CO2),kilotonnes,1383074.85,1621083.897,1646321.812,1723045.066,1834260.186,1930574.89,2063739.624,2181679.465,2336705.538,2531507.364,2576226.638,2690117.612,2892823.101,2914419.603,3178771.302,3296217.424,3440761.59,3608417.26,3792255.865,3861837.532,3682570.616
Southern Asia,All sectors with LULUCF,Emissions (CO2eq) from F-gases (AR5),kilotonnes,14940.7267,15001.9473,15022.3541,18447.789,22162.8068,15932.8881,15869.7241,23333.771,21183.2782,22661.3169,24400.7576,25712.6263,27063.3651,28404.3865,29852.3008,31212.7572,32563.4961,33039.6558,34196.0438,35352.4317,36518.5372
Southern Asia,All sectors with LULUCF,Emissions (CO2eq) from CH4 (AR5),kilotonnes,1164195.752,1163370.027,1169220.559,1218383.142,1234643.798,1267812.524,1298612.09,1319601.578,1345302.865,1366102.562,1386680.431,1402459.768,1398060.209,1378978.612,1394282.462,1408394.169,1450122.83,1476764.776,1497054.211,1497839.813,1517453.558
Southern Asia,All sectors with LULUCF,Emissions (CO2eq) from N2O (AR5),kilotonnes,263037.6734,267498.944,264564.9207,273717.3205,293491.9404,301547.6808,312778.7938,326418.7171,326719.4339,336298.7366,342094.5245,348373.9714,349754.9207,350939.0495,355022.2366,358063.3228,361787.5384,371742.7986,379982.9568,390306.6427,403803.3142
Southern Asia,All sectors with LULUCF,Emissions (CO2eq) (AR5),kilotonnes,2825249.002,3066954.816,3095129.647,3233593.318,3384558.73,3515867.982,3691000.232,3851033.531,4029911.115,4256569.979,4329402.351,4466663.978,4667701.595,4672741.651,4957928.301,5093887.672,5285235.455,5489964.49,5703489.076,5785336.419,5640346.025
Southern Asia,All sectors without LULUCF,Emissions (CH4),kilotonnes,41511.0542,41509.3528,41738.0374,43422.8226,43969.9825,45198.5077,46293.9515,47009.9418,47964.7072,48560.936,49336.8006,49994.409,49716.9675,49111.0667,49676.6756,50226.4441,51645.355,52585.1761,53339.8489,53396.9006,54151.642
Southern Asia,All sectors without LULUCF,Emissions (N2O),kilotonnes,990.5676,1005.8164,996.5467,1024.5995,1096.1549,1130.5648,1172.5317,1220.9322,1225.4327,1248.1942,1273.8031,1306.0873,1300.3132,1311.6828,1328.8298,1344.4854,1352.0201,1388.5209,1422.3596,1463.9642,1519.8483
Southern Asia,All sectors without LULUCF,Emissions (CO2),kilotonnes,1606437.31,1645176.05,1670461.12,1747204.17,1858515.66,1954849.76,2088009.21,2205928.21,2360966.25,2555766.26,2600474.25,2731674.7,2934396.23,2956037.35,3220465.95,3337919.9,3448772.64,3616434.44,3800272.88,3869880.43,3690623.71
Southern Asia,All sectors without LULUCF,Emissions (CO2eq) from F-gases (AR5),kilotonnes,14940.7267,15001.9473,15022.3541,18447.789,22162.8068,15932.8881,15869.7241,23333.771,21183.2782,22661.3169,24400.7576,25712.6263,27063.3651,28404.3865,29852.3008,31212.7572,32563.4961,33039.6558,34196.0438,35352.4317,36518.5372
Southern Asia,All sectors without LULUCF,Emissions (CO2eq) from CH4 (AR5),kilotonnes,1162309.516,1162261.878,1168665.047,1215839.032,1231159.509,1265558.215,1296230.641,1316278.37,1343011.803,1359706.209,1381430.417,1399843.453,1392075.09,1375109.866,1390946.918,1406340.434,1446069.941,1472384.931,1493515.77,1495113.217,1516245.975
Southern Asia,All sectors without LULUCF,Emissions (CO2eq) from N2O (AR5),kilotonnes,262500.4122,266541.3588,264084.8858,271518.8779,290481.0609,299599.6642,310720.911,323547.0313,324739.6574,330771.4537,337557.8277,346113.134,344582.9972,347595.9487,352139.8913,356288.6281,358285.3135,367958.0417,376925.2824,387950.5088,402759.805
Southern Asia,All sectors without LULUCF,Emissions (CO2eq) (AR5),kilotonnes,3046187.965,3088981.234,3118233.407,3253009.869,3402319.037,3535940.527,3710830.486,3869087.382,4049900.988,4268905.24,4343863.252,4503343.913,4698117.682,4707147.551,4993405.06,5131761.719,5285691.391,5489817.069,5704909.976,5788296.588,5646148.027
South-eastern Asia,Crop Residues,Direct emissions (N2O),kilotonnes,35.6514,35.9204,36.1153,37.273,38.2509,39.5905,40.2848,41.416,43.2063,44.0012,44.8359,45.0166,45.5889,45.4872,44.6306,43.9824,43.7818,45.2276,46.2782,43.2292,43.3977
South-eastern Asia,Crop Residues,Indirect emissions (N2O),kilotonnes,8.0216,8.0821,8.1259,8.3864,8.6064,8.9079,9.0641,9.3186,9.7214,9.9003,10.0881,10.1287,10.2575,10.2346,10.0419,9.896,9.8509,10.1762,10.4126,9.7266,9.7645
South-eastern Asia,Crop Residues,Emissions (N2O),kilotonnes,43.673,44.0025,44.2412,45.6595,46.8573,48.4983,49.3489,50.7346,52.9277,53.9015,54.924,55.1454,55.8465,55.7218,54.6725,53.8784,53.6327,55.4038,56.6909,52.9558,53.1622
South-eastern Asia,Crop Residues,Emissions (CO2eq) from N2O (AR5),kilotonnes,11573.3431,11660.6733,11723.9236,12099.7578,12417.1939,12852.0522,13077.4661,13444.6613,14025.8367,14283.9055,14554.8703,14613.5222,14799.312,14766.2881,14488.2143,14277.7835,14212.6594,14682.008,15023.0758,14033.2851,14087.981
South-eastern Asia,Crop Residues,Emissions (CO2eq) (AR5),kilotonnes,11573.3431,11660.6733,11723.9236,12099.7578,12417.1939,12852.0522,13077.4661,13444.6613,14025.8367,14283.9055,14554.8703,14613.5222,14799.312,14766.2881,14488.2143,14277.7835,14212.6594,14682.008,15023.0758,14033.2851,14087.981
South-eastern Asia,Rice Cultivation,Emissions (CH4),kilotonnes,8261.6099,8246.3835,8167.7717,8282.0169,8410.1497,8527.0777,8655.541,8745.6111,8861.9153,8988.2715,9080.6336,9102.6414,9087.337,9074.2053,8827.4947,8619.1726,8573.1988,8760.923,8855.5134,8448.3537,8467.4551
South-eastern Asia,Rice Cultivation,Emissions (CO2eq) from CH4 (AR5),kilotonnes,231325.0783,230898.7377,228697.6073,231896.4726,235484.1912,238758.1766,242355.1469,244877.111,248133.6272,251671.6009,254257.7396,254873.959,254445.4347,254077.7483,247169.8527,241336.8325,240049.5678,245305.8431,247954.3745,236553.9032,237088.7438
South-eastern Asia,Rice Cultivation,Emissions (CO2eq) (AR5),kilotonnes,231325.0783,230898.7377,228697.6073,231896.4726,235484.1912,238758.1766,242355.1469,244877.111,248133.6272,251671.6009,254257.7396,254873.959,254445.4347,254077.7483,247169.8527,241336.8325,240049.5678,245305.8431,247954.3745,236553.9032,237088.7438
South-eastern Asia,Burning - Crop residues,Emissions (CH4),kilotonnes,90.3004,89.7077,88.6306,90.942,92.3136,94.0808,94.6797,96.871,100.1807,100.8743,101.7507,101.4768,101.8521,101.4375,99.41,97.3535,98.8276,102.9975,104.7663,96.7884,96.631
South-eastern Asia,Burning - Crop residues,Emissions (N2O),kilotonnes,2.3411,2.3258,2.2978,2.3578,2.3933,2.4391,2.4547,2.5115,2.5973,2.6153,2.638,2.6309,2.6406,2.6299,2.5773,2.524,2.5622,2.6703,2.7162,2.5093,2.5052
South-eastern Asia,Burning - Crop residues,Emissions (CO2eq) from CH4 (AR5),kilotonnes,2528.4115,2511.8157,2481.6579,2546.3773,2584.7795,2634.262,2651.0311,2712.3877,2805.0589,2824.4799,2849.019,2841.3494,2851.8599,2840.2498,2783.4786,2725.8991,2767.1732,2883.9299,2933.456,2710.0757,2705.6688
South-eastern Asia,Burning - Crop residues,Emissions (CO2eq) from N2O (AR5),kilotonnes,620.3973,616.3252,608.9253,624.8055,634.2283,646.3698,650.4845,665.5396,688.2783,693.0437,699.0648,697.183,699.7619,696.9132,682.9832,668.8549,678.9823,707.631,719.7832,664.9723,663.891
South-eastern Asia,Burning - Crop residues,Emissions (CO2eq) (AR5),kilotonnes,3148.8088,3128.1409,3090.5832,3171.1828,3219.0078,3280.6318,3301.5156,3377.9273,3493.3372,3517.5236,3548.0838,3538.5324,3551.6218,3537.163,3466.4618,3394.754,3446.1555,3591.5609,3653.2391,3375.048,3369.5598
South-eastern Asia,Enteric Fermentation,Emissions (CH4),kilotonnes,2852.5675,2850.6443,2915.4182,2944.9391,3014.6385,3079.5088,3188.9642,3303.6596,3346.6393,3389.3508,3434.8109,3407.8109,3466.6771,3300.3313,3426.493,3524.9885,3605.3194,3703.132,3702.2274,3778.8162,3848.4451
South-eastern Asia,Enteric Fermentation,Emissions (CO2eq) from CH4 (AR5),kilotonnes,79871.8911,79818.0391,81631.7106,82458.2937,84409.8789,86226.2464,89290.9982,92502.4701,93705.8997,94901.8225,96174.7062,95418.7055,97066.9574,92409.2771,95941.8047,98699.6783,100948.9443,103687.6953,103662.3662,105806.853,107756.462
South-eastern Asia,Enteric Fermentation,Emissions (CO2eq) (AR5),kilotonnes,79871.8911,79818.0391,81631.7106,82458.2937,84409.8789,86226.2464,89290.9982,92502.4701,93705.8997,94901.8225,96174.7062,95418.7055,97066.9574,92409.2771,95941.8047,98699.6783,100948.9443,103687.6953,103662.3662,105806.853,107756.462
South-eastern Asia,Manure Management,Emissions (CH4),kilotonnes,462.441,481.9736,509.0119,531.8453,544.8243,562.3764,570.3706,601.1186,607.1533,626.534,636.6895,627.9453,655.4978,656.4398,677.8596,712.0262,737.5789,778.1679,790.4567,760.906,766.4912
South-eastern Asia,Manure Management,Emissions (N2O),kilotonnes,42.4375,42.9207,44.5538,45.1492,46.0345,47.0109,48.7373,50.208,50.7324,51.6027,52.2139,52.674,53.0495,51.0037,52.9192,54.1973,55.8099,59.5193,59.9189,60.4028,61.3902
South-eastern Asia,Manure Management,Emissions (CO2eq) from CH4 (AR5),kilotonnes,12948.3486,13495.2594,14252.3339,14891.6676,15255.0811,15746.5392,15970.3758,16831.3202,17000.292,17542.9521,17827.3057,17582.4691,18353.939,18380.3138,18980.0698,19936.7329,20652.2091,21788.7019,22132.7875,21305.3686,21461.7541
South-eastern Asia,Manure Management,Emissions (CO2eq) from N2O (AR5),kilotonnes,11245.9268,11373.9755,11806.7674,11964.5408,12199.1501,12457.8864,12915.3813,13305.1227,13444.0784,13674.7057,13836.6794,13958.6115,14058.1271,13515.968,14023.5926,14362.2921,14789.6262,15772.6228,15878.5156,16006.7537,16268.4071
South-eastern Asia,Manure Management,Emissions (CO2eq) (AR5),kilotonnes,24194.2754,24869.2349,26059.1013,26856.2083,27454.2313,28204.4256,28885.757,30136.4428,30444.3704,31217.6578,31663.9852,31541.0806,32412.0661,31896.2817,33003.6624,34299.025,35441.8352,37561.3248,38011.3031,37312.1222,37730.1613
South-eastern Asia,Manure left on Pasture,Direct emissions (N2O),kilotonnes,51.5599,52.4318,55.1374,55.6161,56.1329,57.1647,58.7308,61.067,61.955,63.823,64.5824,66.4309,67.8885,66.934,69.5361,71.706,73.2643,82.882,84.3182,86.3175,86.8489
South-eastern Asia,Manure left on Pasture,Indirect emissions (N2O),kilotonnes,12.365,12.5484,13.1474,13.2756,13.4242,13.7264,14.0022,14.5847,14.8131,15.3047,15.5158,15.9746,16.4169,16.3179,16.9613,17.5278,17.8114,19.9983,20.3833,20.8822,21.0078
South-eastern Asia,Manure left on Pasture,Emissions (N2O),kilotonnes,63.9249,64.9802,68.2848,68.8917,69.5571,70.8911,72.733,75.6517,76.7682,79.1278,80.0982,82.4055,84.3053,83.2518,86.4975,89.2338,91.0757,102.8803,104.7014,107.1997,107.8568
South-eastern Asia,Manure left on Pasture,Emissions (CO2eq) from N2O (AR5),kilotonnes,16940.1006,17219.7513,18095.4735,18256.3013,18432.6369,18786.134,19274.2578,20047.7027,20343.5604,20968.8612,21226.016,21837.4483,22340.916,22061.7369,22921.833,23646.9535,24135.0657,27263.2708,27745.8779,28407.9325,28582.0451
South-eastern Asia,Manure left on Pasture,Emissions (CO2eq) (AR5),kilotonnes,16940.1006,17219.7513,18095.4735,18256.3013,18432.6369,18786.134,19274.2578,20047.7027,20343.5604,20968.8612,21226.016,21837.4483,22340.916,22061.7369,22921.833,23646.9535,24135.0657,27263.2708,27745.8779,28407.9325,28582.0451
South-eastern Asia,Manure applied to Soils,Direct emissions (N2O),kilotonnes,20.1824,20.9083,22.4293,22.7721,22.8547,23.2112,23.8935,25.0834,25.4709,26.441,26.7443,27.6279,28.4914,28.4672,29.5757,30.7391,31.6593,36.9335,37.7494,38.186,38.2143
South-eastern Asia,Manure applied to Soils,Indirect emissions (N2O),kilotonnes,8.5775,8.886,9.5324,9.6781,9.7133,9.8648,10.1547,10.6605,10.8251,11.2374,11.3663,11.7419,12.1088,12.0985,12.5697,13.0641,13.4552,15.6967,16.0435,16.2291,16.2411
South-eastern Asia,Manure applied to Soils,Emissions (N2O),kilotonnes,28.7599,29.7943,31.9617,32.4502,32.568,33.0759,34.0483,35.7439,36.296,37.6784,38.1106,39.3698,40.6002,40.5657,42.1454,43.8032,45.1145,52.6303,53.7929,54.4151,54.4553
South-eastern Asia,Manure applied to Soils,Emissions (CO2eq) from N2O (AR5),kilotonnes,7621.3737,7895.4917,8469.8495,8599.303,8630.5138,8765.1206,9022.7901,9472.1331,9618.4475,9984.7863,10099.2997,10433.0039,10759.059,10749.909,11168.5245,11607.8502,11955.3367,13947.0199,14255.1265,14419.9987,14430.66
South-eastern Asia,Manure applied to Soils,Emissions (CO2eq) (AR5),kilotonnes,7621.3737,7895.4917,8469.8495,8599.303,8630.5138,8765.1206,9022.7901,9472.1331,9618.4475,9984.7863,10099.2997,10433.0039,10759.059,10749.909,11168.5245,11607.8502,11955.3367,13947.0199,14255.1265,14419.9987,14430.66
South-eastern Asia,Synthetic Fertilizers,Direct emissions (N2O),kilotonnes,81.9997,77.1113,80.0847,90.9606,96.1687,91.7737,89.559,97.1178,91.573,109.6324,109.0122,108.2689,112.0369,116.0113,114.9422,110.6831,115.5858,123.3839,121.9702,113.8924,132.8843
South-eastern Asia,Synthetic Fertilizers,Indirect emissions (N2O),kilotonnes,26.6499,25.0612,26.0275,29.5622,31.2548,29.8264,29.1067,31.5633,29.7612,35.6305,35.429,35.1874,36.412,37.7037,37.3562,35.972,37.5654,40.0998,39.6403,37.015,43.1874
South-eastern Asia,Synthetic Fertilizers,Emissions (N2O),kilotonnes,108.6496,102.1724,106.1123,120.5228,127.4235,121.6001,118.6657,128.6811,121.3342,145.263,144.4411,143.4563,148.4489,153.715,152.2984,146.6551,153.1512,163.4836,161.6106,150.9074,176.0717
South-eastern Asia,Synthetic Fertilizers,Emissions (CO2eq) from N2O (AR5),kilotonnes,28792.1572,27075.6957,28119.7491,31938.5431,33767.2291,32224.0331,31446.4206,34100.4797,32153.556,38494.6851,38276.8987,38015.9183,39338.9456,40734.4658,40359.0648,38863.5934,40585.0742,43323.1656,42826.7989,39990.472,46658.9906
South-eastern Asia,Synthetic Fertilizers,Emissions (CO2eq) (AR5),kilotonnes,28792.1572,27075.6957,28119.7491,31938.5431,33767.2291,32224.0331,31446.4206,34100.4797,32153.556,38494.6851,38276.8987,38015.9183,39338.9456,40734.4658,40359.0648,38863.5934,40585.0742,43323.1656,42826.7989,39990.472,46658.9906
South-eastern Asia,Drained organic soils,Emissions (CO2eq) (AR5),kilotonnes,242920.0085,242846.9782,244705.3248,247438.6918,249405.6599,254604.6995,260694.6543,267694.4701,272834.0848,276283.3514,281409.5768,285541.3194,288852.1673,290379.8619,293956.5908,293867.0743,297532.3166,298713.3079,300493.6501,302388.0043,304251.0472
South-eastern Asia,Drained organic soils (CO2),Emissions (CO2),kilotonnes,233124.9466,233056.2953,234840.7635,237464.7905,239352.9711,244344.8686,250193.3314,256916.6823,261853.7535,265167.7257,270091.2629,274058.1714,277238.2748,278705.6316,282141.3719,282055.3933,285575.4091,286709.5421,288419.2055,290238.7827,292028.384
South-eastern Asia,Drained organic soils (CO2),Emissions (CO2eq) (AR5),kilotonnes,233124.9466,233056.2953,234840.7635,237464.7905,239352.9711,244344.8686,250193.3314,256916.6823,261853.7535,265167.7257,270091.2629,274058.1714,277238.2748,278705.6316,282141.3719,282055.3933,285575.4091,286709.5421,288419.2055,290238.7827,292028.384
South-eastern Asia,Drained organic soils (N2O),Emissions (N2O),kilotonnes,36.9625,36.946,37.2248,37.6374,37.9347,38.7163,39.6276,40.6709,41.4352,41.9458,42.7106,43.3326,43.826,44.0537,44.5857,44.5724,45.1204,45.2972,45.5639,45.8461,46.1233
South-eastern Asia,Drained organic soils (N2O),Emissions (CO2eq) from N2O (AR5),kilotonnes,9795.0619,9790.6829,9864.5613,9973.9013,10052.6888,10259.831,10501.3229,10777.7878,10980.3313,11115.6257,11318.314,11483.148,11613.8924,11674.2303,11815.2189,11811.681,11956.9075,12003.7658,12074.4446,12149.2216,12222.6632
South-eastern Asia,Drained organic soils (N2O),Emissions (CO2eq) (AR5),kilotonnes,9795.0619,9790.6829,9864.5613,9973.9013,10052.6888,10259.831,10501.3229,10777.7878,10980.3313,11115.6257,11318.314,11483.148,11613.8924,11674.2303,11815.2189,11811.681,11956.9075,12003.7658,12074.4446,12149.2216,12222.6632
South-eastern Asia,On-farm energy use,Emissions (CH4),kilotonnes,3.1746,3.0456,3.0172,3.3645,3.8914,3.688,4.0257,4.0111,3.5838,3.6497,3.2774,3.9871,3.9666,3.375,3.099,3.2384,3.0577,3.1033,3.8112,3.9536,3.9536
South-eastern Asia,On-farm energy use,Emissions (N2O),kilotonnes,6.6633,6.6443,7.0197,8.1679,9.1415,8.2881,8.1882,8.7753,8.342,5.5624,6.7954,9.7085,9.8246,7.4793,7.4304,7.0122,5.9422,6.1097,7.3614,7.3476,7.3476
South-eastern Asia,On-farm energy use,Emissions (CO2),kilotonnes,19330.5724,19326.8717,20299.66,24460.0216,27326.6827,24725.9493,24795.8053,25788.0848,24345.8552,17267.8959,20192.2033,28061.0789,28584.1269,22281.5532,21547.4443,20514.3621,17785.8359,18169.1905,21831.3565,21888.139,21888.139
South-eastern Asia,On-farm energy use,Emissions (CO2eq) from CH4 (AR5),kilotonnes,88.8879,85.2775,84.4814,94.2073,108.9594,103.2631,112.7196,112.3101,100.3461,102.1929,91.7673,111.639,111.0647,94.5,86.7732,90.675,85.6143,86.893,106.7127,110.7005,110.7005
South-eastern Asia,On-farm energy use,Emissions (CO2eq) from N2O (AR5),kilotonnes,1765.7768,1760.7454,1860.2181,2164.4832,2422.4899,2196.3341,2169.8827,2325.4627,2210.6402,1474.0448,1800.7778,2572.7497,2603.5093,1982.0182,1969.0504,1858.2203,1574.6793,1619.0689,1950.7762,1947.1213,1947.1213
South-eastern Asia,On-farm energy use,Emissions (CO2eq) (AR5),kilotonnes,21185.2371,21172.8946,22244.3595,26718.7122,29858.1321,27025.5465,27078.4076,28225.8576,26656.8415,18844.1336,22084.7484,30745.4677,31298.7009,24358.0714,23603.2679,22463.2574,19446.1295,19875.1523,23888.8453,23945.9608,23945.9608
South-eastern Asia,Forestland,Emissions (CO2),kilotonnes,-558347.4042,-41306.7101,-41306.7101,-41306.7101,-41306.7101,-41306.7101,-41306.7101,-41306.7101,-41306.7101,-41306.7101,-41306.7101,-268053.7991,-268053.7991,-268053.7991,-268053.7991,-268053.7991,-19425.5308,-19425.5308,-19425.5308,-19425.5308,-19425.5308
South-eastern Asia,Forestland,Emissions (CO2eq) (AR5),kilotonnes,-558347.4042,-41306.7101,-41306.7101,-41306.7101,-41306.7101,-41306.7101,-41306.7101,-41306.7101,-41306.7101,-41306.7101,-41306.7101,-268053.7991,-268053.7991,-268053.7991,-268053.7991,-268053.7991,-19425.5308,-19425.5308,-19425.5308,-19425.5308,-19425.5308
South-eastern Asia,Net Forest conversion,Emissions (CO2),kilotonnes,946993.4752,258754.4217,258754.4217,258754.4217,258754.4217,258754.4217,258754.4217,258754.4217,258754.4217,258754.4217,258754.4217,602853.4267,602853.4267,602853.4267,602853.4267,602853.4267,390655.6781,390655.6781,390655.6781,390655.6781,390655.6781
South-eastern Asia,Net Forest conversion,Emissions (CO2eq) (AR5),kilotonnes,946993.4752,258754.4217,258754.4217,258754.4217,258754.4217,258754.4217,258754.4217,258754.4217,258754.4217,258754.4217,258754.4217,602853.4267,602853.4267,602853.4267,602853.4267,602853.4267,390655.6781,390655.6781,390655.6781,390655.6781,390655.6781
South-eastern Asia,Savanna fires,Emissions (CH4),kilotonnes,39.7919,34.5844,64.2818,55.8876,96.8935,61.1179,78.3175,81.7436,50.3503,81.0845,77.3669,58.3516,68.6882,59.4924,76.1848,83.6185,54.9393,53.3123,45.5794,70.5126,59.6073
South-eastern Asia,Savanna fires,Emissions (N2O),kilotonnes,3.6332,3.1577,5.8692,5.1028,8.8468,5.5803,7.1507,7.4635,4.5972,7.4034,7.0639,5.3278,6.2715,5.4319,6.956,7.6347,5.0162,4.8676,4.1616,6.4381,5.4424
South-eastern Asia,Savanna fires,Emissions (CO2eq) from CH4 (AR5),kilotonnes,1114.1731,968.3644,1799.8896,1564.8516,2713.0189,1711.3012,2192.8889,2288.8203,1409.8085,2270.3659,2166.2731,1633.8444,1923.2702,1665.7866,2133.1735,2341.317,1538.3015,1492.745,1276.2236,1974.3526,1669.0044
South-eastern Asia,Savanna fires,Emissions (CO2eq) from N2O (AR5),kilotonnes,962.7903,836.7932,1555.3394,1352.2359,2344.4022,1478.7874,1894.9421,1977.8393,1218.2585,1961.8923,1871.9425,1411.8547,1661.9563,1439.4569,1843.3402,2023.2033,1329.2932,1289.9264,1102.8237,1706.0982,1442.2375
South-eastern Asia,Savanna fires,Emissions (CO2eq) (AR5),kilotonnes,2076.9634,1805.1576,3355.229,2917.0874,5057.421,3190.0886,4087.831,4266.6597,2628.067,4232.2582,4038.2156,3045.699,3585.2265,3105.2435,3976.5137,4364.5203,2867.5947,2782.6714,2379.0473,3680.4508,3111.242
South-eastern Asia,Fires in organic soils,Emissions (CH4),kilotonnes,361.8687,369.1042,4951.0527,1576.5984,4908.3103,2312.5683,5876.5076,530.6194,355.4285,4052.0869,405.6899,1998.8712,2077.0222,1842.3226,5063.2644,5358.4473,668.6958,238.9072,2002.7688,4152.4222,430.5861
South-eastern Asia,Fires in organic soils,Emissions (CO2),kilotonnes,29628.0003,29906.8838,401414.9503,127790.6861,397875.8129,187593.255,476215.192,42996.7074,28800.5033,328356.4675,32899.0119,161967.1854,168295.5697,149304.3039,410655.3915,434460.0628,54230.1522,19373.925,162321.3715,336624.8133,34939.3596
South-eastern Asia,Fires in organic soils,Emissions (CO2eq) from CH4 (AR5),kilotonnes,10132.3237,10334.9163,138629.4752,44144.7565,137432.6896,64751.9133,164542.2118,14857.3436,9951.9971,113458.4339,11359.3182,55968.3923,58156.6217,51585.0326,141771.4046,150036.5239,18723.4814,6689.4005,56077.5265,116267.8222,12056.4104
South-eastern Asia,Fires in organic soils,Emissions (CO2eq) (AR5),kilotonnes,39760.3241,40241.8001,540044.4255,171935.4426,535308.5025,252345.1683,640757.4037,57854.0509,38752.5004,441814.9014,44258.3301,217935.5777,226452.1914,200889.3365,552426.796,584496.5866,72953.6336,26063.3256,218398.8981,452892.6356,46995.7699
South-eastern Asia,Forest fires,Emissions (CH4),kilotonnes,465.8727,223.7468,340.7772,479.3546,864.3789,479.3132,494.1515,761.4065,357.8722,603.9607,603.7822,359.0611,484.4757,394.4441,540.8774,588.488,396.5088,360.2749,273.055,434.9289,530.1532
South-eastern Asia,Forest fires,Emissions (N2O),kilotonnes,13.7024,20.4291,31.1144,43.7672,78.9216,43.7634,45.1182,69.5197,32.6753,55.1442,55.1279,32.7838,44.2347,36.0145,49.3845,53.7315,36.203,32.8947,24.9311,39.7109,48.4053
South-eastern Asia,Forest fires,Emissions (CO2eq) from CH4 (AR5),kilotonnes,13044.4358,6264.9112,9541.7626,13421.9288,24202.6087,13420.7683,13836.2411,21319.3808,10020.4214,16910.9002,16905.9011,10053.7116,13565.3207,11044.4356,15144.5682,16477.6631,11102.2459,10087.6969,7645.5397,12178.0083,14844.2886
South-eastern Asia,Forest fires,Emissions (CO2eq) from N2O (AR5),kilotonnes,3631.1397,5413.7005,8245.3274,11598.2972,20914.2108,11597.2944,11956.317,18422.7258,8658.9511,14613.2236,14608.9037,8687.7182,11722.2065,9543.833,13086.8823,14238.8502,9593.7886,8717.0859,6606.7436,10523.3876,12827.4016
South-eastern Asia,Forest fires,Emissions (CO2eq) (AR5),kilotonnes,16675.5755,11678.6117,17787.09,25020.226,45116.8194,25018.0627,25792.5581,39742.1066,18679.3725,31524.1238,31514.8048,18741.4299,25287.5272,20588.2686,28231.4506,30716.5133,20696.0345,18804.7827,14252.2833,22701.3959,27671.6902
South-eastern Asia,Fires in humid tropical forests,Emissions (CH4),kilotonnes,291.0459,135.9938,231.3559,321.3216,589.7685,326.6867,343.6982,503.097,256.5286,425.4186,415.3074,260.7018,335.3945,269.9747,408.6503,448.2327,263.878,267.849,210.2275,324.0445,399.0283
South-eastern Asia,Fires in humid tropical forests,Emissions (N2O),kilotonnes,8.5602,12.4168,21.1238,29.3381,53.8484,29.8279,31.3811,45.9349,23.4222,38.8426,37.9194,23.8032,30.623,24.6499,37.3115,40.9256,24.0932,24.4558,19.1947,29.5867,36.433
South-eastern Asia,Fires in humid tropical forests,Emissions (CO2eq) from CH4 (AR5),kilotonnes,8149.2846,3807.8272,6477.9664,8997.0036,16513.5182,9147.2273,9623.5489,14086.7168,7182.8016,11911.7207,11628.6075,7299.6505,9391.0474,7559.2912,11442.2081,12550.5155,7388.5837,7499.7729,5886.3701,9073.2464,11172.7918
South-eastern Asia,Fires in humid tropical forests,Emissions (CO2eq) from N2O (AR5),kilotonnes,2268.4458,3290.4594,5597.8079,7774.5846,14269.8336,7904.3975,8316.0015,12172.7607,6206.8775,10293.2804,10048.6336,6307.8502,8115.0898,6532.2136,9887.5603,10845.2824,6384.7,6480.782,5086.5915,7840.4684,9654.7494
South-eastern Asia,Fires in humid tropical forests,Emissions (CO2eq) (AR5),kilotonnes,10417.7304,7098.2867,12075.7743,16771.5883,30783.3518,17051.6249,17939.5503,26259.4776,13389.6791,22205.0011,21677.2411,13607.5007,17506.1372,14091.5048,21329.7685,23395.7979,13773.2837,13980.5549,10972.9616,16913.7148,20827.5412
South-eastern Asia,Waste - agri-food systems,Emissions (CH4),kilotonnes,3991.2298,4007.8671,4033.1524,4059.1667,4082.8028,4104.0615,4138.1296,4172.0442,4205.4833,4231.4568,4265.9612,4309.6775,4342.2864,4368.2294,4363.2923,4358.241,4374.49,4388.3173,4403.1625,4415.5977,4423.1462
South-eastern Asia,Waste - agri-food systems,Emissions (N2O),kilotonnes,9.9968,10.2164,10.5676,10.8533,11.2534,11.5604,11.9631,12.3983,12.6185,13.1611,13.6851,14.1079,14.494,14.8127,15.1579,15.601,16.03,16.4867,16.67,16.7969,16.9214
South-eastern Asia,Waste - agri-food systems,Emissions (CO2),kilotonnes,3887.7108,3883.9431,3906.2189,3928.8675,3944.8551,3964.1205,3995.3842,4022.4369,4049.8805,4054.4895,4099.8792,4125.3705,4133.2962,4136.3353,4137.2959,4132.7954,4141.8335,4153.2928,4161.1163,4170.7091,4164.2836
South-eastern Asia,Waste - agri-food systems,Emissions (CO2eq) from CH4 (AR5),kilotonnes,111754.4357,112220.2786,112928.2672,113656.6667,114318.4794,114913.7226,115867.6287,116817.2374,117753.5337,118480.7914,119446.9127,120670.9706,121584.0185,122310.4233,122172.1837,122030.749,122485.721,122872.8856,123288.5496,123636.736,123848.0945
South-eastern Asia,Waste - agri-food systems,Emissions (CO2eq) from N2O (AR5),kilotonnes,2649.1476,2707.3429,2800.4098,2876.1156,2982.1504,3063.507,3170.2097,3285.558,3343.9042,3487.6811,3626.5499,3738.6024,3840.9108,3925.3773,4016.8336,4134.2604,4247.9507,4368.9847,4417.5448,4451.178,4484.1804
South-eastern Asia,Waste - agri-food systems,Emissions (CO2eq) (AR5),kilotonnes,118291.2941,118811.5646,119634.8959,120461.6498,121245.4848,121941.3501,123033.2225,124125.2323,125147.3184,126022.962,127173.3418,128534.9435,129558.2256,130372.1359,130326.3133,130297.8047,130875.5053,131395.1632,131867.2107,132258.6231,132496.5585
South-eastern Asia,Fertilizers Manufacturing,Emissions (N2O),kilotonnes,0.6174,0.6208,0.6268,0.6362,0.6164,0.6133,0.6343,0.6104,0.6143,0.6409,0.6127,0.6312,0.6214,0.6037,0.6015,0.572,0.5848,0.5927,0.5815,0.5686,0.5913
South-eastern Asia,Fertilizers Manufacturing,Emissions (CO2),kilotonnes,4377.677,4854.9389,5744.2178,5820.0999,6074.7721,6333.0981,6646.0619,6844.8986,7774.6842,9638.0962,9127.1076,10411.5827,11401.1247,7647.9924,10884.0845,10671.6562,10555.6436,11772.8641,11983.3536,11499.1433,10587.6054
South-eastern Asia,Fertilizers Manufacturing,Emissions (CO2eq) from N2O (AR5),kilotonnes,163.611,164.512,166.102,168.593,163.346,162.5245,168.0895,161.756,162.7895,169.8385,162.3655,167.268,164.671,159.9805,159.3975,151.58,154.972,157.0655,154.0975,150.679,156.7062
South-eastern Asia,Fertilizers Manufacturing,Emissions (CO2eq) (AR5),kilotonnes,4541.288,5019.4509,5910.3198,5988.6929,6238.1181,6495.6226,6814.1514,7006.6546,7937.4737,9807.9347,9289.4731,10578.8507,11565.7957,7807.9729,11043.482,10823.2362,10710.6156,11929.9296,12137.4511,11649.8223,10744.3115
South-eastern Asia,On-farm electricity use,Emissions (CH4),kilotonnes,2.0343,2.1888,4.051,3.3681,2.0982,2.2604,2.7311,4.1162,4.1002,4.4829,4.3226,4.3341,4.984,5.6641,6.5368,7.4472,11.7576,10.1961,11.3648,12.3304,12.3304
South-eastern Asia,On-farm electricity use,Emissions (N2O),kilotonnes,0.0109,0.0117,0.0219,0.018,0.0113,0.0123,0.0149,0.0224,0.0223,0.0244,0.0232,0.0233,0.0266,0.0301,0.0347,0.0395,0.0625,0.0542,0.0605,0.0657,0.0657
South-eastern Asia,On-farm electricity use,Emissions (CO2),kilotonnes,880.732,915.4376,1616.2756,1248.3353,925.8938,1009.7625,1161.1304,1687.3709,1714.783,1821.2202,1905.3763,1856.956,2087.395,2386.0951,2721.559,3064.7168,5207.3526,4041.1314,4450.0913,4795.7977,4795.7977
South-eastern Asia,On-farm electricity use,Emissions (CO2eq) from CH4 (AR5),kilotonnes,56.9604,61.2864,113.428,94.3068,58.7496,63.2912,76.4708,115.2536,114.8056,125.5212,121.0328,121.3548,139.552,158.5948,183.0304,208.5216,329.2128,285.4908,318.2144,345.2512,345.2512
South-eastern Asia,On-farm electricity use,Emissions (CO2eq) from N2O (AR5),kilotonnes,2.8885,3.1005,5.8035,4.77,2.9945,3.2595,3.9485,5.936,5.9095,6.466,6.148,6.1745,7.049,7.9765,9.1955,10.4675,16.5625,14.363,16.0325,17.4105,17.4105
South-eastern Asia,On-farm electricity use,Emissions (CO2eq) (AR5),kilotonnes,940.5809,979.8245,1735.5071,1347.4121,987.6379,1076.3132,1241.5497,1808.5605,1835.4981,1953.2074,2032.5571,1984.4853,2233.996,2552.6664,2913.7849,3283.7059,5553.1279,4340.9852,4784.3382,5158.4594,5158.4594
South-eastern Asia,Food Processing,Emissions (CH4),kilotonnes,0.1192,0.1159,0.105,0.1036,0.1782,0.1572,0.1346,16.6884,17.9036,16.0449,11.7622,31.6884,30.9025,31.9711,36.6007,38.2889,40.6634,41.3395,43.3788,41.878,42.3199
South-eastern Asia,Food Processing,Emissions (N2O),kilotonnes,0.0198,0.0195,0.0176,0.0172,0.0289,0.0254,0.0222,0.0766,0.0819,0.0837,0.0817,0.2088,0.2274,0.2525,0.2565,0.2623,0.2748,0.275,0.2621,0.2664,0.276
South-eastern Asia,Food Processing,Emissions (CO2),kilotonnes,3554.7449,3433.4626,3016.6067,3024.3699,5068.6106,4354.136,3822.4275,10752.4523,11581.3386,12005.469,10209.6046,21954.7713,24783.1261,28496.7201,28322.4613,27535.2128,28968.1369,28019.817,26335.0484,26730.6499,24985.3046
South-eastern Asia,Food Processing,Emissions (CO2eq) from CH4 (AR5),kilotonnes,3.3376,3.2452,2.94,2.9008,4.9896,4.4016,3.7688,467.2752,501.3008,449.2572,329.3416,887.2752,865.27,895.1908,1024.8196,1072.0892,1138.5752,1157.506,1214.6064,1172.584,1184.9578
South-eastern Asia,Food Processing,Emissions (CO2eq) from N2O (AR5),kilotonnes,5.247,5.1675,4.664,4.558,7.6585,6.731,5.883,20.299,21.7035,22.1805,21.6505,55.332,60.261,66.9125,67.9725,69.5095,72.822,72.875,69.4565,70.596,73.1333
South-eastern Asia,Food Processing,Emissions (CO2eq) (AR5),kilotonnes,3563.3295,3441.8753,3024.2107,3031.8287,5081.2587,4365.2686,3832.0793,11240.0265,12104.3429,12476.9067,10560.5967,22897.3785,25708.6571,29458.8234,29415.2534,28676.8115,30179.5341,29250.198,27619.1113,27973.8299,26243.3957
South-eastern Asia,Food Packaging,Emissions (CH4),kilotonnes,1.2052,1.2243,1.2606,1.3469,1.4208,1.4855,1.5462,1.5512,1.6718,2.2017,2.2455,2.1249,3.2148,2.7772,8.8661,8.9608,9.4668,10.0659,10.3742,7.166,7.4665
South-eastern Asia,Food Packaging,Emissions (N2O),kilotonnes,0.0142,0.0144,0.0135,0.014,0.0158,0.0156,0.0153,0.0151,0.0188,0.026,0.0294,0.0309,0.0377,0.0297,0.0565,0.0563,0.0614,0.0648,0.0763,0.0546,0.0578
South-eastern Asia,Food Packaging,Emissions (CO2),kilotonnes,2403.1489,2485.4092,2369.8965,2418.6929,2621.2943,2595.424,2530.0728,2568.0707,2348.9292,3299.776,3650.6827,3581.5586,4310.4441,3813.5934,6728.903,6852.9855,7340.3223,7720.4863,8523.8178,6536.7456,6050.0779
South-eastern Asia,Food Packaging,Emissions (CO2eq) from CH4 (AR5),kilotonnes,33.7456,34.2804,35.2968,37.7132,39.7824,41.594,43.2936,43.4336,46.8104,61.6476,62.874,59.4972,90.0144,77.7616,248.2508,250.9024,265.0704,281.8452,290.4776,200.648,209.0618
South-eastern Asia,Food Packaging,Emissions (CO2eq) from N2O (AR5),kilotonnes,3.763,3.816,3.5775,3.71,4.187,4.134,4.0545,4.0015,4.982,6.89,7.791,8.1885,9.9905,7.8705,14.9725,14.9195,16.271,17.172,20.2195,14.469,15.3143
South-eastern Asia,Food Packaging,Emissions (CO2eq) (AR5),kilotonnes,2440.6575,2523.5056,2408.7708,2460.1161,2665.2637,2641.152,2577.4209,2615.5058,2400.7216,3368.3136,3721.3477,3649.2443,4410.449,3899.2255,6992.1263,7118.8074,7621.6637,8019.5035,8834.5149,6751.8626,6274.454
South-eastern Asia,Food Retail,Emissions (CH4),kilotonnes,1.9754,2.0012,2.3333,2.4832,2.5454,2.6953,2.6772,9.9735,14.4365,15.4505,16.9072,24.7167,26.4323,26.8057,25.3705,26.8192,28.5773,29.0381,30.7949,29.8401,30.4695
South-eastern Asia,Food Retail,Emissions (N2O),kilotonnes,0.018,0.0185,0.0188,0.0189,0.0197,0.0197,0.0193,0.0596,0.0921,0.1053,0.1043,0.1451,0.1528,0.1538,0.1475,0.1563,0.1668,0.1713,0.1827,0.1779,0.1854
South-eastern Asia,Food Retail,Emissions (CO2),kilotonnes,1575.0791,1627.7813,1614.0773,1627.8523,1764.9838,1763.4465,1685.8642,5883.2021,8560.328,9721.9141,10856.7052,14103.151,14664.051,14957.1146,14565.9862,15362.8357,16524.9771,16883.9272,17921.5328,17493.7949,16296.7811
South-eastern Asia,Food Retail,Emissions (CO2eq) from F-gases (AR5),kilotonnes,764.704,925.2295,1071.209,1244.722,1411.4815,1593.826,1753.832,1914.3575,1939.813,1952.8005,1960.593,1964.749,1968.3855,1970.983,1970.983,1970.983,2124.2355,2164.237,2203.719,2243.7205,2323.5049
South-eastern Asia,Food Retail,Emissions (CO2eq) from CH4 (AR5),kilotonnes,55.3105,56.0326,65.3333,69.5304,71.2709,75.4682,74.9611,279.2583,404.2233,432.6144,473.4014,692.0676,740.1044,750.5596,710.374,750.9376,800.1644,813.0668,862.2572,835.5228,853.1461
South-eastern Asia,Food Retail,Emissions (CO2eq) from N2O (AR5),kilotonnes,4.7633,4.8912,4.9928,5.0175,5.2085,5.2132,5.109,15.7847,24.4002,27.8994,27.6326,38.4515,40.492,40.757,39.0875,41.4195,44.202,45.3945,48.4155,47.1435,49.134
South-eastern Asia,Food Retail,Emissions (CO2eq) (AR5),kilotonnes,2399.8569,2613.9345,2755.6124,2947.1223,3252.9447,3437.9539,3519.7662,8092.6025,10928.7646,12135.2284,13318.3323,16798.4191,17413.0329,17719.4142,17286.4307,18126.1758,19493.579,19906.6255,21035.9245,20620.1817,19522.5661
South-eastern Asia,Food Household Consumption,Emissions (CH4),kilotonnes,29.0954,31.3691,33.1677,35.4076,37.5909,39.7502,41.713,43.9375,46.2005,49.6601,53.9729,56.4045,61.8363,65.5968,69.108,73.7563,78.3653,81.2723,84.989,85.6267,87.7662
South-eastern Asia,Food Household Consumption,Emissions (N2O),kilotonnes,0.205,0.2107,0.2411,0.245,0.2595,0.2692,0.2752,0.287,0.297,0.312,0.3114,0.3172,0.3439,0.3619,0.3807,0.4038,0.4311,0.4471,0.4653,0.4687,0.4894
South-eastern Asia,Food Household Consumption,Emissions (CO2),kilotonnes,24238.4109,24088.1529,24500.0016,25340.8959,26432.9814,27115.4156,27158.191,28532.5975,29095.6344,29761.6978,32940.1307,33200.6134,35707.812,36614.0854,38567.2068,40615.0974,44379.4044,46296.6868,47738.361,48022.9583,44601.143
South-eastern Asia,Food Household Consumption,Emissions (CO2eq) from CH4 (AR5),kilotonnes,814.6712,878.3348,928.6956,991.4128,1052.5452,1113.0056,1167.964,1230.25,1293.614,1390.4828,1511.2412,1579.326,1731.4164,1836.7104,1935.024,2065.1764,2194.2284,2275.6244,2379.692,2397.5476,2457.4536
South-eastern Asia,Food Household Consumption,Emissions (CO2eq) from N2O (AR5),kilotonnes,54.325,55.8355,63.8915,64.925,68.7675,71.338,72.928,76.055,78.705,82.68,82.521,84.058,91.1335,95.9035,100.8855,107.007,114.2415,118.4815,123.3045,124.2055,129.7018
South-eastern Asia,Food Household Consumption,Emissions (CO2eq) (AR5),kilotonnes,25107.4071,25022.3232,25492.5887,26397.2337,27554.2941,28299.7592,28399.083,29838.9025,30467.9534,31234.8606,34533.8929,34863.9974,37530.3619,38546.6993,40603.1163,42787.2808,46687.8743,48690.7927,50241.3575,50544.7114,47188.2983
South-eastern Asia,Food Transport,Emissions (CH4),kilotonnes,4.7329,4.9244,5.1285,5.2992,5.6223,5.6541,5.4131,5.7816,6.1553,6.6911,7.1073,7.6437,8.374,9.3144,9.5068,9.606,9.7854,9.8883,10.1522,10.066,10.3765
South-eastern Asia,Food Transport,Emissions (N2O),kilotonnes,0.3808,0.4058,0.4253,0.4417,0.4681,0.4747,0.4539,0.5084,0.5352,0.5832,0.625,0.6403,0.704,0.7929,0.8131,0.8293,0.8752,0.9087,0.9203,0.8869,0.928
South-eastern Asia,Food Transport,Emissions (CO2),kilotonnes,19619.8516,20627.0595,21499.0446,22345.5811,23659.3096,23637.21,22428.6066,23613.1638,23941.4115,25987.6268,27213.2881,29661.5372,32286.4175,34383.655,35172.363,34518.1421,36841.2981,38502.3319,39213.3985,38268.3516,35576.5571
South-eastern Asia,Food Transport,Emissions (CO2eq) from CH4 (AR5),kilotonnes,132.5212,137.8832,143.598,148.3776,157.4244,158.3148,151.5668,161.8848,172.3484,187.3508,199.0044,214.0236,234.472,260.8032,266.1904,268.968,273.9912,276.8724,284.2616,281.848,290.5421
South-eastern Asia,Food Transport,Emissions (CO2eq) from N2O (AR5),kilotonnes,100.912,107.537,112.7045,117.0505,124.0465,125.7955,120.2835,134.726,141.828,154.548,165.625,169.6795,186.56,210.1185,215.4715,219.7645,231.928,240.8055,243.8795,235.0285,245.9285
South-eastern Asia,Food Transport,Emissions (CO2eq) (AR5),kilotonnes,19853.2848,20872.4797,21755.3471,22611.0092,23940.7805,23921.3203,22700.4569,23909.7746,24255.5879,26329.5256,27577.9175,30045.2403,32707.4495,34854.5767,35654.0249,35006.8746,37347.2173,39020.0098,39741.5396,38785.2281,36113.0277
South-eastern Asia,Energy,Emissions (CH4),kilotonnes,6274.178,6398.661,6452.946,6836.93,7142.2,7504.1,7961.9,8099.3,8371.5,8792.2,8941.3,9265,10298.9,10711.6,11022.1,10672.7,10744.6,11187.3,11623.8,11930.8,12411.3
South-eastern Asia,Energy,Emissions (N2O),kilotonnes,30.2615,30.9529,31.6265,32.75,34.2603,34.0884,34.1515,42.5202,42.3318,42.2002,42.977,46.5271,49.9981,51.7113,53.996,55.3672,54.9456,56.223,57.5365,60.0484,62.8606
South-eastern Asia,Energy,Emissions (CO2),kilotonnes,713068,763258,784265,836750,905296,905704,918650,971600,1054007,1132802,1128325,1193759,1244418,1174546,1205710,1345700,1405712,1390711,1491288,1590015,1479142
South-eastern Asia,Energy,Emissions (CO2eq) from CH4 (AR5),kilotonnes,175676.984,179162.508,180682.488,191434.04,199981.6,210114.8,222933.2,226780.4,234402,246181.6,250356.4,259420,288369.2,299924.8,308618.8,298835.6,300848.8,313244.4,325466.4,334062.4,347516.4
South-eastern Asia,Energy,Emissions (CO2eq) from N2O (AR5),kilotonnes,8019.2975,8202.5158,8381.0145,8678.7606,9078.9795,9033.4181,9050.1475,11267.853,11217.927,11183.053,11388.905,12329.6815,13249.4965,13703.4945,14308.94,14672.308,14560.584,14899.095,15247.1725,15912.826,16658.059
South-eastern Asia,Energy,Emissions (CO2eq) (AR5),kilotonnes,896764.2815,950623.0238,973328.5025,1036862.801,1114356.58,1124852.218,1150633.348,1209648.253,1299626.927,1390166.653,1390070.305,1465508.682,1546036.697,1488174.295,1528637.74,1659207.908,1721121.384,1718854.495,1832001.573,1939990.226,1843316.459
South-eastern Asia,IPPU,Emissions (CH4),kilotonnes,4.5372,5.1579,5.9726,6.2403,6.0587,6.345,6.5384,7.1598,7.6311,8.6975,9.9209,10.7602,10.9906,11.071,10.6613,11.3517,11.872,12.9224,12.6128,13.8831,14.2995
South-eastern Asia,IPPU,Emissions (N2O),kilotonnes,30.7518,32.5768,5.4909,6.6665,6.7983,6.3883,6.7296,6.7828,6.1877,6.2604,8.6088,8.1188,5.5489,5.5489,5.5489,5.5489,5.5489,5.5389,5.619,6.1133,6.3773
South-eastern Asia,IPPU,Emissions (CO2),kilotonnes,78379.9,83259.39,94087.44,95392.28,99235.52,105974.04,107770.71,112038.65,113673.99,115976.42,121769.13,130028.28,137871.48,146813.74,153907.93,155865.05,172990.74,182991.55,196601.75,203872.17,204692.49
South-eastern Asia,IPPU,Emissions (CO2eq) from F-gases (AR5),kilotonnes,7172.5206,7610.7819,8178.2866,8866.2888,9343.4203,9798.2015,10690.2722,11342.3195,12008.9431,11474.4781,11960.3554,11407.427,11809.8306,12689.1713,13110.9128,14118.6223,14659.8896,14620.0477,15076.7724,15522.8077,15972.7301
South-eastern Asia,IPPU,Emissions (CO2eq) from CH4 (AR5),kilotonnes,127.0416,144.4212,167.232,174.7276,169.643,177.6611,183.0755,200.4736,213.6716,243.5294,277.7846,301.285,307.7362,309.9874,298.5158,317.847,332.4154,361.8266,353.1578,388.7262,400.3854
South-eastern Asia,IPPU,Emissions (CO2eq) from N2O (AR5),kilotonnes,8149.2165,8632.8452,1455.0854,1766.6228,1801.5532,1692.9062,1783.3541,1797.4548,1639.7302,1658.9988,2281.328,2151.4814,1470.4468,1470.451,1470.4548,1470.4593,1470.4634,1467.8174,1489.048,1620.0303,1689.9977
South-eastern Asia,IPPU,Emissions (CO2eq) (AR5),kilotonnes,93828.6787,99647.4383,103888.0439,106199.9192,110550.1366,117642.8087,120427.4118,125378.8978,127536.335,129353.4264,136288.5981,143888.4735,151459.4937,161283.3498,168787.8135,171771.9786,189453.5085,199441.2417,213520.7282,221403.7343,222755.6032
South-eastern Asia,Waste,Emissions (CH4),kilotonnes,4151.01,4247.75,4384.33,4489.93,4598.53,4712.45,4804.28,4985.99,5090.58,5186.04,5351.73,5534.71,5671.78,5808,5926.15,6057.27,6165.82,6385.72,6502.79,6633.79,6769.81
South-eastern Asia,Waste,Emissions (N2O),kilotonnes,18.4429,18.7199,18.9964,19.5167,20.1406,20.6992,21.3095,21.965,22.6331,23.3396,24.1082,24.9798,25.7514,26.3676,27.0415,27.9062,28.6701,29.4402,30.1247,30.9752,31.6278
South-eastern Asia,Waste,Emissions (CO2),kilotonnes,324.6495,334.1808,344.0936,353.8892,363.4248,374.31,383.593,393.209,402.653,413.237,424.051,433.737,444.981,482.781,494.581,504.481,516.281,527.415,539.649,550.215,564.548
South-eastern Asia,Waste,Emissions (CO2eq) from CH4 (AR5),kilotonnes,116228.28,118937,122761.24,125718.04,128758.84,131948.6,134519.84,139607.72,142536.24,145209.12,149848.44,154971.88,158809.84,162624,165932.2,169603.56,172642.96,178800.16,182078.12,185746.12,189554.68
South-eastern Asia,Waste,Emissions (CO2eq) from N2O (AR5),kilotonnes,4887.3685,4960.7735,5034.046,5171.9255,5337.259,5485.288,5647.0175,5820.725,5997.7715,6184.994,6388.673,6619.647,6824.121,6987.414,7165.9975,7395.143,7597.5871,7801.6424,7983.0402,8208.4412,8381.3803
South-eastern Asia,Waste,Emissions (CO2eq) (AR5),kilotonnes,121440.298,124231.9543,128139.3796,131243.8547,134459.5238,137808.198,140550.4505,145821.654,148936.6645,151807.351,156661.164,162025.264,166078.942,170094.195,173592.7785,177503.184,180756.8281,187129.2174,190600.8092,194504.7762,198500.6083
South-eastern Asia,Other,Emissions (N2O),kilotonnes,24.6553,25.3152,25.823,26.5735,27.4406,27.5971,27.6845,28.7674,28.906,29.3459,30.2577,31.6214,32.9738,33.8808,35.7345,36.4625,36.9977,38.5708,40.8244,40.1553,41.1567
South-eastern Asia,Other,Emissions (CO2eq) from N2O (AR5),kilotonnes,6533.6624,6708.5253,6843.095,7041.9775,7271.759,7313.2315,7336.3925,7623.361,7660.09,7776.6635,8018.2905,8379.671,8738.057,8978.412,9469.6425,9662.5625,9804.3905,10221.262,10818.466,10641.1545,10906.5255
South-eastern Asia,Other,Emissions (CO2eq) (AR5),kilotonnes,6533.6624,6708.5253,6843.095,7041.9775,7271.759,7313.2315,7336.3925,7623.361,7660.09,7776.6635,8018.2905,8379.671,8738.057,8978.412,9469.6425,9662.5625,9804.3905,10221.262,10818.466,10641.1545,10906.5255
South-eastern Asia,Farm-gate emissions,Emissions (CH4),kilotonnes,11709.8854,11706.3391,11748.1315,11908.9954,12162.711,12327.8496,12591.8986,12833.015,12969.8226,13189.7648,13334.529,13302.2131,13384.0188,13195.2813,13110.5412,13040.3977,13072.9218,13401.636,13502.3543,13159.3305,13242.5833
South-eastern Asia,Farm-gate emissions,Direct emissions (N2O),kilotonnes,189.3934,186.3718,193.7667,206.6218,213.4072,211.74,212.4682,224.6842,222.2051,243.8977,245.1747,247.3444,254.0057,256.8996,258.6846,257.1106,264.2912,288.427,290.3161,281.6252,301.3452
South-eastern Asia,Farm-gate emissions,Indirect emissions (N2O),kilotonnes,55.614,54.5776,56.8333,60.9024,62.9988,62.3255,62.3278,66.127,65.1209,72.073,72.3992,73.0326,75.1952,76.3547,76.9291,76.4599,78.6829,85.971,86.4797,83.8529,90.2008
South-eastern Asia,Farm-gate emissions,Emissions (N2O),kilotonnes,337.045,332.9439,347.5653,365.9391,380.7567,376.1002,380.9545,400.4405,395.0301,425.1002,428.9957,434.0507,444.8131,443.8528,450.0823,449.5111,457.425,492.8622,496.5178,488.0221,514.3547
South-eastern Asia,Farm-gate emissions,Emissions (CO2),kilotonnes,252455.519,252383.167,255140.4234,261924.8121,266679.6539,269070.8178,274989.1367,282704.767,286199.6087,282435.6216,290283.4662,302119.2503,305822.4018,300987.1848,303688.8161,302569.7554,303361.245,304878.7325,310250.562,312126.9216,313916.523
South-eastern Asia,Farm-gate emissions,Emissions (CO2eq) from CH4 (AR5),kilotonnes,327876.7905,327777.4939,328947.6807,333451.87,340555.9091,345179.7884,352573.1606,359324.4194,363155.0325,369313.4143,373366.8109,372461.9664,374752.5259,369467.8756,367095.1526,365131.1347,366041.8102,375245.8083,378065.9204,368461.2536,370792.3337
South-eastern Asia,Farm-gate emissions,Emissions (CO2eq) from N2O (AR5),kilotonnes,89316.9276,88230.1342,92104.8072,96973.8719,100900.533,99666.5486,100952.9481,106116.7289,104682.9873,112651.5502,113683.8633,115023.4395,117875.4798,117620.9862,119271.8217,119120.4323,121217.6244,130608.4792,131577.2223,129325.8554,136303.9969
South-eastern Asia,Farm-gate emissions,Emissions (CO2eq) (AR5),kilotonnes,669649.2372,668390.7951,676192.9114,692350.5541,708136.096,713917.1549,728515.2454,748145.9153,754037.6286,764400.5862,777334.1403,789604.6563,798450.4074,788076.0467,790055.7905,786821.3224,790620.6796,810733.02,819893.7048,809914.0306,821012.8536
South-eastern Asia,Land Use change,Emissions (CH4),kilotonnes,652.9146,505.098,5182.4086,1897.92,5498.0788,2639.255,6220.2057,1033.7164,611.9571,4477.5055,820.9973,2259.573,2412.4168,2112.2973,5471.9147,5806.68,932.5738,506.7562,2212.9963,4476.4667,829.6144
South-eastern Asia,Land Use change,Emissions (N2O),kilotonnes,8.5602,12.4168,21.1238,29.3381,53.8484,29.8279,31.3811,45.9349,23.4222,38.8426,37.9194,23.8032,30.623,24.6499,37.3115,40.9256,24.0932,24.4558,19.1947,29.5867,36.433
South-eastern Asia,Land Use change,Emissions (CO2),kilotonnes,976621.4755,288661.3055,660169.372,386545.1078,656630.2346,446347.6766,734969.6137,301751.129,287554.925,587110.8892,291653.4336,764820.6121,771148.9964,752157.7306,1013508.818,1037313.49,444885.8303,410029.6031,552977.0496,727280.4914,425595.0376
South-eastern Asia,Land Use change,Emissions (CO2eq) from CH4 (AR5),kilotonnes,18281.6083,14142.7436,145107.4416,53141.7601,153946.2077,73899.1406,174165.7606,28944.0604,17134.7987,125370.1546,22987.9257,63268.0428,67547.6691,59144.3238,153213.6127,162587.0394,26112.0651,14189.1734,61963.8966,125341.0686,23229.2021
South-eastern Asia,Land Use change,Emissions (CO2eq) from N2O (AR5),kilotonnes,2268.4458,3290.4594,5597.8079,7774.5846,14269.8336,7904.3975,8316.0015,12172.7607,6206.8775,10293.2804,10048.6336,6307.8502,8115.0898,6532.2136,9887.5603,10845.2824,6384.7,6480.782,5086.5915,7840.4684,9654.7494
South-eastern Asia,Land Use change,Emissions (CO2eq) (AR5),kilotonnes,997171.5297,306094.5084,810874.6215,447461.4525,824846.276,528151.2148,917451.3757,342867.9501,310896.6011,722774.3242,324689.9929,834396.5052,846811.7553,817834.268,1176609.991,1210745.811,477382.5954,430699.5586,620027.5377,860462.0284,458478.9892
South-eastern Asia,Emissions on agricultural land,Emissions (CH4),kilotonnes,12362.8,12211.4371,16930.5401,13806.9154,17660.7899,14967.1046,18812.1043,13866.7314,13581.7797,17667.2703,14155.5263,15561.786,15796.4355,15307.5785,18582.4559,18847.0776,14005.4955,13908.3922,15715.3506,17635.7972,14072.1977
South-eastern Asia,Emissions on agricultural land,Emissions (N2O),kilotonnes,345.6052,345.3607,368.6891,395.2772,434.6052,405.9281,412.3357,446.3754,418.4523,463.9428,466.9151,457.8539,475.4361,468.5026,487.3939,490.4367,481.5182,517.318,515.7125,517.6088,550.7877
South-eastern Asia,Emissions on agricultural land,Emissions (CO2),kilotonnes,1229076.995,541044.4725,915309.7955,648469.9199,923309.8885,715418.4945,1009958.75,584455.8961,573754.5337,869546.5108,581936.8998,1066939.862,1076971.398,1053144.915,1317197.634,1339883.245,748247.0753,714908.3356,863227.6116,1039407.413,739511.5606
South-eastern Asia,Emissions on agricultural land,Emissions (CO2eq) from CH4 (AR5),kilotonnes,346158.3988,341920.2375,474055.1223,386593.6301,494502.1168,419078.9291,526738.9212,388268.4798,380289.8312,494683.5689,396354.7366,435730.0093,442300.195,428612.1993,520308.7654,527718.1741,392153.8752,389434.9817,440029.817,493802.3222,394021.5359
South-eastern Asia,Emissions on agricultural land,Emissions (CO2eq) from N2O (AR5),kilotonnes,91585.3735,91520.5936,97702.6152,104748.4565,115170.3667,107570.9461,109268.9496,118289.4896,110889.8648,122944.8306,123732.4969,121331.2897,125990.5696,124153.1998,129159.3821,129965.7146,127602.3245,137089.2613,136663.8139,137166.3237,145958.7463
South-eastern Asia,Emissions on agricultural land,Emissions (CO2eq) (AR5),kilotonnes,1666820.767,974485.3036,1487067.533,1139812.007,1532982.372,1242068.37,1645966.621,1091013.866,1064934.23,1487174.91,1102024.133,1624001.161,1645262.163,1605910.315,1966665.782,1997567.134,1268003.275,1241432.579,1439921.243,1670376.059,1279491.843
South-eastern Asia,Pre- and post- production,Emissions (CH4),kilotonnes,4030.3922,4049.6908,4079.1985,4107.1753,4132.2586,4156.0642,4192.3448,4254.0926,4295.9513,4325.9881,4362.2789,4436.5898,4478.0303,4510.3587,4519.2812,4523.1194,4553.1058,4570.1175,4594.2164,4602.5049,4613.8753
South-eastern Asia,Pre- and post- production,Emissions (N2O),kilotonnes,11.2629,11.5177,11.9326,12.2443,12.6731,12.9906,13.3981,13.9778,14.2801,14.9365,15.4728,16.1047,16.6078,17.0373,17.4484,17.9205,18.4866,19.0005,19.2187,19.2857,19.5151
South-eastern Asia,Pre- and post- production,Emissions (CO2),kilotonnes,60537.3552,61916.1851,64266.339,65754.6948,70492.7007,70772.6132,69427.7385,83904.1928,89066.9894,96290.2896,100002.7744,118895.5407,129373.6666,132435.5913,141099.8598,142753.4419,153958.9685,157390.5375,160326.7197,157518.1504,147057.5503
South-eastern Asia,Pre- and post- production,Emissions (CO2eq) from F-gases (AR5),kilotonnes,764.704,925.2295,1071.209,1244.722,1411.4815,1593.826,1753.832,1914.3575,1939.813,1952.8005,1960.593,1964.749,1968.3855,1970.983,1970.983,1970.983,2124.2355,2164.237,2203.719,2243.7205,2323.5049
South-eastern Asia,Pre- and post- production,Emissions (CO2eq) from CH4 (AR5),kilotonnes,112850.9822,113391.3412,114217.5588,115000.9083,115703.2414,116369.7981,117385.6538,119114.5928,120286.6363,121127.6654,122143.8081,124224.515,125384.8477,126290.0437,126539.8729,126647.3442,127486.9634,127963.2912,128638.0588,128870.1376,129188.5071
South-eastern Asia,Pre- and post- production,Emissions (CO2eq) from N2O (AR5),kilotonnes,2984.6575,3052.2026,3162.1457,3244.7397,3358.3589,3442.5026,3550.5056,3704.1162,3784.222,3958.1835,4100.2835,4267.7544,4401.0678,4514.8963,4623.8161,4748.9279,4898.9497,5035.1417,5092.9503,5110.71,5171.5089
South-eastern Asia,Pre- and post- production,Emissions (CO2eq) (AR5),kilotonnes,177137.6989,179284.9584,182717.2525,185245.0648,190965.7825,192178.7398,192117.7299,208637.2593,215077.6606,223328.939,228207.459,249352.5591,261127.9676,265211.5143,274234.5318,276120.6969,288469.1172,292553.2075,296261.4478,293742.7185,283741.0712
South-eastern Asia,Agri-food systems,Emissions (CH4),kilotonnes,16393.1922,16261.1278,21009.7386,17914.0907,21793.0485,19123.1688,23004.4491,18120.824,17877.731,21993.2584,18517.8052,19998.3759,20274.4658,19817.9373,23101.7371,23370.1971,18558.6014,18478.5097,20309.567,22238.3021,18686.073
South-eastern Asia,Agri-food systems,Emissions (N2O),kilotonnes,356.868,356.8785,380.6217,407.5215,447.2782,418.9187,425.7338,460.3532,432.7324,478.8793,482.3879,473.9587,492.0439,485.54,504.8423,508.3571,500.0048,536.3185,534.9312,536.8945,570.3029
South-eastern Asia,Agri-food systems,Emissions (CO2),kilotonnes,1289614.35,602960.6576,979576.1345,714224.6147,993802.5891,786191.1076,1079386.489,668360.0889,662821.5231,965836.8005,681939.6742,1185835.403,1206345.065,1185580.507,1458297.494,1482636.687,902206.0438,872298.8731,1023554.331,1196925.563,886569.1108
South-eastern Asia,Agri-food systems,Emissions (CO2eq) from F-gases (AR5),kilotonnes,764.704,925.2295,1071.209,1244.722,1411.4815,1593.826,1753.832,1914.3575,1939.813,1952.8005,1960.593,1964.749,1968.3855,1970.983,1970.983,1970.983,2124.2355,2164.237,2203.719,2243.7205,2323.5049
South-eastern Asia,Agri-food systems,Emissions (CO2eq) from CH4 (AR5),kilotonnes,459009.381,455311.5787,588272.6811,501594.5385,610205.3582,535448.7271,644124.575,507383.0726,500576.4674,615811.2343,518498.5447,559954.5243,567685.0427,554902.2431,646848.6383,654365.5182,519640.8386,517398.2729,568667.8758,622672.4598,523210.043
South-eastern Asia,Agri-food systems,Emissions (CO2eq) from N2O (AR5),kilotonnes,94570.0309,94572.7962,100864.7608,107993.1962,118528.7256,111013.4488,112819.4552,121993.6058,114674.0868,126903.0141,127832.7804,125599.0441,130391.6374,128668.0961,133783.1982,134714.6425,132501.2742,142124.403,141756.7642,142277.0338,151130.2553
South-eastern Asia,Agri-food systems,Emissions (CO2eq) (AR5),kilotonnes,1843958.466,1153770.262,1669784.785,1325057.071,1723948.154,1434247.11,1838084.351,1299651.125,1280011.89,1710503.849,1330231.592,1873353.721,1906390.13,1871121.829,2240900.314,2273687.831,1556472.392,1533985.786,1736182.69,1964118.778,1563232.914
South-eastern Asia,IPCC Agriculture,Emissions (CH4),kilotonnes,11706.7108,11703.2934,11745.1143,11905.6308,12158.8196,12324.1616,12587.8729,12829.0039,12966.2388,13186.1151,13331.2516,13298.226,13380.0522,13191.9063,13107.4421,13037.1593,13069.8641,13398.5327,13498.5431,13155.3769,13238.6298
South-eastern Asia,IPCC Agriculture,Direct emissions (N2O),kilotonnes,189.3934,186.3718,193.7667,206.6218,213.4072,211.74,212.4682,224.6842,222.2051,243.8977,245.1747,247.3444,254.0057,256.8996,258.6846,257.1106,264.2912,288.427,290.3161,281.6252,301.3452
South-eastern Asia,IPCC Agriculture,Indirect emissions (N2O),kilotonnes,55.614,54.5776,56.8333,60.9024,62.9988,62.3255,62.3278,66.127,65.1209,72.073,72.3992,73.0326,75.1952,76.3547,76.9291,76.4599,78.6829,85.971,86.4797,83.8529,90.2008
South-eastern Asia,IPCC Agriculture,Emissions (N2O),kilotonnes,330.3817,326.2996,340.5456,357.7713,371.6153,367.8121,372.7663,391.6652,386.6881,419.5378,422.2003,424.3422,434.9886,436.3735,442.652,442.4989,451.4828,486.7525,489.1564,480.6745,507.0071
South-eastern Asia,IPCC Agriculture,Emissions (CO2eq) from CH4 (AR5),kilotonnes,327787.9026,327692.2165,328863.1992,333357.6627,340446.9496,345076.5253,352460.441,359212.1093,363054.6864,369211.2214,373275.0435,372350.3275,374641.4612,369373.3756,367008.3794,365040.4597,365956.1958,375158.9153,377959.2078,368350.5531,370681.6332
South-eastern Asia,IPCC Agriculture,Emissions (CO2eq) from N2O (AR5),kilotonnes,87551.1508,86469.3888,90244.5891,94809.3887,98478.0431,97470.2145,98783.0654,103791.2662,102472.3471,111177.5055,111883.0855,112450.6898,115271.9704,115638.9681,117302.7714,117262.212,119642.9452,128989.4104,129626.4462,127378.7341,134356.8756
South-eastern Asia,IPCC Agriculture,Emissions (CO2eq) (AR5),kilotonnes,415339.0534,414161.6052,419107.7884,428167.0513,438924.9928,442546.7398,451243.5064,463003.3755,465527.0335,480388.7269,485158.129,484801.0172,489913.4317,485012.3437,484311.1508,482302.6717,485599.141,504148.3256,507585.654,495729.2871,505038.5088
South-eastern Asia,Agricultural Soils,Direct emissions (N2O),kilotonnes,189.3934,186.3718,193.7667,206.6218,213.4072,211.74,212.4682,224.6842,222.2051,243.8977,245.1747,247.3444,254.0057,256.8996,258.6846,257.1106,264.2912,288.427,290.3161,281.6252,301.3452
South-eastern Asia,Agricultural Soils,Indirect emissions (N2O),kilotonnes,55.614,54.5776,56.8333,60.9024,62.9988,62.3255,62.3278,66.127,65.1209,72.073,72.3992,73.0326,75.1952,76.3547,76.9291,76.4599,78.6829,85.971,86.4797,83.8529,90.2008
South-eastern Asia,Agricultural Soils,Emissions (N2O),kilotonnes,281.9699,277.8955,287.8247,305.1615,314.3406,312.7818,314.4236,331.4821,328.7613,357.9165,360.2845,363.7096,373.0269,377.308,380.1995,378.1429,388.0945,419.6952,422.3597,411.3242,437.6692
South-eastern Asia,Agricultural Soils,Emissions (CO2eq) from N2O (AR5),kilotonnes,74722.0364,73642.2949,76273.557,80867.8065,83300.2625,82887.1708,83322.2576,87842.7646,87121.7319,94847.8638,95475.3987,96383.0407,98852.1251,99986.63,100752.8555,100207.8617,102845.0435,111219.2302,111925.3238,109000.9099,115982.34
South-eastern Asia,Agricultural Soils,Emissions (CO2eq) (AR5),kilotonnes,74722.0364,73642.2949,76273.557,80867.8065,83300.2625,82887.1708,83322.2576,87842.7646,87121.7319,94847.8638,95475.3987,96383.0407,98852.1251,99986.63,100752.8555,100207.8617,102845.0435,111219.2302,111925.3238,109000.9099,115982.34
South-eastern Asia,LULUCF,Emissions (CH4),kilotonnes,827.7414,592.851,5291.8299,2055.953,5772.6892,2791.8815,6370.659,1292.0259,713.3007,4656.0476,1009.4721,2357.9323,2561.4979,2236.7667,5604.1419,5946.9352,1065.2045,599.182,2275.8238,4587.3511,960.7392
South-eastern Asia,LULUCF,Emissions (N2O),kilotonnes,13.7024,20.4291,31.1144,43.7672,78.9216,43.7634,45.1182,69.5197,32.6753,55.1442,55.1279,32.7838,44.2347,36.0145,49.3845,53.7315,36.203,32.8947,24.9311,39.7109,48.4053
South-eastern Asia,LULUCF,Emissions (CO2),kilotonnes,651399.018,480410.8907,853703.4254,582703.1882,854676.4957,649385.8352,943856.235,517361.1012,508101.9684,810971.9049,520437.9864,770824.9845,780333.4721,762809.5632,1027596.391,1051315.084,711035.7085,677313.6143,821970.7243,998093.7433,698197.8908
South-eastern Asia,LULUCF,Emissions (CO2eq) from CH4 (AR5),kilotonnes,23176.7595,16599.8276,148171.2378,57566.6853,161635.2982,78172.6816,178378.4528,36176.7244,19972.4185,130369.3341,28265.2193,66022.1039,71721.9425,62629.4682,156915.9728,166514.187,29825.7273,16777.0974,63723.0662,128445.8305,26900.699
South-eastern Asia,LULUCF,Emissions (CO2eq) from N2O (AR5),kilotonnes,3631.1397,5413.7005,8245.3274,11598.2972,20914.2108,11597.2944,11956.317,18422.7258,8658.9511,14613.2236,14608.9037,8687.7182,11722.2065,9543.833,13086.8823,14238.8502,9593.7886,8717.0859,6606.7436,10523.3876,12827.4016
South-eastern Asia,LULUCF,Emissions (CO2eq) (AR5),kilotonnes,678206.9172,502424.4187,1010119.991,651868.1707,1037226.005,739155.8111,1134191.005,571960.5514,536733.338,955954.4625,563312.1094,845534.8066,863777.6211,834982.8644,1197599.246,1232068.121,750455.2244,702807.7976,892300.5341,1137062.961,737925.9914
South-eastern Asia,AFOLU,Emissions (CH4),kilotonnes,12534.4522,12296.1444,17036.9442,13961.5839,17931.5089,15116.0431,18958.5319,14121.0298,13679.5395,17842.1627,14340.7237,15656.1583,15941.5501,15428.673,18711.584,18984.0945,14135.0687,13997.7147,15774.3669,17742.728,14199.369
South-eastern Asia,AFOLU,Emissions (N2O),kilotonnes,344.0841,346.7286,371.6601,401.5384,450.5368,411.5755,417.8845,461.1849,419.3634,474.682,477.3283,457.1261,479.2233,472.3879,492.0364,496.2304,487.6858,519.6472,514.0875,520.3854,555.4124
South-eastern Asia,AFOLU,Emissions (CO2),kilotonnes,651399.018,480410.8907,853703.4254,582703.1882,854676.4957,649385.8352,943856.235,517361.1012,508101.9684,810971.9049,520437.9864,770824.9845,780333.4721,762809.5632,1027596.391,1051315.084,711035.7085,677313.6143,821970.7243,998093.7433,698197.8908
South-eastern Asia,AFOLU,Emissions (CO2eq) from CH4 (AR5),kilotonnes,350964.6621,344292.044,477034.437,390924.348,502082.2479,423249.207,530838.8938,395388.8337,383027.1049,499580.5555,401540.2629,438372.4314,446363.4037,432002.8438,523924.3522,531554.6467,395781.9231,391936.0126,441682.274,496796.3836,397582.3322
South-eastern Asia,AFOLU,Emissions (CO2eq) from N2O (AR5),kilotonnes,91182.2905,91883.0893,98489.9165,106407.6858,119392.2539,109067.5089,110739.3824,122213.992,111131.2982,125790.729,126491.9892,121138.408,126994.1769,125182.801,130389.6537,131501.0621,129236.7338,137706.4962,136233.1897,137902.1217,147184.2772
South-eastern Asia,AFOLU,Emissions (CO2eq) (AR5),kilotonnes,1093545.971,916586.0239,1429227.779,1080035.222,1476150.997,1181702.551,1585434.511,1034963.927,1002260.372,1436343.189,1048470.238,1330335.824,1353691.053,1319995.208,1681910.397,1714370.793,1236054.365,1206956.123,1399886.188,1632792.249,1242964.5
South-eastern Asia,All sectors with LULUCF,Emissions (CH4),kilotonnes,22964.1774,22947.7133,27880.1927,25294.6841,29678.2975,27338.9381,31731.2503,27213.4795,27149.2506,31829.1002,28643.6746,30466.6284,31923.2207,31959.344,35670.4953,35725.4162,31057.3607,31583.6571,33913.5697,36321.2011,33394.7785
South-eastern Asia,All sectors with LULUCF,Emissions (N2O),kilotonnes,448.1956,454.2934,453.5968,487.0452,539.1766,500.3485,507.7596,561.2203,519.422,575.8281,583.2799,568.3732,593.4955,589.8965,614.3573,621.5152,613.8481,649.42,648.1921,657.6776,697.4349
South-eastern Asia,All sectors with LULUCF,Emissions (CO2),kilotonnes,1443171.568,1327262.462,1732399.959,1515199.357,1859571.441,1661438.185,1970660.538,1601392.96,1676185.611,2060163.562,1770956.167,2095046.002,2163067.933,2084652.084,2387708.902,2553384.615,2290254.73,2251543.579,2510400.123,2792531.128,2382596.929
South-eastern Asia,All sectors with LULUCF,Emissions (CO2eq) from F-gases (AR5),kilotonnes,7172.5206,7610.7819,8178.2866,8866.2888,9343.4203,9798.2015,10690.2722,11342.3195,12008.9431,11474.4781,11960.3554,11407.427,11809.8306,12689.1713,13110.9128,14118.6223,14659.8896,14620.0477,15076.7724,15522.8077,15972.7301
South-eastern Asia,All sectors with LULUCF,Emissions (CO2eq) from CH4 (AR5),kilotonnes,642996.9677,642535.9732,780645.397,708251.1556,830992.3309,765490.2681,888475.0093,761977.4272,760179.0165,891214.8049,802022.8875,853065.5964,893850.1799,894861.6313,998773.868,1000311.654,869606.0986,884342.3993,949579.9519,1016993.63,935053.7976
South-eastern Asia,All sectors with LULUCF,Emissions (CO2eq) from N2O (AR5),kilotonnes,118771.8355,120387.7492,120203.1575,129066.9722,142881.8046,132592.3526,134556.294,148723.3857,137646.8169,152594.4384,154569.1857,150618.8889,157276.2983,156322.5725,162804.6886,164701.5349,162669.7588,172096.313,171770.9164,174284.5738,184820.2396
South-eastern Asia,All sectors with LULUCF,Emissions (CO2eq) (AR5),kilotonnes,2212112.891,2097796.966,2641426.8,2361383.774,2842788.996,2569319.007,3004382.114,2523436.093,2586020.388,3115447.283,2739508.596,3110137.914,3226004.242,3148525.459,3562398.371,3732516.426,3337190.477,3322602.339,3646827.764,3999332.14,3518443.696
South-eastern Asia,All sectors without LULUCF,Emissions (CH4),kilotonnes,22136.436,22354.8623,22588.3628,23238.7311,23905.6083,24547.0567,25360.5913,25921.4537,26435.9499,27173.0525,27634.2024,28108.6962,29361.7228,29722.5773,30066.3534,29778.481,29992.1561,30984.4751,31637.7459,31733.85,32434.0392
South-eastern Asia,All sectors without LULUCF,Emissions (N2O),kilotonnes,434.4932,433.8643,422.4824,443.278,460.2551,456.5851,462.6414,491.7006,486.7467,520.6838,528.152,535.5893,549.2607,553.882,564.9729,567.7837,577.6452,616.5254,623.261,617.9667,649.0296
South-eastern Asia,All sectors without LULUCF,Emissions (CO2),kilotonnes,791772.5495,846851.5708,878696.5336,932496.1692,1004894.945,1012052.35,1026804.303,1084031.859,1168083.643,1249191.657,1250518.181,1324221.017,1382734.461,1321842.521,1360112.511,1502069.531,1579219.021,1574229.965,1688429.399,1794437.385,1684399.038
South-eastern Asia,All sectors without LULUCF,Emissions (CO2eq) from F-gases (AR5),kilotonnes,7172.5206,7610.7819,8178.2866,8866.2888,9343.4203,9798.2015,10690.2722,11342.3195,12008.9431,11474.4781,11960.3554,11407.427,11809.8306,12689.1713,13110.9128,14118.6223,14659.8896,14620.0477,15076.7724,15522.8077,15972.7301
South-eastern Asia,All sectors without LULUCF,Emissions (CO2eq) from CH4 (AR5),kilotonnes,619820.2082,625936.1457,632474.1592,650684.4702,669357.0327,687317.5865,710096.5565,725800.7029,740206.598,760845.4709,773757.6682,787043.4925,822128.2375,832232.163,841857.8952,833797.4668,839780.3713,867565.3019,885856.8856,888547.7993,908153.0986
South-eastern Asia,All sectors without LULUCF,Emissions (CO2eq) from N2O (AR5),kilotonnes,115140.6958,114974.0487,111957.83,117468.6751,121967.5939,120995.0582,122599.977,130300.6599,128987.8658,137981.2148,139960.282,141931.1707,145554.0918,146778.7395,149717.8062,150462.6847,153075.9702,163379.2271,165164.1729,163761.1861,171992.8381
South-eastern Asia,All sectors without LULUCF,Emissions (CO2eq) (AR5),kilotonnes,1533905.974,1595372.547,1631306.809,1709515.603,1805562.992,1830163.196,1870191.109,1951475.541,2049287.05,2159492.821,2176196.487,2264603.107,2362226.621,2313542.595,2364799.125,2500448.305,2586735.252,2619794.542,2754527.23,2862269.178,2780517.705
Western Asia,Crop Residues,Direct emissions (N2O),kilotonnes,9.2257,9.4958,10.4074,10.2142,10.661,11.1895,10.7922,9.6164,8.6074,9.7575,9.7215,10.3434,10.0312,10.9544,9.9611,10.5593,9.7818,9.7381,8.9965,10.734,11.4507
Western Asia,Crop Residues,Indirect emissions (N2O),kilotonnes,2.0758,2.1366,2.3417,2.2982,2.3987,2.5176,2.4282,2.1637,1.9367,2.1954,2.1873,2.3273,2.257,2.4647,2.2412,2.3758,2.2009,2.1911,2.0242,2.4151,2.5764
Western Asia,Crop Residues,Emissions (N2O),kilotonnes,11.3015,11.6324,12.7491,12.5124,13.0597,13.7072,13.2204,11.7801,10.544,11.953,11.9088,12.6707,12.2883,13.4191,12.2023,12.9352,11.9827,11.9292,11.0207,13.1491,14.0271
Western Asia,Crop Residues,Emissions (CO2eq) from N2O (AR5),kilotonnes,2994.8905,3082.5857,3378.5041,3315.7887,3460.8152,3632.3985,3503.4068,3121.7219,2794.1688,3167.5413,3155.8273,3357.7255,3256.3929,3556.0652,3233.6107,3427.8211,3175.4201,3161.2388,2920.4941,3484.5091,3717.181
Western Asia,Crop Residues,Emissions (CO2eq) (AR5),kilotonnes,2994.8905,3082.5857,3378.5041,3315.7887,3460.8152,3632.3985,3503.4068,3121.7219,2794.1688,3167.5413,3155.8273,3357.7255,3256.3929,3556.0652,3233.6107,3427.8211,3175.4201,3161.2388,2920.4941,3484.5091,3717.181
Western Asia,Rice Cultivation,Emissions (CH4),kilotonnes,45.4465,45.5804,45.7478,27.3916,44.9576,54.3824,63.278,61.3491,51.9624,42.8655,41.6024,46.7298,56.2296,58.3853,53.4565,39.6038,43.7632,47.2895,36.2863,72.2683,64.4322
Western Asia,Rice Cultivation,Emissions (CO2eq) from CH4 (AR5),kilotonnes,1272.5026,1276.2501,1280.9384,766.9637,1258.8139,1522.7083,1771.7851,1717.7754,1454.9472,1200.2334,1164.8672,1308.4333,1574.4288,1634.789,1496.7814,1108.9053,1225.3685,1324.1054,1016.017,2023.5118,1804.1016
Western Asia,Rice Cultivation,Emissions (CO2eq) (AR5),kilotonnes,1272.5026,1276.2501,1280.9384,766.9637,1258.8139,1522.7083,1771.7851,1717.7754,1454.9472,1200.2334,1164.8672,1308.4333,1574.4288,1634.789,1496.7814,1108.9053,1225.3685,1324.1054,1016.017,2023.5118,1804.1016
Western Asia,Burning - Crop residues,Emissions (CH4),kilotonnes,17.2641,17.4847,18.1905,18.1171,18.5113,19.8047,17.2704,16.5473,15.35,15.595,16.1235,16.176,15.7365,16.5479,16.312,14.7667,14.4125,14.3957,13.5109,14.6129,15.3818
Western Asia,Burning - Crop residues,Emissions (N2O),kilotonnes,0.4476,0.4533,0.4716,0.4697,0.4799,0.5135,0.4478,0.429,0.398,0.4043,0.418,0.4194,0.408,0.429,0.4229,0.3828,0.3737,0.3732,0.3503,0.3789,0.3988
Western Asia,Burning - Crop residues,Emissions (CO2eq) from CH4 (AR5),kilotonnes,483.3957,489.573,509.3345,507.2795,518.3153,554.5328,483.5712,463.323,429.8004,436.6598,451.4572,452.929,440.6228,463.3405,456.7351,413.4681,403.5489,403.0804,378.3047,409.1599,430.6917
Western Asia,Burning - Crop residues,Emissions (CO2eq) from N2O (AR5),kilotonnes,118.611,120.1267,124.9756,124.4713,127.1792,136.0659,118.654,113.6857,105.4603,107.1434,110.7742,111.1354,108.1158,113.69,112.0693,101.4528,99.0189,98.904,92.8248,100.3957,105.679
Western Asia,Burning - Crop residues,Emissions (CO2eq) (AR5),kilotonnes,602.0067,609.6997,634.3101,631.7508,645.4945,690.5987,602.2252,577.0088,535.2607,543.8032,562.2314,564.0644,548.7385,577.0306,568.8044,514.9209,502.5678,501.9844,471.1295,509.5556,536.3707
Western Asia,Enteric Fermentation,Emissions (CH4),kilotonnes,1346.8871,1319.7894,1310.0134,1319.2741,1323.2454,1369.0251,1404.01,1446.7117,1445.0261,1456.3721,1441.4214,1520.7997,1592.1792,1673.6696,1714.9684,1679.8919,1671.6413,1658.7713,1772.6402,1837.1033,1895.4185
Western Asia,Enteric Fermentation,Emissions (CO2eq) from CH4 (AR5),kilotonnes,37712.8389,36954.1034,36680.3741,36939.6737,37050.8699,38332.7017,39312.2789,40507.9267,40460.7298,40778.4182,40359.7979,42582.3912,44581.0163,46862.7479,48019.1139,47036.973,46805.9558,46445.5974,49633.9262,51438.8921,53071.7186
Western Asia,Enteric Fermentation,Emissions (CO2eq) (AR5),kilotonnes,37712.8389,36954.1034,36680.3741,36939.6737,37050.8699,38332.7017,39312.2789,40507.9267,40460.7298,40778.4182,40359.7979,42582.3912,44581.0163,46862.7479,48019.1139,47036.973,46805.9558,46445.5974,49633.9262,51438.8921,53071.7186
Western Asia,Manure Management,Emissions (CH4),kilotonnes,60.4255,59.8797,60.105,61.442,61.4883,63.8051,66.258,66.9341,65.9141,66.7932,66.8308,70.5042,73.254,75.6935,77.0542,76.5636,76.5779,77.0191,80.9279,83.6061,85.6841
Western Asia,Manure Management,Emissions (N2O),kilotonnes,1.579,1.5856,1.6646,1.6968,1.7264,1.7689,1.8191,1.7411,1.6218,1.6411,1.6879,1.7479,1.7905,1.8616,1.8869,1.8942,1.9242,1.9481,2.0452,2.1033,2.1657
Western Asia,Manure Management,Emissions (CO2eq) from CH4 (AR5),kilotonnes,1691.9128,1676.631,1682.94,1720.3747,1721.6716,1786.5437,1855.2226,1874.1555,1845.5948,1870.2092,1871.2627,1974.1183,2051.1112,2119.4173,2157.5175,2143.7816,2144.1817,2156.5358,2265.9807,2340.9694,2399.1535
Western Asia,Manure Management,Emissions (CO2eq) from N2O (AR5),kilotonnes,418.4261,420.1866,441.1272,449.6515,457.4892,468.7548,482.0606,461.4035,429.7803,434.8983,447.2922,463.2006,474.4909,493.3113,500.0257,501.9719,509.9128,516.2542,541.9715,557.3827,573.9223
Western Asia,Manure Management,Emissions (CO2eq) (AR5),kilotonnes,2110.3389,2096.8176,2124.0672,2170.0262,2179.1608,2255.2985,2337.2833,2335.559,2275.3751,2305.1076,2318.5548,2437.3189,2525.6021,2612.7286,2657.5432,2645.7535,2654.0945,2672.7901,2807.9522,2898.3521,2973.0758
Western Asia,Manure left on Pasture,Direct emissions (N2O),kilotonnes,59.8394,58.6532,58.6479,59.2864,59.7163,61.6377,62.8269,64.0349,64.1213,64.6464,64.3411,68.0461,71.2585,74.89,76.5096,75.322,75.255,75.0479,80.0807,82.8889,85.6378
Western Asia,Manure left on Pasture,Indirect emissions (N2O),kilotonnes,17.4037,16.977,17.0041,17.2501,17.4283,18.0077,18.3698,18.8354,18.7482,18.7021,18.5225,19.642,20.4753,21.4544,21.9153,21.7649,21.743,21.5898,22.8302,23.6329,24.6284
Western Asia,Manure left on Pasture,Emissions (N2O),kilotonnes,77.2431,75.6302,75.652,76.5364,77.1446,79.6454,81.1967,82.8704,82.8695,83.3485,82.8636,87.6881,91.7339,96.3444,98.4249,97.087,96.998,96.6378,102.9109,106.5218,110.2662
Western Asia,Manure left on Pasture,Emissions (CO2eq) from N2O (AR5),kilotonnes,20469.4211,20042.0121,20047.7802,20282.1514,20443.3235,21106.0212,21517.1265,21960.6457,21960.4133,22087.3493,21958.852,23237.3358,24309.4708,25531.2737,26082.5959,25728.0485,25704.4812,25609.0124,27271.3897,28228.2867,29220.5377
Western Asia,Manure left on Pasture,Emissions (CO2eq) (AR5),kilotonnes,20469.4211,20042.0121,20047.7802,20282.1514,20443.3235,21106.0212,21517.1265,21960.6457,21960.4133,22087.3493,21958.852,23237.3358,24309.4708,25531.2737,26082.5959,25728.0485,25704.4812,25609.0124,27271.3897,28228.2867,29220.5377
Western Asia,Manure applied to Soils,Direct emissions (N2O),kilotonnes,2.3218,2.2891,2.3932,2.4645,2.523,2.6208,2.7283,2.6099,2.5004,2.5342,2.5889,2.7163,2.8112,2.8788,2.932,2.9729,3.0257,3.0898,3.2423,3.3252,3.421
Western Asia,Manure applied to Soils,Indirect emissions (N2O),kilotonnes,0.9867,0.9729,1.0171,1.0474,1.0723,1.1138,1.1595,1.1092,1.0627,1.077,1.1003,1.1544,1.1947,1.2235,1.2461,1.2635,1.2859,1.3132,1.378,1.4132,1.4539
Western Asia,Manure applied to Soils,Emissions (N2O),kilotonnes,3.3085,3.2619,3.4103,3.5119,3.5952,3.7346,3.8878,3.7191,3.5631,3.6112,3.6892,3.8707,4.0059,4.1023,4.178,4.2363,4.3116,4.403,4.6202,4.7384,4.875
Western Asia,Manure applied to Soils,Emissions (CO2eq) from N2O (AR5),kilotonnes,876.7551,864.4087,903.7227,930.652,952.7354,989.6743,1030.2662,985.5627,944.2127,956.9732,977.6308,1025.7324,1061.5645,1087.0995,1107.1795,1122.6236,1142.5629,1166.7946,1224.3554,1255.6674,1291.8732
Western Asia,Manure applied to Soils,Emissions (CO2eq) (AR5),kilotonnes,876.7551,864.4087,903.7227,930.652,952.7354,989.6743,1030.2662,985.5627,944.2127,956.9732,977.6308,1025.7324,1061.5645,1087.0995,1107.1795,1122.6236,1142.5629,1166.7946,1224.3554,1255.6674,1291.8732
Western Asia,Synthetic Fertilizers,Direct emissions (N2O),kilotonnes,35.7691,35.0973,36.7717,31.948,33.4634,34.0607,35.7506,34.505,30.4972,35.4419,31.3327,30.2038,33.6437,34.6803,31.6126,32.3313,41.127,38.5011,35.1652,38.3524,45.5852
Western Asia,Synthetic Fertilizers,Indirect emissions (N2O),kilotonnes,11.625,11.4066,11.9508,10.3831,10.8756,11.0697,11.619,11.2141,9.9116,11.5186,10.1831,9.8162,10.9342,11.2711,10.2741,10.5077,13.3663,12.5128,11.4287,12.4645,14.8152
Western Asia,Synthetic Fertilizers,Emissions (N2O),kilotonnes,47.394,46.5039,48.7225,42.3312,44.339,45.1304,47.3696,45.7191,40.4088,46.9605,41.5159,40.0201,44.5779,45.9514,41.8868,42.8389,54.4933,51.0139,46.5939,50.817,60.4004
Western Asia,Synthetic Fertilizers,Emissions (CO2eq) from N2O (AR5),kilotonnes,12559.4172,12323.5254,12911.4721,11217.755,11749.8436,11959.5548,12552.9413,12115.5617,10708.3315,12444.5268,11001.7087,10605.3164,11813.1553,12177.1304,11099.99,11352.3192,14440.7246,13518.6897,12347.3941,13466.4937,16006.0958
Western Asia,Synthetic Fertilizers,Emissions (CO2eq) (AR5),kilotonnes,12559.4172,12323.5254,12911.4721,11217.755,11749.8436,11959.5548,12552.9413,12115.5617,10708.3315,12444.5268,11001.7087,10605.3164,11813.1553,12177.1304,11099.99,11352.3192,14440.7246,13518.6897,12347.3941,13466.4937,16006.0958
Western Asia,Drained organic soils,Emissions (CO2eq) (AR5),kilotonnes,0.4801,0.4801,0.4801,0.4801,0.4801,0.4801,0.4801,0.4801,0.4801,0.4801,0.4801,0.4801,0.4801,0.4801,0.4801,0.4801,0.4801,0.4801,0.4801,0.4801,0.4801
Western Asia,Drained organic soils (CO2),Emissions (CO2),kilotonnes,0.4067,0.4067,0.4067,0.4067,0.4067,0.4067,0.4067,0.4067,0.4067,0.4067,0.4067,0.4067,0.4067,0.4067,0.4067,0.4067,0.4067,0.4067,0.4067,0.4067,0.4067
Western Asia,Drained organic soils (CO2),Emissions (CO2eq) (AR5),kilotonnes,0.4067,0.4067,0.4067,0.4067,0.4067,0.4067,0.4067,0.4067,0.4067,0.4067,0.4067,0.4067,0.4067,0.4067,0.4067,0.4067,0.4067,0.4067,0.4067,0.4067,0.4067
Western Asia,Drained organic soils (N2O),Emissions (N2O),kilotonnes,0.0003,0.0003,0.0003,0.0003,0.0003,0.0003,0.0003,0.0003,0.0003,0.0003,0.0003,0.0003,0.0003,0.0003,0.0003,0.0003,0.0003,0.0003,0.0003,0.0003,0.0003
Western Asia,Drained organic soils (N2O),Emissions (CO2eq) from N2O (AR5),kilotonnes,0.0734,0.0734,0.0734,0.0734,0.0734,0.0734,0.0734,0.0734,0.0734,0.0734,0.0734,0.0734,0.0734,0.0734,0.0734,0.0734,0.0734,0.0734,0.0734,0.0734,0.0734
Western Asia,Drained organic soils (N2O),Emissions (CO2eq) (AR5),kilotonnes,0.0734,0.0734,0.0734,0.0734,0.0734,0.0734,0.0734,0.0734,0.0734,0.0734,0.0734,0.0734,0.0734,0.0734,0.0734,0.0734,0.0734,0.0734,0.0734,0.0734,0.0734
Western Asia,On-farm energy use,Emissions (CH4),kilotonnes,40.956,27.992,38.5161,47.5111,49.8191,49.4342,62.3857,73.0526,50.3184,53.6274,53.1599,42.5247,40.327,31.8231,20.7652,13.8052,9.771,6.4152,4.4469,3.7575,3.7575
Western Asia,On-farm energy use,Emissions (N2O),kilotonnes,8.9911,9.2618,9.7535,9.444,10.325,10.3351,10.5978,12.5377,14.9719,14.1198,14.1713,15.3048,13.6992,12.9273,12.6391,11.2046,9.9112,9.3999,8.6155,7.8303,7.8303
Western Asia,On-farm energy use,Emissions (CO2),kilotonnes,45810.8743,42714.4356,49385.3162,52374.7848,54214.8677,54312.0541,58981.1088,66430.1493,66128.0508,64344.4213,64683.312,63749.9918,59114.5928,53183.0222,48273.7866,42922.6437,37068.0472,34547.7583,34522.0867,32628.9911,32628.9911
Western Asia,On-farm energy use,Emissions (CO2eq) from CH4 (AR5),kilotonnes,1146.767,783.7766,1078.4521,1330.3104,1394.9361,1384.1572,1746.7989,2045.4718,1408.9152,1501.5681,1488.4776,1190.691,1129.1549,891.0478,581.4259,386.5445,273.5872,179.6257,124.5134,105.2089,105.2089
Western Asia,On-farm energy use,Emissions (CO2eq) from N2O (AR5),kilotonnes,2382.6391,2454.3803,2584.6733,2502.6649,2736.1319,2738.7935,2808.4071,3322.492,3967.5523,3741.7478,3755.4024,4055.7668,3630.276,3425.7253,3349.3572,2969.2125,2626.4729,2490.9625,2283.1089,2075.0194,2075.0194
Western Asia,On-farm energy use,Emissions (CO2eq) (AR5),kilotonnes,49340.2804,45952.5924,53048.4416,56207.7601,58345.9357,58435.0048,63536.3148,71798.1131,71504.5183,69587.7372,69927.192,68996.4496,63874.0237,57499.7953,52204.5696,46278.4007,39968.1074,37218.3465,36929.709,34809.2194,34809.2194
Western Asia,Forestland,Emissions (CO2),kilotonnes,-37646.3057,-49593.9894,-49593.9894,-49593.9894,-49593.9894,-49593.9894,-49593.9894,-49593.9894,-49593.9894,-49593.9894,-49593.9894,-63763.7746,-63763.7746,-63763.7746,-63763.7746,-63763.7746,-31676.726,-31676.726,-31676.726,-31676.726,-31676.726
Western Asia,Forestland,Emissions (CO2eq) (AR5),kilotonnes,-37646.3057,-49593.9894,-49593.9894,-49593.9894,-49593.9894,-49593.9894,-49593.9894,-49593.9894,-49593.9894,-49593.9894,-49593.9894,-63763.7746,-63763.7746,-63763.7746,-63763.7746,-63763.7746,-31676.726,-31676.726,-31676.726,-31676.726,-31676.726
Western Asia,Net Forest conversion,Emissions (CO2),kilotonnes,75.3785,410.2648,410.2648,410.2648,410.2648,410.2648,410.2648,410.2648,410.2648,410.2648,410.2648,122.5254,122.5254,122.5254,122.5254,122.5254,1413.9519,1413.9519,1413.9519,1413.9519,1413.9519
Western Asia,Net Forest conversion,Emissions (CO2eq) (AR5),kilotonnes,75.3785,410.2648,410.2648,410.2648,410.2648,410.2648,410.2648,410.2648,410.2648,410.2648,410.2648,122.5254,122.5254,122.5254,122.5254,122.5254,1413.9519,1413.9519,1413.9519,1413.9519,1413.9519
Western Asia,Savanna fires,Emissions (CH4),kilotonnes,2.3156,2.1396,1.8739,1.5982,2.0371,1.7367,2.7215,1.8039,1.8062,1.2512,3.5154,1.6704,1.1725,1.4117,1.3164,4.0603,2.9661,2.1881,1.8538,17.8159,7.6391
Western Asia,Savanna fires,Emissions (N2O),kilotonnes,0.2114,0.1954,0.1711,0.1459,0.186,0.1586,0.2485,0.1647,0.1649,0.1142,0.321,0.1525,0.1071,0.1289,0.1202,0.3707,0.2708,0.1998,0.1693,1.6267,0.6975
Western Asia,Savanna fires,Emissions (CO2eq) from CH4 (AR5),kilotonnes,64.8381,59.908,52.4689,44.749,57.0388,48.6277,76.2021,50.5105,50.5724,35.0345,98.4309,46.772,32.8304,39.5278,36.8579,113.687,83.0515,61.2671,51.9068,498.8455,213.8946
Western Asia,Savanna fires,Emissions (CO2eq) from N2O (AR5),kilotonnes,56.029,51.7683,45.34,38.669,49.289,42.0207,65.8486,43.6477,43.7012,30.2744,85.0571,40.4171,28.3697,34.1572,31.85,98.2404,71.7673,52.9427,44.8543,431.0676,184.8328
Western Asia,Savanna fires,Emissions (CO2eq) (AR5),kilotonnes,120.8671,111.6763,97.8089,83.4179,106.3278,90.6485,142.0507,94.1581,94.2736,65.3089,183.488,87.1892,61.2001,73.685,68.7079,211.9275,154.8188,114.2098,96.7611,929.9131,398.7274
Western Asia,Fires in organic soils,Emissions (CH4),kilotonnes,0,0,0,0,0,0,0,0,0,0,0,0,0,0,0,0,0,0,0,0,0
Western Asia,Fires in organic soils,Emissions (CO2),kilotonnes,0,0,0,0,0,0,0,0,0,0,0,0,0,0,0,0,0,0,0,0,0
Western Asia,Fires in organic soils,Emissions (CO2eq) from CH4 (AR5),kilotonnes,0,0,0,0,0,0,0,0,0,0,0,0,0,0,0,0,0,0,0,0,0
Western Asia,Fires in organic soils,Emissions (CO2eq) (AR5),kilotonnes,0,0,0,0,0,0,0,0,0,0,0,0,0,0,0,0,0,0,0,0,0
Western Asia,Forest fires,Emissions (CH4),kilotonnes,1.4807,0.0424,0.1918,0.1246,0.1221,0.1121,0.2317,0.1195,0.2616,0.0374,0.5283,0.1345,0.2788,0.1994,0.0673,0.2193,0.0548,0.3288,0.1245,1.338,1.2703
Western Asia,Forest fires,Emissions (N2O),kilotonnes,0.0819,0.0039,0.0175,0.0114,0.0111,0.0102,0.0212,0.0109,0.0239,0.0034,0.0482,0.0123,0.0255,0.0182,0.0061,0.02,0.005,0.03,0.0114,0.1222,0.116
Western Asia,Forest fires,Emissions (CO2eq) from CH4 (AR5),kilotonnes,41.4602,1.186,5.3715,3.4887,3.4191,3.1396,6.4874,3.3472,7.3238,1.0467,14.793,3.767,7.8061,5.5818,1.8837,6.1392,1.5342,9.2053,3.487,37.4648,35.5679
Western Asia,Forest fires,Emissions (CO2eq) from N2O (AR5),kilotonnes,21.7069,1.0248,4.6417,3.0147,2.9545,2.713,5.6059,2.8924,6.3287,0.9045,12.7831,3.2551,6.7455,4.8234,1.6278,5.3051,1.3257,7.9546,3.0132,32.3745,30.7353
Western Asia,Forest fires,Emissions (CO2eq) (AR5),kilotonnes,63.1671,2.2108,10.0131,6.5033,6.3737,5.8525,12.0933,6.2397,13.6524,1.9513,27.5761,7.0221,14.5515,10.4053,3.5115,11.4443,2.8599,17.1599,6.5001,69.8393,66.3033
Western Asia,Fires in humid tropical forests,Emissions (CH4),kilotonnes,0,0,0,0,0,0,0,0,0,0,0,0,0,0,0,0,0,0,0,0,0
Western Asia,Fires in humid tropical forests,Emissions (N2O),kilotonnes,0,0,0,0,0,0,0,0,0,0,0,0,0,0,0,0,0,0,0,0,0
Western Asia,Fires in humid tropical forests,Emissions (CO2eq) from CH4 (AR5),kilotonnes,0,0,0,0,0,0,0,0,0,0,0,0,0,0,0,0,0,0,0,0,0
Western Asia,Fires in humid tropical forests,Emissions (CO2eq) from N2O (AR5),kilotonnes,0,0,0,0,0,0,0,0,0,0,0,0,0,0,0,0,0,0,0,0,0
Western Asia,Fires in humid tropical forests,Emissions (CO2eq) (AR5),kilotonnes,0,0,0,0,0,0,0,0,0,0,0,0,0,0,0,0,0,0,0,0,0
Western Asia,Waste - agri-food systems,Emissions (CH4),kilotonnes,1780.2338,1819.0376,1858.8962,1895.8783,1933.6077,1989.9462,2019.2954,2058.5435,2105.3525,2125.3627,2153.9219,2187.0315,2214.2871,2427.8089,2465.6671,2506.7865,2541.0053,2532.1049,2522.9347,2496.572,2479.0322
Western Asia,Waste - agri-food systems,Emissions (N2O),kilotonnes,5.1717,5.2369,5.4191,5.5423,5.6729,6.1523,6.252,6.4877,6.708,6.7084,6.9756,7.2433,7.5715,7.9168,7.7119,8.0139,8.0801,8.0099,7.9964,7.9387,7.9154
Western Asia,Waste - agri-food systems,Emissions (CO2),kilotonnes,421.0321,419.7436,420.5555,421.8668,425.4729,429.0299,431.8013,434.75,438.6849,436.4868,439.3563,440.9752,441.7621,442.202,442.4318,440.1533,439.2754,440.2166,441.3761,420.551,418.3705
Western Asia,Waste - agri-food systems,Emissions (CO2eq) from CH4 (AR5),kilotonnes,49846.5466,50933.0528,52049.0923,53084.5926,54141.016,55718.4946,56540.2703,57639.2189,58949.8692,59510.1543,60309.8143,61236.8829,62000.0396,67978.6485,69038.6799,70190.0218,71148.1484,70898.9384,70642.1716,69904.0149,69412.9022
Western Asia,Waste - agri-food systems,Emissions (CO2eq) from N2O (AR5),kilotonnes,1370.4907,1387.785,1436.0618,1468.7146,1503.331,1630.3622,1656.7852,1719.2287,1777.6195,1777.7238,1848.5231,1919.4775,2006.4513,2097.9391,2043.6524,2123.6778,2141.2385,2122.6344,2119.0358,2103.7517,2097.5907
Western Asia,Waste - agri-food systems,Emissions (CO2eq) (AR5),kilotonnes,51638.0694,52740.5814,53905.7096,54975.1739,56069.8198,57777.8868,58628.8567,59793.1976,61166.1736,61724.3649,62597.6937,63597.3356,64448.253,70518.7896,71524.7641,72753.8529,73728.6623,73461.7894,73202.5835,72428.3176,71928.8634
Western Asia,Fertilizers Manufacturing,Emissions (N2O),kilotonnes,6.3652,6.5967,7.2363,6.6966,6.5043,6.8702,8.3604,7.9562,7.9243,8.398,8.7275,9.3453,9.3255,8.8486,9.2686,8.0996,7.5146,7.7185,9.5291,11.0943,11.3548
Western Asia,Fertilizers Manufacturing,Emissions (CO2),kilotonnes,8606.4318,9380.1992,10625.4176,11336.908,11135.6356,12932.0579,13807.6204,15097.4324,15029.2825,15493.9359,15393.6409,16418.9775,17276.7856,25408.4034,24917.4925,25672.1375,26191.7835,18493.8962,19768.0136,24822.8012,23431.9906
Western Asia,Fertilizers Manufacturing,Emissions (CO2eq) from N2O (AR5),kilotonnes,1686.778,1748.1255,1917.6195,1774.599,1723.6395,1820.603,2215.506,2108.393,2099.9395,2225.47,2312.7875,2476.5045,2471.2575,2344.879,2456.179,2146.3954,1991.3794,2045.3967,2525.2098,2940.0005,3009.0146
Western Asia,Fertilizers Manufacturing,Emissions (CO2eq) (AR5),kilotonnes,10293.2098,11128.3247,12543.0371,13111.507,12859.2751,14752.6609,16023.1264,17205.8254,17129.222,17719.4059,17706.4284,18895.482,19748.0431,27753.2824,27373.6715,27818.5328,28183.1629,20539.2929,22293.2234,27762.8017,26441.0052
Western Asia,On-farm electricity use,Emissions (CH4),kilotonnes,14.7706,15.3592,16.0756,16.3731,17.3653,18.0601,18.9188,20.478,22.3642,23.6765,23.3334,23.1879,24.7393,23.3637,24.1997,25.3062,28.0026,28.5219,31.8727,33.4072,33.4072
Western Asia,On-farm electricity use,Emissions (N2O),kilotonnes,0.0787,0.082,0.0859,0.0874,0.0928,0.0966,0.1009,0.1094,0.1195,0.1264,0.1246,0.1238,0.132,0.1246,0.1291,0.1349,0.1493,0.152,0.1699,0.178,0.178
Western Asia,On-farm electricity use,Emissions (CO2),kilotonnes,8091.6431,8414.4421,8621.6272,8618.275,9054.085,9433.1351,9791.7541,10618.5375,11728.3665,12873.0742,12007.6369,12305.9171,13018.1951,12484.9798,12910.3284,13706.052,14842.7315,15106.306,16471.9721,17184.3008,17184.3008
Western Asia,On-farm electricity use,Emissions (CO2eq) from CH4 (AR5),kilotonnes,413.5768,430.0576,450.1168,458.4468,486.2284,505.6828,529.7264,573.384,626.1976,662.942,653.3352,649.2612,692.7004,654.1836,677.5916,708.5736,784.0728,798.6132,892.4356,935.4016,935.4016
Western Asia,On-farm electricity use,Emissions (CO2eq) from N2O (AR5),kilotonnes,20.8555,21.73,22.7635,23.161,24.592,25.599,26.7385,28.991,31.6675,33.496,33.019,32.807,34.98,33.019,34.2115,35.7485,39.5645,40.28,45.0235,47.17,47.17
Western Asia,On-farm electricity use,Emissions (CO2eq) (AR5),kilotonnes,8526.0754,8866.2297,9094.5075,9099.8828,9564.9054,9964.4169,10348.219,11220.9125,12386.2316,13569.5122,12693.9911,12987.9853,13745.8755,13172.1824,13622.1315,14450.3741,15666.3688,15945.1992,17409.4312,18166.8724,18166.8724
Western Asia,Food Processing,Emissions (CH4),kilotonnes,856.2797,843.0711,802.4754,899.1539,832.5015,859.998,945.1909,548.1339,629.1135,810.4763,956.682,993.8998,1114.5073,1148.308,1139.5861,1093.8333,1045.9744,835.3693,855.13,1009.8072,1040.539
Western Asia,Food Processing,Emissions (N2O),kilotonnes,0.1602,0.1615,0.157,0.1697,0.1544,0.1677,0.1588,0.1973,0.1899,0.1867,0.1928,0.222,0.2323,0.2419,0.2623,0.2325,0.2449,0.2379,0.277,0.2752,0.2831
Western Asia,Food Processing,Emissions (CO2),kilotonnes,19379.5223,19572.0359,19136.7576,21585.3979,21139.6628,22421.8196,21623.6753,32562.5462,38158.6149,38910.8138,35738.7238,38908.1717,45177.6107,48515.534,47929.9801,48702.0345,46837.8245,39905.586,42119.8837,42481.9132,40294.0178
Western Asia,Food Processing,Emissions (CO2eq) from CH4 (AR5),kilotonnes,23975.8316,23605.9908,22469.3112,25176.3092,23310.042,24079.944,26465.3452,15347.7492,17615.178,22693.3364,26787.096,27829.1944,31206.2044,32152.624,31908.4108,30627.3324,29287.2832,23390.3404,23943.64,28274.6016,29135.0926
Western Asia,Food Processing,Emissions (CO2eq) from N2O (AR5),kilotonnes,42.453,42.7975,41.605,44.9705,40.916,44.4405,42.082,52.2845,50.3235,49.4755,51.092,58.83,61.5595,64.1035,69.5095,61.6125,64.8985,63.0435,73.405,72.928,75.0305
Western Asia,Food Processing,Emissions (CO2eq) (AR5),kilotonnes,43397.8069,43220.8242,41647.6738,46806.6776,44490.6208,46546.2041,48131.1025,47962.5799,55824.1164,61653.6257,62576.9118,66796.1961,76445.3746,80732.2615,79907.9004,79390.9794,76190.0062,63358.9699,66136.9287,70829.4428,69504.1409
Western Asia,Food Packaging,Emissions (CH4),kilotonnes,39.2098,28.8108,25.4335,27.9362,13.9864,13.251,12.1722,13.197,11.6479,12.72,11.4989,11.393,13.9706,10.4103,12.5235,13.6489,14.3203,14.4156,15.7776,12.7682,12.7948
Western Asia,Food Packaging,Emissions (N2O),kilotonnes,0.0249,0.0234,0.0239,0.0256,0.0283,0.0242,0.0262,0.0318,0.0351,0.0345,0.037,0.0393,0.0429,0.0411,0.0446,0.0454,0.0486,0.0497,0.0556,0.0494,0.0508
Western Asia,Food Packaging,Emissions (CO2),kilotonnes,5247.3162,5042.612,5231.0616,5248.7113,5491.6971,3922.9753,4291.5613,4615.1004,5134.2688,4995.7579,5088.2745,5462.2083,5888.2812,5821.7645,6233.511,6620.7637,6837.9507,6866.0656,7295.7178,6624.3843,6309.0263
Western Asia,Food Packaging,Emissions (CO2eq) from CH4 (AR5),kilotonnes,1097.8744,806.7024,712.138,782.2136,391.6192,371.028,340.8216,369.516,326.1412,356.16,321.9692,319.004,391.1768,291.4884,350.658,382.1692,400.9684,403.6368,441.7728,357.5083,358.2557
Western Asia,Food Packaging,Emissions (CO2eq) from N2O (AR5),kilotonnes,6.5985,6.201,6.3335,6.784,7.4995,6.413,6.943,8.427,9.3015,9.1425,9.805,10.4145,11.3685,10.8915,11.819,12.031,12.879,13.1705,14.734,13.091,13.4715
Western Asia,Food Packaging,Emissions (CO2eq) (AR5),kilotonnes,6351.7891,5855.5154,5949.5331,6037.7089,5890.8158,4300.4163,4639.3259,4993.0434,5469.7115,5361.0604,5420.0487,5791.6268,6290.8265,6124.1444,6595.988,7014.9639,7251.7981,7282.8729,7752.2246,6994.9835,6680.7535
Western Asia,Food Retail,Emissions (CH4),kilotonnes,13.006,12.7166,13.3786,14.4495,14.8579,15.6894,17.0535,20.6957,22.8267,24.0312,26.4681,27.3499,29.7603,30.8535,31.9559,34.4072,35.3675,37.1123,38.2241,38.6332,38.6135
Western Asia,Food Retail,Emissions (N2O),kilotonnes,0.0744,0.0748,0.0814,0.0865,0.0908,0.0959,0.1014,0.1194,0.1718,0.1826,0.1942,0.1951,0.2159,0.2086,0.2159,0.2331,0.2371,0.2483,0.2323,0.2579,0.2645
Western Asia,Food Retail,Emissions (CO2),kilotonnes,7835.4445,7680.9909,8105.5618,8667.4055,9511.529,9923.9935,10994.2989,12634.629,16526.4564,17395.6551,18201.9305,18847.2715,20767.358,20504.0176,21182.2458,24090.1732,24492.6779,25449.0798,25207.0775,26044.2346,24828.8891
Western Asia,Food Retail,Emissions (CO2eq) from F-gases (AR5),kilotonnes,2133.067,2782.9615,3497.274,4418.3475,5481.2445,6075.5525,6830.386,7585.739,7684.9635,7736.394,7764.9665,7782.11,7794.578,7804.968,7804.968,7804.968,8467.3305,8639.8045,8812.798,8984.7525,9119.8593
Western Asia,Food Retail,Emissions (CO2eq) from CH4 (AR5),kilotonnes,364.1684,356.0656,374.6013,404.5857,416.021,439.3037,477.4983,579.4792,639.1488,672.8745,741.107,765.7972,833.2884,863.898,894.7652,963.4016,990.29,1039.1444,1070.2748,1081.7296,1081.1777
Western Asia,Food Retail,Emissions (CO2eq) from N2O (AR5),kilotonnes,19.7265,19.8261,21.5801,22.9214,24.0587,25.4128,26.8785,31.6294,45.5348,48.3937,51.4535,51.7015,57.2135,55.279,57.2135,61.7715,62.8315,65.7995,61.5595,68.3435,70.101
Western Asia,Food Retail,Emissions (CO2eq) (AR5),kilotonnes,10352.4064,10839.8441,11999.0172,13513.2601,15432.8532,16464.2625,18329.0616,20831.4766,24896.1034,25853.3173,26759.4575,27446.8802,29452.4379,29228.1626,29939.1925,32920.3143,34013.1299,35193.8282,35151.7098,36179.0602,35100.027
Western Asia,Food Household Consumption,Emissions (CH4),kilotonnes,28.3069,28.12,30.3081,32.7111,34.9343,38.8304,40.5308,42.7176,44.8798,48.4897,51.1563,51.0982,53.3082,52.2005,54.2648,57.8958,59.1266,61.5985,58.0319,57.7182,57.2414
Western Asia,Food Household Consumption,Emissions (N2O),kilotonnes,0.1645,0.1641,0.1755,0.1889,0.201,0.2259,0.2324,0.246,0.2597,0.2785,0.29,0.2908,0.3041,0.2932,0.3023,0.3215,0.3308,0.3438,0.3239,0.3222,0.3282
Western Asia,Food Household Consumption,Emissions (CO2),kilotonnes,20438.4448,20364.7575,21170.463,22496.478,23570.6433,26054.2159,26697.4636,28187.3259,30262.9506,32268.3397,32957.3149,34556.9557,35586.5199,34745.0566,35783.4966,37883.4106,39089.1105,40782.8781,38499.7417,38308.4316,36324.209
Western Asia,Food Household Consumption,Emissions (CO2eq) from CH4 (AR5),kilotonnes,792.5932,787.36,848.6268,915.9108,978.1604,1087.2512,1134.8624,1196.0928,1256.6344,1357.7116,1432.3764,1430.7496,1492.6296,1461.614,1519.4144,1621.0824,1655.5448,1724.758,1624.8932,1616.1096,1602.7582
Western Asia,Food Household Consumption,Emissions (CO2eq) from N2O (AR5),kilotonnes,43.5925,43.4865,46.5075,50.0585,53.265,59.8635,61.586,65.19,68.8205,73.8025,76.85,77.062,80.5865,77.698,80.1095,85.1975,87.662,91.107,85.8335,85.383,86.9751
Western Asia,Food Household Consumption,Emissions (CO2eq) (AR5),kilotonnes,21274.6305,21195.604,22065.5973,23462.4473,24602.0687,27201.3306,27893.912,29448.6087,31588.4055,33699.8538,34466.5413,36064.7673,37159.736,36284.3686,37383.0205,39589.6905,40832.3173,42598.7431,40210.4684,40009.9242,38013.9423
Western Asia,Food Transport,Emissions (CH4),kilotonnes,3.8851,3.7147,3.6964,3.5785,3.6944,3.8719,3.8783,3.867,3.8979,3.8322,3.7267,3.9638,4.2244,4.3943,4.3652,4.4607,4.5614,4.6536,4.5202,4.2976,4.2868
Western Asia,Food Transport,Emissions (N2O),kilotonnes,0.5794,0.5937,0.6113,0.6098,0.6252,0.6576,0.6598,0.6452,0.6505,0.642,0.6248,0.6572,0.7039,0.7411,0.7593,0.7798,0.7988,0.8344,0.8018,0.8163,0.8309
Western Asia,Food Transport,Emissions (CO2),kilotonnes,20197.5655,20822.5755,21724.6985,21823.9295,23042.178,24643.4735,26398.223,28481.6199,29941.684,30937.129,32018.6379,33444.741,36134.142,37545.4802,38583.1902,39833.2262,40488.5542,40681.3694,39045.0621,40945.0337,38838.5733
Western Asia,Food Transport,Emissions (CO2eq) from CH4 (AR5),kilotonnes,108.7828,104.0116,103.4992,100.198,103.4432,108.4132,108.5924,108.276,109.1412,107.3016,104.3476,110.9864,118.2832,123.0404,122.2256,124.8996,127.7192,130.3008,126.5656,120.3328,120.0296
Western Asia,Food Transport,Emissions (CO2eq) from N2O (AR5),kilotonnes,153.541,157.3305,161.9945,161.597,165.678,174.264,174.847,170.978,172.3825,170.13,165.572,174.158,186.5335,196.3915,201.2145,206.647,211.682,221.116,212.477,216.3195,220.1841
Western Asia,Food Transport,Emissions (CO2eq) (AR5),kilotonnes,20459.8893,21083.9176,21990.1922,22085.7245,23311.2992,24926.1507,26681.6624,28760.8739,30223.2077,31214.5606,32288.5575,33729.8854,36438.9587,37864.9121,38906.6303,40164.7728,40827.9554,41032.7862,39384.1047,41281.686,39178.787
Western Asia,Energy,Emissions (CH4),kilotonnes,10294.79,9963.49,9481.508,10267.194,10521.38,10691.332,11017.88,11108.241,11589.62,11686.691,12487.496,13253.322,13912.809,14312.202,14418.913,14867.551,16115.005,16038.574,16589.262,17059.9,17523
Western Asia,Energy,Emissions (N2O),kilotonnes,15.5731,15.4969,16.1234,16.8778,17.8668,18.733,19.7045,20.8698,22.4675,21.3019,21.3807,22.3824,21.3261,21.2388,23.2797,22.148,22.409,23.282,22.88,22.8585,23.4721
Western Asia,Energy,Emissions (CO2),kilotonnes,1009500,996690,1013190,1093570,1180800,1213890,1287090,1258650,1372240,1420310,1492100,1542770,1704250,1678700,1766590,1839690,1793110,1829100,1854320,1825470,1724070
Western Asia,Energy,Emissions (CO2eq) from CH4 (AR5),kilotonnes,288254.12,278977.72,265482.224,287481.432,294598.64,299357.296,308500.64,311030.748,324509.36,327227.348,349649.888,371093.016,389558.652,400741.656,403729.564,416291.428,451220.14,449080.072,464499.336,477677.2,490644
Western Asia,Energy,Emissions (CO2eq) from N2O (AR5),kilotonnes,4126.8715,4106.6785,4272.701,4472.617,4734.702,4964.245,5221.6925,5530.497,5953.8875,5645.0035,5665.8855,5931.336,5651.4165,5628.282,6169.1205,5869.22,5938.385,6169.73,6063.2,6057.5025,6220.1065
Western Asia,Energy,Emissions (CO2eq) (AR5),kilotonnes,1301880.992,1279774.399,1282944.925,1385524.049,1480133.342,1518211.541,1600812.333,1575211.245,1702703.248,1753182.352,1847415.774,1919794.352,2099460.069,2085069.938,2176488.685,2261850.648,2250268.525,2284349.802,2324882.536,2309204.703,2220934.107
Western Asia,IPPU,Emissions (CH4),kilotonnes,14.6402,18.6969,18.9634,19.9855,20.7225,23.7085,24.7996,25.1093,29.0273,32.3932,35.9162,38.4765,39.8446,42.6573,44.1397,47.0462,48.1256,51.229,49.3941,55.0928,57.3048
Western Asia,IPPU,Emissions (N2O),kilotonnes,36.7574,34.7782,37.6863,38.3971,39.5719,36.2226,39.7563,39.805,39.7757,40.5155,41.4993,42.1913,88.7454,89.4445,90.1127,90.7838,91.3919,92.213,92.906,99.4435,99.8675
Western Asia,IPPU,Emissions (CO2),kilotonnes,70348,78723,83634,85574,92380,101271,109081,118689,130404,137894,152241,163578,172262,181597,188389,189128,191965,195324,197229,199045,212876
Western Asia,IPPU,Emissions (CO2eq) from F-gases (AR5),kilotonnes,7806.3086,8283.6928,8884.8299,9642.779,10673.0624,11990.8685,13002.5622,14177.9965,15284.4363,17395.1844,20117.1662,21870.2115,22693.5791,23417.3327,24173.7557,25922.4281,27966.3292,29144.5107,30826.7763,31168.4452,31653.9338
Western Asia,IPPU,Emissions (CO2eq) from CH4 (AR5),kilotonnes,409.925,523.5126,530.9746,559.5934,580.2294,663.8374,694.3882,703.0598,812.7638,907.0085,1005.655,1077.3428,1115.6494,1194.4041,1235.9124,1317.2925,1347.5165,1434.4126,1383.0337,1542.5981,1604.535
Western Asia,IPPU,Emissions (CO2eq) from N2O (AR5),kilotonnes,9740.711,9216.223,9986.8695,10175.2315,10486.5535,9598.989,10535.4195,10548.325,10540.5605,10736.6075,10997.3145,11180.6945,23517.531,23702.7925,23879.8655,24057.707,24218.8535,24436.445,24620.09,26352.5275,26464.8875
Western Asia,IPPU,Emissions (CO2eq) (AR5),kilotonnes,88304.9447,96746.4284,103036.674,105951.604,114119.8453,123524.6949,133313.3699,144118.3814,157041.7606,166932.8004,184361.1357,197706.2488,219588.7595,229911.5293,237678.5336,240425.4276,245497.6992,250339.3683,254058.9,258108.5708,272599.3562
Western Asia,Waste,Emissions (CH4),kilotonnes,2992.8,3155.9,3067.1,3167.7,3170.1,3326,3579.9,3765.5,3841.6,4082.4,4449.4,4654.2,4889.5,5099.2,5304,5458.4,5557.5,5685.9,5735,5884.5,6045.2
Western Asia,Waste,Emissions (N2O),kilotonnes,9.6896,9.8908,10.0917,10.3175,10.5542,10.8183,11.1111,11.4387,11.6974,11.9782,12.3209,12.7207,13.1793,13.584,13.7808,13.8771,13.8689,13.9964,14.1433,14.7824,15.0756
Western Asia,Waste,Emissions (CO2),kilotonnes,33.0902,34.1731,22.8561,27.741,11.7249,21.3088,29.6945,29.1802,27.0658,21.6524,14.6372,11.823,9.2947,4.8699,0.4465,0.6074,0.7723,0.6962,0.517,0.9577,1.4465
Western Asia,Waste,Emissions (CO2eq) from CH4 (AR5),kilotonnes,83798.4,88365.2,85878.8,88695.6,88762.8,93128,100237.2,105434,107564.8,114307.2,124583.2,130317.6,136906,142777.6,148512,152835.2,155610,159205.2,160580,164766,169265.6
Western Asia,Waste,Emissions (CO2eq) from N2O (AR5),kilotonnes,2567.744,2621.062,2674.3005,2734.1375,2796.863,2866.8495,2944.4415,3031.2555,3099.811,3174.223,3265.0385,3370.9855,3492.5145,3599.76,3651.912,3677.4315,3675.2585,3709.046,3747.9745,3917.336,3995.034
Western Asia,Waste,Emissions (CO2eq) (AR5),kilotonnes,86399.2342,91020.4352,88575.9567,91457.4785,91571.3879,96016.1583,103211.336,108494.4357,110691.6768,117503.0754,127862.8757,133700.4085,140407.8092,146382.2299,152164.3585,156513.2389,159286.0308,162914.9422,164328.4915,168684.2937,173262.0805
Western Asia,Other,Emissions (CH4),kilotonnes,0,0,0,0,0,0,0,0,0,0,0,0,0,0,0,0,0,0,0,0,0
Western Asia,Other,Emissions (N2O),kilotonnes,20.0107,19.7264,20.1483,20.4015,21.1791,21.7397,22.4327,23.0751,23.8412,24.3728,25.1141,26.487,28.3718,28.5584,29.9114,29.9333,30.0859,30.0689,29.3419,32.1046,32.7903
Western Asia,Other,Emissions (CO2),kilotonnes,632,587,535,476,413,348,283,220,161,109,64.2,29.9,7.82,0,0,0,0,0,0,0,0
Western Asia,Other,Emissions (CO2eq) from CH4 (AR5),kilotonnes,0,0,0,0,0,0,0,0,0,0,0,0,0,0,0,0,0,0,0,0,0
Western Asia,Other,Emissions (CO2eq) from N2O (AR5),kilotonnes,5302.8355,5227.496,5339.2995,5406.3975,5612.4615,5761.0205,5944.6655,6114.9015,6317.918,6458.792,6655.2365,7019.055,7518.527,7567.976,7926.521,7932.3245,7972.7635,7968.2585,7775.6035,8507.719,8689.4295
Western Asia,Other,Emissions (CO2eq) (AR5),kilotonnes,5934.8355,5814.496,5874.2995,5882.3975,6025.4615,6109.0205,6227.6655,6334.9015,6478.918,6567.792,6719.4365,7048.955,7526.347,7567.976,7926.521,7932.3245,7972.7635,7968.2585,7775.6035,8507.719,8689.4295
Western Asia,Farm-gate emissions,Emissions (CH4),kilotonnes,1513.2948,1472.8658,1474.4467,1475.334,1500.0588,1558.1883,1615.9235,1666.3987,1630.3771,1636.5044,1622.6533,1698.4048,1778.8987,1857.5311,1883.8726,1828.6914,1819.1319,1806.079,1909.666,2029.1638,2072.3132
Western Asia,Farm-gate emissions,Direct emissions (N2O),kilotonnes,107.1559,105.5353,108.2202,103.9131,106.3636,109.5087,112.098,110.7662,105.7263,112.38,107.9842,111.3096,117.7446,123.4035,121.0153,121.1855,129.1895,126.377,127.4847,135.3004,146.0947
Western Asia,Farm-gate emissions,Indirect emissions (N2O),kilotonnes,32.0912,31.4931,32.3137,30.9788,31.7749,32.7089,33.5765,33.3225,31.6591,33.4932,31.9932,32.9399,34.8613,36.4138,35.6767,35.9119,38.5961,37.6069,37.6611,39.9258,43.474
Western Asia,Farm-gate emissions,Emissions (N2O),kilotonnes,150.4765,148.5248,152.595,146.6486,150.8562,154.9938,158.7879,158.9615,154.5422,162.1529,156.5759,161.8744,168.611,175.1642,171.7613,170.9501,180.2658,175.9052,176.3263,187.1656,200.6612
Western Asia,Farm-gate emissions,Emissions (CO2),kilotonnes,45811.281,42714.8423,49385.723,52375.1915,54215.2744,54312.4608,58981.5155,66430.556,66128.4575,64344.828,64683.7187,63750.3985,59114.9995,53183.4289,48274.1933,42923.0504,37068.4539,34548.165,34522.4935,32629.3979,32629.3979
Western Asia,Farm-gate emissions,Emissions (CO2eq) from CH4 (AR5),kilotonnes,42372.2552,41240.242,41284.508,41309.3509,42001.6456,43629.2715,45245.8588,46659.1628,45650.5598,45822.1234,45434.2934,47555.3349,49809.1643,52010.8703,52748.4318,51203.3595,50935.6936,50570.2119,53470.6488,56816.5878,58024.7688
Western Asia,Farm-gate emissions,Emissions (CO2eq) from N2O (AR5),kilotonnes,39876.2624,39359.0671,40437.6686,38861.8773,39976.8804,41073.357,42078.7845,42124.7942,40953.6936,42970.5279,41492.6181,42896.7033,44681.9094,46418.5259,45516.7517,45301.7635,47770.4341,46614.8723,46726.4661,49598.8957,53175.2145
Western Asia,Farm-gate emissions,Emissions (CO2eq) (AR5),kilotonnes,128059.7986,123314.1514,131107.8995,132546.4197,136193.8004,139015.0893,146306.1588,155214.5131,152732.711,153137.4793,151610.6302,154202.4367,153606.0731,151612.8252,146539.3767,139428.1734,135774.5817,131733.2491,134719.6084,139044.8814,143829.3812
Western Asia,Land Use change,Emissions (CH4),kilotonnes,0,0,0,0,0,0,0,0,0,0,0,0,0,0,0,0,0,0,0,0,0
Western Asia,Land Use change,Emissions (N2O),kilotonnes,0,0,0,0,0,0,0,0,0,0,0,0,0,0,0,0,0,0,0,0,0
Western Asia,Land Use change,Emissions (CO2),kilotonnes,75.3785,410.2648,410.2648,410.2648,410.2648,410.2648,410.2648,410.2648,410.2648,410.2648,410.2648,122.5254,122.5254,122.5254,122.5254,122.5254,1413.9519,1413.9519,1413.9519,1413.9519,1413.9519
Western Asia,Land Use change,Emissions (CO2eq) from CH4 (AR5),kilotonnes,0,0,0,0,0,0,0,0,0,0,0,0,0,0,0,0,0,0,0,0,0
Western Asia,Land Use change,Emissions (CO2eq) from N2O (AR5),kilotonnes,0,0,0,0,0,0,0,0,0,0,0,0,0,0,0,0,0,0,0,0,0
Western Asia,Land Use change,Emissions (CO2eq) (AR5),kilotonnes,75.3785,410.2648,410.2648,410.2648,410.2648,410.2648,410.2648,410.2648,410.2648,410.2648,410.2648,122.5254,122.5254,122.5254,122.5254,122.5254,1413.9519,1413.9519,1413.9519,1413.9519,1413.9519
Western Asia,Emissions on agricultural land,Emissions (CH4),kilotonnes,1513.2948,1472.8658,1474.4467,1475.334,1500.0588,1558.1883,1615.9235,1666.3987,1630.3771,1636.5044,1622.6533,1698.4048,1778.8987,1857.5311,1883.8726,1828.6914,1819.1319,1806.079,1909.666,2029.1638,2072.3132
Western Asia,Emissions on agricultural land,Emissions (N2O),kilotonnes,150.4765,148.5248,152.595,146.6486,150.8562,154.9938,158.7879,158.9615,154.5422,162.1529,156.5759,161.8744,168.611,175.1642,171.7613,170.9501,180.2658,175.9052,176.3263,187.1656,200.6612
Western Asia,Emissions on agricultural land,Emissions (CO2),kilotonnes,45886.6596,43125.1071,49795.9878,52785.4563,54625.5393,54722.7256,59391.7804,66840.8209,66538.7224,64755.0928,65093.9836,63872.9239,59237.5249,53305.9543,48396.7187,43045.5758,38482.4058,35962.1169,35936.4454,34043.3497,34043.3497
Western Asia,Emissions on agricultural land,Emissions (CO2eq) from CH4 (AR5),kilotonnes,42372.2552,41240.242,41284.508,41309.3509,42001.6456,43629.2715,45245.8588,46659.1628,45650.5598,45822.1234,45434.2934,47555.3349,49809.1643,52010.8703,52748.4318,51203.3595,50935.6936,50570.2119,53470.6488,56816.5878,58024.7688
Western Asia,Emissions on agricultural land,Emissions (CO2eq) from N2O (AR5),kilotonnes,39876.2624,39359.0671,40437.6686,38861.8773,39976.8804,41073.357,42078.7845,42124.7942,40953.6936,42970.5279,41492.6181,42896.7033,44681.9094,46418.5259,45516.7517,45301.7635,47770.4341,46614.8723,46726.4661,49598.8957,53175.2145
Western Asia,Emissions on agricultural land,Emissions (CO2eq) (AR5),kilotonnes,128135.1771,123724.4163,131518.1644,132956.6845,136604.0653,139425.3541,146716.4237,155624.7779,153142.9759,153547.7441,152020.8951,154324.9621,153728.5985,151735.3506,146661.9022,139550.6988,137188.5335,133147.201,136133.5602,140458.8332,145243.3331
Western Asia,Pre- and post- production,Emissions (CH4),kilotonnes,2735.6919,2750.83,2750.2638,2890.0806,2850.9475,2939.6471,3057.0399,2707.6327,2840.0825,3048.5886,3226.7873,3297.9241,3454.7972,3697.3392,3732.5623,3736.3386,3728.3581,3513.7761,3526.4912,3653.2035,3665.9149
Western Asia,Pre- and post- production,Emissions (N2O),kilotonnes,12.619,12.9331,13.7904,13.4068,13.3697,14.2904,15.8919,15.7929,16.0588,16.5571,17.1664,18.1168,18.5281,18.4159,18.694,17.8607,17.4043,17.5945,19.386,20.932,21.2058
Western Asia,Pre- and post- production,Emissions (CO2),kilotonnes,90217.4003,91697.3567,95036.1428,100198.972,103370.9037,109760.7007,114036.3979,132631.9413,147220.3086,153311.1923,151845.5157,160385.218,174290.6546,185467.4381,187982.6764,196947.951,199219.9082,187725.3977,188848.8447,196831.6504,187629.3774
Western Asia,Pre- and post- production,Emissions (CO2eq) from F-gases (AR5),kilotonnes,2133.067,2782.9615,3497.274,4418.3475,5481.2445,6075.5525,6830.386,7585.739,7684.9635,7736.394,7764.9665,7782.11,7794.578,7804.968,7804.968,7804.968,8467.3305,8639.8045,8812.798,8984.7525,9119.8593
Western Asia,Pre- and post- production,Emissions (CO2eq) from CH4 (AR5),kilotonnes,76599.3738,77023.2408,77007.3856,80922.2566,79826.5302,82310.1176,85597.1166,75813.7161,79522.3103,85360.4805,90350.0457,92341.8757,96734.3224,103525.4969,104511.7455,104617.4806,104394.0268,98385.732,98741.7536,102289.6983,102645.6175
Western Asia,Pre- and post- production,Emissions (CO2eq) from N2O (AR5),kilotonnes,3344.0357,3427.2821,3654.4654,3552.806,3542.9797,3786.958,4211.3661,4185.1216,4255.5893,4387.634,4549.102,4800.955,4909.9503,4880.2006,4953.9089,4733.0812,4612.1354,4662.5476,5137.2781,5546.9872,5619.5375
Western Asia,Pre- and post- production,Emissions (CO2eq) (AR5),kilotonnes,172293.8768,174930.8412,179195.2678,189092.3821,192221.6581,201933.3288,210675.2666,220216.518,238683.1717,250795.7008,254509.63,265310.1587,283729.5053,301678.1036,305253.2988,314103.4807,316693.4009,299413.4818,301540.6744,313653.0884,305014.3917
Western Asia,Agri-food systems,Emissions (CH4),kilotonnes,4248.9867,4223.6958,4224.7105,4365.4146,4351.0063,4497.8353,4672.9634,4374.0314,4470.4596,4685.093,4849.4407,4996.3289,5233.696,5554.8703,5616.4349,5565.03,5547.49,5319.8551,5436.1572,5682.3674,5738.2281
Western Asia,Agri-food systems,Emissions (N2O),kilotonnes,163.0955,161.4579,166.3854,160.0554,164.2259,169.2842,174.6798,174.7544,170.6011,178.71,173.7423,179.9912,187.1391,193.5801,190.4553,188.8107,197.6701,193.4997,195.7122,208.0977,221.867
Western Asia,Agri-food systems,Emissions (CO2),kilotonnes,136104.0598,134822.4638,144832.1306,152984.4283,157996.443,164483.4263,173428.1783,199472.7622,213759.031,218066.2852,216939.4993,224258.1419,233528.1795,238773.3924,236379.3951,239993.5268,237702.314,223687.5146,224785.29,230875.0001,221672.7271
Western Asia,Agri-food systems,Emissions (CO2eq) from F-gases (AR5),kilotonnes,2133.067,2782.9615,3497.274,4418.3475,5481.2445,6075.5525,6830.386,7585.739,7684.9635,7736.394,7764.9665,7782.11,7794.578,7804.968,7804.968,7804.968,8467.3305,8639.8045,8812.798,8984.7525,9119.8593
Western Asia,Agri-food systems,Emissions (CO2eq) from CH4 (AR5),kilotonnes,118971.629,118263.4828,118291.8936,122231.6075,121828.1758,125939.3891,130842.9754,122472.8789,125172.8702,131182.6038,135784.3391,139897.2106,146543.4866,155536.3672,157260.1773,155820.8401,155329.7204,148955.9438,152212.4024,159106.2861,160670.3863
Western Asia,Agri-food systems,Emissions (CO2eq) from N2O (AR5),kilotonnes,43220.2981,42786.3492,44092.134,42414.6833,43519.8601,44860.315,46290.1506,46309.9158,45209.2829,47358.1619,46041.7202,47697.6583,49591.8597,51298.7264,50470.6605,50034.8446,52382.5695,51277.4199,51863.7442,55145.883,58794.752
Western Asia,Agri-food systems,Emissions (CO2eq) (AR5),kilotonnes,300429.0539,298655.2574,310713.4321,322049.0666,328825.7234,341358.6829,357391.6903,375841.2959,391826.1476,404343.4449,406530.5251,419635.1208,437458.1039,453413.4541,451915.2009,453654.1795,453881.9345,432560.6828,437674.2346,454111.9217,450257.7247
Western Asia,IPCC Agriculture,Emissions (CH4),kilotonnes,1472.3389,1444.8738,1435.9306,1427.8229,1450.2396,1508.7541,1553.5379,1593.3461,1580.0587,1582.877,1569.4934,1655.8801,1738.5718,1825.7079,1863.1074,1814.8863,1809.3609,1799.6638,1905.2191,2025.4064,2068.5557
Western Asia,IPCC Agriculture,Direct emissions (N2O),kilotonnes,107.1559,105.5353,108.2202,103.9131,106.3636,109.5087,112.098,110.7662,105.7263,112.38,107.9842,111.3096,117.7446,123.4035,121.0153,121.1855,129.1895,126.377,127.4847,135.3004,146.0947
Western Asia,IPCC Agriculture,Indirect emissions (N2O),kilotonnes,32.0912,31.4931,32.3137,30.9788,31.7749,32.7089,33.5765,33.3225,31.6591,33.4932,31.9932,32.9399,34.8613,36.4138,35.6767,35.9119,38.5961,37.6069,37.6611,39.9258,43.474
Western Asia,IPCC Agriculture,Emissions (N2O),kilotonnes,141.4854,139.263,142.8415,137.2046,140.5311,144.6587,148.1901,146.4238,139.5703,148.0331,142.4046,146.5696,154.9118,162.237,159.1222,159.7455,170.3546,166.5053,167.7108,179.3354,192.8309
Western Asia,IPCC Agriculture,Emissions (CO2eq) from CH4 (AR5),kilotonnes,41225.4881,40456.4654,40206.0559,39979.0404,40606.7096,42245.1142,43499.0599,44613.6911,44241.6446,44320.5552,43945.8157,46364.6438,48680.0094,51119.8225,52167.0059,50816.815,50662.1064,50390.5862,53346.1354,56711.3789,57919.5599
Western Asia,IPCC Agriculture,Emissions (CO2eq) from N2O (AR5),kilotonnes,37493.6233,36904.6869,37852.9953,36359.2124,37240.7485,38334.5635,39270.3774,38802.3022,36986.1413,39228.7801,37737.2157,38840.9365,41051.6333,42992.8006,42167.3945,42332.5509,45143.9612,44123.9098,44443.3572,47523.8763,51100.1951
Western Asia,IPCC Agriculture,Emissions (CO2eq) (AR5),kilotonnes,78719.1115,77361.1522,78059.0512,76338.2528,77847.4581,80579.6778,82769.4373,83415.9933,81227.786,83549.3353,81683.0315,85205.5804,89731.6427,94112.6231,94334.4004,93149.3659,95806.0675,94514.496,97789.4926,104235.2552,109019.755
Western Asia,Agricultural Soils,Direct emissions (N2O),kilotonnes,107.1559,105.5353,108.2202,103.9131,106.3636,109.5087,112.098,110.7662,105.7263,112.38,107.9842,111.3096,117.7446,123.4035,121.0153,121.1855,129.1895,126.377,127.4847,135.3004,146.0947
Western Asia,Agricultural Soils,Indirect emissions (N2O),kilotonnes,32.0912,31.4931,32.3137,30.9788,31.7749,32.7089,33.5765,33.3225,31.6591,33.4932,31.9932,32.9399,34.8613,36.4138,35.6767,35.9119,38.5961,37.6069,37.6611,39.9258,43.474
Western Asia,Agricultural Soils,Emissions (N2O),kilotonnes,139.2474,137.0287,140.5342,134.8922,138.1388,142.2178,145.6748,144.0889,137.3857,145.8734,139.9777,144.2497,152.6063,159.8175,156.6923,157.0977,167.7859,163.9842,165.1461,175.2265,189.5689
Western Asia,Agricultural Soils,Emissions (CO2eq) from N2O (AR5),kilotonnes,36900.5573,36312.6052,37241.5525,35746.4205,36606.7911,37687.7221,38603.8142,38183.5653,36407.1996,38656.464,37094.0923,38226.1834,40440.6569,42351.6421,41523.4495,41630.8858,44463.2621,43455.8088,43763.7066,46435.0303,50235.761
Western Asia,Agricultural Soils,Emissions (CO2eq) (AR5),kilotonnes,36900.5573,36312.6052,37241.5525,35746.4205,36606.7911,37687.7221,38603.8142,38183.5653,36407.1996,38656.464,37094.0923,38226.1834,40440.6569,42351.6421,41523.4495,41630.8858,44463.2621,43455.8088,43763.7066,46435.0303,50235.761
Western Asia,LULUCF,Emissions (CH4),kilotonnes,1.4807,0.0424,0.1918,0.1246,0.1221,0.1121,0.2317,0.1195,0.2616,0.0374,0.5283,0.1345,0.2788,0.1994,0.0673,0.2193,0.0548,0.3288,0.1245,1.338,1.2703
Western Asia,LULUCF,Emissions (N2O),kilotonnes,0.0819,0.0039,0.0175,0.0114,0.0111,0.0102,0.0212,0.0109,0.0239,0.0034,0.0482,0.0123,0.0255,0.0182,0.0061,0.02,0.005,0.03,0.0114,0.1222,0.116
Western Asia,LULUCF,Emissions (CO2),kilotonnes,-37570.5204,-49183.3179,-49183.3179,-49183.3179,-49183.3179,-49183.3179,-49183.3179,-49183.3179,-49183.3179,-49183.3179,-49183.3179,-63640.8425,-63640.8425,-63640.8425,-63640.8425,-63640.8425,-30262.3674,-30262.3674,-30262.3674,-30262.3674,-30262.3674
Western Asia,LULUCF,Emissions (CO2eq) from CH4 (AR5),kilotonnes,41.4602,1.186,5.3715,3.4887,3.4191,3.1396,6.4874,3.3472,7.3238,1.0467,14.793,3.767,7.8061,5.5818,1.8837,6.1392,1.5342,9.2053,3.487,37.4648,35.5679
Western Asia,LULUCF,Emissions (CO2eq) from N2O (AR5),kilotonnes,21.7069,1.0248,4.6417,3.0147,2.9545,2.713,5.6059,2.8924,6.3287,0.9045,12.7831,3.2551,6.7455,4.8234,1.6278,5.3051,1.3257,7.9546,3.0132,32.3745,30.7353
Western Asia,LULUCF,Emissions (CO2eq) (AR5),kilotonnes,-37507.3533,-49181.1071,-49173.3048,-49176.8146,-49176.9442,-49177.4653,-49171.2246,-49177.0782,-49169.6655,-49181.3666,-49155.7417,-63633.8203,-63626.2909,-63630.4372,-63637.331,-63629.3981,-30259.5075,-30245.2076,-30255.8673,-30192.5281,-30196.0641
Western Asia,AFOLU,Emissions (CH4),kilotonnes,1473.8196,1444.9161,1436.1224,1427.9475,1450.3617,1508.8662,1553.7695,1593.4657,1580.3203,1582.9144,1570.0217,1656.0147,1738.8506,1825.9073,1863.1746,1815.1055,1809.4157,1799.9926,1905.3437,2026.7444,2069.826
Western Asia,AFOLU,Emissions (N2O),kilotonnes,141.5673,139.2668,142.859,137.216,140.5423,144.669,148.2113,146.4347,139.5942,148.0365,142.4528,146.5819,154.9373,162.2552,159.1284,159.7655,170.3596,166.5353,167.7222,179.4576,192.9469
Western Asia,AFOLU,Emissions (CO2),kilotonnes,-37570.5204,-49183.3179,-49183.3179,-49183.3179,-49183.3179,-49183.3179,-49183.3179,-49183.3179,-49183.3179,-49183.3179,-49183.3179,-63640.8425,-63640.8425,-63640.8425,-63640.8425,-63640.8425,-30262.3674,-30262.3674,-30262.3674,-30262.3674,-30262.3674
Western Asia,AFOLU,Emissions (CO2eq) from CH4 (AR5),kilotonnes,41266.9483,40457.6513,40211.4274,39982.5291,40610.1287,42248.2538,43505.5473,44617.0383,44248.9684,44321.602,43960.6088,46368.4108,48687.8154,51125.4044,52168.8896,50822.9542,50663.6405,50399.7914,53349.6224,56748.8437,57955.1279
Western Asia,AFOLU,Emissions (CO2eq) from N2O (AR5),kilotonnes,37515.3303,36905.7117,37857.6369,36362.227,37243.703,38337.2765,39275.9833,38805.1947,36992.47,39229.6846,37749.9988,38844.1917,41058.3788,42997.624,42169.0223,42337.856,45145.2869,44131.8644,44446.3704,47556.2508,51130.9304
Western Asia,AFOLU,Emissions (CO2eq) (AR5),kilotonnes,41211.7581,28180.0451,28885.7464,27161.4382,28670.5138,31402.2124,33598.2128,34238.9151,32058.1205,34367.9687,32527.2897,21571.76,26105.3517,30482.186,30697.0694,29519.9678,65546.5601,64269.2884,67533.6253,74042.727,78823.6909
Western Asia,All sectors with LULUCF,Emissions (CH4),kilotonnes,14776.0498,14583.003,14003.6938,14882.8269,15162.5642,15549.9067,16176.3491,16492.3159,17040.5676,17384.3985,18542.834,19602.0132,20581.0042,21279.9666,21630.2274,22188.1027,23530.0463,23575.6956,24278.9997,25026.2372,25695.3308
Western Asia,All sectors with LULUCF,Emissions (N2O),kilotonnes,223.5981,219.1591,226.9087,223.2099,229.7143,232.1826,241.2159,241.6233,237.376,246.2049,242.7678,250.3633,306.5599,315.0809,316.213,316.5077,328.1153,326.0956,326.9934,348.6466,364.1524
Western Asia,All sectors with LULUCF,Emissions (CO2),kilotonnes,1042942.57,1026850.855,1048198.538,1130464.423,1224421.407,1266346.991,1347300.377,1328404.862,1453648.748,1509151.335,1595236.519,1642748.881,1812888.272,1796661.027,1891338.604,1965177.765,1954813.405,1994162.329,2021287.15,1994253.59,1906685.079
Western Asia,All sectors with LULUCF,Emissions (CO2eq) from F-gases (AR5),kilotonnes,7806.3086,8283.6928,8884.8299,9642.779,10673.0624,11990.8685,13002.5622,14177.9965,15284.4363,17395.1844,20117.1662,21870.2115,22693.5791,23417.3327,24173.7557,25922.4281,27966.3292,29144.5107,30826.7763,31168.4452,31653.9338
Western Asia,All sectors with LULUCF,Emissions (CO2eq) from CH4 (AR5),kilotonnes,413729.3934,408324.084,392103.426,416719.1545,424551.7981,435397.3872,452937.7755,461784.8461,477135.8922,486763.1584,519199.3518,548856.3696,576268.1168,595839.0645,605646.366,621266.8747,658841.2971,660119.476,679811.992,700734.6418,719469.2628
Western Asia,All sectors with LULUCF,Emissions (CO2eq) from N2O (AR5),kilotonnes,59253.4923,58077.1712,60130.8074,59150.6105,60874.283,61528.3805,63922.2023,64030.1737,62904.647,65244.3106,64333.4738,66346.2627,81238.3678,83496.4345,83796.4413,83874.539,86950.5474,86415.3439,86653.2384,92391.3358,96500.3879
Western Asia,All sectors with LULUCF,Emissions (CO2eq) (AR5),kilotonnes,1523731.764,1501535.803,1509317.602,1615976.967,1720520.551,1775263.627,1877162.917,1868397.879,2008973.724,2078553.988,2198886.511,2279821.724,2493088.336,2499413.859,2604955.167,2696241.607,2728571.579,2769841.659,2818579.156,2818548.013,2754308.664
Western Asia,All sectors without LULUCF,Emissions (CH4),kilotonnes,14774.569,14582.9606,14003.5019,14882.7024,15162.4421,15549.7946,16176.1174,16492.1964,17040.306,17384.3611,18542.3057,19601.8787,20580.7254,21279.7672,21630.1601,22187.8834,23529.9915,23575.3668,24278.8752,25024.8992,25694.0605
Western Asia,All sectors without LULUCF,Emissions (N2O),kilotonnes,223.5162,219.1553,226.8912,223.1985,229.7031,232.1723,241.1947,241.6124,237.3521,246.2015,242.7196,250.351,306.5344,315.0627,316.2068,316.4877,328.1103,326.0656,326.982,348.5244,364.0364
Western Asia,All sectors without LULUCF,Emissions (CO2),kilotonnes,1080513.09,1076034.173,1097381.856,1179647.741,1273604.725,1315530.309,1396483.695,1377588.18,1502832.066,1558334.652,1644419.837,1706389.723,1876529.115,1860301.87,1954979.447,2028818.607,1985075.772,2024424.696,2051549.517,2024515.958,1936947.447
Western Asia,All sectors without LULUCF,Emissions (CO2eq) from F-gases (AR5),kilotonnes,7806.3086,8283.6928,8884.8299,9642.779,10673.0624,11990.8685,13002.5622,14177.9965,15284.4363,17395.1844,20117.1662,21870.2115,22693.5791,23417.3327,24173.7557,25922.4281,27966.3292,29144.5107,30826.7763,31168.4452,31653.9338
Western Asia,All sectors without LULUCF,Emissions (CO2eq) from CH4 (AR5),kilotonnes,413687.9332,408322.898,392098.0546,416715.6659,424548.379,435394.2477,452931.2882,461781.4989,477128.5685,486762.1117,519184.5587,548852.6027,576260.3107,595833.4827,605644.4823,621260.7355,658839.7629,660110.2707,679808.5051,700697.177,719433.6949
Western Asia,All sectors without LULUCF,Emissions (CO2eq) from N2O (AR5),kilotonnes,59231.7853,58076.1464,60126.1658,59147.5959,60871.3285,61525.6675,63916.5964,64027.2812,62898.3183,65243.4061,64320.6907,66343.0075,81231.6223,83491.6111,83794.8135,83869.2339,86949.2217,86407.3893,86650.2252,92358.9613,96469.6526
Western Asia,All sectors without LULUCF,Emissions (CO2eq) (AR5),kilotonnes,1561239.117,1550716.91,1558490.906,1665153.782,1769697.495,1824441.093,1926334.141,1917574.957,2058143.389,2127735.355,2248042.253,2343455.545,2556714.627,2563044.296,2668592.498,2759871.005,2758831.086,2800086.867,2848835.024,2848740.541,2784504.728
Europe,Crop Residues,Direct emissions (N2O),kilotonnes,75.0221,82.0491,82.7827,69.5452,86.803,80.1833,76.6132,74.5172,93.2042,86.5797,75.5217,85.907,77.9196,88.283,95.6134,93.3867,93.7336,96.836,91.3465,98.8771,95.8325
Europe,Crop Residues,Indirect emissions (N2O),kilotonnes,16.88,18.461,18.6261,15.6477,19.5307,18.0412,17.238,16.7664,20.971,19.4804,16.9924,19.3291,17.5319,19.8637,21.513,21.012,21.0901,21.7881,20.553,22.2473,21.5623
Europe,Crop Residues,Emissions (N2O),kilotonnes,91.902,100.5101,101.4088,85.1928,106.3337,98.2245,93.8512,91.2836,114.1752,106.0602,92.5141,105.2361,95.4515,108.1467,117.1264,114.3987,114.8236,118.6241,111.8994,121.1244,117.3949
Europe,Crop Residues,Emissions (CO2eq) from N2O (AR5),kilotonnes,24354.0389,26635.1737,26873.3372,22576.1016,28178.4252,26029.4992,24870.5569,24190.1574,30256.4243,28105.9464,24516.2425,27887.5583,25294.6567,28658.8732,31038.502,30315.6501,30428.2613,31435.3867,29653.3511,32097.9638,31109.6367
Europe,Crop Residues,Emissions (CO2eq) (AR5),kilotonnes,24354.0389,26635.1737,26873.3372,22576.1016,28178.4252,26029.4992,24870.5569,24190.1574,30256.4243,28105.9464,24516.2425,27887.5583,25294.6567,28658.8732,31038.502,30315.6501,30428.2613,31435.3867,29653.3511,32097.9638,31109.6367
Europe,Rice Cultivation,Emissions (CH4),kilotonnes,259.4978,248.4258,244.8799,253.2039,257.5862,252.6028,254.8649,260.8155,253.975,285.0937,301.2448,304.2196,286.6671,272.8659,269.2643,274.8529,281.0485,273.7446,260.2608,263.6239,269.5974
Europe,Rice Cultivation,Emissions (CO2eq) from CH4 (AR5),kilotonnes,7265.9395,6955.9224,6856.6366,7089.7089,7212.4127,7072.878,7136.2173,7302.833,7111.3002,7982.6237,8434.8537,8518.149,8026.6782,7640.2462,7539.4003,7695.8804,7869.3577,7664.8481,7287.3035,7381.4698,7548.7283
Europe,Rice Cultivation,Emissions (CO2eq) (AR5),kilotonnes,7265.9395,6955.9224,6856.6366,7089.7089,7212.4127,7072.878,7136.2173,7302.833,7111.3002,7982.6237,8434.8537,8518.149,8026.6782,7640.2462,7539.4003,7695.8804,7869.3577,7664.8481,7287.3035,7381.4698,7548.7283
Europe,Burning - Crop residues,Emissions (CH4),kilotonnes,96.7941,100.2097,101.7661,94.7055,104.6161,102.4322,97.2227,98.2783,109.3972,104.674,99.219,110.051,109.1135,114.4,114.8917,115.4903,115.7002,114.6269,112.4213,117.8416,119.9553
Europe,Burning - Crop residues,Emissions (N2O),kilotonnes,2.5095,2.598,2.6384,2.4553,2.7123,2.6557,2.5206,2.548,2.8362,2.7138,2.5723,2.8532,2.8289,2.9659,2.9787,2.9942,2.9996,2.9718,2.9146,3.0552,3.11
Europe,Burning - Crop residues,Emissions (CO2eq) from CH4 (AR5),kilotonnes,2710.2335,2805.8723,2849.4516,2651.7543,2929.2506,2868.1026,2722.2343,2751.7922,3063.1207,2930.8706,2778.133,3081.4288,3055.1789,3203.1995,3216.968,3233.7287,3239.6048,3209.5529,3147.7973,3299.566,3358.7476
Europe,Burning - Crop residues,Emissions (CO2eq) from N2O (AR5),kilotonnes,665.011,688.4779,699.171,650.6619,718.7513,703.7474,667.9556,675.2083,751.5991,719.1488,681.6715,756.0913,749.6504,785.9702,789.3486,793.4612,794.903,787.5292,772.3762,809.6157,824.1371
Europe,Burning - Crop residues,Emissions (CO2eq) (AR5),kilotonnes,3375.2445,3494.3502,3548.6226,3302.4162,3648.0019,3571.85,3390.1899,3427.0004,3814.7197,3650.0195,3459.8045,3837.5201,3804.8293,3989.1698,4006.3167,4027.1899,4034.5078,3997.0821,3920.1735,4109.1817,4182.8848
Europe,Enteric Fermentation,Emissions (CH4),kilotonnes,12776.8484,12355.0771,12184.0727,11970.7976,11637.934,11326.1515,11119.9983,11080.0431,10983.735,10810.8915,10672.4026,10421.2595,10419.4526,10434.3362,10452.8367,10443.4058,10399.9958,10336.6381,10147.6662,10022.47,9923.2509
Europe,Enteric Fermentation,Emissions (CO2eq) from CH4 (AR5),kilotonnes,357751.7557,345942.1576,341154.0357,335182.3321,325862.1528,317132.2412,311359.9515,310241.2058,307544.5795,302704.9613,298827.2718,291795.2661,291744.6723,292161.4148,292679.4285,292415.3627,291199.8811,289425.8666,284134.6537,280629.1591,277851.024
Europe,Enteric Fermentation,Emissions (CO2eq) (AR5),kilotonnes,357751.7557,345942.1576,341154.0357,335182.3321,325862.1528,317132.2412,311359.9515,310241.2058,307544.5795,302704.9613,298827.2718,291795.2661,291744.6723,292161.4148,292679.4285,292415.3627,291199.8811,289425.8666,284134.6537,280629.1591,277851.024
Europe,Manure Management,Emissions (CH4),kilotonnes,2795.7677,2725.2247,2719.6209,2715.2449,2670.7764,2626.144,2617.1485,2628.7011,2594.0632,2555.4002,2554.7221,2522.0771,2513.3847,2513.7349,2531.4832,2546.4126,2528.0663,2526.1301,2509.098,2494.9275,2502.1023
Europe,Manure Management,Emissions (N2O),kilotonnes,117.5281,113.9274,113.4897,111.923,108.7566,106.1408,104.8956,105.2158,104.051,102.5451,102.3907,100.3758,100.0387,100.4909,100.8299,101.1425,100.9493,100.6131,99.3644,98.5185,98.2303
Europe,Manure Management,Emissions (CO2eq) from CH4 (AR5),kilotonnes,78281.4945,76306.2924,76149.3842,76026.8575,74781.7393,73532.0317,73280.1571,73603.6315,72633.7697,71551.2056,71532.2195,70618.1598,70374.7725,70384.5773,70881.5305,71299.5526,70785.8573,70731.6432,70254.7437,69857.9704,70058.8656
Europe,Manure Management,Emissions (CO2eq) from N2O (AR5),kilotonnes,31144.94,30190.7547,30074.7638,29659.5831,28820.4903,28127.322,27797.3216,27882.1985,27573.5109,27174.4603,27133.5302,26599.5997,26510.2687,26630.0918,26719.9201,26802.7677,26751.5523,26662.4756,26331.5634,26107.391,26031.0277
Europe,Manure Management,Emissions (CO2eq) (AR5),kilotonnes,109426.4345,106497.0471,106224.1481,105686.4406,103602.2296,101659.3537,101077.4788,101485.83,100207.2806,98725.6659,98665.7497,97217.7595,96885.0411,97014.6691,97601.4506,98102.3203,97537.4097,97394.1188,96586.3071,95965.3614,96089.8933
Europe,Manure left on Pasture,Direct emissions (N2O),kilotonnes,110.1129,105.8062,104.5384,103.353,101.6085,99.8721,98.4534,98.1407,97.3053,95.9645,94.8396,92.8225,92.7261,93.0581,93.2214,93.4786,93.3559,93.0952,91.0358,89.8137,88.8554
Europe,Manure left on Pasture,Indirect emissions (N2O),kilotonnes,31.7641,30.3385,29.9991,29.7727,29.3821,28.951,28.5773,28.468,28.187,27.7742,27.4399,26.8807,26.8218,26.9534,26.9619,27.0623,27.0277,27.0092,26.3664,25.9911,25.7154
Europe,Manure left on Pasture,Emissions (N2O),kilotonnes,141.877,136.1447,134.5376,133.1257,130.9905,128.8231,127.0308,126.6087,125.4923,123.7387,122.2795,119.7032,119.548,120.0116,120.1833,120.5409,120.3836,120.1044,117.4022,115.8048,114.5709
Europe,Manure left on Pasture,Emissions (CO2eq) from N2O (AR5),kilotonnes,37597.3954,36078.3538,35652.4533,35278.3206,34712.4883,34138.1192,33663.1561,33551.3041,33255.4569,32790.7568,32404.0616,31721.343,31680.2159,31803.0641,31848.5875,31943.339,31901.6438,31827.6533,31111.5823,30688.2786,30361.2784
Europe,Manure left on Pasture,Emissions (CO2eq) (AR5),kilotonnes,37597.3954,36078.3538,35652.4533,35278.3206,34712.4883,34138.1192,33663.1561,33551.3041,33255.4569,32790.7568,32404.0616,31721.343,31680.2159,31803.0641,31848.5875,31943.339,31901.6438,31827.6533,31111.5823,30688.2786,30361.2784
Europe,Manure applied to Soils,Direct emissions (N2O),kilotonnes,126.759,123.1012,123.3422,121.7513,118.684,116.3765,115.376,115.9045,114.7015,113.352,113.757,111.7965,111.4476,112.2313,112.6484,113.3086,113.2423,113.1374,111.9666,111.1215,110.9377
Europe,Manure applied to Soils,Indirect emissions (N2O),kilotonnes,53.8726,52.318,52.4204,51.7443,50.4407,49.46,49.0348,49.2594,48.7481,48.1746,48.3467,47.5135,47.3652,47.6983,47.8756,48.1562,48.128,48.0834,47.5858,47.2266,47.1485
Europe,Manure applied to Soils,Emissions (N2O),kilotonnes,180.6316,175.4191,175.7626,173.4955,169.1247,165.8365,164.4108,165.1639,163.4496,161.5266,162.1037,159.31,158.8129,159.9297,160.5239,161.4648,161.3703,161.2207,159.5524,158.3482,158.0862
Europe,Manure applied to Soils,Emissions (CO2eq) from N2O (AR5),kilotonnes,47867.3757,46486.0744,46577.0808,45976.3193,44818.0581,43946.6819,43568.8515,43768.439,43314.1409,42804.5528,42957.478,42217.1562,42085.4069,42381.3595,42538.8451,42788.1716,42763.1281,42723.4934,42281.3843,41962.2607,41892.8469
Europe,Manure applied to Soils,Emissions (CO2eq) (AR5),kilotonnes,47867.3757,46486.0744,46577.0808,45976.3193,44818.0581,43946.6819,43568.8515,43768.439,43314.1409,42804.5528,42957.478,42217.1562,42085.4069,42381.3595,42538.8451,42788.1716,42763.1281,42723.4934,42281.3843,41962.2607,41892.8469
Europe,Synthetic Fertilizers,Direct emissions (N2O),kilotonnes,207.6448,212.0607,207.1553,212.2493,210.1331,204.721,205.2997,220.4859,211.1383,202.0456,212.7852,215.3562,219.0737,224.8342,226.3809,229.8996,234.7949,242.1796,233.2822,236.4796,242.7891
Europe,Synthetic Fertilizers,Indirect emissions (N2O),kilotonnes,67.4846,68.9197,67.3255,68.981,68.2933,66.5343,66.7224,71.6579,68.6199,65.6648,69.1552,69.9908,71.199,73.0711,73.5738,74.7174,76.3083,78.7084,75.8167,76.8559,78.9065
Europe,Synthetic Fertilizers,Emissions (N2O),kilotonnes,275.1293,280.9805,274.4808,281.2303,278.4264,271.2553,272.0222,292.1439,279.7582,267.7105,281.9404,285.3469,290.2727,297.9053,299.9547,304.617,311.1032,320.8879,309.0989,313.3354,321.6956
Europe,Synthetic Fertilizers,Emissions (CO2eq) from N2O (AR5),kilotonnes,72909.2733,74459.8225,72737.4082,74526.028,73782.9842,71882.6572,72085.8725,77418.1253,74135.9277,70943.2783,74714.1997,75616.9299,76922.261,78944.9011,79488.0042,80723.51,82442.3583,85035.3048,81911.2155,83033.8916,85249.3393
Europe,Synthetic Fertilizers,Emissions (CO2eq) (AR5),kilotonnes,72909.2733,74459.8225,72737.4082,74526.028,73782.9842,71882.6572,72085.8725,77418.1253,74135.9277,70943.2783,74714.1997,75616.9299,76922.261,78944.9011,79488.0042,80723.51,82442.3583,85035.3048,81911.2155,83033.8916,85249.3393
Europe,Drained organic soils,Emissions (CO2eq) (AR5),kilotonnes,335693.7491,335552.107,335079.7095,334449.6043,334177.7596,334357.6131,334221.2576,334121.6258,333792.8987,333709.7993,334517.1406,335464.4342,336045.4896,336076.6263,335867.168,335913.8664,335555.9401,335695.3585,337410.9289,337858.8922,338358.3216
Europe,Drained organic soils (CO2),Emissions (CO2),kilotonnes,282847.4433,282728.119,282330.6716,281799.9128,281571.0463,281722.5907,281607.7629,281523.5542,281246.668,281176.6773,281856.6777,282654.4253,283143.879,283170.0231,282993.3056,283032.5856,282729.9797,282847.0955,284291.8668,284670.3944,285091.0731
Europe,Drained organic soils (CO2),Emissions (CO2eq) (AR5),kilotonnes,282847.4433,282728.119,282330.6716,281799.9128,281571.0463,281722.5907,281607.7629,281523.5542,281246.668,281176.6773,281856.6777,282654.4253,283143.879,283170.0231,282993.3056,283032.5856,282729.9797,282847.0955,284291.8668,284670.3944,285091.0731
Europe,Drained organic soils (N2O),Emissions (N2O),kilotonnes,199.42,199.3358,199.053,198.6781,198.5159,198.6227,198.5415,198.4833,198.2877,198.2382,198.7187,199.2831,199.6287,199.6476,199.524,199.552,199.3432,199.4274,200.4493,200.7113,201.0085
Europe,Drained organic soils (N2O),Emissions (CO2eq) from N2O (AR5),kilotonnes,52846.3059,52823.9879,52749.0378,52649.6914,52606.7133,52635.0224,52613.4948,52598.0715,52546.2307,52533.122,52660.4629,52810.0089,52901.6106,52906.6033,52873.8623,52881.2807,52825.9604,52848.263,53119.0621,53188.4977,53267.2485
Europe,Drained organic soils (N2O),Emissions (CO2eq) (AR5),kilotonnes,52846.3059,52823.9879,52749.0378,52649.6914,52606.7133,52635.0224,52613.4948,52598.0715,52546.2307,52533.122,52660.4629,52810.0089,52901.6106,52906.6033,52873.8623,52881.2807,52825.9604,52848.263,53119.0621,53188.4977,53267.2485
Europe,On-farm energy use,Emissions (CH4),kilotonnes,48.7318,50.9939,42.762,40.5902,40.1677,41.2576,43.6724,42.4748,43.0921,41.1048,43.7646,41.3189,42.1087,41.3161,40.2324,37.869,38.4847,37.4382,37.2007,36.5952,36.5952
Europe,On-farm energy use,Emissions (N2O),kilotonnes,34.0174,32.5063,31.0218,31.3018,31.3012,31.809,29.8448,29.4144,29.4162,27.0458,26.9088,27.9067,26.242,26.1586,26.7725,26.2311,26.2606,26.524,27.0098,27.0573,27.0573
Europe,On-farm energy use,Emissions (CO2),kilotonnes,124887.3626,121162.5908,113336.2259,114647.7988,115417.1869,116773.3456,111395.9806,111769.7538,111643.7607,103992.1201,104686.2921,105998.3268,102294.6234,103099.3458,102574.8994,98835.7652,99839.8256,99672.6329,101426.2215,101203.1108,101203.1108
Europe,On-farm energy use,Emissions (CO2eq) from CH4 (AR5),kilotonnes,1364.4912,1427.8293,1197.3349,1136.525,1124.6953,1155.2132,1222.8259,1189.2939,1206.579,1150.9351,1225.4096,1156.9304,1179.0449,1156.8498,1126.5074,1060.3325,1077.5724,1048.2702,1041.6193,1024.6657,1024.6657
Europe,On-farm energy use,Emissions (CO2eq) from N2O (AR5),kilotonnes,9014.6173,8614.1708,8220.7763,8294.9697,8294.8307,8429.3974,7908.8643,7794.8186,7795.2955,7167.1245,7130.8352,7395.2884,6954.1256,6932.0292,7094.6993,6951.2524,6959.0651,7028.8717,7157.5959,7170.1888,7170.1888
Europe,On-farm energy use,Emissions (CO2eq) (AR5),kilotonnes,135266.4711,131204.5908,122754.337,124079.2936,124836.7129,126357.9561,120527.6708,120753.8663,120645.6351,112310.1797,113042.5368,114550.5456,110427.7938,111188.2249,110796.1061,106847.3501,107876.463,107749.7749,109625.4367,109397.9653,109397.9653
Europe,Forestland,Emissions (CO2),kilotonnes,-978434.1212,-1408372.369,-1408372.369,-1408372.369,-1408372.369,-1408372.369,-1408372.369,-1408372.369,-1408372.369,-1408372.369,-1408372.369,-1528836.057,-1528836.057,-1528836.057,-1528836.057,-1528836.057,-1073371.075,-1073371.075,-1073371.075,-1073371.075,-1073371.075
Europe,Forestland,Emissions (CO2eq) (AR5),kilotonnes,-978434.1212,-1408372.369,-1408372.369,-1408372.369,-1408372.369,-1408372.369,-1408372.369,-1408372.369,-1408372.369,-1408372.369,-1408372.369,-1528836.057,-1528836.057,-1528836.057,-1528836.057,-1528836.057,-1073371.075,-1073371.075,-1073371.075,-1073371.075,-1073371.075
Europe,Net Forest conversion,Emissions (CO2),kilotonnes,88027.4593,68774.0934,68774.0934,68774.0934,68774.0934,68774.0934,68774.0934,68774.0934,68774.0934,68774.0934,68774.0934,67596.2047,67596.2047,67596.2047,67596.2047,67596.2047,82868.6913,82868.6913,82868.6913,82868.6913,82868.6913
Europe,Net Forest conversion,Emissions (CO2eq) (AR5),kilotonnes,88027.4593,68774.0934,68774.0934,68774.0934,68774.0934,68774.0934,68774.0934,68774.0934,68774.0934,68774.0934,68774.0934,67596.2047,67596.2047,67596.2047,67596.2047,67596.2047,82868.6913,82868.6913,82868.6913,82868.6913,82868.6913
Europe,Savanna fires,Emissions (CH4),kilotonnes,58.0624,82.9255,104.7188,197.8359,48.5594,75.4942,79.9221,71.2631,129.1515,74.4245,95.7669,94.4086,117.6439,62.7096,112.3754,68.5175,79.0473,61.1978,92.244,105.1728,110.7545
Europe,Savanna fires,Emissions (N2O),kilotonnes,5.3014,7.5715,9.5613,18.0633,4.4337,6.8929,7.2972,6.5066,11.7921,6.7953,8.7439,8.6199,10.7414,5.7257,10.2604,6.2559,7.2174,5.5876,8.4223,9.6027,10.1124
Europe,Savanna fires,Emissions (CO2eq) from CH4 (AR5),kilotonnes,1625.7469,2321.913,2932.1274,5539.4052,1359.6627,2113.8365,2237.8201,1995.3661,3616.2414,2083.8853,2681.473,2643.4399,3294.0287,1755.8677,3146.51,1918.489,2213.3249,1713.5385,2582.8317,2944.8381,3101.1247
Europe,Savanna fires,Emissions (CO2eq) from N2O (AR5),kilotonnes,1404.8593,2006.4357,2533.7405,4786.7686,1174.9259,1826.6305,1933.7684,1724.2566,3124.9042,1800.7487,2317.1424,2284.2769,2846.4705,1517.2987,2718.9951,1657.8247,1912.6014,1480.7208,2231.9035,2544.7242,2679.7762
Europe,Savanna fires,Emissions (CO2eq) (AR5),kilotonnes,3030.6062,4328.3487,5465.868,10326.1738,2534.5886,3940.467,4171.5885,3719.6227,6741.1456,3884.634,4998.6154,4927.7169,6140.4992,3273.1664,5865.5051,3576.3137,4125.9263,3194.2592,4814.7353,5489.5623,5780.9009
Europe,Fires in organic soils,Emissions (CH4),kilotonnes,0,0,0,0,0,0,0,0,0,0,0,0,0,0,0,0,0,0,0,0,0
Europe,Fires in organic soils,Emissions (CO2),kilotonnes,0,0,0,0,0,0,0,0,0,0,0,0,0,0,0,0,0,0,0,0,0
Europe,Fires in organic soils,Emissions (CO2eq) from CH4 (AR5),kilotonnes,0,0,0,0,0,0,0,0,0,0,0,0,0,0,0,0,0,0,0,0,0
Europe,Fires in organic soils,Emissions (CO2eq) (AR5),kilotonnes,0,0,0,0,0,0,0,0,0,0,0,0,0,0,0,0,0,0,0,0,0
Europe,Forest fires,Emissions (CH4),kilotonnes,284.6766,63.7883,89.3926,157.489,153.78,79.6283,119.1806,63.8141,219.8219,95.4183,117.8729,125.3232,154.4186,60.5381,142.7327,65.0778,141.8306,93.6148,142.0686,119.5253,74.4926
Europe,Forest fires,Emissions (N2O),kilotonnes,15.7481,5.8241,8.1619,14.3794,14.0408,7.2704,10.8817,5.8265,20.0707,8.7121,10.7623,11.4426,14.0991,5.5274,13.0321,5.9419,12.9498,8.5474,12.9715,10.9132,6.8015
Europe,Forest fires,Emissions (CO2eq) from CH4 (AR5),kilotonnes,7970.9444,1786.072,2502.9915,4409.6915,4305.8393,2229.5916,3337.0563,1786.7961,6155.0124,2671.713,3300.441,3509.0495,4323.7214,1695.0656,3996.515,1822.1782,3971.2575,2621.2148,3977.9203,3346.7073,2085.7921
Europe,Forest fires,Emissions (CO2eq) from N2O (AR5),kilotonnes,4173.2378,1543.3992,2162.9112,3810.5487,3720.8068,1926.6579,2883.652,1544.0249,5318.7335,2308.7086,2852.0115,3032.2765,3736.2592,1464.7578,3453.5102,1574.5996,3431.6844,2265.0715,3437.442,2891.9916,1802.3964
Europe,Forest fires,Emissions (CO2eq) (AR5),kilotonnes,12144.1822,3329.4712,4665.9027,8220.2402,8026.6461,4156.2495,6220.7083,3330.821,11473.7459,4980.4216,6152.4524,6541.326,8059.9806,3159.8234,7450.0252,3396.7778,7402.9419,4886.2863,7415.3622,6238.6989,3888.1884
Europe,Fires in humid tropical forests,Emissions (CH4),kilotonnes,0,0,0,0,0,0,0,0,0,0,0,0,0,0,0,0,0,0,0,0,0
Europe,Fires in humid tropical forests,Emissions (N2O),kilotonnes,0,0,0,0,0,0,0,0,0,0,0,0,0,0,0,0,0,0,0,0,0
Europe,Fires in humid tropical forests,Emissions (CO2eq) from CH4 (AR5),kilotonnes,0,0,0,0,0,0,0,0,0,0,0,0,0,0,0,0,0,0,0,0,0
Europe,Fires in humid tropical forests,Emissions (CO2eq) from N2O (AR5),kilotonnes,0,0,0,0,0,0,0,0,0,0,0,0,0,0,0,0,0,0,0,0,0
Europe,Fires in humid tropical forests,Emissions (CO2eq) (AR5),kilotonnes,0,0,0,0,0,0,0,0,0,0,0,0,0,0,0,0,0,0,0,0,0
Europe,Waste - agri-food systems,Emissions (CH4),kilotonnes,5579.1059,5628.5437,5051.2464,5362.551,5215.7387,5189.2013,5173.0394,5071.0281,4598.8988,4593.4709,4570.8949,4475.6872,4452.1822,4498.8307,4351.9046,4303.4191,4289.1332,4309.5682,4336.1134,4359.2825,4380.1418
Europe,Waste - agri-food systems,Emissions (N2O),kilotonnes,35.7603,36.1517,36.596,37.1173,37.4303,37.2892,37.3752,37.9491,38.1022,38.52,38.758,38.8835,38.8153,38.9701,38.3793,38.8414,39.8251,41.4667,43.0833,44.6748,46.2461
Europe,Waste - agri-food systems,Emissions (CO2),kilotonnes,7016.3945,7022.4792,7045.8377,7096.1417,7133.7109,7146.2323,7164.4542,7203.1597,7227.2636,7199.0064,7199.2603,7221.7338,7206.9503,7218.6344,7226.6849,7191.6838,7193.7436,7207.4198,7228.0363,7224.5592,7216.2138
Europe,Waste - agri-food systems,Emissions (CO2eq) from CH4 (AR5),kilotonnes,156214.964,157599.2226,141434.9005,150151.4267,146040.6832,145297.6372,144845.1025,141988.7874,128769.165,128617.1854,127985.0585,125319.2417,124661.1007,125967.2589,121853.3278,120495.7354,120095.7299,120667.9085,121411.174,122059.9098,122643.9692
Europe,Waste - agri-food systems,Emissions (CO2eq) from N2O (AR5),kilotonnes,9476.4752,9580.2056,9697.9516,9836.0798,9919.0286,9881.632,9904.4187,10056.504,10097.0813,10207.8047,10270.8647,10304.1271,10286.058,10327.0821,10170.5153,10292.966,10553.645,10988.6863,11417.0732,11838.8284,12255.2078
Europe,Waste - agri-food systems,Emissions (CO2eq) (AR5),kilotonnes,172707.8337,174201.9075,158178.6898,167083.6482,163093.4227,162325.5015,161913.9753,159248.4511,146093.51,146023.9966,145455.1835,142845.1026,142154.109,143512.9755,139250.5279,137980.3852,137843.1185,138864.0147,140056.2835,141123.2974,142115.3908
Europe,Fertilizers Manufacturing,Emissions (N2O),kilotonnes,54.5136,56.0766,57.0142,59.7928,57.9199,60.5445,63.6334,62.7495,64.5141,61.9408,68.412,74.0116,73.8123,74.5276,71.6277,68.91,73.4862,74.1665,70.7645,73.3526,69.8653
Europe,Fertilizers Manufacturing,Emissions (CO2),kilotonnes,25177.2034,27232.5261,34534.3977,37610.7078,36876.7178,40724.6312,44090.7939,43853.8198,42830.9657,45215.7676,50029.9302,54334.2902,53078.5211,69256.2799,72846.3638,73619.4613,74236.5394,75815.7342,71560.256,75853.5375,70186.2976
Europe,Fertilizers Manufacturing,Emissions (CO2eq) from N2O (AR5),kilotonnes,14446.1161,14860.3082,15108.7697,15845.0864,15348.7775,16044.2988,16862.8567,16628.6204,17096.2388,16414.312,18129.18,19613.074,19560.2595,19749.814,18981.3405,18261.15,19473.843,19654.1225,18752.5925,19438.439,18514.2985
Europe,Fertilizers Manufacturing,Emissions (CO2eq) (AR5),kilotonnes,39623.3195,42092.8344,49643.1674,53455.7942,52225.4953,56768.93,60953.6506,60482.4402,59927.2045,61630.0796,68159.1102,73947.3642,72638.7806,89006.0939,91827.7043,91880.6113,93710.3824,95469.8567,90312.8485,95291.9765,88700.5961
Europe,On-farm electricity use,Emissions (CH4),kilotonnes,105.2129,98.6088,93.5979,87.1372,89.257,90.2554,92.8804,92.8463,91.7003,91.3424,90.6377,89.4279,91.3876,91.96,93.7012,96.6828,98.5375,100.8851,100.8281,102.2535,102.2535
Europe,On-farm electricity use,Emissions (N2O),kilotonnes,0.5616,0.5266,0.4997,0.4652,0.4765,0.4819,0.4961,0.4957,0.4898,0.4877,0.4837,0.4774,0.4887,0.4911,0.5004,0.5164,0.5263,0.5389,0.5385,0.5461,0.5461
Europe,On-farm electricity use,Emissions (CO2),kilotonnes,38703.1684,35997.6523,34423.3526,31306.2094,29851.4935,30570.8041,31288.4905,31117.774,30117.1227,28041.1199,27985.9575,27873.8519,28556.3708,29283.8571,30333.0211,30969.3686,31595.874,32599.1808,32571.9877,33019.7809,33019.7809
Europe,On-farm electricity use,Emissions (CO2eq) from CH4 (AR5),kilotonnes,2945.9612,2761.0464,2620.7412,2439.8416,2499.196,2527.1512,2600.6512,2599.6964,2567.6084,2557.5872,2537.8556,2503.9812,2558.8528,2574.88,2623.6336,2707.1184,2759.05,2824.7828,2823.1868,2863.098,2863.098
Europe,On-farm electricity use,Emissions (CO2eq) from N2O (AR5),kilotonnes,148.824,139.549,132.4205,123.278,126.2725,127.7035,131.4665,131.3605,129.797,129.2405,128.1805,126.511,129.5055,130.1415,132.606,136.846,139.4695,142.8085,142.7025,144.7165,144.7165
Europe,On-farm electricity use,Emissions (CO2eq) (AR5),kilotonnes,41797.9536,38898.2477,37176.5143,33869.329,32476.962,33225.6588,34020.6082,33848.8309,32814.5281,30727.9476,30651.9936,30504.3441,31244.7291,31988.8786,33089.2607,33813.333,34494.3935,35566.7721,35537.877,36027.5954,36027.5954
Europe,Food Processing,Emissions (CH4),kilotonnes,189.9129,192.3662,197.0351,201.4015,204.2494,209.2956,213.7356,216.1536,215.2167,208.5705,209.9482,217.3449,220.2985,226.487,225.809,221.6243,229.1329,233.4328,235.2374,235.2942,222.6791
Europe,Food Processing,Emissions (N2O),kilotonnes,1.5044,1.5063,1.534,1.5319,1.5449,1.5523,1.5535,1.5606,1.5237,1.4636,1.4686,1.4899,1.5224,1.5217,1.5174,1.4998,1.5396,1.5729,1.5899,1.5899,1.4868
Europe,Food Processing,Emissions (CO2),kilotonnes,139429.1781,140951.1256,145411.7818,145610.1325,143083.698,141293.0944,139539.8047,138057.7047,133851.466,124845.6934,127896.1305,131237.0337,132439.8824,136223.6629,135532.7739,133764.6588,137323.4941,140365.167,142027.2579,142009.5681,126615.6516
Europe,Food Processing,Emissions (CO2eq) from CH4 (AR5),kilotonnes,5317.5612,5386.2536,5516.9828,5639.242,5718.9832,5860.2768,5984.5968,6052.3008,6026.0676,5839.974,5878.5496,6085.6572,6168.358,6341.636,6322.652,6205.4804,6415.7212,6536.1184,6586.6472,6588.2376,6235.0141
Europe,Food Processing,Emissions (CO2eq) from N2O (AR5),kilotonnes,398.666,399.1695,406.51,405.9535,409.3985,411.3595,411.6775,413.559,403.7805,387.854,389.179,394.8235,403.436,403.2505,402.111,397.447,407.994,416.8185,421.3235,421.3235,393.9999
Europe,Food Processing,Emissions (CO2eq) (AR5),kilotonnes,145145.4053,146736.5487,151335.2746,151655.328,149212.0797,147564.7307,145936.079,144523.5645,140281.3141,131073.5214,134163.8591,137717.5144,139011.6764,142968.5494,142257.5369,140367.5862,144147.2093,147318.1039,149035.2286,149019.1292,133244.6656
Europe,Food Packaging,Emissions (CH4),kilotonnes,266.8535,300.9048,332.93,358.1665,355.0063,344.3669,386.6015,568.173,893.6814,1022.0353,815.6748,786.444,835.8235,743.3735,755.7406,863.1363,878.9427,930.8072,955.9396,1018.9423,1028.7534
Europe,Food Packaging,Emissions (N2O),kilotonnes,0.6292,0.6502,0.6608,0.6625,0.6761,0.6581,0.663,0.7352,0.7314,0.6786,0.7105,0.7157,0.7008,0.6702,0.6609,0.7149,0.7058,0.7133,0.7059,0.7486,0.6969
Europe,Food Packaging,Emissions (CO2),kilotonnes,59364.949,60301.3078,61030.6636,61914.4329,61044.9234,61171.5169,61725.5188,64971.4669,63167.5975,55980.1616,58051.0864,58626.3326,56835.1562,56615.2284,57712.0568,59012.219,58440.3379,59998.8844,59567.0662,61174.4485,54745.8201
Europe,Food Packaging,Emissions (CO2eq) from CH4 (AR5),kilotonnes,7471.898,8425.3344,9322.04,10028.662,9940.1764,9642.2732,10824.842,15908.844,25023.0792,28616.9884,22838.8944,22020.432,23403.058,20814.458,21160.7368,24167.8164,24610.3956,26062.6016,26766.3088,28530.3837,28805.095
Europe,Food Packaging,Emissions (CO2eq) from N2O (AR5),kilotonnes,166.738,172.303,175.112,175.5625,179.1665,174.3965,175.695,194.828,193.821,179.829,188.2825,189.6605,185.712,177.603,175.1385,189.4485,187.037,189.0245,187.0635,198.3762,184.6697
Europe,Food Packaging,Emissions (CO2eq) (AR5),kilotonnes,67003.585,68898.9452,70527.8156,72118.6574,71164.2663,70988.1866,72726.0558,81075.1389,88384.4977,84776.979,81078.2633,80836.4251,80423.9262,77607.2894,79047.9321,83369.4839,83237.7705,86250.5105,86520.4385,89903.2084,83735.5848
Europe,Food Retail,Emissions (CH4),kilotonnes,434.4773,365.4928,367.1746,379.0692,387.4386,557.7898,564.071,580.8544,590.315,571.3699,512.1933,490.2088,495.2878,536.5231,564.0468,547.9137,566.2726,605.0662,583.0541,584.2826,547.2084
Europe,Food Retail,Emissions (N2O),kilotonnes,2.479,2.1212,2.1305,2.2048,2.2509,3.1471,3.1785,3.2604,3.3321,3.2349,2.915,2.783,2.8103,3.0234,3.1495,3.0664,3.1775,3.3728,3.2432,3.2615,3.0805
Europe,Food Retail,Emissions (CO2),kilotonnes,178549.5397,154119.1948,153976.4346,161465.959,163846.4156,226152.9091,228279.1753,231552.1618,236218.7652,226109.9804,204013.2359,193362.6979,195710.8686,214066.9271,220878.434,216372.8947,224219.849,237866.9293,228984.8381,227149.3443,209009.256
Europe,Food Retail,Emissions (CO2eq) from F-gases (AR5),kilotonnes,53670.584,63931.748,73690.036,84369.3975,94855.505,107181.162,117544.6675,127866.0935,130145.14,131668.8335,132614.3235,133010.702,133346.299,133686.5715,133686.5715,133686.5715,112653.0555,114921.712,117192.966,119460.064,111287.5255
Europe,Food Retail,Emissions (CO2eq) from CH4 (AR5),kilotonnes,12165.3645,10233.7989,10280.8877,10613.9388,10848.2807,15618.1157,15793.988,16263.9239,16528.8198,15998.3574,14341.4113,13725.8475,13868.0582,15022.6472,15793.3104,15341.5823,15855.6322,16941.8549,16325.5148,16359.9128,15321.8352
Europe,Food Retail,Emissions (CO2eq) from N2O (AR5),kilotonnes,656.9346,562.1182,564.5879,584.2756,596.4787,833.9746,842.2933,864.0079,883.0084,857.2488,772.475,737.5013,744.7361,801.206,834.6222,812.6001,842.0409,893.7995,859.448,864.2975,816.3452
Europe,Food Retail,Emissions (CO2eq) (AR5),kilotonnes,245042.4228,228846.86,238511.9462,257033.571,270146.68,349786.1614,362460.1241,376546.1871,383775.7335,374634.4202,351741.4457,340836.7487,343669.9619,363577.3518,371192.9381,366213.6486,353570.5776,370624.2956,363362.7669,363833.6186,336434.9619
Europe,Food Household Consumption,Emissions (CH4),kilotonnes,206.7214,214.4059,203.4538,204.5846,205.4908,191.5805,201.1492,196.2435,204.5393,201.4296,209.3327,202.7246,205.8969,204.7561,195.3124,199.5072,202.9427,202.9506,203.0944,203.058,193.6677
Europe,Food Household Consumption,Emissions (N2O),kilotonnes,1.2991,1.354,1.2838,1.2967,1.2965,1.2301,1.2747,1.2169,1.2811,1.2486,1.2936,1.2394,1.2576,1.2512,1.185,1.212,1.2272,1.2318,1.2348,1.2345,1.1544
Europe,Food Household Consumption,Emissions (CO2),kilotonnes,140912.1894,145941.0825,139694.1191,144092.6831,141993.9819,137974.0615,141928.6795,133174.844,138888.4907,133406.9913,137569.2921,131156.7048,130153.0605,132034.68,124069.6493,126976.4844,130907.6942,133492.329,138661.2525,138652.374,125160.3523
Europe,Food Household Consumption,Emissions (CO2eq) from CH4 (AR5),kilotonnes,5788.1992,6003.3652,5696.7064,5728.3688,5753.7424,5364.254,5632.1776,5494.818,5727.1004,5640.0288,5861.3156,5676.2888,5765.1132,5733.1708,5468.7472,5586.2016,5682.3956,5682.6168,5686.6432,5685.624,5422.6966
Europe,Food Household Consumption,Emissions (CO2eq) from N2O (AR5),kilotonnes,344.2615,358.81,340.207,343.6255,343.5725,325.9765,337.7955,322.4785,339.4915,330.879,342.804,328.441,333.264,331.568,314.025,321.18,325.208,326.427,327.222,327.1425,305.921
Europe,Food Household Consumption,Emissions (CO2eq) (AR5),kilotonnes,147044.6501,152303.2577,145731.0325,150164.6774,148091.2968,143664.292,147898.6526,138992.1405,144955.0826,139377.8991,143773.4117,137161.4346,136251.4377,138099.4188,129852.4215,132883.866,136915.2978,139501.3728,144675.1177,144665.1405,130888.9699
Europe,Food Transport,Emissions (CH4),kilotonnes,19.7164,19.0271,18.091,16.8694,15.8562,14.693,14.0807,13.5507,12.6952,11.7816,10.97,10.6192,10.1487,9.9263,9.7591,9.623,9.6349,9.635,9.3551,5.2058,5.0264
Europe,Food Transport,Emissions (N2O),kilotonnes,5.0134,4.8851,4.924,4.8853,4.9523,4.8589,4.9233,4.9274,4.8017,4.546,4.4761,4.5258,4.3985,4.3019,4.325,4.3678,4.387,4.4772,4.3925,4.2962,4.0005
Europe,Food Transport,Emissions (CO2),kilotonnes,107551.228,109233.4841,110381.1119,111635.2847,114477.4964,114113.8585,116282.2337,117715.6035,116418.3941,113532.8335,113135.0261,113106.2417,109868.8673,109416.5363,110533.2148,111160.1019,112408.9891,113641.8488,111661.664,115560.1675,101370.7531
Europe,Food Transport,Emissions (CO2eq) from CH4 (AR5),kilotonnes,552.0592,532.7588,506.548,472.3432,443.9736,411.404,394.2596,379.4196,355.4656,329.8848,307.16,297.3376,284.1636,277.9364,273.2548,269.444,269.7772,269.78,261.9428,145.7624,140.7386
Europe,Food Transport,Emissions (CO2eq) from N2O (AR5),kilotonnes,1328.551,1294.5515,1304.86,1294.6045,1312.3595,1287.6085,1304.6745,1305.761,1272.4505,1204.69,1186.1665,1199.337,1165.6025,1140.0035,1146.125,1157.467,1162.555,1186.458,1164.0125,1138.493,1060.1361
Europe,Food Transport,Emissions (CO2eq) (AR5),kilotonnes,109431.8382,111060.7944,112192.5199,113402.2324,116233.8295,115812.871,117981.1678,119400.7841,118046.3102,115067.4083,114628.3526,114602.9163,111318.6334,110834.4762,111952.5946,112587.0129,113841.3213,115098.0868,113087.6193,116844.4229,102571.6278
Europe,Energy,Emissions (CH4),kilotonnes,15821.4493,15954.0097,15921.5986,16308.7895,16486.8129,16595.893,16707.2431,16779.1313,16941.8525,16112.3403,16626.1993,16785.8838,17178.2982,17278.9631,17137.73,17066.3034,17127.0235,17467.66,17596.3991,17431.3091,16634.0781
Europe,Energy,Emissions (N2O),kilotonnes,133.5297,135.224,134.1759,138.0926,138.5811,137.2819,138.6657,140.17,137.2713,129.0175,132.3895,133.0203,131.274,129.8315,127.8551,128.7069,128.1929,128.7795,128.4161,126.3039,118.2468
Europe,Energy,Emissions (CO2),kilotonnes,5953111.88,6048718.86,6001810.45,6168628.01,6180291.47,6147688.26,6219478.36,6121793.32,6106000.22,5638650.38,5877260.16,5805258.04,5786079.02,5622253.2,5386088.34,5386181.19,5403845.01,5378649.21,5429554.9,5256295.13,4738892.45
Europe,Energy,Emissions (CO2eq) from CH4 (AR5),kilotonnes,443000.581,446712.2716,445804.7605,456646.106,461630.7626,464685.0048,467802.806,469815.677,474371.8689,451145.5276,465533.5793,470004.7475,480992.3488,483810.9679,479856.4394,477856.4966,479556.6574,489094.4808,492699.174,488076.654,465754.1857
Europe,Energy,Emissions (CO2eq) from N2O (AR5),kilotonnes,35385.358,35834.3536,35556.6132,36594.5326,36723.9836,36379.6955,36746.3999,37145.0606,36376.907,34189.6293,35083.2082,35250.3877,34787.6005,34405.3554,33881.593,34107.3232,33971.1225,34126.5548,34030.2567,33470.5383,31335.4036
Europe,Energy,Emissions (CO2eq) (AR5),kilotonnes,6431497.819,6531265.485,6483171.824,6661868.649,6678646.216,6648752.96,6724027.566,6628754.058,6616748.996,6123985.537,6377876.948,6310513.175,6301858.969,6140469.523,5899826.373,5898145.01,5917372.79,5901870.246,5956284.331,5777842.322,5235982.039
Europe,IPPU,Emissions (CH4),kilotonnes,52.6678,53.189,53.649,57.7463,59.4708,57.9657,58.4856,60.511,58.5929,47.2424,53.8186,53.1088,52.5395,50.651,50.6795,49.7853,49.501,51.5464,50.8973,50.3919,51.1524
Europe,IPPU,Emissions (N2O),kilotonnes,263.9644,253.2233,267.4558,267.4556,265.5646,287.4308,267.4624,271.1024,225.3852,232.7064,226.9817,281.8321,288.8543,284.4234,282.8856,283.5861,283.3796,282.6318,279.1188,287.452,285.2532
Europe,IPPU,Emissions (CO2),kilotonnes,354042.656,353199.82,350544.688,363504.039,378973.952,384061.566,391442.598,405411.493,386545.267,328105.043,350500.676,357654.695,348043.638,343821.662,344968.255,350576.318,340534.096,351630.28,354703.576,358021.755,359177.083
Europe,IPPU,Emissions (CO2eq) from F-gases (AR5),kilotonnes,177928.6489,173004.8073,176174.4142,182529.5104,195960.4531,208160.69,220155.2016,235733.7813,247769.0133,255200.5803,282175.2388,290284.4093,364812.2515,385044.6659,356395.8141,361082.3037,372535.0233,409678.3103,436119.4687,405522.7155,401457.8748
Europe,IPPU,Emissions (CO2eq) from CH4 (AR5),kilotonnes,1474.6981,1489.2925,1502.1719,1616.8975,1665.1829,1623.0404,1637.5962,1694.3069,1640.6013,1322.7858,1506.9214,1487.0454,1471.1065,1418.228,1419.0264,1393.9893,1386.0282,1443.3002,1425.1231,1410.9726,1432.2678
Europe,IPPU,Emissions (CO2eq) from N2O (AR5),kilotonnes,69950.5579,67104.1817,70875.7915,70875.7247,70374.6242,76169.1682,70877.5479,71842.1255,59727.0742,61667.1881,60150.1519,74685.502,76546.3981,75372.2121,74964.6817,75150.3243,75095.6046,74897.4347,73966.487,76174.7902,75592.0984
Europe,IPPU,Emissions (CO2eq) (AR5),kilotonnes,603396.561,594798.1015,599097.0656,618526.1715,646974.2122,670014.4646,684112.9438,714681.7066,695681.9557,646295.5972,694332.9882,724111.6517,790873.3941,805656.7679,777747.7773,788202.9353,789550.752,837649.3251,866214.6548,841130.2333,837659.324
Europe,Waste,Emissions (CH4),kilotonnes,13114.5711,13068.9568,12981.3424,12821.2789,12787.594,12408.3388,12416.3113,12081.3609,11854.4472,11720.397,11518.9287,11512.5341,11307.8371,11036.7689,10759.6829,10666.0059,10564.0279,10671.3153,10691.947,10618.7957,10577.9124
Europe,Waste,Emissions (N2O),kilotonnes,54.7742,55.1868,55.6097,56.8461,56.918,57.2408,58.0852,59.0745,59.311,60.0118,60.4852,60.7422,60.3601,61.4651,60.5914,61.2041,61.4613,61.5569,61.4038,61.379,61.8178
Europe,Waste,Emissions (CO2),kilotonnes,6065.7181,6653.6098,6214.1141,7490.5921,6619.8229,6241.4619,6713.4237,6740.084,6563.5195,6755.4063,7030.6108,7255.9466,6172.828,7722.3882,6257.6128,7030.3887,6993.4963,6833.9829,6929.7309,7456.6024,7292.6523
Europe,Waste,Emissions (CO2eq) from CH4 (AR5),kilotonnes,367207.9908,365930.7904,363477.5872,358995.8092,358052.632,347433.4864,347656.7164,338278.1052,331924.5216,328171.116,322530.0039,322350.9548,316619.4385,309029.5295,301271.1204,298648.1641,295792.782,298796.8276,299374.5163,297326.281,296181.5466
Europe,Waste,Emissions (CO2eq) from N2O (AR5),kilotonnes,14515.1616,14624.501,14736.57,15064.2082,15083.275,15168.8091,15392.5779,15654.7529,15717.4067,15903.1374,16028.5649,16096.6858,15995.4134,16288.2435,16056.7103,16219.0754,16287.2359,16312.5696,16272.0141,16265.445,16381.727
Europe,Waste,Emissions (CO2eq) (AR5),kilotonnes,387788.8705,387208.9012,384428.2713,381550.6095,379755.7298,368843.7574,369762.718,360672.9421,354205.4478,350829.6598,345589.1796,345703.5872,338787.6799,333040.1612,323585.4434,321897.6282,319073.5143,321943.38,322576.2613,321048.3284,319855.9259
Europe,Other,Emissions (CH4),kilotonnes,0.0046,0.005,0.0083,0.0043,0.0031,0.0024,0.0029,0.0039,0.0037,0.0012,0.0023,0.0013,0.0006,0.0003,0.0004,0.0003,0,0,0,0,0
Europe,Other,Emissions (N2O),kilotonnes,92.4071,91.6357,89.9757,89.9453,87.568,85.167,84.1876,81.686,78.8617,73.1174,72.9912,72.1126,70.6786,68.1442,65.4949,64.4341,63.5408,62.7777,61.6149,57.3809,55.4103
Europe,Other,Emissions (CO2),kilotonnes,36.4,43.4,39.5,28.4,27.6,25.9,39,44.5,48.7,13.3,30,21.4,8.5,3.9,3.29,2.88,3.57,0.845,0,0,0
Europe,Other,Emissions (CO2eq) from CH4 (AR5),kilotonnes,0.1288,0.14,0.2324,0.1204,0.0868,0.0672,0.0812,0.1092,0.1036,0.0336,0.0644,0.0364,0.0168,0.0084,0.0112,0.0084,0,0,0,0,0
Europe,Other,Emissions (CO2eq) from N2O (AR5),kilotonnes,24487.8844,24283.4733,23843.5599,23835.5169,23205.5229,22569.2486,22309.712,21646.8027,20898.3623,19376.0997,19342.6561,19109.8264,18729.837,18058.2256,17356.1579,17075.0434,16838.2998,16636.0961,16327.9407,15205.9393,14683.7243
Europe,Other,Emissions (CO2eq) (AR5),kilotonnes,24524.4132,24327.0133,23883.2923,23864.0373,23233.2097,22595.2158,22348.7932,21691.4119,20947.1659,19389.4333,19372.7205,19131.2628,18738.3538,18062.134,17359.4591,17077.9318,16841.8698,16636.9411,16327.9407,15205.9393,14683.7243
Europe,Farm-gate emissions,Emissions (CH4),kilotonnes,16035.7022,15562.8567,15397.8204,15272.378,14759.6398,14424.0823,14212.8288,14181.5758,14113.4139,13871.5886,13767.12,13493.3348,13488.3706,13439.3627,13521.0837,13486.5481,13442.3428,13349.7757,13158.891,13040.631,12962.2556
Europe,Farm-gate emissions,Direct emissions (N2O),kilotonnes,519.5388,523.0171,517.8186,506.8987,517.2286,501.1528,495.7424,509.0484,516.3493,497.9419,496.9035,505.8822,501.1671,518.4067,527.8642,530.0735,535.1267,545.2481,527.6311,536.2918,538.4148
Europe,Farm-gate emissions,Indirect emissions (N2O),kilotonnes,170.0012,170.0373,168.3711,166.1457,167.6467,162.9866,161.5725,166.1517,166.526,161.094,161.9342,163.714,162.918,167.5865,169.9243,170.9479,172.554,175.589,170.3219,172.321,173.3328
Europe,Farm-gate emissions,Emissions (N2O),kilotonnes,1048.3163,1048.9934,1041.9538,1035.4658,1030.595,1010.2607,1000.4145,1017.3682,1029.2585,996.3741,998.1722,1008.6349,1003.5648,1020.9819,1038.1538,1037.1972,1044.4508,1055.9611,1036.1133,1047.5578,1051.266
Europe,Farm-gate emissions,Emissions (CO2),kilotonnes,407734.8059,403890.7098,395666.8975,396447.7116,396988.2333,398495.9363,393003.7435,393293.3081,392890.4287,385168.7974,386542.9698,388652.7521,385438.5024,386269.3689,385568.2051,381868.3508,382569.8053,382519.7285,385718.0883,385873.5052,386294.1839
Europe,Farm-gate emissions,Emissions (CO2eq) from CH4 (AR5),kilotonnes,448999.6614,435759.9869,431138.9704,427626.583,413269.9134,403874.3032,397959.2062,397084.1225,395175.5905,388404.4816,385479.3605,377813.3741,377674.3755,376302.1553,378590.3447,377623.3459,376385.5981,373793.7195,368448.9494,365137.669,362943.1559
Europe,Farm-gate emissions,Emissions (CO2eq) from N2O (AR5),kilotonnes,277803.8168,277983.2514,276117.769,274398.4444,273107.6673,267719.0772,265109.8417,269602.5794,272753.4902,264039.1387,264515.6241,267288.2526,265944.6663,270560.1912,275110.7642,274857.2574,276779.4737,279829.6984,274570.0343,277602.8121,278585.4795
Europe,Farm-gate emissions,Emissions (CO2eq) (AR5),kilotonnes,1134538.284,1117633.948,1102923.637,1098472.739,1083365.814,1070089.317,1056072.791,1059980.01,1060819.509,1037612.418,1036537.954,1033754.379,1029057.544,1033131.715,1039269.314,1034348.954,1035734.877,1036143.146,1028737.072,1028613.986,1027822.819
Europe,Land Use change,Emissions (CH4),kilotonnes,0,0,0,0,0,0,0,0,0,0,0,0,0,0,0,0,0,0,0,0,0
Europe,Land Use change,Emissions (N2O),kilotonnes,0,0,0,0,0,0,0,0,0,0,0,0,0,0,0,0,0,0,0,0,0
Europe,Land Use change,Emissions (CO2),kilotonnes,88027.4593,68774.0934,68774.0934,68774.0934,68774.0934,68774.0934,68774.0934,68774.0934,68774.0934,68774.0934,68774.0934,67596.2047,67596.2047,67596.2047,67596.2047,67596.2047,82868.6913,82868.6913,82868.6913,82868.6913,82868.6913
Europe,Land Use change,Emissions (CO2eq) from CH4 (AR5),kilotonnes,0,0,0,0,0,0,0,0,0,0,0,0,0,0,0,0,0,0,0,0,0
Europe,Land Use change,Emissions (CO2eq) from N2O (AR5),kilotonnes,0,0,0,0,0,0,0,0,0,0,0,0,0,0,0,0,0,0,0,0,0
Europe,Land Use change,Emissions (CO2eq) (AR5),kilotonnes,88027.4593,68774.0934,68774.0934,68774.0934,68774.0934,68774.0934,68774.0934,68774.0934,68774.0934,68774.0934,68774.0934,67596.2047,67596.2047,67596.2047,67596.2047,67596.2047,82868.6913,82868.6913,82868.6913,82868.6913,82868.6913
Europe,Emissions on agricultural land,Emissions (CH4),kilotonnes,16035.7022,15562.8567,15397.8204,15272.378,14759.6398,14424.0823,14212.8288,14181.5758,14113.4139,13871.5886,13767.12,13493.3348,13488.3706,13439.3627,13521.0837,13486.5481,13442.3428,13349.7757,13158.891,13040.631,12962.2556
Europe,Emissions on agricultural land,Emissions (N2O),kilotonnes,1048.3163,1048.9934,1041.9538,1035.4658,1030.595,1010.2607,1000.4145,1017.3682,1029.2585,996.3741,998.1722,1008.6349,1003.5648,1020.9819,1038.1538,1037.1972,1044.4508,1055.9611,1036.1133,1047.5578,1051.266
Europe,Emissions on agricultural land,Emissions (CO2),kilotonnes,495762.2652,472664.8032,464440.9909,465221.805,465762.3266,467270.0297,461777.8369,462067.4014,461664.5221,453942.8908,455317.0632,456248.9569,453034.7071,453865.5736,453164.4098,449464.5556,465438.4966,465388.4198,468586.7796,468742.1965,469162.8752
Europe,Emissions on agricultural land,Emissions (CO2eq) from CH4 (AR5),kilotonnes,448999.6614,435759.9869,431138.9704,427626.583,413269.9134,403874.3032,397959.2062,397084.1225,395175.5905,388404.4816,385479.3605,377813.3741,377674.3755,376302.1553,378590.3447,377623.3459,376385.5981,373793.7195,368448.9494,365137.669,362943.1559
Europe,Emissions on agricultural land,Emissions (CO2eq) from N2O (AR5),kilotonnes,277803.8168,277983.2514,276117.769,274398.4444,273107.6673,267719.0772,265109.8417,269602.5794,272753.4902,264039.1387,264515.6241,267288.2526,265944.6663,270560.1912,275110.7642,274857.2574,276779.4737,279829.6984,274570.0343,277602.8121,278585.4795
Europe,Emissions on agricultural land,Emissions (CO2eq) (AR5),kilotonnes,1222565.743,1186408.041,1171697.73,1167246.832,1152139.907,1138863.41,1124846.885,1128754.103,1129593.603,1106386.511,1105312.048,1101350.584,1096653.749,1100727.92,1106865.519,1101945.159,1118603.568,1119011.838,1111605.763,1111482.678,1110691.511
Europe,Pre- and post- production,Emissions (CH4),kilotonnes,6802.0003,6819.3493,6263.5288,6609.7794,6473.037,6597.1826,6645.5578,6738.8496,6607.0466,6700.0002,6419.6516,6272.4566,6311.0252,6311.8567,6196.2737,6241.9064,6274.5965,6392.3451,6423.6221,6508.3189,6479.7302
Europe,Pre- and post- production,Emissions (N2O),kilotonnes,101.7606,103.2718,104.6431,107.9565,106.5474,109.7621,113.0977,112.8948,114.7761,112.1202,118.5175,124.1263,123.8059,124.7572,121.3452,119.1287,124.8747,127.5402,125.5526,129.7042,127.0766
Europe,Pre- and post- production,Emissions (CO2),kilotonnes,696703.8505,680798.8525,686497.6989,700731.5511,698308.4375,759147.108,770299.1506,767646.5345,768720.0656,734331.5542,725879.9191,716918.8867,713849.6772,754115.8061,759132.1986,759066.8725,776326.5212,800987.4934,792262.3588,800643.78,727324.1253
Europe,Pre- and post- production,Emissions (CO2eq) from F-gases (AR5),kilotonnes,53670.584,63931.748,73690.036,84369.3975,94855.505,107181.162,117544.6675,127866.0935,130145.14,131668.8335,132614.3235,133010.702,133346.299,133686.5715,133686.5715,133686.5715,112653.0555,114921.712,117192.966,119460.064,111287.5255
Europe,Pre- and post- production,Emissions (CO2eq) from CH4 (AR5),kilotonnes,190456.0074,190941.7799,175378.8066,185073.8231,181245.0355,184721.1122,186075.6177,188687.7901,184997.3061,187600.006,179750.245,175628.786,176708.7045,176731.9873,173495.6626,174773.3785,175688.7017,178985.6629,179861.4176,182232.9283,181432.4466
Europe,Pre- and post- production,Emissions (CO2eq) from N2O (AR5),kilotonnes,26966.5663,27367.0151,27730.4188,28608.4659,28235.0543,29086.9499,29970.8776,29917.1193,30415.669,29711.8581,31407.1322,32893.4754,32808.5736,33060.6687,32156.4835,31569.1046,33091.7925,33798.1449,33271.4377,34371.6166,33675.2948
Europe,Pre- and post- production,Emissions (CO2eq) (AR5),kilotonnes,967797.0082,963039.3955,963296.9603,998783.2376,1002644.032,1080136.332,1103890.313,1114117.537,1114278.181,1083312.252,1069651.62,1058451.85,1056713.254,1097595.034,1098470.916,1099095.927,1097760.071,1128693.013,1122588.18,1136708.389,1053719.392
Europe,Agri-food systems,Emissions (CH4),kilotonnes,22837.7025,22382.206,21661.3492,21882.1574,21232.6767,21021.2648,20858.3866,20920.4255,20720.4606,20571.5888,20186.7716,19765.7914,19799.3957,19751.2194,19717.3574,19728.4544,19716.9393,19742.1208,19582.5131,19548.9499,19441.9858
Europe,Agri-food systems,Emissions (N2O),kilotonnes,1150.0769,1152.2652,1146.5969,1143.4223,1137.1423,1120.0227,1113.5121,1130.263,1144.0346,1108.4943,1116.6896,1132.7612,1127.3707,1145.7391,1159.499,1156.3259,1169.3255,1183.5013,1161.6659,1177.262,1178.3425
Europe,Agri-food systems,Emissions (CO2),kilotonnes,1192466.116,1153463.656,1150938.69,1165953.356,1164070.764,1226417.138,1232076.988,1229713.936,1230384.588,1188274.445,1181196.982,1173167.844,1166884.384,1207981.38,1212296.608,1208531.428,1241765.018,1266375.913,1260849.138,1269385.977,1196487.001
Europe,Agri-food systems,Emissions (CO2eq) from F-gases (AR5),kilotonnes,53670.584,63931.748,73690.036,84369.3975,94855.505,107181.162,117544.6675,127866.0935,130145.14,131668.8335,132614.3235,133010.702,133346.299,133686.5715,133686.5715,133686.5715,112653.0555,114921.712,117192.966,119460.064,111287.5255
Europe,Agri-food systems,Emissions (CO2eq) from CH4 (AR5),kilotonnes,639455.6687,626701.7668,606517.7771,612700.4061,594514.9489,588595.4153,584034.8239,585771.9127,580172.8966,576004.4876,565229.6055,553442.1601,554383.08,553034.1426,552086.0073,552396.7244,552074.2998,552779.3825,548310.367,547370.5974,544375.6025
Europe,Agri-food systems,Emissions (CO2eq) from N2O (AR5),kilotonnes,304770.3831,305350.2665,303848.1877,303006.9102,301342.7216,296806.0271,295080.7194,299519.6986,303169.1592,293750.9967,295922.7563,300181.728,298753.2399,303620.8598,307267.2477,306426.362,309871.2662,313627.8433,307841.4719,311974.4287,312260.7744
Europe,Agri-food systems,Emissions (CO2eq) (AR5),kilotonnes,2190362.752,2149447.437,2134994.691,2166030.07,2154783.94,2218999.742,2228737.198,2242871.641,2243871.783,2189698.763,2174963.668,2159802.434,2153367.003,2198322.954,2205336.435,2201041.086,2216363.639,2247704.851,2234193.943,2248191.067,2164410.903
Europe,IPCC Agriculture,Emissions (CH4),kilotonnes,15986.9704,15511.8628,15355.0584,15231.7878,14719.4721,14382.8246,14169.1564,14139.101,14070.3218,13830.4838,13723.3554,13452.0158,13446.2618,13398.0466,13480.8513,13448.679,13403.8581,13312.3375,13121.6904,13004.0358,12925.6604
Europe,IPCC Agriculture,Direct emissions (N2O),kilotonnes,519.5388,523.0171,517.8186,506.8987,517.2286,501.1528,495.7424,509.0484,516.3493,497.9419,496.9035,505.8822,501.1671,518.4067,527.8642,530.0735,535.1267,545.2481,527.6311,536.2918,538.4148
Europe,IPCC Agriculture,Indirect emissions (N2O),kilotonnes,170.0012,170.0373,168.3711,166.1457,167.6467,162.9866,161.5725,166.1517,166.526,161.094,161.9342,163.714,162.918,167.5865,169.9243,170.9479,172.554,175.589,170.3219,172.321,173.3328
Europe,IPCC Agriculture,Emissions (N2O),kilotonnes,1014.2989,1016.4871,1010.932,1004.1641,999.2937,978.4516,970.5697,987.9538,999.8422,969.3284,971.2634,980.7282,977.3228,994.8233,1011.3814,1010.9661,1018.1902,1029.4371,1009.1035,1020.5005,1024.2086
Europe,IPCC Agriculture,Emissions (CO2eq) from CH4 (AR5),kilotonnes,447635.1701,434332.1576,429941.6355,426490.058,412145.2182,402719.09,396736.3803,395894.8286,393969.0115,387253.5465,384253.9509,376656.4437,376495.3307,375145.3055,377463.8373,376563.0134,375308.0257,372745.4493,367407.33,364113.0033,361918.4902
Europe,IPCC Agriculture,Emissions (CO2eq) from N2O (AR5),kilotonnes,268789.1995,269369.0806,267896.9927,266103.4746,264812.8366,259289.6798,257200.9775,261807.7608,264958.1947,256872.0142,257384.7889,259892.9642,258990.5407,263628.162,268016.065,267906.005,269820.4086,272800.8267,267412.4384,270432.6233,271415.2908
Europe,IPCC Agriculture,Emissions (CO2eq) (AR5),kilotonnes,716424.3696,703701.2382,697838.6282,692593.5326,676958.0547,662008.7698,653937.3578,657702.5894,658927.2062,644125.5607,641638.7399,636549.4079,635485.8714,638773.4674,645479.9022,644469.0184,645128.4343,645546.276,634819.7684,634545.6267,633333.781
Europe,Agricultural Soils,Direct emissions (N2O),kilotonnes,519.5388,523.0171,517.8186,506.8987,517.2286,501.1528,495.7424,509.0484,516.3493,497.9419,496.9035,505.8822,501.1671,518.4067,527.8642,530.0735,535.1267,545.2481,527.6311,536.2918,538.4148
Europe,Agricultural Soils,Indirect emissions (N2O),kilotonnes,170.0012,170.0373,168.3711,166.1457,167.6467,162.9866,161.5725,166.1517,166.526,161.094,161.9342,163.714,162.918,167.5865,169.9243,170.9479,172.554,175.589,170.3219,172.321,173.3328
Europe,Agricultural Soils,Emissions (N2O),kilotonnes,888.96,892.3902,885.2427,871.7225,883.3912,862.7622,855.8563,873.6834,881.1629,857.2742,857.5564,868.8792,863.7138,885.6408,897.3125,900.5734,907.024,920.2645,898.4022,909.3241,912.756
Europe,Agricultural Soils,Emissions (CO2eq) from N2O (AR5),kilotonnes,235574.3891,236483.4123,234589.3173,231006.461,234098.6691,228631.9799,226801.9317,231526.0974,233508.1805,227177.6563,227252.4448,230252.9963,228884.1512,234694.8012,237787.8011,238651.9514,240361.3519,243870.1011,238076.5953,240970.8925,241880.3497
Europe,Agricultural Soils,Emissions (CO2eq) (AR5),kilotonnes,235574.3891,236483.4123,234589.3173,231006.461,234098.6691,228631.9799,226801.9317,231526.0974,233508.1805,227177.6563,227252.4448,230252.9963,228884.1512,234694.8012,237787.8011,238651.9514,240361.3519,243870.1011,238076.5953,240970.8925,241880.3497
Europe,LULUCF,Emissions (CH4),kilotonnes,284.6766,63.7883,89.3926,157.489,153.78,79.6283,119.1806,63.8141,219.8219,95.4183,117.8729,125.3232,154.4186,60.5381,142.7327,65.0778,141.8306,93.6148,142.0686,119.5253,74.4926
Europe,LULUCF,Emissions (N2O),kilotonnes,15.7481,5.8241,8.1619,14.3794,14.0408,7.2704,10.8817,5.8265,20.0707,8.7121,10.7623,11.4426,14.0991,5.5274,13.0321,5.9419,12.9498,8.5474,12.9715,10.9132,6.8015
Europe,LULUCF,Emissions (CO2),kilotonnes,-607559.2186,-1056870.156,-1057267.604,-1057798.362,-1058027.229,-1057875.684,-1057990.512,-1058074.721,-1058351.607,-1058421.598,-1057741.597,-1178585.427,-1178095.974,-1178069.83,-1178246.547,-1178207.267,-707772.4043,-707655.2885,-706210.5173,-705831.9896,-705411.311
Europe,LULUCF,Emissions (CO2eq) from CH4 (AR5),kilotonnes,7970.9444,1786.072,2502.9915,4409.6915,4305.8393,2229.5916,3337.0563,1786.7961,6155.0124,2671.713,3300.441,3509.0495,4323.7214,1695.0656,3996.515,1822.1782,3971.2575,2621.2148,3977.9203,3346.7073,2085.7921
Europe,LULUCF,Emissions (CO2eq) from N2O (AR5),kilotonnes,4173.2378,1543.3992,2162.9112,3810.5487,3720.8068,1926.6579,2883.652,1544.0249,5318.7335,2308.7086,2852.0115,3032.2765,3736.2592,1464.7578,3453.5102,1574.5996,3431.6844,2265.0715,3437.442,2891.9916,1802.3964
Europe,LULUCF,Emissions (CO2eq) (AR5),kilotonnes,-595415.0364,-1053540.685,-1052601.701,-1049578.122,-1050000.583,-1053719.435,-1051769.804,-1054743.9,-1046877.861,-1053441.176,-1051589.145,-1172044.101,-1170035.993,-1174910.006,-1170796.522,-1174810.489,-700369.4624,-702769.0022,-698795.155,-699593.2907,-701523.1225
Europe,AFOLU,Emissions (CH4),kilotonnes,16271.6469,15575.6511,15444.451,15389.2768,14873.2521,14462.4529,14288.337,14202.9152,14290.1437,13925.9021,13841.2283,13577.339,13600.6804,13458.5847,13623.584,13513.7568,13545.6887,13405.9523,13263.7589,13123.5611,13000.1529
Europe,AFOLU,Emissions (N2O),kilotonnes,1030.0469,1022.3112,1019.094,1018.5435,1013.3345,985.722,981.4514,993.7803,1019.9129,978.0405,982.0257,992.1707,991.4219,1000.3506,1024.4135,1016.9079,1031.14,1037.9845,1022.075,1031.4136,1031.0101
Europe,AFOLU,Emissions (CO2),kilotonnes,-607559.2186,-1056870.156,-1057267.604,-1057798.362,-1058027.229,-1057875.684,-1057990.512,-1058074.721,-1058351.607,-1058421.598,-1057741.597,-1178585.427,-1178095.974,-1178069.83,-1178246.547,-1178207.267,-707772.4043,-707655.2885,-706210.5173,-705831.9896,-705411.311
Europe,AFOLU,Emissions (CO2eq) from CH4 (AR5),kilotonnes,455606.1146,436118.2296,432444.6271,430899.7495,416451.0575,404948.6815,400073.4367,397681.6247,400124.0239,389925.2595,387554.3919,380165.4932,380819.052,376840.3711,381460.3523,378385.1916,379279.2832,375366.6642,371385.2503,367459.7106,364004.2823
Europe,AFOLU,Emissions (CO2eq) from N2O (AR5),kilotonnes,272962.4372,270912.4797,270059.9039,269914.0233,268533.6434,261216.3377,260084.6294,263351.7856,270276.9282,259180.7227,260236.8004,262925.2407,262726.7999,265092.9198,271469.5752,269480.6046,273252.0931,275065.8982,270849.8804,273324.615,273217.6871
Europe,AFOLU,Emissions (CO2eq) (AR5),kilotonnes,121009.3332,-349839.4467,-354763.0726,-356984.5895,-373042.528,-391710.6651,-397832.4462,-397041.3106,-387950.655,-409315.6156,-409950.4051,-535494.6934,-534550.1217,-536136.5387,-525316.6196,-530341.4709,-55241.0281,-57222.7262,-63975.3866,-65047.664,-68189.3416
Europe,All sectors with LULUCF,Emissions (CH4),kilotonnes,45260.3398,44651.8116,44401.0493,44577.0958,44207.1329,43524.6529,43470.3799,43123.9222,43145.04,41805.8829,42040.1772,41928.867,42139.3558,41824.968,41571.6768,41295.8518,41286.2411,41596.474,41603.0023,41224.0578,40263.2958
Europe,All sectors with LULUCF,Emissions (N2O),kilotonnes,1574.7223,1557.5811,1566.3111,1570.883,1561.9662,1552.8425,1529.8523,1545.8133,1520.7422,1472.8935,1474.8731,1539.8779,1542.5889,1544.2149,1561.2404,1554.8391,1567.7146,1573.7304,1552.6286,1563.9295,1551.7383
Europe,All sectors with LULUCF,Emissions (CO2),kilotonnes,5705697.436,5351745.534,5301341.149,5481852.679,5507885.616,5480141.503,5559682.869,5475914.676,5440806.099,4915102.532,5177079.849,4991604.654,4962208.012,4795731.321,4559070.951,4565583.51,5043603.768,5029459.029,5084977.69,4915941.498,4399950.874
Europe,All sectors with LULUCF,Emissions (CO2eq) from F-gases (AR5),kilotonnes,177928.6489,173004.8073,176174.4142,182529.5104,195960.4531,208160.69,220155.2016,235733.7813,247769.0133,255200.5803,282175.2388,290284.4093,364812.2515,385044.6659,356395.8141,361082.3037,372535.0233,409678.3103,436119.4687,405522.7155,401457.8748
Europe,All sectors with LULUCF,Emissions (CO2eq) from CH4 (AR5),kilotonnes,1267289.513,1250250.724,1243229.379,1248158.683,1237799.722,1218690.28,1217170.636,1207469.823,1208061.119,1170564.723,1177124.961,1174008.277,1179901.963,1171099.105,1164006.95,1156283.85,1156014.751,1164701.273,1164884.064,1154273.618,1127372.282
Europe,All sectors with LULUCF,Emissions (CO2eq) from N2O (AR5),kilotonnes,417301.3992,412758.9894,415072.4384,416284.0058,413921.049,411503.2592,405410.8671,409640.5274,402996.6784,390316.7772,390841.3816,408067.6427,408786.0489,409216.9563,413728.7181,412032.3709,415444.3558,417038.5533,411446.5789,414441.3278,411210.6404
Europe,All sectors with LULUCF,Emissions (CO2eq) (AR5),kilotonnes,7568216.997,7187760.055,7135817.38,7328824.878,7355566.84,7318495.733,7402419.575,7328758.808,7299632.91,6731184.612,7027221.431,6863964.984,6915708.275,6761092.048,6493202.433,6494982.034,6987597.898,7020877.166,7097427.801,6890179.159,6339991.672
Europe,All sectors without LULUCF,Emissions (CH4),kilotonnes,44975.6632,44588.0233,44311.6567,44419.6068,44053.3529,43445.0246,43351.1993,43060.1081,42925.2181,41710.4646,41922.3043,41803.5438,41984.9372,41764.43,41428.9441,41230.774,41144.4105,41502.8592,41460.9337,41104.5325,40188.8032
Europe,All sectors without LULUCF,Emissions (N2O),kilotonnes,1558.9742,1551.7569,1558.1492,1556.5036,1547.9254,1545.5721,1518.9706,1539.9868,1500.6715,1464.1814,1464.1108,1528.4353,1528.4898,1538.6875,1548.2083,1548.8973,1554.7648,1565.183,1539.6571,1553.0164,1544.9368
Europe,All sectors without LULUCF,Emissions (CO2),kilotonnes,6313256.654,6408615.69,6358608.752,6539651.041,6565912.845,6538017.188,6617673.382,6533989.397,6499157.707,5973524.129,6234821.447,6170190.082,6140303.986,5973801.15,5737317.498,5743790.777,5751376.172,5737114.318,5791188.207,5621773.487,5105362.185
Europe,All sectors without LULUCF,Emissions (CO2eq) from F-gases (AR5),kilotonnes,177928.6489,173004.8073,176174.4142,182529.5104,195960.4531,208160.69,220155.2016,235733.7813,247769.0133,255200.5803,282175.2388,290284.4093,364812.2515,385044.6659,356395.8141,361082.3037,372535.0233,409678.3103,436119.4687,405522.7155,401457.8748
Europe,All sectors without LULUCF,Emissions (CO2eq) from CH4 (AR5),kilotonnes,1259318.569,1248464.652,1240726.388,1243748.991,1233493.882,1216460.689,1213833.58,1205683.027,1201906.107,1167893.01,1173824.52,1170499.228,1175578.241,1169404.039,1160010.435,1154461.672,1152043.493,1162080.058,1160906.143,1150926.911,1125286.49
Europe,All sectors without LULUCF,Emissions (CO2eq) from N2O (AR5),kilotonnes,413128.1614,411215.5902,412909.5273,412473.4571,410200.2422,409576.6013,402527.2152,408096.5025,397677.9448,388008.0686,387989.3701,405035.3662,405049.7897,407752.1985,410275.2079,410457.7713,412012.6713,414773.4818,408009.1369,411549.3361,409408.244
Europe,All sectors without LULUCF,Emissions (CO2eq) (AR5),kilotonnes,8163632.033,8241300.739,8188419.081,8378403,8405567.423,8372215.168,8454189.379,8383502.708,8346510.772,7784625.788,8078810.576,8036009.085,8085744.268,7936002.054,7663998.955,7669792.524,7687967.36,7723646.168,7796222.956,7589772.45,7041514.795
Eastern Europe,Crop Residues,Direct emissions (N2O),kilotonnes,32.8882,42.3636,40.9136,32.3965,42.3511,40.0952,37.4173,35.7243,48.458,44.1927,35.5223,45.7003,37.8394,46.0961,50.9313,48.957,53.0489,55.576,52.5931,55.5989,54.9256
Eastern Europe,Crop Residues,Indirect emissions (N2O),kilotonnes,7.3998,9.5318,9.2056,7.2892,9.529,9.0214,8.4189,8.038,10.903,9.9434,7.9925,10.2826,8.5139,10.3716,11.4595,11.0153,11.936,12.5046,11.8335,12.5098,12.3583
Eastern Europe,Crop Residues,Emissions (N2O),kilotonnes,40.288,51.8954,50.1191,39.6857,51.8801,49.1166,45.8362,43.7623,59.361,54.1361,43.5148,55.9828,46.3532,56.4678,62.3908,59.9724,64.9849,68.0806,64.4266,68.1087,67.2838
Eastern Europe,Crop Residues,Emissions (CO2eq) from N2O (AR5),kilotonnes,10676.3188,13752.2799,13281.5666,10516.7184,13748.2213,13015.8971,12146.5857,11597.0067,15730.6655,14346.0611,11531.4131,14835.4522,12283.6055,14963.9552,16533.5661,15892.6799,17221.008,18041.3696,17073.0488,18048.7972,17830.2113
Eastern Europe,Crop Residues,Emissions (CO2eq) (AR5),kilotonnes,10676.3188,13752.2799,13281.5666,10516.7184,13748.2213,13015.8971,12146.5857,11597.0067,15730.6655,14346.0611,11531.4131,14835.4522,12283.6055,14963.9552,16533.5661,15892.6799,17221.008,18041.3696,17073.0488,18048.7972,17830.2113
Eastern Europe,Rice Cultivation,Emissions (CH4),kilotonnes,56.2621,47.192,43.6055,48.6354,43.6862,47.2248,53.2935,54.7086,56.1229,63.3718,71.8362,73.9435,67.6304,66.5319,64.9359,66.3267,67.2431,61.7884,60.188,62.4655,63.973
Eastern Europe,Rice Cultivation,Emissions (CO2eq) from CH4 (AR5),kilotonnes,1575.3382,1321.3771,1220.9546,1361.7923,1223.2125,1322.2944,1492.2186,1531.8419,1571.4418,1774.4115,2011.4147,2070.4186,1893.6501,1862.8938,1818.2058,1857.147,1882.8074,1730.0763,1685.2629,1749.0334,1791.244
Eastern Europe,Rice Cultivation,Emissions (CO2eq) (AR5),kilotonnes,1575.3382,1321.3771,1220.9546,1361.7923,1223.2125,1322.2944,1492.2186,1531.8419,1571.4418,1774.4115,2011.4147,2070.4186,1893.6501,1862.8938,1818.2058,1857.147,1882.8074,1730.0763,1685.2629,1749.0334,1791.244
Eastern Europe,Burning - Crop residues,Emissions (CH4),kilotonnes,58.1519,62.0195,62.6838,56.6829,65.1069,64.2063,60.8717,61.9636,70.4498,67.7426,62.1523,72.342,71.6556,77.1874,77.3506,78.9997,80.0555,79.9836,79.1181,83.5225,86.7316
Eastern Europe,Burning - Crop residues,Emissions (N2O),kilotonnes,1.5076,1.6079,1.6251,1.4696,1.688,1.6646,1.5782,1.6065,1.8265,1.7563,1.6114,1.8755,1.8577,2.0012,2.0054,2.0481,2.0755,2.0736,2.0512,2.1654,2.2486
Eastern Europe,Burning - Crop residues,Emissions (CO2eq) from CH4 (AR5),kilotonnes,1628.2538,1736.5465,1755.1474,1587.1224,1822.9925,1797.7776,1704.4075,1734.9798,1972.5953,1896.7921,1740.2645,2025.5748,2006.3569,2161.2461,2165.8161,2211.9911,2241.5552,2239.5397,2215.3071,2338.6295,2428.4847
Eastern Europe,Burning - Crop residues,Emissions (CO2eq) from N2O (AR5),kilotonnes,399.5252,426.0971,430.6612,389.4328,447.3083,441.1214,418.2111,425.7126,484.0165,465.4166,427.0094,497.016,492.3005,530.3058,531.4271,542.7571,550.0112,549.5167,543.5707,573.8304,595.8782
Eastern Europe,Burning - Crop residues,Emissions (CO2eq) (AR5),kilotonnes,2027.7791,2162.6436,2185.8086,1976.5552,2270.3009,2238.899,2122.6186,2160.6925,2456.6118,2362.2087,2167.2739,2522.5909,2498.6574,2691.5519,2697.2432,2754.7482,2791.5664,2789.0564,2758.8779,2912.4599,3024.3629
Eastern Europe,Enteric Fermentation,Emissions (CH4),kilotonnes,4779.1688,4570.5019,4497.2972,4421.8134,4157.7723,3939.9051,3809.3562,3787.3253,3726.2636,3630.8969,3560.7172,3432.5429,3436.7644,3448.7907,3409.9111,3354.7751,3288.1474,3275.73,3237.7808,3194.871,3168.7597
Eastern Europe,Enteric Fermentation,Emissions (CO2eq) from CH4 (AR5),kilotonnes,133816.7276,127974.0537,125924.3229,123810.7753,116417.6236,110317.3416,106661.9738,106045.1079,104335.3804,101665.1142,99700.0827,96111.2017,96229.4038,96566.1383,95477.512,93933.7041,92068.127,91720.4389,90657.8622,89456.3869,88725.2703
Eastern Europe,Enteric Fermentation,Emissions (CO2eq) (AR5),kilotonnes,133816.7276,127974.0537,125924.3229,123810.7753,116417.6236,110317.3416,106661.9738,106045.1079,104335.3804,101665.1142,99700.0827,96111.2017,96229.4038,96566.1383,95477.512,93933.7041,92068.127,91720.4389,90657.8622,89456.3869,88725.2703
Eastern Europe,Manure Management,Emissions (CH4),kilotonnes,810.9769,766.8752,771.6958,789.3006,751.6748,720.6316,715.7777,718.0202,696.1424,670.5011,677.6367,662.3241,661.1044,663.1311,659.9475,656.1184,640.238,639.5094,635.8826,632.431,633.2536
Eastern Europe,Manure Management,Emissions (N2O),kilotonnes,45.2064,42.8204,43.1897,42.8934,40.2537,38.3785,37.7065,37.897,36.8291,35.805,35.9174,34.8168,34.537,34.7736,34.6533,34.4121,34.1234,34.093,33.7964,33.5506,33.6197
Eastern Europe,Manure Management,Emissions (CO2eq) from CH4 (AR5),kilotonnes,22707.3522,21472.505,21607.4826,22100.418,21046.895,20177.6836,20041.7747,20104.5664,19491.9868,18774.0295,18973.8285,18545.0739,18510.9238,18567.671,18478.5287,18371.3164,17926.6641,17906.2623,17804.7119,17708.0677,17731.0995
Eastern Europe,Manure Management,Emissions (CO2eq) from N2O (AR5),kilotonnes,11979.6894,11347.4154,11445.2665,11366.7424,10667.2387,10170.2985,9992.2298,10042.6932,9759.7018,9488.3339,9518.101,9226.4629,9152.3103,9215.0026,9183.1221,9119.217,9042.7132,9034.6423,8956.0483,8890.9031,8909.226
Eastern Europe,Manure Management,Emissions (CO2eq) (AR5),kilotonnes,34687.0416,32819.9204,33052.7491,33467.1604,31714.1338,30347.9822,30034.0045,30147.2597,29251.6886,28262.3633,28491.9295,27771.5368,27663.2341,27782.6737,27661.6508,27490.5334,26969.3773,26940.9046,26760.7602,26598.9708,26640.3255
Eastern Europe,Manure left on Pasture,Direct emissions (N2O),kilotonnes,28.9663,27.9365,27.3733,27.2099,26.108,25.1137,24.4433,24.5763,24.657,24.3111,23.971,23.1872,23.3877,23.7066,23.4956,23.3298,22.9471,22.9443,22.7765,22.3762,22.1665
Eastern Europe,Manure left on Pasture,Indirect emissions (N2O),kilotonnes,8.0572,7.8068,7.6167,7.624,7.4121,7.2027,7.0515,7.135,7.2339,7.1726,7.0902,6.8711,6.948,7.0703,7.0163,6.9991,6.8977,6.9061,6.8607,6.7203,6.6501
Eastern Europe,Manure left on Pasture,Emissions (N2O),kilotonnes,37.0235,35.7433,34.99,34.834,33.5201,32.3165,31.4948,31.7113,31.8909,31.4837,31.0612,30.0584,30.3357,30.7769,30.5119,30.3289,29.8448,29.8504,29.6372,29.0965,28.8166
Eastern Europe,Manure left on Pasture,Emissions (CO2eq) from N2O (AR5),kilotonnes,9811.2376,9471.9651,9272.3509,9231.0091,8882.8147,8563.8659,8346.1124,8403.4895,8451.0851,8343.1714,8231.2073,7965.466,8038.9711,8155.8788,8085.6512,8037.1583,7908.883,7910.3634,7853.8644,7710.5769,7636.4013
Eastern Europe,Manure left on Pasture,Emissions (CO2eq) (AR5),kilotonnes,9811.2376,9471.9651,9272.3509,9231.0091,8882.8147,8563.8659,8346.1124,8403.4895,8451.0851,8343.1714,8231.2073,7965.466,8038.9711,8155.8788,8085.6512,8037.1583,7908.883,7910.3634,7853.8644,7710.5769,7636.4013
Eastern Europe,Manure applied to Soils,Direct emissions (N2O),kilotonnes,47.2021,44.8615,45.9174,45.6541,43.1223,41.4095,40.9606,41.2864,40.3078,39.4289,39.9442,38.89,38.6544,39.1206,39.1168,39.0837,38.9474,39.0102,38.8137,38.5546,38.6712
Eastern Europe,Manure applied to Soils,Indirect emissions (N2O),kilotonnes,20.0609,19.0661,19.5149,19.403,18.327,17.599,17.4082,17.5467,17.1308,16.7573,16.9763,16.5283,16.4281,16.6263,16.6246,16.6106,16.5526,16.5793,16.4958,16.3857,16.4352
Eastern Europe,Manure applied to Soils,Emissions (N2O),kilotonnes,67.263,63.9276,65.4324,65.0571,61.4493,59.0086,58.3688,58.8331,57.4386,56.1861,56.9205,55.4183,55.0825,55.7469,55.7414,55.6943,55.5,55.5895,55.3095,54.9403,55.1064
Eastern Europe,Manure applied to Soils,Emissions (CO2eq) from N2O (AR5),kilotonnes,17824.6819,16940.817,17339.5739,17240.1257,16284.0599,15637.2701,15467.7335,15590.7835,15221.2216,14889.3262,15083.9393,14685.8432,14596.8613,14772.9155,14771.483,14758.9816,14707.494,14731.219,14657.0271,14559.1734,14603.199
Eastern Europe,Manure applied to Soils,Emissions (CO2eq) (AR5),kilotonnes,17824.6819,16940.817,17339.5739,17240.1257,16284.0599,15637.2701,15467.7335,15590.7835,15221.2216,14889.3262,15083.9393,14685.8432,14596.8613,14772.9155,14771.483,14758.9816,14707.494,14731.219,14657.0271,14559.1734,14603.199
Eastern Europe,Synthetic Fertilizers,Direct emissions (N2O),kilotonnes,55.6226,60.0666,55.6725,56.2463,55.487,58.1487,61.7649,68.198,73.7542,72.6535,75.187,81.9269,81.311,83.3191,79.9864,83.3908,91.6495,96.7296,96.2135,100.099,106.0833
Eastern Europe,Synthetic Fertilizers,Indirect emissions (N2O),kilotonnes,18.0773,19.5216,18.0936,18.2801,18.0333,18.8983,20.0736,22.1644,23.9701,23.6124,24.4358,26.6262,26.4261,27.0787,25.9956,27.102,29.7861,31.4371,31.2694,32.5322,34.4771
Eastern Europe,Synthetic Fertilizers,Emissions (N2O),kilotonnes,73.6999,79.5882,73.7661,74.5264,73.5202,77.047,81.8385,90.3624,97.7243,96.2659,99.6227,108.5531,107.7371,110.3978,105.982,110.4928,121.4356,128.1668,127.4829,132.6312,140.5604
Eastern Europe,Synthetic Fertilizers,Emissions (CO2eq) from N2O (AR5),kilotonnes,19530.4854,21090.8849,19548.0151,19749.4876,19482.8568,20417.4633,21687.197,23946.0243,25896.943,25510.4572,26400.0284,28766.5772,28550.3229,29255.4049,28085.2322,29280.6009,32180.4449,33964.1971,33782.9682,35147.278,37248.5034
Eastern Europe,Synthetic Fertilizers,Emissions (CO2eq) (AR5),kilotonnes,19530.4854,21090.8849,19548.0151,19749.4876,19482.8568,20417.4633,21687.197,23946.0243,25896.943,25510.4572,26400.0284,28766.5772,28550.3229,29255.4049,28085.2322,29280.6009,32180.4449,33964.1971,33782.9682,35147.278,37248.5034
Eastern Europe,Drained organic soils,Emissions (CO2eq) (AR5),kilotonnes,180196.0187,180032.2333,179694.338,179232.8315,178665.1491,178489.2648,178184.6558,177876.6094,177323.3422,176944.6565,177136.7843,177523.0465,177922.0302,177900.8389,177747.2388,177780.1379,177546.0832,177403.7914,178025.7056,178179.5072,178478.7819
Eastern Europe,Drained organic soils (CO2),Emissions (CO2),kilotonnes,151827.8675,151689.9825,151405.2439,151016.3772,150538.0076,150389.8786,150133.3437,149873.7358,149407.6082,149088.5858,149250.3675,149575.6511,149911.7775,149893.9091,149764.4088,149792.1189,149594.8893,149474.956,149998.7001,150128.7932,150380.9355
Eastern Europe,Drained organic soils (CO2),Emissions (CO2eq) (AR5),kilotonnes,151827.8675,151689.9825,151405.2439,151016.3772,150538.0076,150389.8786,150133.3437,149873.7358,149407.6082,149088.5858,149250.3675,149575.6511,149911.7775,149893.9091,149764.4088,149792.1189,149594.8893,149474.956,149998.7001,150128.7932,150380.9355
Eastern Europe,Drained organic soils (N2O),Emissions (N2O),kilotonnes,107.0496,106.9519,106.7513,106.4772,106.1402,106.0354,105.854,105.6712,105.3424,105.1172,105.2318,105.4619,105.6991,105.6865,105.5956,105.6152,105.4762,105.3918,105.7623,105.8518,106.0296
Eastern Europe,Drained organic soils (N2O),Emissions (CO2eq) from N2O (AR5),kilotonnes,28368.1513,28342.2508,28289.094,28216.4544,28127.1415,28099.3862,28051.3121,28002.8736,27915.7339,27856.0707,27886.4168,27947.3953,28010.2528,28006.9298,27982.83,27988.0189,27951.1939,27928.8354,28027.0055,28050.714,28097.8464
Eastern Europe,Drained organic soils (N2O),Emissions (CO2eq) (AR5),kilotonnes,28368.1513,28342.2508,28289.094,28216.4544,28127.1415,28099.3862,28051.3121,28002.8736,27915.7339,27856.0707,27886.4168,27947.3953,28010.2528,28006.9298,27982.83,27988.0189,27951.1939,27928.8354,28027.0055,28050.714,28097.8464
Eastern Europe,On-farm energy use,Emissions (CH4),kilotonnes,38.5994,40.772,33.3389,30.7226,30.1589,31.6669,34.5926,32.6528,33.716,33.3734,35.6338,33.3945,34.5746,33.7013,33.1441,31.2548,31.971,31.1824,30.938,30.4968,30.4968
Eastern Europe,On-farm energy use,Emissions (N2O),kilotonnes,14.781,13.4984,12.1507,12.2957,12.0323,12.4356,11.4805,11.3984,11.6984,9.6746,9.7492,11.2169,10.1437,9.7601,10.7305,10.1145,9.8952,10.2194,10.4959,10.4489,10.4489
Eastern Europe,On-farm energy use,Emissions (CO2),kilotonnes,55549.3934,52595.2823,46603.9057,46191.3472,45615.5296,47397.9732,45623.9027,46877.5498,48480.9317,43064.5242,42980.8417,46175.7581,43812.6858,43808.0481,45554.481,43081.6109,43610.4226,44109.5509,45198.3914,45127.1735,45127.1735
Eastern Europe,On-farm energy use,Emissions (CO2eq) from CH4 (AR5),kilotonnes,1080.7832,1141.6158,933.4896,860.2326,844.4491,886.6742,968.5914,914.2771,944.0483,934.4539,997.7464,935.0456,968.0881,943.6351,928.0359,875.1346,895.188,873.106,866.2635,853.909,853.909
Eastern Europe,On-farm energy use,Emissions (CO2eq) from N2O (AR5),kilotonnes,3916.9761,3577.073,3219.9427,3258.3569,3188.5507,3295.4236,3042.3361,3020.575,3100.0719,2563.7779,2583.5349,2972.4763,2688.0715,2586.4313,2843.584,2680.3411,2622.2187,2708.1484,2781.407,2768.9716,2768.9716
Eastern Europe,On-farm energy use,Emissions (CO2eq) (AR5),kilotonnes,60547.1527,57313.9711,50757.338,50309.9367,49648.5294,51580.071,49634.8303,50812.402,52525.0519,46562.7561,46562.1231,50083.28,47468.8454,47338.1145,49326.1009,46637.0865,47127.8293,47690.8052,48846.0619,48750.0541,48750.0541
Eastern Europe,Forestland,Emissions (CO2),kilotonnes,-635867.7133,-1019754.495,-1019754.495,-1019754.495,-1019754.495,-1019754.495,-1019754.495,-1019754.495,-1019754.495,-1019754.495,-1019754.495,-1156311.709,-1156311.709,-1156311.709,-1156311.709,-1156311.709,-814644.5109,-814644.5109,-814644.5109,-814644.5109,-814644.5109
Eastern Europe,Forestland,Emissions (CO2eq) (AR5),kilotonnes,-635867.7133,-1019754.495,-1019754.495,-1019754.495,-1019754.495,-1019754.495,-1019754.495,-1019754.495,-1019754.495,-1019754.495,-1019754.495,-1156311.709,-1156311.709,-1156311.709,-1156311.709,-1156311.709,-814644.5109,-814644.5109,-814644.5109,-814644.5109,-814644.5109
Eastern Europe,Net Forest conversion,Emissions (CO2),kilotonnes,44768.832,7281.911,7281.911,7281.911,7281.911,7281.911,7281.911,7281.911,7281.911,7281.911,7281.911,21305.9604,21305.9604,21305.9604,21305.9604,21305.9604,45641.2791,45641.2791,45641.2791,45641.2791,45641.2791
Eastern Europe,Net Forest conversion,Emissions (CO2eq) (AR5),kilotonnes,44768.832,7281.911,7281.911,7281.911,7281.911,7281.911,7281.911,7281.911,7281.911,7281.911,7281.911,21305.9604,21305.9604,21305.9604,21305.9604,21305.9604,45641.2791,45641.2791,45641.2791,45641.2791,45641.2791
Eastern Europe,Savanna fires,Emissions (CH4),kilotonnes,53.7738,80.9428,103.1217,191.2741,46.4217,70.8655,77.9309,64.4789,127.8589,72.234,94.0487,91.7885,112.4586,60.8394,111.6515,66.9877,76.9668,53.9663,91.4125,103.5565,109.332
Eastern Europe,Savanna fires,Emissions (N2O),kilotonnes,4.9098,7.3904,9.4155,17.4642,4.2385,6.4703,7.1154,5.8872,11.6741,6.5953,8.5871,8.3807,10.268,5.5549,10.1943,6.1163,7.0274,4.9274,8.3464,9.4552,9.9825
Eastern Europe,Savanna fires,Emissions (CO2eq) from CH4 (AR5),kilotonnes,1505.6672,2266.3978,2887.4087,5355.6758,1299.8078,1984.2352,2182.0659,1805.4078,3580.0485,2022.5521,2633.3635,2570.0791,3148.84,1703.5029,3126.2414,1875.6568,2155.0696,1511.0552,2559.5505,2899.5833,3061.2966
Eastern Europe,Savanna fires,Emissions (CO2eq) from N2O (AR5),kilotonnes,1301.0938,1958.4633,2495.0977,4628.0025,1123.2035,1714.638,1885.5895,1560.1078,3093.6289,1747.7488,2275.5696,2220.8836,2721.0085,1472.0487,2701.4803,1620.8121,1862.2612,1305.7488,2211.7855,2505.6182,2645.3596
Eastern Europe,Savanna fires,Emissions (CO2eq) (AR5),kilotonnes,2806.761,4224.8611,5382.5064,9983.6783,2423.0113,3698.8732,4067.6554,3365.5156,6673.6774,3770.3009,4908.9331,4790.9627,5869.8485,3175.5517,5827.7217,3496.4689,4017.3309,2816.8041,4771.3361,5405.2015,5706.6562
Eastern Europe,Fires in organic soils,Emissions (CH4),kilotonnes,0,0,0,0,0,0,0,0,0,0,0,0,0,0,0,0,0,0,0,0,0
Eastern Europe,Fires in organic soils,Emissions (CO2),kilotonnes,0,0,0,0,0,0,0,0,0,0,0,0,0,0,0,0,0,0,0,0,0
Eastern Europe,Fires in organic soils,Emissions (CO2eq) from CH4 (AR5),kilotonnes,0,0,0,0,0,0,0,0,0,0,0,0,0,0,0,0,0,0,0,0,0
Eastern Europe,Fires in organic soils,Emissions (CO2eq) (AR5),kilotonnes,0,0,0,0,0,0,0,0,0,0,0,0,0,0,0,0,0,0,0,0,0
Eastern Europe,Forest fires,Emissions (CH4),kilotonnes,266.8456,63.0771,88.1057,152.0185,152.501,75.3845,117.0486,60.0004,218.7583,94.0684,117.0445,122.9819,150.7801,59.7419,141.1942,63.8917,138.284,79.085,140.8154,117.0385,70.6481
Eastern Europe,Forest fires,Emissions (N2O),kilotonnes,14.7617,5.7592,8.0444,13.8799,13.924,6.8829,10.687,5.4783,19.9736,8.5889,10.6867,11.2288,13.7669,5.4547,12.8916,5.8336,12.6259,7.2208,12.8571,10.6861,6.4505
Eastern Europe,Forest fires,Emissions (CO2eq) from CH4 (AR5),kilotonnes,7471.6757,1766.1586,2466.9582,4256.5172,4270.0287,2110.7667,3277.3601,1680.0102,6125.2334,2633.916,3277.2469,3443.4938,4221.8421,1672.7737,3953.4378,1788.9682,3871.953,2214.3813,3942.8309,3277.078,1978.1475
Eastern Europe,Forest fires,Emissions (CO2eq) from N2O (AR5),kilotonnes,3911.8423,1526.1914,2131.7737,3678.1861,3689.8618,1823.9778,2832.0666,1451.7479,5293.0006,2276.047,2831.9688,2975.6278,3648.2222,1445.4947,3416.2859,1545.9018,3345.8724,1913.5143,3407.1202,2831.8229,1709.3775
Eastern Europe,Forest fires,Emissions (CO2eq) (AR5),kilotonnes,11383.518,3292.3499,4598.7319,7934.7033,7959.8905,3934.7445,6109.4266,3131.7581,11418.234,4909.963,6109.2156,6419.1217,7870.0643,3118.2684,7369.7237,3334.87,7217.8254,4127.8955,7349.9511,6108.9009,3687.525
Eastern Europe,Fires in humid tropical forests,Emissions (CH4),kilotonnes,0,0,0,0,0,0,0,0,0,0,0,0,0,0,0,0,0,0,0,0,0
Eastern Europe,Fires in humid tropical forests,Emissions (N2O),kilotonnes,0,0,0,0,0,0,0,0,0,0,0,0,0,0,0,0,0,0,0,0,0
Eastern Europe,Fires in humid tropical forests,Emissions (CO2eq) from CH4 (AR5),kilotonnes,0,0,0,0,0,0,0,0,0,0,0,0,0,0,0,0,0,0,0,0,0
Eastern Europe,Fires in humid tropical forests,Emissions (CO2eq) from N2O (AR5),kilotonnes,0,0,0,0,0,0,0,0,0,0,0,0,0,0,0,0,0,0,0,0,0
Eastern Europe,Fires in humid tropical forests,Emissions (CO2eq) (AR5),kilotonnes,0,0,0,0,0,0,0,0,0,0,0,0,0,0,0,0,0,0,0,0,0
Eastern Europe,Waste - agri-food systems,Emissions (CH4),kilotonnes,1981.221,2013.366,2028.5932,2120.614,2155.9573,2171.2906,2162.9019,2167.6711,2183.4896,2262.3824,2273.0912,2213.6718,2245.6294,2268.01,2243.1633,2216.5859,2271.0221,2265.8968,2261.5291,2257.1623,2251.0432
Eastern Europe,Waste - agri-food systems,Emissions (N2O),kilotonnes,13.4758,13.5685,13.7001,13.8858,14.0003,14.3093,14.3116,14.4917,14.5496,14.4987,14.6072,14.6889,14.728,14.7057,14.2324,14.2415,14.3441,14.6642,14.9506,15.217,15.4664
Eastern Europe,Waste - agri-food systems,Emissions (CO2),kilotonnes,479.8558,481.7675,484.0121,487.272,491.5242,495.0922,497.8039,502.4052,507.1367,503.5351,505.6387,507.9397,507.5271,508.8662,508.9428,505.2612,505.1085,507.6817,510.1641,510.9351,510.6858
Eastern Europe,Waste - agri-food systems,Emissions (CO2eq) from CH4 (AR5),kilotonnes,55474.1891,56374.2479,56800.6087,59377.1934,60366.8045,60796.1368,60561.2529,60694.7906,61137.7094,63346.7063,63646.5535,61982.8111,62877.6237,63504.2792,62808.5718,62064.404,63588.6198,63445.1095,63322.8158,63200.5448,63029.2102
Eastern Europe,Waste - agri-food systems,Emissions (CO2eq) from N2O (AR5),kilotonnes,3571.0885,3595.6413,3630.5246,3679.7418,3710.0814,3791.977,3792.5853,3840.2948,3855.6555,3842.1518,3870.9038,3892.5562,3902.9218,3897.0017,3771.5981,3773.9952,3801.1782,3886.0026,3961.9188,4032.4983,4098.5949
Eastern Europe,Waste - agri-food systems,Emissions (CO2eq) (AR5),kilotonnes,59525.1334,60451.6568,60915.1454,63544.2071,64568.4101,65083.206,64851.6421,65037.4906,65500.5015,67692.3932,68023.096,66383.307,67288.0726,67910.1471,67089.1126,66343.6604,67894.9065,67838.7938,67794.8988,67743.9782,67638.4908
Eastern Europe,Fertilizers Manufacturing,Emissions (N2O),kilotonnes,50.5856,52.0297,52.7989,55.3893,53.6109,56.0655,59.0081,58.1908,59.7075,57.0769,63.4228,68.826,68.5527,68.9474,66.1508,63.6117,68.1185,68.7038,65.4455,67.9977,64.8365
Eastern Europe,Fertilizers Manufacturing,Emissions (CO2),kilotonnes,12342.0255,14271.4071,20696.5046,23159.6254,22736.5978,25469.6385,28214.125,29673.3602,27047.3701,30555.1946,34558.7386,37863.6747,36598.8219,49974.0143,52941.4901,54617.8772,55288.6086,55614.9883,52905.5528,56991.6963,53355.633
Eastern Europe,Fertilizers Manufacturing,Emissions (CO2eq) from N2O (AR5),kilotonnes,13405.184,13787.8705,13991.7085,14678.1645,14206.8885,14857.3575,15637.1465,15420.562,15822.4875,15125.3785,16807.042,18238.89,18166.4655,18271.061,17529.962,16857.1005,18051.4025,18206.507,17343.0575,18019.3905,17181.6799
Eastern Europe,Fertilizers Manufacturing,Emissions (CO2eq) (AR5),kilotonnes,25747.2095,28059.2776,34688.2131,37837.7899,36943.4863,40326.996,43851.2715,45093.9222,42869.8576,45680.5731,51365.7806,56102.5647,54765.2874,68245.0753,70471.4521,71474.9777,73340.0111,73821.4953,70248.6103,75011.0868,70537.3129
Eastern Europe,On-farm electricity use,Emissions (CH4),kilotonnes,54.6563,47.3247,43.0445,35.9347,32.5796,31.4194,31.861,31.0185,30.2302,29.3628,30.4294,29.8655,30.7007,30.5074,31.0871,31.381,32.6061,33.9334,35.2879,36.128,36.128
Eastern Europe,On-farm electricity use,Emissions (N2O),kilotonnes,0.2919,0.2528,0.2298,0.1919,0.174,0.1677,0.1702,0.1656,0.1614,0.1569,0.1624,0.1594,0.1638,0.163,0.166,0.1676,0.1741,0.1813,0.1884,0.193,0.193
Eastern Europe,On-farm electricity use,Emissions (CO2),kilotonnes,20899.9083,18330.3527,16893.2445,13459.3724,11761.7101,11973.7936,12455.7504,11912.9624,11592.0862,10708.0292,11178.9774,11550.8465,11614.8316,11552.1016,11751.3022,11866.417,12329.2875,12832.0213,13369.7016,13693.3814,13693.3814
Eastern Europe,On-farm electricity use,Emissions (CO2eq) from CH4 (AR5),kilotonnes,1530.3764,1325.0916,1205.246,1006.1716,912.2288,879.7432,892.108,868.518,846.4456,822.1584,852.0232,836.234,859.6196,854.2072,870.4388,878.668,912.9708,950.1352,988.0612,1011.584,1011.584
Eastern Europe,On-farm electricity use,Emissions (CO2eq) from N2O (AR5),kilotonnes,77.3535,66.992,60.897,50.8535,46.11,44.4405,45.103,43.884,42.771,41.5785,43.036,42.241,43.407,43.195,43.99,44.414,46.1365,48.0445,49.926,51.145,51.145
Eastern Europe,On-farm electricity use,Emissions (CO2eq) (AR5),kilotonnes,22507.6382,19722.4363,18159.3875,14516.3975,12720.0489,12897.9773,13392.9614,12825.3644,12481.3028,11571.7661,12074.0366,12429.3215,12517.8582,12449.5038,12665.731,12789.499,13288.3948,13830.201,14407.6888,14756.1104,14756.1104
Eastern Europe,Food Processing,Emissions (CH4),kilotonnes,71.5656,71.6592,73.2925,75.0817,74.6483,76.6066,79.0973,78.701,77.8121,74.939,73.583,79.0059,82.1635,88.6965,84.0106,79.5599,84.725,88.8174,87.808,87.844,84.8769
Eastern Europe,Food Processing,Emissions (N2O),kilotonnes,0.6144,0.6029,0.6138,0.6032,0.5925,0.5876,0.5842,0.5698,0.558,0.535,0.5283,0.5562,0.5817,0.6156,0.5942,0.5628,0.5989,0.6234,0.616,0.6156,0.5869
Eastern Europe,Food Processing,Emissions (CO2),kilotonnes,49371.5421,49672.5445,50798.6844,50057.3628,48142.2623,49569.8441,49051.0835,46902.5039,46538.5373,43597.5818,44417.6679,48177.2992,49128.5137,52566.0924,51606.4349,49140.1209,51579.3646,53249.3295,53978.2212,53919.1956,50500.4693
Eastern Europe,Food Processing,Emissions (CO2eq) from CH4 (AR5),kilotonnes,2003.8368,2006.4576,2052.19,2102.2876,2090.1524,2144.9848,2214.7244,2203.628,2178.7388,2098.292,2060.324,2212.1652,2300.578,2483.502,2352.2968,2227.6772,2372.3,2486.8872,2458.624,2459.632,2376.5539
Eastern Europe,Food Processing,Emissions (CO2eq) from N2O (AR5),kilotonnes,162.816,159.7685,162.657,159.848,157.0125,155.714,154.813,150.997,147.87,141.775,139.9995,147.393,154.1505,163.134,157.463,149.142,158.7085,165.201,163.24,163.134,155.5253
Eastern Europe,Food Processing,Emissions (CO2eq) (AR5),kilotonnes,51538.1949,51838.7706,53013.5314,52319.4984,50389.4272,51870.5429,51420.6209,49257.1289,48865.1461,45837.6488,46617.9914,50536.8574,51583.2422,55212.7284,54116.1947,51516.9401,54110.3731,55901.4177,56600.0852,56541.9616,53032.5485
Eastern Europe,Food Packaging,Emissions (CH4),kilotonnes,26.8711,27.7978,27.9158,28.6854,29.2474,27.5899,29.2281,32.9763,32.1752,29.7942,32.8063,35.0946,34.6718,32.8345,33.6278,35.1023,34.1758,35.183,35.3214,36.1935,34.3359
Eastern Europe,Food Packaging,Emissions (N2O),kilotonnes,0.1961,0.2013,0.2015,0.2033,0.2073,0.1841,0.1927,0.2097,0.2082,0.1955,0.2097,0.2228,0.2208,0.2103,0.2156,0.2215,0.216,0.2232,0.2247,0.2288,0.2181
Eastern Europe,Food Packaging,Emissions (CO2),kilotonnes,19555.0168,20013.1793,20272.7704,20754.46,20770.1612,20517.0492,21733.3384,22474.352,22915.6332,20814.1385,22038.0697,23480.5745,23025.9374,22370.7344,23102.5707,23252.6379,22638.4007,23533.0169,23447.8457,24449.0284,22963.9303
Eastern Europe,Food Packaging,Emissions (CO2eq) from CH4 (AR5),kilotonnes,752.3908,778.3384,781.6424,803.1912,818.9272,772.5172,818.3868,923.3364,900.9056,834.2376,918.5764,982.6488,970.8104,919.366,941.5784,982.8644,956.9224,985.124,988.9992,1013.4173,961.4044
Eastern Europe,Food Packaging,Emissions (CO2eq) from N2O (AR5),kilotonnes,51.9665,53.3445,53.3975,53.8745,54.9345,48.7865,51.0655,55.5705,55.173,51.8075,55.5705,59.042,58.512,55.7295,57.134,58.6975,57.24,59.148,59.5455,60.6292,57.8043
Eastern Europe,Food Packaging,Emissions (CO2eq) (AR5),kilotonnes,20359.3741,20844.8622,21107.8103,21611.5257,21644.0229,21338.3529,22602.7907,23453.2589,23871.7118,21700.1836,23012.2166,24522.2653,24055.2598,23345.8299,24101.2831,24294.1998,23652.5631,24577.2889,24496.3904,25523.0749,23983.1389
Eastern Europe,Food Retail,Emissions (CH4),kilotonnes,328.2555,255.8057,254.8346,259.4635,264.7378,431.6099,431.9814,446.1081,451.9287,431.9553,368.3699,352.2828,353.9385,396.238,428.2339,407.8636,425.6718,463.5283,441.2984,427.9473,401.6835
Eastern Europe,Food Retail,Emissions (N2O),kilotonnes,1.7766,1.3886,1.3879,1.4128,1.4419,2.3456,2.3486,2.4238,2.4651,2.356,2.0164,1.9294,1.9364,2.159,2.3218,2.2145,2.3166,2.5123,2.393,2.3246,2.2149
Eastern Europe,Food Retail,Emissions (CO2),kilotonnes,125292.2892,98904.3392,98438.6121,100602.807,102623.999,164344.487,164946.0505,170550.8404,173126.9194,164771.6884,141933.3305,136101.4756,136276.2059,151717.7253,162847.2954,155387.2102,162567.5491,175862.04,167836.9267,163266.3878,153968.1456
Eastern Europe,Food Retail,Emissions (CO2eq) from F-gases (AR5),kilotonnes,4384.0605,5702.032,7318.1965,9357.234,11599.396,13212.4435,15074.851,16989.728,17633.908,18221.982,18571.6055,18916.034,19276.0475,19662.036,19662.036,19662.036,21793.5445,22473.57,23154.6345,23833.1015,24504.0038
Eastern Europe,Food Retail,Emissions (CO2eq) from CH4 (AR5),kilotonnes,9191.1541,7162.5601,7135.3677,7264.9792,7412.6588,12085.0783,12095.4803,12491.0268,12654.0036,12094.7484,10314.3572,9863.9184,9910.278,11094.664,11990.5492,11420.1808,11918.8104,12978.7924,12356.3552,11982.5244,11247.1377
Eastern Europe,Food Retail,Emissions (CO2eq) from N2O (AR5),kilotonnes,470.7865,367.9792,367.7989,374.3956,382.0943,621.5765,622.3698,642.307,653.2515,624.34,534.346,511.291,513.146,572.135,615.277,586.8425,613.899,665.7595,634.145,616.019,586.9392
Eastern Europe,Food Retail,Emissions (CO2eq) (AR5),kilotonnes,139338.2903,112136.9106,113259.9752,117599.4159,122018.1482,190263.5853,192738.7516,200673.9022,204068.0825,195712.7588,171353.6392,165392.719,165975.6774,183046.5603,195115.1576,187056.2695,196893.803,211980.1619,203982.0614,199698.0327,190306.2263
Eastern Europe,Food Household Consumption,Emissions (CH4),kilotonnes,102.7026,106.5112,95.3809,93.0064,92.5058,78.0959,83.5775,79.0319,85.3064,81.808,85.2157,84.8254,85.2926,84.7482,82.0551,84.6099,86.7985,86.5631,87.1704,87.143,84.876
Eastern Europe,Food Household Consumption,Emissions (N2O),kilotonnes,0.5749,0.5934,0.5354,0.5256,0.5218,0.4525,0.4832,0.459,0.4928,0.4685,0.4863,0.4846,0.4834,0.4829,0.4722,0.4843,0.4956,0.501,0.5131,0.5129,0.4885
Eastern Europe,Food Household Consumption,Emissions (CO2),kilotonnes,64998.4853,66341.6849,61179.1317,63216.2219,61064.971,56974.0179,60288.9315,57454.4019,61034.4794,58080.2291,59804.8708,60402.2841,57549.2855,58013.23,58404.4156,58865.5334,61564.4418,64993.1725,71478.4807,71468.5607,67078.257
Eastern Europe,Food Household Consumption,Emissions (CO2eq) from CH4 (AR5),kilotonnes,2875.6728,2982.3136,2670.6652,2604.1792,2590.1624,2186.6852,2340.17,2212.8932,2388.5792,2290.624,2386.0396,2375.1112,2388.1928,2372.9496,2297.5428,2369.0772,2430.358,2423.7668,2440.7712,2440.004,2376.5276
Eastern Europe,Food Household Consumption,Emissions (CO2eq) from N2O (AR5),kilotonnes,152.3485,157.251,141.881,139.284,138.277,119.9125,128.048,121.635,130.592,124.1525,128.8695,128.419,128.101,127.9685,125.133,128.3395,131.334,132.765,135.9715,135.9185,129.4521
Eastern Europe,Food Household Consumption,Emissions (CO2eq) (AR5),kilotonnes,68026.5066,69481.2495,63991.6779,65959.6851,63793.4104,59280.6156,62757.1495,59788.9301,63553.6506,60495.0056,62319.7799,62905.8143,60065.5793,60514.1481,60827.0914,61362.9501,64126.1338,67549.7043,74055.2234,74044.4832,69584.2367
Eastern Europe,Food Transport,Emissions (CH4),kilotonnes,4.087,4.2582,4.2512,4.1127,4.2083,4.2292,4.2528,4.393,4.3558,4.0477,3.8567,3.8333,3.8216,3.7772,3.7812,3.7292,3.884,4.0086,3.8982,2.9626,2.8738
Eastern Europe,Food Transport,Emissions (N2O),kilotonnes,1.0923,1.0453,1.1162,1.1248,1.2286,1.2503,1.3493,1.3572,1.3632,1.2612,1.2394,1.3269,1.258,1.2555,1.2356,1.2301,1.2296,1.3296,1.2926,1.1604,1.1055
Eastern Europe,Food Transport,Emissions (CO2),kilotonnes,20814.7633,21664.8145,22014.1393,22509.1768,24018.7166,24242.7177,25742.8388,26600.6142,28319.9043,28283.2273,28623.2281,29092.927,28673.7536,28684.808,29087.9979,29010.6392,29469.8796,31017.5741,30229.1621,29072.3479,27206.6204
Eastern Europe,Food Transport,Emissions (CO2eq) from CH4 (AR5),kilotonnes,114.436,119.2296,119.0336,115.1556,117.8324,118.4176,119.0784,123.004,121.9624,113.3356,107.9876,107.3324,107.0048,105.7616,105.8736,104.4176,108.752,112.2408,109.1496,82.9528,80.4676
Eastern Europe,Food Transport,Emissions (CO2eq) from N2O (AR5),kilotonnes,289.4595,277.0045,295.793,298.072,325.579,331.3295,357.5645,359.658,361.248,334.218,328.441,351.6285,333.37,332.7075,327.434,325.9765,325.844,352.344,342.539,307.506,292.9701
Eastern Europe,Food Transport,Emissions (CO2eq) (AR5),kilotonnes,21218.6588,22061.0486,22428.9659,22922.4044,24462.128,24692.4648,26219.4817,27083.2762,28803.1147,28730.7809,29059.6567,29551.8879,29114.1284,29123.2771,29521.3055,29441.0333,29904.4756,31482.1589,30680.8507,29462.8067,27580.0581
Eastern Europe,Energy,Emissions (CH4),kilotonnes,11373.3,11584,11550.4,11921.1,12126.3,12384.2,12577.1,12653.9,12778,12070.6,12588.7,12887.4,13249.8,13340.2,13222.8,13072.8,13236.8,13552.9,13733.5,13806.9,13178.2
Eastern Europe,Energy,Emissions (N2O),kilotonnes,48.429,49.012,47.74,49.444,49.568,50.238,50.866,51.738,51.713,47.165,48.293,51.501,50.585,49.331,49.042,48.904,48.77,49.689,49.593,49.586,47.385
Eastern Europe,Energy,Emissions (CO2),kilotonnes,2611310,2624720,2595540,2702260,2699930,2691570,2753280,2725780,2753300,2523600,2680380,2754320,2770530,2658230,2593090,2563350,2611360,2590580,2676800,2616540,2455810
Eastern Europe,Energy,Emissions (CO2eq) from CH4 (AR5),kilotonnes,318452.4,324352,323411.2,333790.8,339536.4,346757.6,352158.8,354309.2,357784,337976.8,352483.6,360847.2,370994.4,373525.6,370238.4,366038.4,370630.4,379481.2,384538,386593.2,368989.6
Eastern Europe,Energy,Emissions (CO2eq) from N2O (AR5),kilotonnes,12833.685,12988.18,12651.1,13102.66,13135.52,13313.07,13479.49,13710.57,13703.945,12498.725,12797.645,13647.765,13405.025,13072.715,12996.13,12959.56,12924.05,13167.585,13142.145,13140.29,12557.025
Eastern Europe,Energy,Emissions (CO2eq) (AR5),kilotonnes,2942596.085,2962060.18,2931602.3,3049153.46,3052601.92,3051640.67,3118918.29,3093799.77,3124787.945,2874075.525,3045661.245,3128814.965,3154929.425,3044828.315,2976324.53,2942347.96,2994914.45,2983228.785,3074480.145,3016273.49,2837356.625
Eastern Europe,IPPU,Emissions (CH4),kilotonnes,18.7779,18.979,20.05,22.531,24.166,23.141,24.492,25.401,23.84,18.182,21.639,22.178,22.552,20.723,20.234,19.673,19.731,20.379,21.152,21.232,23.046
Eastern Europe,IPPU,Emissions (N2O),kilotonnes,95.6413,97.2413,114.1713,111.5913,115.6313,117.3713,112.2813,122.3412,112.6112,133.6262,122.4792,178.6582,178.0072,175.1272,172.6862,172.7462,173.8962,173.2352,174.0102,184.8622,192.2132
Eastern Europe,IPPU,Emissions (CO2),kilotonnes,126008,126043,127019,134741,144223,149586,156146,164592,156367,131930,142369,151910,150694,149693,148261,147951,145490,151747,154334,159922,170160
Eastern Europe,IPPU,Emissions (CO2eq) from F-gases (AR5),kilotonnes,76927.1732,76932.7997,74834.8884,75054.7868,83179.3839,89069.3342,91679.7002,97403.8206,99161.2388,91146.4985,98631.4382,102483.5705,176288.5254,192194.2045,160672.2349,165301.6738,170987.6042,208799.1581,241539.1248,213311.2089,218511.6508
Eastern Europe,IPPU,Emissions (CO2eq) from CH4 (AR5),kilotonnes,525.7812,531.412,561.4,630.868,676.648,647.948,685.776,711.228,667.52,509.096,605.892,620.984,631.456,580.244,566.552,550.844,552.468,570.612,592.256,594.496,645.288
Eastern Europe,IPPU,Emissions (CO2eq) from N2O (AR5),kilotonnes,25344.9366,25768.9339,30255.3839,29571.6839,30642.2839,31103.3813,29754.5313,32420.4286,29841.9786,35410.9509,32456.996,47344.431,47171.9159,46408.7159,45761.851,45777.751,46082.4983,45907.3333,46112.7083,48988.4857,50936.5007
Eastern Europe,IPPU,Emissions (CO2eq) (AR5),kilotonnes,228805.891,229276.1456,232670.6723,239998.3387,258721.3158,270406.6635,278266.0075,295127.4772,286037.7374,258996.5455,274063.3261,302358.9855,374785.8974,388876.1644,355261.6379,359581.2687,363112.5705,407024.1034,442578.0891,422816.1906,440253.4394
Eastern Europe,Waste,Emissions (CH4),kilotonnes,4532.7,4620.7,4699.5,4727,4853.2,4948.4,5042.6,5115.6,5199.8,5248.4,5305.7,5497,5424.9,5399.4,5317.8,5398,5386.8,5431.8,5514.7,5568.4,5657.1
Eastern Europe,Waste,Emissions (N2O),kilotonnes,17.149,17.073,16.991,17.172,17.311,17.535,17.749,17.964,18.063,18.19,18.199,18.16,18.378,18.472,18.459,18.565,18.592,18.38,18.33,18.354,18.442
Eastern Europe,Waste,Emissions (CO2),kilotonnes,460.63,520.37,592.14,767.96,662.2,705.38,635.13,637.72,634.01,607.1,646.59,617.49,643.17,637.44,624.62,535.53,627.32,636.92,703.2,597.29,605.83
Eastern Europe,Waste,Emissions (CO2eq) from CH4 (AR5),kilotonnes,126915.6,129379.6,131586,132356,135889.6,138555.2,141192.8,143236.8,145594.4,146955.2,148559.6,153916,151897.2,151183.2,148898.4,151144,150830.4,152090.4,154411.6,155915.2,158398.8
Eastern Europe,Waste,Emissions (CO2eq) from N2O (AR5),kilotonnes,4544.485,4524.345,4502.615,4550.58,4587.415,4646.775,4703.485,4760.46,4786.695,4820.35,4822.735,4812.4,4870.17,4895.08,4891.635,4919.725,4926.88,4870.7,4857.45,4863.81,4887.13
Eastern Europe,Waste,Emissions (CO2eq) (AR5),kilotonnes,131920.715,134424.315,136680.755,137674.54,141139.215,143907.355,146531.415,148634.98,151015.105,152382.65,154028.925,159345.89,157410.54,156715.72,154414.655,156599.255,156384.6,157598.02,159972.25,161376.3,163891.76
Eastern Europe,Other,Emissions (CH4),kilotonnes,0.0046,0.005,0.0083,0.0043,0.0031,0.0024,0.0029,0.0039,0.0037,0.0012,0.0023,0.0013,0.0006,0.0003,0.0004,0.0003,0,0,0,0,0
Eastern Europe,Other,Emissions (N2O),kilotonnes,36.2826,36.4051,35.8515,36.6,35.783,35.285,35.839,35.312,34.669,31.993,32.505,33.737,33.806,32.707,31.734,30.904,30.412,30.507,30.663,29.769,29.307
Eastern Europe,Other,Emissions (CO2),kilotonnes,36.4,43.4,39.5,28.4,27.6,25.9,39,44.5,48.7,13.3,30,21.4,8.5,3.9,3.29,2.88,3.57,0.845,0,0,0
Eastern Europe,Other,Emissions (CO2eq) from CH4 (AR5),kilotonnes,0.1288,0.14,0.2324,0.1204,0.0868,0.0672,0.0812,0.1092,0.1036,0.0336,0.0644,0.0364,0.0168,0.0084,0.0112,0.0084,0,0,0,0,0
Eastern Europe,Other,Emissions (CO2eq) from N2O (AR5),kilotonnes,9614.889,9647.3515,9500.6475,9699,9482.495,9350.525,9497.335,9357.68,9187.285,8478.145,8613.825,8940.305,8958.59,8667.355,8409.51,8189.56,8059.18,8084.355,8125.695,7888.785,7766.355
Eastern Europe,Other,Emissions (CO2eq) (AR5),kilotonnes,9651.4178,9690.8915,9540.3799,9727.5204,9510.1818,9376.4922,9536.4162,9402.2892,9236.0886,8491.4786,8643.8894,8961.7414,8967.1068,8671.2634,8412.8112,8192.4484,8062.75,8085.2,8125.695,7888.785,7766.355
Eastern Europe,Farm-gate emissions,Emissions (CH4),kilotonnes,5796.9329,5568.3034,5511.7431,5538.4292,5094.8207,4874.5002,4751.8226,4719.1493,4710.5536,4538.1198,4502.025,4366.3355,4384.188,4350.1817,4356.9407,4254.4625,4184.6218,4142.1599,4135.3199,4107.3432,4092.5466
Eastern Europe,Farm-gate emissions,Direct emissions (N2O),kilotonnes,164.6791,175.2282,169.8768,161.5069,167.0683,164.7671,164.586,169.785,187.1769,180.5862,174.6244,189.7044,181.1924,192.2423,193.5301,194.7614,206.593,214.2602,210.3968,216.6287,221.8466
Eastern Europe,Farm-gate emissions,Indirect emissions (N2O),kilotonnes,53.5953,55.9263,54.4307,52.5963,53.3013,52.7215,52.9522,54.884,59.2378,57.4856,56.4948,60.3082,58.3161,61.1469,61.096,61.727,65.1724,67.4272,66.4594,68.148,69.9207
Eastern Europe,Farm-gate emissions,Emissions (N2O),kilotonnes,391.7289,403.4236,397.4399,394.7031,384.7222,382.4731,381.2729,387.1293,413.7852,397.0202,392.2159,411.7644,402.014,411.1656,417.8052,414.7946,430.3631,438.3926,437.3084,446.2485,454.0966
Eastern Europe,Farm-gate emissions,Emissions (CO2),kilotonnes,207377.2609,204285.2648,198009.1496,197207.7244,196153.5372,197787.8518,195757.2465,196751.2856,197888.5399,192153.11,192231.2093,195751.4092,193724.4632,193701.9572,195318.8897,192873.7298,193205.3119,193584.5068,195197.0915,195255.9667,195508.109
Eastern Europe,Farm-gate emissions,Emissions (CO2eq) from CH4 (AR5),kilotonnes,162314.1223,155912.4959,154328.8058,155076.0164,142654.9804,136486.0066,133051.0318,132136.181,131895.5011,127067.3532,126056.7004,122257.3936,122757.2627,121805.0872,121994.3399,119124.95,117169.4113,115980.4784,115788.9581,115005.6099,114591.3041
Eastern Europe,Farm-gate emissions,Emissions (CO2eq) from N2O (AR5),kilotonnes,103808.1597,106907.2464,105321.5686,104596.3297,101951.3954,101355.364,101037.3072,102589.2662,109653.0681,105210.3638,103937.2197,109117.5729,106533.7044,108958.8727,110718.3762,109920.5668,114046.2282,116174.0407,115886.7256,118255.8626,120335.5967
Eastern Europe,Farm-gate emissions,Emissions (CO2eq) (AR5),kilotonnes,473499.5428,467105.0071,457659.524,456880.0705,440759.913,435629.2224,429845.5855,431476.7329,439437.1091,424430.8271,422225.1294,427126.3757,423015.4303,424465.9171,428031.6058,421919.2466,424420.9513,425739.026,426872.7752,428517.4393,430435.0099
Eastern Europe,Land Use change,Emissions (CH4),kilotonnes,0,0,0,0,0,0,0,0,0,0,0,0,0,0,0,0,0,0,0,0,0
Eastern Europe,Land Use change,Emissions (N2O),kilotonnes,0,0,0,0,0,0,0,0,0,0,0,0,0,0,0,0,0,0,0,0,0
Eastern Europe,Land Use change,Emissions (CO2),kilotonnes,44768.832,7281.911,7281.911,7281.911,7281.911,7281.911,7281.911,7281.911,7281.911,7281.911,7281.911,21305.9604,21305.9604,21305.9604,21305.9604,21305.9604,45641.2791,45641.2791,45641.2791,45641.2791,45641.2791
Eastern Europe,Land Use change,Emissions (CO2eq) from CH4 (AR5),kilotonnes,0,0,0,0,0,0,0,0,0,0,0,0,0,0,0,0,0,0,0,0,0
Eastern Europe,Land Use change,Emissions (CO2eq) from N2O (AR5),kilotonnes,0,0,0,0,0,0,0,0,0,0,0,0,0,0,0,0,0,0,0,0,0
Eastern Europe,Land Use change,Emissions (CO2eq) (AR5),kilotonnes,44768.832,7281.911,7281.911,7281.911,7281.911,7281.911,7281.911,7281.911,7281.911,7281.911,7281.911,21305.9604,21305.9604,21305.9604,21305.9604,21305.9604,45641.2791,45641.2791,45641.2791,45641.2791,45641.2791
Eastern Europe,Emissions on agricultural land,Emissions (CH4),kilotonnes,5796.9329,5568.3034,5511.7431,5538.4292,5094.8207,4874.5002,4751.8226,4719.1493,4710.5536,4538.1198,4502.025,4366.3355,4384.188,4350.1817,4356.9407,4254.4625,4184.6218,4142.1599,4135.3199,4107.3432,4092.5466
Eastern Europe,Emissions on agricultural land,Emissions (N2O),kilotonnes,391.7289,403.4236,397.4399,394.7031,384.7222,382.4731,381.2729,387.1293,413.7852,397.0202,392.2159,411.7644,402.014,411.1656,417.8052,414.7946,430.3631,438.3926,437.3084,446.2485,454.0966
Eastern Europe,Emissions on agricultural land,Emissions (CO2),kilotonnes,252146.0929,211567.1758,205291.0606,204489.6354,203435.4482,205069.7628,203039.1574,204033.1966,205170.4509,199435.021,199513.1202,217057.3697,215030.4237,215007.9176,216624.8501,214179.6903,238846.591,239225.786,240838.3706,240897.2458,241149.3882
Eastern Europe,Emissions on agricultural land,Emissions (CO2eq) from CH4 (AR5),kilotonnes,162314.1223,155912.4959,154328.8058,155076.0164,142654.9804,136486.0066,133051.0318,132136.181,131895.5011,127067.3532,126056.7004,122257.3936,122757.2627,121805.0872,121994.3399,119124.95,117169.4113,115980.4784,115788.9581,115005.6099,114591.3041
Eastern Europe,Emissions on agricultural land,Emissions (CO2eq) from N2O (AR5),kilotonnes,103808.1597,106907.2464,105321.5686,104596.3297,101951.3954,101355.364,101037.3072,102589.2662,109653.0681,105210.3638,103937.2197,109117.5729,106533.7044,108958.8727,110718.3762,109920.5668,114046.2282,116174.0407,115886.7256,118255.8626,120335.5967
Eastern Europe,Emissions on agricultural land,Emissions (CO2eq) (AR5),kilotonnes,518268.3749,474386.9181,464941.435,464161.9815,448041.824,442911.1334,437127.4964,438758.6438,446719.0201,431712.738,429507.0404,448432.3361,444321.3907,445771.8775,449337.5662,443225.207,470062.2305,471380.3051,472514.0543,474158.7184,476076.289
Eastern Europe,Pre- and post- production,Emissions (CH4),kilotonnes,2569.3591,2526.7228,2527.3126,2616.8985,2653.8845,2820.8415,2822.9,2839.8999,2865.298,2914.2894,2867.3522,2798.5793,2836.2181,2904.8118,2905.959,2858.8318,2938.8833,2977.9306,2952.3134,2935.3807,2895.8173
Eastern Europe,Pre- and post- production,Emissions (N2O),kilotonnes,68.6076,69.6825,70.5836,73.3367,71.7773,75.3626,78.4479,77.8676,79.5058,76.5487,82.6725,88.1942,87.9248,88.5394,85.3886,82.734,87.4934,88.7388,85.6239,88.25,85.1099
Eastern Europe,Pre- and post- production,Emissions (CO2),kilotonnes,313753.8864,289680.0897,290777.099,294246.2983,291609.9422,353586.6401,362929.922,366071.4402,371082.0666,357313.624,343060.5217,347177.0213,343374.8767,375387.5722,390250.4496,382645.697,395942.6404,417609.8243,413756.0549,413371.5332,389277.1227
Eastern Europe,Pre- and post- production,Emissions (CO2eq) from F-gases (AR5),kilotonnes,4384.0605,5702.032,7318.1965,9357.234,11599.396,13212.4435,15074.851,16989.728,17633.908,18221.982,18571.6055,18916.034,19276.0475,19662.036,19662.036,19662.036,21793.5445,22473.57,23154.6345,23833.1015,24504.0038
Eastern Europe,Pre- and post- production,Emissions (CO2eq) from CH4 (AR5),kilotonnes,71942.056,70748.2389,70764.7536,73273.1578,74308.7665,78983.5632,79041.2008,79517.197,80228.3446,81600.1023,80285.8615,78360.2211,79414.1073,81334.7296,81366.8514,80047.2892,82288.7334,83382.0559,82664.7762,82190.6594,81082.8853
Eastern Europe,Pre- and post- production,Emissions (CO2eq) from N2O (AR5),kilotonnes,18181.003,18465.8516,18704.6576,19434.2339,19020.9772,19971.0939,20788.6956,20634.9083,21069.0485,20285.4018,21908.2083,23371.4607,23300.0738,23462.9322,22627.9911,21924.5077,23185.7427,23515.7716,22690.3433,23386.2405,22554.1108
Eastern Europe,Pre- and post- production,Emissions (CO2eq) (AR5),kilotonnes,408261.0058,384596.2121,387564.7067,396310.924,396539.0819,465753.7407,477834.6694,483213.2735,490013.3676,477421.1101,463826.197,467824.7371,465365.1053,499847.27,513907.328,504279.5299,523210.661,546981.2218,542265.809,542781.5345,517418.1226
Eastern Europe,Agri-food systems,Emissions (CH4),kilotonnes,8366.2921,8095.0262,8039.0557,8155.3276,7748.7052,7695.3418,7574.7226,7559.0492,7575.8516,7452.4091,7369.3772,7164.9148,7220.4061,7254.9935,7262.8997,7113.2943,7123.5052,7120.0905,7087.6334,7042.7239,6988.3639
Eastern Europe,Agri-food systems,Emissions (N2O),kilotonnes,460.3365,473.106,468.0235,468.0399,456.4995,457.8357,459.7208,464.9969,493.291,473.5689,474.8884,499.9586,489.9388,499.7049,503.1938,497.5286,517.8565,527.1314,522.9323,534.4985,539.2064
Eastern Europe,Agri-food systems,Emissions (CO2),kilotonnes,565899.9793,501247.2655,496068.1596,498735.9337,495045.3904,558656.4029,565969.0794,570104.6368,576252.5174,556748.6449,542573.6419,564234.3909,558405.3003,590395.4899,606875.2998,596825.3873,634789.2314,656835.6103,654594.4256,654268.779,630426.5109
Eastern Europe,Agri-food systems,Emissions (CO2eq) from F-gases (AR5),kilotonnes,4384.0605,5702.032,7318.1965,9357.234,11599.396,13212.4435,15074.851,16989.728,17633.908,18221.982,18571.6055,18916.034,19276.0475,19662.036,19662.036,19662.036,21793.5445,22473.57,23154.6345,23833.1015,24504.0038
Eastern Europe,Agri-food systems,Emissions (CO2eq) from CH4 (AR5),kilotonnes,234256.1782,226660.7347,225093.5594,228349.1742,216963.747,215469.5698,212092.2326,211653.378,212123.8456,208667.4555,206342.5619,200617.6147,202171.37,203139.8168,203361.1912,199172.2392,199458.1447,199362.5343,198453.7343,197196.2693,195674.1894
Eastern Europe,Agri-food systems,Emissions (CO2eq) from N2O (AR5),kilotonnes,121989.1626,125373.098,124026.2261,124030.5636,120972.3726,121326.4579,121826.0028,123224.1746,130722.1166,125495.7656,125845.428,132489.0336,129833.7782,132421.8049,133346.3672,131845.0745,137231.9709,139689.8124,138577.0689,141642.1031,142889.7075
Eastern Europe,Agri-food systems,Emissions (CO2eq) (AR5),kilotonnes,926529.3807,858983.1302,852506.1417,860472.9054,844580.906,908664.8741,914962.1658,921971.9174,936732.3877,909133.8481,893333.2374,916257.0733,909686.496,945619.1475,963244.8942,947504.7369,993272.8914,1018361.527,1014779.863,1016940.253,993494.4116
Eastern Europe,IPCC Agriculture,Emissions (CH4),kilotonnes,5758.3335,5527.5314,5478.4042,5507.7066,5064.6618,4842.8333,4717.23,4686.4966,4676.8376,4504.7464,4466.3912,4332.941,4349.6134,4316.4804,4323.7966,4223.2077,4152.6508,4110.9776,4104.3819,4076.8465,4062.0498
Eastern Europe,IPCC Agriculture,Direct emissions (N2O),kilotonnes,164.6791,175.2282,169.8768,161.5069,167.0683,164.7671,164.586,169.785,187.1769,180.5862,174.6244,189.7044,181.1924,192.2423,193.5301,194.7614,206.593,214.2602,210.3968,216.6287,221.8466
Eastern Europe,IPCC Agriculture,Indirect emissions (N2O),kilotonnes,53.5953,55.9263,54.4307,52.5963,53.3013,52.7215,52.9522,54.884,59.2378,57.4856,56.4948,60.3082,58.3161,61.1469,61.096,61.727,65.1724,67.4272,66.4594,68.148,69.9207
Eastern Europe,IPCC Agriculture,Emissions (N2O),kilotonnes,376.9479,389.9252,385.2892,382.4074,372.69,370.0375,369.7923,375.7309,402.0868,387.3456,382.4667,400.5475,391.8703,401.4054,407.0747,404.6801,420.468,428.1732,426.8125,435.7996,443.6476
Eastern Europe,IPCC Agriculture,Emissions (CO2eq) from CH4 (AR5),kilotonnes,161233.3391,154770.8801,153395.3163,154215.7838,141810.5314,135599.3324,132082.4404,131221.9039,130951.4528,126132.8993,125058.954,121322.348,121789.1746,120861.4521,121066.304,118249.8154,116274.2232,115107.3725,114922.6946,114151.7009,113737.3951
Eastern Europe,IPCC Agriculture,Emissions (CO2eq) from N2O (AR5),kilotonnes,99891.1835,103330.1734,102101.6258,101337.9728,98762.8447,98059.9404,97994.971,99568.6912,106552.9962,102646.5859,101353.6848,106145.0966,103845.6329,106372.4414,107874.7922,107240.2258,111424.0095,113465.8923,113105.3186,115486.8911,117566.6251
Eastern Europe,IPCC Agriculture,Emissions (CO2eq) (AR5),kilotonnes,261124.5226,258101.0535,255496.9421,255553.7566,240573.3761,233659.2728,230077.4114,230790.5951,237504.449,228779.4852,226412.6388,227467.4446,225634.8074,227233.8935,228941.0961,225490.0412,227698.2328,228573.2648,228028.0132,229638.592,231304.0202
Eastern Europe,Agricultural Soils,Direct emissions (N2O),kilotonnes,164.6791,175.2282,169.8768,161.5069,167.0683,164.7671,164.586,169.785,187.1769,180.5862,174.6244,189.7044,181.1924,192.2423,193.5301,194.7614,206.593,214.2602,210.3968,216.6287,221.8466
Eastern Europe,Agricultural Soils,Indirect emissions (N2O),kilotonnes,53.5953,55.9263,54.4307,52.5963,53.3013,52.7215,52.9522,54.884,59.2378,57.4856,56.4948,60.3082,58.3161,61.1469,61.096,61.727,65.1724,67.4272,66.4594,68.148,69.9207
Eastern Europe,Agricultural Soils,Emissions (N2O),kilotonnes,325.3241,338.1064,331.0589,320.5804,326.5098,323.5241,323.3922,330.3403,351.7572,343.189,336.351,355.4745,345.2076,359.0758,360.2217,362.1035,377.2416,387.0792,382.6185,390.6285,397.7968
Eastern Europe,Agricultural Soils,Emissions (CO2eq) from N2O (AR5),kilotonnes,86210.8751,89598.1977,87730.6005,84953.7951,86525.0942,85733.8825,85698.9406,87540.1775,93215.6491,90945.0866,89133.0048,94200.734,91480.0135,95155.0842,95458.7627,95957.4395,99969.0239,102575.9845,101393.9141,103516.5394,105416.1614
Eastern Europe,Agricultural Soils,Emissions (CO2eq) (AR5),kilotonnes,86210.8751,89598.1977,87730.6005,84953.7951,86525.0942,85733.8825,85698.9406,87540.1775,93215.6491,90945.0866,89133.0048,94200.734,91480.0135,95155.0842,95458.7627,95957.4395,99969.0239,102575.9845,101393.9141,103516.5394,105416.1614
Eastern Europe,LULUCF,Emissions (CH4),kilotonnes,266.8456,63.0771,88.1057,152.0185,152.501,75.3845,117.0486,60.0004,218.7583,94.0684,117.0445,122.9819,150.7801,59.7419,141.1942,63.8917,138.284,79.085,140.8154,117.0385,70.6481
Eastern Europe,LULUCF,Emissions (N2O),kilotonnes,14.7617,5.7592,8.0444,13.8799,13.924,6.8829,10.687,5.4783,19.9736,8.5889,10.6867,11.2288,13.7669,5.4547,12.8916,5.8336,12.6259,7.2208,12.8571,10.6861,6.4505
Eastern Europe,LULUCF,Emissions (CO2),kilotonnes,-439271.0138,-860782.6017,-861067.3403,-861456.2071,-861934.5767,-862082.7056,-862339.2405,-862598.8485,-863064.976,-863383.9985,-863222.2167,-985430.0978,-985093.9715,-985111.8399,-985241.3402,-985213.63,-619408.3425,-619528.2758,-619004.5317,-618874.4386,-618622.2963
Eastern Europe,LULUCF,Emissions (CO2eq) from CH4 (AR5),kilotonnes,7471.6757,1766.1586,2466.9582,4256.5172,4270.0287,2110.7667,3277.3601,1680.0102,6125.2334,2633.916,3277.2469,3443.4938,4221.8421,1672.7737,3953.4378,1788.9682,3871.953,2214.3813,3942.8309,3277.078,1978.1475
Eastern Europe,LULUCF,Emissions (CO2eq) from N2O (AR5),kilotonnes,3911.8423,1526.1914,2131.7737,3678.1861,3689.8618,1823.9778,2832.0666,1451.7479,5293.0006,2276.047,2831.9688,2975.6278,3648.2222,1445.4947,3416.2859,1545.9018,3345.8724,1913.5143,3407.1202,2831.8229,1709.3775
Eastern Europe,LULUCF,Emissions (CO2eq) (AR5),kilotonnes,-427887.4958,-857490.2518,-856468.6084,-853521.5037,-853974.6862,-858147.9611,-856229.8139,-859467.0903,-851646.742,-858474.0355,-857113.0011,-979010.9761,-977223.9072,-981993.5715,-977871.6165,-981878.76,-612190.5171,-615400.3803,-611654.5806,-612765.5377,-614934.7712
Eastern Europe,AFOLU,Emissions (CH4),kilotonnes,6025.1791,5590.6085,5566.5098,5659.725,5217.1629,4918.2178,4834.2786,4746.4969,4895.5959,4598.8148,4583.4357,4455.9229,4500.3935,4376.2224,4464.9908,4287.0994,4290.9349,4190.0626,4245.1973,4193.885,4132.698
Eastern Europe,AFOLU,Emissions (N2O),kilotonnes,391.7095,395.6844,393.3336,396.2874,386.614,376.9204,380.4794,381.2092,422.0604,395.9345,393.1534,411.7763,405.6372,406.8601,419.9663,410.5137,433.0939,435.394,439.6696,446.4857,450.0981
Eastern Europe,AFOLU,Emissions (CO2),kilotonnes,-439271.0138,-860782.6017,-861067.3403,-861456.2071,-861934.5767,-862082.7056,-862339.2405,-862598.8485,-863064.976,-863383.9985,-863222.2167,-985430.0978,-985093.9715,-985111.8399,-985241.3402,-985213.63,-619408.3425,-619528.2758,-619004.5317,-618874.4386,-618622.2963
Eastern Europe,AFOLU,Emissions (CO2eq) from CH4 (AR5),kilotonnes,168705.0148,156537.0387,155862.2745,158472.3011,146080.5601,137710.0992,135359.8004,132901.9141,137076.6862,128766.8153,128336.2009,124765.8419,126011.0167,122534.2259,125019.7418,120038.7836,120146.1762,117321.7538,118865.5255,117428.7789,115715.5426
Eastern Europe,AFOLU,Emissions (CO2eq) from N2O (AR5),kilotonnes,103803.0258,104856.3648,104233.3995,105016.1589,102452.7065,99883.9182,100827.0376,101020.4392,111845.9968,104922.6329,104185.6535,109120.7244,107493.8551,107817.9361,111291.0781,108786.1276,114769.8819,115379.4066,116512.4388,118318.714,119276.0026
Eastern Europe,AFOLU,Emissions (CO2eq) (AR5),kilotonnes,-166762.9732,-599389.1983,-600971.6663,-597967.7471,-613401.3101,-624488.6883,-626152.4025,-628676.4952,-614142.2929,-629694.5503,-630700.3623,-751543.5316,-751589.0997,-754759.678,-748930.5204,-756388.7188,-384492.2843,-386827.1154,-383626.5674,-383126.9457,-383630.751
Eastern Europe,All sectors with LULUCF,Emissions (CH4),kilotonnes,21949.9616,21814.2925,21836.4681,22330.3603,22220.832,22273.9612,22478.4735,22541.4018,22897.2396,21935.998,22499.477,22862.5022,23197.6461,23136.5457,23025.8252,22777.5727,22934.2659,23195.1416,23514.5493,23590.417,22991.044
Eastern Europe,All sectors with LULUCF,Emissions (N2O),kilotonnes,589.2114,595.4158,608.0873,611.0947,604.9072,597.3497,597.2146,608.5644,639.1166,626.9087,614.6296,693.8325,686.4134,682.4974,691.8876,681.6329,704.7641,707.2052,712.2658,729.0569,737.4453
Eastern Europe,All sectors with LULUCF,Emissions (CO2),kilotonnes,2298544.016,1890544.168,1862123.3,1976341.153,1982908.223,1979804.574,2047760.89,2028455.372,2047284.734,1792766.402,1960203.373,1921438.792,1936781.699,1823452.5,1756737.57,1726625.78,2138072.548,2123436.489,2212832.668,2158184.851,2007953.534
Eastern Europe,All sectors with LULUCF,Emissions (CO2eq) from F-gases (AR5),kilotonnes,76927.1732,76932.7997,74834.8884,75054.7868,83179.3839,89069.3342,91679.7002,97403.8206,99161.2388,91146.4985,98631.4382,102483.5705,176288.5254,192194.2045,160672.2349,165301.6738,170987.6042,208799.1581,241539.1248,213311.2089,218511.6508
Eastern Europe,All sectors with LULUCF,Emissions (CO2eq) from CH4 (AR5),kilotonnes,614598.9248,610800.1907,611421.1069,625250.0895,622183.2949,623670.9144,629397.2576,631159.2513,641122.7098,614207.9449,629985.3573,640150.0623,649534.0895,647823.2783,644723.105,637772.036,642159.4442,649463.9658,658407.3815,660531.6749,643749.2306
Eastern Europe,All sectors with LULUCF,Emissions (CO2eq) from N2O (AR5),kilotonnes,156141.0214,157785.1752,161143.1459,161940.0828,160300.4204,158297.6694,158261.8789,161269.5778,169365.9004,166130.8038,162876.8545,183865.6253,181899.556,180861.802,183350.204,180632.7235,186762.4902,187409.3799,188750.4371,193200.0846,195423.0133
Eastern Europe,All sectors with LULUCF,Emissions (CO2eq) (AR5),kilotonnes,3146211.136,2736062.334,2709522.441,2838586.112,2848571.323,2850842.492,2927099.726,2918288.021,2956934.583,2664251.649,2851697.023,2847938.05,2944503.87,2844331.785,2745483.114,2710332.213,3137982.086,3169108.993,3301529.612,3225227.82,3065637.428
Eastern Europe,All sectors without LULUCF,Emissions (CH4),kilotonnes,21683.116,21751.2154,21748.3625,22178.3419,22068.3309,22198.5767,22361.4249,22481.4015,22678.4813,21841.9296,22382.4325,22739.5203,23046.866,23076.8037,22884.631,22713.681,22795.9818,23116.0566,23373.7339,23473.3785,22920.3958
Eastern Europe,All sectors without LULUCF,Emissions (N2O),kilotonnes,574.4497,589.6565,600.0429,597.2147,590.9832,590.4668,586.5276,603.0862,619.143,618.3198,603.943,682.6038,672.6465,677.0427,678.9959,675.7993,692.1382,699.9844,699.4087,718.3708,730.9949
Eastern Europe,All sectors without LULUCF,Emissions (CO2),kilotonnes,2737815.03,2751326.77,2723190.64,2837797.36,2844842.8,2841887.28,2910100.13,2891054.22,2910349.71,2656150.4,2823425.59,2906868.89,2921875.67,2808564.34,2741978.91,2711839.41,2757480.89,2742964.765,2831837.2,2777059.29,2626575.83
Eastern Europe,All sectors without LULUCF,Emissions (CO2eq) from F-gases (AR5),kilotonnes,76927.1732,76932.7997,74834.8884,75054.7868,83179.3839,89069.3342,91679.7002,97403.8206,99161.2388,91146.4985,98631.4382,102483.5705,176288.5254,192194.2045,160672.2349,165301.6738,170987.6042,208799.1581,241539.1248,213311.2089,218511.6508
Eastern Europe,All sectors without LULUCF,Emissions (CO2eq) from CH4 (AR5),kilotonnes,607127.2491,609034.0321,608954.1487,620993.5722,617913.2662,621560.1476,626119.8976,629479.2411,634997.4764,611574.0289,626708.1104,636706.5684,645312.2474,646150.5045,640769.6672,635983.0678,638287.4912,647249.5845,654464.5506,657254.5969,641771.0831
Eastern Europe,All sectors without LULUCF,Emissions (CO2eq) from N2O (AR5),kilotonnes,152229.1791,156258.9838,159011.3722,158261.8967,156610.5586,156473.6916,155429.8123,159817.8298,164072.8998,163854.7568,160044.8857,180889.9975,178251.3338,179416.3073,179933.9181,179086.8217,183416.6178,185495.8656,185343.3169,190368.2617,193713.6358
Eastern Europe,All sectors without LULUCF,Emissions (CO2eq) (AR5),kilotonnes,3574098.631,3593552.586,3565991.049,3692107.616,3702546.009,3708990.454,3783329.54,3777755.112,3808581.325,3522725.684,3708810.024,3826949.027,3921727.777,3826325.356,3723354.73,3692210.973,3750172.603,3784509.373,3913184.192,3837993.358,3680572.2
Northern Europe,Crop Residues,Direct emissions (N2O),kilotonnes,9.742,8.6049,9.2891,9.0099,9.2695,9.0803,8.5129,8.5934,9.9661,9.5653,8.6448,9.0948,9.2005,9.2128,10.6348,11.1129,9.9707,10.4614,8.386,11.0068,9.8469
Northern Europe,Crop Residues,Indirect emissions (N2O),kilotonnes,2.1919,1.9361,2.09,2.0272,2.0856,2.0431,1.9154,1.9335,2.2424,2.1522,1.9451,2.0463,2.0701,2.0729,2.3928,2.5004,2.2434,2.3538,1.8869,2.4765,2.2156
Northern Europe,Crop Residues,Emissions (N2O),kilotonnes,11.9339,10.5411,11.3791,11.0371,11.3551,11.1233,10.4283,10.5269,12.2085,11.7174,10.5898,11.1412,11.2706,11.2857,13.0277,13.6133,12.2141,12.8152,10.2729,13.4834,12.0625
Northern Europe,Crop Residues,Emissions (CO2eq) from N2O (AR5),kilotonnes,3162.4938,2793.3796,3015.4582,2924.8288,3009.1055,2947.6807,2763.502,2789.6378,3235.243,3105.1207,2806.3025,2952.4118,2986.7129,2990.7071,3452.3356,3607.5261,3236.7476,3396.0192,2722.3075,3573.0974,3196.5546
Northern Europe,Crop Residues,Emissions (CO2eq) (AR5),kilotonnes,3162.4938,2793.3796,3015.4582,2924.8288,3009.1055,2947.6807,2763.502,2789.6378,3235.243,3105.1207,2806.3025,2952.4118,2986.7129,2990.7071,3452.3356,3607.5261,3236.7476,3396.0192,2722.3075,3573.0974,3196.5546
Northern Europe,Burning - Crop residues,Emissions (CH4),kilotonnes,4.344,3.8358,4.1185,4.1606,4.4063,4.2494,4.2151,4.2656,4.6286,4.5194,4.7953,4.9612,4.8963,4.4113,5.1799,5.204,5.1556,5.026,4.5764,5.1893,4.6385
Northern Europe,Burning - Crop residues,Emissions (N2O),kilotonnes,0.1126,0.0994,0.1068,0.1079,0.1142,0.1102,0.1093,0.1106,0.12,0.1172,0.1243,0.1286,0.1269,0.1144,0.1343,0.1349,0.1337,0.1303,0.1186,0.1345,0.1203
Northern Europe,Burning - Crop residues,Emissions (CO2eq) from CH4 (AR5),kilotonnes,121.6329,107.4028,115.3169,116.497,123.3774,118.9837,118.0226,119.4364,129.602,126.5425,134.2671,138.9132,137.0955,123.5177,145.0382,145.7117,144.3577,140.729,128.1391,145.2992,129.8788
Northern Europe,Burning - Crop residues,Emissions (CO2eq) from N2O (AR5),kilotonnes,29.8451,26.3535,28.2954,28.5849,30.2732,29.1951,28.9593,29.3061,31.8005,31.0498,32.9452,34.0852,33.6392,30.3076,35.5881,35.7533,35.4211,34.5307,31.4415,35.6521,31.8684
Northern Europe,Burning - Crop residues,Emissions (CO2eq) (AR5),kilotonnes,151.478,133.7563,143.6123,145.0819,153.6506,148.1787,146.9819,148.7425,161.4024,157.5923,167.2122,172.9984,170.7347,153.8253,180.6263,181.465,179.7787,175.2597,159.5806,180.9513,161.7473
Northern Europe,Enteric Fermentation,Emissions (CH4),kilotonnes,2293.547,2197.0344,2160.7536,2156.9022,2148.2191,2125.9857,2101.9282,2065.5561,2035.6472,2003.0034,1987.8965,1972.6556,1993.778,2001.4707,2013.6633,2024.5315,2055.7228,2066.3597,1980.4239,1960.9766,1944.488
Northern Europe,Enteric Fermentation,Emissions (CO2eq) from CH4 (AR5),kilotonnes,64219.3171,61516.9627,60501.0997,60393.2621,60150.1349,59527.5991,58853.9904,57835.5715,56998.1224,56084.0944,55661.1024,55234.3565,55825.7836,56041.1807,56382.5723,56686.8809,57560.239,57858.0729,55451.8687,54907.3437,54445.6649
Northern Europe,Enteric Fermentation,Emissions (CO2eq) (AR5),kilotonnes,64219.3171,61516.9627,60501.0997,60393.2621,60150.1349,59527.5991,58853.9904,57835.5715,56998.1224,56084.0944,55661.1024,55234.3565,55825.7836,56041.1807,56382.5723,56686.8809,57560.239,57858.0729,55451.8687,54907.3437,54445.6649
Northern Europe,Manure Management,Emissions (CH4),kilotonnes,435.1979,427.3569,424.4893,421.8595,421.4191,417.6798,413.8148,411.4726,399.3747,390.7225,394.8004,391.4879,387.7147,389.5255,391.287,395.3103,398.579,398.4733,391.8572,391.8709,395.1578
Northern Europe,Manure Management,Emissions (N2O),kilotonnes,18.454,17.9535,17.7039,17.6152,17.5457,17.3525,17.1787,16.9413,16.6549,16.4142,16.3479,16.2047,16.2543,16.3295,16.415,16.5446,16.7587,16.8309,16.3282,16.2335,16.2031
Northern Europe,Manure Management,Emissions (CO2eq) from CH4 (AR5),kilotonnes,12185.5402,11965.9934,11885.6998,11812.0649,11799.7355,11695.0335,11586.8134,11521.2316,11182.4921,10940.2295,11054.4122,10961.6618,10856.0123,10906.7143,10956.0359,11068.6882,11160.2125,11157.2531,10972.0011,10972.3849,11064.4175
Northern Europe,Manure Management,Emissions (CO2eq) from N2O (AR5),kilotonnes,4890.3048,4757.6757,4691.5259,4668.0397,4649.6096,4598.4001,4552.3513,4489.4512,4413.5475,4349.7713,4332.1809,4294.2559,4307.3869,4327.3241,4349.9705,4384.314,4441.0491,4460.2014,4326.9749,4301.8806,4293.8189
Northern Europe,Manure Management,Emissions (CO2eq) (AR5),kilotonnes,17075.8449,16723.6691,16577.2257,16480.1046,16449.3451,16293.4336,16139.1647,16010.6828,15596.0396,15290.0008,15386.5931,15255.9178,15163.3992,15234.0383,15306.0064,15453.0022,15601.2616,15617.4545,15298.9759,15274.2655,15358.2363
Northern Europe,Manure left on Pasture,Direct emissions (N2O),kilotonnes,25.3854,23.8368,23.3853,23.36,23.3284,23.1261,22.8132,22.3382,21.9498,21.4488,21.2954,21.2568,21.5696,21.6964,21.9068,21.9355,22.2907,22.5062,21.455,21.23,20.9313
Northern Europe,Manure left on Pasture,Indirect emissions (N2O),kilotonnes,7.8298,7.2548,7.1133,7.0982,7.0918,7.0109,6.9066,6.7483,6.6118,6.4217,6.3786,6.4002,6.5048,6.5499,6.6392,6.6366,6.7445,6.8278,6.494,6.4299,6.3221
Northern Europe,Manure left on Pasture,Emissions (N2O),kilotonnes,33.2152,31.0916,30.4986,30.4582,30.4202,30.137,29.7197,29.0865,28.5615,27.8705,27.6741,27.6569,28.0744,28.2463,28.5461,28.5721,29.0352,29.3339,27.949,27.6598,27.2534
Northern Europe,Manure left on Pasture,Emissions (CO2eq) from N2O (AR5),kilotonnes,8802.021,8239.271,8082.1245,8071.4339,8061.3453,7986.3148,7875.731,7707.9242,7568.8095,7385.6822,7333.6249,7329.0837,7439.7131,7485.2712,7564.704,7571.6062,7694.3192,7773.4886,7406.4887,7329.856,7222.1582
Northern Europe,Manure left on Pasture,Emissions (CO2eq) (AR5),kilotonnes,8802.021,8239.271,8082.1245,8071.4339,8061.3453,7986.3148,7875.731,7707.9242,7568.8095,7385.6822,7333.6249,7329.0837,7439.7131,7485.2712,7564.704,7571.6062,7694.3192,7773.4886,7406.4887,7329.856,7222.1582
Northern Europe,Manure applied to Soils,Direct emissions (N2O),kilotonnes,20.0319,19.5036,19.217,19.1041,19.0629,18.9015,18.7052,18.4438,18.111,17.8411,17.7899,17.6551,17.6842,17.7959,17.8916,18.0178,18.2422,18.3604,17.8759,17.7913,17.7594
Northern Europe,Manure applied to Soils,Indirect emissions (N2O),kilotonnes,8.5136,8.289,8.1672,8.1192,8.1017,8.0331,7.9497,7.8386,7.6972,7.5825,7.5607,7.5034,7.5158,7.5633,7.6039,7.6576,7.7529,7.8032,7.5973,7.5613,7.5478
Northern Europe,Manure applied to Soils,Emissions (N2O),kilotonnes,28.5455,27.7926,27.3843,27.2233,27.1646,26.9347,26.6549,26.2825,25.8082,25.4236,25.3506,25.1584,25.2,25.3592,25.4956,25.6754,25.9951,26.1636,25.4732,25.3527,25.3072
Northern Europe,Manure applied to Soils,Emissions (CO2eq) from N2O (AR5),kilotonnes,7564.5549,7365.0359,7256.8374,7214.1812,7198.6108,7137.6895,7063.558,6964.8559,6839.1733,6737.2497,6717.9067,6666.9886,6677.9965,6720.184,6756.3281,6803.9833,6888.6923,6933.359,6750.3989,6718.4544,6706.4047
Northern Europe,Manure applied to Soils,Emissions (CO2eq) (AR5),kilotonnes,7564.5549,7365.0359,7256.8374,7214.1812,7198.6108,7137.6895,7063.558,6964.8559,6839.1733,6737.2497,6717.9067,6666.9886,6677.9965,6720.184,6756.3281,6803.9833,6888.6923,6933.359,6750.3989,6718.4544,6706.4047
Northern Europe,Synthetic Fertilizers,Direct emissions (N2O),kilotonnes,36.8502,37.5325,37.3572,37.0429,35.8453,34.4389,33.4095,33.7175,34.6098,32.8633,33.8941,33.8702,34.3218,34.1511,36.2505,36.5766,36.4289,37.3788,37.3219,37.3662,37.1278
Northern Europe,Synthetic Fertilizers,Indirect emissions (N2O),kilotonnes,11.9763,12.1981,12.1411,12.0389,11.6497,11.1927,10.8581,10.9582,11.2482,10.6806,11.0156,11.0078,11.1546,11.0991,11.7814,11.8874,11.8394,12.1481,12.1296,12.144,12.0665
Northern Europe,Synthetic Fertilizers,Emissions (N2O),kilotonnes,48.8265,49.7306,49.4983,49.0818,47.495,45.6316,44.2675,44.6757,45.858,43.5438,44.9097,44.8781,45.4764,45.2502,48.032,48.464,48.2684,49.5269,49.4515,49.5103,49.1943
Northern Europe,Synthetic Fertilizers,Emissions (CO2eq) from N2O (AR5),kilotonnes,12939.0335,13178.6111,13117.0393,13006.6802,12586.1724,12092.3733,11730.8936,11839.0732,12152.3615,11539.1102,11901.0699,11892.6885,12051.2445,11991.3115,12728.4734,12842.9542,12791.1138,13124.6416,13104.6393,13120.2194,13036.497
Northern Europe,Synthetic Fertilizers,Emissions (CO2eq) (AR5),kilotonnes,12939.0335,13178.6111,13117.0393,13006.6802,12586.1724,12092.3733,11730.8936,11839.0732,12152.3615,11539.1102,11901.0699,11892.6885,12051.2445,11991.3115,12728.4734,12842.9542,12791.1138,13124.6416,13104.6393,13120.2194,13036.497
Northern Europe,Drained organic soils,Emissions (CO2eq) (AR5),kilotonnes,100711.9916,100897.3328,101057.048,101234.9712,101829.3007,102169.3738,102352.1961,102566.8805,102814.9744,103121.6972,103730.0663,104290.5104,104482.0151,104542.2566,104533.56,104553.8171,104638.9697,104951.6807,106063.6742,106554.6019,106750.3271
Northern Europe,Drained organic soils (CO2),Emissions (CO2),kilotonnes,84806.7216,84963.0816,85097.6781,85247.85,85748.6169,86035.1013,86189.0886,86369.8731,86578.8571,86837.3107,87349.7407,87821.7736,87983.0407,88033.7622,88026.4317,88043.4642,88115.0477,88378.4191,89314.9426,89728.1714,89893.0412
Northern Europe,Drained organic soils (CO2),Emissions (CO2eq) (AR5),kilotonnes,84806.7216,84963.0816,85097.6781,85247.85,85748.6169,86035.1013,86189.0886,86369.8731,86578.8571,86837.3107,87349.7407,87821.7736,87983.0407,88033.7622,88026.4317,88043.4642,88115.0477,88378.4191,89314.9426,89728.1714,89893.0412
Northern Europe,Drained organic soils (N2O),Emissions (N2O),kilotonnes,60.0199,60.1292,60.224,60.3288,60.6818,60.884,60.9929,61.1208,61.2684,61.4505,61.8125,62.1462,62.2603,62.2962,62.2911,62.3032,62.3544,62.5406,63.2028,63.496,63.6124
Northern Europe,Drained organic soils (N2O),Emissions (CO2eq) from N2O (AR5),kilotonnes,15905.2701,15934.2512,15959.3699,15987.1212,16080.6838,16134.2724,16163.1075,16197.0074,16236.1174,16284.3865,16380.3256,16468.7367,16498.9744,16508.4944,16507.1283,16510.3529,16523.9219,16573.2615,16748.7316,16826.4305,16857.2859
Northern Europe,Drained organic soils (N2O),Emissions (CO2eq) (AR5),kilotonnes,15905.2701,15934.2512,15959.3699,15987.1212,16080.6838,16134.2724,16163.1075,16197.0074,16236.1174,16284.3865,16380.3256,16468.7367,16498.9744,16508.4944,16507.1283,16510.3529,16523.9219,16573.2615,16748.7316,16826.4305,16857.2859
Northern Europe,On-farm energy use,Emissions (CH4),kilotonnes,2.3921,2.4298,2.2557,2.4553,2.6455,2.8557,2.983,2.9852,2.855,2.4192,2.5008,2.3492,2.3542,2.574,2.2098,1.9724,1.8693,1.6574,1.5451,1.4126,1.4126
Northern Europe,On-farm energy use,Emissions (N2O),kilotonnes,3.8888,3.8122,3.8304,3.5751,3.407,3.663,3.3822,3.3487,3.2744,3.2612,3.4287,3.3533,3.4291,3.3601,3.1996,2.9489,3.0482,3.01,2.9837,2.9406,2.9406
Northern Europe,On-farm energy use,Emissions (CO2),kilotonnes,12387.2169,12441.0219,12327.7703,11770.1245,11358.5882,12085.9793,11438.3213,11339.2675,10946.518,10704.2379,11287.1732,10902.4362,11050.0744,10971.1863,10284.7927,9547.8256,9709.0835,9587.1055,9415.5872,9244.9211,9244.9211
Northern Europe,On-farm energy use,Emissions (CO2eq) from CH4 (AR5),kilotonnes,66.9787,68.0341,63.1587,68.7476,74.0732,79.9606,83.5238,83.5854,79.9402,67.7366,70.0231,65.7787,65.9177,72.0713,61.8743,55.2276,52.3395,46.4065,43.2625,39.5516,39.5516
Northern Europe,On-farm energy use,Emissions (CO2eq) from N2O (AR5),kilotonnes,1030.5347,1010.2455,1015.0461,947.3967,902.8606,970.6917,896.2847,887.411,867.7041,864.2097,908.6053,888.6298,908.707,890.4195,847.8816,781.4703,807.7826,797.6552,790.6864,779.2538,779.2538
Northern Europe,On-farm energy use,Emissions (CO2eq) (AR5),kilotonnes,13484.7302,13519.3015,13405.9751,12786.2687,12335.522,13136.6316,12418.1298,12310.2639,11894.1623,11636.1842,12265.8016,11856.8447,12024.6991,11933.6771,11194.5485,10384.5236,10569.2056,10431.1671,10249.536,10063.7266,10063.7266
Northern Europe,Forestland,Emissions (CO2),kilotonnes,-133545.2322,-163115.2338,-163115.2338,-163115.2338,-163115.2338,-163115.2338,-163115.2338,-163115.2338,-163115.2338,-163115.2338,-163115.2338,-189317.8071,-189317.8071,-189317.8071,-189317.8071,-189317.8071,-97657.6784,-97657.6784,-97657.6784,-97657.6784,-97657.6784
Northern Europe,Forestland,Emissions (CO2eq) (AR5),kilotonnes,-133545.2322,-163115.2338,-163115.2338,-163115.2338,-163115.2338,-163115.2338,-163115.2338,-163115.2338,-163115.2338,-163115.2338,-163115.2338,-189317.8071,-189317.8071,-189317.8071,-189317.8071,-189317.8071,-97657.6784,-97657.6784,-97657.6784,-97657.6784,-97657.6784
Northern Europe,Net Forest conversion,Emissions (CO2),kilotonnes,36523.3376,59841.4226,59841.4226,59841.4226,59841.4226,59841.4226,59841.4226,59841.4226,59841.4226,59841.4226,59841.4226,38251.7698,38251.7698,38251.7698,38251.7698,38251.7698,27384.0464,27384.0464,27384.0464,27384.0464,27384.0464
Northern Europe,Net Forest conversion,Emissions (CO2eq) (AR5),kilotonnes,36523.3376,59841.4226,59841.4226,59841.4226,59841.4226,59841.4226,59841.4226,59841.4226,59841.4226,59841.4226,59841.4226,38251.7698,38251.7698,38251.7698,38251.7698,38251.7698,27384.0464,27384.0464,27384.0464,27384.0464,27384.0464
Northern Europe,Savanna fires,Emissions (CH4),kilotonnes,0.0932,0.0474,0.0707,0.4993,0.0454,0.0249,0.1592,0.2082,0.0978,0.0795,0.1238,0.1326,0.0564,0.0336,0.053,0.0871,0.0251,0.0429,0.2099,0.1874,0.0437
Northern Europe,Savanna fires,Emissions (N2O),kilotonnes,0.0085,0.0043,0.0065,0.0456,0.0041,0.0023,0.0145,0.019,0.0089,0.0073,0.0113,0.0121,0.0051,0.0031,0.0048,0.008,0.0023,0.0039,0.0192,0.0171,0.004
Northern Europe,Savanna fires,Emissions (CO2eq) from CH4 (AR5),kilotonnes,2.6106,1.327,1.9788,13.9811,1.2704,0.6985,4.4587,5.8299,2.7393,2.2258,3.4655,3.712,1.5783,0.9396,1.4827,2.4399,0.7016,1.2001,5.8769,5.2475,1.2236
Northern Europe,Savanna fires,Emissions (CO2eq) from N2O (AR5),kilotonnes,2.2562,1.1467,1.7099,12.0815,1.0978,0.6036,3.8529,5.0378,2.3671,1.9234,2.9947,3.2077,1.3639,0.812,1.2812,2.1084,0.6063,1.037,5.0784,4.5345,1.0574
Northern Europe,Savanna fires,Emissions (CO2eq) (AR5),kilotonnes,4.8668,2.4737,3.6887,26.0626,2.3682,1.302,8.3116,10.8677,5.1064,4.1492,6.4602,6.9197,2.9422,1.7516,2.7639,4.5483,1.3079,2.2371,10.9553,9.782,2.281
Northern Europe,Fires in organic soils,Emissions (CH4),kilotonnes,0,0,0,0,0,0,0,0,0,0,0,0,0,0,0,0,0,0,0,0,0
Northern Europe,Fires in organic soils,Emissions (CO2),kilotonnes,0,0,0,0,0,0,0,0,0,0,0,0,0,0,0,0,0,0,0,0,0
Northern Europe,Fires in organic soils,Emissions (CO2eq) from CH4 (AR5),kilotonnes,0,0,0,0,0,0,0,0,0,0,0,0,0,0,0,0,0,0,0,0,0
Northern Europe,Fires in organic soils,Emissions (CO2eq) (AR5),kilotonnes,0,0,0,0,0,0,0,0,0,0,0,0,0,0,0,0,0,0,0,0,0
Northern Europe,Forest fires,Emissions (CH4),kilotonnes,0.2494,0.0857,0.2476,0.5572,0.0725,0,0.1182,0.0605,0.0367,0.0341,0.0433,0.0279,0.015,0.0161,0.5836,0.0445,0.0041,0.0325,0.2991,0.0295,0.0275
Northern Europe,Forest fires,Emissions (N2O),kilotonnes,0.0138,0.0078,0.0226,0.0509,0.0066,0,0.0108,0.0055,0.0034,0.0031,0.004,0.0025,0.0014,0.0015,0.0533,0.0041,0.0004,0.003,0.0273,0.0027,0.0025
Northern Europe,Forest fires,Emissions (CO2eq) from CH4 (AR5),kilotonnes,6.9844,2.3984,6.9323,15.6011,2.0302,0,3.3103,1.6945,1.0289,0.9539,1.2132,0.7803,0.4201,0.4511,16.3398,1.2471,0.114,0.9097,8.3752,0.8274,0.7697
Northern Europe,Forest fires,Emissions (CO2eq) from N2O (AR5),kilotonnes,3.6567,2.0726,5.9904,13.4813,1.7544,0,2.8606,1.4642,0.8891,0.8243,1.0483,0.6743,0.363,0.3899,14.1197,1.0777,0.0985,0.7861,7.2373,0.7149,0.6651
Northern Europe,Forest fires,Emissions (CO2eq) (AR5),kilotonnes,10.6411,4.471,12.9228,29.0824,3.7846,0,6.1709,3.1587,1.918,1.7781,2.2615,1.4545,0.7831,0.841,30.4595,2.3247,0.2125,1.6958,15.6125,1.5423,1.4347
Northern Europe,Fires in humid tropical forests,Emissions (CH4),kilotonnes,0,0,0,0,0,0,0,0,0,0,0,0,0,0,0,0,0,0,0,0,0
Northern Europe,Fires in humid tropical forests,Emissions (N2O),kilotonnes,0,0,0,0,0,0,0,0,0,0,0,0,0,0,0,0,0,0,0,0,0
Northern Europe,Fires in humid tropical forests,Emissions (CO2eq) from CH4 (AR5),kilotonnes,0,0,0,0,0,0,0,0,0,0,0,0,0,0,0,0,0,0,0,0,0
Northern Europe,Fires in humid tropical forests,Emissions (CO2eq) from N2O (AR5),kilotonnes,0,0,0,0,0,0,0,0,0,0,0,0,0,0,0,0,0,0,0,0,0
Northern Europe,Fires in humid tropical forests,Emissions (CO2eq) (AR5),kilotonnes,0,0,0,0,0,0,0,0,0,0,0,0,0,0,0,0,0,0,0,0,0
Northern Europe,Waste - agri-food systems,Emissions (CH4),kilotonnes,464.6596,453.0392,518.537,520.9756,477.2717,810.0414,847.4971,751.0746,380.2334,386.6034,383.9631,379.7286,366.0378,366.1698,355.9769,351.9225,356.387,365.2723,375.6993,385.4743,394.8887
Northern Europe,Waste - agri-food systems,Emissions (N2O),kilotonnes,4.993,5.1233,5.2992,5.3121,5.3179,5.3866,5.4511,5.4987,5.5618,5.7118,5.7594,5.7886,5.6717,5.7608,5.696,5.9848,6.2772,6.6165,6.9722,7.322,7.663
Northern Europe,Waste - agri-food systems,Emissions (CO2),kilotonnes,1173.953,1173.7151,1177.6593,1184.7496,1191.8034,1194.2981,1197.7072,1204.2322,1203.3296,1195.0999,1196.2701,1200.0125,1200.28,1201.9475,1205.3417,1202.6142,1200.2232,1200.7443,1203.9508,1203.566,1201.4096
Northern Europe,Waste - agri-food systems,Emissions (CO2eq) from CH4 (AR5),kilotonnes,13010.4687,12685.0984,14519.0368,14587.3181,13363.6089,22681.1591,23729.9195,21030.0886,10646.5357,10824.8965,10750.968,10632.3995,10249.0579,10252.7546,9967.3533,9853.8289,9978.8347,10227.6242,10519.5794,10793.2807,11056.8848
Northern Europe,Waste - agri-food systems,Emissions (CO2eq) from N2O (AR5),kilotonnes,1323.1445,1357.6869,1404.288,1407.6982,1409.2447,1427.4489,1444.5454,1457.1455,1473.8718,1513.6166,1526.2485,1533.9729,1503.0021,1526.6012,1509.4519,1585.9841,1663.464,1753.372,1847.6424,1940.3193,2030.7014
Northern Europe,Waste - agri-food systems,Emissions (CO2eq) (AR5),kilotonnes,15507.5661,15216.5004,17100.984,17179.7659,15964.657,25302.9061,26372.1721,23691.4663,13323.7371,13533.613,13473.4866,13366.3848,12952.34,12981.3033,12682.1469,12642.4272,12842.5219,13181.7405,13571.1725,13937.166,14288.9957
Northern Europe,Fertilizers Manufacturing,Emissions (N2O),kilotonnes,0.7228,0.7819,0.8429,0.9163,0.9418,1.0596,1.0804,1.0938,1.1502,1.1968,1.2188,1.2637,1.3032,1.4782,1.5596,1.5217,1.4982,1.6576,1.5111,1.6061,1.5357
Northern Europe,Fertilizers Manufacturing,Emissions (CO2),kilotonnes,988.0917,1005.3194,1594.3552,1749.7297,1741.7456,2562.0686,1769.1716,1750.2244,2646.996,2669.6543,2557.6551,2819.4334,2856.8415,4860.2651,5447.8119,5430.7556,5106.4471,5945.5846,5174.2845,5382.123,5010.5289
Northern Europe,Fertilizers Manufacturing,Emissions (CO2eq) from N2O (AR5),kilotonnes,191.542,207.2035,223.3685,242.8195,249.577,280.794,286.306,289.857,304.803,317.152,322.982,334.8805,345.348,391.723,413.294,403.2505,397.023,439.264,400.4415,425.6165,406.9582
Northern Europe,Fertilizers Manufacturing,Emissions (CO2eq) (AR5),kilotonnes,1179.6337,1212.5229,1817.7237,1992.5492,1991.3226,2842.8626,2055.4776,2040.0814,2951.799,2986.8063,2880.6371,3154.3139,3202.1895,5251.9881,5861.1059,5834.0061,5503.4701,6384.8486,5574.726,5807.7395,5417.487
Northern Europe,On-farm electricity use,Emissions (CH4),kilotonnes,15.0127,15.0079,15.0043,14.1487,14.5399,14.7535,15.6091,15.8723,15.3249,15.0956,14.8458,14.1215,13.9332,14.2786,14.0564,14.5562,14.9813,14.8435,14.8157,14.9675,14.9675
Northern Europe,On-farm electricity use,Emissions (N2O),kilotonnes,0.0802,0.0803,0.0802,0.0755,0.0775,0.0786,0.0834,0.0847,0.0818,0.0807,0.0792,0.0755,0.0744,0.0762,0.075,0.0777,0.08,0.0792,0.0791,0.0799,0.0799
Northern Europe,On-farm electricity use,Emissions (CO2),kilotonnes,3872.399,3857.3073,3830.9248,3946.3986,3771.1124,3555.5726,4015.9085,3845.6463,3603.3128,3268.8251,3458.2664,3108.3336,3083.0245,3467.5383,3441.5876,3577.2003,3679.2565,3727.1212,3623.9012,3660.364,3660.364
Northern Europe,On-farm electricity use,Emissions (CO2eq) from CH4 (AR5),kilotonnes,420.3556,420.2212,420.1204,396.1636,407.1172,413.098,437.0548,444.4244,429.0972,422.6768,415.6824,395.402,390.1296,399.8008,393.5792,407.5736,419.4764,415.618,414.8396,419.09,419.09
Northern Europe,On-farm electricity use,Emissions (CO2eq) from N2O (AR5),kilotonnes,21.253,21.2795,21.253,20.0075,20.5375,20.829,22.101,22.4455,21.677,21.3855,20.988,20.0075,19.716,20.193,19.875,20.5905,21.2,20.988,20.9615,21.1735,21.1735
Northern Europe,On-farm electricity use,Emissions (CO2eq) (AR5),kilotonnes,4314.0076,4298.808,4272.2982,4362.5697,4198.7671,3989.4996,4475.0643,4312.5162,4054.087,3712.8874,3894.9368,3523.7431,3492.8701,3887.5321,3855.0418,4005.3644,4119.9329,4163.7272,4059.7023,4100.6275,4100.6275
Northern Europe,Food Processing,Emissions (CH4),kilotonnes,30.7417,30.4936,31.0133,29.5027,30.4473,30.8094,30.6227,31.0959,31.0592,29.3707,31.0052,30.633,30.0476,30.2242,30.0512,30.5391,31.1692,31.7845,33.1241,33.1241,30.7119
Northern Europe,Food Processing,Emissions (N2O),kilotonnes,0.2208,0.2219,0.2216,0.2116,0.2168,0.2166,0.2114,0.2097,0.212,0.1978,0.2065,0.2032,0.1967,0.1976,0.1965,0.1982,0.2002,0.2049,0.2116,0.2116,0.1951
Northern Europe,Food Processing,Emissions (CO2),kilotonnes,20698.567,21528.9392,21228.8749,20944.5074,20913.4092,20113.0002,19967.1695,19038.3332,18537.1304,16220.5907,17298.6066,16655.4449,16527.5723,16998.8446,16632.6117,16301.9357,16581.9396,16989.6023,17631.7261,17631.7261,15031.9722
Northern Europe,Food Processing,Emissions (CO2eq) from CH4 (AR5),kilotonnes,860.7676,853.8208,868.3724,826.0756,852.5244,862.6632,857.4356,870.6852,869.6576,822.3796,868.1456,857.724,841.3328,846.2776,841.4336,855.0948,872.7376,889.966,927.4748,927.4748,859.9336
Northern Europe,Food Processing,Emissions (CO2eq) from N2O (AR5),kilotonnes,58.512,58.8035,58.724,56.074,57.452,57.399,56.021,55.5705,56.18,52.417,54.7225,53.848,52.1255,52.364,52.0725,52.523,53.053,54.2985,56.074,56.074,51.6965
Northern Europe,Food Processing,Emissions (CO2eq) (AR5),kilotonnes,21617.8466,22441.5635,22155.9713,21826.657,21823.3856,21033.0624,20880.6261,19964.5889,19462.968,17095.3873,18221.4747,17567.0169,17421.0306,17897.4862,17526.1178,17209.5535,17507.7302,17933.8668,18615.2749,18615.2749,15943.6023
Northern Europe,Food Packaging,Emissions (CH4),kilotonnes,191.9632,222.196,253.461,278.5559,271.8133,262.7173,304.4113,476.0922,805.5142,941.0921,730.6289,700.2265,751.6773,664.1745,673.9203,777.7856,795.0705,845.8576,872.0596,928.0492,943.0643
Northern Europe,Food Packaging,Emissions (N2O),kilotonnes,0.1134,0.1123,0.1156,0.1187,0.1179,0.1187,0.1267,0.1464,0.1634,0.1563,0.1672,0.1644,0.1626,0.157,0.132,0.1651,0.1625,0.1613,0.1606,0.1772,0.162
Northern Europe,Food Packaging,Emissions (CO2),kilotonnes,6830.2404,7053.7507,6970.7495,7529.3916,7012.6534,6857.2706,7726.92,7809.248,7462.8881,6504.613,6968.5759,6363.4,6204.9199,6672.7637,6621.8834,6926.9761,6849.4045,7104.389,7031.9871,6994.2196,6056.6444
Northern Europe,Food Packaging,Emissions (CO2eq) from CH4 (AR5),kilotonnes,5374.9696,6221.488,7096.908,7799.5652,7610.7724,7356.0844,8523.5164,13330.5816,22554.3976,26350.5788,20457.6092,19606.342,21046.9644,18596.886,18869.7684,21777.9968,22261.974,23684.0128,24417.6688,25985.3776,26405.7994
Northern Europe,Food Packaging,Emissions (CO2eq) from N2O (AR5),kilotonnes,30.051,29.7595,30.634,31.4555,31.2435,31.4555,33.5755,38.796,43.301,41.4195,44.308,43.566,43.089,41.605,34.98,43.7515,43.0625,42.7445,42.559,46.958,42.9291
Northern Europe,Food Packaging,Emissions (CO2eq) (AR5),kilotonnes,12235.261,13304.9982,14098.2915,15360.4123,14654.6693,14244.8105,16284.0119,21178.6256,30060.5867,32896.6113,27470.4931,26013.308,27294.9733,25311.2547,25526.6318,28748.7244,29154.441,30831.1463,31492.2149,33026.5552,32505.373
Northern Europe,Food Retail,Emissions (CH4),kilotonnes,23.4118,24.491,24.4337,24.3345,24.7505,25.2313,25.3277,25.7067,26.1868,25.3761,25.9851,24.8132,25.4472,25.387,24.9729,25.0582,25.4729,25.2181,25.5889,27.5278,25.4545
Northern Europe,Food Retail,Emissions (N2O),kilotonnes,0.1411,0.1478,0.1468,0.1459,0.1478,0.1495,0.1494,0.1502,0.1524,0.1472,0.1506,0.1437,0.1466,0.1474,0.1443,0.1441,0.1495,0.1491,0.1503,0.1544,0.1416
Northern Europe,Food Retail,Emissions (CO2),kilotonnes,10242.5865,10825.9287,10361.7059,10821.7632,10772.6192,10626.0381,10967.7447,10702.8285,10801.1026,9693.4869,10229.279,9210.7382,9764.826,10304.3994,9860.6472,9994.5733,10480.3951,10403.8212,10514.5782,10098.0554,8564.4649
Northern Europe,Food Retail,Emissions (CO2eq) from F-gases (AR5),kilotonnes,7815.8775,9366.585,10883.525,12490.3385,14118.971,15982.4175,17575.724,19166.9525,19402.8055,19516.576,19573.2015,19601.774,19614.242,19625.1515,19625.1515,19625.1515,21133.7795,21519.2485,21906.276,22292.784,20500.7262
Northern Europe,Food Retail,Emissions (CO2eq) from CH4 (AR5),kilotonnes,655.5304,685.748,684.1436,681.366,693.014,706.4764,709.1756,719.7876,733.2304,710.5308,727.5828,694.7696,712.5216,710.836,699.2412,701.6296,713.2412,706.1068,716.4892,770.7784,712.7258
Northern Europe,Food Retail,Emissions (CO2eq) from N2O (AR5),kilotonnes,37.3915,39.167,38.902,38.6635,39.167,39.6175,39.591,39.803,40.386,39.008,39.909,38.0805,38.849,39.061,38.2395,38.1865,39.6175,39.5115,39.8295,40.916,37.5128
Northern Europe,Food Retail,Emissions (CO2eq) (AR5),kilotonnes,18751.3859,20917.4287,21968.2765,24032.1312,25623.7712,27354.5495,29292.2353,30629.3716,30977.5245,29959.6017,30569.9723,29545.3623,30130.4386,30679.4479,30223.2794,30359.5409,32367.0333,32668.688,33177.1729,33202.5338,29815.4298
Northern Europe,Food Household Consumption,Emissions (CH4),kilotonnes,23.9001,24.4797,23.7259,23.9784,24.0327,24.3305,24.1985,23.9792,23.8156,24.215,25.5513,23.804,24.4923,24.3629,23.1463,23.4616,23.8772,23.7155,23.8103,23.8103,22.692
Northern Europe,Food Household Consumption,Emissions (N2O),kilotonnes,0.1437,0.1476,0.143,0.1445,0.1445,0.1458,0.145,0.1426,0.1417,0.1434,0.1518,0.1391,0.1428,0.1422,0.1343,0.1363,0.1386,0.1374,0.1382,0.1382,0.1272
Northern Europe,Food Household Consumption,Emissions (CO2),kilotonnes,11141.9654,11675.6174,11262.2016,11908.0762,11769.7846,11364.8674,11627.4569,11075.1918,10790.1297,10328.3658,11258.1773,9428.2347,9891.4812,10249.075,9192.1106,9356.925,9513.9152,9253.6254,9433.4356,9433.4356,8012.3727
Northern Europe,Food Household Consumption,Emissions (CO2eq) from CH4 (AR5),kilotonnes,669.2028,685.4316,664.3252,671.3952,672.9156,681.254,677.558,671.4176,666.8368,678.02,715.4364,666.512,685.7844,682.1612,648.0964,656.9248,668.5616,664.034,666.6884,666.6884,635.3759
Northern Europe,Food Household Consumption,Emissions (CO2eq) from N2O (AR5),kilotonnes,38.0805,39.114,37.895,38.2925,38.2925,38.637,38.425,37.789,37.5505,38.001,40.227,36.8615,37.842,37.683,35.5895,36.1195,36.729,36.411,36.623,36.623,33.7148
Northern Europe,Food Household Consumption,Emissions (CO2eq) (AR5),kilotonnes,11849.2487,12400.163,11964.4218,12617.7639,12480.9927,12084.7584,12343.4399,11784.3984,11494.517,11044.3868,12013.8407,10131.6082,10615.1076,10968.9192,9875.7965,10049.9693,10219.2058,9954.0704,10136.747,10136.747,8681.4633
Northern Europe,Food Transport,Emissions (CH4),kilotonnes,2.7108,2.5205,2.3646,2.1755,1.9923,1.7897,1.7054,1.5966,1.4054,1.2336,1.1005,1.0039,0.9235,0.8554,0.8262,0.7888,0.7697,0.7328,0.7059,0.1318,0.1232
Northern Europe,Food Transport,Emissions (N2O),kilotonnes,0.8366,0.82,0.81,0.7945,0.7843,0.7619,0.7547,0.7583,0.7269,0.6922,0.6845,0.6731,0.6698,0.6586,0.6619,0.6726,0.684,0.6808,0.6705,0.6641,0.6124
Northern Europe,Food Transport,Emissions (CO2),kilotonnes,15392.9626,15505.3723,15685.6477,15913.6331,16200.6862,16467.1429,16795.886,17114.7063,16379.5674,15671.1012,15674.6939,15387.2973,15171.9814,15006.2345,15086.9075,15397.7888,15745.6913,15666.3784,15375.5104,16074.3753,13858.4807
Northern Europe,Food Transport,Emissions (CO2eq) from CH4 (AR5),kilotonnes,75.9024,70.574,66.2088,60.914,55.7844,50.1116,47.7512,44.7048,39.3512,34.5408,30.814,28.1092,25.858,23.9512,23.1336,22.0864,21.5516,20.5184,19.7652,3.6904,3.4486
Northern Europe,Food Transport,Emissions (CO2eq) from N2O (AR5),kilotonnes,221.699,217.3,214.65,210.5425,207.8395,201.9035,199.9955,200.9495,192.6285,183.433,181.3925,178.3715,177.497,174.529,175.4035,178.239,181.26,180.412,177.6825,175.9865,162.2958
Northern Europe,Food Transport,Emissions (CO2eq) (AR5),kilotonnes,15690.564,15793.2463,15966.5065,16185.0896,16464.3101,16719.158,17043.6327,17360.3606,16611.5471,15889.075,15886.9004,15593.778,15375.3364,15204.7147,15285.4446,15598.1142,15948.5029,15867.3088,15572.9581,16254.0522,14024.225
Northern Europe,Energy,Emissions (CH4),kilotonnes,1749.714,1733.879,1759.529,1742.198,1720.902,1620.598,1577.016,1575.154,1614.331,1561.311,1531.987,1479.544,1492.719,1499.958,1532.273,1592.477,1543.244,1570.938,1606.734,1541.33,1467.126
Northern Europe,Energy,Emissions (N2O),kilotonnes,23.3305,24.8524,25.3444,25.9225,25.0846,23.418,24.9762,25.2305,23.6907,22.3588,24.2519,22.8915,22.3784,21.9557,21.7184,21.3007,21.1911,21.1572,21.6166,21.1505,19.4345
Northern Europe,Energy,Emissions (CO2),kilotonnes,804470,823940,811810,839810,830180,814960,833500,816260,809690,742800,782940,713410,720080,709650,664950,635210,617480,599010,593530,568460,489680
Northern Europe,Energy,Emissions (CO2eq) from CH4 (AR5),kilotonnes,48991.992,48548.612,49266.812,48781.544,48185.256,45376.744,44156.448,44104.312,45201.268,43716.708,42895.636,41427.232,41796.132,41998.824,42903.644,44589.356,43210.832,43986.264,44988.552,43157.24,41079.528
Northern Europe,Energy,Emissions (CO2eq) from N2O (AR5),kilotonnes,6182.5825,6585.886,6716.266,6869.4625,6647.419,6205.77,6618.693,6686.0825,6278.0355,5925.082,6426.7535,6066.2475,5930.276,5818.2605,5755.376,5644.6855,5615.6415,5606.658,5728.399,5604.8825,5150.1425
Northern Europe,Energy,Emissions (CO2eq) (AR5),kilotonnes,859644.5745,879074.498,867793.078,895461.0065,885012.675,866542.514,884275.141,867050.3945,861169.3035,792441.79,832262.3895,760903.4795,767806.408,757467.0845,713609.02,685444.0415,666306.4735,648602.922,644246.951,617222.1225,535909.6705
Northern Europe,IPPU,Emissions (CH4),kilotonnes,8.257,8.7464,8.5052,8.9938,9.1141,8.4153,8.5903,8.9418,10.4266,7.7856,9.022,8.2672,8.1421,8.4089,8.7131,8.8572,8.1141,8.8731,7.9952,8.3112,8.0652
Northern Europe,IPPU,Emissions (N2O),kilotonnes,39.3545,35.8429,34.272,35.234,34.8172,55.2446,54.5178,54.6143,46.0926,37.5079,41.0606,41.0517,39.2698,37.5707,38.6008,39.0308,38.4628,38.7639,34.046,35.2701,29.3923
Northern Europe,IPPU,Emissions (CO2),kilotonnes,44267,44980,44397,44818,46315,45561,46141,48159,47710,39098,40135,41862,41843,42007,43181,51648,43628,45167,45420,44717,41895
Northern Europe,IPPU,Emissions (CO2eq) from F-gases (AR5),kilotonnes,24893.5343,25113.4424,24953.5888,26365.9369,27197.1757,29480.4103,30973.0253,33362.667,35192.5781,32396.4515,33694.9099,35053.9087,35527.1532,36399.4001,36578.203,36480.3473,37630.4188,36168.0253,35039.2352,33411.5463,30659.0514
Northern Europe,IPPU,Emissions (CO2eq) from CH4 (AR5),kilotonnes,231.196,244.8992,238.1456,251.8265,255.194,235.6276,240.5279,250.37,291.9446,217.9964,252.6158,231.4816,227.979,235.4496,243.9674,248.0014,227.1958,248.448,223.8643,232.7125,225.8247
Northern Europe,IPPU,Emissions (CO2eq) from N2O (AR5),kilotonnes,10428.953,9498.3789,9082.0903,9337.0203,9226.5682,14639.8291,14447.2271,14472.7995,12214.549,9939.6035,10881.0689,10878.7103,10406.5067,9956.245,10229.2214,10343.1713,10192.6512,10272.4426,9022.199,9346.5851,7788.9669
Northern Europe,IPPU,Emissions (CO2eq) (AR5),kilotonnes,79820.6833,79836.7205,78670.8247,80772.7836,82993.9379,89916.8671,91801.7803,96244.8366,95409.0717,81652.0513,84963.5947,88026.1006,88004.6389,88598.0948,90232.3918,98719.52,91678.2659,91855.916,89705.2985,87707.8439,80568.843
Northern Europe,Waste,Emissions (CH4),kilotonnes,3095.94,3112.01,2996.85,2903.23,2897.61,2538.9,2540.2,2234.9,2052.1,1940.19,1793.65,1720.05,1737.17,1629.25,1551.36,1507.56,1387.73,1420.69,1388.81,1334.05,1272.67
Northern Europe,Waste,Emissions (N2O),kilotonnes,6.8942,6.9463,7.0583,7.2313,7.2711,7.4406,7.5612,7.8691,7.9059,8.0809,8.2195,8.3212,8.4504,8.6189,8.7748,8.8296,8.9987,9.1652,9.0874,9.145,9.1561
Northern Europe,Waste,Emissions (CO2),kilotonnes,237.793,245.469,252.8084,343.4664,323.9254,294.8564,267.0535,275.83,274.2405,293.68,275.579,274.533,267.394,256.745,257.529,257.129,238.396,242.518,243.276,237.3489,228.5738
Northern Europe,Waste,Emissions (CO2eq) from CH4 (AR5),kilotonnes,86686.32,87136.28,83911.8,81290.44,81133.08,71089.2,71125.6,62577.2,57458.8,54325.32,50222.2,48161.4,48640.76,45619,43438.08,42211.68,38856.44,39779.32,38886.68,37353.4,35634.76
Northern Europe,Waste,Emissions (CO2eq) from N2O (AR5),kilotonnes,1826.963,1840.7695,1870.4495,1916.2945,1926.8415,1971.759,2003.718,2085.3115,2095.0635,2141.4385,2178.1675,2205.118,2239.356,2284.0085,2325.322,2339.844,2384.6555,2428.778,2408.161,2423.425,2426.3665
Northern Europe,Waste,Emissions (CO2eq) (AR5),kilotonnes,88751.076,89222.5185,86035.0579,83550.2009,83383.8469,73355.8154,73396.3715,64938.3415,59828.104,56760.4385,52675.9465,50641.051,51147.51,48159.7535,46020.931,44808.653,41479.4915,42450.616,41538.117,40014.1739,38289.7003
Northern Europe,Other,Emissions (N2O),kilotonnes,14.8081,14.4986,13.9355,13.7531,13.1653,12.5735,12.407,11.8721,11.0693,10.1666,10.2916,9.5623,9.2764,8.9924,8.7222,8.5556,8.4873,8.1653,7.8575,7.02,6.6442
Northern Europe,Other,Emissions (CO2eq) from N2O (AR5),kilotonnes,3924.1465,3842.129,3692.9075,3644.5715,3488.8045,3331.9775,3287.855,3146.1065,2933.3645,2694.149,2727.274,2534.0095,2458.246,2382.986,2311.383,2267.234,2249.1345,2163.8045,2082.2375,1860.3,1760.713
Northern Europe,Other,Emissions (CO2eq) (AR5),kilotonnes,3924.1465,3842.129,3692.9075,3644.5715,3488.8045,3331.9775,3287.855,3146.1065,2933.3645,2694.149,2727.274,2534.0095,2458.246,2382.986,2311.383,2267.234,2249.1345,2163.8045,2082.2375,1860.3,1760.713
Northern Europe,Farm-gate emissions,Emissions (CH4),kilotonnes,2735.5743,2630.7043,2591.6876,2585.8769,2576.7354,2550.7955,2523.1003,2484.4877,2442.6034,2400.7439,2390.1168,2371.5865,2388.7995,2398.0151,2412.393,2427.1053,2461.3518,2471.5593,2378.6124,2359.6367,2345.7406
Northern Europe,Farm-gate emissions,Direct emissions (N2O),kilotonnes,92.0095,89.4778,89.2486,88.5168,87.506,85.5469,83.4408,83.0931,84.6367,81.7184,81.6242,81.8769,82.7761,82.8563,86.6838,87.6428,86.9325,88.7068,85.0388,87.3944,85.6654
Northern Europe,Farm-gate emissions,Indirect emissions (N2O),kilotonnes,30.5116,29.678,29.5117,29.2836,28.9288,28.2798,27.6298,27.4786,27.7995,26.8369,26.9,26.9577,27.2453,27.2852,28.4174,28.682,28.5802,29.1329,28.1077,28.6117,28.152
Northern Europe,Farm-gate emissions,Emissions (N2O),kilotonnes,205.005,201.1546,200.6317,199.473,198.1878,195.8386,192.7481,192.1121,193.7627,189.8057,190.2489,190.6796,192.0971,192.2446,197.146,198.2644,197.81,200.3555,195.799,198.8278,196.6977
Northern Europe,Farm-gate emissions,Emissions (CO2),kilotonnes,97193.9384,97404.1035,97425.4485,97017.9744,97107.205,98121.0806,97627.4099,97709.1406,97525.3751,97541.5487,98636.9139,98724.2098,99033.1151,99004.9485,98311.2244,97591.2898,97824.1312,97965.5246,98730.5297,98973.0925,99137.9623
Northern Europe,Farm-gate emissions,Emissions (CO2eq) from CH4 (AR5),kilotonnes,76596.0794,73659.72,72567.254,72404.5527,72148.5914,71422.2754,70646.8089,69565.6548,68392.8959,67220.8287,66923.2703,66404.4223,66886.3874,67144.4236,67547.0033,67958.9483,68917.8503,69203.6615,66601.1482,66069.8269,65680.7364
Northern Europe,Farm-gate emissions,Emissions (CO2eq) from N2O (AR5),kilotonnes,54326.3141,53305.9701,53167.4065,52860.3481,52519.7589,51897.2213,51078.2403,50909.7047,51347.1238,50298.5035,50415.9555,50530.0879,50905.7384,50944.8313,52243.6908,52540.0687,52419.6539,53094.1943,51886.7472,52689.3787,52124.8988
Northern Europe,Farm-gate emissions,Emissions (CO2eq) (AR5),kilotonnes,228116.332,224369.7936,223160.109,222282.8752,221775.5554,221440.5773,219352.4592,218184.5,217265.3948,215060.8809,215976.1397,215658.72,216825.2408,217094.2034,218101.9186,218090.3068,219161.6354,220263.3804,217218.4251,217732.2982,216943.5976
Northern Europe,Land Use change,Emissions (CH4),kilotonnes,0,0,0,0,0,0,0,0,0,0,0,0,0,0,0,0,0,0,0,0,0
Northern Europe,Land Use change,Emissions (N2O),kilotonnes,0,0,0,0,0,0,0,0,0,0,0,0,0,0,0,0,0,0,0,0,0
Northern Europe,Land Use change,Emissions (CO2),kilotonnes,36523.3376,59841.4226,59841.4226,59841.4226,59841.4226,59841.4226,59841.4226,59841.4226,59841.4226,59841.4226,59841.4226,38251.7698,38251.7698,38251.7698,38251.7698,38251.7698,27384.0464,27384.0464,27384.0464,27384.0464,27384.0464
Northern Europe,Land Use change,Emissions (CO2eq) from CH4 (AR5),kilotonnes,0,0,0,0,0,0,0,0,0,0,0,0,0,0,0,0,0,0,0,0,0
Northern Europe,Land Use change,Emissions (CO2eq) from N2O (AR5),kilotonnes,0,0,0,0,0,0,0,0,0,0,0,0,0,0,0,0,0,0,0,0,0
Northern Europe,Land Use change,Emissions (CO2eq) (AR5),kilotonnes,36523.3376,59841.4226,59841.4226,59841.4226,59841.4226,59841.4226,59841.4226,59841.4226,59841.4226,59841.4226,59841.4226,38251.7698,38251.7698,38251.7698,38251.7698,38251.7698,27384.0464,27384.0464,27384.0464,27384.0464,27384.0464
Northern Europe,Emissions on agricultural land,Emissions (CH4),kilotonnes,2735.5743,2630.7043,2591.6876,2585.8769,2576.7354,2550.7955,2523.1003,2484.4877,2442.6034,2400.7439,2390.1168,2371.5865,2388.7995,2398.0151,2412.393,2427.1053,2461.3518,2471.5593,2378.6124,2359.6367,2345.7406
Northern Europe,Emissions on agricultural land,Emissions (N2O),kilotonnes,205.005,201.1546,200.6317,199.473,198.1878,195.8386,192.7481,192.1121,193.7627,189.8057,190.2489,190.6796,192.0971,192.2446,197.146,198.2644,197.81,200.3555,195.799,198.8278,196.6977
Northern Europe,Emissions on agricultural land,Emissions (CO2),kilotonnes,133717.276,157245.5261,157266.8711,156859.397,156948.6277,157962.5033,157468.8326,157550.5632,157366.7977,157382.9713,158478.3365,136975.9796,137284.8849,137256.7183,136562.9942,135843.0596,125208.1776,125349.571,126114.5762,126357.139,126522.0087
Northern Europe,Emissions on agricultural land,Emissions (CO2eq) from CH4 (AR5),kilotonnes,76596.0794,73659.72,72567.254,72404.5527,72148.5914,71422.2754,70646.8089,69565.6548,68392.8959,67220.8287,66923.2703,66404.4223,66886.3874,67144.4236,67547.0033,67958.9483,68917.8503,69203.6615,66601.1482,66069.8269,65680.7364
Northern Europe,Emissions on agricultural land,Emissions (CO2eq) from N2O (AR5),kilotonnes,54326.3141,53305.9701,53167.4065,52860.3481,52519.7589,51897.2213,51078.2403,50909.7047,51347.1238,50298.5035,50415.9555,50530.0879,50905.7384,50944.8313,52243.6908,52540.0687,52419.6539,53094.1943,51886.7472,52689.3787,52124.8988
Northern Europe,Emissions on agricultural land,Emissions (CO2eq) (AR5),kilotonnes,264639.6695,284211.2163,283001.5316,282124.2978,281616.978,281281.9999,279193.8818,278025.9227,277106.8174,274902.3035,275817.5623,253910.4898,255077.0107,255345.9732,256353.6884,256342.0766,246545.6819,247647.4268,244602.4715,245116.3446,244327.644
Northern Europe,Pre- and post- production,Emissions (CH4),kilotonnes,752.3999,772.2279,868.5398,893.6713,844.8477,1169.6731,1249.3718,1325.4175,1283.5395,1422.9865,1213.0799,1174.3307,1212.5589,1125.4524,1122.9502,1224.112,1247.7278,1307.4243,1345.8038,1413.085,1431.9021
Northern Europe,Pre- and post- production,Emissions (N2O),kilotonnes,7.2516,7.4351,7.6593,7.7191,7.7485,7.9173,8.0021,8.0844,8.1902,8.3262,8.418,8.4513,8.3678,8.618,8.5996,8.9005,9.1902,9.6868,9.8936,10.3535,10.5169
Northern Europe,Pre- and post- production,Emissions (CO2),kilotonnes,70340.7656,72625.9501,72112.1189,73998.2494,73373.814,72740.2585,74067.9644,72540.4107,71424.4566,65551.7369,68641.5243,64172.8946,64700.9268,68761.0681,67488.9016,68188.769,69157.2725,70291.2664,69989.3739,70477.8649,61396.2374
Northern Europe,Pre- and post- production,Emissions (CO2eq) from F-gases (AR5),kilotonnes,7815.8775,9366.585,10883.525,12490.3385,14118.971,15982.4175,17575.724,19166.9525,19402.8055,19516.576,19573.2015,19601.774,19614.242,19625.1515,19625.1515,19625.1515,21133.7795,21519.2485,21906.276,22292.784,20500.7262
Northern Europe,Pre- and post- production,Emissions (CO2eq) from CH4 (AR5),kilotonnes,21067.1971,21622.382,24319.1152,25022.7977,23655.7369,32750.8467,34982.4111,37111.6898,35939.1065,39843.6233,33966.2384,32881.2583,33951.6487,31512.6674,31442.6057,34275.1349,34936.3771,36607.8802,37682.5054,39566.3803,40093.2581
Northern Europe,Pre- and post- production,Emissions (CO2eq) from N2O (AR5),kilotonnes,1921.6735,1970.3139,2029.7145,2045.5532,2053.3537,2098.0844,2120.5604,2142.356,2170.3978,2206.4326,2230.7775,2239.5884,2217.4686,2283.7592,2278.9059,2358.6446,2435.409,2567.0015,2621.8134,2743.6668,2786.982
Northern Europe,Pre- and post- production,Emissions (CO2eq) (AR5),kilotonnes,101145.5136,105585.231,109344.4735,113556.9388,113201.8756,123571.6071,128746.6599,130961.409,128936.7664,127118.3688,124411.7417,118895.5152,120484.2861,122182.6462,120835.5647,124447.7,127662.8381,130985.3966,132199.9686,135080.6961,124777.2037
Northern Europe,Agri-food systems,Emissions (CH4),kilotonnes,3487.9742,3402.9322,3460.2275,3479.5482,3421.5832,3720.4686,3772.4721,3809.9052,3726.1429,3823.7304,3603.1967,3545.9172,3601.3584,3523.4675,3535.3432,3651.2173,3709.0796,3778.9836,3724.4162,3772.7217,3777.6427
Northern Europe,Agri-food systems,Emissions (N2O),kilotonnes,212.2566,208.5898,208.291,207.1921,205.9363,203.7559,200.7502,200.1965,201.9529,198.1318,198.6669,199.1309,200.4649,200.8626,205.7456,207.165,207.0002,210.0422,205.6927,209.1813,207.2146
Northern Europe,Agri-food systems,Emissions (CO2),kilotonnes,204058.0416,229871.4762,229378.99,230857.6465,230322.4416,230702.7618,231536.7969,230090.9739,228791.2544,222934.7082,227119.8608,201148.8742,201985.8117,206017.7864,204051.8959,204031.8286,194365.4501,195640.8375,196103.95,196835.0039,187918.2462
Northern Europe,Agri-food systems,Emissions (CO2eq) from F-gases (AR5),kilotonnes,7815.8775,9366.585,10883.525,12490.3385,14118.971,15982.4175,17575.724,19166.9525,19402.8055,19516.576,19573.2015,19601.774,19614.242,19625.1515,19625.1515,19625.1515,21133.7795,21519.2485,21906.276,22292.784,20500.7262
Northern Europe,Agri-food systems,Emissions (CO2eq) from CH4 (AR5),kilotonnes,97663.2765,95282.1021,96886.3691,97427.3503,95804.3283,104173.1221,105629.22,106677.3446,104332.0024,107064.4521,100889.5087,99285.6805,100838.036,98657.0909,98989.6091,102234.0832,103854.2274,105811.5417,104283.6536,105636.2072,105773.9945
Northern Europe,Agri-food systems,Emissions (CO2eq) from N2O (AR5),kilotonnes,56247.9876,55276.284,55197.121,54905.9013,54573.1126,53995.3057,53198.8007,53052.0607,53517.5215,52504.936,52646.733,52769.6763,53123.207,53228.5906,54522.5966,54898.7133,54855.0629,55661.1957,54508.5606,55433.0456,54911.8808
Northern Europe,Agri-food systems,Emissions (CO2eq) (AR5),kilotonnes,365785.1832,389796.4472,392346.0051,395681.2366,394818.8536,404853.607,407940.5416,408987.3317,406043.5838,402020.6723,400229.304,372806.005,375561.2968,377528.6194,377189.2531,380789.7766,374208.52,378632.8234,376802.4402,380197.0406,369104.8477
Northern Europe,IPCC Agriculture,Emissions (CH4),kilotonnes,2733.1822,2628.2745,2589.432,2583.4216,2574.0899,2547.9398,2520.1173,2481.5025,2439.7484,2398.3247,2387.616,2369.2373,2386.4453,2395.4412,2410.1832,2425.1329,2459.4825,2469.902,2377.0673,2358.2241,2344.328
Northern Europe,IPCC Agriculture,Direct emissions (N2O),kilotonnes,92.0095,89.4778,89.2486,88.5168,87.506,85.5469,83.4408,83.0931,84.6367,81.7184,81.6242,81.8769,82.7761,82.8563,86.6838,87.6428,86.9325,88.7068,85.0388,87.3944,85.6654
Northern Europe,IPCC Agriculture,Indirect emissions (N2O),kilotonnes,30.5116,29.678,29.5117,29.2836,28.9288,28.2798,27.6298,27.4786,27.7995,26.8369,26.9,26.9577,27.2453,27.2852,28.4174,28.682,28.5802,29.1329,28.1077,28.6117,28.152
Northern Europe,IPCC Agriculture,Emissions (N2O),kilotonnes,201.1161,197.3424,196.8014,195.8979,194.7807,192.1756,189.3659,188.7634,190.4884,186.5445,186.8202,187.3263,188.668,188.8846,193.9464,195.3155,194.7618,197.3454,192.8153,195.8873,193.7572
Northern Europe,IPCC Agriculture,Emissions (CO2eq) from CH4 (AR5),kilotonnes,76529.1008,73591.6859,72504.0952,72335.8051,72074.5182,71342.3148,70563.2851,69482.0694,68312.9557,67153.0922,66853.2472,66338.6435,66820.4697,67072.3523,67485.1291,67903.7206,68865.5108,69157.255,66557.8857,66030.2753,65641.1848
Northern Europe,IPCC Agriculture,Emissions (CO2eq) from N2O (AR5),kilotonnes,53295.7794,52295.7246,52152.3605,51912.9515,51616.8983,50926.5295,50181.9556,50022.2936,50479.4197,49434.2938,49507.3502,49641.4581,49997.0314,50054.4118,51395.8092,51758.5984,51611.8713,52296.5391,51096.0608,51910.1249,51345.645
Northern Europe,IPCC Agriculture,Emissions (CO2eq) (AR5),kilotonnes,129824.8802,125887.4105,124656.4557,124248.7565,123691.4165,122268.8443,120745.2407,119504.3631,118792.3754,116587.386,116360.5974,115980.1017,116817.5011,117126.7641,118880.9383,119662.319,120477.3821,121453.7941,117653.9466,117940.4002,116986.8298
Northern Europe,Agricultural Soils,Direct emissions (N2O),kilotonnes,92.0095,89.4778,89.2486,88.5168,87.506,85.5469,83.4408,83.0931,84.6367,81.7184,81.6242,81.8769,82.7761,82.8563,86.6838,87.6428,86.9325,88.7068,85.0388,87.3944,85.6654
Northern Europe,Agricultural Soils,Indirect emissions (N2O),kilotonnes,30.5116,29.678,29.5117,29.2836,28.9288,28.2798,27.6298,27.4786,27.7995,26.8369,26.9,26.9577,27.2453,27.2852,28.4174,28.682,28.5802,29.1329,28.1077,28.6117,28.152
Northern Europe,Agricultural Soils,Emissions (N2O),kilotonnes,182.541,179.2851,178.9843,178.1292,177.1167,174.7107,172.0634,171.6924,173.7045,170.0058,170.3367,170.9808,172.2817,172.4376,177.3923,178.628,177.8672,180.3803,176.3493,179.5021,177.4298
Northern Europe,Agricultural Soils,Emissions (CO2eq) from N2O (AR5),kilotonnes,48373.3734,47510.5488,47430.8293,47204.2454,46935.9177,46298.3308,45596.7921,45498.4985,46031.7046,45051.5493,45139.2295,45309.9094,45654.6414,45695.9682,47008.9694,47336.4227,47134.7948,47800.7699,46732.566,47568.0576,47018.9003
Northern Europe,Agricultural Soils,Emissions (CO2eq) (AR5),kilotonnes,48373.3734,47510.5488,47430.8293,47204.2454,46935.9177,46298.3308,45596.7921,45498.4985,46031.7046,45051.5493,45139.2295,45309.9094,45654.6414,45695.9682,47008.9694,47336.4227,47134.7948,47800.7699,46732.566,47568.0576,47018.9003
Northern Europe,LULUCF,Emissions (CH4),kilotonnes,0.2494,0.0857,0.2476,0.5572,0.0725,0,0.1182,0.0605,0.0367,0.0341,0.0433,0.0279,0.015,0.0161,0.5836,0.0445,0.0041,0.0325,0.2991,0.0295,0.0275
Northern Europe,LULUCF,Emissions (N2O),kilotonnes,0.0138,0.0078,0.0226,0.0509,0.0066,0,0.0108,0.0055,0.0034,0.0031,0.004,0.0025,0.0014,0.0015,0.0533,0.0041,0.0004,0.003,0.0273,0.0027,0.0025
Northern Europe,LULUCF,Emissions (CO2),kilotonnes,-12215.173,-18310.7296,-18176.133,-18025.9612,-17525.1943,-17238.7098,-17084.7226,-16903.9381,-16694.9541,-16436.5004,-15924.0705,-63244.2637,-63082.9966,-63032.2751,-63039.6056,-63022.5731,17841.4158,18104.7872,19041.3106,19454.5395,19619.4092
Northern Europe,LULUCF,Emissions (CO2eq) from CH4 (AR5),kilotonnes,6.9844,2.3984,6.9323,15.6011,2.0302,0,3.3103,1.6945,1.0289,0.9539,1.2132,0.7803,0.4201,0.4511,16.3398,1.2471,0.114,0.9097,8.3752,0.8274,0.7697
Northern Europe,LULUCF,Emissions (CO2eq) from N2O (AR5),kilotonnes,3.6567,2.0726,5.9904,13.4813,1.7544,0,2.8606,1.4642,0.8891,0.8243,1.0483,0.6743,0.363,0.3899,14.1197,1.0777,0.0985,0.7861,7.2373,0.7149,0.6651
Northern Europe,LULUCF,Emissions (CO2eq) (AR5),kilotonnes,-12204.5319,-18306.2586,-18163.2103,-17996.8788,-17521.4097,-17238.7098,-17078.5517,-16900.7794,-16693.0361,-16434.7223,-15921.809,-63242.8091,-63082.2135,-63031.4341,-63009.1461,-63020.2484,17841.6283,18106.483,19056.9231,19456.0818,19620.844
Northern Europe,AFOLU,Emissions (CH4),kilotonnes,2733.4316,2628.3602,2589.6796,2583.9788,2574.1624,2547.9398,2520.2356,2481.563,2439.7852,2398.3588,2387.6593,2369.2651,2386.4604,2395.4573,2410.7667,2425.1774,2459.4866,2469.9345,2377.3665,2358.2537,2344.3555
Northern Europe,AFOLU,Emissions (N2O),kilotonnes,201.1299,197.3502,196.824,195.9488,194.7874,192.1756,189.3767,188.7689,190.4917,186.5476,186.8241,187.3288,188.6694,188.886,193.9997,195.3195,194.7622,197.3484,192.8426,195.89,193.7597
Northern Europe,AFOLU,Emissions (CO2),kilotonnes,-12215.173,-18310.7296,-18176.133,-18025.9612,-17525.1943,-17238.7098,-17084.7226,-16903.9381,-16694.9541,-16436.5004,-15924.0705,-63244.2637,-63082.9966,-63032.2751,-63039.6056,-63022.5731,17841.4158,18104.7872,19041.3106,19454.5395,19619.4092
Northern Europe,AFOLU,Emissions (CO2eq) from CH4 (AR5),kilotonnes,76536.0851,73594.0843,72511.0275,72351.4061,72076.5484,71342.3148,70566.5955,69483.7639,68313.9846,67154.046,66854.4604,66339.4238,66820.8898,67072.8034,67501.4689,67904.9677,68865.6248,69158.1648,66566.261,66031.1026,65641.9545
Northern Europe,AFOLU,Emissions (CO2eq) from N2O (AR5),kilotonnes,53299.4362,52297.7972,52158.3509,51926.4328,51618.6526,50926.5295,50184.8161,50023.7579,50480.3088,49435.1181,49508.3985,49642.1324,49997.3944,50054.8016,51409.9289,51759.6761,51611.9698,52297.3252,51103.2981,51910.8398,51346.3101
Northern Europe,AFOLU,Emissions (CO2eq) (AR5),kilotonnes,117620.3482,107581.1519,106493.2454,106251.8777,106170.0068,105030.1344,103666.689,102603.5837,102099.3393,100152.6636,100438.7884,52737.2925,53735.2876,54095.3299,55871.7922,56642.0707,138319.0104,139560.2771,136710.8697,137396.4819,136607.6738
Northern Europe,All sectors with LULUCF,Emissions (CH4),kilotonnes,7587.3426,7482.9956,7354.5638,7238.4006,7201.7885,6715.8531,6646.0418,6300.5588,6116.6428,5907.6454,5722.3183,5577.1263,5624.4915,5533.0742,5503.1129,5534.0716,5398.5747,5470.4356,5380.9056,5241.9448,5092.2167
Northern Europe,All sectors with LULUCF,Emissions (N2O),kilotonnes,285.5173,279.4904,277.4342,278.0897,275.1256,290.8523,288.8389,288.3549,279.2503,264.6619,270.6478,269.1555,268.0444,266.0238,271.816,273.0363,271.9021,274.6,265.4502,268.4756,258.3868
Northern Europe,All sectors with LULUCF,Emissions (CO2),kilotonnes,836759.62,850854.7394,838283.6754,866945.5052,859293.7311,843577.1466,862823.3309,847790.8919,840979.2864,765755.1796,807426.5085,692302.2693,699107.3974,688881.4699,645348.9234,624092.5559,679187.8118,662524.3052,658234.5866,632868.8884,551422.983
Northern Europe,All sectors with LULUCF,Emissions (CO2eq) from F-gases (AR5),kilotonnes,24893.5343,25113.4424,24953.5888,26365.9369,27197.1757,29480.4103,30973.0253,33362.667,35192.5781,32396.4515,33694.9099,35053.9087,35527.1532,36399.4001,36578.203,36480.3473,37630.4188,36168.0253,35039.2352,33411.5463,30659.0514
Northern Europe,All sectors with LULUCF,Emissions (CO2eq) from CH4 (AR5),kilotonnes,212445.5932,209523.8756,205927.7852,202675.2166,201650.0784,188043.8864,186089.1713,176415.6459,171265.9972,165414.0704,160224.9122,156159.5374,157485.7609,154926.077,154087.1603,154954.0051,151160.0927,153172.1968,150665.3572,146774.4551,142582.0672
Northern Europe,All sectors with LULUCF,Emissions (CO2eq) from N2O (AR5),kilotonnes,75662.0811,74064.9606,73520.0643,73693.7816,72908.2858,77075.8652,76542.3092,76414.0579,74001.3213,70135.391,71721.6624,71326.2177,71031.7791,70496.3017,72031.2314,72354.6109,72054.0525,72769.0083,70344.2946,71146.0325,68472.4989
Northern Europe,All sectors with LULUCF,Emissions (CO2eq) (AR5),kilotonnes,1149760.829,1159557.018,1142685.114,1169680.44,1161049.271,1138177.308,1156427.837,1133983.263,1121439.183,1033701.093,1073067.993,954841.9332,963152.0905,950703.2487,908045.518,887881.5192,940032.3758,924633.5356,914283.4737,884200.9222,793136.6006
Northern Europe,All sectors without LULUCF,Emissions (CH4),kilotonnes,7587.0932,7482.9099,7354.3162,7237.8434,7201.716,6715.8531,6645.9236,6300.4983,6116.606,5907.6113,5722.275,5577.0985,5624.4765,5533.0581,5502.5293,5534.0271,5398.5707,5470.4031,5380.6065,5241.9153,5092.1892
Northern Europe,All sectors without LULUCF,Emissions (N2O),kilotonnes,285.5035,279.4826,277.4116,278.0389,275.119,290.8523,288.8281,288.3494,279.2469,264.6587,270.6438,269.153,268.0431,266.0223,271.7627,273.0322,271.9017,274.5971,265.4229,268.4729,258.3843
Northern Europe,All sectors without LULUCF,Emissions (CO2),kilotonnes,848974.793,869165.469,856459.8084,884971.4664,876818.9254,860815.8564,879908.0535,864694.83,857674.2405,782191.68,823350.579,755546.533,762190.394,751913.745,708388.529,687115.129,661346.396,644419.518,639193.276,613414.3489,531803.5738
Northern Europe,All sectors without LULUCF,Emissions (CO2eq) from F-gases (AR5),kilotonnes,24893.5343,25113.4424,24953.5888,26365.9369,27197.1757,29480.4103,30973.0253,33362.667,35192.5781,32396.4515,33694.9099,35053.9087,35527.1532,36399.4001,36578.203,36480.3473,37630.4188,36168.0253,35039.2352,33411.5463,30659.0514
Northern Europe,All sectors without LULUCF,Emissions (CO2eq) from CH4 (AR5),kilotonnes,212438.6088,209521.4771,205920.8529,202659.6155,201648.0482,188043.8864,186085.861,176413.9514,171264.9683,165413.1166,160223.699,156158.7572,157485.3407,154925.6259,154070.8205,154952.758,151159.9787,153171.2871,150656.982,146773.6277,142581.2975
Northern Europe,All sectors without LULUCF,Emissions (CO2eq) from N2O (AR5),kilotonnes,75658.4244,74062.888,73514.0738,73680.3002,72906.5315,77075.8652,76539.4487,76412.5937,74000.4322,70134.5668,71720.6141,71325.5434,71031.416,70495.9118,72017.1117,72353.5333,72053.954,72768.2222,70337.0574,71145.3175,68471.8339
Northern Europe,All sectors without LULUCF,Emissions (CO2eq) (AR5),kilotonnes,1161965.361,1177863.277,1160848.324,1187677.319,1178570.681,1155416.018,1173506.389,1150884.042,1138132.219,1050135.815,1088989.802,1018084.742,1026234.304,1013734.683,971054.6641,950901.7675,922190.7475,906527.0526,895226.5506,864744.8405,773515.7566
Southern Europe,Crop Residues,Direct emissions (N2O),kilotonnes,11.1997,10.3247,11.194,9.81,12.2054,9.9305,10.4089,10.8313,11.7814,9.9833,10.2515,10.6893,9.4577,11.1722,10.5912,10.047,11.2956,8.9234,10.9303,10.0549,11.4887
Southern Europe,Crop Residues,Indirect emissions (N2O),kilotonnes,2.5199,2.3231,2.5186,2.2072,2.7462,2.2344,2.342,2.437,2.6508,2.2462,2.3066,2.4051,2.128,2.5137,2.383,2.2606,2.5415,2.0078,2.4593,2.2624,2.585
Southern Europe,Crop Residues,Emissions (N2O),kilotonnes,13.7196,12.6478,13.7126,12.0172,14.9516,12.1648,12.7509,13.2684,14.4323,12.2295,12.5581,13.0943,11.5857,13.6859,12.9742,12.3075,13.8371,10.9311,13.3897,12.3173,14.0736
Southern Europe,Crop Residues,Emissions (CO2eq) from N2O (AR5),kilotonnes,3635.6923,3351.6654,3633.8364,3184.5558,3962.1651,3223.6763,3378.9843,3516.115,3824.5498,3240.8238,3327.9046,3469.9987,3070.2063,3626.7597,3438.1756,3261.4947,3666.8361,2896.7539,3548.26,3264.0724,3729.5102
Southern Europe,Crop Residues,Emissions (CO2eq) (AR5),kilotonnes,3635.6923,3351.6654,3633.8364,3184.5558,3962.1651,3223.6763,3378.9843,3516.115,3824.5498,3240.8238,3327.9046,3469.9987,3070.2063,3626.7597,3438.1756,3261.4947,3666.8361,2896.7539,3548.26,3264.0724,3729.5102
Southern Europe,Rice Cultivation,Emissions (CH4),kilotonnes,193.2213,191.567,191.9554,194.9723,203.7394,196.3816,192.8471,195.5258,188.0936,209.6823,217.3992,218.5949,207.858,195.998,195.8758,200.378,205.382,203.314,193.3798,193.548,198.1602
Southern Europe,Rice Cultivation,Emissions (CO2eq) from CH4 (AR5),kilotonnes,5410.1958,5363.8771,5374.7512,5459.2241,5704.7023,5498.6844,5399.72,5474.7237,5266.6219,5871.1047,6087.1783,6120.6566,5820.024,5487.9436,5484.5222,5610.5847,5750.6964,5692.7933,5414.6333,5419.3451,5548.4856
Southern Europe,Rice Cultivation,Emissions (CO2eq) (AR5),kilotonnes,5410.1958,5363.8771,5374.7512,5459.2241,5704.7023,5498.6844,5399.72,5474.7237,5266.6219,5871.1047,6087.1783,6120.6566,5820.024,5487.9436,5484.5222,5610.5847,5750.6964,5692.7933,5414.6333,5419.3451,5548.4856
Southern Europe,Burning - Crop residues,Emissions (CH4),kilotonnes,18.1258,18.2778,18.4512,18.0243,18.2951,17.5733,16.4018,16.3485,17.018,15.7235,15.6438,16.0503,15.7621,15.6832,15.2604,14.6074,14.4609,13.8025,13.2692,13.3061,13.3748
Southern Europe,Burning - Crop residues,Emissions (N2O),kilotonnes,0.4699,0.4739,0.4784,0.4673,0.4743,0.4556,0.4252,0.4238,0.4412,0.4076,0.4056,0.4161,0.4086,0.4066,0.3956,0.3787,0.3749,0.3578,0.344,0.345,0.3468
Southern Europe,Burning - Crop residues,Emissions (CO2eq) from CH4 (AR5),kilotonnes,507.5234,511.7776,516.633,504.6817,512.2622,492.0528,459.2511,457.7569,476.5041,440.2587,438.0255,449.4078,441.3385,439.1294,427.292,409.0082,404.9064,386.469,371.5375,372.5707,374.4946
Southern Europe,Burning - Crop residues,Emissions (CO2eq) from N2O (AR5),kilotonnes,124.5312,125.5751,126.7664,123.8339,125.694,120.7352,112.6866,112.32,116.92,108.0264,107.4785,110.2713,108.2914,107.7494,104.8448,100.3585,99.352,94.828,91.1643,91.4178,91.8899
Southern Europe,Burning - Crop residues,Emissions (CO2eq) (AR5),kilotonnes,632.0547,637.3526,643.3995,628.5157,637.9562,612.7879,571.9378,570.0769,593.4241,548.2852,545.504,559.6791,549.6299,546.8788,532.1368,509.3667,504.2585,481.2971,462.7018,463.9885,466.3845
Southern Europe,Enteric Fermentation,Emissions (CH4),kilotonnes,2035.0583,1935.354,1969.6983,1944.7191,1947.4357,1899.6516,1883.7006,1886.115,1836.8017,1815.8906,1792.7677,1740.1253,1737.2697,1709.9843,1723.5634,1745.2126,1751.8513,1760.9844,1770.7884,1762.7449,1760.4645
Southern Europe,Enteric Fermentation,Emissions (CO2eq) from CH4 (AR5),kilotonnes,56981.6312,54189.9116,55151.5528,54452.1343,54528.2009,53190.2441,52743.6179,52811.2196,51430.4464,50844.9364,50197.4943,48723.5095,48643.5503,47879.5612,48259.7762,48865.9518,49051.8374,49307.5643,49582.0755,49356.8565,49293.0056
Southern Europe,Enteric Fermentation,Emissions (CO2eq) (AR5),kilotonnes,56981.6312,54189.9116,55151.5528,54452.1343,54528.2009,53190.2441,52743.6179,52811.2196,51430.4464,50844.9364,50197.4943,48723.5095,48643.5503,47879.5612,48259.7762,48865.9518,49051.8374,49307.5643,49582.0755,49356.8565,49293.0056
Southern Europe,Manure Management,Emissions (CH4),kilotonnes,606.353,591.6188,603.116,604.8467,613.1721,599.5654,610.0635,613.9025,604.4573,604.0503,596.4615,587.8193,580.6517,576.1443,589.8952,605.0007,608.3264,614.4006,623.1789,625.8549,638.0984
Southern Europe,Manure Management,Emissions (N2O),kilotonnes,18.2727,17.7086,17.9941,17.8394,18.0132,17.5747,17.5775,17.7025,17.5031,17.4507,17.3327,16.9448,16.8944,16.75,16.9681,17.2117,17.3146,17.4523,17.6743,17.6728,17.804
Southern Europe,Manure Management,Emissions (CO2eq) from CH4 (AR5),kilotonnes,16977.8838,16565.3266,16887.2486,16935.7073,17168.8195,16787.8303,17081.7776,17189.2711,16924.8056,16913.4095,16700.9206,16458.9404,16258.2487,16132.0401,16517.0662,16940.0206,17033.1391,17203.2179,17449.0081,17523.938,17866.7566
Southern Europe,Manure Management,Emissions (CO2eq) from N2O (AR5),kilotonnes,4842.2697,4692.7724,4768.4243,4727.4332,4773.4938,4657.3047,4658.0332,4691.1691,4638.3257,4624.4299,4593.1532,4490.3717,4477.0033,4438.7476,4496.553,4561.1133,4588.3577,4624.8485,4683.6877,4683.2845,4718.0516
Southern Europe,Manure Management,Emissions (CO2eq) (AR5),kilotonnes,21820.1535,21258.099,21655.6729,21663.1405,21942.3133,21445.135,21739.8108,21880.4402,21563.1313,21537.8393,21294.0738,20949.3122,20735.252,20570.7877,21013.6192,21501.1338,21621.4967,21828.0664,22132.6957,22207.2224,22584.8082
Southern Europe,Manure left on Pasture,Direct emissions (N2O),kilotonnes,25.6811,24.0902,24.5969,24.4405,24.277,23.8956,23.6943,23.6235,22.8664,22.5443,22.2021,21.4901,21.2175,20.9667,20.9791,21.2867,21.2879,21.412,21.118,20.9522,20.8764
Southern Europe,Manure left on Pasture,Indirect emissions (N2O),kilotonnes,8.6171,8.0508,8.2051,8.1618,8.0858,7.9788,7.9192,7.8745,7.6029,7.4868,7.3622,7.109,6.9785,6.9212,6.8867,6.9956,6.9721,7.0015,6.8479,6.7693,6.7362
Southern Europe,Manure left on Pasture,Emissions (N2O),kilotonnes,34.2982,32.141,32.802,32.6023,32.3627,31.8744,31.6135,31.4981,30.4692,30.0311,29.5643,28.5991,28.1961,27.8879,27.8658,28.2823,28.26,28.4135,27.9659,27.7215,27.6127
Southern Europe,Manure left on Pasture,Emissions (CO2eq) from N2O (AR5),kilotonnes,9089.0204,8517.363,8692.5319,8639.6218,8576.1213,8446.7056,8377.5719,8346.9861,8074.3454,7958.2375,7834.5284,7578.756,7471.9549,7390.2945,7384.4295,7494.8144,7488.9113,7529.5688,7410.9531,7346.1945,7317.3564
Southern Europe,Manure left on Pasture,Emissions (CO2eq) (AR5),kilotonnes,9089.0204,8517.363,8692.5319,8639.6218,8576.1213,8446.7056,8377.5719,8346.9861,8074.3454,7958.2375,7834.5284,7578.756,7471.9549,7390.2945,7384.4295,7494.8144,7488.9113,7529.5688,7410.9531,7346.1945,7317.3564
Southern Europe,Manure applied to Soils,Direct emissions (N2O),kilotonnes,20.8926,20.2585,20.6205,20.5407,20.716,20.3183,20.3977,20.5536,20.3176,20.2776,20.1577,19.7589,19.6318,19.4612,19.7672,20.081,20.2043,20.4125,20.6065,20.6464,20.8457
Southern Europe,Manure applied to Soils,Indirect emissions (N2O),kilotonnes,8.8793,8.6099,8.7637,8.7298,8.8043,8.6353,8.669,8.7353,8.635,8.618,8.567,8.3975,8.3435,8.271,8.4011,8.5344,8.5868,8.6753,8.7578,8.7747,8.8594
Southern Europe,Manure applied to Soils,Emissions (N2O),kilotonnes,29.7719,28.8684,29.3841,29.2704,29.5203,28.9535,29.0667,29.2889,28.9525,28.8956,28.7247,28.1564,27.9753,27.7321,28.1683,28.6154,28.7911,29.0878,29.3643,29.4211,29.7052
Southern Europe,Manure applied to Soils,Emissions (CO2eq) from N2O (AR5),kilotonnes,7889.5623,7650.1153,7786.7991,7756.6644,7822.8669,7672.6855,7702.6795,7761.5597,7672.4209,7657.3352,7612.0371,7461.4486,7413.4523,7349.0174,7464.5905,7583.0798,7629.6406,7708.2794,7781.5375,7796.5869,7871.8712
Southern Europe,Manure applied to Soils,Emissions (CO2eq) (AR5),kilotonnes,7889.5623,7650.1153,7786.7991,7756.6644,7822.8669,7672.6855,7702.6795,7761.5597,7672.4209,7657.3352,7612.0371,7461.4486,7413.4523,7349.0174,7464.5905,7583.0798,7629.6406,7708.2794,7781.5375,7796.5869,7871.8712
Southern Europe,Synthetic Fertilizers,Direct emissions (N2O),kilotonnes,42.3548,41.2697,41.5986,43.5733,44.7459,40.1428,40.9341,43.6409,36.492,33.6661,34.9712,34.4787,37.1136,38.42,38.5917,38.2434,37.0176,38.6047,35.6071,37.2382,38.366
Southern Europe,Synthetic Fertilizers,Indirect emissions (N2O),kilotonnes,13.7653,13.4127,13.5195,14.1613,14.5424,13.0464,13.3036,14.1833,11.8599,10.9415,11.3656,11.2056,12.0619,12.4865,12.5423,12.4291,12.0307,12.5465,11.5723,12.1024,12.4689
Southern Europe,Synthetic Fertilizers,Emissions (N2O),kilotonnes,56.1201,54.6824,55.1181,57.7346,59.2884,53.1892,54.2377,57.8242,48.352,44.6075,46.3368,45.6843,49.1756,50.9066,51.134,50.6726,49.0483,51.1512,47.1795,49.3406,50.8349
Southern Europe,Synthetic Fertilizers,Emissions (CO2eq) from N2O (AR5),kilotonnes,14871.814,14490.8336,14606.3084,15299.6635,15711.4202,14095.1267,14372.9851,15323.4011,12813.2702,11820.9993,12279.261,12106.3363,13031.5296,13490.2398,13550.5057,13428.2277,12997.7943,13555.0644,12502.5549,13075.2679,13471.26
Southern Europe,Synthetic Fertilizers,Emissions (CO2eq) (AR5),kilotonnes,14871.814,14490.8336,14606.3084,15299.6635,15711.4202,14095.1267,14372.9851,15323.4011,12813.2702,11820.9993,12279.261,12106.3363,13031.5296,13490.2398,13550.5057,13428.2277,12997.7943,13555.0644,12502.5549,13075.2679,13471.26
Southern Europe,Drained organic soils,Emissions (CO2eq) (AR5),kilotonnes,3632.9063,3631.9822,3669.0385,3669.6434,3672.9775,3670.481,3666.1686,3656.8054,3658.37,3656.5371,3655.2303,3653.4552,3651.1154,3644.9094,3639.6719,3637.8846,3629.3014,3617.3957,3598.0315,3572.3095,3570.4401
Southern Europe,Drained organic soils (CO2),Emissions (CO2),kilotonnes,3092.0488,3091.0704,3123.2107,3123.7716,3127.0158,3124.917,3121.3213,3113.3597,3114.884,3113.3144,3112.2485,3110.7482,3108.7943,3103.5315,3099.0916,3097.5637,3090.1751,3079.9993,3063.4797,3042.7994,3041.1586
Southern Europe,Drained organic soils (CO2),Emissions (CO2eq) (AR5),kilotonnes,3092.0488,3091.0704,3123.2107,3123.7716,3127.0158,3124.917,3121.3213,3113.3597,3114.884,3113.3144,3112.2485,3110.7482,3108.7943,3103.5315,3099.0916,3097.5637,3090.1751,3079.9993,3063.4797,3042.7994,3041.1586
Southern Europe,Drained organic soils (N2O),Emissions (N2O),kilotonnes,2.041,2.0412,2.0597,2.0599,2.0602,2.0587,2.056,2.0507,2.0509,2.0499,2.049,2.048,2.0465,2.0429,2.0399,2.0389,2.0344,2.0279,2.0172,1.9982,1.9973
Southern Europe,Drained organic soils (N2O),Emissions (CO2eq) from N2O (AR5),kilotonnes,540.8574,540.9119,545.8279,545.8718,545.9618,545.564,544.8474,543.4457,543.486,543.2227,542.9818,542.707,542.321,541.3779,540.5803,540.3209,539.1263,537.3964,534.5517,529.5101,529.2815
Southern Europe,Drained organic soils (N2O),Emissions (CO2eq) (AR5),kilotonnes,540.8574,540.9119,545.8279,545.8718,545.9618,545.564,544.8474,543.4457,543.486,543.2227,542.9818,542.707,542.321,541.3779,540.5803,540.3209,539.1263,537.3964,534.5517,529.5101,529.2815
Southern Europe,On-farm energy use,Emissions (CH4),kilotonnes,3.8214,3.8834,3.5539,3.6209,3.5716,3.2266,2.8751,3.5135,3.148,2.1434,2.5106,2.6631,2.3475,2.2187,2.1367,1.8387,1.8739,1.8806,2.0885,2.079,2.079
Southern Europe,On-farm energy use,Emissions (N2O),kilotonnes,7.4709,7.2387,7.2225,7.5145,7.8447,7.7861,7.2741,7.1443,6.7057,6.4348,6.1235,5.7568,5.3816,5.461,5.3376,5.6284,5.8942,5.9443,6.217,6.3929,6.3929
Southern Europe,On-farm energy use,Emissions (CO2),kilotonnes,22267.4436,21526.9227,21422.7581,23060.4094,24301.1453,23546.7239,22185.8339,22089.0732,20290.2878,18593.0721,18051.5894,17863.1563,17128.0654,17325.3842,16904.9232,16236.1848,16858.4511,16961.022,17908.9231,18110.5432,18110.5432
Southern Europe,On-farm energy use,Emissions (CO2eq) from CH4 (AR5),kilotonnes,107.0005,108.735,99.508,101.3856,100.0054,90.3434,80.5035,98.3786,88.1447,60.0163,70.2971,74.5659,65.7305,62.1231,59.8289,51.4844,52.4687,52.6563,58.4788,58.2117,58.2117
Southern Europe,On-farm energy use,Emissions (CO2eq) from N2O (AR5),kilotonnes,1979.7967,1918.2517,1913.968,1991.3397,2078.8363,2063.3143,1927.6307,1893.2354,1777.0128,1705.2218,1622.7163,1525.5491,1426.1207,1447.1595,1414.4565,1491.5181,1561.9683,1575.2463,1647.4964,1694.1061,1694.1061
Southern Europe,On-farm energy use,Emissions (CO2eq) (AR5),kilotonnes,24354.2409,23553.9094,23436.2341,25153.1346,26479.987,25700.3817,24193.9681,24080.6872,22155.4453,20358.3102,19744.6028,19463.2713,18619.9166,18834.6668,18379.2086,17779.1873,18472.8881,18588.9247,19614.8983,19862.861,19862.861
Southern Europe,Forestland,Emissions (CO2),kilotonnes,-93387.6459,-111445.8082,-111445.8082,-111445.8082,-111445.8082,-111445.8082,-111445.8082,-111445.8082,-111445.8082,-111445.8082,-111445.8082,-61390.5379,-61390.5379,-61390.5379,-61390.5379,-61390.5379,-43395.7774,-43395.7774,-43395.7774,-43395.7774,-43395.7774
Southern Europe,Forestland,Emissions (CO2eq) (AR5),kilotonnes,-93387.6459,-111445.8082,-111445.8082,-111445.8082,-111445.8082,-111445.8082,-111445.8082,-111445.8082,-111445.8082,-111445.8082,-111445.8082,-61390.5379,-61390.5379,-61390.5379,-61390.5379,-61390.5379,-43395.7774,-43395.7774,-43395.7774,-43395.7774,-43395.7774
Southern Europe,Net Forest conversion,Emissions (CO2),kilotonnes,3418.2115,917.558,917.558,917.558,917.558,917.558,917.558,917.558,917.558,917.558,917.558,4633.8448,4633.8448,4633.8448,4633.8448,4633.8448,9059.8131,9059.8131,9059.8131,9059.8131,9059.8131
Southern Europe,Net Forest conversion,Emissions (CO2eq) (AR5),kilotonnes,3418.2115,917.558,917.558,917.558,917.558,917.558,917.558,917.558,917.558,917.558,917.558,4633.8448,4633.8448,4633.8448,4633.8448,4633.8448,9059.8131,9059.8131,9059.8131,9059.8131,9059.8131
Southern Europe,Savanna fires,Emissions (CH4),kilotonnes,4.0606,1.8668,1.4802,5.6358,2.0234,4.3298,1.8102,6.5485,1.0666,2.0038,1.5098,2.4288,4.9144,1.8208,0.5256,1.4121,1.9559,6.9081,0.6049,1.151,1.3375
Southern Europe,Savanna fires,Emissions (N2O),kilotonnes,0.3708,0.1704,0.1351,0.5146,0.1847,0.3953,0.1653,0.5979,0.0974,0.183,0.1379,0.2218,0.4487,0.1662,0.048,0.1289,0.1786,0.6307,0.0552,0.1051,0.1221
Southern Europe,Savanna fires,Emissions (CO2eq) from CH4 (AR5),kilotonnes,113.6981,52.2704,41.4446,157.8019,56.6539,121.2349,50.6845,183.3574,29.8643,56.1061,42.2741,68.0053,137.6036,50.9811,14.7157,39.54,54.7655,193.4256,16.9385,32.2278,37.4495
Southern Europe,Savanna fires,Emissions (CO2eq) from N2O (AR5),kilotonnes,98.2509,45.1684,35.8135,136.3614,48.9564,104.7627,43.798,158.4447,25.8067,48.483,36.5303,58.7655,118.9074,44.0543,12.7163,34.1677,47.3245,167.145,14.6371,27.8491,32.3613
Southern Europe,Savanna fires,Emissions (CO2eq) (AR5),kilotonnes,211.949,97.4388,77.2581,294.1633,105.6103,225.9976,94.4825,341.8021,55.671,104.5892,78.8044,126.7708,256.511,95.0354,27.4319,73.7078,102.09,360.5706,31.5756,60.0769,69.8108
Southern Europe,Fires in organic soils,Emissions (CH4),kilotonnes,0,0,0,0,0,0,0,0,0,0,0,0,0,0,0,0,0,0,0,0,0
Southern Europe,Fires in organic soils,Emissions (CO2),kilotonnes,0,0,0,0,0,0,0,0,0,0,0,0,0,0,0,0,0,0,0,0,0
Southern Europe,Fires in organic soils,Emissions (CO2eq) from CH4 (AR5),kilotonnes,0,0,0,0,0,0,0,0,0,0,0,0,0,0,0,0,0,0,0,0,0
Southern Europe,Fires in organic soils,Emissions (CO2eq) (AR5),kilotonnes,0,0,0,0,0,0,0,0,0,0,0,0,0,0,0,0,0,0,0,0,0
Southern Europe,Forest fires,Emissions (CH4),kilotonnes,16.7081,0.3813,0.8175,3.6892,0.9023,3.4734,2.0013,3.6235,0.7252,0.73,0.5657,2.2161,2.5242,0.7326,0.4287,1.0543,3.4403,13.0886,0.8742,1.4451,3.6101
Southern Europe,Forest fires,Emissions (N2O),kilotonnes,0.9243,0.0348,0.0746,0.3368,0.0824,0.3171,0.1827,0.3308,0.0662,0.0667,0.0516,0.2023,0.2305,0.0669,0.0391,0.0963,0.3141,1.195,0.0798,0.1319,0.3296
Southern Europe,Forest fires,Emissions (CO2eq) from CH4 (AR5),kilotonnes,467.8282,10.6754,22.8888,103.2962,25.2649,97.255,56.0367,101.4585,20.3047,20.4398,15.8389,62.0518,70.6784,20.5134,12.0031,29.5197,96.328,366.4816,24.4785,40.4641,101.0824
Southern Europe,Forest fires,Emissions (CO2eq) from N2O (AR5),kilotonnes,244.9345,9.2249,19.7789,89.2614,21.8321,84.041,48.423,87.6734,17.5459,17.6627,13.6869,53.6208,61.0753,17.7263,10.3723,25.5089,83.24,316.6879,21.1526,34.9663,87.3484
Southern Europe,Forest fires,Emissions (CO2eq) (AR5),kilotonnes,712.7626,19.9003,42.6677,192.5576,47.097,181.296,104.4598,189.1319,37.8507,38.1025,29.5258,115.6726,131.7537,38.2397,22.3754,55.0286,179.5679,683.1695,45.6311,75.4305,188.4308
Southern Europe,Fires in humid tropical forests,Emissions (CH4),kilotonnes,0,0,0,0,0,0,0,0,0,0,0,0,0,0,0,0,0,0,0,0,0
Southern Europe,Fires in humid tropical forests,Emissions (N2O),kilotonnes,0,0,0,0,0,0,0,0,0,0,0,0,0,0,0,0,0,0,0,0,0
Southern Europe,Fires in humid tropical forests,Emissions (CO2eq) from CH4 (AR5),kilotonnes,0,0,0,0,0,0,0,0,0,0,0,0,0,0,0,0,0,0,0,0,0
Southern Europe,Fires in humid tropical forests,Emissions (CO2eq) from N2O (AR5),kilotonnes,0,0,0,0,0,0,0,0,0,0,0,0,0,0,0,0,0,0,0,0,0
Southern Europe,Fires in humid tropical forests,Emissions (CO2eq) (AR5),kilotonnes,0,0,0,0,0,0,0,0,0,0,0,0,0,0,0,0,0,0,0,0,0
Southern Europe,Waste - agri-food systems,Emissions (CH4),kilotonnes,1584.0884,1607.7637,1574.7347,1785.1356,1653.7342,1311.0099,1306.1145,1304.4551,1225.3122,1207.9815,1197.3942,1178.2123,1155.9478,1142.5057,1113.1288,1070.6627,1066.6584,1063.151,1061.7442,1058.4296,1055.2491
Southern Europe,Waste - agri-food systems,Emissions (N2O),kilotonnes,7.4367,7.4763,7.5558,7.9351,8.1037,7.6067,7.7118,7.7968,7.7808,7.8461,7.8426,7.7796,7.7383,7.7661,7.6348,7.6381,7.8846,8.1116,8.3025,8.4678,8.6461
Southern Europe,Waste - agri-food systems,Emissions (CO2),kilotonnes,1393.562,1396.6763,1402.7103,1415.0774,1423.2605,1425.8583,1429.9468,1438.1001,1443.8665,1439.1534,1436.8094,1439.4885,1433.7494,1435.2688,1435.6472,1427.3468,1428.618,1431.5285,1435.7211,1434.4428,1431.1118
Southern Europe,Waste - agri-food systems,Emissions (CO2eq) from CH4 (AR5),kilotonnes,44354.4749,45017.3847,44092.5708,49983.7967,46304.557,36708.2763,36571.2069,36524.7426,34308.7405,33823.4828,33527.0369,32989.9436,32366.5372,31990.1597,31167.6069,29978.5559,29866.4358,29768.2285,29728.8366,29636.0288,29546.976
Southern Europe,Waste - agri-food systems,Emissions (CO2eq) from N2O (AR5),kilotonnes,1970.7315,1981.2304,2002.2817,2102.7987,2147.4899,2015.7679,2043.6387,2066.1557,2061.8988,2079.2277,2078.2942,2061.5977,2050.6529,2058.0096,2023.2222,2024.0999,2089.4094,2149.561,2200.1499,2243.9638,2291.2189
Southern Europe,Waste - agri-food systems,Emissions (CO2eq) (AR5),kilotonnes,47718.7684,48395.2914,47497.5628,53501.6728,49875.3074,40149.9025,40044.7925,40028.9984,37814.5058,37341.8639,37042.1405,36491.0298,35850.9395,35483.438,34626.4762,33430.0026,33384.4633,33349.318,33364.7077,33314.4353,33269.3066
Southern Europe,Fertilizers Manufacturing,Emissions (N2O),kilotonnes,0.9516,0.9728,1.0312,1.0838,1.0123,1.05,1.0674,1.0546,1.2047,1.0816,1.2726,1.3445,1.3737,1.4921,1.4092,1.3229,1.3357,1.2121,1.2391,1.2127,1.1382
Southern Europe,Fertilizers Manufacturing,Emissions (CO2),kilotonnes,5055.5706,5149.6025,5306.7374,5595.5087,5450.4876,5678.0294,6070.9187,5388.8182,5950.7295,5490.4052,6177.5257,5804.3903,6018.4598,6881.9312,6801.1083,6464.1448,6552.5878,6812.0111,6021.521,6227.5275,5408.2547
Southern Europe,Fertilizers Manufacturing,Emissions (CO2eq) from N2O (AR5),kilotonnes,252.1861,257.8012,273.2747,287.2014,268.2635,278.2563,282.8667,279.4719,319.2478,286.624,337.239,356.2925,364.0305,395.4065,373.438,350.5685,353.9605,321.2065,328.3615,321.3655,301.6143
Southern Europe,Fertilizers Manufacturing,Emissions (CO2eq) (AR5),kilotonnes,5307.7567,5407.4038,5580.0121,5882.7101,5718.7511,5956.2857,6353.7854,5668.2901,6269.9773,5777.0292,6514.7647,6160.6828,6382.4903,7277.3377,7174.5463,6814.7133,6906.5483,7133.2176,6349.8825,6548.893,5709.869
Southern Europe,On-farm electricity use,Emissions (CH4),kilotonnes,16.8413,17.2704,16.4849,17.1993,17.4332,17.9781,18.4628,18.9029,19.1961,18.3201,17.0773,16.9324,17.1785,17.3601,17.1696,18.2702,18.5166,19.3927,17.8927,18.0373,18.0373
Southern Europe,On-farm electricity use,Emissions (N2O),kilotonnes,0.0898,0.0922,0.0879,0.0917,0.093,0.0961,0.0985,0.1009,0.1025,0.0977,0.0911,0.0903,0.0919,0.0926,0.0916,0.0975,0.0988,0.1035,0.0954,0.0962,0.0962
Southern Europe,On-farm electricity use,Emissions (CO2),kilotonnes,7492.7342,7295.0762,7273.5659,7257.3574,7342.1239,7723.0554,7440.6893,7753.3459,7419.0017,6485.716,5880.5887,6039.7312,6123.9382,6785.9542,6517.417,6899.6447,7017.8837,7416.9522,6833.9415,6897.2463,6897.2463
Southern Europe,On-farm electricity use,Emissions (CO2eq) from CH4 (AR5),kilotonnes,471.5564,483.5712,461.5772,481.5804,488.1296,503.3868,516.9584,529.2812,537.4908,512.9628,478.1644,474.1072,480.998,486.0828,480.7488,511.5656,518.4648,542.9956,500.9956,505.0444,505.0444
Southern Europe,On-farm electricity use,Emissions (CO2eq) from N2O (AR5),kilotonnes,23.797,24.433,23.2935,24.3005,24.645,25.4665,26.1025,26.7385,27.1625,25.8905,24.1415,23.9295,24.3535,24.539,24.274,25.8375,26.182,27.4275,25.281,25.493,25.493
Southern Europe,On-farm electricity use,Emissions (CO2eq) (AR5),kilotonnes,7988.0876,7803.0804,7758.4366,7763.2383,7854.8985,8251.9087,7983.7502,8309.3656,7983.655,7024.5693,6382.8946,6537.7679,6629.2897,7296.576,7022.4398,7437.0478,7562.5305,7987.3753,7360.2181,7427.7837,7427.7837
Southern Europe,Food Processing,Emissions (CH4),kilotonnes,29.4688,29.9625,31.2068,33.3579,35.8031,37.2662,37.2859,38.7575,38.5987,37.3213,38.2703,38.4129,37.3846,36.8868,39.682,39.4815,39.457,38.999,38.8179,38.8387,36.8233
Southern Europe,Food Processing,Emissions (N2O),kilotonnes,0.217,0.2216,0.2335,0.2462,0.2536,0.2563,0.251,0.2669,0.2632,0.2468,0.2506,0.2431,0.2455,0.2397,0.2563,0.2543,0.2505,0.2473,0.2429,0.2433,0.2239
Southern Europe,Food Processing,Emissions (CO2),kilotonnes,25756.7602,26080.4735,28748.218,29131.8378,28449.0822,27574.1283,26027.0879,26759.135,25605.3063,23077.3362,22423.4596,22499.6648,22823.4535,23859.8969,24647.1493,24391.8842,24285.6186,24860.1589,24012.1484,24053.4842,20520.0027
Southern Europe,Food Processing,Emissions (CO2eq) from CH4 (AR5),kilotonnes,825.1264,838.95,873.7904,934.0212,1002.4868,1043.4536,1044.0052,1085.21,1080.7636,1044.9964,1071.5684,1075.5612,1046.7688,1032.8304,1111.096,1105.482,1104.796,1091.972,1086.9012,1087.4836,1031.0516
Southern Europe,Food Processing,Emissions (CO2eq) from N2O (AR5),kilotonnes,57.505,58.724,61.8775,65.243,67.204,67.9195,66.515,70.7285,69.748,65.402,66.409,64.4215,65.0575,63.5205,67.9195,67.3895,66.3825,65.5345,64.3685,64.4745,59.3413
Southern Europe,Food Processing,Emissions (CO2eq) (AR5),kilotonnes,26639.3916,26978.1475,29683.8859,30131.102,29518.773,28685.5014,27137.6081,27915.0735,26755.8179,24187.7346,23561.437,23639.6475,23935.2798,24956.2478,25826.1648,25564.7557,25456.7971,26017.6654,25163.4181,25205.4423,21610.3957
Southern Europe,Food Packaging,Emissions (CH4),kilotonnes,19.185,20.6052,20.6635,20.7222,22.8522,23.0638,22.8514,25.3667,23.9761,21.7936,21.3127,20.5536,19.1766,16.6808,17.4716,18.1011,17.9024,18.2526,17.7739,21.2726,20.4124
Southern Europe,Food Packaging,Emissions (N2O),kilotonnes,0.134,0.1415,0.1397,0.1406,0.149,0.1493,0.1476,0.1625,0.1535,0.1367,0.1346,0.1306,0.1215,0.1057,0.1101,0.1147,0.1126,0.115,0.1166,0.1307,0.1205
Southern Europe,Food Packaging,Emissions (CO2),kilotonnes,16816.2579,16985.9213,17256.8965,17449.3818,17151.5176,17243.6435,16231.8128,17646.9744,16186.2071,13457.1693,13210.4076,12882.049,11734.0578,11408.8534,11656.5459,11855.1175,11681.9052,12138.0744,12520.4493,13180.2322,11265.0018
Southern Europe,Food Packaging,Emissions (CO2eq) from CH4 (AR5),kilotonnes,537.18,576.9456,578.578,580.2216,639.8616,645.7864,639.8392,710.2676,671.3308,610.2208,596.7556,575.5008,536.9448,467.0624,489.2048,506.8308,501.2672,511.0728,497.6692,595.6328,571.5486
Southern Europe,Food Packaging,Emissions (CO2eq) from N2O (AR5),kilotonnes,35.51,37.4975,37.0205,37.259,39.485,39.5645,39.114,43.0625,40.6775,36.2255,35.669,34.609,32.1975,28.0105,29.1765,30.3955,29.839,30.475,30.899,34.6355,31.9339
Southern Europe,Food Packaging,Emissions (CO2eq) (AR5),kilotonnes,17388.9479,17600.3644,17872.495,18066.8624,17830.8642,17928.9944,16910.766,18400.3045,16898.2154,14103.6156,13842.8322,13492.1588,12303.2001,11903.9263,12174.9272,12392.3438,12213.0114,12679.6222,13049.0175,13810.5005,11868.4843
Southern Europe,Food Retail,Emissions (CH4),kilotonnes,25.6994,26.8916,28.374,30.3071,31.8104,33.6872,37.0485,37.8632,39.5747,40.1283,40.74,40.7946,41.4103,40.556,40.1653,41.828,41.8524,42.81,43.4709,47.7052,45.4652
Southern Europe,Food Retail,Emissions (N2O),kilotonnes,0.1515,0.16,0.1677,0.1789,0.187,0.1993,0.2167,0.2197,0.2308,0.2334,0.2364,0.2356,0.2375,0.2322,0.2275,0.2373,0.2386,0.2432,0.2469,0.2717,0.2497
Southern Europe,Food Retail,Emissions (CO2),kilotonnes,15624.0454,16025.3603,17174.6242,17836.0773,18344.5059,19955.458,20908.0725,20885.6167,21418.481,20348.1019,19505.4177,19511.2736,19426.412,20762.1655,19872.8291,21171.1474,21497.3079,21739.318,22291.3495,23520.871,20074.8492
Southern Europe,Food Retail,Emissions (CO2eq) from F-gases (AR5),kilotonnes,14182.8695,16800.63,19174.745,21660.5525,24000.3805,27247.2555,29798.52,32350.304,32719.149,32885.389,32951.3655,32970.587,32966.431,32958.119,32958.119,32958.119,22883.975,23285.5485,23686.6025,24087.6565,21690.1787
Southern Europe,Food Retail,Emissions (CO2eq) from CH4 (AR5),kilotonnes,719.5832,752.9648,794.472,848.5988,890.6906,943.2418,1037.3569,1060.1703,1108.0914,1123.5926,1140.7189,1142.2499,1159.4882,1135.5684,1124.6284,1171.1827,1171.8666,1198.6813,1217.1852,1335.7456,1273.0246
Southern Europe,Food Retail,Emissions (CO2eq) from N2O (AR5),kilotonnes,40.1596,42.4,44.4405,47.4085,49.5544,52.8151,57.4255,58.2224,61.1639,61.8513,62.646,62.4403,62.9441,61.538,60.2922,62.8886,63.2324,64.4555,65.4285,72.0005,66.1673
Southern Europe,Food Retail,Emissions (CO2eq) (AR5),kilotonnes,30566.6578,33621.3551,37188.2817,40392.6371,43285.1314,48198.7704,51801.3749,54354.3134,55306.8854,54418.9349,53660.1481,53686.5508,53615.2753,54917.3909,54015.8687,55363.3377,45616.3819,46288.0032,47260.5657,49016.2736,43104.2198
Southern Europe,Food Household Consumption,Emissions (CH4),kilotonnes,25.9541,27.2908,28.366,29.5755,30.6783,31.6874,35.5262,36.4422,36.912,37.2672,38.009,37.9217,37.7034,36.1741,35.2064,35.471,35.5953,36.2816,36.0161,36.0071,33.9553
Southern Europe,Food Household Consumption,Emissions (N2O),kilotonnes,0.177,0.1868,0.191,0.1995,0.2067,0.2133,0.2273,0.2289,0.2319,0.232,0.2357,0.2351,0.2321,0.2176,0.2102,0.2155,0.2144,0.2169,0.2147,0.2146,0.1969
Southern Europe,Food Household Consumption,Emissions (CO2),kilotonnes,21610.5114,22283.6014,23137.7864,24024.1201,24716.0484,25452.1316,26384.0516,26062.7062,25230.7929,24340.1806,24066.9945,24657.1662,24007.0719,23586.2859,22136.4236,23358.2191,23574.092,23430.5586,22754.7832,22755.8247,19446.4184
Southern Europe,Food Household Consumption,Emissions (CO2eq) from CH4 (AR5),kilotonnes,726.7148,764.1424,794.248,828.114,858.9924,887.2472,994.7336,1020.3816,1033.536,1043.4816,1064.252,1061.8076,1055.6952,1012.8748,985.7792,993.188,996.6684,1015.8848,1008.4508,1008.1988,950.7487
Southern Europe,Food Household Consumption,Emissions (CO2eq) from N2O (AR5),kilotonnes,46.905,49.502,50.615,52.8675,54.7755,56.5245,60.2345,60.6585,61.4535,61.48,62.4605,62.3015,61.5065,57.664,55.703,57.1075,56.816,57.4785,56.8955,56.869,52.1783
Southern Europe,Food Household Consumption,Emissions (CO2eq) (AR5),kilotonnes,22384.1312,23097.2458,23982.6494,24905.1016,25629.8163,26395.9033,27439.0197,27143.7463,26325.7824,25445.1422,25193.707,25781.2753,25124.2736,24656.8247,23177.9058,24408.5146,24627.5764,24503.9219,23820.1295,23820.8925,20449.3454
Southern Europe,Food Transport,Emissions (CH4),kilotonnes,6.5068,6.2294,5.872,5.4795,5.0088,4.546,4.2991,4.0474,3.7276,3.5088,3.293,3.1807,2.9783,2.9889,2.9651,3.0241,2.9471,2.9035,2.8713,1.9694,1.8968
Southern Europe,Food Transport,Emissions (N2O),kilotonnes,1.1785,1.1917,1.2019,1.2253,1.2359,1.2262,1.2192,1.24,1.1719,1.0925,1.0576,1.0009,0.9487,0.8529,0.8855,0.8938,0.8994,0.8916,0.9038,1.0068,0.9226
Southern Europe,Food Transport,Emissions (CO2),kilotonnes,28169.1759,28896.5653,29475.6619,30276.7069,31046.1529,31113.1298,31629.7306,32199.3543,30728.4017,29340.6272,28330.6008,27588.6972,25403.4845,25009.2811,25815.7206,25812.7041,25966.98,25543.3897,25761.1565,28665.5233,24335.1786
Southern Europe,Food Transport,Emissions (CO2eq) from CH4 (AR5),kilotonnes,182.1904,174.4232,164.416,153.426,140.2464,127.288,120.3748,113.3272,104.3728,98.2464,92.204,89.0596,83.3924,83.6892,83.0228,84.6748,82.5188,81.298,80.3964,55.1432,53.1104
Southern Europe,Food Transport,Emissions (CO2eq) from N2O (AR5),kilotonnes,312.3025,315.8005,318.5035,324.7045,327.5135,324.943,323.088,328.6,310.5535,289.5125,280.264,265.2385,251.4055,226.0185,234.6575,236.857,238.341,236.274,239.507,266.802,244.479
Southern Europe,Food Transport,Emissions (CO2eq) (AR5),kilotonnes,28663.6688,29386.789,29958.5814,30754.8374,31513.9128,31565.3608,32073.1934,32641.2815,31143.328,29728.3861,28703.0688,27942.9953,25738.2824,25318.9888,26133.4009,26134.2359,26287.8398,25860.9617,26081.0599,28987.4685,24632.7681
Southern Europe,Energy,Emissions (CH4),kilotonnes,931.2889,931.4839,945.561,966.3252,941.6318,951.863,962.6861,988.2163,998.3885,986.2513,973.9443,943.9108,952.6472,936.5351,935.252,969.6854,948.5225,960.925,958.8251,903.8021,879.5291
Southern Europe,Energy,Emissions (N2O),kilotonnes,24.8264,24.6881,25.2512,26.3568,27.9093,28.2049,27.7197,28.2899,27.14,25.7412,24.918,24.3587,23.8333,22.8582,22.4105,23.2329,23.1437,23.2671,23.0454,22.6731,20.9717
Southern Europe,Energy,Emissions (CO2),kilotonnes,963371.88,971114.86,996904.95,1021116.21,1049285.27,1059462.26,1049601.16,1048694.02,1013228.82,921464.18,898699.26,898492.14,859125.92,794345.5,753578.24,788388.39,777740.31,791905.21,800011.2,772478.73,658903.55
Southern Europe,Energy,Emissions (CO2eq) from CH4 (AR5),kilotonnes,26076.0898,26081.5492,26475.7077,27057.1056,26365.6918,26652.1648,26955.21,27670.057,27954.8769,27615.0356,27270.4393,26429.5035,26674.1208,26222.9839,26187.0554,27151.1926,26558.6294,26905.9008,26847.102,25306.458,24626.8137
Southern Europe,Energy,Emissions (CO2eq) from N2O (AR5),kilotonnes,6579.0021,6542.3348,6691.5757,6984.5536,7395.9618,7474.2905,7345.7284,7496.8314,7192.0966,6821.423,6603.2793,6455.0637,6315.8176,6057.423,5938.782,6156.7212,6133.0686,6165.7767,6107.0371,6008.3604,5557.5074
Southern Europe,Energy,Emissions (CO2eq) (AR5),kilotonnes,996026.9719,1003738.744,1030072.233,1055157.869,1083046.924,1093588.715,1083902.098,1083860.908,1048375.793,955900.6386,932572.9786,931376.7072,892115.8584,826625.9069,785704.0774,821696.3037,810432.008,824976.8876,832965.3391,803793.5483,689087.8711
Southern Europe,IPPU,Emissions (CH4),kilotonnes,3.204,3.2823,3.1303,3.4567,3.7317,3.924,3.7934,3.9908,3.7787,2.8636,3.309,3.3678,3.2235,3.153,3.1472,3.204,3.0997,3.386,3.3203,3.1279,2.7682
Southern Europe,IPPU,Emissions (N2O),kilotonnes,46.9832,45.802,44.6389,44.6286,42.2885,41.2768,21.0927,20.2375,16.815,15.364,16.4483,15.4888,15.1086,15.3157,15.4866,15.9448,15.5451,15.576,15.7846,15.85,16.6212
Southern Europe,IPPU,Emissions (CO2),kilotonnes,74358.646,75414.87,75615.078,78977.309,82687.242,84773.746,84799.148,86284.543,80264.407,66043.223,68265.136,63442.325,58683.678,56863.132,57837.015,57810.618,56604.106,58396.01,59114.406,58076.465,54926.303
Southern Europe,IPPU,Emissions (CO2eq) from F-gases (AR5),kilotonnes,25434.6908,25422.7188,29000.4335,30077.0657,31914.7138,33918.3299,35981.636,39031.0242,41975.0063,49615.5977,57751.7247,59919.5877,62613.9707,66279.5242,68819.0386,67851.277,71098.2093,73519.2474,75986.5401,78206.425,79257.192
Southern Europe,IPPU,Emissions (CO2eq) from CH4 (AR5),kilotonnes,89.7118,91.9054,87.6485,96.7875,104.4869,109.8715,106.2152,111.7437,105.8048,80.1798,92.6517,94.2974,90.2566,88.283,88.1203,89.7123,86.7916,94.8089,92.9691,87.5811,77.5097
Southern Europe,IPPU,Emissions (CO2eq) from N2O (AR5),kilotonnes,12450.5533,12137.5189,11829.3,11826.5753,11206.4634,10938.356,5589.5673,5362.9488,4455.9638,4071.4633,4358.7937,4104.523,4003.7779,4058.6567,4103.9479,4225.3652,4119.4502,4127.6386,4182.9282,4200.2568,4404.6243
Southern Europe,IPPU,Emissions (CO2eq) (AR5),kilotonnes,112333.6019,113067.0131,116532.4601,120977.7374,125912.9061,129740.3034,126476.5666,130790.2597,126801.1818,119810.4638,130468.3061,127560.7331,125391.6832,127289.5959,130848.1218,129976.9724,131908.5571,136137.7049,139376.8434,140570.7279,138665.6289
Southern Europe,Waste,Emissions (CH4),kilotonnes,2271.9171,2242.7808,2249.2714,2209.5749,2140.977,2154.0968,2165.0013,2152.0829,2107.7922,2164.2021,2103.3099,2047.2911,1978.108,1893.6986,1837.397,1813.2174,1820.4403,1832.4613,1836.8403,1804.6403,1818.031
Southern Europe,Waste,Emissions (N2O),kilotonnes,12.7559,13.2843,13.3182,14.1804,14.0755,14.0524,14.6199,14.8297,14.8952,15.2326,15.4824,15.4891,14.6436,15.4934,14.5142,14.8367,14.8173,14.7734,14.8075,14.268,14.5457
Southern Europe,Waste,Emissions (CO2),kilotonnes,3414.3031,3871.827,3249.3473,4269.0291,3526.9423,3118.6717,3711.3435,3709.1224,3509.8305,3928.8264,4017.072,4163.9749,2924.1758,4728.2058,3230.9573,4034.9937,4005.545,3784.3607,3774.1016,3994.5815,4022.2554
Southern Europe,Waste,Emissions (CO2eq) from CH4 (AR5),kilotonnes,63613.6788,62797.8624,62979.5992,61868.0972,59947.356,60314.7104,60620.0364,60258.3212,59018.1816,60597.6588,58892.6775,57324.1508,55387.0237,53023.5611,51447.1152,50770.0861,50972.3292,51308.9156,51431.5287,50529.9298,50904.8674
Southern Europe,Waste,Emissions (CO2eq) from N2O (AR5),kilotonnes,3380.3174,3520.3517,3529.3172,3757.811,3730.0019,3723.8778,3874.2734,3929.8756,3947.225,4036.6388,4102.8441,4104.6196,3880.5541,4105.7403,3846.2655,3931.7223,3926.5971,3914.95,3923.9999,3781.0088,3854.6072
Southern Europe,Waste,Emissions (CO2eq) (AR5),kilotonnes,70408.2993,70190.0411,69758.2637,69894.9373,67204.3001,67157.2599,68205.6533,67897.3192,66475.2371,68563.1241,67012.5936,65592.7453,62191.7537,61857.5072,58524.338,58736.8021,58904.4714,59008.2263,59129.6302,58305.5201,58781.7301
Southern Europe,Other,Emissions (CH4),kilotonnes,0,0,0,0,0,0,0,0,0,0,0,0,0,0,0,0,0,0,0,0,0
Southern Europe,Other,Emissions (N2O),kilotonnes,18.6376,18.5153,18.7973,18.652,18.3577,17.9556,17.351,16.8726,16.1522,14.9948,14.2307,13.6447,12.8637,11.9704,11.3656,11.5965,11.4955,11.4085,11.0967,9.4509,8.873
Southern Europe,Other,Emissions (CO2),kilotonnes,0,0,0,0,0,0,0,0,0,0,0,0,0,0,0,0,0,0,0,0,0
Southern Europe,Other,Emissions (CO2eq) from CH4 (AR5),kilotonnes,0,0,0,0,0,0,0,0,0,0,0,0,0,0,0,0,0,0,0,0,0
Southern Europe,Other,Emissions (CO2eq) from N2O (AR5),kilotonnes,4938.9563,4906.5646,4981.2786,4942.7765,4864.7801,4758.2382,4598.0104,4471.2358,4280.3368,3973.6213,3771.1262,3615.8356,3408.8752,3172.15,3011.8908,3073.0767,3046.2953,3023.2581,2940.6124,2504.4787,2351.3477
Southern Europe,Other,Emissions (CO2eq) (AR5),kilotonnes,4938.9563,4906.5646,4981.2786,4942.7765,4864.7801,4758.2382,4598.0104,4471.2358,4280.3368,3973.6213,3771.1262,3615.8356,3408.8752,3172.15,3011.8908,3073.0767,3046.2953,3023.2581,2940.6124,2504.4787,2351.3477
Southern Europe,Farm-gate emissions,Emissions (CH4),kilotonnes,2860.6405,2742.5678,2788.2549,2771.8191,2788.2373,2720.7282,2707.6984,2721.9538,2650.5853,2649.494,2626.2925,2567.6816,2548.8034,2501.8492,2527.2572,2568.4496,2583.8505,2601.2902,2603.3097,2598.6839,2613.5144
Southern Europe,Farm-gate emissions,Direct emissions (N2O),kilotonnes,100.1281,95.9431,98.0099,98.3644,101.9442,94.2871,95.435,98.6493,91.4574,86.4713,87.5825,86.4169,87.4206,90.0201,89.9292,89.6581,89.8054,89.3526,88.2619,88.8917,91.5768
Southern Europe,Farm-gate emissions,Indirect emissions (N2O),kilotonnes,33.7817,32.3964,33.007,33.2601,34.1787,31.8948,32.2338,33.2301,30.7486,29.2925,29.6014,29.1172,29.512,30.1924,30.2131,30.2197,30.1312,30.2311,29.6373,29.9088,30.6496
Southern Europe,Farm-gate emissions,Emissions (N2O),kilotonnes,162.5351,155.9723,158.9067,160.0202,164.7001,154.4524,155.1669,159.7988,149.0043,142.2897,143.2324,140.9215,142.1124,145.0392,144.9315,145.2645,145.7332,145.9967,144.207,145.3143,148.8894
Southern Europe,Farm-gate emissions,Emissions (CO2),kilotonnes,25359.4924,24617.993,24545.9687,26184.181,27428.1611,26671.6409,25307.1552,25202.4329,23405.1718,21706.3865,21163.8379,20973.9046,20236.8598,20428.9156,20004.0148,19333.7484,19948.6263,20041.0214,20972.4029,21153.3425,21151.7018
Southern Europe,Farm-gate emissions,Emissions (CO2eq) from CH4 (AR5),kilotonnes,80097.933,76791.8982,78071.1382,77610.9349,78070.6443,76180.3898,75815.5547,76214.7074,74216.3871,74185.8318,73536.1898,71895.0855,71366.4957,70051.7785,70763.2011,71916.5898,72347.8135,72836.1265,72892.6716,72763.1498,73178.4035
Southern Europe,Farm-gate emissions,Emissions (CO2eq) from N2O (AR5),kilotonnes,43071.795,41332.6567,42110.2759,42405.3454,43645.5156,40929.875,41119.2167,42346.6768,39486.1375,37706.7795,37956.5912,37344.2043,37659.787,38435.4001,38406.8522,38495.0951,38619.3111,38689.1307,38214.8427,38508.2892,39455.6881
Southern Europe,Farm-gate emissions,Emissions (CO2eq) (AR5),kilotonnes,148529.2204,142742.548,144727.3829,146200.4614,149144.3209,143781.9057,142241.9265,143763.8171,137107.6963,133598.9979,132656.6189,130213.1944,129263.1424,128916.0942,129174.0682,129745.4333,130915.7509,131566.2786,132079.9171,132424.7816,133785.7935
Southern Europe,Land Use change,Emissions (CH4),kilotonnes,0,0,0,0,0,0,0,0,0,0,0,0,0,0,0,0,0,0,0,0,0
Southern Europe,Land Use change,Emissions (N2O),kilotonnes,0,0,0,0,0,0,0,0,0,0,0,0,0,0,0,0,0,0,0,0,0
Southern Europe,Land Use change,Emissions (CO2),kilotonnes,3418.2115,917.558,917.558,917.558,917.558,917.558,917.558,917.558,917.558,917.558,917.558,4633.8448,4633.8448,4633.8448,4633.8448,4633.8448,9059.8131,9059.8131,9059.8131,9059.8131,9059.8131
Southern Europe,Land Use change,Emissions (CO2eq) from CH4 (AR5),kilotonnes,0,0,0,0,0,0,0,0,0,0,0,0,0,0,0,0,0,0,0,0,0
Southern Europe,Land Use change,Emissions (CO2eq) from N2O (AR5),kilotonnes,0,0,0,0,0,0,0,0,0,0,0,0,0,0,0,0,0,0,0,0,0
Southern Europe,Land Use change,Emissions (CO2eq) (AR5),kilotonnes,3418.2115,917.558,917.558,917.558,917.558,917.558,917.558,917.558,917.558,917.558,917.558,4633.8448,4633.8448,4633.8448,4633.8448,4633.8448,9059.8131,9059.8131,9059.8131,9059.8131,9059.8131
Southern Europe,Emissions on agricultural land,Emissions (CH4),kilotonnes,2860.6405,2742.5678,2788.2549,2771.8191,2788.2373,2720.7282,2707.6984,2721.9538,2650.5853,2649.494,2626.2925,2567.6816,2548.8034,2501.8492,2527.2572,2568.4496,2583.8505,2601.2902,2603.3097,2598.6839,2613.5144
Southern Europe,Emissions on agricultural land,Emissions (N2O),kilotonnes,162.5351,155.9723,158.9067,160.0202,164.7001,154.4524,155.1669,159.7988,149.0043,142.2897,143.2324,140.9215,142.1124,145.0392,144.9315,145.2645,145.7332,145.9967,144.207,145.3143,148.8894
Southern Europe,Emissions on agricultural land,Emissions (CO2),kilotonnes,28777.7038,25535.5511,25463.5268,27101.7391,28345.7191,27589.1989,26224.7132,26119.9909,24322.7298,22623.9445,22081.3959,25607.7494,24870.7046,25062.7605,24637.8596,23967.5933,29008.4394,29100.8344,30032.2159,30213.1556,30211.5149
Southern Europe,Emissions on agricultural land,Emissions (CO2eq) from CH4 (AR5),kilotonnes,80097.933,76791.8982,78071.1382,77610.9349,78070.6443,76180.3898,75815.5547,76214.7074,74216.3871,74185.8318,73536.1898,71895.0855,71366.4957,70051.7785,70763.2011,71916.5898,72347.8135,72836.1265,72892.6716,72763.1498,73178.4035
Southern Europe,Emissions on agricultural land,Emissions (CO2eq) from N2O (AR5),kilotonnes,43071.795,41332.6567,42110.2759,42405.3454,43645.5156,40929.875,41119.2167,42346.6768,39486.1375,37706.7795,37956.5912,37344.2043,37659.787,38435.4001,38406.8522,38495.0951,38619.3111,38689.1307,38214.8427,38508.2892,39455.6881
Southern Europe,Emissions on agricultural land,Emissions (CO2eq) (AR5),kilotonnes,151947.4318,143660.106,145644.9409,147118.0194,150061.879,144699.4637,143159.4845,144681.3751,138025.2544,134516.5559,133574.177,134847.0392,133896.9872,133549.9391,133807.913,134379.2781,139975.5639,140626.0917,141139.7302,141484.5947,142845.6065
Southern Europe,Pre- and post- production,Emissions (CH4),kilotonnes,1707.7438,1736.0136,1705.7019,1921.7771,1797.3202,1459.2386,1461.5884,1465.835,1387.2974,1366.3208,1356.0964,1336.0082,1311.7795,1293.1524,1265.7888,1226.8386,1222.9292,1221.7905,1218.587,1222.2599,1211.8394
Southern Europe,Pre- and post- production,Emissions (N2O),kilotonnes,10.3362,10.443,10.6087,11.1011,11.2412,10.7972,10.9396,11.0703,11.1393,10.9668,11.1212,11.0597,10.9892,10.9989,10.8252,10.7741,11.0346,11.1412,11.3619,11.6438,11.5941
Southern Europe,Pre- and post- production,Emissions (CO2),kilotonnes,121918.6176,124113.2768,129776.2006,132986.0674,133923.179,136165.4342,136122.3103,138134.0508,133982.7867,123978.6898,121031.804,120422.4609,116970.6271,119729.637,118882.841,121380.2086,122004.9932,123371.9914,121631.0706,126735.152,109378.0636
Southern Europe,Pre- and post- production,Emissions (CO2eq) from F-gases (AR5),kilotonnes,14182.8695,16800.63,19174.745,21660.5525,24000.3805,27247.2555,29798.52,32350.304,32719.149,32885.389,32951.3655,32970.587,32966.431,32958.119,32958.119,32958.119,22883.975,23285.5485,23686.6025,24087.6565,21690.1787
Southern Europe,Pre- and post- production,Emissions (CO2eq) from CH4 (AR5),kilotonnes,47816.8261,48608.3819,47759.6524,53809.7587,50324.9644,40858.6801,40924.475,41043.3805,38844.3259,38256.9834,37970.7002,37408.2299,36729.8246,36208.2677,35442.0869,34351.4798,34242.0177,34210.1329,34120.435,34223.2772,33931.5043
Southern Europe,Pre- and post- production,Emissions (CO2eq) from N2O (AR5),kilotonnes,2739.0967,2767.3887,2811.307,2941.7831,2978.9308,2861.2574,2898.9849,2933.638,2951.9055,2906.2135,2947.1232,2930.8305,2912.148,2914.7066,2868.6829,2855.144,2924.1629,2952.4125,3010.8909,3085.6038,3072.4261
Southern Europe,Pre- and post- production,Emissions (CO2eq) (AR5),kilotonnes,186657.4099,192289.6774,199521.905,211398.1618,211227.4547,207132.6271,209744.2901,214461.3734,208498.1672,198027.2757,194900.9929,193732.1083,189579.0308,191810.7302,190151.7297,191544.9514,182055.1487,183820.0854,182448.999,188131.6895,168072.1726
Southern Europe,Agri-food systems,Emissions (CH4),kilotonnes,4568.3843,4478.5814,4493.9568,4693.5962,4585.5575,4179.9668,4169.2868,4187.7889,4037.8826,4015.8148,3982.3889,3903.6898,3860.5829,3795.0016,3793.046,3795.2882,3806.7797,3823.0807,3821.8967,3820.9438,3825.3539
Southern Europe,Agri-food systems,Emissions (N2O),kilotonnes,172.8713,166.4153,169.5154,171.1212,175.9413,165.2496,166.1064,170.8691,160.1436,153.2566,154.3536,151.9813,153.1016,156.0381,155.7567,156.0386,156.7678,157.1379,155.5688,156.9581,160.4834
Southern Europe,Agri-food systems,Emissions (CO2),kilotonnes,150696.3214,149648.8279,155239.7274,160087.8065,162268.8981,163754.6332,162347.0235,164254.0418,158305.5165,146602.6344,143113.2,146030.2103,141841.3317,144792.3974,143520.7006,145347.8018,151013.4325,152472.8259,151663.2865,156948.3076,139589.5785
Southern Europe,Agri-food systems,Emissions (CO2eq) from F-gases (AR5),kilotonnes,14182.8695,16800.63,19174.745,21660.5525,24000.3805,27247.2555,29798.52,32350.304,32719.149,32885.389,32951.3655,32970.587,32966.431,32958.119,32958.119,32958.119,22883.975,23285.5485,23686.6025,24087.6565,21690.1787
Southern Europe,Agri-food systems,Emissions (CO2eq) from CH4 (AR5),kilotonnes,127914.7591,125400.2802,125830.7906,131420.6936,128395.6087,117039.0698,116740.0297,117258.0879,113060.713,112442.8152,111506.89,109303.3155,108096.3203,106260.0462,106205.288,106268.0696,106589.8312,107046.2595,107013.1066,106986.427,107109.9078
Southern Europe,Agri-food systems,Emissions (CO2eq) from N2O (AR5),kilotonnes,45810.8917,44100.0454,44921.5829,45347.1286,46624.4464,43791.1324,44018.2016,45280.3148,42438.043,40612.9931,40903.7144,40275.0348,40571.935,41350.1067,41275.5351,41350.239,41543.474,41641.5432,41225.7336,41593.893,42528.1142
Southern Europe,Agri-food systems,Emissions (CO2eq) (AR5),kilotonnes,338604.8417,335949.7835,345166.8459,358516.1812,361289.3337,351832.0909,352903.7747,359142.7485,346523.4215,332543.8316,328475.1699,328579.1475,323476.018,325360.6693,323959.6427,325924.2295,322030.7127,324446.1771,323588.7292,329616.2841,310917.7792
Southern Europe,IPCC Agriculture,Emissions (CH4),kilotonnes,2856.819,2738.6844,2784.7011,2768.1982,2784.6657,2717.5017,2704.8233,2718.4403,2647.4372,2647.3506,2623.7819,2565.0186,2546.4559,2499.6305,2525.1204,2566.6109,2581.9766,2599.4097,2601.2212,2596.6049,2611.4354
Southern Europe,IPCC Agriculture,Direct emissions (N2O),kilotonnes,100.1281,95.9431,98.0099,98.3644,101.9442,94.2871,95.435,98.6493,91.4574,86.4713,87.5825,86.4169,87.4206,90.0201,89.9292,89.6581,89.8054,89.3526,88.2619,88.8917,91.5768
Southern Europe,IPCC Agriculture,Indirect emissions (N2O),kilotonnes,33.7817,32.3964,33.007,33.2601,34.1787,31.8948,32.2338,33.2301,30.7486,29.2925,29.6014,29.1172,29.512,30.1924,30.2131,30.2197,30.1312,30.2311,29.6373,29.9088,30.6496
Southern Europe,IPCC Agriculture,Emissions (N2O),kilotonnes,155.0641,148.7336,151.6842,152.5057,156.8554,146.6663,147.8928,152.6545,142.2986,135.8549,137.109,135.1647,136.7308,139.5783,139.5939,139.6361,139.839,140.0524,137.99,138.9214,142.4965
Southern Europe,IPCC Agriculture,Emissions (CO2eq) from CH4 (AR5),kilotonnes,79990.9324,76683.1632,77971.6302,77509.5493,77970.6389,76090.0463,75735.0511,76116.3288,74128.2424,74125.8155,73465.8927,71820.5197,71300.7651,69989.6554,70703.3722,71865.1054,72295.3448,72783.4702,72834.1928,72704.9381,73120.1918
Southern Europe,IPCC Agriculture,Emissions (CO2eq) from N2O (AR5),kilotonnes,41091.9983,39414.405,40196.308,40414.0058,41566.6794,38866.5607,39191.586,40453.4414,37709.1247,36001.5578,36333.8749,35818.6552,36233.6663,36988.2406,36992.3957,37003.577,37057.3428,37113.8844,36567.3463,36814.1832,37761.582
Southern Europe,IPCC Agriculture,Emissions (CO2eq) (AR5),kilotonnes,121082.9307,116097.5682,118167.9382,117923.5551,119537.3182,114956.607,114926.6371,116569.7702,111837.367,110127.3733,109799.7677,107639.1748,107534.4314,106977.8959,107695.768,108868.6823,109352.6876,109897.3546,109401.5391,109519.1213,110881.7739
Southern Europe,Agricultural Soils,Direct emissions (N2O),kilotonnes,100.1281,95.9431,98.0099,98.3644,101.9442,94.2871,95.435,98.6493,91.4574,86.4713,87.5825,86.4169,87.4206,90.0201,89.9292,89.6581,89.8054,89.3526,88.2619,88.8917,91.5768
Southern Europe,Agricultural Soils,Indirect emissions (N2O),kilotonnes,33.7817,32.3964,33.007,33.2601,34.1787,31.8948,32.2338,33.2301,30.7486,29.2925,29.6014,29.1172,29.512,30.1924,30.2131,30.2197,30.1312,30.2311,29.6373,29.9088,30.6496
Southern Europe,Agricultural Soils,Emissions (N2O),kilotonnes,135.9507,130.3807,133.0766,133.6844,138.1832,128.2406,129.7248,133.9302,124.2569,117.8137,119.2329,117.5821,118.9791,122.2554,122.1822,121.9167,121.971,121.6116,119.9164,120.7986,124.2237
Southern Europe,Agricultural Soils,Emissions (CO2eq) from N2O (AR5),kilotonnes,36026.9465,34550.8892,35265.3037,35426.3773,36618.5352,33983.7581,34377.0682,35491.5077,32928.0723,31220.6184,31596.713,31159.2466,31529.4642,32397.6893,32378.2817,32307.9375,32322.3086,32227.0629,31777.8573,32011.6319,32919.2793
Southern Europe,Agricultural Soils,Emissions (CO2eq) (AR5),kilotonnes,36026.9465,34550.8892,35265.3037,35426.3773,36618.5352,33983.7581,34377.0682,35491.5077,32928.0723,31220.6184,31596.713,31159.2466,31529.4642,32397.6893,32378.2817,32307.9375,32322.3086,32227.0629,31777.8573,32011.6319,32919.2793
Southern Europe,LULUCF,Emissions (CH4),kilotonnes,16.7081,0.3813,0.8175,3.6892,0.9023,3.4734,2.0013,3.6235,0.7252,0.73,0.5657,2.2161,2.5242,0.7326,0.4287,1.0543,3.4403,13.0886,0.8742,1.4451,3.6101
Southern Europe,LULUCF,Emissions (N2O),kilotonnes,0.9243,0.0348,0.0746,0.3368,0.0824,0.3171,0.1827,0.3308,0.0662,0.0667,0.0516,0.2023,0.2305,0.0669,0.0391,0.0963,0.3141,1.195,0.0798,0.1319,0.3296
Southern Europe,LULUCF,Emissions (CO2),kilotonnes,-86877.3856,-107437.1798,-107405.0395,-107404.4786,-107401.2344,-107403.3332,-107406.9289,-107414.8905,-107413.3662,-107414.9358,-107416.0017,-53645.9449,-53647.8987,-53653.1616,-53657.6015,-53659.1294,-31245.7892,-31255.965,-31272.4846,-31293.1649,-31294.8057
Southern Europe,LULUCF,Emissions (CO2eq) from CH4 (AR5),kilotonnes,467.8282,10.6754,22.8888,103.2962,25.2649,97.255,56.0367,101.4585,20.3047,20.4398,15.8389,62.0518,70.6784,20.5134,12.0031,29.5197,96.328,366.4816,24.4785,40.4641,101.0824
Southern Europe,LULUCF,Emissions (CO2eq) from N2O (AR5),kilotonnes,244.9345,9.2249,19.7789,89.2614,21.8321,84.041,48.423,87.6734,17.5459,17.6627,13.6869,53.6208,61.0753,17.7263,10.3723,25.5089,83.24,316.6879,21.1526,34.9663,87.3484
Southern Europe,LULUCF,Emissions (CO2eq) (AR5),kilotonnes,-86164.623,-107417.2795,-107362.3718,-107211.9209,-107354.1375,-107222.0372,-107302.4692,-107225.7586,-107375.5155,-107376.8333,-107386.4759,-53530.2723,-53516.145,-53614.9219,-53635.2261,-53604.1008,-31066.2212,-30572.7954,-31226.8535,-31217.7345,-31106.3749
Southern Europe,AFOLU,Emissions (CH4),kilotonnes,2873.5272,2739.0657,2785.5185,2771.8873,2785.568,2720.975,2706.8246,2722.0638,2648.1624,2648.0805,2624.3476,2567.2347,2548.9801,2500.3632,2525.5491,2567.6652,2585.4169,2612.4983,2602.0954,2598.0501,2615.0455
Southern Europe,AFOLU,Emissions (N2O),kilotonnes,155.9884,148.7684,151.7588,152.8425,156.9378,146.9834,148.0755,152.9853,142.3648,135.9216,137.1606,135.3671,136.9613,139.6452,139.6331,139.7324,140.1531,141.2474,138.0698,139.0534,142.8262
Southern Europe,AFOLU,Emissions (CO2),kilotonnes,-86877.3856,-107437.1798,-107405.0395,-107404.4786,-107401.2344,-107403.3332,-107406.9289,-107414.8905,-107413.3662,-107414.9358,-107416.0017,-53645.9449,-53647.8987,-53653.1616,-53657.6015,-53659.1294,-31245.7892,-31255.965,-31272.4846,-31293.1649,-31294.8057
Southern Europe,AFOLU,Emissions (CO2eq) from CH4 (AR5),kilotonnes,80458.7606,76693.8386,77994.519,77612.8455,77995.9037,76187.3014,75791.0879,76217.7873,74148.5471,74146.2553,73481.7316,71882.5714,71371.4435,70010.1688,70715.3754,71894.6251,72391.6728,73149.9518,72858.6713,72745.4023,73221.2742
Southern Europe,AFOLU,Emissions (CO2eq) from N2O (AR5),kilotonnes,41336.9327,39423.6299,40216.0869,40503.2672,41588.5115,38950.6017,39240.009,40541.1148,37726.6706,36019.2204,36347.5618,35872.276,36294.7416,37005.9668,37002.768,37029.0859,37140.5827,37430.5723,36588.4989,36849.1495,37848.9304
Southern Europe,AFOLU,Emissions (CO2eq) (AR5),kilotonnes,34918.3077,8680.2887,10805.5663,10711.6342,12183.1808,7734.5699,7624.1679,9344.0116,4461.8515,2750.54,2413.2917,54108.9025,54018.2864,53362.974,54060.5418,55264.5815,78286.4664,79324.5592,78174.6856,78301.3868,79775.399
Southern Europe,All sectors with LULUCF,Emissions (CH4),kilotonnes,6079.9372,5916.6127,5983.4812,5951.2441,5871.9085,5830.8589,5838.3053,5866.3539,5758.1218,5801.3975,5704.9107,5561.8044,5482.9587,5333.7499,5301.3452,5353.772,5357.4794,5409.2706,5401.0811,5309.6204,5315.3738
Southern Europe,All sectors with LULUCF,Emissions (N2O),kilotonnes,259.1916,251.0581,253.7644,256.6603,259.5687,248.4731,228.8588,233.2151,217.3671,207.2542,208.24,204.3484,203.4104,205.2828,203.41,205.3433,205.1547,206.2724,202.8041,201.2953,203.8378
Southern Europe,All sectors with LULUCF,Emissions (CO2),kilotonnes,954267.4435,942964.3772,968364.3357,996958.0696,1028098.22,1039951.344,1030704.723,1031272.795,989589.6913,884021.2936,863565.4663,912452.4951,867085.8751,802283.6761,760988.6108,796574.8723,807104.1719,822829.6157,831627.223,803256.6116,686557.3027
Southern Europe,All sectors with LULUCF,Emissions (CO2eq) from F-gases (AR5),kilotonnes,25434.6908,25422.7188,29000.4335,30077.0657,31914.7138,33918.3299,35981.636,39031.0242,41975.0063,49615.5977,57751.7247,59919.5877,62613.9707,66279.5242,68819.0386,67851.277,71098.2093,73519.2474,75986.5401,78206.425,79257.192
Southern Europe,All sectors with LULUCF,Emissions (CO2eq) from CH4 (AR5),kilotonnes,170238.2409,165665.1556,167537.4744,166634.8358,164413.4384,163264.0481,163472.5495,164257.9091,161227.4103,162439.1295,159737.5001,155730.5231,153522.8446,149344.9968,148437.6663,149905.616,150009.4231,151459.5771,151230.271,148669.3711,148830.465
Southern Europe,All sectors with LULUCF,Emissions (CO2eq) from N2O (AR5),kilotonnes,68685.7618,66530.4,67247.5583,68014.9836,68785.7187,65845.3643,60647.5885,61802.0065,57602.2928,54922.3668,55183.6051,54152.318,53903.7665,54399.9369,53903.6542,54415.9713,54365.9939,54662.1957,53743.0765,53343.2542,54017.017
Southern Europe,All sectors with LULUCF,Emissions (CO2eq) (AR5),kilotonnes,1218626.137,1200582.652,1232149.802,1261684.955,1293212.091,1302979.087,1290806.497,1296363.735,1250394.401,1150998.388,1136238.296,1182254.924,1137126.457,1072308.134,1032148.97,1068747.737,1082577.798,1102470.636,1112587.111,1083475.662,968661.9768
Southern Europe,All sectors without LULUCF,Emissions (CH4),kilotonnes,6063.229,5916.2314,5982.6638,5947.555,5871.0062,5827.3855,5836.304,5862.7304,5757.3966,5800.6675,5704.345,5559.5883,5480.4345,5333.0173,5300.9165,5352.7177,5354.0391,5396.182,5400.2069,5308.1752,5311.7637
Southern Europe,All sectors without LULUCF,Emissions (N2O),kilotonnes,258.2673,251.0233,253.6897,256.3235,259.4864,248.1559,228.6761,232.8843,217.3009,207.1876,208.1884,204.146,203.18,205.2159,203.3709,205.247,204.8406,205.0774,202.7242,201.1634,203.5082
Southern Europe,All sectors without LULUCF,Emissions (CO2),kilotonnes,1041144.829,1050401.557,1075769.375,1104362.548,1135499.454,1147354.678,1138111.652,1138687.685,1097003.058,991436.2294,970981.468,966098.4399,920733.7738,855936.8377,814646.2123,850234.0017,838349.961,854085.5807,862899.7076,834549.7765,717852.1084
Southern Europe,All sectors without LULUCF,Emissions (CO2eq) from F-gases (AR5),kilotonnes,25434.6908,25422.7188,29000.4335,30077.0657,31914.7138,33918.3299,35981.636,39031.0242,41975.0063,49615.5977,57751.7247,59919.5877,62613.9707,66279.5242,68819.0386,67851.277,71098.2093,73519.2474,75986.5401,78206.425,79257.192
Southern Europe,All sectors without LULUCF,Emissions (CO2eq) from CH4 (AR5),kilotonnes,169770.4128,165654.4803,167514.5857,166531.5396,164388.1735,163166.7931,163416.5127,164156.4506,161207.1056,162418.6897,159721.6612,155668.4713,153452.1662,149324.4834,148425.6631,149876.0963,149913.0951,151093.0955,151205.7925,148628.907,148729.3826
Southern Europe,All sectors without LULUCF,Emissions (CO2eq) from N2O (AR5),kilotonnes,68440.8274,66521.1751,67227.7794,67925.7222,68763.8866,65761.3233,60599.1655,61714.333,57584.7469,54904.7042,55169.9182,54098.6971,53842.6912,54382.2107,53893.2819,54390.4624,54282.7539,54345.5078,53721.9239,53308.2879,53929.6687
Southern Europe,All sectors without LULUCF,Emissions (CO2eq) (AR5),kilotonnes,1304790.76,1307999.931,1339512.174,1368896.876,1400566.228,1410201.124,1398108.966,1403589.493,1357769.916,1258375.221,1243624.772,1235785.196,1190642.602,1125923.056,1085784.196,1122351.837,1113644.019,1133043.431,1143813.964,1114693.396,999768.3517
Western Europe,Crop Residues,Direct emissions (N2O),kilotonnes,21.1922,20.7558,21.3861,18.3288,22.9771,21.0774,20.2741,19.3682,22.9987,22.8385,21.1032,20.4226,21.422,21.8019,23.4561,23.2698,19.4183,21.8752,19.437,22.2164,19.5714
Western Europe,Crop Residues,Indirect emissions (N2O),kilotonnes,4.7683,4.6701,4.8119,4.124,5.1698,4.7424,4.5617,4.3578,5.1747,5.1387,4.7482,4.5951,4.82,4.9054,5.2776,5.2357,4.3691,4.9219,4.3733,4.9987,4.4036
Western Europe,Crop Residues,Emissions (N2O),kilotonnes,25.9605,25.4258,26.198,22.4528,28.1469,25.8198,24.8358,23.726,28.1735,27.9771,25.8514,25.0177,26.242,26.7074,28.7337,28.5055,23.7874,26.7971,23.8103,27.2151,23.9749
Western Europe,Crop Residues,Emissions (CO2eq) from N2O (AR5),kilotonnes,6879.534,6737.8489,6942.4759,5949.9986,7458.9333,6842.2451,6581.4849,6287.3979,7465.9661,7413.9407,6850.6224,6629.6956,6954.132,7077.4512,7614.4246,7553.9494,6303.6696,7101.244,6309.7347,7211.9968,6353.3606
Western Europe,Crop Residues,Emissions (CO2eq) (AR5),kilotonnes,6879.534,6737.8489,6942.4759,5949.9986,7458.9333,6842.2451,6581.4849,6287.3979,7465.9661,7413.9407,6850.6224,6629.6956,6954.132,7077.4512,7614.4246,7553.9494,6303.6696,7101.244,6309.7347,7211.9968,6353.3606
Western Europe,Rice Cultivation,Emissions (CH4),kilotonnes,10.0145,9.6667,9.319,9.5962,10.1606,8.9964,8.7242,10.581,9.7584,12.0396,12.0093,11.6812,11.1787,10.336,8.4526,8.1482,8.4234,8.6421,6.6931,7.6104,7.4642
Western Europe,Rice Cultivation,Emissions (CO2eq) from CH4 (AR5),kilotonnes,280.4054,270.6682,260.9309,268.6925,284.4979,251.8992,244.2787,296.2673,273.2365,337.1075,336.2607,327.0738,313.0042,289.4089,236.6724,228.1487,235.8539,241.9785,187.4074,213.0912,208.9987
Western Europe,Rice Cultivation,Emissions (CO2eq) (AR5),kilotonnes,280.4054,270.6682,260.9309,268.6925,284.4979,251.8992,244.2787,296.2673,273.2365,337.1075,336.2607,327.0738,313.0042,289.4089,236.6724,228.1487,235.8539,241.9785,187.4074,213.0912,208.9987
Western Europe,Burning - Crop residues,Emissions (CH4),kilotonnes,16.1723,16.0766,16.5126,15.8376,16.8078,16.4032,15.734,15.7007,17.3007,16.6885,16.6277,16.6976,16.7996,17.1181,17.1008,16.6792,16.0281,15.8148,15.4576,15.8238,15.2103
Western Europe,Burning - Crop residues,Emissions (N2O),kilotonnes,0.4193,0.4168,0.4281,0.4106,0.4358,0.4253,0.4079,0.4071,0.4485,0.4327,0.4311,0.4329,0.4355,0.4438,0.4434,0.4324,0.4155,0.41,0.4008,0.4102,0.3943
Western Europe,Burning - Crop residues,Emissions (CO2eq) from CH4 (AR5),kilotonnes,452.8234,450.1454,462.3542,443.4532,470.6185,459.2886,440.553,439.6191,484.4193,467.2773,465.5759,467.533,470.388,479.3062,478.8217,467.0177,448.7855,442.8152,432.8136,443.0666,425.8894
Western Europe,Burning - Crop residues,Emissions (CO2eq) from N2O (AR5),kilotonnes,111.1094,110.4523,113.448,108.8103,115.4758,112.6958,108.0987,107.8695,118.8621,114.656,114.2385,114.7187,115.4193,117.6075,117.4887,114.5923,110.1187,108.6537,106.1996,108.7154,104.5007
Western Europe,Burning - Crop residues,Emissions (CO2eq) (AR5),kilotonnes,563.9328,560.5977,575.8022,552.2635,586.0943,571.9844,548.6517,547.4886,603.2814,581.9333,579.8144,582.2517,585.8073,596.9138,596.3104,581.61,558.9041,551.469,539.0133,551.782,530.3901
Western Europe,Enteric Fermentation,Emissions (CH4),kilotonnes,3669.0743,3652.1868,3556.3236,3447.3629,3384.5069,3360.6092,3325.0132,3341.0467,3385.0225,3361.1006,3331.0212,3275.9357,3251.6405,3274.0905,3305.6989,3318.8866,3304.2742,3233.5639,3158.6731,3103.8776,3049.5387
Western Europe,Enteric Fermentation,Emissions (CO2eq) from CH4 (AR5),kilotonnes,102734.0797,102261.2297,99577.0602,96526.1605,94766.1935,94097.0564,93100.3694,93549.3067,94780.6304,94110.8163,93268.5924,91726.1985,91045.9345,91674.5346,92559.568,92928.8259,92519.6777,90539.7904,88442.8473,86908.572,85387.0832
Western Europe,Enteric Fermentation,Emissions (CO2eq) (AR5),kilotonnes,102734.0797,102261.2297,99577.0602,96526.1605,94766.1935,94097.0564,93100.3694,93549.3067,94780.6304,94110.8163,93268.5924,91726.1985,91045.9345,91674.5346,92559.568,92928.8259,92519.6777,90539.7904,88442.8473,86908.572,85387.0832
Western Europe,Manure Management,Emissions (CH4),kilotonnes,943.2399,939.3738,920.3198,899.2381,884.5103,888.2673,877.4926,885.3058,894.0888,890.1263,885.8235,880.4458,883.9138,884.934,890.3536,889.9831,880.9229,873.7468,858.1794,844.7707,835.5926
Western Europe,Manure Management,Emissions (N2O),kilotonnes,35.595,35.4449,34.6021,33.575,32.944,32.8352,32.4329,32.675,33.0639,32.8752,32.7928,32.4095,32.3531,32.6378,32.7935,32.9741,32.7526,32.2369,31.5655,31.0616,30.6035
Western Europe,Manure Management,Emissions (CO2eq) from CH4 (AR5),kilotonnes,26410.7184,26302.4674,25768.9533,25178.6673,24766.2892,24871.4842,24569.7915,24788.5624,25034.4852,24923.5371,24803.0581,24652.4837,24749.5877,24778.1519,24929.8996,24919.5275,24665.8417,24464.9099,24029.0228,23653.5799,23396.5921
Western Europe,Manure Management,Emissions (CO2eq) from N2O (AR5),kilotonnes,9432.6761,9392.8913,9169.5472,8897.3679,8730.1482,8701.3188,8594.7074,8658.885,8761.9359,8711.9253,8690.0951,8588.5091,8573.5682,8649.0175,8690.2745,8738.1234,8679.4324,8542.7834,8364.8525,8231.3228,8109.9312
Western Europe,Manure Management,Emissions (CO2eq) (AR5),kilotonnes,35843.3945,35695.3586,34938.5005,34076.0351,33496.4374,33572.803,33164.4988,33447.4474,33796.4211,33635.4624,33493.1532,33240.9928,33323.1559,33427.1694,33620.1742,33657.6509,33345.2741,33007.6933,32393.8753,31884.9027,31506.5233
Western Europe,Manure left on Pasture,Direct emissions (N2O),kilotonnes,30.0801,29.9428,29.183,28.3425,27.8951,27.7366,27.5027,27.6026,27.8322,27.6603,27.3711,26.8884,26.5514,26.6884,26.8399,26.9266,26.8302,26.2327,25.6863,25.2553,24.8812
Western Europe,Manure left on Pasture,Indirect emissions (N2O),kilotonnes,7.26,7.2261,7.064,6.8886,6.7924,6.7586,6.7001,6.7102,6.7385,6.6931,6.6089,6.5004,6.3904,6.412,6.4197,6.431,6.4133,6.2739,6.1638,6.0717,6.007
Western Europe,Manure left on Pasture,Emissions (N2O),kilotonnes,37.3401,37.1689,36.247,35.2312,34.6876,34.4952,34.2028,34.3128,34.5706,34.3535,33.98,33.3888,32.9418,33.1005,33.2596,33.3576,33.2435,32.5065,31.8501,31.327,30.8882
Western Europe,Manure left on Pasture,Emissions (CO2eq) from N2O (AR5),kilotonnes,9895.1164,9849.7547,9605.446,9336.2558,9192.2071,9141.2329,9063.7408,9092.9044,9161.2169,9103.6658,9004.7009,8848.0373,8729.5767,8771.6196,8813.8028,8839.7602,8809.5303,8614.2325,8440.2761,8301.6513,8185.3625
Western Europe,Manure left on Pasture,Emissions (CO2eq) (AR5),kilotonnes,9895.1164,9849.7547,9605.446,9336.2558,9192.2071,9141.2329,9063.7408,9092.9044,9161.2169,9103.6658,9004.7009,8848.0373,8729.5767,8771.6196,8813.8028,8839.7602,8809.5303,8614.2325,8440.2761,8301.6513,8185.3625
Western Europe,Manure applied to Soils,Direct emissions (N2O),kilotonnes,38.6324,38.4776,37.5872,36.4524,35.7829,35.7472,35.3125,35.6206,35.9651,35.8044,35.8652,35.4926,35.4773,35.8537,35.8727,36.1261,35.8485,35.3542,34.6704,34.1292,33.6614
Western Europe,Manure applied to Soils,Indirect emissions (N2O),kilotonnes,16.4188,16.353,15.9746,15.4923,15.2077,15.1926,15.0078,15.1388,15.2852,15.2169,15.2427,15.0843,15.0778,15.2378,15.2459,15.3536,15.2356,15.0255,14.7349,14.5049,14.3061
Western Europe,Manure applied to Soils,Emissions (N2O),kilotonnes,55.0512,54.8306,53.5618,51.9447,50.9906,50.9398,50.3203,50.7594,51.2503,51.0213,51.1079,50.5769,50.5551,51.0915,51.1187,51.4797,51.0842,50.3798,49.4054,48.6341,47.9674
Western Europe,Manure applied to Soils,Emissions (CO2eq) from N2O (AR5),kilotonnes,14588.5764,14530.1061,14193.8704,13765.348,13512.5205,13499.0368,13334.8805,13451.24,13581.3251,13520.6417,13543.5949,13402.8758,13397.0968,13539.2426,13546.4434,13642.1269,13537.3012,13350.636,13092.4209,12888.046,12711.372
Western Europe,Manure applied to Soils,Emissions (CO2eq) (AR5),kilotonnes,14588.5764,14530.1061,14193.8704,13765.348,13512.5205,13499.0368,13334.8805,13451.24,13581.3251,13520.6417,13543.5949,13402.8758,13397.0968,13539.2426,13546.4434,13642.1269,13537.3012,13350.636,13092.4209,12888.046,12711.372
Western Europe,Synthetic Fertilizers,Direct emissions (N2O),kilotonnes,72.8172,73.1919,72.527,75.3868,74.0549,71.9906,69.1913,74.9295,66.2822,62.8628,68.7329,65.0803,66.3273,68.944,71.5523,71.6888,69.6988,69.4664,64.1397,61.7761,61.212
Western Europe,Synthetic Fertilizers,Indirect emissions (N2O),kilotonnes,23.6656,23.7874,23.5713,24.5007,24.0678,23.3969,22.4872,24.3521,21.5417,20.4304,22.3382,21.1511,21.5564,22.4068,23.2545,23.2989,22.6521,22.5766,20.8454,20.0772,19.8939
Western Europe,Synthetic Fertilizers,Emissions (N2O),kilotonnes,96.4828,96.9792,96.0983,99.8875,98.1228,95.3875,91.6785,99.2816,87.824,83.2933,91.0711,86.2314,87.8836,91.3507,94.8068,94.9876,92.351,92.043,84.9851,81.8533,81.106
Western Europe,Synthetic Fertilizers,Emissions (CO2eq) from N2O (AR5),kilotonnes,25567.9404,25699.4928,25466.0454,26470.1967,26002.5348,25277.6939,24294.7967,26309.6267,23273.353,22072.7117,24133.8405,22851.3279,23289.164,24207.9449,25123.793,25171.7272,24473.0053,24391.4016,22521.0531,21691.1263,21493.0789
Western Europe,Synthetic Fertilizers,Emissions (CO2eq) (AR5),kilotonnes,25567.9404,25699.4928,25466.0454,26470.1967,26002.5348,25277.6939,24294.7967,26309.6267,23273.353,22072.7117,24133.8405,22851.3279,23289.164,24207.9449,25123.793,25171.7272,24473.0053,24391.4016,22521.0531,21691.1263,21493.0789
Western Europe,Drained organic soils,Emissions (CO2eq) (AR5),kilotonnes,51152.8325,50990.5586,50659.285,50312.1582,50010.3324,50028.4935,50018.2371,50021.3304,49996.212,49986.9084,49995.0597,49997.4222,49990.329,49988.6215,49946.6972,49942.0268,49741.5859,49722.4908,49723.5176,49552.4735,49558.7725
Western Europe,Drained organic soils (CO2),Emissions (CO2),kilotonnes,43120.8054,42983.9846,42704.5389,42411.9141,42157.4061,42172.6938,42164.0093,42166.5857,42145.3187,42137.4664,42144.321,42146.2524,42140.2665,42138.8204,42103.3736,42099.4388,41929.8676,41913.7211,41914.7444,41770.6305,41775.9378
Western Europe,Drained organic soils (CO2),Emissions (CO2eq) (AR5),kilotonnes,43120.8054,42983.9846,42704.5389,42411.9141,42157.4061,42172.6938,42164.0093,42166.5857,42145.3187,42137.4664,42144.321,42146.2524,42140.2665,42138.8204,42103.3736,42099.4388,41929.8676,41913.7211,41914.7444,41770.6305,41775.9378
Western Europe,Drained organic soils (N2O),Emissions (N2O),kilotonnes,30.3095,30.2135,30.0179,29.8122,29.6337,29.6445,29.6386,29.6405,29.626,29.6205,29.6254,29.6271,29.6229,29.6219,29.5974,29.5947,29.4782,29.4671,29.4671,29.3654,29.3692
Western Europe,Drained organic soils (N2O),Emissions (CO2eq) from N2O (AR5),kilotonnes,8032.0271,8006.5741,7954.7461,7900.2441,7852.9263,7855.7998,7854.2278,7854.7447,7850.8933,7849.442,7850.7387,7851.1698,7850.0625,7849.8011,7843.3236,7842.5879,7811.7183,7808.7697,7808.7732,7781.8431,7782.8347
Western Europe,Drained organic soils (N2O),Emissions (CO2eq) (AR5),kilotonnes,8032.0271,8006.5741,7954.7461,7900.2441,7852.9263,7855.7998,7854.2278,7854.7447,7850.8933,7849.442,7850.7387,7851.1698,7850.0625,7849.8011,7843.3236,7842.5879,7811.7183,7808.7697,7808.7732,7781.8431,7782.8347
Western Europe,On-farm energy use,Emissions (CH4),kilotonnes,3.9189,3.9087,3.6135,3.7914,3.7917,3.5084,3.2217,3.3233,3.3731,3.1689,3.1194,2.9122,2.8324,2.8222,2.7417,2.8031,2.7706,2.7179,2.6291,2.6069,2.6069
Western Europe,On-farm energy use,Emissions (N2O),kilotonnes,7.8766,7.957,7.8182,7.9165,8.0173,7.9244,7.708,7.523,7.7378,7.6752,7.6075,7.5797,7.2876,7.5774,7.5048,7.5393,7.423,7.3503,7.3132,7.2749,7.2749
Western Europe,On-farm energy use,Emissions (CO2),kilotonnes,34683.3088,34599.3639,32981.7918,33625.9177,34141.9238,33742.6692,32147.9226,31463.8633,31926.0232,31630.2858,32366.6878,31056.9762,30303.7978,30994.7272,29830.7025,29970.1439,29661.8684,29014.9546,28903.3198,28720.473,28720.473
Western Europe,On-farm energy use,Emissions (CO2eq) from CH4 (AR5),kilotonnes,109.7288,109.4443,101.1786,106.1593,106.1676,98.235,90.2071,93.0528,94.4458,88.7283,87.343,81.5402,79.3086,79.0203,76.7684,78.4859,77.5761,76.1015,73.6146,72.9933,72.9933
Western Europe,On-farm energy use,Emissions (CO2eq) from N2O (AR5),kilotonnes,2087.3097,2108.6006,2071.8195,2097.8765,2124.5831,2099.9677,2042.6127,1993.5972,2050.5067,2033.9151,2015.9786,2008.6332,1931.2264,2008.0189,1988.7772,1997.9229,1967.0955,1947.8218,1938.0062,1927.8574,1927.8574
Western Europe,On-farm energy use,Emissions (CO2eq) (AR5),kilotonnes,36880.3473,36817.4088,35154.7899,35829.9535,36372.6745,35940.8719,34280.7425,33550.5133,34070.9756,33752.9293,34470.0094,33147.1496,32314.3327,33081.7664,31896.2481,32046.5528,31706.54,31038.8779,30914.9406,30721.3237,30721.3237
Western Europe,Forestland,Emissions (CO2),kilotonnes,-115633.5298,-114056.8313,-114056.8313,-114056.8313,-114056.8313,-114056.8313,-114056.8313,-114056.8313,-114056.8313,-114056.8313,-114056.8313,-121816.003,-121816.003,-121816.003,-121816.003,-121816.003,-117673.1087,-117673.1087,-117673.1087,-117673.1087,-117673.1087
Western Europe,Forestland,Emissions (CO2eq) (AR5),kilotonnes,-115633.5298,-114056.8313,-114056.8313,-114056.8313,-114056.8313,-114056.8313,-114056.8313,-114056.8313,-114056.8313,-114056.8313,-114056.8313,-121816.003,-121816.003,-121816.003,-121816.003,-121816.003,-117673.1087,-117673.1087,-117673.1087,-117673.1087,-117673.1087
Western Europe,Net Forest conversion,Emissions (CO2),kilotonnes,3317.0782,733.2017,733.2017,733.2017,733.2017,733.2017,733.2017,733.2017,733.2017,733.2017,733.2017,3404.6297,3404.6297,3404.6297,3404.6297,3404.6297,783.5527,783.5527,783.5527,783.5527,783.5527
Western Europe,Net Forest conversion,Emissions (CO2eq) (AR5),kilotonnes,3317.0782,733.2017,733.2017,733.2017,733.2017,733.2017,733.2017,733.2017,733.2017,733.2017,733.2017,3404.6297,3404.6297,3404.6297,3404.6297,3404.6297,783.5527,783.5527,783.5527,783.5527,783.5527
Western Europe,Savanna fires,Emissions (CH4),kilotonnes,0.1347,0.0685,0.0463,0.4267,0.0689,0.2739,0.0218,0.0275,0.1282,0.1072,0.0846,0.0587,0.2145,0.0159,0.1454,0.0304,0.0996,0.2806,0.0166,0.2778,0.0412
Western Europe,Savanna fires,Emissions (N2O),kilotonnes,0.0123,0.0063,0.0042,0.039,0.0063,0.025,0.002,0.0025,0.0117,0.0098,0.0077,0.0054,0.0196,0.0014,0.0133,0.0028,0.0091,0.0256,0.0015,0.0254,0.0038
Western Europe,Savanna fires,Emissions (CO2eq) from CH4 (AR5),kilotonnes,3.7709,1.9178,1.2954,11.9463,1.9306,7.668,0.611,0.771,3.5893,3.0013,2.3699,1.6435,6.0068,0.444,4.0703,0.8523,2.7882,7.8576,0.4658,7.7794,1.155
Western Europe,Savanna fires,Emissions (CO2eq) from N2O (AR5),kilotonnes,3.2584,1.6572,1.1194,10.3232,1.6683,6.6262,0.528,0.6663,3.1016,2.5935,2.0479,1.4202,5.1907,0.3837,3.5173,0.7365,2.4093,6.79,0.4025,6.7224,0.998
Western Europe,Savanna fires,Emissions (CO2eq) (AR5),kilotonnes,7.0294,3.5751,2.4148,22.2695,3.5989,14.2942,1.139,1.4373,6.6909,5.5948,4.4177,3.0637,11.1974,0.8277,7.5875,1.5888,5.1975,14.6476,0.8684,14.5018,2.153
Western Europe,Fires in organic soils,Emissions (CH4),kilotonnes,0,0,0,0,0,0,0,0,0,0,0,0,0,0,0,0,0,0,0,0,0
Western Europe,Fires in organic soils,Emissions (CO2),kilotonnes,0,0,0,0,0,0,0,0,0,0,0,0,0,0,0,0,0,0,0,0,0
Western Europe,Fires in organic soils,Emissions (CO2eq) from CH4 (AR5),kilotonnes,0,0,0,0,0,0,0,0,0,0,0,0,0,0,0,0,0,0,0,0,0
Western Europe,Fires in organic soils,Emissions (CO2eq) (AR5),kilotonnes,0,0,0,0,0,0,0,0,0,0,0,0,0,0,0,0,0,0,0,0,0
Western Europe,Forest fires,Emissions (CH4),kilotonnes,0.8734,0.2443,0.2219,1.2242,0.3041,0.7704,0.0125,0.1297,0.3016,0.5858,0.2194,0.0973,1.0993,0.0474,0.5262,0.0873,0.1022,1.4086,0.0798,1.0121,0.2069
Western Europe,Forest fires,Emissions (N2O),kilotonnes,0.0483,0.0223,0.0203,0.1118,0.0278,0.0703,0.0011,0.0118,0.0275,0.0535,0.02,0.0089,0.1004,0.0043,0.048,0.008,0.0093,0.1286,0.0073,0.0924,0.0189
Western Europe,Forest fires,Emissions (CO2eq) from CH4 (AR5),kilotonnes,24.4562,6.8396,6.2122,34.277,8.5155,21.5698,0.3492,3.6329,8.4453,16.4034,6.1421,2.7236,30.7808,1.3273,14.7343,2.4432,2.8625,39.4422,2.2357,28.3378,5.7925
Western Europe,Forest fires,Emissions (CO2eq) from N2O (AR5),kilotonnes,12.8043,5.9103,5.3681,29.6198,7.3585,18.6391,0.3018,3.1393,7.2979,14.1747,5.3075,2.3536,26.5986,1.147,12.7323,2.1112,2.4735,34.0832,1.9319,24.4875,5.0054
Western Europe,Forest fires,Emissions (CO2eq) (AR5),kilotonnes,37.2605,12.7499,11.5803,63.8968,15.874,40.209,0.651,6.7722,15.7432,30.5781,11.4496,5.0772,57.3794,2.4743,27.4666,4.5544,5.336,73.5254,4.1676,52.8253,10.7979
Western Europe,Fires in humid tropical forests,Emissions (CH4),kilotonnes,0,0,0,0,0,0,0,0,0,0,0,0,0,0,0,0,0,0,0,0,0
Western Europe,Fires in humid tropical forests,Emissions (N2O),kilotonnes,0,0,0,0,0,0,0,0,0,0,0,0,0,0,0,0,0,0,0,0,0
Western Europe,Fires in humid tropical forests,Emissions (CO2eq) from CH4 (AR5),kilotonnes,0,0,0,0,0,0,0,0,0,0,0,0,0,0,0,0,0,0,0,0,0
Western Europe,Fires in humid tropical forests,Emissions (CO2eq) from N2O (AR5),kilotonnes,0,0,0,0,0,0,0,0,0,0,0,0,0,0,0,0,0,0,0,0,0
Western Europe,Fires in humid tropical forests,Emissions (CO2eq) (AR5),kilotonnes,0,0,0,0,0,0,0,0,0,0,0,0,0,0,0,0,0,0,0,0,0
Western Europe,Waste - agri-food systems,Emissions (CH4),kilotonnes,1549.1368,1554.3747,929.3816,935.8257,928.7755,896.8595,856.5258,847.8273,809.8636,736.5036,716.4464,704.0746,684.5672,722.1452,639.6356,664.2481,595.0657,615.2481,637.1408,658.2163,678.9607
Western Europe,Waste - agri-food systems,Emissions (N2O),kilotonnes,9.8548,9.9836,10.041,9.9843,10.0083,9.9866,9.9006,10.1619,10.21,10.4634,10.5487,10.6264,10.6773,10.7376,10.816,10.9769,11.3192,12.0745,12.858,13.6681,14.4705
Western Europe,Waste - agri-food systems,Emissions (CO2),kilotonnes,3969.0237,3970.3204,3981.456,4009.0426,4027.1228,4030.9838,4038.9963,4058.4223,4072.9309,4061.2181,4060.5421,4074.2932,4065.3938,4072.5519,4076.7532,4056.4616,4059.7938,4067.4652,4078.2003,4075.6154,4073.0067
Western Europe,Waste - agri-food systems,Emissions (CO2eq) from CH4 (AR5),kilotonnes,43375.8314,43522.4915,26022.6842,26203.1186,26005.7128,25112.065,23982.7232,23739.1656,22676.1795,20622.0998,20060.5001,19714.0875,19167.8819,20220.0655,17909.7958,18598.9465,16661.8396,17226.9463,17839.9423,18430.0555,19010.8983
Western Europe,Waste - agri-food systems,Emissions (CO2eq) from N2O (AR5),kilotonnes,2611.5107,2645.647,2660.8572,2645.8412,2652.2126,2646.4382,2623.6492,2692.9079,2705.6553,2772.8087,2795.4182,2816.0002,2829.4812,2845.4696,2866.2432,2908.8868,2999.5934,3199.7508,3407.362,3622.047,3834.6926
Western Europe,Waste - agri-food systems,Emissions (CO2eq) (AR5),kilotonnes,49956.3658,50138.4589,32664.9975,32858.0024,32685.0483,31789.487,30645.3687,30490.4957,29454.7656,27456.1265,26916.4604,26604.3809,26062.7569,27138.087,24852.7922,25564.2949,23721.2268,24494.1624,25325.5046,26127.7179,26918.5976
Western Europe,Fertilizers Manufacturing,Emissions (N2O),kilotonnes,2.2536,2.2922,2.3412,2.4034,2.3549,2.3694,2.4775,2.4103,2.4517,2.5855,2.4978,2.5774,2.5827,2.6099,2.5081,2.4537,2.5338,2.593,2.5688,2.5361,2.3549
Western Europe,Fertilizers Manufacturing,Emissions (CO2),kilotonnes,6791.5156,6806.1971,6936.8005,7105.844,6947.8868,7014.8947,8036.5786,7041.417,7185.8701,6500.5135,6736.0108,7846.7918,7604.3979,7540.0693,7655.9535,7106.6837,7288.8959,7443.1502,7458.8977,7252.1907,6411.8811
Western Europe,Fertilizers Manufacturing,Emissions (CO2eq) from N2O (AR5),kilotonnes,597.204,607.433,620.418,636.901,624.0485,627.891,656.5375,638.7295,649.7005,685.1575,661.917,683.011,684.4155,691.6235,664.6465,650.2305,671.457,687.145,680.732,672.0665,624.0462
Western Europe,Fertilizers Manufacturing,Emissions (CO2eq) (AR5),kilotonnes,7388.7196,7413.6301,7557.2185,7742.745,7571.9353,7642.7857,8693.1161,7680.1465,7835.5706,7185.671,7397.9278,8529.8028,8288.8134,8231.6928,8320.6,7756.9142,7960.3529,8130.2952,8139.6297,7924.2572,7035.9272
Western Europe,On-farm electricity use,Emissions (CH4),kilotonnes,18.7026,19.0058,19.0642,19.8545,24.7044,26.1044,26.9476,27.0527,26.9491,28.5639,28.2852,28.5084,29.5752,29.8139,31.3883,32.4754,32.4334,32.7154,32.8318,33.1205,33.1205
Western Europe,On-farm electricity use,Emissions (N2O),kilotonnes,0.0998,0.1013,0.1018,0.1061,0.1319,0.1394,0.1439,0.1445,0.1439,0.1525,0.151,0.1522,0.1586,0.1594,0.1678,0.1736,0.1734,0.1748,0.1755,0.1771,0.1771
Western Europe,On-farm electricity use,Emissions (CO2),kilotonnes,6438.1267,6514.9161,6425.6175,6643.0809,6976.5471,7318.3826,7376.1423,7605.8193,7502.7221,7578.5497,7468.1249,7174.9406,7734.5766,7478.2631,8622.7142,8626.1066,8569.4462,8623.086,8744.4434,8768.7892,8768.7892
Western Europe,On-farm electricity use,Emissions (CO2eq) from CH4 (AR5),kilotonnes,523.6728,532.1624,533.7976,555.926,691.7232,730.9232,754.5328,757.4756,754.5748,799.7892,791.9856,798.2352,828.1056,834.7892,878.8724,909.3112,908.1352,916.0312,919.2904,927.374,927.374
Western Europe,On-farm electricity use,Emissions (CO2eq) from N2O (AR5),kilotonnes,26.447,26.8445,26.977,28.1165,34.9535,36.941,38.1335,38.2925,38.1335,40.4125,40.015,40.333,42.029,42.241,44.467,46.004,45.951,46.322,46.5075,46.9315,46.9315
Western Europe,On-farm electricity use,Emissions (CO2eq) (AR5),kilotonnes,6988.2465,7073.923,6986.3921,7227.1234,7703.2238,8086.2468,8168.8086,8401.5874,8295.4304,8418.7514,8300.1255,8013.5088,8604.7112,8355.2933,9546.0536,9581.4218,9523.5324,9585.4392,9710.2413,9743.0947,9743.0947
Western Europe,Food Processing,Emissions (CH4),kilotonnes,58.1368,60.2509,61.5225,63.4592,63.3507,64.6134,66.7297,67.5992,67.7467,66.9395,67.0897,69.2931,70.7028,70.6795,72.0652,72.0438,73.7817,73.8319,75.4874,75.4874,70.267
Western Europe,Food Processing,Emissions (N2O),kilotonnes,0.4522,0.4599,0.4651,0.4709,0.482,0.4918,0.5069,0.5142,0.4905,0.484,0.4832,0.4874,0.4985,0.4688,0.4704,0.4845,0.49,0.4973,0.5194,0.5194,0.4809
Western Europe,Food Processing,Emissions (CO2),kilotonnes,43602.3088,43669.1684,44636.0045,45476.4245,45578.9443,44036.1218,44494.4638,45357.7326,43170.492,41950.1847,43756.3964,43904.6248,43960.3429,42798.829,42646.578,43930.718,44876.5713,45266.0763,46405.1622,46405.1622,40563.2072
Western Europe,Food Processing,Emissions (CO2eq) from CH4 (AR5),kilotonnes,1627.8304,1687.0252,1722.63,1776.8576,1773.8196,1809.1752,1868.4316,1892.7776,1896.9076,1874.306,1878.5116,1940.2068,1979.6784,1979.026,2017.8256,2017.2264,2065.8876,2067.2932,2113.6472,2113.6472,1967.475
Western Europe,Food Processing,Emissions (CO2eq) from N2O (AR5),kilotonnes,119.833,121.8735,123.2515,124.7885,127.73,130.327,134.3285,136.263,129.9825,128.26,128.048,129.161,132.1025,124.232,124.656,128.3925,129.85,131.7845,137.641,137.641,127.4369
Western Europe,Food Processing,Emissions (CO2eq) (AR5),kilotonnes,45349.9722,45478.0671,46481.886,47378.0706,47480.4939,45975.624,46497.2239,47386.7732,45197.3821,43952.7507,45762.956,45973.9926,46072.1238,44902.087,44789.0596,46076.3369,47072.3089,47465.154,48656.4504,48656.4504,42658.1191
Western Europe,Food Packaging,Emissions (CH4),kilotonnes,28.8342,30.3058,30.8897,30.203,31.0934,30.9959,30.1107,33.7378,32.0159,29.3554,30.9269,30.5693,30.2978,29.6837,30.7209,32.1473,31.794,31.514,30.7847,33.427,30.9408
Western Europe,Food Packaging,Emissions (N2O),kilotonnes,0.1857,0.1951,0.204,0.1999,0.2019,0.206,0.196,0.2166,0.2063,0.1901,0.199,0.1979,0.1959,0.1972,0.2032,0.2136,0.2147,0.2138,0.204,0.2119,0.1962
Western Europe,Food Packaging,Emissions (CO2),kilotonnes,16163.4339,16248.4565,16530.2472,16181.1995,16110.5912,16553.5536,16033.4476,17040.8925,16602.8691,15204.2408,15834.0332,15900.3091,15870.2411,16162.8769,16331.0568,16977.4875,17270.6275,17223.4041,16566.7841,16550.9683,14460.2436
Western Europe,Food Packaging,Emissions (CO2eq) from CH4 (AR5),kilotonnes,807.3576,848.5624,864.9116,845.684,870.6152,867.8852,843.0996,944.6584,896.4452,821.9512,865.9532,855.9404,848.3384,831.1436,860.1852,900.1244,890.232,882.392,861.9716,935.956,866.3427
Western Europe,Food Packaging,Emissions (CO2eq) from N2O (AR5),kilotonnes,49.2105,51.7015,54.06,52.9735,53.5035,54.59,51.94,57.399,54.6695,50.3765,52.735,52.4435,51.9135,52.258,53.848,56.604,56.8955,56.657,54.06,56.1535,52.0023
Western Europe,Food Packaging,Emissions (CO2eq) (AR5),kilotonnes,17020.002,17148.7204,17449.2188,17079.857,17034.7099,17476.0288,16928.4872,18042.9499,17553.9838,16076.5685,16752.7214,16808.693,16770.493,17046.2785,17245.09,17934.2159,18217.755,18162.4531,17482.8157,17543.0778,15378.5886
Western Europe,Food Retail,Emissions (CH4),kilotonnes,57.1106,58.3045,59.5323,64.9641,66.1399,67.2614,69.7134,71.1764,72.6248,73.9102,77.0983,72.3182,74.4918,74.3421,70.6747,73.1639,73.2755,73.5098,72.6959,81.1023,74.6053
Western Europe,Food Retail,Emissions (N2O),kilotonnes,0.4098,0.4248,0.4281,0.4672,0.4742,0.4527,0.4638,0.4667,0.4838,0.4983,0.5116,0.4743,0.4898,0.4848,0.4559,0.4705,0.4728,0.4682,0.453,0.5108,0.4744
Western Europe,Food Retail,Emissions (CO2),kilotonnes,27390.6185,28363.5666,28001.4924,32205.3115,32105.2915,31226.926,31457.3076,29412.8762,30872.2622,31296.7032,32345.2087,28539.2105,30243.4247,31282.6369,28297.6623,29819.9638,29674.5969,29861.7501,28341.9837,30264.0301,26401.7962
Western Europe,Food Retail,Emissions (CO2eq) from F-gases (AR5),kilotonnes,27287.7765,32062.501,36313.5695,40861.2725,45136.7575,50739.0455,55095.5725,59359.109,60389.2775,61044.8865,61518.151,61522.307,61489.5785,61441.265,61441.265,61441.265,46841.7565,47643.345,48445.453,49246.522,44592.6168
Western Europe,Food Retail,Emissions (CO2eq) from CH4 (AR5),kilotonnes,1599.0968,1632.526,1666.9044,1818.9948,1851.9172,1883.3192,1951.9752,1992.9392,2033.4944,2069.4856,2158.7524,2024.9096,2085.7704,2081.5788,1978.8916,2048.5892,2051.714,2058.2744,2035.4852,2270.8644,2088.947
Western Europe,Food Retail,Emissions (CO2eq) from N2O (AR5),kilotonnes,108.597,112.572,113.4465,123.808,125.663,119.9655,122.907,123.6755,128.207,132.0495,135.574,125.6895,129.797,128.472,120.8135,124.6825,125.292,124.073,120.045,135.362,125.7259
Western Europe,Food Retail,Emissions (CO2eq) (AR5),kilotonnes,56386.0888,62171.1656,66095.4128,75009.3868,79219.6292,83969.2562,88627.7623,90888.5999,93423.2411,94543.1248,96157.6861,92212.1166,93948.5706,94933.9527,91838.6324,93434.5005,78693.3594,79687.4425,78942.9669,81916.7785,73209.0859
Western Europe,Food Household Consumption,Emissions (CH4),kilotonnes,54.1646,56.1242,55.981,58.0243,58.274,57.4667,57.847,56.7902,58.5053,58.1394,60.5567,56.1735,58.4086,59.4709,54.9046,55.9647,56.6717,56.3904,56.0976,56.0976,52.1444
Western Europe,Food Household Consumption,Emissions (N2O),kilotonnes,0.4035,0.4262,0.4144,0.4271,0.4235,0.4185,0.4192,0.3864,0.4147,0.4047,0.4198,0.3806,0.3993,0.4085,0.3683,0.3759,0.3786,0.3765,0.3688,0.3688,0.3418
Western Europe,Food Household Consumption,Emissions (CO2),kilotonnes,43161.2273,45640.1788,44114.9994,44944.2649,44443.1779,44183.0446,43628.2395,38582.5441,41833.0887,40658.2158,42439.2495,36669.0198,38705.2219,40186.0891,34336.6995,35395.8069,36255.2452,35814.9725,34994.553,34994.553,30623.3042
Western Europe,Food Household Consumption,Emissions (CO2eq) from CH4 (AR5),kilotonnes,1516.6088,1571.4776,1567.468,1624.6804,1631.672,1609.0676,1619.716,1590.1256,1638.1484,1627.9032,1695.5876,1572.858,1635.4408,1665.1852,1537.3288,1567.0116,1586.8076,1578.9312,1570.7328,1570.7328,1460.0445
Western Europe,Food Household Consumption,Emissions (CO2eq) from N2O (AR5),kilotonnes,106.9275,112.943,109.816,113.1815,112.2275,110.9025,111.088,102.396,109.8955,107.2455,111.247,100.859,105.8145,108.2525,97.5995,99.6135,100.329,99.7725,97.732,97.732,90.5759
Western Europe,Food Household Consumption,Emissions (CO2eq) (AR5),kilotonnes,44784.7636,47324.5994,45792.2834,46682.1268,46187.0774,45903.0147,45359.0435,40275.0657,43581.1326,42393.3645,44246.0841,38342.7368,40446.4772,41959.5268,35971.6278,37062.432,37942.3818,37493.6762,36663.0178,36663.0178,32173.9245
Western Europe,Food Transport,Emissions (CH4),kilotonnes,6.4118,6.019,5.6032,5.1017,4.6468,4.1281,3.8234,3.5137,3.2064,2.9915,2.7198,2.6013,2.4253,2.3048,2.1866,2.0809,2.0341,1.9901,1.8797,0.142,0.1326
Western Europe,Food Transport,Emissions (N2O),kilotonnes,1.906,1.8281,1.7959,1.7407,1.7035,1.6205,1.6001,1.5719,1.5397,1.5001,1.4946,1.5249,1.522,1.5349,1.542,1.5713,1.574,1.5752,1.5256,1.4649,1.36
Western Europe,Food Transport,Emissions (CO2),kilotonnes,43174.3262,43166.732,43205.663,42935.7679,43211.9407,42290.8681,42113.7783,41800.9287,40990.5207,40237.8778,40506.5033,41037.3202,40619.6478,40716.2127,40542.5888,40938.9698,41226.4382,41414.5066,40295.835,41747.921,35970.4735
Western Europe,Food Transport,Emissions (CO2eq) from CH4 (AR5),kilotonnes,179.5304,168.532,156.8896,142.8476,130.1104,115.5868,107.0552,98.3836,89.7792,83.762,76.1544,72.8364,67.9084,64.5344,61.2248,58.2652,56.9548,55.7228,52.6316,3.976,3.7119
Western Europe,Food Transport,Emissions (CO2eq) from N2O (AR5),kilotonnes,505.09,484.4465,475.9135,461.2855,451.4275,429.4325,424.0265,416.5535,408.0205,397.5265,396.069,404.0985,403.33,406.7485,408.63,416.3945,417.11,417.428,404.284,388.1985,360.3912
Western Europe,Food Transport,Emissions (CO2eq) (AR5),kilotonnes,43858.9466,43819.7105,43838.4661,43539.901,43793.4786,42835.8874,42644.86,42315.8658,41488.3204,40719.1663,40978.7267,41514.2551,41090.8862,41187.4956,41012.4436,41413.6295,41700.503,41887.6574,40752.7506,42140.0955,36334.5766
Western Europe,Energy,Emissions (CH4),kilotonnes,1767.1464,1704.6468,1666.1086,1679.1663,1697.9791,1639.232,1590.441,1561.861,1551.133,1494.178,1531.568,1475.029,1483.132,1502.27,1447.405,1431.341,1398.457,1382.897,1297.34,1179.277,1109.223
Western Europe,Energy,Emissions (N2O),kilotonnes,36.9437,36.6715,35.8403,36.3693,36.0192,35.421,35.1037,34.9116,34.7277,33.7525,34.9265,34.2691,34.4773,35.6866,34.6842,35.2693,35.0882,34.6662,34.161,32.8944,30.4556
Western Europe,Energy,Emissions (CO2),kilotonnes,1573960,1628944,1597555.5,1605441.8,1600896.2,1581696,1583097.2,1531059.3,1529781.4,1450786.2,1515240.9,1439035.9,1436343.1,1460027.7,1374470.1,1399232.8,1397264.7,1397154,1359213.7,1298816.4,1134498.9
Western Europe,Energy,Emissions (CO2eq) from CH4 (AR5),kilotonnes,49480.0992,47730.1104,46651.0408,47016.6564,47543.4148,45898.496,44532.348,43732.108,43431.724,41836.984,42883.904,41300.812,41527.696,42063.56,40527.34,40077.548,39156.796,38721.116,36325.52,33019.756,31058.244
Western Europe,Energy,Emissions (CO2eq) from N2O (AR5),kilotonnes,9790.0885,9717.9528,9497.6715,9637.8566,9545.0827,9386.565,9302.4884,9251.5767,9202.8299,8944.3993,9255.5305,9081.3115,9136.4819,9456.9569,9191.3051,9346.3566,9298.3624,9186.5351,9052.6756,8717.0054,8070.7287
Western Europe,Energy,Emissions (CO2eq) (AR5),kilotonnes,1633230.188,1686392.063,1653704.212,1662096.313,1657984.698,1636981.061,1636932.037,1584042.985,1582415.954,1501567.583,1567380.334,1489418.024,1487007.278,1511548.217,1424188.745,1448656.705,1445719.858,1445061.651,1404591.896,1340553.161,1173627.873
Western Europe,IPPU,Emissions (CH4),kilotonnes,22.4289,22.1813,21.9635,22.7648,22.4591,22.4855,21.6099,22.1773,20.5476,18.4112,19.8486,19.2958,18.622,18.3661,18.5852,18.0511,18.5562,18.9083,18.4298,17.7208,17.2731
Western Europe,IPPU,Emissions (N2O),kilotonnes,81.9853,74.3372,74.3736,76.0017,72.8276,73.5381,79.5707,73.9092,49.8663,46.2082,46.9936,46.6334,56.4687,56.4098,56.1119,55.8643,55.4755,55.0567,55.2779,51.4697,47.0264
Western Europe,IPPU,Emissions (CO2),kilotonnes,109409.01,106761.95,103513.61,104967.73,105748.71,104140.82,104356.45,106375.95,102203.86,91033.82,99731.54,100440.37,96822.96,95258.53,95689.24,93166.7,94811.99,96320.27,95835.17,95306.29,92195.78
Western Europe,IPPU,Emissions (CO2eq) from F-gases (AR5),kilotonnes,50673.2505,45535.8464,47385.5035,51031.7211,53669.1796,55692.6156,61520.84,65936.2694,71440.1901,82042.0326,92097.166,92827.3424,90382.6022,90171.5371,90326.3376,91449.0057,92818.791,91191.8794,83554.5686,80593.5353,73029.9806
Western Europe,IPPU,Emissions (CO2eq) from CH4 (AR5),kilotonnes,628.0091,621.0758,614.9777,637.4155,628.854,629.5933,605.0771,620.9652,575.332,515.5136,555.7619,540.2824,521.4149,514.2513,520.3867,505.4316,519.5727,529.4312,516.0338,496.183,483.6455
Western Europe,IPPU,Emissions (CO2eq) from N2O (AR5),kilotonnes,21726.1151,19699.3501,19709.0173,20140.4452,19299.3087,19487.6018,21086.2222,19585.9486,13214.5827,12245.1704,12453.2934,12357.8378,14964.1976,14948.5943,14869.6614,14804.0368,14701.0048,14590.0202,14648.6514,13639.4626,12462.0066
Western Europe,IPPU,Emissions (CO2eq) (AR5),kilotonnes,182436.3847,172618.2222,171223.1085,176777.3118,179346.0524,179950.6307,187568.5894,192519.1332,187433.9649,185836.5366,204837.7613,206165.8325,202691.1746,200892.9128,201405.6258,199925.1742,202851.3585,202631.6009,194554.4239,190035.4708,178171.4127
Western Europe,Waste,Emissions (CH4),kilotonnes,3214.014,3093.466,3035.721,2981.474,2895.807,2766.942,2668.51,2578.778,2494.755,2367.6049,2316.2688,2248.193,2167.6591,2114.4203,2053.1259,1947.2285,1969.0576,1986.364,1951.5967,1911.7054,1830.1114
Western Europe,Waste,Emissions (N2O),kilotonnes,17.9751,17.8832,18.2422,18.2624,18.2604,18.2128,18.1551,18.4117,18.4469,18.5083,18.5842,18.7719,18.888,18.8808,18.8434,18.9728,19.0532,19.2383,19.1789,19.6121,19.6741
Western Europe,Waste,Emissions (CO2),kilotonnes,1952.992,2015.9438,2119.8184,2110.1366,2106.7552,2122.5538,2099.8967,2117.4116,2145.4385,1925.7999,2091.3698,2199.9487,2338.0882,2099.9975,2144.5065,2202.736,2122.2353,2170.1842,2209.1533,2627.382,2435.9931
Western Europe,Waste,Emissions (CO2eq) from CH4 (AR5),kilotonnes,89992.392,86617.048,85000.188,83481.272,81082.596,77474.376,74718.28,72205.784,69853.14,66292.9372,64855.5264,62949.404,60694.4548,59203.7684,57487.5252,54522.398,55133.6128,55618.192,54644.7076,53527.7512,51243.1192
Western Europe,Waste,Emissions (CO2eq) from N2O (AR5),kilotonnes,4763.3962,4739.0347,4834.1883,4839.5228,4839.0166,4826.3973,4811.1015,4879.1058,4888.4232,4904.7101,4924.8183,4974.5482,5005.3332,5003.4146,4993.4878,5027.7841,5049.1033,5098.1416,5082.4032,5197.2012,5213.6233
Western Europe,Waste,Emissions (CO2eq) (AR5),kilotonnes,96708.7802,93372.0265,91954.1947,90430.9313,88028.3678,84423.3271,81629.2782,79202.3014,76887.0017,73123.4472,71871.7145,70123.9009,68037.8762,66307.1806,64625.5195,61752.9181,62304.9514,62886.5178,61936.2641,61352.3344,58892.7356
Western Europe,Other,Emissions (N2O),kilotonnes,22.6788,22.2167,21.3914,20.9403,20.262,19.3529,18.5906,17.6294,16.9712,15.963,15.9639,15.1686,14.7325,14.4745,13.6731,13.378,13.146,12.6969,11.9977,11.141,10.5861
Western Europe,Other,Emissions (CO2eq) from N2O (AR5),kilotonnes,6009.8926,5887.4281,5668.7263,5549.1689,5369.4432,5128.5079,4926.5117,4671.7804,4497.3759,4230.1844,4230.4308,4019.6764,3904.1258,3835.7346,3623.3741,3545.1726,3483.69,3364.6785,3179.3958,2952.3756,2805.3085
Western Europe,Other,Emissions (CO2eq) (AR5),kilotonnes,6009.8926,5887.4281,5668.7263,5549.1689,5369.4432,5128.5079,4926.5117,4671.7804,4497.3759,4230.1844,4230.4308,4019.6764,3904.1258,3835.7346,3623.3741,3545.1726,3483.69,3364.6785,3179.3958,2952.3756,2805.3085
Western Europe,Farm-gate emissions,Emissions (CH4),kilotonnes,4642.5545,4621.2812,4506.1347,4376.2528,4299.8463,4278.0583,4230.2075,4255.985,4309.6717,4283.231,4248.6857,4187.7312,4166.5796,4189.3166,4224.4929,4236.5306,4212.5187,4134.7662,4041.649,3974.9672,3910.454
Western Europe,Farm-gate emissions,Direct emissions (N2O),kilotonnes,162.722,162.368,160.6833,158.5106,160.71,156.5518,152.2806,157.521,153.0783,149.166,153.0724,147.8839,149.7779,153.288,157.721,158.0112,151.7958,152.9286,143.9335,143.377,139.326
Western Europe,Farm-gate emissions,Indirect emissions (N2O),kilotonnes,52.1126,52.0365,51.4217,51.0056,51.2379,50.0905,48.7568,50.5589,48.7401,47.4791,48.938,47.3309,47.8446,48.962,50.1977,50.3192,48.6702,48.7979,46.1174,45.6525,44.6105
Western Europe,Farm-gate emissions,Emissions (N2O),kilotonnes,289.0474,288.4429,284.9755,281.2695,282.9849,277.4967,271.2267,278.328,272.7063,267.2585,272.4749,265.2694,267.3413,272.5324,278.2711,278.8737,270.5445,271.2163,258.7989,257.1671,251.5822
Western Europe,Farm-gate emissions,Emissions (CO2),kilotonnes,77804.1142,77583.3485,75686.3307,76037.8318,76299.3299,75915.363,74311.9319,73630.449,74071.3419,73767.7522,74511.0087,73203.2286,72444.0643,73133.5476,71934.0761,72069.5827,71591.736,70928.6757,70818.0642,70491.1035,70496.4107
Western Europe,Farm-gate emissions,Emissions (CO2eq) from CH4 (AR5),kilotonnes,129991.5267,129395.8727,126171.7725,122535.079,120395.6973,119785.6314,118445.8108,119167.5793,120670.8064,119930.4678,118963.2,117256.4727,116664.2298,117300.8661,118285.8004,118622.8579,117950.5229,115773.4531,113166.1715,111299.0824,109492.7118
Western Europe,Farm-gate emissions,Emissions (CO2eq) from N2O (AR5),kilotonnes,76597.548,76437.3781,75518.5179,74536.4211,74990.9974,73536.6169,71875.0776,73756.9317,72267.1608,70823.4918,72205.8577,70296.3875,70845.4366,72221.0871,73741.845,73901.5268,71694.2805,71872.3327,68581.7188,68149.2816,66669.2959
Western Europe,Farm-gate emissions,Emissions (CO2eq) (AR5),kilotonnes,284393.1889,283416.5993,277376.6211,273109.3319,271686.0246,269237.6113,264632.8203,266554.96,267009.3091,264521.7119,265680.0664,260756.0888,259953.7307,262655.5007,263961.7215,264593.9674,261236.5394,258574.4614,252565.9545,249939.4674,246658.4184
Western Europe,Land Use change,Emissions (CH4),kilotonnes,0,0,0,0,0,0,0,0,0,0,0,0,0,0,0,0,0,0,0,0,0
Western Europe,Land Use change,Emissions (N2O),kilotonnes,0,0,0,0,0,0,0,0,0,0,0,0,0,0,0,0,0,0,0,0,0
Western Europe,Land Use change,Emissions (CO2),kilotonnes,3317.0782,733.2017,733.2017,733.2017,733.2017,733.2017,733.2017,733.2017,733.2017,733.2017,733.2017,3404.6297,3404.6297,3404.6297,3404.6297,3404.6297,783.5527,783.5527,783.5527,783.5527,783.5527
Western Europe,Land Use change,Emissions (CO2eq) from CH4 (AR5),kilotonnes,0,0,0,0,0,0,0,0,0,0,0,0,0,0,0,0,0,0,0,0,0
Western Europe,Land Use change,Emissions (CO2eq) from N2O (AR5),kilotonnes,0,0,0,0,0,0,0,0,0,0,0,0,0,0,0,0,0,0,0,0,0
Western Europe,Land Use change,Emissions (CO2eq) (AR5),kilotonnes,3317.0782,733.2017,733.2017,733.2017,733.2017,733.2017,733.2017,733.2017,733.2017,733.2017,733.2017,3404.6297,3404.6297,3404.6297,3404.6297,3404.6297,783.5527,783.5527,783.5527,783.5527,783.5527
Western Europe,Emissions on agricultural land,Emissions (CH4),kilotonnes,4642.5545,4621.2812,4506.1347,4376.2528,4299.8463,4278.0583,4230.2075,4255.985,4309.6717,4283.231,4248.6857,4187.7312,4166.5796,4189.3166,4224.4929,4236.5306,4212.5187,4134.7662,4041.649,3974.9672,3910.454
Western Europe,Emissions on agricultural land,Emissions (N2O),kilotonnes,289.0474,288.4429,284.9755,281.2695,282.9849,277.4967,271.2267,278.328,272.7063,267.2585,272.4749,265.2694,267.3413,272.5324,278.2711,278.8737,270.5445,271.2163,258.7989,257.1671,251.5822
Western Europe,Emissions on agricultural land,Emissions (CO2),kilotonnes,81121.1924,78316.5502,76419.5324,76771.0335,77032.5317,76648.5647,75045.1336,74363.6507,74804.5436,74500.954,75244.2105,76607.8582,75848.6939,76538.1772,75338.7058,75474.2124,72375.2886,71712.2283,71601.6169,71274.6561,71279.9634
Western Europe,Emissions on agricultural land,Emissions (CO2eq) from CH4 (AR5),kilotonnes,129991.5267,129395.8727,126171.7725,122535.079,120395.6973,119785.6314,118445.8108,119167.5793,120670.8064,119930.4678,118963.2,117256.4727,116664.2298,117300.8661,118285.8004,118622.8579,117950.5229,115773.4531,113166.1715,111299.0824,109492.7118
Western Europe,Emissions on agricultural land,Emissions (CO2eq) from N2O (AR5),kilotonnes,76597.548,76437.3781,75518.5179,74536.4211,74990.9974,73536.6169,71875.0776,73756.9317,72267.1608,70823.4918,72205.8577,70296.3875,70845.4366,72221.0871,73741.845,73901.5268,71694.2805,71872.3327,68581.7188,68149.2816,66669.2959
Western Europe,Emissions on agricultural land,Emissions (CO2eq) (AR5),kilotonnes,287710.2671,284149.8011,278109.8228,273842.5337,272419.2264,269970.813,265366.0221,267288.1617,267742.5109,265254.9136,266413.2681,264160.7184,263358.3603,266060.1304,267366.3512,267998.5971,262020.0921,259358.0141,253349.5072,250723.02,247441.9711
Western Europe,Pre- and post- production,Emissions (CH4),kilotonnes,1772.4974,1784.3849,1161.9745,1177.4325,1176.9847,1147.4294,1111.6976,1107.6973,1070.9118,996.4035,983.123,963.5384,950.4687,988.4401,901.5759,932.1241,865.0561,885.1997,906.9179,937.5931,940.1712
Western Europe,Pre- and post- production,Emissions (N2O),kilotonnes,15.5654,15.7112,15.7915,15.7996,15.7802,15.6849,15.708,15.8725,15.9406,16.2786,16.3057,16.4211,16.5241,16.6011,16.5317,16.72,17.1565,17.9733,18.6731,19.4571,19.8559
Western Europe,Pre- and post- production,Emissions (CO2),kilotonnes,190690.5807,194379.5359,193832.2805,199500.9358,199401.5023,196654.7752,197178.954,190900.6327,192230.7558,187487.5036,193146.0689,185146.51,188803.2467,190237.5289,182510.0063,186852.1979,189221.615,189714.411,186885.8594,190059.2299,167272.7016
Western Europe,Pre- and post- production,Emissions (CO2eq) from F-gases (AR5),kilotonnes,27287.7765,32062.501,36313.5695,40861.2725,45136.7575,50739.0455,55095.5725,59359.109,60389.2775,61044.8865,61518.151,61522.307,61489.5785,61441.265,61441.265,61441.265,46841.7565,47643.345,48445.453,49246.522,44592.6168
Western Europe,Pre- and post- production,Emissions (CO2eq) from CH4 (AR5),kilotonnes,49629.9282,49962.7771,32535.2854,32968.109,32955.5704,32128.0222,31127.5336,31015.5256,29985.5291,27899.297,27527.4449,26979.0739,26613.1239,27676.3227,25244.1242,26099.4745,24221.5708,24785.5911,25393.7011,26252.6059,26324.7934
Western Europe,Pre- and post- production,Emissions (CO2eq) from N2O (AR5),kilotonnes,4124.8197,4163.461,4184.7397,4186.8957,4181.7661,4156.4877,4162.6102,4206.2169,4224.2643,4313.8367,4321.0232,4351.5957,4378.8832,4399.2971,4380.9037,4430.8083,4546.4779,4762.9328,4948.3635,5156.132,5261.8024
Western Europe,Pre- and post- production,Emissions (CO2eq) (AR5),kilotonnes,271733.1051,280568.275,266865.8752,277517.213,281675.5964,283678.3306,287564.6703,285481.4841,286829.8266,280745.5237,286512.688,277999.4866,281284.8323,283754.4137,273576.2992,278823.7457,264831.4202,266906.28,265673.377,270714.4898,243451.9142
Western Europe,Agri-food systems,Emissions (CH4),kilotonnes,6415.052,6405.6661,5668.1092,5553.6853,5476.831,5425.4876,5341.9052,5363.6823,5380.5834,5279.6345,5231.8087,5151.2695,5117.0483,5177.7567,5126.0687,5168.6547,5077.5748,5019.9659,4948.5669,4912.5603,4850.6252
Western Europe,Agri-food systems,Emissions (N2O),kilotonnes,304.6127,304.1541,300.767,297.0691,298.7651,293.1815,286.9347,294.2006,288.6469,283.5371,288.7807,281.6905,283.8654,289.1335,294.8028,295.5937,287.701,289.1897,277.472,276.6242,271.4381
Western Europe,Agri-food systems,Emissions (CO2),kilotonnes,271811.7732,272696.0861,270251.813,276271.9694,276434.034,273303.3399,272224.0876,265264.2834,267035.2994,261988.4575,268390.2794,261754.3682,264651.9406,266775.7061,257848.712,262326.4103,261596.9037,261426.6393,258487.4763,261333.886,238552.665
Western Europe,Agri-food systems,Emissions (CO2eq) from F-gases (AR5),kilotonnes,27287.7765,32062.501,36313.5695,40861.2725,45136.7575,50739.0455,55095.5725,59359.109,60389.2775,61044.8865,61518.151,61522.307,61489.5785,61441.265,61441.265,61441.265,46841.7565,47643.345,48445.453,49246.522,44592.6168
Western Europe,Agri-food systems,Emissions (CO2eq) from CH4 (AR5),kilotonnes,179621.4549,179358.6498,158707.0579,155503.188,153351.2678,151913.6536,149573.3444,150183.1049,150656.3355,147829.7648,146490.6449,144235.5466,143277.3537,144977.1887,143529.9246,144722.3324,142172.0937,140559.0442,138559.8726,137551.6883,135817.5051
Western Europe,Agri-food systems,Emissions (CO2eq) from N2O (AR5),kilotonnes,80722.3677,80600.8391,79703.2577,78723.3168,79172.7635,77693.1045,76037.6878,77963.1486,76491.4251,75137.3285,76526.8809,74647.9833,75224.3197,76620.3842,78122.7487,78332.3351,76240.7584,76635.2655,73530.0823,73305.4135,71931.0984
Western Europe,Agri-food systems,Emissions (CO2eq) (AR5),kilotonnes,559443.3722,564718.076,544975.698,551359.7467,554094.8227,553649.1436,552930.6924,552769.6459,554572.3375,546000.4373,552925.9562,542160.205,544643.1926,549814.5441,540942.6504,546822.3428,526851.5123,526264.2941,519022.8841,521437.5098,490893.8853
Western Europe,IPCC Agriculture,Emissions (CH4),kilotonnes,4638.6356,4617.3724,4502.5212,4372.4614,4296.0546,4274.5499,4226.9858,4252.6617,4306.2986,4280.0621,4245.5663,4184.819,4163.7472,4186.4945,4221.7511,4233.7276,4209.7481,4132.0483,4039.0199,3972.3603,3907.8471
Western Europe,IPCC Agriculture,Direct emissions (N2O),kilotonnes,162.722,162.368,160.6833,158.5106,160.71,156.5518,152.2806,157.521,153.0783,149.166,153.0724,147.8839,149.7779,153.288,157.721,158.0112,151.7958,152.9286,143.9335,143.377,139.326
Western Europe,IPCC Agriculture,Indirect emissions (N2O),kilotonnes,52.1126,52.0365,51.4217,51.0056,51.2379,50.0905,48.7568,50.5589,48.7401,47.4791,48.938,47.3309,47.8446,48.962,50.1977,50.3192,48.6702,48.7979,46.1174,45.6525,44.6105
Western Europe,IPCC Agriculture,Emissions (N2O),kilotonnes,281.1707,280.486,277.1574,273.353,274.9676,269.5723,263.5187,270.805,264.9685,259.5833,264.8675,257.6896,260.0536,264.955,270.7663,271.3344,263.1215,263.8661,251.4857,249.8922,244.3073
Western Europe,IPCC Agriculture,Emissions (CO2eq) from CH4 (AR5),kilotonnes,129881.7978,129286.4284,126070.5939,122428.9197,120289.5297,119687.3964,118355.6037,119074.5265,120576.3606,119841.7395,118875.857,117174.9325,116584.9212,117221.8457,118209.032,118544.372,117872.9468,115697.3516,113092.5569,111226.089,109419.7184
Western Europe,IPCC Agriculture,Emissions (CO2eq) from N2O (AR5),kilotonnes,74510.2382,74328.7775,73446.6984,72438.5446,72866.4142,71436.6492,69832.4648,71763.3345,70216.6542,68789.5767,70189.879,68287.7544,68914.2102,70213.0682,71753.0678,71903.6039,69727.185,69924.5109,66643.7127,66221.4242,64741.4386
Western Europe,IPCC Agriculture,Emissions (CO2eq) (AR5),kilotonnes,204392.0361,203615.2059,199517.2923,194867.4643,193155.944,191124.0456,188188.0685,190837.861,190793.0148,188631.3162,189065.736,185462.6868,185499.1314,187434.9139,189962.0998,190447.9759,187600.1319,185621.8625,179736.2696,177447.5132,174161.157
Western Europe,Agricultural Soils,Direct emissions (N2O),kilotonnes,162.722,162.368,160.6833,158.5106,160.71,156.5518,152.2806,157.521,153.0783,149.166,153.0724,147.8839,149.7779,153.288,157.721,158.0112,151.7958,152.9286,143.9335,143.377,139.326
Western Europe,Agricultural Soils,Indirect emissions (N2O),kilotonnes,52.1126,52.0365,51.4217,51.0056,51.2379,50.0905,48.7568,50.5589,48.7401,47.4791,48.938,47.3309,47.8446,48.962,50.1977,50.3192,48.6702,48.7979,46.1174,45.6525,44.6105
Western Europe,Agricultural Soils,Emissions (N2O),kilotonnes,245.1441,244.618,242.123,239.3285,241.5816,236.2868,230.676,237.7204,231.4444,226.2657,231.6358,224.8419,227.2454,231.8719,237.5162,237.9251,229.9442,231.1935,219.518,218.395,213.3057
Western Europe,Agricultural Soils,Emissions (CO2eq) from N2O (AR5),kilotonnes,64963.1942,64823.7766,64162.5838,63422.0433,64019.122,62616.0084,61129.1308,62995.9137,61332.7545,59960.402,61383.4975,59583.1063,60220.032,61446.0595,62941.7874,63050.1516,60935.2246,61266.2838,58172.258,57874.6635,56526.0087
Western Europe,Agricultural Soils,Emissions (CO2eq) (AR5),kilotonnes,64963.1942,64823.7766,64162.5838,63422.0433,64019.122,62616.0084,61129.1308,62995.9137,61332.7545,59960.402,61383.4975,59583.1063,60220.032,61446.0595,62941.7874,63050.1516,60935.2246,61266.2838,58172.258,57874.6635,56526.0087
Western Europe,LULUCF,Emissions (CH4),kilotonnes,0.8734,0.2443,0.2219,1.2242,0.3041,0.7704,0.0125,0.1297,0.3016,0.5858,0.2194,0.0973,1.0993,0.0474,0.5262,0.0873,0.1022,1.4086,0.0798,1.0121,0.2069
Western Europe,LULUCF,Emissions (N2O),kilotonnes,0.0483,0.0223,0.0203,0.1118,0.0278,0.0703,0.0011,0.0118,0.0275,0.0535,0.02,0.0089,0.1004,0.0043,0.048,0.008,0.0093,0.1286,0.0073,0.0924,0.0189
Western Europe,LULUCF,Emissions (CO2),kilotonnes,-69195.6461,-70339.6449,-70619.0906,-70911.7155,-71166.2234,-71150.9357,-71159.6203,-71157.0439,-71178.3109,-71186.1631,-71179.3086,-76265.1209,-76271.1068,-76272.5529,-76307.9997,-76311.9345,-74959.6884,-74975.8349,-74974.8116,-75118.9255,-75113.6183
Western Europe,LULUCF,Emissions (CO2eq) from CH4 (AR5),kilotonnes,24.4562,6.8396,6.2122,34.277,8.5155,21.5698,0.3492,3.6329,8.4453,16.4034,6.1421,2.7236,30.7808,1.3273,14.7343,2.4432,2.8625,39.4422,2.2357,28.3378,5.7925
Western Europe,LULUCF,Emissions (CO2eq) from N2O (AR5),kilotonnes,12.8043,5.9103,5.3681,29.6198,7.3585,18.6391,0.3018,3.1393,7.2979,14.1747,5.3075,2.3536,26.5986,1.147,12.7323,2.1112,2.4735,34.0832,1.9319,24.4875,5.0054
Western Europe,LULUCF,Emissions (CO2eq) (AR5),kilotonnes,-69158.3856,-70326.895,-70607.5103,-70847.8186,-71150.3494,-71110.7268,-71158.9692,-71150.2716,-71162.5677,-71155.5851,-71167.859,-76260.0437,-76213.7274,-76270.0786,-76280.5331,-76307.3801,-74954.3524,-74902.3096,-74970.644,-75066.1002,-75102.8203
Western Europe,AFOLU,Emissions (CH4),kilotonnes,4639.5091,4617.6167,4502.7431,4373.6856,4296.3588,4275.3202,4226.9983,4252.7914,4306.6002,4280.648,4245.7857,4184.9163,4164.8465,4186.5419,4222.2774,4233.8148,4209.8503,4133.4569,4039.0997,3973.3724,3908.054
Western Europe,AFOLU,Emissions (N2O),kilotonnes,281.219,280.5083,277.1776,273.4648,274.9954,269.6426,263.5199,270.8169,264.996,259.6368,264.8875,257.6985,260.154,264.9593,270.8143,271.3423,263.1308,263.9947,251.493,249.9846,244.3262
Western Europe,AFOLU,Emissions (CO2),kilotonnes,-69195.6461,-70339.6449,-70619.0906,-70911.7155,-71166.2234,-71150.9357,-71159.6203,-71157.0439,-71178.3109,-71186.1631,-71179.3086,-76265.1209,-76271.1068,-76272.5529,-76307.9997,-76311.9345,-74959.6884,-74975.8349,-74974.8116,-75118.9255,-75113.6183
Western Europe,AFOLU,Emissions (CO2eq) from CH4 (AR5),kilotonnes,129906.2541,129293.268,126076.8061,122463.1968,120298.0452,119708.9663,118355.9529,119078.1595,120584.806,119858.1429,118881.999,117177.6561,116615.702,117223.173,118223.7663,118546.8152,117875.8093,115736.7938,113094.7926,111254.4268,109425.5109
Western Europe,AFOLU,Emissions (CO2eq) from N2O (AR5),kilotonnes,74523.0425,74334.6878,73452.0666,72468.1644,72873.7728,71455.2884,69832.7666,71766.4738,70223.952,68803.7514,70195.1866,68290.1079,68940.8088,70214.2152,71765.8002,71905.7151,69729.6586,69958.5941,66645.6446,66245.9117,64746.444
Western Europe,AFOLU,Emissions (CO2eq) (AR5),kilotonnes,135233.6504,133288.3109,128909.782,124019.6457,122005.5946,120013.3189,117029.0993,119687.5894,119630.4471,117475.7311,117897.877,109202.6431,109285.404,111164.8353,113681.5667,114140.5958,112645.7794,110719.5529,104765.6255,102381.413,99058.3367
Western Europe,All sectors with LULUCF,Emissions (CH4),kilotonnes,9643.0984,9437.9108,9226.5362,9057.0907,8912.6039,8703.9797,8507.5592,8415.6077,8373.0358,8160.8421,8113.4711,7927.4341,7834.2596,7821.5983,7741.3935,7630.4355,7595.9211,7521.6262,7306.4662,7082.0756,6864.6614
Western Europe,All sectors with LULUCF,Emissions (N2O),kilotonnes,440.802,431.6168,427.0252,425.0383,422.3646,416.1674,414.94,415.6788,385.0082,374.0687,381.3557,372.5414,384.7206,390.411,394.1269,394.8267,385.8937,385.6527,372.1086,365.1017,352.0683
Western Europe,All sectors with LULUCF,Emissions (CO2),kilotonnes,1616126.356,1667382.249,1632569.838,1641607.951,1637585.442,1616808.438,1618393.926,1568395.618,1562952.388,1472559.657,1545884.501,1465411.098,1459233.041,1481113.675,1395995.847,1418290.302,1419239.237,1420668.619,1382283.212,1321631.147,1154017.055
Western Europe,All sectors with LULUCF,Emissions (CO2eq) from F-gases (AR5),kilotonnes,50673.2505,45535.8464,47385.5035,51031.7211,53669.1796,55692.6156,61520.84,65936.2694,71440.1901,82042.0326,92097.166,92827.3424,90382.6022,90171.5371,90326.3376,91449.0057,92818.791,91191.8794,83554.5686,80593.5353,73029.9806
Western Europe,All sectors with LULUCF,Emissions (CO2eq) from CH4 (AR5),kilotonnes,270006.7544,264261.5022,258343.0125,253598.5407,249552.9101,243711.4316,238211.658,235637.0167,234445.0019,228503.5777,227177.1913,221968.1545,219359.2677,219004.7528,216759.0182,213652.1928,212685.7908,210605.533,204581.054,198298.117,192210.5196
Western Europe,All sectors with LULUCF,Emissions (CO2eq) from N2O (AR5),kilotonnes,116812.5349,114378.4536,113161.67,112635.1578,111926.624,110284.3604,109959.0905,110154.8852,102027.1638,99128.2155,101059.2596,98723.4817,101950.9472,103458.9157,104443.6286,104629.0652,102261.8191,102197.9694,98608.7706,96751.9565,93298.1111
Western Europe,All sectors with LULUCF,Emissions (CO2eq) (AR5),kilotonnes,2053618.896,2091558.051,2051460.024,2058873.371,2052734.156,2026496.846,2028085.515,1980123.789,1970864.744,1882233.483,1966218.118,1878930.076,1870925.859,1893748.88,1807524.831,1828020.565,1827005.638,1824664.001,1769027.605,1697274.755,1512555.666
Western Europe,All sectors without LULUCF,Emissions (CH4),kilotonnes,9642.2249,9437.6665,9226.3143,9055.8666,8912.2998,8703.2093,8507.5467,8415.478,8372.7342,8160.2562,8113.2518,7927.3368,7833.1602,7821.5509,7740.8673,7630.3482,7595.8189,7520.2175,7306.3864,7081.0635,6864.4545
Western Europe,All sectors without LULUCF,Emissions (N2O),kilotonnes,440.7537,431.5945,427.0049,424.9266,422.3369,416.0971,414.9388,415.667,384.9806,374.0152,381.3357,372.5326,384.6202,390.4067,394.0789,394.8187,385.8843,385.5241,372.1013,365.0093,352.0495
Western Europe,All sectors without LULUCF,Emissions (CO2),kilotonnes,1685322.002,1737721.894,1703188.928,1712519.667,1708751.665,1687959.374,1689553.547,1639552.662,1634130.699,1543745.82,1617063.81,1541676.219,1535504.148,1557386.228,1472303.847,1494602.236,1494198.925,1495644.454,1457258.023,1396750.072,1229130.673
Western Europe,All sectors without LULUCF,Emissions (CO2eq) from F-gases (AR5),kilotonnes,50673.2505,45535.8464,47385.5035,51031.7211,53669.1796,55692.6156,61520.84,65936.2694,71440.1901,82042.0326,92097.166,92827.3424,90382.6022,90171.5371,90326.3376,91449.0057,92818.791,91191.8794,83554.5686,80593.5353,73029.9806
Western Europe,All sectors without LULUCF,Emissions (CO2eq) from CH4 (AR5),kilotonnes,269982.2982,264254.6626,258336.8004,253564.2637,249544.3946,243689.8617,238211.3088,235633.3837,234436.5566,228487.1743,227171.0493,221965.4308,219328.4869,219003.4254,216744.2839,213649.7496,212682.9283,210566.0908,204578.8183,198269.7793,192204.7271
Western Europe,All sectors without LULUCF,Emissions (CO2eq) from N2O (AR5),kilotonnes,116799.7306,114372.5432,113156.3018,112605.538,111919.2655,110265.7212,109958.7887,110151.7459,102019.866,99114.0408,101053.952,98721.1282,101924.3486,103457.7687,104430.8962,104626.954,102259.3456,102163.8862,98606.8387,96727.469,93293.1057
Western Europe,All sectors without LULUCF,Emissions (CO2eq) (AR5),kilotonnes,2122777.281,2161884.946,2122067.534,2129721.189,2123884.505,2097607.572,2099244.484,2051274.061,2042027.311,1953389.068,2037385.977,1955190.12,1947139.586,1970018.959,1883805.364,1904327.945,1901959.99,1899566.311,1843998.249,1772340.856,1587658.487
Oceania,Crop Residues,Direct emissions (N2O),kilotonnes,7.2575,7.3289,8.0087,4.3614,8.8073,7.4958,8.4285,4.5239,6.1009,7.5513,7.3944,8.4876,9.1452,7.6624,8.2005,7.9867,7.5609,10.2811,7.299,6.5149,6.0112
Oceania,Crop Residues,Indirect emissions (N2O),kilotonnes,1.6329,1.649,1.802,0.9813,1.9816,1.6866,1.8964,1.0179,1.3727,1.699,1.6637,1.9097,2.0577,1.724,1.8451,1.797,1.7012,2.3132,1.6423,1.4659,1.3525
Oceania,Crop Residues,Emissions (N2O),kilotonnes,8.8904,8.9779,9.8106,5.3428,10.7889,9.1824,10.325,5.5418,7.4736,9.2503,9.0582,10.3973,11.2028,9.3864,10.0456,9.7837,9.2622,12.5943,8.9413,7.9808,7.3638
Oceania,Crop Residues,Emissions (CO2eq) from N2O (AR5),kilotonnes,2355.9674,2379.1371,2599.8181,1415.8345,2859.0639,2433.3252,2736.1166,1468.5742,1980.5103,2451.3324,2400.4115,2755.2716,2968.7541,2487.406,2662.0862,2592.6735,2454.4723,3337.4925,2369.4384,2114.9039,1951.396
Oceania,Crop Residues,Emissions (CO2eq) (AR5),kilotonnes,2355.9674,2379.1371,2599.8181,1415.8345,2859.0639,2433.3252,2736.1166,1468.5742,1980.5103,2451.3324,2400.4115,2755.2716,2968.7541,2487.406,2662.0862,2592.6735,2454.4723,3337.4925,2369.4384,2114.9039,1951.396
Oceania,Rice Cultivation,Emissions (CH4),kilotonnes,43.063,56.6809,46.4525,15.61,22.0748,17.3814,33.2852,7.3226,1.8152,3.2079,6.7304,24.668,33.165,36.5327,24.7891,22.7007,9.2422,26.7757,20.0487,3.124,2.3622
Oceania,Rice Cultivation,Emissions (CO2eq) from CH4 (AR5),kilotonnes,1205.7626,1587.0639,1300.6686,437.0791,618.0955,486.6798,931.9851,205.0338,50.825,89.8211,188.4525,690.7031,928.6213,1022.9169,694.0935,635.6198,258.7829,749.7186,561.3641,87.4734,66.1413
Oceania,Rice Cultivation,Emissions (CO2eq) (AR5),kilotonnes,1205.7626,1587.0639,1300.6686,437.0791,618.0955,486.6798,931.9851,205.0338,50.825,89.8211,188.4525,690.7031,928.6213,1022.9169,694.0935,635.6198,258.7829,749.7186,561.3641,87.4734,66.1413
Oceania,Burning - Crop residues,Emissions (CH4),kilotonnes,14.5172,14.5323,13.8844,13.2972,15.427,15.7382,14.7028,13.8428,14.6629,15.7225,16.0852,15.6278,16.1716,15.1828,14.7495,14.515,13.365,14.4676,13.0023,12.3021,11.6076
Oceania,Burning - Crop residues,Emissions (N2O),kilotonnes,0.3764,0.3768,0.36,0.3447,0.4,0.408,0.3812,0.3589,0.3801,0.4076,0.417,0.4052,0.4193,0.3936,0.3824,0.3763,0.3465,0.3751,0.3371,0.3189,0.3009
Oceania,Burning - Crop residues,Emissions (CO2eq) from CH4 (AR5),kilotonnes,406.4812,406.9048,388.7642,372.3215,431.9572,440.6705,411.6797,387.5974,410.5618,440.2302,450.3856,437.579,452.8043,425.119,412.9849,406.4197,374.2197,405.0929,364.0654,344.4588,325.0138
Oceania,Burning - Crop residues,Emissions (CO2eq) from N2O (AR5),kilotonnes,99.7384,99.8424,95.3912,91.3567,105.9895,108.1275,101.014,95.1049,100.7397,108.0195,110.5113,107.3689,111.1048,104.3116,101.3343,99.7234,91.8224,99.3978,89.3309,84.52,79.7487
Oceania,Burning - Crop residues,Emissions (CO2eq) (AR5),kilotonnes,506.2196,506.7472,484.1555,463.6782,537.9467,548.798,512.6936,482.7023,511.3014,548.2497,560.8969,544.948,563.909,529.4307,514.3192,506.143,466.0422,504.4906,453.3963,428.9788,404.7625
Oceania,Enteric Fermentation,Emissions (CH4),kilotonnes,3719.726,3672.4339,3668.5904,3547.2817,3608.3404,3624.7251,3587.1467,3509.5202,3366.3755,3380.8108,3268.2747,3418.1222,3445.8954,3501.2056,3459.3506,3315.1313,3134.6803,3237.9237,3231.2515,3087.3283,2983.312
Oceania,Enteric Fermentation,Emissions (CO2eq) from CH4 (AR5),kilotonnes,104152.3268,102828.148,102720.53,99323.8872,101033.5301,101492.3039,100440.1076,98266.5652,94258.5129,94662.7016,91511.692,95707.4209,96485.0707,98033.7581,96861.8174,92823.6764,87771.0477,90661.8631,90475.0431,86445.1923,83532.7356
Oceania,Enteric Fermentation,Emissions (CO2eq) (AR5),kilotonnes,104152.3268,102828.148,102720.53,99323.8872,101033.5301,101492.3039,100440.1076,98266.5652,94258.5129,94662.7016,91511.692,95707.4209,96485.0707,98033.7581,96861.8174,92823.6764,87771.0477,90661.8631,90475.0431,86445.1923,83532.7356
Oceania,Manure Management,Emissions (CH4),kilotonnes,316.2275,325.0439,331.2025,325.6519,329.8145,327.4682,328.4012,323.3057,315.3016,320.93,316.2497,325.7382,332.2385,332.3957,335.7979,329.0385,322.8248,324.9523,326.2951,311.4428,306.473
Oceania,Manure Management,Emissions (N2O),kilotonnes,7.6667,7.7782,7.8963,7.6325,7.7346,7.7612,7.9818,7.9552,7.768,7.8963,7.6269,8.0171,8.016,8.1767,8.1427,7.7262,7.2657,7.5681,7.6271,7.3417,7.0563
Oceania,Manure Management,Emissions (CO2eq) from CH4 (AR5),kilotonnes,8854.37,9101.2296,9273.6689,9118.2546,9234.8064,9169.1107,9195.2337,9052.5584,8828.4434,8986.0401,8854.9922,9120.6701,9302.6788,9307.0809,9402.3402,9213.0772,9039.0954,9098.6638,9136.264,8720.3984,8581.2444
Oceania,Manure Management,Emissions (CO2eq) from N2O (AR5),kilotonnes,2031.6657,2061.2309,2092.5253,2022.6048,2049.6782,2056.7048,2115.1816,2108.1206,2058.5261,2092.5219,2021.1159,2124.5313,2124.2519,2166.82,2157.8053,2047.4322,1925.4159,2005.5434,2021.1808,1945.5407,1869.9173
Oceania,Manure Management,Emissions (CO2eq) (AR5),kilotonnes,10886.0357,11162.4605,11366.1942,11140.8594,11284.4846,11225.8155,11310.4153,11160.679,10886.9696,11078.5619,10876.108,11245.2014,11426.9307,11473.9009,11560.1455,11260.5094,10964.5113,11104.2072,11157.4448,10665.9391,10451.1617
Oceania,Manure left on Pasture,Direct emissions (N2O),kilotonnes,116.9728,114.6521,114.1046,109.9311,111.7889,112.4413,110.5282,107.6214,102.4134,102.2535,98.6902,103.1842,103.9458,105.5769,103.9661,99.6769,94.0876,97.5477,97.1584,92.8698,89.6507
Oceania,Manure left on Pasture,Indirect emissions (N2O),kilotonnes,35.8015,34.662,34.2402,32.8759,33.4106,33.6122,32.5424,31.4078,29.4341,29.0517,28.0032,29.196,29.4796,29.8493,29.2473,28.1764,26.6682,27.7004,27.4656,26.2513,25.3635
Oceania,Manure left on Pasture,Emissions (N2O),kilotonnes,152.7743,149.3141,148.3448,142.807,145.1996,146.0535,143.0706,139.0292,131.8475,131.3053,126.6935,132.3802,133.4253,135.4263,133.2134,127.8533,120.7558,125.2481,124.624,119.1212,115.0142
Oceania,Manure left on Pasture,Emissions (CO2eq) from N2O (AR5),kilotonnes,40485.1972,39568.2254,39311.3618,37843.8622,38477.8832,38704.1899,37913.7205,36842.7328,34939.5894,34795.9035,33573.7718,35080.7555,35357.7124,35887.9654,35301.5436,33881.1338,32000.2823,33190.7531,33025.361,31567.1129,30478.7756
Oceania,Manure left on Pasture,Emissions (CO2eq) (AR5),kilotonnes,40485.1972,39568.2254,39311.3618,37843.8622,38477.8832,38704.1899,37913.7205,36842.7328,34939.5894,34795.9035,33573.7718,35080.7555,35357.7124,35887.9654,35301.5436,33881.1338,32000.2823,33190.7531,33025.361,31567.1129,30478.7756
Oceania,Manure applied to Soils,Direct emissions (N2O),kilotonnes,3.5526,3.6528,3.7201,3.6466,3.6766,3.6379,3.8027,3.8322,3.724,3.7983,3.6661,3.8292,3.9081,3.9351,3.9542,3.8018,3.6931,3.7956,3.8423,3.7783,3.645
Oceania,Manure applied to Soils,Indirect emissions (N2O),kilotonnes,1.5098,1.5524,1.581,1.5498,1.5625,1.5461,1.6161,1.6287,1.5827,1.6143,1.5581,1.6274,1.661,1.6724,1.6805,1.6158,1.5695,1.6132,1.633,1.6058,1.5491
Oceania,Manure applied to Soils,Emissions (N2O),kilotonnes,5.0624,5.2053,5.3012,5.1964,5.2391,5.1839,5.4188,5.4608,5.3067,5.4126,5.2242,5.4566,5.5691,5.6076,5.6347,5.4176,5.2626,5.4088,5.4753,5.3841,5.1942
Oceania,Manure applied to Soils,Emissions (CO2eq) from N2O (AR5),kilotonnes,1341.5364,1379.3927,1404.8077,1377.042,1388.3621,1373.7446,1435.982,1447.1223,1406.2844,1434.3473,1384.4213,1445.9992,1475.8057,1486.0032,1493.1882,1435.6658,1394.5897,1433.3315,1450.9674,1426.7812,1376.4519
Oceania,Manure applied to Soils,Emissions (CO2eq) (AR5),kilotonnes,1341.5364,1379.3927,1404.8077,1377.042,1388.3621,1373.7446,1435.982,1447.1223,1406.2844,1434.3473,1384.4213,1445.9992,1475.8057,1486.0032,1493.1882,1435.6658,1394.5897,1433.3315,1450.9674,1426.7812,1376.4519
Oceania,Synthetic Fertilizers,Direct emissions (N2O),kilotonnes,18.6959,20.6404,19.9062,19.9228,22.4392,20.8797,18.6156,18.5015,18.6153,18.3748,21.0906,23.2896,23.7096,25.3495,28.761,27.6452,30.365,30.9463,29.9334,28.6576,28.9234
Oceania,Synthetic Fertilizers,Indirect emissions (N2O),kilotonnes,6.0762,6.7081,6.4695,6.4749,7.2927,6.7859,6.0501,6.013,6.05,5.9718,6.8545,7.5691,7.7056,8.2386,9.3473,8.9847,9.8686,10.0575,9.7283,9.3137,9.4001
Oceania,Synthetic Fertilizers,Emissions (N2O),kilotonnes,24.7721,27.3486,26.3758,26.3978,29.7319,27.6656,24.6657,24.5145,24.6652,24.3466,27.9451,30.8588,31.4152,33.588,38.1083,36.6299,40.2336,41.0038,39.6617,37.9713,38.3235
Oceania,Synthetic Fertilizers,Emissions (CO2eq) from N2O (AR5),kilotonnes,6564.6029,7247.366,6989.5745,6995.4067,7878.9581,7331.3837,6536.4076,6496.3547,6536.2823,6451.8563,7405.445,8177.5759,8325.0346,8900.8295,10098.6989,9706.9352,10661.8946,10866.0056,10510.3551,10062.3844,10155.7233
Oceania,Synthetic Fertilizers,Emissions (CO2eq) (AR5),kilotonnes,6564.6029,7247.366,6989.5745,6995.4067,7878.9581,7331.3837,6536.4076,6496.3547,6536.2823,6451.8563,7405.445,8177.5759,8325.0346,8900.8295,10098.6989,9706.9352,10661.8946,10866.0056,10510.3551,10062.3844,10155.7233
Oceania,Drained organic soils,Emissions (CO2eq) (AR5),kilotonnes,29481.2573,29853.3599,30098.2958,29931.1156,30015.2617,29803.398,29544.7488,29359.1339,28842.7811,28654.7197,28627.1193,28584.1532,28562.446,28500.7935,28408.5755,28408.4279,28231.8313,28204.7482,28314.9006,28508.4951,28881.5386
Oceania,Drained organic soils (CO2),Emissions (CO2),kilotonnes,27701.9022,28061.3596,28299.0475,28139.5972,28221.4563,28017.9738,27771.6176,27594.1867,27099.5947,26920.1546,26894.5228,26852.7131,26831.8254,26773.3352,26686.5983,26686.4632,26515.6835,26489.6222,26594.6729,26782.5211,27141.104
Oceania,Drained organic soils (CO2),Emissions (CO2eq) (AR5),kilotonnes,27701.9022,28061.3596,28299.0475,28139.5972,28221.4563,28017.9738,27771.6176,27594.1867,27099.5947,26920.1546,26894.5228,26852.7131,26831.8254,26773.3352,26686.5983,26686.4632,26515.6835,26489.6222,26594.6729,26782.5211,27141.104
Oceania,Drained organic soils (N2O),Emissions (N2O),kilotonnes,6.7145,6.7623,6.7896,6.7604,6.7691,6.7374,6.6911,6.6602,6.5781,6.5455,6.5381,6.5337,6.5306,6.5187,6.498,6.498,6.476,6.4722,6.4914,6.5131,6.5677
Oceania,Drained organic soils (N2O),Emissions (CO2eq) from N2O (AR5),kilotonnes,1779.3551,1792.0003,1799.2483,1791.5184,1793.8055,1785.4242,1773.1313,1764.9472,1743.1864,1734.5651,1732.5965,1731.4401,1730.6206,1727.4583,1721.9772,1721.9647,1716.1478,1715.126,1720.2277,1725.974,1740.4346
Oceania,Drained organic soils (N2O),Emissions (CO2eq) (AR5),kilotonnes,1779.3551,1792.0003,1799.2483,1791.5184,1793.8055,1785.4242,1773.1313,1764.9472,1743.1864,1734.5651,1732.5965,1731.4401,1730.6206,1727.4583,1721.9772,1721.9647,1716.1478,1715.126,1720.2277,1725.974,1740.4346
Oceania,On-farm energy use,Emissions (CH4),kilotonnes,2.0637,1.9136,1.6971,1.7652,1.7852,1.7326,2.2735,2.3181,2.2113,2.1389,2.1309,1.8915,1.8233,1.8424,1.8109,1.7505,1.7795,1.7747,1.8487,1.868,1.868
Oceania,On-farm energy use,Emissions (N2O),kilotonnes,2.1489,2.1574,2.4082,2.8319,2.8142,2.9747,2.7783,2.8569,2.8475,2.7925,2.8269,2.8123,2.8488,2.861,2.898,2.9811,3.1027,3.2497,3.2785,3.3553,3.3553
Oceania,On-farm energy use,Emissions (CO2),kilotonnes,6937.5188,6879.0624,7404.874,8671.8551,8921.5901,9548.6133,9802.5659,10413.1952,10485.0093,10098.1547,10519.8789,10144.7056,10013.8626,9817.6468,9465.2713,9183.1205,9396.5381,9702.9993,9765.7148,9917.0217,9917.0217
Oceania,On-farm energy use,Emissions (CO2eq) from CH4 (AR5),kilotonnes,57.7847,53.5799,47.5176,49.4247,49.9853,48.5117,63.6572,64.9081,61.9155,59.8901,59.6652,52.9631,51.0524,51.5886,50.7057,49.0131,49.8254,49.6902,51.7638,52.3037,52.3037
Oceania,On-farm energy use,Emissions (CO2eq) from N2O (AR5),kilotonnes,569.4467,571.7232,638.1629,750.45,745.7507,788.2865,736.2583,757.0802,754.5872,740.0055,749.1297,745.2658,754.9361,758.1711,767.9691,789.9891,822.2029,861.1736,868.803,889.1552,889.1552
Oceania,On-farm energy use,Emissions (CO2eq) (AR5),kilotonnes,7564.7501,7504.3654,8090.5544,9471.7298,9717.3261,10385.4116,10602.4814,11235.1835,11301.5119,10898.0504,11328.6739,10942.9346,10819.8511,10627.4065,10283.9461,10022.1227,10268.5664,10613.8632,10686.2816,10858.4805,10858.4805
Oceania,Forestland,Emissions (CO2),kilotonnes,-38514.8,-67240.4035,-67240.4035,-67240.4035,-67240.4035,-67240.4035,-67240.4035,-67240.4035,-67240.4035,-67240.4035,-67240.4035,-70828.0325,-70828.0325,-70828.0325,-70828.0325,-70828.0325,27237.9465,27237.9465,27237.9465,27237.9465,27237.9465
Oceania,Forestland,Emissions (CO2eq) (AR5),kilotonnes,-38514.8,-67240.4035,-67240.4035,-67240.4035,-67240.4035,-67240.4035,-67240.4035,-67240.4035,-67240.4035,-67240.4035,-67240.4035,-70828.0325,-70828.0325,-70828.0325,-70828.0325,-70828.0325,27237.9465,27237.9465,27237.9465,27237.9465,27237.9465
Oceania,Net Forest conversion,Emissions (CO2),kilotonnes,64560.0439,72635.6596,72635.6596,72635.6596,72635.6596,72635.6596,72635.6596,72635.6596,72635.6596,72635.6596,72635.6596,11286.4721,11286.4721,11286.4721,11286.4721,11286.4721,15781.2936,15781.2936,15781.2936,15781.2936,15781.2936
Oceania,Net Forest conversion,Emissions (CO2eq) (AR5),kilotonnes,64560.0439,72635.6596,72635.6596,72635.6596,72635.6596,72635.6596,72635.6596,72635.6596,72635.6596,72635.6596,72635.6596,11286.4721,11286.4721,11286.4721,11286.4721,11286.4721,15781.2936,15781.2936,15781.2936,15781.2936,15781.2936
Oceania,Savanna fires,Emissions (CH4),kilotonnes,1774.4896,2153.9444,1908.8438,543.5568,1296.4468,477.2005,1236.8853,1142.1574,601.9159,722.9625,340.1629,2197.4482,2154.7896,560.364,990.6368,931.0402,441.1484,1156.629,1124.8127,655.2066,258.1642
Oceania,Savanna fires,Emissions (N2O),kilotonnes,162.0186,196.6645,174.2857,49.6291,118.3712,43.5705,112.933,104.2839,54.9575,66.0096,31.0584,200.6366,196.7417,51.1637,90.4495,85.008,40.2788,105.6053,102.7003,59.8232,23.5715
Oceania,Savanna fires,Emissions (CO2eq) from CH4 (AR5),kilotonnes,49685.7076,60310.4427,53447.626,15219.5905,36300.5099,13361.6131,34632.789,31980.408,16853.6457,20242.9488,9524.5617,61528.5492,60334.1078,15690.1906,27737.8316,26069.1252,12352.1546,32385.6115,31494.7553,18345.7862,7228.5989
Oceania,Savanna fires,Emissions (CO2eq) from N2O (AR5),kilotonnes,42934.9324,52116.089,46185.7203,13151.7114,31368.3754,11546.1766,29927.247,27635.2439,14563.7482,17492.5482,8230.4636,53168.6919,52136.5388,13558.3713,23969.1045,22527.1245,10673.8727,27985.3925,27215.5766,15853.1522,6246.4523
Oceania,Savanna fires,Emissions (CO2eq) (AR5),kilotonnes,92620.64,112426.5317,99633.3462,28371.3019,67668.8853,24907.7897,64560.0361,59615.6519,31417.3939,37735.497,17755.0253,114697.2411,112470.6467,29248.5619,51706.9361,48596.2496,23026.0272,60371.004,58710.3318,34198.9383,13475.0512
Oceania,Fires in organic soils,Emissions (CH4),kilotonnes,0,0,0,0,0,0,0,0,0,0,0,0,0,0,0,0,0,0,0,0,0
Oceania,Fires in organic soils,Emissions (CO2),kilotonnes,0,0,0,0,0,0,0,0,0,0,0,0,0,0,0,0,0,0,0,0,0
Oceania,Fires in organic soils,Emissions (CO2eq) from CH4 (AR5),kilotonnes,0,0,0,0,0,0,0,0,0,0,0,0,0,0,0,0,0,0,0,0,0
Oceania,Fires in organic soils,Emissions (CO2eq) (AR5),kilotonnes,0,0,0,0,0,0,0,0,0,0,0,0,0,0,0,0,0,0,0,0,0
Oceania,Forest fires,Emissions (CH4),kilotonnes,97.7753,43.2718,88.3754,147.2395,25.8474,14.865,114.9392,41.0684,10.013,66.845,11.7266,21.5642,32.7198,55.7529,43.3777,50.2418,34.7651,22.7304,37.6698,387.8571,211.069
Oceania,Forest fires,Emissions (N2O),kilotonnes,4.1125,3.9509,8.0691,13.4436,2.36,1.3572,10.4944,3.7497,0.9142,6.1032,1.0707,1.9689,2.9875,5.0905,3.9606,4.5873,3.1742,2.0754,3.4394,35.413,19.2715
Oceania,Forest fires,Emissions (CO2eq) from CH4 (AR5),kilotonnes,2737.7074,1211.6091,2474.5121,4122.7062,723.7262,416.2198,3218.2974,1149.9139,280.364,1871.6594,328.344,603.7966,916.1551,1561.0824,1214.5757,1406.7697,973.423,636.4505,1054.7554,10859.9992,5909.9325
Oceania,Forest fires,Emissions (CO2eq) from N2O (AR5),kilotonnes,1089.8106,1046.9883,2138.3012,3562.5559,625.3938,359.6682,2781.0287,993.6756,242.2711,1617.3578,283.7321,521.759,791.6775,1348.9788,1049.5519,1215.6325,841.1644,549.9762,911.4462,9384.4558,5106.9525
Oceania,Forest fires,Emissions (CO2eq) (AR5),kilotonnes,3827.518,2258.5974,4612.8133,7685.2621,1349.1199,775.888,5999.3261,2143.5894,522.6351,3489.0172,612.0761,1125.5557,1707.8326,2910.0613,2264.1276,2622.4021,1814.5874,1186.4267,1966.2016,20244.4549,11016.885
Oceania,Fires in humid tropical forests,Emissions (CH4),kilotonnes,11.8269,1.9756,7.5168,4.0195,12.0771,4.494,3.4421,1.4478,2.3878,5.3168,1.2155,4.0732,4.5717,3.7161,4.7969,21.8729,3.0004,2.6755,13.0308,3.0212,1.7756
Oceania,Fires in humid tropical forests,Emissions (N2O),kilotonnes,0.3479,0.1804,0.6863,0.367,1.1027,0.4103,0.3143,0.1322,0.218,0.4855,0.111,0.3719,0.4174,0.3393,0.438,1.9971,0.2739,0.2443,1.1898,0.2759,0.1621
Oceania,Fires in humid tropical forests,Emissions (CO2eq) from CH4 (AR5),kilotonnes,331.1537,55.3175,210.4691,112.5462,338.158,125.8306,96.3801,40.5375,66.8592,148.8717,34.0351,114.0502,128.0069,104.0497,134.3119,612.4422,84.0101,74.9151,364.8634,84.5944,49.7169
Oceania,Fires in humid tropical forests,Emissions (CO2eq) from N2O (AR5),kilotonnes,92.1803,47.8015,181.8728,97.2546,292.2126,108.7341,83.285,35.0297,57.7751,128.6446,29.4108,98.5542,110.6147,89.9125,116.063,529.2299,72.5957,64.7364,315.2896,73.1006,42.9619
Oceania,Fires in humid tropical forests,Emissions (CO2eq) (AR5),kilotonnes,423.334,103.119,392.3419,209.8007,630.3706,234.5647,179.6651,75.5672,124.6343,277.5163,63.4458,212.6044,238.6216,193.9622,250.3748,1141.6721,156.6057,139.6515,680.153,157.6949,92.6788
Oceania,Waste - agri-food systems,Emissions (CH4),kilotonnes,199.4217,200.7729,205.2789,207.4548,210.4699,213.4374,216.1062,217.6767,219.9081,222.2633,224.2461,226.6773,230.754,235.6135,232.5344,229.9066,231.4715,232.9355,235.3597,236.6262,237.7927
Oceania,Waste - agri-food systems,Emissions (N2O),kilotonnes,1.2717,1.2908,1.3402,1.393,1.347,1.3947,1.4218,1.4731,1.483,1.4864,1.5292,1.6097,1.6274,1.6974,1.7059,1.7445,1.7764,1.8196,1.8702,1.9116,1.9517
Oceania,Waste - agri-food systems,Emissions (CO2),kilotonnes,149.4621,149.0357,149.4101,150.4471,151.9015,152.5807,152.9108,153.7219,154.7226,154.0265,155.2066,156.274,156.8004,156.9573,156.6534,156.1523,155.6539,156.1863,156.5644,156.4443,156.2095
Oceania,Waste - agri-food systems,Emissions (CO2eq) from CH4 (AR5),kilotonnes,5583.8074,5621.6399,5747.8091,5808.7355,5893.1571,5976.2484,6050.9747,6094.9485,6157.4263,6223.3737,6278.8897,6346.9639,6461.1117,6597.1774,6510.9631,6437.3855,6481.2033,6522.1926,6590.0727,6625.5343,6658.1952
Oceania,Waste - agri-food systems,Emissions (CO2eq) from N2O (AR5),kilotonnes,337.0113,342.062,355.1618,369.1458,356.9566,369.6013,376.7822,390.3767,392.9909,393.8866,405.2482,426.5647,431.266,449.819,452.0667,462.2802,470.7342,482.1922,495.6002,506.5683,517.1957
Oceania,Waste - agri-food systems,Emissions (CO2eq) (AR5),kilotonnes,6070.2808,6112.7376,6252.3809,6328.3284,6402.0152,6498.4305,6580.6677,6639.0471,6705.1398,6771.2868,6839.3445,6929.8026,7049.178,7203.9537,7119.6832,7055.818,7107.5915,7160.5711,7242.2374,7288.5469,7331.6003
Oceania,Fertilizers Manufacturing,Emissions (CO2),kilotonnes,1152.5299,1033.0921,916.3147,970.1991,440.2422,456.3813,533.1813,274.7342,152.16,29.0658,0,0,0,0,0,0,0,0,0,0,0
Oceania,Fertilizers Manufacturing,Emissions (CO2eq) (AR5),kilotonnes,1152.5299,1033.0921,916.3147,970.1991,440.2422,456.3813,533.1813,274.7342,152.16,29.0658,0,0,0,0,0,0,0,0,0,0,0
Oceania,On-farm electricity use,Emissions (CH4),kilotonnes,5.0757,5.2629,3.7825,5.0774,4.9517,4.719,5.0768,5.3483,5.4658,5.2615,5.425,5.2511,5.6167,5.5828,6.2387,6.4802,5.2761,5.486,5.4851,5.3344,5.3344
Oceania,On-farm electricity use,Emissions (N2O),kilotonnes,0.0271,0.0282,0.0201,0.0271,0.0263,0.0251,0.027,0.0285,0.0291,0.0281,0.029,0.0281,0.0299,0.0298,0.0333,0.0345,0.0281,0.0292,0.0292,0.0284,0.0284
Oceania,On-farm electricity use,Emissions (CO2),kilotonnes,2649.8326,2696.3735,1729.3249,2609.8205,2547.9714,2442.8491,2564.8984,2567.8467,2597.3224,2379.2375,2236.0532,2084.9713,2285.3962,2345.1881,2605.9102,2703.9249,1999.4077,2172.4923,2268.1174,2200.5587,2200.5587
Oceania,On-farm electricity use,Emissions (CO2eq) from CH4 (AR5),kilotonnes,142.1196,147.3612,105.91,142.1672,138.6476,132.132,142.1504,149.7524,153.0424,147.322,151.9,147.0308,157.2676,156.3184,174.6836,181.4456,147.7308,153.608,153.5828,149.3632,149.3632
Oceania,On-farm electricity use,Emissions (CO2eq) from N2O (AR5),kilotonnes,7.1815,7.473,5.3265,7.1815,6.9695,6.6515,7.155,7.5525,7.7115,7.4465,7.685,7.4465,7.9235,7.897,8.8245,9.1425,7.4465,7.738,7.738,7.526,7.526
Oceania,On-farm electricity use,Emissions (CO2eq) (AR5),kilotonnes,2799.1337,2851.2077,1840.5614,2759.1692,2693.5885,2581.6326,2714.2038,2725.1516,2758.0763,2534.006,2395.6382,2239.4486,2450.5873,2509.4035,2789.4183,2894.513,2154.585,2333.8383,2429.4382,2357.4479,2357.4479
Oceania,Food Processing,Emissions (CH4),kilotonnes,10.6479,10.2797,11.4057,10.0629,10.7028,12.3827,12.7756,11.8559,12.9526,10.795,10.4204,10.5691,10.3407,10.6462,13.1084,16.8403,17.7903,18.1957,20.2416,17.57,17.7801
Oceania,Food Processing,Emissions (N2O),kilotonnes,0.0949,0.0966,0.0793,0.0973,0.0933,0.0979,0.098,0.0981,0.1009,0.1281,0.1343,0.1385,0.1315,0.1301,0.1384,0.1413,0.1404,0.1319,0.1361,0.137,0.1278
Oceania,Food Processing,Emissions (CO2),kilotonnes,10169.1103,10281.4928,9350.4574,10096.187,9980.8922,10393.821,10354.791,10458.7345,10478.9897,12190.6014,12437.9937,12705.612,12375.7657,12639.4283,13549.4694,13972.0744,13806.6974,12944.076,13099.2905,13330.4536,12203.832
Oceania,Food Processing,Emissions (CO2eq) from CH4 (AR5),kilotonnes,298.1412,287.8316,319.3596,281.7612,299.6784,346.7156,357.7168,331.9652,362.6728,302.26,291.7712,295.9348,289.5396,298.0936,367.0352,471.5284,498.1284,509.4796,566.7648,491.96,497.8424
Oceania,Food Processing,Emissions (CO2eq) from N2O (AR5),kilotonnes,25.1485,25.599,21.0145,25.7845,24.7245,25.9435,25.97,25.9965,26.7385,33.9465,35.5895,36.7025,34.8475,34.4765,36.676,37.4445,37.206,34.9535,36.0665,36.305,33.8626
Oceania,Food Processing,Emissions (CO2eq) (AR5),kilotonnes,10492.4,10594.9234,9690.8315,10403.7327,10305.2951,10766.4801,10738.4778,10816.6962,10868.401,12526.8079,12765.3544,13038.2493,12700.1528,12971.9984,13953.1806,14481.0473,14342.0318,13488.5091,13702.1218,13858.7186,12735.537
Oceania,Food Packaging,Emissions (CH4),kilotonnes,9.891,10.0782,10.4291,9.237,9.2691,9.5723,9.3396,10.5072,10.6332,12.1338,17.0204,8.0947,5.878,5.7958,5.6389,5.2766,5.1909,4.9841,5.0697,7.6524,7.647
Oceania,Food Packaging,Emissions (N2O),kilotonnes,0.0864,0.0804,0.0808,0.0721,0.0728,0.0761,0.0749,0.0837,0.0863,0.0966,0.1303,0.0608,0.0448,0.0461,0.0455,0.0425,0.0447,0.0445,0.0455,0.0585,0.0573
Oceania,Food Packaging,Emissions (CO2),kilotonnes,9911.3954,9474.2707,9862.8909,8689.8607,8846.4351,9352.6115,9303.3907,10358.6231,10469.6008,11863.3373,15095.0204,6982.3916,5279.023,5575.2156,5503.6261,5031.8468,5086.8335,4982.0735,5047.9456,7171.9227,6654.4638
Oceania,Food Packaging,Emissions (CO2eq) from CH4 (AR5),kilotonnes,276.948,282.1896,292.0148,258.636,259.5348,268.0244,261.5088,294.2016,297.7296,339.7464,476.5712,226.6516,164.584,162.2824,157.8892,147.7448,145.3452,139.5548,141.9516,214.2662,214.1167
Oceania,Food Packaging,Emissions (CO2eq) from N2O (AR5),kilotonnes,22.896,21.306,21.412,19.1065,19.292,20.1665,19.8485,22.1805,22.8695,25.599,34.5295,16.112,11.872,12.2165,12.0575,11.2625,11.8455,11.7925,12.0575,15.5025,15.1803
Oceania,Food Packaging,Emissions (CO2eq) (AR5),kilotonnes,10211.2394,9777.7663,10176.3177,8967.6032,9125.2619,9640.8024,9584.748,10675.0052,10790.1999,12228.6827,15606.1211,7225.1552,5455.479,5749.7145,5673.5728,5190.8541,5244.0242,5133.4208,5201.9547,7401.6914,6883.7608
Oceania,Food Retail,Emissions (CH4),kilotonnes,4.7528,4.7003,5.4186,5.9133,6.0998,6.1317,6.2587,6.6477,6.7068,6.8543,6.8596,6.8825,6.8717,7.0751,7.108,7.4976,7.5199,7.6973,7.7939,8.2971,8.2913
Oceania,Food Retail,Emissions (N2O),kilotonnes,0.0267,0.0266,0.0307,0.0338,0.0347,0.0349,0.0355,0.0376,0.038,0.0387,0.0387,0.0389,0.0387,0.0398,0.0402,0.0423,0.0425,0.0436,0.0441,0.0465,0.0453
Oceania,Food Retail,Emissions (CO2),kilotonnes,3307.8414,3236.6374,3926.7112,4134.2759,4282.5541,4397.0088,4439.865,4629.5339,4692.1096,4880.7468,4568.4128,4494.2323,4550.7361,4897.3588,4953.1569,5226.4273,5256.3578,5396.2516,5474.55,5752.9469,5337.9099
Oceania,Food Retail,Emissions (CO2eq) from F-gases (AR5),kilotonnes,3174.6645,3816.7665,4435.491,5022.526,5619.4315,6400.24,7027.796,7655.8715,8033.548,8390.964,8753.575,9139.044,9174.37,9208.657,9208.657,9208.657,10226.3575,10546.3695,10865.3425,11183.796,11312.7849
Oceania,Food Retail,Emissions (CO2eq) from CH4 (AR5),kilotonnes,133.0786,131.6071,151.7222,165.5719,170.7931,171.6865,175.2448,186.1345,187.7916,191.9204,192.0688,192.71,192.4076,198.1028,199.024,209.9328,210.5572,215.5244,218.2292,232.3188,232.156
Oceania,Food Retail,Emissions (CO2eq) from N2O (AR5),kilotonnes,7.0755,7.049,8.1355,8.957,9.1955,9.2485,9.4075,9.964,10.07,10.2555,10.2555,10.3085,10.2555,10.547,10.653,11.2095,11.2625,11.554,11.6865,12.3225,12.0049
Oceania,Food Retail,Emissions (CO2eq) (AR5),kilotonnes,6622.66,7192.06,8522.0599,9331.3308,10081.9741,10978.1838,11652.3133,12481.5039,12923.5193,13473.8867,13524.3121,13836.2948,13927.7692,14314.6656,14371.4909,14656.2266,15704.535,16169.6995,16569.8082,17181.3842,16894.8557
Oceania,Food Household Consumption,Emissions (CH4),kilotonnes,10.5337,10.7426,11.0571,11.5278,11.9258,11.7913,12.0019,12.2874,12.4062,12.8259,12.9111,13.2517,13.0303,12.8523,12.4076,12.6737,12.6354,12.658,12.6732,12.6757,12.6674
Oceania,Food Household Consumption,Emissions (N2O),kilotonnes,0.0581,0.0593,0.0608,0.0635,0.0656,0.0646,0.0657,0.0674,0.0681,0.0705,0.071,0.0729,0.0716,0.0708,0.0684,0.0699,0.0697,0.0697,0.0698,0.0698,0.068
Oceania,Food Household Consumption,Emissions (CO2),kilotonnes,7645.826,7690.3346,8339.6742,8349.8402,8683.6605,8824.8383,8946.287,9072.6613,9178.9427,9657.9019,9146.1584,9222.4997,9253.3878,9534.3884,9254.9317,9448.2145,9476.7232,9469.8569,9471.9195,9472.2344,8794.845
Oceania,Food Household Consumption,Emissions (CO2eq) from CH4 (AR5),kilotonnes,294.9436,300.7928,309.5988,322.7784,333.9224,330.1564,336.0532,344.0472,347.3736,359.1252,361.5108,371.0476,364.8484,359.8644,347.4128,354.8636,353.7912,354.424,354.8496,354.9196,354.687
Oceania,Food Household Consumption,Emissions (CO2eq) from N2O (AR5),kilotonnes,15.3965,15.7145,16.112,16.8275,17.384,17.119,17.4105,17.861,18.0465,18.6825,18.815,19.3185,18.974,18.762,18.126,18.5235,18.4705,18.4705,18.497,18.497,18.0224
Oceania,Food Household Consumption,Emissions (CO2eq) (AR5),kilotonnes,7956.1661,8006.8419,8665.385,8689.4461,9034.9669,9172.1137,9299.7507,9434.5695,9544.3628,10035.7096,9526.4842,9612.8658,9637.2102,9913.0148,9620.4705,9821.6016,9848.9849,9842.7514,9845.2661,9845.651,9167.5545
Oceania,Food Transport,Emissions (CH4),kilotonnes,1.7212,1.6073,1.49,1.4091,1.341,1.1824,1.2791,1.1852,1.1639,1.0615,1.1141,1.1188,1.1197,1.1101,1.0979,1.1127,1.0775,1.0274,1.0516,0.6114,0.6148
Oceania,Food Transport,Emissions (N2O),kilotonnes,0.55,0.5386,0.5341,0.5498,0.5857,0.5792,0.5467,0.535,0.5331,0.5161,0.4901,0.5006,0.5184,0.5251,0.5209,0.5407,0.5486,0.5653,0.5779,0.6076,0.5931
Oceania,Food Transport,Emissions (CO2),kilotonnes,9012.0238,8882.2167,9157.3274,9276.7786,9739.6761,9772.8006,9837.5925,10019.7468,10205.9854,10212.5687,10532.459,10841.8682,11062.072,11066.0019,11022.557,11365.8934,11510.9828,11845.0302,12118.6765,12090.0582,11169.3522
Oceania,Food Transport,Emissions (CO2eq) from CH4 (AR5),kilotonnes,48.1936,45.0044,41.72,39.4548,37.548,33.1072,35.8148,33.1856,32.5892,29.722,31.1948,31.3264,31.3516,31.0828,30.7412,31.1556,30.17,28.7672,29.4448,17.1192,17.2133
Oceania,Food Transport,Emissions (CO2eq) from N2O (AR5),kilotonnes,145.75,142.729,141.5365,145.697,155.2105,153.488,144.8755,141.775,141.2715,136.7665,129.8765,132.659,137.376,139.1515,138.0385,143.2855,145.379,149.8045,153.1435,161.014,157.165
Oceania,Food Transport,Emissions (CO2eq) (AR5),kilotonnes,9205.9674,9069.9501,9340.5839,9461.9304,9932.4346,9959.3958,10018.2828,10194.7074,10379.8461,10379.0572,10693.5303,11005.8536,11230.7996,11236.2362,11191.3367,11540.3345,11686.5318,12023.6019,12301.2648,12268.1914,11343.7305
Oceania,Energy,Emissions (CH4),kilotonnes,1345.837,1419.0476,1454.2192,1422.658,1444.2251,1558.9493,1590.5234,1600.9615,1634.4036,1600.245,1706.9389,1643.0584,1682.4306,1438.4643,1499.2005,1777.5195,1717.6626,1626.0618,1697.59,1573.0668,1590.7086
Oceania,Energy,Emissions (N2O),kilotonnes,12.1642,12.296,12.7231,13.7081,14.3664,14.7914,14.1701,13.9993,14.0417,13.8312,13.5831,13.8229,14.4135,14.646,14.471,14.7789,15.1709,15.6595,15.7764,15.5601,15.271
Oceania,Energy,Emissions (CO2),kilotonnes,365727.26,362650.66,378712.93,374133.27,382556.77,389213.37,403720.4,412362.07,424640.33,431608.97,430829,429013.66,425685.93,414657.63,407398,411958.93,414271.63,412832.73,412184.26,419262.18,388417.21
Oceania,Energy,Emissions (CO2eq) from CH4 (AR5),kilotonnes,37683.4347,39733.334,40718.1383,39834.4245,40438.3036,43650.5795,44534.654,44826.9228,45763.3016,44806.8599,47794.2886,46005.6351,47108.057,40277.0006,41977.6142,49770.5457,48094.5518,45529.7311,47532.5191,44045.8712,44539.8396
Oceania,Energy,Emissions (CO2eq) from N2O (AR5),kilotonnes,3223.5173,3258.4517,3371.6128,3632.655,3807.0981,3919.7125,3755.0646,3709.8272,3721.0564,3665.2707,3599.5252,3663.0775,3819.5717,3881.1826,3834.8057,3916.4083,4020.292,4149.7773,4180.7407,4123.4382,4046.8198
Oceania,Energy,Emissions (CO2eq) (AR5),kilotonnes,406634.212,405642.4457,422802.681,417600.3495,426802.1717,436783.662,452010.1186,460898.82,474124.6879,480081.1006,482222.8138,478682.3727,476613.5587,458815.8132,453210.42,465645.8839,466386.4738,462512.2384,463897.5199,467431.4894,437003.8694
Oceania,IPPU,Emissions (CH4),kilotonnes,6.568,5.924,6.33,3.32,3.61,1.941,2.09,2.16,2.47,2.838,3.03,2.97,3.407,4.174,5.992,5.228,5.985,5.483,4.75,5.316,4.87
Oceania,IPPU,Emissions (N2O),kilotonnes,5.4891,6.5886,7.087,7.4264,7.4949,8.4033,8.9179,9.6215,10.4752,11.6686,12.2622,12.0638,12.2664,12.668,13.8705,14.5722,14.5737,14.6753,17.378,21.1804,18.5671
Oceania,IPPU,Emissions (CO2),kilotonnes,15633.8386,15705.4706,15953.3268,15466.1005,15490.3495,15031.7912,16184.2402,16494.1971,16403.2057,16023.6066,16342.1795,16161.509,15983.161,16022.465,16453.2729,16115.2168,16149.6889,15832.5628,15494.4977,15320.3459,14751.0299
Oceania,IPPU,Emissions (CO2eq) from F-gases (AR5),kilotonnes,5104.278,5418.0468,5828.6812,6514.9342,7221.6914,7913.9693,8787.8682,9509.6875,10202.3542,10854.4987,11352.037,12337.3962,13006.9351,13365.5125,14432.4991,15092.3204,15664.6839,16080.5948,16176.7985,17554.7465,17748.1257
Oceania,IPPU,Emissions (CO2eq) from CH4 (AR5),kilotonnes,183.904,165.872,177.24,92.96,101.08,54.348,58.52,60.48,69.16,79.464,84.84,83.16,95.396,116.872,167.776,146.384,167.58,153.524,133,148.848,136.36
Oceania,IPPU,Emissions (CO2eq) from N2O (AR5),kilotonnes,1454.6128,1745.9756,1878.0525,1967.9978,1986.1559,2226.8871,2363.2384,2549.6871,2775.9167,3092.1911,3249.4922,3196.9144,3250.6049,3357.0258,3675.6899,3861.645,3862.0421,3888.9439,4605.161,5612.8136,4920.2875
Oceania,IPPU,Emissions (CO2eq) (AR5),kilotonnes,22376.6334,23035.3651,23837.3005,24041.9926,24799.2768,25226.9956,27393.8668,28614.0518,29450.6365,30049.7603,31028.5488,31778.9796,32336.0969,32861.8753,34729.2379,35215.5662,35843.9948,35955.6255,36409.4573,38636.754,37555.8031
Oceania,Waste,Emissions (CH4),kilotonnes,801.2006,810.1244,826.1839,786.2071,772.3371,771.4825,763.8761,778.0523,797.3512,792.3679,805.6547,790.1979,739.4033,737.8893,712.5738,694.0775,710.3777,709.81,721.3152,705.2663,697.6695
Oceania,Waste,Emissions (N2O),kilotonnes,2.3248,2.4095,2.4746,2.5849,2.6747,2.7541,2.833,2.9435,3.0691,3.1395,3.3045,3.558,3.6296,3.7018,3.7637,3.8345,3.9229,3.9798,3.9315,3.9945,4.0921
Oceania,Waste,Emissions (CO2),kilotonnes,17.347,17.347,17.346,17.321,17.498,17.558,17.776,17.941,18.234,18.489,18.323,18.357,18.481,18.721,19.021,18.751,18.861,18.853,9.125,9.071,9.091
Oceania,Waste,Emissions (CO2eq) from CH4 (AR5),kilotonnes,22433.6162,22683.4835,23133.1481,22013.8002,21625.4377,21601.5111,21388.5316,21785.4652,22325.8347,22186.3018,22558.3316,22125.5426,20703.2927,20660.9004,19952.0675,19434.1703,19890.5764,19874.68,20196.8253,19747.455,19534.7457
Oceania,Waste,Emissions (CO2eq) from N2O (AR5),kilotonnes,616.0704,638.5191,655.7592,685.0104,708.7958,729.8336,750.7487,780.0249,813.307,831.9561,875.7026,942.8719,961.8461,980.9688,997.3749,1016.1319,1039.5555,1054.6502,1041.8539,1058.5491,1084.4054
Oceania,Waste,Emissions (CO2eq) (AR5),kilotonnes,23067.0337,23339.3496,23806.2533,22716.1316,22351.7314,22348.9027,22157.0564,22583.4311,23157.3757,23036.7469,23452.3572,23086.7715,21683.6198,21660.5902,20968.4635,20469.0532,20948.993,20948.1832,21247.8042,20815.0751,20628.2422
Oceania,Other,Emissions (CH4),kilotonnes,0.6,0.6,0.6,0.6,0.6,0.6,0.6,0.6,0.6,0.6,0.6,0.6,0.6,0.6,0.6,0.6,0.6,0.6,0.6,0.6,0.6
Oceania,Other,Emissions (N2O),kilotonnes,7.1472,7.25,7.2538,6.9753,7.1075,7.0711,7.0242,7.0612,7.1612,7.1642,7.1653,7.1606,7.2253,7.2704,7.1849,7.3818,7.4329,7.3936,7.3777,7.432,7.4579
Oceania,Other,Emissions (CO2),kilotonnes,189,189,189,189,189,189,189,189,189,189,189,189,189,189,189,189,189,189,189,189,189
Oceania,Other,Emissions (CO2eq) from CH4 (AR5),kilotonnes,16.8,16.8,16.8,16.8,16.8,16.8,16.8,16.8,16.8,16.8,16.8,16.8,16.8,16.8,16.8,16.8,16.8,16.8,16.8,16.8,16.8
Oceania,Other,Emissions (CO2eq) from N2O (AR5),kilotonnes,1893.9975,1921.2395,1922.2544,1848.444,1883.4955,1873.8442,1861.4025,1871.2075,1897.7287,1898.5237,1898.8099,1897.5485,1914.7019,1926.6508,1904.0065,1956.1638,1969.7106,1959.2988,1955.0826,1969.4668,1976.3409
Oceania,Other,Emissions (CO2eq) (AR5),kilotonnes,2099.7975,2127.0395,2128.0544,2054.244,2089.2955,2079.6442,2067.2025,2077.0075,2103.5287,2104.3237,2104.6099,2103.3485,2120.5019,2132.4508,2109.8065,2161.9638,2175.5106,2165.0988,2160.8826,2175.2668,2182.1409
Oceania,Farm-gate emissions,Emissions (CH4),kilotonnes,5870.0869,6224.5489,5970.6705,4447.1628,5273.8887,4464.2461,5202.6947,4998.4668,4302.2823,4445.7726,3949.6339,5983.4959,5984.0834,4447.5234,4827.1348,4614.1761,3923.0402,4762.5229,4717.2591,4071.2719,3563.7871
Oceania,Farm-gate emissions,Direct emissions (N2O),kilotonnes,146.4788,146.2742,145.7396,137.862,146.7119,144.4547,141.375,134.479,130.8536,131.978,130.8414,138.7906,140.7087,142.5239,144.8817,139.1107,135.7066,142.5707,138.2331,131.8206,128.2303
Oceania,Farm-gate emissions,Indirect emissions (N2O),kilotonnes,45.0205,44.5716,44.0927,41.882,44.2476,43.6308,42.1051,40.0673,38.4395,38.3369,38.0795,40.3023,40.9038,41.4844,42.1202,40.5739,39.8075,41.6843,40.4692,38.6367,37.6653
Oceania,Farm-gate emissions,Emissions (N2O),kilotonnes,370.4243,404.5849,381.5721,246.9426,327.0486,249.5372,314.2455,296.6614,241.8244,253.9664,217.3882,397.4977,396.1689,253.122,295.3725,282.2741,232.9838,307.5253,299.1368,247.8095,206.7474
Oceania,Farm-gate emissions,Emissions (CO2),kilotonnes,34639.421,34940.422,35703.9215,36811.4523,37143.0463,37566.5872,37574.1834,38007.3819,37584.6039,37018.3094,37414.4017,36997.4187,36845.688,36590.982,36151.8696,35869.5837,35912.2216,36192.6215,36360.3877,36699.5428,37058.1256
Oceania,Farm-gate emissions,Emissions (CO2eq) from CH4 (AR5),kilotonnes,164362.4328,174287.3689,167178.7753,124520.5575,147668.8845,124998.8897,145675.4522,139957.0709,120463.9042,124481.632,110589.7492,167537.8854,167554.3353,124530.6542,135159.7733,129196.9313,109845.1257,133350.6401,132083.2558,113995.6128,99786.0378
Oceania,Farm-gate emissions,Emissions (CO2eq) from N2O (AR5),kilotonnes,98162.4423,107215.0067,101116.6101,65439.7868,86667.8666,66127.3629,83275.0589,78615.2807,64083.4539,67301.0995,57607.8666,105336.9004,104984.7591,67077.3363,78273.7072,74802.6422,61740.7006,81494.216,79271.2408,65669.5243,54788.055
Oceania,Farm-gate emissions,Emissions (CO2eq) (AR5),kilotonnes,297164.296,316442.7977,303999.307,226771.7966,271479.7974,228692.8398,266524.6945,256579.7334,222131.9621,228801.0409,205612.0176,309872.2044,309384.7824,228198.9725,249585.3501,239869.1572,207498.0479,251037.4776,247714.8843,216364.68,191632.2183
Oceania,Land Use change,Emissions (CH4),kilotonnes,11.8269,1.9756,7.5168,4.0195,12.0771,4.494,3.4421,1.4478,2.3878,5.3168,1.2155,4.0732,4.5717,3.7161,4.7969,21.8729,3.0004,2.6755,13.0308,3.0212,1.7756
Oceania,Land Use change,Emissions (N2O),kilotonnes,0.3479,0.1804,0.6863,0.367,1.1027,0.4103,0.3143,0.1322,0.218,0.4855,0.111,0.3719,0.4174,0.3393,0.438,1.9971,0.2739,0.2443,1.1898,0.2759,0.1621
Oceania,Land Use change,Emissions (CO2),kilotonnes,64560.0439,72635.6596,72635.6596,72635.6596,72635.6596,72635.6596,72635.6596,72635.6596,72635.6596,72635.6596,72635.6596,11286.4721,11286.4721,11286.4721,11286.4721,11286.4721,15781.2936,15781.2936,15781.2936,15781.2936,15781.2936
Oceania,Land Use change,Emissions (CO2eq) from CH4 (AR5),kilotonnes,331.1537,55.3175,210.4691,112.5462,338.158,125.8306,96.3801,40.5375,66.8592,148.8717,34.0351,114.0502,128.0069,104.0497,134.3119,612.4422,84.0101,74.9151,364.8634,84.5944,49.7169
Oceania,Land Use change,Emissions (CO2eq) from N2O (AR5),kilotonnes,92.1803,47.8015,181.8728,97.2546,292.2126,108.7341,83.285,35.0297,57.7751,128.6446,29.4108,98.5542,110.6147,89.9125,116.063,529.2299,72.5957,64.7364,315.2896,73.1006,42.9619
Oceania,Land Use change,Emissions (CO2eq) (AR5),kilotonnes,64983.3779,72738.7785,73028.0014,72845.4603,73266.0302,72870.2243,72815.3247,72711.2267,72760.2939,72913.1758,72699.1054,11499.0766,11525.0938,11480.4343,11536.847,12428.1442,15937.8993,15920.9451,16461.4466,15938.9885,15873.9724
Oceania,Emissions on agricultural land,Emissions (CH4),kilotonnes,5881.9138,6226.5245,5978.1873,4451.1823,5285.9658,4468.74,5206.1369,4999.9146,4304.6701,4451.0894,3950.8494,5987.5691,5988.6551,4451.2394,4831.9316,4636.0491,3926.0406,4765.1984,4730.29,4074.2931,3565.5627
Oceania,Emissions on agricultural land,Emissions (N2O),kilotonnes,370.7722,404.7653,382.2584,247.3096,328.1512,249.9475,314.5598,296.7936,242.0424,254.4519,217.4992,397.8696,396.5863,253.4613,295.8105,284.2712,233.2577,307.7696,300.3265,248.0854,206.9095
Oceania,Emissions on agricultural land,Emissions (CO2),kilotonnes,99199.4649,107576.0816,108339.5811,109447.1118,109778.7059,110202.2467,110209.843,110643.0414,110220.2635,109653.9689,110050.0613,48283.8908,48132.1601,47877.4541,47438.3417,47156.0558,51693.5152,51973.9151,52141.6813,52480.8364,52839.4192
Oceania,Emissions on agricultural land,Emissions (CO2eq) from CH4 (AR5),kilotonnes,164693.5865,174342.6864,167389.2444,124633.1037,148007.0425,125124.7204,145771.8324,139997.6084,120530.7635,124630.5037,110623.7843,167651.9356,167682.3423,124634.7039,135294.0852,129809.3735,109929.1358,133425.5552,132448.1192,114080.2072,99835.7547
Oceania,Emissions on agricultural land,Emissions (CO2eq) from N2O (AR5),kilotonnes,98254.6226,107262.8082,101298.4829,65537.0413,86960.0792,66236.097,83358.3439,78650.3103,64141.2291,67429.7441,57637.2774,105435.4546,105095.3738,67167.2488,78389.7702,75331.8721,61813.2962,81558.9524,79586.5304,65742.6249,54831.0168
Oceania,Emissions on agricultural land,Emissions (CO2eq) (AR5),kilotonnes,362147.6739,389181.5762,377027.3084,299617.2569,344745.8276,301563.0641,339340.0192,329290.9601,294892.256,301714.2167,278311.123,321371.281,320909.8762,239679.4068,261122.1971,252297.3014,223435.9472,266958.4227,264176.3309,232303.6685,207506.1907
Oceania,Pre- and post- production,Emissions (CH4),kilotonnes,242.044,243.4438,248.8619,250.6823,254.76,259.2168,262.838,265.5084,269.2366,271.1953,277.9967,271.8452,273.6111,278.6758,278.1339,279.7877,280.9616,282.984,287.6748,288.7672,290.1276
Oceania,Pre- and post- production,Emissions (N2O),kilotonnes,2.1149,2.1205,2.146,2.2366,2.2254,2.2725,2.2696,2.3234,2.3385,2.3645,2.4226,2.4495,2.4623,2.5391,2.5526,2.6157,2.6504,2.7038,2.7728,2.8594,2.8715
Oceania,Pre- and post- production,Emissions (CO2),kilotonnes,43998.0215,43443.4535,43432.1108,44277.4092,44673.3331,45792.8913,46132.9166,47535.6024,47929.8332,51367.4859,54171.3041,46487.8491,44963.1812,46214.5384,47046.3047,47904.5336,47292.6563,46965.9668,47637.0639,50174.6188,46517.1712
Oceania,Pre- and post- production,Emissions (CO2eq) from F-gases (AR5),kilotonnes,3174.6645,3816.7665,4435.491,5022.526,5619.4315,6400.24,7027.796,7655.8715,8033.548,8390.964,8753.575,9139.044,9174.37,9208.657,9208.657,9208.657,10226.3575,10546.3695,10865.3425,11183.796,11312.7849
Oceania,Pre- and post- production,Emissions (CO2eq) from CH4 (AR5),kilotonnes,6777.232,6816.4266,6968.1345,7019.1049,7133.2814,7258.0706,7359.4636,7434.235,7538.6256,7593.4697,7783.9065,7611.6651,7661.1105,7802.9218,7787.7491,7834.0563,7866.9261,7923.5506,8054.8955,8085.4813,8123.5737
Oceania,Pre- and post- production,Emissions (CO2eq) from N2O (AR5),kilotonnes,560.4593,561.9325,568.6988,592.6998,589.7326,602.2183,601.4492,615.7062,619.6984,626.5831,641.9992,649.1117,652.5145,672.8695,676.4422,693.1482,702.3442,716.5052,734.7892,757.7353,760.9569
Oceania,Pre- and post- production,Emissions (CO2eq) (AR5),kilotonnes,54510.3772,54638.5791,55404.435,56911.7399,58015.7786,60053.4202,61121.6254,63241.4151,64121.7052,67978.5027,71350.7848,63887.6699,62451.1761,63898.9867,64719.153,65640.3951,66088.2842,66152.3921,67292.0912,70201.6314,66714.4867
Oceania,Agri-food systems,Emissions (CH4),kilotonnes,6123.9578,6469.9683,6227.0492,4701.8646,5540.7259,4727.9568,5468.9749,5265.423,4573.9068,4722.2848,4228.8461,6259.4143,6262.2662,4729.9152,5110.0655,4915.8368,4207.0022,5048.1823,5017.9648,4363.0603,3855.6903
Oceania,Agri-food systems,Emissions (N2O),kilotonnes,372.8871,406.8858,384.4045,249.5462,330.3766,252.2201,316.8294,299.117,244.3809,256.8163,219.9218,400.3191,399.0486,256.0004,298.3631,286.8869,235.9081,310.4734,303.0993,250.9448,209.781
Oceania,Agri-food systems,Emissions (CO2),kilotonnes,143197.4864,151019.5351,151771.6918,153724.521,154452.039,155995.1381,156342.7596,158178.6438,158150.0967,161021.4548,164221.3654,94771.7399,93095.3413,94091.9926,94484.6464,95060.5894,98986.1716,98939.882,99778.7453,102655.4552,99356.5904
Oceania,Agri-food systems,Emissions (CO2eq) from F-gases (AR5),kilotonnes,3174.6645,3816.7665,4435.491,5022.526,5619.4315,6400.24,7027.796,7655.8715,8033.548,8390.964,8753.575,9139.044,9174.37,9208.657,9208.657,9208.657,10226.3575,10546.3695,10865.3425,11183.796,11312.7849
Oceania,Agri-food systems,Emissions (CO2eq) from CH4 (AR5),kilotonnes,171470.8185,181159.113,174357.3789,131652.2086,155140.3238,132382.7909,153131.2959,147431.8433,128069.389,132223.9734,118407.6908,175263.6007,175343.4527,132437.6257,143081.8343,137643.4298,117796.0619,141349.1058,140503.0147,122165.6884,107959.3284
Oceania,Agri-food systems,Emissions (CO2eq) from N2O (AR5),kilotonnes,98815.0818,107824.7407,101867.1817,66129.7412,87549.8118,66838.3153,83959.7931,79266.0166,64760.9274,68056.3272,58279.2766,106084.5663,105747.8883,67840.1183,79066.2124,76025.0203,62515.6404,82275.4576,80321.3196,66500.3602,55591.9738
Oceania,Agri-food systems,Emissions (CO2eq) (AR5),kilotonnes,416658.0512,443820.1553,432431.7434,356528.9968,402761.6062,361616.4843,400461.6446,392532.3752,359013.9612,369692.7195,349661.9078,385258.9509,383361.0523,303578.3935,325841.3501,317937.6965,289524.2314,333110.8148,331468.4221,302505.2998,274220.6774
Oceania,IPCC Agriculture,Emissions (CH4),kilotonnes,5868.0231,6222.6353,5968.9735,4445.3976,5272.1035,4462.5135,5200.4213,4996.1487,4300.071,4443.6336,3947.503,5981.6044,5982.2601,4445.6809,4825.3238,4612.4257,3921.2607,4760.7482,4715.4104,4069.4039,3561.9191
Oceania,IPCC Agriculture,Direct emissions (N2O),kilotonnes,146.4788,146.2742,145.7396,137.862,146.7119,144.4547,141.375,134.479,130.8536,131.978,130.8414,138.7906,140.7087,142.5239,144.8817,139.1107,135.7066,142.5707,138.2331,131.8206,128.2303
Oceania,IPCC Agriculture,Indirect emissions (N2O),kilotonnes,45.0205,44.5716,44.0927,41.882,44.2476,43.6308,42.1051,40.0673,38.4395,38.3369,38.0795,40.3023,40.9038,41.4844,42.1202,40.5739,39.8075,41.6843,40.4692,38.6367,37.6653
Oceania,IPCC Agriculture,Emissions (N2O),kilotonnes,368.2755,402.4275,379.164,244.1107,324.2344,246.5626,311.4672,293.8045,238.9769,251.1739,214.5613,394.6854,393.3201,250.261,292.4745,279.293,229.8811,304.2756,295.8583,244.4542,203.3921
Oceania,IPCC Agriculture,Emissions (CO2eq) from CH4 (AR5),kilotonnes,164304.6481,174233.789,167131.2577,124471.1329,147618.8992,124950.378,145611.7951,139892.1627,120401.9888,124421.7418,110530.084,167484.9222,167503.283,124479.0656,135109.0676,129147.9183,109795.3003,133300.9498,132031.492,113943.3091,99733.7341
Oceania,IPCC Agriculture,Emissions (CO2eq) from N2O (AR5),kilotonnes,97592.9956,106643.2836,100478.4473,64689.3367,85922.1159,65339.0764,82538.8006,77858.2004,63328.8668,66561.094,56858.7369,104591.6345,104229.823,66319.1652,77505.7381,74012.6531,60918.4977,80633.0423,78402.4378,64780.3692,53898.8998
Oceania,IPCC Agriculture,Emissions (CO2eq) (AR5),kilotonnes,261897.6437,280877.0726,267609.705,189160.4696,233541.015,190289.4544,228150.5956,217750.3632,183730.8555,190982.8359,167388.8209,272076.5568,271733.106,190798.2308,212614.8057,203160.5713,170713.798,213933.9922,210433.9298,178723.6783,153632.6339
Oceania,Agricultural Soils,Direct emissions (N2O),kilotonnes,146.4788,146.2742,145.7396,137.862,146.7119,144.4547,141.375,134.479,130.8536,131.978,130.8414,138.7906,140.7087,142.5239,144.8817,139.1107,135.7066,142.5707,138.2331,131.8206,128.2303
Oceania,Agricultural Soils,Indirect emissions (N2O),kilotonnes,45.0205,44.5716,44.0927,41.882,44.2476,43.6308,42.1051,40.0673,38.4395,38.3369,38.0795,40.3023,40.9038,41.4844,42.1202,40.5739,39.8075,41.6843,40.4692,38.6367,37.6653
Oceania,Agricultural Soils,Emissions (N2O),kilotonnes,198.2138,197.608,196.6219,186.5044,197.7286,194.8229,190.1712,181.2065,175.8711,176.8604,175.459,185.6266,188.1431,190.527,193.5,186.1825,181.9901,190.7272,185.1938,176.9704,172.4633
Oceania,Agricultural Soils,Emissions (CO2eq) from N2O (AR5),kilotonnes,52526.659,52366.1213,52104.8105,49423.6639,52398.0727,51628.0675,50395.358,48019.7311,46605.8527,46868.0045,46496.6461,49191.0424,49857.9275,50489.6623,51277.494,49338.373,48227.3867,50542.7086,49076.3496,46897.1563,45702.7814
Oceania,Agricultural Soils,Emissions (CO2eq) (AR5),kilotonnes,52526.659,52366.1213,52104.8105,49423.6639,52398.0727,51628.0675,50395.358,48019.7311,46605.8527,46868.0045,46496.6461,49191.0424,49857.9275,50489.6623,51277.494,49338.373,48227.3867,50542.7086,49076.3496,46897.1563,45702.7814
Oceania,LULUCF,Emissions (CH4),kilotonnes,97.7753,43.2718,88.3754,147.2395,25.8474,14.865,114.9392,41.0684,10.013,66.845,11.7266,21.5642,32.7198,55.7529,43.3777,50.2418,34.7651,22.7304,37.6698,387.8571,211.069
Oceania,LULUCF,Emissions (N2O),kilotonnes,4.1125,3.9509,8.0691,13.4436,2.36,1.3572,10.4944,3.7497,0.9142,6.1032,1.0707,1.9689,2.9875,5.0905,3.9606,4.5873,3.1742,2.0754,3.4394,35.413,19.2715
Oceania,LULUCF,Emissions (CO2),kilotonnes,53747.1461,33456.6156,33694.3035,33534.8532,33616.7123,33413.2298,33166.8736,32989.4427,32494.8507,32315.4106,32289.7788,-32688.8472,-32709.735,-32768.2251,-32854.9621,-32855.0972,69534.9236,69508.8623,69613.913,69801.7612,70160.344
Oceania,LULUCF,Emissions (CO2eq) from CH4 (AR5),kilotonnes,2737.7074,1211.6091,2474.5121,4122.7062,723.7262,416.2198,3218.2974,1149.9139,280.364,1871.6594,328.344,603.7966,916.1551,1561.0824,1214.5757,1406.7697,973.423,636.4505,1054.7554,10859.9992,5909.9325
Oceania,LULUCF,Emissions (CO2eq) from N2O (AR5),kilotonnes,1089.8106,1046.9883,2138.3012,3562.5559,625.3938,359.6682,2781.0287,993.6756,242.2711,1617.3578,283.7321,521.759,791.6775,1348.9788,1049.5519,1215.6325,841.1644,549.9762,911.4462,9384.4558,5106.9525
Oceania,LULUCF,Emissions (CO2eq) (AR5),kilotonnes,57574.6641,35715.213,38307.1168,41220.1154,34965.8322,34189.1179,39166.1996,35133.0321,33017.4858,35804.4279,32901.8549,-31563.2916,-31001.9024,-29858.1638,-30590.8345,-30232.6951,71349.511,70695.2889,71580.1145,90046.2161,81177.229
Oceania,AFOLU,Emissions (CH4),kilotonnes,5965.7984,6265.9071,6057.3489,4592.6371,5297.9509,4477.3785,5315.3604,5037.217,4310.084,4510.4786,3959.2296,6003.1685,6014.9799,4501.4339,4868.7015,4662.6674,3956.0258,4783.4786,4753.0803,4457.261,3772.9881
Oceania,AFOLU,Emissions (N2O),kilotonnes,372.3879,406.3784,387.233,257.5543,326.5944,247.9198,321.9616,297.5542,239.8911,257.2772,215.632,396.6543,396.3075,255.3515,296.4351,283.8803,233.0553,306.351,299.2977,279.8673,222.6636
Oceania,AFOLU,Emissions (CO2),kilotonnes,53747.1461,33456.6156,33694.3035,33534.8532,33616.7123,33413.2298,33166.8736,32989.4427,32494.8507,32315.4106,32289.7788,-32688.8472,-32709.735,-32768.2251,-32854.9621,-32855.0972,69534.9236,69508.8623,69613.913,69801.7612,70160.344
Oceania,AFOLU,Emissions (CO2eq) from CH4 (AR5),kilotonnes,167042.3555,175445.3981,169605.7698,128593.8391,148342.6253,125366.5978,148830.0924,141042.0766,120682.3528,126293.4012,110858.428,168088.7189,168419.438,126040.148,136323.6434,130554.6879,110768.7233,133937.4003,133086.2473,124803.3083,105643.6666
Oceania,AFOLU,Emissions (CO2eq) from N2O (AR5),kilotonnes,98682.8063,107690.2719,102616.7485,68251.8927,86547.5097,65698.7446,85319.8293,78851.876,63571.1379,68178.4519,57142.4689,105113.3936,105021.5005,67668.144,78555.29,75228.2855,61759.6621,81183.0186,79313.884,74164.825,59005.8523
Oceania,AFOLU,Emissions (CO2eq) (AR5),kilotonnes,319472.3078,316592.2856,305916.8218,230380.5849,268506.8473,224478.5723,267316.7952,252883.3953,216748.3414,226787.2637,200290.6757,240513.2652,240731.2036,160940.0669,182023.9713,172927.8762,242063.309,284629.2811,282014.0443,268769.8944,234809.8629
Oceania,All sectors with LULUCF,Emissions (CH4),kilotonnes,8120.0039,8501.6031,8344.682,6805.4223,7518.7231,6810.3513,7672.4499,7418.9909,6744.9089,6906.5295,6475.4531,8439.9949,8440.8208,6682.5615,7087.0679,7140.0924,6390.6511,7125.4334,7177.3354,6741.5101,6066.8361
Oceania,All sectors with LULUCF,Emissions (N2O),kilotonnes,399.5132,434.9225,416.7714,288.2491,358.2379,280.9397,354.9067,331.1797,274.6383,293.0807,251.9472,433.2596,433.8424,293.6376,335.7252,324.4477,274.1557,348.0592,343.7612,328.0343,268.0517
Oceania,All sectors with LULUCF,Emissions (CO2),kilotonnes,435314.5917,412019.0932,428566.9063,423340.5447,431870.3298,437864.949,453278.2898,462052.6508,473745.6204,480155.4762,479668.2813,412693.6788,409166.837,398119.5909,391204.3318,395426.8006,500164.1035,498382.0081,497490.7957,504582.3581,473526.6749
Oceania,All sectors with LULUCF,Emissions (CO2eq) from F-gases (AR5),kilotonnes,5104.278,5418.0468,5828.6812,6514.9342,7221.6914,7913.9693,8787.8682,9509.6875,10202.3542,10854.4987,11352.037,12337.3962,13006.9351,13365.5125,14432.4991,15092.3204,15664.6839,16080.5948,16176.7985,17554.7465,17748.1257
Oceania,All sectors with LULUCF,Emissions (CO2eq) from CH4 (AR5),kilotonnes,227360.1104,238044.8876,233651.0961,190551.8238,210524.2466,190689.8365,214828.5981,207731.7446,188857.4491,193382.8269,181312.6882,236319.8566,236342.9837,187111.7211,198437.9011,199922.5878,178938.2315,199512.1354,200965.3918,188762.2825,169871.4119
Oceania,All sectors with LULUCF,Emissions (CO2eq) from N2O (AR5),kilotonnes,105871.0042,115254.4578,110444.4274,76385.9998,94933.055,74449.022,94050.2834,87762.6227,72779.1465,77666.3934,66765.9988,114813.8059,114968.2251,77813.9719,88967.1671,85978.6345,72651.2623,92235.6887,91096.7223,86929.0927,71033.706
Oceania,All sectors with LULUCF,Emissions (CO2eq) (AR5),kilotonnes,773649.9843,770736.4854,778491.111,696793.3026,744549.3228,710917.7768,770945.0394,767056.7057,745584.5702,762059.1952,739099.0053,776164.7374,773484.9809,676410.7964,693041.8991,696420.3434,767418.2812,806210.427,805729.7083,797828.4798,732179.9185
Oceania,All sectors without LULUCF,Emissions (CH4),kilotonnes,8022.2287,8458.3314,8256.3066,6658.1828,7492.8757,6795.4863,7557.5107,7377.9225,6734.8959,6839.6846,6463.7266,8418.4307,8408.101,6626.8085,7043.6902,7089.8506,6355.886,7102.703,7139.6656,6353.653,5855.7671
Oceania,All sectors without LULUCF,Emissions (N2O),kilotonnes,395.4007,430.9716,408.7024,274.8054,355.878,279.5825,344.4123,327.43,273.7241,286.9775,250.8765,431.2907,430.8549,288.5471,331.7646,319.8604,270.9815,345.9838,340.3218,292.6213,248.7802
Oceania,All sectors without LULUCF,Emissions (CO2),kilotonnes,381567.4456,378562.4776,394872.6028,389805.6915,398253.6175,404451.7192,420111.4162,429063.2081,441250.7697,447840.0656,447378.5025,445382.526,441876.572,430887.816,424059.2939,428281.8978,430629.1799,428873.1458,427876.8827,434780.5969,403366.3309
Oceania,All sectors without LULUCF,Emissions (CO2eq) from F-gases (AR5),kilotonnes,5104.278,5418.0468,5828.6812,6514.9342,7221.6914,7913.9693,8787.8682,9509.6875,10202.3542,10854.4987,11352.037,12337.3962,13006.9351,13365.5125,14432.4991,15092.3204,15664.6839,16080.5948,16176.7985,17554.7465,17748.1257
Oceania,All sectors without LULUCF,Emissions (CO2eq) from CH4 (AR5),kilotonnes,224622.4031,236833.2785,231176.5841,186429.1175,209800.5204,190273.6167,211610.3007,206581.8308,188577.0851,191511.1675,180984.3442,235716.06,235426.8287,185550.6386,197223.3254,198515.8182,177964.8085,198875.6849,199910.6364,177902.2833,163961.4794
Oceania,All sectors without LULUCF,Emissions (CO2eq) from N2O (AR5),kilotonnes,104781.1936,114207.4695,108306.1262,72823.4439,94307.6612,74089.3538,91269.2547,86768.9471,72536.8754,76049.0355,66482.2668,114292.0468,114176.5476,76464.9931,87917.6152,84763.002,71810.0979,91685.7125,90185.2761,77544.6369,65926.7535
Oceania,All sectors without LULUCF,Emissions (CO2eq) (AR5),kilotonnes,716075.3202,735021.2724,740183.9942,655573.1872,709583.4905,676728.6589,731778.8398,731923.6735,712567.0844,726254.7673,706197.1505,807728.029,804486.8833,706268.9602,723632.7336,726653.0384,696068.7701,735515.138,734149.5937,707782.2636,651002.6895
Australia and New Zealand,Crop Residues,Direct emissions (N2O),kilotonnes,7.2506,7.3219,8.0021,4.3542,8.8004,7.4882,8.4217,4.5166,6.0941,7.5449,7.3887,8.4816,9.14,7.6566,8.1948,7.9804,7.554,10.2739,7.2921,6.5085,6.0042
Australia and New Zealand,Crop Residues,Indirect emissions (N2O),kilotonnes,1.6314,1.6474,1.8005,0.9797,1.9801,1.6848,1.8949,1.0162,1.3712,1.6976,1.6625,1.9084,2.0565,1.7227,1.8438,1.7956,1.6996,2.3116,1.6407,1.4644,1.3509
Australia and New Zealand,Crop Residues,Emissions (N2O),kilotonnes,8.882,8.9694,9.8026,5.3339,10.7805,9.1731,10.3166,5.5328,7.4653,9.2425,9.0512,10.39,11.1965,9.3793,10.0386,9.7759,9.2536,12.5855,8.9329,7.9729,7.3551
Australia and New Zealand,Crop Residues,Emissions (CO2eq) from N2O (AR5),kilotonnes,2353.7249,2376.8798,2597.6889,1413.4928,2856.834,2430.8592,2733.893,1466.1959,1978.2954,2449.268,2398.5603,2753.3396,2967.0823,2485.5174,2660.2231,2590.6236,2452.2044,3335.1571,2367.2063,2112.8128,1949.1049
Australia and New Zealand,Crop Residues,Emissions (CO2eq) (AR5),kilotonnes,2353.7249,2376.8798,2597.6889,1413.4928,2856.834,2430.8592,2733.893,1466.1959,1978.2954,2449.268,2398.5603,2753.3396,2967.0823,2485.5174,2660.2231,2590.6236,2452.2044,3335.1571,2367.2063,2112.8128,1949.1049
Australia and New Zealand,Rice Cultivation,Emissions (CH4),kilotonnes,41.9895,55.6214,45.4762,14.439,20.9147,16.133,32.1703,6.208,0.7302,2.2661,5.9633,23.8716,32.4812,35.796,24.158,21.9442,8.3869,25.8943,19.2626,2.4003,1.5772
Australia and New Zealand,Rice Cultivation,Emissions (CO2eq) from CH4 (AR5),kilotonnes,1175.706,1557.4003,1273.3346,404.2912,585.6127,451.7251,900.769,173.8246,20.4448,63.4511,166.9714,668.4061,909.4743,1002.2872,676.4234,614.4365,234.8325,725.0393,539.3518,67.2084,44.1617
Australia and New Zealand,Rice Cultivation,Emissions (CO2eq) (AR5),kilotonnes,1175.706,1557.4003,1273.3346,404.2912,585.6127,451.7251,900.769,173.8246,20.4448,63.4511,166.9714,668.4061,909.4743,1002.2872,676.4234,614.4365,234.8325,725.0393,539.3518,67.2084,44.1617
Australia and New Zealand,Burning - Crop residues,Emissions (CH4),kilotonnes,14.3722,14.382,13.7349,13.1509,15.2829,15.5989,14.5635,13.7098,14.5346,15.6007,15.969,15.5098,16.0615,15.0802,14.6461,14.4044,13.2555,14.3588,12.895,12.1925,11.496
Australia and New Zealand,Burning - Crop residues,Emissions (N2O),kilotonnes,0.3726,0.3729,0.3561,0.3409,0.3962,0.4044,0.3776,0.3554,0.3768,0.4045,0.414,0.4021,0.4164,0.391,0.3797,0.3734,0.3437,0.3723,0.3343,0.3161,0.298
Australia and New Zealand,Burning - Crop residues,Emissions (CO2eq) from CH4 (AR5),kilotonnes,402.4208,402.6953,384.5783,368.2241,427.9225,436.7696,407.7772,383.8739,406.9685,436.8209,447.1311,434.2736,449.7219,422.2443,410.0904,403.3236,371.1551,402.0475,361.0597,341.3904,321.8876
Australia and New Zealand,Burning - Crop residues,Emissions (CO2eq) from N2O (AR5),kilotonnes,98.7422,98.8095,94.3641,90.3513,104.9995,107.1703,100.0564,94.1913,99.858,107.1829,109.7127,106.5579,110.3484,103.6063,100.624,98.9637,91.0705,98.6505,88.5934,83.7671,78.9817
Australia and New Zealand,Burning - Crop residues,Emissions (CO2eq) (AR5),kilotonnes,501.163,501.5049,478.9425,458.5753,532.922,543.94,507.8336,478.0652,506.8266,544.0038,556.8439,540.8315,560.0703,525.8506,510.7144,502.2873,462.2256,500.6981,449.6531,425.1575,400.8693
Australia and New Zealand,Enteric Fermentation,Emissions (CH4),kilotonnes,3667.9834,3620.8877,3618.1596,3496.8399,3557.2674,3574.3782,3537.1966,3457.2275,3313.9317,3328.7342,3215.727,3365.1769,3392.7822,3447.4419,3420.3094,3277.1872,3099.76,3201.6636,3194.0839,3049.7748,2947.3122
Australia and New Zealand,Enteric Fermentation,Emissions (CO2eq) from CH4 (AR5),kilotonnes,102703.5355,101384.8565,101308.4697,97911.5163,99603.4864,100082.5885,99041.5058,96802.37,92790.0875,93204.5564,90040.3551,94224.9533,94997.9029,96528.3743,95768.6638,91761.2428,86793.2807,89646.5805,89434.3485,85393.6949,82524.7421
Australia and New Zealand,Enteric Fermentation,Emissions (CO2eq) (AR5),kilotonnes,102703.5355,101384.8565,101308.4697,97911.5163,99603.4864,100082.5885,99041.5058,96802.37,92790.0875,93204.5564,90040.3551,94224.9533,94997.9029,96528.3743,95768.6638,91761.2428,86793.2807,89646.5805,89434.3485,85393.6949,82524.7421
Australia and New Zealand,Manure Management,Emissions (CH4),kilotonnes,281.7204,288.0176,292.8023,286.9948,291.1723,288.5198,289.4605,283.7407,275.5023,280.8132,275.146,283.9856,289.8024,290.467,294.8181,288.1039,282.1407,284.1768,284.8473,269.5331,264.4806
Australia and New Zealand,Manure Management,Emissions (N2O),kilotonnes,7.2331,7.3257,7.4343,7.1705,7.2682,7.2966,7.5189,7.4763,7.2891,7.4161,7.1367,7.5171,7.5103,7.6721,7.6826,7.2688,6.8187,7.1168,7.1745,6.8928,6.6028
Australia and New Zealand,Manure Management,Emissions (CO2eq) from CH4 (AR5),kilotonnes,7888.1724,8064.4919,8198.463,8035.8538,8152.8242,8078.5531,8104.8937,7944.7396,7714.065,7862.769,7704.0893,7951.5977,8114.4674,8133.077,8254.9068,8066.91,7899.9397,7956.9497,7975.7236,7546.9275,7405.456
Australia and New Zealand,Manure Management,Emissions (CO2eq) from N2O (AR5),kilotonnes,1916.7603,1941.3151,1970.1012,1900.1957,1926.0858,1933.5924,1992.5013,1981.2204,1931.609,1965.2688,1891.22,1992.0254,1990.2195,2033.0991,2035.8818,1926.237,1806.9625,1885.9504,1901.2341,1826.5912,1749.7414
Australia and New Zealand,Manure Management,Emissions (CO2eq) (AR5),kilotonnes,9804.9328,10005.807,10168.5643,9936.0496,10078.91,10012.1455,10097.395,9925.96,9645.674,9828.0378,9595.3093,9943.6231,10104.6869,10166.1761,10290.7886,9993.147,9706.9022,9842.9,9876.9577,9373.5187,9155.1974
Australia and New Zealand,Manure left on Pasture,Direct emissions (N2O),kilotonnes,115.5584,113.2481,112.7341,108.5703,110.3941,111.0806,109.1783,106.2012,100.9944,100.8454,97.2705,101.7507,102.5092,104.1199,102.9204,98.661,93.1564,96.5789,96.175,91.8883,88.7021
Australia and New Zealand,Manure left on Pasture,Indirect emissions (N2O),kilotonnes,35.4778,34.3402,33.9254,32.5652,33.0874,33.3002,32.2319,31.082,29.1085,28.7282,27.6772,28.8671,29.1498,29.5152,29.0006,27.9354,26.4451,27.4689,27.2309,26.0168,25.1359
Australia and New Zealand,Manure left on Pasture,Emissions (N2O),kilotonnes,151.0361,147.5883,146.6595,141.1354,143.4815,144.3807,141.4102,137.2832,130.1029,129.5736,124.9477,130.6178,131.659,133.635,131.9209,126.5964,119.6015,124.0478,123.4059,117.9051,113.838
Australia and New Zealand,Manure left on Pasture,Emissions (CO2eq) from N2O (AR5),kilotonnes,40024.5757,39110.9031,38864.7613,37400.8829,38022.5915,38260.8872,37473.699,36380.0382,34477.2627,34336.995,33111.1398,34613.7299,34889.6263,35413.279,34959.0483,33548.0391,31694.389,32872.6786,32702.5541,31244.8561,30167.0687
Australia and New Zealand,Manure left on Pasture,Emissions (CO2eq) (AR5),kilotonnes,40024.5757,39110.9031,38864.7613,37400.8829,38022.5915,38260.8872,37473.699,36380.0382,34477.2627,34336.995,33111.1398,34613.7299,34889.6263,35413.279,34959.0483,33548.0391,31694.389,32872.6786,32702.5541,31244.8561,30167.0687
Australia and New Zealand,Manure applied to Soils,Direct emissions (N2O),kilotonnes,3.2281,3.313,3.369,3.2923,3.3202,3.2794,3.4448,3.4656,3.3537,3.4268,3.2862,3.4419,3.516,3.5442,3.5769,3.4242,3.3196,3.4196,3.4627,3.3979,3.2616
Australia and New Zealand,Manure applied to Soils,Indirect emissions (N2O),kilotonnes,1.3719,1.408,1.4318,1.3992,1.4111,1.3938,1.464,1.4729,1.4253,1.4564,1.3967,1.4628,1.4943,1.5063,1.5202,1.4553,1.4108,1.4533,1.4716,1.4441,1.3862
Australia and New Zealand,Manure applied to Soils,Emissions (N2O),kilotonnes,4.6,4.721,4.8008,4.6915,4.7313,4.6732,4.9089,4.9384,4.7791,4.8831,4.6829,4.9047,5.0103,5.0505,5.097,4.8795,4.7304,4.873,4.9343,4.842,4.6477
Australia and New Zealand,Manure applied to Soils,Emissions (CO2eq) from N2O (AR5),kilotonnes,1218.9952,1251.0601,1272.2018,1243.2387,1253.7982,1238.3897,1300.85,1308.6808,1266.4558,1294.0277,1240.9657,1299.7379,1327.7217,1338.3912,1350.7094,1293.0761,1253.5535,1291.3358,1307.5988,1283.1233,1231.6524
Australia and New Zealand,Manure applied to Soils,Emissions (CO2eq) (AR5),kilotonnes,1218.9952,1251.0601,1272.2018,1243.2387,1253.7982,1238.3897,1300.85,1308.6808,1266.4558,1294.0277,1240.9657,1299.7379,1327.7217,1338.3912,1350.7094,1293.0761,1253.5535,1291.3358,1307.5988,1283.1233,1231.6524
Australia and New Zealand,Synthetic Fertilizers,Direct emissions (N2O),kilotonnes,18.5702,20.4757,19.6628,19.7357,22.0711,20.5413,18.3559,18.2287,18.276,18.0209,20.7867,23.0359,23.3767,25.0183,28.4364,27.2134,29.9532,30.4356,29.3734,28.1222,28.405
Australia and New Zealand,Synthetic Fertilizers,Indirect emissions (N2O),kilotonnes,6.0353,6.6546,6.3904,6.4141,7.1731,6.6759,5.9657,5.9243,5.9397,5.8568,6.7557,7.4867,7.5974,8.131,9.2418,8.8444,9.7348,9.8916,9.5464,9.1397,9.2316
Australia and New Zealand,Synthetic Fertilizers,Emissions (N2O),kilotonnes,24.6055,27.1303,26.0531,26.1499,29.2443,27.2172,24.3216,24.153,24.2157,23.8777,27.5423,30.5226,30.9741,33.1493,37.6782,36.0578,39.688,40.3271,38.9197,37.2619,37.6367
Australia and New Zealand,Synthetic Fertilizers,Emissions (CO2eq) from N2O (AR5),kilotonnes,6520.4615,7189.5352,6904.0836,6929.7132,7749.7285,7212.566,6445.2169,6400.5402,6417.1595,6327.591,7298.7135,8088.4809,8208.1373,8784.5581,9984.7249,9555.3061,10517.3244,10686.6895,10313.7331,9874.3989,9973.7172
Australia and New Zealand,Synthetic Fertilizers,Emissions (CO2eq) (AR5),kilotonnes,6520.4615,7189.5352,6904.0836,6929.7132,7749.7285,7212.566,6445.2169,6400.5402,6417.1595,6327.591,7298.7135,8088.4809,8208.1373,8784.5581,9984.7249,9555.3061,10517.3244,10686.6895,10313.7331,9874.3989,9973.7172
Australia and New Zealand,Drained organic soils,Emissions (CO2eq) (AR5),kilotonnes,6080.2458,6081.6646,6073.0887,6064.9259,6051.373,6051.2485,6044.0224,6041.3174,6038.2019,6037.5593,6035.5697,6033.403,6033.6477,6032.1736,6026.6917,6026.5442,6023.3317,6022.1629,6022.289,6014.6943,6014.1164
Australia and New Zealand,Drained organic soils (CO2),Emissions (CO2),kilotonnes,5356.0862,5357.2456,5349.9065,5342.725,5330.7158,5330.2767,5324.0825,5321.7286,5319.1642,5318.9684,5317.5493,5315.6901,5315.9114,5315.0953,5310.3566,5310.2215,5307.269,5306.259,5306.2344,5299.3915,5298.8473
Australia and New Zealand,Drained organic soils (CO2),Emissions (CO2eq) (AR5),kilotonnes,5356.0862,5357.2456,5349.9065,5342.725,5330.7158,5330.2767,5324.0825,5321.7286,5319.1642,5318.9684,5317.5493,5315.6901,5315.9114,5315.0953,5310.3566,5310.2215,5307.269,5306.259,5306.2344,5299.3915,5298.8473
Australia and New Zealand,Drained organic soils (N2O),Emissions (N2O),kilotonnes,2.7327,2.7337,2.729,2.7253,2.7195,2.7206,2.7168,2.7154,2.7133,2.7117,2.7095,2.7084,2.7084,2.706,2.7032,2.7031,2.7021,2.7015,2.7021,2.6993,2.6991
Australia and New Zealand,Drained organic soils (N2O),Emissions (CO2eq) from N2O (AR5),kilotonnes,724.1597,724.419,723.1822,722.2009,720.6572,720.9718,719.9399,719.5888,719.0377,718.5909,718.0205,717.7129,717.7363,717.0783,716.3351,716.3227,716.0627,715.9038,716.0546,715.3028,715.2691
Australia and New Zealand,Drained organic soils (N2O),Emissions (CO2eq) (AR5),kilotonnes,724.1597,724.419,723.1822,722.2009,720.6572,720.9718,719.9399,719.5888,719.0377,718.5909,718.0205,717.7129,717.7363,717.0783,716.3351,716.3227,716.0627,715.9038,716.0546,715.3028,715.2691
Australia and New Zealand,On-farm energy use,Emissions (CH4),kilotonnes,1.7726,1.6187,1.415,1.4871,1.4992,1.4335,1.93,1.9356,1.857,1.746,1.7331,1.4874,1.4226,1.4165,1.3746,1.3369,1.3752,1.3777,1.4397,1.4643,1.4643
Australia and New Zealand,On-farm energy use,Emissions (N2O),kilotonnes,2.1057,2.1119,2.369,2.793,2.7716,2.9422,2.7446,2.7025,2.6935,2.6342,2.6612,2.6419,2.6968,2.7072,2.7449,2.8265,2.9496,3.0935,3.121,3.1969,3.1969
Australia and New Zealand,On-farm energy use,Emissions (CO2),kilotonnes,6638.6603,6575.5028,7114.12,8374.5562,8561.1064,9145.192,9297.9315,9473.0324,9608.5887,9202.8201,9551.9548,9162.4377,9106.716,8869.8313,8609.4339,8385.3459,8638.0883,8952.8772,9004.6695,9173.4381,9173.4381
Australia and New Zealand,On-farm energy use,Emissions (CO2eq) from CH4 (AR5),kilotonnes,49.6333,45.3231,39.6205,41.6399,41.9784,40.1373,54.0406,54.1958,51.9949,48.8873,48.5258,41.6485,39.8322,39.6616,38.4878,37.434,38.5061,38.5758,40.3109,41.0001,41.0001
Australia and New Zealand,On-farm energy use,Emissions (CO2eq) from N2O (AR5),kilotonnes,558.022,559.6561,627.7851,740.1332,734.4759,779.6712,727.323,716.169,713.7854,698.0587,705.2221,700.0922,714.6604,717.4208,727.3855,749.0167,781.6478,819.7737,827.0603,847.1795,847.1795
Australia and New Zealand,On-farm energy use,Emissions (CO2eq) (AR5),kilotonnes,7246.3156,7180.4819,7781.5256,9156.3293,9337.5607,9965.0005,10079.295,10243.3972,10374.3691,9949.7661,10305.7027,9904.1784,9861.2086,9626.9137,9375.3073,9171.7966,9458.2422,9811.2267,9872.0407,10061.6177,10061.6177
Australia and New Zealand,Forestland,Emissions (CO2),kilotonnes,-38756.0263,-65586.1393,-65586.1393,-65586.1393,-65586.1393,-65586.1393,-65586.1393,-65586.1393,-65586.1393,-65586.1393,-65586.1393,-50118.6362,-50118.6362,-50118.6362,-50118.6362,-50118.6362,-15126.2765,-15126.2765,-15126.2765,-15126.2765,-15126.2765
Australia and New Zealand,Forestland,Emissions (CO2eq) (AR5),kilotonnes,-38756.0263,-65586.1393,-65586.1393,-65586.1393,-65586.1393,-65586.1393,-65586.1393,-65586.1393,-65586.1393,-65586.1393,-65586.1393,-50118.6362,-50118.6362,-50118.6362,-50118.6362,-50118.6362,-15126.2765,-15126.2765,-15126.2765,-15126.2765,-15126.2765
Australia and New Zealand,Net Forest conversion,Emissions (CO2),kilotonnes,59574.08,68460.993,68460.993,68460.993,68460.993,68460.993,68460.993,68460.993,68460.993,68460.993,68460.993,302.5991,302.5991,302.5991,302.5991,302.5991,3051.6171,3051.6171,3051.6171,3051.6171,3051.6171
Australia and New Zealand,Net Forest conversion,Emissions (CO2eq) (AR5),kilotonnes,59574.08,68460.993,68460.993,68460.993,68460.993,68460.993,68460.993,68460.993,68460.993,68460.993,68460.993,302.5991,302.5991,302.5991,302.5991,302.5991,3051.6171,3051.6171,3051.6171,3051.6171,3051.6171
Australia and New Zealand,Savanna fires,Emissions (CH4),kilotonnes,1773.8842,2152.9502,1905.0847,539.2451,1288.6423,474.8455,1231.8376,1140.6029,599.9571,720.6294,337.5645,2195.9104,2153.0733,558.4308,986.1123,924.1831,439.8995,1154.653,1119.5327,652.9496,256.9003
Australia and New Zealand,Savanna fires,Emissions (N2O),kilotonnes,161.9633,196.5737,173.9425,49.2354,117.6586,43.3555,112.4721,104.142,54.7787,65.7966,30.8211,200.4962,196.585,50.9872,90.0363,84.3819,40.1647,105.4248,102.2182,59.6171,23.4561
Australia and New Zealand,Savanna fires,Emissions (CO2eq) from CH4 (AR5),kilotonnes,49668.7566,60282.6058,53342.3717,15098.8617,36081.9843,13295.673,34491.454,31936.8823,16798.7977,20177.6221,9451.8054,61485.4899,60286.0531,15636.0619,27611.1453,25877.1272,12317.1869,32330.283,31346.9149,18282.5881,7193.2072
Australia and New Zealand,Savanna fires,Emissions (CO2eq) from N2O (AR5),kilotonnes,42920.2846,52092.0344,46094.7668,13047.386,31179.5408,11489.1957,29805.1151,27597.632,14516.3524,17436.0973,8167.5927,53131.4831,52095.0133,13511.597,23859.631,22361.2132,10643.6561,27937.5815,27087.8232,15798.5408,6215.8692
Australia and New Zealand,Savanna fires,Emissions (CO2eq) (AR5),kilotonnes,92589.0412,112374.6402,99437.1385,28146.2477,67261.5251,24784.8688,64296.5691,59534.5143,31315.1501,37613.7194,17619.3982,114616.973,112381.0663,29147.6589,51470.7763,48238.3404,22960.843,60267.8645,58434.738,34081.1289,13409.0764
Australia and New Zealand,Fires in organic soils,Emissions (CH4),kilotonnes,0,0,0,0,0,0,0,0,0,0,0,0,0,0,0,0,0,0,0,0,0
Australia and New Zealand,Fires in organic soils,Emissions (CO2),kilotonnes,0,0,0,0,0,0,0,0,0,0,0,0,0,0,0,0,0,0,0,0,0
Australia and New Zealand,Fires in organic soils,Emissions (CO2eq) from CH4 (AR5),kilotonnes,0,0,0,0,0,0,0,0,0,0,0,0,0,0,0,0,0,0,0,0,0
Australia and New Zealand,Fires in organic soils,Emissions (CO2eq) (AR5),kilotonnes,0,0,0,0,0,0,0,0,0,0,0,0,0,0,0,0,0,0,0,0,0
Australia and New Zealand,Forest fires,Emissions (CH4),kilotonnes,88.1803,42.893,82.6775,145.1326,14.5165,13.6329,111.5747,40.3711,9.0571,65.2575,10.3917,20.7521,32.136,54.4424,41.9968,26.0312,33.8845,21.5014,34.7825,386.392,210.5476
Australia and New Zealand,Forest fires,Emissions (N2O),kilotonnes,3.8303,3.9163,7.5488,13.2512,1.3254,1.2447,10.1873,3.6861,0.827,5.9583,0.9488,1.8948,2.9342,4.9708,3.8345,2.3768,3.0938,1.9632,3.1758,35.2793,19.2239
Australia and New Zealand,Forest fires,Emissions (CO2eq) from CH4 (AR5),kilotonnes,2469.0485,1201.0028,2314.9687,4063.7121,406.4629,381.7205,3124.0912,1130.3913,253.5996,1827.2094,290.9671,581.0588,899.8077,1524.3869,1175.9105,728.8724,948.7646,602.0402,973.9095,10818.9772,5895.333
Australia and New Zealand,Forest fires,Emissions (CO2eq) from N2O (AR5),kilotonnes,1015.0266,1037.8231,2000.4349,3511.5773,351.237,329.8563,2699.6223,976.8056,219.1432,1578.9472,251.4335,502.1106,777.5512,1317.2691,1016.1401,629.8409,819.8564,520.2412,841.5849,9349.0075,5094.3366
Australia and New Zealand,Forest fires,Emissions (CO2eq) (AR5),kilotonnes,3484.0751,2238.8259,4315.4036,7575.2894,757.6999,711.5768,5823.7134,2107.1969,472.7428,3406.1566,542.4007,1083.1693,1677.3588,2841.6559,2192.0506,1358.7133,1768.621,1122.2814,1815.4944,20167.9848,10989.6696
Australia and New Zealand,Fires in humid tropical forests,Emissions (CH4),kilotonnes,3.6162,1.6538,2.9635,2.0563,1.1774,3.3634,0.261,0.8174,1.5261,3.9598,0.0293,3.2859,4.1142,2.5591,3.52,2.0082,2.2238,1.5556,10.3417,1.6751,1.3607
Australia and New Zealand,Fires in humid tropical forests,Emissions (N2O),kilotonnes,0.1064,0.151,0.2706,0.1877,0.1075,0.3071,0.0238,0.0746,0.1393,0.3615,0.0027,0.3,0.3756,0.2337,0.3214,0.1834,0.203,0.142,0.9442,0.1529,0.1242
Australia and New Zealand,Fires in humid tropical forests,Emissions (CO2eq) from CH4 (AR5),kilotonnes,101.2539,46.3069,82.9784,57.576,32.967,94.1759,7.3081,22.8881,42.7311,110.8742,0.8206,92.006,115.1979,71.6558,98.5606,56.2296,62.2656,43.5573,289.5683,46.9024,38.1006
Australia and New Zealand,Fires in humid tropical forests,Emissions (CO2eq) from N2O (AR5),kilotonnes,28.1851,40.0152,71.7042,49.7532,28.4878,81.3803,6.3151,19.7783,36.9252,95.8098,0.7091,79.5052,99.546,61.92,85.1692,48.5897,53.8056,37.6392,250.2248,40.5298,32.9239
Australia and New Zealand,Fires in humid tropical forests,Emissions (CO2eq) (AR5),kilotonnes,129.439,86.3221,154.6826,107.3292,61.4548,175.5562,13.6232,42.6664,79.6563,206.684,1.5297,171.5113,214.7438,133.5757,183.7297,104.8192,116.0712,81.1965,539.7931,87.4322,71.0245
Australia and New Zealand,Waste - agri-food systems,Emissions (CH4),kilotonnes,186.3922,187.5703,191.8066,193.748,196.5278,199.299,201.7016,203.1354,205.087,207.2444,209.0118,211.0848,214.9643,219.4414,216.2622,213.6189,214.9217,215.8463,217.7546,218.6378,219.4187
Australia and New Zealand,Waste - agri-food systems,Emissions (N2O),kilotonnes,1.2048,1.2217,1.27,1.3211,1.273,1.3193,1.3462,1.3969,1.4058,1.4076,1.4488,1.5263,1.5421,1.6131,1.6218,1.6605,1.6918,1.7309,1.7775,1.8159,1.8531
Australia and New Zealand,Waste - agri-food systems,Emissions (CO2),kilotonnes,149.4621,149.0357,149.4101,150.4471,151.9015,152.5807,152.9108,153.7219,154.7226,154.0265,155.2066,156.274,156.8004,156.9573,156.6534,156.1523,155.6539,156.1863,156.5644,156.4443,156.2095
Australia and New Zealand,Waste - agri-food systems,Emissions (CO2eq) from CH4 (AR5),kilotonnes,5218.9815,5251.9681,5370.5838,5424.944,5502.7791,5580.3707,5647.6443,5687.7908,5742.4348,5802.8429,5852.3312,5910.3737,6019.0012,6144.3595,6055.3409,5981.3301,6017.8083,6043.6956,6097.1298,6121.8573,6143.7239
Australia and New Zealand,Waste - agri-food systems,Emissions (CO2eq) from N2O (AR5),kilotonnes,319.2768,323.7625,336.5435,350.1047,337.3429,349.6182,356.737,370.1823,372.5326,373.0039,383.9432,404.4632,408.6678,427.4711,429.7849,440.034,448.3383,458.6893,471.0308,481.2239,491.072
Australia and New Zealand,Waste - agri-food systems,Emissions (CO2eq) (AR5),kilotonnes,5687.7204,5724.7663,5856.5373,5925.4959,5992.0235,6082.5696,6157.292,6211.6949,6269.6901,6329.8732,6391.481,6471.1108,6584.4694,6728.788,6641.7792,6577.5164,6621.8006,6658.5712,6724.725,6759.5255,6791.0054
Australia and New Zealand,Fertilizers Manufacturing,Emissions (CO2),kilotonnes,1152.5299,1033.0921,916.3147,970.1991,440.2422,456.3813,533.1813,274.7342,152.16,29.0658,0,0,0,0,0,0,0,0,0,0,0
Australia and New Zealand,Fertilizers Manufacturing,Emissions (CO2eq) (AR5),kilotonnes,1152.5299,1033.0921,916.3147,970.1991,440.2422,456.3813,533.1813,274.7342,152.16,29.0658,0,0,0,0,0,0,0,0,0,0,0
Australia and New Zealand,On-farm electricity use,Emissions (CH4),kilotonnes,5.0133,5.2005,3.7174,5.0122,4.8838,4.651,5.0086,5.2798,5.3974,5.1994,5.3602,5.1826,5.5486,5.5114,6.1557,6.397,5.1862,5.395,5.3949,5.2428,5.2428
Australia and New Zealand,On-farm electricity use,Emissions (N2O),kilotonnes,0.0268,0.0278,0.0198,0.0267,0.0261,0.0248,0.0267,0.0282,0.0289,0.0278,0.0287,0.0277,0.0296,0.0295,0.0328,0.0341,0.0277,0.0288,0.0288,0.028,0.028
Australia and New Zealand,On-farm electricity use,Emissions (CO2),kilotonnes,2625.01,2671.3585,1702.685,2582.8063,2520.0167,2414.8427,2537.1129,2539.0681,2568.8287,2353.43,2209.4315,2054.3462,2253.3198,2315.0029,2570.828,2668.7045,1961.3643,2133.9735,2230.0012,2161.8358,2161.8358
Australia and New Zealand,On-farm electricity use,Emissions (CO2eq) from CH4 (AR5),kilotonnes,140.3724,145.614,104.0872,140.3416,136.7464,130.228,140.2408,147.8344,151.1272,145.5832,150.0856,145.1128,155.3608,154.3192,172.3596,179.116,145.2136,151.06,151.0572,146.7984,146.7984
Australia and New Zealand,On-farm electricity use,Emissions (CO2eq) from N2O (AR5),kilotonnes,7.102,7.367,5.247,7.0755,6.9165,6.572,7.0755,7.473,7.6585,7.367,7.6055,7.3405,7.844,7.8175,8.692,9.0365,7.3405,7.632,7.632,7.42,7.42
Australia and New Zealand,On-farm electricity use,Emissions (CO2eq) (AR5),kilotonnes,2772.4844,2824.3395,1812.0192,2730.2234,2663.6796,2551.6427,2684.4292,2694.3755,2727.6144,2506.3802,2367.1226,2206.7995,2416.5246,2477.1396,2751.8796,2856.857,2113.9184,2292.6655,2388.6904,2316.0542,2316.0542
Australia and New Zealand,Food Processing,Emissions (CH4),kilotonnes,9.2616,9.3127,10.2999,9.1321,9.3369,9.3158,9.422,9.5541,9.704,9.5609,9.686,9.8426,9.7076,9.9797,10.3941,10.8186,10.9811,10.5806,10.6824,10.6824,10.515
Australia and New Zealand,Food Processing,Emissions (N2O),kilotonnes,0.0917,0.0932,0.0765,0.0943,0.0904,0.0948,0.0949,0.0952,0.0974,0.1202,0.1251,0.1272,0.1198,0.1195,0.1276,0.1296,0.1288,0.1207,0.1239,0.1239,0.1144
Australia and New Zealand,Food Processing,Emissions (CO2),kilotonnes,10030.9017,10118.1627,9192.9167,9912.9449,9775.8859,10173.1759,10141.7911,10200.3736,10270.4605,11802.0201,11983.457,12230.3836,11959.2039,12170.2309,12915.1888,13277.3587,13108.4722,12316.292,12422.6737,12422.6737,11305.9218
Australia and New Zealand,Food Processing,Emissions (CO2eq) from CH4 (AR5),kilotonnes,259.3248,260.7556,288.3972,255.6988,261.4332,260.8424,263.816,267.5148,271.712,267.7052,271.208,275.5928,271.8128,279.4316,291.0348,302.9208,307.4708,296.2568,299.1072,299.1072,294.4211
Australia and New Zealand,Food Processing,Emissions (CO2eq) from N2O (AR5),kilotonnes,24.3005,24.698,20.2725,24.9895,23.956,25.122,25.1485,25.228,25.811,31.853,33.1515,33.708,31.747,31.6675,33.814,34.344,34.132,31.9855,32.8335,32.8335,30.3166
Australia and New Zealand,Food Processing,Emissions (CO2eq) (AR5),kilotonnes,10314.527,10403.6163,9501.5864,10193.6332,10061.2751,10459.1403,10430.7556,10493.1164,10567.9835,12101.5783,12287.8165,12539.6844,12262.7637,12481.33,13240.0376,13614.6235,13450.075,12644.5343,12754.6144,12754.6144,11630.6595
Australia and New Zealand,Food Packaging,Emissions (CH4),kilotonnes,9.8741,10.0657,10.4164,9.2256,9.2542,9.5378,9.2979,10.4792,10.596,12.122,17.0136,8.0886,5.8715,5.7891,5.6138,5.2281,5.138,4.9243,4.9991,7.6111,7.6035
Australia and New Zealand,Food Packaging,Emissions (N2O),kilotonnes,0.0864,0.0803,0.0807,0.0721,0.0728,0.0761,0.0749,0.0837,0.0863,0.0966,0.1303,0.0608,0.0447,0.046,0.0454,0.0424,0.0446,0.0444,0.0454,0.0584,0.0572
Australia and New Zealand,Food Packaging,Emissions (CO2),kilotonnes,9902.498,9464.65,9851.9984,8681.1492,8836.9186,9345.6614,9295.8867,10349.8563,10461.7004,11855.3687,15086.7626,6974.1928,5270.3086,5564.5613,5487.6046,5017.1213,5070.3927,4967.4465,5028.7826,7158.4893,6641.1792
Australia and New Zealand,Food Packaging,Emissions (CO2eq) from CH4 (AR5),kilotonnes,276.4748,281.8396,291.6592,258.3168,259.1176,267.0584,260.3412,293.4176,296.688,339.416,476.3808,226.4808,164.402,162.0948,157.1864,146.3868,143.864,137.8804,139.9748,213.1108,212.8982
Australia and New Zealand,Food Packaging,Emissions (CO2eq) from N2O (AR5),kilotonnes,22.896,21.2795,21.3855,19.1065,19.292,20.1665,19.8485,22.1805,22.8695,25.599,34.5295,16.112,11.8455,12.19,12.031,11.236,11.819,11.766,12.031,15.476,15.1534
Australia and New Zealand,Food Packaging,Emissions (CO2eq) (AR5),kilotonnes,10201.8688,9767.7691,10165.0431,8958.5725,9115.3282,9632.8863,9576.0764,10665.4544,10781.2579,12220.3837,15597.6729,7216.7856,5446.5561,5738.8461,5656.822,5174.7441,5226.0757,5117.0929,5180.7884,7387.0761,6869.2308
Australia and New Zealand,Food Retail,Emissions (CH4),kilotonnes,4.6746,4.6147,5.3236,5.8187,6.0025,6.0293,6.1512,6.5372,6.5958,6.7491,6.7479,6.7707,6.7638,6.9603,6.9882,7.3721,7.3887,7.5587,7.654,8.1551,8.1475
Australia and New Zealand,Food Retail,Emissions (N2O),kilotonnes,0.0264,0.0263,0.0304,0.0334,0.0343,0.0344,0.035,0.0371,0.0375,0.0382,0.0382,0.0384,0.0382,0.0393,0.0396,0.0417,0.0419,0.0429,0.0434,0.0459,0.0447
Australia and New Zealand,Food Retail,Emissions (CO2),kilotonnes,3272.0439,3198.8916,3885.1946,4093.2464,4240.4366,4352.4151,4392.9181,4581.325,4644.0692,4835.1306,4520.402,4445.8386,4503.0795,4838.8192,4892.4042,5162.8458,5190.1504,5326.3018,5403.9775,5684.7435,5270.306
Australia and New Zealand,Food Retail,Emissions (CO2eq) from F-gases (AR5),kilotonnes,3167.911,3802.2205,4410.555,4985.122,5566.4425,6339.978,6957.144,7574.31,7950.9475,8307.844,8670.455,9055.4045,9090.7305,9125.0175,9125.0175,9125.0175,10133.8865,10451.301,10768.196,11084.5715,11208.7333
Australia and New Zealand,Food Retail,Emissions (CO2eq) from CH4 (AR5),kilotonnes,130.8888,129.2116,149.0608,162.9236,168.07,168.8204,172.2336,183.0416,184.6824,188.9748,188.9412,189.5796,189.3864,194.8884,195.6696,206.4188,206.8836,211.6436,214.312,228.3428,228.1306
Australia and New Zealand,Food Retail,Emissions (CO2eq) from N2O (AR5),kilotonnes,6.996,6.9695,8.056,8.851,9.0895,9.116,9.275,9.8315,9.9375,10.123,10.123,10.176,10.123,10.4145,10.494,11.0505,11.1035,11.3685,11.501,12.1635,11.8406
Australia and New Zealand,Food Retail,Emissions (CO2eq) (AR5),kilotonnes,6577.8397,7137.2932,8452.8664,9250.143,9984.0386,10870.3295,11531.5707,12348.5081,12789.6366,13342.0724,13389.9212,13700.9987,13793.3194,14169.1396,14223.5853,14505.3326,15542.024,16000.6149,16397.9865,17009.8213,16719.0105
Australia and New Zealand,Food Household Consumption,Emissions (CH4),kilotonnes,10.4102,10.5948,10.8986,11.361,11.7594,11.6234,11.8302,12.1111,12.2307,12.6561,12.7376,13.0742,12.8587,12.6705,12.2186,12.4776,12.4349,12.4536,12.4698,12.4698,12.4536
Australia and New Zealand,Food Household Consumption,Emissions (N2O),kilotonnes,0.0575,0.0586,0.06,0.0627,0.0647,0.0638,0.0649,0.0665,0.0673,0.0696,0.0701,0.072,0.0707,0.0699,0.0675,0.0689,0.0687,0.0687,0.0688,0.0688,0.067
Australia and New Zealand,Food Household Consumption,Emissions (CO2),kilotonnes,7576.8174,7608.0569,8250.8304,8255.3547,8589.0849,8734.0074,8855.9472,8970.5872,9086.1277,9560.5258,9047.9224,9118.9403,9148.5837,9436.2867,9152.7656,9341.7483,9366.5052,9358.1204,9359.3819,9359.3819,8683.1918
Australia and New Zealand,Food Household Consumption,Emissions (CO2eq) from CH4 (AR5),kilotonnes,291.4856,296.6544,305.1608,318.108,329.2632,325.4552,331.2456,339.1108,342.4596,354.3708,356.6528,366.0776,360.0436,354.774,342.1208,349.3728,348.1772,348.7008,349.1544,349.1544,348.7009
Australia and New Zealand,Food Household Consumption,Emissions (CO2eq) from N2O (AR5),kilotonnes,15.2375,15.529,15.9,16.6155,17.1455,16.907,17.1985,17.6225,17.8345,18.444,18.5765,19.08,18.7355,18.5235,17.8875,18.2585,18.2055,18.2055,18.232,18.232,17.7518
Australia and New Zealand,Food Household Consumption,Emissions (CO2eq) (AR5),kilotonnes,7883.5405,7920.2403,8571.8912,8590.0782,8935.4936,9076.3696,9204.3913,9327.3205,9446.4218,9933.3406,9423.1517,9504.0979,9527.3628,9809.5842,9512.7739,9709.3796,9732.8879,9725.0267,9726.7683,9726.7683,9049.6444
Australia and New Zealand,Food Transport,Emissions (CH4),kilotonnes,1.7018,1.5873,1.4753,1.3928,1.3258,1.168,1.2645,1.1725,1.1467,1.0378,1.089,1.0853,1.0741,1.0753,1.0716,1.0843,1.0492,0.9997,1.0229,0.5908,0.5936
Australia and New Zealand,Food Transport,Emissions (N2O),kilotonnes,0.5434,0.5311,0.5282,0.5425,0.5782,0.5709,0.5386,0.5278,0.5239,0.504,0.4781,0.4842,0.4964,0.5086,0.5085,0.527,0.5352,0.552,0.5641,0.5917,0.5768
Australia and New Zealand,Food Transport,Emissions (CO2),kilotonnes,8835.795,8696.915,9006.825,9094.655,9540.29,9565.235,9615.055,9844.715,9972.445,9887.27,10162.83,10337.055,10400.565,10537.975,10555.775,10851.355,10983.75,11330.525,11589.49,11556.9135,10641.9669
Australia and New Zealand,Food Transport,Emissions (CO2eq) from CH4 (AR5),kilotonnes,47.6504,44.4444,41.3084,38.9984,37.1224,32.704,35.406,32.83,32.1076,29.0584,30.492,30.3884,30.0748,30.1084,30.0048,30.3604,29.3776,27.9916,28.6412,16.5424,16.6211
Australia and New Zealand,Food Transport,Emissions (CO2eq) from N2O (AR5),kilotonnes,144.001,140.7415,139.973,143.7625,153.223,151.2885,142.729,139.867,138.8335,133.56,126.6965,128.313,131.546,134.779,134.7525,139.655,141.828,146.28,149.4865,156.8005,152.859
Australia and New Zealand,Food Transport,Emissions (CO2eq) (AR5),kilotonnes,9027.4464,8882.1009,9188.1064,9277.4159,9730.6354,9749.2275,9793.19,10017.412,10143.3861,10049.8884,10320.0185,10495.7564,10562.1858,10702.8624,10720.5323,11021.3704,11154.9556,11504.7966,11767.6177,11730.2564,10811.447
Australia and New Zealand,Energy,Emissions (CH4),kilotonnes,1285.8,1377.6,1408.8,1385.1,1393,1452.2,1464.8,1514.1,1508.2,1552,1676.5,1613.9,1654.1,1412.3,1400.7,1577.7,1496.9,1395.2,1425.8,1373.4,1380.1
Australia and New Zealand,Energy,Emissions (N2O),kilotonnes,11.81,11.93,12.38,13.35,14,14.42,13.8,13.65,13.68,13.45,13.21,13.34,13.88,14.16,14.02,14.32,14.7,15.19,15.3,15.05,14.75
Australia and New Zealand,Energy,Emissions (CO2),kilotonnes,360800,357100,373000,367800,375300,381900,396200,403300,416900,424200,423600,421300,418200,406500,397700,401900,403900,401300,400000,406000,375300
Australia and New Zealand,Energy,Emissions (CO2eq) from CH4 (AR5),kilotonnes,36002.4,38572.8,39446.4,38782.8,39004,40661.6,41014.4,42394.8,42229.6,43456,46942,45189.2,46314.8,39544.4,39219.6,44175.6,41913.2,39065.6,39922.4,38455.2,38642.8
Australia and New Zealand,Energy,Emissions (CO2eq) from N2O (AR5),kilotonnes,3129.65,3161.45,3280.7,3537.75,3710,3821.3,3657,3617.25,3625.2,3564.25,3500.65,3535.1,3678.2,3752.4,3715.3,3794.8,3895.5,4025.35,4054.5,3988.25,3908.75
Australia and New Zealand,Energy,Emissions (CO2eq) (AR5),kilotonnes,399932.05,398834.25,415727.1,410120.55,418014,426382.9,440871.4,449312.05,462754.8,471220.25,474042.65,470024.3,468193,449796.8,440634.9,449870.4,449708.7,444390.95,443976.9,448443.45,417851.55
Australia and New Zealand,IPPU,Emissions (CH4),kilotonnes,6.568,5.924,6.33,3.32,3.61,1.941,2.09,2.16,2.47,2.838,3.03,2.97,3.407,4.174,5.992,5.228,5.985,5.483,4.75,5.316,4.87
Australia and New Zealand,IPPU,Emissions (N2O),kilotonnes,5.452,6.551,7.049,7.388,7.456,8.364,8.878,9.581,10.434,11.627,12.22,12.021,12.223,12.624,13.826,14.527,14.528,14.629,17.331,21.133,18.519
Australia and New Zealand,IPPU,Emissions (CO2),kilotonnes,15520,15630,15880,15390,15410,14950,16100,16410,16320,15940,16260,16080,15900,15940,16370,16030,16060,15740,15400,15230,14660
Australia and New Zealand,IPPU,Emissions (CO2eq) from F-gases (AR5),kilotonnes,5103.6551,5409.7578,5811.0924,6485.4901,7177.3793,7851.777,8716.6386,9426.0195,10106.2477,10747.6057,11233.483,12224.6727,12885.4658,13235.2974,14294.5099,14945.5855,15509.2031,15917.3401,16004.798,17374.9719,17559.6053
Australia and New Zealand,IPPU,Emissions (CO2eq) from CH4 (AR5),kilotonnes,183.904,165.872,177.24,92.96,101.08,54.348,58.52,60.48,69.16,79.464,84.84,83.16,95.396,116.872,167.776,146.384,167.58,153.524,133,148.848,136.36
Australia and New Zealand,IPPU,Emissions (CO2eq) from N2O (AR5),kilotonnes,1444.78,1736.015,1867.985,1957.82,1975.84,2216.46,2352.67,2538.965,2765.01,3081.155,3238.3,3185.565,3239.095,3345.36,3663.89,3849.655,3849.92,3876.685,4592.715,5600.245,4907.535
Australia and New Zealand,IPPU,Emissions (CO2eq) (AR5),kilotonnes,22252.3391,22941.6448,23736.3174,23926.2701,24664.2993,25072.585,27227.8286,28435.4645,29260.4177,29848.2247,30816.623,31573.3977,32119.9568,32637.5294,34496.1759,34971.6245,35586.7031,35687.5491,36130.513,38354.0649,37263.5003
Australia and New Zealand,Waste,Emissions (CH4),kilotonnes,756,764,779,738,723,721,712,725,743,737,749,732,680,677,650,630,645,643,653,636,627
Australia and New Zealand,Waste,Emissions (N2O),kilotonnes,2.117,2.2,2.263,2.37,2.456,2.531,2.606,2.719,2.843,2.913,3.076,3.327,3.394,3.464,3.525,3.596,3.684,3.741,3.691,3.75,3.846
Australia and New Zealand,Waste,Emissions (CO2),kilotonnes,16.66,16.65,16.64,16.6,16.76,16.8,17.01,17.16,17.44,17.68,17.5,17.52,17.63,17.87,18.17,17.9,18.01,17.98,8.23,8.17,8.18
Australia and New Zealand,Waste,Emissions (CO2eq) from CH4 (AR5),kilotonnes,21168,21392,21812,20664,20244,20188,19936,20300,20804,20636,20972,20496,19040,18956,18200,17640,18060,18004,18284,17808,17556
Australia and New Zealand,Waste,Emissions (CO2eq) from N2O (AR5),kilotonnes,561.005,583,599.695,628.05,650.84,670.715,690.59,720.535,753.395,771.945,815.14,881.655,899.41,917.96,934.125,952.94,976.26,991.365,978.115,993.75,1019.19
Australia and New Zealand,Waste,Emissions (CO2eq) (AR5),kilotonnes,21745.665,21991.65,22428.335,21308.65,20911.6,20875.515,20643.6,21037.695,21574.835,21425.625,21804.64,21395.175,19957.04,19891.83,19152.295,18610.84,19054.27,19013.345,19270.345,18809.92,18583.37
Australia and New Zealand,Other,Emissions (CH4),kilotonnes,0.6,0.6,0.6,0.6,0.6,0.6,0.6,0.6,0.6,0.6,0.6,0.6,0.6,0.6,0.6,0.6,0.6,0.6,0.6,0.6,0.6
Australia and New Zealand,Other,Emissions (N2O),kilotonnes,6.756,6.806,6.833,6.505,6.6,6.571,6.546,6.619,6.769,6.757,6.777,6.77,6.796,6.866,6.736,6.925,6.945,6.91,6.885,6.982,7.007
Australia and New Zealand,Other,Emissions (CO2),kilotonnes,189,189,189,189,189,189,189,189,189,189,189,189,189,189,189,189,189,189,189,189,189
Australia and New Zealand,Other,Emissions (CO2eq) from CH4 (AR5),kilotonnes,16.8,16.8,16.8,16.8,16.8,16.8,16.8,16.8,16.8,16.8,16.8,16.8,16.8,16.8,16.8,16.8,16.8,16.8,16.8,16.8,16.8
Australia and New Zealand,Other,Emissions (CO2eq) from N2O (AR5),kilotonnes,1790.34,1803.59,1810.745,1723.825,1749,1741.315,1734.69,1754.035,1793.785,1790.605,1795.905,1794.05,1800.94,1819.49,1785.04,1835.125,1840.425,1831.15,1824.525,1850.23,1856.855
Australia and New Zealand,Other,Emissions (CO2eq) (AR5),kilotonnes,1996.14,2009.39,2016.545,1929.625,1954.8,1947.115,1940.49,1959.835,1999.585,1996.405,2001.705,1999.85,2006.74,2025.29,1990.84,2040.925,2046.225,2036.95,2030.325,2056.03,2062.655
Australia and New Zealand,Farm-gate emissions,Emissions (CH4),kilotonnes,5781.7223,6133.4776,5876.6728,4352.1567,5174.7789,4370.9088,5107.1586,4903.4245,4206.5128,4349.7895,3852.1028,5885.9418,5885.6233,4348.6324,4741.4185,4527.1598,3844.8179,4682.1241,4632.061,3988.3146,3483.2305
Australia and New Zealand,Farm-gate emissions,Direct emissions (N2O),kilotonnes,144.6072,144.3587,143.7679,135.9525,144.5858,142.3895,139.4007,132.412,128.7182,129.838,128.7321,136.7101,138.5419,140.339,143.1284,137.279,133.9831,140.708,136.3032,129.9168,126.3729
Australia and New Zealand,Farm-gate emissions,Indirect emissions (N2O),kilotonnes,44.5164,44.0503,43.5481,41.3582,43.6517,43.0547,41.5565,39.4954,37.8447,37.7389,37.492,39.7249,40.298,40.8751,41.6064,40.0306,39.2903,41.1255,39.8896,38.065,37.1047
Australia and New Zealand,Farm-gate emissions,Emissions (N2O),kilotonnes,363.531,397.5268,374.1469,239.5758,319.0517,242.1634,306.7871,289.2991,234.4144,246.5399,209.9666,390.2006,388.7568,245.6775,288.2814,274.8634,226.2523,300.5423,291.7429,240.704,199.7305
Australia and New Zealand,Farm-gate emissions,Emissions (CO2),kilotonnes,11994.7465,11932.7484,12464.0265,13717.2812,13891.8222,14475.4687,14622.014,14794.7609,14927.7529,14521.7884,14869.5041,14478.1278,14422.6274,14184.9266,13919.7905,13695.5674,13945.3573,14259.1362,14310.904,14472.8296,14472.2854
Australia and New Zealand,Farm-gate emissions,Emissions (CO2eq) from CH4 (AR5),kilotonnes,161888.2248,171737.3729,164546.8378,121860.387,144893.8084,122385.4466,143000.4402,137295.8862,117782.3585,121794.1067,107858.8782,164806.369,164797.4518,121761.7063,132759.7176,126760.4742,107654.9011,131099.4758,129697.7094,111672.8094,97530.4547
Australia and New Zealand,Farm-gate emissions,Emissions (CO2eq) from N2O (AR5),kilotonnes,96335.726,105344.6123,99148.935,63487.5947,84548.7114,64173.3036,81298.5946,76664.2567,62119.8161,65333.0804,55641.1473,103403.1597,103020.5454,65104.5471,76394.5632,72838.798,59956.8708,79643.7211,77311.8577,63786.5727,52928.5841
Australia and New Zealand,Farm-gate emissions,Emissions (CO2eq) (AR5),kilotonnes,270218.6972,289014.7336,276159.7993,199065.2629,243334.3421,201034.2189,238921.0488,228754.9039,194829.9274,201648.9755,178369.5296,282687.6565,282240.6246,201051.1801,223074.0713,213294.8396,181557.1292,225002.3331,221320.471,189932.2116,164931.3242
Australia and New Zealand,Land Use change,Emissions (CH4),kilotonnes,3.6162,1.6538,2.9635,2.0563,1.1774,3.3634,0.261,0.8174,1.5261,3.9598,0.0293,3.2859,4.1142,2.5591,3.52,2.0082,2.2238,1.5556,10.3417,1.6751,1.3607
Australia and New Zealand,Land Use change,Emissions (N2O),kilotonnes,0.1064,0.151,0.2706,0.1877,0.1075,0.3071,0.0238,0.0746,0.1393,0.3615,0.0027,0.3,0.3756,0.2337,0.3214,0.1834,0.203,0.142,0.9442,0.1529,0.1242
Australia and New Zealand,Land Use change,Emissions (CO2),kilotonnes,59574.08,68460.993,68460.993,68460.993,68460.993,68460.993,68460.993,68460.993,68460.993,68460.993,68460.993,302.5991,302.5991,302.5991,302.5991,302.5991,3051.6171,3051.6171,3051.6171,3051.6171,3051.6171
Australia and New Zealand,Land Use change,Emissions (CO2eq) from CH4 (AR5),kilotonnes,101.2539,46.3069,82.9784,57.576,32.967,94.1759,7.3081,22.8881,42.7311,110.8742,0.8206,92.006,115.1979,71.6558,98.5606,56.2296,62.2656,43.5573,289.5683,46.9024,38.1006
Australia and New Zealand,Land Use change,Emissions (CO2eq) from N2O (AR5),kilotonnes,28.1851,40.0152,71.7042,49.7532,28.4878,81.3803,6.3151,19.7783,36.9252,95.8098,0.7091,79.5052,99.546,61.92,85.1692,48.5897,53.8056,37.6392,250.2248,40.5298,32.9239
Australia and New Zealand,Land Use change,Emissions (CO2eq) (AR5),kilotonnes,59703.519,68547.3151,68615.6757,68568.3223,68522.4478,68636.5492,68474.6162,68503.6595,68540.6493,68667.6771,68462.5227,474.1103,517.3429,436.1748,486.3288,407.4183,3167.6883,3132.8136,3591.4102,3139.0493,3122.6415
Australia and New Zealand,Emissions on agricultural land,Emissions (CH4),kilotonnes,5785.3385,6135.1314,5879.6363,4354.213,5175.9563,4374.2722,5107.4196,4904.2419,4208.0389,4353.7493,3852.1321,5889.2277,5889.7375,4351.1915,4744.9385,4529.168,3847.0417,4683.6798,4642.4028,3989.9897,3484.5913
Australia and New Zealand,Emissions on agricultural land,Emissions (N2O),kilotonnes,363.6374,397.6778,374.4175,239.7636,319.1592,242.4705,306.811,289.3737,234.5537,246.9015,209.9693,390.5006,389.1324,245.9112,288.6028,275.0467,226.4554,300.6844,292.6871,240.857,199.8547
Australia and New Zealand,Emissions on agricultural land,Emissions (CO2),kilotonnes,71568.8265,80393.7414,80925.0195,82178.2743,82352.8153,82936.4618,83083.0071,83255.754,83388.7459,82982.7815,83330.4971,14780.7269,14725.2265,14487.5257,14222.3896,13998.1665,16996.9744,17310.7533,17362.521,17524.4466,17523.9024
Australia and New Zealand,Emissions on agricultural land,Emissions (CO2eq) from CH4 (AR5),kilotonnes,161989.4787,171783.6798,164629.8162,121917.963,144926.7754,122479.6225,143007.7482,137318.7743,117825.0896,121904.9809,107859.6988,164898.3751,164912.6496,121833.3621,132858.2781,126816.7038,107717.1667,131143.0331,129987.2777,111719.7118,97568.5553
Australia and New Zealand,Emissions on agricultural land,Emissions (CO2eq) from N2O (AR5),kilotonnes,96363.9111,105384.6275,99220.6392,63537.3479,84577.1992,64254.6838,81304.9097,76684.0351,62156.7413,65428.8902,55641.8564,103482.6649,103120.0914,65166.4671,76479.7324,72887.3877,60010.6764,79681.3603,77562.0825,63827.1025,52961.508
Australia and New Zealand,Emissions on agricultural land,Emissions (CO2eq) (AR5),kilotonnes,329922.2162,357562.0487,344775.475,267633.5852,311856.7899,269670.7681,307395.665,297258.5634,263370.5768,270316.6526,246832.0523,283161.7669,282757.9675,201487.3549,223560.4001,213702.258,184724.8175,228135.1467,224911.8812,193071.2609,168053.9657
Australia and New Zealand,Pre- and post- production,Emissions (CH4),kilotonnes,227.3278,228.946,233.9378,235.6904,239.0904,241.6243,244.676,248.2693,250.7576,254.5697,261.6461,255.1288,256.7886,261.4277,258.7042,256.9966,257.0998,257.7582,259.9777,263.3898,263.9748
Australia and New Zealand,Pre- and post- production,Emissions (N2O),kilotonnes,2.037,2.039,2.0656,2.1528,2.1395,2.1841,2.1812,2.2354,2.2471,2.264,2.3193,2.3366,2.3415,2.4259,2.4432,2.5042,2.5387,2.5884,2.6519,2.7326,2.7412
Australia and New Zealand,Pre- and post- production,Emissions (CO2),kilotonnes,43545.058,42940.1625,42956.1749,43740.8027,44094.7764,45194.2995,45524.8031,46914.3813,47310.5141,50476.8375,53166.0121,45317.0305,43691.8609,45019.8333,45731.2196,46475.2859,45836.2887,45588.8455,46190.8713,48500.482,44860.611
Australia and New Zealand,Pre- and post- production,Emissions (CO2eq) from F-gases (AR5),kilotonnes,3167.911,3802.2205,4410.555,4985.122,5566.4425,6339.978,6957.144,7574.31,7950.9475,8307.844,8670.455,9055.4045,9090.7305,9125.0175,9125.0175,9125.0175,10133.8865,10451.301,10768.196,11084.5715,11208.7333
Australia and New Zealand,Pre- and post- production,Emissions (CO2eq) from CH4 (AR5),kilotonnes,6365.1783,6410.4877,6550.2574,6599.3312,6694.5319,6765.4791,6850.9275,6951.54,7021.2116,7127.9513,7326.0916,7143.6057,7190.0816,7319.9759,7243.7169,7195.9057,7198.7951,7217.2288,7279.3766,7374.9133,7391.2942
Australia and New Zealand,Pre- and post- production,Emissions (CO2eq) from N2O (AR5),kilotonnes,539.8098,540.347,547.3775,570.5052,566.9654,578.7902,578.012,592.3848,595.4771,599.9499,614.6257,619.1927,620.5088,642.8631,647.4559,663.6145,672.7668,685.9268,702.7468,724.1494,726.4133
Australia and New Zealand,Pre- and post- production,Emissions (CO2eq) (AR5),kilotonnes,53617.9571,53693.2177,54464.3647,55895.7612,56922.7162,58878.5468,59910.8865,62032.616,62878.1504,66512.5826,69777.1844,62135.2333,60593.1818,62107.6899,62747.4099,63459.8236,63841.7372,63943.3021,64941.1907,67684.1162,64187.0517
Australia and New Zealand,Agri-food systems,Emissions (CH4),kilotonnes,6012.6663,6364.0774,6113.5741,4589.9034,5415.0467,4615.8965,5352.0956,5152.5112,4458.7965,4608.319,4113.7782,6144.3565,6146.5261,4612.6192,5003.6427,4786.1646,4104.1415,4941.4379,4902.3805,4253.3795,3748.5661
Australia and New Zealand,Agri-food systems,Emissions (N2O),kilotonnes,365.6744,399.7169,376.4831,241.9164,321.2987,244.6546,308.9922,291.6091,236.8008,249.1654,212.2886,392.8372,391.474,248.3371,291.046,277.551,228.9941,303.2728,295.339,243.5896,202.5959
Australia and New Zealand,Agri-food systems,Emissions (CO2),kilotonnes,115113.8845,123333.9039,123881.1944,125919.077,126447.5917,128130.7613,128607.8101,130170.1353,130699.26,133459.619,136496.5092,60097.7574,58417.0874,59507.3591,59953.6092,60473.4524,62833.2631,62899.5988,63553.3923,66024.9287,62384.5134
Australia and New Zealand,Agri-food systems,Emissions (CO2eq) from F-gases (AR5),kilotonnes,3167.911,3802.2205,4410.555,4985.122,5566.4425,6339.978,6957.144,7574.31,7950.9475,8307.844,8670.455,9055.4045,9090.7305,9125.0175,9125.0175,9125.0175,10133.8865,10451.301,10768.196,11084.5715,11208.7333
Australia and New Zealand,Agri-food systems,Emissions (CO2eq) from CH4 (AR5),kilotonnes,168354.657,178194.1675,171180.0736,128517.2942,151621.3073,129245.1016,149858.6757,144270.3143,124846.3012,129032.9322,115185.7903,172041.9807,172102.7312,129153.338,140101.995,134012.6095,114915.9618,138360.2619,137266.6543,119094.6251,104959.8495
Australia and New Zealand,Agri-food systems,Emissions (CO2eq) from N2O (AR5),kilotonnes,96903.7209,105924.9745,99768.0167,64107.8531,85144.1646,64833.474,81882.9217,77276.4198,62752.2184,66028.8401,56256.4821,104101.8576,103740.6002,65809.3302,77127.1883,73551.0022,60683.4432,80367.2871,78264.8293,64551.2519,53687.9213
Australia and New Zealand,Agri-food systems,Emissions (CO2eq) (AR5),kilotonnes,383540.1733,411255.2665,399239.8397,323529.3464,368779.5061,328549.3149,367306.5515,359291.1794,326248.7272,336829.2352,316609.2366,345297.0002,343351.1493,263595.0448,286307.81,277162.0815,248566.5546,292078.4488,289853.0719,260755.3772,232241.0174
Australia and New Zealand,IPCC Agriculture,Emissions (CH4),kilotonnes,5779.9497,6131.8589,5875.2578,4350.6695,5173.2796,4369.4753,5105.2286,4901.4889,4204.6558,4348.0435,3850.3697,5884.4543,5884.2007,4347.2159,4740.0439,4525.8229,3843.4427,4680.7464,4630.6214,3986.8503,3481.7662
Australia and New Zealand,IPCC Agriculture,Direct emissions (N2O),kilotonnes,144.6072,144.3587,143.7679,135.9525,144.5858,142.3895,139.4007,132.412,128.7182,129.838,128.7321,136.7101,138.5419,140.339,143.1284,137.279,133.9831,140.708,136.3032,129.9168,126.3729
Australia and New Zealand,IPCC Agriculture,Indirect emissions (N2O),kilotonnes,44.5164,44.0503,43.5481,41.3582,43.6517,43.0547,41.5565,39.4954,37.8447,37.7389,37.492,39.7249,40.298,40.8751,41.6064,40.0306,39.2903,41.1255,39.8896,38.065,37.1047
Australia and New Zealand,IPCC Agriculture,Emissions (N2O),kilotonnes,361.4253,395.4149,371.7779,236.7829,316.2801,239.2213,304.0425,286.5966,231.7209,243.9057,207.3054,387.5587,386.0599,242.9703,285.5365,272.0369,223.3027,297.4489,288.6219,237.5071,196.5336
Australia and New Zealand,IPCC Agriculture,Emissions (CO2eq) from CH4 (AR5),kilotonnes,161838.5914,171692.0499,164507.2173,121818.7471,144851.83,122345.3093,142946.3996,137241.6904,117730.3636,121745.2194,107810.3524,164764.7205,164757.6196,121722.0447,132721.2297,126723.0402,107616.395,131060.9,129657.3985,111631.8093,97489.4546
Australia and New Zealand,IPCC Agriculture,Emissions (CO2eq) from N2O (AR5),kilotonnes,95777.704,104784.9562,98521.15,62747.4614,83814.2355,63393.6324,80571.2716,75948.0878,61406.0306,64635.0217,54935.9252,102703.0675,102305.885,64387.1263,75667.1777,72089.7813,59175.223,78823.9474,76484.7974,62939.3931,52081.4046
Australia and New Zealand,IPCC Agriculture,Emissions (CO2eq) (AR5),kilotonnes,257616.2954,276477.0061,263028.3673,184566.2086,228666.0655,185738.9417,223517.6713,213189.7782,179136.3942,186380.2411,162746.2776,267467.7881,267063.5046,186109.171,208388.4074,198812.8215,166791.618,209884.8473,206142.1958,174571.2024,149570.8592
Australia and New Zealand,Agricultural Soils,Direct emissions (N2O),kilotonnes,144.6072,144.3587,143.7679,135.9525,144.5858,142.3895,139.4007,132.412,128.7182,129.838,128.7321,136.7101,138.5419,140.339,143.1284,137.279,133.9831,140.708,136.3032,129.9168,126.3729
Australia and New Zealand,Agricultural Soils,Indirect emissions (N2O),kilotonnes,44.5164,44.0503,43.5481,41.3582,43.6517,43.0547,41.5565,39.4954,37.8447,37.7389,37.492,39.7249,40.298,40.8751,41.6064,40.0306,39.2903,41.1255,39.8896,38.065,37.1047
Australia and New Zealand,Agricultural Soils,Emissions (N2O),kilotonnes,191.8563,191.1426,190.045,180.036,190.957,188.1648,183.674,174.6228,169.2763,170.2886,168.9336,179.1434,181.5483,183.9201,187.4379,180.0127,175.9756,184.535,178.8949,170.6811,166.1767
Australia and New Zealand,Agricultural Soils,Emissions (CO2eq) from N2O (AR5),kilotonnes,50841.9169,50652.7972,50361.9178,47709.5285,50603.6094,49863.6739,48673.5988,46275.044,44858.2112,45126.4726,44767.3998,47473.0011,48110.3039,48738.8239,49671.0409,47703.3675,46633.534,48901.7649,47407.1468,45230.494,44036.8123
Australia and New Zealand,Agricultural Soils,Emissions (CO2eq) (AR5),kilotonnes,50841.9169,50652.7972,50361.9178,47709.5285,50603.6094,49863.6739,48673.5988,46275.044,44858.2112,45126.4726,44767.3998,47473.0011,48110.3039,48738.8239,49671.0409,47703.3675,46633.534,48901.7649,47407.1468,45230.494,44036.8123
Australia and New Zealand,LULUCF,Emissions (CH4),kilotonnes,88.1803,42.893,82.6775,145.1326,14.5165,13.6329,111.5747,40.3711,9.0571,65.2575,10.3917,20.7521,32.136,54.4424,41.9968,26.0312,33.8845,21.5014,34.7825,386.392,210.5476
Australia and New Zealand,LULUCF,Emissions (N2O),kilotonnes,3.8303,3.9163,7.5488,13.2512,1.3254,1.2447,10.1873,3.6861,0.827,5.9583,0.9488,1.8948,2.9342,4.9708,3.8345,2.3768,3.0938,1.9632,3.1758,35.2793,19.2239
Australia and New Zealand,LULUCF,Emissions (CO2),kilotonnes,26174.1398,8232.0993,8224.7602,8217.5787,8205.5695,8205.1304,8198.9362,8196.5823,8194.0179,8193.8221,8192.403,-44500.347,-44500.1257,-44500.9418,-44505.6805,-44505.8157,-6767.3904,-6768.4003,-6768.4249,-6775.2679,-6775.8121
Australia and New Zealand,LULUCF,Emissions (CO2eq) from CH4 (AR5),kilotonnes,2469.0485,1201.0028,2314.9687,4063.7121,406.4629,381.7205,3124.0912,1130.3913,253.5996,1827.2094,290.9671,581.0588,899.8077,1524.3869,1175.9105,728.8724,948.7646,602.0402,973.9095,10818.9772,5895.333
Australia and New Zealand,LULUCF,Emissions (CO2eq) from N2O (AR5),kilotonnes,1015.0266,1037.8231,2000.4349,3511.5773,351.237,329.8563,2699.6223,976.8056,219.1432,1578.9472,251.4335,502.1106,777.5512,1317.2691,1016.1401,629.8409,819.8564,520.2412,841.5849,9349.0075,5094.3366
Australia and New Zealand,LULUCF,Emissions (CO2eq) (AR5),kilotonnes,29658.2149,10470.9252,12540.1638,15792.8681,8963.2694,8916.7072,14022.6497,10303.7792,8666.7607,11599.9787,8734.8037,-43417.1777,-42822.7669,-41659.2859,-42313.6299,-43147.1024,-4998.7694,-5646.119,-4952.9306,13392.7169,4213.8575
Australia and New Zealand,AFOLU,Emissions (CH4),kilotonnes,5868.13,6174.7519,5957.9352,4495.8021,5187.7962,4383.1082,5216.8032,4941.8601,4213.713,4413.301,3860.7614,5905.2064,5916.3367,4401.6583,4782.0407,4551.854,3877.3271,4702.2479,4665.4039,4373.2424,3692.3138
Australia and New Zealand,AFOLU,Emissions (N2O),kilotonnes,365.2556,399.3312,379.3267,250.0341,317.6056,240.466,314.2298,290.2826,232.5478,249.864,208.2542,389.4535,388.9941,247.9411,289.371,274.4137,226.3965,299.412,291.7977,272.7864,215.7575
Australia and New Zealand,AFOLU,Emissions (CO2),kilotonnes,26174.1398,8232.0993,8224.7602,8217.5787,8205.5695,8205.1304,8198.9362,8196.5823,8194.0179,8193.8221,8192.403,-44500.347,-44500.1257,-44500.9418,-44505.6805,-44505.8157,-6767.3904,-6768.4003,-6768.4249,-6775.2679,-6775.8121
Australia and New Zealand,AFOLU,Emissions (CO2eq) from CH4 (AR5),kilotonnes,164307.64,172893.0527,166822.186,125882.4592,145258.2929,122727.0298,146070.4908,138372.0817,117983.9632,123572.4287,108101.3195,165345.7793,165657.4272,123246.4316,133897.1403,127451.9126,108565.1596,131662.9401,130631.308,122450.7866,103384.7875
Australia and New Zealand,AFOLU,Emissions (CO2eq) from N2O (AR5),kilotonnes,96792.7306,105822.7793,100521.5849,66259.0387,84165.4725,63723.4887,83270.8939,76924.8933,61625.1738,66213.9689,55187.3587,103205.1781,103083.4362,65704.3953,76683.3178,72719.6222,59995.0794,79344.1886,77326.3823,72288.4007,57175.7412
Australia and New Zealand,AFOLU,Emissions (CO2eq) (AR5),kilotonnes,287274.5103,286947.9313,275568.531,200359.0767,237629.3349,194655.6488,237540.3209,223493.5573,187803.1549,197980.2197,171481.0812,224050.6103,224240.7377,144449.8851,166074.7775,155665.7192,161792.8486,204238.7284,201189.2653,187963.9193,153784.7167
Australia and New Zealand,All sectors with LULUCF,Emissions (CH4),kilotonnes,7917.098,8322.8759,8152.6652,6622.8221,7308.0062,6558.8492,7396.2932,7183.7201,6467.983,6705.739,6289.8914,8254.6764,8254.4437,6495.7323,6839.3327,6765.382,6025.8121,6746.5309,6749.5539,6388.5584,5704.8838
Australia and New Zealand,All sectors with LULUCF,Emissions (N2O),kilotonnes,391.3906,426.8182,407.8517,279.6471,348.1176,272.352,346.0598,322.8516,266.2738,284.611,243.5372,424.9115,425.2871,285.0551,327.478,313.7817,266.2535,339.882,335.0047,319.7014,259.8795
Australia and New Zealand,All sectors with LULUCF,Emissions (CO2),kilotonnes,402699.7998,381167.7493,397310.4002,391613.1787,399121.3295,405260.9304,420704.9462,428112.7423,441620.4579,448540.5021,448258.903,393086.173,389806.5043,378145.9282,369771.4895,373631.0843,413399.6196,410478.5797,408828.8051,414651.9021,383381.3679
Australia and New Zealand,All sectors with LULUCF,Emissions (CO2eq) from F-gases (AR5),kilotonnes,5103.6551,5409.7578,5811.0924,6485.4901,7177.3793,7851.777,8716.6386,9426.0195,10106.2477,10747.6057,11233.483,12224.6727,12885.4658,13235.2974,14294.5099,14945.5855,15509.2031,15917.3401,16004.798,17374.9719,17559.6053
Australia and New Zealand,All sectors with LULUCF,Emissions (CO2eq) from CH4 (AR5),kilotonnes,221678.744,233040.5247,228274.626,185439.0192,204624.1729,183647.7778,207096.2108,201144.1617,181103.5232,187760.6927,176116.9595,231130.9393,231124.4232,181880.5036,191501.3163,189430.6966,168722.7396,188902.8641,188987.508,178879.6346,159736.7475
Australia and New Zealand,All sectors with LULUCF,Emissions (CO2eq) from N2O (AR5),kilotonnes,103718.5056,113106.8343,108080.7099,74106.4837,92251.1525,72173.2787,91705.8439,85555.6783,70562.5638,75421.9239,64537.3537,112601.5481,112701.0812,75539.6053,86781.6728,83152.1422,70557.1844,90068.7386,88776.2373,84720.8757,68868.0712
Australia and New Zealand,All sectors with LULUCF,Emissions (CO2eq) (AR5),kilotonnes,733200.7044,732724.866,739476.8284,657644.1718,703174.0343,668933.7639,728223.6395,724238.6018,703392.7925,722470.7244,700146.6992,749043.333,746517.4744,648801.3346,662348.9884,661159.5086,668188.7468,705367.5225,702597.3483,695627.3842,629545.792
Australia and New Zealand,All sectors without LULUCF,Emissions (CH4),kilotonnes,7828.9177,8279.9829,8069.9878,6477.6895,7293.4896,6545.2163,7284.7186,7143.3489,6458.9258,6640.4815,6279.4997,8233.9243,8222.3077,6441.2899,6797.3359,6739.3509,5991.9277,6725.0294,6714.7714,6002.1663,5494.3362
Australia and New Zealand,All sectors without LULUCF,Emissions (N2O),kilotonnes,387.5603,422.9019,400.3029,266.3959,346.7921,271.1073,335.8725,319.1656,265.4469,278.6527,242.5884,423.0167,422.3529,280.0843,323.6435,311.4049,263.1597,337.9189,331.8289,284.4221,240.6556
Australia and New Zealand,All sectors without LULUCF,Emissions (CO2),kilotonnes,376525.66,372935.65,389085.64,383395.6,390915.76,397055.8,412506.01,419916.16,433426.44,440346.68,440066.5,437586.52,434306.63,422646.87,414277.17,418136.9,420167.01,417246.98,415597.23,421427.17,390157.18
Australia and New Zealand,All sectors without LULUCF,Emissions (CO2eq) from F-gases (AR5),kilotonnes,5103.6551,5409.7578,5811.0924,6485.4901,7177.3793,7851.777,8716.6386,9426.0195,10106.2477,10747.6057,11233.483,12224.6727,12885.4658,13235.2974,14294.5099,14945.5855,15509.2031,15917.3401,16004.798,17374.9719,17559.6053
Australia and New Zealand,All sectors without LULUCF,Emissions (CO2eq) from CH4 (AR5),kilotonnes,219209.6954,231839.5219,225959.6573,181375.3071,204217.71,183266.0573,203972.1196,200013.7704,180849.9236,185933.4834,175825.9924,230549.8805,230224.6156,180356.1167,190325.4057,188701.8242,167773.975,188300.824,188013.5985,168060.6573,153841.4146
Australia and New Zealand,All sectors without LULUCF,Emissions (CO2eq) from N2O (AR5),kilotonnes,102703.479,112069.0112,106080.275,70594.9064,91899.9155,71843.4224,89006.2216,84578.8728,70343.4206,73842.9767,64285.9202,112099.4375,111923.53,74222.3363,85765.5327,82522.3013,69737.328,89548.4974,87934.6524,75371.8681,63773.7346
Australia and New Zealand,All sectors without LULUCF,Emissions (CO2eq) (AR5),kilotonnes,703542.4895,722253.9409,726936.6647,641851.3037,694210.7649,660017.0567,714200.9899,713934.8226,694726.0318,710870.7457,691411.8955,792460.5107,789340.2414,690460.6204,704662.6184,704306.611,673187.5161,711013.6414,707550.2788,682234.6674,625331.9345
Melanesia,Crop Residues,Direct emissions (N2O),kilotonnes,0.0068,0.0069,0.0065,0.0071,0.0068,0.0075,0.0068,0.0072,0.0067,0.0063,0.0056,0.0059,0.0051,0.0057,0.0056,0.0062,0.0069,0.0071,0.0068,0.0063,0.007
Melanesia,Crop Residues,Indirect emissions (N2O),kilotonnes,0.0015,0.0015,0.0015,0.0016,0.0015,0.0017,0.0015,0.0016,0.0015,0.0014,0.0013,0.0013,0.0011,0.0013,0.0013,0.0014,0.0016,0.0016,0.0015,0.0014,0.0016
Melanesia,Crop Residues,Emissions (N2O),kilotonnes,0.0083,0.0084,0.0079,0.0087,0.0083,0.0092,0.0083,0.0089,0.0083,0.0077,0.0069,0.0072,0.0062,0.007,0.0069,0.0076,0.0084,0.0087,0.0083,0.0078,0.0085
Melanesia,Crop Residues,Emissions (CO2eq) from N2O (AR5),kilotonnes,2.211,2.2267,2.0985,2.3124,2.2012,2.4373,2.1977,2.3516,2.1864,2.0352,1.8212,1.9002,1.6415,1.857,1.8312,2.0189,2.2368,2.304,2.201,2.06,2.26
Melanesia,Crop Residues,Emissions (CO2eq) (AR5),kilotonnes,2.211,2.2267,2.0985,2.3124,2.2012,2.4373,2.1977,2.3516,2.1864,2.0352,1.8212,1.9002,1.6415,1.857,1.8312,2.0189,2.2368,2.304,2.201,2.06,2.26
Melanesia,Rice Cultivation,Emissions (CH4),kilotonnes,1.0537,1.0392,0.9558,1.1503,1.1394,1.2277,1.0942,1.0935,1.0641,0.9206,0.7458,0.7745,0.6627,0.7145,0.6081,0.734,0.8328,0.8586,0.7636,0.7012,0.7624
Melanesia,Rice Cultivation,Emissions (CO2eq) from CH4 (AR5),kilotonnes,29.5041,29.0979,26.7618,32.209,31.904,34.3758,30.6373,30.6172,29.7948,25.7781,20.8825,21.6853,18.555,20.0049,17.0255,20.5519,23.3189,24.0413,21.3809,19.6335,21.3481
Melanesia,Rice Cultivation,Emissions (CO2eq) (AR5),kilotonnes,29.5041,29.0979,26.7618,32.209,31.904,34.3758,30.6373,30.6172,29.7948,25.7781,20.8825,21.6853,18.555,20.0049,17.0255,20.5519,23.3189,24.0413,21.3809,19.6335,21.3481
Melanesia,Burning - Crop residues,Emissions (CH4),kilotonnes,0.1447,0.15,0.1492,0.146,0.1438,0.139,0.139,0.1327,0.128,0.1214,0.1159,0.1177,0.1097,0.1023,0.103,0.1102,0.1091,0.1084,0.107,0.1092,0.1113
Melanesia,Burning - Crop residues,Emissions (N2O),kilotonnes,0.0038,0.0039,0.0039,0.0038,0.0037,0.0036,0.0036,0.0034,0.0033,0.0031,0.003,0.0031,0.0028,0.0027,0.0027,0.0029,0.0028,0.0028,0.0028,0.0028,0.0029
Melanesia,Burning - Crop residues,Emissions (CO2eq) from CH4 (AR5),kilotonnes,4.0515,4.2006,4.1769,4.0883,4.0257,3.8918,3.8933,3.7143,3.5838,3.3998,3.2447,3.2954,3.0723,2.8642,2.8834,3.0855,3.054,3.0346,2.9951,3.0578,3.1156
Melanesia,Burning - Crop residues,Emissions (CO2eq) from N2O (AR5),kilotonnes,0.9941,1.0307,1.0249,1.0032,0.9878,0.9549,0.9553,0.9114,0.8794,0.8342,0.7962,0.8086,0.7539,0.7028,0.7075,0.7571,0.7494,0.7446,0.7349,0.7503,0.7645
Melanesia,Burning - Crop residues,Emissions (CO2eq) (AR5),kilotonnes,5.0456,5.2313,5.2018,5.0915,5.0135,4.8467,4.8486,4.6257,4.4631,4.234,4.0408,4.104,3.8262,3.567,3.5909,3.8426,3.8034,3.7792,3.73,3.8081,3.88
Melanesia,Enteric Fermentation,Emissions (CH4),kilotonnes,46.8213,46.7599,45.7859,45.6199,46.1218,45.5357,45.1293,47.4686,47.6242,46.6659,46.9656,47.0776,47.0931,47.6236,32.8571,31.2884,28.7058,30.171,30.6831,31.9953,29.8141
Melanesia,Enteric Fermentation,Emissions (CO2eq) from CH4 (AR5),kilotonnes,1310.9974,1309.2779,1282.0061,1277.3564,1291.4112,1274.9988,1263.6191,1329.1204,1333.4782,1306.6459,1315.0371,1318.1732,1318.6055,1333.4595,919.9995,876.0755,803.7624,844.7881,859.1276,895.8696,834.7956
Melanesia,Enteric Fermentation,Emissions (CO2eq) (AR5),kilotonnes,1310.9974,1309.2779,1282.0061,1277.3564,1291.4112,1274.9988,1263.6191,1329.1204,1333.4782,1306.6459,1315.0371,1318.1732,1318.6055,1333.4595,919.9995,876.0755,803.7624,844.7881,859.1276,895.8696,834.7956
Melanesia,Manure Management,Emissions (CH4),kilotonnes,28.7745,30.9581,32.3717,32.6888,32.584,32.8787,32.9159,33.6947,34.0155,34.6507,35.3708,35.9592,36.5984,36.0454,35.0968,35.0879,34.9967,35.3132,36.1879,37.2294,37.1401
Melanesia,Manure Management,Emissions (N2O),kilotonnes,0.3713,0.3875,0.3976,0.3975,0.4009,0.3992,0.3981,0.415,0.4158,0.4184,0.4251,0.4335,0.4385,0.4366,0.3922,0.3883,0.3805,0.3871,0.3891,0.3928,0.3941
Melanesia,Manure Management,Emissions (CO2eq) from CH4 (AR5),kilotonnes,805.6865,866.8263,906.4083,915.287,912.3524,920.6048,921.6444,943.4517,952.4331,970.22,990.3828,1006.8589,1024.7563,1009.2721,982.7113,982.4616,979.9083,988.7694,1013.2604,1042.4228,1039.9228
Melanesia,Manure Management,Emissions (CO2eq) from N2O (AR5),kilotonnes,98.3871,102.698,105.3539,105.3374,106.2319,105.7981,105.4983,109.9876,110.1956,110.8662,112.6501,114.8892,116.1984,115.7084,103.9333,102.9021,100.8377,102.5685,103.1043,104.1039,104.4328
Melanesia,Manure Management,Emissions (CO2eq) (AR5),kilotonnes,904.0736,969.5243,1011.7621,1020.6244,1018.5843,1026.4029,1027.1427,1053.4393,1062.6286,1081.0862,1103.0328,1121.7481,1140.9547,1124.9805,1086.6446,1085.3636,1080.746,1091.338,1116.3647,1146.5267,1144.3556
Melanesia,Manure left on Pasture,Direct emissions (N2O),kilotonnes,1.2851,1.279,1.2494,1.2347,1.2653,1.2352,1.224,1.2939,1.2926,1.2644,1.2714,1.2771,1.2759,1.293,0.8807,0.8373,0.765,0.8056,0.8087,0.8322,0.7816
Melanesia,Manure left on Pasture,Indirect emissions (N2O),kilotonnes,0.2927,0.2917,0.2856,0.2805,0.2922,0.2819,0.2803,0.2954,0.2952,0.2895,0.291,0.2922,0.2921,0.2958,0.2081,0.1995,0.1841,0.1932,0.194,0.1992,0.1885
Melanesia,Manure left on Pasture,Emissions (N2O),kilotonnes,1.5778,1.5706,1.535,1.5152,1.5575,1.5171,1.5043,1.5893,1.5879,1.5539,1.5625,1.5692,1.568,1.5887,1.0887,1.0368,0.9491,0.9987,1.0027,1.0314,0.9701
Melanesia,Manure left on Pasture,Emissions (CO2eq) from N2O (AR5),kilotonnes,418.116,416.2222,406.7692,401.5171,412.7366,402.0226,398.6311,421.1574,420.786,411.7885,414.0529,415.8466,415.5095,421.0163,288.5127,274.7461,251.5101,264.6675,265.7024,273.3164,257.0875
Melanesia,Manure left on Pasture,Emissions (CO2eq) (AR5),kilotonnes,418.116,416.2222,406.7692,401.5171,412.7366,402.0226,398.6311,421.1574,420.786,411.7885,414.0529,415.8466,415.5095,421.0163,288.5127,274.7461,251.5101,264.6675,265.7024,273.3164,257.0875
Melanesia,Manure applied to Soils,Direct emissions (N2O),kilotonnes,0.2728,0.2855,0.2969,0.3003,0.3016,0.3034,0.3035,0.3128,0.3171,0.3208,0.3261,0.3328,0.3371,0.3356,0.322,0.3221,0.3193,0.3236,0.3285,0.334,0.3351
Melanesia,Manure applied to Soils,Indirect emissions (N2O),kilotonnes,0.116,0.1213,0.1262,0.1276,0.1282,0.129,0.129,0.1329,0.1347,0.1363,0.1386,0.1414,0.1433,0.1426,0.1369,0.1369,0.1357,0.1375,0.1396,0.142,0.1424
Melanesia,Manure applied to Soils,Emissions (N2O),kilotonnes,0.3888,0.4068,0.4231,0.428,0.4297,0.4324,0.4325,0.4458,0.4518,0.4572,0.4647,0.4742,0.4804,0.4782,0.4589,0.459,0.4549,0.4611,0.4681,0.476,0.4776
Melanesia,Manure applied to Soils,Emissions (CO2eq) from N2O (AR5),kilotonnes,103.0291,107.8069,112.1116,113.4145,113.881,114.5872,114.6074,118.1271,119.7262,121.1469,123.1425,125.6591,127.2936,126.7163,121.6066,121.6415,120.5594,122.2007,124.051,126.1414,126.5591
Melanesia,Manure applied to Soils,Emissions (CO2eq) (AR5),kilotonnes,103.0291,107.8069,112.1116,113.4145,113.881,114.5872,114.6074,118.1271,119.7262,121.1469,123.1425,125.6591,127.2936,126.7163,121.6066,121.6415,120.5594,122.2007,124.051,126.1414,126.5591
Melanesia,Synthetic Fertilizers,Direct emissions (N2O),kilotonnes,0.1179,0.1587,0.2371,0.1815,0.3616,0.3333,0.2541,0.2673,0.3299,0.3475,0.298,0.248,0.3279,0.3259,0.3201,0.4252,0.4052,0.5026,0.5547,0.5274,0.5117
Melanesia,Synthetic Fertilizers,Indirect emissions (N2O),kilotonnes,0.0383,0.0516,0.0771,0.059,0.1175,0.1083,0.0826,0.0869,0.1072,0.1129,0.0968,0.0806,0.1066,0.1059,0.104,0.1382,0.1317,0.1634,0.1803,0.1714,0.1663
Melanesia,Synthetic Fertilizers,Emissions (N2O),kilotonnes,0.1562,0.2103,0.3142,0.2405,0.4791,0.4416,0.3367,0.3542,0.4371,0.4604,0.3948,0.3286,0.4345,0.4318,0.4241,0.5634,0.5369,0.666,0.735,0.6989,0.678
Melanesia,Synthetic Fertilizers,Emissions (CO2eq) from N2O (AR5),kilotonnes,41.3826,55.7286,83.2507,63.7237,126.9728,117.03,89.2209,93.8667,115.8271,122.0179,104.6262,87.069,115.144,114.4174,112.3874,149.3007,142.2788,176.4868,194.7863,185.1967,179.6719
Melanesia,Synthetic Fertilizers,Emissions (CO2eq) (AR5),kilotonnes,41.3826,55.7286,83.2507,63.7237,126.9728,117.03,89.2209,93.8667,115.8271,122.0179,104.6262,87.069,115.144,114.4174,112.3874,149.3007,142.2788,176.4868,194.7863,185.1967,179.6719
Melanesia,Drained organic soils,Emissions (CO2eq) (AR5),kilotonnes,23401.0115,23771.6953,24025.2071,23866.1897,23963.8888,23752.1495,23500.7264,23317.8165,22804.5791,22617.1604,22591.5495,22550.7502,22528.7983,22468.6199,22381.8837,22381.8837,22208.4996,22182.5853,22292.6116,22493.8008,22867.4221
Melanesia,Drained organic soils (CO2),Emissions (CO2),kilotonnes,22345.816,22704.1141,22949.1411,22796.8722,22890.7405,22687.6971,22447.535,22272.4582,21780.4305,21601.1863,21576.9735,21537.023,21515.914,21458.2399,21376.2417,21376.2417,21208.4145,21183.3632,21288.4385,21483.1297,21842.2567
Melanesia,Drained organic soils (CO2),Emissions (CO2eq) (AR5),kilotonnes,22345.816,22704.1141,22949.1411,22796.8722,22890.7405,22687.6971,22447.535,22272.4582,21780.4305,21601.1863,21576.9735,21537.023,21515.914,21458.2399,21376.2417,21376.2417,21208.4145,21183.3632,21288.4385,21483.1297,21842.2567
Melanesia,Drained organic soils (N2O),Emissions (N2O),kilotonnes,3.9819,4.0286,4.0606,4.0352,4.0496,4.0168,3.9743,3.9447,3.8647,3.8339,3.8286,3.8254,3.8222,3.8128,3.7949,3.7949,3.7739,3.7706,3.7893,3.8139,3.8685
Melanesia,Drained organic soils (N2O),Emissions (CO2eq) from N2O (AR5),kilotonnes,1055.1954,1067.5813,1076.066,1069.3175,1073.1483,1064.4524,1053.1914,1045.3584,1024.1486,1015.9742,1014.5761,1013.7272,1012.8843,1010.38,1005.642,1005.642,1000.0851,999.2221,1004.1731,1010.6712,1025.1655
Melanesia,Drained organic soils (N2O),Emissions (CO2eq) (AR5),kilotonnes,1055.1954,1067.5813,1076.066,1069.3175,1073.1483,1064.4524,1053.1914,1045.3584,1024.1486,1015.9742,1014.5761,1013.7272,1012.8843,1010.38,1005.642,1005.642,1000.0851,999.2221,1004.1731,1010.6712,1025.1655
Melanesia,On-farm energy use,Emissions (CH4),kilotonnes,0.1364,0.1366,0.1246,0.1212,0.1226,0.1266,0.1554,0.1792,0.1514,0.1649,0.1923,0.1871,0.1731,0.1783,0.1917,0.177,0.1783,0.1731,0.1897,0.1893,0.1893
Melanesia,On-farm energy use,Emissions (N2O),kilotonnes,0.0407,0.0431,0.0363,0.0363,0.0398,0.0293,0.0302,0.151,0.1506,0.1548,0.1623,0.1672,0.1486,0.1504,0.1502,0.1517,0.1503,0.1532,0.1545,0.1554,0.1554
Melanesia,On-farm energy use,Emissions (CO2),kilotonnes,206.2978,206.5027,192.6314,195.9779,243.5386,270.3351,343.6218,749.7778,679.0235,688.6452,737.0625,750.0645,664.9592,687.1689,610.8525,567.7377,536.5365,523.2283,530.2964,514.4679,514.4679
Melanesia,On-farm energy use,Emissions (CO2eq) from CH4 (AR5),kilotonnes,3.8201,3.8235,3.4894,3.3928,3.4326,3.5437,4.3512,5.0179,4.2392,4.6183,5.3849,5.2384,4.8478,4.9911,5.3679,4.9557,4.9932,4.8469,5.3118,5.3017,5.3017
Melanesia,On-farm energy use,Emissions (CO2eq) from N2O (AR5),kilotonnes,10.7944,11.4267,9.6219,9.6305,10.5415,7.768,8.0155,40.0203,39.8959,41.0298,43.0004,44.3074,39.3783,39.8623,39.7952,40.1921,39.8426,40.6098,40.955,41.1875,41.1875
Melanesia,On-farm energy use,Emissions (CO2eq) (AR5),kilotonnes,220.9123,221.7529,205.7427,209.0012,257.5127,281.6468,355.9885,794.816,723.1586,734.2932,785.4479,799.6104,709.1853,732.0224,656.0155,612.8854,581.3723,568.6851,576.5633,560.9571,560.9571
Melanesia,Forestland,Emissions (CO2),kilotonnes,825.3863,-1187.8613,-1187.8613,-1187.8613,-1187.8613,-1187.8613,-1187.8613,-1187.8613,-1187.8613,-1187.8613,-1187.8613,-20664.0755,-20664.0755,-20664.0755,-20664.0755,-20664.0755,42550.12,42550.12,42550.12,42550.12,42550.12
Melanesia,Forestland,Emissions (CO2eq) (AR5),kilotonnes,825.3863,-1187.8613,-1187.8613,-1187.8613,-1187.8613,-1187.8613,-1187.8613,-1187.8613,-1187.8613,-1187.8613,-1187.8613,-20664.0755,-20664.0755,-20664.0755,-20664.0755,-20664.0755,42550.12,42550.12,42550.12,42550.12,42550.12
Melanesia,Net Forest conversion,Emissions (CO2),kilotonnes,4366.1406,3556.6886,3556.6886,3556.6886,3556.6886,3556.6886,3556.6886,3556.6886,3556.6886,3556.6886,3556.6886,10716.0056,10716.0056,10716.0056,10716.0056,10716.0056,11706.5936,11706.5936,11706.5936,11706.5936,11706.5936
Melanesia,Net Forest conversion,Emissions (CO2eq) (AR5),kilotonnes,4366.1406,3556.6886,3556.6886,3556.6886,3556.6886,3556.6886,3556.6886,3556.6886,3556.6886,3556.6886,3556.6886,10716.0056,10716.0056,10716.0056,10716.0056,10716.0056,11706.5936,11706.5936,11706.5936,11706.5936,11706.5936
Melanesia,Savanna fires,Emissions (CH4),kilotonnes,0.6054,0.9942,3.7591,4.3117,7.8045,2.355,5.0477,1.5545,1.9589,2.3331,2.5984,1.5378,1.7162,1.9332,4.5245,6.8571,1.2488,1.976,5.28,2.2571,1.264
Melanesia,Savanna fires,Emissions (N2O),kilotonnes,0.0553,0.0908,0.3432,0.3937,0.7126,0.215,0.4609,0.1419,0.1789,0.213,0.2372,0.1404,0.1567,0.1765,0.4131,0.6261,0.114,0.1804,0.4821,0.2061,0.1154
Melanesia,Savanna fires,Emissions (CO2eq) from CH4 (AR5),kilotonnes,16.9509,27.8368,105.2543,120.7288,218.5256,65.9401,141.3351,43.5257,54.848,65.3267,72.7563,43.0593,48.0547,54.1287,126.6863,191.998,34.9676,55.3285,147.8404,63.1981,35.3917
Melanesia,Savanna fires,Emissions (CO2eq) from N2O (AR5),kilotonnes,14.6479,24.0547,90.9535,104.3254,188.8346,56.9808,122.1319,37.6119,47.3958,56.4508,62.8709,37.2088,41.5256,46.7743,109.4735,165.9113,30.2166,47.811,127.7534,54.6114,30.5831
Melanesia,Savanna fires,Emissions (CO2eq) (AR5),kilotonnes,31.5988,51.8915,196.2078,225.0542,407.3602,122.9209,263.467,81.1376,102.2438,121.7776,135.6272,80.2681,89.5803,100.903,236.1599,357.9093,65.1842,103.1395,275.5938,117.8094,65.9748
Melanesia,Fires in organic soils,Emissions (CH4),kilotonnes,0,0,0,0,0,0,0,0,0,0,0,0,0,0,0,0,0,0,0,0,0
Melanesia,Fires in organic soils,Emissions (CO2),kilotonnes,0,0,0,0,0,0,0,0,0,0,0,0,0,0,0,0,0,0,0,0,0
Melanesia,Fires in organic soils,Emissions (CO2eq) from CH4 (AR5),kilotonnes,0,0,0,0,0,0,0,0,0,0,0,0,0,0,0,0,0,0,0,0,0
Melanesia,Fires in organic soils,Emissions (CO2eq) (AR5),kilotonnes,0,0,0,0,0,0,0,0,0,0,0,0,0,0,0,0,0,0,0,0,0
Melanesia,Forest fires,Emissions (CH4),kilotonnes,9.5821,0.3788,5.698,2.1069,11.3308,1.2321,3.3645,0.6972,0.9559,1.5875,1.3349,0.703,0.5838,1.3106,1.3809,24.2106,0.8807,1.2289,2.8874,1.4651,0.5214
Melanesia,Forest fires,Emissions (N2O),kilotonnes,0.2818,0.0346,0.5203,0.1924,1.0346,0.1125,0.3072,0.0637,0.0873,0.1449,0.1219,0.0642,0.0533,0.1197,0.1261,2.2105,0.0804,0.1122,0.2636,0.1338,0.0476
Melanesia,Forest fires,Emissions (CO2eq) from CH4 (AR5),kilotonnes,268.2988,10.6063,159.5434,58.9941,317.2632,34.4993,94.2062,19.5225,26.7644,44.45,37.3769,19.683,16.3474,36.6956,38.6652,677.8972,24.6584,34.4103,80.8458,41.0219,14.5996
Melanesia,Forest fires,Emissions (CO2eq) from N2O (AR5),kilotonnes,74.6839,9.1652,137.8663,50.9786,274.1568,29.8119,81.4064,16.87,23.1279,38.4106,32.2985,17.0087,14.1263,31.7098,33.4118,585.7916,21.3081,29.735,69.8613,35.4483,12.6159
Melanesia,Forest fires,Emissions (CO2eq) (AR5),kilotonnes,342.9827,19.7715,297.4097,109.9728,591.4201,64.3112,175.6126,36.3925,49.8924,82.8606,69.6754,36.6916,30.4738,68.4054,72.077,1263.6888,45.9665,64.1453,150.7072,76.4702,27.2155
Melanesia,Fires in humid tropical forests,Emissions (CH4),kilotonnes,8.1979,0.3218,4.5532,1.9632,10.8997,1.1305,3.1811,0.6303,0.8617,1.3571,1.1862,0.6782,0.4575,1.1569,1.2768,19.8647,0.7766,1.1199,2.6891,1.3461,0.4149
Melanesia,Fires in humid tropical forests,Emissions (N2O),kilotonnes,0.2411,0.0294,0.4157,0.1793,0.9952,0.1032,0.2905,0.0576,0.0787,0.1239,0.1083,0.0619,0.0418,0.1056,0.1166,1.8137,0.0709,0.1023,0.2455,0.1229,0.0379
Melanesia,Fires in humid tropical forests,Emissions (CO2eq) from CH4 (AR5),kilotonnes,229.5398,9.0106,127.4907,54.9701,305.191,31.6547,89.0721,17.6494,24.1282,37.9975,33.2145,18.9892,12.8091,32.3939,35.7513,556.2126,21.7445,31.3578,75.2951,37.6919,11.6163
Melanesia,Fires in humid tropical forests,Emissions (CO2eq) from N2O (AR5),kilotonnes,63.8949,7.7863,110.1686,47.5014,263.7248,27.3538,76.9699,15.2514,20.8499,32.8348,28.7017,16.4092,11.0687,27.9926,30.8938,480.6403,18.7901,27.0972,65.0648,32.5708,10.038
Melanesia,Fires in humid tropical forests,Emissions (CO2eq) (AR5),kilotonnes,293.4347,16.7969,237.6592,102.4715,568.9159,59.0085,166.0419,32.9007,44.978,70.8322,61.9162,35.3984,23.8778,60.3865,66.6451,1036.8529,40.5345,58.455,140.3599,70.2627,21.6543
Melanesia,Waste - agri-food systems,Emissions (CH4),kilotonnes,11.6119,11.7871,12.023,12.2485,12.4749,12.6641,12.9243,13.0578,13.3352,13.5305,13.7407,14.0927,14.2834,14.6587,14.7661,14.703,14.898,15.3696,15.8174,16.1293,16.4428
Melanesia,Waste - agri-food systems,Emissions (N2O),kilotonnes,0.0522,0.0539,0.0547,0.056,0.058,0.059,0.0594,0.0593,0.0604,0.0619,0.0633,0.0661,0.0674,0.0666,0.0662,0.0659,0.0663,0.0703,0.0742,0.077,0.0798
Melanesia,Waste - agri-food systems,Emissions (CO2),kilotonnes,0,0,0,0,0,0,0,0,0,0,0,0,0,0,0,0,0,0,0,0,0
Melanesia,Waste - agri-food systems,Emissions (CO2eq) from CH4 (AR5),kilotonnes,325.1341,330.0398,336.645,342.9582,349.2985,354.5943,361.8798,365.6191,373.3853,378.8542,384.7386,394.5957,399.9357,410.4449,413.4496,411.6851,417.1435,430.3488,442.8873,451.6201,460.3995
Melanesia,Waste - agri-food systems,Emissions (CO2eq) from N2O (AR5),kilotonnes,13.837,14.2751,14.4946,14.8358,15.3657,15.6249,15.7512,15.7225,16.0097,16.393,16.7654,17.5037,17.8485,17.6433,17.5494,17.4548,17.5592,18.6381,19.6736,20.4089,21.1452
Melanesia,Waste - agri-food systems,Emissions (CO2eq) (AR5),kilotonnes,338.9711,344.3149,351.1396,357.794,364.6642,370.2192,377.631,381.3416,389.3951,395.2473,401.504,412.0994,417.7842,428.0882,430.999,429.1399,434.7027,448.9868,462.5609,472.029,481.5447
Melanesia,On-farm electricity use,Emissions (CH4),kilotonnes,0.0624,0.0624,0.0652,0.0652,0.0679,0.068,0.0682,0.0684,0.0685,0.0621,0.0648,0.0684,0.0682,0.0714,0.083,0.0833,0.09,0.0911,0.0902,0.0916,0.0916
Melanesia,On-farm electricity use,Emissions (N2O),kilotonnes,0.0003,0.0003,0.0003,0.0003,0.0003,0.0003,0.0003,0.0003,0.0003,0.0003,0.0003,0.0003,0.0003,0.0003,0.0003,0.0003,0.0005,0.0005,0.0005,0.0004,0.0004
Melanesia,On-farm electricity use,Emissions (CO2),kilotonnes,24.8226,25.0151,26.6399,27.0142,27.9547,28.0064,27.7855,28.7787,28.4938,25.8074,26.6216,30.6251,32.0764,30.1852,35.0821,35.2204,38.0434,38.5188,38.1162,38.723,38.723
Melanesia,On-farm electricity use,Emissions (CO2eq) from CH4 (AR5),kilotonnes,1.7472,1.7472,1.8256,1.8256,1.9012,1.904,1.9096,1.9152,1.918,1.7388,1.8144,1.9152,1.9096,1.9992,2.324,2.3324,2.52,2.5508,2.5256,2.5648,2.5648
Melanesia,On-farm electricity use,Emissions (CO2eq) from N2O (AR5),kilotonnes,0.0795,0.0795,0.0795,0.0795,0.0795,0.0795,0.0795,0.0795,0.0795,0.0795,0.0795,0.0795,0.0795,0.0795,0.0795,0.0795,0.1325,0.1325,0.1325,0.106,0.106
Melanesia,On-farm electricity use,Emissions (CO2eq) (AR5),kilotonnes,26.6493,26.8418,28.545,28.9193,29.9354,29.9899,29.7746,30.7734,30.4913,27.6257,28.5155,32.6198,34.0655,32.2639,37.4856,37.6323,40.6959,41.2021,40.7743,41.3938,41.3938
Melanesia,Food Processing,Emissions (CH4),kilotonnes,1.3262,0.9084,1.0702,0.8913,1.3194,2.9898,3.2829,2.2453,3.1916,1.164,0.6779,0.6735,0.5826,0.6302,2.6739,5.9724,6.7596,7.5599,9.503,6.8373,7.2172
Melanesia,Food Processing,Emissions (N2O),kilotonnes,0.0028,0.0029,0.0026,0.0027,0.0027,0.0028,0.0028,0.0027,0.0031,0.0066,0.0077,0.0091,0.0084,0.0088,0.0095,0.0103,0.0104,0.01,0.0108,0.0111,0.0113
Melanesia,Food Processing,Emissions (CO2),kilotonnes,114.1711,138.0932,133.6424,157.4345,179.2118,192.8079,186.5831,230.9323,183.6891,338.6528,396.8157,416.9059,363.2569,412.3925,567.3077,621.2359,625.8803,555.1393,598.2336,802.0263,793.0201
Melanesia,Food Processing,Emissions (CO2eq) from CH4 (AR5),kilotonnes,37.1336,25.4352,29.9656,24.9564,36.9432,83.7144,91.9212,62.8684,89.3648,32.592,18.9812,18.858,16.3128,17.6456,74.8692,167.2272,189.2688,211.6772,266.084,191.4444,202.0808
Melanesia,Food Processing,Emissions (CO2eq) from N2O (AR5),kilotonnes,0.742,0.7685,0.689,0.7155,0.7155,0.742,0.742,0.7155,0.8215,1.749,2.0405,2.4115,2.226,2.332,2.5175,2.7295,2.756,2.65,2.862,2.9415,3.0041
Melanesia,Food Processing,Emissions (CO2eq) (AR5),kilotonnes,152.0467,164.2969,164.297,183.1064,216.8705,277.2643,279.2463,294.5162,273.8754,372.9938,417.8374,438.1754,381.7957,432.3701,644.6944,791.1926,817.9051,769.4665,867.1796,996.4122,998.105
Melanesia,Food Packaging,Emissions (CH4),kilotonnes,0.0162,0.0118,0.0123,0.0109,0.0143,0.0336,0.0408,0.0273,0.0365,0.0111,0.0063,0.0057,0.0059,0.0063,0.0247,0.0481,0.0525,0.0594,0.0702,0.0409,0.0432
Melanesia,Food Packaging,Emissions (N2O),kilotonnes,0,0.0001,0.0001,0,0,0,0,0,0,0,0,0,0.0001,0.0001,0.0001,0.0001,0.0001,0.0001,0.0001,0.0001,0.0001
Melanesia,Food Packaging,Emissions (CO2),kilotonnes,7.3501,8.1341,9.2402,7.4847,8.319,6.0732,6.5734,7.8361,6.9593,6.9448,7.209,7.1926,7.5994,9.3644,14.3298,13.1682,14.7373,12.9442,16.9537,12.1219,11.9838
Melanesia,Food Packaging,Emissions (CO2eq) from CH4 (AR5),kilotonnes,0.4536,0.3304,0.3444,0.3052,0.4004,0.9408,1.1424,0.7644,1.022,0.3108,0.1764,0.1596,0.1652,0.1764,0.6916,1.3468,1.47,1.6632,1.9656,1.1452,1.2087
Melanesia,Food Packaging,Emissions (CO2eq) from N2O (AR5),kilotonnes,0,0.0265,0.0265,0,0,0,0,0,0,0,0,0,0.0265,0.0265,0.0265,0.0265,0.0265,0.0265,0.0265,0.0265,0.027
Melanesia,Food Packaging,Emissions (CO2eq) (AR5),kilotonnes,7.8037,8.491,9.6111,7.7899,8.7194,7.014,7.7158,8.6005,7.9813,7.2556,7.3854,7.3522,7.7911,9.5673,15.0479,14.5415,16.2338,14.6339,18.9458,13.2936,13.2195
Melanesia,Food Retail,Emissions (CH4),kilotonnes,0.0495,0.0524,0.0608,0.0584,0.0621,0.0668,0.0749,0.078,0.0802,0.0754,0.0814,0.0808,0.079,0.0853,0.0878,0.0929,0.0962,0.1013,0.1019,0.1058,0.1084
Melanesia,Food Retail,Emissions (N2O),kilotonnes,0.0002,0.0002,0.0002,0.0003,0.0003,0.0003,0.0004,0.0004,0.0004,0.0004,0.0004,0.0004,0.0004,0.0004,0.0005,0.0005,0.0005,0.0006,0.0006,0.0005,0.0005
Melanesia,Food Retail,Emissions (CO2),kilotonnes,19.9569,21.1514,24.6665,23.7842,25.2383,27.1638,30.3561,31.8478,32.6541,30.705,33.0504,33.449,33.1947,43.8244,44.88,46.9389,48.2673,50.8132,51.1227,49.937,49.482
Melanesia,Food Retail,Emissions (CO2eq) from F-gases (AR5),kilotonnes,6.7535,14.546,24.936,37.404,52.989,60.262,70.652,81.5615,82.6005,83.12,83.12,83.6395,83.6395,83.6395,83.6395,83.6395,92.471,95.0685,97.1465,99.2245,104.0516
Melanesia,Food Retail,Emissions (CO2eq) from CH4 (AR5),kilotonnes,1.386,1.4672,1.7024,1.6352,1.7388,1.8704,2.0972,2.184,2.2456,2.1112,2.2792,2.2624,2.212,2.3884,2.4584,2.6012,2.6936,2.8364,2.8532,2.9624,3.0358
Melanesia,Food Retail,Emissions (CO2eq) from N2O (AR5),kilotonnes,0.053,0.053,0.053,0.0795,0.0795,0.0795,0.106,0.106,0.106,0.106,0.106,0.106,0.106,0.106,0.1325,0.1325,0.1325,0.159,0.159,0.1325,0.1368
Melanesia,Food Retail,Emissions (CO2eq) (AR5),kilotonnes,28.1494,37.2176,51.3579,62.9029,80.0456,89.3757,103.2113,115.6993,117.6062,116.0422,118.5556,119.4569,119.1522,129.9583,131.1104,133.3121,143.5644,148.8771,151.2814,152.2564,156.7062
Melanesia,Food Household Consumption,Emissions (CH4),kilotonnes,0.1081,0.1323,0.1424,0.1495,0.1485,0.1513,0.1567,0.1613,0.1612,0.1536,0.1575,0.1616,0.157,0.1662,0.1725,0.1786,0.1807,0.184,0.1831,0.1852,0.1937
Melanesia,Food Household Consumption,Emissions (N2O),kilotonnes,0.0006,0.0007,0.0008,0.0008,0.0009,0.0008,0.0008,0.0009,0.0008,0.0009,0.0009,0.0009,0.0009,0.0009,0.0009,0.001,0.001,0.001,0.001,0.001,0.001
Melanesia,Food Household Consumption,Emissions (CO2),kilotonnes,57.115,70.6207,76.5113,81.1846,80.8217,78.8598,78.7473,90.6533,81.8311,85.0302,87.1004,93.2604,94.8373,87.5126,91.1874,94.7854,97.2629,98.5482,99.2237,99.3626,98.2694
Melanesia,Food Household Consumption,Emissions (CO2eq) from CH4 (AR5),kilotonnes,3.0268,3.7044,3.9872,4.186,4.158,4.2364,4.3876,4.5164,4.5136,4.3008,4.41,4.5248,4.396,4.6536,4.83,5.0008,5.0596,5.152,5.1268,5.1856,5.423
Melanesia,Food Household Consumption,Emissions (CO2eq) from N2O (AR5),kilotonnes,0.159,0.1855,0.212,0.212,0.2385,0.212,0.212,0.2385,0.212,0.2385,0.2385,0.2385,0.2385,0.2385,0.2385,0.265,0.265,0.265,0.265,0.265,0.2706
Melanesia,Food Household Consumption,Emissions (CO2eq) (AR5),kilotonnes,60.3008,74.5106,80.7105,85.5826,85.2182,83.3082,83.3469,95.4082,86.5567,89.5695,91.7489,98.0237,99.4718,92.4047,96.2559,100.0512,102.5875,103.9652,104.6155,104.8132,103.963
Melanesia,Food Transport,Emissions (CH4),kilotonnes,0.0112,0.0118,0.01,0.011,0.0113,0.0102,0.0104,0.0093,0.012,0.0148,0.016,0.0216,0.0215,0.0212,0.0209,0.023,0.0233,0.0225,0.0233,0.0174,0.0182
Melanesia,Food Transport,Emissions (N2O),kilotonnes,0.0038,0.0044,0.004,0.005,0.0056,0.0057,0.0056,0.0051,0.0063,0.0075,0.0075,0.0104,0.0101,0.0099,0.0097,0.011,0.0109,0.0106,0.011,0.0113,0.0116
Melanesia,Food Transport,Emissions (CO2),kilotonnes,106.5276,114.697,106.2887,127.5598,151.087,148.9892,159.9422,130.7046,169.4268,212.437,244.2852,339.0102,372.4401,365.7742,376.6998,420.6935,439.8104,423.1583,435.2843,408.4929,403.9868
Melanesia,Food Transport,Emissions (CO2eq) from CH4 (AR5),kilotonnes,0.3136,0.3304,0.28,0.308,0.3164,0.2856,0.2912,0.2604,0.336,0.4144,0.448,0.6048,0.602,0.5936,0.5852,0.644,0.6524,0.63,0.6524,0.4872,0.5087
Melanesia,Food Transport,Emissions (CO2eq) from N2O (AR5),kilotonnes,1.007,1.166,1.06,1.325,1.484,1.5105,1.484,1.3515,1.6695,1.9875,1.9875,2.756,2.6765,2.6235,2.5705,2.915,2.8885,2.809,2.915,2.9945,3.0654
Melanesia,Food Transport,Emissions (CO2eq) (AR5),kilotonnes,107.8482,116.1934,107.6287,129.1928,152.8874,150.7853,161.7174,132.3165,171.4323,214.8389,246.7207,342.371,375.7186,368.9913,379.8555,424.2525,443.3513,426.5973,438.8517,411.9746,407.5609
Melanesia,Energy,Emissions (CH4),kilotonnes,57.435,38.933,43.951,35.961,49.481,104.064,123.074,84.73,123.992,45.503,28.101,27.03,26.068,24.739,97.03,198.18,219.154,229.189,270.191,198.205,209.217
Melanesia,Energy,Emissions (N2O),kilotonnes,0.3022,0.3094,0.3057,0.3143,0.3277,0.3268,0.3267,0.3126,0.3183,0.3168,0.3109,0.3876,0.3824,0.4046,0.3971,0.4037,0.4179,0.4144,0.4195,0.4347,0.4439
Melanesia,Energy,Emissions (CO2),kilotonnes,4070.3,4693,4846.3,5441.3,6343.7,6390.7,6587.7,8100,6818.3,6457,6311,6767,6528,7170,8674,8995,9297,10355,10940,11902,11768
Melanesia,Energy,Emissions (CO2eq) from CH4 (AR5),kilotonnes,1608.18,1090.124,1230.628,1006.908,1385.468,2913.792,3446.072,2372.44,3471.776,1274.084,786.828,756.84,729.904,692.692,2716.84,5549.04,6136.312,6417.292,7565.348,5549.74,5858.076
Melanesia,Energy,Emissions (CO2eq) from N2O (AR5),kilotonnes,80.0751,81.9778,81.0131,83.2921,86.8511,86.6073,86.5649,82.8417,84.3442,83.9573,82.3965,102.7113,101.3227,107.2058,105.2368,106.9673,110.7541,109.816,111.1781,115.1822,117.6308
Melanesia,Energy,Emissions (CO2eq) (AR5),kilotonnes,5758.555,5865.1017,6157.9412,6531.5001,7816.0191,9391.0993,10120.3369,10555.2817,10374.4202,7815.0413,7180.2244,7626.5513,7359.2267,7969.8978,11496.0768,14651.0072,15544.0661,16882.108,18616.5261,17566.9222,17743.7068
Melanesia,IPPU,Emissions (N2O),kilotonnes,0.0287,0.0291,0.0294,0.0298,0.0302,0.0305,0.031,0.0315,0.0321,0.0325,0.033,0.0335,0.0341,0.0346,0.035,0.0356,0.036,0.0364,0.0371,0.0375,0.0381
Melanesia,IPPU,Emissions (CO2),kilotonnes,106.64,68.96,68.74,70.99,75.02,75.91,78.05,78.68,78.03,77.66,76.82,76.38,77.87,78.31,79.11,80.86,85.17,87.74,89.77,86.11,86.9
Melanesia,IPPU,Emissions (CO2eq) from F-gases (AR5),kilotonnes,0.6229,8.2891,17.5888,29.4442,44.312,62.1923,71.2296,83.6681,96.1065,106.893,118.5541,112.7235,121.4693,130.2151,137.9892,146.7349,155.4807,163.2548,172.0006,179.7746,188.5204
Melanesia,IPPU,Emissions (CO2eq) from N2O (AR5),kilotonnes,7.6002,7.7089,7.7965,7.884,8.0033,8.0908,8.2101,8.3454,8.5071,8.6158,8.751,8.8863,9.0242,9.1594,9.2708,9.4351,9.5439,9.6552,9.8196,9.9257,10.0874
Melanesia,IPPU,Emissions (CO2eq) (AR5),kilotonnes,114.8631,84.958,94.1252,108.3181,127.3353,146.1931,157.4897,170.6934,182.6436,193.1688,204.1251,197.9898,208.3635,217.6845,226.3699,237.0301,250.1946,260.65,271.5902,275.8103,285.5078
Melanesia,Waste,Emissions (CH4),kilotonnes,41.75,42.64,43.66,44.65,45.76,46.87,48.23,49.38,50.64,51.63,52.88,54.38,55.55,57.01,58.66,60.11,61.36,62.75,64.22,65.15,66.51
Melanesia,Waste,Emissions (N2O),kilotonnes,0.1002,0.1018,0.1035,0.1061,0.1087,0.1113,0.1138,0.1155,0.1174,0.1178,0.1198,0.1225,0.1269,0.1292,0.1302,0.1302,0.1309,0.1309,0.1329,0.1368,0.1385
Melanesia,Waste,Emissions (CO2),kilotonnes,0.687,0.697,0.706,0.721,0.738,0.758,0.766,0.781,0.794,0.809,0.823,0.837,0.851,0.851,0.851,0.851,0.851,0.873,0.895,0.901,0.911
Melanesia,Waste,Emissions (CO2eq) from CH4 (AR5),kilotonnes,1169,1193.92,1222.48,1250.2,1281.28,1312.36,1350.44,1382.64,1417.92,1445.64,1480.64,1522.64,1555.4,1596.28,1642.48,1683.08,1718.08,1757,1798.16,1824.2,1862.28
Melanesia,Waste,Emissions (CO2eq) from N2O (AR5),kilotonnes,26.5477,26.9876,27.4354,28.1218,28.8108,29.4998,30.1596,30.6128,31.119,31.217,31.747,32.4625,33.6285,34.238,34.503,34.503,34.6885,34.6885,35.2185,36.252,36.7025
Melanesia,Waste,Emissions (CO2eq) (AR5),kilotonnes,1196.2347,1221.6046,1250.6214,1279.0428,1310.8288,1342.6178,1381.3656,1414.0338,1449.833,1477.666,1513.21,1555.9395,1589.8795,1631.369,1677.834,1718.434,1753.6195,1792.5615,1834.2735,1861.353,1899.8935
Melanesia,Other,Emissions (N2O),kilotonnes,0.2937,0.3291,0.3396,0.3715,0.4193,0.399,0.3848,0.3644,0.3221,0.312,0.3007,0.2928,0.3139,0.3414,0.3843,0.3916,0.4251,0.4182,0.4253,0.3866,0.3898
Melanesia,Other,Emissions (CO2eq) from N2O (AR5),kilotonnes,77.8225,87.2115,89.9808,98.4581,111.1145,105.727,101.9773,96.5739,85.3565,82.6853,79.6961,77.6026,83.1782,90.471,101.8448,103.7687,112.6568,110.8124,112.7098,102.4543,103.2837
Melanesia,Other,Emissions (CO2eq) (AR5),kilotonnes,77.8225,87.2115,89.9808,98.4581,111.1145,105.727,101.9773,96.5739,85.3565,82.6853,79.6961,77.6026,83.1782,90.471,101.8448,103.7687,112.6568,110.8124,112.7098,102.4543,103.2837
Melanesia,Farm-gate emissions,Emissions (CH4),kilotonnes,77.5361,80.038,83.1463,84.0379,87.9161,82.2627,84.4814,84.1231,84.942,84.8567,85.9889,85.6539,86.3533,86.5972,73.3812,74.2546,66.0716,68.6003,73.2113,72.4816,69.2813
Melanesia,Farm-gate emissions,Direct emissions (N2O),kilotonnes,1.6826,1.7301,1.7898,1.7236,1.9353,1.8794,1.7883,1.8813,1.9463,1.939,1.9011,1.8637,1.946,1.9601,1.5284,1.5908,1.4963,1.6389,1.6987,1.7,1.6354
Melanesia,Farm-gate emissions,Indirect emissions (N2O),kilotonnes,0.4485,0.4661,0.4903,0.4687,0.5394,0.5209,0.4934,0.5169,0.5387,0.5402,0.5277,0.5155,0.543,0.5456,0.4502,0.476,0.4531,0.4956,0.5154,0.514,0.4988
Melanesia,Farm-gate emissions,Emissions (N2O),kilotonnes,6.584,6.7501,7.1217,7.0588,7.6813,7.0643,7.1489,7.0543,7.0983,7.1024,7.085,6.9487,7.0578,7.0847,6.7317,7.0306,6.371,6.6287,7.0319,6.7851,6.6706
Melanesia,Farm-gate emissions,Emissions (CO2),kilotonnes,22552.1138,22910.6167,23141.7725,22992.85,23134.279,22958.0322,22791.1568,23022.236,22459.454,22289.8314,22314.036,22287.0875,22180.8732,22145.4088,21987.0941,21943.9793,21744.951,21706.5915,21818.7349,21997.5976,22356.7246
Melanesia,Farm-gate emissions,Emissions (CO2eq) from CH4 (AR5),kilotonnes,2171.0105,2241.0632,2328.0968,2353.0623,2461.6515,2303.3548,2365.4803,2355.4472,2378.377,2375.9887,2407.6882,2398.3105,2417.8918,2424.7205,2054.6739,2079.1281,1850.0044,1920.8088,2049.9162,2029.4835,1939.8754
Melanesia,Farm-gate emissions,Emissions (CO2eq) from N2O (AR5),kilotonnes,1744.7576,1788.7757,1887.2502,1870.5816,2035.5357,1872.0313,1894.4495,1869.3924,1881.0409,1882.1438,1877.5364,1841.416,1870.329,1877.4348,1783.8894,1863.1118,1688.3165,1756.6151,1863.4613,1798.0388,1767.7119
Melanesia,Farm-gate emissions,Emissions (CO2eq) (AR5),kilotonnes,26467.8819,26940.4556,27357.1195,27216.494,27631.4663,27133.4184,27051.0866,27247.0755,26718.8719,26547.9639,26599.2606,26526.814,26469.0939,26447.5641,25825.6575,25886.2192,25283.2719,25384.0154,25732.1124,25825.1198,26064.3119
Melanesia,Land Use change,Emissions (CH4),kilotonnes,8.1979,0.3218,4.5532,1.9632,10.8997,1.1305,3.1811,0.6303,0.8617,1.3571,1.1862,0.6782,0.4575,1.1569,1.2768,19.8647,0.7766,1.1199,2.6891,1.3461,0.4149
Melanesia,Land Use change,Emissions (N2O),kilotonnes,0.2411,0.0294,0.4157,0.1793,0.9952,0.1032,0.2905,0.0576,0.0787,0.1239,0.1083,0.0619,0.0418,0.1056,0.1166,1.8137,0.0709,0.1023,0.2455,0.1229,0.0379
Melanesia,Land Use change,Emissions (CO2),kilotonnes,4366.1406,3556.6886,3556.6886,3556.6886,3556.6886,3556.6886,3556.6886,3556.6886,3556.6886,3556.6886,3556.6886,10716.0056,10716.0056,10716.0056,10716.0056,10716.0056,11706.5936,11706.5936,11706.5936,11706.5936,11706.5936
Melanesia,Land Use change,Emissions (CO2eq) from CH4 (AR5),kilotonnes,229.5398,9.0106,127.4907,54.9701,305.191,31.6547,89.0721,17.6494,24.1282,37.9975,33.2145,18.9892,12.8091,32.3939,35.7513,556.2126,21.7445,31.3578,75.2951,37.6919,11.6163
Melanesia,Land Use change,Emissions (CO2eq) from N2O (AR5),kilotonnes,63.8949,7.7863,110.1686,47.5014,263.7248,27.3538,76.9699,15.2514,20.8499,32.8348,28.7017,16.4092,11.0687,27.9926,30.8938,480.6403,18.7901,27.0972,65.0648,32.5708,10.038
Melanesia,Land Use change,Emissions (CO2eq) (AR5),kilotonnes,4659.5753,3573.4854,3794.3478,3659.1601,4125.6045,3615.6971,3722.7305,3589.5893,3601.6666,3627.5208,3618.6048,10751.404,10739.8834,10776.3921,10782.6507,11752.8585,11747.1281,11765.0486,11846.9535,11776.8563,11728.2479
Melanesia,Emissions on agricultural land,Emissions (CH4),kilotonnes,85.7339,80.3598,87.6996,86.0012,98.8158,83.3932,87.6626,84.7534,85.8038,86.2138,87.1751,86.3321,86.8107,87.7541,74.658,94.1193,66.8482,69.7202,75.9004,73.8277,69.6961
Melanesia,Emissions on agricultural land,Emissions (N2O),kilotonnes,6.8251,6.7795,7.5374,7.238,8.6765,7.1675,7.4393,7.1119,7.1769,7.2263,7.1934,7.0107,7.0996,7.1903,6.8482,8.8443,6.4419,6.731,7.2775,6.908,6.7085
Melanesia,Emissions on agricultural land,Emissions (CO2),kilotonnes,26918.2544,26467.3053,26698.461,26549.5386,26690.9676,26514.7208,26347.8454,26578.9246,26016.1426,25846.52,25870.7246,33003.0932,32896.8788,32861.4145,32703.0998,32659.985,33451.5446,33413.1851,33525.3285,33704.1912,34063.3182
Melanesia,Emissions on agricultural land,Emissions (CO2eq) from CH4 (AR5),kilotonnes,2400.5503,2250.0737,2455.5875,2408.0325,2766.8426,2335.0096,2454.5524,2373.0965,2402.5051,2413.9862,2440.9027,2417.2997,2430.7009,2457.1144,2090.4252,2635.3407,1871.7489,1952.1666,2125.2113,2067.1754,1951.4917
Melanesia,Emissions on agricultural land,Emissions (CO2eq) from N2O (AR5),kilotonnes,1808.6525,1796.562,1997.4188,1918.083,2299.2606,1899.3851,1971.4193,1884.6437,1901.8908,1914.9786,1906.2381,1857.8252,1881.3978,1905.4273,1814.7832,2343.752,1707.1065,1783.7123,1928.5261,1830.6095,1777.7499
Melanesia,Emissions on agricultural land,Emissions (CO2eq) (AR5),kilotonnes,31127.4572,30513.9411,31151.4673,30875.6541,31757.0708,30749.1155,30773.8171,30836.6648,30320.5385,30175.4848,30217.8654,37278.218,37208.9774,37223.9562,36608.3082,37639.0777,37030.4,37149.064,37579.0659,37601.9761,37792.5598
Melanesia,Pre- and post- production,Emissions (CH4),kilotonnes,13.1855,12.9662,13.3839,13.4348,14.0984,15.9838,16.5582,15.6474,16.8852,15.0115,14.7446,15.1043,15.1976,15.6393,17.8289,21.1013,22.1003,23.3878,25.7891,23.4075,24.115
Melanesia,Pre- and post- production,Emissions (N2O),kilotonnes,0.0599,0.0625,0.0627,0.0651,0.0678,0.0689,0.0693,0.0687,0.0713,0.0776,0.0801,0.0872,0.0876,0.087,0.0872,0.0891,0.0897,0.0931,0.0982,0.1014,0.1047
Melanesia,Pre- and post- production,Emissions (CO2),kilotonnes,329.9433,377.7115,376.989,424.462,472.6325,481.9003,489.9876,520.7528,503.0542,699.5772,795.0823,920.4432,903.4048,949.0533,1129.4868,1232.0423,1264.0016,1179.122,1238.9342,1410.6637,1395.4649
Melanesia,Pre- and post- production,Emissions (CO2eq) from F-gases (AR5),kilotonnes,6.7535,14.546,24.936,37.404,52.989,60.262,70.652,81.5615,82.6005,83.12,83.12,83.6395,83.6395,83.6395,83.6395,83.6395,92.471,95.0685,97.1465,99.2245,104.0516
Melanesia,Pre- and post- production,Emissions (CO2eq) from CH4 (AR5),kilotonnes,369.1949,363.0546,374.7502,376.1746,394.7565,447.5459,463.629,438.1279,472.7853,420.3222,412.8478,422.9205,425.5333,437.9017,499.208,590.8375,618.8079,654.8584,722.0949,655.4097,675.2214
Melanesia,Pre- and post- production,Emissions (CO2eq) from N2O (AR5),kilotonnes,15.8775,16.5541,16.6146,17.2473,17.9627,18.2484,18.3747,18.2135,18.8982,20.5535,21.2174,23.0952,23.2015,23.0493,23.1144,23.6028,23.7602,24.6801,26.0336,26.8749,27.7551
Melanesia,Pre- and post- production,Emissions (CO2eq) (AR5),kilotonnes,721.7692,771.8662,793.2898,855.2879,938.3407,1007.9566,1042.6433,1058.6557,1077.3383,1223.573,1312.2675,1450.0984,1435.7791,1493.6438,1735.4487,1930.1221,1999.0407,1953.7289,2084.2092,2192.1728,2202.4931
Melanesia,Agri-food systems,Emissions (CH4),kilotonnes,98.9195,93.326,101.0835,99.436,112.9143,99.377,104.2208,100.4009,102.6889,101.2253,101.9197,101.4364,102.0084,103.3934,92.4869,115.2207,88.9485,93.108,101.6895,97.2352,93.8112
Melanesia,Agri-food systems,Emissions (N2O),kilotonnes,6.885,6.8419,7.6001,7.3031,8.7442,7.2364,7.5087,7.1806,7.2483,7.3039,7.2734,7.0978,7.1872,7.2773,6.9355,8.9334,6.5316,6.8241,7.3757,7.0094,6.8132
Melanesia,Agri-food systems,Emissions (CO2),kilotonnes,27248.1977,26845.0168,27075.45,26974.0006,27163.6001,26996.6211,26837.833,27099.6774,26519.1968,26546.0972,26665.8069,33923.5364,33800.2836,33810.4678,33832.5866,33892.0273,34715.5462,34592.3071,34764.2627,35114.8549,35458.7831
Melanesia,Agri-food systems,Emissions (CO2eq) from F-gases (AR5),kilotonnes,6.7535,14.546,24.936,37.404,52.989,60.262,70.652,81.5615,82.6005,83.12,83.12,83.6395,83.6395,83.6395,83.6395,83.6395,92.471,95.0685,97.1465,99.2245,104.0516
Melanesia,Agri-food systems,Emissions (CO2eq) from CH4 (AR5),kilotonnes,2769.7452,2613.1283,2830.3377,2784.207,3161.5991,2782.5555,2918.1814,2811.2245,2875.2905,2834.3084,2853.7505,2840.2202,2856.2342,2895.0161,2589.6333,3226.1782,2490.5568,2607.025,2847.3062,2722.5852,2626.7131
Melanesia,Agri-food systems,Emissions (CO2eq) from N2O (AR5),kilotonnes,1824.53,1813.1161,2014.0334,1935.3303,2317.2233,1917.6336,1989.794,1902.8572,1920.789,1935.5321,1927.4555,1880.9204,1904.5993,1928.4767,1837.8976,2367.3548,1730.8667,1808.3924,1954.5597,1857.4844,1805.5051
Melanesia,Agri-food systems,Emissions (CO2eq) (AR5),kilotonnes,31849.2264,31285.8073,31944.7571,31730.9419,32695.4115,31757.0722,31816.4604,31895.3205,31397.8768,31399.0577,31530.1329,38728.3164,38644.7565,38717.6,38343.7569,39569.1998,39029.4408,39102.793,39663.2751,39794.1489,39995.0529
Melanesia,IPCC Agriculture,Emissions (CH4),kilotonnes,77.3997,79.9014,83.0217,83.9168,87.7935,82.1361,84.326,83.9439,84.7906,84.6918,85.7965,85.4669,86.1801,86.4189,73.1895,74.0776,65.8933,68.4272,73.0216,72.2922,69.0919
Melanesia,IPCC Agriculture,Direct emissions (N2O),kilotonnes,1.6826,1.7301,1.7898,1.7236,1.9353,1.8794,1.7883,1.8813,1.9463,1.939,1.9011,1.8637,1.946,1.9601,1.5284,1.5908,1.4963,1.6389,1.6987,1.7,1.6354
Melanesia,IPCC Agriculture,Indirect emissions (N2O),kilotonnes,0.4485,0.4661,0.4903,0.4687,0.5394,0.5209,0.4934,0.5169,0.5387,0.5402,0.5277,0.5155,0.543,0.5456,0.4502,0.476,0.4531,0.4956,0.5154,0.514,0.4988
Melanesia,IPCC Agriculture,Emissions (N2O),kilotonnes,6.5433,6.707,7.0854,7.0225,7.6415,7.035,7.1186,6.9033,6.9477,6.9476,6.9228,6.7815,6.9092,6.9342,6.5815,6.8789,6.2207,6.4755,6.8774,6.6296,6.5152
Melanesia,IPCC Agriculture,Emissions (CO2eq) from CH4 (AR5),kilotonnes,2167.1903,2237.2396,2324.6074,2349.6695,2458.2189,2299.8111,2361.1292,2350.4293,2374.1378,2371.3705,2402.3032,2393.072,2413.0439,2419.7294,2049.306,2074.1724,1845.0113,1915.9619,2044.6044,2024.1818,1934.5738
Melanesia,IPCC Agriculture,Emissions (CO2eq) from N2O (AR5),kilotonnes,1733.9632,1777.349,1877.6283,1860.9511,2024.9943,1864.2633,1886.4339,1829.372,1841.145,1841.114,1834.536,1797.1086,1830.9507,1837.5724,1744.0943,1822.9197,1648.4739,1716.0053,1822.5063,1756.8512,1726.5244
Melanesia,IPCC Agriculture,Emissions (CO2eq) (AR5),kilotonnes,3901.1535,4014.5886,4202.2357,4210.6206,4483.2132,4164.0745,4247.5631,4179.8014,4215.2828,4212.4845,4236.8393,4190.1806,4243.9947,4257.3018,3793.4003,3897.0921,3493.4851,3631.9672,3867.1107,3781.033,3661.0981
Melanesia,Agricultural Soils,Direct emissions (N2O),kilotonnes,1.6826,1.7301,1.7898,1.7236,1.9353,1.8794,1.7883,1.8813,1.9463,1.939,1.9011,1.8637,1.946,1.9601,1.5284,1.5908,1.4963,1.6389,1.6987,1.7,1.6354
Melanesia,Agricultural Soils,Indirect emissions (N2O),kilotonnes,0.4485,0.4661,0.4903,0.4687,0.5394,0.5209,0.4934,0.5169,0.5387,0.5402,0.5277,0.5155,0.543,0.5456,0.4502,0.476,0.4531,0.4956,0.5154,0.514,0.4988
Melanesia,Agricultural Soils,Emissions (N2O),kilotonnes,6.113,6.2248,6.3407,6.2275,6.5243,6.4171,6.256,6.3429,6.3497,6.3131,6.2574,6.2045,6.3112,6.3184,5.7735,5.8617,5.7233,5.9052,6.0034,6.0279,6.0028
Melanesia,Agricultural Soils,Emissions (CO2eq) from N2O (AR5),kilotonnes,1619.9341,1649.5657,1680.2961,1650.2852,1728.94,1700.5294,1657.8484,1680.8612,1682.6743,1672.9628,1658.2189,1644.202,1672.4729,1674.387,1529.9799,1553.3493,1516.6703,1564.8811,1590.9138,1597.3856,1590.744
Melanesia,Agricultural Soils,Emissions (CO2eq) (AR5),kilotonnes,1619.9341,1649.5657,1680.2961,1650.2852,1728.94,1700.5294,1657.8484,1680.8612,1682.6743,1672.9628,1658.2189,1644.202,1672.4729,1674.387,1529.9799,1553.3493,1516.6703,1564.8811,1590.9138,1597.3856,1590.744
Melanesia,LULUCF,Emissions (CH4),kilotonnes,9.5821,0.3788,5.698,2.1069,11.3308,1.2321,3.3645,0.6972,0.9559,1.5875,1.3349,0.703,0.5838,1.3106,1.3809,24.2106,0.8807,1.2289,2.8874,1.4651,0.5214
Melanesia,LULUCF,Emissions (N2O),kilotonnes,0.2818,0.0346,0.5203,0.1924,1.0346,0.1125,0.3072,0.0637,0.0873,0.1449,0.1219,0.0642,0.0533,0.1197,0.1261,2.2105,0.0804,0.1122,0.2636,0.1338,0.0476
Melanesia,LULUCF,Emissions (CO2),kilotonnes,27537.3429,25072.9414,25317.9684,25165.6995,25259.5678,25056.5244,24816.3623,24641.2855,24149.2578,23970.0136,23945.8008,11588.9531,11567.8441,11510.17,11428.1718,11428.1718,75465.1281,75440.0767,75545.152,75739.8432,76098.9702
Melanesia,LULUCF,Emissions (CO2eq) from CH4 (AR5),kilotonnes,268.2988,10.6063,159.5434,58.9941,317.2632,34.4993,94.2062,19.5225,26.7644,44.45,37.3769,19.683,16.3474,36.6956,38.6652,677.8972,24.6584,34.4103,80.8458,41.0219,14.5996
Melanesia,LULUCF,Emissions (CO2eq) from N2O (AR5),kilotonnes,74.6839,9.1652,137.8663,50.9786,274.1568,29.8119,81.4064,16.87,23.1279,38.4106,32.2985,17.0087,14.1263,31.7098,33.4118,585.7916,21.3081,29.735,69.8613,35.4483,12.6159
Melanesia,LULUCF,Emissions (CO2eq) (AR5),kilotonnes,27880.3256,25092.7128,25615.378,25275.6722,25850.9879,25120.8357,24991.975,24677.678,24199.1501,24052.8742,24015.4762,11625.6447,11598.3178,11578.5753,11500.2488,12691.8606,75511.0945,75504.222,75695.8592,75816.3134,76126.1857
Melanesia,AFOLU,Emissions (CH4),kilotonnes,86.9818,80.2802,88.7197,86.0237,99.1244,83.3682,87.6905,84.6411,85.7465,86.2793,87.1314,86.1698,86.764,87.7295,74.5704,98.2882,66.7739,69.6562,75.9089,73.7573,69.6133
Melanesia,AFOLU,Emissions (N2O),kilotonnes,6.8251,6.7416,7.6056,7.2148,8.676,7.1475,7.4258,6.967,7.035,7.0925,7.0447,6.8457,6.9626,7.0539,6.7076,9.0895,6.3011,6.5877,7.141,6.7634,6.5628
Melanesia,AFOLU,Emissions (CO2),kilotonnes,27537.3429,25072.9414,25317.9684,25165.6995,25259.5678,25056.5244,24816.3623,24641.2855,24149.2578,23970.0136,23945.8008,11588.9531,11567.8441,11510.17,11428.1718,11428.1718,75465.1281,75440.0767,75545.152,75739.8432,76098.9702
Melanesia,AFOLU,Emissions (CO2eq) from CH4 (AR5),kilotonnes,2435.4891,2247.8459,2484.1507,2408.6636,2775.4822,2334.3105,2455.3353,2369.9518,2400.9022,2415.8205,2439.6801,2412.755,2429.3914,2456.425,2087.9712,2752.0696,1869.6696,1950.3722,2125.4502,2065.2037,1949.1733
Melanesia,AFOLU,Emissions (CO2eq) from N2O (AR5),kilotonnes,1808.6471,1786.5142,2015.4946,1911.9297,2299.1511,1894.0752,1967.8404,1846.242,1864.273,1879.5246,1866.8345,1814.1172,1845.077,1869.2822,1777.506,2408.7113,1669.782,1745.7403,1892.3676,1792.2995,1739.1403
Melanesia,AFOLU,Emissions (CO2eq) (AR5),kilotonnes,31781.4791,29107.3015,29817.6137,29486.2928,30334.201,29284.9101,29239.5381,28857.4793,28414.433,28265.3586,28252.3155,15815.8253,15842.3125,15835.8772,15293.649,16588.9527,79004.5797,79136.1892,79562.9699,79597.3464,79787.2838
Melanesia,All sectors with LULUCF,Emissions (CH4),kilotonnes,186.1668,161.8532,176.3307,166.6347,194.3654,234.3022,258.9945,218.7511,260.3785,183.4123,168.1124,167.5798,168.382,169.4785,230.2604,356.5782,347.2879,361.5952,410.3199,337.1123,345.3403
Melanesia,All sectors with LULUCF,Emissions (N2O),kilotonnes,7.5498,7.5109,8.3839,8.0365,9.562,8.0151,8.2821,7.791,7.8249,7.8717,7.8092,7.6822,7.8197,7.9636,7.6542,10.0505,7.311,7.5876,8.1558,7.7589,7.573
Melanesia,All sectors with LULUCF,Emissions (CO2),kilotonnes,31714.9699,29835.5984,30233.7144,30678.7105,31679.0258,31523.8924,31482.8783,32820.7465,31046.3818,30505.4826,30334.4438,18433.1701,18174.5651,18759.331,20182.1328,20504.8828,84848.1491,85883.6897,86575.817,87728.8542,87954.7812
Melanesia,All sectors with LULUCF,Emissions (CO2eq) from F-gases (AR5),kilotonnes,0.6229,8.2891,17.5888,29.4442,44.312,62.1923,71.2296,83.6681,96.1065,106.893,118.5541,112.7235,121.4693,130.2151,137.9892,146.7349,155.4807,163.2548,172.0006,179.7746,188.5204
Melanesia,All sectors with LULUCF,Emissions (CO2eq) from CH4 (AR5),kilotonnes,5212.6691,4531.8899,4937.2587,4665.7716,5442.2302,6560.4625,7251.8473,6125.0318,7290.5982,5135.5445,4707.1481,4692.235,4714.6954,4745.397,6447.2912,9984.1896,9724.0616,10124.6642,11488.9582,9439.1437,9669.5293
Melanesia,All sectors with LULUCF,Emissions (CO2eq) from N2O (AR5),kilotonnes,2000.6926,1990.4,2221.7204,2129.6857,2533.9308,2124.0002,2194.7524,2064.6158,2073.5997,2086,2069.4251,2035.78,2072.2306,2110.3563,2028.3614,2663.3854,1937.4252,2010.7124,2161.2937,2056.1138,2006.8448
Melanesia,All sectors with LULUCF,Emissions (CO2eq) (AR5),kilotonnes,38928.9545,36366.1773,37410.2823,37503.612,39699.4987,40270.5474,41000.7077,41094.0621,40506.6862,37833.92,37229.5711,25273.9086,25082.9604,25745.2994,28795.7746,33299.1928,96665.1167,98182.3211,100398.0695,99403.8863,99819.6758
Melanesia,All sectors without LULUCF,Emissions (CH4),kilotonnes,176.5847,161.4744,170.6327,164.5278,183.0345,233.0701,255.63,218.0539,259.4226,181.8248,166.7775,166.8769,167.7981,168.1679,228.8795,332.3676,346.4073,360.3662,407.4326,335.6472,344.8189
Melanesia,All sectors without LULUCF,Emissions (N2O),kilotonnes,7.268,7.4764,7.8636,7.8442,8.5274,7.9026,7.9749,7.7273,7.7376,7.7268,7.6873,7.618,7.7664,7.8439,7.5281,7.84,7.2306,7.4754,7.8922,7.6252,7.5254
Melanesia,All sectors without LULUCF,Emissions (CO2),kilotonnes,4177.627,4762.657,4915.746,5513.011,6419.458,6467.368,6666.516,8179.461,6897.124,6535.469,6388.643,6844.217,6606.721,7249.161,8753.961,9076.711,9383.021,10443.613,11030.665,11989.011,11855.811
Melanesia,All sectors without LULUCF,Emissions (CO2eq) from F-gases (AR5),kilotonnes,0.6229,8.2891,17.5888,29.4442,44.312,62.1923,71.2296,83.6681,96.1065,106.893,118.5541,112.7235,121.4693,130.2151,137.9892,146.7349,155.4807,163.2548,172.0006,179.7746,188.5204
Melanesia,All sectors without LULUCF,Emissions (CO2eq) from CH4 (AR5),kilotonnes,4944.3703,4521.2836,4777.7154,4606.7775,5124.9669,6525.9631,7157.6412,6105.5093,7263.8338,5091.0945,4669.7712,4672.552,4698.3479,4708.7014,6408.626,9306.2924,9699.4033,10090.2539,11408.1124,9398.1218,9654.9298
Melanesia,All sectors without LULUCF,Emissions (CO2eq) from N2O (AR5),kilotonnes,1926.0087,1981.2348,2083.8541,2078.7071,2259.7739,2094.1883,2113.3459,2047.7458,2050.4718,2047.5894,2037.1266,2018.7713,2058.1043,2078.6466,1994.9496,2077.5938,1916.1172,1980.9774,2091.4323,2020.6655,1994.2289
Melanesia,All sectors without LULUCF,Emissions (CO2eq) (AR5),kilotonnes,11048.6289,11273.4645,11794.9043,12227.9398,13848.5109,15149.7117,16008.7327,16416.3842,16307.5361,13781.0459,13214.0949,13648.2639,13484.6426,14166.7241,17295.5258,20607.3321,21154.0221,22678.0991,24702.2103,23587.5729,23693.4901
Micronesia,Crop Residues,Direct emissions (N2O),kilotonnes,0,0,0,0.0001,0.0001,0.0001,0.0001,0.0001,0.0001,0.0001,0.0001,0.0001,0.0001,0.0001,0.0001,0.0001,0.0001,0.0001,0.0001,0.0001,0.0001
Micronesia,Crop Residues,Indirect emissions (N2O),kilotonnes,0,0,0,0,0,0,0,0,0,0,0,0,0,0,0,0,0,0,0,0,0
Micronesia,Crop Residues,Emissions (N2O),kilotonnes,0.0001,0.0001,0.0001,0.0001,0.0001,0.0001,0.0001,0.0001,0.0001,0.0001,0.0001,0.0001,0.0001,0.0001,0.0001,0.0001,0.0001,0.0001,0.0001,0.0001,0.0001
Micronesia,Crop Residues,Emissions (CO2eq) from N2O (AR5),kilotonnes,0.0156,0.0158,0.0161,0.0163,0.0164,0.0165,0.0167,0.0165,0.0176,0.0182,0.0189,0.0196,0.0202,0.0213,0.0224,0.0216,0.0218,0.0219,0.0218,0.0218,0.0218
Micronesia,Crop Residues,Emissions (CO2eq) (AR5),kilotonnes,0.0156,0.0158,0.0161,0.0163,0.0164,0.0165,0.0167,0.0165,0.0176,0.0182,0.0189,0.0196,0.0202,0.0213,0.0224,0.0216,0.0218,0.0219,0.0218,0.0218,0.0218
Micronesia,Rice Cultivation,Emissions (CH4),kilotonnes,0.0197,0.0202,0.0204,0.0207,0.0207,0.0207,0.0207,0.0211,0.0209,0.0211,0.0214,0.0218,0.0211,0.0223,0.023,0.0226,0.0226,0.0228,0.0226,0.0226,0.0226
Micronesia,Rice Cultivation,Emissions (CO2eq) from CH4 (AR5),kilotonnes,0.5525,0.5657,0.5723,0.5788,0.5788,0.5788,0.5788,0.592,0.5854,0.592,0.5986,0.6117,0.592,0.6249,0.6446,0.6315,0.6315,0.638,0.6315,0.6315,0.6315
Micronesia,Rice Cultivation,Emissions (CO2eq) (AR5),kilotonnes,0.5525,0.5657,0.5723,0.5788,0.5788,0.5788,0.5788,0.592,0.5854,0.592,0.5986,0.6117,0.592,0.6249,0.6446,0.6315,0.6315,0.638,0.6315,0.6315,0.6315
Micronesia,Burning - Crop residues,Emissions (CH4),kilotonnes,0.0002,0.0002,0.0002,0.0002,0.0003,0.0003,0.0003,0.0003,0.0003,0.0003,0.0003,0.0003,0.0003,0.0003,0.0003,0.0003,0.0003,0.0003,0.0003,0.0003,0.0003
Micronesia,Burning - Crop residues,Emissions (N2O),kilotonnes,0,0,0,0,0,0,0,0,0,0,0,0,0,0,0,0,0,0,0,0,0
Micronesia,Burning - Crop residues,Emissions (CO2eq) from CH4 (AR5),kilotonnes,0.0067,0.0068,0.0069,0.007,0.0071,0.0071,0.0071,0.0071,0.0074,0.0076,0.0078,0.008,0.008,0.0085,0.0091,0.0085,0.0086,0.0087,0.0086,0.0086,0.0086
Micronesia,Burning - Crop residues,Emissions (CO2eq) from N2O (AR5),kilotonnes,0.0017,0.0017,0.0017,0.0017,0.0017,0.0018,0.0018,0.0018,0.0018,0.0019,0.0019,0.002,0.002,0.0021,0.0022,0.0021,0.0021,0.0021,0.0021,0.0021,0.0021
Micronesia,Burning - Crop residues,Emissions (CO2eq) (AR5),kilotonnes,0.0084,0.0085,0.0086,0.0087,0.0088,0.0089,0.0089,0.0089,0.0092,0.0095,0.0097,0.01,0.0099,0.0106,0.0113,0.0106,0.0107,0.0109,0.0107,0.0107,0.0107
Micronesia,Enteric Fermentation,Emissions (CH4),kilotonnes,0.9667,0.9677,0.9689,0.9711,0.9708,0.9724,0.972,0.9793,0.9812,1.0469,1.0472,1.114,1.1152,1.1494,1.1539,1.1774,1.2012,1.1874,1.2169,1.2502,1.2744
Micronesia,Enteric Fermentation,Emissions (CO2eq) from CH4 (AR5),kilotonnes,27.0673,27.095,27.1303,27.19,27.1821,27.228,27.2157,27.4198,27.4739,29.3138,29.3208,31.1916,31.2266,32.1824,32.3089,32.9675,33.6339,33.2476,34.0734,35.0062,35.6836
Micronesia,Enteric Fermentation,Emissions (CO2eq) (AR5),kilotonnes,27.0673,27.095,27.1303,27.19,27.1821,27.228,27.2157,27.4198,27.4739,29.3138,29.3208,31.1916,31.2266,32.1824,32.3089,32.9675,33.6339,33.2476,34.0734,35.0062,35.6836
Micronesia,Manure Management,Emissions (CH4),kilotonnes,0.737,0.7426,0.7606,0.7627,0.7652,0.7696,0.7705,0.7878,0.7916,0.799,0.8046,0.8388,0.8467,0.8638,0.8746,0.8843,0.8962,0.9071,0.9099,0.9242,0.9327
Micronesia,Manure Management,Emissions (N2O),kilotonnes,0.0096,0.0097,0.01,0.01,0.01,0.0101,0.0101,0.0105,0.0105,0.0108,0.0108,0.0113,0.0114,0.0116,0.0116,0.0118,0.0119,0.012,0.012,0.0121,0.0123
Micronesia,Manure Management,Emissions (CO2eq) from CH4 (AR5),kilotonnes,20.6366,20.7933,21.2967,21.3544,21.4259,21.5495,21.5743,22.0597,22.1655,22.3729,22.5296,23.4854,23.707,24.1856,24.4901,24.7594,25.0935,25.3982,25.4765,25.878,26.1167
Micronesia,Manure Management,Emissions (CO2eq) from N2O (AR5),kilotonnes,2.5379,2.5731,2.6485,2.6436,2.6626,2.6707,2.6812,2.7717,2.7924,2.8562,2.8746,3.004,3.0246,3.0705,3.08,3.117,3.1567,3.1771,3.1758,3.2126,3.2685
Micronesia,Manure Management,Emissions (CO2eq) (AR5),kilotonnes,23.1745,23.3664,23.9452,23.998,24.0885,24.2202,24.2555,24.8314,24.9579,25.2292,25.4041,26.4894,26.7316,27.2561,27.5701,27.8764,28.2502,28.5753,28.6524,29.0906,29.3852
Micronesia,Manure left on Pasture,Direct emissions (N2O),kilotonnes,0.0257,0.0257,0.0257,0.0258,0.0258,0.0258,0.0258,0.026,0.026,0.0278,0.0278,0.0296,0.0296,0.0305,0.0306,0.0312,0.0318,0.0315,0.0321,0.0329,0.0336
Micronesia,Manure left on Pasture,Indirect emissions (N2O),kilotonnes,0.0057,0.0057,0.0057,0.0057,0.0057,0.0057,0.0057,0.0057,0.0057,0.0061,0.0061,0.0065,0.0065,0.0067,0.0067,0.0069,0.007,0.0069,0.0071,0.0072,0.0074
Micronesia,Manure left on Pasture,Emissions (N2O),kilotonnes,0.0314,0.0314,0.0314,0.0314,0.0314,0.0315,0.0315,0.0317,0.0318,0.0339,0.0339,0.0361,0.0361,0.0373,0.0373,0.0381,0.0388,0.0384,0.0391,0.0401,0.041
Micronesia,Manure left on Pasture,Emissions (CO2eq) from N2O (AR5),kilotonnes,8.317,8.3225,8.3283,8.3324,8.3332,8.3367,8.3366,8.4108,8.4175,8.9887,8.9893,9.5737,9.5761,9.8761,9.8842,10.0869,10.2844,10.1697,10.3743,10.6301,10.8704
Micronesia,Manure left on Pasture,Emissions (CO2eq) (AR5),kilotonnes,8.317,8.3225,8.3283,8.3324,8.3332,8.3367,8.3366,8.4108,8.4175,8.9887,8.9893,9.5737,9.5761,9.8761,9.8842,10.0869,10.2844,10.1697,10.3743,10.6301,10.8704
Micronesia,Manure applied to Soils,Direct emissions (N2O),kilotonnes,0.0088,0.009,0.0095,0.0094,0.0095,0.0096,0.0097,0.0101,0.0103,0.0105,0.0106,0.011,0.0111,0.0111,0.0112,0.0113,0.0114,0.0115,0.0115,0.0117,0.0118
Micronesia,Manure applied to Soils,Indirect emissions (N2O),kilotonnes,0.0037,0.0038,0.004,0.004,0.0041,0.0041,0.0041,0.0043,0.0044,0.0045,0.0045,0.0047,0.0047,0.0047,0.0047,0.0048,0.0048,0.0049,0.0049,0.005,0.005
Micronesia,Manure applied to Soils,Emissions (N2O),kilotonnes,0.0126,0.0129,0.0135,0.0134,0.0136,0.0137,0.0138,0.0144,0.0147,0.0149,0.0151,0.0156,0.0158,0.0158,0.0159,0.016,0.0162,0.0163,0.0164,0.0166,0.0168
Micronesia,Manure applied to Soils,Emissions (CO2eq) from N2O (AR5),kilotonnes,3.3287,3.4163,3.5693,3.5633,3.6052,3.6236,3.6461,3.8257,3.8865,3.9588,3.9898,4.1398,4.1755,4.1973,4.2135,4.2531,4.3028,4.3296,4.3464,4.4011,4.4585
Micronesia,Manure applied to Soils,Emissions (CO2eq) (AR5),kilotonnes,3.3287,3.4163,3.5693,3.5633,3.6052,3.6236,3.6461,3.8257,3.8865,3.9588,3.9898,4.1398,4.1755,4.1973,4.2135,4.2531,4.3028,4.3296,4.3464,4.4011,4.4585
Micronesia,Synthetic Fertilizers,Direct emissions (N2O),kilotonnes,,,,,,,,,,,,,0,0,0,0,0,0,0,0,0
Micronesia,Synthetic Fertilizers,Indirect emissions (N2O),kilotonnes,,,,,,,,,,,,,0,0,0,0,0,0,0,0,0
Micronesia,Synthetic Fertilizers,Emissions (N2O),kilotonnes,,,,,,,,,,,,,0,0,0,0,0,0,0,0,0
Micronesia,Synthetic Fertilizers,Emissions (CO2eq) from N2O (AR5),kilotonnes,,,,,,,,,,,,,0,0,0,0,0,0,0,0,0
Micronesia,Synthetic Fertilizers,Emissions (CO2eq) (AR5),kilotonnes,,,,,,,,,,,,,0,0,0,0,0,0,0,0,0
Micronesia,Drained organic soils,Emissions (CO2eq) (AR5),kilotonnes,0,0,0,0,0,0,0,0,0,0,0,0,0,0,0,0,0,0,0,0,0
Micronesia,Drained organic soils (CO2),Emissions (CO2),kilotonnes,0,0,0,0,0,0,0,0,0,0,0,0,0,0,0,0,0,0,0,0,0
Micronesia,Drained organic soils (CO2),Emissions (CO2eq) (AR5),kilotonnes,0,0,0,0,0,0,0,0,0,0,0,0,0,0,0,0,0,0,0,0,0
Micronesia,Drained organic soils (N2O),Emissions (N2O),kilotonnes,0,0,0,0,0,0,0,0,0,0,0,0,0,0,0,0,0,0,0,0,0
Micronesia,Drained organic soils (N2O),Emissions (CO2eq) from N2O (AR5),kilotonnes,0,0,0,0,0,0,0,0,0,0,0,0,0,0,0,0,0,0,0,0,0
Micronesia,Drained organic soils (N2O),Emissions (CO2eq) (AR5),kilotonnes,0,0,0,0,0,0,0,0,0,0,0,0,0,0,0,0,0,0,0,0,0
Micronesia,On-farm energy use,Emissions (CH4),kilotonnes,0.1522,0.1541,0.1508,0.1507,0.1563,0.1649,0.1798,0.1937,0.1933,0.2179,0.1936,0.2047,0.2148,0.2322,0.2297,0.2214,0.212,0.2094,0.2045,0.1994,0.1994
Micronesia,On-farm energy use,Emissions (N2O),kilotonnes,0.0013,0.0011,0.0013,0.0012,0.0013,0.0016,0.0019,0.0016,0.0019,0.0019,0.0017,0.0017,0.0018,0.002,0.0018,0.0018,0.0017,0.0018,0.0018,0.0018,0.0018
Micronesia,On-farm energy use,Emissions (CO2),kilotonnes,68.2823,68.8611,68.1047,69.2855,76.3936,84.6529,104.681,116.6754,118.9449,126.832,128.083,124.9432,127.4101,127.84,114.9624,97.9476,89.0847,87.133,85.2676,79.3287,79.3287
Micronesia,On-farm energy use,Emissions (CO2eq) from CH4 (AR5),kilotonnes,4.2628,4.315,4.2223,4.2184,4.3771,4.6182,5.0344,5.4237,5.412,6.1018,5.4209,5.7312,6.0138,6.5005,6.4314,6.1986,5.9363,5.8643,5.7249,5.5836,5.5836
Micronesia,On-farm energy use,Emissions (CO2eq) from N2O (AR5),kilotonnes,0.3321,0.2892,0.352,0.3208,0.3318,0.4346,0.5007,0.4272,0.4972,0.4912,0.439,0.4513,0.4876,0.5256,0.4872,0.4765,0.4524,0.488,0.4831,0.4822,0.4822
Micronesia,On-farm energy use,Emissions (CO2eq) (AR5),kilotonnes,72.8773,73.4653,72.679,73.8247,81.1025,89.7057,110.2161,122.5264,124.8542,133.425,133.9429,131.1257,133.9115,134.866,121.8809,104.6227,95.4734,93.4852,91.4756,85.3945,85.3945
Micronesia,Forestland,Emissions (CO2),kilotonnes,-384.715,-384.2704,-384.2704,-384.2704,-384.2704,-384.2704,-384.2704,-384.2704,-384.2704,-384.2704,-384.2704,6.0788,6.0788,6.0788,6.0788,6.0788,-132.402,-132.402,-132.402,-132.402,-132.402
Micronesia,Forestland,Emissions (CO2eq) (AR5),kilotonnes,-384.715,-384.2704,-384.2704,-384.2704,-384.2704,-384.2704,-384.2704,-384.2704,-384.2704,-384.2704,-384.2704,6.0788,6.0788,6.0788,6.0788,6.0788,-132.402,-132.402,-132.402,-132.402,-132.402
Micronesia,Net Forest conversion,Emissions (CO2),kilotonnes,498.9154,498.0438,498.0438,498.0438,498.0438,498.0438,498.0438,498.0438,498.0438,498.0438,498.0438,148.1625,148.1625,148.1625,148.1625,148.1625,909.5948,909.5948,909.5948,909.5948,909.5948
Micronesia,Net Forest conversion,Emissions (CO2eq) (AR5),kilotonnes,498.9154,498.0438,498.0438,498.0438,498.0438,498.0438,498.0438,498.0438,498.0438,498.0438,498.0438,148.1625,148.1625,148.1625,148.1625,148.1625,909.5948,909.5948,909.5948,909.5948,909.5948
Micronesia,Savanna fires,Emissions (CH4),kilotonnes,0,0,0,0,0,0,0,0,0,0,0,0,0,0,0,0,0,0,0,0,0
Micronesia,Savanna fires,Emissions (N2O),kilotonnes,0,0,0,0,0,0,0,0,0,0,0,0,0,0,0,0,0,0,0,0,0
Micronesia,Savanna fires,Emissions (CO2eq) from CH4 (AR5),kilotonnes,0,0,0,0,0,0,0,0,0,0,0,0,0,0,0,0,0,0,0,0,0
Micronesia,Savanna fires,Emissions (CO2eq) from N2O (AR5),kilotonnes,0,0,0,0,0,0,0,0,0,0,0,0,0,0,0,0,0,0,0,0,0
Micronesia,Savanna fires,Emissions (CO2eq) (AR5),kilotonnes,0,0,0,0,0,0,0,0,0,0,0,0,0,0,0,0,0,0,0,0,0
Micronesia,Fires in organic soils,Emissions (CH4),kilotonnes,0,0,0,0,0,0,0,0,0,0,0,0,0,0,0,0,0,0,0,0,0
Micronesia,Fires in organic soils,Emissions (CO2),kilotonnes,0,0,0,0,0,0,0,0,0,0,0,0,0,0,0,0,0,0,0,0,0
Micronesia,Fires in organic soils,Emissions (CO2eq) from CH4 (AR5),kilotonnes,0,0,0,0,0,0,0,0,0,0,0,0,0,0,0,0,0,0,0,0,0
Micronesia,Fires in organic soils,Emissions (CO2eq) (AR5),kilotonnes,0,0,0,0,0,0,0,0,0,0,0,0,0,0,0,0,0,0,0,0,0
Micronesia,Forest fires,Emissions (CH4),kilotonnes,0,0,0,0,0,0,0,0,0,0,0,0,0,0,0,0,0,0,0,0,0
Micronesia,Forest fires,Emissions (N2O),kilotonnes,0,0,0,0,0,0,0,0,0,0,0,0,0,0,0,0,0,0,0,0,0
Micronesia,Forest fires,Emissions (CO2eq) from CH4 (AR5),kilotonnes,0,0,0,0,0,0,0,0,0,0,0,0,0,0,0,0,0,0,0,0,0
Micronesia,Forest fires,Emissions (CO2eq) from N2O (AR5),kilotonnes,0,0,0,0,0,0,0,0,0,0,0,0,0,0,0,0,0,0,0,0,0
Micronesia,Forest fires,Emissions (CO2eq) (AR5),kilotonnes,0,0,0,0,0,0,0,0,0,0,0,0,0,0,0,0,0,0,0,0,0
Micronesia,Fires in humid tropical forests,Emissions (CH4),kilotonnes,0,0,0,0,0,0,0,0,0,0,0,0,0,0,0,0,0,0,0,0,0
Micronesia,Fires in humid tropical forests,Emissions (N2O),kilotonnes,0,0,0,0,0,0,0,0,0,0,0,0,0,0,0,0,0,0,0,0,0
Micronesia,Fires in humid tropical forests,Emissions (CO2eq) from CH4 (AR5),kilotonnes,0,0,0,0,0,0,0,0,0,0,0,0,0,0,0,0,0,0,0,0,0
Micronesia,Fires in humid tropical forests,Emissions (CO2eq) from N2O (AR5),kilotonnes,0,0,0,0,0,0,0,0,0,0,0,0,0,0,0,0,0,0,0,0,0
Micronesia,Fires in humid tropical forests,Emissions (CO2eq) (AR5),kilotonnes,0,0,0,0,0,0,0,0,0,0,0,0,0,0,0,0,0,0,0,0,0
Micronesia,Waste - agri-food systems,Emissions (CH4),kilotonnes,0.6292,0.6345,0.6598,0.6624,0.6641,0.6653,0.6659,0.6661,0.6658,0.6666,0.6681,0.6707,0.6741,0.6785,0.6803,0.6852,0.6905,0.696,0.7017,0.7073,0.7129
Micronesia,Waste - agri-food systems,Emissions (N2O),kilotonnes,0.0021,0.0022,0.0023,0.0023,0.0024,0.0025,0.0025,0.0025,0.0025,0.0027,0.0027,0.0029,0.0029,0.0029,0.0029,0.003,0.0031,0.003,0.0031,0.0031,0.0031
Micronesia,Waste - agri-food systems,Emissions (CO2),kilotonnes,0,0,0,0,0,0,0,0,0,0,0,0,0,0,0,0,0,0,0,0,0
Micronesia,Waste - agri-food systems,Emissions (CO2eq) from CH4 (AR5),kilotonnes,17.6174,17.7668,18.4757,18.5478,18.5954,18.6271,18.6455,18.6505,18.6421,18.6647,18.7062,18.7794,18.8744,18.9976,19.0473,19.1867,19.3339,19.4878,19.6479,19.8032,19.9621
Micronesia,Waste - agri-food systems,Emissions (CO2eq) from N2O (AR5),kilotonnes,0.5549,0.5903,0.6049,0.6226,0.6263,0.671,0.6679,0.6709,0.6611,0.7054,0.7171,0.756,0.7646,0.7594,0.7611,0.794,0.8083,0.7988,0.8097,0.8205,0.8318
Micronesia,Waste - agri-food systems,Emissions (CO2eq) (AR5),kilotonnes,18.1723,18.3571,19.0806,19.1704,19.2217,19.2982,19.3134,19.3214,19.3033,19.3701,19.4234,19.5354,19.639,19.757,19.8085,19.9808,20.1422,20.2865,20.4576,20.6237,20.794
Micronesia,On-farm electricity use,Emissions (CH4),kilotonnes,0,0,0,0,0,0,0,0,0,0,0,0,0,0,0,0,0,0,0,0,0
Micronesia,On-farm electricity use,Emissions (N2O),kilotonnes,0,0,0,0,0,0,0,0,0,0,0,0,0,0,0,0,0,0,0,0,0
Micronesia,On-farm electricity use,Emissions (CO2),kilotonnes,0,0,0,0,0,0,0,0,0,0,0,0,0,0,0,0,0,0,0,0,0
Micronesia,On-farm electricity use,Emissions (CO2eq) from CH4 (AR5),kilotonnes,0,0,0,0,0,0,0,0,0,0,0,0,0,0,0,0,0,0,0,0,0
Micronesia,On-farm electricity use,Emissions (CO2eq) from N2O (AR5),kilotonnes,0,0,0,0,0,0,0,0,0,0,0,0,0,0,0,0,0,0,0,0,0
Micronesia,On-farm electricity use,Emissions (CO2eq) (AR5),kilotonnes,0,0,0,0,0,0,0,0,0,0,0,0,0,0,0,0,0,0,0,0,0
Micronesia,Food Processing,Emissions (CH4),kilotonnes,0.0543,0.0528,0.0295,0.0333,0.0397,0.0698,0.0639,0.0497,0.0505,0.0636,0.0504,0.0462,0.0444,0.0296,0.0334,0.0413,0.0415,0.0464,0.0467,0.0411,0.0386
Micronesia,Food Processing,Emissions (N2O),kilotonnes,0.0004,0.0004,0.0002,0.0003,0.0002,0.0003,0.0003,0.0002,0.0003,0.0011,0.0012,0.0018,0.0029,0.0014,0.0009,0.0009,0.0008,0.0008,0.001,0.0015,0.0015
Micronesia,Food Processing,Emissions (CO2),kilotonnes,15.6041,16.9196,15.8922,16.6945,16.6874,17.4384,16.4557,17.4966,14.9521,30.1206,34.6891,35.0122,31.9018,34.2222,40.0922,43.3242,41.7389,41.059,44.2926,59.7383,59.1611
Micronesia,Food Processing,Emissions (CO2eq) from CH4 (AR5),kilotonnes,1.5204,1.4784,0.826,0.9324,1.1116,1.9544,1.7892,1.3916,1.414,1.7808,1.4112,1.2936,1.2432,0.8288,0.9352,1.1564,1.162,1.2992,1.3076,1.1508,1.0817
Micronesia,Food Processing,Emissions (CO2eq) from N2O (AR5),kilotonnes,0.106,0.106,0.053,0.0795,0.053,0.0795,0.0795,0.053,0.0795,0.2915,0.318,0.477,0.7685,0.371,0.2385,0.2385,0.212,0.212,0.265,0.3975,0.4041
Micronesia,Food Processing,Emissions (CO2eq) (AR5),kilotonnes,17.2305,18.504,16.7712,17.7064,17.852,19.4723,18.3244,18.9412,16.4456,32.1929,36.4183,36.7828,33.9135,35.422,41.2659,44.7191,43.1129,42.5702,45.8652,61.2866,60.6469
Micronesia,Food Packaging,Emissions (CH4),kilotonnes,0.0006,0.0006,0.0003,0.0004,0.0005,0.0008,0.0008,0.0006,0.0006,0.0006,0.0005,0.0004,0.0005,0.0003,0.0003,0.0003,0.0003,0.0003,0.0003,0.0003,0.0002
Micronesia,Food Packaging,Emissions (N2O),kilotonnes,0,0,0,0,0,0,0,0,0,0,0,0,0,0,0,0,0,0,0,0,0
Micronesia,Food Packaging,Emissions (CO2),kilotonnes,1.0045,0.9967,1.0987,0.7937,0.7747,0.5493,0.5797,0.5937,0.5665,0.6177,0.6304,0.604,0.6673,0.777,1.0127,0.9182,0.9828,0.9486,1.2452,0.7257,0.7187
Micronesia,Food Packaging,Emissions (CO2eq) from CH4 (AR5),kilotonnes,0.0168,0.0168,0.0084,0.0112,0.014,0.0224,0.0224,0.0168,0.0168,0.0168,0.014,0.0112,0.014,0.0084,0.0084,0.0084,0.0084,0.0084,0.0084,0.0074,0.0069
Micronesia,Food Packaging,Emissions (CO2eq) from N2O (AR5),kilotonnes,0,0,0,0,0,0,0,0,0,0,0,0,0,0,0,0,0,0,0,0,0
Micronesia,Food Packaging,Emissions (CO2eq) (AR5),kilotonnes,1.0213,1.0135,1.1071,0.8049,0.7887,0.5717,0.6021,0.6105,0.5833,0.6345,0.6444,0.6152,0.6813,0.7854,1.0211,0.9266,0.9912,0.957,1.2536,0.7331,0.7256
Micronesia,Food Retail,Emissions (CH4),kilotonnes,0.0178,0.0215,0.0217,0.023,0.0224,0.0219,0.0186,0.019,0.0179,0.017,0.0178,0.0178,0.0151,0.0151,0.0161,0.016,0.0166,0.0179,0.018,0.0173,0.0164
Micronesia,Food Retail,Emissions (N2O),kilotonnes,0.0001,0.0001,0,0,0,0.0001,0,0,0,0,0,0,0,0,0,0,0,0,0,0,0
Micronesia,Food Retail,Emissions (CO2),kilotonnes,11.279,11.7019,11.3376,11.3625,11.1645,11.1073,10.0012,9.9832,9.3504,9.1016,9.279,8.9551,8.0906,8.0472,8.3388,8.1453,8.2525,8.989,9.049,8.8691,8.7798
Micronesia,Food Retail,Emissions (CO2eq) from CH4 (AR5),kilotonnes,0.4996,0.603,0.6066,0.6449,0.6261,0.6119,0.5209,0.532,0.5012,0.476,0.4984,0.4984,0.4228,0.4228,0.4508,0.448,0.4648,0.5012,0.504,0.4844,0.4578
Micronesia,Food Retail,Emissions (CO2eq) from N2O (AR5),kilotonnes,0.0265,0.0265,0,0,0,0.0265,0,0,0,0,0,0,0,0,0,0,0,0,0,0,0
Micronesia,Food Retail,Emissions (CO2eq) (AR5),kilotonnes,11.8051,12.3314,11.9442,12.0074,11.7906,11.7457,10.5221,10.5152,9.8516,9.5776,9.7774,9.4535,8.5134,8.47,8.7896,8.5933,8.7173,9.4902,9.553,9.3535,9.2377
Micronesia,Food Household Consumption,Emissions (CH4),kilotonnes,0.0116,0.0115,0.0124,0.0134,0.0141,0.0121,0.0106,0.0107,0.0096,0.0094,0.0093,0.0091,0.0078,0.0085,0.0089,0.0094,0.0101,0.0107,0.0107,0.0109,0.0103
Micronesia,Food Household Consumption,Emissions (N2O),kilotonnes,0,0,0,0,0,0,0,0,0,0,0,0,0,0,0,0,0,0,0,0,0
Micronesia,Food Household Consumption,Emissions (CO2),kilotonnes,7.9319,8.2973,9.0393,9.555,9.688,8.5509,7.6521,7.7715,7.2412,7.1621,6.4374,6.1117,5.7869,6.2612,6.3404,6.4243,6.7481,6.9694,7.0205,7.0868,7.0182
Micronesia,Food Household Consumption,Emissions (CO2eq) from CH4 (AR5),kilotonnes,0.3248,0.322,0.3472,0.3752,0.3948,0.3388,0.2968,0.2996,0.2688,0.2632,0.2604,0.2548,0.2184,0.238,0.2492,0.2632,0.2828,0.2996,0.2996,0.3052,0.2873
Micronesia,Food Household Consumption,Emissions (CO2eq) from N2O (AR5),kilotonnes,0,0,0,0,0,0,0,0,0,0,0,0,0,0,0,0,0,0,0,0,0
Micronesia,Food Household Consumption,Emissions (CO2eq) (AR5),kilotonnes,8.2567,8.6193,9.3865,9.9302,10.0828,8.8897,7.9489,8.0711,7.51,7.4253,6.6978,6.3665,6.0053,6.4992,6.5896,6.6875,7.0309,7.269,7.3201,7.392,7.3055
Micronesia,Food Transport,Emissions (CH4),kilotonnes,0.0072,0.0073,0.004,0.0045,0.0033,0.0036,0.0036,0.0028,0.0042,0.0077,0.0078,0.01,0.0226,0.0121,0.004,0.0037,0.0036,0.0037,0.0038,0.0021,0.0019
Micronesia,Food Transport,Emissions (N2O),kilotonnes,0.0024,0.0027,0.0016,0.002,0.0016,0.0022,0.0021,0.0017,0.0023,0.004,0.0039,0.005,0.0111,0.0059,0.002,0.0019,0.0018,0.0019,0.002,0.0038,0.0038
Micronesia,Food Transport,Emissions (CO2),kilotonnes,61.7179,63.1364,37.4645,46.9242,40.5617,49.2569,52.2169,36.5934,52.4709,98.5803,108.0515,138.269,263.0064,139.3092,67.6569,64.358,61.6683,64.4313,66.2698,98.401,97.311
Micronesia,Food Transport,Emissions (CO2eq) from CH4 (AR5),kilotonnes,0.2016,0.2044,0.112,0.126,0.0924,0.1008,0.1008,0.0784,0.1176,0.2156,0.2184,0.28,0.6328,0.3388,0.112,0.1036,0.1008,0.1036,0.1064,0.0588,0.0524
Micronesia,Food Transport,Emissions (CO2eq) from N2O (AR5),kilotonnes,0.636,0.7155,0.424,0.53,0.424,0.583,0.5565,0.4505,0.6095,1.06,1.0335,1.325,2.9415,1.5635,0.53,0.5035,0.477,0.5035,0.53,1.007,1.0202
Micronesia,Food Transport,Emissions (CO2eq) (AR5),kilotonnes,62.5555,64.0563,38.0005,47.5802,41.0781,49.9407,52.8742,37.1223,53.198,99.8559,109.3034,139.874,266.5807,141.2115,68.2989,64.9651,62.2461,65.0384,66.9062,99.4668,98.3836
Micronesia,Energy,Emissions (CH4),kilotonnes,2.352,2.2655,1.2153,1.3435,1.4916,2.4314,2.3959,1.8797,1.9607,2.4875,2.0877,1.8541,1.9902,1.1625,1.2139,1.3728,1.3468,1.4049,1.3305,1.1918,1.1203
Micronesia,Energy,Emissions (N2O),kilotonnes,0.044,0.0486,0.0298,0.0358,0.0308,0.0357,0.0346,0.0288,0.0342,0.0546,0.0521,0.0774,0.1352,0.0657,0.04,0.0384,0.0374,0.039,0.0402,0.0569,0.0578
Micronesia,Energy,Emissions (CO2),kilotonnes,556.3,575,576.3,577,590.7,578,581,613.7,555,574.3,551.7,568.3,573.3,595,613,627.3,620,635.7,671.2,734.4,727.3
Micronesia,Energy,Emissions (CO2eq) from CH4 (AR5),kilotonnes,65.8568,63.4337,34.0295,37.6186,41.7645,68.0795,67.0863,52.6319,54.8996,69.6511,58.455,51.9159,55.7256,32.5514,33.9895,38.4376,37.711,39.3366,37.2551,33.3703,31.3671
Micronesia,Energy,Emissions (CO2eq) from N2O (AR5),kilotonnes,11.6658,12.8771,7.9073,9.4936,8.1514,9.4732,9.1624,7.6376,9.0609,14.4584,13.8182,20.5121,35.8301,17.419,10.5934,10.189,9.9091,10.3263,10.6636,15.0743,15.3112
Micronesia,Energy,Emissions (CO2eq) (AR5),kilotonnes,633.8227,651.3109,618.2369,624.1122,640.6159,655.5527,657.2487,673.9694,618.9605,658.4095,623.9732,640.728,664.8557,644.9704,657.5829,675.9265,667.6201,685.3629,719.1187,782.8445,773.9783
Micronesia,IPPU,Emissions (CH4),kilotonnes,0,0,0,0,0,0,0,0,0,0,0,0,0,0,0,0,0,0,0,0,0
Micronesia,IPPU,Emissions (N2O),kilotonnes,0.0023,0.0024,0.0024,0.0024,0.0024,0.0025,0.0025,0.0026,0.0026,0.0027,0.0027,0.0028,0.0028,0.0029,0.0029,0.003,0.003,0.003,0.0031,0.0031,0.0032
Micronesia,IPPU,Emissions (CO2),kilotonnes,5.113,4.534,2.7,3.173,3.296,3.757,3.99,3.4,3.096,3.909,3.363,3.12,3.236,2.104,2.08,2.061,2.057,2.134,1.914,1.723,1.577
Micronesia,IPPU,Emissions (CO2eq) from CH4 (AR5),kilotonnes,0,0,0,0,0,0,0,0,0,0,0,0,0,0,0,0,0,0,0,0,0
Micronesia,IPPU,Emissions (CO2eq) from N2O (AR5),kilotonnes,0.6132,0.6228,0.6315,0.6405,0.649,0.6601,0.671,0.6818,0.6927,0.7065,0.7184,0.7306,0.7436,0.7568,0.7696,0.7823,0.7947,0.8064,0.8181,0.8292,0.8414
Micronesia,IPPU,Emissions (CO2eq) (AR5),kilotonnes,5.7262,5.1567,3.3315,3.8135,3.945,4.4171,4.661,4.0818,3.7887,4.6155,4.0814,3.8506,3.9796,2.8608,2.8496,2.8433,2.8517,2.9404,2.7321,2.5522,2.4184
Micronesia,Waste,Emissions (CH4),kilotonnes,0.9427,0.9494,0.96,0.9679,0.9739,0.9847,1.0005,1.0228,1.0388,1.0555,1.0712,1.0924,1.1167,1.1446,1.168,1.2005,1.2286,1.2488,1.2719,1.2832,1.3064
Micronesia,Waste,Emissions (N2O),kilotonnes,0.0092,0.0091,0.0091,0.0093,0.0094,0.0098,0.0095,0.0097,0.0096,0.0097,0.0099,0.0099,0.01,0.0101,0.0101,0.0102,0.0103,0.0103,0.0103,0.0104,0.0105
Micronesia,Waste,Emissions (CO2),kilotonnes,0,0,0,0,0,0,0,0,0,0,0,0,0,0,0,0,0,0,0,0,0
Micronesia,Waste,Emissions (CO2eq) from CH4 (AR5),kilotonnes,26.3956,26.5832,26.88,27.1012,27.2692,27.5716,28.014,28.6384,29.0864,29.554,29.9936,30.5872,31.2676,32.0488,32.704,33.614,34.4008,34.9664,35.6132,35.9296,36.5792
Micronesia,Waste,Emissions (CO2eq) from N2O (AR5),kilotonnes,2.4391,2.4157,2.4202,2.4526,2.4992,2.6047,2.5212,2.5573,2.5527,2.5777,2.615,2.6227,2.6495,2.6683,2.6709,2.6924,2.7165,2.7327,2.7359,2.7626,2.7814
Micronesia,Waste,Emissions (CO2eq) (AR5),kilotonnes,28.8347,28.9989,29.3002,29.5538,29.7684,30.1763,30.5352,31.1956,31.6391,32.1317,32.6086,33.2099,33.9171,34.7171,35.3749,36.3064,37.1173,37.6991,38.3491,38.6922,39.3606
Micronesia,Other,Emissions (CH4),kilotonnes,0,0,0,0,0,0,0,0,0,0,0,0,0,0,0,0,0,0,0,0,0
Micronesia,Other,Emissions (N2O),kilotonnes,0.0852,0.1015,0.0678,0.0838,0.073,0.084,0.0768,0.0632,0.0564,0.082,0.0744,0.0834,0.1016,0.049,0.0492,0.0466,0.0449,0.0469,0.0482,0.0458,0.0433
Micronesia,Other,Emissions (CO2),kilotonnes,0,0,0,0,0,0,0,0,0,0,0,0,0,0,0,0,0,0,0,0,0
Micronesia,Other,Emissions (CO2eq) from CH4 (AR5),kilotonnes,0,0,0,0,0,0,0,0,0,0,0,0,0,0,0,0,0,0,0,0,0
Micronesia,Other,Emissions (CO2eq) from N2O (AR5),kilotonnes,22.5674,26.8975,17.9538,22.2017,19.3503,22.26,20.3599,16.7347,14.954,21.7406,19.7213,22.0983,26.9134,12.9718,13.0327,12.3543,11.8932,12.4153,12.7783,12.129,11.4851
Micronesia,Other,Emissions (CO2eq) (AR5),kilotonnes,22.5674,26.8975,17.9538,22.2017,19.3503,22.26,20.3599,16.7347,14.954,21.7406,19.7213,22.0983,26.9134,12.9718,13.0327,12.3543,11.8932,12.4153,12.7783,12.129,11.4851
Micronesia,Farm-gate emissions,Emissions (CH4),kilotonnes,1.8759,1.8849,1.901,1.9053,1.9133,1.9279,1.9432,1.9822,1.9873,2.0853,2.0671,2.1796,2.1981,2.2679,2.2816,2.3059,2.3323,2.327,2.3541,2.3967,2.4294
Micronesia,Farm-gate emissions,Direct emissions (N2O),kilotonnes,0.0346,0.0348,0.0352,0.0352,0.0354,0.0354,0.0355,0.0362,0.0364,0.0383,0.0384,0.0406,0.0407,0.0417,0.0418,0.0425,0.0433,0.043,0.0437,0.0446,0.0455
Micronesia,Farm-gate emissions,Indirect emissions (N2O),kilotonnes,0.0094,0.0095,0.0097,0.0097,0.0098,0.0098,0.0098,0.0101,0.0101,0.0106,0.0106,0.0112,0.0112,0.0115,0.0115,0.0117,0.0119,0.0118,0.012,0.0122,0.0124
Micronesia,Farm-gate emissions,Emissions (N2O),kilotonnes,0.0548,0.0552,0.0563,0.0561,0.0564,0.0569,0.0573,0.0583,0.0589,0.0616,0.0616,0.0649,0.0652,0.0668,0.0668,0.0678,0.0688,0.0686,0.0694,0.0708,0.0721
Micronesia,Farm-gate emissions,Emissions (CO2),kilotonnes,68.2823,68.8611,68.1047,69.2855,76.3936,84.6529,104.681,116.6754,118.9449,126.832,128.083,124.9432,127.4101,127.84,114.9624,97.9476,89.0847,87.133,85.2676,79.3287,79.3287
Micronesia,Farm-gate emissions,Emissions (CO2eq) from CH4 (AR5),kilotonnes,52.526,52.7759,53.2286,53.3486,53.5711,53.9817,54.4104,55.5024,55.6442,58.388,57.8776,61.028,61.5474,63.5018,63.8841,64.5655,65.3038,65.1568,65.9148,67.1078,68.024
Micronesia,Farm-gate emissions,Emissions (CO2eq) from N2O (AR5),kilotonnes,14.533,14.6186,14.9159,14.8781,14.951,15.0839,15.183,15.4536,15.6131,16.315,16.3134,17.1904,17.2859,17.6928,17.6894,17.9572,18.2202,18.1885,18.4035,18.75,19.1036
Micronesia,Farm-gate emissions,Emissions (CO2eq) (AR5),kilotonnes,135.3414,136.2555,136.2491,137.5122,144.9156,153.7185,174.2744,187.6314,190.2022,201.5351,202.274,203.1615,206.2434,209.0346,196.5359,180.4704,172.6087,170.4783,169.586,165.1865,166.4562
Micronesia,Land Use change,Emissions (CH4),kilotonnes,0,0,0,0,0,0,0,0,0,0,0,0,0,0,0,0,0,0,0,0,0
Micronesia,Land Use change,Emissions (N2O),kilotonnes,0,0,0,0,0,0,0,0,0,0,0,0,0,0,0,0,0,0,0,0,0
Micronesia,Land Use change,Emissions (CO2),kilotonnes,498.9154,498.0438,498.0438,498.0438,498.0438,498.0438,498.0438,498.0438,498.0438,498.0438,498.0438,148.1625,148.1625,148.1625,148.1625,148.1625,909.5948,909.5948,909.5948,909.5948,909.5948
Micronesia,Land Use change,Emissions (CO2eq) from CH4 (AR5),kilotonnes,0,0,0,0,0,0,0,0,0,0,0,0,0,0,0,0,0,0,0,0,0
Micronesia,Land Use change,Emissions (CO2eq) from N2O (AR5),kilotonnes,0,0,0,0,0,0,0,0,0,0,0,0,0,0,0,0,0,0,0,0,0
Micronesia,Land Use change,Emissions (CO2eq) (AR5),kilotonnes,498.9154,498.0438,498.0438,498.0438,498.0438,498.0438,498.0438,498.0438,498.0438,498.0438,498.0438,148.1625,148.1625,148.1625,148.1625,148.1625,909.5948,909.5948,909.5948,909.5948,909.5948
Micronesia,Emissions on agricultural land,Emissions (CH4),kilotonnes,1.8759,1.8849,1.901,1.9053,1.9133,1.9279,1.9432,1.9822,1.9873,2.0853,2.0671,2.1796,2.1981,2.2679,2.2816,2.3059,2.3323,2.327,2.3541,2.3967,2.4294
Micronesia,Emissions on agricultural land,Emissions (N2O),kilotonnes,0.0548,0.0552,0.0563,0.0561,0.0564,0.0569,0.0573,0.0583,0.0589,0.0616,0.0616,0.0649,0.0652,0.0668,0.0668,0.0678,0.0688,0.0686,0.0694,0.0708,0.0721
Micronesia,Emissions on agricultural land,Emissions (CO2),kilotonnes,567.1978,566.9049,566.1485,567.3293,574.4374,582.6967,602.7249,614.7192,616.9887,624.8759,626.1268,273.1057,275.5726,276.0025,263.1249,246.1101,998.6795,996.7278,994.8625,988.9235,988.9235
Micronesia,Emissions on agricultural land,Emissions (CO2eq) from CH4 (AR5),kilotonnes,52.526,52.7759,53.2286,53.3486,53.5711,53.9817,54.4104,55.5024,55.6442,58.388,57.8776,61.028,61.5474,63.5018,63.8841,64.5655,65.3038,65.1568,65.9148,67.1078,68.024
Micronesia,Emissions on agricultural land,Emissions (CO2eq) from N2O (AR5),kilotonnes,14.533,14.6186,14.9159,14.8781,14.951,15.0839,15.183,15.4536,15.6131,16.315,16.3134,17.1904,17.2859,17.6928,17.6894,17.9572,18.2202,18.1885,18.4035,18.75,19.1036
Micronesia,Emissions on agricultural land,Emissions (CO2eq) (AR5),kilotonnes,634.2568,634.2994,634.2929,635.556,642.9594,651.7623,672.3182,685.6753,688.246,699.5789,700.3178,351.324,354.4059,357.1971,344.6984,328.6328,1082.2035,1080.0731,1079.1808,1074.7813,1076.0511
Micronesia,Pre- and post- production,Emissions (CH4),kilotonnes,0.7207,0.7283,0.7277,0.7371,0.7441,0.7734,0.7634,0.7489,0.7486,0.7649,0.7539,0.7542,0.7645,0.7441,0.743,0.7559,0.7626,0.775,0.7812,0.7789,0.7803
Micronesia,Pre- and post- production,Emissions (N2O),kilotonnes,0.005,0.0054,0.0041,0.0046,0.0042,0.0051,0.0049,0.0044,0.0051,0.0078,0.0078,0.0097,0.0169,0.0102,0.0058,0.0058,0.0057,0.0057,0.0061,0.0084,0.0085
Micronesia,Pre- and post- production,Emissions (CO2),kilotonnes,97.5374,101.0519,74.8323,85.3299,78.8763,86.9028,86.9056,72.4384,84.5811,145.5823,159.0874,188.952,309.453,188.6168,123.441,123.17,119.3906,122.3973,127.8771,174.8209,172.9888
Micronesia,Pre- and post- production,Emissions (CO2eq) from CH4 (AR5),kilotonnes,20.1806,20.3914,20.3759,20.6376,20.8343,21.6554,21.3756,20.9689,20.9605,21.4171,21.1086,21.1174,21.4056,20.8344,20.8029,21.1663,21.3527,21.6998,21.8739,21.8098,21.8483
Micronesia,Pre- and post- production,Emissions (CO2eq) from N2O (AR5),kilotonnes,1.3234,1.4383,1.0819,1.2321,1.1033,1.36,1.3039,1.1744,1.3501,2.0569,2.0686,2.558,4.4746,2.6939,1.5296,1.536,1.4973,1.5143,1.6047,2.225,2.2561
Micronesia,Pre- and post- production,Emissions (CO2eq) (AR5),kilotonnes,119.0414,122.8816,96.2901,107.1995,100.814,109.9183,109.5851,94.5817,106.8918,169.0563,182.2647,212.6274,335.3332,212.1451,145.7736,145.8724,142.2406,145.6113,151.3557,198.8557,197.0933
Micronesia,Agri-food systems,Emissions (CH4),kilotonnes,2.5967,2.6131,2.6287,2.6424,2.6573,2.7013,2.7066,2.7311,2.7359,2.8502,2.8209,2.9338,2.9626,3.012,3.0245,3.0619,3.0949,3.102,3.1353,3.1756,3.2097
Micronesia,Agri-food systems,Emissions (N2O),kilotonnes,0.0598,0.0606,0.0604,0.0608,0.0606,0.0621,0.0622,0.0627,0.064,0.0693,0.0694,0.0745,0.0821,0.0769,0.0725,0.0736,0.0744,0.0744,0.0755,0.0792,0.0806
Micronesia,Agri-food systems,Emissions (CO2),kilotonnes,664.7352,667.9568,640.9808,652.6592,653.3137,669.5996,689.6305,687.1576,701.5698,770.4582,785.2142,462.0577,585.0256,464.6193,386.5659,369.2801,1118.0701,1119.1251,1122.7396,1163.7444,1161.9124
Micronesia,Agri-food systems,Emissions (CO2eq) from CH4 (AR5),kilotonnes,72.7066,73.1674,73.6045,73.9861,74.4054,75.6371,75.786,76.4714,76.6048,79.8052,78.9862,82.1454,82.953,84.3362,84.687,85.7319,86.6565,86.8566,87.7888,88.9176,89.8723
Micronesia,Agri-food systems,Emissions (CO2eq) from N2O (AR5),kilotonnes,15.8564,16.0569,15.9978,16.1102,16.0543,16.4439,16.4869,16.628,16.9632,18.3719,18.382,19.7484,21.7605,20.3867,19.219,19.4932,19.7175,19.7028,20.0082,20.975,21.3597
Micronesia,Agri-food systems,Emissions (CO2eq) (AR5),kilotonnes,753.2982,757.181,730.5831,742.7555,743.7734,761.6806,781.9033,780.257,795.1378,868.6353,882.5825,563.9514,689.739,569.3422,490.4719,474.5052,1224.4441,1225.6845,1230.5366,1273.637,1273.1444
Micronesia,IPCC Agriculture,Emissions (CH4),kilotonnes,1.7237,1.7307,1.7502,1.7546,1.7569,1.763,1.7634,1.7885,1.794,1.8674,1.8735,1.9749,1.9833,2.0358,2.0519,2.0845,2.1203,2.1176,2.1496,2.1973,2.23
Micronesia,IPCC Agriculture,Direct emissions (N2O),kilotonnes,0.0346,0.0348,0.0352,0.0352,0.0354,0.0354,0.0355,0.0362,0.0364,0.0383,0.0384,0.0406,0.0407,0.0417,0.0418,0.0425,0.0433,0.043,0.0437,0.0446,0.0455
Micronesia,IPCC Agriculture,Indirect emissions (N2O),kilotonnes,0.0094,0.0095,0.0097,0.0097,0.0098,0.0098,0.0098,0.0101,0.0101,0.0106,0.0106,0.0112,0.0112,0.0115,0.0115,0.0117,0.0119,0.0118,0.012,0.0122,0.0124
Micronesia,IPCC Agriculture,Emissions (N2O),kilotonnes,0.0536,0.0541,0.055,0.0549,0.0552,0.0553,0.0554,0.0567,0.057,0.0597,0.0599,0.0632,0.0634,0.0648,0.0649,0.066,0.067,0.0668,0.0676,0.0689,0.0703
Micronesia,IPCC Agriculture,Emissions (CO2eq) from CH4 (AR5),kilotonnes,48.2632,48.4609,49.0062,49.1302,49.194,49.3635,49.376,50.0787,50.2322,52.2863,52.4567,55.2967,55.5336,57.0013,57.4527,58.3669,59.3675,59.2926,60.19,61.5242,62.4404
Micronesia,IPCC Agriculture,Emissions (CO2eq) from N2O (AR5),kilotonnes,14.2008,14.3294,14.5639,14.5573,14.6192,14.6493,14.6823,15.0264,15.1158,15.8239,15.8744,16.7391,16.7983,17.1672,17.2022,17.4807,17.7678,17.7005,17.9204,18.2677,18.6213
Micronesia,IPCC Agriculture,Emissions (CO2eq) (AR5),kilotonnes,62.4641,62.7903,63.5701,63.6874,63.8131,64.0128,64.0583,65.1051,65.3481,68.1101,68.3311,72.0358,72.3318,74.1685,74.655,75.8477,77.1353,76.9931,78.1104,79.792,81.0617
Micronesia,Agricultural Soils,Direct emissions (N2O),kilotonnes,0.0346,0.0348,0.0352,0.0352,0.0354,0.0354,0.0355,0.0362,0.0364,0.0383,0.0384,0.0406,0.0407,0.0417,0.0418,0.0425,0.0433,0.043,0.0437,0.0446,0.0455
Micronesia,Agricultural Soils,Indirect emissions (N2O),kilotonnes,0.0094,0.0095,0.0097,0.0097,0.0098,0.0098,0.0098,0.0101,0.0101,0.0106,0.0106,0.0112,0.0112,0.0115,0.0115,0.0117,0.0119,0.0118,0.012,0.0122,0.0124
Micronesia,Agricultural Soils,Emissions (N2O),kilotonnes,0.044,0.0444,0.045,0.045,0.0451,0.0452,0.0453,0.0462,0.0465,0.0489,0.049,0.0518,0.052,0.0532,0.0533,0.0542,0.0551,0.0548,0.0556,0.0568,0.0579
Micronesia,Agricultural Soils,Emissions (CO2eq) from N2O (AR5),kilotonnes,11.6613,11.7546,11.9137,11.912,11.9549,11.9768,11.9994,12.2529,12.3216,12.9658,12.998,13.7331,13.7717,14.0947,14.12,14.3617,14.609,14.5213,14.7425,15.053,15.3507
Micronesia,Agricultural Soils,Emissions (CO2eq) (AR5),kilotonnes,11.6613,11.7546,11.9137,11.912,11.9549,11.9768,11.9994,12.2529,12.3216,12.9658,12.998,13.7331,13.7717,14.0947,14.12,14.3617,14.609,14.5213,14.7425,15.053,15.3507
Micronesia,LULUCF,Emissions (CH4),kilotonnes,0,0,0,0,0,0,0,0,0,0,0,0,0,0,0,0,0,0,0,0,0
Micronesia,LULUCF,Emissions (N2O),kilotonnes,0,0,0,0,0,0,0,0,0,0,0,0,0,0,0,0,0,0,0,0,0
Micronesia,LULUCF,Emissions (CO2),kilotonnes,114.2004,113.7734,113.7734,113.7734,113.7734,113.7734,113.7734,113.7734,113.7734,113.7734,113.7734,154.2413,154.2413,154.2413,154.2413,154.2413,777.1929,777.1929,777.1929,777.1929,777.1929
Micronesia,LULUCF,Emissions (CO2eq) from CH4 (AR5),kilotonnes,0,0,0,0,0,0,0,0,0,0,0,0,0,0,0,0,0,0,0,0,0
Micronesia,LULUCF,Emissions (CO2eq) from N2O (AR5),kilotonnes,0,0,0,0,0,0,0,0,0,0,0,0,0,0,0,0,0,0,0,0,0
Micronesia,LULUCF,Emissions (CO2eq) (AR5),kilotonnes,114.2004,113.7734,113.7734,113.7734,113.7734,113.7734,113.7734,113.7734,113.7734,113.7734,113.7734,154.2413,154.2413,154.2413,154.2413,154.2413,777.1929,777.1929,777.1929,777.1929,777.1929
Micronesia,AFOLU,Emissions (CH4),kilotonnes,1.7237,1.7307,1.7502,1.7546,1.7569,1.763,1.7634,1.7885,1.794,1.8674,1.8735,1.9749,1.9833,2.0358,2.0519,2.0845,2.1203,2.1176,2.1496,2.1973,2.23
Micronesia,AFOLU,Emissions (N2O),kilotonnes,0.0536,0.0541,0.055,0.0549,0.0552,0.0553,0.0554,0.0567,0.057,0.0597,0.0599,0.0632,0.0634,0.0648,0.0649,0.066,0.067,0.0668,0.0676,0.0689,0.0703
Micronesia,AFOLU,Emissions (CO2),kilotonnes,114.2004,113.7734,113.7734,113.7734,113.7734,113.7734,113.7734,113.7734,113.7734,113.7734,113.7734,154.2413,154.2413,154.2413,154.2413,154.2413,777.1929,777.1929,777.1929,777.1929,777.1929
Micronesia,AFOLU,Emissions (CO2eq) from CH4 (AR5),kilotonnes,48.2632,48.4609,49.0062,49.1302,49.194,49.3635,49.376,50.0787,50.2322,52.2863,52.4567,55.2967,55.5336,57.0013,57.4527,58.3669,59.3675,59.2926,60.19,61.5242,62.4404
Micronesia,AFOLU,Emissions (CO2eq) from N2O (AR5),kilotonnes,14.2008,14.3294,14.5639,14.5573,14.6192,14.6493,14.6823,15.0264,15.1158,15.8239,15.8744,16.7391,16.7983,17.1672,17.2022,17.4807,17.7678,17.7005,17.9204,18.2677,18.6213
Micronesia,AFOLU,Emissions (CO2eq) (AR5),kilotonnes,176.6645,176.5637,177.3436,177.4609,177.5866,177.7863,177.8318,178.8785,179.1215,181.8836,182.1046,226.2771,226.5732,228.4099,228.8963,230.089,854.3282,854.186,855.3033,856.9848,858.2546
Micronesia,All sectors with LULUCF,Emissions (CH4),kilotonnes,5.0184,4.9456,3.9256,4.0661,4.2224,5.1791,5.1599,4.691,4.7935,5.4104,5.0323,4.9214,5.0902,4.3429,4.4338,4.6578,4.6957,4.7713,4.7521,4.6723,4.6567
Micronesia,All sectors with LULUCF,Emissions (N2O),kilotonnes,0.1943,0.2156,0.1641,0.1862,0.1708,0.1873,0.1789,0.1609,0.1599,0.2087,0.199,0.2366,0.313,0.1924,0.1671,0.1641,0.1626,0.166,0.1695,0.1851,0.1851
Micronesia,All sectors with LULUCF,Emissions (CO2),kilotonnes,675.6134,693.3074,692.7734,693.9464,707.7694,695.5304,698.7634,730.8734,671.8694,691.9824,668.8364,725.6613,730.7773,751.3453,769.3213,783.6023,1399.2499,1415.0269,1450.3069,1513.3159,1506.0699
Micronesia,All sectors with LULUCF,Emissions (CO2eq) from CH4 (AR5),kilotonnes,140.5157,138.4778,109.9158,113.8499,118.2277,145.0146,144.4764,131.349,134.2182,151.4914,140.9054,137.7998,142.5268,121.6015,124.1462,130.4185,131.4792,133.5956,133.0583,130.8241,130.3867
Micronesia,All sectors with LULUCF,Emissions (CO2eq) from N2O (AR5),kilotonnes,51.4863,57.1425,43.4767,49.3457,45.2691,49.6474,47.3968,42.6378,42.3761,55.307,52.7473,62.7028,82.9348,50.9831,44.2688,43.4987,43.0814,43.9811,44.9163,49.0629,49.0404
Micronesia,All sectors with LULUCF,Emissions (CO2eq) (AR5),kilotonnes,867.6154,888.9277,846.1659,857.1421,871.2662,890.1924,890.6366,904.8602,848.4638,898.7809,862.4891,926.164,956.2389,923.9299,937.7363,957.5195,1573.8105,1592.6036,1628.2815,1693.2029,1685.497
Micronesia,All sectors without LULUCF,Emissions (CH4),kilotonnes,5.0184,4.9456,3.9256,4.0661,4.2224,5.1791,5.1599,4.691,4.7935,5.4104,5.0323,4.9214,5.0902,4.3429,4.4338,4.6578,4.6957,4.7713,4.7521,4.6723,4.6567
Micronesia,All sectors without LULUCF,Emissions (N2O),kilotonnes,0.1943,0.2156,0.1641,0.1862,0.1708,0.1873,0.1789,0.1609,0.1599,0.2087,0.199,0.2366,0.313,0.1924,0.1671,0.1641,0.1626,0.166,0.1695,0.1851,0.1851
Micronesia,All sectors without LULUCF,Emissions (CO2),kilotonnes,561.413,579.534,579,580.173,593.996,581.757,584.99,617.1,558.096,578.209,555.063,571.42,576.536,597.104,615.08,629.361,622.057,637.834,673.114,736.123,728.877
Micronesia,All sectors without LULUCF,Emissions (CO2eq) from CH4 (AR5),kilotonnes,140.5157,138.4778,109.9158,113.8499,118.2277,145.0146,144.4764,131.349,134.2182,151.4914,140.9054,137.7998,142.5268,121.6015,124.1462,130.4185,131.4792,133.5956,133.0583,130.8241,130.3867
Micronesia,All sectors without LULUCF,Emissions (CO2eq) from N2O (AR5),kilotonnes,51.4863,57.1425,43.4767,49.3457,45.2691,49.6474,47.3968,42.6378,42.3761,55.307,52.7473,62.7028,82.9348,50.9831,44.2688,43.4987,43.0814,43.9811,44.9163,49.0629,49.0404
Micronesia,All sectors without LULUCF,Emissions (CO2eq) (AR5),kilotonnes,753.415,775.1543,732.3925,743.3686,757.4927,776.4189,776.8632,791.0867,734.6903,785.0074,748.7157,771.9226,801.9976,769.6886,783.495,803.2782,796.6176,815.4107,851.0886,916.01,908.3041
Polynesia,Crop Residues,Direct emissions (N2O),kilotonnes,0,0,0,0,0,0,0,0,0,0,0,0,0,0,0,0,0,0,0,0,0
Polynesia,Crop Residues,Indirect emissions (N2O),kilotonnes,0,0,0,0,0,0,0,0,0,0,0,0,0,0,0,0,0,0,0,0,0
Polynesia,Crop Residues,Emissions (N2O),kilotonnes,0.0001,0.0001,0.0001,0,0,0,0,0,0,0,0,0,0,0,0,0,0,0,0,0,0
Polynesia,Crop Residues,Emissions (CO2eq) from N2O (AR5),kilotonnes,0.0159,0.0147,0.0147,0.0131,0.0122,0.0121,0.0092,0.0101,0.0109,0.0109,0.0111,0.0122,0.0102,0.0103,0.0094,0.0093,0.0093,0.0094,0.0093,0.0093,0.0093
Polynesia,Crop Residues,Emissions (CO2eq) (AR5),kilotonnes,0.0159,0.0147,0.0147,0.0131,0.0122,0.0121,0.0092,0.0101,0.0109,0.0109,0.0111,0.0122,0.0102,0.0103,0.0094,0.0093,0.0093,0.0094,0.0093,0.0093,0.0093
Polynesia,Burning - Crop residues,Emissions (CH4),kilotonnes,0.0001,0.0001,0.0001,0.0001,0.0001,0.0001,0.0001,0.0001,0.0001,0.0001,0.0001,0.0001,0.0001,0.0001,0.0001,0.0001,0.0001,0.0001,0.0001,0.0001,0.0001
Polynesia,Burning - Crop residues,Emissions (N2O),kilotonnes,0,0,0,0,0,0,0,0,0,0,0,0,0,0,0,0,0,0,0,0,0
Polynesia,Burning - Crop residues,Emissions (CO2eq) from CH4 (AR5),kilotonnes,0.0021,0.002,0.002,0.0021,0.002,0.002,0.002,0.002,0.002,0.002,0.002,0.002,0.0021,0.002,0.002,0.002,0.002,0.002,0.002,0.002,0.002
Polynesia,Burning - Crop residues,Emissions (CO2eq) from N2O (AR5),kilotonnes,0.0005,0.0005,0.0005,0.0005,0.0005,0.0005,0.0005,0.0005,0.0005,0.0005,0.0005,0.0005,0.0005,0.0005,0.0005,0.0005,0.0005,0.0005,0.0005,0.0005,0.0005
Polynesia,Burning - Crop residues,Emissions (CO2eq) (AR5),kilotonnes,0.0026,0.0025,0.0025,0.0026,0.0025,0.0025,0.0025,0.0025,0.0025,0.0025,0.0025,0.0025,0.0026,0.0025,0.0025,0.0025,0.0025,0.0025,0.0025,0.0025,0.0025
Polynesia,Enteric Fermentation,Emissions (CH4),kilotonnes,3.9545,3.8185,3.6759,3.8509,3.9804,3.8389,3.8488,3.8448,3.8383,4.3638,4.535,4.7537,4.9048,4.9908,5.0302,5.4782,5.0132,4.9017,5.2676,4.3079,4.9112
Polynesia,Enteric Fermentation,Emissions (CO2eq) from CH4 (AR5),kilotonnes,110.7266,106.9186,102.9239,107.8246,111.4504,107.4886,107.767,107.6549,107.4734,122.1855,126.9791,133.1028,137.3357,139.7419,140.8452,153.3906,140.3707,137.2469,147.4937,120.6216,137.5144
Polynesia,Enteric Fermentation,Emissions (CO2eq) (AR5),kilotonnes,110.7266,106.9186,102.9239,107.8246,111.4504,107.4886,107.767,107.6549,107.4734,122.1855,126.9791,133.1028,137.3357,139.7419,140.8452,153.3906,140.3707,137.2469,147.4937,120.6216,137.5144
Polynesia,Manure Management,Emissions (CH4),kilotonnes,4.9955,5.3256,5.2679,5.2057,5.293,5.3001,5.2543,5.0824,4.9921,4.6671,4.9282,4.9546,4.991,5.0195,5.0083,4.9624,4.7912,4.5552,4.3501,3.7561,3.9196
Polynesia,Manure Management,Emissions (N2O),kilotonnes,0.0528,0.0553,0.0544,0.0544,0.0555,0.0553,0.0547,0.0534,0.0526,0.0511,0.0542,0.0551,0.0559,0.0564,0.0563,0.0573,0.0546,0.0523,0.0516,0.0439,0.0471
Polynesia,Manure Management,Emissions (CO2eq) from CH4 (AR5),kilotonnes,139.8744,149.118,147.5009,145.7594,148.2039,148.4034,147.1213,142.3074,139.7799,130.6782,137.9905,138.7281,139.7481,140.5462,140.2319,138.9461,134.1538,127.5464,121.8035,105.1701,109.7489
Polynesia,Manure Management,Emissions (CO2eq) from N2O (AR5),kilotonnes,13.9804,14.6447,14.4217,14.4281,14.698,14.6435,14.5008,14.1409,13.9291,13.5306,14.3712,14.6128,14.8096,14.942,14.9103,15.1762,14.4591,13.8474,13.6666,11.6329,12.4746
Polynesia,Manure Management,Emissions (CO2eq) (AR5),kilotonnes,153.8549,163.7627,161.9227,160.1875,162.9019,163.0469,161.6221,156.4483,153.709,144.2088,152.3618,153.3409,154.5576,155.4883,155.1422,154.1223,148.6129,141.3938,135.4701,116.803,122.2235
Polynesia,Manure left on Pasture,Direct emissions (N2O),kilotonnes,0.1037,0.0993,0.0953,0.1004,0.1038,0.0998,0.1002,0.1004,0.1004,0.116,0.1205,0.1268,0.1311,0.1336,0.1345,0.1475,0.1345,0.1318,0.1427,0.1165,0.1334
Polynesia,Manure left on Pasture,Indirect emissions (N2O),kilotonnes,0.0254,0.0244,0.0236,0.0246,0.0253,0.0245,0.0246,0.0246,0.0246,0.0279,0.0289,0.0302,0.0312,0.0317,0.0319,0.0347,0.0319,0.0314,0.0337,0.0281,0.0317
Polynesia,Manure left on Pasture,Emissions (N2O),kilotonnes,0.129,0.1237,0.1189,0.125,0.1291,0.1243,0.1247,0.125,0.125,0.1439,0.1494,0.157,0.1623,0.1653,0.1664,0.1821,0.1664,0.1632,0.1763,0.1446,0.1651
Polynesia,Manure left on Pasture,Emissions (CO2eq) from N2O (AR5),kilotonnes,34.1885,32.7775,31.503,33.1298,34.2219,32.9434,33.0538,33.1263,33.1232,38.1312,39.5898,41.6054,43.0005,43.794,44.0985,48.2617,44.0988,43.2372,46.7303,38.3103,43.749
Polynesia,Manure left on Pasture,Emissions (CO2eq) (AR5),kilotonnes,34.1885,32.7775,31.503,33.1298,34.2219,32.9434,33.0538,33.1263,33.1232,38.1312,39.5898,41.6054,43.0005,43.794,44.0985,48.2617,44.0988,43.2372,46.7303,38.3103,43.749
Polynesia,Manure applied to Soils,Direct emissions (N2O),kilotonnes,0.0429,0.0453,0.0448,0.0446,0.0452,0.0454,0.0447,0.0437,0.0429,0.0403,0.0432,0.0436,0.044,0.0442,0.0441,0.0442,0.0428,0.041,0.0396,0.0347,0.0365
Polynesia,Manure applied to Soils,Indirect emissions (N2O),kilotonnes,0.0182,0.0193,0.019,0.0189,0.0192,0.0193,0.019,0.0186,0.0183,0.0171,0.0184,0.0185,0.0187,0.0188,0.0187,0.0188,0.0182,0.0174,0.0168,0.0148,0.0155
Polynesia,Manure applied to Soils,Emissions (N2O),kilotonnes,0.0611,0.0646,0.0639,0.0635,0.0644,0.0647,0.0637,0.0622,0.0612,0.0574,0.0616,0.0621,0.0627,0.063,0.0629,0.063,0.061,0.0584,0.0565,0.0495,0.052
Polynesia,Manure applied to Soils,Emissions (CO2eq) from N2O (AR5),kilotonnes,16.1834,17.1093,16.925,16.8256,17.0776,17.1442,16.8785,16.4887,16.2159,15.2138,16.3233,16.4624,16.6149,16.6984,16.6587,16.6951,16.1739,15.4654,14.9713,13.1154,13.782
Polynesia,Manure applied to Soils,Emissions (CO2eq) (AR5),kilotonnes,16.1834,17.1093,16.925,16.8256,17.0776,17.1442,16.8785,16.4887,16.2159,15.2138,16.3233,16.4624,16.6149,16.6984,16.6587,16.6951,16.1739,15.4654,14.9713,13.1154,13.782
Polynesia,Synthetic Fertilizers,Direct emissions (N2O),kilotonnes,0.0079,0.006,0.0064,0.0056,0.0064,0.0051,0.0056,0.0055,0.0094,0.0064,0.006,0.0058,0.005,0.0053,0.0045,0.0066,0.0065,0.0081,0.0052,0.0079,0.0066
Polynesia,Synthetic Fertilizers,Indirect emissions (N2O),kilotonnes,0.0026,0.0019,0.0021,0.0018,0.0021,0.0017,0.0018,0.0018,0.0031,0.0021,0.0019,0.0019,0.0016,0.0017,0.0015,0.0022,0.0021,0.0026,0.0017,0.0026,0.0022
Polynesia,Synthetic Fertilizers,Emissions (N2O),kilotonnes,0.0104,0.0079,0.0085,0.0074,0.0085,0.0067,0.0074,0.0073,0.0124,0.0085,0.0079,0.0076,0.0066,0.007,0.006,0.0088,0.0086,0.0107,0.0069,0.0105,0.0088
Polynesia,Synthetic Fertilizers,Emissions (CO2eq) from N2O (AR5),kilotonnes,2.7588,2.1022,2.2402,1.9698,2.2567,1.7877,1.9698,1.9477,3.2957,2.2473,2.1053,2.0261,1.7534,1.8539,1.5865,2.3285,2.2914,2.8293,1.8357,2.7887,2.3342
Polynesia,Synthetic Fertilizers,Emissions (CO2eq) (AR5),kilotonnes,2.7588,2.1022,2.2402,1.9698,2.2567,1.7877,1.9698,1.9477,3.2957,2.2473,2.1053,2.0261,1.7534,1.8539,1.5865,2.3285,2.2914,2.8293,1.8357,2.7887,2.3342
Polynesia,Drained organic soils,Emissions (CO2eq) (AR5),kilotonnes,0,0,0,0,0,0,0,0,0,0,0,0,0,0,0,0,0,0,0,0,0
Polynesia,Drained organic soils (CO2),Emissions (CO2),kilotonnes,0,0,0,0,0,0,0,0,0,0,0,0,0,0,0,0,0,0,0,0,0
Polynesia,Drained organic soils (CO2),Emissions (CO2eq) (AR5),kilotonnes,0,0,0,0,0,0,0,0,0,0,0,0,0,0,0,0,0,0,0,0,0
Polynesia,Drained organic soils (N2O),Emissions (N2O),kilotonnes,0,0,0,0,0,0,0,0,0,0,0,0,0,0,0,0,0,0,0,0,0
Polynesia,Drained organic soils (N2O),Emissions (CO2eq) from N2O (AR5),kilotonnes,0,0,0,0,0,0,0,0,0,0,0,0,0,0,0,0,0,0,0,0,0
Polynesia,Drained organic soils (N2O),Emissions (CO2eq) (AR5),kilotonnes,0,0,0,0,0,0,0,0,0,0,0,0,0,0,0,0,0,0,0,0,0
Polynesia,On-farm energy use,Emissions (CH4),kilotonnes,0.0024,0.0042,0.0066,0.0062,0.007,0.0076,0.0083,0.0097,0.0096,0.0101,0.0119,0.0123,0.0128,0.0155,0.015,0.0152,0.0139,0.0144,0.0149,0.0149,0.0149
Polynesia,On-farm energy use,Emissions (N2O),kilotonnes,0.0011,0.0013,0.0015,0.0014,0.0015,0.0016,0.0016,0.0017,0.0015,0.0016,0.0018,0.0016,0.0015,0.0014,0.0011,0.0011,0.001,0.0011,0.0011,0.0012,0.0012
Polynesia,On-farm energy use,Emissions (CO2),kilotonnes,24.2783,28.1959,30.0179,32.0355,40.5515,48.4333,56.3315,73.7096,78.4521,79.8575,102.7787,107.2602,114.7773,132.8066,130.0225,132.0893,132.8286,139.7609,145.4813,149.787,149.787
Polynesia,On-farm energy use,Emissions (CO2eq) from CH4 (AR5),kilotonnes,0.0684,0.1182,0.1854,0.1736,0.1971,0.2125,0.2311,0.2707,0.2693,0.2828,0.3336,0.345,0.3585,0.4354,0.4186,0.4248,0.3898,0.4032,0.4162,0.4184,0.4184
Polynesia,On-farm energy use,Emissions (CO2eq) from N2O (AR5),kilotonnes,0.2981,0.3512,0.4039,0.3655,0.4015,0.4128,0.4192,0.4637,0.4087,0.4258,0.4682,0.4149,0.4098,0.3624,0.3012,0.3039,0.2601,0.3021,0.3046,0.3058,0.3058
Polynesia,On-farm energy use,Emissions (CO2eq) (AR5),kilotonnes,24.6449,28.6653,30.6071,32.5746,41.1502,49.0586,56.9818,74.444,79.1301,80.5661,103.5805,108.0201,115.5456,133.6043,130.7423,132.818,133.4786,140.4662,146.2021,150.5112,150.5112
Polynesia,Forestland,Emissions (CO2),kilotonnes,-199.445,-82.1325,-82.1325,-82.1325,-82.1325,-82.1325,-82.1325,-82.1325,-82.1325,-82.1325,-82.1325,-51.3996,-51.3996,-51.3996,-51.3996,-51.3996,-53.4951,-53.4951,-53.4951,-53.4951,-53.4951
Polynesia,Forestland,Emissions (CO2eq) (AR5),kilotonnes,-199.445,-82.1325,-82.1325,-82.1325,-82.1325,-82.1325,-82.1325,-82.1325,-82.1325,-82.1325,-82.1325,-51.3996,-51.3996,-51.3996,-51.3996,-51.3996,-53.4951,-53.4951,-53.4951,-53.4951,-53.4951
Polynesia,Net Forest conversion,Emissions (CO2),kilotonnes,120.9079,119.9341,119.9341,119.9341,119.9341,119.9341,119.9341,119.9341,119.9341,119.9341,119.9341,119.7049,119.7049,119.7049,119.7049,119.7049,113.4881,113.4881,113.4881,113.4881,113.4881
Polynesia,Net Forest conversion,Emissions (CO2eq) (AR5),kilotonnes,120.9079,119.9341,119.9341,119.9341,119.9341,119.9341,119.9341,119.9341,119.9341,119.9341,119.9341,119.7049,119.7049,119.7049,119.7049,119.7049,113.4881,113.4881,113.4881,113.4881,113.4881
Polynesia,Savanna fires,Emissions (CH4),kilotonnes,0,0,0,0,0,0,0,0,0,0,0,0,0,0,0,0,0,0,0,0,0
Polynesia,Savanna fires,Emissions (N2O),kilotonnes,0,0,0,0,0,0,0,0,0,0,0,0,0,0,0,0,0,0,0,0,0
Polynesia,Savanna fires,Emissions (CO2eq) from CH4 (AR5),kilotonnes,0,0,0,0,0,0,0,0,0,0,0,0,0,0,0,0,0,0,0,0,0
Polynesia,Savanna fires,Emissions (CO2eq) from N2O (AR5),kilotonnes,0,0,0,0,0,0,0,0,0,0,0,0,0,0,0,0,0,0,0,0,0
Polynesia,Savanna fires,Emissions (CO2eq) (AR5),kilotonnes,0,0,0,0,0,0,0,0,0,0,0,0,0,0,0,0,0,0,0,0,0
Polynesia,Fires in organic soils,Emissions (CH4),kilotonnes,0,0,0,0,0,0,0,0,0,0,0,0,0,0,0,0,0,0,0,0,0
Polynesia,Fires in organic soils,Emissions (CO2),kilotonnes,0,0,0,0,0,0,0,0,0,0,0,0,0,0,0,0,0,0,0,0,0
Polynesia,Fires in organic soils,Emissions (CO2eq) from CH4 (AR5),kilotonnes,0,0,0,0,0,0,0,0,0,0,0,0,0,0,0,0,0,0,0,0,0
Polynesia,Fires in organic soils,Emissions (CO2eq) (AR5),kilotonnes,0,0,0,0,0,0,0,0,0,0,0,0,0,0,0,0,0,0,0,0,0
Polynesia,Forest fires,Emissions (CH4),kilotonnes,0.0129,0,0,0,0,0,0,0,0,0,0,0.1091,0,0,0,0,0,0,0,0,0
Polynesia,Forest fires,Emissions (N2O),kilotonnes,0.0004,0,0,0,0,0,0,0,0,0,0,0.01,0,0,0,0,0,0,0,0,0
Polynesia,Forest fires,Emissions (CO2eq) from CH4 (AR5),kilotonnes,0.3601,0,0,0,0,0,0,0,0,0,0,3.0549,0,0,0,0,0,0,0,0,0
Polynesia,Forest fires,Emissions (CO2eq) from N2O (AR5),kilotonnes,0.1002,0,0,0,0,0,0,0,0,0,0,2.6398,0,0,0,0,0,0,0,0,0
Polynesia,Forest fires,Emissions (CO2eq) (AR5),kilotonnes,0.4602,0,0,0,0,0,0,0,0,0,0,5.6948,0,0,0,0,0,0,0,0,0
Polynesia,Fires in humid tropical forests,Emissions (CH4),kilotonnes,0.0129,0,0,0,0,0,0,0,0,0,0,0.1091,0,0,0,0,0,0,0,0,0
Polynesia,Fires in humid tropical forests,Emissions (N2O),kilotonnes,0.0004,0,0,0,0,0,0,0,0,0,0,0.01,0,0,0,0,0,0,0,0,0
Polynesia,Fires in humid tropical forests,Emissions (CO2eq) from CH4 (AR5),kilotonnes,0.3601,0,0,0,0,0,0,0,0,0,0,3.0549,0,0,0,0,0,0,0,0,0
Polynesia,Fires in humid tropical forests,Emissions (CO2eq) from N2O (AR5),kilotonnes,0.1002,0,0,0,0,0,0,0,0,0,0,2.6398,0,0,0,0,0,0,0,0,0
Polynesia,Fires in humid tropical forests,Emissions (CO2eq) (AR5),kilotonnes,0.4602,0,0,0,0,0,0,0,0,0,0,5.6948,0,0,0,0,0,0,0,0,0
Polynesia,Waste - agri-food systems,Emissions (CH4),kilotonnes,0.7884,0.7809,0.7894,0.7959,0.803,0.8092,0.8145,0.8174,0.8201,0.8219,0.8255,0.8291,0.8322,0.8348,0.8259,0.8994,0.9613,1.0236,1.086,1.1519,1.2182
Polynesia,Waste - agri-food systems,Emissions (N2O),kilotonnes,0.0126,0.013,0.0133,0.0135,0.0137,0.0139,0.0137,0.0143,0.0143,0.0143,0.0144,0.0145,0.015,0.0149,0.015,0.0151,0.0152,0.0153,0.0154,0.0155,0.0156
Polynesia,Waste - agri-food systems,Emissions (CO2),kilotonnes,0,0,0,0,0,0,0,0,0,0,0,0,0,0,0,0,0,0,0,0,0
Polynesia,Waste - agri-food systems,Emissions (CO2eq) from CH4 (AR5),kilotonnes,22.0744,21.8652,22.1046,22.2854,22.4841,22.6563,22.8052,22.8881,22.9641,23.0119,23.1137,23.2152,23.3003,23.3754,23.1253,25.1836,26.9176,28.6605,30.4076,32.2536,34.1097
Polynesia,Waste - agri-food systems,Emissions (CO2eq) from N2O (AR5),kilotonnes,3.3426,3.4341,3.5189,3.5827,3.6216,3.6872,3.6262,3.8011,3.7873,3.7844,3.8225,3.8418,3.9851,3.9451,3.9713,3.9974,4.0284,4.066,4.0862,4.115,4.1466
Polynesia,Waste - agri-food systems,Emissions (CO2eq) (AR5),kilotonnes,25.417,25.2993,25.6234,25.8682,26.1057,26.3435,26.4314,26.6892,26.7514,26.7962,26.9362,27.057,27.2854,27.3205,27.0966,29.181,30.946,32.7265,34.4938,36.3686,38.2563
Polynesia,On-farm electricity use,Emissions (CH4),kilotonnes,0,0,0,0,0,0,0,0,0,0,0,0,0,0,0,0,0,0,0,0,0
Polynesia,On-farm electricity use,Emissions (N2O),kilotonnes,0,0,0,0,0,0,0,0,0,0,0,0,0,0,0,0,0,0,0,0,0
Polynesia,On-farm electricity use,Emissions (CO2),kilotonnes,0,0,0,0,0,0,0,0,0,0,0,0,0,0,0,0,0,0,0,0,0
Polynesia,On-farm electricity use,Emissions (CO2eq) from CH4 (AR5),kilotonnes,0,0,0,0,0,0,0,0,0,0,0,0,0,0,0,0,0,0,0,0,0
Polynesia,On-farm electricity use,Emissions (CO2eq) from N2O (AR5),kilotonnes,0,0,0,0,0,0,0,0,0,0,0,0,0,0,0,0,0,0,0,0,0
Polynesia,On-farm electricity use,Emissions (CO2eq) (AR5),kilotonnes,0,0,0,0,0,0,0,0,0,0,0,0,0,0,0,0,0,0,0,0,0
Polynesia,Food Processing,Emissions (CH4),kilotonnes,0.0058,0.0058,0.0061,0.0062,0.0068,0.0073,0.0068,0.0068,0.0065,0.0065,0.0061,0.0068,0.0061,0.0067,0.007,0.008,0.0081,0.0088,0.0095,0.0092,0.0092
Polynesia,Food Processing,Emissions (N2O),kilotonnes,0,0.0001,0,0,0,0,0,0,0.0001,0.0002,0.0003,0.0004,0.0004,0.0004,0.0004,0.0005,0.0004,0.0004,0.0004,0.0005,0.0005
Polynesia,Food Processing,Emissions (CO2),kilotonnes,8.4334,8.3173,8.0061,9.1131,9.1071,10.3988,9.9611,9.932,9.888,19.8079,23.0319,23.3103,21.4031,22.5827,26.8807,30.1556,30.606,31.5857,34.0906,46.0153,45.729
Polynesia,Food Processing,Emissions (CO2eq) from CH4 (AR5),kilotonnes,0.1624,0.1624,0.1708,0.1736,0.1904,0.2044,0.1904,0.1904,0.182,0.182,0.1708,0.1904,0.1708,0.1876,0.196,0.224,0.2268,0.2464,0.266,0.2576,0.2588
Polynesia,Food Processing,Emissions (CO2eq) from N2O (AR5),kilotonnes,0,0.0265,0,0,0,0,0,0,0.0265,0.053,0.0795,0.106,0.106,0.106,0.106,0.1325,0.106,0.106,0.106,0.1325,0.1378
Polynesia,Food Processing,Emissions (CO2eq) (AR5),kilotonnes,8.5958,8.5062,8.1769,9.2867,9.2975,10.6032,10.1515,10.1224,10.0965,20.0429,23.2822,23.6067,21.6799,22.8763,27.1827,30.5121,30.9388,31.9381,34.4626,46.4054,46.1256
Polynesia,Food Packaging,Emissions (CH4),kilotonnes,0.0001,0.0001,0.0001,0.0001,0.0001,0.0001,0.0001,0.0001,0.0001,0.0001,0,0,0.0001,0.0001,0.0001,0.0001,0.0001,0.0001,0.0001,0.0001,0.0001
Polynesia,Food Packaging,Emissions (N2O),kilotonnes,0,0,0,0,0,0,0,0,0,0,0,0,0,0,0,0,0,0,0,0,0
Polynesia,Food Packaging,Emissions (CO2),kilotonnes,0.5428,0.4899,0.5536,0.4331,0.4228,0.3276,0.3509,0.337,0.3746,0.4061,0.4184,0.4022,0.4477,0.5129,0.679,0.6391,0.7207,0.7342,0.9641,0.5858,0.5822
Polynesia,Food Packaging,Emissions (CO2eq) from CH4 (AR5),kilotonnes,0.0028,0.0028,0.0028,0.0028,0.0028,0.0028,0.0028,0.0028,0.0028,0.0028,0,0,0.0028,0.0028,0.0028,0.0028,0.0028,0.0028,0.0028,0.0028,0.0028
Polynesia,Food Packaging,Emissions (CO2eq) from N2O (AR5),kilotonnes,0,0,0,0,0,0,0,0,0,0,0,0,0,0,0,0,0,0,0,0,0
Polynesia,Food Packaging,Emissions (CO2eq) (AR5),kilotonnes,0.5456,0.4927,0.5564,0.4359,0.4256,0.3304,0.3537,0.3398,0.3774,0.4089,0.4184,0.4022,0.4505,0.5157,0.6818,0.6419,0.7235,0.737,0.9669,0.5886,0.585
Polynesia,Food Retail,Emissions (CH4),kilotonnes,0.0109,0.0116,0.0126,0.0131,0.0128,0.0137,0.014,0.0135,0.0129,0.0128,0.0125,0.0132,0.0138,0.0144,0.0159,0.0166,0.0184,0.0194,0.02,0.0189,0.019
Polynesia,Food Retail,Emissions (N2O),kilotonnes,0,0,0.0001,0.0001,0.0001,0.0001,0.0001,0.0001,0.0001,0.0001,0.0001,0.0001,0.0001,0.0001,0.0001,0.0001,0.0001,0.0001,0.0001,0.0001,0.0001
Polynesia,Food Retail,Emissions (CO2),kilotonnes,4.5616,4.8925,5.5125,5.8829,5.7146,6.3226,6.5896,6.3779,6.0359,5.8096,5.6814,5.9896,6.3713,6.668,7.5339,8.4973,9.6876,10.1476,10.4008,9.3973,9.342
Polynesia,Food Retail,Emissions (CO2eq) from CH4 (AR5),kilotonnes,0.3042,0.3253,0.3524,0.3681,0.3582,0.3838,0.3931,0.3769,0.3624,0.3584,0.35,0.3696,0.3864,0.4032,0.4452,0.4648,0.5152,0.5432,0.56,0.5292,0.5317
Polynesia,Food Retail,Emissions (CO2eq) from N2O (AR5),kilotonnes,0,0,0.0265,0.0265,0.0265,0.0265,0.0265,0.0265,0.0265,0.0265,0.0265,0.0265,0.0265,0.0265,0.0265,0.0265,0.0265,0.0265,0.0265,0.0265,0.0276
Polynesia,Food Retail,Emissions (CO2eq) (AR5),kilotonnes,4.8658,5.2178,5.8914,6.2775,6.0993,6.7329,7.0092,6.7813,6.4249,6.1945,6.0579,6.3857,6.7842,7.0977,8.0056,8.9886,10.2293,10.7173,10.9873,9.953,9.9013
Polynesia,Food Household Consumption,Emissions (CH4),kilotonnes,0.0038,0.004,0.0037,0.0039,0.0038,0.0045,0.0044,0.0043,0.0047,0.0068,0.0067,0.0068,0.0068,0.0071,0.0076,0.0081,0.0097,0.0097,0.0096,0.0098,0.0099
Polynesia,Food Household Consumption,Emissions (N2O),kilotonnes,0,0,0,0,0,0,0,0,0,0,0,0,0,0,0,0,0,0,0,0,0
Polynesia,Food Household Consumption,Emissions (CO2),kilotonnes,3.9617,3.3597,3.2932,3.7459,4.0659,3.4202,3.9404,3.6493,3.7427,5.1838,4.6982,4.1873,4.1799,4.3279,4.6383,5.2565,6.207,6.2189,6.2934,6.4031,6.3657
Polynesia,Food Household Consumption,Emissions (CO2eq) from CH4 (AR5),kilotonnes,0.1064,0.112,0.1036,0.1092,0.1064,0.126,0.1232,0.1204,0.1316,0.1904,0.1876,0.1904,0.1904,0.1988,0.2128,0.2268,0.2716,0.2716,0.2688,0.2744,0.2758
Polynesia,Food Household Consumption,Emissions (CO2eq) from N2O (AR5),kilotonnes,0,0,0,0,0,0,0,0,0,0,0,0,0,0,0,0,0,0,0,0,0
Polynesia,Food Household Consumption,Emissions (CO2eq) (AR5),kilotonnes,4.0681,3.4717,3.3968,3.8551,4.1723,3.5462,4.0636,3.7697,3.8743,5.3742,4.8858,4.3777,4.3703,4.5267,4.8511,5.4833,6.4786,6.4905,6.5622,6.6775,6.6415
Polynesia,Food Transport,Emissions (CH4),kilotonnes,0.001,0.0009,0.0007,0.0008,0.0006,0.0006,0.0006,0.0006,0.001,0.0012,0.0013,0.0019,0.0015,0.0015,0.0014,0.0017,0.0014,0.0015,0.0016,0.0011,0.0011
Polynesia,Food Transport,Emissions (N2O),kilotonnes,0.0004,0.0004,0.0003,0.0003,0.0003,0.0004,0.0004,0.0004,0.0006,0.0006,0.0006,0.001,0.0008,0.0007,0.0007,0.0008,0.0007,0.0008,0.0008,0.0008,0.0008
Polynesia,Food Transport,Emissions (CO2),kilotonnes,7.9833,7.4683,6.7492,7.6396,7.7374,9.3195,10.3784,7.7338,11.6427,14.2814,17.2923,27.534,26.0605,22.9435,22.4253,29.4869,25.7541,26.9156,27.6324,26.2508,26.0876
Polynesia,Food Transport,Emissions (CO2eq) from CH4 (AR5),kilotonnes,0.028,0.0252,0.0196,0.0224,0.0168,0.0168,0.0168,0.0168,0.028,0.0336,0.0364,0.0532,0.042,0.042,0.0392,0.0476,0.0392,0.042,0.0448,0.0308,0.031
Polynesia,Food Transport,Emissions (CO2eq) from N2O (AR5),kilotonnes,0.106,0.106,0.0795,0.0795,0.0795,0.106,0.106,0.106,0.159,0.159,0.159,0.265,0.212,0.1855,0.1855,0.212,0.1855,0.212,0.212,0.212,0.2204
Polynesia,Food Transport,Emissions (CO2eq) (AR5),kilotonnes,8.1173,7.5995,6.8483,7.7415,7.8337,9.4423,10.5012,7.8566,11.8297,14.474,17.4877,27.8522,26.3145,23.171,22.65,29.7465,25.9788,27.1696,27.8892,26.4936,26.339
Polynesia,Energy,Emissions (CH4),kilotonnes,0.2499,0.2492,0.2529,0.2535,0.2525,0.2539,0.2534,0.2518,0.2509,0.2545,0.2502,0.2743,0.2724,0.2628,0.2566,0.2667,0.2617,0.2679,0.2684,0.27,0.2713
Polynesia,Energy,Emissions (N2O),kilotonnes,0.008,0.0081,0.0075,0.008,0.0079,0.0088,0.0088,0.0079,0.0093,0.0098,0.01,0.0179,0.0159,0.0157,0.0139,0.0168,0.0156,0.0162,0.0166,0.0186,0.0194
Polynesia,Energy,Emissions (CO2),kilotonnes,300.66,282.66,290.33,314.97,322.37,344.67,351.7,348.37,367.03,377.67,366.3,378.36,384.63,392.63,411,436.63,454.63,542.03,573.06,625.78,621.91
Polynesia,Energy,Emissions (CO2eq) from CH4 (AR5),kilotonnes,6.9979,6.9763,7.0807,7.0979,7.0711,7.108,7.0957,7.0509,7.026,7.1248,7.0055,7.6792,7.6274,7.3572,7.1847,7.4681,7.3288,7.5024,7.516,7.5609,7.5965
Polynesia,Energy,Emissions (CO2eq) from N2O (AR5),kilotonnes,2.1264,2.1468,1.9923,2.1192,2.0956,2.332,2.3373,2.098,2.4513,2.605,2.6606,4.7541,4.2188,4.1579,3.6756,4.452,4.1287,4.2851,4.399,4.9317,5.1278
Polynesia,Energy,Emissions (CO2eq) (AR5),kilotonnes,309.7843,291.7831,299.403,324.1872,331.5367,354.11,361.133,357.5189,376.5072,387.3998,375.9662,390.7933,396.4762,404.1451,421.8603,448.5501,466.0876,553.8175,584.9751,638.2726,634.6343
Polynesia,IPPU,Emissions (N2O),kilotonnes,0.0061,0.0061,0.0062,0.0062,0.0063,0.0063,0.0064,0.0064,0.0064,0.0065,0.0065,0.0065,0.0066,0.0066,0.0066,0.0067,0.0067,0.0068,0.0068,0.0068,0.0069
Polynesia,IPPU,Emissions (CO2),kilotonnes,2.0856,1.9766,1.8868,1.9375,2.0335,2.1242,2.2002,2.1171,2.0797,2.0376,1.9965,2.009,2.055,2.051,2.0829,2.2958,2.4619,2.6888,2.8137,2.5129,2.5529
Polynesia,IPPU,Emissions (CO2eq) from N2O (AR5),kilotonnes,1.6194,1.629,1.6396,1.6533,1.6637,1.6761,1.6873,1.6949,1.7069,1.7138,1.7228,1.7326,1.7421,1.7495,1.7596,1.7726,1.7835,1.7972,1.8084,1.8137,1.8237
Polynesia,IPPU,Emissions (CO2eq) (AR5),kilotonnes,3.705,3.6056,3.5264,3.5908,3.6972,3.8003,3.8875,3.812,3.7866,3.7514,3.7193,3.7416,3.7971,3.8005,3.8425,4.0684,4.2454,4.486,4.6221,4.3266,4.3766
Polynesia,Waste,Emissions (CH4),kilotonnes,2.5079,2.535,2.5639,2.5892,2.6032,2.6278,2.6456,2.6495,2.6724,2.6824,2.7035,2.7256,2.7366,2.7347,2.7458,2.767,2.7891,2.8112,2.8233,2.8331,2.8531
Polynesia,Waste,Emissions (N2O),kilotonnes,0.0984,0.0986,0.0989,0.0996,0.1006,0.1019,0.1037,0.0993,0.099,0.0989,0.0989,0.0986,0.0987,0.0985,0.0984,0.0981,0.0977,0.0976,0.0973,0.0973,0.0971
Polynesia,Waste,Emissions (CO2eq) from CH4 (AR5),kilotonnes,70.2206,70.9803,71.7881,72.499,72.8885,73.5795,74.0776,74.1868,74.8283,75.1078,75.698,76.3154,76.6251,76.5716,76.8835,77.4763,78.0956,78.7136,79.0521,79.3254,79.8865
Polynesia,Waste,Emissions (CO2eq) from N2O (AR5),kilotonnes,26.0786,26.1157,26.2085,26.3861,26.6457,27.0141,27.4779,26.3198,26.2403,26.2165,26.2005,26.1317,26.1582,26.1025,26.076,25.9965,25.8905,25.864,25.7845,25.7845,25.7315
Polynesia,Waste,Emissions (CO2eq) (AR5),kilotonnes,96.2993,97.096,97.9966,98.885,99.5342,100.5936,101.5555,100.5066,101.0686,101.3242,101.8986,102.4471,102.7832,102.6741,102.9595,103.4728,103.9861,104.5776,104.8366,105.1099,105.618
Polynesia,Other,Emissions (N2O),kilotonnes,0.0123,0.0134,0.0135,0.0149,0.0152,0.0171,0.0165,0.0146,0.0137,0.0132,0.0132,0.0143,0.0139,0.014,0.0154,0.0186,0.0179,0.0186,0.0191,0.0176,0.0178
Polynesia,Other,Emissions (CO2eq) from N2O (AR5),kilotonnes,3.2675,3.5405,3.5749,3.9592,4.0307,4.5422,4.3752,3.8638,3.6332,3.4928,3.4875,3.7975,3.6703,3.718,4.089,4.9158,4.7356,4.9211,5.0695,4.6535,4.7171
Polynesia,Other,Emissions (CO2eq) (AR5),kilotonnes,3.2675,3.5405,3.5749,3.9592,4.0307,4.5422,4.3752,3.8638,3.6332,3.4928,3.4875,3.7975,3.6703,3.718,4.089,4.9158,4.7356,4.9211,5.0695,4.6535,4.7171
Polynesia,Farm-gate emissions,Emissions (CH4),kilotonnes,8.9526,9.1485,8.9504,9.0628,9.2805,9.1467,9.1115,8.937,8.8402,9.041,9.4752,9.7206,9.9087,10.0259,10.0535,10.4558,9.8184,9.4714,9.6327,8.079,8.8458
Polynesia,Farm-gate emissions,Direct emissions (N2O),kilotonnes,0.1544,0.1506,0.1466,0.1506,0.1555,0.1504,0.1505,0.1496,0.1527,0.1627,0.1697,0.1762,0.1801,0.1831,0.1832,0.1983,0.1839,0.1809,0.1876,0.1592,0.1766
Polynesia,Farm-gate emissions,Indirect emissions (N2O),kilotonnes,0.0461,0.0456,0.0447,0.0454,0.0466,0.0454,0.0454,0.045,0.0459,0.0471,0.0492,0.0506,0.0515,0.0522,0.0521,0.0556,0.0523,0.0514,0.0522,0.0455,0.0494
Polynesia,Farm-gate emissions,Emissions (N2O),kilotonnes,0.2544,0.2528,0.2472,0.2518,0.2591,0.2526,0.2522,0.2497,0.2528,0.2625,0.275,0.2835,0.2891,0.2931,0.2927,0.3124,0.2917,0.2856,0.2925,0.2497,0.2742
Polynesia,Farm-gate emissions,Emissions (CO2),kilotonnes,24.2783,28.1959,30.0179,32.0355,40.5515,48.4333,56.3315,73.7096,78.4521,79.8575,102.7787,107.2602,114.7773,132.8066,130.0225,132.0893,132.8286,139.7609,145.4813,149.787,149.787
Polynesia,Farm-gate emissions,Emissions (CO2eq) from CH4 (AR5),kilotonnes,250.6715,256.1569,250.6122,253.7597,259.8534,256.1066,255.1214,250.2351,247.5245,253.1485,265.3053,272.1779,277.4444,280.7255,281.4978,292.7635,274.9164,265.1986,269.7154,226.2122,247.6837
Polynesia,Farm-gate emissions,Emissions (CO2eq) from N2O (AR5),kilotonnes,67.4258,67.0002,65.509,66.7324,68.6685,66.9441,66.8318,66.1779,66.9839,69.5603,72.8695,75.1343,76.5988,77.6616,77.5651,82.7752,77.2931,75.6913,77.5183,66.1629,72.6554
Polynesia,Farm-gate emissions,Emissions (CO2eq) (AR5),kilotonnes,342.3756,351.3529,346.1391,352.5275,369.0734,371.484,378.2847,390.1226,392.9606,402.5663,440.9534,454.5724,468.8205,491.1937,489.0854,507.628,485.0381,480.6508,492.7149,442.1621,470.126
Polynesia,Land Use change,Emissions (CH4),kilotonnes,0.0129,0,0,0,0,0,0,0,0,0,0,0.1091,0,0,0,0,0,0,0,0,0
Polynesia,Land Use change,Emissions (N2O),kilotonnes,0.0004,0,0,0,0,0,0,0,0,0,0,0.01,0,0,0,0,0,0,0,0,0
Polynesia,Land Use change,Emissions (CO2),kilotonnes,120.9079,119.9341,119.9341,119.9341,119.9341,119.9341,119.9341,119.9341,119.9341,119.9341,119.9341,119.7049,119.7049,119.7049,119.7049,119.7049,113.4881,113.4881,113.4881,113.4881,113.4881
Polynesia,Land Use change,Emissions (CO2eq) from CH4 (AR5),kilotonnes,0.3601,0,0,0,0,0,0,0,0,0,0,3.0549,0,0,0,0,0,0,0,0,0
Polynesia,Land Use change,Emissions (CO2eq) from N2O (AR5),kilotonnes,0.1002,0,0,0,0,0,0,0,0,0,0,2.6398,0,0,0,0,0,0,0,0,0
Polynesia,Land Use change,Emissions (CO2eq) (AR5),kilotonnes,121.3681,119.9341,119.9341,119.9341,119.9341,119.9341,119.9341,119.9341,119.9341,119.9341,119.9341,125.3997,119.7049,119.7049,119.7049,119.7049,113.4881,113.4881,113.4881,113.4881,113.4881
Polynesia,Emissions on agricultural land,Emissions (CH4),kilotonnes,8.9654,9.1485,8.9504,9.0628,9.2805,9.1467,9.1115,8.937,8.8402,9.041,9.4752,9.8297,9.9087,10.0259,10.0535,10.4558,9.8184,9.4714,9.6327,8.079,8.8458
Polynesia,Emissions on agricultural land,Emissions (N2O),kilotonnes,0.2548,0.2528,0.2472,0.2518,0.2591,0.2526,0.2522,0.2497,0.2528,0.2625,0.275,0.2935,0.2891,0.2931,0.2927,0.3124,0.2917,0.2856,0.2925,0.2497,0.2742
Polynesia,Emissions on agricultural land,Emissions (CO2),kilotonnes,145.1862,148.13,149.952,151.9696,160.4856,168.3674,176.2656,193.6437,198.3862,199.7916,222.7128,226.9651,234.4823,252.5115,249.7274,251.7943,246.3167,253.249,258.9694,263.2751,263.2751
Polynesia,Emissions on agricultural land,Emissions (CO2eq) from CH4 (AR5),kilotonnes,251.0315,256.1569,250.6122,253.7597,259.8534,256.1066,255.1214,250.2351,247.5245,253.1485,265.3053,275.2329,277.4444,280.7255,281.4978,292.7635,274.9164,265.1986,269.7154,226.2122,247.6837
Polynesia,Emissions on agricultural land,Emissions (CO2eq) from N2O (AR5),kilotonnes,67.5259,67.0002,65.509,66.7324,68.6685,66.9441,66.8318,66.1779,66.9839,69.5603,72.8695,77.7741,76.5988,77.6616,77.5651,82.7752,77.2931,75.6913,77.5183,66.1629,72.6554
Polynesia,Emissions on agricultural land,Emissions (CO2eq) (AR5),kilotonnes,463.7437,471.287,466.0732,472.4616,489.0075,491.4181,498.2188,510.0567,512.8947,522.5004,560.8875,579.9721,588.5254,610.8986,608.7903,627.3329,598.5262,594.1389,606.203,555.6502,583.6141
Polynesia,Pre- and post- production,Emissions (CH4),kilotonnes,0.8099,0.8033,0.8126,0.8201,0.8271,0.8354,0.8404,0.8427,0.8454,0.8493,0.8521,0.8578,0.8605,0.8646,0.8579,0.9339,0.999,1.0631,1.1268,1.191,1.2575
Polynesia,Pre- and post- production,Emissions (N2O),kilotonnes,0.013,0.0135,0.0137,0.0139,0.0141,0.0144,0.0142,0.0148,0.0151,0.0152,0.0154,0.016,0.0163,0.0161,0.0162,0.0165,0.0164,0.0166,0.0167,0.0169,0.0171
Polynesia,Pre- and post- production,Emissions (CO2),kilotonnes,25.4828,24.5277,24.1146,26.8146,27.0479,29.7887,31.2204,28.03,31.6839,45.4888,51.1222,61.4234,58.4625,57.035,62.1572,74.0354,72.9754,75.602,79.3813,88.6523,88.1065
Polynesia,Pre- and post- production,Emissions (CO2eq) from CH4 (AR5),kilotonnes,22.6782,22.4929,22.7537,22.9616,23.1587,23.3901,23.5315,23.5953,23.6709,23.7791,23.8585,24.0188,24.0927,24.2098,24.0213,26.1496,27.9732,29.7665,31.55,33.3484,35.2098
Polynesia,Pre- and post- production,Emissions (CO2eq) from N2O (AR5),kilotonnes,3.4486,3.5666,3.6249,3.6887,3.7276,3.8197,3.7587,3.9336,3.9993,4.0229,4.0875,4.2393,4.3296,4.2631,4.2893,4.3684,4.3464,4.4105,4.4307,4.486,4.5324
Polynesia,Pre- and post- production,Emissions (CO2eq) (AR5),kilotonnes,51.6095,50.5872,50.4932,53.4649,53.9342,56.9985,58.5106,55.559,59.3542,73.2907,79.0682,89.6815,86.8848,85.5079,90.4678,104.5534,105.295,109.779,115.362,126.4867,127.8487
Polynesia,Agri-food systems,Emissions (CH4),kilotonnes,9.7753,9.9518,9.7631,9.8829,10.1076,9.982,9.9519,9.7797,9.6855,9.8903,10.3273,10.6876,10.7692,10.8905,10.9114,11.3898,10.8175,10.5345,10.7595,9.27,10.1033
Polynesia,Agri-food systems,Emissions (N2O),kilotonnes,0.2678,0.2663,0.2609,0.2657,0.2732,0.267,0.2664,0.2646,0.2679,0.2777,0.2904,0.3095,0.3054,0.3091,0.3089,0.3288,0.3081,0.3023,0.3092,0.2666,0.2913
Polynesia,Agri-food systems,Emissions (CO2),kilotonnes,170.669,172.6577,174.0666,178.7842,187.5335,198.1561,207.486,221.6737,230.0702,245.2804,273.835,288.3885,292.9448,309.5465,311.8846,325.8297,319.2921,328.851,338.3507,351.9274,351.3816
Polynesia,Agri-food systems,Emissions (CO2eq) from CH4 (AR5),kilotonnes,273.7098,278.6498,273.3659,276.7212,283.0121,279.4967,278.6529,273.8305,271.1954,276.9276,289.1638,299.2517,301.5371,304.9354,305.519,318.913,302.8896,294.9651,301.2654,259.5606,282.8935
Polynesia,Agri-food systems,Emissions (CO2eq) from N2O (AR5),kilotonnes,70.9745,70.5667,69.1339,70.4211,72.3961,70.7638,70.5905,70.1115,70.9833,73.5832,76.957,82.0134,80.9284,81.9247,81.8544,87.1436,81.6395,80.1018,81.949,70.6489,77.1877
Polynesia,Agri-food systems,Emissions (CO2eq) (AR5),kilotonnes,515.3533,521.8742,516.5664,525.9265,542.9417,548.4166,556.7294,565.6156,572.2488,595.7911,639.9557,669.6536,675.4103,696.4066,699.2581,731.8863,703.8212,703.9179,721.565,682.1369,711.4628
Polynesia,IPCC Agriculture,Emissions (CH4),kilotonnes,8.9501,9.1442,8.9438,9.0566,9.2734,9.1391,9.1032,8.9273,8.8305,9.0309,9.4633,9.7083,9.8959,10.0104,10.0385,10.4407,9.8045,9.457,9.6178,8.0641,8.8309
Polynesia,IPCC Agriculture,Direct emissions (N2O),kilotonnes,0.1544,0.1506,0.1466,0.1506,0.1555,0.1504,0.1505,0.1496,0.1527,0.1627,0.1697,0.1762,0.1801,0.1831,0.1832,0.1983,0.1839,0.1809,0.1876,0.1592,0.1766
Polynesia,IPCC Agriculture,Indirect emissions (N2O),kilotonnes,0.0461,0.0456,0.0447,0.0454,0.0466,0.0454,0.0454,0.045,0.0459,0.0471,0.0492,0.0506,0.0515,0.0522,0.0521,0.0556,0.0523,0.0514,0.0522,0.0455,0.0494
Polynesia,IPCC Agriculture,Emissions (N2O),kilotonnes,0.2533,0.2515,0.2457,0.2504,0.2576,0.2511,0.2506,0.248,0.2512,0.2609,0.2732,0.282,0.2875,0.2917,0.2916,0.3112,0.2907,0.2845,0.2914,0.2485,0.273
Polynesia,IPCC Agriculture,Emissions (CO2eq) from CH4 (AR5),kilotonnes,250.6031,256.0386,250.4268,253.5861,259.6563,255.8941,254.8903,249.9644,247.2552,252.8657,264.9717,271.833,277.0859,280.2901,281.0791,292.3387,274.5266,264.7954,269.2992,225.7938,247.2653
Polynesia,IPCC Agriculture,Emissions (CO2eq) from N2O (AR5),kilotonnes,67.1276,66.649,65.1051,66.3669,68.267,66.5313,66.4127,65.7142,66.5753,69.1345,72.4012,74.7193,76.189,77.2992,77.2639,82.4713,77.033,75.3892,77.2137,65.8571,72.3495
Polynesia,IPCC Agriculture,Emissions (CO2eq) (AR5),kilotonnes,317.7307,322.6876,315.5319,319.953,327.9232,322.4254,321.3029,315.6786,313.8305,322.0002,337.3729,346.5523,353.2749,357.5894,358.3431,374.81,351.5596,340.1846,346.5128,291.6509,319.6148
Polynesia,Agricultural Soils,Direct emissions (N2O),kilotonnes,0.1544,0.1506,0.1466,0.1506,0.1555,0.1504,0.1505,0.1496,0.1527,0.1627,0.1697,0.1762,0.1801,0.1831,0.1832,0.1983,0.1839,0.1809,0.1876,0.1592,0.1766
Polynesia,Agricultural Soils,Indirect emissions (N2O),kilotonnes,0.0461,0.0456,0.0447,0.0454,0.0466,0.0454,0.0454,0.045,0.0459,0.0471,0.0492,0.0506,0.0515,0.0522,0.0521,0.0556,0.0523,0.0514,0.0522,0.0455,0.0494
Polynesia,Agricultural Soils,Emissions (N2O),kilotonnes,0.2006,0.1962,0.1913,0.196,0.2021,0.1958,0.1959,0.1946,0.1987,0.2098,0.219,0.2268,0.2316,0.2353,0.2353,0.2539,0.2361,0.2322,0.2398,0.2046,0.2259
Polynesia,Agricultural Soils,Emissions (CO2eq) from N2O (AR5),kilotonnes,53.1467,52.0038,50.6829,51.9383,53.5685,51.8874,51.9113,51.5729,52.6457,55.6033,58.0295,60.1061,61.3789,62.3567,62.3532,67.2946,62.5734,61.5413,63.5465,54.2237,59.8744
Polynesia,Agricultural Soils,Emissions (CO2eq) (AR5),kilotonnes,53.1467,52.0038,50.6829,51.9383,53.5685,51.8874,51.9113,51.5729,52.6457,55.6033,58.0295,60.1061,61.3789,62.3567,62.3532,67.2946,62.5734,61.5413,63.5465,54.2237,59.8744
Polynesia,LULUCF,Emissions (CH4),kilotonnes,0.0129,0,0,0,0,0,0,0,0,0,0,0.1091,0,0,0,0,0,0,0,0,0
Polynesia,LULUCF,Emissions (N2O),kilotonnes,0.0004,0,0,0,0,0,0,0,0,0,0,0.01,0,0,0,0,0,0,0,0,0
Polynesia,LULUCF,Emissions (CO2),kilotonnes,-78.5371,37.8016,37.8016,37.8016,37.8016,37.8016,37.8016,37.8016,37.8016,37.8016,37.8016,68.3054,68.3054,68.3054,68.3054,68.3054,59.993,59.993,59.993,59.993,59.993
Polynesia,LULUCF,Emissions (CO2eq) from CH4 (AR5),kilotonnes,0.3601,0,0,0,0,0,0,0,0,0,0,3.0549,0,0,0,0,0,0,0,0,0
Polynesia,LULUCF,Emissions (CO2eq) from N2O (AR5),kilotonnes,0.1002,0,0,0,0,0,0,0,0,0,0,2.6398,0,0,0,0,0,0,0,0,0
Polynesia,LULUCF,Emissions (CO2eq) (AR5),kilotonnes,-78.0769,37.8016,37.8016,37.8016,37.8016,37.8016,37.8016,37.8016,37.8016,37.8016,37.8016,74.0001,68.3054,68.3054,68.3054,68.3054,59.993,59.993,59.993,59.993,59.993
Polynesia,AFOLU,Emissions (CH4),kilotonnes,8.963,9.1442,8.9438,9.0566,9.2734,9.1391,9.1032,8.9273,8.8305,9.0309,9.4633,9.8174,9.8959,10.0104,10.0385,10.4407,9.8045,9.457,9.6178,8.0641,8.8309
Polynesia,AFOLU,Emissions (N2O),kilotonnes,0.2537,0.2515,0.2457,0.2504,0.2576,0.2511,0.2506,0.248,0.2512,0.2609,0.2732,0.2919,0.2875,0.2917,0.2916,0.3112,0.2907,0.2845,0.2914,0.2485,0.273
Polynesia,AFOLU,Emissions (CO2),kilotonnes,-78.5371,37.8016,37.8016,37.8016,37.8016,37.8016,37.8016,37.8016,37.8016,37.8016,37.8016,68.3054,68.3054,68.3054,68.3054,68.3054,59.993,59.993,59.993,59.993,59.993
Polynesia,AFOLU,Emissions (CO2eq) from CH4 (AR5),kilotonnes,250.9632,256.0386,250.4268,253.5861,259.6563,255.8941,254.8903,249.9644,247.2552,252.8657,264.9717,274.8879,277.0859,280.2901,281.0791,292.3387,274.5266,264.7954,269.2992,225.7938,247.2653
Polynesia,AFOLU,Emissions (CO2eq) from N2O (AR5),kilotonnes,67.2278,66.649,65.1051,66.3669,68.267,66.5313,66.4127,65.7142,66.5753,69.1345,72.4012,77.3592,76.189,77.2992,77.2639,82.4713,77.033,75.3892,77.2137,65.8571,72.3495
Polynesia,AFOLU,Emissions (CO2eq) (AR5),kilotonnes,239.6539,360.4892,353.3335,357.7545,365.7248,360.227,359.1045,353.4802,351.6321,359.8018,375.1745,420.5524,421.5803,425.8947,426.6484,443.1153,411.5525,400.1776,406.5058,351.6438,379.6078
Polynesia,All sectors with LULUCF,Emissions (CH4),kilotonnes,11.7208,11.9284,11.7606,11.8994,12.1291,12.0208,12.0023,11.8286,11.7539,11.9678,12.417,12.8172,12.9049,13.0078,13.041,13.4744,12.8554,12.5361,12.7095,11.1671,11.9553
Polynesia,All sectors with LULUCF,Emissions (N2O),kilotonnes,0.3786,0.3777,0.3718,0.3792,0.3876,0.3853,0.386,0.3762,0.3796,0.3893,0.4018,0.4293,0.4226,0.4265,0.4259,0.4514,0.4286,0.4236,0.4312,0.3888,0.4141
Polynesia,All sectors with LULUCF,Emissions (CO2),kilotonnes,224.2085,322.4382,330.0184,354.7091,362.2051,384.5958,391.7018,388.2887,406.9113,417.5092,406.0981,448.6744,454.9904,462.9864,481.3883,507.2312,517.0849,604.7118,635.8667,688.2859,684.4559
Polynesia,All sectors with LULUCF,Emissions (CO2eq) from CH4 (AR5),kilotonnes,328.1817,333.9952,329.2956,333.183,339.6158,336.5816,336.0636,331.2021,329.1095,335.0983,347.6752,358.8825,361.3384,364.219,365.1474,377.2831,359.951,351.0114,355.8673,312.6801,334.7484
Polynesia,All sectors with LULUCF,Emissions (CO2eq) from N2O (AR5),kilotonnes,100.3198,100.081,98.5204,100.4847,102.7027,102.0957,102.2903,99.6908,100.6069,103.1624,106.4726,113.775,111.9784,113.0272,112.8641,119.6082,113.5713,112.2566,114.2751,103.0404,109.7496
Polynesia,All sectors with LULUCF,Emissions (CO2eq) (AR5),kilotonnes,652.71,756.5143,757.8344,788.3767,804.5236,823.2731,830.0557,819.1815,836.6277,855.7699,860.2459,921.3319,928.3071,940.2325,959.3998,1004.1224,990.6072,1067.9798,1106.0091,1104.0064,1128.9538
Polynesia,All sectors without LULUCF,Emissions (CH4),kilotonnes,11.7079,11.9284,11.7606,11.8994,12.1291,12.0208,12.0023,11.8286,11.7539,11.9678,12.417,12.7081,12.9049,13.0078,13.041,13.4744,12.8554,12.5361,12.7095,11.1671,11.9553
Polynesia,All sectors without LULUCF,Emissions (N2O),kilotonnes,0.3782,0.3777,0.3718,0.3792,0.3876,0.3853,0.386,0.3762,0.3796,0.3893,0.4018,0.4194,0.4226,0.4265,0.4259,0.4514,0.4286,0.4236,0.4312,0.3888,0.4141
Polynesia,All sectors without LULUCF,Emissions (CO2),kilotonnes,302.7456,284.6366,292.2168,316.9075,324.4035,346.7942,353.9002,350.4871,369.1097,379.7076,368.2965,380.369,386.685,394.681,413.0829,438.9258,457.0919,544.7188,575.8737,628.2929,624.4629
Polynesia,All sectors without LULUCF,Emissions (CO2eq) from CH4 (AR5),kilotonnes,327.8216,333.9952,329.2956,333.183,339.6158,336.5816,336.0636,331.2021,329.1095,335.0983,347.6752,355.8276,361.3384,364.219,365.1474,377.2831,359.951,351.0114,355.8673,312.6801,334.7484
Polynesia,All sectors without LULUCF,Emissions (CO2eq) from N2O (AR5),kilotonnes,100.2196,100.081,98.5204,100.4847,102.7027,102.0957,102.2903,99.6908,100.6069,103.1624,106.4726,111.1352,111.9784,113.0272,112.8641,119.6082,113.5713,112.2566,114.2751,103.0404,109.7496
Polynesia,All sectors without LULUCF,Emissions (CO2eq) (AR5),kilotonnes,730.7868,718.7128,720.0328,750.5752,766.722,785.4716,792.2541,781.38,798.8261,817.9683,822.4443,847.3318,860.0018,871.9271,891.0944,935.8171,930.6142,1007.9868,1046.0161,1044.0134,1068.9608
European Union (27),Crop Residues,Direct emissions (N2O),kilotonnes,46.1823,47.1656,47.076,40.9637,52.3493,46.5281,44.0154,42.9213,50.8784,48.0696,45.2962,46.6762,45.5934,49.2924,52.1334,50.7635,48.2861,49.6669,47.0111,51.278,48.7665
European Union (27),Crop Residues,Direct emissions (N2O),kilotonnes,63.9953,66.6199,65.707,58.4703,69.7781,65.6907,61.9496,61.0465,67.1128,66.1639,63.4399,65.2334,63.2168,67.4745,73.7471,68.111,67.5107,71.9428,67.7001,70.9475,69.1383
European Union (27),Crop Residues,Indirect emissions (N2O),kilotonnes,10.391,10.6123,10.5921,9.2168,11.7786,10.4688,9.9035,9.6573,11.4476,10.8157,10.1916,10.5022,10.2585,11.0908,11.73,11.4218,10.8644,11.175,10.5775,11.5375,10.9725
European Union (27),Crop Residues,Emissions (N2O),kilotonnes,56.5733,57.7778,57.6681,50.1805,64.1279,56.9969,53.9189,52.5786,62.326,58.8852,55.4879,57.1784,55.8519,60.3832,63.8634,62.1852,59.1505,60.8419,57.5886,62.8155,59.7389
European Union (27),Crop Residues,Emissions (N2O),kilotonnes,63.9953,66.6199,65.707,58.4703,69.7781,65.6907,61.9496,61.0465,67.1128,66.1639,63.4399,65.2334,63.2168,67.4745,73.7471,68.111,67.5107,71.9428,67.7001,70.9475,69.1383
European Union (27),Crop Residues,Emissions (CO2eq) from N2O (AR5),kilotonnes,14991.9273,15311.122,15282.0386,13297.8297,16993.902,15104.1835,14288.507,13933.3231,16516.401,15604.5816,14704.282,15152.2718,14800.7483,16001.5386,16923.7962,16479.09,15674.882,16123.1083,15260.9692,16646.1171,15830.8099
European Union (27),Crop Residues,Emissions (CO2eq) from N2O (AR5),kilotonnes,16958.7512,17654.2821,17412.3474,15494.6387,18491.1986,17408.0459,16416.6485,16177.3195,17784.8866,17533.4422,16811.5761,17286.8509,16752.4587,17880.7477,19542.9716,18049.4218,17890.3431,19064.8409,17940.5331,18801.0849,18321.6378
European Union (27),Crop Residues,Emissions (CO2eq) (AR5),kilotonnes,14991.9273,15311.122,15282.0386,13297.8297,16993.902,15104.1835,14288.507,13933.3231,16516.401,15604.5816,14704.282,15152.2718,14800.7483,16001.5386,16923.7962,16479.09,15674.882,16123.1083,15260.9692,16646.1171,15830.8099
European Union (27),Crop Residues,Emissions (CO2eq) (AR5),kilotonnes,16958.7512,17654.2821,17412.3474,15494.6387,18491.1986,17408.0459,16416.6485,16177.3195,17784.8866,17533.4422,16811.5761,17286.8509,16752.4587,17880.7477,19542.9716,18049.4218,17890.3431,19064.8409,17940.5331,18801.0849,18321.6378
European Union (27),Rice Cultivation,Emissions (CH4),kilotonnes,204.4325,202.8832,202.6363,206.0337,215.827,207.667,204.3742,210.2463,202.7949,227.6719,235.6399,236.6494,224.4914,211.8705,210.205,214.4888,219.2068,217.2901,205.3811,206.3158,210.7101
European Union (27),Rice Cultivation,Emissions (CH4),kilotonnes,99.1996,99.1532,100.8914,104.2115,109.2603,105.6117,103.537,106.113,99.8293,111.9211,113.4227,113.5772,110.073,104.1554,101.1803,104.3176,107.5441,102.9176,99.5681,98.7094,97.6409
European Union (27),Rice Cultivation,Emissions (CO2eq) from CH4 (AR5),kilotonnes,5724.1094,5680.7307,5673.8158,5768.9433,6043.1551,5814.6756,5722.4772,5886.8976,5678.258,6374.8122,6597.9182,6626.1845,6285.7592,5932.3728,5885.7404,6005.6862,6137.7917,6084.1238,5750.6714,5776.8413,5899.8822
European Union (27),Rice Cultivation,Emissions (CO2eq) from CH4 (AR5),kilotonnes,2777.5879,2776.2893,2824.9588,2917.9217,3059.2896,2957.1289,2899.0359,2971.1635,2795.2196,3133.792,3175.8353,3180.1616,3082.0449,2916.3502,2833.0477,2920.8938,3011.2339,2881.6942,2787.9068,2763.8621,2733.945
European Union (27),Rice Cultivation,Emissions (CO2eq) (AR5),kilotonnes,5724.1094,5680.7307,5673.8158,5768.9433,6043.1551,5814.6756,5722.4772,5886.8976,5678.258,6374.8122,6597.9182,6626.1845,6285.7592,5932.3728,5885.7404,6005.6862,6137.7917,6084.1238,5750.6714,5776.8413,5899.8822
European Union (27),Rice Cultivation,Emissions (CO2eq) (AR5),kilotonnes,2777.5879,2776.2893,2824.9588,2917.9217,3059.2896,2957.1289,2899.0359,2971.1635,2795.2196,3133.792,3175.8353,3180.1616,3082.0449,2916.3502,2833.0477,2920.8938,3011.2339,2881.6942,2787.9068,2763.8621,2733.945
European Union (27),Burning - Crop residues,Emissions (CH4),kilotonnes,52.7415,54.1963,53.5769,52.2521,55.4471,52.458,49.7934,48.2756,52.1651,50.3279,49.2871,51.7881,53.1774,53.284,53.2893,52.461,50.8929,49.0954,48.5532,50.8306,50.5996
European Union (27),Burning - Crop residues,Emissions (CH4),kilotonnes,57.747,36.9318,41.4655,43.9649,30.8231,29.3568,28.9585,46.6419,27.6488,29.4392,24.1354,24.6028,37.7277,24.5566,23.9515,26.9152,24.2115,19.4739,18.0801,20.2852,28.0315
European Union (27),Burning - Crop residues,Emissions (N2O),kilotonnes,1.3674,1.4051,1.389,1.3547,1.4375,1.36,1.2909,1.2516,1.3524,1.3048,1.2778,1.3427,1.3787,1.3814,1.3816,1.3601,1.3194,1.2728,1.2588,1.3178,1.3118
European Union (27),Burning - Crop residues,Emissions (N2O),kilotonnes,1.7282,1.1185,1.2536,1.3411,0.9381,0.8959,0.8887,1.4277,0.845,0.9001,0.7384,0.7515,1.1537,0.7517,0.7321,0.8239,0.7441,0.5943,0.5577,0.622,0.8633
European Union (27),Burning - Crop residues,Emissions (CO2eq) from CH4 (AR5),kilotonnes,1476.7623,1517.4975,1500.1538,1463.0601,1552.5199,1468.8253,1394.2156,1351.7176,1460.623,1409.181,1380.0384,1450.0657,1488.9672,1491.951,1492.0992,1468.9078,1425.0002,1374.6725,1359.49,1423.2571,1416.7901
European Union (27),Burning - Crop residues,Emissions (CO2eq) from CH4 (AR5),kilotonnes,1616.9152,1034.0891,1161.0329,1231.0164,863.0461,821.9894,810.8366,1305.9723,774.1651,824.2965,675.7907,688.8775,1056.3743,687.5854,670.6427,753.6263,677.9226,545.2706,506.2432,567.9856,784.8821
European Union (27),Burning - Crop residues,Emissions (CO2eq) from N2O (AR5),kilotonnes,362.3537,372.3489,368.0933,358.9916,380.9424,360.4062,342.0992,331.6714,358.3936,345.7713,338.6205,355.8032,365.3484,366.0806,366.1169,360.4265,349.6528,337.3039,333.5786,349.2251,347.6383
European Union (27),Burning - Crop residues,Emissions (CO2eq) from N2O (AR5),kilotonnes,457.9766,296.4131,332.2062,355.4043,248.5974,237.4175,235.5105,378.3368,223.9329,238.5262,195.6722,199.1494,305.7201,199.2038,194.0028,218.325,197.1879,157.4912,147.8034,164.8215,228.7836
European Union (27),Burning - Crop residues,Emissions (CO2eq) (AR5),kilotonnes,1839.116,1889.8464,1868.2471,1822.0517,1933.4623,1829.2315,1736.3149,1683.389,1819.0166,1754.9523,1718.6589,1805.8688,1854.3157,1858.0316,1858.2162,1829.3343,1774.653,1711.9764,1693.0686,1772.4822,1764.4284
European Union (27),Burning - Crop residues,Emissions (CO2eq) (AR5),kilotonnes,2074.8918,1330.5023,1493.2391,1586.4207,1111.6436,1059.4068,1046.3472,1684.3091,998.0979,1062.8227,871.4628,888.0269,1362.0944,886.7892,864.6455,971.9512,875.1104,702.7618,654.0466,732.8071,1013.6656
European Union (27),Enteric Fermentation,Emissions (CH4),kilotonnes,7497.5497,7326.8947,7221.7008,7082.7711,6998.4487,6914.0491,6853.1223,6879.0747,6865.8795,6795.0518,6709.367,6547.8061,6537.8824,6545.6517,6600.6805,6649.1279,6658.7818,6616.8551,6482.2429,6422.8365,6376.0029
European Union (27),Enteric Fermentation,Emissions (CH4),kilotonnes,7141.381,7095.5252,6957.5879,6897.0981,6784.1925,6770.5801,6730.2488,6765.466,6731.8246,6668.9208,6595.3186,6514.9876,6515.8289,6544.6232,6592.528,6655.328,6681.9408,6689.6506,6656.2471,6592.6201,6579.4742
European Union (27),Enteric Fermentation,Emissions (CO2eq) from CH4 (AR5),kilotonnes,209931.3912,205153.0518,202207.622,198317.5911,195956.5648,193593.3738,191887.4253,192614.0904,192244.6254,190261.4491,187862.2757,183338.5716,183060.706,183278.2484,184819.0536,186175.5813,186445.8902,185271.9429,181502.8016,179839.4226,178528.0817
European Union (27),Enteric Fermentation,Emissions (CO2eq) from CH4 (AR5),kilotonnes,199958.6675,198674.7058,194812.4604,193118.7479,189957.3897,189576.2433,188446.9677,189433.047,188491.0877,186729.7834,184668.9218,182419.6535,182443.2101,183249.4496,184590.7826,186349.1831,187094.3435,187310.2161,186374.9198,184593.3626,184225.2785
European Union (27),Enteric Fermentation,Emissions (CO2eq) (AR5),kilotonnes,209931.3912,205153.0518,202207.622,198317.5911,195956.5648,193593.3738,191887.4253,192614.0904,192244.6254,190261.4491,187862.2757,183338.5716,183060.706,183278.2484,184819.0536,186175.5813,186445.8902,185271.9429,181502.8016,179839.4226,178528.0817
European Union (27),Enteric Fermentation,Emissions (CO2eq) (AR5),kilotonnes,199958.6675,198674.7058,194812.4604,193118.7479,189957.3897,189576.2433,188446.9677,189433.047,188491.0877,186729.7834,184668.9218,182419.6535,182443.2101,183249.4496,184590.7826,186349.1831,187094.3435,187310.2161,186374.9198,184593.3626,184225.2785
European Union (27),Manure Management,Emissions (CH4),kilotonnes,1961.8117,1937.7752,1936.2083,1919.9483,1909.6511,1906.0299,1901.5079,1913.0422,1892.1916,1871.9575,1864.3339,1835.8219,1822.8569,1817.7411,1837.2144,1854.1641,1850.348,1850.4673,1836.7084,1826.7052,1835.9418
European Union (27),Manure Management,Emissions (CH4),kilotonnes,1683.4674,1693.0892,1683.1973,1693.2151,1663.6996,1615.6605,1606.4353,1608.4866,1560.126,1564.519,1480.3093,1503.8489,1470.754,1449.9834,1484.2177,1499.5442,1479.0853,1491.8671,1489.7284,1483.7818,1498.7818
European Union (27),Manure Management,Emissions (N2O),kilotonnes,72.7248,71.4906,71.3697,70.0789,69.2017,68.703,68.3285,68.7054,68.2763,67.4812,67.2798,65.7961,65.3967,65.5634,66.1194,66.7352,66.7861,66.5633,65.5837,65.1385,65.0344
European Union (27),Manure Management,Emissions (N2O),kilotonnes,72.2096,72.1495,71.3556,70.7934,70.0154,70.1268,69.5989,70.1533,69.0494,67.9441,66.8354,65.8359,65.2158,64.8338,64.9515,65.6498,65.4698,65.6375,65.8397,64.6615,64.7918
European Union (27),Manure Management,Emissions (CO2eq) from CH4 (AR5),kilotonnes,54930.7277,54257.7065,54213.8327,53758.5527,53470.2319,53368.8364,53242.2201,53565.1821,52981.3639,52414.8111,52201.3497,51403.013,51039.992,50896.7496,51442.0024,51916.595,51809.7435,51813.0832,51427.8355,51147.7465,51406.3716
European Union (27),Manure Management,Emissions (CO2eq) from CH4 (AR5),kilotonnes,47137.086,47406.4964,47129.5235,47410.023,46583.5891,45238.4931,44980.1871,45037.626,43683.5278,43806.532,41448.6604,42107.7692,41181.1107,40599.5341,41558.0962,41987.2373,41414.3892,41772.2783,41712.3963,41545.89,41965.8917
European Union (27),Manure Management,Emissions (CO2eq) from N2O (AR5),kilotonnes,19272.0652,18945.0114,18912.961,18570.9075,18338.4379,18206.304,18107.0399,18206.9377,18093.2261,17882.5253,17829.1392,17435.955,17330.124,17374.304,17521.6367,17684.8252,17698.317,17639.2625,17379.6721,17261.7003,17234.1221
European Union (27),Manure Management,Emissions (CO2eq) from N2O (AR5),kilotonnes,19135.5392,19119.6278,18909.2263,18760.2628,18554.0906,18583.5972,18443.7004,18590.6219,18298.0799,18005.186,17711.3815,17446.5103,17282.1946,17180.9522,17212.1346,17397.1895,17349.496,17393.9422,17447.5212,17135.2948,17169.8288
European Union (27),Manure Management,Emissions (CO2eq) (AR5),kilotonnes,74202.7929,73202.7179,73126.7937,72329.4602,71808.6697,71575.1404,71349.26,71772.1198,71074.5899,70297.3364,70030.4889,68838.968,68370.116,68271.0535,68963.6392,69601.4202,69508.0605,69452.3457,68807.5076,68409.4468,68640.4937
European Union (27),Manure Management,Emissions (CO2eq) (AR5),kilotonnes,66272.6251,66526.1242,66038.7498,66170.2858,65137.6798,63822.0903,63423.8874,63628.2479,61981.6077,61811.718,59160.0419,59554.2795,58463.3054,57780.4863,58770.2308,59384.4267,58763.8853,59166.2205,59159.9175,58681.1848,59135.7205
European Union (27),Manure left on Pasture,Direct emissions (N2O),kilotonnes,69.1356,67.0597,66.274,65.1603,64.4695,63.8017,63.2053,63.2945,62.8629,62.2981,61.4164,59.9043,59.4876,59.3998,59.6079,60.1365,60.2418,59.9452,58.3981,57.8557,57.4665
European Union (27),Manure left on Pasture,Indirect emissions (N2O),kilotonnes,19.5758,18.8809,18.6738,18.4161,18.2256,18.0511,17.8769,17.8548,17.6568,17.485,17.2078,16.7619,16.5648,16.5129,16.4952,16.6633,16.6738,16.6104,16.1426,15.9935,15.9118
European Union (27),Manure left on Pasture,Emissions (N2O),kilotonnes,88.7114,85.9406,84.9478,83.5764,82.6951,81.8528,81.0822,81.1492,80.5196,79.7831,78.6243,76.6662,76.0523,75.9126,76.1031,76.7998,76.9156,76.5557,74.5407,73.8492,73.3783
European Union (27),Manure left on Pasture,Emissions (CO2eq) from N2O (AR5),kilotonnes,23508.53,22774.2545,22511.1742,22147.7574,21914.2006,21690.9925,21486.7909,21504.5497,21337.6975,21142.5306,20835.4331,20316.5429,20153.8696,20116.8518,20167.3194,20351.941,20382.6301,20287.2543,19753.2792,19570.0489,19445.2388
European Union (27),Manure left on Pasture,Emissions (CO2eq) (AR5),kilotonnes,23508.53,22774.2545,22511.1742,22147.7574,21914.2006,21690.9925,21486.7909,21504.5497,21337.6975,21142.5306,20835.4331,20316.5429,20153.8696,20116.8518,20167.3194,20351.941,20382.6301,20287.2543,19753.2792,19570.0489,19445.2388
European Union (27),Manure applied to Soils,Direct emissions (N2O),kilotonnes,79.7391,78.4775,78.9305,77.404,76.4994,76.1465,75.8054,76.2859,75.6888,74.9219,75.0357,73.4806,72.9523,73.1849,73.7331,74.5783,74.7198,74.623,73.6492,73.2548,73.2282
European Union (27),Manure applied to Soils,Direct emissions (N2O),kilotonnes,71.48,71.1339,69.8663,69.2918,68.1147,68.1941,67.8273,68.3059,67.0673,66.3084,65.2919,64.711,64.5015,64.9919,65.4565,65.9957,66.0077,66.5007,66.6607,65.5437,65.8231
European Union (27),Manure applied to Soils,Indirect emissions (N2O),kilotonnes,33.8891,33.353,33.5454,32.8967,32.5122,32.3623,32.2173,32.4215,32.1677,31.8418,31.8902,31.2293,31.0047,31.1036,31.3366,31.6958,31.7559,31.7148,31.3009,31.1333,31.122
European Union (27),Manure applied to Soils,Emissions (N2O),kilotonnes,113.6282,111.8305,112.4759,110.3008,109.0116,108.5088,108.0227,108.7075,107.8566,106.7637,106.9259,104.7099,103.957,104.2885,105.0697,106.274,106.4757,106.3377,104.9502,104.3881,104.3502
European Union (27),Manure applied to Soils,Emissions (N2O),kilotonnes,71.48,71.1339,69.8663,69.2918,68.1147,68.1941,67.8273,68.3059,67.0673,66.3084,65.2919,64.711,64.5015,64.9919,65.4565,65.9957,66.0077,66.5007,66.6607,65.5437,65.8231
European Union (27),Manure applied to Soils,Emissions (CO2eq) from N2O (AR5),kilotonnes,30111.4656,29635.0848,29806.114,29229.7002,28888.0784,28754.8262,28626.0253,28807.4764,28581.987,28292.3798,28335.3749,27748.13,27548.6059,27636.4549,27843.4698,28162.6209,28216.0595,28179.5033,27811.7952,27662.8484,27652.8028
European Union (27),Manure applied to Soils,Emissions (CO2eq) from N2O (AR5),kilotonnes,18942.1924,18850.4874,18514.5563,18362.3207,18050.3978,18071.4308,17974.2431,18101.0641,17772.8228,17571.7144,17302.3538,17148.4055,17092.8868,17222.86,17345.98,17488.8646,17492.0377,17622.6731,17665.0878,17369.0798,17443.1236
European Union (27),Manure applied to Soils,Emissions (CO2eq) (AR5),kilotonnes,30111.4656,29635.0848,29806.114,29229.7002,28888.0784,28754.8262,28626.0253,28807.4764,28581.987,28292.3798,28335.3749,27748.13,27548.6059,27636.4549,27843.4698,28162.6209,28216.0595,28179.5033,27811.7952,27662.8484,27652.8028
European Union (27),Manure applied to Soils,Emissions (CO2eq) (AR5),kilotonnes,18942.1924,18850.4874,18514.5563,18362.3207,18050.3978,18071.4308,17974.2431,18101.0641,17772.8228,17571.7144,17302.3538,17148.4055,17092.8868,17222.86,17345.98,17488.8646,17492.0377,17622.6731,17665.0878,17369.0798,17443.1236
European Union (27),Synthetic Fertilizers,Direct emissions (N2O),kilotonnes,159.4091,158.794,156.7169,164.5717,159.7055,153.6329,152.5682,163.2172,148.6198,139.4008,150.0522,147.2367,150.8757,155.6829,158.9355,162.4466,162.3498,165.2858,157.3974,155.1496,154.1821
European Union (27),Synthetic Fertilizers,Direct emissions (N2O),kilotonnes,157.6864,155.7554,150.3423,150.9992,152.0814,145.5702,145.4591,149.019,143.9471,136.3714,140.3388,140.4761,143.1951,146.5067,148.9354,151.3445,152.8679,156.132,154.0672,148.1839,150.2542
European Union (27),Synthetic Fertilizers,Indirect emissions (N2O),kilotonnes,51.808,51.6081,50.933,53.4858,51.9043,49.9307,49.5847,53.0456,48.3014,45.3053,48.767,47.8519,49.0346,50.5969,51.654,52.7952,52.7637,53.7179,51.1541,50.4236,50.1092
European Union (27),Synthetic Fertilizers,Emissions (N2O),kilotonnes,211.2171,210.4021,207.6499,218.0575,211.6098,203.5636,202.1529,216.2628,196.9212,184.706,198.8192,195.0886,199.9103,206.2799,210.5895,215.2418,215.1134,219.0037,208.5515,205.5733,204.2912
European Union (27),Synthetic Fertilizers,Emissions (N2O),kilotonnes,157.6864,155.7554,150.3423,150.9992,152.0814,145.5702,145.4591,149.019,143.9471,136.3714,140.3388,140.4761,143.1951,146.5067,148.9354,151.3445,152.8679,156.132,154.0672,148.1839,150.2542
European Union (27),Synthetic Fertilizers,Emissions (CO2eq) from N2O (AR5),kilotonnes,55972.5217,55756.5584,55027.2217,57785.2406,56076.5865,53944.3564,53570.5191,57309.6432,52184.1138,48947.1002,52687.0818,51698.4841,52976.2378,54664.1627,55806.2161,57039.0726,57005.0591,58035.9825,55266.147,54476.9196,54137.1741
European Union (27),Synthetic Fertilizers,Emissions (CO2eq) from N2O (AR5),kilotonnes,41786.9047,41275.1785,39840.7026,40014.8002,40301.5657,38576.098,38546.6587,39490.0441,38145.9813,36138.4201,37189.7713,37226.1675,37946.6919,38824.2756,39467.8917,40106.2954,40509.9981,41374.9721,40827.8169,39268.7256,39817.3716
European Union (27),Synthetic Fertilizers,Emissions (CO2eq) (AR5),kilotonnes,55972.5217,55756.5584,55027.2217,57785.2406,56076.5865,53944.3564,53570.5191,57309.6432,52184.1138,48947.1002,52687.0818,51698.4841,52976.2378,54664.1627,55806.2161,57039.0726,57005.0591,58035.9825,55266.147,54476.9196,54137.1741
European Union (27),Synthetic Fertilizers,Emissions (CO2eq) (AR5),kilotonnes,41786.9047,41275.1785,39840.7026,40014.8002,40301.5657,38576.098,38546.6587,39490.0441,38145.9813,36138.4201,37189.7713,37226.1675,37946.6919,38824.2756,39467.8917,40106.2954,40509.9981,41374.9721,40827.8169,39268.7256,39817.3716
European Union (27),Drained organic soils,Emissions (CO2eq) (AR5),kilotonnes,158772.8616,158760.6728,158590.3972,158307.6954,158403.6584,158730.307,158889.1139,159094.4745,159303.7176,159550.7787,160110.219,160599.6914,160756.578,160783.2903,160668.368,160677.6606,160397.0714,160633.8934,161690.9725,161967.0903,162172.4222
European Union (27),Drained organic soils,Emissions (CO2eq) (AR5),kilotonnes,13374.4746,13277.1046,13203.2859,13139.97,13100.4157,13076.1594,13139.1671,13171.7016,13220.9481,13214.0786,13151.5219,13173.9388,13116.112,13093.8205,13119.2617,13109.9674,13085.7771,13092.6746,13078.1882,13061.1112,13060.142
European Union (27),Drained organic soils (CO2),Emissions (CO2),kilotonnes,133855.3362,133844.8263,133701.8779,133463.4842,133544.3607,133819.518,133953.3267,134126.0006,134302.2073,134510.3831,134981.6745,135393.8363,135525.9719,135548.4293,135451.3413,135459.11,135221.7063,135420.9067,136311.0086,136544.9968,136717.8692
European Union (27),Drained organic soils (CO2),Emissions (CO2),kilotonnes,1787.7853,1716.1578,1656.318,1604.18,1569.2032,1564.4072,1618.4736,1673.4932,1737.0542,1772.9368,1753.4539,1796.888,1750.5786,1741.7564,1767.3535,1769.933,1770.5712,1795.5358,1798.7108,1791.7475,1800.2361
European Union (27),Drained organic soils (CO2),Emissions (CO2eq) (AR5),kilotonnes,133855.3362,133844.8263,133701.8779,133463.4842,133544.3607,133819.518,133953.3267,134126.0006,134302.2073,134510.3831,134981.6745,135393.8363,135525.9719,135548.4293,135451.3413,135459.11,135221.7063,135420.9067,136311.0086,136544.9968,136717.8692
European Union (27),Drained organic soils (CO2),Emissions (CO2eq) (AR5),kilotonnes,1787.7853,1716.1578,1656.318,1604.18,1569.2032,1564.4072,1618.4736,1673.4932,1737.0542,1772.9368,1753.4539,1796.888,1750.5786,1741.7564,1767.3535,1769.933,1770.5712,1795.5358,1798.7108,1791.7475,1800.2361
European Union (27),Drained organic soils (N2O),Emissions (N2O),kilotonnes,94.0284,94.0221,93.9189,93.7517,93.8087,94.003,94.0973,94.2207,94.3453,94.4921,94.8247,95.1164,95.2098,95.2259,95.1586,95.1643,95.0014,95.1433,95.7734,95.9324,96.0549
European Union (27),Drained organic soils (N2O),Emissions (N2O),kilotonnes,43.7234,43.6262,43.5735,43.5313,43.514,43.4406,43.4743,43.3895,43.3354,43.1741,43.0116,42.9323,42.8888,42.838,42.8374,42.7926,42.6989,42.6307,42.5641,42.5259,42.4902
European Union (27),Drained organic soils (N2O),Emissions (CO2eq) from N2O (AR5),kilotonnes,24917.5254,24915.8465,24888.5193,24844.2112,24859.2977,24910.789,24935.7873,24968.4739,25001.5103,25040.3956,25128.5445,25205.8551,25230.6061,25234.861,25217.0267,25218.5506,25175.3652,25212.9867,25379.9638,25422.0935,25454.5529
European Union (27),Drained organic soils (N2O),Emissions (CO2eq) from N2O (AR5),kilotonnes,11586.6892,11560.9469,11546.9679,11535.7899,11531.2125,11511.7521,11520.6936,11498.2084,11483.8939,11441.1418,11398.068,11377.0508,11365.5335,11352.0641,11351.9083,11340.0343,11315.2059,11297.1388,11279.4774,11269.3637,11259.9059
European Union (27),Drained organic soils (N2O),Emissions (CO2eq) (AR5),kilotonnes,24917.5254,24915.8465,24888.5193,24844.2112,24859.2977,24910.789,24935.7873,24968.4739,25001.5103,25040.3956,25128.5445,25205.8551,25230.6061,25234.861,25217.0267,25218.5506,25175.3652,25212.9867,25379.9638,25422.0935,25454.5529
European Union (27),Drained organic soils (N2O),Emissions (CO2eq) (AR5),kilotonnes,11586.6892,11560.9469,11546.9679,11535.7899,11531.2125,11511.7521,11520.6936,11498.2084,11483.8939,11441.1418,11398.068,11377.0508,11365.5335,11352.0641,11351.9083,11340.0343,11315.2059,11297.1388,11279.4774,11269.3637,11259.9059
European Union (27),On-farm energy use,Emissions (CH4),kilotonnes,34.087,37.2069,31.699,30.6752,30.8672,32.0292,34.476,33.623,34.6603,32.9314,35.735,32.9866,33.3895,32.595,30.5215,28.5407,30.0033,29.5167,29.1149,28.834,28.834
European Union (27),On-farm energy use,Emissions (N2O),kilotonnes,22.0795,21.5202,21.3165,21.7323,22.0214,22.1248,20.5609,20.0506,19.7526,19.301,19.0524,18.6766,17.9442,18.2728,18.0056,18.3201,18.5554,18.8347,19.3165,19.5787,19.5787
European Union (27),On-farm energy use,Emissions (CO2),kilotonnes,84457.6413,83375.5038,80018.5947,82183.8271,83548.6757,83774.5028,78941.6819,76886.5237,76281.9658,73637.059,74972.7463,72635.6859,71055.4616,71653.8961,69253.3017,68056.5667,69191.783,69344.1417,70487.011,70736.5496,70736.5496
European Union (27),On-farm energy use,Emissions (CO2eq) from CH4 (AR5),kilotonnes,954.4369,1041.7936,887.5728,858.9054,864.2805,896.8189,965.329,941.4433,970.4879,922.0802,1000.5802,923.6243,934.9054,912.6595,854.6008,799.1383,840.0925,826.4671,815.2174,807.3508,807.3508
European Union (27),On-farm energy use,Emissions (CO2eq) from N2O (AR5),kilotonnes,5851.0615,5702.8479,5648.8607,5759.0561,5835.6811,5863.0749,5448.6386,5313.4044,5234.4423,5114.7574,5048.8833,4949.3021,4755.2207,4842.282,4771.4799,4854.8372,4917.1892,4991.1842,5118.8735,5188.3579,5188.3579
European Union (27),On-farm energy use,Emissions (CO2eq) (AR5),kilotonnes,91263.1397,90120.1452,86555.0282,88801.7886,90248.6373,90534.3965,85355.6495,83141.3714,82486.896,79673.8966,81022.2098,78508.6124,76745.5877,77408.8377,74879.3824,73710.5423,74949.0647,75161.793,76421.1018,76732.2583,76732.2583
European Union (27),Forestland,Emissions (CO2),kilotonnes,-384860.2763,-443532.2502,-443532.2502,-443532.2502,-443532.2502,-443532.2502,-443532.2502,-443532.2502,-443532.2502,-443532.2502,-443532.2502,-685380.6415,-685380.6415,-685380.6415,-685380.6415,-685380.6415,-337857.9554,-337857.9554,-337857.9554,-337857.9554,-337857.9554
European Union (27),Forestland,Emissions (CO2),kilotonnes,-389314.6327,-431301.9456,-404401.8707,-390125.0813,-394723.0517,-395915.3163,-394558.3704,-350463.6006,-410243.9193,-433463.3902,-407790.0673,-398295.0165,-412826.5586,-417405.2419,-392386.1395,-381411.2961,-375833.0067,-338013.7255,-320497.3266,-310721.1067,-303121.9758
European Union (27),Forestland,Emissions (CO2eq) (AR5),kilotonnes,-384860.2763,-443532.2502,-443532.2502,-443532.2502,-443532.2502,-443532.2502,-443532.2502,-443532.2502,-443532.2502,-443532.2502,-443532.2502,-685380.6415,-685380.6415,-685380.6415,-685380.6415,-685380.6415,-337857.9554,-337857.9554,-337857.9554,-337857.9554,-337857.9554
European Union (27),Forestland,Emissions (CO2eq) (AR5),kilotonnes,-389314.6327,-431301.9456,-404401.8707,-390125.0813,-394723.0517,-395915.3163,-394558.3704,-350463.6006,-410243.9193,-433463.3902,-407790.0673,-398295.0165,-412826.5586,-417405.2419,-392386.1395,-381411.2961,-375833.0067,-338013.7255,-320497.3266,-310721.1067,-303121.9758
European Union (27),Net Forest conversion,Emissions (CO2),kilotonnes,45901.4787,65560.4251,65560.4251,65560.4251,65560.4251,65560.4251,65560.4251,65560.4251,65560.4251,65560.4251,65560.4251,46351.6174,46351.6174,46351.6174,46351.6174,46351.6174,39774.5569,39774.5569,39774.5569,39774.5569,39774.5569
European Union (27),Net Forest conversion,Emissions (CO2),kilotonnes,16036.1049,18486.4658,19578.2453,21049.8996,23158.5619,24749.9488,26864.099,28029.974,26633.6427,25673.2888,23927.5842,20996.0815,20871.6115,20732.4785,20126.5185,22213.6356,24372.3218,20034.0285,20010.9729,20405.1488,19563.3541
European Union (27),Net Forest conversion,Emissions (CO2eq) (AR5),kilotonnes,45901.4787,65560.4251,65560.4251,65560.4251,65560.4251,65560.4251,65560.4251,65560.4251,65560.4251,65560.4251,65560.4251,46351.6174,46351.6174,46351.6174,46351.6174,46351.6174,39774.5569,39774.5569,39774.5569,39774.5569,39774.5569
European Union (27),Net Forest conversion,Emissions (CO2eq) (AR5),kilotonnes,16036.1049,18486.4658,19578.2453,21049.8996,23158.5619,24749.9488,26864.099,28029.974,26633.6427,25673.2888,23927.5842,20996.0815,20871.6115,20732.4785,20126.5185,22213.6356,24372.3218,20034.0285,20010.9729,20405.1488,19563.3541
European Union (27),Savanna fires,Emissions (CH4),kilotonnes,3.9892,2.2374,1.7587,6.0819,2.2118,4.6821,2.245,5.1738,1.1768,2.2684,1.7056,2.456,4.7571,1.9254,0.8294,1.3263,2.0701,6.3961,0.7338,1.5097,1.3178
European Union (27),Savanna fires,Emissions (CH4),kilotonnes,30.4326,21.5638,15.4048,27.6358,19.6588,20.5182,14.9956,45.3055,19.0351,24.1798,20.0804,22.0524,32.4141,11.5084,13.0787,10.5634,13.0338,26.2896,7.9816,11.4286,10.7633
European Union (27),Savanna fires,Emissions (N2O),kilotonnes,0.3642,0.2043,0.1606,0.5553,0.2019,0.4275,0.205,0.4724,0.1074,0.2071,0.1557,0.2242,0.4343,0.1758,0.0757,0.1211,0.189,0.584,0.067,0.1378,0.1203
European Union (27),Savanna fires,Emissions (N2O),kilotonnes,1.0064,0.7413,0.5607,0.9387,0.6815,0.6707,0.5024,1.3332,0.6227,0.8026,0.664,0.7654,1.1318,0.4072,0.4796,0.403,0.4544,0.8852,0.3,0.3755,0.4009
European Union (27),Savanna fires,Emissions (CO2),kilotonnes,5720.2733,3758.2429,2922.0586,6064.4434,3298.068,4418.1424,1930.6216,6311.8124,2294.1019,3934.3844,3405.9304,3527.6211,5224.8262,1922.7828,1375.463,1216.3659,2091.5355,4914.5764,539.1498,865.1123,1212.1767
European Union (27),Savanna fires,Emissions (CO2eq) from CH4 (AR5),kilotonnes,111.699,62.6466,49.2435,170.2918,61.9312,131.0992,62.8592,144.8651,32.9513,63.5158,47.7574,68.7672,133.1982,53.9125,23.2246,37.1374,57.9637,179.0914,20.5457,42.2702,36.8998
European Union (27),Savanna fires,Emissions (CO2eq) from CH4 (AR5),kilotonnes,852.1127,603.7866,431.3341,773.8023,550.4476,574.5105,419.8757,1268.5535,532.984,677.0357,562.2524,617.4685,907.5948,322.2345,366.2038,295.776,364.9455,736.1094,223.4848,320.0017,301.3715
European Union (27),Savanna fires,Emissions (CO2eq) from N2O (AR5),kilotonnes,96.5228,54.1348,42.5528,147.1543,53.5167,113.2868,54.3185,125.1824,28.4742,54.8859,41.2686,59.4238,115.1006,46.5874,20.0691,32.0916,50.0882,154.7584,17.7541,36.527,31.8862
European Union (27),Savanna fires,Emissions (CO2eq) from N2O (AR5),kilotonnes,266.696,196.4333,148.5829,248.7686,180.6095,177.7486,133.1397,353.2875,165.0169,212.6942,175.9596,202.8396,299.9319,107.9006,127.104,106.7889,120.4281,234.5812,79.5035,99.5181,106.2286
European Union (27),Savanna fires,Emissions (CO2eq) (AR5),kilotonnes,208.2218,116.7814,91.7963,317.4462,115.4479,244.386,117.1777,270.0475,61.4256,118.4017,89.026,128.191,248.2987,100.4999,43.2936,69.229,108.0519,333.8498,38.2998,78.7972,68.786
European Union (27),Savanna fires,Emissions (CO2eq) (AR5),kilotonnes,6839.082,4558.4629,3501.9757,7087.0144,4029.1251,5170.4015,2483.6371,7933.6534,2992.1028,4824.1143,4144.1424,4347.9292,6432.3529,2352.9179,1868.7708,1618.9308,2576.9091,5885.2671,842.1382,1284.6321,1619.7768
European Union (27),Fires in organic soils,Emissions (CH4),kilotonnes,0,0,0,0,0,0,0,0,0,0,0,0,0,0,0,0,0,0,0,0,0
European Union (27),Fires in organic soils,Emissions (CO2),kilotonnes,0,0,0,0,0,0,0,0,0,0,0,0,0,0,0,0,0,0,0,0,0
European Union (27),Fires in organic soils,Emissions (CO2eq) from CH4 (AR5),kilotonnes,0,0,0,0,0,0,0,0,0,0,0,0,0,0,0,0,0,0,0,0,0
European Union (27),Fires in organic soils,Emissions (CO2eq) (AR5),kilotonnes,0,0,0,0,0,0,0,0,0,0,0,0,0,0,0,0,0,0,0,0,0
European Union (27),Forest fires,Emissions (CH4),kilotonnes,11.998,0.6788,1.307,5.1942,1.2192,4.5156,2.3871,3.8525,0.9214,1.4627,1.1326,2.0671,3.1577,0.9957,1.6833,1.1811,3.569,14.4703,1.2841,2.1652,3.4707
European Union (27),Forest fires,Emissions (N2O),kilotonnes,0.6637,0.062,0.1193,0.4743,0.1113,0.4123,0.218,0.3518,0.0841,0.1336,0.1034,0.1887,0.2883,0.0909,0.1537,0.1078,0.3259,1.3212,0.1172,0.1977,0.3169
European Union (27),Forest fires,Emissions (CO2eq) from CH4 (AR5),kilotonnes,335.9446,19.0071,36.5947,145.4381,34.1366,126.437,66.8395,107.8701,25.7998,40.9569,31.7115,57.8802,88.4148,27.8804,47.1314,33.0716,99.9326,405.1687,35.9547,60.6252,97.1809
European Union (27),Forest fires,Emissions (CO2eq) from N2O (AR5),kilotonnes,175.8861,16.4246,31.6226,125.6775,29.4984,109.2581,57.7581,93.2139,22.2944,35.3921,27.4029,50.016,76.4019,24.0923,40.7277,28.5782,86.3548,350.1186,31.0696,52.3881,83.9769
European Union (27),Forest fires,Emissions (CO2eq) (AR5),kilotonnes,511.8307,35.4317,68.2173,271.1156,63.635,235.6951,124.5976,201.084,48.0942,76.349,59.1144,107.8962,164.8168,51.9727,87.859,61.6498,186.2874,755.2872,67.0243,113.0132,181.1578
European Union (27),Fires in humid tropical forests,Emissions (CH4),kilotonnes,0,0,0,0,0,0,0,0,0,0,0,0,0,0,0,0,0,0,0,0,0
European Union (27),Fires in humid tropical forests,Emissions (N2O),kilotonnes,0,0,0,0,0,0,0,0,0,0,0,0,0,0,0,0,0,0,0,0,0
European Union (27),Fires in humid tropical forests,Emissions (CO2eq) from CH4 (AR5),kilotonnes,0,0,0,0,0,0,0,0,0,0,0,0,0,0,0,0,0,0,0,0,0
European Union (27),Fires in humid tropical forests,Emissions (CO2eq) from N2O (AR5),kilotonnes,0,0,0,0,0,0,0,0,0,0,0,0,0,0,0,0,0,0,0,0,0
European Union (27),Fires in humid tropical forests,Emissions (CO2eq) (AR5),kilotonnes,0,0,0,0,0,0,0,0,0,0,0,0,0,0,0,0,0,0,0,0,0
European Union (27),Waste - agri-food systems,Emissions (CH4),kilotonnes,3819.32,3853.5944,3217.3903,3493.6182,3321.2816,2942.2363,2868.8317,3137.9955,2656.6473,2641.6964,2607.0607,2498.8853,2472.5982,2513.9975,2404.5595,2373.0539,2349.1889,2351.891,2359.0373,2363.501,2367.5225
European Union (27),Waste - agri-food systems,Emissions (N2O),kilotonnes,22.531,22.7774,22.965,23.3206,23.5148,23.1719,23.1297,23.4827,23.5031,23.8095,23.8521,23.8163,23.679,23.8116,23.6257,23.7687,24.4822,25.8257,27.1329,28.4297,29.7262
European Union (27),Waste - agri-food systems,Emissions (CO2),kilotonnes,5428.2959,5432.0458,5449.5834,5490.0634,5517.5454,5525.723,5538.8322,5568.2947,5588.6924,5569.1209,5566.1473,5582.0011,5567.3984,5576.4007,5581.1797,5551.4196,5556.2752,5568.2039,5583.9249,5580.1745,5574.8534
European Union (27),Waste - agri-food systems,Emissions (CO2eq) from CH4 (AR5),kilotonnes,106940.9613,107900.6427,90086.9277,97821.3088,92995.8853,82382.6156,80327.2869,87863.8731,74386.1257,73967.4984,72997.6994,69968.7884,69232.75,70391.9313,67327.6666,66445.51,65777.2897,65852.9492,66053.0447,66178.0287,66290.629
European Union (27),Waste - agri-food systems,Emissions (CO2eq) from N2O (AR5),kilotonnes,5970.7269,6036.0175,6085.7341,6179.9494,6231.4223,6140.5555,6129.3643,6222.9109,6228.3112,6309.53,6320.817,6311.3172,6274.9453,6310.0738,6260.8229,6298.7018,6487.7837,6843.8073,7190.215,7533.8825,7877.4561
European Union (27),Waste - agri-food systems,Emissions (CO2eq) (AR5),kilotonnes,118339.9842,119368.706,101622.2453,109491.3216,104744.8531,94048.8941,91995.4834,99655.0787,86203.1294,85846.1493,84884.6636,81862.1068,81075.0937,82278.4057,79169.6691,78295.6313,77821.3486,78264.9604,78827.1846,79292.0856,79742.9385
European Union (27),Fertilizers Manufacturing,Emissions (N2O),kilotonnes,17.6076,17.918,17.8268,18.4104,18.4263,18.6456,19.3235,18.7729,19.275,20.1038,20.1315,19.9555,20.3933,20.8981,21.8896,19.9428,19.6548,23.7175,22.1414,21.5129,20.7964
European Union (27),Fertilizers Manufacturing,Emissions (CO2),kilotonnes,13683.5096,13747.7632,17401.71,18369.2378,16895.1749,18813.921,20136.3727,19017.8881,21460.365,19921.9933,20320.8646,21481.2372,21569.1012,27091.4632,29846.988,32113.5875,31918.6323,33996.1048,31672.3557,31895.6414,29075.0318
European Union (27),Fertilizers Manufacturing,Emissions (CO2eq) from N2O (AR5),kilotonnes,4666.012,4748.27,4724.102,4878.756,4882.9695,4941.084,5120.7275,4974.8185,5107.875,5327.507,5334.8475,5288.2075,5404.2245,5537.9965,5800.744,5284.842,5208.522,6285.1375,5867.471,5700.9185,5511.0554
European Union (27),Fertilizers Manufacturing,Emissions (CO2eq) (AR5),kilotonnes,18349.5216,18496.0332,22125.812,23247.9938,21778.1444,23755.005,25257.1002,23992.7066,26568.24,25249.5003,25655.7121,26769.4447,26973.3257,32629.4597,35647.732,37398.4295,37127.1543,40281.2423,37539.8267,37596.5599,34586.0873
European Union (27),On-farm electricity use,Emissions (CH4),kilotonnes,50.8552,51.2461,50.3458,47.8495,53.0076,54.9489,57.519,58.2094,57.8766,58.1488,55.943,55.8757,56.9114,57.5544,59.1767,61.6474,61.9403,63.0838,61.8251,62.3547,62.3547
European Union (27),On-farm electricity use,Emissions (N2O),kilotonnes,0.2714,0.2736,0.2688,0.2555,0.2831,0.2934,0.3074,0.3109,0.309,0.3104,0.2986,0.2982,0.3046,0.3074,0.3161,0.3293,0.3309,0.3369,0.3302,0.3331,0.3331
European Union (27),On-farm electricity use,Emissions (CO2),kilotonnes,21669.0147,21298.4675,20892.3279,18713.3021,18748.581,19052.3191,19313.5681,19729.0538,19179.6944,17924.1484,17140.7661,16877.1892,17246.3945,18235.5619,19199.6106,19626.2937,19724.7388,20285.7251,19877.6335,20013.238,20013.238
European Union (27),On-farm electricity use,Emissions (CO2eq) from CH4 (AR5),kilotonnes,1423.9456,1434.8908,1409.6824,1339.786,1484.2128,1538.5692,1610.532,1629.8632,1620.5448,1628.1664,1566.404,1564.5196,1593.5192,1611.5232,1656.9476,1726.1272,1734.3284,1766.3464,1731.1028,1745.9316,1745.9316
European Union (27),On-farm electricity use,Emissions (CO2eq) from N2O (AR5),kilotonnes,71.921,72.504,71.232,67.7075,75.0215,77.751,81.461,82.3885,81.885,82.256,79.129,79.023,80.719,81.461,83.7665,87.2645,87.6885,89.2785,87.503,88.2715,88.2715
European Union (27),On-farm electricity use,Emissions (CO2eq) (AR5),kilotonnes,23164.8813,22805.8623,22373.2423,20120.7956,20307.8153,20668.6393,21005.5611,21441.3055,20882.1242,19634.5708,18786.2991,18520.7318,18920.6327,19928.5461,20940.3247,21439.6854,21546.7557,22141.35,21696.2393,21847.4411,21847.4411
European Union (27),Food Processing,Emissions (CH4),kilotonnes,111.6759,114.0489,117.5636,122.039,125.3872,128.6749,126.9092,130.0623,130.2409,127.4893,128.9363,131.0067,132.5168,132.1633,136.6768,137.4064,140.1844,140.1745,143.2339,143.2339,134.3405
European Union (27),Food Processing,Emissions (N2O),kilotonnes,1.0065,1.0038,1.0281,1.037,1.047,1.0591,1.03,1.0411,1.0103,0.9738,0.9759,0.97,0.9835,0.9467,0.9632,0.9742,0.9895,0.9987,1.0267,1.0267,0.9562
European Union (27),Food Processing,Emissions (CO2),kilotonnes,99571.9028,99729.0466,103719.4312,105042.7365,103117.7163,100955.1,96127.3457,97049.451,92878.6155,87133.5565,87842.7909,87401.4715,87407.7792,88485.6653,89227.5528,90538.4188,92605.8282,94189.9421,95748.6835,95748.6835,84165.4394
European Union (27),Food Processing,Emissions (CO2eq) from CH4 (AR5),kilotonnes,3126.9252,3193.3692,3291.7808,3417.092,3510.8416,3602.8972,3553.4576,3641.7444,3646.7452,3569.7004,3610.2164,3668.1876,3710.4704,3700.5724,3826.9504,3847.3792,3925.1632,3924.886,4010.5492,4010.5492,3761.535
European Union (27),Food Processing,Emissions (CO2eq) from N2O (AR5),kilotonnes,266.7225,266.007,272.4465,274.805,277.455,280.6615,272.95,275.8915,267.7295,258.057,258.6135,257.05,260.6275,250.8755,255.248,258.163,262.2175,264.6555,272.0755,272.0755,253.3975
European Union (27),Food Processing,Emissions (CO2eq) (AR5),kilotonnes,102965.5505,103188.4228,107283.6585,108734.6335,106906.0129,104838.6587,99953.7533,100967.0869,96793.0902,90961.3139,91711.6208,91326.7091,91378.8771,92437.1132,93309.7512,94643.961,96793.2089,98379.4836,100031.3082,100031.3082,88180.3719
European Union (27),Food Packaging,Emissions (CH4),kilotonnes,62.5415,65.313,66.4851,66.9896,70.4387,69.963,70.048,77.0585,73.469,67.1683,69.1221,68.1272,66.3907,63.5163,59.7583,67.868,68.2443,69.3685,68.2444,74.5232,70.2915
European Union (27),Food Packaging,Emissions (N2O),kilotonnes,0.4271,0.4399,0.4464,0.4474,0.4574,0.463,0.4555,0.4923,0.4712,0.4333,0.4426,0.4386,0.4268,0.4135,0.3995,0.4398,0.4438,0.4521,0.4435,0.4643,0.4288
European Union (27),Food Packaging,Emissions (CO2),kilotonnes,41588.6733,41833.2656,42303.3565,42544.2122,41684.037,41932.1101,40759.4846,42950.2686,40464.9284,36058.991,36594.6116,36174.6425,34434.8434,35062.087,35537.3432,36509.597,36876.3235,37895.3954,37659.0004,37098.352,32346.5958
European Union (27),Food Packaging,Emissions (CO2eq) from CH4 (AR5),kilotonnes,1751.162,1828.764,1861.5828,1875.7088,1972.2836,1958.964,1961.344,2157.638,2057.132,1880.7124,1935.4188,1907.5616,1858.9396,1778.4564,1673.2324,1900.304,1910.8404,1942.318,1910.8432,2086.6496,1968.1615
European Union (27),Food Packaging,Emissions (CO2eq) from N2O (AR5),kilotonnes,113.1815,116.5735,118.296,118.561,121.211,122.695,120.7075,130.4595,124.868,114.8245,117.289,116.229,113.102,109.5775,105.8675,116.547,117.607,119.8065,117.5275,123.0395,113.6309
European Union (27),Food Packaging,Emissions (CO2eq) (AR5),kilotonnes,43453.0168,43778.6031,44283.2353,44538.482,43777.5316,44013.7691,42841.5361,45238.3661,42646.9284,38054.5279,38647.3194,38198.4331,36406.885,36950.1209,37316.4431,38526.448,38904.7709,39957.5199,39687.3711,39308.0411,34428.3882
European Union (27),Food Retail,Emissions (CH4),kilotonnes,97.802,101.6425,104.1721,112.0873,115.3114,119.3058,125.5482,128.2087,132.5313,134.078,139.1775,133.5948,136.1693,134.6511,130.4571,134.7919,136.0726,137.1229,137.5922,151.713,141.8527
European Union (27),Food Retail,Emissions (N2O),kilotonnes,0.6525,0.6858,0.6989,0.7521,0.7704,0.7589,0.7932,0.7986,0.8346,0.846,0.87,0.8268,0.8415,0.8317,0.7966,0.821,0.831,0.8315,0.8226,0.9039,0.838
European Union (27),Food Retail,Emissions (CO2),kilotonnes,52150.8065,54081.4872,54834.6968,60584.203,60947.6781,61485.1658,63381.3877,61140.893,63580.9306,62490.6777,63442.0984,59036.5234,59742.0313,62951.5937,58829.9807,61631.9522,62316.4355,62673.7961,61966.505,65245.9239,56972.3832
European Union (27),Food Retail,Emissions (CO2eq) from F-gases (AR5),kilotonnes,44181.9165,52318.3255,59806.918,67872.675,75645.9535,85314.8875,93128.1675,100849.496,102368.514,103252.1835,103829.348,103875.5835,103853.245,103808.568,103808.568,103808.568,82375.037,83831.1955,85289.9515,86745.5905,78494.8096
European Union (27),Food Retail,Emissions (CO2eq) from CH4 (AR5),kilotonnes,2738.4565,2845.9913,2916.8189,3138.4441,3228.7181,3340.5624,3515.3496,3589.8436,3710.8764,3754.184,3896.97,3740.6544,3812.7404,3770.2308,3652.7988,3774.1732,3810.0328,3839.4412,3852.5816,4247.964,3971.8753
European Union (27),Food Retail,Emissions (CO2eq) from N2O (AR5),kilotonnes,172.9179,181.7311,185.2027,199.3032,204.1517,201.1085,210.198,211.629,221.169,224.19,230.55,219.102,222.9975,220.4005,211.099,217.565,220.215,220.3475,217.989,239.5335,222.0803
European Union (27),Food Retail,Emissions (CO2eq) (AR5),kilotonnes,99244.0974,109427.5351,117743.6364,131794.6253,140026.5015,150341.7242,160235.1028,165791.8616,169881.49,169721.2352,171398.9664,166871.8633,167631.0142,170750.793,166502.4465,169432.2584,148721.7203,150564.7803,151327.0271,156479.0119,139661.1485
European Union (27),Food Household Consumption,Emissions (CH4),kilotonnes,115.8027,121.236,124.0839,127.1558,128.1504,129.975,134.0395,130.8823,134.0614,134.7776,142.1153,134.3727,137.4874,136.0759,127.9518,129.4204,132.069,132.2615,131.2107,131.2107,124.1816
European Union (27),Food Household Consumption,Emissions (N2O),kilotonnes,0.7714,0.8147,0.8175,0.8383,0.839,0.8481,0.8641,0.816,0.8493,0.8431,0.8829,0.8266,0.8459,0.8362,0.7767,0.7904,0.8014,0.8013,0.7898,0.7898,0.7344
European Union (27),Food Household Consumption,Emissions (CO2),kilotonnes,81912.5423,85979.1858,85880.8677,88398.731,87661.3389,88320.77,87876.6184,81309.9285,83741.2998,81753.7625,84825.1584,77923.1453,79124.577,80786.1756,72444.5038,74839.8623,76610.6452,76264.4379,74702.6677,74702.6677,65641.0993
European Union (27),Food Household Consumption,Emissions (CO2eq) from CH4 (AR5),kilotonnes,3242.4756,3394.608,3474.3492,3560.3624,3588.2112,3639.3,3753.106,3664.7044,3753.7192,3773.7728,3979.2284,3762.4356,3849.6472,3810.1252,3582.6504,3623.7712,3697.932,3703.322,3673.8996,3673.8996,3477.0861
European Union (27),Food Household Consumption,Emissions (CO2eq) from N2O (AR5),kilotonnes,204.421,215.8955,216.6375,222.1495,222.335,224.7465,228.9865,216.24,225.0645,223.4215,233.9685,219.049,224.1635,221.593,205.8255,209.456,212.371,212.3445,209.297,209.297,194.6126
European Union (27),Food Household Consumption,Emissions (CO2eq) (AR5),kilotonnes,85359.4389,89589.6893,89571.8544,92181.2429,91471.8851,92184.8165,91858.7109,85190.8729,87720.0835,85750.9568,89038.3553,81904.6299,83198.3877,84817.8938,76232.9797,78673.0895,80520.9482,80180.1044,78585.8643,78585.8643,69312.798
European Union (27),Food Transport,Emissions (CH4),kilotonnes,14.1447,13.5221,12.7588,11.8943,11.0149,10.0528,9.5211,8.9502,8.2365,7.7135,7.148,6.8409,6.4038,6.2121,6.07,6.0159,5.9336,5.864,5.7278,3.1154,3.008
European Union (27),Food Transport,Emissions (N2O),kilotonnes,3.4076,3.3245,3.3205,3.2972,3.2873,3.18,3.1693,3.199,3.0957,2.9595,2.9237,2.9014,2.8372,2.7337,2.7712,2.8258,2.8582,2.8825,2.8612,2.8637,2.6528
European Union (27),Food Transport,Emissions (CO2),kilotonnes,77375.8579,78501.2824,79363.8529,80351.2477,81880.3254,81494.2355,82399.1643,83264.9016,80946.6058,78394.2047,77728.315,77320.71,74435.023,73686.3371,74589.4082,75575.9813,76929.8547,77595.9858,76993.5518,80747.179,69840.3831
European Union (27),Food Transport,Emissions (CO2eq) from CH4 (AR5),kilotonnes,396.0516,378.6188,357.2464,333.0404,308.4172,281.4784,266.5908,250.6056,230.622,215.978,200.144,191.5452,179.3064,173.9388,169.96,168.4452,166.1408,164.192,160.3784,87.2312,84.2247
European Union (27),Food Transport,Emissions (CO2eq) from N2O (AR5),kilotonnes,903.014,880.9925,879.9325,873.758,871.1345,842.7,839.8645,847.735,820.3605,784.2675,774.7805,768.871,751.858,724.4305,734.368,748.837,757.423,763.8625,758.218,758.8805,702.9971
European Union (27),Food Transport,Emissions (CO2eq) (AR5),kilotonnes,78674.9235,79760.8937,80601.0318,81558.0461,83059.8771,82618.4139,83505.6196,84363.2422,81997.5883,79394.4502,78703.2395,78281.1262,75366.1874,74584.7064,75493.7362,76493.2635,77853.4185,78524.0403,77912.1482,81593.2907,70627.6049
European Union (27),Energy,Emissions (CH4),kilotonnes,5325.506,5234.475,5198.98,5210.599,5230.625,5144.351,5118.106,5036.828,4996.224,4854.168,4932.207,4854.565,4956.638,4935.003,4871.535,4929.8783,4768.3935,4738.745,4623.403,4320.053,4142.129
European Union (27),Energy,Emissions (N2O),kilotonnes,92.5682,94.3045,94.9404,98.0696,98.7982,96.8707,97.1986,98.2565,95.0923,91.4278,94.3075,92.086,90.4085,89.6483,87.6615,89.1468,89.1613,89.6198,89.4504,87.1137,81.2056
European Union (27),Energy,Emissions (CO2),kilotonnes,3300800,3386790,3375880,3432100,3430730,3412680,3435400,3378450,3310830,3070510,3165460,3069190,2984300,2920920,2779080,2829430,2839130,2858310,2832740,2707200,2372120
European Union (27),Energy,Emissions (CO2eq) from CH4 (AR5),kilotonnes,149114.168,146565.3,145571.44,145896.772,146457.5,144041.828,143306.968,141031.184,139894.272,135916.704,138101.796,135927.82,138785.864,138180.084,136402.98,138036.5924,133515.018,132684.86,129455.284,120961.484,115979.612
European Union (27),Energy,Emissions (CO2eq) from N2O (AR5),kilotonnes,24530.573,24990.6925,25159.206,25988.444,26181.523,25670.7355,25757.629,26037.9725,25199.4595,24228.367,24991.4875,24402.79,23958.2525,23756.7995,23230.2975,23623.902,23627.7445,23749.247,23704.356,23085.1305,21519.484
European Union (27),Energy,Emissions (CO2eq) (AR5),kilotonnes,3474444.741,3558345.993,3546610.646,3603985.216,3603369.023,3582392.564,3604464.597,3545519.157,3475923.732,3230655.071,3328553.284,3229520.61,3147044.117,3082856.884,2938713.278,2991090.494,2996272.763,3014744.107,2985899.64,2851246.615,2509619.096
European Union (27),IPPU,Emissions (CH4),kilotonnes,30.8081,30.26,30.4166,32.0709,32.7289,32.0435,31.4318,32.0701,29.8168,26.5068,29.6959,28.5375,27.6874,27.398,27.9139,27.401,27.5347,28.5761,27.793,26.1595,25.2213
European Union (27),IPPU,Emissions (N2O),kilotonnes,186.3079,175.5285,181.479,182.5126,179.5772,198.8579,181.2486,176.8645,140.9424,144.8004,131.2181,130.9024,138.6117,137.3549,138.9162,137.3785,137.2416,137.0648,133.264,122.1251,107.9681
European Union (27),IPPU,Emissions (CO2),kilotonnes,226993.4,223682,219153.2,224977.2,233003.5,235097.5,237478.5,243952.4,232125,196392.1,208334.3,208490.8,199625.3,193942.3,198479.2,205558.2,197780,203847.4,204200.7,201089.4,195316.1
European Union (27),IPPU,Emissions (CO2eq) from F-gases (AR5),kilotonnes,98790.8059,92458.27,97627.3242,101941.8173,106230.6562,112032.6141,120468.4156,128690.1396,138118.88,155953.1032,176187.1714,181617.8219,182837.3739,190161.0995,195513.5238,205220.6718,211688.1844,214303.2732,218468.602,211344.6692,197141.0183
European Union (27),IPPU,Emissions (CO2eq) from CH4 (AR5),kilotonnes,862.6268,847.28,851.6648,897.9853,916.4084,897.2172,880.0899,897.9624,834.8702,742.19,831.485,799.05,775.2474,767.1444,781.5898,767.2278,770.9726,800.132,778.2027,732.4649,706.1955
European Union (27),IPPU,Emissions (CO2eq) from N2O (AR5),kilotonnes,49371.5881,46515.055,48091.94,48365.8466,47587.9629,52697.3457,48030.8917,46869.0893,37349.7407,38372.0948,34772.7932,34689.1431,36732.089,36399.0474,36812.7998,36405.2906,36369.02,36322.1732,35314.9664,32363.1442,28611.5539
European Union (27),IPPU,Emissions (CO2eq) (AR5),kilotonnes,376018.4208,363502.605,365724.1291,376182.8492,387738.5275,400724.677,406857.8972,420409.5913,408428.4909,391459.4879,420125.7496,425596.8151,419970.0103,421269.5914,431587.1134,447951.3902,446608.1771,455272.9784,458762.4711,445529.6783,421774.8677
European Union (27),Waste,Emissions (CH4),kilotonnes,7997.41,7839.2,7768.94,7629.65,7585.45,7286.39,7380.39,7103.43,6909.48,6776.54,6658.84,6508.79,6442.28,6168.19,5961.34,5772.72,5648.56,5721.38,5648.59,5513.74,5395.7
European Union (27),Waste,Emissions (N2O),kilotonnes,37.4409,37.7837,38.1353,39.0403,38.7558,38.6957,39.1897,39.6963,39.7445,40.2035,40.4948,40.5997,39.9491,40.8608,39.9299,40.5649,40.7563,40.7474,40.7632,40.6182,41.0542
European Union (27),Waste,Emissions (CO2),kilotonnes,5785.879,6367.006,5936.769,7205.03,6348.196,5995.195,6489.943,6513.075,6334.209,6526.315,6774.8378,7002.6808,5974.2136,7550.4818,6083.6238,6870.3368,6832.9748,6669.178,6723.713,7230.0369,7136.7978
European Union (27),Waste,Emissions (CO2eq) from CH4 (AR5),kilotonnes,223927.48,219497.6,217530.32,213630.2,212392.6,204018.92,206650.92,198896.04,193465.44,189743.12,186447.52,182246.12,180383.84,172709.32,166917.52,161636.16,158159.68,160198.64,158160.52,154384.72,151079.6
European Union (27),Waste,Emissions (CO2eq) from N2O (AR5),kilotonnes,9921.8385,10012.6805,10105.8545,10345.6795,10270.287,10254.3605,10385.2705,10519.5195,10532.2925,10653.9275,10731.122,10758.9205,10586.5115,10828.112,10581.4235,10749.6985,10800.4195,10798.061,10802.248,10763.823,10879.363
European Union (27),Waste,Emissions (CO2eq) (AR5),kilotonnes,239635.1975,235877.2865,233572.9435,231180.9095,229011.083,220268.4755,223526.1335,215928.6345,210331.9415,206923.3625,203953.4798,200007.7213,196944.5651,191087.9138,183582.5673,179256.1953,175793.0743,177665.879,175686.481,172378.5799,169095.7608
European Union (27),Other,Emissions (N2O),kilotonnes,54.3475,53.6276,52.7516,52.4665,51.2472,49.4869,48.0943,46.4849,44.472,41.2845,40.6697,38.8094,36.9514,35.39,33.8776,33.7469,33.5019,33.1858,32.0109,28.4105,26.9764
European Union (27),Other,Emissions (CO2eq) from N2O (AR5),kilotonnes,14402.0875,14211.314,13979.174,13903.6225,13580.508,13114.0285,12744.9895,12318.4985,11785.08,10940.3925,10777.4705,10284.491,9792.121,9378.35,8977.564,8942.9285,8878.0035,8794.237,8482.8885,7528.7825,7148.746
European Union (27),Other,Emissions (CO2eq) (AR5),kilotonnes,14402.0875,14211.314,13979.174,13903.6225,13580.508,13114.0285,12744.9895,12318.4985,11785.08,10940.3925,10777.4705,10284.491,9792.121,9378.35,8977.564,8942.9285,8878.0035,8794.237,8482.8885,7528.7825,7148.746
European Union (27),Farm-gate emissions,Emissions (CH4),kilotonnes,9754.6117,9561.1938,9447.58,9297.7623,9212.453,9116.9153,9045.5188,9089.4356,9048.8682,8980.2089,8896.0686,8707.5081,8676.5546,8663.0676,8732.74,8800.1088,8811.3029,8769.6208,8602.7343,8537.0317,8503.4063
European Union (27),Farm-gate emissions,Direct emissions (N2O),kilotonnes,354.4661,351.4968,348.9973,348.0997,353.0237,340.1092,335.5944,345.7189,338.0498,324.6904,331.8006,327.2978,328.9089,337.56,344.4099,347.9249,345.5975,349.5209,336.4558,337.5382,333.6432
European Union (27),Farm-gate emissions,Indirect emissions (N2O),kilotonnes,115.6639,114.4542,113.7444,114.0155,114.4207,110.8129,109.5824,112.9792,109.5736,105.4477,108.0566,106.3453,106.8626,109.3042,111.2158,112.576,112.0577,113.2181,109.1751,109.088,108.1154
European Union (27),Farm-gate emissions,Emissions (N2O),kilotonnes,660.6942,654.5932,650.8964,649.5881,654.1156,637.5405,629.6593,643.3987,631.4575,612.9243,622.4477,614.7991,616.1353,627.4835,636.3665,642.2017,639.5066,645.1371,627.6303,628.7315,623.8588
European Union (27),Farm-gate emissions,Emissions (CO2),kilotonnes,218312.9775,217220.3301,213720.4726,215647.3113,217093.0365,217594.0208,212895.0086,211012.5243,210584.1731,208147.4421,209954.4208,208029.5221,206581.4335,207202.3254,204704.643,203515.6767,204413.4893,204765.0484,206798.0197,207281.5464,207454.4188
European Union (27),Farm-gate emissions,Emissions (CO2eq) from CH4 (AR5),kilotonnes,273129.1265,267713.4266,264532.2406,260337.3444,257948.6834,255273.6291,253274.5264,254504.1962,253368.3094,251445.8494,249089.9196,243810.2263,242943.5279,242565.8937,244516.721,246403.0461,246716.4819,245549.381,240876.5616,239036.8886,238095.3763
European Union (27),Farm-gate emissions,Emissions (CO2eq) from N2O (AR5),kilotonnes,175083.9733,173467.2092,172487.5356,172140.8486,173340.6432,168948.2195,166859.7259,170500.6622,167336.2458,162424.9277,164948.628,162921.7682,163275.8614,166283.123,168637.1307,170183.4555,169469.2431,170961.3441,166322.0327,166613.8378,165322.5832
European Union (27),Farm-gate emissions,Emissions (CO2eq) (AR5),kilotonnes,666526.0772,658400.9659,650740.2488,648125.5043,648382.363,641815.8694,633029.2609,636017.3826,631288.7283,622018.2192,623992.9684,614761.5167,612800.8229,616051.3421,617858.4948,620102.1784,620599.2143,621275.7734,613996.6139,612932.2727,610872.3783
European Union (27),Land Use change,Emissions (CH4),kilotonnes,0,0,0,0,0,0,0,0,0,0,0,0,0,0,0,0,0,0,0,0,0
European Union (27),Land Use change,Emissions (N2O),kilotonnes,0,0,0,0,0,0,0,0,0,0,0,0,0,0,0,0,0,0,0,0,0
European Union (27),Land Use change,Emissions (CO2),kilotonnes,45901.4787,65560.4251,65560.4251,65560.4251,65560.4251,65560.4251,65560.4251,65560.4251,65560.4251,65560.4251,65560.4251,46351.6174,46351.6174,46351.6174,46351.6174,46351.6174,39774.5569,39774.5569,39774.5569,39774.5569,39774.5569
European Union (27),Land Use change,Emissions (CO2eq) from CH4 (AR5),kilotonnes,0,0,0,0,0,0,0,0,0,0,0,0,0,0,0,0,0,0,0,0,0
European Union (27),Land Use change,Emissions (CO2eq) from N2O (AR5),kilotonnes,0,0,0,0,0,0,0,0,0,0,0,0,0,0,0,0,0,0,0,0,0
European Union (27),Land Use change,Emissions (CO2eq) (AR5),kilotonnes,45901.4787,65560.4251,65560.4251,65560.4251,65560.4251,65560.4251,65560.4251,65560.4251,65560.4251,65560.4251,65560.4251,46351.6174,46351.6174,46351.6174,46351.6174,46351.6174,39774.5569,39774.5569,39774.5569,39774.5569,39774.5569
European Union (27),Emissions on agricultural land,Emissions (CH4),kilotonnes,9754.6117,9561.1938,9447.58,9297.7623,9212.453,9116.9153,9045.5188,9089.4356,9048.8682,8980.2089,8896.0686,8707.5081,8676.5546,8663.0676,8732.74,8800.1088,8811.3029,8769.6208,8602.7343,8537.0317,8503.4063
European Union (27),Emissions on agricultural land,Emissions (N2O),kilotonnes,660.6942,654.5932,650.8964,649.5881,654.1156,637.5405,629.6593,643.3987,631.4575,612.9243,622.4477,614.7991,616.1353,627.4835,636.3665,642.2017,639.5066,645.1371,627.6303,628.7315,623.8588
European Union (27),Emissions on agricultural land,Emissions (CO2),kilotonnes,264214.4562,282780.7552,279280.8977,281207.7364,282653.4616,283154.4459,278455.4337,276572.9494,276144.5982,273707.8672,275514.8459,254381.1395,252933.0509,253553.9428,251056.2604,249867.2941,244188.0462,244539.6053,246572.5766,247056.1033,247228.9757
European Union (27),Emissions on agricultural land,Emissions (CO2eq) from CH4 (AR5),kilotonnes,273129.1265,267713.4266,264532.2406,260337.3444,257948.6834,255273.6291,253274.5264,254504.1962,253368.3094,251445.8494,249089.9196,243810.2263,242943.5279,242565.8937,244516.721,246403.0461,246716.4819,245549.381,240876.5616,239036.8886,238095.3763
European Union (27),Emissions on agricultural land,Emissions (CO2eq) from N2O (AR5),kilotonnes,175083.9733,173467.2092,172487.5356,172140.8486,173340.6432,168948.2195,166859.7259,170500.6622,167336.2458,162424.9277,164948.628,162921.7682,163275.8614,166283.123,168637.1307,170183.4555,169469.2431,170961.3441,166322.0327,166613.8378,165322.5832
European Union (27),Emissions on agricultural land,Emissions (CO2eq) (AR5),kilotonnes,712427.5559,723961.391,716300.6739,713685.9294,713942.7881,707376.2945,698589.686,701577.8077,696849.1534,687578.6443,689553.3935,661113.1341,659152.4403,662402.9595,664210.1122,666453.7958,660373.7712,661050.3304,653771.1708,652706.8296,650646.9352
European Union (27),Pre- and post- production,Emissions (CH4),kilotonnes,4272.1421,4320.603,3692.7996,3981.6337,3824.5918,3455.1567,3392.4167,3671.3669,3193.063,3171.0719,3149.5029,3028.7033,3008.4776,3044.1706,2924.6502,2910.2039,2893.6331,2899.7662,2906.8714,2929.6519,2903.5515
European Union (27),Pre- and post- production,Emissions (N2O),kilotonnes,46.6752,47.2377,47.372,48.3585,48.6253,48.42,49.0727,48.9135,49.3482,50.2794,50.3773,50.0334,50.3118,50.7789,51.5386,49.892,50.3918,55.8462,55.5483,56.3241,56.466
European Union (27),Pre- and post- production,Emissions (CO2),kilotonnes,393380.603,400602.544,409845.8265,419493.7337,416452.397,417579.3445,415532.7738,410030.6793,407841.1319,389246.455,393460.7523,381796.9203,379527.148,391875.2845,385256.567,396387.1124,402538.7333,408469.5912,404204.3225,411031.8599,363629.024
European Union (27),Pre- and post- production,Emissions (CO2eq) from F-gases (AR5),kilotonnes,44181.9165,52318.3255,59806.918,67872.675,75645.9535,85314.8875,93128.1675,100849.496,102368.514,103252.1835,103829.348,103875.5835,103853.245,103808.568,103808.568,103808.568,82375.037,83831.1955,85289.9515,86745.5905,78494.8096
European Union (27),Pre- and post- production,Emissions (CO2eq) from CH4 (AR5),kilotonnes,119619.9779,120976.8848,103398.3882,111485.7425,107088.5698,96744.3868,94987.6669,102798.2723,89405.7653,88790.0124,88186.081,84803.6924,84237.3732,85236.7781,81890.2062,81485.71,81021.7273,81193.4548,81392.3995,82030.2539,81299.4433
European Union (27),Pre- and post- production,Emissions (CO2eq) from N2O (AR5),kilotonnes,12368.9169,12517.9911,12553.5833,12814.9896,12885.7006,12831.302,13004.2593,12962.0729,13077.2627,13324.0535,13349.995,13258.8487,13332.6373,13456.4083,13657.7414,13221.3763,13353.8277,14799.2398,14720.296,14925.8985,14963.5016
European Union (27),Pre- and post- production,Emissions (CO2eq) (AR5),kilotonnes,569551.4143,586415.7454,585604.716,611667.1408,612072.621,612469.9208,616652.8674,626640.5205,612692.674,594612.7044,598826.1762,583735.045,580950.4035,594377.0388,584613.0825,594902.7666,579289.3254,588293.4813,585606.9695,594733.6028,538386.7784
European Union (27),Agri-food systems,Emissions (CH4),kilotonnes,14026.7537,13881.7968,13140.3796,13279.396,13037.0448,12572.072,12437.9355,12760.8024,12241.9312,12151.2808,12045.5714,11736.2114,11685.0322,11707.2383,11657.3903,11710.3127,11704.936,11669.387,11509.6058,11466.6837,11406.9578
European Union (27),Agri-food systems,Emissions (N2O),kilotonnes,707.3694,701.8309,698.2684,697.9466,702.7409,685.9605,678.732,692.3122,680.8057,663.2037,672.825,664.8325,666.4472,678.2624,687.9052,692.0937,689.8984,700.9833,683.1786,685.0556,680.3248
European Union (27),Agri-food systems,Emissions (CO2),kilotonnes,657595.0592,683383.2992,689126.7242,700701.4701,699105.8586,700733.7904,693988.2075,686603.6287,683985.7302,662954.3222,668975.5982,636178.0598,632460.1989,645429.2272,636312.8275,646254.4065,646726.7796,653009.1965,650776.8991,658087.9632,610857.9997
European Union (27),Agri-food systems,Emissions (CO2eq) from F-gases (AR5),kilotonnes,44181.9165,52318.3255,59806.918,67872.675,75645.9535,85314.8875,93128.1675,100849.496,102368.514,103252.1835,103829.348,103875.5835,103853.245,103808.568,103808.568,103808.568,82375.037,83831.1955,85289.9515,86745.5905,78494.8096
European Union (27),Agri-food systems,Emissions (CO2eq) from CH4 (AR5),kilotonnes,392749.1043,388690.3114,367930.6288,371823.0869,365037.2532,352018.0159,348262.1933,357302.4685,342774.0747,340235.8618,337276.0005,328613.9188,327180.9012,327802.6718,326406.9272,327888.7561,327738.2092,326742.8358,322268.9611,321067.1424,319394.8195
European Union (27),Agri-food systems,Emissions (CO2eq) from N2O (AR5),kilotonnes,187452.8902,185985.2003,185041.1188,184955.8382,186226.3437,181779.5215,179863.9852,183462.7351,180413.5085,175748.9812,178298.623,176180.6169,176608.4987,179739.5313,182294.8721,183404.8318,182823.0708,185760.5838,181042.3287,181539.7363,180286.0848
European Union (27),Agri-food systems,Emissions (CO2eq) (AR5),kilotonnes,1281978.97,1310377.136,1301905.39,1325353.07,1326015.409,1319846.215,1315242.553,1328218.328,1309541.827,1282191.349,1288379.57,1244848.179,1240102.844,1256779.998,1248823.195,1261356.562,1239663.097,1249343.812,1239378.14,1247440.432,1189033.714
European Union (27),IPCC Agriculture,Emissions (CH4),kilotonnes,9720.5246,9523.9869,9415.881,9267.0871,9181.5858,9084.8861,9011.0428,9055.8126,9014.2079,8947.2775,8860.3336,8674.5215,8643.1651,8630.4726,8702.2186,8771.5681,8781.2996,8740.1041,8573.6194,8508.1978,8474.5723
European Union (27),IPCC Agriculture,Emissions (CH4),kilotonnes,8982.9909,8926.3965,8785.5814,8741.3733,8591.7066,8531.1155,8482.8528,8545.0838,8440.5071,8401.3921,8246.0781,8197.3222,8176.7325,8174.0635,8254.6169,8340.7448,8347.0684,8357.3667,8316.2445,8247.9134,8256.4455
European Union (27),IPCC Agriculture,Direct emissions (N2O),kilotonnes,354.4661,351.4968,348.9973,348.0997,353.0237,340.1092,335.5944,345.7189,338.0498,324.6904,331.8006,327.2978,328.9089,337.56,344.4099,347.9249,345.5975,349.5209,336.4558,337.5382,333.6432
European Union (27),IPCC Agriculture,Indirect emissions (N2O),kilotonnes,115.6639,114.4542,113.7444,114.0155,114.4207,110.8129,109.5824,112.9792,109.5736,105.4477,108.0566,106.3453,106.8626,109.3042,111.2158,112.576,112.0577,113.2181,109.1751,109.088,108.1154
European Union (27),IPCC Agriculture,Emissions (N2O),kilotonnes,638.6148,633.0731,629.5799,627.8558,632.0942,615.4156,609.0984,623.3481,611.7049,593.6233,603.3953,596.1225,598.1911,609.2107,618.3609,623.8816,620.9511,626.3025,608.3138,609.1528,604.2801
European Union (27),IPCC Agriculture,Emissions (N2O),kilotonnes,589.4409,588.1852,575.9004,564.0179,574.6786,561.8245,556.1161,562.5818,560.1841,546.3171,544.9514,544.8175,544.145,553.1259,565.7821,563.5736,565.4892,575.3183,567.2508,560.0957,560.7326
European Union (27),IPCC Agriculture,Emissions (CO2),kilotonnes,10172.5414,9985.15,9658.0775,9644.8637,9295.9172,9121.1254,8740.1678,8866.2879,8778.1354,8739.6029,8807.6649,8878.5929,9204.8936,9792.6473,9843.4527,9810.0137,10423.252,9956.085,10069.9227,9319.8709,9722.1697
European Union (27),IPCC Agriculture,Emissions (CO2eq) from CH4 (AR5),kilotonnes,272174.6896,266671.633,263644.6678,259478.439,257084.4029,254376.8102,252309.1974,253562.7529,252397.8215,250523.7692,248089.3394,242886.602,242008.6225,241653.2342,243662.1203,245603.9078,245876.3894,244722.9139,240061.3442,238229.5378,237288.0255
European Union (27),IPCC Agriculture,Emissions (CO2eq) from CH4 (AR5),kilotonnes,251523.744,249939.1012,245996.2797,244758.4514,240567.7856,238871.2345,237519.8786,239262.346,236334.1975,235238.98,230890.188,229525.0227,228948.5104,228873.7778,231129.2718,233540.8546,233717.916,234006.2675,232854.8463,230941.5764,231180.4734
European Union (27),IPCC Agriculture,Emissions (CO2eq) from N2O (AR5),kilotonnes,169232.9117,167764.3613,166838.6748,166381.7925,167504.9621,163085.1447,161411.0873,165187.2578,162101.8035,157310.1703,159899.7447,157972.466,158520.6408,161440.841,163865.6508,165328.6183,164552.0539,165970.1598,161203.1592,161425.4799,160134.2253
European Union (27),IPCC Agriculture,Emissions (CO2eq) from N2O (AR5),kilotonnes,156201.8464,155869.0776,152613.6101,149464.7313,152289.8347,148883.4836,147370.7667,149084.1898,148448.7925,144774.0294,144412.1326,144376.6491,144198.4365,146578.355,149932.2696,149346.9973,149854.6256,152459.3566,150321.4633,148425.3506,148594.1314
European Union (27),IPCC Agriculture,Emissions (CO2eq) (AR5),kilotonnes,441407.6013,434435.9943,430483.3427,425860.2315,424589.365,417461.9549,413720.2847,418750.0106,414499.625,407833.9395,407989.0841,400859.068,400529.2633,403094.0752,407527.7711,410932.5261,410428.4432,410693.0737,401264.5034,399655.0176,397422.2507
European Union (27),IPCC Agriculture,Emissions (CO2eq) (AR5),kilotonnes,417898.1318,415793.3287,408267.9673,403868.0464,402153.5376,396875.8435,393630.8131,397212.8236,393561.1254,388752.6123,384109.9855,382780.2647,382351.8405,385244.7801,390904.9942,392697.8656,393995.7937,396421.7091,393246.2323,388686.7979,389496.7745
European Union (27),Agricultural Soils,Direct emissions (N2O),kilotonnes,354.4661,351.4968,348.9973,348.0997,353.0237,340.1092,335.5944,345.7189,338.0498,324.6904,331.8006,327.2978,328.9089,337.56,344.4099,347.9249,345.5975,349.5209,336.4558,337.5382,333.6432
European Union (27),Agricultural Soils,Direct emissions (N2O),kilotonnes,420.1621,419.5094,409.7365,400.9358,410.3786,399.2852,395.144,398.8961,398.2977,387.8241,387.5208,388.153,387.4381,395.7345,406.0688,403.7445,405.1166,413.7125,407.5498,402.998,403.5757
European Union (27),Agricultural Soils,Indirect emissions (N2O),kilotonnes,115.6639,114.4542,113.7444,114.0155,114.4207,110.8129,109.5824,112.9792,109.5736,105.4477,108.0566,106.3453,106.8626,109.3042,111.2158,112.576,112.0577,113.2181,109.1751,109.088,108.1154
European Union (27),Agricultural Soils,Indirect emissions (N2O),kilotonnes,95.2989,95.3483,93.47,90.8485,93.2201,91.1854,90.0484,91.5495,91.3914,88.9374,89.0355,89.1457,89.5489,90.9133,93.144,92.453,93.2677,94.4901,92.4393,90.966,90.6535
European Union (27),Agricultural Soils,Emissions (N2O),kilotonnes,564.1584,559.9731,556.6606,555.8669,561.2531,544.9251,539.2741,552.9187,541.9687,524.6301,534.6819,528.7596,530.9814,542.0901,550.7843,555.6652,552.6566,557.8824,541.4044,542.5586,537.8135
European Union (27),Agricultural Soils,Emissions (N2O),kilotonnes,515.4609,514.8577,503.2065,491.7843,503.5987,490.4706,485.1924,490.4456,489.6891,476.7614,476.5562,477.2987,476.9871,486.6478,499.2127,496.1975,498.3843,508.2026,499.9891,493.964,494.2292
European Union (27),Agricultural Soils,Emissions (CO2eq) from N2O (AR5),kilotonnes,149501.97,148392.8662,147515.0677,147304.739,148732.0652,144405.1477,142907.6297,146523.4663,143621.7096,139026.9878,141690.7164,140121.284,140710.0677,143653.869,145957.8281,147251.275,146453.9959,147838.835,143472.1545,143778.0275,142520.5786
European Union (27),Agricultural Soils,Emissions (CO2eq) from N2O (AR5),kilotonnes,136597.1517,136437.2929,133349.7213,130322.8484,133453.6571,129974.7087,128575.985,129968.0959,129767.6043,126341.78,126287.4039,126484.144,126401.5769,128961.6656,132291.3787,131492.3325,132071.8295,134673.6889,132497.1153,130900.4616,130970.7464
European Union (27),Agricultural Soils,Emissions (CO2eq) (AR5),kilotonnes,149501.97,148392.8662,147515.0677,147304.739,148732.0652,144405.1477,142907.6297,146523.4663,143621.7096,139026.9878,141690.7164,140121.284,140710.0677,143653.869,145957.8281,147251.275,146453.9959,147838.835,143472.1545,143778.0275,142520.5786
European Union (27),Agricultural Soils,Emissions (CO2eq) (AR5),kilotonnes,136597.1517,136437.2929,133349.7213,130322.8484,133453.6571,129974.7087,128575.985,129968.0959,129767.6043,126341.78,126287.4039,126484.144,126401.5769,128961.6656,132291.3787,131492.3325,132071.8295,134673.6889,132497.1153,130900.4616,130970.7464
European Union (27),LULUCF,Emissions (CH4),kilotonnes,11.998,0.6788,1.307,5.1942,1.2192,4.5156,2.3871,3.8525,0.9214,1.4627,1.1326,2.0671,3.1577,0.9957,1.6833,1.1811,3.569,14.4703,1.2841,2.1652,3.4707
European Union (27),LULUCF,Emissions (N2O),kilotonnes,0.6637,0.062,0.1193,0.4743,0.1113,0.4123,0.218,0.3518,0.0841,0.1336,0.1034,0.1887,0.2883,0.0909,0.1537,0.1078,0.3259,1.3212,0.1172,0.1977,0.3169
European Union (27),LULUCF,Emissions (CO2),kilotonnes,-205103.4615,-244126.9988,-244269.9472,-244508.3409,-244427.4644,-244152.3071,-244018.4984,-243845.8245,-243669.6178,-243461.442,-242990.1506,-503635.1878,-503503.0522,-503480.5948,-503577.6828,-503569.9141,-162861.6921,-162662.4917,-161772.3898,-161538.4017,-161365.5292
European Union (27),LULUCF,Emissions (CO2eq) from CH4 (AR5),kilotonnes,335.9446,19.0071,36.5947,145.4381,34.1366,126.437,66.8395,107.8701,25.7998,40.9569,31.7115,57.8802,88.4148,27.8804,47.1314,33.0716,99.9326,405.1687,35.9547,60.6252,97.1809
European Union (27),LULUCF,Emissions (CO2eq) from N2O (AR5),kilotonnes,175.8861,16.4246,31.6226,125.6775,29.4984,109.2581,57.7581,93.2139,22.2944,35.3921,27.4029,50.016,76.4019,24.0923,40.7277,28.5782,86.3548,350.1186,31.0696,52.3881,83.9769
European Union (27),LULUCF,Emissions (CO2eq) (AR5),kilotonnes,-204591.6308,-244091.567,-244201.7299,-244237.2253,-244363.8294,-243916.612,-243893.9008,-243644.7405,-243621.5237,-243385.0929,-242931.0362,-503527.2917,-503338.2354,-503428.6221,-503489.8238,-503508.2643,-162675.4047,-161907.2045,-161705.3655,-161425.3884,-161184.3714
European Union (27),AFOLU,Emissions (CH4),kilotonnes,9732.5227,9524.6657,9417.1879,9272.2813,9182.805,9089.4017,9013.4299,9059.6651,9015.1293,8948.7402,8861.4661,8676.5886,8646.3228,8631.4684,8703.9018,8772.7493,8784.8686,8754.5744,8574.9035,8510.363,8478.0431
European Union (27),AFOLU,Emissions (N2O),kilotonnes,639.2785,633.135,629.6992,628.3301,632.2055,615.8279,609.3164,623.6999,611.789,593.7568,603.4987,596.3113,598.4794,609.3016,618.5146,623.9894,621.277,627.6237,608.4311,609.3504,604.597
European Union (27),AFOLU,Emissions (CO2),kilotonnes,-205103.4615,-244126.9988,-244269.9472,-244508.3409,-244427.4644,-244152.3071,-244018.4984,-243845.8245,-243669.6178,-243461.442,-242990.1506,-503635.1878,-503503.0522,-503480.5948,-503577.6828,-503569.9141,-162861.6921,-162662.4917,-161772.3898,-161538.4017,-161365.5292
European Union (27),AFOLU,Emissions (CO2eq) from CH4 (AR5),kilotonnes,272510.6342,266690.6401,263681.2626,259623.8771,257118.5395,254503.2472,252376.0369,253670.623,252423.6213,250564.7261,248121.0509,242944.4821,242097.0374,241681.1146,243709.2516,245636.9794,245976.322,245128.0826,240097.2989,238290.1629,237385.2063
European Union (27),AFOLU,Emissions (CO2eq) from N2O (AR5),kilotonnes,169408.7978,167780.7859,166870.2974,166507.47,167534.4605,163194.4027,161468.8454,165280.4716,162124.0979,157345.5624,159927.1476,158022.4821,158597.0427,161464.9333,163906.3785,165357.1965,164638.4087,166320.2784,161234.2288,161477.8679,160218.2022
European Union (27),AFOLU,Emissions (CO2eq) (AR5),kilotonnes,236815.9705,190344.4273,186281.6128,181623.0063,180225.5356,173545.3429,169826.3839,175105.2701,170878.1014,164448.8465,165058.0479,-102668.2236,-102808.9721,-100334.5469,-95962.0527,-92575.7382,247753.0385,248785.8692,239559.138,238229.6292,236237.8794
European Union (27),All sectors with LULUCF,Emissions (CH4),kilotonnes,23086.2468,22628.6007,22415.5246,22144.6012,22031.6089,21552.1862,21543.3577,21231.9932,20950.6501,20605.955,20482.209,20068.4811,20072.9282,19762.0594,19564.6908,19502.7486,19229.3569,19243.2755,18874.6895,18370.3154,18041.0934
European Union (27),All sectors with LULUCF,Emissions (N2O),kilotonnes,1009.943,994.3794,997.0056,1000.4191,1000.5839,999.7391,975.0476,985.0021,932.0403,911.473,910.1888,898.7088,904.4001,912.5556,918.8999,924.8265,921.9381,928.2415,903.9196,887.6179,861.8013
European Union (27),All sectors with LULUCF,Emissions (CO2),kilotonnes,3328475.818,3372712.007,3356700.022,3419773.889,3425654.232,3409620.388,3435349.945,3385069.651,3305619.591,3029966.973,3137578.987,2781048.293,2686396.461,2618932.187,2480065.141,2538288.623,2880881.283,2906164.086,2881892.023,2753981.035,2413207.369
European Union (27),All sectors with LULUCF,Emissions (CO2eq) from F-gases (AR5),kilotonnes,98790.8059,92458.27,97627.3242,101941.8173,106230.6562,112032.6141,120468.4156,128690.1396,138118.88,155953.1032,176187.1714,181617.8219,182837.3739,190161.0995,195513.5238,205220.6718,211688.1844,214303.2732,218468.602,211344.6692,197141.0183
European Union (27),All sectors with LULUCF,Emissions (CO2eq) from CH4 (AR5),kilotonnes,646414.9091,633600.8202,627634.6874,620048.8344,616885.0479,603461.2125,603214.0148,594495.8094,586618.2035,576966.7401,573501.852,561917.4721,562041.9888,553337.663,547811.3415,546076.9596,538421.9926,538811.7146,528491.3056,514368.8318,505150.6138
European Union (27),All sectors with LULUCF,Emissions (CO2eq) from N2O (AR5),kilotonnes,267634.8849,263510.5279,264206.472,265111.0626,265154.7414,264930.8729,258387.6261,261025.5514,246990.6706,241540.3442,241200.0207,238157.8267,239666.0167,241827.2422,243508.4633,245079.0161,244313.5962,245983.9965,239538.6877,235218.7482,228377.3491
European Union (27),All sectors with LULUCF,Emissions (CO2eq) (AR5),kilotonnes,4341316.417,4362281.625,4346168.505,4406875.604,4413924.677,4390045.087,4417420.001,4369281.151,4277347.345,4004427.161,4128468.031,3762741.414,3670941.841,3604258.192,3466898.47,3534665.27,3875305.056,3905263.071,3868390.619,3714913.284,3343876.35
European Union (27),All sectors without LULUCF,Emissions (CH4),kilotonnes,23074.2487,22627.9219,22414.2176,22139.407,22030.3897,21547.6706,21540.9705,21228.1407,20949.7287,20604.4923,20481.0764,20066.414,20069.7705,19761.0637,19563.0075,19501.5674,19225.7879,19228.8052,18873.4054,18368.1502,18037.6226
European Union (27),All sectors without LULUCF,Emissions (N2O),kilotonnes,1009.2792,994.3174,996.8862,999.9448,1000.4726,999.3268,974.8297,984.6503,931.9561,911.3394,910.0854,898.52,904.1118,912.4647,918.7462,924.7186,921.6122,926.9203,903.8023,887.4202,861.4844
European Union (27),All sectors without LULUCF,Emissions (CO2),kilotonnes,3533579.279,3616839.006,3600969.969,3664282.23,3670081.696,3653772.695,3679368.443,3628915.475,3549289.209,3273428.415,3380569.138,3284683.481,3189899.514,3122412.782,2983642.824,3041858.537,3043742.975,3068826.578,3043664.413,2915519.437,2574572.898
European Union (27),All sectors without LULUCF,Emissions (CO2eq) from F-gases (AR5),kilotonnes,98790.8059,92458.27,97627.3242,101941.8173,106230.6562,112032.6141,120468.4156,128690.1396,138118.88,155953.1032,176187.1714,181617.8219,182837.3739,190161.0995,195513.5238,205220.6718,211688.1844,214303.2732,218468.602,211344.6692,197141.0183
European Union (27),All sectors without LULUCF,Emissions (CO2eq) from CH4 (AR5),kilotonnes,646078.9644,633581.8131,627598.0927,619903.3963,616850.9113,603334.7754,603147.1752,594387.9392,586592.4037,576925.7832,573470.1404,561859.592,561953.5739,553309.7826,547764.2101,546043.888,538322.06,538406.546,528455.3508,514308.2066,505053.4329
European Union (27),All sectors without LULUCF,Emissions (CO2eq) from N2O (AR5),kilotonnes,267458.9988,263494.1033,264174.8494,264985.3851,265125.243,264821.6149,258329.868,260932.3376,246968.3762,241504.952,241172.6179,238107.8107,239589.6147,241803.1499,243467.7356,245050.4379,244227.2414,245633.878,239507.6181,235166.3601,228293.3721
European Union (27),All sectors without LULUCF,Emissions (CO2eq) (AR5),kilotonnes,4545908.048,4606373.192,4590370.235,4651112.829,4658288.507,4633961.699,4661313.902,4612925.891,4520968.869,4247812.253,4371399.068,4266268.705,4174280.076,4107686.814,3970388.293,4038173.535,4037980.461,4067170.275,4030095.984,3876338.673,3505060.721
Least Developed Countries,Crop Residues,Direct emissions (N2O),kilotonnes,27.8976,29.3927,29.7061,31.6715,30.4651,34.7771,35.6173,36.6586,38.4683,39.9496,42.364,41.814,42.5166,43.91,45.1234,43.7671,45.2724,46.3372,47.9017,47.4332,48.0379
Least Developed Countries,Crop Residues,Indirect emissions (N2O),kilotonnes,6.277,6.6133,6.6839,7.1261,6.8546,7.8248,8.0139,8.2482,8.6554,8.9887,9.5319,9.4082,9.5662,9.8797,10.1528,9.8476,10.1863,10.4259,10.7779,10.6725,10.8085
Least Developed Countries,Crop Residues,Emissions (N2O),kilotonnes,34.1746,36.006,36.39,38.7976,37.3197,42.6019,43.6312,44.9068,47.1236,48.9383,51.8959,51.2222,52.0828,53.7897,55.2762,53.6147,55.4586,56.763,58.6796,58.1057,58.8464
Least Developed Countries,Crop Residues,Emissions (CO2eq) from N2O (AR5),kilotonnes,9056.262,9541.5904,9643.3444,10281.3694,9889.7305,11289.5105,11562.2615,11900.2899,12487.7644,12968.6383,13752.4265,13573.8766,13801.947,14254.2809,14648.198,14207.8868,14696.5418,15042.2026,15550.0847,15398.0116,15594.2978
Least Developed Countries,Crop Residues,Emissions (CO2eq) (AR5),kilotonnes,9056.262,9541.5904,9643.3444,10281.3694,9889.7305,11289.5105,11562.2615,11900.2899,12487.7644,12968.6383,13752.4265,13573.8766,13801.947,14254.2809,14648.198,14207.8868,14696.5418,15042.2026,15550.0847,15398.0116,15594.2978
Least Developed Countries,Rice Cultivation,Emissions (CH4),kilotonnes,3093.4109,3119.0012,3167.9264,3236.445,3223.0653,3435.9726,3569.0173,3524.312,3716.3908,3750.3588,3937.628,3864.031,3780.2152,3735.2095,3756.86,3719.5466,3686.6541,3814.4373,3995.1456,3954.1894,3991.4332
Least Developed Countries,Rice Cultivation,Emissions (CO2eq) from CH4 (AR5),kilotonnes,86615.5053,87332.0322,88701.94,90620.4593,90245.8288,96207.2342,99932.4836,98680.7373,104058.9424,105010.0456,110253.5854,108192.8692,105846.0252,104585.8661,105192.0812,104147.3046,103226.3147,106804.2452,111864.0769,110717.3038,111760.1305
Least Developed Countries,Rice Cultivation,Emissions (CO2eq) (AR5),kilotonnes,86615.5053,87332.0322,88701.94,90620.4593,90245.8288,96207.2342,99932.4836,98680.7373,104058.9424,105010.0456,110253.5854,108192.8692,105846.0252,104585.8661,105192.0812,104147.3046,103226.3147,106804.2452,111864.0769,110717.3038,111760.1305
Least Developed Countries,Burning - Crop residues,Emissions (CH4),kilotonnes,80.6516,82.1687,85.1638,93.5251,92.2347,98.2732,98.4634,99.0219,107.7886,107.9058,115.5111,117.2812,117.4092,122.1484,123.8463,121.5436,125.3444,130.7024,129.9476,129.2336,132.5954
Least Developed Countries,Burning - Crop residues,Emissions (N2O),kilotonnes,2.091,2.1303,2.2079,2.4247,2.3913,2.5478,2.5528,2.5672,2.7945,2.7976,2.9947,3.0406,3.0439,3.1668,3.2108,3.1511,3.2497,3.3886,3.369,3.3505,3.4377
Least Developed Countries,Burning - Crop residues,Emissions (CO2eq) from CH4 (AR5),kilotonnes,2258.2453,2300.7224,2384.5859,2618.7039,2582.5711,2751.6503,2756.974,2772.6127,3018.082,3021.3628,3234.3113,3283.8726,3287.4565,3420.1562,3467.6971,3403.22,3509.6424,3659.6684,3638.5333,3618.5398,3712.6716
Least Developed Countries,Burning - Crop residues,Emissions (CO2eq) from N2O (AR5),kilotonnes,554.1065,564.5291,585.1067,642.5523,633.6864,675.1735,676.4797,680.317,740.5479,741.3529,793.6042,805.765,806.6444,839.205,850.8701,835.0494,861.1622,897.9742,892.7883,887.8825,910.9796
Least Developed Countries,Burning - Crop residues,Emissions (CO2eq) (AR5),kilotonnes,2812.3517,2865.2515,2969.6926,3261.2563,3216.2575,3426.8238,3433.4538,3452.9297,3758.6299,3762.7158,4027.9154,4089.6377,4094.1009,4259.3612,4318.5672,4238.2694,4370.8046,4557.6426,4531.3216,4506.4223,4623.6513
Least Developed Countries,Enteric Fermentation,Emissions (CH4),kilotonnes,10731.4885,10951.8316,11378.0706,11719.1995,11927.3835,12317.366,12650.9992,13068.0017,13578.9888,13944.2687,14328.0858,14508.2318,15087.6147,15462.706,15847.7144,16207.744,16522.3009,16883.1454,17234.7584,17813.1146,18322.2498
Least Developed Countries,Enteric Fermentation,Emissions (CO2eq) from CH4 (AR5),kilotonnes,300481.6784,306651.2841,318585.9762,328137.5858,333966.7368,344886.2467,354227.9763,365904.0465,380211.687,390439.5248,401186.4032,406230.4917,422453.2122,432955.7693,443736.0039,453816.8333,462624.4253,472728.0714,482573.2343,498767.209,513022.9943
Least Developed Countries,Enteric Fermentation,Emissions (CO2eq) (AR5),kilotonnes,300481.6784,306651.2841,318585.9762,328137.5858,333966.7368,344886.2467,354227.9763,365904.0465,380211.687,390439.5248,401186.4032,406230.4917,422453.2122,432955.7693,443736.0039,453816.8333,462624.4253,472728.0714,482573.2343,498767.209,513022.9943
Least Developed Countries,Manure Management,Emissions (CH4),kilotonnes,532.2959,543.3382,567.0882,582.6605,594.0596,615.617,633.9277,668.782,695.1351,717.1729,744.8016,744.9861,799.517,821.7435,847.9087,885.6452,909.8154,939.7862,961.1777,996.1445,1004.4268
Least Developed Countries,Manure Management,Emissions (N2O),kilotonnes,24.5884,24.689,25.3682,25.9261,26.7308,27.7181,28.4875,29.3389,30.5643,31.4106,32.4738,33.8332,35.0935,35.7962,37.0369,38.27,39.3065,41.1983,42.8769,44.7693,45.4067
Least Developed Countries,Manure Management,Emissions (CO2eq) from CH4 (AR5),kilotonnes,14904.2853,15213.4691,15878.4695,16314.4941,16633.6677,17237.2749,17749.9747,18725.8966,19463.7816,20080.8417,20854.4459,20859.611,22386.4759,23008.8172,23741.4429,24798.0652,25474.8313,26314.0132,26912.9744,27892.0449,28123.9504
Least Developed Countries,Manure Management,Emissions (CO2eq) from N2O (AR5),kilotonnes,6515.9302,6542.5876,6722.5734,6870.4218,7083.6547,7345.2975,7549.1768,7774.8195,8099.5355,8323.8169,8605.5639,8965.7963,9299.7839,9486.0024,9814.7842,10141.5453,10416.2237,10917.5505,11362.3911,11863.8637,12032.7626
Least Developed Countries,Manure Management,Emissions (CO2eq) (AR5),kilotonnes,21420.2155,21756.0567,22601.0429,23184.9159,23717.3223,24582.5724,25299.1515,26500.7161,27563.3171,28404.6586,29460.0098,29825.4072,31686.2598,32494.8196,33556.2271,34939.6105,35891.055,37231.5637,38275.3655,39755.9086,40156.7129
Least Developed Countries,Manure left on Pasture,Direct emissions (N2O),kilotonnes,336.8561,345.4104,359.132,370.4866,377.4905,390.8628,402.5127,416.1771,433.3636,446.2253,458.6362,464.9254,486.2071,499.712,513.5957,526.1517,536.7204,549.0062,561.6922,583.1238,602.2502
Least Developed Countries,Manure left on Pasture,Indirect emissions (N2O),kilotonnes,91.2459,93.5667,97.3136,100.4394,102.7881,106.3976,109.3223,113.0371,117.6503,121.0626,124.4992,126.0951,132.7082,136.5581,140.2455,143.8011,146.8339,150.5522,154.3653,160.798,166.0306
Least Developed Countries,Manure left on Pasture,Emissions (N2O),kilotonnes,428.102,438.9771,456.4456,470.926,480.2786,497.2604,511.835,529.2142,551.0138,567.2879,583.1353,591.0205,618.9153,636.27,653.8412,669.9528,683.5543,699.5584,716.0575,743.9218,768.2808
Least Developed Countries,Manure left on Pasture,Emissions (CO2eq) from N2O (AR5),kilotonnes,113447.0368,116328.9317,120958.0807,124795.3909,127273.8329,131774.0119,135636.2724,140241.7605,146018.6588,150331.3012,154530.8599,156620.4342,164012.5597,168611.561,173267.9113,177537.4811,181141.8985,185382.985,189755.2411,197139.2873,203594.4149
Least Developed Countries,Manure left on Pasture,Emissions (CO2eq) (AR5),kilotonnes,113447.0368,116328.9317,120958.0807,124795.3909,127273.8329,131774.0119,135636.2724,140241.7605,146018.6588,150331.3012,154530.8599,156620.4342,164012.5597,168611.561,173267.9113,177537.4811,181141.8985,185382.985,189755.2411,197139.2873,203594.4149
Least Developed Countries,Manure applied to Soils,Direct emissions (N2O),kilotonnes,18.4049,18.6559,19.2695,19.9289,20.6036,21.371,21.9105,22.905,24.0744,24.9255,25.9014,26.5158,27.8896,28.4487,29.3694,30.5385,31.1181,32.2146,33.1219,34.2495,34.7549
Least Developed Countries,Manure applied to Soils,Indirect emissions (N2O),kilotonnes,7.8221,7.9288,8.1896,8.4698,8.7565,9.0827,9.312,9.7346,10.2316,10.5933,11.0081,11.2692,11.8531,12.0907,12.482,12.9789,13.2252,13.6912,14.0768,14.556,14.7708
Least Developed Countries,Manure applied to Soils,Emissions (N2O),kilotonnes,26.2269,26.5847,27.4591,28.3987,29.3602,30.4537,31.2225,32.6397,34.306,35.5188,36.9095,37.7851,39.7427,40.5393,41.8514,43.5174,44.3432,45.9059,47.1988,48.8055,49.5257
Least Developed Countries,Manure applied to Soils,Emissions (CO2eq) from N2O (AR5),kilotonnes,6950.1382,7044.9391,7276.659,7525.6597,7780.4424,8070.2385,8273.968,8649.5085,9091.0898,9412.4882,9781.0089,10013.0471,10531.8133,10742.9272,11090.6301,11532.1185,11750.9572,12165.0563,12507.6702,12933.4523,13124.3087
Least Developed Countries,Manure applied to Soils,Emissions (CO2eq) (AR5),kilotonnes,6950.1382,7044.9391,7276.659,7525.6597,7780.4424,8070.2385,8273.968,8649.5085,9091.0898,9412.4882,9781.0089,10013.0471,10531.8133,10742.9272,11090.6301,11532.1185,11750.9572,12165.0563,12507.6702,12933.4523,13124.3087
Least Developed Countries,Synthetic Fertilizers,Direct emissions (N2O),kilotonnes,23.4219,23.09,25.0723,21.8848,24.494,23.381,25.9916,25.6371,30.4661,29.2924,32.8875,35.1765,33.3632,35.6671,41.6514,41.6395,44.4064,49.6463,51.4429,51.7059,54.8596
Least Developed Countries,Synthetic Fertilizers,Indirect emissions (N2O),kilotonnes,7.6121,7.5042,8.1485,7.1126,7.9606,7.5988,8.4473,8.3321,9.9015,9.52,10.6884,11.4324,10.843,11.5918,13.5367,13.5328,14.4321,16.1351,16.719,16.8044,17.8294
Least Developed Countries,Synthetic Fertilizers,Emissions (N2O),kilotonnes,31.0341,30.5942,33.2208,28.9974,32.4546,30.9799,34.4388,33.9692,40.3676,38.8124,43.5759,46.6089,44.2062,47.2589,55.1881,55.1723,58.8385,65.7814,68.1619,68.5104,72.6889
Least Developed Countries,Synthetic Fertilizers,Emissions (CO2eq) from N2O (AR5),kilotonnes,8224.0282,8107.4727,8803.5091,7684.2978,8600.4708,8209.6665,9126.2896,9001.8271,10697.4129,10285.2942,11547.6227,12351.3589,11714.6374,12523.5971,14624.8384,14620.6566,15592.2032,17432.0705,18062.9003,18155.246,19262.5621
Least Developed Countries,Synthetic Fertilizers,Emissions (CO2eq) (AR5),kilotonnes,8224.0282,8107.4727,8803.5091,7684.2978,8600.4708,8209.6665,9126.2896,9001.8271,10697.4129,10285.2942,11547.6227,12351.3589,11714.6374,12523.5971,14624.8384,14620.6566,15592.2032,17432.0705,18062.9003,18155.246,19262.5621
Least Developed Countries,Drained organic soils,Emissions (CO2eq) (AR5),kilotonnes,90815.5838,90793.5644,90790.659,90698.4491,90570.6077,90619.1638,90625.3878,90628.8899,90621.1581,90655.8368,90696.8106,90611.9208,90585.4958,90469.9334,90257.1052,90241.9494,89974.5177,89869.9379,89738.0425,89599.7744,89571.7006
Least Developed Countries,Drained organic soils (CO2),Emissions (CO2),kilotonnes,86623.4932,86602.0792,86600.0479,86512.9795,86391.778,86438.7464,86445.724,86450.8838,86445.1748,86478.974,86518.0947,86436.8585,86411.5483,86300.1091,86095.3369,86080.7955,85830.0253,85730.9438,85605.441,85483.8643,85457.6328
Least Developed Countries,Drained organic soils (CO2),Emissions (CO2eq) (AR5),kilotonnes,86623.4932,86602.0792,86600.0479,86512.9795,86391.778,86438.7464,86445.724,86450.8838,86445.1748,86478.974,86518.0947,86436.8585,86411.5483,86300.1091,86095.3369,86080.7955,85830.0253,85730.9438,85605.441,85483.8643,85457.6328
Least Developed Countries,Drained organic soils (N2O),Emissions (N2O),kilotonnes,15.8192,15.8169,15.8136,15.7942,15.7692,15.7752,15.7723,15.7661,15.7584,15.7617,15.7687,15.755,15.7507,15.7352,15.7048,15.7025,15.6396,15.6188,15.5947,15.5317,15.5248
Least Developed Countries,Drained organic soils (N2O),Emissions (CO2eq) from N2O (AR5),kilotonnes,4192.0906,4191.4852,4190.6111,4185.4696,4178.8297,4180.4174,4179.6638,4178.0061,4175.9833,4176.8628,4178.7158,4175.0622,4173.9475,4169.8243,4161.7683,4161.154,4144.4924,4138.9941,4132.6015,4115.91,4114.0679
Least Developed Countries,Drained organic soils (N2O),Emissions (CO2eq) (AR5),kilotonnes,4192.0906,4191.4852,4190.6111,4185.4696,4178.8297,4180.4174,4179.6638,4178.0061,4175.9833,4176.8628,4178.7158,4175.0622,4173.9475,4169.8243,4161.7683,4161.154,4144.4924,4138.9941,4132.6015,4115.91,4114.0679
Least Developed Countries,On-farm energy use,Emissions (CH4),kilotonnes,3.196,3.2638,3.2877,3.6828,3.7126,4.0909,4.0095,4.5376,4.7911,5.6056,6.5279,7.4231,7.2083,7.596,7.941,7.8369,7.5653,7.9129,8.6161,8.8573,8.8573
Least Developed Countries,On-farm energy use,Emissions (N2O),kilotonnes,1.7751,1.9865,2.1868,2.2836,2.443,2.6239,2.8069,3.0889,3.1226,2.3147,2.5871,2.7908,2.847,3.4028,3.4081,3.0868,3.6578,3.7383,4.4846,4.7531,4.7531
Least Developed Countries,On-farm energy use,Emissions (CO2),kilotonnes,6224.2846,6824.0188,7423.1021,7813.674,8244.207,8848.4679,9346.9374,10423.1879,10612.584,8920.3264,9933.4957,10732.6198,10779.1457,12385.3964,12637.8148,11790.784,13236.0095,13719.801,15940.3693,16771.0452,16771.0452
Least Developed Countries,On-farm energy use,Emissions (CO2eq) from CH4 (AR5),kilotonnes,89.488,91.3852,92.0548,103.1196,103.9518,114.5456,112.2651,127.0522,134.1496,156.9564,182.7806,207.8475,201.8334,212.6869,222.3487,219.4327,211.827,221.5619,241.2499,248.0055,248.0055
Least Developed Countries,On-farm energy use,Emissions (CO2eq) from N2O (AR5),kilotonnes,470.3988,526.4241,579.5133,605.1524,647.4075,695.3246,743.8169,818.563,827.4861,613.4015,685.5723,739.5653,754.4592,901.736,903.1375,818.0126,969.3163,990.6573,1188.4193,1259.559,1259.559
Least Developed Countries,On-farm energy use,Emissions (CO2eq) (AR5),kilotonnes,6784.1714,7441.828,8094.6702,8521.946,8995.5663,9658.3381,10203.0194,11368.8031,11574.2198,9690.6843,10801.8487,11680.0326,11735.4383,13499.8193,13763.301,12828.2294,14417.1528,14932.0202,17370.0385,18278.6097,18278.6097
Least Developed Countries,Forestland,Emissions (CO2),kilotonnes,-11444.8912,-21788.4111,-21788.4111,-21788.4111,-21788.4111,-21788.4111,-21788.4111,-21788.4111,-21788.4111,-21788.4111,-21788.4111,-60364.9282,-60364.9282,-60364.9282,-60364.9282,-60364.9282,46745.4921,46745.4921,46745.4921,46745.4921,46745.4921
Least Developed Countries,Forestland,Emissions (CO2eq) (AR5),kilotonnes,-11444.8912,-21788.4111,-21788.4111,-21788.4111,-21788.4111,-21788.4111,-21788.4111,-21788.4111,-21788.4111,-21788.4111,-21788.4111,-60364.9282,-60364.9282,-60364.9282,-60364.9282,-60364.9282,46745.4921,46745.4921,46745.4921,46745.4921,46745.4921
Least Developed Countries,Net Forest conversion,Emissions (CO2),kilotonnes,806978.7538,824630.9999,824630.9999,824630.9999,824630.9999,824630.9999,824630.9999,824630.9999,824630.9999,824630.9999,824630.9999,1121590.292,1121590.292,1121590.292,1121590.292,1121590.292,1079418.667,1079418.667,1079418.667,1079418.667,1079418.667
Least Developed Countries,Net Forest conversion,Emissions (CO2eq) (AR5),kilotonnes,806978.7538,824630.9999,824630.9999,824630.9999,824630.9999,824630.9999,824630.9999,824630.9999,824630.9999,824630.9999,824630.9999,1121590.292,1121590.292,1121590.292,1121590.292,1121590.292,1079418.667,1079418.667,1079418.667,1079418.667,1079418.667
Least Developed Countries,Savanna fires,Emissions (CH4),kilotonnes,2929.9742,2534.6517,2851.2729,3191.746,3159.4193,3342.2461,2910.5856,3133.0928,3026.2849,2842.3513,2912.1146,2880.6763,2848.7781,2840.3516,2697.6062,2770.5302,2887.715,2653.5238,2555.6296,2480.1038,2636.5949
Least Developed Countries,Savanna fires,Emissions (N2O),kilotonnes,267.5194,231.4247,260.3336,291.4203,288.4687,305.1616,265.7491,286.065,276.313,259.519,265.8887,263.0183,260.1058,259.3364,246.3032,252.9615,263.6609,242.2783,233.3401,226.4443,240.7326
Least Developed Countries,Savanna fires,Emissions (CO2eq) from CH4 (AR5),kilotonnes,82039.2788,70970.2486,79835.6398,89368.8893,88463.7408,93582.89,81496.3958,87726.5996,84735.9764,79585.8369,81539.2075,80658.9377,79765.7855,79529.844,75532.9743,77574.8447,80856.019,74298.6668,71557.6301,69442.9063,73824.6573
Least Developed Countries,Savanna fires,Emissions (CO2eq) from N2O (AR5),kilotonnes,70892.637,61327.5518,68988.4061,77226.3772,76444.2108,80867.8234,70423.5159,75807.2246,73222.9361,68772.5438,70460.5108,69699.8429,68928.0429,68724.1587,65270.3419,67034.7843,69870.1469,64203.7392,61835.126,60007.7288,63794.1332
Least Developed Countries,Savanna fires,Emissions (CO2eq) (AR5),kilotonnes,152931.9158,132297.8004,148824.046,166595.2665,164907.9516,174450.7134,151919.9117,163533.8242,157958.9125,148358.3807,151999.7183,150358.7806,148693.8285,148254.0027,140803.3163,144609.6289,150726.1659,138502.406,133392.756,129450.6351,137618.7905
Least Developed Countries,Fires in organic soils,Emissions (CH4),kilotonnes,20.3863,24.0437,17.208,30.4517,55.3082,21.7809,44.2276,38.9023,18.9327,37.6717,55.0277,18.9534,23.5686,40.6518,36.3225,56.7743,43.1679,21.0453,50.002,29.6282,59.1224
Least Developed Countries,Fires in organic soils,Emissions (CO2),kilotonnes,1669.1279,1947.5394,1393.8498,2467.6825,4481.317,1765.6864,3586.2358,3154.0414,1534.3082,3051.5732,4459.7751,1536.3234,1910.1547,3296.0887,2942.2926,4603.3614,3499.6431,1709.9075,4053.1156,2406.3021,4795.754
Least Developed Countries,Fires in organic soils,Emissions (CO2eq) from CH4 (AR5),kilotonnes,570.8163,673.2235,481.8246,852.6466,1548.6302,609.8645,1238.3729,1089.2643,530.1155,1054.8064,1540.775,530.6953,659.9209,1138.2503,1017.0304,1589.68,1208.7023,589.2693,1400.0554,829.5896,1655.427
Least Developed Countries,Fires in organic soils,Emissions (CO2eq) (AR5),kilotonnes,2239.9442,2620.7628,1875.6744,3320.3291,6029.9472,2375.5508,4824.6088,4243.3058,2064.4237,4106.3797,6000.5502,2067.0188,2570.0757,4434.339,3959.323,6193.0414,4708.3454,2299.1767,5453.171,3235.8918,6451.181
Least Developed Countries,Forest fires,Emissions (CH4),kilotonnes,2648.545,1876.929,2073.8988,2882.8406,2997.4379,3018.6006,2851.3582,3113.4266,2923.7414,2866.2479,3316.1153,2901.9366,3000.163,2829.6915,2780.2117,3060.6617,3113.581,2947.3455,2565.3292,2639.5909,2657.3948
Least Developed Countries,Forest fires,Emissions (N2O),kilotonnes,77.9141,171.3718,189.356,263.2159,273.6791,275.6114,260.3414,284.2694,266.9503,261.7009,302.7757,264.9594,273.9279,258.3631,253.8454,279.4517,284.2835,269.1055,234.2257,241.0061,242.6317
Least Developed Countries,Forest fires,Emissions (CO2eq) from CH4 (AR5),kilotonnes,74159.2601,52554.0113,58069.1669,80719.5381,83928.2619,84520.8163,79838.0307,87175.9454,81864.7604,80254.942,92851.2283,81254.2243,84004.5645,79231.3618,77845.9287,85698.5274,87180.2686,82525.6744,71829.2177,73908.5453,74407.0536
Least Developed Countries,Forest fires,Emissions (CO2eq) from N2O (AR5),kilotonnes,20647.2373,45413.5206,50179.3344,69752.2095,72524.9654,73037.0097,68990.4722,75331.3876,70741.831,69350.7379,80235.5723,70214.2482,72590.9008,68466.2312,67269.0362,74054.7057,75335.1234,71312.9469,62069.8131,63866.6234,64297.3996
Least Developed Countries,Forest fires,Emissions (CO2eq) (AR5),kilotonnes,94806.4974,97967.5319,108248.5013,150471.7476,156453.2273,157557.826,148828.5028,162507.333,152606.5914,149605.6799,173086.8006,151468.4724,156595.4653,147697.593,145114.9649,159753.2331,162515.392,153838.6213,133899.0308,137775.1686,138704.4531
Least Developed Countries,Fires in humid tropical forests,Emissions (CH4),kilotonnes,1809.3134,1462.0094,1686.4126,2339.4809,2380.2995,2426.2766,2313.1743,2454.3898,2340.0882,2245.5372,2558.942,2380.4634,2370.4381,2225.8641,2205.4987,2467.4442,2499.1532,2439.6877,2038.3795,2184.6109,2189.0757
Least Developed Countries,Fires in humid tropical forests,Emissions (N2O),kilotonnes,53.2151,133.4878,153.9768,213.6048,217.3317,221.5296,211.2029,224.0965,213.6602,205.0273,233.6425,217.3467,216.4313,203.2311,201.3716,225.2884,228.1836,222.7541,186.1129,199.4645,199.8721
Least Developed Countries,Fires in humid tropical forests,Emissions (CO2eq) from CH4 (AR5),kilotonnes,50660.7751,40936.2619,47219.554,65505.4663,66648.3847,67935.7445,64768.8795,68722.9154,65522.4694,62875.0405,71650.3773,66652.975,66372.2672,62324.194,61753.9635,69088.4369,69976.2899,68311.2562,57074.6253,61169.1053,61294.1208
Least Developed Countries,Fires in humid tropical forests,Emissions (CO2eq) from N2O (AR5),kilotonnes,14102.001,35374.2698,40803.8537,56605.2671,57592.8977,58705.3444,55968.76,59385.5627,56619.9599,54332.2361,61915.2717,57596.8643,57354.2962,53856.2329,53363.4793,59701.421,60468.6418,59029.8355,49319.9208,52858.0856,52966.1153
Least Developed Countries,Fires in humid tropical forests,Emissions (CO2eq) (AR5),kilotonnes,64762.776,76310.5318,88023.4077,122110.7334,124241.2824,126641.0889,120737.6396,128108.4781,122142.4293,117207.2765,133565.649,124249.8393,123726.5634,116180.4269,115117.4428,128789.8579,130444.9318,127341.0917,106394.5462,114027.1909,114260.2361
Least Developed Countries,Waste - agri-food systems,Emissions (CH4),kilotonnes,2930.2685,2967.5894,3013.6131,3053.6341,3094.5799,3137.4837,3177.5677,3219.5995,3267.3892,3311.3609,3355.4253,3404.1732,3445.7797,3495.797,3530.0969,3565.0774,3603.2251,3644.5418,3686.3409,3724.1448,3760.7044
Least Developed Countries,Waste - agri-food systems,Emissions (N2O),kilotonnes,10.4632,10.8504,11.3786,11.8454,12.2313,12.7122,13.0718,13.5879,14.0519,14.7404,15.3069,15.7674,16.1983,16.672,17.4155,17.8328,18.2858,18.7174,19.1385,19.5384,19.944
Least Developed Countries,Waste - agri-food systems,Emissions (CO2),kilotonnes,671.1003,669.466,703.2846,701.1317,707.1988,712.0407,714.2291,721.3698,726.3844,730.1066,733.1102,737.6986,739.5952,741.9324,743.0234,742.892,741.7905,743.4842,745.6525,744.2634,744.6277
Least Developed Countries,Waste - agri-food systems,Emissions (CO2eq) from CH4 (AR5),kilotonnes,82047.5175,83092.5019,84381.1672,85501.754,86648.2359,87849.5431,88971.8952,90148.785,91486.8979,92718.1042,93951.9079,95316.8487,96481.8309,97882.3157,98842.7129,99822.1668,100890.3024,102047.1712,103217.544,104276.0547,105299.7218
Least Developed Countries,Waste - agri-food systems,Emissions (CO2eq) from N2O (AR5),kilotonnes,2772.7425,2875.3582,3015.3249,3139.0372,3241.3027,3368.7305,3464.04,3600.7806,3723.7613,3906.2018,4056.3266,4178.3591,4292.5551,4418.0805,4615.118,4725.6891,4845.7415,4960.1064,5071.6895,5177.6846,5285.1663
Least Developed Countries,Waste - agri-food systems,Emissions (CO2eq) (AR5),kilotonnes,85491.3602,86637.3261,88099.7767,89341.9229,90596.7375,91930.3143,93150.1642,94470.9354,95937.0436,97354.4126,98741.3447,100232.9064,101513.9813,103042.3286,104200.8543,105290.7479,106477.8343,107750.7619,109034.886,110198.0026,111329.5159
Least Developed Countries,Fertilizers Manufacturing,Emissions (N2O),kilotonnes,0.6191,0.6225,0.6285,0.6379,0.6182,0.6151,0.6361,0.6119,0.6164,0.6432,0.6151,0.6335,0.6238,0.6061,0.6039,0.5745,0.5873,0.5953,0.5841,0.5712,0.594
Least Developed Countries,Fertilizers Manufacturing,Emissions (CO2),kilotonnes,1988.7357,1931.6648,1630.4067,2036.5783,1863.4209,1798.1392,1836.1346,1690.3939,1437.3397,1251.8612,994.2593,998.9021,1037.8877,1040.7103,905.0639,885.7664,996.2798,891.1442,796.2479,811.6476,794.2309
Least Developed Countries,Fertilizers Manufacturing,Emissions (CO2eq) from N2O (AR5),kilotonnes,164.0515,164.954,166.5527,169.0525,163.8099,162.9971,168.5665,162.1535,163.346,170.448,162.9891,167.8863,165.307,160.6271,160.0406,152.2319,155.6363,157.751,154.7865,151.3733,157.4093
Least Developed Countries,Fertilizers Manufacturing,Emissions (CO2eq) (AR5),kilotonnes,2152.7873,2096.6188,1796.9595,2205.6308,2027.2308,1961.1363,2004.7011,1852.5474,1600.6857,1422.3092,1157.2485,1166.7884,1203.1947,1201.3374,1065.1045,1037.9983,1151.9161,1048.8952,951.0344,963.0209,951.6402
Least Developed Countries,On-farm electricity use,Emissions (CH4),kilotonnes,0.9487,1.0576,1.1166,1.2482,1.2984,1.3619,1.4746,1.6826,2.136,2.4084,1.6825,2.7415,2.6055,2.5721,2.8518,1.6382,1.7751,1.8751,2.0895,1.9371,1.9371
Least Developed Countries,On-farm electricity use,Emissions (N2O),kilotonnes,0.0049,0.0056,0.0059,0.0065,0.0067,0.007,0.0077,0.0087,0.0112,0.0127,0.0087,0.0145,0.0136,0.0133,0.0149,0.0083,0.009,0.0096,0.0107,0.0098,0.0098
Least Developed Countries,On-farm electricity use,Emissions (CO2),kilotonnes,302.1451,368.2877,389.5648,426.2521,464.9173,507.5156,559.7604,572.326,784.0632,879.4063,430.8419,925.7979,968.6255,886.0186,1055.084,450.9662,533.4745,559.0929,598.1506,506.7639,506.7639
Least Developed Countries,On-farm electricity use,Emissions (CO2eq) from CH4 (AR5),kilotonnes,26.5636,29.6128,31.2648,34.9496,36.3552,38.1332,41.2888,47.1128,59.808,67.4352,47.11,76.762,72.954,72.0188,79.8504,45.8696,49.7028,52.5028,58.506,54.2388,54.2388
Least Developed Countries,On-farm electricity use,Emissions (CO2eq) from N2O (AR5),kilotonnes,1.2985,1.484,1.5635,1.7225,1.7755,1.855,2.0405,2.3055,2.968,3.3655,2.3055,3.8425,3.604,3.5245,3.9485,2.1995,2.385,2.544,2.8355,2.597,2.597
Least Developed Countries,On-farm electricity use,Emissions (CO2eq) (AR5),kilotonnes,330.0072,399.3845,422.3931,462.9242,503.048,547.5038,603.0897,621.7443,846.8392,950.207,480.2574,1006.4024,1045.1835,961.5619,1138.8829,499.0353,585.5623,614.1397,659.4921,563.5997,563.5997
Least Developed Countries,Food Processing,Emissions (CH4),kilotonnes,112.7948,117.7416,113.4598,90.9639,55.1647,65.3586,83.1306,58.8782,59.3136,75.9242,87.2764,86.3075,77.234,58.4951,52.3672,32.0565,27.5951,27.4651,31.4068,38.0442,37.0113
Least Developed Countries,Food Processing,Emissions (N2O),kilotonnes,0.4761,0.5304,0.5119,0.3016,0.0727,0.0775,0.1027,0.1336,0.1532,0.1624,0.1527,0.1748,0.1574,0.1088,0.1079,0.1184,0.104,0.1032,0.1016,0.1035,0.1057
Least Developed Countries,Food Processing,Emissions (CO2),kilotonnes,2543.7174,4021.5504,3852.6161,2382.3227,1076.1381,1209.8402,1700.5701,2411.4969,2777.5333,3385.1227,2893.0455,3551.1459,4172.406,4017.1862,4016.8,4068.4242,4028.2278,4172.1265,4277.3721,4651.9007,4482.5145
Least Developed Countries,Food Processing,Emissions (CO2eq) from CH4 (AR5),kilotonnes,3158.2544,3296.7648,3176.8744,2546.9892,1544.6116,1830.0408,2327.6568,1648.5896,1660.7808,2125.8776,2443.7392,2416.61,2162.552,1637.8628,1466.2816,897.582,772.6628,769.0228,879.3904,1065.2376,1036.3158
Least Developed Countries,Food Processing,Emissions (CO2eq) from N2O (AR5),kilotonnes,126.1665,140.556,135.6535,79.924,19.2655,20.5375,27.2155,35.404,40.598,43.036,40.4655,46.322,41.711,28.832,28.5935,31.376,27.56,27.348,26.924,27.4275,27.9985
Least Developed Countries,Food Processing,Emissions (CO2eq) (AR5),kilotonnes,5828.1383,7458.8712,7165.144,5009.2359,2640.0152,3060.4185,4055.4424,4095.4905,4478.9121,5554.0363,5377.2502,6014.0779,6376.669,5683.881,5511.6751,4997.3822,4828.4506,4968.4973,5183.6865,5744.5658,5546.8289
Least Developed Countries,Food Packaging,Emissions (CH4),kilotonnes,3.4518,3.4236,3.4727,5.5459,6.2062,7.0259,6.9415,6.8902,7.1593,7.9098,10.3664,9.2077,10.0545,11.1876,12.5609,13.8853,14.8467,15.2409,15.0976,14.3713,14.6227
Least Developed Countries,Food Packaging,Emissions (N2O),kilotonnes,0.0239,0.0233,0.0247,0.0282,0.03,0.0308,0.0314,0.0265,0.0274,0.0299,0.0344,0.0209,0.0236,0.0222,0.0264,0.0291,0.0305,0.0334,0.033,0.0323,0.0329
Least Developed Countries,Food Packaging,Emissions (CO2),kilotonnes,449.1362,484.5442,497.076,583.2143,618.4077,619.6064,664.8535,667.3728,701.2749,743.5256,855.7277,657.4539,698.8171,638.9587,971.0296,903.5772,856.7432,931.9387,1003.4252,1010.5888,978.8952
Least Developed Countries,Food Packaging,Emissions (CO2eq) from CH4 (AR5),kilotonnes,96.6504,95.8608,97.2356,155.2852,173.7736,196.7252,194.362,192.9256,200.4604,221.4744,290.2592,257.8156,281.526,313.2528,351.7052,388.7884,415.7076,426.7452,422.7328,402.3964,409.4368
Least Developed Countries,Food Packaging,Emissions (CO2eq) from N2O (AR5),kilotonnes,6.3335,6.1745,6.5455,7.473,7.95,8.162,8.321,7.0225,7.261,7.9235,9.116,5.5385,6.254,5.883,6.996,7.7115,8.0825,8.851,8.745,8.5595,8.7246
Least Developed Countries,Food Packaging,Emissions (CO2eq) (AR5),kilotonnes,552.1201,586.5795,600.8571,745.9725,800.1313,824.4936,867.5365,867.3209,908.9963,972.9235,1155.1029,920.808,986.5971,958.0945,1329.7308,1300.0771,1280.5333,1367.5349,1434.903,1421.5447,1397.0566
Least Developed Countries,Food Retail,Emissions (CH4),kilotonnes,0.8496,0.8815,0.7506,0.8095,0.8168,0.8793,0.9424,1.5159,1.5226,1.7606,2.0326,1.7835,2.3517,2.6519,2.6202,3.1869,3.5658,3.8163,4.3798,3.7566,3.8256
Least Developed Countries,Food Retail,Emissions (N2O),kilotonnes,0.0045,0.0047,0.0041,0.0041,0.0044,0.0045,0.0048,0.0094,0.0105,0.0124,0.0142,0.0134,0.0162,0.0185,0.0174,0.0203,0.0221,0.0235,0.027,0.0246,0.0251
Least Developed Countries,Food Retail,Emissions (CO2),kilotonnes,241.3112,251.0072,255.5007,276.4325,307.5284,330.1013,389.9056,805.0725,895.5556,1121.0069,1276.5356,1193.1149,1435.0287,1653.6564,1680.7992,1838.9882,2033.7414,2140.3354,2498.1844,2284.6999,2204.5158
Least Developed Countries,Food Retail,Emissions (CO2eq) from F-gases (AR5),kilotonnes,42.599,62.34,86.237,121.563,168.318,184.4225,212.995,241.5675,244.6845,246.243,247.282,247.282,247.282,248.321,248.321,248.321,270.14,276.8935,283.1275,288.842,302.3759
Least Developed Countries,Food Retail,Emissions (CO2eq) from CH4 (AR5),kilotonnes,23.7879,24.6816,21.0182,22.6654,22.8717,24.621,26.3876,42.4456,42.6327,49.2955,56.9125,49.9389,65.8477,74.2542,73.3664,89.2335,99.843,106.8577,122.6344,105.1848,107.116
Least Developed Countries,Food Retail,Emissions (CO2eq) from N2O (AR5),kilotonnes,1.2021,1.2456,1.0859,1.08,1.1575,1.1982,1.2851,2.4806,2.7753,3.2802,3.7553,3.5505,4.2931,4.9026,4.6108,5.3795,5.8565,6.2275,7.155,6.519,6.6563
Least Developed Countries,Food Retail,Emissions (CO2eq) (AR5),kilotonnes,308.9003,339.2745,363.8418,421.7408,499.8756,540.3429,630.5734,1091.5662,1185.648,1419.8256,1584.4855,1493.8863,1752.4515,1981.1342,2007.0974,2181.9222,2409.581,2530.3141,2911.1013,2685.2457,2620.6639
Least Developed Countries,Food Household Consumption,Emissions (CH4),kilotonnes,7.9695,8.6154,9.3187,9.9074,10.7441,11.1175,12.4711,12.8165,13.3331,14.6451,16.8083,17.9549,21.8283,23.8438,26.4884,27.4327,30.2193,33.2647,36.2702,36.334,37.0422
Least Developed Countries,Food Household Consumption,Emissions (N2O),kilotonnes,0.0609,0.0674,0.0725,0.0782,0.0824,0.0839,0.0911,0.0918,0.0946,0.1028,0.1146,0.119,0.1374,0.1447,0.1577,0.1607,0.1752,0.1904,0.2056,0.2057,0.2097
Least Developed Countries,Food Household Consumption,Emissions (CO2),kilotonnes,6108.2697,6981.3102,7450.5739,8039.4031,8342.188,8434.2975,8944.6487,9190.061,9433.7838,10152.588,11253.7191,11482.3993,13225.9726,13912.5515,15152.0859,15545.2376,17171.2988,18810.4982,20089.889,20217.5635,19600.7767
Least Developed Countries,Food Household Consumption,Emissions (CO2eq) from CH4 (AR5),kilotonnes,223.146,241.2312,260.9236,277.4072,300.8348,311.29,349.1908,358.862,373.3268,410.0628,470.6324,502.7372,611.1924,667.6264,741.6752,768.1156,846.1404,931.4116,1015.5656,1017.352,1037.1807
Least Developed Countries,Food Household Consumption,Emissions (CO2eq) from N2O (AR5),kilotonnes,16.1385,17.861,19.2125,20.723,21.836,22.2335,24.1415,24.327,25.069,27.242,30.369,31.535,36.411,38.3455,41.7905,42.5855,46.428,50.456,54.484,54.5105,55.5792
Least Developed Countries,Food Household Consumption,Emissions (CO2eq) (AR5),kilotonnes,6347.5542,7240.4024,7730.71,8337.5333,8664.8588,8767.821,9317.981,9573.25,9832.1796,10589.8928,11754.7205,12016.6715,13873.576,14618.5234,15935.5516,16355.9387,18063.8672,19792.3658,21159.9386,21289.426,20693.5366
Least Developed Countries,Food Transport,Emissions (CH4),kilotonnes,0.7463,0.7529,0.7583,0.7926,0.8735,0.8829,0.9479,1.0556,1.2785,1.5091,1.7261,1.9505,2.1138,2.162,2.2587,2.3657,2.5021,2.6504,2.7796,2.5237,2.5723
Least Developed Countries,Food Transport,Emissions (N2O),kilotonnes,0.0923,0.1062,0.1086,0.1152,0.1334,0.1341,0.1391,0.1407,0.159,0.1812,0.1986,0.2354,0.2736,0.2906,0.323,0.3324,0.3493,0.3748,0.4014,0.3504,0.3582
Least Developed Countries,Food Transport,Emissions (CO2),kilotonnes,3190.1928,3353.6413,3518.7208,3860.3951,4168.7356,4343.0639,4514.9913,4818.4718,5068.1946,6005.5586,6441.469,7176.0796,8405.3486,9185.4211,9732.71,9599.9544,10271.057,10790.1974,11371.519,10524.8195,10162.2094
Least Developed Countries,Food Transport,Emissions (CO2eq) from CH4 (AR5),kilotonnes,20.8964,21.0812,21.2324,22.1928,24.458,24.7212,26.5412,29.5568,35.798,42.2548,48.3308,54.614,59.1864,60.536,63.2436,66.2396,70.0588,74.2112,77.8288,70.6636,72.0235
Least Developed Countries,Food Transport,Emissions (CO2eq) from N2O (AR5),kilotonnes,24.4595,28.143,28.779,30.528,35.351,35.5365,36.8615,37.2855,42.135,48.018,52.629,62.381,72.504,77.009,85.595,88.086,92.5645,99.322,106.371,92.856,94.9324
Least Developed Countries,Food Transport,Emissions (CO2eq) (AR5),kilotonnes,3235.5487,3402.8655,3568.7322,3913.1159,4228.5446,4403.3216,4578.394,4885.3141,5146.1276,6095.8314,6542.4288,7293.0746,8537.039,9322.9661,9881.5486,9754.28,10433.6803,10963.7306,11555.7188,10688.3391,10329.1653
Least Developed Countries,Energy,Emissions (CH4),kilotonnes,4590.043,4588.7142,4665.9505,4778.2641,4955.0318,5241.058,5341.0939,5449.6693,5495.5922,5604.9087,5936.6591,5915.8681,6150.2223,6409.5708,6471.8973,6455.5243,6508.7885,6706.6397,6803.4155,7006.6199,7135.9915
Least Developed Countries,Energy,Emissions (N2O),kilotonnes,32.1142,33.0927,34.1331,35.1723,36.1443,37.3346,38.3742,38.765,39.6984,40.0265,40.7211,42.1512,42.1922,43.6783,44.8251,45.489,47.5557,49.782,50.6277,50.3015,51.4296
Least Developed Countries,Energy,Emissions (CO2),kilotonnes,112997.33,120348.93,124352.3,134996.3,143886.7,147104.4,158769.33,166067,172899.6,188575.7,206471.03,216568.33,218257.3,235442.3,266998.7,268867.3,284361,304130,322196.4,341237,330684.3
Least Developed Countries,Energy,Emissions (CO2eq) from CH4 (AR5),kilotonnes,128521.204,128483.9976,130646.614,133791.3948,138740.8904,146749.624,149550.6292,152590.7404,153876.5816,156937.4436,166226.4548,165644.3068,172206.2244,179467.9824,181213.1244,180754.6804,182246.078,187785.9116,190495.634,196185.3572,199807.762
Least Developed Countries,Energy,Emissions (CO2eq) from N2O (AR5),kilotonnes,8510.2696,8769.5631,9045.2667,9320.6675,9578.2472,9893.6584,10169.1577,10272.7276,10520.0866,10607.0199,10791.0888,11170.0548,11180.9277,11574.7495,11878.6462,12054.5797,12602.2552,13192.2379,13416.3405,13329.9107,13628.852
Least Developed Countries,Energy,Emissions (CO2eq) (AR5),kilotonnes,250028.8036,257602.4907,264044.1807,278108.3623,292205.8376,303747.6824,318489.1169,328930.468,337296.2682,356120.1634,383488.5737,393382.6915,401644.4521,426485.0319,460090.4706,461676.5601,479209.3332,505108.1495,526108.3745,550752.268,544120.9139
Least Developed Countries,IPPU,Emissions (CH4),kilotonnes,0.3123,0.2164,0.1238,0.1257,0.1323,0.14,0.154,0.1721,0.2039,0.2939,0.329,0.397,0.3813,0.3816,0.3785,0.4061,0.4081,0.4231,0.4162,0.4971,0.5222
Least Developed Countries,IPPU,Emissions (N2O),kilotonnes,6.1017,6.0917,6.1627,6.3667,6.5516,6.6914,6.2922,6.3959,6.3795,7.0402,7.1609,7.334,7.5179,7.7041,7.89,8.0983,8.2862,8.4742,8.6644,8.7518,8.9248
Least Developed Countries,IPPU,Emissions (CO2),kilotonnes,9172.5579,10188.9759,10876.707,12129.8931,12674.9281,13582.5222,13332.9972,13847.4793,14533.6213,15139.2193,15612.4203,17772.1103,19788.9413,21658.0442,22737.7351,25347.14,28057.0359,31254.6118,35383.0547,40485.7619,40445.8009
Least Developed Countries,IPPU,Emissions (CO2eq) from F-gases (AR5),kilotonnes,294.3646,355.8215,382.1358,509.5823,694.7589,655.7293,724.7219,770.4129,926.7575,997.4419,1080.7874,1210.7333,1311.1467,1416.1865,1529.9907,1643.0475,1768.9305,1899.4858,1973.5898,2080.8123,2186.7802
Least Developed Countries,IPPU,Emissions (CO2eq) from CH4 (AR5),kilotonnes,8.7444,6.0604,3.4661,3.5205,3.7037,3.9193,4.3113,4.8181,5.7085,8.2282,9.212,11.1166,10.6775,10.6838,10.5975,11.3707,11.4272,11.8477,11.6523,13.92,14.6203
Least Developed Countries,IPPU,Emissions (CO2eq) from N2O (AR5),kilotonnes,1616.9552,1614.2925,1633.1074,1687.1763,1736.1841,1773.226,1667.4272,1694.903,1690.5746,1865.6602,1897.6487,1943.508,1992.245,2041.5895,2090.8604,2146.0499,2195.8444,2245.6691,2296.054,2319.2168,2365.06
Least Developed Countries,IPPU,Emissions (CO2eq) (AR5),kilotonnes,11092.622,12165.1504,12895.4163,14330.1722,15109.5748,16015.3968,15729.4577,16317.6133,17156.6619,18010.5496,18600.0684,20937.4682,23103.0105,25126.5041,26369.1836,29147.6081,32033.238,35411.6145,39664.3508,44899.711,45012.2613
Least Developed Countries,Waste,Emissions (CH4),kilotonnes,3665.2973,3772.3567,3886.6449,4007.5547,4276.112,4397.146,4386.555,4521.553,4663.278,4796.053,4938.158,5084.096,5243.566,5404.307,5569.482,5727.929,5892.413,6060.671,6228.661,6296.291,6438.319
Least Developed Countries,Waste,Emissions (N2O),kilotonnes,21.0126,21.4745,21.9308,22.7553,23.5469,24.3499,25.0383,25.8498,26.65,27.7225,28.8072,29.9209,30.8055,33.0394,34.2202,35.4439,36.6938,37.6631,38.552,39.6016,40.7547
Least Developed Countries,Waste,Emissions (CO2),kilotonnes,53.8325,55.4707,57.1016,58.8492,60.5668,62.56,64.039,65.671,67.352,69.065,70.712,70.622,70.46,75.218,79.997,84.826,87.205,89.78,92.636,92.097,94.304
Least Developed Countries,Waste,Emissions (CO2eq) from CH4 (AR5),kilotonnes,102628.3244,105625.9876,108826.0572,112211.5316,119731.136,123120.088,122823.54,126603.484,130571.784,134289.484,138268.424,142354.688,146819.848,151320.596,155945.496,160382.012,164987.564,169698.788,174402.508,176296.148,180272.932
Least Developed Countries,Waste,Emissions (CO2eq) from N2O (AR5),kilotonnes,5568.3363,5690.7451,5811.6541,6030.1439,6239.9205,6452.7341,6635.1442,6850.1864,7062.2447,7346.4651,7633.9053,7929.0279,8163.4443,8755.4383,9068.3636,9392.6362,9723.8438,9980.7215,10216.272,10494.432,10800.0061
Least Developed Countries,Waste,Emissions (CO2eq) (AR5),kilotonnes,108250.4933,111372.2035,114694.8128,118300.5247,126031.6233,129635.3821,129522.7232,133519.3414,137701.3807,141705.0142,145973.0413,150354.3379,155053.7522,160151.2523,165093.8566,169859.4741,174798.6127,179769.2895,184711.416,186882.677,191167.2421
Least Developed Countries,Other,Emissions (CH4),kilotonnes,7.32,11.4,12.2,13.1,14,14.9,15.8,16.6,17.5,18.4,19.3,20.2,21,21.9,22.8,23.7,24.6,25.5,26.3,27.2,28.1
Least Developed Countries,Other,Emissions (N2O),kilotonnes,16.7483,17.3313,17.9278,18.6074,19.1973,19.9673,20.6695,21.1235,21.8893,22.8779,23.4492,24.4824,25.5618,26.7225,27.6999,28.5024,29.289,30.3432,30.8459,31.807,32.682
Least Developed Countries,Other,Emissions (CO2eq) from CH4 (AR5),kilotonnes,204.96,319.2,341.6,366.8,392,417.2,442.4,464.8,490,515.2,540.4,565.6,588,613.2,638.4,663.6,688.8,714,736.4,761.6,786.8
Least Developed Countries,Other,Emissions (CO2eq) from N2O (AR5),kilotonnes,4438.3128,4592.7839,4750.8591,4930.9504,5087.2792,5291.3372,5477.4096,5597.7381,5800.6645,6062.6461,6214.0274,6487.836,6773.8717,7081.4704,7340.4814,7553.136,7761.585,8040.9506,8174.1741,8428.8523,8660.7273
Least Developed Countries,Other,Emissions (CO2eq) (AR5),kilotonnes,4643.2728,4911.9839,5092.4591,5297.7504,5479.2792,5708.5372,5919.8095,6062.5381,6290.6645,6577.8461,6754.4274,7053.436,7361.8717,7694.6704,7978.8814,8216.736,8450.385,8754.9506,8910.5741,9190.4523,9447.5273
Least Developed Countries,Farm-gate emissions,Emissions (CH4),kilotonnes,17371.0172,17234.2551,18052.8095,18827.259,18999.8749,19813.5658,19867.0025,20497.748,21129.3793,21367.6632,22044.6691,22122.6296,22640.7425,22989.755,23281.8767,23712.8465,24139.395,24429.5081,24885.275,25381.6432,26096.1575
Least Developed Countries,Farm-gate emissions,Direct emissions (N2O),kilotonnes,406.5805,416.5489,433.1799,443.9719,453.0533,470.392,486.0321,501.3778,526.3723,540.3928,559.7891,568.4318,589.9764,607.7377,629.74,642.0968,657.5173,677.2043,694.1588,716.5124,739.9025
Least Developed Countries,Farm-gate emissions,Indirect emissions (N2O),kilotonnes,112.9571,115.6131,120.3355,123.1478,126.3598,130.904,135.0954,139.352,146.4387,150.1646,155.7276,158.2048,164.9706,170.1203,176.4169,180.1604,184.6775,190.8044,195.939,202.831,209.4393
Least Developed Countries,Farm-gate emissions,Emissions (N2O),kilotonnes,831.3307,808.2095,859.4257,904.9686,915.2161,955.1225,936.496,977.5559,1001.3638,1002.3611,1035.2298,1045.0745,1071.7881,1095.2954,1111.8207,1135.429,1167.7092,1174.2311,1189.7631,1214.1922,1259.1966
Least Developed Countries,Farm-gate emissions,Emissions (CO2),kilotonnes,92847.7778,93426.098,94023.15,94326.6535,94635.985,95287.2144,95792.6613,96874.0717,97057.7587,95399.3004,96451.5905,97169.4783,97190.6941,98685.5055,98733.1517,97871.5794,99066.0348,99450.7448,101545.8103,102254.9095,102228.6779
Least Developed Countries,Farm-gate emissions,Emissions (CO2eq) from CH4 (AR5),kilotonnes,486388.4812,482559.1416,505478.6661,527163.2521,531996.4969,554779.8416,556276.0695,573936.9449,591622.6191,598294.5683,617250.7339,619433.6298,633940.7887,643713.1396,651892.5481,663959.7006,675903.0596,684026.2268,696787.6989,710686.0093,730692.4095
Least Developed Countries,Farm-gate emissions,Emissions (CO2eq) from N2O (AR5),kilotonnes,220302.6282,214175.5118,227747.8039,239816.6912,242532.2657,253107.4637,248171.4447,259052.3163,265361.4149,265625.6998,274335.8852,276944.7486,284023.8353,290253.2926,294632.48,300888.6886,309442.9423,311171.2298,315287.2225,321760.9412,333687.0858
Least Developed Countries,Farm-gate emissions,Emissions (CO2eq) (AR5),kilotonnes,799538.8872,790160.7514,827249.62,861306.5968,869164.7476,903174.5197,900240.1756,929863.3329,954041.7927,959319.5685,988038.2095,993547.8567,1015155.318,1032651.938,1045258.18,1062719.969,1084412.037,1094648.201,1113620.732,1134701.86,1166608.173
Least Developed Countries,Land Use change,Emissions (CH4),kilotonnes,1829.6997,1486.0531,1703.6207,2369.9326,2435.6077,2448.0575,2357.4019,2493.2921,2359.0209,2283.2088,2613.9697,2399.4168,2394.0067,2266.5159,2241.8212,2524.2185,2542.3211,2460.7331,2088.3815,2214.2391,2248.1981
Least Developed Countries,Land Use change,Emissions (N2O),kilotonnes,53.2151,133.4878,153.9768,213.6048,217.3317,221.5296,211.2029,224.0965,213.6602,205.0273,233.6425,217.3467,216.4313,203.2311,201.3716,225.2884,228.1836,222.7541,186.1129,199.4645,199.8721
Least Developed Countries,Land Use change,Emissions (CO2),kilotonnes,808647.8817,826578.5392,826024.8497,827098.6823,829112.3169,826396.6862,828217.2357,827785.0413,826165.3081,827682.5731,829090.775,1123126.616,1123500.447,1124886.381,1124532.585,1126193.654,1082918.311,1081128.575,1083471.783,1081824.97,1084214.421
Least Developed Countries,Land Use change,Emissions (CO2eq) from CH4 (AR5),kilotonnes,51231.5913,41609.4854,47701.3786,66358.1129,68197.0149,68545.6089,66007.2525,69812.1797,66052.5848,63929.8469,73191.1523,67183.6704,67032.1882,63462.4443,62770.9939,70678.1169,71184.9922,68900.5255,58474.6807,61998.695,62949.5478
Least Developed Countries,Land Use change,Emissions (CO2eq) from N2O (AR5),kilotonnes,14102.001,35374.2698,40803.8537,56605.2671,57592.8977,58705.3444,55968.76,59385.5627,56619.9599,54332.2361,61915.2717,57596.8643,57354.2962,53856.2329,53363.4793,59701.421,60468.6418,59029.8355,49319.9208,52858.0856,52966.1153
Least Developed Countries,Land Use change,Emissions (CO2eq) (AR5),kilotonnes,873981.474,903562.2945,914530.082,950062.0624,954902.2295,953647.6395,950193.2482,956982.7837,948837.8529,945944.6561,964197.1991,1247907.15,1247886.931,1242205.058,1240667.058,1256573.191,1214571.945,1209058.936,1191266.385,1196681.75,1200130.084
Least Developed Countries,Emissions on agricultural land,Emissions (CH4),kilotonnes,19200.7169,18720.3081,19756.4302,21197.1916,21435.4826,22261.6232,22224.4044,22991.0402,23488.4001,23650.872,24658.6388,24522.0464,25034.7492,25256.2709,25523.6979,26237.0649,26681.7161,26890.2412,26973.6564,27595.8823,28344.3556
Least Developed Countries,Emissions on agricultural land,Emissions (N2O),kilotonnes,884.5458,941.6973,1013.4025,1118.5734,1132.5478,1176.6521,1147.6989,1201.6524,1215.0241,1207.3884,1268.8723,1262.4212,1288.2194,1298.5265,1313.1923,1360.7174,1395.8928,1396.9852,1375.876,1413.6567,1459.0687
Least Developed Countries,Emissions on agricultural land,Emissions (CO2),kilotonnes,901495.6595,920004.6372,920047.9997,921425.3359,923748.3019,921683.9006,924009.8971,924659.1131,923223.0669,923081.8735,925542.3655,1220296.094,1220691.141,1223571.886,1223265.736,1224065.233,1181984.345,1180579.32,1185017.593,1184079.879,1186443.099
Least Developed Countries,Emissions on agricultural land,Emissions (CO2eq) from CH4 (AR5),kilotonnes,537620.0725,524168.627,553180.0447,593521.365,600193.5119,623325.4505,622283.322,643749.1246,657675.2039,662224.4152,690441.8862,686617.3002,700972.9769,707175.5839,714663.542,734637.8175,747088.0518,752926.7523,755262.3796,772684.7043,793641.9573
Least Developed Countries,Emissions on agricultural land,Emissions (CO2eq) from N2O (AR5),kilotonnes,234404.6292,249549.7816,268551.6576,296421.9583,300125.1634,311812.8081,304140.2047,318437.879,321981.3749,319957.9359,336251.1569,334541.6129,341378.1315,344109.5255,347995.9593,360590.1096,369911.5841,370201.0653,364607.1433,374619.0268,386653.2011
Least Developed Countries,Emissions on agricultural land,Emissions (CO2eq) (AR5),kilotonnes,1673520.361,1693723.046,1741779.702,1811368.659,1824066.977,1856822.159,1850433.424,1886846.117,1902879.646,1905264.225,1952235.409,2241455.007,2263042.249,2274856.996,2285925.238,2319293.16,2298983.981,2303707.137,2304887.116,2331383.61,2366738.258
Least Developed Countries,Pre- and post- production,Emissions (CH4),kilotonnes,3057.0292,3100.0619,3142.4899,3162.9016,3169.6836,3224.1098,3283.4758,3302.4385,3352.1323,3415.518,3475.3176,3524.1188,3561.9675,3596.7095,3629.2441,3645.6427,3683.7292,3728.8544,3778.3644,3821.1117,3857.7155
Least Developed Countries,Pre- and post- production,Emissions (N2O),kilotonnes,11.7449,12.2105,12.7348,13.0171,13.179,13.6651,14.0848,14.6104,15.1242,15.885,16.4451,16.9789,17.4439,17.8762,18.6668,19.0764,19.5632,20.0476,20.5019,20.836,21.2795
Least Developed Countries,Pre- and post- production,Emissions (CO2),kilotonnes,15494.6084,18061.4718,18297.7436,18305.7298,17548.5349,17954.6048,19325.0933,20876.5646,21824.1294,24269.1759,24878.7083,26722.5922,30683.6814,32076.4351,34256.596,34035.8061,36632.613,39038.8175,41380.4407,40752.2473,39474.5341
Least Developed Countries,Pre- and post- production,Emissions (CO2eq) from F-gases (AR5),kilotonnes,42.599,62.34,86.237,121.563,168.318,184.4225,212.995,241.5675,244.6845,246.243,247.282,247.282,247.282,248.321,248.321,248.321,270.14,276.8935,283.1275,288.842,302.3759
Least Developed Countries,Pre- and post- production,Emissions (CO2eq) from CH4 (AR5),kilotonnes,85596.8162,86801.7343,87989.7162,88561.2434,88751.1408,90275.0744,91937.3224,92468.2774,93859.7046,95634.5045,97308.892,98675.3264,99735.0894,100707.8668,101618.8353,102077.9955,103144.4178,104407.9226,105794.202,106991.1279,108016.0334
Least Developed Countries,Pre- and post- production,Emissions (CO2eq) from N2O (AR5),kilotonnes,3112.3926,3235.7763,3374.7175,3449.5401,3492.448,3621.2503,3732.4716,3871.7592,4007.9135,4209.5149,4357.9561,4499.415,4622.6392,4737.2042,4946.6929,5055.259,5184.2542,5312.6059,5432.9905,5521.5274,5639.0636
Least Developed Countries,Pre- and post- production,Emissions (CO2eq) (AR5),kilotonnes,104246.4162,108161.3224,109748.4143,110438.0763,109960.4417,112035.352,115207.8823,117458.1687,119936.4321,124359.4383,126792.8385,130144.6156,135288.6921,137769.8271,141070.4452,141417.3816,145231.4251,149036.2394,152890.7607,153553.7445,153432.0071
Least Developed Countries,Agri-food systems,Emissions (CH4),kilotonnes,22257.746,21820.37,22898.92,24360.0932,24605.1662,25485.733,25507.8802,26293.4786,26840.5324,27066.39,28133.9564,28046.1652,28596.7167,28852.9804,29152.942,29882.7076,30365.4453,30619.0955,30752.0208,31416.994,32202.0711
Least Developed Countries,Agri-food systems,Emissions (N2O),kilotonnes,896.2906,953.9078,1026.1373,1131.5906,1145.7268,1190.3172,1161.7837,1216.2628,1230.1483,1223.2734,1285.3174,1279.4001,1305.6633,1316.4028,1331.8591,1379.7938,1415.456,1417.0327,1396.3779,1434.4927,1480.3482
Least Developed Countries,Agri-food systems,Emissions (CO2),kilotonnes,916990.2679,938066.109,938345.7433,939731.0657,941296.8367,939638.5053,943334.9904,945535.6777,945047.1963,947351.0494,950421.0738,1247018.686,1251374.822,1255648.321,1257522.333,1258101.039,1218616.958,1219618.137,1226398.034,1224832.126,1225917.633
Least Developed Countries,Agri-food systems,Emissions (CO2eq) from F-gases (AR5),kilotonnes,42.599,62.34,86.237,121.563,168.318,184.4225,212.995,241.5675,244.6845,246.243,247.282,247.282,247.282,248.321,248.321,248.321,270.14,276.8935,283.1275,288.842,302.3759
Least Developed Countries,Agri-food systems,Emissions (CO2eq) from CH4 (AR5),kilotonnes,623216.8887,610970.3613,641169.7609,682082.6084,688944.6527,713600.5249,714220.6444,736217.402,751534.9085,757858.9197,787750.7782,785292.6266,800708.0663,807883.4507,816282.3773,836715.813,850232.4696,857334.6748,861056.5816,879675.8322,901657.9907
Least Developed Countries,Agri-food systems,Emissions (CO2eq) from N2O (AR5),kilotonnes,237517.0218,252785.5579,271926.3751,299871.4985,303617.6114,315434.0585,307872.6763,322309.6382,325989.2884,324167.4508,340609.113,339041.0278,346000.7707,348846.7297,352942.6522,365645.3686,375095.8384,375513.6712,370040.1338,380140.5541,392292.2647
Least Developed Countries,Agri-food systems,Emissions (CO2eq) (AR5),kilotonnes,1777766.777,1801884.368,1851528.116,1921806.736,1934027.419,1968857.511,1965641.306,2004304.285,2022816.078,2029623.663,2079028.247,2371599.622,2398330.941,2412626.823,2426995.683,2460710.542,2444215.406,2452743.377,2457777.877,2484937.355,2520170.265
Least Developed Countries,IPCC Agriculture,Emissions (CH4),kilotonnes,17367.8212,17230.9913,18049.5218,18823.5762,18996.1623,19809.4749,19862.993,20493.2105,21124.5882,21362.0576,22038.1412,22115.2065,22633.5341,22982.159,23273.9357,23705.0096,24131.8297,24421.5952,24876.6589,25372.7859,26087.3001
Least Developed Countries,IPCC Agriculture,Direct emissions (N2O),kilotonnes,406.5805,416.5489,433.1799,443.9719,453.0533,470.392,486.0321,501.3778,526.3723,540.3928,559.7891,568.4318,589.9764,607.7377,629.74,642.0968,657.5173,677.2043,694.1588,716.5124,739.9025
Least Developed Countries,IPCC Agriculture,Indirect emissions (N2O),kilotonnes,112.9571,115.6131,120.3355,123.1478,126.3598,130.904,135.0954,139.352,146.4387,150.1646,155.7276,158.2048,164.9706,170.1203,176.4169,180.1604,184.6775,190.8044,195.939,202.831,209.4393
Least Developed Countries,IPCC Agriculture,Emissions (N2O),kilotonnes,829.5556,806.223,857.2388,902.6851,912.773,952.4986,933.6892,974.467,998.2412,1000.0464,1032.6427,1042.2837,1068.941,1091.8927,1108.4126,1132.3422,1164.0514,1170.4927,1185.2785,1209.4392,1254.4435
Least Developed Countries,IPCC Agriculture,Emissions (CO2eq) from CH4 (AR5),kilotonnes,486298.9931,482467.7564,505386.6113,527060.1325,531892.5451,554665.296,556163.8044,573809.8928,591488.4694,598137.6119,617067.9533,619225.7823,633738.9553,643500.4527,651670.1994,663740.2679,675691.2326,683804.6649,696546.449,710438.0039,730444.404
Least Developed Countries,IPCC Agriculture,Emissions (CO2eq) from N2O (AR5),kilotonnes,219832.2295,213649.0877,227168.2906,239211.5388,241884.8582,252412.1391,247427.6278,258233.7533,264533.9288,265012.2984,273650.3129,276205.1833,283269.3761,289351.5565,293729.3424,300070.6759,308473.626,310180.5725,314098.8032,320501.3822,332427.5268
Least Developed Countries,IPCC Agriculture,Emissions (CO2eq) (AR5),kilotonnes,706131.2226,696116.8441,732554.902,766271.6713,773777.4033,807077.4351,803591.4322,832043.646,856022.3982,863149.9102,890718.2661,895430.9656,917008.3315,932852.0093,945399.5419,963810.9438,984164.8586,993985.2374,1010645.252,1030939.386,1062871.931
Least Developed Countries,Agricultural Soils,Direct emissions (N2O),kilotonnes,406.5805,416.5489,433.1799,443.9719,453.0533,470.392,486.0321,501.3778,526.3723,540.3928,559.7891,568.4318,589.9764,607.7377,629.74,642.0968,657.5173,677.2043,694.1588,716.5124,739.9025
Least Developed Countries,Agricultural Soils,Indirect emissions (N2O),kilotonnes,112.9571,115.6131,120.3355,123.1478,126.3598,130.904,135.0954,139.352,146.4387,150.1646,155.7276,158.2048,164.9706,170.1203,176.4169,180.1604,184.6775,190.8044,195.939,202.831,209.4393
Least Developed Countries,Agricultural Soils,Emissions (N2O),kilotonnes,535.3568,547.9789,569.3291,582.9139,595.1823,617.0711,636.8998,656.4958,688.5695,706.3192,731.2854,742.3916,770.6978,793.5932,821.8617,837.9596,857.8343,883.6276,905.6924,934.8751,964.8666
Least Developed Countries,Agricultural Soils,Emissions (CO2eq) from N2O (AR5),kilotonnes,141869.5558,145214.4191,150872.2044,154472.1875,157723.3063,163523.8448,168778.4553,173971.3921,182470.9093,187174.5847,193790.634,196733.7791,204234.9049,210302.1905,217793.3462,222059.297,227326.0931,234161.3085,240008.4978,247741.9072,255689.6514
Least Developed Countries,Agricultural Soils,Emissions (CO2eq) (AR5),kilotonnes,141869.5558,145214.4191,150872.2044,154472.1875,157723.3063,163523.8448,168778.4553,173971.3921,182470.9093,187174.5847,193790.634,196733.7791,204234.9049,210302.1905,217793.3462,222059.297,227326.0931,234161.3085,240008.4978,247741.9072,255689.6514
Least Developed Countries,LULUCF,Emissions (CH4),kilotonnes,2668.9313,1900.9727,2091.1068,2913.2923,3052.7461,3040.3815,2895.5858,3152.3289,2942.6741,2903.9196,3371.143,2920.89,3023.7316,2870.3433,2816.5343,3117.436,3156.749,2968.3908,2615.3312,2669.2191,2716.5172
Least Developed Countries,LULUCF,Emissions (N2O),kilotonnes,77.9141,171.3718,189.356,263.2159,273.6791,275.6114,260.3414,284.2694,266.9503,261.7009,302.7757,264.9594,273.9279,258.3631,253.8454,279.4517,284.2835,269.1055,234.2257,241.0061,242.6317
Least Developed Countries,LULUCF,Emissions (CO2),kilotonnes,883826.4837,891392.2073,890836.4865,891823.2508,893715.6838,891047.0215,892874.5486,892447.514,890822.0718,892373.136,893820.4586,1149198.546,1149547.067,1150821.562,1150262.993,1151909.521,1215493.828,1213605.011,1215822.716,1214054.326,1216417.546
Least Developed Countries,LULUCF,Emissions (CO2eq) from CH4 (AR5),kilotonnes,74730.0763,53227.2348,58550.9915,81572.1847,85476.8921,85130.6807,81076.4036,88265.2097,82394.8758,81309.7484,94392.0033,81784.9196,84664.4854,80369.6121,78862.9591,87288.2073,88388.9708,83114.9437,73229.2731,74738.1349,76062.4805
Least Developed Countries,LULUCF,Emissions (CO2eq) from N2O (AR5),kilotonnes,20647.2373,45413.5206,50179.3344,69752.2095,72524.9654,73037.0097,68990.4722,75331.3876,70741.831,69350.7379,80235.5723,70214.2482,72590.9008,68466.2312,67269.0362,74054.7057,75335.1234,71312.9469,62069.8131,63866.6234,64297.3996
Least Developed Countries,LULUCF,Emissions (CO2eq) (AR5),kilotonnes,979203.7973,990032.9627,999566.8124,1043147.645,1051717.541,1049214.712,1042941.424,1056044.111,1043958.779,1043033.622,1068448.034,1301197.714,1306802.453,1299657.405,1296394.989,1313252.434,1379217.922,1368032.901,1351121.802,1352659.084,1356777.426
Least Developed Countries,AFOLU,Emissions (CH4),kilotonnes,20036.7525,19131.964,20140.6287,21736.8685,22048.9085,22849.8563,22758.5789,23645.5394,24067.2623,24265.9772,25409.2842,25036.0965,25657.2657,25852.5023,26090.4699,26822.4455,27288.5787,27389.986,27491.9901,28042.005,28803.8173
Least Developed Countries,AFOLU,Emissions (N2O),kilotonnes,907.4697,977.5947,1046.5948,1165.9009,1186.4522,1228.11,1194.0306,1258.7364,1265.1915,1261.7473,1335.4184,1307.2431,1342.869,1350.2558,1362.258,1411.7939,1448.3349,1439.5982,1419.5042,1450.4453,1497.0752
Least Developed Countries,AFOLU,Emissions (CO2),kilotonnes,883826.4837,891392.2073,890836.4865,891823.2508,893715.6838,891047.0215,892874.5486,892447.514,890822.0718,892373.136,893820.4586,1149198.546,1149547.067,1150821.562,1150262.993,1151909.521,1215493.828,1213605.011,1215822.716,1214054.326,1216417.546
Least Developed Countries,AFOLU,Emissions (CO2eq) from CH4 (AR5),kilotonnes,561029.0695,535694.9912,563937.6028,608632.3171,617369.4372,639795.9767,637240.208,662075.1025,673883.3453,679447.3603,711459.9566,701010.7019,718403.4407,723870.0648,730533.1585,751028.4752,764080.2035,766919.6086,769775.7221,785176.1388,806506.8846
Least Developed Countries,AFOLU,Emissions (CO2eq) from N2O (AR5),kilotonnes,240479.4668,259062.6083,277347.6251,308963.7484,314409.8236,325449.1488,316418.0999,333565.1409,335275.7598,334363.0363,353885.8851,346419.4314,355860.277,357817.7877,360998.3786,374125.3817,383808.7494,381493.5194,376168.6163,384368.0055,396724.9263
Least Developed Countries,AFOLU,Emissions (CO2eq) (AR5),kilotonnes,1685335.02,1686149.807,1732121.714,1809419.316,1825494.945,1856292.147,1846532.857,1888087.757,1899981.177,1906183.533,1959166.3,2196628.679,2223810.785,2232509.414,2241794.531,2277063.378,2363382.781,2362018.139,2361767.054,2383598.47,2419649.357
Least Developed Countries,All sectors with LULUCF,Emissions (CH4),kilotonnes,28299.7251,27504.6513,28705.5479,30535.913,31294.1845,32503.1003,32502.1817,33633.5337,34243.8364,34685.6327,36303.7303,36056.6576,37072.4354,37688.6617,38155.0277,39030.0049,39714.7883,40183.2199,40550.7827,41372.613,42406.75
Least Developed Countries,All sectors with LULUCF,Emissions (N2O),kilotonnes,983.4466,1055.5849,1126.7491,1248.8026,1271.8923,1316.4532,1284.4047,1350.8706,1359.8088,1359.4144,1435.5568,1411.1315,1448.9463,1461.4001,1476.8933,1529.3275,1570.1595,1565.8607,1548.1942,1580.9072,1630.8663
Least Developed Countries,All sectors with LULUCF,Emissions (CO2),kilotonnes,1006050.204,1021985.584,1026122.595,1039008.293,1050337.879,1051796.504,1065040.915,1072427.664,1078322.645,1096157.12,1115974.621,1383609.608,1387663.768,1407997.124,1440079.426,1446208.787,1527999.069,1549079.403,1573494.807,1595869.185,1587641.951
Least Developed Countries,All sectors with LULUCF,Emissions (CO2eq) from F-gases (AR5),kilotonnes,294.3646,355.8215,382.1358,509.5823,694.7589,655.7293,724.7219,770.4129,926.7575,997.4419,1080.7874,1210.7333,1311.1467,1416.1865,1529.9907,1643.0475,1768.9305,1899.4858,1973.5898,2080.8123,2186.7802
Least Developed Countries,All sectors with LULUCF,Emissions (CO2eq) from CH4 (AR5),kilotonnes,792392.3023,770130.2368,803755.3401,855005.564,876237.1673,910086.808,910061.0885,941738.945,958827.4194,971197.716,1016504.447,1009586.413,1038028.191,1055282.527,1068340.776,1092840.138,1112014.073,1125130.156,1135421.916,1158433.164,1187388.999
Least Developed Countries,All sectors with LULUCF,Emissions (CO2eq) from N2O (AR5),kilotonnes,260613.3406,279729.993,298588.5123,330932.6864,337051.4547,348860.1045,340367.2386,357980.6961,360349.3301,360244.8276,380422.5555,373949.8581,383970.7656,387271.0355,391376.7303,405271.7834,416092.2777,414953.0986,410271.4569,418940.4174,432179.5717
Least Developed Countries,All sectors with LULUCF,Emissions (CO2eq) (AR5),kilotonnes,2059350.212,2072201.635,2128848.583,2225456.126,2264321.26,2311399.146,2316193.964,2372917.718,2398426.152,2428597.106,2513982.411,2768356.613,2810973.871,2851966.873,2901326.923,2945963.756,3057874.35,3091062.143,3121161.77,3175323.578,3209397.302
Least Developed Countries,All sectors without LULUCF,Emissions (CH4),kilotonnes,25630.7938,25603.6786,26614.441,27622.6207,28241.4384,29462.7188,29606.5959,30481.2048,31301.1623,31781.7131,32932.5873,33135.7676,34048.7038,34818.3184,35338.4935,35912.569,36558.0394,37214.829,37935.4515,38703.3939,39690.2328
Least Developed Countries,All sectors without LULUCF,Emissions (N2O),kilotonnes,905.5325,884.2131,937.3931,985.5867,998.2132,1040.8419,1024.0633,1066.6012,1092.8585,1097.7135,1132.7811,1146.1721,1175.0184,1203.037,1223.0479,1249.8758,1285.8761,1296.7553,1313.9685,1339.9011,1388.2346
Least Developed Countries,All sectors without LULUCF,Emissions (CO2),kilotonnes,122223.7204,130593.3766,135286.1086,147185.0423,156622.1949,160749.4822,172166.3662,179980.1503,187500.5733,203783.9843,222154.1623,234411.0623,238116.7013,257175.5622,289816.4321,294299.266,312505.2409,335474.3918,357672.0907,381814.8589,371224.4049
Least Developed Countries,All sectors without LULUCF,Emissions (CO2eq) from F-gases (AR5),kilotonnes,294.3646,355.8215,382.1358,509.5823,694.7589,655.7293,724.7219,770.4129,926.7575,997.4419,1080.7874,1210.7333,1311.1467,1416.1865,1529.9907,1643.0475,1768.9305,1899.4858,1973.5898,2080.8123,2186.7802
Least Developed Countries,All sectors without LULUCF,Emissions (CO2eq) from CH4 (AR5),kilotonnes,717662.2259,716903.0021,745204.3486,773433.3794,790760.2752,824956.1273,828984.6849,853473.7353,876432.5435,889887.9676,922112.4441,927801.4936,953363.7052,974912.9149,989477.8173,1005551.931,1023625.102,1042015.212,1062192.643,1083695.029,1111326.518
Least Developed Countries,All sectors without LULUCF,Emissions (CO2eq) from N2O (AR5),kilotonnes,239966.1033,234316.4724,248409.1779,261180.4769,264526.4893,275823.0948,271376.7665,282649.3085,289607.4992,290894.0897,300186.9832,303735.61,311379.8648,318804.8044,324107.6941,331217.0777,340757.1543,343640.1517,348201.6438,355073.794,367882.1721
Least Developed Countries,All sectors without LULUCF,Emissions (CO2eq) (AR5),kilotonnes,1080146.414,1082168.673,1129281.771,1182308.481,1212603.718,1262184.434,1273252.54,1316873.607,1354467.374,1385563.484,1445534.377,1467158.899,1504171.418,1552309.468,1604931.934,1632711.322,1678656.428,1723029.242,1770039.968,1822664.494,1852619.876
Land Locked Developing Countries,Crop Residues,Direct emissions (N2O),kilotonnes,15.2586,17.4415,17.8785,18.8217,18.3149,19.834,20.9793,21.8584,21.8482,23.9151,23.8518,26.2854,25.0755,27.3961,27.5781,27.8716,28.8428,29.125,29.1835,29.062,30.3401
Land Locked Developing Countries,Crop Residues,Indirect emissions (N2O),kilotonnes,3.4332,3.9243,4.0227,4.2349,4.1209,4.4626,4.7203,4.9181,4.9158,5.3809,5.3666,5.9142,5.642,6.1641,6.2051,6.2711,6.4896,6.5531,6.5663,6.5389,6.8265
Land Locked Developing Countries,Crop Residues,Emissions (N2O),kilotonnes,18.6918,21.3658,21.9012,23.0565,22.4358,24.2966,25.6997,26.7765,26.764,29.296,29.2184,32.1996,30.7175,33.5603,33.7832,34.1427,35.3325,35.6782,35.7498,35.6009,37.1666
Land Locked Developing Countries,Crop Residues,Emissions (CO2eq) from N2O (AR5),kilotonnes,4953.3233,5661.9315,5803.8118,6109.9843,5945.4758,6438.6071,6810.4092,7095.7763,7092.4617,7763.4329,7742.8764,8532.8864,8140.1413,8893.4712,8952.5394,9047.8281,9363.1089,9454.7134,9473.6895,9434.2449,9849.1482
Land Locked Developing Countries,Crop Residues,Emissions (CO2eq) (AR5),kilotonnes,4953.3233,5661.9315,5803.8118,6109.9843,5945.4758,6438.6071,6810.4092,7095.7763,7092.4617,7763.4329,7742.8764,8532.8864,8140.1413,8893.4712,8952.5394,9047.8281,9363.1089,9454.7134,9473.6895,9434.2449,9849.1482
Land Locked Developing Countries,Rice Cultivation,Emissions (CH4),kilotonnes,376.1692,372.9518,373.5873,397.9805,390.5806,393.4036,395.6527,370.4849,401.2914,426.8349,449.1681,434.7157,481.0864,474.2237,500.8367,496.7158,500.847,520.8613,514.8641,513.8248,514.9282
Land Locked Developing Countries,Rice Cultivation,Emissions (CO2eq) from CH4 (AR5),kilotonnes,10532.737,10442.6491,10460.4456,11143.4527,10936.2577,11015.3008,11078.2753,10373.5777,11236.1589,11951.3782,12576.7076,12172.0397,13470.4183,13278.2639,14023.4275,13908.0414,14023.7174,14584.1164,14416.1941,14387.093,14417.9893
Land Locked Developing Countries,Rice Cultivation,Emissions (CO2eq) (AR5),kilotonnes,10532.737,10442.6491,10460.4456,11143.4527,10936.2577,11015.3008,11078.2753,10373.5777,11236.1589,11951.3782,12576.7076,12172.0397,13470.4183,13278.2639,14023.4275,13908.0414,14023.7174,14584.1164,14416.1941,14387.093,14417.9893
Land Locked Developing Countries,Burning - Crop residues,Emissions (CH4),kilotonnes,50.3454,52.6535,52.6289,56.2051,57.168,59.5516,60.4626,60.6199,64.0123,67.1068,67.4376,69.7836,69.894,71.1727,69.9723,69.6262,71.9472,73.4476,70.4659,69.0247,72.3714
Land Locked Developing Countries,Burning - Crop residues,Emissions (N2O),kilotonnes,1.3053,1.3651,1.3645,1.4572,1.4821,1.5439,1.5675,1.5716,1.6596,1.7398,1.7484,1.8092,1.8121,1.8452,1.8141,1.8051,1.8653,1.9042,1.8269,1.7895,1.8763
Land Locked Developing Countries,Burning - Crop residues,Emissions (CO2eq) from CH4 (AR5),kilotonnes,1409.6725,1474.2972,1473.6088,1573.7425,1600.7041,1667.4455,1692.9523,1697.3571,1792.3438,1878.9899,1888.2532,1953.9398,1957.0319,1992.8361,1959.2255,1949.5345,2014.5218,2056.5321,1973.0457,1932.6927,2026.3989
Land Locked Developing Countries,Burning - Crop residues,Emissions (CO2eq) from N2O (AR5),kilotonnes,345.8919,361.7488,361.5799,386.1498,392.7654,409.1417,415.4003,416.4811,439.7881,461.0485,463.3214,479.4389,480.1976,488.9829,480.7359,478.358,494.304,504.6121,484.1269,474.2255,497.2182
Land Locked Developing Countries,Burning - Crop residues,Emissions (CO2eq) (AR5),kilotonnes,1755.5644,1836.046,1835.1887,1959.8923,1993.4694,2076.5872,2108.3527,2113.8382,2232.1319,2340.0384,2351.5746,2433.3788,2437.2296,2481.8191,2439.9613,2427.8926,2508.8258,2561.1442,2457.1726,2406.9182,2523.6171
Land Locked Developing Countries,Enteric Fermentation,Emissions (CH4),kilotonnes,7143.0787,7245.8907,7509.0541,7767.6873,7933.2388,8252.7947,8608.8184,9076.4748,9595.3594,10029.7799,10360.7946,10567.7948,11578.1392,11893.5837,12235.9372,12583.4565,12927.9906,13266.3643,13627.4529,14158.0371,14621.0987
Land Locked Developing Countries,Enteric Fermentation,Emissions (CO2eq) from CH4 (AR5),kilotonnes,200006.203,202884.9399,210253.515,217495.2432,222130.6877,231078.2519,241046.9139,254141.2955,268670.0627,280833.8372,290102.2482,295898.2545,324187.8965,333020.3428,342606.2409,352336.7824,361983.7366,371458.1997,381568.6825,396425.0375,409390.7638
Land Locked Developing Countries,Enteric Fermentation,Emissions (CO2eq) (AR5),kilotonnes,200006.203,202884.9399,210253.515,217495.2432,222130.6877,231078.2519,241046.9139,254141.2955,268670.0627,280833.8372,290102.2482,295898.2545,324187.8965,333020.3428,342606.2409,352336.7824,361983.7366,371458.1997,381568.6825,396425.0375,409390.7638
Land Locked Developing Countries,Manure Management,Emissions (CH4),kilotonnes,338.819,343.0956,359.0556,371.2055,381.5224,396.0899,412.859,432.5133,451.1652,468.9109,486.8027,497.8676,530.775,542.9586,557.4924,575.6911,590.8327,605.4312,624.0788,646.47,664.0148
Land Locked Developing Countries,Manure Management,Emissions (N2O),kilotonnes,18.5047,18.4427,18.2276,18.7815,19.4534,20.3586,21.3993,22.5585,23.9416,25.0321,25.7472,26.7871,28.3794,29.197,30.044,31.506,33.331,34.4609,36.2471,38.1889,38.6513
Land Locked Developing Countries,Manure Management,Emissions (CO2eq) from CH4 (AR5),kilotonnes,9486.9313,9606.6761,10053.5579,10393.7547,10682.6274,11090.5167,11560.0508,12110.3727,12632.6252,13129.5058,13630.4747,13940.2933,14861.6991,15202.8419,15609.7876,16119.3502,16543.3145,16952.0736,17474.2063,18101.1603,18592.4155
Land Locked Developing Countries,Manure Management,Emissions (CO2eq) from N2O (AR5),kilotonnes,4903.7444,4887.3096,4830.3267,4977.1061,5155.1608,5395.0318,5670.8079,5978.0141,6344.5244,6633.5083,6823.0067,7098.5921,7520.528,7737.2179,7961.6473,8349.0804,8832.7103,9132.1397,9605.4825,10120.055,10242.5915
Land Locked Developing Countries,Manure Management,Emissions (CO2eq) (AR5),kilotonnes,14390.6757,14493.9857,14883.8846,15370.8608,15837.7882,16485.5486,17230.8587,18088.3868,18977.1495,19763.0141,20453.4814,21038.8854,22382.2271,22940.0598,23571.4349,24468.4306,25376.0248,26084.2133,27079.6887,28221.2153,28835.007
Land Locked Developing Countries,Manure left on Pasture,Direct emissions (N2O),kilotonnes,206.1972,211.3203,220.6584,227.9116,233.4723,243.4163,254.6689,269.7928,286.4066,299.4805,309.3765,314.9874,351.183,361.4426,371.2561,382.8445,393.563,404.7678,417.1229,435.6464,452.1707
Land Locked Developing Countries,Manure left on Pasture,Indirect emissions (N2O),kilotonnes,55.5615,56.7784,59.1889,61.1781,63.1818,66.1372,69.2978,73.464,78.0731,81.4199,83.6968,85.5987,95.3615,98.5517,101.3794,104.8596,108.1779,111.7799,115.4674,121.1276,125.5947
Land Locked Developing Countries,Manure left on Pasture,Emissions (N2O),kilotonnes,261.7588,268.0987,279.8474,289.0897,296.654,309.5536,323.9667,343.2568,364.4797,380.9004,393.0734,400.5861,446.5445,459.9943,472.6355,487.704,501.7409,516.5477,532.5903,556.7741,577.7655
Land Locked Developing Countries,Manure left on Pasture,Emissions (CO2eq) from N2O (AR5),kilotonnes,69366.0688,71046.1608,74159.556,76608.7783,78613.3208,82031.6976,85851.179,90963.0403,96587.1142,100938.6092,104164.4411,106155.305,118334.3002,121898.4869,125248.4171,129241.5678,132961.3266,136885.1519,141136.437,147545.1269,153107.845
Land Locked Developing Countries,Manure left on Pasture,Emissions (CO2eq) (AR5),kilotonnes,69366.0688,71046.1608,74159.556,76608.7783,78613.3208,82031.6976,85851.179,90963.0403,96587.1142,100938.6092,104164.4411,106155.305,118334.3002,121898.4869,125248.4171,129241.5678,132961.3266,136885.1519,141136.437,147545.1269,153107.845
Land Locked Developing Countries,Manure applied to Soils,Direct emissions (N2O),kilotonnes,15.5283,15.5542,15.6543,16.2996,16.9046,17.619,18.4778,19.3395,20.4147,21.3362,21.9744,22.7861,24.3728,24.8934,25.576,26.4834,27.453,28.2542,29.1542,30.2895,30.597
Land Locked Developing Countries,Manure applied to Soils,Indirect emissions (N2O),kilotonnes,6.5995,6.6105,6.6531,6.9273,7.1845,7.4881,7.8531,8.2193,8.6763,9.0679,9.3391,9.6841,10.3584,10.5797,10.8698,11.2555,11.6675,12.008,12.3905,12.873,13.0037
Land Locked Developing Countries,Manure applied to Soils,Emissions (N2O),kilotonnes,22.1278,22.1647,22.3073,23.227,24.0891,25.107,26.3309,27.5588,29.091,30.4041,31.3135,32.4701,34.7313,35.473,36.4458,37.7389,39.1205,40.2622,41.5447,43.1625,43.6007
Land Locked Developing Countries,Manure applied to Soils,Emissions (CO2eq) from N2O (AR5),kilotonnes,5863.8741,5873.6382,5911.4426,6155.1443,6383.6069,6653.3676,6977.6814,7303.0731,7709.1068,8057.09,8298.0901,8604.5863,9203.7828,9400.3516,9658.1462,10000.8086,10366.9416,10669.4766,11009.3488,11438.0677,11554.1931
Land Locked Developing Countries,Manure applied to Soils,Emissions (CO2eq) (AR5),kilotonnes,5863.8741,5873.6382,5911.4426,6155.1443,6383.6069,6653.3676,6977.6814,7303.0731,7709.1068,8057.09,8298.0901,8604.5863,9203.7828,9400.3516,9658.1462,10000.8086,10366.9416,10669.4766,11009.3488,11438.0677,11554.1931
Land Locked Developing Countries,Synthetic Fertilizers,Direct emissions (N2O),kilotonnes,17.8296,16.632,18.7344,18.4317,18.2583,19.2324,22.3554,22.4391,23.9271,26.0347,28.7361,29.9506,31.9784,33.5684,38.4586,41.5036,43.6304,44.6758,43.8761,44.9295,46.0689
Land Locked Developing Countries,Synthetic Fertilizers,Indirect emissions (N2O),kilotonnes,5.7946,5.4054,6.0887,5.9903,5.934,6.2505,7.2655,7.2927,7.7763,8.4613,9.3392,9.7339,10.393,10.9097,12.499,13.4887,14.1799,14.5196,14.2597,14.6021,14.9724
Land Locked Developing Countries,Synthetic Fertilizers,Emissions (N2O),kilotonnes,23.6242,22.0374,24.8231,24.4221,24.1923,25.4829,29.6209,29.7319,31.7034,34.4959,38.0753,39.6845,42.3714,44.4782,50.9577,54.9923,57.8103,59.1954,58.1359,59.5316,61.0413
Land Locked Developing Countries,Synthetic Fertilizers,Emissions (CO2eq) from N2O (AR5),kilotonnes,6260.4104,5839.9165,6578.116,6471.8461,6410.9574,6752.9603,7849.5365,7878.9406,8401.3942,9141.4182,10089.9631,10516.3959,11228.4213,11786.7204,13503.7798,14572.9676,15319.7187,15686.7906,15406.01,15775.8705,16175.9572
Land Locked Developing Countries,Synthetic Fertilizers,Emissions (CO2eq) (AR5),kilotonnes,6260.4104,5839.9165,6578.116,6471.8461,6410.9574,6752.9603,7849.5365,7878.9406,8401.3942,9141.4182,10089.9631,10516.3959,11228.4213,11786.7204,13503.7798,14572.9676,15319.7187,15686.7906,15406.01,15775.8705,16175.9572
Land Locked Developing Countries,Drained organic soils,Emissions (CO2eq) (AR5),kilotonnes,63487.8446,63500.9124,63576.2856,63552.4522,63646.214,63694.9143,63715.1178,63742.0697,63770.5621,63811.9591,63835.4992,63915.5578,74134.587,74099.6767,73966.8853,73966.043,73574.3957,73412.989,73294.8592,73076.2442,73072.7468
Land Locked Developing Countries,Drained organic soils (CO2),Emissions (CO2),kilotonnes,57400.1526,57416.1574,57489.0726,57465.6824,57548.8703,57594.3257,57611.1964,57633.5176,57662.1896,57699.3001,57721.051,57789.5399,67462.9137,67426.4698,67298.6946,67297.8702,66952.498,66807.9168,66696.8936,66498.8602,66494.9691
Land Locked Developing Countries,Drained organic soils (CO2),Emissions (CO2eq) (AR5),kilotonnes,57400.1526,57416.1574,57489.0726,57465.6824,57548.8703,57594.3257,57611.1964,57633.5176,57662.1896,57699.3001,57721.051,57789.5399,67462.9137,67426.4698,67298.6946,67297.8702,66952.498,66807.9168,66696.8936,66498.8602,66494.9691
Land Locked Developing Countries,Drained organic soils (N2O),Emissions (N2O),kilotonnes,22.9724,22.9613,22.9706,22.9689,23.0088,23.0211,23.0337,23.0511,23.0505,23.0666,23.0734,23.117,25.1761,25.1819,25.163,25.1629,24.9883,24.9248,24.898,24.8203,24.8218
Land Locked Developing Countries,Drained organic soils (N2O),Emissions (CO2eq) from N2O (AR5),kilotonnes,6087.692,6084.7551,6087.213,6086.7699,6097.3437,6100.5886,6103.9214,6108.552,6108.3725,6112.6589,6114.4482,6126.0178,6671.6733,6673.2069,6668.1907,6668.1729,6621.8977,6605.0722,6597.9656,6577.384,6577.7777
Land Locked Developing Countries,Drained organic soils (N2O),Emissions (CO2eq) (AR5),kilotonnes,6087.692,6084.7551,6087.213,6086.7699,6097.3437,6100.5886,6103.9214,6108.552,6108.3725,6112.6589,6114.4482,6126.0178,6671.6733,6673.2069,6668.1907,6668.1729,6621.8977,6605.0722,6597.9656,6577.384,6577.7777
Land Locked Developing Countries,On-farm energy use,Emissions (CH4),kilotonnes,7.0886,5.6652,4.6855,5.9095,6.1915,7.404,10.0066,13.9019,17.0599,18.3201,15.3778,11.9098,11.4686,9.7096,9.7395,7.9687,7.9886,7.7978,7.8751,7.5494,7.5494
Land Locked Developing Countries,On-farm energy use,Emissions (N2O),kilotonnes,3.0484,3.0273,3.0314,3.1728,3.3966,3.4682,3.5385,3.3594,3.4767,3.6774,3.6054,3.7255,3.7772,3.8122,3.7711,3.4599,3.4384,3.3717,3.3222,3.3459,3.3459
Land Locked Developing Countries,On-farm energy use,Emissions (CO2),kilotonnes,11538.1651,11047.6713,10902.8975,11610.8599,12431.0166,13018.7381,14040.5711,14818.476,15970.1289,16666.9023,15628.4478,14972.0863,15032.043,14525.4605,14255.4436,12977.1059,12935.4775,12663.7755,12901.0875,12940.0068,12940.0068
Land Locked Developing Countries,On-farm energy use,Emissions (CO2eq) from CH4 (AR5),kilotonnes,198.481,158.6268,131.1951,165.4664,173.3614,207.3117,280.1862,389.2539,477.6767,512.9631,430.5792,333.4756,321.1211,271.869,272.7066,223.1233,223.6819,218.3374,220.5019,211.3835,211.3835
Land Locked Developing Countries,On-farm energy use,Emissions (CO2eq) from N2O (AR5),kilotonnes,807.8373,802.2223,803.3166,840.7797,900.1049,919.0682,937.7045,890.2281,921.3371,974.5156,955.4271,987.2577,1000.9521,1010.2436,999.3315,916.8845,911.1775,893.4939,880.3893,886.6542,886.6542
Land Locked Developing Countries,On-farm energy use,Emissions (CO2eq) (AR5),kilotonnes,12544.4834,12008.5204,11837.4091,12617.1059,13504.4828,14145.118,15258.4618,16097.958,17369.1427,18154.381,17014.4541,16292.8196,16354.1162,15807.573,15527.4818,14117.1137,14070.3368,13775.6068,14001.9787,14038.0445,14038.0445
Land Locked Developing Countries,Forestland,Emissions (CO2),kilotonnes,-18190.8303,-38133.4774,-38133.4774,-38133.4774,-38133.4774,-38133.4774,-38133.4774,-38133.4774,-38133.4774,-38133.4774,-38133.4774,-44289.4099,-44620.5348,-44620.5348,-44620.5348,-44620.5348,66934.9942,66934.9942,66934.9942,66934.9942,66934.9942
Land Locked Developing Countries,Forestland,Emissions (CO2eq) (AR5),kilotonnes,-18190.8303,-38133.4774,-38133.4774,-38133.4774,-38133.4774,-38133.4774,-38133.4774,-38133.4774,-38133.4774,-38133.4774,-38133.4774,-44289.4099,-44620.5348,-44620.5348,-44620.5348,-44620.5348,66934.9942,66934.9942,66934.9942,66934.9942,66934.9942
Land Locked Developing Countries,Net Forest conversion,Emissions (CO2),kilotonnes,262256.9782,277877.2583,277877.2583,277877.2583,277877.2583,277877.2583,277877.2583,277877.2583,277877.2583,277877.2583,277877.2583,314345.7897,314345.7897,314345.7897,314345.7897,314345.7897,293660.2425,293660.2425,293660.2425,293660.2425,293660.2425
Land Locked Developing Countries,Net Forest conversion,Emissions (CO2eq) (AR5),kilotonnes,262256.9782,277877.2583,277877.2583,277877.2583,277877.2583,277877.2583,277877.2583,277877.2583,277877.2583,277877.2583,277877.2583,314345.7897,314345.7897,314345.7897,314345.7897,314345.7897,293660.2425,293660.2425,293660.2425,293660.2425,293660.2425
Land Locked Developing Countries,Savanna fires,Emissions (CH4),kilotonnes,1255.4075,1094.8933,1330.1224,1214.2025,1237.4535,1340.31,1210.2234,1213.4532,1344.1479,913.954,1358.8418,1311.1806,1442.9598,1352.6158,1298.0721,1352.8326,1388.0325,1407.1769,1258.7666,1124.0396,1306.4247
Land Locked Developing Countries,Savanna fires,Emissions (N2O),kilotonnes,114.6242,99.9685,121.446,110.862,112.9849,122.3761,110.4987,110.7936,122.7265,83.448,124.0682,119.7165,131.7485,123.4997,118.5196,123.5195,126.7334,128.4814,114.9309,102.6297,119.2823
Land Locked Developing Countries,Savanna fires,Emissions (CO2eq) from CH4 (AR5),kilotonnes,35151.4086,30657.0121,37243.4272,33997.6698,34648.6984,37528.68,33886.2542,33976.689,37636.1417,25590.7107,38047.5706,36713.0556,40402.8753,37873.2422,36346.0181,37879.313,38864.9088,39400.9524,35245.4648,31473.1079,36579.8908
Land Locked Developing Countries,Savanna fires,Emissions (CO2eq) from N2O (AR5),kilotonnes,30375.4008,26491.6572,32183.179,29378.4212,29940.9948,32429.6745,29282.1436,29360.291,32522.5355,22113.712,32878.0638,31724.8687,34913.3542,32727.4213,31407.7004,32732.6673,33584.3505,34047.5622,30456.6788,27196.8704,31609.797
Land Locked Developing Countries,Savanna fires,Emissions (CO2eq) (AR5),kilotonnes,65526.8094,57148.6693,69426.6062,63376.0909,64589.6933,69958.3545,63168.3978,63336.98,70158.6773,47704.4227,70925.6344,68437.9243,75316.2294,70600.6635,67753.7185,70611.9803,72449.2594,73448.5146,65702.1436,58669.9782,68189.6878
Land Locked Developing Countries,Fires in organic soils,Emissions (CH4),kilotonnes,0,0,0,0,0,0,0,0,0,0,0,0,0,0,0,0,0,0,0,0,0
Land Locked Developing Countries,Fires in organic soils,Emissions (CO2),kilotonnes,0,0,0,0,0,0,0,0,0,0,0,0,0,0,0,0,0,0,0,0,0
Land Locked Developing Countries,Fires in organic soils,Emissions (CO2eq) from CH4 (AR5),kilotonnes,0,0,0,0,0,0,0,0,0,0,0,0,0,0,0,0,0,0,0,0,0
Land Locked Developing Countries,Fires in organic soils,Emissions (CO2eq) (AR5),kilotonnes,0,0,0,0,0,0,0,0,0,0,0,0,0,0,0,0,0,0,0,0,0
Land Locked Developing Countries,Forest fires,Emissions (CH4),kilotonnes,858.5934,770.8655,860.2643,1108.5362,1219.7202,1178.0591,1081.4953,1402.0894,1112.9729,835.482,1559.5113,1134.3929,1133.5716,1028.4219,956.9385,1105.4869,1331.9123,1116.6101,1046.6501,1297.3529,1189.1273
Land Locked Developing Countries,Forest fires,Emissions (N2O),kilotonnes,25.8301,70.3834,78.5459,101.2142,111.3658,107.5619,98.7452,128.0169,101.6193,76.2831,142.3902,103.575,103.5,93.8994,87.3726,100.9358,121.6094,101.9514,95.5637,118.454,108.5725
Land Locked Developing Countries,Forest fires,Emissions (CO2eq) from CH4 (AR5),kilotonnes,24040.6148,21584.2341,24087.4017,31039.0145,34152.1661,32985.6549,30281.8686,39258.5028,31163.2418,23393.4958,43666.3169,31763.0013,31740.0051,28795.8129,26794.2789,30953.6339,37293.5437,31265.0842,29306.2042,36325.8824,33295.5632
Land Locked Developing Countries,Forest fires,Emissions (CO2eq) from N2O (AR5),kilotonnes,6844.9807,18651.5936,20814.6569,26821.7571,29511.9262,28503.9083,26167.4843,33924.4671,26929.1057,20215.0317,37733.3934,27447.3761,27427.5044,24883.3383,23153.7519,26747.9771,32226.4861,27017.1108,25324.3829,31390.3005,28771.7095
Land Locked Developing Countries,Forest fires,Emissions (CO2eq) (AR5),kilotonnes,30885.5955,40235.8277,44902.0585,57860.7717,63664.0923,61489.5633,56449.3529,73182.9699,58092.3475,43608.5275,81399.7103,59210.3774,59167.5095,53679.1512,49948.0308,57701.611,69520.0298,58282.1949,54630.5871,67716.1829,62067.2726
Land Locked Developing Countries,Fires in humid tropical forests,Emissions (CH4),kilotonnes,482.1497,704.4545,775.5689,1015.2008,1097.0943,1069.6216,988.0847,1225.9026,1011.2717,752.5772,1406.3772,1048.0204,1020.5135,927.4861,857.4185,1005.5546,1209.1004,1030.6353,949.5076,1161.9725,1062.075
Land Locked Developing Countries,Fires in humid tropical forests,Emissions (N2O),kilotonnes,14.1809,64.3198,70.8128,92.6922,100.1695,97.6611,90.2164,111.9302,92.3335,68.7136,128.4083,95.6888,93.1773,84.6835,78.286,91.8115,110.3961,94.1015,86.6942,106.0931,96.9721
Land Locked Developing Countries,Fires in humid tropical forests,Emissions (CO2eq) from CH4 (AR5),kilotonnes,13500.192,19724.7256,21715.9293,28425.6211,30718.6392,29949.4056,27666.3715,34325.2741,28315.6071,21072.1628,39378.5603,29344.5724,28574.3791,25969.6119,24007.7185,28155.53,33854.8125,28857.7879,26586.2136,32535.2294,29738.0987
Land Locked Developing Countries,Fires in humid tropical forests,Emissions (CO2eq) from N2O (AR5),kilotonnes,3757.9313,17044.7357,18765.3954,24563.4443,26544.911,25880.1929,23907.3537,29661.5141,24468.3778,18209.0972,34028.2124,25357.5381,24691.9907,22441.1321,20745.8002,24330.0504,29254.9738,24936.8928,22973.9563,28114.6819,25697.5962
Land Locked Developing Countries,Fires in humid tropical forests,Emissions (CO2eq) (AR5),kilotonnes,17258.1234,36769.4612,40481.3248,52989.0654,57263.5502,55829.5984,51573.7252,63986.7882,52783.9849,39281.26,73406.7727,54702.1104,53266.3698,48410.744,44753.5187,52485.5804,63109.7863,53794.6807,49560.1698,60649.9113,55435.6949
Land Locked Developing Countries,Waste - agri-food systems,Emissions (CH4),kilotonnes,1430.4036,1458.1632,1494.4991,1524.5041,1569.3163,1585.9677,1617.7289,1659.1326,1682.9504,1713.1736,1746.0823,1783.7597,1825.2754,1857.351,1877.8969,1887.904,1904.8822,1926.7975,1948.4676,1968.0271,1984.2369
Land Locked Developing Countries,Waste - agri-food systems,Emissions (N2O),kilotonnes,6.828,7.0576,7.3716,7.6859,7.8692,8.2002,8.384,8.657,9.0475,9.4378,9.8081,10.1359,10.4445,10.7099,11.1402,11.4157,11.7022,11.9495,12.1982,12.4373,12.667
Land Locked Developing Countries,Waste - agri-food systems,Emissions (CO2),kilotonnes,238.8547,240.0695,275.6396,277.5085,280.3044,282.7709,285.4696,288.6729,291.9789,290.6936,294.6445,297.887,299.0527,299.6887,299.6523,298.2153,297.9896,299.1039,300.6887,301.3562,300.9684
Land Locked Developing Countries,Waste - agri-food systems,Emissions (CO2eq) from CH4 (AR5),kilotonnes,40051.3011,40828.5692,41845.9751,42686.115,43940.8572,44407.0952,45296.4106,46455.7119,47122.6117,47968.8606,48890.304,49945.2711,51107.71,52005.8285,52581.1142,52861.3118,53336.7016,53950.3302,54557.0941,55104.7596,55558.6319
Land Locked Developing Countries,Waste - agri-food systems,Emissions (CO2eq) from N2O (AR5),kilotonnes,1809.4283,1870.2649,1953.4609,2036.7606,2085.3468,2173.047,2221.7658,2294.1049,2397.5913,2501.0069,2599.1374,2686.0075,2767.7907,2838.1135,2952.155,3025.1728,3101.0752,3166.6188,3232.5184,3295.8904,3356.7534
Land Locked Developing Countries,Waste - agri-food systems,Emissions (CO2eq) (AR5),kilotonnes,42099.584,42938.9037,44075.0755,45000.3842,46306.5084,46862.9131,47803.646,49038.4897,49812.1818,50760.5611,51784.0859,52929.1656,54174.5535,55143.6307,55832.9216,56184.6999,56735.7664,57416.0528,58090.3012,58702.0062,59216.3537
Land Locked Developing Countries,Fertilizers Manufacturing,Emissions (N2O),kilotonnes,9.0269,8.9608,9.0071,9.1198,8.8148,8.7501,8.7466,9.0603,8.9316,9.0558,8.4938,8.8143,8.5547,7.78,9.0075,8.1852,8.1472,7.7401,8.0109,8.1193,7.5962
Land Locked Developing Countries,Fertilizers Manufacturing,Emissions (CO2),kilotonnes,5134.8931,5046.5269,5018.4882,4984.3487,4738.706,4626.4593,4739.0148,4593.8137,4514.3483,4641.2053,4289.3953,2427.1963,2429.0389,5589.2389,6256.685,5893.4152,6069.3596,2846.7907,2572.5725,2990.8774,2917.651
Land Locked Developing Countries,Fertilizers Manufacturing,Emissions (CO2eq) from N2O (AR5),kilotonnes,2392.1185,2374.6035,2386.8817,2416.756,2335.9089,2318.7721,2317.849,2400.9795,2366.874,2399.787,2250.8446,2335.7983,2266.9955,2061.7106,2386.9946,2169.0674,2159.0098,2051.123,2122.8885,2151.6198,2012.9898
Land Locked Developing Countries,Fertilizers Manufacturing,Emissions (CO2eq) (AR5),kilotonnes,7527.0116,7421.1304,7405.3699,7401.1047,7074.6148,6945.2314,7056.8638,6994.7932,6881.2223,7040.9923,6540.2399,4762.9946,4696.0344,7650.9495,8643.6796,8062.4826,8228.3694,4897.9136,4695.461,5142.4972,4930.6408
Land Locked Developing Countries,On-farm electricity use,Emissions (CH4),kilotonnes,41.6658,41.622,43.0493,37.32,36.7426,37.9155,38.9881,29.8174,30.0186,29.7238,29.8367,30.2852,30.6415,25.7152,25.3957,27.3361,24.9972,25.0962,35.7916,37.8709,37.8709
Land Locked Developing Countries,On-farm electricity use,Emissions (N2O),kilotonnes,0.2226,0.2222,0.2298,0.1992,0.1962,0.2024,0.2083,0.1591,0.1601,0.1587,0.1591,0.1617,0.1637,0.1374,0.1355,0.146,0.1334,0.134,0.1911,0.2021,0.2021
Land Locked Developing Countries,On-farm electricity use,Emissions (CO2),kilotonnes,18509.7155,17471.5871,19369.489,15413.0566,14755.8331,15138.9549,16929.4094,12237.9277,11575.3802,11669.1854,12064.7849,12510.7344,12540.3669,10228.0067,10230.8228,11087.3237,11096.5382,11282.7072,16234.3804,17435.0919,17435.0919
Land Locked Developing Countries,On-farm electricity use,Emissions (CO2eq) from CH4 (AR5),kilotonnes,1166.6424,1165.416,1205.3804,1044.96,1028.7928,1061.634,1091.6668,834.8872,840.5208,832.2664,835.4276,847.9856,857.962,720.0256,711.0796,765.4108,699.9216,702.6936,1002.1648,1060.3852,1060.3852
Land Locked Developing Countries,On-farm electricity use,Emissions (CO2eq) from N2O (AR5),kilotonnes,58.989,58.883,60.897,52.788,51.993,53.636,55.1995,42.1615,42.4265,42.0555,42.1615,42.8505,43.3805,36.411,35.9075,38.69,35.351,35.51,50.6415,53.5565,53.5565
Land Locked Developing Countries,On-farm electricity use,Emissions (CO2eq) (AR5),kilotonnes,19735.3469,18695.8861,20635.7664,16510.8046,15836.6189,16254.2249,18076.2757,13114.9764,12458.3275,12543.5073,12942.374,13401.5705,13441.7094,10984.4433,10977.8099,11891.4245,11831.8108,12020.9108,17287.1867,18549.0336,18549.0336
Land Locked Developing Countries,Food Processing,Emissions (CH4),kilotonnes,56.1718,56.4299,52.6034,36.0023,14.0536,31.9006,33.5585,23.539,42.9806,48.1705,69.0799,74.3281,64.4485,65.0266,57.8203,53.2654,84.6578,77.207,79.9748,80.8193,84.7131
Land Locked Developing Countries,Food Processing,Emissions (N2O),kilotonnes,0.3498,0.3644,0.349,0.2149,0.043,0.0523,0.0703,0.0786,0.158,0.1525,0.1498,0.1362,0.1275,0.1253,0.1208,0.1342,0.1467,0.1348,0.139,0.1401,0.1395
Land Locked Developing Countries,Food Processing,Emissions (CO2),kilotonnes,2415.4032,3298.5818,3022.8595,2437.4747,1627.9711,1869.2206,2153.4866,3145.3404,10216.0172,7859.4364,7441.2219,5344.4377,6889.9151,7602.7896,7394.0802,7907.1001,8502.5054,8611.1826,9395.7138,10555.541,10048.9176
Land Locked Developing Countries,Food Processing,Emissions (CO2eq) from CH4 (AR5),kilotonnes,1572.8104,1580.0372,1472.8952,1008.0644,393.5008,893.2168,939.638,659.092,1203.4568,1348.774,1934.2372,2081.1868,1804.558,1820.7448,1618.9684,1491.4312,2370.4184,2161.796,2239.2944,2262.9404,2371.9672
Land Locked Developing Countries,Food Processing,Emissions (CO2eq) from N2O (AR5),kilotonnes,92.697,96.566,92.485,56.9485,11.395,13.8595,18.6295,20.829,41.87,40.4125,39.697,36.093,33.7875,33.2045,32.012,35.563,38.8755,35.722,36.835,37.1265,36.9678
Land Locked Developing Countries,Food Processing,Emissions (CO2eq) (AR5),kilotonnes,4080.9106,4975.185,4588.2397,3502.4876,2032.8669,2776.2969,3111.7541,3825.2614,11461.344,9248.6229,9415.1561,7461.7175,8728.2606,9456.7389,9045.0606,9434.0943,10911.7993,10808.7006,11671.8432,12855.6079,12457.8526
Land Locked Developing Countries,Food Packaging,Emissions (CH4),kilotonnes,2.0628,2.1533,2.3899,2.6792,2.8799,4.6695,5.227,5.8529,6.521,9.2111,14.536,16.8448,15.8494,15.4041,14.8309,14.283,18.4754,21.4651,25.945,18.8896,19.8454
Land Locked Developing Countries,Food Packaging,Emissions (N2O),kilotonnes,0.0172,0.0179,0.0188,0.0203,0.021,0.0226,0.0243,0.0237,0.0314,0.0436,0.0457,0.046,0.0509,0.0464,0.0363,0.0521,0.0477,0.0511,0.0656,0.0539,0.0514
Land Locked Developing Countries,Food Packaging,Emissions (CO2),kilotonnes,779.3593,797.5211,835.1178,915.8209,896.9705,999.3887,1112.1326,1087.2236,1696.7015,2328.8088,2293.6239,2999.4429,3419.1515,3265.6732,2600.8968,3687.4406,3560.9763,3889.1061,5387.2166,3826.1762,3652.4458
Land Locked Developing Countries,Food Packaging,Emissions (CO2eq) from CH4 (AR5),kilotonnes,57.7584,60.2924,66.9172,75.0176,80.6372,130.746,146.356,163.8812,182.588,257.9108,407.008,471.6544,443.7832,431.3148,415.2652,399.924,517.3112,601.0228,726.46,528.9081,555.6715
Land Locked Developing Countries,Food Packaging,Emissions (CO2eq) from N2O (AR5),kilotonnes,4.558,4.7435,4.982,5.3795,5.565,5.989,6.4395,6.2805,8.321,11.554,12.1105,12.19,13.4885,12.296,9.6195,13.8065,12.6405,13.5415,17.384,14.2807,13.6318
Land Locked Developing Countries,Food Packaging,Emissions (CO2eq) (AR5),kilotonnes,841.6757,862.557,907.017,996.218,983.1727,1136.1237,1264.9281,1257.3853,1887.6105,2598.2736,2712.7424,3483.2873,3876.4232,3709.284,3025.7815,4101.1711,4090.928,4503.6704,6131.0606,4369.3651,4221.7491
Land Locked Developing Countries,Food Retail,Emissions (CH4),kilotonnes,1.825,1.7999,1.847,1.9441,1.8915,1.9053,2.217,2.6335,4.7064,4.3697,4.5954,5.2087,5.2987,5.8551,6.1928,6.2848,6.7494,7.1511,8.122,7.283,7.382
Land Locked Developing Countries,Food Retail,Emissions (N2O),kilotonnes,0.0132,0.0127,0.0134,0.0147,0.0154,0.0162,0.0185,0.0231,0.0526,0.0475,0.0497,0.0547,0.0505,0.0565,0.056,0.0564,0.0611,0.0646,0.0719,0.0707,0.0678
Land Locked Developing Countries,Food Retail,Emissions (CO2),kilotonnes,2964.49,2864.2823,2957.2745,3126.535,3182.2027,3174.6251,3556.1888,4234.5189,7083.203,5766.9212,6219.6624,6769.058,6486.3973,7156.2854,6450.5967,6575.3708,6976.3634,7201.1136,7712.0453,8121.5081,7744.8045
Land Locked Developing Countries,Food Retail,Emissions (CO2eq) from F-gases (AR5),kilotonnes,477.94,651.453,870.682,1169.914,1568.3705,1721.1035,1965.788,2209.953,2238.5255,2253.0715,2260.864,2266.5785,2269.176,2273.332,2273.332,2273.332,2477.4955,2531.004,2585.032,2637.5015,2738.6763
Land Locked Developing Countries,Food Retail,Emissions (CO2eq) from CH4 (AR5),kilotonnes,51.1011,50.3979,51.7174,54.4342,52.9611,53.3484,62.0756,73.7373,131.7799,122.3511,128.6709,145.8435,148.3638,163.9416,173.3992,175.9731,188.9826,200.2321,227.416,203.924,206.6953
Land Locked Developing Countries,Food Retail,Emissions (CO2eq) from N2O (AR5),kilotonnes,3.497,3.3553,3.5568,3.9014,4.0743,4.3023,4.9149,6.1226,13.9399,12.5871,13.1697,14.5013,13.3892,14.9776,14.8445,14.9501,16.1949,17.1265,19.0535,18.7355,17.965
Land Locked Developing Countries,Food Retail,Emissions (CO2eq) (AR5),kilotonnes,3497.0281,3569.4886,3883.2307,4354.7847,4807.6086,4953.3793,5588.9672,6524.3318,9467.4484,8154.9308,8622.367,9195.9813,8917.3263,9608.5365,8912.1725,9039.626,9659.0364,9949.4761,10543.5468,10981.6691,10708.1411
Land Locked Developing Countries,Food Household Consumption,Emissions (CH4),kilotonnes,12.9661,13.1917,13.5906,14.2854,14.6896,15.4943,16.3984,16.5024,24.7473,25.2206,27.5261,37.2129,32.7119,33.3491,48.9444,48.6663,53.9686,63.1069,68.6498,68.1079,68.6594
Land Locked Developing Countries,Food Household Consumption,Emissions (N2O),kilotonnes,0.088,0.0901,0.0922,0.0958,0.0977,0.103,0.1077,0.1111,0.1501,0.1536,0.1639,0.2151,0.1944,0.1956,0.2734,0.2726,0.2974,0.3438,0.3764,0.3731,0.3567
Land Locked Developing Countries,Food Household Consumption,Emissions (CO2),kilotonnes,15371.3879,15564.9078,16204.7649,16041.8302,15901.6578,15955.3513,16820.4267,17062.2886,20192.3263,18518.4645,18921.8539,23292.4201,22364.9571,21462.0196,25414.7162,24545.9285,25610.0439,28768.4456,32979.9891,32636.7788,31299.4492
Land Locked Developing Countries,Food Household Consumption,Emissions (CO2eq) from CH4 (AR5),kilotonnes,363.0508,369.3676,380.5368,399.9912,411.3088,433.8404,459.1552,462.0672,692.9244,706.1768,770.7308,1041.9612,915.9332,933.7748,1370.4432,1362.6564,1511.1208,1766.9932,1922.1944,1907.0212,1922.4645
Land Locked Developing Countries,Food Household Consumption,Emissions (CO2eq) from N2O (AR5),kilotonnes,23.32,23.8765,24.433,25.387,25.8905,27.295,28.5405,29.4415,39.7765,40.704,43.4335,57.0015,51.516,51.834,72.451,72.239,78.811,91.107,99.746,98.8715,94.5249
Land Locked Developing Countries,Food Household Consumption,Emissions (CO2eq) (AR5),kilotonnes,15757.7587,15958.1519,16609.7347,16467.2084,16338.8571,16416.4867,17308.1224,17553.7973,20925.0272,19265.3453,19736.0182,24391.3828,23332.4063,22447.6284,26857.6104,25980.8239,27199.9757,30626.5458,35001.9295,34642.6715,33316.4387
Land Locked Developing Countries,Food Transport,Emissions (CH4),kilotonnes,1.0671,1.0251,1.0334,1.0417,0.986,0.9819,1.039,1.1459,1.2756,1.3481,1.4361,1.681,1.7122,1.6903,1.679,1.7879,1.8392,1.9215,2.0075,1.6758,1.7123
Land Locked Developing Countries,Food Transport,Emissions (N2O),kilotonnes,0.1883,0.1833,0.1938,0.2058,0.2065,0.2132,0.2235,0.2429,0.2304,0.2343,0.2471,0.271,0.2968,0.2956,0.2992,0.2879,0.3127,0.3125,0.3211,0.2965,0.2951
Land Locked Developing Countries,Food Transport,Emissions (CO2),kilotonnes,4505.0741,4454.3833,4676.9989,4860.5703,4988.9697,5027.5363,5391.433,5788.858,6432.5149,6576.8673,7026.3837,7816.2521,8403.2123,8547.378,8778.6584,8978.1129,9417.2516,9708.2132,10020.2717,9013.1535,8560.4396
Land Locked Developing Countries,Food Transport,Emissions (CO2eq) from CH4 (AR5),kilotonnes,29.8788,28.7028,28.9352,29.1676,27.608,27.4932,29.092,32.0852,35.7168,37.7468,40.2108,47.068,47.9416,47.3284,47.012,50.0612,51.4976,53.802,56.21,46.9224,47.9447
Land Locked Developing Countries,Food Transport,Emissions (CO2eq) from N2O (AR5),kilotonnes,49.8995,48.5745,51.357,54.537,54.7225,56.498,59.2275,64.3685,61.056,62.0895,65.4815,71.815,78.652,78.334,79.288,76.2935,82.8655,82.8125,85.0915,78.5725,78.2006
Land Locked Developing Countries,Food Transport,Emissions (CO2eq) (AR5),kilotonnes,4584.8524,4531.6606,4757.2911,4944.2749,5071.3002,5111.5275,5479.7525,5885.3117,6529.2877,6676.7036,7132.076,7935.1351,8529.8059,8673.0404,8904.9584,9104.4676,9551.6147,9844.8277,10161.5732,9138.6484,8686.5848
Land Locked Developing Countries,Energy,Emissions (CH4),kilotonnes,4268.44,4510.08,4857.19,5074.53,5200.33,5531.75,5797.79,5950.88,6457.68,5720.7,6127.05,6641.59,6928.86,7119.81,7249.28,7200.79,7148.78,7450.82,7541.92,7727.46,7820.51
Land Locked Developing Countries,Energy,Emissions (N2O),kilotonnes,21.2916,21.6137,22.1767,22.9603,23.4676,24.1096,24.6896,25.8129,26.6863,26.7411,27.5505,28.6677,29.4348,30.3085,30.4658,30.8819,31.8828,32.5991,33.0094,33.4427,33.769
Land Locked Developing Countries,Energy,Emissions (CO2),kilotonnes,410341,421924,432029,439741,474458,480080,505573,536605,555035,506873,551834,599159,608394,634015,600552,591195,619729,652776,697244,702982,673642
Land Locked Developing Countries,Energy,Emissions (CO2eq) from CH4 (AR5),kilotonnes,119516.32,126282.24,136001.32,142086.84,145609.24,154889,162338.12,166624.64,180815.04,160179.6,171557.4,185964.52,194008.08,199354.68,202979.84,201622.12,200165.84,208622.96,211173.76,216368.88,218974.28
Land Locked Developing Countries,Energy,Emissions (CO2eq) from N2O (AR5),kilotonnes,5642.274,5727.6252,5876.8255,6084.4795,6218.914,6389.044,6542.744,6840.4185,7071.8695,7086.3915,7300.8825,7596.9405,7800.222,8031.7525,8073.437,8183.7035,8448.942,8638.7615,8747.491,8862.3155,8948.785
Land Locked Developing Countries,Energy,Emissions (CO2eq) (AR5),kilotonnes,535499.594,553933.8652,573907.1455,587912.3195,626286.154,641358.044,674453.864,710070.0585,742921.9095,674138.9915,730692.2825,792720.4605,810202.302,841401.4325,811605.277,801000.8235,828343.782,870037.7215,917165.251,928213.1955,901565.065
Land Locked Developing Countries,IPPU,Emissions (CH4),kilotonnes,1.997,2.0233,2.1734,2.3678,2.4189,2.5333,2.5739,2.7015,2.5408,2.2686,2.6306,2.7253,2.5888,2.5917,2.7245,2.3608,2.6436,2.9605,2.7477,3.0547,3.28
Land Locked Developing Countries,IPPU,Emissions (N2O),kilotonnes,4.5768,4.0851,4.5947,4.8309,4.9721,4.8868,6.1184,5.5174,5.1897,5.6062,5.6307,5.7756,5.6959,5.7473,5.9817,6.071,6.1634,6.2226,6.2379,6.2652,6.2944
Land Locked Developing Countries,IPPU,Emissions (CO2),kilotonnes,14679.67,14853.27,15512.2,16765.61,18535.72,19074.33,20719.9,21947.04,22951.96,22190.94,24708.43,25769.68,28952.46,30604.07,32113.05,34617.27,36127.14,39956.35,43034.49,46079.02,46703.44
Land Locked Developing Countries,IPPU,Emissions (CO2eq) from F-gases (AR5),kilotonnes,26443.2975,18361.7916,12221.253,15788.3746,25884.655,30269.4673,32328.6104,34531.7558,36845.0351,38951.2665,41161.534,45277.2227,48154.4461,48135.0834,50694.8342,52959.3459,55253.23,57504.5978,59712.7177,61942.1627,64170.635
Land Locked Developing Countries,IPPU,Emissions (CO2eq) from CH4 (AR5),kilotonnes,55.9155,56.6533,60.8547,66.297,67.7284,70.931,72.0701,75.6429,71.1422,63.5203,73.6571,76.3079,72.4853,72.5685,76.2852,66.1036,74.0217,82.8929,76.9342,85.5306,91.8396
Land Locked Developing Countries,IPPU,Emissions (CO2eq) from N2O (AR5),kilotonnes,1212.8571,1082.5598,1217.6082,1280.1928,1317.5972,1294.9938,1621.3843,1462.1025,1375.2698,1485.6533,1492.1388,1530.5468,1509.4219,1523.0344,1585.1495,1608.8212,1633.2932,1649.002,1653.0511,1660.2798,1668.0083
Land Locked Developing Countries,IPPU,Emissions (CO2eq) (AR5),kilotonnes,42391.7401,34354.2748,29011.916,33900.4745,45805.7006,50709.7221,54741.9648,58016.5412,61243.4071,62691.3801,67435.7599,72653.7574,78688.8134,80334.7563,84469.3189,89251.5407,93087.6849,99192.8427,104477.193,109766.9931,112633.9229
Land Locked Developing Countries,Waste,Emissions (CH4),kilotonnes,1932.88,1990.46,2045.16,2095.87,2154.37,2210.69,2263.78,2321.52,2386.31,2447.21,2517.63,2589.48,2731.37,2819.53,2914.97,2996.09,3079.68,3162.08,3245.03,3298.75,3384.59
Land Locked Developing Countries,Waste,Emissions (N2O),kilotonnes,12.0586,12.3181,12.6094,13.1386,13.6242,14.1427,14.5764,15.0518,15.5691,16.1666,16.8375,17.4825,18.197,19.003,19.5979,20.2769,20.9671,21.5334,22.0367,22.67,23.278
Land Locked Developing Countries,Waste,Emissions (CO2),kilotonnes,31.698,32.646,33.624,35.246,36.392,37.585,38.293,39.212,40.888,48.809,50.1315,49.2172,49.5499,51.8299,51.4799,52.4699,53.1499,53.9849,55.2489,55.731,76.011
Land Locked Developing Countries,Waste,Emissions (CO2eq) from CH4 (AR5),kilotonnes,54120.64,55732.88,57264.48,58684.36,60322.36,61899.32,63385.84,65002.56,66816.68,68521.88,70493.64,72505.44,76478.36,78946.84,81619.16,83890.52,86231.04,88538.24,90860.84,92365,94768.52
Land Locked Developing Countries,Waste,Emissions (CO2eq) from N2O (AR5),kilotonnes,3195.529,3264.2965,3341.491,3481.729,3610.413,3747.8155,3862.746,3988.727,4125.8115,4284.149,4461.9375,4632.8625,4822.205,5035.795,5193.4435,5373.3785,5556.2815,5706.351,5839.7255,6007.55,6168.67
Land Locked Developing Countries,Waste,Emissions (CO2eq) (AR5),kilotonnes,57347.867,59029.8225,60639.595,62201.335,63969.165,65684.7205,67286.879,69030.499,70983.3795,72854.838,75005.709,77187.5197,81350.1149,84034.4649,86864.0834,89316.3684,91840.4714,94298.5759,96755.8144,98428.281,101013.201
Land Locked Developing Countries,Other,Emissions (CH4),kilotonnes,0.0046,0.005,0.0083,0.0043,0.0031,0.0024,0.0029,0.0039,0.0037,0.0012,0.0023,0.0013,0.0006,0.0003,0.0004,0.0003,0,0,0,0,0
Land Locked Developing Countries,Other,Emissions (N2O),kilotonnes,12.2349,12.2929,12.6307,13.0728,13.3904,13.7305,14.2295,14.7496,16.0625,15.4613,16.0382,17.1758,18.0282,18.5128,18.4559,18.9911,19.5966,19.9695,20.2639,21.0344,21.5318
Land Locked Developing Countries,Other,Emissions (CO2),kilotonnes,36.4,43.4,39.5,28.4,27.6,25.9,39,44.5,48.7,13.3,30,21.4,8.5,3.9,3.29,2.88,3.57,0.845,0,0,0
Land Locked Developing Countries,Other,Emissions (CO2eq) from CH4 (AR5),kilotonnes,0.1288,0.14,0.2324,0.1204,0.0868,0.0672,0.0812,0.1092,0.1036,0.0336,0.0644,0.0364,0.0168,0.0084,0.0112,0.0084,0,0,0,0,0
Land Locked Developing Countries,Other,Emissions (CO2eq) from N2O (AR5),kilotonnes,3242.2485,3257.6185,3347.1355,3464.292,3548.456,3638.5825,3770.8175,3908.644,4256.5625,4097.2445,4250.123,4551.587,4777.473,4905.892,4890.8135,5032.6415,5193.099,5291.9175,5369.9335,5574.116,5705.927
Land Locked Developing Countries,Other,Emissions (CO2eq) (AR5),kilotonnes,3278.7773,3301.1585,3386.8679,3492.8124,3576.1428,3664.5497,3809.8987,3953.2532,4305.3661,4110.5781,4280.1874,4573.0234,4785.9898,4909.8004,4894.1147,5035.5299,5196.669,5292.7625,5369.9335,5574.116,5705.927
Land Locked Developing Countries,Farm-gate emissions,Emissions (CH4),kilotonnes,9170.9083,9115.15,9629.1339,9813.1903,10006.1549,10449.5538,10698.0226,11167.4481,11873.036,11924.9066,12738.4226,12893.2521,14114.3229,14344.2641,14672.0502,15086.2909,15487.6386,15881.079,16103.5034,16518.9455,17186.3872
Land Locked Developing Countries,Farm-gate emissions,Direct emissions (N2O),kilotonnes,254.8137,260.9479,272.9256,281.4647,286.9501,300.1016,316.4814,333.4298,352.5965,370.7665,383.9388,394.0094,432.6098,447.3006,462.8688,478.7032,493.4892,506.8228,519.3367,539.9274,559.1768
Land Locked Developing Countries,Farm-gate emissions,Indirect emissions (N2O),kilotonnes,71.3888,72.7186,75.9534,78.3306,80.421,84.3385,89.1367,93.8941,99.4415,104.3299,107.7418,110.9309,121.7549,126.2052,130.9534,135.8748,140.5149,144.8607,148.684,155.1417,160.3974
Land Locked Developing Countries,Farm-gate emissions,Emissions (N2O),kilotonnes,486.6575,479.4315,515.919,517.0377,527.6971,555.2081,565.6558,588.6581,626.893,612.0604,669.9232,680.0957,745.2579,757.0419,773.1339,800.0315,824.3605,844.8265,849.2458,865.8434,907.5516
Land Locked Developing Countries,Farm-gate emissions,Emissions (CO2),kilotonnes,68938.3178,68463.8287,68391.97,69076.5423,69979.8869,70613.0638,71651.7675,72451.9936,73632.3185,74366.2024,73349.4988,72761.6262,82494.9567,81951.9303,81554.1383,80274.9761,79887.9755,79471.6923,79597.9811,79438.867,79434.976
Land Locked Developing Countries,Farm-gate emissions,Emissions (CO2eq) from CH4 (AR5),kilotonnes,256785.4334,255224.2012,269615.7496,274769.3292,280172.3367,292587.5066,299544.6328,312688.5459,332445.0091,333897.3849,356675.8336,361011.0585,395201.0422,401639.3959,410817.4062,422416.1448,433653.881,444670.2117,450898.0952,462530.4747,481218.8418
Land Locked Developing Countries,Farm-gate emissions,Emissions (CO2eq) from N2O (AR5),kilotonnes,128964.2429,127049.3401,136718.5416,137014.9796,139839.7304,147130.1376,149898.7838,155994.3967,166126.6346,162195.9935,177529.6378,180225.3489,197493.3508,200616.1027,204880.4883,212008.3352,218455.5359,223879.0124,225050.1285,229448.4991,240501.182
Land Locked Developing Countries,Farm-gate emissions,Emissions (CO2eq) (AR5),kilotonnes,454687.9941,450737.37,474726.2612,480860.851,489991.954,510330.708,521095.1841,541134.9362,572203.9622,570459.5808,607554.9702,613998.0336,675189.3497,684207.429,697252.0327,714699.4561,731997.3923,748020.9164,755546.2048,771417.8408,801154.9998
Land Locked Developing Countries,Land Use change,Emissions (CH4),kilotonnes,482.1497,704.4545,775.5689,1015.2008,1097.0943,1069.6216,988.0847,1225.9026,1011.2717,752.5772,1406.3772,1048.0204,1020.5135,927.4861,857.4185,1005.5546,1209.1004,1030.6353,949.5076,1161.9725,1062.075
Land Locked Developing Countries,Land Use change,Emissions (N2O),kilotonnes,14.1809,64.3198,70.8128,92.6922,100.1695,97.6611,90.2164,111.9302,92.3335,68.7136,128.4083,95.6888,93.1773,84.6835,78.286,91.8115,110.3961,94.1015,86.6942,106.0931,96.9721
Land Locked Developing Countries,Land Use change,Emissions (CO2),kilotonnes,262256.9782,277877.2583,277877.2583,277877.2583,277877.2583,277877.2583,277877.2583,277877.2583,277877.2583,277877.2583,277877.2583,314345.7897,314345.7897,314345.7897,314345.7897,314345.7897,293660.2425,293660.2425,293660.2425,293660.2425,293660.2425
Land Locked Developing Countries,Land Use change,Emissions (CO2eq) from CH4 (AR5),kilotonnes,13500.192,19724.7256,21715.9293,28425.6211,30718.6392,29949.4056,27666.3715,34325.2741,28315.6071,21072.1628,39378.5603,29344.5724,28574.3791,25969.6119,24007.7185,28155.53,33854.8125,28857.7879,26586.2136,32535.2294,29738.0987
Land Locked Developing Countries,Land Use change,Emissions (CO2eq) from N2O (AR5),kilotonnes,3757.9313,17044.7357,18765.3954,24563.4443,26544.911,25880.1929,23907.3537,29661.5141,24468.3778,18209.0972,34028.2124,25357.5381,24691.9907,22441.1321,20745.8002,24330.0504,29254.9738,24936.8928,22973.9563,28114.6819,25697.5962
Land Locked Developing Countries,Land Use change,Emissions (CO2eq) (AR5),kilotonnes,279515.1015,314646.7195,318358.583,330866.3237,335140.8085,333706.8567,329450.9835,341864.0464,330661.2432,317158.5183,351284.031,369047.9001,367612.1595,362756.5337,359099.3084,366831.3702,356770.0288,347454.9232,343220.4123,354310.1538,349095.9374
Land Locked Developing Countries,Emissions on agricultural land,Emissions (CH4),kilotonnes,9653.0581,9819.6045,10404.7028,10828.3911,11103.2491,11519.1754,11686.1073,12393.3507,12884.3077,12677.4838,14144.7998,13941.2725,15134.8365,15271.7503,15529.4687,16091.8455,16696.7391,16911.7143,17053.011,17680.918,18248.4622
Land Locked Developing Countries,Emissions on agricultural land,Emissions (N2O),kilotonnes,500.8384,543.7512,586.7318,609.7299,627.8666,652.8692,655.8722,700.5883,719.2265,680.7739,798.3315,775.7845,838.4353,841.7254,851.42,891.843,934.7566,938.9279,935.9399,971.9365,1004.5237
Land Locked Developing Countries,Emissions on agricultural land,Emissions (CO2),kilotonnes,331195.2959,346341.0869,346269.2283,346953.8005,347857.1451,348490.322,349529.0258,350329.2519,351509.5768,352243.4607,351226.7571,387107.4159,396840.7464,396297.72,395899.928,394620.7658,373548.2179,373131.9348,373258.2236,373099.1095,373095.2185
Land Locked Developing Countries,Emissions on agricultural land,Emissions (CO2eq) from CH4 (AR5),kilotonnes,270285.6255,274948.9268,291331.6789,303194.9503,310890.9759,322536.9122,327211.0043,347013.82,360760.6161,354969.5477,396054.3939,390355.6309,423775.4213,427609.0079,434825.1246,450571.6749,467508.6935,473527.9996,477484.3088,495065.7041,510956.9405
Land Locked Developing Countries,Emissions on agricultural land,Emissions (CO2eq) from N2O (AR5),kilotonnes,132722.1743,144094.0757,155483.937,161578.4239,166384.6414,173010.3305,173806.1375,185655.9107,190595.0124,180405.0907,211557.8503,205582.8869,222185.3415,223057.2348,225626.2885,236338.3856,247710.5097,248815.9052,248024.0848,257563.181,266198.7782
Land Locked Developing Countries,Emissions on agricultural land,Emissions (CO2eq) (AR5),kilotonnes,734203.0957,765384.0895,793084.8442,811727.1747,825132.7624,844037.5647,850546.1676,882998.9826,902865.2054,887618.0991,958839.0012,983045.9338,1042801.509,1046963.963,1056351.341,1081530.826,1088767.421,1095475.84,1098766.617,1125727.995,1150250.937
Land Locked Developing Countries,Pre- and post- production,Emissions (CH4),kilotonnes,1546.1622,1574.3851,1609.0128,1617.7768,1640.5595,1678.8348,1715.1569,1738.6236,1793.1999,1831.2174,1893.0925,1949.3204,1975.9376,2004.3914,2032.7601,2039.5274,2095.5698,2122.7454,2168.9583,2182.6736,2204.42
Land Locked Developing Countries,Pre- and post- production,Emissions (N2O),kilotonnes,16.734,16.9089,17.2757,17.5564,17.2638,17.56,17.7833,18.3558,18.7617,19.2838,19.1171,19.8349,19.883,19.3467,21.069,20.5501,20.8484,20.7304,21.3742,21.693,21.3758
Land Locked Developing Countries,Pre- and post- production,Emissions (CO2),kilotonnes,49919.1777,49737.8599,52360.6323,48057.145,46372.6153,47074.3071,50987.5616,48438.6439,62002.4703,57651.5825,58551.5705,61457.4285,62832.0918,64151.0801,67426.1085,68972.9071,71531.028,72606.6628,84602.8781,84880.4831,81959.768
Land Locked Developing Countries,Pre- and post- production,Emissions (CO2eq) from F-gases (AR5),kilotonnes,477.94,651.453,870.682,1169.914,1568.3705,1721.1035,1965.788,2209.953,2238.5255,2253.0715,2260.864,2266.5785,2269.176,2273.332,2273.332,2273.332,2477.4955,2531.004,2585.032,2637.5015,2738.6763
Land Locked Developing Countries,Pre- and post- production,Emissions (CO2eq) from CH4 (AR5),kilotonnes,43292.543,44082.7831,45052.3572,45297.75,45935.6659,47007.374,48024.3942,48681.462,50209.5984,51274.0865,53006.5893,54580.9706,55326.2518,56122.9585,56917.2818,57106.7685,58675.9539,59436.8698,60730.8337,61114.8609,61723.7603
Land Locked Developing Countries,Pre- and post- production,Emissions (CO2eq) from N2O (AR5),kilotonnes,4434.5073,4480.8672,4578.0534,4652.4581,4574.8959,4653.3989,4712.5662,4864.288,4971.8552,5110.1965,5066.0358,5256.2571,5268.9999,5126.8812,5583.2721,5445.7822,5524.8234,5493.5613,5664.1584,5748.6534,5664.5899
Land Locked Developing Countries,Pre- and post- production,Emissions (CO2eq) (AR5),kilotonnes,98124.168,98952.9632,102861.725,99177.2671,98451.5476,100456.1835,105690.3099,104194.3468,119422.4494,116288.9369,118885.0596,123561.2347,125696.5195,127674.2517,132199.9944,133798.7898,138209.3008,140068.0979,153582.9022,154381.4989,152086.7945
Land Locked Developing Countries,Agri-food systems,Emissions (CH4),kilotonnes,11199.2203,11393.9896,12013.7156,12446.1679,12743.8086,13198.0102,13401.2642,14131.9744,14677.5077,14508.7012,16037.8923,15890.5929,17110.774,17276.1417,17562.2288,18131.373,18792.3088,19034.4596,19221.9694,19863.5916,20452.8822
Land Locked Developing Countries,Agri-food systems,Emissions (N2O),kilotonnes,517.5724,560.6602,604.0075,627.2863,645.1303,670.4292,673.6555,718.9441,737.9882,700.0577,817.4486,795.6194,858.3183,861.0721,872.4889,912.3931,955.605,959.6584,957.3141,993.6296,1025.8995
Land Locked Developing Countries,Agri-food systems,Emissions (CO2),kilotonnes,381114.4736,396078.9468,398629.8606,395010.9455,394229.7604,395564.6292,400516.5874,398767.8957,413512.0471,409895.0431,409778.3276,448564.8444,459672.8382,460448.8001,463326.0364,463593.6729,445079.2459,445738.5976,457861.1016,457979.5926,455054.9865
Land Locked Developing Countries,Agri-food systems,Emissions (CO2eq) from F-gases (AR5),kilotonnes,477.94,651.453,870.682,1169.914,1568.3705,1721.1035,1965.788,2209.953,2238.5255,2253.0715,2260.864,2266.5785,2269.176,2273.332,2273.332,2273.332,2477.4955,2531.004,2585.032,2637.5015,2738.6763
Land Locked Developing Countries,Agri-food systems,Emissions (CO2eq) from CH4 (AR5),kilotonnes,313578.1685,319031.71,336384.0362,348492.7003,356826.6418,369544.2862,375235.3985,395695.282,410970.2146,406243.6342,449060.9831,444936.6015,479101.6731,483731.9663,491742.4065,507678.4434,526184.6473,532964.8695,538215.1425,556180.565,572680.7008
Land Locked Developing Countries,Agri-food systems,Emissions (CO2eq) from N2O (AR5),kilotonnes,137156.6816,148574.9429,160061.9904,166230.8819,170959.5373,177663.7294,178518.7037,190520.1987,195566.8676,185515.2872,216623.886,210839.1441,227454.3414,228184.116,231209.5606,241784.1678,253235.3332,254309.4665,253688.2432,263311.8344,271863.3681
Land Locked Developing Countries,Agri-food systems,Emissions (CO2eq) (AR5),kilotonnes,832327.2637,864337.0527,895946.5692,910904.4418,923584.31,944493.7482,956236.4775,987193.3294,1022287.655,1003907.036,1077724.061,1106607.169,1168498.029,1174638.214,1188551.336,1215329.616,1226976.722,1235543.938,1252349.519,1280109.494,1302337.732
Land Locked Developing Countries,IPCC Agriculture,Emissions (CH4),kilotonnes,9163.8197,9109.4848,9624.4484,9807.2808,9999.9634,10442.1498,10688.0159,11153.5461,11855.9762,11906.5865,12723.0448,12881.3422,14102.8543,14334.5545,14662.3107,15078.3222,15479.65,15873.2812,16095.6283,16511.3961,17178.8378
Land Locked Developing Countries,IPCC Agriculture,Direct emissions (N2O),kilotonnes,254.8137,260.9479,272.9256,281.4647,286.9501,300.1016,316.4814,333.4298,352.5965,370.7665,383.9388,394.0094,432.6098,447.3006,462.8688,478.7032,493.4892,506.8228,519.3367,539.9274,559.1768
Land Locked Developing Countries,IPCC Agriculture,Indirect emissions (N2O),kilotonnes,71.3888,72.7186,75.9534,78.3306,80.421,84.3385,89.1367,93.8941,99.4415,104.3299,107.7418,110.9309,121.7549,126.2052,130.9534,135.8748,140.5149,144.8607,148.684,155.1417,160.3974
Land Locked Developing Countries,IPCC Agriculture,Emissions (N2O),kilotonnes,483.6091,476.4042,512.8876,513.8649,524.3005,551.7399,562.1173,585.2987,623.4162,608.3829,666.3178,676.3702,741.4807,753.2297,769.3629,796.5715,820.9221,841.4548,845.9235,862.4975,904.2058
Land Locked Developing Countries,IPCC Agriculture,Emissions (CO2eq) from CH4 (AR5),kilotonnes,256586.9525,255065.5744,269484.5545,274603.8628,279998.9754,292380.1949,299264.4466,312299.292,331967.3324,333384.4218,356245.2544,360677.5829,394879.921,401367.527,410544.6995,422193.0216,433430.1991,444451.8743,450677.5934,462319.0913,481007.4583
Land Locked Developing Countries,IPCC Agriculture,Emissions (CO2eq) from N2O (AR5),kilotonnes,128156.4056,126247.1177,135915.225,136174.1999,138939.6255,146211.0694,148961.0794,155104.1686,165205.2975,161221.4779,176574.2107,179238.0911,196492.3987,199605.8592,203881.1568,211091.4507,217544.3584,222985.5185,224169.7392,228561.8449,239614.5278
Land Locked Developing Countries,IPCC Agriculture,Emissions (CO2eq) (AR5),kilotonnes,384743.3581,381312.6922,405399.7795,410778.0627,418938.6008,438591.2643,448225.5259,467403.4605,497172.6299,494605.8997,532819.4651,539915.6741,591372.3197,600973.3861,614425.8563,633284.4722,650974.5575,667437.3928,674847.3325,690880.9361,720621.9862
Land Locked Developing Countries,Agricultural Soils,Direct emissions (N2O),kilotonnes,254.8137,260.9479,272.9256,281.4647,286.9501,300.1016,316.4814,333.4298,352.5965,370.7665,383.9388,394.0094,432.6098,447.3006,462.8688,478.7032,493.4892,506.8228,519.3367,539.9274,559.1768
Land Locked Developing Countries,Agricultural Soils,Indirect emissions (N2O),kilotonnes,71.3888,72.7186,75.9534,78.3306,80.421,84.3385,89.1367,93.8941,99.4415,104.3299,107.7418,110.9309,121.7549,126.2052,130.9534,135.8748,140.5149,144.8607,148.684,155.1417,160.3974
Land Locked Developing Countries,Agricultural Soils,Emissions (N2O),kilotonnes,349.175,356.6279,371.8496,382.7642,390.38,407.4612,428.6518,450.375,475.0885,498.1631,514.754,528.0573,579.5408,598.6877,618.9852,639.7409,658.9924,676.6083,692.9187,719.8894,744.3959
Land Locked Developing Countries,Agricultural Soils,Emissions (CO2eq) from N2O (AR5),kilotonnes,92531.3686,94506.4021,98540.1394,101432.5229,103450.7045,107977.2213,113592.7276,119349.3823,125898.4495,132013.2092,136409.8189,139935.1914,153578.3189,158652.2371,164031.0732,169531.345,174632.9936,179301.2046,183623.451,190770.694,197264.9211
Land Locked Developing Countries,Agricultural Soils,Emissions (CO2eq) (AR5),kilotonnes,92531.3686,94506.4021,98540.1394,101432.5229,103450.7045,107977.2213,113592.7276,119349.3823,125898.4495,132013.2092,136409.8189,139935.1914,153578.3189,158652.2371,164031.0732,169531.345,174632.9936,179301.2046,183623.451,190770.694,197264.9211
Land Locked Developing Countries,LULUCF,Emissions (CH4),kilotonnes,858.5934,770.8655,860.2643,1108.5362,1219.7202,1178.0591,1081.4953,1402.0894,1112.9729,835.482,1559.5113,1134.3929,1133.5716,1028.4219,956.9385,1105.4869,1331.9123,1116.6101,1046.6501,1297.3529,1189.1273
Land Locked Developing Countries,LULUCF,Emissions (N2O),kilotonnes,25.8301,70.3834,78.5459,101.2142,111.3658,107.5619,98.7452,128.0169,101.6193,76.2831,142.3902,103.575,103.5,93.8994,87.3726,100.9358,121.6094,101.9514,95.5637,118.454,108.5725
Land Locked Developing Countries,LULUCF,Emissions (CO2),kilotonnes,301466.3005,297159.9382,297232.8534,297209.4632,297292.6512,297338.1065,297354.9772,297377.2985,297405.9705,297443.081,297464.8319,327845.9198,337188.1686,337151.7247,337023.9495,337023.125,427547.7347,427403.1535,427292.1302,427094.0969,427090.2058
Land Locked Developing Countries,LULUCF,Emissions (CO2eq) from CH4 (AR5),kilotonnes,24040.6148,21584.2341,24087.4017,31039.0145,34152.1661,32985.6549,30281.8686,39258.5028,31163.2418,23393.4958,43666.3169,31763.0013,31740.0051,28795.8129,26794.2789,30953.6339,37293.5437,31265.0842,29306.2042,36325.8824,33295.5632
Land Locked Developing Countries,LULUCF,Emissions (CO2eq) from N2O (AR5),kilotonnes,6844.9807,18651.5936,20814.6569,26821.7571,29511.9262,28503.9083,26167.4843,33924.4671,26929.1057,20215.0317,37733.3934,27447.3761,27427.5044,24883.3383,23153.7519,26747.9771,32226.4861,27017.1108,25324.3829,31390.3005,28771.7095
Land Locked Developing Countries,LULUCF,Emissions (CO2eq) (AR5),kilotonnes,332351.896,337395.7659,342134.912,355070.2349,360956.7435,358827.6698,353804.3302,370560.2684,355498.3179,341051.6085,378864.5421,387056.2971,396355.678,390830.8759,386971.9803,394724.736,497067.7644,485685.3484,481922.7173,494810.2797,489157.4785
Land Locked Developing Countries,AFOLU,Emissions (CH4),kilotonnes,10022.4131,9880.3503,10484.7127,10915.817,11219.6836,11620.2089,11769.5113,12555.6355,12968.9491,12742.0685,14282.5561,14015.7352,15236.4259,15362.9764,15619.2492,16183.8091,16811.5622,16989.8914,17142.2785,17808.7491,18367.9651
Land Locked Developing Countries,AFOLU,Emissions (N2O),kilotonnes,509.4392,546.7876,591.4335,615.0791,635.6662,659.3018,660.8625,713.3156,725.0355,684.6661,808.7079,779.9452,844.9808,847.129,856.7355,897.5073,942.5315,943.4061,941.4873,980.9515,1012.7783
Land Locked Developing Countries,AFOLU,Emissions (CO2),kilotonnes,301466.3005,297159.9382,297232.8534,297209.4632,297292.6512,297338.1065,297354.9772,297377.2985,297405.9705,297443.081,297464.8319,327845.9198,337188.1686,337151.7247,337023.9495,337023.125,427547.7347,427403.1535,427292.1302,427094.0969,427090.2058
Land Locked Developing Countries,AFOLU,Emissions (CO2eq) from CH4 (AR5),kilotonnes,280627.5673,276649.8085,293571.9562,305642.8774,314151.1415,325365.8499,329546.3152,351557.7948,363130.5741,356777.9176,399911.5713,392440.5842,426619.9261,430163.3399,437338.9784,453146.6554,470723.7428,475716.9584,479983.7975,498644.9736,514303.0215
Land Locked Developing Countries,AFOLU,Emissions (CO2eq) from N2O (AR5),kilotonnes,135001.3864,144898.7113,156729.8819,162995.957,168451.5517,174714.9778,175128.5637,189028.6357,192134.4032,181436.5096,214307.6041,206685.4672,223919.9031,224489.1975,227034.9087,237839.4278,249770.8445,250002.6293,249494.1221,259952.1454,268386.2373
Land Locked Developing Countries,AFOLU,Emissions (CO2eq) (AR5),kilotonnes,717095.2542,718708.4581,747534.6915,765848.2976,779895.3443,797418.9341,802029.8561,837963.7289,852670.9478,835657.5082,911684.0073,926971.9712,987727.9978,991804.262,1001397.837,1028009.208,1148042.322,1153122.741,1156770.05,1185691.216,1209779.465
Land Locked Developing Countries,All sectors with LULUCF,Emissions (CH4),kilotonnes,16225.7347,16382.9186,17389.2444,18088.5891,18576.8056,19365.1846,19833.6581,20830.741,21815.4836,20912.2483,22929.869,23249.5317,24899.2453,25304.9085,25786.2241,26383.0503,27042.6659,27605.7518,27931.9761,28838.0137,29576.345
Land Locked Developing Countries,All sectors with LULUCF,Emissions (N2O),kilotonnes,559.6011,597.0974,643.4451,669.0817,691.1205,716.1714,720.4764,774.4473,788.5431,748.6413,874.7649,849.0468,916.3367,920.7006,931.2368,973.7282,1021.1414,1023.7308,1023.0352,1064.3638,1097.6514
Land Locked Developing Countries,All sectors with LULUCF,Emissions (CO2),kilotonnes,726555.0685,734013.2542,744847.1774,753779.7192,790350.3632,796555.9215,823725.1702,856013.0505,875482.5185,826569.13,874087.3934,952845.217,974592.6785,1001826.525,969743.7694,962890.7449,1083460.595,1120190.333,1167625.869,1176210.848,1147511.657
Land Locked Developing Countries,All sectors with LULUCF,Emissions (CO2eq) from F-gases (AR5),kilotonnes,26443.2975,18361.7916,12221.253,15788.3746,25884.655,30269.4673,32328.6104,34531.7558,36845.0351,38951.2665,41161.534,45277.2227,48154.4461,48135.0834,50694.8342,52959.3459,55253.23,57504.5978,59712.7177,61942.1627,64170.635
Land Locked Developing Countries,All sectors with LULUCF,Emissions (CO2eq) from CH4 (AR5),kilotonnes,454320.5716,458721.7218,486898.8433,506480.4948,520150.5567,542225.1681,555342.4265,583260.7468,610833.5399,585542.9515,642036.3328,650986.8885,697178.8682,708537.4367,722014.2748,738725.4074,757194.6445,772961.0514,782095.3318,807464.3842,828137.6611
Land Locked Developing Countries,All sectors with LULUCF,Emissions (CO2eq) from N2O (AR5),kilotonnes,148294.295,158230.8113,170512.9421,177306.6504,183146.9319,189785.4135,190926.2555,205228.5277,208963.9165,198389.948,231812.6859,224997.4041,242829.225,243985.6713,246777.7522,258037.9725,270602.4602,271288.6613,271104.3233,282056.4067,290877.6276
Land Locked Developing Countries,All sectors with LULUCF,Emissions (CO2eq) (AR5),kilotonnes,1355613.233,1369327.579,1414480.216,1453355.239,1519532.507,1558835.97,1602322.463,1679034.081,1732125.01,1649453.296,1789097.946,1874106.732,1962755.218,2002484.716,1989230.631,2012613.471,2166510.929,2221944.644,2280538.242,2327673.802,2330697.581
Land Locked Developing Countries,All sectors without LULUCF,Emissions (CH4),kilotonnes,15367.1413,15612.0531,16528.9801,16980.0529,17357.0854,18187.1255,18752.1628,19428.6516,20702.5106,20076.7663,21370.3577,22115.1388,23765.6737,24276.4866,24829.2856,25277.5633,25710.7536,26489.1417,26885.326,27540.6608,28387.2178
Land Locked Developing Countries,All sectors without LULUCF,Emissions (N2O),kilotonnes,533.771,526.714,564.8992,567.8675,579.7547,608.6095,621.7312,646.4304,686.9238,672.3582,732.3747,745.4718,812.8367,826.8013,843.8642,872.7924,899.532,921.7794,927.4715,945.9098,989.0789
Land Locked Developing Countries,All sectors without LULUCF,Emissions (CO2),kilotonnes,425088.768,436853.316,447614.324,456570.256,493057.712,499217.815,526370.193,558635.752,578076.548,529126.049,576622.5615,624999.2972,637404.5099,664674.7999,632719.8199,625867.6199,655912.8599,692787.1799,740333.7389,749116.751,720421.451
Land Locked Developing Countries,All sectors without LULUCF,Emissions (CO2eq) from F-gases (AR5),kilotonnes,26443.2975,18361.7916,12221.253,15788.3746,25884.655,30269.4673,32328.6104,34531.7558,36845.0351,38951.2665,41161.534,45277.2227,48154.4461,48135.0834,50694.8342,52959.3459,55253.23,57504.5978,59712.7177,61942.1627,64170.635
Land Locked Developing Countries,All sectors without LULUCF,Emissions (CO2eq) from CH4 (AR5),kilotonnes,430279.9568,437137.4878,462811.4416,475441.4803,485998.3906,509239.5132,525060.5579,544002.244,579670.2981,562149.4557,598370.0159,619223.8872,665438.8632,679741.6238,695219.9959,707771.7735,719901.1008,741695.9672,752789.1276,771138.5018,794842.0979
Land Locked Developing Countries,All sectors without LULUCF,Emissions (CO2eq) from N2O (AR5),kilotonnes,141449.3143,139579.2178,149698.2852,150484.8933,153635.0057,161281.5052,164758.7712,171304.0606,182034.8109,178174.9163,194079.2925,197550.028,215401.7206,219102.333,223624.0003,231289.9954,238375.9741,244271.5505,245779.9403,250666.1062,262105.9181
Land Locked Developing Countries,All sectors without LULUCF,Emissions (CO2eq) (AR5),kilotonnes,1023261.337,1031931.813,1072345.304,1098285.004,1158575.763,1200008.301,1248518.132,1308473.812,1376626.692,1308401.687,1410233.404,1487050.435,1566399.54,1611653.84,1602258.65,1617888.735,1669443.165,1736259.295,1798615.525,1832863.522,1841540.102
Small Island Developing States,Crop Residues,Direct emissions (N2O),kilotonnes,0.6652,0.7019,0.6962,0.72,0.6632,0.651,0.6709,0.701,0.7099,0.8218,0.8333,0.8453,0.8098,0.9112,0.8658,0.8196,0.8096,0.8128,0.8831,0.7799,0.7526
Small Island Developing States,Crop Residues,Indirect emissions (N2O),kilotonnes,0.1497,0.1579,0.1567,0.162,0.1492,0.1465,0.151,0.1577,0.1597,0.1849,0.1875,0.1902,0.1822,0.205,0.1948,0.1844,0.1822,0.1829,0.1987,0.1755,0.1693
Small Island Developing States,Crop Residues,Emissions (N2O),kilotonnes,0.8149,0.8598,0.8529,0.882,0.8124,0.7975,0.8219,0.8587,0.8696,1.0067,1.0208,1.0355,0.992,1.1162,1.0606,1.004,0.9918,0.9957,1.0817,0.9554,0.922
Small Island Developing States,Crop Residues,Emissions (CO2eq) from N2O (AR5),kilotonnes,215.9532,227.8566,226.0194,233.7287,215.293,211.3427,217.7962,227.5518,230.4395,266.7726,270.5105,274.4016,262.8924,295.8016,281.0712,266.0718,262.817,263.8536,286.6627,253.1851,244.3268
Small Island Developing States,Crop Residues,Emissions (CO2eq) (AR5),kilotonnes,215.9532,227.8566,226.0194,233.7287,215.293,211.3427,217.7962,227.5518,230.4395,266.7726,270.5105,274.4016,262.8924,295.8016,281.0712,266.0718,262.817,263.8536,286.6627,253.1851,244.3268
Small Island Developing States,Rice Cultivation,Emissions (CH4),kilotonnes,152.3062,161.7676,159.2705,166.6218,145.6388,142.3785,146.3085,144.9509,158.2149,184.9122,175.355,186.4479,183.1723,188.2667,184.5727,168.2871,167.7379,167.9046,175.6362,173.1604,165.4498
Small Island Developing States,Rice Cultivation,Emissions (CO2eq) from CH4 (AR5),kilotonnes,4264.5726,4529.4942,4459.5749,4665.4104,4077.8862,3986.5991,4096.6369,4058.6239,4430.018,5177.5419,4909.9395,5220.5403,5128.8252,5271.4665,5168.0351,4712.0397,4696.662,4701.3291,4917.8134,4848.4919,4632.594
Small Island Developing States,Rice Cultivation,Emissions (CO2eq) (AR5),kilotonnes,4264.5726,4529.4942,4459.5749,4665.4104,4077.8862,3986.5991,4096.6369,4058.6239,4430.018,5177.5419,4909.9395,5220.5403,5128.8252,5271.4665,5168.0351,4712.0397,4696.662,4701.3291,4917.8134,4848.4919,4632.594
Small Island Developing States,Burning - Crop residues,Emissions (CH4),kilotonnes,5.0851,5.0803,5.0262,4.316,4.3317,4.0709,3.8558,3.9543,3.895,4.6188,4.6988,4.623,3.9386,4.5075,4.484,4.2967,4.2108,4.148,4.1578,3.6161,3.5164
Small Island Developing States,Burning - Crop residues,Emissions (N2O),kilotonnes,0.1318,0.1317,0.1303,0.1119,0.1123,0.1055,0.1,0.1025,0.101,0.1197,0.1218,0.1199,0.1021,0.1169,0.1163,0.1114,0.1092,0.1075,0.1078,0.0938,0.0912
Small Island Developing States,Burning - Crop residues,Emissions (CO2eq) from CH4 (AR5),kilotonnes,142.3817,142.2495,140.7331,120.8467,121.287,113.984,107.963,110.7213,109.0601,129.3275,131.5662,129.4435,110.2794,126.2093,125.5528,120.3083,117.9011,116.1432,116.419,101.2509,98.4605
Small Island Developing States,Burning - Crop residues,Emissions (CO2eq) from N2O (AR5),kilotonnes,34.9362,34.9038,34.5317,29.6522,29.7602,27.9683,26.4909,27.1677,26.7601,31.7331,32.2824,31.7616,27.0593,30.968,30.8069,29.5201,28.9294,28.4981,28.5658,24.844,24.1593
Small Island Developing States,Burning - Crop residues,Emissions (CO2eq) (AR5),kilotonnes,177.3179,177.1533,175.2649,150.4989,151.0473,141.9523,134.4539,137.889,135.8202,161.0607,163.8486,161.2051,137.3387,157.1774,156.3598,149.8283,146.8306,144.6413,144.9848,126.0948,122.6198
Small Island Developing States,Enteric Fermentation,Emissions (CH4),kilotonnes,672.7714,675.5662,674.8816,679.7565,686.4562,654.3443,653.9668,683.6242,693.5925,703.4375,714.8218,721.6437,727.7138,731.6882,720.074,718.3025,717.5886,710.3509,706.9156,711.7238,699.276
Small Island Developing States,Enteric Fermentation,Emissions (CO2eq) from CH4 (AR5),kilotonnes,18837.5996,18915.8548,18896.6861,19033.1829,19220.7745,18321.6408,18311.0707,19141.4773,19420.5905,19696.2513,20015.0117,20206.0244,20375.9858,20487.2682,20162.0725,20112.4699,20092.4816,19889.8241,19793.6372,19928.2653,19579.7289
Small Island Developing States,Enteric Fermentation,Emissions (CO2eq) (AR5),kilotonnes,18837.5996,18915.8548,18896.6861,19033.1829,19220.7745,18321.6408,18311.0707,19141.4773,19420.5905,19696.2513,20015.0117,20206.0244,20375.9858,20487.2682,20162.0725,20112.4699,20092.4816,19889.8241,19793.6372,19928.2653,19579.7289
Small Island Developing States,Manure Management,Emissions (CH4),kilotonnes,58.3627,61.1616,64.6201,64.8496,65.1699,65.8472,66.5188,68.0775,68.3092,69.1549,69.9583,70.8879,71.7404,71.499,70.8413,71.3179,71.7446,72.1162,73.0093,74.1846,72.1101
Small Island Developing States,Manure Management,Emissions (N2O),kilotonnes,2.2724,2.2427,2.46,2.453,2.4317,2.4761,2.5938,2.6549,2.6483,2.6537,2.6446,2.6788,2.6532,2.6826,2.6551,2.7228,2.8296,2.8916,2.9593,3.0816,2.5947
Small Island Developing States,Manure Management,Emissions (CO2eq) from CH4 (AR5),kilotonnes,1634.1545,1712.5259,1809.3633,1815.7899,1824.757,1843.7211,1862.5264,1906.1687,1912.6563,1936.3363,1958.8329,1984.8601,2008.7315,2001.9708,1983.556,1996.9007,2008.8477,2019.2538,2044.2604,2077.1695,2019.0826
Small Island Developing States,Manure Management,Emissions (CO2eq) from N2O (AR5),kilotonnes,602.1911,594.3167,651.8962,650.0361,644.3907,656.1581,687.358,703.5495,701.805,703.2196,700.8094,709.889,703.0914,710.8967,703.5985,721.5443,749.8315,766.2681,784.2156,816.6249,687.5913
Small Island Developing States,Manure Management,Emissions (CO2eq) (AR5),kilotonnes,2236.3456,2306.8426,2461.2596,2465.826,2469.1477,2499.8792,2549.8844,2609.7182,2614.4613,2639.5559,2659.6423,2694.7492,2711.8229,2712.8675,2687.1545,2718.445,2758.6793,2785.522,2828.476,2893.7944,2706.674
Small Island Developing States,Manure left on Pasture,Direct emissions (N2O),kilotonnes,16.4574,16.5478,16.9476,17.1037,17.4528,16.9723,17.055,17.7726,17.888,18.1877,18.4648,18.6424,18.7539,18.7848,18.4884,18.505,18.5777,18.4184,18.2739,18.3515,18.1721
Small Island Developing States,Manure left on Pasture,Indirect emissions (N2O),kilotonnes,4.0977,4.1236,4.2207,4.2554,4.3372,4.2452,4.287,4.4387,4.4725,4.5413,4.5915,4.6235,4.6474,4.6584,4.614,4.6323,4.6745,4.6144,4.5611,4.5678,4.5378
Small Island Developing States,Manure left on Pasture,Emissions (N2O),kilotonnes,20.5551,20.6714,21.1684,21.3591,21.79,21.2175,21.342,22.2113,22.3604,22.7289,23.0563,23.2659,23.4012,23.4432,23.1024,23.1373,23.2521,23.0328,22.8351,22.9193,22.71
Small Island Developing States,Manure left on Pasture,Emissions (CO2eq) from N2O (AR5),kilotonnes,5447.1018,5477.9334,5609.6141,5660.1711,5774.3551,5622.6435,5655.6301,5885.9943,5925.5163,6023.1641,6109.9179,6165.4506,6201.3243,6212.4416,6122.1304,6131.3956,6161.8196,6103.6904,6051.2916,6073.6181,6018.1377
Small Island Developing States,Manure left on Pasture,Emissions (CO2eq) (AR5),kilotonnes,5447.1018,5477.9334,5609.6141,5660.1711,5774.3551,5622.6435,5655.6301,5885.9943,5925.5163,6023.1641,6109.9179,6165.4506,6201.3243,6212.4416,6122.1304,6131.3956,6161.8196,6103.6904,6051.2916,6073.6181,6018.1377
Small Island Developing States,Manure applied to Soils,Direct emissions (N2O),kilotonnes,2.5883,2.5717,2.964,2.8825,2.8837,2.9981,3.1169,3.2162,3.1892,3.2283,3.2226,3.2242,3.223,3.2773,3.263,3.3141,3.4148,3.4844,3.5468,3.6535,3.2667
Small Island Developing States,Manure applied to Soils,Indirect emissions (N2O),kilotonnes,1.1,1.093,1.2597,1.2251,1.2256,1.2742,1.3247,1.3669,1.3554,1.372,1.3696,1.3703,1.3698,1.3929,1.3868,1.4085,1.4513,1.4809,1.5074,1.5527,1.3883
Small Island Developing States,Manure applied to Soils,Emissions (N2O),kilotonnes,3.6883,3.6647,4.2237,4.1076,4.1093,4.2724,4.4416,4.5831,4.5445,4.6003,4.5922,4.5945,4.5927,4.6702,4.6497,4.7226,4.8661,4.9653,5.0543,5.2062,4.655
Small Island Developing States,Manure applied to Soils,Emissions (CO2eq) from N2O (AR5),kilotonnes,977.3986,971.1416,1119.277,1088.5186,1088.9581,1132.1734,1177.0304,1214.527,1204.3042,1219.0706,1216.9258,1217.5518,1217.0769,1237.6057,1232.1758,1251.4937,1289.5112,1315.801,1339.3764,1379.6422,1233.5803
Small Island Developing States,Manure applied to Soils,Emissions (CO2eq) (AR5),kilotonnes,977.3986,971.1416,1119.277,1088.5186,1088.9581,1132.1734,1177.0304,1214.527,1204.3042,1219.0706,1216.9258,1217.5518,1217.0769,1237.6057,1232.1758,1251.4937,1289.5112,1315.801,1339.3764,1379.6422,1233.5803
Small Island Developing States,Synthetic Fertilizers,Direct emissions (N2O),kilotonnes,2.9653,3.5659,2.9099,2.152,2.5751,2.0034,2.3755,2.0942,2.4053,1.8985,2.7534,2.5094,2.5994,2.9516,3.3051,3.3666,3.1994,3.3459,3.5379,3.6489,3.5062
Small Island Developing States,Synthetic Fertilizers,Indirect emissions (N2O),kilotonnes,0.9637,1.1589,0.9457,0.6994,0.8369,0.6511,0.772,0.6806,0.7817,0.617,0.8949,0.8155,0.8448,0.9593,1.0741,1.0942,1.0398,1.0874,1.1498,1.1859,1.1395
Small Island Developing States,Synthetic Fertilizers,Emissions (N2O),kilotonnes,3.929,4.7249,3.8556,2.8514,3.4121,2.6546,3.1475,2.7749,3.1871,2.5155,3.6482,3.3249,3.4442,3.9108,4.3792,4.4608,4.2393,4.4334,4.6877,4.8348,4.6458
Small Island Developing States,Synthetic Fertilizers,Emissions (CO2eq) from N2O (AR5),kilotonnes,1041.1958,1252.0882,1021.7276,755.6098,904.1986,703.4575,834.1004,735.3362,844.5731,666.6014,966.7861,881.1033,912.7005,1036.3713,1160.4899,1182.1076,1123.4046,1174.8427,1242.2333,1281.2319,1231.1312
Small Island Developing States,Synthetic Fertilizers,Emissions (CO2eq) (AR5),kilotonnes,1041.1958,1252.0882,1021.7276,755.6098,904.1986,703.4575,834.1004,735.3362,844.5731,666.6014,966.7861,881.1033,912.7005,1036.3713,1160.4899,1182.1076,1123.4046,1174.8427,1242.2333,1281.2319,1231.1312
Small Island Developing States,Drained organic soils,Emissions (CO2eq) (AR5),kilotonnes,27320.3421,27710.5654,27969.0927,27789.1199,28442.8042,28224.1749,27970.9426,27785.535,27275.8019,27092.3665,27058.8145,27011.7493,26982.3505,26918.953,26827.7766,26817.9232,26650.6415,26631.0431,26747.6942,26904.3942,27283.8067
Small Island Developing States,Drained organic soils (CO2),Emissions (CO2),kilotonnes,26100.3813,26477.408,26727.2513,26554.8817,27181.7366,26972.0433,26730.132,26552.6164,26063.8821,25888.4101,25856.5406,25810.5638,25782.2207,25721.4677,25635.2173,25625.7757,25463.7513,25444.6923,25556.0818,25708.2425,26072.9123
Small Island Developing States,Drained organic soils (CO2),Emissions (CO2eq) (AR5),kilotonnes,26100.3813,26477.408,26727.2513,26554.8817,27181.7366,26972.0433,26730.132,26552.6164,26063.8821,25888.4101,25856.5406,25810.5638,25782.2207,25721.4677,25635.2173,25625.7757,25463.7513,25444.6923,25556.0818,25708.2425,26072.9123
Small Island Developing States,Drained organic soils (N2O),Emissions (N2O),kilotonnes,4.6036,4.6534,4.6862,4.6575,4.7587,4.725,4.6823,4.6525,4.5733,4.5432,4.5369,4.5328,4.5288,4.5188,4.5002,4.4987,4.4788,4.4768,4.4967,4.5138,4.5694
Small Island Developing States,Drained organic soils (N2O),Emissions (CO2eq) from N2O (AR5),kilotonnes,1219.9609,1233.1573,1241.8414,1234.2382,1261.0675,1252.1316,1240.8106,1232.9186,1211.9198,1203.9563,1202.2739,1201.1855,1200.1298,1197.4853,1192.5593,1192.1475,1186.8902,1186.3509,1191.6124,1196.1518,1210.8944
Small Island Developing States,Drained organic soils (N2O),Emissions (CO2eq) (AR5),kilotonnes,1219.9609,1233.1573,1241.8414,1234.2382,1261.0675,1252.1316,1240.8106,1232.9186,1211.9198,1203.9563,1202.2739,1201.1855,1200.1298,1197.4853,1192.5593,1192.1475,1186.8902,1186.3509,1191.6124,1196.1518,1210.8944
Small Island Developing States,On-farm energy use,Emissions (CH4),kilotonnes,2.933,2.7172,3.0335,2.9267,3.0189,2.896,2.9134,2.5491,2.5319,2.2607,2.2611,2.3327,2.3842,2.5807,2.326,2.294,2.5022,2.3655,2.5684,2.6192,2.6192
Small Island Developing States,On-farm energy use,Emissions (N2O),kilotonnes,0.8621,0.8943,1.0303,1.1339,1.1854,1.1885,1.3429,1.2601,1.1121,1.1329,1.1694,1.1505,1.121,1.0429,1.0045,1.0113,1.0576,1.0814,1.0628,1.0747,1.0747
Small Island Developing States,On-farm energy use,Emissions (CO2),kilotonnes,6345.0663,6429.559,8682.2849,8807.3465,9249.1839,10983.9871,12623.2239,10052.6672,10686.0316,8389.9276,8344.4152,8422.2305,8160.5168,8823.0693,6955.591,7070.5481,8305.6335,7884.2547,8385.0308,8675.954,8675.954
Small Island Developing States,On-farm energy use,Emissions (CO2eq) from CH4 (AR5),kilotonnes,82.1227,76.0829,84.9371,81.9466,84.5291,81.088,81.5752,71.3758,70.893,63.3006,63.3113,65.3152,66.759,72.2598,65.1269,64.2329,70.0621,66.2348,71.9157,73.3362,73.3362
Small Island Developing States,On-farm energy use,Emissions (CO2eq) from N2O (AR5),kilotonnes,228.4592,236.9792,273.037,300.4945,314.1425,314.951,355.8621,333.9182,294.6956,300.2064,309.8979,304.8903,297.0594,276.3733,266.1896,267.9945,280.267,286.5664,281.6421,284.8086,284.8086
Small Island Developing States,On-farm energy use,Emissions (CO2eq) (AR5),kilotonnes,6655.6483,6742.6211,9040.259,9189.7876,9647.8555,11380.0261,13060.6612,10457.9612,11051.6202,8753.4347,8717.6244,8792.436,8524.3351,9171.7023,7286.9076,7402.7755,8655.9626,8237.056,8738.5886,9034.0988,9034.0988
Small Island Developing States,Forestland,Emissions (CO2),kilotonnes,-20162.2888,-19339.4769,-19339.4769,-19339.4769,-19339.4769,-19339.4769,-19339.4769,-19339.4769,-19339.4769,-19339.4769,-19339.4769,-35951.3832,-35951.3832,-35951.3832,-35951.3832,-35951.3832,33827.8093,33827.8093,33827.8093,33827.8093,33827.8093
Small Island Developing States,Forestland,Emissions (CO2eq) (AR5),kilotonnes,-20162.2888,-19339.4769,-19339.4769,-19339.4769,-19339.4769,-19339.4769,-19339.4769,-19339.4769,-19339.4769,-19339.4769,-19339.4769,-35951.3832,-35951.3832,-35951.3832,-35951.3832,-35951.3832,33827.8093,33827.8093,33827.8093,33827.8093,33827.8093
Small Island Developing States,Net Forest conversion,Emissions (CO2),kilotonnes,20942.7562,17608.8041,17608.8041,17608.8041,17608.8041,17608.8041,17608.8041,17608.8041,17608.8041,17608.8041,17608.8041,39273.3213,39273.3213,39273.3213,39273.3213,39273.3213,39724.4776,39724.4776,39724.4776,39724.4776,39724.4776
Small Island Developing States,Net Forest conversion,Emissions (CO2eq) (AR5),kilotonnes,20942.7562,17608.8041,17608.8041,17608.8041,17608.8041,17608.8041,17608.8041,17608.8041,17608.8041,17608.8041,17608.8041,39273.3213,39273.3213,39273.3213,39273.3213,39273.3213,39724.4776,39724.4776,39724.4776,39724.4776,39724.4776
Small Island Developing States,Savanna fires,Emissions (CH4),kilotonnes,5.8292,12.2507,16.8594,18.1914,21.4324,13.3064,17.2853,12.3512,9.2959,11.1639,10.1467,9.9725,10.6631,9.1695,12.4791,16.9625,7.8626,10.0979,12.7284,9.9929,10.5897
Small Island Developing States,Savanna fires,Emissions (N2O),kilotonnes,0.5322,1.1185,1.5393,1.661,1.9569,1.2149,1.5782,1.1277,0.8488,1.0193,0.9264,0.9105,0.9736,0.8372,1.1394,1.5487,0.7179,0.922,1.1622,0.9124,0.9669
Small Island Developing States,Savanna fires,Emissions (CO2eq) from CH4 (AR5),kilotonnes,163.2175,343.0196,472.0626,509.3592,600.1081,372.58,483.9873,345.8327,260.2852,312.5903,284.1076,279.2295,298.5668,256.7449,349.4149,474.9489,220.1536,282.7405,356.3957,279.7998,296.5121
Small Island Developing States,Savanna fires,Emissions (CO2eq) from N2O (AR5),kilotonnes,141.0412,296.4137,407.9237,440.1528,518.5717,321.9577,418.2282,298.8446,224.9203,270.1188,245.506,241.2907,258.0007,221.861,301.94,410.4178,190.2414,244.3247,307.9723,241.7835,256.2251
Small Island Developing States,Savanna fires,Emissions (CO2eq) (AR5),kilotonnes,304.2587,639.4333,879.9863,949.512,1118.6798,694.5376,902.2155,644.6773,485.2055,582.7092,529.6136,520.5203,556.5675,478.6059,651.3549,885.3667,410.395,527.0653,664.368,521.5833,552.7372
Small Island Developing States,Fires in organic soils,Emissions (CH4),kilotonnes,0,0,0,0,0,0,0,0,0,0,0,0,0,0,0,0,0,0,0,0,0
Small Island Developing States,Fires in organic soils,Emissions (CO2),kilotonnes,0,0,0,0,0,0,0,0,0,0,0,0,0,0,0,0,0,0,0,0,0
Small Island Developing States,Fires in organic soils,Emissions (CO2eq) from CH4 (AR5),kilotonnes,0,0,0,0,0,0,0,0,0,0,0,0,0,0,0,0,0,0,0,0,0
Small Island Developing States,Fires in organic soils,Emissions (CO2eq) (AR5),kilotonnes,0,0,0,0,0,0,0,0,0,0,0,0,0,0,0,0,0,0,0,0,0
Small Island Developing States,Forest fires,Emissions (CH4),kilotonnes,30.4861,6.2644,15.067,17.2419,22.9713,17.5659,18.0708,15.8289,11.6502,11.6656,12.0687,17.0207,13.4377,13.0144,11.8585,40.3503,9.9376,10.066,8.0077,9.4815,11.9152
Small Island Developing States,Forest fires,Emissions (N2O),kilotonnes,0.8967,0.572,1.3757,1.5743,2.0974,1.6038,1.6499,1.4452,1.0637,1.0651,1.1019,1.5541,1.2269,1.1883,1.0827,3.6842,0.9073,0.9191,0.7311,0.8657,1.0879
Small Island Developing States,Forest fires,Emissions (CO2eq) from CH4 (AR5),kilotonnes,853.6102,175.4042,421.8764,482.7733,643.1962,491.8462,505.9827,443.2085,326.2069,326.637,337.9227,476.5794,376.2546,364.4019,332.0374,1129.8075,278.2531,281.8493,224.2163,265.4832,333.6269
Small Island Developing States,Forest fires,Emissions (CO2eq) from N2O (AR5),kilotonnes,237.6123,151.5721,364.5562,417.1791,555.8054,425.0193,437.235,382.99,281.8853,282.257,292.0092,411.8268,325.133,314.8908,286.9236,976.301,240.447,243.5546,193.7521,229.4121,288.2972
Small Island Developing States,Forest fires,Emissions (CO2eq) (AR5),kilotonnes,1091.2224,326.9763,786.4326,899.9524,1199.0015,916.8656,943.2177,826.1985,608.0923,608.8941,629.9319,888.4063,701.3876,679.2927,618.961,2106.1085,518.7002,525.4039,417.9684,494.8953,621.9241
Small Island Developing States,Fires in humid tropical forests,Emissions (CH4),kilotonnes,25.8409,6.0437,13.6496,17.0114,22.2896,15.7203,17.5402,15.7025,11.3477,11.0877,11.8035,16.5517,13.1551,12.6771,11.4493,35.0617,9.5928,9.7882,7.7078,8.9834,11.3896
Small Island Developing States,Fires in humid tropical forests,Emissions (N2O),kilotonnes,0.76,0.5518,1.2463,1.5532,2.0351,1.4353,1.6015,1.4337,1.0361,1.0124,1.0777,1.5112,1.2011,1.1575,1.0454,3.2013,0.8759,0.8937,0.7038,0.8202,1.0399
Small Island Developing States,Fires in humid tropical forests,Emissions (CO2eq) from CH4 (AR5),kilotonnes,723.5461,169.2235,382.19,476.3202,624.1087,440.1681,491.1255,439.669,317.7361,310.4569,330.4967,463.4468,368.3424,354.9599,320.5806,981.7269,268.5997,274.0702,215.8181,251.5352,318.9095
Small Island Developing States,Fires in humid tropical forests,Emissions (CO2eq) from N2O (AR5),kilotonnes,201.4074,146.2312,330.262,411.6028,539.3113,380.3627,424.3965,379.9314,274.5655,268.2752,285.5922,400.4785,318.2959,306.7316,277.0234,848.3401,232.1052,236.8324,186.495,217.3592,275.5794
Small Island Developing States,Fires in humid tropical forests,Emissions (CO2eq) (AR5),kilotonnes,924.9535,315.4547,712.452,887.923,1163.42,820.5308,915.522,819.6003,592.3016,578.7321,616.0889,863.9253,686.6383,661.6915,597.604,1830.067,500.7048,510.9026,402.3131,468.8943,594.4888
Small Island Developing States,Waste - agri-food systems,Emissions (CH4),kilotonnes,492.2485,494.5721,497.3504,496.1959,499.8249,500.2325,503.9957,507.6363,511.1899,513.3763,515.7831,518.7303,521.0417,523.2869,523.8827,521.839,523.6536,530.5392,537.546,544.3329,550.3855
Small Island Developing States,Waste - agri-food systems,Emissions (N2O),kilotonnes,0.9839,1.009,1.0061,1.0226,1.0442,1.0913,1.1195,1.1516,1.185,1.2048,1.2334,1.2568,1.2738,1.3149,1.2964,1.3135,1.3694,1.4818,1.5833,1.6739,1.7641
Small Island Developing States,Waste - agri-food systems,Emissions (CO2),kilotonnes,1819.2077,1820.0658,1842.9686,1836.2907,1844.5727,1861.5838,1869.5886,1881.0358,1887.1569,1886.8311,1892.1636,1899.787,1903.2232,1906.3988,1908.9203,1911.0201,1911.7765,1916.1898,1920.8102,1920.5807,1915.5152
Small Island Developing States,Waste - agri-food systems,Emissions (CO2eq) from CH4 (AR5),kilotonnes,13782.9585,13848.0191,13925.8106,13893.486,13995.0975,14006.5101,14111.8804,14213.8164,14313.3165,14374.5361,14441.9271,14524.4488,14589.1676,14652.0321,14668.7159,14611.4933,14662.2996,14855.0969,15051.2884,15241.3223,15410.7944
Small Island Developing States,Waste - agri-food systems,Emissions (CO2eq) from N2O (AR5),kilotonnes,260.7283,267.3768,266.6279,270.9905,276.7257,289.1856,296.6584,305.1703,314.0318,319.2726,326.861,333.0609,337.5488,348.4583,343.5347,348.0717,362.891,392.684,419.5749,443.5741,467.4929
Small Island Developing States,Waste - agri-food systems,Emissions (CO2eq) (AR5),kilotonnes,15862.8945,15935.4617,16035.4071,16000.7671,16116.3959,16157.2795,16278.1275,16400.0225,16514.5052,16580.6398,16660.9517,16757.2968,16829.9396,16906.8893,16921.1709,16870.585,16936.9671,17163.9707,17391.6735,17605.477,17793.8025
Small Island Developing States,Fertilizers Manufacturing,Emissions (N2O),kilotonnes,2.4794,2.4909,2.4737,2.5236,2.5468,2.4347,2.5625,2.4735,2.4564,2.4941,2.2887,2.6709,2.5637,2.4223,2.3028,2.3799,2.191,2.3046,2.1964,2.407,2.4225
Small Island Developing States,Fertilizers Manufacturing,Emissions (CO2),kilotonnes,12095.8604,12297.6481,10928.1843,11879.8573,12221.9931,13564.4522,13859.7755,13499.9826,13065.5461,14926.7481,15286.2768,14713.3004,13851.6546,12806.8165,12905.014,12827.5687,13086.1021,13550.7918,12856.6919,14067.9537,12246.1345
Small Island Developing States,Fertilizers Manufacturing,Emissions (CO2eq) from N2O (AR5),kilotonnes,657.041,660.0885,655.5305,668.754,674.902,645.1955,679.0625,655.4775,650.946,660.9365,606.5055,707.7885,679.3805,641.9095,610.242,630.6735,580.615,610.719,582.046,637.855,641.9523
Small Island Developing States,Fertilizers Manufacturing,Emissions (CO2eq) (AR5),kilotonnes,12752.9014,12957.7366,11583.7148,12548.6113,12896.8951,14209.6477,14538.838,14155.4601,13716.4921,15587.6846,15892.7823,15421.0889,14531.0351,13448.726,13515.256,13458.2422,13666.7171,14161.5108,13438.7379,14705.8087,12888.0868
Small Island Developing States,On-farm electricity use,Emissions (CH4),kilotonnes,2.3831,1.8537,1.9021,2.0963,2.1572,1.9885,2.0271,2.0118,1.5984,0.7238,0.671,1.355,1.4006,2.2344,1.8168,1.8406,1.9673,2.0074,2.0907,2.1454,2.1454
Small Island Developing States,On-farm electricity use,Emissions (N2O),kilotonnes,0.0126,0.0097,0.0102,0.0111,0.0115,0.0105,0.0107,0.0106,0.0085,0.0037,0.0036,0.0071,0.0074,0.0119,0.0096,0.0098,0.0105,0.0106,0.0111,0.0114,0.0114
Small Island Developing States,On-farm electricity use,Emissions (CO2),kilotonnes,1222.8074,935.5028,989.7018,1104.1114,1138.5399,1064.4749,1074.9699,1065.2383,858.4497,499.4037,447.1295,780.8928,764.7479,1199.255,986.8812,1002.4483,1063.3484,1080.08,1125.7144,1153.4852,1153.4852
Small Island Developing States,On-farm electricity use,Emissions (CO2eq) from CH4 (AR5),kilotonnes,66.7268,51.9036,53.2588,58.6964,60.4016,55.678,56.7588,56.3304,44.7552,20.2664,18.788,37.94,39.2168,62.5632,50.8704,51.5368,55.0844,56.2072,58.5396,60.0712,60.0712
Small Island Developing States,On-farm electricity use,Emissions (CO2eq) from N2O (AR5),kilotonnes,3.339,2.5705,2.703,2.9415,3.0475,2.7825,2.8355,2.809,2.2525,0.9805,0.954,1.8815,1.961,3.1535,2.544,2.597,2.7825,2.809,2.9415,3.021,3.021
Small Island Developing States,On-farm electricity use,Emissions (CO2eq) (AR5),kilotonnes,1292.8732,989.9769,1045.6636,1165.7493,1201.989,1122.9354,1134.5642,1124.3777,905.4574,520.6506,466.8715,820.7143,805.9257,1264.9717,1040.2956,1056.5821,1121.2153,1139.0962,1187.1955,1216.5774,1216.5774
Small Island Developing States,Food Processing,Emissions (CH4),kilotonnes,67.3109,69.7861,64.7307,63.3552,56.9448,61.2868,63.915,39.435,49.6727,60.6804,64.5868,88.0498,100.7651,111.3687,108.906,107.6408,97.5905,85.0717,99.9216,116.298,118.6456
Small Island Developing States,Food Processing,Emissions (N2O),kilotonnes,0.0096,0.0142,0.0143,0.0095,0.0084,0.0093,0.0099,0.0119,0.0135,0.0184,0.0199,0.0365,0.0374,0.0409,0.0368,0.0382,0.0414,0.0432,0.0464,0.0502,0.0507
Small Island Developing States,Food Processing,Emissions (CO2),kilotonnes,1771.6348,1907.3776,1850.4283,1763.4806,1781.8323,1556.7851,1581.0043,3038.9896,3302.0107,4209.3183,2984.5903,4809.719,5250.6238,6370.652,5756.8995,5864.845,5616.0646,5649.5573,5820.6967,5947.153,5440.7986
Small Island Developing States,Food Processing,Emissions (CO2eq) from CH4 (AR5),kilotonnes,1884.7052,1954.0108,1812.4596,1773.9456,1594.4544,1716.0304,1789.62,1104.18,1390.8356,1699.0512,1808.4304,2465.3944,2821.4228,3118.3236,3049.368,3013.9424,2732.534,2382.0076,2797.8048,3256.344,3322.0773
Small Island Developing States,Food Processing,Emissions (CO2eq) from N2O (AR5),kilotonnes,2.544,3.763,3.7895,2.5175,2.226,2.4645,2.6235,3.1535,3.5775,4.876,5.2735,9.6725,9.911,10.8385,9.752,10.123,10.971,11.448,12.296,13.303,13.4479
Small Island Developing States,Food Processing,Emissions (CO2eq) (AR5),kilotonnes,3658.884,3865.1514,3666.6774,3539.9437,3378.5127,3275.28,3373.2478,4146.3231,4696.4238,5913.2455,4798.2942,7284.7859,8081.9576,9499.8141,8816.0195,8888.9104,8359.5696,8043.0129,8630.7975,9216.8,8776.3238
Small Island Developing States,Food Packaging,Emissions (CH4),kilotonnes,4.1023,3.5709,3.4587,3.876,3.1916,3.7084,4.08,5.2004,5.14,5.3944,4.9948,5.0039,5.3936,5.6352,4.8922,5.0847,4.9092,5.0227,5.1149,5.1608,5.1872
Small Island Developing States,Food Packaging,Emissions (N2O),kilotonnes,0.0026,0.0026,0.0029,0.0026,0.0028,0.0029,0.0032,0.0082,0.0086,0.0095,0.0073,0.0078,0.0092,0.0105,0.0096,0.0091,0.0099,0.0098,0.01,0.0103,0.0105
Small Island Developing States,Food Packaging,Emissions (CO2),kilotonnes,499.3474,531.1055,550.4548,542.4457,532.9127,564.409,685.7015,1094.0573,1163.7842,1319.5039,1184.5489,1234.273,1303.1647,1573.9195,1389.0805,1295.0678,1420.4246,1456.3193,1449.7371,1470.5624,1361.7756
Small Island Developing States,Food Packaging,Emissions (CO2eq) from CH4 (AR5),kilotonnes,114.8644,99.9852,96.8436,108.528,89.3648,103.8352,114.24,145.6112,143.92,151.0432,139.8544,140.1092,151.0208,157.7856,136.9816,142.3716,137.4576,140.6356,143.2172,144.5014,145.243
Small Island Developing States,Food Packaging,Emissions (CO2eq) from N2O (AR5),kilotonnes,0.689,0.689,0.7685,0.689,0.742,0.7685,0.848,2.173,2.279,2.5175,1.9345,2.067,2.438,2.7825,2.544,2.4115,2.6235,2.597,2.65,2.7295,2.7714
Small Island Developing States,Food Packaging,Emissions (CO2eq) (AR5),kilotonnes,614.9008,631.7797,648.0669,651.6627,623.0195,669.0127,800.7895,1241.8415,1309.9832,1473.0646,1326.3378,1376.4492,1456.6235,1734.4876,1528.6061,1439.8509,1560.5057,1599.5519,1595.6043,1617.7933,1509.79
Small Island Developing States,Food Retail,Emissions (CH4),kilotonnes,1.1482,1.2573,1.2706,1.2795,1.1716,1.2987,1.6301,3.9649,4.2486,4.4461,4.7194,4.8113,4.9693,5.0867,5.3006,5.502,5.5737,5.6034,5.8032,6.0587,6.0446
Small Island Developing States,Food Retail,Emissions (N2O),kilotonnes,0.006,0.0066,0.0068,0.0067,0.0063,0.0075,0.0094,0.0213,0.0255,0.0263,0.0273,0.0275,0.0293,0.0305,0.0313,0.0331,0.0327,0.0333,0.0344,0.0356,0.0361
Small Island Developing States,Food Retail,Emissions (CO2),kilotonnes,650.2038,673.2007,704.8518,728.0513,675.4978,762.7742,935.7269,2006.6436,2134.1969,2249.3003,2448.2367,2525.7883,2537.5348,2717.1121,2767.7905,2976.5881,2916.667,2973.784,3065.2259,3177.1972,2958.7186
Small Island Developing States,Food Retail,Emissions (CO2eq) from F-gases (AR5),kilotonnes,744.963,910.164,1066.5335,1254.073,1440.054,1625.5155,1795.392,1966.827,1993.3215,2006.309,2014.1015,2018.777,2021.894,2024.4915,2024.4915,2024.4915,2185.5365,2228.1355,2269.6955,2311.2555,2395.1285
Small Island Developing States,Food Retail,Emissions (CO2eq) from CH4 (AR5),kilotonnes,32.149,35.2042,35.5773,35.825,32.8034,36.3646,45.6425,111.0161,118.962,124.4908,132.1432,134.7164,139.1404,142.4276,148.4168,154.056,156.0636,156.8952,162.4896,169.6436,169.2475
Small Island Developing States,Food Retail,Emissions (CO2eq) from N2O (AR5),kilotonnes,1.6031,1.7407,1.8034,1.7849,1.6571,1.9921,2.491,5.6445,6.7575,6.9695,7.2345,7.2875,7.7645,8.0825,8.2945,8.7715,8.6655,8.8245,9.116,9.434,9.5587
Small Island Developing States,Food Retail,Emissions (CO2eq) (AR5),kilotonnes,1428.9189,1620.3096,1808.7661,2019.7342,2150.0123,2426.6465,2779.2524,4090.1312,4253.238,4387.0696,4601.7159,4686.5692,4706.3337,4892.1137,4948.9933,5163.9071,5266.9326,5367.6392,5506.527,5667.5303,5532.6533
Small Island Developing States,Food Household Consumption,Emissions (CH4),kilotonnes,7.0629,7.4176,7.883,8.2442,8.0857,8.5096,8.973,9.3471,9.1114,9.3601,9.8457,9.9705,10.4082,10.6062,11.115,11.635,11.9979,11.9355,11.954,12.055,11.8438
Small Island Developing States,Food Household Consumption,Emissions (N2O),kilotonnes,0.0406,0.0417,0.0466,0.0451,0.0488,0.0508,0.0521,0.053,0.0539,0.0548,0.0567,0.0562,0.0594,0.0606,0.063,0.0662,0.0681,0.068,0.0678,0.0682,0.0687
Small Island Developing States,Food Household Consumption,Emissions (CO2),kilotonnes,5283.2823,5199.8352,5553.9348,5750.5324,5735.1423,5868.2175,5949.6458,6013.5386,5825.598,6619.5261,6737.3151,6580.6442,6606.5013,6822.8388,7075.6671,7465.8029,7676.1515,7680.9105,7701.7872,7771.8785,7020.6609
Small Island Developing States,Food Household Consumption,Emissions (CO2eq) from CH4 (AR5),kilotonnes,197.7612,207.6928,220.724,230.8376,226.3996,238.2688,251.244,261.7188,255.1192,262.0828,275.6796,279.174,291.4296,296.9736,311.22,325.78,335.9412,334.194,334.712,337.54,331.6265
Small Island Developing States,Food Household Consumption,Emissions (CO2eq) from N2O (AR5),kilotonnes,10.759,11.0505,12.349,11.9515,12.932,13.462,13.8065,14.045,14.2835,14.522,15.0255,14.893,15.741,16.059,16.695,17.543,18.0465,18.02,17.967,18.073,18.1998
Small Island Developing States,Food Household Consumption,Emissions (CO2eq) (AR5),kilotonnes,5491.8025,5418.5785,5787.0078,5993.3215,5974.4739,6119.9483,6214.6963,6289.3024,6095.0007,6896.1309,7028.0202,6874.7112,6913.6719,7135.8714,7403.5821,7809.1259,8030.1392,8033.1245,8054.4662,8127.4915,7370.4872
Small Island Developing States,Food Transport,Emissions (CH4),kilotonnes,0.4455,0.4344,0.4262,0.4126,0.4176,0.4193,0.4119,0.3921,0.3936,0.4012,0.3819,0.4238,0.4401,0.417,0.42,0.4305,0.4379,0.4368,0.4487,0.4247,0.4263
Small Island Developing States,Food Transport,Emissions (N2O),kilotonnes,0.0735,0.0766,0.0761,0.0766,0.0795,0.0818,0.0834,0.0849,0.0854,0.0895,0.0883,0.0987,0.1057,0.0956,0.0924,0.0981,0.0983,0.0986,0.1004,0.11,0.1112
Small Island Developing States,Food Transport,Emissions (CO2),kilotonnes,2597.5015,2648.6246,2665.2859,2649.1037,2818.8782,2948.2326,3066.8453,3089.4177,3157.3577,3283.9126,3349.2143,3562.5618,3766.8401,3546.5469,3555.6124,3806.1333,3856.5138,3853.3124,3922.9839,4090.7726,3806.8307
Small Island Developing States,Food Transport,Emissions (CO2eq) from CH4 (AR5),kilotonnes,12.474,12.1632,11.9336,11.5528,11.6928,11.7404,11.5332,10.9788,11.0208,11.2336,10.6932,11.8664,12.3228,11.676,11.76,12.054,12.2612,12.2304,12.5636,11.8916,11.937
Small Island Developing States,Food Transport,Emissions (CO2eq) from N2O (AR5),kilotonnes,19.4775,20.299,20.1665,20.299,21.0675,21.677,22.101,22.4985,22.631,23.7175,23.3995,26.1555,28.0105,25.334,24.486,25.9965,26.0495,26.129,26.606,29.15,29.4567
Small Island Developing States,Food Transport,Emissions (CO2eq) (AR5),kilotonnes,2629.453,2681.0868,2697.386,2680.9555,2851.6385,2981.65,3100.4795,3122.895,3191.0095,3318.8637,3383.307,3600.5837,3807.1734,3583.5569,3591.8584,3844.1838,3894.8245,3891.6718,3962.1535,4131.8142,3848.2244
Small Island Developing States,Energy,Emissions (CH4),kilotonnes,1098.1881,1109.5273,1099.7738,1158.0463,1221.6731,1410.152,1523.6939,1588.2685,1690.8968,1660.3033,1615.5366,1610.7622,1689.2665,1791.0247,1899.4292,1997.471,1936.8902,1917.3461,1963.8607,2069.6742,2115.8289
Small Island Developing States,Energy,Emissions (N2O),kilotonnes,3.4495,3.5178,3.4301,3.2802,3.4045,3.4151,3.483,3.5489,3.399,3.3895,3.3695,3.583,3.8064,3.6213,3.6734,3.7573,3.7798,3.8497,3.9013,3.8863,3.9265
Small Island Developing States,Energy,Emissions (CO2),kilotonnes,169283.66,168872.56,171657.93,179426.27,176411.07,174766.37,189454.7,205286.37,218194.63,245487.67,222640,191838.66,206933.93,215787.63,218770,230247.93,202672.63,201070.73,194982.26,193660.18,177611.21
Small Island Developing States,Energy,Emissions (CO2eq) from CH4 (AR5),kilotonnes,30749.2672,31066.7645,30793.6676,32425.2963,34206.8462,39484.2562,42663.4291,44471.5193,47345.1098,46488.4915,45235.0242,45101.3413,47299.4611,50148.6904,53184.0164,55929.1893,54232.9254,53685.6915,54988.0993,57950.8767,59243.2102
Small Island Developing States,Energy,Emissions (CO2eq) from N2O (AR5),kilotonnes,914.1165,932.2091,908.9712,869.2541,902.1893,905.0137,922.9823,940.4498,900.7419,898.2117,892.9093,949.4932,1008.7032,959.648,973.4576,995.6957,1001.6468,1020.1671,1033.84,1029.8679,1040.5273
Small Island Developing States,Energy,Emissions (CO2eq) (AR5),kilotonnes,200947.0437,200871.5336,203360.5689,212720.8204,211520.1055,215155.6399,233041.1114,250698.3391,266440.4817,292874.3732,268767.9335,237889.4944,255242.0943,266895.9684,272927.4741,287172.815,257907.2022,255776.5885,251004.1993,252640.9247,237894.9475
Small Island Developing States,IPPU,Emissions (CH4),kilotonnes,7.0678,7.9838,8.0938,8.1908,9.6218,12.4958,15.5748,15.3368,14.8078,15.8787,16.5107,16.5507,15.4277,16.5407,16.1607,16.2707,13.5507,14.8297,15.1257,16.3807,16.6406
Small Island Developing States,IPPU,Emissions (N2O),kilotonnes,29.9571,32.2196,4.7671,5.8865,5.8331,5.4015,6.324,6.3496,5.3054,3.4589,5.3705,4.9301,2.1468,2.1534,2.159,2.1677,2.1793,2.1928,2.2086,1.877,1.8088
Small Island Developing States,IPPU,Emissions (CO2),kilotonnes,16576.0346,18696.8374,19935.5495,20830.3525,22502.5655,23715.0352,27023.8662,27353.6941,26301.5957,27353.5536,29210.5845,28483.308,27443.669,29687.746,30695.2539,31173.1368,28801.6479,31055.5938,30435.3857,32107.8729,32589.1659
Small Island Developing States,IPPU,Emissions (CO2eq) from F-gases (AR5),kilotonnes,2207.3692,2672.1551,2902.2803,3186.0725,3266.0509,3557.9925,4040.4539,4345.505,4653.654,4454.5452,4733.4022,4626.5041,4582.2189,5335.4362,5560.6151,5788.2161,6016.0129,6231.9517,6459.6711,6685.3343,6913.0665
Small Island Developing States,IPPU,Emissions (CO2eq) from CH4 (AR5),kilotonnes,197.8983,223.5461,226.6259,229.3418,269.4097,349.8816,436.0936,429.4296,414.6176,444.6047,462.3004,463.4202,431.976,463.1397,452.4995,455.5792,379.419,415.2308,423.5185,458.6583,465.9381
Small Island Developing States,IPPU,Emissions (CO2eq) from N2O (AR5),kilotonnes,7938.6186,8538.2072,1263.2762,1559.9285,1545.7611,1431.397,1675.8727,1682.6559,1405.9226,916.6013,1423.18,1306.4821,568.901,570.6572,572.1262,574.4494,577.5062,581.0952,585.2701,497.4148,479.3216
Small Island Developing States,IPPU,Emissions (CO2eq) (AR5),kilotonnes,26919.9208,30130.7458,24327.7319,25805.6954,27583.7872,29054.3063,33176.2864,33811.2845,32775.7899,33169.3047,35829.4671,34879.7145,33026.7649,36056.9792,37280.4947,37991.3815,35774.586,38283.8715,37903.8455,39749.2803,40447.492
Small Island Developing States,Waste,Emissions (CH4),kilotonnes,682.6609,708.2789,727.9956,744.6593,772.1535,793.9723,827.2991,842.7254,850.5853,866.342,889.1387,900.292,908.7373,943.8732,963.2035,982.3041,979.0522,1008.5174,1019.5885,1042.3798,1059.732
Small Island Developing States,Waste,Emissions (N2O),kilotonnes,1.8175,1.8379,1.8595,1.8993,1.9376,1.9899,2.0541,2.1177,2.1813,2.2376,2.2806,2.3095,2.3421,2.3906,2.4228,2.4478,2.4782,2.5293,2.565,2.6343,2.6781
Small Island Developing States,Waste,Emissions (CO2),kilotonnes,30.514,31.4012,32.2917,33.3424,34.3098,35.2858,81.2386,81.2644,87.1892,83.021,78.9618,79.272,79.831,95.265,100.098,104.831,109.652,114.5014,119.2514,124.5754,129.5371
Small Island Developing States,Waste,Emissions (CO2eq) from CH4 (AR5),kilotonnes,19114.5041,19831.8095,20383.8782,20850.4604,21620.2994,22231.2244,23164.374,23596.3106,23816.3898,24257.5768,24895.885,25208.1746,25444.643,26428.4482,26969.6994,27504.5142,27413.4608,28238.4864,28548.4774,29186.633,29672.4946
Small Island Developing States,Waste,Emissions (CO2eq) from N2O (AR5),kilotonnes,481.6306,487.0557,492.7656,503.3052,513.4616,527.3232,544.3349,561.1905,578.0373,592.9712,604.3479,612.0273,620.6639,633.522,642.0311,648.6617,656.7153,670.2677,679.7181,698.0961,709.7034
Small Island Developing States,Waste,Emissions (CO2eq) (AR5),kilotonnes,19626.6487,20350.2663,20908.9355,21387.108,22168.0708,22793.8334,23789.9474,24238.7655,24481.6163,24933.569,25579.1946,25899.4739,26145.1379,27157.2352,27711.8285,28258.0069,28179.828,29023.2554,29347.4469,30009.3045,30511.7351
Small Island Developing States,Other,Emissions (CH4),kilotonnes,7.32,11.4,12.2,13.1,14,14.9,15.8,16.6,17.5,18.4,19.3,20.2,21,21.9,22.8,23.7,24.6,25.5,26.3,27.2,28.1
Small Island Developing States,Other,Emissions (N2O),kilotonnes,5.0005,5.0893,4.9512,4.681,4.6554,4.7807,4.7872,4.797,4.6659,4.6777,4.7992,4.9201,5.0268,4.9694,5.1683,5.3119,5.3234,5.1593,5.2908,5.3474,5.3969
Small Island Developing States,Other,Emissions (CO2),kilotonnes,0,0,0,0,0,0,0,0,0,0,0,0,0,0,0,0,0,0,0,0,0
Small Island Developing States,Other,Emissions (CO2eq) from CH4 (AR5),kilotonnes,204.96,319.2,341.6,366.8,392,417.2,442.4,464.8,490,515.2,540.4,565.6,588,613.2,638.4,663.6,688.8,714,736.4,761.6,786.8
Small Island Developing States,Other,Emissions (CO2eq) from N2O (AR5),kilotonnes,1325.1379,1348.667,1312.0773,1240.4568,1233.6689,1266.8959,1268.6144,1271.2119,1236.4553,1239.6001,1271.801,1303.8207,1332.0991,1316.8998,1369.6001,1407.6602,1410.7096,1367.2117,1402.0592,1417.0685,1430.1709
Small Island Developing States,Other,Emissions (CO2eq) (AR5),kilotonnes,1530.0979,1667.867,1653.6773,1607.2568,1625.6689,1684.0959,1711.0144,1736.0119,1726.4553,1754.8001,1812.201,1869.4207,1920.0991,1930.0998,2008.0001,2071.2602,2099.5096,2081.2117,2138.4592,2178.6685,2216.9709
Small Island Developing States,Farm-gate emissions,Emissions (CH4),kilotonnes,897.2874,918.5438,923.6913,936.662,926.0479,882.8433,890.8486,915.5071,935.8394,975.5481,977.2418,995.9076,999.6124,1007.7114,994.7771,981.4607,971.6467,966.9831,975.0158,975.2969,953.5612
Small Island Developing States,Farm-gate emissions,Direct emissions (N2O),kilotonnes,22.6763,23.3874,23.5177,22.8582,23.5749,22.625,23.2184,23.784,24.1923,24.1362,25.274,25.2213,25.386,25.9249,25.9222,26.0054,26.0015,26.0616,26.2417,26.4339,25.6977
Small Island Developing States,Farm-gate emissions,Indirect emissions (N2O),kilotonnes,6.3111,6.5335,6.5828,6.3419,6.5489,6.317,6.5347,6.6439,6.7693,6.7152,7.0435,6.9995,7.0441,7.2155,7.2697,7.3194,7.3477,7.3655,7.417,7.4819,7.2351
Small Island Developing States,Farm-gate emissions,Emissions (N2O),kilotonnes,37.3896,38.9615,39.9467,39.2174,40.5688,38.652,40.0502,40.2257,40.245,40.3202,41.7166,41.6133,41.8088,42.3389,42.6074,43.2177,42.5423,42.9064,43.4474,43.592,42.2296
Small Island Developing States,Farm-gate emissions,Emissions (CO2),kilotonnes,32445.4476,32906.967,35409.5362,35362.2282,36430.9206,37956.0304,39353.3558,36605.2836,36749.9137,34278.3378,34200.9558,34232.7943,33942.7375,34544.5369,32590.8083,32696.3238,33769.3848,33328.947,33941.1126,34384.1964,34748.8662
Small Island Developing States,Farm-gate emissions,Emissions (CO2eq) from CH4 (AR5),kilotonnes,25124.0485,25719.2268,25863.3571,26226.5357,25929.3419,24719.6129,24943.7597,25634.1997,26203.503,27315.348,27362.769,27885.4131,27989.1476,28215.9194,27853.7583,27480.9003,27206.1081,27075.5255,27300.4414,27308.3136,26699.7143
Small Island Developing States,Farm-gate emissions,Emissions (CO2eq) from N2O (AR5),kilotonnes,9908.2381,10324.7905,10585.8682,10392.6019,10750.7374,10242.7837,10613.3069,10659.8079,10664.9339,10684.843,11054.9101,11027.5244,11079.3347,11219.8047,11290.9617,11452.6929,11273.7119,11370.196,11513.5721,11551.8901,11190.8547
Small Island Developing States,Farm-gate emissions,Emissions (CO2eq) (AR5),kilotonnes,67477.7342,68950.9844,71858.7615,71981.3658,73110.9999,72918.427,74910.4224,72899.2913,73618.3507,72278.5288,72618.6349,73145.7318,73011.2198,73980.261,71735.5282,71629.9171,72249.2048,71774.6685,72755.126,73244.4001,72639.4353
Small Island Developing States,Land Use change,Emissions (CH4),kilotonnes,25.8409,6.0437,13.6496,17.0114,22.2896,15.7203,17.5402,15.7025,11.3477,11.0877,11.8035,16.5517,13.1551,12.6771,11.4493,35.0617,9.5928,9.7882,7.7078,8.9834,11.3896
Small Island Developing States,Land Use change,Emissions (N2O),kilotonnes,0.76,0.5518,1.2463,1.5532,2.0351,1.4353,1.6015,1.4337,1.0361,1.0124,1.0777,1.5112,1.2011,1.1575,1.0454,3.2013,0.8759,0.8937,0.7038,0.8202,1.0399
Small Island Developing States,Land Use change,Emissions (CO2),kilotonnes,20942.7562,17608.8041,17608.8041,17608.8041,17608.8041,17608.8041,17608.8041,17608.8041,17608.8041,17608.8041,17608.8041,39273.3213,39273.3213,39273.3213,39273.3213,39273.3213,39724.4776,39724.4776,39724.4776,39724.4776,39724.4776
Small Island Developing States,Land Use change,Emissions (CO2eq) from CH4 (AR5),kilotonnes,723.5461,169.2235,382.19,476.3202,624.1087,440.1681,491.1255,439.669,317.7361,310.4569,330.4967,463.4468,368.3424,354.9599,320.5806,981.7269,268.5997,274.0702,215.8181,251.5352,318.9095
Small Island Developing States,Land Use change,Emissions (CO2eq) from N2O (AR5),kilotonnes,201.4074,146.2312,330.262,411.6028,539.3113,380.3627,424.3965,379.9314,274.5655,268.2752,285.5922,400.4785,318.2959,306.7316,277.0234,848.3401,232.1052,236.8324,186.495,217.3592,275.5794
Small Island Developing States,Land Use change,Emissions (CO2eq) (AR5),kilotonnes,21867.7098,17924.2589,18321.2561,18496.7272,18772.2242,18429.3349,18524.3261,18428.4045,18201.1058,18187.5362,18224.893,40137.2466,39959.9596,39935.0128,39870.9253,41103.3883,40225.1824,40235.3802,40126.7907,40193.3719,40318.9664
Small Island Developing States,Emissions on agricultural land,Emissions (CH4),kilotonnes,923.1284,924.5875,937.341,953.6734,948.3375,898.5636,908.3888,931.2096,947.1871,986.6359,989.0452,1012.4593,1012.7675,1020.3885,1006.2264,1016.5224,981.2396,976.7713,982.7236,984.2803,964.9508
Small Island Developing States,Emissions on agricultural land,Emissions (N2O),kilotonnes,38.1496,39.5133,41.1929,40.7706,42.604,40.0873,41.6517,41.6594,41.2811,41.3325,42.7943,43.1245,43.0099,43.4964,43.6528,46.419,43.4182,43.8001,44.1512,44.4123,43.2696
Small Island Developing States,Emissions on agricultural land,Emissions (CO2),kilotonnes,53388.2038,50515.7712,53018.3404,52971.0323,54039.7247,55564.8345,56962.16,54214.0877,54358.7178,51887.1419,51809.76,73506.1156,73216.0588,73817.8582,71864.1295,71969.6451,73493.8624,73053.4246,73665.5902,74108.674,74473.3438
Small Island Developing States,Emissions on agricultural land,Emissions (CO2eq) from CH4 (AR5),kilotonnes,25847.5947,25888.4504,26245.5471,26702.8559,26553.4506,25159.7811,25434.8852,26073.8687,26521.2392,27625.8049,27693.2657,28348.8599,28357.4901,28570.8793,28174.3388,28462.6272,27474.7077,27349.5957,27516.2595,27559.8487,27018.6238
Small Island Developing States,Emissions on agricultural land,Emissions (CO2eq) from N2O (AR5),kilotonnes,10109.6455,10471.0217,10916.1302,10804.2047,11290.0487,10623.1464,11037.7034,11039.7393,10939.4994,10953.1182,11340.5023,11428.0029,11397.6306,11526.5363,11567.9851,12301.033,11505.8171,11607.0284,11700.0671,11769.2493,11466.4341
Small Island Developing States,Emissions on agricultural land,Emissions (CO2eq) (AR5),kilotonnes,89345.444,86875.2433,90180.0176,90478.093,91883.2241,91347.762,93434.7485,91327.6957,91819.4564,90466.065,90843.5279,113282.9783,112971.1794,113915.2738,111606.4535,112733.3054,112474.3872,112010.0487,112881.9167,113437.772,112958.4017
Small Island Developing States,Pre- and post- production,Emissions (CH4),kilotonnes,574.7014,578.8921,577.0217,575.4597,571.7934,577.4438,585.0328,567.9876,581.3546,594.3823,600.9827,628.3446,644.4186,658.6351,656.3333,653.9726,646.1301,640.6167,662.8791,686.4755,694.6785
Small Island Developing States,Pre- and post- production,Emissions (N2O),kilotonnes,3.6082,3.6512,3.6367,3.6978,3.7483,3.6888,3.8507,3.815,3.8368,3.9011,3.7252,4.1615,4.0859,3.9872,3.8419,3.9479,3.8213,4.0499,4.0498,4.3666,4.4751
Small Island Developing States,Pre- and post- production,Emissions (CO2),kilotonnes,25939.8453,26013.3603,25085.8104,26253.8731,26749.369,28190.9294,29023.2578,31688.9034,31394.1003,34994.5441,34329.4752,36106.9665,35984.2904,36943.5396,36345.8655,37149.4742,37547.0485,38160.9451,37863.6473,39599.5833,35903.9192
Small Island Developing States,Pre- and post- production,Emissions (CO2eq) from F-gases (AR5),kilotonnes,744.963,910.164,1066.5335,1254.073,1440.054,1625.5155,1795.392,1966.827,1993.3215,2006.309,2014.1015,2018.777,2021.894,2024.4915,2024.4915,2024.4915,2185.5365,2228.1355,2269.6955,2311.2555,2395.1285
Small Island Developing States,Pre- and post- production,Emissions (CO2eq) from CH4 (AR5),kilotonnes,16091.6391,16208.9789,16156.6075,16112.8713,16010.2141,16168.4275,16380.9189,15903.6517,16277.9294,16642.7041,16827.5159,17593.6492,18043.7208,18441.7817,18377.3327,18311.2341,18091.6416,17937.2669,18560.6152,19221.314,19450.9969
Small Island Developing States,Pre- and post- production,Emissions (CO2eq) from N2O (AR5),kilotonnes,956.1809,967.5779,963.7384,979.9279,993.2999,977.5277,1020.4264,1010.9713,1016.7588,1033.7921,987.188,1102.8064,1082.7553,1056.6178,1018.0922,1046.1877,1012.6445,1073.2305,1073.1974,1157.1396,1185.9006
Small Island Developing States,Pre- and post- production,Emissions (CO2eq) (AR5),kilotonnes,43732.6283,44100.0812,43272.6897,44600.7453,45192.937,46962.4001,48219.9951,50570.3534,50682.1099,54677.3493,54158.2806,56822.1992,57132.6605,58466.4307,57765.7819,58531.3874,58836.8711,59399.578,59767.1554,62289.2924,58935.9453
Small Island Developing States,Agri-food systems,Emissions (CH4),kilotonnes,1497.8298,1503.4796,1514.3627,1529.1331,1520.1309,1476.0074,1493.4216,1499.1972,1528.5417,1581.0182,1590.0279,1640.8039,1657.1861,1679.0236,1662.5597,1670.495,1627.3696,1617.388,1645.6027,1670.7558,1659.6293
Small Island Developing States,Agri-food systems,Emissions (N2O),kilotonnes,41.7578,43.1645,44.8297,44.4684,46.3523,43.7761,45.5024,45.4744,45.118,45.2336,46.5196,47.2861,47.0958,47.4836,47.4946,50.3669,47.2395,47.85,48.201,48.7788,47.7447
Small Island Developing States,Agri-food systems,Emissions (CO2),kilotonnes,79328.0491,76529.1315,78104.1508,79224.9054,80789.0937,83755.7639,85985.4178,85902.9911,85752.8181,86881.6859,86139.2352,109613.0821,109200.3491,110761.3979,108209.995,109119.1193,111040.9109,111214.3696,111529.2374,113708.2573,110377.2631
Small Island Developing States,Agri-food systems,Emissions (CO2eq) from F-gases (AR5),kilotonnes,744.963,910.164,1066.5335,1254.073,1440.054,1625.5155,1795.392,1966.827,1993.3215,2006.309,2014.1015,2018.777,2021.894,2024.4915,2024.4915,2024.4915,2185.5365,2228.1355,2269.6955,2311.2555,2395.1285
Small Island Developing States,Agri-food systems,Emissions (CO2eq) from CH4 (AR5),kilotonnes,41939.2337,42097.4293,42402.1545,42815.7273,42563.6648,41328.2086,41815.8041,41977.5205,42799.1685,44268.509,44520.7816,45942.5091,46401.2109,47012.661,46551.6715,46773.8613,45566.3493,45286.8626,46076.8747,46781.1628,46469.6207
Small Island Developing States,Agri-food systems,Emissions (CO2eq) from N2O (AR5),kilotonnes,11065.8265,11438.5997,11879.8685,11784.1326,12283.3486,11600.6741,12058.1298,12050.7106,11956.2582,11986.9104,12327.6903,12530.8093,12480.3859,12583.1542,12586.0773,13347.2207,12518.4616,12680.2589,12773.2645,12926.3889,12652.3347
Small Island Developing States,Agri-food systems,Emissions (CO2eq) (AR5),kilotonnes,133078.0723,130975.3245,133452.7073,135078.8383,137076.1611,138310.1621,141654.7436,141898.0492,142501.5664,145143.4143,145001.8085,170105.1775,170103.8399,172381.7045,169372.2354,171264.6928,171311.2584,171409.6267,172649.0721,175727.0644,171894.347
Small Island Developing States,IPCC Agriculture,Emissions (CH4),kilotonnes,894.3545,915.8266,920.6579,933.7353,923.029,879.9473,887.9352,912.958,933.3075,973.2874,974.9806,993.5749,997.2282,1005.1307,992.4511,979.1667,969.1445,964.6175,972.4473,972.6778,950.9421
Small Island Developing States,IPCC Agriculture,Direct emissions (N2O),kilotonnes,22.6763,23.3874,23.5177,22.8582,23.5749,22.625,23.2184,23.784,24.1923,24.1362,25.274,25.2213,25.386,25.9249,25.9222,26.0054,26.0015,26.0616,26.2417,26.4339,25.6977
Small Island Developing States,IPCC Agriculture,Indirect emissions (N2O),kilotonnes,6.3111,6.5335,6.5828,6.3419,6.5489,6.317,6.5347,6.6439,6.7693,6.7152,7.0435,6.9995,7.0441,7.2155,7.2697,7.3194,7.3477,7.3655,7.417,7.4819,7.2351
Small Island Developing States,IPCC Agriculture,Emissions (N2O),kilotonnes,36.5275,38.0672,38.9163,38.0834,39.3834,37.4635,38.7073,38.9656,39.133,39.1873,40.5472,40.4628,40.6878,41.296,41.6029,42.2064,41.4847,41.825,42.3846,42.5173,41.1549
Small Island Developing States,IPCC Agriculture,Emissions (CO2eq) from CH4 (AR5),kilotonnes,25041.9258,25643.144,25778.42,26144.5891,25844.8128,24638.5249,24862.1844,25562.824,26132.61,27252.0474,27299.4578,27820.0978,27922.3886,28143.6596,27788.6313,27416.6675,27136.046,27009.2907,27228.5256,27234.9774,26626.3781
Small Island Developing States,IPCC Agriculture,Emissions (CO2eq) from N2O (AR5),kilotonnes,9679.7789,10087.8113,10312.8311,10092.1075,10436.5949,9927.8327,10257.4449,10325.8897,10370.2384,10384.6366,10745.0121,10722.6341,10782.2753,10943.4314,11024.7721,11184.6984,10993.445,11083.6296,11231.93,11267.0815,10906.0461
Small Island Developing States,IPCC Agriculture,Emissions (CO2eq) (AR5),kilotonnes,34721.7047,35730.9553,36091.2511,36236.6965,36281.4077,34566.3576,35119.6293,35888.7137,36502.8484,37636.6839,38044.4699,38542.7319,38704.664,39087.091,38813.4034,38601.3659,38129.4909,38092.9203,38460.4556,38502.0588,37532.4242
Small Island Developing States,Agricultural Soils,Direct emissions (N2O),kilotonnes,22.6763,23.3874,23.5177,22.8582,23.5749,22.625,23.2184,23.784,24.1923,24.1362,25.274,25.2213,25.386,25.9249,25.9222,26.0054,26.0015,26.0616,26.2417,26.4339,25.6977
Small Island Developing States,Agricultural Soils,Indirect emissions (N2O),kilotonnes,6.3111,6.5335,6.5828,6.3419,6.5489,6.317,6.5347,6.6439,6.7693,6.7152,7.0435,6.9995,7.0441,7.2155,7.2697,7.3194,7.3477,7.3655,7.417,7.4819,7.2351
Small Island Developing States,Agricultural Soils,Emissions (N2O),kilotonnes,33.591,34.5743,34.7867,33.8576,34.8825,33.667,34.4354,35.0805,35.5349,35.3946,36.8544,36.7536,36.959,37.6593,37.6922,37.8235,37.8281,37.9039,38.1554,38.4295,37.5022
Small Island Developing States,Agricultural Soils,Emissions (CO2eq) from N2O (AR5),kilotonnes,8901.6103,9162.1772,9218.4795,8972.2664,9243.8724,8921.7486,9125.3678,9296.3279,9416.7529,9379.565,9766.4142,9739.6928,9794.1239,9979.7056,9988.4266,10023.2162,10024.4426,10044.5386,10111.1763,10183.8291,9938.0704
Small Island Developing States,Agricultural Soils,Emissions (CO2eq) (AR5),kilotonnes,8901.6103,9162.1772,9218.4795,8972.2664,9243.8724,8921.7486,9125.3678,9296.3279,9416.7529,9379.565,9766.4142,9739.6928,9794.1239,9979.7056,9988.4266,10023.2162,10024.4426,10044.5386,10111.1763,10183.8291,9938.0704
Small Island Developing States,LULUCF,Emissions (CH4),kilotonnes,30.4861,6.2644,15.067,17.2419,22.9713,17.5659,18.0708,15.8289,11.6502,11.6656,12.0687,17.0207,13.4377,13.0144,11.8585,40.3503,9.9376,10.066,8.0077,9.4815,11.9152
Small Island Developing States,LULUCF,Emissions (N2O),kilotonnes,0.8967,0.572,1.3757,1.5743,2.0974,1.6038,1.6499,1.4452,1.0637,1.0651,1.1019,1.5541,1.2269,1.1883,1.0827,3.6842,0.9073,0.9191,0.7311,0.8657,1.0879
Small Island Developing States,LULUCF,Emissions (CO2),kilotonnes,26880.8487,24746.7353,24996.5786,24824.209,25451.0639,25241.3706,24999.4592,24821.9436,24333.2093,24157.7374,24125.8679,29132.5019,29104.1588,29043.4058,28957.1554,28947.7138,99016.0381,98996.9792,99108.3687,99260.5294,99625.1992
Small Island Developing States,LULUCF,Emissions (CO2eq) from CH4 (AR5),kilotonnes,853.6102,175.4042,421.8764,482.7733,643.1962,491.8462,505.9827,443.2085,326.2069,326.637,337.9227,476.5794,376.2546,364.4019,332.0374,1129.8075,278.2531,281.8493,224.2163,265.4832,333.6269
Small Island Developing States,LULUCF,Emissions (CO2eq) from N2O (AR5),kilotonnes,237.6123,151.5721,364.5562,417.1791,555.8054,425.0193,437.235,382.99,281.8853,282.257,292.0092,411.8268,325.133,314.8908,286.9236,976.301,240.447,243.5546,193.7521,229.4121,288.2972
Small Island Developing States,LULUCF,Emissions (CO2eq) (AR5),kilotonnes,27972.0711,25073.7116,25783.0112,25724.1614,26650.0654,26158.2362,25942.6769,25648.1421,24941.3016,24766.6314,24755.7998,30020.9081,29805.5464,29722.6984,29576.1163,31053.8223,99534.7383,99522.383,99526.3371,99755.4247,100247.1233
Small Island Developing States,AFOLU,Emissions (CH4),kilotonnes,924.8406,922.091,935.7249,950.9772,946.0003,897.5133,906.006,928.7869,944.9577,984.953,987.0493,1010.5956,1010.6658,1018.1451,1004.3096,1019.517,979.0821,974.6836,980.4551,982.1593,962.8573
Small Island Developing States,AFOLU,Emissions (N2O),kilotonnes,37.4241,38.6392,40.292,39.6577,41.4808,39.0674,40.3573,40.4109,40.1967,40.2524,41.6491,42.0168,41.9147,42.4842,42.6856,45.8906,42.392,42.7441,43.1158,43.383,42.2428
Small Island Developing States,AFOLU,Emissions (CO2),kilotonnes,26880.8487,24746.7353,24996.5786,24824.209,25451.0639,25241.3706,24999.4592,24821.9436,24333.2093,24157.7374,24125.8679,29132.5019,29104.1588,29043.4058,28957.1554,28947.7138,99016.0381,98996.9792,99108.3687,99260.5294,99625.1992
Small Island Developing States,AFOLU,Emissions (CO2eq) from CH4 (AR5),kilotonnes,25895.536,25818.5482,26200.2964,26627.3624,26488.009,25130.3712,25368.1671,26006.0325,26458.8169,27578.6844,27637.3804,28296.6773,28298.6432,28508.0615,28120.6687,28546.475,27414.2991,27291.14,27452.7419,27500.4606,26960.0051
Small Island Developing States,AFOLU,Emissions (CO2eq) from N2O (AR5),kilotonnes,9917.3911,10239.3835,10677.3874,10509.2866,10992.4003,10352.852,10694.6799,10708.8797,10652.1237,10666.8936,11037.0213,11134.4609,11107.4084,11258.3221,11311.6957,12160.9995,11233.892,11327.1841,11425.6821,11496.4936,11194.3433
Small Island Developing States,AFOLU,Emissions (CO2eq) (AR5),kilotonnes,62693.7758,60804.6669,61874.2624,61960.8579,62931.4732,60724.5938,61062.3062,61536.8558,61444.15,62403.3154,62800.2696,68563.6401,68510.2104,68809.7894,68389.5197,69655.1883,137664.2292,137615.3033,137986.7927,138257.4835,137779.5475
Small Island Developing States,All sectors with LULUCF,Emissions (CH4),kilotonnes,2720.0773,2759.281,2783.7881,2874.9736,2963.4487,3129.0333,3288.3737,3391.7176,3518.7476,3545.8771,3527.5354,3558.4005,3645.0973,3791.4836,3905.903,4039.2628,3933.1752,3940.8767,4005.3299,4137.7939,4183.1589
Small Island Developing States,All sectors with LULUCF,Emissions (N2O),kilotonnes,77.6487,81.3039,55.2999,55.4046,57.3112,54.6546,57.0056,57.2241,55.7482,54.0161,57.4689,57.7596,55.2369,55.6191,56.1091,59.5753,56.1527,56.4752,57.0814,57.1281,56.0531
Small Island Developing States,All sectors with LULUCF,Emissions (CO2),kilotonnes,212771.0573,212347.5339,216622.3498,225114.1738,224399.0092,223758.0616,241559.264,257543.2721,268916.6242,297081.9819,276055.4141,249533.7419,263561.5888,274614.0467,278522.5072,290473.6116,330599.968,331237.8043,324645.2658,325153.1576,309955.1122
Small Island Developing States,All sectors with LULUCF,Emissions (CO2eq) from F-gases (AR5),kilotonnes,2207.3692,2672.1551,2902.2803,3186.0725,3266.0509,3557.9925,4040.4539,4345.505,4653.654,4454.5452,4733.4022,4626.5041,4582.2189,5335.4362,5560.6151,5788.2161,6016.0129,6231.9517,6459.6711,6685.3343,6913.0665
Small Island Developing States,All sectors with LULUCF,Emissions (CO2eq) from CH4 (AR5),kilotonnes,76162.1655,77259.8682,77946.0682,80499.2609,82976.5642,87612.9334,92074.4638,94968.092,98524.9341,99284.5574,98770.99,99635.2133,102062.7233,106161.5398,109365.284,113099.3578,110128.9043,110344.5486,112149.2372,115858.2286,117128.4479
Small Island Developing States,All sectors with LULUCF,Emissions (CO2eq) from N2O (AR5),kilotonnes,20576.8947,21545.5224,14654.4778,14682.2313,15187.4812,14483.4818,15106.4842,15164.3878,14773.281,14314.2778,15229.2596,15306.2842,14637.7756,14739.0491,14868.9108,15787.4664,14880.4698,14965.9258,15126.5695,15138.941,14854.0665
Small Island Developing States,All sectors with LULUCF,Emissions (CO2eq) (AR5),kilotonnes,311717.4868,313825.0796,312125.176,323481.7385,325829.1055,329412.4693,352780.6659,372021.2569,386868.4932,415135.3624,394789.0659,369101.7436,384844.3066,400850.0719,408317.3171,425148.6519,461625.355,462780.2305,458380.7437,462835.6615,448850.6931
Small Island Developing States,All sectors without LULUCF,Emissions (CH4),kilotonnes,2689.5913,2753.0166,2768.7211,2857.7317,2940.4774,3111.4674,3270.3029,3375.8887,3507.0974,3534.2114,3515.4667,3541.3798,3631.6596,3778.4692,3894.0445,3998.9125,3923.2375,3930.8107,3997.3222,4128.3123,4171.2436
Small Island Developing States,All sectors without LULUCF,Emissions (N2O),kilotonnes,76.752,80.7319,53.9242,53.8304,55.2139,53.0508,55.3557,55.7789,54.6845,52.951,56.367,56.2055,54.01,54.4308,55.0264,55.8912,55.2454,55.5561,56.3503,56.2624,54.9652
Small Island Developing States,All sectors without LULUCF,Emissions (CO2),kilotonnes,185890.2086,187600.7986,191625.7712,200289.9649,198947.9453,198516.691,216559.8048,232721.3285,244583.4149,272924.2446,251929.5463,220401.24,234457.43,245570.641,249565.3519,261525.8978,231583.9299,232240.8252,225536.8971,225892.6283,210329.913
Small Island Developing States,All sectors without LULUCF,Emissions (CO2eq) from F-gases (AR5),kilotonnes,2207.3692,2672.1551,2902.2803,3186.0725,3266.0509,3557.9925,4040.4539,4345.505,4653.654,4454.5452,4733.4022,4626.5041,4582.2189,5335.4362,5560.6151,5788.2161,6016.0129,6231.9517,6459.6711,6685.3343,6913.0665
Small Island Developing States,All sectors without LULUCF,Emissions (CO2eq) from CH4 (AR5),kilotonnes,75308.5554,77084.464,77524.1918,80016.4876,82333.3681,87121.0871,91568.4811,94524.8835,98198.7271,98957.9204,98433.0674,99158.6339,101686.4687,105797.1379,109033.2466,111969.5503,109850.6512,110062.6993,111925.0209,115592.7454,116794.821
Small Island Developing States,All sectors without LULUCF,Emissions (CO2eq) from N2O (AR5),kilotonnes,20339.2825,21393.9503,14289.9215,14265.0521,14631.6759,14058.4625,14669.2492,14781.3978,14491.3956,14032.0208,14937.2503,14894.4574,14312.6426,14424.1584,14581.9872,14811.1653,14640.0228,14722.3712,14932.8174,14909.5289,14565.7693
Small Island Developing States,All sectors without LULUCF,Emissions (CO2eq) (AR5),kilotonnes,283745.4156,288751.368,286342.1647,297757.5772,299179.0401,303254.2331,326837.989,346373.1147,361927.1916,390368.7309,370033.2662,339080.8354,355038.7602,371127.3735,378741.2008,394094.8295,362090.6167,363257.8475,358854.4065,363080.2369,348603.5698
Low Income Food Deficit Countries,Crop Residues,Direct emissions (N2O),kilotonnes,87.5813,90.0222,85.5045,92.1993,90.1496,95.337,96.4254,100.1547,102.6405,101.1604,107.6532,110.9886,113.4967,115.1889,116.1322,113.1592,116.8652,119.7892,122.0816,123.2587,125.9433
Low Income Food Deficit Countries,Crop Residues,Indirect emissions (N2O),kilotonnes,19.7058,20.255,19.2385,20.7449,20.2837,21.4508,21.6957,22.5348,23.0941,22.7611,24.222,24.9724,25.5368,25.9175,26.1297,25.4608,26.2947,26.9526,27.4684,27.7332,28.3372
Low Income Food Deficit Countries,Crop Residues,Emissions (N2O),kilotonnes,107.287,110.2773,104.743,112.9442,110.4333,116.7878,118.1212,122.6895,125.7346,123.9215,131.8752,135.9611,139.0335,141.1064,142.2619,138.6201,143.1598,146.7418,149.55,150.9919,154.2805
Low Income Food Deficit Countries,Crop Residues,Emissions (CO2eq) from N2O (AR5),kilotonnes,28431.0642,29223.4716,27756.9005,29930.2118,29264.8222,30948.7635,31302.1054,32512.7044,33319.6655,32839.2068,34946.9214,36029.6843,36843.8662,37393.1984,37699.4064,36734.3147,37937.3507,38886.5661,39630.7469,40012.8485,40884.3326
Low Income Food Deficit Countries,Crop Residues,Emissions (CO2eq) (AR5),kilotonnes,28431.0642,29223.4716,27756.9005,29930.2118,29264.8222,30948.7635,31302.1054,32512.7044,33319.6655,32839.2068,34946.9214,36029.6843,36843.8662,37393.1984,37699.4064,36734.3147,37937.3507,38886.5661,39630.7469,40012.8485,40884.3326
Low Income Food Deficit Countries,Rice Cultivation,Emissions (CH4),kilotonnes,7939.6562,7923.7126,7595.2261,7749.0204,7627.3754,7865.9531,7892.0421,7837.6813,8204.8954,7855.8401,8154.342,8264.5677,8157.4839,8298.8398,8320.7046,8238.4209,8168.3444,8304.2615,8467.2899,8423.2275,8590.359
Low Income Food Deficit Countries,Rice Cultivation,Emissions (CO2eq) from CH4 (AR5),kilotonnes,222310.3749,221863.9523,212666.3301,216972.5701,213566.5125,220246.6856,220977.1775,219455.0769,229737.072,219963.5235,228321.5757,231407.8957,228409.5486,232367.5156,232979.7281,230675.7864,228713.6422,232519.3221,237084.1161,235850.3701,240530.0527
Low Income Food Deficit Countries,Rice Cultivation,Emissions (CO2eq) (AR5),kilotonnes,222310.3749,221863.9523,212666.3301,216972.5701,213566.5125,220246.6856,220977.1775,219455.0769,229737.072,219963.5235,228321.5757,231407.8957,228409.5486,232367.5156,232979.7281,230675.7864,228713.6422,232519.3221,237084.1161,235850.3701,240530.0527
Low Income Food Deficit Countries,Burning - Crop residues,Emissions (CH4),kilotonnes,218.2639,217.1791,217.552,228.107,226.0034,235.5347,235.6863,238.649,251.7572,242.0961,252.3816,259.2316,263.1691,268.4294,269.7409,267.5346,270.9503,272.7194,272.274,271.0296,281.4607
Low Income Food Deficit Countries,Burning - Crop residues,Emissions (N2O),kilotonnes,5.6587,5.6306,5.6402,5.9139,5.8593,6.1065,6.1104,6.1872,6.527,6.2766,6.5432,6.7208,6.8229,6.9593,6.9933,6.9361,7.0246,7.0705,7.059,7.0267,7.2971
Low Income Food Deficit Countries,Burning - Crop residues,Emissions (CO2eq) from CH4 (AR5),kilotonnes,6111.3899,6081.0145,6091.4565,6386.9971,6328.096,6594.9706,6599.2172,6682.1712,7049.2027,6778.6902,7066.6851,7258.4851,7368.7345,7516.0219,7552.7454,7490.9697,7586.6077,7636.1444,7623.6724,7588.8276,7880.9008
Low Income Food Deficit Countries,Burning - Crop residues,Emissions (CO2eq) from N2O (AR5),kilotonnes,1499.554,1492.1008,1494.6629,1567.1798,1552.7273,1618.2104,1619.2524,1639.6068,1729.6655,1663.2897,1733.9551,1781.0172,1808.0691,1844.2091,1853.2199,1838.062,1861.5288,1873.6836,1870.6233,1862.0734,1933.7395
Low Income Food Deficit Countries,Burning - Crop residues,Emissions (CO2eq) (AR5),kilotonnes,7610.9439,7573.1152,7586.1195,7954.1769,7880.8233,8213.1809,8218.4696,8321.7781,8778.8682,8441.98,8800.6402,9039.5022,9176.8037,9360.231,9405.9653,9329.0317,9448.1365,9509.828,9494.2958,9450.9011,9814.6403
Low Income Food Deficit Countries,Enteric Fermentation,Emissions (CH4),kilotonnes,24198.9385,24443.5332,24911.1511,25382.561,25922.7943,26579.3461,27175.3305,28361.9264,28844.2302,29178.1108,29583.2815,29874.4777,30409.7194,30774.198,31150.224,31679.9903,32258.7294,32564.1778,33085.3224,33821.2263,34377.2552
Low Income Food Deficit Countries,Enteric Fermentation,Emissions (CO2eq) from CH4 (AR5),kilotonnes,677570.278,684418.931,697512.2294,710711.708,725838.2391,744221.6917,760909.2526,794133.9387,807638.4465,816987.1028,828331.8816,836485.3752,851472.1431,861677.5436,872206.2722,887039.7289,903244.4242,911796.9776,926389.0275,946994.3362,962563.1453
Low Income Food Deficit Countries,Enteric Fermentation,Emissions (CO2eq) (AR5),kilotonnes,677570.278,684418.931,697512.2294,710711.708,725838.2391,744221.6917,760909.2526,794133.9387,807638.4465,816987.1028,828331.8816,836485.3752,851472.1431,861677.5436,872206.2722,887039.7289,903244.4242,911796.9776,926389.0275,946994.3362,962563.1453
Low Income Food Deficit Countries,Manure Management,Emissions (CH4),kilotonnes,1706.5504,1729.9034,1762.9933,1794.292,1829.2729,1871.1308,1897.3533,1953.732,1976.4211,1998.5754,2022.4016,2036.1357,2063.8464,2077.2513,2098.9258,2132.79,2167.329,2177.0036,2210.165,2192.7621,2226.475
Low Income Food Deficit Countries,Manure Management,Emissions (N2O),kilotonnes,36.342,36.3312,37.0429,37.9567,39.3024,40.9836,42.3313,43.8326,44.694,45.6515,46.6039,47.3238,48.0522,48.6008,49.4743,50.9172,52.8126,53.5312,55.4357,56.6675,57.1043
Low Income Food Deficit Countries,Manure Management,Emissions (CO2eq) from CH4 (AR5),kilotonnes,47783.4124,48437.2966,49363.8128,50240.1751,51219.6413,52391.6615,53125.8916,54704.4964,55339.7896,55960.1103,56627.2453,57011.7998,57787.7,58163.0351,58769.9213,59718.1194,60685.2129,60956.0994,61884.6208,61397.3397,62341.2989
Low Income Food Deficit Countries,Manure Management,Emissions (CO2eq) from N2O (AR5),kilotonnes,9630.6176,9627.7653,9816.3568,10058.5329,10415.1404,10860.6651,11217.7969,11615.6288,11843.9023,12097.635,12350.0333,12540.8181,12733.8444,12879.2094,13110.6947,13493.0709,13995.3309,14185.773,14690.4558,15016.8936,15132.6399
Low Income Food Deficit Countries,Manure Management,Emissions (CO2eq) (AR5),kilotonnes,57414.03,58065.0619,59180.1696,60298.708,61634.7817,63252.3267,64343.6884,66320.1252,67183.6919,68057.7453,68977.2786,69552.618,70521.5443,71042.2445,71880.616,73211.1902,74680.5438,75141.8724,76575.0766,76414.2333,77473.9388
Low Income Food Deficit Countries,Manure left on Pasture,Direct emissions (N2O),kilotonnes,527.5971,536.8444,551.9286,567.0391,579.5926,596.6136,611.0332,644.9057,661.1359,672.6815,685.8068,695.6832,715.5483,728.8316,742.0418,758.9058,776.7999,786.2361,803.6904,832.1123,852.2264
Low Income Food Deficit Countries,Manure left on Pasture,Indirect emissions (N2O),kilotonnes,142.8745,145.3724,149.5536,153.5828,157.6664,162.4406,166.1162,175.9794,180.324,183.2719,186.8456,189.3142,195.1335,199.0367,202.5749,207.319,212.358,215.5297,220.627,229.6604,235.0656
Low Income Food Deficit Countries,Manure left on Pasture,Emissions (N2O),kilotonnes,670.4715,682.2169,701.4822,720.6218,737.2589,759.0542,777.1495,820.8851,841.4599,855.9533,872.6525,884.9974,910.6818,927.8682,944.6167,966.2249,989.1579,1001.7658,1024.3174,1061.7728,1087.292
Low Income Food Deficit Countries,Manure left on Pasture,Emissions (CO2eq) from N2O (AR5),kilotonnes,177674.9578,180787.4712,185892.7878,190964.7829,195373.618,201149.3582,205944.608,217534.5627,222986.8763,226827.6284,231252.9098,234524.2998,241330.68,245885.0854,250323.4166,256049.588,262126.8536,265467.9298,271444.1132,281369.7816,288132.3788
Low Income Food Deficit Countries,Manure left on Pasture,Emissions (CO2eq) (AR5),kilotonnes,177674.9578,180787.4712,185892.7878,190964.7829,195373.618,201149.3582,205944.608,217534.5627,222986.8763,226827.6284,231252.9098,234524.2998,241330.68,245885.0854,250323.4166,256049.588,262126.8536,265467.9298,271444.1132,281369.7816,288132.3788
Low Income Food Deficit Countries,Manure applied to Soils,Direct emissions (N2O),kilotonnes,52.3663,52.8867,53.7235,55.0281,56.4538,58.0124,59.4376,61.5054,62.5478,63.7134,64.7414,65.6952,66.4727,66.8828,67.6562,69.0393,70.501,71.2735,72.6662,73.7038,73.9893
Low Income Food Deficit Countries,Manure applied to Soils,Indirect emissions (N2O),kilotonnes,22.2557,22.4769,22.8325,23.3869,23.9929,24.6553,25.261,26.1398,26.5828,27.0782,27.5151,27.9205,28.2509,28.4252,28.7539,29.3417,29.9629,30.2912,30.8831,31.3241,31.4454
Low Income Food Deficit Countries,Manure applied to Soils,Emissions (N2O),kilotonnes,74.6219,75.3636,76.556,78.415,80.4467,82.6676,84.6986,87.6453,89.1305,90.7916,92.2565,93.6157,94.7236,95.3079,96.4101,98.381,100.4639,101.5648,103.5493,105.0279,105.4347
Low Income Food Deficit Countries,Manure applied to Soils,Emissions (CO2eq) from N2O (AR5),kilotonnes,19774.8066,19971.3546,20287.3295,20779.9681,21318.3775,21906.9203,22445.1272,23225.993,23619.5954,24059.7691,24447.972,24808.1635,25101.7482,25256.6032,25548.6696,26070.9636,26622.9305,26914.6641,27440.5705,27832.3916,27940.1936
Low Income Food Deficit Countries,Manure applied to Soils,Emissions (CO2eq) (AR5),kilotonnes,19774.8066,19971.3546,20287.3295,20779.9681,21318.3775,21906.9203,22445.1272,23225.993,23619.5954,24059.7691,24447.972,24808.1635,25101.7482,25256.6032,25548.6696,26070.9636,26622.9305,26914.6641,27440.5705,27832.3916,27940.1936
Low Income Food Deficit Countries,Synthetic Fertilizers,Direct emissions (N2O),kilotonnes,231.2555,232.6087,223.4159,231.1623,243.0071,256.2713,274.8587,286.308,291.6913,314.9772,326.1802,339.2513,331.0249,337.4648,341.2639,353.3452,345.0198,352.0195,364.711,382.4892,414.8571
Low Income Food Deficit Countries,Synthetic Fertilizers,Indirect emissions (N2O),kilotonnes,75.158,75.5978,72.6102,75.1277,78.9773,83.2882,89.3291,93.0501,94.7997,102.3676,106.0086,110.2567,107.5831,109.676,110.9108,114.8372,112.1314,114.4063,118.5311,124.309,134.8286
Low Income Food Deficit Countries,Synthetic Fertilizers,Emissions (N2O),kilotonnes,306.4135,308.2065,296.0261,306.29,321.9845,339.5594,364.1877,379.3581,386.4909,417.3448,432.1888,449.5079,438.608,447.1408,452.1746,468.1823,457.1513,466.4258,483.2421,506.7982,549.6857
Low Income Food Deficit Countries,Synthetic Fertilizers,Emissions (CO2eq) from N2O (AR5),kilotonnes,81199.5759,81674.7253,78446.9088,81166.8569,85325.8797,89983.2435,96509.748,100529.8972,102420.0919,110596.3711,114530.0209,119119.5956,116231.1289,118492.3112,119826.2718,124068.32,121145.0837,123602.8398,128059.1568,134301.5244,145666.7024
Low Income Food Deficit Countries,Synthetic Fertilizers,Emissions (CO2eq) (AR5),kilotonnes,81199.5759,81674.7253,78446.9088,81166.8569,85325.8797,89983.2435,96509.748,100529.8972,102420.0919,110596.3711,114530.0209,119119.5956,116231.1289,118492.3112,119826.2718,124068.32,121145.0837,123602.8398,128059.1568,134301.5244,145666.7024
Low Income Food Deficit Countries,Drained organic soils,Emissions (CO2eq) (AR5),kilotonnes,76625.7897,76546.4307,76547.0212,76432.0448,76301.6667,76372.8495,76419.5383,76420.1502,76465.0809,76559.5766,76640.5148,76672.4746,76874.9423,76826.3886,76697.4262,76695.1908,76497.6847,76360.7649,76253.972,76016.6055,75946.4996
Low Income Food Deficit Countries,Drained organic soils (CO2),Emissions (CO2),kilotonnes,73103.7796,73027.6853,73028.9994,72920.3351,72796.7017,72864.9158,72910.4989,72912.2454,72956.9528,73047.9909,73125.9083,73155.8573,73349.9109,73302.9144,73178.0111,73175.3611,72991.8354,72861.4752,72760.4108,72542.4824,72475.6389
Low Income Food Deficit Countries,Drained organic soils (CO2),Emissions (CO2eq) (AR5),kilotonnes,73103.7796,73027.6853,73028.9994,72920.3351,72796.7017,72864.9158,72910.4989,72912.2454,72956.9528,73047.9909,73125.9083,73155.8573,73349.9109,73302.9144,73178.0111,73175.3611,72991.8354,72861.4752,72760.4108,72542.4824,72475.6389
Low Income Food Deficit Countries,Drained organic soils (N2O),Emissions (N2O),kilotonnes,13.2906,13.2783,13.2756,13.2517,13.2263,13.2375,13.2417,13.2374,13.2382,13.2513,13.2627,13.2703,13.302,13.2961,13.2808,13.2824,13.2296,13.2049,13.1832,13.1099,13.0976
Low Income Food Deficit Countries,Drained organic soils (N2O),Emissions (CO2eq) from N2O (AR5),kilotonnes,3522.0102,3518.7454,3518.0218,3511.7097,3504.965,3507.9337,3509.0394,3507.9048,3508.1281,3511.5857,3514.6065,3516.6173,3525.0314,3523.4742,3519.4151,3519.8297,3505.8493,3499.2897,3493.5612,3474.123,3470.8607
Low Income Food Deficit Countries,Drained organic soils (N2O),Emissions (CO2eq) (AR5),kilotonnes,3522.0102,3518.7454,3518.0218,3511.7097,3504.965,3507.9337,3509.0394,3507.9048,3508.1281,3511.5857,3514.6065,3516.6173,3525.0314,3523.4742,3519.4151,3519.8297,3505.8493,3499.2897,3493.5612,3474.123,3470.8607
Low Income Food Deficit Countries,On-farm energy use,Emissions (CH4),kilotonnes,67.6451,50.9053,53.2534,53.8454,50.4829,58.8243,69.6582,73.3294,84.4544,87.3998,72.5392,56.3174,48.9074,78.0405,65.8949,53.1081,44.6938,38.7082,33.6216,27.511,27.511
Low Income Food Deficit Countries,On-farm energy use,Emissions (N2O),kilotonnes,13.4683,13.1626,13.4343,13.6163,14.0347,13.3048,14.5845,6.4779,6.4402,5.597,5.4273,5.6316,5.4961,16.5281,16.4519,5.1688,5.3578,5.3938,4.7604,3.9222,3.9222
Low Income Food Deficit Countries,On-farm energy use,Emissions (CO2),kilotonnes,60623.3089,55364.1512,57474.0362,61462.1698,61786.1396,60831.7723,65850.2168,44916.5845,46661.9072,45877.0583,40714.3893,36079.5209,33067.727,69465.7385,65558.5441,32972.6772,30972.3256,29044.0774,26243.2591,22308.3249,22308.3249
Low Income Food Deficit Countries,On-farm energy use,Emissions (CO2eq) from CH4 (AR5),kilotonnes,1894.0621,1425.3491,1491.0955,1507.6717,1413.52,1647.0807,1950.4301,2053.2228,2364.7241,2447.1931,2031.0978,1576.8877,1369.4078,2185.1353,1845.0565,1487.0254,1251.4267,1083.8305,941.404,770.309,770.309
Low Income Food Deficit Countries,On-farm energy use,Emissions (CO2eq) from N2O (AR5),kilotonnes,3569.1115,3488.0824,3560.084,3608.3097,3719.1851,3525.7813,3864.905,1716.651,1706.6507,1483.2068,1438.2304,1492.3766,1456.4616,4379.9435,4359.7667,1369.7361,1419.8192,1429.3447,1261.5112,1039.3778,1039.3778
Low Income Food Deficit Countries,On-farm energy use,Emissions (CO2eq) (AR5),kilotonnes,66086.4825,60277.5827,62525.2157,66578.1512,66918.8447,66004.6343,71665.5519,48686.4583,50733.282,49807.4582,44183.7175,39148.7852,35893.5964,76030.8173,71763.3674,35829.4387,33643.5715,31557.2526,28446.1743,24118.0118,24118.0118
Low Income Food Deficit Countries,Forestland,Emissions (CO2),kilotonnes,-330929.5562,-20100.3338,-20100.3338,-20100.3338,-20100.3338,-20100.3338,-20100.3338,-20100.3338,-20100.3338,-20100.3338,-20100.3338,-127253.9975,-127253.9975,-127253.9975,-127253.9975,-127253.9975,29900.0801,29900.0801,29900.0801,29900.0801,29900.0801
Low Income Food Deficit Countries,Forestland,Emissions (CO2eq) (AR5),kilotonnes,-330929.5562,-20100.3338,-20100.3338,-20100.3338,-20100.3338,-20100.3338,-20100.3338,-20100.3338,-20100.3338,-20100.3338,-20100.3338,-127253.9975,-127253.9975,-127253.9975,-127253.9975,-127253.9975,29900.0801,29900.0801,29900.0801,29900.0801,29900.0801
Low Income Food Deficit Countries,Net Forest conversion,Emissions (CO2),kilotonnes,830968.9032,835360.5179,835360.5179,835360.5179,835360.5179,835360.5179,835360.5179,835360.5179,835360.5179,835360.5179,835360.5179,994489.7522,994489.7522,994489.7522,994489.7522,994489.7522,996698.1771,996698.1771,996698.1771,996698.1771,996698.1771
Low Income Food Deficit Countries,Net Forest conversion,Emissions (CO2eq) (AR5),kilotonnes,830968.9032,835360.5179,835360.5179,835360.5179,835360.5179,835360.5179,835360.5179,835360.5179,835360.5179,835360.5179,835360.5179,994489.7522,994489.7522,994489.7522,994489.7522,994489.7522,996698.1771,996698.1771,996698.1771,996698.1771,996698.1771
Low Income Food Deficit Countries,Savanna fires,Emissions (CH4),kilotonnes,2498.3207,2066.245,2306.8345,2572.7098,2457.9616,2757.377,2375.7046,2522.6269,2461.6359,2295.6366,2307.561,2294.7684,2254.3295,2220.965,2090.762,2138.9884,2278.3096,2037.9386,2016.6541,1834.4966,2050.3849
Low Income Food Deficit Countries,Savanna fires,Emissions (N2O),kilotonnes,228.1075,188.6572,210.624,234.8996,224.4226,251.7605,216.9122,230.3268,224.7581,209.6016,210.6904,209.5223,205.8301,202.7838,190.8957,195.2989,208.0196,186.0727,184.1293,167.4975,187.2091
Low Income Food Deficit Countries,Savanna fires,Emissions (CO2eq) from CH4 (AR5),kilotonnes,69952.9808,57854.8613,64591.3666,72035.8752,68822.926,77206.5546,66519.728,70633.5527,68925.8066,64277.8248,64611.7085,64253.5152,63121.225,62187.0191,58541.3356,59891.6763,63792.6676,57062.2797,56466.3139,51365.9058,57410.7775
Low Income Food Deficit Countries,Savanna fires,Emissions (CO2eq) from N2O (AR5),kilotonnes,60448.5007,49994.1464,55815.3657,62248.3922,59471.9849,66716.5336,57481.7214,61036.6026,59560.8872,55544.4247,55832.9437,55523.418,54544.9716,53737.6958,50587.3498,51754.2203,55125.1856,49309.2526,48794.2604,44386.8425,49610.4001
Low Income Food Deficit Countries,Savanna fires,Emissions (CO2eq) (AR5),kilotonnes,130401.4815,107849.0077,120406.7323,134284.2674,128294.9109,143923.0882,124001.4494,131670.1552,128486.6938,119822.2496,120444.6522,119776.9332,117666.1966,115924.7149,109128.6854,111645.8967,118917.8532,106371.5323,105260.5744,95752.7484,107021.1777
Low Income Food Deficit Countries,Fires in organic soils,Emissions (CH4),kilotonnes,2.6568,0,28.525,0,4.3105,5.4514,0,0.5071,0,0.1268,2.9159,0.3803,0,21.679,6.7193,0,2.282,0,0,0.1268,4.5639
Low Income Food Deficit Countries,Fires in organic soils,Emissions (CO2),kilotonnes,217.5283,0,2310.5235,0,349.1483,441.5627,0,41.0756,0,10.269,236.1858,30.8068,0,1755.9997,544.2673,0,184.8448,0,0,10.2692,369.6761
Low Income Food Deficit Countries,Fires in organic soils,Emissions (CO2eq) from CH4 (AR5),kilotonnes,74.3914,0,798.6995,0,120.6933,152.639,0,14.199,0,3.5498,81.6445,10.6493,0,607.0122,188.1418,0,63.897,0,0,3.5498,127.7893
Low Income Food Deficit Countries,Fires in organic soils,Emissions (CO2eq) (AR5),kilotonnes,291.9196,0,3109.223,0,469.8416,594.2017,0,55.2746,0,13.8188,317.8302,41.4561,0,2363.0119,732.4091,0,248.7418,0,0,13.819,497.4654
Low Income Food Deficit Countries,Forest fires,Emissions (CH4),kilotonnes,1984.1867,1302.9226,1412.6275,2062.8635,1863.3421,2126.2258,2000.1797,2015.6971,2043.3854,1968.9942,2234.0056,2010.823,2109.9216,1925.0647,1782.7808,1894.066,2143.8284,1968.4837,1800.4746,1729.2545,1674.7968
Low Income Food Deficit Countries,Forest fires,Emissions (N2O),kilotonnes,58.4976,118.9625,128.979,188.3484,170.1312,194.1337,182.6251,184.0419,186.57,179.7777,203.9744,183.5969,192.645,175.7668,162.7756,172.9365,195.7409,179.7311,164.3912,157.8885,152.9162
Low Income Food Deficit Countries,Forest fires,Emissions (CO2eq) from CH4 (AR5),kilotonnes,55557.2276,36481.8321,39553.57,57760.1787,52173.5801,59534.3233,56005.0314,56439.5193,57214.7924,55131.8364,62552.1571,56303.0452,59077.806,53901.8121,49917.8621,53033.8479,60027.1945,55117.5433,50413.2878,48419.1271,46894.3099
Low Income Food Deficit Countries,Forest fires,Emissions (CO2eq) from N2O (AR5),kilotonnes,15501.8725,31525.0614,34179.4437,49912.3283,45084.7784,51445.4207,48395.6521,48771.1063,49441.0435,47641.0977,54053.2227,48653.1749,51050.9302,46578.1963,43135.5438,45828.1621,51871.3257,47628.7467,43563.6563,41840.4414,40522.8004
Low Income Food Deficit Countries,Forest fires,Emissions (CO2eq) (AR5),kilotonnes,71059.1001,68006.8935,73733.0137,107672.5071,97258.3585,110979.744,104400.6836,105210.6256,106655.8359,102772.9341,116605.3798,104956.2201,110128.7361,100480.0084,93053.4059,98862.01,111898.5202,102746.29,93976.9441,90259.5685,87417.1103
Low Income Food Deficit Countries,Fires in humid tropical forests,Emissions (CH4),kilotonnes,1215.8759,967.3839,1116.5482,1616.1975,1411.0085,1639.0146,1579.2472,1512.0957,1543.3952,1377.2277,1575.0709,1542.4073,1496.8345,1399.6372,1290.8228,1404.6523,1612.7717,1447.5127,1266.4281,1317.0986,1318.6024
Low Income Food Deficit Countries,Fires in humid tropical forests,Emissions (N2O),kilotonnes,35.7611,88.3264,101.9457,147.5659,128.8312,149.6492,144.1921,138.0609,140.9187,125.7469,143.8108,140.8285,136.6675,127.793,117.8577,128.2509,147.2531,132.1642,115.6304,120.2568,120.3941
Low Income Food Deficit Countries,Fires in humid tropical forests,Emissions (CO2eq) from CH4 (AR5),kilotonnes,34044.5254,27086.7496,31263.3495,45253.5301,39508.2375,45892.4102,44218.9219,42338.6809,43215.0657,38562.3746,44101.9857,43187.4035,41911.365,39189.8426,36143.0386,39330.2655,45157.6088,40530.3561,35459.9877,36878.7608,36920.867
Low Income Food Deficit Countries,Fires in humid tropical forests,Emissions (CO2eq) from N2O (AR5),kilotonnes,9476.6801,23406.4847,27015.6118,39104.9526,34140.2704,39657.0284,38210.9162,36586.1427,37343.4535,33322.9215,38109.8681,37319.5497,36216.8861,33865.1358,31232.2996,33986.4794,39022.0641,35023.5142,30642.0546,31868.0596,31904.4448
Low Income Food Deficit Countries,Fires in humid tropical forests,Emissions (CO2eq) (AR5),kilotonnes,43521.2055,50493.2343,58278.9612,84358.4827,73648.5079,85549.4385,82429.8381,78924.8236,80558.5192,71885.2961,82211.8537,80506.9532,78128.2511,73054.9784,67375.3382,73316.745,84179.673,75553.8702,66102.0423,68746.8204,68825.3118
Low Income Food Deficit Countries,Waste - agri-food systems,Emissions (CH4),kilotonnes,8165.9511,8248.3587,8339.5038,8433.0902,8499.5452,8605.4109,8697.6531,8810.886,8905.4426,8965.859,9068.4103,9179.2883,9266.0892,9357.846,9419.6677,9459.6885,9533.3505,9613.9827,9693.0885,9752.1481,9817.4349
Low Income Food Deficit Countries,Waste - agri-food systems,Emissions (N2O),kilotonnes,31.912,32.5503,32.8882,33.8212,34.6522,35.4649,36.9099,38.6211,39.6048,40.4204,42.0958,43.3038,43.8964,45.2879,46.8032,48.0045,49.3537,51.0681,51.9174,52.6455,53.4182
Low Income Food Deficit Countries,Waste - agri-food systems,Emissions (CO2),kilotonnes,1637.2328,1637.7461,1674.2774,1677.1066,1688.3982,1699.9847,1707.3122,1722.2761,1728.04,1734.5208,1747.0382,1752.942,1755.6602,1758.7553,1763.3588,1764.1572,1766.345,1773.4121,1777.0337,1756.7865,1755.2803
Low Income Food Deficit Countries,Waste - agri-food systems,Emissions (CO2eq) from CH4 (AR5),kilotonnes,228646.6318,230954.044,233506.107,236126.525,237987.2643,240951.5064,243534.2864,246704.8072,249352.3927,251044.0528,253915.4875,257020.072,259450.498,262019.6887,263750.6957,264871.2772,266933.8135,269191.5166,271406.4779,273060.1465,274888.1784
Low Income Food Deficit Countries,Waste - agri-food systems,Emissions (CO2eq) from N2O (AR5),kilotonnes,8456.6855,8625.8407,8715.3782,8962.625,9182.8246,9398.1996,9781.1247,10234.5976,10495.2754,10711.4041,11155.3831,11475.4957,11632.5332,12001.2932,12402.8445,12721.198,13078.7343,13533.0361,13758.1242,13951.0663,14155.8258
Low Income Food Deficit Countries,Waste - agri-food systems,Emissions (CO2eq) (AR5),kilotonnes,238740.5501,241217.6309,243895.7625,246766.2566,248858.4871,252049.6907,255022.7233,258661.6809,261575.708,263489.9777,266817.9088,270248.5097,272838.6914,275779.7372,277916.899,279356.6324,281778.8929,284497.9648,286941.6358,288767.9994,290799.2844
Low Income Food Deficit Countries,Fertilizers Manufacturing,Emissions (N2O),kilotonnes,10.37,10.249,10.1043,9.9841,9.5527,9.5134,9.6512,9.0955,9.0738,9.2206,8.5938,8.6938,8.4614,7.2005,8.2738,7.3528,7.0902,6.5564,6.858,6.8295,6.4049
Low Income Food Deficit Countries,Fertilizers Manufacturing,Emissions (CO2),kilotonnes,25071.4725,25674.0858,27410.8787,27944.916,28361.7429,27536.0523,29573.1006,27336.1608,26472.5128,29375.9842,28061.3574,27215.5741,26996.2141,32169.093,32996.1512,33037.521,33957.1318,31232.9577,30528.1334,30348.0194,28309.8508
Low Income Food Deficit Countries,Fertilizers Manufacturing,Emissions (CO2eq) from N2O (AR5),kilotonnes,2748.04,2715.9765,2677.6397,2645.7955,2531.4524,2521.0466,2557.568,2410.3075,2404.557,2443.459,2277.3446,2303.8658,2242.271,1908.1431,2192.5641,1948.4828,1878.9151,1737.4367,1817.3683,1809.8073,1697.2978
Low Income Food Deficit Countries,Fertilizers Manufacturing,Emissions (CO2eq) (AR5),kilotonnes,27819.5126,28390.0623,30088.5185,30590.7115,30893.1953,30057.0989,32130.6686,29746.4683,28877.0698,31819.4432,30338.7021,29519.4399,29238.4851,34077.2361,35188.7153,34986.0038,35836.047,32970.3944,32345.5017,32157.8267,30007.1486
Low Income Food Deficit Countries,On-farm electricity use,Emissions (CH4),kilotonnes,130.8028,126.8302,130.3699,135.2432,135.5579,138.4271,149.5312,152.5127,164.7988,172.8741,185.8133,189.084,197.6956,214.9291,225.1986,230.766,257.032,268.3374,284.3185,296.1425,296.1425
Low Income Food Deficit Countries,On-farm electricity use,Emissions (N2O),kilotonnes,0.6985,0.6772,0.6961,0.722,0.7237,0.739,0.7984,0.814,0.8796,0.923,0.9919,1.0094,1.0553,1.1477,1.2027,1.2322,1.3726,1.433,1.5183,1.5814,1.5814
Low Income Food Deficit Countries,On-farm electricity use,Emissions (CO2),kilotonnes,87422.0372,85087.1531,86004.1035,87002.9408,91178.3433,92062.3383,98660.0988,108011.2417,117620.4884,125888.9489,133289.2597,129715.8058,140964.6518,154778.6589,162650.6347,166510.2775,187610.2773,196116.9832,204646.5733,213045.761,213045.761
Low Income Food Deficit Countries,On-farm electricity use,Emissions (CO2eq) from CH4 (AR5),kilotonnes,3662.4784,3551.2456,3650.3572,3786.8096,3795.6212,3875.9588,4186.8736,4270.3556,4614.3664,4840.4748,5202.7724,5294.352,5535.4768,6018.0148,6305.5608,6461.448,7196.896,7513.4472,7960.918,8291.99,8291.99
Low Income Food Deficit Countries,On-farm electricity use,Emissions (CO2eq) from N2O (AR5),kilotonnes,185.1025,179.458,184.4665,191.33,191.7805,195.835,211.576,215.71,233.094,244.595,262.8535,267.491,279.6545,304.1405,318.7155,326.533,363.739,379.745,402.3495,419.071,419.071
Low Income Food Deficit Countries,On-farm electricity use,Emissions (CO2eq) (AR5),kilotonnes,91269.6181,88817.8567,89838.9272,90981.0804,95165.745,96134.1321,103058.5484,112497.3073,122467.9488,130974.0187,138754.8856,135277.6488,146779.7831,161100.8142,169274.911,173298.2585,195170.9123,204010.1754,213009.8408,221756.822,221756.822
Low Income Food Deficit Countries,Food Processing,Emissions (CH4),kilotonnes,234.8967,225.0825,207.7611,185.7431,144.1597,162.4768,180.0046,132.3574,138.6177,151.7225,167.6515,161.1758,142.708,141.3752,125.7667,106.6275,109.495,92.3762,95.2572,100.4746,98.0121
Low Income Food Deficit Countries,Food Processing,Emissions (N2O),kilotonnes,0.4671,0.5454,0.5223,0.3023,0.0878,0.0991,0.1271,0.1638,0.1816,0.1846,0.1721,0.1963,0.1791,0.2431,0.2556,0.2693,0.2655,0.2595,0.2612,0.2602,0.2645
Low Income Food Deficit Countries,Food Processing,Emissions (CO2),kilotonnes,4294.405,6640.607,6257.0268,4254.5559,3057.677,3439.3347,4098.9094,5819.409,6448.9415,7280.8825,6252.3103,7068.3504,7186.38,23239.5034,24823.4091,25646.2698,26341.6458,26255.0376,26711.7054,27537.8078,25821.099
Low Income Food Deficit Countries,Food Processing,Emissions (CO2eq) from CH4 (AR5),kilotonnes,6577.1076,6302.31,5817.3108,5200.8068,4036.4716,4549.3504,5040.1288,3706.0072,3881.2956,4248.23,4694.242,4512.9224,3995.824,3958.5056,3521.4676,2985.57,3065.86,2586.5336,2667.2016,2813.2888,2744.3377
Low Income Food Deficit Countries,Food Processing,Emissions (CO2eq) from N2O (AR5),kilotonnes,123.7815,144.531,138.4095,80.1095,23.267,26.2615,33.6815,43.407,48.124,48.919,45.6065,52.0195,47.4615,64.4215,67.734,71.3645,70.3575,68.7675,69.218,68.953,70.0906
Low Income Food Deficit Countries,Food Processing,Emissions (CO2eq) (AR5),kilotonnes,10995.2941,13087.448,12212.7471,9535.4722,7117.4156,8014.9466,9172.7197,9568.8232,10378.3611,11578.0315,10992.1588,11633.2923,11229.6655,27262.4305,28412.6107,28703.2043,29477.8633,28910.3387,29448.125,30420.0496,28635.5273
Low Income Food Deficit Countries,Food Packaging,Emissions (CH4),kilotonnes,18.1932,16.8652,16.6809,18.9937,19.5478,22.4648,23.1702,21.7667,22.5373,20.6045,22.8864,22.3064,22.971,27.2248,28.9033,29.7377,32.7542,28.2016,29.3584,31.0985,31.0275
Low Income Food Deficit Countries,Food Packaging,Emissions (N2O),kilotonnes,0.0476,0.0464,0.0484,0.052,0.0561,0.0527,0.0551,0.0591,0.0591,0.0592,0.0588,0.0562,0.0611,0.0718,0.0855,0.0805,0.0841,0.0809,0.0857,0.0805,0.0817
Low Income Food Deficit Countries,Food Packaging,Emissions (CO2),kilotonnes,2879.2363,2855.1461,2860.8251,2868.8612,3044.025,2623.3544,2932.4292,3808.3393,3585.9879,3401.6126,3057.2581,3832.6494,4169.0013,5698.2383,7363.234,6893.1129,7040.5761,6029.2959,7108.6499,6231.5579,5863.9457
Low Income Food Deficit Countries,Food Packaging,Emissions (CO2eq) from CH4 (AR5),kilotonnes,509.4096,472.2256,467.0652,531.8236,547.3384,629.0144,648.7656,609.4676,631.0444,576.926,640.8192,624.5792,643.188,762.2944,809.2924,832.6556,917.1176,789.6448,822.0352,870.7573,868.7701
Low Income Food Deficit Countries,Food Packaging,Emissions (CO2eq) from N2O (AR5),kilotonnes,12.614,12.296,12.826,13.78,14.8665,13.9655,14.6015,15.6615,15.6615,15.688,15.582,14.893,16.1915,19.027,22.6575,21.3325,22.2865,21.4385,22.7105,21.3325,21.6418
Low Income Food Deficit Countries,Food Packaging,Emissions (CO2eq) (AR5),kilotonnes,3401.2599,3339.6677,3340.7163,3414.4648,3606.2299,3266.3343,3595.7963,4433.4684,4232.6938,3994.2266,3713.6593,4472.1216,4828.3808,6479.5597,8195.1839,7747.101,7979.9802,6840.3792,7953.3956,7123.6477,6754.3576
Low Income Food Deficit Countries,Food Retail,Emissions (CH4),kilotonnes,6.0512,6.2028,6.095,6.5398,6.8527,2.8797,3.2807,4.7936,5.1091,13.9782,15.6008,15.8858,16.1064,18.8419,18.4116,19.9953,22.6691,22.7039,23.2215,21.3066,21.2416
Low Income Food Deficit Countries,Food Retail,Emissions (N2O),kilotonnes,0.0356,0.0375,0.0381,0.0402,0.0439,0.0234,0.0271,0.0369,0.0377,0.0851,0.0925,0.093,0.0937,0.155,0.1525,0.1654,0.1841,0.1859,0.1336,0.1544,0.1578
Low Income Food Deficit Countries,Food Retail,Emissions (CO2),kilotonnes,4803.6517,5059.073,5141.0106,5401.4001,5928.7371,2844.6661,3142.6521,4010.0975,4099.6698,10896.9383,11652.1467,11410.5558,11502.3803,17128.3469,15630.7112,17209.4142,19140.4586,19046.1585,15702.0291,16968.5403,15851.2475
Low Income Food Deficit Countries,Food Retail,Emissions (CO2eq) from F-gases (AR5),kilotonnes,2306.0605,2682.1785,3017.7755,3381.4255,3751.3095,4175.741,4532.6375,4889.0145,4953.952,4988.239,5006.941,5018.8895,5026.682,5034.994,5034.994,5034.994,5383.5785,5475.53,5566.962,5658.9135,5914.0559
Low Income Food Deficit Countries,Food Retail,Emissions (CO2eq) from CH4 (AR5),kilotonnes,169.4331,173.6792,170.6605,183.1141,191.8747,80.6306,91.8591,134.2207,143.0558,391.3906,436.8225,444.8034,450.9793,527.5739,515.5254,559.8687,634.7354,635.7105,650.202,596.5848,594.7637
Low Income Food Deficit Countries,Food Retail,Emissions (CO2eq) from N2O (AR5),kilotonnes,9.422,9.9481,10.103,10.651,11.6291,6.2076,7.1747,9.7775,9.9895,22.5507,24.5117,24.6445,24.8306,41.0751,40.4123,43.831,48.7865,49.2635,35.404,40.916,41.804
Low Income Food Deficit Countries,Food Retail,Emissions (CO2eq) (AR5),kilotonnes,7288.5674,7924.8788,8339.5496,8976.5906,9883.5503,7107.2453,7774.3234,9043.1101,9206.6672,16299.1187,17120.4219,16898.8933,17004.8722,22731.9899,21221.643,22848.1079,25207.5591,25206.6625,21954.5971,23264.9546,22401.8711
Low Income Food Deficit Countries,Food Household Consumption,Emissions (CH4),kilotonnes,64.6071,66.6676,73.6932,76.2618,80.8998,84.77,91.9845,98.6932,105.3875,105.1503,132.0109,136.0169,141.4607,181.0106,192.4611,204.073,222.2841,235.6732,244.524,244.0236,244.1111
Low Income Food Deficit Countries,Food Household Consumption,Emissions (N2O),kilotonnes,0.5096,0.5138,0.5442,0.5583,0.5876,0.6068,0.6451,0.6829,0.7146,0.7134,0.8542,0.8681,0.887,1.0859,1.1414,1.1971,1.2803,1.3452,1.3914,1.3884,1.4196
Low Income Food Deficit Countries,Food Household Consumption,Emissions (CO2),kilotonnes,73816.1737,75328.827,79269.8322,81384.1285,87222.8522,89511.6517,94149.9522,101885.0812,106794.0234,105591.1675,125329.2618,124393.2694,128860.7277,150897.7618,157531.9213,163852.0753,175112.3225,190194.1614,196685.5616,196360.4584,183595.0406
Low Income Food Deficit Countries,Food Household Consumption,Emissions (CO2eq) from CH4 (AR5),kilotonnes,1808.9988,1866.6928,2063.4096,2135.3304,2265.1944,2373.56,2575.566,2763.4096,2950.85,2944.2084,3696.3052,3808.4732,3960.8996,5068.2968,5388.9108,5714.044,6223.9548,6598.8496,6846.672,6832.6608,6835.112
Low Income Food Deficit Countries,Food Household Consumption,Emissions (CO2eq) from N2O (AR5),kilotonnes,135.044,136.157,144.213,147.9495,155.714,160.802,170.9515,180.9685,189.369,189.051,226.363,230.0465,235.055,287.7635,302.471,317.2315,339.2795,356.478,368.721,367.926,376.2054
Low Income Food Deficit Countries,Food Household Consumption,Emissions (CO2eq) (AR5),kilotonnes,75760.2165,77331.6768,81477.4548,83667.4084,89643.7606,92046.0137,96896.4697,104829.4593,109934.2424,108724.4269,129251.93,128431.7891,133056.6823,156253.8221,163223.3031,169883.3508,181675.5568,197149.489,203900.9546,203561.0452,190806.358
Low Income Food Deficit Countries,Food Transport,Emissions (CH4),kilotonnes,4.4538,4.5519,4.8234,4.9022,5.0748,5.1614,5.4419,5.8655,6.4242,7.3492,7.9945,8.6579,9.0595,9.5056,10.1512,11.1443,11.9448,12.9117,13.2282,11.6195,11.6303
Low Income Food Deficit Countries,Food Transport,Emissions (N2O),kilotonnes,0.6472,0.6924,0.7325,0.7407,0.7793,0.8422,0.8533,0.9473,1.0208,1.1017,1.1639,1.2488,1.3434,1.3829,1.4428,1.5138,1.5444,1.5867,1.6357,1.5723,1.6036
Low Income Food Deficit Countries,Food Transport,Emissions (CO2),kilotonnes,17143.9142,17371.9401,18196.3094,18708.2952,20380.491,21573.7296,22336.3451,25546.3356,28295.7486,31360.4659,33418.1506,35876.3021,38477.6154,39264.3696,40792.3229,43238.8777,45288.9082,47852.7111,49069.5295,46023.5796,43159.098
Low Income Food Deficit Countries,Food Transport,Emissions (CO2eq) from CH4 (AR5),kilotonnes,124.7064,127.4532,135.0552,137.2616,142.0944,144.5192,152.3732,164.234,179.8776,205.7776,223.846,242.4212,253.666,266.1568,284.2336,312.0404,334.4544,361.5276,370.3896,325.346,325.6494
Low Income Food Deficit Countries,Food Transport,Emissions (CO2eq) from N2O (AR5),kilotonnes,171.508,183.486,194.1125,196.2855,206.5145,223.183,226.1245,251.0345,270.512,291.9505,308.4335,330.932,356.001,366.4685,382.342,401.157,409.266,420.4755,433.4605,416.6595,424.9633
Low Income Food Deficit Countries,Food Transport,Emissions (CO2eq) (AR5),kilotonnes,17440.1286,17682.8793,18525.4771,19041.8423,20729.0999,21941.4318,22714.8428,25961.6041,28746.1382,31858.194,33950.4301,36449.6553,39087.2824,39896.9949,41458.8985,43952.0751,46032.6286,48634.7142,49873.3796,46765.5851,43909.7107
Low Income Food Deficit Countries,Energy,Emissions (CH4),kilotonnes,11083.713,11140.85,11131.044,11374.922,11716.51,12387.645,12713.12,12756.812,13167.306,13582.1,13960.73,14225.874,14316.19,13266.248,13471.58,13292.401,13265.266,13418.609,13309.684,13919.075,14019.72
Low Income Food Deficit Countries,Energy,Emissions (N2O),kilotonnes,89.2009,90.5175,92.647,94.1945,99.11,101.0943,103.6729,107.5414,111.2127,115.8055,119.4732,125.4484,130.2159,131.5028,135.9117,135.0903,138.561,141.2427,144.9214,150.2314,153.7879
Low Income Food Deficit Countries,Energy,Emissions (CO2),kilotonnes,1406791.7,1425877.3,1438313.7,1514370,1594319.3,1659420,1751813.3,1849883.3,1999859.3,2136374.7,2165820,2276502,2433343,2456489,2697738,2805548,2866033,2951134,3142686,3215685,3006456
Low Income Food Deficit Countries,Energy,Emissions (CO2eq) from CH4 (AR5),kilotonnes,310343.964,311943.8,311669.232,318497.816,328062.28,346854.06,355967.36,357190.736,368684.568,380298.8,390900.44,398324.472,400853.32,371454.944,377204.24,372187.228,371427.448,375721.052,372671.152,389734.1,392552.16
Low Income Food Deficit Countries,Energy,Emissions (CO2eq) from N2O (AR5),kilotonnes,23638.2279,23987.1269,24551.447,24961.5504,26264.1447,26789.9921,27473.3079,28498.471,29471.3628,30688.4522,31660.406,33243.8154,34507.2267,34848.234,36016.5925,35798.9269,36718.6756,37429.3208,38404.171,39811.3289,40753.7935
Low Income Food Deficit Countries,Energy,Emissions (CO2eq) (AR5),kilotonnes,1740773.892,1761808.227,1774534.379,1857829.367,1948645.725,2033064.052,2135253.968,2235572.507,2398015.231,2547361.952,2588380.846,2708070.287,2868703.547,2862792.178,3110958.833,3213534.155,3274179.124,3364284.373,3553761.323,3645230.429,3439761.954
Low Income Food Deficit Countries,IPPU,Emissions (CH4),kilotonnes,4.301,4.0788,4.3681,4.7208,4.7488,5.069,5.131,5.2776,6.0732,6.5297,7.2843,8.1219,8.2803,8.8372,10.2242,10.0235,11.1787,12.0879,12.6393,12.7705,13.4165
Low Income Food Deficit Countries,IPPU,Emissions (N2O),kilotonnes,14.5203,14.5433,14.8092,14.6191,14.7892,14.9479,15.1286,14.9132,15.1758,15.8835,11.4021,11.5042,11.417,11.3712,11.5061,11.5923,11.7092,11.8661,12.1042,11.4486,11.5905
Low Income Food Deficit Countries,IPPU,Emissions (CO2),kilotonnes,106945.926,110328.522,115340.867,121648.929,130572.65,140236.931,147109.161,154893.701,162364.565,176049.25,189995.057,204946.57,219105.905,230272.85,240634.41,247527.65,263878.26,273575.29,302939.47,314564.43,296504.31
Low Income Food Deficit Countries,IPPU,Emissions (CO2eq) from F-gases (AR5),kilotonnes,16151.4702,16243.6912,16022.4626,19937.1817,24471.9483,18613.7035,18985.9224,26758.4344,25180.1116,27187.5787,29298.4784,33366.3655,36113.679,35984.7651,38080.1187,40068.0263,42087.9037,43216.4014,44980.5227,46768.1517,48574.5444
Low Income Food Deficit Countries,IPPU,Emissions (CO2eq) from CH4 (AR5),kilotonnes,120.4269,114.2054,122.3059,132.1816,132.9657,141.933,143.6681,147.7718,170.0503,182.8305,203.9604,227.4138,231.8495,247.4406,286.2771,280.6579,313.004,338.4621,353.8991,357.5752,375.6607
Low Income Food Deficit Countries,IPPU,Emissions (CO2eq) from N2O (AR5),kilotonnes,3847.8889,3853.9628,3924.431,3874.0731,3919.1378,3961.1993,4009.0802,3952.0067,4021.5993,4209.1236,3021.569,3048.6049,3025.5139,3013.3652,3049.1114,3071.9609,3102.9279,3144.5277,3207.6198,3033.8695,3071.4872
Low Income Food Deficit Countries,IPPU,Emissions (CO2eq) (AR5),kilotonnes,127065.7121,130540.3814,135410.0665,145592.3654,159096.7018,162953.7667,170247.8317,185751.9139,191736.3262,207628.7829,222519.0648,241588.9542,258476.9474,269518.4209,282049.9171,290948.2951,309382.0957,320274.6812,351481.5116,364724.0265,348526.0022
Low Income Food Deficit Countries,Waste,Emissions (CH4),kilotonnes,9926.201,10173.195,10429.452,10695.273,10997.834,11279.407,11549.57,11838.08,12094.98,12356.26,12658.23,12954.38,13248.47,13560.28,13884.78,14208.16,14505.05,14802.69,15097.41,15356.37,15649.75
Low Income Food Deficit Countries,Waste,Emissions (N2O),kilotonnes,64.3669,65.5245,66.6829,67.9872,69.1495,70.5695,72.2381,74.6123,77.3452,79.7288,82.2151,84.6831,86.8877,90.2619,92.3844,94.9995,97.8733,100.6134,102.8767,104.9864,107.5311
Low Income Food Deficit Countries,Waste,Emissions (CO2),kilotonnes,26.2246,26.9451,27.6652,28.2802,28.8942,29.5352,30.1952,30.8959,31.7159,32.4689,33.5059,32.4105,31.2845,63.3845,68.5105,73.6801,76.3092,78.9301,81.6321,83.5775,87.9217
Low Income Food Deficit Countries,Waste,Emissions (CO2eq) from CH4 (AR5),kilotonnes,277933.628,284849.46,292024.656,299467.644,307939.352,315823.396,323387.96,331466.24,338659.44,345975.28,354430.44,362722.64,370957.16,379687.84,388773.84,397828.48,406141.4,414475.32,422727.48,429978.36,438193
Low Income Food Deficit Countries,Waste,Emissions (CO2eq) from N2O (AR5),kilotonnes,17057.2179,17363.9819,17670.9579,18016.5974,18324.6202,18700.9175,19143.1044,19772.2595,20496.4886,21128.1373,21786.9988,22441.0321,23025.2379,23919.4088,24481.8739,25174.8622,25936.4218,26662.5616,27262.3149,27821.3907,28495.7362
Low Income Food Deficit Countries,Waste,Emissions (CO2eq) (AR5),kilotonnes,295017.0705,302240.387,309723.2791,317512.5216,326292.8664,334553.8487,342561.2597,351269.3954,359187.6445,367135.8862,376250.9447,385196.0826,394013.6824,403670.6333,413324.2245,423077.0223,432154.131,441216.8117,450071.427,457883.3282,466776.6579
Low Income Food Deficit Countries,Other,Emissions (CH4),kilotonnes,52.32,56.4,57.2,58.1,59,59.9,60.8,61.6,62.5,63.4,64.3,65.2,66,66.9,67.8,68.7,69.6,70.5,71.3,72.2,73.1
Low Income Food Deficit Countries,Other,Emissions (N2O),kilotonnes,56.8351,57.7286,59.3702,60.1891,63.6266,65.5649,66.9362,71.5367,75.3248,78.2174,81.485,85.5951,88.9333,90.1078,93.8799,96.1142,97.7812,101.0496,104.0616,107.954,110.9562
Low Income Food Deficit Countries,Other,Emissions (CO2),kilotonnes,14200,14200,14200,14200,14200,14200,14200,14200,14200,14200,14200,14200,14200,14200,14200,14200,14200,14200,14200,14200,14200
Low Income Food Deficit Countries,Other,Emissions (CO2eq) from CH4 (AR5),kilotonnes,1464.96,1579.2,1601.6,1626.8,1652,1677.2,1702.4,1724.8,1750,1775.2,1800.4,1825.6,1848,1873.2,1898.4,1923.6,1948.8,1974,1996.4,2021.6,2046.8
Low Income Food Deficit Countries,Other,Emissions (CO2eq) from N2O (AR5),kilotonnes,15061.2989,15298.071,15733.095,15950.1221,16861.0384,17374.7091,17738.0983,18957.2149,19961.0641,20727.6083,21593.5329,22682.6882,23567.3112,23878.5617,24878.1815,25470.263,25912.0153,26778.144,27576.324,28607.81,29403.393
Low Income Food Deficit Countries,Other,Emissions (CO2eq) (AR5),kilotonnes,30726.2589,31077.271,31534.695,31776.9221,32713.0384,33251.9091,33640.4983,34882.0149,35911.0641,36702.8083,37593.933,38708.2882,39615.3112,39951.7617,40976.5814,41593.863,42060.8153,42952.144,43772.724,44829.41,45650.193
Low Income Food Deficit Countries,Farm-gate emissions,Emissions (CH4),kilotonnes,36629.3749,36431.4787,36847.0104,37780.5356,38113.8905,39368.1659,39645.7749,40987.945,41823.3943,41657.6587,42392.5069,42785.4985,43197.4557,43717.7239,43996.2521,44510.8324,45188.3565,45394.8091,46085.327,46570.2532,47553.4459
Low Income Food Deficit Countries,Farm-gate emissions,Direct emissions (N2O),kilotonnes,898.8,912.3621,914.5725,945.4287,969.2032,1006.2342,1041.755,1092.8738,1118.0154,1152.5325,1184.3816,1211.6183,1226.5426,1248.368,1267.094,1294.4495,1309.1858,1329.3183,1363.1493,1411.564,1467.016
Low Income Food Deficit Countries,Farm-gate emissions,Indirect emissions (N2O),kilotonnes,259.9939,263.7021,264.2348,272.8423,280.9202,291.8348,302.402,317.7041,324.8005,335.4787,344.5913,352.4637,356.5043,363.0554,368.3692,376.9587,380.7471,387.1798,397.5096,413.0267,429.6768
Low Income Food Deficit Countries,Farm-gate emissions,Emissions (N2O),kilotonnes,1455.6611,1433.124,1458.8242,1523.9092,1546.9687,1623.4619,1637.337,1710.6398,1738.4734,1768.3891,1811.5004,1846.5509,1862.5502,1899.5914,1912.5593,1943.0117,1976.3771,1981.7711,2025.2264,2072.8146,2165.3231
Low Income Food Deficit Countries,Farm-gate emissions,Emissions (CO2),kilotonnes,133727.0885,128391.8365,130503.0356,134382.5049,134582.8413,133696.6881,138760.7157,117828.8299,119618.8599,118925.0492,113840.2976,109235.3782,106417.6379,142768.6529,138736.5552,106148.0383,103964.1609,101905.5526,99003.6699,94850.8074,94783.9638
Low Income Food Deficit Countries,Farm-gate emissions,Emissions (CO2eq) from CH4 (AR5),kilotonnes,1025622.498,1020081.405,1031716.291,1057854.997,1067188.935,1102308.645,1110081.697,1147662.459,1171055.042,1166414.445,1186990.194,1197993.959,1209528.759,1224096.271,1231895.059,1246303.306,1265273.981,1271054.654,1290389.155,1303967.089,1331496.484
Low Income Food Deficit Countries,Farm-gate emissions,Emissions (CO2eq) from N2O (AR5),kilotonnes,385750.1985,379777.8629,386588.4178,403835.9441,409946.7001,430217.4096,433894.3037,453319.5512,460695.463,468623.1173,480047.5932,489335.9905,493575.8014,503391.7301,506828.2107,514898.1052,523739.9323,525169.3434,536684.9993,549295.8565,573810.6254
Low Income Food Deficit Countries,Farm-gate emissions,Emissions (CO2eq) (AR5),kilotonnes,1545099.785,1528251.104,1548807.744,1596073.446,1611718.476,1666222.743,1682736.716,1718810.84,1751369.364,1753962.611,1780878.085,1796565.327,1809522.198,1870256.654,1877459.825,1867349.45,1892978.074,1898129.55,1926077.824,1948113.752,2000091.073
Low Income Food Deficit Countries,Land Use change,Emissions (CH4),kilotonnes,1218.5327,967.3839,1145.0732,1616.1975,1415.319,1644.466,1579.2472,1512.6029,1543.3952,1377.3544,1577.9868,1542.7876,1496.8345,1421.3162,1297.5422,1404.6523,1615.0538,1447.5127,1266.4281,1317.2254,1323.1663
Low Income Food Deficit Countries,Land Use change,Emissions (N2O),kilotonnes,35.7611,88.3264,101.9457,147.5659,128.8312,149.6492,144.1921,138.0609,140.9187,125.7469,143.8108,140.8285,136.6675,127.793,117.8577,128.2509,147.2531,132.1642,115.6304,120.2568,120.3941
Low Income Food Deficit Countries,Land Use change,Emissions (CO2),kilotonnes,831186.4314,835360.5179,837671.0414,835360.5179,835709.6663,835802.0806,835360.5179,835401.5935,835360.5179,835370.787,835596.7037,994520.559,994489.7522,996245.7519,995034.0195,994489.7522,996883.022,996698.1771,996698.1771,996708.4463,997067.8532
Low Income Food Deficit Countries,Land Use change,Emissions (CO2eq) from CH4 (AR5),kilotonnes,34118.9168,27086.7496,32062.049,45253.5301,39628.9307,46045.0491,44218.9219,42352.8798,43215.0657,38565.9244,44183.6301,43198.0527,41911.365,39796.8549,36331.1804,39330.2655,45221.5058,40530.3561,35459.9877,36882.3106,37048.6563
Low Income Food Deficit Countries,Land Use change,Emissions (CO2eq) from N2O (AR5),kilotonnes,9476.6801,23406.4847,27015.6118,39104.9526,34140.2704,39657.0284,38210.9162,36586.1427,37343.4535,33322.9215,38109.8681,37319.5497,36216.8861,33865.1358,31232.2996,33986.4794,39022.0641,35023.5142,30642.0546,31868.0596,31904.4448
Low Income Food Deficit Countries,Land Use change,Emissions (CO2eq) (AR5),kilotonnes,874782.0283,885853.7522,896748.7021,919719.0006,909478.8674,921504.1581,917790.356,914340.616,915919.0371,907259.6328,917890.2019,1075038.162,1072618.003,1069907.743,1062597.5,1067806.497,1081126.592,1072252.047,1062800.219,1065458.817,1066020.954
Low Income Food Deficit Countries,Emissions on agricultural land,Emissions (CH4),kilotonnes,37847.9077,37398.8627,37992.0836,39396.7331,39529.2095,41012.6319,41225.0221,42500.5478,43366.7895,43035.0132,43970.4937,44328.2861,44694.2901,45139.0402,45293.7943,45915.4847,46803.4103,46842.3218,47351.7551,47887.4785,48876.6122
Low Income Food Deficit Countries,Emissions on agricultural land,Emissions (N2O),kilotonnes,1491.4222,1521.4504,1560.7699,1671.4751,1675.7999,1773.1111,1781.5291,1848.7007,1879.3921,1894.136,1955.3112,1987.3794,1999.2177,2027.3844,2030.417,2071.2626,2123.6302,2113.9353,2140.8568,2193.0714,2285.7172
Low Income Food Deficit Countries,Emissions on agricultural land,Emissions (CO2),kilotonnes,964913.5199,963752.3545,968174.077,969743.0228,970292.5075,969498.7687,974121.2336,953230.4234,954979.3779,954295.8361,949437.0013,1103755.937,1100907.39,1139014.405,1133770.575,1100637.791,1100847.183,1098603.73,1095701.847,1091559.254,1091851.817
Low Income Food Deficit Countries,Emissions on agricultural land,Emissions (CO2eq) from CH4 (AR5),kilotonnes,1059741.415,1047168.154,1063778.34,1103108.527,1106817.866,1148353.694,1154300.619,1190015.339,1214270.107,1204980.369,1231173.824,1241192.012,1251440.124,1263893.125,1268226.24,1285633.572,1310495.487,1311585.01,1325849.142,1340849.399,1368545.141
Low Income Food Deficit Countries,Emissions on agricultural land,Emissions (CO2eq) from N2O (AR5),kilotonnes,395226.8786,403184.3476,413604.0296,442940.8967,444086.9706,469874.438,472105.2199,489905.6939,498038.9165,501946.0388,518157.4612,526655.5402,529792.6875,537256.8659,538060.5103,548884.5846,562761.9964,560192.8576,567327.0538,581163.9161,605715.0702
Low Income Food Deficit Countries,Emissions on agricultural land,Emissions (CO2eq) (AR5),kilotonnes,2419881.813,2414104.856,2445556.447,2515792.447,2521197.344,2587726.901,2600527.072,2633151.456,2667288.402,2661222.244,2698768.287,2871603.489,2882140.202,2940164.396,2940057.325,2935155.947,2974104.666,2970381.597,2988878.043,3013572.569,3066112.028
Low Income Food Deficit Countries,Pre- and post- production,Emissions (CH4),kilotonnes,8624.9559,8694.5589,8778.9273,8860.774,8891.6378,9021.5907,9151.0662,9226.8751,9348.3172,9437.5379,9600.3677,9712.4151,9796.0904,9950.7333,10020.5602,10062.0323,10189.5297,10274.1868,10382.9963,10456.8134,10519.6
Low Income Food Deficit Countries,Pre- and post- production,Emissions (N2O),kilotonnes,44.6875,45.3121,45.5741,46.2209,46.4832,47.3415,49.0672,50.4206,51.572,52.708,54.0229,55.4694,55.9774,56.5748,59.3575,59.8156,61.175,62.5156,63.8013,64.5122,64.9317
Low Income Food Deficit Countries,Pre- and post- production,Emissions (CO2),kilotonnes,217068.1235,219654.5782,226814.2638,229242.2043,240862.2667,241291.1117,256600.7996,278138.9412,295045.4124,315530.5207,342806.7828,341265.449,359912.6308,424934.7272,443551.7433,458151.7056,496257.6654,518500.7175,532229.2159,538272.5109,517401.3229
Low Income Food Deficit Countries,Pre- and post- production,Emissions (CO2eq) from F-gases (AR5),kilotonnes,2306.0605,2682.1785,3017.7755,3381.4255,3751.3095,4175.741,4532.6375,4889.0145,4953.952,4988.239,5006.941,5018.8895,5026.682,5034.994,5034.994,5034.994,5383.5785,5475.53,5566.962,5658.9135,5914.0559
Low Income Food Deficit Countries,Pre- and post- production,Emissions (CO2eq) from CH4 (AR5),kilotonnes,241498.7657,243447.6505,245809.9655,248101.6711,248965.859,252604.5398,256229.8527,258352.5018,261752.8825,264251.0602,268810.2947,271947.6234,274290.5317,278620.531,280575.6863,281736.9039,285306.8318,287677.2299,290723.8963,292790.7742,294548.8013
Low Income Food Deficit Countries,Pre- and post- production,Emissions (CO2eq) from N2O (AR5),kilotonnes,11842.1975,12007.6933,12077.1484,12248.5259,12318.0485,12545.5009,13002.8024,13361.464,13666.5824,13967.6174,14316.078,14699.3881,14833.9983,14992.3324,15729.7409,15851.1303,16211.3645,16566.6408,16907.356,17095.7317,17206.8997
Low Income Food Deficit Countries,Pre- and post- production,Emissions (CO2eq) (AR5),kilotonnes,472715.1472,477792.1005,487719.1532,492973.8268,505897.4837,510616.8933,530366.0922,554741.9216,575418.8293,598737.4373,630940.0966,632931.35,654063.8428,723582.5846,744892.1645,760774.7338,803159.4401,828220.1182,845427.4301,853817.9303,835071.0798
Low Income Food Deficit Countries,Agri-food systems,Emissions (CH4),kilotonnes,46472.8636,46093.4216,46771.0109,48257.5071,48420.8473,50034.2226,50376.0883,51727.4229,52715.1068,52472.5511,53570.8614,54040.7012,54490.3806,55089.7734,55314.3545,55977.517,56992.94,57116.5086,57734.7514,58344.2919,59396.2122
Low Income Food Deficit Countries,Agri-food systems,Emissions (N2O),kilotonnes,1536.1097,1566.7624,1606.3441,1717.6959,1722.2831,1820.4526,1830.5963,1899.1214,1930.9641,1946.844,2009.3341,2042.8488,2055.195,2083.9592,2089.7745,2131.0782,2184.8051,2176.4509,2204.6582,2257.5836,2350.6489
Low Income Food Deficit Countries,Agri-food systems,Emissions (CO2),kilotonnes,1181981.643,1183406.933,1194988.341,1198985.227,1211154.774,1210789.881,1230722.033,1231369.365,1250024.79,1269826.357,1292243.784,1445021.386,1460820.021,1563949.132,1577322.318,1558789.496,1597104.848,1617104.447,1627931.063,1629831.765,1609253.14
Low Income Food Deficit Countries,Agri-food systems,Emissions (CO2eq) from F-gases (AR5),kilotonnes,2306.0605,2682.1785,3017.7755,3381.4255,3751.3095,4175.741,4532.6375,4889.0145,4953.952,4988.239,5006.941,5018.8895,5026.682,5034.994,5034.994,5034.994,5383.5785,5475.53,5566.962,5658.9135,5914.0559
Low Income Food Deficit Countries,Agri-food systems,Emissions (CO2eq) from CH4 (AR5),kilotonnes,1301240.181,1290615.805,1309588.305,1351210.198,1355783.725,1400958.234,1410530.472,1448367.84,1476022.99,1469231.429,1499984.119,1513139.635,1525730.656,1542513.657,1548801.926,1567370.475,1595802.319,1599262.24,1616573.039,1633640.173,1663093.942
Low Income Food Deficit Countries,Agri-food systems,Emissions (CO2eq) from N2O (AR5),kilotonnes,407069.0761,415192.0409,425681.178,455189.4226,456405.0191,482419.9388,485108.0223,503267.1579,511705.4989,515913.6562,532473.5392,541354.9283,544626.6857,552249.1983,553790.2512,564735.715,578973.3609,576759.4983,584234.4098,598259.6478,622921.9699
Low Income Food Deficit Countries,Agri-food systems,Emissions (CO2eq) (AR5),kilotonnes,2892596.961,2891896.957,2933275.6,3008766.274,3027094.827,3098343.794,3130893.165,3187893.377,3242707.231,3259959.682,3329708.383,3504534.839,3536204.045,3663746.981,3684949.489,3695930.681,3777264.107,3798601.715,3834305.473,3867390.499,3901183.108
Low Income Food Deficit Countries,IPCC Agriculture,Emissions (CH4),kilotonnes,36561.7299,36380.5734,36793.757,37726.6902,38063.4077,39309.3416,39576.1167,40914.6156,41738.9399,41570.259,42319.9677,42729.1811,43148.5483,43639.6834,43930.3572,44457.7243,45143.6627,45356.1008,46051.7054,46542.7421,47525.9348
Low Income Food Deficit Countries,IPCC Agriculture,Direct emissions (N2O),kilotonnes,898.8,912.3621,914.5725,945.4287,969.2032,1006.2342,1041.755,1092.8738,1118.0154,1152.5325,1184.3816,1211.6183,1226.5426,1248.368,1267.094,1294.4495,1309.1858,1329.3183,1363.1493,1411.564,1467.016
Low Income Food Deficit Countries,IPCC Agriculture,Indirect emissions (N2O),kilotonnes,259.9939,263.7021,264.2348,272.8423,280.9202,291.8348,302.402,317.7041,324.8005,335.4787,344.5913,352.4637,356.5043,363.0554,368.3692,376.9587,380.7471,387.1798,397.5096,413.0267,429.6768
Low Income Food Deficit Countries,IPCC Agriculture,Emissions (N2O),kilotonnes,1442.1928,1419.9614,1445.3899,1510.293,1532.934,1610.1571,1622.7524,1704.1619,1732.0333,1762.7921,1806.0731,1840.9193,1857.0541,1883.0633,1896.1073,1937.8429,1971.0193,1976.3774,2020.466,2068.8924,2161.4009
Low Income Food Deficit Countries,IPCC Agriculture,Emissions (CO2eq) from CH4 (AR5),kilotonnes,1023728.436,1018656.056,1030225.196,1056347.325,1065775.415,1100661.564,1108131.267,1145609.236,1168690.317,1163967.252,1184959.096,1196417.071,1208159.351,1221911.135,1230050.003,1244816.281,1264022.555,1269970.823,1289447.751,1303196.78,1330726.175
Low Income Food Deficit Countries,IPCC Agriculture,Emissions (CO2eq) from N2O (AR5),kilotonnes,382181.0871,376289.7805,383028.3338,400227.6344,406227.515,426691.6283,430029.3987,451602.9001,458988.8123,467139.9105,478609.3628,487843.6139,492119.3398,499011.7866,502468.4439,513528.3691,522320.113,523739.9987,535423.4881,548256.4787,572771.2475
Low Income Food Deficit Countries,IPCC Agriculture,Emissions (CO2eq) (AR5),kilotonnes,1405909.523,1394945.836,1413253.529,1456574.96,1472002.93,1527353.192,1538160.666,1597212.136,1627679.13,1631107.162,1663568.459,1684260.685,1700278.691,1720922.922,1732518.447,1758344.65,1786342.668,1793710.822,1824871.239,1851453.258,1903497.423
Low Income Food Deficit Countries,Agricultural Soils,Direct emissions (N2O),kilotonnes,898.8,912.3621,914.5725,945.4287,969.2032,1006.2342,1041.755,1092.8738,1118.0154,1152.5325,1184.3816,1211.6183,1226.5426,1248.368,1267.094,1294.4495,1309.1858,1329.3183,1363.1493,1411.564,1467.016
Low Income Food Deficit Countries,Agricultural Soils,Indirect emissions (N2O),kilotonnes,259.9939,263.7021,264.2348,272.8423,280.9202,291.8348,302.402,317.7041,324.8005,335.4787,344.5913,352.4637,356.5043,363.0554,368.3692,376.9587,380.7471,387.1798,397.5096,413.0267,429.6768
Low Income Food Deficit Countries,Agricultural Soils,Emissions (N2O),kilotonnes,1172.0846,1189.3425,1192.0828,1231.5228,1263.3497,1311.3065,1357.3986,1423.8153,1456.0542,1501.2625,1542.2356,1577.3523,1596.3489,1624.7195,1648.7441,1684.6906,1703.1625,1729.703,1773.8421,1837.7006,1909.7904
Low Income Food Deficit Countries,Agricultural Soils,Emissions (CO2eq) from N2O (AR5),kilotonnes,310602.4147,315175.768,315901.9484,326353.5294,334787.6624,347496.2192,359710.628,377311.062,385854.3573,397834.5611,408692.4306,417998.3605,423032.4547,430550.6723,436917.1795,446443.016,451338.0677,458371.2896,470068.1485,486990.6691,506094.468
Low Income Food Deficit Countries,Agricultural Soils,Emissions (CO2eq) (AR5),kilotonnes,310602.4147,315175.768,315901.9484,326353.5294,334787.6624,347496.2192,359710.628,377311.062,385854.3573,397834.5611,408692.4306,417998.3605,423032.4547,430550.6723,436917.1795,446443.016,451338.0677,458371.2896,470068.1485,486990.6691,506094.468
Low Income Food Deficit Countries,LULUCF,Emissions (CH4),kilotonnes,1986.8435,1302.9226,1441.1525,2062.8635,1867.6526,2131.6772,2000.1797,2016.2042,2043.3854,1969.1209,2236.9215,2011.2034,2109.9216,1946.7437,1789.5001,1894.066,2146.1104,1968.4837,1800.4746,1729.3813,1679.3607
Low Income Food Deficit Countries,LULUCF,Emissions (N2O),kilotonnes,58.4976,118.9625,128.979,188.3484,170.1312,194.1337,182.6251,184.0419,186.57,179.7777,203.9744,183.5969,192.645,175.7668,162.7756,172.9365,195.7409,179.7311,164.3912,157.8885,152.9162
Low Income Food Deficit Countries,LULUCF,Emissions (CO2),kilotonnes,573360.6548,888287.8694,890599.707,888180.5192,888406.0341,888566.6626,888170.683,888213.5051,888217.1369,888318.4441,888622.2782,940422.4188,940585.6656,942294.6689,940958.0332,940411.1159,1099774.937,1099459.732,1099358.668,1099151.009,1099443.572
Low Income Food Deficit Countries,LULUCF,Emissions (CO2eq) from CH4 (AR5),kilotonnes,55631.619,36481.8321,40352.2695,57760.1787,52294.2733,59686.9623,56005.0314,56453.7182,57214.7924,55135.3862,62633.8016,56313.6944,59077.806,54508.8243,50106.0038,53033.8479,60091.0915,55117.5433,50413.2878,48422.677,47022.0992
Low Income Food Deficit Countries,LULUCF,Emissions (CO2eq) from N2O (AR5),kilotonnes,15501.8725,31525.0614,34179.4437,49912.3283,45084.7784,51445.4207,48395.6521,48771.1063,49441.0435,47641.0977,54053.2227,48653.1749,51050.9302,46578.1963,43135.5438,45828.1621,51871.3257,47628.7467,43563.6563,41840.4414,40522.8004
Low Income Food Deficit Countries,LULUCF,Emissions (CO2eq) (AR5),kilotonnes,644494.1462,956294.7629,965131.4201,995853.0262,985785.0858,999699.0456,992571.3665,993438.3297,994872.9728,991094.928,1005309.302,1045389.288,1050714.402,1043381.69,1034199.581,1039273.126,1211737.355,1202206.022,1193335.612,1189414.127,1186988.472
Low Income Food Deficit Countries,AFOLU,Emissions (CH4),kilotonnes,38548.5734,37683.496,38234.9095,39789.5537,39931.0603,41441.0188,41576.2964,42930.8198,43782.3254,43539.3799,44556.8892,44740.3845,45258.4699,45586.4271,45719.8574,46351.7903,47289.7731,47324.5845,47852.1799,48272.1234,49205.2955
Low Income Food Deficit Countries,AFOLU,Emissions (N2O),kilotonnes,1500.6904,1538.9239,1574.369,1698.6414,1703.0653,1804.2908,1805.3776,1888.2038,1918.6032,1942.5698,2010.0475,2024.5162,2049.6991,2058.8301,2058.883,2110.7794,2166.7601,2156.1085,2184.8571,2226.7808,2314.3172
Low Income Food Deficit Countries,AFOLU,Emissions (CO2),kilotonnes,573360.6548,888287.8694,890599.707,888180.5192,888406.0341,888566.6626,888170.683,888213.5051,888217.1369,888318.4441,888622.2782,940422.4188,940585.6656,942294.6689,940958.0332,940411.1159,1099774.937,1099459.732,1099358.668,1099151.009,1099443.572
Low Income Food Deficit Countries,AFOLU,Emissions (CO2eq) from CH4 (AR5),kilotonnes,1079360.055,1055137.888,1070577.465,1114107.504,1118069.688,1160348.526,1164136.298,1202062.954,1225905.11,1219102.638,1247592.898,1252730.766,1267237.157,1276419.96,1280156.007,1297850.129,1324113.646,1325088.367,1339861.039,1351619.457,1377748.274
Low Income Food Deficit Countries,AFOLU,Emissions (CO2eq) from N2O (AR5),kilotonnes,397682.9595,407814.8419,417207.7775,450139.9627,451312.2934,478137.049,478425.0508,500374.0064,508429.8557,514781.0083,532662.5855,536496.7888,543170.27,545589.9829,545603.9878,559356.5312,574191.4387,571368.7454,578987.1444,590096.9201,613294.048
Low Income Food Deficit Countries,AFOLU,Emissions (CO2eq) (AR5),kilotonnes,2050403.669,2351240.599,2378384.949,2452427.986,2457788.016,2527052.238,2530732.032,2590650.466,2622552.102,2622202.09,2668877.761,2729649.973,2750993.093,2764304.611,2766718.027,2797617.776,2998080.022,2995916.844,3018206.851,3040867.385,3090485.895
Low Income Food Deficit Countries,All sectors with LULUCF,Emissions (CH4),kilotonnes,59615.1084,59058.0198,59856.9735,61922.5695,62709.1531,65173.0398,65904.9174,67592.5894,69113.1846,69547.6696,71247.4335,71993.9604,72897.4102,72488.6923,73154.2416,73931.0748,75140.8678,75628.4715,76343.2132,77632.539,78961.282
Low Income Food Deficit Countries,All sectors with LULUCF,Emissions (N2O),kilotonnes,1725.6136,1767.2377,1807.8781,1935.6313,1949.7405,2056.4674,2063.3534,2156.8074,2197.6618,2232.205,2304.623,2331.7469,2367.1531,2382.0738,2392.5651,2448.5756,2512.6848,2510.8804,2548.821,2601.4012,2698.1829
Low Income Food Deficit Countries,All sectors with LULUCF,Emissions (CO2),kilotonnes,2101324.505,2438720.637,2458481.939,2538427.728,2627526.878,2702453.129,2801323.339,2907221.402,3064672.718,3214974.863,3258670.841,3436103.399,3607265.855,3643319.903,3893598.954,4007760.446,4243962.507,4338447.953,4559265.77,4643684.016,4416691.804
Low Income Food Deficit Countries,All sectors with LULUCF,Emissions (CO2eq) from F-gases (AR5),kilotonnes,16151.4702,16243.6912,16022.4626,19937.1817,24471.9483,18613.7035,18985.9224,26758.4344,25180.1116,27187.5787,29298.4784,33366.3655,36113.679,35984.7651,38080.1187,40068.0263,42087.9037,43216.4014,44980.5227,46768.1517,48574.5444
Low Income Food Deficit Countries,All sectors with LULUCF,Emissions (CO2eq) from CH4 (AR5),kilotonnes,1669223.034,1653624.553,1675995.259,1733831.946,1755856.286,1824845.115,1845337.686,1892592.502,1935169.168,1947334.749,1994928.138,2015830.891,2041127.487,2029683.384,2048318.764,2070070.094,2103944.298,2117597.201,2137609.97,2173711.092,2210915.895
Low Income Food Deficit Countries,All sectors with LULUCF,Emissions (CO2eq) from N2O (AR5),kilotonnes,457287.5931,468317.9845,479087.7085,512942.3058,516681.2344,544963.867,546788.6417,571553.9585,582380.3706,591534.3297,610725.0922,617912.9294,627295.5597,631249.5527,634029.7471,648872.5441,665861.4795,665383.2994,675437.5741,689371.3192,715018.4578
Low Income Food Deficit Countries,All sectors with LULUCF,Emissions (CO2eq) (AR5),kilotonnes,4243986.603,4576906.865,4629587.369,4805139.162,4924536.347,5090875.815,5212435.59,5398126.297,5607402.368,5781031.52,5893622.55,6103213.586,6311802.581,6340237.605,6614027.583,6766771.111,7055856.188,7164644.854,7417293.837,7553534.579,7391200.701
Low Income Food Deficit Countries,All sectors without LULUCF,Emissions (CH4),kilotonnes,57628.2648,57755.0972,58415.821,59859.706,60841.5004,63041.3626,63904.7377,65576.3851,67069.7991,67578.5487,69010.512,69982.757,70787.4886,70541.9486,71364.7414,72037.0088,72994.7574,73659.9878,74542.7386,75903.1577,77281.9213
Low Income Food Deficit Countries,All sectors without LULUCF,Emissions (N2O),kilotonnes,1667.1159,1648.2752,1678.8991,1747.2829,1779.6093,1862.3338,1880.7283,1972.7655,2011.0918,2052.4273,2100.6486,2148.15,2174.508,2206.307,2229.7894,2275.6392,2316.944,2331.1493,2384.4299,2443.5127,2545.2666
Low Income Food Deficit Countries,All sectors without LULUCF,Emissions (CO2),kilotonnes,1527963.851,1550432.767,1567882.232,1650247.209,1739120.844,1813886.466,1913152.656,2019007.897,2176455.581,2326656.419,2370048.563,2495680.981,2666680.19,2701025.235,2952640.921,3067349.33,3144187.569,3238988.22,3459907.102,3544533.008,3317248.232
Low Income Food Deficit Countries,All sectors without LULUCF,Emissions (CO2eq) from F-gases (AR5),kilotonnes,16151.4702,16243.6912,16022.4626,19937.1817,24471.9483,18613.7035,18985.9224,26758.4344,25180.1116,27187.5787,29298.4784,33366.3655,36113.679,35984.7651,38080.1187,40068.0263,42087.9037,43216.4014,44980.5227,46768.1517,48574.5444
Low Income Food Deficit Countries,All sectors without LULUCF,Emissions (CO2eq) from CH4 (AR5),kilotonnes,1613591.415,1617142.721,1635642.989,1676071.767,1703562.013,1765158.153,1789332.655,1836138.784,1877954.376,1892199.362,1932294.337,1959517.197,1982049.681,1975174.56,1998212.76,2017036.247,2043853.207,2062479.657,2087196.682,2125288.415,2163893.796
Low Income Food Deficit Countries,All sectors without LULUCF,Emissions (CO2eq) from N2O (AR5),kilotonnes,441785.7206,436792.9231,444908.2648,463029.9774,471596.456,493518.4464,498392.9895,522782.8522,532939.3271,543893.232,556671.8695,569259.7545,576244.6296,584671.3564,590894.2033,603044.382,613990.1538,617754.5528,631873.9178,647530.8779,674495.6574
Low Income Food Deficit Countries,All sectors without LULUCF,Emissions (CO2eq) (AR5),kilotonnes,3599492.456,3620612.102,3664455.949,3809286.135,3938751.261,4091176.769,4219864.223,4404687.967,4612529.395,4789936.592,4888313.247,5057824.297,5261088.179,5296855.916,5579828.002,5727497.985,5844118.833,5962438.832,6223958.224,6364120.452,6204212.229
Net Food Importing Developing Countries,Crop Residues,Direct emissions (N2O),kilotonnes,42.175,43.391,43.8764,47.3714,46.2934,51.03,52.7469,52.7358,55.4727,58.6365,59.398,60.3887,60.5359,63.5344,64.299,63.6822,63.6247,65.7783,66.597,65.9153,66.6073
Net Food Importing Developing Countries,Crop Residues,Indirect emissions (N2O),kilotonnes,9.4894,9.763,9.8722,10.6586,10.416,11.4818,11.868,11.8656,12.4814,13.1932,13.3645,13.5875,13.6206,14.2952,14.4673,14.3285,14.3156,14.8001,14.9843,14.8309,14.9866
Net Food Importing Developing Countries,Crop Residues,Emissions (N2O),kilotonnes,51.6644,53.1539,53.7486,58.03,56.7094,62.5118,64.6149,64.6014,67.9541,71.8298,72.7625,73.9762,74.1565,77.8296,78.7663,78.0107,77.9403,80.5784,81.5814,80.7462,81.5939
Net Food Importing Developing Countries,Crop Residues,Emissions (CO2eq) from N2O (AR5),kilotonnes,13691.0658,14085.7966,14243.3697,15377.9432,15027.9967,16565.6223,17122.9587,17119.364,18007.8243,19034.8887,19282.0659,19603.6825,19651.4728,20624.8477,20873.0592,20672.8395,20654.1842,21353.2862,21619.06,21397.7494,21622.3895
Net Food Importing Developing Countries,Crop Residues,Emissions (CO2eq) (AR5),kilotonnes,13691.0658,14085.7966,14243.3697,15377.9432,15027.9967,16565.6223,17122.9587,17119.364,18007.8243,19034.8887,19282.0659,19603.6825,19651.4728,20624.8477,20873.0592,20672.8395,20654.1842,21353.2862,21619.06,21397.7494,21622.3895
Net Food Importing Developing Countries,Rice Cultivation,Emissions (CH4),kilotonnes,3905.9357,3870.3432,3967.7345,4069.9421,4044.8905,4302.8496,4449.8882,4387.5776,4698.6567,4694.9899,4761.9929,4760.0363,4662.261,4694.6987,4685.4121,4621.887,4592.6977,4709.9647,4864.1175,4877.2296,4949.2065
Net Food Importing Developing Countries,Rice Cultivation,Emissions (CO2eq) from CH4 (AR5),kilotonnes,109366.2006,108369.6087,111096.5661,113958.379,113256.9335,120479.7886,124596.8686,122852.1733,131562.3889,131459.7166,133335.802,133281.0155,130543.3089,131451.5627,131191.5382,129412.8356,128595.535,131879.0108,136195.2895,136562.429,138577.7833
Net Food Importing Developing Countries,Rice Cultivation,Emissions (CO2eq) (AR5),kilotonnes,109366.2006,108369.6087,111096.5661,113958.379,113256.9335,120479.7886,124596.8686,122852.1733,131562.3889,131459.7166,133335.802,133281.0155,130543.3089,131451.5627,131191.5382,129412.8356,128595.535,131879.0108,136195.2895,136562.429,138577.7833
Net Food Importing Developing Countries,Burning - Crop residues,Emissions (CH4),kilotonnes,123.6594,124.0076,126.6872,136.2049,134.3603,142.5265,142.5111,141.811,153.2103,154.4446,160.7077,163.6514,163.9781,170.7898,172.2429,170.3137,173.7908,179.0272,176.882,178.0218,182.1627
Net Food Importing Developing Countries,Burning - Crop residues,Emissions (N2O),kilotonnes,3.206,3.215,3.2845,3.5312,3.4834,3.6951,3.6947,3.6766,3.9721,4.0041,4.1665,4.2428,4.2513,4.4279,4.4656,4.4155,4.5057,4.6414,4.5858,4.6154,4.7227
Net Food Importing Developing Countries,Burning - Crop residues,Emissions (CO2eq) from CH4 (AR5),kilotonnes,3462.4635,3472.2134,3547.2421,3813.7373,3762.0875,3990.7413,3990.3096,3970.7068,4289.8876,4324.4486,4499.8142,4582.2391,4591.3861,4782.115,4822.8023,4768.7822,4866.1412,5012.7616,4952.6948,4984.6107,5100.5562
Net Food Importing Developing Countries,Burning - Crop residues,Emissions (CO2eq) from N2O (AR5),kilotonnes,849.586,851.9783,870.3881,935.7781,923.1048,979.2097,979.1038,974.2938,1052.6113,1061.0916,1104.1211,1124.3457,1126.5901,1173.3893,1183.3728,1170.1179,1194.0069,1229.9832,1215.2445,1223.0758,1251.5254
Net Food Importing Developing Countries,Burning - Crop residues,Emissions (CO2eq) (AR5),kilotonnes,4312.0495,4324.1917,4417.6301,4749.5155,4685.1923,4969.951,4969.4134,4945.0006,5342.4989,5385.5402,5603.9353,5706.5849,5717.9762,5955.5043,6006.1751,5938.9001,6060.1481,6242.7448,6167.9393,6207.6865,6352.0816
Net Food Importing Developing Countries,Enteric Fermentation,Emissions (CH4),kilotonnes,17274.3314,17532.9375,18025.0363,18518.7167,18874.8989,19400.5519,19987.6677,21025.7815,21707.2902,22130.7567,22325.9486,22779.0701,23671.3559,24130.0913,24715.8244,25241.9643,25794.6103,26173.2448,26689.3346,27459.1613,28131.44
Net Food Importing Developing Countries,Enteric Fermentation,Emissions (CO2eq) from CH4 (AR5),kilotonnes,483681.2791,490922.2504,504701.0151,518524.0669,528497.1694,543215.4529,559654.6953,588721.8827,607804.1247,619661.1876,625126.5598,637813.9633,662797.9654,675642.5558,692043.0822,706775.0011,722249.0897,732850.855,747301.3693,768856.5156,787680.3213
Net Food Importing Developing Countries,Enteric Fermentation,Emissions (CO2eq) (AR5),kilotonnes,483681.2791,490922.2504,504701.0151,518524.0669,528497.1694,543215.4529,559654.6953,588721.8827,607804.1247,619661.1876,625126.5598,637813.9633,662797.9654,675642.5558,692043.0822,706775.0011,722249.0897,732850.855,747301.3693,768856.5156,787680.3213
Net Food Importing Developing Countries,Manure Management,Emissions (CH4),kilotonnes,874.64,889.7276,919.7401,943.1471,962.5104,994.0288,1033.8394,1094.0189,1131.0988,1160.5865,1185.6855,1205.8442,1275.1504,1308.1877,1347.1765,1398.801,1443.5665,1488.8918,1525.2106,1579.5481,1601.0745
Net Food Importing Developing Countries,Manure Management,Emissions (N2O),kilotonnes,34.7252,34.3662,34.8245,35.4505,36.2219,37.6379,39.0073,40.415,42.0005,43.0343,43.83,45.594,47.196,48.4271,50.0495,51.7395,53.7657,56.4901,58.4898,61.0227,61.4794
Net Food Importing Developing Countries,Manure Management,Emissions (CO2eq) from CH4 (AR5),kilotonnes,24489.9196,24912.3718,25752.7229,26408.1186,26950.2907,27832.8076,28947.5043,30632.5292,31670.7673,32496.421,33199.1928,33763.6375,35704.2098,36629.2544,37720.943,39166.4281,40419.8631,41688.9714,42705.8964,44227.3466,44830.0851
Net Food Importing Developing Countries,Manure Management,Emissions (CO2eq) from N2O (AR5),kilotonnes,9202.178,9107.0471,9228.4951,9394.3733,9598.8005,9974.0491,10336.9342,10709.9859,11130.139,11404.1012,11614.9574,12082.4119,12506.9465,12833.1773,13263.1126,13710.9764,14247.9161,14969.8645,15499.8022,16171.01,16292.0511
Net Food Importing Developing Countries,Manure Management,Emissions (CO2eq) (AR5),kilotonnes,33692.0977,34019.4188,34981.218,35802.492,36549.0912,37806.8567,39284.4386,41342.5151,42800.9063,43900.5222,44814.1502,45846.0493,48211.1563,49462.4317,50984.0556,52877.4045,54667.7792,56658.8359,58205.6986,60398.3566,61122.1362
Net Food Importing Developing Countries,Manure left on Pasture,Direct emissions (N2O),kilotonnes,489.276,498.5999,514.3119,529.0183,539.8299,556.7848,570.5104,602.3242,623.2,635.9703,644.6241,655.6756,682.9922,697.7665,716.0547,731.2482,749.9229,761.2176,777.8604,803.3903,825.2582
Net Food Importing Developing Countries,Manure left on Pasture,Indirect emissions (N2O),kilotonnes,133.7838,136.2359,140.4545,144.3704,147.9174,152.6656,155.9685,165.2992,171.0548,174.3939,176.6643,179.6322,187.2793,191.82,197.0132,201.2571,206.638,210.3724,215.2062,223.5676,229.3493
Net Food Importing Developing Countries,Manure left on Pasture,Emissions (N2O),kilotonnes,623.0598,634.8358,654.7664,673.3886,687.7473,709.4504,726.4788,767.6234,794.2548,810.3642,821.2884,835.3078,870.2715,889.5865,913.0679,932.5053,956.5609,971.59,993.0666,1026.9579,1054.6074
Net Food Importing Developing Countries,Manure left on Pasture,Emissions (CO2eq) from N2O (AR5),kilotonnes,165110.8559,168231.4934,173513.0919,178447.9908,182253.039,188004.3676,192516.8923,203420.2004,210477.5344,214746.5111,217641.4258,221356.5717,230621.9466,235740.4157,241962.9807,247113.8977,253488.6321,257471.3545,263162.648,272143.849,279470.9705
Net Food Importing Developing Countries,Manure left on Pasture,Emissions (CO2eq) (AR5),kilotonnes,165110.8559,168231.4934,173513.0919,178447.9908,182253.039,188004.3676,192516.8923,203420.2004,210477.5344,214746.5111,217641.4258,221356.5717,230621.9466,235740.4157,241962.9807,247113.8977,253488.6321,257471.3545,263162.648,272143.849,279470.9705
Net Food Importing Developing Countries,Manure applied to Soils,Direct emissions (N2O),kilotonnes,34.1445,34.3541,35.4992,36.2405,37.1187,38.4779,40.2345,42.2579,43.9571,45.2776,45.9036,47.3479,49.4426,50.4331,52.0145,53.9756,56.1549,58.7093,60.2995,62.384,63.2469
Net Food Importing Developing Countries,Manure applied to Soils,Indirect emissions (N2O),kilotonnes,14.5114,14.6005,15.0871,15.4022,15.7755,16.3531,17.0997,17.9596,18.6818,19.243,19.509,20.1229,21.0131,21.4341,22.1061,22.9396,23.8658,24.9515,25.6273,26.5132,26.8799
Net Food Importing Developing Countries,Manure applied to Soils,Emissions (N2O),kilotonnes,48.6559,48.9546,50.5863,51.6428,52.8942,54.831,57.3341,60.2175,62.6389,64.5205,65.4126,67.4708,70.4558,71.8671,74.1206,76.9152,80.0208,83.6607,85.9267,88.8972,90.1269
Net Food Importing Developing Countries,Manure applied to Soils,Emissions (CO2eq) from N2O (AR5),kilotonnes,12893.8062,12972.971,13405.3693,13685.3309,14016.9608,14530.2071,15193.5454,15957.6395,16599.3084,17097.9401,17334.3445,17879.759,18670.7803,19044.7885,19641.9637,20382.5269,21205.4992,22170.0976,22770.5828,23557.7654,23883.6171
Net Food Importing Developing Countries,Manure applied to Soils,Emissions (CO2eq) (AR5),kilotonnes,12893.8062,12972.971,13405.3693,13685.3309,14016.9608,14530.2071,15193.5454,15957.6395,16599.3084,17097.9401,17334.3445,17879.759,18670.7803,19044.7885,19641.9637,20382.5269,21205.4992,22170.0976,22770.5828,23557.7654,23883.6171
Net Food Importing Developing Countries,Synthetic Fertilizers,Direct emissions (N2O),kilotonnes,95.7574,96.4026,99.6752,96.2336,105.0132,108.6221,110.8138,107.2191,116.3995,122.9579,124.3978,127.7708,117.7634,126.7685,132.3895,133.6908,137.0703,148.9683,146.1508,149.5925,154.8686
Net Food Importing Developing Countries,Synthetic Fertilizers,Indirect emissions (N2O),kilotonnes,31.1212,31.3308,32.3944,31.2759,34.1293,35.3022,36.0145,34.8462,37.8298,39.9613,40.4293,41.5255,38.2731,41.1997,43.0266,43.4495,44.5478,48.4147,47.499,48.6176,50.3323
Net Food Importing Developing Countries,Synthetic Fertilizers,Emissions (N2O),kilotonnes,126.8786,127.7334,132.0697,127.5095,139.1424,143.9242,146.8283,142.0653,154.2294,162.9192,164.8271,169.2964,156.0365,167.9682,175.4161,177.1404,181.6181,197.383,193.6498,198.2101,205.2009
Net Food Importing Developing Countries,Synthetic Fertilizers,Emissions (CO2eq) from N2O (AR5),kilotonnes,33622.8339,33849.3524,34998.4581,33790.0279,36872.7474,38139.9261,38909.4903,37647.3134,40870.7866,43173.5889,43679.1905,44863.5348,41349.6693,44511.5745,46485.2622,46942.1995,48128.8016,52306.4999,51317.1944,52525.6682,54378.2514
Net Food Importing Developing Countries,Synthetic Fertilizers,Emissions (CO2eq) (AR5),kilotonnes,33622.8339,33849.3524,34998.4581,33790.0279,36872.7474,38139.9261,38909.4903,37647.3134,40870.7866,43173.5889,43679.1905,44863.5348,41349.6693,44511.5745,46485.2622,46942.1995,48128.8016,52306.4999,51317.1944,52525.6682,54378.2514
Net Food Importing Developing Countries,Drained organic soils,Emissions (CO2eq) (AR5),kilotonnes,123899.9613,123886.5896,123885.9775,123797.5706,123890.8533,123944.019,123961.0973,123985.7348,123962.1679,124022.6463,124090.9144,124071.3238,124069.0465,124004.446,123957.3468,123939.0881,123557.5169,123493.7973,123468.6254,123282.5828,123320.9454
Net Food Importing Developing Countries,Drained organic soils (CO2),Emissions (CO2),kilotonnes,115197.3306,115188.2749,115188.2314,115103.3318,115186.0827,115235.7121,115250.1981,115271.7065,115251.7128,115307.2919,115371.8892,115344.8414,115339.9774,115275.2809,115228.768,115211.2794,114876.8188,114825.9526,114804.4783,114643.8316,114680.1659
Net Food Importing Developing Countries,Drained organic soils (CO2),Emissions (CO2eq) (AR5),kilotonnes,115197.3306,115188.2749,115188.2314,115103.3318,115186.0827,115235.7121,115250.1981,115271.7065,115251.7128,115307.2919,115371.8892,115344.8414,115339.9774,115275.2809,115228.768,115211.2794,114876.8188,114825.9526,114804.4783,114643.8316,114680.1659
Net Food Importing Developing Countries,Drained organic soils (N2O),Emissions (N2O),kilotonnes,32.8401,32.8238,32.8217,32.8084,32.8482,32.8615,32.8713,32.8831,32.8696,32.8881,32.902,32.9301,32.9399,32.9402,32.938,32.9351,32.7574,32.7088,32.6949,32.5991,32.6067
Net Food Importing Developing Countries,Drained organic soils (N2O),Emissions (CO2eq) from N2O (AR5),kilotonnes,8702.6308,8698.3147,8697.7461,8694.2388,8704.7707,8708.3069,8710.8992,8714.0283,8710.4552,8715.3545,8719.0252,8726.4824,8729.0691,8729.1652,8728.5788,8727.8088,8680.698,8667.8447,8664.1472,8638.7512,8640.7795
Net Food Importing Developing Countries,Drained organic soils (N2O),Emissions (CO2eq) (AR5),kilotonnes,8702.6308,8698.3147,8697.7461,8694.2388,8704.7707,8708.3069,8710.8992,8714.0283,8710.4552,8715.3545,8719.0252,8726.4824,8729.0691,8729.1652,8728.5788,8727.8088,8680.698,8667.8447,8664.1472,8638.7512,8640.7795
Net Food Importing Developing Countries,On-farm energy use,Emissions (CH4),kilotonnes,10.0412,8.9414,9.6214,10.364,11.1998,12.2262,12.7355,14.2504,13.4881,14.3433,15.0886,15.5261,14.4703,14.4784,13.8578,12.9972,12.7807,12.8772,13.4359,13.538,13.538
Net Food Importing Developing Countries,On-farm energy use,Emissions (N2O),kilotonnes,4.3217,4.5836,4.6891,4.8281,5.1065,6.8433,6.9121,7.6353,7.7534,7.2145,7.5823,7.758,7.951,6.9029,7.0642,6.775,7.4594,7.723,8.3699,8.6851,8.6851
Net Food Importing Developing Countries,On-farm energy use,Emissions (CO2),kilotonnes,24722.9256,26039.0606,29051.791,29723.54,31397.163,37407.8537,37728.9004,37379.3152,39282.2704,35247.0585,37406.5565,36702.7038,36213.4062,33958.3241,31805.2391,29917.9651,32798.336,33443.4255,35846.4074,36867.231,36867.231
Net Food Importing Developing Countries,On-farm energy use,Emissions (CO2eq) from CH4 (AR5),kilotonnes,281.1525,250.3578,269.3996,290.1913,313.5947,342.3322,356.5935,399.0115,377.6681,401.612,422.4817,434.7315,405.1691,405.3955,388.0197,363.9217,357.8589,360.5608,376.2065,379.0649,379.0649
Net Food Importing Developing Countries,On-farm energy use,Emissions (CO2eq) from N2O (AR5),kilotonnes,1145.2526,1214.6478,1242.6005,1279.4485,1353.2261,1813.4647,1831.7195,2023.3461,2054.6499,1911.8453,2009.3104,2055.8687,2107.0156,1829.2743,1872.0221,1795.3819,1976.7332,2046.5878,2218.0253,2301.5427,2301.5427
Net Food Importing Developing Countries,On-farm energy use,Emissions (CO2eq) (AR5),kilotonnes,26149.3307,27504.0662,30563.7911,31293.1798,33063.9838,39563.6506,39917.2134,39801.6728,41714.5884,37560.5157,39838.3485,39193.304,38725.5909,36192.9938,34065.2809,32077.2687,35132.9281,35850.5741,38440.6392,39547.8387,39547.8387
Net Food Importing Developing Countries,Forestland,Emissions (CO2),kilotonnes,-63543.3749,-55192.85,-55192.85,-55192.85,-55192.85,-55192.85,-55192.85,-55192.85,-55192.85,-55192.85,-55192.85,-81600.2342,-81600.2342,-81600.2342,-81600.2342,-81600.2342,24954.9322,24954.9322,24954.9322,24954.9322,24954.9322
Net Food Importing Developing Countries,Forestland,Emissions (CO2eq) (AR5),kilotonnes,-63543.3749,-55192.85,-55192.85,-55192.85,-55192.85,-55192.85,-55192.85,-55192.85,-55192.85,-55192.85,-55192.85,-81600.2342,-81600.2342,-81600.2342,-81600.2342,-81600.2342,24954.9322,24954.9322,24954.9322,24954.9322,24954.9322
Net Food Importing Developing Countries,Net Forest conversion,Emissions (CO2),kilotonnes,1164200.732,1095120.929,1095120.929,1095120.929,1095120.929,1095120.929,1095120.929,1095120.929,1095120.929,1095120.929,1095120.929,1427867.247,1427867.247,1427867.247,1427867.247,1427867.247,1308252.065,1308252.065,1308252.065,1308252.065,1308252.065
Net Food Importing Developing Countries,Net Forest conversion,Emissions (CO2eq) (AR5),kilotonnes,1164200.732,1095120.929,1095120.929,1095120.929,1095120.929,1095120.929,1095120.929,1095120.929,1095120.929,1095120.929,1095120.929,1427867.247,1427867.247,1427867.247,1427867.247,1427867.247,1308252.065,1308252.065,1308252.065,1308252.065,1308252.065
Net Food Importing Developing Countries,Savanna fires,Emissions (CH4),kilotonnes,3177.8608,2829.3605,3155.6339,3406.9819,3342.1863,3569.4851,3201.9497,3392.0496,3380.1974,3061.3473,3323.5445,3480.4492,3241.7854,3088.8453,2865.4795,2925.6991,3050.6887,2858.3894,2703.9824,2589.4422,2893.4093
Net Food Importing Developing Countries,Savanna fires,Emissions (N2O),kilotonnes,290.1525,258.3329,288.1231,311.0723,305.1561,325.9095,292.3519,309.7089,308.6267,279.5143,303.4541,317.7801,295.9891,282.025,261.6307,267.1291,278.5411,260.9834,246.8853,236.4273,264.1808
Net Food Importing Developing Countries,Savanna fires,Emissions (CO2eq) from CH4 (AR5),kilotonnes,88980.103,79222.0942,88357.7488,95395.4935,93581.2159,99945.5833,89654.5926,94977.3891,94645.5262,85717.7235,93059.2469,97452.5766,90769.9899,86487.6688,80233.4271,81919.576,85419.2829,80034.904,75711.5069,72504.3818,81015.4595
Net Food Importing Developing Countries,Savanna fires,Emissions (CO2eq) from N2O (AR5),kilotonnes,76890.4146,68458.2227,76352.6199,82434.1493,80866.3768,86366.0204,77473.2621,82072.8526,81786.0797,74071.2937,80415.3275,84211.7374,78437.1109,74736.6268,69332.1462,70789.1988,73813.4021,69160.5964,65424.6174,62653.243,70007.9243
Net Food Importing Developing Countries,Savanna fires,Emissions (CO2eq) (AR5),kilotonnes,165870.5176,147680.3169,164710.3687,177829.6429,174447.5927,186311.6037,167127.8547,177050.2417,176431.6059,159789.0172,173474.5744,181664.314,169207.1008,161224.2956,149565.5733,152708.7748,159232.6849,149195.5004,141136.1242,135157.6248,151023.3838
Net Food Importing Developing Countries,Fires in organic soils,Emissions (CH4),kilotonnes,20.3863,24.0437,17.208,30.4517,55.3082,21.7809,44.2276,38.9023,18.9327,37.6717,55.0277,18.9534,23.5686,40.6518,36.3225,56.7743,43.1679,21.0453,50.002,29.6282,59.1224
Net Food Importing Developing Countries,Fires in organic soils,Emissions (CO2),kilotonnes,1669.1279,1947.5394,1393.8498,2467.6825,4481.317,1765.6864,3586.2358,3154.0414,1534.3082,3051.5732,4459.7751,1536.3234,1910.1547,3296.0887,2942.2926,4603.3614,3499.6431,1709.9075,4053.1156,2406.3021,4795.754
Net Food Importing Developing Countries,Fires in organic soils,Emissions (CO2eq) from CH4 (AR5),kilotonnes,570.8163,673.2235,481.8246,852.6466,1548.6302,609.8645,1238.3729,1089.2643,530.1155,1054.8064,1540.775,530.6953,659.9209,1138.2503,1017.0304,1589.68,1208.7023,589.2693,1400.0554,829.5896,1655.427
Net Food Importing Developing Countries,Fires in organic soils,Emissions (CO2eq) (AR5),kilotonnes,2239.9442,2620.7628,1875.6744,3320.3291,6029.9472,2375.5508,4824.6088,4243.3058,2064.4237,4106.3797,6000.5502,2067.0188,2570.0757,4434.339,3959.323,6193.0414,4708.3454,2299.1767,5453.171,3235.8918,6451.181
Net Food Importing Developing Countries,Forest fires,Emissions (CH4),kilotonnes,2771.2363,1891.3211,2082.0101,2946.5725,3007.5518,3059.0527,2864.0291,3139.6739,2937.4008,2881.5533,3349.9849,2920.6343,3009.6336,2848.558,2797.7286,3079.9365,3142.3346,2956.9718,2579.2851,2666.0463,2701.5002
Net Food Importing Developing Countries,Forest fires,Emissions (N2O),kilotonnes,81.9368,172.6858,190.0966,269.0349,274.6026,279.3048,261.4983,286.6659,268.1975,263.0983,305.8682,266.6666,274.7926,260.0857,255.4448,281.2116,286.9088,269.9844,235.4999,243.4216,246.6587
Net Food Importing Developing Countries,Forest fires,Emissions (CO2eq) from CH4 (AR5),kilotonnes,77594.6152,52956.9901,58296.2827,82504.0303,84211.45,85653.475,80192.8145,87910.8698,82247.2224,80683.4912,93799.5776,81777.7611,84269.7411,79759.6236,78336.4014,86238.223,87985.3682,82795.2102,72219.9821,74649.2967,75642.0051
Net Food Importing Developing Countries,Forest fires,Emissions (CO2eq) from N2O (AR5),kilotonnes,21713.2451,45761.7469,50375.5921,71294.2436,72769.6769,74015.7746,69297.0517,75966.4581,71072.3281,69721.0604,81055.0698,70666.6522,72820.048,68922.7183,67692.8686,74521.0731,76030.8345,71545.861,62407.4846,64506.7292,65364.5588
Net Food Importing Developing Countries,Forest fires,Emissions (CO2eq) (AR5),kilotonnes,99307.8603,98718.7369,108671.8748,153798.2739,156981.1269,159669.2497,149489.8662,163877.3279,153319.5505,150404.5516,174854.6474,152444.4133,157089.7891,148682.3419,146029.2699,160759.2961,164016.2027,154341.0711,134627.4667,139156.0259,141006.5639
Net Food Importing Developing Countries,Fires in humid tropical forests,Emissions (CH4),kilotonnes,1886.9758,1473.3894,1691.8089,2390.4459,2388.6551,2460.5941,2323.5482,2474.243,2349.6209,2257.537,2586.892,2394.7433,2377.4347,2241.2694,2218.8564,2480.7584,2521.3887,2446.4195,2049.2982,2205.4638,2224.4631
Net Food Importing Developing Countries,Fires in humid tropical forests,Emissions (N2O),kilotonnes,55.4993,134.5269,154.4695,218.2581,218.0946,224.6629,212.1501,225.9091,214.5306,206.1229,236.1945,218.6505,217.0701,204.6376,202.5912,226.504,230.2137,223.3687,187.1098,201.3684,203.1032
Net Food Importing Developing Countries,Fires in humid tropical forests,Emissions (CO2eq) from CH4 (AR5),kilotonnes,52835.3215,41254.9023,47370.6501,66932.4859,66882.3437,68896.634,65059.3504,69278.8036,65789.3854,63211.0355,72432.9757,67052.813,66568.173,62755.5445,62127.9787,69461.2339,70598.8824,68499.7465,57380.3491,61752.9863,62284.9669
Net Food Importing Developing Countries,Fires in humid tropical forests,Emissions (CO2eq) from N2O (AR5),kilotonnes,14707.3111,35649.6167,40934.4204,57838.3981,57795.0687,59535.6783,56219.7647,59865.9227,56850.6102,54622.5796,62591.5388,57942.3765,57523.5842,54228.9759,53686.6772,60023.5663,61006.6429,59192.7158,49584.106,53362.6349,53822.3355
Net Food Importing Developing Countries,Fires in humid tropical forests,Emissions (CO2eq) (AR5),kilotonnes,67542.6326,76904.519,88305.0705,124770.884,124677.4124,128432.3123,121279.1151,129144.7263,122639.9955,117833.6151,135024.5145,124995.1895,124091.7572,116984.5204,115814.6559,129484.8002,131605.5253,127692.4623,106964.455,115115.6212,116107.3024
Net Food Importing Developing Countries,Waste - agri-food systems,Emissions (CH4),kilotonnes,5885.8599,5958.0035,6041.7932,6109.5669,6180.2434,6247.9581,6321.0343,6401.4979,6492.1056,6570.3279,6634.4575,6734.9377,6804.6376,6877.5411,6913.067,6949.0139,7012.0032,7081.7765,7151.9111,7216.1889,7277.6195
Net Food Importing Developing Countries,Waste - agri-food systems,Emissions (N2O),kilotonnes,21.3417,21.852,22.5277,23.2324,23.692,24.54,25.2178,26.1775,27.0753,28.186,28.9878,30.1193,30.7565,31.4532,31.8135,32.407,33.07,33.9415,34.6599,35.3645,36.0762
Net Food Importing Developing Countries,Waste - agri-food systems,Emissions (CO2),kilotonnes,2096.1765,2097.1717,2134.3327,2130.481,2141.5921,2161.1619,2170.2466,2185.1455,2196.3858,2197.0459,2206.8601,2219.3747,2224.536,2228.7355,2232.0121,2234.3271,2235.1314,2239.9979,2245.6393,2245.8626,2241.9303
Net Food Importing Developing Countries,Waste - agri-food systems,Emissions (CO2eq) from CH4 (AR5),kilotonnes,164804.0774,166824.0969,169170.2097,171067.8735,173046.8149,174942.8269,176988.9603,179241.9424,181778.9581,183969.1819,185764.8099,188578.2551,190529.8532,192571.152,193565.8757,194572.39,196336.0884,198289.7433,200253.5104,202053.2897,203773.3472
Net Food Importing Developing Countries,Waste - agri-food systems,Emissions (CO2eq) from N2O (AR5),kilotonnes,5655.5577,5790.7672,5969.8451,6156.5742,6278.3888,6503.1001,6682.7185,6937.0334,7174.9667,7469.2801,7681.7621,7981.622,8150.4839,8335.0938,8430.5779,8587.8664,8763.56,8994.5059,9184.8808,9371.5848,9560.1899
Net Food Importing Developing Countries,Waste - agri-food systems,Emissions (CO2eq) (AR5),kilotonnes,172555.8116,174712.0358,177274.3875,179354.9287,181466.7958,183607.0889,185841.9254,188364.1214,191150.3106,193635.5079,195653.4321,198779.2518,200904.8732,203134.9813,204228.4657,205394.5834,207334.7799,209524.2471,211684.0306,213670.7371,215575.4675
Net Food Importing Developing Countries,Fertilizers Manufacturing,Emissions (N2O),kilotonnes,10.0364,9.963,9.7621,10.0846,9.8417,9.2395,9.4864,8.8151,8.7519,9.0053,9.5499,9.2537,8.8972,5.7417,9.2149,6.7412,9.1926,7.3383,7.3544,6.6822,6.7649
Net Food Importing Developing Countries,Fertilizers Manufacturing,Emissions (CO2),kilotonnes,25332.4838,25563.7495,27199.2981,28598.2498,28427.8988,29005.9365,30477.7793,29706.1455,26454.4194,27481.4303,32899.6441,32222.174,30592.0802,35146.8946,35867.9244,31285.1356,33562.6227,36489.9364,36100.1044,36581.5087,33123.12
Net Food Importing Developing Countries,Fertilizers Manufacturing,Emissions (CO2eq) from N2O (AR5),kilotonnes,2659.636,2640.1865,2586.9567,2672.428,2608.0374,2448.4631,2513.896,2336.0015,2319.2535,2386.4045,2530.7111,2452.2393,2357.758,1521.5611,2441.9556,1786.4074,2436.0408,1944.646,1948.916,1770.7883,1792.6879
Net Food Importing Developing Countries,Fertilizers Manufacturing,Emissions (CO2eq) (AR5),kilotonnes,27992.1199,28203.936,29786.2549,31270.6778,31035.9362,31454.3996,32991.6753,32042.147,28773.6729,29867.8348,35430.3552,34674.4133,32949.8382,36668.4557,38309.8799,33071.543,35998.6635,38434.5824,38049.0204,38352.297,34915.8079
Net Food Importing Developing Countries,On-farm electricity use,Emissions (CH4),kilotonnes,15.7027,17.4913,19.3276,21.4135,22.7124,24.7718,25.8691,26.8967,26.7464,27.759,26.6805,30.5702,30.7875,33.1652,33.6242,34.0797,36.3791,36.1413,37.3008,38.0361,38.0361
Net Food Importing Developing Countries,On-farm electricity use,Emissions (N2O),kilotonnes,0.0836,0.0934,0.103,0.1141,0.1211,0.1319,0.1379,0.1434,0.1425,0.148,0.1422,0.1629,0.1639,0.1768,0.1793,0.1816,0.1939,0.1926,0.1988,0.2026,0.2026
Net Food Importing Developing Countries,On-farm electricity use,Emissions (CO2),kilotonnes,6439.8517,7161.2477,7915.6629,8159.8875,9344.4185,9933.1856,10459.1606,11024.6442,10867.608,11168.4993,10089.9718,12038.1713,12370.2929,13532.1234,13812.2715,13855.9871,14917.4201,14774.2135,14997.1639,15234.1424,15234.1424
Net Food Importing Developing Countries,On-farm electricity use,Emissions (CO2eq) from CH4 (AR5),kilotonnes,439.6756,489.7564,541.1728,599.578,635.9472,693.6104,724.3348,753.1076,748.8992,777.252,747.054,855.9656,862.05,928.6256,941.4776,954.2316,1018.6148,1011.9564,1044.4224,1065.0108,1065.0108
Net Food Importing Developing Countries,On-farm electricity use,Emissions (CO2eq) from N2O (AR5),kilotonnes,22.154,24.751,27.295,30.2365,32.0915,34.9535,36.5435,38.001,37.7625,39.22,37.683,43.1685,43.4335,46.852,47.5145,48.124,51.3835,51.039,52.682,53.689,53.689
Net Food Importing Developing Countries,On-farm electricity use,Emissions (CO2eq) (AR5),kilotonnes,6901.6813,7675.7551,8484.1307,8789.702,10012.4572,10661.7495,11220.0389,11815.7528,11654.2697,11984.9713,10874.7088,12937.3054,13275.7764,14507.601,14801.2636,14858.3427,15987.4184,15837.2089,16094.2683,16352.8422,16352.8422
Net Food Importing Developing Countries,Food Processing,Emissions (CH4),kilotonnes,239.6707,241.6186,238.35,208.229,163.4187,243.6387,260.8185,162.098,163.8029,194.9857,226.2021,244.9665,224.9849,167.663,149.6219,126.0703,143.0453,157.2775,174.3902,188.2776,190.5548
Net Food Importing Developing Countries,Food Processing,Emissions (N2O),kilotonnes,0.6022,0.6543,0.6314,0.4046,0.1786,0.2195,0.2359,0.2866,0.3327,0.3558,0.3474,0.369,0.3438,0.2689,0.2634,0.2807,0.2826,0.2844,0.2794,0.2851,0.2895
Net Food Importing Developing Countries,Food Processing,Emissions (CO2),kilotonnes,26871.8464,29423.598,27774.8113,21784.276,16033.4688,19977.8115,19972.7424,19642.8974,17084.2883,18364.1698,17147.7711,19056.5385,19311.8968,24093.5603,23307.0604,23308.6514,23929.9687,25361.6466,24962.1828,24722.2442,22675.5378
Net Food Importing Developing Countries,Food Processing,Emissions (CO2eq) from CH4 (AR5),kilotonnes,6710.7796,6765.3208,6673.8,5830.412,4575.7236,6821.8836,7302.918,4538.744,4586.4812,5459.5996,6333.6588,6859.062,6299.5772,4694.564,4189.4132,3529.9684,4005.2684,4403.77,4882.9256,5271.7728,5335.5333
Net Food Importing Developing Countries,Food Processing,Emissions (CO2eq) from N2O (AR5),kilotonnes,159.583,173.3895,167.321,107.219,47.329,58.1675,62.5135,75.949,88.1655,94.287,92.061,97.785,91.107,71.2585,69.801,74.3855,74.889,75.366,74.041,75.5515,76.7254
Net Food Importing Developing Countries,Food Processing,Emissions (CO2eq) (AR5),kilotonnes,33742.209,36362.3083,34615.9323,27721.907,20656.5214,26857.8626,27338.1739,24257.5904,21758.935,23918.0564,23573.4909,26013.3855,25702.581,28859.3828,27566.2746,26913.0053,28010.1261,29840.7826,29919.1494,30069.5685,28087.7965
Net Food Importing Developing Countries,Food Packaging,Emissions (CH4),kilotonnes,9.9583,10.2033,10.5126,14.01,15.7716,18.2774,19.37,20.3768,21.3343,25.1211,33.4784,35.032,34.8665,36.7959,37.4799,37.3799,43.8297,46.0064,48.7936,44.2035,45.2523
Net Food Importing Developing Countries,Food Packaging,Emissions (N2O),kilotonnes,0.0449,0.047,0.0483,0.053,0.0573,0.0626,0.0604,0.0562,0.0594,0.0649,0.0706,0.0548,0.0582,0.061,0.0656,0.0678,0.0702,0.0737,0.0734,0.0749,0.0759
Net Food Importing Developing Countries,Food Packaging,Emissions (CO2),kilotonnes,2880.5992,3094.5394,3258.058,3424.9412,3271.7087,3407.3149,3430.9372,3337.9052,4345.2607,4695.872,5183.2398,4304.7855,4866.8397,5071.7195,5313.7514,4978.7113,5048.6899,5215.9544,5348.6989,5790.0555,5188.6616
Net Food Importing Developing Countries,Food Packaging,Emissions (CO2eq) from CH4 (AR5),kilotonnes,278.8324,285.6924,294.3528,392.28,441.6048,511.7672,542.36,570.5504,597.3604,703.3908,937.3952,980.896,976.262,1030.2852,1049.4372,1046.6372,1227.2316,1288.1792,1366.2208,1237.698,1267.0645
Net Food Importing Developing Countries,Food Packaging,Emissions (CO2eq) from N2O (AR5),kilotonnes,11.8985,12.455,12.7995,14.045,15.1845,16.589,16.006,14.893,15.741,17.1985,18.709,14.522,15.423,16.165,17.384,17.967,18.603,19.5305,19.451,19.8485,20.1108
Net Food Importing Developing Countries,Food Packaging,Emissions (CO2eq) (AR5),kilotonnes,3171.3301,3392.6868,3565.2103,3831.2662,3728.498,3935.6711,3989.3032,3923.3486,4958.3621,5416.4613,6139.344,5300.2035,5858.5247,6118.1697,6380.5726,6043.3155,6294.5245,6523.6641,6734.3707,7047.602,6475.8369
Net Food Importing Developing Countries,Food Retail,Emissions (CH4),kilotonnes,9.2616,9.123,9.8042,9.9125,10.4676,10.7672,11.3574,14.7774,17.2188,18.3548,18.9506,19.7938,21.6045,21.2141,23.5909,25.0407,25.2644,25.8509,26.5313,26.788,26.83
Net Food Importing Developing Countries,Food Retail,Emissions (N2O),kilotonnes,0.0433,0.0474,0.0521,0.0539,0.0565,0.0658,0.0633,0.0899,0.0961,0.1028,0.1075,0.1129,0.1229,0.1245,0.1359,0.1436,0.1447,0.1478,0.1522,0.1528,0.1545
Net Food Importing Developing Countries,Food Retail,Emissions (CO2),kilotonnes,2566.9966,2839.7925,3380.418,3556.5385,3617.3208,3832.7452,4214.3501,6571.405,6729.0157,7345.4575,7829.5742,8203.2174,9024.8829,9128.3298,9964.8467,10427.6789,10597.663,10882.0381,11341.6636,11364.805,10376.6874
Net Food Importing Developing Countries,Food Retail,Emissions (CO2eq) from F-gases (AR5),kilotonnes,569.8915,721.5855,883.15,1167.836,1497.7185,1645.776,1859.2905,2073.844,2100.858,2114.8845,2123.1965,2126.833,2129.95,2133.067,2133.067,2133.067,2315.4115,2364.764,2411.519,2459.313,2552.8052
Net Food Importing Developing Countries,Food Retail,Emissions (CO2eq) from CH4 (AR5),kilotonnes,259.3243,255.4445,274.5166,277.5495,293.0932,301.4828,318.0063,413.767,482.1251,513.9347,530.6165,554.2273,604.9261,593.9958,660.546,701.1399,707.4038,723.8265,742.8764,750.064,751.2408
Net Food Importing Developing Countries,Food Retail,Emissions (CO2eq) from N2O (AR5),kilotonnes,11.4821,12.5611,13.8016,14.2966,14.9686,17.427,16.7734,23.8272,25.4726,27.229,28.4798,29.918,32.5686,32.9926,36.0133,38.054,38.3455,39.167,40.333,40.492,40.9349
Net Food Importing Developing Countries,Food Retail,Emissions (CO2eq) (AR5),kilotonnes,3407.6945,3829.3836,4551.8862,5016.2206,5423.101,5797.431,6408.4203,9082.8433,9337.4714,10001.5057,10511.867,10914.1957,11792.3276,11888.3852,12794.473,13299.9398,13658.8239,14009.7956,14536.392,14614.674,13721.6683
Net Food Importing Developing Countries,Food Household Consumption,Emissions (CH4),kilotonnes,51.8715,55.0693,57.7,62.0141,65.7636,70.7737,77.0091,81.544,81.6819,87.3207,93.7322,98.7086,108.6678,115.1416,121.247,126.5261,136.0297,131.9879,138.2448,138.4284,138.6846
Net Food Importing Developing Countries,Food Household Consumption,Emissions (N2O),kilotonnes,0.3424,0.3614,0.3734,0.3952,0.4137,0.4363,0.4678,0.4909,0.4886,0.5202,0.5563,0.5789,0.6312,0.6649,0.696,0.7224,0.7739,0.7516,0.784,0.7847,0.7977
Net Food Importing Developing Countries,Food Household Consumption,Emissions (CO2),kilotonnes,37232.0433,39141.1241,41013.0636,42004.6101,45522.8952,46762.5236,48347.6527,50826.5684,52458.5183,55913.5357,58029.6974,60103.1389,65371.3714,67338.3376,70614.4255,72767.2338,77646.2101,77779.1096,80594.8254,80796.9943,75782.1422
Net Food Importing Developing Countries,Food Household Consumption,Emissions (CO2eq) from CH4 (AR5),kilotonnes,1452.402,1541.9404,1615.6,1736.3948,1841.3808,1981.6636,2156.2548,2283.232,2287.0932,2444.9796,2624.5016,2763.8408,3042.6984,3223.9648,3394.916,3542.7308,3808.8316,3695.6612,3870.8544,3875.9952,3883.1691
Net Food Importing Developing Countries,Food Household Consumption,Emissions (CO2eq) from N2O (AR5),kilotonnes,90.736,95.771,98.951,104.728,109.6305,115.6195,123.967,130.0885,129.479,137.853,147.4195,153.4085,167.268,176.1985,184.44,191.436,205.0835,199.174,207.76,207.9455,211.3831
Net Food Importing Developing Countries,Food Household Consumption,Emissions (CO2eq) (AR5),kilotonnes,38775.1813,40778.8355,42727.6146,43845.7329,47473.9065,48859.8067,50627.8745,53239.8889,54875.0905,58496.3683,60801.6185,63020.3882,68581.3378,70738.5009,74193.7815,76501.4006,81660.1252,81673.9448,84673.4398,84880.935,79876.6944
Net Food Importing Developing Countries,Food Transport,Emissions (CH4),kilotonnes,3.617,3.6592,3.6469,3.7539,3.923,4.1524,4.3374,4.7998,5.3498,5.8645,6.3714,6.714,7.2136,7.0397,7.3101,7.6909,7.9942,8.4341,8.6139,8.1668,8.2333
Net Food Importing Developing Countries,Food Transport,Emissions (N2O),kilotonnes,0.4999,0.5402,0.5509,0.5742,0.622,0.6457,0.6484,0.7057,0.7437,0.7921,0.8434,0.8938,0.9897,0.9827,1.0558,1.1124,1.1367,1.1888,1.2166,1.1692,1.1894
Net Food Importing Developing Countries,Food Transport,Emissions (CO2),kilotonnes,18725.2062,19131.6479,19455.1903,20191.6745,21435.9789,21984.6329,22415.8665,24465.5697,25261.1803,27223.8435,28781.3876,29733.5887,32919.306,33254.9255,35192.8608,36248.6117,37488.2569,38695.6401,39090.7373,38605.7138,35547.6954
Net Food Importing Developing Countries,Food Transport,Emissions (CO2eq) from CH4 (AR5),kilotonnes,101.276,102.4576,102.1132,105.1092,109.844,116.2672,121.4472,134.3944,149.7944,164.206,178.3992,187.992,201.9808,197.1116,204.6828,215.3452,223.8376,236.1548,241.1892,228.6704,230.5332
Net Food Importing Developing Countries,Food Transport,Emissions (CO2eq) from N2O (AR5),kilotonnes,132.4735,143.153,145.9885,152.163,164.83,171.1105,171.826,187.0105,197.0805,209.9065,223.501,236.857,262.2705,260.4155,279.787,294.786,301.2255,315.032,322.399,309.838,315.1934
Net Food Importing Developing Countries,Food Transport,Emissions (CO2eq) (AR5),kilotonnes,18958.9557,19377.2585,19703.292,20448.9467,21710.6529,22272.0106,22709.1397,24786.9746,25608.0552,27597.956,29183.2878,30158.4377,33383.5573,33712.4526,35677.3306,36758.7429,38013.32,39246.8269,39654.3255,39144.2222,36093.422
Net Food Importing Developing Countries,Energy,Emissions (CH4),kilotonnes,9360.9642,9352.9219,9498.8012,9857.0503,10238.9727,10825.441,11019.6567,11066.8571,11242.8709,11493.9344,11982.5544,12031.6204,12219.1841,12398.2774,12426.1575,12243.3983,12354.3076,12601.0103,12649.3604,13087.9487,13257.0963
Net Food Importing Developing Countries,Energy,Emissions (N2O),kilotonnes,50.0268,51.5956,52.6406,53.8675,56.8185,59.8402,61.0353,62.1715,63.1382,64.2042,65.5304,67.3303,68.4209,68.5799,70.5714,71.8491,75.1991,83.4463,84.8764,81.9369,83.8161
Net Food Importing Developing Countries,Energy,Emissions (CO2),kilotonnes,718712.33,739355.93,777289.3,812973.3,809561.7,857563.4,887862.33,920965,958616.6,983093.7,1031690.03,1047538.33,1087734.3,1093808.3,1145981.7,1145660.3,1203725,1256637,1262787.4,1299092,1211515.3
Net Food Importing Developing Countries,Energy,Emissions (CO2eq) from CH4 (AR5),kilotonnes,262106.9976,261881.8132,265966.4336,275997.4084,286691.2356,303112.348,308550.3876,309871.9988,314800.3852,321830.1632,335511.5232,336885.3712,342137.1548,347151.7672,347932.41,342815.1524,345920.6128,352828.2884,354182.0912,366462.5636,371198.6964
Net Food Importing Developing Countries,Energy,Emissions (CO2eq) from N2O (AR5),kilotonnes,13257.106,13672.8263,13949.7463,14274.8981,15056.9022,15857.6636,16174.3545,16475.4502,16731.6257,17014.1077,17365.5533,17842.5401,18131.5464,18173.6656,18701.4157,19040.0009,19927.7615,22113.2801,22492.246,21713.2759,22211.2585
Net Food Importing Developing Countries,Energy,Emissions (CO2eq) (AR5),kilotonnes,994076.4336,1014910.57,1057205.48,1103245.607,1111309.838,1176533.412,1212587.072,1247312.449,1290148.611,1321937.971,1384567.107,1402266.241,1448003.001,1459133.733,1512615.526,1507515.453,1569573.374,1631578.569,1639461.737,1687267.839,1604925.255
Net Food Importing Developing Countries,IPPU,Emissions (CH4),kilotonnes,9.9199,10.4766,10.4532,10.4834,11.8921,14.854,17.8999,17.7264,17.2964,18.3519,17.9148,18.9497,18.7732,19.1254,18.2992,17.2154,15.7291,17.1653,16.876,18.3447,18.5774
Net Food Importing Developing Countries,IPPU,Emissions (N2O),kilotonnes,24.2415,23.5252,22.9995,24.0779,24.9055,25.2997,26.0178,27.745,27.2104,27.4571,31.3461,31.5685,31.793,32.01,32.2058,32.4149,32.5727,33.0325,33.2722,36.0124,36.7849
Net Food Importing Developing Countries,IPPU,Emissions (CO2),kilotonnes,67194.0019,73234.9129,76327.012,79093.4741,82043.2871,87078.1722,96684.0552,100438.5743,103043.2633,108634.7133,112284.3933,114040.4403,116288.4443,116671.2402,119021.2121,122331.495,124041.2719,132088.1278,136588.1697,140174.2119,141553.1819
Net Food Importing Developing Countries,IPPU,Emissions (CO2eq) from F-gases (AR5),kilotonnes,4678.1201,4906.627,4813.8343,5099.123,6218.9536,6533.0405,7169.9721,7683.6277,8328.9153,8810.61,9350.0547,9048.0157,9441.0142,9885.8491,10325.8576,10770.844,11245.3732,11713.1043,12141.3161,12558.8037,13014.1304
Net Food Importing Developing Countries,IPPU,Emissions (CO2eq) from CH4 (AR5),kilotonnes,277.7576,293.3456,292.6895,293.5344,332.9794,415.9133,501.1966,496.34,484.2989,513.852,501.6154,530.5926,525.6496,535.5119,512.378,482.0312,440.4146,480.6279,472.527,513.6526,520.1677
Net Food Importing Developing Countries,IPPU,Emissions (CO2eq) from N2O (AR5),kilotonnes,6424.0002,6234.1857,6094.8663,6380.6453,6599.9632,6704.4135,6894.7209,7352.4168,7210.7585,7276.1277,8306.7098,8365.6522,8425.141,8482.6432,8534.5275,8589.9486,8631.759,8753.6005,8817.1457,9543.2974,9748.0026
Net Food Importing Developing Countries,IPPU,Emissions (CO2eq) (AR5),kilotonnes,78573.8798,84669.0712,87528.4021,90866.7768,95195.1834,100731.5396,111249.9447,115970.9588,119067.236,125235.3029,130442.7732,131984.7008,134680.2491,135575.2444,138393.9751,142174.3188,144358.8186,153035.4605,158019.1585,162789.9656,164835.4827
Net Food Importing Developing Countries,Waste,Emissions (CH4),kilotonnes,7432.6573,7631.5467,7818.7349,8023.0247,8394.202,8618.956,8739.715,8942.843,9114.238,9323.823,9573.398,9831.736,10117.196,10375.377,10651.482,10916.089,11172.553,11449.691,11709.551,11859.441,12101.919
Net Food Importing Developing Countries,Waste,Emissions (N2O),kilotonnes,38.9355,39.7283,40.4911,41.6943,42.8545,44.133,45.3883,46.9199,48.4161,50.1868,51.8993,53.7062,55.2507,58.0968,59.5829,61.1142,62.5772,64.072,65.4706,67.5049,69.2151
Net Food Importing Developing Countries,Waste,Emissions (CO2),kilotonnes,112.995,116.5821,120.2607,124.1184,128.0718,132.1898,180.7606,183.6504,192.4052,191.388,190.2228,191.909,193.865,215.444,226.539,237.675,246.36,255.4484,264.7124,270.2984,278.8261
Net Food Importing Developing Countries,Waste,Emissions (CO2eq) from CH4 (AR5),kilotonnes,208114.4044,213683.3076,218924.5772,224644.6916,235037.656,241330.768,244712.02,250399.604,255198.664,261067.044,268055.144,275288.608,283281.488,290510.556,298241.496,305650.492,312831.484,320591.348,327867.428,332064.348,338853.732
Net Food Importing Developing Countries,Waste,Emissions (CO2eq) from N2O (AR5),kilotonnes,10317.8969,10527.9862,10730.1415,11048.9948,11356.4451,11695.2344,12027.8968,12433.7682,12830.2559,13299.4994,13753.3066,14232.1536,14641.4461,15395.6599,15789.4659,16195.255,16582.958,16979.0773,17349.7169,17888.7985,18342.0147
Net Food Importing Developing Countries,Waste,Emissions (CO2eq) (AR5),kilotonnes,218545.2963,224327.8759,229774.9794,235817.8048,246522.1729,253158.1922,256920.6774,263017.0226,268221.3251,274557.9313,281998.6733,289712.6706,298116.7991,306121.6599,314257.5008,322083.422,329660.802,337825.8737,345481.8573,350223.4449,357474.5729
Net Food Importing Developing Countries,Other,Emissions (CH4),kilotonnes,7.32,11.4,12.2,13.1,14,14.9,15.8,16.6,17.5,18.4,19.3,20.2,21,21.9,22.8,23.7,24.6,25.5,26.3,27.2,28.1
Net Food Importing Developing Countries,Other,Emissions (N2O),kilotonnes,35.868,36.8058,37.7166,38.1392,39.9196,41.091,42.2651,43.6685,45.0483,46.3264,47.3972,48.8403,51.1383,52.5208,54.5407,55.5963,56.5918,57.8511,58.8383,60.784,62.2144
Net Food Importing Developing Countries,Other,Emissions (CO2eq) from CH4 (AR5),kilotonnes,204.96,319.2,341.6,366.8,392,417.2,442.4,464.8,490,515.2,540.4,565.6,588,613.2,638.4,663.6,688.8,714,736.4,761.6,786.8
Net Food Importing Developing Countries,Other,Emissions (CO2eq) from N2O (AR5),kilotonnes,9505.0094,9753.5449,9994.9043,10106.8827,10578.6807,10889.1097,11200.2383,11572.1631,11937.7915,12276.4987,12560.2474,12942.6795,13551.6442,13918.0199,14453.2935,14733.0195,14996.827,15330.5521,15592.1442,16107.7573,16486.8134
Net Food Importing Developing Countries,Other,Emissions (CO2eq) (AR5),kilotonnes,9709.9694,10072.745,10336.5043,10473.6827,10970.6807,11306.3097,11642.6382,12036.9631,12427.7915,12791.6987,13100.6474,13508.2795,14139.6442,14531.22,15091.6935,15396.6195,15685.627,16044.5521,16328.5442,16869.3573,17273.6133
Net Food Importing Developing Countries,Farm-gate emissions,Emissions (CH4),kilotonnes,25366.4685,25255.3177,26204.4534,27085.3567,27370.0461,28421.6681,28828.5916,30055.489,31083.9415,31216.4682,31772.9678,32404.5773,33029.001,33407.0911,33799.9933,34371.6623,35068.1347,35422.3951,35972.963,36696.941,37770.8311
Net Food Importing Developing Countries,Farm-gate emissions,Direct emissions (N2O),kilotonnes,661.3529,672.7476,693.3627,708.8638,728.2552,754.9148,774.3055,804.5371,839.0294,862.8423,874.3235,891.1831,910.7341,938.5024,964.7576,982.5969,1006.7728,1034.6736,1050.9076,1081.2821,1109.981
Net Food Importing Developing Countries,Farm-gate emissions,Indirect emissions (N2O),kilotonnes,188.9058,191.9302,197.8082,201.7071,208.2382,215.8027,220.9506,229.9705,240.0478,246.7914,249.9671,254.868,260.1861,268.7491,276.6132,281.9747,289.3673,298.5387,303.3168,313.5293,321.5482
Net Food Importing Developing Countries,Farm-gate emissions,Emissions (N2O),kilotonnes,1215.5042,1197.9993,1254.9137,1298.2614,1319.3095,1377.6648,1370.0936,1428.8265,1474.2996,1476.2891,1516.2255,1554.3562,1559.2476,1581.9746,1597.5189,1627.5658,1673.1693,1695.7589,1705.2503,1738.161,1803.204
Net Food Importing Developing Countries,Farm-gate emissions,Emissions (CO2),kilotonnes,139920.2562,141227.3355,144240.0224,144826.8718,146583.2456,152643.5658,152979.0985,152651.0217,154533.9832,150554.3503,152778.4457,152047.5453,151553.3836,149233.605,147034.0071,145129.2444,147675.1548,148269.3781,150650.8857,151511.0626,151547.3969
Net Food Importing Developing Countries,Farm-gate emissions,Emissions (CO2eq) from CH4 (AR5),kilotonnes,710261.1183,707148.8963,733724.6945,758389.9867,766361.2917,795806.7059,807200.5639,841553.6927,870350.3627,874061.1092,889643.0973,907328.1635,924812.0292,935398.5521,946399.8125,962406.5447,981907.7708,991827.0636,1007242.963,1027514.349,1057583.27
Net Food Importing Developing Countries,Farm-gate emissions,Emissions (CO2eq) from N2O (AR5),kilotonnes,322108.6238,317469.824,332552.1388,344039.2809,349617.0228,365081.1738,363074.8054,378639.0239,390689.3888,391216.615,401799.7683,411904.394,413200.6013,419223.2593,423342.4984,431304.9474,443389.8735,449376.1147,451891.3218,460612.6547,477849.0515
Net Food Importing Developing Countries,Farm-gate emissions,Emissions (CO2eq) (AR5),kilotonnes,1172289.998,1165846.056,1210516.856,1247256.139,1262561.56,1313531.446,1323254.468,1372843.738,1415573.735,1415832.075,1444221.311,1471280.103,1489566.014,1503855.416,1516776.318,1538840.737,1572972.799,1589472.556,1609785.171,1639638.066,1686979.719
Net Food Importing Developing Countries,Land Use change,Emissions (CH4),kilotonnes,1907.3621,1497.4331,1709.017,2420.8976,2443.9634,2482.3749,2367.7758,2513.1453,2368.5536,2295.2086,2641.9197,2413.6967,2401.0034,2281.9212,2255.1789,2537.5326,2564.5566,2467.4649,2099.3002,2235.092,2283.5855
Net Food Importing Developing Countries,Land Use change,Emissions (N2O),kilotonnes,55.4993,134.5269,154.4695,218.2581,218.0946,224.6629,212.1501,225.9091,214.5306,206.1229,236.1945,218.6505,217.0701,204.6376,202.5912,226.504,230.2137,223.3687,187.1098,201.3684,203.1032
Net Food Importing Developing Countries,Land Use change,Emissions (CO2),kilotonnes,1165869.86,1097068.468,1096514.779,1097588.611,1099602.246,1096886.615,1098707.165,1098274.97,1096655.237,1098172.502,1099580.704,1429403.571,1429777.402,1431163.336,1430809.54,1432470.609,1311751.708,1309961.972,1312305.18,1310658.367,1313047.819
Net Food Importing Developing Countries,Land Use change,Emissions (CO2eq) from CH4 (AR5),kilotonnes,53406.1378,41928.1258,47852.4747,67785.1325,68430.9739,69506.4984,66297.7233,70368.068,66319.5008,64265.8419,73973.7508,67583.5084,67228.0939,63893.7947,63145.0091,71050.9139,71807.5847,69089.0158,58780.4044,62582.576,63940.3938
Net Food Importing Developing Countries,Land Use change,Emissions (CO2eq) from N2O (AR5),kilotonnes,14707.3111,35649.6167,40934.4204,57838.3981,57795.0687,59535.6783,56219.7647,59865.9227,56850.6102,54622.5796,62591.5388,57942.3765,57523.5842,54228.9759,53686.6772,60023.5663,61006.6429,59192.7158,49584.106,53362.6349,53822.3355
Net Food Importing Developing Countries,Land Use change,Emissions (CO2eq) (AR5),kilotonnes,1233983.309,1174646.211,1185301.674,1223212.142,1225828.289,1225928.792,1221224.653,1228508.961,1219825.348,1217060.924,1236145.994,1554929.456,1554529.08,1549286.107,1547641.226,1563545.089,1444565.935,1438243.704,1420669.691,1426603.578,1430810.548
Net Food Importing Developing Countries,Emissions on agricultural land,Emissions (CH4),kilotonnes,27273.8306,26752.7508,27913.4703,29506.2543,29814.0095,30904.043,31196.3674,32568.6343,33452.4951,33511.6768,34414.8874,34818.274,35430.0044,35689.0124,36055.1722,36909.195,37632.6913,37889.86,38072.2631,38932.033,40054.4166
Net Food Importing Developing Countries,Emissions on agricultural land,Emissions (N2O),kilotonnes,1271.0035,1332.5262,1409.3832,1516.5195,1537.4041,1602.3277,1582.2437,1654.7356,1688.8302,1682.4121,1752.42,1773.0067,1776.3177,1786.6122,1800.1101,1854.0699,1903.3831,1919.1277,1892.3601,1939.5294,2006.3071
Net Food Importing Developing Countries,Emissions on agricultural land,Emissions (CO2),kilotonnes,1305790.116,1238295.804,1240754.801,1242415.483,1246185.492,1249530.181,1251686.263,1250925.992,1251189.22,1248726.853,1252359.15,1581451.116,1581330.786,1580396.941,1577843.547,1577599.853,1459426.863,1458231.35,1462956.066,1462169.429,1464595.215
Net Food Importing Developing Countries,Emissions on agricultural land,Emissions (CO2eq) from CH4 (AR5),kilotonnes,763667.256,749077.0221,781577.1692,826175.1192,834792.2656,865313.2043,873498.2872,911921.7606,936669.8635,938326.9511,963616.8481,974911.6719,992040.1231,999292.3468,1009544.822,1033457.459,1053715.355,1060916.079,1066023.368,1090096.925,1121523.664
Net Food Importing Developing Countries,Emissions on agricultural land,Emissions (CO2eq) from N2O (AR5),kilotonnes,336815.9348,353119.4407,373486.5592,401877.679,407412.0915,424616.8521,419294.5702,438504.9466,447539.999,445839.1945,464391.3071,469846.7704,470724.1855,473452.2352,477029.1756,491328.5137,504396.5164,508568.8305,501475.4278,513975.2896,531671.387
Net Food Importing Developing Countries,Emissions on agricultural land,Emissions (CO2eq) (AR5),kilotonnes,2406273.307,2340492.267,2395818.53,2470468.281,2488389.849,2539460.238,2544479.121,2601352.699,2635399.083,2632892.998,2680367.305,3026209.558,3044095.094,3053141.523,3064417.544,3102385.826,3017538.734,3027716.26,3030454.861,3066241.643,3117790.267
Net Food Importing Developing Countries,Pre- and post- production,Emissions (CH4),kilotonnes,6215.9417,6295.1682,6381.1345,6428.8999,6462.3003,6620.3393,6719.7958,6711.9906,6808.2397,6929.7337,7039.8727,7170.7228,7232.7624,7258.5607,7285.941,7305.8015,7404.5456,7487.4747,7585.7857,7660.0893,7725.2107
Net Food Importing Developing Countries,Pre- and post- production,Emissions (N2O),kilotonnes,32.9944,33.5586,34.0489,34.912,34.9829,35.3412,36.3179,36.7653,37.6903,39.175,40.605,41.5454,41.9634,39.4737,43.4244,41.6567,44.8646,43.9187,44.7187,44.716,45.5506
Net Food Importing Developing Countries,Pre- and post- production,Emissions (CO2),kilotonnes,122145.2037,128452.8708,132130.8349,129850.6587,129795.2817,137065.3122,141488.7353,147760.2809,145396.6765,154389.854,162168.1461,167880.9889,176681.2059,189794.6262,196305.1528,195106.3368,205425.9629,211438.5366,214681.0157,215341.3265,200169.9171
Net Food Importing Developing Countries,Pre- and post- production,Emissions (CO2eq) from F-gases (AR5),kilotonnes,569.8915,721.5855,883.15,1167.836,1497.7185,1645.776,1859.2905,2073.844,2100.858,2114.8845,2123.1965,2126.833,2129.95,2133.067,2133.067,2133.067,2315.4115,2364.764,2411.519,2459.313,2552.8052
Net Food Importing Developing Countries,Pre- and post- production,Emissions (CO2eq) from CH4 (AR5),kilotonnes,174046.3673,176264.709,178671.7652,180009.197,180944.4085,185369.5018,188154.2814,187935.7379,190630.7116,194032.5446,197116.4352,200780.2389,202517.3477,203239.699,204006.3485,204562.4431,207327.2762,209649.2915,212401.9992,214482.5009,216305.899
Net Food Importing Developing Countries,Pre- and post- production,Emissions (CO2eq) from N2O (AR5),kilotonnes,8743.5208,8893.0343,9022.9584,9251.6903,9270.4602,9365.4301,9624.2439,9742.8042,9987.9213,10381.3786,10760.3266,11009.5204,11120.3125,10460.537,11507.4733,11039.0263,11889.1308,11638.4603,11850.4628,11849.7376,12070.9145
Net Food Importing Developing Countries,Pre- and post- production,Emissions (CO2eq) (AR5),kilotonnes,305504.9834,314332.1996,320708.7085,320279.382,321507.869,333446.0201,341126.5511,347512.6669,348116.1674,360918.6618,372168.1044,381797.5812,392448.8161,405627.9292,413952.0416,412840.8732,426957.7814,435091.0524,441344.9967,444132.878,431099.5358
Net Food Importing Developing Countries,Agri-food systems,Emissions (CH4),kilotonnes,33489.7723,33047.919,34294.6048,35935.1541,36276.3098,37524.3824,37916.1632,39280.6249,40260.7348,40441.4106,41454.7601,41988.9968,42662.7668,42947.5731,43341.1132,44214.9965,45037.2368,45377.3347,45658.0488,46592.1223,47779.6273
Net Food Importing Developing Countries,Agri-food systems,Emissions (N2O),kilotonnes,1303.9979,1366.0848,1443.4321,1551.4316,1572.387,1637.669,1618.5616,1691.5009,1726.5205,1721.5871,1793.025,1814.552,1818.2811,1826.0859,1843.5345,1895.7266,1948.2477,1963.0464,1937.0788,1984.2454,2051.8577
Net Food Importing Developing Countries,Agri-food systems,Emissions (CO2),kilotonnes,1427935.32,1366748.675,1372885.636,1372266.142,1375980.773,1386595.493,1393174.999,1398686.273,1396585.897,1403116.707,1414527.296,1749332.105,1758011.992,1770191.567,1774148.7,1772706.19,1664852.825,1669669.887,1677637.082,1677510.756,1664765.133
Net Food Importing Developing Countries,Agri-food systems,Emissions (CO2eq) from F-gases (AR5),kilotonnes,569.8915,721.5855,883.15,1167.836,1497.7185,1645.776,1859.2905,2073.844,2100.858,2114.8845,2123.1965,2126.833,2129.95,2133.067,2133.067,2133.067,2315.4115,2364.764,2411.519,2459.313,2552.8052
Net Food Importing Developing Countries,Agri-food systems,Emissions (CO2eq) from CH4 (AR5),kilotonnes,937713.6234,925341.7311,960248.9344,1006184.316,1015736.674,1050682.706,1061652.569,1099857.499,1127300.575,1132359.496,1160733.283,1175691.911,1194557.471,1202532.046,1213551.17,1238019.902,1261042.632,1270565.371,1278425.367,1304579.426,1337829.563
Net Food Importing Developing Countries,Agri-food systems,Emissions (CO2eq) from N2O (AR5),kilotonnes,345559.4557,362012.475,382509.5176,411129.3694,416682.5517,433982.2823,428918.8141,448247.7508,457527.9203,456220.5731,475151.6337,480856.2908,481844.4981,483912.7723,488536.6489,502367.5399,516285.6472,520207.2909,513325.8906,525825.0272,543742.3015
Net Food Importing Developing Countries,Agri-food systems,Emissions (CO2eq) (AR5),kilotonnes,2711778.291,2654824.466,2716527.238,2790747.663,2809897.718,2872906.258,2885605.672,2948865.366,2983515.25,2993811.66,3052535.409,3408007.14,3436543.911,3458769.452,3478369.586,3515226.699,3444496.516,3462807.312,3471799.858,3510374.521,3548889.802
Net Food Importing Developing Countries,IPCC Agriculture,Emissions (CH4),kilotonnes,25356.4273,25246.3764,26194.832,27074.9927,27358.8463,28409.4419,28815.8561,30041.2386,31070.4534,31202.1249,31757.8791,32389.0511,33014.5307,33392.6127,33786.1355,34358.6651,35055.354,35409.518,35959.527,36683.403,37757.2931
Net Food Importing Developing Countries,IPCC Agriculture,Direct emissions (N2O),kilotonnes,661.3529,672.7476,693.3627,708.8638,728.2552,754.9148,774.3055,804.5371,839.0294,862.8423,874.3235,891.1831,910.7341,938.5024,964.7576,982.5969,1006.7728,1034.6736,1050.9076,1081.2821,1109.981
Net Food Importing Developing Countries,IPCC Agriculture,Indirect emissions (N2O),kilotonnes,188.9058,191.9302,197.8082,201.7071,208.2382,215.8027,220.9506,229.9705,240.0478,246.7914,249.9671,254.868,260.1861,268.7491,276.6132,281.9747,289.3673,298.5387,303.3168,313.5293,321.5482
Net Food Importing Developing Countries,IPCC Agriculture,Emissions (N2O),kilotonnes,1211.1825,1193.4158,1250.2247,1293.4333,1314.203,1370.8215,1363.1815,1421.1912,1466.5462,1469.0746,1508.6432,1546.5982,1551.2965,1575.0716,1590.4546,1620.7908,1665.71,1688.036,1696.8804,1729.4759,1794.5189
Net Food Importing Developing Countries,IPCC Agriculture,Emissions (CO2eq) from CH4 (AR5),kilotonnes,709979.9658,706898.5384,733455.295,758099.7954,766047.697,795464.3737,806843.9704,841154.6812,869972.6946,873659.4972,889220.6157,906893.432,924406.8601,934993.1566,946011.7928,962042.6231,981549.9119,991466.5028,1006866.757,1027135.284,1057204.205
Net Food Importing Developing Countries,IPCC Agriculture,Emissions (CO2eq) from N2O (AR5),kilotonnes,320963.3712,316255.1762,331309.5383,342759.8324,348263.7967,363267.7091,361243.0859,376615.6779,388634.7389,389304.7697,399790.4579,409848.5253,411093.5857,417393.985,421470.4763,429509.5655,441413.1402,447329.5269,449673.2965,458311.1119,475547.5087
Net Food Importing Developing Countries,IPCC Agriculture,Emissions (CO2eq) (AR5),kilotonnes,1030943.337,1023153.715,1064764.833,1100859.628,1114311.494,1158732.083,1168087.056,1217770.359,1258607.434,1262964.267,1289011.074,1316741.957,1335500.446,1352387.142,1367482.269,1391552.189,1422963.052,1438796.03,1456540.053,1485446.396,1532751.714
Net Food Importing Developing Countries,Agricultural Soils,Direct emissions (N2O),kilotonnes,661.3529,672.7476,693.3627,708.8638,728.2552,754.9148,774.3055,804.5371,839.0294,862.8423,874.3235,891.1831,910.7341,938.5024,964.7576,982.5969,1006.7728,1034.6736,1050.9076,1081.2821,1109.981
Net Food Importing Developing Countries,Agricultural Soils,Indirect emissions (N2O),kilotonnes,188.9058,191.9302,197.8082,201.7071,208.2382,215.8027,220.9506,229.9705,240.0478,246.7914,249.9671,254.868,260.1861,268.7491,276.6132,281.9747,289.3673,298.5387,303.3168,313.5293,321.5482
Net Food Importing Developing Countries,Agricultural Soils,Emissions (N2O),kilotonnes,883.0988,897.5016,923.9926,943.3794,969.3416,1003.579,1028.1275,1067.3907,1111.9468,1142.5218,1157.1926,1178.9812,1203.8601,1240.1917,1274.3088,1297.5067,1328.8974,1365.9211,1386.9194,1427.4105,1464.1359
Net Food Importing Developing Countries,Agricultural Soils,Emissions (CO2eq) from N2O (AR5),kilotonnes,234021.1926,237837.9282,244858.0352,249995.5316,256875.5146,265948.43,272453.7859,282858.5456,294665.9089,302768.2832,306656.0519,312430.0303,319022.9382,328650.7916,337691.8447,343839.2724,352157.8152,361969.0829,367533.6324,378263.7831,387996.008
Net Food Importing Developing Countries,Agricultural Soils,Emissions (CO2eq) (AR5),kilotonnes,234021.1926,237837.9282,244858.0352,249995.5316,256875.5146,265948.43,272453.7859,282858.5456,294665.9089,302768.2832,306656.0519,312430.0303,319022.9382,328650.7916,337691.8447,343839.2724,352157.8152,361969.0829,367533.6324,378263.7831,387996.008
Net Food Importing Developing Countries,LULUCF,Emissions (CH4),kilotonnes,2791.6226,1915.3648,2099.2181,2977.0242,3062.86,3080.8336,2908.2567,3178.5762,2956.3335,2919.2249,3405.0126,2939.5877,3033.2022,2889.2098,2834.0511,3136.7108,3185.5025,2978.0171,2629.2871,2695.6745,2760.6226
Net Food Importing Developing Countries,LULUCF,Emissions (N2O),kilotonnes,81.9368,172.6858,190.0966,269.0349,274.6026,279.3048,261.4983,286.6659,268.1975,263.0983,305.8682,266.6666,274.7926,260.0857,255.4448,281.2116,286.9088,269.9844,235.4999,243.4216,246.6587
Net Food Importing Developing Countries,LULUCF,Emissions (CO2),kilotonnes,1217523.816,1157063.893,1156510.16,1157499.093,1159595.479,1156929.477,1158764.513,1158353.827,1156714.1,1158286.944,1159759.743,1463148.178,1463517.145,1464838.383,1464438.074,1466081.654,1451583.459,1449742.857,1452064.591,1450257.131,1452682.917
Net Food Importing Developing Countries,LULUCF,Emissions (CO2eq) from CH4 (AR5),kilotonnes,78165.4315,53630.2136,58778.1073,83356.6769,85760.0802,86263.3395,81431.1874,89000.1341,82777.3379,81738.2977,95340.3526,82308.4564,84929.662,80897.8739,79353.4318,87827.9029,89194.0705,83384.4794,73620.0375,75478.8864,77297.4321
Net Food Importing Developing Countries,LULUCF,Emissions (CO2eq) from N2O (AR5),kilotonnes,21713.2451,45761.7469,50375.5921,71294.2436,72769.6769,74015.7746,69297.0517,75966.4581,71072.3281,69721.0604,81055.0698,70666.6522,72820.048,68922.7183,67692.8686,74521.0731,76030.8345,71545.861,62407.4846,64506.7292,65364.5588
Net Food Importing Developing Countries,LULUCF,Emissions (CO2eq) (AR5),kilotonnes,1317402.492,1256455.854,1265663.86,1312150.014,1318125.236,1317208.592,1309492.752,1323320.419,1310563.766,1309746.302,1336155.166,1616123.287,1621266.855,1614658.975,1611484.374,1628430.63,1616808.364,1604673.197,1588092.113,1590242.746,1595344.907
Net Food Importing Developing Countries,AFOLU,Emissions (CH4),kilotonnes,28148.0499,27161.7411,28294.0501,30052.0169,30421.7063,31490.2755,31724.1128,33219.8148,34026.7869,34121.3498,35162.8917,35328.6389,36047.7329,36281.8225,36620.1866,37495.3759,38240.8565,38387.5351,38588.8141,39379.0775,40517.9156
Net Food Importing Developing Countries,AFOLU,Emissions (N2O),kilotonnes,1293.1193,1366.1016,1440.3212,1562.4682,1588.8056,1650.1264,1624.6798,1707.8571,1734.7436,1732.1729,1814.5114,1813.2648,1826.0892,1835.1574,1845.8994,1902.0024,1952.6188,1958.0203,1932.3803,1972.8975,2041.1776
Net Food Importing Developing Countries,AFOLU,Emissions (CO2),kilotonnes,1217523.816,1157063.893,1156510.16,1157499.093,1159595.479,1156929.477,1158764.513,1158353.827,1156714.1,1158286.944,1159759.743,1463148.178,1463517.145,1464838.383,1464438.074,1466081.654,1451583.459,1449742.857,1452064.591,1450257.131,1452682.917
Net Food Importing Developing Countries,AFOLU,Emissions (CO2eq) from CH4 (AR5),kilotonnes,788145.3972,760528.752,792233.4023,841456.4723,851807.7772,881727.7132,888275.1578,930154.8153,952750.0325,955397.7949,984560.9683,989201.8884,1009336.522,1015891.031,1025365.225,1049870.526,1070743.982,1074850.982,1080486.794,1102614.17,1134501.638
Net Food Importing Developing Countries,AFOLU,Emissions (CO2eq) from N2O (AR5),kilotonnes,342676.6163,362016.9231,381685.1304,414054.0759,421033.4736,437283.4837,430540.1376,452582.136,459707.067,459025.8301,480845.5277,480515.1776,483913.6337,486316.7033,489163.3449,504030.6386,517443.9747,518875.3879,512080.7811,522817.8411,540912.0675
Net Food Importing Developing Countries,AFOLU,Emissions (CO2eq) (AR5),kilotonnes,2348345.829,2279609.568,2330428.693,2413009.641,2432436.729,2475940.674,2477579.808,2541090.778,2569171.2,2572710.569,2625166.239,2932865.244,2956767.301,2967046.117,2978966.643,3019982.819,3039771.416,3043469.227,3044632.166,3075689.142,3128096.622
Net Food Importing Developing Countries,All sectors with LULUCF,Emissions (CH4),kilotonnes,44958.9113,44168.0864,45634.2394,47955.6752,49080.7732,50964.4265,51517.1844,53263.8414,54418.6922,54975.8591,56756.059,57231.145,58423.8862,59096.5023,59738.9253,60695.7786,61808.0462,62480.9017,62990.9014,64372.0119,65923.6083
Net Food Importing Developing Countries,All sectors with LULUCF,Emissions (N2O),kilotonnes,1442.1911,1517.7565,1594.169,1720.2472,1753.3036,1820.4902,1799.3862,1888.362,1918.5566,1920.3474,2010.6843,2014.7102,2032.6921,2046.3649,2062.8002,2122.9768,2179.5595,2196.4223,2174.8379,2219.1357,2293.2081
Net Food Importing Developing Countries,All sectors with LULUCF,Emissions (CO2),kilotonnes,2003543.143,1969771.318,2010246.733,2049689.986,2051328.538,2101703.239,2143491.659,2179941.052,2218566.368,2250206.745,2303924.389,2624918.857,2667733.755,2675533.367,2729667.525,2734311.124,2779596.091,2838723.433,2851704.873,2889793.641,2806030.225
Net Food Importing Developing Countries,All sectors with LULUCF,Emissions (CO2eq) from F-gases (AR5),kilotonnes,4678.1201,4906.627,4813.8343,5099.123,6218.9536,6533.0405,7169.9721,7683.6277,8328.9153,8810.61,9350.0547,9048.0157,9441.0142,9885.8491,10325.8576,10770.844,11245.3732,11713.1043,12141.3161,12558.8037,13014.1304
Net Food Importing Developing Countries,All sectors with LULUCF,Emissions (CO2eq) from CH4 (AR5),kilotonnes,1258849.517,1236706.418,1277758.703,1342758.907,1374261.648,1427003.943,1442481.162,1491387.558,1523723.381,1539324.054,1589169.651,1602472.06,1635868.815,1654702.066,1672689.909,1699481.802,1730625.294,1749465.247,1763745.241,1802416.334,1845861.034
Net Food Importing Developing Countries,All sectors with LULUCF,Emissions (CO2eq) from N2O (AR5),kilotonnes,382180.6288,402205.4663,422454.7887,455865.4968,464625.4649,482429.905,476837.3481,500415.9342,508417.4986,508892.0635,532831.3448,533898.203,538663.4114,542286.692,546642.0474,562588.8626,577583.2802,582051.8979,576332.0339,588070.9703,607700.1568
Net Food Importing Developing Countries,All sectors with LULUCF,Emissions (CO2eq) (AR5),kilotonnes,3649251.408,3613589.83,3715274.058,3853413.512,3896434.604,4017670.127,4069980.141,4179428.172,4259036.163,4307233.473,4435275.44,4770337.136,4851706.995,4882407.974,4959325.338,5007152.632,5099050.038,5181953.682,5203923.463,5292839.749,5272605.545
Net Food Importing Developing Countries,All sectors without LULUCF,Emissions (CH4),kilotonnes,42167.2888,42252.7216,43535.0213,44978.6511,46017.9131,47883.593,48608.9277,50085.2651,51462.3587,52056.6342,53351.0464,54291.5573,55390.684,56207.2926,56904.8742,57559.0678,58622.5437,59502.8845,60361.6144,61676.3374,63162.9858
Net Food Importing Developing Countries,All sectors without LULUCF,Emissions (N2O),kilotonnes,1360.2543,1345.0706,1404.0724,1451.2123,1478.7011,1541.1854,1537.8879,1601.6961,1650.3591,1657.2491,1704.8161,1748.0436,1757.8995,1786.2791,1807.3554,1841.7652,1892.6507,1926.4379,1939.3379,1975.7141,2046.5494
Net Food Importing Developing Countries,All sectors without LULUCF,Emissions (CO2),kilotonnes,786019.3269,812707.425,853736.5727,892190.8925,891733.0589,944773.762,984727.1458,1021587.225,1061852.269,1091919.801,1144164.646,1161770.679,1204216.609,1210694.984,1265229.451,1268229.47,1328012.632,1388980.576,1399640.282,1439536.51,1353347.308
Net Food Importing Developing Countries,All sectors without LULUCF,Emissions (CO2eq) from F-gases (AR5),kilotonnes,4678.1201,4906.627,4813.8343,5099.123,6218.9536,6533.0405,7169.9721,7683.6277,8328.9153,8810.61,9350.0547,9048.0157,9441.0142,9885.8491,10325.8576,10770.844,11245.3732,11713.1043,12141.3161,12558.8037,13014.1304
Net Food Importing Developing Countries,All sectors without LULUCF,Emissions (CO2eq) from CH4 (AR5),kilotonnes,1180684.085,1183076.205,1218980.595,1259402.23,1288501.568,1340740.603,1361049.975,1402387.424,1440946.043,1457585.756,1493829.298,1520163.604,1550939.153,1573804.192,1593336.477,1611653.899,1641431.223,1666080.767,1690125.203,1726937.448,1768563.602
Net Food Importing Developing Countries,All sectors without LULUCF,Emissions (CO2eq) from N2O (AR5),kilotonnes,360467.3837,356443.7195,372079.1966,384571.2533,391855.788,408414.1303,407540.2964,424449.4761,437345.1705,439171.0031,451776.275,463231.5507,465843.3634,473363.9737,478949.1788,488067.7895,501552.4457,510506.037,513924.5493,523564.241,542335.598
Net Food Importing Developing Countries,All sectors without LULUCF,Emissions (CO2eq) (AR5),kilotonnes,2331848.916,2357133.976,2449610.199,2541263.499,2578309.369,2700461.536,2760487.389,2856107.753,2948472.397,2997487.171,3099120.274,3154213.85,3230440.139,3267748.999,3347840.964,3378722.002,3482241.674,3577280.485,3615831.351,3702597.003,3677260.638
Annex I countries,Crop Residues,Direct emissions (N2O),kilotonnes,165.409,167.3727,163.1866,155.5916,184.2884,173.6429,167.0339,167.4619,189.7635,187.1416,172.7493,181.5865,172.679,194.3229,202.0227,200.0646,209.9582,208.4102,199.4297,200.0354,201.9388
Annex I countries,Crop Residues,Direct emissions (N2O),kilotonnes,383.2329,399.2566,397.3379,386.4719,394.5231,399.2241,393.4171,378.8522,400.0763,403.9337,399.8361,413.2888,398.7787,424.1251,441.2774,417.6667,434.5418,442.0629,439.5808,449.7763,425.3601
Annex I countries,Crop Residues,Indirect emissions (N2O),kilotonnes,37.217,37.6589,36.717,35.0081,41.4649,39.0696,37.5826,37.6789,42.6968,42.1069,38.8686,40.857,38.8528,43.7227,45.4551,45.0145,47.2406,46.8923,44.8717,45.008,45.4362
Annex I countries,Crop Residues,Emissions (N2O),kilotonnes,202.626,205.0316,199.9036,190.5998,225.7532,212.7125,204.6165,205.1408,232.4603,229.2485,211.6179,222.4434,211.5318,238.0455,247.4778,245.0791,257.1988,255.3025,244.3014,245.0434,247.375
Annex I countries,Crop Residues,Emissions (N2O),kilotonnes,383.2329,399.2566,397.3379,386.4719,394.5231,399.2241,393.4171,378.8522,400.0763,403.9337,399.8361,413.2888,398.7787,424.1251,441.2774,417.6667,434.5418,442.0629,439.5808,449.7763,425.3601
Annex I countries,Crop Residues,Emissions (CO2eq) from N2O (AR5),kilotonnes,53695.8929,54333.365,52974.457,50508.9342,59824.6074,56368.8146,54223.3841,54362.3179,61601.9689,60750.8501,56078.7429,58947.5049,56055.9362,63082.07,65581.6296,64945.9571,68157.676,67655.1757,64739.8741,64936.5049,65554.3671
Annex I countries,Crop Residues,Emissions (CO2eq) from N2O (AR5),kilotonnes,101556.7073,105803.0049,105294.5501,102415.0509,104548.6331,105794.3786,104255.5346,100395.8203,106020.2262,107042.425,105956.5681,109521.5388,105676.3613,112393.1503,116938.518,110681.6875,115153.5705,117146.6784,116488.903,119190.7327,112720.4324
Annex I countries,Crop Residues,Emissions (CO2eq) (AR5),kilotonnes,53695.8929,54333.365,52974.457,50508.9342,59824.6074,56368.8146,54223.3841,54362.3179,61601.9689,60750.8501,56078.7429,58947.5049,56055.9362,63082.07,65581.6296,64945.9571,68157.676,67655.1757,64739.8741,64936.5049,65554.3671
Annex I countries,Crop Residues,Emissions (CO2eq) (AR5),kilotonnes,101556.7073,105803.0049,105294.5501,102415.0509,104548.6331,105794.3786,104255.5346,100395.8203,106020.2262,107042.425,105956.5681,109521.5388,105676.3613,112393.1503,116938.518,110681.6875,115153.5705,117146.6784,116488.903,119190.7327,112720.4324
Annex I countries,Rice Cultivation,Emissions (CH4),kilotonnes,1117.379,1146.4378,1113.9642,1057.2457,1124.2631,1125.3872,1066.9262,1030.6334,1042.4039,1091.5201,1188.145,1060.6559,1067.1693,1025.4514,1073.422,1023.3792,1086.057,989.9138,1030.5195,957.3151,1032.4418
Annex I countries,Rice Cultivation,Emissions (CH4),kilotonnes,1399.1973,1241.3656,1337.183,1196.013,1247.0425,1353.26,1229.0537,1257.2264,1168.2129,1277.4533,1402.6102,1245.8811,1235.6063,1196.165,1249.8653,1279.6414,1267.8661,1232.113,1250.527,1218.7215,1246.4177
Annex I countries,Rice Cultivation,Emissions (CO2eq) from CH4 (AR5),kilotonnes,31286.6127,32100.2586,31190.9989,29602.8794,31479.3666,31510.8408,29873.933,28857.7366,29187.3096,30562.5622,33268.0592,29698.364,29880.7394,28712.6387,30055.816,28654.6166,30409.5954,27717.5876,28854.5469,26804.8229,28908.3703
Annex I countries,Rice Cultivation,Emissions (CO2eq) from CH4 (AR5),kilotonnes,39177.5253,34758.2355,37441.1234,33488.3638,34917.1897,37891.2813,34413.5038,35202.3404,32709.9608,35768.6937,39273.0852,34884.671,34596.9763,33492.6203,34996.2286,35829.9594,35500.2515,34499.1631,35014.755,34124.2026,34899.6966
Annex I countries,Rice Cultivation,Emissions (CO2eq) (AR5),kilotonnes,31286.6127,32100.2586,31190.9989,29602.8794,31479.3666,31510.8408,29873.933,28857.7366,29187.3096,30562.5622,33268.0592,29698.364,29880.7394,28712.6387,30055.816,28654.6166,30409.5954,27717.5876,28854.5469,26804.8229,28908.3703
Annex I countries,Rice Cultivation,Emissions (CO2eq) (AR5),kilotonnes,39177.5253,34758.2355,37441.1234,33488.3638,34917.1897,37891.2813,34413.5038,35202.3404,32709.9608,35768.6937,39273.0852,34884.671,34596.9763,33492.6203,34996.2286,35829.9594,35500.2515,34499.1631,35014.755,34124.2026,34899.6966
Annex I countries,Burning - Crop residues,Emissions (CH4),kilotonnes,238.4914,235.928,234.3906,232.9681,245.4944,245.7594,232.3749,250.7307,256.6368,251.7955,247.0814,258.7608,265.2132,269.3942,263.7791,262.0112,265.7973,258.2291,254.6981,257.6549,260.9073
Annex I countries,Burning - Crop residues,Emissions (CH4),kilotonnes,105.3744,84.19,90.7842,89.1162,77.7541,70.8302,70.2828,81.6241,64.4621,67.3694,61.0174,60.8369,75.8286,64.0722,62.3625,63.3765,59.1583,59.1017,53.5131,52.8878,61.2088
Annex I countries,Burning - Crop residues,Emissions (N2O),kilotonnes,6.1831,6.1167,6.0768,6.0399,6.3647,6.3715,6.0245,6.5004,6.6535,6.528,6.4058,6.7086,6.8759,6.9843,6.8387,6.7929,6.891,6.6948,6.6033,6.6799,6.7643
Annex I countries,Burning - Crop residues,Emissions (N2O),kilotonnes,3.3392,2.7289,2.9352,2.8295,2.559,2.2821,2.2894,2.5664,2.0695,2.1723,1.9806,1.9958,2.4658,2.1077,2.0568,2.0871,1.9576,2.0193,1.8136,1.7429,2.0056
Annex I countries,Burning - Crop residues,Emissions (CO2eq) from CH4 (AR5),kilotonnes,6677.7599,6605.9847,6562.9363,6523.1061,6873.8438,6881.2642,6506.4976,7020.4588,7185.8309,7050.2728,6918.2783,7245.3029,7425.9685,7543.0386,7385.8142,7336.3147,7442.3249,7230.4157,7131.5457,7214.3377,7305.4037
Annex I countries,Burning - Crop residues,Emissions (CO2eq) from CH4 (AR5),kilotonnes,2950.4823,2357.3204,2541.9566,2495.2537,2177.1161,1983.2457,1967.9171,2285.4745,1804.9382,1886.3443,1708.4879,1703.4318,2123.2012,1794.0209,1746.1501,1774.5428,1656.4317,1654.8484,1498.3674,1480.8588,1713.8456
Annex I countries,Burning - Crop residues,Emissions (CO2eq) from N2O (AR5),kilotonnes,1638.5244,1620.9129,1610.3501,1600.5769,1686.6376,1688.4583,1596.5017,1722.6126,1763.19,1729.9281,1697.5405,1777.7827,1822.1126,1850.8382,1812.26,1800.1143,1826.126,1774.1298,1749.87,1770.1847,1792.5296
Annex I countries,Burning - Crop residues,Emissions (CO2eq) from N2O (AR5),kilotonnes,884.8806,723.1476,777.8226,749.8232,678.1418,604.7475,606.6863,680.0879,548.4086,575.6616,524.8553,528.8899,653.4242,558.5433,545.0422,553.0941,518.7674,535.1255,480.5968,461.8672,531.4809
Annex I countries,Burning - Crop residues,Emissions (CO2eq) (AR5),kilotonnes,8316.2843,8226.8976,8173.2865,8123.683,8560.4814,8569.7225,8102.9993,8743.0713,8949.0209,8780.2009,8615.8188,9023.0856,9248.0811,9393.8768,9198.0742,9136.429,9268.451,9004.5455,8881.4157,8984.5224,9097.9333
Annex I countries,Burning - Crop residues,Emissions (CO2eq) (AR5),kilotonnes,3835.3629,3080.4679,3319.7792,3245.077,2855.2579,2587.9932,2574.6034,2965.5624,2353.3468,2462.0059,2233.3432,2232.3217,2776.6254,2352.5642,2291.1923,2327.6369,2175.199,2189.9739,1978.9642,1942.726,2245.3265
Annex I countries,Enteric Fermentation,Emissions (CH4),kilotonnes,23963.8012,23457.191,23253.2967,22851.8154,22564.4695,22343.0247,22194.628,22068.924,21810.7894,21530.1857,21208.1009,21061.0246,21058.3483,21133.5407,21058.6717,20924.0094,20847.5955,20993.722,20975.0252,20775.7364,20542.5162
Annex I countries,Enteric Fermentation,Emissions (CH4),kilotonnes,23994.0886,23745.4588,23471.9291,23319.365,23037.8523,23048.1013,22929.8651,22931.2958,22660.8769,22406.4297,22113.2347,22061.2123,22179.8219,22233.4953,22159.8781,22200.7484,22382.152,22716.4537,22768.647,22605.3139,22465.1329
Annex I countries,Enteric Fermentation,Emissions (CO2eq) from CH4 (AR5),kilotonnes,670986.4347,656801.3474,651092.3073,639850.8309,631805.1466,625604.6917,621449.5834,617929.8713,610702.1026,602845.2004,593826.8249,589708.6897,589633.7538,591739.1405,589642.8062,585872.2639,583732.6742,587824.2173,587300.7064,581720.6182,575190.4542
Annex I countries,Enteric Fermentation,Emissions (CO2eq) from CH4 (AR5),kilotonnes,671834.4802,664872.8451,657214.0152,652942.2208,645059.8644,645346.8362,642036.224,642076.2831,634504.5531,627380.0315,619170.5719,617713.9446,621035.0136,622537.8676,620476.5878,621620.9546,626700.2567,636060.7033,637522.116,632948.7898,629023.7199
Annex I countries,Enteric Fermentation,Emissions (CO2eq) (AR5),kilotonnes,670986.4347,656801.3474,651092.3073,639850.8309,631805.1466,625604.6917,621449.5834,617929.8713,610702.1026,602845.2004,593826.8249,589708.6897,589633.7538,591739.1405,589642.8062,585872.2639,583732.6742,587824.2173,587300.7064,581720.6182,575190.4542
Annex I countries,Enteric Fermentation,Emissions (CO2eq) (AR5),kilotonnes,671834.4802,664872.8451,657214.0152,652942.2208,645059.8644,645346.8362,642036.224,642076.2831,634504.5531,627380.0315,619170.5719,617713.9446,621035.0136,622537.8676,620476.5878,621620.9546,626700.2567,636060.7033,637522.116,632948.7898,629023.7199
Annex I countries,Manure Management,Emissions (CH4),kilotonnes,4562.2735,4512.4645,4521.2792,4519.8741,4477.1103,4444.4344,4449.5643,4455.8145,4468.1958,4385.3971,4374.8659,4370.9714,4371.6115,4360.7716,4416.5734,4441.7634,4456.2015,4488.4787,4508.0091,4510.4784,4501.5652
Annex I countries,Manure Management,Emissions (CH4),kilotonnes,4624.2967,4693.1537,4706.5879,4709.4536,4600.3298,4653.6663,4645.8619,4829.143,4691.5075,4644.7118,4650.3822,4700.2108,4772.6779,4688.8051,4719.5532,4863.1905,4921.3493,4964.0474,5061.3262,5009.9053,5062.4809
Annex I countries,Manure Management,Emissions (N2O),kilotonnes,180.2983,176.9755,176.8018,174.6084,171.4461,169.1888,168.7931,169.1003,168.141,165.2501,164.4293,162.3206,161.589,161.8312,161.8637,161.9126,162.5624,163.3994,162.7942,162.0435,161.0695
Annex I countries,Manure Management,Emissions (N2O),kilotonnes,211.2905,210.0583,209.5284,209.9223,206.4977,207.3537,209.2575,210.3885,208.2533,206.0626,205.6091,205.2328,206.368,206.7381,206.5994,209.262,212.0447,215.2436,217.2613,215.6907,218.3622
Annex I countries,Manure Management,Emissions (CO2eq) from CH4 (AR5),kilotonnes,127743.659,126349.0067,126595.8182,126556.4755,125359.0889,124444.1645,124587.8004,124762.8066,125109.4824,122791.119,122496.2452,122387.1986,122405.1214,122101.6054,123664.0542,124369.374,124773.6424,125677.4029,126224.2538,126293.3954,126043.8259
Annex I countries,Manure Management,Emissions (CO2eq) from CH4 (AR5),kilotonnes,129480.3086,131408.3043,131784.4607,131864.7007,128809.235,130302.6552,130084.1343,135216.0031,131362.2098,130051.9307,130210.7018,131605.9025,133634.9815,131286.5428,132147.4908,136169.3338,137797.7793,138993.3276,141717.1327,140277.3497,141749.4654
Annex I countries,Manure Management,Emissions (CO2eq) from N2O (AR5),kilotonnes,47779.0533,46898.5134,46852.469,46271.2321,45433.2143,44835.0359,44730.1793,44811.5775,44557.3643,43791.2829,43573.7573,43014.9559,42821.0843,42885.2559,42893.8836,42906.8494,43079.0343,43300.8355,43140.4652,42941.5181,42683.4154
Annex I countries,Manure Management,Emissions (CO2eq) from N2O (AR5),kilotonnes,55991.9885,55665.4613,55525.0202,55629.3992,54721.8786,54948.7381,55453.2484,55752.952,55187.118,54606.5799,54486.4214,54386.6978,54687.5074,54785.5973,54748.8343,55454.4288,56191.8504,57039.5561,57574.2512,57158.0303,57865.9744
Annex I countries,Manure Management,Emissions (CO2eq) (AR5),kilotonnes,175522.7123,173247.5201,173448.2873,172827.7077,170792.3032,169279.2004,169317.9797,169574.3841,169666.8468,166582.4019,166070.0025,165402.1545,165226.2058,164986.8613,166557.9377,167276.2234,167852.6767,168978.2385,169364.7189,169234.9135,168727.2413
Annex I countries,Manure Management,Emissions (CO2eq) (AR5),kilotonnes,185472.2971,187073.7656,187309.4809,187494.0999,183531.1137,185251.3933,185537.3827,190968.9551,186549.3279,184658.5106,184697.1232,185992.6003,188322.4889,186072.1401,186896.3252,191623.7625,193989.6297,196032.8837,199291.3839,197435.3799,199615.4398
Annex I countries,Manure left on Pasture,Direct emissions (N2O),kilotonnes,378.6758,370.5318,367.8145,361.1573,361.1074,361.8303,361.1487,357.314,350.0887,345.8655,339.6863,341.3173,342.6113,346.9174,345.2669,341.882,339.2236,344.8357,348.5766,345.1757,341.0212
Annex I countries,Manure left on Pasture,Indirect emissions (N2O),kilotonnes,102.0101,99.0805,98.1206,96.2642,96.4891,96.7924,95.9406,94.6023,92.0759,90.6512,88.8618,89.4448,89.925,91.055,90.5211,89.821,88.9452,90.4583,91.0972,90.0751,89.154
Annex I countries,Manure left on Pasture,Emissions (N2O),kilotonnes,480.686,469.6123,465.9351,457.4215,457.5964,458.6227,457.0893,451.9163,442.1647,436.5167,428.5481,430.7621,432.5363,437.9724,435.788,431.703,428.1688,435.294,439.6738,435.2508,430.1751
Annex I countries,Manure left on Pasture,Emissions (CO2eq) from N2O (AR5),kilotonnes,127381.7785,124447.2633,123472.7887,121216.695,121263.059,121535.0138,121128.6697,119757.8304,117173.6341,115676.9149,113565.2429,114151.9588,114622.1256,116062.6922,115483.8092,114401.2859,113464.7328,115352.9058,116513.5604,115341.4499,113996.4074
Annex I countries,Manure left on Pasture,Emissions (CO2eq) (AR5),kilotonnes,127381.7785,124447.2633,123472.7887,121216.695,121263.059,121535.0138,121128.6697,119757.8304,117173.6341,115676.9149,113565.2429,114151.9588,114622.1256,116062.6922,115483.8092,114401.2859,113464.7328,115352.9058,116513.5604,115341.4499,113996.4074
Annex I countries,Manure applied to Soils,Direct emissions (N2O),kilotonnes,171.7929,168.6198,169.3031,167.35,164.2015,162.0956,161.7207,162.5171,161.8134,158.7904,158.8511,156.9089,156.661,157.4552,158.0181,158.6885,159.4765,160.1149,159.4763,158.7666,158.2842
Annex I countries,Manure applied to Soils,Direct emissions (N2O),kilotonnes,163.5462,163.24,162.0453,161.4749,157.5825,157.993,158.5834,159.5472,157.9312,156.6599,155.3071,156.3957,157.6434,159.922,161.0253,161.4918,166.2526,166.8677,167.4324,164.8344,166.0043
Annex I countries,Manure applied to Soils,Indirect emissions (N2O),kilotonnes,73.012,71.6634,71.9538,71.1237,69.7856,68.8906,68.7313,69.0698,68.7707,67.4859,67.5117,66.6863,66.5809,66.9185,67.1577,67.4426,67.7775,68.0488,67.7774,67.4758,67.2708
Annex I countries,Manure applied to Soils,Emissions (N2O),kilotonnes,244.8048,240.2833,241.2569,238.4737,233.9872,230.9862,230.452,231.5869,230.5841,226.2763,226.3628,223.5952,223.2419,224.3737,225.1758,226.1311,227.254,228.1638,227.2538,226.2424,225.555
Annex I countries,Manure applied to Soils,Emissions (N2O),kilotonnes,163.5462,163.24,162.0453,161.4749,157.5825,157.993,158.5834,159.5472,157.9312,156.6599,155.3071,156.3957,157.6434,159.922,161.0253,161.4918,166.2526,166.8677,167.4324,164.8344,166.0043
Annex I countries,Manure applied to Soils,Emissions (CO2eq) from N2O (AR5),kilotonnes,64873.2852,63675.067,63933.077,63195.5359,62006.5977,61211.3469,61069.786,61370.5272,61104.7995,59963.2294,59986.1518,59252.7179,59159.1018,59459.0319,59671.5854,59924.7486,60222.3028,60463.3979,60222.2551,59954.2375,59772.0757
Annex I countries,Manure applied to Soils,Emissions (CO2eq) from N2O (AR5),kilotonnes,43339.7427,43258.5902,42942.0146,42790.8365,41759.369,41868.1549,42024.6028,42279.9966,41851.7686,41514.8662,41156.37,41444.8536,41775.5117,42379.3379,42671.695,42795.3219,44056.9488,44219.9407,44369.5754,43681.1175,43991.1322
Annex I countries,Manure applied to Soils,Emissions (CO2eq) (AR5),kilotonnes,64873.2852,63675.067,63933.077,63195.5359,62006.5977,61211.3469,61069.786,61370.5272,61104.7995,59963.2294,59986.1518,59252.7179,59159.1018,59459.0319,59671.5854,59924.7486,60222.3028,60463.3979,60222.2551,59954.2375,59772.0757
Annex I countries,Manure applied to Soils,Emissions (CO2eq) (AR5),kilotonnes,43339.7427,43258.5902,42942.0146,42790.8365,41759.369,41868.1549,42024.6028,42279.9966,41851.7686,41514.8662,41156.37,41444.8536,41775.5117,42379.3379,42671.695,42795.3219,44056.9488,44219.9407,44369.5754,43681.1175,43991.1322
Annex I countries,Synthetic Fertilizers,Direct emissions (N2O),kilotonnes,445.1638,446.9413,447.1592,468.855,454.9977,447.9556,457.4721,472.89,441.0593,446.8388,472.0978,489.3498,499.1683,500.7985,503.6304,506.4891,515.4877,520.8667,514.216,513.9135,533.7867
Annex I countries,Synthetic Fertilizers,Direct emissions (N2O),kilotonnes,457.5377,449.0254,454.5281,454.3378,459.4836,448.2582,442.1936,467.8164,454.152,436.9611,446.9097,469.4478,482.9296,501.2207,505.0593,492.26,517.7102,521.0234,526.2967,527.8294,537.9887
Annex I countries,Synthetic Fertilizers,Indirect emissions (N2O),kilotonnes,144.6782,145.2559,145.3267,152.3779,147.8742,145.5856,148.6784,153.6892,143.3443,145.2226,153.4318,159.0387,162.2297,162.7595,163.6799,164.609,167.5335,169.2817,167.1202,167.0219,173.4807
Annex I countries,Synthetic Fertilizers,Emissions (N2O),kilotonnes,589.8421,592.1972,592.486,621.2328,602.8719,593.5412,606.1505,626.5792,584.4036,592.0614,625.5296,648.3885,661.398,663.558,667.3103,671.0981,683.0212,690.1483,681.3362,680.9353,707.2673
Annex I countries,Synthetic Fertilizers,Emissions (N2O),kilotonnes,457.5377,449.0254,454.5281,454.3378,459.4836,448.2582,442.1936,467.8164,454.152,436.9611,446.9097,469.4478,482.9296,501.2207,505.0593,492.26,517.7102,521.0234,526.2967,527.8294,537.9887
Annex I countries,Synthetic Fertilizers,Emissions (CO2eq) from N2O (AR5),kilotonnes,156308.1462,156932.2637,157008.7834,164626.7026,159761.06,157288.4263,160629.8941,166043.5,154866.9411,156896.2592,165765.3538,171822.9433,175270.4684,175842.8655,176837.2328,177841.0004,181000.6287,182889.3046,180554.1042,180447.8666,187425.8475
Annex I countries,Synthetic Fertilizers,Emissions (CO2eq) from N2O (AR5),kilotonnes,121247.4872,118991.7422,120449.958,120399.5161,121763.1545,118788.425,117181.3166,123971.335,120350.2677,115794.6967,118431.0799,124403.6779,127976.3487,132823.4867,133840.7088,130448.8894,137193.1917,138071.1966,139468.6209,139874.7931,142567.0061
Annex I countries,Synthetic Fertilizers,Emissions (CO2eq) (AR5),kilotonnes,156308.1462,156932.2637,157008.7834,164626.7026,159761.06,157288.4263,160629.8941,166043.5,154866.9411,156896.2592,165765.3538,171822.9433,175270.4684,175842.8655,176837.2328,177841.0004,181000.6287,182889.3046,180554.1042,180447.8666,187425.8475
Annex I countries,Synthetic Fertilizers,Emissions (CO2eq) (AR5),kilotonnes,121247.4872,118991.7422,120449.958,120399.5161,121763.1545,118788.425,117181.3166,123971.335,120350.2677,115794.6967,118431.0799,124403.6779,127976.3487,132823.4867,133840.7088,130448.8894,137193.1917,138071.1966,139468.6209,139874.7931,142567.0061
Annex I countries,Drained organic soils,Emissions (CO2eq) (AR5),kilotonnes,455453.7228,455338.8099,454934.5887,454304.7193,454075.1601,453994.9053,453613.7567,453111.5228,452549.8601,452290.1016,453015.5719,453906.7342,454388.1991,454246.1808,453893.7447,453869.5258,453407.1644,453562.3822,455767.4695,456513.2625,457092.4754
Annex I countries,Drained organic soils,Emissions (CO2eq) (AR5),kilotonnes,43739.6223,43364.0563,43007.4841,42211.5078,41932.8307,41528.2717,41256.8805,41062.3734,40996.6615,40961.5568,40738.5561,40677.7147,40582.9303,40449.5542,40435.3536,40371.0965,40318.1879,40343.0985,40309.8909,40246.2691,40222.6896
Annex I countries,Drained organic soils (CO2),Emissions (CO2),kilotonnes,387066.334,386955.2578,386613.8563,386080.5307,385882.5896,385808.6882,385479.9361,385046.2987,384563.1527,384339.2702,384946.8179,385691.1403,386089.6634,385956.9778,385654.1583,385629.32,385217.9972,385340.8926,387197.9072,387844.7431,388330.6698
Annex I countries,Drained organic soils (CO2),Emissions (CO2),kilotonnes,1816.3864,1744.7535,1684.9083,1632.765,1597.7828,1592.9815,1647.0424,1702.0566,1765.6121,1801.4891,1782.0008,1825.4293,1779.1143,1770.2865,1795.878,1798.4519,1799.0843,1824.0433,1827.2125,1820.2435,1828.7265
Annex I countries,Drained organic soils (CO2),Emissions (CO2eq) (AR5),kilotonnes,387066.334,386955.2578,386613.8563,386080.5307,385882.5896,385808.6882,385479.9361,385046.2987,384563.1527,384339.2702,384946.8179,385691.1403,386089.6634,385956.9778,385654.1583,385629.32,385217.9972,385340.8926,387197.9072,387844.7431,388330.6698
Annex I countries,Drained organic soils (CO2),Emissions (CO2eq) (AR5),kilotonnes,1816.3864,1744.7535,1684.9083,1632.765,1597.7828,1592.9815,1647.0424,1702.0566,1765.6121,1801.4891,1782.0008,1825.4293,1779.1143,1770.2865,1795.878,1798.4519,1799.0843,1824.0433,1827.2125,1820.2435,1828.7265
Annex I countries,Drained organic soils (N2O),Emissions (N2O),kilotonnes,258.0656,258.0511,257.8141,257.4498,257.3305,257.3065,257.1088,256.8499,256.5536,256.4182,256.8632,257.4173,257.7303,257.6951,257.5079,257.5102,257.3176,257.4396,258.7531,259.1265,259.4785
Annex I countries,Drained organic soils (N2O),Emissions (N2O),kilotonnes,158.2009,157.054,155.9342,153.1273,152.2077,150.6992,149.4711,148.5295,148.0417,147.7738,147.0059,146.6124,146.4295,145.9595,145.8093,145.5571,145.3551,145.3549,145.2177,145.0039,144.8829
Annex I countries,Drained organic soils (N2O),Emissions (CO2eq) from N2O (AR5),kilotonnes,68387.3888,68383.5522,68320.7324,68224.1886,68192.5704,68186.2171,68133.8206,68065.2241,67986.7074,67950.8313,68068.7541,68215.5939,68298.5357,68289.203,68239.5864,68240.2058,68189.1672,68221.4897,68569.5623,68668.5193,68761.8056
Annex I countries,Drained organic soils (N2O),Emissions (CO2eq) from N2O (AR5),kilotonnes,41923.2359,41619.3028,41322.5757,40578.7428,40335.0479,39935.2902,39609.8381,39360.3168,39231.0495,39160.0677,38956.5554,38852.2854,38803.816,38679.2677,38639.4757,38572.6447,38519.1036,38519.0552,38482.6784,38426.0256,38393.9631
Annex I countries,Drained organic soils (N2O),Emissions (CO2eq) (AR5),kilotonnes,68387.3888,68383.5522,68320.7324,68224.1886,68192.5704,68186.2171,68133.8206,68065.2241,67986.7074,67950.8313,68068.7541,68215.5939,68298.5357,68289.203,68239.5864,68240.2058,68189.1672,68221.4897,68569.5623,68668.5193,68761.8056
Annex I countries,Drained organic soils (N2O),Emissions (CO2eq) (AR5),kilotonnes,41923.2359,41619.3028,41322.5757,40578.7428,40335.0479,39935.2902,39609.8381,39360.3168,39231.0495,39160.0677,38956.5554,38852.2854,38803.816,38679.2677,38639.4757,38572.6447,38519.1036,38519.0552,38482.6784,38426.0256,38393.9631
Annex I countries,On-farm energy use,Emissions (CH4),kilotonnes,131.3905,115.1815,115.5359,121.6942,127.2228,127.459,134.8883,142.2096,113.0025,113.0957,111.9944,107.4001,103.6111,94.4466,83.3039,76.8752,72.2812,71.3287,68.9733,68.2773,68.2773
Annex I countries,On-farm energy use,Emissions (N2O),kilotonnes,61.6943,61.1014,58.4829,57.2403,60.9049,62.0881,60.9885,59.977,60.9053,56.8287,59.2913,57.7467,53.4756,53.9214,55.0734,53.5785,53.596,52.9837,53.1971,52.8377,52.8377
Annex I countries,On-farm energy use,Emissions (CO2),kilotonnes,241972.5786,235519.2525,227901.5945,227302.818,239929.667,241845.4161,243813.5102,244809.5256,236024.6705,224306.4834,226708.1379,223820.8321,212005.6098,212841.049,208216.6087,201489.3305,199782.7229,199479.4727,202010.5521,201559.9821,201559.9821
Annex I countries,On-farm energy use,Emissions (CO2eq) from CH4 (AR5),kilotonnes,3678.9344,3225.0813,3235.0058,3407.4378,3562.237,3568.8525,3776.8717,3981.8678,3164.069,3166.6784,3135.8428,3007.2031,2901.1118,2644.5036,2332.5105,2152.5051,2023.8732,1997.2046,1931.2521,1911.7646,1911.7646
Annex I countries,On-farm energy use,Emissions (CO2eq) from N2O (AR5),kilotonnes,16348.9864,16191.8747,15497.9693,15168.6879,16139.8036,16453.3588,16161.9591,15893.9055,16139.905,15059.6047,15712.2067,15302.8683,14171.0268,14289.1788,14594.4563,14198.3101,14202.942,14040.6839,14097.2207,14001.9816,14001.9816
Annex I countries,On-farm energy use,Emissions (CO2eq) (AR5),kilotonnes,262000.4993,254936.2085,246634.5696,245878.9437,259631.7077,261867.6274,263752.3411,264685.299,255328.6445,242532.7665,245556.1874,242130.9035,229077.7484,229774.7314,225143.5754,217840.1458,216009.5381,215517.3612,218039.0248,217473.7282,217473.7282
Annex I countries,Forestland,Emissions (CO2),kilotonnes,-1706865.987,-1851915.937,-1851915.937,-1851915.937,-1851915.937,-1851915.937,-1851915.937,-1851915.937,-1851915.937,-1851915.937,-1851915.937,-2123724.501,-2123724.501,-2123724.501,-2123724.501,-2123724.501,-1561805.035,-1561805.035,-1561805.035,-1561805.035,-1561805.035
Annex I countries,Forestland,Emissions (CO2),kilotonnes,-2367552.141,-2444958.785,-2393123.385,-2408418.325,-2322439.204,-2349155.251,-2393665.412,-2335138.697,-2422425.941,-2520110.151,-2502328.423,-2478708.369,-2502766.558,-2466755.633,-2448792.212,-2359642.905,-2437841.145,-2347468.285,-2302874.814,-2218733.91,-2226823.905
Annex I countries,Forestland,Emissions (CO2eq) (AR5),kilotonnes,-1706865.987,-1851915.937,-1851915.937,-1851915.937,-1851915.937,-1851915.937,-1851915.937,-1851915.937,-1851915.937,-1851915.937,-1851915.937,-2123724.501,-2123724.501,-2123724.501,-2123724.501,-2123724.501,-1561805.035,-1561805.035,-1561805.035,-1561805.035,-1561805.035
Annex I countries,Forestland,Emissions (CO2eq) (AR5),kilotonnes,-2367552.141,-2444958.785,-2393123.385,-2408418.325,-2322439.204,-2349155.251,-2393665.412,-2335138.697,-2422425.941,-2520110.151,-2502328.423,-2478708.369,-2502766.558,-2466755.633,-2448792.212,-2359642.905,-2437841.145,-2347468.285,-2302874.814,-2218733.91,-2226823.905
Annex I countries,Net Forest conversion,Emissions (CO2),kilotonnes,328423.8903,251556.4639,251556.4639,251556.4639,251556.4639,251556.4639,251556.4639,251556.4639,251556.4639,251556.4639,251556.4639,164963.096,164963.096,164963.096,164963.096,164963.096,240577.4183,240577.4183,240577.4183,240577.4183,240577.4183
Annex I countries,Net Forest conversion,Emissions (CO2),kilotonnes,185516.4421,199419.6262,195736.9006,190734.2242,190930.9961,209872.1603,210326.8359,214789.3435,193018.8904,181203.1173,180487.7808,167644.1256,163640.0936,161802.0956,165620.7297,169146.0831,161071.3223,155770.5264,161313.9301,154987.2621,148094.3135
Annex I countries,Net Forest conversion,Emissions (CO2eq) (AR5),kilotonnes,328423.8903,251556.4639,251556.4639,251556.4639,251556.4639,251556.4639,251556.4639,251556.4639,251556.4639,251556.4639,251556.4639,164963.096,164963.096,164963.096,164963.096,164963.096,240577.4183,240577.4183,240577.4183,240577.4183,240577.4183
Annex I countries,Net Forest conversion,Emissions (CO2eq) (AR5),kilotonnes,185516.4421,199419.6262,195736.9006,190734.2242,190930.9961,209872.1603,210326.8359,214789.3435,193018.8904,181203.1173,180487.7808,167644.1256,163640.0936,161802.0956,165620.7297,169146.0831,161071.3223,155770.5264,161313.9301,154987.2621,148094.3135
Annex I countries,Savanna fires,Emissions (CH4),kilotonnes,1866.0465,2248.0996,2052.8637,774.3465,1389.8309,609.1906,1360.7818,1259.2335,762.3227,825.9147,468.9802,2345.3519,2312.7783,670.6807,1146.3636,1043.592,549.456,1270.3277,1251.1493,785.3179,407.6129
Annex I countries,Savanna fires,Emissions (CH4),kilotonnes,425.9239,403.4001,399.0527,414.9648,359.7771,383.8108,428.1341,450.6895,358.0239,359.8303,341.272,348.2992,331.5442,302.7656,321.7729,283.4494,273.9564,285.4384,242.6911,234.1206,225.2657
Annex I countries,Savanna fires,Emissions (N2O),kilotonnes,170.3782,205.2613,187.4354,70.7012,126.8976,55.6217,124.2453,114.9735,69.6034,75.4096,42.8199,214.1408,211.1667,61.2361,104.668,95.2845,50.1677,115.9864,114.2354,71.7029,37.2168
Annex I countries,Savanna fires,Emissions (N2O),kilotonnes,13.3645,12.1118,11.7411,12.4914,10.1258,11.1061,13.6645,13.6236,10.5203,11.1322,10.3885,12.5752,11.7542,9.93,10.9661,9.3399,8.7777,9.3228,7.7603,7.4835,7.367
Annex I countries,Savanna fires,Emissions (CO2),kilotonnes,5720.2733,3758.2429,2922.0586,6064.4434,3298.068,4418.1424,1930.6216,6311.8124,2294.1019,3934.3844,3405.9304,3527.6211,5224.8262,1922.7828,1375.463,1216.3659,2091.5355,4914.5764,539.1498,865.1123,1212.1767
Annex I countries,Savanna fires,Emissions (CO2eq) from CH4 (AR5),kilotonnes,52249.3031,62946.7876,57480.1839,21681.7018,38915.266,17057.3365,38101.8892,35258.5371,21345.0367,23125.6117,13131.4462,65669.8529,64757.7922,18779.06,32098.1821,29220.5754,15384.7674,35569.1751,35032.1818,21988.9013,11413.1617
Annex I countries,Savanna fires,Emissions (CO2eq) from CH4 (AR5),kilotonnes,11925.8682,11295.2015,11173.4754,11619.0151,10073.7582,10746.7014,11987.7546,12619.307,10024.6704,10075.2486,9555.6157,9752.3785,9283.2381,8477.437,9009.6405,7936.5831,7670.7796,7992.274,6795.3503,6555.3775,6307.4394
Annex I countries,Savanna fires,Emissions (CO2eq) from N2O (AR5),kilotonnes,45150.2145,54394.2349,49670.3763,18735.8184,33627.8657,14739.7636,32925.0021,30467.975,18444.8959,19983.5449,11347.2823,56747.3185,55959.1791,16227.5573,27737.0161,25250.3885,13294.4457,30736.4067,30272.3745,19001.2788,9862.4603
Annex I countries,Savanna fires,Emissions (CO2eq) from N2O (AR5),kilotonnes,3541.5886,3209.6189,3111.3971,3310.231,2683.3406,2943.1217,3621.0887,3610.2568,2787.8674,2950.0362,2752.9583,3332.42,3114.8613,2631.4491,2906.0266,2475.0784,2326.1002,2470.5359,2056.4871,1983.1208,1952.253
Annex I countries,Savanna fires,Emissions (CO2eq) (AR5),kilotonnes,97399.5176,117341.0225,107150.5603,40417.5203,72543.1317,31797.1001,71026.8913,65726.5121,39789.9326,43109.1565,24478.7285,122417.1714,120716.9713,35006.6173,59835.1982,54470.9638,28679.2131,66305.5818,65304.5562,40990.1801,21275.622
Annex I countries,Savanna fires,Emissions (CO2eq) (AR5),kilotonnes,21187.73,18263.0633,17206.9312,20993.6896,16055.1667,18107.9655,17539.4648,22541.3762,15106.6397,16959.6692,15714.5044,16612.4196,17622.9256,13031.6689,13291.1301,11628.0274,12088.4153,15377.3863,9390.9873,9403.6105,9471.869
Annex I countries,Fires in organic soils,Emissions (CH4),kilotonnes,0,0,0,0,0,0,0,0,0,0,0,0,0,0,0,0,0,0,0,0,0
Annex I countries,Fires in organic soils,Emissions (CO2),kilotonnes,0,0,0,0,0,0,0,0,0,0,0,0,0,0,0,0,0,0,0,0,0
Annex I countries,Fires in organic soils,Emissions (CO2eq) from CH4 (AR5),kilotonnes,0,0,0,0,0,0,0,0,0,0,0,0,0,0,0,0,0,0,0,0,0
Annex I countries,Fires in organic soils,Emissions (CO2eq) (AR5),kilotonnes,0,0,0,0,0,0,0,0,0,0,0,0,0,0,0,0,0,0,0,0,0
Annex I countries,Forest fires,Emissions (CH4),kilotonnes,507.8457,118.5391,202.8757,338.0212,199.2464,114.2754,257.382,135.8607,271.2908,185.6516,153.2233,177.3724,221.5356,151.3334,222.734,163.7596,219.0045,190.1357,286.3468,554.8634,393.1547
Annex I countries,Forest fires,Emissions (CH4),kilotonnes,426.4689,297.2418,518.2679,436.4535,603.8733,493.5959,423.9078,564.9061,476.9668,514.2451,367.6118,469.2613,494.3719,498.8985,409.982,785.7786,449.6281,671.2076,491.2915,286.898,759.4412
Annex I countries,Forest fires,Emissions (N2O),kilotonnes,27.0174,10.8231,18.5234,30.8628,18.1921,10.4338,23.5001,12.4047,24.77,16.9508,13.9899,16.1949,20.2272,13.8174,20.3366,14.952,19.9961,17.3602,26.1447,50.6614,35.8967
Annex I countries,Forest fires,Emissions (N2O),kilotonnes,18.3874,9.8954,24.9211,18.4247,34.8968,25.0404,17.861,25.6164,18.0346,21.1098,11.4728,18.1039,22.0278,20.3854,14.4387,37.4949,17.5196,31.7468,22.9201,8.2901,42.7979
Annex I countries,Forest fires,Emissions (CO2),kilotonnes,42.3201,126.1179,29.4082,34.0669,33.3752,75.5013,-2.3366,75.1952,73.4549,65.018,50.6607,89.3282,83.4748,181.8548,271.5682,297.3307,210.281,81.6538,757.3047,510.1461,585.4087
Annex I countries,Forest fires,Emissions (CO2eq) from CH4 (AR5),kilotonnes,14219.6799,3319.0952,5680.5205,9464.5943,5578.8981,3199.7113,7206.697,3804.0992,7596.1421,5198.2456,4290.2512,4966.4283,6202.9971,4237.334,6236.5523,4585.2681,6132.1261,5323.801,8017.7102,15536.1751,11008.3323
Annex I countries,Forest fires,Emissions (CO2eq) from CH4 (AR5),kilotonnes,11941.1304,8322.7708,14511.5018,12220.699,16908.4535,13820.684,11869.4181,15817.3709,13355.0702,14398.863,10293.1307,13139.3156,13842.4134,13969.1584,11479.4968,22001.8,12589.5878,18793.814,13756.1626,8033.1452,21264.3533
Annex I countries,Forest fires,Emissions (CO2eq) from N2O (AR5),kilotonnes,7159.6009,2868.1312,4908.7107,8178.644,4820.8956,2764.9679,6227.5262,3287.2379,6564.0575,4491.9622,3707.3367,4291.6418,5360.1986,3661.6093,5389.1947,3962.2698,5298.9568,4600.4585,6928.3474,13425.2818,9512.635
Annex I countries,Forest fires,Emissions (CO2eq) from N2O (AR5),kilotonnes,4872.6516,2622.2924,6604.0802,4882.5359,9247.6626,6635.7025,4733.1581,6788.3591,4779.1606,5594.0998,3040.2922,4797.5324,5837.3558,5402.1362,3826.2632,9936.1591,4642.6912,8412.9045,6073.8138,2196.8723,11341.4489
Annex I countries,Forest fires,Emissions (CO2eq) (AR5),kilotonnes,21379.2808,6187.2264,10589.2312,17643.2383,10399.7937,5964.6792,13434.2233,7091.337,14160.1996,9690.2078,7997.5879,9258.0702,11563.1957,7898.9433,11625.747,8547.5379,11431.083,9924.2594,14946.0576,28961.4569,20520.9673
Annex I countries,Forest fires,Emissions (CO2eq) (AR5),kilotonnes,16856.1022,11071.1811,21144.9902,17137.3018,26189.4913,20531.8878,16600.2396,22680.9252,18207.6857,20057.9808,13384.0836,18026.1762,19763.244,19553.1494,15577.3282,32235.2898,17442.56,27288.3724,20587.2812,10740.1636,33191.211
Annex I countries,Fires in humid tropical forests,Emissions (CH4),kilotonnes,4.7147,1.7845,3.0168,2.0935,1.2812,3.5125,0.3116,0.8601,1.558,4.0264,0.0506,3.2992,4.1408,2.5645,3.5626,2.1094,2.3249,1.7235,10.4137,1.8908,1.3714
Annex I countries,Fires in humid tropical forests,Emissions (N2O),kilotonnes,0.1387,0.1629,0.2754,0.1911,0.117,0.3207,0.0285,0.0785,0.1423,0.3676,0.0046,0.3012,0.3781,0.2341,0.3253,0.1926,0.2123,0.1574,0.9508,0.1726,0.1252
Annex I countries,Fires in humid tropical forests,Emissions (CO2eq) from CH4 (AR5),kilotonnes,132.0128,49.9651,84.47,58.6185,35.8736,98.3494,8.7251,24.0822,43.6246,112.7396,1.4167,92.3789,115.9429,71.8047,99.7537,59.063,65.0976,48.2574,291.5832,52.9437,38.3988
Annex I countries,Fires in humid tropical forests,Emissions (CO2eq) from N2O (AR5),kilotonnes,36.7473,43.1764,72.9931,50.654,30.9994,84.9867,7.5397,20.8101,37.6974,97.4217,1.2242,79.8274,100.1898,62.0486,86.2002,51.0381,56.2528,41.7006,251.9659,45.7502,33.1816
Annex I countries,Fires in humid tropical forests,Emissions (CO2eq) (AR5),kilotonnes,168.7601,93.1415,157.4632,109.2726,66.873,183.336,16.2648,44.8923,81.322,210.1612,2.6409,172.2063,216.1327,133.8534,185.9539,110.1011,121.3505,89.958,543.5492,98.6939,71.5804
Annex I countries,Waste - agri-food systems,Emissions (CH4),kilotonnes,8325.4277,8379.7357,7818.5457,8137.444,7996.836,7997.9912,7990.0759,7897.7213,7449.2184,7458.8246,7444.9837,7368.3188,7355.8275,7597.1289,7471.7883,7428.434,7436.2304,7443.0111,7457.1549,7466.0537,7470.9249
Annex I countries,Waste - agri-food systems,Emissions (N2O),kilotonnes,60.8383,61.1886,61.9034,62.6724,63.1041,63.3354,63.4859,64.4649,64.5514,64.8126,65.4408,65.7371,66.201,66.7161,66.1988,66.969,68.34,70.4863,72.498,74.3774,76.2934
Annex I countries,Waste - agri-food systems,Emissions (CO2),kilotonnes,12889.0695,12877.0656,12916.5933,12979.9222,13032.4456,13047.9019,13064.451,13104.556,13143.3553,13118.2954,13133.3507,13168.5756,13158.3229,13147.1016,13148.9539,13104.3753,13123.0179,13136.6916,13162.1649,13163.2344,13150.8357
Annex I countries,Waste - agri-food systems,Emissions (CO2eq) from CH4 (AR5),kilotonnes,233111.9749,234632.6006,218919.2808,227848.4313,223911.4084,223943.7542,223722.1244,221136.1965,208578.1148,208847.0875,208459.5431,206312.9262,205963.1699,212719.6096,209210.0718,207996.1514,208214.4522,208404.3112,208800.3361,209049.5024,209185.8979
Annex I countries,Waste - agri-food systems,Emissions (CO2eq) from N2O (AR5),kilotonnes,16122.1431,16214.9677,16404.4134,16608.1778,16722.5892,16783.8862,16823.7712,17083.1915,17106.1205,17175.3315,17341.7989,17420.3284,17543.2611,17679.7784,17542.6835,17746.7766,18110.0933,18678.8567,19211.9704,19710.0117,20217.7594
Annex I countries,Waste - agri-food systems,Emissions (CO2eq) (AR5),kilotonnes,262123.1874,263724.6339,248240.2875,257436.5313,253666.4432,253775.5423,253610.3466,251323.944,238827.5906,239140.7144,238934.6927,236901.8303,236664.7539,243546.4896,239901.7092,238847.3033,239447.5634,240219.8596,241174.4714,241922.7486,242554.493
Annex I countries,Fertilizers Manufacturing,Emissions (N2O),kilotonnes,84.6492,86.7554,88.7979,91.723,89.0353,91.8477,98.465,95.9809,99.1689,94.4506,102.1593,110.9154,107.3937,108.6098,105.0882,97.9147,105.7807,108.1481,107.747,110.8881,104.7906
Annex I countries,Fertilizers Manufacturing,Emissions (CO2),kilotonnes,33474.04,36892.7867,44524.127,50821.5549,54195.6092,60732.1291,69072.2502,69340.3615,70056.7876,72508.948,78835.4951,84350.3688,81509.7575,113007.2872,117492.763,117695.5426,120427.5073,124693.3362,118195.7937,123271.3778,112661.7996
Annex I countries,Fertilizers Manufacturing,Emissions (CO2eq) from N2O (AR5),kilotonnes,22432.036,22990.181,23531.4435,24306.595,23594.3545,24339.6405,26093.225,25434.9385,26279.7585,25029.409,27072.2145,29392.581,28459.3305,28781.597,27848.373,25947.3955,28031.8855,28659.2465,28552.955,29385.3465,27769.5197
Annex I countries,Fertilizers Manufacturing,Emissions (CO2eq) (AR5),kilotonnes,55906.076,59882.9677,68055.5705,75128.1499,77789.9637,85071.7696,95165.4752,94775.3,96336.5461,97538.357,105907.7096,113742.9498,109969.088,141788.8842,145341.136,143642.9381,148459.3928,153352.5827,146748.7487,152656.7243,140431.3193
Annex I countries,On-farm electricity use,Emissions (CH4),kilotonnes,175.4066,168.785,163.3879,161.762,162.7123,164.871,167.8611,166.7385,165.8716,165.3484,163.5027,157.1553,155.8661,154.6849,154.5096,170.0809,175.8475,186.1635,187.0698,193.5818,193.5818
Annex I countries,On-farm electricity use,Emissions (N2O),kilotonnes,0.9366,0.9014,0.8725,0.8638,0.8687,0.8802,0.8963,0.8902,0.886,0.8829,0.8728,0.839,0.8327,0.8262,0.8252,0.9084,0.9392,0.9943,0.9991,1.0339,1.0339
Annex I countries,On-farm electricity use,Emissions (CO2),kilotonnes,68586.4107,65932.5288,63754.7174,63182.8716,60619.9199,61648.12,61625.2912,61763.0685,60017.9081,56302.1275,55580.0357,52697.2204,51398.907,53201.8995,53464.8827,59623.8199,61913.511,66489.5144,66659.3991,69298.302,69298.302
Annex I countries,On-farm electricity use,Emissions (CO2eq) from CH4 (AR5),kilotonnes,4911.3848,4725.98,4574.8612,4529.336,4555.9444,4616.388,4700.1108,4668.678,4644.4048,4629.7552,4578.0756,4400.3484,4364.2508,4331.1772,4326.2688,4762.2652,4923.73,5212.578,5237.9544,5420.2904,5420.2904
Annex I countries,On-farm electricity use,Emissions (CO2eq) from N2O (AR5),kilotonnes,248.199,238.871,231.2125,228.907,230.2055,233.253,237.5195,235.903,234.79,233.9685,231.292,222.335,220.6655,218.943,218.678,240.726,248.888,263.4895,264.7615,273.9835,273.9835
Annex I countries,On-farm electricity use,Emissions (CO2eq) (AR5),kilotonnes,73745.9945,70897.3798,68560.7911,67941.1146,65406.0698,66497.761,66562.9215,66667.6495,64897.1029,61165.8512,60389.4033,57319.9038,55983.8233,57752.0197,58009.8295,64626.8111,67086.129,71965.5819,72162.115,74992.5759,74992.5759
Annex I countries,Food Processing,Emissions (CH4),kilotonnes,325.7084,333.8216,336.6443,346.2231,347.5205,363.0707,372.71,377.046,377.8871,368.3828,361.6865,367.8421,371.8384,376.823,375.2381,375.5575,387.9197,388.9529,392.3974,392.4336,371.0039
Annex I countries,Food Processing,Emissions (N2O),kilotonnes,2.7539,2.9008,2.8852,2.9526,2.999,3.0601,3.1159,3.0541,3.0766,2.9608,3.0009,2.9823,2.9405,2.9663,2.9511,2.9016,2.9809,2.9842,3.0249,3.0246,2.8146
Annex I countries,Food Processing,Emissions (CO2),kilotonnes,282341.3959,290777.9666,294296.0759,299494.2277,298975.4347,300763.7234,304085.2353,300682.525,298812.1732,280005.443,286339.2165,284586.6798,282033.8042,291048.4629,291640.8488,286637.0936,297642.9376,296550.4982,299558.4805,299499.4348,267863.7252
Annex I countries,Food Processing,Emissions (CO2eq) from CH4 (AR5),kilotonnes,9119.8352,9347.0048,9426.0404,9694.2468,9730.574,10165.9796,10435.88,10557.288,10580.8388,10314.7184,10127.222,10299.5788,10411.4752,10551.044,10506.6668,10515.61,10861.7516,10890.6812,10987.1272,10988.1408,10388.1102
Annex I countries,Food Processing,Emissions (CO2eq) from N2O (AR5),kilotonnes,729.7835,768.712,764.578,782.439,794.735,810.9265,825.7135,809.3365,815.299,784.612,795.2385,790.3095,779.2325,786.0695,782.0415,768.924,789.9385,790.813,801.5985,801.519,745.8581
Annex I countries,Food Processing,Emissions (CO2eq) (AR5),kilotonnes,292191.0146,300893.6834,304486.6943,309970.9135,309500.7437,311740.6295,315346.8288,312049.1495,310208.311,291104.7734,297261.677,295676.5681,293224.5119,302385.5764,302929.5571,297921.6276,309294.6277,308231.9924,311347.2062,311289.0946,278997.6934
Annex I countries,Food Packaging,Emissions (CH4),kilotonnes,368.5746,401.6697,419.5155,442.4712,438.2816,427.8722,467.1974,658.9593,984.8558,1109.9023,903.6783,866.0058,911.9307,816.6616,830.9144,941.1414,959.0544,1006.075,1027.757,1089.6507,1092.1005
Annex I countries,Food Packaging,Emissions (N2O),kilotonnes,1.4484,1.4464,1.3671,1.3546,1.3642,1.3517,1.342,1.4723,1.4666,1.3932,1.4479,1.3659,1.3151,1.2643,1.2741,1.3364,1.3284,1.2976,1.264,1.3155,1.2255
Annex I countries,Food Packaging,Emissions (CO2),kilotonnes,140737.7483,138926.5182,128480.5072,127966.8886,126703.8225,126956.6352,124225.3177,132339.9699,129036.8581,119063.4377,126098.8433,117955.2878,113961.1663,112586.5832,116083.1328,118394.0606,118335.908,116399.7245,113825.0542,116073.4186,104464.6349
Annex I countries,Food Packaging,Emissions (CO2eq) from CH4 (AR5),kilotonnes,10320.0888,11246.7516,11746.434,12389.1936,12271.8848,11980.4216,13081.5272,18450.8604,27575.9624,31077.2644,25302.9924,24248.1624,25534.0596,22866.5248,23265.6032,26351.9592,26853.5232,28170.1,28777.196,30510.2196,30578.8131
Annex I countries,Food Packaging,Emissions (CO2eq) from N2O (AR5),kilotonnes,383.826,383.296,362.2815,358.969,361.513,358.2005,355.63,390.1595,388.649,369.198,383.6935,361.9635,348.5015,335.0395,337.6365,354.146,352.026,343.864,334.96,348.6075,324.7478
Annex I countries,Food Packaging,Emissions (CO2eq) (AR5),kilotonnes,151441.6631,150556.5658,140589.2227,140715.0512,139337.2203,139295.2573,137662.4749,151180.9898,157001.4695,150509.9001,151785.5292,142565.4137,139843.7274,135788.1475,139686.3725,145100.1658,145541.4572,144913.6885,142937.2102,146932.2457,135368.1957
Annex I countries,Food Retail,Emissions (CH4),kilotonnes,577.192,510.5878,515.5364,528.1736,541.9395,715.9166,724.8849,748.0602,758.6446,736.4247,679.7663,657.3416,661.3146,704.3688,733.6589,717.3765,736.8556,777.1915,757.0432,773.8317,726.0686
Annex I countries,Food Retail,Emissions (N2O),kilotonnes,3.3626,3.0198,3.0696,3.1526,3.2296,4.1356,4.1672,4.2765,4.3984,4.2798,3.9684,3.828,3.8493,4.0667,4.1976,4.1137,4.2289,4.4345,4.292,4.4274,4.1651
Annex I countries,Food Retail,Emissions (CO2),kilotonnes,265794.4177,242618.7117,246169.2971,255610.2094,259221.2606,322244.5673,321990.6268,330178.996,335968.5844,320381.3996,298657.8712,289197.9994,289817.1762,311726.6217,319366.8057,314305.5786,322358.1814,336761.1682,328444.3416,334234.7397,305617.8705
Annex I countries,Food Retail,Emissions (CO2eq) from F-gases (AR5),kilotonnes,177647.181,210708.161,242103.1045,274516.7875,306350.7085,342170.2335,372133.435,401554.2785,406058.3435,407637.104,407832.9555,407121.76,405858.336,404611.0165,404611.0165,404612.0555,400625.932,406668.2365,412714.697,418754.9235,415350.5189
Annex I countries,Food Retail,Emissions (CO2eq) from CH4 (AR5),kilotonnes,16161.3761,14296.4589,14435.0181,14788.862,15174.3064,20045.6659,20296.7783,20945.6856,21242.0488,20619.8916,19033.4564,18405.5648,18516.8088,19722.3264,20542.4492,20086.542,20631.9568,21761.362,21197.2096,21667.2876,20329.9218
Annex I countries,Food Retail,Emissions (CO2eq) from N2O (AR5),kilotonnes,891.0886,800.2472,813.4494,835.4426,855.8348,1095.9265,1104.2988,1133.2725,1165.576,1134.147,1051.626,1014.42,1020.0645,1077.6755,1112.364,1090.1305,1120.6585,1175.1425,1137.38,1173.261,1103.7389
Annex I countries,Food Retail,Emissions (CO2eq) (AR5),kilotonnes,460494.0634,468423.5789,503520.8691,545751.3016,581602.1104,685556.3932,715525.1389,753812.2326,764434.5527,749772.5422,726575.9091,715739.7442,715212.3855,737137.6401,745632.6354,740094.3066,744736.7287,766365.9092,763493.6282,775830.2118,742402.0501
Annex I countries,Food Household Consumption,Emissions (CH4),kilotonnes,386.9111,394.7189,390.9392,394.3014,400.1228,394.1203,398.8144,399.8801,407.2546,404.3648,424.7658,413.1084,413.8827,411.0181,399.7626,402.7098,406.8589,406.0354,409.3067,409.2827,386.4694
Annex I countries,Food Household Consumption,Emissions (N2O),kilotonnes,2.3924,2.4419,2.4118,2.4316,2.4574,2.4355,2.4415,2.4174,2.4738,2.4354,2.5471,2.4661,2.4618,2.4515,2.3745,2.3894,2.4056,2.4113,2.4268,2.4266,2.2591
Annex I countries,Food Household Consumption,Emissions (CO2),kilotonnes,257740.5073,261148.9058,260110.1551,267241.404,264851.0698,264712.4959,260603.8191,258755.0079,261298.2163,250852.3415,260179.0636,254014.0785,250571.1341,254765.1885,246322.6428,246779.4637,249729.455,253489.9741,261201.3321,261193.2498,235741.6405
Annex I countries,Food Household Consumption,Emissions (CO2eq) from CH4 (AR5),kilotonnes,10833.5108,11052.1292,10946.2976,11040.4392,11203.4384,11035.3684,11166.8032,11196.6428,11403.1288,11322.2144,11893.4424,11567.0352,11588.7156,11508.5068,11193.3528,11275.8744,11392.0492,11368.9912,11460.5876,11459.9156,10821.143
Annex I countries,Food Household Consumption,Emissions (CO2eq) from N2O (AR5),kilotonnes,633.986,647.1035,639.127,644.374,651.211,645.4075,646.9975,640.611,655.557,645.381,674.9815,653.5165,652.377,649.6475,629.2425,633.191,637.484,638.9945,643.102,643.049,598.6704
Annex I countries,Food Household Consumption,Emissions (CO2eq) (AR5),kilotonnes,269208.0041,272848.1385,271695.5797,278926.2172,276705.7192,276393.2718,272417.6198,270592.2617,273356.9021,262819.9369,272747.4875,266234.6302,262812.2267,266923.3428,258145.2381,258688.5291,261758.9882,265497.9598,273305.0217,273296.2144,247161.4539
Annex I countries,Food Transport,Emissions (CH4),kilotonnes,29.4194,28.4034,27.1409,25.632,24.3704,22.8528,22.3232,21.737,20.5129,19.3415,18.6117,18.172,17.689,17.5036,17.3347,17.4002,17.4508,17.3087,17.0666,11.2792,10.6354
Annex I countries,Food Transport,Emissions (N2O),kilotonnes,16.0041,15.4958,15.3347,14.9729,14.903,14.6113,14.8112,14.6193,13.6538,12.6534,12.7368,13.1053,12.7546,12.8669,12.9122,13.2482,13.3029,13.3154,13.3803,12.9057,11.8999
Annex I countries,Food Transport,Emissions (CO2),kilotonnes,210750.5883,212692.8088,215040.4659,217528.6339,221497.5786,221722.6522,224823.7512,227441.3717,221708.5331,215579.8222,217661.5636,217212.7863,213368.4302,215299.725,215744.8055,219649.9199,221576.2712,223067.3293,221625.4508,228512.0409,203378.925
Annex I countries,Food Transport,Emissions (CO2eq) from CH4 (AR5),kilotonnes,823.7432,795.2952,759.9452,717.696,682.3712,639.8784,625.0496,608.636,574.3612,541.562,521.1276,508.816,495.292,490.1008,485.3716,487.2056,488.6224,484.6436,477.8648,315.8176,297.7911
Annex I countries,Food Transport,Emissions (CO2eq) from N2O (AR5),kilotonnes,4241.0865,4106.387,4063.6955,3967.8185,3949.295,3871.9945,3924.968,3874.1145,3618.257,3353.151,3375.252,3472.9045,3379.969,3409.7285,3421.733,3510.773,3525.2685,3528.581,3545.7795,3420.0105,3153.473
Annex I countries,Food Transport,Emissions (CO2eq) (AR5),kilotonnes,215815.418,217594.491,219864.1066,222214.1484,226129.2448,226234.5251,229373.7688,231924.1222,225901.1513,219474.5352,221557.9432,221194.5068,217243.6912,219199.5543,219651.9101,223647.8985,225590.1621,227080.5539,225649.0951,232247.869,206830.1891
Annex I countries,Energy,Emissions (CH4),kilotonnes,31948.5161,32631.9595,32433.1077,32675.6532,32851.5355,32621.9994,32847.5932,33132.4719,33470.4249,31858.5301,32349.4254,32836.0888,33162.0091,33189.9059,33191.3495,32959.9932,32038.3291,32591.8269,32932.9283,32593.8945,30513.3054
Annex I countries,Energy,Emissions (N2O),kilotonnes,476.1535,468.5211,457.5853,455.4295,456.5261,449.2777,448.6794,447.0322,434.9784,407.0567,421.6969,413.2484,402.0289,407.2628,407.7067,405.357,401.1936,397.9665,401.0408,385.1007,355.7857
Annex I countries,Energy,Emissions (CO2),kilotonnes,13859013.7,13801711.6,13848056.8,14101595.8,14220043.2,14230147,14249738.2,14283863.3,14064706.4,13127815.2,13563993.9,13387574.9,13228632.1,13147967.7,12984425.1,12856824.8,12729312.7,12722071,12905345.3,12550608.6,11281762.1
Annex I countries,Energy,Emissions (CO2eq) from CH4 (AR5),kilotonnes,894558.4505,913694.8649,908127.0167,914918.289,919842.9926,913415.9843,919732.6107,927709.2138,937171.8958,892038.842,905783.9112,919410.4861,928536.2537,929317.3638,929357.7846,922879.8085,897073.2156,912571.1532,922121.993,912629.0471,854372.5506
Annex I countries,Energy,Emissions (CO2eq) from N2O (AR5),kilotonnes,126180.6754,124158.0891,121260.1032,120688.8209,120979.4276,119058.5833,118900.0452,118463.5335,115269.2786,107870.0361,111749.6655,109510.8271,106537.6678,107924.6343,108042.2752,107419.601,106316.3037,105461.11,106275.8173,102051.6905,94283.2182
Annex I countries,Energy,Emissions (CO2eq) (AR5),kilotonnes,14879752.83,14839564.55,14877443.92,15137202.91,15260865.62,15262621.57,15288370.86,15330036.05,15117147.57,14127724.08,14581527.48,14416496.21,14263706.02,14185209.7,14021825.16,13887124.21,13732702.22,13740103.26,13933743.11,13565289.34,12230417.87
Annex I countries,IPPU,Emissions (CH4),kilotonnes,104.6872,98.4124,102.2491,104.4207,108.3399,100.9949,100.0307,100.6824,94.9684,79.862,89.5705,90.3663,91.8744,91.7541,94.8872,96.7581,102.1889,104.7984,109.2547,111.3093,108.6393
Annex I countries,IPPU,Emissions (N2O),kilotonnes,393.9048,367.0666,385.5327,382.3362,376.7658,396.7052,378.7887,390.8715,334.5047,335.7546,339.6024,395.8973,448.0837,448.0488,448.2741,446.3094,447.0847,446.11,444.9924,448.8864,450.5916
Annex I countries,IPPU,Emissions (CO2),kilotonnes,699192.866,675955.2678,667144.2107,679933.746,704609.407,707152.103,712579.577,721807.331,684258.363,597651.643,631015.835,640732.319,633689.2,636035.855,641023.124,649490.955,642142.383,660330.305,664913.433,653867.957,653762.535
Annex I countries,IPPU,Emissions (CO2eq) from F-gases (AR5),kilotonnes,431393.4802,430265.0497,451313.8564,473454.9931,508865.6523,547958.2217,589024.2108,631982.0506,666850.257,707377.8649,784195.6478,807675.0848,885684.8218,913466.7023,907863.8569,924879.8627,944945.7203,992330.3201,1026092.087,1015802.08,1022509.228
Annex I countries,IPPU,Emissions (CO2eq) from CH4 (AR5),kilotonnes,2931.2416,2755.5466,2862.9745,2923.7808,3033.5184,2827.8585,2800.859,2819.1076,2659.1141,2236.1356,2507.9749,2530.2564,2572.4823,2569.1158,2656.8405,2709.2274,2861.2894,2934.3553,3059.1324,3116.6599,3041.901
Annex I countries,IPPU,Emissions (CO2eq) from N2O (AR5),kilotonnes,104384.778,97272.6443,102166.1581,101319.0962,99842.9375,105126.8864,100379.0059,103580.9558,88643.7379,88974.956,89994.623,104912.7793,118742.1885,118732.9293,118792.6257,118272.004,118477.4398,118219.1469,117922.9749,118954.9084,119406.7665
Annex I countries,IPPU,Emissions (CO2eq) (AR5),kilotonnes,1237902.366,1206248.508,1223487.2,1257631.616,1316351.515,1363065.07,1404783.653,1460189.445,1442411.472,1396240.6,1507714.081,1555850.44,1640688.693,1670804.602,1670336.447,1695352.049,1708426.833,1773814.127,1811987.627,1791741.606,1798720.43
Annex I countries,Waste,Emissions (CH4),kilotonnes,22789.0722,21752.053,21247.1764,21182.6967,20882.5111,20793.7047,21094.8422,21010.4398,20946.5676,20340.0975,19776.9914,19631.1954,19306.8314,19148.2624,19013.894,18981.5935,18962.6708,19161.9703,19302.3292,19190.867,19020.9619
Annex I countries,Waste,Emissions (N2O),kilotonnes,99.1466,99.8115,100.6192,102.601,103.3365,103.9484,105.1012,106.5901,107.1315,107.3259,107.6311,108.2628,108.4995,110.291,110.1022,111.2481,112.1789,113.2307,113.3509,113.6008,114.172
Annex I countries,Waste,Emissions (CO2),kilotonnes,11494.844,11696.0728,11130.4108,12458.48,11487.8746,11053.2922,11293.5242,11414.8466,11639.564,10860.1609,11300.6726,11143.7835,10239.9968,11770.5603,10230.6583,10978.1698,10947.5631,10687.7542,10613.3823,11034.8949,10904.1469
Annex I countries,Waste,Emissions (CO2eq) from CH4 (AR5),kilotonnes,638094.0222,609057.484,594920.9395,593115.509,584710.3111,582223.7327,590655.5805,588292.313,586503.8925,569522.7297,553755.7578,549673.4712,540591.2781,536151.3486,532389.0317,531484.6188,530954.7813,536535.1692,540465.2179,537344.276,532586.9343
Annex I countries,Waste,Emissions (CO2eq) from N2O (AR5),kilotonnes,26273.8543,26450.0422,26664.0774,27189.2597,27384.1672,27546.3154,27851.8259,28246.3792,28389.8502,28441.3582,28522.2309,28689.6393,28752.3701,29227.1097,29177.0724,29480.7439,29727.3979,30006.1434,30037.9832,30104.2199,30255.5773
Annex I countries,Waste,Emissions (CO2eq) (AR5),kilotonnes,675862.7205,647203.599,632715.4277,632763.2487,623582.3529,620823.3403,629800.9306,627953.5388,626533.3067,608824.2488,593578.6613,589506.8941,579583.645,577149.0186,571796.7624,571943.5325,571629.7423,577229.0669,581116.5834,578483.3908,573746.6586
Annex I countries,Other,Emissions (CH4),kilotonnes,15.6,15.6,15.6,15.6,15.6,15.6,15.6,15.6,15.6,15.6,15.6,15.6,15.6,15.6,15.6,15.6,15.6,15.6,15.6,15.6,15.6
Annex I countries,Other,Emissions (N2O),kilotonnes,215.7623,210.9398,203.6403,203.6638,199.8699,195.5646,191.8439,190.4184,180.9225,167.5419,170.3921,169.7016,166.8273,166.6634,163.4383,162.4374,159.9169,158.8314,158.9237,149.6973,146.6785
Annex I countries,Other,Emissions (CO2),kilotonnes,4919,4919,4919,4919,4919,4919,4919,4919,4919,4919,4919,4919,4919,4919,4919,4919,4919,4919,4919,4919,4919
Annex I countries,Other,Emissions (CO2eq) from CH4 (AR5),kilotonnes,436.8,436.8,436.8,436.8,436.8,436.8,436.8,436.8,436.8,436.8,436.8,436.8,436.8,436.8,436.8,436.8,436.8,436.8,436.8,436.8,436.8
Annex I countries,Other,Emissions (CO2eq) from N2O (AR5),kilotonnes,57177.0164,55899.0475,53964.684,53970.9067,52965.5185,51824.6283,50838.6258,50460.8837,47944.4614,44398.6008,45153.9168,44970.9179,44209.2215,44165.7962,43311.1468,43045.9184,42377.9862,42090.3133,42114.7861,39669.7718,38869.8046
Annex I countries,Other,Emissions (CO2eq) (AR5),kilotonnes,62532.8164,61254.8475,59320.484,59326.7067,58321.3185,57180.4283,56194.4258,55816.6837,53300.2614,49754.4008,50509.7168,50326.7179,49565.0215,49521.5962,48666.9469,48401.7184,47733.7862,47446.1133,47470.5861,45025.5718,44225.6046
Annex I countries,Farm-gate emissions,Emissions (CH4),kilotonnes,31879.3823,31715.3024,31291.3304,29557.944,29928.391,28895.2554,29439.1634,29207.5457,28453.3511,28197.9087,27599.1677,29204.1647,29178.7317,27554.2852,28042.1137,27771.6303,27277.3885,28072.0001,28088.3745,27354.78,26813.3207
Annex I countries,Farm-gate emissions,Direct emissions (N2O),kilotonnes,1161.0415,1153.4656,1147.4634,1152.9539,1164.5949,1145.5244,1147.3755,1160.183,1142.7249,1138.6363,1143.3846,1169.1625,1171.1196,1199.494,1208.9381,1207.1242,1224.146,1234.2275,1221.6987,1217.8912,1235.0308
Annex I countries,Farm-gate emissions,Indirect emissions (N2O),kilotonnes,356.9173,353.6587,352.1181,354.7739,355.6139,350.3383,350.933,355.0403,346.8877,345.4666,348.6739,356.0267,357.5884,364.4556,366.8138,366.8871,371.4968,374.6811,370.8666,369.5807,375.3416
Annex I countries,Farm-gate emissions,Emissions (N2O),kilotonnes,2194.5784,2214.6304,2186.1925,2073.7674,2143.1525,2046.4394,2115.4687,2122.6244,2051.4695,2044.5375,2021.868,2223.5232,2219.5455,2105.6177,2161.7036,2149.09,2126.1776,2205.4126,2188.1483,2139.8624,2127.7392
Annex I countries,Farm-gate emissions,Emissions (CO2),kilotonnes,629038.9126,622474.5103,614515.4508,613383.3486,625812.2566,627654.1043,629293.4463,629855.8243,620587.8231,608645.7536,611654.9558,609511.9724,598095.2732,598798.0268,593870.7669,587118.6505,585000.7201,584820.3653,589208.4593,589404.7252,589890.6519
Annex I countries,Farm-gate emissions,Emissions (CO2eq) from CH4 (AR5),kilotonnes,892622.7039,888028.4663,876157.2505,827622.4315,837994.9489,809067.1502,824296.5753,817811.2782,796693.8313,789541.4444,772776.6966,817716.6113,817004.487,771519.9868,785179.1833,777605.6498,763766.8775,786016.0031,786474.4866,765933.8401,750772.9803
Annex I countries,Farm-gate emissions,Emissions (CO2eq) from N2O (AR5),kilotonnes,581563.2701,586877.0471,579341.0034,549548.3717,567935.4158,542306.4353,560599.1967,562495.4703,543639.4062,541802.4454,535795.0323,589233.6441,588179.5706,557988.6926,572851.4593,569508.8601,563437.0555,584434.3296,579859.2863,567063.5415,563850.8903
Annex I countries,Farm-gate emissions,Emissions (CO2eq) (AR5),kilotonnes,2103224.887,2097380.024,2070013.705,1990554.152,2031742.621,1979027.69,2014189.218,2010162.573,1960921.061,1939989.643,1920226.685,2016462.228,2003279.331,1928306.706,1951901.41,1934233.16,1912204.653,1955270.698,1955542.232,1922402.107,1904514.522
Annex I countries,Land Use change,Emissions (CH4),kilotonnes,4.7147,1.7845,3.0168,2.0935,1.2812,3.5125,0.3116,0.8601,1.558,4.0264,0.0506,3.2992,4.1408,2.5645,3.5626,2.1094,2.3249,1.7235,10.4137,1.8908,1.3714
Annex I countries,Land Use change,Emissions (N2O),kilotonnes,0.1387,0.1629,0.2754,0.1911,0.117,0.3207,0.0285,0.0785,0.1423,0.3676,0.0046,0.3012,0.3781,0.2341,0.3253,0.1926,0.2123,0.1574,0.9508,0.1726,0.1252
Annex I countries,Land Use change,Emissions (CO2),kilotonnes,328423.8903,251556.4639,251556.4639,251556.4639,251556.4639,251556.4639,251556.4639,251556.4639,251556.4639,251556.4639,251556.4639,164963.096,164963.096,164963.096,164963.096,164963.096,240577.4183,240577.4183,240577.4183,240577.4183,240577.4183
Annex I countries,Land Use change,Emissions (CO2eq) from CH4 (AR5),kilotonnes,132.0128,49.9651,84.47,58.6185,35.8736,98.3494,8.7251,24.0822,43.6246,112.7396,1.4167,92.3789,115.9429,71.8047,99.7537,59.063,65.0976,48.2574,291.5832,52.9437,38.3988
Annex I countries,Land Use change,Emissions (CO2eq) from N2O (AR5),kilotonnes,36.7473,43.1764,72.9931,50.654,30.9994,84.9867,7.5397,20.8101,37.6974,97.4217,1.2242,79.8274,100.1898,62.0486,86.2002,51.0381,56.2528,41.7006,251.9659,45.7502,33.1816
Annex I countries,Land Use change,Emissions (CO2eq) (AR5),kilotonnes,328592.6503,251649.6054,251713.927,251665.7364,251623.3369,251739.7999,251572.7287,251601.3562,251637.7859,251766.6251,251559.1048,165135.3023,165179.2287,165096.9494,165149.0499,165073.1971,240698.7688,240667.3763,241120.9675,240676.1122,240648.9987
Annex I countries,Emissions on agricultural land,Emissions (CH4),kilotonnes,31884.097,31717.0868,31294.3472,29560.0375,29929.6722,28898.7678,29439.475,29208.4057,28454.9091,28201.9351,27599.2183,29207.4639,29182.8725,27556.8497,28045.6763,27773.7397,27279.7134,28073.7236,28098.7882,27356.6708,26814.6921
Annex I countries,Emissions on agricultural land,Emissions (N2O),kilotonnes,2194.717,2214.7933,2186.4679,2073.9586,2143.2695,2046.7601,2115.4971,2122.7029,2051.6117,2044.9052,2021.8727,2223.8244,2219.9236,2105.8519,2162.0289,2149.2826,2126.3898,2205.5699,2189.0991,2140.0351,2127.8644
Annex I countries,Emissions on agricultural land,Emissions (CO2),kilotonnes,957462.8028,874030.9741,866071.9146,864939.8125,877368.7205,879210.5682,880849.9102,881412.2882,872144.287,860202.2175,863211.4197,774475.0684,763058.3692,763761.1228,758833.8629,752081.7465,825578.1384,825397.7836,829785.8776,829982.1435,830468.0702
Annex I countries,Emissions on agricultural land,Emissions (CO2eq) from CH4 (AR5),kilotonnes,892754.7166,888078.4314,876241.7206,827681.05,838030.8225,809165.4995,824305.3005,817835.3604,796737.456,789654.184,772778.1132,817808.9902,817120.4299,771591.7916,785278.937,777664.7127,763831.9752,786064.2605,786766.0699,765986.7837,750811.3791
Annex I countries,Emissions on agricultural land,Emissions (CO2eq) from N2O (AR5),kilotonnes,581600.0174,586920.2235,579413.9965,549599.0257,567966.4153,542391.4219,560606.7364,562516.2804,543677.1036,541899.867,535796.2565,589313.4715,588279.7604,558050.7413,572937.6595,569559.8982,563493.3083,584476.0303,580111.2523,567109.2917,563884.0718
Annex I countries,Emissions on agricultural land,Emissions (CO2eq) (AR5),kilotonnes,2431817.537,2349029.629,2321727.632,2242219.888,2283365.958,2230767.49,2265761.947,2261763.929,2212558.847,2191756.269,2171785.789,2181597.53,2168458.56,2093403.656,2117050.46,2099306.357,2152903.422,2195938.074,2196663.2,2163078.219,2145163.521
Annex I countries,Pre- and post- production,Emissions (CH4),kilotonnes,10188.6398,10217.7222,9671.7099,10036.0073,9911.7831,10086.6949,10143.8669,10270.1424,10164.245,10262.5891,9996.995,9847.944,9888.349,10078.1889,9983.2066,10052.7003,10120.2173,10224.7381,10247.7956,10336.1134,10250.7846
Annex I countries,Pre- and post- production,Emissions (N2O),kilotonnes,172.3855,174.1501,176.6423,180.1235,177.9613,181.6575,188.725,187.1756,189.6755,183.8687,192.174,201.2391,197.7487,199.7678,195.8217,189.7814,199.3066,204.0717,205.6321,210.3992,204.4821
Annex I countries,Pre- and post- production,Emissions (CO2),kilotonnes,1272314.178,1261867.292,1265291.939,1294825.712,1299097.141,1371828.225,1379490.742,1393605.857,1390042.416,1327811.815,1336485.44,1313182.997,1295818.698,1364782.87,1373264.835,1376189.854,1405106.789,1430588.237,1422672.017,1445245.798,1312177.733
Annex I countries,Pre- and post- production,Emissions (CO2eq) from F-gases (AR5),kilotonnes,177647.181,210708.161,242103.1045,274516.7875,306350.7085,342170.2335,372133.435,401554.2785,406058.3435,407637.104,407832.9555,407121.76,405858.336,404611.0165,404611.0165,404612.0555,400625.932,406668.2365,412714.697,418754.9235,415350.5189
Annex I countries,Pre- and post- production,Emissions (CO2eq) from CH4 (AR5),kilotonnes,285281.9138,286096.2204,270807.8774,281008.2049,277529.9276,282427.4561,284028.2736,287563.9873,284598.8596,287352.4935,279915.8595,275742.4318,276873.7719,282189.2896,279529.7842,281475.6078,283366.0854,286292.6672,286938.2757,289411.174,287021.9675
Annex I countries,Pre- and post- production,Emissions (CO2eq) from N2O (AR5),kilotonnes,45682.1487,46149.7654,46810.2008,47732.7229,47159.738,48139.2352,50012.1235,49601.527,50264.007,48725.198,50926.0969,53328.3584,52403.4016,52938.4789,51892.752,50292.0626,52816.2423,54078.9877,54492.5069,55755.7887,54187.7508
Annex I countries,Pre- and post- production,Emissions (CO2eq) (AR5),kilotonnes,1780925.421,1804821.439,1825013.122,1898083.428,1930137.515,2044565.15,2085664.575,2132325.649,2130963.626,2071526.61,2075160.352,2049375.547,2030954.208,2104521.655,2109298.388,2112569.58,2141915.049,2177628.128,2176817.497,2209167.684,2068737.971
Annex I countries,Agri-food systems,Emissions (CH4),kilotonnes,42072.7368,41934.809,40966.0571,39596.0448,39841.4554,38985.4627,39583.3419,39478.5481,38619.1541,38464.5242,37596.2133,39055.4079,39071.2215,37635.0386,38028.8829,37826.44,37399.9307,38298.4617,38346.5838,37692.7842,37065.4767
Annex I countries,Agri-food systems,Emissions (N2O),kilotonnes,2367.1025,2388.9434,2363.1102,2254.0821,2321.2308,2228.4176,2304.2221,2309.8785,2241.2872,2228.7738,2214.0466,2425.0635,2417.6723,2305.6197,2357.8506,2339.064,2325.6964,2409.6416,2394.7312,2350.4343,2332.3465
Annex I countries,Agri-food systems,Emissions (CO2),kilotonnes,2229776.98,2135898.266,2131363.854,2159765.525,2176465.861,2251038.793,2260340.653,2275018.145,2262186.703,2188014.032,2199696.859,2087658.065,2058877.068,2128543.992,2132098.698,2128271.601,2230684.928,2255986.02,2252457.895,2275227.942,2142645.804
Annex I countries,Agri-food systems,Emissions (CO2eq) from F-gases (AR5),kilotonnes,177647.181,210708.161,242103.1045,274516.7875,306350.7085,342170.2335,372133.435,401554.2785,406058.3435,407637.104,407832.9555,407121.76,405858.336,404611.0165,404611.0165,404612.0555,400625.932,406668.2365,412714.697,418754.9235,415350.5189
Annex I countries,Agri-food systems,Emissions (CO2eq) from CH4 (AR5),kilotonnes,1178036.63,1174174.652,1147049.598,1108689.255,1115560.75,1091592.956,1108333.574,1105399.348,1081336.316,1077006.678,1052693.973,1093551.422,1093994.202,1053781.081,1064808.721,1059140.321,1047198.061,1072356.928,1073704.346,1055397.958,1037833.347
Annex I countries,Agri-food systems,Emissions (CO2eq) from N2O (AR5),kilotonnes,627282.1662,633069.9889,626224.1973,597331.7486,615126.1533,590530.6571,610618.8599,612117.8074,593941.1106,590625.065,586722.3534,642641.83,640683.162,610989.2202,624830.4115,619851.9608,616309.5507,638555.018,634603.7592,622865.0805,618071.8226
Annex I countries,Agri-food systems,Emissions (CO2eq) (AR5),kilotonnes,4212742.958,4153851.068,4146740.753,4140303.316,4213503.473,4275332.639,4351426.522,4394089.578,4343522.473,4263282.879,4246946.141,4230973.077,4199412.767,4197925.31,4226348.847,4211875.938,4294818.471,4373566.202,4373480.696,4372245.903,4213901.492
Annex I countries,IPCC Agriculture,Emissions (CH4),kilotonnes,31747.9918,31600.1209,31175.7945,29436.2498,29801.1683,28767.7963,29304.2751,29065.3361,28340.3487,28084.8131,27487.1733,29096.7646,29075.1205,27459.8387,27958.8097,27694.7552,27205.1073,28000.6714,28019.4012,27286.5027,26745.0434
Annex I countries,IPCC Agriculture,Emissions (CH4),kilotonnes,30135.4154,29776.9106,29619.5251,29327.3486,28977.2127,29146.104,28898.6551,29127.8873,28616.0261,28431.9298,28269.3159,28117.5446,28315.0866,28242.2217,28253.5093,28470.4274,28693.7729,29034.1083,29195.2415,28947.9994,28896.1733
Annex I countries,IPCC Agriculture,Direct emissions (N2O),kilotonnes,1161.0415,1153.4656,1147.4634,1152.9539,1164.5949,1145.5244,1147.3755,1160.183,1142.7249,1138.6363,1143.3846,1169.1625,1171.1196,1199.494,1208.9381,1207.1242,1224.146,1234.2275,1221.6987,1217.8912,1235.0308
Annex I countries,IPCC Agriculture,Indirect emissions (N2O),kilotonnes,356.9173,353.6587,352.1181,354.7739,355.6139,350.3383,350.933,355.0403,346.8877,345.4666,348.6739,356.0267,357.5884,364.4556,366.8138,366.8871,371.4968,374.6811,370.8666,369.5807,375.3416
Annex I countries,IPCC Agriculture,Emissions (N2O),kilotonnes,2132.8841,2153.529,2127.7096,2016.5271,2082.2476,1984.3512,2054.4801,2062.6474,1990.5642,1987.7088,1962.5767,2165.7765,2166.07,2051.6963,2106.6302,2095.5115,2072.5816,2152.4289,2134.9512,2087.0248,2074.9015
Annex I countries,IPCC Agriculture,Emissions (N2O),kilotonnes,2234.1818,2298.0169,2274.9951,2255.8377,2322.9051,2257.5678,2239.7145,2275.4138,2283.2828,2282.3759,2288.2826,2284.6429,2220.8325,2420.1108,2467.9245,2463.9179,2437.5624,2448.9657,2485.4849,2509.3127,2428.261
Annex I countries,IPCC Agriculture,Emissions (CO2),kilotonnes,25763.6173,25579.1752,26576.879,27507.2936,26481.6028,26757.1528,26088.5177,26906.4891,27285.3743,25502.9589,27468.6008,27213.6443,30212.1947,28722.091,29364.0941,29229.2623,29642.398,29842.8488,29116.0369,28905.0114,29948.5774
Annex I countries,IPCC Agriculture,Emissions (CO2eq) from CH4 (AR5),kilotonnes,888943.7695,884803.385,872922.2447,824214.9937,834432.7119,805498.2977,820519.7036,813829.4104,793529.7623,786374.7661,769640.8538,814709.4081,814103.3753,768875.4832,782846.6728,775453.1446,761743.0043,784018.7985,784543.2346,764022.0755,748861.2157
Annex I countries,IPCC Agriculture,Emissions (CO2eq) from CH4 (AR5),kilotonnes,843791.6311,833753.4962,829346.7034,821165.7614,811361.9561,816090.9112,809162.343,815580.8448,801248.7307,796094.0354,791540.8464,787291.2483,792822.4249,790782.2084,791098.2594,797171.9683,803425.6405,812955.0335,817466.7632,810543.982,809092.8532
Annex I countries,IPCC Agriculture,Emissions (CO2eq) from N2O (AR5),kilotonnes,565214.2838,570685.1724,563843.0341,534379.6838,551795.6122,525853.0765,544437.2376,546601.5648,527499.5013,526742.8407,520082.8256,573930.7758,574008.5438,543699.5139,558257.003,555310.55,549234.1135,570393.6457,565762.0657,553061.5599,549848.9087
Annex I countries,IPCC Agriculture,Emissions (CO2eq) from N2O (AR5),kilotonnes,592058.1899,608974.4855,602873.6992,597796.9836,615569.8397,598255.4745,593524.3386,602984.6661,605069.9488,604829.6247,606394.8861,605430.3557,588520.6012,641329.36,653999.9824,652938.2328,645954.0487,648975.9091,658653.5049,664967.866,643489.174
Annex I countries,IPCC Agriculture,Emissions (CO2eq) (AR5),kilotonnes,1454158.053,1455488.557,1436765.279,1358594.678,1386228.324,1331351.374,1364956.941,1360430.975,1321029.264,1313117.607,1289723.679,1388640.184,1388111.919,1312574.997,1341103.676,1330763.695,1310977.118,1354412.444,1350305.3,1317083.635,1298710.124
Annex I countries,IPCC Agriculture,Emissions (CO2eq) (AR5),kilotonnes,1461613.438,1468307.157,1458797.282,1446470.039,1453413.399,1441103.539,1428775.199,1445472,1433604.054,1426426.619,1425404.333,1419935.248,1411555.221,1460833.659,1474462.336,1479339.463,1479022.087,1491773.791,1505236.305,1504416.86,1482530.605
Annex I countries,Agricultural Soils,Direct emissions (N2O),kilotonnes,1161.0415,1153.4656,1147.4634,1152.9539,1164.5949,1145.5244,1147.3755,1160.183,1142.7249,1138.6363,1143.3846,1169.1625,1171.1196,1199.494,1208.9381,1207.1242,1224.146,1234.2275,1221.6987,1217.8912,1235.0308
Annex I countries,Agricultural Soils,Direct emissions (N2O),kilotonnes,1705.6618,1750.4848,1741.4581,1724.2022,1773.5628,1730.9514,1707.857,1730.5661,1732.3525,1738.7,1746.444,1739.3508,1698.4414,1854.6696,1903.5967,1875.9111,1856.6006,1866.8379,1884.4963,1903.8562,1850.7656
Annex I countries,Agricultural Soils,Indirect emissions (N2O),kilotonnes,356.9173,353.6587,352.1181,354.7739,355.6139,350.3383,350.933,355.0403,346.8877,345.4666,348.6739,356.0267,357.5884,364.4556,366.8138,366.8871,371.4968,374.6811,370.8666,369.5807,375.3416
Annex I countries,Agricultural Soils,Indirect emissions (N2O),kilotonnes,313.2906,334.1508,320.4734,318.2853,339.6652,316.1633,319.4166,330.8794,339.5693,334.3009,333.0073,336.7119,312.3559,355.2862,354.3671,375.3482,365.662,363.5713,380.6548,386.7743,355.8937
Annex I countries,Agricultural Soils,Emissions (N2O),kilotonnes,1776.0245,1765.1755,1757.3956,1765.1776,1777.5392,1753.1691,1755.4172,1772.0732,1746.1662,1740.5211,1748.9217,1782.6065,1786.4384,1821.6448,1833.2598,1831.5215,1852.9604,1866.3482,1851.3183,1846.5984,1869.851
Annex I countries,Agricultural Soils,Emissions (N2O),kilotonnes,2018.9523,2084.6356,2061.9315,2042.4875,2113.228,2047.1147,2027.2736,2061.4456,2071.9218,2073.0009,2079.4513,2076.0627,2010.7972,2209.9558,2257.9638,2251.2593,2222.2626,2230.4091,2265.1511,2290.6305,2206.6593
Annex I countries,Agricultural Soils,Emissions (CO2eq) from N2O (AR5),kilotonnes,470646.4916,467771.5112,465709.8386,467772.0563,471047.8946,464589.8186,465185.5545,469599.3997,462734.0511,461238.0849,463464.2455,472390.7188,473406.1677,482735.8626,485813.8434,485353.1979,491034.5074,494582.2736,490599.356,489348.5783,495510.5033
Annex I countries,Agricultural Soils,Emissions (CO2eq) from N2O (AR5),kilotonnes,535022.3662,552428.435,546411.8378,541259.1871,560005.4306,542485.3958,537227.4975,546283.0708,549059.2712,549345.2336,551054.5987,550156.62,532861.27,585638.2911,598360.3954,596583.7091,588899.5809,591058.4201,600265.0291,607017.0831,584764.7222
Annex I countries,Agricultural Soils,Emissions (CO2eq) (AR5),kilotonnes,470646.4916,467771.5112,465709.8386,467772.0563,471047.8946,464589.8186,465185.5545,469599.3997,462734.0511,461238.0849,463464.2455,472390.7188,473406.1677,482735.8626,485813.8434,485353.1979,491034.5074,494582.2736,490599.356,489348.5783,495510.5033
Annex I countries,Agricultural Soils,Emissions (CO2eq) (AR5),kilotonnes,535022.3662,552428.435,546411.8378,541259.1871,560005.4306,542485.3958,537227.4975,546283.0708,549059.2712,549345.2336,551054.5987,550156.62,532861.27,585638.2911,598360.3954,596583.7091,588899.5809,591058.4201,600265.0291,607017.0831,584764.7222
Annex I countries,LULUCF,Emissions (CH4),kilotonnes,507.8457,118.5391,202.8757,338.0212,199.2464,114.2754,257.382,135.8607,271.2908,185.6516,153.2233,177.3724,221.5356,151.3334,222.734,163.7596,219.0045,190.1357,286.3468,554.8634,393.1547
Annex I countries,LULUCF,Emissions (N2O),kilotonnes,27.0174,10.8231,18.5234,30.8628,18.1921,10.4338,23.5001,12.4047,24.77,16.9508,13.9899,16.1949,20.2272,13.8174,20.3366,14.952,19.9961,17.3602,26.1447,50.6614,35.8967
Annex I countries,LULUCF,Emissions (CO2),kilotonnes,-991375.7627,-1213404.216,-1213745.617,-1214278.943,-1214476.884,-1214550.785,-1214879.537,-1215313.175,-1215796.321,-1216020.203,-1215412.656,-1573070.265,-1572671.742,-1572804.428,-1573107.247,-1573132.085,-936009.6197,-935886.7243,-934029.7097,-933382.8738,-932896.9471
Annex I countries,LULUCF,Emissions (CO2eq) from CH4 (AR5),kilotonnes,14219.6799,3319.0952,5680.5205,9464.5943,5578.8981,3199.7113,7206.697,3804.0992,7596.1421,5198.2456,4290.2512,4966.4283,6202.9971,4237.334,6236.5523,4585.2681,6132.1261,5323.801,8017.7102,15536.1751,11008.3323
Annex I countries,LULUCF,Emissions (CO2eq) from N2O (AR5),kilotonnes,7159.6009,2868.1312,4908.7107,8178.644,4820.8956,2764.9679,6227.5262,3287.2379,6564.0575,4491.9622,3707.3367,4291.6418,5360.1986,3661.6093,5389.1947,3962.2698,5298.9568,4600.4585,6928.3474,13425.2818,9512.635
Annex I countries,LULUCF,Emissions (CO2eq) (AR5),kilotonnes,-969996.4819,-1207216.989,-1203156.386,-1196635.705,-1204077.09,-1208586.106,-1201445.314,-1208221.838,-1201636.121,-1206329.995,-1207415.068,-1563812.195,-1561108.546,-1564905.484,-1561481.5,-1564584.548,-924578.5367,-925962.4649,-919083.6521,-904421.4169,-912375.9798
Annex I countries,AFOLU,Emissions (CH4),kilotonnes,32255.8375,31718.66,31378.6702,29774.271,30000.4146,28882.0717,29561.6572,29201.1968,28611.6394,28270.4647,27640.3966,29274.137,29296.6562,27611.172,28181.5438,27858.5147,27424.1118,28190.8071,28305.748,27841.3661,27138.1981
Annex I countries,AFOLU,Emissions (N2O),kilotonnes,2159.9015,2164.3521,2146.233,2047.3899,2100.4397,1994.7851,2077.9802,2075.0521,2015.3342,2004.6596,1976.5666,2181.9714,2186.2971,2065.5137,2126.9668,2110.4635,2092.5776,2169.7891,2161.0959,2137.6862,2110.7983
Annex I countries,AFOLU,Emissions (CO2),kilotonnes,-991375.7627,-1213404.216,-1213745.617,-1214278.943,-1214476.884,-1214550.785,-1214879.537,-1215313.175,-1215796.321,-1216020.203,-1215412.656,-1573070.265,-1572671.742,-1572804.428,-1573107.247,-1573132.085,-936009.6197,-935886.7243,-934029.7097,-933382.8738,-932896.9471
Annex I countries,AFOLU,Emissions (CO2eq) from CH4 (AR5),kilotonnes,903163.4493,888122.4802,878602.7653,833679.588,840011.61,808698.009,827726.4006,817633.5096,801125.9044,791573.0117,773931.105,819675.8364,820306.3724,773112.8173,789083.2251,780038.4128,767875.1305,789342.5995,792560.9448,779558.2506,759869.548
Annex I countries,AFOLU,Emissions (CO2eq) from N2O (AR5),kilotonnes,572373.8847,573553.3036,568751.7448,542558.3278,556616.5078,528618.0444,550664.7638,549888.8026,534063.5588,531234.8029,523790.1622,578222.4177,579368.7424,547361.1232,563646.1977,559272.8197,554533.0703,574994.1041,572690.4131,566486.8417,559361.5437
Annex I countries,AFOLU,Emissions (CO2eq) (AR5),kilotonnes,484161.5713,248271.5681,233608.8928,161958.973,182151.2339,122765.2681,163511.6271,152209.1374,119393.1424,106787.6113,82308.6116,-175172.0109,-172996.6272,-252330.4871,-220377.8243,-233820.8529,386398.5811,428449.9793,431221.6481,412662.2185,386334.1446
Annex I countries,All sectors with LULUCF,Emissions (CH4),kilotonnes,87113.713,86216.6848,85176.8034,83752.6417,83858.4011,82414.3709,83619.7232,83460.3909,83139.2002,80564.5542,79871.9839,81847.3875,81872.9709,80056.6945,80497.2744,79912.4596,78542.9006,80065.0028,80665.8603,79753.0369,76796.7048
Annex I countries,All sectors with LULUCF,Emissions (N2O),kilotonnes,3344.8687,3310.691,3293.6104,3191.4204,3236.938,3140.281,3202.3935,3209.9644,3072.8713,3022.3387,3015.8891,3269.0814,3311.7366,3197.7796,3256.488,3235.8154,3212.9517,3285.9276,3279.4037,3234.9714,3178.0261
Annex I countries,All sectors with LULUCF,Emissions (CO2),kilotonnes,13583244.65,13280877.72,13317504.8,13584628.08,13726582.6,13738720.61,13763650.76,13806691.3,13549727.01,12525225.8,12995816.75,12471299.74,12304808.55,12227888.69,12067490.64,11949080.84,12451312.03,12462121.33,12651761.41,12287047.58,11018450.83
Annex I countries,All sectors with LULUCF,Emissions (CO2eq) from F-gases (AR5),kilotonnes,431393.4802,430265.0497,451313.8564,473454.9931,508865.6523,547958.2217,589024.2108,631982.0506,666850.257,707377.8649,784195.6478,807675.0848,885684.8218,913466.7023,907863.8569,924879.8627,944945.7203,992330.3201,1026092.087,1015802.08,1022509.228
Annex I countries,All sectors with LULUCF,Emissions (CO2eq) from CH4 (AR5),kilotonnes,2439183.964,2414067.176,2384950.496,2345073.967,2348035.232,2307602.385,2341352.251,2336890.944,2327897.607,2255807.519,2236415.549,2291726.85,2292443.186,2241587.445,2253923.682,2237548.868,2199201.217,2241820.077,2258644.088,2233085.034,2150307.734
Annex I countries,All sectors with LULUCF,Emissions (CO2eq) from N2O (AR5),kilotonnes,886390.2087,877333.1267,872806.7674,845726.4114,857788.5586,832174.4578,848634.2667,850640.5548,814310.8869,800919.7541,799210.5985,866306.5813,877610.1903,847411.5927,862969.3179,857491.087,851432.1979,870770.8178,869041.9745,857267.4323,842176.9104
Annex I countries,All sectors with LULUCF,Emissions (CO2eq) (AR5),kilotonnes,17340212.3,17002543.08,17026575.92,17248883.45,17441272.04,17426455.67,17542661.49,17626204.85,17358785.76,16289330.94,16815638.55,16437008.25,16360546.75,16230354.43,16092247.49,15969000.66,16446891.16,16567042.55,16805539.55,16393202.12,15033444.71
Annex I countries,All sectors without LULUCF,Emissions (CH4),kilotonnes,86605.8673,86098.1457,84973.9277,83414.6204,83659.1548,82300.0955,83362.3412,83324.5302,82867.9095,80378.9026,79718.7606,81670.0151,81651.4353,79905.3611,80274.5403,79748.7,78323.8961,79874.867,80379.5135,79198.1735,76403.5501
Annex I countries,All sectors without LULUCF,Emissions (N2O),kilotonnes,3317.8514,3299.8679,3275.087,3160.5576,3218.7459,3129.8471,3178.8934,3197.5597,3048.1012,3005.3879,3001.8991,3252.8866,3291.5094,3183.9622,3236.1514,3220.8635,3192.9556,3268.5674,3253.259,3184.31,3142.1293
Annex I countries,All sectors without LULUCF,Emissions (CO2),kilotonnes,14574620.41,14494281.94,14531250.42,14798907.03,14941059.48,14953271.4,14978530.3,15022004.48,14765523.33,13741246,14211229.41,14044370,13877480.3,13800693.12,13640597.88,13522212.92,13387321.65,13398008.06,13585791.12,13220430.45,11951347.78
Annex I countries,All sectors without LULUCF,Emissions (CO2eq) from F-gases (AR5),kilotonnes,431393.4802,430265.0497,451313.8564,473454.9931,508865.6523,547958.2217,589024.2108,631982.0506,666850.257,707377.8649,784195.6478,807675.0848,885684.8218,913466.7023,907863.8569,924879.8627,944945.7203,992330.3201,1026092.087,1015802.08,1022509.228
Annex I countries,All sectors without LULUCF,Emissions (CO2eq) from CH4 (AR5),kilotonnes,2424964.284,2410748.081,2379269.975,2335609.373,2342456.334,2304402.673,2334145.554,2333086.845,2320301.465,2250609.273,2232125.298,2286760.422,2286240.189,2237350.111,2247687.13,2232963.599,2193069.091,2236496.276,2250626.378,2217548.859,2139299.402
Annex I countries,All sectors without LULUCF,Emissions (CO2eq) from N2O (AR5),kilotonnes,879230.6078,874464.9956,867898.0568,837547.7674,852967.6629,829409.4899,842406.7405,847353.3169,807746.8294,796427.7919,795503.2618,862014.9395,872249.9917,843749.9834,857580.1233,853528.8173,846133.2411,866170.3594,862113.6271,843842.1505,832664.2754
Annex I countries,All sectors without LULUCF,Emissions (CO2eq) (AR5),kilotonnes,18310208.78,18209760.07,18229732.31,18445519.16,18645349.13,18635041.78,18744106.81,18834426.69,18560421.88,17495660.93,18023053.61,18000820.45,17921655.3,17795259.91,17653728.99,17533585.2,17371469.7,17493005.01,17724623.21,17297623.54,15945820.69
Non-Annex I countries,Crop Residues,Direct emissions (N2O),kilotonnes,258.3883,264.5584,262.1554,272.5725,278.8717,289.7888,295.3796,304.3769,313.4281,309.3328,324.2835,335.3915,336.4986,349.6892,353.9053,362.1512,364.8063,378.6887,376.0561,381.2564,388.084
Non-Annex I countries,Crop Residues,Direct emissions (N2O),kilotonnes,2.2,2.77,2.77,2.71,2.45,2.58,2.89,3.39,2.78,3.49,2.87,4.23,2.9,3.64,3.5953,2.82,5.98,3.23,3.26,2.92,3.26
Non-Annex I countries,Crop Residues,Indirect emissions (N2O),kilotonnes,58.1374,59.5256,58.985,61.3288,62.7461,65.2025,66.4604,68.4848,70.5213,69.5999,72.9638,75.4631,75.7122,78.6801,79.6287,81.484,82.0814,85.205,84.6126,85.7827,87.3189
Non-Annex I countries,Crop Residues,Emissions (N2O),kilotonnes,316.5256,324.084,321.1404,333.9014,341.6179,354.9913,361.84,372.8616,383.9494,378.9327,397.2473,410.8545,412.2108,428.3693,433.534,443.6352,446.8877,463.8937,460.6687,467.039,475.4029
Non-Annex I countries,Crop Residues,Emissions (N2O),kilotonnes,2.2,2.77,2.77,2.71,2.45,2.58,2.89,3.39,2.78,3.49,2.87,4.23,2.9,3.64,3.5953,2.82,5.98,3.23,3.26,2.92,3.26
Non-Annex I countries,Crop Residues,Emissions (CO2eq) from N2O (AR5),kilotonnes,83879.2964,85882.2667,85102.1945,88483.8596,90528.7393,94072.7026,95887.6098,98808.3371,101746.5942,100417.1536,105270.539,108876.4508,109235.858,113517.8594,114886.4973,117563.3173,118425.2423,122931.8203,122077.1977,123765.3461,125981.7585
Non-Annex I countries,Crop Residues,Emissions (CO2eq) from N2O (AR5),kilotonnes,583,734.05,734.05,718.15,649.25,683.7,765.85,898.35,736.7,924.85,760.55,1120.95,768.5,964.6,952.7452,747.3,1584.7,855.95,863.9,773.8,863.9
Non-Annex I countries,Crop Residues,Emissions (CO2eq) (AR5),kilotonnes,83879.2964,85882.2667,85102.1945,88483.8596,90528.7393,94072.7026,95887.6098,98808.3371,101746.5942,100417.1536,105270.539,108876.4508,109235.858,113517.8594,114886.4973,117563.3173,118425.2423,122931.8203,122077.1977,123765.3461,125981.7585
Non-Annex I countries,Crop Residues,Emissions (CO2eq) (AR5),kilotonnes,583,734.05,734.05,718.15,649.25,683.7,765.85,898.35,736.7,924.85,760.55,1120.95,768.5,964.6,952.7452,747.3,1584.7,855.95,863.9,773.8,863.9
Non-Annex I countries,Rice Cultivation,Emissions (CH4),kilotonnes,22214.0776,21877.5054,21407.7846,21423.306,21839.5507,22355.7794,22494.7129,22481.2411,23075.6321,22839.6825,23195.856,23395.3523,23309.079,23546.8089,23300.3594,23042.6415,23137.9182,23506.676,23650.8989,23120.64,23471.532
Non-Annex I countries,Rice Cultivation,Emissions (CH4),kilotonnes,47.17,46.83,43.93,51.8948,51.4,48.47,593.2,602.5,623.11,642.28,645.92,659.43,668.8,69.24,135.2933,47.59,5530.3196,38.03,27.21,21.84,21.48
Non-Annex I countries,Rice Cultivation,Emissions (CO2eq) from CH4 (AR5),kilotonnes,621994.1738,612570.1519,599417.969,599852.5676,611507.4203,625961.823,629851.9624,629474.7494,646117.6989,639511.1095,649483.9685,655069.8631,652654.2133,659310.6495,652410.0641,645193.9612,647861.7095,658186.9294,662225.1698,647377.9198,657202.8967
Non-Annex I countries,Rice Cultivation,Emissions (CO2eq) from CH4 (AR5),kilotonnes,1320.76,1311.24,1230.04,1453.0544,1439.2,1357.16,16609.6,16870,17447.08,17983.84,18085.76,18464.04,18726.4,1938.72,3788.2124,1332.52,154848.9488,1064.84,761.88,611.52,601.44
Non-Annex I countries,Rice Cultivation,Emissions (CO2eq) (AR5),kilotonnes,621994.1738,612570.1519,599417.969,599852.5676,611507.4203,625961.823,629851.9624,629474.7494,646117.6989,639511.1095,649483.9685,655069.8631,652654.2133,659310.6495,652410.0641,645193.9612,647861.7095,658186.9294,662225.1698,647377.9198,657202.8967
Non-Annex I countries,Rice Cultivation,Emissions (CO2eq) (AR5),kilotonnes,1320.76,1311.24,1230.04,1453.0544,1439.2,1357.16,16609.6,16870,17447.08,17983.84,18085.76,18464.04,18726.4,1938.72,3788.2124,1332.52,154848.9488,1064.84,761.88,611.52,601.44
Non-Annex I countries,Burning - Crop residues,Emissions (CH4),kilotonnes,626.0258,626.7286,624.1026,638.0729,644.8448,658.855,664.8742,681.8803,704.3345,696.0643,712.5797,730.5652,741.6339,762.5267,764.6537,780.3667,788.5856,802.6445,796.7376,793.2125,811.2345
Non-Annex I countries,Burning - Crop residues,Emissions (CH4),kilotonnes,870.3839,301.3286,301.7524,314.7077,188.9938,269.123,158.7108,192.4864,217.9161,215.1266,601.2082,208.8828,222.2125,363.821,174.2,201.1262,1.9,0.1,,,
Non-Annex I countries,Burning - Crop residues,Emissions (N2O),kilotonnes,16.2303,16.2485,16.1804,16.5426,16.7182,17.0814,17.2375,17.6784,18.2605,18.0461,18.4743,18.9406,19.2275,19.7692,19.8244,20.2317,20.4448,20.8093,20.6562,20.5648,21.032
Non-Annex I countries,Burning - Crop residues,Emissions (N2O),kilotonnes,21.2528,7.1852,7.2233,7.5817,4.9914,5.945,4.1095,5.0318,5.6678,5.6128,14.7997,5.4586,5.7539,8.5983,4.521,5.5189,0.0229,0.0029,,,
Non-Annex I countries,Burning - Crop residues,Emissions (CO2eq) from CH4 (AR5),kilotonnes,17528.721,17548.4008,17474.8723,17866.0424,18055.653,18447.9404,18616.4777,19092.6473,19721.3673,19489.8012,19952.2307,20455.8265,20765.7483,21350.7462,21410.3025,21850.2669,22080.3956,22474.0466,22308.6528,22209.9512,22714.5661
Non-Annex I countries,Burning - Crop residues,Emissions (CO2eq) from CH4 (AR5),kilotonnes,24370.7492,8437.2008,8449.0672,8811.8156,5291.8264,7535.444,4443.9024,5389.6192,6101.6508,6023.5448,16833.8296,5848.7184,6221.95,10186.988,4877.6,5631.5336,53.2,2.8,,,
Non-Annex I countries,Burning - Crop residues,Emissions (CO2eq) from N2O (AR5),kilotonnes,4301.0288,4305.8576,4287.8159,4383.7974,4430.3223,4526.578,4567.932,4684.7699,4839.0392,4782.2197,4895.6862,5019.2537,5095.2994,5238.8405,5253.4539,5361.4081,5417.8748,5514.4651,5473.8824,5449.664,5573.4815
Non-Annex I countries,Burning - Crop residues,Emissions (CO2eq) from N2O (AR5),kilotonnes,5631.992,1904.078,1914.1745,2009.1505,1322.721,1575.425,1089.0175,1333.427,1501.967,1487.392,3921.9205,1446.529,1524.7835,2278.5495,1198.065,1462.5085,6.0685,0.7685,,,
Non-Annex I countries,Burning - Crop residues,Emissions (CO2eq) (AR5),kilotonnes,21829.7498,21854.2585,21762.6882,22249.8398,22485.9753,22974.5183,23184.4097,23777.4172,24560.4065,24272.021,24847.917,25475.0802,25861.0477,26589.5867,26663.7564,27211.675,27498.2704,27988.5118,27782.5351,27659.6152,28288.0476
Non-Annex I countries,Burning - Crop residues,Emissions (CO2eq) (AR5),kilotonnes,30002.7412,10341.2788,10363.2417,10820.9661,6614.5474,9110.869,5532.9199,6723.0462,7603.6178,7510.9368,20755.7501,7295.2474,7746.7335,12465.5375,6075.665,7094.0421,59.2685,3.5685,,,
Non-Annex I countries,Enteric Fermentation,Emissions (CH4),kilotonnes,64380.9428,64957.3695,65981.3198,67444.0756,68809.8208,70009.6729,70977.8969,71909.2358,72844.5155,73351.1686,73590.1689,74115.6311,74886.6004,75220.3537,75887.3656,76819.3697,77957.7921,78251.246,79082.3492,80133.2437,81227.11
Non-Annex I countries,Enteric Fermentation,Emissions (CH4),kilotonnes,39258.4325,16003.9824,16824.0273,17202.2834,19862.7992,21010.5035,18362.4404,17272.2165,18054.0318,17722.7429,34795.1264,17830.2012,22048.611,19329.058,15145.7451,30167.0385,4407.8402,2897.92,1183.5701,821.85,874.14
Non-Annex I countries,Enteric Fermentation,Emissions (CO2eq) from CH4 (AR5),kilotonnes,1802666.397,1818806.347,1847476.956,1888434.116,1926674.984,1960270.841,1987381.114,2013458.601,2039646.435,2053832.72,2060524.729,2075237.669,2096824.811,2106169.904,2124846.236,2150942.351,2182818.178,2191034.887,2214305.777,2243730.825,2274359.079
Non-Annex I countries,Enteric Fermentation,Emissions (CO2eq) from CH4 (AR5),kilotonnes,1099236.11,448111.5072,471072.7644,481663.9352,556158.3776,588294.098,514148.3312,483622.062,505512.8904,496236.8012,974263.5392,499245.6336,617361.108,541213.624,424080.8628,844677.078,123419.5256,81141.76,33139.9628,23011.8,24475.92
Non-Annex I countries,Enteric Fermentation,Emissions (CO2eq) (AR5),kilotonnes,1802666.397,1818806.347,1847476.956,1888434.116,1926674.984,1960270.841,1987381.114,2013458.601,2039646.435,2053832.72,2060524.729,2075237.669,2096824.811,2106169.904,2124846.236,2150942.351,2182818.178,2191034.887,2214305.777,2243730.825,2274359.079
Non-Annex I countries,Enteric Fermentation,Emissions (CO2eq) (AR5),kilotonnes,1099236.11,448111.5072,471072.7644,481663.9352,556158.3776,588294.098,514148.3312,483622.062,505512.8904,496236.8012,974263.5392,499245.6336,617361.108,541213.624,424080.8628,844677.078,123419.5256,81141.76,33139.9628,23011.8,24475.92
Non-Annex I countries,Manure Management,Emissions (CH4),kilotonnes,4324.4361,4346.3493,4427.9635,4502.9353,4579.9463,4684.5779,4788.7435,4860.8244,4941.3893,5056.5117,5087.7593,5108.6129,5203.7002,5219.4284,5270.5947,5334.0331,5393.4035,5435.5103,5472.8256,5259.0266,5493.7337
Non-Annex I countries,Manure Management,Emissions (CH4),kilotonnes,2003.1629,1112.8718,901.528,909.7369,944.7254,1487.3731,1048.0088,978.6744,1027.4811,1029.8125,2057.7561,1011.1328,1151.5992,1254.4558,852.8344,1328.9601,359.1969,79.4189,91.7447,32.01,33.8103
Non-Annex I countries,Manure Management,Emissions (N2O),kilotonnes,257.2651,254.979,254.6216,253.851,255.9243,259.0163,262.9712,262.4871,269.0503,272.1335,273.7805,271.772,273.9046,271.4044,274.7598,279.2332,282.7979,286.4333,289.6316,282.7538,291.5172
Non-Annex I countries,Manure Management,Emissions (N2O),kilotonnes,207.2854,92.8493,69.0085,70.1833,69.8847,143.3504,85.9609,90.6566,94.4269,97.3558,160.569,91.7364,130.2421,156.4623,40.2508,165.3721,30.5042,13.435,9.3762,8.7856,9.1564
Non-Annex I countries,Manure Management,Emissions (CO2eq) from CH4 (AR5),kilotonnes,121084.2121,121697.7808,123982.977,126082.1873,128238.496,131168.1801,134084.8167,136103.0844,138358.9006,141582.3268,142457.2611,143041.1613,145703.6047,146143.9961,147576.6511,149352.9275,151015.2988,152194.2883,153239.1176,147252.7441,153824.544
Non-Annex I countries,Manure Management,Emissions (CO2eq) from CH4 (AR5),kilotonnes,56088.5604,31160.4101,25242.7846,25472.6338,26452.3118,41646.4471,29344.2456,27402.8826,28769.4702,28834.7506,57617.1714,28311.7176,32244.7773,35124.7632,23879.3618,37210.8831,10057.5121,2223.7284,2568.8527,896.2811,946.6881
Non-Annex I countries,Manure Management,Emissions (CO2eq) from N2O (AR5),kilotonnes,68175.2611,67569.447,67474.7368,67270.5262,67819.9446,68639.3141,69687.3745,69559.0728,71298.3387,72115.3866,72551.8296,72019.5796,72584.7273,71922.1616,72811.3449,73996.7924,74941.4564,75904.8161,76752.3636,74929.7511,77252.0634
Non-Annex I countries,Manure Management,Emissions (CO2eq) from N2O (AR5),kilotonnes,54930.6204,24605.0698,18287.2392,18598.5692,18519.4508,37987.8481,22779.6385,24023.9963,25023.1391,25799.2976,42550.7956,24310.146,34514.1591,41462.5174,10666.4594,43823.6039,8083.613,3560.2856,2484.6983,2328.184,2426.4407
Non-Annex I countries,Manure Management,Emissions (CO2eq) (AR5),kilotonnes,189259.4733,189267.2278,191457.7138,193352.7135,196058.4406,199807.4942,203772.1911,205662.1572,209657.2392,213697.7134,215009.0907,215060.7409,218288.332,218066.1577,220387.996,223349.7199,225956.7552,228099.1043,229991.4813,222182.4953,231076.6074
Non-Annex I countries,Manure Management,Emissions (CO2eq) (AR5),kilotonnes,111019.1808,55765.4799,43530.0238,44071.203,44971.7626,79634.2951,52123.8841,51426.879,53792.6093,54634.0482,100167.967,52621.8636,66758.9365,76587.2807,34545.8212,81034.4869,18141.1251,5784.014,5053.551,3224.4651,3373.1288
Non-Annex I countries,Manure left on Pasture,Direct emissions (N2O),kilotonnes,1436.322,1457.5412,1490.2047,1527.5413,1561.232,1593.4588,1613.4743,1646.1573,1675.145,1693.7436,1704.7953,1719.9611,1748.4953,1763.9889,1783.3639,1814.0317,1848.4857,1870.8891,1895.1927,1933.4987,1962.2508
Non-Annex I countries,Manure left on Pasture,Direct emissions (N2O),kilotonnes,49.9616,41.76,41.14,43.14,46.41,47.33,46.82,48.04,49.14,49.8,53.7039,45.62,52.4403,48.04,49.9669,,1.01,,,,
Non-Annex I countries,Manure left on Pasture,Indirect emissions (N2O),kilotonnes,379.581,384.8523,392.3545,401.794,411.2271,420.4517,425.4251,434.924,442.2318,446.7439,449.4136,454.0337,461.8384,466.8151,471.7414,480.4648,489.9112,495.7163,502.4399,514.3446,522.411
Non-Annex I countries,Manure left on Pasture,Emissions (N2O),kilotonnes,1815.9031,1842.3935,1882.5592,1929.3353,1972.4591,2013.9105,2038.8994,2081.0814,2117.3768,2140.4875,2154.2089,2173.9948,2210.3337,2230.804,2255.1053,2294.4965,2338.397,2366.6054,2397.6326,2447.8434,2484.6618
Non-Annex I countries,Manure left on Pasture,Emissions (N2O),kilotonnes,49.9616,41.76,41.14,43.14,46.41,47.33,46.82,48.04,49.14,49.8,53.7039,45.62,52.4403,48.04,49.9669,,1.01,,,,
Non-Annex I countries,Manure left on Pasture,Emissions (CO2eq) from N2O (AR5),kilotonnes,481214.31,488234.2762,498878.1792,511273.8628,522701.6499,533686.2823,540308.3422,551486.5584,561104.8529,567229.1871,570865.367,576108.6326,585738.4262,591163.0643,597602.9075,608041.5676,619675.1937,627150.4309,635372.6327,648678.4968,658435.3803
Non-Annex I countries,Manure left on Pasture,Emissions (CO2eq) from N2O (AR5),kilotonnes,13239.824,11066.4,10902.1,11432.1,12298.65,12542.45,12407.3,12730.6,13022.1,13197,14231.5335,12089.3,13896.6795,12730.6,13241.2285,,267.65,,,,
Non-Annex I countries,Manure left on Pasture,Emissions (CO2eq) (AR5),kilotonnes,481214.31,488234.2762,498878.1792,511273.8628,522701.6499,533686.2823,540308.3422,551486.5584,561104.8529,567229.1871,570865.367,576108.6326,585738.4262,591163.0643,597602.9075,608041.5676,619675.1937,627150.4309,635372.6327,648678.4968,658435.3803
Non-Annex I countries,Manure left on Pasture,Emissions (CO2eq) (AR5),kilotonnes,13239.824,11066.4,10902.1,11432.1,12298.65,12542.45,12407.3,12730.6,13022.1,13197,14231.5335,12089.3,13896.6795,12730.6,13241.2285,,267.65,,,,
Non-Annex I countries,Manure applied to Soils,Direct emissions (N2O),kilotonnes,212.8782,214.8916,219.2924,221.0055,226.3573,232.1699,236.9421,239.8528,245.9062,251.9738,255.2644,255.0419,258.9194,259.1552,261.277,264.2202,268.187,273.2274,276.3286,273.8423,278.8899
Non-Annex I countries,Manure applied to Soils,Direct emissions (N2O),kilotonnes,1.34,1.37,1.47,1.59,1.66,1.73,1.8,1.87,1.91,1.94,1.98,1.87,1.84,1.86,2.0201,1.96,2.01,2.09,2.2,2.28,2.39
Non-Annex I countries,Manure applied to Soils,Indirect emissions (N2O),kilotonnes,90.4732,91.3289,93.1993,93.9273,96.2018,98.6722,100.7004,101.9375,104.5101,107.0889,108.4874,108.3928,110.0407,110.1409,111.0427,112.2936,113.9795,116.1216,117.4397,116.383,118.5282
Non-Annex I countries,Manure applied to Soils,Emissions (N2O),kilotonnes,303.3514,306.2205,312.4917,314.9328,322.5591,330.8421,337.6425,341.7903,350.4164,359.0627,363.7517,363.4347,368.9601,369.2961,372.3198,376.5138,382.1665,389.3491,393.7683,390.2252,397.4181
Non-Annex I countries,Manure applied to Soils,Emissions (N2O),kilotonnes,1.34,1.37,1.47,1.59,1.66,1.73,1.8,1.87,1.91,1.94,1.98,1.87,1.84,1.86,2.0201,1.96,2.01,2.09,2.2,2.28,2.39
Non-Annex I countries,Manure applied to Soils,Emissions (CO2eq) from N2O (AR5),kilotonnes,80388.1332,81148.4254,82810.3041,83457.1898,85478.172,87673.1694,89475.2739,90574.4244,92860.3393,95151.6162,96394.2102,96310.2032,97774.4352,97863.4636,98664.7379,99776.1483,101274.1255,103177.5012,104348.592,103409.6798,105315.8058
Non-Annex I countries,Manure applied to Soils,Emissions (CO2eq) from N2O (AR5),kilotonnes,355.1,363.05,389.55,421.35,439.9,458.45,477,495.55,506.15,514.1,524.7,495.55,487.6,492.9,535.3265,519.4,532.65,553.85,583,604.2,633.35
Non-Annex I countries,Manure applied to Soils,Emissions (CO2eq) (AR5),kilotonnes,80388.1332,81148.4254,82810.3041,83457.1898,85478.172,87673.1694,89475.2739,90574.4244,92860.3393,95151.6162,96394.2102,96310.2032,97774.4352,97863.4636,98664.7379,99776.1483,101274.1255,103177.5012,104348.592,103409.6798,105315.8058
Non-Annex I countries,Manure applied to Soils,Emissions (CO2eq) (AR5),kilotonnes,355.1,363.05,389.55,421.35,439.9,458.45,477,495.55,506.15,514.1,524.7,495.55,487.6,492.9,535.3265,519.4,532.65,553.85,583,604.2,633.35
Non-Annex I countries,Synthetic Fertilizers,Direct emissions (N2O),kilotonnes,825.5468,837.3995,879.5032,900.9321,951.1438,967.7186,1004.1598,1041.5568,1048.4666,1082.9669,1122.27,1161.736,1153.1152,1177.3505,1191.9875,1168.7247,1176.5736,1205.7716,1189.3332,1190.4339,1246.5114
Non-Annex I countries,Synthetic Fertilizers,Direct emissions (N2O),kilotonnes,3.24,2.87,4.65,3.7,3.63,4.98,23.96,25.33,24.5,22.89,26.53,22.17,29.01,6.27,7.45,1.29,12.64,1.46,1.16,0.75,1.04
Non-Annex I countries,Synthetic Fertilizers,Indirect emissions (N2O),kilotonnes,268.3027,272.1549,285.8385,292.8029,309.1217,314.5085,326.3519,338.506,340.7517,351.9643,364.7378,377.5642,374.7625,382.6389,387.3959,379.8355,382.3864,391.8758,386.5333,386.891,405.1162
Non-Annex I countries,Synthetic Fertilizers,Emissions (N2O),kilotonnes,1093.8495,1109.5544,1165.3417,1193.735,1260.2655,1282.2272,1330.5118,1380.0628,1389.2183,1434.9312,1487.0078,1539.3002,1527.8777,1559.9895,1579.3834,1548.5602,1558.9601,1597.6473,1575.8665,1577.3249,1651.6276
Non-Annex I countries,Synthetic Fertilizers,Emissions (N2O),kilotonnes,3.24,2.87,4.65,3.7,3.63,4.98,23.96,25.33,24.5,22.89,26.53,22.17,29.01,6.27,7.45,1.29,12.64,1.46,1.16,0.75,1.04
Non-Annex I countries,Synthetic Fertilizers,Emissions (CO2eq) from N2O (AR5),kilotonnes,289870.1306,294031.9155,308815.5615,316339.7881,333970.3573,339790.195,352585.6141,365716.64,368142.8482,380256.7689,394057.0615,407914.5545,404887.591,413397.2069,418536.6012,410368.4491,413124.4201,423376.5416,417604.6097,417991.0877,437681.3198
Non-Annex I countries,Synthetic Fertilizers,Emissions (CO2eq) from N2O (AR5),kilotonnes,858.6,760.55,1232.25,980.5,961.95,1319.7,6349.4,6712.45,6492.5,6065.85,7030.45,5875.05,7687.65,1661.55,1974.25,341.85,3349.6,386.9,307.4,198.75,275.6
Non-Annex I countries,Synthetic Fertilizers,Emissions (CO2eq) (AR5),kilotonnes,289870.1306,294031.9155,308815.5615,316339.7881,333970.3573,339790.195,352585.6141,365716.64,368142.8482,380256.7689,394057.0615,407914.5545,404887.591,413397.2069,418536.6012,410368.4491,413124.4201,423376.5416,417604.6097,417991.0877,437681.3198
Non-Annex I countries,Synthetic Fertilizers,Emissions (CO2eq) (AR5),kilotonnes,858.6,760.55,1232.25,980.5,961.95,1319.7,6349.4,6712.45,6492.5,6065.85,7030.45,5875.05,7687.65,1661.55,1974.25,341.85,3349.6,386.9,307.4,198.75,275.6
Non-Annex I countries,Drained organic soils,Emissions (CO2eq) (AR5),kilotonnes,403055.3419,403311.3873,405485.1099,407991.7233,410906.7647,415940.007,421807.4945,428641.0774,433349.7464,436713.4772,441927.5366,446151.4453,449648.4415,451103.6651,454577.6829,454471.5134,457745.2258,458897.3034,460831.2285,462749.7686,464998.8537
Non-Annex I countries,Drained organic soils,Emissions (CO2eq) (AR5),kilotonnes,279435.8,283337.8,284368.8,285559.8,288995.8,295305.8,301491.8,307192.8,312692.8,318597.8,327569.8,337853.8,351042.8,361633.2,343972.2,376186,383337.665,383418,385600,398178,
Non-Annex I countries,Drained organic soils (CO2),Emissions (CO2),kilotonnes,381842.4858,382094.4035,384184.3073,386590.8348,389379.6697,394210.48,399845.3699,406406.7479,410931.5285,414161.0017,419168.2162,423212.4446,426568.3685,427964.9827,431302.5398,431200.1805,434371.9069,435487.4541,437342.0827,439190.9438,441351.1401
Non-Annex I countries,Drained organic soils (CO2),Emissions (CO2),kilotonnes,277655,281557,282588,283779,287215,293525,299711,305412,310912,316817,325789,336073,349262,359863,342202,376186,383189,383418,385600,398178,
Non-Annex I countries,Drained organic soils (CO2),Emissions (CO2eq) (AR5),kilotonnes,381842.4858,382094.4035,384184.3073,386590.8348,389379.6697,394210.48,399845.3699,406406.7479,410931.5285,414161.0017,419168.2162,423212.4446,426568.3685,427964.9827,431302.5398,431200.1805,434371.9069,435487.4541,437342.0827,439190.9438,441351.1401
Non-Annex I countries,Drained organic soils (CO2),Emissions (CO2eq) (AR5),kilotonnes,277655,281557,282588,283779,287215,293525,299711,305412,310912,316817,325789,336073,349262,359863,342202,376186,383189,383418,385600,398178,
Non-Annex I countries,Drained organic soils (N2O),Emissions (N2O),kilotonnes,80.0485,80.0641,80.3804,80.7581,81.2343,81.9982,82.8759,83.9031,84.597,85.1037,85.8842,86.5623,87.0946,87.3158,87.8307,87.8164,88.2012,88.3391,88.6383,88.9012,89.2367
Non-Annex I countries,Drained organic soils (N2O),Emissions (N2O),kilotonnes,6.72,6.72,6.72,6.72,6.72,6.72,6.72,6.72,6.72,6.72,6.72,6.72,6.72,6.68,6.68,,0.561,,,,
Non-Annex I countries,Drained organic soils (N2O),Emissions (CO2eq) from N2O (AR5),kilotonnes,21212.8561,21216.9838,21300.8026,21400.8885,21527.095,21729.527,21962.1246,22234.3295,22418.2179,22552.4755,22759.3204,22939.0008,23080.073,23138.6824,23275.1431,23271.3329,23373.3189,23409.8493,23489.1458,23558.8248,23647.7137
Non-Annex I countries,Drained organic soils (N2O),Emissions (CO2eq) from N2O (AR5),kilotonnes,1780.8,1780.8,1780.8,1780.8,1780.8,1780.8,1780.8,1780.8,1780.8,1780.8,1780.8,1780.8,1780.8,1770.2,1770.2,,148.665,,,,
Non-Annex I countries,Drained organic soils (N2O),Emissions (CO2eq) (AR5),kilotonnes,21212.8561,21216.9838,21300.8026,21400.8885,21527.095,21729.527,21962.1246,22234.3295,22418.2179,22552.4755,22759.3204,22939.0008,23080.073,23138.6824,23275.1431,23271.3329,23373.3189,23409.8493,23489.1458,23558.8248,23647.7137
Non-Annex I countries,Drained organic soils (N2O),Emissions (CO2eq) (AR5),kilotonnes,1780.8,1780.8,1780.8,1780.8,1780.8,1780.8,1780.8,1780.8,1780.8,1780.8,1780.8,1780.8,1780.8,1770.2,1770.2,,148.665,,,,
Non-Annex I countries,On-farm energy use,Emissions (CH4),kilotonnes,247.2448,223.0058,192.9683,210.578,223.2345,243.5611,258.4471,272.1207,291.0666,295.8376,290.8493,284.0072,283.8879,336.721,332.5767,318.6804,316.8402,317.9345,283.5481,274.4976,274.4976
Non-Annex I countries,On-farm energy use,Emissions (N2O),kilotonnes,66.7288,68.0811,60.9483,64.2321,68.4091,72.7286,73.6751,63.0744,66.8975,64.6281,66.5234,70.2273,72.0491,80.1579,79.4749,67.4334,65.4187,67.5209,65.3812,64.0653,64.0653
Non-Annex I countries,On-farm energy use,Emissions (CO2),kilotonnes,290231.1634,287393.259,264014.2988,283803.9156,299630.952,315475.5924,320193.8135,291435.0938,305497.3081,296774.1916,301963.8763,307527.9377,311967.424,346889.4332,341098.404,306433.1403,303784.9314,309642.8095,295556.9362,290558.0661,290558.0661
Non-Annex I countries,On-farm energy use,Emissions (CO2eq) from CH4 (AR5),kilotonnes,6922.8544,6244.1623,5403.1135,5896.1834,6250.5654,6819.7104,7236.5195,7619.3806,8149.8639,8283.4531,8143.7791,7952.2029,7948.8609,9428.1873,9312.1482,8923.0509,8871.5243,8902.1656,7939.3467,7685.9332,7685.9332
Non-Annex I countries,On-farm energy use,Emissions (CO2eq) from N2O (AR5),kilotonnes,17683.1449,18041.4853,16151.2975,17021.5157,18128.4175,19273.0885,19523.9135,16714.7161,17727.8275,17126.4515,17628.7129,18610.2255,19093.0047,21241.837,21060.8555,17869.8612,17335.9574,17893.041,17326.0221,16977.3084,16977.3084
Non-Annex I countries,On-farm energy use,Emissions (CO2eq) (AR5),kilotonnes,314837.1627,311678.9066,285568.7098,306721.6147,324009.9349,341568.3913,346954.2466,315769.1905,331374.9995,322184.0962,327736.3683,334090.366,339009.2896,377559.4576,371471.4076,333226.0523,329992.4131,336438.016,320822.3049,315221.3077,315221.3077
Non-Annex I countries,Forestland,Emissions (CO2),kilotonnes,-1740693.337,-1295902.666,-1295902.666,-1295902.666,-1295902.666,-1295902.666,-1295902.666,-1295902.666,-1295902.666,-1295902.666,-1295902.666,-1842681.773,-1842681.773,-1842681.773,-1842681.773,-1842681.773,-1075075.514,-1075075.514,-1075075.514,-1075075.514,-1075075.514
Non-Annex I countries,Forestland,Emissions (CO2),kilotonnes,-1110319.193,-669046.1167,-681285.5167,-672401.2533,-537931.6833,-1030348.567,-789363.9267,-782629.1667,-784459.2533,-764381.4167,-1420869.64,-785255.8467,-1285781.717,-547543.807,-785942.0695,-1342066.122,-893338.4393,-348924.1733,-399170.9117,-361673.0333,-10056.9333
Non-Annex I countries,Forestland,Emissions (CO2eq) (AR5),kilotonnes,-1740693.337,-1295902.666,-1295902.666,-1295902.666,-1295902.666,-1295902.666,-1295902.666,-1295902.666,-1295902.666,-1295902.666,-1295902.666,-1842681.773,-1842681.773,-1842681.773,-1842681.773,-1842681.773,-1075075.514,-1075075.514,-1075075.514,-1075075.514,-1075075.514
Non-Annex I countries,Forestland,Emissions (CO2eq) (AR5),kilotonnes,-1110319.193,-669046.1167,-681285.5167,-672401.2533,-537931.6833,-1030348.567,-789363.9267,-782629.1667,-784459.2533,-764381.4167,-1420869.64,-785255.8467,-1285781.717,-547543.807,-785942.0695,-1342066.122,-893338.4393,-348924.1733,-399170.9117,-361673.0333,-10056.9333
Non-Annex I countries,Net Forest conversion,Emissions (CO2),kilotonnes,3942743.258,3441788.144,3441788.144,3441788.144,3441788.144,3441788.144,3441788.144,3441788.144,3441788.144,3441788.144,3441788.144,3137201.5,3137201.5,3137201.5,3137201.5,3137201.5,2704475.149,2704475.149,2704475.149,2704475.149,2704475.149
Non-Annex I countries,Net Forest conversion,Emissions (CO2),kilotonnes,1829462.559,1159406.52,1615579.718,1633641.288,1763906.98,1562955.667,967421.9159,1065247.884,1112584.117,897790.6305,666156.6357,617035.7974,662047.551,860118.8065,649456.7431,1109245.065,488466.61,448672.12,558639.0825,421075,
Non-Annex I countries,Net Forest conversion,Emissions (CO2eq) (AR5),kilotonnes,3942743.258,3441788.144,3441788.144,3441788.144,3441788.144,3441788.144,3441788.144,3441788.144,3441788.144,3441788.144,3441788.144,3137201.5,3137201.5,3137201.5,3137201.5,3137201.5,2704475.149,2704475.149,2704475.149,2704475.149,2704475.149
Non-Annex I countries,Net Forest conversion,Emissions (CO2eq) (AR5),kilotonnes,1829462.559,1159406.52,1615579.718,1633641.288,1763906.98,1562955.667,967421.9159,1065247.884,1112584.117,897790.6305,666156.6357,617035.7974,662047.551,860118.8065,649456.7431,1109245.065,488466.61,448672.12,558639.0825,421075,
Non-Annex I countries,Savanna fires,Emissions (CH4),kilotonnes,3894.3844,3617.6308,4231.6811,4349.3234,4289.9403,4637.8061,4033.6536,4502.8201,4194.3817,3697.782,4442.8679,4199.2094,4061.5719,3650.9282,3526.5201,3653.309,3701.8722,3705.4001,3236.9136,3342.5781,3652.5096
Non-Annex I countries,Savanna fires,Emissions (CH4),kilotonnes,1.51,2.19,1.71,4.03,1.26,1.5,2.75,0.9,0.37,0.27,0.5,0.28,0.14,0.017,0.47,1.003,0.134,2.976,0.63,0.21,0.4
Non-Annex I countries,Savanna fires,Emissions (N2O),kilotonnes,355.5742,330.3054,386.3709,397.1121,391.6902,423.4519,368.2901,411.1271,382.9653,337.6236,405.6532,383.4061,370.8392,333.3456,321.9866,333.563,337.997,338.3191,295.5443,305.1919,333.49
Non-Annex I countries,Savanna fires,Emissions (N2O),kilotonnes,0.138,0.2,0.156,0.368,0.115,0.137,0.251,0.082,0.034,0.025,0.046,0.026,0.012,0.0015,0.043,0.092,0.012,0.28,0.58,0.21,0.37
Non-Annex I countries,Savanna fires,Emissions (CO2eq) from CH4 (AR5),kilotonnes,109042.7638,101293.6633,118487.0721,121781.0561,120118.3277,129858.5712,112942.3006,126078.962,117442.6869,103537.8972,124400.3001,117577.8629,113724.0132,102225.9898,98742.5625,102292.6518,103652.4214,103751.2022,90633.5806,93592.1879,102270.2684
Non-Annex I countries,Savanna fires,Emissions (CO2eq) from CH4 (AR5),kilotonnes,42.28,61.32,47.88,112.84,35.28,42,77,25.2,10.36,7.56,14,7.84,3.92,0.476,13.16,28.084,3.752,83.328,17.64,5.88,11.2
Non-Annex I countries,Savanna fires,Emissions (CO2eq) from N2O (AR5),kilotonnes,94227.1712,87530.9373,102388.2851,105234.717,103797.9028,112214.7436,97596.8793,108948.6683,101485.8001,89470.2481,107498.0855,101602.6098,98272.381,88336.589,85326.4535,88394.1937,89569.212,89654.5714,78319.2354,80875.858,88374.8515
Non-Annex I countries,Savanna fires,Emissions (CO2eq) from N2O (AR5),kilotonnes,36.57,53,41.34,97.52,30.475,36.305,66.515,21.73,9.01,6.625,12.19,6.89,3.18,0.3975,11.395,24.38,3.18,74.2,153.7,55.65,98.05
Non-Annex I countries,Savanna fires,Emissions (CO2eq) (AR5),kilotonnes,203269.9351,188824.6007,220875.3573,227015.7731,223916.2305,242073.3147,210539.1799,235027.6303,218928.487,193008.1454,231898.3856,219180.4727,211996.3942,190562.5787,184069.0159,190686.8455,193221.6333,193405.7736,168952.816,174468.046,190645.1199
Non-Annex I countries,Savanna fires,Emissions (CO2eq) (AR5),kilotonnes,78.85,114.32,89.22,210.36,65.755,78.305,143.515,46.93,19.37,14.185,26.19,14.73,7.1,0.8735,24.555,52.464,6.932,157.528,171.34,61.53,109.25
Non-Annex I countries,Fires in organic soils,Emissions (CH4),kilotonnes,361.8687,369.1042,4951.0527,1576.5984,4908.3103,2312.5683,5876.5076,530.6194,355.4285,4052.0869,405.6899,1998.8712,2077.0222,1842.3226,5063.2644,5358.4473,668.6958,238.9072,2002.7688,4152.4222,430.5861
Non-Annex I countries,Fires in organic soils,Emissions (CO2),kilotonnes,29628.0003,29906.8838,401414.9503,127790.6861,397875.8129,187593.255,476215.192,42996.7074,28800.5033,328356.4675,32899.0119,161967.1854,168295.5697,149304.3039,410655.3915,434460.0628,54230.1522,19373.925,162321.3715,336624.8133,34939.3596
Non-Annex I countries,Fires in organic soils,Emissions (CO2eq) from CH4 (AR5),kilotonnes,10132.3237,10334.9163,138629.4752,44144.7565,137432.6896,64751.9133,164542.2118,14857.3436,9951.9971,113458.4339,11359.3182,55968.3923,58156.6217,51585.0326,141771.4046,150036.5239,18723.4814,6689.4005,56077.5265,116267.8222,12056.4104
Non-Annex I countries,Fires in organic soils,Emissions (CO2eq) (AR5),kilotonnes,39760.3241,40241.8001,540044.4255,171935.4426,535308.5025,252345.1683,640757.4037,57854.0509,38752.5004,441814.9014,44258.3301,217935.5777,226452.1914,200889.3365,552426.796,584496.5866,72953.6336,26063.3256,218398.8981,452892.6356,46995.7699
Non-Annex I countries,Forest fires,Emissions (CH4),kilotonnes,3972.1812,2179.4884,2723.1453,3657.5266,3990.9195,3909.9793,3489.181,4201.0056,3434.1228,3429.5353,4546.5072,3368.2201,3633.5357,3229.2105,3238.2295,3730.2313,3710.3478,3668.7241,2990.8058,3571.7828,3605.6761
Non-Annex I countries,Forest fires,Emissions (N2O),kilotonnes,120.6622,198.9968,248.635,333.9481,364.3883,356.9981,318.5774,383.5701,313.5503,313.1315,415.1159,307.5331,331.7576,294.841,295.6644,340.5863,338.7709,334.9705,273.0736,326.1193,329.2139
Non-Annex I countries,Forest fires,Emissions (CO2eq) from CH4 (AR5),kilotonnes,111221.073,61025.6747,76248.068,102410.7451,111745.7463,109479.4211,97697.068,117628.1559,96155.4394,96026.9873,127302.2021,94310.1623,101739.0005,90417.895,90670.4261,104446.4758,103889.7375,102724.2741,83742.5622,100009.9192,100958.931
Non-Annex I countries,Forest fires,Emissions (CO2eq) from N2O (AR5),kilotonnes,31975.4843,52734.1428,65888.2762,88496.2417,96562.9003,94604.4997,84423.0099,101646.0695,83090.8416,82979.8422,110005.7072,81496.2816,87915.7668,78132.8549,78351.0747,90255.3785,89774.2841,88767.1716,72364.4967,86421.615,87241.6849
Non-Annex I countries,Forest fires,Emissions (CO2eq) (AR5),kilotonnes,143196.5573,113759.8175,142136.3442,190906.9868,208308.6467,204083.9208,182120.0779,219274.2254,179246.281,179006.8295,237307.9093,175806.4439,189654.7673,168550.7498,169021.5008,194701.8543,193664.0216,191491.4457,156107.0589,186431.5342,188200.6159
Non-Annex I countries,Fires in humid tropical forests,Emissions (CH4),kilotonnes,2666.5004,1690.1834,2237.4735,2944.2636,3197.7739,3166.9023,2843.4139,3314.6376,2691.3754,2571.9934,3581.6041,2703.5693,2780.024,2475.4748,2541.9989,3002.0028,2948.0952,2930.1523,2290.6466,2897.9135,2990.8478
Non-Annex I countries,Fires in humid tropical forests,Emissions (N2O),kilotonnes,78.4265,154.3211,204.2911,268.8241,291.9707,289.1519,259.6161,302.6408,245.7343,234.8342,327.016,246.8476,253.8283,226.0216,232.0956,274.0959,269.1739,267.5356,209.146,264.5921,273.0774
Non-Annex I countries,Fires in humid tropical forests,Emissions (CO2eq) from CH4 (AR5),kilotonnes,74662.012,47325.1338,62649.2586,82439.3817,89537.6679,88673.2634,79615.5888,92809.8537,75358.5106,72015.815,100284.916,75699.9392,77840.6721,69313.2948,71175.9689,84056.0791,82546.6657,82044.2634,64138.1037,81141.5782,83743.737
Non-Annex I countries,Fires in humid tropical forests,Emissions (CO2eq) from N2O (AR5),kilotonnes,20783.0185,40895.0885,54137.1311,71238.3788,77372.2239,76625.2656,68798.2534,80199.8192,65119.5825,62231.0575,86659.2481,65414.6214,67264.4938,59895.7276,61505.321,72635.4161,71331.0861,70896.945,55423.6875,70116.9073,72365.5119
Non-Annex I countries,Fires in humid tropical forests,Emissions (CO2eq) (AR5),kilotonnes,95445.0305,88220.2223,116786.3897,153677.7605,166909.8917,165298.529,148413.8422,173009.6729,140478.0931,134246.8726,186944.1641,141114.5606,145105.1659,129209.0224,132681.2899,156691.4952,153877.7517,152941.2084,119561.7912,151258.4855,156109.2489
Non-Annex I countries,Waste - agri-food systems,Emissions (CH4),kilotonnes,29638.4068,29985.0805,30073.2999,30343.6946,30602.6454,30901.7696,31312.7085,31870.2193,32710.3257,32916.2248,33164.6522,33762.9552,33965.6376,33951.0566,33848.7052,33874.5493,34042.0336,34108.6706,34169.7605,34158.9425,34128.4085
Non-Annex I countries,Waste - agri-food systems,Emissions (N2O),kilotonnes,119.9585,121.4804,123.2488,125.6491,128.1052,131.0884,134.8323,139.4745,144.3069,146.5889,151.2386,155.9714,159.1551,162.0764,162.1153,165.0888,167.8564,171.8097,173.9601,175.5469,177.0833
Non-Annex I countries,Waste - agri-food systems,Emissions (CO2),kilotonnes,18345.1822,18378.7332,18478.2962,18548.9439,18646.6261,18754.5474,18872.1113,19019.2888,19148.2708,19185.3033,19318.0371,19439.4779,19496.7925,19548.3289,19590.5232,19604.9153,19624.198,19682.964,19744.9165,19743.3537,19736.3122
Non-Annex I countries,Waste - agri-food systems,Emissions (CO2eq) from CH4 (AR5),kilotonnes,829875.3918,839582.255,842052.3959,849623.4488,856874.071,865249.5488,876755.8367,892366.1394,915889.1197,921654.2943,928610.262,945362.7445,951037.8534,950629.5845,947763.7449,948487.3812,953176.9396,955042.7758,956753.2936,956450.3894,955595.4369
Non-Annex I countries,Waste - agri-food systems,Emissions (CO2eq) from N2O (AR5),kilotonnes,31789.0017,32192.3081,32660.9266,33297.0226,33947.8801,34738.4367,35730.5554,36960.7403,38241.3227,38846.0567,40078.2201,41332.4246,42176.1038,42950.2428,42960.5675,43748.5349,44481.9379,45529.565,46099.4377,46519.9228,46927.0871
Non-Annex I countries,Waste - agri-food systems,Emissions (CO2eq) (AR5),kilotonnes,880009.5756,890153.2963,893191.6186,901469.4153,909468.5773,918742.5328,931358.5034,948346.1685,973278.7131,979685.6543,988006.5192,1006134.647,1012710.75,1013128.156,1010314.836,1011840.831,1017283.076,1020255.305,1022597.648,1022713.666,1022258.836
Non-Annex I countries,Fertilizers Manufacturing,Emissions (N2O),kilotonnes,92.5922,94.421,99.2254,108.0991,110.6198,107.813,113.5893,120.3851,118.8484,123.7725,127.9038,131.4745,133.8369,129.6494,144.8186,138.0059,134.4571,125.3533,117.6299,113.6728,115.3918
Non-Annex I countries,Fertilizers Manufacturing,Emissions (CO2),kilotonnes,145264.6267,150626.7143,163698.9078,176244.7516,179404.0502,179680.9493,192566.8291,198226.8114,196350.9814,210113.819,221906.8691,228779.6753,231458.8608,248114.5924,263750.3764,255424.0077,255808.9765,237318.3823,225460.0389,225834.6239,218132.1831
Non-Annex I countries,Fertilizers Manufacturing,Emissions (CO2eq) from N2O (AR5),kilotonnes,24536.946,25021.556,26294.738,28646.2649,29314.2379,28570.4469,30101.1702,31902.0544,31494.8283,32799.7125,33894.4946,34840.7513,35466.7785,34357.1016,38376.9361,36571.5543,35631.1436,33218.6152,31171.9218,30123.2818,30578.8211
Non-Annex I countries,Fertilizers Manufacturing,Emissions (CO2eq) (AR5),kilotonnes,169801.5727,175648.2703,189993.6458,204891.0165,208718.2881,208251.3963,222667.9993,230128.8658,227845.8097,242913.5315,255801.3637,263620.4266,266925.6393,282471.694,302127.3124,291995.562,291440.1202,270536.9974,256631.9607,255957.9057,248711.0042
Non-Annex I countries,On-farm electricity use,Emissions (CH4),kilotonnes,303.9332,315.7447,309.0984,322.6437,338.6096,350.4528,373.2299,381.4935,401.0008,421.7269,442.9503,469.1204,485.8241,509.0141,525.8436,541.6834,584.7263,611.025,639.959,662.7821,662.7821
Non-Annex I countries,On-farm electricity use,Emissions (N2O),kilotonnes,1.6226,1.6857,1.6503,1.7224,1.8076,1.8714,1.9929,2.037,2.1412,2.252,2.3649,2.5048,2.5938,2.7182,2.8082,2.8925,3.1223,3.263,3.4174,3.5393,3.5393
Non-Annex I countries,On-farm electricity use,Emissions (CO2),kilotonnes,186657.8709,191453.3093,183807.0194,191369.8163,203831.7641,207995.4952,222096.0668,229070.9129,240780.6972,255307.3501,264078.4145,270349.4446,281827.2546,306703.5368,316007.8914,325393.3438,355211.7115,371864.2564,386809.6177,400969.9629,400969.9629
Non-Annex I countries,On-farm electricity use,Emissions (CO2eq) from CH4 (AR5),kilotonnes,8510.1296,8840.8516,8654.7552,9034.0236,9481.0688,9812.6784,10450.4372,10681.818,11228.0224,11808.3532,12402.6084,13135.3712,13603.0748,14252.3948,14723.6208,15167.1352,16372.3364,17108.7,17918.852,18557.8988,18557.8988
Non-Annex I countries,On-farm electricity use,Emissions (CO2eq) from N2O (AR5),kilotonnes,429.989,446.7105,437.3295,456.436,479.014,495.921,528.1185,539.805,567.418,596.78,626.6985,663.772,687.357,720.323,744.173,766.5125,827.4095,864.695,905.611,937.9145,937.9145
Non-Annex I countries,On-farm electricity use,Emissions (CO2eq) (AR5),kilotonnes,195597.9895,200740.8714,192899.1041,200860.2759,213791.8469,218304.0946,233074.6225,240292.5359,252576.1376,267712.4833,277107.7214,284148.5878,296117.6864,321676.2546,331475.6852,341326.9915,372411.4574,389837.6514,405634.0807,420465.7762,420465.7762
Non-Annex I countries,Food Processing,Emissions (CH4),kilotonnes,1462.9698,1854.8323,1706.1587,1518.4852,1387.6157,1566.5531,1702.3149,1090.6814,1209.2248,1431.5129,1605.9421,1661.2482,1720.6474,1484.7844,1463.4587,1428.4399,1472.4821,1255.0408,1292.4869,1442.2195,1477.6928
Non-Annex I countries,Food Processing,Emissions (N2O),kilotonnes,0.9042,1.3777,1.3316,0.7142,0.4934,0.5748,0.6307,0.8125,0.9795,1.0186,1.0094,1.1189,1.1442,1.1949,1.2617,1.2592,1.5093,1.4907,1.4586,1.4662,1.5051
Non-Annex I countries,Food Processing,Emissions (CO2),kilotonnes,71570.6345,92709.1076,86884.2436,66735.8447,62400.9105,68755.6153,69641.0993,94594.7272,104861.9259,108124.8678,100828.1576,115225.1375,126259.0562,152376.0805,157673.7543,157010.9675,164103.0437,158695.3817,156143.9708,157426.7776,146725.6977
Non-Annex I countries,Food Processing,Emissions (CO2eq) from CH4 (AR5),kilotonnes,40963.1544,51935.3044,47772.4436,42517.5856,38853.2396,43863.4868,47664.8172,30539.0792,33858.2944,40082.3612,44966.3788,46514.9496,48178.1272,41573.9632,40976.8436,39996.3172,41229.4988,35141.1424,36189.6332,40382.146,41375.3995
Non-Annex I countries,Food Processing,Emissions (CO2eq) from N2O (AR5),kilotonnes,239.613,365.0905,352.874,189.263,130.751,152.322,167.1355,215.3125,259.5675,269.929,267.491,296.5085,303.213,316.6485,334.3505,333.688,399.9645,395.0355,386.529,388.543,398.8465
Non-Annex I countries,Food Processing,Emissions (CO2eq) (AR5),kilotonnes,112773.4019,145009.5025,135009.5612,109442.6933,101384.9011,112771.4241,117473.052,125349.1189,138979.7878,148477.158,146062.0274,162036.5956,174740.3964,194266.6922,198984.9484,197340.9727,205732.507,194231.5596,192720.133,198197.4666,188499.9437
Non-Annex I countries,Food Packaging,Emissions (CH4),kilotonnes,106.9602,101.326,103.4678,123.7708,123.1634,135.9871,141.3922,146.8864,151.0182,156.8913,180.1938,188.7522,194.2972,206.0164,222.4504,229.1678,244.8539,246.5592,259.2399,247.4071,250.9157
Non-Annex I countries,Food Packaging,Emissions (N2O),kilotonnes,0.7203,0.7378,0.7487,0.7964,0.9654,1.0771,1.1418,1.2321,1.2962,1.4006,1.4839,1.5194,1.4872,1.5286,1.5606,1.5852,1.5258,1.4923,1.4727,1.686,1.7256
Non-Annex I countries,Food Packaging,Emissions (CO2),kilotonnes,65423.5475,66622.0056,68758.8461,73210.657,84919.0641,93028.7706,99244.024,105907.5285,110304.7691,118406.7788,125495.9354,129900.2463,127587.6902,138855.5075,146144.5952,148560.1769,145702.6991,146368.3615,149772.8903,156061.5466,153169.9862
Non-Annex I countries,Food Packaging,Emissions (CO2eq) from CH4 (AR5),kilotonnes,2994.8856,2837.128,2897.0984,3465.5824,3448.5752,3807.6388,3958.9816,4112.8192,4228.5096,4392.9564,5045.4264,5285.0616,5440.3216,5768.4592,6228.6112,6416.6984,6855.9092,6903.6576,7258.7172,6927.3985,7025.6409
Non-Annex I countries,Food Packaging,Emissions (CO2eq) from N2O (AR5),kilotonnes,190.8795,195.517,198.4055,211.046,255.831,285.4315,302.577,326.5065,343.493,371.159,393.2335,402.641,394.108,405.079,413.559,420.078,404.337,395.4595,390.2655,446.7872,457.293
Non-Annex I countries,Food Packaging,Emissions (CO2eq) (AR5),kilotonnes,68609.3126,69654.6506,71854.35,76887.2854,88623.4703,97121.8409,103505.5826,110346.8542,114876.7717,123170.8942,130934.5953,135587.9489,133422.1198,145029.0457,152786.7654,155396.9533,152962.9453,153667.4786,157421.873,163435.7324,160652.9201
Non-Annex I countries,Food Retail,Emissions (CH4),kilotonnes,64.7839,65.6662,69.4971,73.6169,76.4942,81.2896,85.9564,112.8538,131.7722,145.2736,154.8947,166.3259,173.6489,180.4894,184.5217,192.1918,200.1647,203.4415,209.4871,210.2296,214.3151
Non-Annex I countries,Food Retail,Emissions (N2O),kilotonnes,0.4508,0.4652,0.494,0.5249,0.5548,0.6073,0.6342,0.8065,0.9255,1.0064,1.0701,1.1489,1.1992,1.2929,1.2999,1.3581,1.4001,1.3986,1.4036,1.4383,1.4822
Non-Annex I countries,Food Retail,Emissions (CO2),kilotonnes,37156.6864,38361.5631,39552.8752,41343.703,45335.2954,47411.002,51459.313,67007.5175,76596.5863,85554.7309,92850.0342,98032.6361,102741.2815,109667.2304,108564.0964,115178.7926,121537.237,120614.0516,122436.4404,122844.3544,115488.7059
Non-Annex I countries,Food Retail,Emissions (CO2eq) from F-gases (AR5),kilotonnes,7426.2525,9163.4605,11020.673,13340.2405,15871.764,17719.6255,19718.6615,21716.6585,21983.162,22121.8685,22198.7545,22244.99,22276.16,22304.7325,22304.7325,22304.7325,24103.2415,24573.9085,25039.9,25507.9695,26530.6734
Non-Annex I countries,Food Retail,Emissions (CO2eq) from CH4 (AR5),kilotonnes,1813.9498,1838.6525,1945.9182,2061.2729,2141.8362,2276.1078,2406.7783,3159.9058,3689.6222,4067.6594,4337.0506,4657.1245,4862.1691,5053.7043,5166.6082,5381.3694,5604.6116,5696.3618,5865.6388,5886.4288,6000.8225
Non-Annex I countries,Food Retail,Emissions (CO2eq) from N2O (AR5),kilotonnes,119.4564,123.2796,130.9085,139.1091,147.0299,160.9372,168.0748,213.7167,245.2468,266.6879,283.5858,304.4643,317.7947,342.6236,344.478,359.9006,371.0299,370.6365,371.954,381.1495,392.7801
Non-Annex I countries,Food Retail,Emissions (CO2eq) (AR5),kilotonnes,46516.3451,49486.9556,52650.3749,56884.3255,63495.9255,67567.6724,73752.8275,92097.7986,102514.6174,112010.9467,119669.4251,125239.215,130197.4053,137368.2908,136379.9151,143224.7951,151616.1201,151254.9584,153713.9332,154619.9022,148412.9819
Non-Annex I countries,Food Household Consumption,Emissions (CH4),kilotonnes,608.1045,626.274,654.3,702.8744,758.1108,812.6673,859.1942,912.5587,936.9814,966.976,1023.9762,1074.8801,1136.1823,1228.0894,1280.372,1322.5111,1375.6199,1421.3647,1491.051,1493.8502,1515.6429
Non-Annex I countries,Food Household Consumption,Emissions (N2O),kilotonnes,3.6703,3.76,3.931,4.1675,4.4713,4.7727,4.9982,5.3076,5.4221,5.5932,5.8703,6.1403,6.4509,6.9297,7.1994,7.4273,7.7017,7.9333,8.3065,8.3206,8.4997
Non-Annex I countries,Food Household Consumption,Emissions (CO2),kilotonnes,404129.0421,416873.3201,429341.1362,455484.0084,491661.4376,523219.3368,553569.555,593114.804,606288.3827,624627.1925,658193.7626,687452.2554,716106.9512,790371.2341,819660.7844,851075.0273,900411.1779,940614.7962,989122.7669,989048.5346,960136.8985
Non-Annex I countries,Food Household Consumption,Emissions (CO2eq) from CH4 (AR5),kilotonnes,17026.926,17535.672,18320.4,19680.4832,21227.1024,22754.6844,24057.4376,25551.6436,26235.4792,27075.328,28671.3336,30096.6428,31813.1044,34386.5032,35850.416,37030.3108,38517.3572,39798.2116,41749.428,41827.8056,42438.0005
Non-Annex I countries,Food Household Consumption,Emissions (CO2eq) from N2O (AR5),kilotonnes,972.6295,996.4,1041.715,1104.3875,1184.8945,1264.7655,1324.523,1406.514,1436.8565,1482.198,1555.6295,1627.1795,1709.4885,1836.3705,1907.841,1968.2345,2040.9505,2102.3245,2201.2225,2204.959,2252.4098
Non-Annex I countries,Food Household Consumption,Emissions (CO2eq) (AR5),kilotonnes,422128.5976,435405.3921,448703.2512,476268.8791,514073.4345,547238.7867,578951.5156,620072.9616,633960.7184,653184.7185,688420.7257,719176.0777,749629.5441,826594.1078,857419.0414,890073.5726,940969.4856,982515.3323,1033073.417,1033081.299,1004827.309
Non-Annex I countries,Food Transport,Emissions (CH4),kilotonnes,32.4248,32.4251,33.2751,34.2686,35.2607,36.066,36.9049,37.928,41.006,43.3464,45.8109,48.9893,52.2728,55.5973,58.094,60.5048,62.7745,65.2151,67.4029,62.5682,63.6646
Non-Annex I countries,Food Transport,Emissions (N2O),kilotonnes,4.7856,5.0071,5.2659,5.6448,6.1183,6.4498,6.5663,6.8641,7.0893,7.1227,7.4288,7.667,8.054,8.2956,8.4245,8.5065,8.7227,8.9105,9.0164,9.5732,9.8866
Non-Annex I countries,Food Transport,Emissions (CO2),kilotonnes,145491.0355,149045.0312,154636.783,160803.0601,171526.3859,177722.2413,183191.7729,194196.6104,203677.0298,209994.2909,222346.257,233951.6663,250299.7351,260172.6356,267627.0973,271708.1167,279678.1089,287144.4749,289480.5565,291817.0389,273485.1922
Non-Annex I countries,Food Transport,Emissions (CO2eq) from CH4 (AR5),kilotonnes,907.8944,907.9028,931.7028,959.5208,987.2996,1009.848,1033.3372,1061.984,1148.168,1213.6992,1282.7052,1371.7004,1463.6384,1556.7244,1626.632,1694.1344,1757.686,1826.0228,1887.2812,1751.9096,1782.6079
Non-Annex I countries,Food Transport,Emissions (CO2eq) from N2O (AR5),kilotonnes,1268.184,1326.8815,1395.4635,1495.872,1621.3495,1709.197,1740.0695,1818.9865,1878.6645,1887.5155,1968.632,2031.755,2134.31,2198.334,2232.4925,2254.2225,2311.5155,2361.2825,2389.346,2536.898,2619.9443
Non-Annex I countries,Food Transport,Emissions (CO2eq) (AR5),kilotonnes,147667.1139,151279.8155,156963.9493,163258.4529,174135.035,180441.2863,185965.1796,197077.5809,206703.8623,213095.5056,225597.5942,237355.1217,253897.6835,263927.694,271486.2218,275656.4736,283747.3104,291331.7802,293757.1837,296105.8465,277887.7443
Non-Annex I countries,Energy,Emissions (CH4),kilotonnes,70793.1512,70710.7813,69456.6358,75832.5819,78999.302,82689.1413,85115.8272,85178.2968,87224.9101,87319.696,91040.1542,95116.9176,97386.1392,96976.1637,97895.8906,97780.0603,97667.8269,99496.9227,100481.1057,103603.9238,105470.0322
Non-Annex I countries,Energy,Emissions (N2O),kilotonnes,317.1686,324.846,338.9436,356.2524,383.9885,402.3606,420.2943,442.3359,452.8664,464.1838,482.9113,508.5255,526.128,535.7706,540.917,542.1645,545.9914,560.4658,568.6033,593.0273,609.4356
Non-Annex I countries,Energy,Emissions (CO2),kilotonnes,9565310.96,9711071.96,10139416.63,11121391.27,12149894.07,12963223.37,13819936.7,14515650.37,15541438.63,16064307.67,17023883,18169542.66,18861391.93,19008489.63,19464922,19633167.93,19664350.63,20041193.73,20596175.26,20905758.18,20253849.21
Non-Annex I countries,Energy,Emissions (CO2eq) from CH4 (AR5),kilotonnes,1982208.232,1979901.878,1944785.803,2123312.294,2211980.457,2315295.956,2383243.16,2384992.311,2442297.484,2444951.488,2549124.317,2663273.693,2726811.898,2715332.584,2741084.937,2737841.688,2734699.152,2785913.836,2813470.959,2900909.867,2953160.9
Non-Annex I countries,Energy,Emissions (CO2eq) from N2O (AR5),kilotonnes,84049.67,86084.2017,89820.0506,94406.8786,101756.9599,106625.5479,111377.9855,117219.0183,120009.5913,123008.7176,127971.5035,134759.2533,139423.9248,141979.2043,143343.0063,143673.6055,144687.7324,148523.4442,150679.8692,157152.2223,161500.4256
Non-Annex I countries,Energy,Emissions (CO2eq) (AR5),kilotonnes,11631568.86,11777058.04,12174022.48,13339110.44,14463631.49,15385144.87,16314557.85,17017861.7,18103745.7,18632267.88,19700978.82,20967575.61,21727627.75,21865801.42,22349349.94,22514683.22,22543737.51,22975631.01,23560326.09,23963820.27,23368510.54
Non-Annex I countries,IPPU,Emissions (CH4),kilotonnes,83.1434,92.2768,99.326,110.3559,122.9522,140.1594,166.3348,184.7822,191.9899,205.0721,236.7238,264.3633,280.1894,299.0721,335.7819,343.1582,352.5472,367.7133,382.1126,411.9487,431.3761
Non-Annex I countries,IPPU,Emissions (N2O),kilotonnes,370.5406,378.8112,340.9684,357.9313,410.9161,429.8624,436.5871,482.043,443.4844,354.3017,345.2902,348.3371,350.3645,355.0675,358.5233,360.8097,367.827,374.0939,381.3677,384.4531,399.9822
Non-Annex I countries,IPPU,Emissions (CO2),kilotonnes,832161.2486,886154.3696,952208.1188,1032540.217,1116776.649,1203584.592,1332346.459,1446841.643,1484697.423,1579883.681,1707560.91,1843443.329,1907983.149,2005886.491,2095035.52,2051478.952,2101823.385,2141239.349,2219972.513,2333856.046,2389930.031
Non-Annex I countries,IPPU,Emissions (CO2eq) from F-gases (AR5),kilotonnes,155106.3223,158692.5969,189304.4504,219432.9637,280552.4886,324349.4485,362405.9232,354209.7475,370645.9207,372652.9688,398828.4655,411685.0525,436415.7223,501333.3743,563048.7475,545968.6055,573930.6852,598718.6961,628186.6324,649589.9346,676437.4318
Non-Annex I countries,IPPU,Emissions (CO2eq) from CH4 (AR5),kilotonnes,2328.0139,2583.7493,2781.1286,3089.9639,3442.662,3924.4628,4657.3741,5173.9029,5375.7175,5742.0194,6628.2676,7402.1715,7845.3028,8374.0179,9401.8938,9608.4286,9871.3206,10295.9736,10699.154,11534.5645,12078.5299
Non-Annex I countries,IPPU,Emissions (CO2eq) from N2O (AR5),kilotonnes,98193.2546,100384.9756,90356.6187,94851.7852,108892.7785,113913.531,115695.5742,127741.3989,117523.3766,93889.9432,91501.9091,92309.3444,92846.5964,94092.8835,95008.6803,95614.5672,97474.1557,99134.8916,101062.4435,101880.0844,105995.285
Non-Annex I countries,IPPU,Emissions (CO2eq) (AR5),kilotonnes,1087788.839,1147815.692,1234650.316,1349914.929,1509664.578,1645772.035,1815105.331,1933966.692,1978242.438,2052168.612,2204519.552,2354839.897,2445090.77,2609686.767,2762494.842,2702670.553,2783099.546,2849388.91,2959920.743,3096860.629,3184441.278
Non-Annex I countries,Waste,Emissions (CH4),kilotonnes,39925.4779,40919.9199,41982.3677,43115.6863,44491.7205,45265.7593,46732.4511,47926.1594,48670.3184,49608.085,50818.4397,52223.1549,53553.9773,54995.5542,56467.1776,57844.7621,59006.6752,60281.0784,61591.7525,62579.5247,63807.8089
Non-Annex I countries,Waste,Emissions (N2O),kilotonnes,208.4192,211.2495,214.0065,217.894,221.7322,226.1029,231.3745,237.8515,245.0572,251.8089,258.5652,265.3863,272.1269,279.6748,284.5793,290.3402,295.4462,301.3499,305.7964,315.5808,321.3805
Non-Annex I countries,Waste,Emissions (CO2),kilotonnes,3047.2731,3253.7718,3049.2763,3069.6009,3133.9077,2944.8946,3492.972,3668.7341,4011.2695,4243.5714,4569.5764,5004.1198,5450.3422,5877.1379,5839.5284,5961.362,6071.9084,6181.4727,6303.5665,6822.6194,7266.3987
Non-Annex I countries,Waste,Emissions (CO2eq) from CH4 (AR5),kilotonnes,1117913.38,1145757.758,1175506.294,1207239.216,1245768.175,1267441.26,1308508.63,1341932.463,1362768.914,1389026.381,1422916.313,1462248.339,1499511.363,1539875.516,1581080.971,1619653.338,1652186.905,1687870.194,1724569.069,1752226.693,1786618.651
Non-Annex I countries,Waste,Emissions (CO2eq) from N2O (AR5),kilotonnes,55231.0777,55981.13,56711.7262,57741.9042,58759.0298,59917.2749,61314.2348,63030.6499,64940.1567,66729.3609,68519.7653,70327.3565,72113.6349,74113.8339,75413.5052,76940.1625,78293.2422,79857.7352,81036.0569,83628.9207,85165.8407
Non-Annex I countries,Waste,Emissions (CO2eq) (AR5),kilotonnes,1176191.731,1204992.659,1235267.297,1268050.722,1307661.113,1330303.43,1373315.837,1408631.847,1431720.34,1459999.313,1496005.655,1537579.815,1577075.34,1619866.488,1662334.005,1702554.863,1736552.055,1773909.402,1811908.693,1842678.233,1879050.89
Non-Annex I countries,Other,Emissions (CH4),kilotonnes,142.3246,146.405,147.2083,148.1043,149.0031,149.9024,150.8029,151.6039,152.5037,153.4012,154.3023,155.2013,156.0006,156.9003,157.8004,158.7003,159.6,160.5,161.3,162.2,163.1
Non-Annex I countries,Other,Emissions (N2O),kilotonnes,254.0048,258.5137,266.519,277.7765,298.8133,294.5279,306.1792,320.2236,327.9908,332.5562,346.3085,359.9346,372.5606,380.3769,387.9308,388.1973,388.6631,392.6268,399.8215,419.1709,427.7045
Non-Annex I countries,Other,Emissions (CO2),kilotonnes,43268.4,43230.4,43174.5,43104.4,43040.6,42973.9,42922,42864.5,42809.7,42722.3,42694.2,42651.3,42616.32,42603.9,42603.29,42602.88,42603.57,42600.845,42600,42600,42600
Non-Annex I countries,Other,Emissions (CO2eq) from CH4 (AR5),kilotonnes,3985.0888,4099.34,4121.8324,4146.9204,4172.0868,4197.2672,4222.4812,4244.9092,4270.1036,4295.2336,4320.4644,4345.6364,4368.0168,4393.2084,4418.4112,4443.6084,4468.8,4494,4516.4,4541.6,4566.8
Non-Annex I countries,Other,Emissions (CO2eq) from N2O (AR5),kilotonnes,67311.2615,68506.1385,70627.5324,73610.7752,79185.5325,78049.8803,81137.4775,84859.262,86917.5674,88127.3984,91771.7579,95382.677,98728.5458,100799.8733,102801.67,102872.2872,102995.7136,104046.0968,105952.7002,111080.2806,113341.682
Non-Annex I countries,Other,Emissions (CO2eq) (AR5),kilotonnes,114564.7503,115835.8785,117923.8648,120862.0956,126398.2193,125221.0475,128281.9587,131968.6712,133997.371,135144.932,138786.4223,142379.6134,145712.8826,147796.9817,149823.3712,149918.7756,150068.0836,151140.9418,153069.1002,158221.8806,160508.482
Non-Annex I countries,Farm-gate emissions,Emissions (CH4),kilotonnes,95687.1115,95648.5895,96865.82,98568.2912,100387.3374,102590.2523,103218.3282,104708.1223,106051.3197,105937.0467,107320.081,107833.3781,108486.4733,108736.7669,109082.0702,109948.4003,111296.4117,112019.4114,112523.273,112923.1986,114930.6174
Non-Annex I countries,Farm-gate emissions,Direct emissions (N2O),kilotonnes,2733.1354,2774.3907,2851.1557,2922.0514,3017.6048,3083.1362,3149.9559,3231.9438,3282.946,3338.0171,3406.6132,3472.1305,3497.0285,3550.1838,3590.5337,3609.1277,3658.0527,3728.5768,3736.9105,3779.0312,3875.7361
Non-Annex I countries,Farm-gate emissions,Indirect emissions (N2O),kilotonnes,796.4943,807.8617,830.3773,849.8531,879.2968,898.8349,918.9378,943.8522,958.0149,975.3969,995.6025,1015.4538,1022.3538,1038.275,1049.8088,1054.0779,1068.3585,1088.9187,1091.0255,1103.4013,1133.3743
Non-Annex I countries,Farm-gate emissions,Emissions (N2O),kilotonnes,4305.4767,4331.9305,4480.0346,4584.4005,4710.8777,4836.2475,4873.9436,5014.0661,5062.7315,5090.9491,5252.5314,5318.4925,5342.4973,5380.4517,5424.2188,5451.4833,5521.2709,5618.9171,5587.7875,5643.9095,5808.4516
Non-Annex I countries,Farm-gate emissions,Emissions (CO2),kilotonnes,672073.6492,669487.6625,648198.6061,670394.7504,689010.6217,709686.0724,720039.1834,697841.8417,716428.8366,710935.1933,721132.0925,730740.3822,738535.7925,774854.416,772400.9438,737633.3208,738156.8383,745130.2636,732899.0189,729749.01,731909.2062
Non-Annex I countries,Farm-gate emissions,Emissions (CO2eq) from CH4 (AR5),kilotonnes,2679239.123,2678160.506,2712242.96,2759912.153,2810845.446,2872527.066,2890113.191,2931827.425,2969436.952,2966237.308,3004962.268,3019334.586,3037621.251,3044629.473,3054297.965,3078555.21,3116299.527,3136543.519,3150651.644,3161849.561,3218057.287
Non-Annex I countries,Farm-gate emissions,Emissions (CO2eq) from N2O (AR5),kilotonnes,1140951.332,1147961.595,1187209.177,1214866.145,1248382.601,1281605.6,1291595.064,1328727.517,1341623.858,1349101.508,1391920.812,1409400.511,1415761.796,1425819.705,1437417.995,1444643.071,1463136.801,1489013.037,1480763.681,1495636.017,1539239.683
Non-Annex I countries,Farm-gate emissions,Emissions (CO2eq) (AR5),kilotonnes,4492264.104,4495609.764,4547650.743,4645173.049,4748238.669,4863818.739,4901747.438,4958396.783,5027489.647,5026274.009,5118015.173,5159475.479,5191918.84,5245303.594,5264116.903,5260831.601,5317593.167,5370686.819,5364314.345,5387234.587,5489206.176
Non-Annex I countries,Land Use change,Emissions (CH4),kilotonnes,3028.3691,2059.2875,7188.5262,4520.8621,8106.0842,5479.4706,8719.9214,3845.257,3046.8038,6624.0803,3987.2941,4702.4404,4857.0462,4317.7974,7605.2633,8360.4501,3616.791,3169.0594,4293.4154,7050.3357,3421.4338
Non-Annex I countries,Land Use change,Emissions (N2O),kilotonnes,78.4265,154.3211,204.2911,268.8241,291.9707,289.1519,259.6161,302.6408,245.7343,234.8342,327.016,246.8476,253.8283,226.0216,232.0956,274.0959,269.1739,267.5356,209.146,264.5921,273.0774
Non-Annex I countries,Land Use change,Emissions (CO2),kilotonnes,3972371.258,3471695.027,3843203.094,3569578.83,3839663.956,3629381.398,3918003.336,3484784.851,3470588.647,3770144.611,3474687.155,3299168.685,3305497.07,3286505.804,3547856.891,3571661.563,2758705.301,2723849.074,2866796.52,3041099.962,2739414.508
Non-Annex I countries,Land Use change,Emissions (CO2eq) from CH4 (AR5),kilotonnes,84794.3357,57660.0502,201278.7338,126584.1382,226970.3574,153425.1767,244157.8006,107667.1972,85310.5076,185474.2489,111644.2343,131668.3315,135997.2938,120898.3274,212947.3735,234092.6029,101270.147,88733.6639,120215.6303,197409.4005,95800.1474
Non-Annex I countries,Land Use change,Emissions (CO2eq) from N2O (AR5),kilotonnes,20783.0185,40895.0885,54137.1311,71238.3788,77372.2239,76625.2656,68798.2534,80199.8192,65119.5825,62231.0575,86659.2481,65414.6214,67264.4938,59895.7276,61505.321,72635.4161,71331.0861,70896.945,55423.6875,70116.9073,72365.5119
Non-Annex I countries,Land Use change,Emissions (CO2eq) (AR5),kilotonnes,4077948.612,3570250.166,4098618.959,3767401.347,4144006.538,3859431.841,4230959.39,3672651.867,3621018.737,4017849.917,3672990.638,3496251.638,3508758.857,3467299.859,3822309.586,3878389.582,2931306.534,2883479.683,3042435.838,3308626.27,2907580.167
Non-Annex I countries,Emissions on agricultural land,Emissions (CH4),kilotonnes,98715.4807,97707.877,104054.3462,103089.1532,108493.4216,108069.7229,111938.2497,108553.3794,109098.1236,112561.127,111307.3751,112535.8185,113343.5195,113054.5643,116687.3335,118308.8504,114913.2026,115188.4708,116816.6884,119973.5343,118352.0512
Non-Annex I countries,Emissions on agricultural land,Emissions (N2O),kilotonnes,4383.9032,4486.2516,4684.3257,4853.2246,5002.8484,5125.3995,5133.5597,5316.7069,5308.4658,5325.7833,5579.5474,5565.3401,5596.3256,5606.4733,5656.3144,5725.5792,5790.4449,5886.4528,5796.9335,5908.5016,6081.529
Non-Annex I countries,Emissions on agricultural land,Emissions (CO2),kilotonnes,4644444.907,4141182.69,4491401.7,4239973.58,4528674.578,4339067.471,4638042.519,4182626.693,4187017.483,4481079.804,4195819.248,4029909.068,4044032.862,4061360.22,4320257.835,4309294.884,3496862.139,3468979.337,3599695.539,3770848.972,3471323.714
Non-Annex I countries,Emissions on agricultural land,Emissions (CO2eq) from CH4 (AR5),kilotonnes,2764033.458,2735820.556,2913521.694,2886496.291,3037815.804,3025952.243,3134270.991,3039494.622,3054747.46,3151711.557,3116606.502,3151002.918,3173618.545,3165527.801,3267245.338,3312647.813,3217569.674,3225277.183,3270867.274,3359258.961,3313857.434
Non-Annex I countries,Emissions on agricultural land,Emissions (CO2eq) from N2O (AR5),kilotonnes,1161734.351,1188856.683,1241346.308,1286104.524,1325754.824,1358230.866,1360393.317,1408927.336,1406743.441,1411332.565,1478580.06,1474815.132,1483026.29,1485715.432,1498923.316,1517278.487,1534467.887,1559909.982,1536187.369,1565752.924,1611605.195
Non-Annex I countries,Emissions on agricultural land,Emissions (CO2eq) (AR5),kilotonnes,8570212.716,8065859.929,8646269.702,8412574.395,8892245.206,8723250.579,9132706.827,8631048.65,8648508.384,9044123.926,8791005.811,8655727.117,8700677.697,8712603.453,9086426.489,9139221.183,8248899.701,8254166.502,8406750.182,8695860.857,8396786.343
Non-Annex I countries,Pre- and post- production,Emissions (CH4),kilotonnes,32217.5833,32981.3488,32949.0969,33119.3542,33321.8997,33884.7855,34511.7009,34552.621,35581.3291,36081.9518,36618.4202,37372.2712,37728.5103,37615.0476,37583.4456,37649.0481,37982.655,37911.3169,38129.3873,38277.9992,38313.4217
Non-Annex I countries,Pre- and post- production,Emissions (N2O),kilotonnes,224.7045,228.9349,235.8957,247.3185,253.1358,254.2546,264.3858,276.9194,281.009,288.7549,298.3698,307.5453,313.9213,313.6857,329.4883,326.1235,326.2954,321.6514,316.6652,315.2432,319.1136
Non-Annex I countries,Pre- and post- production,Emissions (CO2),kilotonnes,1074038.626,1124069.784,1145158.108,1183740.785,1257725.534,1316567.958,1390640.771,1501138.201,1558008.643,1631314.333,1705017.467,1783130.539,1855777.622,2025809.146,2099019.119,2143955.348,2242077.153,2282302.669,2338971.198,2363746.193,2287844.939
Non-Annex I countries,Pre- and post- production,Emissions (CO2eq) from F-gases (AR5),kilotonnes,7426.2525,9163.4605,11020.673,13340.2405,15871.764,17719.6255,19718.6615,21716.6585,21983.162,22121.8685,22198.7545,22244.99,22276.16,22304.7325,22304.7325,22304.7325,24103.2415,24573.9085,25039.9,25507.9695,26530.6734
Non-Annex I countries,Pre- and post- production,Emissions (CO2eq) from CH4 (AR5),kilotonnes,902092.3315,923477.7663,922574.714,927341.9173,933013.1929,948773.993,966327.6258,967473.3893,996277.2155,1010294.652,1025315.765,1046423.595,1056398.289,1053221.334,1052336.477,1054173.347,1063514.339,1061516.872,1067622.844,1071783.977,1072775.807
Non-Annex I countries,Pre- and post- production,Emissions (CO2eq) from N2O (AR5),kilotonnes,59546.6991,60667.7432,62512.3606,65539.4011,67080.9879,67377.4578,70062.2238,73383.636,74467.3973,76520.0387,79067.9851,81499.4963,83189.1535,83126.7231,87314.3976,86422.7253,86468.2885,85237.6137,83916.2875,83539.4558,84565.0964
Non-Annex I countries,Pre- and post- production,Emissions (CO2eq) (AR5),kilotonnes,2043103.909,2117378.754,2141265.855,2189962.344,2273691.479,2350439.034,2446749.283,2563711.884,2650736.418,2740250.892,2831599.972,2933298.62,3017641.224,3184461.935,3260974.725,3306856.152,3416163.022,3453631.063,3515550.229,3544577.595,3471716.516
Non-Annex I countries,Agri-food systems,Emissions (CH4),kilotonnes,130933.0639,130689.2258,137003.4431,136208.5074,141815.3213,141954.5084,146449.9506,143106.0004,144679.4527,148643.0789,147925.7953,149908.0897,151072.0298,150669.6119,154270.7791,155957.8985,152895.8576,153099.7877,154946.0757,158251.5335,156665.4729
Non-Annex I countries,Agri-food systems,Emissions (N2O),kilotonnes,4608.6077,4715.1865,4920.2214,5100.5431,5255.9842,5379.6541,5397.9454,5593.6263,5589.4749,5614.5381,5877.9172,5872.8854,5910.247,5920.1591,5985.8027,6051.7027,6116.7403,6208.1041,6113.5987,6223.7448,6400.6426
Non-Annex I countries,Agri-food systems,Emissions (CO2),kilotonnes,5718483.533,5265252.474,5636559.807,5423714.365,5786400.112,5655635.429,6028683.29,5683764.893,5745026.127,6112394.138,5900836.715,5813039.607,5899810.484,6087169.366,6419276.954,6453250.231,5738939.292,5751282.006,5938666.737,6134595.165,5759168.653
Non-Annex I countries,Agri-food systems,Emissions (CO2eq) from F-gases (AR5),kilotonnes,7426.2525,9163.4605,11020.673,13340.2405,15871.764,17719.6255,19718.6615,21716.6585,21983.162,22121.8685,22198.7545,22244.99,22276.16,22304.7325,22304.7325,22304.7325,24103.2415,24573.9085,25039.9,25507.9695,26530.6734
Non-Annex I countries,Agri-food systems,Emissions (CO2eq) from CH4 (AR5),kilotonnes,3666125.79,3659298.323,3836096.408,3813838.208,3970828.997,3974726.235,4100598.617,4006968.011,4051024.676,4162006.208,4141922.267,4197426.512,4230016.834,4218749.134,4319581.815,4366821.159,4281084.013,4286794.055,4338490.118,4431042.938,4386633.241
Non-Annex I countries,Agri-food systems,Emissions (CO2eq) from N2O (AR5),kilotonnes,1221281.05,1249524.427,1303858.669,1351643.925,1392835.812,1425608.324,1430455.541,1482310.972,1481210.838,1487852.604,1557648.046,1556314.628,1566215.443,1568842.155,1586237.713,1603701.212,1620936.176,1645147.596,1620103.656,1649292.38,1696170.291
Non-Annex I countries,Agri-food systems,Emissions (CO2eq) (AR5),kilotonnes,10613316.63,10183238.68,10787535.56,10602536.74,11165936.68,11073689.61,11579456.11,11194760.53,11299244.8,11784374.82,11622605.78,11589025.74,11718318.92,11897065.39,12347401.21,12446077.34,11665062.72,11707797.56,11922300.41,12240438.45,11868502.86
Non-Annex I countries,IPCC Agriculture,Emissions (CH4),kilotonnes,95439.8667,95425.5837,96672.8517,98357.7132,100164.1029,102346.6913,102959.8811,104436.0016,105760.2532,105641.2091,107029.2318,107549.3708,108202.5854,108400.0459,108749.4935,109629.72,110979.5715,111701.4769,112239.7249,112648.701,114656.1198
Non-Annex I countries,IPCC Agriculture,Emissions (CH4),kilotonnes,73499.7489,46715.7463,56019.6196,56684.1774,64502.5881,68372.0451,23610.6558,22077.4131,23243.0496,22281.4387,47996.1498,21895.6673,28386.734,26839.5391,19196.4379,37137.5706,23024.845,3141.5389,1048.7427,1042.08,929.4303
Non-Annex I countries,IPCC Agriculture,Direct emissions (N2O),kilotonnes,2733.1354,2774.3907,2851.1557,2922.0514,3017.6048,3083.1362,3149.9559,3231.9438,3282.946,3338.0171,3406.6132,3472.1305,3497.0285,3550.1838,3590.5337,3609.1277,3658.0527,3728.5768,3736.9105,3779.0312,3875.7361
Non-Annex I countries,IPCC Agriculture,Indirect emissions (N2O),kilotonnes,796.4943,807.8617,830.3773,849.8531,879.2968,898.8349,918.9378,943.8522,958.0149,975.3969,995.6025,1015.4538,1022.3538,1038.275,1049.8088,1054.0779,1068.3585,1088.9187,1091.0255,1103.4013,1133.3743
Non-Annex I countries,IPCC Agriculture,Emissions (N2O),kilotonnes,4238.7479,4263.8495,4419.0863,4520.1684,4642.4686,4763.5189,4800.2685,4950.9917,4995.8341,5026.321,5186.0079,5248.2652,5270.4483,5300.2938,5344.7439,5384.0498,5455.8522,5551.3962,5522.4063,5579.8442,5744.3863
Non-Annex I countries,IPCC Agriculture,Emissions (N2O),kilotonnes,9267.4852,9455.1184,9678.8112,9641.5411,9376.9981,9633.0377,10710.5052,9423.3118,11355.3199,9429.6417,1985.3855,896.6365,1466.2257,1187.1289,860.3245,1431.2774,782.5083,158.3109,77.2646,76.9456,58.6764
Non-Annex I countries,IPCC Agriculture,Emissions (CO2),kilotonnes,0.08,0.07,0.06,0.06,0.24,0.25,0.13,0.15,0.56,0.23,0.68,2.47,0.72,0.2,0.55,0.27,0.59,1.97,2.54,3.11,3.67
Non-Annex I countries,IPCC Agriculture,Emissions (CO2eq) from CH4 (AR5),kilotonnes,2672316.268,2671916.344,2706839.846,2754015.969,2804594.881,2865707.355,2882876.671,2924208.044,2961287.089,2957953.855,2996818.489,3011382.383,3029672.391,3035201.286,3044985.817,3069632.159,3107428.003,3127641.353,3142712.298,3154163.628,3210371.354
Non-Annex I countries,IPCC Agriculture,Emissions (CO2eq) from CH4 (AR5),kilotonnes,2057992.968,1308040.896,1568549.349,1587156.968,1806072.467,1914417.263,661098.3616,618167.5662,650805.3882,623880.2842,1343892.195,613078.6836,794828.5517,751507.0956,537500.2626,1039851.977,644695.6589,87963.0884,29364.7967,29178.2411,26024.0481
Non-Annex I countries,IPCC Agriculture,Emissions (CO2eq) from N2O (AR5),kilotonnes,1123268.187,1129920.11,1171057.88,1197844.63,1230254.183,1262332.512,1272071.15,1312012.8,1323896.031,1331975.056,1374292.099,1390790.285,1396668.791,1404577.868,1416357.139,1426773.21,1445800.844,1471119.996,1463437.659,1478658.708,1522262.374
Non-Annex I countries,IPCC Agriculture,Emissions (CO2eq) from N2O (AR5),kilotonnes,2455883.567,2505606.381,2564884.981,2555008.386,2484904.502,2552754.983,2838283.878,2497177.624,3009159.784,2498855.061,526127.1681,237608.6725,388549.8132,314589.1665,227985.9898,379288.5084,207364.6995,41952.3991,20475.1243,20390.584,15549.2407
Non-Annex I countries,IPCC Agriculture,Emissions (CO2eq) (AR5),kilotonnes,3795584.456,3801836.453,3877897.726,3951860.599,4034849.064,4128039.867,4154947.821,4236220.845,4285183.119,4289928.911,4371110.588,4402172.668,4426341.182,4439779.154,4461342.956,4496405.368,4553228.847,4598761.349,4606149.957,4632822.336,4732633.728
Non-Annex I countries,IPCC Agriculture,Emissions (CO2eq) (AR5),kilotonnes,4513876.616,3813647.347,4133434.391,4142165.414,4290977.209,4467172.496,3499382.37,3115345.341,3659965.732,3122735.575,1870020.043,850689.8261,1183379.085,1066096.462,765486.8024,1419140.755,852060.9484,129917.4575,49842.461,49571.9351,41576.9588
Non-Annex I countries,Agricultural Soils,Emissions (CH4),kilotonnes,0,,,,,,0,,,,,,,,,,,,,,
Non-Annex I countries,Agricultural Soils,Direct emissions (N2O),kilotonnes,2733.1354,2774.3907,2851.1557,2922.0514,3017.6048,3083.1362,3149.9559,3231.9438,3282.946,3338.0171,3406.6132,3472.1305,3497.0285,3550.1838,3590.5337,3609.1277,3658.0527,3728.5768,3736.9105,3779.0312,3875.7361
Non-Annex I countries,Agricultural Soils,Direct emissions (N2O),kilotonnes,93.21,87.94,90.02,92.2806,90.54,102.08,101.05,104.51,104.0913,100.65,100.12,98.02,104.6,99.465,107.3004,84.94,227.1793,94.86,41.08,41.71,43.99
Non-Annex I countries,Agricultural Soils,Indirect emissions (N2O),kilotonnes,796.4943,807.8617,830.3773,849.8531,879.2968,898.8349,918.9378,943.8522,958.0149,975.3969,995.6025,1015.4538,1022.3538,1038.275,1049.8088,1054.0779,1068.3585,1088.9187,1091.0255,1103.4013,1133.3743
Non-Annex I countries,Agricultural Soils,Indirect emissions (N2O),kilotonnes,10.754,10.244,10.9472,11.3524,11.85,12.443,12.38,13.195,13.4866,12.538,12.866,12.882,15.134,13.479,14.6991,14.02,55.9049,11.9,5.14,5.22,5.53
Non-Annex I countries,Agricultural Soils,Emissions (N2O),kilotonnes,3609.6782,3662.3165,3761.9134,3852.6626,3978.1359,4063.9693,4151.7697,4259.6992,4325.5579,4398.5177,4488.1,4574.1466,4606.4769,4675.7746,4728.1732,4751.0219,4814.6125,4905.8345,4916.5743,4971.3337,5098.3471
Non-Annex I countries,Agricultural Soils,Emissions (N2O),kilotonnes,2780.7823,621.4351,636.2483,659.295,792.1984,936.0998,725.297,666.9635,699.1314,709.0271,1616.0974,775.4898,1169.8501,894.0632,636.5486,867.8843,102.84,94.28,62.02,46.93,49.52
Non-Annex I countries,Agricultural Soils,Emissions (CO2eq) from CH4 (AR5),kilotonnes,0,,,,,,0,,,,,,,,,,,,,,
Non-Annex I countries,Agricultural Soils,Emissions (CO2eq) from N2O (AR5),kilotonnes,956564.7263,970513.8676,996907.0418,1020955.589,1054206.013,1076951.876,1100218.965,1128820.29,1146272.853,1165607.201,1189346.498,1212148.842,1220716.384,1239080.277,1252965.887,1259020.815,1275872.301,1300046.143,1302892.178,1317403.435,1351061.978
Non-Annex I countries,Agricultural Soils,Emissions (CO2eq) from N2O (AR5),kilotonnes,736907.3095,164680.3015,168605.7995,174713.175,209932.576,248066.447,192203.705,176745.3275,185269.821,187892.1815,428265.811,205504.797,310010.2765,236926.748,168685.379,229989.3395,27252.6,24984.2,16435.3,12436.45,13122.8
Non-Annex I countries,Agricultural Soils,Emissions (CO2eq) (AR5),kilotonnes,956564.7263,970513.8676,996907.0418,1020955.589,1054206.013,1076951.876,1100218.965,1128820.29,1146272.853,1165607.201,1189346.498,1212148.842,1220716.384,1239080.277,1252965.887,1259020.815,1275872.301,1300046.143,1302892.178,1317403.435,1351061.978
Non-Annex I countries,Agricultural Soils,Emissions (CO2eq) (AR5),kilotonnes,736907.3095,164680.3015,168605.7995,174713.175,209932.576,248066.447,192203.705,176745.3275,185269.821,187892.1815,428265.811,205504.797,310010.2765,236926.748,168685.379,229989.3395,27252.6,24984.2,16435.3,12436.45,13122.8
Non-Annex I countries,LULUCF,Emissions (CH4),kilotonnes,4334.0499,2548.5925,7674.198,5234.1251,8899.2299,6222.5477,9365.6886,4731.625,3789.5513,7481.6222,4952.1972,5367.0912,5710.5579,5071.5331,8301.494,9088.6786,4379.0435,3907.6312,4993.5746,7724.2051,4036.2622
Non-Annex I countries,LULUCF,Emissions (N2O),kilotonnes,120.6622,198.9968,248.635,333.9481,364.3883,356.9981,318.5774,383.5701,313.5503,313.1315,415.1159,307.5331,331.7576,294.841,295.6644,340.5863,338.7709,334.9705,273.0736,326.1193,329.2139
Non-Annex I countries,LULUCF,Emissions (CO2),kilotonnes,2613520.407,2557886.765,2931484.735,2660266.999,2933140.96,2727689.213,3021946.04,2595288.933,2585617.51,2888402.947,2597952.706,1879699.357,1889383.665,1871789.014,2136477.658,2160179.97,2118001.694,2084261.014,2229063.089,2405215.392,2105690.135
Non-Annex I countries,LULUCF,Emissions (CO2eq) from CH4 (AR5),kilotonnes,121353.3967,71360.591,214877.5432,146555.5016,249178.4359,174231.3344,262239.2798,132485.4995,106107.4364,209485.4211,138661.5203,150278.5546,159895.6223,142002.9275,232441.8307,254482.9996,122613.2189,109413.6746,139820.0888,216277.7414,113015.3414
Non-Annex I countries,LULUCF,Emissions (CO2eq) from N2O (AR5),kilotonnes,31975.4843,52734.1428,65888.2762,88496.2417,96562.9003,94604.4997,84423.0099,101646.0695,83090.8416,82979.8422,110005.7072,81496.2816,87915.7668,78132.8549,78351.0747,90255.3785,89774.2841,88767.1716,72364.4967,86421.615,87241.6849
Non-Annex I countries,LULUCF,Emissions (CO2eq) (AR5),kilotonnes,2766849.288,2681981.499,3212250.555,2895318.742,3278882.297,2996525.047,3368608.329,2829420.502,2774815.788,3180868.21,2846619.933,2111474.193,2137195.054,2091924.796,2447270.564,2504918.348,2330389.197,2282441.86,2441247.675,2707914.749,2305947.161
Non-Annex I countries,AFOLU,Emissions (CH4),kilotonnes,99773.9166,97974.1762,104347.0496,103591.8382,109063.3327,108569.2389,112325.5697,109167.6266,109549.8045,113122.8313,111981.4289,112916.4621,113913.1433,113471.579,117050.9874,118718.3985,115358.6151,115609.1081,117233.2995,120372.906,118692.382
Non-Annex I countries,AFOLU,Emissions (N2O),kilotonnes,4359.4101,4462.8462,4667.7213,4854.1165,5006.8569,5120.517,5118.8459,5334.5618,5309.3844,5339.4524,5601.1238,5555.7984,5602.2059,5595.1348,5640.4084,5724.6362,5794.6231,5886.3667,5795.4798,5905.9635,6073.6002
Non-Annex I countries,AFOLU,Emissions (CO2),kilotonnes,2613520.407,2557886.765,2931484.735,2660266.999,2933140.96,2727689.213,3021946.04,2595288.933,2585617.51,2888402.947,2597952.706,1879699.357,1889383.665,1871789.014,2136477.658,2160179.97,2118001.694,2084261.014,2229063.089,2405215.392,2105690.135
Non-Annex I countries,AFOLU,Emissions (CO2eq) from CH4 (AR5),kilotonnes,2793669.665,2743276.935,2921717.39,2900571.471,3053773.317,3039938.69,3145115.951,3056693.544,3067394.525,3167439.276,3135480.009,3161660.938,3189568.013,3177204.213,3277427.647,3324115.158,3230041.222,3237055.028,3282532.386,3370441.369,3323386.695
Non-Annex I countries,AFOLU,Emissions (CO2eq) from N2O (AR5),kilotonnes,1155243.672,1182654.252,1236946.156,1286340.871,1326817.083,1356937.012,1356494.16,1413658.87,1406986.872,1414954.898,1484297.807,1472286.567,1484584.558,1482710.723,1494708.214,1517028.588,1535575.128,1559887.168,1535802.156,1565080.323,1609504.059
Non-Annex I countries,AFOLU,Emissions (CO2eq) (AR5),kilotonnes,6562433.744,6483817.952,7090148.281,6847179.341,7313731.36,7124564.914,7523556.151,7065641.347,7059998.907,7470797.121,7217730.522,6513646.861,6563536.236,6531703.949,6908613.52,7001323.717,6883618.044,6881203.21,7047397.632,7340737.085,7038580.889
Non-Annex I countries,All sectors with LULUCF,Emissions (CH4),kilotonnes,210718.0136,209843.5593,216032.5874,222798.5666,232826.3106,236814.2013,244490.9856,242608.4689,245789.5266,250409.0856,254231.049,260676.0992,265289.4498,265899.2693,271907.6379,274845.0793,272545.2643,275915.3226,279849.5703,287130.5033,288564.6991
Non-Annex I countries,All sectors with LULUCF,Emissions (N2O),kilotonnes,5509.5432,5636.2668,5828.1588,6063.9706,6322.3071,6473.3707,6513.2809,6817.0158,6778.7833,6742.3031,7034.199,7037.9819,7123.3859,7146.0246,7212.3588,7306.148,7392.5508,7514.9032,7451.0688,7618.1956,7832.103
Non-Annex I countries,All sectors with LULUCF,Emissions (CO2),kilotonnes,13057308.29,13201597.27,14069333.26,14860372.49,16245986.19,16940415.97,18220644.17,18604314.18,19658574.53,20579560.17,21376660.39,21940340.77,22706825.41,22934646.17,23744878,23893391.09,23932851.19,24315476.41,25094114.43,25694252.24,24799335.77
Non-Annex I countries,All sectors with LULUCF,Emissions (CO2eq) from F-gases (AR5),kilotonnes,155106.3223,158692.5969,189304.4504,219432.9637,280552.4886,324349.4485,362405.9232,354209.7475,370645.9207,372652.9688,398828.4655,411685.0525,436415.7223,501333.3743,563048.7475,545968.6055,573930.6852,598718.6961,628186.6324,649589.9346,676437.4318
Non-Annex I countries,All sectors with LULUCF,Emissions (CO2eq) from CH4 (AR5),kilotonnes,5900104.38,5875619.659,6048912.448,6238359.865,6519136.698,6630797.636,6845747.597,6793037.13,6882106.743,7011454.398,7118469.371,7298930.777,7428104.593,7445179.54,7613413.861,7695662.222,7631267.399,7725629.032,7835787.969,8039654.094,8079811.576
Non-Annex I countries,All sectors with LULUCF,Emissions (CO2eq) from N2O (AR5),kilotonnes,1460028.936,1493610.698,1544462.084,1606952.215,1675411.384,1715443.246,1726019.432,1806509.199,1796377.564,1786710.318,1864062.742,1865065.198,1887697.26,1893696.517,1911275.076,1936129.211,1959025.972,1991449.335,1974533.226,2018821.831,2075507.293
Non-Annex I countries,All sectors with LULUCF,Emissions (CO2eq) (AR5),kilotonnes,20572547.93,20729520.22,21852012.24,22925117.53,24721086.76,25611006.3,27154817.12,27558070.26,28707704.76,29750377.85,30758020.97,31516021.79,32459042.98,32774855.6,33832615.68,34071151.13,34097075.24,34631273.47,35532622.26,36402318.1,35631092.07
Non-Annex I countries,All sectors without LULUCF,Emissions (CH4),kilotonnes,206383.9637,207294.9667,208358.3894,217564.4416,223927.0808,230591.6536,235125.297,237876.8439,241999.9752,242927.4635,249278.8518,255309.0079,259578.8918,260827.7361,263606.1439,265756.4008,268166.2207,272007.6913,274855.9957,279406.2983,284528.437
Non-Annex I countries,All sectors without LULUCF,Emissions (N2O),kilotonnes,5388.8809,5437.27,5579.5238,5730.0225,5957.9188,6116.3726,6194.7035,6433.4458,6465.2329,6429.1716,6619.0832,6730.4487,6791.6283,6851.1836,6916.6943,6965.5616,7053.78,7179.9327,7177.9952,7292.0763,7502.8891
Non-Annex I countries,All sectors without LULUCF,Emissions (CO2),kilotonnes,10443787.88,10643710.5,11137848.53,12200105.49,13312845.23,14212726.76,15198698.13,16009025.25,17072957.02,17691157.22,18778707.69,20060641.41,20817441.74,21062857.16,21608400.34,21733211.12,21814849.49,22231215.4,22865051.34,23289036.85,22693645.64
Non-Annex I countries,All sectors without LULUCF,Emissions (CO2eq) from F-gases (AR5),kilotonnes,155106.3223,158692.5969,189304.4504,219432.9637,280552.4886,324349.4485,362405.9232,354209.7475,370645.9207,372652.9688,398828.4655,411685.0525,436415.7223,501333.3743,563048.7475,545968.6055,573930.6852,598718.6961,628186.6324,649589.9346,676437.4318
Non-Annex I countries,All sectors without LULUCF,Emissions (CO2eq) from CH4 (AR5),kilotonnes,5778750.983,5804259.068,5834034.905,6091804.364,6269958.262,6456566.301,6583508.317,6660551.63,6775999.307,6801968.977,6979807.851,7148652.222,7268208.971,7303176.612,7380972.03,7441179.222,7508654.18,7616215.357,7695967.88,7823376.352,7966796.235
Non-Annex I countries,All sectors without LULUCF,Emissions (CO2eq) from N2O (AR5),kilotonnes,1428053.451,1440876.555,1478573.808,1518455.973,1578848.484,1620838.746,1641596.422,1704863.13,1713286.722,1703730.476,1754057.035,1783568.916,1799781.493,1815563.663,1832924.001,1845873.832,1869251.688,1902682.164,1902168.729,1932400.216,1988265.608
Non-Annex I countries,All sectors without LULUCF,Emissions (CO2eq) (AR5),kilotonnes,17805698.64,18047538.72,18639761.69,20029798.79,21442204.46,22614481.25,23786208.79,24728649.75,25932888.97,26569509.64,27911401.04,29404547.6,30321847.93,30682930.81,31385345.12,31566232.78,31766686.05,32348831.61,33091374.58,33694403.35,33325144.91
OECD,Crop Residues,Direct emissions (N2O),kilotonnes,145.9712,140.4732,136.3938,136.3478,157.8625,148.0705,143.3732,145.4574,156.9593,157.1426,151.3347,149.597,148.3945,162.583,167.0556,165.5453,172.8235,168.1592,161.4126,159.1787,162.0157
OECD,Crop Residues,Indirect emissions (N2O),kilotonnes,32.8435,31.6065,30.6886,30.6783,35.5191,33.3159,32.259,32.7279,35.3158,35.3571,34.0503,33.6593,33.3888,36.5812,37.5875,37.2477,38.8853,37.8358,36.3178,35.8152,36.4535
OECD,Crop Residues,Emissions (N2O),kilotonnes,178.8147,172.0797,167.0824,167.026,193.3816,181.3864,175.6321,178.1853,192.2751,192.4997,185.385,183.2563,181.7832,199.1642,204.6431,202.793,211.7088,205.995,197.7304,194.9939,198.4693
OECD,Crop Residues,Emissions (CO2eq) from N2O (AR5),kilotonnes,47385.8897,45601.1145,44276.8408,44261.9017,51246.1178,48067.3957,46542.5101,47219.0946,50952.9122,51012.4107,49127.0333,48562.9205,48172.5516,52778.5066,54230.4259,53740.1551,56102.8312,54588.6778,52398.5603,51673.389,52594.3557
OECD,Crop Residues,Emissions (CO2eq) (AR5),kilotonnes,47385.8897,45601.1145,44276.8408,44261.9017,51246.1178,48067.3957,46542.5101,47219.0946,50952.9122,51012.4107,49127.0333,48562.9205,48172.5516,52778.5066,54230.4259,53740.1551,56102.8312,54588.6778,52398.5603,51673.389,52594.3557
OECD,Rice Cultivation,Emissions (CH4),kilotonnes,1300.2243,1337.5691,1301.8923,1234.2193,1301.9139,1294.4001,1226.8253,1188.1703,1193.1251,1233.6227,1313.6531,1175.8674,1187.2544,1142.5496,1189.5795,1135.1532,1193.3148,1096.2172,1137.3074,1058.6709,1133.1422
OECD,Rice Cultivation,Emissions (CO2eq) from CH4 (AR5),kilotonnes,36406.2808,37451.9338,36452.9831,34558.1402,36453.588,36243.2039,34351.1086,33268.7675,33407.5023,34541.4352,36782.2858,32924.2876,33243.1226,31991.3895,33308.227,31784.2894,33412.8158,30694.0804,31844.6061,29642.7857,31727.9811
OECD,Rice Cultivation,Emissions (CO2eq) (AR5),kilotonnes,36406.2808,37451.9338,36452.9831,34558.1402,36453.588,36243.2039,34351.1086,33268.7675,33407.5023,34541.4352,36782.2858,32924.2876,33243.1226,31991.3895,33308.227,31784.2894,33412.8158,30694.0804,31844.6061,29642.7857,31727.9811
OECD,Burning - Crop residues,Emissions (CH4),kilotonnes,213.614,209.7278,205.2967,210.5909,215.8612,213.6732,205.0351,221.9279,220.1791,214.741,217.375,216.6353,226.3583,225.971,220.4386,216.8623,220.1845,211.649,208.5956,206.1978,207.4656
OECD,Burning - Crop residues,Emissions (N2O),kilotonnes,5.5381,5.4374,5.3225,5.4598,5.5964,5.5397,5.3157,5.7537,5.7083,5.5674,5.6356,5.6165,5.8685,5.8585,5.7151,5.6224,5.7085,5.4872,5.408,5.3459,5.3787
OECD,Burning - Crop residues,Emissions (CO2eq) from CH4 (AR5),kilotonnes,5981.1925,5872.3772,5748.3074,5896.5443,6044.114,5982.8495,5740.9827,6213.9803,6165.0159,6012.7484,6086.4989,6065.7878,6338.0337,6327.1882,6172.2817,6072.1454,6165.167,5926.1723,5840.6757,5773.5388,5809.0379
OECD,Burning - Crop residues,Emissions (CO2eq) from N2O (AR5),kilotonnes,1467.6074,1440.9074,1410.4643,1446.8373,1483.0465,1468.014,1408.667,1524.7267,1512.7122,1475.3503,1493.4465,1488.3646,1555.1657,1552.5045,1514.495,1489.9246,1512.7493,1454.1071,1433.1287,1416.6553,1425.3658
OECD,Burning - Crop residues,Emissions (CO2eq) (AR5),kilotonnes,7448.7999,7313.2846,7158.7717,7343.3816,7527.1605,7450.8635,7149.6497,7738.707,7677.7281,7488.0987,7579.9454,7554.1524,7893.1993,7879.6927,7686.7768,7562.0699,7677.9163,7380.2794,7273.8044,7190.1941,7234.4037
OECD,Enteric Fermentation,Emissions (CH4),kilotonnes,22246.5439,21918.8072,21807.3201,21479.7024,21428.1467,21415.2609,21418.3993,21321.8491,21166.9164,21002.3089,20791.8497,20777.045,20715.1404,20762.1168,20745.1756,20697.6052,20706.2526,20911.6386,20985.0041,20862.2589,20699.3501
OECD,Enteric Fermentation,Emissions (CO2eq) from CH4 (AR5),kilotonnes,622903.2289,613726.6028,610604.9617,601431.6659,599988.1066,599627.3061,599715.1806,597011.7751,592673.6578,588064.6496,582171.7905,581757.2596,580023.9315,581339.2695,580864.9157,579532.9458,579775.0731,585525.8814,587580.1147,584143.2497,579581.8023
OECD,Enteric Fermentation,Emissions (CO2eq) (AR5),kilotonnes,622903.2289,613726.6028,610604.9617,601431.6659,599988.1066,599627.3061,599715.1806,597011.7751,592673.6578,588064.6496,582171.7905,581757.2596,580023.9315,581339.2695,580864.9157,579532.9458,579775.0731,585525.8814,587580.1147,584143.2497,579581.8023
OECD,Manure Management,Emissions (CH4),kilotonnes,4012.924,4004.2839,4014.2443,3994.2054,3979.5423,3978.3267,3989.552,3994.1408,4019.623,3955.9076,3944.6597,3944.7106,3944.8284,3930.9711,3990.6562,4023.9827,4054.4004,4093.9285,4122.5968,4129.3058,4120.5634
OECD,Manure Management,Emissions (N2O),kilotonnes,151.8423,150.7844,150.8448,148.5874,147.9243,147.7572,148.4599,148.7113,148.4857,146.4653,146.1723,144.7795,144.4272,144.3436,144.5064,145.2233,146.2692,147.5384,147.6371,147.462,146.8199
OECD,Manure Management,Emissions (CO2eq) from CH4 (AR5),kilotonnes,112361.8715,112119.9482,112398.8396,111837.7499,111427.1838,111393.1486,111707.4565,111835.9432,112549.4435,110765.4137,110450.4719,110451.8978,110455.1949,110067.192,111738.3727,112671.515,113523.2125,114629.9991,115432.7112,115620.562,115375.7743
OECD,Manure Management,Emissions (CO2eq) from N2O (AR5),kilotonnes,40238.217,39957.8772,39973.882,39375.6719,39199.9414,39155.66,39341.8756,39408.4917,39348.7003,38813.3144,38735.6663,38366.5678,38273.203,38251.0634,38294.2086,38484.1787,38761.3344,39097.6657,39123.8196,39077.4179,38907.2834
OECD,Manure Management,Emissions (CO2eq) (AR5),kilotonnes,152600.0885,152077.8254,152372.7215,151213.4219,150627.1251,150548.8087,151049.3321,151244.4349,151898.1438,149578.7281,149186.1382,148818.4656,148728.3979,148318.2554,150032.5813,151155.6937,152284.5469,153727.6649,154556.5309,154697.9799,154283.0577
OECD,Manure left on Pasture,Direct emissions (N2O),kilotonnes,410.2899,403.1469,401.7043,395.3919,396.4333,398.1335,398.7888,395.3971,388.6807,386.0885,380.6942,383.4285,383.2509,387.0069,386.2002,383.6951,381.875,388.4641,393.2121,391.2783,388.4972
OECD,Manure left on Pasture,Indirect emissions (N2O),kilotonnes,109.2397,106.5539,105.9274,104.1049,104.5375,105.0422,104.4982,103.2219,100.7325,99.6494,98.0191,98.8915,99.0145,99.9649,99.6071,99.0426,98.3653,100.0807,100.9326,100.2672,99.6611
OECD,Manure left on Pasture,Emissions (N2O),kilotonnes,519.5296,509.7008,507.6317,499.4969,500.9708,503.1758,503.287,498.6191,489.4132,485.7379,478.7133,482.32,482.2654,486.9717,485.8073,482.7377,480.2403,488.5448,494.1447,491.5455,488.1583
OECD,Manure left on Pasture,Emissions (CO2eq) from N2O (AR5),kilotonnes,137675.3506,135070.7161,134522.4083,132366.6681,132757.2688,133341.5785,133371.0514,132134.0486,129694.5033,128720.5488,126859.0146,127814.8068,127800.3192,129047.5133,128738.927,127925.4938,127263.67,129464.3693,130948.3364,130259.5482,129361.9383
OECD,Manure left on Pasture,Emissions (CO2eq) (AR5),kilotonnes,137675.3506,135070.7161,134522.4083,132366.6681,132757.2688,133341.5785,133371.0514,132134.0486,129694.5033,128720.5488,126859.0146,127814.8068,127800.3192,129047.5133,128738.927,127925.4938,127263.67,129464.3693,130948.3364,130259.5482,129361.9383
OECD,Manure applied to Soils,Direct emissions (N2O),kilotonnes,142.4585,141.6766,142.4869,140.209,139.424,139.1752,139.6591,140.0137,140.0973,137.4611,138.0194,136.7498,136.5676,136.8552,137.6365,138.7935,139.9164,140.7555,140.86,140.6482,140.391
OECD,Manure applied to Soils,Indirect emissions (N2O),kilotonnes,60.5449,60.2126,60.5569,59.5888,59.2552,59.1495,59.3551,59.5058,59.5413,58.421,58.6583,58.1187,58.0412,58.1635,58.4955,58.9872,59.4645,59.8211,59.8655,59.7755,59.6662
OECD,Manure applied to Soils,Emissions (N2O),kilotonnes,203.0034,201.8892,203.0439,199.7978,198.6793,198.3247,199.0142,199.5196,199.6386,195.8821,196.6777,194.8684,194.6089,195.0187,196.1319,197.7808,199.3808,200.5766,200.7256,200.4237,200.0572
OECD,Manure applied to Soils,Emissions (CO2eq) from N2O (AR5),kilotonnes,53795.8889,53500.6262,53806.6282,52946.4062,52650.0058,52556.041,52738.7504,52872.6827,52904.2343,51908.7547,52119.5887,51640.1337,51571.3535,51679.9436,51974.9647,52411.9006,52835.923,53152.7947,53192.2728,53112.2831,53015.147
OECD,Manure applied to Soils,Emissions (CO2eq) (AR5),kilotonnes,53795.8889,53500.6262,53806.6282,52946.4062,52650.0058,52556.041,52738.7504,52872.6827,52904.2343,51908.7547,52119.5887,51640.1337,51571.3535,51679.9436,51974.9647,52411.9006,52835.923,53152.7947,53192.2728,53112.2831,53015.147
OECD,Synthetic Fertilizers,Direct emissions (N2O),kilotonnes,442.6473,440.7871,436.7769,459.1028,444.952,440.6997,443.3583,457.031,414.5978,421.9978,445.7771,460.4632,474.1927,475.8401,479.2588,475.9654,485.2072,483.7079,472.9789,468.7881,481.7574
OECD,Synthetic Fertilizers,Indirect emissions (N2O),kilotonnes,143.8604,143.2558,141.9525,149.2084,144.6094,143.2274,144.0914,148.5351,134.7443,137.1493,144.8776,149.6505,154.1126,154.648,155.7591,154.6888,157.6923,157.2051,153.7181,152.3561,156.5711
OECD,Synthetic Fertilizers,Emissions (N2O),kilotonnes,586.5076,584.0429,578.7293,608.3112,589.5614,583.9271,587.4498,605.5661,549.342,559.147,590.6547,610.1138,628.3053,630.4881,635.0179,630.6542,642.8995,640.913,626.6971,621.1442,638.3285
OECD,Synthetic Fertilizers,Emissions (CO2eq) from N2O (AR5),kilotonnes,155424.5191,154771.3781,153363.2763,161202.4787,156233.758,154740.6707,155674.184,160475.0226,145575.6363,148173.9636,156523.4828,161680.1441,166500.8975,167079.3575,168279.7541,167123.3545,170368.3685,169841.9381,166074.723,164603.2047,169157.0563
OECD,Synthetic Fertilizers,Emissions (CO2eq) (AR5),kilotonnes,155424.5191,154771.3781,153363.2763,161202.4787,156233.758,154740.6707,155674.184,160475.0226,145575.6363,148173.9636,156523.4828,161680.1441,166500.8975,167079.3575,168279.7541,167123.3545,170368.3685,169841.9381,166074.723,164603.2047,169157.0563
OECD,Drained organic soils,Emissions (CO2eq) (AR5),kilotonnes,299425.4627,299435.0671,299262.6192,298952.9341,299086.5711,299202.2744,299126.1679,298915.4365,298897.6167,298999.479,299538.1478,300054.3179,300126.1616,299999.9325,299814.161,299756.6685,299510.1967,299795.7223,301401.022,301927.7173,302203.0958
OECD,Drained organic soils (CO2),Emissions (CO2),kilotonnes,255616.1679,255610.5222,255464.6536,255202.1812,255308.4616,255399.8337,255328.3382,255140.4915,255115.7165,255196.5442,255647.036,256075.691,256129.1212,256009.9471,255847.1689,255794.3048,255564.8543,255797.5665,257149.4187,257610.8107,257840.4128
OECD,Drained organic soils (CO2),Emissions (CO2eq) (AR5),kilotonnes,255616.1679,255610.5222,255464.6536,255202.1812,255308.4616,255399.8337,255328.3382,255140.4915,255115.7165,255196.5442,255647.036,256075.691,256129.1212,256009.9471,255847.1689,255794.3048,255564.8543,255797.5665,257149.4187,257610.8107,257840.4128
OECD,Drained organic soils (N2O),Emissions (N2O),kilotonnes,165.3181,165.3756,165.2753,165.0972,165.2004,165.2922,165.2748,165.1885,165.2147,165.2941,165.6268,165.9571,166.0266,165.9999,165.9132,165.8957,165.8315,166.0308,166.9872,167.2336,167.4064
OECD,Drained organic soils (N2O),Emissions (CO2eq) from N2O (AR5),kilotonnes,43809.2949,43824.5449,43797.9656,43750.7529,43778.1096,43802.4407,43797.8298,43774.9449,43781.9002,43802.9348,43891.1118,43978.6269,43997.0404,43989.9853,43966.9921,43962.3637,43945.3424,43998.1558,44251.6034,44316.9066,44362.683
OECD,Drained organic soils (N2O),Emissions (CO2eq) (AR5),kilotonnes,43809.2949,43824.5449,43797.9656,43750.7529,43778.1096,43802.4407,43797.8298,43774.9449,43781.9002,43802.9348,43891.1118,43978.6269,43997.0404,43989.9853,43966.9921,43962.3637,43945.3424,43998.1558,44251.6034,44316.9066,44362.683
OECD,On-farm energy use,Emissions (CH4),kilotonnes,129.6189,110.4107,111.4601,117.4123,122.9261,122.7261,130.3222,137.496,109.0988,108.2291,108.16,103.7442,98.0837,89.3644,76.6085,71.4137,67.0268,67.7761,65.3828,65.3069,65.3069
OECD,On-farm energy use,Emissions (N2O),kilotonnes,56.5267,56.9982,55.4442,53.8199,57.7076,58.4046,57.6261,56.6601,57.1641,55.2508,57.9449,54.9358,51.9535,52.6796,52.3502,51.5754,52.0009,51.5256,51.7593,51.6527,51.6527
OECD,On-farm energy use,Emissions (CO2),kilotonnes,227743.8414,223021.5307,218691.4295,216930.042,230009.2549,229877.401,231867.309,230061.8815,219531.7973,212737.4172,217060.5522,210659.1693,201179.6925,201498.9755,193153.8006,188950.0475,187649.5217,188633.7757,190633.8512,190905.8622,190905.8622
OECD,On-farm energy use,Emissions (CO2eq) from CH4 (AR5),kilotonnes,3629.3299,3091.5005,3120.8814,3287.5441,3441.9314,3436.3295,3649.0209,3849.8871,3054.7651,3030.4154,3028.481,2904.8382,2746.3443,2502.2045,2145.0375,1999.5834,1876.7515,1897.7307,1830.7177,1828.5935,1828.5935
OECD,On-farm energy use,Emissions (CO2eq) from N2O (AR5),kilotonnes,14979.5642,15104.5187,14692.7149,14262.2753,15292.5072,15477.2261,15270.9205,15014.9269,15148.479,14641.4629,15355.4044,14557.9934,13767.6888,13960.091,13872.8054,13667.4848,13780.2292,13654.2833,13716.2205,13687.9583,13687.9583
OECD,On-farm energy use,Emissions (CO2eq) (AR5),kilotonnes,246352.7355,241217.55,236505.0258,234479.8614,248743.6935,248790.9565,250787.2504,248926.6955,237735.0415,230409.2955,235444.4376,228122.001,217693.7256,217961.2711,209171.6435,204617.1157,203306.5024,204185.7897,206180.7893,206422.4141,206422.4141
OECD,Forestland,Emissions (CO2),kilotonnes,-1179678.925,-1111440.653,-1111440.653,-1111440.653,-1111440.653,-1111440.653,-1111440.653,-1111440.653,-1111440.653,-1111440.653,-1111440.653,-1146823.099,-1146823.099,-1146823.099,-1146823.099,-1146823.099,-897905.0384,-897905.0384,-897905.0384,-897905.0384,-897905.0384
OECD,Forestland,Emissions (CO2eq) (AR5),kilotonnes,-1179678.925,-1111440.653,-1111440.653,-1111440.653,-1111440.653,-1111440.653,-1111440.653,-1111440.653,-1111440.653,-1111440.653,-1111440.653,-1146823.099,-1146823.099,-1146823.099,-1146823.099,-1146823.099,-897905.0384,-897905.0384,-897905.0384,-897905.0384,-897905.0384
OECD,Net Forest conversion,Emissions (CO2),kilotonnes,307152.8342,260435.8387,260435.8387,260435.8387,260435.8387,260435.8387,260435.8387,260435.8387,260435.8387,260435.8387,260435.8387,159202.3883,159202.3883,159202.3883,159202.3883,159202.3883,209078.1221,209078.1221,209078.1221,209078.1221,209078.1221
OECD,Net Forest conversion,Emissions (CO2eq) (AR5),kilotonnes,307152.8342,260435.8387,260435.8387,260435.8387,260435.8387,260435.8387,260435.8387,260435.8387,260435.8387,260435.8387,260435.8387,159202.3883,159202.3883,159202.3883,159202.3883,159202.3883,209078.1221,209078.1221,209078.1221,209078.1221,209078.1221
OECD,Savanna fires,Emissions (CH4),kilotonnes,1826.0192,2177.2317,1963.9914,605.2216,1351.0948,564.3157,1295.1002,1210.9594,650.1336,770.5841,384.2502,2287.978,2215.495,625.8032,1040.6976,985.2748,484.8483,1238.9618,1174.2113,701.29,312.4805
OECD,Savanna fires,Emissions (N2O),kilotonnes,166.7235,198.7907,179.321,55.2594,123.3608,51.5245,118.2483,110.5659,59.36,70.3577,35.0837,208.9023,202.2843,57.1386,95.0202,89.9599,44.2688,113.1226,107.2106,64.0308,28.5308
OECD,Savanna fires,Emissions (CO2eq) from CH4 (AR5),kilotonnes,51128.5388,60962.487,54991.7594,16946.2034,37830.6554,15800.8408,36262.8066,33906.8625,18203.7414,21576.3554,10759.0064,64063.3842,62033.8613,17522.4899,29139.5315,27587.6933,13575.7519,34690.9309,32877.9157,19636.1202,8749.4532
OECD,Savanna fires,Emissions (CO2eq) from N2O (AR5),kilotonnes,44181.7272,52679.5404,47520.053,14643.7301,32690.6207,13653.9874,31335.7949,29299.9518,15730.4069,18644.7854,9297.1849,55359.12,53605.3475,15141.7168,25180.356,23839.3654,11731.2204,29977.4892,28410.8076,16968.1691,7560.6688
OECD,Savanna fires,Emissions (CO2eq) (AR5),kilotonnes,95310.2661,113642.0274,102511.8124,31589.9335,70521.2761,29454.8281,67598.6015,63206.8143,33934.1483,40221.1409,20056.1912,119422.5042,115639.2088,32664.2068,54319.8874,51427.0587,25306.9722,64668.4201,61288.7233,36604.2893,16310.1219
OECD,Fires in organic soils,Emissions (CH4),kilotonnes,0,0,0,0,0,0,0,0,0,0,0,0,0,0,0,0,0,0,0,0,0
OECD,Fires in organic soils,Emissions (CO2),kilotonnes,0,0,0,0,0,0,0,0,0,0,0,0,0,0,0,0,0,0,0,0,0
OECD,Fires in organic soils,Emissions (CO2eq) from CH4 (AR5),kilotonnes,0,0,0,0,0,0,0,0,0,0,0,0,0,0,0,0,0,0,0,0,0
OECD,Fires in organic soils,Emissions (CO2eq) (AR5),kilotonnes,0,0,0,0,0,0,0,0,0,0,0,0,0,0,0,0,0,0,0,0,0
OECD,Forest fires,Emissions (CH4),kilotonnes,395.7155,71.7835,150.7438,263.5284,59.1429,86.8706,177.3701,101.1448,89.877,126.4876,53.7386,105.4593,94.2814,140.8713,89.3944,133.6615,108.9898,176.2082,164.8273,491.7501,370.2222
OECD,Forest fires,Emissions (N2O),kilotonnes,18.009,6.5541,13.7636,24.0613,5.4,7.9317,16.1947,9.235,8.2062,11.5489,4.9066,9.6289,8.6083,12.8622,8.1621,12.2039,9.9512,16.0886,15.0494,44.8989,33.8029
OECD,Forest fires,Emissions (CO2eq) from CH4 (AR5),kilotonnes,11080.0327,2009.9374,4220.8268,7378.7948,1656.0001,2432.377,4966.363,2832.0554,2516.5554,3541.6518,1504.6805,2952.8594,2639.8789,3944.3969,2503.0433,3742.5217,3051.7157,4933.8293,4615.1642,13769.0018,10366.2204
OECD,Forest fires,Emissions (CO2eq) from N2O (AR5),kilotonnes,4772.3898,1736.8481,3647.3449,6376.2412,1431.0001,2101.891,4291.5854,2447.2653,2174.6321,3060.4491,1300.2402,2551.6557,2281.1997,3408.4735,2162.9559,3234.0269,2637.0804,4263.4721,3988.1039,11898.2135,8957.7665
OECD,Forest fires,Emissions (CO2eq) (AR5),kilotonnes,15852.4224,3746.7855,7868.1717,13755.036,3087.0001,4534.2681,9257.9484,5279.3207,4691.1875,6602.1009,2804.9207,5504.5151,4921.0786,7352.8704,4665.9992,6976.5486,5688.7962,9197.3014,8603.2681,25667.2153,19323.9869
OECD,Fires in humid tropical forests,Emissions (CH4),kilotonnes,71.4434,5.1,20.6889,54.329,5.5021,19.9092,19.6713,7.9885,13.5946,20.9121,4.6304,26.2546,7.0217,19.9977,5.8687,18.1928,12.4037,10.561,12.9914,14.8128,16.7074
OECD,Fires in humid tropical forests,Emissions (N2O),kilotonnes,2.1013,0.4657,1.889,4.9605,0.5024,1.8178,1.7961,0.7294,1.2413,1.9094,0.4228,2.3972,0.6411,1.8259,0.5358,1.6611,1.1325,0.9643,1.1862,1.3525,1.5255
OECD,Fires in humid tropical forests,Emissions (CO2eq) from CH4 (AR5),kilotonnes,2000.4147,142.7997,579.2903,1521.2128,154.0576,557.458,550.7975,223.6781,380.6501,585.54,129.6505,735.1298,196.6084,559.9348,164.3249,509.399,347.3049,295.7086,363.759,414.7591,467.8072
OECD,Fires in humid tropical forests,Emissions (CO2eq) from N2O (AR5),kilotonnes,556.8381,123.3976,500.5824,1314.5262,133.1259,481.7164,475.9609,193.287,328.9314,505.9829,112.0349,635.248,169.8953,483.8567,141.9981,440.1872,300.1167,255.5308,314.3352,358.4059,404.2464
OECD,Fires in humid tropical forests,Emissions (CO2eq) (AR5),kilotonnes,2557.2529,266.1973,1079.8727,2835.739,287.1834,1039.1745,1026.7583,416.9651,709.5815,1091.5229,241.6854,1370.3778,366.5037,1043.7916,306.323,949.5862,647.4216,551.2394,678.0942,773.165,872.0536
OECD,Waste - agri-food systems,Emissions (CH4),kilotonnes,8736.8439,8843.6929,8284.8413,8618.8682,8471.7195,8468.3952,8503.1085,8619.7179,8332.5856,8371.6437,8244.9361,8244.9988,8235.598,8375.2338,8259.6494,8272.8056,8325.0164,8253.8867,8191.8569,8122.5876,8048.9384
OECD,Waste - agri-food systems,Emissions (N2O),kilotonnes,55.8137,56.2027,56.8669,57.5162,57.916,57.9769,58.2354,59.2043,59.3165,59.6245,60.2823,60.6557,61.465,61.6883,61.5301,62.3487,63.9624,66.2732,68.4398,70.4619,72.526
OECD,Waste - agri-food systems,Emissions (CO2),kilotonnes,13543.4149,13529.0026,13550.8399,13615.839,13670.1676,13689.1305,13706.3702,13748.0302,13781.4663,13754.6925,13775.8472,13813.3616,13803.8661,13794.4779,13799.3242,13756.2623,13775.8827,13791.2873,13817.8281,13816.9582,13806.458
OECD,Waste - agri-food systems,Emissions (CO2eq) from CH4 (AR5),kilotonnes,244631.6301,247623.4026,231975.555,241328.3084,237208.1467,237115.0666,238087.0391,241352.1,233312.398,234406.0235,230858.2105,230859.9657,230596.7441,234506.5467,231270.1836,231638.5565,233100.4591,231108.8265,229371.9934,227432.4533,225370.274
OECD,Waste - agri-food systems,Emissions (CO2eq) from N2O (AR5),kilotonnes,14790.6259,14893.7214,15069.7259,15241.7889,15347.7362,15363.8858,15432.3814,15689.1323,15718.8824,15800.4859,15974.7975,16073.7479,16288.2218,16347.3897,16305.4811,16522.4079,16950.0326,17562.4024,18136.5527,18672.3915,19219.3988
OECD,Waste - agri-food systems,Emissions (CO2eq) (AR5),kilotonnes,272965.6709,276046.1267,260596.1208,270185.9364,266226.0505,266168.083,267225.7907,270789.2625,262812.7467,263961.202,260608.8552,260747.0752,260688.8319,264648.4143,261374.9888,261917.2266,263826.3745,262462.5162,261326.3742,259921.8031,258396.1307
OECD,Fertilizers Manufacturing,Emissions (N2O),kilotonnes,44.2739,45.2037,46.2756,47.0608,46.4822,47.0758,51.3594,49.555,51.5491,50.3233,51.8237,55.3666,52.8986,52.8346,52.8714,47.8607,51.2718,56.875,58.2393,58.3056,55.0468
OECD,Fertilizers Manufacturing,Emissions (CO2),kilotonnes,25723.9484,27227.1054,32037.8956,36074.6031,36077.4579,39464.352,46296.884,45802.1315,51284.931,49225.8937,51647.9561,54613.6991,53336.8606,69603.5041,72171.8994,74781.4287,77832.0129,81309.1464,76585.1629,76803.6201,69045.4093
OECD,Fertilizers Manufacturing,Emissions (CO2eq) from N2O (AR5),kilotonnes,11732.5815,11978.9805,12263.034,12471.112,12317.783,12475.087,13610.241,13132.075,13660.5115,13335.6745,13733.2805,14672.149,14018.129,14001.169,14010.921,12683.0855,13587.027,15071.875,15433.4145,15450.984,14587.4018
OECD,Fertilizers Manufacturing,Emissions (CO2eq) (AR5),kilotonnes,37456.5299,39206.0859,44300.9296,48545.7151,48395.2409,51939.439,59907.125,58934.2065,64945.4425,62561.5682,65381.2366,69285.8481,67354.9896,83604.6731,86182.8204,87464.5142,91419.0399,96381.0214,92018.5774,92254.6041,83632.8111
OECD,On-farm electricity use,Emissions (CH4),kilotonnes,147.4302,148.1211,146.7578,148.4553,152.836,157.8308,161.0625,160.9753,161.9937,164.1498,161.2721,159.1517,158.7163,158.1725,157.6793,175.3917,183.249,195.0529,197.6832,205.684,205.684
OECD,On-farm electricity use,Emissions (N2O),kilotonnes,0.7871,0.7909,0.7838,0.7927,0.816,0.8428,0.86,0.8596,0.8652,0.8764,0.861,0.8498,0.8481,0.8449,0.8423,0.9369,0.9788,1.0419,1.056,1.0988,1.0988
OECD,On-farm electricity use,Emissions (CO2),kilotonnes,61740.2086,61584.6726,60240.7843,60586.3045,59315.5584,60736.1868,60311.5123,60998.1084,59570.2001,57854.9254,56771.1856,55070.0135,54490.9578,56591.1699,56717.1177,64009.3492,67251.4427,72353.8522,73220.9945,76521.7699,76521.7699
OECD,On-farm electricity use,Emissions (CO2eq) from CH4 (AR5),kilotonnes,4128.0456,4147.3908,4109.2184,4156.7484,4279.408,4419.2624,4509.75,4507.3084,4535.8236,4596.1944,4515.6188,4456.2476,4444.0564,4428.83,4415.0204,4910.9676,5130.972,5461.4812,5535.1296,5759.152,5759.152
OECD,On-farm electricity use,Emissions (CO2eq) from N2O (AR5),kilotonnes,208.5815,209.5885,207.707,210.0655,216.24,223.342,227.9,227.794,229.278,232.246,228.165,225.197,224.7465,223.8985,223.2095,248.2785,259.382,276.1035,279.84,291.182,291.182
OECD,On-farm electricity use,Emissions (CO2eq) (AR5),kilotonnes,66076.8357,65941.6519,64557.7097,64953.1184,63811.2064,65378.7912,65049.1623,65733.2108,64335.3017,62683.3658,61514.9694,59751.4581,59159.7607,61243.8984,61355.3476,69168.5953,72641.7967,78091.4369,79035.9641,82572.1039,82572.1039
OECD,Food Processing,Emissions (CH4),kilotonnes,275.7636,284.2452,286.5536,295.7135,296.8443,310.1956,317.5004,322.8692,325.6513,318.8796,313.588,315.3153,318.6619,317.6493,321.6366,327.1572,336.5008,333.8536,339.3987,339.3987,322.3891
OECD,Food Processing,Emissions (N2O),kilotonnes,2.4668,2.6136,2.5957,2.6726,2.7126,2.7637,2.8056,2.7575,2.7793,2.6803,2.7247,2.682,2.6321,2.6209,2.6365,2.6127,2.6726,2.6652,2.7169,2.7169,2.5449
OECD,Food Processing,Emissions (CO2),kilotonnes,263840.138,271566.4398,274295.699,280662.5125,280690.4358,279314.0663,281767.7347,280784.822,277856.4623,261460.9209,266833.2411,261776.4892,259497.9638,265739.3876,268036.3444,265306.0997,275368.5517,273657.0528,276861.6972,276861.6972,246254.9107
OECD,Food Processing,Emissions (CO2eq) from CH4 (AR5),kilotonnes,7721.3808,7958.8656,8023.5008,8279.978,8311.6404,8685.4768,8890.0112,9040.3376,9118.2364,8928.6288,8780.464,8828.8284,8922.5332,8894.1804,9005.8248,9160.4016,9422.0224,9347.9008,9503.1636,9503.1636,9026.8961
OECD,Food Processing,Emissions (CO2eq) from N2O (AR5),kilotonnes,653.702,692.604,687.8605,708.239,718.839,732.3805,743.484,730.7375,736.5145,710.2795,722.0455,710.73,697.5065,694.5385,698.6725,692.3655,708.239,706.278,719.9785,719.9785,674.4077
OECD,Food Processing,Emissions (CO2eq) (AR5),kilotonnes,272215.2208,280217.9094,283007.0603,289650.7295,289720.9152,288731.9236,291401.2299,290555.8971,287711.2132,271099.8292,276335.7506,271316.0476,269118.0035,275328.1065,277740.8417,275158.8668,285498.8131,283711.2316,287084.8393,287084.8393,255956.2146
OECD,Food Packaging,Emissions (CH4),kilotonnes,354.9611,387.308,405.1035,428.1968,423.5595,414.9631,453.246,642.7234,969.4088,1096.6548,887.2372,848.113,894.9697,801.9589,814.6366,923.6964,943.456,989.8819,1012.0188,1073.1933,1078.4701
OECD,Food Packaging,Emissions (N2O),kilotonnes,1.3672,1.3575,1.2764,1.2663,1.2723,1.2845,1.2686,1.3902,1.3859,1.3247,1.3612,1.2723,1.2245,1.1855,1.184,1.2418,1.2453,1.2109,1.1788,1.2237,1.1531
OECD,Food Packaging,Emissions (CO2),kilotonnes,133891.3735,131176.5126,119890.3159,119242.4168,117794.5198,118444.3404,114723.2534,123342.569,119307.3795,111034.1603,116750.037,107762.9299,104347.5135,103428.9381,105747.6213,107839.3872,108985.8112,106383.9365,104136.0686,104672.5298,93319.3251
OECD,Food Packaging,Emissions (CO2eq) from CH4 (AR5),kilotonnes,9938.9108,10844.624,11342.898,11989.5104,11859.666,11618.9668,12690.888,17996.2552,27143.4464,30706.3344,24842.6416,23747.164,25059.1516,22454.8492,22809.8248,25863.4992,26416.768,27716.6932,28336.5264,30049.4124,30197.1626
OECD,Food Packaging,Emissions (CO2eq) from N2O (AR5),kilotonnes,362.308,359.7375,338.246,335.5695,337.1595,340.3925,336.179,368.403,367.2635,351.0455,360.718,337.1595,324.4925,314.1575,313.76,329.077,330.0045,320.8885,312.382,324.2805,305.5586
OECD,Food Packaging,Emissions (CO2eq) (AR5),kilotonnes,144192.5923,142380.8741,131571.4599,131567.4967,129991.3453,130403.6997,127750.3204,141707.2272,146818.0894,142091.5402,141953.3966,131847.2534,129731.1576,126197.9448,128871.2061,134031.9634,135732.5837,134421.5182,132784.977,135046.2227,123822.0463
OECD,Food Retail,Emissions (CH4),kilotonnes,272.8204,280.9826,288.7778,297.7713,308.1101,317.014,327.2143,337.5901,344.3386,342.9175,352.4779,346.669,348.8099,350.0515,346.5504,351.7896,355.907,358.4878,361.1836,395.7809,376.8441
OECD,Food Retail,Emissions (N2O),kilotonnes,1.7557,1.81,1.8754,1.9385,1.9973,2.002,2.0386,2.0794,2.1743,2.1734,2.2202,2.171,2.1814,2.1752,2.1304,2.1686,2.1969,2.207,2.1859,2.4054,2.2743
OECD,Food Retail,Emissions (CO2),kilotonnes,159824.8143,163384.4136,167744.3844,175138.647,177948.676,179522.5094,178934.2523,181759.0563,185926.7589,179657.1283,182495.0062,179004.2451,179117.8303,185423.2293,180923.8411,184195.3355,186476.6614,187421.1483,187324.3209,198988.6145,177326.9066
OECD,Food Retail,Emissions (CO2eq) from F-gases (AR5),kilotonnes,176131.28,208487.2985,238910.777,270107.2715,300538.5425,335455.696,364266.6465,392482.25,396446.035,397491.269,397368.1475,396330.1865,394721.295,393099.416,393099.416,393100.455,387637.9125,393172.6655,398708.4575,404241.1325,400423.5588
OECD,Food Retail,Emissions (CO2eq) from CH4 (AR5),kilotonnes,7638.9712,7867.5128,8085.7784,8337.5964,8627.0828,8876.392,9162.0004,9452.5228,9641.4808,9601.69,9869.3812,9706.732,9766.6772,9801.442,9703.4112,9850.1088,9965.396,10037.6584,10113.1408,11081.8652,10551.6341
OECD,Food Retail,Emissions (CO2eq) from N2O (AR5),kilotonnes,465.2605,479.65,496.981,513.7025,529.2845,530.53,540.229,551.041,576.1895,575.951,588.353,575.315,578.071,576.428,564.556,574.679,582.1785,584.855,579.2635,637.431,602.6866
OECD,Food Retail,Emissions (CO2eq) (AR5),kilotonnes,344060.326,380218.8749,415237.9208,454097.2174,487643.5858,524385.1274,552903.1282,584244.8701,592590.4642,587326.0383,590320.8879,585616.4786,584183.8735,588900.5153,584291.2243,587720.5783,584662.1484,591216.3272,596725.1827,614949.0432,588904.7861
OECD,Food Household Consumption,Emissions (CH4),kilotonnes,340.3916,348.6348,359.1211,365.447,372.8385,383.7399,385.7907,392.1576,395.3148,397.2281,418.2674,406.3636,408.5059,406.063,396.0543,397.9762,404.5941,403.4773,408.28,408.28,392.6604
OECD,Food Household Consumption,Emissions (N2O),kilotonnes,2.146,2.2007,2.2455,2.2768,2.3112,2.3697,2.3599,2.3621,2.3944,2.3858,2.5017,2.4212,2.4239,2.4138,2.3396,2.3519,2.3824,2.3803,2.3946,2.3946,2.2824
OECD,Food Household Consumption,Emissions (CO2),kilotonnes,234731.6392,238495.3464,243699.4098,250031.2036,248188.8342,252799.3343,245754.5248,246678.1493,245278.6852,238543.2049,248421.7667,241311.6739,241578.1499,244798.5657,235021.6426,235475.9666,237954.7273,238431.9338,240482.3988,240482.3988,213279.4913
OECD,Food Household Consumption,Emissions (CO2eq) from CH4 (AR5),kilotonnes,9530.9648,9761.7744,10055.3908,10232.516,10439.478,10744.7172,10802.1396,10980.4128,11068.8144,11122.3868,11711.4872,11378.1808,11438.1652,11369.764,11089.5204,11143.3336,11328.6348,11297.3644,11431.84,11431.84,10994.4917
OECD,Food Household Consumption,Emissions (CO2eq) from N2O (AR5),kilotonnes,568.69,583.1855,595.0575,603.352,612.468,627.9705,625.3735,625.9565,634.516,632.237,662.9505,641.618,642.3335,639.657,619.994,623.2535,631.336,630.7795,634.569,634.569,604.8455
OECD,Food Household Consumption,Emissions (CO2eq) (AR5),kilotonnes,244831.294,248840.3063,254349.8581,260867.0716,259240.7802,264172.022,257182.0379,258284.5186,256982.0156,250297.8287,260796.2044,253331.4727,253658.6486,256807.9867,246731.157,247242.5537,249914.6981,250360.0777,252548.8078,252548.8078,224878.8285
OECD,Food Transport,Emissions (CH4),kilotonnes,30.7731,29.5699,28.4685,27.1777,25.8988,24.4598,23.8693,23.2516,22.0984,21.2217,20.6466,20.1551,19.6439,19.6408,19.391,19.5214,19.61,19.2548,19.1856,14.5563,14.4411
OECD,Food Transport,Emissions (N2O),kilotonnes,15.856,15.4147,15.2218,14.8956,14.766,14.509,14.6651,14.5184,13.5627,12.647,12.7637,13.0475,12.7626,12.8818,12.9438,13.3204,13.4306,13.3487,13.4524,13.2119,12.3976
OECD,Food Transport,Emissions (CO2),kilotonnes,215624.5912,217292.7531,220378.4316,223610.026,227137.3449,228473.8832,231285.3673,234768.1213,228133.8957,221791.5523,224356.1075,223474.2676,220330.9292,222278.8932,222692.4274,227681.6536,230787.5394,231333.6754,230581.5319,240745.7395,212398.3393
OECD,Food Transport,Emissions (CO2eq) from CH4 (AR5),kilotonnes,861.6468,827.9572,797.118,760.9756,725.1664,684.8744,668.3404,651.0448,618.7552,594.2076,578.1048,564.3428,550.0292,549.9424,542.948,546.5992,549.08,539.1344,537.1968,407.5764,404.3496
OECD,Food Transport,Emissions (CO2eq) from N2O (AR5),kilotonnes,4201.84,4084.8955,4033.777,3947.334,3912.99,3844.885,3886.2515,3847.376,3594.1155,3351.455,3382.3805,3457.5875,3382.089,3413.677,3430.107,3529.906,3559.109,3537.4055,3564.886,3501.1535,3285.3609
OECD,Food Transport,Emissions (CO2eq) (AR5),kilotonnes,220688.078,222205.6058,225209.3266,228318.3356,231775.5013,233003.6426,235839.9592,239266.5421,232346.7664,225737.2149,228316.5928,227496.1979,224263.0474,226242.5126,226665.4824,231758.1588,234895.7284,235410.2153,234683.6147,244654.4694,216088.0499
OECD,Energy,Emissions (CH4),kilotonnes,24429.024,24865.709,24566.099,24459.058,24391.712,23945.158,24082.686,24258.544,24563.481,23482.101,23448.657,23672.294,23620.959,23590.018,23577.873,23427.897,22224.884,22339.418,22419.054,21780.79,20456.886
OECD,Energy,Emissions (N2O),kilotonnes,466.4015,460.5134,451.3134,446.6415,448.5346,441.426,440.5742,438.8805,426.9407,403.8418,419.0899,408.5435,398.8674,405.2677,404.6044,404.0827,400.9921,397.0682,400.4346,382.3425,357.7045
OECD,Energy,Emissions (CO2),kilotonnes,12662740,12608580,12684460,12868150,12996980,13029260,13029900,13123660,12938690,12162210,12512640,12292710,12102180,12139820,12006800,11912620,11794340,11804350,11914440,11559670,10285290
OECD,Energy,Emissions (CO2eq) from CH4 (AR5),kilotonnes,684012.672,696239.852,687850.772,684853.624,682967.936,670464.424,674315.208,679239.232,687777.468,657498.828,656562.396,662824.232,661386.852,660520.504,660180.444,655981.116,622296.752,625503.704,627733.512,609862.12,572792.808
OECD,Energy,Emissions (CO2eq) from N2O (AR5),kilotonnes,123596.3975,122036.051,119598.051,118359.9975,118861.669,116977.89,116752.163,116303.3325,113139.2855,107018.077,111058.8235,108264.0275,105699.861,107395.9405,107220.166,107081.9155,106262.9065,105223.073,106115.169,101320.7625,94791.6925
OECD,Energy,Emissions (CO2eq) (AR5),kilotonnes,13470349.07,13426855.9,13491908.82,13671363.62,13798809.61,13816702.31,13820967.37,13919202.56,13739606.75,12926726.91,13280261.22,13063798.26,12869266.71,12907736.44,12774200.61,12675683.03,12522899.66,12535076.78,12648288.68,12270852.88,10952874.5
OECD,IPPU,Emissions (CH4),kilotonnes,98.783,91.9982,96.2143,97.3637,98.552,90.9092,88.4818,88.0767,84.0759,73.5703,80.5522,81.2837,81.9002,83.1757,87.261,89.8621,95.598,98.082,102.6023,103.5348,99.2573
OECD,IPPU,Emissions (N2O),kilotonnes,475.0164,459.6669,469.5711,477.4512,478.3695,499.5071,488.3385,500.4183,463.0879,482.8695,475.6114,476.2658,533.5411,537.0143,538.7597,535.7729,536.7471,536.9114,535.8467,528.6536,533.5788
OECD,IPPU,Emissions (CO2),kilotonnes,662485,636111,627780,635355,651673,648371,649537,656394,626784,559054,583747,587813,582497,583997,592902,602677,600242,614799,615067,593386,586134
OECD,IPPU,Emissions (CO2eq) from F-gases (AR5),kilotonnes,394189.3313,388264.7379,417653.1231,439219.0782,467279.5607,508090.921,551140.6207,590242.1788,627165.0631,677416.0474,764141.4513,775906.9699,782659.6925,800668.8315,832677.4557,854625.7962,874156.6057,888441.4952,904904.3783,917280.6447,920826.0913
OECD,IPPU,Emissions (CO2eq) from CH4 (AR5),kilotonnes,2765.9232,2575.9502,2693.9999,2726.1825,2759.4563,2545.4574,2477.4899,2466.1466,2354.125,2059.968,2255.4614,2275.9436,2293.2058,2328.92,2443.3086,2516.1386,2676.745,2746.2972,2872.8631,2898.9733,2779.2049
OECD,IPPU,Emissions (CO2eq) from N2O (AR5),kilotonnes,125879.3565,121811.7389,124436.3518,126524.5783,126767.9277,132369.3916,129409.7126,132610.8595,122718.3035,127960.4275,126037.0309,126210.4468,141388.4012,142308.799,142771.3299,141979.8278,142237.9907,142281.5301,141999.3845,140093.2126,141398.3894
OECD,IPPU,Emissions (CO2eq) (AR5),kilotonnes,1185319.611,1148763.427,1172563.475,1203824.839,1248479.945,1291376.77,1332564.823,1381713.185,1379021.492,1366490.443,1476180.944,1492206.36,1508838.3,1529303.551,1570794.094,1601798.763,1619313.342,1648268.323,1664843.626,1653658.831,1651137.686
OECD,Waste,Emissions (CH4),kilotonnes,22466.28,21327.9,20782.29,20698.03,20358.74,20219.67,20533.05,20387.52,20106.41,19457.72,18786.84,18559.27,18419.57,18286.32,18234.64,18135.27,18159.46,18422.42,18536.27,18384.09,18150.84
OECD,Waste,Emissions (N2O),kilotonnes,95.7623,96.6194,97.5284,99.5185,100.2314,100.6923,101.8542,103.2917,103.9246,104.103,104.5514,105.3377,105.672,107.6982,107.7156,109.1308,110.4412,111.7717,112.1365,113.1233,113.4955
OECD,Waste,Emissions (CO2),kilotonnes,13138.1384,13441.8874,12629.7837,13947.1337,12938.2442,12263.1592,12742.3222,12728.7857,12986.3182,12195.6692,12600.4711,12572.9351,11861.7261,13689.1986,12021.1066,12789.2366,12766.3121,12507.7941,12413.8921,12720.0427,12847.1362
OECD,Waste,Emissions (CO2eq) from CH4 (AR5),kilotonnes,629055.84,597181.2,581904.12,579544.84,570044.72,566150.76,574925.4,570850.56,562979.48,544816.16,526031.52,519659.56,515747.96,512016.96,510569.92,507787.56,508464.88,515827.76,519015.56,514754.52,508223.52
OECD,Waste,Emissions (CO2eq) from N2O (AR5),kilotonnes,25377.0095,25604.141,25845.026,26372.4025,26561.321,26683.4595,26991.363,27372.3005,27540.019,27587.295,27706.121,27914.4905,28003.08,28540.023,28544.634,28919.662,29266.918,29619.5005,29716.1725,29977.6745,30076.3075
OECD,Waste,Emissions (CO2eq) (AR5),kilotonnes,667570.9879,636227.2284,620378.9297,619864.3762,609544.2852,605097.3787,614659.0852,610951.6462,603505.8172,584599.1242,566338.1121,560146.9856,555612.7661,554246.1816,551135.6606,549496.4586,550498.1101,557955.0546,561145.6246,557452.2372,551146.9637
OECD,Other,Emissions (CH4),kilotonnes,15.6,15.6,15.6,15.6,15.6,15.6,15.6,15.6,15.6,15.6,15.6,15.6,15.6,15.6,15.6,15.6,15.6,15.6,15.6,15.6,15.6
OECD,Other,Emissions (N2O),kilotonnes,206.4001,201.1866,194.4335,193.1691,190.8903,186.9145,182.685,182.1721,173.0803,161.2226,164.4066,162.7633,160.1994,160.9454,157.9312,158.2766,156.6713,156.0113,155.8425,147.1686,144.617
OECD,Other,Emissions (CO2),kilotonnes,4919,4919,4919,4919,4919,4919,4919,4919,4919,4919,4919,4919,4919,4919,4919,4919,4919,4919,4919,4919,4919
OECD,Other,Emissions (CO2eq) from CH4 (AR5),kilotonnes,436.8,436.8,436.8,436.8,436.8,436.8,436.8,436.8,436.8,436.8,436.8,436.8,436.8,436.8,436.8,436.8,436.8,436.8,436.8,436.8,436.8
OECD,Other,Emissions (CO2eq) from N2O (AR5),kilotonnes,54696.0265,53314.449,51524.8775,51189.8115,50585.9295,49532.3425,48411.525,48275.6065,45866.2795,42723.989,43567.749,43132.2745,42452.841,42650.531,41851.768,41943.299,41517.8945,41342.9945,41298.2625,38999.679,38323.505
OECD,Other,Emissions (CO2eq) (AR5),kilotonnes,60051.8265,58670.249,56880.6775,56545.6115,55941.7295,54888.1425,53767.325,53631.4065,51222.0795,48079.789,48923.549,48488.0745,47808.641,48006.331,47207.568,47299.099,46873.6945,46698.7945,46654.0625,44355.479,43679.305
OECD,Farm-gate emissions,Emissions (CH4),kilotonnes,29728.9444,29758.0303,29404.2047,27641.3517,28399.485,27588.7028,28265.2341,28074.5434,27359.0759,27285.3935,26759.9477,28505.9805,28387.1603,26776.7762,27263.1559,27130.2919,26726.0276,27620.1712,27693.0979,27023.0304,26538.3087
OECD,Farm-gate emissions,Direct emissions (N2O),kilotonnes,1141.3668,1126.0838,1117.3619,1131.0515,1138.6718,1126.0789,1125.1793,1137.8993,1100.3351,1102.69,1115.8254,1130.2385,1142.4057,1162.2852,1170.1511,1163.9994,1179.822,1181.0867,1168.4636,1159.8933,1172.6613
OECD,Farm-gate emissions,Indirect emissions (N2O),kilotonnes,346.4884,341.6287,339.1254,343.5804,343.9212,340.735,340.2037,343.9907,330.3339,330.5767,335.6052,340.32,344.5571,349.3575,351.4492,349.9663,354.4074,354.9426,350.8341,348.214,352.3519
OECD,Farm-gate emissions,Emissions (N2O),kilotonnes,2033.804,2045.099,2012.6952,1902.8556,1982.3825,1895.3321,1960.3079,1968.7694,1866.6018,1876.202,1861.8941,2050.7497,2057.5229,1937.663,1985.1054,1972.2423,1948.3082,2019.7339,1998.2999,1943.8322,1924.8017
OECD,Farm-gate emissions,Emissions (CO2),kilotonnes,483360.0092,478632.0529,474156.083,472132.2233,485317.7165,485277.2346,487195.6472,485202.373,474647.5138,467933.9614,472707.5882,466734.8603,457308.8137,457508.9227,449000.9695,444744.3523,443214.376,444431.3422,447783.2698,448516.6729,448746.275
OECD,Farm-gate emissions,Emissions (CO2eq) from CH4 (AR5),kilotonnes,832410.4424,833224.8495,823317.7327,773957.8479,795185.5792,772483.6784,791426.5559,786087.2158,766054.1261,763991.0177,749278.5345,798167.4553,794840.4882,749749.7335,763368.366,759648.1722,748328.7717,773364.7949,775406.7411,756644.8499,743072.6423
OECD,Farm-gate emissions,Emissions (CO2eq) from N2O (AR5),kilotonnes,538958.059,541951.2235,533364.2334,504256.7222,525331.3757,502263.0141,519481.5834,521723.8905,494649.4846,497193.5256,493401.9332,543448.6777,545243.5672,513480.6822,526052.9289,522644.2212,516301.6684,535229.481,529549.4723,515115.5322,510072.4565
OECD,Farm-gate emissions,Emissions (CO2eq) (AR5),kilotonnes,1854728.511,1853808.126,1830838.049,1750346.793,1805834.671,1760023.927,1798103.787,1793013.479,1735351.125,1729118.505,1715388.056,1808350.993,1797392.869,1720739.338,1738422.264,1727036.746,1707844.816,1753025.618,1752739.483,1720277.055,1701891.374
OECD,Land Use change,Emissions (CH4),kilotonnes,71.4434,5.1,20.6889,54.329,5.5021,19.9092,19.6713,7.9885,13.5946,20.9121,4.6304,26.2546,7.0217,19.9977,5.8687,18.1928,12.4037,10.561,12.9914,14.8128,16.7074
OECD,Land Use change,Emissions (N2O),kilotonnes,2.1013,0.4657,1.889,4.9605,0.5024,1.8178,1.7961,0.7294,1.2413,1.9094,0.4228,2.3972,0.6411,1.8259,0.5358,1.6611,1.1325,0.9643,1.1862,1.3525,1.5255
OECD,Land Use change,Emissions (CO2),kilotonnes,307152.8342,260435.8387,260435.8387,260435.8387,260435.8387,260435.8387,260435.8387,260435.8387,260435.8387,260435.8387,260435.8387,159202.3883,159202.3883,159202.3883,159202.3883,159202.3883,209078.1221,209078.1221,209078.1221,209078.1221,209078.1221
OECD,Land Use change,Emissions (CO2eq) from CH4 (AR5),kilotonnes,2000.4147,142.7997,579.2903,1521.2128,154.0576,557.458,550.7975,223.6781,380.6501,585.54,129.6505,735.1298,196.6084,559.9348,164.3249,509.399,347.3049,295.7086,363.759,414.7591,467.8072
OECD,Land Use change,Emissions (CO2eq) from N2O (AR5),kilotonnes,556.8381,123.3976,500.5824,1314.5262,133.1259,481.7164,475.9609,193.287,328.9314,505.9829,112.0349,635.248,169.8953,483.8567,141.9981,440.1872,300.1167,255.5308,314.3352,358.4059,404.2464
OECD,Land Use change,Emissions (CO2eq) (AR5),kilotonnes,309710.0871,260702.036,261515.7114,263271.5777,260723.0221,261475.0132,261462.597,260852.8038,261145.4202,261527.3616,260677.5241,160572.766,159568.892,160246.1798,159508.7112,160151.9744,209725.5436,209629.3614,209756.2162,209851.2871,209950.1756
OECD,Emissions on agricultural land,Emissions (CH4),kilotonnes,29800.3878,29763.1303,29424.8937,27695.6807,28404.987,27608.612,28284.9055,28082.5319,27372.6706,27306.3056,26764.578,28532.2352,28394.182,26796.7739,27269.0247,27148.4847,26738.4313,27630.7323,27706.0893,27037.8432,26555.0161
OECD,Emissions on agricultural land,Emissions (N2O),kilotonnes,2035.9053,2045.5646,2014.5842,1907.816,1982.8849,1897.1499,1962.1039,1969.4988,1867.8431,1878.1114,1862.3169,2053.1469,2058.164,1939.4888,1985.6412,1973.9034,1949.4407,2020.6982,1999.4861,1945.1847,1926.3272
OECD,Emissions on agricultural land,Emissions (CO2),kilotonnes,790512.8434,739067.8916,734591.9217,732568.062,745753.5552,745713.0734,747631.4859,745638.2117,735083.3525,728369.8001,733143.4269,625937.2486,616511.202,616711.3109,608203.3577,603946.7406,652292.4981,653509.4642,656861.3919,657594.7949,657824.3971
OECD,Emissions on agricultural land,Emissions (CO2eq) from CH4 (AR5),kilotonnes,834410.8571,833367.6492,823897.0229,775479.0607,795339.6368,773041.1364,791977.3534,786310.8938,766434.7762,764576.5576,749408.185,798902.5851,795037.0966,750309.6683,763532.6909,760157.5711,748676.0766,773660.5035,775770.5,757059.609,743540.4495
OECD,Emissions on agricultural land,Emissions (CO2eq) from N2O (AR5),kilotonnes,539514.8972,542074.6211,533864.8158,505571.2484,525464.5016,502744.7306,519957.5443,521917.1776,494978.416,497699.5085,493513.9681,544083.9257,545413.4625,513964.5389,526194.927,523084.4084,516601.7851,535485.0118,529863.8075,515473.9382,510476.7029
OECD,Emissions on agricultural land,Emissions (CO2eq) (AR5),kilotonnes,2164438.598,2114510.162,2092353.761,2013618.371,2066557.694,2021498.94,2059566.384,2053866.283,1996496.545,1990645.866,1976065.58,1968923.759,1956961.761,1880985.518,1897930.976,1887188.72,1917570.36,1962654.98,1962495.699,1930128.342,1911841.549
OECD,Pre- and post- production,Emissions (CH4),kilotonnes,10158.9839,10322.5545,9799.6236,10181.6298,10051.8067,10076.5984,10171.7917,10499.2851,10551.3912,10712.6952,10398.4253,10340.7665,10384.9056,10428.7698,10315.5976,10468.3381,10568.3333,10553.895,10529.6068,10559.4808,10439.4271
OECD,Pre- and post- production,Emissions (N2O),kilotonnes,124.4664,125.5938,127.1411,128.4195,128.2736,128.8244,133.5926,132.7265,134.0274,132.0354,134.5385,138.4661,136.4362,136.645,136.4781,132.8417,138.1408,146.0022,149.6637,151.8188,149.3239
OECD,Pre- and post- production,Emissions (CO2),kilotonnes,1108920.128,1124256.246,1131837.761,1158961.553,1160822.995,1172443.803,1172779.899,1187880.988,1181139.779,1133322.478,1161051.147,1136826.68,1126504.071,1161658.166,1155110.218,1173045.483,1198432.629,1204682.033,1203010.003,1228893.328,1101952.61
OECD,Pre- and post- production,Emissions (CO2eq) from F-gases (AR5),kilotonnes,176131.28,208487.2985,238910.777,270107.2715,300538.5425,335455.696,364266.6465,392482.25,396446.035,397491.269,397368.1475,396330.1865,394721.295,393099.416,393099.416,393100.455,387637.9125,393172.6655,398708.4575,404241.1325,400423.5588
OECD,Pre- and post- production,Emissions (CO2eq) from CH4 (AR5),kilotonnes,284451.5501,289031.5274,274389.4594,285085.6332,281450.5883,282144.7562,284810.1687,293979.9816,295438.9548,299955.4655,291155.9081,289541.4613,290777.3569,292005.5547,288836.7332,293113.4665,295913.3323,295509.0589,294828.9906,295665.4629,292303.9601
OECD,Pre- and post- production,Emissions (CO2eq) from N2O (AR5),kilotonnes,32983.5894,33282.3629,33692.3889,34031.1634,33992.5002,34138.4733,35402.0394,35172.5153,35517.2709,34989.3744,35652.6905,36693.5039,36155.5898,36210.9152,36166.7011,35203.0529,36607.3086,38690.5874,39660.8862,40231.97,39570.8419
OECD,Pre- and post- production,Emissions (CO2eq) (AR5),kilotonnes,1602486.548,1655057.435,1678830.386,1748185.621,1776804.626,1824182.729,1857258.754,1909515.735,1908542.04,1865758.587,1885227.894,1859391.832,1848158.313,1882974.052,1873213.068,1894462.457,1918591.183,1932054.345,1936208.337,1969031.894,1834250.971
OECD,Agri-food systems,Emissions (CH4),kilotonnes,39959.3717,40085.6849,39224.5172,37877.3105,38456.7938,37685.2105,38456.6972,38581.817,37924.0618,38019.0008,37163.0033,38873.0017,38779.0876,37225.5437,37584.6223,37616.8228,37306.7646,38184.6272,38235.6961,37597.324,36994.4432
OECD,Agri-food systems,Emissions (N2O),kilotonnes,2160.3716,2171.1584,2141.7253,2036.2355,2111.1585,2025.9744,2095.6965,2102.2253,2001.8705,2010.1467,1996.8553,2191.6129,2194.6002,2076.1338,2122.1194,2106.7451,2087.5815,2166.7004,2149.1498,2097.0034,2075.6511
OECD,Agri-food systems,Emissions (CO2),kilotonnes,1899432.972,1863324.138,1866429.682,1891529.615,1906576.55,1918156.876,1920411.385,1933519.2,1916223.132,1861692.278,1894194.574,1762763.929,1743015.273,1778369.477,1763313.576,1776992.223,1850725.127,1858191.497,1859871.395,1886488.123,1759777.007
OECD,Agri-food systems,Emissions (CO2eq) from F-gases (AR5),kilotonnes,176131.28,208487.2985,238910.777,270107.2715,300538.5425,335455.696,364266.6465,392482.25,396446.035,397491.269,397368.1475,396330.1865,394721.295,393099.416,393099.416,393100.455,387637.9125,393172.6655,398708.4575,404241.1325,400423.5588
OECD,Agri-food systems,Emissions (CO2eq) from CH4 (AR5),kilotonnes,1118862.407,1122399.177,1098286.482,1060564.694,1076790.225,1055185.893,1076787.522,1080290.875,1061873.731,1064532.023,1040564.093,1088444.046,1085814.454,1042315.223,1052369.424,1053271.038,1044589.409,1069169.562,1070599.491,1052725.072,1035844.41
OECD,Agri-food systems,Emissions (CO2eq) from N2O (AR5),kilotonnes,572498.4865,575356.9841,567557.2048,539602.4119,559457.0018,536883.2038,555359.5838,557089.6929,530495.6869,532688.8829,529166.6586,580777.4297,581569.0523,550175.4541,562361.6281,558287.4613,553209.0937,574175.5991,569524.6937,555705.9082,550047.5448
OECD,Agri-food systems,Emissions (CO2eq) (AR5),kilotonnes,3766925.145,3769567.597,3771184.146,3761803.992,3843362.319,3845681.669,3916825.137,3963382.018,3905038.585,3856404.454,3861293.474,3828315.591,3805120.074,3763959.57,3771144.044,3781651.177,3836161.542,3894709.324,3898704.037,3899160.236,3746092.52
OECD,IPCC Agriculture,Emissions (CH4),kilotonnes,29599.3254,29647.6196,29292.7447,27523.9394,28276.5589,27465.9767,28134.912,27937.0475,27249.9772,27177.1644,26651.7876,28402.2363,28289.0766,26687.4117,27186.5474,27058.8782,26659.0007,27552.3952,27627.7151,26957.7234,26473.0017
OECD,IPCC Agriculture,Direct emissions (N2O),kilotonnes,1141.3668,1126.0838,1117.3619,1131.0515,1138.6718,1126.0789,1125.1793,1137.8993,1100.3351,1102.69,1115.8254,1130.2385,1142.4057,1162.2852,1170.1511,1163.9994,1179.822,1181.0867,1168.4636,1159.8933,1172.6613
OECD,IPCC Agriculture,Indirect emissions (N2O),kilotonnes,346.4884,341.6287,339.1254,343.5804,343.9212,340.735,340.2037,343.9907,330.3339,330.5767,335.6052,340.32,344.5571,349.3575,351.4492,349.9663,354.4074,354.9426,350.8341,348.214,352.3519
OECD,IPCC Agriculture,Emissions (N2O),kilotonnes,1977.2773,1988.1008,1957.251,1849.0356,1924.675,1836.9275,1902.6817,1912.1093,1809.4378,1820.9512,1803.9492,1995.8139,2005.5694,1884.9834,1932.7552,1920.6669,1896.3073,1968.2083,1946.5406,1892.1795,1873.149
OECD,IPCC Agriculture,Emissions (CO2eq) from CH4 (AR5),kilotonnes,828781.1125,830133.3489,820196.8512,770670.3038,791743.6478,769047.3489,787777.535,782237.3286,762999.3609,760960.6023,746250.0535,795262.6171,792094.1439,747247.529,761223.3285,757648.5888,746452.0202,771467.0642,773576.0234,754816.2563,741244.0488
OECD,IPCC Agriculture,Emissions (CO2eq) from N2O (AR5),kilotonnes,523978.4948,526846.7048,518671.5185,489994.4469,510038.8686,486785.788,504210.663,506708.9636,479501.0056,482552.0627,478046.5288,528890.6843,531475.8784,499520.5911,512180.1235,508976.7364,502521.4391,521575.1977,515833.2518,501427.5739,496384.4982
OECD,IPCC Agriculture,Emissions (CO2eq) (AR5),kilotonnes,1352759.607,1356980.054,1338868.37,1260664.751,1301782.516,1255833.137,1291988.198,1288946.292,1242500.367,1243512.665,1224296.582,1324153.301,1323570.022,1246768.12,1273403.452,1266625.325,1248973.459,1293042.262,1289409.275,1256243.83,1237628.547
OECD,Agricultural Soils,Direct emissions (N2O),kilotonnes,1141.3668,1126.0838,1117.3619,1131.0515,1138.6718,1126.0789,1125.1793,1137.8993,1100.3351,1102.69,1115.8254,1130.2385,1142.4057,1162.2852,1170.1511,1163.9994,1179.822,1181.0867,1168.4636,1159.8933,1172.6613
OECD,Agricultural Soils,Indirect emissions (N2O),kilotonnes,346.4884,341.6287,339.1254,343.5804,343.9212,340.735,340.2037,343.9907,330.3339,330.5767,335.6052,340.32,344.5571,349.3575,351.4492,349.9663,354.4074,354.9426,350.8341,348.214,352.3519
OECD,Agricultural Soils,Emissions (N2O),kilotonnes,1653.1734,1633.0882,1621.7627,1639.7291,1647.7934,1632.1061,1630.6578,1647.0785,1595.8837,1598.5608,1617.0575,1636.5156,1652.9893,1677.6427,1687.5134,1679.8614,1700.0609,1702.0601,1686.2849,1675.3409,1692.4195
OECD,Agricultural Soils,Emissions (CO2eq) from N2O (AR5),kilotonnes,438090.9432,432768.3799,429767.1193,434528.2076,436665.26,432508.1266,432124.3255,436475.7934,422909.1861,423618.6125,428520.2312,433676.6319,438042.1622,444575.3064,447191.0638,445163.2677,450516.1351,451045.9356,446865.4959,443965.3316,448491.1802
OECD,Agricultural Soils,Emissions (CO2eq) (AR5),kilotonnes,438090.9432,432768.3799,429767.1193,434528.2076,436665.26,432508.1266,432124.3255,436475.7934,422909.1861,423618.6125,428520.2312,433676.6319,438042.1622,444575.3064,447191.0638,445163.2677,450516.1351,451045.9356,446865.4959,443965.3316,448491.1802
OECD,LULUCF,Emissions (CH4),kilotonnes,395.7155,71.7835,150.7438,263.5284,59.1429,86.8706,177.3701,101.1448,89.877,126.4876,53.7386,105.4593,94.2814,140.8713,89.3944,133.6615,108.9898,176.2082,164.8273,491.7501,370.2222
OECD,LULUCF,Emissions (N2O),kilotonnes,18.009,6.5541,13.7636,24.0613,5.4,7.9317,16.1947,9.235,8.2062,11.5489,4.9066,9.6289,8.6083,12.8622,8.1621,12.2039,9.9512,16.0886,15.0494,44.8989,33.8029
OECD,LULUCF,Emissions (CO2),kilotonnes,-616909.923,-595394.2922,-595540.1608,-595802.6331,-595696.3528,-595604.9807,-595676.4762,-595864.3228,-595889.0978,-595808.2701,-595357.7783,-731545.0195,-731491.5893,-731610.7633,-731773.5416,-731826.4057,-433262.0621,-433029.3498,-431677.4977,-431216.1057,-430986.5036
OECD,LULUCF,Emissions (CO2eq) from CH4 (AR5),kilotonnes,11080.0327,2009.9374,4220.8268,7378.7948,1656.0001,2432.377,4966.363,2832.0554,2516.5554,3541.6518,1504.6805,2952.8594,2639.8789,3944.3969,2503.0433,3742.5217,3051.7157,4933.8293,4615.1642,13769.0018,10366.2204
OECD,LULUCF,Emissions (CO2eq) from N2O (AR5),kilotonnes,4772.3898,1736.8481,3647.3449,6376.2412,1431.0001,2101.891,4291.5854,2447.2653,2174.6321,3060.4491,1300.2402,2551.6557,2281.1997,3408.4735,2162.9559,3234.0269,2637.0804,4263.4721,3988.1039,11898.2135,8957.7665
OECD,LULUCF,Emissions (CO2eq) (AR5),kilotonnes,-601057.5005,-591647.5067,-587671.989,-582047.5972,-592609.3526,-591070.7126,-586418.5278,-590585.0021,-591197.9103,-589206.1692,-592552.8576,-726040.5044,-726570.5107,-724257.8929,-727107.5423,-724849.8571,-427573.2659,-423832.0485,-423074.2296,-405548.8904,-411662.5167
OECD,AFOLU,Emissions (CH4),kilotonnes,29995.0409,29719.4031,29443.4885,27787.4678,28335.7017,27552.8474,28312.2821,28038.1923,27339.8542,27303.6519,26705.5262,28507.6956,28383.358,26828.2831,27275.9419,27192.5397,26767.9906,27728.6033,27792.5424,27449.4735,26843.2239
OECD,AFOLU,Emissions (N2O),kilotonnes,1995.2864,1994.6549,1971.0146,1873.0969,1930.075,1844.8592,1918.8764,1921.3443,1817.6439,1832.5,1808.8557,2005.4428,2014.1777,1897.8455,1940.9173,1932.8708,1906.2586,1984.2969,1961.59,1937.0784,1906.9519
OECD,AFOLU,Emissions (CO2),kilotonnes,-616909.923,-595394.2922,-595540.1608,-595802.6331,-595696.3528,-595604.9807,-595676.4762,-595864.3228,-595889.0978,-595808.2701,-595357.7783,-731545.0195,-731491.5893,-731610.7633,-731773.5416,-731826.4057,-433262.0621,-433029.3498,-431677.4977,-431216.1057,-430986.5036
OECD,AFOLU,Emissions (CO2eq) from CH4 (AR5),kilotonnes,839861.1452,832143.2864,824417.678,778049.0986,793399.6479,771479.726,792743.8979,785069.384,765515.9163,764502.2541,747754.734,798215.4765,794734.0228,751191.9259,763726.3719,761391.1105,749503.736,776400.8935,778191.1876,768585.2581,751610.2691
OECD,AFOLU,Emissions (CO2eq) from N2O (AR5),kilotonnes,528750.8846,528583.5529,522318.8634,496370.688,511469.8686,488887.6791,508502.2484,509156.2289,481675.6377,485612.5118,479346.769,531442.34,533757.0781,502929.0646,514343.0794,512210.7633,505158.5196,525838.6697,519821.3557,513325.7874,505342.2647
OECD,AFOLU,Emissions (CO2eq) (AR5),kilotonnes,751702.1068,765332.5471,751196.3807,678617.1535,709173.1638,664762.4244,705569.6701,698361.2901,651302.4562,654306.4958,631743.7247,598112.797,596999.5116,522510.2272,546295.9097,541775.4681,821400.1934,869210.2134,866335.0456,850694.9399,825966.0303
OECD,All sectors with LULUCF,Emissions (CH4),kilotonnes,77004.7279,76020.6103,74903.6918,73057.5195,73200.3057,71824.1845,73032.0998,72787.933,72109.421,70332.6432,69037.1754,70836.1433,70521.3872,68803.3968,69191.3159,68861.1688,67263.5326,68604.1234,68866.0687,67733.4883,65565.8072
OECD,All sectors with LULUCF,Emissions (N2O),kilotonnes,3238.8667,3212.6413,3183.861,3089.8773,3148.1008,3073.3991,3132.3283,3146.1069,2984.6775,2984.537,2972.5151,3158.3531,3212.4576,3108.7712,3149.9282,3140.1338,3111.1103,3186.0595,3165.8504,3108.3665,3056.3478
OECD,All sectors with LULUCF,Emissions (CO2),kilotonnes,12726372.22,12667657.6,12734248.62,12926568.5,13070813.89,13099208.18,13101421.85,13201837.46,12987490.22,12142570.4,12518548.69,12166469.92,11969966.14,12010814.44,11884868.57,11801178.83,11979005.25,12003546.44,12115162.39,11739478.94,10458203.63
OECD,All sectors with LULUCF,Emissions (CO2eq) from F-gases (AR5),kilotonnes,394189.3313,388264.7379,417653.1231,439219.0782,467279.5607,508090.921,551140.6207,590242.1788,627165.0631,677416.0474,764141.4513,775906.9699,782659.6925,800668.8315,832677.4557,854625.7962,874156.6057,888441.4952,904904.3783,917280.6447,920826.0913
OECD,All sectors with LULUCF,Emissions (CO2eq) from CH4 (AR5),kilotonnes,2156132.38,2128577.089,2097303.37,2045610.545,2049608.56,2011077.167,2044898.796,2038062.123,2019063.789,1969314.01,1933040.911,1983412.012,1974598.841,1926495.11,1937356.845,1928112.725,1883378.913,1920915.455,1928249.923,1896537.671,1835842.602
OECD,All sectors with LULUCF,Emissions (CO2eq) from N2O (AR5),kilotonnes,858299.6745,851349.9328,843723.1698,818817.4778,834246.7158,814450.7627,830067.012,833718.3279,790939.5252,790902.3003,787716.4934,836963.5793,851301.2612,823824.3581,834730.9773,832135.4676,824444.2293,844305.7678,838950.3442,823717.1161,809932.1591
OECD,All sectors with LULUCF,Emissions (CO2eq) (AR5),kilotonnes,16134993.6,16035849.35,16092928.29,16230215.6,16421948.73,16432827.03,16527528.27,16663860.09,16424658.6,15580202.76,16003447.55,15762752.48,15578525.93,15561802.73,15489633.84,15416052.82,15560985,15657209.16,15787267.04,15377014.37,14024804.49
OECD,All sectors without LULUCF,Emissions (CH4),kilotonnes,76609.0124,75948.8268,74752.948,72793.9911,73141.1629,71737.3139,72854.7297,72686.7881,72019.5441,70206.1557,68983.4368,70730.684,70427.1058,68662.5255,69101.9215,68727.5073,67154.5428,68427.9152,68701.2414,67241.7382,65195.5851
OECD,All sectors without LULUCF,Emissions (N2O),kilotonnes,3220.8577,3206.0871,3170.0975,3065.816,3142.7008,3065.4674,3116.1337,3136.8719,2976.4713,2972.9881,2967.6085,3148.7242,3203.8493,3095.909,3141.7661,3127.93,3101.1591,3169.9709,3150.8009,3063.4676,3022.5449
OECD,All sectors without LULUCF,Emissions (CO2),kilotonnes,13343282.14,13263051.89,13329788.78,13522371.13,13666510.24,13694813.16,13697098.32,13797701.79,13583379.32,12738378.67,13113906.47,12898014.94,12701457.73,12742425.2,12616642.11,12533005.24,12412267.31,12436575.79,12546839.89,12170695.04,10889190.14
OECD,All sectors without LULUCF,Emissions (CO2eq) from F-gases (AR5),kilotonnes,394189.3313,388264.7379,417653.1231,439219.0782,467279.5607,508090.921,551140.6207,590242.1788,627165.0631,677416.0474,764141.4513,775906.9699,782659.6925,800668.8315,832677.4557,854625.7962,874156.6057,888441.4952,904904.3783,917280.6447,920826.0913
OECD,All sectors without LULUCF,Emissions (CO2eq) from CH4 (AR5),kilotonnes,2145052.348,2126567.151,2093082.543,2038231.75,2047952.56,2008644.79,2039932.433,2035230.067,2016547.234,1965772.358,1931536.231,1980459.153,1971958.962,1922550.713,1934853.801,1924370.203,1880327.197,1915981.626,1923634.759,1882768.67,1825476.382
OECD,All sectors without LULUCF,Emissions (CO2eq) from N2O (AR5),kilotonnes,853527.2848,849613.0847,840075.8248,812441.2367,832815.7158,812348.8717,825775.4266,831271.0627,788764.8931,787841.8511,786416.2532,834411.9236,849020.0615,820415.8847,832568.0214,828901.4407,821807.1489,840042.2958,834962.2404,811818.9026,800974.3925
OECD,All sectors without LULUCF,Emissions (CO2eq) (AR5),kilotonnes,16736051.1,16627496.86,16680600.27,16812263.2,17014558.08,17023897.74,17113946.8,17254445.09,17015856.51,16169408.93,16596000.41,16488792.98,16305096.44,16286060.63,16216741.38,16140902.68,15988558.26,16081041.21,16210341.27,15782563.26,14436467
